year,n,n_male,p_male,n_male_fertile,n_female_fertile,p_fertile,n_pairs,p_pair,birth_rate,m_children,sd_children,m_children_over_40,sd_children_over_40,m_energy,sd_energy,min_energy,max_energy,m_energy_male,sd_energy_male,m_energy_female,sd_energy_female,m_age,sd_age,m_age_over_5,sd_age_over_5,p_age_0-5,p_age_5-10,p_age_10-15,p_age_15-20,p_age_20-25,p_age_25-30,p_age_30-35,p_age_35-40,p_age_40-45,p_age_45-50,p_age_50-55,p_age_55-60,p_age_60-65,p_age_65-70,p_age_70-75,p_age_75-80,p_age_80-100,m_culture,sd_culture,pdf_culture_0-33,pdf_culture_33-67,pdf_culture_67-100,pdf_culture_100-133,pdf_culture_133-167,pdf_culture_167-200,pdf_culture_200-233,pdf_culture_233-267,pdf_culture_267-300,pdf_culture_300-333,pdf_culture_333-367,pdf_culture_367-400,pdf_culture_400-433,pdf_culture_433-467,pdf_culture_467-500,pdf_culture_500-533,pdf_culture_533-567,pdf_culture_567-600,pdf_culture_600-633,pdf_culture_633-667,pdf_culture_667-700,pdf_culture_700-733,pdf_culture_733-767,pdf_culture_767-800,pdf_culture_800-833,pdf_culture_833-867,pdf_culture_867-900,pdf_culture_900-933,pdf_culture_933-967,pdf_culture_967-1000,m_children_culture_over_750,sd_children_culture_over_750,m_children_culture_under_750,sd_children_culture_under_750,ratio_children_culture_under-over_750,m_children_culture_over_median,sd_children_culture_over_median,m_children_culture_under_median,sd_children_culture_under_median,ratio_children_culture_under-over_median,m_pheno,sd_pheno,pdf_pheno_0-33,pdf_pheno_33-67,pdf_pheno_67-100,pdf_pheno_100-133,pdf_pheno_133-167,pdf_pheno_167-200,pdf_pheno_200-233,pdf_pheno_233-267,pdf_pheno_267-300,pdf_pheno_300-333,pdf_pheno_333-367,pdf_pheno_367-400,pdf_pheno_400-433,pdf_pheno_433-467,pdf_pheno_467-500,pdf_pheno_500-533,pdf_pheno_533-567,pdf_pheno_567-600,pdf_pheno_600-633,pdf_pheno_633-667,pdf_pheno_667-700,pdf_pheno_700-733,pdf_pheno_733-767,pdf_pheno_767-800,pdf_pheno_800-833,pdf_pheno_833-867,pdf_pheno_867-900,pdf_pheno_900-933,pdf_pheno_933-967,pdf_pheno_967-1000,m_children_pheno_over_750,sd_children_pheno_over_750,m_children_pheno_under_750,sd_children_pheno_under_750,ratio_children_pheno_under-over,m_geno,sd_geno,p_geno_0,p_geno_1,p_geno_2,p_geno_3,p_geno_4,p_geno_5,p_geno_6,p_geno_7,p_geno_8,p_geno_9,p_geno_10,p_geno_11,p_geno_12,p_geno_13,p_geno_14,p_geno_15,p_geno_16,p_geno_17,p_geno_18,p_geno_19,p_geno_20,p_geno_21,p_geno_22,p_geno_23,p_geno_24,p_geno_25,p_geno_26,p_geno_27,p_geno_28,p_geno_29,p_geno_30,p_geno_31,p_geno_32,p_geno_33,p_geno_34,p_geno_35,p_geno_36,p_geno_37,p_geno_38,p_geno_39,p_geno_40,p_geno_41,p_geno_42,p_geno_43,p_geno_44,p_geno_45,p_geno_46,p_geno_47,p_geno_48,p_geno_49,p_geno_50,p_geno_51,p_geno_52,p_geno_53,p_geno_54,p_geno_55,p_geno_56,p_geno_57,p_geno_58,p_geno_59,p_geno_60,p_geno_61,p_geno_62,p_geno_63,p_geno_64,p_geno_65,p_geno_66,p_geno_67,p_geno_68,p_geno_69,p_geno_70,p_geno_71,p_geno_72,p_geno_73,p_geno_74,p_geno_75,p_geno_76,p_geno_77,p_geno_78,p_geno_79,p_geno_80,p_geno_81,p_geno_82,p_geno_83,p_geno_84,p_geno_85,p_geno_86,p_geno_87,p_geno_88,p_geno_89,p_geno_90,p_geno_91,p_geno_92,p_geno_93,p_geno_94,p_geno_95,p_geno_96,p_geno_97,p_geno_98,p_geno_99,p_geno_100,m_children_geno_over_750,sd_children_geno_over_750,m_children_geno_under_750,sd_children_geno_under_750,ratio_children_geno_under-over,male_m_culture,male_sd_culture,male_pdf_culture_0-33,male_pdf_culture_33-67,male_pdf_culture_67-100,male_pdf_culture_100-133,male_pdf_culture_133-167,male_pdf_culture_167-200,male_pdf_culture_200-233,male_pdf_culture_233-267,male_pdf_culture_267-300,male_pdf_culture_300-333,male_pdf_culture_333-367,male_pdf_culture_367-400,male_pdf_culture_400-433,male_pdf_culture_433-467,male_pdf_culture_467-500,male_pdf_culture_500-533,male_pdf_culture_533-567,male_pdf_culture_567-600,male_pdf_culture_600-633,male_pdf_culture_633-667,male_pdf_culture_667-700,male_pdf_culture_700-733,male_pdf_culture_733-767,male_pdf_culture_767-800,male_pdf_culture_800-833,male_pdf_culture_833-867,male_pdf_culture_867-900,male_pdf_culture_900-933,male_pdf_culture_933-967,male_pdf_culture_967-1000,female_m_culture,female_sd_culture,female_pdf_culture_0-33,female_pdf_culture_33-67,female_pdf_culture_67-100,female_pdf_culture_100-133,female_pdf_culture_133-167,female_pdf_culture_167-200,female_pdf_culture_200-233,female_pdf_culture_233-267,female_pdf_culture_267-300,female_pdf_culture_300-333,female_pdf_culture_333-367,female_pdf_culture_367-400,female_pdf_culture_400-433,female_pdf_culture_433-467,female_pdf_culture_467-500,female_pdf_culture_500-533,female_pdf_culture_533-567,female_pdf_culture_567-600,female_pdf_culture_600-633,female_pdf_culture_633-667,female_pdf_culture_667-700,female_pdf_culture_700-733,female_pdf_culture_733-767,female_pdf_culture_767-800,female_pdf_culture_800-833,female_pdf_culture_833-867,female_pdf_culture_867-900,female_pdf_culture_900-933,female_pdf_culture_933-967,female_pdf_culture_967-1000,male_m_pheno,male_sd_pheno,male_pdf_pheno_0-33,male_pdf_pheno_33-67,male_pdf_pheno_67-100,male_pdf_pheno_100-133,male_pdf_pheno_133-167,male_pdf_pheno_167-200,male_pdf_pheno_200-233,male_pdf_pheno_233-267,male_pdf_pheno_267-300,male_pdf_pheno_300-333,male_pdf_pheno_333-367,male_pdf_pheno_367-400,male_pdf_pheno_400-433,male_pdf_pheno_433-467,male_pdf_pheno_467-500,male_pdf_pheno_500-533,male_pdf_pheno_533-567,male_pdf_pheno_567-600,male_pdf_pheno_600-633,male_pdf_pheno_633-667,male_pdf_pheno_667-700,male_pdf_pheno_700-733,male_pdf_pheno_733-767,male_pdf_pheno_767-800,male_pdf_pheno_800-833,male_pdf_pheno_833-867,male_pdf_pheno_867-900,male_pdf_pheno_900-933,male_pdf_pheno_933-967,male_pdf_pheno_967-1000,female_m_pheno,female_sd_pheno,female_pdf_pheno_0-33,female_pdf_pheno_33-67,female_pdf_pheno_67-100,female_pdf_pheno_100-133,female_pdf_pheno_133-167,female_pdf_pheno_167-200,female_pdf_pheno_200-233,female_pdf_pheno_233-267,female_pdf_pheno_267-300,female_pdf_pheno_300-333,female_pdf_pheno_333-367,female_pdf_pheno_367-400,female_pdf_pheno_400-433,female_pdf_pheno_433-467,female_pdf_pheno_467-500,female_pdf_pheno_500-533,female_pdf_pheno_533-567,female_pdf_pheno_567-600,female_pdf_pheno_600-633,female_pdf_pheno_633-667,female_pdf_pheno_667-700,female_pdf_pheno_700-733,female_pdf_pheno_733-767,female_pdf_pheno_767-800,female_pdf_pheno_800-833,female_pdf_pheno_833-867,female_pdf_pheno_867-900,female_pdf_pheno_900-933,female_pdf_pheno_933-967,female_pdf_pheno_967-1000
100,780,383,0.491025641025641,167,172,0.4346153846153846,215,0.5512820512820513,0.47800000000000004,2.881612090680101,3.1715977301462632,6.96875,2.2006302364322816,9439.01282051282,1614.7398376906967,7853.0,11083.0,11083.0,0.0,7853.0,0.0,26.925641025641024,20.79785760599737,32.18788819875776,19.09026716704718,0.15512820512820513,0.09871794871794871,0.10384615384615385,0.09615384615384616,0.07179487179487179,0.06794871794871794,0.06923076923076923,0.06153846153846154,0.06538461538461539,0.05,0.03205128205128205,0.03205128205128205,0.03333333333333333,0.028205128205128206,0.015384615384615385,0.011538461538461539,0.007692307692307693,0.9459682887181258,0.02386091193315753,0.0,0.0,0.0,0.0,0.0,0.0,0.0,0.0,0.0,0.0,0.0,0.0,0.0,0.0,0.0,0.0,0.0,0.0,0.0,0.0,0.0,0.0,0.0,0.0,0.0,0.0,0.730769230769231,7.923076923076925,15.692307692307695,5.653846153846155,4.45945945945946,2.854569033108252,nan,nan,nan,4.478070175438597,2.8721976051091445,4.442687747035573,2.838484099920596,0.9920987329325276,0.401,0.00803,0.0,0.0,0.0,0.0,0.0,0.0,0.0,0.0,0.0,0.0,0.0,13.807692307692287,16.192307692307697,0.0,0.0,0.0,0.0,0.0,0.0,0.0,0.0,0.0,0.0,0.0,0.0,0.0,0.0,0.0,0.0,0.0,nan,nan,4.45945945945946,2.854569033108252,nan,0.401,0.0369,0.0,0.0,0.0,0.0,0.0,0.0,0.0,0.0,0.0,0.0,0.0,0.0,0.0,0.0,0.0,0.0,0.0,0.0,0.0,0.0,0.0,0.0,0.0,0.0,0.0,0.0,0.0,0.0,0.0007692307692307692,0.0010256410256410256,0.0010897435897435897,0.00391025641025641,0.014935897435897436,0.021346153846153845,0.028974358974358974,0.04057692307692308,0.06185897435897436,0.0835897435897436,0.09814102564102564,0.1016025641025641,0.09807692307692308,0.10019230769230769,0.09294871794871795,0.0816025641025641,0.05,0.047435897435897434,0.03346153846153846,0.013782051282051282,0.011474358974358974,0.008076923076923077,0.003782051282051282,0.001346153846153846,0.0,0.0,0.0,0.0,0.0,0.0,0.0,0.0,0.0,0.0,0.0,0.0,0.0,0.0,0.0,0.0,0.0,0.0,0.0,0.0,0.0,0.0,0.0,0.0,0.0,0.0,0.0,0.0,0.0,0.0,0.0,0.0,0.0,0.0,0.0,0.0,0.0,0.0,0.0,0.0,0.0,0.0,0.0,0.0,0.0,0.0,0.0,0.0,0.0,nan,nan,4.45945945945946,2.854569033108252,nan,0.9462510278891023,0.02346962631674729,0.0,0.0,0.0,0.0,0.0,0.0,0.0,0.0,0.0,0.0,0.0,0.0,0.0,0.0,0.0,0.0,0.0,0.0,0.0,0.0,0.0,0.0,0.0,0.0,0.0,0.0,0.7049608355091386,7.676240208877286,15.979112271540473,5.639686684073109,0.9456955201980148,0.024229285222082956,0.0,0.0,0.0,0.0,0.0,0.0,0.0,0.0,0.0,0.0,0.0,0.0,0.0,0.0,0.0,0.0,0.0,0.0,0.0,0.0,0.0,0.0,0.0,0.0,0.0,0.0,0.7556675062972293,8.161209068010077,15.415617128463479,5.66750629722922,0.4006,0.007866,0.0,0.0,0.0,0.0,0.0,0.0,0.0,0.0,0.0,0.0,0.0,14.020887728459508,15.979112271540473,0.0,0.0,0.0,0.0,0.0,0.0,0.0,0.0,0.0,0.0,0.0,0.0,0.0,0.0,0.0,0.0,0.0,0.401,0.00818,0.0,0.0,0.0,0.0,0.0,0.0,0.0,0.0,0.0,0.0,0.0,13.602015113350106,16.39798488664988,0.0,0.0,0.0,0.0,0.0,0.0,0.0,0.0,0.0,0.0,0.0,0.0,0.0,0.0,0.0,0.0,0.0
200,1022,519,0.5078277886497065,251,214,0.45499021526418787,291,0.5694716242661448,0.418,2.89662027833002,3.264552753573015,7.112,2.4436562769751395,9493.283757338551,1614.8020719626431,7853.0,11083.0,11083.0,0.0,7853.0,0.0,27.195694716242663,20.488478482912456,32.05717619603267,18.8053406838013,0.14383561643835616,0.10371819960861056,0.09393346379647749,0.09197651663405088,0.08023483365949119,0.08512720156555773,0.060665362035225046,0.05870841487279843,0.04403131115459882,0.06360078277886497,0.049902152641878667,0.04207436399217221,0.03522504892367906,0.022504892367906065,0.011741682974559686,0.005870841487279843,0.00684931506849315,0.9470412527628375,0.02360487254620555,0.0,0.0,0.0,0.0,0.0,0.0,0.0,0.0,0.0,0.0,0.0,0.0,0.0,0.0,0.0,0.0,0.0,0.0,0.0,0.0,0.0,0.0,0.0,0.0,0.0,0.0,0.8219178082191783,7.837573385518593,15.058708414872802,6.281800391389434,4.330781010719755,3.09387363361412,nan,nan,nan,4.352941176470588,3.169985353113584,4.3090909090909095,3.017360238671769,0.9899262899262901,0.4006,0.00805,0.0,0.0,0.0,0.0,0.0,0.0,0.0,0.0,0.0,0.0,0.0,13.532289628180019,16.467710371819965,0.0,0.0,0.0,0.0,0.0,0.0,0.0,0.0,0.0,0.0,0.0,0.0,0.0,0.0,0.0,0.0,0.0,nan,nan,4.330781010719755,3.09387363361412,nan,0.4006,0.03644,0.0,0.0,0.0,0.0,0.0,0.0,0.0,0.0,0.0,0.0,0.0,0.0,0.0,0.0,0.0,0.0,0.0,0.0,0.0,0.0,0.0,0.0,0.0,0.0,0.0,0.0,0.0,0.0,0.0006360078277886498,0.0013209393346379648,0.001223091976516634,0.003669275929549902,0.015753424657534248,0.017416829745596867,0.02920743639921722,0.037622309197651665,0.062426614481409,0.07837573385518591,0.11320939334637965,0.09985322896281801,0.10004892367906067,0.10684931506849316,0.08693737769080234,0.07945205479452055,0.04892367906066536,0.04726027397260274,0.036888454011741685,0.010176125244618396,0.011741682974559686,0.005626223091976516,0.0030332681017612526,0.0021037181996086105,0.0,0.0,0.0,0.0,0.0002446183953033268,0.0,0.0,0.0,0.0,0.0,0.0,0.0,0.0,0.0,0.0,0.0,0.0,0.0,0.0,0.0,0.0,0.0,0.0,0.0,0.0,0.0,0.0,0.0,0.0,0.0,0.0,0.0,0.0,0.0,0.0,0.0,0.0,0.0,0.0,0.0,0.0,0.0,0.0,0.0,0.0,0.0,0.0,0.0,0.0,nan,nan,4.330781010719755,3.09387363361412,nan,0.9466799674465937,0.02404745160803146,0.0,0.0,0.0,0.0,0.0,0.0,0.0,0.0,0.0,0.0,0.0,0.0,0.0,0.0,0.0,0.0,0.0,0.0,0.0,0.0,0.0,0.0,0.0,0.0,0.0,0.0,0.6358381502890175,8.55491329479769,14.508670520231217,6.300578034682083,0.9474140302561387,0.023133430194315963,0.0,0.0,0.0,0.0,0.0,0.0,0.0,0.0,0.0,0.0,0.0,0.0,0.0,0.0,0.0,0.0,0.0,0.0,0.0,0.0,0.0,0.0,0.0,0.0,0.0,0.0,1.013916500994036,7.097415506958252,15.626242544731614,6.262425447316105,0.4006,0.00795,0.0,0.0,0.0,0.0,0.0,0.0,0.0,0.0,0.0,0.0,0.0,13.00578034682079,16.994219653179194,0.0,0.0,0.0,0.0,0.0,0.0,0.0,0.0,0.0,0.0,0.0,0.0,0.0,0.0,0.0,0.0,0.0,0.4004,0.00815,0.0,0.0,0.0,0.0,0.0,0.0,0.0,0.0,0.0,0.0,0.0,14.075546719681888,15.924453280318096,0.0,0.0,0.0,0.0,0.0,0.0,0.0,0.0,0.0,0.0,0.0,0.0,0.0,0.0,0.0,0.0,0.0
300,1105,576,0.5212669683257919,272,225,0.4497737556561086,318,0.5755656108597285,0.43,2.9678638941398865,3.0640465498027263,6.624203821656051,2.1307993558198914,9536.692307692309,1613.5384615384614,7853.0,11083.0,11083.0,0.0,7853.0,0.0,27.700452488687784,20.561393551328898,32.51020408163265,18.823467683158984,0.1420814479638009,0.08959276018099548,0.08868778280542987,0.09954751131221719,0.09230769230769231,0.07330316742081448,0.06968325791855204,0.06244343891402715,0.05067873303167421,0.046153846153846156,0.05248868778280543,0.04072398190045249,0.037104072398190045,0.02986425339366516,0.011764705882352941,0.009954751131221719,0.0036199095022624436,0.9477970416729267,0.022967680715397933,0.0,0.0,0.0,0.0,0.0,0.0,0.0,0.0,0.0,0.0,0.0,0.0,0.0,0.0,0.0,0.0,0.0,0.0,0.0,0.0,0.0,0.0,0.0,0.0,0.0,0.0,0.5701357466063349,7.384615384615386,16.153846153846157,5.891402714932128,4.2343096234309625,2.856062573118293,nan,nan,nan,4.293956043956044,2.8839965322565604,4.15625,2.812515782783999,0.9679302623160589,0.401,0.00796,0.0,0.0,0.0,0.0,0.0,0.0,0.0,0.0,0.0,0.0,0.0,14.11764705882351,15.882352941176475,0.0,0.0,0.0,0.0,0.0,0.0,0.0,0.0,0.0,0.0,0.0,0.0,0.0,0.0,0.0,0.0,0.0,nan,nan,4.2343096234309625,2.856062573118293,nan,0.401,0.03665,0.0,0.0,0.0,0.0,0.0,0.0,0.0,0.0,0.0,0.0,0.0,0.0,0.0,0.0,0.0,0.0,0.0,0.0,0.0,0.0,0.0,0.0,0.0,0.0,0.0,4.524886877828054e-05,0.0,0.0,0.0004072398190045249,0.0016289592760180996,0.0017647058823529412,0.004615384615384616,0.013755656108597285,0.019683257918552036,0.02737556561085973,0.03361990950226244,0.061357466063348416,0.07891402714932126,0.1223529411764706,0.10045248868778281,0.09144796380090497,0.10352941176470588,0.08520361990950226,0.08294117647058824,0.05262443438914027,0.048733031674208144,0.03420814479638009,0.011900452488687784,0.010678733031674208,0.005565610859728507,0.004615384615384616,0.001990950226244344,0.0,0.0,0.0,0.0,0.000588235294117647,0.0,0.0,0.0,0.0,0.0,0.0,0.0,0.0,0.0,0.0,0.0,0.0,0.0,0.0,0.0,0.0,0.0,0.0,0.0,0.0,0.0,0.0,0.0,0.0,0.0,0.0,0.0,0.0,0.0,0.0,0.0,0.0,0.0,0.0,0.0,0.0,0.0,0.0,0.0,0.0,0.0,0.0,0.0,0.0,nan,nan,4.2343096234309625,2.856062573118293,nan,0.9472291390928957,0.023159763623881745,0.0,0.0,0.0,0.0,0.0,0.0,0.0,0.0,0.0,0.0,0.0,0.0,0.0,0.0,0.0,0.0,0.0,0.0,0.0,0.0,0.0,0.0,0.0,0.0,0.0,0.0,0.7291666666666669,7.343750000000002,16.458333333333336,5.468750000000002,0.9484154006258526,0.022740565491626723,0.0,0.0,0.0,0.0,0.0,0.0,0.0,0.0,0.0,0.0,0.0,0.0,0.0,0.0,0.0,0.0,0.0,0.0,0.0,0.0,0.0,0.0,0.0,0.0,0.0,0.0,0.396975425330813,7.429111531190928,15.82230623818526,6.351606805293008,0.4014,0.00811,0.0,0.0,0.0,0.0,0.0,0.0,0.0,0.0,0.0,0.0,0.0,13.28124999999998,16.718750000000004,0.0,0.0,0.0,0.0,0.0,0.0,0.0,0.0,0.0,0.0,0.0,0.0,0.0,0.0,0.0,0.0,0.0,0.4004,0.007755,0.0,0.0,0.0,0.0,0.0,0.0,0.0,0.0,0.0,0.0,0.0,15.028355387523607,14.971644612476373,0.0,0.0,0.0,0.0,0.0,0.0,0.0,0.0,0.0,0.0,0.0,0.0,0.0,0.0,0.0,0.0,0.0
400,1234,621,0.5032414910858996,303,248,0.446515397082658,355,0.5753646677471637,0.422,3.0244698205546494,3.13237917090131,6.594594594594595,2.0906414308539887,9478.470016207455,1614.9660611791865,7853.0,11083.0,11083.0,0.0,7853.0,0.0,27.856564019448946,20.597273108517097,32.648752399232244,18.822930929315657,0.14181523500810372,0.09319286871961102,0.08995137763371151,0.08670988654781199,0.08833063209076175,0.07374392220421394,0.06969205834683954,0.06482982171799027,0.06239870340356564,0.05429497568881685,0.04213938411669368,0.04213938411669368,0.03322528363047002,0.02593192868719611,0.01539708265802269,0.01053484602917342,0.005672609400324149,0.9488321214769416,0.023513898802418238,0.0,0.0,0.0,0.0,0.0,0.0,0.0,0.0,0.0,0.0,0.0,0.0,0.0,0.0,0.0,0.0,0.0,0.0,0.0,0.0,0.0,0.0,0.0,0.0,0.0,0.0,0.6564019448946518,6.904376012965966,15.899513776337118,6.539708265802271,4.340880503144654,2.842317546657123,nan,nan,nan,4.389162561576355,2.950541536364162,4.290488431876606,2.7238708692001126,0.9775186887440528,0.3997,0.00826,0.0,0.0,0.0,0.0,0.0,0.0,0.0,0.0,0.0,0.0,0.0,15.26742301458669,14.732576985413292,0.0,0.0,0.0,0.0,0.0,0.0,0.0,0.0,0.0,0.0,0.0,0.0,0.0,0.0,0.0,0.0,0.0,nan,nan,4.340880503144654,2.842317546657123,nan,0.3997,0.0366,0.0,0.0,0.0,0.0,0.0,0.0,0.0,0.0,0.0,0.0,0.0,0.0,0.0,0.0,0.0,0.0,0.0,0.0,0.0,0.0,0.0,0.0,0.0,0.0,0.0,0.00024311183144246353,0.0,0.0,0.00024311183144246353,0.00226904376012966,0.0021474878444084277,0.004862236628849271,0.012965964343598054,0.021677471636952998,0.026701782820097244,0.03395461912479741,0.0643030794165316,0.08358995137763371,0.13277957860615883,0.10105348460291734,0.08670988654781199,0.09692058346839547,0.08695299837925445,0.0793354943273906,0.04671799027552674,0.05097244732576985,0.03233387358184765,0.012115072933549433,0.010170178282009725,0.00547001620745543,0.0028768233387358186,0.0023095623987034034,0.0,0.0,0.0,0.0,0.00032414910858995135,0.0,0.0,0.0,0.0,0.0,0.0,0.0,0.0,0.0,0.0,0.0,0.0,0.0,0.0,0.0,0.0,0.0,0.0,0.0,0.0,0.0,0.0,0.0,0.0,0.0,0.0,0.0,0.0,0.0,0.0,0.0,0.0,0.0,0.0,0.0,0.0,0.0,0.0,0.0,0.0,0.0,0.0,0.0,0.0,nan,nan,4.340880503144654,2.842317546657123,nan,0.9488251992469825,0.023876437695146684,0.0,0.0,0.0,0.0,0.0,0.0,0.0,0.0,0.0,0.0,0.0,0.0,0.0,0.0,0.0,0.0,0.0,0.0,0.0,0.0,0.0,0.0,0.0,0.0,0.0,0.0,0.6763285024154592,7.342995169082127,15.507246376811597,6.4734299516908225,0.948839134045954,0.023140835751514925,0.0,0.0,0.0,0.0,0.0,0.0,0.0,0.0,0.0,0.0,0.0,0.0,0.0,0.0,0.0,0.0,0.0,0.0,0.0,0.0,0.0,0.0,0.0,0.0,0.0,0.0,0.6362153344208811,6.460032626427408,16.296900489396414,6.606851549755303,0.3994,0.00838,0.0,0.0,0.0,0.0,0.0,0.0,0.0,0.0,0.0,0.0,0.0,15.8454106280193,14.154589371980679,0.0,0.0,0.0,0.0,0.0,0.0,0.0,0.0,0.0,0.0,0.0,0.0,0.0,0.0,0.0,0.0,0.0,0.4001,0.00813,0.0,0.0,0.0,0.0,0.0,0.0,0.0,0.0,0.0,0.0,0.0,14.68189233278954,15.318107667210443,0.0,0.0,0.0,0.0,0.0,0.0,0.0,0.0,0.0,0.0,0.0,0.0,0.0,0.0,0.0,0.0,0.0
500,1339,725,0.5414488424197162,347,270,0.4607916355489171,365,0.5451829723674384,0.43,2.972312703583062,3.0640633524699465,6.635802469135802,2.2519022763468506,9601.879761015683,1609.4412724888052,7853.0,11083.0,11083.0,0.0,7853.0,0.0,27.561613144137414,20.627527648145033,32.10729991204925,19.06695395156152,0.13144137415982077,0.10306198655713218,0.10156833457804332,0.07841672890216579,0.09036594473487677,0.08961911874533234,0.06945481702763256,0.06721433905899925,0.05974607916355489,0.035847647498132934,0.043315907393577296,0.030619865571321882,0.03659447348767737,0.026138909634055265,0.018670649738610903,0.009708737864077669,0.008215085884988798,0.9483778784308886,0.023488525388224643,0.0,0.0,0.0,0.0,0.0,0.0,0.0,0.0,0.0,0.0,0.0,0.0,0.0,0.0,0.0,0.0,0.0,0.0,0.0,0.0,0.0,0.0,0.0,0.0,0.0,0.0,0.6273338312173266,7.03510082150859,15.66094100074683,6.676624346527261,4.1482758620689655,2.896266406308976,nan,nan,nan,4.305555555555555,2.9797412680787163,3.993150684931507,2.8028766420313143,0.9274414494034469,0.399,0.00814,0.0,0.0,0.0,0.0,0.0,0.0,0.0,0.0,0.0,0.0,0.0,16.848394324122456,13.151605675877523,0.0,0.0,0.0,0.0,0.0,0.0,0.0,0.0,0.0,0.0,0.0,0.0,0.0,0.0,0.0,0.0,0.0,nan,nan,4.1482758620689655,2.896266406308976,nan,0.3987,0.03625,0.0,0.0,0.0,0.0,0.0,0.0,0.0,0.0,0.0,0.0,0.0,0.0,0.0,0.0,0.0,0.0,0.0,0.0,0.0,0.0,0.0,0.0,0.0,0.0,0.0,0.0,0.0,0.0,0.0002987303958177745,0.0018297236743838685,0.0020911127707244214,0.004705003734129948,0.01635548917102315,0.023188946975354743,0.026811053024645256,0.037565347274085135,0.058364451082897686,0.08483943241224795,0.13386855862584018,0.10242718446601942,0.08696788648244959,0.09936519790888723,0.09410007468259896,0.07449589245705751,0.04566840926064227,0.04891710231516057,0.0277445855115758,0.010866318147871546,0.011687826736370425,0.0030246452576549662,0.0020537714712471995,0.0021284540702016432,0.0,0.0,0.00011202389843166542,0.0,0.0005227781926811053,0.0,0.0,0.0,0.0,0.0,0.0,0.0,0.0,0.0,0.0,0.0,0.0,0.0,0.0,0.0,0.0,0.0,0.0,0.0,0.0,0.0,0.0,0.0,0.0,0.0,0.0,0.0,0.0,0.0,0.0,0.0,0.0,0.0,0.0,0.0,0.0,0.0,0.0,0.0,0.0,0.0,0.0,0.0,0.0,nan,nan,4.1482758620689655,2.896266406308976,nan,0.9479799162930456,0.023485586569817456,0.0,0.0,0.0,0.0,0.0,0.0,0.0,0.0,0.0,0.0,0.0,0.0,0.0,0.0,0.0,0.0,0.0,0.0,0.0,0.0,0.0,0.0,0.0,0.0,0.0,0.0,0.7034482758620692,7.0758620689655185,15.724137931034486,6.496551724137932,0.9488477848640094,0.023483313499235974,0.0,0.0,0.0,0.0,0.0,0.0,0.0,0.0,0.0,0.0,0.0,0.0,0.0,0.0,0.0,0.0,0.0,0.0,0.0,0.0,0.0,0.0,0.0,0.0,0.0,0.0,0.5374592833876223,6.98697068403909,15.586319218241046,6.889250814332249,0.399,0.00806,0.0,0.0,0.0,0.0,0.0,0.0,0.0,0.0,0.0,0.0,0.0,17.131034482758597,12.868965517241381,0.0,0.0,0.0,0.0,0.0,0.0,0.0,0.0,0.0,0.0,0.0,0.0,0.0,0.0,0.0,0.0,0.0,0.3987,0.00823,0.0,0.0,0.0,0.0,0.0,0.0,0.0,0.0,0.0,0.0,0.0,16.514657980456004,13.485342019543976,0.0,0.0,0.0,0.0,0.0,0.0,0.0,0.0,0.0,0.0,0.0,0.0,0.0,0.0,0.0,0.0,0.0
600,1329,727,0.547027840481565,355,249,0.454477050413845,360,0.5417607223476298,0.442,3.212624584717608,3.2279880831631695,6.638297872340425,2.420440718748178,9619.899924755455,1607.8406055512116,7853.0,11083.0,11083.0,0.0,7853.0,0.0,29.015801354401805,20.96100984957281,33.72349823321555,19.12430175974276,0.12791572610985705,0.09781790820165538,0.0872836719337848,0.07674943566591422,0.08427389014296463,0.07599699021820917,0.06621519939804364,0.06997742663656885,0.06696764484574869,0.05417607223476298,0.0526711813393529,0.040632054176072234,0.035364936042136946,0.022573363431151242,0.024078254326561323,0.008276899924755455,0.009029345372460496,0.9463715098063868,0.023897029778442016,0.0,0.0,0.0,0.0,0.0,0.0,0.0,0.0,0.0,0.0,0.0,0.0,0.0,0.0,0.0,0.0,0.0,0.0,0.0,0.0,0.0,0.0,0.0,0.0,0.0,0.022573363431151246,0.9255079006772011,7.313769751693004,15.823927765237023,5.914221218961627,4.27891156462585,3.046388843058103,nan,nan,nan,4.366742596810934,2.981321671836931,4.1877828054298645,3.1093982581019035,0.9590175542951019,0.399,0.00846,0.0,0.0,0.0,0.0,0.0,0.0,0.0,0.0,0.0,0.0,0.0,16.343115124153474,13.656884875846504,0.0,0.0,0.0,0.0,0.0,0.0,0.0,0.0,0.0,0.0,0.0,0.0,0.0,0.0,0.0,0.0,0.0,nan,nan,4.27891156462585,3.046388843058103,nan,0.399,0.0362,0.0,0.0,0.0,0.0,0.0,0.0,0.0,0.0,0.0,0.0,0.0,0.0,0.0,0.0,0.0,0.0,0.0,0.0,0.0,0.0,0.0,0.0,0.0,0.0,0.0,0.0,0.0,0.0,0.000564334085778781,0.001617757712565839,0.001580135440180587,0.0034236267870579383,0.015425131677953348,0.023965387509405568,0.026486079759217455,0.03852520692249812,0.05669676448457487,0.08344620015048909,0.13596689240030096,0.10605718585402558,0.08683220466516177,0.09695259593679459,0.0963130173062453,0.07505643340857787,0.03837471783295711,0.05342362678705794,0.030850263355906696,0.010684725357411587,0.008013544018058691,0.0039503386004514675,0.0023702031602708803,0.0025206922498118888,0.0,0.0,0.0003386004514672686,0.0,0.000564334085778781,0.0,0.0,0.0,0.0,0.0,0.0,0.0,0.0,0.0,0.0,0.0,0.0,0.0,0.0,0.0,0.0,0.0,0.0,0.0,0.0,0.0,0.0,0.0,0.0,0.0,0.0,0.0,0.0,0.0,0.0,0.0,0.0,0.0,0.0,0.0,0.0,0.0,0.0,0.0,0.0,0.0,0.0,0.0,0.0,nan,nan,4.27891156462585,3.046388843058103,nan,0.9452065624593868,0.024802358134989565,0.0,0.0,0.0,0.0,0.0,0.0,0.0,0.0,0.0,0.0,0.0,0.0,0.0,0.0,0.0,0.0,0.0,0.0,0.0,0.0,0.0,0.0,0.0,0.0,0.0,0.04126547455295737,1.2379642365887211,7.757909215955984,15.02063273727648,5.942228335625861,0.9477783482138105,0.022676118028864996,0.0,0.0,0.0,0.0,0.0,0.0,0.0,0.0,0.0,0.0,0.0,0.0,0.0,0.0,0.0,0.0,0.0,0.0,0.0,0.0,0.0,0.0,0.0,0.0,0.0,0.0,0.5481727574750832,6.777408637873756,16.79401993355482,5.880398671096347,0.3992,0.00839,0.0,0.0,0.0,0.0,0.0,0.0,0.0,0.0,0.0,0.0,0.0,15.474552957358988,14.525447042640993,0.0,0.0,0.0,0.0,0.0,0.0,0.0,0.0,0.0,0.0,0.0,0.0,0.0,0.0,0.0,0.0,0.0,0.3987,0.008514,0.0,0.0,0.0,0.0,0.0,0.0,0.0,0.0,0.0,0.0,0.0,17.392026578073065,12.607973421926914,0.0,0.0,0.0,0.0,0.0,0.0,0.0,0.0,0.0,0.0,0.0,0.0,0.0,0.0,0.0,0.0,0.0
700,1435,714,0.4975609756097561,338,303,0.4466898954703833,419,0.5839721254355401,0.422,2.9348127600554785,3.0912915577086704,6.640776699029126,2.035387746900763,9460.121951219513,1614.98078513257,7853.0,11083.0,11083.0,0.0,7853.0,0.0,27.597909407665504,20.628369115229695,32.56572379367721,18.851713750515202,0.14076655052264808,0.10313588850174216,0.08989547038327526,0.08780487804878048,0.08501742160278745,0.07177700348432056,0.08013937282229965,0.0578397212543554,0.06062717770034843,0.04041811846689895,0.049477351916376304,0.04529616724738676,0.03554006968641115,0.023693379790940768,0.012543554006968641,0.00975609756097561,0.0062717770034843206,0.9464164881756082,0.023554306418955995,0.0,0.0,0.0,0.0,0.0,0.0,0.0,0.0,0.0,0.0,0.0,0.0,0.0,0.0,0.0,0.0,0.0,0.0,0.0,0.0,0.0,0.0,0.0,0.0,0.0,0.0,0.6898954703832754,7.756097560975611,15.386759581881536,6.167247386759583,4.3394594594594595,2.973651814389393,nan,nan,nan,4.373390557939914,2.9737875023725335,4.3050108932461875,2.973117930496452,0.9843646105263608,0.3984,0.008095,0.0,0.0,0.0,0.0,0.0,0.0,0.0,0.0,0.0,0.0,0.0,17.310104529616698,12.689895470383277,0.0,0.0,0.0,0.0,0.0,0.0,0.0,0.0,0.0,0.0,0.0,0.0,0.0,0.0,0.0,0.0,0.0,nan,nan,4.3394594594594595,2.973651814389393,nan,0.3984,0.0358,0.0,0.0,0.0,0.0,0.0,0.0,0.0,0.0,0.0,0.0,0.0,0.0,0.0,0.0,0.0,0.0,0.0,0.0,0.0,0.0,0.0,0.0,0.0,0.0,0.0,0.0,0.0,0.0,0.0006968641114982578,0.0018466898954703833,0.0014982578397212544,0.0013937282229965157,0.014982578397212544,0.02662020905923345,0.029616724738675958,0.03665505226480836,0.05773519163763066,0.08167247386759582,0.1356794425087108,0.11226480836236934,0.08766550522648084,0.09452961672473868,0.0932752613240418,0.07498257839721255,0.04073170731707317,0.054425087108013935,0.026724738675958187,0.011289198606271778,0.007560975609756097,0.003240418118466899,0.0020905923344947735,0.0023693379790940767,0.0,0.0,3.484320557491289e-05,0.0,0.0004181184668989547,0.0,0.0,0.0,0.0,0.0,0.0,0.0,0.0,0.0,0.0,0.0,0.0,0.0,0.0,0.0,0.0,0.0,0.0,0.0,0.0,0.0,0.0,0.0,0.0,0.0,0.0,0.0,0.0,0.0,0.0,0.0,0.0,0.0,0.0,0.0,0.0,0.0,0.0,0.0,0.0,0.0,0.0,0.0,0.0,nan,nan,4.3394594594594595,2.973651814389393,nan,0.9471416146147484,0.023331745932029357,0.0,0.0,0.0,0.0,0.0,0.0,0.0,0.0,0.0,0.0,0.0,0.0,0.0,0.0,0.0,0.0,0.0,0.0,0.0,0.0,0.0,0.0,0.0,0.0,0.0,0.0,0.504201680672269,7.478991596638656,15.756302521008406,6.260504201680673,0.9456984017989837,0.023750845701716046,0.0,0.0,0.0,0.0,0.0,0.0,0.0,0.0,0.0,0.0,0.0,0.0,0.0,0.0,0.0,0.0,0.0,0.0,0.0,0.0,0.0,0.0,0.0,0.0,0.0,0.0,0.8737864077669905,8.030513176144245,15.02080443828017,6.0748959778086,0.3987,0.0077,0.0,0.0,0.0,0.0,0.0,0.0,0.0,0.0,0.0,0.0,0.0,17.10084033613443,12.899159663865548,0.0,0.0,0.0,0.0,0.0,0.0,0.0,0.0,0.0,0.0,0.0,0.0,0.0,0.0,0.0,0.0,0.0,0.3982,0.00846,0.0,0.0,0.0,0.0,0.0,0.0,0.0,0.0,0.0,0.0,0.0,17.517337031900112,12.482662968099865,0.0,0.0,0.0,0.0,0.0,0.0,0.0,0.0,0.0,0.0,0.0,0.0,0.0,0.0,0.0,0.0,0.0
800,1454,768,0.5281980742778541,360,306,0.4580467675378267,414,0.5694635488308115,0.43,3.058309037900875,3.2084226887044567,6.893048128342246,2.2797187210008,9559.079779917469,1612.4296802311055,7853.0,11083.0,11083.0,0.0,7853.0,0.0,27.519257221458048,20.682624341572506,32.66308835672997,18.83319232071106,0.15061898211829436,0.09422283356258597,0.08321870701513068,0.10178817056396149,0.08321870701513068,0.06533700137551582,0.07015130674002751,0.05639614855570839,0.06327372764786796,0.05845942228335626,0.05364511691884457,0.03576341127922971,0.02888583218707015,0.02269601100412655,0.01925722145804677,0.005502063273727648,0.007565337001375516,0.9461437383412987,0.023300733196303516,0.0,0.0,0.0,0.0,0.0,0.0,0.0,0.0,0.0,0.0,0.0,0.0,0.0,0.0,0.0,0.0,0.0,0.0,0.0,0.0,0.0,0.0,0.0,0.0,0.0,0.0,0.845942228335626,7.489683631361762,16.031636863823937,5.6327372764786805,4.434364994663821,3.01936359306401,nan,nan,nan,4.4978354978354975,2.9466753719795484,4.372631578947368,3.087170126601661,0.9721635175523023,0.398,0.00806,0.0,0.0,0.0,0.0,0.0,0.0,0.0,0.0,0.0,0.0,0.020632737276478685,17.806052269601075,12.173314993122423,0.0,0.0,0.0,0.0,0.0,0.0,0.0,0.0,0.0,0.0,0.0,0.0,0.0,0.0,0.0,0.0,0.0,nan,nan,4.434364994663821,3.01936359306401,nan,0.398,0.03564,0.0,0.0,0.0,0.0,0.0,0.0,0.0,0.0,0.0,0.0,0.0,0.0,0.0,0.0,0.0,0.0,0.0,0.0,0.0,0.0,0.0,0.0,0.0,0.0,0.0,0.0,0.0,0.0,0.0013411279229711142,0.001891334250343879,0.0014786795048143053,0.002751031636863824,0.012929848693259973,0.021939477303988996,0.0375171939477304,0.03662310866574966,0.05925034387895461,0.07830123796423659,0.13400962861072901,0.11017881705639615,0.08789546079779917,0.10326685006877578,0.09336313617606602,0.07579092159559835,0.0375515818431912,0.051925722145804674,0.02520632737276479,0.011623108665749657,0.006189821182943604,0.003610729023383769,0.002785419532324622,0.002510316368638239,0.0,0.0,0.0,0.0,6.87757909215956e-05,0.0,0.0,0.0,0.0,0.0,0.0,0.0,0.0,0.0,0.0,0.0,0.0,0.0,0.0,0.0,0.0,0.0,0.0,0.0,0.0,0.0,0.0,0.0,0.0,0.0,0.0,0.0,0.0,0.0,0.0,0.0,0.0,0.0,0.0,0.0,0.0,0.0,0.0,0.0,0.0,0.0,0.0,0.0,0.0,nan,nan,4.434364994663821,3.01936359306401,nan,0.9463933509929726,0.02314987935085205,0.0,0.0,0.0,0.0,0.0,0.0,0.0,0.0,0.0,0.0,0.0,0.0,0.0,0.0,0.0,0.0,0.0,0.0,0.0,0.0,0.0,0.0,0.0,0.0,0.0,0.0,0.8593750000000001,7.617187500000001,16.093750000000004,5.429687500000001,0.9458642886088123,0.023465318587297706,0.0,0.0,0.0,0.0,0.0,0.0,0.0,0.0,0.0,0.0,0.0,0.0,0.0,0.0,0.0,0.0,0.0,0.0,0.0,0.0,0.0,0.0,0.0,0.0,0.0,0.0,0.8309037900874637,7.346938775510205,15.962099125364434,5.860058309037902,0.3975,0.00822,0.0,0.0,0.0,0.0,0.0,0.0,0.0,0.0,0.0,0.0,0.03906250000000001,18.515624999999975,11.445312500000002,0.0,0.0,0.0,0.0,0.0,0.0,0.0,0.0,0.0,0.0,0.0,0.0,0.0,0.0,0.0,0.0,0.0,0.3984,0.00785,0.0,0.0,0.0,0.0,0.0,0.0,0.0,0.0,0.0,0.0,0.0,17.01166180758015,12.988338192419828,0.0,0.0,0.0,0.0,0.0,0.0,0.0,0.0,0.0,0.0,0.0,0.0,0.0,0.0,0.0,0.0,0.0
900,1515,807,0.5326732673267327,370,296,0.4396039603960396,417,0.5504950495049505,0.426,2.9703389830508473,3.0188618722516205,6.363636363636363,2.0547105831934718,9573.534653465347,1611.5481491156102,7853.0,11083.0,11083.0,0.0,7853.0,0.0,28.56105610561056,21.20979757272709,33.71056782334385,19.345293006497204,0.14455445544554454,0.09108910891089109,0.09306930693069307,0.07920792079207921,0.07788778877887789,0.08514851485148515,0.0627062706270627,0.066006600660066,0.04884488448844884,0.056105610561056105,0.04686468646864687,0.04026402640264026,0.0429042904290429,0.027722772277227723,0.022442244224422443,0.009900990099009901,0.005280528052805281,0.9451595458260463,0.02394407646618776,0.0,0.0,0.0,0.0,0.0,0.0,0.0,0.0,0.0,0.0,0.0,0.0,0.0,0.0,0.0,0.0,0.0,0.0,0.0,0.0,0.0,0.0,0.0,0.0,0.0,0.019801980198019806,0.910891089108911,8.534653465346537,14.950495049504953,5.584158415841586,4.171890798786653,2.8788792906050946,nan,nan,nan,4.395959595959596,2.942682044416136,3.943204868154158,2.7968432423590066,0.8970066221214652,0.3975,0.00761,0.0,0.0,0.0,0.0,0.0,0.0,0.0,0.0,0.0,0.0,0.0,18.811881188118786,11.188118811881191,0.0,0.0,0.0,0.0,0.0,0.0,0.0,0.0,0.0,0.0,0.0,0.0,0.0,0.0,0.0,0.0,0.0,nan,nan,4.171890798786653,2.8788792906050946,nan,0.3975,0.0358,0.0,0.0,0.0,0.0,0.0,0.0,0.0,0.0,0.0,0.0,0.0,0.0,0.0,0.0,0.0,0.0,0.0,0.0,0.0,0.0,0.0,0.0,0.0,0.0,0.0,0.0,0.0,0.0,0.002211221122112211,0.0026732673267326735,0.000957095709570957,0.0024752475247524753,0.01297029702970297,0.021617161716171618,0.04082508250825082,0.03976897689768977,0.05811881188118812,0.08547854785478548,0.12115511551155116,0.11448844884488449,0.08396039603960397,0.10290429042904291,0.08884488448844885,0.0808910891089109,0.03884488448844885,0.05231023102310231,0.023696369636963695,0.013036303630363037,0.006006600660066007,0.0028382838283828385,0.0026732673267326735,0.0012541254125412542,0.0,0.0,0.0,0.0,0.0,0.0,0.0,0.0,0.0,0.0,0.0,0.0,0.0,0.0,0.0,0.0,0.0,0.0,0.0,0.0,0.0,0.0,0.0,0.0,0.0,0.0,0.0,0.0,0.0,0.0,0.0,0.0,0.0,0.0,0.0,0.0,0.0,0.0,0.0,0.0,0.0,0.0,0.0,0.0,0.0,0.0,0.0,0.0,0.0,nan,nan,4.171890798786653,2.8788792906050946,nan,0.9448203032344691,0.023858992165180004,0.0,0.0,0.0,0.0,0.0,0.0,0.0,0.0,0.0,0.0,0.0,0.0,0.0,0.0,0.0,0.0,0.0,0.0,0.0,0.0,0.0,0.0,0.0,0.0,0.0,0.0,0.9665427509293684,8.773234200743497,14.684014869888479,5.576208178438663,0.9455462248817001,0.02403485221768826,0.0,0.0,0.0,0.0,0.0,0.0,0.0,0.0,0.0,0.0,0.0,0.0,0.0,0.0,0.0,0.0,0.0,0.0,0.0,0.0,0.0,0.0,0.0,0.0,0.0,0.042372881355932215,0.8474576271186443,8.26271186440678,15.254237288135595,5.593220338983052,0.3975,0.007637,0.0,0.0,0.0,0.0,0.0,0.0,0.0,0.0,0.0,0.0,0.0,18.84758364312265,11.152416356877326,0.0,0.0,0.0,0.0,0.0,0.0,0.0,0.0,0.0,0.0,0.0,0.0,0.0,0.0,0.0,0.0,0.0,0.3975,0.007584,0.0,0.0,0.0,0.0,0.0,0.0,0.0,0.0,0.0,0.0,0.0,18.771186440677937,11.228813559322036,0.0,0.0,0.0,0.0,0.0,0.0,0.0,0.0,0.0,0.0,0.0,0.0,0.0,0.0,0.0,0.0,0.0
1000,1671,868,0.5194494314781568,409,329,0.44165170556552963,467,0.5589467384799521,0.418,3.0012453300124533,3.195380919586547,6.881578947368421,2.0019755939708737,9530.821663674447,1613.7776918067664,7853.0,11083.0,11083.0,0.0,7853.0,0.0,27.929982046678635,21.026710776246013,32.69454287739192,19.418611119677472,0.13405146618791142,0.09934171154997008,0.10412926391382406,0.0933572710951526,0.07660083782166367,0.07600239377618193,0.06702573309395571,0.06762417713943747,0.052663076002393776,0.040694195092758824,0.045481747456612806,0.040694195092758824,0.03291442250149611,0.029922202274087373,0.023937761819269897,0.010173548773189706,0.005385996409335727,0.9444843143991623,0.022724030646264735,0.0,0.0,0.0,0.0,0.0,0.0,0.0,0.0,0.0,0.0,0.0,0.0,0.0,0.0,0.0,0.0,0.0,0.0,0.0,0.0,0.0,0.0,0.0,0.0,0.0,0.0,0.7001795332136447,8.689407540394976,15.475763016157993,5.134649910233394,4.269266480965645,3.0446861819618607,nan,nan,nan,4.232824427480916,3.010032658088958,4.30379746835443,3.076764118648342,1.016767300909703,0.3975,0.007664,0.0,0.0,0.0,0.0,0.0,0.0,0.0,0.0,0.0,0.0,0.0,18.743267504488305,11.256732495511672,0.0,0.0,0.0,0.0,0.0,0.0,0.0,0.0,0.0,0.0,0.0,0.0,0.0,0.0,0.0,0.0,0.0,nan,nan,4.269266480965645,3.0446861819618607,nan,0.3975,0.03564,0.0,0.0,0.0,0.0,0.0,0.0,0.0,0.0,0.0,0.0,0.0,0.0,0.0,0.0,0.0,0.0,0.0,0.0,0.0,0.0,0.0,0.0,0.0,0.0,0.0,0.0,0.0,0.0,0.0030819868342309995,0.0016457211250748055,8.976660682226212e-05,0.0017354877318970677,0.015200478755236385,0.02241172950329144,0.03719329742669061,0.04090365050867744,0.05397965290245362,0.0829443447037702,0.12528426092160383,0.1134949132256134,0.08853979652902454,0.10682226211849193,0.09102333931777379,0.08084979054458408,0.03689407540394973,0.048713345302214245,0.021603830041891082,0.014482345900658288,0.004398563734290844,0.004308797127468581,0.0030221424296828247,0.0013764213046080192,0.0,0.0,0.0,0.0,0.0,0.0,0.0,0.0,0.0,0.0,0.0,0.0,0.0,0.0,0.0,0.0,0.0,0.0,0.0,0.0,0.0,0.0,0.0,0.0,0.0,0.0,0.0,0.0,0.0,0.0,0.0,0.0,0.0,0.0,0.0,0.0,0.0,0.0,0.0,0.0,0.0,0.0,0.0,0.0,0.0,0.0,0.0,0.0,0.0,nan,nan,4.269266480965645,3.0446861819618607,nan,0.9437186221510584,0.02331288286093077,0.0,0.0,0.0,0.0,0.0,0.0,0.0,0.0,0.0,0.0,0.0,0.0,0.0,0.0,0.0,0.0,0.0,0.0,0.0,0.0,0.0,0.0,0.0,0.0,0.0,0.0,0.9677419354838712,8.744239631336407,15.345622119815673,4.942396313364056,0.9453119867171623,0.022039951774871468,0.0,0.0,0.0,0.0,0.0,0.0,0.0,0.0,0.0,0.0,0.0,0.0,0.0,0.0,0.0,0.0,0.0,0.0,0.0,0.0,0.0,0.0,0.0,0.0,0.0,0.0,0.41095890410958913,8.630136986301371,15.616438356164387,5.3424657534246585,0.3975,0.007572,0.0,0.0,0.0,0.0,0.0,0.0,0.0,0.0,0.0,0.0,0.0,18.974654377880157,11.025345622119819,0.0,0.0,0.0,0.0,0.0,0.0,0.0,0.0,0.0,0.0,0.0,0.0,0.0,0.0,0.0,0.0,0.0,0.3977,0.007755,0.0,0.0,0.0,0.0,0.0,0.0,0.0,0.0,0.0,0.0,0.0,18.49315068493148,11.506849315068495,0.0,0.0,0.0,0.0,0.0,0.0,0.0,0.0,0.0,0.0,0.0,0.0,0.0,0.0,0.0,0.0,0.0
1100,1706,905,0.5304806565064478,420,356,0.4548651817116061,483,0.5662368112543963,0.418,3.0624219725343322,3.10950355543534,6.6017316017316015,2.147543958456612,9566.452520515826,1611.9963093022516,7853.0,11083.0,11083.0,0.0,7853.0,0.0,27.596131301289567,20.727969766403117,32.95886524822695,18.800400142572737,0.15357561547479484,0.09964830011723329,0.08323563892145369,0.09026963657678781,0.08089097303634232,0.0697538100820633,0.06916764361078546,0.06213364595545135,0.06096131301289566,0.04806565064478312,0.05041031652989449,0.03634232121922626,0.03985932004689332,0.02813599062133646,0.016998827667057445,0.007033997655334115,0.0035169988276670576,0.9442573601657313,0.02361123530135724,0.0,0.0,0.0,0.0,0.0,0.0,0.0,0.0,0.0,0.0,0.0,0.0,0.0,0.0,0.0,0.0,0.0,0.0,0.0,0.0,0.0,0.0,0.0,0.0,0.0,0.0,1.0023446658851116,8.581477139507623,15.211019929660027,5.205158264947246,4.201818181818182,2.937097572223356,nan,nan,nan,4.1501831501831505,2.9031008373720875,4.252707581227437,2.969344254946361,1.0247035919462402,0.3982,0.00773,0.0,0.0,0.0,0.0,0.0,0.0,0.0,0.0,0.0,0.0,0.0,18.059788980070316,11.940211019929663,0.0,0.0,0.0,0.0,0.0,0.0,0.0,0.0,0.0,0.0,0.0,0.0,0.0,0.0,0.0,0.0,0.0,nan,nan,4.201818181818182,2.937097572223356,nan,0.3982,0.03583,0.0,0.0,0.0,0.0,0.0,0.0,0.0,0.0,0.0,0.0,0.0,0.0,0.0,0.0,0.0,0.0,0.0,0.0,0.0,0.0,0.0,0.0,0.0,0.0,0.0,0.0,0.0,0.0,0.0027256740914419694,0.002080890973036342,0.0,0.001963657678780774,0.0123094958968347,0.021365767878077375,0.03736811254396249,0.0421746776084408,0.05193434935521688,0.083968347010551,0.1293962485345838,0.10653575615474795,0.09082649472450176,0.10319460726846424,0.0902989449003517,0.07913247362250879,0.037456037514654164,0.054953106682297775,0.023856975381008207,0.01488862837045721,0.004601406799531067,0.0037221570926143023,0.003604923798358734,0.0016412661195779601,0.0,0.0,0.0,0.0,0.0,0.0,0.0,0.0,0.0,0.0,0.0,0.0,0.0,0.0,0.0,0.0,0.0,0.0,0.0,0.0,0.0,0.0,0.0,0.0,0.0,0.0,0.0,0.0,0.0,0.0,0.0,0.0,0.0,0.0,0.0,0.0,0.0,0.0,0.0,0.0,0.0,0.0,0.0,0.0,0.0,0.0,0.0,0.0,0.0,nan,nan,4.201818181818182,2.937097572223356,nan,0.9437021868663599,0.023381000864686353,0.0,0.0,0.0,0.0,0.0,0.0,0.0,0.0,0.0,0.0,0.0,0.0,0.0,0.0,0.0,0.0,0.0,0.0,0.0,0.0,0.0,0.0,0.0,0.0,0.0,0.0,1.0607734806629836,8.685082872928179,15.016574585635363,5.237569060773482,0.9448846158909887,0.023853149104571546,0.0,0.0,0.0,0.0,0.0,0.0,0.0,0.0,0.0,0.0,0.0,0.0,0.0,0.0,0.0,0.0,0.0,0.0,0.0,0.0,0.0,0.0,0.0,0.0,0.0,0.0,0.9363295880149815,8.464419475655433,15.430711610486895,5.168539325842698,0.398,0.00782,0.0,0.0,0.0,0.0,0.0,0.0,0.0,0.0,0.0,0.0,0.0,17.966850828729257,12.03314917127072,0.0,0.0,0.0,0.0,0.0,0.0,0.0,0.0,0.0,0.0,0.0,0.0,0.0,0.0,0.0,0.0,0.0,0.3982,0.007618,0.0,0.0,0.0,0.0,0.0,0.0,0.0,0.0,0.0,0.0,0.0,18.16479400749061,11.835205992509366,0.0,0.0,0.0,0.0,0.0,0.0,0.0,0.0,0.0,0.0,0.0,0.0,0.0,0.0,0.0,0.0,0.0
1200,1702,890,0.5229142185663925,423,356,0.45769682726204464,486,0.5710928319623971,0.426,3.0726600985221677,3.101865213177894,6.666666666666667,2.0204713625164232,9542.012925969448,1613.3031602242154,7853.0,11083.0,11083.0,0.0,7853.0,0.0,28.143948296122208,20.834213994715164,33.08874912648498,19.029487744449877,0.14042303172737955,0.09283196239717979,0.0945945945945946,0.07873090481786134,0.08930669800235018,0.0799059929494712,0.07050528789659224,0.058166862514688604,0.06462984723854288,0.05464159811985899,0.04054054054054054,0.0399529964747356,0.028789659224441832,0.031139835487661575,0.0199764982373678,0.0099882491186839,0.005875440658049354,0.9440747789434485,0.02290986767823151,0.0,0.0,0.0,0.0,0.0,0.0,0.0,0.0,0.0,0.0,0.0,0.0,0.0,0.0,0.0,0.0,0.0,0.0,0.0,0.0,0.0,0.0,0.0,0.0,0.0,0.0,0.846063454759107,8.74265569917744,15.387779083431262,5.023501762632199,4.256732495511669,2.8437108955282704,nan,nan,nan,4.177007299270073,2.8160872231026337,4.333922261484099,2.8680920057895696,1.0375663605475256,0.3984,0.00782,0.0,0.0,0.0,0.0,0.0,0.0,0.0,0.0,0.0,0.0,0.0,17.502937720328998,12.497062279670978,0.0,0.0,0.0,0.0,0.0,0.0,0.0,0.0,0.0,0.0,0.0,0.0,0.0,0.0,0.0,0.0,0.0,nan,nan,4.256732495511669,2.8437108955282704,nan,0.3984,0.03552,0.0,0.0,0.0,0.0,0.0,0.0,0.0,0.0,0.0,0.0,0.0,0.0,0.0,0.0,0.0,0.0,0.0,0.0,0.0,0.0,0.0,0.0,0.0,0.0,0.0,0.0,0.0,0.0,0.002262044653349001,0.0018213866039952997,2.9377203290246768e-05,0.002144535840188014,0.011016451233842537,0.019036427732079905,0.039806110458284374,0.04500587544065805,0.0459165687426557,0.08619271445358402,0.134283196239718,0.0991774383078731,0.09065804935370153,0.10558166862514688,0.0935957696827262,0.07802585193889541,0.03698589894242068,0.05484723854289072,0.025793184488836662,0.014424206815511164,0.006169212690951821,0.0036427732079905993,0.002526439482961222,0.0010575793184488837,0.0,0.0,0.0,0.0,0.0,0.0,0.0,0.0,0.0,0.0,0.0,0.0,0.0,0.0,0.0,0.0,0.0,0.0,0.0,0.0,0.0,0.0,0.0,0.0,0.0,0.0,0.0,0.0,0.0,0.0,0.0,0.0,0.0,0.0,0.0,0.0,0.0,0.0,0.0,0.0,0.0,0.0,0.0,0.0,0.0,0.0,0.0,0.0,0.0,nan,nan,4.256732495511669,2.8437108955282704,nan,0.944103744659531,0.023184813731636535,0.0,0.0,0.0,0.0,0.0,0.0,0.0,0.0,0.0,0.0,0.0,0.0,0.0,0.0,0.0,0.0,0.0,0.0,0.0,0.0,0.0,0.0,0.0,0.0,0.0,0.0,0.9438202247191014,8.764044943820227,15.101123595505623,5.191011235955057,0.9440430308063629,0.02260462671002579,0.0,0.0,0.0,0.0,0.0,0.0,0.0,0.0,0.0,0.0,0.0,0.0,0.0,0.0,0.0,0.0,0.0,0.0,0.0,0.0,0.0,0.0,0.0,0.0,0.0,0.0,0.7389162561576356,8.719211822660101,15.701970443349758,4.839901477832513,0.3984,0.007732,0.0,0.0,0.0,0.0,0.0,0.0,0.0,0.0,0.0,0.0,0.0,17.426966292134807,12.57303370786517,0.0,0.0,0.0,0.0,0.0,0.0,0.0,0.0,0.0,0.0,0.0,0.0,0.0,0.0,0.0,0.0,0.0,0.3982,0.00792,0.0,0.0,0.0,0.0,0.0,0.0,0.0,0.0,0.0,0.0,0.0,17.5862068965517,12.413793103448278,0.0,0.0,0.0,0.0,0.0,0.0,0.0,0.0,0.0,0.0,0.0,0.0,0.0,0.0,0.0,0.0,0.0
1300,1645,845,0.513677811550152,417,314,0.44437689969604866,434,0.5276595744680851,0.45,3.01,3.274125837532822,6.864035087719298,2.2737875964690657,9512.17933130699,1614.3956103400637,7853.0,11083.0,11083.0,0.0,7853.0,0.0,26.979331306990883,20.65877496705639,32.080527086383604,18.970523911252993,0.15015197568389058,0.10091185410334347,0.0972644376899696,0.08145896656534954,0.10030395136778116,0.07355623100303951,0.0547112462006079,0.0662613981762918,0.059574468085106386,0.04680851063829787,0.038905775075987845,0.043161094224924014,0.03343465045592705,0.0182370820668693,0.019452887537993922,0.01033434650455927,0.00547112462006079,0.9434523438972543,0.022930563458457544,0.0,0.0,0.0,0.0,0.0,0.0,0.0,0.0,0.0,0.0,0.0,0.0,0.0,0.0,0.0,0.0,0.0,0.0,0.0,0.0,0.0,0.0,0.0,0.0,0.0,0.0,1.0212765957446812,8.89969604863222,15.556231003039517,4.522796352583588,4.300859598853868,3.056649042343938,nan,nan,nan,4.234404536862003,3.0985495226764526,4.375241779497099,3.011005954234613,1.0332602238187345,0.3982,0.00798,0.0,0.0,0.0,0.0,0.0,0.0,0.0,0.0,0.0,0.0,0.0,17.41641337386016,12.58358662613982,0.0,0.0,0.0,0.0,0.0,0.0,0.0,0.0,0.0,0.0,0.0,0.0,0.0,0.0,0.0,0.0,0.0,nan,nan,4.300859598853868,3.056649042343938,nan,0.3982,0.03574,0.0,0.0,0.0,0.0,0.0,0.0,0.0,0.0,0.0,0.0,0.0,0.0,0.0,0.0,0.0,0.0,0.0,0.0,0.0,0.0,0.0,0.0,0.0,0.0,0.0,0.0,0.0,0.0,0.0019452887537993921,0.001975683890577508,0.0,0.0020668693009118543,0.013252279635258359,0.01817629179331307,0.0429483282674772,0.04285714285714286,0.04905775075987842,0.0864741641337386,0.1296048632218845,0.0952887537993921,0.08951367781155015,0.10504559270516717,0.09580547112462007,0.08209726443768997,0.03468085106382979,0.05677811550151976,0.02534954407294833,0.012917933130699088,0.00796352583586626,0.0034954407294832826,0.0020364741641337386,0.000668693009118541,0.0,0.0,0.0,0.0,0.0,0.0,0.0,0.0,0.0,0.0,0.0,0.0,0.0,0.0,0.0,0.0,0.0,0.0,0.0,0.0,0.0,0.0,0.0,0.0,0.0,0.0,0.0,0.0,0.0,0.0,0.0,0.0,0.0,0.0,0.0,0.0,0.0,0.0,0.0,0.0,0.0,0.0,0.0,0.0,0.0,0.0,0.0,0.0,0.0,nan,nan,4.300859598853868,3.056649042343938,nan,0.9440868076488111,0.022612941718434202,0.0,0.0,0.0,0.0,0.0,0.0,0.0,0.0,0.0,0.0,0.0,0.0,0.0,0.0,0.0,0.0,0.0,0.0,0.0,0.0,0.0,0.0,0.0,0.0,0.0,0.0,0.7100591715976333,9.195266272189352,15.408284023668644,4.6863905325443795,0.9427821915596724,0.023242541745163558,0.0,0.0,0.0,0.0,0.0,0.0,0.0,0.0,0.0,0.0,0.0,0.0,0.0,0.0,0.0,0.0,0.0,0.0,0.0,0.0,0.0,0.0,0.0,0.0,0.0,0.0,1.3500000000000003,8.587500000000002,15.712500000000004,4.350000000000001,0.3984,0.00801,0.0,0.0,0.0,0.0,0.0,0.0,0.0,0.0,0.0,0.0,0.0,17.360946745562103,12.639053254437872,0.0,0.0,0.0,0.0,0.0,0.0,0.0,0.0,0.0,0.0,0.0,0.0,0.0,0.0,0.0,0.0,0.0,0.3982,0.00795,0.0,0.0,0.0,0.0,0.0,0.0,0.0,0.0,0.0,0.0,0.0,17.474999999999977,12.525000000000002,0.0,0.0,0.0,0.0,0.0,0.0,0.0,0.0,0.0,0.0,0.0,0.0,0.0,0.0,0.0,0.0,0.0
1400,1759,871,0.49516770892552586,404,359,0.4337691870380898,490,0.557134735645253,0.442,2.9234234234234235,3.165622064452236,6.57085020242915,2.2518639346083584,9452.391699829448,1614.9245743890908,7853.0,11083.0,11083.0,0.0,7853.0,0.0,27.913018760659465,21.301534398933267,33.05316973415133,19.602454055998788,0.14098919840818647,0.10915292779988629,0.0977828311540648,0.0824332006822058,0.07106310403638431,0.07333712336554861,0.06992609437180217,0.06594656054576464,0.05400795906765207,0.051165434906196704,0.04604889141557703,0.04093234792495736,0.028993746446844798,0.026151222285389426,0.019329164297896533,0.01137009664582149,0.01137009664582149,0.9427390791530836,0.02363892436312412,0.0,0.0,0.0,0.0,0.0,0.0,0.0,0.0,0.0,0.0,0.0,0.0,0.0,0.0,0.0,0.0,0.0,0.0,0.0,0.0,0.0,0.0,0.0,0.0,0.0,0.017055144968732238,0.9891984081864699,9.465605457646392,14.650369528140994,4.87777146105742,4.4180841539838855,2.9598559541896545,nan,nan,nan,4.265060240963855,2.93391959750649,4.592523364485982,2.9750269278473294,1.0767780769840014,0.3992,0.00773,0.0,0.0,0.0,0.0,0.0,0.0,0.0,0.0,0.0,0.0,0.0,16.031836270608277,13.968163729391701,0.0,0.0,0.0,0.0,0.0,0.0,0.0,0.0,0.0,0.0,0.0,0.0,0.0,0.0,0.0,0.0,0.0,nan,nan,4.4180841539838855,2.9598559541896545,nan,0.3992,0.03537,0.0,0.0,0.0,0.0,0.0,0.0,0.0,0.0,0.0,0.0,0.0,0.0,0.0,0.0,0.0,0.0,0.0,0.0,0.0,0.0,0.0,0.0,0.0,0.0,0.0,0.0,0.0,0.0,0.002046617396247868,0.002245594087549744,0.0,0.0018192154633314382,0.009664582148948267,0.017680500284252415,0.039255258669698694,0.039255258669698694,0.050028425241614556,0.08538942581011938,0.12913587265491758,0.09596361569073338,0.08999431495167709,0.10304150085275725,0.10292779988629903,0.0839681637293917,0.04067652075042638,0.05443433769187038,0.026435474701534963,0.009863558840250142,0.009039226833428084,0.004064809550881183,0.0026435474701534964,0.00042637862421830583,0.0,0.0,0.0,0.0,0.0,0.0,0.0,0.0,0.0,0.0,0.0,0.0,0.0,0.0,0.0,0.0,0.0,0.0,0.0,0.0,0.0,0.0,0.0,0.0,0.0,0.0,0.0,0.0,0.0,0.0,0.0,0.0,0.0,0.0,0.0,0.0,0.0,0.0,0.0,0.0,0.0,0.0,0.0,0.0,0.0,0.0,0.0,0.0,0.0,nan,nan,4.4180841539838855,2.9598559541896545,nan,0.9427464611905314,0.023216955618287478,0.0,0.0,0.0,0.0,0.0,0.0,0.0,0.0,0.0,0.0,0.0,0.0,0.0,0.0,0.0,0.0,0.0,0.0,0.0,0.0,0.0,0.0,0.0,0.0,0.0,0.0,0.8955223880597017,9.850746268656719,14.500574052812864,4.753157290470725,0.942731838438425,0.02404562004675028,0.0,0.0,0.0,0.0,0.0,0.0,0.0,0.0,0.0,0.0,0.0,0.0,0.0,0.0,0.0,0.0,0.0,0.0,0.0,0.0,0.0,0.0,0.0,0.0,0.0,0.03378378378378379,1.0810810810810814,9.08783783783784,14.797297297297302,5.000000000000001,0.3992,0.007835,0.0,0.0,0.0,0.0,0.0,0.0,0.0,0.0,0.0,0.0,0.0,16.29161882893224,13.70838117106774,0.0,0.0,0.0,0.0,0.0,0.0,0.0,0.0,0.0,0.0,0.0,0.0,0.0,0.0,0.0,0.0,0.0,0.3994,0.007618,0.0,0.0,0.0,0.0,0.0,0.0,0.0,0.0,0.0,0.0,0.0,15.777027027027005,14.222972972972977,0.0,0.0,0.0,0.0,0.0,0.0,0.0,0.0,0.0,0.0,0.0,0.0,0.0,0.0,0.0,0.0,0.0
1500,1993,1060,0.5318615153035625,500,401,0.4520822880080281,553,0.554942298043151,0.43,3.002143622722401,3.10757393625598,6.713725490196079,2.1999126192845715,9570.912694430506,1611.7177101853329,7853.0,11083.0,11083.0,0.0,7853.0,0.0,28.46813848469644,20.936434352313903,33.50836320191159,19.040332951969294,0.13798294029101857,0.09984947315604616,0.07626693426994481,0.08981435022579026,0.08529854490717512,0.07777220270948319,0.0672353236327145,0.06171600602107376,0.06071249372804817,0.053186151530356246,0.047666833918715505,0.042147516307074764,0.03562468640240843,0.030105368790767688,0.020572002007024585,0.005017561465127948,0.009031610637230306,0.9420375692383823,0.023696018887959726,0.0,0.0,0.0,0.0,0.0,0.0,0.0,0.0,0.0,0.0,0.0,0.0,0.0,0.0,0.0,0.0,0.0,0.0,0.0,0.0,0.0,0.0,0.0,0.0,0.0,0.030105368790767695,1.083793276467637,9.603612644254895,14.811841445057706,4.470647265429003,4.183890577507599,2.9622111494290535,nan,nan,nan,4.1935975609756095,2.8956477827845832,4.171471927162367,3.0283495287584943,0.9947239491888451,0.3992,0.007534,0.0,0.0,0.0,0.0,0.0,0.0,0.0,0.0,0.0,0.0,0.0,16.03110888108377,13.96889111891621,0.0,0.0,0.0,0.0,0.0,0.0,0.0,0.0,0.0,0.0,0.0,0.0,0.0,0.0,0.0,0.0,0.0,nan,nan,4.183890577507599,2.9622111494290535,nan,0.3992,0.03516,0.0,0.0,0.0,0.0,0.0,0.0,0.0,0.0,0.0,0.0,0.0,0.0,0.0,0.0,0.0,0.0,0.0,0.0,0.0,0.0,0.0,0.0,0.0,0.0,0.0,0.0,0.0,0.0,0.0020572002007024585,0.001831409934771701,0.00030105368790767686,0.0014049172102358254,0.009056698444555946,0.020546914199698948,0.03590065228299047,0.037857501254390365,0.04994982438534872,0.0914199698946312,0.12955343702960362,0.09345208228800803,0.08783241344706473,0.10308580030105369,0.10444054189663823,0.08386853988961365,0.04352734570998495,0.05346211741093829,0.02501254390366282,0.010135474159558455,0.00948319116909182,0.003236327145007526,0.0022829904666332164,0.00030105368790767686,0.0,0.0,0.0,0.0,0.0,0.0,0.0,0.0,0.0,0.0,0.0,0.0,0.0,0.0,0.0,0.0,0.0,0.0,0.0,0.0,0.0,0.0,0.0,0.0,0.0,0.0,0.0,0.0,0.0,0.0,0.0,0.0,0.0,0.0,0.0,0.0,0.0,0.0,0.0,0.0,0.0,0.0,0.0,0.0,0.0,0.0,0.0,0.0,0.0,nan,nan,4.183890577507599,2.9622111494290535,nan,0.9419804489275194,0.023715091492292385,0.0,0.0,0.0,0.0,0.0,0.0,0.0,0.0,0.0,0.0,0.0,0.0,0.0,0.0,0.0,0.0,0.0,0.0,0.0,0.0,0.0,0.0,0.0,0.0,0.0,0.056603773584905676,1.3018867924528303,9.226415094339623,15.311320754716984,4.103773584905661,0.9421024647684088,0.023674164240833403,0.0,0.0,0.0,0.0,0.0,0.0,0.0,0.0,0.0,0.0,0.0,0.0,0.0,0.0,0.0,0.0,0.0,0.0,0.0,0.0,0.0,0.0,0.0,0.0,0.0,0.0,0.8360128617363346,10.032154340836016,14.244372990353702,4.887459807073956,0.3994,0.007633,0.0,0.0,0.0,0.0,0.0,0.0,0.0,0.0,0.0,0.0,0.0,15.905660377358467,14.094339622641513,0.0,0.0,0.0,0.0,0.0,0.0,0.0,0.0,0.0,0.0,0.0,0.0,0.0,0.0,0.0,0.0,0.0,0.399,0.007404,0.0,0.0,0.0,0.0,0.0,0.0,0.0,0.0,0.0,0.0,0.0,16.173633440514447,13.826366559485534,0.0,0.0,0.0,0.0,0.0,0.0,0.0,0.0,0.0,0.0,0.0,0.0,0.0,0.0,0.0,0.0,0.0
1600,2076,1100,0.5298651252408478,511,410,0.4436416184971098,572,0.5510597302504817,0.40199999999999997,2.9969262295081966,3.085693916346465,6.667870036101083,2.0067072040046026,9564.464354527938,1612.116505810144,7853.0,11083.0,11083.0,0.0,7853.0,0.0,28.141136801541425,20.614332319373776,33.13138267355135,18.716395219437622,0.14065510597302505,0.09971098265895954,0.08622350674373795,0.08429672447013488,0.07032755298651253,0.08188824662813102,0.07321772639691715,0.06647398843930635,0.057321772639691716,0.05539499036608863,0.055876685934489405,0.041425818882466284,0.03757225433526012,0.01878612716763006,0.016859344894026976,0.007707129094412331,0.006262042389210019,0.9413102901969571,0.023253859878899955,0.0,0.0,0.0,0.0,0.0,0.0,0.0,0.0,0.0,0.0,0.0,0.0,0.0,0.0,0.0,0.0,0.0,0.0,0.0,0.0,0.0,0.0,0.0,0.0,0.0,0.02890173410404625,1.2427745664739887,9.465317919075146,14.971098265895957,4.291907514450868,4.255208333333333,2.881780764260857,nan,nan,nan,4.309774436090225,2.832726698893609,4.2017673048600885,2.9280417335772735,0.9749390292156173,0.399,0.00776,0.0,0.0,0.0,0.0,0.0,0.0,0.0,0.0,0.0,0.0,0.0,17.167630057803443,12.832369942196536,0.0,0.0,0.0,0.0,0.0,0.0,0.0,0.0,0.0,0.0,0.0,0.0,0.0,0.0,0.0,0.0,0.0,nan,nan,4.255208333333333,2.881780764260857,nan,0.3987,0.03494,0.0,0.0,0.0,0.0,0.0,0.0,0.0,0.0,0.0,0.0,0.0,0.0,0.0,0.0,0.0,0.0,0.0,0.0,0.0,0.0,0.0,0.0,0.0,0.0,0.0,0.0,4.816955684007707e-05,7.225433526011561e-05,0.0017100192678227361,0.002601156069364162,0.00028901734104046245,0.0025289017341040463,0.008453757225433525,0.02056840077071291,0.03465799614643545,0.039426782273603085,0.05079479768786127,0.09547206165703276,0.12213391136801541,0.09366570327552987,0.08834296724470135,0.10840558766859344,0.10751445086705202,0.08145472061657033,0.039065510597302504,0.0563102119460501,0.024421965317919077,0.008453757225433525,0.009152215799614644,0.0028179190751445086,0.0011801541425818882,0.0003853564547206166,7.225433526011561e-05,0.0,0.0,0.0,0.0,0.0,0.0,0.0,0.0,0.0,0.0,0.0,0.0,0.0,0.0,0.0,0.0,0.0,0.0,0.0,0.0,0.0,0.0,0.0,0.0,0.0,0.0,0.0,0.0,0.0,0.0,0.0,0.0,0.0,0.0,0.0,0.0,0.0,0.0,0.0,0.0,0.0,0.0,0.0,0.0,0.0,0.0,0.0,0.0,nan,nan,4.255208333333333,2.881780764260857,nan,0.942585883248936,0.02345621511244109,0.0,0.0,0.0,0.0,0.0,0.0,0.0,0.0,0.0,0.0,0.0,0.0,0.0,0.0,0.0,0.0,0.0,0.0,0.0,0.0,0.0,0.0,0.0,0.0,0.0,0.05454545454545456,1.1181818181818184,9.081818181818184,14.863636363636367,4.881818181818183,0.9398726340932925,0.022938796382934574,0.0,0.0,0.0,0.0,0.0,0.0,0.0,0.0,0.0,0.0,0.0,0.0,0.0,0.0,0.0,0.0,0.0,0.0,0.0,0.0,0.0,0.0,0.0,0.0,0.0,0.0,1.3831967213114758,9.897540983606559,15.092213114754102,3.62704918032787,0.3984,0.007732,0.0,0.0,0.0,0.0,0.0,0.0,0.0,0.0,0.0,0.0,0.0,17.34545454545452,12.654545454545458,0.0,0.0,0.0,0.0,0.0,0.0,0.0,0.0,0.0,0.0,0.0,0.0,0.0,0.0,0.0,0.0,0.0,0.3992,0.007782,0.0,0.0,0.0,0.0,0.0,0.0,0.0,0.0,0.0,0.0,0.0,16.967213114754074,13.032786885245905,0.0,0.0,0.0,0.0,0.0,0.0,0.0,0.0,0.0,0.0,0.0,0.0,0.0,0.0,0.0,0.0,0.0
1700,2051,1070,0.5216967333008289,499,421,0.4485616772306192,567,0.552901023890785,0.422,3.0132517838939856,3.130011207623139,6.692592592592592,2.1734808957958602,9538.080448561677,1613.4787667426533,7853.0,11083.0,11083.0,0.0,7853.0,0.0,28.238907849829353,20.98439130117039,33.39323220536756,19.094204853334073,0.1409068746952706,0.10190151145782544,0.0916626036079961,0.07752315943442223,0.0780107264748903,0.0726474890297416,0.07557289127254997,0.061921014139444175,0.056557776694295465,0.05265724037055095,0.04583130180399805,0.04826913700633837,0.035592393954168695,0.026328620185275476,0.020965382740126767,0.009263773768893223,0.004388103364212579,0.9410737555297859,0.023542134266506757,0.0,0.0,0.0,0.0,0.0,0.0,0.0,0.0,0.0,0.0,0.0,0.0,0.0,0.0,0.0,0.0,0.0,0.0,0.0,0.0,0.0,0.0,0.0,0.0,0.0,0.014627011214041934,1.4480741101901513,9.244271087274502,15.065821550463193,4.227206240858119,4.196122296793438,2.893514030061898,nan,nan,nan,4.178102189781022,2.8826871924319613,4.214939024390244,2.9046571093867937,1.0088166428047929,0.399,0.00746,0.0,0.0,0.0,0.0,0.0,0.0,0.0,0.0,0.0,0.0,0.0,16.938078985860532,13.061921014139447,0.0,0.0,0.0,0.0,0.0,0.0,0.0,0.0,0.0,0.0,0.0,0.0,0.0,0.0,0.0,0.0,0.0,nan,nan,4.196122296793438,2.893514030061898,nan,0.399,0.0352,0.0,0.0,0.0,0.0,0.0,0.0,0.0,0.0,0.0,0.0,0.0,0.0,0.0,0.0,0.0,0.0,0.0,0.0,0.0,0.0,0.0,0.0,0.0,0.0,0.0,0.0,0.0,2.4378352023403218e-05,0.001901511457825451,0.003266699171136031,0.00024378352023403217,0.003437347635299854,0.009410043881033642,0.020941004388103365,0.02932715748415407,0.03905411994149195,0.045465626523647,0.09878108239882984,0.12698683568990737,0.09232081911262799,0.08656752803510483,0.1121404193076548,0.11014139444173573,0.08166747927840078,0.038810336421257925,0.05024378352023403,0.023744514870794733,0.007703559239395417,0.010214529497805947,0.004534373476352998,0.0019746465138956604,0.0010238907849829352,4.8756704046806435e-05,2.4378352023403218e-05,0.0,0.0,0.0,0.0,0.0,0.0,0.0,0.0,0.0,0.0,0.0,0.0,0.0,0.0,0.0,0.0,0.0,0.0,0.0,0.0,0.0,0.0,0.0,0.0,0.0,0.0,0.0,0.0,0.0,0.0,0.0,0.0,0.0,0.0,0.0,0.0,0.0,0.0,0.0,0.0,0.0,0.0,0.0,0.0,0.0,0.0,0.0,nan,nan,4.196122296793438,2.893514030061898,nan,0.9416398136972267,0.023681780760107303,0.0,0.0,0.0,0.0,0.0,0.0,0.0,0.0,0.0,0.0,0.0,0.0,0.0,0.0,0.0,0.0,0.0,0.0,0.0,0.0,0.0,0.0,0.0,0.0,0.0,0.0280373831775701,1.5700934579439256,9.084112149532713,14.719626168224302,4.598130841121496,0.9404563424419555,0.02337324216427787,0.0,0.0,0.0,0.0,0.0,0.0,0.0,0.0,0.0,0.0,0.0,0.0,0.0,0.0,0.0,0.0,0.0,0.0,0.0,0.0,0.0,0.0,0.0,0.0,0.0,0.0,1.3149847094801226,9.41896024464832,15.443425076452604,3.822629969418961,0.399,0.00759,0.0,0.0,0.0,0.0,0.0,0.0,0.0,0.0,0.0,0.0,0.0,16.738317757009323,13.261682242990657,0.0,0.0,0.0,0.0,0.0,0.0,0.0,0.0,0.0,0.0,0.0,0.0,0.0,0.0,0.0,0.0,0.0,0.399,0.007324,0.0,0.0,0.0,0.0,0.0,0.0,0.0,0.0,0.0,0.0,0.0,17.15596330275227,12.84403669724771,0.0,0.0,0.0,0.0,0.0,0.0,0.0,0.0,0.0,0.0,0.0,0.0,0.0,0.0,0.0,0.0,0.0
1800,2100,1110,0.5285714285714286,529,427,0.4552380952380952,587,0.559047619047619,0.422,3.1333333333333333,3.153385226044922,6.721014492753623,2.2177790463300635,9560.285714285714,1612.3611093482673,7853.0,11083.0,11083.0,0.0,7853.0,0.0,28.404285714285713,21.234268815027363,33.55833807626637,19.382194833862165,0.14047619047619048,0.09952380952380953,0.09523809523809523,0.07238095238095238,0.07,0.08190476190476191,0.07952380952380952,0.06666666666666667,0.062380952380952384,0.04380952380952381,0.048095238095238094,0.03666666666666667,0.03666666666666667,0.025714285714285714,0.020476190476190478,0.012380952380952381,0.008095238095238095,0.9419750776177361,0.023754897000297107,0.0,0.0,0.0,0.0,0.0,0.0,0.0,0.0,0.0,0.0,0.0,0.0,0.0,0.0,0.0,0.0,0.0,0.0,0.0,0.0,0.0,0.0,0.0,0.0,0.0,0.028571428571428577,1.2000000000000002,9.814285714285717,14.38571428571429,4.571428571428572,4.25036496350365,2.910480033840738,nan,nan,nan,4.28005657708628,2.8972378197291966,4.218702865761689,2.9242028691605633,0.985665210209357,0.3992,0.00749,0.0,0.0,0.0,0.0,0.0,0.0,0.0,0.0,0.0,0.0,0.0,15.81428571428569,14.185714285714289,0.0,0.0,0.0,0.0,0.0,0.0,0.0,0.0,0.0,0.0,0.0,0.0,0.0,0.0,0.0,0.0,0.0,nan,nan,4.25036496350365,2.910480033840738,nan,0.3992,0.03555,0.0,0.0,0.0,0.0,0.0,0.0,0.0,0.0,0.0,0.0,0.0,0.0,0.0,0.0,0.0,0.0,0.0,0.0,0.0,0.0,0.0,0.0,0.0,0.0,0.0,4.761904761904762e-05,0.0,0.0,0.0016666666666666668,0.0036666666666666666,0.00011904761904761905,0.004190476190476191,0.009857142857142858,0.021380952380952382,0.028595238095238094,0.035904761904761905,0.043333333333333335,0.10064285714285715,0.12742857142857142,0.09354761904761905,0.08580952380952381,0.11340476190476191,0.11302380952380953,0.07373809523809524,0.04197619047619048,0.04759523809523809,0.023285714285714285,0.010261904761904762,0.012357142857142856,0.004642857142857143,0.002357142857142857,0.0011666666666666668,0.0,0.0,0.0,0.0,0.0,0.0,0.0,0.0,0.0,0.0,0.0,0.0,0.0,0.0,0.0,0.0,0.0,0.0,0.0,0.0,0.0,0.0,0.0,0.0,0.0,0.0,0.0,0.0,0.0,0.0,0.0,0.0,0.0,0.0,0.0,0.0,0.0,0.0,0.0,0.0,0.0,0.0,0.0,0.0,0.0,0.0,0.0,0.0,0.0,nan,nan,4.25036496350365,2.910480033840738,nan,0.9420669104064907,0.0245945820518342,0.0,0.0,0.0,0.0,0.0,0.0,0.0,0.0,0.0,0.0,0.0,0.0,0.0,0.0,0.0,0.0,0.0,0.0,0.0,0.0,0.0,0.0,0.0,0.0,0.0,0.054054054054054064,1.2702702702702704,10.10810810810811,13.648648648648653,4.918918918918919,0.9418721135818597,0.022776209722819185,0.0,0.0,0.0,0.0,0.0,0.0,0.0,0.0,0.0,0.0,0.0,0.0,0.0,0.0,0.0,0.0,0.0,0.0,0.0,0.0,0.0,0.0,0.0,0.0,0.0,0.0,1.1212121212121215,9.484848484848486,15.212121212121216,4.1818181818181825,0.3992,0.007576,0.0,0.0,0.0,0.0,0.0,0.0,0.0,0.0,0.0,0.0,0.0,15.864864864864842,14.135135135135139,0.0,0.0,0.0,0.0,0.0,0.0,0.0,0.0,0.0,0.0,0.0,0.0,0.0,0.0,0.0,0.0,0.0,0.3992,0.00739,0.0,0.0,0.0,0.0,0.0,0.0,0.0,0.0,0.0,0.0,0.0,15.757575757575735,14.242424242424246,0.0,0.0,0.0,0.0,0.0,0.0,0.0,0.0,0.0,0.0,0.0,0.0,0.0,0.0,0.0,0.0,0.0
1900,1983,1019,0.51386787695411,464,417,0.4442763489662128,569,0.5738779626828038,0.426,3.133817427385892,3.1671514145758506,6.621428571428571,2.1479819670128157,9512.793242561775,1614.3786933123224,7853.0,11083.0,11083.0,0.0,7853.0,0.0,28.27332324760464,21.06917572685932,33.22109047333733,19.29415663605921,0.14019162884518407,0.10186585980837115,0.08219868885526979,0.0902672718103883,0.08068582955118507,0.0680786686838124,0.07715582450832073,0.0600100857286939,0.06354009077155824,0.04891578416540595,0.044377206253151794,0.04286434694906707,0.03530005042864347,0.02773575390821987,0.018154311649016642,0.011598587997982855,0.0070600100857286935,0.9422322197268241,0.023738858734724148,0.0,0.0,0.0,0.0,0.0,0.0,0.0,0.0,0.0,0.0,0.0,0.0,0.0,0.0,0.0,0.0,0.0,0.0,0.0,0.0,0.0,0.0,0.0,0.0,0.0,0.03025718608169441,1.1346444780635403,9.667170953101364,14.40242057488654,4.76550680786687,4.330488750969744,2.935195034918067,nan,nan,nan,4.515007898894154,2.9121164935990245,4.145038167938932,2.9425079851748945,0.9180577887702394,0.399,0.00798,0.0,0.0,0.0,0.0,0.0,0.0,0.0,0.0,0.0,0.0,0.0,16.52042360060512,13.47957639939486,0.0,0.0,0.0,0.0,0.0,0.0,0.0,0.0,0.0,0.0,0.0,0.0,0.0,0.0,0.0,0.0,0.0,nan,nan,4.330488750969744,2.935195034918067,nan,0.399,0.0353,0.0,0.0,0.0,0.0,0.0,0.0,0.0,0.0,0.0,0.0,0.0,0.0,0.0,0.0,0.0,0.0,0.0,0.0,0.0,0.0,0.0,0.0,0.0,0.00017650025214321734,0.0,7.5642965204236e-05,0.0,0.00010085728693898134,0.0011598587997982855,0.004311649016641452,7.5642965204236e-05,0.004891578416540595,0.009984871406959153,0.021961674230963187,0.026248108925869894,0.03603126575895108,0.04573877962682804,0.09631870902672718,0.1310388300554715,0.09566313666162381,0.08441754916792739,0.10922844175491679,0.11966717095310136,0.07531517902168432,0.0402672718103883,0.04773071104387292,0.021255673222390317,0.010816944024205749,0.009077155824508321,0.005521936459909229,0.0019667170953101363,0.0008572869389813414,0.0,0.0,0.0,0.00010085728693898134,0.0,0.0,0.0,0.0,0.0,0.0,0.0,0.0,0.0,0.0,0.0,0.0,0.0,0.0,0.0,0.0,0.0,0.0,0.0,0.0,0.0,0.0,0.0,0.0,0.0,0.0,0.0,0.0,0.0,0.0,0.0,0.0,0.0,0.0,0.0,0.0,0.0,0.0,0.0,0.0,0.0,0.0,0.0,0.0,0.0,nan,nan,4.330488750969744,2.935195034918067,nan,0.9426328803068055,0.02391648383499081,0.0,0.0,0.0,0.0,0.0,0.0,0.0,0.0,0.0,0.0,0.0,0.0,0.0,0.0,0.0,0.0,0.0,0.0,0.0,0.0,0.0,0.0,0.0,0.0,0.0,0.0294406280667321,0.912659470068695,10.009813542688912,13.925417075564281,5.122669283611384,0.9418086998813875,0.023542230627254326,0.0,0.0,0.0,0.0,0.0,0.0,0.0,0.0,0.0,0.0,0.0,0.0,0.0,0.0,0.0,0.0,0.0,0.0,0.0,0.0,0.0,0.0,0.0,0.0,0.0,0.031120331950207476,1.3692946058091289,9.304979253112036,14.906639004149381,4.387966804979254,0.3992,0.00793,0.0,0.0,0.0,0.0,0.0,0.0,0.0,0.0,0.0,0.0,0.0,16.015701668302235,13.984298331697746,0.0,0.0,0.0,0.0,0.0,0.0,0.0,0.0,0.0,0.0,0.0,0.0,0.0,0.0,0.0,0.0,0.0,0.3987,0.008026,0.0,0.0,0.0,0.0,0.0,0.0,0.0,0.0,0.0,0.0,0.0,17.053941908713668,12.94605809128631,0.0,0.0,0.0,0.0,0.0,0.0,0.0,0.0,0.0,0.0,0.0,0.0,0.0,0.0,0.0,0.0,0.0
2000,1989,1021,0.5133232780291603,469,393,0.4333836098541981,571,0.5741578682755153,0.426,3.0733471074380163,3.1422527640588425,6.546075085324232,2.14700997448537,9511.034188034188,1614.4265417355593,7853.0,11083.0,11083.0,0.0,7853.0,0.0,28.49824032176973,21.14337614649943,33.263345195729535,19.436136177785166,0.13323278029160382,0.09904474610356963,0.09854198089492207,0.07993966817496229,0.08446455505279035,0.0693815987933635,0.07290095525389644,0.058823529411764705,0.05681246857717446,0.05178481649069885,0.053293112116641526,0.04072398190045249,0.03167420814479638,0.029160382101558573,0.024132730015082957,0.00904977375565611,0.007038712921065862,0.9433447510648337,0.023306802701881877,0.0,0.0,0.0,0.0,0.0,0.0,0.0,0.0,0.0,0.0,0.0,0.0,0.0,0.0,0.0,0.0,0.0,0.0,0.0,0.0,0.0,0.0,0.0,0.0,0.0,0.0,0.9653092006033185,9.170437405731525,15.158371040723985,4.7058823529411775,4.492979719188767,2.899840871618981,nan,nan,nan,4.524409448818898,2.897832927356467,4.46594427244582,2.902105239377761,0.9870778325802629,0.3984,0.00783,0.0,0.0,0.0,0.0,0.0,0.0,0.0,0.0,0.0,0.0,0.0,17.61689291101053,12.383107088989446,0.0,0.0,0.0,0.0,0.0,0.0,0.0,0.0,0.0,0.0,0.0,0.0,0.0,0.0,0.0,0.0,0.0,nan,nan,4.492979719188767,2.899840871618981,nan,0.3984,0.03516,0.0,0.0,0.0,0.0,0.0,0.0,0.0,0.0,0.0,0.0,0.0,0.0,0.0,0.0,0.0,0.0,0.0,0.0,0.0,0.0,0.0,0.0,0.0,0.00017596782302664655,0.0,0.0,0.0,2.5138260432378078e-05,0.0017596782302664656,0.004876822523881347,0.0,0.005002513826043237,0.010005027652086475,0.019909502262443438,0.026721970839617897,0.03733031674208145,0.04786324786324787,0.09185520361990951,0.13398692810457516,0.10082956259426848,0.08137254901960785,0.11063348416289592,0.12096530920060332,0.07420814479638009,0.03745600804424334,0.04524886877828054,0.022599296128707893,0.010382101558572146,0.010256410256410256,0.0048265460030165915,0.000955253896430367,0.0007290095525389643,0.0,0.0,0.0,2.5138260432378078e-05,0.0,0.0,0.0,0.0,0.0,0.0,0.0,0.0,0.0,0.0,0.0,0.0,0.0,0.0,0.0,0.0,0.0,0.0,0.0,0.0,0.0,0.0,0.0,0.0,0.0,0.0,0.0,0.0,0.0,0.0,0.0,0.0,0.0,0.0,0.0,0.0,0.0,0.0,0.0,0.0,0.0,0.0,0.0,0.0,0.0,nan,nan,4.492979719188767,2.899840871618981,nan,0.9449926074174663,0.022660568026895866,0.0,0.0,0.0,0.0,0.0,0.0,0.0,0.0,0.0,0.0,0.0,0.0,0.0,0.0,0.0,0.0,0.0,0.0,0.0,0.0,0.0,0.0,0.0,0.0,0.0,0.0,0.7933398628795301,8.462291870714987,15.690499510284038,5.05386875612145,0.9416066711722326,0.023846471065938055,0.0,0.0,0.0,0.0,0.0,0.0,0.0,0.0,0.0,0.0,0.0,0.0,0.0,0.0,0.0,0.0,0.0,0.0,0.0,0.0,0.0,0.0,0.0,0.0,0.0,0.0,1.1466942148760333,9.917355371900829,14.597107438016533,4.338842975206613,0.3984,0.00789,0.0,0.0,0.0,0.0,0.0,0.0,0.0,0.0,0.0,0.0,0.0,17.65915768854062,12.340842311459356,0.0,0.0,0.0,0.0,0.0,0.0,0.0,0.0,0.0,0.0,0.0,0.0,0.0,0.0,0.0,0.0,0.0,0.3987,0.007763,0.0,0.0,0.0,0.0,0.0,0.0,0.0,0.0,0.0,0.0,0.0,17.57231404958675,12.427685950413226,0.0,0.0,0.0,0.0,0.0,0.0,0.0,0.0,0.0,0.0,0.0,0.0,0.0,0.0,0.0,0.0,0.0
2100,1877,982,0.5231752797016516,485,360,0.4501864677677144,510,0.5434203516249334,0.422,2.995530726256983,3.1120565911804254,6.640316205533597,2.0759004662709297,9542.856153436334,1613.2642549479351,7853.0,11083.0,11083.0,0.0,7853.0,0.0,27.984549813532233,20.96022760261012,33.26619627966645,19.06910777724279,0.14331379861481086,0.09909429941395845,0.08790623335109217,0.08151305274374002,0.09057005860415557,0.0761854022376132,0.06553010122535961,0.06180074587107086,0.05594033031433138,0.05647309536494406,0.042621204049014386,0.036760788492274904,0.03516249334043687,0.03569525839104955,0.018646776771443795,0.008524240809802876,0.004262120404901438,0.9428770034695535,0.02382366532606184,0.0,0.0,0.0,0.0,0.0,0.0,0.0,0.0,0.0,0.0,0.0,0.0,0.0,0.0,0.0,0.0,0.0,0.0,0.0,0.0,0.0,0.0,0.0,0.0,0.0,0.03196590303676079,1.166755460841769,9.28609483217901,14.672349493873206,4.842834310069261,4.237121831561733,2.9072940481867877,nan,nan,nan,4.143824027072758,2.9146850772118036,4.324367088607595,2.8976487486079545,1.0435691912483007,0.3992,0.00776,0.0,0.0,0.0,0.0,0.0,0.0,0.0,0.0,0.0,0.0,0.0,16.094832179009035,13.905167820990947,0.0,0.0,0.0,0.0,0.0,0.0,0.0,0.0,0.0,0.0,0.0,0.0,0.0,0.0,0.0,0.0,0.0,nan,nan,4.237121831561733,2.9072940481867877,nan,0.3992,0.03442,0.0,0.0,0.0,0.0,0.0,0.0,0.0,0.0,0.0,0.0,0.0,0.0,0.0,0.0,0.0,0.0,0.0,0.0,0.0,0.0,0.0,0.0,0.0,0.0,0.0,0.0,0.0,5.327650506126798e-05,0.0012786361214704315,0.0038891848694725625,0.0,0.004768247202983484,0.009323388385721897,0.020484816196057538,0.0257059136920618,0.03630793819925413,0.04565796483750666,0.08857218966435802,0.13159296750133193,0.09933404368673415,0.08255194459243474,0.11454448588172615,0.13193926478423015,0.08034096963239211,0.03444326052210975,0.04166222695791156,0.018779968034096962,0.01121470431539691,0.012253596164091636,0.003702717101758125,0.0009057005860415556,0.0006925945657964837,0.0,0.0,0.0,0.0,0.0,0.0,0.0,0.0,0.0,0.0,0.0,0.0,0.0,0.0,0.0,0.0,0.0,0.0,0.0,0.0,0.0,0.0,0.0,0.0,0.0,0.0,0.0,0.0,0.0,0.0,0.0,0.0,0.0,0.0,0.0,0.0,0.0,0.0,0.0,0.0,0.0,0.0,0.0,0.0,0.0,0.0,0.0,0.0,0.0,nan,nan,4.237121831561733,2.9072940481867877,nan,0.9430387198560836,0.0243304159878264,0.0,0.0,0.0,0.0,0.0,0.0,0.0,0.0,0.0,0.0,0.0,0.0,0.0,0.0,0.0,0.0,0.0,0.0,0.0,0.0,0.0,0.0,0.0,0.0,0.0,0.0,1.344195519348269,9.042769857433811,14.450101832993894,5.162932790224033,0.9426995671661207,0.023253659713354614,0.0,0.0,0.0,0.0,0.0,0.0,0.0,0.0,0.0,0.0,0.0,0.0,0.0,0.0,0.0,0.0,0.0,0.0,0.0,0.0,0.0,0.0,0.0,0.0,0.0,0.06703910614525141,0.9720670391061456,9.553072625698325,14.91620111731844,4.491620111731844,0.399,0.007626,0.0,0.0,0.0,0.0,0.0,0.0,0.0,0.0,0.0,0.0,0.0,16.405295315682256,13.594704684317723,0.0,0.0,0.0,0.0,0.0,0.0,0.0,0.0,0.0,0.0,0.0,0.0,0.0,0.0,0.0,0.0,0.0,0.3994,0.00789,0.0,0.0,0.0,0.0,0.0,0.0,0.0,0.0,0.0,0.0,0.0,15.754189944134056,14.245810055865926,0.0,0.0,0.0,0.0,0.0,0.0,0.0,0.0,0.0,0.0,0.0,0.0,0.0,0.0,0.0,0.0,0.0
2200,1973,998,0.5058286872782565,461,419,0.44602128737962493,577,0.5848960973137354,0.426,2.9425641025641025,3.1183137438149515,6.537593984962406,2.2005843893613037,9486.82665990877,1614.8902615585616,7853.0,11083.0,11083.0,0.0,7853.0,0.0,27.66447034972124,20.609514621660885,32.56306578153289,18.850004436220217,0.1388748099341105,0.0983274201723264,0.0983274201723264,0.0957932083122149,0.07197161682716675,0.07653319817536747,0.06436898124683224,0.06436898124683224,0.05727318803852002,0.05321844906234161,0.051697921946274705,0.039026862645717184,0.03345159655347187,0.025848960973137353,0.01926001013684744,0.008616320324379118,0.0030410542321338066,0.9430891740038138,0.02365022817511759,0.0,0.0,0.0,0.0,0.0,0.0,0.0,0.0,0.0,0.0,0.0,0.0,0.0,0.0,0.0,0.0,0.0,0.0,0.0,0.0,0.0,0.0,0.0,0.0,0.0,0.045615813482007106,1.0643689812468324,9.092752154080083,14.916371008616323,4.88089204257476,4.3599683544303796,2.923769675080889,nan,nan,nan,4.236044657097288,2.8972476051256066,4.481132075471698,2.9467959321227077,1.057857609684019,0.3994,0.007454,0.0,0.0,0.0,0.0,0.0,0.0,0.0,0.0,0.0,0.0,0.0,16.011150532184466,13.988849467815513,0.0,0.0,0.0,0.0,0.0,0.0,0.0,0.0,0.0,0.0,0.0,0.0,0.0,0.0,0.0,0.0,0.0,nan,nan,4.3599683544303796,2.923769675080889,nan,0.3994,0.0344,0.0,0.0,0.0,0.0,0.0,0.0,0.0,0.0,0.0,0.0,0.0,0.0,0.0,0.0,0.0,0.0,0.0,0.0,0.0,0.0,0.0,0.0,0.0,0.0,0.0,0.0,0.0,0.0,0.0007349214394323366,0.0039787126203750635,2.5342118601115053e-05,0.0064115560060821085,0.008895083628991383,0.019437404967055247,0.022503801317790166,0.03760770400405474,0.04541307653319818,0.0912316269640142,0.12655854029396857,0.09589457678661936,0.0877090724784592,0.11343132285859098,0.13279270146984287,0.08193106943740497,0.03512417638114546,0.04216928535225545,0.01941206284845413,0.009452610238215914,0.013963507349214394,0.0035732387227572224,0.0011910795742524074,0.0005575266092245312,0.0,0.0,0.0,0.0,0.0,0.0,0.0,0.0,0.0,0.0,0.0,0.0,0.0,0.0,0.0,0.0,0.0,0.0,0.0,0.0,0.0,0.0,0.0,0.0,0.0,0.0,0.0,0.0,0.0,0.0,0.0,0.0,0.0,0.0,0.0,0.0,0.0,0.0,0.0,0.0,0.0,0.0,0.0,0.0,0.0,0.0,0.0,0.0,0.0,nan,nan,4.3599683544303796,2.923769675080889,nan,0.9438165640663766,0.023395146081777524,0.0,0.0,0.0,0.0,0.0,0.0,0.0,0.0,0.0,0.0,0.0,0.0,0.0,0.0,0.0,0.0,0.0,0.0,0.0,0.0,0.0,0.0,0.0,0.0,0.0,0.030060120240480968,0.7815631262525052,9.498997995991985,14.699398797595194,4.9899799599198404,0.9423446249961853,0.023885578947040416,0.0,0.0,0.0,0.0,0.0,0.0,0.0,0.0,0.0,0.0,0.0,0.0,0.0,0.0,0.0,0.0,0.0,0.0,0.0,0.0,0.0,0.0,0.0,0.0,0.0,0.061538461538461556,1.3538461538461541,8.676923076923078,15.138461538461542,4.76923076923077,0.3994,0.00747,0.0,0.0,0.0,0.0,0.0,0.0,0.0,0.0,0.0,0.0,0.0,16.32264529058114,13.677354709418841,0.0,0.0,0.0,0.0,0.0,0.0,0.0,0.0,0.0,0.0,0.0,0.0,0.0,0.0,0.0,0.0,0.0,0.3997,0.007435,0.0,0.0,0.0,0.0,0.0,0.0,0.0,0.0,0.0,0.0,0.0,15.69230769230767,14.307692307692312,0.0,0.0,0.0,0.0,0.0,0.0,0.0,0.0,0.0,0.0,0.0,0.0,0.0,0.0,0.0,0.0,0.0
2300,1807,946,0.5235196458218041,437,358,0.4399557277255119,485,0.5368013281682347,0.45,2.926829268292683,3.105648490748181,6.641666666666667,2.042448829768379,9543.968456004428,1613.2122593423046,7853.0,11083.0,11083.0,0.0,7853.0,0.0,28.962368566685115,21.57792330707492,34.0995385629532,19.737732765220738,0.13890426120641947,0.09352517985611511,0.09407858328721638,0.08522412838959602,0.07581627006087438,0.06696181516325402,0.06917542888765911,0.058107360265633644,0.05866076369673492,0.055893746541228556,0.055893746541228556,0.039291643608190374,0.03320420586607637,0.033757609297177645,0.01992252351964582,0.01162147205312673,0.00996126175982291,0.9420514596913754,0.023740685547476163,0.0,0.0,0.0,0.0,0.0,0.0,0.0,0.0,0.0,0.0,0.0,0.0,0.0,0.0,0.0,0.0,0.0,0.0,0.0,0.0,0.0,0.0,0.0,0.0,0.0,0.06640841173215276,0.9961261759822914,9.662423907028225,14.692861095738797,4.58218040951854,4.05414551607445,2.921496077197243,nan,nan,nan,4.025553662691652,2.9367601123537717,4.089225589225589,2.9036929475447786,1.0158169364686505,0.3994,0.00782,0.0,0.0,0.0,0.0,0.0,0.0,0.0,0.0,0.0,0.0,0.01660210293303819,15.921416712783596,14.061981184283347,0.0,0.0,0.0,0.0,0.0,0.0,0.0,0.0,0.0,0.0,0.0,0.0,0.0,0.0,0.0,0.0,0.0,nan,nan,4.05414551607445,2.921496077197243,nan,0.3994,0.0346,0.0,0.0,0.0,0.0,0.0,0.0,0.0,0.0,0.0,0.0,0.0,0.0,0.0,0.0,0.0,0.0,0.0,0.0,0.0,0.0,0.0,0.0,0.0,0.0,0.0,5.534034311012728e-05,0.0,0.0,0.0006364139457664638,0.005229662423907028,2.767017155506364e-05,0.007166574432761483,0.009241837299391256,0.015190924183729939,0.02202545655783066,0.038157166574432765,0.04720531267293857,0.08929164360819038,0.13337022689540676,0.09601549529607084,0.08738240177089097,0.10918649695628113,0.13115661317100166,0.08112894299944659,0.03729939125622579,0.038627559490868844,0.021250691754288877,0.009739900387382401,0.015439955727725512,0.0036801328168234644,0.0011344770337576094,0.00035971223021582735,0.0,0.0,0.0,0.0,0.0,0.0,0.0,0.0,0.0,0.0,0.0,0.0,0.0,0.0,0.0,0.0,0.0,0.0,0.0,0.0,0.0,0.0,0.0,0.0,0.0,0.0,0.0,0.0,0.0,0.0,0.0,0.0,0.0,0.0,0.0,0.0,0.0,0.0,0.0,0.0,0.0,0.0,0.0,0.0,0.0,0.0,0.0,0.0,0.0,nan,nan,4.05414551607445,2.921496077197243,nan,0.9426465973289522,0.022815510584497004,0.0,0.0,0.0,0.0,0.0,0.0,0.0,0.0,0.0,0.0,0.0,0.0,0.0,0.0,0.0,0.0,0.0,0.0,0.0,0.0,0.0,0.0,0.0,0.0,0.0,0.031712473572938694,0.7610993657505286,9.513742071881609,15.190274841437637,4.503171247357295,0.9413975686284861,0.024700774934965305,0.0,0.0,0.0,0.0,0.0,0.0,0.0,0.0,0.0,0.0,0.0,0.0,0.0,0.0,0.0,0.0,0.0,0.0,0.0,0.0,0.0,0.0,0.0,0.0,0.0,0.10452961672473869,1.2543554006968645,9.825783972125437,14.146341463414636,4.668989547038328,0.3997,0.00791,0.0,0.0,0.0,0.0,0.0,0.0,0.0,0.0,0.0,0.0,0.031712473572938694,15.697674418604628,14.270613107822413,0.0,0.0,0.0,0.0,0.0,0.0,0.0,0.0,0.0,0.0,0.0,0.0,0.0,0.0,0.0,0.0,0.0,0.3994,0.007717,0.0,0.0,0.0,0.0,0.0,0.0,0.0,0.0,0.0,0.0,0.0,16.16724738675956,13.83275261324042,0.0,0.0,0.0,0.0,0.0,0.0,0.0,0.0,0.0,0.0,0.0,0.0,0.0,0.0,0.0,0.0,0.0
2400,2032,1090,0.5364173228346457,520,398,0.45177165354330706,556,0.547244094488189,0.414,3.0796178343949046,3.145284048149873,6.640449438202247,2.02001515371204,9585.627952755905,1610.7106086229314,7853.0,11083.0,11083.0,0.0,7853.0,0.0,28.637795275590552,21.094433079611644,33.502620850320326,19.32279876844653,0.13631889763779528,0.0984251968503937,0.09104330708661418,0.08513779527559055,0.07923228346456693,0.0703740157480315,0.06200787401574803,0.0718503937007874,0.06053149606299212,0.05019685039370079,0.0531496062992126,0.04625984251968504,0.03198818897637795,0.024114173228346455,0.01968503937007874,0.011318897637795276,0.008366141732283465,0.9410630278289318,0.02315276133254584,0.0,0.0,0.0,0.0,0.0,0.0,0.0,0.0,0.0,0.0,0.0,0.0,0.0,0.0,0.0,0.0,0.0,0.0,0.0,0.0,0.0,0.0,0.0,0.0,0.0,0.029527559055118117,1.1515748031496065,9.891732283464568,14.89665354330709,4.030511811023623,4.265813253012048,2.9908454603230843,nan,nan,nan,4.2556732223903175,2.96367091171474,4.275862068965517,3.0175005243178314,1.004743984211236,0.3992,0.007812,0.0,0.0,0.0,0.0,0.0,0.0,0.0,0.0,0.0,0.0,0.0,16.269685039370053,13.730314960629924,0.0,0.0,0.0,0.0,0.0,0.0,0.0,0.0,0.0,0.0,0.0,0.0,0.0,0.0,0.0,0.0,0.0,nan,nan,4.265813253012048,2.9908454603230843,nan,0.3992,0.0351,0.0,0.0,0.0,0.0,0.0,0.0,0.0,0.0,0.0,0.0,0.0,0.0,0.0,0.0,0.0,0.0,0.0,0.0,0.0,0.0,0.0,0.0,0.0,0.0,0.0,0.0,0.0,0.0,0.0004183070866141732,0.0069635826771653545,0.0,0.005880905511811024,0.009768700787401574,0.015600393700787401,0.02623031496062992,0.039739173228346455,0.04857283464566929,0.08407972440944882,0.13506397637795275,0.09493110236220473,0.09156003937007874,0.10110728346456693,0.13321850393700788,0.07635334645669291,0.03390748031496063,0.0406496062992126,0.02623031496062992,0.00905511811023622,0.016117125984251968,0.0034202755905511813,0.0006889763779527559,0.00044291338582677165,0.0,0.0,0.0,0.0,0.0,0.0,0.0,0.0,0.0,0.0,0.0,0.0,0.0,0.0,0.0,0.0,0.0,0.0,0.0,0.0,0.0,0.0,0.0,0.0,0.0,0.0,0.0,0.0,0.0,0.0,0.0,0.0,0.0,0.0,0.0,0.0,0.0,0.0,0.0,0.0,0.0,0.0,0.0,0.0,0.0,0.0,0.0,0.0,0.0,nan,nan,4.265813253012048,2.9908454603230843,nan,0.9405744576126064,0.02345079694185167,0.0,0.0,0.0,0.0,0.0,0.0,0.0,0.0,0.0,0.0,0.0,0.0,0.0,0.0,0.0,0.0,0.0,0.0,0.0,0.0,0.0,0.0,0.0,0.0,0.0,0.05504587155963304,1.211009174311927,10.073394495412845,14.752293577981655,3.908256880733946,0.941628358546336,0.022789971858320365,0.0,0.0,0.0,0.0,0.0,0.0,0.0,0.0,0.0,0.0,0.0,0.0,0.0,0.0,0.0,0.0,0.0,0.0,0.0,0.0,0.0,0.0,0.0,0.0,0.0,0.0,1.0828025477707008,9.681528662420384,15.063694267515928,4.171974522292994,0.3994,0.007706,0.0,0.0,0.0,0.0,0.0,0.0,0.0,0.0,0.0,0.0,0.0,16.266055045871536,13.733944954128443,0.0,0.0,0.0,0.0,0.0,0.0,0.0,0.0,0.0,0.0,0.0,0.0,0.0,0.0,0.0,0.0,0.0,0.399,0.007935,0.0,0.0,0.0,0.0,0.0,0.0,0.0,0.0,0.0,0.0,0.0,16.273885350318448,13.726114649681532,0.0,0.0,0.0,0.0,0.0,0.0,0.0,0.0,0.0,0.0,0.0,0.0,0.0,0.0,0.0,0.0,0.0
2500,1903,993,0.5218076720966894,462,388,0.4466631634261692,522,0.5486074619022596,0.438,2.9472527472527474,3.043542638646892,6.529411764705882,2.189829544848604,9538.438780872308,1613.4631629353125,7853.0,11083.0,11083.0,0.0,7853.0,0.0,28.22595901208618,20.734196479219722,33.06288916562889,18.94516975793779,0.13610089332632685,0.09774040987913821,0.09353652128218602,0.08565423016290068,0.07566999474513926,0.07619548081975827,0.0719915922228061,0.06883867577509196,0.05307409353652128,0.055176037834997374,0.05202312138728324,0.04571728849185497,0.029427220178665267,0.025223331581713086,0.01786652653704677,0.008407777193904361,0.007356805044666317,0.9401310478394369,0.023286395320692925,0.0,0.0,0.0,0.0,0.0,0.0,0.0,0.0,0.0,0.0,0.0,0.0,0.0,0.0,0.0,0.0,0.0,0.0,0.0,0.0,0.0,0.0,0.0,0.0,0.0,0.015764582238570683,1.2138728323699424,10.67262217551235,14.203888596952185,3.8938518129269584,4.173560421735604,2.81792116634142,nan,nan,nan,4.039872408293461,2.817693919996023,4.302479338842975,2.804260713699702,1.0650037684384308,0.3997,0.00785,0.0,0.0,0.0,0.0,0.0,0.0,0.0,0.0,0.0,0.0,0.0,15.559642669469236,14.440357330530745,0.0,0.0,0.0,0.0,0.0,0.0,0.0,0.0,0.0,0.0,0.0,0.0,0.0,0.0,0.0,0.0,0.0,nan,nan,4.173560421735604,2.81792116634142,nan,0.3997,0.03476,0.0,0.0,0.0,0.0,0.0,0.0,0.0,0.0,0.0,0.0,0.0,0.0,0.0,0.0,0.0,0.0,0.0,0.0,0.0,0.0,0.0,0.0,0.0,0.0,0.0,0.0,0.0,0.0,0.0004729374671571203,0.005149763531266421,7.882291119285339e-05,0.0047556489753021545,0.009196006305832895,0.012664214398318444,0.025748817656332107,0.04395691014188124,0.048423541776142935,0.08465580662112454,0.13105622700998423,0.09498160798738833,0.09361534419337887,0.10417761429322123,0.13200210194429848,0.07771939043615345,0.03210719915922228,0.04209143457698371,0.02580136626379401,0.008933263268523384,0.017577509196006307,0.003231739358906989,0.0009458749343142406,0.0006568575932737783,0.0,0.0,0.0,0.0,0.0,0.0,0.0,0.0,0.0,0.0,0.0,0.0,0.0,0.0,0.0,0.0,0.0,0.0,0.0,0.0,0.0,0.0,0.0,0.0,0.0,0.0,0.0,0.0,0.0,0.0,0.0,0.0,0.0,0.0,0.0,0.0,0.0,0.0,0.0,0.0,0.0,0.0,0.0,0.0,0.0,0.0,0.0,0.0,0.0,nan,nan,4.173560421735604,2.81792116634142,nan,0.9403303521277321,0.02310227214114409,0.0,0.0,0.0,0.0,0.0,0.0,0.0,0.0,0.0,0.0,0.0,0.0,0.0,0.0,0.0,0.0,0.0,0.0,0.0,0.0,0.0,0.0,0.0,0.0,0.0,0.0,1.178247734138973,10.755287009063446,14.018126888217527,4.048338368580061,0.9399135652479235,0.02348373537699574,0.0,0.0,0.0,0.0,0.0,0.0,0.0,0.0,0.0,0.0,0.0,0.0,0.0,0.0,0.0,0.0,0.0,0.0,0.0,0.0,0.0,0.0,0.0,0.0,0.0,0.032967032967032975,1.252747252747253,10.582417582417584,14.40659340659341,3.7252747252747263,0.4,0.0079,0.0,0.0,0.0,0.0,0.0,0.0,0.0,0.0,0.0,0.0,0.0,15.075528700906322,14.924471299093659,0.0,0.0,0.0,0.0,0.0,0.0,0.0,0.0,0.0,0.0,0.0,0.0,0.0,0.0,0.0,0.0,0.0,0.3997,0.007805,0.0,0.0,0.0,0.0,0.0,0.0,0.0,0.0,0.0,0.0,0.0,16.087912087912063,13.912087912087916,0.0,0.0,0.0,0.0,0.0,0.0,0.0,0.0,0.0,0.0,0.0,0.0,0.0,0.0,0.0,0.0,0.0
2600,1961,1036,0.5283018867924528,474,381,0.4360020397756247,530,0.5405405405405406,0.454,3.1113513513513515,3.243210089920639,6.94140625,2.1615614778351637,9559.415094339623,1612.4107046676656,7853.0,11083.0,11083.0,0.0,7853.0,0.0,27.4140744518103,20.91294419378062,32.59889434889435,19.17911624674184,0.1463539010708822,0.112697603263641,0.0861805201427843,0.08975012748597654,0.07496175420703723,0.07139214686384497,0.0693523712391637,0.06170321264660887,0.06017338092809791,0.054563997960224375,0.04436511983681795,0.04283528811830699,0.024987251402345742,0.027536970933197347,0.01580826109127996,0.008669046404895462,0.008669046404895462,0.9408652142017001,0.02387625699091729,0.0,0.0,0.0,0.0,0.0,0.0,0.0,0.0,0.0,0.0,0.0,0.0,0.0,0.0,0.0,0.0,0.0,0.0,0.0,0.0,0.0,0.0,0.0,0.0,0.0,0.06119326874043857,1.193268740438552,10.295767465578788,14.08975012748598,4.360020397756248,4.490259740259741,2.966518127816661,nan,nan,nan,4.469936708860759,3.009854278998297,4.514190317195325,2.9218049005654043,1.0099002762716622,0.4001,0.00782,0.0,0.0,0.0,0.0,0.0,0.0,0.0,0.0,0.0,0.0,0.0,14.793472718000997,15.206527281998984,0.0,0.0,0.0,0.0,0.0,0.0,0.0,0.0,0.0,0.0,0.0,0.0,0.0,0.0,0.0,0.0,0.0,nan,nan,4.490259740259741,2.966518127816661,nan,0.4001,0.03485,0.0,0.0,0.0,0.0,0.0,0.0,0.0,0.0,0.0,0.0,0.0,0.0,0.0,0.0,0.0,0.0,0.0,0.0,0.0,0.0,0.0,0.0,0.0,0.0,0.0,0.0,0.0,0.0,0.00022947475777664457,0.005711371749107598,0.0007139214686384497,0.0037990821009688935,0.007215706272310046,0.01295257521672616,0.025395206527282,0.04910759816420194,0.044671086180520146,0.07891381947985722,0.1291942886282509,0.09293727689954105,0.09653238143804181,0.111116777154513,0.1308006119326874,0.07756246812850587,0.0309535951045385,0.043625701172870984,0.025012748597654257,0.009994900560938297,0.01805201427842937,0.003212646608873024,0.001223865374808771,0.0010198878123406426,5.099439061703213e-05,0.0,0.0,0.0,0.0,0.0,0.0,0.0,0.0,0.0,0.0,0.0,0.0,0.0,0.0,0.0,0.0,0.0,0.0,0.0,0.0,0.0,0.0,0.0,0.0,0.0,0.0,0.0,0.0,0.0,0.0,0.0,0.0,0.0,0.0,0.0,0.0,0.0,0.0,0.0,0.0,0.0,0.0,0.0,0.0,0.0,0.0,0.0,0.0,nan,nan,4.490259740259741,2.966518127816661,nan,0.9409299973815565,0.02325086562041724,0.0,0.0,0.0,0.0,0.0,0.0,0.0,0.0,0.0,0.0,0.0,0.0,0.0,0.0,0.0,0.0,0.0,0.0,0.0,0.0,0.0,0.0,0.0,0.0,0.0,0.08687258687258688,0.9845559845559848,10.56949806949807,14.102316602316606,4.256756756756758,0.9407926570402609,0.024557592026995496,0.0,0.0,0.0,0.0,0.0,0.0,0.0,0.0,0.0,0.0,0.0,0.0,0.0,0.0,0.0,0.0,0.0,0.0,0.0,0.0,0.0,0.0,0.0,0.0,0.0,0.03243243243243244,1.4270270270270273,9.989189189189192,14.07567567567568,4.475675675675677,0.4,0.007812,0.0,0.0,0.0,0.0,0.0,0.0,0.0,0.0,0.0,0.0,0.0,15.318532818532796,14.681467181467186,0.0,0.0,0.0,0.0,0.0,0.0,0.0,0.0,0.0,0.0,0.0,0.0,0.0,0.0,0.0,0.0,0.0,0.4004,0.007835,0.0,0.0,0.0,0.0,0.0,0.0,0.0,0.0,0.0,0.0,0.0,14.205405405405386,15.7945945945946,0.0,0.0,0.0,0.0,0.0,0.0,0.0,0.0,0.0,0.0,0.0,0.0,0.0,0.0,0.0,0.0,0.0
2700,2268,1153,0.5083774250440917,559,458,0.44841269841269843,627,0.5529100529100529,0.426,2.917488789237668,3.0972878297146575,6.642857142857143,2.1136903923777326,9495.059082892416,1614.773298650006,7853.0,11083.0,11083.0,0.0,7853.0,0.0,27.769400352733687,20.54281454539323,32.74473684210526,18.723151969355747,0.13977072310405644,0.10626102292768959,0.08774250440917107,0.0873015873015873,0.07142857142857142,0.07627865961199294,0.06437389770723104,0.08024691358024691,0.06040564373897707,0.05291005291005291,0.045414462081128745,0.03835978835978836,0.03262786596119929,0.027336860670194002,0.01675485008818342,0.009700176366843033,0.0030864197530864196,0.9401157820823962,0.023083521874457776,0.0,0.0,0.0,0.0,0.0,0.0,0.0,0.0,0.0,0.0,0.0,0.0,0.0,0.0,0.0,0.0,0.0,0.0,0.0,0.0,0.0,0.0,0.0,0.0,0.0,0.02645502645502646,1.2301587301587305,10.370370370370372,14.431216931216934,3.9417989417989427,4.282174810736407,2.9017293568772096,nan,nan,nan,4.265498652291105,2.967636931330658,4.29957805907173,2.8312079080474337,1.0079895481299286,0.4004,0.00751,0.0,0.0,0.0,0.0,0.0,0.0,0.0,0.0,0.0,0.0,0.0,14.497354497354475,15.502645502645505,0.0,0.0,0.0,0.0,0.0,0.0,0.0,0.0,0.0,0.0,0.0,0.0,0.0,0.0,0.0,0.0,0.0,nan,nan,4.282174810736407,2.9017293568772096,nan,0.4004,0.03516,0.0,0.0,0.0,0.0,0.0,0.0,0.0,0.0,0.0,0.0,0.0,0.0,0.0,0.0,0.0,0.0,0.0,0.0,0.0,0.0,0.0,0.0,0.0,0.0,0.0,0.0,0.0,0.0,0.0001984126984126984,0.006613756613756613,0.0007716049382716049,0.003284832451499118,0.006437389770723104,0.014285714285714285,0.026146384479717812,0.049911816578483245,0.04054232804232804,0.08048941798941799,0.12268518518518519,0.09406966490299824,0.09779541446208113,0.11633597883597883,0.12940917107583774,0.0751984126984127,0.03373015873015873,0.039858906525573196,0.02583774250440917,0.011419753086419753,0.018783068783068783,0.0030423280423280425,0.0014329805996472662,0.0015652557319223985,0.00015432098765432098,0.0,0.0,0.0,0.0,0.0,0.0,0.0,0.0,0.0,0.0,0.0,0.0,0.0,0.0,0.0,0.0,0.0,0.0,0.0,0.0,0.0,0.0,0.0,0.0,0.0,0.0,0.0,0.0,0.0,0.0,0.0,0.0,0.0,0.0,0.0,0.0,0.0,0.0,0.0,0.0,0.0,0.0,0.0,0.0,0.0,0.0,0.0,0.0,nan,nan,4.282174810736407,2.9017293568772096,nan,0.9399668518502301,0.022782010242069613,0.0,0.0,0.0,0.0,0.0,0.0,0.0,0.0,0.0,0.0,0.0,0.0,0.0,0.0,0.0,0.0,0.0,0.0,0.0,0.0,0.0,0.0,0.0,0.0,0.0,0.02601908065915005,1.1448395490026022,10.355594102341719,14.778837814397228,3.694709453599307,0.9402697879637303,0.023390224915449002,0.0,0.0,0.0,0.0,0.0,0.0,0.0,0.0,0.0,0.0,0.0,0.0,0.0,0.0,0.0,0.0,0.0,0.0,0.0,0.0,0.0,0.0,0.0,0.0,0.0,0.02690582959641256,1.3183856502242155,10.385650224215249,14.07174887892377,4.197309417040359,0.4001,0.007458,0.0,0.0,0.0,0.0,0.0,0.0,0.0,0.0,0.0,0.0,0.0,14.752818733738053,15.24718126626193,0.0,0.0,0.0,0.0,0.0,0.0,0.0,0.0,0.0,0.0,0.0,0.0,0.0,0.0,0.0,0.0,0.0,0.4006,0.007565,0.0,0.0,0.0,0.0,0.0,0.0,0.0,0.0,0.0,0.0,0.0,14.23318385650222,15.766816143497762,0.0,0.0,0.0,0.0,0.0,0.0,0.0,0.0,0.0,0.0,0.0,0.0,0.0,0.0,0.0,0.0,0.0
2800,2487,1283,0.5158825894652191,613,521,0.4559710494571773,730,0.5870526739043024,0.40199999999999997,3.009136212624585,3.03726844156016,6.378917378917379,2.1540421080912435,9519.300763972658,1614.1850053868736,7853.0,11083.0,11083.0,0.0,7853.0,0.0,28.43586650583032,20.87664115324703,33.41547277936963,18.977498094994875,0.1399276236429433,0.09368717330116606,0.08845999195818255,0.08363490148773622,0.08082026537997587,0.07679935665460394,0.06915963007639726,0.06513872135102533,0.055890631282669884,0.055890631282669884,0.050261359067149174,0.04744672295938882,0.03337354242058705,0.026537997587454766,0.019702452754322478,0.006031363088057901,0.007237635705669481,0.9406455875785177,0.02298252540374792,0.0,0.0,0.0,0.0,0.0,0.0,0.0,0.0,0.0,0.0,0.0,0.0,0.0,0.0,0.0,0.0,0.0,0.0,0.0,0.0,0.0,0.0,0.0,0.0,0.0,0.012062726176115805,1.2786489746682754,10.000000000000004,14.728588661037398,3.9806996381182156,4.341047503045067,2.871487516820126,nan,nan,nan,4.408163265306122,2.8895690390519624,4.272277227722772,2.8528470688756373,0.9691740007334068,0.4004,0.007694,0.0,0.0,0.0,0.0,0.0,0.0,0.0,0.0,0.0,0.0,0.0,14.571773220747868,15.428226779252114,0.0,0.0,0.0,0.0,0.0,0.0,0.0,0.0,0.0,0.0,0.0,0.0,0.0,0.0,0.0,0.0,0.0,nan,nan,4.341047503045067,2.871487516820126,nan,0.4004,0.03534,0.0,0.0,0.0,0.0,0.0,0.0,0.0,0.0,0.0,0.0,0.0,0.0,0.0,0.0,0.0,0.0,0.0,0.0,0.0,0.0,0.0,0.0,0.0,0.0,0.0,0.0,0.0,0.0,8.041817450743868e-05,0.007619622034579815,0.0014274225975070365,0.0022316043425814236,0.0063731403297145155,0.014877362283876157,0.0255729794933655,0.0502010454362686,0.04368717330116606,0.07647768395657419,0.12408524326497788,0.09360675512665863,0.09869320466425412,0.11521913952553277,0.12778447929232006,0.07366304784881383,0.03566546039404905,0.0390832328106152,0.024849215922798554,0.014294330518697225,0.01901889827100925,0.003277040611178126,0.0013067953357458785,0.0008845999195818255,0.0,0.0,0.0,2.010454362685967e-05,0.0,0.0,0.0,0.0,0.0,0.0,0.0,0.0,0.0,0.0,0.0,0.0,0.0,0.0,0.0,0.0,0.0,0.0,0.0,0.0,0.0,0.0,0.0,0.0,0.0,0.0,0.0,0.0,0.0,0.0,0.0,0.0,0.0,0.0,0.0,0.0,0.0,0.0,0.0,0.0,0.0,0.0,0.0,0.0,0.0,nan,nan,4.341047503045067,2.871487516820126,nan,0.9414316038089345,0.02275093262918909,0.0,0.0,0.0,0.0,0.0,0.0,0.0,0.0,0.0,0.0,0.0,0.0,0.0,0.0,0.0,0.0,0.0,0.0,0.0,0.0,0.0,0.0,0.0,0.0,0.0,0.0,1.0989867498051444,9.727201870615747,15.011691348402186,4.16212003117693,0.9398079971934474,0.023197479492986863,0.0,0.0,0.0,0.0,0.0,0.0,0.0,0.0,0.0,0.0,0.0,0.0,0.0,0.0,0.0,0.0,0.0,0.0,0.0,0.0,0.0,0.0,0.0,0.0,0.0,0.02491694352159469,1.4700996677740867,10.290697674418608,14.426910299003325,3.787375415282393,0.4004,0.007504,0.0,0.0,0.0,0.0,0.0,0.0,0.0,0.0,0.0,0.0,0.0,14.029618082618843,15.970381917381141,0.0,0.0,0.0,0.0,0.0,0.0,0.0,0.0,0.0,0.0,0.0,0.0,0.0,0.0,0.0,0.0,0.0,0.4001,0.0079,0.0,0.0,0.0,0.0,0.0,0.0,0.0,0.0,0.0,0.0,0.0,15.149501661129547,14.850498338870436,0.0,0.0,0.0,0.0,0.0,0.0,0.0,0.0,0.0,0.0,0.0,0.0,0.0,0.0,0.0,0.0,0.0
2900,2433,1266,0.5203452527743526,580,498,0.44307439375256885,683,0.5614467735306207,0.422,3.0462724935732646,3.1567858228317296,6.825688073394495,2.1296395440818343,9533.71516646116,1613.6624544485696,7853.0,11083.0,11083.0,0.0,7853.0,0.0,27.59391697492807,20.566362166472885,32.33609352167559,18.886412791980153,0.13604603370324703,0.10645293875873407,0.09288943690916564,0.08466913275791205,0.08713522400328812,0.0793259350595972,0.06699547883271681,0.05877517468146321,0.052609946568023015,0.05754212905877518,0.04767776407727086,0.04356761200164406,0.03164817098232635,0.02342786683107275,0.01685162351006987,0.009453349773941636,0.004932182490752158,0.9397455205948716,0.023080047502709717,0.0,0.0,0.0,0.0,0.0,0.0,0.0,0.0,0.0,0.0,0.0,0.0,0.0,0.0,0.0,0.0,0.0,0.0,0.0,0.0,0.0,0.0,0.0,0.0,0.0,0.04932182490752159,1.2823674475955613,10.135635018495687,14.710234278668313,3.822441430332923,4.288745980707396,2.88731041800906,nan,nan,nan,4.2270408163265305,2.9210676372160864,4.351491569390402,2.851205352931496,1.0294415782746154,0.4004,0.007637,0.0,0.0,0.0,0.0,0.0,0.0,0.0,0.0,0.0,0.0,0.0,14.303329223181237,15.696670776818745,0.0,0.0,0.0,0.0,0.0,0.0,0.0,0.0,0.0,0.0,0.0,0.0,0.0,0.0,0.0,0.0,0.0,nan,nan,4.288745980707396,2.88731041800906,nan,0.4004,0.03564,0.0,0.0,0.0,0.0,0.0,0.0,0.0,0.0,0.0,0.0,0.0,0.0,0.0,0.0,0.0,0.0,0.0,0.0,0.0,0.0,0.0,0.0,0.0,0.0,0.0,0.0,0.0,0.00012330456226880394,4.110152075626798e-05,0.008425811755034936,0.0012330456226880395,0.002178380600082203,0.007172215371968763,0.015330867242087957,0.025051376900945336,0.047472256473489516,0.04510891903000411,0.07429099876695437,0.12971639950678174,0.08951911220715167,0.09911631730374024,0.10922729140978216,0.12706535141800246,0.07348951911220715,0.039889025893958076,0.039354706124126594,0.026037813399095767,0.015782983970406905,0.018906699547883273,0.002938758734073161,0.0016235100698725852,0.0009042334566378956,0.0,0.0,0.0,0.0,0.0,0.0,0.0,0.0,0.0,0.0,0.0,0.0,0.0,0.0,0.0,0.0,0.0,0.0,0.0,0.0,0.0,0.0,0.0,0.0,0.0,0.0,0.0,0.0,0.0,0.0,0.0,0.0,0.0,0.0,0.0,0.0,0.0,0.0,0.0,0.0,0.0,0.0,0.0,0.0,0.0,0.0,0.0,0.0,0.0,nan,nan,4.288745980707396,2.88731041800906,nan,0.9401008174129384,0.023425691009923946,0.0,0.0,0.0,0.0,0.0,0.0,0.0,0.0,0.0,0.0,0.0,0.0,0.0,0.0,0.0,0.0,0.0,0.0,0.0,0.0,0.0,0.0,0.0,0.0,0.0,0.02369668246445498,1.398104265402844,9.928909952606638,14.597156398104268,4.052132701421802,0.9393600829156321,0.02269284117455238,0.0,0.0,0.0,0.0,0.0,0.0,0.0,0.0,0.0,0.0,0.0,0.0,0.0,0.0,0.0,0.0,0.0,0.0,0.0,0.0,0.0,0.0,0.0,0.0,0.0,0.07712082262210798,1.1568123393316196,10.359897172236506,14.832904884318769,3.5732647814910035,0.4006,0.007645,0.0,0.0,0.0,0.0,0.0,0.0,0.0,0.0,0.0,0.0,0.0,13.86255924170614,16.13744075829384,0.0,0.0,0.0,0.0,0.0,0.0,0.0,0.0,0.0,0.0,0.0,0.0,0.0,0.0,0.0,0.0,0.0,0.4004,0.00763,0.0,0.0,0.0,0.0,0.0,0.0,0.0,0.0,0.0,0.0,0.0,14.781491002570672,15.218508997429309,0.0,0.0,0.0,0.0,0.0,0.0,0.0,0.0,0.0,0.0,0.0,0.0,0.0,0.0,0.0,0.0,0.0
3000,2483,1294,0.5211437776882804,602,498,0.44301248489730166,689,0.5549738219895288,0.422,3.1345668629100083,3.1313372146476293,6.587078651685394,2.1478370108727027,9536.294401933146,1613.5553522159053,7853.0,11083.0,11083.0,0.0,7853.0,0.0,29.00926298832058,21.405871904081135,34.11877394636015,19.497796123388056,0.1365283930728957,0.09907370116794201,0.08940797422472815,0.07450664518727346,0.07853403141361257,0.0724929520741039,0.07128473620620218,0.06121627064035441,0.06161900926298832,0.053161498187676196,0.05074506645187273,0.04067660088602497,0.04349577124446234,0.026580749093838098,0.01852597664115989,0.012082158679017317,0.010068465565847765,0.939335063009842,0.023381204529661612,0.0,0.0,0.0,0.0,0.0,0.0,0.0,0.0,0.0,0.0,0.0,0.0,0.0,0.0,0.0,0.0,0.0,0.0,0.0,0.0,0.0,0.0,0.0,0.0,0.0,0.01208215867901732,1.4256947241240439,10.825614176399519,13.821989528795815,3.9146194120016116,4.306699446834665,2.853518404890615,nan,nan,nan,4.2355072463768115,2.7782532149312797,4.380952380952381,2.929452564226502,1.0343394842967129,0.4004,0.007904,0.0,0.0,0.0,0.0,0.0,0.0,0.0,0.0,0.0,0.0,0.0,14.184454289166311,15.815545710833671,0.0,0.0,0.0,0.0,0.0,0.0,0.0,0.0,0.0,0.0,0.0,0.0,0.0,0.0,0.0,0.0,0.0,nan,nan,4.306699446834665,2.853518404890615,nan,0.4004,0.03583,0.0,0.0,0.0,0.0,0.0,0.0,0.0,0.0,0.0,0.0,0.0,0.0,0.0,0.0,0.0,0.0,0.0,0.0,0.0,0.0,0.0,0.0,0.0,0.0,0.0,0.0,0.0,0.000342327829238824,0.0,0.008276278695126862,0.0009262988320579943,0.0012887635924285139,0.007370116794200564,0.015908175594039467,0.024103906564639548,0.047362062021747885,0.04879178413209827,0.0797422472815143,0.12643979057591623,0.09023358840112766,0.0954893274265002,0.10463149416028997,0.12623842126459928,0.0747885622231172,0.042468787756745875,0.03908578332662102,0.021808296415626257,0.019613370922271445,0.019351590817559404,0.002960128876359243,0.0016109544905356424,0.0011679420056383406,0.0,0.0,0.0,0.0,0.0,0.0,0.0,0.0,0.0,0.0,0.0,0.0,0.0,0.0,0.0,0.0,0.0,0.0,0.0,0.0,0.0,0.0,0.0,0.0,0.0,0.0,0.0,0.0,0.0,0.0,0.0,0.0,0.0,0.0,0.0,0.0,0.0,0.0,0.0,0.0,0.0,0.0,0.0,0.0,0.0,0.0,0.0,0.0,0.0,nan,nan,4.306699446834665,2.853518404890615,nan,0.9399840886110132,0.02319731925543502,0.0,0.0,0.0,0.0,0.0,0.0,0.0,0.0,0.0,0.0,0.0,0.0,0.0,0.0,0.0,0.0,0.0,0.0,0.0,0.0,0.0,0.0,0.0,0.0,0.0,0.0,1.3910355486862445,10.409582689335396,14.095826893353944,4.103554868624421,0.9386287222798879,0.023559390050938763,0.0,0.0,0.0,0.0,0.0,0.0,0.0,0.0,0.0,0.0,0.0,0.0,0.0,0.0,0.0,0.0,0.0,0.0,0.0,0.0,0.0,0.0,0.0,0.0,0.0,0.025231286795626584,1.4634146341463419,11.278385197645083,13.523969722455849,3.7089991589571074,0.4004,0.00815,0.0,0.0,0.0,0.0,0.0,0.0,0.0,0.0,0.0,0.0,0.0,14.165378670788234,15.83462132921175,0.0,0.0,0.0,0.0,0.0,0.0,0.0,0.0,0.0,0.0,0.0,0.0,0.0,0.0,0.0,0.0,0.0,0.4004,0.00763,0.0,0.0,0.0,0.0,0.0,0.0,0.0,0.0,0.0,0.0,0.0,14.205214465937742,15.79478553406224,0.0,0.0,0.0,0.0,0.0,0.0,0.0,0.0,0.0,0.0,0.0,0.0,0.0,0.0,0.0,0.0,0.0
3100,2599,1364,0.5248172373989997,631,531,0.4470950365525202,725,0.5579068872643325,0.422,3.080971659919028,3.2236352394605037,6.851428571428571,2.2413479909033605,9548.159676798768,1613.0094315333424,7853.0,11083.0,11083.0,0.0,7853.0,0.0,27.91996921893036,20.839788593218902,33.122920517560075,18.953383117044904,0.1462100808003078,0.09619084263178146,0.09157368218545595,0.08156983455175067,0.08272412466333205,0.07195075028857253,0.06964217006540978,0.061946902654867256,0.06540977298961138,0.051943055021161984,0.05155829165063486,0.03655252020007695,0.03655252020007695,0.021546748749519045,0.01731435167372066,0.009619084263178146,0.007695267410542516,0.9403964639535635,0.023552700536542855,0.0,0.0,0.0,0.0,0.0,0.0,0.0,0.0,0.0,0.0,0.0,0.0,0.0,0.0,0.0,0.0,0.0,0.0,0.0,0.0,0.0,0.0,0.0,0.0,0.0,0.023085802231627553,1.0965756060023089,10.515582916506352,14.313197383609083,4.051558291650635,4.285116557083084,2.9383991764947806,nan,nan,nan,4.208182912154031,2.9314232560129088,4.357907253269917,2.9436381989525557,1.0355793329903635,0.4004,0.00798,0.0,0.0,0.0,0.0,0.0,0.0,0.0,0.0,0.0,0.0,0.011542901115813776,14.209311273566737,15.779145825317432,0.0,0.0,0.0,0.0,0.0,0.0,0.0,0.0,0.0,0.0,0.0,0.0,0.0,0.0,0.0,0.0,0.0,nan,nan,4.285116557083084,2.9383991764947806,nan,0.4004,0.0356,0.0,0.0,0.0,0.0,0.0,0.0,0.0,0.0,0.0,0.0,0.0,0.0,0.0,0.0,0.0,0.0,0.0,0.0,0.0,0.0,0.0,0.0,0.0,0.0,0.0,0.0,0.0,0.00015390534821085032,3.847633705271258e-05,0.007945363601385149,0.0006733358984224702,0.0013851481338976528,0.008330126971912275,0.013505194305502117,0.024759522893420545,0.04765294343978453,0.048845709888418624,0.07987687572143132,0.13012697191227396,0.0869757599076568,0.09547903039630627,0.09976914197768373,0.13207002693343595,0.07595228934205464,0.04174682570219315,0.03651404386302424,0.02479799923047326,0.019892266256252403,0.018603308964986534,0.0028857252789534437,0.0009041939207387456,0.001115813774528665,0.0,0.0,0.0,0.0,0.0,0.0,0.0,0.0,0.0,0.0,0.0,0.0,0.0,0.0,0.0,0.0,0.0,0.0,0.0,0.0,0.0,0.0,0.0,0.0,0.0,0.0,0.0,0.0,0.0,0.0,0.0,0.0,0.0,0.0,0.0,0.0,0.0,0.0,0.0,0.0,0.0,0.0,0.0,0.0,0.0,0.0,0.0,0.0,0.0,nan,nan,4.285116557083084,2.9383991764947806,nan,0.9411258734653423,0.023651048302184854,0.0,0.0,0.0,0.0,0.0,0.0,0.0,0.0,0.0,0.0,0.0,0.0,0.0,0.0,0.0,0.0,0.0,0.0,0.0,0.0,0.0,0.0,0.0,0.0,0.0,0.04398826979472142,1.1876832844574783,9.809384164222877,14.802052785923756,4.156891495601173,0.9395908651081657,0.02341721173563654,0.0,0.0,0.0,0.0,0.0,0.0,0.0,0.0,0.0,0.0,0.0,0.0,0.0,0.0,0.0,0.0,0.0,0.0,0.0,0.0,0.0,0.0,0.0,0.0,0.0,0.0,0.9959514170040488,11.295546558704457,13.773279352226723,3.935222672064778,0.4004,0.007812,0.0,0.0,0.0,0.0,0.0,0.0,0.0,0.0,0.0,0.0,0.02199413489736071,14.09824046920819,15.879765395894431,0.0,0.0,0.0,0.0,0.0,0.0,0.0,0.0,0.0,0.0,0.0,0.0,0.0,0.0,0.0,0.0,0.0,0.4006,0.00815,0.0,0.0,0.0,0.0,0.0,0.0,0.0,0.0,0.0,0.0,0.0,14.331983805667996,15.668016194331987,0.0,0.0,0.0,0.0,0.0,0.0,0.0,0.0,0.0,0.0,0.0,0.0,0.0,0.0,0.0,0.0,0.0
3200,2599,1330,0.5117352828010774,593,536,0.43439784532512504,731,0.5625240477106579,0.418,2.921197793538219,3.084075340958884,6.537091988130563,2.0568957266020687,9505.90496344748,1614.555113257533,7853.0,11083.0,11083.0,0.0,7853.0,0.0,27.770296267795306,20.99652646176847,32.726605504587155,19.302743267518036,0.1404386302424009,0.1027318199307426,0.09811465948441708,0.08695652173913043,0.08003078106964218,0.06887264332435553,0.07079646017699115,0.061177375913813004,0.05848403232012313,0.051943055021161984,0.04732589457483648,0.0357829934590227,0.03501346671796845,0.024624855713736054,0.017699115044247787,0.012697191227395151,0.007310504040015391,0.9399699067876816,0.02323378724185415,0.0,0.0,0.0,0.0,0.0,0.0,0.0,0.0,0.0,0.0,0.0,0.0,0.0,0.0,0.0,0.0,0.0,0.0,0.0,0.0,0.0,0.0,0.0,0.0,0.0,0.011542901115813776,1.177375913813005,10.307810696421704,14.774913428241634,3.7283570604078498,4.396099939061548,2.8854353881882178,nan,nan,nan,4.482057416267943,2.9721053347930466,4.306832298136646,2.789780022575356,0.9609052044948587,0.4006,0.00806,0.0,0.0,0.0,0.0,0.0,0.0,0.0,0.0,0.0,0.0,0.0,13.897652943439764,16.10234705656022,0.0,0.0,0.0,0.0,0.0,0.0,0.0,0.0,0.0,0.0,0.0,0.0,0.0,0.0,0.0,0.0,0.0,nan,nan,4.396099939061548,2.8854353881882178,nan,0.4006,0.03552,0.0,0.0,0.0,0.0,0.0,0.0,0.0,0.0,0.0,0.0,0.0,0.0,0.0,0.0,0.0,0.0,0.0,0.0,0.0,0.0,0.0,0.0,0.0,0.0,0.0,0.0,0.0,0.0002308580223162755,0.0,0.0072527895344363215,0.00030781069642170063,0.0012120046171604463,0.008214697960754136,0.013389765294343978,0.026125432858791844,0.04595998460946518,0.04819161215852251,0.07922277799153521,0.13372450942670258,0.08670642554828781,0.09570988841862255,0.1009234320892651,0.1294921123509042,0.07499038091573682,0.041631396691035015,0.03753366679492112,0.025009619084263177,0.020007695267410544,0.019257406694882646,0.002789534436321662,0.000981146594844171,0.0011350519430550212,0.0,0.0,0.0,0.0,0.0,0.0,0.0,0.0,0.0,0.0,0.0,0.0,0.0,0.0,0.0,0.0,0.0,0.0,0.0,0.0,0.0,0.0,0.0,0.0,0.0,0.0,0.0,0.0,0.0,0.0,0.0,0.0,0.0,0.0,0.0,0.0,0.0,0.0,0.0,0.0,0.0,0.0,0.0,0.0,0.0,0.0,0.0,0.0,0.0,nan,nan,4.396099939061548,2.8854353881882178,nan,0.9399077888718225,0.023298382948590417,0.0,0.0,0.0,0.0,0.0,0.0,0.0,0.0,0.0,0.0,0.0,0.0,0.0,0.0,0.0,0.0,0.0,0.0,0.0,0.0,0.0,0.0,0.0,0.0,0.0,0.022556390977443615,1.2180451127819552,10.127819548872184,14.887218045112785,3.74436090225564,0.9400350106711272,0.023165714380188225,0.0,0.0,0.0,0.0,0.0,0.0,0.0,0.0,0.0,0.0,0.0,0.0,0.0,0.0,0.0,0.0,0.0,0.0,0.0,0.0,0.0,0.0,0.0,0.0,0.0,0.0,1.1347517730496455,10.496453900709223,14.657210401891255,3.7115839243498825,0.4006,0.007935,0.0,0.0,0.0,0.0,0.0,0.0,0.0,0.0,0.0,0.0,0.0,14.278195488721783,15.721804511278199,0.0,0.0,0.0,0.0,0.0,0.0,0.0,0.0,0.0,0.0,0.0,0.0,0.0,0.0,0.0,0.0,0.0,0.401,0.00818,0.0,0.0,0.0,0.0,0.0,0.0,0.0,0.0,0.0,0.0,0.0,13.498817966903053,16.501182033096928,0.0,0.0,0.0,0.0,0.0,0.0,0.0,0.0,0.0,0.0,0.0,0.0,0.0,0.0,0.0,0.0,0.0
3300,2745,1413,0.5147540983606558,680,554,0.4495446265938069,775,0.5646630236794171,0.39799999999999996,2.9204204204204203,3.0901816526006187,6.6037234042553195,2.0884400592168313,9515.655737704918,1614.2967294347716,7853.0,11083.0,11083.0,0.0,7853.0,0.0,28.0735883424408,20.798864470500117,32.93169044530912,19.047886126399654,0.13588342440801457,0.09763205828779599,0.08925318761384335,0.09180327868852459,0.08415300546448087,0.07395264116575592,0.06958105646630237,0.07103825136612021,0.0575591985428051,0.04735883424408015,0.04517304189435337,0.03825136612021858,0.03642987249544627,0.02477231329690346,0.020036429872495445,0.008743169398907104,0.008378870673952642,0.9400382714844793,0.023535158911866375,0.0,0.0,0.0,0.0,0.0,0.0,0.0,0.0,0.0,0.0,0.0,0.0,0.0,0.0,0.0,0.0,0.0,0.0,0.0,0.0,0.0,0.0,0.0,0.0,0.0,0.021857923497267763,1.3224043715846998,10.32786885245902,14.393442622950822,3.9344262295081975,4.2,2.861483861153239,nan,nan,nan,4.194905869324474,2.8703425980395774,4.205245153933865,2.852324238265351,1.0024647238654383,0.4011,0.00803,0.0,0.0,0.0,0.0,0.0,0.0,0.0,0.0,0.0,0.0,0.0,13.071038251366101,16.92896174863388,0.0,0.0,0.0,0.0,0.0,0.0,0.0,0.0,0.0,0.0,0.0,0.0,0.0,0.0,0.0,0.0,0.0,nan,nan,4.2,2.861483861153239,nan,0.4011,0.03604,0.0,0.0,0.0,0.0,0.0,0.0,0.0,0.0,0.0,0.0,0.0,0.0,0.0,0.0,0.0,0.0,0.0,0.0,0.0,0.0,0.0,0.0,0.0,0.0,0.0,0.0,0.0,0.00029143897996357013,0.0,0.007049180327868852,0.00020036429872495446,0.0008378870673952641,0.007468123861566485,0.01639344262295082,0.024808743169398906,0.04797814207650273,0.04723132969034608,0.07969034608378871,0.13247723132969036,0.08309653916211293,0.09524590163934427,0.10132969034608379,0.12919854280510018,0.07351548269581057,0.04171220400728597,0.04020036429872496,0.022768670309653915,0.020491803278688523,0.02127504553734062,0.0030965391621129326,0.0016029143897996357,0.002040072859744991,0.0,0.0,0.0,0.0,0.0,0.0,0.0,0.0,0.0,0.0,0.0,0.0,0.0,0.0,0.0,0.0,0.0,0.0,0.0,0.0,0.0,0.0,0.0,0.0,0.0,0.0,0.0,0.0,0.0,0.0,0.0,0.0,0.0,0.0,0.0,0.0,0.0,0.0,0.0,0.0,0.0,0.0,0.0,0.0,0.0,0.0,0.0,0.0,0.0,nan,nan,4.2,2.861483861153239,nan,0.9391112481121973,0.023589937184568727,0.0,0.0,0.0,0.0,0.0,0.0,0.0,0.0,0.0,0.0,0.0,0.0,0.0,0.0,0.0,0.0,0.0,0.0,0.0,0.0,0.0,0.0,0.0,0.0,0.0,0.04246284501061572,1.4649681528662424,10.785562632696394,14.012738853503187,3.6942675159235674,0.9410216678996702,0.023436864012423536,0.0,0.0,0.0,0.0,0.0,0.0,0.0,0.0,0.0,0.0,0.0,0.0,0.0,0.0,0.0,0.0,0.0,0.0,0.0,0.0,0.0,0.0,0.0,0.0,0.0,0.0,1.1711711711711714,9.842342342342345,14.7972972972973,4.1891891891891895,0.4011,0.007965,0.0,0.0,0.0,0.0,0.0,0.0,0.0,0.0,0.0,0.0,0.0,12.717622080679387,17.2823779193206,0.0,0.0,0.0,0.0,0.0,0.0,0.0,0.0,0.0,0.0,0.0,0.0,0.0,0.0,0.0,0.0,0.0,0.401,0.00811,0.0,0.0,0.0,0.0,0.0,0.0,0.0,0.0,0.0,0.0,0.0,13.445945945945926,16.554054054054056,0.0,0.0,0.0,0.0,0.0,0.0,0.0,0.0,0.0,0.0,0.0,0.0,0.0,0.0,0.0,0.0,0.0
3400,2764,1421,0.51410998552822,663,550,0.4388567293777135,782,0.5658465991316932,0.40199999999999997,2.9277736411020103,3.0498457711804483,6.373401534526854,2.124924175544507,9513.575253256151,1614.356805755976,7853.0,11083.0,11083.0,0.0,7853.0,0.0,28.919681620839363,21.29404577403868,34.038345540715206,19.388737222531876,0.13965267727930536,0.09696092619392185,0.08068017366136035,0.08176555716353111,0.07959479015918958,0.06801736613603473,0.0788712011577424,0.06801736613603473,0.055716353111432707,0.05065123010130246,0.05137481910274964,0.04377713458755427,0.03509406657018813,0.027858176555716353,0.02134587554269175,0.014833574529667149,0.005788712011577424,0.9404650055378805,0.02332234455538763,0.0,0.0,0.0,0.0,0.0,0.0,0.0,0.0,0.0,0.0,0.0,0.0,0.0,0.0,0.0,0.0,0.0,0.0,0.0,0.0,0.0,0.0,0.0,0.0,0.0,0.032561505065123016,1.2698986975397977,9.692474674384952,15.249638205499279,3.7554269175108543,4.216602528862012,2.9033031371005595,nan,nan,nan,4.2592592592592595,2.8868072495723247,4.173140954495006,2.919373462023052,0.9797809197510013,0.4011,0.00789,0.0,0.0,0.0,0.0,0.0,0.0,0.0,0.0,0.0,0.0,0.0,13.643270622286522,16.35672937771346,0.0,0.0,0.0,0.0,0.0,0.0,0.0,0.0,0.0,0.0,0.0,0.0,0.0,0.0,0.0,0.0,0.0,nan,nan,4.216602528862012,2.9033031371005595,nan,0.4011,0.03616,0.0,0.0,0.0,0.0,0.0,0.0,0.0,0.0,0.0,0.0,0.0,0.0,0.0,0.0,0.0,0.0,0.0,0.0,0.0,0.0,0.0,0.0,0.0,0.0,0.0,0.0,0.0,0.0001447178002894356,0.0,0.006837916063675832,7.23589001447178e-05,0.0007778581765557163,0.009153400868306802,0.015430535455861072,0.022232272069464543,0.04605643994211288,0.04887843704775687,0.08585383502170767,0.13216353111432705,0.08569102749638205,0.09495296671490594,0.10148335745296672,0.1253617945007236,0.07266642547033285,0.04095513748191028,0.03742764109985528,0.020242402315484805,0.02111070911722142,0.024457308248914615,0.003979739507959479,0.001609985528219971,0.002405933429811867,5.426917510853835e-05,0.0,0.0,0.0,0.0,0.0,0.0,0.0,0.0,0.0,0.0,0.0,0.0,0.0,0.0,0.0,0.0,0.0,0.0,0.0,0.0,0.0,0.0,0.0,0.0,0.0,0.0,0.0,0.0,0.0,0.0,0.0,0.0,0.0,0.0,0.0,0.0,0.0,0.0,0.0,0.0,0.0,0.0,0.0,0.0,0.0,0.0,0.0,0.0,nan,nan,4.216602528862012,2.9033031371005595,nan,0.9409736881450731,0.023536921058495048,0.0,0.0,0.0,0.0,0.0,0.0,0.0,0.0,0.0,0.0,0.0,0.0,0.0,0.0,0.0,0.0,0.0,0.0,0.0,0.0,0.0,0.0,0.0,0.0,0.0,0.021111893033075303,1.3300492610837442,9.162561576354681,15.580577058409574,3.905700211118931,0.939926779190285,0.02308093166591068,0.0,0.0,0.0,0.0,0.0,0.0,0.0,0.0,0.0,0.0,0.0,0.0,0.0,0.0,0.0,0.0,0.0,0.0,0.0,0.0,0.0,0.0,0.0,0.0,0.0,0.04467609828741624,1.2062546537602385,10.253164556962028,14.899478778853316,3.5964259121370072,0.4011,0.00791,0.0,0.0,0.0,0.0,0.0,0.0,0.0,0.0,0.0,0.0,0.0,13.321604503870493,16.67839549612949,0.0,0.0,0.0,0.0,0.0,0.0,0.0,0.0,0.0,0.0,0.0,0.0,0.0,0.0,0.0,0.0,0.0,0.401,0.00786,0.0,0.0,0.0,0.0,0.0,0.0,0.0,0.0,0.0,0.0,0.0,13.983618763961262,16.016381236038722,0.0,0.0,0.0,0.0,0.0,0.0,0.0,0.0,0.0,0.0,0.0,0.0,0.0,0.0,0.0,0.0,0.0
3500,2607,1348,0.5170694284618336,626,508,0.43498273878020716,711,0.5454545454545454,0.434,3.057982525814138,3.2211038709471866,6.664850136239782,2.219419227587723,9523.134253931723,1614.058615429871,7853.0,11083.0,11083.0,0.0,7853.0,0.0,28.049865746068278,21.109224396082084,32.88227272727273,19.439328793083874,0.1380897583429229,0.09973149213655542,0.10356731875719218,0.08247027234369006,0.07671653241273495,0.07479861910241657,0.06214039125431531,0.0667433831990794,0.06290755657844266,0.05101649405446874,0.04334484081319524,0.03528960490985807,0.0364403528960491,0.028768699654775604,0.016877637130801686,0.01304181051016494,0.00805523590333717,0.9388701080544314,0.023263071295642937,0.0,0.0,0.0,0.0,0.0,0.0,0.0,0.0,0.0,0.0,0.0,0.0,0.0,0.0,0.0,0.0,0.0,0.0,0.0,0.0,0.0,0.0,0.0,0.0,0.0,0.046029919447640975,1.3808975834292294,10.678941311852707,14.407364787111625,3.486766398158804,4.295985620131815,2.9485078741687767,nan,nan,nan,4.226941747572815,2.999709106690513,4.363744075829384,2.897811432854042,1.0323643751029035,0.4006,0.008026,0.0,0.0,0.0,0.0,0.0,0.0,0.0,0.0,0.0,0.0,0.0,14.039125431530476,15.960874568469508,0.0,0.0,0.0,0.0,0.0,0.0,0.0,0.0,0.0,0.0,0.0,0.0,0.0,0.0,0.0,0.0,0.0,nan,nan,4.295985620131815,2.9485078741687767,nan,0.4006,0.03607,0.0,0.0,0.0,0.0,0.0,0.0,0.0,0.0,0.0,0.0,0.0,0.0,0.0,0.0,0.0,0.0,0.0,0.0,0.0,0.0,0.0,0.0,0.0,0.0,0.0,7.671653241273494e-05,0.0,0.00017261219792865363,0.0,0.006118143459915612,0.00019179133103183735,0.0014000767165324127,0.009071729957805906,0.015937859608745684,0.02336018411967779,0.045416187188339084,0.04959723820483314,0.0847909474491753,0.1363060989643268,0.08317990026850787,0.09727656309934792,0.10046029919447641,0.12366705024932872,0.07272727272727272,0.037054085155350976,0.040333716915995396,0.02115458381281166,0.02167242040659762,0.023283467587265055,0.0030878404296125813,0.0015343306482546988,0.002032988108937476,9.589566551591868e-05,0.0,0.0,0.0,0.0,0.0,0.0,0.0,0.0,0.0,0.0,0.0,0.0,0.0,0.0,0.0,0.0,0.0,0.0,0.0,0.0,0.0,0.0,0.0,0.0,0.0,0.0,0.0,0.0,0.0,0.0,0.0,0.0,0.0,0.0,0.0,0.0,0.0,0.0,0.0,0.0,0.0,0.0,0.0,0.0,0.0,0.0,0.0,0.0,nan,nan,4.295985620131815,2.9485078741687767,nan,0.9386700324117253,0.023387364249394953,0.0,0.0,0.0,0.0,0.0,0.0,0.0,0.0,0.0,0.0,0.0,0.0,0.0,0.0,0.0,0.0,0.0,0.0,0.0,0.0,0.0,0.0,0.0,0.0,0.0,0.08902077151335314,1.3130563798219588,10.905044510385759,14.198813056379825,3.4940652818991103,0.9390843272493224,0.023127332889024892,0.0,0.0,0.0,0.0,0.0,0.0,0.0,0.0,0.0,0.0,0.0,0.0,0.0,0.0,0.0,0.0,0.0,0.0,0.0,0.0,0.0,0.0,0.0,0.0,0.0,0.0,1.4535345512311362,10.43685464654488,14.630659253375699,3.478951548848293,0.401,0.00806,0.0,0.0,0.0,0.0,0.0,0.0,0.0,0.0,0.0,0.0,0.0,13.642433234421347,16.35756676557864,0.0,0.0,0.0,0.0,0.0,0.0,0.0,0.0,0.0,0.0,0.0,0.0,0.0,0.0,0.0,0.0,0.0,0.4006,0.007996,0.0,0.0,0.0,0.0,0.0,0.0,0.0,0.0,0.0,0.0,0.0,14.463860206513086,15.536139793486898,0.0,0.0,0.0,0.0,0.0,0.0,0.0,0.0,0.0,0.0,0.0,0.0,0.0,0.0,0.0,0.0,0.0
3600,2836,1458,0.5141043723554302,705,583,0.4541607898448519,810,0.5712270803949224,0.38599999999999995,2.986211901306241,3.0473688984570955,6.3667481662591685,2.2162920724199906,9513.55712270804,1614.3573175014772,7853.0,11083.0,11083.0,0.0,7853.0,0.0,28.427009873060648,20.66515476994133,33.07714641227707,18.906564235780845,0.12976022566995768,0.09696755994358251,0.0923836389280677,0.08674188998589563,0.0768688293370945,0.08110014104372355,0.07122708039492243,0.06629055007052186,0.05853314527503526,0.056417489421720736,0.054301833568406205,0.03455571227080395,0.032087447108603666,0.027503526093088856,0.020451339915373765,0.009873060648801129,0.004936530324400564,0.9395174159023422,0.023044830391306923,0.0,0.0,0.0,0.0,0.0,0.0,0.0,0.0,0.0,0.0,0.0,0.0,0.0,0.0,0.0,0.0,0.0,0.0,0.0,0.0,0.0,0.0,0.0,0.0,0.0,0.02115655853314528,1.205923836389281,10.504231311706631,14.471086036671371,3.7976022566995775,4.231471535982815,2.8213201433425836,nan,nan,nan,4.206196581196581,2.811226741196032,4.2570194384449245,2.8312566895968168,1.0120828535393573,0.401,0.007668,0.0,0.0,0.0,0.0,0.0,0.0,0.0,0.0,0.0,0.0,0.0,13.487306064880093,16.51269393511989,0.0,0.0,0.0,0.0,0.0,0.0,0.0,0.0,0.0,0.0,0.0,0.0,0.0,0.0,0.0,0.0,0.0,nan,nan,4.231471535982815,2.8213201433425836,nan,0.401,0.03616,0.0,0.0,0.0,0.0,0.0,0.0,0.0,0.0,0.0,0.0,0.0,0.0,0.0,0.0,0.0,0.0,0.0,0.0,0.0,0.0,0.0,0.0,0.0,0.0,3.5260930888575456e-05,1.7630465444287728e-05,0.0,0.00010578279266572638,0.0,0.006188293370944993,0.00026445698166431596,0.0012517630465444288,0.008656558533145274,0.015109308885754584,0.022090973201692524,0.04391748942172073,0.04961212976022567,0.08668899858956276,0.13943935119887166,0.08755289139633286,0.0968265162200282,0.0967031029619182,0.1268864598025388,0.06863540197461213,0.03400916784203103,0.04076163610719323,0.020610014104372354,0.022373060648801128,0.0232722143864598,0.003332157968970381,0.0018688293370944993,0.003702397743300423,8.815232722143864e-05,0.0,0.0,0.0,0.0,0.0,0.0,0.0,0.0,0.0,0.0,0.0,0.0,0.0,0.0,0.0,0.0,0.0,0.0,0.0,0.0,0.0,0.0,0.0,0.0,0.0,0.0,0.0,0.0,0.0,0.0,0.0,0.0,0.0,0.0,0.0,0.0,0.0,0.0,0.0,0.0,0.0,0.0,0.0,0.0,0.0,0.0,0.0,0.0,nan,nan,4.231471535982815,2.8213201433425836,nan,0.9399942767554677,0.022814241127163872,0.0,0.0,0.0,0.0,0.0,0.0,0.0,0.0,0.0,0.0,0.0,0.0,0.0,0.0,0.0,0.0,0.0,0.0,0.0,0.0,0.0,0.0,0.0,0.0,0.0,0.020576131687242802,1.0288065843621401,10.390946502057616,14.609053497942389,3.950617283950618,0.9390128708197174,0.023275686119858262,0.0,0.0,0.0,0.0,0.0,0.0,0.0,0.0,0.0,0.0,0.0,0.0,0.0,0.0,0.0,0.0,0.0,0.0,0.0,0.0,0.0,0.0,0.0,0.0,0.0,0.021770682148040645,1.3933236574746013,10.624092888243835,14.325108853410743,3.635703918722787,0.401,0.007626,0.0,0.0,0.0,0.0,0.0,0.0,0.0,0.0,0.0,0.0,0.0,13.68312757201644,16.31687242798354,0.0,0.0,0.0,0.0,0.0,0.0,0.0,0.0,0.0,0.0,0.0,0.0,0.0,0.0,0.0,0.0,0.0,0.401,0.007713,0.0,0.0,0.0,0.0,0.0,0.0,0.0,0.0,0.0,0.0,0.0,13.280116110304771,16.719883889695215,0.0,0.0,0.0,0.0,0.0,0.0,0.0,0.0,0.0,0.0,0.0,0.0,0.0,0.0,0.0,0.0,0.0
3700,2707,1416,0.523088289619505,650,560,0.44698928703361657,780,0.5762837089028445,0.41,2.986831913245546,3.0575142851367034,6.527472527472527,2.0613697534004594,9542.575175471002,1613.2772679249742,7853.0,11083.0,11083.0,0.0,7853.0,0.0,28.187661618027338,20.787779045093963,33.00568927789934,19.037276873002032,0.13335796084226081,0.09752493535278907,0.09530845954931659,0.08681196896933875,0.07942371629109715,0.07831547838936091,0.07351311414850388,0.06760251200591061,0.05208718138160325,0.04839305504248245,0.049870705578130774,0.04580716660509789,0.030661248614702624,0.025489471739933506,0.01884004432951607,0.011451791651274473,0.005541189508681197,0.9398855951865485,0.023570084230230128,0.0,0.0,0.0,0.0,0.0,0.0,0.0,0.0,0.0,0.0,0.0,0.0,0.0,0.0,0.0,0.0,0.0,0.0,0.0,0.0,0.0,0.0,0.0,0.0,0.0,0.033247137052087185,1.3298854820834876,10.506095308459551,14.285186553380129,3.8455855190247514,4.22341628959276,2.8508106497344974,nan,nan,nan,4.157062146892655,2.780311806596605,4.289920724801812,2.918248185795143,1.0319597285810285,0.4011,0.007835,0.0,0.0,0.0,0.0,0.0,0.0,0.0,0.0,0.0,0.0,0.0,13.254525304765405,16.74547469523458,0.0,0.0,0.0,0.0,0.0,0.0,0.0,0.0,0.0,0.0,0.0,0.0,0.0,0.0,0.0,0.0,0.0,nan,nan,4.22341628959276,2.8508106497344974,nan,0.4011,0.0362,0.0,0.0,0.0,0.0,0.0,0.0,0.0,0.0,0.0,0.0,0.0,0.0,0.0,0.0,0.0,0.0,0.0,0.0,0.0,0.0,0.0,0.0,0.0,0.0,0.0,0.0,9.235315847801995e-05,3.694126339120798e-05,0.0,0.005966014037680089,0.0003694126339120798,0.0012560029553010713,0.008274842999630588,0.016549685999261175,0.01967122275581825,0.04335057258958256,0.04944588104913188,0.08780938308090137,0.13884373845585518,0.08777244181751016,0.09298115995567048,0.09933505725895826,0.13060583671961581,0.0657369782046546,0.03437384558551902,0.039970446989287034,0.022349464351680826,0.023402290358330254,0.022275581824898413,0.0035278906538603622,0.001588474325821943,0.0041743627632065015,0.00022164758034724788,0.0,0.0,1.847063169560399e-05,0.0,0.0,0.0,0.0,0.0,0.0,0.0,0.0,0.0,0.0,0.0,0.0,0.0,0.0,0.0,0.0,0.0,0.0,0.0,0.0,0.0,0.0,0.0,0.0,0.0,0.0,0.0,0.0,0.0,0.0,0.0,0.0,0.0,0.0,0.0,0.0,0.0,0.0,0.0,0.0,0.0,0.0,0.0,0.0,0.0,nan,nan,4.22341628959276,2.8508106497344974,nan,0.9400657734881013,0.023893914330549763,0.0,0.0,0.0,0.0,0.0,0.0,0.0,0.0,0.0,0.0,0.0,0.0,0.0,0.0,0.0,0.0,0.0,0.0,0.0,0.0,0.0,0.0,0.0,0.0,0.0,0.021186440677966108,1.419491525423729,10.423728813559325,14.237288135593223,3.8983050847457634,0.93968797127098,0.023208096059780695,0.0,0.0,0.0,0.0,0.0,0.0,0.0,0.0,0.0,0.0,0.0,0.0,0.0,0.0,0.0,0.0,0.0,0.0,0.0,0.0,0.0,0.0,0.0,0.0,0.0,0.04647560030983735,1.2316034082106897,10.596436870642915,14.337722695584821,3.7877614252517438,0.4011,0.007633,0.0,0.0,0.0,0.0,0.0,0.0,0.0,0.0,0.0,0.0,0.0,13.453389830508454,16.54661016949153,0.0,0.0,0.0,0.0,0.0,0.0,0.0,0.0,0.0,0.0,0.0,0.0,0.0,0.0,0.0,0.0,0.0,0.4011,0.00806,0.0,0.0,0.0,0.0,0.0,0.0,0.0,0.0,0.0,0.0,0.0,13.036405886909353,16.96359411309063,0.0,0.0,0.0,0.0,0.0,0.0,0.0,0.0,0.0,0.0,0.0,0.0,0.0,0.0,0.0,0.0,0.0
3800,2643,1406,0.5319712447975785,691,531,0.4623533863034431,731,0.553159288687098,0.422,3.0719482619240095,3.139004961141371,6.608938547486034,2.3069311380171706,9571.267120696179,1611.69503994494,7853.0,11083.0,11083.0,0.0,7853.0,0.0,28.75255391600454,20.799551152250835,33.37150466045273,19.03527748660628,0.12599318955732122,0.09496783957623912,0.094211123723042,0.07907680665909951,0.0851305334846765,0.07869844873250094,0.07340143776012108,0.0650775633749527,0.06053726825576996,0.057510404842981463,0.046538024971623154,0.04199772985244041,0.03140370790768066,0.02534998108210367,0.022323117669315173,0.01021566401816118,0.007567158531971245,0.9395558152783337,0.02323629160757673,0.0,0.0,0.0,0.0,0.0,0.0,0.0,0.0,0.0,0.0,0.0,0.0,0.0,0.0,0.0,0.0,0.0,0.0,0.0,0.0,0.0,0.0,0.0,0.0,0.0,0.01135073779795687,1.2485811577752557,10.612939841089673,14.301929625425656,3.825198637911465,4.159519725557462,2.9311222106395824,nan,nan,nan,4.21689497716895,2.9425220510530883,4.102064220183486,2.9201758391671526,0.9727688838334416,0.4006,0.00776,0.0,0.0,0.0,0.0,0.0,0.0,0.0,0.0,0.0,0.0,0.0,14.301929625425634,15.69807037457435,0.0,0.0,0.0,0.0,0.0,0.0,0.0,0.0,0.0,0.0,0.0,0.0,0.0,0.0,0.0,0.0,0.0,nan,nan,4.159519725557462,2.9311222106395824,nan,0.4006,0.03613,0.0,0.0,0.0,0.0,0.0,0.0,0.0,0.0,0.0,0.0,0.0,0.0,0.0,0.0,0.0,0.0,0.0,0.0,0.0,0.0,0.0,0.0,0.0,0.0,0.0,0.0,0.000170261066969353,0.0,7.567158531971244e-05,0.004975406734771094,0.00026485054861899356,0.0014755959137343927,0.008550889141127506,0.017801740446462353,0.021358304956488838,0.04188422247446084,0.05130533484676504,0.08791146424517593,0.14267877412031782,0.0882898221717745,0.09144911085887249,0.0980514566780174,0.1307415815361332,0.06381006432084751,0.03456299659477866,0.03859250851305335,0.023439273552780932,0.02084752175558078,0.022001513431706393,0.0028944381384790013,0.002364737041241014,0.0044457056375331065,5.675368898978434e-05,0.0,0.0,0.0,0.0,0.0,0.0,0.0,0.0,0.0,0.0,0.0,0.0,0.0,0.0,0.0,0.0,0.0,0.0,0.0,0.0,0.0,0.0,0.0,0.0,0.0,0.0,0.0,0.0,0.0,0.0,0.0,0.0,0.0,0.0,0.0,0.0,0.0,0.0,0.0,0.0,0.0,0.0,0.0,0.0,0.0,0.0,0.0,0.0,nan,nan,4.159519725557462,2.9311222106395824,nan,0.939619220464701,0.02294086940848338,0.0,0.0,0.0,0.0,0.0,0.0,0.0,0.0,0.0,0.0,0.0,0.0,0.0,0.0,0.0,0.0,0.0,0.0,0.0,0.0,0.0,0.0,0.0,0.0,0.0,0.0,1.237553342816501,10.625889046941682,14.317211948790899,3.8193456614509254,0.9394837476210721,0.023567371335112275,0.0,0.0,0.0,0.0,0.0,0.0,0.0,0.0,0.0,0.0,0.0,0.0,0.0,0.0,0.0,0.0,0.0,0.0,0.0,0.0,0.0,0.0,0.0,0.0,0.0,0.024252223120452714,1.2611156022635412,10.598221503637836,14.284559417946648,3.8318512530315285,0.4006,0.00773,0.0,0.0,0.0,0.0,0.0,0.0,0.0,0.0,0.0,0.0,0.0,14.615931721194858,15.384068278805124,0.0,0.0,0.0,0.0,0.0,0.0,0.0,0.0,0.0,0.0,0.0,0.0,0.0,0.0,0.0,0.0,0.0,0.401,0.00779,0.0,0.0,0.0,0.0,0.0,0.0,0.0,0.0,0.0,0.0,0.0,13.945028294260286,16.054971705739696,0.0,0.0,0.0,0.0,0.0,0.0,0.0,0.0,0.0,0.0,0.0,0.0,0.0,0.0,0.0,0.0,0.0
3900,2579,1332,0.5164792555253974,638,518,0.44823575029081036,715,0.5544784800310197,0.426,3.078588612670409,3.1309688230028927,6.642659279778393,2.112424036622981,9521.227995347033,1614.1226039280089,7853.0,11083.0,11083.0,0.0,7853.0,0.0,27.84761535478868,20.97343278617381,33.01070265239646,19.166857566169796,0.14346645986816595,0.10236525785188057,0.08995734780922839,0.08297789841023652,0.081426909654905,0.07832493214424195,0.061651803024428076,0.06824350523458705,0.060100814269096546,0.053896859247770455,0.045366421093447074,0.037999224505622334,0.03218301667312912,0.02404032570763862,0.018224117875145406,0.011244668476153548,0.008530438154323382,0.9377129262803645,0.023021597262901677,0.0,0.0,0.0,0.0,0.0,0.0,0.0,0.0,0.0,0.0,0.0,0.0,0.0,0.0,0.0,0.0,0.0,0.0,0.0,0.0,0.0,0.0,0.0,0.0,0.0,0.034897246994959295,1.4075222954633582,11.225281116711907,14.040325707638623,3.29197363319116,4.314870559903673,2.908635101904799,nan,nan,nan,4.291463414634146,2.9019211979144806,4.339285714285714,2.9163544536492347,1.0111435878699306,0.401,0.00785,0.0,0.0,0.0,0.0,0.0,0.0,0.0,0.0,0.0,0.0,0.0,14.179914695618438,15.808452888716559,0.011632415664986432,0.0,0.0,0.0,0.0,0.0,0.0,0.0,0.0,0.0,0.0,0.0,0.0,0.0,0.0,0.0,0.0,nan,nan,4.314870559903673,2.908635101904799,nan,0.401,0.03668,0.0,0.0,0.0,0.0,0.0,0.0,0.0,0.0,0.0,0.0,0.0,0.0,0.0,0.0,0.0,0.0,0.0,0.0,0.0,0.0,0.0,0.0,0.0,0.0,0.0,0.0,0.00011632415664986428,0.0,0.0,0.0058549825513765025,0.00011632415664986428,0.0010856921287320668,0.008879410624272974,0.01886390073671966,0.022373012795657232,0.04321442419542458,0.050601008142690966,0.08452888716556806,0.14290422644435827,0.09018999612252811,0.09455215199689802,0.09156649864288484,0.13167894532764637,0.060721209771229155,0.03522683210546724,0.040054284606436605,0.020007754943776657,0.021558743699108183,0.023710740597130672,0.003761147731678945,0.002772392400155099,0.005467235362543622,0.00019387359441644047,0.0,0.0,0.0,0.0,0.0,0.0,0.0,0.0,0.0,0.0,0.0,0.0,0.0,0.0,0.0,0.0,0.0,0.0,0.0,0.0,0.0,0.0,0.0,0.0,0.0,0.0,0.0,0.0,0.0,0.0,0.0,0.0,0.0,0.0,0.0,0.0,0.0,0.0,0.0,0.0,0.0,0.0,0.0,0.0,0.0,0.0,0.0,0.0,nan,nan,4.314870559903673,2.908635101904799,nan,0.937810014407556,0.022491486428289978,0.0,0.0,0.0,0.0,0.0,0.0,0.0,0.0,0.0,0.0,0.0,0.0,0.0,0.0,0.0,0.0,0.0,0.0,0.0,0.0,0.0,0.0,0.0,0.0,0.0,0.02252252252252253,1.3063063063063067,11.531531531531535,14.07657657657658,3.0630630630630638,0.9376092202776226,0.023574237576490083,0.0,0.0,0.0,0.0,0.0,0.0,0.0,0.0,0.0,0.0,0.0,0.0,0.0,0.0,0.0,0.0,0.0,0.0,0.0,0.0,0.0,0.0,0.0,0.0,0.0,0.04811547714514837,1.5156375300721736,10.898155573376105,14.001603849238174,3.536487570168405,0.401,0.007633,0.0,0.0,0.0,0.0,0.0,0.0,0.0,0.0,0.0,0.0,0.0,14.18918918918917,15.810810810810814,0.0,0.0,0.0,0.0,0.0,0.0,0.0,0.0,0.0,0.0,0.0,0.0,0.0,0.0,0.0,0.0,0.0,0.401,0.00808,0.0,0.0,0.0,0.0,0.0,0.0,0.0,0.0,0.0,0.0,0.0,14.17000801924617,15.805934242181237,0.024057738572574185,0.0,0.0,0.0,0.0,0.0,0.0,0.0,0.0,0.0,0.0,0.0,0.0,0.0,0.0,0.0,0.0
4000,2647,1425,0.5383452965621458,673,526,0.45296562145825464,722,0.5455232338496411,0.43,3.007364975450082,3.136936609026633,6.478260869565218,2.3908563480214795,9591.85530789573,1610.2437277338029,7853.0,11083.0,11083.0,0.0,7853.0,0.0,28.47374386097469,20.986601633645463,33.39955156950673,19.18672700260398,0.13109180204004534,0.09746883264072535,0.09369097091046467,0.09142425387230828,0.07820173781639592,0.07253494522100491,0.06951265583679637,0.0646014355874575,0.05742349829996222,0.055534567434831886,0.044956554590102005,0.04948998866641481,0.03286739705326785,0.024178315073668303,0.01775595013222516,0.01095579901775595,0.00831129580657348,0.9371139872375865,0.02307556706489376,0.0,0.0,0.0,0.0,0.0,0.0,0.0,0.0,0.0,0.0,0.0,0.0,0.0,0.0,0.0,0.0,0.0,0.0,0.0,0.0,0.0,0.0,0.0,0.0,0.0,0.03400075557234606,1.779372874952777,10.936909709104649,14.291650925576127,2.9580657347941073,4.18721198156682,2.974561512237872,nan,nan,nan,4.23954802259887,3.0038047096256997,4.136470588235294,2.9426217625393587,0.9756866925874828,0.4014,0.00802,0.0,0.0,0.0,0.0,0.0,0.0,0.0,0.0,0.0,0.0,0.0,12.682281828485058,17.317718171514926,0.0,0.0,0.0,0.0,0.0,0.0,0.0,0.0,0.0,0.0,0.0,0.0,0.0,0.0,0.0,0.0,0.0,nan,nan,4.18721198156682,2.974561512237872,nan,0.4014,0.0374,0.0,0.0,0.0,0.0,0.0,0.0,0.0,0.0,0.0,0.0,0.0,0.0,0.0,0.0,0.0,0.0,0.0,0.0,0.0,0.0,0.0,0.0,0.0,0.0,0.0,0.0,0.0,0.0,0.0,0.007272383830751794,0.0003022289384208538,0.002228938420853797,0.008197959954665658,0.020136003022289385,0.020816018133736305,0.04066868152625614,0.049319984888553076,0.08120513789195316,0.1415564790328674,0.08940309784661882,0.09561768039289761,0.09518322629391764,0.12559501322251607,0.061390253116735925,0.036267472610502456,0.04195315451454477,0.02089157536834152,0.023460521344918776,0.02381941820929354,0.004930109557990178,0.0035700793350963355,0.005704571212693616,0.000415564790328674,3.7778617302606726e-05,3.7778617302606726e-05,1.8889308651303363e-05,0.0,0.0,0.0,0.0,0.0,0.0,0.0,0.0,0.0,0.0,0.0,0.0,0.0,0.0,0.0,0.0,0.0,0.0,0.0,0.0,0.0,0.0,0.0,0.0,0.0,0.0,0.0,0.0,0.0,0.0,0.0,0.0,0.0,0.0,0.0,0.0,0.0,0.0,0.0,0.0,0.0,0.0,0.0,0.0,0.0,nan,nan,4.18721198156682,2.974561512237872,nan,0.9375847408227753,0.02341869386088401,0.0,0.0,0.0,0.0,0.0,0.0,0.0,0.0,0.0,0.0,0.0,0.0,0.0,0.0,0.0,0.0,0.0,0.0,0.0,0.0,0.0,0.0,0.0,0.0,0.0,0.021052631578947375,1.6631578947368424,10.884210526315792,14.315789473684212,3.1157894736842113,0.9365650315429107,0.022656530898498513,0.0,0.0,0.0,0.0,0.0,0.0,0.0,0.0,0.0,0.0,0.0,0.0,0.0,0.0,0.0,0.0,0.0,0.0,0.0,0.0,0.0,0.0,0.0,0.0,0.0,0.0490998363338789,1.914893617021277,10.998363338788874,14.26350245499182,2.7741407528641577,0.4014,0.00795,0.0,0.0,0.0,0.0,0.0,0.0,0.0,0.0,0.0,0.0,0.0,13.13684210526314,16.863157894736844,0.0,0.0,0.0,0.0,0.0,0.0,0.0,0.0,0.0,0.0,0.0,0.0,0.0,0.0,0.0,0.0,0.0,0.4016,0.008095,0.0,0.0,0.0,0.0,0.0,0.0,0.0,0.0,0.0,0.0,0.0,12.152209492635007,17.84779050736498,0.0,0.0,0.0,0.0,0.0,0.0,0.0,0.0,0.0,0.0,0.0,0.0,0.0,0.0,0.0,0.0,0.0
4100,2708,1426,0.5265878877400295,617,553,0.4320531757754801,773,0.5709010339734121,0.422,3.075663026521061,3.1429365977429,6.67379679144385,2.100549462466376,9553.878877400295,1612.7150456346792,7853.0,11083.0,11083.0,0.0,7853.0,0.0,28.31573116691285,21.23842155545039,33.21901007446343,19.526036337005625,0.1377400295420975,0.10118168389955687,0.0915805022156573,0.09416543574593796,0.07644017725258494,0.06942392909896603,0.06425406203840472,0.06019202363367799,0.05723781388478582,0.056499261447562774,0.04911373707533235,0.04025110782865583,0.03434268833087149,0.029172821270310192,0.01883308714918759,0.014401772525849335,0.0051698670605613,0.9380269043994971,0.023277516946964144,0.0,0.0,0.0,0.0,0.0,0.0,0.0,0.0,0.0,0.0,0.0,0.0,0.0,0.0,0.0,0.0,0.0,0.0,0.0,0.0,0.0,0.0,0.0,0.0,0.0,0.033234859675036935,1.5398818316100447,11.189069423929102,13.870014771048748,3.367799113737076,4.427909669947886,2.886461294327862,nan,nan,nan,4.511737089201878,2.8673495124683632,4.346285714285714,2.9026245126134538,0.963328675486844,0.4019,0.00785,0.0,0.0,0.0,0.0,0.0,0.0,0.0,0.0,0.0,0.0,0.0,12.440915805022138,17.559084194977846,0.0,0.0,0.0,0.0,0.0,0.0,0.0,0.0,0.0,0.0,0.0,0.0,0.0,0.0,0.0,0.0,0.0,nan,nan,4.427909669947886,2.886461294327862,nan,0.4019,0.03757,0.0,0.0,0.0,0.0,0.0,0.0,0.0,0.0,0.0,0.0,0.0,0.0,0.0,0.0,0.0,0.0,0.0,0.0,0.0,0.0,0.0,0.0,0.0,0.0,0.0,0.0,0.0,0.0,1.846381093057607e-05,0.008050221565731167,0.0007570162481536189,0.002603397341211226,0.008105612998522894,0.01899926144756278,0.019848596750369277,0.041469719350073854,0.04667651403249631,0.08053914327917282,0.13838626292466766,0.08884785819793205,0.09663958641063515,0.09774741506646972,0.12597858197932052,0.0633493353028065,0.036022895125553914,0.04292836041358936,0.020328655834564256,0.021141063515509602,0.026495568685376662,0.004948301329394387,0.004006646971935007,0.005889955686853766,0.00022156573116691286,0.0,0.0,0.0,0.0,0.0,0.0,0.0,0.0,0.0,0.0,0.0,0.0,0.0,0.0,0.0,0.0,0.0,0.0,0.0,0.0,0.0,0.0,0.0,0.0,0.0,0.0,0.0,0.0,0.0,0.0,0.0,0.0,0.0,0.0,0.0,0.0,0.0,0.0,0.0,0.0,0.0,0.0,0.0,0.0,0.0,0.0,0.0,0.0,nan,nan,4.427909669947886,2.886461294327862,nan,0.9377663266357834,0.023203819859696533,0.0,0.0,0.0,0.0,0.0,0.0,0.0,0.0,0.0,0.0,0.0,0.0,0.0,0.0,0.0,0.0,0.0,0.0,0.0,0.0,0.0,0.0,0.0,0.0,0.0,0.021037868162692853,1.7882187938288923,10.750350631136047,14.305750350631138,3.1346423562412347,0.9383167514284018,0.023355803717853486,0.0,0.0,0.0,0.0,0.0,0.0,0.0,0.0,0.0,0.0,0.0,0.0,0.0,0.0,0.0,0.0,0.0,0.0,0.0,0.0,0.0,0.0,0.0,0.0,0.0,0.046801872074883004,1.2636505460218412,11.67706708268331,13.38533541341654,3.627145085803433,0.402,0.007812,0.0,0.0,0.0,0.0,0.0,0.0,0.0,0.0,0.0,0.0,0.0,11.991584852734904,18.008415147265083,0.0,0.0,0.0,0.0,0.0,0.0,0.0,0.0,0.0,0.0,0.0,0.0,0.0,0.0,0.0,0.0,0.0,0.4014,0.00788,0.0,0.0,0.0,0.0,0.0,0.0,0.0,0.0,0.0,0.0,0.0,12.940717628705128,17.059282371294856,0.0,0.0,0.0,0.0,0.0,0.0,0.0,0.0,0.0,0.0,0.0,0.0,0.0,0.0,0.0,0.0,0.0
4200,2908,1492,0.5130674002751031,677,592,0.43638239339752405,803,0.5522696011004127,0.414,2.994350282485876,3.1213628327702234,6.622784810126582,2.141095742606989,9510.207702888583,1614.4483608393514,7853.0,11083.0,11083.0,0.0,7853.0,0.0,27.48624484181568,20.767018756121,32.63621331128566,18.976801700378772,0.14889958734525446,0.09766162310866575,0.09800550206327373,0.08493810178817056,0.08046767537826685,0.06808803301237965,0.06911966987620358,0.06705639614855571,0.05639614855570839,0.05570839064649243,0.041953232462173314,0.041953232462173314,0.0343878954607978,0.023039889958734527,0.01581843191196699,0.009284731774415406,0.007221458046767538,0.9389343001409607,0.023186834581189843,0.0,0.0,0.0,0.0,0.0,0.0,0.0,0.0,0.0,0.0,0.0,0.0,0.0,0.0,0.0,0.0,0.0,0.0,0.0,0.0,0.0,0.0,0.0,0.0,0.0,0.051581843191196707,1.3927097661623111,10.625859697386522,14.4222833562586,3.507565337001376,4.370976541189307,2.8705225294223076,nan,nan,nan,4.35487404162103,2.909933286369713,4.386956521739131,2.830778714160544,1.0073670282564955,0.402,0.00807,0.0,0.0,0.0,0.0,0.0,0.0,0.0,0.0,0.0,0.0,0.0,12.338376891334233,17.661623108665754,0.0,0.0,0.0,0.0,0.0,0.0,0.0,0.0,0.0,0.0,0.0,0.0,0.0,0.0,0.0,0.0,0.0,nan,nan,4.370976541189307,2.8705225294223076,nan,0.402,0.03772,0.0,0.0,0.0,0.0,0.0,0.0,0.0,0.0,0.0,0.0,0.0,0.0,0.0,0.0,0.0,0.0,0.0,0.0,0.0,0.0,0.0,0.0,0.0,0.0,0.0,0.0,0.0,1.71939477303989e-05,0.0,0.007427785419532325,0.0007909215955983494,0.0028026134800550207,0.00814993122420908,0.017159559834938103,0.0234353507565337,0.03961485557083907,0.04669876203576341,0.0795735900962861,0.13865199449793672,0.08956327372764787,0.09472145804676754,0.09668156808803301,0.12524071526822558,0.06576685006877579,0.0359181568088033,0.044102475928473175,0.020082530949105913,0.01951513067400275,0.027888583218707016,0.005502063273727648,0.003266850068775791,0.007049518569463549,0.00025790921595598347,1.71939477303989e-05,0.0001031636863823934,0.0,0.0,0.0,0.0,0.0,0.0,0.0,0.0,0.0,0.0,0.0,0.0,0.0,0.0,0.0,0.0,0.0,0.0,0.0,0.0,0.0,0.0,0.0,0.0,0.0,0.0,0.0,0.0,0.0,0.0,0.0,0.0,0.0,0.0,0.0,0.0,0.0,0.0,0.0,0.0,0.0,0.0,0.0,0.0,0.0,0.0,nan,nan,4.370976541189307,2.8705225294223076,nan,0.9392862621564967,0.02339541506534387,0.0,0.0,0.0,0.0,0.0,0.0,0.0,0.0,0.0,0.0,0.0,0.0,0.0,0.0,0.0,0.0,0.0,0.0,0.0,0.0,0.0,0.0,0.0,0.0,0.0,0.06032171581769438,1.3069705093833783,10.63672922252011,14.296246648793568,3.6997319034852554,0.9385634475087715,0.022959172542082795,0.0,0.0,0.0,0.0,0.0,0.0,0.0,0.0,0.0,0.0,0.0,0.0,0.0,0.0,0.0,0.0,0.0,0.0,0.0,0.0,0.0,0.0,0.0,0.0,0.0,0.042372881355932215,1.4830508474576274,10.614406779661019,14.555084745762715,3.3050847457627124,0.4023,0.007996,0.0,0.0,0.0,0.0,0.0,0.0,0.0,0.0,0.0,0.0,0.0,12.02412868632706,17.975871313672926,0.0,0.0,0.0,0.0,0.0,0.0,0.0,0.0,0.0,0.0,0.0,0.0,0.0,0.0,0.0,0.0,0.0,0.4019,0.008156,0.0,0.0,0.0,0.0,0.0,0.0,0.0,0.0,0.0,0.0,0.0,12.66949152542371,17.330508474576273,0.0,0.0,0.0,0.0,0.0,0.0,0.0,0.0,0.0,0.0,0.0,0.0,0.0,0.0,0.0,0.0,0.0
4300,2917,1501,0.5145697634556051,681,615,0.4442920809050394,826,0.5663352759684608,0.41,2.8912429378531073,2.9741413103955803,6.3264248704663215,2.037771861974249,9515.060335961605,1614.314196424965,7853.0,11083.0,11083.0,0.0,7853.0,0.0,27.739458347617415,21.097484917571766,33.07657284768212,19.25866144290687,0.1487829962290024,0.10250257113472747,0.08844703462461433,0.08330476516969489,0.08056222146040452,0.0750771340418238,0.06410695920466232,0.06787795680493658,0.055879328076791225,0.057593417895097705,0.0411381556393555,0.03599588618443606,0.03668152211175866,0.022625985601645526,0.020911895783339046,0.010970174837161468,0.0075419952005485085,0.9390095643773241,0.023105398268875987,0.0,0.0,0.0,0.0,0.0,0.0,0.0,0.0,0.0,0.0,0.0,0.0,0.0,0.0,0.0,0.0,0.0,0.0,0.0,0.0,0.0,0.0,0.0,0.0,0.0,0.03085361672951663,1.1518683579019544,10.839904010970177,14.583476174151528,3.3938978402468294,4.274973147153598,2.754862291522209,nan,nan,nan,4.216450216450217,2.8354416570225425,4.329775880469584,2.6718620076601036,1.0268770311996651,0.402,0.008156,0.0,0.0,0.0,0.0,0.0,0.0,0.0,0.0,0.0,0.0,0.010284538909838877,11.971203291052433,18.018512170037717,0.0,0.0,0.0,0.0,0.0,0.0,0.0,0.0,0.0,0.0,0.0,0.0,0.0,0.0,0.0,0.0,0.0,nan,nan,4.274973147153598,2.754862291522209,nan,0.402,0.0377,0.0,0.0,0.0,0.0,0.0,0.0,0.0,0.0,0.0,0.0,0.0,0.0,0.0,0.0,0.0,0.0,0.0,0.0,0.0,0.0,0.0,0.0,0.0,0.0,0.0,0.0,0.0,0.0,1.7140898183064794e-05,0.008090503942406582,0.0011827219746314707,0.0022625985601645525,0.007302022625985602,0.015152553993829277,0.025299965718203633,0.04096674665752485,0.04717175179979431,0.0814021254713747,0.135978745286253,0.08906410695920466,0.09758313335618786,0.09538909838875557,0.12207747685978745,0.06784367500857046,0.03453890983887556,0.04561193006513541,0.020809050394240657,0.02024340075419952,0.026191292423723003,0.005262255742200891,0.002965375385670209,0.007302022625985602,0.00010284538909838876,5.142269454919438e-05,0.00013712718546451835,0.0,0.0,0.0,0.0,0.0,0.0,0.0,0.0,0.0,0.0,0.0,0.0,0.0,0.0,0.0,0.0,0.0,0.0,0.0,0.0,0.0,0.0,0.0,0.0,0.0,0.0,0.0,0.0,0.0,0.0,0.0,0.0,0.0,0.0,0.0,0.0,0.0,0.0,0.0,0.0,0.0,0.0,0.0,0.0,0.0,0.0,nan,nan,4.274973147153598,2.754862291522209,nan,0.9386482377357279,0.022779226173833846,0.0,0.0,0.0,0.0,0.0,0.0,0.0,0.0,0.0,0.0,0.0,0.0,0.0,0.0,0.0,0.0,0.0,0.0,0.0,0.0,0.0,0.0,0.0,0.0,0.0,0.03997335109926717,1.1992005329780149,10.7728181212525,14.670219853431048,3.3177881412391743,0.9393925808243833,0.023440115559107993,0.0,0.0,0.0,0.0,0.0,0.0,0.0,0.0,0.0,0.0,0.0,0.0,0.0,0.0,0.0,0.0,0.0,0.0,0.0,0.0,0.0,0.0,0.0,0.0,0.0,0.021186440677966108,1.1016949152542377,10.911016949152545,14.491525423728817,3.474576271186441,0.402,0.00818,0.0,0.0,0.0,0.0,0.0,0.0,0.0,0.0,0.0,0.0,0.019986675549633584,12.211858760826098,17.768154563624254,0.0,0.0,0.0,0.0,0.0,0.0,0.0,0.0,0.0,0.0,0.0,0.0,0.0,0.0,0.0,0.0,0.0,0.4019,0.00814,0.0,0.0,0.0,0.0,0.0,0.0,0.0,0.0,0.0,0.0,0.0,11.716101694915237,18.28389830508475,0.0,0.0,0.0,0.0,0.0,0.0,0.0,0.0,0.0,0.0,0.0,0.0,0.0,0.0,0.0,0.0,0.0
4400,2735,1380,0.5045703839122486,637,551,0.4343692870201097,748,0.5469835466179159,0.442,2.874538745387454,3.105366333300622,6.659090909090909,2.09103260504754,9482.762340036563,1614.932529029199,7853.0,11083.0,11083.0,0.0,7853.0,0.0,27.06691042047532,20.728494332483308,32.4094942324756,18.930370672994197,0.15137111517367458,0.10712979890310786,0.09396709323583181,0.08592321755027423,0.07714808043875686,0.07239488117001829,0.06946983546617916,0.061791590493601466,0.05996343692870201,0.04314442413162706,0.04826325411334552,0.03985374771480804,0.0340036563071298,0.0263254113345521,0.017184643510054845,0.006946983546617916,0.005118829981718464,0.9380220859098696,0.02328467365325303,0.0,0.0,0.0,0.0,0.0,0.0,0.0,0.0,0.0,0.0,0.0,0.0,0.0,0.0,0.0,0.0,0.0,0.0,0.0,0.0,0.0,0.0,0.0,0.0,0.0,0.04387568555758685,1.5356489945155396,11.067641681901282,14.127970749542964,3.224862888482633,4.301522248243559,2.8049091334948972,nan,nan,nan,4.3637413394919164,2.7907016256812067,4.239001189060642,2.8193658391273138,0.971414403208922,0.4026,0.00833,0.0,0.0,0.0,0.0,0.0,0.0,0.0,0.0,0.0,0.0,0.0,11.517367458866529,18.471663619744064,0.010968921389396712,0.0,0.0,0.0,0.0,0.0,0.0,0.0,0.0,0.0,0.0,0.0,0.0,0.0,0.0,0.0,0.0,nan,nan,4.301522248243559,2.8049091334948972,nan,0.4026,0.03745,0.0,0.0,0.0,0.0,0.0,0.0,0.0,0.0,0.0,0.0,0.0,0.0,0.0,0.0,0.0,0.0,0.0,0.0,0.0,0.0,0.0,0.0,0.0,0.0,0.0,0.0,0.0,0.0,0.0,0.008007312614259597,0.0008957952468007312,0.0018281535648994515,0.006508226691042047,0.012486288848263255,0.025155393053016454,0.041974405850091406,0.045648994515539304,0.07895795246800731,0.13325411334552104,0.09228519195612432,0.10060329067641682,0.09787934186471664,0.12155393053016453,0.06908592321755028,0.03190127970749543,0.04648994515539305,0.020146252285191957,0.021407678244972576,0.028372943327239487,0.006051188299817185,0.0027605118829981718,0.006526508226691042,3.656307129798903e-05,0.0,0.00014625228519195613,0.0,0.0,0.0,3.656307129798903e-05,0.0,0.0,0.0,0.0,0.0,0.0,0.0,0.0,0.0,0.0,0.0,0.0,0.0,0.0,0.0,0.0,0.0,0.0,0.0,0.0,0.0,0.0,0.0,0.0,0.0,0.0,0.0,0.0,0.0,0.0,0.0,0.0,0.0,0.0,0.0,0.0,0.0,0.0,0.0,0.0,0.0,0.0,nan,nan,4.301522248243559,2.8049091334948972,nan,0.9383772567562435,0.023420310885489348,0.0,0.0,0.0,0.0,0.0,0.0,0.0,0.0,0.0,0.0,0.0,0.0,0.0,0.0,0.0,0.0,0.0,0.0,0.0,0.0,0.0,0.0,0.0,0.0,0.0,0.04347826086956523,1.4782608695652177,10.89130434782609,14.260869565217394,3.3260869565217397,0.9376603620958505,0.02314011438426159,0.0,0.0,0.0,0.0,0.0,0.0,0.0,0.0,0.0,0.0,0.0,0.0,0.0,0.0,0.0,0.0,0.0,0.0,0.0,0.0,0.0,0.0,0.0,0.0,0.0,0.044280442804428055,1.59409594095941,11.247232472324725,13.992619926199264,3.121771217712178,0.4026,0.008156,0.0,0.0,0.0,0.0,0.0,0.0,0.0,0.0,0.0,0.0,0.0,11.543478260869549,18.434782608695656,0.021739130434782615,0.0,0.0,0.0,0.0,0.0,0.0,0.0,0.0,0.0,0.0,0.0,0.0,0.0,0.0,0.0,0.0,0.4026,0.00851,0.0,0.0,0.0,0.0,0.0,0.0,0.0,0.0,0.0,0.0,0.0,11.490774907749062,18.50922509225093,0.0,0.0,0.0,0.0,0.0,0.0,0.0,0.0,0.0,0.0,0.0,0.0,0.0,0.0,0.0,0.0,0.0
4500,2972,1536,0.5168236877523553,714,613,0.4465006729475101,862,0.5800807537012113,0.38999999999999996,3.020891364902507,3.0205163437113502,6.292792792792793,2.148714751471516,9522.340511440108,1614.0855333025038,7853.0,11083.0,11083.0,0.0,7853.0,0.0,28.849596231493944,21.286466371317086,33.730815109343936,19.490699845026523,0.13055181695827725,0.09892328398384927,0.08613728129205922,0.09253028263795424,0.0800807537012113,0.07065948855989233,0.06864064602960969,0.0635935397039031,0.059219380888290714,0.0531628532974428,0.04946164199192463,0.04205921938088829,0.033647375504710635,0.0265814266487214,0.02456258411843876,0.01278600269179004,0.007402422611036339,0.9374457771011189,0.023134549801984036,0.0,0.0,0.0,0.0,0.0,0.0,0.0,0.0,0.0,0.0,0.0,0.0,0.0,0.0,0.0,0.0,0.0,0.0,0.0,0.0,0.0,0.0,0.0,0.0,0.0,0.030282637954239574,1.5040376850605657,11.648721399730823,13.59690444145357,3.220053835800808,4.25776872134488,2.8139425288697186,nan,nan,nan,4.215767634854772,2.7779362492554793,4.298298298298298,2.8476685768239496,1.0195766632774506,0.4026,0.00786,0.0,0.0,0.0,0.0,0.0,0.0,0.0,0.0,0.0,0.0,0.0,11.174293405114383,18.825706594885602,0.0,0.0,0.0,0.0,0.0,0.0,0.0,0.0,0.0,0.0,0.0,0.0,0.0,0.0,0.0,0.0,0.0,nan,nan,4.25776872134488,2.8139425288697186,nan,0.4026,0.03708,0.0,0.0,0.0,0.0,0.0,0.0,0.0,0.0,0.0,0.0,0.0,0.0,0.0,0.0,0.0,0.0,0.0,0.0,0.0,0.0,0.0,0.0,0.0,0.0,0.0,0.0,0.0,0.0,0.0,0.007637954239569314,0.0007570659488559892,0.000958950201884253,0.006325706594885599,0.01069986541049798,0.02636271870794078,0.04293405114401077,0.04655114401076716,0.07908815612382235,0.12918909825033648,0.09335464333781965,0.10629205921938088,0.09560901749663527,0.12121467025572005,0.06852288021534321,0.03580080753701211,0.0468371467025572,0.018455585464333783,0.020575370121130553,0.027994616419919245,0.005720053835800807,0.002018842530282638,0.006914535666218035,6.729475100942126e-05,6.729475100942126e-05,5.047106325706595e-05,0.0,0.0,0.0,0.0,0.0,0.0,0.0,0.0,0.0,0.0,0.0,0.0,0.0,0.0,0.0,0.0,0.0,0.0,0.0,0.0,0.0,0.0,0.0,0.0,0.0,0.0,0.0,0.0,0.0,0.0,0.0,0.0,0.0,0.0,0.0,0.0,0.0,0.0,0.0,0.0,0.0,0.0,0.0,0.0,0.0,0.0,nan,nan,4.25776872134488,2.8139425288697186,nan,0.9365538849961013,0.023151525831064976,0.0,0.0,0.0,0.0,0.0,0.0,0.0,0.0,0.0,0.0,0.0,0.0,0.0,0.0,0.0,0.0,0.0,0.0,0.0,0.0,0.0,0.0,0.0,0.0,0.0,0.03906250000000001,1.7187500000000002,11.972656250000002,13.242187500000002,3.0273437500000004,0.9383997786842017,0.023078256802562248,0.0,0.0,0.0,0.0,0.0,0.0,0.0,0.0,0.0,0.0,0.0,0.0,0.0,0.0,0.0,0.0,0.0,0.0,0.0,0.0,0.0,0.0,0.0,0.0,0.0,0.020891364902506968,1.274373259052925,11.30222841225627,13.976323119777161,3.4261838440111427,0.4028,0.00793,0.0,0.0,0.0,0.0,0.0,0.0,0.0,0.0,0.0,0.0,0.0,10.703124999999984,19.296875000000004,0.0,0.0,0.0,0.0,0.0,0.0,0.0,0.0,0.0,0.0,0.0,0.0,0.0,0.0,0.0,0.0,0.0,0.4023,0.00777,0.0,0.0,0.0,0.0,0.0,0.0,0.0,0.0,0.0,0.0,0.0,11.678272980501376,18.321727019498613,0.0,0.0,0.0,0.0,0.0,0.0,0.0,0.0,0.0,0.0,0.0,0.0,0.0,0.0,0.0,0.0,0.0
4600,2620,1397,0.533206106870229,673,527,0.4580152671755725,720,0.549618320610687,0.442,2.9771054783319704,3.1346661074811597,6.618497109826589,2.228066905275672,9575.25572519084,1611.4345191207078,7853.0,11083.0,11083.0,0.0,7853.0,0.0,29.009541984732824,21.151387818780382,33.81348314606742,19.31758930112708,0.13282442748091602,0.0900763358778626,0.09083969465648854,0.0916030534351145,0.08129770992366413,0.07061068702290077,0.06526717557251908,0.06221374045801527,0.057633587786259544,0.056106870229007635,0.052290076335877865,0.04541984732824427,0.035114503816793895,0.027862595419847327,0.02366412213740458,0.012595419847328244,0.004580152671755725,0.938420477441249,0.02349198032858776,0.0,0.0,0.0,0.0,0.0,0.0,0.0,0.0,0.0,0.0,0.0,0.0,0.0,0.0,0.0,0.0,0.0,0.0,0.0,0.0,0.0,0.0,0.0,0.0,0.0,0.011450381679389316,1.6717557251908401,10.832061068702293,14.118320610687025,3.3664122137404586,4.037079292641186,2.9518468452899285,nan,nan,nan,3.9858490566037736,2.946422156512183,4.085082872928177,2.9561152308943317,1.024896531432868,0.4023,0.007866,0.0,0.0,0.0,0.0,0.0,0.0,0.0,0.0,0.0,0.0,0.0,11.335877862595403,18.664122137404583,0.0,0.0,0.0,0.0,0.0,0.0,0.0,0.0,0.0,0.0,0.0,0.0,0.0,0.0,0.0,0.0,0.0,nan,nan,4.037079292641186,2.9518468452899285,nan,0.4023,0.03696,0.0,0.0,0.0,0.0,0.0,0.0,0.0,0.0,0.0,0.0,0.0,0.0,0.0,0.0,0.0,0.0,0.0,0.0,0.0,0.0,0.0,0.0,0.0,0.0,0.0,0.0,0.0,0.0,0.0,0.008473282442748092,0.0006870229007633588,0.0013549618320610687,0.005687022900763359,0.00948473282442748,0.027003816793893128,0.039255725190839696,0.04797709923664122,0.08278625954198474,0.13095419847328243,0.09074427480916031,0.1041793893129771,0.10381679389312977,0.11755725190839694,0.0682824427480916,0.03562977099236641,0.04385496183206107,0.01833969465648855,0.021564885496183205,0.027862595419847327,0.005438931297709924,0.001583969465648855,0.0072709923664122135,7.633587786259542e-05,0.000133587786259542,0.0,0.0,0.0,0.0,0.0,0.0,0.0,0.0,0.0,0.0,0.0,0.0,0.0,0.0,0.0,0.0,0.0,0.0,0.0,0.0,0.0,0.0,0.0,0.0,0.0,0.0,0.0,0.0,0.0,0.0,0.0,0.0,0.0,0.0,0.0,0.0,0.0,0.0,0.0,0.0,0.0,0.0,0.0,0.0,0.0,0.0,0.0,nan,nan,4.037079292641186,2.9518468452899285,nan,0.9389640710229266,0.0233690342669167,0.0,0.0,0.0,0.0,0.0,0.0,0.0,0.0,0.0,0.0,0.0,0.0,0.0,0.0,0.0,0.0,0.0,0.0,0.0,0.0,0.0,0.0,0.0,0.0,0.0,0.0,1.5891195418754478,10.823192555476023,14.130279169649251,3.457408732999285,0.9377995451161438,0.023616331513536662,0.0,0.0,0.0,0.0,0.0,0.0,0.0,0.0,0.0,0.0,0.0,0.0,0.0,0.0,0.0,0.0,0.0,0.0,0.0,0.0,0.0,0.0,0.0,0.0,0.0,0.024529844644317258,1.7661488143908426,10.842191332788229,14.104660670482422,3.2624693376941956,0.4023,0.0078,0.0,0.0,0.0,0.0,0.0,0.0,0.0,0.0,0.0,0.0,0.0,11.252684323550449,18.74731567644954,0.0,0.0,0.0,0.0,0.0,0.0,0.0,0.0,0.0,0.0,0.0,0.0,0.0,0.0,0.0,0.0,0.0,0.4026,0.007935,0.0,0.0,0.0,0.0,0.0,0.0,0.0,0.0,0.0,0.0,0.0,11.430907604251823,18.569092395748164,0.0,0.0,0.0,0.0,0.0,0.0,0.0,0.0,0.0,0.0,0.0,0.0,0.0,0.0,0.0,0.0,0.0
4700,2930,1515,0.5170648464163823,722,596,0.4498293515358362,823,0.5617747440273038,0.40199999999999997,2.9491166077738518,3.110944591505978,6.68542199488491,2.119394611103013,9523.119453924915,1614.0591209119384,7853.0,11083.0,11083.0,0.0,7853.0,0.0,27.564163822525597,20.5928384549548,32.2805173807599,18.940737695170387,0.1392491467576792,0.09897610921501707,0.09283276450511946,0.09556313993174062,0.08976109215017065,0.06928327645051195,0.06791808873720137,0.05802047781569966,0.05392491467576792,0.05733788395904437,0.04880546075085324,0.03856655290102389,0.03583617747440273,0.022525597269624574,0.015699658703071672,0.009215017064846417,0.006484641638225256,0.9384312396977135,0.023285357886700036,0.0,0.0,0.0,0.0,0.0,0.0,0.0,0.0,0.0,0.0,0.0,0.0,0.0,0.0,0.0,0.0,0.0,0.0,0.0,0.0,0.0,0.0,0.0,0.0,0.0,0.010238907849829355,1.4027303754266214,11.017064846416385,14.068259385665531,3.501706484641639,4.3230441724321444,2.968784932274463,nan,nan,nan,4.354457572502685,2.9545480972098295,4.292194092827004,2.9823783157111667,0.9857012087868626,0.402,0.0082,0.0,0.0,0.0,0.0,0.0,0.0,0.0,0.0,0.0,0.0,0.0,12.061433447098958,17.93856655290103,0.0,0.0,0.0,0.0,0.0,0.0,0.0,0.0,0.0,0.0,0.0,0.0,0.0,0.0,0.0,0.0,0.0,nan,nan,4.3230441724321444,2.968784932274463,nan,0.402,0.03723,0.0,0.0,0.0,0.0,0.0,0.0,0.0,0.0,0.0,0.0,0.0,0.0,0.0,0.0,0.0,0.0,0.0,0.0,0.0,0.0,0.0,0.0,0.0,0.0,0.0,0.0,0.0,0.0,0.0,0.009829351535836178,0.0008873720136518771,0.0021501706484641637,0.0059044368600682596,0.009300341296928328,0.029300341296928326,0.039232081911262796,0.046501706484641636,0.07725255972696246,0.1328839590443686,0.09199658703071673,0.10525597269624573,0.10116040955631399,0.11848122866894198,0.07151877133105802,0.03571672354948806,0.041911262798634816,0.018890784982935154,0.02075085324232082,0.026450511945392493,0.005170648464163823,0.001552901023890785,0.007525597269624574,5.119453924914676e-05,0.00030716723549488055,1.7064846416382253e-05,0.0,0.0,0.0,0.0,0.0,0.0,0.0,0.0,0.0,0.0,0.0,0.0,0.0,0.0,0.0,0.0,0.0,0.0,0.0,0.0,0.0,0.0,0.0,0.0,0.0,0.0,0.0,0.0,0.0,0.0,0.0,0.0,0.0,0.0,0.0,0.0,0.0,0.0,0.0,0.0,0.0,0.0,0.0,0.0,0.0,0.0,nan,nan,4.3230441724321444,2.968784932274463,nan,0.9377467035460394,0.023195605612025386,0.0,0.0,0.0,0.0,0.0,0.0,0.0,0.0,0.0,0.0,0.0,0.0,0.0,0.0,0.0,0.0,0.0,0.0,0.0,0.0,0.0,0.0,0.0,0.0,0.0,0.0,1.5049504950495052,11.425742574257429,13.623762376237627,3.445544554455446,0.9391641529625802,0.023358844610249892,0.0,0.0,0.0,0.0,0.0,0.0,0.0,0.0,0.0,0.0,0.0,0.0,0.0,0.0,0.0,0.0,0.0,0.0,0.0,0.0,0.0,0.0,0.0,0.0,0.0,0.021201413427561842,1.2932862190812724,10.57950530035336,14.544169611307423,3.561837455830389,0.4019,0.00817,0.0,0.0,0.0,0.0,0.0,0.0,0.0,0.0,0.0,0.0,0.0,12.138613861386121,17.861386138613867,0.0,0.0,0.0,0.0,0.0,0.0,0.0,0.0,0.0,0.0,0.0,0.0,0.0,0.0,0.0,0.0,0.0,0.4023,0.00823,0.0,0.0,0.0,0.0,0.0,0.0,0.0,0.0,0.0,0.0,0.0,11.97879858657242,18.021201413427566,0.0,0.0,0.0,0.0,0.0,0.0,0.0,0.0,0.0,0.0,0.0,0.0,0.0,0.0,0.0,0.0,0.0
4800,2841,1512,0.53220696937698,718,583,0.45793734600492786,801,0.5638859556494192,0.414,3.0466516177577128,3.0682121763563672,6.394329896907217,2.1070986586174394,9572.028511087645,1611.6460743230468,7853.0,11083.0,11083.0,0.0,7853.0,0.0,28.649771207321365,21.171984124651036,33.619883040935676,19.348387682642088,0.13762759591693066,0.09327701513551566,0.0858852516719465,0.08729320661738825,0.08729320661738825,0.0725096796902499,0.06546990496304118,0.06582189369940161,0.06476592749032031,0.05385427666314678,0.04118268215417107,0.03590285110876452,0.03695881731784583,0.032382963745160157,0.02006335797254488,0.013023583245336149,0.006687785990848293,0.9384570266947869,0.02309757837351945,0.0,0.0,0.0,0.0,0.0,0.0,0.0,0.0,0.0,0.0,0.0,0.0,0.0,0.0,0.0,0.0,0.0,0.0,0.0,0.0,0.0,0.0,0.0,0.0,0.0,0.031678986272439286,1.3727560718057026,11.129883843717003,14.118268215417109,3.3474128827877516,4.08133971291866,2.852063526712873,nan,nan,nan,4.163636363636364,2.852143135731283,4.0,2.84965039953626,0.9606986899563318,0.4023,0.00812,0.0,0.0,0.0,0.0,0.0,0.0,0.0,0.0,0.0,0.0,0.0,11.647307286166825,18.35269271383316,0.0,0.0,0.0,0.0,0.0,0.0,0.0,0.0,0.0,0.0,0.0,0.0,0.0,0.0,0.0,0.0,0.0,nan,nan,4.08133971291866,2.852063526712873,nan,0.4023,0.03757,0.0,0.0,0.0,0.0,0.0,0.0,0.0,0.0,0.0,0.0,0.0,0.0,0.0,0.0,0.0,0.0,0.0,0.0,0.0,0.0,0.0,0.0,0.0,0.0,0.0,0.0,0.0,0.0,0.0,0.008799718409010912,0.0011263639563533967,0.0032382963745160153,0.0065293910594860964,0.008658922914466738,0.027419922562478,0.04047870468145019,0.0454065469904963,0.0794262583597325,0.1369412178810278,0.08848996832101373,0.1055614220344949,0.09718409010911651,0.11654347060894052,0.0711369236184442,0.03576205561422034,0.041939457937346006,0.02015135515663499,0.020309750087997184,0.02972544878563886,0.005385427666314678,0.0016191481872580077,0.007602956705385427,3.5198873636043646e-05,0.0005279831045406547,0.0,0.0,0.0,0.0,0.0,0.0,0.0,0.0,0.0,0.0,0.0,0.0,0.0,0.0,0.0,0.0,0.0,0.0,0.0,0.0,0.0,0.0,0.0,0.0,0.0,0.0,0.0,0.0,0.0,0.0,0.0,0.0,0.0,0.0,0.0,0.0,0.0,0.0,0.0,0.0,0.0,0.0,0.0,0.0,0.0,0.0,0.0,nan,nan,4.08133971291866,2.852063526712873,nan,0.939299469311086,0.022980670564431142,0.0,0.0,0.0,0.0,0.0,0.0,0.0,0.0,0.0,0.0,0.0,0.0,0.0,0.0,0.0,0.0,0.0,0.0,0.0,0.0,0.0,0.0,0.0,0.0,0.0,0.039682539682539694,1.1904761904761907,10.674603174603178,14.642857142857146,3.452380952380953,0.9374985818220674,0.023192687343349595,0.0,0.0,0.0,0.0,0.0,0.0,0.0,0.0,0.0,0.0,0.0,0.0,0.0,0.0,0.0,0.0,0.0,0.0,0.0,0.0,0.0,0.0,0.0,0.0,0.0,0.022573363431151246,1.5801354401805872,11.647855530474043,13.521444695259596,3.2279909706546284,0.4023,0.0081,0.0,0.0,0.0,0.0,0.0,0.0,0.0,0.0,0.0,0.0,0.0,11.62698412698411,18.373015873015877,0.0,0.0,0.0,0.0,0.0,0.0,0.0,0.0,0.0,0.0,0.0,0.0,0.0,0.0,0.0,0.0,0.0,0.4023,0.00814,0.0,0.0,0.0,0.0,0.0,0.0,0.0,0.0,0.0,0.0,0.0,11.670428893905175,18.32957110609481,0.0,0.0,0.0,0.0,0.0,0.0,0.0,0.0,0.0,0.0,0.0,0.0,0.0,0.0,0.0,0.0,0.0
4900,2695,1434,0.5320964749536178,686,548,0.45788497217068647,739,0.5484230055658627,0.438,3.0935765265662174,3.1833924181225073,6.9054441260744985,2.105987953717863,9571.671614100185,1611.6690716241537,7853.0,11083.0,11083.0,0.0,7853.0,0.0,28.062708719851578,20.816651696156352,32.822573561704,19.13650109108745,0.13209647495361782,0.10426716141001856,0.09165120593692022,0.08645640074211502,0.08645640074211502,0.07829313543599258,0.06159554730983302,0.06641929499072356,0.061224489795918366,0.04786641929499073,0.04564007421150278,0.04192949907235621,0.039332096474953615,0.022634508348794064,0.014100185528756958,0.01038961038961039,0.009647495361781076,0.9376414200149352,0.023318597642366115,0.0,0.0,0.0,0.0,0.0,0.0,0.0,0.0,0.0,0.0,0.0,0.0,0.0,0.0,0.0,0.0,0.0,0.0,0.0,0.0,0.0,0.0,0.0,0.0,0.0,0.011131725417439706,1.625231910946197,11.176252319109464,13.93692022263451,3.250463821892394,4.2032935831913685,2.933603786111616,nan,nan,nan,4.222096956031567,2.9408384672166727,4.184210526315789,2.9261196697694016,0.9910266320005621,0.402,0.00869,0.0,0.0,0.0,0.0,0.0,0.0,0.0,0.0,0.0,0.0,0.0,11.877551020408145,18.12244897959184,0.0,0.0,0.0,0.0,0.0,0.0,0.0,0.0,0.0,0.0,0.0,0.0,0.0,0.0,0.0,0.0,0.0,nan,nan,4.2032935831913685,2.933603786111616,nan,0.402,0.03873,0.0,0.0,0.0,0.0,0.0,0.0,0.0,0.0,0.0,0.0,0.0,0.0,0.0,0.0,0.0,0.0,0.0,0.0,0.0,0.0,0.0,0.0,0.0,0.0,0.0,0.0,0.0,0.0,0.0,0.01020408163265306,0.001484230055658627,0.0031354359925788496,0.007884972170686457,0.00862708719851577,0.03159554730983302,0.04423005565862709,0.0449165120593692,0.07749536178107606,0.13040816326530613,0.09025974025974026,0.1028200371057514,0.09374768089053803,0.1113543599257885,0.07317254174397031,0.036734693877551024,0.041576994434137295,0.019443413729128015,0.020871985157699443,0.0337291280148423,0.005547309833024119,0.0021150278293135434,0.00797773654916512,0.0,0.0006679035250463822,0.0,0.0,0.0,0.0,0.0,0.0,0.0,0.0,0.0,0.0,0.0,0.0,0.0,0.0,0.0,0.0,0.0,0.0,0.0,0.0,0.0,0.0,0.0,0.0,0.0,0.0,0.0,0.0,0.0,0.0,0.0,0.0,0.0,0.0,0.0,0.0,0.0,0.0,0.0,0.0,0.0,0.0,0.0,0.0,0.0,0.0,0.0,nan,nan,4.2032935831913685,2.933603786111616,nan,0.9368747565038035,0.023203332322740623,0.0,0.0,0.0,0.0,0.0,0.0,0.0,0.0,0.0,0.0,0.0,0.0,0.0,0.0,0.0,0.0,0.0,0.0,0.0,0.0,0.0,0.0,0.0,0.0,0.0,0.020920502092050215,1.7364016736401677,11.464435146443517,13.76569037656904,3.012552301255231,0.9385132641663729,0.023418507962370026,0.0,0.0,0.0,0.0,0.0,0.0,0.0,0.0,0.0,0.0,0.0,0.0,0.0,0.0,0.0,0.0,0.0,0.0,0.0,0.0,0.0,0.0,0.0,0.0,0.0,0.0,1.4988104678826333,10.848532910388583,14.13164155432197,3.521015067406821,0.402,0.00877,0.0,0.0,0.0,0.0,0.0,0.0,0.0,0.0,0.0,0.0,0.0,12.133891213389104,17.866108786610884,0.0,0.0,0.0,0.0,0.0,0.0,0.0,0.0,0.0,0.0,0.0,0.0,0.0,0.0,0.0,0.0,0.0,0.402,0.00858,0.0,0.0,0.0,0.0,0.0,0.0,0.0,0.0,0.0,0.0,0.0,11.586042823156207,18.413957176843777,0.0,0.0,0.0,0.0,0.0,0.0,0.0,0.0,0.0,0.0,0.0,0.0,0.0,0.0,0.0,0.0,0.0
5000,2688,1396,0.5193452380952381,645,549,0.44419642857142855,748,0.5565476190476191,0.434,3.027089783281734,3.2281717378461674,6.945086705202312,2.0597692273502037,9530.485119047618,1613.790757780452,7853.0,11083.0,11083.0,0.0,7853.0,0.0,27.35639880952381,20.743890469083468,32.585541086663675,18.954705238051677,0.14732142857142858,0.10453869047619048,0.09188988095238096,0.08556547619047619,0.0744047619047619,0.078125,0.0740327380952381,0.06696428571428571,0.055431547619047616,0.0546875,0.041294642857142856,0.033482142857142856,0.029389880952380952,0.027529761904761904,0.01711309523809524,0.013020833333333334,0.005208333333333333,0.9371928140254957,0.023492854629640823,0.0,0.0,0.0,0.0,0.0,0.0,0.0,0.0,0.0,0.0,0.0,0.0,0.0,0.0,0.0,0.0,0.0,0.0,0.0,0.0,0.0,0.0,0.0,0.0,0.0,0.022321428571428575,1.7299107142857146,11.049107142857146,13.984375000000004,3.214285714285715,4.416470588235294,2.94889199765621,nan,nan,nan,4.437062937062937,2.866717094192733,4.395486935866983,3.0301930455888106,0.9906298373979174,0.402,0.0082,0.0,0.0,0.0,0.0,0.0,0.0,0.0,0.0,0.0,0.0,0.0,12.042410714285698,17.95758928571429,0.0,0.0,0.0,0.0,0.0,0.0,0.0,0.0,0.0,0.0,0.0,0.0,0.0,0.0,0.0,0.0,0.0,nan,nan,4.416470588235294,2.94889199765621,nan,0.402,0.03864,0.0,0.0,0.0,0.0,0.0,0.0,0.0,0.0,0.0,0.0,0.0,0.0,0.0,0.0,0.0,0.0,0.0,0.0,0.0,0.0,0.0,0.0,0.0,0.0,0.0,1.8601190476190478e-05,0.0,5.580357142857143e-05,0.00013020833333333333,0.010044642857142858,0.00234375,0.002883184523809524,0.007421875,0.008742559523809524,0.03238467261904762,0.04575892857142857,0.044177827380952384,0.07704613095238096,0.12648809523809523,0.09014136904761905,0.10241815476190476,0.09157366071428572,0.11069568452380953,0.07834821428571428,0.03869047619047619,0.04432663690476191,0.019345238095238096,0.01997767857142857,0.03203125,0.005022321428571429,0.0027157738095238094,0.006547619047619048,5.580357142857143e-05,0.0005952380952380953,0.0,1.8601190476190478e-05,0.0,0.0,0.0,0.0,0.0,0.0,0.0,0.0,0.0,0.0,0.0,0.0,0.0,0.0,0.0,0.0,0.0,0.0,0.0,0.0,0.0,0.0,0.0,0.0,0.0,0.0,0.0,0.0,0.0,0.0,0.0,0.0,0.0,0.0,0.0,0.0,0.0,0.0,0.0,0.0,0.0,0.0,0.0,0.0,0.0,nan,nan,4.416470588235294,2.94889199765621,nan,0.9368272343901304,0.02337961703205557,0.0,0.0,0.0,0.0,0.0,0.0,0.0,0.0,0.0,0.0,0.0,0.0,0.0,0.0,0.0,0.0,0.0,0.0,0.0,0.0,0.0,0.0,0.0,0.0,0.0,0.04297994269340975,1.6762177650429804,11.131805157593126,13.946991404011463,3.2020057306590264,0.9375878211237698,0.023608234895381663,0.0,0.0,0.0,0.0,0.0,0.0,0.0,0.0,0.0,0.0,0.0,0.0,0.0,0.0,0.0,0.0,0.0,0.0,0.0,0.0,0.0,0.0,0.0,0.0,0.0,0.0,1.7879256965944277,10.959752321981426,14.024767801857587,3.2275541795665643,0.4023,0.008156,0.0,0.0,0.0,0.0,0.0,0.0,0.0,0.0,0.0,0.0,0.0,11.518624641833794,18.481375358166193,0.0,0.0,0.0,0.0,0.0,0.0,0.0,0.0,0.0,0.0,0.0,0.0,0.0,0.0,0.0,0.0,0.0,0.4019,0.00823,0.0,0.0,0.0,0.0,0.0,0.0,0.0,0.0,0.0,0.0,0.0,12.608359133126916,17.391640866873068,0.0,0.0,0.0,0.0,0.0,0.0,0.0,0.0,0.0,0.0,0.0,0.0,0.0,0.0,0.0,0.0,0.0
5100,2944,1517,0.5152853260869565,698,623,0.44870923913043476,848,0.5760869565217391,0.38999999999999996,2.97687456201822,3.094883185923272,6.608910891089109,2.123773915821773,9517.37160326087,1614.2451625423728,7853.0,11083.0,11083.0,0.0,7853.0,0.0,27.87669836956522,21.016736355438706,32.869124797406805,19.291321258412673,0.14266304347826086,0.10020380434782608,0.09612771739130435,0.08661684782608696,0.07778532608695653,0.07506793478260869,0.06623641304347826,0.06182065217391304,0.05570652173913043,0.05502717391304348,0.04551630434782609,0.04551630434782609,0.029891304347826088,0.026494565217391304,0.017323369565217392,0.009171195652173914,0.008831521739130434,0.9373534306397905,0.023287376157040934,0.0,0.0,0.0,0.0,0.0,0.0,0.0,0.0,0.0,0.0,0.0,0.0,0.0,0.0,0.0,0.0,0.0,0.0,0.0,0.0,0.0,0.0,0.0,0.0,0.0,0.0407608695652174,1.5896739130434785,11.29076086956522,13.838315217391306,3.240489130434783,4.2136075949367084,2.827540204794858,nan,nan,nan,4.182008368200837,2.864866267029483,4.245744680851064,2.7886992656768497,1.0152405990229156,0.4019,0.008255,0.0,0.0,0.0,0.0,0.0,0.0,0.0,0.0,0.0,0.0,0.0,12.472826086956504,17.527173913043484,0.0,0.0,0.0,0.0,0.0,0.0,0.0,0.0,0.0,0.0,0.0,0.0,0.0,0.0,0.0,0.0,0.0,nan,nan,4.2136075949367084,2.827540204794858,nan,0.4019,0.03882,0.0,0.0,0.0,0.0,0.0,0.0,0.0,0.0,0.0,0.0,0.0,0.0,0.0,0.0,0.0,0.0,0.0,0.0,0.0,0.0,0.0,0.0,0.0,0.0,0.0,0.0,0.0,0.0,0.00028872282608695654,0.010580842391304348,0.002513586956521739,0.0022588315217391304,0.007999320652173913,0.010207201086956521,0.03152173913043478,0.04600883152173913,0.04504076086956522,0.07785326086956522,0.1294836956521739,0.0897078804347826,0.10504415760869565,0.08758491847826087,0.11058084239130435,0.07459239130434783,0.037347146739130435,0.04398777173913043,0.02044836956521739,0.01784986413043478,0.03541100543478261,0.004347826086956522,0.002921195652173913,0.005332880434782608,1.6983695652173913e-05,0.0010699728260869564,0.0,0.0,0.0,0.0,0.0,0.0,0.0,0.0,0.0,0.0,0.0,0.0,0.0,0.0,0.0,0.0,0.0,0.0,0.0,0.0,0.0,0.0,0.0,0.0,0.0,0.0,0.0,0.0,0.0,0.0,0.0,0.0,0.0,0.0,0.0,0.0,0.0,0.0,0.0,0.0,0.0,0.0,0.0,0.0,0.0,0.0,0.0,nan,nan,4.2136075949367084,2.827540204794858,nan,0.9373907466113921,0.023027488737755345,0.0,0.0,0.0,0.0,0.0,0.0,0.0,0.0,0.0,0.0,0.0,0.0,0.0,0.0,0.0,0.0,0.0,0.0,0.0,0.0,0.0,0.0,0.0,0.0,0.0,0.05932762030323007,1.720500988793672,11.114040870138433,14.100197758734346,3.005932762030324,0.9373137611731334,0.023560446283413885,0.0,0.0,0.0,0.0,0.0,0.0,0.0,0.0,0.0,0.0,0.0,0.0,0.0,0.0,0.0,0.0,0.0,0.0,0.0,0.0,0.0,0.0,0.0,0.0,0.0,0.021023125437981786,1.450595655220743,11.478626489138055,13.559915907498251,3.489838822704976,0.4016,0.00821,0.0,0.0,0.0,0.0,0.0,0.0,0.0,0.0,0.0,0.0,0.0,12.933421226104134,17.066578773895852,0.0,0.0,0.0,0.0,0.0,0.0,0.0,0.0,0.0,0.0,0.0,0.0,0.0,0.0,0.0,0.0,0.0,0.402,0.0083,0.0,0.0,0.0,0.0,0.0,0.0,0.0,0.0,0.0,0.0,0.0,11.983181499649596,18.01681850035039,0.0,0.0,0.0,0.0,0.0,0.0,0.0,0.0,0.0,0.0,0.0,0.0,0.0,0.0,0.0,0.0,0.0
5200,2962,1506,0.5084402430790007,687,621,0.4415935178933153,838,0.5658338960162053,0.40199999999999997,2.848901098901099,2.953248146802466,6.273869346733668,2.0368145893458087,9495.261985145173,1614.7698858245851,7853.0,11083.0,11083.0,0.0,7853.0,0.0,27.27380148548278,20.714930722216362,32.45380545380545,18.954640357823383,0.14922349763673193,0.09959486833220797,0.09588116137744768,0.08507765023632681,0.08102633355840648,0.07798784604996624,0.0688723835246455,0.06954760297096556,0.05300472653612424,0.04827819041188386,0.042538825118163405,0.04085077650236327,0.02633355840648211,0.027346387575962187,0.019581363943281565,0.008102633355840648,0.00675219446320054,0.9376433577028824,0.023201536299493578,0.0,0.0,0.0,0.0,0.0,0.0,0.0,0.0,0.0,0.0,0.0,0.0,0.0,0.0,0.0,0.0,0.0,0.0,0.0,0.0,0.0,0.0,0.0,0.0,0.0,0.020256583389601627,1.4787305874409187,11.455097906819718,13.794733288318707,3.251181634031061,4.233440170940171,2.7468889400528345,nan,nan,nan,4.315618221258134,2.76465825137027,4.153684210526316,2.7271658906296574,0.9624772159098425,0.4016,0.00848,0.0,0.0,0.0,0.0,0.0,0.0,0.0,0.0,0.0,0.0,0.0,12.356515867656972,17.643484132343016,0.0,0.0,0.0,0.0,0.0,0.0,0.0,0.0,0.0,0.0,0.0,0.0,0.0,0.0,0.0,0.0,0.0,nan,nan,4.233440170940171,2.7468889400528345,nan,0.4016,0.039,0.0,0.0,0.0,0.0,0.0,0.0,0.0,0.0,0.0,0.0,0.0,0.0,0.0,0.0,0.0,0.0,0.0,0.0,0.0,0.0,0.0,0.0,0.0,0.0,5.064145847400405e-05,0.0,0.0,0.0,6.75219446320054e-05,0.009672518568534775,0.0027852802160702227,0.0017386900742741391,0.008575286968264687,0.012238352464550978,0.03225860904794058,0.04731600270087778,0.04491897366644159,0.07802160702228224,0.13161715057393653,0.08698514517218096,0.09709655638082376,0.08943281566509116,0.11163065496286292,0.07635043889264011,0.03590479405806887,0.045560432140445646,0.01978392977717758,0.018349088453747466,0.03610735989196489,0.004355165428764348,0.003511141120864281,0.004473328831870358,5.064145847400405e-05,0.0011309925725860905,1.688048615800135e-05,0.0,0.0,0.0,0.0,0.0,0.0,0.0,0.0,0.0,0.0,0.0,0.0,0.0,0.0,0.0,0.0,0.0,0.0,0.0,0.0,0.0,0.0,0.0,0.0,0.0,0.0,0.0,0.0,0.0,0.0,0.0,0.0,0.0,0.0,0.0,0.0,0.0,0.0,0.0,0.0,0.0,0.0,0.0,0.0,0.0,0.0,nan,nan,4.233440170940171,2.7468889400528345,nan,0.9377495621542532,0.023327570231838454,0.0,0.0,0.0,0.0,0.0,0.0,0.0,0.0,0.0,0.0,0.0,0.0,0.0,0.0,0.0,0.0,0.0,0.0,0.0,0.0,0.0,0.0,0.0,0.0,0.0,0.03984063745019921,1.613545816733068,11.035856573705182,14.023904382470121,3.286852589641435,0.9375335061206267,0.02306993550514755,0.0,0.0,0.0,0.0,0.0,0.0,0.0,0.0,0.0,0.0,0.0,0.0,0.0,0.0,0.0,0.0,0.0,0.0,0.0,0.0,0.0,0.0,0.0,0.0,0.0,0.0,1.3392857142857146,11.888736263736266,13.55769230769231,3.214285714285715,0.4019,0.00864,0.0,0.0,0.0,0.0,0.0,0.0,0.0,0.0,0.0,0.0,0.0,12.370517928286835,17.629482071713152,0.0,0.0,0.0,0.0,0.0,0.0,0.0,0.0,0.0,0.0,0.0,0.0,0.0,0.0,0.0,0.0,0.0,0.4016,0.0083,0.0,0.0,0.0,0.0,0.0,0.0,0.0,0.0,0.0,0.0,0.0,12.34203296703295,17.657967032967036,0.0,0.0,0.0,0.0,0.0,0.0,0.0,0.0,0.0,0.0,0.0,0.0,0.0,0.0,0.0,0.0,0.0
5300,2851,1498,0.5254296737986671,730,572,0.4566818660119256,789,0.5534900035075412,0.41,3.0036954915003697,3.056862141343147,6.436868686868687,2.136397962806587,9550.137846369695,1612.909908889442,7853.0,11083.0,11083.0,0.0,7853.0,0.0,28.692388635566466,21.25884984871008,33.6359102244389,19.452385089864325,0.13854787793756576,0.09540512101017187,0.08277797264117853,0.0890915468256752,0.08347948088390039,0.07611364433532095,0.0634864959663276,0.06594177481585409,0.057172921781830935,0.0526131182041389,0.05506839705366538,0.04068747807786741,0.03051560855840056,0.024903542616625744,0.020694493160294633,0.015433181339880744,0.008067344791301298,0.9375542664226838,0.02308587123157273,0.0,0.0,0.0,0.0,0.0,0.0,0.0,0.0,0.0,0.0,0.0,0.0,0.0,0.0,0.0,0.0,0.0,0.0,0.0,0.0,0.0,0.0,0.0,0.0,0.0,0.07365836548579448,1.4415994387934061,11.19607155384076,14.0897930550684,3.1988775868116455,4.161717921527042,2.85971730261341,nan,nan,nan,4.127408993576017,2.906434994759525,4.195378151260504,2.8127223840867766,1.016467754416942,0.4014,0.0085,0.0,0.0,0.0,0.0,0.0,0.0,0.0,0.0,0.0,0.0,0.0,13.468958260259537,16.531041739740445,0.0,0.0,0.0,0.0,0.0,0.0,0.0,0.0,0.0,0.0,0.0,0.0,0.0,0.0,0.0,0.0,0.0,nan,nan,4.161717921527042,2.85971730261341,nan,0.4014,0.0388,0.0,0.0,0.0,0.0,0.0,0.0,0.0,0.0,0.0,0.0,0.0,0.0,0.0,0.0,0.0,0.0,0.0,0.0,0.0,0.0,0.0,0.0,0.0,0.0,0.0,0.0,0.0001052262364082778,0.0,1.75377060680463e-05,0.00938267274640477,0.0021220624342336023,0.0020168361978253244,0.008014731673097159,0.012241318835496317,0.034496667835847074,0.050929498421606455,0.04393195370045598,0.08097158891616976,0.1293581199579095,0.0890564714135391,0.09465099964924588,0.08846018940722554,0.11175026306559102,0.07762188705717292,0.03353209400210452,0.04430024552788495,0.020448965275341985,0.019519466853735533,0.0355313924938618,0.0041213609259908805,0.0029112592072956856,0.0035776920378814453,0.0,0.0009119607155384076,1.75377060680463e-05,0.0,0.0,0.0,0.0,0.0,0.0,0.0,0.0,0.0,0.0,0.0,0.0,0.0,0.0,0.0,0.0,0.0,0.0,0.0,0.0,0.0,0.0,0.0,0.0,0.0,0.0,0.0,0.0,0.0,0.0,0.0,0.0,0.0,0.0,0.0,0.0,0.0,0.0,0.0,0.0,0.0,0.0,0.0,0.0,0.0,0.0,nan,nan,4.161717921527042,2.85971730261341,nan,0.9375934459577415,0.02296825933412892,0.0,0.0,0.0,0.0,0.0,0.0,0.0,0.0,0.0,0.0,0.0,0.0,0.0,0.0,0.0,0.0,0.0,0.0,0.0,0.0,0.0,0.0,0.0,0.0,0.0,0.08010680907877171,1.5020026702269695,10.854472630173568,14.339118825100137,3.224299065420561,0.9375108880461012,0.02321531534787654,0.0,0.0,0.0,0.0,0.0,0.0,0.0,0.0,0.0,0.0,0.0,0.0,0.0,0.0,0.0,0.0,0.0,0.0,0.0,0.0,0.0,0.0,0.0,0.0,0.0,0.0665188470066519,1.3747228381374725,11.574279379157431,13.813747228381377,3.1707317073170738,0.4014,0.008415,0.0,0.0,0.0,0.0,0.0,0.0,0.0,0.0,0.0,0.0,0.0,13.257676902536696,16.742323097463288,0.0,0.0,0.0,0.0,0.0,0.0,0.0,0.0,0.0,0.0,0.0,0.0,0.0,0.0,0.0,0.0,0.0,0.4014,0.00858,0.0,0.0,0.0,0.0,0.0,0.0,0.0,0.0,0.0,0.0,0.0,13.702882483370269,16.297117516629715,0.0,0.0,0.0,0.0,0.0,0.0,0.0,0.0,0.0,0.0,0.0,0.0,0.0,0.0,0.0,0.0,0.0
5400,2852,1423,0.49894810659186534,665,639,0.45722300140252453,812,0.5694249649368864,0.39799999999999996,2.925822253324003,3.024756397764438,6.444987775061125,2.1559108632356065,9464.602384291726,1614.9964260664785,7853.0,11083.0,11083.0,0.0,7853.0,0.0,27.970897615708274,20.67572195684888,32.74315352697096,18.930666376922783,0.13674614305750352,0.09642356241234222,0.09291725105189341,0.08485273492286115,0.08660589060308556,0.08169705469845723,0.06907433380084152,0.0638148667601683,0.051542776998597474,0.05855539971949509,0.04488078541374474,0.038920056100981766,0.0347124824684432,0.025245441795231416,0.01753155680224404,0.011921458625525946,0.00455820476858345,0.9364330861586843,0.023166240844649674,0.0,0.0,0.0,0.0,0.0,0.0,0.0,0.0,0.0,0.0,0.0,0.0,0.0,0.0,0.0,0.0,0.0,0.0,0.0,0.0,0.0,0.0,0.0,0.0,0.0,0.04207573632538571,1.5883590462833104,11.970546984572232,13.485273492286117,2.91374474053296,4.166043780032034,2.83458922847488,nan,nan,nan,4.124203821656051,2.8408732234706515,4.208378088077336,2.8275867221409334,1.0204098221284041,0.4014,0.00801,0.0,0.0,0.0,0.0,0.0,0.0,0.0,0.0,0.0,0.0,0.0,13.075035063113587,16.924964936886397,0.0,0.0,0.0,0.0,0.0,0.0,0.0,0.0,0.0,0.0,0.0,0.0,0.0,0.0,0.0,0.0,0.0,nan,nan,4.166043780032034,2.83458922847488,nan,0.4014,0.03827,0.0,0.0,0.0,0.0,0.0,0.0,0.0,0.0,0.0,0.0,0.0,0.0,0.0,0.0,0.0,0.0,0.0,0.0,0.0,0.0,0.0,0.0,0.0,0.0,0.0,0.0,7.012622720897616e-05,0.0,8.76577840112202e-05,0.00958976157082749,0.00282258064516129,0.0019109396914446003,0.0062938288920056104,0.012272089761570827,0.0336781206171108,0.04943899018232819,0.04070827489481066,0.08096072931276298,0.12684081346423562,0.09758064516129032,0.09829943899018233,0.09144460028050491,0.11013323983169705,0.07487727910238429,0.035010518934081344,0.043513323983169705,0.01809256661991585,0.02165147265077139,0.034274193548387094,0.00438288920056101,0.002173913043478261,0.0032258064516129032,1.753155680224404e-05,0.0005785413744740533,0.0,0.0,7.012622720897616e-05,0.0,0.0,0.0,0.0,0.0,0.0,0.0,0.0,0.0,0.0,0.0,0.0,0.0,0.0,0.0,0.0,0.0,0.0,0.0,0.0,0.0,0.0,0.0,0.0,0.0,0.0,0.0,0.0,0.0,0.0,0.0,0.0,0.0,0.0,0.0,0.0,0.0,0.0,0.0,0.0,0.0,0.0,0.0,0.0,nan,nan,4.166043780032034,2.83458922847488,nan,0.9369575963083993,0.023504007331806957,0.0,0.0,0.0,0.0,0.0,0.0,0.0,0.0,0.0,0.0,0.0,0.0,0.0,0.0,0.0,0.0,0.0,0.0,0.0,0.0,0.0,0.0,0.0,0.0,0.0,0.042164441321152504,1.5811665495432188,11.742796907940972,13.408292340126495,3.2255797610681665,0.9359107782909134,0.022812945782173376,0.0,0.0,0.0,0.0,0.0,0.0,0.0,0.0,0.0,0.0,0.0,0.0,0.0,0.0,0.0,0.0,0.0,0.0,0.0,0.0,0.0,0.0,0.0,0.0,0.0,0.04198740377886635,1.5955213435969213,12.197340797760674,13.561931420573831,2.603219034289714,0.4016,0.007904,0.0,0.0,0.0,0.0,0.0,0.0,0.0,0.0,0.0,0.0,0.0,12.944483485593798,17.055516514406186,0.0,0.0,0.0,0.0,0.0,0.0,0.0,0.0,0.0,0.0,0.0,0.0,0.0,0.0,0.0,0.0,0.0,0.4011,0.00812,0.0,0.0,0.0,0.0,0.0,0.0,0.0,0.0,0.0,0.0,0.0,13.205038488453447,16.79496151154654,0.0,0.0,0.0,0.0,0.0,0.0,0.0,0.0,0.0,0.0,0.0,0.0,0.0,0.0,0.0,0.0,0.0
5500,2814,1475,0.5241648898365316,675,557,0.43781094527363185,785,0.5579246624022743,0.40599999999999997,2.944734876773712,3.070969173743055,6.524173027989822,2.1602588881196603,9546.052594171997,1613.1127649804962,7853.0,11083.0,11083.0,0.0,7853.0,0.0,28.65600568585643,21.354414558719885,33.49265014699706,19.655165846863035,0.1318407960199005,0.10341151385927505,0.09594882729211088,0.07853589196872779,0.07818052594171997,0.07853589196872779,0.06716417910447761,0.06041222459132907,0.05685856432125089,0.055081734186211796,0.050106609808102345,0.03909026297085998,0.03482587064676617,0.026297085998578537,0.02061122956645345,0.01279317697228145,0.010305614783226724,0.9359342962100985,0.022946154918561973,0.0,0.0,0.0,0.0,0.0,0.0,0.0,0.0,0.0,0.0,0.0,0.0,0.0,0.0,0.0,0.0,0.0,0.0,0.0,0.0,0.0,0.0,0.0,0.0,0.0,0.010660980810234545,1.6737739872068234,12.196162046908318,13.507462686567166,2.6119402985074633,4.227495908346972,2.8566529392621622,nan,nan,nan,4.295404814004376,2.894618998564012,4.159956474428727,2.816762817998827,0.9684666881375079,0.4014,0.00857,0.0,0.0,0.0,0.0,0.0,0.0,0.0,0.0,0.0,0.0,0.0,12.985074626865654,17.014925373134332,0.0,0.0,0.0,0.0,0.0,0.0,0.0,0.0,0.0,0.0,0.0,0.0,0.0,0.0,0.0,0.0,0.0,nan,nan,4.227495908346972,2.8566529392621622,nan,0.4014,0.03854,0.0,0.0,0.0,0.0,0.0,0.0,0.0,0.0,0.0,0.0,0.0,0.0,0.0,0.0,0.0,0.0,0.0,0.0,0.0,0.0,0.0,0.0,0.0,0.0,0.0,0.0,0.0002487562189054726,0.0,8.884150675195451e-05,0.009594882729211088,0.0022743425728500356,0.00255863539445629,0.005525941719971571,0.014676616915422885,0.03546552949538024,0.050835110163468374,0.03704690831556503,0.08036602700781806,0.12475124378109453,0.09104477611940298,0.0951137171286425,0.0937455579246624,0.11590262970859985,0.07858919687277896,0.032693674484719264,0.04621535181236674,0.01687988628287136,0.022956645344705047,0.03134328358208955,0.005188343994314144,0.0020966595593461266,0.004175550817341862,0.0,0.0005685856432125089,0.0,0.0,5.3304904051172706e-05,0.0,0.0,0.0,0.0,0.0,0.0,0.0,0.0,0.0,0.0,0.0,0.0,0.0,0.0,0.0,0.0,0.0,0.0,0.0,0.0,0.0,0.0,0.0,0.0,0.0,0.0,0.0,0.0,0.0,0.0,0.0,0.0,0.0,0.0,0.0,0.0,0.0,0.0,0.0,0.0,0.0,0.0,0.0,0.0,nan,nan,4.227495908346972,2.8566529392621622,nan,0.9362193575551955,0.022964819083047667,0.0,0.0,0.0,0.0,0.0,0.0,0.0,0.0,0.0,0.0,0.0,0.0,0.0,0.0,0.0,0.0,0.0,0.0,0.0,0.0,0.0,0.0,0.0,0.0,0.0,0.0,1.586440677966102,12.305084745762715,13.403389830508477,2.7050847457627123,0.9356202816589275,0.022921474301193647,0.0,0.0,0.0,0.0,0.0,0.0,0.0,0.0,0.0,0.0,0.0,0.0,0.0,0.0,0.0,0.0,0.0,0.0,0.0,0.0,0.0,0.0,0.0,0.0,0.0,0.02240477968633309,1.769977595220314,12.076176250933536,13.622106049290519,2.509335324869306,0.4016,0.00858,0.0,0.0,0.0,0.0,0.0,0.0,0.0,0.0,0.0,0.0,0.0,12.813559322033882,17.186440677966107,0.0,0.0,0.0,0.0,0.0,0.0,0.0,0.0,0.0,0.0,0.0,0.0,0.0,0.0,0.0,0.0,0.0,0.4011,0.008545,0.0,0.0,0.0,0.0,0.0,0.0,0.0,0.0,0.0,0.0,0.0,13.174010455563835,16.825989544436148,0.0,0.0,0.0,0.0,0.0,0.0,0.0,0.0,0.0,0.0,0.0,0.0,0.0,0.0,0.0,0.0,0.0
5600,2723,1410,0.5178112376055821,625,577,0.44142489900844656,772,0.5670216672787367,0.434,2.968012185833968,3.107205653018244,6.575842696629214,2.180707188144293,9525.53029746603,1613.9749889243856,7853.0,11083.0,11083.0,0.0,7853.0,0.0,27.928387807565187,21.253078976977513,33.041739894551846,19.505902791756366,0.14102093279471173,0.10796915167095116,0.08887256702166728,0.08997429305912596,0.07858979067205288,0.07271391847227322,0.06316562614763128,0.06463459419757621,0.06059493206022769,0.04627249357326478,0.04590525156077855,0.040396621373485125,0.034153507161219246,0.025339698861549763,0.017994858611825194,0.015056922511935366,0.007344840249724568,0.9349898979193666,0.023599585997509172,0.0,0.0,0.0,0.0,0.0,0.0,0.0,0.0,0.0,0.0,0.0,0.0,0.0,0.0,0.0,0.0,0.0,0.0,0.0,0.0,0.0,0.0,0.0,0.0,0.0,0.04406904149834742,2.1153139919206763,11.9867792875505,13.220712449504227,2.6331252295262586,4.27073732718894,2.842926529754795,nan,nan,nan,4.234891676168757,2.8226992254879715,4.31002331002331,2.863550740475797,1.0177410993242981,0.4023,0.008705,0.0,0.0,0.0,0.0,0.0,0.0,0.0,0.0,0.0,0.0,0.0,12.130003672420106,17.869996327579877,0.0,0.0,0.0,0.0,0.0,0.0,0.0,0.0,0.0,0.0,0.0,0.0,0.0,0.0,0.0,0.0,0.0,nan,nan,4.27073732718894,2.842926529754795,nan,0.4023,0.0391,0.0,0.0,0.0,0.0,0.0,0.0,0.0,0.0,0.0,0.0,0.0,0.0,0.0,0.0,0.0,0.0,0.0,0.0,0.0,0.0,0.0,0.0,0.0,0.0,0.0,0.0,0.0004039662137348513,0.0,0.0,0.009125964010282777,0.0032684539111274328,0.0023319867792875506,0.005398457583547558,0.013624678663239074,0.0374586852735953,0.048402497245684906,0.0353654058024238,0.0779838413514506,0.12414616232096952,0.0908373117884686,0.09618068307014323,0.09116782959970621,0.11700330517811237,0.07800220345207491,0.0295813441057657,0.05123026074182886,0.01847227322805729,0.021538744032317297,0.033547557840616964,0.005986044803525523,0.0028828497980168933,0.005655526992287918,0.0,0.00038560411311053987,1.8362100624311422e-05,0.0,0.0,0.0,0.0,0.0,0.0,0.0,0.0,0.0,0.0,0.0,0.0,0.0,0.0,0.0,0.0,0.0,0.0,0.0,0.0,0.0,0.0,0.0,0.0,0.0,0.0,0.0,0.0,0.0,0.0,0.0,0.0,0.0,0.0,0.0,0.0,0.0,0.0,0.0,0.0,0.0,0.0,0.0,0.0,0.0,0.0,nan,nan,4.27073732718894,2.842926529754795,nan,0.9342370041718719,0.02290374983982802,0.0,0.0,0.0,0.0,0.0,0.0,0.0,0.0,0.0,0.0,0.0,0.0,0.0,0.0,0.0,0.0,0.0,0.0,0.0,0.0,0.0,0.0,0.0,0.0,0.0,0.021276595744680857,2.042553191489362,12.40425531914894,13.17021276595745,2.361702127659575,0.935798412910964,0.024298709655623453,0.0,0.0,0.0,0.0,0.0,0.0,0.0,0.0,0.0,0.0,0.0,0.0,0.0,0.0,0.0,0.0,0.0,0.0,0.0,0.0,0.0,0.0,0.0,0.0,0.0,0.06854531607006856,2.193450114242194,11.538461538461542,13.274942878903278,2.9246001523229253,0.4023,0.008644,0.0,0.0,0.0,0.0,0.0,0.0,0.0,0.0,0.0,0.0,0.0,12.319148936170194,17.68085106382979,0.0,0.0,0.0,0.0,0.0,0.0,0.0,0.0,0.0,0.0,0.0,0.0,0.0,0.0,0.0,0.0,0.0,0.402,0.00877,0.0,0.0,0.0,0.0,0.0,0.0,0.0,0.0,0.0,0.0,0.0,11.92688499619191,18.073115003808077,0.0,0.0,0.0,0.0,0.0,0.0,0.0,0.0,0.0,0.0,0.0,0.0,0.0,0.0,0.0,0.0,0.0
5700,3028,1550,0.511889035667107,709,604,0.43361955085865256,853,0.5634081902245707,0.39799999999999996,3.0629228687415426,3.1420096666091997,6.632882882882883,2.1888126228609184,9506.401585204756,1614.5433776315092,7853.0,11083.0,11083.0,0.0,7853.0,0.0,28.422060766182298,21.162519883057378,33.22521467603435,19.463200641425935,0.1330911492734478,0.1046895640686922,0.095112285336856,0.08190224570673713,0.07694848084544254,0.07595772787318363,0.0643989431968296,0.06571994715984147,0.05812417437252312,0.05085865257595773,0.04920739762219287,0.04392338177014531,0.035667107001321,0.02476882430647292,0.018824306472919418,0.013210039630118891,0.007595772787318362,0.935532871668216,0.02305056078369147,0.0,0.0,0.0,0.0,0.0,0.0,0.0,0.0,0.0,0.0,0.0,0.0,0.0,0.0,0.0,0.0,0.0,0.0,0.0,0.0,0.0,0.0,0.0,0.0,0.0,0.01981505944517834,1.8328929986789964,12.027741083223251,13.394980184940557,2.7245706737120217,4.378073770491803,2.8935150036806667,nan,nan,nan,4.437948717948718,2.931700459991392,4.318321392016377,2.853646421467498,0.9730444550995996,0.4023,0.00847,0.0,0.0,0.0,0.0,0.0,0.0,0.0,0.0,0.0,0.0,0.0,12.097093791281358,17.90290620871863,0.0,0.0,0.0,0.0,0.0,0.0,0.0,0.0,0.0,0.0,0.0,0.0,0.0,0.0,0.0,0.0,0.0,nan,nan,4.378073770491803,2.8935150036806667,nan,0.4023,0.039,0.0,0.0,0.0,0.0,0.0,0.0,0.0,0.0,0.0,0.0,0.0,0.0,0.0,0.0,0.0,0.0,0.0,0.0,0.0,0.0,0.0,0.0,0.0,0.0,0.0,0.0,0.0002311756935270806,0.0,0.0,0.01048546895640687,0.0042932628797886395,0.002691545574636724,0.004970277410832232,0.01370541611624835,0.03743394980184941,0.04337846763540291,0.03495706737120211,0.07947490092470277,0.12045904887714663,0.08797886393659181,0.09919088507265522,0.09174372523117569,0.12273778071334214,0.07939233817701453,0.031142668428005282,0.04981836195508586,0.01760237780713342,0.019666446499339497,0.03342140026420079,0.007166446499339498,0.0031869220607661825,0.004722589167767503,0.0,0.0001155878467635403,3.3025099075297225e-05,0.0,0.0,0.0,0.0,0.0,0.0,0.0,0.0,0.0,0.0,0.0,0.0,0.0,0.0,0.0,0.0,0.0,0.0,0.0,0.0,0.0,0.0,0.0,0.0,0.0,0.0,0.0,0.0,0.0,0.0,0.0,0.0,0.0,0.0,0.0,0.0,0.0,0.0,0.0,0.0,0.0,0.0,0.0,0.0,0.0,0.0,nan,nan,4.378073770491803,2.8935150036806667,nan,0.9354740422387277,0.022321449719337288,0.0,0.0,0.0,0.0,0.0,0.0,0.0,0.0,0.0,0.0,0.0,0.0,0.0,0.0,0.0,0.0,0.0,0.0,0.0,0.0,0.0,0.0,0.0,0.0,0.0,0.019354838709677424,1.8000000000000003,11.980645161290324,13.703225806451615,2.496774193548388,0.9355945669427131,0.023791042150984446,0.0,0.0,0.0,0.0,0.0,0.0,0.0,0.0,0.0,0.0,0.0,0.0,0.0,0.0,0.0,0.0,0.0,0.0,0.0,0.0,0.0,0.0,0.0,0.0,0.0,0.020297699594046013,1.867388362652233,12.077131258457378,13.071718538565632,2.963464140730718,0.4023,0.00851,0.0,0.0,0.0,0.0,0.0,0.0,0.0,0.0,0.0,0.0,0.0,11.999999999999984,18.000000000000004,0.0,0.0,0.0,0.0,0.0,0.0,0.0,0.0,0.0,0.0,0.0,0.0,0.0,0.0,0.0,0.0,0.0,0.4023,0.00842,0.0,0.0,0.0,0.0,0.0,0.0,0.0,0.0,0.0,0.0,0.0,12.198917456021634,17.801082543978353,0.0,0.0,0.0,0.0,0.0,0.0,0.0,0.0,0.0,0.0,0.0,0.0,0.0,0.0,0.0,0.0,0.0
5800,2971,1496,0.5035341635812858,722,601,0.44530461124200604,858,0.577583305284416,0.40199999999999997,2.9972881355932204,3.149171443631588,6.575,2.2286996820404656,9479.415348367553,1614.9596557876134,7853.0,11083.0,11083.0,0.0,7853.0,0.0,28.279703803433186,21.20212996593365,33.398953301127214,19.4200292259385,0.141029956243689,0.10232245035341636,0.08852238303601481,0.0851565129585998,0.07808818579602828,0.07606866374957927,0.07034668461797375,0.0572197913160552,0.0572197913160552,0.054863682261864694,0.04779535509929317,0.038370918882531135,0.035341635812857625,0.029619656681252104,0.018175698418041064,0.013463480309660047,0.0063951531470885226,0.9349132162157994,0.023234473387661627,0.0,0.0,0.0,0.0,0.0,0.0,0.0,0.0,0.0,0.0,0.0,0.0,0.0,0.0,0.0,0.0,0.0,0.0,0.0,0.0,0.0,0.0,0.0,0.0,0.0,0.050488051161225185,2.080107707842478,12.16762032985527,13.005721979131607,2.696061932009425,4.373512674599069,2.940725321396487,nan,nan,nan,4.278350515463917,2.9048209769393267,4.466735966735967,2.9738002788831674,1.0440322621045512,0.4019,0.008575,0.0,0.0,0.0,0.0,0.0,0.0,0.0,0.0,0.0,0.0,0.0,12.480646247054846,17.51935375294514,0.0,0.0,0.0,0.0,0.0,0.0,0.0,0.0,0.0,0.0,0.0,0.0,0.0,0.0,0.0,0.0,0.0,nan,nan,4.373512674599069,2.940725321396487,nan,0.4019,0.0389,0.0,0.0,0.0,0.0,0.0,0.0,0.0,0.0,0.0,0.0,0.0,0.0,0.0,0.0,0.0,0.0,0.0,0.0,0.0,0.0,0.0,0.0,0.0,0.0,0.0,0.0,0.00030292830696735106,0.0,3.3658700774150116e-05,0.010383709188825311,0.0041736788959946146,0.003113429821608886,0.005991248737798721,0.014119824974755975,0.038539212386401886,0.03990238976775497,0.032817233254796366,0.08463480309660047,0.12492426792325816,0.08773140356782229,0.09868731066980814,0.09461460787613599,0.12346011443958263,0.07502524402558061,0.030376977448670482,0.04612924941097274,0.017788623359138337,0.01866374957926624,0.03278357455402221,0.008212722988892628,0.002541231908448334,0.004813194210703467,5.0488051161225174e-05,0.00018512285425782566,0.0,0.0,0.0,0.0,0.0,0.0,0.0,0.0,0.0,0.0,0.0,0.0,0.0,0.0,0.0,0.0,0.0,0.0,0.0,0.0,0.0,0.0,0.0,0.0,0.0,0.0,0.0,0.0,0.0,0.0,0.0,0.0,0.0,0.0,0.0,0.0,0.0,0.0,0.0,0.0,0.0,0.0,0.0,0.0,0.0,0.0,0.0,nan,nan,4.373512674599069,2.940725321396487,nan,0.9347446895538167,0.022762551791019815,0.0,0.0,0.0,0.0,0.0,0.0,0.0,0.0,0.0,0.0,0.0,0.0,0.0,0.0,0.0,0.0,0.0,0.0,0.0,0.0,0.0,0.0,0.0,0.0,0.0,0.06016042780748664,1.8649732620320858,12.55347593582888,12.89438502673797,2.6270053475935833,0.9350841422404274,0.023702294625874257,0.0,0.0,0.0,0.0,0.0,0.0,0.0,0.0,0.0,0.0,0.0,0.0,0.0,0.0,0.0,0.0,0.0,0.0,0.0,0.0,0.0,0.0,0.0,0.0,0.0,0.040677966101694926,2.2983050847457633,11.776271186440681,13.118644067796613,2.766101694915255,0.402,0.00862,0.0,0.0,0.0,0.0,0.0,0.0,0.0,0.0,0.0,0.0,0.0,12.39304812834223,17.60695187165776,0.0,0.0,0.0,0.0,0.0,0.0,0.0,0.0,0.0,0.0,0.0,0.0,0.0,0.0,0.0,0.0,0.0,0.4016,0.00853,0.0,0.0,0.0,0.0,0.0,0.0,0.0,0.0,0.0,0.0,0.0,12.569491525423711,17.430508474576275,0.0,0.0,0.0,0.0,0.0,0.0,0.0,0.0,0.0,0.0,0.0,0.0,0.0,0.0,0.0,0.0,0.0
5900,3164,1577,0.4984197218710493,723,672,0.440897597977244,903,0.5707964601769911,0.40599999999999997,2.933207309388784,3.146989236867486,6.572383073496659,2.2740413433859143,9462.895701643489,1614.9919337687998,7853.0,11083.0,11083.0,0.0,7853.0,0.0,27.56795195954488,20.66977729754072,32.77054794520548,18.813498671753067,0.14601769911504425,0.09955752212389381,0.0922882427307206,0.09102402022756005,0.07648546144121365,0.07142857142857142,0.06637168141592921,0.0638432364096081,0.06131479140328698,0.05941845764854614,0.04393173198482933,0.041719342604298354,0.03350189633375474,0.02465233881163085,0.012958280657395701,0.008849557522123894,0.00663716814159292,0.9350727729301537,0.023107628461604218,0.0,0.0,0.0,0.0,0.0,0.0,0.0,0.0,0.0,0.0,0.0,0.0,0.0,0.0,0.0,0.0,0.0,0.0,0.0,0.0,0.0,0.0,0.0,0.0,0.0,0.04740834386852087,1.754108723135272,12.439949431099876,13.094184576485464,2.6643489254108728,4.384501480750247,2.9381140194621613,nan,nan,nan,4.439195979899497,2.910917132027564,4.331716779825412,2.9631675028835622,0.9757885886181312,0.4016,0.0082,0.0,0.0,0.0,0.0,0.0,0.0,0.0,0.0,0.0,0.0,0.0,12.876106194690248,17.123893805309738,0.0,0.0,0.0,0.0,0.0,0.0,0.0,0.0,0.0,0.0,0.0,0.0,0.0,0.0,0.0,0.0,0.0,nan,nan,4.384501480750247,2.9381140194621613,nan,0.4016,0.0393,0.0,0.0,0.0,0.0,0.0,0.0,0.0,0.0,0.0,0.0,0.0,0.0,0.0,0.0,0.0,0.0,0.0,0.0,0.0,0.0,0.0,0.0,0.0,0.0,0.0,0.0,0.0007901390644753476,0.00018963337547408344,1.5802781289506953e-05,0.00927623261694058,0.003350189633375474,0.0042509481668773705,0.006684576485461441,0.014396333754740835,0.03699431099873578,0.043536662452591655,0.0334070796460177,0.0874841972187105,0.12195006321112516,0.08795828065739571,0.10172250316055625,0.09442161820480405,0.11992730720606827,0.06943742098609355,0.028776864728192162,0.042651706700379266,0.021649810366624524,0.02063843236409608,0.034734513274336284,0.008754740834386852,0.0017857142857142857,0.004883059418457648,4.740834386852086e-05,0.0002370417193426043,4.740834386852086e-05,0.0,0.0,0.0,0.0,0.0,0.0,0.0,0.0,0.0,0.0,0.0,0.0,0.0,0.0,0.0,0.0,0.0,0.0,0.0,0.0,0.0,0.0,0.0,0.0,0.0,0.0,0.0,0.0,0.0,0.0,0.0,0.0,0.0,0.0,0.0,0.0,0.0,0.0,0.0,0.0,0.0,0.0,0.0,0.0,0.0,0.0,nan,nan,4.384501480750247,2.9381140194621613,nan,0.9347816597228573,0.02339045024766673,0.0,0.0,0.0,0.0,0.0,0.0,0.0,0.0,0.0,0.0,0.0,0.0,0.0,0.0,0.0,0.0,0.0,0.0,0.0,0.0,0.0,0.0,0.0,0.0,0.0,0.038046924540266334,1.7501585288522514,12.72669625871909,12.72669625871909,2.7584020291693094,0.9353620517757154,0.022819438934179426,0.0,0.0,0.0,0.0,0.0,0.0,0.0,0.0,0.0,0.0,0.0,0.0,0.0,0.0,0.0,0.0,0.0,0.0,0.0,0.0,0.0,0.0,0.0,0.0,0.0,0.056710775047258986,1.7580340264650287,12.155009451795843,13.4593572778828,2.5708884688090743,0.4016,0.00819,0.0,0.0,0.0,0.0,0.0,0.0,0.0,0.0,0.0,0.0,0.0,12.974001268230799,17.025998731769185,0.0,0.0,0.0,0.0,0.0,0.0,0.0,0.0,0.0,0.0,0.0,0.0,0.0,0.0,0.0,0.0,0.0,0.4016,0.008224,0.0,0.0,0.0,0.0,0.0,0.0,0.0,0.0,0.0,0.0,0.0,12.778827977315672,17.221172022684314,0.0,0.0,0.0,0.0,0.0,0.0,0.0,0.0,0.0,0.0,0.0,0.0,0.0,0.0,0.0,0.0,0.0
6000,2975,1552,0.5216806722689076,691,605,0.43563025210084033,813,0.5465546218487395,0.434,2.9908643710470835,3.1070026361046907,6.702564102564103,2.0503267006075383,9538.028571428571,1613.4810191581657,7853.0,11083.0,11083.0,0.0,7853.0,0.0,27.438319327731094,20.967669643634327,32.65518638573744,19.225055020062168,0.14789915966386555,0.10016806722689076,0.09512605042016807,0.08907563025210084,0.08033613445378152,0.07596638655462185,0.07126050420168067,0.05680672268907563,0.05277310924369748,0.05142857142857143,0.051092436974789913,0.03663865546218487,0.027563025210084035,0.02588235294117647,0.01815126050420168,0.012100840336134453,0.00773109243697479,0.9346869362702891,0.023737963128656874,0.0,0.0,0.0,0.0,0.0,0.0,0.0,0.0,0.0,0.0,0.0,0.0,0.0,0.0,0.0,0.0,0.0,0.0,0.0,0.0,0.0,0.0,0.0,0.0,0.0,0.08067226890756304,1.9462184873949584,12.302521008403364,12.836974789915969,2.833613445378152,4.244515783841627,2.8410030224859693,nan,nan,nan,4.3319194061505835,2.8275101416511026,4.155675675675676,2.853463083778973,0.9593150947765391,0.4011,0.00866,0.0,0.0,0.0,0.0,0.0,0.0,0.0,0.0,0.0,0.0,0.0,13.72436974789914,16.275630252100843,0.0,0.0,0.0,0.0,0.0,0.0,0.0,0.0,0.0,0.0,0.0,0.0,0.0,0.0,0.0,0.0,0.0,nan,nan,4.244515783841627,2.8410030224859693,nan,0.4011,0.03952,0.0,0.0,0.0,0.0,0.0,0.0,0.0,0.0,0.0,0.0,0.0,0.0,0.0,0.0,0.0,0.0,0.0,0.0,0.0,0.0,0.0,0.0,0.0,0.0,0.0,0.0,0.0008907563025210084,0.00021848739495798319,0.0,0.009647058823529411,0.004084033613445378,0.005344537815126051,0.006403361344537815,0.015798319327731094,0.03981512605042017,0.04149579831932773,0.030621848739495798,0.09178151260504201,0.12105882352941176,0.08564705882352941,0.10038655462184874,0.09921008403361345,0.11821848739495798,0.06840336134453781,0.026705882352941177,0.04351260504201681,0.020352941176470588,0.021630252100840335,0.03253781512605042,0.009310924369747899,0.0017983193277310925,0.004991596638655462,0.0,0.00013445378151260505,0.0,0.0,0.0,0.0,0.0,0.0,0.0,0.0,0.0,0.0,0.0,0.0,0.0,0.0,0.0,0.0,0.0,0.0,0.0,0.0,0.0,0.0,0.0,0.0,0.0,0.0,0.0,0.0,0.0,0.0,0.0,0.0,0.0,0.0,0.0,0.0,0.0,0.0,0.0,0.0,0.0,0.0,0.0,0.0,0.0,0.0,0.0,nan,nan,4.244515783841627,2.8410030224859693,nan,0.9343602631202678,0.023662688099404347,0.0,0.0,0.0,0.0,0.0,0.0,0.0,0.0,0.0,0.0,0.0,0.0,0.0,0.0,0.0,0.0,0.0,0.0,0.0,0.0,0.0,0.0,0.0,0.0,0.0,0.077319587628866,1.9523195876288664,12.603092783505158,12.506443298969074,2.8608247422680417,0.9350432235006706,0.023814682623281826,0.0,0.0,0.0,0.0,0.0,0.0,0.0,0.0,0.0,0.0,0.0,0.0,0.0,0.0,0.0,0.0,0.0,0.0,0.0,0.0,0.0,0.0,0.0,0.0,0.0,0.08432888264230501,1.939564300773015,11.97470133520731,13.197470133520733,2.8039353478566413,0.4016,0.00857,0.0,0.0,0.0,0.0,0.0,0.0,0.0,0.0,0.0,0.0,0.0,13.163659793814414,16.83634020618557,0.0,0.0,0.0,0.0,0.0,0.0,0.0,0.0,0.0,0.0,0.0,0.0,0.0,0.0,0.0,0.0,0.0,0.4004,0.008736,0.0,0.0,0.0,0.0,0.0,0.0,0.0,0.0,0.0,0.0,0.0,14.335910049191828,15.664089950808155,0.0,0.0,0.0,0.0,0.0,0.0,0.0,0.0,0.0,0.0,0.0,0.0,0.0,0.0,0.0,0.0,0.0
6100,2917,1543,0.5289681179293795,695,573,0.43469317792252316,818,0.56085018854988,0.43,3.048762736535662,3.0888979131392955,6.542079207920792,2.0211044019612383,9561.567020911896,1612.287261190658,7853.0,11083.0,11083.0,0.0,7853.0,0.0,28.303051079876585,21.17886753779675,33.56995884773662,19.278397972688712,0.14672608844703464,0.09393212204319507,0.08913267055193692,0.08913267055193692,0.07850531367843674,0.07267740829619472,0.06239286938635585,0.06239286938635585,0.055536510113129926,0.056907781967775115,0.04799451491258142,0.04353788138498457,0.03942406582104902,0.025368529310935892,0.02228316763798423,0.0082276311278711,0.005827905382242029,0.9336869976558954,0.023214411549054643,0.0,0.0,0.0,0.0,0.0,0.0,0.0,0.0,0.0,0.0,0.0,0.0,0.0,0.0,0.0,0.0,0.0,0.0,0.0,0.0,0.0,0.0,0.0,0.0,0.0,0.06170723345903326,2.1700377099760035,12.392869386355848,13.040795337675696,2.334590332533425,4.291644491750931,2.864342715226598,nan,nan,nan,4.414790996784566,2.8413717163900545,4.1701902748414374,2.8816690030024703,0.9445951751461668,0.4006,0.0087,0.0,0.0,0.0,0.0,0.0,0.0,0.0,0.0,0.0,0.0,0.0,14.038395611930046,15.961604388069937,0.0,0.0,0.0,0.0,0.0,0.0,0.0,0.0,0.0,0.0,0.0,0.0,0.0,0.0,0.0,0.0,0.0,nan,nan,4.291644491750931,2.864342715226598,nan,0.4006,0.03964,0.0,0.0,0.0,0.0,0.0,0.0,0.0,0.0,0.0,0.0,0.0,0.0,0.0,0.0,0.0,0.0,0.0,0.0,0.0,0.0,0.0,0.0,0.0,0.0,0.0,0.0,0.0006513541309564621,0.0002742543709290367,0.0,0.011450119986287281,0.004559478916695235,0.005553651011312993,0.0061707233459033254,0.01448405896468975,0.04175522797394583,0.03918409324648611,0.029345217689406924,0.09417209461775797,0.12514569763455605,0.08678436750085705,0.10269112101474118,0.09336647240315392,0.11170723345903326,0.06995200548508741,0.027442577991086733,0.04640041138155639,0.020157696263284196,0.020723345903325335,0.03287624271511827,0.00983887555707919,0.0009770311964346931,0.00418237915666781,0.0,0.00015426808364758313,0.0,0.0,0.0,0.0,0.0,0.0,0.0,0.0,0.0,0.0,0.0,0.0,0.0,0.0,0.0,0.0,0.0,0.0,0.0,0.0,0.0,0.0,0.0,0.0,0.0,0.0,0.0,0.0,0.0,0.0,0.0,0.0,0.0,0.0,0.0,0.0,0.0,0.0,0.0,0.0,0.0,0.0,0.0,0.0,0.0,0.0,0.0,nan,nan,4.291644491750931,2.864342715226598,nan,0.9337356192912672,0.023331730941195374,0.0,0.0,0.0,0.0,0.0,0.0,0.0,0.0,0.0,0.0,0.0,0.0,0.0,0.0,0.0,0.0,0.0,0.0,0.0,0.0,0.0,0.0,0.0,0.0,0.0,0.07777057679844461,2.0998055735580046,12.384964355152302,13.123784834737526,2.313674659753727,0.9336323956301465,0.02308182913116927,0.0,0.0,0.0,0.0,0.0,0.0,0.0,0.0,0.0,0.0,0.0,0.0,0.0,0.0,0.0,0.0,0.0,0.0,0.0,0.0,0.0,0.0,0.0,0.0,0.0,0.04366812227074237,2.248908296943232,12.401746724890833,12.947598253275112,2.358078602620088,0.401,0.00874,0.0,0.0,0.0,0.0,0.0,0.0,0.0,0.0,0.0,0.0,0.0,13.590408295528173,16.40959170447181,0.0,0.0,0.0,0.0,0.0,0.0,0.0,0.0,0.0,0.0,0.0,0.0,0.0,0.0,0.0,0.0,0.0,0.4004,0.00863,0.0,0.0,0.0,0.0,0.0,0.0,0.0,0.0,0.0,0.0,0.0,14.541484716157184,15.458515283842797,0.0,0.0,0.0,0.0,0.0,0.0,0.0,0.0,0.0,0.0,0.0,0.0,0.0,0.0,0.0,0.0,0.0
6200,3118,1588,0.5093008338678641,741,635,0.4413085311096857,891,0.5715202052597819,0.426,3.0549019607843135,3.151240883848039,6.537946428571429,2.311343779829966,9498.041693393201,1614.720563025711,7853.0,11083.0,11083.0,0.0,7853.0,0.0,28.10936497754971,20.94051952783847,32.895256166982925,19.2464007892502,0.13245670301475304,0.10295060936497755,0.09557408595253368,0.09332905708787684,0.0750481077613855,0.0753688261706222,0.06703014753046825,0.05933290570878769,0.05484284797947402,0.05933290570878769,0.045542014111610005,0.042655548428479795,0.03463758819756254,0.025336754329698525,0.021488133418858243,0.009621552277100705,0.005452212957023733,0.9312502325842823,0.02298448485889747,0.0,0.0,0.0,0.0,0.0,0.0,0.0,0.0,0.0,0.0,0.0,0.0,0.0,0.0,0.0,0.0,0.0,0.0,0.0,0.0,0.0,0.0,0.0,0.0,0.0,0.08659397049390637,2.4342527261064792,13.681847338037207,11.805644644002568,1.9916613213598466,4.416666666666667,2.955523481148314,nan,nan,nan,4.485572139303483,2.930546074462431,4.348170128585559,2.9785657158733874,0.9693680078146598,0.401,0.0088,0.0,0.0,0.0,0.0,0.0,0.0,0.0,0.0,0.0,0.0,0.0,13.951250801796002,16.048749198203982,0.0,0.0,0.0,0.0,0.0,0.0,0.0,0.0,0.0,0.0,0.0,0.0,0.0,0.0,0.0,0.0,0.0,nan,nan,4.416666666666667,2.955523481148314,nan,0.401,0.03964,0.0,0.0,0.0,0.0,0.0,0.0,0.0,0.0,0.0,0.0,0.0,0.0,0.0,0.0,0.0,0.0,0.0,0.0,0.0,0.0,0.0,0.0,0.0,0.0,1.603592046183451e-05,0.0,0.000849903784477229,1.603592046183451e-05,4.8107761385503526e-05,0.012155227710070557,0.005564464400256575,0.005195638229634381,0.006205901218729955,0.01536241180243746,0.041196279666452854,0.03715522771007056,0.03030788967286722,0.0926555484284798,0.12166452854393842,0.08035599743425273,0.10830660679923028,0.09406670942912124,0.10870750481077614,0.07506414368184734,0.029778704297626683,0.047771007055805004,0.021680564464400257,0.023123797305965362,0.029265554842847978,0.009557408595253367,0.0006895445798588839,0.00309493264913406,3.207184092366902e-05,9.621552277100705e-05,1.603592046183451e-05,0.0,0.0,0.0,0.0,0.0,0.0,0.0,0.0,0.0,0.0,0.0,0.0,0.0,0.0,0.0,0.0,0.0,0.0,0.0,0.0,0.0,0.0,0.0,0.0,0.0,0.0,0.0,0.0,0.0,0.0,0.0,0.0,0.0,0.0,0.0,0.0,0.0,0.0,0.0,0.0,0.0,0.0,0.0,0.0,0.0,0.0,nan,nan,4.416666666666667,2.955523481148314,nan,0.9315998792197903,0.023035475072879525,0.0,0.0,0.0,0.0,0.0,0.0,0.0,0.0,0.0,0.0,0.0,0.0,0.0,0.0,0.0,0.0,0.0,0.0,0.0,0.0,0.0,0.0,0.0,0.0,0.0,0.07556675062972294,2.418136020151134,13.507556675062975,11.977329974811086,2.0214105793450887,0.9308873313704348,0.02292580287132171,0.0,0.0,0.0,0.0,0.0,0.0,0.0,0.0,0.0,0.0,0.0,0.0,0.0,0.0,0.0,0.0,0.0,0.0,0.0,0.0,0.0,0.0,0.0,0.0,0.0,0.09803921568627452,2.4509803921568634,13.862745098039218,11.62745098039216,1.9607843137254906,0.401,0.008995,0.0,0.0,0.0,0.0,0.0,0.0,0.0,0.0,0.0,0.0,0.0,14.055415617128443,15.944584382871541,0.0,0.0,0.0,0.0,0.0,0.0,0.0,0.0,0.0,0.0,0.0,0.0,0.0,0.0,0.0,0.0,0.0,0.401,0.00858,0.0,0.0,0.0,0.0,0.0,0.0,0.0,0.0,0.0,0.0,0.0,13.843137254901942,16.156862745098042,0.0,0.0,0.0,0.0,0.0,0.0,0.0,0.0,0.0,0.0,0.0,0.0,0.0,0.0,0.0,0.0,0.0
6300,3248,1674,0.5153940886699507,818,654,0.45320197044334976,912,0.5615763546798029,0.426,2.8989834815756037,3.0959803399396097,6.568396226415095,2.122441028268236,9517.72290640394,1614.2343796917303,7853.0,11083.0,11083.0,0.0,7853.0,0.0,27.524322660098523,20.66385970876153,32.572324723247235,18.902130186621076,0.1437807881773399,0.09883004926108374,0.09328817733990148,0.09082512315270935,0.08651477832512315,0.07173645320197045,0.07173645320197045,0.059113300492610835,0.052647783251231525,0.05141625615763547,0.04956896551724138,0.03786945812807882,0.0332512315270936,0.02832512315270936,0.01816502463054187,0.0083128078817734,0.004618226600985222,0.9315374200530534,0.022868389811466883,0.0,0.0,0.0,0.0,0.0,0.0,0.0,0.0,0.0,0.0,0.0,0.0,0.0,0.0,0.0,0.0,0.0,0.0,0.0,0.0,0.0,0.0,0.0,0.0,0.0,0.09236453201970445,2.3552955665024635,13.596059113300495,12.118226600985224,1.8380541871921185,4.266507177033493,2.932457817739124,nan,nan,nan,4.321393998063892,2.978674964263911,4.212866603595081,2.885566635865471,0.9748860218444709,0.4006,0.0087,0.0,0.0,0.0,0.0,0.0,0.0,0.0,0.0,0.0,0.0,0.0,14.58435960591131,15.415640394088674,0.0,0.0,0.0,0.0,0.0,0.0,0.0,0.0,0.0,0.0,0.0,0.0,0.0,0.0,0.0,0.0,0.0,nan,nan,4.266507177033493,2.932457817739124,nan,0.4006,0.0391,0.0,0.0,0.0,0.0,0.0,0.0,0.0,0.0,0.0,0.0,0.0,0.0,0.0,0.0,0.0,0.0,0.0,0.0,0.0,0.0,0.0,0.0,0.0,0.0,0.0,0.0,0.0013084975369458127,4.618226600985222e-05,0.0,0.010806650246305418,0.004725985221674877,0.005449507389162562,0.006065270935960591,0.016179187192118225,0.0385006157635468,0.0374384236453202,0.032004310344827584,0.09513546798029557,0.12367610837438424,0.07479987684729064,0.10866687192118227,0.09467364532019705,0.11416256157635468,0.07429187192118226,0.030541871921182268,0.048060344827586206,0.022598522167487686,0.021490147783251232,0.0270628078817734,0.009282635467980296,0.0008620689655172414,0.0021705665024630543,0.0,0.0,0.0,0.0,0.0,0.0,0.0,0.0,0.0,0.0,0.0,0.0,0.0,0.0,0.0,0.0,0.0,0.0,0.0,0.0,0.0,0.0,0.0,0.0,0.0,0.0,0.0,0.0,0.0,0.0,0.0,0.0,0.0,0.0,0.0,0.0,0.0,0.0,0.0,0.0,0.0,0.0,0.0,0.0,0.0,0.0,0.0,0.0,0.0,nan,nan,4.266507177033493,2.932457817739124,nan,0.9319423783210016,0.022845354059720845,0.0,0.0,0.0,0.0,0.0,0.0,0.0,0.0,0.0,0.0,0.0,0.0,0.0,0.0,0.0,0.0,0.0,0.0,0.0,0.0,0.0,0.0,0.0,0.0,0.0,0.0896057347670251,2.2939068100358426,13.476702508960576,12.20430107526882,1.9354838709677424,0.931106733813825,0.022885001753520116,0.0,0.0,0.0,0.0,0.0,0.0,0.0,0.0,0.0,0.0,0.0,0.0,0.0,0.0,0.0,0.0,0.0,0.0,0.0,0.0,0.0,0.0,0.0,0.0,0.0,0.09529860228716647,2.4205844980940285,13.722998729351971,12.02668360864041,1.7344345616264298,0.401,0.00876,0.0,0.0,0.0,0.0,0.0,0.0,0.0,0.0,0.0,0.0,0.0,14.516129032258043,15.48387096774194,0.0,0.0,0.0,0.0,0.0,0.0,0.0,0.0,0.0,0.0,0.0,0.0,0.0,0.0,0.0,0.0,0.0,0.4004,0.00862,0.0,0.0,0.0,0.0,0.0,0.0,0.0,0.0,0.0,0.0,0.0,14.65692503176618,15.343074968233802,0.0,0.0,0.0,0.0,0.0,0.0,0.0,0.0,0.0,0.0,0.0,0.0,0.0,0.0,0.0,0.0,0.0
6400,3472,1792,0.5161290322580645,817,716,0.4415322580645161,971,0.559331797235023,0.38999999999999996,2.8392857142857144,3.00996431940341,6.39412997903564,2.123988753805451,9520.09677419355,1614.15951074193,7853.0,11083.0,11083.0,0.0,7853.0,0.0,27.88623271889401,20.862163275770808,33.046286701208984,19.00393375859909,0.14775345622119815,0.0944700460829493,0.0956221198156682,0.08525345622119816,0.07430875576036866,0.07459677419354839,0.0699884792626728,0.059619815668202764,0.0576036866359447,0.0576036866359447,0.05069124423963134,0.04435483870967742,0.027649769585253458,0.02534562211981567,0.019585253456221197,0.01065668202764977,0.004896313364055299,0.9302543933902468,0.023783325933699466,0.0,0.0,0.0,0.0,0.0,0.0,0.0,0.0,0.0,0.0,0.0,0.0,0.0,0.0,0.0,0.0,0.0,0.0,0.0,0.0,0.0,0.0,0.0,0.0,0.0,0.10368663594470048,3.0241935483870974,13.332373271889402,11.604262672811062,1.9354838709677424,4.212929475587703,2.789860728228306,nan,nan,nan,4.266256590509666,2.8010047552452453,4.156424581005586,2.7768866236600425,0.9742556484416801,0.401,0.008415,0.0,0.0,0.0,0.0,0.0,0.0,0.0,0.0,0.0,0.0,0.0,13.824884792626706,16.175115207373278,0.0,0.0,0.0,0.0,0.0,0.0,0.0,0.0,0.0,0.0,0.0,0.0,0.0,0.0,0.0,0.0,0.0,nan,nan,4.212929475587703,2.789860728228306,nan,0.401,0.0392,0.0,0.0,0.0,0.0,0.0,0.0,0.0,0.0,0.0,0.0,0.0,0.0,0.0,0.0,0.0,0.0,0.0,0.0,0.0,0.0,0.0,0.0,0.0,0.0,0.0,0.0,0.0008352534562211982,0.0,2.880184331797235e-05,0.009403801843317973,0.004665898617511521,0.005184331797235023,0.00643721198156682,0.01663306451612903,0.041748271889400924,0.036837557603686635,0.032747695852534564,0.09485887096774194,0.12258064516129032,0.07678571428571429,0.10751728110599078,0.09111463133640553,0.11290322580645161,0.07800979262672811,0.03071716589861751,0.046673387096774197,0.021226958525345622,0.021111751152073734,0.026872119815668203,0.009994239631336405,0.001396889400921659,0.0037154377880184333,0.0,0.0,0.0,0.0,0.0,0.0,0.0,0.0,0.0,0.0,0.0,0.0,0.0,0.0,0.0,0.0,0.0,0.0,0.0,0.0,0.0,0.0,0.0,0.0,0.0,0.0,0.0,0.0,0.0,0.0,0.0,0.0,0.0,0.0,0.0,0.0,0.0,0.0,0.0,0.0,0.0,0.0,0.0,0.0,0.0,0.0,0.0,0.0,0.0,nan,nan,4.212929475587703,2.789860728228306,nan,0.9304305450392089,0.02365084758972838,0.0,0.0,0.0,0.0,0.0,0.0,0.0,0.0,0.0,0.0,0.0,0.0,0.0,0.0,0.0,0.0,0.0,0.0,0.0,0.0,0.0,0.0,0.0,0.0,0.0,0.11718750000000003,2.8459821428571432,13.141741071428573,12.137276785714288,1.7578125000000004,0.9300664982980206,0.023922397956984302,0.0,0.0,0.0,0.0,0.0,0.0,0.0,0.0,0.0,0.0,0.0,0.0,0.0,0.0,0.0,0.0,0.0,0.0,0.0,0.0,0.0,0.0,0.0,0.0,0.0,0.0892857142857143,3.214285714285715,13.535714285714288,11.035714285714288,2.1250000000000004,0.401,0.00846,0.0,0.0,0.0,0.0,0.0,0.0,0.0,0.0,0.0,0.0,0.0,14.196428571428552,15.803571428571432,0.0,0.0,0.0,0.0,0.0,0.0,0.0,0.0,0.0,0.0,0.0,0.0,0.0,0.0,0.0,0.0,0.0,0.401,0.00836,0.0,0.0,0.0,0.0,0.0,0.0,0.0,0.0,0.0,0.0,0.0,13.42857142857141,16.571428571428577,0.0,0.0,0.0,0.0,0.0,0.0,0.0,0.0,0.0,0.0,0.0,0.0,0.0,0.0,0.0,0.0,0.0
6500,3428,1768,0.5157526254375729,808,687,0.43611435239206536,959,0.55950991831972,0.422,3.0337349397590363,3.121641408997769,6.622406639004149,2.1008188525530302,9518.88098016336,1614.198291988198,7853.0,11083.0,11083.0,0.0,7853.0,0.0,27.87252042007001,20.868268354191695,32.83275382475661,19.122351049560418,0.14002333722287047,0.10064177362893816,0.0971411901983664,0.08518086347724621,0.07701283547257877,0.07526254375729288,0.07147024504084014,0.06155192532088682,0.058343057176196034,0.05367561260210035,0.044049008168028,0.03763127187864644,0.03588098016336056,0.028879813302217037,0.01662777129521587,0.010210035005834306,0.006417736289381563,0.9307093640643769,0.02304926877717502,0.0,0.0,0.0,0.0,0.0,0.0,0.0,0.0,0.0,0.0,0.0,0.0,0.0,0.0,0.0,0.0,0.0,0.0,0.0,0.0,0.0,0.0,0.0,0.0,0.0,0.09626604434072347,2.6516919486581103,13.599766627771297,11.93698949824971,1.7152858809801637,4.361682670324646,2.896390150966861,nan,nan,nan,4.329650092081032,2.875883284449853,4.393278837420527,2.9161316904047467,1.014696047945277,0.4006,0.00865,0.0,0.0,0.0,0.0,0.0,0.0,0.0,0.0,0.0,0.0,0.0,14.474912485414215,15.525087514585769,0.0,0.0,0.0,0.0,0.0,0.0,0.0,0.0,0.0,0.0,0.0,0.0,0.0,0.0,0.0,0.0,0.0,nan,nan,4.361682670324646,2.896390150966861,nan,0.4006,0.03937,0.0,0.0,0.0,0.0,0.0,0.0,0.0,0.0,0.0,0.0,0.0,0.0,0.0,0.0,0.0,0.0,0.0,0.0,0.0,0.0,0.0,0.0,0.0,0.0,2.9171528588098018e-05,1.4585764294049009e-05,0.0007584597432905484,0.0,7.292882147024503e-05,0.008518086347724621,0.0055717619603267215,0.005061260210035006,0.0065781796966161024,0.017254959159859976,0.04286756126021003,0.03820011668611435,0.0344953325554259,0.09107351225204201,0.12473745624270711,0.07698366394399067,0.10618436406067679,0.09034422403733956,0.11595682613768961,0.07303092182030338,0.030207117852975494,0.0463973162193699,0.021397316219369893,0.02119311551925321,0.0271732788798133,0.010968494749124855,0.0012397899649941658,0.00367561260210035,0.0,0.0,0.0,0.0,0.0,1.4585764294049009e-05,0.0,0.0,0.0,0.0,0.0,0.0,0.0,0.0,0.0,0.0,0.0,0.0,0.0,0.0,0.0,0.0,0.0,0.0,0.0,0.0,0.0,0.0,0.0,0.0,0.0,0.0,0.0,0.0,0.0,0.0,0.0,0.0,0.0,0.0,0.0,0.0,0.0,0.0,0.0,0.0,0.0,0.0,0.0,nan,nan,4.361682670324646,2.896390150966861,nan,0.9309743223079728,0.022946648475242377,0.0,0.0,0.0,0.0,0.0,0.0,0.0,0.0,0.0,0.0,0.0,0.0,0.0,0.0,0.0,0.0,0.0,0.0,0.0,0.0,0.0,0.0,0.0,0.0,0.0,0.08484162895927604,2.4943438914027154,13.863122171945703,11.792986425339368,1.7647058823529418,0.9304271675736071,0.023154731541230197,0.0,0.0,0.0,0.0,0.0,0.0,0.0,0.0,0.0,0.0,0.0,0.0,0.0,0.0,0.0,0.0,0.0,0.0,0.0,0.0,0.0,0.0,0.0,0.0,0.0,0.10843373493975905,2.8192771084337354,13.319277108433736,12.090361445783135,1.6626506024096388,0.4006,0.00865,0.0,0.0,0.0,0.0,0.0,0.0,0.0,0.0,0.0,0.0,0.0,14.626696832579166,15.373303167420818,0.0,0.0,0.0,0.0,0.0,0.0,0.0,0.0,0.0,0.0,0.0,0.0,0.0,0.0,0.0,0.0,0.0,0.4006,0.00865,0.0,0.0,0.0,0.0,0.0,0.0,0.0,0.0,0.0,0.0,0.0,14.313253012048174,15.686746987951812,0.0,0.0,0.0,0.0,0.0,0.0,0.0,0.0,0.0,0.0,0.0,0.0,0.0,0.0,0.0,0.0,0.0
6600,3562,1853,0.5202133632790568,876,717,0.4472206625491297,993,0.5575519371139809,0.41,2.9701579871269748,3.061059724001624,6.369834710743802,2.1382001713308934,9533.289163391353,1613.6797467724682,7853.0,11083.0,11083.0,0.0,7853.0,0.0,28.25687815833801,20.80847636213448,33.05413483892394,19.049030202375956,0.1339135317237507,0.10190903986524424,0.09320606400898372,0.08169567658618754,0.07664233576642336,0.07748455923638406,0.07411566535654127,0.06204379562043796,0.06260527793374508,0.054183043234138126,0.045480067377877596,0.04211117349803481,0.03565412689500281,0.02582818641212802,0.016002245929253228,0.009825940482874789,0.0072992700729927005,0.9308969502633774,0.023585807427040948,0.0,0.0,0.0,0.0,0.0,0.0,0.0,0.0,0.0,0.0,0.0,0.0,0.0,0.0,0.0,0.0,0.0,0.0,0.0,0.0,0.0,0.0,0.0,0.0,0.0,0.05895564289724875,2.7624929814710844,13.627175743964067,11.437394722066257,2.113980909601348,4.193353474320242,2.8498141171241183,nan,nan,nan,4.202586206896552,2.835032117038066,4.18409680207433,2.8645279961253904,0.9956004698269175,0.4011,0.00903,0.0,0.0,0.0,0.0,0.0,0.0,0.0,0.0,0.0,0.0,0.0,13.686131386861293,16.31386861313869,0.0,0.0,0.0,0.0,0.0,0.0,0.0,0.0,0.0,0.0,0.0,0.0,0.0,0.0,0.0,0.0,0.0,nan,nan,4.193353474320242,2.8498141171241183,nan,0.4011,0.03928,0.0,0.0,0.0,0.0,0.0,0.0,0.0,0.0,0.0,0.0,0.0,0.0,0.0,0.0,0.0,0.0,0.0,0.0,0.0,0.0,0.0,0.0,0.0,0.0,1.403705783267827e-05,1.403705783267827e-05,0.0007720381807973049,0.0,0.0002386299831555306,0.008015160022459292,0.003986524424480629,0.0044778214486243684,0.007271195957327344,0.016339135317237508,0.04372543514879281,0.03839135317237507,0.03238349241998877,0.09227961819202696,0.12608085345311623,0.07797585626052779,0.10676586187535092,0.08757720381807974,0.11612857944974733,0.07057832678270634,0.03474171813587872,0.04310780460415497,0.023104997192588433,0.022796181920269512,0.027484559236384053,0.010766423357664234,0.0012633352049410444,0.003635597978663672,8.422234699606962e-05,0.0,0.0,0.0,0.0,0.0,0.0,0.0,0.0,0.0,0.0,0.0,0.0,0.0,0.0,0.0,0.0,0.0,0.0,0.0,0.0,0.0,0.0,0.0,0.0,0.0,0.0,0.0,0.0,0.0,0.0,0.0,0.0,0.0,0.0,0.0,0.0,0.0,0.0,0.0,0.0,0.0,0.0,0.0,0.0,0.0,0.0,0.0,0.0,nan,nan,4.193353474320242,2.8498141171241183,nan,0.9317723115070794,0.023810155203754197,0.0,0.0,0.0,0.0,0.0,0.0,0.0,0.0,0.0,0.0,0.0,0.0,0.0,0.0,0.0,0.0,0.0,0.0,0.0,0.0,0.0,0.0,0.0,0.0,0.0,0.03237992444684296,2.655153804641123,13.486238532110095,11.527253103076095,2.2989746357258505,0.9299478312554312,0.0233029941150028,0.0,0.0,0.0,0.0,0.0,0.0,0.0,0.0,0.0,0.0,0.0,0.0,0.0,0.0,0.0,0.0,0.0,0.0,0.0,0.0,0.0,0.0,0.0,0.0,0.0,0.08777062609713285,2.8788765359859574,13.779988297249856,11.339964891749563,1.9133996489174963,0.4011,0.00887,0.0,0.0,0.0,0.0,0.0,0.0,0.0,0.0,0.0,0.0,0.0,13.648138154344286,16.351861845655698,0.0,0.0,0.0,0.0,0.0,0.0,0.0,0.0,0.0,0.0,0.0,0.0,0.0,0.0,0.0,0.0,0.0,0.4011,0.0092,0.0,0.0,0.0,0.0,0.0,0.0,0.0,0.0,0.0,0.0,0.0,13.727325921591556,16.27267407840843,0.0,0.0,0.0,0.0,0.0,0.0,0.0,0.0,0.0,0.0,0.0,0.0,0.0,0.0,0.0,0.0,0.0
6700,3637,1908,0.524608193566126,874,757,0.44844652185867473,1011,0.5559527082760517,0.41,3.0277617119722384,3.1416038310834047,6.6701902748414374,2.1312879523631967,9547.484465218588,1613.042844994799,7853.0,11083.0,11083.0,0.0,7853.0,0.0,28.09540830354688,20.895684015623896,32.892903645833336,19.187837311261116,0.13335166345889468,0.10255705251580974,0.09293373659609569,0.09320868847951609,0.07093758592246358,0.07863623865823481,0.07066263403904317,0.06461369260379433,0.05966455870222711,0.05609018421776189,0.04124278251306021,0.0382183117954358,0.03271927412702777,0.026670332691778938,0.021721198790211713,0.010998075336816057,0.00577398955182843,0.9322013816795475,0.023417928845770125,0.0,0.0,0.0,0.0,0.0,0.0,0.0,0.0,0.0,0.0,0.0,0.0,0.0,0.0,0.0,0.0,0.0,0.0,0.0,0.0,0.0,0.0,0.0,0.0,0.0,0.10723123453395658,2.3425900467418206,13.090459169645314,12.339840527907619,2.1198790211712955,4.28051391862955,2.91428317375471,nan,nan,nan,4.276724137931034,2.8980034077768657,4.287052810902896,2.929940490864085,1.0024150898301472,0.4006,0.00884,0.0,0.0,0.0,0.0,0.0,0.0,0.0,0.0,0.0,0.0,0.008248556502612045,14.179268627990082,15.804234259004678,0.008248556502612045,0.0,0.0,0.0,0.0,0.0,0.0,0.0,0.0,0.0,0.0,0.0,0.0,0.0,0.0,0.0,0.0,nan,nan,4.28051391862955,2.91428317375471,nan,0.4006,0.0392,0.0,0.0,0.0,0.0,0.0,0.0,0.0,0.0,0.0,0.0,0.0,0.0,0.0,0.0,0.0,0.0,0.0,0.0,0.0,0.0,0.0,0.0,0.0,0.0,0.0,0.0,0.0007973604619191642,4.124278251306022e-05,0.0002474566950783613,0.007973604619191641,0.0035881220786362386,0.006158922188616992,0.0072862249106406375,0.014984877646411878,0.044487214737420955,0.04127027770140226,0.030382183117954358,0.09513335166345889,0.12338465768490514,0.07814132526807809,0.1070525158097333,0.09022546054440472,0.1145861974154523,0.06778938685729997,0.03564751168545505,0.041792686279901015,0.024182018146824306,0.023467143249931263,0.02723398405279076,0.010338190816607093,0.0009210888094583448,0.0027907616167170747,4.124278251306022e-05,5.4990376684080284e-05,0.0,0.0,0.0,0.0,0.0,0.0,0.0,0.0,0.0,0.0,0.0,0.0,0.0,0.0,0.0,0.0,0.0,0.0,0.0,0.0,0.0,0.0,0.0,0.0,0.0,0.0,0.0,0.0,0.0,0.0,0.0,0.0,0.0,0.0,0.0,0.0,0.0,0.0,0.0,0.0,0.0,0.0,0.0,0.0,0.0,0.0,0.0,nan,nan,4.28051391862955,2.91428317375471,nan,0.9320739926282214,0.02350860503441911,0.0,0.0,0.0,0.0,0.0,0.0,0.0,0.0,0.0,0.0,0.0,0.0,0.0,0.0,0.0,0.0,0.0,0.0,0.0,0.0,0.0,0.0,0.0,0.0,0.0,0.1257861635220126,2.3584905660377364,13.207547169811324,12.18553459119497,2.122641509433963,0.9323419590710629,0.02331664808590892,0.0,0.0,0.0,0.0,0.0,0.0,0.0,0.0,0.0,0.0,0.0,0.0,0.0,0.0,0.0,0.0,0.0,0.0,0.0,0.0,0.0,0.0,0.0,0.0,0.0,0.08675534991324467,2.325043377674957,12.961249277038753,12.51012145748988,2.1168305378831698,0.4006,0.00872,0.0,0.0,0.0,0.0,0.0,0.0,0.0,0.0,0.0,0.0,0.0,14.465408805031426,15.534591194968558,0.0,0.0,0.0,0.0,0.0,0.0,0.0,0.0,0.0,0.0,0.0,0.0,0.0,0.0,0.0,0.0,0.0,0.401,0.008965,0.0,0.0,0.0,0.0,0.0,0.0,0.0,0.0,0.0,0.0,0.017351069982648935,13.863504916136474,16.10179294389821,0.017351069982648935,0.0,0.0,0.0,0.0,0.0,0.0,0.0,0.0,0.0,0.0,0.0,0.0,0.0,0.0,0.0,0.0
6800,3565,1878,0.5267882187938289,856,697,0.4356241234221599,953,0.5346423562412342,0.434,3.0,3.184692194644487,6.665961945031713,2.2057113963253476,9554.525946704067,1612.680458288921,7853.0,11083.0,11083.0,0.0,7853.0,0.0,27.363253856942496,20.741747281654106,32.340825226434085,19.043689256367948,0.1450210378681627,0.10182328190743338,0.097054698457223,0.09032258064516129,0.08723702664796634,0.06928471248246844,0.0605890603085554,0.06451612903225806,0.053015427769985975,0.05273492286115007,0.04488078541374474,0.042356241234221596,0.029172510518934082,0.028611500701262272,0.01991584852734923,0.010378681626928472,0.0030855539971949507,0.9335316510554952,0.023422335065305548,0.0,0.0,0.0,0.0,0.0,0.0,0.0,0.0,0.0,0.0,0.0,0.0,0.0,0.0,0.0,0.0,0.0,0.0,0.0,0.0,0.0,0.0,0.0,0.0,0.0,0.10098176718092568,2.044880785413745,13.009817671809259,12.555399719495092,2.288920056100982,4.245450510430537,3.013747600132875,nan,nan,nan,4.199822380106572,2.978913454280929,4.290408525754884,3.048750786902365,1.0215690420807781,0.4006,0.00866,0.0,0.0,0.0,0.0,0.0,0.0,0.0,0.0,0.0,0.0,0.0,13.859747545582028,16.140252454417958,0.0,0.0,0.0,0.0,0.0,0.0,0.0,0.0,0.0,0.0,0.0,0.0,0.0,0.0,0.0,0.0,0.0,nan,nan,4.245450510430537,3.013747600132875,nan,0.4006,0.0392,0.0,0.0,0.0,0.0,0.0,0.0,0.0,0.0,0.0,0.0,0.0,0.0,0.0,0.0,0.0,0.0,0.0,0.0,0.0,0.0,0.0,0.0,0.0,0.0,0.0,0.0,0.0015427769985974754,2.8050490883590464e-05,5.610098176718093e-05,0.00726507713884993,0.0035904628330995793,0.006591865357643759,0.007419354838709678,0.014417952314165499,0.045722300140252456,0.038401122019635345,0.031093969144460026,0.0976437587657784,0.12315568022440393,0.07681626928471248,0.10438990182328191,0.09614305750350631,0.11478260869565217,0.06287517531556802,0.03601683029453016,0.04230014025245442,0.026605890603085554,0.021739130434782608,0.02732117812061711,0.011009817671809257,0.00047685834502103787,0.0025666199158485272,0.0,2.8050490883590464e-05,0.0,0.0,0.0,0.0,0.0,0.0,0.0,0.0,0.0,0.0,0.0,0.0,0.0,0.0,0.0,0.0,0.0,0.0,0.0,0.0,0.0,0.0,0.0,0.0,0.0,0.0,0.0,0.0,0.0,0.0,0.0,0.0,0.0,0.0,0.0,0.0,0.0,0.0,0.0,0.0,0.0,0.0,0.0,0.0,0.0,0.0,0.0,nan,nan,4.245450510430537,3.013747600132875,nan,0.9337695223200944,0.023658955606430148,0.0,0.0,0.0,0.0,0.0,0.0,0.0,0.0,0.0,0.0,0.0,0.0,0.0,0.0,0.0,0.0,0.0,0.0,0.0,0.0,0.0,0.0,0.0,0.0,0.0,0.047923322683706075,2.1086261980830674,13.09904153354633,12.236421725239618,2.507987220447285,0.9332668483080635,0.02315320642948665,0.0,0.0,0.0,0.0,0.0,0.0,0.0,0.0,0.0,0.0,0.0,0.0,0.0,0.0,0.0,0.0,0.0,0.0,0.0,0.0,0.0,0.0,0.0,0.0,0.0,0.16004742145820988,1.9739181979845886,12.91049199762893,12.91049199762893,2.0450503852993487,0.4006,0.008514,0.0,0.0,0.0,0.0,0.0,0.0,0.0,0.0,0.0,0.0,0.0,13.54632587859423,16.453674121405754,0.0,0.0,0.0,0.0,0.0,0.0,0.0,0.0,0.0,0.0,0.0,0.0,0.0,0.0,0.0,0.0,0.0,0.4004,0.00882,0.0,0.0,0.0,0.0,0.0,0.0,0.0,0.0,0.0,0.0,0.0,14.208654416123274,15.791345583876709,0.0,0.0,0.0,0.0,0.0,0.0,0.0,0.0,0.0,0.0,0.0,0.0,0.0,0.0,0.0,0.0,0.0
6900,3689,1888,0.5117918134995934,921,763,0.45649227432908646,1023,0.5546218487394958,0.426,3.0077734591893392,3.1460728074380153,6.780737704918033,2.059334473121085,9506.087557603687,1614.55081615779,7853.0,11083.0,11083.0,0.0,7853.0,0.0,27.742477636215778,20.726290420590125,32.7751134154245,18.920082366533652,0.14448359989156953,0.09297912713472485,0.09785849823800488,0.08755760368663594,0.07617240444564922,0.07400379506641366,0.07861208999728923,0.06451612903225806,0.05611276768772025,0.05177554892924912,0.04879371103280022,0.03578205475738683,0.030360531309297913,0.029005150447275686,0.013553808620222282,0.013011656275413392,0.005421523448088913,0.9337070531300912,0.023601745722555856,0.0,0.0,0.0,0.0,0.0,0.0,0.0,0.0,0.0,0.0,0.0,0.0,0.0,0.0,0.0,0.0,0.0,0.0,0.0,0.0,0.0,0.0,0.0,0.0,0.0,0.06505828137706697,2.236378422336677,12.434264028191924,12.808349146110059,2.455950121984278,4.3699324324324325,2.979939913375187,nan,nan,nan,4.341216216216216,2.9754270430285605,4.398648648648648,2.9841696406403906,1.0132295719844358,0.4004,0.00921,0.0,0.0,0.0,0.0,0.0,0.0,0.0,0.0,0.0,0.0,0.016264570344266743,14.72756844673351,15.256166982922204,0.0,0.0,0.0,0.0,0.0,0.0,0.0,0.0,0.0,0.0,0.0,0.0,0.0,0.0,0.0,0.0,0.0,nan,nan,4.3699324324324325,2.979939913375187,nan,0.4004,0.03946,0.0,0.0,0.0,0.0,0.0,0.0,0.0,0.0,0.0,0.0,0.0,0.0,0.0,0.0,0.0,0.0,0.0,0.0,0.0,0.0,0.0,0.0,0.0,0.0,0.0,0.0,0.00154513418270534,0.0,5.421523448088913e-05,0.008267823258335593,0.0034291135809162375,0.005828137706695581,0.006017891027378693,0.014800759013282733,0.04650311737598265,0.040647872052046626,0.03366766061263215,0.09700460829493088,0.12468148549742478,0.07798861480075901,0.10206017891027379,0.09669287069666577,0.11099213879100027,0.06092436974789916,0.034873949579831934,0.04196259148820819,0.026999186771482785,0.02335321225264299,0.026267281105990782,0.012035782054757386,0.0005692599620493358,0.0027107617240444567,0.0,0.00012198427758200055,0.0,0.0,0.0,0.0,0.0,0.0,0.0,0.0,0.0,0.0,0.0,0.0,0.0,0.0,0.0,0.0,0.0,0.0,0.0,0.0,0.0,0.0,0.0,0.0,0.0,0.0,0.0,0.0,0.0,0.0,0.0,0.0,0.0,0.0,0.0,0.0,0.0,0.0,0.0,0.0,0.0,0.0,0.0,0.0,0.0,0.0,0.0,nan,nan,4.3699324324324325,2.979939913375187,nan,0.933515127022135,0.02423990689396298,0.0,0.0,0.0,0.0,0.0,0.0,0.0,0.0,0.0,0.0,0.0,0.0,0.0,0.0,0.0,0.0,0.0,0.0,0.0,0.0,0.0,0.0,0.0,0.0,0.0,0.06355932203389832,2.3993644067796613,12.60063559322034,12.123940677966104,2.8125000000000004,0.9339082505158885,0.022911957363540736,0.0,0.0,0.0,0.0,0.0,0.0,0.0,0.0,0.0,0.0,0.0,0.0,0.0,0.0,0.0,0.0,0.0,0.0,0.0,0.0,0.0,0.0,0.0,0.0,0.0,0.06662965019433649,2.0655191560244313,12.259855635757914,13.525818989450308,2.0821765685730154,0.4001,0.00939,0.0,0.0,0.0,0.0,0.0,0.0,0.0,0.0,0.0,0.0,0.03177966101694916,14.713983050847437,15.254237288135597,0.0,0.0,0.0,0.0,0.0,0.0,0.0,0.0,0.0,0.0,0.0,0.0,0.0,0.0,0.0,0.0,0.0,0.4006,0.00901,0.0,0.0,0.0,0.0,0.0,0.0,0.0,0.0,0.0,0.0,0.0,14.741810105496924,15.258189894503058,0.0,0.0,0.0,0.0,0.0,0.0,0.0,0.0,0.0,0.0,0.0,0.0,0.0,0.0,0.0,0.0,0.0
7000,3625,1925,0.5310344827586206,928,722,0.45517241379310347,994,0.5484137931034483,0.43,3.0694117647058823,3.18505789140893,6.651639344262295,2.304120813322612,9568.241379310344,1611.8860585891175,7853.0,11083.0,11083.0,0.0,7853.0,0.0,28.083586206896552,20.827923387999135,32.71669915529564,19.185010813565885,0.1310344827586207,0.104,0.09544827586206897,0.08910344827586207,0.07613793103448276,0.07944827586206897,0.062344827586206894,0.062344827586206894,0.060137931034482756,0.06289655172413793,0.048,0.038344827586206894,0.028965517241379312,0.02289655172413793,0.019862068965517243,0.01186206896551724,0.007172413793103448,0.9333513293266297,0.023404138591478472,0.0,0.0,0.0,0.0,0.0,0.0,0.0,0.0,0.0,0.0,0.0,0.0,0.0,0.0,0.0,0.0,0.0,0.0,0.0,0.0,0.0,0.0,0.0,0.0,0.0,0.05793103448275864,2.375172413793104,12.546206896551727,12.711724137931036,2.3089655172413797,4.335042735042735,3.0019457006459507,nan,nan,nan,4.325196163905841,2.9342848790474285,4.341442953020135,3.065015946141447,1.0037563126615794,0.4004,0.008934,0.0,0.0,0.0,0.0,0.0,0.0,0.0,0.0,0.0,0.0,0.0,14.532413793103428,15.451034482758624,0.01655172413793104,0.0,0.0,0.0,0.0,0.0,0.0,0.0,0.0,0.0,0.0,0.0,0.0,0.0,0.0,0.0,0.0,nan,nan,4.335042735042735,3.0019457006459507,nan,0.4001,0.03955,0.0,0.0,0.0,0.0,0.0,0.0,0.0,0.0,0.0,0.0,0.0,0.0,0.0,0.0,0.0,0.0,0.0,0.0,0.0,0.0,0.0,0.0,0.0,0.0,0.0,1.3793103448275862e-05,0.0016275862068965516,0.0,9.655172413793103e-05,0.00910344827586207,0.0028275862068965515,0.006344827586206896,0.006055172413793103,0.014551724137931035,0.04508965517241379,0.0404551724137931,0.032510344827586204,0.09539310344827587,0.13228965517241378,0.08150344827586208,0.09642758620689655,0.09753103448275863,0.10855172413793103,0.06092413793103448,0.03427586206896552,0.039793103448275864,0.028344827586206895,0.024910344827586205,0.026579310344827585,0.011213793103448276,0.00038620689655172413,0.003103448275862069,4.1379310344827587e-05,5.5172413793103446e-05,0.0,0.0,0.0,0.0,0.0,0.0,0.0,0.0,0.0,0.0,0.0,0.0,0.0,0.0,0.0,0.0,0.0,0.0,0.0,0.0,0.0,0.0,0.0,0.0,0.0,0.0,0.0,0.0,0.0,0.0,0.0,0.0,0.0,0.0,0.0,0.0,0.0,0.0,0.0,0.0,0.0,0.0,0.0,0.0,0.0,0.0,0.0,nan,nan,4.335042735042735,3.0019457006459507,nan,0.9335696573690935,0.023139216394786957,0.0,0.0,0.0,0.0,0.0,0.0,0.0,0.0,0.0,0.0,0.0,0.0,0.0,0.0,0.0,0.0,0.0,0.0,0.0,0.0,0.0,0.0,0.0,0.0,0.0,0.04675324675324676,2.4311688311688315,12.233766233766236,13.10649350649351,2.181818181818182,0.9331041049256045,0.02369812092929495,0.0,0.0,0.0,0.0,0.0,0.0,0.0,0.0,0.0,0.0,0.0,0.0,0.0,0.0,0.0,0.0,0.0,0.0,0.0,0.0,0.0,0.0,0.0,0.0,0.0,0.07058823529411766,2.3117647058823536,12.900000000000002,12.264705882352944,2.452941176470589,0.4004,0.00903,0.0,0.0,0.0,0.0,0.0,0.0,0.0,0.0,0.0,0.0,0.0,14.587012987012967,15.381818181818186,0.031168831168831176,0.0,0.0,0.0,0.0,0.0,0.0,0.0,0.0,0.0,0.0,0.0,0.0,0.0,0.0,0.0,0.0,0.4001,0.00882,0.0,0.0,0.0,0.0,0.0,0.0,0.0,0.0,0.0,0.0,0.0,14.470588235294096,15.529411764705886,0.0,0.0,0.0,0.0,0.0,0.0,0.0,0.0,0.0,0.0,0.0,0.0,0.0,0.0,0.0,0.0,0.0
7100,3745,1947,0.5198931909212283,933,730,0.44405874499332443,1026,0.5479305740987984,0.426,2.9649610678531704,3.138337393382411,6.573122529644269,2.1886314539257103,9532.255006675567,1613.7212566354583,7853.0,11083.0,11083.0,0.0,7853.0,0.0,28.020026702269693,21.066906564615135,33.101564995209195,19.30631647267445,0.1423230974632844,0.10093457943925234,0.08998664886515353,0.08437917222963952,0.08090787716955941,0.07236315086782376,0.07556742323097464,0.061148197596795725,0.058210947930574096,0.05527369826435247,0.04966622162883845,0.0315086782376502,0.029105473965287048,0.030707610146862484,0.015487316421895861,0.014152202937249666,0.008277703604806409,0.9323901644376951,0.023376805190108395,0.0,0.0,0.0,0.0,0.0,0.0,0.0,0.0,0.0,0.0,0.0,0.0,0.0,0.0,0.0,0.0,0.0,0.0,0.0,0.0,0.0,0.0,0.0,0.0,0.0,0.07209612817089454,2.387182910547397,12.929238985313754,12.31241655540721,2.299065420560748,4.260977630488815,2.9330830216560715,nan,nan,nan,4.341645885286783,2.9110651887164747,4.177685950413223,2.9517885768122527,0.9622355348166011,0.4004,0.0087,0.0,0.0,0.0,0.0,0.0,0.0,0.0,0.0,0.0,0.0,0.0,14.73965287049397,15.260347129506012,0.0,0.0,0.0,0.0,0.0,0.0,0.0,0.0,0.0,0.0,0.0,0.0,0.0,0.0,0.0,0.0,0.0,nan,nan,4.260977630488815,2.9330830216560715,nan,0.4004,0.03946,0.0,0.0,0.0,0.0,0.0,0.0,0.0,0.0,0.0,0.0,0.0,0.0,0.0,0.0,0.0,0.0,0.0,0.0,0.0,0.0,0.0,0.0,0.0,0.0,0.0,0.0,0.001802403204272363,0.0,4.005340453938585e-05,0.00897196261682243,0.002349799732977303,0.007409879839786382,0.006475300400534045,0.013124165554072096,0.045714285714285714,0.03931909212283044,0.030787716955941256,0.09244325767690253,0.13672897196261682,0.08658210947930574,0.09181575433911883,0.09616822429906542,0.1103871829105474,0.06156208277703605,0.035060080106809076,0.03885180240320427,0.030520694259012018,0.024005340453938585,0.024152202937249668,0.011588785046728972,0.0003871829105473965,0.003684913217623498,1.335113484646195e-05,5.34045393858478e-05,0.0,0.0,0.0,0.0,0.0,0.0,0.0,0.0,0.0,0.0,0.0,0.0,0.0,0.0,0.0,0.0,0.0,0.0,0.0,0.0,0.0,0.0,0.0,0.0,0.0,0.0,0.0,0.0,0.0,0.0,0.0,0.0,0.0,0.0,0.0,0.0,0.0,0.0,0.0,0.0,0.0,0.0,0.0,0.0,0.0,0.0,0.0,nan,nan,4.260977630488815,2.9330830216560715,nan,0.932367235008851,0.022938822303996857,0.0,0.0,0.0,0.0,0.0,0.0,0.0,0.0,0.0,0.0,0.0,0.0,0.0,0.0,0.0,0.0,0.0,0.0,0.0,0.0,0.0,0.0,0.0,0.0,0.0,0.01540832049306626,2.26502311248074,13.297380585516182,12.172573189522344,2.249614791987674,0.9324149940249917,0.0238419869086481,0.0,0.0,0.0,0.0,0.0,0.0,0.0,0.0,0.0,0.0,0.0,0.0,0.0,0.0,0.0,0.0,0.0,0.0,0.0,0.0,0.0,0.0,0.0,0.0,0.0,0.1334816462736374,2.519466073414906,12.53058954393771,12.463848720800891,2.3526140155728594,0.4006,0.00878,0.0,0.0,0.0,0.0,0.0,0.0,0.0,0.0,0.0,0.0,0.0,14.298921417565465,15.70107858243452,0.0,0.0,0.0,0.0,0.0,0.0,0.0,0.0,0.0,0.0,0.0,0.0,0.0,0.0,0.0,0.0,0.0,0.4,0.00859,0.0,0.0,0.0,0.0,0.0,0.0,0.0,0.0,0.0,0.0,0.0,15.216907675194639,14.783092324805343,0.0,0.0,0.0,0.0,0.0,0.0,0.0,0.0,0.0,0.0,0.0,0.0,0.0,0.0,0.0,0.0,0.0
7200,3859,1978,0.5125680228038352,947,780,0.44752526561285305,1094,0.5669862658719875,0.41,2.9952153110047846,3.0688499386034973,6.4586330935251794,2.025932843645705,9508.594713656388,1614.4897240995856,7853.0,11083.0,11083.0,0.0,7853.0,0.0,28.20005182689816,20.996770195424084,33.36290322580645,19.107241128210468,0.14174656646799688,0.09639803057786991,0.09095620627105468,0.08525524747343871,0.07566727131381187,0.07514900233221042,0.07359419538740607,0.06271054677377559,0.05960093288416688,0.05104949468774294,0.050012956724540036,0.04094324954651464,0.03576055973050013,0.026690852552474734,0.016584607411246437,0.011401917595231926,0.0064783622700181395,0.9328985107658625,0.022794435824356963,0.0,0.0,0.0,0.0,0.0,0.0,0.0,0.0,0.0,0.0,0.0,0.0,0.0,0.0,0.0,0.0,0.0,0.0,0.0,0.0,0.0,0.0,0.0,0.0,0.0,0.06219227779217415,2.2855662088624,12.70277273905157,12.803835190463854,2.1456335838300085,4.288054334798242,2.8548108861375487,nan,nan,nan,4.279620853080568,2.8687748344128385,4.296685529506871,2.8404225622237043,1.0039874271605205,0.4006,0.00876,0.0,0.0,0.0,0.0,0.0,0.0,0.0,0.0,0.0,0.0,0.0,14.389738274164271,15.610261725835713,0.0,0.0,0.0,0.0,0.0,0.0,0.0,0.0,0.0,0.0,0.0,0.0,0.0,0.0,0.0,0.0,0.0,nan,nan,4.288054334798242,2.8548108861375487,nan,0.4006,0.03943,0.0,0.0,0.0,0.0,0.0,0.0,0.0,0.0,0.0,0.0,0.0,0.0,0.0,0.0,0.0,0.0,0.0,0.0,0.0,0.0,0.0,0.0,0.0,0.0,0.0,0.0,0.0022933402435864215,0.0,9.069707178025396e-05,0.009121534076185541,0.0022803835190463853,0.005895309665716507,0.006607929515418502,0.011661052086032651,0.04356050790360197,0.039958538481471885,0.03233998445193055,0.09173360974345686,0.13687483804094325,0.08656387665198238,0.09051567763669345,0.09909302928219746,0.11224410469033429,0.06110391293081109,0.03623995853848147,0.03485358901269759,0.03130344648872765,0.026198497019953356,0.023140710028504794,0.011531484840632288,0.0002591344908007256,0.004508940139932625,2.5913449080072558e-05,0.0,0.0,0.0,0.0,0.0,0.0,0.0,0.0,0.0,0.0,0.0,0.0,0.0,0.0,0.0,0.0,0.0,0.0,0.0,0.0,0.0,0.0,0.0,0.0,0.0,0.0,0.0,0.0,0.0,0.0,0.0,0.0,0.0,0.0,0.0,0.0,0.0,0.0,0.0,0.0,0.0,0.0,0.0,0.0,0.0,0.0,0.0,0.0,nan,nan,4.288054334798242,2.8548108861375487,nan,0.9331708521524744,0.022650628481435744,0.0,0.0,0.0,0.0,0.0,0.0,0.0,0.0,0.0,0.0,0.0,0.0,0.0,0.0,0.0,0.0,0.0,0.0,0.0,0.0,0.0,0.0,0.0,0.0,0.0,0.030333670374115274,2.2901921132457033,12.603640040444898,12.96764408493428,2.1081900910010116,0.9326121251929129,0.022941199692143303,0.0,0.0,0.0,0.0,0.0,0.0,0.0,0.0,0.0,0.0,0.0,0.0,0.0,0.0,0.0,0.0,0.0,0.0,0.0,0.0,0.0,0.0,0.0,0.0,0.0,0.09569377990430623,2.2807017543859653,12.80701754385965,12.631578947368423,2.185007974481659,0.4004,0.0089,0.0,0.0,0.0,0.0,0.0,0.0,0.0,0.0,0.0,0.0,0.0,14.514661274014136,15.485338725985848,0.0,0.0,0.0,0.0,0.0,0.0,0.0,0.0,0.0,0.0,0.0,0.0,0.0,0.0,0.0,0.0,0.0,0.4006,0.008606,0.0,0.0,0.0,0.0,0.0,0.0,0.0,0.0,0.0,0.0,0.0,14.258373205741606,15.741626794258377,0.0,0.0,0.0,0.0,0.0,0.0,0.0,0.0,0.0,0.0,0.0,0.0,0.0,0.0,0.0,0.0,0.0
7300,3741,1936,0.5175086875167068,932,744,0.4480085538626036,1019,0.5447741245656241,0.418,2.883102493074792,3.0812033683694753,6.550102249488752,2.20105128947762,9524.553060678963,1614.009526405542,7853.0,11083.0,11083.0,0.0,7853.0,0.0,27.710505212510025,20.603352220773832,32.74672209785737,18.77997255940776,0.14220796578454958,0.099171344560278,0.09115209836941994,0.08233092755947607,0.08687516706762898,0.07671745522587543,0.06923282544774124,0.06201550387596899,0.06495589414595028,0.05025394279604384,0.045442395081529,0.03688853247794707,0.03528468323977546,0.02566158781074579,0.01871157444533547,0.0090884790163058,0.00400962309542903,0.9328223732791779,0.023545590377556946,0.0,0.0,0.0,0.0,0.0,0.0,0.0,0.0,0.0,0.0,0.0,0.0,0.0,0.0,0.0,0.0,0.0,0.0,0.0,0.0,0.0,0.0,0.0,0.0,0.0,0.0801924619085806,2.2774659182036894,13.007217321571774,12.261427425821974,2.373696872493986,4.221991701244813,2.8937071830684458,nan,nan,nan,4.098119378577269,2.839423673653559,4.349620893007582,2.9431438081558254,1.0613699824717227,0.4004,0.00858,0.0,0.0,0.0,0.0,0.0,0.0,0.0,0.0,0.0,0.0,0.0,14.37048917401762,15.629510825982361,0.0,0.0,0.0,0.0,0.0,0.0,0.0,0.0,0.0,0.0,0.0,0.0,0.0,0.0,0.0,0.0,0.0,nan,nan,4.221991701244813,2.8937071830684458,nan,0.4004,0.03976,0.0,0.0,0.0,0.0,0.0,0.0,0.0,0.0,0.0,0.0,0.0,0.0,0.0,0.0,0.0,0.0,0.0,0.0,0.0,0.0,0.0,0.0,0.0,0.0,0.0,0.0,0.002445870088211708,6.682705159048383e-05,2.673082063619353e-05,0.008540497193263833,0.0025795241913926757,0.005025394279604384,0.007364341085271318,0.01264367816091954,0.042127773322641004,0.0417268110130981,0.0347099705960973,0.09693932103715584,0.1314087142475274,0.0880245923549853,0.08724939855653568,0.09759422614274259,0.11027800053461641,0.059329056402031545,0.03656776263031275,0.033867949746057203,0.03362737236033146,0.02739909115209837,0.023282544774124565,0.012322908313285218,0.000227211975407645,0.004624431970061481,0.0,0.0,0.0,0.0,0.0,0.0,0.0,0.0,0.0,0.0,0.0,0.0,0.0,0.0,0.0,0.0,0.0,0.0,0.0,0.0,0.0,0.0,0.0,0.0,0.0,0.0,0.0,0.0,0.0,0.0,0.0,0.0,0.0,0.0,0.0,0.0,0.0,0.0,0.0,0.0,0.0,0.0,0.0,0.0,0.0,0.0,0.0,0.0,0.0,nan,nan,4.221991701244813,2.8937071830684458,nan,0.9323815461709972,0.023711262296761633,0.0,0.0,0.0,0.0,0.0,0.0,0.0,0.0,0.0,0.0,0.0,0.0,0.0,0.0,0.0,0.0,0.0,0.0,0.0,0.0,0.0,0.0,0.0,0.0,0.0,0.09297520661157026,2.3863636363636367,13.155991735537194,12.009297520661159,2.3553719008264467,0.9332951939337142,0.02335734344134821,0.0,0.0,0.0,0.0,0.0,0.0,0.0,0.0,0.0,0.0,0.0,0.0,0.0,0.0,0.0,0.0,0.0,0.0,0.0,0.0,0.0,0.0,0.0,0.0,0.0,0.06648199445983381,2.160664819944599,12.847645429362883,12.531855955678672,2.3933518005540173,0.4004,0.00866,0.0,0.0,0.0,0.0,0.0,0.0,0.0,0.0,0.0,0.0,0.0,14.643595041322293,15.35640495867769,0.0,0.0,0.0,0.0,0.0,0.0,0.0,0.0,0.0,0.0,0.0,0.0,0.0,0.0,0.0,0.0,0.0,0.4006,0.0085,0.0,0.0,0.0,0.0,0.0,0.0,0.0,0.0,0.0,0.0,0.0,14.077562326869787,15.922437673130197,0.0,0.0,0.0,0.0,0.0,0.0,0.0,0.0,0.0,0.0,0.0,0.0,0.0,0.0,0.0,0.0,0.0
7400,3727,1941,0.5207942044539844,910,743,0.44352025757982294,1022,0.5484303729541186,0.438,2.9473684210526314,3.125864058065656,6.684959349593496,2.1994865897545606,9535.165280386369,1613.6027469952512,7853.0,11083.0,11083.0,0.0,7853.0,0.0,28.46713174134693,21.164170554908388,33.331108992691455,19.43843797240395,0.13361953313657096,0.10008049369466059,0.09149449959753153,0.08425006707807889,0.08451837939361417,0.07217601287899114,0.07190770056345586,0.06198014488865039,0.05607727394687416,0.052320901529380195,0.04990609068956265,0.03595385028172793,0.039441910383686614,0.028441105446740004,0.01824523745639925,0.01046418030587604,0.009122618728199625,0.9317859950032348,0.023373025380558493,0.0,0.0,0.0,0.0,0.0,0.0,0.0,0.0,0.0,0.0,0.0,0.0,0.0,0.0,0.0,0.0,0.0,0.0,0.0,0.0,0.0,0.0,0.0,0.0,0.0,0.09659243359270192,2.414810839817548,13.273410249530457,12.106251676951974,2.1089348001073254,4.155720776538621,2.902682408764049,nan,nan,nan,4.21949221949222,2.902338305113112,4.094245204336947,2.9003968972756775,0.9703170408570287,0.4006,0.00888,0.0,0.0,0.0,0.0,0.0,0.0,0.0,0.0,0.0,0.0,0.0,14.191038368661102,15.808961631338882,0.0,0.0,0.0,0.0,0.0,0.0,0.0,0.0,0.0,0.0,0.0,0.0,0.0,0.0,0.0,0.0,0.0,nan,nan,4.155720776538621,2.902682408764049,nan,0.4006,0.0399,0.0,0.0,0.0,0.0,0.0,0.0,0.0,0.0,0.0,0.0,0.0,0.0,0.0,0.0,0.0,0.0,0.0,0.0,0.0,0.0,0.0,0.0,0.0,0.0,0.0,0.0,0.0026026294606922456,2.6831231553528306e-05,5.366246310705661e-05,0.008894553259994633,0.0028977730077810572,0.0041185940434665955,0.006748054735712369,0.012463107056613899,0.04338610142205527,0.04326536088006439,0.03310973973705393,0.0985376978803327,0.12385296485108667,0.09195063053394151,0.08702709954386906,0.10111349610947143,0.109954386906359,0.05827743493426348,0.03533673195599678,0.0350281727931312,0.03257311510598337,0.027019050174403005,0.023785886772202842,0.012771666219479474,0.0002012342366514623,0.004896699758518916,0.0,0.00010732492621411322,0.0,0.0,0.0,0.0,0.0,0.0,0.0,0.0,0.0,0.0,0.0,0.0,0.0,0.0,0.0,0.0,0.0,0.0,0.0,0.0,0.0,0.0,0.0,0.0,0.0,0.0,0.0,0.0,0.0,0.0,0.0,0.0,0.0,0.0,0.0,0.0,0.0,0.0,0.0,0.0,0.0,0.0,0.0,0.0,0.0,0.0,0.0,nan,nan,4.155720776538621,2.902682408764049,nan,0.9321873242372339,0.023639362099736643,0.0,0.0,0.0,0.0,0.0,0.0,0.0,0.0,0.0,0.0,0.0,0.0,0.0,0.0,0.0,0.0,0.0,0.0,0.0,0.0,0.0,0.0,0.0,0.0,0.0,0.13910355486862444,2.395672333848532,12.98299845440495,12.25656877897991,2.225656877897991,0.9313498359644934,0.023072174854787797,0.0,0.0,0.0,0.0,0.0,0.0,0.0,0.0,0.0,0.0,0.0,0.0,0.0,0.0,0.0,0.0,0.0,0.0,0.0,0.0,0.0,0.0,0.0,0.0,0.0,0.050391937290033606,2.4356103023516242,13.589025755879062,11.942889137737964,1.982082866741322,0.4004,0.00887,0.0,0.0,0.0,0.0,0.0,0.0,0.0,0.0,0.0,0.0,0.0,14.327666151468295,15.672333848531688,0.0,0.0,0.0,0.0,0.0,0.0,0.0,0.0,0.0,0.0,0.0,0.0,0.0,0.0,0.0,0.0,0.0,0.4006,0.00888,0.0,0.0,0.0,0.0,0.0,0.0,0.0,0.0,0.0,0.0,0.0,14.042553191489342,15.957446808510642,0.0,0.0,0.0,0.0,0.0,0.0,0.0,0.0,0.0,0.0,0.0,0.0,0.0,0.0,0.0,0.0,0.0
7500,4029,2073,0.5145197319434103,950,847,0.4460163812360387,1155,0.573343261355175,0.40199999999999997,3.0506134969325154,3.1647009233828016,6.78,2.0864846469164786,9514.898734177215,1614.3188993295516,7853.0,11083.0,11083.0,0.0,7853.0,0.0,28.06602134524696,20.894506494972422,32.88673139158576,19.19088081150004,0.13626209977661952,0.10101762223876892,0.09332340531149169,0.08488458674609084,0.08289898237776124,0.08140977910151402,0.06949615289153636,0.058078927773641105,0.058078927773641105,0.044676098287416234,0.04988830975428146,0.04244229337304542,0.03524447753785059,0.026061057334326135,0.0193596425912137,0.011665425663936461,0.0052122114668652275,0.9307298394875658,0.023429484877448618,0.0,0.0,0.0,0.0,0.0,0.0,0.0,0.0,0.0,0.0,0.0,0.0,0.0,0.0,0.0,0.0,0.0,0.0,0.0,0.0,0.0,0.0,0.0,0.0,0.0,0.06701414743112437,2.9113924050632916,13.365599404318694,11.861504095309012,1.7944899478778857,4.4214749713412305,2.9511442251964,nan,nan,nan,4.496593489780469,2.988273152684045,4.344907407407407,2.910817731835819,0.9662664453173713,0.4004,0.0089,0.0,0.0,0.0,0.0,0.0,0.0,0.0,0.0,0.0,0.0,0.007446016381236041,14.37825763216677,15.614296351451976,0.0,0.0,0.0,0.0,0.0,0.0,0.0,0.0,0.0,0.0,0.0,0.0,0.0,0.0,0.0,0.0,0.0,nan,nan,4.4214749713412305,2.9511442251964,nan,0.4004,0.03992,0.0,0.0,0.0,0.0,0.0,0.0,0.0,0.0,0.0,0.0,0.0,0.0,0.0,0.0,0.0,0.0,0.0,0.0,0.0,0.0,0.0,0.0,0.0,0.0,0.0,0.0,0.0036237279722015387,3.72300819061802e-05,0.00012410027302060066,0.009319930503847109,0.0022834450235790517,0.004480019856043683,0.0063663440059568135,0.011888806155373542,0.043174484983866966,0.043385455448001986,0.03217920079424175,0.09951600893521965,0.12513030528667163,0.09255398361876396,0.08346984363365599,0.09899478778853313,0.10984115165053362,0.06294365847604864,0.037614792752544056,0.03663440059568131,0.0308265078183172,0.025601886324149913,0.022884090344998758,0.011926036237279723,0.00011169024571854058,0.004455199801439563,3.72300819061802e-05,0.0005708612558947629,0.0,1.2410027302060064e-05,1.2410027302060064e-05,0.0,0.0,0.0,0.0,0.0,0.0,0.0,0.0,0.0,0.0,0.0,0.0,0.0,0.0,0.0,0.0,0.0,0.0,0.0,0.0,0.0,0.0,0.0,0.0,0.0,0.0,0.0,0.0,0.0,0.0,0.0,0.0,0.0,0.0,0.0,0.0,0.0,0.0,0.0,0.0,0.0,0.0,0.0,0.0,nan,nan,4.4214749713412305,2.9511442251964,nan,0.9310948742626373,0.023492268169292937,0.0,0.0,0.0,0.0,0.0,0.0,0.0,0.0,0.0,0.0,0.0,0.0,0.0,0.0,0.0,0.0,0.0,0.0,0.0,0.0,0.0,0.0,0.0,0.0,0.0,0.05788712011577425,2.706222865412446,13.863965267727934,11.316931982633866,2.054992764109986,0.9303429698103045,0.023356535670729463,0.0,0.0,0.0,0.0,0.0,0.0,0.0,0.0,0.0,0.0,0.0,0.0,0.0,0.0,0.0,0.0,0.0,0.0,0.0,0.0,0.0,0.0,0.0,0.0,0.0,0.0766871165644172,3.1288343558282214,12.83742331288344,12.438650306748468,1.5184049079754605,0.4001,0.008865,0.0,0.0,0.0,0.0,0.0,0.0,0.0,0.0,0.0,0.0,0.0,14.746743849493466,15.253256150506516,0.0,0.0,0.0,0.0,0.0,0.0,0.0,0.0,0.0,0.0,0.0,0.0,0.0,0.0,0.0,0.0,0.0,0.4006,0.00895,0.0,0.0,0.0,0.0,0.0,0.0,0.0,0.0,0.0,0.0,0.015337423312883439,13.987730061349673,15.996932515337427,0.0,0.0,0.0,0.0,0.0,0.0,0.0,0.0,0.0,0.0,0.0,0.0,0.0,0.0,0.0,0.0,0.0
7600,4089,2143,0.5240890193201272,1000,797,0.43947175348495965,1101,0.5385179750550256,0.41,3.0292908530318603,3.080900485462708,6.380281690140845,2.2804508893372017,9545.807532404011,1613.1246039600283,7853.0,11083.0,11083.0,0.0,7853.0,0.0,28.195402298850574,20.92556813333666,33.12550842533411,19.130699584114677,0.13817559305453656,0.09929078014184398,0.09415505013450721,0.08559550012227929,0.07752506725360724,0.0694546343849352,0.06676449009537784,0.06872095866960137,0.061628760088041086,0.05355832721936904,0.04964539007092199,0.04084128148691612,0.033504524333577895,0.025678650036683785,0.016629982880899976,0.011005135730007337,0.007825874296894107,0.9296244235486557,0.023372751983362177,0.0,0.0,0.0,0.0,0.0,0.0,0.0,0.0,0.0,0.0,0.0,0.0,0.0,0.0,0.0,0.0,0.0,0.0,0.0,0.0,0.0,0.0,0.0,0.0,0.0,0.11738811445341162,3.037417461482026,13.675715333822454,11.555392516507705,1.61408657373441,4.26211369706219,2.877037979474202,nan,nan,nan,4.40519877675841,2.9536745176485604,4.119573495811119,2.7913241392275303,0.9351617723916945,0.4,0.00889,0.0,0.0,0.0,0.0,0.0,0.0,0.0,0.0,0.0,0.0,0.007336757153338226,14.996331621423309,14.996331621423334,0.0,0.0,0.0,0.0,0.0,0.0,0.0,0.0,0.0,0.0,0.0,0.0,0.0,0.0,0.0,0.0,0.0,nan,nan,4.26211369706219,2.877037979474202,nan,0.4,0.04028,0.0,0.0,0.0,0.0,0.0,0.0,0.0,0.0,0.0,0.0,0.0,0.0,0.0,0.0,0.0,0.0,0.0,0.0,0.0,0.0,0.0,0.0,0.0,0.0,1.2227928588897041e-05,4.8911714355588165e-05,0.0034971875764245536,0.00013450721447786745,0.0001467351430667645,0.009598923942284177,0.002629004646612864,0.005258009293225728,0.007740278796771827,0.011934458302763512,0.042944485204206406,0.04718757642455368,0.03450721447786745,0.09973098557104426,0.12049400831499144,0.09043775984348251,0.08088774761555392,0.09642944485204206,0.11257031058938616,0.06379310344827586,0.037209586696013694,0.0371851308388359,0.03152359990217657,0.026057715822939594,0.02053069210075813,0.01168989973098557,0.000293470286133529,0.004402054292002935,6.113964294448521e-05,0.0009537784299339691,0.0,0.00011005135730007337,0.0,0.0,0.0,0.0,0.0,0.0,0.0,0.0,0.0,0.0,0.0,0.0,0.0,0.0,0.0,0.0,0.0,0.0,0.0,0.0,0.0,0.0,0.0,0.0,0.0,0.0,0.0,0.0,0.0,0.0,0.0,0.0,0.0,0.0,0.0,0.0,0.0,0.0,0.0,0.0,0.0,0.0,0.0,0.0,0.0,nan,nan,4.26211369706219,2.877037979474202,nan,0.9301347820156932,0.023045019847101972,0.0,0.0,0.0,0.0,0.0,0.0,0.0,0.0,0.0,0.0,0.0,0.0,0.0,0.0,0.0,0.0,0.0,0.0,0.0,0.0,0.0,0.0,0.0,0.0,0.0,0.1259916005599627,2.869808679421373,13.537097526831548,11.885207652823148,1.5818945403639761,0.9290623998102892,0.023715721531810688,0.0,0.0,0.0,0.0,0.0,0.0,0.0,0.0,0.0,0.0,0.0,0.0,0.0,0.0,0.0,0.0,0.0,0.0,0.0,0.0,0.0,0.0,0.0,0.0,0.0,0.10791366906474822,3.2219938335046256,13.828365878725595,11.192189105858173,1.649537512846866,0.4,0.00889,0.0,0.0,0.0,0.0,0.0,0.0,0.0,0.0,0.0,0.0,0.0,15.03499766682219,14.965002333177791,0.0,0.0,0.0,0.0,0.0,0.0,0.0,0.0,0.0,0.0,0.0,0.0,0.0,0.0,0.0,0.0,0.0,0.4,0.008896,0.0,0.0,0.0,0.0,0.0,0.0,0.0,0.0,0.0,0.0,0.015416238437821176,14.953751284686515,15.030832476875647,0.0,0.0,0.0,0.0,0.0,0.0,0.0,0.0,0.0,0.0,0.0,0.0,0.0,0.0,0.0,0.0,0.0
7700,4014,2068,0.5151968111609367,948,814,0.4389636273044345,1109,0.5525660189337319,0.426,3.0745118191161356,3.133234949182244,6.603174603174603,2.178828012761969,9517.085700049825,1614.2538815349396,7853.0,11083.0,11083.0,0.0,7853.0,0.0,28.182859990034878,21.0837522528633,33.198575244879784,19.299687356927535,0.14175386148480318,0.09940209267563528,0.09068261086198307,0.08495266567015446,0.07997010463378176,0.07299451918285998,0.07149975087194818,0.060787244643746886,0.057299451918286,0.05779770802192327,0.04060787244643747,0.04210264075734928,0.035625311410064774,0.025909317389138018,0.020677628300946688,0.012705530642750373,0.00523168908819133,0.9290770222342424,0.02360200658591905,0.0,0.0,0.0,0.0,0.0,0.0,0.0,0.0,0.0,0.0,0.0,0.0,0.0,0.0,0.0,0.0,0.0,0.0,0.0,0.0,0.0,0.0,0.0,0.0,0.0,0.15695067264573995,3.1539611360239173,13.69955156950673,11.315396113602393,1.6741405082212262,4.2711471610660485,2.851118020014673,nan,nan,nan,4.248847926267281,2.888263936207914,4.293706293706293,2.81286021897344,1.0105577719460581,0.3994,0.00845,0.0,0.0,0.0,0.0,0.0,0.0,0.0,0.0,0.0,0.0,0.0,15.769805680119559,14.230194319880422,0.0,0.0,0.0,0.0,0.0,0.0,0.0,0.0,0.0,0.0,0.0,0.0,0.0,0.0,0.0,0.0,0.0,nan,nan,4.2711471610660485,2.851118020014673,nan,0.3994,0.03958,0.0,0.0,0.0,0.0,0.0,0.0,0.0,0.0,0.0,0.0,0.0,0.0,0.0,0.0,0.0,0.0,0.0,0.0,0.0,0.0,0.0,0.0,0.0,0.0,0.0,8.719481813652217e-05,0.003861484803188839,7.473841554559044e-05,4.982561036372695e-05,0.009093173891380169,0.002379172894867962,0.004309915296462382,0.008183856502242152,0.012132536123567513,0.04223966118584953,0.04490533134030892,0.03680866965620329,0.10183109118086696,0.12101395117090184,0.09197807673143996,0.08895117090184355,0.09484304932735425,0.11187095166915795,0.06225710014947683,0.03649725959142999,0.038477827603388144,0.029982561036372694,0.024937717987045343,0.017239661185849527,0.0106751370204285,0.0001619332336821126,0.004235176880916791,7.473841554559044e-05,0.0008221225710014948,0.0,2.4912805181863476e-05,0.0,0.0,0.0,0.0,0.0,0.0,0.0,0.0,0.0,0.0,0.0,0.0,0.0,0.0,0.0,0.0,0.0,0.0,0.0,0.0,0.0,0.0,0.0,0.0,0.0,0.0,0.0,0.0,0.0,0.0,0.0,0.0,0.0,0.0,0.0,0.0,0.0,0.0,0.0,0.0,0.0,0.0,0.0,0.0,0.0,nan,nan,4.2711471610660485,2.851118020014673,nan,0.9284632711219142,0.023685491319961352,0.0,0.0,0.0,0.0,0.0,0.0,0.0,0.0,0.0,0.0,0.0,0.0,0.0,0.0,0.0,0.0,0.0,0.0,0.0,0.0,0.0,0.0,0.0,0.0,0.0,0.18858800773694395,3.1769825918762096,14.028046421663447,10.981624758220505,1.6247582205029019,0.9297292510627597,0.02349539794982003,0.0,0.0,0.0,0.0,0.0,0.0,0.0,0.0,0.0,0.0,0.0,0.0,0.0,0.0,0.0,0.0,0.0,0.0,0.0,0.0,0.0,0.0,0.0,0.0,0.0,0.1233299075025694,3.1294964028776984,13.350462487153138,11.670092497430629,1.7266187050359716,0.3994,0.00849,0.0,0.0,0.0,0.0,0.0,0.0,0.0,0.0,0.0,0.0,0.0,15.870406189555101,14.129593810444877,0.0,0.0,0.0,0.0,0.0,0.0,0.0,0.0,0.0,0.0,0.0,0.0,0.0,0.0,0.0,0.0,0.0,0.3994,0.00841,0.0,0.0,0.0,0.0,0.0,0.0,0.0,0.0,0.0,0.0,0.0,15.662898252826288,14.337101747173694,0.0,0.0,0.0,0.0,0.0,0.0,0.0,0.0,0.0,0.0,0.0,0.0,0.0,0.0,0.0,0.0,0.0
7800,4183,2153,0.514702366722448,969,861,0.43748505857040404,1182,0.5651446330384892,0.41,2.9807881773399014,3.1515302983060485,6.801431127012522,2.0724614210782275,9515.488644513507,1614.301653546285,7853.0,11083.0,11083.0,0.0,7853.0,0.0,27.89122639254124,21.076114625326035,32.88476896748431,19.372349360764765,0.14056896963901505,0.10518766435572556,0.0898876404494382,0.08964857757590246,0.08080325125508009,0.07171886206072196,0.06956729619890031,0.06239540999282812,0.05761415252211331,0.04637819746593354,0.04231412861582596,0.047095386086540764,0.03179536218025341,0.02510160172125269,0.021037532871145112,0.013626583791537174,0.005259383217786278,0.9282476407416324,0.022999294711380156,0.0,0.0,0.0,0.0,0.0,0.0,0.0,0.0,0.0,0.0,0.0,0.0,0.0,0.0,0.0,0.0,0.0,0.0,0.0,0.0,0.0,0.0,0.0,0.0,0.0,0.11475017929715518,3.363614630647861,13.870427922543632,11.281377002151567,1.3698302653597898,4.408988764044944,2.9170417695444493,nan,nan,nan,4.418535127055306,2.8993608296252975,4.3993993993994,2.9346638464279295,0.9956692145460753,0.3994,0.00858,0.0,0.0,0.0,0.0,0.0,0.0,0.0,0.0,0.0,0.0,0.007171886206072199,16.036337556777408,13.949318670810426,0.007171886206072199,0.0,0.0,0.0,0.0,0.0,0.0,0.0,0.0,0.0,0.0,0.0,0.0,0.0,0.0,0.0,0.0,nan,nan,4.408988764044944,2.9170417695444493,nan,0.3994,0.0395,0.0,0.0,0.0,0.0,0.0,0.0,0.0,0.0,0.0,0.0,0.0,0.0,0.0,0.0,0.0,0.0,0.0,0.0,0.0,0.0,0.0,0.0,1.1953143676786996e-05,0.0,0.0,9.562514941429597e-05,0.0032632082237628495,1.1953143676786996e-05,0.00010757829309108296,0.008809466889792015,0.0029046139134592396,0.004446569447764762,0.00895290461391346,0.012502988285919196,0.042075065742290224,0.04469280420750658,0.03450872579488405,0.10118336122400191,0.12296198900310781,0.09013865646665073,0.09239780062156347,0.09367678699497968,0.1124073631365049,0.06078173559646187,0.034269662921348316,0.040401625627540044,0.030635907243605067,0.026786994979679655,0.017606980635907245,0.009670093234520678,0.0003107817355964619,0.0036098493903896725,0.00010757829309108296,0.0006454697585464977,0.0,2.390628735357399e-05,0.0,0.0,0.0,0.0,0.0,0.0,0.0,0.0,0.0,0.0,0.0,0.0,0.0,0.0,0.0,0.0,0.0,0.0,0.0,0.0,0.0,0.0,0.0,0.0,0.0,0.0,0.0,0.0,0.0,0.0,0.0,0.0,0.0,0.0,0.0,0.0,0.0,0.0,0.0,0.0,0.0,0.0,0.0,0.0,0.0,nan,nan,4.408988764044944,2.9170417695444493,nan,0.9285955454270008,0.022996835441273226,0.0,0.0,0.0,0.0,0.0,0.0,0.0,0.0,0.0,0.0,0.0,0.0,0.0,0.0,0.0,0.0,0.0,0.0,0.0,0.0,0.0,0.0,0.0,0.0,0.0,0.11147236414305622,3.1630283325592203,14.073385973060848,11.216906641895031,1.435206688341849,0.9278786561171997,0.02299615200153526,0.0,0.0,0.0,0.0,0.0,0.0,0.0,0.0,0.0,0.0,0.0,0.0,0.0,0.0,0.0,0.0,0.0,0.0,0.0,0.0,0.0,0.0,0.0,0.0,0.0,0.1182266009852217,3.5763546798029564,13.655172413793107,11.349753694581283,1.3004926108374386,0.3997,0.0087,0.0,0.0,0.0,0.0,0.0,0.0,0.0,0.0,0.0,0.0,0.013934045517882028,15.870877844867604,14.115188109614495,0.0,0.0,0.0,0.0,0.0,0.0,0.0,0.0,0.0,0.0,0.0,0.0,0.0,0.0,0.0,0.0,0.0,0.3994,0.00846,0.0,0.0,0.0,0.0,0.0,0.0,0.0,0.0,0.0,0.0,0.0,16.2118226600985,13.77339901477833,0.014778325123152712,0.0,0.0,0.0,0.0,0.0,0.0,0.0,0.0,0.0,0.0,0.0,0.0,0.0,0.0,0.0,0.0
7900,4177,2219,0.5312425185539861,1065,797,0.44577447929135744,1152,0.5515920517117548,0.422,3.138917262512768,3.1369990884926215,6.642504118616145,2.134452382898124,9568.913334929375,1611.8441298194537,7853.0,11083.0,11083.0,0.0,7853.0,0.0,28.64950921714149,20.991447358870438,33.318424753867795,19.255813911367248,0.1302370122097199,0.0962413215226239,0.09983241560928896,0.08139813263107494,0.07852525736174287,0.07589178836485516,0.07014603782619104,0.060090974383528846,0.060090974383528846,0.05649988029686378,0.04644481685420158,0.043571941584869524,0.03567153459420637,0.02801053387598755,0.018673689250658366,0.013646157529327269,0.005027531721331099,0.9284279407683188,0.02319330542673132,0.0,0.0,0.0,0.0,0.0,0.0,0.0,0.0,0.0,0.0,0.0,0.0,0.0,0.0,0.0,0.0,0.0,0.0,0.0,0.0,0.0,0.0,0.0,0.0,0.0,0.1723725161599234,2.959061527412019,14.53674886282021,10.773282259995213,1.558534833612641,4.320602276900478,2.9204858642929654,nan,nan,nan,4.35844915874177,2.9465315570499078,4.2797047970479705,2.8927944433459154,0.9819329401753232,0.4,0.00886,0.0,0.0,0.0,0.0,0.0,0.0,0.0,0.0,0.0,0.0,0.0,15.427340196313121,14.57265980368686,0.0,0.0,0.0,0.0,0.0,0.0,0.0,0.0,0.0,0.0,0.0,0.0,0.0,0.0,0.0,0.0,0.0,nan,nan,4.320602276900478,2.9204858642929654,nan,0.4,0.0393,0.0,0.0,0.0,0.0,0.0,0.0,0.0,0.0,0.0,0.0,0.0,0.0,0.0,0.0,0.0,0.0,0.0,0.0,0.0,0.0,0.0,0.0,0.0,0.0,0.0,4.7881254488867606e-05,0.002932726837443141,8.379219535551832e-05,0.00026334689968877186,0.009576250897773522,0.0029806080919320085,0.003926262868087144,0.009241082116351449,0.011383768254728274,0.0399449365573378,0.04314101029446971,0.03579123773042854,0.09820445295666747,0.12587981805123294,0.09230308834091454,0.08962173808953794,0.0925664352406033,0.11335887000239406,0.061299976059372756,0.0356236533397175,0.041560928896337085,0.03216423270289682,0.028130237012209718,0.017057696911659086,0.009013646157529327,0.00020349533157768733,0.0031242518553986115,0.00010773282259995212,0.00044290160402202537,0.0,2.3940627244433803e-05,0.0,0.0,0.0,0.0,0.0,0.0,0.0,0.0,0.0,0.0,0.0,0.0,0.0,0.0,0.0,0.0,0.0,0.0,0.0,0.0,0.0,0.0,0.0,0.0,0.0,0.0,0.0,0.0,0.0,0.0,0.0,0.0,0.0,0.0,0.0,0.0,0.0,0.0,0.0,0.0,0.0,0.0,0.0,0.0,0.0,nan,nan,4.320602276900478,2.9204858642929654,nan,0.9286145417740775,0.023035013425503785,0.0,0.0,0.0,0.0,0.0,0.0,0.0,0.0,0.0,0.0,0.0,0.0,0.0,0.0,0.0,0.0,0.0,0.0,0.0,0.0,0.0,0.0,0.0,0.0,0.0,0.17575484452456067,2.987832356917531,14.371338440739075,10.923839567372692,1.5412347904461474,0.928216465981915,0.023369600638258308,0.0,0.0,0.0,0.0,0.0,0.0,0.0,0.0,0.0,0.0,0.0,0.0,0.0,0.0,0.0,0.0,0.0,0.0,0.0,0.0,0.0,0.0,0.0,0.0,0.0,0.16853932584269665,2.9264555669050054,14.724208375893772,10.6026557711951,1.5781409601634326,0.4,0.00882,0.0,0.0,0.0,0.0,0.0,0.0,0.0,0.0,0.0,0.0,0.0,15.452906714736345,14.547093285263635,0.0,0.0,0.0,0.0,0.0,0.0,0.0,0.0,0.0,0.0,0.0,0.0,0.0,0.0,0.0,0.0,0.0,0.3997,0.008896,0.0,0.0,0.0,0.0,0.0,0.0,0.0,0.0,0.0,0.0,0.0,15.398365679264533,14.601634320735448,0.0,0.0,0.0,0.0,0.0,0.0,0.0,0.0,0.0,0.0,0.0,0.0,0.0,0.0,0.0,0.0,0.0
8000,4275,2176,0.5090058479532164,1010,913,0.4498245614035088,1198,0.5604678362573099,0.422,2.916626965221534,3.1422075336190685,6.862857142857143,2.1691015099677142,9497.08888888889,1614.7380086389278,7853.0,11083.0,11083.0,0.0,7853.0,0.0,27.111812865497075,20.421136587382602,32.019574944071586,18.72499548057994,0.144093567251462,0.09730994152046783,0.10105263157894737,0.08842105263157894,0.08233918128654971,0.08023391812865498,0.0687719298245614,0.06198830409356725,0.05754385964912281,0.048654970760233916,0.047719298245614036,0.039064327485380114,0.030877192982456142,0.02128654970760234,0.01590643274853801,0.008421052631578947,0.00631578947368421,0.9299044154122559,0.023707122579836808,0.0,0.0,0.0,0.0,0.0,0.0,0.0,0.0,0.0,0.0,0.0,0.0,0.0,0.0,0.0,0.0,0.0,0.0,0.0,0.0,0.0,0.0,0.0,0.0,0.0,0.07719298245614037,3.192982456140352,13.592982456140355,11.207017543859651,1.9298245614035092,4.380934718100891,2.9444523633052517,nan,nan,nan,4.440884820747521,2.963439640541618,4.327312138728324,2.92397993689347,0.9744256636676112,0.3997,0.00864,0.0,0.0,0.0,0.0,0.0,0.0,0.0,0.0,0.0,0.0,0.0,15.277192982456118,14.722807017543863,0.0,0.0,0.0,0.0,0.0,0.0,0.0,0.0,0.0,0.0,0.0,0.0,0.0,0.0,0.0,0.0,0.0,nan,nan,4.380934718100891,2.9444523633052517,nan,0.3997,0.03937,0.0,0.0,0.0,0.0,0.0,0.0,0.0,0.0,0.0,0.0,0.0,0.0,0.0,0.0,0.0,0.0,0.0,0.0,0.0,0.0,0.0,0.0,0.0,1.1695906432748539e-05,0.0,0.0,0.0025964912280701754,8.187134502923976e-05,0.00018713450292397662,0.01054970760233918,0.0033801169590643274,0.003871345029239766,0.009649122807017544,0.010912280701754385,0.04127485380116959,0.04098245614035088,0.0364327485380117,0.09542690058479532,0.12667836257309942,0.09360233918128655,0.09031578947368421,0.09435087719298246,0.11252631578947368,0.0587953216374269,0.03657309941520468,0.042596491228070174,0.02967251461988304,0.02994152046783626,0.01712280701754386,0.00864327485380117,0.0002690058479532164,0.0031929824561403508,2.3391812865497078e-05,0.0003391812865497076,0.0,0.0,0.0,0.0,0.0,0.0,0.0,0.0,0.0,0.0,0.0,0.0,0.0,0.0,0.0,0.0,0.0,0.0,0.0,0.0,0.0,0.0,0.0,0.0,0.0,0.0,0.0,0.0,0.0,0.0,0.0,0.0,0.0,0.0,0.0,0.0,0.0,0.0,0.0,0.0,0.0,0.0,0.0,0.0,0.0,0.0,0.0,nan,nan,4.380934718100891,2.9444523633052517,nan,0.9296879164655419,0.023503593666030043,0.0,0.0,0.0,0.0,0.0,0.0,0.0,0.0,0.0,0.0,0.0,0.0,0.0,0.0,0.0,0.0,0.0,0.0,0.0,0.0,0.0,0.0,0.0,0.0,0.0,0.027573529411764712,3.1985294117647065,13.86948529411765,11.084558823529413,1.819852941176471,0.930128856435624,0.023914220253350615,0.0,0.0,0.0,0.0,0.0,0.0,0.0,0.0,0.0,0.0,0.0,0.0,0.0,0.0,0.0,0.0,0.0,0.0,0.0,0.0,0.0,0.0,0.0,0.0,0.0,0.1286326822296332,3.187232015245356,13.306336350643166,11.333968556455456,2.043830395426394,0.3997,0.00864,0.0,0.0,0.0,0.0,0.0,0.0,0.0,0.0,0.0,0.0,0.0,15.358455882352917,14.641544117647062,0.0,0.0,0.0,0.0,0.0,0.0,0.0,0.0,0.0,0.0,0.0,0.0,0.0,0.0,0.0,0.0,0.0,0.3997,0.00864,0.0,0.0,0.0,0.0,0.0,0.0,0.0,0.0,0.0,0.0,0.0,15.192949023344427,14.807050976655553,0.0,0.0,0.0,0.0,0.0,0.0,0.0,0.0,0.0,0.0,0.0,0.0,0.0,0.0,0.0,0.0,0.0
8100,4561,2339,0.5128261346196009,1071,973,0.44814733611050206,1293,0.5669809252356939,0.39799999999999996,2.916291629162916,3.1191772210014834,6.719931271477663,2.102750938010463,9509.428414821312,1614.4685461307051,7853.0,11083.0,11083.0,0.0,7853.0,0.0,27.028064021048017,20.46073350084314,32.08063241106719,18.721939575560512,0.14667836000877002,0.10414382810787108,0.09252356939267704,0.08989256741942557,0.08375356281517211,0.07322955492216619,0.06796755097566323,0.06511729883797412,0.05744354308265731,0.05218153913615435,0.048454286340714754,0.037272527954395965,0.03025652269239202,0.021486516114887087,0.014689761017320764,0.00920850690638018,0.005700504275378207,0.9309265628845852,0.023081390142136463,0.0,0.0,0.0,0.0,0.0,0.0,0.0,0.0,0.0,0.0,0.0,0.0,0.0,0.0,0.0,0.0,0.0,0.0,0.0,0.0,0.0,0.0,0.0,0.0,0.0,0.11181758386318792,2.6441569831177376,13.635167726375798,11.760578820434118,1.848278886209165,4.350296270477518,2.9098786234833574,nan,nan,nan,4.392932862190813,2.9069831031977063,4.3088033012379645,2.9120944165940585,0.9808488853365057,0.3997,0.0084,0.0,0.0,0.0,0.0,0.0,0.0,0.0,0.0,0.0,0.0,0.0,15.503179127384323,14.496820872615658,0.0,0.0,0.0,0.0,0.0,0.0,0.0,0.0,0.0,0.0,0.0,0.0,0.0,0.0,0.0,0.0,0.0,nan,nan,4.350296270477518,2.9098786234833574,nan,0.3997,0.03897,0.0,0.0,0.0,0.0,0.0,0.0,0.0,0.0,0.0,0.0,0.0,0.0,0.0,0.0,0.0,0.0,0.0,0.0,0.0,0.0,0.0,0.0,0.0,0.0,0.0,0.0,0.0018088138566103925,5.4812541109405835e-05,5.4812541109405835e-05,0.009537382153036615,0.003014689761017321,0.0035299276474457355,0.00929620697215523,0.01089673317254988,0.043104582328436745,0.04127384345538259,0.03766717825038369,0.09531900898925674,0.12605788204341153,0.09320324490243367,0.094003508002631,0.09381714536285903,0.11399912299934226,0.05655557991668494,0.037108090331067746,0.042238544178908134,0.02810787108090331,0.02895198421398816,0.017781188335891252,0.008068406051304539,0.0003617627713220785,0.0038478403858802895,2.1925016443762334e-05,0.00031791273843455385,0.0,0.0,0.0,0.0,0.0,0.0,0.0,0.0,0.0,0.0,0.0,0.0,0.0,0.0,0.0,0.0,0.0,0.0,0.0,0.0,0.0,0.0,0.0,0.0,0.0,0.0,0.0,0.0,0.0,0.0,0.0,0.0,0.0,0.0,0.0,0.0,0.0,0.0,0.0,0.0,0.0,0.0,0.0,0.0,0.0,0.0,0.0,nan,nan,4.350296270477518,2.9098786234833574,nan,0.9311132758741146,0.02343658246461461,0.0,0.0,0.0,0.0,0.0,0.0,0.0,0.0,0.0,0.0,0.0,0.0,0.0,0.0,0.0,0.0,0.0,0.0,0.0,0.0,0.0,0.0,0.0,0.0,0.0,0.14108593415989742,2.770414707139804,13.185121846943142,11.9281744335186,1.975203078238564,0.9307300184730148,0.022699832669810585,0.0,0.0,0.0,0.0,0.0,0.0,0.0,0.0,0.0,0.0,0.0,0.0,0.0,0.0,0.0,0.0,0.0,0.0,0.0,0.0,0.0,0.0,0.0,0.0,0.0,0.08100810081008102,2.5112511251125116,14.108910891089112,11.584158415841587,1.7146714671467151,0.4,0.00831,0.0,0.0,0.0,0.0,0.0,0.0,0.0,0.0,0.0,0.0,0.0,15.532278751603227,14.467721248396753,0.0,0.0,0.0,0.0,0.0,0.0,0.0,0.0,0.0,0.0,0.0,0.0,0.0,0.0,0.0,0.0,0.0,0.3997,0.0085,0.0,0.0,0.0,0.0,0.0,0.0,0.0,0.0,0.0,0.0,0.0,15.47254725472545,14.52745274527453,0.0,0.0,0.0,0.0,0.0,0.0,0.0,0.0,0.0,0.0,0.0,0.0,0.0,0.0,0.0,0.0,0.0
8200,4691,2448,0.5218503517373694,1169,936,0.44873161372841613,1324,0.5644851843956512,0.414,3.055283102987071,3.118491073956408,6.523031203566122,2.185285458568399,9538.576636111704,1613.4571387040799,7853.0,11083.0,11083.0,0.0,7853.0,0.0,28.260925175868685,20.91538019931374,33.10684516291993,19.163946192502465,0.13493924536346194,0.1010445534001279,0.09123854188872309,0.08164570454060968,0.08399062033681517,0.07652952462161586,0.06928160306970794,0.06480494564058836,0.06160733319121722,0.05286719249626945,0.04519292261777873,0.03666595608612236,0.03709230441270518,0.026646770411426136,0.016627584736729907,0.013216798124067362,0.006608399062033681,0.9309614744173187,0.023277583458029997,0.0,0.0,0.0,0.0,0.0,0.0,0.0,0.0,0.0,0.0,0.0,0.0,0.0,0.0,0.0,0.0,0.0,0.0,0.0,0.0,0.0,0.0,0.0,0.0,0.0,0.07034747388616501,2.634832658281817,13.826476231080797,11.600937966318485,1.867405670432744,4.310797505743354,2.880435160783499,nan,nan,nan,4.3532934131736525,2.83517037987209,4.269430051813472,2.9232316184059353,0.9807356515169873,0.3997,0.008934,0.0,0.0,0.0,0.0,0.0,0.0,0.0,0.0,0.0,0.0,0.0,15.585163078234896,14.414836921765085,0.0,0.0,0.0,0.0,0.0,0.0,0.0,0.0,0.0,0.0,0.0,0.0,0.0,0.0,0.0,0.0,0.0,nan,nan,4.310797505743354,2.880435160783499,nan,0.3997,0.03918,0.0,0.0,0.0,0.0,0.0,0.0,0.0,0.0,0.0,0.0,0.0,0.0,0.0,0.0,0.0,0.0,0.0,0.0,0.0,0.0,0.0,0.0,0.0,0.0,0.0,4.2634832658281814e-05,0.002462161586015775,0.0,3.197612449371136e-05,0.009976550842037945,0.0033894691963334044,0.0034214453208271157,0.008804092943935195,0.011436793860584098,0.043114474525687486,0.04122788318055852,0.037646557237262845,0.093722020891068,0.12685994457471755,0.0910147090172671,0.09274141973992753,0.09458537625239821,0.11508207205286719,0.056043487529311445,0.03833937326795992,0.04200596887657216,0.03008953314858239,0.02908761458111277,0.016041355787678534,0.00798337241526327,0.0004476657429119591,0.003869111063739075,0.0,0.0005329354082285227,0.0,0.0,0.0,0.0,0.0,0.0,0.0,0.0,0.0,0.0,0.0,0.0,0.0,0.0,0.0,0.0,0.0,0.0,0.0,0.0,0.0,0.0,0.0,0.0,0.0,0.0,0.0,0.0,0.0,0.0,0.0,0.0,0.0,0.0,0.0,0.0,0.0,0.0,0.0,0.0,0.0,0.0,0.0,0.0,0.0,0.0,0.0,nan,nan,4.310797505743354,2.880435160783499,nan,0.931327455354477,0.023502160012458116,0.0,0.0,0.0,0.0,0.0,0.0,0.0,0.0,0.0,0.0,0.0,0.0,0.0,0.0,0.0,0.0,0.0,0.0,0.0,0.0,0.0,0.0,0.0,0.0,0.0,0.11029411764705885,2.6838235294117654,13.419117647058826,11.801470588235297,1.985294117647059,0.9305620444867955,0.02302334386862242,0.0,0.0,0.0,0.0,0.0,0.0,0.0,0.0,0.0,0.0,0.0,0.0,0.0,0.0,0.0,0.0,0.0,0.0,0.0,0.0,0.0,0.0,0.0,0.0,0.0,0.02674988854213108,2.5813642443156493,14.271065537226931,11.382077574676776,1.7387427552385202,0.3997,0.00898,0.0,0.0,0.0,0.0,0.0,0.0,0.0,0.0,0.0,0.0,0.0,15.55147058823527,14.448529411764708,0.0,0.0,0.0,0.0,0.0,0.0,0.0,0.0,0.0,0.0,0.0,0.0,0.0,0.0,0.0,0.0,0.0,0.4,0.00889,0.0,0.0,0.0,0.0,0.0,0.0,0.0,0.0,0.0,0.0,0.0,15.621934908604524,14.378065091395456,0.0,0.0,0.0,0.0,0.0,0.0,0.0,0.0,0.0,0.0,0.0,0.0,0.0,0.0,0.0,0.0,0.0
8300,5011,2615,0.5218519257633207,1242,1029,0.45320295350229495,1409,0.5623628018359609,0.38599999999999995,2.9874791318864773,3.1163862503307684,6.66965620328849,2.053104405392499,9538.581720215527,1613.456916304683,7853.0,11083.0,11083.0,0.0,7853.0,0.0,28.033925364198762,20.676399996146714,32.66611803432871,19.007515731142572,0.13031331071642388,0.10017960486928756,0.09678706844941129,0.08840550788265815,0.08441428856515666,0.07563360606665337,0.066653362602275,0.06565555777289962,0.057273997206146475,0.05607663141089603,0.04769507084414289,0.039912193175014966,0.0325284374376372,0.022949511075633606,0.01696268209938136,0.010776292157254041,0.0077828776691279185,0.9307493706754381,0.023291521139695633,0.0,0.0,0.0,0.0,0.0,0.0,0.0,0.0,0.0,0.0,0.0,0.0,0.0,0.0,0.0,0.0,0.0,0.0,0.0,0.0,0.0,0.0,0.0,0.0,0.0,0.12572340850129718,2.4486130512871687,14.04510077828777,11.4587906605468,1.921772101376971,4.245137388082742,2.92804312261589,nan,nan,nan,4.098420413122722,2.921622567744863,4.396735718769617,2.926947232876121,1.0727878732722782,0.4,0.00877,0.0,0.0,0.0,0.0,0.0,0.0,0.0,0.0,0.0,0.0,0.0,15.212532428656932,14.781480742366796,0.005986828976252246,0.0,0.0,0.0,0.0,0.0,0.0,0.0,0.0,0.0,0.0,0.0,0.0,0.0,0.0,0.0,0.0,nan,nan,4.245137388082742,2.92804312261589,nan,0.4,0.03918,0.0,0.0,0.0,0.0,0.0,0.0,0.0,0.0,0.0,0.0,0.0,0.0,0.0,0.0,0.0,0.0,0.0,0.0,0.0,0.0,0.0,0.0,0.0,0.0,0.0,0.00014967072440630612,0.0027639193773697866,2.9934144881261226e-05,9.978048293753741e-06,0.010606665336260227,0.003003392536419876,0.0033326681301137496,0.008571143484334465,0.011025743364597884,0.04376371981640391,0.04007184194771503,0.037317900618638995,0.09183795649570944,0.12447615246457792,0.09194771502694073,0.09477150269407304,0.09710636599481141,0.11565555777289963,0.05723408501297146,0.03726801037717022,0.04129914188784674,0.030173618040311316,0.027878666932747955,0.015645579724605868,0.009409299541009778,0.0004789463181001796,0.0037717022550389145,0.0,0.0003991219317501497,0.0,0.0,0.0,0.0,0.0,0.0,0.0,0.0,0.0,0.0,0.0,0.0,0.0,0.0,0.0,0.0,0.0,0.0,0.0,0.0,0.0,0.0,0.0,0.0,0.0,0.0,0.0,0.0,0.0,0.0,0.0,0.0,0.0,0.0,0.0,0.0,0.0,0.0,0.0,0.0,0.0,0.0,0.0,0.0,0.0,0.0,0.0,nan,nan,4.245137388082742,2.92804312261589,nan,0.930544938981875,0.02356163707470875,0.0,0.0,0.0,0.0,0.0,0.0,0.0,0.0,0.0,0.0,0.0,0.0,0.0,0.0,0.0,0.0,0.0,0.0,0.0,0.0,0.0,0.0,0.0,0.0,0.0,0.1376673040152964,2.5124282982791595,14.145315487571704,11.128107074569792,2.0764818355640537,0.9309724879035965,0.022991020215198495,0.0,0.0,0.0,0.0,0.0,0.0,0.0,0.0,0.0,0.0,0.0,0.0,0.0,0.0,0.0,0.0,0.0,0.0,0.0,0.0,0.0,0.0,0.0,0.0,0.0,0.11268781302170286,2.3789649415692824,13.935726210350587,11.819699499165278,1.7529215358931556,0.4,0.008934,0.0,0.0,0.0,0.0,0.0,0.0,0.0,0.0,0.0,0.0,0.0,15.177820267686402,14.810707456978971,0.011472275334608033,0.0,0.0,0.0,0.0,0.0,0.0,0.0,0.0,0.0,0.0,0.0,0.0,0.0,0.0,0.0,0.0,0.3997,0.008606,0.0,0.0,0.0,0.0,0.0,0.0,0.0,0.0,0.0,0.0,0.0,15.25041736227043,14.749582637729553,0.0,0.0,0.0,0.0,0.0,0.0,0.0,0.0,0.0,0.0,0.0,0.0,0.0,0.0,0.0,0.0,0.0
8400,4755,2475,0.5205047318611987,1211,962,0.45699263932702416,1356,0.5703470031545741,0.40599999999999997,2.998684210526316,3.162762786573893,6.659021406727828,2.2322907467744932,9534.230283911673,1613.6413943292914,7853.0,11083.0,11083.0,0.0,7853.0,0.0,28.68727655099895,21.133435070084552,33.722430607651916,19.26087276835017,0.13648790746582545,0.09568874868559411,0.08496319663512092,0.0900105152471083,0.0786540483701367,0.07549947423764458,0.06519453207150368,0.06750788643533123,0.060357518401682436,0.05699263932702418,0.04206098843322818,0.04290220820189274,0.03470031545741325,0.03007360672975815,0.021871713985278655,0.010725552050473186,0.006309148264984227,0.9311937701564231,0.023140487926515785,0.0,0.0,0.0,0.0,0.0,0.0,0.0,0.0,0.0,0.0,0.0,0.0,0.0,0.0,0.0,0.0,0.0,0.0,0.0,0.0,0.0,0.0,0.0,0.0,0.0,0.09463722397476343,2.4984227129337544,13.48895899053628,11.962145110410098,1.9558359621451107,4.199746353836399,2.9727231631590256,nan,nan,nan,4.263994910941475,2.955075216787176,4.137887413029728,2.9886926421128193,0.9704250355486697,0.4,0.00877,0.0,0.0,0.0,0.0,0.0,0.0,0.0,0.0,0.0,0.0,0.0,15.05993690851733,14.940063091482653,0.0,0.0,0.0,0.0,0.0,0.0,0.0,0.0,0.0,0.0,0.0,0.0,0.0,0.0,0.0,0.0,0.0,nan,nan,4.199746353836399,2.9727231631590256,nan,0.4,0.03928,0.0,0.0,0.0,0.0,0.0,0.0,0.0,0.0,0.0,0.0,0.0,0.0,0.0,0.0,0.0,0.0,0.0,0.0,0.0,0.0,0.0,0.0,2.1030494216614092e-05,0.0,0.0,9.46372239747634e-05,0.0019348054679284962,3.154574132492114e-05,6.309148264984228e-05,0.011882229232386961,0.0031966351209253415,0.0033123028391167193,0.008044164037854889,0.00992639327024185,0.04412197686645636,0.04086225026288118,0.035888538380651945,0.09389064143007361,0.12044164037854889,0.09427970557308096,0.0955415352260778,0.09425867507886436,0.1168559411146162,0.057423764458464775,0.03774973711882229,0.042870662460567824,0.027444794952681387,0.02879074658254469,0.0153732912723449,0.010609884332281808,0.0003785488958990536,0.004458464773922187,3.154574132492114e-05,0.00022082018927444794,0.0,0.0,0.0,0.0,0.0,0.0,0.0,0.0,0.0,0.0,0.0,0.0,0.0,0.0,0.0,0.0,0.0,0.0,0.0,0.0,0.0,0.0,0.0,0.0,0.0,0.0,0.0,0.0,0.0,0.0,0.0,0.0,0.0,0.0,0.0,0.0,0.0,0.0,0.0,0.0,0.0,0.0,0.0,0.0,0.0,0.0,0.0,nan,nan,4.199746353836399,2.9727231631590256,nan,0.931406086141413,0.023343745795008374,0.0,0.0,0.0,0.0,0.0,0.0,0.0,0.0,0.0,0.0,0.0,0.0,0.0,0.0,0.0,0.0,0.0,0.0,0.0,0.0,0.0,0.0,0.0,0.0,0.0,0.10909090909090911,2.5696969696969703,13.272727272727275,12.000000000000004,2.048484848484849,0.9309632955674539,0.02291557911382983,0.0,0.0,0.0,0.0,0.0,0.0,0.0,0.0,0.0,0.0,0.0,0.0,0.0,0.0,0.0,0.0,0.0,0.0,0.0,0.0,0.0,0.0,0.0,0.0,0.0,0.07894736842105264,2.421052631578948,13.723684210526319,11.92105263157895,1.8552631578947372,0.4,0.00872,0.0,0.0,0.0,0.0,0.0,0.0,0.0,0.0,0.0,0.0,0.0,15.224242424242403,14.775757575757579,0.0,0.0,0.0,0.0,0.0,0.0,0.0,0.0,0.0,0.0,0.0,0.0,0.0,0.0,0.0,0.0,0.0,0.4001,0.00884,0.0,0.0,0.0,0.0,0.0,0.0,0.0,0.0,0.0,0.0,0.0,14.881578947368398,15.118421052631582,0.0,0.0,0.0,0.0,0.0,0.0,0.0,0.0,0.0,0.0,0.0,0.0,0.0,0.0,0.0,0.0,0.0
8500,4745,2434,0.5129610115911486,1176,966,0.45142255005268705,1341,0.5652265542676501,0.38999999999999996,2.9480744266551278,3.0240467763833427,6.344117647058823,2.093925552987328,9509.86406743941,1614.4573081557246,7853.0,11083.0,11083.0,0.0,7853.0,0.0,28.698840885142253,21.105638475870744,33.717685370741485,19.23906158924796,0.13719704952581666,0.09062170706006323,0.09146469968387777,0.0815595363540569,0.08113804004214963,0.07839831401475238,0.0737618545837724,0.06301369863013699,0.05732349841938883,0.05079030558482613,0.047839831401475234,0.043835616438356165,0.03962065331928346,0.02571127502634352,0.017070600632244467,0.010748155953635406,0.009905163329820865,0.9307492489558502,0.02301515605507452,0.0,0.0,0.0,0.0,0.0,0.0,0.0,0.0,0.0,0.0,0.0,0.0,0.0,0.0,0.0,0.0,0.0,0.0,0.0,0.0,0.0,0.0,0.0,0.0,0.0,0.08219178082191783,2.655426765015807,13.71338250790306,11.804004214963122,1.7449947312961016,4.164112388250319,2.820041293437385,nan,nan,nan,4.18594249201278,2.8617663321493985,4.142310146777281,2.7775727809470605,0.989576458511135,0.4001,0.008865,0.0,0.0,0.0,0.0,0.0,0.0,0.0,0.0,0.0,0.0,0.0,14.630136986301348,15.363540569020024,0.006322444678609064,0.0,0.0,0.0,0.0,0.0,0.0,0.0,0.0,0.0,0.0,0.0,0.0,0.0,0.0,0.0,0.0,nan,nan,4.164112388250319,2.820041293437385,nan,0.4001,0.0394,0.0,0.0,0.0,0.0,0.0,0.0,0.0,0.0,0.0,0.0,0.0,0.0,0.0,0.0,0.0,0.0,0.0,0.0,0.0,0.0,0.0,0.0,0.0,0.0,0.0,1.053740779768177e-05,0.0022866174920969443,1.053740779768177e-05,2.107481559536354e-05,0.01291886195995785,0.0035511064278187566,0.0032876712328767125,0.008429926238145416,0.009715489989462592,0.04148577449947313,0.0394204425711275,0.03494204425711275,0.09175974710221285,0.12474183350895679,0.09339304531085353,0.09551106427818756,0.09574288724973656,0.11702845100105375,0.057270811380400424,0.039768177028451,0.04195995785036881,0.025584826132771337,0.03053740779768177,0.014109589041095891,0.010821917808219178,0.0006954689146469968,0.004805057955742887,8.429926238145416e-05,0.00010537407797681771,0.0,0.0,0.0,0.0,0.0,0.0,0.0,0.0,0.0,0.0,0.0,0.0,0.0,0.0,0.0,0.0,0.0,0.0,0.0,0.0,0.0,0.0,0.0,0.0,0.0,0.0,0.0,0.0,0.0,0.0,0.0,0.0,0.0,0.0,0.0,0.0,0.0,0.0,0.0,0.0,0.0,0.0,0.0,0.0,0.0,0.0,0.0,nan,nan,4.164112388250319,2.820041293437385,nan,0.9302625141872573,0.023281139367995248,0.0,0.0,0.0,0.0,0.0,0.0,0.0,0.0,0.0,0.0,0.0,0.0,0.0,0.0,0.0,0.0,0.0,0.0,0.0,0.0,0.0,0.0,0.0,0.0,0.0,0.12325390304026297,2.649958915365654,14.100246507806084,11.327033689400167,1.7995069843878393,0.9312618895559175,0.022720379547514446,0.0,0.0,0.0,0.0,0.0,0.0,0.0,0.0,0.0,0.0,0.0,0.0,0.0,0.0,0.0,0.0,0.0,0.0,0.0,0.0,0.0,0.0,0.0,0.0,0.0,0.03894418000865427,2.661185633924709,13.305928169623543,12.30636088273475,1.6875811337083517,0.4001,0.00887,0.0,0.0,0.0,0.0,0.0,0.0,0.0,0.0,0.0,0.0,0.0,14.802793755135559,15.184880854560397,0.012325390304026297,0.0,0.0,0.0,0.0,0.0,0.0,0.0,0.0,0.0,0.0,0.0,0.0,0.0,0.0,0.0,0.0,0.4001,0.00886,0.0,0.0,0.0,0.0,0.0,0.0,0.0,0.0,0.0,0.0,0.0,14.448290783210709,15.551709216789272,0.0,0.0,0.0,0.0,0.0,0.0,0.0,0.0,0.0,0.0,0.0,0.0,0.0,0.0,0.0,0.0,0.0
8600,4490,2319,0.5164810690423163,1065,915,0.44097995545657015,1252,0.5576837416481069,0.414,2.919852602487333,3.0736434997165776,6.528239202657807,2.197106196143975,9521.23385300668,1614.1224107526862,7853.0,11083.0,11083.0,0.0,7853.0,0.0,27.875055679287303,20.90331388693422,33.01842948717949,19.08307949924527,0.14409799554565703,0.10111358574610245,0.09042316258351893,0.08552338530066815,0.07683741648106904,0.0801781737193764,0.06703786191536748,0.06280623608017817,0.058797327394209356,0.051670378619153676,0.044097995545657014,0.04142538975501114,0.033184855233853006,0.028507795100222718,0.020267260579064587,0.00868596881959911,0.005345211581291759,0.9312168022572065,0.022885938505402787,0.0,0.0,0.0,0.0,0.0,0.0,0.0,0.0,0.0,0.0,0.0,0.0,0.0,0.0,0.0,0.0,0.0,0.0,0.0,0.0,0.0,0.0,0.0,0.0,0.0,0.0734966592427617,2.4654788418708247,13.456570155902007,12.273942093541207,1.7305122494432075,4.249565519638512,2.8778160986598476,nan,nan,nan,4.132871972318339,2.9047733751140625,4.36731843575419,2.845508872271195,1.0567272504462164,0.3994,0.00859,0.0,0.0,0.0,0.0,0.0,0.0,0.0,0.0,0.0,0.0,0.0,15.634743875278375,14.365256124721606,0.0,0.0,0.0,0.0,0.0,0.0,0.0,0.0,0.0,0.0,0.0,0.0,0.0,0.0,0.0,0.0,0.0,nan,nan,4.249565519638512,2.8778160986598476,nan,0.3994,0.0392,0.0,0.0,0.0,0.0,0.0,0.0,0.0,0.0,0.0,0.0,0.0,0.0,0.0,0.0,0.0,0.0,0.0,0.0,0.0,0.0,0.0,0.0,0.0,0.0,0.0,3.3407572383073495e-05,0.0020044543429844097,0.0,0.0,0.01378619153674833,0.004142538975501113,0.0036748329621380848,0.008975501113585745,0.009888641425389755,0.042605790645879736,0.0401336302895323,0.03532293986636971,0.090456570155902,0.12269487750556793,0.09493318485523386,0.09926503340757238,0.09269487750556793,0.11667037861915368,0.058908685968819596,0.039799554565701556,0.04412026726057906,0.02267260579064588,0.02957683741648107,0.013452115812917595,0.00888641425389755,0.0007349665924276169,0.004298440979955457,0.00022271714922048998,3.3407572383073495e-05,1.1135857461024499e-05,0.0,0.0,0.0,0.0,0.0,0.0,0.0,0.0,0.0,0.0,0.0,0.0,0.0,0.0,0.0,0.0,0.0,0.0,0.0,0.0,0.0,0.0,0.0,0.0,0.0,0.0,0.0,0.0,0.0,0.0,0.0,0.0,0.0,0.0,0.0,0.0,0.0,0.0,0.0,0.0,0.0,0.0,0.0,0.0,0.0,0.0,nan,nan,4.249565519638512,2.8778160986598476,nan,0.9311267715839026,0.022648225212549656,0.0,0.0,0.0,0.0,0.0,0.0,0.0,0.0,0.0,0.0,0.0,0.0,0.0,0.0,0.0,0.0,0.0,0.0,0.0,0.0,0.0,0.0,0.0,0.0,0.0,0.0388098318240621,2.509702457956016,13.609314359637779,12.315653298835707,1.5265200517464428,0.9313129704430158,0.02313677252189962,0.0,0.0,0.0,0.0,0.0,0.0,0.0,0.0,0.0,0.0,0.0,0.0,0.0,0.0,0.0,0.0,0.0,0.0,0.0,0.0,0.0,0.0,0.0,0.0,0.0,0.11054813450023034,2.4182404421925385,13.293413173652699,12.229387379087981,1.9484108705665597,0.3997,0.008316,0.0,0.0,0.0,0.0,0.0,0.0,0.0,0.0,0.0,0.0,0.0,15.472186287192734,14.527813712807248,0.0,0.0,0.0,0.0,0.0,0.0,0.0,0.0,0.0,0.0,0.0,0.0,0.0,0.0,0.0,0.0,0.0,0.3994,0.00887,0.0,0.0,0.0,0.0,0.0,0.0,0.0,0.0,0.0,0.0,0.0,15.808383233532911,14.19161676646707,0.0,0.0,0.0,0.0,0.0,0.0,0.0,0.0,0.0,0.0,0.0,0.0,0.0,0.0,0.0,0.0,0.0
8700,4649,2385,0.5130135513013552,1174,945,0.4557969455796946,1323,0.5691546569154657,0.38599999999999995,2.9801236749116606,3.0187945992997025,6.343478260869565,2.0056426387706625,9510.033770703378,1614.4528986998835,7853.0,11083.0,11083.0,0.0,7853.0,0.0,28.573671757367176,20.836966719405858,33.35277707329445,18.99972827796044,0.13508281350828136,0.09184770918477092,0.0907722090772209,0.08324370832437084,0.08173800817380082,0.07420950742095074,0.06904710690471069,0.0707679070767907,0.06345450634545063,0.05377500537750054,0.05485050548505055,0.03764250376425038,0.02903850290385029,0.026457302645730263,0.019574101957410196,0.010755001075500108,0.007743600774360078,0.931843740641622,0.022886016028882315,0.0,0.0,0.0,0.0,0.0,0.0,0.0,0.0,0.0,0.0,0.0,0.0,0.0,0.0,0.0,0.0,0.0,0.0,0.0,0.0,0.0,0.0,0.0,0.0,0.0,0.09034200903420093,2.3682512368251243,13.409335340933538,12.215530221553026,1.9165411916541195,4.178967994774657,2.838335448551736,nan,nan,nan,4.1329032258064515,2.8321451957817403,4.226190476190476,2.843892887815857,1.0225718448478363,0.3997,0.00871,0.0,0.0,0.0,0.0,0.0,0.0,0.0,0.0,0.0,0.0,0.0193590019359002,15.784039578403936,14.196601419660144,0.0,0.0,0.0,0.0,0.0,0.0,0.0,0.0,0.0,0.0,0.0,0.0,0.0,0.0,0.0,0.0,0.0,nan,nan,4.178967994774657,2.838335448551736,nan,0.3997,0.0396,0.0,0.0,0.0,0.0,0.0,0.0,0.0,0.0,0.0,0.0,0.0,0.0,0.0,0.0,0.0,0.0,0.0,0.0,0.0,0.0,0.0,0.0,0.0,0.0,3.226500322650032e-05,1.0755001075500108e-05,0.0021402452140245215,1.0755001075500108e-05,1.0755001075500108e-05,0.01500322650032265,0.004334265433426543,0.004086900408690041,0.0100344160034416,0.00902344590234459,0.041148634114863414,0.039535383953538394,0.03709399870939987,0.0904603140460314,0.1201978920197892,0.09395568939556893,0.099118089911809,0.09337491933749194,0.11384168638416864,0.05785115078511508,0.041374489137448914,0.04625725962572596,0.023402882340288235,0.02894170789417079,0.014594536459453645,0.008593245859324587,0.0013658851365885136,0.003871800387180039,0.0002903850290385029,3.226500322650032e-05,1.0755001075500108e-05,0.0,0.0,0.0,0.0,0.0,0.0,0.0,0.0,0.0,0.0,0.0,0.0,0.0,0.0,0.0,0.0,0.0,0.0,0.0,0.0,0.0,0.0,0.0,0.0,0.0,0.0,0.0,0.0,0.0,0.0,0.0,0.0,0.0,0.0,0.0,0.0,0.0,0.0,0.0,0.0,0.0,0.0,0.0,0.0,0.0,0.0,nan,nan,4.178967994774657,2.838335448551736,nan,0.9324466488646261,0.0232940795771378,0.0,0.0,0.0,0.0,0.0,0.0,0.0,0.0,0.0,0.0,0.0,0.0,0.0,0.0,0.0,0.0,0.0,0.0,0.0,0.0,0.0,0.0,0.0,0.0,0.0,0.07547169811320756,2.477987421383648,13.06918238993711,12.226415094339625,2.1509433962264155,0.9312086098501623,0.022430600867708914,0.0,0.0,0.0,0.0,0.0,0.0,0.0,0.0,0.0,0.0,0.0,0.0,0.0,0.0,0.0,0.0,0.0,0.0,0.0,0.0,0.0,0.0,0.0,0.0,0.0,0.10600706713780922,2.2526501766784457,13.767667844522972,12.204063604240286,1.669611307420495,0.3997,0.00869,0.0,0.0,0.0,0.0,0.0,0.0,0.0,0.0,0.0,0.0,0.02515723270440252,15.672955974842745,14.301886792452834,0.0,0.0,0.0,0.0,0.0,0.0,0.0,0.0,0.0,0.0,0.0,0.0,0.0,0.0,0.0,0.0,0.0,0.3994,0.00873,0.0,0.0,0.0,0.0,0.0,0.0,0.0,0.0,0.0,0.0,0.013250883392226152,15.901060070671356,14.085689045936398,0.0,0.0,0.0,0.0,0.0,0.0,0.0,0.0,0.0,0.0,0.0,0.0,0.0,0.0,0.0,0.0,0.0
8800,4401,2296,0.5216996137241536,1126,880,0.45580549875028403,1206,0.5480572597137015,0.414,2.9491686460807602,3.0754225359141882,6.500848896434635,2.1628321900764447,9538.089752329017,1613.4783626124204,7853.0,11083.0,11083.0,0.0,7853.0,0.0,28.037945921381503,20.62582911944646,32.83508205542104,18.843277748403096,0.13701431492842536,0.09747784594410361,0.09179731879118382,0.08588957055214724,0.07930015905476029,0.0761190638491252,0.07248352647125653,0.06134969325153374,0.06725744149057032,0.05657805044308112,0.046353101567825496,0.039763690070438534,0.028629856850715747,0.026584867075664622,0.015678254942058625,0.009997727789138832,0.007725516927970915,0.9319119880048288,0.023588181001825338,0.0,0.0,0.0,0.0,0.0,0.0,0.0,0.0,0.0,0.0,0.0,0.0,0.0,0.0,0.0,0.0,0.0,0.0,0.0,0.0,0.0,0.0,0.0,0.0,0.0,0.05453306066803001,2.6175869120654403,13.244717109747787,11.990456714383098,2.0927062031356516,4.182926829268292,2.8978523475317925,nan,nan,nan,4.251581166549543,2.949794702335707,4.115491009681881,2.845213033683466,0.9679906953350936,0.3994,0.008705,0.0,0.0,0.0,0.0,0.0,0.0,0.0,0.0,0.0,0.0,0.006816632583503751,15.882753919563712,14.110429447852765,0.0,0.0,0.0,0.0,0.0,0.0,0.0,0.0,0.0,0.0,0.0,0.0,0.0,0.0,0.0,0.0,0.0,nan,nan,4.182926829268292,2.8978523475317925,nan,0.3994,0.03976,0.0,0.0,0.0,0.0,0.0,0.0,0.0,0.0,0.0,0.0,0.0,0.0,0.0,0.0,0.0,0.0,0.0,0.0,0.0,0.0,0.0,0.0,0.0,0.0,1.1361054305839582e-05,1.1361054305839582e-05,0.0023403771870029537,0.00010224948875255624,6.81663258350375e-05,0.014042263122017723,0.005896387184730743,0.004101340604408089,0.010406725744149057,0.008929788684389912,0.0418200408997955,0.039740967961826856,0.03863894569416042,0.08854805725971371,0.12180186321290616,0.0964667121108839,0.09804589865939559,0.08895705521472393,0.11189502385821404,0.05846398545785049,0.04189956827993638,0.04606907521017951,0.022778913883208362,0.029731879118382185,0.016212224494433082,0.008623040218132243,0.0013406044080890706,0.003010679391047489,4.544421722335833e-05,0.0,0.0,0.0,0.0,0.0,0.0,0.0,0.0,0.0,0.0,0.0,0.0,0.0,0.0,0.0,0.0,0.0,0.0,0.0,0.0,0.0,0.0,0.0,0.0,0.0,0.0,0.0,0.0,0.0,0.0,0.0,0.0,0.0,0.0,0.0,0.0,0.0,0.0,0.0,0.0,0.0,0.0,0.0,0.0,0.0,0.0,0.0,0.0,nan,nan,4.182926829268292,2.8978523475317925,nan,0.9318939458825447,0.02345454979755085,0.0,0.0,0.0,0.0,0.0,0.0,0.0,0.0,0.0,0.0,0.0,0.0,0.0,0.0,0.0,0.0,0.0,0.0,0.0,0.0,0.0,0.0,0.0,0.0,0.0,0.07839721254355402,2.5479094076655056,13.066202090592338,12.373693379790945,1.9337979094076658,0.9319316672032916,0.0237330638614429,0.0,0.0,0.0,0.0,0.0,0.0,0.0,0.0,0.0,0.0,0.0,0.0,0.0,0.0,0.0,0.0,0.0,0.0,0.0,0.0,0.0,0.0,0.0,0.0,0.0,0.02850356294536818,2.6935866983372927,13.439429928741095,11.572446555819479,2.26603325415677,0.3994,0.00859,0.0,0.0,0.0,0.0,0.0,0.0,0.0,0.0,0.0,0.0,0.013066202090592338,15.40505226480834,14.581881533101049,0.0,0.0,0.0,0.0,0.0,0.0,0.0,0.0,0.0,0.0,0.0,0.0,0.0,0.0,0.0,0.0,0.0,0.3992,0.00882,0.0,0.0,0.0,0.0,0.0,0.0,0.0,0.0,0.0,0.0,0.0,16.40380047505936,13.596199524940621,0.0,0.0,0.0,0.0,0.0,0.0,0.0,0.0,0.0,0.0,0.0,0.0,0.0,0.0,0.0,0.0,0.0
8900,4390,2231,0.5082004555808656,1005,928,0.44031890660592254,1251,0.5699316628701595,0.39399999999999996,2.8610467809170914,3.037995764490942,6.491438356164384,2.1982080154245525,9494.487471526196,1614.7827760575567,7853.0,11083.0,11083.0,0.0,7853.0,0.0,27.34373576309795,20.69762953828797,32.31106870229008,19.028003172867173,0.14259681093394078,0.10501138952164009,0.0988610478359909,0.0856492027334852,0.0785876993166287,0.07904328018223235,0.07038724373576309,0.05649202733485194,0.06059225512528474,0.04920273348519362,0.04578587699316629,0.03826879271070615,0.03211845102505695,0.0214123006833713,0.019134396355353075,0.012072892938496583,0.004783599088838269,0.9329439561975301,0.023201836520812237,0.0,0.0,0.0,0.0,0.0,0.0,0.0,0.0,0.0,0.0,0.0,0.0,0.0,0.0,0.0,0.0,0.0,0.0,0.0,0.0,0.0,0.0,0.0,0.0,0.0,0.10250569476082007,2.159453302961276,12.430523917995448,13.045558086560368,2.261958997722096,4.276036036036036,2.8428228830947857,nan,nan,nan,4.3236337828246985,2.853710619070667,4.2269399707174236,2.8307101439034086,0.977635984691538,0.3994,0.0091,0.0,0.0,0.0,0.0,0.0,0.0,0.0,0.0,0.0,0.0,0.0068337129840546715,15.669703872437335,14.323462414578591,0.0,0.0,0.0,0.0,0.0,0.0,0.0,0.0,0.0,0.0,0.0,0.0,0.0,0.0,0.0,0.0,0.0,nan,nan,4.276036036036036,2.8428228830947857,nan,0.3994,0.0401,0.0,0.0,0.0,0.0,0.0,0.0,0.0,0.0,0.0,0.0,0.0,0.0,0.0,0.0,0.0,0.0,0.0,0.0,0.0,0.0,0.0,0.0,0.0,0.0,1.1389521640091117e-05,0.0,0.002129840546697039,1.1389521640091117e-05,5.6947608200455584e-05,0.014111617312072893,0.007061503416856492,0.003530751708428246,0.009498861047835991,0.010045558086560364,0.0432118451025057,0.04025056947608201,0.03675398633257403,0.08806378132118452,0.12318906605922551,0.09292710706150342,0.09821184510250569,0.08984054669703873,0.1085990888382688,0.05880410022779043,0.041776765375854216,0.04764236902050114,0.022608200455580867,0.02946469248291572,0.018542141230068337,0.00876993166287016,0.001571753986332574,0.0030979498861047837,0.00021640091116173122,0.0,0.0,0.0,0.0,0.0,0.0,0.0,0.0,0.0,0.0,0.0,0.0,0.0,0.0,0.0,0.0,0.0,0.0,0.0,0.0,0.0,0.0,0.0,0.0,0.0,0.0,0.0,0.0,0.0,0.0,0.0,0.0,0.0,0.0,0.0,0.0,0.0,0.0,0.0,0.0,0.0,0.0,0.0,0.0,0.0,0.0,0.0,0.0,nan,nan,4.276036036036036,2.8428228830947857,nan,0.9324778356876997,0.023149943381482636,0.0,0.0,0.0,0.0,0.0,0.0,0.0,0.0,0.0,0.0,0.0,0.0,0.0,0.0,0.0,0.0,0.0,0.0,0.0,0.0,0.0,0.0,0.0,0.0,0.0,0.12102196324518155,2.1515015688032277,12.613177947108923,13.016584491259529,2.097714029583147,0.9334256212542377,0.023245521229652046,0.0,0.0,0.0,0.0,0.0,0.0,0.0,0.0,0.0,0.0,0.0,0.0,0.0,0.0,0.0,0.0,0.0,0.0,0.0,0.0,0.0,0.0,0.0,0.0,0.0,0.08337193144974527,2.167670217693377,12.241778601204265,13.075497915701717,2.4316813339509036,0.3994,0.009186,0.0,0.0,0.0,0.0,0.0,0.0,0.0,0.0,0.0,0.0,0.0,15.826983415508717,14.173016584491263,0.0,0.0,0.0,0.0,0.0,0.0,0.0,0.0,0.0,0.0,0.0,0.0,0.0,0.0,0.0,0.0,0.0,0.3997,0.00902,0.0,0.0,0.0,0.0,0.0,0.0,0.0,0.0,0.0,0.0,0.013895321908290879,15.507179249652593,14.478925428439096,0.0,0.0,0.0,0.0,0.0,0.0,0.0,0.0,0.0,0.0,0.0,0.0,0.0,0.0,0.0,0.0,0.0
9000,4333,2216,0.5114239556888992,1060,872,0.4458804523424879,1209,0.5580429263789523,0.40599999999999997,2.9603212092583844,3.0530397887382885,6.4188311688311686,2.134268008600372,9504.899376875144,1614.5784081258566,7853.0,11083.0,11083.0,0.0,7853.0,0.0,28.377798292176323,21.038810773911482,33.13838191228548,19.327678778926256,0.13431802446342025,0.10062312485575814,0.09346872836372029,0.08446803600276945,0.07939072236325871,0.07662127855988922,0.06715901223171013,0.06623586429725363,0.0553888760673898,0.05077313639510732,0.04984998846065082,0.040156935148857605,0.03738749134548811,0.02607892914839603,0.01892453265635818,0.012462497115162705,0.0066928225248096005,0.9328898925608475,0.023478532008522086,0.0,0.0,0.0,0.0,0.0,0.0,0.0,0.0,0.0,0.0,0.0,0.0,0.0,0.0,0.0,0.0,0.0,0.0,0.0,0.0,0.0,0.0,0.0,0.0,0.0,0.04846526655896609,2.4440341564735752,12.67020540041542,12.635587352873301,2.201707823678745,4.202203269367448,2.833695762997798,nan,nan,nan,4.303221288515406,2.8164812539963098,4.098194945848375,2.8486041280321146,0.9523551477089471,0.4001,0.0091,0.0,0.0,0.0,0.0,0.0,0.0,0.0,0.0,0.0,0.0,0.0,14.491114701130837,15.508885298869147,0.0,0.0,0.0,0.0,0.0,0.0,0.0,0.0,0.0,0.0,0.0,0.0,0.0,0.0,0.0,0.0,0.0,nan,nan,4.202203269367448,2.833695762997798,nan,0.4001,0.04037,0.0,0.0,0.0,0.0,0.0,0.0,0.0,0.0,0.0,0.0,0.0,0.0,0.0,0.0,0.0,0.0,0.0,0.0,0.0,0.0,0.0,0.0,0.0,0.0,0.0,0.0,0.0016501269328409879,0.00019616893607200554,0.00023078698361412417,0.013962612508654512,0.006773597969074544,0.0039579967689822295,0.008054465728132933,0.010916224324948072,0.042649434571890146,0.042441726286637435,0.03472190168474498,0.08614124163397184,0.12146318947611355,0.09112624048003692,0.09613431802446341,0.08925686591276252,0.10825063466420494,0.0609623817216709,0.043099469189937685,0.05042695591968613,0.022490191553196398,0.03128317562889453,0.019709208400646203,0.008908377567505192,0.0012000923147934457,0.0038656819755365796,8.077544426494346e-05,0.0,3.4618047542118625e-05,1.1539349180706208e-05,0.0,0.0,0.0,0.0,0.0,0.0,0.0,0.0,0.0,0.0,0.0,0.0,0.0,0.0,0.0,0.0,0.0,0.0,0.0,0.0,0.0,0.0,0.0,0.0,0.0,0.0,0.0,0.0,0.0,0.0,0.0,0.0,0.0,0.0,0.0,0.0,0.0,0.0,0.0,0.0,0.0,0.0,0.0,0.0,0.0,nan,nan,4.202203269367448,2.833695762997798,nan,0.932298532408067,0.02380136815737341,0.0,0.0,0.0,0.0,0.0,0.0,0.0,0.0,0.0,0.0,0.0,0.0,0.0,0.0,0.0,0.0,0.0,0.0,0.0,0.0,0.0,0.0,0.0,0.0,0.0,0.027075812274368238,2.545126353790614,12.739169675090256,12.52256317689531,2.166064981949459,0.9335089072507678,0.0231195754790032,0.0,0.0,0.0,0.0,0.0,0.0,0.0,0.0,0.0,0.0,0.0,0.0,0.0,0.0,0.0,0.0,0.0,0.0,0.0,0.0,0.0,0.0,0.0,0.0,0.0,0.07085498346717053,2.3382144544166277,12.598016060462923,12.753897024090698,2.239017477562589,0.4001,0.009186,0.0,0.0,0.0,0.0,0.0,0.0,0.0,0.0,0.0,0.0,0.0,14.769855595667849,15.230144404332133,0.0,0.0,0.0,0.0,0.0,0.0,0.0,0.0,0.0,0.0,0.0,0.0,0.0,0.0,0.0,0.0,0.0,0.4004,0.009026,0.0,0.0,0.0,0.0,0.0,0.0,0.0,0.0,0.0,0.0,0.0,14.199338686820953,15.800661313179031,0.0,0.0,0.0,0.0,0.0,0.0,0.0,0.0,0.0,0.0,0.0,0.0,0.0,0.0,0.0,0.0,0.0
9100,4516,2327,0.5152790079716564,1120,932,0.45438441098317095,1298,0.5748449955713021,0.39799999999999996,2.9803563270899955,3.0977788150634114,6.583198707592892,2.245248174343432,9517.35119574845,1614.2457865759472,7853.0,11083.0,11083.0,0.0,7853.0,0.0,27.853410097431354,20.60601439825224,32.71586424625099,18.82982356690123,0.13883968113374667,0.09920283436669619,0.09233835252435783,0.0845881310894597,0.0812666076173605,0.07816651904340124,0.07307351638618247,0.062444641275465014,0.05779450841452613,0.0566873339238264,0.04827280779450841,0.03720106288751107,0.03454384410983171,0.024800708591674048,0.0141718334809566,0.010850310008857396,0.005757307351638618,0.932744988582639,0.023732075944288007,0.0,0.0,0.0,0.0,0.0,0.0,0.0,0.0,0.0,0.0,0.0,0.0,0.0,0.0,0.0,0.0,0.0,0.0,0.0,0.0,0.0,0.0,0.0,0.0,0.0066430469441984075,0.10628875110717452,2.2254207263064663,12.97387068201949,12.322852081488046,2.364924712134633,4.260631001371742,2.865642488530358,nan,nan,nan,4.2413087934560325,2.825361899244381,4.280193236714976,2.905723813533208,1.0091680292929717,0.4001,0.009254,0.0,0.0,0.0,0.0,0.0,0.0,0.0,0.0,0.0,0.0,0.0,15.039858281665168,14.960141718334812,0.0,0.0,0.0,0.0,0.0,0.0,0.0,0.0,0.0,0.0,0.0,0.0,0.0,0.0,0.0,0.0,0.0,nan,nan,4.260631001371742,2.865642488530358,nan,0.4001,0.0407,0.0,0.0,0.0,0.0,0.0,0.0,0.0,0.0,0.0,0.0,0.0,0.0,0.0,0.0,0.0,0.0,0.0,0.0,0.0,0.0,0.0,0.0,0.0,0.0,0.0,0.0,0.00158325952170062,0.00029893711248892826,0.0005535872453498672,0.014681133746678477,0.00600088573959256,0.003266164747564216,0.009543844109831709,0.009488485385296723,0.04419840566873339,0.04433126660761736,0.03570637732506643,0.08938219663418955,0.11773693534100975,0.08961470327723649,0.09525022143489814,0.08887289636846767,0.10525907883082374,0.05947741364038973,0.043633746678476526,0.05397475642161204,0.02253100088573959,0.029827280779450842,0.020073073516386184,0.008724534986713906,0.0012178919397697076,0.0045837023914969,0.00014393268379096546,4.4286979627989374e-05,0.0,0.0,0.0,0.0,0.0,0.0,0.0,0.0,0.0,0.0,0.0,0.0,0.0,0.0,0.0,0.0,0.0,0.0,0.0,0.0,0.0,0.0,0.0,0.0,0.0,0.0,0.0,0.0,0.0,0.0,0.0,0.0,0.0,0.0,0.0,0.0,0.0,0.0,0.0,0.0,0.0,0.0,0.0,0.0,0.0,0.0,0.0,nan,nan,4.260631001371742,2.865642488530358,nan,0.9325691717194547,0.023423806308493073,0.0,0.0,0.0,0.0,0.0,0.0,0.0,0.0,0.0,0.0,0.0,0.0,0.0,0.0,0.0,0.0,0.0,0.0,0.0,0.0,0.0,0.0,0.0,0.0,0.0,0.05156854318865493,2.2561237645036534,13.008165019338207,12.324881822088528,2.359260850880963,0.9329318893778101,0.02405403904603542,0.0,0.0,0.0,0.0,0.0,0.0,0.0,0.0,0.0,0.0,0.0,0.0,0.0,0.0,0.0,0.0,0.0,0.0,0.0,0.0,0.0,0.0,0.0,0.0,0.013704888076747376,0.1644586569209685,2.19278209227958,12.937414344449524,12.320694380995892,2.370945637277296,0.4001,0.00915,0.0,0.0,0.0,0.0,0.0,0.0,0.0,0.0,0.0,0.0,0.0,15.07090674688438,14.929093253115603,0.0,0.0,0.0,0.0,0.0,0.0,0.0,0.0,0.0,0.0,0.0,0.0,0.0,0.0,0.0,0.0,0.0,0.4001,0.00938,0.0,0.0,0.0,0.0,0.0,0.0,0.0,0.0,0.0,0.0,0.0,15.006852444038351,14.99314755596163,0.0,0.0,0.0,0.0,0.0,0.0,0.0,0.0,0.0,0.0,0.0,0.0,0.0,0.0,0.0,0.0,0.0
9200,4435,2273,0.5125140924464487,1032,937,0.4439684329199549,1261,0.5686583990980835,0.414,2.9842738205365404,3.141399820985954,6.759450171821306,2.084273886952793,9508.42051860203,1614.4940946550232,7853.0,11083.0,11083.0,0.0,7853.0,0.0,27.798196166854567,20.878088099700015,32.70826623725174,19.168573631941694,0.13934611048478016,0.09875986471251409,0.095152198421646,0.09425028184892897,0.07756482525366404,0.07237880496054115,0.07147688838782412,0.06200676437429538,0.061555806087936864,0.047576099210823,0.04487034949267193,0.04103720405862458,0.03246899661781285,0.024126268320180385,0.020067643742953778,0.010146561443066516,0.007215332581736189,0.9327533171437639,0.02305132274815175,0.0,0.0,0.0,0.0,0.0,0.0,0.0,0.0,0.0,0.0,0.0,0.0,0.0,0.0,0.0,0.0,0.0,0.0,0.0,0.0,0.0,0.0,0.0,0.0,0.0,0.05411499436302143,2.2390078917700116,13.02818489289741,12.595264937993239,2.083427282976325,4.393349840820658,2.935131420319724,nan,nan,nan,4.333806818181818,2.9364856560411345,4.452045133991537,2.933590187578019,1.0272827841134191,0.4004,0.00891,0.0,0.0,0.0,0.0,0.0,0.0,0.0,0.0,0.0,0.0,0.006764374295377679,14.421645997745188,15.571589627959417,0.0,0.0,0.0,0.0,0.0,0.0,0.0,0.0,0.0,0.0,0.0,0.0,0.0,0.0,0.0,0.0,0.0,nan,nan,4.393349840820658,2.935131420319724,nan,0.4004,0.04062,0.0,0.0,0.0,0.0,0.0,0.0,0.0,0.0,0.0,0.0,0.0,0.0,0.0,0.0,0.0,0.0,0.0,0.0,0.0,0.0,0.0,0.0,0.0,0.0,0.0,0.0,0.0012739571589627959,0.00012401352874859075,0.0005975197294250282,0.014239007891770012,0.007068771138669673,0.0026268320180383316,0.009526493799323563,0.009402480270574972,0.04333709131905299,0.0457271702367531,0.03437429537767756,0.08855693348365276,0.11410372040586246,0.08917700112739571,0.09324689966178129,0.09140924464487035,0.11101465614430665,0.05790304396843292,0.04708004509582864,0.05296505073280722,0.021183765501691095,0.029233370913190528,0.02073280721533258,0.008804960541149943,0.0008793686583990981,0.005152198421645998,0.00016910935738444194,9.019165727170237e-05,0.0,0.0,0.0,0.0,0.0,0.0,0.0,0.0,0.0,0.0,0.0,0.0,0.0,0.0,0.0,0.0,0.0,0.0,0.0,0.0,0.0,0.0,0.0,0.0,0.0,0.0,0.0,0.0,0.0,0.0,0.0,0.0,0.0,0.0,0.0,0.0,0.0,0.0,0.0,0.0,0.0,0.0,0.0,0.0,0.0,0.0,0.0,nan,nan,4.393349840820658,2.935131420319724,nan,0.9330577035596389,0.023037050511634086,0.0,0.0,0.0,0.0,0.0,0.0,0.0,0.0,0.0,0.0,0.0,0.0,0.0,0.0,0.0,0.0,0.0,0.0,0.0,0.0,0.0,0.0,0.0,0.0,0.0,0.06599208095028598,2.1909370875494947,12.960844698636167,12.683677958644965,2.098548174219094,0.9324333031181932,0.023061986454594046,0.0,0.0,0.0,0.0,0.0,0.0,0.0,0.0,0.0,0.0,0.0,0.0,0.0,0.0,0.0,0.0,0.0,0.0,0.0,0.0,0.0,0.0,0.0,0.0,0.0,0.04162812210915819,2.289546716003701,13.098982423681779,12.502312673450513,2.067530064754857,0.4006,0.00891,0.0,0.0,0.0,0.0,0.0,0.0,0.0,0.0,0.0,0.0,0.0,14.33347998240209,15.666520017597891,0.0,0.0,0.0,0.0,0.0,0.0,0.0,0.0,0.0,0.0,0.0,0.0,0.0,0.0,0.0,0.0,0.0,0.4004,0.0089,0.0,0.0,0.0,0.0,0.0,0.0,0.0,0.0,0.0,0.0,0.013876040703052732,14.514338575393134,15.471785383903796,0.0,0.0,0.0,0.0,0.0,0.0,0.0,0.0,0.0,0.0,0.0,0.0,0.0,0.0,0.0,0.0,0.0
9300,4401,2265,0.5146557600545331,1087,862,0.4428538968416269,1215,0.5521472392638037,0.414,3.0519662921348316,3.1161377514088113,6.575899843505478,2.0895705160284432,9515.338104976141,1614.3060750109528,7853.0,11083.0,11083.0,0.0,7853.0,0.0,28.238809361508746,21.13015686294656,33.544262295081964,19.211391127296203,0.14769370597591455,0.09475119291070211,0.0870256759827312,0.0845262440354465,0.07725516927970916,0.07680072710747557,0.07157464212678936,0.061576914337650536,0.060213587820949786,0.052260849806862075,0.04544421722335833,0.0408997955010225,0.032038173142467624,0.030220404453533287,0.018859350147693705,0.012269938650306749,0.006589411497386958,0.9315844128224503,0.02363342584824704,0.0,0.0,0.0,0.0,0.0,0.0,0.0,0.0,0.0,0.0,0.0,0.0,0.0,0.0,0.0,0.0,0.0,0.0,0.0,0.0,0.0,0.0,0.0,0.0,0.0,0.08179959100204501,2.6107702794819363,13.087934560327202,12.147239263803684,2.07225630538514,4.286065286065286,2.8595198741739223,nan,nan,nan,4.3639551192145865,2.856564901881091,4.209563994374121,2.8607570734908245,0.9646212849071985,0.4006,0.00911,0.0,0.0,0.0,0.0,0.0,0.0,0.0,0.0,0.0,0.0,0.0,14.219495569188801,15.780504430811183,0.0,0.0,0.0,0.0,0.0,0.0,0.0,0.0,0.0,0.0,0.0,0.0,0.0,0.0,0.0,0.0,0.0,nan,nan,4.286065286065286,2.8595198741739223,nan,0.4006,0.0405,0.0,0.0,0.0,0.0,0.0,0.0,0.0,0.0,0.0,0.0,0.0,0.0,0.0,0.0,0.0,0.0,0.0,0.0,0.0,0.0,0.0,0.0,1.1361054305839582e-05,0.0,3.408316291751875e-05,0.0,0.0011815496478073165,0.00020449897750511248,0.00014769370597591457,0.012179050215860032,0.008373097023403771,0.0026698477618723017,0.00952056350829357,0.009157009770506703,0.04218359463758237,0.045364689843217454,0.033594637582367644,0.09249034310384004,0.1105885026130425,0.09122926607589184,0.09216087252897069,0.09376278118609407,0.10780504430811179,0.060418086798454895,0.046637127925471485,0.05319245625994092,0.020199954555782777,0.030527152919790957,0.020268120881617814,0.009066121336059987,0.0011247443762781187,0.005498750284026357,0.00021586003181095205,0.00015905476028175414,0.0,3.408316291751875e-05,0.0,0.0,0.0,0.0,0.0,0.0,0.0,0.0,0.0,0.0,0.0,0.0,0.0,0.0,0.0,0.0,0.0,0.0,0.0,0.0,0.0,0.0,0.0,0.0,0.0,0.0,0.0,0.0,0.0,0.0,0.0,0.0,0.0,0.0,0.0,0.0,0.0,0.0,0.0,0.0,0.0,0.0,0.0,0.0,0.0,nan,nan,4.286065286065286,2.8595198741739223,nan,0.9312144485530475,0.02331949108819248,0.0,0.0,0.0,0.0,0.0,0.0,0.0,0.0,0.0,0.0,0.0,0.0,0.0,0.0,0.0,0.0,0.0,0.0,0.0,0.0,0.0,0.0,0.0,0.0,0.0,0.0794701986754967,2.794701986754968,12.927152317880799,12.331125827814573,1.8675496688741726,0.931976720439584,0.023955586630710724,0.0,0.0,0.0,0.0,0.0,0.0,0.0,0.0,0.0,0.0,0.0,0.0,0.0,0.0,0.0,0.0,0.0,0.0,0.0,0.0,0.0,0.0,0.0,0.0,0.0,0.08426966292134833,2.415730337078652,13.258426966292138,11.952247191011239,2.2893258426966296,0.401,0.00916,0.0,0.0,0.0,0.0,0.0,0.0,0.0,0.0,0.0,0.0,0.0,13.973509933774814,16.02649006622517,0.0,0.0,0.0,0.0,0.0,0.0,0.0,0.0,0.0,0.0,0.0,0.0,0.0,0.0,0.0,0.0,0.0,0.4006,0.009056,0.0,0.0,0.0,0.0,0.0,0.0,0.0,0.0,0.0,0.0,0.0,14.480337078651665,15.519662921348319,0.0,0.0,0.0,0.0,0.0,0.0,0.0,0.0,0.0,0.0,0.0,0.0,0.0,0.0,0.0,0.0,0.0
9400,4018,2078,0.5171727227476356,933,804,0.4323046291687407,1124,0.5594823295171727,0.422,3.0077319587628866,3.131884912223249,6.583184257602862,2.1797088036553185,9523.467894474863,1614.0471841561898,7853.0,11083.0,11083.0,0.0,7853.0,0.0,28.429566948730713,21.324757632041887,33.159917840375584,19.702138214620046,0.13240418118466898,0.10502737680438029,0.09656545545047288,0.08760577401692385,0.07242409158785465,0.0746640119462419,0.07117969138875062,0.06222000995520159,0.05624688899950224,0.04902936784469886,0.045793927327028375,0.04031856645097063,0.03683424589347934,0.027625684420109507,0.020657043305126927,0.0116973618715779,0.009706321553011448,0.9320492837754217,0.02334494215415499,0.0,0.0,0.0,0.0,0.0,0.0,0.0,0.0,0.0,0.0,0.0,0.0,0.0,0.0,0.0,0.0,0.0,0.0,0.0,0.0,0.0,0.0,0.0,0.0,0.0,0.06719761075161773,2.5460428073668497,13.043802887008466,12.31956197112992,2.023394723743156,4.3,2.8636860293018516,nan,nan,nan,4.32109375,2.8965268087333387,4.279230769230769,2.8308247277168634,0.9903119480411109,0.4006,0.00903,0.0,0.0,0.0,0.0,0.0,0.0,0.0,0.0,0.0,0.0,0.007466401194624193,14.051767048282708,15.940766550522651,0.0,0.0,0.0,0.0,0.0,0.0,0.0,0.0,0.0,0.0,0.0,0.0,0.0,0.0,0.0,0.0,0.0,nan,nan,4.3,2.8636860293018516,nan,0.4006,0.04034,0.0,0.0,0.0,0.0,0.0,0.0,0.0,0.0,0.0,0.0,0.0,0.0,0.0,0.0,0.0,0.0,0.0,0.0,0.0,0.0,0.0,0.0,0.0,0.0,0.0,0.0,0.0012817322050771528,0.00014932802389248383,9.955201592832254e-05,0.012244897959183673,0.007142857142857143,0.002775012444001991,0.010614733698357392,0.00971876555500249,0.04122697859631658,0.04454952712792434,0.03260328521652563,0.09387755102040816,0.11315331010452961,0.09295669487307118,0.08780487804878048,0.0897834743653559,0.1116351418616227,0.06377551020408163,0.045968143354902936,0.054517172722747635,0.02109258337481334,0.026455948232951717,0.019761075161772026,0.00971876555500249,0.0009706321553011448,0.0057366849178695865,0.00031110004977600794,6.222000995520159e-05,0.0,1.2444001991040318e-05,0.0,0.0,0.0,0.0,0.0,0.0,0.0,0.0,0.0,0.0,0.0,0.0,0.0,0.0,0.0,0.0,0.0,0.0,0.0,0.0,0.0,0.0,0.0,0.0,0.0,0.0,0.0,0.0,0.0,0.0,0.0,0.0,0.0,0.0,0.0,0.0,0.0,0.0,0.0,0.0,0.0,0.0,0.0,0.0,0.0,nan,nan,4.3,2.8636860293018516,nan,0.9309365449901724,0.023427146840963753,0.0,0.0,0.0,0.0,0.0,0.0,0.0,0.0,0.0,0.0,0.0,0.0,0.0,0.0,0.0,0.0,0.0,0.0,0.0,0.0,0.0,0.0,0.0,0.0,0.0,0.08662175168431185,2.714148219441771,13.368623676612131,11.953801732435037,1.876804619826757,0.933241176144364,0.023197436600711076,0.0,0.0,0.0,0.0,0.0,0.0,0.0,0.0,0.0,0.0,0.0,0.0,0.0,0.0,0.0,0.0,0.0,0.0,0.0,0.0,0.0,0.0,0.0,0.0,0.0,0.046391752577319596,2.3659793814432994,12.695876288659798,12.711340206185572,2.180412371134021,0.4006,0.00893,0.0,0.0,0.0,0.0,0.0,0.0,0.0,0.0,0.0,0.0,0.0,14.047160731472548,15.952839268527434,0.0,0.0,0.0,0.0,0.0,0.0,0.0,0.0,0.0,0.0,0.0,0.0,0.0,0.0,0.0,0.0,0.0,0.401,0.00914,0.0,0.0,0.0,0.0,0.0,0.0,0.0,0.0,0.0,0.0,0.0154639175257732,14.056701030927815,15.927835051546396,0.0,0.0,0.0,0.0,0.0,0.0,0.0,0.0,0.0,0.0,0.0,0.0,0.0,0.0,0.0,0.0,0.0
9500,4026,2086,0.5181321410829608,949,833,0.4426229508196721,1131,0.5618479880774963,0.426,2.995876288659794,3.12802159159412,6.584229390681004,2.275607453123945,9526.566815697963,1613.937708865804,7853.0,11083.0,11083.0,0.0,7853.0,0.0,28.372329855936414,21.186952451551164,33.28461991750147,19.446730476120408,0.13835072031793344,0.09860904123199205,0.09463487332339791,0.08842523596621957,0.07228017883755589,0.07327372081470442,0.06880278191753601,0.06135121708892201,0.06582215598609041,0.05042225534028813,0.045454545454545456,0.03999006458022852,0.03551912568306011,0.026825633383010434,0.01912568306010929,0.015151515151515152,0.005961251862891207,0.9314441714811491,0.023183744325955543,0.0,0.0,0.0,0.0,0.0,0.0,0.0,0.0,0.0,0.0,0.0,0.0,0.0,0.0,0.0,0.0,0.0,0.0,0.0,0.0,0.0,0.0,0.0,0.0,0.0,0.0819672131147541,2.5856929955290617,13.099850968703432,12.347242921013416,1.8852459016393448,4.2340507302075325,2.8870927948431464,nan,nan,nan,4.200938232994527,2.8506420650529902,4.266061980347694,2.9215422395342716,1.0155021911157085,0.4004,0.00896,0.0,0.0,0.0,0.0,0.0,0.0,0.0,0.0,0.0,0.0,0.007451564828614011,14.806259314456014,15.178837555886739,0.007451564828614011,0.0,0.0,0.0,0.0,0.0,0.0,0.0,0.0,0.0,0.0,0.0,0.0,0.0,0.0,0.0,0.0,nan,nan,4.2340507302075325,2.8870927948431464,nan,0.4004,0.04013,0.0,0.0,0.0,0.0,0.0,0.0,0.0,0.0,0.0,0.0,0.0,0.0,0.0,0.0,0.0,0.0,0.0,0.0,0.0,0.0,0.0,0.0,0.0,0.0,0.0,0.0,0.001366120218579235,3.7257824143070045e-05,3.7257824143070045e-05,0.010717834078489816,0.006905116741182315,0.002968206656731247,0.009401390958768008,0.010568802781917536,0.04449826130153999,0.047540983606557376,0.029955290611028317,0.09622454048683557,0.11625683060109289,0.0944361649279682,0.08700943864878291,0.08620218579234973,0.11085444610034774,0.06009687034277198,0.0467585692995529,0.05579980129160457,0.020789865871833086,0.02683805265772479,0.01836810730253353,0.009426229508196722,0.0014530551415797319,0.0053899652260308,1.2419274714356682e-05,8.693492300049677e-05,0.0,0.0,0.0,0.0,0.0,0.0,0.0,0.0,0.0,0.0,0.0,0.0,0.0,0.0,0.0,0.0,0.0,0.0,0.0,0.0,0.0,0.0,0.0,0.0,0.0,0.0,0.0,0.0,0.0,0.0,0.0,0.0,0.0,0.0,0.0,0.0,0.0,0.0,0.0,0.0,0.0,0.0,0.0,0.0,0.0,0.0,0.0,nan,nan,4.2340507302075325,2.8870927948431464,nan,0.9315573888565641,0.023030932308455963,0.0,0.0,0.0,0.0,0.0,0.0,0.0,0.0,0.0,0.0,0.0,0.0,0.0,0.0,0.0,0.0,0.0,0.0,0.0,0.0,0.0,0.0,0.0,0.0,0.0,0.08628954937679771,2.516778523489933,13.144774688398853,12.598274209012468,1.6538830297219562,0.931322433622842,0.02334632814792986,0.0,0.0,0.0,0.0,0.0,0.0,0.0,0.0,0.0,0.0,0.0,0.0,0.0,0.0,0.0,0.0,0.0,0.0,0.0,0.0,0.0,0.0,0.0,0.0,0.0,0.077319587628866,2.65979381443299,13.05154639175258,12.077319587628867,2.1340206185567014,0.4004,0.00904,0.0,0.0,0.0,0.0,0.0,0.0,0.0,0.0,0.0,0.0,0.01438159156279962,14.511025886864791,15.47459252157239,0.0,0.0,0.0,0.0,0.0,0.0,0.0,0.0,0.0,0.0,0.0,0.0,0.0,0.0,0.0,0.0,0.0,0.4004,0.008865,0.0,0.0,0.0,0.0,0.0,0.0,0.0,0.0,0.0,0.0,0.0,15.123711340206164,14.860824742268045,0.0154639175257732,0.0,0.0,0.0,0.0,0.0,0.0,0.0,0.0,0.0,0.0,0.0,0.0,0.0,0.0,0.0,0.0
9600,4068,2075,0.51007866273353,987,826,0.44567354965585054,1137,0.5589970501474927,0.422,2.9643753135975914,3.141301088319757,6.6852517985611515,2.1229810827241673,9500.554080629301,1614.6718650655869,7853.0,11083.0,11083.0,0.0,7853.0,0.0,28.177974434611603,20.966560129994992,32.94015107495642,19.276616265992082,0.13249754178957718,0.10570304818092428,0.09144542772861357,0.08382497541789577,0.08579154375614553,0.07325467059980334,0.06784660766961652,0.06293018682399214,0.061455260570304815,0.04965585054080629,0.04793510324483776,0.04105211406096362,0.030727630285152407,0.027777777777777776,0.020403146509341198,0.01007866273352999,0.007620452310717798,0.9321122844515766,0.02320128866376419,0.0,0.0,0.0,0.0,0.0,0.0,0.0,0.0,0.0,0.0,0.0,0.0,0.0,0.0,0.0,0.0,0.0,0.0,0.0,0.0,0.0,0.0,0.0,0.0,0.0,0.08112094395280238,2.3598820058997054,13.244837758112098,12.29351032448378,2.020648967551623,4.317539166985098,2.9050129253384416,nan,nan,nan,4.313444108761329,2.969751926793701,4.3217324052590875,2.837185314706505,1.0019215031628492,0.4001,0.00897,0.0,0.0,0.0,0.0,0.0,0.0,0.0,0.0,0.0,0.0,0.0,14.918879056047176,15.081120943952806,0.0,0.0,0.0,0.0,0.0,0.0,0.0,0.0,0.0,0.0,0.0,0.0,0.0,0.0,0.0,0.0,0.0,nan,nan,4.317539166985098,2.9050129253384416,nan,0.4001,0.03998,0.0,0.0,0.0,0.0,0.0,0.0,0.0,0.0,0.0,0.0,0.0,0.0,0.0,0.0,0.0,0.0,0.0,0.0,0.0,0.0,0.0,0.0,0.0,0.0,0.0,0.0,0.0014872173058013765,2.4582104228121928e-05,0.0,0.010201573254670599,0.007595870206489675,0.004240412979351032,0.009722222222222222,0.009390363815142575,0.04471484759095379,0.047123893805309736,0.028404621435594888,0.09550147492625369,0.11752704031465093,0.0984882005899705,0.08695919370698131,0.08867994100294985,0.11037364798426745,0.05887413962635202,0.04476401179941003,0.05651425762045231,0.01999754178957719,0.025331858407079647,0.018067846607669618,0.009205998033431662,0.0012291052114060963,0.005444936086529007,6.145526057030482e-05,7.374631268436578e-05,0.0,0.0,0.0,0.0,0.0,0.0,0.0,0.0,0.0,0.0,0.0,0.0,0.0,0.0,0.0,0.0,0.0,0.0,0.0,0.0,0.0,0.0,0.0,0.0,0.0,0.0,0.0,0.0,0.0,0.0,0.0,0.0,0.0,0.0,0.0,0.0,0.0,0.0,0.0,0.0,0.0,0.0,0.0,0.0,0.0,0.0,0.0,nan,nan,4.317539166985098,2.9050129253384416,nan,0.9326017962306379,0.022832317028973682,0.0,0.0,0.0,0.0,0.0,0.0,0.0,0.0,0.0,0.0,0.0,0.0,0.0,0.0,0.0,0.0,0.0,0.0,0.0,0.0,0.0,0.0,0.0,0.0,0.0,0.057831325301204835,2.2698795180722895,13.026506024096388,12.693975903614461,1.9518072289156632,0.9316026321979126,0.023568506507890694,0.0,0.0,0.0,0.0,0.0,0.0,0.0,0.0,0.0,0.0,0.0,0.0,0.0,0.0,0.0,0.0,0.0,0.0,0.0,0.0,0.0,0.0,0.0,0.0,0.0,0.10536879076768693,2.453587556447567,13.472152533868544,11.876567987957854,2.0923231309583548,0.4001,0.00908,0.0,0.0,0.0,0.0,0.0,0.0,0.0,0.0,0.0,0.0,0.0,14.804819277108413,15.19518072289157,0.0,0.0,0.0,0.0,0.0,0.0,0.0,0.0,0.0,0.0,0.0,0.0,0.0,0.0,0.0,0.0,0.0,0.4,0.00886,0.0,0.0,0.0,0.0,0.0,0.0,0.0,0.0,0.0,0.0,0.0,15.037631710988437,14.962368289011543,0.0,0.0,0.0,0.0,0.0,0.0,0.0,0.0,0.0,0.0,0.0,0.0,0.0,0.0,0.0,0.0,0.0
9700,4328,2233,0.5159426987060998,1053,888,0.4484750462107209,1226,0.566543438077634,0.418,2.964200477326969,3.1252543599240235,6.697952218430034,2.0833885264115124,9519.494916820702,1614.178823284963,7853.0,11083.0,11083.0,0.0,7853.0,0.0,27.60559149722736,20.697069902800404,32.49147414741474,18.974120639505564,0.14094269870609982,0.10143253234750461,0.09519408502772643,0.08872458410351201,0.08271719038817006,0.0727818853974122,0.06839186691312385,0.06030499075785582,0.05730129390018484,0.0522181146025878,0.053604436229205174,0.03927911275415896,0.03188539741219963,0.022412199630314232,0.015942698706099816,0.01132162661737523,0.005545286506469501,0.9303621340976845,0.02265416041833867,0.0,0.0,0.0,0.0,0.0,0.0,0.0,0.0,0.0,0.0,0.0,0.0,0.0,0.0,0.0,0.0,0.0,0.0,0.0,0.0,0.0,0.0,0.0,0.0,0.0,0.09704251386321629,2.6686691312384476,13.703789279112758,11.915434380776343,1.6150646950092427,4.2455068296189795,2.886750443316475,nan,nan,nan,4.221194879089616,2.877317038067854,4.270348837209302,2.8961469783443428,1.0116445602554809,0.3994,0.0087,0.0,0.0,0.0,0.0,0.0,0.0,0.0,0.0,0.0,0.0,0.0,15.776340110905707,14.223659889094273,0.0,0.0,0.0,0.0,0.0,0.0,0.0,0.0,0.0,0.0,0.0,0.0,0.0,0.0,0.0,0.0,0.0,nan,nan,4.2455068296189795,2.886750443316475,nan,0.3994,0.04013,0.0,0.0,0.0,0.0,0.0,0.0,0.0,0.0,0.0,0.0,0.0,0.0,0.0,0.0,0.0,0.0,0.0,0.0,0.0,0.0,0.0,1.155268022181146e-05,0.0,0.0,0.0,0.0,0.0017097966728280962,5.77634011090573e-05,3.465804066543438e-05,0.010663123844731977,0.0071857670979667285,0.003927911275415897,0.010512939001848428,0.010824861367837339,0.04600277264325323,0.04619916820702403,0.02856977818853974,0.10035813308687616,0.11705175600739372,0.09827865064695009,0.08583641404805915,0.08554759704251386,0.10841035120147874,0.060270332717190386,0.04518253234750462,0.05585720887245841,0.018877079482439926,0.02556608133086876,0.0184496303142329,0.0077980591497227355,0.0009473197781885397,0.005626155268022182,3.465804066543438e-05,0.0002079482439926063,0.0,0.0,0.0,0.0,0.0,0.0,0.0,0.0,0.0,0.0,0.0,0.0,0.0,0.0,0.0,0.0,0.0,0.0,0.0,0.0,0.0,0.0,0.0,0.0,0.0,0.0,0.0,0.0,0.0,0.0,0.0,0.0,0.0,0.0,0.0,0.0,0.0,0.0,0.0,0.0,0.0,0.0,0.0,0.0,0.0,0.0,0.0,nan,nan,4.2455068296189795,2.886750443316475,nan,0.9303351311848082,0.022731630857352643,0.0,0.0,0.0,0.0,0.0,0.0,0.0,0.0,0.0,0.0,0.0,0.0,0.0,0.0,0.0,0.0,0.0,0.0,0.0,0.0,0.0,0.0,0.0,0.0,0.0,0.12091356918943129,2.619793999104344,13.784146887595167,11.809225257501122,1.6659202866099423,0.9303909157227218,0.022571258602144754,0.0,0.0,0.0,0.0,0.0,0.0,0.0,0.0,0.0,0.0,0.0,0.0,0.0,0.0,0.0,0.0,0.0,0.0,0.0,0.0,0.0,0.0,0.0,0.0,0.0,0.07159904534606207,2.7207637231503585,13.618138424821005,12.028639618138428,1.5608591885441532,0.3994,0.00867,0.0,0.0,0.0,0.0,0.0,0.0,0.0,0.0,0.0,0.0,0.0,16.027765338110143,13.972234661889837,0.0,0.0,0.0,0.0,0.0,0.0,0.0,0.0,0.0,0.0,0.0,0.0,0.0,0.0,0.0,0.0,0.0,0.3997,0.008736,0.0,0.0,0.0,0.0,0.0,0.0,0.0,0.0,0.0,0.0,0.0,15.508353221957018,14.491646778042963,0.0,0.0,0.0,0.0,0.0,0.0,0.0,0.0,0.0,0.0,0.0,0.0,0.0,0.0,0.0,0.0,0.0
9800,4455,2327,0.522334455667789,1099,886,0.44556677890011226,1243,0.5580246913580247,0.39799999999999996,2.914473684210526,2.9533046841763815,6.190476190476191,2.0567900932103753,9540.140291806958,1613.3879813293536,7853.0,11083.0,11083.0,0.0,7853.0,0.0,28.89270482603816,21.17703006145477,33.74006359300477,19.367434262334953,0.13153759820426486,0.09607182940516273,0.0920314253647587,0.08282828282828283,0.07946127946127945,0.0745230078563412,0.0691358024691358,0.06464646464646465,0.05925925925925926,0.05432098765432099,0.050505050505050504,0.04377104377104377,0.03232323232323232,0.028956228956228958,0.02042648709315376,0.012570145903479237,0.007631874298540965,0.9314060574562595,0.023112439732311245,0.0,0.0,0.0,0.0,0.0,0.0,0.0,0.0,0.0,0.0,0.0,0.0,0.0,0.0,0.0,0.0,0.0,0.0,0.0,0.0,0.0,0.0,0.0,0.0,0.0,0.08080808080808081,2.4579124579124585,13.609427609427613,11.898989898989901,1.9528619528619533,4.152426520847573,2.7700686215409522,nan,nan,nan,4.172932330827067,2.785722818258227,4.131920710868079,2.7541727867803045,0.9901719901719902,0.3992,0.00897,0.0,0.0,0.0,0.0,0.0,0.0,0.0,0.0,0.0,0.0,0.0,16.047138047138024,13.94612794612795,0.0067340067340067354,0.0,0.0,0.0,0.0,0.0,0.0,0.0,0.0,0.0,0.0,0.0,0.0,0.0,0.0,0.0,0.0,nan,nan,4.152426520847573,2.7700686215409522,nan,0.3992,0.04068,0.0,0.0,0.0,0.0,0.0,0.0,0.0,0.0,0.0,0.0,0.0,0.0,0.0,0.0,0.0,0.0,0.0,0.0,0.0,0.0,0.0,0.0,0.0,0.0,0.0,0.0,0.0014141414141414141,2.244668911335578e-05,6.734006734006734e-05,0.01138047138047138,0.008473625140291806,0.004769921436588103,0.010684624017957351,0.012222222222222223,0.04826038159371493,0.04576879910213243,0.026464646464646465,0.10166105499438832,0.11585858585858586,0.09713804713804713,0.08253647586980921,0.08524130190796858,0.10745230078563411,0.06490460157126823,0.04414141414141414,0.054646464646464644,0.017272727272727273,0.02493827160493827,0.016980920314253647,0.009079685746352413,0.0011896745230078564,0.006902356902356902,0.00013468013468013467,0.00039281705948372616,0.0,0.0,0.0,0.0,0.0,0.0,0.0,0.0,0.0,0.0,0.0,0.0,0.0,0.0,0.0,0.0,0.0,0.0,0.0,0.0,0.0,0.0,0.0,0.0,0.0,0.0,0.0,0.0,0.0,0.0,0.0,0.0,0.0,0.0,0.0,0.0,0.0,0.0,0.0,0.0,0.0,0.0,0.0,0.0,0.0,0.0,0.0,nan,nan,4.152426520847573,2.7700686215409522,nan,0.9320291161383484,0.02345855784655983,0.0,0.0,0.0,0.0,0.0,0.0,0.0,0.0,0.0,0.0,0.0,0.0,0.0,0.0,0.0,0.0,0.0,0.0,0.0,0.0,0.0,0.0,0.0,0.0,0.0,0.09024495058014613,2.3721529866781266,13.278899871078645,12.105715513536746,2.1529866781263434,0.9307247334180918,0.022708362384082716,0.0,0.0,0.0,0.0,0.0,0.0,0.0,0.0,0.0,0.0,0.0,0.0,0.0,0.0,0.0,0.0,0.0,0.0,0.0,0.0,0.0,0.0,0.0,0.0,0.0,0.0704887218045113,2.551691729323309,13.970864661654138,11.672932330827072,1.734022556390978,0.3992,0.008934,0.0,0.0,0.0,0.0,0.0,0.0,0.0,0.0,0.0,0.0,0.0,16.14095401804897,13.846153846153848,0.012892135797163733,0.0,0.0,0.0,0.0,0.0,0.0,0.0,0.0,0.0,0.0,0.0,0.0,0.0,0.0,0.0,0.0,0.3994,0.00902,0.0,0.0,0.0,0.0,0.0,0.0,0.0,0.0,0.0,0.0,0.0,15.944548872180427,14.055451127819552,0.0,0.0,0.0,0.0,0.0,0.0,0.0,0.0,0.0,0.0,0.0,0.0,0.0,0.0,0.0,0.0,0.0
9900,4179,2191,0.52428810720268,1028,846,0.44843263938741323,1154,0.5522852357023211,0.422,2.9788732394366195,3.1178328415415306,6.737827715355805,2.2088076503479437,9546.450586264657,1613.0934583943767,7853.0,11083.0,11083.0,0.0,7853.0,0.0,27.694185211773153,20.694447333592755,32.825337546681986,18.863834224856053,0.1440536013400335,0.10098109595597032,0.08925580282364202,0.08877721943048576,0.07968413496051686,0.07130892558028236,0.07154821727686049,0.06676238334529792,0.05862646566164154,0.05360134003350084,0.049772672888250775,0.03589375448671931,0.029672170375687965,0.02656137832017229,0.017468293850203397,0.010768126346015794,0.005264417324718832,0.9308086237458985,0.02330523579432214,0.0,0.0,0.0,0.0,0.0,0.0,0.0,0.0,0.0,0.0,0.0,0.0,0.0,0.0,0.0,0.0,0.0,0.0,0.0,0.0,0.0,0.0,0.0,0.0,0.0,0.1005025125628141,2.7422828427853556,13.273510409188805,11.923905240488159,1.9597989949748749,4.233867959716524,2.8853748173073224,nan,nan,nan,4.322172619047619,2.9395571894764463,4.145958083832335,2.8279690261058894,0.959230102370573,0.399,0.00905,0.0,0.0,0.0,0.0,0.0,0.0,0.0,0.0,0.0,0.0,0.0,16.47523330940414,13.52476669059584,0.0,0.0,0.0,0.0,0.0,0.0,0.0,0.0,0.0,0.0,0.0,0.0,0.0,0.0,0.0,0.0,0.0,nan,nan,4.233867959716524,2.8853748173073224,nan,0.399,0.04065,0.0,0.0,0.0,0.0,0.0,0.0,0.0,0.0,0.0,0.0,0.0,0.0,0.0,0.0,0.0,0.0,0.0,0.0,0.0,0.0,0.0,0.0,0.0,0.0,0.0,7.178750897343863e-05,0.0013639626704953338,3.5893754486719313e-05,0.0,0.012849964106245513,0.00896147403685092,0.004139746350801627,0.009966499162479062,0.011916726489590811,0.04836085187843982,0.0453457765015554,0.02847571189279732,0.10045465422349845,0.11284996410624551,0.0998085666427375,0.08630055037090213,0.08560660445082556,0.10698731754008135,0.06298157453936348,0.04472361809045226,0.052524527398899255,0.019155300311079204,0.024335965541995692,0.015841110313472122,0.007465900933237617,0.0014836085187843982,0.007489830102895429,4.785833931562575e-05,0.00044268963866953817,1.1964584828906437e-05,0.0,0.0,0.0,0.0,0.0,0.0,0.0,0.0,0.0,0.0,0.0,0.0,0.0,0.0,0.0,0.0,0.0,0.0,0.0,0.0,0.0,0.0,0.0,0.0,0.0,0.0,0.0,0.0,0.0,0.0,0.0,0.0,0.0,0.0,0.0,0.0,0.0,0.0,0.0,0.0,0.0,0.0,0.0,0.0,0.0,0.0,nan,nan,4.233867959716524,2.8853748173073224,nan,0.9303140170440343,0.023452702347974155,0.0,0.0,0.0,0.0,0.0,0.0,0.0,0.0,0.0,0.0,0.0,0.0,0.0,0.0,0.0,0.0,0.0,0.0,0.0,0.0,0.0,0.0,0.0,0.0,0.0,0.12323140118667278,2.7795527156549524,13.432222729347334,11.775445002282066,1.8895481515289827,0.9313537360616853,0.023129373731315083,0.0,0.0,0.0,0.0,0.0,0.0,0.0,0.0,0.0,0.0,0.0,0.0,0.0,0.0,0.0,0.0,0.0,0.0,0.0,0.0,0.0,0.0,0.0,0.0,0.0,0.07545271629778673,2.701207243460765,13.098591549295778,12.087525150905435,2.0372233400402417,0.399,0.00903,0.0,0.0,0.0,0.0,0.0,0.0,0.0,0.0,0.0,0.0,0.0,16.499315381104495,13.500684618895486,0.0,0.0,0.0,0.0,0.0,0.0,0.0,0.0,0.0,0.0,0.0,0.0,0.0,0.0,0.0,0.0,0.0,0.399,0.00906,0.0,0.0,0.0,0.0,0.0,0.0,0.0,0.0,0.0,0.0,0.0,16.44869215291748,13.551307847082498,0.0,0.0,0.0,0.0,0.0,0.0,0.0,0.0,0.0,0.0,0.0,0.0,0.0,0.0,0.0,0.0,0.0
10000,4328,2276,0.5258780036968577,1055,869,0.444547134935305,1215,0.5614602587800369,0.41,3.009259259259259,3.112167537382564,6.574137931034483,2.1900291562244005,9551.58595194085,1612.8355119596488,7853.0,11083.0,11083.0,0.0,7853.0,0.0,28.09634935304991,20.969196790280822,33.238029338499864,19.132654855169868,0.1414048059149723,0.1044362292051756,0.08572088724584104,0.08294824399260628,0.07763401109057301,0.0822550831792976,0.06353974121996303,0.05938077634011091,0.0640018484288355,0.052911275415896485,0.04852125693160813,0.04251386321626617,0.034195933456561925,0.02356746765249538,0.01963955637707948,0.01178373382624769,0.005545286506469501,0.9303057643545313,0.02323261765494754,0.0,0.0,0.0,0.0,0.0,0.0,0.0,0.0,0.0,0.0,0.0,0.0,0.0,0.0,0.0,0.0,0.0,0.0,0.0,0.0,0.0,0.0,0.0,0.0,0.0,0.11783733826247692,2.710258780036969,13.481977818853977,11.96395563770795,1.7259704251386325,4.249910618519842,2.9051451945187043,nan,nan,nan,4.220640569395018,2.9486231087335804,4.279454022988506,2.8602874907070635,1.0139347221414587,0.399,0.00898,0.0,0.0,0.0,0.0,0.0,0.0,0.0,0.0,0.0,0.0,0.0,16.18530499075783,13.814695009242147,0.0,0.0,0.0,0.0,0.0,0.0,0.0,0.0,0.0,0.0,0.0,0.0,0.0,0.0,0.0,0.0,0.0,nan,nan,4.249910618519842,2.9051451945187043,nan,0.399,0.0407,0.0,0.0,0.0,0.0,0.0,0.0,0.0,0.0,0.0,0.0,0.0,0.0,0.0,0.0,0.0,0.0,0.0,0.0,0.0,0.0,0.0,0.0,0.0,0.0,0.0,5.77634011090573e-05,0.0022758780036968578,9.242144177449168e-05,5.77634011090573e-05,0.013077634011090572,0.008525878003696858,0.004043438077634011,0.00964648798521257,0.011032809611829945,0.04756238447319778,0.0459681146025878,0.029078096118299444,0.09980360443622921,0.11516866913123845,0.09668438077634012,0.08729205175600739,0.0850854898336414,0.10590341959334566,0.06486829944547134,0.04555221811460259,0.0510050831792976,0.019755083179297597,0.025831792975970425,0.016023567467652496,0.007405268022181146,0.0009473197781885397,0.006677449168207024,0.00012707948243992606,0.0004390018484288355,1.155268022181146e-05,0.0,0.0,0.0,0.0,0.0,0.0,0.0,0.0,0.0,0.0,0.0,0.0,0.0,0.0,0.0,0.0,0.0,0.0,0.0,0.0,0.0,0.0,0.0,0.0,0.0,0.0,0.0,0.0,0.0,0.0,0.0,0.0,0.0,0.0,0.0,0.0,0.0,0.0,0.0,0.0,0.0,0.0,0.0,0.0,0.0,0.0,nan,nan,4.249910618519842,2.9051451945187043,nan,0.9306784005858567,0.02362877127798176,0.0,0.0,0.0,0.0,0.0,0.0,0.0,0.0,0.0,0.0,0.0,0.0,0.0,0.0,0.0,0.0,0.0,0.0,0.0,0.0,0.0,0.0,0.0,0.0,0.0,0.1186291739894552,2.662565905096661,13.339191564147631,11.862917398945521,2.0166959578207386,0.9298924504839189,0.02277803452346603,0.0,0.0,0.0,0.0,0.0,0.0,0.0,0.0,0.0,0.0,0.0,0.0,0.0,0.0,0.0,0.0,0.0,0.0,0.0,0.0,0.0,0.0,0.0,0.0,0.0,0.1169590643274854,2.7631578947368425,13.640350877192986,12.07602339181287,1.4035087719298247,0.3987,0.00908,0.0,0.0,0.0,0.0,0.0,0.0,0.0,0.0,0.0,0.0,0.0,16.370826010544793,13.629173989455188,0.0,0.0,0.0,0.0,0.0,0.0,0.0,0.0,0.0,0.0,0.0,0.0,0.0,0.0,0.0,0.0,0.0,0.3992,0.00886,0.0,0.0,0.0,0.0,0.0,0.0,0.0,0.0,0.0,0.0,0.0,15.979532163742665,14.020467836257314,0.0,0.0,0.0,0.0,0.0,0.0,0.0,0.0,0.0,0.0,0.0,0.0,0.0,0.0,0.0,0.0,0.0
10100,4342,2231,0.5138185168125288,1029,879,0.4394288346384155,1202,0.5536619069553201,0.418,2.895310279488394,3.1311052022677073,6.550442477876106,2.3347366831046643,9512.633809304469,1614.383109137039,7853.0,11083.0,11083.0,0.0,7853.0,0.0,27.687010594196224,21.06165220919514,32.844260027662514,19.321530129032993,0.1441731920773837,0.1011054813450023,0.09672961768770152,0.08751727314601566,0.0812989405803777,0.07277752187931828,0.06425610317825886,0.06379548595117457,0.06149239981575311,0.04951635191156149,0.04122524182404422,0.03661906955320129,0.036158452326116995,0.02694610778443114,0.014739751266697375,0.013588208198986642,0.008060801473975126,0.9302760744934969,0.02383840752662874,0.0,0.0,0.0,0.0,0.0,0.0,0.0,0.0,0.0,0.0,0.0,0.0,0.0,0.0,0.0,0.0,0.0,0.0,0.0,0.0,0.0,0.0,0.0,0.0,0.0,0.10363887609396594,2.964071856287426,13.376324274527871,11.635191156149244,1.920773836941502,4.304949053857351,2.908881439211632,nan,nan,nan,4.323054331864904,2.932908137399209,4.287157287157287,2.884965181404426,0.991696369753435,0.3987,0.00898,0.0,0.0,0.0,0.0,0.0,0.0,0.0,0.0,0.0,0.0,0.0,17.224781206817113,12.76140027637034,0.013818516812528792,0.0,0.0,0.0,0.0,0.0,0.0,0.0,0.0,0.0,0.0,0.0,0.0,0.0,0.0,0.0,0.0,nan,nan,4.304949053857351,2.908881439211632,nan,0.3987,0.04126,0.0,0.0,0.0,0.0,0.0,0.0,0.0,0.0,0.0,0.0,0.0,0.0,0.0,0.0,0.0,0.0,0.0,0.0,0.0,0.0,0.0,0.0,0.0,0.0,0.0,8.060801473975126e-05,0.002671579917088899,0.00011515430677107324,0.0,0.0132081989866421,0.009108705665591892,0.004744357438968217,0.011054813450023031,0.01230999539382773,0.04852602487333026,0.04562413634269922,0.031874712114233074,0.09751266697374482,0.113841547673883,0.09306771073238139,0.09002763703362505,0.08390142791340396,0.10328189774297558,0.06551128512206357,0.04497927222478121,0.04991939198526025,0.019610778443113774,0.0262551819438047,0.015891294334408106,0.007842008291110087,0.0016582220175034546,0.007035928143712575,0.00016121602947950252,0.00018424689083371717,0.0,0.0,0.0,0.0,0.0,0.0,0.0,0.0,0.0,0.0,0.0,0.0,0.0,0.0,0.0,0.0,0.0,0.0,0.0,0.0,0.0,0.0,0.0,0.0,0.0,0.0,0.0,0.0,0.0,0.0,0.0,0.0,0.0,0.0,0.0,0.0,0.0,0.0,0.0,0.0,0.0,0.0,0.0,0.0,0.0,0.0,0.0,nan,nan,4.304949053857351,2.908881439211632,nan,0.9306125057913807,0.02375663141605612,0.0,0.0,0.0,0.0,0.0,0.0,0.0,0.0,0.0,0.0,0.0,0.0,0.0,0.0,0.0,0.0,0.0,0.0,0.0,0.0,0.0,0.0,0.0,0.0,0.0,0.06723442402510087,2.783505154639176,13.541012998655315,11.61810847153743,1.9901389511429857,0.9299205187258139,0.023919385851142408,0.0,0.0,0.0,0.0,0.0,0.0,0.0,0.0,0.0,0.0,0.0,0.0,0.0,0.0,0.0,0.0,0.0,0.0,0.0,0.0,0.0,0.0,0.0,0.0,0.0,0.1421127427759356,3.1549028896257707,13.202273803884419,11.653244907626721,1.847465656087163,0.3984,0.00908,0.0,0.0,0.0,0.0,0.0,0.0,0.0,0.0,0.0,0.0,0.0,17.14477812640069,12.855221873599286,0.0,0.0,0.0,0.0,0.0,0.0,0.0,0.0,0.0,0.0,0.0,0.0,0.0,0.0,0.0,0.0,0.0,0.3987,0.00887,0.0,0.0,0.0,0.0,0.0,0.0,0.0,0.0,0.0,0.0,0.0,17.30933207010893,12.662245381335863,0.02842254855518712,0.0,0.0,0.0,0.0,0.0,0.0,0.0,0.0,0.0,0.0,0.0,0.0,0.0,0.0,0.0,0.0
10200,4466,2315,0.5183609493954322,1044,900,0.43528884908195253,1245,0.5575459023734886,0.414,3.00418410041841,3.095336419747649,6.544283413848631,2.1324999149989363,9527.305866547245,1613.9107206388712,7853.0,11083.0,11083.0,0.0,7853.0,0.0,28.539408866995075,21.251166633971852,33.515159574468086,19.47279291227438,0.13658755038065382,0.10188087774294671,0.09314823107926556,0.07926556202418271,0.07993730407523511,0.07120465741155396,0.06739811912225706,0.06157635467980296,0.06493506493506493,0.05508284818629646,0.04769368562472011,0.04097626511419615,0.03179579041648007,0.02418271383788625,0.025078369905956112,0.01186744290192566,0.007389162561576354,0.9299725433315229,0.02287249515766907,0.0,0.0,0.0,0.0,0.0,0.0,0.0,0.0,0.0,0.0,0.0,0.0,0.0,0.0,0.0,0.0,0.0,0.0,0.0,0.0,0.0,0.0,0.0,0.0,0.0,0.1477832512315271,2.5862068965517246,14.02597402597403,11.68831168831169,1.551724137931035,4.338883107873743,2.8317308645202197,nan,nan,nan,4.262328767123288,2.8168436725302706,4.41742796907941,2.8447838849956377,1.036388371341144,0.3987,0.009285,0.0,0.0,0.0,0.0,0.0,0.0,0.0,0.0,0.0,0.0,0.013434841021047922,16.672637707120444,13.31392745185849,0.0,0.0,0.0,0.0,0.0,0.0,0.0,0.0,0.0,0.0,0.0,0.0,0.0,0.0,0.0,0.0,0.0,nan,nan,4.338883107873743,2.8317308645202197,nan,0.3987,0.04156,0.0,0.0,0.0,0.0,0.0,0.0,0.0,0.0,0.0,0.0,0.0,0.0,0.0,0.0,0.0,0.0,0.0,0.0,0.0,0.0,0.0,0.0,0.0,0.0,0.0,5.597850425436632e-05,0.0025638154948499775,0.00016793551276309896,5.597850425436632e-05,0.0143640841916704,0.010143304970891177,0.005497089117778773,0.010635915808329602,0.011721898790864308,0.04838781907747425,0.045454545454545456,0.028817733990147785,0.09586878638602776,0.11324451410658307,0.09261083743842365,0.08958799820868786,0.08343036274070757,0.10292207792207793,0.06689431258396776,0.04437975817286162,0.05173533363188536,0.020700850873264665,0.027765338110165697,0.016894312583967758,0.008721450962830272,0.0013882669055082849,0.005586654724585759,0.00013434841021047917,0.00026869682042095835,0.0,0.0,0.0,0.0,0.0,0.0,0.0,0.0,0.0,0.0,0.0,0.0,0.0,0.0,0.0,0.0,0.0,0.0,0.0,0.0,0.0,0.0,0.0,0.0,0.0,0.0,0.0,0.0,0.0,0.0,0.0,0.0,0.0,0.0,0.0,0.0,0.0,0.0,0.0,0.0,0.0,0.0,0.0,0.0,0.0,0.0,0.0,nan,nan,4.338883107873743,2.8317308645202197,nan,0.9297584996882576,0.022934707501258957,0.0,0.0,0.0,0.0,0.0,0.0,0.0,0.0,0.0,0.0,0.0,0.0,0.0,0.0,0.0,0.0,0.0,0.0,0.0,0.0,0.0,0.0,0.0,0.0,0.0,0.19438444924406054,2.7213822894168476,13.762419006479485,11.909287257019441,1.412526997840173,0.9302029064343398,0.0228031052574573,0.0,0.0,0.0,0.0,0.0,0.0,0.0,0.0,0.0,0.0,0.0,0.0,0.0,0.0,0.0,0.0,0.0,0.0,0.0,0.0,0.0,0.0,0.0,0.0,0.0,0.09762900976290101,2.440725244072525,14.309623430962347,11.450488145048817,1.7015341701534175,0.3987,0.0093,0.0,0.0,0.0,0.0,0.0,0.0,0.0,0.0,0.0,0.0,0.012958963282937368,16.976241900647924,13.010799136069117,0.0,0.0,0.0,0.0,0.0,0.0,0.0,0.0,0.0,0.0,0.0,0.0,0.0,0.0,0.0,0.0,0.0,0.399,0.00928,0.0,0.0,0.0,0.0,0.0,0.0,0.0,0.0,0.0,0.0,0.013947001394700143,16.34588563458854,13.64016736401674,0.0,0.0,0.0,0.0,0.0,0.0,0.0,0.0,0.0,0.0,0.0,0.0,0.0,0.0,0.0,0.0,0.0
10300,4580,2337,0.5102620087336245,1120,933,0.4482532751091703,1294,0.5650655021834061,0.414,3.0111457868925546,3.1140257223460375,6.585626911314985,2.159788503692551,9501.146288209608,1614.6598166728265,7853.0,11083.0,11083.0,0.0,7853.0,0.0,27.942576419213975,20.86622967764702,33.08791208791209,19.00493244480004,0.14563318777292578,0.1,0.08668122270742358,0.07838427947598253,0.08864628820960699,0.07685589519650655,0.06550218340611354,0.060698689956331875,0.05982532751091703,0.05786026200873363,0.04192139737991266,0.045633187772925764,0.033624454148471615,0.025109170305676855,0.018558951965065504,0.010262008733624454,0.00480349344978166,0.9294332143521205,0.023103511658027178,0.0,0.0,0.0,0.0,0.0,0.0,0.0,0.0,0.0,0.0,0.0,0.0,0.0,0.0,0.0,0.0,0.0,0.0,0.0,0.0,0.0,0.0,0.0,0.0,0.0,0.10480349344978168,2.9410480349344987,14.004366812227078,11.384279475982536,1.565502183406114,4.337268128161889,2.887825925151264,nan,nan,nan,4.295407813570939,2.888335268857513,4.3778220451527226,2.8867535606155394,1.0191865906937647,0.3984,0.0091,0.0,0.0,0.0,0.0,0.0,0.0,0.0,0.0,0.0,0.0,0.02620087336244542,16.683406113537092,13.29039301310044,0.0,0.0,0.0,0.0,0.0,0.0,0.0,0.0,0.0,0.0,0.0,0.0,0.0,0.0,0.0,0.0,0.0,nan,nan,4.337268128161889,2.887825925151264,nan,0.3984,0.0415,0.0,0.0,0.0,0.0,0.0,0.0,0.0,0.0,0.0,0.0,0.0,0.0,0.0,0.0,0.0,0.0,0.0,0.0,0.0,0.0,0.0,0.0,0.0,0.0,3.275109170305677e-05,1.0917030567685589e-05,0.0022925764192139736,0.0003165938864628821,0.0,0.013908296943231441,0.009814410480349344,0.005338427947598253,0.012292576419213974,0.011997816593886462,0.05183406113537118,0.04851528384279476,0.02712882096069869,0.09465065502183406,0.11201965065502184,0.08775109170305677,0.09072052401746725,0.08175764192139738,0.10397379912663755,0.06723799126637554,0.04681222707423581,0.05210698689956332,0.02068777292576419,0.028646288209606987,0.015393013100436682,0.008013100436681223,0.0011026200873362445,0.00509825327510917,8.733624454148471e-05,0.00045851528384279475,0.0,0.0,0.0,0.0,0.0,0.0,0.0,0.0,0.0,0.0,0.0,0.0,0.0,0.0,0.0,0.0,0.0,0.0,0.0,0.0,0.0,0.0,0.0,0.0,0.0,0.0,0.0,0.0,0.0,0.0,0.0,0.0,0.0,0.0,0.0,0.0,0.0,0.0,0.0,0.0,0.0,0.0,0.0,0.0,0.0,0.0,0.0,nan,nan,4.337268128161889,2.887825925151264,nan,0.9291703894345434,0.022704508110665225,0.0,0.0,0.0,0.0,0.0,0.0,0.0,0.0,0.0,0.0,0.0,0.0,0.0,0.0,0.0,0.0,0.0,0.0,0.0,0.0,0.0,0.0,0.0,0.0,0.0,0.07702182284980746,2.9653401797175873,14.184852374839542,11.296534017971762,1.4762516046213097,0.9297070537780578,0.02350890963969979,0.0,0.0,0.0,0.0,0.0,0.0,0.0,0.0,0.0,0.0,0.0,0.0,0.0,0.0,0.0,0.0,0.0,0.0,0.0,0.0,0.0,0.0,0.0,0.0,0.0,0.1337494427106554,2.915737851092288,13.816317432010703,11.475702184574233,1.658493089612127,0.3982,0.00897,0.0,0.0,0.0,0.0,0.0,0.0,0.0,0.0,0.0,0.0,0.02567394094993582,16.919127086007677,13.055198973042366,0.0,0.0,0.0,0.0,0.0,0.0,0.0,0.0,0.0,0.0,0.0,0.0,0.0,0.0,0.0,0.0,0.0,0.3987,0.009224,0.0,0.0,0.0,0.0,0.0,0.0,0.0,0.0,0.0,0.0,0.02674988854213108,16.437806509139524,13.535443602318328,0.0,0.0,0.0,0.0,0.0,0.0,0.0,0.0,0.0,0.0,0.0,0.0,0.0,0.0,0.0,0.0,0.0
10400,4778,2437,0.5100460443700293,1175,963,0.44746755964838847,1348,0.5642528254499791,0.414,3.0422896198205893,3.1131868270734873,6.555555555555555,2.1476523592682093,9500.448723315194,1614.673985780168,7853.0,11083.0,11083.0,0.0,7853.0,0.0,27.818752616157386,20.693436169353337,32.642732919254655,18.975644736141916,0.13666806195060696,0.09857681038091251,0.09753034742570113,0.08643784010046045,0.07911259941398074,0.07890330682293847,0.07283382168271244,0.06362494767685224,0.056508999581414816,0.05295102553369611,0.04227710339053997,0.04395144411887819,0.031603181247383844,0.02678945165341147,0.015487651737128506,0.008371703641691083,0.008371703641691083,0.9299487074382538,0.023245845894479734,0.0,0.0,0.0,0.0,0.0,0.0,0.0,0.0,0.0,0.0,0.0,0.0,0.0,0.0,0.0,0.0,0.0,0.0,0.0,0.0,0.0,0.0,0.0,0.0,0.0,0.09418166596902472,2.938467978233571,13.499372122226877,11.866889912097115,1.6010883214734202,4.327927343496595,2.8978425126178675,nan,nan,nan,4.413592233009709,2.869402761748621,4.24187256176853,2.923607268153828,0.9610929913377884,0.3982,0.00948,0.0,0.0,0.0,0.0,0.0,0.0,0.0,0.0,0.0,0.0,0.01883633319380494,17.260359983256567,12.708246128087069,0.012557555462536629,0.0,0.0,0.0,0.0,0.0,0.0,0.0,0.0,0.0,0.0,0.0,0.0,0.0,0.0,0.0,0.0,nan,nan,4.327927343496595,2.8978425126178675,nan,0.3982,0.04153,0.0,0.0,0.0,0.0,0.0,0.0,0.0,0.0,0.0,0.0,0.0,0.0,0.0,0.0,0.0,0.0,0.0,0.0,0.0,0.0,0.0,0.0,0.0,0.0,1.0464629552113855e-05,0.0,0.0019778149853495186,0.0002092925910422771,1.0464629552113855e-05,0.015759732105483464,0.010213478442863123,0.005922980326496442,0.011186688991209712,0.012285475094181666,0.05026161573880285,0.05088949351192968,0.026161573880284637,0.09633737965676015,0.11331100879028883,0.08498325659271662,0.09332356634575135,0.08039974884889074,0.10297195479280033,0.06716199246546672,0.04693386354123064,0.0527940560904144,0.019202595228128925,0.028966094600251152,0.014231896190874843,0.007628714943491001,0.0009418166596902469,0.005556718292172457,4.185851820845542e-05,0.0003244035161155295,0.0,0.0,0.0,0.0,0.0,0.0,0.0,0.0,0.0,0.0,0.0,0.0,0.0,0.0,0.0,0.0,0.0,0.0,0.0,0.0,0.0,0.0,0.0,0.0,0.0,0.0,0.0,0.0,0.0,0.0,0.0,0.0,0.0,0.0,0.0,0.0,0.0,0.0,0.0,0.0,0.0,0.0,0.0,0.0,0.0,0.0,0.0,nan,nan,4.327927343496595,2.8978425126178675,nan,0.9300006942569011,0.023152551910166408,0.0,0.0,0.0,0.0,0.0,0.0,0.0,0.0,0.0,0.0,0.0,0.0,0.0,0.0,0.0,0.0,0.0,0.0,0.0,0.0,0.0,0.0,0.0,0.0,0.0,0.07386130488305294,2.917521542880592,13.356585966352075,12.137874435781702,1.5141567501025854,0.929894588738107,0.023342446571296895,0.0,0.0,0.0,0.0,0.0,0.0,0.0,0.0,0.0,0.0,0.0,0.0,0.0,0.0,0.0,0.0,0.0,0.0,0.0,0.0,0.0,0.0,0.0,0.0,0.0,0.11533532678342591,2.9602733874412652,13.648013669372066,11.58479282357967,1.69158479282358,0.3982,0.009415,0.0,0.0,0.0,0.0,0.0,0.0,0.0,0.0,0.0,0.0,0.012310217480508825,17.20968403775131,12.77800574476816,0.0,0.0,0.0,0.0,0.0,0.0,0.0,0.0,0.0,0.0,0.0,0.0,0.0,0.0,0.0,0.0,0.0,0.3982,0.00957,0.0,0.0,0.0,0.0,0.0,0.0,0.0,0.0,0.0,0.0,0.025630072618539092,17.313114053823128,12.635625800939772,0.025630072618539092,0.0,0.0,0.0,0.0,0.0,0.0,0.0,0.0,0.0,0.0,0.0,0.0,0.0,0.0,0.0,0.0
10500,4577,2359,0.5154031024688661,1140,954,0.4575049158837667,1272,0.5558225912169543,0.442,2.9752028854824166,3.1188970096291047,6.555737704918033,2.2450692486427433,9517.752020974438,1614.2334826192148,7853.0,11083.0,11083.0,0.0,7853.0,0.0,27.79047410967883,20.881481806318547,32.79921773142112,19.106477175371293,0.14376228970941665,0.09504041948874808,0.09394800087393489,0.09001529386060739,0.08236836355691501,0.07013327507100721,0.06794843784138081,0.06882237273323137,0.06161240987546428,0.04828490277474328,0.046537032991042164,0.03779768407253659,0.03342800961328381,0.02403320952589032,0.017478697837011142,0.011579637317019883,0.007209962857767096,0.9299574696733776,0.023280687632597122,0.0,0.0,0.0,0.0,0.0,0.0,0.0,0.0,0.0,0.0,0.0,0.0,0.0,0.0,0.0,0.0,0.0,0.0,0.0,0.0,0.0,0.0,0.0,0.0,0.0,0.13764474546646277,2.7463403976403766,13.797247105090674,11.575267642560632,1.7435001092418618,4.155248059399257,2.8544738374203322,nan,nan,nan,4.160881174899867,2.83952501209125,4.1502732240437155,2.870490034837732,0.9974505518398019,0.3987,0.00898,0.0,0.0,0.0,0.0,0.0,0.0,0.0,0.0,0.0,0.0,0.01966353506663754,16.4256062923312,13.554730172602145,0.0,0.0,0.0,0.0,0.0,0.0,0.0,0.0,0.0,0.0,0.0,0.0,0.0,0.0,0.0,0.0,0.0,nan,nan,4.155248059399257,2.8544738374203322,nan,0.3987,0.0412,0.0,0.0,0.0,0.0,0.0,0.0,0.0,0.0,0.0,0.0,0.0,0.0,0.0,0.0,0.0,0.0,0.0,0.0,0.0,0.0,0.0,0.0,0.0,0.0,0.0,0.0,0.001824339086738038,0.00020755953681450732,0.0,0.013928337338868254,0.010388901026873497,0.006849464714878742,0.010989731265020756,0.012027528949093293,0.04783701114266987,0.04754205811667031,0.027670963513218266,0.09540091763163644,0.11400480664190518,0.08446580729735635,0.09624207996504261,0.08272886169980337,0.10277474328162552,0.0651736945597553,0.049541184181778455,0.05432597771466026,0.018385405287306096,0.028730609569587066,0.015446799213458597,0.006915009831767533,0.000917631636443085,0.005298230281844002,6.554511688879179e-05,0.0002512562814070352,6.554511688879179e-05,0.0,0.0,0.0,0.0,0.0,0.0,0.0,0.0,0.0,0.0,0.0,0.0,0.0,0.0,0.0,0.0,0.0,0.0,0.0,0.0,0.0,0.0,0.0,0.0,0.0,0.0,0.0,0.0,0.0,0.0,0.0,0.0,0.0,0.0,0.0,0.0,0.0,0.0,0.0,0.0,0.0,0.0,0.0,0.0,0.0,0.0,nan,nan,4.155248059399257,2.8544738374203322,nan,0.9294773416278624,0.023135625821695344,0.0,0.0,0.0,0.0,0.0,0.0,0.0,0.0,0.0,0.0,0.0,0.0,0.0,0.0,0.0,0.0,0.0,0.0,0.0,0.0,0.0,0.0,0.0,0.0,0.0,0.16532428995337012,2.746926663840611,14.154302670623148,11.280203476049177,1.6532428995337012,0.9304681198354021,0.023423188234691462,0.0,0.0,0.0,0.0,0.0,0.0,0.0,0.0,0.0,0.0,0.0,0.0,0.0,0.0,0.0,0.0,0.0,0.0,0.0,0.0,0.0,0.0,0.0,0.0,0.0,0.10820559062218217,2.7457168620378725,13.41749323715059,11.889089269612267,1.839495040577097,0.3987,0.00898,0.0,0.0,0.0,0.0,0.0,0.0,0.0,0.0,0.0,0.0,0.025434506146672326,16.456125476896965,13.51844001695634,0.0,0.0,0.0,0.0,0.0,0.0,0.0,0.0,0.0,0.0,0.0,0.0,0.0,0.0,0.0,0.0,0.0,0.3987,0.00898,0.0,0.0,0.0,0.0,0.0,0.0,0.0,0.0,0.0,0.0,0.013525698827772771,16.39314697926057,13.593327321911636,0.0,0.0,0.0,0.0,0.0,0.0,0.0,0.0,0.0,0.0,0.0,0.0,0.0,0.0,0.0,0.0,0.0
10600,4757,2531,0.5320580197603532,1204,946,0.4519655244902249,1307,0.549505991170906,0.422,3.0256064690026956,3.096061639893084,6.56120826709062,2.1497563294893838,9571.54740382594,1611.6770567210133,7853.0,11083.0,11083.0,0.0,7853.0,0.0,27.846331721673323,20.753772694044358,32.7057207094679,19.032804549308523,0.1360100903931049,0.10174479714105529,0.09775068320369981,0.0794618457010721,0.08534790834559597,0.07904141265503468,0.06853058650409923,0.06264452385957536,0.0567584612150515,0.059070842968257306,0.042673954172797984,0.03783897414336767,0.032793777590918644,0.026066848854319948,0.01765818793357158,0.009459743535841917,0.007147361782636115,0.9293978605572105,0.023194834049444835,0.0,0.0,0.0,0.0,0.0,0.0,0.0,0.0,0.0,0.0,0.0,0.0,0.0,0.0,0.0,0.0,0.0,0.0,0.0,0.0,0.0,0.0,0.0,0.0,0.0,0.10721042673954176,2.976665965944924,13.89951650199706,11.414757199915917,1.601849905402565,4.242335290280495,2.868556898878071,nan,nan,nan,4.265594855305467,2.849415726735526,4.218398411647915,2.887927417337021,0.988935554064904,0.3987,0.008896,0.0,0.0,0.0,0.0,0.0,0.0,0.0,0.0,0.0,0.0,0.0,16.768972041202414,13.231027958797565,0.0,0.0,0.0,0.0,0.0,0.0,0.0,0.0,0.0,0.0,0.0,0.0,0.0,0.0,0.0,0.0,0.0,nan,nan,4.242335290280495,2.868556898878071,nan,0.3987,0.0413,0.0,0.0,0.0,0.0,0.0,0.0,0.0,0.0,0.0,0.0,0.0,0.0,0.0,0.0,0.0,0.0,0.0,0.0,0.0,0.0,0.0,0.0,1.0510826150935463e-05,0.0,0.0,0.0,0.0021021652301870925,0.00012612991381122555,2.1021652301870926e-05,0.013790203910027329,0.010269077149463948,0.007872608787050662,0.012497372293462266,0.011551397939878074,0.04117090603321421,0.0478663022913601,0.027580407820054657,0.09861257094807652,0.1156506201387429,0.08629388269918016,0.09681521967626655,0.0853584191717469,0.09722514189615304,0.06254992642421695,0.05155560227033845,0.05506621820475089,0.017426949758250997,0.028442295564431366,0.015324784528063906,0.007063275173428632,0.0009354635274332562,0.006443136430523439,9.459743535841917e-05,0.00024174900147151565,0.0,0.0,0.0,0.0,4.204330460374185e-05,0.0,0.0,0.0,0.0,0.0,0.0,0.0,0.0,0.0,0.0,0.0,0.0,0.0,0.0,0.0,0.0,0.0,0.0,0.0,0.0,0.0,0.0,0.0,0.0,0.0,0.0,0.0,0.0,0.0,0.0,0.0,0.0,0.0,0.0,0.0,0.0,0.0,0.0,0.0,0.0,0.0,0.0,nan,nan,4.242335290280495,2.868556898878071,nan,0.9293198205415838,0.023064266769473082,0.0,0.0,0.0,0.0,0.0,0.0,0.0,0.0,0.0,0.0,0.0,0.0,0.0,0.0,0.0,0.0,0.0,0.0,0.0,0.0,0.0,0.0,0.0,0.0,0.0,0.09482418016594234,2.963255630185698,13.87988937178981,11.54484393520348,1.5171868826550774,0.9294865933871976,0.02334208701360327,0.0,0.0,0.0,0.0,0.0,0.0,0.0,0.0,0.0,0.0,0.0,0.0,0.0,0.0,0.0,0.0,0.0,0.0,0.0,0.0,0.0,0.0,0.0,0.0,0.0,0.12129380053908358,2.9919137466307286,13.921832884097038,11.266846361185987,1.6981132075471703,0.399,0.009056,0.0,0.0,0.0,0.0,0.0,0.0,0.0,0.0,0.0,0.0,0.0,16.475701303832455,13.524298696167525,0.0,0.0,0.0,0.0,0.0,0.0,0.0,0.0,0.0,0.0,0.0,0.0,0.0,0.0,0.0,0.0,0.0,0.3987,0.008705,0.0,0.0,0.0,0.0,0.0,0.0,0.0,0.0,0.0,0.0,0.0,17.102425876010756,12.897574123989221,0.0,0.0,0.0,0.0,0.0,0.0,0.0,0.0,0.0,0.0,0.0,0.0,0.0,0.0,0.0,0.0,0.0
10700,4946,2583,0.5222401940962393,1261,970,0.45107157298827333,1374,0.5556004852405985,0.39399999999999996,3.037240795598815,3.157772776524969,6.661473087818697,2.1698722785837847,9539.835826930854,1613.401566247275,7853.0,11083.0,11083.0,0.0,7853.0,0.0,28.57096643752527,20.86998625974853,33.150379506641364,19.1919091914757,0.1267691063485645,0.10291144359078043,0.08896077638495754,0.0841083704003235,0.08511928831378893,0.07784067933683785,0.0729882733522038,0.05964415689446017,0.05721795390214315,0.055802668823291546,0.05135463000404367,0.04185200161746866,0.031742822482814397,0.025677315002021837,0.018803073190456935,0.011322280630812778,0.007885159725030328,0.9285170116190288,0.023238628570967115,0.0,0.0,0.0,0.0,0.0,0.0,0.0,0.0,0.0,0.0,0.0,0.0,0.0,0.0,0.0,0.0,0.0,0.0,0.0,0.0,0.0,0.0,0.0,0.0,0.0,0.1091791346542661,3.275374039627983,13.92640517589972,11.209057824504653,1.479983825313385,4.2135384615384615,2.9861116630001168,nan,nan,nan,4.162762022194821,2.9774150717248853,4.264127764127764,2.9938947973144283,1.0243505973660003,0.3984,0.00926,0.0,0.0,0.0,0.0,0.0,0.0,0.0,0.0,0.0,0.0,0.012131014961585123,17.122927618277373,12.858875859280229,0.0060655074807925615,0.0,0.0,0.0,0.0,0.0,0.0,0.0,0.0,0.0,0.0,0.0,0.0,0.0,0.0,0.0,0.0,nan,nan,4.2135384615384615,2.9861116630001168,nan,0.3984,0.0417,0.0,0.0,0.0,0.0,0.0,0.0,0.0,0.0,0.0,0.0,0.0,0.0,0.0,0.0,0.0,0.0,0.0,0.0,0.0,0.0,0.0,0.0,0.0,0.0,0.0,0.0,0.0025374039627982206,0.00019207440355843106,4.0436716538617066e-05,0.014860493327941772,0.009158916295996765,0.00826930853214719,0.013141932875050546,0.011938940558026688,0.041154468257177515,0.048898099474322686,0.02903356247472705,0.1013040841083704,0.11501213101496159,0.08468459361099878,0.0973918317832592,0.07938738374443995,0.09673473513950667,0.05892640517589972,0.053538212697128995,0.056955115244642134,0.016831783259199352,0.030034371209057824,0.014971694298422968,0.007875050545895674,0.0011625556004852405,0.005742013748483623,4.0436716538617066e-05,0.000151637687019814,0.0,0.0,0.0,0.0,3.0327537403962798e-05,0.0,0.0,0.0,0.0,0.0,0.0,0.0,0.0,0.0,0.0,0.0,0.0,0.0,0.0,0.0,0.0,0.0,0.0,0.0,0.0,0.0,0.0,0.0,0.0,0.0,0.0,0.0,0.0,0.0,0.0,0.0,0.0,0.0,0.0,0.0,0.0,0.0,0.0,0.0,0.0,0.0,0.0,nan,nan,4.2135384615384615,2.9861116630001168,nan,0.9279924085838962,0.022990558084888427,0.0,0.0,0.0,0.0,0.0,0.0,0.0,0.0,0.0,0.0,0.0,0.0,0.0,0.0,0.0,0.0,0.0,0.0,0.0,0.0,0.0,0.0,0.0,0.0,0.0,0.10452961672473869,3.40301974448316,14.18118466898955,11.056910569105694,1.2543554006968645,0.9290904562401661,0.02349340306904049,0.0,0.0,0.0,0.0,0.0,0.0,0.0,0.0,0.0,0.0,0.0,0.0,0.0,0.0,0.0,0.0,0.0,0.0,0.0,0.0,0.0,0.0,0.0,0.0,0.0,0.11426153195090988,3.1358442657638603,13.64790520524757,11.375370292001696,1.7266187050359716,0.3984,0.00925,0.0,0.0,0.0,0.0,0.0,0.0,0.0,0.0,0.0,0.0,0.0232288037166086,17.142857142857117,12.833914053426252,0.0,0.0,0.0,0.0,0.0,0.0,0.0,0.0,0.0,0.0,0.0,0.0,0.0,0.0,0.0,0.0,0.0,0.3984,0.009285,0.0,0.0,0.0,0.0,0.0,0.0,0.0,0.0,0.0,0.0,0.0,17.101142615319485,12.88616165890817,0.012695725772323321,0.0,0.0,0.0,0.0,0.0,0.0,0.0,0.0,0.0,0.0,0.0,0.0,0.0,0.0,0.0,0.0
10800,4851,2458,0.5066996495567924,1166,994,0.4452690166975881,1390,0.5730777159348588,0.40599999999999997,2.9038863351441706,3.0694628379053106,6.493430656934307,2.186628387505649,9489.63986806844,1614.8550139594515,7853.0,11083.0,11083.0,0.0,7853.0,0.0,27.963306534735107,20.90202266151885,32.83259911894273,19.177108805892736,0.1383219954648526,0.09503195217480932,0.10039167182024325,0.08513708513708514,0.08390022675736962,0.07730364873222016,0.06802721088435375,0.061224489795918366,0.05772005772005772,0.05215419501133787,0.04019789734075448,0.04349618635332921,0.03463203463203463,0.026798598227169654,0.017109874252731395,0.010513296227581941,0.008039579468150896,0.9279743435578945,0.022918500709217984,0.0,0.0,0.0,0.0,0.0,0.0,0.0,0.0,0.0,0.0,0.0,0.0,0.0,0.0,0.0,0.0,0.0,0.0,0.0,0.0,0.0,0.0,0.0,0.0,0.0,0.09894867037724182,3.234384662956092,14.508348794063084,10.779220779220783,1.379097093382808,4.16661357120102,2.8610077100559583,nan,nan,nan,4.188093730208993,2.85773465314214,4.144964720974984,2.8650688666568063,0.9897019952244819,0.398,0.00921,0.0,0.0,0.0,0.0,0.0,0.0,0.0,0.0,0.0,0.0,0.012368583797155228,17.67470624613479,12.31292517006803,0.0,0.0,0.0,0.0,0.0,0.0,0.0,0.0,0.0,0.0,0.0,0.0,0.0,0.0,0.0,0.0,0.0,nan,nan,4.16661357120102,2.8610077100559583,nan,0.398,0.04196,0.0,0.0,0.0,0.0,0.0,0.0,0.0,0.0,0.0,0.0,0.0,0.0,0.0,0.0,0.0,0.0,0.0,0.0,0.0,0.0,0.0,0.0,0.0,0.0,0.0,0.0,0.002319109461966605,0.0005462791177076892,6.184291898577613e-05,0.01583178726035869,0.009503195217480932,0.00898783755926613,0.014028035456606885,0.009987631416202845,0.04280560709132138,0.05265924551638838,0.028818800247371677,0.10130900845186559,0.11147186147186147,0.08451865594722738,0.09764996907854051,0.08144712430426716,0.09904143475572047,0.05775097917955061,0.048505462791177074,0.05663780663780664,0.01590393733250876,0.029746444032158318,0.013749742321170893,0.008286951144094001,0.0013296227581941868,0.006730571016285302,4.1228612657184085e-05,0.00025767882910740053,0.0,0.0,0.0,0.0,7.215007215007215e-05,0.0,0.0,0.0,0.0,0.0,0.0,0.0,0.0,0.0,0.0,0.0,0.0,0.0,0.0,0.0,0.0,0.0,0.0,0.0,0.0,0.0,0.0,0.0,0.0,0.0,0.0,0.0,0.0,0.0,0.0,0.0,0.0,0.0,0.0,0.0,0.0,0.0,0.0,0.0,0.0,0.0,0.0,nan,nan,4.16661357120102,2.8610077100559583,nan,0.9280443902273698,0.022929741985951338,0.0,0.0,0.0,0.0,0.0,0.0,0.0,0.0,0.0,0.0,0.0,0.0,0.0,0.0,0.0,0.0,0.0,0.0,0.0,0.0,0.0,0.0,0.0,0.0,0.0,0.12205044751830758,3.3319772172497975,14.46297803091945,10.703824247355577,1.379170056956876,0.9279023942417347,0.02290672534594111,0.0,0.0,0.0,0.0,0.0,0.0,0.0,0.0,0.0,0.0,0.0,0.0,0.0,0.0,0.0,0.0,0.0,0.0,0.0,0.0,0.0,0.0,0.0,0.0,0.0,0.07521938988717093,3.134141245298789,14.554951943167575,10.856665273715006,1.3790221479314673,0.398,0.00912,0.0,0.0,0.0,0.0,0.0,0.0,0.0,0.0,0.0,0.0,0.0,17.733930024410064,12.266069975589913,0.0,0.0,0.0,0.0,0.0,0.0,0.0,0.0,0.0,0.0,0.0,0.0,0.0,0.0,0.0,0.0,0.0,0.3977,0.0093,0.0,0.0,0.0,0.0,0.0,0.0,0.0,0.0,0.0,0.0,0.02507312996239031,17.613873798579164,12.361053071458423,0.0,0.0,0.0,0.0,0.0,0.0,0.0,0.0,0.0,0.0,0.0,0.0,0.0,0.0,0.0,0.0,0.0
10900,4750,2478,0.5216842105263158,1130,979,0.444,1353,0.5696842105263158,0.40599999999999997,2.957306338028169,3.069676394462516,6.564873417721519,2.0811618095784414,9538.04,1613.480523092857,7853.0,11083.0,11083.0,0.0,7853.0,0.0,28.005473684210525,20.875177188957224,33.03845187232973,19.06714315104866,0.1425263157894737,0.09768421052631579,0.09368421052631579,0.084,0.08168421052631579,0.072,0.06505263157894736,0.06421052631578947,0.06315789473684211,0.05473684210526316,0.04631578947368421,0.04252631578947368,0.03389473684210526,0.02273684210526316,0.01831578947368421,0.011789473684210527,0.00568421052631579,0.9295144269215433,0.02326697952997316,0.0,0.0,0.0,0.0,0.0,0.0,0.0,0.0,0.0,0.0,0.0,0.0,0.0,0.0,0.0,0.0,0.0,0.0,0.0,0.0,0.0,0.0,0.0,0.0,0.0,0.09473684210526319,3.126315789473685,13.648421052631582,11.368421052631582,1.762105263157895,4.215334420880914,2.8449823769279377,nan,nan,nan,4.253632760898283,2.8651558845798557,4.1779497098646035,2.8246503900427475,0.9822074317911506,0.3982,0.0093,0.0,0.0,0.0,0.0,0.0,0.0,0.0,0.0,0.0,0.0,0.006315789473684212,17.45052631578945,12.543157894736845,0.0,0.0,0.0,0.0,0.0,0.0,0.0,0.0,0.0,0.0,0.0,0.0,0.0,0.0,0.0,0.0,0.0,nan,nan,4.215334420880914,2.8449823769279377,nan,0.3982,0.0421,0.0,0.0,0.0,0.0,0.0,0.0,0.0,0.0,0.0,0.0,0.0,0.0,0.0,0.0,0.0,0.0,0.0,0.0,0.0,0.0,0.0,0.0,0.0,1.0526315789473684e-05,0.0,0.0,0.0020842105263157895,0.0009578947368421053,0.00011578947368421052,0.01648421052631579,0.00828421052631579,0.009294736842105264,0.012926315789473685,0.0112,0.04303157894736842,0.05029473684210526,0.029673684210526317,0.09915789473684211,0.10952631578947368,0.08802105263157894,0.09737894736842105,0.08130526315789474,0.09713684210526316,0.05917894736842105,0.050021052631578945,0.05788421052631579,0.014273684210526315,0.030210526315789472,0.011810526315789474,0.01056842105263158,0.0012,0.007515789473684211,0.0,0.00028421052631578947,1.0526315789473684e-05,2.105263157894737e-05,0.0,0.0,0.0001368421052631579,0.0,0.0,0.0,0.0,0.0,0.0,0.0,0.0,0.0,0.0,0.0,0.0,0.0,0.0,0.0,0.0,0.0,0.0,0.0,0.0,0.0,0.0,0.0,0.0,0.0,0.0,0.0,0.0,0.0,0.0,0.0,0.0,0.0,0.0,0.0,0.0,0.0,0.0,0.0,0.0,0.0,0.0,nan,nan,4.215334420880914,2.8449823769279377,nan,0.9293443475931858,0.022933559926520228,0.0,0.0,0.0,0.0,0.0,0.0,0.0,0.0,0.0,0.0,0.0,0.0,0.0,0.0,0.0,0.0,0.0,0.0,0.0,0.0,0.0,0.0,0.0,0.0,0.0,0.06053268765133173,3.28087167070218,13.680387409200971,11.525423728813562,1.4527845036319615,0.9296999271749191,0.023623869759066333,0.0,0.0,0.0,0.0,0.0,0.0,0.0,0.0,0.0,0.0,0.0,0.0,0.0,0.0,0.0,0.0,0.0,0.0,0.0,0.0,0.0,0.0,0.0,0.0,0.0,0.13204225352112678,2.9577464788732404,13.613556338028172,11.197183098591552,2.099471830985916,0.3982,0.009254,0.0,0.0,0.0,0.0,0.0,0.0,0.0,0.0,0.0,0.0,0.012106537530266347,17.46973365617431,12.518159806295403,0.0,0.0,0.0,0.0,0.0,0.0,0.0,0.0,0.0,0.0,0.0,0.0,0.0,0.0,0.0,0.0,0.0,0.3982,0.00935,0.0,0.0,0.0,0.0,0.0,0.0,0.0,0.0,0.0,0.0,0.0,17.429577464788707,12.570422535211272,0.0,0.0,0.0,0.0,0.0,0.0,0.0,0.0,0.0,0.0,0.0,0.0,0.0,0.0,0.0,0.0,0.0
11000,4953,2566,0.5180698566525338,1205,1007,0.446598021401171,1387,0.5600646073087018,0.40199999999999997,3.0171763720150815,3.1415626535963694,6.675832127351664,2.0349288564553536,9526.365636987684,1613.944996714269,7853.0,11083.0,11083.0,0.0,7853.0,0.0,27.739551786795882,20.805833358880726,32.841277522380835,18.99842645090949,0.1451645467393499,0.09852614577024026,0.09166161922067434,0.08439329699172218,0.07974964667878054,0.08298001211387038,0.06359781950333132,0.061780738946093275,0.06501110438118313,0.04966686856450636,0.046436503129416516,0.03775489602261256,0.03472642842721583,0.02261255804562891,0.020795477488390873,0.009287300625883304,0.005855037351100343,0.929943188835389,0.02321269507513518,0.0,0.0,0.0,0.0,0.0,0.0,0.0,0.0,0.0,0.0,0.0,0.0,0.0,0.0,0.0,0.0,0.0,0.0,0.0,0.0,0.0,0.0,0.0,0.0,0.0,0.10902483343428228,2.919442761962448,13.694730466384012,11.665657177468203,1.6111447607510603,4.316750629722922,2.927619113431738,nan,nan,nan,4.287619047619048,2.9414075640838835,4.345625,2.914604322952774,1.0135287094624612,0.3975,0.00941,0.0,0.0,0.0,0.0,0.0,0.0,0.0,0.0,0.0,0.0,0.0,18.073894609327652,11.926105390672323,0.0,0.0,0.0,0.0,0.0,0.0,0.0,0.0,0.0,0.0,0.0,0.0,0.0,0.0,0.0,0.0,0.0,nan,nan,4.316750629722922,2.927619113431738,nan,0.3975,0.04242,0.0,0.0,0.0,0.0,0.0,0.0,0.0,0.0,0.0,0.0,0.0,0.0,0.0,0.0,0.0,0.0,0.0,0.0,3.0284675953967292e-05,0.0,0.0,0.0,0.0,0.0,2.018978396931153e-05,2.018978396931153e-05,0.002008883504946497,0.0013426206339592166,0.0001413284877851807,0.01919038966283061,0.008096103371693922,0.009691096305269533,0.011811023622047244,0.011518271754492227,0.046214415505754086,0.04979810216030688,0.029961639410458308,0.09965677367252171,0.11020593579648698,0.08456491015546133,0.09870785382596406,0.08143549364021804,0.09278215223097112,0.060922673127397534,0.049656773672521706,0.05662224914193418,0.014506359781950333,0.030537048253583686,0.01210377548960226,0.00996365838885524,0.0013527155259438724,0.006874621441550576,2.018978396931153e-05,0.00021199273167777104,0.0,1.0094891984655765e-05,0.0,0.0,2.018978396931153e-05,0.0,0.0,0.0,0.0,0.0,0.0,0.0,0.0,0.0,0.0,0.0,0.0,0.0,0.0,0.0,0.0,0.0,0.0,0.0,0.0,0.0,0.0,0.0,0.0,0.0,0.0,0.0,0.0,0.0,0.0,0.0,0.0,0.0,0.0,0.0,0.0,0.0,0.0,0.0,0.0,0.0,0.0,nan,nan,4.316750629722922,2.927619113431738,nan,0.9301134584383024,0.023350589395684913,0.0,0.0,0.0,0.0,0.0,0.0,0.0,0.0,0.0,0.0,0.0,0.0,0.0,0.0,0.0,0.0,0.0,0.0,0.0,0.0,0.0,0.0,0.0,0.0,0.0,0.08183943881527672,3.1215900233826974,13.26968043647701,11.913484021823853,1.6134060795011695,0.9297601507955582,0.023062138620480847,0.0,0.0,0.0,0.0,0.0,0.0,0.0,0.0,0.0,0.0,0.0,0.0,0.0,0.0,0.0,0.0,0.0,0.0,0.0,0.0,0.0,0.0,0.0,0.0,0.0,0.1382488479262673,2.702136573104316,14.151654796816091,11.399245915374951,1.6087138667783834,0.3975,0.00927,0.0,0.0,0.0,0.0,0.0,0.0,0.0,0.0,0.0,0.0,0.0,18.180046765393584,11.819953234606395,0.0,0.0,0.0,0.0,0.0,0.0,0.0,0.0,0.0,0.0,0.0,0.0,0.0,0.0,0.0,0.0,0.0,0.3975,0.00955,0.0,0.0,0.0,0.0,0.0,0.0,0.0,0.0,0.0,0.0,0.0,17.95978215333051,12.040217846669462,0.0,0.0,0.0,0.0,0.0,0.0,0.0,0.0,0.0,0.0,0.0,0.0,0.0,0.0,0.0,0.0,0.0
11100,4702,2428,0.5163760102084219,1125,963,0.4440663547426627,1322,0.5623139089749043,0.40199999999999997,2.922603342128408,3.0287669574294207,6.4281150159744405,2.1356793951302953,9520.894512973204,1614.1335664985497,7853.0,11083.0,11083.0,0.0,7853.0,0.0,28.024245002126754,21.01184185407735,33.08331216662433,19.219060378731783,0.14291790727350065,0.0969800085070183,0.09293917481922587,0.08826031475967673,0.07422373458102935,0.07656316461080391,0.07294768183751595,0.06635474266269673,0.05529561888558061,0.0540195661420672,0.03849425776265419,0.04147171416418545,0.03509145044661846,0.025095703955763504,0.021692896639727774,0.012760527435133985,0.004891535516801361,0.9302042532682114,0.023402861984526215,0.0,0.0,0.0,0.0,0.0,0.0,0.0,0.0,0.0,0.0,0.0,0.0,0.0,0.0,0.0,0.0,0.0,0.0,0.0,0.0,0.0,0.0,0.0,0.0,0.0,0.13398553806890687,2.8264568268821786,13.596341982135264,11.669502339430032,1.7737133134836245,4.178122934567085,2.825562647633219,nan,nan,nan,4.248684210526315,2.8839388918380284,4.106905710491368,2.7635682638354373,0.9666300216703129,0.3972,0.009315,0.0,0.0,0.0,0.0,0.0,0.0,0.0,0.0,0.0,0.0,0.012760527435133989,18.33687792428751,11.650361548277331,0.0,0.0,0.0,0.0,0.0,0.0,0.0,0.0,0.0,0.0,0.0,0.0,0.0,0.0,0.0,0.0,0.0,nan,nan,4.178122934567085,2.825562647633219,nan,0.3972,0.04285,0.0,0.0,0.0,0.0,0.0,0.0,0.0,0.0,0.0,0.0,0.0,0.0,0.0,0.0,0.0,0.0,0.0,0.0,1.0633772862611655e-05,0.0,0.0,0.0,0.0,0.0,9.57039557635049e-05,0.0,0.001754572522330923,0.0018077413866439812,0.0002658443215652914,0.02166099532113994,0.009017439387494683,0.008794130157379839,0.010963419821352616,0.012122501063377287,0.046458953636750316,0.05131858783496385,0.029391748192258614,0.09766056997022543,0.11199489578902595,0.08125265844321565,0.10281794980859209,0.08173117822203317,0.08792003402807316,0.06087834963845172,0.04827732879625691,0.056071884304551255,0.01427052318162484,0.032241599319438534,0.013196512122501064,0.009464057847724373,0.0014249255635899617,0.006773713313483624,0.0,0.00027647809442790303,6.380263717566993e-05,1.0633772862611655e-05,1.0633772862611655e-05,0.0,0.0,0.0,0.0,0.0,0.0,0.0,0.0,0.0,0.0,0.0,0.0,0.0,0.0,0.0,0.0,0.0,0.0,0.0,0.0,0.0,0.0,0.0,0.0,0.0,0.0,0.0,0.0,0.0,0.0,0.0,0.0,0.0,0.0,0.0,0.0,0.0,0.0,0.0,0.0,0.0,0.0,0.0,0.0,nan,nan,4.178122934567085,2.825562647633219,nan,0.9297453673706809,0.023158561220335255,0.0,0.0,0.0,0.0,0.0,0.0,0.0,0.0,0.0,0.0,0.0,0.0,0.0,0.0,0.0,0.0,0.0,0.0,0.0,0.0,0.0,0.0,0.0,0.0,0.0,0.12355848434925867,2.742998352553543,14.085667215815489,11.194398682042836,1.85337726523888,0.9306942158712036,0.02365109676263669,0.0,0.0,0.0,0.0,0.0,0.0,0.0,0.0,0.0,0.0,0.0,0.0,0.0,0.0,0.0,0.0,0.0,0.0,0.0,0.0,0.0,0.0,0.0,0.0,0.0,0.14511873350923485,2.9155672823219003,13.073878627968341,12.176781002638526,1.6886543535620058,0.3972,0.00938,0.0,0.0,0.0,0.0,0.0,0.0,0.0,0.0,0.0,0.0,0.0,18.23723228995055,11.762767710049426,0.0,0.0,0.0,0.0,0.0,0.0,0.0,0.0,0.0,0.0,0.0,0.0,0.0,0.0,0.0,0.0,0.0,0.3972,0.009254,0.0,0.0,0.0,0.0,0.0,0.0,0.0,0.0,0.0,0.0,0.02638522427440634,18.44327176781,11.53034300791557,0.0,0.0,0.0,0.0,0.0,0.0,0.0,0.0,0.0,0.0,0.0,0.0,0.0,0.0,0.0,0.0,0.0
11200,4509,2301,0.5103127079174984,1060,956,0.4471057884231537,1275,0.5655355954757152,0.43,3.0339673913043477,3.1630260665203815,6.733221476510067,2.1607318448411346,9501.310046573519,1614.6564466775185,7853.0,11083.0,11083.0,0.0,7853.0,0.0,27.33399866932801,20.754225043962137,32.57976445396146,18.939497311247788,0.15169660678642716,0.09824794854734975,0.08738079396762032,0.08871146595697493,0.08516300731869594,0.0813927700155245,0.06453759148369927,0.06121091151031271,0.05854956753160346,0.051452650255045466,0.044133954313595035,0.036815258372144596,0.032157906409403414,0.023064981148813484,0.018407629186072298,0.011310711909514305,0.005766245287203371,0.9300653717422147,0.023398377651652993,0.0,0.0,0.0,0.0,0.0,0.0,0.0,0.0,0.0,0.0,0.0,0.0,0.0,0.0,0.0,0.0,0.0,0.0,0.0,0.0,0.0,0.0,0.0,0.0,0.0,0.07318695941450434,3.067198935462409,13.40652029274784,11.789753825681972,1.6633399866932805,4.383810188415911,2.914566778953955,nan,nan,nan,4.480889506601807,2.977238701534512,4.281907433380084,2.8435938695985117,0.9555931756566285,0.3975,0.00897,0.0,0.0,0.0,0.0,0.0,0.0,0.0,0.0,0.0,0.0,0.019960079840319365,18.270126413838963,11.709913506320696,0.0,0.0,0.0,0.0,0.0,0.0,0.0,0.0,0.0,0.0,0.0,0.0,0.0,0.0,0.0,0.0,0.0,nan,nan,4.383810188415911,2.914566778953955,nan,0.3975,0.0429,0.0,0.0,0.0,0.0,0.0,0.0,0.0,0.0,0.0,0.0,0.0,0.0,0.0,0.0,0.0,0.0,0.0,0.0,0.0,0.0,0.0,0.0,0.0,0.0,3.32667997338656e-05,0.0,0.0016078953204701708,0.001929474384564205,7.762253271235307e-05,0.02316478154801508,0.009747172322022622,0.00789532047017077,0.011244178310046574,0.012818806830782879,0.04187181193169217,0.05269461077844311,0.028831226436016856,0.09657351962741184,0.11200931470392549,0.08117099135063206,0.10314925704147261,0.08422044799290308,0.08508538478598358,0.06216455976935019,0.04934575293856731,0.057196717675759595,0.015424706143269018,0.031193169217121314,0.013162563761366156,0.007939676203149258,0.0013639387890884897,0.007695719671767576,1.1088933244621867e-05,0.00036593479707252164,1.1088933244621867e-05,0.0,0.0,0.0,0.0,0.0,0.0,0.0,0.0,0.0,0.0,0.0,0.0,0.0,0.0,0.0,0.0,0.0,0.0,0.0,0.0,0.0,0.0,0.0,0.0,0.0,0.0,0.0,0.0,0.0,0.0,0.0,0.0,0.0,0.0,0.0,0.0,0.0,0.0,0.0,0.0,0.0,0.0,0.0,0.0,0.0,0.0,nan,nan,4.383810188415911,2.914566778953955,nan,0.930063950398962,0.02342856739616959,0.0,0.0,0.0,0.0,0.0,0.0,0.0,0.0,0.0,0.0,0.0,0.0,0.0,0.0,0.0,0.0,0.0,0.0,0.0,0.0,0.0,0.0,0.0,0.0,0.0,0.07822685788787485,3.1551499348109524,13.40286831812256,11.668839634941333,1.6949152542372885,0.9300668529518272,0.02336687473255062,0.0,0.0,0.0,0.0,0.0,0.0,0.0,0.0,0.0,0.0,0.0,0.0,0.0,0.0,0.0,0.0,0.0,0.0,0.0,0.0,0.0,0.0,0.0,0.0,0.0,0.06793478260869566,2.9755434782608705,13.410326086956525,11.91576086956522,1.630434782608696,0.3972,0.00896,0.0,0.0,0.0,0.0,0.0,0.0,0.0,0.0,0.0,0.0,0.03911342894393743,18.357235984354602,11.603650586701438,0.0,0.0,0.0,0.0,0.0,0.0,0.0,0.0,0.0,0.0,0.0,0.0,0.0,0.0,0.0,0.0,0.0,0.3975,0.00898,0.0,0.0,0.0,0.0,0.0,0.0,0.0,0.0,0.0,0.0,0.0,18.17934782608693,11.820652173913047,0.0,0.0,0.0,0.0,0.0,0.0,0.0,0.0,0.0,0.0,0.0,0.0,0.0,0.0,0.0,0.0,0.0
11300,4711,2421,0.5139036298025896,1144,996,0.4542559966036935,1352,0.5739758013160687,0.40199999999999997,2.9572052401746727,3.043340938351596,6.384,2.2039382931470657,9512.908724262365,1614.3754849740276,7853.0,11083.0,11083.0,0.0,7853.0,0.0,28.024410953088516,20.721778447960457,32.933383800151404,18.922357617258417,0.13733814476756528,0.09849288898323073,0.09467204415198471,0.07853958819783485,0.08214816387178943,0.07662916578221185,0.07535555083846317,0.06919974527701125,0.05710040331139885,0.05094459774994693,0.05136913606452982,0.03608575673954574,0.03311398853746551,0.0237741456166419,0.017406070897898536,0.010188919549989387,0.00764168966249204,0.930623191932892,0.023610002334620548,0.0,0.0,0.0,0.0,0.0,0.0,0.0,0.0,0.0,0.0,0.0,0.0,0.0,0.0,0.0,0.0,0.0,0.0,0.0,0.0,0.0,0.0,0.0,0.0,0.0,0.10825727021863725,2.852897473997029,13.46210995542348,11.621736361706647,1.954998938654214,4.200523388943409,2.7890668810412316,nan,nan,nan,4.234714003944773,2.7715098765450565,4.164820846905537,2.8059151486323253,0.983495188347046,0.398,0.00923,0.0,0.0,0.0,0.0,0.0,0.0,0.0,0.0,0.0,0.0,0.006368074718743368,17.65230312035659,12.341328804924647,0.0,0.0,0.0,0.0,0.0,0.0,0.0,0.0,0.0,0.0,0.0,0.0,0.0,0.0,0.0,0.0,0.0,nan,nan,4.200523388943409,2.7890668810412316,nan,0.398,0.04263,0.0,0.0,0.0,0.0,0.0,0.0,0.0,0.0,0.0,0.0,0.0,0.0,0.0,0.0,0.0,0.0,0.0,0.0,0.0,0.0,0.0,0.0,0.0,0.0,0.0,1.0613457864572277e-05,0.001146253449373806,0.0024198683931224794,4.245383145828911e-05,0.022341328804924645,0.00727021863723201,0.008066227977074932,0.011175971131394609,0.012990872426236469,0.03901507111016769,0.05345998726385056,0.02773296540012736,0.09680534918276375,0.11405221821269369,0.08249840798132031,0.10007429420505201,0.0863723201018892,0.08555508384631713,0.06350031840373593,0.05040331139885375,0.055296115474421564,0.015623009976650393,0.03173423901507111,0.013946083634047974,0.008267883676501804,0.002112078115049883,0.007652303120356612,0.0,0.0004351517724474634,0.0,0.0,0.0,0.0,0.0,0.0,0.0,0.0,0.0,0.0,0.0,0.0,0.0,0.0,0.0,0.0,0.0,0.0,0.0,0.0,0.0,0.0,0.0,0.0,0.0,0.0,0.0,0.0,0.0,0.0,0.0,0.0,0.0,0.0,0.0,0.0,0.0,0.0,0.0,0.0,0.0,0.0,0.0,0.0,0.0,0.0,0.0,nan,nan,4.200523388943409,2.7890668810412316,nan,0.9306133132687978,0.02354682766229699,0.0,0.0,0.0,0.0,0.0,0.0,0.0,0.0,0.0,0.0,0.0,0.0,0.0,0.0,0.0,0.0,0.0,0.0,0.0,0.0,0.0,0.0,0.0,0.0,0.0,0.16109045848822806,2.7013630731102856,13.568773234200746,11.63568773234201,1.9330855018587365,0.9306336357083383,0.02367660314319478,0.0,0.0,0.0,0.0,0.0,0.0,0.0,0.0,0.0,0.0,0.0,0.0,0.0,0.0,0.0,0.0,0.0,0.0,0.0,0.0,0.0,0.0,0.0,0.0,0.0,0.05240174672489084,3.0131004366812233,13.349344978165941,11.606986899563323,1.9781659388646293,0.3982,0.00922,0.0,0.0,0.0,0.0,0.0,0.0,0.0,0.0,0.0,0.0,0.012391573729863695,17.45972738537792,12.527881040892197,0.0,0.0,0.0,0.0,0.0,0.0,0.0,0.0,0.0,0.0,0.0,0.0,0.0,0.0,0.0,0.0,0.0,0.398,0.00925,0.0,0.0,0.0,0.0,0.0,0.0,0.0,0.0,0.0,0.0,0.0,17.855895196506523,12.144104803493454,0.0,0.0,0.0,0.0,0.0,0.0,0.0,0.0,0.0,0.0,0.0,0.0,0.0,0.0,0.0,0.0,0.0
11400,4409,2295,0.520526196416421,1113,896,0.4556588795645271,1219,0.5529598548423679,0.43,2.9271523178807946,3.0979577501690327,6.523076923076923,2.2546963187554407,9534.29961442504,1613.6385472363663,7853.0,11083.0,11083.0,0.0,7853.0,0.0,28.42163755953731,20.894084150806417,33.25107296137339,19.09812725148699,0.13517804490814245,0.09367203447493763,0.0993422544794738,0.08074393286459515,0.07643456566114765,0.07960988886368792,0.06690859605352688,0.06532093445225674,0.06350646405080518,0.05420730324336584,0.04876389203901112,0.038557496030845996,0.034701746427761394,0.026309820821047856,0.019732365615785893,0.01066001360852801,0.0063506464050805175,0.9304601322444666,0.023466694473005766,0.0,0.0,0.0,0.0,0.0,0.0,0.0,0.0,0.0,0.0,0.0,0.0,0.0,0.0,0.0,0.0,0.0,0.0,0.0,0.0,0.0,0.0,0.0,0.0,0.0,0.08845543207076437,2.755726922204582,13.404400090723524,11.907462009525974,1.8439555454751648,4.187065368567454,2.9206805911187073,nan,nan,nan,4.095804195804196,2.9256371997562822,4.27731673582296,2.9129600223712155,1.0443167034705194,0.3982,0.00934,0.0,0.0,0.0,0.0,0.0,0.0,0.0,0.0,0.0,0.0,0.006804264005443413,16.9630301655704,13.030165570424137,0.0,0.0,0.0,0.0,0.0,0.0,0.0,0.0,0.0,0.0,0.0,0.0,0.0,0.0,0.0,0.0,0.0,nan,nan,4.187065368567454,2.9206805911187073,nan,0.3982,0.04288,0.0,0.0,0.0,0.0,0.0,0.0,0.0,0.0,0.0,0.0,0.0,0.0,0.0,0.0,0.0,0.0,0.0,0.0,0.0,0.0,0.0,0.0,0.0,0.0,0.0,0.0,0.001224767520979814,0.0018598321614878657,7.938308006350647e-05,0.022680880018144705,0.006826944885461556,0.008040371966432298,0.011760036289408029,0.012769335450215469,0.037049217509639375,0.054706282603765026,0.028078929462463143,0.09962576547970062,0.11356316625085053,0.08242231798593785,0.09690405987752325,0.08532547062826037,0.0849058743479247,0.060886822408709455,0.05010206396008165,0.05926513948741211,0.01707870265366296,0.03106146518484917,0.013608528010886823,0.008709457926967566,0.00231344976185076,0.008323882966659106,3.402132002721705e-05,0.0007824903606259923,1.1340440009072351e-05,0.0,0.0,0.0,0.0,0.0,0.0,0.0,0.0,0.0,0.0,0.0,0.0,0.0,0.0,0.0,0.0,0.0,0.0,0.0,0.0,0.0,0.0,0.0,0.0,0.0,0.0,0.0,0.0,0.0,0.0,0.0,0.0,0.0,0.0,0.0,0.0,0.0,0.0,0.0,0.0,0.0,0.0,0.0,0.0,0.0,0.0,nan,nan,4.187065368567454,2.9206805911187073,nan,0.930121175707815,0.023658295611117,0.0,0.0,0.0,0.0,0.0,0.0,0.0,0.0,0.0,0.0,0.0,0.0,0.0,0.0,0.0,0.0,0.0,0.0,0.0,0.0,0.0,0.0,0.0,0.0,0.0,0.10457516339869284,2.836601307189543,13.39869281045752,11.77777777777778,1.882352941176471,0.9308281101307557,0.023251308224980602,0.0,0.0,0.0,0.0,0.0,0.0,0.0,0.0,0.0,0.0,0.0,0.0,0.0,0.0,0.0,0.0,0.0,0.0,0.0,0.0,0.0,0.0,0.0,0.0,0.0,0.07095553453169348,2.667928098391675,13.41059602649007,12.048249763481556,1.8022705771050147,0.3984,0.009575,0.0,0.0,0.0,0.0,0.0,0.0,0.0,0.0,0.0,0.0,0.013071895424836605,16.745098039215662,13.24183006535948,0.0,0.0,0.0,0.0,0.0,0.0,0.0,0.0,0.0,0.0,0.0,0.0,0.0,0.0,0.0,0.0,0.0,0.3982,0.00908,0.0,0.0,0.0,0.0,0.0,0.0,0.0,0.0,0.0,0.0,0.0,17.199621570482474,12.800378429517506,0.0,0.0,0.0,0.0,0.0,0.0,0.0,0.0,0.0,0.0,0.0,0.0,0.0,0.0,0.0,0.0,0.0
11500,4562,2376,0.5208241999123192,1103,929,0.4454186760192898,1288,0.5646646207803595,0.43,2.9935956084172,3.150241450723756,6.724709784411277,2.180229963456307,9535.262165716791,1613.5987112857665,7853.0,11083.0,11083.0,0.0,7853.0,0.0,27.974791758000876,21.003716196167254,32.93604802923519,19.26503475267324,0.13963174046470847,0.10390179745725558,0.08965366067514248,0.08526961858833845,0.08373520385795703,0.07321350284962735,0.07080227970188514,0.06269180184129768,0.05545813239807102,0.04910127137220517,0.047128452433143356,0.04296361245067953,0.03244191144234985,0.028277071459886016,0.018632178868917142,0.010302498903989479,0.006795265234546251,0.930860723700768,0.022810022899482557,0.0,0.0,0.0,0.0,0.0,0.0,0.0,0.0,0.0,0.0,0.0,0.0,0.0,0.0,0.0,0.0,0.0,0.0,0.0,0.0,0.0,0.0,0.0,0.0,0.0,0.08548882069267867,2.3936869793950026,13.882069267864974,11.777729066199038,1.8610258658483125,4.2797274275979555,2.913947180547281,nan,nan,nan,4.213943950786056,2.9174136645948887,4.345108695652174,2.909024188162706,1.031126362001481,0.3982,0.00992,0.0,0.0,0.0,0.0,0.0,0.0,0.0,0.0,0.0,0.0,0.006576063130206052,17.032003507233643,12.954844366505922,0.006576063130206052,0.0,0.0,0.0,0.0,0.0,0.0,0.0,0.0,0.0,0.0,0.0,0.0,0.0,0.0,0.0,0.0,nan,nan,4.2797274275979555,2.913947180547281,nan,0.3982,0.0436,0.0,0.0,0.0,0.0,0.0,0.0,0.0,0.0,0.0,0.0,0.0,0.0,0.0,0.0,0.0,0.0,0.0,0.0,0.0,0.0,0.0,0.0,0.0,0.0,0.0,0.0,0.0009644892590968873,0.0021810609381850065,6.57606313020605e-05,0.024013590530469094,0.007518632178868917,0.009162647961420429,0.011979395002192021,0.013612450679526523,0.037088996054362125,0.05517316966242876,0.02733450241122315,0.10121657167908812,0.10809951775537045,0.08327487943884261,0.09466242875931609,0.08637658921525647,0.08352696185883385,0.058263919333625604,0.049539675580885574,0.05909688733011837,0.01604559403770276,0.03433800964489259,0.01437965804471723,0.009896975010960105,0.002718106093818501,0.008779044278825077,0.0,0.0006466462078035949,2.1920210434020168e-05,2.1920210434020168e-05,0.0,0.0,0.0,0.0,0.0,0.0,0.0,0.0,0.0,0.0,0.0,0.0,0.0,0.0,0.0,0.0,0.0,0.0,0.0,0.0,0.0,0.0,0.0,0.0,0.0,0.0,0.0,0.0,0.0,0.0,0.0,0.0,0.0,0.0,0.0,0.0,0.0,0.0,0.0,0.0,0.0,0.0,0.0,0.0,0.0,nan,nan,4.2797274275979555,2.913947180547281,nan,0.9309907151944308,0.02329644973359943,0.0,0.0,0.0,0.0,0.0,0.0,0.0,0.0,0.0,0.0,0.0,0.0,0.0,0.0,0.0,0.0,0.0,0.0,0.0,0.0,0.0,0.0,0.0,0.0,0.0,0.11363636363636366,2.6388888888888897,13.20707070707071,12.297979797979801,1.7424242424242429,0.93071943376987,0.022268409710806847,0.0,0.0,0.0,0.0,0.0,0.0,0.0,0.0,0.0,0.0,0.0,0.0,0.0,0.0,0.0,0.0,0.0,0.0,0.0,0.0,0.0,0.0,0.0,0.0,0.0,0.054894784995425445,2.127172918572736,14.615736505032025,11.212259835315647,1.9899359560841725,0.3982,0.009926,0.0,0.0,0.0,0.0,0.0,0.0,0.0,0.0,0.0,0.0,0.01262626262626263,17.171717171717148,12.81565656565657,0.0,0.0,0.0,0.0,0.0,0.0,0.0,0.0,0.0,0.0,0.0,0.0,0.0,0.0,0.0,0.0,0.0,0.3984,0.00991,0.0,0.0,0.0,0.0,0.0,0.0,0.0,0.0,0.0,0.0,0.0,16.880146386093298,13.106129917657826,0.013723696248856361,0.0,0.0,0.0,0.0,0.0,0.0,0.0,0.0,0.0,0.0,0.0,0.0,0.0,0.0,0.0,0.0
11600,4438,2366,0.5331230283911672,1118,859,0.44547093285263634,1200,0.540784136998648,0.438,3.0207528957528957,3.1320755901871293,6.612627986348123,2.072519098707384,9574.98738170347,1611.452357395724,7853.0,11083.0,11083.0,0.0,7853.0,0.0,27.7392969806219,20.72841708947602,32.77951482479784,18.93377338059368,0.14263181613339343,0.10162235241099594,0.08990536277602523,0.08765209553853087,0.08089229382604778,0.07030193780982424,0.06894997746732763,0.06827399729607932,0.06128886885984678,0.054303740423614244,0.04821991888237945,0.036953582694907616,0.029743127534925643,0.02568724650743578,0.01825146462370437,0.00811176205497972,0.007210455159981974,0.9314026331084975,0.023481349410422788,0.0,0.0,0.0,0.0,0.0,0.0,0.0,0.0,0.0,0.0,0.0,0.0,0.0,0.0,0.0,0.0,0.0,0.0,0.0,0.0,0.0,0.0,0.0,0.0,0.0,0.08787742226228033,2.5552050473186125,13.242451554754398,12.248760703019382,1.8657052726453363,4.206981664315938,2.881015003116583,nan,nan,nan,4.1241234221598875,2.889628180204174,4.290780141843972,2.8698456901017733,1.0404102163355728,0.3984,0.00983,0.0,0.0,0.0,0.0,0.0,0.0,0.0,0.0,0.0,0.0,0.03379900856241551,16.872465074357795,13.086976115367285,0.006759801712483102,0.0,0.0,0.0,0.0,0.0,0.0,0.0,0.0,0.0,0.0,0.0,0.0,0.0,0.0,0.0,0.0,nan,nan,4.206981664315938,2.881015003116583,nan,0.3984,0.04398,0.0,0.0,0.0,0.0,0.0,0.0,0.0,0.0,0.0,0.0,0.0,0.0,0.0,0.0,0.0,0.0,0.0,0.0,0.0,0.0,0.0,0.0,0.0,0.0,0.0,0.0,0.0009689049121225777,0.002174402884182064,0.0003605227579990987,0.024639477242000902,0.008325822442541686,0.011164939161784588,0.011412798557908967,0.01265209553853087,0.03627760252365931,0.055193780982424515,0.02821090581342947,0.09793826047769265,0.1070752591257323,0.08584948174853538,0.09262054979720595,0.08650292924740874,0.08091482649842272,0.06002703920684993,0.04771293375394322,0.061086074808472286,0.018003605227579992,0.033370887787291574,0.01597566471383506,0.00971158179360072,0.0025799909869310502,0.008382154123479044,4.506534474988734e-05,0.0007773771969355565,0.0,4.506534474988734e-05,0.0,0.0,0.0,0.0,0.0,0.0,0.0,0.0,0.0,0.0,0.0,0.0,0.0,0.0,0.0,0.0,0.0,0.0,0.0,0.0,0.0,0.0,0.0,0.0,0.0,0.0,0.0,0.0,0.0,0.0,0.0,0.0,0.0,0.0,0.0,0.0,0.0,0.0,0.0,0.0,0.0,0.0,0.0,0.0,0.0,nan,nan,4.206981664315938,2.881015003116583,nan,0.9311925544138189,0.02330511716420114,0.0,0.0,0.0,0.0,0.0,0.0,0.0,0.0,0.0,0.0,0.0,0.0,0.0,0.0,0.0,0.0,0.0,0.0,0.0,0.0,0.0,0.0,0.0,0.0,0.0,0.08875739644970417,2.662721893491125,13.174133558748947,12.172442941673713,1.9019442096365178,0.9316425202666102,0.02367870461325217,0.0,0.0,0.0,0.0,0.0,0.0,0.0,0.0,0.0,0.0,0.0,0.0,0.0,0.0,0.0,0.0,0.0,0.0,0.0,0.0,0.0,0.0,0.0,0.0,0.0,0.08687258687258688,2.432432432432433,13.320463320463324,12.33590733590734,1.8243243243243248,0.3984,0.00983,0.0,0.0,0.0,0.0,0.0,0.0,0.0,0.0,0.0,0.0,0.025359256128486905,16.990701606086198,12.983939137785296,0.0,0.0,0.0,0.0,0.0,0.0,0.0,0.0,0.0,0.0,0.0,0.0,0.0,0.0,0.0,0.0,0.0,0.3984,0.009834,0.0,0.0,0.0,0.0,0.0,0.0,0.0,0.0,0.0,0.0,0.04343629343629344,16.737451737451714,13.204633204633208,0.014478764478764483,0.0,0.0,0.0,0.0,0.0,0.0,0.0,0.0,0.0,0.0,0.0,0.0,0.0,0.0,0.0,0.0
11700,4417,2343,0.5304505320353181,1084,897,0.44849445324881143,1214,0.5496943626896084,0.446,3.0400192864030857,3.1742757015004592,6.796491228070176,2.189445568870316,9566.355218474077,1612.0022490675738,7853.0,11083.0,11083.0,0.0,7853.0,0.0,28.116368575956532,20.913202830970203,33.08730800323363,19.114947587946347,0.13991396875707493,0.09780393932533393,0.09237038714059316,0.08716323296354993,0.07652252660176591,0.07448494453248812,0.07131537242472266,0.0638442381707041,0.0575050939551732,0.05501471587050034,0.04776997962417931,0.039619651347068144,0.03486529318541997,0.027394158931401402,0.01697985057731492,0.010640706361784016,0.006791940230925968,0.9324597109084705,0.023350060967863295,0.0,0.0,0.0,0.0,0.0,0.0,0.0,0.0,0.0,0.0,0.0,0.0,0.0,0.0,0.0,0.0,0.0,0.0,0.0,0.0,0.0,0.0,0.0,0.0,0.0,0.10187910346388955,2.336427439438533,13.06090106407064,12.368123160516191,2.132669232510754,4.235519888346127,2.9612538645954394,nan,nan,nan,4.229901269393512,2.9465205253059352,4.237733241188666,2.9739969318309334,1.0018515731919855,0.3982,0.00964,0.0,0.0,0.0,0.0,0.0,0.0,0.0,0.0,0.0,0.0,0.006791940230925969,17.536789676250823,12.456418383518228,0.0,0.0,0.0,0.0,0.0,0.0,0.0,0.0,0.0,0.0,0.0,0.0,0.0,0.0,0.0,0.0,0.0,nan,nan,4.235519888346127,2.9612538645954394,nan,0.3982,0.04367,0.0,0.0,0.0,0.0,0.0,0.0,0.0,0.0,0.0,0.0,0.0,0.0,0.0,0.0,0.0,0.0,0.0,0.0,0.0,0.0,0.0,0.0,0.0,0.0,0.0,0.0,0.0007244736246321032,0.002184740774281186,0.00022639800769753225,0.024349105727869594,0.008093728775186779,0.009667194928684628,0.012519809825673535,0.012350011319900385,0.03861218021281413,0.05628254471360652,0.030031695721077653,0.09600407516413856,0.10899932080597691,0.08294091011999094,0.09395517319447588,0.08539732850350917,0.08093728775186779,0.06169345709757754,0.04667194928684627,0.061919855105275076,0.018553316730812768,0.03359746434231379,0.014987548109576636,0.008671043694815486,0.0027054561919855106,0.006791940230925968,1.1319900384876613e-05,0.0010301109350237718,0.0,7.92393026941363e-05,0.0,1.1319900384876613e-05,0.0,0.0,0.0,0.0,0.0,0.0,0.0,0.0,0.0,0.0,0.0,0.0,0.0,0.0,0.0,0.0,0.0,0.0,0.0,0.0,0.0,0.0,0.0,0.0,0.0,0.0,0.0,0.0,0.0,0.0,0.0,0.0,0.0,0.0,0.0,0.0,0.0,0.0,0.0,0.0,0.0,0.0,0.0,nan,nan,4.235519888346127,2.9612538645954394,nan,0.9319487763835078,0.023337591520149078,0.0,0.0,0.0,0.0,0.0,0.0,0.0,0.0,0.0,0.0,0.0,0.0,0.0,0.0,0.0,0.0,0.0,0.0,0.0,0.0,0.0,0.0,0.0,0.0,0.0,0.1152368758002561,2.3175416133162616,13.597951344430221,12.074263764404613,1.895006402048656,0.9330369141832957,0.023350694801465878,0.0,0.0,0.0,0.0,0.0,0.0,0.0,0.0,0.0,0.0,0.0,0.0,0.0,0.0,0.0,0.0,0.0,0.0,0.0,0.0,0.0,0.0,0.0,0.0,0.0,0.08678881388621024,2.3577627772420446,12.45419479267117,12.700096432015433,2.40115718418515,0.398,0.00948,0.0,0.0,0.0,0.0,0.0,0.0,0.0,0.0,0.0,0.0,0.012804097311139568,17.720870678617132,12.266325224071705,0.0,0.0,0.0,0.0,0.0,0.0,0.0,0.0,0.0,0.0,0.0,0.0,0.0,0.0,0.0,0.0,0.0,0.3982,0.00981,0.0,0.0,0.0,0.0,0.0,0.0,0.0,0.0,0.0,0.0,0.0,17.328833172613283,12.671166827386696,0.0,0.0,0.0,0.0,0.0,0.0,0.0,0.0,0.0,0.0,0.0,0.0,0.0,0.0,0.0,0.0,0.0
11800,5008,2592,0.5175718849840255,1207,1024,0.44548722044728434,1413,0.564297124600639,0.39399999999999996,2.859271523178808,2.9991825816484132,6.428358208955224,2.0259735798655445,9524.757188498403,1614.0023610744058,7853.0,11083.0,11083.0,0.0,7853.0,0.0,27.756190095846645,20.791070963529243,32.811857518527376,19.019655471501615,0.14396964856230032,0.10383386581469649,0.09205271565495207,0.08146964856230032,0.08206869009584665,0.07448083067092652,0.06908945686900958,0.06289936102236422,0.057907348242811504,0.05411341853035144,0.04492811501597444,0.040135782747603835,0.036741214057507986,0.02356230031948882,0.017172523961661343,0.008586261980830671,0.006988817891373802,0.9323347319429294,0.023420753216821733,0.0,0.0,0.0,0.0,0.0,0.0,0.0,0.0,0.0,0.0,0.0,0.0,0.0,0.0,0.0,0.0,0.0,0.0,0.0,0.0,0.0,0.0,0.0,0.0,0.0,0.04193290734824282,2.6058306709265184,12.711661341853038,12.430111821086264,2.2104632587859427,4.190818238600874,2.800598337527544,nan,nan,nan,4.2628962088253575,2.755388517379571,4.118016321406152,2.843679231269779,0.9660137426946346,0.3982,0.009514,0.0,0.0,0.0,0.0,0.0,0.0,0.0,0.0,0.0,0.0,0.029952076677316298,17.036741214057486,12.927316293929715,0.00599041533546326,0.0,0.0,0.0,0.0,0.0,0.0,0.0,0.0,0.0,0.0,0.0,0.0,0.0,0.0,0.0,0.0,nan,nan,4.190818238600874,2.800598337527544,nan,0.3982,0.04352,0.0,0.0,0.0,0.0,0.0,0.0,0.0,0.0,0.0,0.0,0.0,0.0,0.0,0.0,0.0,0.0,0.0,0.0,0.0,0.0,0.0,0.0,0.0,0.0,0.0,0.0,0.0003893769968051118,0.0022064696485623,0.0002595846645367412,0.023023162939297126,0.008586261980830671,0.010173722044728434,0.012559904153354633,0.012440095846645367,0.03828873801916933,0.05529153354632588,0.02989217252396166,0.09391972843450479,0.10980431309904154,0.08652156549520766,0.09101437699680512,0.0871505591054313,0.08448482428115016,0.05935503194888179,0.04548722044728434,0.06291932907348242,0.019239217252396166,0.032877396166134186,0.0137879392971246,0.009375,0.002965255591054313,0.006849041533546326,9.984025559105432e-06,0.0009285143769968052,0.0,0.00019968051118210862,0.0,0.0,0.0,0.0,0.0,0.0,0.0,0.0,0.0,0.0,0.0,0.0,0.0,0.0,0.0,0.0,0.0,0.0,0.0,0.0,0.0,0.0,0.0,0.0,0.0,0.0,0.0,0.0,0.0,0.0,0.0,0.0,0.0,0.0,0.0,0.0,0.0,0.0,0.0,0.0,0.0,0.0,0.0,0.0,0.0,nan,nan,4.190818238600874,2.800598337527544,nan,0.9326450326652439,0.02328777665548365,0.0,0.0,0.0,0.0,0.0,0.0,0.0,0.0,0.0,0.0,0.0,0.0,0.0,0.0,0.0,0.0,0.0,0.0,0.0,0.0,0.0,0.0,0.0,0.0,0.0,0.03472222222222223,2.6388888888888897,12.58101851851852,12.511574074074076,2.2337962962962967,0.9320018265322344,0.023558038145366212,0.0,0.0,0.0,0.0,0.0,0.0,0.0,0.0,0.0,0.0,0.0,0.0,0.0,0.0,0.0,0.0,0.0,0.0,0.0,0.0,0.0,0.0,0.0,0.0,0.0,0.04966887417218544,2.5703642384105967,12.851821192052983,12.342715231788082,2.1854304635761594,0.3982,0.00939,0.0,0.0,0.0,0.0,0.0,0.0,0.0,0.0,0.0,0.0,0.023148148148148154,17.233796296296273,12.743055555555559,0.0,0.0,0.0,0.0,0.0,0.0,0.0,0.0,0.0,0.0,0.0,0.0,0.0,0.0,0.0,0.0,0.0,0.3984,0.009636,0.0,0.0,0.0,0.0,0.0,0.0,0.0,0.0,0.0,0.0,0.037251655629139076,16.82533112582779,13.125000000000004,0.01241721854304636,0.0,0.0,0.0,0.0,0.0,0.0,0.0,0.0,0.0,0.0,0.0,0.0,0.0,0.0,0.0,0.0
11900,4705,2482,0.5275239107332624,1183,955,0.45441020191285864,1322,0.5619553666312433,0.41,3.0665766981556457,3.09485276743896,6.529051987767584,2.1782031186378026,9556.902231668439,1612.5512063821016,7853.0,11083.0,11083.0,0.0,7853.0,0.0,28.50818278427205,20.989243411642008,33.30120481927711,19.229566909536214,0.13304994686503718,0.09649309245483528,0.0926673751328374,0.08629117959617429,0.07587672688629118,0.07821466524973432,0.06886291179596174,0.07098831030818278,0.060148777895855474,0.05292242295430393,0.045483528161530284,0.03846971307120085,0.03549415515409139,0.026992561105207227,0.01700318809776833,0.012539851222104145,0.008501594048884165,0.9308038687224596,0.023216498413231347,0.0,0.0,0.0,0.0,0.0,0.0,0.0,0.0,0.0,0.0,0.0,0.0,0.0,0.0,0.0,0.0,0.0,0.0,0.0,0.0,0.0,0.0,0.0,0.0,0.0,0.07013815090329438,2.684378320935176,13.619553666312436,11.744952178533477,1.880977683315622,4.155591572123177,2.8909581305517382,nan,nan,nan,4.170747422680412,2.8977141645620716,4.140992167101827,2.8848150308712577,0.9928657258368665,0.398,0.00962,0.0,0.0,0.0,0.0,0.0,0.0,0.0,0.0,0.0,0.0,0.019128586609989374,17.84697130712006,12.133900106269929,0.0,0.0,0.0,0.0,0.0,0.0,0.0,0.0,0.0,0.0,0.0,0.0,0.0,0.0,0.0,0.0,0.0,nan,nan,4.155591572123177,2.8909581305517382,nan,0.398,0.0435,0.0,0.0,0.0,0.0,0.0,0.0,0.0,0.0,0.0,0.0,0.0,0.0,0.0,0.0,0.0,0.0,0.0,0.0,0.0,0.0,0.0,0.0,0.0,0.0,0.0,0.0,0.0004569606801275239,0.0020297555791710946,0.0002975557917109458,0.022210414452709885,0.008884165781083954,0.01099893730074389,0.0128586609989373,0.011955366631243358,0.04048884165781084,0.05506907545164719,0.03232731137088204,0.09534537725823591,0.10888416578108395,0.0877470775770457,0.08926673751328375,0.08375132837407014,0.0883740701381509,0.05722635494155154,0.04413390010626993,0.06310308182784272,0.019107332624867163,0.03141339001062699,0.013283740701381509,0.00975557917109458,0.0032093517534537725,0.006556854410201913,8.501594048884166e-05,0.001073326248671626,3.188097768331562e-05,7.438894792773645e-05,0.0,0.0,0.0,0.0,0.0,0.0,0.0,0.0,0.0,0.0,0.0,0.0,0.0,0.0,0.0,0.0,0.0,0.0,0.0,0.0,0.0,0.0,0.0,0.0,0.0,0.0,0.0,0.0,0.0,0.0,0.0,0.0,0.0,0.0,0.0,0.0,0.0,0.0,0.0,0.0,0.0,0.0,0.0,0.0,0.0,nan,nan,4.155591572123177,2.8909581305517382,nan,0.9309239802967628,0.02328066616632979,0.0,0.0,0.0,0.0,0.0,0.0,0.0,0.0,0.0,0.0,0.0,0.0,0.0,0.0,0.0,0.0,0.0,0.0,0.0,0.0,0.0,0.0,0.0,0.0,0.0,0.04834810636583402,2.6712328767123297,13.585817888799358,11.71232876712329,1.9822723609991946,0.9306697630421085,0.023143907814773775,0.0,0.0,0.0,0.0,0.0,0.0,0.0,0.0,0.0,0.0,0.0,0.0,0.0,0.0,0.0,0.0,0.0,0.0,0.0,0.0,0.0,0.0,0.0,0.0,0.0,0.09446693657219976,2.6990553306342786,13.65721997300945,11.781376518218627,1.7678812415654526,0.3977,0.00956,0.0,0.0,0.0,0.0,0.0,0.0,0.0,0.0,0.0,0.0,0.0,17.85253827558418,12.147461724415797,0.0,0.0,0.0,0.0,0.0,0.0,0.0,0.0,0.0,0.0,0.0,0.0,0.0,0.0,0.0,0.0,0.0,0.398,0.00969,0.0,0.0,0.0,0.0,0.0,0.0,0.0,0.0,0.0,0.0,0.04048582995951418,17.84075573549255,12.118758434547912,0.0,0.0,0.0,0.0,0.0,0.0,0.0,0.0,0.0,0.0,0.0,0.0,0.0,0.0,0.0,0.0,0.0
12000,4680,2423,0.5177350427350428,1107,980,0.44594017094017097,1338,0.5717948717948718,0.418,3.1205139565795306,3.1678225613432383,6.803981623277182,2.103344397279568,9525.284188034188,1613.983742731402,7853.0,11083.0,11083.0,0.0,7853.0,0.0,28.177991452991453,21.22055895732875,33.30973677485306,19.42327556804464,0.14166666666666666,0.10064102564102564,0.09017094017094017,0.08803418803418804,0.07777777777777778,0.07542735042735042,0.06452991452991454,0.0626068376068376,0.05876068376068376,0.054914529914529914,0.04807692307692308,0.04038461538461539,0.0297008547008547,0.025,0.020085470085470087,0.013247863247863248,0.008974358974358974,0.9302343209457193,0.023365471037520295,0.0,0.0,0.0,0.0,0.0,0.0,0.0,0.0,0.0,0.0,0.0,0.0,0.0,0.0,0.0,0.0,0.0,0.0,0.0,0.0,0.0,0.0,0.0,0.0,0.0,0.108974358974359,2.8397435897435903,13.41666666666667,11.871794871794874,1.7628205128205132,4.406746031746032,2.9271185958420722,nan,nan,nan,4.442773054283846,2.897332238834695,4.36989966555184,2.9568180362734524,0.9835973190974183,0.398,0.009674,0.0,0.0,0.0,0.0,0.0,0.0,0.0,0.0,0.0,0.0,0.012820512820512824,17.65384615384613,12.333333333333336,0.0,0.0,0.0,0.0,0.0,0.0,0.0,0.0,0.0,0.0,0.0,0.0,0.0,0.0,0.0,0.0,0.0,nan,nan,4.406746031746032,2.9271185958420722,nan,0.398,0.04367,0.0,0.0,0.0,0.0,0.0,0.0,0.0,0.0,0.0,0.0,0.0,0.0,0.0,0.0,0.0,0.0,0.0,0.0,0.0,0.0,0.0,0.0,0.0,0.0,0.0,0.0,0.0004166666666666667,0.0025534188034188033,0.0002884615384615385,0.022820512820512822,0.00875,0.012243589743589743,0.012243589743589743,0.011634615384615384,0.0396474358974359,0.05483974358974359,0.03122863247863248,0.0974465811965812,0.10473290598290598,0.08876068376068376,0.08905982905982907,0.08583333333333333,0.08533119658119658,0.057393162393162396,0.04735042735042735,0.061175213675213676,0.02077991452991453,0.032072649572649575,0.013226495726495726,0.009038461538461539,0.00327991452991453,0.006420940170940171,0.00010683760683760684,0.0009935897435897436,0.00021367521367521368,0.00011752136752136752,0.0,0.0,0.0,0.0,0.0,0.0,0.0,0.0,0.0,0.0,0.0,0.0,0.0,0.0,0.0,0.0,0.0,0.0,0.0,0.0,0.0,0.0,0.0,0.0,0.0,0.0,0.0,0.0,0.0,0.0,0.0,0.0,0.0,0.0,0.0,0.0,0.0,0.0,0.0,0.0,0.0,0.0,0.0,0.0,0.0,nan,nan,4.406746031746032,2.9271185958420722,nan,0.9301256520463768,0.023129001554600234,0.0,0.0,0.0,0.0,0.0,0.0,0.0,0.0,0.0,0.0,0.0,0.0,0.0,0.0,0.0,0.0,0.0,0.0,0.0,0.0,0.0,0.0,0.0,0.0,0.0,0.13619479983491542,2.8229467602146108,13.532810565414778,11.787040858439953,1.7210070160957494,0.930350982329462,0.023616140860433024,0.0,0.0,0.0,0.0,0.0,0.0,0.0,0.0,0.0,0.0,0.0,0.0,0.0,0.0,0.0,0.0,0.0,0.0,0.0,0.0,0.0,0.0,0.0,0.0,0.0,0.07975188303057157,2.8577758085954814,13.291980505095262,11.962782454585737,1.8077093486929556,0.3977,0.009705,0.0,0.0,0.0,0.0,0.0,0.0,0.0,0.0,0.0,0.0,0.02476269087907553,17.742468014857586,12.232769294263313,0.0,0.0,0.0,0.0,0.0,0.0,0.0,0.0,0.0,0.0,0.0,0.0,0.0,0.0,0.0,0.0,0.0,0.398,0.00964,0.0,0.0,0.0,0.0,0.0,0.0,0.0,0.0,0.0,0.0,0.0,17.558706247230813,12.441293752769166,0.0,0.0,0.0,0.0,0.0,0.0,0.0,0.0,0.0,0.0,0.0,0.0,0.0,0.0,0.0,0.0,0.0
12100,4707,2443,0.5190142341193966,1108,939,0.43488421499893776,1318,0.5600169959634587,0.40599999999999997,3.0653710247349824,3.14493290138493,6.561270801815431,2.200525495115717,9529.415976205652,1613.8317997445417,7853.0,11083.0,11083.0,0.0,7853.0,0.0,28.011259825791374,20.98911876898054,33.09601219202438,19.184303942349715,0.14255364350966646,0.09772678988740174,0.09390269810919906,0.08944125770129595,0.07563203739111961,0.06968345018058211,0.06734650520501381,0.06692160611854685,0.06330996388357765,0.05396218398130444,0.04248990864669641,0.04057786275759507,0.031654981941788826,0.028468238793286596,0.018483110261312937,0.011472275334608031,0.006373486297004461,0.9300675338206587,0.023539849252467993,0.0,0.0,0.0,0.0,0.0,0.0,0.0,0.0,0.0,0.0,0.0,0.0,0.0,0.0,0.0,0.0,0.0,0.0,0.0,0.0,0.0,0.0,0.0,0.0,0.0,0.10834926704907587,3.1994901210962405,12.82345442957298,12.058636073932444,1.8100701083492674,4.3027583914921905,2.859696157887622,nan,nan,nan,4.31128924515698,2.8339646290798424,4.293845135671741,2.885818810148077,0.9959538531299343,0.397,0.009315,0.0,0.0,0.0,0.0,0.0,0.0,0.0,0.0,0.0,0.0,0.006373486297004463,18.616953473550005,11.376673040152967,0.0,0.0,0.0,0.0,0.0,0.0,0.0,0.0,0.0,0.0,0.0,0.0,0.0,0.0,0.0,0.0,0.0,nan,nan,4.3027583914921905,2.859696157887622,nan,0.397,0.04333,0.0,0.0,0.0,0.0,0.0,0.0,0.0,0.0,0.0,0.0,0.0,0.0,0.0,0.0,0.0,0.0,0.0,0.0,0.0,0.0,0.0,0.0,0.0,0.0,1.0622477161674103e-05,0.0,0.0003292967920118972,0.0025493945188017845,0.0005736137667304016,0.02384746122795836,0.008636073932441046,0.01201402166985341,0.013246229020607606,0.011918419375398342,0.039345655406840874,0.053324835351604,0.03114510303802847,0.10127469725940089,0.10574676014446568,0.08676439345655407,0.08964308476736775,0.09001487146802635,0.08742298704057787,0.05424899086466964,0.050244316974718504,0.0559485872105375,0.02024644147015084,0.03123008285532186,0.012343318461865307,0.007425111536010198,0.0027405991077119186,0.006373486297004461,9.560229445506692e-05,0.001157850010622477,6.373486297004461e-05,7.435734013171872e-05,0.0,0.0,0.0,0.0,0.0,0.0,0.0,0.0,0.0,0.0,0.0,0.0,0.0,0.0,0.0,0.0,0.0,0.0,0.0,0.0,0.0,0.0,0.0,0.0,0.0,0.0,0.0,0.0,0.0,0.0,0.0,0.0,0.0,0.0,0.0,0.0,0.0,0.0,0.0,0.0,0.0,0.0,0.0,0.0,0.0,nan,nan,4.3027583914921905,2.859696157887622,nan,0.9297499910173873,0.02370170629956905,0.0,0.0,0.0,0.0,0.0,0.0,0.0,0.0,0.0,0.0,0.0,0.0,0.0,0.0,0.0,0.0,0.0,0.0,0.0,0.0,0.0,0.0,0.0,0.0,0.0,0.1350798198935735,3.303315595579207,12.820302906262794,11.948424068767912,1.792877609496521,0.9304101827024571,0.023359095871761576,0.0,0.0,0.0,0.0,0.0,0.0,0.0,0.0,0.0,0.0,0.0,0.0,0.0,0.0,0.0,0.0,0.0,0.0,0.0,0.0,0.0,0.0,0.0,0.0,0.0,0.0795053003533569,3.087455830388693,12.826855123674916,12.177561837455833,1.8286219081272088,0.3972,0.00934,0.0,0.0,0.0,0.0,0.0,0.0,0.0,0.0,0.0,0.0,0.012279983626688501,18.555055259926295,11.432664756446995,0.0,0.0,0.0,0.0,0.0,0.0,0.0,0.0,0.0,0.0,0.0,0.0,0.0,0.0,0.0,0.0,0.0,0.397,0.009285,0.0,0.0,0.0,0.0,0.0,0.0,0.0,0.0,0.0,0.0,0.0,18.683745583038842,11.316254416961135,0.0,0.0,0.0,0.0,0.0,0.0,0.0,0.0,0.0,0.0,0.0,0.0,0.0,0.0,0.0,0.0,0.0
12200,4598,2329,0.5065245759025664,1092,960,0.4462809917355372,1312,0.5706829056111353,0.422,2.992948435434112,3.0987769075935807,6.557959814528593,2.1689022098546022,9489.07438016529,1614.8624927530668,7853.0,11083.0,11083.0,0.0,7853.0,0.0,28.519573727707698,21.256863069829663,33.769551616266945,19.356557007208185,0.14354066985645933,0.09960852544584602,0.08112222705524141,0.08634188777729447,0.08003479773814702,0.07220530665506741,0.06959547629404089,0.06285341452805568,0.058068725532840364,0.05132666376685516,0.046107003044802086,0.04197477163984341,0.04197477163984341,0.028055676381035233,0.020008699434536755,0.00891692040017399,0.008264462809917356,0.9299422624630739,0.02335506956686267,0.0,0.0,0.0,0.0,0.0,0.0,0.0,0.0,0.0,0.0,0.0,0.0,0.0,0.0,0.0,0.0,0.0,0.0,0.0,0.0,0.0,0.0,0.0,0.0,0.0,0.07177033492822968,3.060026098303611,13.571117877337976,11.574597651152677,1.7224880382775123,4.265713335550382,2.8389128823325387,nan,nan,nan,4.284477015323118,2.8295490767351814,4.247011952191235,2.848091967924995,0.9912556274668083,0.3967,0.009705,0.0,0.0,0.0,0.0,0.0,0.0,0.0,0.0,0.0,0.0,0.045672031317964344,19.110482818616763,10.843845150065249,0.0,0.0,0.0,0.0,0.0,0.0,0.0,0.0,0.0,0.0,0.0,0.0,0.0,0.0,0.0,0.0,0.0,nan,nan,4.265713335550382,2.8389128823325387,nan,0.3967,0.04367,0.0,0.0,0.0,0.0,0.0,0.0,0.0,0.0,0.0,0.0,0.0,0.0,0.0,0.0,0.0,0.0,0.0,0.0,0.0,0.0,0.0,0.0,0.0,0.0,1.087429317094389e-05,0.0,0.0005545889517181383,0.0027946933449325795,0.0010439321444106133,0.02404306220095694,0.009634623749456285,0.011581122227055242,0.013581992170508917,0.012211831230969987,0.04008264462809917,0.0533710308829926,0.031274467159634625,0.10222923010004349,0.1048825576337538,0.08476511526750762,0.0936820356676816,0.08796215745976511,0.08510221835580688,0.05394736842105263,0.050293605915615484,0.05325141365811222,0.022390169638973466,0.030882992605480643,0.01183123096998695,0.008068725532840366,0.00254458460200087,0.0066985645933014355,9.7868638538495e-05,0.001065680730752501,1.087429317094389e-05,0.00010874293170943889,0.0,0.0,0.0,0.0,0.0,0.0,0.0,0.0,0.0,0.0,0.0,0.0,0.0,0.0,0.0,0.0,0.0,0.0,0.0,0.0,0.0,0.0,0.0,0.0,0.0,0.0,0.0,0.0,0.0,0.0,0.0,0.0,0.0,0.0,0.0,0.0,0.0,0.0,0.0,0.0,0.0,0.0,0.0,0.0,0.0,nan,nan,4.265713335550382,2.8389128823325387,nan,0.9301352803417418,0.023902682637634298,0.0,0.0,0.0,0.0,0.0,0.0,0.0,0.0,0.0,0.0,0.0,0.0,0.0,0.0,0.0,0.0,0.0,0.0,0.0,0.0,0.0,0.0,0.0,0.0,0.0,0.06440532417346502,3.361957921854874,13.138686131386864,11.541434091884932,1.8935165306998716,0.9297441405417795,0.022777587479532114,0.0,0.0,0.0,0.0,0.0,0.0,0.0,0.0,0.0,0.0,0.0,0.0,0.0,0.0,0.0,0.0,0.0,0.0,0.0,0.0,0.0,0.0,0.0,0.0,0.0,0.07933010136624065,2.7501101806963426,14.014984574702515,11.608638166593217,1.5469369766416927,0.3967,0.00969,0.0,0.0,0.0,0.0,0.0,0.0,0.0,0.0,0.0,0.0,0.012881064834693005,19.33447831687417,10.652640618291116,0.0,0.0,0.0,0.0,0.0,0.0,0.0,0.0,0.0,0.0,0.0,0.0,0.0,0.0,0.0,0.0,0.0,0.3967,0.00971,0.0,0.0,0.0,0.0,0.0,0.0,0.0,0.0,0.0,0.0,0.07933010136624065,18.880564125165247,11.040105773468492,0.0,0.0,0.0,0.0,0.0,0.0,0.0,0.0,0.0,0.0,0.0,0.0,0.0,0.0,0.0,0.0,0.0
12300,4976,2556,0.5136655948553055,1245,996,0.4503617363344051,1400,0.5627009646302251,0.39799999999999996,2.940082644628099,3.111582732406111,6.5482014388489205,2.139096579224446,9512.139871382637,1614.3966897123905,7853.0,11083.0,11083.0,0.0,7853.0,0.0,27.919413183279744,20.669456300817437,32.71112169564182,18.937813215301933,0.1342443729903537,0.10188906752411575,0.09586012861736334,0.09083601286173633,0.07013665594855305,0.07958199356913183,0.07013665594855305,0.06511254019292605,0.06189710610932476,0.05144694533762058,0.04782958199356913,0.04119774919614148,0.03094855305466238,0.02612540192926045,0.018488745980707395,0.007837620578778135,0.006430868167202572,0.9306174914720933,0.023076814851603993,0.0,0.0,0.0,0.0,0.0,0.0,0.0,0.0,0.0,0.0,0.0,0.0,0.0,0.0,0.0,0.0,0.0,0.0,0.0,0.0,0.0,0.0,0.0,0.0,0.0,0.0482315112540193,2.682877813504824,13.932877813504826,11.430868167202576,1.9051446945337625,4.2537267080745345,2.89868814189196,nan,nan,nan,4.2063882063882065,2.9430146299661955,4.30213567839196,2.851834543412084,1.0227623955055654,0.3965,0.00966,0.0,0.0,0.0,0.0,0.0,0.0,0.0,0.0,0.0,0.0,0.012057877813504826,19.340836012861708,10.647106109324762,0.0,0.0,0.0,0.0,0.0,0.0,0.0,0.0,0.0,0.0,0.0,0.0,0.0,0.0,0.0,0.0,0.0,nan,nan,4.2537267080745345,2.89868814189196,nan,0.3965,0.04398,0.0,0.0,0.0,0.0,0.0,0.0,0.0,0.0,0.0,0.0,0.0,0.0,0.0,0.0,0.0,0.0,0.0,0.0,0.0,0.0,0.0,0.0,0.0,1.004823151125402e-05,0.0,3.0144694533762057e-05,0.0007536173633440514,0.002783360128617363,0.0008641479099678457,0.02310088424437299,0.010942524115755628,0.014821141479099678,0.013384244372990354,0.010560691318327974,0.04225281350482315,0.05203979099678457,0.03170217041800643,0.103125,0.10524517684887459,0.08526929260450161,0.09133842443729903,0.08676647909967845,0.08641479099678456,0.05010048231511254,0.05054260450160772,0.05460209003215434,0.020689308681672024,0.032355305466237945,0.012429662379421221,0.0071241961414790994,0.0020598874598070738,0.006651929260450161,0.00027130225080385854,0.001577572347266881,3.0144694533762057e-05,0.0001607717041800643,0.0,0.0,0.0,0.0,0.0,0.0,0.0,0.0,0.0,0.0,0.0,0.0,0.0,0.0,0.0,0.0,0.0,0.0,0.0,0.0,0.0,0.0,0.0,0.0,0.0,0.0,0.0,0.0,0.0,0.0,0.0,0.0,0.0,0.0,0.0,0.0,0.0,0.0,0.0,0.0,0.0,0.0,0.0,0.0,0.0,nan,nan,4.2537267080745345,2.89868814189196,nan,0.9313934696065801,0.022784230454926172,0.0,0.0,0.0,0.0,0.0,0.0,0.0,0.0,0.0,0.0,0.0,0.0,0.0,0.0,0.0,0.0,0.0,0.0,0.0,0.0,0.0,0.0,0.0,0.0,0.0,0.023474178403755874,2.441314553990611,13.849765258215966,11.701877934272304,1.9835680751173712,0.9297979046490567,0.023353885931261042,0.0,0.0,0.0,0.0,0.0,0.0,0.0,0.0,0.0,0.0,0.0,0.0,0.0,0.0,0.0,0.0,0.0,0.0,0.0,0.0,0.0,0.0,0.0,0.0,0.0,0.07438016528925621,2.9380165289256204,14.020661157024797,11.144628099173557,1.8223140495867773,0.3965,0.009705,0.0,0.0,0.0,0.0,0.0,0.0,0.0,0.0,0.0,0.0,0.011737089201877937,19.190140845070395,10.798122065727702,0.0,0.0,0.0,0.0,0.0,0.0,0.0,0.0,0.0,0.0,0.0,0.0,0.0,0.0,0.0,0.0,0.0,0.3962,0.00961,0.0,0.0,0.0,0.0,0.0,0.0,0.0,0.0,0.0,0.0,0.012396694214876035,19.49999999999997,10.487603305785127,0.0,0.0,0.0,0.0,0.0,0.0,0.0,0.0,0.0,0.0,0.0,0.0,0.0,0.0,0.0,0.0,0.0
12400,4720,2449,0.5188559322033899,1128,948,0.4398305084745763,1313,0.5563559322033899,0.39799999999999996,2.939233817701453,3.091273656076337,6.377272727272727,2.2713829357401076,9528.90466101695,1613.85117723612,7853.0,11083.0,11083.0,0.0,7853.0,0.0,28.820127118644066,21.240253437413024,33.582834331337324,19.502984181057162,0.13283898305084746,0.09851694915254237,0.09258474576271186,0.08601694915254238,0.07097457627118645,0.0788135593220339,0.06694915254237288,0.06186440677966102,0.0614406779661017,0.05127118644067796,0.05,0.043220338983050846,0.03686440677966102,0.029661016949152543,0.019279661016949154,0.011440677966101695,0.00826271186440678,0.9305062091704143,0.02282708461260098,0.0,0.0,0.0,0.0,0.0,0.0,0.0,0.0,0.0,0.0,0.0,0.0,0.0,0.0,0.0,0.0,0.0,0.0,0.0,0.0,0.0,0.0,0.0,0.0,0.0,0.05720338983050849,2.6313559322033906,13.906779661016952,11.656779661016952,1.7478813559322037,4.242513020833333,2.919176438751112,nan,nan,nan,4.258499037844772,2.8948678225282194,4.226040978189029,2.9439233554407322,0.9923780516639096,0.3972,0.009895,0.0,0.0,0.0,0.0,0.0,0.0,0.0,0.0,0.0,0.0,0.03177966101694916,18.241525423728785,11.72669491525424,0.0,0.0,0.0,0.0,0.0,0.0,0.0,0.0,0.0,0.0,0.0,0.0,0.0,0.0,0.0,0.0,0.0,nan,nan,4.242513020833333,2.919176438751112,nan,0.3972,0.04404,0.0,0.0,0.0,0.0,0.0,0.0,0.0,0.0,0.0,0.0,0.0,0.0,0.0,0.0,0.0,0.0,0.0,0.0,0.0,0.0,0.0,0.0,0.0,0.0,0.0,7.415254237288135e-05,0.0007203389830508475,0.002733050847457627,0.000625,0.02164194915254237,0.010031779661016949,0.013654661016949152,0.013177966101694916,0.01086864406779661,0.04028601694915254,0.05422669491525424,0.03239406779661017,0.10271186440677967,0.10284957627118645,0.08653601694915254,0.08922669491525424,0.08853813559322034,0.08470338983050847,0.05036016949152542,0.0507521186440678,0.05673728813559322,0.021122881355932203,0.0342478813559322,0.012489406779661018,0.008177966101694915,0.0019385593220338983,0.006281779661016949,0.00026483050847457627,0.002309322033898305,1.0593220338983052e-05,0.00024364406779661018,6.35593220338983e-05,0.0,0.0,0.0,0.0,0.0,0.0,0.0,0.0,0.0,0.0,0.0,0.0,0.0,0.0,0.0,0.0,0.0,0.0,0.0,0.0,0.0,0.0,0.0,0.0,0.0,0.0,0.0,0.0,0.0,0.0,0.0,0.0,0.0,0.0,0.0,0.0,0.0,0.0,0.0,0.0,0.0,0.0,0.0,0.0,nan,nan,4.242513020833333,2.919176438751112,nan,0.9305526547745424,0.022627006939839288,0.0,0.0,0.0,0.0,0.0,0.0,0.0,0.0,0.0,0.0,0.0,0.0,0.0,0.0,0.0,0.0,0.0,0.0,0.0,0.0,0.0,0.0,0.0,0.0,0.0,0.03674969375255207,2.6214781543487145,13.928133932217234,11.625153123723972,1.788485095957534,0.9304561231798771,0.023040792456520024,0.0,0.0,0.0,0.0,0.0,0.0,0.0,0.0,0.0,0.0,0.0,0.0,0.0,0.0,0.0,0.0,0.0,0.0,0.0,0.0,0.0,0.0,0.0,0.0,0.0,0.07926023778071335,2.6420079260237785,13.883751651254958,11.690885072655222,1.7040951122853372,0.3975,0.00998,0.0,0.0,0.0,0.0,0.0,0.0,0.0,0.0,0.0,0.0,0.048999591670069426,17.970600244997932,11.980400163331975,0.0,0.0,0.0,0.0,0.0,0.0,0.0,0.0,0.0,0.0,0.0,0.0,0.0,0.0,0.0,0.0,0.0,0.397,0.00982,0.0,0.0,0.0,0.0,0.0,0.0,0.0,0.0,0.0,0.0,0.013210039630118893,18.533685601056778,11.45310435931308,0.0,0.0,0.0,0.0,0.0,0.0,0.0,0.0,0.0,0.0,0.0,0.0,0.0,0.0,0.0,0.0,0.0
12500,4608,2424,0.5260416666666666,1171,889,0.4470486111111111,1253,0.5438368055555556,0.418,3.04532967032967,3.131468569878674,6.642172523961661,2.149316945277696,9552.114583333334,1612.8080285237481,7853.0,11083.0,11083.0,0.0,7853.0,0.0,28.188151041666668,20.893963198585688,32.87314578005115,19.210138789284066,0.13368055555555555,0.09613715277777778,0.10026041666666667,0.083984375,0.0822482638888889,0.07942708333333333,0.0705295138888889,0.06315104166666667,0.05251736111111111,0.053385416666666664,0.04513888888888889,0.04188368055555555,0.029730902777777776,0.029296875,0.022135416666666668,0.011067708333333334,0.005425347222222222,0.9297642949063124,0.022628254400676173,0.0,0.0,0.0,0.0,0.0,0.0,0.0,0.0,0.0,0.0,0.0,0.0,0.0,0.0,0.0,0.0,0.0,0.0,0.0,0.0,0.0,0.0,0.0,0.0,0.0,0.06510416666666669,2.7604166666666674,13.906250000000004,11.751302083333336,1.5169270833333337,4.264056224899599,2.9313120339670418,nan,nan,nan,4.256064690026954,2.9072239490886873,4.271941489361702,2.9548661554419864,1.0037303942705456,0.397,0.00987,0.0,0.0,0.0,0.0,0.0,0.0,0.0,0.0,0.0,0.0,0.02604166666666667,18.76953124999997,11.19791666666667,0.006510416666666668,0.0,0.0,0.0,0.0,0.0,0.0,0.0,0.0,0.0,0.0,0.0,0.0,0.0,0.0,0.0,0.0,nan,nan,4.264056224899599,2.9313120339670418,nan,0.397,0.04382,0.0,0.0,0.0,0.0,0.0,0.0,0.0,0.0,0.0,0.0,0.0,0.0,0.0,0.0,0.0,0.0,0.0,0.0,0.0,0.0,0.0,0.0,0.0,3.255208333333333e-05,0.0,0.00010850694444444444,0.0005099826388888889,0.0023003472222222223,0.0006293402777777778,0.020757378472222223,0.009993489583333333,0.01335720486111111,0.014529079861111112,0.011870659722222222,0.0404296875,0.05632595486111111,0.03212890625,0.10110677083333333,0.10728081597222222,0.08656684027777778,0.08805338541666667,0.08513454861111111,0.08607855902777778,0.05119357638888889,0.04764539930555556,0.05569661458333333,0.022515190972222224,0.03400607638888889,0.013519965277777778,0.008344184027777778,0.00205078125,0.004926215277777778,0.00022786458333333334,0.0023980034722222224,1.0850694444444445e-05,0.00018446180555555555,7.595486111111111e-05,1.0850694444444445e-05,0.0,0.0,0.0,0.0,0.0,0.0,0.0,0.0,0.0,0.0,0.0,0.0,0.0,0.0,0.0,0.0,0.0,0.0,0.0,0.0,0.0,0.0,0.0,0.0,0.0,0.0,0.0,0.0,0.0,0.0,0.0,0.0,0.0,0.0,0.0,0.0,0.0,0.0,0.0,0.0,0.0,0.0,0.0,nan,nan,4.264056224899599,2.9313120339670418,nan,0.9302275697931205,0.022830961396378618,0.0,0.0,0.0,0.0,0.0,0.0,0.0,0.0,0.0,0.0,0.0,0.0,0.0,0.0,0.0,0.0,0.0,0.0,0.0,0.0,0.0,0.0,0.0,0.0,0.0,0.07425742574257427,2.5495049504950504,14.009900990099013,11.732673267326735,1.633663366336634,0.9292501106912836,0.02238990343054804,0.0,0.0,0.0,0.0,0.0,0.0,0.0,0.0,0.0,0.0,0.0,0.0,0.0,0.0,0.0,0.0,0.0,0.0,0.0,0.0,0.0,0.0,0.0,0.0,0.0,0.05494505494505496,2.9945054945054954,13.791208791208794,11.771978021978025,1.3873626373626375,0.397,0.009926,0.0,0.0,0.0,0.0,0.0,0.0,0.0,0.0,0.0,0.0,0.012376237623762379,18.68811881188116,11.28712871287129,0.012376237623762379,0.0,0.0,0.0,0.0,0.0,0.0,0.0,0.0,0.0,0.0,0.0,0.0,0.0,0.0,0.0,0.0,0.397,0.00982,0.0,0.0,0.0,0.0,0.0,0.0,0.0,0.0,0.0,0.0,0.041208791208791215,18.859890109890085,11.0989010989011,0.0,0.0,0.0,0.0,0.0,0.0,0.0,0.0,0.0,0.0,0.0,0.0,0.0,0.0,0.0,0.0,0.0
12600,4696,2413,0.5138415672913118,1134,974,0.4488926746166951,1336,0.5689948892674617,0.40199999999999997,3.023215067893123,3.0865575192972905,6.6057401812688825,2.098085081216424,9512.708262350938,1614.3810489712644,7853.0,11083.0,11083.0,0.0,7853.0,0.0,28.020229982964224,20.82458516120321,32.87743239828153,19.08229093484331,0.13841567291311754,0.09114139693356048,0.10157580919931856,0.0873083475298126,0.08326235093696763,0.0760221465076661,0.06793015332197615,0.06473594548551959,0.05600511073253833,0.049403747870528106,0.04578364565587734,0.042802385008517886,0.032793867120954,0.026405451448040886,0.02235945485519591,0.008304940374787052,0.005749574105621806,0.9296324670289403,0.02303035203117723,0.0,0.0,0.0,0.0,0.0,0.0,0.0,0.0,0.0,0.0,0.0,0.0,0.0,0.0,0.0,0.0,0.0,0.0,0.0,0.0,0.0,0.0,0.0,0.0,0.0,0.05749574105621807,2.9258943781942084,13.843696763202729,11.44804088586031,1.7248722316865421,4.220544798162127,2.848648704323092,nan,nan,nan,4.226315789473684,2.8400504267693556,4.214800261951539,2.8571702922013213,0.9972752799138137,0.397,0.009605,0.0,0.0,0.0,0.0,0.0,0.0,0.0,0.0,0.0,0.0,0.025553662691652476,18.635008517887535,11.333049403747873,0.006388415672913119,0.0,0.0,0.0,0.0,0.0,0.0,0.0,0.0,0.0,0.0,0.0,0.0,0.0,0.0,0.0,0.0,nan,nan,4.220544798162127,2.848648704323092,nan,0.397,0.0438,0.0,0.0,0.0,0.0,0.0,0.0,0.0,0.0,0.0,0.0,0.0,0.0,0.0,0.0,0.0,0.0,0.0,0.0,0.0,0.0,0.0,0.0,0.0,0.0,0.0,6.388415672913118e-05,0.0003300681431005111,0.002267887563884157,0.0006068994889267461,0.020709114139693355,0.009784923339011925,0.013745741056218059,0.013926746166950596,0.011232964224872232,0.04247231686541738,0.05579216354344123,0.031058347529812607,0.1019484667802385,0.11062606473594548,0.08578577512776832,0.08905451448040885,0.08091993185689948,0.08392248722316865,0.05072402044293015,0.049989352640545145,0.055281090289608176,0.02504258943781942,0.03424190800681431,0.012361584327086882,0.00760221465076661,0.0025127768313458264,0.004674190800681431,0.00010647359454855196,0.002981260647359455,0.0,0.00014906303236797276,8.517887563884156e-05,0.0,0.0,0.0,0.0,0.0,0.0,0.0,0.0,0.0,0.0,0.0,0.0,0.0,0.0,0.0,0.0,0.0,0.0,0.0,0.0,0.0,0.0,0.0,0.0,0.0,0.0,0.0,0.0,0.0,0.0,0.0,0.0,0.0,0.0,0.0,0.0,0.0,0.0,0.0,0.0,0.0,0.0,0.0,0.0,nan,nan,4.220544798162127,2.848648704323092,nan,0.9294154747758621,0.02322057841243952,0.0,0.0,0.0,0.0,0.0,0.0,0.0,0.0,0.0,0.0,0.0,0.0,0.0,0.0,0.0,0.0,0.0,0.0,0.0,0.0,0.0,0.0,0.0,0.0,0.0,0.0621632822213013,2.9341069208454216,14.061334438458353,11.214256112722754,1.728139245752176,0.9298618153892898,0.02282532826753637,0.0,0.0,0.0,0.0,0.0,0.0,0.0,0.0,0.0,0.0,0.0,0.0,0.0,0.0,0.0,0.0,0.0,0.0,0.0,0.0,0.0,0.0,0.0,0.0,0.0,0.05256241787122209,2.917214191852826,13.61366622864652,11.695137976346915,1.7214191852825234,0.397,0.00957,0.0,0.0,0.0,0.0,0.0,0.0,0.0,0.0,0.0,0.0,0.024865312888520518,18.810609200165743,11.152092830501454,0.012432656444260259,0.0,0.0,0.0,0.0,0.0,0.0,0.0,0.0,0.0,0.0,0.0,0.0,0.0,0.0,0.0,0.0,0.3972,0.009636,0.0,0.0,0.0,0.0,0.0,0.0,0.0,0.0,0.0,0.0,0.026281208935611044,18.449408672798924,11.524310118265443,0.0,0.0,0.0,0.0,0.0,0.0,0.0,0.0,0.0,0.0,0.0,0.0,0.0,0.0,0.0,0.0,0.0
12700,4504,2297,0.5099911190053286,1025,959,0.4404973357015986,1287,0.5714920071047958,0.40599999999999997,2.9207068418667874,3.089740957297544,6.531879194630872,2.221159038731569,9500.271314387212,1614.6775412656616,7853.0,11083.0,11083.0,0.0,7853.0,0.0,27.91873889875666,20.99519027660035,32.765884524123386,19.3387804032932,0.136101243339254,0.10657193605683836,0.09591474245115453,0.08792184724689166,0.07682060390763766,0.07260213143872114,0.06882770870337478,0.06349911190053285,0.05994671403197158,0.047513321492007106,0.04706927175843695,0.038632326820603906,0.03352575488454707,0.03086145648312611,0.015097690941385435,0.010435168738898756,0.008658969804618118,0.9305878256713942,0.02366895252702376,0.0,0.0,0.0,0.0,0.0,0.0,0.0,0.0,0.0,0.0,0.0,0.0,0.0,0.0,0.0,0.0,0.0,0.0,0.0,0.0,0.0,0.0,0.0,0.0,0.0,0.14653641207815277,2.9440497335701608,13.301509769094142,11.662966252220253,1.9449378330373006,4.301670146137787,2.827039879928566,nan,nan,nan,4.350140056022409,2.8676367127861164,4.253803596127248,2.785540376098511,0.9778544003975709,0.397,0.00947,0.0,0.0,0.0,0.0,0.0,0.0,0.0,0.0,0.0,0.0,0.019982238010657197,18.776642984014185,11.203374777975137,0.0,0.0,0.0,0.0,0.0,0.0,0.0,0.0,0.0,0.0,0.0,0.0,0.0,0.0,0.0,0.0,0.0,nan,nan,4.301670146137787,2.827039879928566,nan,0.397,0.0438,0.0,0.0,0.0,0.0,0.0,0.0,0.0,0.0,0.0,0.0,0.0,0.0,0.0,0.0,0.0,0.0,0.0,0.0,0.0,0.0,0.0,0.0,0.0,0.0,0.0,0.0,0.00038854351687388986,0.003075044404973357,0.0012433392539964476,0.021036856127886323,0.009558170515097691,0.013288188277087033,0.013632326820603908,0.011467584369449378,0.04014209591474245,0.05532859680284192,0.03274866785079929,0.09801287744227354,0.11422069271758437,0.0877664298401421,0.08741119005328597,0.08157193605683837,0.0829151865008881,0.04844582593250444,0.05108792184724689,0.05740452930728242,0.02725355239786856,0.03446936056838366,0.011190053285968029,0.006394316163410302,0.0024200710479573713,0.004407193605683837,8.880994671403197e-05,0.002619893428063943,0.0,0.0002664298401420959,0.00011101243339253997,0.0,3.330373001776199e-05,0.0,0.0,0.0,0.0,0.0,0.0,0.0,0.0,0.0,0.0,0.0,0.0,0.0,0.0,0.0,0.0,0.0,0.0,0.0,0.0,0.0,0.0,0.0,0.0,0.0,0.0,0.0,0.0,0.0,0.0,0.0,0.0,0.0,0.0,0.0,0.0,0.0,0.0,0.0,0.0,0.0,0.0,nan,nan,4.301670146137787,2.827039879928566,nan,0.9308533761674651,0.023732820636275073,0.0,0.0,0.0,0.0,0.0,0.0,0.0,0.0,0.0,0.0,0.0,0.0,0.0,0.0,0.0,0.0,0.0,0.0,0.0,0.0,0.0,0.0,0.0,0.0,0.0,0.15672616456247282,2.886373530692208,13.086634740966481,11.858946451893777,2.0113191118850677,0.9303114462017635,0.02359912320194366,0.0,0.0,0.0,0.0,0.0,0.0,0.0,0.0,0.0,0.0,0.0,0.0,0.0,0.0,0.0,0.0,0.0,0.0,0.0,0.0,0.0,0.0,0.0,0.0,0.0,0.1359311282283643,3.004077933846852,13.525147258722251,11.458994109651114,1.8758495695514277,0.3972,0.009346,0.0,0.0,0.0,0.0,0.0,0.0,0.0,0.0,0.0,0.0,0.026121027427078804,18.297779712668675,11.676099259904227,0.0,0.0,0.0,0.0,0.0,0.0,0.0,0.0,0.0,0.0,0.0,0.0,0.0,0.0,0.0,0.0,0.0,0.3965,0.009575,0.0,0.0,0.0,0.0,0.0,0.0,0.0,0.0,0.0,0.0,0.013593112822836434,19.27503398278203,10.711372904395109,0.0,0.0,0.0,0.0,0.0,0.0,0.0,0.0,0.0,0.0,0.0,0.0,0.0,0.0,0.0,0.0,0.0
12800,4575,2390,0.5224043715846994,1111,938,0.4478688524590164,1308,0.5718032786885245,0.40599999999999997,3.0292906178489702,3.1081295485914526,6.548286604361371,2.1920996333636715,9540.36612021858,1613.3778679046363,7853.0,11083.0,11083.0,0.0,7853.0,0.0,28.625573770491805,21.01005540091401,33.463326446280995,19.201121214056847,0.13442622950819672,0.09027322404371585,0.09377049180327869,0.0887431693989071,0.07540983606557378,0.08262295081967214,0.06819672131147542,0.06688524590163934,0.05639344262295082,0.052240437158469946,0.04918032786885246,0.03825136612021858,0.03781420765027323,0.02622950819672131,0.021639344262295083,0.010273224043715848,0.007650273224043716,0.930256519473967,0.02293117532885534,0.0,0.0,0.0,0.0,0.0,0.0,0.0,0.0,0.0,0.0,0.0,0.0,0.0,0.0,0.0,0.0,0.0,0.0,0.0,0.0,0.0,0.0,0.0,0.0,0.0,0.07213114754098363,2.727868852459017,13.849180327868856,11.659016393442625,1.691803278688525,4.218260579806731,2.9035385758280805,nan,nan,nan,4.154901960784314,2.877259070996239,4.284160435078178,2.92916845369824,1.0311098734732753,0.3967,0.009865,0.0,0.0,0.0,0.0,0.0,0.0,0.0,0.0,0.0,0.0,0.02622950819672132,18.786885245901612,11.186885245901642,0.0,0.0,0.0,0.0,0.0,0.0,0.0,0.0,0.0,0.0,0.0,0.0,0.0,0.0,0.0,0.0,0.0,nan,nan,4.218260579806731,2.9035385758280805,nan,0.3967,0.044,0.0,0.0,0.0,0.0,0.0,0.0,0.0,0.0,0.0,0.0,0.0,0.0,0.0,0.0,0.0,0.0,0.0,0.0,0.0,0.0,0.0,0.0,0.0,0.0,0.0,0.0,0.00031693989071038254,0.0032131147540983606,0.0013442622950819673,0.02056830601092896,0.010426229508196721,0.01337704918032787,0.013333333333333334,0.012229508196721311,0.041825136612021856,0.05442622950819672,0.033879781420765025,0.0992896174863388,0.11150819672131147,0.08450273224043715,0.08626229508196721,0.08449180327868852,0.08295081967213115,0.049464480874316936,0.049092896174863385,0.057453551912568304,0.026415300546448087,0.03559562841530055,0.012633879781420766,0.005431693989071038,0.0018579234972677596,0.004939890710382514,0.0,0.002907103825136612,0.0,7.650273224043716e-05,0.00018579234972677597,0.0,0.0,0.0,0.0,0.0,0.0,0.0,0.0,0.0,0.0,0.0,0.0,0.0,0.0,0.0,0.0,0.0,0.0,0.0,0.0,0.0,0.0,0.0,0.0,0.0,0.0,0.0,0.0,0.0,0.0,0.0,0.0,0.0,0.0,0.0,0.0,0.0,0.0,0.0,0.0,0.0,0.0,0.0,0.0,nan,nan,4.218260579806731,2.9035385758280805,nan,0.9301623134682867,0.022383073290145477,0.0,0.0,0.0,0.0,0.0,0.0,0.0,0.0,0.0,0.0,0.0,0.0,0.0,0.0,0.0,0.0,0.0,0.0,0.0,0.0,0.0,0.0,0.0,0.0,0.0,0.0878661087866109,2.4351464435146446,14.234309623430965,11.811715481171552,1.4309623430962346,0.9303595640293794,0.023515644526804085,0.0,0.0,0.0,0.0,0.0,0.0,0.0,0.0,0.0,0.0,0.0,0.0,0.0,0.0,0.0,0.0,0.0,0.0,0.0,0.0,0.0,0.0,0.0,0.0,0.0,0.05491990846681923,3.0480549199084677,13.427917620137302,11.491990846681926,1.9771167048054925,0.3967,0.00985,0.0,0.0,0.0,0.0,0.0,0.0,0.0,0.0,0.0,0.0,0.012552301255230129,18.95397489539746,11.033472803347284,0.0,0.0,0.0,0.0,0.0,0.0,0.0,0.0,0.0,0.0,0.0,0.0,0.0,0.0,0.0,0.0,0.0,0.397,0.00988,0.0,0.0,0.0,0.0,0.0,0.0,0.0,0.0,0.0,0.0,0.04118993135011442,18.604118993134986,11.354691075514877,0.0,0.0,0.0,0.0,0.0,0.0,0.0,0.0,0.0,0.0,0.0,0.0,0.0,0.0,0.0,0.0,0.0
12900,4559,2326,0.5101996051765738,1069,936,0.439789427506032,1280,0.5615266505812678,0.418,2.928795342588446,3.1606967251523073,6.761904761904762,2.2416385325599655,9500.944724720333,1614.6639418507807,7853.0,11083.0,11083.0,0.0,7853.0,0.0,27.22285588944944,20.54832671372545,32.24309392265194,18.820643513476647,0.1441105505593332,0.10265409080938802,0.0989252028953718,0.0851063829787234,0.0848870366308401,0.0739197192366747,0.06580390436499232,0.06317174819039263,0.05527527966659355,0.050888352708927394,0.046940118447027855,0.04452730862031147,0.03136652774731301,0.02412809826716385,0.013380127220881772,0.009431892958982233,0.005483658697082693,0.930471966156287,0.02287678946842159,0.0,0.0,0.0,0.0,0.0,0.0,0.0,0.0,0.0,0.0,0.0,0.0,0.0,0.0,0.0,0.0,0.0,0.0,0.0,0.0,0.0,0.0,0.0,0.0,0.0,0.09870585654748851,2.678218907655188,13.627988593989913,11.84470278569862,1.750383856108796,4.383704735376044,2.9148284194866796,nan,nan,nan,4.38992408557626,2.935080047846511,4.375527426160337,2.894228744279319,0.996720522010113,0.397,0.009895,0.0,0.0,0.0,0.0,0.0,0.0,0.0,0.0,0.0,0.0,0.0197411713094977,18.615924544856302,11.364334283834177,0.0,0.0,0.0,0.0,0.0,0.0,0.0,0.0,0.0,0.0,0.0,0.0,0.0,0.0,0.0,0.0,0.0,nan,nan,4.383704735376044,2.9148284194866796,nan,0.397,0.04425,0.0,0.0,0.0,0.0,0.0,0.0,0.0,0.0,0.0,0.0,0.0,0.0,0.0,0.0,0.0,0.0,0.0,0.0,0.0,0.0,0.0,0.0,0.0,0.0,0.0,0.0,0.00030708488703663084,0.003476639613950428,0.0009760912480807195,0.021342399649045843,0.008949330993638956,0.014136872121079185,0.014465891642904146,0.01359947356876508,0.04042553191489362,0.053728887914016234,0.03487606931344593,0.0979052423777144,0.11528844044746656,0.07996271112085984,0.08717920596622067,0.08338451414783944,0.07963369159903487,0.051085764422022374,0.04964904584338671,0.05810484755428822,0.02624479052423777,0.03566571616582584,0.013380127220881772,0.00608686115376179,0.0016670322439131388,0.005132704540469401,6.580390436499232e-05,0.0030818161877604736,2.1934634788330774e-05,5.483658697082694e-05,0.00012064049133581926,0.0,0.0,0.0,0.0,0.0,0.0,0.0,0.0,0.0,0.0,0.0,0.0,0.0,0.0,0.0,0.0,0.0,0.0,0.0,0.0,0.0,0.0,0.0,0.0,0.0,0.0,0.0,0.0,0.0,0.0,0.0,0.0,0.0,0.0,0.0,0.0,0.0,0.0,0.0,0.0,0.0,0.0,0.0,0.0,nan,nan,4.383704735376044,2.9148284194866796,nan,0.9309394724494101,0.02283869889895778,0.0,0.0,0.0,0.0,0.0,0.0,0.0,0.0,0.0,0.0,0.0,0.0,0.0,0.0,0.0,0.0,0.0,0.0,0.0,0.0,0.0,0.0,0.0,0.0,0.0,0.11607910576096304,2.4376612209802238,13.619948409286332,12.046431642304388,1.7798796216681,0.9299849891577181,0.022906255408538436,0.0,0.0,0.0,0.0,0.0,0.0,0.0,0.0,0.0,0.0,0.0,0.0,0.0,0.0,0.0,0.0,0.0,0.0,0.0,0.0,0.0,0.0,0.0,0.0,0.0,0.08060904612628751,2.928795342588447,13.63636363636364,11.6345723242275,1.719659650694134,0.397,0.00998,0.0,0.0,0.0,0.0,0.0,0.0,0.0,0.0,0.0,0.0,0.025795356835769567,18.495270851246747,11.478933791917457,0.0,0.0,0.0,0.0,0.0,0.0,0.0,0.0,0.0,0.0,0.0,0.0,0.0,0.0,0.0,0.0,0.0,0.397,0.00982,0.0,0.0,0.0,0.0,0.0,0.0,0.0,0.0,0.0,0.0,0.013434841021047922,18.741603224361818,11.24496193461711,0.0,0.0,0.0,0.0,0.0,0.0,0.0,0.0,0.0,0.0,0.0,0.0,0.0,0.0,0.0,0.0,0.0
13000,4697,2387,0.5081967213114754,1115,956,0.4409197360017032,1350,0.5748350010645092,0.38999999999999996,2.877056277056277,3.0057004991082175,6.300740740740741,2.129145065645461,9494.475409836066,1614.7829738618168,7853.0,11083.0,11083.0,0.0,7853.0,0.0,27.999148392591014,21.022357982603353,32.965508496068985,19.292214182508317,0.1405152224824356,0.09814775388545881,0.10006387055567384,0.08175431126250798,0.07983819459229295,0.07451564828614009,0.06685118160527996,0.06642537790078774,0.061954439003619334,0.04811581860762189,0.04364487971045348,0.04109005748350011,0.033638492654886096,0.026825633383010434,0.01724505003193528,0.010645092612305727,0.008728975942090697,0.931534403520669,0.023484384902854948,0.0,0.0,0.0,0.0,0.0,0.0,0.0,0.0,0.0,0.0,0.0,0.0,0.0,0.0,0.0,0.0,0.0,0.0,0.0,0.0,0.0,0.0,0.0,0.0,0.0,0.08303172237598469,2.663402171598894,13.131786246540347,12.1481796891633,1.9736001703214823,4.243530192435302,2.8125022355666105,nan,nan,nan,4.259894459102902,2.7577668663476564,4.224448897795591,2.8660341502491864,0.9916792395568468,0.3967,0.00959,0.0,0.0,0.0,0.0,0.0,0.0,0.0,0.0,0.0,0.0,0.051096444539067504,18.873749201618025,11.068767298275498,0.006387055567383438,0.0,0.0,0.0,0.0,0.0,0.0,0.0,0.0,0.0,0.0,0.0,0.0,0.0,0.0,0.0,0.0,nan,nan,4.243530192435302,2.8125022355666105,nan,0.3967,0.0443,0.0,0.0,0.0,0.0,0.0,0.0,0.0,0.0,0.0,0.0,0.0,0.0,0.0,0.0,0.0,0.0,0.0,0.0,0.0,0.0,0.0,0.0,0.0,0.0,0.0,0.0,0.0001596763891845859,0.003853523525654673,0.0007664466680860123,0.023227592080051096,0.008218011496700022,0.013796040025548222,0.01417926335959123,0.013391526506280605,0.039503938684266555,0.05653608686395572,0.03431977858207366,0.09631679795614222,0.11813923781136895,0.08196721311475409,0.0862358952522887,0.08230785607834788,0.07910368320204386,0.04987225888865233,0.04863742814562487,0.05914413455397062,0.025633383010432192,0.033223334043006175,0.013668298914200554,0.007781562699595486,0.0014264424100489674,0.005567383436235895,5.3225463061528635e-05,0.002927400468384075,0.0,4.258037044922291e-05,0.0,0.0,0.0,0.0,0.0,0.0,0.0,0.0,0.0,0.0,0.0,0.0,0.0,0.0,0.0,0.0,0.0,0.0,0.0,0.0,0.0,0.0,0.0,0.0,0.0,0.0,0.0,0.0,0.0,0.0,0.0,0.0,0.0,0.0,0.0,0.0,0.0,0.0,0.0,0.0,0.0,0.0,0.0,0.0,0.0,nan,nan,4.243530192435302,2.8125022355666105,nan,0.9317598774386191,0.02404977207123971,0.0,0.0,0.0,0.0,0.0,0.0,0.0,0.0,0.0,0.0,0.0,0.0,0.0,0.0,0.0,0.0,0.0,0.0,0.0,0.0,0.0,0.0,0.0,0.0,0.0,0.10054461667364896,2.714704650188522,13.070800167574363,11.839128613322165,2.2748219522413073,0.9313014138054538,0.022883148263744997,0.0,0.0,0.0,0.0,0.0,0.0,0.0,0.0,0.0,0.0,0.0,0.0,0.0,0.0,0.0,0.0,0.0,0.0,0.0,0.0,0.0,0.0,0.0,0.0,0.0,0.06493506493506494,2.610389610389611,13.194805194805198,12.46753246753247,1.6623376623376627,0.3967,0.00969,0.0,0.0,0.0,0.0,0.0,0.0,0.0,0.0,0.0,0.0,0.0628403854210306,18.67616254713026,11.260997067448683,0.0,0.0,0.0,0.0,0.0,0.0,0.0,0.0,0.0,0.0,0.0,0.0,0.0,0.0,0.0,0.0,0.0,0.3967,0.00948,0.0,0.0,0.0,0.0,0.0,0.0,0.0,0.0,0.0,0.0,0.03896103896103897,19.07792207792205,10.870129870129873,0.01298701298701299,0.0,0.0,0.0,0.0,0.0,0.0,0.0,0.0,0.0,0.0,0.0,0.0,0.0,0.0,0.0,0.0
13100,4183,2211,0.5285680133875209,1016,852,0.44656944776476215,1169,0.5589289983265598,0.434,2.977687626774848,3.0490428664432985,6.434937611408199,2.132790938798511,9560.274683241692,1612.3617406874444,7853.0,11083.0,11083.0,0.0,7853.0,0.0,28.635429117857996,21.298528306193784,33.60380034032899,19.50405741254217,0.13793927803012193,0.09562514941429597,0.09371264642601004,0.07841262251972268,0.08271575424336601,0.0767391824049725,0.06717666746354291,0.06430791298111403,0.056896963901506094,0.052115706430791296,0.04900788907482668,0.03490317953621803,0.039684437006932825,0.02916567057136027,0.021037532871145112,0.012909395170929955,0.007650011953143677,0.9322464320182572,0.02266666097723869,0.0,0.0,0.0,0.0,0.0,0.0,0.0,0.0,0.0,0.0,0.0,0.0,0.0,0.0,0.0,0.0,0.0,0.0,0.0,0.0,0.0,0.0,0.0,0.0,0.0,0.06454697585464979,2.266316041118815,13.397083432942868,12.285441071001676,1.986612479081999,4.160233066278223,2.861038566519255,nan,nan,nan,4.165435745937962,2.7980978969908614,4.154565061107117,2.921913108341403,0.997390264670042,0.3958,0.00978,0.0,0.0,0.0,0.0,0.0,0.0,0.0,0.0,0.0,0.0,0.050203203442505395,19.858952904613886,10.090843891943583,0.0,0.0,0.0,0.0,0.0,0.0,0.0,0.0,0.0,0.0,0.0,0.0,0.0,0.0,0.0,0.0,0.0,nan,nan,4.160233066278223,2.861038566519255,nan,0.3958,0.04446,0.0,0.0,0.0,0.0,0.0,0.0,0.0,0.0,0.0,0.0,0.0,0.0,0.0,0.0,0.0,0.0,0.0,0.0,0.0,0.0,0.0,0.0,0.0,0.0,0.0,0.0,0.00013148458044465696,0.0040879751374611525,0.0008845326320822376,0.025591680612000955,0.007912981114032991,0.014379631843174754,0.015407602199378437,0.013626583791537174,0.04065264164475257,0.057972746832416926,0.03475974181209658,0.09266076978245279,0.11900549844609132,0.08110207984699976,0.08844131006454697,0.07966770260578532,0.07865168539325842,0.0528448481950753,0.04842218503466412,0.056622041596939995,0.025065742290222327,0.030982548410231892,0.014535022710972985,0.007327277073870428,0.0012909395170929954,0.005032273487927325,1.1953143676786996e-05,0.002928520200812814,0.0,0.0,0.0,0.0,0.0,0.0,0.0,0.0,0.0,0.0,0.0,0.0,0.0,0.0,0.0,0.0,0.0,0.0,0.0,0.0,0.0,0.0,0.0,0.0,0.0,0.0,0.0,0.0,0.0,0.0,0.0,0.0,0.0,0.0,0.0,0.0,0.0,0.0,0.0,0.0,0.0,0.0,0.0,0.0,0.0,0.0,0.0,nan,nan,4.160233066278223,2.861038566519255,nan,0.9327050070857528,0.022705732717714255,0.0,0.0,0.0,0.0,0.0,0.0,0.0,0.0,0.0,0.0,0.0,0.0,0.0,0.0,0.0,0.0,0.0,0.0,0.0,0.0,0.0,0.0,0.0,0.0,0.0,0.0542740841248304,2.1573948439620088,13.527815468113978,12.10312075983718,2.1573948439620088,0.9317322791408573,0.022611717219320183,0.0,0.0,0.0,0.0,0.0,0.0,0.0,0.0,0.0,0.0,0.0,0.0,0.0,0.0,0.0,0.0,0.0,0.0,0.0,0.0,0.0,0.0,0.0,0.0,0.0,0.07606490872210955,2.38843813387424,13.250507099391484,12.489858012170389,1.7951318458417855,0.3958,0.00988,0.0,0.0,0.0,0.0,0.0,0.0,0.0,0.0,0.0,0.0,0.08141112618724561,19.755766621438234,10.162822252374493,0.0,0.0,0.0,0.0,0.0,0.0,0.0,0.0,0.0,0.0,0.0,0.0,0.0,0.0,0.0,0.0,0.0,0.396,0.009674,0.0,0.0,0.0,0.0,0.0,0.0,0.0,0.0,0.0,0.0,0.01521298174442191,19.974645030425933,10.010141987829616,0.0,0.0,0.0,0.0,0.0,0.0,0.0,0.0,0.0,0.0,0.0,0.0,0.0,0.0,0.0,0.0,0.0
13200,4382,2366,0.5399361022364217,1108,860,0.44910999543587404,1194,0.5449566408032862,0.40599999999999997,2.978670634920635,3.0731881710002376,6.411864406779661,2.2537791047041233,9596.993610223642,1609.8402555910543,7853.0,11083.0,11083.0,0.0,7853.0,0.0,28.68735737106344,21.006951967013187,33.64600811907984,19.129379161987288,0.13806481058877226,0.09447740757644911,0.08740301232314011,0.08443633044272023,0.07941579187585578,0.07507987220447285,0.06800547695116385,0.06617982656321314,0.057279780921953447,0.058877225011410315,0.04495664080328617,0.04860794157918759,0.035600182565038795,0.02464628023733455,0.015518028297581013,0.01460520310360566,0.006846188954815153,0.9323672366463284,0.023470521653252037,0.0,0.0,0.0,0.0,0.0,0.0,0.0,0.0,0.0,0.0,0.0,0.0,0.0,0.0,0.0,0.0,0.0,0.0,0.0,0.0,0.0,0.0,0.0,0.0,0.0,0.08215426745778184,2.5125513464171614,12.679141944317667,12.555910543130993,2.170241898676404,4.07959680222454,2.878055256934968,nan,nan,nan,4.028731604765242,2.8750944659175954,4.129655172413793,2.880089178167472,1.0250509533891952,0.3958,0.00961,0.0,0.0,0.0,0.0,0.0,0.0,0.0,0.0,0.0,0.0,0.027384755819260618,20.15518028297578,9.817434961204931,0.0,0.0,0.0,0.0,0.0,0.0,0.0,0.0,0.0,0.0,0.0,0.0,0.0,0.0,0.0,0.0,0.0,nan,nan,4.07959680222454,2.878055256934968,nan,0.3958,0.0445,0.0,0.0,0.0,0.0,0.0,0.0,0.0,0.0,0.0,0.0,0.0,0.0,0.0,0.0,0.0,0.0,0.0,0.0,0.0,0.0,0.0,0.0,0.0,0.0,0.0,0.0,0.00011410314924691921,0.005180282975810132,0.000581926061159288,0.025011410314924692,0.00754221816522136,0.013680967594705613,0.01597444089456869,0.013966225467822911,0.03992469192149704,0.05920812414422638,0.03466453674121406,0.09202418986764034,0.11826791419443176,0.08038566864445458,0.09160200821542674,0.08302145139205842,0.07546782291191237,0.05317206754906435,0.04667959835691465,0.05896850753080785,0.023824737562756732,0.029609767229575538,0.013030579643998175,0.007633500684618895,0.0013806481058877226,0.006515289821999087,5.705157462345961e-05,0.0024303970789593793,7.987220447284345e-05,0.0,0.0,0.0,0.0,0.0,0.0,0.0,0.0,0.0,0.0,0.0,0.0,0.0,0.0,0.0,0.0,0.0,0.0,0.0,0.0,0.0,0.0,0.0,0.0,0.0,0.0,0.0,0.0,0.0,0.0,0.0,0.0,0.0,0.0,0.0,0.0,0.0,0.0,0.0,0.0,0.0,0.0,0.0,0.0,0.0,0.0,nan,nan,4.07959680222454,2.878055256934968,nan,0.9328038563994362,0.023407560524486948,0.0,0.0,0.0,0.0,0.0,0.0,0.0,0.0,0.0,0.0,0.0,0.0,0.0,0.0,0.0,0.0,0.0,0.0,0.0,0.0,0.0,0.0,0.0,0.0,0.0,0.08875739644970417,2.3203719357565515,12.666948436179208,12.578191039729504,2.3457311918850383,0.9318548148527505,0.023533868928431487,0.0,0.0,0.0,0.0,0.0,0.0,0.0,0.0,0.0,0.0,0.0,0.0,0.0,0.0,0.0,0.0,0.0,0.0,0.0,0.0,0.0,0.0,0.0,0.0,0.0,0.07440476190476192,2.7380952380952386,12.693452380952385,12.529761904761909,1.9642857142857146,0.3958,0.009605,0.0,0.0,0.0,0.0,0.0,0.0,0.0,0.0,0.0,0.0,0.038038884192730354,20.30008453085373,9.661876584953509,0.0,0.0,0.0,0.0,0.0,0.0,0.0,0.0,0.0,0.0,0.0,0.0,0.0,0.0,0.0,0.0,0.0,0.396,0.00961,0.0,0.0,0.0,0.0,0.0,0.0,0.0,0.0,0.0,0.0,0.014880952380952385,19.98511904761902,10.000000000000002,0.0,0.0,0.0,0.0,0.0,0.0,0.0,0.0,0.0,0.0,0.0,0.0,0.0,0.0,0.0,0.0,0.0
13300,4147,2130,0.513624306727755,1015,846,0.4487581384133108,1178,0.568121533638775,0.45,3.112543381259296,3.2070705114591056,6.751295336787565,2.189702122665521,9512.00651073065,1614.4003304674195,7853.0,11083.0,11083.0,0.0,7853.0,0.0,28.041958041958043,20.80796657978871,32.9833620195066,19.007389291420246,0.1396190016879672,0.09838437424644321,0.08897998553170967,0.09211478176995419,0.0829515312273933,0.06824210272486135,0.06703641186399807,0.06631299734748011,0.05690860863274656,0.051603568844948156,0.04895104895104895,0.0465396672293224,0.035447311309380274,0.023631540872920184,0.017844224740776463,0.011333494092114782,0.004099348926935134,0.9314527817309435,0.02328729356463434,0.0,0.0,0.0,0.0,0.0,0.0,0.0,0.0,0.0,0.0,0.0,0.0,0.0,0.0,0.0,0.0,0.0,0.0,0.0,0.0,0.0,0.0,0.0,0.0,0.0,0.06510730648661685,2.640462985290572,13.332529539426094,11.99421268386786,1.9676874849288646,4.425287356321839,3.005198524089143,nan,nan,nan,4.496366279069767,3.0613852778322452,4.3512490537471615,2.9437086249543825,0.9677256663901882,0.396,0.00968,0.0,0.0,0.0,0.0,0.0,0.0,0.0,0.0,0.0,0.0,0.021702435495538946,19.56112852664574,10.417169037858695,0.0,0.0,0.0,0.0,0.0,0.0,0.0,0.0,0.0,0.0,0.0,0.0,0.0,0.0,0.0,0.0,0.0,nan,nan,4.425287356321839,3.005198524089143,nan,0.396,0.04422,0.0,0.0,0.0,0.0,0.0,0.0,0.0,0.0,0.0,0.0,0.0,0.0,0.0,0.0,0.0,0.0,0.0,0.0,0.0,0.0,0.0,0.0,0.0,0.0,0.0,0.0,0.00012056908608632747,0.003508560405112129,0.0007234145165179648,0.025801784422474078,0.007740535326742223,0.012346274415239932,0.015758379551483,0.0116349168073306,0.03945020496744635,0.05930793344586448,0.03574873402459609,0.09491198456715698,0.12166626476971304,0.0821798890764408,0.08643597781528815,0.08028695442488545,0.07720038582107548,0.05460573908849771,0.045755968169761276,0.0589100554617796,0.02480106100795756,0.029877019532191944,0.013383168555582348,0.007740535326742223,0.0010730648661683145,0.006269592476489028,0.0,0.002700747528333735,6.0284543043163735e-05,0.0,0.0,0.0,0.0,0.0,0.0,0.0,0.0,0.0,0.0,0.0,0.0,0.0,0.0,0.0,0.0,0.0,0.0,0.0,0.0,0.0,0.0,0.0,0.0,0.0,0.0,0.0,0.0,0.0,0.0,0.0,0.0,0.0,0.0,0.0,0.0,0.0,0.0,0.0,0.0,0.0,0.0,0.0,0.0,0.0,0.0,nan,nan,4.425287356321839,3.005198524089143,nan,0.9315563228768362,0.02325968810621161,0.0,0.0,0.0,0.0,0.0,0.0,0.0,0.0,0.0,0.0,0.0,0.0,0.0,0.0,0.0,0.0,0.0,0.0,0.0,0.0,0.0,0.0,0.0,0.0,0.0,0.09859154929577467,2.5633802816901414,13.253521126760567,12.000000000000004,2.0845070422535215,0.9313434398168375,0.023315910943243867,0.0,0.0,0.0,0.0,0.0,0.0,0.0,0.0,0.0,0.0,0.0,0.0,0.0,0.0,0.0,0.0,0.0,0.0,0.0,0.0,0.0,0.0,0.0,0.0,0.0,0.029747149231531985,2.7218641546851763,13.415964303420926,11.98810114030739,1.844323252354983,0.396,0.00963,0.0,0.0,0.0,0.0,0.0,0.0,0.0,0.0,0.0,0.0,0.02816901408450705,19.59154929577462,10.380281690140846,0.0,0.0,0.0,0.0,0.0,0.0,0.0,0.0,0.0,0.0,0.0,0.0,0.0,0.0,0.0,0.0,0.0,0.396,0.00974,0.0,0.0,0.0,0.0,0.0,0.0,0.0,0.0,0.0,0.0,0.014873574615765993,19.529003470500715,10.456122954883492,0.0,0.0,0.0,0.0,0.0,0.0,0.0,0.0,0.0,0.0,0.0,0.0,0.0,0.0,0.0,0.0,0.0
13400,4286,2220,0.5179654689687354,1042,868,0.4456369575361643,1190,0.5552963135790947,0.442,3.015004840271055,3.1815458054952583,6.748263888888889,2.154008804615862,9526.028464769015,1613.9571547214478,7853.0,11083.0,11083.0,0.0,7853.0,0.0,27.9129724685021,20.934115136750776,32.895966620305984,19.178954416078525,0.13859076061595893,0.09916005599626691,0.09566028931404573,0.09006066262249184,0.07792813812412505,0.07746150256649556,0.0648623425104993,0.06322911805879608,0.05622958469435371,0.05529631357909473,0.04759682687820812,0.03709752683154456,0.03359776014932338,0.02869808679421372,0.017032197853476434,0.010732617825478302,0.006766215585627624,0.930950565603477,0.0231637074868153,0.0,0.0,0.0,0.0,0.0,0.0,0.0,0.0,0.0,0.0,0.0,0.0,0.0,0.0,0.0,0.0,0.0,0.0,0.0,0.0,0.0,0.0,0.0,0.0,0.0,0.09099393373775085,2.59682687820812,13.45310312645824,12.081194587027534,1.7778814745683624,4.255982596084119,2.961272650336648,nan,nan,nan,4.2370909090909095,2.9873318424959225,4.274765003615329,2.93501430405757,1.0088915001666798,0.3958,0.00974,0.0,0.0,0.0,0.0,0.0,0.0,0.0,0.0,0.0,0.0,0.020998600093327116,19.82967802146521,10.149323378441439,0.0,0.0,0.0,0.0,0.0,0.0,0.0,0.0,0.0,0.0,0.0,0.0,0.0,0.0,0.0,0.0,0.0,nan,nan,4.255982596084119,2.961272650336648,nan,0.3958,0.04437,0.0,0.0,0.0,0.0,0.0,0.0,0.0,0.0,0.0,0.0,0.0,0.0,0.0,0.0,0.0,0.0,0.0,0.0,0.0,0.0,0.0,0.0,0.0,0.0,1.1665888940737283e-05,0.0,0.00012832477834811014,0.0039547363509099395,0.0006416238917405507,0.026049930004666356,0.009286047596826878,0.012214185720951936,0.016052263182454504,0.010767615492300514,0.040387307512832475,0.06177088194120392,0.034519365375641625,0.0907722818478768,0.1201819878674755,0.0839477368175455,0.08971068595426972,0.07933971068595427,0.07544330377974802,0.054526364909006066,0.04692020531964536,0.05547130191320579,0.026703219785347645,0.0298180121325245,0.014080727951469902,0.007874475034997667,0.0009916005599626691,0.006264582361175922,3.499766682221185e-05,0.002134857676154923,0.0,0.0,0.0,0.0,0.0,0.0,0.0,0.0,0.0,0.0,0.0,0.0,0.0,0.0,0.0,0.0,0.0,0.0,0.0,0.0,0.0,0.0,0.0,0.0,0.0,0.0,0.0,0.0,0.0,0.0,0.0,0.0,0.0,0.0,0.0,0.0,0.0,0.0,0.0,0.0,0.0,0.0,0.0,0.0,0.0,0.0,0.0,nan,nan,4.255982596084119,2.961272650336648,nan,0.9313357726679192,0.02295014668171437,0.0,0.0,0.0,0.0,0.0,0.0,0.0,0.0,0.0,0.0,0.0,0.0,0.0,0.0,0.0,0.0,0.0,0.0,0.0,0.0,0.0,0.0,0.0,0.0,0.0,0.09459459459459461,2.4729729729729732,13.364864864864868,12.243243243243246,1.8243243243243248,0.9305366451373289,0.023383942376951555,0.0,0.0,0.0,0.0,0.0,0.0,0.0,0.0,0.0,0.0,0.0,0.0,0.0,0.0,0.0,0.0,0.0,0.0,0.0,0.0,0.0,0.0,0.0,0.0,0.0,0.08712487899322363,2.7299128751210073,13.547918683446277,11.907066795740565,1.7279767666989356,0.3958,0.009766,0.0,0.0,0.0,0.0,0.0,0.0,0.0,0.0,0.0,0.0,0.013513513513513516,19.68918918918916,10.297297297297298,0.0,0.0,0.0,0.0,0.0,0.0,0.0,0.0,0.0,0.0,0.0,0.0,0.0,0.0,0.0,0.0,0.0,0.3958,0.00972,0.0,0.0,0.0,0.0,0.0,0.0,0.0,0.0,0.0,0.0,0.029041626331074547,19.980638915779256,9.990319457889644,0.0,0.0,0.0,0.0,0.0,0.0,0.0,0.0,0.0,0.0,0.0,0.0,0.0,0.0,0.0,0.0,0.0
13500,4807,2521,0.5244435198668608,1207,999,0.4589140836280424,1376,0.5724984397753277,0.38999999999999996,2.987751531058618,3.018291933441998,6.399075500770416,2.134765946798951,9546.95256916996,1613.06896685215,7853.0,11083.0,11083.0,0.0,7853.0,0.0,27.951529020178906,20.639292237810412,32.7847976307996,18.868906242474143,0.13729977116704806,0.10131058872477637,0.09132515082171833,0.0792594133555232,0.07780320366132723,0.08508425213230705,0.07281048470979821,0.06552943623881839,0.06282504680674017,0.05242354899105471,0.04493447056376118,0.03827751196172249,0.03328479301019347,0.023923444976076555,0.016850426461410443,0.009569377990430622,0.00748907842729353,0.9308186462968557,0.02338129458499401,0.0,0.0,0.0,0.0,0.0,0.0,0.0,0.0,0.0,0.0,0.0,0.0,0.0,0.0,0.0,0.0,0.0,0.0,0.0,0.0,0.0,0.0,0.0,0.0,0.0,0.04368629082587894,2.6898273351362603,13.954649469523615,11.370917412107346,1.9409194924069069,4.27872,2.842322142474354,nan,nan,nan,4.237565445026178,2.793359241674223,4.318096430807764,2.8878436956470135,1.0190040689226663,0.3958,0.0095,0.0,0.0,0.0,0.0,0.0,0.0,0.0,0.0,0.0,0.0,0.03120449344705638,20.239234449760737,9.72956105679218,0.0,0.0,0.0,0.0,0.0,0.0,0.0,0.0,0.0,0.0,0.0,0.0,0.0,0.0,0.0,0.0,0.0,nan,nan,4.27872,2.842322142474354,nan,0.3958,0.04413,0.0,0.0,0.0,0.0,0.0,0.0,0.0,0.0,0.0,0.0,0.0,0.0,0.0,0.0,0.0,0.0,0.0,0.0,0.0,0.0,0.0,0.0,0.0,0.0,7.281048470979821e-05,0.0,4.160599126274184e-05,0.003650925733305596,0.0006864988558352403,0.026513417932182235,0.010089452881214895,0.012929061784897024,0.01541501976284585,0.011368837112544206,0.03843353442895777,0.06022467235281881,0.036041189931350116,0.09138755980861243,0.11721447888495944,0.08529228208862076,0.0880486790097774,0.08044518410651134,0.07844809652589974,0.055367172872893694,0.04881422924901186,0.057665903890160186,0.024308300395256915,0.029061784897025173,0.012814645308924484,0.006854587060536718,0.0008321198252548367,0.005419180361972124,0.0,0.002485957977948825,0.0,7.281048470979821e-05,0.0,0.0,0.0,0.0,0.0,0.0,0.0,0.0,0.0,0.0,0.0,0.0,0.0,0.0,0.0,0.0,0.0,0.0,0.0,0.0,0.0,0.0,0.0,0.0,0.0,0.0,0.0,0.0,0.0,0.0,0.0,0.0,0.0,0.0,0.0,0.0,0.0,0.0,0.0,0.0,0.0,0.0,0.0,0.0,0.0,nan,nan,4.27872,2.842322142474354,nan,0.9310198392436789,0.023445553614095668,0.0,0.0,0.0,0.0,0.0,0.0,0.0,0.0,0.0,0.0,0.0,0.0,0.0,0.0,0.0,0.0,0.0,0.0,0.0,0.0,0.0,0.0,0.0,0.0,0.0,0.023800079333597783,2.772709242364142,13.577945259817536,11.626338754462518,1.9992066640222137,0.9305967707855077,0.023308210808161346,0.0,0.0,0.0,0.0,0.0,0.0,0.0,0.0,0.0,0.0,0.0,0.0,0.0,0.0,0.0,0.0,0.0,0.0,0.0,0.0,0.0,0.0,0.0,0.0,0.0,0.06561679790026248,2.598425196850394,14.370078740157483,11.08923884514436,1.8766404199475069,0.3958,0.00946,0.0,0.0,0.0,0.0,0.0,0.0,0.0,0.0,0.0,0.0,0.011900039666798892,20.134867116223692,9.853232844109483,0.0,0.0,0.0,0.0,0.0,0.0,0.0,0.0,0.0,0.0,0.0,0.0,0.0,0.0,0.0,0.0,0.0,0.3955,0.00954,0.0,0.0,0.0,0.0,0.0,0.0,0.0,0.0,0.0,0.0,0.05249343832020999,20.35433070866139,9.593175853018375,0.0,0.0,0.0,0.0,0.0,0.0,0.0,0.0,0.0,0.0,0.0,0.0,0.0,0.0,0.0,0.0,0.0
13600,4860,2514,0.5172839506172839,1163,1013,0.4477366255144033,1409,0.579835390946502,0.38999999999999996,2.942455242966752,2.985988268746453,6.254985754985755,2.0937287822142325,9523.827160493827,1614.0347976890698,7853.0,11083.0,11083.0,0.0,7853.0,0.0,28.104320987654322,20.95133548715501,33.04307391091532,19.192346450065553,0.13765432098765432,0.09917695473251029,0.09732510288065843,0.08065843621399177,0.08065843621399177,0.0720164609053498,0.07325102880658436,0.06604938271604938,0.059876543209876544,0.04814814814814815,0.04588477366255144,0.04609053497942387,0.03065843621399177,0.025102880658436213,0.01810699588477366,0.011934156378600824,0.007407407407407408,0.930783393770579,0.022960685510494128,0.0,0.0,0.0,0.0,0.0,0.0,0.0,0.0,0.0,0.0,0.0,0.0,0.0,0.0,0.0,0.0,0.0,0.0,0.0,0.0,0.0,0.0,0.0,0.0,0.0,0.08024691358024694,2.5925925925925934,13.53703703703704,12.104938271604942,1.6851851851851856,4.222292791362337,2.782720980948476,nan,nan,nan,4.190199871050935,2.8127565905493674,4.253441802252816,2.7528976735080004,1.0150928197098195,0.396,0.00963,0.0,0.0,0.0,0.0,0.0,0.0,0.0,0.0,0.0,0.0,0.04320987654320989,19.82098765432096,10.129629629629633,0.006172839506172841,0.0,0.0,0.0,0.0,0.0,0.0,0.0,0.0,0.0,0.0,0.0,0.0,0.0,0.0,0.0,0.0,nan,nan,4.222292791362337,2.782720980948476,nan,0.396,0.044,0.0,0.0,0.0,0.0,0.0,0.0,0.0,0.0,0.0,0.0,0.0,0.0,0.0,0.0,0.0,0.0,0.0,0.0,0.0,0.0,0.0,0.0,0.0,0.0,0.00015432098765432098,0.0,3.08641975308642e-05,0.0028703703703703703,0.00048353909465020576,0.02815843621399177,0.010473251028806585,0.012561728395061728,0.013364197530864198,0.011275720164609053,0.03867283950617284,0.057705761316872425,0.03777777777777778,0.08879629629629629,0.1146604938271605,0.0859156378600823,0.08960905349794239,0.08440329218106996,0.07725308641975309,0.05590534979423868,0.050339506172839506,0.05654320987654321,0.024444444444444446,0.03007201646090535,0.013487654320987655,0.007160493827160494,0.0005658436213991769,0.004578189300411523,3.08641975308642e-05,0.0025308641975308644,8.23045267489712e-05,7.20164609053498e-05,2.05761316872428e-05,0.0,0.0,0.0,0.0,0.0,0.0,0.0,0.0,0.0,0.0,0.0,0.0,0.0,0.0,0.0,0.0,0.0,0.0,0.0,0.0,0.0,0.0,0.0,0.0,0.0,0.0,0.0,0.0,0.0,0.0,0.0,0.0,0.0,0.0,0.0,0.0,0.0,0.0,0.0,0.0,0.0,0.0,0.0,0.0,nan,nan,4.222292791362337,2.782720980948476,nan,0.9308431180773411,0.023356144297588914,0.0,0.0,0.0,0.0,0.0,0.0,0.0,0.0,0.0,0.0,0.0,0.0,0.0,0.0,0.0,0.0,0.0,0.0,0.0,0.0,0.0,0.0,0.0,0.0,0.0,0.05966587112171839,2.7207637231503585,13.389021479713607,11.980906921241052,1.84964200477327,0.9307193925313633,0.022529028008730072,0.0,0.0,0.0,0.0,0.0,0.0,0.0,0.0,0.0,0.0,0.0,0.0,0.0,0.0,0.0,0.0,0.0,0.0,0.0,0.0,0.0,0.0,0.0,0.0,0.0,0.10230179028132995,2.4552429667519187,13.695652173913047,12.237851662404095,1.5089514066496168,0.396,0.00978,0.0,0.0,0.0,0.0,0.0,0.0,0.0,0.0,0.0,0.0,0.07159904534606207,19.83293556085916,10.095465393794752,0.0,0.0,0.0,0.0,0.0,0.0,0.0,0.0,0.0,0.0,0.0,0.0,0.0,0.0,0.0,0.0,0.0,0.3962,0.00946,0.0,0.0,0.0,0.0,0.0,0.0,0.0,0.0,0.0,0.0,0.012787723785166244,19.80818414322248,10.166240409207163,0.012787723785166244,0.0,0.0,0.0,0.0,0.0,0.0,0.0,0.0,0.0,0.0,0.0,0.0,0.0,0.0,0.0,0.0
13700,4435,2364,0.533032694475761,1110,865,0.44532130777903045,1207,0.5443066516347238,0.442,3.1429261226460645,3.1605742031970108,6.610197368421052,2.287198634273957,9574.695603156708,1611.4717025958062,7853.0,11083.0,11083.0,0.0,7853.0,0.0,28.623449830890642,21.184076262230807,33.70032223415682,19.3150261765604,0.13934611048478016,0.09808342728297632,0.08726042841037204,0.08027057497181511,0.08004509582863585,0.0741826381059752,0.07080045095828635,0.06606538895152199,0.05569334836527621,0.053213077790304396,0.051634723788049605,0.04419391206313416,0.03404735062006765,0.024126268320180385,0.020293122886133032,0.014430665163472379,0.006313416009019166,0.9294584430191402,0.023447637413114956,0.0,0.0,0.0,0.0,0.0,0.0,0.0,0.0,0.0,0.0,0.0,0.0,0.0,0.0,0.0,0.0,0.0,0.0,0.0,0.0,0.0,0.0,0.0,0.0,0.0,0.1555806087936866,3.0507328072153332,13.596392333709135,11.445321307779034,1.751972942502819,4.135785493296665,2.892681388204332,nan,nan,nan,4.172906739278421,2.9149600854343585,4.097916666666666,2.8692809966087323,0.9820292958129417,0.396,0.00997,0.0,0.0,0.0,0.0,0.0,0.0,0.0,0.0,0.0,0.0,0.05411499436302143,19.684329199549012,10.248027057497183,0.013528748590755358,0.0,0.0,0.0,0.0,0.0,0.0,0.0,0.0,0.0,0.0,0.0,0.0,0.0,0.0,0.0,0.0,nan,nan,4.135785493296665,2.892681388204332,nan,0.396,0.0444,0.0,0.0,0.0,0.0,0.0,0.0,0.0,0.0,0.0,0.0,0.0,0.0,0.0,0.0,0.0,0.0,0.0,0.0,0.0,0.0,0.0,0.0,0.0,0.0,0.00038331454340473505,0.0,7.891770011273957e-05,0.0028748590755355127,0.00041713641488162344,0.029391206313416008,0.01214205186020293,0.010698985343855693,0.01532130777903044,0.009481397970687712,0.03794813979706877,0.05564825253664036,0.03900789177001127,0.08817361894024803,0.11586245772266066,0.08768883878241263,0.08925591882750845,0.08245772266065389,0.07625704622322435,0.056268320180383316,0.04972942502818489,0.05759864712514092,0.023359639233370914,0.02837655016910936,0.015546786922209696,0.00733934611048478,0.000608793686583991,0.005140924464487035,2.2547914317925593e-05,0.002818489289740699,7.891770011273957e-05,2.2547914317925593e-05,0.0,0.0,0.0,0.0,0.0,0.0,0.0,0.0,0.0,0.0,0.0,0.0,0.0,0.0,0.0,0.0,0.0,0.0,0.0,0.0,0.0,0.0,0.0,0.0,0.0,0.0,0.0,0.0,0.0,0.0,0.0,0.0,0.0,0.0,0.0,0.0,0.0,0.0,0.0,0.0,0.0,0.0,0.0,0.0,0.0,nan,nan,4.135785493296665,2.892681388204332,nan,0.9293919064470152,0.02309637290702906,0.0,0.0,0.0,0.0,0.0,0.0,0.0,0.0,0.0,0.0,0.0,0.0,0.0,0.0,0.0,0.0,0.0,0.0,0.0,0.0,0.0,0.0,0.0,0.0,0.0,0.11421319796954317,2.994923857868021,13.895939086294419,11.357868020304572,1.637055837563452,0.9295343930222802,0.02384204668707147,0.0,0.0,0.0,0.0,0.0,0.0,0.0,0.0,0.0,0.0,0.0,0.0,0.0,0.0,0.0,0.0,0.0,0.0,0.0,0.0,0.0,0.0,0.0,0.0,0.0,0.202800579430227,3.1144374698213433,13.254466441332694,11.54514727184935,1.8831482375663935,0.396,0.010086,0.0,0.0,0.0,0.0,0.0,0.0,0.0,0.0,0.0,0.0,0.0634517766497462,19.70812182741114,10.215736040609139,0.012690355329949242,0.0,0.0,0.0,0.0,0.0,0.0,0.0,0.0,0.0,0.0,0.0,0.0,0.0,0.0,0.0,0.0,0.396,0.00984,0.0,0.0,0.0,0.0,0.0,0.0,0.0,0.0,0.0,0.0,0.04345726702076292,19.6571704490584,10.284886528247226,0.014485755673587642,0.0,0.0,0.0,0.0,0.0,0.0,0.0,0.0,0.0,0.0,0.0,0.0,0.0,0.0,0.0,0.0
13800,4759,2402,0.5047278840092456,1138,1013,0.45198571128388315,1369,0.5753309518806472,0.40599999999999997,2.9881204921510394,3.1048477413111173,6.689335394126739,2.096790958802088,9483.271065349863,1614.9277985603817,7853.0,11083.0,11083.0,0.0,7853.0,0.0,27.617776843874765,20.846922723286536,32.874873353596755,19.0015209453412,0.15045177558310568,0.09539819289766757,0.08993486026476151,0.08426139945366673,0.08237024584996848,0.07774742592981719,0.07102332422777895,0.06640050430762766,0.057364992645513764,0.0514814036562303,0.040554738390418156,0.0428661483504938,0.028577432233662534,0.025215381382643412,0.018281151502416475,0.010086152553057365,0.007984870771170414,0.9295439716646916,0.023384916396864342,0.0,0.0,0.0,0.0,0.0,0.0,0.0,0.0,0.0,0.0,0.0,0.0,0.0,0.0,0.0,0.0,0.0,0.0,0.0,0.0,0.0,0.0,0.0,0.0,0.0,0.11977306156755624,2.9249842403866366,14.082790502206349,11.164110107165374,1.7083420886740917,4.409284079764629,2.922983085545203,nan,nan,nan,4.450889914304549,2.9769042086556947,4.370538611291369,2.868004985636028,0.9819471376375899,0.3958,0.00966,0.0,0.0,0.0,0.0,0.0,0.0,0.0,0.0,0.0,0.0,0.01260769069132171,20.16600126076904,9.82139104853961,0.0,0.0,0.0,0.0,0.0,0.0,0.0,0.0,0.0,0.0,0.0,0.0,0.0,0.0,0.0,0.0,0.0,nan,nan,4.409284079764629,2.922983085545203,nan,0.3958,0.04425,0.0,0.0,0.0,0.0,0.0,0.0,0.0,0.0,0.0,0.0,0.0,0.0,0.0,0.0,0.0,0.0,0.0,0.0,0.0,0.0,0.0,0.0,0.0,1.0506408909434756e-05,0.0006934229880226939,0.0,0.0,0.0030678714015549484,0.0006724101702038244,0.028556419415843665,0.01201933179239336,0.011693633116200882,0.014887581424669049,0.009382223156125236,0.03979827694893885,0.05639840302584576,0.038054213069972684,0.08707711704139526,0.11494011346921622,0.08693002731666316,0.08907333473418785,0.08139314982139105,0.08009035511662115,0.06018071023324228,0.04902290397142257,0.0558940953981929,0.022231561252363943,0.027390208026896408,0.014898087833578483,0.00793233872662324,0.000556839672200042,0.005085101912166421,3.1519226728304264e-05,0.0018281151502416474,0.00013658331582265182,7.354486236604329e-05,0.0,0.0,0.0,0.0,0.0,0.0,0.0,0.0,0.0,0.0,0.0,0.0,0.0,0.0,0.0,0.0,0.0,0.0,0.0,0.0,0.0,0.0,0.0,0.0,0.0,0.0,0.0,0.0,0.0,0.0,0.0,0.0,0.0,0.0,0.0,0.0,0.0,0.0,0.0,0.0,0.0,0.0,0.0,0.0,0.0,nan,nan,4.409284079764629,2.922983085545203,nan,0.9294946556236225,0.023625711890967613,0.0,0.0,0.0,0.0,0.0,0.0,0.0,0.0,0.0,0.0,0.0,0.0,0.0,0.0,0.0,0.0,0.0,0.0,0.0,0.0,0.0,0.0,0.0,0.0,0.0,0.11240632805995006,3.0849292256452965,13.913405495420486,11.028309741881769,1.8609492089925066,0.9295942292508808,0.023136837335842885,0.0,0.0,0.0,0.0,0.0,0.0,0.0,0.0,0.0,0.0,0.0,0.0,0.0,0.0,0.0,0.0,0.0,0.0,0.0,0.0,0.0,0.0,0.0,0.0,0.0,0.12728044123886298,2.761985574883327,14.255409418752654,11.302503182011034,1.5528213831141284,0.3958,0.00961,0.0,0.0,0.0,0.0,0.0,0.0,0.0,0.0,0.0,0.0,0.024979184013322237,20.208159866777656,9.766860949208994,0.0,0.0,0.0,0.0,0.0,0.0,0.0,0.0,0.0,0.0,0.0,0.0,0.0,0.0,0.0,0.0,0.0,0.3958,0.0097,0.0,0.0,0.0,0.0,0.0,0.0,0.0,0.0,0.0,0.0,0.0,20.123037759864207,9.876962240135768,0.0,0.0,0.0,0.0,0.0,0.0,0.0,0.0,0.0,0.0,0.0,0.0,0.0,0.0,0.0,0.0,0.0
13900,4316,2202,0.510194624652456,987,917,0.4411492122335496,1248,0.5783132530120482,0.426,3.0,3.0816697976457266,6.570234113712375,2.0692647164947022,9500.928637627432,1614.664270002901,7853.0,11083.0,11083.0,0.0,7853.0,0.0,28.488415199258572,21.28863179139454,33.573163997791276,19.459497301131684,0.14341983317886933,0.09337349397590361,0.09151992585727525,0.08781278962001854,0.07275254865616311,0.07761816496756256,0.0685820203892493,0.061631139944392954,0.056533827618164965,0.05120481927710843,0.050278035217794254,0.042632066728452274,0.032205746061167745,0.029193697868396665,0.020389249304911955,0.014828544949026877,0.006024096385542169,0.9301469228105262,0.023306850746549607,0.0,0.0,0.0,0.0,0.0,0.0,0.0,0.0,0.0,0.0,0.0,0.0,0.0,0.0,0.0,0.0,0.0,0.0,0.0,0.0,0.0,0.0,0.0,0.0,0.0,0.1251158480074143,2.8359592215013905,13.658480074142728,11.642724745134387,1.7377201112140876,4.287803138373752,2.8250675617975114,nan,nan,nan,4.2524893314367,2.8558749169901647,4.323319027181688,2.7932910376415196,1.0166560548950414,0.3962,0.009796,0.0,0.0,0.0,0.0,0.0,0.0,0.0,0.0,0.0,0.0,0.048656163113994455,19.19138090824835,10.759962928637629,0.0,0.0,0.0,0.0,0.0,0.0,0.0,0.0,0.0,0.0,0.0,0.0,0.0,0.0,0.0,0.0,0.0,nan,nan,4.287803138373752,2.8250675617975114,nan,0.3962,0.04437,0.0,0.0,0.0,0.0,0.0,0.0,0.0,0.0,0.0,0.0,0.0,0.0,0.0,0.0,0.0,0.0,0.0,0.0,0.0,0.0,0.0,0.0,0.0,0.0,0.0007645968489341983,1.1584800741427247e-05,6.950880444856348e-05,0.0031974050046339204,0.0009267840593141798,0.02811631139944393,0.010171455050973123,0.012442075996292865,0.01443466172381835,0.008109360518999072,0.03958526413345691,0.055885078776645045,0.0390291936978684,0.08455746061167747,0.11704124189063948,0.08393188137164041,0.08946941612604263,0.08142956441149213,0.07924003707136237,0.06185125115848007,0.05210843373493976,0.05636005560704356,0.01911492122335496,0.030363762743280814,0.014701112140871176,0.00858433734939759,0.0005097312326227989,0.005861909175162187,5.792400370713624e-05,0.0018072289156626507,0.00017377201112140871,9.267840593141798e-05,0.0,0.0,0.0,0.0,0.0,0.0,0.0,0.0,0.0,0.0,0.0,0.0,0.0,0.0,0.0,0.0,0.0,0.0,0.0,0.0,0.0,0.0,0.0,0.0,0.0,0.0,0.0,0.0,0.0,0.0,0.0,0.0,0.0,0.0,0.0,0.0,0.0,0.0,0.0,0.0,0.0,0.0,0.0,0.0,0.0,nan,nan,4.287803138373752,2.8250675617975114,nan,0.9302182899184058,0.023070320324723132,0.0,0.0,0.0,0.0,0.0,0.0,0.0,0.0,0.0,0.0,0.0,0.0,0.0,0.0,0.0,0.0,0.0,0.0,0.0,0.0,0.0,0.0,0.0,0.0,0.0,0.14986376021798367,2.711171662125341,13.719346049046324,11.798365122615808,1.621253405994551,0.9300725848864246,0.023550471479134655,0.0,0.0,0.0,0.0,0.0,0.0,0.0,0.0,0.0,0.0,0.0,0.0,0.0,0.0,0.0,0.0,0.0,0.0,0.0,0.0,0.0,0.0,0.0,0.0,0.0,0.09933774834437088,2.965941343424788,13.595080416272472,11.480605487228006,1.8590350047303694,0.3962,0.00998,0.0,0.0,0.0,0.0,0.0,0.0,0.0,0.0,0.0,0.0,0.05449591280653952,19.318801089918228,10.626702997275206,0.0,0.0,0.0,0.0,0.0,0.0,0.0,0.0,0.0,0.0,0.0,0.0,0.0,0.0,0.0,0.0,0.0,0.3965,0.009605,0.0,0.0,0.0,0.0,0.0,0.0,0.0,0.0,0.0,0.0,0.04257332071901609,19.05865657521284,10.898770104068118,0.0,0.0,0.0,0.0,0.0,0.0,0.0,0.0,0.0,0.0,0.0,0.0,0.0,0.0,0.0,0.0,0.0
14000,4395,2270,0.5164960182025028,1011,899,0.43458475540386804,1233,0.5610921501706485,0.422,3.0032941176470587,3.1860709302082935,6.833333333333333,2.1809247461886465,9521.282138794084,1614.1208175615382,7853.0,11083.0,11083.0,0.0,7853.0,0.0,27.883276450511946,21.09919753699522,32.767253044654936,19.4719036172274,0.13833902161547212,0.10921501706484642,0.09374288964732651,0.08850967007963595,0.07463026166097839,0.07485779294653015,0.07007963594994311,0.06143344709897611,0.05460750853242321,0.05164960182025029,0.0434584755403868,0.0391353811149033,0.03822525597269624,0.023208191126279865,0.018657565415244597,0.013424345847554038,0.006825938566552901,0.9305376242452107,0.023324481327101056,0.0,0.0,0.0,0.0,0.0,0.0,0.0,0.0,0.0,0.0,0.0,0.0,0.0,0.0,0.0,0.0,0.0,0.0,0.0,0.0,0.0,0.0,0.0,0.0,0.0,0.08191126279863482,2.880546075085325,13.187713310580207,12.034129692832767,1.815699658703072,4.294770773638969,2.8801516478808056,nan,nan,nan,4.323109843081313,2.8720492816766874,4.266187050359712,2.888019259905948,0.9868329062208078,0.3962,0.00962,0.0,0.0,0.0,0.0,0.0,0.0,0.0,0.0,0.0,0.0,0.04778156996587032,19.8361774744027,10.116040955631401,0.0,0.0,0.0,0.0,0.0,0.0,0.0,0.0,0.0,0.0,0.0,0.0,0.0,0.0,0.0,0.0,0.0,nan,nan,4.294770773638969,2.8801516478808056,nan,0.3962,0.0447,0.0,0.0,0.0,0.0,0.0,0.0,0.0,0.0,0.0,0.0,0.0,0.0,0.0,0.0,0.0,0.0,0.0,0.0,0.0,0.0,0.0,0.0,0.0,0.0,0.0005119453924914676,5.688282138794084e-05,5.688282138794084e-05,0.0032764505119453925,0.0007053469852104664,0.02852104664391354,0.009340159271899887,0.012753128555176336,0.015233219567690557,0.008623435722411832,0.04199089874857793,0.05739476678043231,0.0400910125142207,0.08681456200227532,0.11064846416382253,0.08541524459613196,0.0906712172923777,0.07956769055745165,0.07688282138794084,0.05959044368600683,0.050967007963595,0.05698521046643914,0.01926052332195677,0.03069397042093288,0.01608646188850967,0.008657565415244596,0.0005460750853242321,0.006632536973833902,0.0002161547212741752,0.0016040955631399316,0.0001478953356086462,5.688282138794084e-05,0.0,0.0,0.0,0.0,0.0,0.0,0.0,0.0,0.0,0.0,0.0,0.0,0.0,0.0,0.0,0.0,0.0,0.0,0.0,0.0,0.0,0.0,0.0,0.0,0.0,0.0,0.0,0.0,0.0,0.0,0.0,0.0,0.0,0.0,0.0,0.0,0.0,0.0,0.0,0.0,0.0,0.0,0.0,0.0,0.0,nan,nan,4.294770773638969,2.8801516478808056,nan,0.9300192083818797,0.0229380972582561,0.0,0.0,0.0,0.0,0.0,0.0,0.0,0.0,0.0,0.0,0.0,0.0,0.0,0.0,0.0,0.0,0.0,0.0,0.0,0.0,0.0,0.0,0.0,0.0,0.0,0.09251101321585906,2.8810572687224676,13.308370044052866,12.105726872246699,1.6123348017621149,0.9310914143674514,0.023717767385288434,0.0,0.0,0.0,0.0,0.0,0.0,0.0,0.0,0.0,0.0,0.0,0.0,0.0,0.0,0.0,0.0,0.0,0.0,0.0,0.0,0.0,0.0,0.0,0.0,0.0,0.07058823529411766,2.8800000000000003,13.058823529411768,11.957647058823532,2.0329411764705885,0.3962,0.00971,0.0,0.0,0.0,0.0,0.0,0.0,0.0,0.0,0.0,0.0,0.07929515418502203,19.73127753303962,10.189427312775331,0.0,0.0,0.0,0.0,0.0,0.0,0.0,0.0,0.0,0.0,0.0,0.0,0.0,0.0,0.0,0.0,0.0,0.396,0.009514,0.0,0.0,0.0,0.0,0.0,0.0,0.0,0.0,0.0,0.0,0.014117647058823533,19.94823529411762,10.03764705882353,0.0,0.0,0.0,0.0,0.0,0.0,0.0,0.0,0.0,0.0,0.0,0.0,0.0,0.0,0.0,0.0,0.0
14100,4471,2299,0.5142026392305972,1084,920,0.4482218743010512,1277,0.5712368597629166,0.40599999999999997,2.939686924493554,3.014169956743438,6.3475513428120065,2.1022588861268123,9513.874524714829,1614.348329197323,7853.0,11083.0,11083.0,0.0,7853.0,0.0,28.406173115634086,21.107029284595164,33.53326208923323,19.23797846328883,0.14113173786624916,0.09863565197942295,0.08633415343323642,0.08432118094386043,0.08342652650413777,0.07313800044732723,0.06709908297919928,0.05971818385148736,0.06173115634086334,0.05367926638335943,0.0501006486244688,0.042048758666964885,0.034891523149183624,0.027286960411541043,0.017893088794453144,0.011406844106463879,0.007157235517781257,0.9302689576943538,0.023047231168783745,0.0,0.0,0.0,0.0,0.0,0.0,0.0,0.0,0.0,0.0,0.0,0.0,0.0,0.0,0.0,0.0,0.0,0.0,0.0,0.0,0.0,0.0,0.0,0.0,0.0,0.08051889957503916,2.777902035338851,13.668083202862897,11.782598971147397,1.6908968910758224,4.217584673280876,2.8174967809696483,nan,nan,nan,4.2161602209944755,2.818807917148089,4.2189830508474575,2.816208350653232,1.000669526228848,0.3962,0.00984,0.0,0.0,0.0,0.0,0.0,0.0,0.0,0.0,0.0,0.0,0.02683963319167972,19.425184522478162,10.547975844330129,0.0,0.0,0.0,0.0,0.0,0.0,0.0,0.0,0.0,0.0,0.0,0.0,0.0,0.0,0.0,0.0,0.0,nan,nan,4.217584673280876,2.8174967809696483,nan,0.3962,0.04468,0.0,0.0,0.0,0.0,0.0,0.0,0.0,0.0,0.0,0.0,0.0,0.0,0.0,0.0,0.0,0.0,0.0,0.0,0.0,0.0,0.0,0.0,0.0,2.236636099306643e-05,0.00035786177588906286,8.946544397226571e-05,5.591590248266607e-05,0.0036345336613732944,0.0008946544397226571,0.02748825766047864,0.008968910758219638,0.013274435249384925,0.015432789085215835,0.009874748378438828,0.039163498098859315,0.06024379333482442,0.03926414672332811,0.08664728248713935,0.11027734287631402,0.08349362558711698,0.0914113173786625,0.08284500111831805,0.07563184969805413,0.06029970923730709,0.05,0.056933571907850596,0.01766942518452248,0.031905613956609256,0.016584656676358757,0.008432118094386043,0.0007940058152538582,0.0063967792440169985,5.591590248266607e-05,0.0016327443524938492,7.82822634757325e-05,0.00014538134645493178,0.0,0.0,0.0,0.0,0.0,0.0,0.0,0.0,0.0,0.0,0.0,0.0,0.0,0.0,0.0,0.0,0.0,0.0,0.0,0.0,0.0,0.0,0.0,0.0,0.0,0.0,0.0,0.0,0.0,0.0,0.0,0.0,0.0,0.0,0.0,0.0,0.0,0.0,0.0,0.0,0.0,0.0,0.0,0.0,0.0,nan,nan,4.217584673280876,2.8174967809696483,nan,0.9304244158941023,0.022606698770818435,0.0,0.0,0.0,0.0,0.0,0.0,0.0,0.0,0.0,0.0,0.0,0.0,0.0,0.0,0.0,0.0,0.0,0.0,0.0,0.0,0.0,0.0,0.0,0.0,0.0,0.10439321444106135,2.622879512831666,13.623314484558508,12.057416267942587,1.5919965202261857,0.930104409627493,0.023503408759758742,0.0,0.0,0.0,0.0,0.0,0.0,0.0,0.0,0.0,0.0,0.0,0.0,0.0,0.0,0.0,0.0,0.0,0.0,0.0,0.0,0.0,0.0,0.0,0.0,0.0,0.0552486187845304,2.9419889502762437,13.715469613259671,11.491712707182323,1.795580110497238,0.3965,0.009834,0.0,0.0,0.0,0.0,0.0,0.0,0.0,0.0,0.0,0.0,0.026098303610265338,19.03871248368853,10.935189212701177,0.0,0.0,0.0,0.0,0.0,0.0,0.0,0.0,0.0,0.0,0.0,0.0,0.0,0.0,0.0,0.0,0.0,0.3958,0.00984,0.0,0.0,0.0,0.0,0.0,0.0,0.0,0.0,0.0,0.0,0.0276243093922652,19.83425414364638,10.138121546961328,0.0,0.0,0.0,0.0,0.0,0.0,0.0,0.0,0.0,0.0,0.0,0.0,0.0,0.0,0.0,0.0,0.0
14200,4538,2349,0.5176289114147201,1113,941,0.4526223005729396,1300,0.5729396209784046,0.41,2.9648241206030153,3.079003257322902,6.620355411954765,2.141890639553839,9524.941383869545,1613.9958732298608,7853.0,11083.0,11083.0,0.0,7853.0,0.0,27.731599823710887,20.66577560388456,32.65292727750066,18.906210110591367,0.14037020713970913,0.09828118113706479,0.09012780960775672,0.09409431467606875,0.08307624504186867,0.0755839576906126,0.06787130894667254,0.06346408109299251,0.05839576906126047,0.05112384310268841,0.051344204495372414,0.03283384750991626,0.034156015866020274,0.025341560158660202,0.016967827236668134,0.011679153812252093,0.005288673424416042,0.9299233906092546,0.023504609191685902,0.0,0.0,0.0,0.0,0.0,0.0,0.0,0.0,0.0,0.0,0.0,0.0,0.0,0.0,0.0,0.0,0.0,0.0,0.0,0.0,0.0,0.0,0.0,0.0,0.0,0.11238431026884092,2.8624944909651835,13.763772587042753,11.502864698104895,1.7584839136183346,4.254508336168765,2.935719859549773,nan,nan,nan,4.30420054200542,2.892895460272415,4.204374572795626,2.977460555924724,0.9768073145673452,0.396,0.00989,0.0,0.0,0.0,0.0,0.0,0.0,0.0,0.0,0.0,0.0,0.033054208902600274,19.82591449977961,10.141031291317763,0.0,0.0,0.0,0.0,0.0,0.0,0.0,0.0,0.0,0.0,0.0,0.0,0.0,0.0,0.0,0.0,0.0,nan,nan,4.254508336168765,2.935719859549773,nan,0.396,0.04483,0.0,0.0,0.0,0.0,0.0,0.0,0.0,0.0,0.0,0.0,0.0,0.0,0.0,0.0,0.0,0.0,0.0,0.0,0.0,0.0,0.0,0.0,0.0,7.712648743940062e-05,0.0005509034817100044,0.00014323490524460115,0.00023137946231820185,0.0036910533274570295,0.0012670780079330102,0.026795945350374613,0.009662847069193478,0.011381665932128691,0.01642794182459233,0.011998677831643895,0.036976641692375495,0.059100925517849276,0.040601586602027326,0.08455266637285147,0.1134310268840899,0.08339576906126046,0.09403922432789776,0.08382547377699427,0.07090127809607756,0.06143675628029969,0.04731159100925518,0.05702952842661966,0.015689731159100925,0.035301895107977085,0.017044953724107536,0.008847509916262672,0.0006941383869546056,0.005409872190392243,8.814455707360071e-05,0.0019391802556192154,1.1018069634200089e-05,0.00014323490524460115,0.0,0.0,0.0,0.0,0.0,0.0,0.0,0.0,0.0,0.0,0.0,0.0,0.0,0.0,0.0,0.0,0.0,0.0,0.0,0.0,0.0,0.0,0.0,0.0,0.0,0.0,0.0,0.0,0.0,0.0,0.0,0.0,0.0,0.0,0.0,0.0,0.0,0.0,0.0,0.0,0.0,0.0,0.0,0.0,0.0,nan,nan,4.254508336168765,2.935719859549773,nan,0.9299475897013152,0.023633414198092288,0.0,0.0,0.0,0.0,0.0,0.0,0.0,0.0,0.0,0.0,0.0,0.0,0.0,0.0,0.0,0.0,0.0,0.0,0.0,0.0,0.0,0.0,0.0,0.0,0.0,0.1021711366538953,2.8607918263090686,13.639846743295022,11.685823754789276,1.7113665389527462,0.9298974227393365,0.02336557181585481,0.0,0.0,0.0,0.0,0.0,0.0,0.0,0.0,0.0,0.0,0.0,0.0,0.0,0.0,0.0,0.0,0.0,0.0,0.0,0.0,0.0,0.0,0.0,0.0,0.0,0.12334399269072638,2.8643216080402016,13.89675650982184,11.306532663316586,1.8090452261306538,0.396,0.00992,0.0,0.0,0.0,0.0,0.0,0.0,0.0,0.0,0.0,0.0,0.03831417624521073,19.872286079182604,10.08939974457216,0.0,0.0,0.0,0.0,0.0,0.0,0.0,0.0,0.0,0.0,0.0,0.0,0.0,0.0,0.0,0.0,0.0,0.3962,0.00985,0.0,0.0,0.0,0.0,0.0,0.0,0.0,0.0,0.0,0.0,0.027409776153494752,19.77615349474643,10.196436729100048,0.0,0.0,0.0,0.0,0.0,0.0,0.0,0.0,0.0,0.0,0.0,0.0,0.0,0.0,0.0,0.0,0.0
14300,4647,2399,0.5162470411017861,1111,945,0.44243598020228103,1309,0.5633742199268346,0.39399999999999996,2.9306049822064058,3.030477921244363,6.365030674846626,2.116659996063693,9520.47794275877,1614.1471635274793,7853.0,11083.0,11083.0,0.0,7853.0,0.0,28.30040886593501,21.07995900527602,33.10030549898167,19.395868497550904,0.1329890251775339,0.10458360232408005,0.08995050570260384,0.08672261674198407,0.07725414245749947,0.08349472778136433,0.0684312459651388,0.057456423499031635,0.05724123090165698,0.05422853453841188,0.04626640843554982,0.04110178609855821,0.037873897137938456,0.024531956100710135,0.018076178179470628,0.011620400258231117,0.008177318700236712,0.9307886347581885,0.02346412423408637,0.0,0.0,0.0,0.0,0.0,0.0,0.0,0.0,0.0,0.0,0.0,0.0,0.0,0.0,0.0,0.0,0.0,0.0,0.0,0.0,0.0,0.0,0.0,0.0,0.0,0.09038089089735316,2.9115558424790193,13.31181407359587,11.826985151710785,1.859264041316979,4.28946493851778,2.8689601859450846,nan,nan,nan,4.366263440860215,2.8831856849741353,4.21578947368421,2.853347647550844,0.9655371304974765,0.3962,0.00951,0.0,0.0,0.0,0.0,0.0,0.0,0.0,0.0,0.0,0.0,0.025823111684958044,19.683666881859235,10.29051000645578,0.0,0.0,0.0,0.0,0.0,0.0,0.0,0.0,0.0,0.0,0.0,0.0,0.0,0.0,0.0,0.0,0.0,nan,nan,4.28946493851778,2.8689601859450846,nan,0.3962,0.0449,0.0,0.0,0.0,0.0,0.0,0.0,0.0,0.0,0.0,0.0,0.0,0.0,0.0,0.0,0.0,0.0,0.0,0.0,0.0,0.0,0.0,0.0,0.0,0.00017215407789972025,0.0004841833440929632,0.00010759629868732516,0.000355067785668173,0.004443727135786529,0.001398751882935227,0.025726275016139444,0.010662793199913922,0.010157090596083494,0.015902732945986656,0.012179901011405208,0.035614374865504624,0.05890897353131052,0.045836023240800515,0.08452765224876264,0.10702603830428234,0.0793522702819023,0.09682590918872391,0.08670109748224661,0.0724661071659135,0.06271788250484184,0.047718958467828705,0.05595007531740908,0.01565526145900581,0.03580804820314181,0.01599956961480525,0.008575425005379816,0.0008392511297611362,0.005186141596729072,4.303851947493006e-05,0.0026145900581020015,0.0,4.303851947493006e-05,0.0,0.0,0.0,0.0,0.0,0.0,0.0,0.0,0.0,0.0,0.0,0.0,0.0,0.0,0.0,0.0,0.0,0.0,0.0,0.0,0.0,0.0,0.0,0.0,0.0,0.0,0.0,0.0,0.0,0.0,0.0,0.0,0.0,0.0,0.0,0.0,0.0,0.0,0.0,0.0,0.0,0.0,0.0,0.0,0.0,nan,nan,4.28946493851778,2.8689601859450846,nan,0.9305616568505342,0.02344333237162313,0.0,0.0,0.0,0.0,0.0,0.0,0.0,0.0,0.0,0.0,0.0,0.0,0.0,0.0,0.0,0.0,0.0,0.0,0.0,0.0,0.0,0.0,0.0,0.0,0.0,0.12505210504376826,2.9012088370154236,13.468111713213842,11.62984576907045,1.875781575656524,0.9310308589576827,0.023483872734477117,0.0,0.0,0.0,0.0,0.0,0.0,0.0,0.0,0.0,0.0,0.0,0.0,0.0,0.0,0.0,0.0,0.0,0.0,0.0,0.0,0.0,0.0,0.0,0.0,0.0,0.05338078291814948,2.922597864768684,13.14501779359431,12.037366548042709,1.841637010676157,0.396,0.00956,0.0,0.0,0.0,0.0,0.0,0.0,0.0,0.0,0.0,0.0,0.025010421008753652,19.608170070862833,10.36681950812839,0.0,0.0,0.0,0.0,0.0,0.0,0.0,0.0,0.0,0.0,0.0,0.0,0.0,0.0,0.0,0.0,0.0,0.3962,0.00945,0.0,0.0,0.0,0.0,0.0,0.0,0.0,0.0,0.0,0.0,0.02669039145907474,19.76423487544481,10.209074733096086,0.0,0.0,0.0,0.0,0.0,0.0,0.0,0.0,0.0,0.0,0.0,0.0,0.0,0.0,0.0,0.0,0.0
14400,4474,2325,0.5196691998211891,1074,896,0.4403218596334376,1255,0.5610192221725525,0.40599999999999997,3.018147975802699,3.110968618672884,6.634304207119741,2.0697203471061054,9531.53151542244,1613.7499021063109,7853.0,11083.0,11083.0,0.0,7853.0,0.0,28.000447027268663,20.85351339248253,32.76084656084656,19.184083220701076,0.13433169423334823,0.1048278945015646,0.09141707644166294,0.08538220831470719,0.07845328565042467,0.08314707197139025,0.06861868573983013,0.06884219937416182,0.053196244970943225,0.05118462226195798,0.04380867232901207,0.03643272239606616,0.037773804202056324,0.025033527045149755,0.019892713455520787,0.012516763522574878,0.005140813589628967,0.9306836874025658,0.02373305701177538,0.0,0.0,0.0,0.0,0.0,0.0,0.0,0.0,0.0,0.0,0.0,0.0,0.0,0.0,0.0,0.0,0.0,0.0,0.0,0.0,0.0,0.0,0.0,0.0,0.006705409029950829,0.1475189986589182,2.789450156459545,13.209655789003133,11.96244970943228,1.8842199374161828,4.378048780487805,2.8984446792367926,nan,nan,nan,4.426974143955276,2.9018559325507107,4.329395413481585,2.8942283480014273,0.9779581431242539,0.396,0.00994,0.0,0.0,0.0,0.0,0.0,0.0,0.0,0.0,0.0,0.0,0.026821636119803316,19.539561913276682,10.433616450603488,0.0,0.0,0.0,0.0,0.0,0.0,0.0,0.0,0.0,0.0,0.0,0.0,0.0,0.0,0.0,0.0,0.0,nan,nan,4.378048780487805,2.8984446792367926,nan,0.396,0.04517,0.0,0.0,0.0,0.0,0.0,0.0,0.0,0.0,0.0,0.0,0.0,0.0,0.0,0.0,0.0,0.0,0.0,0.0,0.0,0.0,0.0,0.0,0.0,3.352704514975413e-05,0.0005140813589628967,0.00011175681716584712,0.00024586499776486367,0.004090299508270005,0.001978095663835494,0.02677693339293697,0.01050514081358963,0.010784532856504247,0.01715467143495753,0.012159141707644166,0.03521457308895843,0.060449262405006705,0.045630308448815375,0.08271122038444345,0.10499552972731337,0.07420652659812249,0.09982118909253465,0.08428699150648189,0.07578229772016093,0.06413723737147967,0.04749664729548502,0.05647071971390255,0.015422440768886903,0.035940992400536435,0.015042467590523021,0.009041126508717032,0.0006258381761287438,0.0055654894948591865,0.00014528386231560126,0.002637460885113992,0.0,2.2351363433169423e-05,0.0,0.0,0.0,0.0,0.0,0.0,0.0,0.0,0.0,0.0,0.0,0.0,0.0,0.0,0.0,0.0,0.0,0.0,0.0,0.0,0.0,0.0,0.0,0.0,0.0,0.0,0.0,0.0,0.0,0.0,0.0,0.0,0.0,0.0,0.0,0.0,0.0,0.0,0.0,0.0,0.0,0.0,0.0,0.0,0.0,nan,nan,4.378048780487805,2.8984446792367926,nan,0.9307689860815643,0.02397986098728256,0.0,0.0,0.0,0.0,0.0,0.0,0.0,0.0,0.0,0.0,0.0,0.0,0.0,0.0,0.0,0.0,0.0,0.0,0.0,0.0,0.0,0.0,0.0,0.0,0.0,0.1548387096774194,2.825806451612904,13.148387096774197,11.832258064516132,2.038709677419355,0.9305914028848034,0.023462767380610455,0.0,0.0,0.0,0.0,0.0,0.0,0.0,0.0,0.0,0.0,0.0,0.0,0.0,0.0,0.0,0.0,0.0,0.0,0.0,0.0,0.0,0.0,0.0,0.0,0.013959981386691488,0.13959981386691486,2.750116333178223,13.275942298743605,12.103303862261521,1.717077710563053,0.3962,0.00997,0.0,0.0,0.0,0.0,0.0,0.0,0.0,0.0,0.0,0.0,0.03870967741935485,19.535483870967713,10.425806451612905,0.0,0.0,0.0,0.0,0.0,0.0,0.0,0.0,0.0,0.0,0.0,0.0,0.0,0.0,0.0,0.0,0.0,0.396,0.00992,0.0,0.0,0.0,0.0,0.0,0.0,0.0,0.0,0.0,0.0,0.013959981386691488,19.54397394136805,10.442066077245231,0.0,0.0,0.0,0.0,0.0,0.0,0.0,0.0,0.0,0.0,0.0,0.0,0.0,0.0,0.0,0.0,0.0
14500,4379,2263,0.5167846540306006,1062,879,0.44325188399177895,1215,0.5549212148892442,0.426,2.995274102079395,3.1547929704947033,6.726050420168067,2.1624551167392094,9522.21443251884,1614.0897730010743,7853.0,11083.0,11083.0,0.0,7853.0,0.0,28.040420187257364,20.978494875265163,33.03702695344405,19.215380928692927,0.13998629824160766,0.10550353962091802,0.08837634163050925,0.08517926467229961,0.0769582096369034,0.07353277003882165,0.06919387988125143,0.06599680292304179,0.05823247316738982,0.05503539620918018,0.046357615894039736,0.041105275176981045,0.032199132221968484,0.025576615665677094,0.019867549668874173,0.00890614295501256,0.007992692395524092,0.9303882666226526,0.023356887883670283,0.0,0.0,0.0,0.0,0.0,0.0,0.0,0.0,0.0,0.0,0.0,0.0,0.0,0.0,0.0,0.0,0.0,0.0,0.0,0.0,0.0,0.0,0.0,0.0,0.0,0.08906142955012562,2.863667503996347,13.736012788307836,11.509477049554697,1.8017812285910029,4.304701307882644,2.923034606159072,nan,nan,nan,4.354953670705631,2.912752832043312,4.255438596491228,2.9332958950015797,0.9771489935969219,0.3967,0.009544,0.0,0.0,0.0,0.0,0.0,0.0,0.0,0.0,0.0,0.0,0.006850879196163509,18.826216031057292,11.16693308974652,0.0,0.0,0.0,0.0,0.0,0.0,0.0,0.0,0.0,0.0,0.0,0.0,0.0,0.0,0.0,0.0,0.0,nan,nan,4.304701307882644,2.923034606159072,nan,0.3967,0.04538,0.0,0.0,0.0,0.0,0.0,0.0,0.0,0.0,0.0,0.0,0.0,0.0,0.0,0.0,0.0,0.0,0.0,0.0,0.0,0.0,0.0,0.0,1.1418131993605846e-05,0.0,0.000445307147750628,7.992692395524092e-05,0.00025119890385932864,0.003402603334094542,0.0023978077186572275,0.028179949760219227,0.011338205069650605,0.010002283626398722,0.0167960721625942,0.01072162594199589,0.03197076958209637,0.05882621603105732,0.047293902717515414,0.0824274948618406,0.10320849509020324,0.07256222881936515,0.10221511760675954,0.08312400091345055,0.0775405343685773,0.06367892212833981,0.04515871203471112,0.05997944736241151,0.017458323818223338,0.03751998173098881,0.014775062799725965,0.008677780315140443,0.0007764329755651975,0.006451244576387303,3.425439598081754e-05,0.002591915962548527,0.0,0.00010276318794245261,0.0,0.0,0.0,0.0,0.0,0.0,0.0,0.0,0.0,0.0,0.0,0.0,0.0,0.0,0.0,0.0,0.0,0.0,0.0,0.0,0.0,0.0,0.0,0.0,0.0,0.0,0.0,0.0,0.0,0.0,0.0,0.0,0.0,0.0,0.0,0.0,0.0,0.0,0.0,0.0,0.0,0.0,0.0,0.0,0.0,nan,nan,4.304701307882644,2.923034606159072,nan,0.930188609470691,0.023390127012576454,0.0,0.0,0.0,0.0,0.0,0.0,0.0,0.0,0.0,0.0,0.0,0.0,0.0,0.0,0.0,0.0,0.0,0.0,0.0,0.0,0.0,0.0,0.0,0.0,0.0,0.03977021652673443,3.0755634114007964,13.985859478568276,11.135660627485642,1.7631462660185597,0.9306017940966078,0.02331939556734094,0.0,0.0,0.0,0.0,0.0,0.0,0.0,0.0,0.0,0.0,0.0,0.0,0.0,0.0,0.0,0.0,0.0,0.0,0.0,0.0,0.0,0.0,0.0,0.0,0.0,0.14177693761814747,2.637051039697543,13.46880907372401,11.909262759924388,1.8431001890359173,0.397,0.009674,0.0,0.0,0.0,0.0,0.0,0.0,0.0,0.0,0.0,0.0,0.0,18.692001767565152,11.307998232434825,0.0,0.0,0.0,0.0,0.0,0.0,0.0,0.0,0.0,0.0,0.0,0.0,0.0,0.0,0.0,0.0,0.0,0.3967,0.009415,0.0,0.0,0.0,0.0,0.0,0.0,0.0,0.0,0.0,0.0,0.014177693761814748,18.9697542533081,11.01606805293006,0.0,0.0,0.0,0.0,0.0,0.0,0.0,0.0,0.0,0.0,0.0,0.0,0.0,0.0,0.0,0.0,0.0
14600,4604,2388,0.5186794092093832,1161,945,0.4574283231972198,1311,0.5695047784535187,0.38999999999999996,2.9837545126353793,3.0925419166961925,6.499210110584518,2.1944384697593375,9528.334491746307,1613.8725938269458,7853.0,11083.0,11083.0,0.0,7853.0,0.0,28.301694178974806,20.730396446627893,33.043846153846154,18.96501165985359,0.13271068635968722,0.09556907037358818,0.09252823631624674,0.08861859252823631,0.08210251954821894,0.07059079061685491,0.07406602953953084,0.07558644656820157,0.051911381407471764,0.05516941789748045,0.04582971329278888,0.03735881841876629,0.03887923544743701,0.02150304083405734,0.02150304083405734,0.00999131190269331,0.006081668114682885,0.930400679142034,0.022902420049441704,0.0,0.0,0.0,0.0,0.0,0.0,0.0,0.0,0.0,0.0,0.0,0.0,0.0,0.0,0.0,0.0,0.0,0.0,0.0,0.0,0.0,0.0,0.0,0.0,0.0,0.10425716768027804,2.573848827106864,13.788010425716772,11.846220677671592,1.6876629018245008,4.190806878306878,2.9115547283623204,nan,nan,nan,4.198412698412699,2.890011555797482,4.183201058201059,2.9329199414331146,0.996376811594203,0.398,0.00952,0.0,0.0,0.0,0.0,0.0,0.0,0.0,0.0,0.0,0.0,0.0065160729800173775,17.39791485664637,12.589052997393575,0.0065160729800173775,0.0,0.0,0.0,0.0,0.0,0.0,0.0,0.0,0.0,0.0,0.0,0.0,0.0,0.0,0.0,0.0,nan,nan,4.190806878306878,2.9115547283623204,nan,0.398,0.04535,0.0,0.0,0.0,0.0,0.0,0.0,0.0,0.0,0.0,0.0,0.0,0.0,0.0,0.0,0.0,0.0,0.0,0.0,0.0,0.0,0.0,0.0,0.0,0.0,0.000369244135534318,7.602085143353606e-05,8.688097306689835e-05,0.0029756733275412683,0.002258905299739357,0.026064291920069503,0.01141398783666377,0.009404865334491747,0.016920069504778455,0.009719808861859252,0.03151607298001738,0.05797132927888792,0.04954387489139878,0.07655299739357081,0.10131407471763684,0.07326238053866203,0.10427888792354474,0.08167897480451781,0.07666159860990443,0.06437880104257168,0.04969591659426586,0.06178323197219809,0.017636837532580364,0.039270199826238056,0.015215030408340574,0.009448305821025196,0.00047784535186794094,0.006765855777584709,6.516072980017376e-05,0.0030082536924413554,0.0,0.000184622067767159,0.0,0.0,0.0,0.0,0.0,0.0,0.0,0.0,0.0,0.0,0.0,0.0,0.0,0.0,0.0,0.0,0.0,0.0,0.0,0.0,0.0,0.0,0.0,0.0,0.0,0.0,0.0,0.0,0.0,0.0,0.0,0.0,0.0,0.0,0.0,0.0,0.0,0.0,0.0,0.0,0.0,0.0,0.0,0.0,0.0,nan,nan,4.190806878306878,2.9115547283623204,nan,0.9299788075425917,0.022592188110036056,0.0,0.0,0.0,0.0,0.0,0.0,0.0,0.0,0.0,0.0,0.0,0.0,0.0,0.0,0.0,0.0,0.0,0.0,0.0,0.0,0.0,0.0,0.0,0.0,0.0,0.08793969849246233,2.6256281407035185,14.309045226130657,11.419597989949752,1.5577889447236184,0.9308552952880033,0.023223516978770193,0.0,0.0,0.0,0.0,0.0,0.0,0.0,0.0,0.0,0.0,0.0,0.0,0.0,0.0,0.0,0.0,0.0,0.0,0.0,0.0,0.0,0.0,0.0,0.0,0.0,0.12184115523465706,2.5180505415162457,13.226534296028884,12.305956678700364,1.827617328519856,0.398,0.009415,0.0,0.0,0.0,0.0,0.0,0.0,0.0,0.0,0.0,0.0,0.012562814070351761,17.587939698492438,12.386934673366838,0.012562814070351761,0.0,0.0,0.0,0.0,0.0,0.0,0.0,0.0,0.0,0.0,0.0,0.0,0.0,0.0,0.0,0.0,0.398,0.00964,0.0,0.0,0.0,0.0,0.0,0.0,0.0,0.0,0.0,0.0,0.0,17.1931407942238,12.806859205776176,0.0,0.0,0.0,0.0,0.0,0.0,0.0,0.0,0.0,0.0,0.0,0.0,0.0,0.0,0.0,0.0,0.0
14700,4577,2382,0.5204282280970067,1134,951,0.4555385623771029,1301,0.5684946471487874,0.40599999999999997,2.9931662870159452,3.1536866010052456,6.715927750410509,2.1632303813494147,9533.983176753332,1613.6515176411351,7853.0,11083.0,11083.0,0.0,7853.0,0.0,27.759449421018132,20.773906728046715,32.66692667706708,19.031396542588208,0.1400480664190518,0.1029058335154031,0.09023377758357003,0.09198164736727114,0.08367926589469085,0.0672929866724929,0.06707450294953025,0.06510814944286651,0.061175442429539,0.053965479571771904,0.04981428883548176,0.035612846842910204,0.03364649333624645,0.022503823465151847,0.016604762945160584,0.012890539654795717,0.005462093074065982,0.9310334326269222,0.023109213026769465,0.0,0.0,0.0,0.0,0.0,0.0,0.0,0.0,0.0,0.0,0.0,0.0,0.0,0.0,0.0,0.0,0.0,0.0,0.0,0.0,0.0,0.0,0.0,0.0,0.0,0.07209962857767098,2.6807952807515845,13.482630544024474,11.981647367271142,1.782827179375137,4.283293798712301,2.9183609025034523,nan,nan,nan,4.261713520749665,2.9053187173968618,4.306318681318682,2.9323159034767854,1.010466484983526,0.3982,0.00978,0.0,0.0,0.0,0.0,0.0,0.0,0.0,0.0,0.0,0.0,0.02621804675551672,17.435001092418588,12.538780860825872,0.0,0.0,0.0,0.0,0.0,0.0,0.0,0.0,0.0,0.0,0.0,0.0,0.0,0.0,0.0,0.0,0.0,nan,nan,4.283293798712301,2.9183609025034523,nan,0.3982,0.04523,0.0,0.0,0.0,0.0,0.0,0.0,0.0,0.0,0.0,0.0,0.0,0.0,0.0,0.0,0.0,0.0,0.0,0.0,0.0,0.0,0.0,0.0,0.0,0.0,0.0001857111645182434,4.3696744592527856e-05,7.646930303692375e-05,0.00300415119073629,0.0016823246668123224,0.02569368582040638,0.010640157308280534,0.009722525671837448,0.019171946689971596,0.009318330784356565,0.031909547738693464,0.05986454009176316,0.04721433253222635,0.07244920253441119,0.10282936421236617,0.07519117325759231,0.10486126283591872,0.08295826960891414,0.07862136770810575,0.06370985361590562,0.04741096788289272,0.059831767533318765,0.01791566528293642,0.04098754642779113,0.014856893161459472,0.009088922875245794,0.00038234651518461875,0.007002403320952589,0.00017478697837011142,0.002993227004588158,4.3696744592527856e-05,0.00014201441992571552,0.0,2.1848372296263928e-05,0.0,0.0,0.0,0.0,0.0,0.0,0.0,0.0,0.0,0.0,0.0,0.0,0.0,0.0,0.0,0.0,0.0,0.0,0.0,0.0,0.0,0.0,0.0,0.0,0.0,0.0,0.0,0.0,0.0,0.0,0.0,0.0,0.0,0.0,0.0,0.0,0.0,0.0,0.0,0.0,0.0,0.0,0.0,nan,nan,4.283293798712301,2.9183609025034523,nan,0.9305866046626462,0.023487207922291628,0.0,0.0,0.0,0.0,0.0,0.0,0.0,0.0,0.0,0.0,0.0,0.0,0.0,0.0,0.0,0.0,0.0,0.0,0.0,0.0,0.0,0.0,0.0,0.0,0.0,0.07556675062972293,2.8463476070528975,13.37531486146096,11.889168765743076,1.8136020151133505,0.9315183274838267,0.022681935471954903,0.0,0.0,0.0,0.0,0.0,0.0,0.0,0.0,0.0,0.0,0.0,0.0,0.0,0.0,0.0,0.0,0.0,0.0,0.0,0.0,0.0,0.0,0.0,0.0,0.0,0.06833712984054671,2.5011389521640095,13.599088838268797,12.082004555808659,1.749430523917996,0.3982,0.00962,0.0,0.0,0.0,0.0,0.0,0.0,0.0,0.0,0.0,0.0,0.025188916876574312,17.36775818639796,12.607052896725444,0.0,0.0,0.0,0.0,0.0,0.0,0.0,0.0,0.0,0.0,0.0,0.0,0.0,0.0,0.0,0.0,0.0,0.398,0.00996,0.0,0.0,0.0,0.0,0.0,0.0,0.0,0.0,0.0,0.0,0.027334851936218686,17.50797266514804,12.464692482915721,0.0,0.0,0.0,0.0,0.0,0.0,0.0,0.0,0.0,0.0,0.0,0.0,0.0,0.0,0.0,0.0,0.0
14800,4792,2449,0.5110601001669449,1128,1026,0.4494991652754591,1372,0.5726210350584308,0.41,2.9261630388390953,3.0835724750015077,6.588709677419355,2.281807775024972,9503.724123539232,1614.604839271007,7853.0,11083.0,11083.0,0.0,7853.0,0.0,27.30968280467446,20.576998351755982,32.30317420644839,18.853168220060812,0.1439899833055092,0.10329716193656094,0.09557595993322204,0.08347245409015025,0.08180300500834725,0.0830550918196995,0.06573455759599332,0.06489983305509182,0.05613522537562604,0.047996661101836396,0.04528380634390651,0.04382303839732888,0.033180300500834724,0.020242070116861435,0.014398998330550918,0.011268781302170284,0.005843071786310518,0.9314606046935354,0.02316457858788674,0.0,0.0,0.0,0.0,0.0,0.0,0.0,0.0,0.0,0.0,0.0,0.0,0.0,0.0,0.0,0.0,0.0,0.0,0.0,0.0,0.0,0.0,0.0,0.0,0.0,0.08764607679465779,2.5417362270450754,13.378547579298834,12.095158597662774,1.8969115191986647,4.337254901960784,2.9209605894449093,nan,nan,nan,4.3542483660130715,2.903682289830468,4.3202614379084965,2.9380389946807375,0.9921945361753227,0.398,0.01005,0.0,0.0,0.0,0.0,0.0,0.0,0.0,0.0,0.0,0.0,0.018781302170283808,17.704507512520845,12.264190317195329,0.012520868113522541,0.0,0.0,0.0,0.0,0.0,0.0,0.0,0.0,0.0,0.0,0.0,0.0,0.0,0.0,0.0,0.0,nan,nan,4.337254901960784,2.9209605894449093,nan,0.398,0.04538,0.0,0.0,0.0,0.0,0.0,0.0,0.0,0.0,0.0,0.0,0.0,0.0,0.0,0.0,0.0,0.0,0.0,0.0,0.0,0.0,0.0,0.0,0.0,0.0,0.00019824707846410685,3.130217028380634e-05,6.260434056761268e-05,0.003297161936560935,0.0016903171953255426,0.024415692821368948,0.010434056761268781,0.010465358931552588,0.020617696160267113,0.009641068447412355,0.03380634390651085,0.061383555926544243,0.04710976627712855,0.07263146911519199,0.1008660267111853,0.073330550918197,0.10654215358931553,0.08177170283806344,0.07975792988313857,0.0619991652754591,0.04548205342237062,0.061425292153589314,0.017090984974958263,0.041464941569282134,0.014232053422370617,0.009484557595993322,0.0004069282136894825,0.006323038397328881,0.00030258764607679465,0.0034641068447412355,7.303839732888147e-05,0.00019824707846410685,0.0,0.0,0.0,0.0,0.0,0.0,0.0,0.0,0.0,0.0,0.0,0.0,0.0,0.0,0.0,0.0,0.0,0.0,0.0,0.0,0.0,0.0,0.0,0.0,0.0,0.0,0.0,0.0,0.0,0.0,0.0,0.0,0.0,0.0,0.0,0.0,0.0,0.0,0.0,0.0,0.0,0.0,0.0,0.0,0.0,nan,nan,4.337254901960784,2.9209605894449093,nan,0.9312734791043827,0.022576724971470574,0.0,0.0,0.0,0.0,0.0,0.0,0.0,0.0,0.0,0.0,0.0,0.0,0.0,0.0,0.0,0.0,0.0,0.0,0.0,0.0,0.0,0.0,0.0,0.0,0.0,0.048999591670069426,2.3519804001633324,13.658636178031852,12.23764801959984,1.7027358105349126,0.9316561960583816,0.0237619135063809,0.0,0.0,0.0,0.0,0.0,0.0,0.0,0.0,0.0,0.0,0.0,0.0,0.0,0.0,0.0,0.0,0.0,0.0,0.0,0.0,0.0,0.0,0.0,0.0,0.0,0.12804097311139567,2.7400768245838676,13.085787451984638,11.946222791293216,2.099871959026889,0.398,0.01014,0.0,0.0,0.0,0.0,0.0,0.0,0.0,0.0,0.0,0.0,0.012249897917517356,17.590853409554892,12.384646794610047,0.012249897917517356,0.0,0.0,0.0,0.0,0.0,0.0,0.0,0.0,0.0,0.0,0.0,0.0,0.0,0.0,0.0,0.0,0.3977,0.00996,0.0,0.0,0.0,0.0,0.0,0.0,0.0,0.0,0.0,0.0,0.025608194622279135,17.82330345710625,12.13828425096031,0.012804097311139568,0.0,0.0,0.0,0.0,0.0,0.0,0.0,0.0,0.0,0.0,0.0,0.0,0.0,0.0,0.0,0.0
14900,4901,2526,0.5154050193837992,1215,990,0.4499081820036727,1362,0.5558049377678025,0.414,2.9637894736842103,3.0539628022921192,6.423580786026201,2.1172810800999047,9517.758212609671,1614.233291775972,7853.0,11083.0,11083.0,0.0,7853.0,0.0,28.15853907365844,20.93843939419527,33.08976225133431,19.174615704761347,0.1358906345643746,0.10773311569067537,0.08406447663742093,0.08834931646602734,0.07937155682513773,0.07427055702917772,0.0659049173638033,0.06570087737196491,0.0628443174862273,0.052234237910630484,0.04590899816364007,0.040807998367680065,0.03570699857172006,0.02632115894715364,0.014690879412364823,0.013262599469496022,0.0069373597225056115,0.9303607091298519,0.023057955077029943,0.0,0.0,0.0,0.0,0.0,0.0,0.0,0.0,0.0,0.0,0.0,0.0,0.0,0.0,0.0,0.0,0.0,0.0,0.0,0.0,0.0,0.0,0.0,0.0,0.0,0.07345439706182413,2.8096306876147734,13.466639461334424,11.936339522546422,1.713935931442563,4.22463768115942,2.861695033840726,nan,nan,nan,4.260265319014529,2.847655405195272,4.189937106918239,2.875907184595713,0.9834920581630446,0.3977,0.01008,0.0,0.0,0.0,0.0,0.0,0.0,0.0,0.0,0.0,0.0,0.018363599265456033,17.457661701693507,12.523974699041014,0.0,0.0,0.0,0.0,0.0,0.0,0.0,0.0,0.0,0.0,0.0,0.0,0.0,0.0,0.0,0.0,0.0,nan,nan,4.22463768115942,2.861695033840726,nan,0.3977,0.04556,0.0,0.0,0.0,0.0,0.0,0.0,0.0,0.0,0.0,0.0,0.0,0.0,0.0,0.0,0.0,0.0,0.0,0.0,0.0,0.0,0.0,0.0,0.0,0.0,0.0002958579881656805,0.0,0.00017343399306264028,0.003142215874311365,0.0016527239338910427,0.02566823097327076,0.010263211589471537,0.009814323607427056,0.022128137114874515,0.009028769638849214,0.03520710059171597,0.06118139155274434,0.04433789022648439,0.069261375229545,0.10181595592736176,0.0763007549479698,0.1056621097735156,0.08011630279534789,0.08142215874311365,0.0629973474801061,0.045960008161599675,0.06129361354825546,0.01700673331973067,0.03938992042440318,0.015813099367476026,0.009212405631503775,0.0004488879820444807,0.00595796776168129,0.0003876759844929606,0.0035196898592124055,8.161599673536013e-05,0.00045908998163640073,0.0,0.0,0.0,0.0,0.0,0.0,0.0,0.0,0.0,0.0,0.0,0.0,0.0,0.0,0.0,0.0,0.0,0.0,0.0,0.0,0.0,0.0,0.0,0.0,0.0,0.0,0.0,0.0,0.0,0.0,0.0,0.0,0.0,0.0,0.0,0.0,0.0,0.0,0.0,0.0,0.0,0.0,0.0,0.0,0.0,nan,nan,4.22463768115942,2.861695033840726,nan,0.9307251277889228,0.02318471114981405,0.0,0.0,0.0,0.0,0.0,0.0,0.0,0.0,0.0,0.0,0.0,0.0,0.0,0.0,0.0,0.0,0.0,0.0,0.0,0.0,0.0,0.0,0.0,0.0,0.0,0.10688836104513066,2.8028503562945377,13.254156769596202,12.042755344418055,1.7933491686460812,0.9299731211160359,0.022916012182116873,0.0,0.0,0.0,0.0,0.0,0.0,0.0,0.0,0.0,0.0,0.0,0.0,0.0,0.0,0.0,0.0,0.0,0.0,0.0,0.0,0.0,0.0,0.0,0.0,0.0,0.037894736842105266,2.8168421052631585,13.692631578947372,11.823157894736845,1.6294736842105266,0.3982,0.01014,0.0,0.0,0.0,0.0,0.0,0.0,0.0,0.0,0.0,0.0,0.011876484560570074,16.88836104513062,13.099762470308791,0.0,0.0,0.0,0.0,0.0,0.0,0.0,0.0,0.0,0.0,0.0,0.0,0.0,0.0,0.0,0.0,0.0,0.3975,0.009995,0.0,0.0,0.0,0.0,0.0,0.0,0.0,0.0,0.0,0.0,0.02526315789473685,18.063157894736815,11.911578947368424,0.0,0.0,0.0,0.0,0.0,0.0,0.0,0.0,0.0,0.0,0.0,0.0,0.0,0.0,0.0,0.0,0.0
15000,4940,2545,0.5151821862348178,1175,1038,0.4479757085020243,1413,0.5720647773279353,0.41,2.965762004175365,3.1037180534749846,6.484581497797357,2.257338531936093,9517.038461538461,1614.255317256208,7853.0,11083.0,11083.0,0.0,7853.0,0.0,28.143927125506075,21.168337576479033,33.045203173839866,19.485159375145127,0.1354251012145749,0.09959514170040486,0.09331983805668016,0.0945344129554656,0.08582995951417004,0.06761133603238867,0.06720647773279352,0.06194331983805668,0.058704453441295545,0.04959514170040486,0.04595141700404858,0.038866396761133605,0.03502024291497976,0.025303643724696356,0.020040485829959515,0.010526315789473684,0.010526315789473684,0.929793576878092,0.022998469414309917,0.0,0.0,0.0,0.0,0.0,0.0,0.0,0.0,0.0,0.0,0.0,0.0,0.0,0.0,0.0,0.0,0.0,0.0,0.0,0.0,0.0,0.0,0.0,0.0,0.0,0.06680161943319839,2.908906882591094,13.676113360323889,11.805668016194335,1.5425101214574903,4.259270800872546,2.9359150149962043,nan,nan,nan,4.192118226600985,2.887042044943873,4.3280757097791795,2.983593479522699,1.0324316910519078,0.3977,0.01012,0.0,0.0,0.0,0.0,0.0,0.0,0.0,0.0,0.0,0.0,0.04251012145748989,17.52024291497973,12.425101214574902,0.012145748987854255,0.0,0.0,0.0,0.0,0.0,0.0,0.0,0.0,0.0,0.0,0.0,0.0,0.0,0.0,0.0,0.0,nan,nan,4.259270800872546,2.9359150149962043,nan,0.3977,0.04535,0.0,0.0,0.0,0.0,0.0,0.0,0.0,0.0,0.0,0.0,0.0,0.0,0.0,0.0,0.0,0.0,0.0,0.0,0.0,0.0,0.0,0.0,0.0,0.0,0.00043522267206477734,3.036437246963563e-05,0.0004251012145748988,0.0024089068825910932,0.0017813765182186235,0.025607287449392713,0.010050607287449392,0.00979757085020243,0.02305668016194332,0.008937246963562753,0.03667004048582996,0.06018218623481782,0.04230769230769231,0.06714574898785425,0.10115384615384615,0.0786336032388664,0.10577935222672065,0.08513157894736842,0.08111336032388664,0.0612246963562753,0.046356275303643724,0.06299595141700405,0.016568825910931173,0.03808704453441296,0.015091093117408907,0.00840080971659919,0.0004554655870445344,0.005688259109311741,0.0006275303643724696,0.003390688259109312,7.085020242914979e-05,0.00036437246963562755,0.0,0.0,3.036437246963563e-05,0.0,0.0,0.0,0.0,0.0,0.0,0.0,0.0,0.0,0.0,0.0,0.0,0.0,0.0,0.0,0.0,0.0,0.0,0.0,0.0,0.0,0.0,0.0,0.0,0.0,0.0,0.0,0.0,0.0,0.0,0.0,0.0,0.0,0.0,0.0,0.0,0.0,0.0,0.0,0.0,0.0,0.0,nan,nan,4.259270800872546,2.9359150149962043,nan,0.9294354815380044,0.023064425997102917,0.0,0.0,0.0,0.0,0.0,0.0,0.0,0.0,0.0,0.0,0.0,0.0,0.0,0.0,0.0,0.0,0.0,0.0,0.0,0.0,0.0,0.0,0.0,0.0,0.0,0.0707269155206287,2.911591355599215,13.980353634577606,11.434184675834974,1.603143418467584,0.930174099901275,0.02292204402025673,0.0,0.0,0.0,0.0,0.0,0.0,0.0,0.0,0.0,0.0,0.0,0.0,0.0,0.0,0.0,0.0,0.0,0.0,0.0,0.0,0.0,0.0,0.0,0.0,0.0,0.06263048016701463,2.906054279749479,13.352818371607519,12.20041753653445,1.4780793319415453,0.3977,0.01028,0.0,0.0,0.0,0.0,0.0,0.0,0.0,0.0,0.0,0.0,0.03536345776031435,17.422396856581507,12.530451866404718,0.011787819253438117,0.0,0.0,0.0,0.0,0.0,0.0,0.0,0.0,0.0,0.0,0.0,0.0,0.0,0.0,0.0,0.0,0.3977,0.00995,0.0,0.0,0.0,0.0,0.0,0.0,0.0,0.0,0.0,0.0,0.0501043841336117,17.624217118997887,12.313152400835076,0.012526096033402925,0.0,0.0,0.0,0.0,0.0,0.0,0.0,0.0,0.0,0.0,0.0,0.0,0.0,0.0,0.0,0.0
15100,4461,2320,0.5200627661959202,1059,903,0.4398117014122394,1237,0.5545841739520287,0.446,2.969173283512377,3.078906664366483,6.490725126475548,2.237273917919693,9532.802734812822,1613.6993541427657,7853.0,11083.0,11083.0,0.0,7853.0,0.0,28.116341627437794,21.07214057535597,33.249731759656655,19.244617020424467,0.14436225061645372,0.10199506837032056,0.08989015915713966,0.0847343644922663,0.07128446536650974,0.07330195023537324,0.07397444519166106,0.06568034073077786,0.05716207128446537,0.04998879175072854,0.05088545169244564,0.04236718224613315,0.03317641784353284,0.022864828513786146,0.01882985877605918,0.0121049092131809,0.007397444519166106,0.9295949301787007,0.02288335477953689,0.0,0.0,0.0,0.0,0.0,0.0,0.0,0.0,0.0,0.0,0.0,0.0,0.0,0.0,0.0,0.0,0.0,0.0,0.0,0.0,0.0,0.0,0.0,0.0,0.00672494956287828,0.09414929388029593,2.77740416946873,14.169468728984535,11.45931405514459,1.4929388029589783,4.200835363731291,2.836728799205017,nan,nan,nan,4.2814035087719295,2.836127479997101,4.123704215618521,2.8348771829300405,0.9631664493126362,0.398,0.009995,0.0,0.0,0.0,0.0,0.0,0.0,0.0,0.0,0.0,0.0,0.02689979825151312,17.491593813046375,12.47478143913921,0.00672494956287828,0.0,0.0,0.0,0.0,0.0,0.0,0.0,0.0,0.0,0.0,0.0,0.0,0.0,0.0,0.0,0.0,nan,nan,4.200835363731291,2.836728799205017,nan,0.398,0.0452,0.0,0.0,0.0,0.0,0.0,0.0,0.0,0.0,0.0,0.0,0.0,0.0,0.0,0.0,0.0,0.0,0.0,0.0,0.0,0.0,0.0,0.0,0.0,0.0,0.0007061197041022192,0.0,0.0003474557274153777,0.0018157363819771351,0.001882985877605918,0.026373010535754315,0.00965030262273033,0.008720017933198834,0.023044160502129568,0.009246805648957633,0.03532840170365389,0.05628782784129119,0.044440708361353956,0.0656691324815064,0.10236494059627886,0.08028468953149517,0.10888814167227079,0.08238063214525891,0.080183815288052,0.0613315400134499,0.04586415601882986,0.06399910334005829,0.018247029813943064,0.040282447881640884,0.0151087200179332,0.0075543600089666,0.00025778973324366736,0.0059291638646043485,0.0005828289621161174,0.002813270567137413,3.362474781439139e-05,0.00035866397668684154,0.0,2.2416498542927596e-05,0.0,0.0,0.0,0.0,0.0,0.0,0.0,0.0,0.0,0.0,0.0,0.0,0.0,0.0,0.0,0.0,0.0,0.0,0.0,0.0,0.0,0.0,0.0,0.0,0.0,0.0,0.0,0.0,0.0,0.0,0.0,0.0,0.0,0.0,0.0,0.0,0.0,0.0,0.0,0.0,0.0,0.0,0.0,nan,nan,4.200835363731291,2.836728799205017,nan,0.9294196083627898,0.02301972953388831,0.0,0.0,0.0,0.0,0.0,0.0,0.0,0.0,0.0,0.0,0.0,0.0,0.0,0.0,0.0,0.0,0.0,0.0,0.0,0.0,0.0,0.0,0.0,0.0,0.012931034482758624,0.11637931034482761,2.7413793103448283,14.107758620689658,11.612068965517244,1.40948275862069,0.9297849099138306,0.022733128472441265,0.0,0.0,0.0,0.0,0.0,0.0,0.0,0.0,0.0,0.0,0.0,0.0,0.0,0.0,0.0,0.0,0.0,0.0,0.0,0.0,0.0,0.0,0.0,0.0,0.0,0.0700607192900514,2.816440915460066,14.236338159738443,11.293787949556284,1.5833722559551615,0.3982,0.01011,0.0,0.0,0.0,0.0,0.0,0.0,0.0,0.0,0.0,0.0,0.03879310344827587,17.18534482758618,12.77586206896552,0.0,0.0,0.0,0.0,0.0,0.0,0.0,0.0,0.0,0.0,0.0,0.0,0.0,0.0,0.0,0.0,0.0,0.398,0.009865,0.0,0.0,0.0,0.0,0.0,0.0,0.0,0.0,0.0,0.0,0.014012143858010279,17.823446987389044,12.148528724894913,0.014012143858010279,0.0,0.0,0.0,0.0,0.0,0.0,0.0,0.0,0.0,0.0,0.0,0.0,0.0,0.0,0.0,0.0
15200,4820,2443,0.5068464730290456,1144,1012,0.4473029045643154,1390,0.5767634854771784,0.40599999999999997,2.9255363904080776,3.0820923415722348,6.607963246554364,2.1899249293523635,9490.114107883817,1614.848589259223,7853.0,11083.0,11083.0,0.0,7853.0,0.0,27.952282157676347,20.846579591958786,32.85076467686236,19.107805138865118,0.13817427385892117,0.1,0.091701244813278,0.09004149377593361,0.08029045643153528,0.07634854771784233,0.06950207468879668,0.06452282157676349,0.05435684647302905,0.0524896265560166,0.04771784232365145,0.04004149377593361,0.03423236514522822,0.026141078838174275,0.017219917012448134,0.01016597510373444,0.007053941908713693,0.9295679190965114,0.023501709474493933,0.0,0.0,0.0,0.0,0.0,0.0,0.0,0.0,0.0,0.0,0.0,0.0,0.0,0.0,0.0,0.0,0.0,0.0,0.0,0.0,0.0,0.0,0.0,0.0,0.006224066390041495,0.15560165975103737,2.8692946058091295,13.848547717842326,11.390041493775936,1.7302904564315356,4.227985910983029,2.8782351540669806,nan,nan,nan,4.1268323773103885,2.876661584517529,4.3301158301158305,2.8762161636954233,1.0492589555910021,0.3982,0.01011,0.0,0.0,0.0,0.0,0.0,0.0,0.0,0.0,0.0,0.0,0.018672199170124484,17.446058091286282,12.535269709543572,0.0,0.0,0.0,0.0,0.0,0.0,0.0,0.0,0.0,0.0,0.0,0.0,0.0,0.0,0.0,0.0,0.0,nan,nan,4.227985910983029,2.8782351540669806,nan,0.3982,0.04562,0.0,0.0,0.0,0.0,0.0,0.0,0.0,0.0,0.0,0.0,0.0,0.0,0.0,0.0,0.0,0.0,0.0,0.0,0.0,0.0,0.0,0.0,0.0,0.0,0.000529045643153527,0.0,0.00015560165975103733,0.0010684647302904565,0.002095435684647303,0.02613070539419087,0.011172199170124481,0.008807053941908713,0.022821576763485476,0.010892116182572614,0.03763485477178423,0.05429460580912863,0.04869294605809129,0.06274896265560166,0.10136929460580912,0.0787759336099585,0.10856846473029046,0.07968879668049793,0.08139004149377593,0.062468879668049794,0.045352697095435685,0.058018672199170125,0.01954356846473029,0.04193983402489627,0.01570539419087137,0.008609958506224067,0.00044605809128630706,0.006369294605809129,0.0008402489626556016,0.003516597510373444,1.037344398340249e-05,0.00034232365145228216,0.0,0.0,0.0,0.0,0.0,0.0,0.0,0.0,0.0,0.0,0.0,0.0,0.0,0.0,0.0,0.0,0.0,0.0,0.0,0.0,0.0,0.0,0.0,0.0,0.0,0.0,0.0,0.0,0.0,0.0,0.0,0.0,0.0,0.0,0.0,0.0,0.0,0.0,0.0,0.0,0.0,0.0,0.0,0.0,0.0,nan,nan,4.227985910983029,2.8782351540669806,nan,0.9292836934877037,0.023251236601795924,0.0,0.0,0.0,0.0,0.0,0.0,0.0,0.0,0.0,0.0,0.0,0.0,0.0,0.0,0.0,0.0,0.0,0.0,0.0,0.0,0.0,0.0,0.0,0.0,0.0,0.171919770773639,2.6524764633647164,14.220221039705283,11.29758493655342,1.6577977896029477,0.9298600365396402,0.023752841589604966,0.0,0.0,0.0,0.0,0.0,0.0,0.0,0.0,0.0,0.0,0.0,0.0,0.0,0.0,0.0,0.0,0.0,0.0,0.0,0.0,0.0,0.0,0.0,0.0,0.012620950778291968,0.13883045856121162,3.092132940681532,13.46655448043753,11.485065208245691,1.8047959612957514,0.3982,0.01002,0.0,0.0,0.0,0.0,0.0,0.0,0.0,0.0,0.0,0.0,0.012279983626688501,17.20425706099056,12.78346295538273,0.0,0.0,0.0,0.0,0.0,0.0,0.0,0.0,0.0,0.0,0.0,0.0,0.0,0.0,0.0,0.0,0.0,0.398,0.01021,0.0,0.0,0.0,0.0,0.0,0.0,0.0,0.0,0.0,0.0,0.025241901556583936,17.69457299116531,12.280185107278085,0.0,0.0,0.0,0.0,0.0,0.0,0.0,0.0,0.0,0.0,0.0,0.0,0.0,0.0,0.0,0.0,0.0
15300,4894,2488,0.5083776052308949,1137,1013,0.4393134450347364,1394,0.5696771557008582,0.39399999999999996,2.916043225270158,3.059743219080668,6.430453879941435,2.2005744489261865,9495.05966489579,1614.7732888971527,7853.0,11083.0,11083.0,0.0,7853.0,0.0,28.236820596648958,20.981809141748112,33.14341179325407,19.2298088414363,0.13526767470371884,0.1048222313036371,0.08827135267674703,0.08684102983244789,0.07785042909685329,0.0760114425827544,0.07090314671025746,0.06313853698406212,0.05762157744176543,0.046587658357172046,0.047813649366571315,0.047813649366571315,0.03473641193297916,0.026971802206783815,0.0190028606456886,0.010625255414793625,0.005721291377196567,0.9303868619529481,0.0230942978705641,0.0,0.0,0.0,0.0,0.0,0.0,0.0,0.0,0.0,0.0,0.0,0.0,0.0,0.0,0.0,0.0,0.0,0.0,0.0,0.0,0.0,0.0,0.0,0.0,0.0,0.09807928075194118,2.727829995913364,13.694319574989786,11.75725378013895,1.722517368205967,4.184027777777778,2.8110594967339075,nan,nan,nan,4.157629255989912,2.8016155362333603,4.210493046776232,2.820247567768496,1.0127148881084478,0.3975,0.00994,0.0,0.0,0.0,0.0,0.0,0.0,0.0,0.0,0.0,0.0,0.012259910093992648,17.948508377605204,12.03923171230078,0.0,0.0,0.0,0.0,0.0,0.0,0.0,0.0,0.0,0.0,0.0,0.0,0.0,0.0,0.0,0.0,0.0,nan,nan,4.184027777777778,2.8110594967339075,nan,0.3975,0.04584,0.0,0.0,0.0,0.0,0.0,0.0,0.0,0.0,0.0,0.0,0.0,0.0,0.0,0.0,0.0,0.0,0.0,0.0,0.0,0.0,0.0,0.0,0.0,0.0,0.0006129955046996322,0.0,0.00011238250919493257,0.0013894564773191662,0.0019411524315488353,0.02643032284429914,0.012035145075602778,0.00858193706579485,0.022496935022476502,0.011524315488353086,0.039354311401716385,0.055404577033101754,0.05113404168369432,0.0634859011033919,0.09945852063751533,0.08161013485901103,0.10490396403759705,0.07956681651001225,0.07886187167960769,0.0605026563138537,0.04560686554965264,0.05821413976297507,0.019135676338373517,0.04281773600326931,0.014354311401716387,0.00976706170821414,0.0005108295872496935,0.005363710666121782,0.0007764609726195341,0.0038210053126277073,0.0,0.00022476501838986513,0.0,0.0,0.0,0.0,0.0,0.0,0.0,0.0,0.0,0.0,0.0,0.0,0.0,0.0,0.0,0.0,0.0,0.0,0.0,0.0,0.0,0.0,0.0,0.0,0.0,0.0,0.0,0.0,0.0,0.0,0.0,0.0,0.0,0.0,0.0,0.0,0.0,0.0,0.0,0.0,0.0,0.0,0.0,0.0,0.0,nan,nan,4.184027777777778,2.8110594967339075,nan,0.9301892310333022,0.023019463312209405,0.0,0.0,0.0,0.0,0.0,0.0,0.0,0.0,0.0,0.0,0.0,0.0,0.0,0.0,0.0,0.0,0.0,0.0,0.0,0.0,0.0,0.0,0.0,0.0,0.0,0.0964630225080386,2.6889067524115764,13.770096463022512,11.744372990353702,1.7001607717041805,0.9305912284234714,0.023169655891274107,0.0,0.0,0.0,0.0,0.0,0.0,0.0,0.0,0.0,0.0,0.0,0.0,0.0,0.0,0.0,0.0,0.0,0.0,0.0,0.0,0.0,0.0,0.0,0.0,0.0,0.09975062344139653,2.7680798004987537,13.615960099750627,11.77057356608479,1.7456359102244392,0.3975,0.01003,0.0,0.0,0.0,0.0,0.0,0.0,0.0,0.0,0.0,0.0,0.02411575562700965,17.99035369774917,11.985530546623798,0.0,0.0,0.0,0.0,0.0,0.0,0.0,0.0,0.0,0.0,0.0,0.0,0.0,0.0,0.0,0.0,0.0,0.3977,0.00984,0.0,0.0,0.0,0.0,0.0,0.0,0.0,0.0,0.0,0.0,0.0,17.905236907730647,12.09476309226933,0.0,0.0,0.0,0.0,0.0,0.0,0.0,0.0,0.0,0.0,0.0,0.0,0.0,0.0,0.0,0.0,0.0
15400,4648,2365,0.5088209982788297,1160,946,0.45309810671256456,1340,0.576592082616179,0.38999999999999996,2.921156373193167,2.986156418617375,6.241935483870968,2.05177865945426,9496.49182444062,1614.7486541069002,7853.0,11083.0,11083.0,0.0,7853.0,0.0,29.071428571428573,21.213620706209703,33.92817258883249,19.376412166271088,0.13123924268502582,0.09767641996557659,0.08455249569707401,0.08218588640275387,0.07981927710843373,0.0757314974182444,0.07293459552495697,0.06411359724612736,0.05787435456110155,0.06088640275387263,0.04561101549053356,0.04195352839931153,0.034853700516351116,0.02732358003442341,0.022375215146299483,0.012693631669535283,0.008175559380378658,0.9294010267020708,0.023097941286450922,0.0,0.0,0.0,0.0,0.0,0.0,0.0,0.0,0.0,0.0,0.0,0.0,0.0,0.0,0.0,0.0,0.0,0.0,0.0,0.0,0.0,0.0,0.0,0.0,0.0,0.11617900172117042,2.9302925989672985,13.909208261617904,11.443631669535288,1.600688468158348,4.098418844788641,2.808447489251608,nan,nan,nan,4.138352638352639,2.8185420008900572,4.058252427184466,2.797682499266353,0.9806444210612129,0.398,0.01016,0.0,0.0,0.0,0.0,0.0,0.0,0.0,0.0,0.0,0.0,0.006454388984509468,17.704388984509443,12.2697934595525,0.019363166953528403,0.0,0.0,0.0,0.0,0.0,0.0,0.0,0.0,0.0,0.0,0.0,0.0,0.0,0.0,0.0,0.0,nan,nan,4.098418844788641,2.808447489251608,nan,0.398,0.04578,0.0,0.0,0.0,0.0,0.0,0.0,0.0,0.0,0.0,0.0,0.0,0.0,0.0,0.0,0.0,0.0,0.0,0.0,0.0,0.0,0.0,0.0,0.0,0.0,0.00048407917383821,0.0,6.454388984509466e-05,0.0013661790017211704,0.0020438898450946645,0.025430292598967296,0.01126290877796902,0.008907056798623064,0.022203098106712563,0.011424268502581755,0.038704819277108435,0.055927280550774526,0.05268932874354561,0.06352194492254733,0.09808519793459552,0.08510111876075732,0.10465791738382099,0.07747418244406196,0.07837779690189328,0.05890705679862306,0.04600903614457831,0.05922977624784854,0.02007314974182444,0.04165232358003442,0.014726764199655766,0.010725043029259897,0.00048407917383821,0.0055830464716006886,0.0006024096385542169,0.004012478485370051,1.0757314974182445e-05,0.00025817555938037863,0.0,0.0,0.0,0.0,0.0,0.0,0.0,0.0,0.0,0.0,0.0,0.0,0.0,0.0,0.0,0.0,0.0,0.0,0.0,0.0,0.0,0.0,0.0,0.0,0.0,0.0,0.0,0.0,0.0,0.0,0.0,0.0,0.0,0.0,0.0,0.0,0.0,0.0,0.0,0.0,0.0,0.0,0.0,0.0,0.0,nan,nan,4.098418844788641,2.808447489251608,nan,0.9298326738541021,0.02306736665541506,0.0,0.0,0.0,0.0,0.0,0.0,0.0,0.0,0.0,0.0,0.0,0.0,0.0,0.0,0.0,0.0,0.0,0.0,0.0,0.0,0.0,0.0,0.0,0.0,0.0,0.10147991543340383,2.8668076109936584,13.699788583509516,11.61945031712474,1.7124735729386895,0.9289538757977546,0.02312107525380479,0.0,0.0,0.0,0.0,0.0,0.0,0.0,0.0,0.0,0.0,0.0,0.0,0.0,0.0,0.0,0.0,0.0,0.0,0.0,0.0,0.0,0.0,0.0,0.0,0.0,0.13140604467805522,2.996057818659659,14.126149802890936,11.261498028909333,1.484888304862024,0.3977,0.01019,0.0,0.0,0.0,0.0,0.0,0.0,0.0,0.0,0.0,0.0,0.012684989429175479,17.73361522198729,12.215644820295987,0.038054968287526435,0.0,0.0,0.0,0.0,0.0,0.0,0.0,0.0,0.0,0.0,0.0,0.0,0.0,0.0,0.0,0.0,0.398,0.010124,0.0,0.0,0.0,0.0,0.0,0.0,0.0,0.0,0.0,0.0,0.0,17.674113009198397,12.32588699080158,0.0,0.0,0.0,0.0,0.0,0.0,0.0,0.0,0.0,0.0,0.0,0.0,0.0,0.0,0.0,0.0,0.0
15500,4367,2272,0.5202656285779711,1074,861,0.4430959468742844,1231,0.5637737577284176,0.414,3.013365155131265,3.094504002934821,6.4772727272727275,2.162130464703519,9533.457980306846,1613.6729076284785,7853.0,11083.0,11083.0,0.0,7853.0,0.0,28.865124799633616,21.2402892506891,33.65668016194332,19.48679816898636,0.1312113579116098,0.10029768719945042,0.0906801007556675,0.07945958323792077,0.07900160293107396,0.07900160293107396,0.06640714449278681,0.06823906572017403,0.05427066636134646,0.05656056789558049,0.04762995191206778,0.0407602473093657,0.03434852301351042,0.031371651019006186,0.022670025188916875,0.012136478131440347,0.005953743989008472,0.9287845839590401,0.023338415518276284,0.0,0.0,0.0,0.0,0.0,0.0,0.0,0.0,0.0,0.0,0.0,0.0,0.0,0.0,0.0,0.0,0.0,0.0,0.0,0.0,0.0,0.0,0.0,0.0,0.0,0.13052438745133962,3.132585298832151,13.993588275704148,11.211357911609802,1.531944126402565,4.2420537897310515,2.892609050615955,nan,nan,nan,4.181245626312107,2.8833220604223837,4.3021632937892536,2.901519597749856,1.0289190538618984,0.3982,0.010185,0.0,0.0,0.0,0.0,0.0,0.0,0.0,0.0,0.0,0.0,0.04121822761621251,17.084955346920058,12.873826425463708,0.0,0.0,0.0,0.0,0.0,0.0,0.0,0.0,0.0,0.0,0.0,0.0,0.0,0.0,0.0,0.0,0.0,nan,nan,4.2420537897310515,2.892609050615955,nan,0.3982,0.04584,0.0,0.0,0.0,0.0,0.0,0.0,0.0,0.0,0.0,0.0,0.0,0.0,0.0,0.0,0.0,0.0,0.0,0.0,0.0,0.0,0.0,0.0,0.0,0.0,0.0005953743989008472,0.0,9.159606136936111e-05,0.0015227845202656287,0.0014311884588962675,0.025108770322876117,0.010419051980764827,0.008587130753377605,0.02383787497137623,0.011209068010075566,0.039706892603618045,0.05558735974353103,0.051190748797801694,0.05918250515227845,0.1013395923975269,0.08324937027707809,0.10499198534463018,0.0777994046256011,0.07824593542477673,0.06086558277994046,0.04548889397755897,0.05915960613693611,0.020861002976871993,0.04277536065949164,0.015502633386764369,0.010499198534463018,0.0008129150446530799,0.004774444698877949,0.00041218227616212505,0.0042248683306617815,0.0001144950767117014,0.00041218227616212505,0.0,0.0,0.0,0.0,0.0,0.0,0.0,0.0,0.0,0.0,0.0,0.0,0.0,0.0,0.0,0.0,0.0,0.0,0.0,0.0,0.0,0.0,0.0,0.0,0.0,0.0,0.0,0.0,0.0,0.0,0.0,0.0,0.0,0.0,0.0,0.0,0.0,0.0,0.0,0.0,0.0,0.0,0.0,0.0,0.0,nan,nan,4.2420537897310515,2.892609050615955,nan,0.9286309378352803,0.023190787534773744,0.0,0.0,0.0,0.0,0.0,0.0,0.0,0.0,0.0,0.0,0.0,0.0,0.0,0.0,0.0,0.0,0.0,0.0,0.0,0.0,0.0,0.0,0.0,0.0,0.0,0.1188380281690141,3.1558098591549304,13.8512323943662,11.355633802816905,1.5184859154929582,0.9289512111634229,0.02349633219161301,0.0,0.0,0.0,0.0,0.0,0.0,0.0,0.0,0.0,0.0,0.0,0.0,0.0,0.0,0.0,0.0,0.0,0.0,0.0,0.0,0.0,0.0,0.0,0.0,0.0,0.14319809069212414,3.107398568019094,14.147971360381865,11.054892601431982,1.5465393794749407,0.3984,0.01013,0.0,0.0,0.0,0.0,0.0,0.0,0.0,0.0,0.0,0.0,0.03961267605633804,16.531690140845047,13.428697183098596,0.0,0.0,0.0,0.0,0.0,0.0,0.0,0.0,0.0,0.0,0.0,0.0,0.0,0.0,0.0,0.0,0.0,0.3977,0.01023,0.0,0.0,0.0,0.0,0.0,0.0,0.0,0.0,0.0,0.0,0.042959427207637235,17.684964200477303,12.27207637231504,0.0,0.0,0.0,0.0,0.0,0.0,0.0,0.0,0.0,0.0,0.0,0.0,0.0,0.0,0.0,0.0,0.0
15600,4364,2274,0.5210815765352887,1081,860,0.44477543538038494,1226,0.5618698441796517,0.43,3.1129186602870815,3.128305042408737,6.578199052132701,2.066959343384115,9536.093492208982,1613.5638432732637,7853.0,11083.0,11083.0,0.0,7853.0,0.0,28.477543538038496,21.037246002158778,33.428182807399345,19.218943832315386,0.14115490375802017,0.09349220898258478,0.09051329055912008,0.08363886342804766,0.07928505957836847,0.07722273143904675,0.06668194317140239,0.06461961503208066,0.057974335472043996,0.05247479376718607,0.051099908340971584,0.041017415215398714,0.035747021081576534,0.030476626947754354,0.01764436296975252,0.011457378551787351,0.005499541704857928,0.9297118464349936,0.023043456388505,0.0,0.0,0.0,0.0,0.0,0.0,0.0,0.0,0.0,0.0,0.0,0.0,0.0,0.0,0.0,0.0,0.0,0.0,0.0,0.0,0.0,0.0,0.0,0.0,0.0,0.10311640696608619,2.9422548120989926,13.893217231897346,11.356553620531626,1.7048579285059582,4.300245527884953,2.853673924577134,nan,nan,nan,4.372109320252277,2.872849727670381,4.228230337078652,2.8324991372770385,0.9670916318338254,0.3975,0.00975,0.0,0.0,0.0,0.0,0.0,0.0,0.0,0.0,0.0,0.0,0.020623281393217237,18.1828597616865,11.79651695692026,0.0,0.0,0.0,0.0,0.0,0.0,0.0,0.0,0.0,0.0,0.0,0.0,0.0,0.0,0.0,0.0,0.0,nan,nan,4.300245527884953,2.853673924577134,nan,0.3975,0.0456,0.0,0.0,0.0,0.0,0.0,0.0,0.0,0.0,0.0,0.0,0.0,0.0,0.0,0.0,0.0,0.0,0.0,0.0,0.0,0.0,0.0,0.0,3.4372135655362054e-05,0.0,0.000653070577451879,0.0,2.2914757103574703e-05,0.0014092575618698442,0.0017186067827681026,0.024060494958753436,0.010506416131989,0.009635655362053162,0.02348762603116407,0.011067827681026581,0.04251833180568286,0.058192025664527955,0.05116865261228231,0.06350824931255729,0.0998166819431714,0.08320348304307974,0.10425068744271311,0.07697066911090743,0.07958295142071493,0.061021998166819434,0.044179651695692025,0.0556141154903758,0.020749312557286893,0.041750687442713104,0.014081118240146654,0.009956461961503208,0.0010311640696608615,0.005029789184234647,0.00012603116406966085,0.004078826764436297,0.00018331805682859762,0.0003895508707607699,0.0,0.0,0.0,0.0,0.0,0.0,0.0,0.0,0.0,0.0,0.0,0.0,0.0,0.0,0.0,0.0,0.0,0.0,0.0,0.0,0.0,0.0,0.0,0.0,0.0,0.0,0.0,0.0,0.0,0.0,0.0,0.0,0.0,0.0,0.0,0.0,0.0,0.0,0.0,0.0,0.0,0.0,0.0,0.0,0.0,nan,nan,4.300245527884953,2.853673924577134,nan,0.9294163900031892,0.023360170530464602,0.0,0.0,0.0,0.0,0.0,0.0,0.0,0.0,0.0,0.0,0.0,0.0,0.0,0.0,0.0,0.0,0.0,0.0,0.0,0.0,0.0,0.0,0.0,0.0,0.0,0.1319261213720317,3.0870712401055416,13.839050131926125,11.108179419525069,1.8337730870712405,0.9300333143421338,0.022689469038456967,0.0,0.0,0.0,0.0,0.0,0.0,0.0,0.0,0.0,0.0,0.0,0.0,0.0,0.0,0.0,0.0,0.0,0.0,0.0,0.0,0.0,0.0,0.0,0.0,0.0,0.07177033492822968,2.7846889952153115,13.95215311004785,11.626794258373208,1.5645933014354072,0.3975,0.0096,0.0,0.0,0.0,0.0,0.0,0.0,0.0,0.0,0.0,0.0,0.02638522427440634,17.889182058047467,12.084432717678103,0.0,0.0,0.0,0.0,0.0,0.0,0.0,0.0,0.0,0.0,0.0,0.0,0.0,0.0,0.0,0.0,0.0,0.3972,0.009895,0.0,0.0,0.0,0.0,0.0,0.0,0.0,0.0,0.0,0.0,0.014354066985645937,18.50239234449758,11.483253588516748,0.0,0.0,0.0,0.0,0.0,0.0,0.0,0.0,0.0,0.0,0.0,0.0,0.0,0.0,0.0,0.0,0.0
15700,4643,2382,0.5130303682963601,1089,931,0.43506353650656904,1285,0.5535214301098428,0.39799999999999996,2.933657673595754,3.0351070293821794,6.481774960380348,2.021101209323041,9510.088089597242,1614.4514835429568,7853.0,11083.0,11083.0,0.0,7853.0,0.0,27.949816928709886,21.056825505145955,32.92604006163328,19.354017455389485,0.14128796037045013,0.10230454447555459,0.09196640103381434,0.08572043937109627,0.08205901356881326,0.07495153995261684,0.06849020030152918,0.06375188455739823,0.050829205255222915,0.053198363127288394,0.044798621580874436,0.04242946370880896,0.034029722162395006,0.02670687055782899,0.017876373034675857,0.013138057290544906,0.006461339651087659,0.9302555641402928,0.02333297515166804,0.0,0.0,0.0,0.0,0.0,0.0,0.0,0.0,0.0,0.0,0.0,0.0,0.0,0.0,0.0,0.0,0.0,0.0,0.0,0.0,0.0,0.0,0.0,0.0,0.00646133965108766,0.0646133965108766,3.0368296360112006,13.465431832866685,11.63041137195779,1.7962524230023695,4.264119039567129,2.787643821542777,nan,nan,nan,4.175320296695887,2.7562736289244634,4.351663272233537,2.816139888754939,1.0422345983078707,0.397,0.009834,0.0,0.0,0.0,0.0,0.0,0.0,0.0,0.0,0.0,0.0,0.0323066982554383,18.531122119319377,11.43657118242516,0.0,0.0,0.0,0.0,0.0,0.0,0.0,0.0,0.0,0.0,0.0,0.0,0.0,0.0,0.0,0.0,0.0,nan,nan,4.264119039567129,2.787643821542777,nan,0.397,0.04544,0.0,0.0,0.0,0.0,0.0,0.0,0.0,0.0,0.0,0.0,0.0,0.0,0.0,0.0,0.0,0.0,0.0,0.0,0.0,0.0,0.0,0.0,1.0768899418479431e-05,1.0768899418479431e-05,0.0005384449709239715,3.23066982554383e-05,4.3075597673917726e-05,0.00132457462847297,0.0014861081197501615,0.022668533275899204,0.01061813482662072,0.010693517122550076,0.023551583028214515,0.011425802283006676,0.04506784406633642,0.059982769760930435,0.05116304113719578,0.06135041998707732,0.09739392634072798,0.08652810682748223,0.10567520999353866,0.07688994184794314,0.08204824466939478,0.058615119534783544,0.042537152702993755,0.053187594227869915,0.020708593581735945,0.042375619211716564,0.013407279776006892,0.010090458755115227,0.0010661210424294638,0.004662933448201594,8.615119534783545e-05,0.004092181779022184,0.0004630626749946156,0.0002046090889511092,0.0,0.0,0.0,0.0,0.0,0.0,0.0,0.0,0.0,0.0,0.0,0.0,0.0,0.0,0.0,0.0,0.0,0.0,0.0,0.0,0.0,0.0,0.0,0.0,0.0,0.0,0.0,0.0,0.0,0.0,0.0,0.0,0.0,0.0,0.0,0.0,0.0,0.0,0.0,0.0,0.0,0.0,0.0,0.0,0.0,nan,nan,4.264119039567129,2.787643821542777,nan,0.9302151560232882,0.023426058353574124,0.0,0.0,0.0,0.0,0.0,0.0,0.0,0.0,0.0,0.0,0.0,0.0,0.0,0.0,0.0,0.0,0.0,0.0,0.0,0.0,0.0,0.0,0.0,0.0,0.012594458438287156,0.07556675062972293,3.060453400503779,13.387909319899247,11.675062972292194,1.7884130982367763,0.9302981347438773,0.02323443109792568,0.0,0.0,0.0,0.0,0.0,0.0,0.0,0.0,0.0,0.0,0.0,0.0,0.0,0.0,0.0,0.0,0.0,0.0,0.0,0.0,0.0,0.0,0.0,0.0,0.0,0.05307386112339674,3.0119416187527652,13.547103051747017,11.58337019018134,1.804511278195489,0.397,0.00977,0.0,0.0,0.0,0.0,0.0,0.0,0.0,0.0,0.0,0.0,0.037783375314861464,18.790931989924406,11.171284634760708,0.0,0.0,0.0,0.0,0.0,0.0,0.0,0.0,0.0,0.0,0.0,0.0,0.0,0.0,0.0,0.0,0.0,0.3972,0.009895,0.0,0.0,0.0,0.0,0.0,0.0,0.0,0.0,0.0,0.0,0.02653693056169837,18.257408226448447,11.71605484298983,0.0,0.0,0.0,0.0,0.0,0.0,0.0,0.0,0.0,0.0,0.0,0.0,0.0,0.0,0.0,0.0,0.0
15800,4686,2438,0.520273154075971,1195,955,0.4588134869825011,1319,0.5629534784464362,0.38199999999999995,2.9159252669039146,3.023860471483199,6.365030674846626,2.126780271728236,9533.482287665387,1613.6719214270624,7853.0,11083.0,11083.0,0.0,7853.0,0.0,28.631668800682885,21.018701204659813,33.51717171717172,19.187148689398825,0.1357234314980794,0.09346991037131883,0.08984208279982928,0.08045241143832693,0.0874946649594537,0.07746478873239436,0.06978233034571063,0.06658130601792574,0.05441741357234315,0.052069995731967564,0.050789586000853607,0.04374733247972685,0.03137003841229193,0.02667520273154076,0.02283397353819889,0.010029876227059326,0.007255655142979087,0.9296757807804894,0.023207401950034783,0.0,0.0,0.0,0.0,0.0,0.0,0.0,0.0,0.0,0.0,0.0,0.0,0.0,0.0,0.0,0.0,0.0,0.0,0.0,0.0,0.0,0.0,0.0,0.0,0.0,0.06402048655569784,2.9513444302176706,13.994878361075548,11.389244558258646,1.600512163892446,4.062097812097812,2.8538519162807945,nan,nan,nan,4.070467648942985,2.8829668946599947,4.053652230122818,2.8241440877965034,0.9958689221312117,0.3972,0.01001,0.0,0.0,0.0,0.0,0.0,0.0,0.0,0.0,0.0,0.0,0.03201024327784892,18.271446862996132,11.696542893725995,0.0,0.0,0.0,0.0,0.0,0.0,0.0,0.0,0.0,0.0,0.0,0.0,0.0,0.0,0.0,0.0,0.0,nan,nan,4.062097812097812,2.8538519162807945,nan,0.3972,0.04572,0.0,0.0,0.0,0.0,0.0,0.0,0.0,0.0,0.0,0.0,0.0,0.0,0.0,0.0,0.0,0.0,0.0,0.0,0.0,0.0,0.0,0.0,0.0,0.0,0.0005655142979086641,6.402048655569782e-05,6.402048655569782e-05,0.0018565941101152368,0.0012163892445582586,0.02361288945795988,0.011192915066154503,0.009635083226632523,0.02488262910798122,0.010275288092189501,0.04289372599231754,0.06022193768672642,0.053499786598378146,0.05967776355100299,0.09465428937259923,0.08607554417413572,0.11048868971404183,0.0741570635936833,0.08183952198036705,0.05874946649594537,0.042189500640204866,0.05221937686726419,0.021308151941954758,0.04500640204865557,0.014052496798975671,0.008749466495945369,0.0007255655142979087,0.004758856167306871,0.00018139137857447717,0.004652155356380709,0.0003094323516858728,0.00022407170294494238,0.0,0.0,0.0,0.0,0.0,0.0,0.0,0.0,0.0,0.0,0.0,0.0,0.0,0.0,0.0,0.0,0.0,0.0,0.0,0.0,0.0,0.0,0.0,0.0,0.0,0.0,0.0,0.0,0.0,0.0,0.0,0.0,0.0,0.0,0.0,0.0,0.0,0.0,0.0,0.0,0.0,0.0,0.0,0.0,0.0,nan,nan,4.062097812097812,2.8538519162807945,nan,0.9297495914884432,0.02298476148036808,0.0,0.0,0.0,0.0,0.0,0.0,0.0,0.0,0.0,0.0,0.0,0.0,0.0,0.0,0.0,0.0,0.0,0.0,0.0,0.0,0.0,0.0,0.0,0.0,0.0,0.06152584085315834,3.002461033634127,13.892534864643153,11.406890894175557,1.6365873666940118,0.92959573162302,0.023446207665019286,0.0,0.0,0.0,0.0,0.0,0.0,0.0,0.0,0.0,0.0,0.0,0.0,0.0,0.0,0.0,0.0,0.0,0.0,0.0,0.0,0.0,0.0,0.0,0.0,0.0,0.06672597864768684,2.8959074733096095,14.105871886121,11.37010676156584,1.5613879003558724,0.397,0.01008,0.0,0.0,0.0,0.0,0.0,0.0,0.0,0.0,0.0,0.0,0.024610336341263337,18.433141919606207,11.542247744052505,0.0,0.0,0.0,0.0,0.0,0.0,0.0,0.0,0.0,0.0,0.0,0.0,0.0,0.0,0.0,0.0,0.0,0.3972,0.00993,0.0,0.0,0.0,0.0,0.0,0.0,0.0,0.0,0.0,0.0,0.0400355871886121,18.096085409252645,11.863879003558722,0.0,0.0,0.0,0.0,0.0,0.0,0.0,0.0,0.0,0.0,0.0,0.0,0.0,0.0,0.0,0.0,0.0
15900,4387,2245,0.5117392295418282,1053,929,0.4517893777068612,1273,0.5803510371552314,0.41,2.9407096171802056,3.0419929122747056,6.4638655462184875,2.1095911863483927,9505.917711420105,1614.5548139226062,7853.0,11083.0,11083.0,0.0,7853.0,0.0,27.188511511283338,20.509417858031753,32.222860267979215,18.75279484325021,0.1474811944381126,0.09824481422384318,0.09687713699566902,0.08844312742192842,0.08046501025757921,0.07909733302940505,0.0697515386368817,0.0638249373147937,0.05994985183496695,0.0474128105767039,0.04558924093913836,0.03464782311374515,0.03419193070435377,0.02256667426487349,0.01641212673808981,0.009801686801914749,0.005242762708000912,0.9305998918840057,0.022834811256084074,0.0,0.0,0.0,0.0,0.0,0.0,0.0,0.0,0.0,0.0,0.0,0.0,0.0,0.0,0.0,0.0,0.0,0.0,0.0,0.0,0.0,0.0,0.0,0.0,0.0,0.07522224754957832,2.5712331889674043,13.861408707545023,11.775700934579442,1.7164349213585597,4.246241947029349,2.796522634932402,nan,nan,nan,4.296189791516895,2.7980132889479687,4.19472182596291,2.79415542216066,0.976381870802277,0.3967,0.009796,0.0,0.0,0.0,0.0,0.0,0.0,0.0,0.0,0.0,0.0,0.03419193070435378,18.935491224071093,11.03031684522453,0.0,0.0,0.0,0.0,0.0,0.0,0.0,0.0,0.0,0.0,0.0,0.0,0.0,0.0,0.0,0.0,0.0,nan,nan,4.246241947029349,2.796522634932402,nan,0.3967,0.04538,0.0,0.0,0.0,0.0,0.0,0.0,0.0,0.0,0.0,0.0,0.0,0.0,0.0,0.0,0.0,0.0,0.0,0.0,0.0,0.0,0.0,0.0,0.0,1.1397310234784591e-05,0.0008206063369044905,0.00015956234328698426,9.117848187827673e-05,0.0016981992249829041,0.0011511283337132436,0.023797583770230224,0.009995441075906086,0.0101322087987235,0.025529974925917482,0.010405744244358332,0.04307043537725097,0.05862776384773193,0.05324823341691361,0.06270800091178481,0.09410759060861637,0.08718942329610212,0.11334625028493275,0.07630499202188283,0.08006610439936175,0.05966491907909733,0.03952587189423296,0.05001139731023478,0.021392751310690676,0.04466605881012081,0.015260998404376567,0.006952359243218601,0.0008775928880784135,0.004194210166400729,0.00019375427399133806,0.00446774561203556,0.0001367677228174151,0.00019375427399133806,0.0,0.0,0.0,0.0,0.0,0.0,0.0,0.0,0.0,0.0,0.0,0.0,0.0,0.0,0.0,0.0,0.0,0.0,0.0,0.0,0.0,0.0,0.0,0.0,0.0,0.0,0.0,0.0,0.0,0.0,0.0,0.0,0.0,0.0,0.0,0.0,0.0,0.0,0.0,0.0,0.0,0.0,0.0,0.0,0.0,nan,nan,4.246241947029349,2.796522634932402,nan,0.9304071420550611,0.022815540580735063,0.0,0.0,0.0,0.0,0.0,0.0,0.0,0.0,0.0,0.0,0.0,0.0,0.0,0.0,0.0,0.0,0.0,0.0,0.0,0.0,0.0,0.0,0.0,0.0,0.0,0.066815144766147,2.565701559020045,13.991091314031184,11.746102449888644,1.630289532293987,0.9308019102621479,0.02285324636841323,0.0,0.0,0.0,0.0,0.0,0.0,0.0,0.0,0.0,0.0,0.0,0.0,0.0,0.0,0.0,0.0,0.0,0.0,0.0,0.0,0.0,0.0,0.0,0.0,0.0,0.08403361344537816,2.5770308123249306,13.725490196078434,11.806722689075634,1.8067226890756307,0.3967,0.00994,0.0,0.0,0.0,0.0,0.0,0.0,0.0,0.0,0.0,0.0,0.013363028953229402,18.962138084632493,11.024498886414257,0.0,0.0,0.0,0.0,0.0,0.0,0.0,0.0,0.0,0.0,0.0,0.0,0.0,0.0,0.0,0.0,0.0,0.3967,0.00964,0.0,0.0,0.0,0.0,0.0,0.0,0.0,0.0,0.0,0.0,0.05602240896358545,18.907563025210056,11.036414565826332,0.0,0.0,0.0,0.0,0.0,0.0,0.0,0.0,0.0,0.0,0.0,0.0,0.0,0.0,0.0,0.0,0.0
16000,4302,2231,0.5185960018596002,1053,848,0.4418874941887494,1194,0.5550906555090656,0.422,2.9966199903428294,3.053441302134065,6.354838709677419,2.1805354047583787,9528.065086006509,1613.8826430205606,7853.0,11083.0,11083.0,0.0,7853.0,0.0,28.284518828451883,20.926570993272858,33.26646375207526,19.117514398609988,0.13854021385402138,0.09600185960018597,0.09623430962343096,0.07903300790330078,0.08368200836820083,0.07624360762436076,0.06648070664807067,0.05834495583449558,0.06810785681078568,0.05206880520688052,0.04904695490469549,0.041143654114365415,0.03277545327754533,0.02882380288238029,0.014876801487680148,0.012552301255230125,0.00604370060437006,0.930522950941992,0.02301342679135526,0.0,0.0,0.0,0.0,0.0,0.0,0.0,0.0,0.0,0.0,0.0,0.0,0.0,0.0,0.0,0.0,0.0,0.0,0.0,0.0,0.0,0.0,0.0,0.0,0.0069735006973500714,0.06973500697350071,2.6987447698744775,13.214783821478386,12.357043235704326,1.652719665271967,4.192031586503949,2.796281444041896,nan,nan,nan,4.236936292054402,2.8074160516632936,4.146868250539957,2.7843074187195165,0.9787421770576652,0.3967,0.009766,0.0,0.0,0.0,0.0,0.0,0.0,0.0,0.0,0.0,0.0,0.020920502092050212,19.100418410041815,10.87866108786611,0.0,0.0,0.0,0.0,0.0,0.0,0.0,0.0,0.0,0.0,0.0,0.0,0.0,0.0,0.0,0.0,0.0,nan,nan,4.192031586503949,2.796281444041896,nan,0.3967,0.0451,0.0,0.0,0.0,0.0,0.0,0.0,0.0,0.0,0.0,0.0,0.0,0.0,0.0,0.0,0.0,0.0,0.0,0.0,0.0,0.0,0.0,2.3245002324500234e-05,0.0,0.0,0.0007670850767085076,0.00011622501162250116,4.649000464900047e-05,0.0014179451417945142,0.0009298000929800093,0.023651789865178987,0.00991399349139935,0.010448628544862854,0.0248837749883775,0.009832635983263598,0.04206183170618317,0.06072756857275686,0.05310320781032078,0.06255230125523012,0.09470013947001395,0.08704091120409112,0.11630636913063691,0.07738261273826127,0.07784751278475127,0.06342398884239889,0.038656438865643884,0.04870990237099024,0.018619246861924687,0.04300325430032543,0.01610878661087866,0.007298930729893073,0.0013598326359832635,0.003928405392840539,0.0003370525337052534,0.004358437935843794,0.00024407252440725245,0.00019758251975825197,0.0,0.0,0.0,0.0,0.0,0.0,0.0,0.0,0.0,0.0,0.0,0.0,0.0,0.0,0.0,0.0,0.0,0.0,0.0,0.0,0.0,0.0,0.0,0.0,0.0,0.0,0.0,0.0,0.0,0.0,0.0,0.0,0.0,0.0,0.0,0.0,0.0,0.0,0.0,0.0,0.0,0.0,0.0,0.0,0.0,nan,nan,4.192031586503949,2.796281444041896,nan,0.9310871206394282,0.022765085829857073,0.0,0.0,0.0,0.0,0.0,0.0,0.0,0.0,0.0,0.0,0.0,0.0,0.0,0.0,0.0,0.0,0.0,0.0,0.0,0.0,0.0,0.0,0.0,0.0,0.0,0.08068130883012103,2.433886149708651,13.245181532944871,12.47870909905872,1.7615419094576428,0.9299151949811132,0.023262686043292975,0.0,0.0,0.0,0.0,0.0,0.0,0.0,0.0,0.0,0.0,0.0,0.0,0.0,0.0,0.0,0.0,0.0,0.0,0.0,0.0,0.0,0.0,0.0,0.0,0.014485755673587642,0.05794302269435057,2.9840656687590545,13.182037662964754,12.22597778850797,1.5354901014002902,0.3967,0.0097,0.0,0.0,0.0,0.0,0.0,0.0,0.0,0.0,0.0,0.0,0.0,19.161810847153717,10.838189152846258,0.0,0.0,0.0,0.0,0.0,0.0,0.0,0.0,0.0,0.0,0.0,0.0,0.0,0.0,0.0,0.0,0.0,0.3967,0.009834,0.0,0.0,0.0,0.0,0.0,0.0,0.0,0.0,0.0,0.0,0.04345726702076292,19.03428295509413,10.922259777885081,0.0,0.0,0.0,0.0,0.0,0.0,0.0,0.0,0.0,0.0,0.0,0.0,0.0,0.0,0.0,0.0,0.0
16100,4483,2355,0.5253178674994423,1116,893,0.4481374079857238,1263,0.5634619674325229,0.40199999999999997,3.00140977443609,3.1756974672524274,6.817434210526316,2.162302317313936,9549.776712023198,1612.9282592138668,7853.0,11083.0,11083.0,0.0,7853.0,0.0,27.81530225295561,20.719562279284737,32.41419185282523,19.115041676706333,0.1316082980147223,0.09859469105509704,0.09681017175998216,0.09703323667187151,0.08699531563685033,0.07517287530671425,0.07093464198081642,0.05933526656256971,0.05130492973455276,0.05242025429399955,0.04706669640865492,0.03635958063796565,0.03747490519741245,0.02186036136515726,0.02141423154137854,0.008476466651795673,0.007138077180459514,0.9307451483901792,0.02339073438971502,0.0,0.0,0.0,0.0,0.0,0.0,0.0,0.0,0.0,0.0,0.0,0.0,0.0,0.0,0.0,0.0,0.0,0.0,0.0,0.0,0.0,0.0,0.0,0.0,0.0,0.12045505242025432,2.8240017845192957,13.189828240017848,12.172652241802368,1.6930626812402414,4.2282758620689656,2.958499233902819,nan,nan,nan,4.192118226600985,2.944304933949637,4.2604871447902575,2.971073038398156,1.0163089193800499,0.3967,0.01009,0.0,0.0,0.0,0.0,0.0,0.0,0.0,0.0,0.0,0.0,0.05353557885344636,18.784296230202962,11.162168190943568,0.0,0.0,0.0,0.0,0.0,0.0,0.0,0.0,0.0,0.0,0.0,0.0,0.0,0.0,0.0,0.0,0.0,nan,nan,4.2282758620689656,2.958499233902819,nan,0.3967,0.04492,0.0,0.0,0.0,0.0,0.0,0.0,0.0,0.0,0.0,0.0,0.0,0.0,0.0,0.0,0.0,0.0,0.0,0.0,0.0,0.0,0.0,0.0,0.0,1.115324559446799e-05,0.0007361142092348874,0.0002119116662948918,8.922596475574392e-05,0.0010484050858799911,0.001115324559446799,0.024269462413562346,0.00943564577291992,0.010171759982154808,0.02541824670979255,0.00965871068480928,0.04297345527548516,0.05694847200535356,0.054282846308275706,0.061331697523979475,0.09840508587999108,0.08734106625027883,0.11351773366049521,0.07811733214365381,0.07661164398840062,0.06555877760428284,0.03918135177336605,0.047702431407539596,0.019964309614097703,0.04433415123801026,0.015781842516172206,0.005888913673879099,0.001985277715815302,0.0032009814856123133,0.0002342181574838278,0.0039036359580637966,0.00037921035021191166,0.00018960517510595583,0.0,0.0,0.0,0.0,0.0,0.0,0.0,0.0,0.0,0.0,0.0,0.0,0.0,0.0,0.0,0.0,0.0,0.0,0.0,0.0,0.0,0.0,0.0,0.0,0.0,0.0,0.0,0.0,0.0,0.0,0.0,0.0,0.0,0.0,0.0,0.0,0.0,0.0,0.0,0.0,0.0,0.0,0.0,0.0,0.0,nan,nan,4.2282758620689656,2.958499233902819,nan,0.9313984530999655,0.023802121539927976,0.0,0.0,0.0,0.0,0.0,0.0,0.0,0.0,0.0,0.0,0.0,0.0,0.0,0.0,0.0,0.0,0.0,0.0,0.0,0.0,0.0,0.0,0.0,0.0,0.0,0.15286624203821658,2.70063694267516,12.980891719745227,12.254777070063698,1.9108280254777075,0.9300221537512944,0.02290514916786489,0.0,0.0,0.0,0.0,0.0,0.0,0.0,0.0,0.0,0.0,0.0,0.0,0.0,0.0,0.0,0.0,0.0,0.0,0.0,0.0,0.0,0.0,0.0,0.0,0.0,0.08458646616541354,2.9605263157894743,13.42105263157895,12.081766917293237,1.4520676691729328,0.3967,0.01019,0.0,0.0,0.0,0.0,0.0,0.0,0.0,0.0,0.0,0.0,0.07643312101910829,18.471337579617806,11.45222929936306,0.0,0.0,0.0,0.0,0.0,0.0,0.0,0.0,0.0,0.0,0.0,0.0,0.0,0.0,0.0,0.0,0.0,0.3965,0.00998,0.0,0.0,0.0,0.0,0.0,0.0,0.0,0.0,0.0,0.0,0.028195488721804517,19.130639097744332,10.841165413533837,0.0,0.0,0.0,0.0,0.0,0.0,0.0,0.0,0.0,0.0,0.0,0.0,0.0,0.0,0.0,0.0,0.0
16200,4192,2213,0.5279103053435115,1056,827,0.4491889312977099,1153,0.5500954198473282,0.438,3.078322385042951,3.1655405236118486,6.633217993079585,2.219075142668945,9558.150286259543,1612.4819149024036,7853.0,11083.0,11083.0,0.0,7853.0,0.0,28.696326335877863,21.20517512667714,33.65639140271493,19.372316012857304,0.13740458015267176,0.09446564885496184,0.09208015267175572,0.08277671755725191,0.08158396946564886,0.07275763358778627,0.06440839694656489,0.06536259541984733,0.061068702290076333,0.053912213740458015,0.04890267175572519,0.04174618320610687,0.036736641221374045,0.02767175572519084,0.0178912213740458,0.013120229007633587,0.008110687022900763,0.9308530567711546,0.02352331463909709,0.0,0.0,0.0,0.0,0.0,0.0,0.0,0.0,0.0,0.0,0.0,0.0,0.0,0.0,0.0,0.0,0.0,0.0,0.0,0.0,0.0,0.0,0.0,0.0,0.0,0.08587786259541987,2.690839694656489,13.56870229007634,11.708015267175574,1.9465648854961837,4.218670541227752,2.9518696528772255,nan,nan,nan,4.353801169590644,2.973907022421906,4.085198555956679,2.923815637957232,0.9383061827650666,0.3965,0.00986,0.0,0.0,0.0,0.0,0.0,0.0,0.0,0.0,0.0,0.0,0.03578244274809161,18.97185114503814,10.985209923664124,0.007156488549618322,0.0,0.0,0.0,0.0,0.0,0.0,0.0,0.0,0.0,0.0,0.0,0.0,0.0,0.0,0.0,0.0,nan,nan,4.218670541227752,2.9518696528772255,nan,0.3965,0.04483,0.0,0.0,0.0,0.0,0.0,0.0,0.0,0.0,0.0,0.0,0.0,0.0,0.0,0.0,0.0,0.0,0.0,0.0,0.0,0.0,0.0,0.0,0.0,0.0,0.0007037213740458015,0.00023854961832061068,8.349236641221374e-05,0.0015267175572519084,0.001228530534351145,0.023520992366412214,0.009112595419847328,0.009971374045801527,0.02615696564885496,0.009708969465648854,0.04286736641221374,0.05721612595419847,0.053900286259541984,0.06438454198473283,0.1002743320610687,0.08647423664122138,0.11158158396946564,0.07823234732824427,0.07461832061068702,0.0648020038167939,0.03998091603053435,0.048819179389312975,0.02080152671755725,0.04360687022900763,0.01517175572519084,0.004830629770992367,0.0026717557251908397,0.0030653625954198474,0.0004293893129770992,0.0034708969465648853,0.00035782442748091603,0.00019083969465648855,0.0,0.0,0.0,0.0,0.0,0.0,0.0,0.0,0.0,0.0,0.0,0.0,0.0,0.0,0.0,0.0,0.0,0.0,0.0,0.0,0.0,0.0,0.0,0.0,0.0,0.0,0.0,0.0,0.0,0.0,0.0,0.0,0.0,0.0,0.0,0.0,0.0,0.0,0.0,0.0,0.0,0.0,0.0,0.0,0.0,nan,nan,4.218670541227752,2.9518696528772255,nan,0.930846692882293,0.023549616294331582,0.0,0.0,0.0,0.0,0.0,0.0,0.0,0.0,0.0,0.0,0.0,0.0,0.0,0.0,0.0,0.0,0.0,0.0,0.0,0.0,0.0,0.0,0.0,0.0,0.0,0.09489380930863084,2.724807953004971,13.65115228197018,11.563488477180302,1.9656574785359244,0.9308601731360109,0.02349386612089032,0.0,0.0,0.0,0.0,0.0,0.0,0.0,0.0,0.0,0.0,0.0,0.0,0.0,0.0,0.0,0.0,0.0,0.0,0.0,0.0,0.0,0.0,0.0,0.0,0.0,0.07579585649317838,2.6528549772612435,13.476503284487118,11.869631126831734,1.925214754926731,0.3965,0.0099,0.0,0.0,0.0,0.0,0.0,0.0,0.0,0.0,0.0,0.0,0.040668775417984644,19.00587437867146,10.939900587437869,0.013556258472661549,0.0,0.0,0.0,0.0,0.0,0.0,0.0,0.0,0.0,0.0,0.0,0.0,0.0,0.0,0.0,0.0,0.3965,0.009796,0.0,0.0,0.0,0.0,0.0,0.0,0.0,0.0,0.0,0.0,0.030318342597271355,18.93380495199593,11.035876705406773,0.0,0.0,0.0,0.0,0.0,0.0,0.0,0.0,0.0,0.0,0.0,0.0,0.0,0.0,0.0,0.0,0.0
16300,4606,2374,0.5154146765089014,1154,962,0.4594007815892314,1313,0.5701259227095093,0.418,2.9695340501792113,3.0769643837283946,6.686143572621035,2.0580048492055387,9517.78940512375,1614.2323299752804,7853.0,11083.0,11083.0,0.0,7853.0,0.0,27.733174120712114,20.574009204660193,32.564802885854164,18.801927678574742,0.14155449413808077,0.09661311333043855,0.09031697785497178,0.08749457229700391,0.08445505861919236,0.07620495006513243,0.0755536257056014,0.06274424663482414,0.05796786799826314,0.0523230568823274,0.04689535388623534,0.040165002171081196,0.0316977854971776,0.024750325662179766,0.01606600086843248,0.007164567954841511,0.00803300043421624,0.929787318860765,0.023319938926899993,0.0,0.0,0.0,0.0,0.0,0.0,0.0,0.0,0.0,0.0,0.0,0.0,0.0,0.0,0.0,0.0,0.0,0.0,0.0,0.0,0.0,0.0,0.0,0.0,0.0,0.07815892314372559,3.0091185410334353,13.795049934867567,11.476335214937041,1.6413373860182374,4.2597793380140425,2.8818916907602286,nan,nan,nan,4.292421193829645,2.898287424143993,4.227333333333333,2.8651328454754452,0.9848365624999998,0.397,0.009766,0.0,0.0,0.0,0.0,0.0,0.0,0.0,0.0,0.0,0.0,0.03256621797655233,18.868866695614386,11.098567086409036,0.0,0.0,0.0,0.0,0.0,0.0,0.0,0.0,0.0,0.0,0.0,0.0,0.0,0.0,0.0,0.0,0.0,nan,nan,4.2597793380140425,2.8818916907602286,nan,0.397,0.0449,0.0,0.0,0.0,0.0,0.0,0.0,0.0,0.0,0.0,0.0,0.0,0.0,0.0,0.0,0.0,0.0,0.0,0.0,0.0,0.0,0.0,0.0,0.0,0.0,0.0008792878853669127,0.0002713851498046027,9.769865392965696e-05,0.001726009552757273,0.0010746851932262266,0.025390794615718627,0.006882327399044724,0.009520191055145462,0.024478940512375164,0.010996526270082501,0.0413265306122449,0.05841293964394268,0.05358228397742076,0.06296135475466783,0.09760095527572732,0.08556231003039513,0.1145462440295267,0.07554277029960921,0.07904906643508468,0.06361267911419888,0.041033434650455926,0.05010855405992184,0.02058184976118107,0.04629830655666522,0.014144594007815892,0.004483282674772037,0.002116804168475901,0.002930959617889709,0.000705601389491967,0.0036799826313504125,0.00034737299174989145,5.427702996092054e-05,0.0,0.0,0.0,0.0,0.0,0.0,0.0,0.0,0.0,0.0,0.0,0.0,0.0,0.0,0.0,0.0,0.0,0.0,0.0,0.0,0.0,0.0,0.0,0.0,0.0,0.0,0.0,0.0,0.0,0.0,0.0,0.0,0.0,0.0,0.0,0.0,0.0,0.0,0.0,0.0,0.0,0.0,0.0,0.0,0.0,nan,nan,4.2597793380140425,2.8818916907602286,nan,0.9295905277873652,0.023169303535042794,0.0,0.0,0.0,0.0,0.0,0.0,0.0,0.0,0.0,0.0,0.0,0.0,0.0,0.0,0.0,0.0,0.0,0.0,0.0,0.0,0.0,0.0,0.0,0.0,0.0,0.06318449873631003,3.032855939342882,13.875315922493684,11.44903117101938,1.579612468407751,0.9299966297963614,0.023477286934930206,0.0,0.0,0.0,0.0,0.0,0.0,0.0,0.0,0.0,0.0,0.0,0.0,0.0,0.0,0.0,0.0,0.0,0.0,0.0,0.0,0.0,0.0,0.0,0.0,0.0,0.09408602150537637,2.9838709677419364,13.709677419354842,11.505376344086025,1.7069892473118284,0.397,0.009674,0.0,0.0,0.0,0.0,0.0,0.0,0.0,0.0,0.0,0.0,0.03791069924178602,19.03117101937655,10.930918281381638,0.0,0.0,0.0,0.0,0.0,0.0,0.0,0.0,0.0,0.0,0.0,0.0,0.0,0.0,0.0,0.0,0.0,0.3967,0.00987,0.0,0.0,0.0,0.0,0.0,0.0,0.0,0.0,0.0,0.0,0.026881720430107534,18.69623655913976,11.276881720430111,0.0,0.0,0.0,0.0,0.0,0.0,0.0,0.0,0.0,0.0,0.0,0.0,0.0,0.0,0.0,0.0,0.0
16400,4591,2417,0.5264648224787628,1109,950,0.448486168590721,1274,0.5549989109126552,0.43,2.854645814167433,3.037338028381996,6.53415061295972,2.2325737164497585,9553.481376606404,1612.7361638697987,7853.0,11083.0,11083.0,0.0,7853.0,0.0,27.45284251796994,20.735693135548143,32.58728081654017,18.94173591015764,0.14768024395556523,0.09692877368764975,0.09279024177739055,0.08952297974297539,0.08712698758440426,0.07471139185362666,0.0633848834676541,0.06077107384012198,0.05902853408843389,0.050315835329993466,0.047919843171422345,0.036811152254410805,0.03724678719233283,0.024177739054672184,0.01698976257895883,0.008494881289479415,0.006098889130908299,0.9295137629117407,0.02308751171512034,0.0,0.0,0.0,0.0,0.0,0.0,0.0,0.0,0.0,0.0,0.0,0.0,0.0,0.0,0.0,0.0,0.0,0.0,0.0,0.0,0.0,0.0,0.0,0.0,0.0,0.11762143323894579,2.9405358309736447,13.905467218470925,11.343933783489438,1.6924417338270534,4.192176870748299,2.8337386705676444,nan,nan,nan,4.2172739541160595,2.85431673306738,4.166666666666667,2.8124380804035938,0.988,0.397,0.00983,0.0,0.0,0.0,0.0,0.0,0.0,0.0,0.0,0.0,0.0,0.019603572206490963,18.52537573513393,11.455020692659554,0.0,0.0,0.0,0.0,0.0,0.0,0.0,0.0,0.0,0.0,0.0,0.0,0.0,0.0,0.0,0.0,0.0,nan,nan,4.192176870748299,2.8337386705676444,nan,0.397,0.0451,0.0,0.0,0.0,0.0,0.0,0.0,0.0,0.0,0.0,0.0,0.0,0.0,0.0,0.0,0.0,0.0,0.0,0.0,0.0,0.0,0.0,0.0,2.178174689610107e-05,0.0,0.0010346329775648008,0.00028316270964931386,0.0,0.001590067523415378,0.0010346329775648008,0.02449357438466565,0.007384012197778262,0.009333478544979307,0.022968852101938577,0.011805706817686779,0.04246351557394903,0.057264212589849706,0.05433456763232411,0.06345022870834241,0.09969505554345459,0.08566761054236549,0.11015029405358309,0.07590938793291221,0.08198649531692442,0.06277499455456327,0.04057939446743629,0.048725767806578085,0.02000653452406883,0.04623175778697452,0.014789806142452625,0.004094968416467001,0.0020474842082335003,0.0041167501633631014,0.0013613591810063166,0.0035830973644086256,0.000795033761707689,2.178174689610107e-05,0.0,0.0,0.0,0.0,0.0,0.0,0.0,0.0,0.0,0.0,0.0,0.0,0.0,0.0,0.0,0.0,0.0,0.0,0.0,0.0,0.0,0.0,0.0,0.0,0.0,0.0,0.0,0.0,0.0,0.0,0.0,0.0,0.0,0.0,0.0,0.0,0.0,0.0,0.0,0.0,0.0,0.0,0.0,0.0,0.0,nan,nan,4.192176870748299,2.8337386705676444,nan,0.9295440508552855,0.02333260040776786,0.0,0.0,0.0,0.0,0.0,0.0,0.0,0.0,0.0,0.0,0.0,0.0,0.0,0.0,0.0,0.0,0.0,0.0,0.0,0.0,0.0,0.0,0.0,0.0,0.0,0.13653289201489452,2.8175424079437326,14.137360364087716,11.10881257757551,1.799751758378155,0.9294800895172846,0.022811889961818894,0.0,0.0,0.0,0.0,0.0,0.0,0.0,0.0,0.0,0.0,0.0,0.0,0.0,0.0,0.0,0.0,0.0,0.0,0.0,0.0,0.0,0.0,0.0,0.0,0.0,0.09659613615455384,3.077276908923644,13.64765409383625,11.60533578656854,1.5731370745170197,0.3972,0.00983,0.0,0.0,0.0,0.0,0.0,0.0,0.0,0.0,0.0,0.0,0.012412081092263138,18.531237070748833,11.456350848158877,0.0,0.0,0.0,0.0,0.0,0.0,0.0,0.0,0.0,0.0,0.0,0.0,0.0,0.0,0.0,0.0,0.0,0.397,0.00982,0.0,0.0,0.0,0.0,0.0,0.0,0.0,0.0,0.0,0.0,0.02759889604415824,18.518859245630146,11.45354185832567,0.0,0.0,0.0,0.0,0.0,0.0,0.0,0.0,0.0,0.0,0.0,0.0,0.0,0.0,0.0,0.0,0.0
16500,4842,2533,0.5231309376290789,1209,982,0.45249896736885586,1322,0.5460553490293267,0.39799999999999996,2.957990472065829,3.094087256871681,6.65086887835703,2.059863192023424,9542.712928541925,1613.2708942730883,7853.0,11083.0,11083.0,0.0,7853.0,0.0,27.95105328376704,20.763500804052057,32.70422879491567,19.07888727323754,0.1325898389095415,0.10450227178851715,0.09417596034696406,0.09087154068566708,0.08033870301528294,0.06794712928541925,0.06836018174308137,0.06959933911606773,0.06299049979347376,0.05080545229244114,0.04502271788517142,0.03862040479140851,0.031598513011152414,0.028707145807517556,0.01900041305245766,0.008674101610904586,0.006195786864931847,0.9292493416523451,0.02314011715544498,0.0,0.0,0.0,0.0,0.0,0.0,0.0,0.0,0.0,0.0,0.0,0.0,0.0,0.0,0.0,0.0,0.0,0.0,0.0,0.0,0.0,0.0,0.0,0.0,0.0,0.14869888475836435,2.9244114002478323,13.921933085501863,11.4002478314746,1.6047087980173487,4.142674344209853,2.8786708319902616,nan,nan,nan,4.156410256410257,2.8342949986516905,4.128991060025543,2.9221425122654514,0.9934031544786931,0.397,0.00987,0.0,0.0,0.0,0.0,0.0,0.0,0.0,0.0,0.0,0.0,0.04956629491945478,18.562577447335784,11.381660470879805,0.0061957868649318475,0.0,0.0,0.0,0.0,0.0,0.0,0.0,0.0,0.0,0.0,0.0,0.0,0.0,0.0,0.0,0.0,nan,nan,4.142674344209853,2.8786708319902616,nan,0.397,0.0452,0.0,0.0,0.0,0.0,0.0,0.0,0.0,0.0,0.0,0.0,0.0,0.0,0.0,0.0,0.0,0.0,0.0,0.0,0.0,0.0,0.0,0.0,0.0,2.0652622883106156e-05,0.0008157786038826931,9.29368029739777e-05,1.0326311441553078e-05,0.0015592730276745147,0.0010842627013630732,0.023729863692688972,0.007662123089632383,0.009489880214787277,0.024370095002065262,0.012680710450227178,0.045714580751755475,0.055720776538620405,0.05247831474597274,0.06543783560512186,0.10109458901280463,0.08051425030978934,0.11097686906237092,0.07506195786864932,0.08112350268484098,0.06374432052870714,0.039487814952498965,0.04942172655927303,0.020859149111937217,0.04626187525815779,0.014714993804213134,0.00416150351094589,0.0018071045022717885,0.0037587773647253203,0.0013630731102850062,0.0040272614622057,0.0007228418009087154,0.0,3.0978934324659233e-05,0.0,0.0,0.0,0.0,0.0,0.0,0.0,0.0,0.0,0.0,0.0,0.0,0.0,0.0,0.0,0.0,0.0,0.0,0.0,0.0,0.0,0.0,0.0,0.0,0.0,0.0,0.0,0.0,0.0,0.0,0.0,0.0,0.0,0.0,0.0,0.0,0.0,0.0,0.0,0.0,0.0,0.0,0.0,0.0,nan,nan,4.142674344209853,2.8786708319902616,nan,0.928499029904451,0.023110590312778435,0.0,0.0,0.0,0.0,0.0,0.0,0.0,0.0,0.0,0.0,0.0,0.0,0.0,0.0,0.0,0.0,0.0,0.0,0.0,0.0,0.0,0.0,0.0,0.0,0.0,0.18949861823924205,2.9490722463482046,14.366363995262537,10.967232530596133,1.527832609553889,0.9300724424134605,0.0231445039931669,0.0,0.0,0.0,0.0,0.0,0.0,0.0,0.0,0.0,0.0,0.0,0.0,0.0,0.0,0.0,0.0,0.0,0.0,0.0,0.0,0.0,0.0,0.0,0.0,0.0,0.10394110004330881,2.897358163707233,13.434387180597664,11.875270679948033,1.6890428757037683,0.397,0.00983,0.0,0.0,0.0,0.0,0.0,0.0,0.0,0.0,0.0,0.0,0.059218318199763136,18.322147651006684,11.618634030793528,0.0,0.0,0.0,0.0,0.0,0.0,0.0,0.0,0.0,0.0,0.0,0.0,0.0,0.0,0.0,0.0,0.0,0.397,0.009926,0.0,0.0,0.0,0.0,0.0,0.0,0.0,0.0,0.0,0.0,0.038977912516240804,18.826331745344277,11.121697704634045,0.012992637505413601,0.0,0.0,0.0,0.0,0.0,0.0,0.0,0.0,0.0,0.0,0.0,0.0,0.0,0.0,0.0,0.0
16600,4840,2486,0.5136363636363637,1177,994,0.44855371900826446,1387,0.5731404958677686,0.38599999999999995,2.9647408666100254,3.034219556051971,6.351002865329513,2.0865939596450764,9512.045454545454,1614.3992684382276,7853.0,11083.0,11083.0,0.0,7853.0,0.0,28.83698347107438,21.117725800063532,33.6281957633309,19.323960526598942,0.13264462809917354,0.09400826446280992,0.09008264462809917,0.08760330578512397,0.07809917355371901,0.07107438016528926,0.07768595041322314,0.06322314049586777,0.06177685950413223,0.0506198347107438,0.04566115702479339,0.04297520661157025,0.0371900826446281,0.02809917355371901,0.018801652892561985,0.012396694214876033,0.008057851239669421,0.9276907242034093,0.023042262036031873,0.0,0.0,0.0,0.0,0.0,0.0,0.0,0.0,0.0,0.0,0.0,0.0,0.0,0.0,0.0,0.0,0.0,0.0,0.0,0.0,0.0,0.0,0.0,0.0,0.0,0.1053719008264463,3.3409090909090917,14.541322314049589,10.57438016528926,1.4380165289256202,4.179599499374218,2.844582377243786,nan,nan,nan,4.2304855562384756,2.7994388669018906,4.1268323773103885,2.889703965831717,0.9754985148749096,0.397,0.01016,0.0,0.0,0.0,0.0,0.0,0.0,0.0,0.0,0.0,0.0,0.030991735537190087,18.45247933884295,11.5103305785124,0.006198347107438018,0.0,0.0,0.0,0.0,0.0,0.0,0.0,0.0,0.0,0.0,0.0,0.0,0.0,0.0,0.0,0.0,nan,nan,4.179599499374218,2.844582377243786,nan,0.397,0.04553,0.0,0.0,0.0,0.0,0.0,0.0,0.0,0.0,0.0,0.0,0.0,0.0,0.0,0.0,0.0,0.0,0.0,0.0,0.0,0.0,0.0,0.0,0.0,0.0,0.0014049586776859503,0.00010330578512396694,2.066115702479339e-05,0.0023450413223140495,0.0007851239669421487,0.025795454545454545,0.007944214876033058,0.008543388429752066,0.024008264462809917,0.012665289256198347,0.0443698347107438,0.05527892561983471,0.05122933884297521,0.0650103305785124,0.10039256198347107,0.07766528925619835,0.11082644628099174,0.07928719008264463,0.08036157024793389,0.06137396694214876,0.041952479338842975,0.05109504132231405,0.02211776859504132,0.043925619834710744,0.015516528925619834,0.004473140495867768,0.0021694214876033058,0.0038946280991735537,0.0014772727272727272,0.003212809917355372,0.0006095041322314049,0.0,0.00014462809917355373,0.0,0.0,0.0,0.0,0.0,0.0,0.0,0.0,0.0,0.0,0.0,0.0,0.0,0.0,0.0,0.0,0.0,0.0,0.0,0.0,0.0,0.0,0.0,0.0,0.0,0.0,0.0,0.0,0.0,0.0,0.0,0.0,0.0,0.0,0.0,0.0,0.0,0.0,0.0,0.0,0.0,0.0,0.0,0.0,nan,nan,4.179599499374218,2.844582377243786,nan,0.9269549098114572,0.022990093523055786,0.0,0.0,0.0,0.0,0.0,0.0,0.0,0.0,0.0,0.0,0.0,0.0,0.0,0.0,0.0,0.0,0.0,0.0,0.0,0.0,0.0,0.0,0.0,0.0,0.0,0.09654062751407887,3.547868061142398,14.855189058728884,10.100563153660502,1.3998390989541436,0.9284677992154707,0.02307176436436136,0.0,0.0,0.0,0.0,0.0,0.0,0.0,0.0,0.0,0.0,0.0,0.0,0.0,0.0,0.0,0.0,0.0,0.0,0.0,0.0,0.0,0.0,0.0,0.0,0.0,0.11469838572642313,3.122344944774852,14.209855564995754,11.07476635514019,1.4783347493627872,0.397,0.00998,0.0,0.0,0.0,0.0,0.0,0.0,0.0,0.0,0.0,0.0,0.03620273531777957,18.451327433628293,11.512469831053904,0.0,0.0,0.0,0.0,0.0,0.0,0.0,0.0,0.0,0.0,0.0,0.0,0.0,0.0,0.0,0.0,0.0,0.397,0.01036,0.0,0.0,0.0,0.0,0.0,0.0,0.0,0.0,0.0,0.0,0.025488530161427363,18.45369583687338,11.508071367884455,0.012744265080713682,0.0,0.0,0.0,0.0,0.0,0.0,0.0,0.0,0.0,0.0,0.0,0.0,0.0,0.0,0.0,0.0
16700,4491,2313,0.5150300601202404,1073,934,0.4468937875751503,1255,0.558895568915609,0.418,2.931129476584022,3.08895284361942,6.6592082616179,2.098488611025326,9516.547094188376,1614.270169347704,7853.0,11083.0,11083.0,0.0,7853.0,0.0,28.09107103095079,20.95403114087712,32.96538054968288,19.225094160193073,0.13827655310621242,0.09686038744154976,0.09418837675350701,0.08862168782008462,0.08706301491872634,0.07103095079046982,0.06301491872634157,0.06769093743041639,0.05789356490759296,0.04920953017145402,0.04920953017145402,0.0394121576486306,0.034290803829881984,0.029392117568470273,0.015809396570919617,0.01068804275217101,0.007348029392117568,0.9279933867383391,0.02327668186508726,0.0,0.0,0.0,0.0,0.0,0.0,0.0,0.0,0.0,0.0,0.0,0.0,0.0,0.0,0.0,0.0,0.0,0.0,0.0,0.0,0.0,0.0,0.0,0.0,0.0,0.12692050768203075,3.2598530394121585,14.134936539746162,10.981963927855714,1.4963259853039417,4.17934595524957,2.878226215413996,nan,nan,nan,4.221305841924399,2.8515070494130765,4.137336093857833,2.9051808885836192,0.9801081108048106,0.3977,0.01045,0.0,0.0,0.0,0.0,0.0,0.0,0.0,0.0,0.0,0.0,0.033400133600534405,17.75551102204406,12.197728790915168,0.013360053440213763,0.0,0.0,0.0,0.0,0.0,0.0,0.0,0.0,0.0,0.0,0.0,0.0,0.0,0.0,0.0,0.0,nan,nan,4.17934595524957,2.878226215413996,nan,0.3977,0.0458,0.0,0.0,0.0,0.0,0.0,0.0,0.0,0.0,0.0,0.0,0.0,0.0,0.0,0.0,0.0,0.0,0.0,0.0,0.0,0.0,0.0,0.0,0.0,0.0,0.001837007348029392,1.11333778668448e-05,2.22667557336896e-05,0.002338009352037408,0.00055666889334224,0.024092629703852148,0.007492763304386551,0.008016032064128256,0.02423736361612113,0.012747717657537298,0.042217768871075485,0.05605655755956357,0.05202627477176575,0.06477399242930305,0.10095747049654866,0.07739924293030505,0.11396125584502338,0.07599643731908261,0.0781563126252505,0.061745713649521264,0.04167223335560009,0.05044533511467379,0.023847695390781562,0.04431084391004231,0.016276998441327097,0.0054219550211534176,0.0028167446003117347,0.0042974838566020935,0.0012135381874860832,0.004130483188599421,0.0007904698285459809,0.0,0.0001336005344021376,0.0,0.0,0.0,0.0,0.0,0.0,0.0,0.0,0.0,0.0,0.0,0.0,0.0,0.0,0.0,0.0,0.0,0.0,0.0,0.0,0.0,0.0,0.0,0.0,0.0,0.0,0.0,0.0,0.0,0.0,0.0,0.0,0.0,0.0,0.0,0.0,0.0,0.0,0.0,0.0,0.0,0.0,0.0,0.0,nan,nan,4.17934595524957,2.878226215413996,nan,0.9280103384494988,0.023620849417198792,0.0,0.0,0.0,0.0,0.0,0.0,0.0,0.0,0.0,0.0,0.0,0.0,0.0,0.0,0.0,0.0,0.0,0.0,0.0,0.0,0.0,0.0,0.0,0.0,0.0,0.10376134889753569,3.385214007782102,13.955901426718551,10.9727626459144,1.5823605706874193,0.927975384301281,0.022905506541102204,0.0,0.0,0.0,0.0,0.0,0.0,0.0,0.0,0.0,0.0,0.0,0.0,0.0,0.0,0.0,0.0,0.0,0.0,0.0,0.0,0.0,0.0,0.0,0.0,0.0,0.15151515151515155,3.1267217630854,14.325068870523419,10.991735537190085,1.4049586776859506,0.3977,0.01032,0.0,0.0,0.0,0.0,0.0,0.0,0.0,0.0,0.0,0.0,0.03891050583657588,17.795071335927343,12.153047989623868,0.012970168612191961,0.0,0.0,0.0,0.0,0.0,0.0,0.0,0.0,0.0,0.0,0.0,0.0,0.0,0.0,0.0,0.0,0.3977,0.01058,0.0,0.0,0.0,0.0,0.0,0.0,0.0,0.0,0.0,0.0,0.027548209366391192,17.713498622589505,12.245179063360885,0.013774104683195596,0.0,0.0,0.0,0.0,0.0,0.0,0.0,0.0,0.0,0.0,0.0,0.0,0.0,0.0,0.0,0.0
16800,4377,2176,0.4971441626684944,1019,939,0.4473383596070368,1250,0.5711674663011195,0.418,2.9731940027260335,3.0548089204207307,6.351226993865031,2.2107410058845773,9458.775645419237,1614.973656528975,7853.0,11083.0,11083.0,0.0,7853.0,0.0,28.69019876627827,21.23480741174302,33.571467171034854,19.45270035713153,0.13342472012794152,0.09527073337902674,0.09389993145990404,0.08476125199908613,0.07813570938999315,0.08201964816084076,0.06854009595613433,0.05894448252227553,0.057802147589673294,0.0516335389536212,0.04774960018277359,0.03998172264107836,0.03678318482979209,0.028558373315055976,0.024217500571167467,0.013022618231665525,0.0052547406899703,0.9280517915489741,0.02346683815704411,0.0,0.0,0.0,0.0,0.0,0.0,0.0,0.0,0.0,0.0,0.0,0.0,0.0,0.0,0.0,0.0,0.0,0.0,0.0,0.0,0.0,0.0,0.0,0.0,0.0,0.10966415352981497,3.3584647018505835,14.215215901302265,10.843043180260453,1.4736120630568887,4.291420632163946,2.8251400841687397,nan,nan,nan,4.321152494729445,2.8472759861042856,4.261855670103093,2.803928636837022,0.9862775440814281,0.3975,0.010315,0.0,0.0,0.0,0.0,0.0,0.0,0.0,0.0,0.0,0.0,0.054832076764907485,18.060315284441373,11.864290610006858,0.020562028786840304,0.0,0.0,0.0,0.0,0.0,0.0,0.0,0.0,0.0,0.0,0.0,0.0,0.0,0.0,0.0,0.0,nan,nan,4.291420632163946,2.8251400841687397,nan,0.3975,0.04593,0.0,0.0,0.0,0.0,0.0,0.0,0.0,0.0,0.0,0.0,0.0,0.0,0.0,0.0,0.0,0.0,0.0,0.0,0.0,0.0,0.0,0.0,3.4270047978067166e-05,0.0,0.0027416038382453737,1.142334932602239e-05,4.569339730408956e-05,0.00262737034498515,0.0006511309115832762,0.02266392506282842,0.007973497829563627,0.009766963673749143,0.02436600411240576,0.012485720813342472,0.04107836417637652,0.057128169979437975,0.05090244459675577,0.06647246972812429,0.10091386794608179,0.07794151245145077,0.1139250628284213,0.07336074937171579,0.08056888279643591,0.06146904272332648,0.039364861777473156,0.05070824765821339,0.022424034726981953,0.04647018505825908,0.015375828192826136,0.006145761937400046,0.002376056659812657,0.004523646333104867,0.0010623714873200822,0.0037468585789353437,0.0005483207676490747,2.284669865204478e-05,7.996344528215673e-05,0.0,2.284669865204478e-05,0.0,0.0,0.0,0.0,0.0,0.0,0.0,0.0,0.0,0.0,0.0,0.0,0.0,0.0,0.0,0.0,0.0,0.0,0.0,0.0,0.0,0.0,0.0,0.0,0.0,0.0,0.0,0.0,0.0,0.0,0.0,0.0,0.0,0.0,0.0,0.0,0.0,0.0,0.0,0.0,0.0,0.0,nan,nan,4.291420632163946,2.8251400841687397,nan,0.9284850415938041,0.02349856125714757,0.0,0.0,0.0,0.0,0.0,0.0,0.0,0.0,0.0,0.0,0.0,0.0,0.0,0.0,0.0,0.0,0.0,0.0,0.0,0.0,0.0,0.0,0.0,0.0,0.0,0.12408088235294121,3.2674632352941186,13.841911764705886,11.153492647058826,1.6130514705882357,0.927623462563263,0.023427558315019394,0.0,0.0,0.0,0.0,0.0,0.0,0.0,0.0,0.0,0.0,0.0,0.0,0.0,0.0,0.0,0.0,0.0,0.0,0.0,0.0,0.0,0.0,0.0,0.0,0.0,0.09541117673784646,3.448432530667879,14.584279872785102,10.53611994547933,1.3357564743298502,0.3975,0.0106,0.0,0.0,0.0,0.0,0.0,0.0,0.0,0.0,0.0,0.0,0.06893382352941178,17.826286764705856,12.063419117647062,0.041360294117647065,0.0,0.0,0.0,0.0,0.0,0.0,0.0,0.0,0.0,0.0,0.0,0.0,0.0,0.0,0.0,0.0,0.3972,0.010025,0.0,0.0,0.0,0.0,0.0,0.0,0.0,0.0,0.0,0.0,0.040890504316219906,18.291685597455675,11.667423898228082,0.0,0.0,0.0,0.0,0.0,0.0,0.0,0.0,0.0,0.0,0.0,0.0,0.0,0.0,0.0,0.0,0.0
16900,4581,2354,0.5138616022702467,1103,948,0.4477188386815106,1344,0.5867714472822528,0.40199999999999997,2.9744050291872473,3.0339747416750913,6.322239031770045,2.20450751486718,9512.772975332897,1614.379255528217,7853.0,11083.0,11083.0,0.0,7853.0,0.0,28.512115258677145,21.103225355643552,33.30317092034029,19.379385313978254,0.13119406243178344,0.10281597904387688,0.08928181619733683,0.08688059375682165,0.08120497707924033,0.07421960270683257,0.06592447063959835,0.06963545077493997,0.05588299497926217,0.05282689369133377,0.04693298406461471,0.044313468674961796,0.03165247762497271,0.027068325693080115,0.020301244269810084,0.011132940406024885,0.008731717965509714,0.9278992081515993,0.02329413822479159,0.0,0.0,0.0,0.0,0.0,0.0,0.0,0.0,0.0,0.0,0.0,0.0,0.0,0.0,0.0,0.0,0.0,0.0,0.0,0.0,0.0,0.0,0.0,0.0,0.0,0.15717092337917488,3.123772102161101,14.531761624099545,10.779305828421744,1.4079895219384417,4.263297872340425,2.8519233481306077,nan,nan,nan,4.309162821357943,2.8151116175216844,4.214765100671141,2.8882166495297685,0.9780937215417043,0.3977,0.01047,0.0,0.0,0.0,0.0,0.0,0.0,0.0,0.0,0.0,0.0,0.03929273084479372,17.740667976424337,12.200392927308451,0.01964636542239686,0.0,0.0,0.0,0.0,0.0,0.0,0.0,0.0,0.0,0.0,0.0,0.0,0.0,0.0,0.0,0.0,nan,nan,4.263297872340425,2.8519233481306077,nan,0.3977,0.04602,0.0,0.0,0.0,0.0,0.0,0.0,0.0,0.0,0.0,0.0,0.0,0.0,0.0,0.0,0.0,0.0,0.0,0.0,0.0,0.0,0.0,0.0,4.365858982754857e-05,2.1829294913774286e-05,0.003241650294695481,0.0,2.1829294913774286e-05,0.00221567343374809,0.0006221349050425671,0.020836061995197556,0.008153241650294695,0.00863348613839773,0.025660336171141673,0.013010259768609474,0.03953285308884523,0.05814232700283781,0.051047806155861165,0.06525867714472823,0.10499890853525431,0.0752892381576075,0.1123881248635669,0.07611875136433094,0.07781052172014843,0.061220257585679984,0.0408316961362148,0.04810085134250164,0.02364112639161755,0.047522375027286616,0.017245142981881685,0.00573018991486575,0.0020956123117223313,0.004616895874263261,0.00145164811176599,0.003689150840427854,0.0006767081423270029,0.0,0.0001309757694826457,0.0,0.0,0.0,0.0,0.0,0.0,0.0,0.0,0.0,0.0,0.0,0.0,0.0,0.0,0.0,0.0,0.0,0.0,0.0,0.0,0.0,0.0,0.0,0.0,0.0,0.0,0.0,0.0,0.0,0.0,0.0,0.0,0.0,0.0,0.0,0.0,0.0,0.0,0.0,0.0,0.0,0.0,0.0,0.0,nan,nan,4.263297872340425,2.8519233481306077,nan,0.9281964028347521,0.023162882987811714,0.0,0.0,0.0,0.0,0.0,0.0,0.0,0.0,0.0,0.0,0.0,0.0,0.0,0.0,0.0,0.0,0.0,0.0,0.0,0.0,0.0,0.0,0.0,0.0,0.0,0.12744265080713682,3.084112149532711,14.36278674596432,11.011045029736621,1.4146134239592187,0.9275850652310149,0.02342798098567783,0.0,0.0,0.0,0.0,0.0,0.0,0.0,0.0,0.0,0.0,0.0,0.0,0.0,0.0,0.0,0.0,0.0,0.0,0.0,0.0,0.0,0.0,0.0,0.0,0.0,0.18859452177817698,3.165693758419399,14.710372698697803,10.534351145038169,1.4009878760664576,0.3977,0.010315,0.0,0.0,0.0,0.0,0.0,0.0,0.0,0.0,0.0,0.0,0.05097706032285473,17.841971112999126,12.08156329651657,0.025488530161427363,0.0,0.0,0.0,0.0,0.0,0.0,0.0,0.0,0.0,0.0,0.0,0.0,0.0,0.0,0.0,0.0,0.3977,0.01062,0.0,0.0,0.0,0.0,0.0,0.0,0.0,0.0,0.0,0.0,0.026942074539739565,17.633587786259515,12.325999101930853,0.013471037269869783,0.0,0.0,0.0,0.0,0.0,0.0,0.0,0.0,0.0,0.0,0.0,0.0,0.0,0.0,0.0,0.0
17000,4264,2234,0.523921200750469,1070,854,0.45121951219512196,1157,0.5426829268292683,0.446,3.0167487684729064,3.162077522307093,6.767025089605735,2.2351514272183706,9545.265478424015,1613.1506581357824,7853.0,11083.0,11083.0,0.0,7853.0,0.0,27.308630393996246,20.684917614007755,32.51060220525869,18.879914939703042,0.14892120075046905,0.10060975609756098,0.09333958724202626,0.08536585365853659,0.08442776735459662,0.0724671669793621,0.07082551594746717,0.06214821763602251,0.05675422138836773,0.054878048780487805,0.0450281425891182,0.039868667917448405,0.03048780487804878,0.02274859287054409,0.014540337711069419,0.009849906191369606,0.00773921200750469,0.9280742663631519,0.023169299915267873,0.0,0.0,0.0,0.0,0.0,0.0,0.0,0.0,0.0,0.0,0.0,0.0,0.0,0.0,0.0,0.0,0.0,0.0,0.0,0.0,0.0,0.0,0.0,0.0,0.00703564727954972,0.15478424015009384,3.2363977485928714,14.29643527204503,10.848968105065667,1.4563789868667922,4.220139654538772,2.9457383831855237,nan,nan,nan,4.258608058608059,2.9453771259632466,4.18141592920354,2.945594640926483,0.9818738591713113,0.3972,0.00998,0.0,0.0,0.0,0.0,0.0,0.0,0.0,0.0,0.0,0.0,0.0,18.215290806754194,11.777673545966232,0.00703564727954972,0.0,0.0,0.0,0.0,0.0,0.0,0.0,0.0,0.0,0.0,0.0,0.0,0.0,0.0,0.0,0.0,nan,nan,4.220139654538772,2.9457383831855237,nan,0.3972,0.04596,0.0,0.0,0.0,0.0,0.0,0.0,0.0,0.0,0.0,0.0,0.0,0.0,0.0,0.0,0.0,0.0,0.0,0.0,0.0,0.0,0.0,0.0,0.00012898686679174484,9.380863039399625e-05,0.003353658536585366,0.0,1.1726078799249531e-05,0.002802532833020638,0.00099671669793621,0.020403377110694183,0.006625234521575985,0.010600375234521576,0.025469043151969982,0.011526735459662289,0.04013836772983114,0.0587359287054409,0.05294324577861163,0.06722560975609757,0.10314258911819887,0.07711069418386492,0.11321529080675422,0.07287757973733583,0.07946763602251407,0.06302767354596622,0.04023217636022514,0.044863977485928706,0.023592870544090056,0.04666979362101313,0.01678001876172608,0.005546435272045028,0.00225140712945591,0.004162757973733584,0.0012781425891181988,0.004022045028142589,0.0006566604127579737,2.3452157598499062e-05,2.3452157598499062e-05,0.0,0.0,0.0,0.0,0.0,0.0,0.0,0.0,0.0,0.0,0.0,0.0,0.0,0.0,0.0,0.0,0.0,0.0,0.0,0.0,0.0,0.0,0.0,0.0,0.0,0.0,0.0,0.0,0.0,0.0,0.0,0.0,0.0,0.0,0.0,0.0,0.0,0.0,0.0,0.0,0.0,0.0,0.0,0.0,nan,nan,4.220139654538772,2.9457383831855237,nan,0.9283953434991965,0.02323796298141657,0.0,0.0,0.0,0.0,0.0,0.0,0.0,0.0,0.0,0.0,0.0,0.0,0.0,0.0,0.0,0.0,0.0,0.0,0.0,0.0,0.0,0.0,0.0,0.0,0.0,0.14771709937332142,3.2766338406445845,13.992837958818267,11.10564010743062,1.4771709937332145,0.9277209233474262,0.023088340688925763,0.0,0.0,0.0,0.0,0.0,0.0,0.0,0.0,0.0,0.0,0.0,0.0,0.0,0.0,0.0,0.0,0.0,0.0,0.0,0.0,0.0,0.0,0.0,0.0,0.014778325123152712,0.16256157635467983,3.192118226600986,14.630541871921185,10.566502463054189,1.433497536945813,0.3972,0.01007,0.0,0.0,0.0,0.0,0.0,0.0,0.0,0.0,0.0,0.0,0.0,17.967770814682158,12.018800358102062,0.013428827215756493,0.0,0.0,0.0,0.0,0.0,0.0,0.0,0.0,0.0,0.0,0.0,0.0,0.0,0.0,0.0,0.0,0.3972,0.00988,0.0,0.0,0.0,0.0,0.0,0.0,0.0,0.0,0.0,0.0,0.0,18.487684729064014,11.512315270935963,0.0,0.0,0.0,0.0,0.0,0.0,0.0,0.0,0.0,0.0,0.0,0.0,0.0,0.0,0.0,0.0,0.0
17100,4440,2372,0.5342342342342342,1088,872,0.44144144144144143,1191,0.5364864864864864,0.438,3.021276595744681,3.1680116461327144,6.825783972125436,2.130980372284123,9578.576576576577,1611.2100486009278,7853.0,11083.0,11083.0,0.0,7853.0,0.0,27.782207207207207,20.792639866205395,32.76505376344086,19.03418442198175,0.1421171171171171,0.09752252252252253,0.09527027027027027,0.08581081081081081,0.08018018018018018,0.0786036036036036,0.07432432432432433,0.060810810810810814,0.050225225225225226,0.05315315315315315,0.045495495495495496,0.03918918918918919,0.03918918918918919,0.028153153153153154,0.013738738738738739,0.00990990990990991,0.006306306306306306,0.927635700960417,0.023121734486384778,0.0,0.0,0.0,0.0,0.0,0.0,0.0,0.0,0.0,0.0,0.0,0.0,0.0,0.0,0.0,0.0,0.0,0.0,0.0,0.0,0.0,0.0,0.0,0.0,0.0,0.15540540540540543,3.3445945945945956,14.763513513513518,10.304054054054056,1.432432432432433,4.151419558359621,2.9681441488452167,nan,nan,nan,4.144244105409154,2.9611442602732185,4.158752657689582,2.9752629319608315,1.0035008923005986,0.3972,0.0103,0.0,0.0,0.0,0.0,0.0,0.0,0.0,0.0,0.0,0.0,0.027027027027027032,17.783783783783758,12.182432432432435,0.006756756756756758,0.0,0.0,0.0,0.0,0.0,0.0,0.0,0.0,0.0,0.0,0.0,0.0,0.0,0.0,0.0,0.0,nan,nan,4.151419558359621,2.9681441488452167,nan,0.3972,0.0464,0.0,0.0,0.0,0.0,0.0,0.0,0.0,0.0,0.0,0.0,0.0,0.0,0.0,0.0,0.0,0.0,0.0,0.0,0.0,0.0,0.0,0.0,0.000259009009009009,5.630630630630631e-05,0.0038063063063063065,2.2522522522522523e-05,0.0,0.0024324324324324323,0.001328828828828829,0.02063063063063063,0.008243243243243244,0.010754504504504504,0.024234234234234233,0.011486486486486487,0.03976351351351352,0.05881756756756757,0.0515990990990991,0.06780405405405406,0.10074324324324324,0.07905405405405405,0.1088963963963964,0.07208333333333333,0.08011261261261261,0.06511261261261261,0.040765765765765766,0.044436936936936934,0.02242117117117117,0.04913288288288288,0.017477477477477476,0.005664414414414415,0.0023536036036036034,0.004290540540540541,0.0014527027027027026,0.004470720720720721,0.0002927927927927928,0.0,0.0,0.0,0.0,0.0,0.0,0.0,0.0,0.0,0.0,0.0,0.0,0.0,0.0,0.0,0.0,0.0,0.0,0.0,0.0,0.0,0.0,0.0,0.0,0.0,0.0,0.0,0.0,0.0,0.0,0.0,0.0,0.0,0.0,0.0,0.0,0.0,0.0,0.0,0.0,0.0,0.0,0.0,0.0,0.0,0.0,nan,nan,4.151419558359621,2.9681441488452167,nan,0.9272364410391143,0.02301113381049028,0.0,0.0,0.0,0.0,0.0,0.0,0.0,0.0,0.0,0.0,0.0,0.0,0.0,0.0,0.0,0.0,0.0,0.0,0.0,0.0,0.0,0.0,0.0,0.0,0.0,0.20236087689713328,3.3768971332209112,14.962057335581791,10.092748735244522,1.3659359190556497,0.9280936528624142,0.023239501331582275,0.0,0.0,0.0,0.0,0.0,0.0,0.0,0.0,0.0,0.0,0.0,0.0,0.0,0.0,0.0,0.0,0.0,0.0,0.0,0.0,0.0,0.0,0.0,0.0,0.0,0.10154738878143137,3.3075435203094785,14.535783365570603,10.546421663442942,1.5087040618955516,0.3975,0.01035,0.0,0.0,0.0,0.0,0.0,0.0,0.0,0.0,0.0,0.0,0.01264755480607083,17.731871838111275,12.255480607082633,0.0,0.0,0.0,0.0,0.0,0.0,0.0,0.0,0.0,0.0,0.0,0.0,0.0,0.0,0.0,0.0,0.0,0.3972,0.01024,0.0,0.0,0.0,0.0,0.0,0.0,0.0,0.0,0.0,0.0,0.04352030947775629,17.843326885880053,12.098646034816252,0.014506769825918765,0.0,0.0,0.0,0.0,0.0,0.0,0.0,0.0,0.0,0.0,0.0,0.0,0.0,0.0,0.0,0.0
17200,4560,2365,0.518640350877193,1156,930,0.45745614035087717,1294,0.5675438596491228,0.418,2.9890660592255127,3.173476179833923,6.759933774834437,2.185969103799627,9528.208333333334,1613.8773053107918,7853.0,11083.0,11083.0,0.0,7853.0,0.0,27.684649122807016,20.46998511641762,32.67697144354205,18.62810271019513,0.14144736842105263,0.09824561403508772,0.08859649122807017,0.0837719298245614,0.08421052631578947,0.08114035087719298,0.0706140350877193,0.06776315789473684,0.05899122807017544,0.05021929824561404,0.04868421052631579,0.03881578947368421,0.031578947368421054,0.025657894736842105,0.016666666666666666,0.008991228070175439,0.004605263157894736,0.927934601380114,0.023241971219612356,0.0,0.0,0.0,0.0,0.0,0.0,0.0,0.0,0.0,0.0,0.0,0.0,0.0,0.0,0.0,0.0,0.0,0.0,0.0,0.0,0.0,0.0,0.0,0.0,0.0,0.1447368421052632,3.282894736842106,14.263157894736846,10.875000000000004,1.4342105263157898,4.25312183597705,2.984161057994869,nan,nan,nan,4.279054054054054,2.965539770802829,4.227242076871207,3.0024062523544246,0.9878917217384156,0.397,0.01012,0.0,0.0,0.0,0.0,0.0,0.0,0.0,0.0,0.0,0.0,0.026315789473684216,18.65131578947366,11.322368421052635,0.0,0.0,0.0,0.0,0.0,0.0,0.0,0.0,0.0,0.0,0.0,0.0,0.0,0.0,0.0,0.0,0.0,nan,nan,4.25312183597705,2.984161057994869,nan,0.397,0.04642,0.0,0.0,0.0,0.0,0.0,0.0,0.0,0.0,0.0,0.0,0.0,0.0,0.0,0.0,0.0,0.0,0.0,0.0,0.0,0.0,0.0,0.0,0.00025219298245614035,0.00019736842105263157,0.003958333333333334,0.0,0.0,0.0018421052631578947,0.0017763157894736842,0.021951754385964913,0.007993421052631578,0.00969298245614035,0.025548245614035087,0.011842105263157895,0.04074561403508772,0.05862938596491228,0.052192982456140354,0.0681030701754386,0.10166666666666667,0.07594298245614035,0.10707236842105264,0.07479166666666667,0.08347587719298245,0.06824561403508772,0.04106359649122807,0.03817982456140351,0.02163377192982456,0.04648026315789474,0.01663377192982456,0.005285087719298246,0.0036074561403508774,0.0044846491228070174,0.0016118421052631578,0.004824561403508772,0.0002631578947368421,1.0964912280701754e-05,0.0,0.0,0.0,0.0,0.0,0.0,0.0,0.0,0.0,0.0,0.0,0.0,0.0,0.0,0.0,0.0,0.0,0.0,0.0,0.0,0.0,0.0,0.0,0.0,0.0,0.0,0.0,0.0,0.0,0.0,0.0,0.0,0.0,0.0,0.0,0.0,0.0,0.0,0.0,0.0,0.0,0.0,0.0,0.0,0.0,nan,nan,4.25312183597705,2.984161057994869,nan,0.9279799313172226,0.023225653397332218,0.0,0.0,0.0,0.0,0.0,0.0,0.0,0.0,0.0,0.0,0.0,0.0,0.0,0.0,0.0,0.0,0.0,0.0,0.0,0.0,0.0,0.0,0.0,0.0,0.0,0.1775898520084567,3.107822410147992,14.486257928118397,10.794926004228333,1.4334038054968292,0.9278857606961678,0.023259441154134728,0.0,0.0,0.0,0.0,0.0,0.0,0.0,0.0,0.0,0.0,0.0,0.0,0.0,0.0,0.0,0.0,0.0,0.0,0.0,0.0,0.0,0.0,0.0,0.0,0.0,0.10933940774487474,3.471526195899773,14.022779043280186,10.961275626423692,1.435079726651481,0.3967,0.01031,0.0,0.0,0.0,0.0,0.0,0.0,0.0,0.0,0.0,0.0,0.038054968287526435,18.79915433403803,11.162790697674422,0.0,0.0,0.0,0.0,0.0,0.0,0.0,0.0,0.0,0.0,0.0,0.0,0.0,0.0,0.0,0.0,0.0,0.397,0.00989,0.0,0.0,0.0,0.0,0.0,0.0,0.0,0.0,0.0,0.0,0.013667425968109343,18.492027334851908,11.494305239179958,0.0,0.0,0.0,0.0,0.0,0.0,0.0,0.0,0.0,0.0,0.0,0.0,0.0,0.0,0.0,0.0,0.0
17300,4572,2295,0.5019685039370079,1090,952,0.44663167104111984,1314,0.5748031496062992,0.414,2.9600351339481774,3.047231995735133,6.419161676646707,2.0751721415281277,9474.358267716536,1614.9874836764666,7853.0,11083.0,11083.0,0.0,7853.0,0.0,28.408573928258967,21.033327634248558,33.31052358735096,19.230950143642303,0.13757655293088364,0.09580052493438321,0.09317585301837271,0.08377077865266842,0.08136482939632546,0.0726159230096238,0.06955380577427822,0.06692913385826772,0.05555555555555555,0.0542432195975503,0.047025371828521435,0.04111986001749781,0.03937007874015748,0.027559055118110236,0.016622922134733157,0.010498687664041995,0.007217847769028871,0.9268932292989128,0.02310813631620006,0.0,0.0,0.0,0.0,0.0,0.0,0.0,0.0,0.0,0.0,0.0,0.0,0.0,0.0,0.0,0.0,0.0,0.0,0.0,0.0,0.0,0.0,0.0,0.0,0.0,0.1771653543307087,3.5301837270341214,14.580052493438323,10.360892388451445,1.3517060367454072,4.213975259110665,2.821506922787136,nan,nan,nan,4.220628415300546,2.831050634044878,4.207596594629994,2.81231177113009,0.9969123506292783,0.3965,0.0102,0.0,0.0,0.0,0.0,0.0,0.0,0.0,0.0,0.0,0.0,0.04593175853018374,19.04199475065614,10.912073490813652,0.0,0.0,0.0,0.0,0.0,0.0,0.0,0.0,0.0,0.0,0.0,0.0,0.0,0.0,0.0,0.0,0.0,nan,nan,4.213975259110665,2.821506922787136,nan,0.3965,0.04636,0.0,0.0,0.0,0.0,0.0,0.0,0.0,0.0,0.0,0.0,0.0,0.0,0.0,0.0,0.0,0.0,0.0,0.0,0.0,0.0,1.0936132983377077e-05,0.0,0.0003062117235345582,0.000142169728783902,0.004166666666666667,2.1872265966754154e-05,2.1872265966754154e-05,0.0018591426071741031,0.0012029746281714785,0.0227580927384077,0.008005249343832021,0.008814523184601925,0.027832458442694663,0.013068678915135608,0.03824365704286964,0.056452318460192476,0.05308398950131234,0.0725174978127734,0.10200131233595801,0.07431102362204725,0.1061570428696413,0.07722003499562555,0.0843941382327209,0.06808836395450568,0.03700787401574803,0.03706255468066492,0.02252843394575678,0.04710192475940508,0.016557305336832896,0.005063429571303587,0.003379265091863517,0.004440069991251094,0.001957567804024497,0.003915135608048994,0.00025153105861767277,0.0,5.468066491688539e-05,0.0,0.0,0.0,0.0,0.0,0.0,0.0,0.0,0.0,0.0,0.0,0.0,0.0,0.0,0.0,0.0,0.0,0.0,0.0,0.0,0.0,0.0,0.0,0.0,0.0,0.0,0.0,0.0,0.0,0.0,0.0,0.0,0.0,0.0,0.0,0.0,0.0,0.0,0.0,0.0,0.0,0.0,0.0,0.0,nan,nan,4.213975259110665,2.821506922787136,nan,0.9268132661162898,0.02279653297335352,0.0,0.0,0.0,0.0,0.0,0.0,0.0,0.0,0.0,0.0,0.0,0.0,0.0,0.0,0.0,0.0,0.0,0.0,0.0,0.0,0.0,0.0,0.0,0.0,0.0,0.11764705882352944,3.50326797385621,14.810457516339872,10.300653594771243,1.2679738562091505,0.9269738246015566,0.02341773147921693,0.0,0.0,0.0,0.0,0.0,0.0,0.0,0.0,0.0,0.0,0.0,0.0,0.0,0.0,0.0,0.0,0.0,0.0,0.0,0.0,0.0,0.0,0.0,0.0,0.0,0.2371541501976285,3.5573122529644277,14.347826086956525,10.421607378129119,1.436100131752306,0.3967,0.010185,0.0,0.0,0.0,0.0,0.0,0.0,0.0,0.0,0.0,0.0,0.05228758169934642,18.862745098039188,11.084967320261441,0.0,0.0,0.0,0.0,0.0,0.0,0.0,0.0,0.0,0.0,0.0,0.0,0.0,0.0,0.0,0.0,0.0,0.3962,0.010216,0.0,0.0,0.0,0.0,0.0,0.0,0.0,0.0,0.0,0.0,0.03952569169960475,19.222661396574413,10.737812911725957,0.0,0.0,0.0,0.0,0.0,0.0,0.0,0.0,0.0,0.0,0.0,0.0,0.0,0.0,0.0,0.0,0.0
17400,4726,2470,0.5226407109606432,1205,983,0.46297079983072364,1349,0.5708844688954718,0.40599999999999997,2.934840425531915,3.0049767778684906,6.409967845659164,2.0185865447974933,9541.129496402878,1613.3434466212893,7853.0,11083.0,11083.0,0.0,7853.0,0.0,28.030892932712653,20.676218906654167,32.77727727727728,18.95138779333819,0.13224714346170122,0.10029623360135421,0.09225560727888278,0.08971646212441811,0.08209902666102412,0.07278882776132035,0.07405840033855268,0.06580617858654253,0.06220905628438426,0.052264071096064325,0.04464663563267034,0.03808717731696995,0.03237410071942446,0.025179856115107913,0.020101565806178587,0.008887008040626322,0.006982649174777825,0.9271648919688308,0.023178183348823527,0.0,0.0,0.0,0.0,0.0,0.0,0.0,0.0,0.0,0.0,0.0,0.0,0.0,0.0,0.0,0.0,0.0,0.0,0.0,0.0,0.0,0.0,0.0,0.0,0.0,0.13965298349555652,3.5738468049090146,14.371561574269998,10.645366060093105,1.269572577232332,4.178029079159935,2.857911727716471,nan,nan,nan,4.218216318785578,2.8400001971050273,4.136063408190225,2.875897532397715,0.9805242537634947,0.3965,0.01004,0.0,0.0,0.0,0.0,0.0,0.0,0.0,0.0,0.0,0.0,0.025391451544646643,19.221328819297476,10.753279729157853,0.0,0.0,0.0,0.0,0.0,0.0,0.0,0.0,0.0,0.0,0.0,0.0,0.0,0.0,0.0,0.0,0.0,nan,nan,4.178029079159935,2.857911727716471,nan,0.3965,0.04648,0.0,0.0,0.0,0.0,0.0,0.0,0.0,0.0,0.0,0.0,0.0,0.0,0.0,0.0,0.0,0.0,0.0,0.0,0.0,0.0,0.0,0.0,0.00035971223021582735,4.231908590774439e-05,0.004633939906898011,1.0579771476936098e-05,4.231908590774439e-05,0.0014600084638171815,0.0013224714346170123,0.022005924672027083,0.008262801523487092,0.009754549301735083,0.02774016081252645,0.011902242911553111,0.03765340668641557,0.0572683030046551,0.053681760473973765,0.07739102835378756,0.09919593736775285,0.07860770207363521,0.10450698264917478,0.07319085907744392,0.0821519255184088,0.06969953449005502,0.03495556495979687,0.03507194244604316,0.025391451544646636,0.04951333051206094,0.014896318239526026,0.005607278882776132,0.0029623360135421074,0.004401184934405417,0.002147693609818028,0.003988573846804909,0.00015869657215404148,0.0,2.1159542953872196e-05,0.0,0.0,0.0,0.0,0.0,0.0,0.0,0.0,0.0,0.0,0.0,0.0,0.0,0.0,0.0,0.0,0.0,0.0,0.0,0.0,0.0,0.0,0.0,0.0,0.0,0.0,0.0,0.0,0.0,0.0,0.0,0.0,0.0,0.0,0.0,0.0,0.0,0.0,0.0,0.0,0.0,0.0,0.0,0.0,nan,nan,4.178029079159935,2.857911727716471,nan,0.9275045840122439,0.023293835815614318,0.0,0.0,0.0,0.0,0.0,0.0,0.0,0.0,0.0,0.0,0.0,0.0,0.0,0.0,0.0,0.0,0.0,0.0,0.0,0.0,0.0,0.0,0.0,0.0,0.0,0.13360323886639677,3.65587044534413,14.052631578947372,10.82186234817814,1.336032388663968,0.9267929773645621,0.02304515345581102,0.0,0.0,0.0,0.0,0.0,0.0,0.0,0.0,0.0,0.0,0.0,0.0,0.0,0.0,0.0,0.0,0.0,0.0,0.0,0.0,0.0,0.0,0.0,0.0,0.0,0.14627659574468088,3.48404255319149,14.720744680851068,10.45212765957447,1.1968085106382982,0.3962,0.010025,0.0,0.0,0.0,0.0,0.0,0.0,0.0,0.0,0.0,0.0,0.02429149797570851,19.178137651821835,10.797570850202431,0.0,0.0,0.0,0.0,0.0,0.0,0.0,0.0,0.0,0.0,0.0,0.0,0.0,0.0,0.0,0.0,0.0,0.3965,0.01005,0.0,0.0,0.0,0.0,0.0,0.0,0.0,0.0,0.0,0.0,0.02659574468085107,19.268617021276565,10.704787234042556,0.0,0.0,0.0,0.0,0.0,0.0,0.0,0.0,0.0,0.0,0.0,0.0,0.0,0.0,0.0,0.0,0.0
17500,4340,2237,0.5154377880184332,1070,897,0.4532258064516129,1236,0.5695852534562212,0.418,2.9790775083214456,3.0954908234591647,6.590301003344481,2.1718107921167644,9517.864055299538,1614.2300257364452,7853.0,11083.0,11083.0,0.0,7853.0,0.0,27.89677419354839,20.63219574148399,32.79495614035088,18.85123712720591,0.1380184331797235,0.1,0.09101382488479262,0.08755760368663594,0.08018433179723503,0.0728110599078341,0.07442396313364055,0.061981566820276494,0.06405529953917051,0.052534562211981564,0.044470046082949306,0.04470046082949309,0.03271889400921659,0.023732718894009217,0.01566820276497696,0.010138248847926268,0.005990783410138249,0.9286656220113078,0.023189542238866864,0.0,0.0,0.0,0.0,0.0,0.0,0.0,0.0,0.0,0.0,0.0,0.0,0.0,0.0,0.0,0.0,0.0,0.0,0.0,0.0,0.0,0.0,0.0,0.0,0.0,0.09677419354838712,3.2142857142857153,14.011520737327192,11.09447004608295,1.582949308755761,4.224156305506217,2.877088854027628,nan,nan,nan,4.325947105075054,2.8908383690749013,4.123587570621469,2.8598837654589926,0.9532219119794175,0.3965,0.010315,0.0,0.0,0.0,0.0,0.0,0.0,0.0,0.0,0.0,0.0,0.06912442396313366,19.029953917050666,10.894009216589863,0.006912442396313365,0.0,0.0,0.0,0.0,0.0,0.0,0.0,0.0,0.0,0.0,0.0,0.0,0.0,0.0,0.0,0.0,nan,nan,4.224156305506217,2.877088854027628,nan,0.3965,0.0459,0.0,0.0,0.0,0.0,0.0,0.0,0.0,0.0,0.0,0.0,0.0,0.0,0.0,0.0,0.0,0.0,0.0,0.0,0.0,0.0,0.0,0.0,0.00024193548387096774,0.00018433179723502304,0.00434331797235023,0.0,8.064516129032258e-05,0.001175115207373272,0.0011981566820276498,0.02076036866359447,0.008306451612903226,0.009262672811059908,0.026013824884792626,0.012764976958525345,0.03938940092165898,0.057684331797235026,0.05073732718894009,0.08057603686635945,0.09881336405529954,0.0807258064516129,0.1041705069124424,0.07644009216589862,0.08001152073732719,0.07080645161290322,0.03418202764976958,0.03430875576036866,0.024804147465437788,0.05079493087557604,0.013997695852534563,0.005184331797235023,0.0031221198156682027,0.0036175115207373273,0.0022235023041474655,0.004009216589861751,2.304147465437788e-05,0.0,4.608294930875576e-05,0.0,0.0,0.0,0.0,0.0,0.0,0.0,0.0,0.0,0.0,0.0,0.0,0.0,0.0,0.0,0.0,0.0,0.0,0.0,0.0,0.0,0.0,0.0,0.0,0.0,0.0,0.0,0.0,0.0,0.0,0.0,0.0,0.0,0.0,0.0,0.0,0.0,0.0,0.0,0.0,0.0,0.0,0.0,0.0,nan,nan,4.224156305506217,2.877088854027628,nan,0.9294859688357684,0.022851865245987608,0.0,0.0,0.0,0.0,0.0,0.0,0.0,0.0,0.0,0.0,0.0,0.0,0.0,0.0,0.0,0.0,0.0,0.0,0.0,0.0,0.0,0.0,0.0,0.0,0.0,0.06705409029950828,3.1113097898971844,13.611980330800183,11.694233348234246,1.5154224407688872,0.9277930039198581,0.023512025026430024,0.0,0.0,0.0,0.0,0.0,0.0,0.0,0.0,0.0,0.0,0.0,0.0,0.0,0.0,0.0,0.0,0.0,0.0,0.0,0.0,0.0,0.0,0.0,0.0,0.0,0.1283880171184023,3.323823109843082,14.436519258202571,10.456490727532099,1.654778887303852,0.3965,0.01018,0.0,0.0,0.0,0.0,0.0,0.0,0.0,0.0,0.0,0.0,0.05364327223960663,19.23111309789894,10.715243629861423,0.0,0.0,0.0,0.0,0.0,0.0,0.0,0.0,0.0,0.0,0.0,0.0,0.0,0.0,0.0,0.0,0.0,0.3965,0.01045,0.0,0.0,0.0,0.0,0.0,0.0,0.0,0.0,0.0,0.0,0.0855920114122682,18.815977175463594,11.084165477888732,0.014265335235378035,0.0,0.0,0.0,0.0,0.0,0.0,0.0,0.0,0.0,0.0,0.0,0.0,0.0,0.0,0.0,0.0
17600,4454,2273,0.5103277952402335,1123,910,0.4564436461607544,1260,0.5657835653345308,0.40599999999999997,2.922054103622192,3.0608043461031853,6.435064935064935,2.107270422168705,9501.358778625954,1614.6554406091054,7853.0,11083.0,11083.0,0.0,7853.0,0.0,27.90951953300404,20.75331697170839,33.024193548387096,18.87670680583631,0.14458913336326898,0.09654243376740008,0.09295015716210148,0.07813201616524472,0.07813201616524472,0.08015267175572519,0.07117198024247867,0.06847777278850471,0.061293219577907496,0.054108666367310286,0.0431073192635833,0.039964077233947015,0.03300404131118096,0.02402334979793444,0.0163897620116749,0.011001347103726987,0.006960035922766053,0.9291239575280916,0.023548808739302745,0.0,0.0,0.0,0.0,0.0,0.0,0.0,0.0,0.0,0.0,0.0,0.0,0.0,0.0,0.0,0.0,0.0,0.0,0.0,0.0,0.0,0.0,0.0,0.0,0.0,0.09429726088908849,3.1387516838796596,13.854961832061072,11.22137404580153,1.6906151773686577,4.2087076710435385,2.903417699094388,nan,nan,nan,4.1649122807017545,2.875455187646814,4.251191286589517,2.92966220521352,1.0207156838062446,0.3965,0.01029,0.0,0.0,0.0,0.0,0.0,0.0,0.0,0.0,0.0,0.0,0.09429726088908849,18.825774584642993,11.073192635832962,0.006735518634934891,0.0,0.0,0.0,0.0,0.0,0.0,0.0,0.0,0.0,0.0,0.0,0.0,0.0,0.0,0.0,0.0,nan,nan,4.2087076710435385,2.903417699094388,nan,0.3965,0.04578,0.0,0.0,0.0,0.0,0.0,0.0,0.0,0.0,0.0,0.0,0.0,0.0,0.0,0.0,0.0,0.0,0.0,0.0,0.0,0.0,0.0,0.0,0.00025819488100583746,8.98069151324652e-05,0.005545577009429726,1.122586439155815e-05,0.00021329142343960486,0.00046026044005388416,0.0012685226762460709,0.018545127974854064,0.007622361921867984,0.010237988325101033,0.026930848675348004,0.011686124831612034,0.03894252357431522,0.06074315222272115,0.049124382577458464,0.08017512348450831,0.09617198024247867,0.08275707229456668,0.10346879209699147,0.07217108217332735,0.08346430175123484,0.07207004939380332,0.03729232150875617,0.03437359676695106,0.02458464301751235,0.051504265828468794,0.01328019757521329,0.005691513246519982,0.00212168837000449,0.0031656937584193983,0.0025819488100583747,0.0034238886394252358,0.0,0.0,2.24517287831163e-05,0.0,0.0,0.0,0.0,0.0,0.0,0.0,0.0,0.0,0.0,0.0,0.0,0.0,0.0,0.0,0.0,0.0,0.0,0.0,0.0,0.0,0.0,0.0,0.0,0.0,0.0,0.0,0.0,0.0,0.0,0.0,0.0,0.0,0.0,0.0,0.0,0.0,0.0,0.0,0.0,0.0,0.0,0.0,0.0,nan,nan,4.2087076710435385,2.903417699094388,nan,0.9290922894070864,0.023297794044677793,0.0,0.0,0.0,0.0,0.0,0.0,0.0,0.0,0.0,0.0,0.0,0.0,0.0,0.0,0.0,0.0,0.0,0.0,0.0,0.0,0.0,0.0,0.0,0.0,0.0,0.11878574571051477,3.1016278046634413,13.950725912890457,11.11306643202816,1.7157941047074354,0.9291569614891392,0.023807550818440933,0.0,0.0,0.0,0.0,0.0,0.0,0.0,0.0,0.0,0.0,0.0,0.0,0.0,0.0,0.0,0.0,0.0,0.0,0.0,0.0,0.0,0.0,0.0,0.0,0.0,0.06877579092159561,3.1774415405777177,13.755158184319123,11.334250343878958,1.664374140302614,0.3965,0.01043,0.0,0.0,0.0,0.0,0.0,0.0,0.0,0.0,0.0,0.0,0.07919049714034317,18.649362076550787,11.258249010118789,0.013198416190057197,0.0,0.0,0.0,0.0,0.0,0.0,0.0,0.0,0.0,0.0,0.0,0.0,0.0,0.0,0.0,0.0,0.3965,0.010155,0.0,0.0,0.0,0.0,0.0,0.0,0.0,0.0,0.0,0.0,0.11004126547455298,19.009628610728996,10.880330123796425,0.0,0.0,0.0,0.0,0.0,0.0,0.0,0.0,0.0,0.0,0.0,0.0,0.0,0.0,0.0,0.0,0.0
17700,4374,2267,0.5182898948331047,1068,901,0.45016003657978965,1230,0.5624142661179699,0.434,2.902230659705743,3.02935014090058,6.429541595925297,2.1451275290392258,9527.076360310928,1613.919137891491,7853.0,11083.0,11083.0,0.0,7853.0,0.0,28.308184727937814,21.069194725695777,33.22816060770483,19.294734837220886,0.13717421124828533,0.09990855052583447,0.08710562414266118,0.08550525834476452,0.08367626886145405,0.07796067672610882,0.06492912665752172,0.06607224508459077,0.05852766346593507,0.055326931870141746,0.0438957475994513,0.04000914494741655,0.03543667123914038,0.026520347508001828,0.01646090534979424,0.013717421124828532,0.007773205304069501,0.9294749044178281,0.02298918086763889,0.0,0.0,0.0,0.0,0.0,0.0,0.0,0.0,0.0,0.0,0.0,0.0,0.0,0.0,0.0,0.0,0.0,0.0,0.0,0.0,0.0,0.0,0.0,0.0,0.0,0.11659807956104255,2.805212620027435,14.327846364883404,11.124828532235941,1.6255144032921816,4.105853487556957,2.845602325101759,nan,nan,nan,4.091228070175439,2.8798319091879265,4.120448179271708,2.8109533298624423,1.0071421364429132,0.3962,0.0101,0.0,0.0,0.0,0.0,0.0,0.0,0.0,0.0,0.0,0.0,0.020576131687242802,19.266117969821646,10.713305898491086,0.0,0.0,0.0,0.0,0.0,0.0,0.0,0.0,0.0,0.0,0.0,0.0,0.0,0.0,0.0,0.0,0.0,nan,nan,4.105853487556957,2.845602325101759,nan,0.3962,0.04572,0.0,0.0,0.0,0.0,0.0,0.0,0.0,0.0,0.0,0.0,0.0,0.0,0.0,0.0,0.0,0.0,0.0,0.0,0.0,0.0,0.0,0.0,0.0002629172382258802,0.00013717421124828533,0.005384087791495199,1.1431184270690443e-05,0.00030864197530864197,0.0005372656607224508,0.0005601280292638317,0.018735711019661636,0.007521719250114312,0.010390946502057612,0.029046639231824416,0.01212848651120256,0.03814586191129401,0.061156835848193876,0.0494055784179241,0.08585962505715593,0.09336991312299954,0.07992684042066758,0.10137174211248286,0.07317101051668953,0.08493369913123,0.07055326931870141,0.0375628715134888,0.03487654320987654,0.024851394604481023,0.05081161408321902,0.013271604938271606,0.004732510288065843,0.0020347508001828988,0.0033150434385002285,0.0024348422496570645,0.0031778692272519432,0.0,0.0,0.0,1.1431184270690443e-05,0.0,0.0,0.0,0.0,0.0,0.0,0.0,0.0,0.0,0.0,0.0,0.0,0.0,0.0,0.0,0.0,0.0,0.0,0.0,0.0,0.0,0.0,0.0,0.0,0.0,0.0,0.0,0.0,0.0,0.0,0.0,0.0,0.0,0.0,0.0,0.0,0.0,0.0,0.0,0.0,0.0,0.0,0.0,nan,nan,4.105853487556957,2.845602325101759,nan,0.9294765717035671,0.023107333030082167,0.0,0.0,0.0,0.0,0.0,0.0,0.0,0.0,0.0,0.0,0.0,0.0,0.0,0.0,0.0,0.0,0.0,0.0,0.0,0.0,0.0,0.0,0.0,0.0,0.0,0.1191001323334804,2.8848698720776365,14.212615791795328,11.04984561093957,1.7335685928539926,0.9294731105228256,0.022861374467717573,0.0,0.0,0.0,0.0,0.0,0.0,0.0,0.0,0.0,0.0,0.0,0.0,0.0,0.0,0.0,0.0,0.0,0.0,0.0,0.0,0.0,0.0,0.0,0.0,0.0,0.11390602752729001,2.7195064072140487,14.45182724252492,11.205505457997154,1.5092548647365926,0.396,0.01002,0.0,0.0,0.0,0.0,0.0,0.0,0.0,0.0,0.0,0.0,0.026466696074106757,19.558888398764857,10.414644905161007,0.0,0.0,0.0,0.0,0.0,0.0,0.0,0.0,0.0,0.0,0.0,0.0,0.0,0.0,0.0,0.0,0.0,0.3965,0.01018,0.0,0.0,0.0,0.0,0.0,0.0,0.0,0.0,0.0,0.0,0.014238253440911251,18.951115329852843,11.034646416706218,0.0,0.0,0.0,0.0,0.0,0.0,0.0,0.0,0.0,0.0,0.0,0.0,0.0,0.0,0.0,0.0,0.0
17800,4803,2476,0.5155111388715387,1170,984,0.44846970643347905,1354,0.5638142827399542,0.40199999999999997,2.899441340782123,3.069630919342112,6.432558139534883,2.1653781305282873,9518.10097855507,1614.2226897017104,7853.0,11083.0,11083.0,0.0,7853.0,0.0,28.27857589006871,20.962004558614208,33.15851851851852,19.199049816451733,0.13512388090776598,0.09598167811784301,0.09556527170518427,0.09077659795960857,0.07620237351655215,0.06995627732667083,0.07287112221528212,0.0655840099937539,0.060378929835519464,0.053924630439308764,0.04518009577347491,0.04205704767853425,0.03310430980637102,0.024984384759525295,0.01894649177597335,0.01311680199875078,0.006246096189881324,0.9304745506178009,0.023195341891196167,0.0,0.0,0.0,0.0,0.0,0.0,0.0,0.0,0.0,0.0,0.0,0.0,0.0,0.0,0.0,0.0,0.0,0.0,0.0,0.0,0.0,0.0,0.0,0.0,0.0062460961898813255,0.11867582760774519,2.5921299188007505,13.516552154903188,12.073703935040603,1.6926920674578392,4.232051282051282,2.9018117059618684,nan,nan,nan,4.2105263157894735,2.953036040013644,4.254215304798962,2.849254982664394,1.0103761348897535,0.3967,0.009865,0.0,0.0,0.0,0.0,0.0,0.0,0.0,0.0,0.0,0.0,0.05621486570893193,18.85071830106181,11.093066833229235,0.0,0.0,0.0,0.0,0.0,0.0,0.0,0.0,0.0,0.0,0.0,0.0,0.0,0.0,0.0,0.0,0.0,nan,nan,4.232051282051282,2.9018117059618684,nan,0.3967,0.04584,0.0,0.0,0.0,0.0,0.0,0.0,0.0,0.0,0.0,0.0,0.0,0.0,0.0,0.0,0.0,0.0,0.0,0.0,0.0,0.0,0.0,0.0,0.00034353529044347283,0.0,0.005423693524880283,0.0,0.00041640641265875496,0.0004892775348740371,0.0007703518634186966,0.019092234020403914,0.006849885488236519,0.009483656048303145,0.028128253175098896,0.01275244638767437,0.03735165521549032,0.058307307932542164,0.051780137414116176,0.08463460337289194,0.09526337705600667,0.07379762648344784,0.1061211742660837,0.07435977514053717,0.08569643972517177,0.0711013949614824,0.036445971267957525,0.03495731834270248,0.02320424734540912,0.05283156360607953,0.012700395586092025,0.006069123464501353,0.0021861336664584633,0.003383302102852384,0.0022694149489902145,0.00378929835519467,0.0,0.0,0.0,0.0,0.0,0.0,0.0,0.0,0.0,0.0,0.0,0.0,0.0,0.0,0.0,0.0,0.0,0.0,0.0,0.0,0.0,0.0,0.0,0.0,0.0,0.0,0.0,0.0,0.0,0.0,0.0,0.0,0.0,0.0,0.0,0.0,0.0,0.0,0.0,0.0,0.0,0.0,0.0,0.0,0.0,0.0,0.0,nan,nan,4.232051282051282,2.9018117059618684,nan,0.9308126501630697,0.023031527835322353,0.0,0.0,0.0,0.0,0.0,0.0,0.0,0.0,0.0,0.0,0.0,0.0,0.0,0.0,0.0,0.0,0.0,0.0,0.0,0.0,0.0,0.0,0.0,0.0,0.012116316639741522,0.15751211631663978,2.423263327948304,13.352180936995156,12.382875605815835,1.67205169628433,0.9301148022404545,0.02336301196811625,0.0,0.0,0.0,0.0,0.0,0.0,0.0,0.0,0.0,0.0,0.0,0.0,0.0,0.0,0.0,0.0,0.0,0.0,0.0,0.0,0.0,0.0,0.0,0.0,0.0,0.0773528147829824,2.771809196390203,13.691448216587885,11.744735711216162,1.7146540610227765,0.397,0.00979,0.0,0.0,0.0,0.0,0.0,0.0,0.0,0.0,0.0,0.0,0.04846526655896609,18.65912762520191,11.292407108239098,0.0,0.0,0.0,0.0,0.0,0.0,0.0,0.0,0.0,0.0,0.0,0.0,0.0,0.0,0.0,0.0,0.0,0.3965,0.00993,0.0,0.0,0.0,0.0,0.0,0.0,0.0,0.0,0.0,0.0,0.06446067898581866,19.054576708207964,10.880962612806192,0.0,0.0,0.0,0.0,0.0,0.0,0.0,0.0,0.0,0.0,0.0,0.0,0.0,0.0,0.0,0.0,0.0
17900,4740,2447,0.5162447257383966,1150,955,0.4440928270042194,1324,0.5586497890295359,0.438,2.990841692106411,3.171422195491468,6.667189952904239,2.2256688162827523,9520.470464135022,1614.1474066495462,7853.0,11083.0,11083.0,0.0,7853.0,0.0,27.693037974683545,20.773341659013415,32.74419191919192,18.995625934673374,0.1409282700421941,0.10421940928270042,0.09430379746835443,0.08459915611814346,0.07953586497890296,0.07278481012658228,0.06751054852320675,0.06265822784810127,0.06139240506329114,0.052742616033755275,0.048734177215189876,0.04135021097046414,0.029324894514767934,0.02721518987341772,0.016877637130801686,0.010337552742616034,0.005485232067510549,0.9312403985845389,0.022755977559013093,0.0,0.0,0.0,0.0,0.0,0.0,0.0,0.0,0.0,0.0,0.0,0.0,0.0,0.0,0.0,0.0,0.0,0.0,0.0,0.0,0.0,0.0,0.0,0.0,0.0,0.06962025316455697,2.449367088607595,13.65822784810127,12.06962025316456,1.7531645569620258,4.3054641211323235,2.963933369520355,nan,nan,nan,4.307844429795649,2.932692168665828,4.303090072320842,2.994765922419569,0.9988963488463225,0.3967,0.00997,0.0,0.0,0.0,0.0,0.0,0.0,0.0,0.0,0.0,0.0,0.050632911392405076,18.68354430379744,11.26582278481013,0.0,0.0,0.0,0.0,0.0,0.0,0.0,0.0,0.0,0.0,0.0,0.0,0.0,0.0,0.0,0.0,0.0,nan,nan,4.3054641211323235,2.963933369520355,nan,0.3967,0.0457,0.0,0.0,0.0,0.0,0.0,0.0,0.0,0.0,0.0,0.0,0.0,0.0,0.0,0.0,0.0,0.0,0.0,0.0,0.0,0.0,0.0,0.0,0.0003586497890295359,0.0,0.005864978902953587,1.0548523206751054e-05,0.0002953586497890295,0.0004324894514767933,0.000580168776371308,0.01919831223628692,0.006308016877637131,0.009778481012658227,0.027120253164556962,0.013438818565400844,0.03777426160337553,0.05621308016877637,0.051645569620253164,0.08164556962025317,0.0954957805907173,0.07590717299578059,0.1119831223628692,0.07381856540084389,0.08467299578059072,0.07080168776371308,0.03815400843881857,0.03533755274261603,0.0234704641350211,0.04875527426160337,0.013417721518987341,0.005464135021097046,0.002056962025316456,0.003111814345991561,0.002320675105485232,0.004440928270042194,0.00012658227848101267,0.0,0.0,0.0,0.0,0.0,0.0,0.0,0.0,0.0,0.0,0.0,0.0,0.0,0.0,0.0,0.0,0.0,0.0,0.0,0.0,0.0,0.0,0.0,0.0,0.0,0.0,0.0,0.0,0.0,0.0,0.0,0.0,0.0,0.0,0.0,0.0,0.0,0.0,0.0,0.0,0.0,0.0,0.0,0.0,0.0,0.0,nan,nan,4.3054641211323235,2.963933369520355,nan,0.9318825546994617,0.023178513638386224,0.0,0.0,0.0,0.0,0.0,0.0,0.0,0.0,0.0,0.0,0.0,0.0,0.0,0.0,0.0,0.0,0.0,0.0,0.0,0.0,0.0,0.0,0.0,0.0,0.0,0.06129955046996323,2.4397221087045367,13.473641193297919,11.941152431548838,2.0841847159787497,0.9305551146712305,0.022275824036863064,0.0,0.0,0.0,0.0,0.0,0.0,0.0,0.0,0.0,0.0,0.0,0.0,0.0,0.0,0.0,0.0,0.0,0.0,0.0,0.0,0.0,0.0,0.0,0.0,0.0,0.07849978194505017,2.4596598342782383,13.855211513301356,12.206716092455302,1.3999127780200615,0.3965,0.010086,0.0,0.0,0.0,0.0,0.0,0.0,0.0,0.0,0.0,0.0,0.06129955046996323,18.76992235390271,11.168778095627301,0.0,0.0,0.0,0.0,0.0,0.0,0.0,0.0,0.0,0.0,0.0,0.0,0.0,0.0,0.0,0.0,0.0,0.397,0.00984,0.0,0.0,0.0,0.0,0.0,0.0,0.0,0.0,0.0,0.0,0.039249890972525084,18.591365023986018,11.369385085041433,0.0,0.0,0.0,0.0,0.0,0.0,0.0,0.0,0.0,0.0,0.0,0.0,0.0,0.0,0.0,0.0,0.0
18000,4764,2477,0.5199412258606213,1126,955,0.4368178001679261,1290,0.5415617128463476,0.454,3.080017490161784,3.2082886749510475,6.89792663476874,2.1235623918917703,9532.410159529807,1613.7150713026588,7853.0,11083.0,11083.0,0.0,7853.0,0.0,27.781905961376996,21.035875558556775,32.959919334509706,19.248239877589455,0.14462636439966414,0.10306465155331654,0.09802686817800169,0.07892527287993283,0.07766582703610411,0.07283795130142737,0.06297229219143577,0.0719983207388749,0.05877413937867338,0.04953820319059614,0.04659949622166247,0.0382031905961377,0.035684298908480266,0.025398824517212426,0.018052057094878254,0.010705289672544081,0.0069269521410579345,0.9311351964420675,0.02342951642393652,0.0,0.0,0.0,0.0,0.0,0.0,0.0,0.0,0.0,0.0,0.0,0.0,0.0,0.0,0.0,0.0,0.0,0.0,0.0,0.0,0.0,0.0,0.0,0.0,0.0,0.12594458438287157,2.7455919395466,13.293450881612094,11.863979848866501,1.9710327455919399,4.432657133355504,2.9401588014403055,nan,nan,nan,4.344195519348268,2.9047439803018933,4.517601043024772,2.9712907888079068,1.039916602027737,0.3962,0.01004,0.0,0.0,0.0,0.0,0.0,0.0,0.0,0.0,0.0,0.0,0.06297229219143578,19.351385390428185,10.585642317380355,0.0,0.0,0.0,0.0,0.0,0.0,0.0,0.0,0.0,0.0,0.0,0.0,0.0,0.0,0.0,0.0,0.0,nan,nan,4.432657133355504,2.9401588014403055,nan,0.3962,0.0456,0.0,0.0,0.0,0.0,0.0,0.0,0.0,0.0,0.0,0.0,0.0,0.0,0.0,0.0,0.0,0.0,0.0,0.0,0.0,0.0,0.0,0.0,0.00038832913518052056,6.297229219143577e-05,0.0058144416456759026,0.0,0.00015743073047858942,0.00044080604534005037,0.0003988245172124265,0.020098656591099915,0.007000419815281276,0.011376994122586062,0.026437867338371116,0.013371116708648195,0.03680730478589421,0.05486985726280436,0.05328505457598657,0.08038413098236775,0.09589630562552477,0.07750839630562552,0.11220612930310664,0.07450671704450042,0.08593618807724601,0.0679575986565911,0.03853904282115869,0.036712846347607055,0.02362510495382032,0.046316120906801005,0.012153652392947103,0.00605583543240974,0.0023194794290512175,0.003264063811922754,0.00213056255247691,0.0035894206549118386,0.00038832913518052056,0.0,0.0,0.0,0.0,0.0,0.0,0.0,0.0,0.0,0.0,0.0,0.0,0.0,0.0,0.0,0.0,0.0,0.0,0.0,0.0,0.0,0.0,0.0,0.0,0.0,0.0,0.0,0.0,0.0,0.0,0.0,0.0,0.0,0.0,0.0,0.0,0.0,0.0,0.0,0.0,0.0,0.0,0.0,0.0,0.0,0.0,nan,nan,4.432657133355504,2.9401588014403055,nan,0.931724193214552,0.023528894707548147,0.0,0.0,0.0,0.0,0.0,0.0,0.0,0.0,0.0,0.0,0.0,0.0,0.0,0.0,0.0,0.0,0.0,0.0,0.0,0.0,0.0,0.0,0.0,0.0,0.0,0.09689140088817119,2.6766249495357295,12.898667743237791,12.232539362131615,2.095276544206702,0.9304972668375884,0.023304617654182194,0.0,0.0,0.0,0.0,0.0,0.0,0.0,0.0,0.0,0.0,0.0,0.0,0.0,0.0,0.0,0.0,0.0,0.0,0.0,0.0,0.0,0.0,0.0,0.0,0.0,0.15741145605596854,2.820288587669437,13.72103191954526,11.46480104940971,1.836466987319633,0.3965,0.00992,0.0,0.0,0.0,0.0,0.0,0.0,0.0,0.0,0.0,0.0,0.060557125555107,19.41461445296727,10.524828421477597,0.0,0.0,0.0,0.0,0.0,0.0,0.0,0.0,0.0,0.0,0.0,0.0,0.0,0.0,0.0,0.0,0.0,0.3962,0.01018,0.0,0.0,0.0,0.0,0.0,0.0,0.0,0.0,0.0,0.0,0.0655881066899869,19.282903366856115,10.65150852645387,0.0,0.0,0.0,0.0,0.0,0.0,0.0,0.0,0.0,0.0,0.0,0.0,0.0,0.0,0.0,0.0,0.0
18100,4750,2423,0.5101052631578947,1141,982,0.44694736842105265,1366,0.5751578947368421,0.38599999999999995,2.8736570691877956,2.9155758215899894,6.035063113604488,2.119873048595064,9500.64,1614.6701305220208,7853.0,11083.0,11083.0,0.0,7853.0,0.0,29.18842105263158,21.303621452246315,33.92855377008652,19.519432503298273,0.13010526315789472,0.09894736842105263,0.08778947368421053,0.08378947368421052,0.07452631578947369,0.07263157894736842,0.06905263157894737,0.06736842105263158,0.058105263157894736,0.056,0.052421052631578945,0.04189473684210526,0.035789473684210524,0.032,0.020421052631578947,0.01031578947368421,0.008842105263157894,0.930710257806276,0.02289796678440291,0.0,0.0,0.0,0.0,0.0,0.0,0.0,0.0,0.0,0.0,0.0,0.0,0.0,0.0,0.0,0.0,0.0,0.0,0.0,0.0,0.0,0.0,0.0,0.0,0.0,0.06947368421052633,2.703157894736843,13.70526315789474,11.778947368421056,1.7431578947368425,4.053916904535363,2.7111049616311367,nan,nan,nan,4.035691523263225,2.7167071878208953,4.071969696969697,2.705423314790689,1.0089893326824788,0.3967,0.01008,0.0,0.0,0.0,0.0,0.0,0.0,0.0,0.0,0.0,0.0,0.05684210526315791,18.70105263157892,11.242105263157898,0.0,0.0,0.0,0.0,0.0,0.0,0.0,0.0,0.0,0.0,0.0,0.0,0.0,0.0,0.0,0.0,0.0,nan,nan,4.053916904535363,2.7111049616311367,nan,0.3967,0.04584,0.0,0.0,0.0,0.0,0.0,0.0,0.0,0.0,0.0,0.0,0.0,0.0,0.0,0.0,0.0,0.0,0.0,0.0,0.0,0.0,0.0,1.0526315789473684e-05,0.00030526315789473684,2.105263157894737e-05,0.006126315789473685,0.0,1.0526315789473684e-05,0.0004631578947368421,0.00048421052631578945,0.019831578947368422,0.007178947368421053,0.011957894736842105,0.027442105263157896,0.013294736842105264,0.03568421052631579,0.05321052631578947,0.0512,0.08164210526315789,0.09356842105263158,0.07524210526315789,0.111,0.07366315789473685,0.09032631578947369,0.06945263157894736,0.03886315789473684,0.038968421052631576,0.02308421052631579,0.04612631578947368,0.011726315789473684,0.006410526315789473,0.0026947368421052632,0.004021052631578948,0.0022105263157894735,0.0035578947368421054,0.00022105263157894738,0.0,0.0,0.0,0.0,0.0,0.0,0.0,0.0,0.0,0.0,0.0,0.0,0.0,0.0,0.0,0.0,0.0,0.0,0.0,0.0,0.0,0.0,0.0,0.0,0.0,0.0,0.0,0.0,0.0,0.0,0.0,0.0,0.0,0.0,0.0,0.0,0.0,0.0,0.0,0.0,0.0,0.0,0.0,0.0,0.0,0.0,nan,nan,4.053916904535363,2.7111049616311367,nan,0.9312269381634519,0.02252090777227216,0.0,0.0,0.0,0.0,0.0,0.0,0.0,0.0,0.0,0.0,0.0,0.0,0.0,0.0,0.0,0.0,0.0,0.0,0.0,0.0,0.0,0.0,0.0,0.0,0.0,0.061906727197688825,2.426743706149402,13.879488237721835,11.886091621956256,1.745769706974825,0.9301722618864492,0.023271905399573797,0.0,0.0,0.0,0.0,0.0,0.0,0.0,0.0,0.0,0.0,0.0,0.0,0.0,0.0,0.0,0.0,0.0,0.0,0.0,0.0,0.0,0.0,0.0,0.0,0.0,0.0773528147829824,2.990975504941986,13.523850451224757,11.667382896433178,1.740438332617104,0.3967,0.010254,0.0,0.0,0.0,0.0,0.0,0.0,0.0,0.0,0.0,0.0,0.061906727197688825,18.59678085018569,11.341312422616594,0.0,0.0,0.0,0.0,0.0,0.0,0.0,0.0,0.0,0.0,0.0,0.0,0.0,0.0,0.0,0.0,0.0,0.3967,0.009895,0.0,0.0,0.0,0.0,0.0,0.0,0.0,0.0,0.0,0.0,0.05156854318865493,18.809626128061854,11.138805328749466,0.0,0.0,0.0,0.0,0.0,0.0,0.0,0.0,0.0,0.0,0.0,0.0,0.0,0.0,0.0,0.0,0.0
18200,4574,2400,0.524704853519895,1129,942,0.45277656318320947,1253,0.5478793178836904,0.422,2.9185832566697334,3.061962773143574,6.452961672473868,2.2509115324139235,9547.79667686926,1613.0274301327372,7853.0,11083.0,11083.0,0.0,7853.0,0.0,27.362264975951028,20.666309656477456,32.372446306967,18.951555105024156,0.14363795365107127,0.10144293834717971,0.09728902492348054,0.08745080891998251,0.07826847398338435,0.07520769567118496,0.07192829033668562,0.0679930039352864,0.05334499344118933,0.05159597726278968,0.046130301705290776,0.03760384783559248,0.02929602098819414,0.023830345430695232,0.018364669873196328,0.010275470048097944,0.006340183646698732,0.9312145773583643,0.023280294688367415,0.0,0.0,0.0,0.0,0.0,0.0,0.0,0.0,0.0,0.0,0.0,0.0,0.0,0.0,0.0,0.0,0.0,0.0,0.0,0.0,0.0,0.0,0.0,0.0,0.0,0.10494097070397904,2.656318320944469,13.294709226060345,11.989505902929606,1.9545255793616094,4.232413793103448,2.889180357665491,nan,nan,nan,4.216608996539793,2.923855039751984,4.248109965635739,2.8542405062700387,1.00747068773078,0.3967,0.01005,0.0,0.0,0.0,0.0,0.0,0.0,0.0,0.0,0.0,0.0,0.05247048535198952,19.020550940096168,10.920419763882819,0.00655881066899869,0.0,0.0,0.0,0.0,0.0,0.0,0.0,0.0,0.0,0.0,0.0,0.0,0.0,0.0,0.0,0.0,nan,nan,4.232413793103448,2.889180357665491,nan,0.3967,0.04663,0.0,0.0,0.0,0.0,0.0,0.0,0.0,0.0,0.0,0.0,0.0,0.0,0.0,0.0,0.0,0.0,0.0,0.0,0.0,0.0,0.0,1.0931351114997814e-05,0.00042632269348491476,2.1862702229995627e-05,0.006843025797988632,0.0,6.558810668998688e-05,0.000819851333624836,0.0005137735024048972,0.020507214691735897,0.008067337122868386,0.012079142982072584,0.027940533449934413,0.013609532138172278,0.033417140358548314,0.053979011805859206,0.04944250109313511,0.08283777874945343,0.09593353738522081,0.07277000437254044,0.10694140795802361,0.07493441189331002,0.08906864888500218,0.0714910362920857,0.03773502404897245,0.04032575426322693,0.02054000874508089,0.04705946655006559,0.011685614341932663,0.0059357236554438125,0.003060778312199388,0.004372540445999125,0.0025360734586794926,0.004755137735024049,0.0002732837778749453,0.0,0.0,0.0,0.0,0.0,0.0,0.0,0.0,0.0,0.0,0.0,0.0,0.0,0.0,0.0,0.0,0.0,0.0,0.0,0.0,0.0,0.0,0.0,0.0,0.0,0.0,0.0,0.0,0.0,0.0,0.0,0.0,0.0,0.0,0.0,0.0,0.0,0.0,0.0,0.0,0.0,0.0,0.0,0.0,0.0,0.0,nan,nan,4.232413793103448,2.889180357665491,nan,0.9313506357620159,0.023445976240460836,0.0,0.0,0.0,0.0,0.0,0.0,0.0,0.0,0.0,0.0,0.0,0.0,0.0,0.0,0.0,0.0,0.0,0.0,0.0,0.0,0.0,0.0,0.0,0.0,0.0,0.12500000000000003,2.6375000000000006,13.150000000000004,12.225000000000003,1.8625000000000005,0.9310643748888315,0.023095078471865278,0.0,0.0,0.0,0.0,0.0,0.0,0.0,0.0,0.0,0.0,0.0,0.0,0.0,0.0,0.0,0.0,0.0,0.0,0.0,0.0,0.0,0.0,0.0,0.0,0.0,0.08279668813247472,2.6770929162833492,13.454461821527142,11.729530818767252,2.056117755289789,0.3965,0.01013,0.0,0.0,0.0,0.0,0.0,0.0,0.0,0.0,0.0,0.0,0.07500000000000001,19.049999999999972,10.875000000000004,0.0,0.0,0.0,0.0,0.0,0.0,0.0,0.0,0.0,0.0,0.0,0.0,0.0,0.0,0.0,0.0,0.0,0.3967,0.00996,0.0,0.0,0.0,0.0,0.0,0.0,0.0,0.0,0.0,0.0,0.02759889604415824,18.98804047838084,10.9705611775529,0.01379944802207912,0.0,0.0,0.0,0.0,0.0,0.0,0.0,0.0,0.0,0.0,0.0,0.0,0.0,0.0,0.0,0.0
18300,4907,2536,0.5168127165274098,1230,995,0.45343386998165885,1381,0.5628693702873446,0.39399999999999996,2.901307465204555,3.057918756646637,6.535276073619632,2.1812744102055825,9522.305074383534,1614.0867259525428,7853.0,11083.0,11083.0,0.0,7853.0,0.0,28.057061340941512,20.828195796356205,32.97867700508844,19.047516391447058,0.13816996127980435,0.09904218463419605,0.09252088852659467,0.08294273486855512,0.07682901976767882,0.08314652537191766,0.07051151416343998,0.06582433258610149,0.06093336050540045,0.05054004483391074,0.04727939678011005,0.040350519665783575,0.02832687996739352,0.027307927450580805,0.017118402282453638,0.012023639698390055,0.007132667617689016,0.9302365913006301,0.022845531507916125,0.0,0.0,0.0,0.0,0.0,0.0,0.0,0.0,0.0,0.0,0.0,0.0,0.0,0.0,0.0,0.0,0.0,0.0,0.0,0.0,0.0,0.0,0.0,0.0,0.0,0.07947829631139192,2.7267169349908302,13.547992663541882,11.970654167515796,1.6751579376401062,4.232936756418284,2.919644723951303,nan,nan,nan,4.279273638071384,2.9465541847757972,4.18922305764411,2.8907482095293107,0.978956573464683,0.397,0.01048,0.0,0.0,0.0,0.0,0.0,0.0,0.0,0.0,0.0,0.0,0.0366822906052578,18.19441614020784,11.768901569186879,0.0,0.0,0.0,0.0,0.0,0.0,0.0,0.0,0.0,0.0,0.0,0.0,0.0,0.0,0.0,0.0,0.0,nan,nan,4.232936756418284,2.919644723951303,nan,0.397,0.0466,0.0,0.0,0.0,0.0,0.0,0.0,0.0,0.0,0.0,0.0,0.0,0.0,0.0,0.0,0.0,0.0,0.0,0.0,0.0,0.0,0.0,0.0,0.0004075810067250866,0.0,0.006653759934787039,0.0,0.00011208477684939882,0.0007642143876095374,0.0003872019563888323,0.019686162624821684,0.007183615243529651,0.011626248216833095,0.029447727735887507,0.014000407581006725,0.031628286121866724,0.05567556551864683,0.05014265335235378,0.08488893417566741,0.095832484206236,0.07051151416343998,0.10408599959241899,0.07652333401263502,0.08865905848787446,0.07226411249235785,0.03536784185856939,0.04343794579172611,0.019828815977175465,0.04738129203179132,0.01204401874872631,0.0055940493173018135,0.003097615651110658,0.004147136743427756,0.0029345832484206236,0.005522722641124924,0.00016303240269003463,0.0,0.0,0.0,0.0,0.0,0.0,0.0,0.0,0.0,0.0,0.0,0.0,0.0,0.0,0.0,0.0,0.0,0.0,0.0,0.0,0.0,0.0,0.0,0.0,0.0,0.0,0.0,0.0,0.0,0.0,0.0,0.0,0.0,0.0,0.0,0.0,0.0,0.0,0.0,0.0,0.0,0.0,0.0,0.0,0.0,0.0,nan,nan,4.232936756418284,2.919644723951303,nan,0.9300030684245497,0.022979522297811666,0.0,0.0,0.0,0.0,0.0,0.0,0.0,0.0,0.0,0.0,0.0,0.0,0.0,0.0,0.0,0.0,0.0,0.0,0.0,0.0,0.0,0.0,0.0,0.0,0.0,0.08280757097791801,2.732649842271294,13.675078864353315,11.865141955835965,1.6443217665615146,0.9304863652414734,0.022698681950774773,0.0,0.0,0.0,0.0,0.0,0.0,0.0,0.0,0.0,0.0,0.0,0.0,0.0,0.0,0.0,0.0,0.0,0.0,0.0,0.0,0.0,0.0,0.0,0.0,0.0,0.0759173344580346,2.7203711514129068,13.412062420919446,12.083509067903842,1.7081400253057786,0.397,0.01052,0.0,0.0,0.0,0.0,0.0,0.0,0.0,0.0,0.0,0.0,0.023659305993690857,18.30047318611985,11.675867507886439,0.0,0.0,0.0,0.0,0.0,0.0,0.0,0.0,0.0,0.0,0.0,0.0,0.0,0.0,0.0,0.0,0.0,0.397,0.01044,0.0,0.0,0.0,0.0,0.0,0.0,0.0,0.0,0.0,0.0,0.0506115563053564,18.080978490088544,11.868409953606076,0.0,0.0,0.0,0.0,0.0,0.0,0.0,0.0,0.0,0.0,0.0,0.0,0.0,0.0,0.0,0.0,0.0
18400,4676,2354,0.5034217279726262,1071,977,0.43798118049615054,1335,0.5710008554319932,0.418,2.988372093023256,3.1430635416066486,6.591185410334346,2.3053488996699905,9479.052181351582,1614.962181999124,7853.0,11083.0,11083.0,0.0,7853.0,0.0,28.12425149700599,21.058194702580458,33.13659531090724,19.27686565995905,0.1390076988879384,0.10393498716852011,0.09174508126603935,0.08575705731394354,0.0748502994011976,0.0695038494439692,0.07313943541488452,0.06544054747647562,0.056244653550042774,0.05752780153977759,0.04597946963216424,0.03699743370402053,0.03421727972626176,0.02951240376390077,0.02031650983746792,0.009195893926432849,0.006629597946963216,0.9308693016870497,0.023333524862906258,0.0,0.0,0.0,0.0,0.0,0.0,0.0,0.0,0.0,0.0,0.0,0.0,0.0,0.0,0.0,0.0,0.0,0.0,0.0,0.0,0.0,0.0,0.0,0.0,0.0,0.08982035928143715,2.6817792985457665,13.42172797262618,11.94610778443114,1.8605645851154837,4.437081659973226,2.8510062663818867,nan,nan,nan,4.379947229551451,2.8492407908575434,4.4959239130434785,2.851627055520408,1.0264790138816136,0.397,0.01012,0.0,0.0,0.0,0.0,0.0,0.0,0.0,0.0,0.0,0.0,0.05774165953806674,18.29769033361845,11.644568006843459,0.0,0.0,0.0,0.0,0.0,0.0,0.0,0.0,0.0,0.0,0.0,0.0,0.0,0.0,0.0,0.0,0.0,nan,nan,4.437081659973226,2.8510062663818867,nan,0.397,0.0466,0.0,0.0,0.0,0.0,0.0,0.0,0.0,0.0,0.0,0.0,0.0,0.0,0.0,0.0,0.0,0.0,0.0,0.0,0.0,0.0,0.0,0.0,0.000481180496150556,0.0,0.006640290846877673,0.0,0.00023524379811804962,0.0008875106928999144,0.0005667236954662104,0.018092386655260907,0.00745295124037639,0.01012617621899059,0.030870402053036785,0.012574850299401197,0.03130881094952951,0.05780581693755346,0.05093028229255774,0.08342600513259196,0.0960650128314799,0.0713109495295124,0.10489734816082122,0.07462574850299401,0.09044054747647562,0.07332121471343028,0.032132164242942685,0.0459153122326775,0.018306244653550043,0.04777587681779299,0.011879811804961506,0.005592386655260907,0.002951240376390077,0.0043947818648417455,0.0037318220701454234,0.0050042771599657825,0.00019247219846022241,0.0,0.0,0.0,6.415739948674081e-05,0.0,0.0,0.0,0.0,0.0,0.0,0.0,0.0,0.0,0.0,0.0,0.0,0.0,0.0,0.0,0.0,0.0,0.0,0.0,0.0,0.0,0.0,0.0,0.0,0.0,0.0,0.0,0.0,0.0,0.0,0.0,0.0,0.0,0.0,0.0,0.0,0.0,0.0,0.0,0.0,0.0,0.0,nan,nan,4.437081659973226,2.8510062663818867,nan,0.9307196881929088,0.023156205310335864,0.0,0.0,0.0,0.0,0.0,0.0,0.0,0.0,0.0,0.0,0.0,0.0,0.0,0.0,0.0,0.0,0.0,0.0,0.0,0.0,0.0,0.0,0.0,0.0,0.0,0.08920985556499578,2.5615972812234498,13.73831775700935,11.788445199660156,1.8224299065420564,0.9310209770381297,0.023510951248901374,0.0,0.0,0.0,0.0,0.0,0.0,0.0,0.0,0.0,0.0,0.0,0.0,0.0,0.0,0.0,0.0,0.0,0.0,0.0,0.0,0.0,0.0,0.0,0.0,0.0,0.09043927648578814,2.803617571059432,13.100775193798453,12.105943152454783,1.8992248062015509,0.397,0.010254,0.0,0.0,0.0,0.0,0.0,0.0,0.0,0.0,0.0,0.0,0.05097706032285473,18.45369583687338,11.495327102803742,0.0,0.0,0.0,0.0,0.0,0.0,0.0,0.0,0.0,0.0,0.0,0.0,0.0,0.0,0.0,0.0,0.0,0.3972,0.00997,0.0,0.0,0.0,0.0,0.0,0.0,0.0,0.0,0.0,0.0,0.06459948320413438,18.139534883720906,11.79586563307494,0.0,0.0,0.0,0.0,0.0,0.0,0.0,0.0,0.0,0.0,0.0,0.0,0.0,0.0,0.0,0.0,0.0
18500,4855,2486,0.5120494335736354,1167,993,0.44490216271884653,1397,0.5754891864057673,0.39399999999999996,2.9653862389193755,3.0661182838153396,6.482912332838039,2.0243882615063917,9506.919670442843,1614.5309719087522,7853.0,11083.0,11083.0,0.0,7853.0,0.0,28.357363542739442,20.84296132802126,33.213082743470835,19.05706766177575,0.13244078269824922,0.10175077239958806,0.09083419155509784,0.08403707518022657,0.07909371781668383,0.07868177136972193,0.07044284243048404,0.06385169927909372,0.05973223480947477,0.04799176107106076,0.04449021627188465,0.049227600411946446,0.04016477857878476,0.024716786817713696,0.014830072090628218,0.012976313079299692,0.004737384140061792,0.9306012365894141,0.023440658608731985,0.0,0.0,0.0,0.0,0.0,0.0,0.0,0.0,0.0,0.0,0.0,0.0,0.0,0.0,0.0,0.0,0.0,0.0,0.0,0.0,0.0,0.0,0.0,0.0,0.0,0.11122554067971166,2.755921730175078,13.532440782698252,11.765190525231723,1.8352214212152425,4.233786776336602,2.8389343262775903,nan,nan,nan,4.198487712665407,2.8353778572289565,4.269377382465057,2.842071831149725,1.0168845724106326,0.397,0.01019,0.0,0.0,0.0,0.0,0.0,0.0,0.0,0.0,0.0,0.0,0.04943357363542741,18.32749742533468,11.623069001029869,0.0,0.0,0.0,0.0,0.0,0.0,0.0,0.0,0.0,0.0,0.0,0.0,0.0,0.0,0.0,0.0,0.0,nan,nan,4.233786776336602,2.8389343262775903,nan,0.397,0.04654,0.0,0.0,0.0,0.0,0.0,0.0,0.0,0.0,0.0,0.0,0.0,0.0,0.0,0.0,0.0,0.0,0.0,0.0,0.0,0.0,0.0,1.0298661174047373e-05,0.0006797116374871267,0.0,0.00615859938208033,0.0,0.0005149330587023687,0.0010092687950566427,0.0004428424304840371,0.016745623069001028,0.00835221421215242,0.009948506694129763,0.030051493305870237,0.013141091658084449,0.03221421215242019,0.055108135942327496,0.053069001029866114,0.0847373841400618,0.09895983522142121,0.07184346035015449,0.10686920700308959,0.07205973223480948,0.09038105046343975,0.07030895983522142,0.03155509783728115,0.046374871266735326,0.01619979402677652,0.048105046343975284,0.012657054582904222,0.005942327497425334,0.002533470648815654,0.0047682801235839345,0.00388259526261586,0.00509783728115345,0.0001544799176107106,2.0597322348094746e-05,0.0,0.0,0.00010298661174047374,0.0,0.0,0.0,0.0,0.0,0.0,0.0,0.0,0.0,0.0,0.0,0.0,0.0,0.0,0.0,0.0,0.0,0.0,0.0,0.0,0.0,0.0,0.0,0.0,0.0,0.0,0.0,0.0,0.0,0.0,0.0,0.0,0.0,0.0,0.0,0.0,0.0,0.0,0.0,0.0,0.0,0.0,nan,nan,4.233786776336602,2.8389343262775903,nan,0.9300988900594336,0.023513249779771754,0.0,0.0,0.0,0.0,0.0,0.0,0.0,0.0,0.0,0.0,0.0,0.0,0.0,0.0,0.0,0.0,0.0,0.0,0.0,0.0,0.0,0.0,0.0,0.0,0.0,0.13274336283185842,2.7514078841512477,13.793242156074017,11.621078037007244,1.70152855993564,0.9311283929733447,0.023352622808487194,0.0,0.0,0.0,0.0,0.0,0.0,0.0,0.0,0.0,0.0,0.0,0.0,0.0,0.0,0.0,0.0,0.0,0.0,0.0,0.0,0.0,0.0,0.0,0.0,0.0,0.08864499788940483,2.7606585056986077,13.258758970029552,11.916420430561422,1.975517095821022,0.3972,0.01005,0.0,0.0,0.0,0.0,0.0,0.0,0.0,0.0,0.0,0.0,0.04827031375703943,18.089300080450496,11.86242960579244,0.0,0.0,0.0,0.0,0.0,0.0,0.0,0.0,0.0,0.0,0.0,0.0,0.0,0.0,0.0,0.0,0.0,0.3967,0.01033,0.0,0.0,0.0,0.0,0.0,0.0,0.0,0.0,0.0,0.0,0.05065428450823133,18.57745884339381,11.371886872097935,0.0,0.0,0.0,0.0,0.0,0.0,0.0,0.0,0.0,0.0,0.0,0.0,0.0,0.0,0.0,0.0,0.0
18600,4811,2524,0.5246310538349616,1199,954,0.44751610891706506,1340,0.5570567449594679,0.418,2.9825098382160036,3.084107420383938,6.5564024390243905,2.150550521461866,9547.558303886926,1613.0392048188523,7853.0,11083.0,11083.0,0.0,7853.0,0.0,28.045936395759718,20.88946495271012,33.015849430411095,19.11977695053088,0.13947204323425483,0.09748493036790688,0.0941592184577011,0.08251922677198088,0.0866763666597381,0.07503637497401787,0.06942423612554563,0.061525670338806904,0.05695281646227396,0.05425067553523176,0.045936395759717315,0.040947827894408644,0.03221783413011848,0.030139264186239866,0.01579713157347745,0.009769278736229474,0.007690708792350863,0.9307826782952869,0.023210526983747055,0.0,0.0,0.0,0.0,0.0,0.0,0.0,0.0,0.0,0.0,0.0,0.0,0.0,0.0,0.0,0.0,0.0,0.0,0.0,0.0,0.0,0.0,0.0,0.0,0.0062357098316358365,0.062357098316358356,2.706298066929953,13.46289752650177,11.922677198087719,1.8395344003325715,4.301127214170692,2.919833122023777,nan,nan,nan,4.384118786313751,2.909041727366245,4.220578778135049,2.9280044321013143,0.9626971767532307,0.3967,0.01039,0.0,0.0,0.0,0.0,0.0,0.0,0.0,0.0,0.0,0.0,0.05612138848472252,18.513822490126767,11.430056121388487,0.0,0.0,0.0,0.0,0.0,0.0,0.0,0.0,0.0,0.0,0.0,0.0,0.0,0.0,0.0,0.0,0.0,nan,nan,4.301127214170692,2.919833122023777,nan,0.3967,0.04642,0.0,0.0,0.0,0.0,0.0,0.0,0.0,0.0,0.0,0.0,0.0,0.0,0.0,0.0,0.0,0.0,0.0,0.0,0.0,0.0,0.0,0.0,0.0007482851797963001,0.0,0.00530035335689046,0.0,0.0006131781334441904,0.001247141966327167,0.0005612138848472251,0.01610891706505924,0.008927457908958637,0.011723134483475369,0.030263978382872585,0.013354811889420079,0.03051340677613802,0.053886925795053005,0.05615256703388069,0.08752858033672833,0.09681978798586573,0.07098316358345458,0.10475992517148203,0.07372687590937435,0.09063604240282686,0.06888380794013718,0.03226979837871544,0.047370609020993555,0.015755560174599875,0.048004572853876534,0.01193099147786323,0.006464352525462482,0.0023072126377052587,0.0043026397838287255,0.0036790688006651424,0.0049469964664310955,0.00017667844522968197,0.0,0.0,0.0,5.1964248596965285e-05,0.0,0.0,0.0,0.0,0.0,0.0,0.0,0.0,0.0,0.0,0.0,0.0,0.0,0.0,0.0,0.0,0.0,0.0,0.0,0.0,0.0,0.0,0.0,0.0,0.0,0.0,0.0,0.0,0.0,0.0,0.0,0.0,0.0,0.0,0.0,0.0,0.0,0.0,0.0,0.0,0.0,0.0,nan,nan,4.301127214170692,2.919833122023777,nan,0.9309063509413633,0.023037906314387693,0.0,0.0,0.0,0.0,0.0,0.0,0.0,0.0,0.0,0.0,0.0,0.0,0.0,0.0,0.0,0.0,0.0,0.0,0.0,0.0,0.0,0.0,0.0,0.0,0.0,0.05942947702060223,2.6980982567353413,13.383518225039623,12.099841521394614,1.759112519809826,0.9306461895507759,0.023398799250779548,0.0,0.0,0.0,0.0,0.0,0.0,0.0,0.0,0.0,0.0,0.0,0.0,0.0,0.0,0.0,0.0,0.0,0.0,0.0,0.0,0.0,0.0,0.0,0.0,0.01311762133799738,0.0655881066899869,2.715347616965458,13.550502842151293,11.727153476169658,1.9282903366856148,0.3967,0.010376,0.0,0.0,0.0,0.0,0.0,0.0,0.0,0.0,0.0,0.0,0.023771790808240892,18.458795562599022,11.517432646592713,0.0,0.0,0.0,0.0,0.0,0.0,0.0,0.0,0.0,0.0,0.0,0.0,0.0,0.0,0.0,0.0,0.0,0.3967,0.010414,0.0,0.0,0.0,0.0,0.0,0.0,0.0,0.0,0.0,0.0,0.09182334936598166,18.57455181460426,11.333624836029736,0.0,0.0,0.0,0.0,0.0,0.0,0.0,0.0,0.0,0.0,0.0,0.0,0.0,0.0,0.0,0.0,0.0
18700,4979,2589,0.5199839325165696,1234,1024,0.4535047198232577,1416,0.568788913436433,0.38999999999999996,3.012970711297071,3.0794634855725773,6.4797101449275365,2.18168128958319,9532.54810202852,1613.709559531862,7853.0,11083.0,11083.0,0.0,7853.0,0.0,28.328981723237597,20.93393393189393,33.31748686096512,19.08978121314734,0.14018879293030728,0.09580236995380599,0.08736694115284194,0.08515766218116087,0.08013657360915846,0.0727053625225949,0.07511548503715605,0.0614581241213095,0.062261498292829884,0.055633661377786706,0.05262100823458526,0.039967865033139184,0.029925687889134363,0.02410122514561157,0.018075918859208676,0.011247238401285399,0.008234585258083953,0.9293931325795445,0.023122816204239453,0.0,0.0,0.0,0.0,0.0,0.0,0.0,0.0,0.0,0.0,0.0,0.0,0.0,0.0,0.0,0.0,0.0,0.0,0.0,0.0,0.0,0.0,0.0,0.0,0.0,0.12653143201446077,2.795742116890943,14.129343241614785,11.357702349869454,1.5906808596103639,4.272671380264371,2.888178332628601,nan,nan,nan,4.251721978710082,2.879853341574606,4.292874396135265,2.8960405168168704,1.0096790000924916,0.3967,0.01012,0.0,0.0,0.0,0.0,0.0,0.0,0.0,0.0,0.0,0.0,0.012050612572805788,18.87125928901383,11.110664792126936,0.006025306286402894,0.0,0.0,0.0,0.0,0.0,0.0,0.0,0.0,0.0,0.0,0.0,0.0,0.0,0.0,0.0,0.0,nan,nan,4.272671380264371,2.888178332628601,nan,0.3967,0.04663,0.0,0.0,0.0,0.0,0.0,0.0,0.0,0.0,0.0,0.0,0.0,0.0,0.0,0.0,0.0,0.0,0.0,0.0,0.0,0.0,0.0,0.0,0.001004217714400482,1.004217714400482e-05,0.004880498091986343,0.0,0.0007330789315123519,0.0011950190801365737,0.0006426993372163085,0.017634063064872463,0.009469773046796545,0.01287407109861418,0.027756577626029323,0.013677445270134566,0.031090580437838924,0.05421771440048202,0.05548302872062663,0.0845852580839526,0.09759991966258284,0.07139987949387427,0.10888732677244427,0.07150030126531431,0.08857200241012252,0.06914038963647319,0.0325065274151436,0.04627435227957421,0.015806386824663586,0.049337216308495684,0.011779473789917654,0.0059048001606748345,0.0026611769431612773,0.004267925286202049,0.0037557742518578028,0.004890540269130348,0.00029122313717613976,2.008435428800964e-05,0.0,0.0,0.00014059048001606748,1.004217714400482e-05,0.0,0.0,0.0,0.0,0.0,0.0,0.0,0.0,0.0,0.0,0.0,0.0,0.0,0.0,0.0,0.0,0.0,0.0,0.0,0.0,0.0,0.0,0.0,0.0,0.0,0.0,0.0,0.0,0.0,0.0,0.0,0.0,0.0,0.0,0.0,0.0,0.0,0.0,0.0,0.0,0.0,nan,nan,4.272671380264371,2.888178332628601,nan,0.9297571793722342,0.023055273621027106,0.0,0.0,0.0,0.0,0.0,0.0,0.0,0.0,0.0,0.0,0.0,0.0,0.0,0.0,0.0,0.0,0.0,0.0,0.0,0.0,0.0,0.0,0.0,0.0,0.0,0.13904982618771727,2.57242178447277,14.02085747392816,11.680185399768254,1.5874855156431058,0.9289987739409363,0.023189312863397225,0.0,0.0,0.0,0.0,0.0,0.0,0.0,0.0,0.0,0.0,0.0,0.0,0.0,0.0,0.0,0.0,0.0,0.0,0.0,0.0,0.0,0.0,0.0,0.0,0.0,0.11297071129707115,3.0376569037656913,14.246861924686195,11.008368200836824,1.5941422594142263,0.397,0.009796,0.0,0.0,0.0,0.0,0.0,0.0,0.0,0.0,0.0,0.0,0.0,18.91077636152952,11.077636152954812,0.011587485515643108,0.0,0.0,0.0,0.0,0.0,0.0,0.0,0.0,0.0,0.0,0.0,0.0,0.0,0.0,0.0,0.0,0.3965,0.010445,0.0,0.0,0.0,0.0,0.0,0.0,0.0,0.0,0.0,0.0,0.025104602510460258,18.82845188284516,11.146443514644355,0.0,0.0,0.0,0.0,0.0,0.0,0.0,0.0,0.0,0.0,0.0,0.0,0.0,0.0,0.0,0.0,0.0
18800,4947,2576,0.5207196280574086,1214,1034,0.45441681827370123,1415,0.5720638770972306,0.39799999999999996,2.9940953184310417,3.0699642416046724,6.5,2.1078136393616327,9534.92439862543,1613.6127555484386,7853.0,11083.0,11083.0,0.0,7853.0,0.0,28.246411966848594,20.994212259946515,33.13432477812425,19.24804182159835,0.13583990297149787,0.09884778653729533,0.0939963614311704,0.08631493834647261,0.07701637355973318,0.0741863755811603,0.07681423084697797,0.06044067111380635,0.06064281382656155,0.04770568021022842,0.05154639175257732,0.04184354154032747,0.03375783303011926,0.021224984839296544,0.0196078431372549,0.011117849201536285,0.009096422073984234,0.9312476366848711,0.0231309824847111,0.0,0.0,0.0,0.0,0.0,0.0,0.0,0.0,0.0,0.0,0.0,0.0,0.0,0.0,0.0,0.0,0.0,0.0,0.0,0.0,0.0,0.0,0.0,0.0,0.0,0.10915706488781082,2.546998180715586,13.250454821103702,12.27410551849606,1.819284414796847,4.236042183622828,2.8969786122970254,nan,nan,nan,4.180163214061519,2.843842607613254,4.290619251992642,2.946929574065806,1.0264238576999969,0.3967,0.01027,0.0,0.0,0.0,0.0,0.0,0.0,0.0,0.0,0.0,0.0,0.06670709520921772,18.702243784111555,11.231049120679202,0.0,0.0,0.0,0.0,0.0,0.0,0.0,0.0,0.0,0.0,0.0,0.0,0.0,0.0,0.0,0.0,0.0,nan,nan,4.236042183622828,2.8969786122970254,nan,0.3967,0.0467,0.0,0.0,0.0,0.0,0.0,0.0,0.0,0.0,0.0,0.0,0.0,0.0,0.0,0.0,0.0,0.0,0.0,0.0,0.0,0.0,0.0,0.0,0.0009904992925005053,0.0,0.004669496664645239,0.0,0.0005558924600768142,0.0017081059227814837,0.0006064281382656155,0.01641398827572266,0.009126743480897514,0.012189205579138872,0.027713765918738628,0.016211845562967456,0.03315140489185365,0.05386092581362442,0.0530523549626036,0.0877400444713968,0.09479482514655346,0.07084091368506165,0.10811602991712149,0.0726096624216697,0.08750758035172831,0.06895087932080049,0.03266626238124116,0.04691732363048312,0.016979987871437233,0.04729128764908025,0.012593491004649283,0.006549423893268648,0.0022437841115827773,0.004184354154032747,0.0036082474226804126,0.0054174247018394985,0.0005558924600768142,3.0321406913280777e-05,0.0,0.0,0.00015160703456640388,0.0,0.0,0.0,0.0,0.0,0.0,0.0,0.0,0.0,0.0,0.0,0.0,0.0,0.0,0.0,0.0,0.0,0.0,0.0,0.0,0.0,0.0,0.0,0.0,0.0,0.0,0.0,0.0,0.0,0.0,0.0,0.0,0.0,0.0,0.0,0.0,0.0,0.0,0.0,0.0,0.0,0.0,nan,nan,4.236042183622828,2.8969786122970254,nan,0.9315712936453938,0.0233139626800669,0.0,0.0,0.0,0.0,0.0,0.0,0.0,0.0,0.0,0.0,0.0,0.0,0.0,0.0,0.0,0.0,0.0,0.0,0.0,0.0,0.0,0.0,0.0,0.0,0.0,0.13975155279503107,2.573757763975156,13.02018633540373,12.39130434782609,1.8750000000000004,0.93089599588761,0.02292534821110523,0.0,0.0,0.0,0.0,0.0,0.0,0.0,0.0,0.0,0.0,0.0,0.0,0.0,0.0,0.0,0.0,0.0,0.0,0.0,0.0,0.0,0.0,0.0,0.0,0.0,0.0759173344580346,2.5179249261914807,13.50063264445382,12.146773513285536,1.758751581611135,0.397,0.01027,0.0,0.0,0.0,0.0,0.0,0.0,0.0,0.0,0.0,0.0,0.058229813664596286,18.30745341614904,11.634316770186338,0.0,0.0,0.0,0.0,0.0,0.0,0.0,0.0,0.0,0.0,0.0,0.0,0.0,0.0,0.0,0.0,0.0,0.3965,0.01026,0.0,0.0,0.0,0.0,0.0,0.0,0.0,0.0,0.0,0.0,0.0759173344580346,19.13116828342469,10.792914382117253,0.0,0.0,0.0,0.0,0.0,0.0,0.0,0.0,0.0,0.0,0.0,0.0,0.0,0.0,0.0,0.0,0.0
18900,4968,2544,0.5120772946859904,1198,1000,0.4424315619967794,1382,0.5563607085346216,0.40199999999999997,2.8956270627062706,3.0393862318235083,6.521167883211679,1.9783289659110472,9507.00966183575,1614.528800078667,7853.0,11083.0,11083.0,0.0,7853.0,0.0,28.005233494363928,20.938477974511894,32.92123533636581,19.210868751730953,0.1386876006441224,0.10326086956521739,0.09400161030595813,0.08494363929146538,0.07749597423510467,0.07608695652173914,0.06944444444444445,0.0607890499194847,0.05897745571658615,0.05213365539452496,0.04911433172302738,0.04126409017713366,0.030998389694041867,0.025966183574879228,0.017914653784219,0.01247987117552335,0.00644122383252818,0.93158734553822,0.023144573533457103,0.0,0.0,0.0,0.0,0.0,0.0,0.0,0.0,0.0,0.0,0.0,0.0,0.0,0.0,0.0,0.0,0.0,0.0,0.0,0.0,0.0,0.0,0.0,0.0,0.0,0.09057971014492756,2.5241545893719812,13.001207729468602,12.463768115942031,1.920289855072464,4.189146800501882,2.8016252945158806,nan,nan,nan,4.155248271527341,2.7891156947770215,4.222917971195993,2.813626517146977,1.0162853565531424,0.3972,0.00995,0.0,0.0,0.0,0.0,0.0,0.0,0.0,0.0,0.0,0.0,0.012077294685990341,18.502415458937172,11.485507246376814,0.0,0.0,0.0,0.0,0.0,0.0,0.0,0.0,0.0,0.0,0.0,0.0,0.0,0.0,0.0,0.0,0.0,nan,nan,4.189146800501882,2.8016252945158806,nan,0.3972,0.0465,0.0,0.0,0.0,0.0,0.0,0.0,0.0,0.0,0.0,0.0,0.0,0.0,0.0,0.0,0.0,0.0,0.0,0.0,0.0,0.0,0.0,0.0,0.0006239935587761675,0.0,0.004569243156199678,5.032206119162641e-05,0.0005434782608695652,0.0015499194847020934,0.0004931561996779388,0.01495571658615137,0.008494363929146537,0.012288647342995168,0.02798913043478261,0.016646537842190015,0.03422906602254428,0.05224436392914654,0.05422705314009662,0.08856682769726248,0.0939915458937198,0.07079307568438004,0.1088768115942029,0.07494967793880837,0.08561795491143318,0.06832729468599034,0.03107890499194847,0.0490438808373591,0.01798510466988728,0.04432367149758454,0.013939210950080515,0.006461352657004831,0.0021537842190016104,0.004206924315619968,0.004720209339774557,0.004961755233494364,0.0007447665056360709,0.0002214170692431562,5.032206119162641e-05,0.0,6.038647342995169e-05,0.0,0.0,2.0128824476650564e-05,0.0,0.0,0.0,0.0,0.0,0.0,0.0,0.0,0.0,0.0,0.0,0.0,0.0,0.0,0.0,0.0,0.0,0.0,0.0,0.0,0.0,0.0,0.0,0.0,0.0,0.0,0.0,0.0,0.0,0.0,0.0,0.0,0.0,0.0,0.0,0.0,0.0,0.0,0.0,nan,nan,4.189146800501882,2.8016252945158806,nan,0.9311781167843431,0.02345836481306861,0.0,0.0,0.0,0.0,0.0,0.0,0.0,0.0,0.0,0.0,0.0,0.0,0.0,0.0,0.0,0.0,0.0,0.0,0.0,0.0,0.0,0.0,0.0,0.0,0.0,0.1297169811320755,2.5471698113207553,13.219339622641511,12.15801886792453,1.9457547169811324,0.9320168331412986,0.022802708824420377,0.0,0.0,0.0,0.0,0.0,0.0,0.0,0.0,0.0,0.0,0.0,0.0,0.0,0.0,0.0,0.0,0.0,0.0,0.0,0.0,0.0,0.0,0.0,0.0,0.0,0.049504950495049514,2.5000000000000004,12.772277227722775,12.784653465346537,1.893564356435644,0.3972,0.010025,0.0,0.0,0.0,0.0,0.0,0.0,0.0,0.0,0.0,0.0,0.0,18.325471698113184,11.674528301886795,0.0,0.0,0.0,0.0,0.0,0.0,0.0,0.0,0.0,0.0,0.0,0.0,0.0,0.0,0.0,0.0,0.0,0.397,0.00986,0.0,0.0,0.0,0.0,0.0,0.0,0.0,0.0,0.0,0.0,0.024752475247524757,18.68811881188116,11.28712871287129,0.0,0.0,0.0,0.0,0.0,0.0,0.0,0.0,0.0,0.0,0.0,0.0,0.0,0.0,0.0,0.0,0.0
19000,4714,2495,0.5292745014849385,1204,948,0.45651251591005515,1291,0.5477301654645736,0.422,2.978368634520054,3.085017487017485,6.404153354632588,2.255539578013198,9562.556639796352,1612.2295251825724,7853.0,11083.0,11083.0,0.0,7853.0,0.0,28.549427238014424,20.81975592137666,33.2541822721598,19.03848026886732,0.13131098854476028,0.1003394145099703,0.08506576156130674,0.08697496817988969,0.08103521425540942,0.07361052184980908,0.06957997454391175,0.06830717013152313,0.06448875689435724,0.05579126007636827,0.044336020364870596,0.04179041154009334,0.035002121340687316,0.027577428935086974,0.017394993635977938,0.009970301230377598,0.007424692405600339,0.9309613699623727,0.02292922800574105,0.0,0.0,0.0,0.0,0.0,0.0,0.0,0.0,0.0,0.0,0.0,0.0,0.0,0.0,0.0,0.0,0.0,0.0,0.0,0.0,0.0,0.0,0.0,0.0,0.0,0.10818837505303354,2.5010606703436578,13.249893932965637,12.492575307594402,1.6482817140432757,4.080296678490809,2.905865152099291,nan,nan,nan,4.119948685054522,2.8783959608053857,4.040207522697795,2.932830747858702,0.9806451078757374,0.3972,0.010216,0.0,0.0,0.0,0.0,0.0,0.0,0.0,0.0,0.0,0.0,0.05727619855748835,18.156554942723776,11.779804836656771,0.00636402206194315,0.0,0.0,0.0,0.0,0.0,0.0,0.0,0.0,0.0,0.0,0.0,0.0,0.0,0.0,0.0,0.0,nan,nan,4.080296678490809,2.905865152099291,nan,0.3972,0.04636,0.0,0.0,0.0,0.0,0.0,0.0,0.0,0.0,0.0,0.0,0.0,0.0,0.0,0.0,0.0,0.0,0.0,0.0,0.0,0.0,0.0,5.3033517182859566e-05,0.0005727619855748833,0.0,0.004666949512091642,3.182011030971574e-05,0.0005303351718285957,0.0014955451845566398,0.00021213406873143826,0.014319049639372083,0.007965634280865507,0.012409843020789138,0.02988969028425965,0.01622825625795503,0.0317988969028426,0.051612218922358934,0.05688375053033517,0.08917055579126007,0.09241620704285108,0.07204072974119644,0.10976877386508273,0.07431056427662283,0.08707042851081884,0.06834959694526942,0.032965634280865505,0.04651039456936784,0.0181268561731014,0.04296775562155282,0.01335383962664404,0.006735256682223165,0.002450148493848112,0.003797199830292745,0.004698769622401357,0.00515485787017395,0.0011773440814594825,0.00018031395842172253,2.1213406873143828e-05,1.0606703436571914e-05,5.3033517182859566e-05,0.0,0.0,0.0,0.0,0.0,0.0,0.0,0.0,0.0,0.0,0.0,0.0,0.0,0.0,0.0,0.0,0.0,0.0,0.0,0.0,0.0,0.0,0.0,0.0,0.0,0.0,0.0,0.0,0.0,0.0,0.0,0.0,0.0,0.0,0.0,0.0,0.0,0.0,0.0,0.0,0.0,0.0,nan,nan,4.080296678490809,2.905865152099291,nan,0.9305398555461295,0.023126501740615868,0.0,0.0,0.0,0.0,0.0,0.0,0.0,0.0,0.0,0.0,0.0,0.0,0.0,0.0,0.0,0.0,0.0,0.0,0.0,0.0,0.0,0.0,0.0,0.0,0.0,0.0961923847695391,2.6573146292585177,13.286573146292588,12.300601202404813,1.6593186372745494,0.9314353124898744,0.02269602272722533,0.0,0.0,0.0,0.0,0.0,0.0,0.0,0.0,0.0,0.0,0.0,0.0,0.0,0.0,0.0,0.0,0.0,0.0,0.0,0.0,0.0,0.0,0.0,0.0,0.0,0.12167643082469583,2.325371789094187,13.208652546191981,12.708427219468232,1.6358720144209107,0.3972,0.010025,0.0,0.0,0.0,0.0,0.0,0.0,0.0,0.0,0.0,0.0,0.024048096192384776,17.891783567134244,12.084168336673349,0.0,0.0,0.0,0.0,0.0,0.0,0.0,0.0,0.0,0.0,0.0,0.0,0.0,0.0,0.0,0.0,0.0,0.397,0.01043,0.0,0.0,0.0,0.0,0.0,0.0,0.0,0.0,0.0,0.0,0.09463722397476343,18.454258675078837,11.43758449752141,0.013519603424966204,0.0,0.0,0.0,0.0,0.0,0.0,0.0,0.0,0.0,0.0,0.0,0.0,0.0,0.0,0.0,0.0
19100,4902,2525,0.5150958792329662,1203,1019,0.4532843737250102,1386,0.565483476132191,0.39799999999999996,2.8906184265881363,3.0543775209968893,6.513803680981595,2.123804523658045,9516.75968992248,1614.2637617931784,7853.0,11083.0,11083.0,0.0,7853.0,0.0,28.075887392900857,20.714116357223542,32.96510782650836,18.917000657252544,0.1383108935128519,0.09628722970216239,0.09547123623011015,0.08302733578131374,0.08098735210118319,0.07813137494900041,0.06854345165238677,0.06242350061199511,0.05915952672378621,0.059567523459812324,0.0430436556507548,0.03835169318645451,0.03712770297837617,0.027539779681762546,0.01835985312117503,0.008363933088535292,0.005303957568339453,0.9303976001543981,0.023113577163383147,0.0,0.0,0.0,0.0,0.0,0.0,0.0,0.0,0.0,0.0,0.0,0.0,0.0,0.0,0.0,0.0,0.0,0.0,0.0,0.0,0.0,0.0,0.0,0.0,0.0,0.10403916768665852,2.69889840881273,13.776009791921668,11.676866585067323,1.7441860465116283,4.234169278996865,2.868053174558828,nan,nan,nan,4.200623052959502,2.828581249663568,4.26813880126183,2.9070827257622134,1.0160727938334673,0.3975,0.010414,0.0,0.0,0.0,0.0,0.0,0.0,0.0,0.0,0.0,0.0,0.06119951040391678,17.680538555691527,12.258261933904532,0.0,0.0,0.0,0.0,0.0,0.0,0.0,0.0,0.0,0.0,0.0,0.0,0.0,0.0,0.0,0.0,0.0,nan,nan,4.234169278996865,2.868053174558828,nan,0.3975,0.04645,0.0,0.0,0.0,0.0,0.0,0.0,0.0,0.0,0.0,0.0,0.0,0.0,0.0,0.0,0.0,0.0,0.0,0.0,0.0,0.0,0.0,0.0,0.0005915952672378621,5.0999592003263974e-05,0.004620563035495716,0.00013259893920848634,0.0005201958384332925,0.0016013871889024888,0.0002549979600163199,0.013922888616891066,0.007517339861281109,0.012117503059975521,0.03084455324357405,0.015779273765809874,0.03178294573643411,0.05052019583843329,0.05603835169318645,0.08829049367605059,0.09428804569563444,0.07180742554059567,0.11068951448388413,0.07768257853937169,0.08172174622603019,0.06909424724602203,0.03305793553651571,0.044481844145246835,0.01915544675642595,0.04514483884128927,0.01364749082007344,0.006354549163606691,0.002784577723378213,0.003529171766625867,0.005885352917176663,0.004793961648306814,0.0009995920032639738,8.159934720522235e-05,0.0,1.0199918400652794e-05,0.0002039983680130559,0.0,0.0,0.0,0.0,0.0,0.0,0.0,0.0,0.0,0.0,0.0,0.0,0.0,0.0,0.0,0.0,0.0,0.0,0.0,0.0,0.0,0.0,0.0,0.0,0.0,0.0,0.0,0.0,0.0,0.0,0.0,0.0,0.0,0.0,0.0,0.0,0.0,0.0,0.0,0.0,0.0,0.0,nan,nan,4.234169278996865,2.868053174558828,nan,0.9303280110170346,0.023200908619026798,0.0,0.0,0.0,0.0,0.0,0.0,0.0,0.0,0.0,0.0,0.0,0.0,0.0,0.0,0.0,0.0,0.0,0.0,0.0,0.0,0.0,0.0,0.0,0.0,0.0,0.1425742574257426,2.5900990099009906,13.87722772277228,11.584158415841587,1.8059405940594062,0.9304715221450767,0.02302021485313049,0.0,0.0,0.0,0.0,0.0,0.0,0.0,0.0,0.0,0.0,0.0,0.0,0.0,0.0,0.0,0.0,0.0,0.0,0.0,0.0,0.0,0.0,0.0,0.0,0.0,0.06310475389145984,2.8144720235591087,13.668489692890201,11.775347076146407,1.6785864535128316,0.3975,0.01041,0.0,0.0,0.0,0.0,0.0,0.0,0.0,0.0,0.0,0.0,0.04752475247524754,17.500990099009876,12.451485148514854,0.0,0.0,0.0,0.0,0.0,0.0,0.0,0.0,0.0,0.0,0.0,0.0,0.0,0.0,0.0,0.0,0.0,0.3972,0.010414,0.0,0.0,0.0,0.0,0.0,0.0,0.0,0.0,0.0,0.0,0.0757257046697518,17.871266302061397,12.05300799326883,0.0,0.0,0.0,0.0,0.0,0.0,0.0,0.0,0.0,0.0,0.0,0.0,0.0,0.0,0.0,0.0,0.0
19200,4717,2435,0.5162179351282595,1153,962,0.448378206487174,1368,0.5800296798812805,0.38199999999999995,2.9281332164767746,2.9396660043506735,6.130559540889527,2.0450868730180862,9520.383930464279,1614.1502172440807,7853.0,11083.0,11083.0,0.0,7853.0,0.0,28.88997244011024,21.115880525471795,33.90291750503018,19.19465394267659,0.13928344286622854,0.08903964384142464,0.09052363790544837,0.08437566249735001,0.07356370574517702,0.07631969472122112,0.06720373118507526,0.06338774644901421,0.06317574729701081,0.05745177019291923,0.04897180411278355,0.04706381174475302,0.035827856688573245,0.025227899088403647,0.021623913504345983,0.011023955904176383,0.005935976256094976,0.9307499788235577,0.02306399702610236,0.0,0.0,0.0,0.0,0.0,0.0,0.0,0.0,0.0,0.0,0.0,0.0,0.0,0.0,0.0,0.0,0.0,0.0,0.0,0.0,0.0,0.0,0.0,0.0,0.0,0.04451982192071233,2.8111087555649785,13.305066779732885,11.95039219843121,1.888912444350223,4.082156611039794,2.725513454445578,nan,nan,nan,4.1940203562340965,2.727419880710063,3.968264248704663,2.7188467329210795,0.9461719094439148,0.3977,0.01018,0.0,0.0,0.0,0.0,0.0,0.0,0.0,0.0,0.0,0.0,0.05087979648081409,17.668009327962665,12.274750900996398,0.006359974560101761,0.0,0.0,0.0,0.0,0.0,0.0,0.0,0.0,0.0,0.0,0.0,0.0,0.0,0.0,0.0,0.0,nan,nan,4.082156611039794,2.725513454445578,nan,0.3977,0.04654,0.0,0.0,0.0,0.0,0.0,0.0,0.0,0.0,0.0,0.0,0.0,0.0,0.0,0.0,0.0,0.0,0.0,0.0,0.0,0.0,0.0,0.0,0.0004133983464066144,0.0002013991944032224,0.005087979648081407,5.2999788000847996e-05,0.000582997668009328,0.0017383930464278143,0.00032859868560525756,0.012412550349798601,0.007631969472122111,0.013387746449014203,0.028418486326054697,0.014362942548229807,0.02798388806444774,0.05102819588721645,0.05790756836972652,0.09157303370786517,0.09747721009115963,0.07317150731397075,0.10948696205215179,0.07612889548441806,0.08010387958448166,0.06556073775704897,0.032499470002119994,0.04663981344074624,0.022058511765952936,0.04413822344710621,0.013663345346618614,0.006582573669705321,0.0027665889336442656,0.0041869832520669914,0.005246979012083952,0.0054271782912868344,0.0014203943184227263,8.479966080135679e-05,0.0,4.2399830400678394e-05,0.0002013991944032224,0.0,0.0,0.0,0.0,0.0,0.0,0.0,0.0,0.0,0.0,0.0,0.0,0.0,0.0,0.0,0.0,0.0,0.0,0.0,0.0,0.0,0.0,0.0,0.0,0.0,0.0,0.0,0.0,0.0,0.0,0.0,0.0,0.0,0.0,0.0,0.0,0.0,0.0,0.0,0.0,0.0,0.0,nan,nan,4.082156611039794,2.725513454445578,nan,0.9307174254736617,0.023104908522854163,0.0,0.0,0.0,0.0,0.0,0.0,0.0,0.0,0.0,0.0,0.0,0.0,0.0,0.0,0.0,0.0,0.0,0.0,0.0,0.0,0.0,0.0,0.0,0.0,0.0,0.04928131416837783,2.6981519507186866,13.601642710472282,11.728952772073924,1.9219712525667354,0.9307847147600156,0.023020211608102775,0.0,0.0,0.0,0.0,0.0,0.0,0.0,0.0,0.0,0.0,0.0,0.0,0.0,0.0,0.0,0.0,0.0,0.0,0.0,0.0,0.0,0.0,0.0,0.0,0.0,0.039439088518843125,2.931638913234006,12.988606485539004,12.186678352322527,1.853637160385627,0.398,0.01016,0.0,0.0,0.0,0.0,0.0,0.0,0.0,0.0,0.0,0.0,0.04928131416837783,17.630390143737138,12.308008213552364,0.012320328542094458,0.0,0.0,0.0,0.0,0.0,0.0,0.0,0.0,0.0,0.0,0.0,0.0,0.0,0.0,0.0,0.0,0.3977,0.0102,0.0,0.0,0.0,0.0,0.0,0.0,0.0,0.0,0.0,0.0,0.052585451358457505,17.708150744960534,12.239263803680984,0.0,0.0,0.0,0.0,0.0,0.0,0.0,0.0,0.0,0.0,0.0,0.0,0.0,0.0,0.0,0.0,0.0
19300,4476,2349,0.524798927613941,1083,898,0.44258266309204647,1268,0.5665773011617515,0.41,3.008462623413258,3.0985875479146094,6.500797448165869,2.141244403084686,9548.10053619303,1613.0123694818924,7853.0,11083.0,11083.0,0.0,7853.0,0.0,28.426943699731904,21.13193750054092,33.428647355833114,19.32684311227344,0.1389633601429848,0.09763181411974978,0.0918230563002681,0.08445040214477212,0.07841823056300268,0.0741733690795353,0.07193923145665773,0.05674709562109026,0.06233243967828418,0.05071492403932082,0.04937444146559428,0.04267202859696157,0.03306523681858802,0.032171581769437,0.0160857908847185,0.011394101876675604,0.00804289544235925,0.9290912644846083,0.023766283047387878,0.0,0.0,0.0,0.0,0.0,0.0,0.0,0.0,0.0,0.0,0.0,0.0,0.0,0.0,0.0,0.0,0.0,0.0,0.0,0.0,0.0,0.0,0.0,0.0,0.0,0.10053619302949064,3.3109919571045583,13.806970509383381,11.058981233243971,1.7225201072386063,4.258175559380379,2.914287218733817,nan,nan,nan,4.3038147138964575,2.959363590267683,4.211551844119694,2.866756675051271,0.9785625367470262,0.398,0.00991,0.0,0.0,0.0,0.0,0.0,0.0,0.0,0.0,0.0,0.0,0.0,17.607238605898097,12.39276139410188,0.0,0.0,0.0,0.0,0.0,0.0,0.0,0.0,0.0,0.0,0.0,0.0,0.0,0.0,0.0,0.0,0.0,nan,nan,4.258175559380379,2.914287218733817,nan,0.398,0.0459,0.0,0.0,0.0,0.0,0.0,0.0,0.0,0.0,0.0,0.0,0.0,0.0,0.0,0.0,0.0,0.0,0.0,0.0,0.0,0.0,0.0,0.0,0.00032394995531724753,0.0004133154602323503,0.004792225201072386,3.351206434316354e-05,0.00026809651474530834,0.0016197497765862378,0.00035746201966041106,0.011528150134048258,0.006948168007149241,0.012410634495084897,0.025536193029490617,0.01633154602323503,0.02589365504915103,0.05374218051831993,0.058981233243967826,0.09226988382484361,0.09851429848078641,0.07533512064343163,0.10996425379803396,0.07370420017873101,0.08145665773011618,0.06606344950848972,0.0322609472743521,0.0469615728328865,0.02105674709562109,0.044537533512064346,0.013103217158176944,0.006780607685433423,0.0028596961572832885,0.004166666666666667,0.00565236818588025,0.004970956210902592,0.0010723860589812334,3.351206434316354e-05,0.0,0.0,5.585344057193923e-05,0.0,0.0,0.0,0.0,0.0,0.0,0.0,0.0,0.0,0.0,0.0,0.0,0.0,0.0,0.0,0.0,0.0,0.0,0.0,0.0,0.0,0.0,0.0,0.0,0.0,0.0,0.0,0.0,0.0,0.0,0.0,0.0,0.0,0.0,0.0,0.0,0.0,0.0,0.0,0.0,0.0,0.0,nan,nan,4.258175559380379,2.914287218733817,nan,0.9287554196166505,0.023637864327045812,0.0,0.0,0.0,0.0,0.0,0.0,0.0,0.0,0.0,0.0,0.0,0.0,0.0,0.0,0.0,0.0,0.0,0.0,0.0,0.0,0.0,0.0,0.0,0.0,0.0,0.06385696040868456,3.4355044699872295,13.882503192848024,10.893997445721586,1.724137931034483,0.9294621622724941,0.023901820759166695,0.0,0.0,0.0,0.0,0.0,0.0,0.0,0.0,0.0,0.0,0.0,0.0,0.0,0.0,0.0,0.0,0.0,0.0,0.0,0.0,0.0,0.0,0.0,0.0,0.0,0.14104372355430186,3.173483779971792,13.723554301833572,11.241184767277858,1.7207334273624828,0.3984,0.009834,0.0,0.0,0.0,0.0,0.0,0.0,0.0,0.0,0.0,0.0,0.0,16.756066411238802,13.243933588761179,0.0,0.0,0.0,0.0,0.0,0.0,0.0,0.0,0.0,0.0,0.0,0.0,0.0,0.0,0.0,0.0,0.0,0.3975,0.009964,0.0,0.0,0.0,0.0,0.0,0.0,0.0,0.0,0.0,0.0,0.0,18.547249647390665,11.45275035260931,0.0,0.0,0.0,0.0,0.0,0.0,0.0,0.0,0.0,0.0,0.0,0.0,0.0,0.0,0.0,0.0,0.0
19400,4509,2335,0.5178531825238412,1092,905,0.4428919937901974,1252,0.5553337768906631,0.422,2.9774609015639375,3.100130245073551,6.566284779050736,2.1468453872919913,9525.665779552008,1613.970153958449,7853.0,11083.0,11083.0,0.0,7853.0,0.0,27.783100465735195,20.78447029451811,32.65611814345991,19.072145243042172,0.13927700155245065,0.09802616988245731,0.09603016189842536,0.09048569527611444,0.07828786870703039,0.07473941006875139,0.0771789753825682,0.06365047682412951,0.052117986249722775,0.04790419161676647,0.04524284763805722,0.041916167664670656,0.034153914393435354,0.026391661122200046,0.0201818585052118,0.007762253271235307,0.00665335994677312,0.9308287971271965,0.023109402328048628,0.0,0.0,0.0,0.0,0.0,0.0,0.0,0.0,0.0,0.0,0.0,0.0,0.0,0.0,0.0,0.0,0.0,0.0,0.0,0.0,0.0,0.0,0.0,0.0,0.0,0.053226879574184975,2.6946107784431144,13.479707252162346,11.962741184298073,1.809713905522289,4.318339100346021,2.8930849441396456,nan,nan,nan,4.326587578506629,2.904043072024293,4.3083791208791204,2.8823708398582513,0.995791496809642,0.398,0.00984,0.0,0.0,0.0,0.0,0.0,0.0,0.0,0.0,0.0,0.0,0.06653359946773121,17.232202262142355,12.694610778443117,0.006653359946773122,0.0,0.0,0.0,0.0,0.0,0.0,0.0,0.0,0.0,0.0,0.0,0.0,0.0,0.0,0.0,0.0,nan,nan,4.318339100346021,2.8930849441396456,nan,0.398,0.0458,0.0,0.0,0.0,0.0,0.0,0.0,0.0,0.0,0.0,0.0,0.0,0.0,0.0,0.0,0.0,0.0,0.0,0.0,0.0,0.0,2.2177866489243733e-05,0.0,0.0002661343978709248,0.0006098913284542027,0.004446662231093369,9.98003992015968e-05,0.00022177866489243733,0.0017298735861610113,0.00018851186515857175,0.011632290973608338,0.007019294743845642,0.012730095364825904,0.024085163007318697,0.015768463073852296,0.026447105788423155,0.05331559104014194,0.06302949656243069,0.09254823685961411,0.09638500776225327,0.07355289421157685,0.10876025726325128,0.07395209580838323,0.08300066533599468,0.06580172987358616,0.0319472166777556,0.04971168773563983,0.02125748502994012,0.044278110445775114,0.013506320691949434,0.0054446662231093365,0.002539365713018408,0.0037147926369483254,0.0064981148813484145,0.0043135950321579065,0.0010201818585052118,8.871146595697493e-05,0.0,0.0,6.65335994677312e-05,0.0,0.0,0.0,0.0,0.0,0.0,0.0,0.0,0.0,0.0,0.0,0.0,0.0,0.0,0.0,0.0,0.0,0.0,0.0,0.0,0.0,0.0,0.0,0.0,0.0,0.0,0.0,0.0,0.0,0.0,0.0,0.0,0.0,0.0,0.0,0.0,0.0,0.0,0.0,0.0,0.0,0.0,nan,nan,4.318339100346021,2.8930849441396456,nan,0.9309948997783457,0.022798635483876444,0.0,0.0,0.0,0.0,0.0,0.0,0.0,0.0,0.0,0.0,0.0,0.0,0.0,0.0,0.0,0.0,0.0,0.0,0.0,0.0,0.0,0.0,0.0,0.0,0.0,0.038543897216274096,2.4925053533190584,13.695931477516064,11.910064239828698,1.8629550321199146,0.9306503934057458,0.02343728354609091,0.0,0.0,0.0,0.0,0.0,0.0,0.0,0.0,0.0,0.0,0.0,0.0,0.0,0.0,0.0,0.0,0.0,0.0,0.0,0.0,0.0,0.0,0.0,0.0,0.0,0.0689972401103956,2.9116835326586945,13.247470101195956,12.019319227230914,1.7525298988040483,0.3982,0.00967,0.0,0.0,0.0,0.0,0.0,0.0,0.0,0.0,0.0,0.0,0.06423982869379016,16.98501070663809,12.950749464668098,0.0,0.0,0.0,0.0,0.0,0.0,0.0,0.0,0.0,0.0,0.0,0.0,0.0,0.0,0.0,0.0,0.0,0.3977,0.010025,0.0,0.0,0.0,0.0,0.0,0.0,0.0,0.0,0.0,0.0,0.0689972401103956,17.497700091996293,12.419503219871208,0.01379944802207912,0.0,0.0,0.0,0.0,0.0,0.0,0.0,0.0,0.0,0.0,0.0,0.0,0.0,0.0,0.0,0.0
19500,4581,2334,0.5094957432874918,1113,935,0.44706395983409736,1292,0.5640689805719276,0.426,2.9190031152647977,3.107569935903672,6.59967585089141,2.1680305484348703,9498.6712508186,1614.7087274097528,7853.0,11083.0,11083.0,0.0,7853.0,0.0,28.13817943680419,20.883516677263433,32.95992761116856,19.145153835977386,0.13534162846540057,0.1019428072473259,0.08950010914647456,0.09364767518009168,0.07574765335079676,0.0748744815542458,0.07247325911373062,0.06046714691115477,0.05762933857236411,0.048897620606854396,0.04780615586116568,0.04518664047151277,0.035800043658589825,0.0290329622353198,0.015280506439642,0.008731717965509714,0.007640253219821,0.9302856338594033,0.02314199010806741,0.0,0.0,0.0,0.0,0.0,0.0,0.0,0.0,0.0,0.0,0.0,0.0,0.0,0.0,0.0,0.0,0.0,0.0,0.0,0.0,0.0,0.0,0.0,0.0,0.0,0.07203667321545515,2.914210870988868,13.588736083824495,11.702685003274397,1.7223313686967916,4.296621621621622,2.9206606884110657,nan,nan,nan,4.237873754152824,2.8765105748201276,4.355570839064649,2.964620575313694,1.0277726736896042,0.3975,0.01015,0.0,0.0,0.0,0.0,0.0,0.0,0.0,0.0,0.0,0.0,0.01964636542239686,18.140144073346406,11.833660772757042,0.006548788474132287,0.0,0.0,0.0,0.0,0.0,0.0,0.0,0.0,0.0,0.0,0.0,0.0,0.0,0.0,0.0,0.0,nan,nan,4.296621621621622,2.9206606884110657,nan,0.3975,0.04572,0.0,0.0,0.0,0.0,0.0,0.0,0.0,0.0,0.0,0.0,0.0,0.0,0.0,0.0,0.0,0.0,0.0,0.0,0.0,0.0,7.640253219821e-05,0.0,0.00021829294913774285,0.0003492687186203886,0.005915738921632831,0.0,0.0003929273084479371,0.001997380484610347,0.0001855490067670814,0.01008513425016372,0.0071163501418904165,0.014636542239685657,0.02260423488321327,0.015225933202357564,0.026784544859201048,0.05363457760314342,0.06576075092774504,0.09241432001746344,0.09835188823401005,0.07116350141890417,0.11049989085352543,0.07089063523248199,0.08342065051298843,0.06702685003274395,0.03156516044531762,0.05165902641344684,0.0205413665138616,0.04201047806155861,0.013359528487229863,0.0048788474132285525,0.002204758786291203,0.00336171141672124,0.00626500764025322,0.004540493342065051,0.0006767081423270029,4.365858982754857e-05,4.365858982754857e-05,0.0,9.823182711198428e-05,0.0,0.0,0.0,0.0,0.0,0.0,0.0,0.0,0.0,0.0,0.0,0.0,0.0,0.0,0.0,0.0,0.0,0.0,0.0,0.0,0.0,0.0,0.0,0.0,0.0,0.0,0.0,0.0,0.0,0.0,0.0,0.0,0.0,0.0,0.0,0.0,0.0,0.0,0.0,0.0,0.0,0.0,nan,nan,4.296621621621622,2.9206606884110657,nan,0.9303897415457777,0.023153665708999488,0.0,0.0,0.0,0.0,0.0,0.0,0.0,0.0,0.0,0.0,0.0,0.0,0.0,0.0,0.0,0.0,0.0,0.0,0.0,0.0,0.0,0.0,0.0,0.0,0.0,0.07712082262210798,2.8406169665809777,13.54755784061697,11.735218508997432,1.7994858611825197,0.9301774953013269,0.023129360046797377,0.0,0.0,0.0,0.0,0.0,0.0,0.0,0.0,0.0,0.0,0.0,0.0,0.0,0.0,0.0,0.0,0.0,0.0,0.0,0.0,0.0,0.0,0.0,0.0,0.0,0.06675567423230976,2.9906542056074774,13.631508678237653,11.668891855807747,1.6421895861148201,0.3972,0.010086,0.0,0.0,0.0,0.0,0.0,0.0,0.0,0.0,0.0,0.0,0.0,18.753213367609227,11.246786632390748,0.0,0.0,0.0,0.0,0.0,0.0,0.0,0.0,0.0,0.0,0.0,0.0,0.0,0.0,0.0,0.0,0.0,0.3977,0.01021,0.0,0.0,0.0,0.0,0.0,0.0,0.0,0.0,0.0,0.0,0.040053404539385856,17.50333778371159,12.44325767690254,0.013351134846461953,0.0,0.0,0.0,0.0,0.0,0.0,0.0,0.0,0.0,0.0,0.0,0.0,0.0,0.0,0.0,0.0
19600,4758,2469,0.5189155107187894,1171,996,0.45544346364018495,1360,0.5716687683900799,0.41,2.9467016164263873,3.0742591443593628,6.5552,2.173419646547808,9529.09709962169,1613.8439033617278,7853.0,11083.0,11083.0,0.0,7853.0,0.0,27.797604035308954,20.859636658055567,32.923639112903224,19.049290522697888,0.14396805380411937,0.10298444724674233,0.08532997057587222,0.08575031525851198,0.08575031525851198,0.07040773434216058,0.07377049180327869,0.06473308112652375,0.053593947036569986,0.05590584279108869,0.04623791509037411,0.04077343421605717,0.030685161832702815,0.025220680958385876,0.017023959646910468,0.00903741067675494,0.008827238335435058,0.9301722347611087,0.023357053167167775,0.0,0.0,0.0,0.0,0.0,0.0,0.0,0.0,0.0,0.0,0.0,0.0,0.0,0.0,0.0,0.0,0.0,0.0,0.0,0.0,0.0,0.0,0.0,0.0,0.006305170239596471,0.09457755359394707,2.8625472887767978,13.581336696090798,11.715006305170242,1.740226986128626,4.234471544715447,2.8679301063168805,nan,nan,nan,4.327342747111682,2.8695487695014914,4.139090309822017,2.863132776821742,0.956496989424904,0.3972,0.0099,0.0,0.0,0.0,0.0,0.0,0.0,0.0,0.0,0.0,0.0,0.006305170239596471,18.366960907944488,11.620428751576295,0.006305170239596471,0.0,0.0,0.0,0.0,0.0,0.0,0.0,0.0,0.0,0.0,0.0,0.0,0.0,0.0,0.0,0.0,nan,nan,4.234471544715447,2.8679301063168805,nan,0.3972,0.04614,0.0,0.0,0.0,0.0,0.0,0.0,0.0,0.0,0.0,0.0,0.0,0.0,0.0,0.0,0.0,0.0,0.0,0.0,0.0,0.0,6.305170239596469e-05,0.0,0.0002101723413198823,0.00038881883144178226,0.00671500630517024,1.0508617065994115e-05,0.00012610340479192938,0.0019861286254728877,0.00012610340479192938,0.010350987810004203,0.008764186633039092,0.01460697772173182,0.02313997477931904,0.01496427070197562,0.027437999159310635,0.05342580916351408,0.06298865069356872,0.09461958806221102,0.09933795712484238,0.06861076082387557,0.11020386717108029,0.0698192517864649,0.08133669609079446,0.06926229508196721,0.03191467002942413,0.05176544766708701,0.020849096258932324,0.04083648591845313,0.013934426229508197,0.005033627574611181,0.0020596889449348466,0.0029739386296763347,0.006063472047078604,0.00498108448928121,0.0009352669188734762,4.203446826397646e-05,0.0,0.0,0.00011559478772593527,0.0,0.0,0.0,0.0,0.0,0.0,0.0,0.0,0.0,0.0,0.0,0.0,0.0,0.0,0.0,0.0,0.0,0.0,0.0,0.0,0.0,0.0,0.0,0.0,0.0,0.0,0.0,0.0,0.0,0.0,0.0,0.0,0.0,0.0,0.0,0.0,0.0,0.0,0.0,0.0,0.0,0.0,nan,nan,4.234471544715447,2.8679301063168805,nan,0.9297218650591523,0.02353408858420379,0.0,0.0,0.0,0.0,0.0,0.0,0.0,0.0,0.0,0.0,0.0,0.0,0.0,0.0,0.0,0.0,0.0,0.0,0.0,0.0,0.0,0.0,0.0,0.0,0.0,0.12150668286755774,2.964763061968409,13.86391251518834,11.348724179829894,1.7010935601458084,0.9306580201670196,0.0231547613470421,0.0,0.0,0.0,0.0,0.0,0.0,0.0,0.0,0.0,0.0,0.0,0.0,0.0,0.0,0.0,0.0,0.0,0.0,0.0,0.0,0.0,0.0,0.0,0.0,0.013106159895150724,0.06553079947575362,2.752293577981652,13.276539973787683,12.11009174311927,1.7824377457404985,0.397,0.009796,0.0,0.0,0.0,0.0,0.0,0.0,0.0,0.0,0.0,0.0,0.0,18.420413122721722,11.579586877278253,0.0,0.0,0.0,0.0,0.0,0.0,0.0,0.0,0.0,0.0,0.0,0.0,0.0,0.0,0.0,0.0,0.0,0.3972,0.01002,0.0,0.0,0.0,0.0,0.0,0.0,0.0,0.0,0.0,0.0,0.013106159895150724,18.309305373525532,11.664482306684144,0.013106159895150724,0.0,0.0,0.0,0.0,0.0,0.0,0.0,0.0,0.0,0.0,0.0,0.0,0.0,0.0,0.0,0.0
19700,4766,2462,0.5165757448594209,1162,988,0.4511120436424675,1335,0.5602182123373899,0.422,2.8910590277777777,3.0665120981180896,6.638752052545156,2.1244241764250384,9521.53965589593,1614.112296355661,7853.0,11083.0,11083.0,0.0,7853.0,0.0,27.813260595887538,20.815365432502386,32.860908862666335,19.044808504791064,0.1376416281997482,0.10721779269827948,0.08917331095258078,0.08371800251783466,0.07994125052454888,0.08057070919009651,0.06966009232060429,0.0677717163239614,0.05518254301300881,0.048468317247167436,0.047209399916072176,0.04007553503986572,0.0346202266051196,0.023919429290809903,0.01678556441460344,0.011120436424674779,0.0069240453210239195,0.9291703373106197,0.02335368470721315,0.0,0.0,0.0,0.0,0.0,0.0,0.0,0.0,0.0,0.0,0.0,0.0,0.0,0.0,0.0,0.0,0.0,0.0,0.0,0.0,0.0,0.0,0.0,0.0,0.0,0.151070079731431,3.0339907679395726,13.778850188837604,11.342845153168279,1.6932438103231224,4.194995125121872,2.8412099779403435,nan,nan,nan,4.274382314694408,2.8681709942984717,4.115659519168291,2.8117700965327366,0.9628664953575954,0.397,0.01015,0.0,0.0,0.0,0.0,0.0,0.0,0.0,0.0,0.0,0.0,0.03776751993285775,18.663449433487173,11.292488459924469,0.006294586655476292,0.0,0.0,0.0,0.0,0.0,0.0,0.0,0.0,0.0,0.0,0.0,0.0,0.0,0.0,0.0,0.0,nan,nan,4.194995125121872,2.8412099779403435,nan,0.397,0.04614,0.0,0.0,0.0,0.0,0.0,0.0,0.0,0.0,0.0,0.0,0.0,0.0,0.0,0.0,0.0,0.0,0.0,0.0,0.0,0.0,3.147293327738145e-05,0.0,0.0001888375996642887,0.000346202266051196,0.006399496433067562,0.0001258917331095258,0.0001049097775912715,0.002182123373898447,0.00011540075535039866,0.011298783046579941,0.008371800251783466,0.015054553084347461,0.023520772135963073,0.015621065883340328,0.027412924884599246,0.05237096097356274,0.06442509441879983,0.09639110365086026,0.09693663449433487,0.06841166596726815,0.10926353336130927,0.07066722618548049,0.07744439781787663,0.07212547209399917,0.03214435585396559,0.05314729332773815,0.021475031472933278,0.03901594628619387,0.013816617708770457,0.004584557280738565,0.002360469995803609,0.0027486361728913133,0.005350398657154847,0.00519303399076794,0.0010910616869492236,7.343684431389005e-05,0.0,6.29458665547629e-05,0.0001258917331095258,0.0,0.0,0.0,0.0,0.0,0.0,0.0,0.0,0.0,0.0,0.0,0.0,0.0,0.0,0.0,0.0,0.0,0.0,0.0,0.0,0.0,0.0,0.0,0.0,0.0,0.0,0.0,0.0,0.0,0.0,0.0,0.0,0.0,0.0,0.0,0.0,0.0,0.0,0.0,0.0,0.0,0.0,nan,nan,4.194995125121872,2.8412099779403435,nan,0.9295893020982379,0.023538670705964337,0.0,0.0,0.0,0.0,0.0,0.0,0.0,0.0,0.0,0.0,0.0,0.0,0.0,0.0,0.0,0.0,0.0,0.0,0.0,0.0,0.0,0.0,0.0,0.0,0.0,0.18277822908204716,3.021933387489846,13.65962632006499,11.356620633631197,1.7790414297319257,0.9287226414307952,0.023145999627663467,0.0,0.0,0.0,0.0,0.0,0.0,0.0,0.0,0.0,0.0,0.0,0.0,0.0,0.0,0.0,0.0,0.0,0.0,0.0,0.0,0.0,0.0,0.0,0.0,0.0,0.11718750000000003,3.046875000000001,13.906250000000004,11.328125000000004,1.6015625000000004,0.397,0.01025,0.0,0.0,0.0,0.0,0.0,0.0,0.0,0.0,0.0,0.0,0.03655564581640943,18.411860276198187,11.539398862713245,0.012185215272136478,0.0,0.0,0.0,0.0,0.0,0.0,0.0,0.0,0.0,0.0,0.0,0.0,0.0,0.0,0.0,0.0,0.397,0.01005,0.0,0.0,0.0,0.0,0.0,0.0,0.0,0.0,0.0,0.0,0.03906250000000001,18.93229166666664,11.028645833333336,0.0,0.0,0.0,0.0,0.0,0.0,0.0,0.0,0.0,0.0,0.0,0.0,0.0,0.0,0.0,0.0,0.0
19800,4690,2500,0.5330490405117271,1202,929,0.45437100213219617,1293,0.5513859275053304,0.38199999999999995,2.931963470319635,2.9731571213227155,6.203100775193798,2.1271204827145773,9574.748400852879,1611.468205989604,7853.0,11083.0,11083.0,0.0,7853.0,0.0,29.556503198294244,21.035940037788755,34.042410714285715,19.25515126247617,0.1208955223880597,0.0955223880597015,0.09040511727078891,0.08038379530916845,0.07420042643923241,0.07611940298507462,0.07270788912579958,0.06844349680170576,0.06375266524520255,0.055010660980810235,0.05373134328358209,0.0464818763326226,0.035181236673773986,0.02771855010660981,0.020895522388059702,0.011087420042643924,0.007462686567164179,0.9295967554359802,0.022851765055337467,0.0,0.0,0.0,0.0,0.0,0.0,0.0,0.0,0.0,0.0,0.0,0.0,0.0,0.0,0.0,0.0,0.0,0.0,0.0,0.0,0.0,0.0,0.0,0.0,0.0,0.0959488272921109,2.8912579957356086,13.957356076759066,11.321961620469086,1.7334754797441367,4.008563273073263,2.8204977141306316,nan,nan,nan,3.9802798982188294,2.846629706339721,4.036685641998735,2.7939883318854886,1.014171300818605,0.3967,0.010735,0.0,0.0,0.0,0.0,0.0,0.0,0.0,0.0,0.0,0.0,0.10874200426439234,18.287846481876304,11.590618336886997,0.012793176972281453,0.0,0.0,0.0,0.0,0.0,0.0,0.0,0.0,0.0,0.0,0.0,0.0,0.0,0.0,0.0,0.0,nan,nan,4.008563273073263,2.8204977141306316,nan,0.3967,0.0469,0.0,0.0,0.0,0.0,0.0,0.0,0.0,0.0,0.0,0.0,0.0,0.0,0.0,0.0,0.0,0.0,0.0,0.0,0.0,0.0,0.0,0.0,0.0004157782515991471,0.0003091684434968017,0.006343283582089552,0.0001279317697228145,0.00013859275053304903,0.002505330490405117,0.00015991471215351814,0.011886993603411514,0.009019189765458423,0.015884861407249467,0.023368869936034115,0.016481876332622603,0.02943496801705757,0.05249466950959488,0.06408315565031983,0.09520255863539445,0.09287846481876333,0.070863539445629,0.10691897654584222,0.06943496801705756,0.07624733475479745,0.06953091684434969,0.0337953091684435,0.05248400852878465,0.02146055437100213,0.04165245202558635,0.014189765458422175,0.004168443496801706,0.002974413646055437,0.0028997867803837955,0.005628997867803838,0.005767590618336887,0.0007782515991471216,4.2643923240938166e-05,0.00010660980810234541,0.00011727078891257995,0.0002025586353944563,0.0,0.0,0.0,0.0,0.0,0.0,0.0,0.0,0.0,0.0,0.0,0.0,0.0,0.0,0.0,0.0,0.0,0.0,0.0,0.0,0.0,0.0,0.0,0.0,0.0,0.0,0.0,0.0,0.0,0.0,0.0,0.0,0.0,0.0,0.0,0.0,0.0,0.0,0.0,0.0,0.0,0.0,nan,nan,4.008563273073263,2.8204977141306316,nan,0.9299913098573684,0.023002101881455704,0.0,0.0,0.0,0.0,0.0,0.0,0.0,0.0,0.0,0.0,0.0,0.0,0.0,0.0,0.0,0.0,0.0,0.0,0.0,0.0,0.0,0.0,0.0,0.0,0.0,0.12000000000000002,2.6640000000000006,13.896000000000003,11.532000000000004,1.7880000000000003,0.9291463508453544,0.02267053753564446,0.0,0.0,0.0,0.0,0.0,0.0,0.0,0.0,0.0,0.0,0.0,0.0,0.0,0.0,0.0,0.0,0.0,0.0,0.0,0.0,0.0,0.0,0.0,0.0,0.0,0.06849315068493152,3.1506849315068504,14.027397260273975,11.082191780821919,1.6712328767123292,0.3967,0.010735,0.0,0.0,0.0,0.0,0.0,0.0,0.0,0.0,0.0,0.0,0.10800000000000003,18.359999999999975,11.520000000000003,0.012000000000000002,0.0,0.0,0.0,0.0,0.0,0.0,0.0,0.0,0.0,0.0,0.0,0.0,0.0,0.0,0.0,0.0,0.3967,0.010735,0.0,0.0,0.0,0.0,0.0,0.0,0.0,0.0,0.0,0.0,0.10958904109589043,18.205479452054767,11.671232876712333,0.013698630136986304,0.0,0.0,0.0,0.0,0.0,0.0,0.0,0.0,0.0,0.0,0.0,0.0,0.0,0.0,0.0,0.0
19900,4156,2131,0.512752646775746,938,902,0.44273339749759383,1202,0.5784408084696824,0.418,2.8918518518518517,3.0543484933440164,6.502824858757062,2.320280586769758,9509.191049085659,1614.4746196441806,7853.0,11083.0,11083.0,0.0,7853.0,0.0,28.084696823869105,21.13579648033251,33.14852054007469,19.36148377509381,0.14292589027911454,0.09769008662175169,0.09432146294513956,0.07868142444658326,0.08349374398460058,0.07940327237728585,0.0661693936477382,0.06231953801732435,0.05871029836381136,0.05149181905678537,0.04475457170356112,0.03897978825794033,0.03392685274302214,0.029836381135707413,0.0178055822906641,0.01010587102983638,0.009384023099133783,0.9302538057808927,0.022736685439959756,0.0,0.0,0.0,0.0,0.0,0.0,0.0,0.0,0.0,0.0,0.0,0.0,0.0,0.0,0.0,0.0,0.0,0.0,0.0,0.0,0.0,0.0,0.0,0.0,0.0,0.07218479307025988,2.8079884504331094,13.570741097208858,11.939364773820985,1.6097208854667955,4.282624906785981,2.830915557484511,nan,nan,nan,4.288504883546206,2.832835022287711,4.276831976313842,2.8290112833804972,0.9972780939862865,0.3972,0.01076,0.0,0.0,0.0,0.0,0.0,0.0,0.0,0.0,0.0,0.0,0.07218479307025988,18.118383060635203,11.780558229066411,0.02887391722810395,0.0,0.0,0.0,0.0,0.0,0.0,0.0,0.0,0.0,0.0,0.0,0.0,0.0,0.0,0.0,0.0,nan,nan,4.282624906785981,2.830915557484511,nan,0.3972,0.04712,0.0,0.0,0.0,0.0,0.0,0.0,0.0,0.0,0.0,0.0,0.0,0.0,0.0,0.0,0.0,0.0,0.0,0.0,0.0,0.0,0.0,1.203079884504331e-05,0.00048123195380173246,0.00013233878729547642,0.006412415784408085,4.812319538017324e-05,0.00018046198267564965,0.002285851780558229,0.00016843118383060636,0.012945139557266602,0.009071222329162656,0.015543792107795957,0.024627045235803658,0.01654234841193455,0.028585178055822908,0.05043310875842156,0.06317372473532243,0.09464629451395573,0.0885827718960539,0.0671077959576516,0.11056304138594802,0.07296679499518768,0.0787776708373436,0.06903272377285852,0.03330125120307988,0.052610683349374396,0.020981713185755535,0.041337824831568816,0.016337824831568815,0.004198748796920115,0.0032242540904716074,0.002670837343599615,0.00512512030798845,0.006641000962463907,0.0007940327237728586,3.609239653512993e-05,0.00018046198267564965,0.00013233878729547642,0.0001082771896053898,0.0,0.0,0.0,0.0,0.0,0.0,0.0,0.0,0.0,0.0,0.0,0.0,0.0,0.0,0.0,0.0,0.0,0.0,0.0,0.0,0.0,0.0,0.0,0.0,0.0,0.0,0.0,0.0,0.0,0.0,0.0,0.0,0.0,0.0,0.0,0.0,0.0,0.0,0.0,0.0,0.0,0.0,nan,nan,4.282624906785981,2.830915557484511,nan,0.930101704479998,0.022598810963084432,0.0,0.0,0.0,0.0,0.0,0.0,0.0,0.0,0.0,0.0,0.0,0.0,0.0,0.0,0.0,0.0,0.0,0.0,0.0,0.0,0.0,0.0,0.0,0.0,0.0,0.014077897700610046,2.7874237447207886,13.923040825903335,11.755044580009388,1.520412951665885,0.9304138689276613,0.022879788000208838,0.0,0.0,0.0,0.0,0.0,0.0,0.0,0.0,0.0,0.0,0.0,0.0,0.0,0.0,0.0,0.0,0.0,0.0,0.0,0.0,0.0,0.0,0.0,0.0,0.0,0.13333333333333336,2.82962962962963,13.200000000000003,12.133333333333335,1.7037037037037042,0.397,0.01063,0.0,0.0,0.0,0.0,0.0,0.0,0.0,0.0,0.0,0.0,0.07038948850305023,18.357578601595467,11.543876114500238,0.028155795401220093,0.0,0.0,0.0,0.0,0.0,0.0,0.0,0.0,0.0,0.0,0.0,0.0,0.0,0.0,0.0,0.0,0.3975,0.010895,0.0,0.0,0.0,0.0,0.0,0.0,0.0,0.0,0.0,0.0,0.07407407407407408,17.866666666666642,12.029629629629632,0.029629629629629638,0.0,0.0,0.0,0.0,0.0,0.0,0.0,0.0,0.0,0.0,0.0,0.0,0.0,0.0,0.0,0.0
20000,3951,2119,0.5363199190078461,991,758,0.44267274107820803,1060,0.536573019488737,0.434,3.0103711790393013,3.110484010448645,6.595744680851064,2.06214412007247,9585.313338395343,1610.733553581889,7853.0,11083.0,11083.0,0.0,7853.0,0.0,28.05517590483422,21.034375281208202,33.07280966767372,19.29536247266915,0.13718046064287523,0.10427739812705644,0.0885851683118198,0.0923816755251835,0.07719564667172868,0.0777018476335105,0.06327512022272842,0.06605922551252848,0.05492280435332827,0.057200708681346496,0.04884839281194634,0.03771197165274614,0.029865856745127817,0.0240445456846368,0.018223234624145785,0.01442672741078208,0.008099215388509239,0.9289137141760679,0.02322009533260499,0.0,0.0,0.0,0.0,0.0,0.0,0.0,0.0,0.0,0.0,0.0,0.0,0.0,0.0,0.0,0.0,0.0,0.0,0.0,0.0,0.0,0.0,0.0,0.0,0.0,0.10630220197418377,3.0751708428246016,14.153378891419898,11.025056947608203,1.640091116173121,4.1520190023752965,2.874218865489045,nan,nan,nan,4.166535122336227,2.860042483331631,4.139109697933227,2.888860217595478,0.9934176903355558,0.3972,0.01019,0.0,0.0,0.0,0.0,0.0,0.0,0.0,0.0,0.0,0.0,0.045558086560364475,18.31435079726649,11.640091116173123,0.0,0.0,0.0,0.0,0.0,0.0,0.0,0.0,0.0,0.0,0.0,0.0,0.0,0.0,0.0,0.0,0.0,nan,nan,4.1520190023752965,2.874218865489045,nan,0.3972,0.04733,0.0,0.0,0.0,0.0,0.0,0.0,0.0,0.0,0.0,0.0,0.0,0.0,0.0,0.0,0.0,0.0,0.0,0.0,0.0,0.0,0.0,0.0,0.00039230574538091624,0.00013920526449000254,0.005909896228802835,0.00015186028853454822,0.00037965072133637056,0.002417109592508226,0.00012655024044545685,0.01462920779549481,0.009579853201721084,0.0159832953682612,0.02219691217413313,0.016616046570488485,0.027195646671728677,0.05168311819792457,0.06608453556061757,0.09516578081498354,0.08882561376866616,0.06446469248291571,0.10796001012401923,0.07337382941027588,0.07965072133637054,0.06755251834978486,0.03394077448747153,0.050974436851430015,0.02175398633257403,0.041736269298911666,0.017552518349784864,0.004011642622120982,0.0037838521893191596,0.0035180966843837004,0.004631738800303721,0.006631232599341939,0.0007339913945836497,1.2655024044545685e-05,6.327512022272843e-05,5.062009617818274e-05,0.00012655024044545685,0.0,0.0,0.0,0.0,0.0,0.0,0.0,0.0,0.0,0.0,0.0,0.0,0.0,0.0,0.0,0.0,0.0,0.0,0.0,0.0,0.0,0.0,0.0,0.0,0.0,0.0,0.0,0.0,0.0,0.0,0.0,0.0,0.0,0.0,0.0,0.0,0.0,0.0,0.0,0.0,0.0,0.0,nan,nan,4.1520190023752965,2.874218865489045,nan,0.9292306700029593,0.02346895212807922,0.0,0.0,0.0,0.0,0.0,0.0,0.0,0.0,0.0,0.0,0.0,0.0,0.0,0.0,0.0,0.0,0.0,0.0,0.0,0.0,0.0,0.0,0.0,0.0,0.0,0.1132609721566777,3.015573383671544,14.228409627182637,10.78810759792355,1.8546484190655974,0.9285471042431077,0.022923418829451137,0.0,0.0,0.0,0.0,0.0,0.0,0.0,0.0,0.0,0.0,0.0,0.0,0.0,0.0,0.0,0.0,0.0,0.0,0.0,0.0,0.0,0.0,0.0,0.0,0.0,0.09825327510917033,3.1441048034934505,14.066593886462886,11.299126637554588,1.391921397379913,0.397,0.01014,0.0,0.0,0.0,0.0,0.0,0.0,0.0,0.0,0.0,0.0,0.028315243039169425,18.348277489381758,11.62340726757905,0.0,0.0,0.0,0.0,0.0,0.0,0.0,0.0,0.0,0.0,0.0,0.0,0.0,0.0,0.0,0.0,0.0,0.3972,0.010254,0.0,0.0,0.0,0.0,0.0,0.0,0.0,0.0,0.0,0.0,0.06550218340611355,18.275109170305647,11.659388646288212,0.0,0.0,0.0,0.0,0.0,0.0,0.0,0.0,0.0,0.0,0.0,0.0,0.0,0.0,0.0,0.0,0.0
20100,4292,2245,0.5230661696178938,1027,853,0.4380242311276794,1205,0.5615097856477167,0.40199999999999997,3.0288226673180265,3.129457209220487,6.570219966159052,2.177735311117178,9542.503727865796,1613.280569068536,7853.0,11083.0,11083.0,0.0,7853.0,0.0,27.649580615097857,20.743962220444775,32.50360310421286,19.064614378101407,0.13956197576887233,0.10251630941286113,0.09273066169617894,0.09226467847157502,0.08690587138863001,0.07851817334575956,0.05521901211556384,0.06150978564771668,0.05428704566635601,0.053821062441752096,0.05149114631873253,0.037977632805219014,0.034482758620689655,0.023765144454799627,0.02096924510717614,0.009552656104380242,0.004426840633737186,0.9286931423472113,0.023054485372396172,0.0,0.0,0.0,0.0,0.0,0.0,0.0,0.0,0.0,0.0,0.0,0.0,0.0,0.0,0.0,0.0,0.0,0.0,0.0,0.0,0.0,0.0,0.0,0.0,0.0069897483690587155,0.07688723205964587,3.131407269338305,14.126281453867664,11.169617893755827,1.4888164026095065,4.28816029143898,2.8920508608869464,nan,nan,nan,4.250901225666907,2.941472635299576,4.3262150220913105,2.8401817477488334,1.0177171363026878,0.397,0.01009,0.0,0.0,0.0,0.0,0.0,0.0,0.0,0.0,0.0,0.0,0.020969245107176144,18.515843429636504,11.456197576887236,0.0069897483690587155,0.0,0.0,0.0,0.0,0.0,0.0,0.0,0.0,0.0,0.0,0.0,0.0,0.0,0.0,0.0,0.0,nan,nan,4.28816029143898,2.8920508608869464,nan,0.397,0.0473,0.0,0.0,0.0,0.0,0.0,0.0,0.0,0.0,0.0,0.0,0.0,0.0,0.0,0.0,0.0,0.0,0.0,0.0,0.0,0.0,0.0,0.0,0.0006174277726001864,4.659832246039143e-05,0.005347157502329916,0.00017474370922646785,0.0003494874184529357,0.0022250698974836908,6.989748369058713e-05,0.01587837837837838,0.009843895619757688,0.01538909599254427,0.022635135135135136,0.014561975768872321,0.027784249767008388,0.05295899347623485,0.06736952469711091,0.09596924510717614,0.09221808014911463,0.06503960857409133,0.10121155638397018,0.07294967381174278,0.0804520037278658,0.06966449207828518,0.030498602050326187,0.05092031686859273,0.02108574091332712,0.042299627213420316,0.01853448275862069,0.005230661696178938,0.0034482758620689655,0.0035647716682199442,0.004391891891891892,0.006232525629077354,0.0006640260950605779,4.659832246039143e-05,0.0,0.0,0.00032618825722274,0.0,0.0,0.0,0.0,0.0,0.0,0.0,0.0,0.0,0.0,0.0,0.0,0.0,0.0,0.0,0.0,0.0,0.0,0.0,0.0,0.0,0.0,0.0,0.0,0.0,0.0,0.0,0.0,0.0,0.0,0.0,0.0,0.0,0.0,0.0,0.0,0.0,0.0,0.0,0.0,0.0,0.0,nan,nan,4.28816029143898,2.8920508608869464,nan,0.9281928265811605,0.023324624578356684,0.0,0.0,0.0,0.0,0.0,0.0,0.0,0.0,0.0,0.0,0.0,0.0,0.0,0.0,0.0,0.0,0.0,0.0,0.0,0.0,0.0,0.0,0.0,0.0,0.013363028953229402,0.10690423162583522,3.3674832962138095,14.231625835189313,10.850779510022273,1.429844097995546,0.9292418521150589,0.022741877573081208,0.0,0.0,0.0,0.0,0.0,0.0,0.0,0.0,0.0,0.0,0.0,0.0,0.0,0.0,0.0,0.0,0.0,0.0,0.0,0.0,0.0,0.0,0.0,0.0,0.0,0.04396678065461652,2.8724963361016127,14.010747435271131,11.519296531509529,1.5534929164631173,0.397,0.01013,0.0,0.0,0.0,0.0,0.0,0.0,0.0,0.0,0.0,0.0,0.013363028953229402,18.28062360801779,11.706013363028957,0.0,0.0,0.0,0.0,0.0,0.0,0.0,0.0,0.0,0.0,0.0,0.0,0.0,0.0,0.0,0.0,0.0,0.397,0.010056,0.0,0.0,0.0,0.0,0.0,0.0,0.0,0.0,0.0,0.0,0.02931118710307768,18.77381533952122,11.182217879824135,0.01465559355153884,0.0,0.0,0.0,0.0,0.0,0.0,0.0,0.0,0.0,0.0,0.0,0.0,0.0,0.0,0.0,0.0
20200,4201,2180,0.5189240656986431,1028,876,0.453225422518448,1196,0.569388240895025,0.414,2.9732805541810983,3.090468111293211,6.642477876106195,2.137644279030032,9529.124732206617,1613.8428570070473,7853.0,11083.0,11083.0,0.0,7853.0,0.0,27.6653177814806,20.79977567491577,32.91657110091743,18.92001453935109,0.14996429421566293,0.09259700071411568,0.08664603665793859,0.09497738633658653,0.07950487979052606,0.07236372292311355,0.07331587717210188,0.06807902880266603,0.0580814091882885,0.04855986669840514,0.04356105689121638,0.0402285170197572,0.033563437276838845,0.023565817662461318,0.01904308497976672,0.008331349678647942,0.007617233991906689,0.9288349996093227,0.02285350409011664,0.0,0.0,0.0,0.0,0.0,0.0,0.0,0.0,0.0,0.0,0.0,0.0,0.0,0.0,0.0,0.0,0.0,0.0,0.0,0.0,0.0,0.0,0.0,0.0,0.0,0.09997619614377531,2.8493215900975963,14.66793620566532,10.968816948345633,1.4139490597476794,4.255060728744939,2.8894642495172076,nan,nan,nan,4.233308877476156,2.8980991286992097,4.276957163958641,2.8805799442133297,1.0103106784186529,0.3972,0.01066,0.0,0.0,0.0,0.0,0.0,0.0,0.0,0.0,0.0,0.0,0.0642704118067127,18.05998571768624,11.840038086169963,0.03570578433706261,0.0,0.0,0.0,0.0,0.0,0.0,0.0,0.0,0.0,0.0,0.0,0.0,0.0,0.0,0.0,0.0,nan,nan,4.255060728744939,2.8894642495172076,nan,0.3972,0.04752,0.0,0.0,0.0,0.0,0.0,0.0,0.0,0.0,0.0,0.0,0.0,0.0,0.0,0.0,0.0,0.0,0.0,0.0,0.0,0.0,0.0,0.0,0.0006308021899547727,2.3803856224708402e-05,0.005772435134491788,0.0002499404903594382,0.00041656748393239704,0.002189954772673173,4.7607712449416804e-05,0.01621042608902642,0.00997381575815282,0.015472506546060461,0.02163770530825994,0.013389669126398477,0.02688645560580814,0.05058319447750535,0.06763865746250892,0.09953582480361818,0.09357295881932873,0.0631754344203761,0.09841704356105689,0.07414901213996668,0.08234944060937872,0.07080457034039514,0.029754820280885504,0.049928588431325874,0.022137586288978814,0.0420733158771721,0.017840990240418946,0.004796477029278743,0.003891930492739824,0.003915734348964532,0.00476077124494168,0.006879314448940728,0.0005712925493930016,2.3803856224708402e-05,0.0,0.0,0.000297548202808855,0.0,0.0,0.0,0.0,0.0,0.0,0.0,0.0,0.0,0.0,0.0,0.0,0.0,0.0,0.0,0.0,0.0,0.0,0.0,0.0,0.0,0.0,0.0,0.0,0.0,0.0,0.0,0.0,0.0,0.0,0.0,0.0,0.0,0.0,0.0,0.0,0.0,0.0,0.0,0.0,0.0,0.0,nan,nan,4.255060728744939,2.8894642495172076,nan,0.9283887104156914,0.02303046232331134,0.0,0.0,0.0,0.0,0.0,0.0,0.0,0.0,0.0,0.0,0.0,0.0,0.0,0.0,0.0,0.0,0.0,0.0,0.0,0.0,0.0,0.0,0.0,0.0,0.0,0.12385321100917433,2.917431192660551,14.807339449541288,10.706422018348626,1.4449541284403673,0.9293164001249665,0.02265121888000783,0.0,0.0,0.0,0.0,0.0,0.0,0.0,0.0,0.0,0.0,0.0,0.0,0.0,0.0,0.0,0.0,0.0,0.0,0.0,0.0,0.0,0.0,0.0,0.0,0.0,0.07422068283028205,2.775853537852549,14.51756556160317,11.251855517070759,1.380504700643246,0.397,0.0106,0.0,0.0,0.0,0.0,0.0,0.0,0.0,0.0,0.0,0.0,0.04128440366972478,18.467889908256854,11.47706422018349,0.01376146788990826,0.0,0.0,0.0,0.0,0.0,0.0,0.0,0.0,0.0,0.0,0.0,0.0,0.0,0.0,0.0,0.0,0.3977,0.01071,0.0,0.0,0.0,0.0,0.0,0.0,0.0,0.0,0.0,0.0,0.08906481939633847,17.61999010390893,12.231568530430483,0.059376546264225644,0.0,0.0,0.0,0.0,0.0,0.0,0.0,0.0,0.0,0.0,0.0,0.0,0.0,0.0,0.0,0.0
20300,4321,2253,0.5214070816940523,1041,848,0.4371673223790789,1184,0.5480212913677389,0.41,3.0285299806576402,3.1262379931658337,6.559865092748735,2.192323257053786,9537.144873871788,1613.5191310973833,7853.0,11083.0,11083.0,0.0,7853.0,0.0,28.260124971071512,21.197889641027174,33.34585635359116,19.399471626948504,0.142791020597084,0.09835686183753761,0.0921083082619764,0.08285119185373756,0.08007405693126592,0.07151122425364499,0.0698912288822032,0.0594769729229345,0.06017125665355242,0.05484841471881509,0.04906271696366582,0.04373987502892849,0.02962277250636427,0.02568849803286276,0.01920851654709558,0.01133996760009257,0.009257116408238834,0.9294322631309994,0.023152821047579562,0.0,0.0,0.0,0.0,0.0,0.0,0.0,0.0,0.0,0.0,0.0,0.0,0.0,0.0,0.0,0.0,0.0,0.0,0.0,0.0,0.0,0.0,0.0,0.0,0.0,0.09719972228650778,2.9784772043508454,14.114788243462165,11.073825503355707,1.7357093265447818,4.38059163059163,2.877832115932283,nan,nan,nan,4.404899135446686,2.841698395975198,4.35621387283237,2.9134165630519346,0.9889474739109142,0.3975,0.010345,0.0,0.0,0.0,0.0,0.0,0.0,0.0,0.0,0.0,0.0,0.034714186530895634,17.850034714186503,12.115251099282577,0.0,0.0,0.0,0.0,0.0,0.0,0.0,0.0,0.0,0.0,0.0,0.0,0.0,0.0,0.0,0.0,0.0,nan,nan,4.38059163059163,2.877832115932283,nan,0.3975,0.0476,0.0,0.0,0.0,0.0,0.0,0.0,0.0,0.0,0.0,0.0,0.0,0.0,0.0,0.0,0.0,0.0,0.0,0.0,0.0,0.0,0.0,0.0,0.00040499884286044897,0.00012728535061328397,0.00563526961351539,4.628558204119417e-05,0.00047442721592224024,0.0017241379310344827,2.3142791020597083e-05,0.016801666280953483,0.009858828974774358,0.016616523952788707,0.023547789863457534,0.012184679472344365,0.026868780374913213,0.04831057625549641,0.06688266604952557,0.1015737097894006,0.09066188382318907,0.06079611201110854,0.09875028928488776,0.07099051145568155,0.08435547327007636,0.07243693589446887,0.03283962045822726,0.0507868548947003,0.023165933811617682,0.040812311964822955,0.018745660726683638,0.004003702846563296,0.004038417033094191,0.003633418190233742,0.0048947003008562836,0.006364267530664198,0.0014232816477667207,4.628558204119417e-05,0.0,0.0,0.00017357093265447812,0.0,0.0,0.0,0.0,0.0,0.0,0.0,0.0,0.0,0.0,0.0,0.0,0.0,0.0,0.0,0.0,0.0,0.0,0.0,0.0,0.0,0.0,0.0,0.0,0.0,0.0,0.0,0.0,0.0,0.0,0.0,0.0,0.0,0.0,0.0,0.0,0.0,0.0,0.0,0.0,0.0,0.0,nan,nan,4.38059163059163,2.877832115932283,nan,0.9294613993966838,0.023142371394706467,0.0,0.0,0.0,0.0,0.0,0.0,0.0,0.0,0.0,0.0,0.0,0.0,0.0,0.0,0.0,0.0,0.0,0.0,0.0,0.0,0.0,0.0,0.0,0.0,0.0,0.07989347536617844,2.9161118508655135,14.31424766977364,10.945406125166448,1.7443408788282295,0.9294005203811989,0.023164158432034176,0.0,0.0,0.0,0.0,0.0,0.0,0.0,0.0,0.0,0.0,0.0,0.0,0.0,0.0,0.0,0.0,0.0,0.0,0.0,0.0,0.0,0.0,0.0,0.0,0.0,0.11605415860735012,3.046421663442941,13.897485493230178,11.213733075435204,1.7263056092843332,0.3977,0.01039,0.0,0.0,0.0,0.0,0.0,0.0,0.0,0.0,0.0,0.0,0.03994673768308922,17.589880159786926,12.370173102529963,0.0,0.0,0.0,0.0,0.0,0.0,0.0,0.0,0.0,0.0,0.0,0.0,0.0,0.0,0.0,0.0,0.0,0.3972,0.01029,0.0,0.0,0.0,0.0,0.0,0.0,0.0,0.0,0.0,0.0,0.02901353965183753,18.13346228239843,11.837524177949712,0.0,0.0,0.0,0.0,0.0,0.0,0.0,0.0,0.0,0.0,0.0,0.0,0.0,0.0,0.0,0.0,0.0
20400,4437,2329,0.524904214559387,1092,894,0.44759972954699123,1248,0.5625422582826234,0.39799999999999996,3.019449715370019,3.0879119897108644,6.565640194489466,2.1528284407205622,9548.44061302682,1612.995445677349,7853.0,11083.0,11083.0,0.0,7853.0,0.0,28.32319134550372,20.94622445804438,33.13786666666667,19.203928229632837,0.13207121929231463,0.10412440838404327,0.08767185034933514,0.08316430020283976,0.08834798287130945,0.0784313725490196,0.06535947712418301,0.06242956952896101,0.06040117196303809,0.050033806626098715,0.04552625647960334,0.04372323642100518,0.03718728870858688,0.027270678386297046,0.01780482307865675,0.00901510029299076,0.0074374577417173765,0.9288232181290933,0.02321566181805127,0.0,0.0,0.0,0.0,0.0,0.0,0.0,0.0,0.0,0.0,0.0,0.0,0.0,0.0,0.0,0.0,0.0,0.0,0.0,0.0,0.0,0.0,0.0,0.0,0.0,0.15551048005409063,2.9817444219066944,14.381338742393513,10.885733603786344,1.5956727518593647,4.242768595041323,2.883161438957393,nan,nan,nan,4.365176151761518,2.8933352598014155,4.116246498599439,2.867120560594957,0.9429737438976831,0.3967,0.01034,0.0,0.0,0.0,0.0,0.0,0.0,0.0,0.0,0.0,0.0,0.07437457741717378,18.80324543610545,11.122379986477354,0.0,0.0,0.0,0.0,0.0,0.0,0.0,0.0,0.0,0.0,0.0,0.0,0.0,0.0,0.0,0.0,0.0,nan,nan,4.242768595041323,2.883161438957393,nan,0.3967,0.0473,0.0,0.0,0.0,0.0,0.0,0.0,0.0,0.0,0.0,0.0,0.0,0.0,0.0,0.0,0.0,0.0,0.0,0.0,0.0,0.0,0.0,0.0,0.0003831417624521073,5.634437683119225e-05,0.005183682668469687,0.00010141987829614604,0.0004958305161144918,0.0014762226729772368,1.1268875366238449e-05,0.01756817669596574,0.010694162722560288,0.01525805724588686,0.02384494027496056,0.012215460897002478,0.028679287807076854,0.050912778904665314,0.06845841784989858,0.1036060401171963,0.09324994365562317,0.06206896551724138,0.09694613477574938,0.06904439936894298,0.08488843813387424,0.07168131620464277,0.031733153031327475,0.049087221095334685,0.020745999549244984,0.03955375253549696,0.017635789948163172,0.003955375253549696,0.004541356772594095,0.0034708136128014425,0.004439936894297949,0.006457065584854631,0.0013409961685823754,4.5075501464953795e-05,0.0,0.0,0.00016903313049357674,0.0,0.0,0.0,0.0,0.0,0.0,0.0,0.0,0.0,0.0,0.0,0.0,0.0,0.0,0.0,0.0,0.0,0.0,0.0,0.0,0.0,0.0,0.0,0.0,0.0,0.0,0.0,0.0,0.0,0.0,0.0,0.0,0.0,0.0,0.0,0.0,0.0,0.0,0.0,0.0,0.0,0.0,nan,nan,4.242768595041323,2.883161438957393,nan,0.9284992805874466,0.023090563665697027,0.0,0.0,0.0,0.0,0.0,0.0,0.0,0.0,0.0,0.0,0.0,0.0,0.0,0.0,0.0,0.0,0.0,0.0,0.0,0.0,0.0,0.0,0.0,0.0,0.0,0.19321597252039507,2.962644911979391,14.516960068699015,10.820094461142125,1.5070845856590815,0.9291811168646225,0.023347870581150947,0.0,0.0,0.0,0.0,0.0,0.0,0.0,0.0,0.0,0.0,0.0,0.0,0.0,0.0,0.0,0.0,0.0,0.0,0.0,0.0,0.0,0.0,0.0,0.0,0.0,0.1138519924098672,3.0028462998102476,14.2314990512334,10.958254269449718,1.6935483870967747,0.3965,0.01032,0.0,0.0,0.0,0.0,0.0,0.0,0.0,0.0,0.0,0.0,0.07728638900815803,19.076857020180306,10.84585659081151,0.0,0.0,0.0,0.0,0.0,0.0,0.0,0.0,0.0,0.0,0.0,0.0,0.0,0.0,0.0,0.0,0.0,0.3967,0.01035,0.0,0.0,0.0,0.0,0.0,0.0,0.0,0.0,0.0,0.0,0.07115749525616699,18.500948766603386,11.427893738140419,0.0,0.0,0.0,0.0,0.0,0.0,0.0,0.0,0.0,0.0,0.0,0.0,0.0,0.0,0.0,0.0,0.0
20500,4374,2299,0.5256058527663466,1073,868,0.443758573388203,1212,0.5541838134430727,0.40599999999999997,2.936385542168675,3.0486499395251787,6.315789473684211,2.217368795832417,9550.7069044353,1612.8808288149282,7853.0,11083.0,11083.0,0.0,7853.0,0.0,28.469135802469136,21.09777211973814,33.293243243243246,19.354228751424177,0.13351623228166437,0.1005944215820759,0.08916323731138547,0.0953360768175583,0.07590306355738455,0.0722450845907636,0.06721536351165981,0.061499771376314585,0.05784179240969364,0.05761316872427984,0.04435299497027892,0.04069501600365798,0.040237768632830365,0.02446273433927755,0.023319615912208505,0.009830818472793781,0.006172839506172839,0.9286192427310542,0.023214175255542834,0.0,0.0,0.0,0.0,0.0,0.0,0.0,0.0,0.0,0.0,0.0,0.0,0.0,0.0,0.0,0.0,0.0,0.0,0.0,0.0,0.0,0.0,0.0,0.0,0.0,0.09602194787379975,3.1550068587105633,14.19067215363512,10.987654320987655,1.5706447187928674,4.236164962989073,2.891271945544707,nan,nan,nan,4.2059871703492515,2.909843900231214,4.2656903765690375,2.8726784898567943,1.014194814154611,0.3965,0.01062,0.0,0.0,0.0,0.0,0.0,0.0,0.0,0.0,0.0,0.0,0.07544581618655694,18.991769547325077,10.925925925925927,0.006858710562414268,0.0,0.0,0.0,0.0,0.0,0.0,0.0,0.0,0.0,0.0,0.0,0.0,0.0,0.0,0.0,0.0,nan,nan,4.236164962989073,2.891271945544707,nan,0.3965,0.04733,0.0,0.0,0.0,0.0,0.0,0.0,0.0,0.0,0.0,0.0,0.0,0.0,0.0,0.0,0.0,0.0,0.0,0.0,0.0,0.0,0.0,0.0,0.00024005486968449932,2.2862368541380887e-05,0.005692729766803841,3.429355281207133e-05,0.00048010973936899864,0.001417466849565615,0.0001600365797896662,0.017592592592592594,0.010779606767261089,0.013934613625971651,0.024131229995427526,0.012585733882030178,0.027937814357567443,0.051120256058527665,0.06982167352537723,0.10492684042066758,0.09594192958390489,0.05905349794238683,0.09834247828074989,0.06738683127572016,0.08429355281207133,0.07215363511659809,0.029972565157750344,0.04997713763145862,0.022245084590763603,0.03826017375400091,0.016666666666666666,0.0034979423868312758,0.004423868312757201,0.0032235939643347053,0.005498399634202103,0.006790123456790123,0.0012002743484224967,5.7155921353452216e-05,0.0,3.429355281207133e-05,0.00010288065843621399,0.0,0.0,0.0,0.0,0.0,0.0,0.0,0.0,0.0,0.0,0.0,0.0,0.0,0.0,0.0,0.0,0.0,0.0,0.0,0.0,0.0,0.0,0.0,0.0,0.0,0.0,0.0,0.0,0.0,0.0,0.0,0.0,0.0,0.0,0.0,0.0,0.0,0.0,0.0,0.0,0.0,0.0,nan,nan,4.236164962989073,2.891271945544707,nan,0.928640222927963,0.023661541480200384,0.0,0.0,0.0,0.0,0.0,0.0,0.0,0.0,0.0,0.0,0.0,0.0,0.0,0.0,0.0,0.0,0.0,0.0,0.0,0.0,0.0,0.0,0.0,0.0,0.0,0.09134406263592869,3.3275337103088307,13.79295345802523,11.104828186167902,1.6833405828621144,0.9285959976839732,0.022708202853662905,0.0,0.0,0.0,0.0,0.0,0.0,0.0,0.0,0.0,0.0,0.0,0.0,0.0,0.0,0.0,0.0,0.0,0.0,0.0,0.0,0.0,0.0,0.0,0.0,0.0,0.10120481927710846,2.963855421686748,14.631325301204823,10.857831325301207,1.4457831325301207,0.3965,0.01068,0.0,0.0,0.0,0.0,0.0,0.0,0.0,0.0,0.0,0.0,0.052196607220530676,18.999565028273135,10.94823836450631,0.0,0.0,0.0,0.0,0.0,0.0,0.0,0.0,0.0,0.0,0.0,0.0,0.0,0.0,0.0,0.0,0.0,0.3965,0.01054,0.0,0.0,0.0,0.0,0.0,0.0,0.0,0.0,0.0,0.0,0.10120481927710846,18.983132530120454,10.90120481927711,0.014457831325301209,0.0,0.0,0.0,0.0,0.0,0.0,0.0,0.0,0.0,0.0,0.0,0.0,0.0,0.0,0.0,0.0
20600,4217,2188,0.5188522646431112,1014,876,0.4481859141569836,1204,0.5710220535926014,0.40599999999999997,2.9871858058156726,3.0809408571537134,6.532743362831859,2.131368851683109,9528.89281479725,1613.8516242536264,7853.0,11083.0,11083.0,0.0,7853.0,0.0,27.75859615840645,20.843342474594188,32.63039188046236,19.14477099591017,0.1396727531420441,0.10007114062129475,0.0958027033436092,0.0858430163623429,0.08465733934076358,0.07706900640265592,0.07042921508181171,0.06141806971780887,0.053118330566753615,0.054541142992648804,0.0479013516718046,0.035807446051695516,0.03106473796537823,0.025373488261797486,0.019445103153900876,0.009011145364002845,0.008774009959686982,0.9281597269324858,0.023021374616900805,0.0,0.0,0.0,0.0,0.0,0.0,0.0,0.0,0.0,0.0,0.0,0.0,0.0,0.0,0.0,0.0,0.0,0.0,0.0,0.0,0.0,0.0,0.0,0.0,0.0,0.11382499407161492,3.2938107659473568,14.327721128764528,10.884515058098176,1.3801280531183309,4.1911062109518555,2.815444409275702,nan,nan,nan,4.212518195050946,2.799192112479169,4.167904903417534,2.8323714450692576,0.9894093533682949,0.3955,0.01048,0.0,0.0,0.0,0.0,0.0,0.0,0.0,0.0,0.0,0.0,0.09959686981266305,20.2679630068769,9.625326061180935,0.007114062129475933,0.0,0.0,0.0,0.0,0.0,0.0,0.0,0.0,0.0,0.0,0.0,0.0,0.0,0.0,0.0,0.0,nan,nan,4.1911062109518555,2.815444409275702,nan,0.3955,0.04764,0.0,0.0,0.0,0.0,0.0,0.0,0.0,0.0,0.0,0.0,0.0,0.0,0.0,0.0,0.0,0.0,0.0,0.0,0.0,0.0,0.0,0.0,0.00047427080863172874,0.0,0.006829499644296894,0.0,0.0002015650936684847,0.001576950438700498,0.0003319895660422101,0.01949253023476405,0.01230732748399336,0.015046241403841594,0.025254920559639554,0.013315152952335783,0.027128290253734883,0.05086554422575291,0.06829499644296894,0.10565567939293337,0.09554185439886174,0.05882143704055015,0.0963362580033199,0.07105762390324875,0.08169314678681527,0.07295470713777567,0.03035333175243064,0.048921033910362816,0.019954944273179984,0.037206544937159115,0.017204173583115958,0.0036044581456011384,0.0040787289542328665,0.0025966326772587146,0.005560825231207019,0.00618923405264406,0.0010552525492055964,0.0,0.0,0.0,9.485416172634575e-05,0.0,0.0,0.0,0.0,0.0,0.0,0.0,0.0,0.0,0.0,0.0,0.0,0.0,0.0,0.0,0.0,0.0,0.0,0.0,0.0,0.0,0.0,0.0,0.0,0.0,0.0,0.0,0.0,0.0,0.0,0.0,0.0,0.0,0.0,0.0,0.0,0.0,0.0,0.0,0.0,0.0,0.0,nan,nan,4.1911062109518555,2.815444409275702,nan,0.9276220566666322,0.023050273854251038,0.0,0.0,0.0,0.0,0.0,0.0,0.0,0.0,0.0,0.0,0.0,0.0,0.0,0.0,0.0,0.0,0.0,0.0,0.0,0.0,0.0,0.0,0.0,0.0,0.0,0.13711151736745888,3.4277879341864725,14.355575868372947,10.708409506398539,1.3711151736745888,0.9287395310437168,0.022976074539885233,0.0,0.0,0.0,0.0,0.0,0.0,0.0,0.0,0.0,0.0,0.0,0.0,0.0,0.0,0.0,0.0,0.0,0.0,0.0,0.0,0.0,0.0,0.0,0.0,0.0,0.08871365204534255,3.1493346476096606,14.297683587974376,11.074420896993594,1.3898472153770332,0.3955,0.01042,0.0,0.0,0.0,0.0,0.0,0.0,0.0,0.0,0.0,0.0,0.09597806215722124,20.210237659963408,9.693784277879343,0.0,0.0,0.0,0.0,0.0,0.0,0.0,0.0,0.0,0.0,0.0,0.0,0.0,0.0,0.0,0.0,0.0,0.3953,0.010544,0.0,0.0,0.0,0.0,0.0,0.0,0.0,0.0,0.0,0.0,0.10349926071956632,20.330211927057636,9.551503203548547,0.014785608674223759,0.0,0.0,0.0,0.0,0.0,0.0,0.0,0.0,0.0,0.0,0.0,0.0,0.0,0.0,0.0,0.0
20700,4133,2175,0.5262521171062182,1007,834,0.44543914831841275,1146,0.5545608516815872,0.426,2.995403472931563,3.0530681357447107,6.5577617328519855,2.002999386546772,9552.794338253085,1612.7724328621882,7853.0,11083.0,11083.0,0.0,7853.0,0.0,27.692959109605614,20.91925280551351,32.934731934731936,19.088245720731926,0.1473505927897411,0.0931526736027099,0.09823372852649408,0.08565206871521897,0.08129687878054682,0.0796031938059521,0.06653762400193564,0.06290829905637552,0.04984272925235906,0.05250423421243649,0.04839099927413501,0.04064843939027341,0.03338978949915316,0.02734091458988628,0.015485119767723203,0.010887974836680378,0.006774739898378902,0.9265316361784502,0.022929906451053,0.0,0.0,0.0,0.0,0.0,0.0,0.0,0.0,0.0,0.0,0.0,0.0,0.0,0.0,0.0,0.0,0.0,0.0,0.0,0.0,0.0,0.0,0.0,0.0,0.0,0.21050084684248735,3.404306798935399,14.62617953060731,10.648439390273412,1.1105734333413988,4.227614747930775,2.846809434599233,nan,nan,nan,4.280059746079163,2.8874813618103796,4.17298937784522,2.8045268010906725,0.9749839080325859,0.3962,0.01042,0.0,0.0,0.0,0.0,0.0,0.0,0.0,0.0,0.0,0.0,0.07258649891120253,19.162835712557435,10.757319138640215,0.007258649891120253,0.0,0.0,0.0,0.0,0.0,0.0,0.0,0.0,0.0,0.0,0.0,0.0,0.0,0.0,0.0,0.0,nan,nan,4.227614747930775,2.846809434599233,nan,0.3962,0.04797,0.0,0.0,0.0,0.0,0.0,0.0,0.0,0.0,0.0,0.0,0.0,0.0,0.0,0.0,0.0,0.0,0.0,0.0,0.0,0.0,0.0,0.0,0.0005323009920154851,2.4195499637067506e-05,0.007561093636583595,0.0,7.258649891120251e-05,0.0016210984756835228,0.00030244374546334384,0.018195015727074763,0.011807403822888942,0.014662472780062908,0.0249455601258166,0.014577788531333171,0.024618920880716186,0.04839099927413501,0.06913864021292039,0.10678683764819744,0.09471328332930075,0.057585289136220665,0.09580208081296879,0.0718969271715461,0.07805468182917977,0.07651826760222599,0.030861359787079604,0.04987902250181466,0.02153399467699008,0.038337769174933464,0.016864263247036052,0.0035930316961045247,0.004234212436486813,0.003133317203000242,0.006145656907815146,0.006714251149286233,0.0007984514880232277,0.0,0.0,0.0,9.678199854827002e-05,0.0,0.0,0.0,0.0,0.0,0.0,0.0,0.0,0.0,0.0,0.0,0.0,0.0,0.0,0.0,0.0,0.0,0.0,0.0,0.0,0.0,0.0,0.0,0.0,0.0,0.0,0.0,0.0,0.0,0.0,0.0,0.0,0.0,0.0,0.0,0.0,0.0,0.0,0.0,0.0,0.0,0.0,nan,nan,4.227614747930775,2.846809434599233,nan,0.9262119714967135,0.02282418359896258,0.0,0.0,0.0,0.0,0.0,0.0,0.0,0.0,0.0,0.0,0.0,0.0,0.0,0.0,0.0,0.0,0.0,0.0,0.0,0.0,0.0,0.0,0.0,0.0,0.0,0.19310344827586212,3.3517241379310354,14.924137931034487,10.427586206896553,1.1034482758620692,0.9268867284577031,0.02304157897804849,0.0,0.0,0.0,0.0,0.0,0.0,0.0,0.0,0.0,0.0,0.0,0.0,0.0,0.0,0.0,0.0,0.0,0.0,0.0,0.0,0.0,0.0,0.0,0.0,0.0,0.2298263534218591,3.462717058222677,14.295199182839635,10.89376915219612,1.1184882533197142,0.3962,0.01043,0.0,0.0,0.0,0.0,0.0,0.0,0.0,0.0,0.0,0.0,0.06896551724137932,19.21379310344825,10.717241379310346,0.0,0.0,0.0,0.0,0.0,0.0,0.0,0.0,0.0,0.0,0.0,0.0,0.0,0.0,0.0,0.0,0.0,0.3962,0.010414,0.0,0.0,0.0,0.0,0.0,0.0,0.0,0.0,0.0,0.0,0.07660878447395303,19.106230847803854,10.801838610827376,0.015321756894790607,0.0,0.0,0.0,0.0,0.0,0.0,0.0,0.0,0.0,0.0,0.0,0.0,0.0,0.0,0.0,0.0
20800,3982,2124,0.5334003013561025,981,798,0.4467604218985434,1065,0.5349070818684079,0.442,3.026372443487621,3.209387112087966,6.881763527054108,2.2436836516875736,9575.88297338021,1611.3926473875463,7853.0,11083.0,11083.0,0.0,7853.0,0.0,27.136112506278252,20.69276234862505,32.28714069591528,18.952752014409153,0.14917127071823205,0.10321446509291814,0.09492717227523857,0.0831240582621798,0.08337518834756404,0.07659467604218985,0.06805625313912607,0.06077348066298342,0.06303365143144149,0.049723756906077346,0.04419889502762431,0.0371672526368659,0.029633350075339026,0.024861878453038673,0.0155700652938222,0.009794073329984932,0.006780512305374184,0.9275927686290127,0.023212664524459546,0.0,0.0,0.0,0.0,0.0,0.0,0.0,0.0,0.0,0.0,0.0,0.0,0.0,0.0,0.0,0.0,0.0,0.0,0.0,0.0,0.0,0.0,0.0,0.0,0.0,0.12054244098442997,3.375188347564039,14.359618282270219,10.698141637368158,1.4465092918131595,4.272146847565842,2.960257900180092,nan,nan,nan,4.3048683160415,2.9469288602408015,4.239425379090184,2.973167095008073,0.9847979236188358,0.396,0.01061,0.0,0.0,0.0,0.0,0.0,0.0,0.0,0.0,0.0,0.0,0.08287292817679559,19.65595178302358,10.253641386238073,0.007533902561526873,0.0,0.0,0.0,0.0,0.0,0.0,0.0,0.0,0.0,0.0,0.0,0.0,0.0,0.0,0.0,0.0,nan,nan,4.272146847565842,2.960257900180092,nan,0.396,0.0479,0.0,0.0,0.0,0.0,0.0,0.0,0.0,0.0,0.0,0.0,0.0,0.0,0.0,0.0,0.0,0.0,0.0,0.0,0.0,0.0,0.0,0.0,0.00047714716223003516,5.022601707684581e-05,0.00769713711702662,0.0,0.0,0.0016323455549974886,0.0006278252134605726,0.018658965344048217,0.01166499246609744,0.016913611250627826,0.023229532898041184,0.015067805123053743,0.022639377197388247,0.05124309392265193,0.06816926167754897,0.10293822199899548,0.09586891009542943,0.057546459065796085,0.09480160723254646,0.07211200401808136,0.08075087895529884,0.07920642893018584,0.028679055750878955,0.05033902561526871,0.0200652938221999,0.04006780512305374,0.016637368156705173,0.003390256152687092,0.003754394776494224,0.003340030135610246,0.005662983425414364,0.0059643395278754395,0.00035158211953792065,0.00011300853842290306,1.2556504269211452e-05,0.0,0.00030135610246107485,0.0,2.5113008538422903e-05,0.0,0.0,0.0,0.0,0.0,0.0,0.0,0.0,0.0,0.0,0.0,0.0,0.0,0.0,0.0,0.0,0.0,0.0,0.0,0.0,0.0,0.0,0.0,0.0,0.0,0.0,0.0,0.0,0.0,0.0,0.0,0.0,0.0,0.0,0.0,0.0,0.0,0.0,0.0,0.0,nan,nan,4.272146847565842,2.960257900180092,nan,0.9276340625997767,0.023317690634178902,0.0,0.0,0.0,0.0,0.0,0.0,0.0,0.0,0.0,0.0,0.0,0.0,0.0,0.0,0.0,0.0,0.0,0.0,0.0,0.0,0.0,0.0,0.0,0.0,0.0,0.1129943502824859,3.4322033898305095,14.3361581920904,10.663841807909606,1.454802259887006,0.9275455628195928,0.023091926783681386,0.0,0.0,0.0,0.0,0.0,0.0,0.0,0.0,0.0,0.0,0.0,0.0,0.0,0.0,0.0,0.0,0.0,0.0,0.0,0.0,0.0,0.0,0.0,0.0,0.0,0.12917115177610336,3.310010764262649,14.386437029063513,10.737351991388591,1.4370290635091498,0.396,0.01052,0.0,0.0,0.0,0.0,0.0,0.0,0.0,0.0,0.0,0.0,0.05649717514124295,19.54802259887003,10.395480225988702,0.0,0.0,0.0,0.0,0.0,0.0,0.0,0.0,0.0,0.0,0.0,0.0,0.0,0.0,0.0,0.0,0.0,0.3958,0.01071,0.0,0.0,0.0,0.0,0.0,0.0,0.0,0.0,0.0,0.0,0.11302475780409045,19.779332615715795,10.091496232508074,0.01614639397201292,0.0,0.0,0.0,0.0,0.0,0.0,0.0,0.0,0.0,0.0,0.0,0.0,0.0,0.0,0.0,0.0
20900,4387,2200,0.5014816503305219,1056,925,0.4515614315021655,1276,0.5817187143834055,0.39399999999999996,2.915866483767718,3.1120309804866304,6.657331136738056,2.1510982890519665,9472.785730567586,1614.9929092051566,7853.0,11083.0,11083.0,0.0,7853.0,0.0,28.01527239571461,20.73665008278609,32.79552198543296,18.997231249891254,0.13722361522680648,0.09596535217688626,0.09550945976749488,0.08593571917027581,0.08274447230453613,0.07590608616366537,0.07248689309323,0.06314109870070664,0.056986551173922956,0.0528835194894005,0.04855254160018236,0.04125826304992022,0.030544791429222704,0.026213813540004557,0.01755185776156827,0.010485525416001824,0.006610439936175063,0.9267527568658229,0.023341560360403062,0.0,0.0,0.0,0.0,0.0,0.0,0.0,0.0,0.0,0.0,0.0,0.0,0.0,0.0,0.0,0.0,0.0,0.0,0.0,0.0,0.0,0.0,0.0,0.0,0.0,0.13676772281741512,3.6380214269432423,14.634146341463419,10.216548894460908,1.374515614315022,4.257760725497035,2.9160151474873883,nan,nan,nan,4.283298097251586,2.9095011142029445,4.232734806629834,2.922168125550251,0.9881952436011409,0.396,0.01065,0.0,0.0,0.0,0.0,0.0,0.0,0.0,0.0,0.0,0.0,0.1094141782539321,19.250056986551147,10.626852062913153,0.013676772281741512,0.0,0.0,0.0,0.0,0.0,0.0,0.0,0.0,0.0,0.0,0.0,0.0,0.0,0.0,0.0,0.0,nan,nan,4.257760725497035,2.9160151474873883,nan,0.396,0.04767,0.0,0.0,0.0,0.0,0.0,0.0,0.0,0.0,0.0,0.0,0.0,0.0,0.0,0.0,0.0,0.0,0.0,0.0,0.0,1.1397310234784591e-05,0.0,0.0,0.0002621381354000456,1.1397310234784591e-05,0.007613403236836107,0.0,9.117848187827673e-05,0.0017323911556872578,0.00045589240939138365,0.018281285616594485,0.011340323683610667,0.017335308867107362,0.021882835650786414,0.015409163437428767,0.022578071575108275,0.05185776156826989,0.07048096649190791,0.10160702074310463,0.09500797811716435,0.05788693868247094,0.09501937542739913,0.07199680875313426,0.08413494415317985,0.07762708000911785,0.02755869614770914,0.04972646455436517,0.01985411442899476,0.04199908821518122,0.015751082744472303,0.0035445634830180077,0.0036129473444267155,0.0029177114201048553,0.006222931388192386,0.005618873945748803,0.0003533166172783223,0.0,0.0,0.0,0.00021654889446090722,0.0,0.0,0.0,0.0,0.0,0.0,0.0,0.0,0.0,0.0,0.0,0.0,0.0,0.0,0.0,0.0,0.0,0.0,0.0,0.0,0.0,0.0,0.0,0.0,0.0,0.0,0.0,0.0,0.0,0.0,0.0,0.0,0.0,0.0,0.0,0.0,0.0,0.0,0.0,0.0,0.0,0.0,nan,nan,4.257760725497035,2.9160151474873883,nan,0.9262332112951712,0.02341656025731301,0.0,0.0,0.0,0.0,0.0,0.0,0.0,0.0,0.0,0.0,0.0,0.0,0.0,0.0,0.0,0.0,0.0,0.0,0.0,0.0,0.0,0.0,0.0,0.0,0.0,0.15000000000000002,3.845454545454546,14.57727272727273,10.090909090909092,1.3363636363636366,0.9272753907274753,0.023254162252652682,0.0,0.0,0.0,0.0,0.0,0.0,0.0,0.0,0.0,0.0,0.0,0.0,0.0,0.0,0.0,0.0,0.0,0.0,0.0,0.0,0.0,0.0,0.0,0.0,0.0,0.12345679012345681,3.4293552812071337,14.691358024691361,10.342935528120716,1.4128943758573393,0.3958,0.01062,0.0,0.0,0.0,0.0,0.0,0.0,0.0,0.0,0.0,0.0,0.10909090909090911,19.33636363636361,10.554545454545456,0.0,0.0,0.0,0.0,0.0,0.0,0.0,0.0,0.0,0.0,0.0,0.0,0.0,0.0,0.0,0.0,0.0,0.396,0.01067,0.0,0.0,0.0,0.0,0.0,0.0,0.0,0.0,0.0,0.0,0.10973936899862828,19.163237311385434,10.699588477366257,0.02743484224965707,0.0,0.0,0.0,0.0,0.0,0.0,0.0,0.0,0.0,0.0,0.0,0.0,0.0,0.0,0.0,0.0
21000,4327,2231,0.5155997226715969,1035,858,0.4374855558123411,1220,0.5639010862029119,0.422,3.0076335877862594,3.1276803667301287,6.473851030110935,2.271339566489878,9518.387104229258,1614.2137837744385,7853.0,11083.0,11083.0,0.0,7853.0,0.0,28.5479547030275,21.207525554460222,33.55372355042594,19.406579987498624,0.13843309452276403,0.09845158308296742,0.09174948000924428,0.08712733995840075,0.07811416685925583,0.06794545874740004,0.06655881673214699,0.06262999768892998,0.0623988906863878,0.058007857638086434,0.04460365149064017,0.03882597642708574,0.039057083429627916,0.02565287728218165,0.020799630228795933,0.014097527155072799,0.005546568061012249,0.926587566853892,0.023217439347336995,0.0,0.0,0.0,0.0,0.0,0.0,0.0,0.0,0.0,0.0,0.0,0.0,0.0,0.0,0.0,0.0,0.0,0.0,0.0,0.0,0.0,0.0,0.0,0.0,0.0,0.19412988213542876,3.501271088513983,14.795470302750177,10.247284492720132,1.2618442338802869,4.284948158741509,2.9363341146244832,nan,nan,nan,4.295406360424028,2.925279140598194,4.273714699493121,2.9485739313308676,0.9949500328698201,0.3965,0.01052,0.0,0.0,0.0,0.0,0.0,0.0,0.0,0.0,0.0,0.0,0.09013173099144907,18.643401895077393,11.252599953778601,0.013866420152530624,0.0,0.0,0.0,0.0,0.0,0.0,0.0,0.0,0.0,0.0,0.0,0.0,0.0,0.0,0.0,0.0,nan,nan,4.284948158741509,2.9363341146244832,nan,0.3965,0.0473,0.0,0.0,0.0,0.0,0.0,0.0,0.0,0.0,0.0,0.0,0.0,0.0,0.0,0.0,0.0,0.0,0.0,0.0,0.0,0.0,0.0,0.0,0.00015021955165241507,0.0,0.006470996071180957,1.1555350127108852e-05,3.4666050381326555e-05,0.0012133117633464294,0.0005199907557198983,0.0180147908481627,0.011694014328634157,0.01518373006702103,0.023619135659810494,0.015634388721978275,0.02133117633464294,0.05060087820660966,0.07209382944303212,0.10006933210076266,0.09496186734458054,0.05767275248440028,0.09619828980818118,0.07300670210307372,0.08247053385717587,0.08124566674370233,0.02746706725213774,0.048890686387797554,0.019366766813034435,0.04256990986826901,0.01652415068176566,0.004067483244742316,0.004032817194360989,0.002230182574532008,0.006494106771435175,0.005916339265079732,0.00010399815114397966,0.0,0.0,3.4666050381326555e-05,0.00010399815114397966,0.0,0.0,0.0,0.0,0.0,0.0,0.0,0.0,0.0,0.0,0.0,0.0,0.0,0.0,0.0,0.0,0.0,0.0,0.0,0.0,0.0,0.0,0.0,0.0,0.0,0.0,0.0,0.0,0.0,0.0,0.0,0.0,0.0,0.0,0.0,0.0,0.0,0.0,0.0,0.0,0.0,0.0,nan,nan,4.284948158741509,2.9363341146244832,nan,0.9261274650619469,0.0232639530945168,0.0,0.0,0.0,0.0,0.0,0.0,0.0,0.0,0.0,0.0,0.0,0.0,0.0,0.0,0.0,0.0,0.0,0.0,0.0,0.0,0.0,0.0,0.0,0.0,0.0,0.20170327207530261,3.724787090990588,14.872254594352311,10.07171671896011,1.1295383236216945,0.9270773030646885,0.023157785808736082,0.0,0.0,0.0,0.0,0.0,0.0,0.0,0.0,0.0,0.0,0.0,0.0,0.0,0.0,0.0,0.0,0.0,0.0,0.0,0.0,0.0,0.0,0.0,0.0,0.0,0.18606870229007638,3.263358778625955,14.713740458015272,10.434160305343513,1.402671755725191,0.3965,0.01059,0.0,0.0,0.0,0.0,0.0,0.0,0.0,0.0,0.0,0.0,0.12102196324518155,18.408785298072587,11.470192738682208,0.0,0.0,0.0,0.0,0.0,0.0,0.0,0.0,0.0,0.0,0.0,0.0,0.0,0.0,0.0,0.0,0.0,0.3965,0.010445,0.0,0.0,0.0,0.0,0.0,0.0,0.0,0.0,0.0,0.0,0.05725190839694658,18.89312977099234,11.020992366412216,0.02862595419847329,0.0,0.0,0.0,0.0,0.0,0.0,0.0,0.0,0.0,0.0,0.0,0.0,0.0,0.0,0.0,0.0
21100,4470,2288,0.5118568232662193,1071,928,0.44720357941834454,1287,0.5758389261744966,0.39399999999999996,3.026122823098075,3.0603096929279086,6.355283307810107,2.1489604568979295,9506.297539149888,1614.5458489913078,7853.0,11083.0,11083.0,0.0,7853.0,0.0,28.574944071588366,21.154552155468526,33.47959724430313,19.364177347145258,0.13624161073825503,0.09843400447427293,0.09105145413870246,0.08411633109619687,0.07785234899328859,0.07628635346756152,0.06532438478747203,0.06733780760626398,0.06174496644295302,0.04697986577181208,0.04876957494407159,0.04541387024608501,0.032662192393736016,0.025950782997762864,0.024161073825503355,0.01029082774049217,0.00738255033557047,0.9267001317518136,0.023390360318237866,0.0,0.0,0.0,0.0,0.0,0.0,0.0,0.0,0.0,0.0,0.0,0.0,0.0,0.0,0.0,0.0,0.0,0.0,0.0,0.0,0.0,0.0,0.0,0.0,0.0,0.19463087248322153,3.6711409395973162,14.275167785234903,10.536912751677853,1.3221476510067116,4.323620157696263,2.8747420966814046,nan,nan,nan,4.235777930089102,2.903625914089391,4.411522633744856,2.8428292119823273,1.0414905376430008,0.396,0.0103,0.0,0.0,0.0,0.0,0.0,0.0,0.0,0.0,0.0,0.0,0.04026845637583893,19.48993288590601,10.469798657718123,0.0,0.0,0.0,0.0,0.0,0.0,0.0,0.0,0.0,0.0,0.0,0.0,0.0,0.0,0.0,0.0,0.0,nan,nan,4.323620157696263,2.8747420966814046,nan,0.396,0.04697,0.0,0.0,0.0,0.0,0.0,0.0,0.0,0.0,0.0,0.0,0.0,0.0,0.0,0.0,0.0,0.0,0.0,0.0,0.0,0.0,0.0,0.0,0.0001789709172259508,0.0,0.005950782997762864,3.355704697986577e-05,4.47427293064877e-05,0.0014653243847874721,0.0003243847874720358,0.018120805369127517,0.011252796420581655,0.01621923937360179,0.024854586129753914,0.015715883668903804,0.021476510067114093,0.05100671140939597,0.07180089485458613,0.10201342281879194,0.09529082774049218,0.06057046979865772,0.09404921700223713,0.07439597315436242,0.08178970917225951,0.07991051454138702,0.028624161073825503,0.04779642058165548,0.017695749440715884,0.04109619686800895,0.015917225950782998,0.00348993288590604,0.0041946308724832215,0.0022147651006711407,0.007371364653243848,0.005044742729306488,5.592841163310962e-05,0.0,0.0,0.0,3.355704697986577e-05,0.0,0.0,0.0,0.0,0.0,0.0,0.0,0.0,0.0,0.0,0.0,0.0,0.0,0.0,0.0,0.0,0.0,0.0,0.0,0.0,0.0,0.0,0.0,0.0,0.0,0.0,0.0,0.0,0.0,0.0,0.0,0.0,0.0,0.0,0.0,0.0,0.0,0.0,0.0,0.0,0.0,0.0,nan,nan,4.323620157696263,2.8747420966814046,nan,0.9267481110885843,0.02325226307461075,0.0,0.0,0.0,0.0,0.0,0.0,0.0,0.0,0.0,0.0,0.0,0.0,0.0,0.0,0.0,0.0,0.0,0.0,0.0,0.0,0.0,0.0,0.0,0.0,0.0,0.19667832167832172,3.631993006993008,14.33129370629371,10.594405594405597,1.2456293706293708,0.9266498216131649,0.023534190836695387,0.0,0.0,0.0,0.0,0.0,0.0,0.0,0.0,0.0,0.0,0.0,0.0,0.0,0.0,0.0,0.0,0.0,0.0,0.0,0.0,0.0,0.0,0.0,0.0,0.0,0.19248395967002754,3.7121906507791027,14.216315307057748,10.476626947754356,1.402383134738772,0.3958,0.01017,0.0,0.0,0.0,0.0,0.0,0.0,0.0,0.0,0.0,0.0,0.013111888111888115,19.74650349650347,10.240384615384617,0.0,0.0,0.0,0.0,0.0,0.0,0.0,0.0,0.0,0.0,0.0,0.0,0.0,0.0,0.0,0.0,0.0,0.396,0.010445,0.0,0.0,0.0,0.0,0.0,0.0,0.0,0.0,0.0,0.0,0.06874427131072412,19.220898258478435,10.710357470210818,0.0,0.0,0.0,0.0,0.0,0.0,0.0,0.0,0.0,0.0,0.0,0.0,0.0,0.0,0.0,0.0,0.0
21200,4310,2146,0.4979118329466357,1011,914,0.4466357308584687,1232,0.57169373549884,0.40599999999999997,2.8803142329020335,3.056915539959858,6.568661971830986,2.0884163178645374,9461.255220417634,1614.98591571208,7853.0,11083.0,11083.0,0.0,7853.0,0.0,27.786078886310904,20.84929219078878,32.8866351764379,19.03314366301937,0.14640371229698376,0.0951276102088167,0.0925754060324826,0.08515081206496519,0.08375870069605569,0.07540603248259861,0.07053364269141531,0.06705336426914153,0.05382830626450116,0.04524361948955916,0.0494199535962877,0.042923433874709975,0.03410672853828306,0.023897911832946636,0.01531322505800464,0.013225058004640371,0.0060324825986078886,0.9269211751264098,0.02313865706858324,0.0,0.0,0.0,0.0,0.0,0.0,0.0,0.0,0.0,0.0,0.0,0.0,0.0,0.0,0.0,0.0,0.0,0.0,0.0,0.0,0.0,0.0,0.0,0.0,0.0,0.15313225058004643,3.570765661252901,14.49187935034803,10.510440835266824,1.2737819025522044,4.318510484454086,2.827429449103672,nan,nan,nan,4.359011627906977,2.834157345725517,4.27841726618705,2.820180681744964,0.9815108633333413,0.3955,0.010056,0.0,0.0,0.0,0.0,0.0,0.0,0.0,0.0,0.0,0.0,0.04176334106728539,20.213457076566094,9.744779582366592,0.0,0.0,0.0,0.0,0.0,0.0,0.0,0.0,0.0,0.0,0.0,0.0,0.0,0.0,0.0,0.0,0.0,nan,nan,4.318510484454086,2.827429449103672,nan,0.3955,0.04688,0.0,0.0,0.0,0.0,0.0,0.0,0.0,0.0,0.0,0.0,0.0,0.0,0.0,0.0,0.0,0.0,0.0,0.0,0.0,0.0,0.0,0.0,6.960556844547564e-05,1.160092807424594e-05,0.006438515081206497,0.0,1.160092807424594e-05,0.0017401392111368909,0.00024361948955916473,0.01825986078886311,0.012122969837587007,0.016473317865429233,0.024327146171693736,0.015533642691415312,0.02243619489559165,0.05209976798143851,0.0674245939675174,0.10495359628770301,0.0980046403712297,0.058491879350348025,0.09368909512761021,0.07319025522041764,0.08286542923433875,0.07794663573085847,0.03033642691415313,0.046322505800464035,0.018921113689095128,0.04146171693735499,0.017331786542923434,0.0026334106728538283,0.004106728538283063,0.002296983758700696,0.005452436194895592,0.004791183294663573,0.0,1.160092807424594e-05,0.0,0.0,0.0,0.0,0.0,0.0,0.0,0.0,0.0,0.0,0.0,0.0,0.0,0.0,0.0,0.0,0.0,0.0,0.0,0.0,0.0,0.0,0.0,0.0,0.0,0.0,0.0,0.0,0.0,0.0,0.0,0.0,0.0,0.0,0.0,0.0,0.0,0.0,0.0,0.0,0.0,0.0,0.0,0.0,0.0,nan,nan,4.318510484454086,2.827429449103672,nan,0.9268717477228302,0.02325979151250026,0.0,0.0,0.0,0.0,0.0,0.0,0.0,0.0,0.0,0.0,0.0,0.0,0.0,0.0,0.0,0.0,0.0,0.0,0.0,0.0,0.0,0.0,0.0,0.0,0.0,0.16775396085740915,3.369058713886301,14.69245107176142,10.470643056849955,1.300093196644921,0.9269701913963184,0.023017795851012487,0.0,0.0,0.0,0.0,0.0,0.0,0.0,0.0,0.0,0.0,0.0,0.0,0.0,0.0,0.0,0.0,0.0,0.0,0.0,0.0,0.0,0.0,0.0,0.0,0.0,0.13863216266173756,3.7707948243992613,14.292975970425141,10.549907578558226,1.247689463955638,0.3955,0.00981,0.0,0.0,0.0,0.0,0.0,0.0,0.0,0.0,0.0,0.0,0.027958993476234862,20.493942218080118,9.478098788443617,0.0,0.0,0.0,0.0,0.0,0.0,0.0,0.0,0.0,0.0,0.0,0.0,0.0,0.0,0.0,0.0,0.0,0.3955,0.0103,0.0,0.0,0.0,0.0,0.0,0.0,0.0,0.0,0.0,0.0,0.055452865064695024,19.935304990757825,10.00924214417745,0.0,0.0,0.0,0.0,0.0,0.0,0.0,0.0,0.0,0.0,0.0,0.0,0.0,0.0,0.0,0.0,0.0
21300,4262,2211,0.5187705302674801,1040,873,0.44885030502111684,1188,0.5574847489441577,0.40599999999999997,3.015602145294978,3.052243041162674,6.401349072512647,2.1669286946100548,9528.62881276396,1613.8615637850828,7853.0,11083.0,11083.0,0.0,7853.0,0.0,28.29352416705772,20.973714870153167,33.20607073238652,19.18898310454401,0.1384326607226654,0.09174096668230877,0.09526044110746129,0.08962928202721727,0.07695917409666823,0.07766306898169874,0.0671046457062412,0.07038948850305021,0.053730642890661665,0.050680431722196155,0.044580009385265136,0.04317221961520413,0.03871421867667762,0.02674800563115908,0.01689347724073205,0.01008916001877053,0.008212106992022525,0.9266707120312038,0.023263555938930876,0.0,0.0,0.0,0.0,0.0,0.0,0.0,0.0,0.0,0.0,0.0,0.0,0.0,0.0,0.0,0.0,0.0,0.0,0.0,0.0,0.0,0.0,0.0,0.0,0.0,0.14077897700610045,3.5546691694040367,14.704364148287192,10.382449554199908,1.217738151102769,4.193096008629989,2.87678824790575,nan,nan,nan,4.196685878962536,2.8893255740892023,4.189519023689878,2.8642368651406818,0.9982922583487641,0.395,0.01004,0.0,0.0,0.0,0.0,0.0,0.0,0.0,0.0,0.0,0.0,0.07038948850305023,20.76489910839978,9.157672454246834,0.007038948850305023,0.0,0.0,0.0,0.0,0.0,0.0,0.0,0.0,0.0,0.0,0.0,0.0,0.0,0.0,0.0,0.0,nan,nan,4.193096008629989,2.87678824790575,nan,0.395,0.04715,0.0,0.0,0.0,0.0,0.0,0.0,0.0,0.0,0.0,0.0,0.0,0.0,0.0,0.0,0.0,0.0,0.0,0.0,0.0,0.0,0.0,0.0,3.51947442515251e-05,0.0,0.006452369779446269,0.0,1.1731581417175035e-05,0.00170107930549038,0.0002463632097606757,0.021046457062412014,0.011872360394181136,0.015039887376818396,0.023756452369779447,0.02020178320037541,0.02358047864852182,0.052756921633036136,0.06650633505396528,0.10437587986860629,0.09729000469263256,0.05664007508212107,0.08977006100422337,0.07227827311121539,0.08483106522759268,0.0797982167996246,0.029387611450023464,0.04594087282965744,0.020260441107461287,0.04054434537775692,0.016494603472548098,0.003085405912717034,0.00333176912247771,0.0025457531675269827,0.004633974659784139,0.005560769591740966,0.0,1.1731581417175035e-05,0.0,1.1731581417175035e-05,0.0,0.0,0.0,0.0,0.0,0.0,0.0,0.0,0.0,0.0,0.0,0.0,0.0,0.0,0.0,0.0,0.0,0.0,0.0,0.0,0.0,0.0,0.0,0.0,0.0,0.0,0.0,0.0,0.0,0.0,0.0,0.0,0.0,0.0,0.0,0.0,0.0,0.0,0.0,0.0,0.0,0.0,0.0,nan,nan,4.193096008629989,2.87678824790575,nan,0.9274877536787485,0.023251262606220797,0.0,0.0,0.0,0.0,0.0,0.0,0.0,0.0,0.0,0.0,0.0,0.0,0.0,0.0,0.0,0.0,0.0,0.0,0.0,0.0,0.0,0.0,0.0,0.0,0.0,0.09497964721845321,3.4464043419267307,14.206241519674359,11.044776119402986,1.2075983717774765,0.9257899323711739,0.0232446565655549,0.0,0.0,0.0,0.0,0.0,0.0,0.0,0.0,0.0,0.0,0.0,0.0,0.0,0.0,0.0,0.0,0.0,0.0,0.0,0.0,0.0,0.0,0.0,0.0,0.0,0.19015114578254516,3.6713798147245256,15.241345685031696,9.668454412481719,1.2286689419795225,0.3953,0.01,0.0,0.0,0.0,0.0,0.0,0.0,0.0,0.0,0.0,0.0,0.08141112618724561,20.67842605156035,9.240162822252376,0.0,0.0,0.0,0.0,0.0,0.0,0.0,0.0,0.0,0.0,0.0,0.0,0.0,0.0,0.0,0.0,0.0,0.3948,0.01008,0.0,0.0,0.0,0.0,0.0,0.0,0.0,0.0,0.0,0.0,0.058508044856167736,20.858117991223764,9.068746952705999,0.014627011214041934,0.0,0.0,0.0,0.0,0.0,0.0,0.0,0.0,0.0,0.0,0.0,0.0,0.0,0.0,0.0,0.0
21400,4087,2113,0.5170051382432101,972,867,0.4499632982627844,1166,0.57058967457793,0.418,2.9645390070921986,3.120147111794302,6.6831119544592035,2.133175064671535,9522.926596525569,1614.0656953773962,7853.0,11083.0,11083.0,0.0,7853.0,0.0,27.45045265475899,20.765988010518413,32.35628829880362,19.095554506799118,0.142158062148275,0.10496696843650599,0.0915096647908001,0.0875948128211402,0.09004159530217763,0.07218008319060436,0.07144604844629313,0.054807927575238564,0.058722779544898455,0.050159040861267434,0.04599951064350379,0.03939319794470272,0.03229752874969415,0.023489111817959384,0.018106190359677025,0.011010521164668462,0.006116956202593589,0.9259781120953421,0.023725480913401032,0.0,0.0,0.0,0.0,0.0,0.0,0.0,0.0,0.0,0.0,0.0,0.0,0.0,0.0,0.0,0.0,0.0,0.0,0.0,0.0,0.0,0.0,0.0,0.0,0.0,0.1835086860778077,3.9711279667237593,14.475165157817473,10.056275997063862,1.3139221923171032,4.266947529682114,2.889708728330397,nan,nan,nan,4.244495064540622,2.894667234291383,4.289799072642968,2.884473886888445,1.0106735918910177,0.3953,0.010414,0.0,0.0,0.0,0.0,0.0,0.0,0.0,0.0,0.0,0.0,0.0807438218742354,20.119892341570807,9.799363836554932,0.0,0.0,0.0,0.0,0.0,0.0,0.0,0.0,0.0,0.0,0.0,0.0,0.0,0.0,0.0,0.0,0.0,nan,nan,4.266947529682114,2.889708728330397,nan,0.3953,0.04733,0.0,0.0,0.0,0.0,0.0,0.0,0.0,0.0,0.0,0.0,0.0,0.0,0.0,0.0,0.0,0.0,0.0,0.0,0.0,0.0,0.0,0.0,0.0,0.0,0.007193540494250061,1.2233912405187178e-05,2.4467824810374356e-05,0.0017249816491313923,0.0003058478101296795,0.022351357964276976,0.012600929777342795,0.014949840959138733,0.02150721800831906,0.021054563249327134,0.022706141424027403,0.05020797651088818,0.06806948862246147,0.1034377293858576,0.09689258624908245,0.0546733545387815,0.090457548323954,0.07017372155615366,0.08484218252997308,0.08290922436995352,0.028431612429655004,0.04964521654024957,0.01964766332273061,0.04163200391485197,0.016895033031563495,0.0026425250795204308,0.0027036946415463664,0.0026425250795204308,0.003963787619280646,0.005664301443601664,2.4467824810374356e-05,1.2233912405187178e-05,0.0,0.0,0.0,0.0,0.0,0.0,0.0,0.0,0.0,0.0,0.0,0.0,0.0,0.0,0.0,0.0,0.0,0.0,0.0,0.0,0.0,0.0,0.0,0.0,0.0,0.0,0.0,0.0,0.0,0.0,0.0,0.0,0.0,0.0,0.0,0.0,0.0,0.0,0.0,0.0,0.0,0.0,0.0,0.0,0.0,nan,nan,4.266947529682114,2.889708728330397,nan,0.9266084383801154,0.023982131037872393,0.0,0.0,0.0,0.0,0.0,0.0,0.0,0.0,0.0,0.0,0.0,0.0,0.0,0.0,0.0,0.0,0.0,0.0,0.0,0.0,0.0,0.0,0.0,0.0,0.0,0.1561760530052059,4.032181732134407,13.999053478466639,10.449597728348321,1.3629910080454333,0.9253034011329682,0.02342886210090141,0.0,0.0,0.0,0.0,0.0,0.0,0.0,0.0,0.0,0.0,0.0,0.0,0.0,0.0,0.0,0.0,0.0,0.0,0.0,0.0,0.0,0.0,0.0,0.0,0.0,0.21276595744680857,3.905775075987843,14.984802431610946,9.635258358662616,1.2613981762917936,0.395,0.010445,0.0,0.0,0.0,0.0,0.0,0.0,0.0,0.0,0.0,0.0,0.08518693800283958,20.175106483672476,9.73970657832466,0.0,0.0,0.0,0.0,0.0,0.0,0.0,0.0,0.0,0.0,0.0,0.0,0.0,0.0,0.0,0.0,0.0,0.3953,0.010376,0.0,0.0,0.0,0.0,0.0,0.0,0.0,0.0,0.0,0.0,0.07598784194528876,20.0607902735562,9.863221884498483,0.0,0.0,0.0,0.0,0.0,0.0,0.0,0.0,0.0,0.0,0.0,0.0,0.0,0.0,0.0,0.0,0.0
21500,4011,2072,0.5165794066317626,969,805,0.44228371977063075,1123,0.5599601096983295,0.426,3.0556988138215577,3.152312324351199,6.625899280575539,2.2521720332944013,9521.551483420593,1614.1119039965768,7853.0,11083.0,11083.0,0.0,7853.0,0.0,28.37272500623286,21.028952605818287,33.20454545454545,19.3036480852163,0.13487908252306158,0.10097232610321616,0.09324358015457491,0.08800797806033409,0.0775367738718524,0.0705559710795313,0.06955871353777113,0.06930939915233109,0.05385190725504862,0.0506108202443281,0.04462727499376714,0.0443779606083271,0.03664921465968586,0.031662926950885066,0.01844926452256295,0.010969832959361756,0.004736973323360758,0.925340772537007,0.023282910776541793,0.0,0.0,0.0,0.0,0.0,0.0,0.0,0.0,0.0,0.0,0.0,0.0,0.0,0.0,0.0,0.0,0.0,0.0,0.0,0.0,0.0,0.0,0.0,0.0,0.0,0.22438294689603597,4.001495886312641,14.41286462228871,10.314136125654452,1.0471204188481678,4.27662037037037,2.880507553069207,nan,nan,nan,4.241486068111455,2.8246833772468105,4.308698999230177,2.933863199393415,1.0158465523732463,0.3955,0.01034,0.0,0.0,0.0,0.0,0.0,0.0,0.0,0.0,0.0,0.0,0.07479431563201198,19.87284966342555,10.044876589379209,0.007479431563201198,0.0,0.0,0.0,0.0,0.0,0.0,0.0,0.0,0.0,0.0,0.0,0.0,0.0,0.0,0.0,0.0,nan,nan,4.27662037037037,2.880507553069207,nan,0.3955,0.04724,0.0,0.0,0.0,0.0,0.0,0.0,0.0,0.0,0.0,0.0,0.0,0.0,0.0,0.0,0.0,0.0,0.0,0.0,0.0,0.0,0.0,0.0,0.0,2.493143854400399e-05,0.006544502617801047,1.2465719272001995e-05,0.0,0.0015083520319122414,0.0004238344552480678,0.02273747195213164,0.013163799551234106,0.01356270256793817,0.018723510346546995,0.020082273747195213,0.02318623784592371,0.05128396908501621,0.06824981301421092,0.10245574669658439,0.1006108202443281,0.053951633009224634,0.09552480678135128,0.06892296185489903,0.08457990526053354,0.0806158065320369,0.027075542258788332,0.04803041635502368,0.019533782099227126,0.043393168785838945,0.016990775367738718,0.002356020942408377,0.002306158065320369,0.0033408127648965344,0.004849164796808776,0.0059461480927449515,0.0,0.0,1.2465719272001995e-05,0.0,0.0,0.0,0.0,0.0,0.0,0.0,0.0,0.0,0.0,0.0,0.0,0.0,0.0,0.0,0.0,0.0,0.0,0.0,0.0,0.0,0.0,0.0,0.0,0.0,0.0,0.0,0.0,0.0,0.0,0.0,0.0,0.0,0.0,0.0,0.0,0.0,0.0,0.0,0.0,0.0,0.0,0.0,0.0,nan,nan,4.27662037037037,2.880507553069207,nan,0.9257198979207908,0.023449507901540975,0.0,0.0,0.0,0.0,0.0,0.0,0.0,0.0,0.0,0.0,0.0,0.0,0.0,0.0,0.0,0.0,0.0,0.0,0.0,0.0,0.0,0.0,0.0,0.0,0.0,0.20270270270270277,3.996138996138997,14.131274131274134,10.511583011583014,1.1583011583011584,0.9249356421629997,0.023096681563757392,0.0,0.0,0.0,0.0,0.0,0.0,0.0,0.0,0.0,0.0,0.0,0.0,0.0,0.0,0.0,0.0,0.0,0.0,0.0,0.0,0.0,0.0,0.0,0.0,0.0,0.24755028365136675,4.007220216606499,14.713769984528112,10.103145951521405,0.9283135636926253,0.3955,0.01031,0.0,0.0,0.0,0.0,0.0,0.0,0.0,0.0,0.0,0.0,0.028957528957528966,20.154440154440127,9.816602316602319,0.0,0.0,0.0,0.0,0.0,0.0,0.0,0.0,0.0,0.0,0.0,0.0,0.0,0.0,0.0,0.0,0.0,0.3958,0.01037,0.0,0.0,0.0,0.0,0.0,0.0,0.0,0.0,0.0,0.0,0.12377514182568337,19.57194430118615,10.28880866425993,0.015471892728210422,0.0,0.0,0.0,0.0,0.0,0.0,0.0,0.0,0.0,0.0,0.0,0.0,0.0,0.0,0.0,0.0
21600,4160,2148,0.5163461538461539,1001,844,0.44350961538461536,1145,0.5504807692307693,0.418,2.9557654075546718,3.0764822609636537,6.522058823529412,2.052498161368761,9520.798076923076,1614.1367237855734,7853.0,11083.0,11083.0,0.0,7853.0,0.0,27.78966346153846,20.98341237928306,32.945438799076214,19.21591406437371,0.14423076923076922,0.10625,0.09014423076923077,0.08221153846153846,0.08149038461538462,0.07379807692307692,0.06466346153846154,0.06394230769230769,0.05889423076923077,0.052403846153846155,0.04855769230769231,0.041346153846153845,0.03221153846153846,0.023076923076923078,0.01826923076923077,0.011298076923076923,0.007211538461538462,0.924197417182418,0.023169169844308387,0.0,0.0,0.0,0.0,0.0,0.0,0.0,0.0,0.0,0.0,0.0,0.0,0.0,0.0,0.0,0.0,0.0,0.0,0.0,0.0,0.0,0.0,0.0,0.0,0.0,0.18028846153846156,4.153846153846155,15.418269230769234,9.317307692307693,0.9302884615384618,4.2711545693869875,2.810252114049108,nan,nan,nan,4.208429118773946,2.8245377039693476,4.3316100443131464,2.795082605684886,1.0292700487670532,0.3955,0.01022,0.0,0.0,0.0,0.0,0.0,0.0,0.0,0.0,0.0,0.0,0.043269230769230775,20.091346153846125,9.865384615384617,0.0,0.0,0.0,0.0,0.0,0.0,0.0,0.0,0.0,0.0,0.0,0.0,0.0,0.0,0.0,0.0,0.0,nan,nan,4.2711545693869875,2.810252114049108,nan,0.3955,0.04703,0.0,0.0,0.0,0.0,0.0,0.0,0.0,0.0,0.0,0.0,0.0,0.0,0.0,0.0,0.0,0.0,0.0,0.0,0.0,0.0,0.0,0.0,1.201923076923077e-05,0.0,0.007295673076923077,0.0,1.201923076923077e-05,0.001298076923076923,0.0005889423076923077,0.021538461538461538,0.012536057692307692,0.012524038461538461,0.019495192307692307,0.0203125,0.023125,0.05282451923076923,0.07006009615384616,0.10117788461538461,0.09579326923076924,0.052572115384615384,0.09989182692307692,0.06913461538461538,0.08622596153846154,0.08038461538461539,0.02424278846153846,0.05221153846153846,0.019939903846153847,0.04266826923076923,0.016838942307692308,0.002223557692307692,0.0021875,0.0035096153846153845,0.004158653846153846,0.005192307692307692,1.201923076923077e-05,0.0,0.0,1.201923076923077e-05,0.0,0.0,0.0,0.0,0.0,0.0,0.0,0.0,0.0,0.0,0.0,0.0,0.0,0.0,0.0,0.0,0.0,0.0,0.0,0.0,0.0,0.0,0.0,0.0,0.0,0.0,0.0,0.0,0.0,0.0,0.0,0.0,0.0,0.0,0.0,0.0,0.0,0.0,0.0,0.0,0.0,0.0,0.0,nan,nan,4.2711545693869875,2.810252114049108,nan,0.9237605859724947,0.023706522057332147,0.0,0.0,0.0,0.0,0.0,0.0,0.0,0.0,0.0,0.0,0.0,0.0,0.0,0.0,0.0,0.0,0.0,0.0,0.0,0.0,0.0,0.0,0.0,0.0,0.0,0.22346368715083803,4.413407821229051,15.12569832402235,9.245810055865924,0.9916201117318438,0.9246637757504673,0.022572058932669416,0.0,0.0,0.0,0.0,0.0,0.0,0.0,0.0,0.0,0.0,0.0,0.0,0.0,0.0,0.0,0.0,0.0,0.0,0.0,0.0,0.0,0.0,0.0,0.0,0.0,0.13419483101391652,3.8767395626242553,15.730616302186883,9.393638170974157,0.8648111332007955,0.3958,0.010216,0.0,0.0,0.0,0.0,0.0,0.0,0.0,0.0,0.0,0.0,0.06983240223463688,19.958100558659186,9.972067039106147,0.0,0.0,0.0,0.0,0.0,0.0,0.0,0.0,0.0,0.0,0.0,0.0,0.0,0.0,0.0,0.0,0.0,0.3955,0.01023,0.0,0.0,0.0,0.0,0.0,0.0,0.0,0.0,0.0,0.0,0.014910536779324059,20.233598409542715,9.751491053677935,0.0,0.0,0.0,0.0,0.0,0.0,0.0,0.0,0.0,0.0,0.0,0.0,0.0,0.0,0.0,0.0,0.0
21700,4369,2254,0.5159075303273061,1085,898,0.45387960631723506,1223,0.5598535133897917,0.38999999999999996,2.8775413711583924,3.007106100448113,6.4512820512820515,2.123881923441268,9519.381322957199,1614.1824431120442,7853.0,11083.0,11083.0,0.0,7853.0,0.0,27.925612268253605,20.71239155935033,32.669916057405906,19.012734111661903,0.13504234378576332,0.10048065918974594,0.09407186999313344,0.08308537422751201,0.08537422751201648,0.07919432364385443,0.06729228656443122,0.06889448386358435,0.059739070725566494,0.053101396200503546,0.04303044174868391,0.037537193865873196,0.03158617532616159,0.024719615472648202,0.018310826276035707,0.010757610437170977,0.007782101167315175,0.9246893776830095,0.023379642190961763,0.0,0.0,0.0,0.0,0.0,0.0,0.0,0.0,0.0,0.0,0.0,0.0,0.0,0.0,0.0,0.0,0.0,0.0,0.0,0.0,0.0,0.0,0.0,0.0,0.0,0.19913023575188835,4.168001831082629,14.989700160219734,9.5376516365301,1.105516136415656,4.133638928067701,2.8168312658385024,nan,nan,nan,4.146582100070472,2.8276186106294166,4.119350282485875,2.806473273208634,0.9934327074859716,0.3955,0.01018,0.0,0.0,0.0,0.0,0.0,0.0,0.0,0.0,0.0,0.0,0.027466239414053566,19.961089494163396,10.00457770656901,0.006866559853513391,0.0,0.0,0.0,0.0,0.0,0.0,0.0,0.0,0.0,0.0,0.0,0.0,0.0,0.0,0.0,0.0,nan,nan,4.133638928067701,2.8168312658385024,nan,0.3955,0.0471,0.0,0.0,0.0,0.0,0.0,0.0,0.0,0.0,0.0,0.0,0.0,0.0,0.0,0.0,0.0,0.0,0.0,0.0,0.0,0.0,0.0,0.0,1.1444266422522316e-05,0.0,0.00686655985351339,1.1444266422522316e-05,1.1444266422522316e-05,0.001407644769970245,0.0008697642481116961,0.021732661936369878,0.012863355458915083,0.011799038681620508,0.020668345159075303,0.01977569237811856,0.022098878461890594,0.05575646601052873,0.06873426413366904,0.10434882124055848,0.09403753719386587,0.04937056534676127,0.09787136644541085,0.07084000915541314,0.08896772716868849,0.08083085374227512,0.024868390936140992,0.05037766079194324,0.019729915312428473,0.04234378576333257,0.01565575646601053,0.002277409018081941,0.002208743419546807,0.0036850537880521858,0.004108491645685512,0.005687800411993591,1.1444266422522316e-05,6.86655985351339e-05,0.0,0.0,0.0,0.00010299839780270085,0.0,0.0,0.0,0.0,0.0,0.0,0.0,0.0,0.0,0.0,0.0,0.0,0.0,0.0,0.0,0.0,0.0,0.0,0.0,0.0,0.0,0.0,0.0,0.0,0.0,0.0,0.0,0.0,0.0,0.0,0.0,0.0,0.0,0.0,0.0,0.0,0.0,0.0,0.0,0.0,0.0,nan,nan,4.133638928067701,2.8168312658385024,nan,0.9249172825779445,0.023496826059549017,0.0,0.0,0.0,0.0,0.0,0.0,0.0,0.0,0.0,0.0,0.0,0.0,0.0,0.0,0.0,0.0,0.0,0.0,0.0,0.0,0.0,0.0,0.0,0.0,0.0,0.17302573203194327,4.192546583850932,14.82697426796806,9.729370008873117,1.078083407275954,0.9244464946413153,0.023251648115767725,0.0,0.0,0.0,0.0,0.0,0.0,0.0,0.0,0.0,0.0,0.0,0.0,0.0,0.0,0.0,0.0,0.0,0.0,0.0,0.0,0.0,0.0,0.0,0.0,0.0,0.22695035460992913,4.141843971631206,15.16312056737589,9.333333333333336,1.1347517730496457,0.3955,0.010216,0.0,0.0,0.0,0.0,0.0,0.0,0.0,0.0,0.0,0.0,0.0,19.76486246672579,10.23513753327418,0.0,0.0,0.0,0.0,0.0,0.0,0.0,0.0,0.0,0.0,0.0,0.0,0.0,0.0,0.0,0.0,0.0,0.3955,0.01013,0.0,0.0,0.0,0.0,0.0,0.0,0.0,0.0,0.0,0.0,0.05673758865248228,20.17021276595742,9.758865248226952,0.01418439716312057,0.0,0.0,0.0,0.0,0.0,0.0,0.0,0.0,0.0,0.0,0.0,0.0,0.0,0.0,0.0,0.0
21800,4271,2218,0.5193163193631468,1043,875,0.449075158042613,1220,0.5712947787403418,0.38999999999999996,2.96639064783244,3.041575923552422,6.554982817869416,1.9921411532005509,9530.391711542965,1613.7943717620096,7853.0,11083.0,11083.0,0.0,7853.0,0.0,28.049402950128776,20.91411665215841,32.97743732590529,19.169142831298966,0.13743853898384453,0.09927417466635448,0.09599625380472958,0.08616249121985484,0.08007492390540857,0.07234839616014985,0.06930461250292672,0.062046359166471554,0.06391945680168579,0.05221259658159681,0.04659330367595411,0.03886677593069539,0.032779208616249125,0.02575509248419574,0.018262701943338795,0.013579957855303207,0.005385155701240927,0.9246293980269766,0.023081735002337987,0.0,0.0,0.0,0.0,0.0,0.0,0.0,0.0,0.0,0.0,0.0,0.0,0.0,0.0,0.0,0.0,0.0,0.0,0.0,0.0,0.0,0.0,0.0,0.0,0.0,0.15453055490517445,4.179349098571764,15.038632638726297,9.580894404120816,1.0465933036759543,4.289559839941797,2.8090374319458387,nan,nan,nan,4.1992565055762086,2.798645351610912,4.3760683760683765,2.816242558653439,1.042105518026198,0.395,0.01034,0.0,0.0,0.0,0.0,0.0,0.0,0.0,0.0,0.0,0.0,0.06321704518848047,20.615780847576648,9.321002107234841,0.0,0.0,0.0,0.0,0.0,0.0,0.0,0.0,0.0,0.0,0.0,0.0,0.0,0.0,0.0,0.0,0.0,nan,nan,4.289559839941797,2.8090374319458387,nan,0.395,0.04672,0.0,0.0,0.0,0.0,0.0,0.0,0.0,0.0,0.0,0.0,0.0,0.0,0.0,0.0,0.0,0.0,0.0,0.0,0.0,0.0,0.0,1.1706860220088972e-05,0.0,0.0,0.007129477874034184,2.3413720440177944e-05,3.5120580660266915e-05,0.0012760477639896979,0.0011121517209084523,0.01922266448138609,0.015335986888316553,0.011741980800749239,0.02117771013814095,0.01882463123390307,0.022032310934207447,0.056005619292905644,0.06900023413720441,0.10357059236712714,0.0968157340201358,0.0487239522360103,0.10024584406462186,0.07189182861156637,0.08796534769374853,0.08137438538983845,0.02333177241863732,0.050058534301100445,0.020229454460313743,0.04096230391009131,0.015616951533598688,0.002446733785998595,0.001720908452353079,0.0029033013345820652,0.0035940060875673144,0.0055841723249824395,0.0,3.5120580660266915e-05,0.0,0.0,0.0,0.0,0.0,0.0,0.0,0.0,0.0,0.0,0.0,0.0,0.0,0.0,0.0,0.0,0.0,0.0,0.0,0.0,0.0,0.0,0.0,0.0,0.0,0.0,0.0,0.0,0.0,0.0,0.0,0.0,0.0,0.0,0.0,0.0,0.0,0.0,0.0,0.0,0.0,0.0,0.0,0.0,0.0,nan,nan,4.289559839941797,2.8090374319458387,nan,0.9246522694208044,0.023118716302161467,0.0,0.0,0.0,0.0,0.0,0.0,0.0,0.0,0.0,0.0,0.0,0.0,0.0,0.0,0.0,0.0,0.0,0.0,0.0,0.0,0.0,0.0,0.0,0.0,0.0,0.1893597835888188,4.138863841298468,15.054102795311094,9.61677186654644,1.000901713255185,0.9246046884548821,0.023041689294901108,0.0,0.0,0.0,0.0,0.0,0.0,0.0,0.0,0.0,0.0,0.0,0.0,0.0,0.0,0.0,0.0,0.0,0.0,0.0,0.0,0.0,0.0,0.0,0.0,0.0,0.11690209449585974,4.223088163662934,15.021919142717977,9.542133463224552,1.095957135898685,0.395,0.01043,0.0,0.0,0.0,0.0,0.0,0.0,0.0,0.0,0.0,0.0,0.08115419296663662,20.626690712353444,9.292155094679893,0.0,0.0,0.0,0.0,0.0,0.0,0.0,0.0,0.0,0.0,0.0,0.0,0.0,0.0,0.0,0.0,0.0,0.395,0.01025,0.0,0.0,0.0,0.0,0.0,0.0,0.0,0.0,0.0,0.0,0.0438382854359474,20.603994154895247,9.352167559668779,0.0,0.0,0.0,0.0,0.0,0.0,0.0,0.0,0.0,0.0,0.0,0.0,0.0,0.0,0.0,0.0,0.0
21900,4062,2113,0.5201870999507632,987,841,0.4500246184145741,1162,0.5721319547021172,0.418,2.944073884043099,3.054062561403918,6.5,2.216800992887368,9533.204332840965,1613.6831767663577,7853.0,11083.0,11083.0,0.0,7853.0,0.0,28.211964549483014,21.081624319055962,33.3,19.274136892249583,0.14081733136386015,0.10068931560807484,0.08862629246676514,0.08074839980305268,0.08099458394879369,0.07828655834564253,0.06942392909896603,0.06277695716395865,0.06006893156080748,0.051698670605613,0.04948301329394387,0.0396356474643033,0.0292959133431807,0.02708025603151157,0.020925652387986212,0.011570654849827671,0.007877892663712457,0.9250121656337552,0.023176062094372597,0.0,0.0,0.0,0.0,0.0,0.0,0.0,0.0,0.0,0.0,0.0,0.0,0.0,0.0,0.0,0.0,0.0,0.0,0.0,0.0,0.0,0.0,0.0,0.0,0.0,0.18463810930576074,4.017725258493354,15.155096011816843,9.497784342688332,1.1447562776957165,4.164528301886793,2.8538134474059844,nan,nan,nan,4.169811320754717,2.8701183267738566,4.159245283018868,2.837405038927397,0.9974660633484164,0.3945,0.01007,0.0,0.0,0.0,0.0,0.0,0.0,0.0,0.0,0.0,0.0,0.05169867060561301,20.723781388478553,9.224519940915807,0.0,0.0,0.0,0.0,0.0,0.0,0.0,0.0,0.0,0.0,0.0,0.0,0.0,0.0,0.0,0.0,0.0,nan,nan,4.164528301886793,2.8538134474059844,nan,0.3945,0.04642,0.0,0.0,0.0,0.0,0.0,0.0,0.0,0.0,0.0,0.0,0.0,0.0,0.0,0.0,0.0,0.0,0.0,0.0,0.0,0.0,0.0,4.9236829148202856e-05,0.0,0.0,0.007705563761693747,4.9236829148202856e-05,0.0,0.0013540128015755786,0.0007262432299359921,0.018513047759724274,0.014931068439192516,0.011521418020679469,0.021344165435745938,0.01879615952732644,0.0232520925652388,0.05534219596258001,0.06899310684391925,0.10422205809945839,0.09935992122107336,0.048399803052683404,0.10236336779911373,0.07096258000984737,0.09006646971935008,0.0775972427375677,0.02653865091088134,0.04862136878385032,0.017343673067454456,0.04273756770064008,0.013023141309699655,0.0031634662727720335,0.0019694731659281144,0.0027080256031511572,0.0034588872476612508,0.004739044805514525,0.0,3.692762186115214e-05,0.0,0.0,0.00011078286558345643,0.0,0.0,0.0,0.0,0.0,0.0,0.0,0.0,0.0,0.0,0.0,0.0,0.0,0.0,0.0,0.0,0.0,0.0,0.0,0.0,0.0,0.0,0.0,0.0,0.0,0.0,0.0,0.0,0.0,0.0,0.0,0.0,0.0,0.0,0.0,0.0,0.0,0.0,0.0,0.0,0.0,0.0,nan,nan,4.164528301886793,2.8538134474059844,nan,0.9245538529602769,0.02330932931634722,0.0,0.0,0.0,0.0,0.0,0.0,0.0,0.0,0.0,0.0,0.0,0.0,0.0,0.0,0.0,0.0,0.0,0.0,0.0,0.0,0.0,0.0,0.0,0.0,0.0,0.25556081400851877,4.188357785139613,15.134879318504499,9.242782773308095,1.178419309039281,0.9255090433551814,0.023020403590284403,0.0,0.0,0.0,0.0,0.0,0.0,0.0,0.0,0.0,0.0,0.0,0.0,0.0,0.0,0.0,0.0,0.0,0.0,0.0,0.0,0.0,0.0,0.0,0.0,0.0,0.10774756285274503,3.83273473576193,15.177013853258085,9.77424320164187,1.1082606464853773,0.3945,0.01002,0.0,0.0,0.0,0.0,0.0,0.0,0.0,0.0,0.0,0.0,0.028395646000946528,20.884997633696134,9.086606720302889,0.0,0.0,0.0,0.0,0.0,0.0,0.0,0.0,0.0,0.0,0.0,0.0,0.0,0.0,0.0,0.0,0.0,0.3948,0.010124,0.0,0.0,0.0,0.0,0.0,0.0,0.0,0.0,0.0,0.0,0.07696254489481787,20.548999486916337,9.374037968188818,0.0,0.0,0.0,0.0,0.0,0.0,0.0,0.0,0.0,0.0,0.0,0.0,0.0,0.0,0.0,0.0,0.0
22000,4135,2142,0.5180169286577992,1059,853,0.4623941958887545,1167,0.5644498186215235,0.41,2.9744104365278474,3.1309996041128465,6.707581227436823,2.161623002545762,9526.19467956469,1613.9511700390326,7853.0,11083.0,11083.0,0.0,7853.0,0.0,28.03385731559855,20.780928262181266,32.913530594656706,19.021095145421224,0.13422007255139057,0.10495767835550181,0.09141475211608223,0.08633615477629988,0.0814993954050786,0.07158403869407497,0.06819830713422008,0.0667472793228537,0.06191051995163241,0.05538089480048368,0.04328899637243047,0.04328899637243047,0.031197097944377267,0.025151148730350664,0.018137847642079808,0.009915356711003628,0.006771463119709794,0.9258558452057291,0.023526451185158,0.0,0.0,0.0,0.0,0.0,0.0,0.0,0.0,0.0,0.0,0.0,0.0,0.0,0.0,0.0,0.0,0.0,0.0,0.0,0.0,0.0,0.0,0.0,0.0,0.0,0.21039903264812582,3.8162031438935924,14.655380894800487,10.048367593712214,1.2696493349455866,4.169008875739645,2.9417271262182565,nan,nan,nan,4.150776053215077,2.9312448494519145,4.185185185185185,2.9521748045834886,1.008289806900918,0.3945,0.01001,0.0,0.0,0.0,0.0,0.0,0.0,0.0,0.0,0.0,0.0,0.06529625151148731,21.185006045949184,8.7496977025393,0.0,0.0,0.0,0.0,0.0,0.0,0.0,0.0,0.0,0.0,0.0,0.0,0.0,0.0,0.0,0.0,0.0,nan,nan,4.169008875739645,2.9417271262182565,nan,0.3945,0.0464,0.0,0.0,0.0,0.0,0.0,0.0,0.0,0.0,0.0,0.0,0.0,0.0,0.0,0.0,0.0,0.0,0.0,0.0,0.0,0.0,0.0,1.2091898428053204e-05,0.0,0.0,0.008065296251511487,0.0,1.2091898428053204e-05,0.0012091898428053204,0.0009310761789600967,0.01852478839177751,0.016154776299879083,0.0105683192261185,0.0201813784764208,0.01912938331318017,0.023180169286577994,0.05498186215235792,0.07183796856106409,0.10287787182587667,0.09798065296251511,0.04818621523579202,0.10112454655380895,0.06694074969770254,0.09362756952841596,0.07857315598548972,0.029226118500604595,0.04922611850060459,0.016952841596130593,0.04130592503022975,0.013458282950423216,0.0033615477629987908,0.002128174123337364,0.0026964933494558647,0.0035550181378476422,0.003954050785973398,0.0,0.0,0.0,0.0,3.627569528415961e-05,0.0,0.0,0.0,0.0,0.0,0.0,0.0,0.0,0.0,0.0,0.0,0.0,0.0,0.0,0.0,0.0,0.0,0.0,0.0,0.0,0.0,0.0,0.0,0.0,0.0,0.0,0.0,0.0,0.0,0.0,0.0,0.0,0.0,0.0,0.0,0.0,0.0,0.0,0.0,0.0,0.0,0.0,nan,nan,4.169008875739645,2.9417271262182565,nan,0.9255566644290137,0.02374578687893254,0.0,0.0,0.0,0.0,0.0,0.0,0.0,0.0,0.0,0.0,0.0,0.0,0.0,0.0,0.0,0.0,0.0,0.0,0.0,0.0,0.0,0.0,0.0,0.0,0.0,0.26610644257703087,3.879551820728292,14.481792717086838,10.056022408963587,1.316526610644258,0.9261773932356961,0.023284128856175187,0.0,0.0,0.0,0.0,0.0,0.0,0.0,0.0,0.0,0.0,0.0,0.0,0.0,0.0,0.0,0.0,0.0,0.0,0.0,0.0,0.0,0.0,0.0,0.0,0.0,0.15052684395383847,3.748118414450578,14.841946813848473,10.040140491721026,1.2192674360260916,0.3945,0.00998,0.0,0.0,0.0,0.0,0.0,0.0,0.0,0.0,0.0,0.0,0.04201680672268908,21.06442577030809,8.89355742296919,0.0,0.0,0.0,0.0,0.0,0.0,0.0,0.0,0.0,0.0,0.0,0.0,0.0,0.0,0.0,0.0,0.0,0.3945,0.01004,0.0,0.0,0.0,0.0,0.0,0.0,0.0,0.0,0.0,0.0,0.09031610637230307,21.31460110386349,8.595082789764177,0.0,0.0,0.0,0.0,0.0,0.0,0.0,0.0,0.0,0.0,0.0,0.0,0.0,0.0,0.0,0.0,0.0
22100,4031,2108,0.5229471595137682,1031,808,0.4562143388737286,1112,0.5517241379310345,0.40599999999999997,2.9334373374935,3.0937408486298765,6.617142857142857,2.0748129987041812,9542.119325229472,1613.2982754678465,7853.0,11083.0,11083.0,0.0,7853.0,0.0,28.30786405358472,20.827646435520307,33.361242603550295,18.936439331368792,0.13867526668320515,0.09600595385760358,0.09129248325477549,0.07864053584718432,0.08608285785164971,0.07343091044405854,0.06648474323989084,0.06822128504093278,0.06053088563631853,0.05656164723393699,0.04986355742991813,0.041428925824857354,0.03125775241875465,0.027040436616224264,0.01810965021086579,0.01116348300669809,0.005209625403125776,0.9248833532399617,0.023712474400484566,0.0,0.0,0.0,0.0,0.0,0.0,0.0,0.0,0.0,0.0,0.0,0.0,0.0,0.0,0.0,0.0,0.0,0.0,0.0,0.0,0.0,0.0,0.0,0.0,0.0,0.20838501612503108,4.100719424460433,15.085586703051355,9.414537335648724,1.1907715207144631,4.195520121488231,2.89714251500555,nan,nan,nan,4.139711465451784,2.8874473821140887,4.253039513677812,2.9061743622794873,1.0273758326327362,0.3943,0.01031,0.0,0.0,0.0,0.0,0.0,0.0,0.0,0.0,0.0,0.0,0.05209625403125777,21.456214338873696,8.491689407095015,0.0,0.0,0.0,0.0,0.0,0.0,0.0,0.0,0.0,0.0,0.0,0.0,0.0,0.0,0.0,0.0,0.0,nan,nan,4.195520121488231,2.89714251500555,nan,0.3943,0.04697,0.0,0.0,0.0,0.0,0.0,0.0,0.0,0.0,0.0,0.0,0.0,0.0,0.0,0.0,0.0,0.0,0.0,0.0,0.0,0.0,0.0,1.2403870007442322e-05,8.682709005209626e-05,0.0,0.007864053584718433,6.201935003721161e-05,0.0,0.0012031753907219053,0.0007690399404614239,0.019622922351773753,0.017005705780203422,0.010282808236169685,0.023033986603820392,0.018518977921111388,0.026370627635822378,0.053423468122054084,0.07572562639543537,0.09869759364921855,0.09452989332671793,0.048064996278839,0.10011163483006698,0.06639791614983875,0.09389729595633838,0.07789630364673779,0.027958322996774993,0.04812701562887621,0.01704291739022575,0.04228479285537087,0.013334160258000495,0.004341354502604812,0.002517985611510791,0.0030265442818159264,0.003336641032001985,0.004452989332671794,0.0,0.0,0.0,0.0,0.0,0.0,0.0,0.0,0.0,0.0,0.0,0.0,0.0,0.0,0.0,0.0,0.0,0.0,0.0,0.0,0.0,0.0,0.0,0.0,0.0,0.0,0.0,0.0,0.0,0.0,0.0,0.0,0.0,0.0,0.0,0.0,0.0,0.0,0.0,0.0,0.0,0.0,0.0,0.0,0.0,0.0,0.0,nan,nan,4.195520121488231,2.89714251500555,nan,0.9245468950079333,0.02373724846310989,0.0,0.0,0.0,0.0,0.0,0.0,0.0,0.0,0.0,0.0,0.0,0.0,0.0,0.0,0.0,0.0,0.0,0.0,0.0,0.0,0.0,0.0,0.0,0.0,0.0,0.213472485768501,4.212523719165087,15.085388994307404,9.29316888045541,1.1954459203036056,0.9252521800486544,0.02367979522669155,0.0,0.0,0.0,0.0,0.0,0.0,0.0,0.0,0.0,0.0,0.0,0.0,0.0,0.0,0.0,0.0,0.0,0.0,0.0,0.0,0.0,0.0,0.0,0.0,0.0,0.20280811232449303,3.9781591263650555,15.08580343213729,9.547581903276132,1.1856474258970362,0.394,0.0105,0.0,0.0,0.0,0.0,0.0,0.0,0.0,0.0,0.0,0.0,0.07115749525616699,21.603415559772266,8.32542694497154,0.0,0.0,0.0,0.0,0.0,0.0,0.0,0.0,0.0,0.0,0.0,0.0,0.0,0.0,0.0,0.0,0.0,0.3945,0.0101,0.0,0.0,0.0,0.0,0.0,0.0,0.0,0.0,0.0,0.0,0.031201248049922005,21.294851794071732,8.673946957878316,0.0,0.0,0.0,0.0,0.0,0.0,0.0,0.0,0.0,0.0,0.0,0.0,0.0,0.0,0.0,0.0,0.0
22200,4050,2087,0.5153086419753087,948,823,0.4372839506172839,1119,0.5525925925925926,0.43,2.9271523178807946,3.156035770349796,6.760299625468165,2.0587432769196923,9517.446913580246,1614.242857421828,7853.0,11083.0,11083.0,0.0,7853.0,0.0,27.288888888888888,20.6555286593573,32.193862496311596,19.02123824515245,0.1385185185185185,0.10938271604938271,0.10098765432098765,0.08666666666666667,0.0837037037037037,0.06987654320987655,0.0637037037037037,0.05802469135802469,0.060987654320987655,0.05604938271604938,0.04765432098765432,0.04,0.03185185185185185,0.01925925925925926,0.01654320987654321,0.008641975308641974,0.008148148148148147,0.9241825558962645,0.022806572743203853,0.0,0.0,0.0,0.0,0.0,0.0,0.0,0.0,0.0,0.0,0.0,0.0,0.0,0.0,0.0,0.0,0.0,0.0,0.0,0.0,0.0,0.0,0.0,0.0,0.0,0.1703703703703704,4.274074074074075,15.288888888888893,9.288888888888891,0.977777777777778,4.329273084479372,2.9652916351375977,nan,nan,nan,4.328853754940711,2.9519467466763647,4.3296875,2.9784213355977274,1.000192601807889,0.3945,0.01048,0.0,0.0,0.0,0.0,0.0,0.0,0.0,0.0,0.0,0.0,0.11111111111111113,20.970370370370343,8.918518518518521,0.0,0.0,0.0,0.0,0.0,0.0,0.0,0.0,0.0,0.0,0.0,0.0,0.0,0.0,0.0,0.0,0.0,nan,nan,4.329273084479372,2.9652916351375977,nan,0.3945,0.04715,0.0,0.0,0.0,0.0,0.0,0.0,0.0,0.0,0.0,0.0,0.0,0.0,0.0,0.0,0.0,0.0,0.0,0.0,0.0,0.0,0.0,0.0,8.641975308641975e-05,1.2345679012345678e-05,0.006925925925925926,0.0,6.17283950617284e-05,0.0008148148148148148,0.0013703703703703703,0.01919753086419753,0.015925925925925927,0.011567901234567902,0.025185185185185185,0.01948148148148148,0.02840740740740741,0.05135802469135802,0.07322222222222222,0.10075308641975309,0.09587654320987654,0.047358024691358025,0.0958641975308642,0.06449382716049383,0.09734567901234568,0.07590123456790124,0.02893827160493827,0.048679012345679014,0.015444444444444445,0.04265432098765432,0.014432098765432099,0.0040987654320987655,0.00254320987654321,0.003,0.003765432098765432,0.005222222222222222,0.0,1.2345679012345678e-05,0.0,0.0,0.0,0.0,0.0,0.0,0.0,0.0,0.0,0.0,0.0,0.0,0.0,0.0,0.0,0.0,0.0,0.0,0.0,0.0,0.0,0.0,0.0,0.0,0.0,0.0,0.0,0.0,0.0,0.0,0.0,0.0,0.0,0.0,0.0,0.0,0.0,0.0,0.0,0.0,0.0,0.0,0.0,0.0,0.0,nan,nan,4.329273084479372,2.9652916351375977,nan,0.9235506520125074,0.022872101051031463,0.0,0.0,0.0,0.0,0.0,0.0,0.0,0.0,0.0,0.0,0.0,0.0,0.0,0.0,0.0,0.0,0.0,0.0,0.0,0.0,0.0,0.0,0.0,0.0,0.0,0.18687110685194064,4.45615716339243,15.510301868711071,8.897939626257788,0.9487302347867755,0.92485437627599,0.022717428691067798,0.0,0.0,0.0,0.0,0.0,0.0,0.0,0.0,0.0,0.0,0.0,0.0,0.0,0.0,0.0,0.0,0.0,0.0,0.0,0.0,0.0,0.0,0.0,0.0,0.0,0.15282730514518597,4.0804890473764655,15.05348955680082,9.704533876719308,1.0086602139582275,0.3943,0.01052,0.0,0.0,0.0,0.0,0.0,0.0,0.0,0.0,0.0,0.0,0.15812170579779591,20.987062769525604,8.854815524676571,0.0,0.0,0.0,0.0,0.0,0.0,0.0,0.0,0.0,0.0,0.0,0.0,0.0,0.0,0.0,0.0,0.0,0.3945,0.01044,0.0,0.0,0.0,0.0,0.0,0.0,0.0,0.0,0.0,0.0,0.06113092205807439,20.952623535404964,8.986245542536935,0.0,0.0,0.0,0.0,0.0,0.0,0.0,0.0,0.0,0.0,0.0,0.0,0.0,0.0,0.0,0.0,0.0
22300,4502,2365,0.5253220790759663,1129,919,0.45490892936472677,1262,0.5606397156819192,0.38999999999999996,2.925596630790828,3.0161916710772196,6.395348837209302,2.1620046440677245,9549.79031541537,1612.9275694538344,7853.0,11083.0,11083.0,0.0,7853.0,0.0,28.38627276765882,20.923117029334882,33.13364779874214,19.18374846978153,0.13460684140382054,0.09662372278987116,0.09107063527321191,0.08973789426921368,0.08018658374055976,0.07196801421590404,0.073745002221235,0.06641492669924479,0.0579742336739227,0.0504220346512661,0.0482007996446024,0.043980453131941356,0.028876055086628164,0.025099955575299867,0.02221235006663705,0.01288316303864949,0.0059973345179920035,0.9232716358195194,0.02288914397309784,0.0,0.0,0.0,0.0,0.0,0.0,0.0,0.0,0.0,0.0,0.0,0.0,0.0,0.0,0.0,0.0,0.0,0.0,0.0,0.0,0.0,0.0,0.0,0.0,0.0,0.1999111505997335,4.384717903154154,15.57974233673923,8.969346956908042,0.8662816525988452,4.237788331071913,2.8834383202669316,nan,nan,nan,4.219594594594595,2.9068455732972485,4.256130790190736,2.859528602812948,1.0086586980756267,0.3945,0.010345,0.0,0.0,0.0,0.0,0.0,0.0,0.0,0.0,0.0,0.0,0.1665926254997779,20.897378942692107,8.936028431808086,0.0,0.0,0.0,0.0,0.0,0.0,0.0,0.0,0.0,0.0,0.0,0.0,0.0,0.0,0.0,0.0,0.0,nan,nan,4.237788331071913,2.8834383202669316,nan,0.3945,0.04703,0.0,0.0,0.0,0.0,0.0,0.0,0.0,0.0,0.0,0.0,0.0,0.0,0.0,0.0,0.0,0.0,0.0,0.0,0.0,0.0,0.0,4.4424700133274104e-05,0.0,0.0,0.0066525988449577965,4.4424700133274104e-05,3.331852509995558e-05,0.00067747667703243,0.0014215904042647713,0.018625055530875168,0.01641492669924478,0.01136161705908485,0.024900044424700132,0.019780097734340293,0.027154597956463793,0.053354064860062195,0.07287872056863616,0.1045535317636606,0.0935250999555753,0.046945801865837404,0.09269213682807641,0.06360506441581519,0.09948911594846735,0.0767992003553976,0.028209684584629052,0.049644602398933806,0.015504220346512661,0.042825410928476235,0.014693469569080408,0.00376499333629498,0.0031874722345624166,0.0029542425588627275,0.00346512661039538,0.004720124389160373,7.774322523322968e-05,0.0,0.0,0.0,0.0,0.0,0.0,0.0,0.0,0.0,0.0,0.0,0.0,0.0,0.0,0.0,0.0,0.0,0.0,0.0,0.0,0.0,0.0,0.0,0.0,0.0,0.0,0.0,0.0,0.0,0.0,0.0,0.0,0.0,0.0,0.0,0.0,0.0,0.0,0.0,0.0,0.0,0.0,0.0,0.0,0.0,0.0,nan,nan,4.237788331071913,2.8834383202669316,nan,0.9229647456465514,0.022623600022548422,0.0,0.0,0.0,0.0,0.0,0.0,0.0,0.0,0.0,0.0,0.0,0.0,0.0,0.0,0.0,0.0,0.0,0.0,0.0,0.0,0.0,0.0,0.0,0.0,0.0,0.12684989429175478,4.503171247357295,15.754756871035944,8.75264270613108,0.8625792811839326,0.9236112686033611,0.02317473626968192,0.0,0.0,0.0,0.0,0.0,0.0,0.0,0.0,0.0,0.0,0.0,0.0,0.0,0.0,0.0,0.0,0.0,0.0,0.0,0.0,0.0,0.0,0.0,0.0,0.0,0.2807674309780066,4.2536265793168,15.386055217594762,9.209171736078616,0.8703790360318205,0.3945,0.01037,0.0,0.0,0.0,0.0,0.0,0.0,0.0,0.0,0.0,0.0,0.15221987315010574,21.006342494714556,8.841437632135309,0.0,0.0,0.0,0.0,0.0,0.0,0.0,0.0,0.0,0.0,0.0,0.0,0.0,0.0,0.0,0.0,0.0,0.3945,0.01033,0.0,0.0,0.0,0.0,0.0,0.0,0.0,0.0,0.0,0.0,0.1824988301357043,20.776789892372456,9.040711277491813,0.0,0.0,0.0,0.0,0.0,0.0,0.0,0.0,0.0,0.0,0.0,0.0,0.0,0.0,0.0,0.0,0.0
22400,4382,2211,0.5045641259698768,1031,935,0.44865358283888634,1237,0.5645823824737563,0.40599999999999997,2.888070013818517,3.0981042786367254,6.714285714285714,2.081213165907659,9482.742126882702,1614.9327136741563,7853.0,11083.0,11083.0,0.0,7853.0,0.0,27.357827476038338,20.662072791902236,32.22327984770193,19.00054883226788,0.141259698767686,0.10360565951620265,0.09402099497946144,0.0908261068005477,0.08124144226380649,0.07918758557736194,0.0641259698767686,0.06435417617526244,0.05796439981743496,0.05248744865358284,0.04381560931081698,0.03925148334094021,0.032861706983112735,0.020994979461433135,0.016659059790050206,0.010269283432222729,0.007074395253308992,0.924270702776763,0.023209834844685015,0.0,0.0,0.0,0.0,0.0,0.0,0.0,0.0,0.0,0.0,0.0,0.0,0.0,0.0,0.0,0.0,0.0,0.0,0.0,0.0,0.0,0.0,0.0,0.0,0.0,0.19169329073482433,4.2857142857142865,15.054769511638524,9.413509812870837,1.0543130990415337,4.246664262531555,2.8432597645778133,nan,nan,nan,4.270408163265306,2.8449585315485244,4.223411848679515,2.841402888035513,0.9889948892965172,0.394,0.010475,0.0,0.0,0.0,0.0,0.0,0.0,0.0,0.0,0.0,0.0,0.1506161570059334,21.49703331811955,8.352350524874488,0.0,0.0,0.0,0.0,0.0,0.0,0.0,0.0,0.0,0.0,0.0,0.0,0.0,0.0,0.0,0.0,0.0,nan,nan,4.246664262531555,2.8432597645778133,nan,0.394,0.04745,0.0,0.0,0.0,0.0,0.0,0.0,0.0,0.0,0.0,0.0,0.0,0.0,0.0,0.0,0.0,0.0,0.0,0.0,0.0,0.0,0.0,6.846188954815152e-05,0.0,0.0,0.00783888635326335,5.705157462345961e-05,0.0,0.000730260155180283,0.001175262437243268,0.01960292104062072,0.016122774988589685,0.012574167047010497,0.02601551802829758,0.01947740757644911,0.02700821542674578,0.05351437699680511,0.07391602008215427,0.10513464171611137,0.09298265632131447,0.043575992697398445,0.09183021451392058,0.0645481515289822,0.10052487448653583,0.07862848014605203,0.026939753537197627,0.04748973071656778,0.015894568690095846,0.04149931538110452,0.013920584208124144,0.004301688726608854,0.002875399361022364,0.0031036056595162027,0.00427886809675947,0.00427886809675947,9.128251939753537e-05,0.0,0.0,0.0,0.0,0.0,0.0,0.0,0.0,0.0,0.0,0.0,0.0,0.0,0.0,0.0,0.0,0.0,0.0,0.0,0.0,0.0,0.0,0.0,0.0,0.0,0.0,0.0,0.0,0.0,0.0,0.0,0.0,0.0,0.0,0.0,0.0,0.0,0.0,0.0,0.0,0.0,0.0,0.0,0.0,0.0,0.0,nan,nan,4.246664262531555,2.8432597645778133,nan,0.9243103056027306,0.023387534165465098,0.0,0.0,0.0,0.0,0.0,0.0,0.0,0.0,0.0,0.0,0.0,0.0,0.0,0.0,0.0,0.0,0.0,0.0,0.0,0.0,0.0,0.0,0.0,0.0,0.0,0.20352781546811402,4.30122116689281,15.061058344640438,9.240162822252376,1.1940298507462688,0.9242303702810403,0.02302738209972235,0.0,0.0,0.0,0.0,0.0,0.0,0.0,0.0,0.0,0.0,0.0,0.0,0.0,0.0,0.0,0.0,0.0,0.0,0.0,0.0,0.0,0.0,0.0,0.0,0.0,0.1796407185628743,4.269921695071396,15.048364808843854,9.590050667894982,0.9120221096269002,0.3938,0.01052,0.0,0.0,0.0,0.0,0.0,0.0,0.0,0.0,0.0,0.0,0.135685210312076,21.451831750339185,8.412483039348713,0.0,0.0,0.0,0.0,0.0,0.0,0.0,0.0,0.0,0.0,0.0,0.0,0.0,0.0,0.0,0.0,0.0,0.394,0.01043,0.0,0.0,0.0,0.0,0.0,0.0,0.0,0.0,0.0,0.0,0.16582220175034548,21.543067710732352,8.291110087517275,0.0,0.0,0.0,0.0,0.0,0.0,0.0,0.0,0.0,0.0,0.0,0.0,0.0,0.0,0.0,0.0,0.0
22500,4253,2215,0.520808840818246,993,883,0.4411003997178462,1246,0.5859393369386315,0.39399999999999996,2.934739941118744,2.9763807223210725,6.173701298701299,2.1788587061640516,9535.212555842934,1613.6007784879941,7853.0,11083.0,11083.0,0.0,7853.0,0.0,28.642840347989655,21.044903312691538,33.3161094224924,19.324574355770043,0.13355278626851635,0.09428638608041383,0.09546202680460851,0.08770279802492359,0.07782741594168822,0.07406536562426523,0.07171408417587585,0.05760639548553962,0.059252292499412176,0.053609217023277686,0.047966141547143196,0.04679050082294851,0.037385375029391016,0.024923583352927346,0.01951563602163179,0.011521279097107923,0.006818716200329179,0.9242568742996268,0.02309908235594784,0.0,0.0,0.0,0.0,0.0,0.0,0.0,0.0,0.0,0.0,0.0,0.0,0.0,0.0,0.0,0.0,0.0,0.0,0.0,0.0,0.0,0.0,0.0,0.0,0.0,0.17634610862920294,4.211145074065366,15.172819186456623,9.501528332941454,0.9381612979073597,4.1791741472172355,2.7883826770217097,nan,nan,nan,4.141234918381831,2.763044968066673,4.218023255813954,2.813561559771166,1.0185423765967199,0.3933,0.010414,0.0,0.0,0.0,0.0,0.0,0.0,0.0,0.0,0.0,0.0,0.1481307312485305,21.80343287091462,8.048436397836824,0.0,0.0,0.0,0.0,0.0,0.0,0.0,0.0,0.0,0.0,0.0,0.0,0.0,0.0,0.0,0.0,0.0,nan,nan,4.1791741472172355,2.7883826770217097,nan,0.3933,0.0475,0.0,0.0,0.0,0.0,0.0,0.0,0.0,0.0,0.0,0.0,0.0,0.0,0.0,0.0,0.0,0.0,0.0,0.0,0.0,0.0,0.0,0.0,0.0,0.0,0.007806254408652716,0.00014107688690336235,8.229485069362803e-05,0.0007759228779684928,0.0015518457559369856,0.018704443921937455,0.015706560075241006,0.014295791206207383,0.025770044674347518,0.0181636491888079,0.027792146719962378,0.05693628027274865,0.07754526216788149,0.10270397366564778,0.0955090524335763,0.04416882200799436,0.09106513049612039,0.06321420173994827,0.09941217963790265,0.07665177521749353,0.026122736891605925,0.044592052668704446,0.01708205972254879,0.040759463907829765,0.014448624500352692,0.004102986127439454,0.0033388196567129087,0.003138960733599812,0.004185280978133083,0.004102986127439454,0.00010580766517752175,0.0,0.0,0.0,2.3512814483893722e-05,0.0,0.0,0.0,0.0,0.0,0.0,0.0,0.0,0.0,0.0,0.0,0.0,0.0,0.0,0.0,0.0,0.0,0.0,0.0,0.0,0.0,0.0,0.0,0.0,0.0,0.0,0.0,0.0,0.0,0.0,0.0,0.0,0.0,0.0,0.0,0.0,0.0,0.0,0.0,0.0,0.0,0.0,nan,nan,4.1791741472172355,2.7883826770217097,nan,0.9237932128777084,0.023192469460666342,0.0,0.0,0.0,0.0,0.0,0.0,0.0,0.0,0.0,0.0,0.0,0.0,0.0,0.0,0.0,0.0,0.0,0.0,0.0,0.0,0.0,0.0,0.0,0.0,0.0,0.20316027088036123,4.442437923250565,15.2234762979684,9.304740406320544,0.8261851015801357,0.9247608046477863,0.022986550806198113,0.0,0.0,0.0,0.0,0.0,0.0,0.0,0.0,0.0,0.0,0.0,0.0,0.0,0.0,0.0,0.0,0.0,0.0,0.0,0.0,0.0,0.0,0.0,0.0,0.0,0.14720314033366047,3.9597644749754672,15.117762512266932,9.715407262021591,1.0598626104023554,0.3933,0.010315,0.0,0.0,0.0,0.0,0.0,0.0,0.0,0.0,0.0,0.0,0.20316027088036123,21.88713318284421,7.909706546275396,0.0,0.0,0.0,0.0,0.0,0.0,0.0,0.0,0.0,0.0,0.0,0.0,0.0,0.0,0.0,0.0,0.0,0.3936,0.01053,0.0,0.0,0.0,0.0,0.0,0.0,0.0,0.0,0.0,0.0,0.08832188420019628,21.712463199214884,8.19921491658489,0.0,0.0,0.0,0.0,0.0,0.0,0.0,0.0,0.0,0.0,0.0,0.0,0.0,0.0,0.0,0.0,0.0
22600,4077,2100,0.515084621044886,999,815,0.44493500122639196,1110,0.5445180279617365,0.438,2.905412240768842,3.13426670272259,6.717472118959108,2.1578316607160173,9516.723325974981,1614.2648597754755,7853.0,11083.0,11083.0,0.0,7853.0,0.0,27.83860681873927,20.999490768360815,32.71849474912485,19.345695533043187,0.1358842285994604,0.10988471915624233,0.0968849644346333,0.08437576649497179,0.07652685798381163,0.07652685798381163,0.06328182487122884,0.0613195977434388,0.061564876134412555,0.058621535442727496,0.04415011037527594,0.03581064508216826,0.029923963698798135,0.025508952661270543,0.021093941623742948,0.01226391954868776,0.006377238165317636,0.9249063495593179,0.022768605826856782,0.0,0.0,0.0,0.0,0.0,0.0,0.0,0.0,0.0,0.0,0.0,0.0,0.0,0.0,0.0,0.0,0.0,0.0,0.0,0.0,0.0,0.0,0.0,0.0,0.0,0.16188373804267847,3.95879323031641,15.091979396615162,9.874908020603387,0.9124356144223696,4.25823754789272,2.927472455558507,nan,nan,nan,4.261302681992337,2.946508523535073,4.255172413793104,2.9083085611311223,0.9985614098183782,0.392,0.01013,0.0,0.0,0.0,0.0,0.0,0.0,0.0,0.0,0.0,0.0,0.16188373804267847,23.186166298749047,6.651949963208243,0.0,0.0,0.0,0.0,0.0,0.0,0.0,0.0,0.0,0.0,0.0,0.0,0.0,0.0,0.0,0.0,0.0,nan,nan,4.25823754789272,2.927472455558507,nan,0.392,0.04724,0.0,0.0,0.0,0.0,0.0,0.0,0.0,0.0,0.0,0.0,0.0,0.0,0.0,0.0,0.0,0.0,0.0,0.0,0.0,0.0,0.0,0.0,9.811135638950208e-05,0.0,0.0075791022810890365,0.00014716703458425313,0.0001839587932303164,0.0005396124601422615,0.002170713760117734,0.01905813097866078,0.016127054206524404,0.01545253863134658,0.02760608290409615,0.01899681138091734,0.028599460387539858,0.06080451312239392,0.07722590139808683,0.10053961246014226,0.09662742212411086,0.04437086092715232,0.09262938435123866,0.0643242580328673,0.09966887417218544,0.07277409860191317,0.025668383615403485,0.04448123620309051,0.0171326956095168,0.036239882266372335,0.013232769193034094,0.004341427520235468,0.002980132450331126,0.002501839587932303,0.0029923963698798134,0.004746136865342163,0.00011037527593818985,1.226391954868776e-05,0.0,0.0,3.679175864606328e-05,0.0,0.0,0.0,0.0,0.0,0.0,0.0,0.0,0.0,0.0,0.0,0.0,0.0,0.0,0.0,0.0,0.0,0.0,0.0,0.0,0.0,0.0,0.0,0.0,0.0,0.0,0.0,0.0,0.0,0.0,0.0,0.0,0.0,0.0,0.0,0.0,0.0,0.0,0.0,0.0,0.0,0.0,nan,nan,4.25823754789272,2.927472455558507,nan,0.9241995598588671,0.022574242432250903,0.0,0.0,0.0,0.0,0.0,0.0,0.0,0.0,0.0,0.0,0.0,0.0,0.0,0.0,0.0,0.0,0.0,0.0,0.0,0.0,0.0,0.0,0.0,0.0,0.0,0.22857142857142862,3.914285714285715,15.271428571428574,9.828571428571431,0.7571428571428573,0.9256571125188258,0.022949431998170282,0.0,0.0,0.0,0.0,0.0,0.0,0.0,0.0,0.0,0.0,0.0,0.0,0.0,0.0,0.0,0.0,0.0,0.0,0.0,0.0,0.0,0.0,0.0,0.0,0.0,0.09104704097116845,4.006069802731412,14.901365705614571,9.924127465857362,1.0773899848254933,0.392,0.01011,0.0,0.0,0.0,0.0,0.0,0.0,0.0,0.0,0.0,0.0,0.17142857142857146,23.357142857142822,6.471428571428573,0.0,0.0,0.0,0.0,0.0,0.0,0.0,0.0,0.0,0.0,0.0,0.0,0.0,0.0,0.0,0.0,0.0,0.3923,0.01015,0.0,0.0,0.0,0.0,0.0,0.0,0.0,0.0,0.0,0.0,0.15174506828528075,23.004552352048524,6.843702579666163,0.0,0.0,0.0,0.0,0.0,0.0,0.0,0.0,0.0,0.0,0.0,0.0,0.0,0.0,0.0,0.0,0.0
22700,4146,2157,0.5202604920405209,1048,847,0.45706705258080077,1153,0.5561987457790641,0.426,3.058320764203117,3.0720553016582683,6.548611111111111,2.0218592279519165,9533.441389290883,1613.6735805508122,7853.0,11083.0,11083.0,0.0,7853.0,0.0,28.29811866859624,20.999009494280017,33.21179164281626,19.21261506443842,0.1384466956102267,0.09358417752050169,0.09479015918958032,0.08851905451037144,0.07260009647853352,0.08007718282682104,0.07067052580800771,0.06705258080077182,0.05861070911722142,0.052821997105643996,0.046068499758803665,0.03424987940183309,0.03907380607814761,0.024843222383019777,0.018330921369995177,0.013748191027496382,0.006512301013024602,0.9247505317347324,0.02324554284462353,0.0,0.0,0.0,0.0,0.0,0.0,0.0,0.0,0.0,0.0,0.0,0.0,0.0,0.0,0.0,0.0,0.0,0.0,0.0,0.0,0.0,0.0,0.0,0.0,0.0072358900144717814,0.231548480463097,3.9218523878437055,15.195369030390742,9.551374819102751,1.092619392185239,4.173913043478261,2.8337575172763225,nan,nan,nan,4.23397913561848,2.8526310901820917,4.115160349854228,2.8139340742611445,0.9719368513735258,0.3916,0.01015,0.0,0.0,0.0,0.0,0.0,0.0,0.0,0.0,0.0,0.0,0.16642547033285096,23.712011577423986,6.107091172214184,0.014471780028943563,0.0,0.0,0.0,0.0,0.0,0.0,0.0,0.0,0.0,0.0,0.0,0.0,0.0,0.0,0.0,0.0,nan,nan,4.173913043478261,2.8337575172763225,nan,0.3916,0.0475,0.0,0.0,0.0,0.0,0.0,0.0,0.0,0.0,0.0,0.0,0.0,0.0,0.0,0.0,0.0,0.0,0.0,0.0,0.0,0.0,0.0,0.0,0.0001326579835986493,0.0,0.00834539315002412,0.0,0.0002773757838880849,0.0004100337674867342,0.002399903521466474,0.019187168355041005,0.016027496382054994,0.016280752532561504,0.029040038591413412,0.0185721177038109,0.028280270139893874,0.06111915098890497,0.07969126869271587,0.1020260492040521,0.0974553786782441,0.04336710082006753,0.091196333815726,0.05987698986975398,0.09852870236372407,0.07320308731307285,0.02662807525325615,0.04336710082006753,0.015882778581765556,0.0375904486251809,0.0135552339604438,0.005197780993728895,0.0030390738060781476,0.0021948866377231066,0.0025084418716835506,0.004425952725518572,8.44187168355041e-05,0.0,0.0,0.0,0.0001085383502170767,0.0,0.0,0.0,0.0,0.0,0.0,0.0,0.0,0.0,0.0,0.0,0.0,0.0,0.0,0.0,0.0,0.0,0.0,0.0,0.0,0.0,0.0,0.0,0.0,0.0,0.0,0.0,0.0,0.0,0.0,0.0,0.0,0.0,0.0,0.0,0.0,0.0,0.0,0.0,0.0,0.0,0.0,nan,nan,4.173913043478261,2.8337575172763225,nan,0.9240081427160324,0.023120265667255547,0.0,0.0,0.0,0.0,0.0,0.0,0.0,0.0,0.0,0.0,0.0,0.0,0.0,0.0,0.0,0.0,0.0,0.0,0.0,0.0,0.0,0.0,0.0,0.0,0.013908205841446458,0.2503477051460362,3.9499304589707935,15.479833101529906,9.276773296244786,1.0292072322670378,0.9255556263115731,0.023353984414470896,0.0,0.0,0.0,0.0,0.0,0.0,0.0,0.0,0.0,0.0,0.0,0.0,0.0,0.0,0.0,0.0,0.0,0.0,0.0,0.0,0.0,0.0,0.0,0.0,0.0,0.21116138763197592,3.8914027149321275,14.886877828054303,9.849170437405734,1.1613876319758676,0.3916,0.01015,0.0,0.0,0.0,0.0,0.0,0.0,0.0,0.0,0.0,0.0,0.1251738525730181,24.06119610570233,5.799721835883172,0.013908205841446458,0.0,0.0,0.0,0.0,0.0,0.0,0.0,0.0,0.0,0.0,0.0,0.0,0.0,0.0,0.0,0.0,0.3918,0.01014,0.0,0.0,0.0,0.0,0.0,0.0,0.0,0.0,0.0,0.0,0.21116138763197592,23.3333333333333,6.440422322775266,0.015082956259426851,0.0,0.0,0.0,0.0,0.0,0.0,0.0,0.0,0.0,0.0,0.0,0.0,0.0,0.0,0.0,0.0
22800,4479,2334,0.521098459477562,1113,910,0.45166331770484486,1265,0.5648582272828756,0.38999999999999996,2.963170163170163,3.109657896690206,6.5667215815486,2.2617249966285544,9536.148024112525,1613.5615410667046,7853.0,11083.0,11083.0,0.0,7853.0,0.0,27.745478901540523,20.35110350071349,32.35343692388728,18.668699166997957,0.13105603929448537,0.10069211877651262,0.09734315695467738,0.08796606385353874,0.07992855548113419,0.08059834784550123,0.07345389595891941,0.06764902880107167,0.05291359678499665,0.05023442732752847,0.048894842598794376,0.04375976780531369,0.03014065639651708,0.02679169457468185,0.015628488501897745,0.009823621344050012,0.003125697700379549,0.9266725993896334,0.022863237251156146,0.0,0.0,0.0,0.0,0.0,0.0,0.0,0.0,0.0,0.0,0.0,0.0,0.0,0.0,0.0,0.0,0.0,0.0,0.0,0.0,0.0,0.0,0.0,0.0,0.0,0.12056262558606834,3.710649698593437,14.534494306764906,10.535833891493638,1.098459477561956,4.191232309285468,2.9279730766892307,nan,nan,nan,4.201249132546843,2.966811300578752,4.180756013745705,2.889899600913033,0.9951221367372911,0.3914,0.01025,0.0,0.0,0.0,0.0,0.0,0.0,0.0,0.0,0.0,0.0,0.19423978566644345,23.770931011386434,6.034829202947088,0.0,0.0,0.0,0.0,0.0,0.0,0.0,0.0,0.0,0.0,0.0,0.0,0.0,0.0,0.0,0.0,0.0,nan,nan,4.191232309285468,2.9279730766892307,nan,0.3914,0.04776,0.0,0.0,0.0,0.0,0.0,0.0,0.0,0.0,0.0,0.0,0.0,0.0,0.0,0.0,0.0,0.0,0.0,0.0,0.0,0.0,0.0,0.0,0.00010046885465505693,1.1163206072784103e-05,0.009823621344050012,0.0,0.0005581603036392052,0.00037954900647465953,0.0026233534271042644,0.019736548336682296,0.014434025452109846,0.014277740567090868,0.029526680062513955,0.019077919178388032,0.029448537620004465,0.060169680732306316,0.08077695914266578,0.10385130609511052,0.09771154275507926,0.04377093101138647,0.09015405224380442,0.058383567760660865,0.09931904442956017,0.07145568207189104,0.026043759767805312,0.042263898191560616,0.014958696137530699,0.04023219468631391,0.013105603929448538,0.005581603036392052,0.0029470864032150033,0.002824291136414378,0.0020093770931011385,0.004208528689439607,6.697923643670462e-05,0.0,0.0,0.0,0.00016744809109176155,0.0,0.0,0.0,0.0,0.0,0.0,0.0,0.0,0.0,0.0,0.0,0.0,0.0,0.0,0.0,0.0,0.0,0.0,0.0,0.0,0.0,0.0,0.0,0.0,0.0,0.0,0.0,0.0,0.0,0.0,0.0,0.0,0.0,0.0,0.0,0.0,0.0,0.0,0.0,0.0,0.0,0.0,nan,nan,4.191232309285468,2.9279730766892307,nan,0.9269434021085169,0.022691976060438372,0.0,0.0,0.0,0.0,0.0,0.0,0.0,0.0,0.0,0.0,0.0,0.0,0.0,0.0,0.0,0.0,0.0,0.0,0.0,0.0,0.0,0.0,0.0,0.0,0.0,0.10282776349614399,3.5604113110539855,14.678663239074552,10.59125964010283,1.0668380462724938,0.9263779357318833,0.023044527987066566,0.0,0.0,0.0,0.0,0.0,0.0,0.0,0.0,0.0,0.0,0.0,0.0,0.0,0.0,0.0,0.0,0.0,0.0,0.0,0.0,0.0,0.0,0.0,0.0,0.0,0.1398601398601399,3.874125874125875,14.37762237762238,10.475524475524477,1.1328671328671331,0.3916,0.01036,0.0,0.0,0.0,0.0,0.0,0.0,0.0,0.0,0.0,0.0,0.19280205655526997,23.470437017994826,6.336760925449873,0.0,0.0,0.0,0.0,0.0,0.0,0.0,0.0,0.0,0.0,0.0,0.0,0.0,0.0,0.0,0.0,0.0,0.3914,0.01012,0.0,0.0,0.0,0.0,0.0,0.0,0.0,0.0,0.0,0.0,0.19580419580419586,24.097902097902065,5.706293706293708,0.0,0.0,0.0,0.0,0.0,0.0,0.0,0.0,0.0,0.0,0.0,0.0,0.0,0.0,0.0,0.0,0.0
22900,4362,2297,0.526593305823017,1092,886,0.4534617148097203,1185,0.5433287482806052,0.43,2.965133171912833,3.136405739520125,6.721311475409836,2.2889457391935135,9553.896377808345,1612.7141136231821,7853.0,11083.0,11083.0,0.0,7853.0,0.0,27.690738193489224,20.571844370252897,32.50204192757963,18.852676827079367,0.13457129756992206,0.10499770747363595,0.09834938101788171,0.08642824392480514,0.08092618065107748,0.07450710683172856,0.07038055937643282,0.05685465382851903,0.062356717102246675,0.053874369555249886,0.04607977991746905,0.040806969280146724,0.033470884915176524,0.026593305823016965,0.016964695093993582,0.00871160018340211,0.0041265474552957355,0.9271850738980146,0.023610000661100798,0.0,0.0,0.0,0.0,0.0,0.0,0.0,0.0,0.0,0.0,0.0,0.0,0.0,0.0,0.0,0.0,0.0,0.0,0.0,0.0,0.0,0.0,0.0,0.0,0.0,0.17881705639614862,3.562585969738653,14.1334250343879,10.618982118294362,1.506189821182944,4.240285204991087,2.9385899932798782,nan,nan,nan,4.1154970760233915,2.9791860153939593,4.359081419624217,2.894420758840946,1.059187101606737,0.3909,0.01018,0.0,0.0,0.0,0.0,0.0,0.0,0.0,0.0,0.0,0.0,0.19257221458046772,24.250343878954574,5.557083906464925,0.0,0.0,0.0,0.0,0.0,0.0,0.0,0.0,0.0,0.0,0.0,0.0,0.0,0.0,0.0,0.0,0.0,nan,nan,4.240285204991087,2.9385899932798782,nan,0.3909,0.04755,0.0,0.0,0.0,0.0,0.0,0.0,0.0,0.0,0.0,0.0,0.0,0.0,0.0,0.0,0.0,0.0,0.0,0.0,0.0,0.0,0.0,0.0,0.00018340210912425492,0.0,0.009731774415405778,1.1462631820265933e-05,0.0006533700137551582,0.0001031636863823934,0.0031522237505731314,0.018535075653370012,0.01485557083906465,0.0135259055479138,0.030994956441999084,0.01922283356258597,0.02945896377808345,0.06288399816597891,0.08201513067400275,0.1058574048601559,0.0946469509399358,0.045437872535534156,0.08582072443833104,0.06002980284273269,0.10012608895002292,0.075171939477304,0.026707932141219623,0.03830811554332875,0.012505731315910132,0.03943145346171481,0.013537368179734067,0.005616689591930307,0.0019257221458046766,0.0029802842732691427,0.0016506189821182944,0.004722604309949564,3.43878954607978e-05,3.43878954607978e-05,0.0,0.0,0.00012608895002292527,0.0,0.0,0.0,0.0,0.0,0.0,0.0,0.0,0.0,0.0,0.0,0.0,0.0,0.0,0.0,0.0,0.0,0.0,0.0,0.0,0.0,0.0,0.0,0.0,0.0,0.0,0.0,0.0,0.0,0.0,0.0,0.0,0.0,0.0,0.0,0.0,0.0,0.0,0.0,0.0,0.0,0.0,nan,nan,4.240285204991087,2.9385899932798782,nan,0.9275557431491708,0.023882415892917917,0.0,0.0,0.0,0.0,0.0,0.0,0.0,0.0,0.0,0.0,0.0,0.0,0.0,0.0,0.0,0.0,0.0,0.0,0.0,0.0,0.0,0.0,0.0,0.0,0.0,0.19590770570309105,3.6177622986504145,13.726599912929911,10.94471049194602,1.5150195907705708,0.9267727604501184,0.023296311095244725,0.0,0.0,0.0,0.0,0.0,0.0,0.0,0.0,0.0,0.0,0.0,0.0,0.0,0.0,0.0,0.0,0.0,0.0,0.0,0.0,0.0,0.0,0.0,0.0,0.0,0.15980629539951577,3.5012106537530276,14.585956416464894,10.256658595641648,1.4963680387409206,0.3909,0.01024,0.0,0.0,0.0,0.0,0.0,0.0,0.0,0.0,0.0,0.0,0.19590770570309105,24.161950370047855,5.642141924249022,0.0,0.0,0.0,0.0,0.0,0.0,0.0,0.0,0.0,0.0,0.0,0.0,0.0,0.0,0.0,0.0,0.0,0.3909,0.01012,0.0,0.0,0.0,0.0,0.0,0.0,0.0,0.0,0.0,0.0,0.18886198547215502,24.348668280871635,5.462469733656175,0.0,0.0,0.0,0.0,0.0,0.0,0.0,0.0,0.0,0.0,0.0,0.0,0.0,0.0,0.0,0.0,0.0
23000,4763,2438,0.5118622716775142,1111,995,0.4421583035901743,1359,0.5706487507873189,0.38599999999999995,2.881720430107527,2.9972369439510054,6.4,2.1348436129862995,9506.315137518372,1614.5454314564668,7853.0,11083.0,11083.0,0.0,7853.0,0.0,27.90657148855763,20.896480723726643,32.76021934197408,19.193583610059786,0.13856812933025403,0.10371614528658409,0.0963678353978585,0.08146126390930086,0.0797816502204493,0.07432290573168171,0.07012387150955281,0.06382532017635943,0.05815662397648541,0.051438169221079154,0.05059836237665337,0.03863111484358597,0.03128280495486038,0.024564350199454126,0.01973546084400588,0.010917488977535167,0.006508503044299811,0.927164977797685,0.022935828941236247,0.0,0.0,0.0,0.0,0.0,0.0,0.0,0.0,0.0,0.0,0.0,0.0,0.0,0.0,0.0,0.0,0.0,0.0,0.0,0.0,0.0,0.0,0.0,0.0,0.0,0.1133739239974806,3.432710476590385,14.53705647701029,10.594163342431244,1.3226957799706072,4.323934426229508,2.82343546038842,nan,nan,nan,4.294820717131474,2.761081692491544,4.353856124432923,2.8829840876343,1.0137457209950498,0.3916,0.0104,0.0,0.0,0.0,0.0,0.0,0.0,0.0,0.0,0.0,0.0,0.2078521939953811,23.62586605080828,6.159983203863113,0.006298551333193367,0.0,0.0,0.0,0.0,0.0,0.0,0.0,0.0,0.0,0.0,0.0,0.0,0.0,0.0,0.0,0.0,nan,nan,4.323934426229508,2.82343546038842,nan,0.3916,0.04785,0.0,0.0,0.0,0.0,0.0,0.0,0.0,0.0,0.0,0.0,0.0,0.0,0.0,0.0,0.0,0.0,0.0,0.0,0.0,0.0,2.0995171110644552e-05,0.0,0.0002519420533277346,3.1492756665966825e-05,0.010340121771992441,0.0,0.00043040100776821333,0.00010497585555322275,0.003579676674364896,0.017719924417384,0.014917069074112953,0.011274406886416123,0.030915389460424103,0.018601721604031073,0.02809153894604241,0.06259710266638673,0.08476800335922738,0.10353768633214361,0.0936384631534747,0.04559101406676464,0.0877493176569389,0.05913289943313038,0.10033592273777031,0.07740919588494646,0.026023514591643922,0.03709846735250892,0.012366155784169641,0.039239974805794664,0.014444677724123452,0.007201343690951081,0.0018160823010707537,0.0035901742599202184,0.0021415074532857444,0.004818391769892925,0.00010497585555322275,0.0,0.0,0.0,0.00011547344110854503,0.0,0.0,0.0,0.0,0.0,0.0,0.0,0.0,0.0,0.0,0.0,0.0,0.0,0.0,0.0,0.0,0.0,0.0,0.0,0.0,0.0,0.0,0.0,0.0,0.0,0.0,0.0,0.0,0.0,0.0,0.0,0.0,0.0,0.0,0.0,0.0,0.0,0.0,0.0,0.0,0.0,0.0,nan,nan,4.323934426229508,2.82343546038842,nan,0.9272858563312455,0.023101268172446614,0.0,0.0,0.0,0.0,0.0,0.0,0.0,0.0,0.0,0.0,0.0,0.0,0.0,0.0,0.0,0.0,0.0,0.0,0.0,0.0,0.0,0.0,0.0,0.0,0.0,0.11074651353568501,3.4208367514356035,14.458572600492209,10.533223954060709,1.4766201804758001,0.9270382243074397,0.022760367933021518,0.0,0.0,0.0,0.0,0.0,0.0,0.0,0.0,0.0,0.0,0.0,0.0,0.0,0.0,0.0,0.0,0.0,0.0,0.0,0.0,0.0,0.0,0.0,0.0,0.0,0.11612903225806454,3.4451612903225812,14.61935483870968,10.658064516129036,1.1612903225806455,0.3916,0.010445,0.0,0.0,0.0,0.0,0.0,0.0,0.0,0.0,0.0,0.0,0.2707136997538967,23.6013125512715,6.127973748974571,0.0,0.0,0.0,0.0,0.0,0.0,0.0,0.0,0.0,0.0,0.0,0.0,0.0,0.0,0.0,0.0,0.0,0.3916,0.010345,0.0,0.0,0.0,0.0,0.0,0.0,0.0,0.0,0.0,0.0,0.14193548387096777,23.65161290322577,6.193548387096776,0.012903225806451616,0.0,0.0,0.0,0.0,0.0,0.0,0.0,0.0,0.0,0.0,0.0,0.0,0.0,0.0,0.0,0.0
23100,4611,2446,0.5304706137497289,1137,925,0.4471914985903275,1285,0.5573628280199523,0.41,3.0420323325635104,3.0881712083933306,6.521875,2.1351572505028757,9566.420082411625,1611.9982901287735,7853.0,11083.0,11083.0,0.0,7853.0,0.0,28.319236608111037,20.880976970528334,33.099410709710476,19.12391613245055,0.1351116894382997,0.09542398612014748,0.09152027759705053,0.09000216872695728,0.0850140967252223,0.07286922576447626,0.0659292995011928,0.06679679028410324,0.05747126436781609,0.051832574278898286,0.04901322923443938,0.04077206679679028,0.03621774018651052,0.028627195836044242,0.015614834092387769,0.011494252873563218,0.006289308176100629,0.9271112813062302,0.023449807868545378,0.0,0.0,0.0,0.0,0.0,0.0,0.0,0.0,0.0,0.0,0.0,0.0,0.0,0.0,0.0,0.0,0.0,0.0,0.0,0.0,0.0,0.0,0.0,0.0,0.0,0.11711125569290828,3.793103448275863,13.786597267404037,10.96942094990241,1.3337670787247888,4.23286759813706,2.8774591832145746,nan,nan,nan,4.345357381429526,2.8890008898377983,4.123342175066313,2.861416516296291,0.9489074920944304,0.391,0.01034,0.0,0.0,0.0,0.0,0.0,0.0,0.0,0.0,0.0,0.0,0.24723487312947304,24.027325959661646,5.72543916720885,0.0,0.0,0.0,0.0,0.0,0.0,0.0,0.0,0.0,0.0,0.0,0.0,0.0,0.0,0.0,0.0,0.0,nan,nan,4.23286759813706,2.8774591832145746,nan,0.391,0.0479,0.0,0.0,0.0,0.0,0.0,0.0,0.0,0.0,0.0,0.0,0.0,0.0,0.0,0.0,0.0,0.0,0.0,0.0,0.0,0.0,0.0,0.0,0.00031446540880503143,3.2530904359141185e-05,0.009835176751247019,1.0843634786380394e-05,0.0006939926263283452,0.0002060290609412275,0.00440251572327044,0.01839080459770115,0.015614834092387769,0.010290609412274995,0.031435697245716765,0.018998048145738453,0.028366948601171112,0.06521361960529169,0.0852309694209499,0.09763608761656907,0.09367816091954023,0.04454565170245066,0.0902624159618304,0.06101713294296248,0.09731077857297767,0.08043808284536977,0.024788549121665584,0.036640641943179356,0.012329212752114509,0.038386467143786594,0.014454565170245065,0.0066579917588375625,0.0023422251138581654,0.0037193667317284755,0.0021578833224896983,0.004413359358056821,5.421817393190197e-05,0.0,6.506180871828237e-05,0.0,6.506180871828237e-05,0.0,0.0,0.0,0.0,0.0,0.0,0.0,0.0,0.0,0.0,0.0,0.0,0.0,0.0,0.0,0.0,0.0,0.0,0.0,0.0,0.0,0.0,0.0,0.0,0.0,0.0,0.0,0.0,0.0,0.0,0.0,0.0,0.0,0.0,0.0,0.0,0.0,0.0,0.0,0.0,0.0,0.0,nan,nan,4.23286759813706,2.8774591832145746,nan,0.9270763592893534,0.023282138860243454,0.0,0.0,0.0,0.0,0.0,0.0,0.0,0.0,0.0,0.0,0.0,0.0,0.0,0.0,0.0,0.0,0.0,0.0,0.0,0.0,0.0,0.0,0.0,0.0,0.0,0.12264922322158629,3.7408013082583818,13.95748160261652,10.866721177432545,1.3123466884709734,0.9271507359266832,0.023637746085432145,0.0,0.0,0.0,0.0,0.0,0.0,0.0,0.0,0.0,0.0,0.0,0.0,0.0,0.0,0.0,0.0,0.0,0.0,0.0,0.0,0.0,0.0,0.0,0.0,0.0,0.11085450346420327,3.852193995381063,13.593533487297925,11.085450346420325,1.3579676674364898,0.391,0.01049,0.0,0.0,0.0,0.0,0.0,0.0,0.0,0.0,0.0,0.0,0.2943581357318071,24.112837285363824,5.592804578904335,0.0,0.0,0.0,0.0,0.0,0.0,0.0,0.0,0.0,0.0,0.0,0.0,0.0,0.0,0.0,0.0,0.0,0.3914,0.010155,0.0,0.0,0.0,0.0,0.0,0.0,0.0,0.0,0.0,0.0,0.1939953810623557,23.930715935334838,5.875288683602773,0.0,0.0,0.0,0.0,0.0,0.0,0.0,0.0,0.0,0.0,0.0,0.0,0.0,0.0,0.0,0.0,0.0
23200,4575,2388,0.5219672131147541,1146,883,0.44349726775956283,1264,0.552568306010929,0.422,2.9885688157293098,3.0756885705608674,6.458333333333333,2.0149422532545733,9538.954098360657,1613.4405833267695,7853.0,11083.0,11083.0,0.0,7853.0,0.0,28.09486338797814,20.89118740809471,32.96472114137484,19.148834779972084,0.1368306010928962,0.1053551912568306,0.09005464480874317,0.08349726775956284,0.07934426229508197,0.07825136612021857,0.06601092896174864,0.06120218579234973,0.056612021857923495,0.05639344262295082,0.05202185792349727,0.04065573770491803,0.03344262295081967,0.0273224043715847,0.016830601092896174,0.01005464480874317,0.006120218579234973,0.9265967068385557,0.023004728921282695,0.0,0.0,0.0,0.0,0.0,0.0,0.0,0.0,0.0,0.0,0.0,0.0,0.0,0.0,0.0,0.0,0.0,0.0,0.0,0.0,0.0,0.0,0.0,0.0,0.0,0.14426229508196725,3.639344262295083,14.681967213114758,10.432786885245903,1.1016393442622954,4.25364530349271,2.8533902017781845,nan,nan,nan,4.284641638225256,2.834009019769797,4.22521915037087,2.8718149032779303,0.9861312817099448,0.3916,0.01058,0.0,0.0,0.0,0.0,0.0,0.0,0.0,0.0,0.0,0.0,0.2557377049180328,23.25901639344259,6.485245901639346,0.0,0.0,0.0,0.0,0.0,0.0,0.0,0.0,0.0,0.0,0.0,0.0,0.0,0.0,0.0,0.0,0.0,nan,nan,4.25364530349271,2.8533902017781845,nan,0.3916,0.04773,0.0,0.0,0.0,0.0,0.0,0.0,0.0,0.0,0.0,0.0,0.0,0.0,0.0,0.0,0.0,0.0,0.0,0.0,0.0,0.0,1.092896174863388e-05,1.092896174863388e-05,0.0005245901639344263,8.743169398907104e-05,0.009136612021857924,0.0001092896174863388,0.0005573770491803278,0.0001639344262295082,0.004699453551912569,0.01730054644808743,0.014142076502732241,0.00977049180327869,0.03169398907103825,0.01782513661202186,0.02985792349726776,0.0668087431693989,0.08481967213114754,0.09791256830601093,0.09406557377049181,0.0447431693989071,0.09107103825136612,0.05965027322404372,0.09895081967213115,0.079224043715847,0.025879781420765028,0.03679781420765027,0.012120218579234973,0.03740983606557377,0.014437158469945355,0.006841530054644809,0.0018688524590163935,0.00433879781420765,0.0025901639344262295,0.004524590163934426,0.0,0.0,1.092896174863388e-05,0.0,4.371584699453552e-05,0.0,0.0,0.0,0.0,0.0,0.0,0.0,0.0,0.0,0.0,0.0,0.0,0.0,0.0,0.0,0.0,0.0,0.0,0.0,0.0,0.0,0.0,0.0,0.0,0.0,0.0,0.0,0.0,0.0,0.0,0.0,0.0,0.0,0.0,0.0,0.0,0.0,0.0,0.0,0.0,0.0,0.0,nan,nan,4.25364530349271,2.8533902017781845,nan,0.9273897109918259,0.02306760555764688,0.0,0.0,0.0,0.0,0.0,0.0,0.0,0.0,0.0,0.0,0.0,0.0,0.0,0.0,0.0,0.0,0.0,0.0,0.0,0.0,0.0,0.0,0.0,0.0,0.0,0.08793969849246233,3.479899497487438,14.472361809045228,10.791457286432165,1.1683417085427137,0.9257308202733937,0.022904541601943995,0.0,0.0,0.0,0.0,0.0,0.0,0.0,0.0,0.0,0.0,0.0,0.0,0.0,0.0,0.0,0.0,0.0,0.0,0.0,0.0,0.0,0.0,0.0,0.0,0.0,0.20576131687242805,3.813443072702333,14.910836762688618,10.041152263374487,1.0288065843621401,0.3914,0.01048,0.0,0.0,0.0,0.0,0.0,0.0,0.0,0.0,0.0,0.0,0.2889447236180905,23.555276381909515,6.1557788944723635,0.0,0.0,0.0,0.0,0.0,0.0,0.0,0.0,0.0,0.0,0.0,0.0,0.0,0.0,0.0,0.0,0.0,0.3916,0.01068,0.0,0.0,0.0,0.0,0.0,0.0,0.0,0.0,0.0,0.0,0.21947873799725656,22.935528120713272,6.844993141289439,0.0,0.0,0.0,0.0,0.0,0.0,0.0,0.0,0.0,0.0,0.0,0.0,0.0,0.0,0.0,0.0,0.0
23300,4651,2392,0.5142980004300151,1145,958,0.45216082562889703,1317,0.566329821543754,0.422,3.0407259849490926,3.1565507823719683,6.784911717495987,2.2238955345398956,9514.18254138895,1614.3395469574727,7853.0,11083.0,11083.0,0.0,7853.0,0.0,27.92560739625887,20.83028378250027,32.974049331963,19.018709205446843,0.14211997419909697,0.09739840894431305,0.08793807783272414,0.08557299505482692,0.08600301010535369,0.07826273919587186,0.07138249838744357,0.0625671898516448,0.05504192646742636,0.05633197161900667,0.04386153515373038,0.040851429800043,0.0313910986884541,0.0245108578800258,0.0163405719200172,0.013545474091593205,0.006880240808428295,0.9264949618988307,0.02292391068811563,0.0,0.0,0.0,0.0,0.0,0.0,0.0,0.0,0.0,0.0,0.0,0.0,0.0,0.0,0.0,0.0,0.0,0.0,0.0,0.0,0.0,0.0,0.0,0.0,0.0,0.19995699849494739,3.483121909266825,14.745216082562893,10.475166630832081,1.0965383788432597,4.337429425440053,2.9327212794389044,nan,nan,nan,4.376079734219269,2.9486343334127856,4.298338870431894,2.917133012862961,0.9822350440327968,0.3909,0.0107,0.0,0.0,0.0,0.0,0.0,0.0,0.0,0.0,0.0,0.0,0.34831219092668253,24.01419049666735,5.6374973124059355,0.0,0.0,0.0,0.0,0.0,0.0,0.0,0.0,0.0,0.0,0.0,0.0,0.0,0.0,0.0,0.0,0.0,nan,nan,4.337429425440053,2.9327212794389044,nan,0.3909,0.04788,0.0,0.0,0.0,0.0,0.0,0.0,0.0,0.0,0.0,0.0,0.0,0.0,0.0,0.0,0.0,0.0,0.0,0.0,0.0,3.225112878950763e-05,0.0,1.075037626316921e-05,0.0007740270909481832,1.075037626316921e-05,0.00938507847774672,0.00013975489142119973,0.0005160180606321221,0.00025800903031606104,0.004955923457321006,0.01784562459686089,0.015082777897226403,0.011631907116749086,0.029208772307030745,0.018942162975704148,0.032208127284454956,0.06918942162975704,0.08265964308750806,0.09772092023220813,0.09827993979789293,0.04220597720920232,0.08869060417114599,0.059170070952483333,0.09565684798967963,0.07777897226402924,0.027424209847344658,0.03894861320146205,0.012373683078907762,0.036142764996774886,0.013373468071382498,0.006579230273059557,0.0019565684798967965,0.003762631692109224,0.002289830144055042,0.00476241668458396,0.0,3.225112878950763e-05,0.0,0.0,0.0,0.0,0.0,0.0,0.0,0.0,0.0,0.0,0.0,0.0,0.0,0.0,0.0,0.0,0.0,0.0,0.0,0.0,0.0,0.0,0.0,0.0,0.0,0.0,0.0,0.0,0.0,0.0,0.0,0.0,0.0,0.0,0.0,0.0,0.0,0.0,0.0,0.0,0.0,0.0,0.0,0.0,0.0,nan,nan,4.337429425440053,2.9327212794389044,nan,0.926320604830482,0.022999726920304293,0.0,0.0,0.0,0.0,0.0,0.0,0.0,0.0,0.0,0.0,0.0,0.0,0.0,0.0,0.0,0.0,0.0,0.0,0.0,0.0,0.0,0.0,0.0,0.0,0.0,0.25083612040133785,3.361204013377927,15.100334448160538,10.183946488294316,1.1036789297658864,0.9266795843457057,0.02284190573957432,0.0,0.0,0.0,0.0,0.0,0.0,0.0,0.0,0.0,0.0,0.0,0.0,0.0,0.0,0.0,0.0,0.0,0.0,0.0,0.0,0.0,0.0,0.0,0.0,0.0,0.14608233731739712,3.6122177954847285,14.369189907038516,10.783532536520585,1.0889774236387784,0.3906,0.0106,0.0,0.0,0.0,0.0,0.0,0.0,0.0,0.0,0.0,0.0,0.3010033444816054,24.117892976588596,5.581103678929767,0.0,0.0,0.0,0.0,0.0,0.0,0.0,0.0,0.0,0.0,0.0,0.0,0.0,0.0,0.0,0.0,0.0,0.3909,0.0108,0.0,0.0,0.0,0.0,0.0,0.0,0.0,0.0,0.0,0.0,0.3984063745019921,23.904382470119486,5.697211155378488,0.0,0.0,0.0,0.0,0.0,0.0,0.0,0.0,0.0,0.0,0.0,0.0,0.0,0.0,0.0,0.0,0.0
23400,4671,2421,0.5183044315992292,1131,951,0.44572896596017986,1303,0.5579105116677371,0.434,3.0244444444444443,3.119804520625223,6.610769230769231,2.092670217462191,9527.123314065511,1613.9174184988249,7853.0,11083.0,11083.0,0.0,7853.0,0.0,27.957182616142152,20.898811356254434,32.9749680715198,19.103252060917264,0.14193962748876043,0.0974095482766003,0.09184328837508028,0.09184328837508028,0.07878398629843716,0.07257546563904946,0.06593877114108328,0.06251338043245558,0.0593020766431171,0.054378077499464786,0.0524512952258617,0.038535645472061654,0.0340398201669878,0.023549561121815457,0.016912866623849283,0.010704345964461572,0.007278955255833868,0.9266063735077249,0.023251901999398087,0.0,0.0,0.0,0.0,0.0,0.0,0.0,0.0,0.0,0.0,0.0,0.0,0.0,0.0,0.0,0.0,0.0,0.0,0.0,0.0,0.0,0.0,0.0,0.0,0.0,0.20552344251766222,3.6159280667951195,14.405908798972385,10.610147719974313,1.1624919717405269,4.315929497838377,2.9200559292955357,nan,nan,nan,4.363273453093813,2.877361646193936,4.268795741849634,2.962327953887348,0.9783470570295821,0.3901,0.01043,0.0,0.0,0.0,0.0,0.0,0.0,0.0,0.0,0.0,0.0,0.4174694926140014,24.457289659601763,5.125240847784201,0.0,0.0,0.0,0.0,0.0,0.0,0.0,0.0,0.0,0.0,0.0,0.0,0.0,0.0,0.0,0.0,0.0,nan,nan,4.315929497838377,2.9200559292955357,nan,0.3901,0.0484,0.0,0.0,0.0,0.0,0.0,0.0,0.0,0.0,0.0,0.0,0.0,0.0,0.0,0.0,0.0,0.0,0.0,0.0,0.0,2.1408691928923143e-05,1.0704345964461572e-05,0.0,0.001123956326268465,1.0704345964461572e-05,0.009708841789766645,0.00035324341682723185,0.0008670520231213873,0.000149860843502462,0.005277242560479555,0.019717405266538215,0.015917362449154357,0.011956754442303576,0.03091415114536502,0.018079640333975595,0.031791907514450865,0.07008135302932991,0.08189895097409548,0.09869406979233569,0.09679940055662599,0.041586384071933206,0.08552772425604796,0.05768572040248341,0.0959323485335046,0.07700706486833654,0.029308499250695782,0.03987368871761935,0.012106615285806038,0.03474630700064226,0.013498180261186042,0.0068721901091843285,0.002622564761293085,0.003393277670734318,0.0020338257332476986,0.004388781845429244,4.2817383857846286e-05,0.0,0.0,0.0,0.0,0.0,0.0,0.0,0.0,0.0,0.0,0.0,0.0,0.0,0.0,0.0,0.0,0.0,0.0,0.0,0.0,0.0,0.0,0.0,0.0,0.0,0.0,0.0,0.0,0.0,0.0,0.0,0.0,0.0,0.0,0.0,0.0,0.0,0.0,0.0,0.0,0.0,0.0,0.0,0.0,0.0,0.0,nan,nan,4.315929497838377,2.9200559292955357,nan,0.9264593549081975,0.023440799657575055,0.0,0.0,0.0,0.0,0.0,0.0,0.0,0.0,0.0,0.0,0.0,0.0,0.0,0.0,0.0,0.0,0.0,0.0,0.0,0.0,0.0,0.0,0.0,0.0,0.0,0.2973977695167287,3.5192069392812897,14.460966542750933,10.656753407682778,1.0656753407682777,0.9267645655208164,0.023045871472340957,0.0,0.0,0.0,0.0,0.0,0.0,0.0,0.0,0.0,0.0,0.0,0.0,0.0,0.0,0.0,0.0,0.0,0.0,0.0,0.0,0.0,0.0,0.0,0.0,0.0,0.10666666666666669,3.7200000000000006,14.34666666666667,10.560000000000002,1.2666666666666668,0.3901,0.01045,0.0,0.0,0.0,0.0,0.0,0.0,0.0,0.0,0.0,0.0,0.42131350681536567,24.399008674101577,5.179677819083025,0.0,0.0,0.0,0.0,0.0,0.0,0.0,0.0,0.0,0.0,0.0,0.0,0.0,0.0,0.0,0.0,0.0,0.3901,0.01039,0.0,0.0,0.0,0.0,0.0,0.0,0.0,0.0,0.0,0.0,0.41333333333333344,24.519999999999964,5.066666666666667,0.0,0.0,0.0,0.0,0.0,0.0,0.0,0.0,0.0,0.0,0.0,0.0,0.0,0.0,0.0,0.0,0.0
23500,4997,2612,0.5227136281769061,1218,1020,0.44786872123273963,1408,0.5635381228737243,0.39399999999999996,2.958071278825996,3.0890220937972503,6.578078078078078,2.187337274922222,9541.365019011408,1613.332753645526,7853.0,11083.0,11083.0,0.0,7853.0,0.0,28.18351010606364,21.013116734351495,33.32016283524904,19.1616744016244,0.14528717230338203,0.09545727436461877,0.08885331198719232,0.08605163097858715,0.07944766860116069,0.07224334600760456,0.06984190514308586,0.06443866319791876,0.059235541324794874,0.053832299379627774,0.04742845707424455,0.04202521512907745,0.03061837102261357,0.02861717030218131,0.018611166700020013,0.01180708425055033,0.006203722233340004,0.9262983749479157,0.022885631203024687,0.0,0.0,0.0,0.0,0.0,0.0,0.0,0.0,0.0,0.0,0.0,0.0,0.0,0.0,0.0,0.0,0.0,0.0,0.0,0.0,0.0,0.0,0.0,0.0,0.0,0.12607564538723237,3.626175705423255,14.888933360016013,10.152091254752854,1.2067240344206527,4.224483502929386,2.8984549357290113,nan,nan,nan,4.099325567136726,2.8737921524447456,4.351116625310174,2.9177377439087637,1.0614225569669298,0.3896,0.010376,0.0,0.0,0.0,0.0,0.0,0.0,0.0,0.0,0.0,0.0,0.3962377426455874,24.68080848509102,4.92295377226336,0.0,0.0,0.0,0.0,0.0,0.0,0.0,0.0,0.0,0.0,0.0,0.0,0.0,0.0,0.0,0.0,0.0,nan,nan,4.224483502929386,2.8984549357290113,nan,0.3896,0.04837,0.0,0.0,0.0,0.0,0.0,0.0,0.0,0.0,0.0,0.0,0.0,0.0,0.0,0.0,0.0,0.0,0.0,0.0,0.0,0.0,0.0,0.0,0.0014108465079047429,0.0,0.00972583550130078,0.00035021012607564536,0.001250750450270162,0.00013007804682809687,0.004892935761456874,0.021592955773464078,0.014268561136682009,0.012027216329797879,0.03178907344406644,0.01912147288373024,0.031548929357614566,0.06713027816690013,0.08195917550530318,0.10041024614768862,0.09688813287972783,0.04476686011606964,0.08646187712627576,0.0552231338803282,0.09566740044026416,0.07867720632379428,0.02722633580148089,0.03979387632579548,0.012787672603562138,0.03243946367820692,0.013257954772863718,0.007694616770062037,0.002111266760056034,0.0033920352211326797,0.001981188713227937,0.003922353412047229,0.00010006003602161297,0.0,0.0,0.0,0.0,0.0,0.0,0.0,0.0,0.0,0.0,0.0,0.0,0.0,0.0,0.0,0.0,0.0,0.0,0.0,0.0,0.0,0.0,0.0,0.0,0.0,0.0,0.0,0.0,0.0,0.0,0.0,0.0,0.0,0.0,0.0,0.0,0.0,0.0,0.0,0.0,0.0,0.0,0.0,0.0,0.0,0.0,nan,nan,4.224483502929386,2.8984549357290113,nan,0.9263105044914424,0.022559523264305256,0.0,0.0,0.0,0.0,0.0,0.0,0.0,0.0,0.0,0.0,0.0,0.0,0.0,0.0,0.0,0.0,0.0,0.0,0.0,0.0,0.0,0.0,0.0,0.0,0.0,0.09188361408882084,3.4341500765696793,15.172281776416542,10.118683001531396,1.1830015313935685,0.9262850909363048,0.02323752024069411,0.0,0.0,0.0,0.0,0.0,0.0,0.0,0.0,0.0,0.0,0.0,0.0,0.0,0.0,0.0,0.0,0.0,0.0,0.0,0.0,0.0,0.0,0.0,0.0,0.0,0.1635220125786164,3.8364779874213846,14.57861635220126,10.188679245283021,1.2327044025157234,0.3901,0.01029,0.0,0.0,0.0,0.0,0.0,0.0,0.0,0.0,0.0,0.0,0.321592649310873,24.64777947932615,5.030627871362942,0.0,0.0,0.0,0.0,0.0,0.0,0.0,0.0,0.0,0.0,0.0,0.0,0.0,0.0,0.0,0.0,0.0,0.3894,0.01045,0.0,0.0,0.0,0.0,0.0,0.0,0.0,0.0,0.0,0.0,0.4779874213836479,24.716981132075436,4.805031446540881,0.0,0.0,0.0,0.0,0.0,0.0,0.0,0.0,0.0,0.0,0.0,0.0,0.0,0.0,0.0,0.0,0.0
23600,4805,2490,0.518210197710718,1176,951,0.44266389177939647,1326,0.5519250780437045,0.426,3.0401727861771057,3.1604510662351952,6.700301204819277,2.1443958692870626,9526.818938605618,1613.9285400727344,7853.0,11083.0,11083.0,0.0,7853.0,0.0,27.46888657648283,20.6730688319597,32.64763335837716,18.840753953876757,0.14984391259105098,0.09885535900104059,0.09198751300728408,0.08470343392299688,0.08387096774193549,0.06951092611862643,0.07138397502601457,0.06409989594172737,0.05806451612903226,0.05161290322580645,0.046618106139438086,0.03995837669094693,0.03433922996878252,0.027055150884495317,0.01477627471383975,0.007492195629552549,0.005827263267429761,0.9251638327875445,0.02307066654206289,0.0,0.0,0.0,0.0,0.0,0.0,0.0,0.0,0.0,0.0,0.0,0.0,0.0,0.0,0.0,0.0,0.0,0.0,0.0,0.0,0.0,0.0,0.0,0.0,0.0,0.16233090530697195,4.039542143600417,15.003121748178984,9.627471383975028,1.1675338189386057,4.360157016683022,2.8815038011279714,nan,nan,nan,4.348821989528796,2.871036749230614,4.371484630477436,2.891881775362571,1.0052112137501164,0.39,0.01064,0.0,0.0,0.0,0.0,0.0,0.0,0.0,0.0,0.0,0.0,0.43080124869927167,24.293444328824105,5.275754422476588,0.0,0.0,0.0,0.0,0.0,0.0,0.0,0.0,0.0,0.0,0.0,0.0,0.0,0.0,0.0,0.0,0.0,nan,nan,4.360157016683022,2.8815038011279714,nan,0.39,0.04874,0.0,0.0,0.0,0.0,0.0,0.0,0.0,0.0,0.0,0.0,0.0,0.0,0.0,0.0,0.0,0.0,0.0,0.0,0.0,0.0,3.121748178980229e-05,0.0,0.0013943808532778355,0.0,0.010260145681581685,0.00040582726326742976,0.0014255983350676378,0.00023933402705515088,0.00477627471383975,0.022539021852237252,0.013142559833506763,0.012278876170655567,0.031123829344432884,0.02109261186264308,0.03285119667013527,0.06390218522372529,0.08361082206035379,0.09816857440166493,0.09281997918834548,0.04411030176899063,0.08804370447450573,0.057981269510926116,0.09434963579604579,0.07980228928199792,0.026909469302809574,0.03990634755463059,0.01372528616024974,0.030624349635796046,0.013881373569198751,0.008678459937565037,0.0019771071800208117,0.004151925078043704,0.0018626430801248698,0.003902185223725286,3.121748178980229e-05,0.0,0.0,0.0,0.0,0.0,0.0,0.0,0.0,0.0,0.0,0.0,0.0,0.0,0.0,0.0,0.0,0.0,0.0,0.0,0.0,0.0,0.0,0.0,0.0,0.0,0.0,0.0,0.0,0.0,0.0,0.0,0.0,0.0,0.0,0.0,0.0,0.0,0.0,0.0,0.0,0.0,0.0,0.0,0.0,0.0,0.0,nan,nan,4.360157016683022,2.8815038011279714,nan,0.9254035671791399,0.023126299054814347,0.0,0.0,0.0,0.0,0.0,0.0,0.0,0.0,0.0,0.0,0.0,0.0,0.0,0.0,0.0,0.0,0.0,0.0,0.0,0.0,0.0,0.0,0.0,0.0,0.0,0.15662650602409642,3.975903614457832,14.867469879518076,9.807228915662652,1.1927710843373496,0.9249059759257422,0.023007890246891413,0.0,0.0,0.0,0.0,0.0,0.0,0.0,0.0,0.0,0.0,0.0,0.0,0.0,0.0,0.0,0.0,0.0,0.0,0.0,0.0,0.0,0.0,0.0,0.0,0.0,0.1684665226781858,4.107991360691146,15.149028077753783,9.434125269978404,1.1403887688984884,0.39,0.01064,0.0,0.0,0.0,0.0,0.0,0.0,0.0,0.0,0.0,0.0,0.37349397590361455,24.397590361445747,5.2289156626506035,0.0,0.0,0.0,0.0,0.0,0.0,0.0,0.0,0.0,0.0,0.0,0.0,0.0,0.0,0.0,0.0,0.0,0.39,0.01066,0.0,0.0,0.0,0.0,0.0,0.0,0.0,0.0,0.0,0.0,0.49244060475162,24.18142548596109,5.326133909287258,0.0,0.0,0.0,0.0,0.0,0.0,0.0,0.0,0.0,0.0,0.0,0.0,0.0,0.0,0.0,0.0,0.0
23700,4824,2477,0.5134742951907131,1140,1000,0.44361525704809285,1403,0.5816749585406302,0.39399999999999996,2.9501491265445248,2.995321408451143,6.248933143669986,2.1373321600173227,9511.521973466004,1614.4134655736814,7853.0,11083.0,11083.0,0.0,7853.0,0.0,28.80597014925373,21.237709293430786,33.648225214198284,19.468051219111892,0.13391376451077944,0.09908789386401327,0.08685737976782752,0.07960199004975124,0.08851575456053068,0.07690713101160862,0.06301824212271974,0.06343283582089553,0.05555555555555555,0.057628524046434496,0.04477611940298507,0.04498341625207297,0.033582089552238806,0.032545605306799334,0.022595356550580432,0.009535655058043118,0.007462686567164179,0.9256163750393671,0.0233910940167228,0.0,0.0,0.0,0.0,0.0,0.0,0.0,0.0,0.0,0.0,0.0,0.0,0.0,0.0,0.0,0.0,0.0,0.0,0.0,0.0,0.0,0.0,0.0,0.0,0.012437810945273634,0.1492537313432836,4.029850746268657,14.844527363184083,9.726368159203982,1.2375621890547266,4.157331655129012,2.7528424678409658,nan,nan,nan,4.179962894248608,2.773742818933773,4.133888532991672,2.730825916019418,0.9889773276886424,0.39,0.0108,0.0,0.0,0.0,0.0,0.0,0.0,0.0,0.0,0.0,0.0,0.3917910447761195,24.297263681592003,5.310945273631842,0.0,0.0,0.0,0.0,0.0,0.0,0.0,0.0,0.0,0.0,0.0,0.0,0.0,0.0,0.0,0.0,0.0,nan,nan,4.157331655129012,2.7528424678409658,nan,0.39,0.04874,0.0,0.0,0.0,0.0,0.0,0.0,0.0,0.0,0.0,0.0,0.0,0.0,0.0,0.0,0.0,0.0,0.0,0.0,0.0,1.0364842454394693e-05,0.0,0.0,0.0013577943615257048,2.0729684908789386e-05,0.01033374792703151,0.0003005804311774461,0.001927860696517413,0.00041459369817578774,0.0039075456053068,0.022253316749585406,0.013484660033167496,0.012779850746268657,0.031488391376451076,0.020574212271973466,0.033716832504145935,0.061867744610281925,0.08269071310116086,0.09915008291873964,0.09340796019900498,0.045460199004975124,0.08600746268656717,0.05922470978441128,0.09239220563847429,0.0796952736318408,0.029456882255389717,0.04087893864013267,0.013619402985074627,0.030731757877280264,0.01238598673300166,0.008157131011608624,0.0017620232172470978,0.004249585406301824,0.002135157545605307,0.0041355721393034825,2.0729684908789386e-05,0.0,0.0,0.0,0.0,0.0,0.0,0.0,0.0,0.0,0.0,0.0,0.0,0.0,0.0,0.0,0.0,0.0,0.0,0.0,0.0,0.0,0.0,0.0,0.0,0.0,0.0,0.0,0.0,0.0,0.0,0.0,0.0,0.0,0.0,0.0,0.0,0.0,0.0,0.0,0.0,0.0,0.0,0.0,0.0,0.0,0.0,nan,nan,4.157331655129012,2.7528424678409658,nan,0.9260422696160557,0.023865472103889483,0.0,0.0,0.0,0.0,0.0,0.0,0.0,0.0,0.0,0.0,0.0,0.0,0.0,0.0,0.0,0.0,0.0,0.0,0.0,0.0,0.0,0.0,0.0,0.0,0.012111425111021399,0.13322567622123538,4.142107387969318,14.339927331449337,10.088817117480826,1.2838110617682685,0.9251668902219586,0.022871174632610857,0.0,0.0,0.0,0.0,0.0,0.0,0.0,0.0,0.0,0.0,0.0,0.0,0.0,0.0,0.0,0.0,0.0,0.0,0.0,0.0,0.0,0.0,0.0,0.0,0.012782275244993611,0.16616957818491696,3.9113762249680453,15.377077119727314,9.34384320409033,1.1887515977844059,0.3901,0.01073,0.0,0.0,0.0,0.0,0.0,0.0,0.0,0.0,0.0,0.0,0.3148970528865564,24.271295922486843,5.413807024626566,0.0,0.0,0.0,0.0,0.0,0.0,0.0,0.0,0.0,0.0,0.0,0.0,0.0,0.0,0.0,0.0,0.0,0.3896,0.01087,0.0,0.0,0.0,0.0,0.0,0.0,0.0,0.0,0.0,0.0,0.47294418406476363,24.324669791222803,5.2023860247124,0.0,0.0,0.0,0.0,0.0,0.0,0.0,0.0,0.0,0.0,0.0,0.0,0.0,0.0,0.0,0.0,0.0
23800,4751,2458,0.5173647653125658,1175,962,0.44980004209640073,1314,0.5531467059566407,0.40599999999999997,2.93720017444396,3.086693076682228,6.471608832807571,2.2367693576430865,9524.088191959587,1614.0257478499855,7853.0,11083.0,11083.0,0.0,7853.0,0.0,27.576510208377183,20.707177252290784,32.576245596376445,18.951719958278854,0.14354872658387707,0.10334666386023995,0.09261208166701747,0.08629762155335718,0.08166701747000632,0.07282677331088191,0.06630183119343296,0.06756472321616502,0.05914544306461798,0.05346242896232372,0.04420122079562198,0.0395706167122711,0.03304567459482214,0.02420543043569775,0.016838560303094087,0.00799831614396969,0.007366870132603663,0.9258145728354152,0.023266801336142857,0.0,0.0,0.0,0.0,0.0,0.0,0.0,0.0,0.0,0.0,0.0,0.0,0.0,0.0,0.0,0.0,0.0,0.0,0.0,0.0,0.0,0.0,0.0,0.0,0.0,0.13891812250052624,3.971795411492318,14.523258261418652,10.23573984424332,1.1302883603451908,4.291639236339697,2.9607709236522575,nan,nan,nan,4.28865295288653,2.9574998818412737,4.294578706727629,2.963984224683226,1.0013817284602409,0.3894,0.010635,0.0,0.0,0.0,0.0,0.0,0.0,0.0,0.0,0.0,0.0,0.5051568090928227,24.708482424752646,4.786360766154495,0.0,0.0,0.0,0.0,0.0,0.0,0.0,0.0,0.0,0.0,0.0,0.0,0.0,0.0,0.0,0.0,0.0,nan,nan,4.291639236339697,2.9607709236522575,nan,0.3894,0.0488,0.0,0.0,0.0,0.0,0.0,0.0,0.0,0.0,0.0,0.0,0.0,0.0,0.0,0.0,0.0,0.0,0.0,0.0,0.0,2.1048200378867608e-05,0.0,3.157230056830141e-05,0.0011892233214060197,1.0524100189433804e-05,0.01054514838981267,0.0003788676068196169,0.0016522837297411072,0.0003262471058724479,0.003325615659861082,0.02246895390444117,0.014175962955167333,0.013744474847400547,0.034129656914333825,0.020048410860871394,0.03483477162702589,0.060082087981477586,0.08559250684066512,0.10053672910966112,0.09207535255735634,0.044338034098084615,0.08227741528099347,0.05575668280362029,0.09870553567669964,0.07983582403704484,0.030351504946327088,0.03628709745316776,0.013870764049673754,0.030572511050305198,0.012281624921069248,0.008229846348137235,0.0016417596295516734,0.004514838981267102,0.0020521995369395915,0.004009682172174279,6.314460113660282e-05,4.2096400757735216e-05,0.0,0.0,0.0,0.0,0.0,0.0,0.0,0.0,0.0,0.0,0.0,0.0,0.0,0.0,0.0,0.0,0.0,0.0,0.0,0.0,0.0,0.0,0.0,0.0,0.0,0.0,0.0,0.0,0.0,0.0,0.0,0.0,0.0,0.0,0.0,0.0,0.0,0.0,0.0,0.0,0.0,0.0,0.0,0.0,0.0,nan,nan,4.291639236339697,2.9607709236522575,nan,0.9263484516553127,0.02287909844810233,0.0,0.0,0.0,0.0,0.0,0.0,0.0,0.0,0.0,0.0,0.0,0.0,0.0,0.0,0.0,0.0,0.0,0.0,0.0,0.0,0.0,0.0,0.0,0.0,0.0,0.12205044751830758,3.85679414157852,14.401952807160296,10.593978844589099,1.0252237591537838,0.9252422770921497,0.023661979623640344,0.0,0.0,0.0,0.0,0.0,0.0,0.0,0.0,0.0,0.0,0.0,0.0,0.0,0.0,0.0,0.0,0.0,0.0,0.0,0.0,0.0,0.0,0.0,0.0,0.0,0.15699956389010034,4.095071958133451,14.653292629742698,9.851722634103796,1.242913214129961,0.3896,0.010666,0.0,0.0,0.0,0.0,0.0,0.0,0.0,0.0,0.0,0.0,0.4515866558177381,24.59316517493894,4.955248169243288,0.0,0.0,0.0,0.0,0.0,0.0,0.0,0.0,0.0,0.0,0.0,0.0,0.0,0.0,0.0,0.0,0.0,0.3892,0.0106,0.0,0.0,0.0,0.0,0.0,0.0,0.0,0.0,0.0,0.0,0.5625817706061929,24.832097688617498,4.605320540776276,0.0,0.0,0.0,0.0,0.0,0.0,0.0,0.0,0.0,0.0,0.0,0.0,0.0,0.0,0.0,0.0,0.0
23900,4463,2259,0.5061617745910822,1105,869,0.44230338337441183,1211,0.542684293076406,0.426,2.9646098003629766,3.120045223713348,6.625607779578607,2.1144388227092303,9487.902531929196,1614.87736042797,7853.0,11083.0,11083.0,0.0,7853.0,0.0,27.53909926058705,20.650332620189236,32.429906542056074,18.94460937638574,0.14004033161550528,0.10486220031369034,0.1010531032937486,0.079542908357607,0.07999103741877661,0.07775039211292853,0.069011875420121,0.06251400403316155,0.05489580999327806,0.05108671297333632,0.04884606766748824,0.04100380909701994,0.03271342146538203,0.026215550078422585,0.015236388079766973,0.01008290387631638,0.005153484203450594,0.9262978635426196,0.0232428338665861,0.0,0.0,0.0,0.0,0.0,0.0,0.0,0.0,0.0,0.0,0.0,0.0,0.0,0.0,0.0,0.0,0.0,0.0,0.0,0.0,0.0,0.0,0.0,0.0,0.0,0.1949361416087834,3.7978937934125034,14.499215774142957,10.250952274254987,1.2570020165807754,4.34957627118644,2.8698165931085233,nan,nan,nan,4.35424091233072,2.851884406164415,4.348039215686274,2.886026475344483,0.9985757111815096,0.3896,0.0106,0.0,0.0,0.0,0.0,0.0,0.0,0.0,0.0,0.0,0.0,0.37642841138247823,24.689670625140003,4.933900963477482,0.0,0.0,0.0,0.0,0.0,0.0,0.0,0.0,0.0,0.0,0.0,0.0,0.0,0.0,0.0,0.0,0.0,nan,nan,4.34957627118644,2.8698165931085233,nan,0.3896,0.04886,0.0,0.0,0.0,0.0,0.0,0.0,0.0,0.0,0.0,0.0,0.0,0.0,0.0,0.0,0.0,0.0,0.0,0.0,0.0,0.0,0.0,4.4812906116961686e-05,0.0010755097468070805,0.00010082903876316379,0.01036298453954739,0.0005713645529912615,0.0016916872059153036,0.00034730002240645303,0.003383374411830607,0.020389872283217567,0.013376652475913063,0.015068339681828366,0.03581671521398163,0.019896930315930986,0.03665695720367466,0.05720367465830159,0.08477481514676227,0.10059377100604974,0.09544028680259915,0.04156397042348196,0.08086488908805736,0.05826798117857943,0.09865561281649116,0.0778288146986332,0.031055343939054448,0.03524535066099037,0.012984539547389649,0.031548285906341025,0.01300694600044813,0.010419000672193592,0.0015012323549182165,0.004626932556576294,0.001803719471207708,0.003797893793412503,3.3609679587721265e-05,0.0,0.0,0.0,0.0,0.0,0.0,0.0,0.0,0.0,0.0,0.0,0.0,0.0,0.0,0.0,0.0,0.0,0.0,0.0,0.0,0.0,0.0,0.0,0.0,0.0,0.0,0.0,0.0,0.0,0.0,0.0,0.0,0.0,0.0,0.0,0.0,0.0,0.0,0.0,0.0,0.0,0.0,0.0,0.0,0.0,0.0,nan,nan,4.34957627118644,2.8698165931085233,nan,0.9264550360233819,0.023507435333015633,0.0,0.0,0.0,0.0,0.0,0.0,0.0,0.0,0.0,0.0,0.0,0.0,0.0,0.0,0.0,0.0,0.0,0.0,0.0,0.0,0.0,0.0,0.0,0.0,0.0,0.252324037184595,3.944223107569722,14.063745019920322,10.424966799468793,1.3147410358565739,0.926136768881076,0.02296735012451776,0.0,0.0,0.0,0.0,0.0,0.0,0.0,0.0,0.0,0.0,0.0,0.0,0.0,0.0,0.0,0.0,0.0,0.0,0.0,0.0,0.0,0.0,0.0,0.0,0.0,0.13611615245009076,3.6479128856624325,14.945553539019967,10.072595281306716,1.1978221415607988,0.3894,0.010574,0.0,0.0,0.0,0.0,0.0,0.0,0.0,0.0,0.0,0.0,0.3984063745019921,24.913678618857865,4.687915006640107,0.0,0.0,0.0,0.0,0.0,0.0,0.0,0.0,0.0,0.0,0.0,0.0,0.0,0.0,0.0,0.0,0.0,0.39,0.01061,0.0,0.0,0.0,0.0,0.0,0.0,0.0,0.0,0.0,0.0,0.35390199637023606,24.46007259528127,5.186025408348458,0.0,0.0,0.0,0.0,0.0,0.0,0.0,0.0,0.0,0.0,0.0,0.0,0.0,0.0,0.0,0.0,0.0
24000,4726,2500,0.5289885738468049,1185,926,0.4466779517562421,1291,0.5463393990689801,0.418,2.944743935309973,3.079232490925785,6.541935483870968,2.082147494628096,9561.633093525179,1612.283425392975,7853.0,11083.0,11083.0,0.0,7853.0,0.0,28.082099026661023,20.774325693891928,32.834667333666836,19.0515986332415,0.13499788404570462,0.10050782903089293,0.09331358442657639,0.08442657638595007,0.082945408379179,0.07744392721117224,0.06622936944561997,0.06665256030469742,0.0558611933982226,0.05289885738468049,0.045916208209902665,0.042107490478205674,0.03787558188743123,0.027507405840033854,0.01523487092678798,0.009944985188319933,0.006136267456622937,0.9249576898232588,0.022706438043137475,0.0,0.0,0.0,0.0,0.0,0.0,0.0,0.0,0.0,0.0,0.0,0.0,0.0,0.0,0.0,0.0,0.0,0.0,0.0,0.0,0.0,0.0,0.0,0.0,0.0,0.10791366906474822,3.9547185780787144,15.247566652560307,9.674143038510369,1.0156580617858657,4.242146596858639,2.941444884733177,nan,nan,nan,4.213630406290957,2.9509263365050518,4.270588235294118,2.9316814054616445,1.0135175189827097,0.3904,0.010605,0.0,0.0,0.0,0.0,0.0,0.0,0.0,0.0,0.0,0.0,0.4380025391451546,24.217096910706694,5.338552687261957,0.006347862886161661,0.0,0.0,0.0,0.0,0.0,0.0,0.0,0.0,0.0,0.0,0.0,0.0,0.0,0.0,0.0,0.0,nan,nan,4.242146596858639,2.941444884733177,nan,0.3904,0.0486,0.0,0.0,0.0,0.0,0.0,0.0,0.0,0.0,0.0,0.0,0.0,0.0,0.0,0.0,0.0,0.0,0.0,0.0,0.0,0.0,0.0,2.1159542953872196e-05,0.0013647905205247566,4.231908590774439e-05,0.009405416842996192,0.0008463817181548879,0.0019995768091409225,0.00017985611510791367,0.002708421498095641,0.019974608548455352,0.011341515023275498,0.014547185780787135,0.035082522217520104,0.021529834955564958,0.03624629707998307,0.05712018620397799,0.08517774016081253,0.09884680490901397,0.09345112145577655,0.04205459162082099,0.08214134574693187,0.059066864155734235,0.10539568345323741,0.0748836225137537,0.030258146424037242,0.03391874735505713,0.0137748624629708,0.032955988150655945,0.01372196360558612,0.010484553533643673,0.00173508252221752,0.00409437156157427,0.001840880236986881,0.003755818874312315,3.17393144308083e-05,0.0,0.0,0.0,0.0,0.0,0.0,0.0,0.0,0.0,0.0,0.0,0.0,0.0,0.0,0.0,0.0,0.0,0.0,0.0,0.0,0.0,0.0,0.0,0.0,0.0,0.0,0.0,0.0,0.0,0.0,0.0,0.0,0.0,0.0,0.0,0.0,0.0,0.0,0.0,0.0,0.0,0.0,0.0,0.0,0.0,0.0,nan,nan,4.242146596858639,2.941444884733177,nan,0.9251152918338775,0.0224771693843217,0.0,0.0,0.0,0.0,0.0,0.0,0.0,0.0,0.0,0.0,0.0,0.0,0.0,0.0,0.0,0.0,0.0,0.0,0.0,0.0,0.0,0.0,0.0,0.0,0.0,0.10800000000000003,3.8280000000000007,15.420000000000003,9.684000000000001,0.9600000000000002,0.924780688463624,0.022959908715995,0.0,0.0,0.0,0.0,0.0,0.0,0.0,0.0,0.0,0.0,0.0,0.0,0.0,0.0,0.0,0.0,0.0,0.0,0.0,0.0,0.0,0.0,0.0,0.0,0.0,0.10781671159029652,4.097035040431268,15.053908355795151,9.663072776280325,1.078167115902965,0.3901,0.01065,0.0,0.0,0.0,0.0,0.0,0.0,0.0,0.0,0.0,0.0,0.4680000000000001,24.323999999999966,5.208000000000001,0.0,0.0,0.0,0.0,0.0,0.0,0.0,0.0,0.0,0.0,0.0,0.0,0.0,0.0,0.0,0.0,0.0,0.3904,0.01057,0.0,0.0,0.0,0.0,0.0,0.0,0.0,0.0,0.0,0.0,0.40431266846361197,24.09703504043123,5.485175202156335,0.013477088948787064,0.0,0.0,0.0,0.0,0.0,0.0,0.0,0.0,0.0,0.0,0.0,0.0,0.0,0.0,0.0,0.0
24100,4885,2491,0.5099283520982599,1166,1012,0.4458546571136131,1377,0.5637666325486183,0.40199999999999997,2.9573934837092732,3.1095061442094787,6.545185185185185,2.2447871636640504,9500.06857727738,1614.6815804831008,7853.0,11083.0,11083.0,0.0,7853.0,0.0,27.550870010235414,20.68690718113938,32.44509516837482,18.99613473316628,0.14165813715455475,0.10133060388945753,0.09580348004094166,0.08863868986693961,0.08167860798362334,0.07205731832139202,0.07164790174002048,0.062231320368474924,0.053428863868986695,0.055885363357215966,0.04524053224155578,0.03950870010235415,0.03336745138178096,0.025383828045035823,0.016376663254861822,0.009211873080859774,0.0065506653019447286,0.9256781284616328,0.02335280510034502,0.0,0.0,0.0,0.0,0.0,0.0,0.0,0.0,0.0,0.0,0.0,0.0,0.0,0.0,0.0,0.0,0.0,0.0,0.0,0.0,0.0,0.0,0.0,0.0,0.0,0.19037871033776874,3.7830092118730816,14.843398157625387,10.059365404298875,1.1238485158648928,4.2759833706427886,2.8737882473615306,nan,nan,nan,4.243638676844784,2.834457910346704,4.308236808236808,2.9135279565679593,1.0152223448580817,0.3906,0.01075,0.0,0.0,0.0,0.0,0.0,0.0,0.0,0.0,0.0,0.0,0.3500511770726715,23.889457523029648,5.760491299897647,0.0,0.0,0.0,0.0,0.0,0.0,0.0,0.0,0.0,0.0,0.0,0.0,0.0,0.0,0.0,0.0,0.0,nan,nan,4.2759833706427886,2.8737882473615306,nan,0.3906,0.04874,0.0,0.0,0.0,0.0,0.0,0.0,0.0,0.0,0.0,0.0,0.0,0.0,0.0,0.0,0.0,0.0,0.0,0.0,0.0,0.0,0.0,0.0002354145342886387,0.0013817809621289663,0.00012282497441146365,0.009150460593654043,0.0010644831115660183,0.002384851586489253,0.0002354145342886387,0.002599795291709314,0.01993858751279427,0.011484135107471852,0.014237461617195496,0.032169907881269194,0.022650972364380757,0.03709314227226203,0.054841351074718526,0.08236438075742067,0.10042988741044012,0.08907881269191402,0.042221084953940634,0.08242579324462641,0.06255885363357216,0.11051177072671443,0.07682702149437053,0.02827021494370522,0.03248720573183214,0.01255885363357216,0.03390992835209826,0.01496417604912999,0.009078812691914023,0.0018833162743091096,0.004728761514841351,0.002374616171954964,0.0036949846468781987,4.0941658137154556e-05,0.0,0.0,0.0,0.0,0.0,0.0,0.0,0.0,0.0,0.0,0.0,0.0,0.0,0.0,0.0,0.0,0.0,0.0,0.0,0.0,0.0,0.0,0.0,0.0,0.0,0.0,0.0,0.0,0.0,0.0,0.0,0.0,0.0,0.0,0.0,0.0,0.0,0.0,0.0,0.0,0.0,0.0,0.0,0.0,0.0,0.0,nan,nan,4.2759833706427886,2.8737882473615306,nan,0.9251186544279744,0.02300671672112206,0.0,0.0,0.0,0.0,0.0,0.0,0.0,0.0,0.0,0.0,0.0,0.0,0.0,0.0,0.0,0.0,0.0,0.0,0.0,0.0,0.0,0.0,0.0,0.0,0.0,0.14452027298273787,3.9502207948615022,15.162585307105584,9.731031714171017,1.0116419108791652,0.9262602712426867,0.023693532955997382,0.0,0.0,0.0,0.0,0.0,0.0,0.0,0.0,0.0,0.0,0.0,0.0,0.0,0.0,0.0,0.0,0.0,0.0,0.0,0.0,0.0,0.0,0.0,0.0,0.0,0.23809523809523814,3.609022556390978,14.511278195488725,10.401002506265668,1.2406015037593987,0.3909,0.010956,0.0,0.0,0.0,0.0,0.0,0.0,0.0,0.0,0.0,0.0,0.3974307507025292,23.436370935367286,6.16619831393015,0.0,0.0,0.0,0.0,0.0,0.0,0.0,0.0,0.0,0.0,0.0,0.0,0.0,0.0,0.0,0.0,0.0,0.3906,0.01054,0.0,0.0,0.0,0.0,0.0,0.0,0.0,0.0,0.0,0.0,0.30075187969924816,24.36090225563906,5.3383458646616555,0.0,0.0,0.0,0.0,0.0,0.0,0.0,0.0,0.0,0.0,0.0,0.0,0.0,0.0,0.0,0.0,0.0
24200,4819,2449,0.5081967213114754,1153,966,0.43971778377256693,1375,0.5706578128242374,0.40199999999999997,2.9658227848101264,3.010125783819932,6.357971014492754,2.0601748762905956,9494.475409836066,1614.7829738618168,7853.0,11083.0,11083.0,0.0,7853.0,0.0,28.93484125337207,21.374891357051236,33.824466781073795,19.583693191860217,0.13675036314588088,0.09358788130317493,0.09421041709898319,0.0805146295912015,0.08134467731894585,0.06993152106246109,0.06847893753890849,0.06764888981116414,0.055613197758871136,0.05063291139240506,0.04980286366466072,0.04523760116206682,0.035277028429134674,0.026976551151691223,0.022411288649097322,0.013488275575845612,0.008092965345507366,0.9259927811947174,0.022506672313454185,0.0,0.0,0.0,0.0,0.0,0.0,0.0,0.0,0.0,0.0,0.0,0.0,0.0,0.0,0.0,0.0,0.0,0.0,0.0,0.0,0.0,0.0,0.0,0.0,0.0,0.1307325171197344,3.5858061838555724,15.06536625855987,10.103755965968045,1.1143390744967838,4.235294117647059,2.7517426584971294,nan,nan,nan,4.193130265716137,2.7468767606707005,4.278121137206428,2.7545720492388925,1.0202690749164636,0.3904,0.0107,0.0,0.0,0.0,0.0,0.0,0.0,0.0,0.0,0.0,0.0,0.38597219340112066,23.874247769246697,5.7397800373521495,0.0,0.0,0.0,0.0,0.0,0.0,0.0,0.0,0.0,0.0,0.0,0.0,0.0,0.0,0.0,0.0,0.0,nan,nan,4.235294117647059,2.7517426584971294,nan,0.3904,0.0489,0.0,0.0,0.0,0.0,0.0,0.0,0.0,0.0,0.0,0.0,0.0,0.0,0.0,0.0,0.0,0.0,0.0,0.0,0.0,0.0,7.262917617763021e-05,0.00011413156256484748,0.0011413156256484748,2.075119319360863e-05,0.009286158954139864,0.0013592031541813654,0.002438265200249014,0.00011413156256484748,0.002303382444490558,0.02007677941481635,0.013405270803071176,0.014743722764058933,0.03234073459223905,0.023946876945424363,0.03597219340112057,0.05506329113924051,0.08306702635401536,0.10005187798298402,0.08783980078854534,0.04279933596181781,0.08190495953517327,0.06021996264785225,0.1084249844366051,0.0805146295912015,0.027868852459016394,0.030711765926540777,0.013768416683959327,0.034021581240921354,0.014173064951234696,0.009659680431624818,0.002106246109151276,0.004150238638721726,0.002438265200249014,0.003849346337414401,3.112678979041295e-05,0.0,0.0,0.0,0.0,0.0,0.0,0.0,0.0,0.0,0.0,0.0,0.0,0.0,0.0,0.0,0.0,0.0,0.0,0.0,0.0,0.0,0.0,0.0,0.0,0.0,0.0,0.0,0.0,0.0,0.0,0.0,0.0,0.0,0.0,0.0,0.0,0.0,0.0,0.0,0.0,0.0,0.0,0.0,0.0,0.0,0.0,nan,nan,4.235294117647059,2.7517426584971294,nan,0.9258589536718272,0.022983201568897542,0.0,0.0,0.0,0.0,0.0,0.0,0.0,0.0,0.0,0.0,0.0,0.0,0.0,0.0,0.0,0.0,0.0,0.0,0.0,0.0,0.0,0.0,0.0,0.0,0.0,0.171498570845243,3.7239689669252765,15.018374846876279,9.885667619436505,1.2004899959167008,0.9261310696350371,0.022002564332610233,0.0,0.0,0.0,0.0,0.0,0.0,0.0,0.0,0.0,0.0,0.0,0.0,0.0,0.0,0.0,0.0,0.0,0.0,0.0,0.0,0.0,0.0,0.0,0.0,0.0,0.08860759493670889,3.443037974683545,15.113924050632914,10.329113924050635,1.0253164556962027,0.3906,0.010635,0.0,0.0,0.0,0.0,0.0,0.0,0.0,0.0,0.0,0.0,0.33074724377296866,23.838301347488734,5.830951408738262,0.0,0.0,0.0,0.0,0.0,0.0,0.0,0.0,0.0,0.0,0.0,0.0,0.0,0.0,0.0,0.0,0.0,0.3901,0.01075,0.0,0.0,0.0,0.0,0.0,0.0,0.0,0.0,0.0,0.0,0.4430379746835444,23.911392405063257,5.645569620253166,0.0,0.0,0.0,0.0,0.0,0.0,0.0,0.0,0.0,0.0,0.0,0.0,0.0,0.0,0.0,0.0,0.0
24300,4843,2517,0.5197191823250051,1209,982,0.4524055337600661,1352,0.5583316126367954,0.39799999999999996,2.900257953568358,3.04119465634135,6.374242424242424,2.1611452215210374,9531.692958909767,1613.7435381699656,7853.0,11083.0,11083.0,0.0,7853.0,0.0,28.017964071856287,20.696111195330577,32.65644768856448,19.02604760911715,0.1311170761924427,0.10138344001651868,0.09518893247986784,0.0873425562667768,0.08486475325211645,0.0755729919471402,0.06648771422671898,0.0658682634730539,0.06111914102828825,0.05224034689242205,0.045219905017551104,0.041916167664670656,0.0340697914515796,0.023126161470163123,0.01651868676440223,0.008878794135866199,0.009085277720421227,0.9258352454698654,0.023053713507084107,0.0,0.0,0.0,0.0,0.0,0.0,0.0,0.0,0.0,0.0,0.0,0.0,0.0,0.0,0.0,0.0,0.0,0.0,0.0,0.0,0.0,0.0,0.0,0.0,0.006194507536650838,0.12389015073301675,3.883956225480075,14.730538922155691,10.152797852570723,1.102622341523849,4.168839427662957,2.9141039775039945,nan,nan,nan,4.2284980744544285,2.944136999804241,4.109079445145019,2.8836331268179576,0.9717586180230632,0.3906,0.01078,0.0,0.0,0.0,0.0,0.0,0.0,0.0,0.0,0.0,0.0,0.29733636175924016,23.941771629155447,5.760892009085279,0.0,0.0,0.0,0.0,0.0,0.0,0.0,0.0,0.0,0.0,0.0,0.0,0.0,0.0,0.0,0.0,0.0,nan,nan,4.168839427662957,2.9141039775039945,nan,0.3906,0.04922,0.0,0.0,0.0,0.0,0.0,0.0,0.0,0.0,0.0,0.0,0.0,0.0,0.0,0.0,0.0,0.0,0.0,0.0,0.0,0.0,3.0972537683254184e-05,2.0648358455502788e-05,0.0007949618005368574,1.0324179227751394e-05,0.009983481313235598,0.0015279785257072062,0.002612017344621103,0.0001858352260995251,0.0026016931653933513,0.01903778649597357,0.013689861655998349,0.015135246747883543,0.03251084038818914,0.025221969853396656,0.03623786908940739,0.053076605409869915,0.08308899442494322,0.09693371876935783,0.09025397480900268,0.0421845963245922,0.08403881891389635,0.05708238695023746,0.10794961800536858,0.0800330373735288,0.028546355564732603,0.030889944249432172,0.014257691513524675,0.03451373115837291,0.01503200495560603,0.008682634730538923,0.0013937641957464382,0.005595705141441256,0.0023952095808383233,0.004449721247160851,0.0,0.0,0.0,0.0,0.0,0.0,0.0,0.0,0.0,0.0,0.0,0.0,0.0,0.0,0.0,0.0,0.0,0.0,0.0,0.0,0.0,0.0,0.0,0.0,0.0,0.0,0.0,0.0,0.0,0.0,0.0,0.0,0.0,0.0,0.0,0.0,0.0,0.0,0.0,0.0,0.0,0.0,0.0,0.0,0.0,0.0,0.0,nan,nan,4.168839427662957,2.9141039775039945,nan,0.9260142693976159,0.023091094482032972,0.0,0.0,0.0,0.0,0.0,0.0,0.0,0.0,0.0,0.0,0.0,0.0,0.0,0.0,0.0,0.0,0.0,0.0,0.0,0.0,0.0,0.0,0.0,0.0,0.0,0.09535160905840288,3.8974970202622177,14.660309892729442,10.23837902264601,1.1084624553039335,0.9256415209530349,0.02301162563549378,0.0,0.0,0.0,0.0,0.0,0.0,0.0,0.0,0.0,0.0,0.0,0.0,0.0,0.0,0.0,0.0,0.0,0.0,0.0,0.0,0.0,0.0,0.0,0.0,0.012897678417884783,0.1547721410146174,3.869303525365435,14.806534823731731,10.060189165950131,1.0963026655202066,0.3909,0.01098,0.0,0.0,0.0,0.0,0.0,0.0,0.0,0.0,0.0,0.0,0.32181168057210974,23.694874851013076,5.983313468414781,0.0,0.0,0.0,0.0,0.0,0.0,0.0,0.0,0.0,0.0,0.0,0.0,0.0,0.0,0.0,0.0,0.0,0.3906,0.01056,0.0,0.0,0.0,0.0,0.0,0.0,0.0,0.0,0.0,0.0,0.2708512467755804,24.2089423903697,5.520206362854688,0.0,0.0,0.0,0.0,0.0,0.0,0.0,0.0,0.0,0.0,0.0,0.0,0.0,0.0,0.0,0.0,0.0
24400,4636,2422,0.5224331320103538,1178,932,0.4551337359792925,1311,0.5655737704918032,0.422,3.0501355013550135,3.1817452273345963,6.7971473851030115,2.146029712425624,9540.459016393443,1613.3736984788413,7853.0,11083.0,11083.0,0.0,7853.0,0.0,28.167601380500432,20.82236580080586,33.10433222250705,18.99867463088365,0.1399913718723037,0.09728213977566869,0.0864969801553063,0.08951682484900776,0.0815358067299396,0.07420189818809318,0.06773080241587576,0.06708369283865401,0.054357204486626405,0.05672993960310613,0.04831751509922347,0.04184641932700604,0.03537532355478861,0.025668679896462467,0.018766177739430543,0.010138050043140638,0.004961173425366695,0.9257961911333338,0.0230534096793675,0.0,0.0,0.0,0.0,0.0,0.0,0.0,0.0,0.0,0.0,0.0,0.0,0.0,0.0,0.0,0.0,0.0,0.0,0.0,0.0,0.0,0.0,0.0,0.0,0.0,0.1294219154443486,3.882657463330458,14.941760138050046,9.894305435720451,1.1518550474547025,4.27801511666119,3.0063356918757456,nan,nan,nan,4.3465608465608465,3.0324961905612673,4.210320052253429,2.9787267677439297,0.9686554958927549,0.3909,0.01081,0.0,0.0,0.0,0.0,0.0,0.0,0.0,0.0,0.0,0.0,0.3688524590163935,23.60008628127693,6.031061259706645,0.0,0.0,0.0,0.0,0.0,0.0,0.0,0.0,0.0,0.0,0.0,0.0,0.0,0.0,0.0,0.0,0.0,nan,nan,4.27801511666119,3.0063356918757456,nan,0.3909,0.04898,0.0,0.0,0.0,0.0,0.0,0.0,0.0,0.0,0.0,0.0,0.0,0.0,0.0,0.0,0.0,0.0,0.0,0.0,0.0,0.0,5.392579810181191e-05,0.0,0.0009490940465918896,0.0,0.009685073339085418,0.0016285591026747195,0.002685504745470233,0.00010785159620362382,0.0019628990509059532,0.017655306298533218,0.01276962899050906,0.01363244176013805,0.03347713546160483,0.027340379637618636,0.03498705780845557,0.05471311475409836,0.08248490077653149,0.09494176013805004,0.09379853321829162,0.042418032786885246,0.08611949956859362,0.05926445211389129,0.10838006902502156,0.07732959447799827,0.029357204486626404,0.02831104400345125,0.011734253666954271,0.03498705780845557,0.016220880069025022,0.008541846419327006,0.001305004314063848,0.005985763589301122,0.002663934426229508,0.0044866264020707505,1.0785159620362381e-05,0.0,1.0785159620362381e-05,0.0,0.0,0.0,0.0,0.0,0.0,0.0,0.0,0.0,0.0,0.0,0.0,0.0,0.0,0.0,0.0,0.0,0.0,0.0,0.0,0.0,0.0,0.0,0.0,0.0,0.0,0.0,0.0,0.0,0.0,0.0,0.0,0.0,0.0,0.0,0.0,0.0,0.0,0.0,0.0,0.0,0.0,0.0,0.0,nan,nan,4.27801511666119,3.0063356918757456,nan,0.9257881337212296,0.02313685070222542,0.0,0.0,0.0,0.0,0.0,0.0,0.0,0.0,0.0,0.0,0.0,0.0,0.0,0.0,0.0,0.0,0.0,0.0,0.0,0.0,0.0,0.0,0.0,0.0,0.0,0.13625103220478946,3.9388934764657315,14.826589595375726,9.847233691164329,1.2510322047894304,0.9258050055200169,0.02296177905151361,0.0,0.0,0.0,0.0,0.0,0.0,0.0,0.0,0.0,0.0,0.0,0.0,0.0,0.0,0.0,0.0,0.0,0.0,0.0,0.0,0.0,0.0,0.0,0.0,0.0,0.12195121951219515,3.821138211382115,15.067750677506778,9.945799457994582,1.0433604336043363,0.3909,0.010895,0.0,0.0,0.0,0.0,0.0,0.0,0.0,0.0,0.0,0.0,0.39636663914120573,23.472336911643236,6.131296449215526,0.0,0.0,0.0,0.0,0.0,0.0,0.0,0.0,0.0,0.0,0.0,0.0,0.0,0.0,0.0,0.0,0.0,0.3909,0.01071,0.0,0.0,0.0,0.0,0.0,0.0,0.0,0.0,0.0,0.0,0.3387533875338754,23.73983739837395,5.921409214092143,0.0,0.0,0.0,0.0,0.0,0.0,0.0,0.0,0.0,0.0,0.0,0.0,0.0,0.0,0.0,0.0,0.0
24500,4735,2467,0.5210137275607181,1173,981,0.4549102428722281,1325,0.5596620908130939,0.426,2.97663139329806,3.1011576509338696,6.637239165329053,2.129821902050318,9535.874340021119,1613.573076735819,7853.0,11083.0,11083.0,0.0,7853.0,0.0,27.82829989440338,20.729990455622772,32.70399196585488,18.98857305685611,0.13896515311510033,0.0958817317845829,0.09355860612460401,0.08891235480464625,0.0836325237592397,0.08109820485744457,0.06948257655755016,0.06420274551214361,0.05575501583949313,0.05005279831045407,0.0470960929250264,0.04118268215417107,0.02808870116156283,0.025343189017951427,0.019640971488912355,0.010559662090813094,0.006546990496304118,0.9262082340850749,0.0230191174195631,0.0,0.0,0.0,0.0,0.0,0.0,0.0,0.0,0.0,0.0,0.0,0.0,0.0,0.0,0.0,0.0,0.0,0.0,0.0,0.0,0.0,0.0,0.0,0.0,0.0,0.14572333685322073,3.6684266103484697,14.825765575501586,10.206969376979938,1.15311510031679,4.159335288367546,2.8823507071857453,nan,nan,nan,4.232450331125828,2.895464589306931,4.08793324775353,2.8686425098298103,0.9658549842133985,0.3909,0.010704,0.0,0.0,0.0,0.0,0.0,0.0,0.0,0.0,0.0,0.0,0.33579725448785647,23.74656810982045,5.91763463569166,0.0,0.0,0.0,0.0,0.0,0.0,0.0,0.0,0.0,0.0,0.0,0.0,0.0,0.0,0.0,0.0,0.0,nan,nan,4.159335288367546,2.8823507071857453,nan,0.3909,0.04895,0.0,0.0,0.0,0.0,0.0,0.0,0.0,0.0,0.0,0.0,0.0,0.0,0.0,0.0,0.0,0.0,0.0,0.0,0.0,1.0559662090813093e-05,3.1678986272439285e-05,0.0,0.0008870116156282999,0.0,0.00894403379091869,0.0020485744456177402,0.0027560718057022177,0.0003273495248152059,0.002597676874340021,0.01788806758183738,0.012597676874340021,0.01307286166842661,0.03552270327349525,0.025997888067581836,0.036156282998944037,0.05636747624076029,0.0773284054910243,0.09288278775079198,0.09501583949313622,0.042259767687434,0.08880675818373812,0.057697993664202744,0.10463569165786694,0.07865892291446673,0.03211193241816262,0.02989440337909187,0.012428722280887011,0.03422386483632524,0.016504751847940865,0.009007391763463568,0.001108764519535375,0.005966209081309398,0.0022703273495248153,0.00395987328405491,0.0,0.0,0.0,3.1678986272439285e-05,0.0,0.0,0.0,0.0,0.0,0.0,0.0,0.0,0.0,0.0,0.0,0.0,0.0,0.0,0.0,0.0,0.0,0.0,0.0,0.0,0.0,0.0,0.0,0.0,0.0,0.0,0.0,0.0,0.0,0.0,0.0,0.0,0.0,0.0,0.0,0.0,0.0,0.0,0.0,0.0,0.0,0.0,0.0,nan,nan,4.159335288367546,2.8823507071857453,nan,0.9268181880427895,0.023122150157768567,0.0,0.0,0.0,0.0,0.0,0.0,0.0,0.0,0.0,0.0,0.0,0.0,0.0,0.0,0.0,0.0,0.0,0.0,0.0,0.0,0.0,0.0,0.0,0.0,0.0,0.17024726388325906,3.465747871909202,14.84799351438995,10.312119983785978,1.2038913660316175,0.9255447612395362,0.022888068688671617,0.0,0.0,0.0,0.0,0.0,0.0,0.0,0.0,0.0,0.0,0.0,0.0,0.0,0.0,0.0,0.0,0.0,0.0,0.0,0.0,0.0,0.0,0.0,0.0,0.0,0.11904761904761907,3.8888888888888897,14.801587301587304,10.092592592592593,1.0978835978835981,0.3906,0.01079,0.0,0.0,0.0,0.0,0.0,0.0,0.0,0.0,0.0,0.0,0.4012971220105392,23.95622213214427,5.642480745845157,0.0,0.0,0.0,0.0,0.0,0.0,0.0,0.0,0.0,0.0,0.0,0.0,0.0,0.0,0.0,0.0,0.0,0.391,0.0106,0.0,0.0,0.0,0.0,0.0,0.0,0.0,0.0,0.0,0.0,0.2645502645502646,23.518518518518484,6.2169312169312185,0.0,0.0,0.0,0.0,0.0,0.0,0.0,0.0,0.0,0.0,0.0,0.0,0.0,0.0,0.0,0.0,0.0
24600,4786,2411,0.5037609694943586,1115,1002,0.4423318010865023,1365,0.5704137066443794,0.43,3.0370526315789474,3.1809127699233586,6.814984709480123,2.1850944702238615,9480.147931466778,1614.954311354064,7853.0,11083.0,11083.0,0.0,7853.0,0.0,27.411617216882576,20.653859915149972,32.358033932135726,18.928054913309076,0.1435436690346845,0.09841203510238195,0.09423318010865023,0.09632260760551609,0.07981613038027581,0.07375679063936481,0.0725031341412453,0.06017551190973673,0.0503552026744672,0.055787714166318426,0.04659423318010865,0.03969912244045132,0.03238612620142081,0.025491015461763477,0.014625992478061012,0.010029251984956121,0.0062682824905975765,0.9253174746654246,0.023425678769226358,0.0,0.0,0.0,0.0,0.0,0.0,0.0,0.0,0.0,0.0,0.0,0.0,0.0,0.0,0.0,0.0,0.0,0.0,0.0,0.0,0.0,0.0,0.0,0.0,0.0,0.15670706226493944,3.9678228165482667,14.912244045131636,9.916422900125367,1.0468031759297953,4.487516425755585,2.968324101433228,nan,nan,nan,4.500979751796212,2.973730899178088,4.4738929279577,2.9627806612981904,0.9939820160649018,0.391,0.01063,0.0,0.0,0.0,0.0,0.0,0.0,0.0,0.0,0.0,0.0,0.33221897200167166,23.53113246970327,6.1303802758044315,0.006268282490597577,0.0,0.0,0.0,0.0,0.0,0.0,0.0,0.0,0.0,0.0,0.0,0.0,0.0,0.0,0.0,0.0,nan,nan,4.487516425755585,2.968324101433228,nan,0.391,0.04944,0.0,0.0,0.0,0.0,0.0,0.0,0.0,0.0,0.0,0.0,0.0,0.0,0.0,0.0,0.0,0.0,0.0,0.0,0.0,0.0,0.0,1.0447137484329294e-05,0.0009193480986209779,2.0894274968658587e-05,0.008942749686585875,0.002549101546176348,0.0028207271207689095,0.00027162557459256163,0.002340158796489762,0.019045131633932302,0.011951525282072712,0.012923109068115337,0.036920183869619726,0.026389469285415797,0.03656498119515253,0.054032595068951104,0.07494776431257835,0.09418094442122858,0.09398244880902633,0.039239448391140824,0.09064981195152529,0.054231090681153366,0.10265357292101963,0.08040117007939825,0.03368157124947764,0.031602590890096115,0.013926034266610949,0.035488926034266614,0.01642290012536565,0.009256163811115754,0.001744671959882992,0.005871291266193063,0.001849143334726285,0.0040952778938570834,0.0,3.1341412452987885e-05,2.0894274968658587e-05,0.0,2.0894274968658587e-05,0.0,0.0,0.0,0.0,0.0,0.0,0.0,0.0,0.0,0.0,0.0,0.0,0.0,0.0,0.0,0.0,0.0,0.0,0.0,0.0,0.0,0.0,0.0,0.0,0.0,0.0,0.0,0.0,0.0,0.0,0.0,0.0,0.0,0.0,0.0,0.0,0.0,0.0,0.0,0.0,0.0,0.0,nan,nan,4.487516425755585,2.968324101433228,nan,0.9257930407183935,0.023603890954940147,0.0,0.0,0.0,0.0,0.0,0.0,0.0,0.0,0.0,0.0,0.0,0.0,0.0,0.0,0.0,0.0,0.0,0.0,0.0,0.0,0.0,0.0,0.0,0.0,0.0,0.14931563666528413,3.9070924927416018,14.856905848195773,9.929489838241395,1.1571961841559522,0.9248347000322844,0.023233412982638365,0.0,0.0,0.0,0.0,0.0,0.0,0.0,0.0,0.0,0.0,0.0,0.0,0.0,0.0,0.0,0.0,0.0,0.0,0.0,0.0,0.0,0.0,0.0,0.0,0.0,0.16421052631578953,4.029473684210527,14.968421052631582,9.903157894736843,0.9347368421052633,0.3909,0.01059,0.0,0.0,0.0,0.0,0.0,0.0,0.0,0.0,0.0,0.0,0.4106180008295314,23.79095810866857,5.785980920779761,0.012442969722107013,0.0,0.0,0.0,0.0,0.0,0.0,0.0,0.0,0.0,0.0,0.0,0.0,0.0,0.0,0.0,0.0,0.3914,0.01066,0.0,0.0,0.0,0.0,0.0,0.0,0.0,0.0,0.0,0.0,0.2526315789473685,23.2673684210526,6.480000000000001,0.0,0.0,0.0,0.0,0.0,0.0,0.0,0.0,0.0,0.0,0.0,0.0,0.0,0.0,0.0,0.0,0.0
24700,4836,2572,0.5318444995864351,1216,984,0.45492142266335817,1356,0.5607940446650124,0.40599999999999997,2.931095406360424,3.01389969633865,6.346153846153846,2.1148251008299934,9570.857733664185,1611.721218643431,7853.0,11083.0,11083.0,0.0,7853.0,0.0,28.692928039702235,21.087772958509877,33.56625916870416,19.26885158766354,0.1368899917287014,0.09367245657568238,0.08664185277088503,0.08933002481389578,0.0794044665012407,0.07671629445822994,0.06679073614557486,0.0630686517783292,0.06120760959470637,0.056038047973531846,0.0467328370554177,0.03866832092638544,0.039081885856079406,0.026881720430107527,0.021505376344086023,0.009511993382961124,0.007857733664185277,0.9266025452721306,0.023034770705525426,0.0,0.0,0.0,0.0,0.0,0.0,0.0,0.0,0.0,0.0,0.0,0.0,0.0,0.0,0.0,0.0,0.0,0.0,0.0,0.0,0.0,0.0,0.0,0.0,0.0,0.13027295285359805,3.7468982630272962,14.615384615384619,10.316377171215883,1.1910669975186106,4.0613074757585235,2.8401244831868353,nan,nan,nan,4.055313859540087,2.8198529362431497,4.067380352644836,2.8605047799096615,1.0029754769970178,0.3914,0.01093,0.0,0.0,0.0,0.0,0.0,0.0,0.0,0.0,0.0,0.0,0.37841191066997526,23.244416873449097,6.377171215880895,0.0,0.0,0.0,0.0,0.0,0.0,0.0,0.0,0.0,0.0,0.0,0.0,0.0,0.0,0.0,0.0,0.0,nan,nan,4.0613074757585235,2.8401244831868353,nan,0.3914,0.04944,0.0,0.0,0.0,0.0,0.0,0.0,0.0,0.0,0.0,0.0,0.0,0.0,0.0,0.0,0.0,0.0,0.0,0.0,0.0,0.0,0.0,5.1695616211745244e-05,0.0011889991728701406,2.0678246484698098e-05,0.008126550868486352,0.002946650124069479,0.0027191894127378,0.0002998345740281224,0.0019851116625310174,0.018320926385442516,0.012675765095119933,0.01303763440860215,0.03489454094292804,0.02729528535980149,0.03634201819685691,0.054249379652605456,0.07667493796526055,0.09757030603804798,0.09046732837055417,0.03964019851116625,0.09062241521918941,0.05403225806451613,0.10481803143093466,0.07581679073614557,0.03316790736145575,0.036290322580645164,0.012313895781637716,0.03286807278742763,0.0179590570719603,0.009532671629445823,0.0017679900744416873,0.006100082712985939,0.0011476426799007444,0.004962779156327543,0.0,6.203473945409429e-05,0.0,0.0,3.1017369727047146e-05,0.0,0.0,0.0,0.0,0.0,0.0,0.0,0.0,0.0,0.0,0.0,0.0,0.0,0.0,0.0,0.0,0.0,0.0,0.0,0.0,0.0,0.0,0.0,0.0,0.0,0.0,0.0,0.0,0.0,0.0,0.0,0.0,0.0,0.0,0.0,0.0,0.0,0.0,0.0,0.0,0.0,0.0,nan,nan,4.0613074757585235,2.8401244831868353,nan,0.9264338833408815,0.022878196613206347,0.0,0.0,0.0,0.0,0.0,0.0,0.0,0.0,0.0,0.0,0.0,0.0,0.0,0.0,0.0,0.0,0.0,0.0,0.0,0.0,0.0,0.0,0.0,0.0,0.0,0.1283048211508554,3.732503888024884,14.638413685847592,10.38102643856921,1.119751166407465,0.9267941523777723,0.02320987702677336,0.0,0.0,0.0,0.0,0.0,0.0,0.0,0.0,0.0,0.0,0.0,0.0,0.0,0.0,0.0,0.0,0.0,0.0,0.0,0.0,0.0,0.0,0.0,0.0,0.0,0.1325088339222615,3.763250883392227,14.589222614840992,10.242932862190814,1.2720848056537104,0.3916,0.01108,0.0,0.0,0.0,0.0,0.0,0.0,0.0,0.0,0.0,0.0,0.30326594090202186,23.083203732503854,6.613530326594091,0.0,0.0,0.0,0.0,0.0,0.0,0.0,0.0,0.0,0.0,0.0,0.0,0.0,0.0,0.0,0.0,0.0,0.3909,0.01074,0.0,0.0,0.0,0.0,0.0,0.0,0.0,0.0,0.0,0.0,0.46378091872791527,23.427561837455794,6.108657243816256,0.0,0.0,0.0,0.0,0.0,0.0,0.0,0.0,0.0,0.0,0.0,0.0,0.0,0.0,0.0,0.0,0.0
24800,4968,2547,0.5126811594202898,1174,1007,0.4390096618357488,1419,0.571256038647343,0.40199999999999997,2.9838909541511773,3.100570342812392,6.449358059914408,2.337272332433381,9508.960144927536,1614.4804943162105,7853.0,11083.0,11083.0,0.0,7853.0,0.0,27.907608695652176,20.891101513850767,32.84775833133541,19.159905331668117,0.1392914653784219,0.09883252818035426,0.09943639291465378,0.08252818035426732,0.08252818035426732,0.07125603864734299,0.07045088566827697,0.06481481481481481,0.05374396135265701,0.05293880837359098,0.04851046698872786,0.040257648953301126,0.03784219001610306,0.021940418679549115,0.016908212560386472,0.011674718196457327,0.007045088566827697,0.9261548331850201,0.023240923568564175,0.0,0.0,0.0,0.0,0.0,0.0,0.0,0.0,0.0,0.0,0.0,0.0,0.0,0.0,0.0,0.0,0.0,0.0,0.0,0.0,0.0,0.0,0.0,0.0,0.0,0.16304347826086962,3.8768115942028993,14.51690821256039,10.205314009661839,1.23792270531401,4.334482758620689,2.8821201539823313,nan,nan,nan,4.257881462799496,2.9083874968963093,4.410224438902743,2.8538891868421086,1.0357790552494817,0.3914,0.01085,0.0,0.0,0.0,0.0,0.0,0.0,0.0,0.0,0.0,0.0,0.32608695652173925,23.435990338164217,6.237922705314011,0.0,0.0,0.0,0.0,0.0,0.0,0.0,0.0,0.0,0.0,0.0,0.0,0.0,0.0,0.0,0.0,0.0,nan,nan,4.334482758620689,2.8821201539823313,nan,0.3914,0.0499,0.0,0.0,0.0,0.0,0.0,0.0,0.0,0.0,0.0,0.0,0.0,0.0,0.0,0.0,0.0,0.0,0.0,5.032206119162641e-05,0.0,0.0,0.0,4.025764895330113e-05,0.0014392109500805154,0.0,0.008363526570048309,0.0031199677938808373,0.0027979066022544284,0.00036231884057971015,0.0016203703703703703,0.01857890499194847,0.01198671497584541,0.013466183574879227,0.03380636070853462,0.02668075684380032,0.03817431561996779,0.05432769726247987,0.07847222222222222,0.0959842995169082,0.09067028985507246,0.03892914653784219,0.09060990338164251,0.05567632850241546,0.10345209339774557,0.07287640901771336,0.03229669887278583,0.037671095008051526,0.011362721417069243,0.03293075684380032,0.019243156199677938,0.009057971014492754,0.002012882447665056,0.005585748792270531,0.0018820450885668276,0.006350644122383253,0.0,5.032206119162641e-05,0.0,0.0,7.045088566827698e-05,0.0,0.0,0.0,0.0,0.0,0.0,0.0,0.0,0.0,0.0,0.0,0.0,0.0,0.0,0.0,0.0,0.0,0.0,0.0,0.0,0.0,0.0,0.0,0.0,0.0,0.0,0.0,0.0,0.0,0.0,0.0,0.0,0.0,0.0,0.0,0.0,0.0,0.0,0.0,0.0,0.0,0.0,nan,nan,4.334482758620689,2.8821201539823313,nan,0.926102561462988,0.02356421592895187,0.0,0.0,0.0,0.0,0.0,0.0,0.0,0.0,0.0,0.0,0.0,0.0,0.0,0.0,0.0,0.0,0.0,0.0,0.0,0.0,0.0,0.0,0.0,0.0,0.0,0.176678445229682,3.9458186101295647,14.275618374558308,10.341578327444054,1.2603062426383984,0.9262098253684219,0.022895749821869604,0.0,0.0,0.0,0.0,0.0,0.0,0.0,0.0,0.0,0.0,0.0,0.0,0.0,0.0,0.0,0.0,0.0,0.0,0.0,0.0,0.0,0.0,0.0,0.0,0.0,0.14869888475836435,3.8042131350681543,14.770755885997525,10.06195786864932,1.214374225526642,0.391,0.01089,0.0,0.0,0.0,0.0,0.0,0.0,0.0,0.0,0.0,0.0,0.3415783274440519,23.67491166077735,5.983510011778565,0.0,0.0,0.0,0.0,0.0,0.0,0.0,0.0,0.0,0.0,0.0,0.0,0.0,0.0,0.0,0.0,0.0,0.3916,0.0108,0.0,0.0,0.0,0.0,0.0,0.0,0.0,0.0,0.0,0.0,0.30978934324659235,23.184634448574936,6.50557620817844,0.0,0.0,0.0,0.0,0.0,0.0,0.0,0.0,0.0,0.0,0.0,0.0,0.0,0.0,0.0,0.0,0.0
24900,4374,2303,0.5265203475080018,1115,866,0.4529035208047554,1195,0.5464106081390032,0.43,3.0516658619024626,3.1115950931238014,6.575907590759076,2.2308992144406448,9553.660722450846,1612.7266478325455,7853.0,11083.0,11083.0,0.0,7853.0,0.0,28.037951531778692,20.826639254012246,32.918273146891124,19.073406649601786,0.14083219021490626,0.09602194787379972,0.09076360310928212,0.08824874256973023,0.08093278463648834,0.0797896662094193,0.06881572930955647,0.06172839506172839,0.05875628715134888,0.05281207133058985,0.04526748971193416,0.037951531778692274,0.037951531778692274,0.023548239597622315,0.02240512117055327,0.007773205304069501,0.006401463191586648,0.926414769222925,0.023316711158251,0.0,0.0,0.0,0.0,0.0,0.0,0.0,0.0,0.0,0.0,0.0,0.0,0.0,0.0,0.0,0.0,0.0,0.0,0.0,0.0,0.0,0.0,0.0,0.0,0.0,0.17832647462277096,3.6008230452674908,14.650205761316876,10.377229080932786,1.1934156378600824,4.105911330049261,2.8655738101933688,nan,nan,nan,4.070882557331481,2.850060040959818,4.139186295503212,2.8799261768307383,1.0167786069015228,0.3918,0.01084,0.0,0.0,0.0,0.0,0.0,0.0,0.0,0.0,0.0,0.0,0.32235939643347056,22.818930041152232,6.8587105624142675,0.0,0.0,0.0,0.0,0.0,0.0,0.0,0.0,0.0,0.0,0.0,0.0,0.0,0.0,0.0,0.0,0.0,nan,nan,4.105911330049261,2.8655738101933688,nan,0.3918,0.0497,0.0,0.0,0.0,0.0,0.0,0.0,0.0,0.0,0.0,0.0,0.0,0.0,0.0,0.0,0.0,0.0,0.0,0.0,0.0,0.0,0.0,1.1431184270690443e-05,0.0011202560585276634,0.0,0.006973022405121171,0.0034636488340192046,0.002777777777777778,0.000594421582075903,0.0016803840877914953,0.018427069044352994,0.01286008230452675,0.011385459533607681,0.035208047553726564,0.026726108824874258,0.03850022862368541,0.051874714220393234,0.0790695016003658,0.09366712391403749,0.09268404206675812,0.037540009144947414,0.09164380429812528,0.05531550068587106,0.10588705989940558,0.07003886602652035,0.03423639689071788,0.0387517146776406,0.011042524005486968,0.032315957933241886,0.02066758116140832,0.008687700045724738,0.0026863283036122542,0.005624142661179698,0.001828989483310471,0.006550068587105625,1.1431184270690443e-05,5.7155921353452216e-05,0.0,0.0,9.144947416552355e-05,0.0,0.0,0.0,0.0,0.0,0.0,0.0,0.0,0.0,0.0,0.0,0.0,0.0,0.0,0.0,0.0,0.0,0.0,0.0,0.0,0.0,0.0,0.0,0.0,0.0,0.0,0.0,0.0,0.0,0.0,0.0,0.0,0.0,0.0,0.0,0.0,0.0,0.0,0.0,0.0,0.0,0.0,nan,nan,4.105911330049261,2.8655738101933688,nan,0.9263461581582978,0.023171228187798928,0.0,0.0,0.0,0.0,0.0,0.0,0.0,0.0,0.0,0.0,0.0,0.0,0.0,0.0,0.0,0.0,0.0,0.0,0.0,0.0,0.0,0.0,0.0,0.0,0.0,0.15631784628745118,3.608336951801998,14.889274858879725,10.147633521493706,1.1984368215371257,0.9264910663170034,0.023477197494953077,0.0,0.0,0.0,0.0,0.0,0.0,0.0,0.0,0.0,0.0,0.0,0.0,0.0,0.0,0.0,0.0,0.0,0.0,0.0,0.0,0.0,0.0,0.0,0.0,0.0,0.202800579430227,3.5924674070497353,14.38435538387253,10.632544664413329,1.1878319652341867,0.3916,0.011055,0.0,0.0,0.0,0.0,0.0,0.0,0.0,0.0,0.0,0.0,0.33868866695614425,22.744246634824112,6.917064698219715,0.0,0.0,0.0,0.0,0.0,0.0,0.0,0.0,0.0,0.0,0.0,0.0,0.0,0.0,0.0,0.0,0.0,0.392,0.0106,0.0,0.0,0.0,0.0,0.0,0.0,0.0,0.0,0.0,0.0,0.30420086914534045,22.901979719942027,6.793819410912604,0.0,0.0,0.0,0.0,0.0,0.0,0.0,0.0,0.0,0.0,0.0,0.0,0.0,0.0,0.0,0.0,0.0
25000,4663,2415,0.5179069268711131,1161,978,0.4587175638001287,1338,0.5738794767317178,0.39399999999999996,2.940836298932384,3.071735111623032,6.523219814241486,2.1931330003568994,9525.839373793695,1613.9639422363664,7853.0,11083.0,11083.0,0.0,7853.0,0.0,28.036242762170275,20.637943205618903,32.90631364562118,18.829803175625262,0.13639288012009437,0.09285867467295732,0.09028522410465366,0.0920008578168561,0.08449496032597041,0.07720351704911002,0.07420115805275573,0.06197726785331332,0.05554364143255415,0.05532918721852884,0.04846665236971907,0.041604117520909284,0.03173922367574523,0.023589963542783615,0.017799699764100365,0.011580527557366502,0.004932446922582029,0.9257522794455386,0.0226168039102121,0.0,0.0,0.0,0.0,0.0,0.0,0.0,0.0,0.0,0.0,0.0,0.0,0.0,0.0,0.0,0.0,0.0,0.0,0.0,0.0,0.0,0.0,0.0,0.0,0.0,0.1286725284151834,3.615698048466653,15.234827364357713,9.920651940810638,1.1001501179498179,4.204619388418998,2.9217898101047854,nan,nan,nan,4.1967532467532465,2.9200809193370776,4.213307240704501,2.9242723719932706,1.0039444763553973,0.392,0.01088,0.0,0.0,0.0,0.0,0.0,0.0,0.0,0.0,0.0,0.0,0.2509114304096076,22.627064121809962,7.115590821359642,0.006433626420759169,0.0,0.0,0.0,0.0,0.0,0.0,0.0,0.0,0.0,0.0,0.0,0.0,0.0,0.0,0.0,0.0,nan,nan,4.204619388418998,2.9217898101047854,nan,0.392,0.04996,0.0,0.0,0.0,0.0,0.0,0.0,0.0,0.0,0.0,0.0,0.0,0.0,0.0,0.0,0.0,0.0,0.0,0.0,0.0,0.0,0.0,3.216813210379584e-05,0.0013725069697619558,0.0,0.006959039245121167,0.003324040317392237,0.002916577310744156,0.0008149260132961613,0.0019944241904353423,0.018614625777396525,0.01303881621273858,0.011719922796482951,0.03385159768389449,0.026024018871970835,0.03759382371863607,0.048691829294445634,0.07963757237829723,0.09769461719922796,0.09271927943384088,0.036682393309028526,0.0909178640360283,0.05627278576024019,0.10375294874544284,0.06689899206519408,0.036307098434484236,0.04177568089212953,0.01265279862749303,0.030334548573879478,0.02049110015011795,0.009575380656229895,0.002755736650225177,0.005886768174994638,0.0016512974479948532,0.006969761955822432,0.0,7.505897490885696e-05,0.0,0.0,0.0,0.0,0.0,0.0,0.0,0.0,0.0,0.0,0.0,0.0,0.0,0.0,0.0,0.0,0.0,0.0,0.0,0.0,0.0,0.0,0.0,0.0,0.0,0.0,0.0,0.0,0.0,0.0,0.0,0.0,0.0,0.0,0.0,0.0,0.0,0.0,0.0,0.0,0.0,0.0,0.0,0.0,0.0,nan,nan,4.204619388418998,2.9217898101047854,nan,0.9258990991930044,0.022423843372322092,0.0,0.0,0.0,0.0,0.0,0.0,0.0,0.0,0.0,0.0,0.0,0.0,0.0,0.0,0.0,0.0,0.0,0.0,0.0,0.0,0.0,0.0,0.0,0.0,0.0,0.11180124223602486,3.6770186335403734,15.068322981366462,10.086956521739133,1.0559006211180126,0.9255945527150538,0.022821229059158808,0.0,0.0,0.0,0.0,0.0,0.0,0.0,0.0,0.0,0.0,0.0,0.0,0.0,0.0,0.0,0.0,0.0,0.0,0.0,0.0,0.0,0.0,0.0,0.0,0.0,0.14679715302491106,3.5498220640569405,15.413701067615662,9.741992882562279,1.1476868327402137,0.3918,0.0109,0.0,0.0,0.0,0.0,0.0,0.0,0.0,0.0,0.0,0.0,0.23602484472049695,22.931677018633508,6.819875776397517,0.012422360248447208,0.0,0.0,0.0,0.0,0.0,0.0,0.0,0.0,0.0,0.0,0.0,0.0,0.0,0.0,0.0,0.0,0.3923,0.01084,0.0,0.0,0.0,0.0,0.0,0.0,0.0,0.0,0.0,0.0,0.26690391459074736,22.299822064056908,7.4332740213523145,0.0,0.0,0.0,0.0,0.0,0.0,0.0,0.0,0.0,0.0,0.0,0.0,0.0,0.0,0.0,0.0,0.0
25100,4512,2288,0.5070921985815603,1079,966,0.4532358156028369,1300,0.5762411347517731,0.414,2.9244604316546763,3.068412795398742,6.492512479201331,2.1383964267951954,9490.90780141844,1614.8375251504942,7853.0,11083.0,11083.0,0.0,7853.0,0.0,27.67508865248227,20.886151202384756,32.931089743589745,19.046994157065743,0.15070921985815602,0.09707446808510638,0.09242021276595745,0.08488475177304965,0.07823581560283688,0.07335992907801418,0.06826241134751773,0.06959219858156028,0.05740248226950355,0.05075354609929078,0.04676418439716312,0.03701241134751773,0.03546099290780142,0.022828014184397165,0.017287234042553192,0.01174645390070922,0.0062056737588652485,0.9254305977374315,0.023435930981503303,0.0,0.0,0.0,0.0,0.0,0.0,0.0,0.0,0.0,0.0,0.0,0.0,0.0,0.0,0.0,0.0,0.0,0.0,0.0,0.0,0.0,0.0,0.0,0.0,0.0,0.21276595744680857,3.8430851063829796,14.880319148936174,9.82712765957447,1.2367021276595747,4.253968253968254,2.784599727092568,nan,nan,nan,4.190845070422535,2.761312326544975,4.314614343707713,2.8054538430247424,1.0295332495488074,0.3926,0.01096,0.0,0.0,0.0,0.0,0.0,0.0,0.0,0.0,0.0,0.0,0.21276595744680857,22.373670212765926,7.413563829787235,0.0,0.0,0.0,0.0,0.0,0.0,0.0,0.0,0.0,0.0,0.0,0.0,0.0,0.0,0.0,0.0,0.0,nan,nan,4.253968253968254,2.784599727092568,nan,0.3926,0.05087,0.0,0.0,0.0,0.0,0.0,0.0,0.0,0.0,0.0,0.0,0.0,0.0,0.0,0.0,0.0,0.0,0.0,0.0,0.0,2.2163120567375888e-05,0.0,3.324468085106383e-05,0.001728723404255319,1.1081560283687944e-05,0.007236258865248227,0.003302304964539007,0.003479609929078014,0.0008200354609929078,0.0019171099290780141,0.019315159574468086,0.013020833333333334,0.011668882978723405,0.0334552304964539,0.025775709219858157,0.03829787234042553,0.0489915780141844,0.07952127659574468,0.09657579787234043,0.08890735815602836,0.035859929078014184,0.09360593971631205,0.056283244680851066,0.10024379432624113,0.06431737588652482,0.03569370567375887,0.041666666666666664,0.013563829787234043,0.03388741134751773,0.02137632978723404,0.010106382978723405,0.002759308510638298,0.007158687943262411,0.0023825354609929078,0.00700354609929078,1.1081560283687944e-05,0.0,0.0,0.0,0.0,0.0,0.0,0.0,0.0,0.0,0.0,0.0,0.0,0.0,0.0,0.0,0.0,0.0,0.0,0.0,0.0,0.0,0.0,0.0,0.0,0.0,0.0,0.0,0.0,0.0,0.0,0.0,0.0,0.0,0.0,0.0,0.0,0.0,0.0,0.0,0.0,0.0,0.0,0.0,0.0,0.0,0.0,nan,nan,4.253968253968254,2.784599727092568,nan,0.9251045845969991,0.02301952876416781,0.0,0.0,0.0,0.0,0.0,0.0,0.0,0.0,0.0,0.0,0.0,0.0,0.0,0.0,0.0,0.0,0.0,0.0,0.0,0.0,0.0,0.0,0.0,0.0,0.0,0.22290209790209795,3.631993006993008,15.419580419580424,9.611013986013988,1.1145104895104898,0.92576599255097,0.02385208273904732,0.0,0.0,0.0,0.0,0.0,0.0,0.0,0.0,0.0,0.0,0.0,0.0,0.0,0.0,0.0,0.0,0.0,0.0,0.0,0.0,0.0,0.0,0.0,0.0,0.0,0.20233812949640292,4.0602517985611515,14.325539568345327,10.049460431654678,1.3624100719424463,0.3923,0.01071,0.0,0.0,0.0,0.0,0.0,0.0,0.0,0.0,0.0,0.0,0.1704545454545455,22.722902097902065,7.1066433566433584,0.0,0.0,0.0,0.0,0.0,0.0,0.0,0.0,0.0,0.0,0.0,0.0,0.0,0.0,0.0,0.0,0.0,0.3926,0.01121,0.0,0.0,0.0,0.0,0.0,0.0,0.0,0.0,0.0,0.0,0.25629496402877705,22.0143884892086,7.7293165467625915,0.0,0.0,0.0,0.0,0.0,0.0,0.0,0.0,0.0,0.0,0.0,0.0,0.0,0.0,0.0,0.0,0.0
25200,4584,2383,0.5198516579406631,1118,941,0.4491710296684119,1308,0.5706806282722513,0.39799999999999996,2.895502044525216,3.029460485976513,6.503300330033003,2.131599981412781,9532.120855148341,1613.7265926838552,7853.0,11083.0,11083.0,0.0,7853.0,0.0,27.93542757417103,20.827937625331145,32.68275684047496,19.162653971111556,0.1343804537521815,0.09816753926701571,0.09794938917975567,0.08987783595113438,0.08202443280977312,0.07678883071553229,0.06958987783595114,0.0636998254799302,0.05519197207678883,0.047774869109947646,0.04930191972076789,0.03817626527050611,0.03599476439790576,0.023778359511343803,0.02137870855148342,0.008289703315881327,0.007635253054101222,0.9253274745472022,0.023279063000813997,0.0,0.0,0.0,0.0,0.0,0.0,0.0,0.0,0.0,0.0,0.0,0.0,0.0,0.0,0.0,0.0,0.0,0.0,0.0,0.0,0.0,0.0,0.0,0.0,0.0,0.1636125654450262,4.090314136125655,14.849476439790578,9.74476439790576,1.1518324607329844,4.222222222222222,2.867781985255095,nan,nan,nan,4.245590230664858,2.836462568525346,4.199058507061197,2.898307680730051,0.9890399871217969,0.3926,0.011154,0.0,0.0,0.0,0.0,0.0,0.0,0.0,0.0,0.0,0.0,0.268324607329843,22.349476439790543,7.375654450261782,0.006544502617801049,0.0,0.0,0.0,0.0,0.0,0.0,0.0,0.0,0.0,0.0,0.0,0.0,0.0,0.0,0.0,0.0,nan,nan,4.222222222222222,2.867781985255095,nan,0.3926,0.05078,0.0,0.0,0.0,0.0,0.0,0.0,0.0,0.0,0.0,0.0,0.0,0.0,0.0,0.0,0.0,0.0,0.0,0.0,0.0,1.0907504363001746e-05,0.0,3.272251308900524e-05,0.0020287958115183247,1.0907504363001746e-05,0.007493455497382199,0.003424956369982548,0.0033595113438045377,0.0007526178010471204,0.001450698080279232,0.019284467713787085,0.013176265270506108,0.011889179755671902,0.03264616055846423,0.026112565445026176,0.040510471204188485,0.04868019197207679,0.07453097731239093,0.09585514834205934,0.08895069808027924,0.03456588132635253,0.09550610820244328,0.05515924956369982,0.10210514834205933,0.06865183246073299,0.03582024432809773,0.04237565445026178,0.014147033158813263,0.03256980802792321,0.02142233856893543,0.009151396160558465,0.002432373472949389,0.006904450261780105,0.0020397033158813262,0.00693717277486911,0.0,0.0,1.0907504363001746e-05,0.0,0.0,0.0,0.0,0.0,0.0,0.0,0.0,0.0,0.0,0.0,0.0,0.0,0.0,0.0,0.0,0.0,0.0,0.0,0.0,0.0,0.0,0.0,0.0,0.0,0.0,0.0,0.0,0.0,0.0,0.0,0.0,0.0,0.0,0.0,0.0,0.0,0.0,0.0,0.0,0.0,0.0,0.0,0.0,nan,nan,4.222222222222222,2.867781985255095,nan,0.9242949767919133,0.02355491506800703,0.0,0.0,0.0,0.0,0.0,0.0,0.0,0.0,0.0,0.0,0.0,0.0,0.0,0.0,0.0,0.0,0.0,0.0,0.0,0.0,0.0,0.0,0.0,0.0,0.0,0.20142677297524134,4.330675618967689,15.182543013008816,9.227864036928244,1.057490558120017,0.9264453492181943,0.022924296913045428,0.0,0.0,0.0,0.0,0.0,0.0,0.0,0.0,0.0,0.0,0.0,0.0,0.0,0.0,0.0,0.0,0.0,0.0,0.0,0.0,0.0,0.0,0.0,0.0,0.0,0.12267151294865973,3.830077237619265,14.488868696047254,10.304407087687416,1.2539754656974105,0.3923,0.01128,0.0,0.0,0.0,0.0,0.0,0.0,0.0,0.0,0.0,0.0,0.33990767939571975,22.35837180025175,7.301720520352498,0.0,0.0,0.0,0.0,0.0,0.0,0.0,0.0,0.0,0.0,0.0,0.0,0.0,0.0,0.0,0.0,0.0,0.3926,0.011024,0.0,0.0,0.0,0.0,0.0,0.0,0.0,0.0,0.0,0.0,0.19082235347569293,22.33984552476144,7.45570195365743,0.013630168105406636,0.0,0.0,0.0,0.0,0.0,0.0,0.0,0.0,0.0,0.0,0.0,0.0,0.0,0.0,0.0,0.0
25300,4355,2241,0.514580941446613,1051,888,0.4452353616532721,1201,0.5515499425947187,0.438,3.0350047303689687,3.172687489843345,6.687606112054329,2.2802464364398047,9515.09644087256,1614.313143493894,7853.0,11083.0,11083.0,0.0,7853.0,0.0,28.029850746268657,20.978979799635667,32.99890620727372,19.220921028980502,0.13869115958668196,0.10309988518943743,0.09529276693455797,0.07944890929965556,0.07692307692307693,0.07692307692307693,0.07324913892078071,0.06199770378874857,0.05855338691159587,0.054879448909299654,0.044316877152698046,0.03972445464982778,0.03168771526980482,0.03030998851894374,0.01653272101033295,0.011710677382319174,0.006659012629161883,0.9260658067348493,0.02340463875438765,0.0,0.0,0.0,0.0,0.0,0.0,0.0,0.0,0.0,0.0,0.0,0.0,0.0,0.0,0.0,0.0,0.0,0.0,0.0,0.0,0.0,0.0,0.0,0.0,0.0,0.18599311136624574,3.72675086107922,14.645235361653276,10.133180252583239,1.3088404133180254,4.305030324652158,2.8937788692783672,nan,nan,nan,4.332625619249823,2.8794690130043943,4.2757379409647225,2.908663899343687,0.9868699298567711,0.392,0.011116,0.0,0.0,0.0,0.0,0.0,0.0,0.0,0.0,0.0,0.0,0.2893226176808267,22.642939150401805,7.067738231917338,0.0,0.0,0.0,0.0,0.0,0.0,0.0,0.0,0.0,0.0,0.0,0.0,0.0,0.0,0.0,0.0,0.0,nan,nan,4.305030324652158,2.8937788692783672,nan,0.392,0.0511,0.0,0.0,0.0,0.0,0.0,0.0,0.0,0.0,0.0,0.0,0.0,0.0,0.0,0.0,0.0,0.0,0.0,0.0,0.0,0.0,2.296211251435132e-05,0.0,0.0017795637198622274,0.0,0.007267508610792193,0.004144661308840413,0.003065442020665901,0.0005051664753157291,0.0020321469575200917,0.021859931113662457,0.01288174512055109,0.012801377726750862,0.03455797933409874,0.025935706084959816,0.04161882893226177,0.04623421354764638,0.07429391504018369,0.095752009184845,0.08863375430539609,0.034282433983926525,0.09176808266360505,0.053708381171067736,0.10482204362801378,0.06774971297359357,0.03725602755453502,0.03994259471871412,0.01531572904707233,0.032870264064293914,0.022043628013777267,0.00851894374282434,0.002330654420206659,0.007428243398392652,0.002365097588978186,0.006107921928817451,0.0,0.0,0.00010332950631458095,0.0,0.0,0.0,0.0,0.0,0.0,0.0,0.0,0.0,0.0,0.0,0.0,0.0,0.0,0.0,0.0,0.0,0.0,0.0,0.0,0.0,0.0,0.0,0.0,0.0,0.0,0.0,0.0,0.0,0.0,0.0,0.0,0.0,0.0,0.0,0.0,0.0,0.0,0.0,0.0,0.0,0.0,0.0,0.0,nan,nan,4.305030324652158,2.8937788692783672,nan,0.926252112517342,0.02337220377450799,0.0,0.0,0.0,0.0,0.0,0.0,0.0,0.0,0.0,0.0,0.0,0.0,0.0,0.0,0.0,0.0,0.0,0.0,0.0,0.0,0.0,0.0,0.0,0.0,0.0,0.20080321285140568,3.681392235609104,14.497991967871489,10.334672021419012,1.2851405622489962,0.9258683085046857,0.0234373562447707,0.0,0.0,0.0,0.0,0.0,0.0,0.0,0.0,0.0,0.0,0.0,0.0,0.0,0.0,0.0,0.0,0.0,0.0,0.0,0.0,0.0,0.0,0.0,0.0,0.0,0.17029328287606435,3.774834437086094,14.801324503311262,9.91958372753075,1.3339640491958376,0.3918,0.011055,0.0,0.0,0.0,0.0,0.0,0.0,0.0,0.0,0.0,0.0,0.32128514056224905,22.958500669344012,6.72021419009371,0.0,0.0,0.0,0.0,0.0,0.0,0.0,0.0,0.0,0.0,0.0,0.0,0.0,0.0,0.0,0.0,0.0,0.3923,0.01117,0.0,0.0,0.0,0.0,0.0,0.0,0.0,0.0,0.0,0.0,0.25543992431409657,22.308420056764398,7.436140018921478,0.0,0.0,0.0,0.0,0.0,0.0,0.0,0.0,0.0,0.0,0.0,0.0,0.0,0.0,0.0,0.0,0.0
25400,4825,2429,0.503419689119171,1139,992,0.4416580310880829,1372,0.5687046632124352,0.41,2.9386477462437397,3.11895366446172,6.692541856925419,2.1095901392702188,9479.045595854923,1614.9622270543077,7853.0,11083.0,11083.0,0.0,7853.0,0.0,27.40663212435233,20.746214775652867,32.376269507059696,19.04232698873992,0.14507772020725387,0.10383419689119171,0.09450777202072538,0.08663212435233161,0.07751295336787564,0.07689119170984456,0.07295336787564767,0.05927461139896373,0.05886010362694301,0.05450777202072539,0.04020725388601036,0.039585492227979274,0.033782383419689116,0.021139896373056993,0.018031088082901554,0.009740932642487047,0.007461139896373057,0.9265740325413837,0.023433351788791773,0.0,0.0,0.0,0.0,0.0,0.0,0.0,0.0,0.0,0.0,0.0,0.0,0.0,0.0,0.0,0.0,0.0,0.0,0.0,0.0,0.0,0.0,0.0,0.0,0.0,0.1430051813471503,3.6746113989637315,14.59896373056995,10.339896373056998,1.2435233160621764,4.356839699640875,2.9005146744196693,nan,nan,nan,4.3779108449767135,2.887252207448572,4.3367543296985245,2.9140129445919922,0.9905990512973984,0.3909,0.010956,0.0,0.0,0.0,0.0,0.0,0.0,0.0,0.0,0.0,0.0,0.3108808290155441,23.912953367875616,5.769948186528499,0.006217616580310882,0.0,0.0,0.0,0.0,0.0,0.0,0.0,0.0,0.0,0.0,0.0,0.0,0.0,0.0,0.0,0.0,nan,nan,4.356839699640875,2.9005146744196693,nan,0.3909,0.0515,0.0,0.0,0.0,0.0,0.0,0.0,0.0,0.0,0.0,0.0,0.0,0.0,0.0,0.0,0.0,0.0,0.0,0.0,0.0,0.0,0.0,2.072538860103627e-05,0.0018341968911917098,0.0,0.007430051813471503,0.0048808290155440415,0.003378238341968912,0.0005077720207253886,0.0023523316062176165,0.02261139896373057,0.01477720207253886,0.013979274611398964,0.03528497409326425,0.028424870466321243,0.0412020725388601,0.04072538860103627,0.07778238341968911,0.09997927461139897,0.08951295336787565,0.034031088082901555,0.09106735751295336,0.05239378238341969,0.10281865284974093,0.06694300518134715,0.03360621761658031,0.03759585492227979,0.01472538860103627,0.03198963730569948,0.022911917098445596,0.009398963730569948,0.0022694300518134717,0.007689119170984456,0.002217616580310881,0.0055440414507772024,6.217616580310881e-05,0.0,5.1813471502590674e-05,0.0,0.0,0.0,0.0,0.0,0.0,0.0,0.0,0.0,0.0,0.0,0.0,0.0,0.0,0.0,0.0,0.0,0.0,0.0,0.0,0.0,0.0,0.0,0.0,0.0,0.0,0.0,0.0,0.0,0.0,0.0,0.0,0.0,0.0,0.0,0.0,0.0,0.0,0.0,0.0,0.0,0.0,0.0,0.0,nan,nan,4.356839699640875,2.9005146744196693,nan,0.9266592847952484,0.023039114559476454,0.0,0.0,0.0,0.0,0.0,0.0,0.0,0.0,0.0,0.0,0.0,0.0,0.0,0.0,0.0,0.0,0.0,0.0,0.0,0.0,0.0,0.0,0.0,0.0,0.0,0.12350761630300537,3.606422396047757,14.573898723754635,10.621655002058464,1.0745162618361468,0.9264876061120694,0.02382604985285297,0.0,0.0,0.0,0.0,0.0,0.0,0.0,0.0,0.0,0.0,0.0,0.0,0.0,0.0,0.0,0.0,0.0,0.0,0.0,0.0,0.0,0.0,0.0,0.0,0.0,0.16277128547579303,3.7437395659432395,14.624373956594328,10.054257095158599,1.414858096828047,0.3904,0.01089,0.0,0.0,0.0,0.0,0.0,0.0,0.0,0.0,0.0,0.0,0.2964182791272129,24.293948126801116,5.409633594071636,0.0,0.0,0.0,0.0,0.0,0.0,0.0,0.0,0.0,0.0,0.0,0.0,0.0,0.0,0.0,0.0,0.0,0.3914,0.01102,0.0,0.0,0.0,0.0,0.0,0.0,0.0,0.0,0.0,0.0,0.32554257095158606,23.526711185308816,6.135225375626045,0.012520868113522541,0.0,0.0,0.0,0.0,0.0,0.0,0.0,0.0,0.0,0.0,0.0,0.0,0.0,0.0,0.0,0.0
25500,4653,2453,0.5271867612293144,1165,874,0.4382119062970127,1248,0.536428110896196,0.43,3.081818181818182,3.152435762972724,6.517345399698341,2.259736943240241,9555.813238770686,1612.6108752878367,7853.0,11083.0,11083.0,0.0,7853.0,0.0,28.3331184182248,21.1451223072641,33.55335051546392,19.274903267994393,0.14270363206533418,0.1031592520954223,0.0851063829787234,0.08661078873844831,0.07479045776918117,0.07178164624973135,0.06533419299376746,0.06490436277670321,0.06082097571459274,0.054373522458628844,0.050505050505050504,0.039544379969911884,0.03524607779926929,0.029228454760369654,0.019127444659359553,0.01053084031807436,0.006232538147431765,0.9263832298832608,0.023090939654970447,0.0,0.0,0.0,0.0,0.0,0.0,0.0,0.0,0.0,0.0,0.0,0.0,0.0,0.0,0.0,0.0,0.0,0.0,0.0,0.0,0.0,0.0,0.0,0.0,0.0,0.15473887814313347,3.5525467440361065,14.893617021276599,10.206318504190847,1.1927788523533207,4.218344965104686,2.8837880905829247,nan,nan,nan,4.235449735449736,2.9241038845938347,4.199331103678929,2.8433574919143045,0.9914723030547378,0.391,0.01103,0.0,0.0,0.0,0.0,0.0,0.0,0.0,0.0,0.0,0.0,0.3803997421018699,23.43649258542872,6.183107672469376,0.0,0.0,0.0,0.0,0.0,0.0,0.0,0.0,0.0,0.0,0.0,0.0,0.0,0.0,0.0,0.0,0.0,nan,nan,4.218344965104686,2.8837880905829247,nan,0.391,0.0513,0.0,0.0,0.0,0.0,0.0,0.0,0.0,0.0,0.0,0.0,0.0,0.0,0.0,0.0,0.0,0.0,0.0,0.0,0.0,1.074575542660649e-05,0.0,4.298302170642596e-05,0.0013862024500322372,0.0,0.006673114119922631,0.005577047066408768,0.00346013324736729,0.00036535568450462067,0.002385557704706641,0.02066408768536428,0.015516870836019773,0.014979583064689448,0.033483773909305826,0.028755641521598967,0.039329464861379754,0.0440361057382334,0.0753277455405115,0.10279389641091768,0.08865248226950355,0.03736299161831077,0.09174725983236622,0.05087040618955513,0.10134321942832582,0.0665592091124006,0.033849129593810444,0.038545024715237484,0.01438856651622609,0.03150655491081023,0.02220073071136901,0.009724908661078873,0.002192134107027724,0.007769181173436493,0.001816032667096497,0.00649043627767032,0.00017193208682570385,2.149151085321298e-05,0.0,0.0,0.0,0.0,0.0,0.0,0.0,0.0,0.0,0.0,0.0,0.0,0.0,0.0,0.0,0.0,0.0,0.0,0.0,0.0,0.0,0.0,0.0,0.0,0.0,0.0,0.0,0.0,0.0,0.0,0.0,0.0,0.0,0.0,0.0,0.0,0.0,0.0,0.0,0.0,0.0,0.0,0.0,0.0,0.0,nan,nan,4.218344965104686,2.8837880905829247,nan,0.9263223560790456,0.023580950975369386,0.0,0.0,0.0,0.0,0.0,0.0,0.0,0.0,0.0,0.0,0.0,0.0,0.0,0.0,0.0,0.0,0.0,0.0,0.0,0.0,0.0,0.0,0.0,0.0,0.0,0.18344883815735838,3.791275988585406,14.39461883408072,10.395434162250309,1.235222176926213,0.9264511041749608,0.02253182147350172,0.0,0.0,0.0,0.0,0.0,0.0,0.0,0.0,0.0,0.0,0.0,0.0,0.0,0.0,0.0,0.0,0.0,0.0,0.0,0.0,0.0,0.0,0.0,0.0,0.0,0.12272727272727275,3.286363636363637,15.450000000000003,9.995454545454548,1.1454545454545457,0.3914,0.01096,0.0,0.0,0.0,0.0,0.0,0.0,0.0,0.0,0.0,0.0,0.36689767631471676,23.322462291072124,6.3106400326131284,0.0,0.0,0.0,0.0,0.0,0.0,0.0,0.0,0.0,0.0,0.0,0.0,0.0,0.0,0.0,0.0,0.0,0.3909,0.01109,0.0,0.0,0.0,0.0,0.0,0.0,0.0,0.0,0.0,0.0,0.39545454545454556,23.56363636363633,6.040909090909093,0.0,0.0,0.0,0.0,0.0,0.0,0.0,0.0,0.0,0.0,0.0,0.0,0.0,0.0,0.0,0.0,0.0
25600,4929,2561,0.5195780077094745,1206,1031,0.4538445932237776,1380,0.5599513085818625,0.38199999999999995,2.8412162162162162,3.0376506536781163,6.435331230283912,2.214751440661967,9531.236964901604,1613.7614713054816,7853.0,11083.0,11083.0,0.0,7853.0,0.0,27.414485696895923,20.420335466695352,32.29100145137881,18.684836291002796,0.1407993507810915,0.09961452627307771,0.09575978900385473,0.08703590992087644,0.08216676810712112,0.07770338811117875,0.06918238993710692,0.06837086630148104,0.06005274903631568,0.048691418137553254,0.04625684723067559,0.039967539054574966,0.03164942178940962,0.020693852708460133,0.016230472712517752,0.010752688172043012,0.005072022722661797,0.9259302972973324,0.023248791502909504,0.0,0.0,0.0,0.0,0.0,0.0,0.0,0.0,0.0,0.0,0.0,0.0,0.0,0.0,0.0,0.0,0.0,0.0,0.0,0.0,0.0,0.0,0.0,0.0,0.0,0.1886792452830189,3.737066342057213,14.838709677419358,10.036518563603169,1.1990261716372492,4.187598861119898,2.9189057395979727,nan,nan,nan,4.1562107904642405,2.908485348435978,4.218390804597701,2.9297119696831926,1.0149607460420733,0.3909,0.01157,0.0,0.0,0.0,0.0,0.0,0.0,0.0,0.0,0.0,0.0,0.535605599513086,23.152769324406542,6.305538648813148,0.0060864272671941584,0.0,0.0,0.0,0.0,0.0,0.0,0.0,0.0,0.0,0.0,0.0,0.0,0.0,0.0,0.0,0.0,nan,nan,4.187598861119898,2.9189057395979727,nan,0.3909,0.05182,0.0,0.0,0.0,0.0,0.0,0.0,0.0,0.0,0.0,0.0,0.0,0.0,0.0,0.0,0.0,0.0,0.0,0.0,0.0,0.0,0.0,2.028809089064719e-05,0.0014100223168999797,0.0,0.007263136538851694,0.005680665449381213,0.0032663826333941977,0.0005376344086021505,0.0026475958612294584,0.020683708663014812,0.017204301075268817,0.016768107121119903,0.03377967133292757,0.030117670927165753,0.0373605193751268,0.040586325826739704,0.07484276729559748,0.10113613308987625,0.08976465814566849,0.03902414282815987,0.09210793264353824,0.04858997768310002,0.10164333536214243,0.06742747007506594,0.0310407790626902,0.03997768310002029,0.014911746804625686,0.03156826942584703,0.020450395617772368,0.009890444309190505,0.002150537634408602,0.009271657537025767,0.001876648407384865,0.006837086630148103,9.129640900791235e-05,7.100831811726516e-05,0.0,0.0,0.0,0.0,0.0,0.0,0.0,0.0,0.0,0.0,0.0,0.0,0.0,0.0,0.0,0.0,0.0,0.0,0.0,0.0,0.0,0.0,0.0,0.0,0.0,0.0,0.0,0.0,0.0,0.0,0.0,0.0,0.0,0.0,0.0,0.0,0.0,0.0,0.0,0.0,0.0,0.0,0.0,0.0,0.0,nan,nan,4.187598861119898,2.9189057395979727,nan,0.9264233404656306,0.02314115112883726,0.0,0.0,0.0,0.0,0.0,0.0,0.0,0.0,0.0,0.0,0.0,0.0,0.0,0.0,0.0,0.0,0.0,0.0,0.0,0.0,0.0,0.0,0.0,0.0,0.0,0.17571261226083565,3.5845372901210473,14.865286997266695,10.132760640374856,1.241702459976572,0.9253970694451316,0.02335293305582626,0.0,0.0,0.0,0.0,0.0,0.0,0.0,0.0,0.0,0.0,0.0,0.0,0.0,0.0,0.0,0.0,0.0,0.0,0.0,0.0,0.0,0.0,0.0,0.0,0.0,0.20270270270270274,3.9020270270270276,14.80996621621622,9.932432432432433,1.1528716216216217,0.3914,0.01159,0.0,0.0,0.0,0.0,0.0,0.0,0.0,0.0,0.0,0.0,0.5154236626317845,23.018352206169432,6.454509957048029,0.011714174150722376,0.0,0.0,0.0,0.0,0.0,0.0,0.0,0.0,0.0,0.0,0.0,0.0,0.0,0.0,0.0,0.0,0.3906,0.011536,0.0,0.0,0.0,0.0,0.0,0.0,0.0,0.0,0.0,0.0,0.5574324324324326,23.29814189189186,6.144425675675677,0.0,0.0,0.0,0.0,0.0,0.0,0.0,0.0,0.0,0.0,0.0,0.0,0.0,0.0,0.0,0.0,0.0
25700,4579,2382,0.5202009172308364,1083,929,0.4393972483074907,1287,0.5621314697532213,0.418,2.999089667728721,3.0801756609916047,6.582278481012659,2.1800742928736,9533.248962655602,1613.6813727847168,7853.0,11083.0,11083.0,0.0,7853.0,0.0,28.125791657567156,21.151940192936966,33.176179306750065,19.38810442970853,0.13867656693601224,0.09718279100240228,0.09718279100240228,0.08342432845599476,0.08582659969425639,0.08014850404018345,0.06464293513867657,0.05787289801266652,0.056562568246341996,0.05088447259226905,0.04214894081677222,0.03974666957851059,0.03930989298973575,0.0314479143917886,0.017252675256606245,0.010264249836208779,0.007425202009172308,0.925042667863254,0.02267541033152481,0.0,0.0,0.0,0.0,0.0,0.0,0.0,0.0,0.0,0.0,0.0,0.0,0.0,0.0,0.0,0.0,0.0,0.0,0.0,0.0,0.0,0.0,0.0,0.0,0.0,0.11792967896920728,4.048918977942783,14.983620877920947,9.899541384581788,0.9499890805852809,4.280879864636209,2.833977415337609,nan,nan,nan,4.31748158070998,2.802438146531147,4.242984257357974,2.8662568259118353,0.9827451902319975,0.3909,0.0114,0.0,0.0,0.0,0.0,0.0,0.0,0.0,0.0,0.0,0.0,0.4127538763922255,23.31731819174489,6.269927931862854,0.0,0.0,0.0,0.0,0.0,0.0,0.0,0.0,0.0,0.0,0.0,0.0,0.0,0.0,0.0,0.0,0.0,nan,nan,4.280879864636209,2.833977415337609,nan,0.3909,0.05157,0.0,0.0,0.0,0.0,0.0,0.0,0.0,0.0,0.0,0.0,0.0,0.0,0.0,0.0,0.0,0.0,0.0,0.0,0.0,0.0,0.0,3.275824415811313e-05,0.001070102642498362,0.0,0.007643590303559729,0.005459707359685521,0.002391351823542258,0.0009499890805852807,0.00293732255951081,0.018814151561476304,0.016684865691198952,0.016739462764795807,0.03582659969425639,0.03278008298755187,0.03850185630050229,0.03860013103297663,0.07588993229962875,0.09879886438086918,0.09088228870932517,0.03908058528062896,0.0905765450971828,0.04754313168814152,0.10226031884690981,0.06961126883599039,0.03162262502729854,0.03974666957851059,0.01415156147630487,0.030006551648831623,0.02146756933828347,0.010504476960034943,0.0021948023585935793,0.008473465822231928,0.001834461672854335,0.0069229089320812405,0.0,0.0,0.0,0.0,0.0,0.0,0.0,0.0,0.0,0.0,0.0,0.0,0.0,0.0,0.0,0.0,0.0,0.0,0.0,0.0,0.0,0.0,0.0,0.0,0.0,0.0,0.0,0.0,0.0,0.0,0.0,0.0,0.0,0.0,0.0,0.0,0.0,0.0,0.0,0.0,0.0,0.0,0.0,0.0,0.0,0.0,0.0,nan,nan,4.280879864636209,2.833977415337609,nan,0.9249126139956297,0.02280128707550107,0.0,0.0,0.0,0.0,0.0,0.0,0.0,0.0,0.0,0.0,0.0,0.0,0.0,0.0,0.0,0.0,0.0,0.0,0.0,0.0,0.0,0.0,0.0,0.0,0.0,0.15113350125944586,4.168765743073049,14.949622166246854,9.722921914357684,1.0075566750629725,0.9251836730124031,0.022537291810362303,0.0,0.0,0.0,0.0,0.0,0.0,0.0,0.0,0.0,0.0,0.0,0.0,0.0,0.0,0.0,0.0,0.0,0.0,0.0,0.0,0.0,0.0,0.0,0.0,0.0,0.08192990441511153,3.918980427856168,15.020482476103782,10.091033227127904,0.8875739644970416,0.3909,0.01147,0.0,0.0,0.0,0.0,0.0,0.0,0.0,0.0,0.0,0.0,0.403022670025189,23.324937027707776,6.272040302267004,0.0,0.0,0.0,0.0,0.0,0.0,0.0,0.0,0.0,0.0,0.0,0.0,0.0,0.0,0.0,0.0,0.0,0.3909,0.01132,0.0,0.0,0.0,0.0,0.0,0.0,0.0,0.0,0.0,0.0,0.4233045061447429,23.309057806099194,6.267637687756032,0.0,0.0,0.0,0.0,0.0,0.0,0.0,0.0,0.0,0.0,0.0,0.0,0.0,0.0,0.0,0.0,0.0
25800,4723,2391,0.5062460300656363,1129,980,0.4465382172348084,1339,0.5670124920601313,0.40199999999999997,2.9112349914236706,3.0904479657761774,6.578864353312303,2.138927464335409,9488.174677112005,1614.873983443732,7853.0,11083.0,11083.0,0.0,7853.0,0.0,27.777471945797163,20.938266252278098,32.875982754248035,19.160204999803586,0.14461147575693414,0.09972475121744653,0.09231420707177641,0.08320982426423883,0.08109252593690451,0.08405674359517255,0.06436586915096337,0.06013127249629473,0.056955325005293246,0.047215752699555365,0.051873809019690874,0.042981156044886726,0.03154774507728139,0.02561930976074529,0.0177853059496083,0.008257463476603853,0.008257463476603853,0.9242249077567352,0.02337419652189939,0.0,0.0,0.0,0.0,0.0,0.0,0.0,0.0,0.0,0.0,0.0,0.0,0.0,0.0,0.0,0.0,0.0,0.0,0.0,0.0,0.0,0.0,0.0,0.0,0.0,0.18420495447808602,4.173195003175948,15.041287317383022,9.432564048274404,1.1687486766885455,4.289655172413793,2.898531655784229,nan,nan,nan,4.31496062992126,2.9440115490729086,4.2625,2.8520840141349644,0.9878421532846715,0.3909,0.01117,0.0,0.0,0.0,0.0,0.0,0.0,0.0,0.0,0.0,0.0,0.3938174888841839,23.266991319076823,6.339191192038959,0.0,0.0,0.0,0.0,0.0,0.0,0.0,0.0,0.0,0.0,0.0,0.0,0.0,0.0,0.0,0.0,0.0,nan,nan,4.289655172413793,2.898531655784229,nan,0.3909,0.05124,0.0,0.0,0.0,0.0,0.0,0.0,0.0,0.0,0.0,0.0,0.0,0.0,0.0,0.0,0.0,0.0,0.0,0.0,0.0,0.0,0.0,1.0586491636671606e-05,0.0009527842473004446,2.1172983273343213e-05,0.008744442091890747,0.004393394029218717,0.0017467711200508153,0.0009316112640271014,0.002477239042981156,0.01857929282235867,0.016387889053567646,0.017827651916154985,0.0363540122803303,0.031272496294727926,0.03676688545416049,0.03871479991530807,0.07469828498835486,0.09955536735125979,0.09610417107770484,0.039106500105864916,0.0904933305102689,0.048168536946855814,0.10278424730044464,0.07140588608934999,0.028964641117933516,0.03793139953419437,0.013825958077493119,0.029091679017573577,0.02234808384501376,0.01086174041922507,0.0024666525513444846,0.008839720516620792,0.0016938386618674571,0.00645775989836968,1.0586491636671606e-05,0.0,1.0586491636671606e-05,0.0,0.0,0.0,0.0,0.0,0.0,0.0,0.0,0.0,0.0,0.0,0.0,0.0,0.0,0.0,0.0,0.0,0.0,0.0,0.0,0.0,0.0,0.0,0.0,0.0,0.0,0.0,0.0,0.0,0.0,0.0,0.0,0.0,0.0,0.0,0.0,0.0,0.0,0.0,0.0,0.0,0.0,0.0,0.0,nan,nan,4.289655172413793,2.898531655784229,nan,0.9243652844269472,0.023107293812052683,0.0,0.0,0.0,0.0,0.0,0.0,0.0,0.0,0.0,0.0,0.0,0.0,0.0,0.0,0.0,0.0,0.0,0.0,0.0,0.0,0.0,0.0,0.0,0.0,0.0,0.12547051442910917,4.278544542032623,15.106649937264747,9.335006273525723,1.1543287327478045,0.9240809795326884,0.023643858697462647,0.0,0.0,0.0,0.0,0.0,0.0,0.0,0.0,0.0,0.0,0.0,0.0,0.0,0.0,0.0,0.0,0.0,0.0,0.0,0.0,0.0,0.0,0.0,0.0,0.0,0.24442538593481994,4.065180102915953,14.974271012006865,9.532590051457978,1.1835334476843913,0.391,0.01122,0.0,0.0,0.0,0.0,0.0,0.0,0.0,0.0,0.0,0.0,0.45169385194479306,23.312421580928447,6.2358845671267265,0.0,0.0,0.0,0.0,0.0,0.0,0.0,0.0,0.0,0.0,0.0,0.0,0.0,0.0,0.0,0.0,0.0,0.3909,0.0111,0.0,0.0,0.0,0.0,0.0,0.0,0.0,0.0,0.0,0.0,0.3344768439108063,23.220411663807855,6.445111492281305,0.0,0.0,0.0,0.0,0.0,0.0,0.0,0.0,0.0,0.0,0.0,0.0,0.0,0.0,0.0,0.0,0.0
25900,4715,2448,0.5191940615058325,1194,947,0.4540827147401909,1327,0.5628844114528102,0.41,2.9744155271283637,3.0863557110322475,6.586153846153846,2.0842542974242275,9529.996818663838,1613.8095905265786,7853.0,11083.0,11083.0,0.0,7853.0,0.0,27.88780487804878,20.708795723411715,32.83703890853967,18.913127441408495,0.1404029692470838,0.10031813361611877,0.088016967126193,0.08419936373276776,0.08610816542948038,0.07486744432661718,0.07168610816542947,0.05896076352067869,0.06023329798515376,0.05747613997879109,0.04856839872746554,0.03796394485683987,0.0352067868504772,0.022481442205726405,0.015270413573700955,0.010604453870625663,0.007635206786850477,0.9255325804585995,0.023158765497086835,0.0,0.0,0.0,0.0,0.0,0.0,0.0,0.0,0.0,0.0,0.0,0.0,0.0,0.0,0.0,0.0,0.0,0.0,0.0,0.0,0.0,0.0,0.0,0.0,0.0,0.19724284199363737,3.823966065747615,15.028632025450692,9.811240721102864,1.1389183457051963,4.310987573577502,2.905827955636612,nan,nan,nan,4.2726072607260726,2.904919373842954,4.350843060959792,2.9059170709708426,1.0183110207560768,0.3901,0.01103,0.0,0.0,0.0,0.0,0.0,0.0,0.0,0.0,0.0,0.0,0.5217391304347827,23.860021208907707,5.618239660657478,0.0,0.0,0.0,0.0,0.0,0.0,0.0,0.0,0.0,0.0,0.0,0.0,0.0,0.0,0.0,0.0,0.0,nan,nan,4.310987573577502,2.905827955636612,nan,0.3901,0.05124,0.0,0.0,0.0,0.0,0.0,0.0,0.0,0.0,0.0,0.0,0.0,0.0,0.0,0.0,0.0,0.0,0.0,0.0,0.0,4.241781548250265e-05,0.0,1.0604453870625662e-05,0.0008589607635206787,7.423117709437964e-05,0.008663838812301166,0.00447507953340403,0.0023860021208907743,0.0005302226935312832,0.0023541887592788972,0.01932131495227996,0.015683987274655354,0.019406150583244963,0.03711558854718982,0.03248144220572641,0.037423117709437966,0.03790031813361612,0.07639448568398728,0.1007847295864263,0.09646871686108166,0.03828207847295864,0.08819724284199364,0.050031813361611874,0.10480381760339343,0.070084835630965,0.028059384941675505,0.034072110286320255,0.013255567338282079,0.02790031813361612,0.022682926829268292,0.011346765641569459,0.0025980911983032873,0.008451749734888653,0.0021314952279957583,0.005588547189819724,1.0604453870625662e-05,6.362672322375397e-05,4.241781548250265e-05,0.0,0.0,2.1208907741251324e-05,0.0,0.0,0.0,0.0,0.0,0.0,0.0,0.0,0.0,0.0,0.0,0.0,0.0,0.0,0.0,0.0,0.0,0.0,0.0,0.0,0.0,0.0,0.0,0.0,0.0,0.0,0.0,0.0,0.0,0.0,0.0,0.0,0.0,0.0,0.0,0.0,0.0,0.0,0.0,0.0,0.0,nan,nan,4.310987573577502,2.905827955636612,nan,0.9256730160730726,0.023299904278744593,0.0,0.0,0.0,0.0,0.0,0.0,0.0,0.0,0.0,0.0,0.0,0.0,0.0,0.0,0.0,0.0,0.0,0.0,0.0,0.0,0.0,0.0,0.0,0.0,0.0,0.2205882352941177,3.750000000000001,14.975490196078434,9.718137254901963,1.3357843137254906,0.925380932296169,0.023004422987748855,0.0,0.0,0.0,0.0,0.0,0.0,0.0,0.0,0.0,0.0,0.0,0.0,0.0,0.0,0.0,0.0,0.0,0.0,0.0,0.0,0.0,0.0,0.0,0.0,0.0,0.17203352448169393,3.9038376709307463,15.08601676224085,9.91177767975298,0.9263343625937365,0.3901,0.01115,0.0,0.0,0.0,0.0,0.0,0.0,0.0,0.0,0.0,0.0,0.5637254901960785,23.860294117647022,5.575980392156864,0.0,0.0,0.0,0.0,0.0,0.0,0.0,0.0,0.0,0.0,0.0,0.0,0.0,0.0,0.0,0.0,0.0,0.3901,0.01092,0.0,0.0,0.0,0.0,0.0,0.0,0.0,0.0,0.0,0.0,0.4764005293339216,23.8597265108072,5.663872959858846,0.0,0.0,0.0,0.0,0.0,0.0,0.0,0.0,0.0,0.0,0.0,0.0,0.0,0.0,0.0,0.0,0.0
26000,4750,2444,0.5145263157894737,1163,933,0.44126315789473686,1314,0.5532631578947368,0.418,3.0195143104943627,3.153909855881,6.674591381872214,2.1750085011635587,9514.92,1614.3182813807196,7853.0,11083.0,11083.0,0.0,7853.0,0.0,28.245473684210527,21.089073138197772,33.31967831113345,19.279555855503606,0.1425263157894737,0.1,0.08610526315789474,0.08252631578947368,0.08252631578947368,0.07852631578947368,0.06715789473684211,0.061894736842105266,0.054947368421052634,0.054947368421052634,0.04736842105263158,0.04126315789473684,0.035789473684210524,0.03031578947368421,0.01431578947368421,0.01136842105263158,0.008421052631578947,0.9252325956570475,0.022848125235270054,0.0,0.0,0.0,0.0,0.0,0.0,0.0,0.0,0.0,0.0,0.0,0.0,0.0,0.0,0.0,0.0,0.0,0.0,0.0,0.0,0.0,0.0,0.0,0.0,0.0,0.11368421052631582,4.0042105263157906,15.183157894736846,9.56842105263158,1.1305263157894738,4.303809833930316,2.918715667518168,nan,nan,nan,4.361437908496732,2.928017111788959,4.246593121349773,2.9083217232402125,0.973668136619984,0.3901,0.01123,0.0,0.0,0.0,0.0,0.0,0.0,0.0,0.0,0.0,0.0,0.4610526315789475,23.82315789473681,5.715789473684212,0.0,0.0,0.0,0.0,0.0,0.0,0.0,0.0,0.0,0.0,0.0,0.0,0.0,0.0,0.0,0.0,0.0,nan,nan,4.303809833930316,2.918715667518168,nan,0.3901,0.0515,0.0,0.0,0.0,0.0,0.0,0.0,0.0,0.0,0.0,0.0,0.0,0.0,0.0,0.0,0.0,0.0,0.0,0.0,0.0,4.210526315789474e-05,0.0,1.0526315789473684e-05,0.0005789473684210527,1.0526315789473684e-05,0.008515789473684211,0.004926315789473684,0.002326315789473684,0.0007157894736842105,0.0023578947368421053,0.019642105263157895,0.016926315789473685,0.01956842105263158,0.03821052631578947,0.03088421052631579,0.03643157894736842,0.03462105263157895,0.07957894736842105,0.10328421052631578,0.09661052631578948,0.03861052631578948,0.08563157894736842,0.0462,0.10376842105263158,0.07195789473684211,0.028557894736842105,0.0324,0.01354736842105263,0.029663157894736843,0.024642105263157896,0.01123157894736842,0.0020736842105263157,0.008978947368421053,0.002031578947368421,0.005105263157894737,8.421052631578948e-05,0.00017894736842105264,9.473684210526316e-05,0.0,0.0,0.0,0.0,0.0,0.0,0.0,0.0,0.0,0.0,0.0,0.0,0.0,0.0,0.0,0.0,0.0,0.0,0.0,0.0,0.0,0.0,0.0,0.0,0.0,0.0,0.0,0.0,0.0,0.0,0.0,0.0,0.0,0.0,0.0,0.0,0.0,0.0,0.0,0.0,0.0,0.0,0.0,0.0,nan,nan,4.303809833930316,2.918715667518168,nan,0.9252739457959239,0.022717403769320795,0.0,0.0,0.0,0.0,0.0,0.0,0.0,0.0,0.0,0.0,0.0,0.0,0.0,0.0,0.0,0.0,0.0,0.0,0.0,0.0,0.0,0.0,0.0,0.0,0.0,0.12274959083469725,4.050736497545009,15.08592471358429,9.635842880523732,1.1047463175122751,0.925188770965194,0.022985776916167554,0.0,0.0,0.0,0.0,0.0,0.0,0.0,0.0,0.0,0.0,0.0,0.0,0.0,0.0,0.0,0.0,0.0,0.0,0.0,0.0,0.0,0.0,0.0,0.0,0.0,0.1040763226366002,3.9549002601908074,15.286209887250653,9.496964440589768,1.1578490893321771,0.3904,0.011116,0.0,0.0,0.0,0.0,0.0,0.0,0.0,0.0,0.0,0.0,0.4541734860883798,23.727495908346935,5.8183306055646495,0.0,0.0,0.0,0.0,0.0,0.0,0.0,0.0,0.0,0.0,0.0,0.0,0.0,0.0,0.0,0.0,0.0,0.39,0.011345,0.0,0.0,0.0,0.0,0.0,0.0,0.0,0.0,0.0,0.0,0.4683434518647009,23.92454466608843,5.607111882046836,0.0,0.0,0.0,0.0,0.0,0.0,0.0,0.0,0.0,0.0,0.0,0.0,0.0,0.0,0.0,0.0,0.0
26100,4891,2523,0.5158454303823349,1201,994,0.4487834798609691,1379,0.5638928644448988,0.41,2.9662162162162162,3.092963986780451,6.502967359050445,2.1427173135020525,9519.180740134942,1614.188815423784,7853.0,11083.0,11083.0,0.0,7853.0,0.0,28.109793498262114,20.87090736544751,33.13268292682927,19.052647344940915,0.13903087303209977,0.09875281128603558,0.09261909629932528,0.08750766714373338,0.07932938049478634,0.07156000817828664,0.06522183602535268,0.06890206501737886,0.0633817215293396,0.05254549171948477,0.04702514823144551,0.035984461255367,0.03618891842159068,0.02801063177264363,0.01696994479656512,0.011449601308525863,0.005520343488039256,0.9251910566771794,0.023204948909970484,0.0,0.0,0.0,0.0,0.0,0.0,0.0,0.0,0.0,0.0,0.0,0.0,0.0,0.0,0.0,0.0,0.0,0.0,0.0,0.0,0.0,0.0,0.0,0.0,0.0,0.1656103046411777,3.956246166428134,15.101206297280722,9.642199959108568,1.1347372725414027,4.234478411597857,2.8876181361808606,nan,nan,nan,4.247352024922118,2.910588816054367,4.220165922144225,2.8644157026722805,0.9935992819482883,0.3909,0.01121,0.0,0.0,0.0,0.0,0.0,0.0,0.0,0.0,0.0,0.0,0.515232058883664,23.33265180944589,6.152116131670416,0.0,0.0,0.0,0.0,0.0,0.0,0.0,0.0,0.0,0.0,0.0,0.0,0.0,0.0,0.0,0.0,0.0,nan,nan,4.234478411597857,2.8876181361808606,nan,0.3909,0.05148,0.0,0.0,0.0,0.0,0.0,0.0,0.0,0.0,0.0,0.0,0.0,0.0,0.0,0.0,0.0,0.0,0.0,0.0,0.0,5.1114291555919034e-05,0.0,0.0,0.00041913719075853606,1.0222858311183806e-05,0.008607646698016766,0.004947863422612962,0.0018094459210795338,0.0012062972807196893,0.002494377427928849,0.01822735636884073,0.01702105908812104,0.021018196687793908,0.03893886730729912,0.02880801472091597,0.03567777550603149,0.034164792475976286,0.07621140870987528,0.10343488039255776,0.09683091392353302,0.03847883868329585,0.08536086689838479,0.045133919443876507,0.10493764056430178,0.0739930484563484,0.026947454508280514,0.03506440400736046,0.01414843590267839,0.032283786546718464,0.025291351461868738,0.010345532610918013,0.0025046002862400326,0.009629932529135146,0.00158454303823349,0.004262931915763647,5.1114291555919034e-05,9.200572480065427e-05,0.0,0.0,0.0,1.0222858311183806e-05,0.0,0.0,0.0,0.0,0.0,0.0,0.0,0.0,0.0,0.0,0.0,0.0,0.0,0.0,0.0,0.0,0.0,0.0,0.0,0.0,0.0,0.0,0.0,0.0,0.0,0.0,0.0,0.0,0.0,0.0,0.0,0.0,0.0,0.0,0.0,0.0,0.0,0.0,0.0,0.0,0.0,nan,nan,4.234478411597857,2.8876181361808606,nan,0.9250115760488733,0.023298420534153805,0.0,0.0,0.0,0.0,0.0,0.0,0.0,0.0,0.0,0.0,0.0,0.0,0.0,0.0,0.0,0.0,0.0,0.0,0.0,0.0,0.0,0.0,0.0,0.0,0.0,0.21403091557669446,3.9595719381688474,15.112960760998813,9.595719381688468,1.1177170035671822,0.9253822854040442,0.023103408779665505,0.0,0.0,0.0,0.0,0.0,0.0,0.0,0.0,0.0,0.0,0.0,0.0,0.0,0.0,0.0,0.0,0.0,0.0,0.0,0.0,0.0,0.0,0.0,0.0,0.0,0.1140202702702703,3.9527027027027035,15.088682432432435,9.691722972972974,1.1528716216216217,0.3909,0.011284,0.0,0.0,0.0,0.0,0.0,0.0,0.0,0.0,0.0,0.0,0.5231866825208087,23.31747919143873,6.159334126040429,0.0,0.0,0.0,0.0,0.0,0.0,0.0,0.0,0.0,0.0,0.0,0.0,0.0,0.0,0.0,0.0,0.0,0.3906,0.011116,0.0,0.0,0.0,0.0,0.0,0.0,0.0,0.0,0.0,0.0,0.5067567567567568,23.348817567567533,6.144425675675677,0.0,0.0,0.0,0.0,0.0,0.0,0.0,0.0,0.0,0.0,0.0,0.0,0.0,0.0,0.0,0.0,0.0
26200,4876,2542,0.5213289581624282,1186,999,0.4481132075471698,1373,0.5631665299425759,0.414,2.9537275064267354,3.029489633990644,6.294205052005943,2.2908005827893896,9536.892534864643,1613.5299249285472,7853.0,11083.0,11083.0,0.0,7853.0,0.0,28.320959803117308,20.963143454459107,33.2316301703163,19.164110618167676,0.13679245283018868,0.10008203445447088,0.08880229696472519,0.08593109105824447,0.08244462674323216,0.07136997538966366,0.0666529942575882,0.06911402789171452,0.057629204265791635,0.05557834290401969,0.04716981132075472,0.04368334700574241,0.03158326497128794,0.027276456111566857,0.017227235438884332,0.012305168170631665,0.006357670221493027,0.9245410397025383,0.023473772719690665,0.0,0.0,0.0,0.0,0.0,0.0,0.0,0.0,0.0,0.0,0.0,0.0,0.0,0.0,0.0,0.0,0.0,0.0,0.0,0.0,0.0,0.0,0.0,0.0,0.006152584085315834,0.2399507793273175,4.140689089417556,15.061525840853161,9.481132075471699,1.0705496308449551,4.201073232323233,2.8590033863785287,nan,nan,nan,4.257469802924349,2.8750991281526552,4.1454545454545455,2.841944513504766,0.9736897118112587,0.3909,0.01128,0.0,0.0,0.0,0.0,0.0,0.0,0.0,0.0,0.0,0.0,0.5660377358490567,23.312141099261655,6.1156685808039395,0.006152584085315834,0.0,0.0,0.0,0.0,0.0,0.0,0.0,0.0,0.0,0.0,0.0,0.0,0.0,0.0,0.0,0.0,nan,nan,4.201073232323233,2.8590033863785287,nan,0.3909,0.0513,0.0,0.0,0.0,0.0,0.0,0.0,0.0,0.0,0.0,0.0,0.0,0.0,0.0,0.0,0.0,0.0,0.0,0.0,0.0,0.00010254306808859722,3.0762920426579166e-05,0.0,0.00035890073831009025,0.0,0.008347005742411814,0.004317063166529943,0.0016201804757998359,0.001251025430680886,0.0026148482362592287,0.018949958982772765,0.016058244462674322,0.021605824446267432,0.038925348646431504,0.028835110746513536,0.03682321575061526,0.03326497128794093,0.07775840853158326,0.10115873666940114,0.0984208367514356,0.03928424938474159,0.0842186218211649,0.04442165709598031,0.1080701394585726,0.07301066447908121,0.02490771123872026,0.03498769483182937,0.014120180475799837,0.03229081214109926,0.02490771123872026,0.011607875307629203,0.00257383100902379,0.009526251025430681,0.002061115668580804,0.003455701394585726,2.0508613617719442e-05,8.203445447087777e-05,1.0254306808859721e-05,0.0,0.0,0.0,0.0,0.0,0.0,0.0,0.0,0.0,0.0,0.0,0.0,0.0,0.0,0.0,0.0,0.0,0.0,0.0,0.0,0.0,0.0,0.0,0.0,0.0,0.0,0.0,0.0,0.0,0.0,0.0,0.0,0.0,0.0,0.0,0.0,0.0,0.0,0.0,0.0,0.0,0.0,0.0,0.0,nan,nan,4.201073232323233,2.8590033863785287,nan,0.9248658266009354,0.023439120088277608,0.0,0.0,0.0,0.0,0.0,0.0,0.0,0.0,0.0,0.0,0.0,0.0,0.0,0.0,0.0,0.0,0.0,0.0,0.0,0.0,0.0,0.0,0.0,0.0,0.011801730920535014,0.2596380802517703,3.9889850511408347,15.094413847364283,9.571203776553896,1.0739575137686863,0.9241873086418162,0.02350635067713438,0.0,0.0,0.0,0.0,0.0,0.0,0.0,0.0,0.0,0.0,0.0,0.0,0.0,0.0,0.0,0.0,0.0,0.0,0.0,0.0,0.0,0.0,0.0,0.0,0.0,0.21850899742930596,4.305912596401029,15.02570694087404,9.383033419023137,1.0668380462724938,0.3909,0.01123,0.0,0.0,0.0,0.0,0.0,0.0,0.0,0.0,0.0,0.0,0.6254917387883558,23.343823760818218,6.030684500393392,0.0,0.0,0.0,0.0,0.0,0.0,0.0,0.0,0.0,0.0,0.0,0.0,0.0,0.0,0.0,0.0,0.0,0.3906,0.01132,0.0,0.0,0.0,0.0,0.0,0.0,0.0,0.0,0.0,0.0,0.5012853470437019,23.277634961439553,6.208226221079693,0.012853470437017999,0.0,0.0,0.0,0.0,0.0,0.0,0.0,0.0,0.0,0.0,0.0,0.0,0.0,0.0,0.0,0.0
26300,4912,2551,0.5193403908794788,1197,982,0.4436074918566775,1366,0.5561889250814332,0.43,2.973739940703092,3.1274204942796686,6.705790297339593,2.1349936965598526,9530.469462540717,1613.7913639160033,7853.0,11083.0,11083.0,0.0,7853.0,0.0,27.997964169381106,20.87838008115209,32.841990819038415,19.173189017345713,0.13640065146579805,0.10158794788273616,0.09181596091205212,0.08448697068403908,0.08550488599348534,0.07980456026058631,0.07166123778501629,0.06026058631921824,0.05618892508143322,0.048249185667752444,0.043973941368078175,0.04254885993485342,0.038070032573289905,0.02259771986970684,0.018933224755700327,0.010993485342019544,0.006921824104234527,0.9240579010269541,0.02283428560547983,0.0,0.0,0.0,0.0,0.0,0.0,0.0,0.0,0.0,0.0,0.0,0.0,0.0,0.0,0.0,0.0,0.0,0.0,0.0,0.0,0.0,0.0,0.0,0.0,0.0,0.17100977198697073,4.104234527687297,15.52524429967427,9.265065146579806,0.9344462540716614,4.31580604534005,2.912031334197633,nan,nan,nan,4.343377275580665,2.94830674060492,4.288060644346178,2.874797841905492,0.9872641431483541,0.3909,0.011314,0.0,0.0,0.0,0.0,0.0,0.0,0.0,0.0,0.0,0.0,0.4519543973941369,23.361156351791497,6.186889250814334,0.0,0.0,0.0,0.0,0.0,0.0,0.0,0.0,0.0,0.0,0.0,0.0,0.0,0.0,0.0,0.0,0.0,nan,nan,4.31580604534005,2.912031334197633,nan,0.3909,0.0516,0.0,0.0,0.0,0.0,0.0,0.0,0.0,0.0,0.0,0.0,0.0,0.0,0.0,0.0,0.0,0.0,0.0,0.0,0.0,2.0358306188925082e-05,5.0895765472312706e-05,0.0,0.0003562703583061889,0.0,0.0092121335504886,0.004600977198697068,0.001750814332247557,0.0016592019543973941,0.0023615635179153093,0.0186685667752443,0.01573697068403909,0.021936074918566775,0.03821254071661238,0.02803338762214984,0.03597312703583062,0.03329600977198697,0.07673045602605863,0.10160830618892508,0.09582654723127036,0.039484934853420195,0.0856270358306189,0.04505293159609121,0.11055578175895765,0.07210912052117263,0.02438925081433225,0.03609527687296417,0.014301710097719869,0.031148208469055375,0.024012622149837133,0.011410830618892509,0.0023615635179153093,0.01093241042345277,0.002544788273615635,0.003898615635179153,4.0716612377850165e-05,0.0,0.0,0.0,0.0,0.0,0.0,0.0,0.0,0.0,0.0,0.0,0.0,0.0,0.0,0.0,0.0,0.0,0.0,0.0,0.0,0.0,0.0,0.0,0.0,0.0,0.0,0.0,0.0,0.0,0.0,0.0,0.0,0.0,0.0,0.0,0.0,0.0,0.0,0.0,0.0,0.0,0.0,0.0,0.0,0.0,0.0,nan,nan,4.31580604534005,2.912031334197633,nan,0.9240270395318184,0.022737490193818037,0.0,0.0,0.0,0.0,0.0,0.0,0.0,0.0,0.0,0.0,0.0,0.0,0.0,0.0,0.0,0.0,0.0,0.0,0.0,0.0,0.0,0.0,0.0,0.0,0.0,0.14112112896903178,4.233633869070953,15.429243433947475,9.255194041552334,0.9408075264602118,0.9240912460816305,0.02293836481921474,0.0,0.0,0.0,0.0,0.0,0.0,0.0,0.0,0.0,0.0,0.0,0.0,0.0,0.0,0.0,0.0,0.0,0.0,0.0,0.0,0.0,0.0,0.0,0.0,0.0,0.2033036848792885,3.964421855146125,15.628970775095302,9.275730622617537,0.9275730622617537,0.3909,0.01121,0.0,0.0,0.0,0.0,0.0,0.0,0.0,0.0,0.0,0.0,0.435123480987848,23.62602900823203,5.9388475107800875,0.0,0.0,0.0,0.0,0.0,0.0,0.0,0.0,0.0,0.0,0.0,0.0,0.0,0.0,0.0,0.0,0.0,0.391,0.01143,0.0,0.0,0.0,0.0,0.0,0.0,0.0,0.0,0.0,0.0,0.4701397712833546,23.074968233799204,6.45489199491741,0.0,0.0,0.0,0.0,0.0,0.0,0.0,0.0,0.0,0.0,0.0,0.0,0.0,0.0,0.0,0.0,0.0
26400,4848,2500,0.5156765676567657,1259,1004,0.4667904290429043,1418,0.584983498349835,0.3539999999999999,2.8922487223168654,2.939461507686907,6.20393811533052,2.1006425154904824,9518.635313531353,1614.2060169084928,7853.0,11083.0,11083.0,0.0,7853.0,0.0,29.208539603960396,20.809326926673307,33.858178303938146,18.94297689595536,0.12706270627062707,0.08683993399339934,0.08828382838283828,0.07879537953795379,0.08395214521452145,0.08312706270627063,0.07632013201320131,0.06724422442244224,0.06002475247524752,0.0558993399339934,0.054455445544554455,0.040222772277227724,0.03444719471947195,0.026815181518151814,0.017945544554455444,0.009900990099009901,0.008663366336633664,0.9246054263447377,0.02275889041534977,0.0,0.0,0.0,0.0,0.0,0.0,0.0,0.0,0.0,0.0,0.0,0.0,0.0,0.0,0.0,0.0,0.0,0.0,0.0,0.0,0.0,0.0,0.0,0.0,0.0,0.12995049504950498,4.053217821782179,15.371287128712874,9.504950495049506,0.9405940594059408,3.970399755874275,2.765922847136854,nan,nan,nan,3.9376146788990827,2.7614246087619834,4.003045066991474,2.7700091214078575,1.016616757460556,0.3914,0.01134,0.0,0.0,0.0,0.0,0.0,0.0,0.0,0.0,0.0,0.0,0.4084158415841585,22.7846534653465,6.806930693069308,0.0,0.0,0.0,0.0,0.0,0.0,0.0,0.0,0.0,0.0,0.0,0.0,0.0,0.0,0.0,0.0,0.0,nan,nan,3.970399755874275,2.765922847136854,nan,0.3914,0.05185,0.0,0.0,0.0,0.0,0.0,0.0,0.0,0.0,0.0,0.0,0.0,0.0,0.0,0.0,0.0,0.0,0.0,0.0,0.0,0.0,4.1254125412541255e-05,1.0313531353135314e-05,0.0004022277227722772,0.0,0.009509075907590758,0.005239273927392739,0.0015676567656765677,0.0013716996699669967,0.0022483498349834983,0.019389438943894388,0.014005775577557755,0.022823844884488447,0.03652021452145215,0.026443894389438945,0.037386551155115515,0.03149752475247525,0.08000206270627062,0.09669966996699669,0.09646245874587459,0.040439356435643566,0.08760313531353135,0.04441006600660066,0.11073638613861386,0.07002887788778878,0.024432755775577557,0.03755156765676568,0.013882013201320133,0.0327970297029703,0.02426773927392739,0.012644389438943894,0.0026093234323432343,0.009870049504950495,0.0028465346534653465,0.004187293729372937,6.188118811881188e-05,0.0,1.0313531353135314e-05,0.0,0.0,0.0,0.0,0.0,0.0,0.0,0.0,0.0,0.0,0.0,0.0,0.0,0.0,0.0,0.0,0.0,0.0,0.0,0.0,0.0,0.0,0.0,0.0,0.0,0.0,0.0,0.0,0.0,0.0,0.0,0.0,0.0,0.0,0.0,0.0,0.0,0.0,0.0,0.0,0.0,0.0,0.0,0.0,nan,nan,3.970399755874275,2.765922847136854,nan,0.9244961385250091,0.022770424470670528,0.0,0.0,0.0,0.0,0.0,0.0,0.0,0.0,0.0,0.0,0.0,0.0,0.0,0.0,0.0,0.0,0.0,0.0,0.0,0.0,0.0,0.0,0.0,0.0,0.0,0.08400000000000002,4.248000000000001,14.976000000000003,9.864000000000003,0.8280000000000002,0.9247217890148065,0.022746026086470073,0.0,0.0,0.0,0.0,0.0,0.0,0.0,0.0,0.0,0.0,0.0,0.0,0.0,0.0,0.0,0.0,0.0,0.0,0.0,0.0,0.0,0.0,0.0,0.0,0.0,0.17887563884156735,3.8458262350936976,15.79216354344123,9.122657580919933,1.0604770017035776,0.391,0.01126,0.0,0.0,0.0,0.0,0.0,0.0,0.0,0.0,0.0,0.0,0.38400000000000006,23.243999999999964,6.372000000000002,0.0,0.0,0.0,0.0,0.0,0.0,0.0,0.0,0.0,0.0,0.0,0.0,0.0,0.0,0.0,0.0,0.0,0.3916,0.011406,0.0,0.0,0.0,0.0,0.0,0.0,0.0,0.0,0.0,0.0,0.4344122657580921,22.29557069846675,7.27001703577513,0.0,0.0,0.0,0.0,0.0,0.0,0.0,0.0,0.0,0.0,0.0,0.0,0.0,0.0,0.0,0.0,0.0
26500,4107,2110,0.5137570002434867,1013,857,0.4553201850499148,1160,0.5648892135378621,0.418,2.885828743114672,3.0530257001216805,6.461824953445065,2.1234995410477113,9512.435110786462,1614.3885904358326,7853.0,11083.0,11083.0,0.0,7853.0,0.0,27.547114682249816,20.749104922354746,32.586247086247084,18.976233992681713,0.14390065741417093,0.0947163379595812,0.09617725833942051,0.09082055028000974,0.08205502800097395,0.08059410762113464,0.06501095690284879,0.06501095690284879,0.05892378865351838,0.04455807158509861,0.049184319454589724,0.03798392987582177,0.028974920866812758,0.027270513757000243,0.018018018018018018,0.010469929388848307,0.006330654979303628,0.9260413683415737,0.023205091193475146,0.0,0.0,0.0,0.0,0.0,0.0,0.0,0.0,0.0,0.0,0.0,0.0,0.0,0.0,0.0,0.0,0.0,0.0,0.0,0.0,0.0,0.0,0.0,0.0,0.0,0.1607012417823229,3.8568298027757497,14.718772826880938,10.073046018991967,1.1906501095690287,4.20506999621642,2.909588052310338,nan,nan,nan,4.2382753403933435,2.860332183952378,4.171839515518546,2.9576870208374566,0.98432479734348,0.3916,0.011566,0.0,0.0,0.0,0.0,0.0,0.0,0.0,0.0,0.0,0.0,0.5113221329437547,22.739225712198653,6.742147552958365,0.007304601899196496,0.0,0.0,0.0,0.0,0.0,0.0,0.0,0.0,0.0,0.0,0.0,0.0,0.0,0.0,0.0,0.0,nan,nan,4.20506999621642,2.909588052310338,nan,0.3916,0.0522,0.0,0.0,0.0,0.0,0.0,0.0,0.0,0.0,0.0,0.0,0.0,0.0,0.0,0.0,0.0,0.0,0.0,0.0,0.0,0.0,8.522035549062576e-05,0.0,0.00028000973946919894,6.0871682493304114e-05,0.009958607255904554,0.005527148770392014,0.0012539566593620648,0.0016800584368151935,0.0026174823472120768,0.018602386169953737,0.014523983442902361,0.02371560749939128,0.03682736790844899,0.026381787192598004,0.0373508643778914,0.03377160944728512,0.07787923058193329,0.09211102994886779,0.09408327246165084,0.039371804236669104,0.08591429267104943,0.04627465303140979,0.11246652057462868,0.07410518626734842,0.022960798636474312,0.039177014852690525,0.013355247139030923,0.033808132456781104,0.023058193328463598,0.01330654979303628,0.0021670318967616266,0.009435110786462138,0.0029948867786705625,0.004845385926467008,3.652300949598247e-05,1.2174336498660823e-05,0.0,0.0,0.0,0.0,0.0,0.0,0.0,0.0,0.0,0.0,0.0,0.0,0.0,0.0,0.0,0.0,0.0,0.0,0.0,0.0,0.0,0.0,0.0,0.0,0.0,0.0,0.0,0.0,0.0,0.0,0.0,0.0,0.0,0.0,0.0,0.0,0.0,0.0,0.0,0.0,0.0,0.0,0.0,0.0,0.0,nan,nan,4.20506999621642,2.909588052310338,nan,0.9262550415020984,0.02305634065109754,0.0,0.0,0.0,0.0,0.0,0.0,0.0,0.0,0.0,0.0,0.0,0.0,0.0,0.0,0.0,0.0,0.0,0.0,0.0,0.0,0.0,0.0,0.0,0.0,0.0,0.17061611374407587,3.7393364928909962,14.630331753554506,10.350710900473935,1.109004739336493,0.9258156045114749,0.023359106260990255,0.0,0.0,0.0,0.0,0.0,0.0,0.0,0.0,0.0,0.0,0.0,0.0,0.0,0.0,0.0,0.0,0.0,0.0,0.0,0.0,0.0,0.0,0.0,0.0,0.0,0.15022533800701054,3.9809714571857797,14.812218327491241,9.779669504256386,1.2769153730595897,0.3916,0.01168,0.0,0.0,0.0,0.0,0.0,0.0,0.0,0.0,0.0,0.0,0.45497630331753564,22.77725118483409,6.75355450236967,0.014218009478672989,0.0,0.0,0.0,0.0,0.0,0.0,0.0,0.0,0.0,0.0,0.0,0.0,0.0,0.0,0.0,0.0,0.3914,0.01144,0.0,0.0,0.0,0.0,0.0,0.0,0.0,0.0,0.0,0.0,0.57085628442664,22.699048572859255,6.730095142714073,0.0,0.0,0.0,0.0,0.0,0.0,0.0,0.0,0.0,0.0,0.0,0.0,0.0,0.0,0.0,0.0,0.0
26600,4287,2285,0.5330067646372755,1047,833,0.4385351061348262,1189,0.5547002565896898,0.41,3.1008991008991007,3.087438568440722,6.555932203389831,2.0730940755911385,9574.6118497784,1611.477245724192,7853.0,11083.0,11083.0,0.0,7853.0,0.0,28.310240261254958,20.88078829713135,33.15837479270315,19.115417468006537,0.13412642873804526,0.09843713552600887,0.10030324236062514,0.07907627711686493,0.08000933053417308,0.07884301376253791,0.06927921623512946,0.06111499883368323,0.05225099136925589,0.05481688826685328,0.05225099136925589,0.04595288080242594,0.031490552834149754,0.02635875903895498,0.017728014928854677,0.011663167716351761,0.006298110566829951,0.9255039445692658,0.02286902365811022,0.0,0.0,0.0,0.0,0.0,0.0,0.0,0.0,0.0,0.0,0.0,0.0,0.0,0.0,0.0,0.0,0.0,0.0,0.0,0.0,0.0,0.0,0.0,0.0,0.0,0.11896431070678799,3.6738978306508057,15.276417074877541,9.797060881735481,1.1336599020293914,4.354954954954955,2.847940262138531,nan,nan,nan,4.455705173635719,2.8731733572090015,4.250733137829912,2.817812173462528,0.9539978459484661,0.392,0.01096,0.0,0.0,0.0,0.0,0.0,0.0,0.0,0.0,0.0,0.0,0.30790762771168656,22.757172848145522,6.934919524142759,0.0,0.0,0.0,0.0,0.0,0.0,0.0,0.0,0.0,0.0,0.0,0.0,0.0,0.0,0.0,0.0,0.0,nan,nan,4.354954954954955,2.847940262138531,nan,0.392,0.05182,0.0,0.0,0.0,0.0,0.0,0.0,0.0,0.0,0.0,0.0,0.0,0.0,0.0,0.0,0.0,0.0,0.0,0.0,0.0,0.0,0.0,0.0,9.330534173081409e-05,0.00013995801259622114,0.009878703055749942,0.005318404478656403,0.0011080009330534173,0.0021226965243760203,0.0021460228598087243,0.018579426172148354,0.013902495917891299,0.02389783065080476,0.036657336132493584,0.022661534872871474,0.03538605085141124,0.03326335432703522,0.07916958245859576,0.09428504781898764,0.09205738278516445,0.040506181478889666,0.08654070445533006,0.04616281782132027,0.11533706554700257,0.07867972941450899,0.02362957779332867,0.0367739678096571,0.015115465360391883,0.03339164917191509,0.02146022859808724,0.011243293678563098,0.0016794961511546536,0.009820387217168183,0.003522276650338232,0.005260088640074644,5.831583858175881e-05,0.0,0.0,0.0,0.0001516211803125729,0.0,0.0,0.0,0.0,0.0,0.0,0.0,0.0,0.0,0.0,0.0,0.0,0.0,0.0,0.0,0.0,0.0,0.0,0.0,0.0,0.0,0.0,0.0,0.0,0.0,0.0,0.0,0.0,0.0,0.0,0.0,0.0,0.0,0.0,0.0,0.0,0.0,0.0,0.0,0.0,0.0,0.0,nan,nan,4.354954954954955,2.847940262138531,nan,0.9254256277950379,0.022685689118211425,0.0,0.0,0.0,0.0,0.0,0.0,0.0,0.0,0.0,0.0,0.0,0.0,0.0,0.0,0.0,0.0,0.0,0.0,0.0,0.0,0.0,0.0,0.0,0.0,0.0,0.14442013129102846,3.7024070021881847,15.203501094091907,9.912472647702408,1.0371991247264771,0.9255933320962942,0.02307616946264269,0.0,0.0,0.0,0.0,0.0,0.0,0.0,0.0,0.0,0.0,0.0,0.0,0.0,0.0,0.0,0.0,0.0,0.0,0.0,0.0,0.0,0.0,0.0,0.0,0.0,0.08991008991008992,3.641358641358642,15.359640359640363,9.665334665334667,1.243756243756244,0.3923,0.010956,0.0,0.0,0.0,0.0,0.0,0.0,0.0,0.0,0.0,0.0,0.3019693654266959,22.529540481400407,7.168490153172868,0.0,0.0,0.0,0.0,0.0,0.0,0.0,0.0,0.0,0.0,0.0,0.0,0.0,0.0,0.0,0.0,0.0,0.3916,0.01095,0.0,0.0,0.0,0.0,0.0,0.0,0.0,0.0,0.0,0.0,0.31468531468531474,23.016983016982984,6.66833166833167,0.0,0.0,0.0,0.0,0.0,0.0,0.0,0.0,0.0,0.0,0.0,0.0,0.0,0.0,0.0,0.0,0.0
26700,4272,2203,0.5156835205992509,1012,900,0.44756554307116103,1245,0.5828651685393258,0.40599999999999997,3.0077332044465925,3.103489380645601,6.662020905923345,2.1553078697717933,9518.65777153558,1614.2053122769264,7853.0,11083.0,11083.0,0.0,7853.0,0.0,28.02130149812734,20.90836896288482,33.02260675411666,19.118876677141216,0.14185393258426968,0.10018726591760299,0.08965355805243445,0.0852059925093633,0.07677902621722846,0.07935393258426966,0.06788389513108614,0.06647940074906367,0.05337078651685393,0.05360486891385768,0.05079588014981273,0.0423689138576779,0.032303370786516857,0.025046816479400748,0.018258426966292134,0.010299625468164793,0.006554307116104869,0.9257631514793478,0.023368964810971986,0.0,0.0,0.0,0.0,0.0,0.0,0.0,0.0,0.0,0.0,0.0,0.0,0.0,0.0,0.0,0.0,0.0,0.0,0.0,0.0,0.0,0.0,0.0,0.0,0.0,0.18960674157303375,3.7991573033707873,14.873595505617981,9.985955056179778,1.1516853932584272,4.300689154878491,2.839289139644014,nan,nan,nan,4.237991266375546,2.844230716157877,4.36297903109183,2.832997452728639,1.0294922185677786,0.3916,0.01136,0.0,0.0,0.0,0.0,0.0,0.0,0.0,0.0,0.0,0.0,0.45646067415730346,22.619382022471875,6.917134831460676,0.007022471910112361,0.0,0.0,0.0,0.0,0.0,0.0,0.0,0.0,0.0,0.0,0.0,0.0,0.0,0.0,0.0,0.0,nan,nan,4.300689154878491,2.839289139644014,nan,0.3916,0.05164,0.0,0.0,0.0,0.0,0.0,0.0,0.0,0.0,0.0,0.0,0.0,0.0,0.0,0.0,0.0,0.0,0.0,0.0,0.0,0.0,0.0,0.0,0.00015215355805243445,0.0001053370786516854,0.009456928838951311,0.00612125468164794,0.001053370786516854,0.0023057116104868913,0.0018726591760299626,0.01763810861423221,0.014360955056179776,0.023092228464419474,0.03771067415730337,0.021605805243445693,0.03515917602996255,0.03451544943820225,0.07708333333333334,0.10113529962546816,0.09386704119850187,0.03986423220973783,0.08950140449438203,0.04492041198501873,0.1112242509363296,0.07798455056179775,0.021687734082397003,0.03647003745318352,0.014501404494382022,0.034152621722846443,0.021722846441947566,0.011797752808988765,0.0014747191011235956,0.007888576779026216,0.003476123595505618,0.005840355805243446,3.51123595505618e-05,0.0,0.0,0.0,0.00022237827715355804,0.0,0.0,0.0,0.0,0.0,0.0,0.0,0.0,0.0,0.0,0.0,0.0,0.0,0.0,0.0,0.0,0.0,0.0,0.0,0.0,0.0,0.0,0.0,0.0,0.0,0.0,0.0,0.0,0.0,0.0,0.0,0.0,0.0,0.0,0.0,0.0,0.0,0.0,0.0,0.0,0.0,0.0,nan,nan,4.300689154878491,2.839289139644014,nan,0.9260666415575576,0.023316894002269568,0.0,0.0,0.0,0.0,0.0,0.0,0.0,0.0,0.0,0.0,0.0,0.0,0.0,0.0,0.0,0.0,0.0,0.0,0.0,0.0,0.0,0.0,0.0,0.0,0.0,0.13617793917385387,3.7993645029505227,14.761688606445759,10.145256468452112,1.1575124829777579,0.9254400056880012,0.0234199580538245,0.0,0.0,0.0,0.0,0.0,0.0,0.0,0.0,0.0,0.0,0.0,0.0,0.0,0.0,0.0,0.0,0.0,0.0,0.0,0.0,0.0,0.0,0.0,0.0,0.0,0.2464958917351378,3.7989366843885946,14.992750120831323,9.816336394393428,1.1454809086515227,0.3914,0.01108,0.0,0.0,0.0,0.0,0.0,0.0,0.0,0.0,0.0,0.0,0.43576940535633235,22.959600544711723,6.604630049931913,0.0,0.0,0.0,0.0,0.0,0.0,0.0,0.0,0.0,0.0,0.0,0.0,0.0,0.0,0.0,0.0,0.0,0.3916,0.01166,0.0,0.0,0.0,0.0,0.0,0.0,0.0,0.0,0.0,0.0,0.47849202513291456,22.257129047849173,7.249879168680524,0.014499758337361047,0.0,0.0,0.0,0.0,0.0,0.0,0.0,0.0,0.0,0.0,0.0,0.0,0.0,0.0,0.0,0.0
26800,4387,2285,0.5208570777296558,1079,903,0.4517893777068612,1228,0.5598358787326191,0.40199999999999997,2.896289248334919,3.0554182859411045,6.528268551236749,2.1453572614998975,9535.368361066789,1613.5942810778597,7853.0,11083.0,11083.0,0.0,7853.0,0.0,27.788237975837703,20.767638206838043,32.71273418408906,19.0266263319474,0.13995896968315477,0.09961249145201732,0.09414178253932072,0.08958285844540688,0.08069295646227491,0.07567813995896969,0.06610439936175062,0.0642808297241851,0.058126282197401416,0.054251196717574654,0.04969227262366081,0.038522908593571915,0.029405060405744244,0.02416229769774333,0.01755185776156827,0.010713471620697515,0.00752222475495783,0.9245224414775006,0.023207124302819356,0.0,0.0,0.0,0.0,0.0,0.0,0.0,0.0,0.0,0.0,0.0,0.0,0.0,0.0,0.0,0.0,0.0,0.0,0.0,0.0,0.0,0.0,0.0,0.0,0.0,0.2325051287896057,4.116708456804195,15.09915659904263,9.539548666514705,1.012081148848872,4.180304640453419,2.862489332413748,nan,nan,nan,4.2217573221757325,2.857796740791637,4.136887608069165,2.8676360840788346,0.979897064745818,0.3909,0.01162,0.0,0.0,0.0,0.0,0.0,0.0,0.0,0.0,0.0,0.0,0.533394118987919,23.175290631410952,6.284476863460225,0.006838386140870756,0.0,0.0,0.0,0.0,0.0,0.0,0.0,0.0,0.0,0.0,0.0,0.0,0.0,0.0,0.0,0.0,nan,nan,4.180304640453419,2.862489332413748,nan,0.3909,0.05185,0.0,0.0,0.0,0.0,0.0,0.0,0.0,0.0,0.0,0.0,0.0,0.0,0.0,0.0,0.0,0.0,0.0,0.0,0.0,0.0,0.0,0.0,7.978117164349213e-05,0.00041030316845224525,0.010063824937314794,0.005482106222931388,0.001561431502165489,0.0022680647367221336,0.0024162297697743335,0.018201504444950993,0.015147025302028721,0.023068155915204013,0.03761112377478915,0.023284704809664918,0.037383177570093455,0.03593571917027581,0.0755869614770914,0.10225666742648735,0.09297925689537269,0.03557100524276271,0.09124686573968543,0.04597674948712104,0.10990426259402782,0.07782083428310918,0.02105083200364714,0.03443127421928425,0.014485981308411215,0.034921358559379986,0.01993389560063825,0.01097560975609756,0.0019261454296785959,0.008377023022566675,0.003669933895600638,0.005812628219740141,3.4191930704353773e-05,0.0,2.2794620469569182e-05,0.0,0.00010257579211306131,0.0,0.0,0.0,0.0,0.0,0.0,0.0,0.0,0.0,0.0,0.0,0.0,0.0,0.0,0.0,0.0,0.0,0.0,0.0,0.0,0.0,0.0,0.0,0.0,0.0,0.0,0.0,0.0,0.0,0.0,0.0,0.0,0.0,0.0,0.0,0.0,0.0,0.0,0.0,0.0,0.0,0.0,nan,nan,4.180304640453419,2.862489332413748,nan,0.9244130734280893,0.02398526075805138,0.0,0.0,0.0,0.0,0.0,0.0,0.0,0.0,0.0,0.0,0.0,0.0,0.0,0.0,0.0,0.0,0.0,0.0,0.0,0.0,0.0,0.0,0.0,0.0,0.0,0.3282275711159738,4.201312910284464,14.691466083150988,9.663019693654268,1.115973741794311,0.9246413311030499,0.022329897905200916,0.0,0.0,0.0,0.0,0.0,0.0,0.0,0.0,0.0,0.0,0.0,0.0,0.0,0.0,0.0,0.0,0.0,0.0,0.0,0.0,0.0,0.0,0.0,0.0,0.0,0.1284490960989534,4.024738344433874,15.542340627973362,9.405328258801143,0.8991436726926738,0.3909,0.0116,0.0,0.0,0.0,0.0,0.0,0.0,0.0,0.0,0.0,0.0,0.6695842450765865,23.028446389496686,6.3019693654266975,0.0,0.0,0.0,0.0,0.0,0.0,0.0,0.0,0.0,0.0,0.0,0.0,0.0,0.0,0.0,0.0,0.0,0.3909,0.011635,0.0,0.0,0.0,0.0,0.0,0.0,0.0,0.0,0.0,0.0,0.38534728829686027,23.33491912464316,6.265461465271172,0.014272121788772602,0.0,0.0,0.0,0.0,0.0,0.0,0.0,0.0,0.0,0.0,0.0,0.0,0.0,0.0,0.0,0.0
26900,4018,2093,0.5209059233449478,961,818,0.4427575908412145,1110,0.5525136884021902,0.446,2.9958441558441558,3.1784964797552466,6.737451737451737,2.3017088818154776,9535.52613240418,1613.587686319691,7853.0,11083.0,11083.0,0.0,7853.0,0.0,27.936037829766054,21.12266293411264,32.828748890860695,19.45868940087149,0.13987058237929317,0.10428073668491787,0.09606769537083126,0.08785465405674465,0.07142857142857142,0.07341961174713788,0.07491289198606271,0.059980089596814334,0.05599800895968143,0.05823792931806869,0.04405176704828273,0.03484320557491289,0.03285216525634644,0.02687904430064709,0.01717272274763564,0.014186162269785963,0.007964161274265804,0.9249255251771719,0.022757580033120384,0.0,0.0,0.0,0.0,0.0,0.0,0.0,0.0,0.0,0.0,0.0,0.0,0.0,0.0,0.0,0.0,0.0,0.0,0.0,0.0,0.0,0.0,0.0,0.0,0.0,0.17919362867098063,3.8526630164260833,15.283723245395723,9.639123942259832,1.045296167247387,4.387373343725643,2.9464532026793484,nan,nan,nan,4.476910828025478,2.9603712774462285,4.301526717557252,2.930479072233348,0.9608247478662473,0.3914,0.01157,0.0,0.0,0.0,0.0,0.0,0.0,0.0,0.0,0.0,0.0,0.5002488800398209,22.742658038825255,6.74962667994027,0.007466401194624193,0.0,0.0,0.0,0.0,0.0,0.0,0.0,0.0,0.0,0.0,0.0,0.0,0.0,0.0,0.0,0.0,nan,nan,4.387373343725643,2.9464532026793484,nan,0.3914,0.052,0.0,0.0,0.0,0.0,0.0,0.0,0.0,0.0,0.0,0.0,0.0,0.0,0.0,0.0,0.0,0.0,0.0,0.0,0.0,0.0,0.0,0.0,0.00018666002986560479,0.0002115480338476854,0.009233449477351916,0.005176704828272772,0.001443504230960677,0.002302140368342459,0.002575908412145346,0.01830512692882031,0.01404927824788452,0.02269785963165754,0.037655550024888004,0.0242906918865107,0.03708312593330015,0.038016426082628174,0.07628173220507715,0.10309855649576904,0.08906172224987556,0.03461921353907416,0.09283225485316078,0.045806371329019414,0.10866102538576407,0.07658038825286212,0.020495271279243405,0.03395968143354903,0.015144350423096068,0.038028870084619214,0.02040816326530612,0.010104529616724738,0.0023643603782976604,0.00898456943753111,0.003994524639123942,0.00624688899950224,0.0,1.2444001991040318e-05,0.0,2.4888003982080636e-05,6.222000995520159e-05,0.0,0.0,0.0,0.0,0.0,0.0,0.0,0.0,0.0,0.0,0.0,0.0,0.0,0.0,0.0,0.0,0.0,0.0,0.0,0.0,0.0,0.0,0.0,0.0,0.0,0.0,0.0,0.0,0.0,0.0,0.0,0.0,0.0,0.0,0.0,0.0,0.0,0.0,0.0,0.0,0.0,0.0,nan,nan,4.387373343725643,2.9464532026793484,nan,0.9243247024020793,0.02307580262403956,0.0,0.0,0.0,0.0,0.0,0.0,0.0,0.0,0.0,0.0,0.0,0.0,0.0,0.0,0.0,0.0,0.0,0.0,0.0,0.0,0.0,0.0,0.0,0.0,0.0,0.18633540372670812,4.300047778308649,15.064500716674633,9.41710463449594,1.0320114667940756,0.9255787833944543,0.022388168766945098,0.0,0.0,0.0,0.0,0.0,0.0,0.0,0.0,0.0,0.0,0.0,0.0,0.0,0.0,0.0,0.0,0.0,0.0,0.0,0.0,0.0,0.0,0.0,0.0,0.0,0.17142857142857146,3.3662337662337674,15.522077922077926,9.880519480519482,1.0597402597402599,0.391,0.01153,0.0,0.0,0.0,0.0,0.0,0.0,0.0,0.0,0.0,0.0,0.5446727185857622,22.861920688007615,6.579073100812233,0.014333492594362163,0.0,0.0,0.0,0.0,0.0,0.0,0.0,0.0,0.0,0.0,0.0,0.0,0.0,0.0,0.0,0.0,0.3914,0.01163,0.0,0.0,0.0,0.0,0.0,0.0,0.0,0.0,0.0,0.0,0.45194805194805204,22.612987012986977,6.935064935064937,0.0,0.0,0.0,0.0,0.0,0.0,0.0,0.0,0.0,0.0,0.0,0.0,0.0,0.0,0.0,0.0,0.0
27000,4517,2308,0.5109586008412663,1083,954,0.45096302855877796,1283,0.5680761567411999,0.41,2.9520144861928475,3.070833715500649,6.548599670510709,2.121637298540146,9503.39628071729,1614.6120596946446,7853.0,11083.0,11083.0,0.0,7853.0,0.0,27.626964799645783,20.721705321677394,32.57078711040676,18.991083688277335,0.14212973212309055,0.10095195926499889,0.09143236661500996,0.08722603497896834,0.08434801859641355,0.08036307283595306,0.06885100730573389,0.059552800531326104,0.057117555899933586,0.050918751383661726,0.044941332742971,0.041399158733672795,0.031436794332521584,0.026123533318574275,0.018375027673234446,0.00974097852557007,0.005091875138366172,0.925946737169718,0.023275815702479705,0.0,0.0,0.0,0.0,0.0,0.0,0.0,0.0,0.0,0.0,0.0,0.0,0.0,0.0,0.0,0.0,0.0,0.0,0.0,0.0,0.0,0.0,0.0,0.0,0.0,0.14611467788355106,3.8986052689838395,14.691166703564315,10.035421740092984,1.2286916094753157,4.241142070863433,2.8406818689666506,nan,nan,nan,4.2689367616400276,2.7956734011647466,4.213896457765667,2.883859588384772,0.9871067886577887,0.3909,0.011116,0.0,0.0,0.0,0.0,0.0,0.0,0.0,0.0,0.0,0.0,0.3320788133717069,23.6639362408678,5.997343369493028,0.00664157626743414,0.0,0.0,0.0,0.0,0.0,0.0,0.0,0.0,0.0,0.0,0.0,0.0,0.0,0.0,0.0,0.0,nan,nan,4.241142070863433,2.8406818689666506,nan,0.3909,0.0518,0.0,0.0,0.0,0.0,0.0,0.0,0.0,0.0,0.0,0.0,0.0,0.0,0.0,0.0,0.0,0.0,0.0,0.0,0.0,0.0,0.0,0.0,9.962364401151207e-05,0.00016603940668585344,0.009419969005977418,0.005069736550808058,0.0012840380783705999,0.002258135930927607,0.002656630506973655,0.020157183971662607,0.014069072393181316,0.02456276289572725,0.035510294443214525,0.02171795439450963,0.0396502103165818,0.038543280938676115,0.07614567190613239,0.1056232012397609,0.0847465131724596,0.03376134602612353,0.09432145229134381,0.044188620765995126,0.11049369050254594,0.07833739207438566,0.020666371485499224,0.03431481071507638,0.014367943325215852,0.03961700243524463,0.019304848350675228,0.008501217622315696,0.002634491919415541,0.008113792340048704,0.003298649546158955,0.006065972990923179,2.2138587558113793e-05,1.1069293779056897e-05,0.0,0.0002435244631392517,5.534646889528448e-05,0.0,0.0,0.0,0.0,0.0,0.0,0.0,0.0,0.0,0.0,0.0,0.0,0.0,0.0,0.0,0.0,0.0,0.0,0.0,0.0,0.0,0.0,0.0,0.0,0.0,0.0,0.0,0.0,0.0,0.0,0.0,0.0,0.0,0.0,0.0,0.0,0.0,0.0,0.0,0.0,0.0,0.0,nan,nan,4.241142070863433,2.8406818689666506,nan,0.9262784209935256,0.023247392321118884,0.0,0.0,0.0,0.0,0.0,0.0,0.0,0.0,0.0,0.0,0.0,0.0,0.0,0.0,0.0,0.0,0.0,0.0,0.0,0.0,0.0,0.0,0.0,0.0,0.0,0.16897746967071062,3.7564991334488744,14.688041594454075,10.112651646447143,1.273830155979203,0.9256001883850425,0.023300432742395977,0.0,0.0,0.0,0.0,0.0,0.0,0.0,0.0,0.0,0.0,0.0,0.0,0.0,0.0,0.0,0.0,0.0,0.0,0.0,0.0,0.0,0.0,0.0,0.0,0.0,0.12222725215029427,4.047080126754188,14.694431869624268,9.954730647351745,1.1815301041195112,0.3909,0.01104,0.0,0.0,0.0,0.0,0.0,0.0,0.0,0.0,0.0,0.0,0.27296360485268634,23.825823223570158,5.888214904679377,0.01299826689774697,0.0,0.0,0.0,0.0,0.0,0.0,0.0,0.0,0.0,0.0,0.0,0.0,0.0,0.0,0.0,0.0,0.3909,0.0112,0.0,0.0,0.0,0.0,0.0,0.0,0.0,0.0,0.0,0.0,0.39384336803983716,23.49479402444542,6.111362607514714,0.0,0.0,0.0,0.0,0.0,0.0,0.0,0.0,0.0,0.0,0.0,0.0,0.0,0.0,0.0,0.0,0.0
27100,4368,2283,0.5226648351648352,1037,875,0.43772893772893773,1226,0.5613553113553114,0.418,3.046043165467626,3.1566290382981195,6.72093023255814,2.1724323367117733,9541.207417582418,1613.3399127310133,7853.0,11083.0,11083.0,0.0,7853.0,0.0,27.867673992673993,20.903249981549642,32.67300380228137,19.254155759423295,0.13438644688644688,0.10714285714285714,0.0950091575091575,0.08653846153846154,0.08287545787545787,0.07921245421245421,0.0641025641025641,0.060897435897435896,0.0554029304029304,0.051739926739926737,0.04693223443223443,0.03594322344322344,0.03914835164835165,0.02358058608058608,0.018543956043956044,0.012362637362637362,0.006181318681318681,0.9259871395898389,0.023274041936121297,0.0,0.0,0.0,0.0,0.0,0.0,0.0,0.0,0.0,0.0,0.0,0.0,0.0,0.0,0.0,0.0,0.0,0.0,0.0,0.0,0.0,0.0,0.0,0.0,0.0,0.19917582417582422,3.585164835164836,15.068681318681323,9.8489010989011,1.2980769230769234,4.346002151308713,2.895150426631463,nan,nan,nan,4.480263157894737,2.928667928799827,4.216748768472907,2.856556759997885,0.9411832787193565,0.3909,0.01127,0.0,0.0,0.0,0.0,0.0,0.0,0.0,0.0,0.0,0.0,0.4189560439560441,23.269230769230735,6.311813186813189,0.0,0.0,0.0,0.0,0.0,0.0,0.0,0.0,0.0,0.0,0.0,0.0,0.0,0.0,0.0,0.0,0.0,nan,nan,4.346002151308713,2.895150426631463,nan,0.3909,0.0521,0.0,0.0,0.0,0.0,0.0,0.0,0.0,0.0,0.0,0.0,0.0,0.0,0.0,0.0,0.0,0.0,0.0,0.0,1.1446886446886447e-05,0.0,0.0,0.0,3.434065934065934e-05,0.0001945970695970696,0.01111492673992674,0.004441391941391941,0.0009043040293040293,0.002621336996336996,0.0027701465201465203,0.020821886446886446,0.013907967032967032,0.024027014652014653,0.03366529304029304,0.021565934065934066,0.04205586080586081,0.03850732600732601,0.0762706043956044,0.10538003663003663,0.08418040293040294,0.03195970695970696,0.09616529304029305,0.04554716117216117,0.10936355311355311,0.0762706043956044,0.019951923076923075,0.033871336996336994,0.014869505494505494,0.04132326007326007,0.019539835164835165,0.00818452380952381,0.002335164835164835,0.007623626373626373,0.003411172161172161,0.0069368131868131865,2.2893772893772894e-05,1.1446886446886447e-05,0.0,0.00010302197802197802,3.434065934065934e-05,0.0,0.0,0.0,0.0,0.0,0.0,0.0,0.0,0.0,0.0,0.0,0.0,0.0,0.0,0.0,0.0,0.0,0.0,0.0,0.0,0.0,0.0,0.0,0.0,0.0,0.0,0.0,0.0,0.0,0.0,0.0,0.0,0.0,0.0,0.0,0.0,0.0,0.0,0.0,0.0,0.0,0.0,nan,nan,4.346002151308713,2.895150426631463,nan,0.9261250791192525,0.023060887380574435,0.0,0.0,0.0,0.0,0.0,0.0,0.0,0.0,0.0,0.0,0.0,0.0,0.0,0.0,0.0,0.0,0.0,0.0,0.0,0.0,0.0,0.0,0.0,0.0,0.0,0.13140604467805522,3.52168199737188,15.400788436268071,9.526938239159003,1.4191852825229965,0.9258361007669846,0.023504293112308172,0.0,0.0,0.0,0.0,0.0,0.0,0.0,0.0,0.0,0.0,0.0,0.0,0.0,0.0,0.0,0.0,0.0,0.0,0.0,0.0,0.0,0.0,0.0,0.0,0.0,0.27338129496402885,3.6546762589928066,14.705035971223024,10.201438848920866,1.1654676258992809,0.391,0.01131,0.0,0.0,0.0,0.0,0.0,0.0,0.0,0.0,0.0,0.0,0.47306176084099877,23.07490144546646,6.452036793692511,0.0,0.0,0.0,0.0,0.0,0.0,0.0,0.0,0.0,0.0,0.0,0.0,0.0,0.0,0.0,0.0,0.0,0.3906,0.01122,0.0,0.0,0.0,0.0,0.0,0.0,0.0,0.0,0.0,0.0,0.3597122302158274,23.482014388489173,6.158273381294966,0.0,0.0,0.0,0.0,0.0,0.0,0.0,0.0,0.0,0.0,0.0,0.0,0.0,0.0,0.0,0.0,0.0
27200,4482,2289,0.5107095046854083,1084,936,0.4506916555109326,1287,0.5742971887550201,0.40599999999999997,2.999544003647971,3.1724273478999394,6.707792207792208,2.290367533244802,9502.59170013387,1614.629497526243,7853.0,11083.0,11083.0,0.0,7853.0,0.0,27.679830432842483,20.872926535960886,32.70056044835869,19.152026379586342,0.14212405176260598,0.1001784917447568,0.09058456046407853,0.08902275769745649,0.08344489067380634,0.08099062918340026,0.06403391343150379,0.06514948683623382,0.058902275769745646,0.054439982150825524,0.040160642570281124,0.037706381079875055,0.03168228469433289,0.0214190093708166,0.01896474788041053,0.012048192771084338,0.009147701918786257,0.9247568599457509,0.0235870398933983,0.0,0.0,0.0,0.0,0.0,0.0,0.0,0.0,0.0,0.0,0.0,0.0,0.0,0.0,0.0,0.0,0.0,0.0,0.0,0.0,0.0,0.0,0.0,0.0,0.0,0.1673360107095047,4.2302543507362795,15.026773761713525,9.317269076305223,1.2583668005354753,4.327681660899654,2.9921862178561076,nan,nan,nan,4.424791086350975,3.006130856756377,4.231774415405777,2.97524079475943,0.9563783538751488,0.3909,0.011375,0.0,0.0,0.0,0.0,0.0,0.0,0.0,0.0,0.0,0.0,0.5153949129852745,23.1994645247657,6.285140562248998,0.0,0.0,0.0,0.0,0.0,0.0,0.0,0.0,0.0,0.0,0.0,0.0,0.0,0.0,0.0,0.0,0.0,nan,nan,4.327681660899654,2.9921862178561076,nan,0.3909,0.05215,0.0,0.0,0.0,0.0,0.0,0.0,0.0,0.0,0.0,0.0,0.0,0.0,0.0,0.0,0.0,0.0,0.0,0.0,0.0,0.0,0.0,0.0,4.462293618920125e-05,0.00010040160642570282,0.011914323962516734,0.004607318161535029,0.0010486390004462293,0.002108433734939759,0.0034805890227576973,0.022222222222222223,0.013431503792949577,0.023493975903614458,0.031180276662204374,0.0214747880410531,0.043685854529228026,0.03720437304774654,0.0752454261490406,0.10670459616242749,0.08161535029004909,0.033154841588576525,0.09577197679607319,0.046296296296296294,0.1109326193663543,0.07677376171352075,0.02006916555109326,0.03670236501561803,0.012605979473449352,0.039859437751004013,0.020504239178937973,0.007641677822400714,0.0022311468094600626,0.007942882641677822,0.0034917447568049978,0.006146809460062472,3.346720214190094e-05,0.0,0.0,0.00018964747880410531,8.92458723784025e-05,0.0,0.0,0.0,0.0,0.0,0.0,0.0,0.0,0.0,0.0,0.0,0.0,0.0,0.0,0.0,0.0,0.0,0.0,0.0,0.0,0.0,0.0,0.0,0.0,0.0,0.0,0.0,0.0,0.0,0.0,0.0,0.0,0.0,0.0,0.0,0.0,0.0,0.0,0.0,0.0,0.0,0.0,nan,nan,4.327681660899654,2.9921862178561076,nan,0.9250193499175156,0.023507796171366165,0.0,0.0,0.0,0.0,0.0,0.0,0.0,0.0,0.0,0.0,0.0,0.0,0.0,0.0,0.0,0.0,0.0,0.0,0.0,0.0,0.0,0.0,0.0,0.0,0.0,0.11795543905635651,4.1546526867627795,15.20314547837484,9.200524246395808,1.323722149410223,0.9244828793049076,0.02366636448390116,0.0,0.0,0.0,0.0,0.0,0.0,0.0,0.0,0.0,0.0,0.0,0.0,0.0,0.0,0.0,0.0,0.0,0.0,0.0,0.0,0.0,0.0,0.0,0.0,0.0,0.21887824897400826,4.309165526675788,14.842681258549934,9.439124487004106,1.1901504787961699,0.3906,0.01137,0.0,0.0,0.0,0.0,0.0,0.0,0.0,0.0,0.0,0.0,0.5766710353866318,23.237221494102194,6.186107470511142,0.0,0.0,0.0,0.0,0.0,0.0,0.0,0.0,0.0,0.0,0.0,0.0,0.0,0.0,0.0,0.0,0.0,0.3909,0.01138,0.0,0.0,0.0,0.0,0.0,0.0,0.0,0.0,0.0,0.0,0.451436388508892,23.16005471956221,6.388508891928867,0.0,0.0,0.0,0.0,0.0,0.0,0.0,0.0,0.0,0.0,0.0,0.0,0.0,0.0,0.0,0.0,0.0
27300,4674,2380,0.5091998288403937,1132,975,0.4507916131792897,1344,0.5750962772785623,0.39399999999999996,2.952048823016565,3.0738317696761146,6.657320872274143,1.9759498650025513,9497.71544715447,1614.726599830575,7853.0,11083.0,11083.0,0.0,7853.0,0.0,27.93645699614891,20.81732869742596,32.71472004053712,19.12617801002739,0.1358579375267437,0.1016260162601626,0.09328198545143346,0.08729139922978177,0.08108686350021395,0.0780915703893881,0.06824989302524605,0.06290115532734275,0.06161745827984596,0.05305947796320069,0.04685494223363286,0.03551561831407788,0.03337612323491656,0.025459991442019683,0.015832263585793753,0.011553273427471117,0.00834403080872914,0.9248141902453072,0.02296877453888004,0.0,0.0,0.0,0.0,0.0,0.0,0.0,0.0,0.0,0.0,0.0,0.0,0.0,0.0,0.0,0.0,0.0,0.0,0.0,0.0,0.0,0.0,0.0,0.0,0.0,0.16688061617458286,4.127086007702183,15.057766367137358,9.659820282413351,0.9884467265725291,4.22255291005291,2.8159610915091933,nan,nan,nan,4.221327967806841,2.7679009194844735,4.223744292237443,2.8619299419569373,1.000572408599623,0.3909,0.01177,0.0,0.0,0.0,0.0,0.0,0.0,0.0,0.0,0.0,0.0,0.6418485237483955,22.61232349165594,6.745827984595637,0.0,0.0,0.0,0.0,0.0,0.0,0.0,0.0,0.0,0.0,0.0,0.0,0.0,0.0,0.0,0.0,0.0,nan,nan,4.22255291005291,2.8159610915091933,nan,0.3909,0.05276,0.0,0.0,0.0,0.0,0.0,0.0,0.0,0.0,0.0,0.0,0.0,0.0,0.0,0.0,0.0,0.0,0.0,2.1394950791613178e-05,0.0,0.0,0.0,0.0,3.209242618741977e-05,0.00017115960633290543,0.012323491655969191,0.0045678219940094135,0.0013585793752674369,0.0023320496362858366,0.0031129653401797174,0.02311724433033804,0.01305091998288404,0.02164099272571673,0.032509627727856226,0.02217586649550706,0.046352160890029956,0.03746255883611468,0.07575952075310227,0.10336970474967908,0.07995293110825845,0.034670517757809154,0.09395592640136928,0.04560333761232349,0.11175652545999144,0.07202610183996577,0.020753102267864785,0.03756953359007274,0.011777920410783056,0.041666666666666664,0.02042148053059478,0.007916131792896876,0.0027492511767222933,0.009114249037227214,0.0029632006846384254,0.007284980744544287,9.62772785622593e-05,0.0,0.0,8.557980316645271e-05,0.00027813436029097135,0.0,0.0,0.0,0.0,0.0,0.0,0.0,0.0,0.0,0.0,0.0,0.0,0.0,0.0,0.0,0.0,0.0,0.0,0.0,0.0,0.0,0.0,0.0,0.0,0.0,0.0,0.0,0.0,0.0,0.0,0.0,0.0,0.0,0.0,0.0,0.0,0.0,0.0,0.0,0.0,0.0,0.0,nan,nan,4.22255291005291,2.8159610915091933,nan,0.9247793542236841,0.02311391899521863,0.0,0.0,0.0,0.0,0.0,0.0,0.0,0.0,0.0,0.0,0.0,0.0,0.0,0.0,0.0,0.0,0.0,0.0,0.0,0.0,0.0,0.0,0.0,0.0,0.0,0.1512605042016807,4.298319327731093,14.93697478991597,9.554621848739497,1.058823529411765,0.9248503322380984,0.022817156694974146,0.0,0.0,0.0,0.0,0.0,0.0,0.0,0.0,0.0,0.0,0.0,0.0,0.0,0.0,0.0,0.0,0.0,0.0,0.0,0.0,0.0,0.0,0.0,0.0,0.0,0.18308631211857024,3.9494333042720147,15.183086312118574,9.768962510897996,0.9154315605928511,0.391,0.01176,0.0,0.0,0.0,0.0,0.0,0.0,0.0,0.0,0.0,0.0,0.7184873949579834,22.361344537815093,6.920168067226892,0.0,0.0,0.0,0.0,0.0,0.0,0.0,0.0,0.0,0.0,0.0,0.0,0.0,0.0,0.0,0.0,0.0,0.3909,0.01179,0.0,0.0,0.0,0.0,0.0,0.0,0.0,0.0,0.0,0.0,0.5623365300784656,22.872711421098487,6.564952048823018,0.0,0.0,0.0,0.0,0.0,0.0,0.0,0.0,0.0,0.0,0.0,0.0,0.0,0.0,0.0,0.0,0.0
27400,4791,2492,0.5201419327906491,1181,959,0.4466708411605093,1336,0.5577123773742434,0.40599999999999997,2.9669421487603307,3.052070055533205,6.387481371087929,2.1526176639222334,9533.058442913796,1613.6890651564916,7853.0,11083.0,11083.0,0.0,7853.0,0.0,28.357545397620537,21.142628845160562,33.273965816200146,19.398669949013417,0.13608849926946356,0.10102275099144228,0.08933416823210186,0.08682947192652891,0.08390732623669381,0.07221874347735337,0.06574827802128992,0.0630348570235859,0.061991233562930494,0.0509288248799833,0.048841577958672514,0.04028386558129827,0.03318722604884158,0.027551659361302442,0.018159048215403883,0.012106032143602587,0.008766437069505322,0.9258949879414601,0.02329018516143989,0.0,0.0,0.0,0.0,0.0,0.0,0.0,0.0,0.0,0.0,0.0,0.0,0.0,0.0,0.0,0.0,0.0,0.0,0.0,0.0,0.0,0.0,0.0,0.0,0.0,0.11897307451471512,3.8196618659987482,14.690043832185351,10.137758296806513,1.2335629304946778,4.273487773487774,2.8570362572435863,nan,nan,nan,4.341988600379987,2.8679317281954475,4.204842931937173,2.8437591450061417,0.968414088321003,0.3916,0.01149,0.0,0.0,0.0,0.0,0.0,0.0,0.0,0.0,0.0,0.0,0.41327489041953674,22.767689417658076,6.793988728866626,0.0250469630557295,0.0,0.0,0.0,0.0,0.0,0.0,0.0,0.0,0.0,0.0,0.0,0.0,0.0,0.0,0.0,0.0,nan,nan,4.273487773487774,2.8570362572435863,nan,0.3916,0.05258,0.0,0.0,0.0,0.0,0.0,0.0,0.0,0.0,0.0,0.0,0.0,0.0,0.0,0.0,0.0,0.0,0.0,0.0,0.0,0.0,0.0,0.0,0.0,0.0,0.011521603005635567,0.005531204341473596,0.001367146733458568,0.0017637236485076185,0.003016071801294093,0.02185347526612398,0.013233145481110415,0.021310791066583176,0.03215403882279274,0.02263619286161553,0.04662909622208307,0.03885410144020038,0.07346065539553329,0.09977040283865582,0.07839699436443331,0.03369860154456272,0.09631600918388646,0.047036109371738674,0.11438113128783135,0.07102901273220621,0.02261532039240242,0.03717386766854519,0.01393237319974953,0.043550407013149654,0.019400960133583802,0.008056773116259653,0.00240033395950741,0.008589021081193905,0.0026194948862450426,0.007211438113128783,0.0,0.0,0.0,0.0001878522229179712,0.00030265080359006473,0.0,0.0,0.0,0.0,0.0,0.0,0.0,0.0,0.0,0.0,0.0,0.0,0.0,0.0,0.0,0.0,0.0,0.0,0.0,0.0,0.0,0.0,0.0,0.0,0.0,0.0,0.0,0.0,0.0,0.0,0.0,0.0,0.0,0.0,0.0,0.0,0.0,0.0,0.0,0.0,0.0,0.0,nan,nan,4.273487773487774,2.8570362572435863,nan,0.9255723293816871,0.02335191370199116,0.0,0.0,0.0,0.0,0.0,0.0,0.0,0.0,0.0,0.0,0.0,0.0,0.0,0.0,0.0,0.0,0.0,0.0,0.0,0.0,0.0,0.0,0.0,0.0,0.0,0.08426966292134834,3.864365971107545,15.096308186195829,9.59470304975923,1.3603531300160516,0.9262447335399613,0.023218025380093068,0.0,0.0,0.0,0.0,0.0,0.0,0.0,0.0,0.0,0.0,0.0,0.0,0.0,0.0,0.0,0.0,0.0,0.0,0.0,0.0,0.0,0.0,0.0,0.0,0.0,0.15658982166159202,3.7712048716833415,14.249673771204876,10.726402783819054,1.0961287516311442,0.3916,0.01157,0.0,0.0,0.0,0.0,0.0,0.0,0.0,0.0,0.0,0.0,0.4454253611556983,22.524077046548925,7.00642054574639,0.024077046548956666,0.0,0.0,0.0,0.0,0.0,0.0,0.0,0.0,0.0,0.0,0.0,0.0,0.0,0.0,0.0,0.0,0.3914,0.0114,0.0,0.0,0.0,0.0,0.0,0.0,0.0,0.0,0.0,0.0,0.3784254023488474,23.03175293605912,6.563723357981733,0.026098303610265338,0.0,0.0,0.0,0.0,0.0,0.0,0.0,0.0,0.0,0.0,0.0,0.0,0.0,0.0,0.0,0.0
27500,4829,2466,0.5106647338993581,1188,1005,0.4541312901221785,1379,0.57113273969766,0.414,2.986457892509522,3.110298964703407,6.550445103857567,2.1641758412643437,9502.447090494927,1614.6325891534686,7853.0,11083.0,11083.0,0.0,7853.0,0.0,28.512942638227376,20.859639204695625,33.394846625766874,19.03565715654136,0.13087595775522884,0.10250569476082004,0.08925243321598675,0.08138330917374198,0.08159039138537999,0.07496376061296335,0.06750880099399462,0.06668047214744253,0.06481673224270035,0.05425553944916132,0.045765168772002485,0.04141644232760406,0.03768896251811969,0.03002692068751294,0.016566576931041622,0.008076206253882792,0.006626630772416649,0.9262477562871377,0.02343289457415677,0.0,0.0,0.0,0.0,0.0,0.0,0.0,0.0,0.0,0.0,0.0,0.0,0.0,0.0,0.0,0.0,0.0,0.0,0.0,0.0,0.0,0.0,0.0,0.0,0.0,0.19258645682335893,3.708842410436944,14.791882377303793,9.989645889418101,1.3170428660178095,4.2763739734680986,2.8927541852231684,nan,nan,nan,4.28997461928934,2.8769698172391482,4.26431718061674,2.9086129757163173,0.994019209680814,0.392,0.01153,0.0,0.0,0.0,0.0,0.0,0.0,0.0,0.0,0.0,0.0,0.41002277904328027,22.228204597225066,7.355560157382483,0.00621246634914061,0.0,0.0,0.0,0.0,0.0,0.0,0.0,0.0,0.0,0.0,0.0,0.0,0.0,0.0,0.0,0.0,nan,nan,4.2763739734680986,2.8927541852231684,nan,0.392,0.05273,0.0,0.0,0.0,0.0,0.0,0.0,0.0,0.0,0.0,0.0,0.0,0.0,0.0,0.0,0.0,0.0,0.0,0.0,0.0,0.0,1.0354110581901015e-05,0.0,0.0,0.0,0.011824394284530958,0.006388486229032926,0.001501346034375647,0.0023917995444191343,0.00296127562642369,0.021577966452681716,0.012290329260716505,0.019341478566991095,0.02999585835576724,0.025481466142058398,0.04477117415613999,0.03822737626837855,0.07227169186166908,0.09926485814868503,0.07662041830606751,0.03293642576102713,0.09565127355560157,0.0489956512735556,0.11471319113688135,0.07174363222199213,0.024114723545247463,0.04004969973079312,0.01488921101677366,0.04326982812176434,0.019610685442120523,0.008448954234831227,0.0031165872851522053,0.0076620418306067506,0.002919859184096086,0.006419548560778629,0.0,0.0,0.0,0.00015531165872851522,0.00032097742803893146,0.0,0.0,0.0,6.21246634914061e-05,0.0,0.0,0.0,0.0,0.0,0.0,0.0,0.0,0.0,0.0,0.0,0.0,0.0,0.0,0.0,0.0,0.0,0.0,0.0,0.0,0.0,0.0,0.0,0.0,0.0,0.0,0.0,0.0,0.0,0.0,0.0,0.0,0.0,0.0,0.0,0.0,0.0,0.0,nan,nan,4.2763739734680986,2.8927541852231684,nan,0.9257971648752255,0.023168636268494722,0.0,0.0,0.0,0.0,0.0,0.0,0.0,0.0,0.0,0.0,0.0,0.0,0.0,0.0,0.0,0.0,0.0,0.0,0.0,0.0,0.0,0.0,0.0,0.0,0.0,0.18248175182481757,3.8321167883211684,14.756690997566913,10.000000000000004,1.2287104622871048,0.9267179883742201,0.023696395851975437,0.0,0.0,0.0,0.0,0.0,0.0,0.0,0.0,0.0,0.0,0.0,0.0,0.0,0.0,0.0,0.0,0.0,0.0,0.0,0.0,0.0,0.0,0.0,0.0,0.0,0.20313161235717314,3.5801946677951766,14.828607702073638,9.978840457046129,1.4092255607278887,0.392,0.01182,0.0,0.0,0.0,0.0,0.0,0.0,0.0,0.0,0.0,0.0,0.4014598540145986,21.776155717761526,7.810218978102191,0.012165450121654504,0.0,0.0,0.0,0.0,0.0,0.0,0.0,0.0,0.0,0.0,0.0,0.0,0.0,0.0,0.0,0.0,0.3918,0.01122,0.0,0.0,0.0,0.0,0.0,0.0,0.0,0.0,0.0,0.0,0.4189589504866696,22.699957680914057,6.881083368599239,0.0,0.0,0.0,0.0,0.0,0.0,0.0,0.0,0.0,0.0,0.0,0.0,0.0,0.0,0.0,0.0,0.0
27600,5048,2624,0.5198098256735341,1287,1069,0.46671949286846276,1438,0.56973058637084,0.36599999999999994,3.021039603960396,3.10380947267321,6.476529160739687,2.2444376419959315,9531.985736925515,1613.731955892954,7853.0,11083.0,11083.0,0.0,7853.0,0.0,28.29793977812995,20.63339296923026,33.07652703018956,18.806004436600627,0.13629160063391443,0.0938985736925515,0.09112519809825674,0.08300316957210777,0.08240887480190175,0.0768621236133122,0.06656101426307448,0.06913629160063392,0.06973058637083994,0.05209984152139461,0.044374009508716325,0.04615689381933439,0.027931854199683043,0.02694136291600634,0.01921553090332805,0.00832012678288431,0.005942947702060222,0.9257274178312811,0.02320577640086409,0.0,0.0,0.0,0.0,0.0,0.0,0.0,0.0,0.0,0.0,0.0,0.0,0.0,0.0,0.0,0.0,0.0,0.0,0.0,0.0,0.0,0.0,0.0,0.0,0.0,0.10697305863708402,4.0471473851030115,14.720681458003172,9.936608557844695,1.1885895404120446,4.229591836734694,2.9448391304910317,nan,nan,nan,4.23202416918429,2.9048248975138677,4.227191413237925,2.983800435633681,0.9988580509578479,0.392,0.01165,0.0,0.0,0.0,0.0,0.0,0.0,0.0,0.0,0.0,0.0,0.3328050713153725,22.2266244057052,7.4286846275752785,0.011885895404120446,0.0,0.0,0.0,0.0,0.0,0.0,0.0,0.0,0.0,0.0,0.0,0.0,0.0,0.0,0.0,0.0,nan,nan,4.229591836734694,2.9448391304910317,nan,0.392,0.05264,0.0,0.0,0.0,0.0,0.0,0.0,0.0,0.0,0.0,0.0,0.0,0.0,0.0,0.0,1.9809825673534074e-05,0.0,0.0,0.0,0.0,0.0,3.961965134706815e-05,0.0,0.0,9.904912836767037e-06,0.01193541996830428,0.005665610142630745,0.001327258320126783,0.0023375594294770207,0.003248811410459588,0.021909667194928685,0.01283676703645008,0.018789619651347067,0.029665213946117274,0.026218304278922345,0.04274960380348653,0.04006537242472266,0.07253367670364501,0.09958399366085578,0.07367274167987321,0.034805863708399366,0.09215530903328051,0.04807844690966719,0.117729793977813,0.07613906497622822,0.023880744849445325,0.04079833597464343,0.014976228209191759,0.040253565768621234,0.01868066561014263,0.008131933438985738,0.003496434231378764,0.008349841521394612,0.003030903328050713,0.006358954041204437,0.0,0.0,0.0,0.00026743264659271,0.00016838351822503963,0.0,0.0,0.0,8.914421553090333e-05,0.0,0.0,0.0,0.0,0.0,0.0,0.0,0.0,0.0,0.0,0.0,0.0,0.0,0.0,0.0,0.0,0.0,0.0,0.0,0.0,0.0,0.0,0.0,0.0,0.0,0.0,0.0,0.0,0.0,0.0,0.0,0.0,0.0,0.0,0.0,0.0,0.0,0.0,nan,nan,4.229591836734694,2.9448391304910317,nan,0.9259516143399041,0.023272441697919543,0.0,0.0,0.0,0.0,0.0,0.0,0.0,0.0,0.0,0.0,0.0,0.0,0.0,0.0,0.0,0.0,0.0,0.0,0.0,0.0,0.0,0.0,0.0,0.0,0.0,0.10289634146341466,4.012957317073171,14.75990853658537,9.900914634146345,1.2233231707317076,0.9254847232608905,0.02313094489440525,0.0,0.0,0.0,0.0,0.0,0.0,0.0,0.0,0.0,0.0,0.0,0.0,0.0,0.0,0.0,0.0,0.0,0.0,0.0,0.0,0.0,0.0,0.0,0.0,0.0,0.11138613861386142,4.084158415841585,14.678217821782182,9.975247524752477,1.1509900990099011,0.3918,0.01151,0.0,0.0,0.0,0.0,0.0,0.0,0.0,0.0,0.0,0.0,0.32012195121951226,22.339939024390212,7.3170731707317085,0.022865853658536592,0.0,0.0,0.0,0.0,0.0,0.0,0.0,0.0,0.0,0.0,0.0,0.0,0.0,0.0,0.0,0.0,0.3923,0.01179,0.0,0.0,0.0,0.0,0.0,0.0,0.0,0.0,0.0,0.0,0.3465346534653466,22.10396039603957,7.549504950495051,0.0,0.0,0.0,0.0,0.0,0.0,0.0,0.0,0.0,0.0,0.0,0.0,0.0,0.0,0.0,0.0,0.0
27700,4460,2318,0.5197309417040359,1035,932,0.44103139013452913,1277,0.5726457399103139,0.40599999999999997,2.96265172735761,3.028730473504337,6.439469320066335,2.0933998112612,9531.730941704036,1613.7420385766482,7853.0,11083.0,11083.0,0.0,7853.0,0.0,28.038340807174887,21.020801376746363,32.93368841544607,19.304584281419125,0.14013452914798205,0.10426008968609865,0.09170403587443947,0.0836322869955157,0.0795964125560538,0.07399103139013453,0.06838565022421525,0.061659192825112105,0.054260089686098655,0.05784753363228699,0.04596412556053812,0.040582959641255606,0.034753363228699555,0.029596412556053813,0.015246636771300448,0.011434977578475336,0.00695067264573991,0.9247641097670714,0.022929443045434976,0.0,0.0,0.0,0.0,0.0,0.0,0.0,0.0,0.0,0.0,0.0,0.0,0.0,0.0,0.0,0.0,0.0,0.0,0.0,0.0,0.0,0.0,0.0,0.0,0.0,0.1479820627802691,4.103139013452916,15.127802690582962,9.625560538116593,0.9955156950672648,4.266016713091922,2.7756629381534745,nan,nan,nan,4.19432918395574,2.7591659767923615,4.338709677419355,2.790411757081349,1.0344227854160573,0.3923,0.01144,0.0,0.0,0.0,0.0,0.0,0.0,0.0,0.0,0.0,0.0,0.42376681614349787,22.01569506726454,7.547085201793724,0.01345291479820628,0.0,0.0,0.0,0.0,0.0,0.0,0.0,0.0,0.0,0.0,0.0,0.0,0.0,0.0,0.0,0.0,nan,nan,4.266016713091922,2.7756629381534745,nan,0.3923,0.05258,0.0,0.0,0.0,0.0,0.0,0.0,0.0,0.0,0.0,0.0,0.0,0.0,0.0,0.0,0.0,0.0,0.0,0.0,0.0,0.0,1.1210762331838564e-05,0.0,0.0,0.0,0.011681614349775785,0.006053811659192825,0.0014349775784753362,0.002219730941704036,0.0031278026905829596,0.020919282511210762,0.013082959641255606,0.01850896860986547,0.028004484304932735,0.02726457399103139,0.04335201793721973,0.040257847533632284,0.07466367713004485,0.0979372197309417,0.07076233183856502,0.035347533632286994,0.09281390134529148,0.04664798206278027,0.11775784753363229,0.07521300448430493,0.0259304932735426,0.043419282511210765,0.015448430493273543,0.03874439461883408,0.018643497757847533,0.008497757847533632,0.004002242152466368,0.008934977578475336,0.0030717488789237667,0.005818385650224215,0.0,0.0,0.0,0.00032511210762331837,2.242152466367713e-05,0.0,0.0,0.0,7.847533632286995e-05,0.0,0.0,0.0,0.0,0.0,0.0,0.0,0.0,0.0,0.0,0.0,0.0,0.0,0.0,0.0,0.0,0.0,0.0,0.0,0.0,0.0,0.0,0.0,0.0,0.0,0.0,0.0,0.0,0.0,0.0,0.0,0.0,0.0,0.0,0.0,0.0,0.0,0.0,nan,nan,4.266016713091922,2.7756629381534745,nan,0.9247045040490609,0.022772612372969778,0.0,0.0,0.0,0.0,0.0,0.0,0.0,0.0,0.0,0.0,0.0,0.0,0.0,0.0,0.0,0.0,0.0,0.0,0.0,0.0,0.0,0.0,0.0,0.0,0.0,0.11647972389991375,4.115616911130285,15.142364106988786,9.577221742881797,1.0483175150992237,0.9248286130604179,0.02309778694913476,0.0,0.0,0.0,0.0,0.0,0.0,0.0,0.0,0.0,0.0,0.0,0.0,0.0,0.0,0.0,0.0,0.0,0.0,0.0,0.0,0.0,0.0,0.0,0.0,0.0,0.1820728291316527,4.089635854341737,15.112044817927174,9.677871148459385,0.9383753501400562,0.3926,0.01163,0.0,0.0,0.0,0.0,0.0,0.0,0.0,0.0,0.0,0.0,0.5176876617773944,21.58757549611731,7.894736842105265,0.0,0.0,0.0,0.0,0.0,0.0,0.0,0.0,0.0,0.0,0.0,0.0,0.0,0.0,0.0,0.0,0.0,0.392,0.01122,0.0,0.0,0.0,0.0,0.0,0.0,0.0,0.0,0.0,0.0,0.3221288515406163,22.478991596638622,7.170868347338938,0.028011204481792725,0.0,0.0,0.0,0.0,0.0,0.0,0.0,0.0,0.0,0.0,0.0,0.0,0.0,0.0,0.0,0.0
27800,4289,2207,0.5145721613429703,1069,867,0.4513872697598508,1196,0.5577057589181628,0.43,2.950528338136407,3.0671248367300734,6.495081967213115,2.1280658677643585,9515.068081137795,1614.31397061972,7853.0,11083.0,11083.0,0.0,7853.0,0.0,28.248076474702728,20.92505165053373,33.23855755894591,19.08386368428766,0.142224294707391,0.0897645138726976,0.08999766845418512,0.09139659594311028,0.08043833061319655,0.07670785730939612,0.06901375612030776,0.061552809512706926,0.06411750990906971,0.049895080438330616,0.04546514339006762,0.040102588015854514,0.03543949638610399,0.02774539519701562,0.0195849848449522,0.01119141991140126,0.005362555374213103,0.9252632673761177,0.023084556744114283,0.0,0.0,0.0,0.0,0.0,0.0,0.0,0.0,0.0,0.0,0.0,0.0,0.0,0.0,0.0,0.0,0.0,0.0,0.0,0.0,0.0,0.0,0.0,0.0,0.0,0.21683376078339944,3.833061319654932,15.16437397994871,9.673583585917465,1.1121473536955002,4.200857755539671,2.877603115986151,nan,nan,nan,4.195883605393896,2.88260194703203,4.2059035277177825,2.872514619345441,1.0023880362913322,0.3923,0.01149,0.0,0.0,0.0,0.0,0.0,0.0,0.0,0.0,0.0,0.0,0.3427372347866636,22.075075775238954,7.568197715085103,0.013989274889251576,0.0,0.0,0.0,0.0,0.0,0.0,0.0,0.0,0.0,0.0,0.0,0.0,0.0,0.0,0.0,0.0,nan,nan,4.200857755539671,2.877603115986151,nan,0.3923,0.05267,0.0,0.0,0.0,0.0,0.0,0.0,0.0,0.0,0.0,0.0,0.0,0.0,0.0,0.0,0.0,0.0,0.0,0.0,0.0,0.0,0.0,3.497318722312893e-05,0.0,0.0,0.011238050827698765,0.005852179995336908,0.0012823501981813943,0.002249941711354628,0.004499883422709256,0.020785730939612963,0.014513872697598507,0.01839589647936582,0.026381440895313593,0.027197481930519934,0.04298204709722546,0.04176964327349032,0.07375845185357892,0.10179529027745395,0.06879225926789462,0.03335276288179063,0.09097691769643274,0.04623455350897645,0.11696199580321753,0.07729074376311494,0.027955234320354395,0.0437980881324318,0.01412916763814409,0.037619491723012356,0.01918862205642341,0.008778269993005362,0.004523198880858009,0.00853345768244346,0.0026346467708090464,0.005863837724411285,0.0,0.0,8.160410352063418e-05,0.0004313359757519235,0.0,0.0,0.0,0.0,0.00011657729074376311,0.0,0.0,0.0,0.0,0.0,0.0,0.0,0.0,0.0,0.0,0.0,0.0,0.0,0.0,0.0,0.0,0.0,0.0,0.0,0.0,0.0,0.0,0.0,0.0,0.0,0.0,0.0,0.0,0.0,0.0,0.0,0.0,0.0,0.0,0.0,0.0,0.0,0.0,nan,nan,4.200857755539671,2.877603115986151,nan,0.9253867927805353,0.02306393961389986,0.0,0.0,0.0,0.0,0.0,0.0,0.0,0.0,0.0,0.0,0.0,0.0,0.0,0.0,0.0,0.0,0.0,0.0,0.0,0.0,0.0,0.0,0.0,0.0,0.0,0.2582691436338922,3.574988672405982,15.333031264159496,9.705482555505212,1.1282283642954238,0.9251323257010219,0.023105670577106708,0.0,0.0,0.0,0.0,0.0,0.0,0.0,0.0,0.0,0.0,0.0,0.0,0.0,0.0,0.0,0.0,0.0,0.0,0.0,0.0,0.0,0.0,0.0,0.0,0.0,0.17291066282420753,4.106628242074929,14.985590778097986,9.639769452449569,1.0951008645533142,0.392,0.011536,0.0,0.0,0.0,0.0,0.0,0.0,0.0,0.0,0.0,0.0,0.3670140462165837,22.088808337109164,7.516991391028547,0.027186225645672867,0.0,0.0,0.0,0.0,0.0,0.0,0.0,0.0,0.0,0.0,0.0,0.0,0.0,0.0,0.0,0.0,0.3923,0.01144,0.0,0.0,0.0,0.0,0.0,0.0,0.0,0.0,0.0,0.0,0.31700288184438047,22.06051873198844,7.622478386167149,0.0,0.0,0.0,0.0,0.0,0.0,0.0,0.0,0.0,0.0,0.0,0.0,0.0,0.0,0.0,0.0,0.0
27900,4400,2288,0.52,1085,901,0.45136363636363636,1249,0.5677272727272727,0.418,2.9521780303030303,3.0828344688362046,6.546712802768166,2.162610380536027,9532.6,1613.707482786146,7853.0,11083.0,11083.0,0.0,7853.0,0.0,27.96931818181818,20.668425952483798,32.88138340988922,18.851665221702962,0.13863636363636364,0.09659090909090909,0.09386363636363636,0.08772727272727272,0.08204545454545455,0.07568181818181818,0.06772727272727273,0.06363636363636363,0.0575,0.053863636363636364,0.05136363636363636,0.04363636363636364,0.031818181818181815,0.0225,0.0175,0.010454545454545454,0.005454545454545455,0.924824433001605,0.02277426827625527,0.0,0.0,0.0,0.0,0.0,0.0,0.0,0.0,0.0,0.0,0.0,0.0,0.0,0.0,0.0,0.0,0.0,0.0,0.0,0.0,0.0,0.0,0.0,0.0,0.0,0.18409090909090914,3.9613636363636373,15.286363636363639,9.51818181818182,1.0500000000000003,4.179298245614035,2.8627908476459374,nan,nan,nan,4.232673267326732,2.8094166889737004,4.126740947075209,2.913436974659823,0.9749727149815115,0.392,0.011314,0.0,0.0,0.0,0.0,0.0,0.0,0.0,0.0,0.0,0.0,0.2795454545454546,22.459090909090875,7.261363636363638,0.0,0.0,0.0,0.0,0.0,0.0,0.0,0.0,0.0,0.0,0.0,0.0,0.0,0.0,0.0,0.0,0.0,nan,nan,4.179298245614035,2.8627908476459374,nan,0.392,0.0524,0.0,0.0,0.0,0.0,0.0,0.0,0.0,0.0,0.0,0.0,0.0,0.0,0.0,0.0,0.0,0.0,0.0,0.0,0.0,0.0,0.0,2.2727272727272726e-05,0.0,0.0,0.009602272727272727,0.00725,0.0011136363636363637,0.001784090909090909,0.003625,0.022170454545454545,0.015443181818181818,0.018704545454545453,0.02702272727272727,0.025375,0.044227272727272726,0.04,0.07117045454545455,0.10381818181818182,0.06809090909090909,0.03511363636363636,0.09730681818181817,0.046886363636363636,0.11538636363636363,0.07470454545454545,0.02655681818181818,0.04444318181818182,0.013863636363636364,0.03734090909090909,0.019125,0.007670454545454545,0.004681818181818182,0.007454545454545454,0.002806818181818182,0.006409090909090909,2.2727272727272726e-05,0.0,6.818181818181818e-05,0.0007045454545454546,0.0,0.0,0.0,0.0,3.409090909090909e-05,0.0,0.0,0.0,0.0,0.0,0.0,0.0,0.0,0.0,0.0,0.0,0.0,0.0,0.0,0.0,0.0,0.0,0.0,0.0,0.0,0.0,0.0,0.0,0.0,0.0,0.0,0.0,0.0,0.0,0.0,0.0,0.0,0.0,0.0,0.0,0.0,0.0,0.0,nan,nan,4.179298245614035,2.8627908476459374,nan,0.9246013470879801,0.02281556587076149,0.0,0.0,0.0,0.0,0.0,0.0,0.0,0.0,0.0,0.0,0.0,0.0,0.0,0.0,0.0,0.0,0.0,0.0,0.0,0.0,0.0,0.0,0.0,0.0,0.0,0.22290209790209795,4.208916083916085,15.183566433566437,9.283216783216785,1.1013986013986017,0.9250661094080318,0.022726973557286527,0.0,0.0,0.0,0.0,0.0,0.0,0.0,0.0,0.0,0.0,0.0,0.0,0.0,0.0,0.0,0.0,0.0,0.0,0.0,0.0,0.0,0.0,0.0,0.0,0.0,0.14204545454545459,3.6931818181818192,15.397727272727277,9.772727272727275,0.994318181818182,0.392,0.011505,0.0,0.0,0.0,0.0,0.0,0.0,0.0,0.0,0.0,0.0,0.32779720279720287,22.106643356643325,7.565559440559442,0.0,0.0,0.0,0.0,0.0,0.0,0.0,0.0,0.0,0.0,0.0,0.0,0.0,0.0,0.0,0.0,0.0,0.3923,0.01111,0.0,0.0,0.0,0.0,0.0,0.0,0.0,0.0,0.0,0.0,0.22727272727272732,22.840909090909058,6.931818181818183,0.0,0.0,0.0,0.0,0.0,0.0,0.0,0.0,0.0,0.0,0.0,0.0,0.0,0.0,0.0,0.0,0.0
28000,4670,2439,0.5222698072805139,1164,940,0.4505353319057816,1342,0.5747323340471092,0.40199999999999997,3.0950246526221425,3.126774155179859,6.592920353982301,2.035686782162826,9539.93147751606,1613.3973046160565,7853.0,11083.0,11083.0,0.0,7853.0,0.0,28.640256959314776,21.005350759593224,33.56102512052779,19.161360069959944,0.1366167023554604,0.0892933618843683,0.09164882226980728,0.0867237687366167,0.08222698072805139,0.07259100642398288,0.07066381156316917,0.06680942184154176,0.059528907922912204,0.055460385438972165,0.04796573875802998,0.043897216274089934,0.029978586723768737,0.02569593147751606,0.02119914346895075,0.012419700214132762,0.007280513918629551,0.9250668788875196,0.023180578902562123,0.0,0.0,0.0,0.0,0.0,0.0,0.0,0.0,0.0,0.0,0.0,0.0,0.0,0.0,0.0,0.0,0.0,0.0,0.0,0.0,0.0,0.0,0.0,0.0,0.0,0.16702355460385443,4.265524625267667,14.710920770877948,9.777301927194863,1.0792291220556747,4.318241042345277,2.9036693904212423,nan,nan,nan,4.239895697522816,2.9209175014708477,4.396484375,2.8842176753348894,1.0369322003766912,0.3914,0.01145,0.0,0.0,0.0,0.0,0.0,0.0,0.0,0.0,0.0,0.0,0.4882226980728052,22.689507494646648,6.822269807280516,0.0,0.0,0.0,0.0,0.0,0.0,0.0,0.0,0.0,0.0,0.0,0.0,0.0,0.0,0.0,0.0,0.0,nan,nan,4.318241042345277,2.9036693904212423,nan,0.3914,0.05234,0.0,0.0,0.0,0.0,0.0,0.0,0.0,0.0,0.0,0.0,0.0,0.0,0.0,0.0,0.0,0.0,0.0,0.0,0.0,0.0,0.0,0.0001177730192719486,0.0,0.0,0.009421841541755889,0.006980728051391863,0.0014989293361884369,0.0016488222698072806,0.004068522483940043,0.021991434689507493,0.01568522483940043,0.019400428265524624,0.03156316916488223,0.024635974304068522,0.043640256959314776,0.03974304068522484,0.0685117773019272,0.10625267665952891,0.07198072805139186,0.036552462526766596,0.09710920770877944,0.04459314775160599,0.11790149892933618,0.06884368308351178,0.025920770877944324,0.041745182012847964,0.015813704496788008,0.035353319057815843,0.019143468950749466,0.00867237687366167,0.005021413276231263,0.006445396145610278,0.002334047109207709,0.0065203426124197,0.0,0.0,3.2119914346895075e-05,0.0008244111349036403,0.0,1.0706638115631692e-05,0.0,0.0,2.1413276231263384e-05,0.0,0.0,0.0,0.0,0.0,0.0,0.0,0.0,0.0,0.0,0.0,0.0,0.0,0.0,0.0,0.0,0.0,0.0,0.0,0.0,0.0,0.0,0.0,0.0,0.0,0.0,0.0,0.0,0.0,0.0,0.0,0.0,0.0,0.0,0.0,0.0,0.0,0.0,nan,nan,4.318241042345277,2.9036693904212423,nan,0.924990793435776,0.02316216743856597,0.0,0.0,0.0,0.0,0.0,0.0,0.0,0.0,0.0,0.0,0.0,0.0,0.0,0.0,0.0,0.0,0.0,0.0,0.0,0.0,0.0,0.0,0.0,0.0,0.0,0.15990159901599021,4.452644526445265,14.440344403444037,9.901599015990161,1.0455104551045513,0.9251500579179108,0.023200404682659045,0.0,0.0,0.0,0.0,0.0,0.0,0.0,0.0,0.0,0.0,0.0,0.0,0.0,0.0,0.0,0.0,0.0,0.0,0.0,0.0,0.0,0.0,0.0,0.0,0.0,0.17480950246526228,4.060959211116092,15.006723442402514,9.641416405199465,1.1160914388166743,0.3916,0.011406,0.0,0.0,0.0,0.0,0.0,0.0,0.0,0.0,0.0,0.0,0.5166051660516606,22.58302583025827,6.900369003690038,0.0,0.0,0.0,0.0,0.0,0.0,0.0,0.0,0.0,0.0,0.0,0.0,0.0,0.0,0.0,0.0,0.0,0.3914,0.011505,0.0,0.0,0.0,0.0,0.0,0.0,0.0,0.0,0.0,0.0,0.4571940833706859,22.805916629314176,6.736889287315107,0.0,0.0,0.0,0.0,0.0,0.0,0.0,0.0,0.0,0.0,0.0,0.0,0.0,0.0,0.0,0.0,0.0
28100,4707,2420,0.5141278946250265,1134,1002,0.4537922243467177,1373,0.5833864457191417,0.38999999999999996,3.0292960209881943,3.0671708496284613,6.500756429652042,2.153437115325142,9513.633099638835,1614.3551716451223,7853.0,11083.0,11083.0,0.0,7853.0,0.0,28.549182069258553,21.07244358287439,33.458710976837864,19.268327280889604,0.13660505629912895,0.09878903760356915,0.09050350541746335,0.08540471637985979,0.07350754195878478,0.07414489058848524,0.06607180794561292,0.07138304652644997,0.05821117484597408,0.053749734438070955,0.0520501380922031,0.04312725727639686,0.032929679201189714,0.02591884427448481,0.018058211174845976,0.011259825791374549,0.0082855321861058,0.925650747941258,0.022831834169574624,0.0,0.0,0.0,0.0,0.0,0.0,0.0,0.0,0.0,0.0,0.0,0.0,0.0,0.0,0.0,0.0,0.0,0.0,0.0,0.0,0.0,0.0,0.0,0.0,0.0,0.12746972594008926,3.722115997450606,15.37922243467177,9.65583173996176,1.1153601019757808,4.3164392462638075,2.839878243629763,nan,nan,nan,4.3090909090909095,2.828527303389743,4.326610279765777,2.849972507207688,1.0040656767388934,0.3906,0.0112,0.0,0.0,0.0,0.0,0.0,0.0,0.0,0.0,0.0,0.0,0.4971319311663481,23.50541746335242,5.9974506054812,0.0,0.0,0.0,0.0,0.0,0.0,0.0,0.0,0.0,0.0,0.0,0.0,0.0,0.0,0.0,0.0,0.0,nan,nan,4.3164392462638075,2.839878243629763,nan,0.3906,0.05222,0.0,0.0,0.0,0.0,0.0,0.0,0.0,0.0,0.0,0.0,0.0,0.0,0.0,0.0,0.0,0.0,0.0,0.0,0.0,0.0,0.0,0.00022307202039515615,0.0,0.0,0.00999575100913533,0.006288506479711069,0.0018376885489696196,0.0022094752496282133,0.004546420225196516,0.020522625876354367,0.016273635011684724,0.019768429997875505,0.03343955810495008,0.0266199277671553,0.043828340769067345,0.03808158062460166,0.06792011897174421,0.10852984916082431,0.07316762268961122,0.03537284894837476,0.09580412152113874,0.04587847886127045,0.11635861482897812,0.06841937539834289,0.02527087316762269,0.043828340769067345,0.014722753346080307,0.032664117272147866,0.02033142128744423,0.009082217973231358,0.004833227108561717,0.005236881240705332,0.002294455066921606,0.005683025281495645,3.1867431485022305e-05,0.0,0.0,0.0009347779902273211,0.0,0.0,0.0,0.0,0.0,0.0,0.0,0.0,0.0,0.0,0.0,0.0,0.0,0.0,0.0,0.0,0.0,0.0,0.0,0.0,0.0,0.0,0.0,0.0,0.0,0.0,0.0,0.0,0.0,0.0,0.0,0.0,0.0,0.0,0.0,0.0,0.0,0.0,0.0,0.0,0.0,0.0,0.0,nan,nan,4.3164392462638075,2.839878243629763,nan,0.9253214444257011,0.022947672578479798,0.0,0.0,0.0,0.0,0.0,0.0,0.0,0.0,0.0,0.0,0.0,0.0,0.0,0.0,0.0,0.0,0.0,0.0,0.0,0.0,0.0,0.0,0.0,0.0,0.0,0.16115702479338848,3.6942148760330586,15.619834710743804,9.384297520661159,1.1404958677685952,0.9259992020329274,0.022703415218997505,0.0,0.0,0.0,0.0,0.0,0.0,0.0,0.0,0.0,0.0,0.0,0.0,0.0,0.0,0.0,0.0,0.0,0.0,0.0,0.0,0.0,0.0,0.0,0.0,0.0,0.09182334936598166,3.7516397026672506,15.124617402710978,9.943156974202013,1.0887625710537825,0.3909,0.01127,0.0,0.0,0.0,0.0,0.0,0.0,0.0,0.0,0.0,0.0,0.5454545454545455,23.181818181818148,6.272727272727274,0.0,0.0,0.0,0.0,0.0,0.0,0.0,0.0,0.0,0.0,0.0,0.0,0.0,0.0,0.0,0.0,0.0,0.3904,0.011116,0.0,0.0,0.0,0.0,0.0,0.0,0.0,0.0,0.0,0.0,0.4459991254919109,23.847835592479196,5.70616528202886,0.0,0.0,0.0,0.0,0.0,0.0,0.0,0.0,0.0,0.0,0.0,0.0,0.0,0.0,0.0,0.0,0.0
28200,4357,2219,0.5092953867339913,1040,861,0.4363093871930227,1194,0.548083543722745,0.438,2.9298409728718426,3.1263893933549762,6.522108843537415,2.2317714300627296,9498.024099150793,1614.7208902687125,7853.0,11083.0,11083.0,0.0,7853.0,0.0,27.869635070002296,21.03745936456911,33.039118457300276,19.24603959245206,0.14459490475097544,0.10442965343126004,0.09524902455818224,0.07987147119577691,0.07505164103741106,0.07275648381914161,0.06793665366077577,0.06678907505164104,0.05600183612577461,0.05118200596740877,0.04957539591462015,0.0401652513197154,0.034427358274041774,0.027082855175579526,0.019508836355290337,0.008951113151250861,0.006426440211154464,0.9258649183408585,0.023027319466308985,0.0,0.0,0.0,0.0,0.0,0.0,0.0,0.0,0.0,0.0,0.0,0.0,0.0,0.0,0.0,0.0,0.0,0.0,0.0,0.0,0.0,0.0,0.0,0.0,0.0,0.15148037640578382,3.8558641266926794,14.769336699563924,10.025246729400966,1.1980720679366539,4.347056699169375,2.9036208894149413,nan,nan,nan,4.358882521489972,2.9563684666418193,4.338192419825073,2.8475705359382597,0.9952533472597865,0.3906,0.01128,0.0,0.0,0.0,0.0,0.0,0.0,0.0,0.0,0.0,0.0,0.39935735597888466,23.376176268074328,6.224466375946754,0.0,0.0,0.0,0.0,0.0,0.0,0.0,0.0,0.0,0.0,0.0,0.0,0.0,0.0,0.0,0.0,0.0,nan,nan,4.347056699169375,2.9036208894149413,nan,0.3906,0.05237,0.0,0.0,0.0,0.0,0.0,0.0,0.0,0.0,0.0,0.0,0.0,0.0,0.0,0.0,0.0,0.0,0.0,0.0,0.0,0.00013770943309616708,1.1475786091347258e-05,5.737893045673629e-05,0.0,0.0,0.009880651824649988,0.005978884553591921,0.0017213679137020885,0.0027197613036493,0.004326371356437916,0.0207137938948818,0.017087445490016066,0.01899242598117971,0.03391094789993115,0.02817305485425752,0.04669497360569199,0.039155382143676844,0.06512508606839569,0.1070690842322699,0.07184989671792517,0.03556346109708515,0.09405554280468212,0.04918521918751435,0.11448244204728024,0.06781042001377094,0.023858159283910947,0.042494835896258895,0.015067707137938948,0.035001147578609136,0.021241680055083773,0.009008492081707597,0.00414275877897636,0.006300206564149645,0.0020656414964425065,0.005359192104659169,2.2951572182694516e-05,1.1475786091347258e-05,1.1475786091347258e-05,0.00071149873766353,0.0,0.0,0.0,0.0,0.0,0.0,0.0,0.0,0.0,0.0,0.0,0.0,0.0,0.0,0.0,0.0,0.0,0.0,0.0,0.0,0.0,0.0,0.0,0.0,0.0,0.0,0.0,0.0,0.0,0.0,0.0,0.0,0.0,0.0,0.0,0.0,0.0,0.0,0.0,0.0,0.0,0.0,0.0,nan,nan,4.347056699169375,2.9036208894149413,nan,0.9256643548695125,0.02315024618422121,0.0,0.0,0.0,0.0,0.0,0.0,0.0,0.0,0.0,0.0,0.0,0.0,0.0,0.0,0.0,0.0,0.0,0.0,0.0,0.0,0.0,0.0,0.0,0.0,0.0,0.14871563767462823,3.8801261829653004,14.790446146913027,10.00450653447499,1.1762054979720598,0.9260730803347392,0.02289717988282342,0.0,0.0,0.0,0.0,0.0,0.0,0.0,0.0,0.0,0.0,0.0,0.0,0.0,0.0,0.0,0.0,0.0,0.0,0.0,0.0,0.0,0.0,0.0,0.0,0.0,0.15434985968194578,3.8306828811973817,14.747427502338638,10.046772684752106,1.2207670720299348,0.3906,0.011375,0.0,0.0,0.0,0.0,0.0,0.0,0.0,0.0,0.0,0.0,0.4191077061739523,23.29427670121673,6.2866155926092855,0.0,0.0,0.0,0.0,0.0,0.0,0.0,0.0,0.0,0.0,0.0,0.0,0.0,0.0,0.0,0.0,0.0,0.3906,0.01118,0.0,0.0,0.0,0.0,0.0,0.0,0.0,0.0,0.0,0.0,0.37885874649204876,23.46117867165572,6.1599625818522,0.0,0.0,0.0,0.0,0.0,0.0,0.0,0.0,0.0,0.0,0.0,0.0,0.0,0.0,0.0,0.0,0.0
28300,4766,2448,0.5136382710868653,1147,1001,0.4506924045321024,1342,0.5631556861099455,0.40599999999999997,2.9534081104400345,3.0778627376627443,6.547987616099071,2.0952594229312616,9512.051615610575,1614.3991003348888,7853.0,11083.0,11083.0,0.0,7853.0,0.0,27.671842215694504,20.693387201272813,32.86099899091826,18.820360151095716,0.14855224506924045,0.09546789760805707,0.08875367184221569,0.08749475451112043,0.0824590851867394,0.07427612253462022,0.06945027276542173,0.061686949223667645,0.0648342425514058,0.053294167016365926,0.04259336970205623,0.039026437263953,0.03483004616030214,0.024968527066722618,0.017624842635333614,0.009441879983214435,0.005245488879563575,0.9259905751717976,0.023136579144055865,0.0,0.0,0.0,0.0,0.0,0.0,0.0,0.0,0.0,0.0,0.0,0.0,0.0,0.0,0.0,0.0,0.0,0.0,0.0,0.0,0.0,0.0,0.0,0.0,0.0,0.18254301300881248,3.7012169534200594,14.609735627360473,10.39236256819136,1.1141418380193036,4.246642646577137,2.8566171270902347,nan,nan,nan,4.146229508196721,2.7991088534666697,4.346858638743456,2.909427369562686,1.0483883321340772,0.3909,0.01153,0.0,0.0,0.0,0.0,0.0,0.0,0.0,0.0,0.0,0.0,0.5098615190935796,23.013008812421283,6.477129668485104,0.0,0.0,0.0,0.0,0.0,0.0,0.0,0.0,0.0,0.0,0.0,0.0,0.0,0.0,0.0,0.0,0.0,nan,nan,4.246642646577137,2.8566171270902347,nan,0.3909,0.05237,0.0,0.0,0.0,0.0,0.0,0.0,0.0,0.0,0.0,0.0,0.0,0.0,0.0,0.0,0.0,0.0,0.0,0.0,0.0,0.00015736466638690725,0.0,0.00011540075535039866,6.29458665547629e-05,1.049097775912715e-05,0.009651699538396978,0.004731430969366345,0.0019303399076793957,0.0026961812840956777,0.0041649181703734784,0.02202056231640789,0.01855853965589593,0.018464120856063786,0.03235417540914813,0.029794376835921108,0.045824590851867394,0.03807175828787243,0.06468736886277801,0.10698699118757868,0.07190516156105749,0.0360889634913974,0.09416701636592531,0.05005245488879564,0.11273604699958036,0.06980696600923206,0.023258497691984893,0.041470835081829624,0.014907679395719681,0.0353545950482585,0.022555602182123373,0.008224926563155686,0.005109106168694922,0.005979857322702476,0.002517834662190516,0.004836340746957616,1.049097775912715e-05,1.049097775912715e-05,0.0,0.0007238774653797734,0.0,0.0,0.0,0.0,0.0,0.0,0.0,0.0,0.0,0.0,0.0,0.0,0.0,0.0,0.0,0.0,0.0,0.0,0.0,0.0,0.0,0.0,0.0,0.0,0.0,0.0,0.0,0.0,0.0,0.0,0.0,0.0,0.0,0.0,0.0,0.0,0.0,0.0,0.0,0.0,0.0,0.0,0.0,nan,nan,4.246642646577137,2.8566171270902347,nan,0.9260382701222803,0.023285828154660296,0.0,0.0,0.0,0.0,0.0,0.0,0.0,0.0,0.0,0.0,0.0,0.0,0.0,0.0,0.0,0.0,0.0,0.0,0.0,0.0,0.0,0.0,0.0,0.0,0.0,0.15931372549019612,3.725490196078432,14.754901960784316,10.245098039215689,1.1151960784313728,0.9259402053535138,0.022977799869211904,0.0,0.0,0.0,0.0,0.0,0.0,0.0,0.0,0.0,0.0,0.0,0.0,0.0,0.0,0.0,0.0,0.0,0.0,0.0,0.0,0.0,0.0,0.0,0.0,0.0,0.20707506471095777,3.6755823986195004,14.456427955133739,10.54788610871441,1.113028472821398,0.3909,0.01152,0.0,0.0,0.0,0.0,0.0,0.0,0.0,0.0,0.0,0.0,0.5269607843137256,22.99019607843134,6.482843137254903,0.0,0.0,0.0,0.0,0.0,0.0,0.0,0.0,0.0,0.0,0.0,0.0,0.0,0.0,0.0,0.0,0.0,0.3909,0.01152,0.0,0.0,0.0,0.0,0.0,0.0,0.0,0.0,0.0,0.0,0.4918032786885247,23.03710094909401,6.4710957722174305,0.0,0.0,0.0,0.0,0.0,0.0,0.0,0.0,0.0,0.0,0.0,0.0,0.0,0.0,0.0,0.0,0.0
28400,5008,2594,0.5179712460063898,1200,1048,0.4488817891373802,1438,0.5742811501597445,0.37399999999999994,2.9498757249378627,3.0644103843335375,6.531295487627365,2.1334915608452683,9526.047124600638,1613.9564837149721,7853.0,11083.0,11083.0,0.0,7853.0,0.0,27.73861821086262,20.631352982443637,32.56749703440095,18.917405211895705,0.1363817891373802,0.1018370607028754,0.0996405750798722,0.0880591054313099,0.07987220447284345,0.07168530351437699,0.06789137380191693,0.06230031948881789,0.05950479233226837,0.05391373801916933,0.04912140575079872,0.04153354632587859,0.03374600638977636,0.02476038338658147,0.013977635782747603,0.010782747603833865,0.0049920127795527154,0.9258492100067413,0.023192429724194306,0.0,0.0,0.0,0.0,0.0,0.0,0.0,0.0,0.0,0.0,0.0,0.0,0.0,0.0,0.0,0.0,0.0,0.0,0.0,0.0,0.0,0.0,0.0,0.0,0.00599041533546326,0.17971246006389782,3.7679712460063906,14.838258785942495,10.099840255591058,1.1082268370607031,4.297171277587815,2.87377735533573,nan,nan,nan,4.285980148883374,2.8714349080847574,4.308411214953271,2.8760842678262164,1.0052335907518704,0.3906,0.011375,0.0,0.0,0.0,0.0,0.0,0.0,0.0,0.0,0.0,0.0,0.43130990415335474,23.308706070287506,6.259984025559107,0.0,0.0,0.0,0.0,0.0,0.0,0.0,0.0,0.0,0.0,0.0,0.0,0.0,0.0,0.0,0.0,0.0,nan,nan,4.297171277587815,2.87377735533573,nan,0.3906,0.05276,0.0,0.0,0.0,0.0,0.0,0.0,0.0,0.0,0.0,0.0,0.0,0.0,0.0,0.0,0.0,0.0,0.0,0.0,0.0,7.987220447284345e-05,0.0,3.9936102236421726e-05,0.00011980830670926518,4.9920127795527154e-05,0.01055311501597444,0.005141773162939297,0.002016773162939297,0.0029452875399361023,0.0053614217252396165,0.023013178913738018,0.019438897763578274,0.01975838658146965,0.03251797124600639,0.028384584664536743,0.043979632587859425,0.03654153354632588,0.06235023961661342,0.10626996805111821,0.07137579872204473,0.03757987220447284,0.09027555910543131,0.049081469648562304,0.11864017571884984,0.06814097444089456,0.022863418530351436,0.041932907348242815,0.014716453674121405,0.04006589456869009,0.020796725239616613,0.007108626198083067,0.005061900958466454,0.005920527156549521,0.0025559105431309905,0.004842252396166134,0.0,5.990415335463259e-05,0.0,0.0004193290734824281,0.0,0.0,0.0,0.0,0.0,0.0,0.0,0.0,0.0,0.0,0.0,0.0,0.0,0.0,0.0,0.0,0.0,0.0,0.0,0.0,0.0,0.0,0.0,0.0,0.0,0.0,0.0,0.0,0.0,0.0,0.0,0.0,0.0,0.0,0.0,0.0,0.0,0.0,0.0,0.0,0.0,0.0,0.0,nan,nan,4.297171277587815,2.87377735533573,nan,0.9259489018042085,0.023133171848362416,0.0,0.0,0.0,0.0,0.0,0.0,0.0,0.0,0.0,0.0,0.0,0.0,0.0,0.0,0.0,0.0,0.0,0.0,0.0,0.0,0.0,0.0,0.0,0.0,0.011565150346954513,0.19660755589822673,3.723978411719353,14.849653045489594,10.107941403238245,1.1102544333076332,0.9257420846866791,0.023255461522461877,0.0,0.0,0.0,0.0,0.0,0.0,0.0,0.0,0.0,0.0,0.0,0.0,0.0,0.0,0.0,0.0,0.0,0.0,0.0,0.0,0.0,0.0,0.0,0.0,0.0,0.16155758077879043,3.8152444076222047,14.826014913007459,10.091135045567524,1.1060480530240266,0.3909,0.01125,0.0,0.0,0.0,0.0,0.0,0.0,0.0,0.0,0.0,0.0,0.40478026214340795,23.500385505011533,6.094834232845028,0.0,0.0,0.0,0.0,0.0,0.0,0.0,0.0,0.0,0.0,0.0,0.0,0.0,0.0,0.0,0.0,0.0,0.3904,0.01149,0.0,0.0,0.0,0.0,0.0,0.0,0.0,0.0,0.0,0.0,0.45981772990886505,23.102734051366994,6.437448218724111,0.0,0.0,0.0,0.0,0.0,0.0,0.0,0.0,0.0,0.0,0.0,0.0,0.0,0.0,0.0,0.0,0.0
28500,4547,2363,0.5196833076753904,1120,914,0.4473279085111062,1288,0.5665273806905652,0.418,3.011904761904762,3.1164583246207878,6.573208722741433,2.2175521818384007,9531.577083791512,1613.7481074865952,7853.0,11083.0,11083.0,0.0,7853.0,0.0,28.468880580602594,20.9880334258945,33.17586117586118,19.270008490163647,0.13107543435232022,0.09896635144051022,0.09148889377611612,0.08577083791510887,0.08665053881680229,0.0725753243897075,0.074114800967671,0.05520123158126237,0.05981966131515285,0.05366175500329888,0.04794369914229162,0.04618429733890477,0.031009456784693204,0.023751924345722455,0.024851550472839233,0.010996261271167804,0.005937981086430614,0.9267680118155789,0.022728285049047926,0.0,0.0,0.0,0.0,0.0,0.0,0.0,0.0,0.0,0.0,0.0,0.0,0.0,0.0,0.0,0.0,0.0,0.0,0.0,0.0,0.0,0.0,0.0,0.0,0.0,0.16494391906751707,3.2592918407741376,15.148449527160768,10.25291400923686,1.1744007037607216,4.229711602951039,2.88452284027868,nan,nan,nan,4.237738419618529,2.876668961324381,4.221928665785997,2.8920964554670663,0.9962692945465108,0.3901,0.01132,0.0,0.0,0.0,0.0,0.0,0.0,0.0,0.0,0.0,0.0,0.5080272707279526,23.606773696943005,5.88519903232901,0.0,0.0,0.0,0.0,0.0,0.0,0.0,0.0,0.0,0.0,0.0,0.0,0.0,0.0,0.0,0.0,0.0,nan,nan,4.229711602951039,2.88452284027868,nan,0.3901,0.05286,0.0,0.0,0.0,0.0,0.0,0.0,0.0,0.0,0.0,0.0,0.0,0.0,0.0,0.0,0.0,0.0,0.0,0.0,0.0,0.0002859027930503629,3.298878381350341e-05,1.0996261271167803e-05,0.00012095887398284583,4.398504508467121e-05,0.010402463162524741,0.004376511985924786,0.002232241038047064,0.003298878381350341,0.005531119419397405,0.023740928084451288,0.020837915108862987,0.019991202990983066,0.032460963272487355,0.026413019573345062,0.04395205630085771,0.038563888277985486,0.06497690785133055,0.10273806905652079,0.07210248515504729,0.03844292940400264,0.091939740488234,0.048009676709918625,0.11575764240158345,0.06822080492632505,0.02137673191115021,0.040004398504508466,0.016692324609632724,0.04167583021772597,0.021134814163184516,0.00715856608753024,0.004266549373213108,0.005981966131515285,0.002133274686606554,0.004475478337365296,0.00013195513525401364,0.00027490653177919506,0.0,0.00020892896415218825,0.0,0.0,0.0,0.0,0.0,0.0,0.0,0.0,0.0,0.0,0.0,0.0,0.0,0.0,0.0,0.0,0.0,0.0,0.0,0.0,0.0,0.0,0.0,0.0,0.0,0.0,0.0,0.0,0.0,0.0,0.0,0.0,0.0,0.0,0.0,0.0,0.0,0.0,0.0,0.0,0.0,0.0,0.0,nan,nan,4.229711602951039,2.88452284027868,nan,0.9268280878896387,0.02295348137013432,0.0,0.0,0.0,0.0,0.0,0.0,0.0,0.0,0.0,0.0,0.0,0.0,0.0,0.0,0.0,0.0,0.0,0.0,0.0,0.0,0.0,0.0,0.0,0.0,0.0,0.15234870926787983,3.3008887008040633,15.158696572154044,10.080406263224717,1.307659754549302,0.9267030119240939,0.02248191041986778,0.0,0.0,0.0,0.0,0.0,0.0,0.0,0.0,0.0,0.0,0.0,0.0,0.0,0.0,0.0,0.0,0.0,0.0,0.0,0.0,0.0,0.0,0.0,0.0,0.0,0.17857142857142863,3.2142857142857153,15.13736263736264,10.439560439560442,1.0302197802197803,0.3904,0.0112,0.0,0.0,0.0,0.0,0.0,0.0,0.0,0.0,0.0,0.0,0.4189589504866696,23.525179856115074,6.055861193398224,0.0,0.0,0.0,0.0,0.0,0.0,0.0,0.0,0.0,0.0,0.0,0.0,0.0,0.0,0.0,0.0,0.0,0.39,0.01146,0.0,0.0,0.0,0.0,0.0,0.0,0.0,0.0,0.0,0.0,0.6043956043956045,23.695054945054913,5.7005494505494525,0.0,0.0,0.0,0.0,0.0,0.0,0.0,0.0,0.0,0.0,0.0,0.0,0.0,0.0,0.0,0.0,0.0
28600,4518,2363,0.5230190349712263,1123,926,0.4535192563081009,1286,0.5692784417884019,0.40599999999999997,2.9647331786542925,3.061270661189068,6.5424,2.096521461850558,9542.351482957061,1613.287592768904,7853.0,11083.0,11083.0,0.0,7853.0,0.0,28.931164231961045,21.271009935434133,33.782449725776964,19.46709581412427,0.13302346170872067,0.09274015050907482,0.08964143426294821,0.08587870739265162,0.08211598052235503,0.07569721115537849,0.07436918990703852,0.05688357680389553,0.05909694555112882,0.055998229305002215,0.049358123063302346,0.0382912793271359,0.035856573705179286,0.02656042496679947,0.021469676848162905,0.013944223107569721,0.009074811863656485,0.9264752383831594,0.023279266521034174,0.0,0.0,0.0,0.0,0.0,0.0,0.0,0.0,0.0,0.0,0.0,0.0,0.0,0.0,0.0,0.0,0.0,0.0,0.0,0.0,0.0,0.0,0.0,0.0,0.0,0.11288180610889777,3.7184594953519263,14.555112881806112,10.378486055776895,1.2350597609561755,4.154825737265416,2.870791622650114,nan,nan,nan,4.159167226326393,2.9070301494305517,4.150501672240803,2.8342314022149906,0.9979165170299622,0.3901,0.01161,0.0,0.0,0.0,0.0,0.0,0.0,0.0,0.0,0.0,0.0,0.6108897742363879,23.57237715803449,5.816733067729086,0.0,0.0,0.0,0.0,0.0,0.0,0.0,0.0,0.0,0.0,0.0,0.0,0.0,0.0,0.0,0.0,0.0,nan,nan,4.154825737265416,2.870791622650114,nan,0.3901,0.05276,0.0,0.0,0.0,0.0,0.0,0.0,0.0,0.0,0.0,0.0,0.0,0.0,0.0,0.0,0.0,0.0,0.0,0.0,0.0,0.00015493581230633023,0.0,0.0,8.853474988933157e-05,1.1066843736166446e-05,0.010779105799026118,0.0045927401505090745,0.0020141655599822932,0.0033643204957945995,0.00566622399291722,0.024756529437804337,0.02158034528552457,0.01933377600708278,0.02944887118193891,0.027810978308986278,0.043105356352368306,0.04122399291722001,0.06506197432492253,0.10014386896857017,0.07277556440903055,0.04061531651173086,0.09278441788401948,0.045805666223992916,0.11438689685701638,0.07082779991146525,0.02073926516157592,0.03926516157591855,0.016644532979194333,0.042994687915006644,0.0199867197875166,0.007038512616201859,0.004537405931828243,0.005710491367861886,0.0018702965914121294,0.004039397963700752,0.0002434705621956618,0.00016600265604249667,1.1066843736166446e-05,0.0004094732182381585,1.1066843736166446e-05,0.0,0.0,0.0,0.0,0.0,0.0,0.0,0.0,0.0,0.0,0.0,0.0,0.0,0.0,0.0,0.0,0.0,0.0,0.0,0.0,0.0,0.0,0.0,0.0,0.0,0.0,0.0,0.0,0.0,0.0,0.0,0.0,0.0,0.0,0.0,0.0,0.0,0.0,0.0,0.0,0.0,0.0,nan,nan,4.154825737265416,2.870791622650114,nan,0.9264592189330748,0.023400849034712286,0.0,0.0,0.0,0.0,0.0,0.0,0.0,0.0,0.0,0.0,0.0,0.0,0.0,0.0,0.0,0.0,0.0,0.0,0.0,0.0,0.0,0.0,0.0,0.0,0.0,0.08887008040626325,3.9356749894202294,14.384257300042322,10.359712230215829,1.231485399915362,0.9264928040261058,0.023145202045293457,0.0,0.0,0.0,0.0,0.0,0.0,0.0,0.0,0.0,0.0,0.0,0.0,0.0,0.0,0.0,0.0,0.0,0.0,0.0,0.0,0.0,0.0,0.0,0.0,0.0,0.1392111368909513,3.480278422273783,14.742459396751743,10.399071925754061,1.2389791183294665,0.3901,0.01153,0.0,0.0,0.0,0.0,0.0,0.0,0.0,0.0,0.0,0.0,0.6601777401608128,23.47439695302578,5.865425306813374,0.0,0.0,0.0,0.0,0.0,0.0,0.0,0.0,0.0,0.0,0.0,0.0,0.0,0.0,0.0,0.0,0.0,0.39,0.011696,0.0,0.0,0.0,0.0,0.0,0.0,0.0,0.0,0.0,0.0,0.5568445475638052,23.679814385150777,5.763341067285385,0.0,0.0,0.0,0.0,0.0,0.0,0.0,0.0,0.0,0.0,0.0,0.0,0.0,0.0,0.0,0.0,0.0
28700,4307,2235,0.5189226840027862,1064,884,0.4522869746923613,1202,0.5581611330392384,0.434,2.971042471042471,3.1551164664898073,6.654320987654321,2.232613369532102,9529.120269329,1613.8430260335579,7853.0,11083.0,11083.0,0.0,7853.0,0.0,28.077780357557465,20.902911900736036,33.01270016565434,19.12709544532557,0.1393081030879963,0.10285581611330392,0.0863710239145577,0.0907824471790109,0.07824471790109125,0.07661945669839795,0.0666357093104249,0.06036684467146506,0.0599024843278384,0.052472718829811936,0.0487578360807987,0.04225679127002554,0.03413048525655909,0.025771999071279313,0.019735314604132807,0.00975156721615974,0.006036684467146506,0.9261207332986399,0.02327392336001879,0.0,0.0,0.0,0.0,0.0,0.0,0.0,0.0,0.0,0.0,0.0,0.0,0.0,0.0,0.0,0.0,0.0,0.0,0.0,0.0,0.0,0.0,0.0,0.0,0.0,0.19503134432319486,3.7752495936847,14.488042721151617,10.287903413048527,1.2537729277919667,4.204220314735336,2.946494134137342,nan,nan,nan,4.223977027997129,2.9164138270115214,4.184022824536377,2.9769109245712064,0.9905410935722591,0.3904,0.01165,0.0,0.0,0.0,0.0,0.0,0.0,0.0,0.0,0.0,0.0,0.6408172742047831,23.16693754353375,6.192245182261437,0.0,0.0,0.0,0.0,0.0,0.0,0.0,0.0,0.0,0.0,0.0,0.0,0.0,0.0,0.0,0.0,0.0,nan,nan,4.204220314735336,2.946494134137342,nan,0.3904,0.05276,0.0,0.0,0.0,0.0,0.0,0.0,0.0,0.0,0.0,0.0,0.0,0.0,0.0,0.0,0.0,0.0,0.0,0.0,0.0,5.8045042953331786e-05,0.0,0.0,5.8045042953331786e-05,0.0,0.012131413977246343,0.005177617831437195,0.0018458323659159507,0.0044578592988158815,0.004550731367541212,0.02396099373113536,0.019839795681448804,0.020211283956350128,0.02804736475504992,0.027710703505920593,0.04210587415834688,0.04202461109821221,0.06423264453215695,0.09926863245878802,0.07014162990480613,0.03974924541444161,0.09410262363594149,0.048107731599721384,0.1188762479684235,0.07031576503366613,0.02071047132574878,0.03951706524262828,0.017123287671232876,0.04301137682841885,0.018295797538890178,0.006814488042721152,0.005781286278151846,0.00538657998606919,0.00213605758068261,0.003389830508474576,0.0002902252147666589,0.0,0.00010448107731599721,0.0004643603436266543,0.0,0.0,0.0,0.0,0.0,0.0,0.0,0.0,0.0,0.0,0.0,0.0,0.0,0.0,0.0,0.0,0.0,0.0,0.0,0.0,0.0,0.0,0.0,0.0,0.0,0.0,0.0,0.0,0.0,0.0,0.0,0.0,0.0,0.0,0.0,0.0,0.0,0.0,0.0,0.0,0.0,0.0,0.0,nan,nan,4.204220314735336,2.946494134137342,nan,0.9259843664414664,0.023371294264110876,0.0,0.0,0.0,0.0,0.0,0.0,0.0,0.0,0.0,0.0,0.0,0.0,0.0,0.0,0.0,0.0,0.0,0.0,0.0,0.0,0.0,0.0,0.0,0.0,0.0,0.18791946308724838,3.9865771812080544,14.295302013422821,10.201342281879196,1.3288590604026849,0.9262678278574152,0.023167533855969417,0.0,0.0,0.0,0.0,0.0,0.0,0.0,0.0,0.0,0.0,0.0,0.0,0.0,0.0,0.0,0.0,0.0,0.0,0.0,0.0,0.0,0.0,0.0,0.0,0.0,0.20270270270270277,3.5472972972972983,14.69594594594595,10.381274131274132,1.172779922779923,0.3904,0.01166,0.0,0.0,0.0,0.0,0.0,0.0,0.0,0.0,0.0,0.0,0.6308724832214766,23.288590604026812,6.080536912751679,0.0,0.0,0.0,0.0,0.0,0.0,0.0,0.0,0.0,0.0,0.0,0.0,0.0,0.0,0.0,0.0,0.0,0.3904,0.01165,0.0,0.0,0.0,0.0,0.0,0.0,0.0,0.0,0.0,0.0,0.6515444015444016,23.035714285714253,6.312741312741315,0.0,0.0,0.0,0.0,0.0,0.0,0.0,0.0,0.0,0.0,0.0,0.0,0.0,0.0,0.0,0.0,0.0
28800,4553,2367,0.5198770041730727,1154,906,0.4524489347682846,1263,0.554799033604217,0.41,2.983074107959744,3.0904609117154416,6.523052464228935,2.1689072289968334,9532.202723479024,1613.7233375947303,7853.0,11083.0,11083.0,0.0,7853.0,0.0,27.811772457720185,20.69916557552527,32.81515469323545,18.885162603475493,0.14386119042389633,0.09488249505820338,0.09444322424774873,0.08895233911706567,0.0766527564243356,0.07709202723479025,0.07182077750933451,0.06061937184274105,0.06171754886887766,0.052932132659784754,0.04524489347682847,0.0417307269931913,0.030529321326597848,0.02503843619591478,0.018888644849549746,0.011201405666593455,0.004392708104546453,0.9253451937427893,0.02316782304739594,0.0,0.0,0.0,0.0,0.0,0.0,0.0,0.0,0.0,0.0,0.0,0.0,0.0,0.0,0.0,0.0,0.0,0.0,0.0,0.0,0.0,0.0,0.0,0.0,0.0,0.17131561607731172,4.072040412914562,14.799033604217003,9.89677135954316,1.0608390072479685,4.198844323589395,2.8783797602862675,nan,nan,nan,4.230348598769651,2.8807908510846185,4.164411366711772,2.8738765573301883,0.9844132863951081,0.3896,0.01147,0.0,0.0,0.0,0.0,0.0,0.0,0.0,0.0,0.0,0.0,0.784098396661542,23.74698001317809,5.468921590160336,0.0,0.0,0.0,0.0,0.0,0.0,0.0,0.0,0.0,0.0,0.0,0.0,0.0,0.0,0.0,0.0,0.0,nan,nan,4.198844323589395,2.8783797602862675,nan,0.3896,0.05325,0.0,0.0,0.0,0.0,0.0,0.0,0.0,0.0,0.0,0.0,0.0,0.0,0.0,0.0,0.0,0.0,0.0,0.0,0.0,8.785416209092906e-05,0.0,0.0,9.88359323522952e-05,0.0,0.013869975840105424,0.0054579398198989675,0.0013397759718866682,0.004678234131341973,0.004425653415330551,0.024741928398857894,0.018361519877004174,0.021678014495936745,0.026927300680869758,0.027838787612563146,0.04607950801669229,0.043971008126509996,0.06295848890841203,0.10031847133757962,0.06942675159235669,0.041214583790907096,0.09001757083241818,0.04788051833955634,0.11781243136393586,0.06749396002635624,0.021513287942016252,0.03827146936086097,0.017142543377992533,0.0437733362618054,0.01731825170217439,0.0070063694267515925,0.0054579398198989675,0.005985064792444542,0.002657588403250604,0.003470239402591698,0.0001317812431363936,2.1963540522732265e-05,0.000164726553920492,0.0004063254996705469,0.0,0.0,0.0,0.0,0.0,0.0,0.0,0.0,0.0,0.0,0.0,0.0,0.0,0.0,0.0,0.0,0.0,0.0,0.0,0.0,0.0,0.0,0.0,0.0,0.0,0.0,0.0,0.0,0.0,0.0,0.0,0.0,0.0,0.0,0.0,0.0,0.0,0.0,0.0,0.0,0.0,0.0,0.0,nan,nan,4.198844323589395,2.8783797602862675,nan,0.92545494375523,0.022989556487796003,0.0,0.0,0.0,0.0,0.0,0.0,0.0,0.0,0.0,0.0,0.0,0.0,0.0,0.0,0.0,0.0,0.0,0.0,0.0,0.0,0.0,0.0,0.0,0.0,0.0,0.13941698352344742,3.8403041825095063,15.145754119138152,9.822560202788342,1.0519645120405579,0.9252263564694833,0.023358734532773807,0.0,0.0,0.0,0.0,0.0,0.0,0.0,0.0,0.0,0.0,0.0,0.0,0.0,0.0,0.0,0.0,0.0,0.0,0.0,0.0,0.0,0.0,0.0,0.0,0.0,0.20585544373284542,4.3229643183897535,14.423604757548036,9.977127172918575,1.0704483074107962,0.3894,0.01135,0.0,0.0,0.0,0.0,0.0,0.0,0.0,0.0,0.0,0.0,0.7984790874524716,23.97972116603292,5.221799746514577,0.0,0.0,0.0,0.0,0.0,0.0,0.0,0.0,0.0,0.0,0.0,0.0,0.0,0.0,0.0,0.0,0.0,0.39,0.01158,0.0,0.0,0.0,0.0,0.0,0.0,0.0,0.0,0.0,0.0,0.7685269899359563,23.49496797804205,5.7365050320219595,0.0,0.0,0.0,0.0,0.0,0.0,0.0,0.0,0.0,0.0,0.0,0.0,0.0,0.0,0.0,0.0,0.0
28900,4554,2392,0.5252525252525253,1130,924,0.4510320597277119,1244,0.5463328941589811,0.418,2.9805735430157263,3.111048623509189,6.6644295302013425,2.149171022501509,9549.565656565657,1612.93894604508,7853.0,11083.0,11083.0,0.0,7853.0,0.0,28.154808959156785,20.77128234679347,33.07308796658836,18.971351379337108,0.1368028107158542,0.09420289855072464,0.09727711901624946,0.08388230127360562,0.08410188844971454,0.07136583223539746,0.06873078612209046,0.07092665788317962,0.058190601668862536,0.04962670180061485,0.04787000439174352,0.045454545454545456,0.032498902064119456,0.028107158541941152,0.013614404918752744,0.010759771629336846,0.006587615283267457,0.9260429778562913,0.02292749118837641,0.0,0.0,0.0,0.0,0.0,0.0,0.0,0.0,0.0,0.0,0.0,0.0,0.0,0.0,0.0,0.0,0.0,0.0,0.0,0.0,0.0,0.0,0.0,0.0,0.006587615283267459,0.11857707509881425,3.6100131752305673,15.296442687747039,9.729907773386035,1.2384716732542822,4.193504736129905,2.918103825438673,nan,nan,nan,4.197050938337801,2.9136439490350305,4.189890710382514,2.922637570854354,0.9982939859295291,0.3901,0.011604,0.0,0.0,0.0,0.0,0.0,0.0,0.0,0.0,0.0,0.0,0.7509881422924903,23.498023715414984,5.750988142292492,0.0,0.0,0.0,0.0,0.0,0.0,0.0,0.0,0.0,0.0,0.0,0.0,0.0,0.0,0.0,0.0,0.0,nan,nan,4.193504736129905,2.918103825438673,nan,0.3901,0.0533,0.0,0.0,0.0,0.0,0.0,0.0,0.0,0.0,0.0,0.0,0.0,0.0,0.0,0.0,0.0,0.0,0.0,0.0,0.0,8.78348704435661e-05,0.0,0.0,2.1958717610891526e-05,0.0,0.014712340799297322,0.00525911286780852,0.0017676767676767678,0.004303908651734739,0.003381642512077295,0.02341897233201581,0.020059288537549406,0.021157224418093982,0.025505050505050506,0.026306543697848045,0.04645366710584102,0.044027228809837504,0.0633179622310057,0.10243741765480896,0.06618357487922705,0.041359244620114186,0.09010759771629337,0.04859464207290294,0.11874176548089592,0.0678963548528766,0.022342995169082124,0.03854852876592007,0.01686429512516469,0.04221563460693895,0.018269653052261747,0.006971892841458059,0.0059617918313570484,0.006368028107158542,0.0034914361001317524,0.0032938076416337285,0.00016469038208168644,0.0,4.391743522178305e-05,0.00036231884057971015,0.0,0.0,0.0,0.0,0.0,0.0,0.0,0.0,0.0,0.0,0.0,0.0,0.0,0.0,0.0,0.0,0.0,0.0,0.0,0.0,0.0,0.0,0.0,0.0,0.0,0.0,0.0,0.0,0.0,0.0,0.0,0.0,0.0,0.0,0.0,0.0,0.0,0.0,0.0,0.0,0.0,0.0,0.0,nan,nan,4.193504736129905,2.918103825438673,nan,0.926283567944498,0.0230143853070996,0.0,0.0,0.0,0.0,0.0,0.0,0.0,0.0,0.0,0.0,0.0,0.0,0.0,0.0,0.0,0.0,0.0,0.0,0.0,0.0,0.0,0.0,0.0,0.0,0.0,0.10033444816053515,3.649665551839466,15.037625418060204,9.88294314381271,1.3294314381270906,0.92577679307785,0.02282801323649008,0.0,0.0,0.0,0.0,0.0,0.0,0.0,0.0,0.0,0.0,0.0,0.0,0.0,0.0,0.0,0.0,0.0,0.0,0.0,0.0,0.0,0.0,0.0,0.0,0.013876040703052732,0.1387604070305273,3.566142460684552,15.582793709528218,9.560592044403332,1.137835337650324,0.3901,0.01152,0.0,0.0,0.0,0.0,0.0,0.0,0.0,0.0,0.0,0.0,0.702341137123746,23.56605351170565,5.73160535117057,0.0,0.0,0.0,0.0,0.0,0.0,0.0,0.0,0.0,0.0,0.0,0.0,0.0,0.0,0.0,0.0,0.0,0.39,0.011696,0.0,0.0,0.0,0.0,0.0,0.0,0.0,0.0,0.0,0.0,0.8048103607770585,23.422756706752974,5.772432932469937,0.0,0.0,0.0,0.0,0.0,0.0,0.0,0.0,0.0,0.0,0.0,0.0,0.0,0.0,0.0,0.0,0.0
29000,4603,2373,0.5155333478166413,1125,938,0.4481859656745601,1326,0.5761459917445144,0.414,3.0004484304932735,3.0974457545690024,6.601926163723917,2.1542736980935833,9518.172713447751,1614.2204616548786,7853.0,11083.0,11083.0,0.0,7853.0,0.0,27.70693026287204,20.575627095063698,32.65327805130863,18.78776380887932,0.13817075820117314,0.09754507929611123,0.09233108842059526,0.0914620899413426,0.08255485552900282,0.08103410819031066,0.06626113404301542,0.06365413860525744,0.059309146208994135,0.05300890723441234,0.04583966978057789,0.04019117966543558,0.030849446013469478,0.024331957419074516,0.018466217684119053,0.00934173365196611,0.005648490115142298,0.9266640776762257,0.02325996704892866,0.0,0.0,0.0,0.0,0.0,0.0,0.0,0.0,0.0,0.0,0.0,0.0,0.0,0.0,0.0,0.0,0.0,0.0,0.0,0.0,0.0,0.0,0.0,0.0,0.0,0.2020421464262438,3.649793612861178,14.468824679556814,10.551814034325442,1.1275255268303281,4.2771409305461905,2.837245665307075,nan,nan,nan,4.222811671087533,2.815165362857951,4.3335621139327385,2.8597854036615526,1.0262267066285442,0.3906,0.01124,0.0,0.0,0.0,0.0,0.0,0.0,0.0,0.0,0.0,0.0,0.5148815989572019,23.60634368889851,5.8787747121442555,0.0,0.0,0.0,0.0,0.0,0.0,0.0,0.0,0.0,0.0,0.0,0.0,0.0,0.0,0.0,0.0,0.0,nan,nan,4.2771409305461905,2.837245665307075,nan,0.3906,0.0529,0.0,0.0,0.0,0.0,0.0,0.0,0.0,0.0,0.0,0.0,0.0,0.0,0.0,0.0,0.0,0.0,0.0,0.0,4.3449923962633065e-05,9.77623289159244e-05,4.3449923962633065e-05,1.0862480990658266e-05,0.0,0.0,0.014686074299369975,0.005713665001086248,0.0017923093634586139,0.0038235933087117095,0.0031718444492722137,0.02331088420595264,0.01834673039322181,0.019487290897240928,0.02219204866391484,0.023538996306756464,0.04681729306973713,0.04527482076906365,0.06647838366282859,0.10547469041929176,0.06444709971757549,0.040614816424071255,0.08905061916141646,0.04918531392570063,0.1188464045187921,0.07395177058440147,0.02300673473821421,0.039376493591136215,0.014957636324136433,0.04265696285031501,0.01667390832066044,0.007560286769498153,0.006039539430805996,0.006810775581142733,0.0030523571583749728,0.0025961329567673256,0.0001955246578318488,3.25874429719748e-05,0.0,0.0006408863784488377,0.0,0.0,0.0,0.0,0.0,0.0,0.0,0.0,0.0,0.0,0.0,0.0,0.0,0.0,0.0,0.0,0.0,0.0,0.0,0.0,0.0,0.0,0.0,0.0,0.0,0.0,0.0,0.0,0.0,0.0,0.0,0.0,0.0,0.0,0.0,0.0,0.0,0.0,0.0,0.0,0.0,0.0,0.0,nan,nan,4.2771409305461905,2.837245665307075,nan,0.9269025582730694,0.023673688785880834,0.0,0.0,0.0,0.0,0.0,0.0,0.0,0.0,0.0,0.0,0.0,0.0,0.0,0.0,0.0,0.0,0.0,0.0,0.0,0.0,0.0,0.0,0.0,0.0,0.0,0.20227560050568905,3.754740834386853,14.222503160556261,10.632111251580282,1.188369152970923,0.9264103043774319,0.022808737716697846,0.0,0.0,0.0,0.0,0.0,0.0,0.0,0.0,0.0,0.0,0.0,0.0,0.0,0.0,0.0,0.0,0.0,0.0,0.0,0.0,0.0,0.0,0.0,0.0,0.0,0.20179372197309423,3.538116591928252,14.730941704035878,10.466367713004486,1.0627802690582961,0.3904,0.011185,0.0,0.0,0.0,0.0,0.0,0.0,0.0,0.0,0.0,0.0,0.5056890012642226,23.78002528445003,5.714285714285716,0.0,0.0,0.0,0.0,0.0,0.0,0.0,0.0,0.0,0.0,0.0,0.0,0.0,0.0,0.0,0.0,0.0,0.3906,0.01129,0.0,0.0,0.0,0.0,0.0,0.0,0.0,0.0,0.0,0.0,0.5246636771300449,23.421524663677097,6.053811659192827,0.0,0.0,0.0,0.0,0.0,0.0,0.0,0.0,0.0,0.0,0.0,0.0,0.0,0.0,0.0,0.0,0.0
29100,4835,2465,0.5098241985522234,1150,980,0.4405377456049638,1391,0.575387797311272,0.40599999999999997,3.041772151898734,3.1686002018595665,6.669096209912537,2.215728575214829,9499.732161323682,1614.6882268530135,7853.0,11083.0,11083.0,0.0,7853.0,0.0,27.950568769389864,20.837000669106885,32.67432762836186,19.180255513549117,0.13485005170630818,0.10568769389865564,0.09658738366080662,0.08397104446742502,0.08293691830403309,0.06763185108583247,0.07425025853154085,0.061220268872802484,0.05501551189245088,0.055429162357807656,0.04798345398138573,0.03929679420889348,0.032471561530506725,0.02998965873836608,0.01737331954498449,0.00951396070320579,0.00579110651499483,0.926713198503516,0.022992955066533368,0.0,0.0,0.0,0.0,0.0,0.0,0.0,0.0,0.0,0.0,0.0,0.0,0.0,0.0,0.0,0.0,0.0,0.0,0.0,0.0,0.0,0.0,0.0,0.0,0.0,0.08686659772492246,3.741468459152017,14.531540847983457,10.330920372285421,1.3092037228541886,4.398968739929101,2.9106401702101192,nan,nan,nan,4.418439716312057,2.9152473426899665,4.37951030927835,2.9058983328787913,0.9911893316344259,0.3909,0.011345,0.0,0.0,0.0,0.0,0.0,0.0,0.0,0.0,0.0,0.0,0.38469493278179945,23.27404343329883,6.328852119958636,0.012409513960703208,0.0,0.0,0.0,0.0,0.0,0.0,0.0,0.0,0.0,0.0,0.0,0.0,0.0,0.0,0.0,0.0,nan,nan,4.398968739929101,2.9106401702101192,nan,0.3909,0.0527,0.0,0.0,0.0,0.0,0.0,0.0,0.0,0.0,0.0,0.0,0.0,0.0,0.0,0.0,0.0,0.0,0.0,0.0,5.170630816959669e-05,0.00011375387797311272,0.00015511892450879007,0.0,2.0682523267838676e-05,0.0,0.013805584281282316,0.005646328852119959,0.0024301964839710446,0.003640124095139607,0.002833505687693899,0.023216132368148915,0.017166494312306102,0.01926577042399173,0.021334022750775596,0.02280248190279214,0.044725956566701135,0.046628748707342293,0.06954498448810754,0.10398138572905895,0.06552223371251292,0.04059979317476732,0.09110651499482937,0.04829369183040331,0.1219855222337125,0.07380558428128231,0.022109617373319543,0.03843846949327818,0.013154084798345398,0.04127197518097208,0.01674250258531541,0.008665977249224405,0.00655635987590486,0.006845915201654602,0.003609100310237849,0.0032264736297828336,0.0002585315408479835,1.0341261633919338e-05,0.0,0.0004343329886246122,0.0,0.0,0.0,0.0,0.0,0.0,0.0,0.0,0.0,0.0,0.0,0.0,0.0,0.0,0.0,0.0,0.0,0.0,0.0,0.0,0.0,0.0,0.0,0.0,0.0,0.0,0.0,0.0,0.0,0.0,0.0,0.0,0.0,0.0,0.0,0.0,0.0,0.0,0.0,0.0,0.0,0.0,0.0,nan,nan,4.398968739929101,2.9106401702101192,nan,0.926486723031282,0.022569378585261732,0.0,0.0,0.0,0.0,0.0,0.0,0.0,0.0,0.0,0.0,0.0,0.0,0.0,0.0,0.0,0.0,0.0,0.0,0.0,0.0,0.0,0.0,0.0,0.0,0.0,0.0851926977687627,3.6754563894523335,14.567951318458421,10.503042596348887,1.1683569979716026,0.9269487521064935,0.023423062929141297,0.0,0.0,0.0,0.0,0.0,0.0,0.0,0.0,0.0,0.0,0.0,0.0,0.0,0.0,0.0,0.0,0.0,0.0,0.0,0.0,0.0,0.0,0.0,0.0,0.0,0.08860759493670889,3.8101265822784818,14.493670886075952,10.151898734177216,1.455696202531646,0.391,0.011345,0.0,0.0,0.0,0.0,0.0,0.0,0.0,0.0,0.0,0.0,0.3894523326572009,22.91683569979713,6.6937119675456405,0.0,0.0,0.0,0.0,0.0,0.0,0.0,0.0,0.0,0.0,0.0,0.0,0.0,0.0,0.0,0.0,0.0,0.3909,0.011345,0.0,0.0,0.0,0.0,0.0,0.0,0.0,0.0,0.0,0.0,0.37974683544303806,23.64556962025313,5.949367088607596,0.025316455696202538,0.0,0.0,0.0,0.0,0.0,0.0,0.0,0.0,0.0,0.0,0.0,0.0,0.0,0.0,0.0,0.0
29200,4602,2440,0.5302042590178183,1150,889,0.44306823120382444,1264,0.5493263798348544,0.39799999999999996,2.925531914893617,2.957532492652642,6.253105590062112,2.0307205024417008,9565.559756627554,1612.0505866401254,7853.0,11083.0,11083.0,0.0,7853.0,0.0,28.82290308561495,21.057477404276923,33.484307221229905,19.331879312894937,0.12755323772272925,0.09930465015210778,0.09104737070838766,0.08279009126466753,0.08300738809213386,0.07735767057800956,0.06649282920469361,0.06497175141242938,0.05823554976097349,0.05193394176445024,0.04932637983485441,0.04563233376792699,0.03672316384180791,0.027596697088222513,0.01955671447196871,0.010430247718383311,0.008039982616253803,0.9264107329308702,0.023231390865232123,0.0,0.0,0.0,0.0,0.0,0.0,0.0,0.0,0.0,0.0,0.0,0.0,0.0,0.0,0.0,0.0,0.0,0.0,0.0,0.0,0.0,0.0,0.0,0.0,0.0,0.18252933507170802,3.7614080834419825,14.354628422425035,10.501955671447199,1.199478487614081,4.091691492883151,2.8031288056591293,nan,nan,nan,4.032150033489618,2.763320269867334,4.149869109947644,2.8402814888224324,1.029195113148145,0.3909,0.01142,0.0,0.0,0.0,0.0,0.0,0.0,0.0,0.0,0.0,0.0,0.46284224250325956,22.959582790091233,6.577574967405478,0.0,0.0,0.0,0.0,0.0,0.0,0.0,0.0,0.0,0.0,0.0,0.0,0.0,0.0,0.0,0.0,0.0,nan,nan,4.091691492883151,2.8031288056591293,nan,0.3909,0.053,0.0,0.0,0.0,0.0,0.0,0.0,0.0,0.0,0.0,0.0,0.0,0.0,0.0,0.0,0.0,0.0,0.0,0.0,2.17296827466319e-05,0.00014124293785310735,6.51890482398957e-05,0.0,3.259452411994785e-05,6.51890482398957e-05,0.01418948283355063,0.006345067362016514,0.002792264232942199,0.003465884398087788,0.0033355063016079966,0.024337244676227728,0.01754671881790526,0.01778574532811821,0.01915471534115602,0.02328335506301608,0.04593654932637983,0.04737070838765754,0.06720990873533246,0.1049109083007388,0.06199478487614081,0.04105823554976097,0.08906996957844415,0.04593654932637983,0.12432637983485441,0.07604302477183833,0.02306605823554976,0.03840721425467188,0.01550412863972186,0.0406671012603216,0.017199043893959147,0.008496305953933072,0.0070404172099087356,0.005541069100391135,0.003976531942633638,0.002846588439808779,0.0001955671447196871,0.0,0.0,0.000641025641025641,0.0,0.0,0.0,0.0,0.0,0.0,0.0,0.0,0.0,0.0,0.0,0.0,0.0,0.0,0.0,0.0,0.0,0.0,0.0,0.0,0.0,0.0,0.0,0.0,0.0,0.0,0.0,0.0,0.0,0.0,0.0,0.0,0.0,0.0,0.0,0.0,0.0,0.0,0.0,0.0,0.0,0.0,0.0,nan,nan,4.091691492883151,2.8031288056591293,nan,0.9261667797311408,0.023088811483498825,0.0,0.0,0.0,0.0,0.0,0.0,0.0,0.0,0.0,0.0,0.0,0.0,0.0,0.0,0.0,0.0,0.0,0.0,0.0,0.0,0.0,0.0,0.0,0.0,0.0,0.22131147540983612,3.774590163934427,14.4344262295082,10.389344262295085,1.1803278688524592,0.9266860547659025,0.023388203691202123,0.0,0.0,0.0,0.0,0.0,0.0,0.0,0.0,0.0,0.0,0.0,0.0,0.0,0.0,0.0,0.0,0.0,0.0,0.0,0.0,0.0,0.0,0.0,0.0,0.0,0.1387604070305273,3.7465309898242376,14.264569842738208,10.629047178538393,1.2210915818686403,0.3909,0.01141,0.0,0.0,0.0,0.0,0.0,0.0,0.0,0.0,0.0,0.0,0.4303278688524591,22.856557377049146,6.7131147540983624,0.0,0.0,0.0,0.0,0.0,0.0,0.0,0.0,0.0,0.0,0.0,0.0,0.0,0.0,0.0,0.0,0.0,0.3909,0.01143,0.0,0.0,0.0,0.0,0.0,0.0,0.0,0.0,0.0,0.0,0.49953746530989834,23.075855689176656,6.4246068455134155,0.0,0.0,0.0,0.0,0.0,0.0,0.0,0.0,0.0,0.0,0.0,0.0,0.0,0.0,0.0,0.0,0.0
29300,4293,2203,0.5131609597018402,1039,874,0.44560913114372236,1200,0.5590496156533893,0.446,3.0210526315789474,3.188126422860142,6.710069444444445,2.3557633218366405,9510.509899836943,1614.4404319812647,7853.0,11083.0,11083.0,0.0,7853.0,0.0,27.628232005590498,20.63731069345107,32.446843853820596,18.952779770375237,0.1367342184952248,0.10225949219659912,0.09853249475890985,0.08129513160959702,0.08641975308641975,0.07570463545306312,0.07081295131609597,0.0593990216631726,0.06359189378057302,0.04728627999068251,0.04914977870952714,0.04262753319357093,0.03167947822035872,0.021430235266713255,0.015373864430468204,0.011180992313067784,0.006522245515956208,0.9264590011286119,0.023434059102213054,0.0,0.0,0.0,0.0,0.0,0.0,0.0,0.0,0.0,0.0,0.0,0.0,0.0,0.0,0.0,0.0,0.0,0.0,0.0,0.0,0.0,0.0,0.0,0.0,0.006988120195667367,0.1257861635220126,3.7735849056603783,14.751921733053813,10.062893081761008,1.2788259958071282,4.323871906841339,2.9114636896581203,nan,nan,nan,4.293382352941176,2.890646737269807,4.351838500360491,2.9316047279699173,1.0136154068316952,0.3906,0.01139,0.0,0.0,0.0,0.0,0.0,0.0,0.0,0.0,0.0,0.0,0.5310971348707199,23.47309573724665,5.981830887491267,0.013976240391334735,0.0,0.0,0.0,0.0,0.0,0.0,0.0,0.0,0.0,0.0,0.0,0.0,0.0,0.0,0.0,0.0,nan,nan,4.323871906841339,2.9114636896581203,nan,0.3906,0.05338,0.0,0.0,0.0,0.0,0.0,0.0,0.0,0.0,0.0,0.0,0.0,0.0,0.0,0.0,0.0,0.0,0.0,0.0,0.0,0.00025623107384113676,0.0,3.4940600978336826e-05,0.0,5.8234334963894714e-05,0.01453529000698812,0.0067085953878406705,0.002632191940368041,0.0037619380386675985,0.0038784067085953877,0.02314232471465176,0.01826228744467738,0.017586769159096204,0.020440251572327043,0.02476123922664803,0.0443046820405311,0.04988353133007221,0.0702422548334498,0.10349406009783368,0.05875844397856977,0.04173072443512695,0.087724202189611,0.04779874213836478,0.12318891218262287,0.07374796179827627,0.02150011646866993,0.03742138364779874,0.0149895178197065,0.04230142091777312,0.01795946890286513,0.008816678313533659,0.007046354530631261,0.005310971348707198,0.0037619380386675985,0.0031446540880503146,6.988120195667365e-05,0.0,6.988120195667365e-05,0.0006755182855811787,0.0,0.0,0.0,0.0,0.0,0.0,0.0,0.0,0.0,0.0,0.0,0.0,0.0,0.0,0.0,0.0,0.0,0.0,0.0,0.0,0.0,0.0,0.0,0.0,0.0,0.0,0.0,0.0,0.0,0.0,0.0,0.0,0.0,0.0,0.0,0.0,0.0,0.0,0.0,0.0,0.0,0.0,0.0,nan,nan,4.323871906841339,2.9114636896581203,nan,0.9265025569209715,0.023493913359198277,0.0,0.0,0.0,0.0,0.0,0.0,0.0,0.0,0.0,0.0,0.0,0.0,0.0,0.0,0.0,0.0,0.0,0.0,0.0,0.0,0.0,0.0,0.0,0.0,0.0,0.13617793917385387,3.731275533363596,14.78892419428053,10.0635497049478,1.2800726282342263,0.9264130904058521,0.02337071488329749,0.0,0.0,0.0,0.0,0.0,0.0,0.0,0.0,0.0,0.0,0.0,0.0,0.0,0.0,0.0,0.0,0.0,0.0,0.0,0.0,0.0,0.0,0.0,0.0,0.014354066985645937,0.1148325358851675,3.8181818181818192,14.712918660287086,10.0622009569378,1.2775119617224882,0.3906,0.01133,0.0,0.0,0.0,0.0,0.0,0.0,0.0,0.0,0.0,0.0,0.599182932364957,23.3545165683159,6.0190649114843415,0.027235587834770772,0.0,0.0,0.0,0.0,0.0,0.0,0.0,0.0,0.0,0.0,0.0,0.0,0.0,0.0,0.0,0.0,0.3904,0.01145,0.0,0.0,0.0,0.0,0.0,0.0,0.0,0.0,0.0,0.0,0.45933014354067,23.598086124401878,5.942583732057418,0.0,0.0,0.0,0.0,0.0,0.0,0.0,0.0,0.0,0.0,0.0,0.0,0.0,0.0,0.0,0.0,0.0
29400,4522,2315,0.5119416187527642,1062,914,0.4369747899159664,1240,0.5484298982750995,0.422,2.879927503398278,3.0342539825814354,6.549248747913189,2.0117755021404906,9506.57142857143,1614.5393290031554,7853.0,11083.0,11083.0,0.0,7853.0,0.0,27.454002653693056,20.90002175726659,32.67501999466809,19.1328045350675,0.14750110570544006,0.10327288810260947,0.09663865546218488,0.07938965059708093,0.08248562582927908,0.07916850950906679,0.06789031402034498,0.058823529411764705,0.05307386112339673,0.0513047324192835,0.048651039363113664,0.04223794781070323,0.03007518796992481,0.024988942945599293,0.01813356921716055,0.00950906678460858,0.006855373728438744,0.9264780629108248,0.022924118468537213,0.0,0.0,0.0,0.0,0.0,0.0,0.0,0.0,0.0,0.0,0.0,0.0,0.0,0.0,0.0,0.0,0.0,0.0,0.0,0.0,0.0,0.0,0.0,0.0,0.0,0.1857585139318886,3.4298982750995144,14.933657673595757,10.21671826625387,1.2339672711189742,4.246051246051246,2.7872067762151156,nan,nan,nan,4.179775280898877,2.7659112635875815,4.312280701754386,2.806763146366828,1.0317015657423125,0.3904,0.01197,0.0,0.0,0.0,0.0,0.0,0.0,0.0,0.0,0.0,0.0,0.7231313578062806,22.9942503317116,6.275984077841665,0.006634232640424592,0.0,0.0,0.0,0.0,0.0,0.0,0.0,0.0,0.0,0.0,0.0,0.0,0.0,0.0,0.0,0.0,nan,nan,4.246051246051246,2.7872067762151156,nan,0.3904,0.0537,0.0,0.0,0.0,0.0,0.0,0.0,0.0,0.0,0.0,0.0,0.0,0.0,0.0,0.0,0.0,0.0,0.0,0.0,0.0,0.00037593984962406017,0.0,0.00011057054400707652,3.3171163202122956e-05,5.528527200353826e-05,0.01609907120743034,0.005229986731534719,0.0029964617425917734,0.0035272003538257407,0.003947368421052632,0.023562582927908006,0.01831048208757187,0.01641972578505086,0.021019460415745244,0.024181777974347635,0.043940734188412205,0.05195709862892525,0.07048872180451128,0.1060592658115878,0.05692171605484299,0.0417624944714728,0.08644405130473241,0.04831932773109244,0.11983635559486952,0.0741264927023441,0.022622733303847856,0.038390092879256967,0.01440734188412207,0.041397611676249446,0.01737063246351172,0.008370190181335693,0.007574082264484742,0.005583812472357364,0.0034166298098186644,0.004102167182662539,0.00016585581601061478,4.422821760283061e-05,1.1057054400707652e-05,0.0008182220256523663,0.0,0.0,0.0,0.0,0.0,0.0,0.0,0.0,0.0,0.0,0.0,0.0,0.0,0.0,0.0,0.0,0.0,0.0,0.0,0.0,0.0,0.0,0.0,0.0,0.0,0.0,0.0,0.0,0.0,0.0,0.0,0.0,0.0,0.0,0.0,0.0,0.0,0.0,0.0,0.0,0.0,0.0,0.0,nan,nan,4.246051246051246,2.7872067762151156,nan,0.9270662724328093,0.022665458657038225,0.0,0.0,0.0,0.0,0.0,0.0,0.0,0.0,0.0,0.0,0.0,0.0,0.0,0.0,0.0,0.0,0.0,0.0,0.0,0.0,0.0,0.0,0.0,0.0,0.0,0.1166306695464363,3.278617710583154,15.01943844492441,10.367170626349894,1.2181425485961126,0.9258610692346155,0.023176299306658803,0.0,0.0,0.0,0.0,0.0,0.0,0.0,0.0,0.0,0.0,0.0,0.0,0.0,0.0,0.0,0.0,0.0,0.0,0.0,0.0,0.0,0.0,0.0,0.0,0.0,0.2582691436338922,3.5885817852288184,14.843679202537384,10.05890348889896,1.2505663797009516,0.3904,0.01198,0.0,0.0,0.0,0.0,0.0,0.0,0.0,0.0,0.0,0.0,0.7257019438444926,22.885529157667353,6.375809935205186,0.012958963282937368,0.0,0.0,0.0,0.0,0.0,0.0,0.0,0.0,0.0,0.0,0.0,0.0,0.0,0.0,0.0,0.0,0.3904,0.01196,0.0,0.0,0.0,0.0,0.0,0.0,0.0,0.0,0.0,0.0,0.720434979610331,23.1082917988219,6.17127322156774,0.0,0.0,0.0,0.0,0.0,0.0,0.0,0.0,0.0,0.0,0.0,0.0,0.0,0.0,0.0,0.0,0.0
29500,4586,2380,0.5189707806367204,1155,893,0.44657653728739644,1251,0.5455734845180985,0.434,2.9800543970988214,3.122399000503697,6.583724569640062,2.094508333073649,9529.275621456607,1613.8371349721467,7853.0,11083.0,11083.0,0.0,7853.0,0.0,28.09572612298299,21.075234246010325,33.19186652763295,19.276585627397328,0.14151766245093764,0.10183166157871784,0.08940252943741823,0.08809419973833406,0.07501090274749236,0.07740950719581334,0.06301788050588748,0.06541648495420846,0.05974705625817706,0.054513737461840385,0.047317924116877456,0.03859572612298299,0.035106846925425206,0.02878325337985172,0.013519406890536415,0.013301351940689054,0.007413868294810292,0.9273631071685653,0.02317935421531804,0.0,0.0,0.0,0.0,0.0,0.0,0.0,0.0,0.0,0.0,0.0,0.0,0.0,0.0,0.0,0.0,0.0,0.0,0.0,0.0,0.0,0.0,0.0,0.0,0.0,0.15045791539467948,3.4081988661142617,14.50937636284344,10.420846053205409,1.5111208024422158,4.279486312943562,2.9117854252483366,nan,nan,nan,4.38357094365241,2.955690246207312,4.176312247644684,2.8638704282531844,0.9527192102804117,0.3906,0.01193,0.0,0.0,0.0,0.0,0.0,0.0,0.0,0.0,0.0,0.0,0.7064980375054516,22.843436546009563,6.443523767989535,0.006541648495420847,0.0,0.0,0.0,0.0,0.0,0.0,0.0,0.0,0.0,0.0,0.0,0.0,0.0,0.0,0.0,0.0,nan,nan,4.279486312943562,2.9117854252483366,nan,0.3906,0.05405,0.0,0.0,0.0,0.0,0.0,0.0,0.0,0.0,0.0,0.0,0.0,0.0,0.0,0.0,0.0,0.0,0.0,0.0,0.0,0.0006541648495420846,0.0,0.0002398604448320977,1.0902747492368077e-05,2.1805494984736154e-05,0.016484954208460533,0.0059419973833406015,0.0032381160052333186,0.004001308329699084,0.004720889664195377,0.023179241168774532,0.01740078499781945,0.01587440034888792,0.019079808111644135,0.02182730047972089,0.04503924989097253,0.051733536851286524,0.0695704317488007,0.1045791539467946,0.05637810728303533,0.04395987788922809,0.08643698211949412,0.04844090710859136,0.11879633667684257,0.07522895769733973,0.022252507631923244,0.03994766681203663,0.014435237679895333,0.042466201482773656,0.017368076755342347,0.009114696903619712,0.006476232010466637,0.005898386393371129,0.0038595726122982992,0.004415612734409071,0.00017444395987788923,1.0902747492368077e-05,0.0,0.0007413868294810292,0.0,0.0,0.0,0.0,0.0,0.0,0.0,0.0,0.0,0.0,0.0,0.0,0.0,0.0,0.0,0.0,0.0,0.0,0.0,0.0,0.0,0.0,0.0,0.0,0.0,0.0,0.0,0.0,0.0,0.0,0.0,0.0,0.0,0.0,0.0,0.0,0.0,0.0,0.0,0.0,0.0,0.0,0.0,nan,nan,4.279486312943562,2.9117854252483366,nan,0.9271217695554765,0.023078370308588975,0.0,0.0,0.0,0.0,0.0,0.0,0.0,0.0,0.0,0.0,0.0,0.0,0.0,0.0,0.0,0.0,0.0,0.0,0.0,0.0,0.0,0.0,0.0,0.0,0.0,0.11344537815126053,3.6176470588235303,14.495798319327735,10.298319327731093,1.4747899159663869,0.9276234804773373,0.023285007339779173,0.0,0.0,0.0,0.0,0.0,0.0,0.0,0.0,0.0,0.0,0.0,0.0,0.0,0.0,0.0,0.0,0.0,0.0,0.0,0.0,0.0,0.0,0.0,0.0,0.0,0.19038984587488672,3.182230281051678,14.524025385312786,10.553037171350862,1.5503173164097919,0.3909,0.01206,0.0,0.0,0.0,0.0,0.0,0.0,0.0,0.0,0.0,0.0,0.7563025210084036,22.550420168067195,6.693277310924371,0.0,0.0,0.0,0.0,0.0,0.0,0.0,0.0,0.0,0.0,0.0,0.0,0.0,0.0,0.0,0.0,0.0,0.3906,0.01179,0.0,0.0,0.0,0.0,0.0,0.0,0.0,0.0,0.0,0.0,0.6527651858567544,23.159564823209397,6.17407071622847,0.013599274705349051,0.0,0.0,0.0,0.0,0.0,0.0,0.0,0.0,0.0,0.0,0.0,0.0,0.0,0.0,0.0,0.0
29600,4909,2559,0.5212874312487268,1199,999,0.4477490323894887,1407,0.5732328376451415,0.39399999999999996,2.9561702127659575,3.071106636218875,6.502183406113537,2.1554395239314434,9536.758402933388,1613.5356463450225,7853.0,11083.0,11083.0,0.0,7853.0,0.0,28.052149113872478,20.904250912638496,33.024745269286754,19.120353995666132,0.140354451008352,0.09492768384599715,0.08759421470767977,0.0945202688938684,0.08270523528213486,0.07577918109594622,0.06864941943369322,0.06396414748421267,0.05744550825015278,0.04970462415970666,0.04970462415970666,0.03992666530861683,0.03238948869423508,0.027093094316561418,0.017518842941535953,0.00916683642289672,0.008555713994703605,0.9260864846573801,0.02290919996910934,0.0,0.0,0.0,0.0,0.0,0.0,0.0,0.0,0.0,0.0,0.0,0.0,0.0,0.0,0.0,0.0,0.0,0.0,0.0,0.0,0.0,0.0,0.0,0.0,0.0,0.1405581584844164,3.636178447749033,15.05805663067835,9.961295579547771,1.2039111835404361,4.202064435408195,2.9041332799697845,nan,nan,nan,4.263091482649842,2.9439871729137623,4.142059553349876,2.8631383163909327,0.9716093520881387,0.3909,0.01165,0.0,0.0,0.0,0.0,0.0,0.0,0.0,0.0,0.0,0.0,0.5988999796292525,23.020981870034596,6.374006926054188,0.006111224281931149,0.0,0.0,0.0,0.0,0.0,0.0,0.0,0.0,0.0,0.0,0.0,0.0,0.0,0.0,0.0,0.0,nan,nan,4.202064435408195,2.9041332799697845,nan,0.3909,0.05392,0.0,0.0,0.0,0.0,0.0,0.0,0.0,0.0,0.0,0.0,0.0,0.0,0.0,0.0,0.0,0.0,0.0,0.0,0.0,0.0006009370543898961,0.0,0.00037685883071908737,0.0,0.00011203911183540436,0.01632715420655938,0.005479731106131595,0.0028417192910979833,0.004094520268893868,0.004461193725809737,0.02191892442452638,0.017610511305764923,0.016561417804033408,0.01968832756162151,0.02098187003463027,0.04676105113057649,0.05180281116316969,0.06795681401507435,0.10166021592992462,0.058973314320635566,0.04541658178855164,0.08772662456712162,0.04747402729680179,0.11929109798329599,0.07532083927480139,0.02292727643104502,0.04153595436952536,0.014015074353228763,0.04048686086779385,0.015797514768792015,0.007577918109594622,0.007689957221430026,0.006192707272356895,0.004186188633122836,0.005245467508657568,0.0002546343450804645,3.0556121409655736e-05,0.0,0.0006213078019963333,0.0,0.0,0.0,0.0,0.0,0.0,0.0,0.0,0.0,0.0,0.0,0.0,0.0,0.0,0.0,0.0,0.0,0.0,0.0,0.0,0.0,0.0,0.0,0.0,0.0,0.0,0.0,0.0,0.0,0.0,0.0,0.0,0.0,0.0,0.0,0.0,0.0,0.0,0.0,0.0,0.0,0.0,0.0,nan,nan,4.202064435408195,2.9041332799697845,nan,0.9261863304796327,0.022745783268691748,0.0,0.0,0.0,0.0,0.0,0.0,0.0,0.0,0.0,0.0,0.0,0.0,0.0,0.0,0.0,0.0,0.0,0.0,0.0,0.0,0.0,0.0,0.0,0.0,0.0,0.1524032825322392,3.6576787807737405,14.783118405627201,10.316529894490039,1.0902696365767879,0.9259777589300846,0.023085343546221423,0.0,0.0,0.0,0.0,0.0,0.0,0.0,0.0,0.0,0.0,0.0,0.0,0.0,0.0,0.0,0.0,0.0,0.0,0.0,0.0,0.0,0.0,0.0,0.0,0.0,0.12765957446808512,3.6127659574468094,15.357446808510641,9.574468085106384,1.3276595744680855,0.3909,0.01156,0.0,0.0,0.0,0.0,0.0,0.0,0.0,0.0,0.0,0.0,0.5392731535756156,23.106682297772533,6.354044548651818,0.0,0.0,0.0,0.0,0.0,0.0,0.0,0.0,0.0,0.0,0.0,0.0,0.0,0.0,0.0,0.0,0.0,0.3909,0.01174,0.0,0.0,0.0,0.0,0.0,0.0,0.0,0.0,0.0,0.0,0.6638297872340427,22.927659574468052,6.395744680851065,0.012765957446808513,0.0,0.0,0.0,0.0,0.0,0.0,0.0,0.0,0.0,0.0,0.0,0.0,0.0,0.0,0.0,0.0
29700,4625,2367,0.5117837837837838,1129,930,0.4451891891891892,1266,0.5474594594594595,0.43,2.936669619131975,3.092459453556935,6.551053484602917,2.1860919650823067,9506.061621621622,1614.5514277840557,7853.0,11083.0,11083.0,0.0,7853.0,0.0,28.280432432432434,20.985221462090937,33.24556441244536,19.188502640339795,0.13772972972972972,0.09664864864864865,0.09816216216216216,0.07891891891891892,0.07978378378378378,0.07372972972972973,0.07264864864864864,0.06421621621621622,0.06205405405405406,0.049297297297297295,0.04951351351351351,0.03848648648648648,0.03221621621621622,0.02810810810810811,0.020324324324324326,0.01145945945945946,0.006702702702702703,0.9260554001395767,0.023323190482735262,0.0,0.0,0.0,0.0,0.0,0.0,0.0,0.0,0.0,0.0,0.0,0.0,0.0,0.0,0.0,0.0,0.0,0.0,0.0,0.0,0.0,0.0,0.0,0.0,0.0,0.1621621621621622,3.8400000000000007,14.568648648648653,10.144864864864866,1.2843243243243245,4.269501171744225,2.874104949786218,nan,nan,nan,4.274762550881954,2.931571601295615,4.264375413086583,2.8169829870301006,0.9975701252007019,0.3906,0.011375,0.0,0.0,0.0,0.0,0.0,0.0,0.0,0.0,0.0,0.0,0.6032432432432433,23.117837837837804,6.2789189189189205,0.0,0.0,0.0,0.0,0.0,0.0,0.0,0.0,0.0,0.0,0.0,0.0,0.0,0.0,0.0,0.0,0.0,nan,nan,4.269501171744225,2.874104949786218,nan,0.3906,0.05368,0.0,0.0,0.0,0.0,0.0,0.0,0.0,0.0,0.0,0.0,0.0,0.0,0.0,0.0,0.0,0.0,0.0,0.0,0.0,0.00043243243243243243,0.0,0.00017297297297297297,0.0,0.00022702702702702703,0.016767567567567566,0.0052864864864864865,0.0033945945945945944,0.0034378378378378377,0.004259459459459459,0.020724324324324323,0.018454054054054054,0.01657297297297297,0.019264864864864863,0.02130810810810811,0.048454054054054056,0.05297297297297297,0.06847567567567568,0.10101621621621622,0.056875675675675676,0.048875675675675676,0.08591351351351352,0.04908108108108108,0.11751351351351351,0.07802162162162163,0.021102702702702703,0.04162162162162162,0.01294054054054054,0.04088648648648649,0.01574054054054054,0.007210810810810811,0.007783783783783783,0.005124324324324325,0.0031243243243243243,0.005643243243243243,6.486486486486486e-05,1.081081081081081e-05,0.0,0.0012216216216216216,2.162162162162162e-05,0.0,0.0,0.0,0.0,0.0,0.0,0.0,0.0,0.0,0.0,0.0,0.0,0.0,0.0,0.0,0.0,0.0,0.0,0.0,0.0,0.0,0.0,0.0,0.0,0.0,0.0,0.0,0.0,0.0,0.0,0.0,0.0,0.0,0.0,0.0,0.0,0.0,0.0,0.0,0.0,0.0,0.0,nan,nan,4.269501171744225,2.874104949786218,nan,0.9266628964721879,0.023333339454267504,0.0,0.0,0.0,0.0,0.0,0.0,0.0,0.0,0.0,0.0,0.0,0.0,0.0,0.0,0.0,0.0,0.0,0.0,0.0,0.0,0.0,0.0,0.0,0.0,0.0,0.16476552598225608,3.7896070975918894,14.207858048162233,10.506970849176176,1.3307984790874527,0.9254185782532653,0.023295545314234778,0.0,0.0,0.0,0.0,0.0,0.0,0.0,0.0,0.0,0.0,0.0,0.0,0.0,0.0,0.0,0.0,0.0,0.0,0.0,0.0,0.0,0.0,0.0,0.0,0.0,0.15943312666076176,3.8928255093002666,14.946855624446416,9.765279007971658,1.2356067316209036,0.3904,0.011406,0.0,0.0,0.0,0.0,0.0,0.0,0.0,0.0,0.0,0.0,0.6210392902408113,23.346007604562704,6.0329531051964524,0.0,0.0,0.0,0.0,0.0,0.0,0.0,0.0,0.0,0.0,0.0,0.0,0.0,0.0,0.0,0.0,0.0,0.3909,0.01133,0.0,0.0,0.0,0.0,0.0,0.0,0.0,0.0,0.0,0.0,0.5845881310894598,22.878653675819276,6.536758193091233,0.0,0.0,0.0,0.0,0.0,0.0,0.0,0.0,0.0,0.0,0.0,0.0,0.0,0.0,0.0,0.0,0.0
29800,5029,2652,0.5273414197653609,1237,1020,0.4487969775303241,1401,0.5571684231457547,0.39799999999999996,3.0054690786705933,3.072735485917835,6.539823008849558,2.1432561375927515,9556.312785842116,1612.583595308102,7853.0,11083.0,11083.0,0.0,7853.0,0.0,28.168621992443825,20.9894964147206,33.19943087502964,19.183964423983237,0.13978922250944523,0.10260489162855438,0.09087293696559952,0.07894213561344203,0.07834559554583416,0.07914098230264466,0.0682044143965003,0.06840326108570292,0.05527937959832969,0.04911513223304832,0.052495525949492944,0.04235434480015908,0.03181547027241997,0.026844303042354346,0.01829389540664148,0.010340027838536488,0.007158480811294492,0.9262531758018459,0.0236080439239603,0.0,0.0,0.0,0.0,0.0,0.0,0.0,0.0,0.0,0.0,0.0,0.0,0.0,0.0,0.0,0.0,0.0,0.0,0.0,0.0,0.0,0.0,0.0,0.0,0.005965400676078745,0.23861602704314977,3.7283754225492154,14.597335454364687,10.182938954066417,1.2467687413004578,4.200677131425054,2.868255186486708,nan,nan,nan,4.25,2.922789424471421,4.154411764705882,2.8113792140783476,0.9775086505190311,0.3896,0.011024,0.0,0.0,0.0,0.0,0.0,0.0,0.0,0.0,0.0,0.0,0.5428514615231658,24.314973155696922,5.136209982103799,0.005965400676078745,0.0,0.0,0.0,0.0,0.0,0.0,0.0,0.0,0.0,0.0,0.0,0.0,0.0,0.0,0.0,0.0,nan,nan,4.200677131425054,2.868255186486708,nan,0.3896,0.05344,0.0,0.0,0.0,0.0,0.0,0.0,0.0,0.0,0.0,0.0,0.0,0.0,0.0,0.0,0.0,0.0,0.0,0.0,0.0,0.00031815470272419965,0.0,6.959634122091867e-05,7.953867568104991e-05,0.00036786637502485585,0.017369258301849273,0.004911513223304832,0.003738317757009346,0.003549413402266852,0.004802147544243389,0.021206999403459933,0.018095048717438854,0.017438854643070194,0.01926824418373434,0.021952674487969774,0.04941340226685226,0.05444422350367866,0.06875124279180751,0.09913501690196858,0.057347385166036983,0.05026844303042354,0.08887452773911314,0.049403459932392126,0.11684231457546232,0.07897196261682243,0.019317955856034998,0.03917279777291708,0.012477629747464705,0.04070391727977729,0.013382382183336648,0.006999403459932392,0.006601710081527143,0.00481208987870352,0.0028832769934380594,0.005597534301053887,0.00016901968582223105,2.9827003380393717e-05,1.9884668920262478e-05,0.0012129648041360112,0.0,0.0,0.0,0.0,0.0,0.0,0.0,0.0,0.0,0.0,0.0,0.0,0.0,0.0,0.0,0.0,0.0,0.0,0.0,0.0,0.0,0.0,0.0,0.0,0.0,0.0,0.0,0.0,0.0,0.0,0.0,0.0,0.0,0.0,0.0,0.0,0.0,0.0,0.0,0.0,0.0,0.0,0.0,nan,nan,4.200677131425054,2.868255186486708,nan,0.9258759564988394,0.02354663080051331,0.0,0.0,0.0,0.0,0.0,0.0,0.0,0.0,0.0,0.0,0.0,0.0,0.0,0.0,0.0,0.0,0.0,0.0,0.0,0.0,0.0,0.0,0.0,0.0,0.011312217194570139,0.22624434389140277,3.8461538461538467,14.78506787330317,9.920814479638011,1.2104072398190049,0.9266740363788645,0.02366927983390654,0.0,0.0,0.0,0.0,0.0,0.0,0.0,0.0,0.0,0.0,0.0,0.0,0.0,0.0,0.0,0.0,0.0,0.0,0.0,0.0,0.0,0.0,0.0,0.0,0.0,0.25241901556583934,3.5969709718132106,14.387883887252842,10.475389145982334,1.2873369793857805,0.3896,0.01105,0.0,0.0,0.0,0.0,0.0,0.0,0.0,0.0,0.0,0.0,0.5203619909502263,24.321266968325755,5.158371040723983,0.0,0.0,0.0,0.0,0.0,0.0,0.0,0.0,0.0,0.0,0.0,0.0,0.0,0.0,0.0,0.0,0.0,0.3894,0.010994,0.0,0.0,0.0,0.0,0.0,0.0,0.0,0.0,0.0,0.0,0.5679427850231386,24.307951198990292,5.111485065208247,0.012620950778291968,0.0,0.0,0.0,0.0,0.0,0.0,0.0,0.0,0.0,0.0,0.0,0.0,0.0,0.0,0.0,0.0
29900,4823,2452,0.5083972631142443,1151,1010,0.4480613725896745,1397,0.5793074849678623,0.39399999999999996,2.971741881062843,3.0856675184792226,6.56701030927835,2.107808971695558,9495.12315985901,1614.772223627612,7853.0,11083.0,11083.0,0.0,7853.0,0.0,27.8144308521667,20.919525890166653,32.88138957816377,19.156578952823814,0.14264980302716151,0.09952311839104291,0.09392494298154676,0.08459465063238648,0.08127721335268505,0.07671573709309558,0.07070288202363674,0.06303130831432718,0.0588845117147004,0.04623678208583869,0.044163383786025294,0.04395604395604396,0.03379639228695833,0.025710138917686087,0.016587186398507155,0.01078167115902965,0.0074642338793282186,0.927244075027314,0.02300633380477208,0.0,0.0,0.0,0.0,0.0,0.0,0.0,0.0,0.0,0.0,0.0,0.0,0.0,0.0,0.0,0.0,0.0,0.0,0.0,0.0,0.0,0.0,0.0,0.0,0.0,0.13062409288824386,3.4584283640887423,14.511714700393949,10.43748704126063,1.4617458013684432,4.259807073954984,2.838304591324412,nan,nan,nan,4.331629392971246,2.852148379769593,4.189766839378239,2.8212505858069252,0.9672496096219122,0.3892,0.0114,0.0,0.0,0.0,0.0,0.0,0.0,0.0,0.0,0.0,0.0,0.6780012440389801,24.04105328633627,5.280945469624716,0.0,0.0,0.0,0.0,0.0,0.0,0.0,0.0,0.0,0.0,0.0,0.0,0.0,0.0,0.0,0.0,0.0,nan,nan,4.259807073954984,2.838304591324412,nan,0.3892,0.05368,0.0,0.0,0.0,0.0,0.0,0.0,0.0,0.0,0.0,0.0,0.0,0.0,0.0,0.0,0.0,0.0,0.0,0.0,0.0,0.0005390835579514825,4.146796599626788e-05,0.00019697283848227245,0.00016587186398507153,0.000362844702467344,0.018152602114866266,0.005328633630520423,0.004198631557122123,0.0030064275347294217,0.0040638606676342524,0.021511507360563963,0.017665353514410117,0.019489944018245903,0.018473978851337343,0.019966825627202985,0.04892183288409704,0.05645863570391872,0.06757205059091852,0.1,0.06078167115902965,0.04910843873108024,0.08488492639436036,0.04727348123574539,0.11984242172921418,0.07780427120049761,0.020111963508189924,0.04155090192826042,0.012430022807381298,0.03790172092058885,0.013352685050798258,0.007806344598797429,0.006520837652913124,0.005287165664524155,0.0030271615177275553,0.005307899647522289,0.0001762388554841385,4.146796599626788e-05,1.036699149906697e-05,0.0006634874559402861,0.0,0.0,0.0,0.0,0.0,0.0,0.0,0.0,0.0,0.0,0.0,0.0,0.0,0.0,0.0,0.0,0.0,0.0,0.0,0.0,0.0,0.0,0.0,0.0,0.0,0.0,0.0,0.0,0.0,0.0,0.0,0.0,0.0,0.0,0.0,0.0,0.0,0.0,0.0,0.0,0.0,0.0,0.0,nan,nan,4.259807073954984,2.838304591324412,nan,0.9272528037453165,0.02309118160200119,0.0,0.0,0.0,0.0,0.0,0.0,0.0,0.0,0.0,0.0,0.0,0.0,0.0,0.0,0.0,0.0,0.0,0.0,0.0,0.0,0.0,0.0,0.0,0.0,0.0,0.14681892332789562,3.4747145187601967,14.400489396411096,10.570962479608486,1.4070146818923333,0.9272350481118596,0.022918253471655978,0.0,0.0,0.0,0.0,0.0,0.0,0.0,0.0,0.0,0.0,0.0,0.0,0.0,0.0,0.0,0.0,0.0,0.0,0.0,0.0,0.0,0.0,0.0,0.0,0.0,0.1138760016870519,3.4415858287642354,14.626739772248,10.299451708140026,1.518346689160692,0.3892,0.01132,0.0,0.0,0.0,0.0,0.0,0.0,0.0,0.0,0.0,0.0,0.7340946166394782,24.31076672104401,4.955138662316477,0.0,0.0,0.0,0.0,0.0,0.0,0.0,0.0,0.0,0.0,0.0,0.0,0.0,0.0,0.0,0.0,0.0,0.3894,0.01148,0.0,0.0,0.0,0.0,0.0,0.0,0.0,0.0,0.0,0.0,0.6199915647406159,23.76212568536479,5.6178827498945605,0.0,0.0,0.0,0.0,0.0,0.0,0.0,0.0,0.0,0.0,0.0,0.0,0.0,0.0,0.0,0.0,0.0
30000,4581,2395,0.5228116131848941,1135,914,0.4472822527832351,1252,0.546605544640908,0.414,2.994967978042086,3.10261707019163,6.512578616352202,2.2222783407336,9541.681510587208,1613.3183303358292,7853.0,11083.0,11083.0,0.0,7853.0,0.0,28.208469766426543,20.98110870209549,33.31610545549465,19.141794579851904,0.1412355380921196,0.09604889762060685,0.09037328094302555,0.08316961362148002,0.08666230080768392,0.0729098450120061,0.07050862257149094,0.0580659244706396,0.0595939751146038,0.04955249945426763,0.05304518664047151,0.042567125081859856,0.0351451648111766,0.024885396201702686,0.018773193625845886,0.01004147566033617,0.007421960270683257,0.9280390633138812,0.022927701787314337,0.0,0.0,0.0,0.0,0.0,0.0,0.0,0.0,0.0,0.0,0.0,0.0,0.0,0.0,0.0,0.0,0.0,0.0,0.0,0.0,0.0,0.0,0.0,0.0,0.0,0.12442698100851345,3.104125736738704,14.237066142763592,11.2770137524558,1.257367387033399,4.170477471418964,2.8847259057738395,nan,nan,nan,4.1437246963562755,2.908685239819334,4.1965124077800136,2.8613643034531786,1.0127391936704087,0.3896,0.01159,0.0,0.0,0.0,0.0,0.0,0.0,0.0,0.0,0.0,0.0,0.6679764243614932,23.700065487884707,5.631958087753767,0.0,0.0,0.0,0.0,0.0,0.0,0.0,0.0,0.0,0.0,0.0,0.0,0.0,0.0,0.0,0.0,0.0,nan,nan,4.170477471418964,2.8847259057738395,nan,0.3896,0.0533,0.0,0.0,0.0,0.0,0.0,0.0,0.0,0.0,0.0,0.0,0.0,0.0,0.0,0.0,0.0,0.0,0.0,0.0,0.0,0.0004365858982754857,7.640253219821e-05,0.00012006112202575857,0.00027286618642217856,0.0004365858982754857,0.016743069198864875,0.005599214145383104,0.004780615586116569,0.0033398821218074658,0.004136651386160227,0.019984719493560357,0.015989958524339664,0.019930146256275923,0.019231608819035146,0.018958742632612966,0.04778432656625191,0.05798952193844139,0.06653569089718402,0.0962671905697446,0.06215891726697228,0.05321982099978171,0.08698974023139053,0.04772975332896747,0.12073783016808558,0.07570399476096921,0.020224841737611875,0.04323291857672997,0.013173979480462781,0.03517790875354726,0.013970748744815542,0.008011351233355163,0.006516044531761624,0.005533726260641782,0.0032743942370661427,0.00473695699628902,0.00014189041693953285,9.823182711198428e-05,0.0,0.0007531106745252128,0.0,0.0,0.0,0.0,0.0,0.0,0.0,0.0,0.0,0.0,0.0,0.0,0.0,0.0,0.0,0.0,0.0,0.0,0.0,0.0,0.0,0.0,0.0,0.0,0.0,0.0,0.0,0.0,0.0,0.0,0.0,0.0,0.0,0.0,0.0,0.0,0.0,0.0,0.0,0.0,0.0,0.0,0.0,nan,nan,4.170477471418964,2.8847259057738395,nan,0.9284215675764144,0.02302991321364602,0.0,0.0,0.0,0.0,0.0,0.0,0.0,0.0,0.0,0.0,0.0,0.0,0.0,0.0,0.0,0.0,0.0,0.0,0.0,0.0,0.0,0.0,0.0,0.0,0.0,0.1002087682672234,3.018789144050105,14.329853862212946,11.123173277661799,1.4279749478079335,0.9276199884242349,0.022807829441382408,0.0,0.0,0.0,0.0,0.0,0.0,0.0,0.0,0.0,0.0,0.0,0.0,0.0,0.0,0.0,0.0,0.0,0.0,0.0,0.0,0.0,0.0,0.0,0.0,0.0,0.15096065873741998,3.1976212259835326,14.135407136322053,11.445562671546206,1.0704483074107962,0.3896,0.01162,0.0,0.0,0.0,0.0,0.0,0.0,0.0,0.0,0.0,0.0,0.8517745302713989,23.53653444676406,5.611691022964511,0.0,0.0,0.0,0.0,0.0,0.0,0.0,0.0,0.0,0.0,0.0,0.0,0.0,0.0,0.0,0.0,0.0,0.3896,0.011566,0.0,0.0,0.0,0.0,0.0,0.0,0.0,0.0,0.0,0.0,0.4666056724611163,23.87923147301003,5.654162854528821,0.0,0.0,0.0,0.0,0.0,0.0,0.0,0.0,0.0,0.0,0.0,0.0,0.0,0.0,0.0,0.0,0.0
30100,4811,2430,0.5050924963625026,1149,1018,0.4504261068384951,1396,0.5803367283309083,0.38599999999999995,2.895002099958001,3.0331882921888105,6.530211480362538,2.0288313761520786,9484.448763250883,1614.9162325605364,7853.0,11083.0,11083.0,0.0,7853.0,0.0,27.564747453751817,20.607226410415095,32.55566600397614,18.836823700956902,0.14196632716690916,0.1016420702556641,0.0904177925587196,0.09020993556433174,0.08272708376636874,0.06713780918727916,0.07524423196840574,0.060902099355643315,0.06173352733319476,0.05799210143421326,0.046352109748493034,0.03429640407399709,0.033464976096445644,0.024734982332155476,0.014757846601538142,0.009561421741841613,0.006859280814799418,0.927994834388078,0.0236292021624152,0.0,0.0,0.0,0.0,0.0,0.0,0.0,0.0,0.0,0.0,0.0,0.0,0.0,0.0,0.0,0.0,0.0,0.0,0.0,0.0,0.0,0.0,0.0,0.0,0.0,0.1434213261276242,3.4296404073997095,14.13635418831844,10.76907087923509,1.521513198919144,4.274172615184945,2.7824729627624065,nan,nan,nan,4.305353602115003,2.8154195661849206,4.244897959183674,2.7506909131692265,0.9859580307406967,0.39,0.01176,0.0,0.0,0.0,0.0,0.0,0.0,0.0,0.0,0.0,0.0,0.6609852421533986,23.58345458324669,5.743088754936605,0.012471419663271673,0.0,0.0,0.0,0.0,0.0,0.0,0.0,0.0,0.0,0.0,0.0,0.0,0.0,0.0,0.0,0.0,nan,nan,4.274172615184945,2.7824729627624065,nan,0.39,0.0532,0.0,0.0,0.0,0.0,0.0,0.0,0.0,0.0,0.0,0.0,0.0,0.0,0.0,0.0,0.0,0.0,0.0,0.0,0.0,0.0005196424859696529,0.00022864269382664727,3.1178549158179175e-05,0.00037414258989815007,0.0006027852837247973,0.01770941592184577,0.00489503221783413,0.00414674703803783,0.002774890875077946,0.004541675327374766,0.019632093119933487,0.015485346081895656,0.01764705882352941,0.020099771357306173,0.018229058407815423,0.04639368114737061,0.056027852837247975,0.07000623570983164,0.09779671585948867,0.06260652670962377,0.051974641446684684,0.0883288297651216,0.04636250259821243,0.12270837663687383,0.07300976927873623,0.020546663895240076,0.04328621908127209,0.015391810434421118,0.03700893785075868,0.012700062357098316,0.007825815838702972,0.007150280606942424,0.005134067761380171,0.003419247557680316,0.004604032425691125,0.00015589274579089587,0.0001247141966327167,0.0,0.0004884639368114737,0.0,3.1178549158179175e-05,0.0,0.0,0.0,0.0,0.0,0.0,0.0,0.0,0.0,0.0,0.0,0.0,0.0,0.0,0.0,0.0,0.0,0.0,0.0,0.0,0.0,0.0,0.0,0.0,0.0,0.0,0.0,0.0,0.0,0.0,0.0,0.0,0.0,0.0,0.0,0.0,0.0,0.0,0.0,0.0,0.0,nan,nan,4.274172615184945,2.7824729627624065,nan,0.9275206103736972,0.02355678243068254,0.0,0.0,0.0,0.0,0.0,0.0,0.0,0.0,0.0,0.0,0.0,0.0,0.0,0.0,0.0,0.0,0.0,0.0,0.0,0.0,0.0,0.0,0.0,0.0,0.0,0.09876543209876545,3.604938271604939,14.358024691358027,10.46913580246914,1.469135802469136,0.928478817737488,0.023693099401788074,0.0,0.0,0.0,0.0,0.0,0.0,0.0,0.0,0.0,0.0,0.0,0.0,0.0,0.0,0.0,0.0,0.0,0.0,0.0,0.0,0.0,0.0,0.0,0.0,0.0,0.18899622007559855,3.2507349853002947,13.910121797564052,11.075178496430075,1.5749685006299878,0.3901,0.01175,0.0,0.0,0.0,0.0,0.0,0.0,0.0,0.0,0.0,0.0,0.5925925925925927,23.67901234567898,5.703703703703705,0.024691358024691364,0.0,0.0,0.0,0.0,0.0,0.0,0.0,0.0,0.0,0.0,0.0,0.0,0.0,0.0,0.0,0.0,0.39,0.011765,0.0,0.0,0.0,0.0,0.0,0.0,0.0,0.0,0.0,0.0,0.7307853842923143,23.48593028139434,5.783284334313315,0.0,0.0,0.0,0.0,0.0,0.0,0.0,0.0,0.0,0.0,0.0,0.0,0.0,0.0,0.0,0.0,0.0
30200,4733,2435,0.5144728502007183,1109,970,0.4392562856539193,1345,0.5683498837946335,0.414,2.9995648389904264,3.1084964256397978,6.528443113772455,2.1956883377893313,9514.74730614832,1614.3232914654595,7853.0,11083.0,11083.0,0.0,7853.0,0.0,28.044369321783226,20.95817312143112,32.95881466599699,19.21646527906479,0.13796746249735897,0.09993661525459539,0.0946545531375449,0.09064018592858653,0.07944221424043947,0.07246989224593281,0.0659201352207902,0.059792943165011624,0.06021550813437566,0.05387703359391507,0.046482146630044366,0.04141136699767589,0.03760828227339953,0.024508768223114305,0.01817029368265371,0.010141559264736952,0.006761039509824636,0.9262735796559066,0.02302888138453759,0.0,0.0,0.0,0.0,0.0,0.0,0.0,0.0,0.0,0.0,0.0,0.0,0.0,0.0,0.0,0.0,0.0,0.0,0.0,0.0,0.0,0.0,0.0,0.0,0.0,0.15846186351151492,3.6129304880625406,14.876399746461022,10.09085146841327,1.2613564335516587,4.342650443932917,2.892628501999984,nan,nan,nan,4.281331592689295,2.8140530041937417,4.402519893899204,2.96852078753878,1.028306217022958,0.3906,0.01125,0.0,0.0,0.0,0.0,0.0,0.0,0.0,0.0,0.0,0.0,0.5324318613986901,23.452355799704172,6.015212338897107,0.0,0.0,0.0,0.0,0.0,0.0,0.0,0.0,0.0,0.0,0.0,0.0,0.0,0.0,0.0,0.0,0.0,nan,nan,4.342650443932917,2.892628501999984,nan,0.3906,0.05264,0.0,0.0,0.0,0.0,0.0,0.0,0.0,0.0,0.0,0.0,0.0,0.0,0.0,0.0,0.0,0.0,0.0,0.0,0.0,0.00039087259666173674,0.00011620536657511093,3.169237270230298e-05,0.00024297485738432285,0.0008662581871962814,0.01551869849989436,0.004753855905345447,0.003993238960490176,0.002841749418973167,0.004341855060215508,0.018846397633636172,0.01564546799070357,0.016363828438622437,0.021181069089372492,0.016437777308261146,0.0467990703570674,0.05680329600676104,0.06918444960912741,0.10064441157828016,0.06422987534333403,0.048658356222269175,0.09132685400380308,0.04697866046904712,0.12077963236847665,0.0702725544052398,0.02145573631945912,0.04659835199661948,0.01522290302133953,0.037851257130783855,0.012814282695964505,0.007901964927107543,0.0071519121064863725,0.005694062962180435,0.003126980773293894,0.004183393196703993,0.00017959011197971687,0.00015846186351151488,0.0,0.00041200084512993873,0.0,0.0,0.0,0.0,0.0,0.0,0.0,0.0,0.0,0.0,0.0,0.0,0.0,0.0,0.0,0.0,0.0,0.0,0.0,0.0,0.0,0.0,0.0,0.0,0.0,0.0,0.0,0.0,0.0,0.0,0.0,0.0,0.0,0.0,0.0,0.0,0.0,0.0,0.0,0.0,0.0,0.0,0.0,nan,nan,4.342650443932917,2.892628501999984,nan,0.9263575475808287,0.022949115945564532,0.0,0.0,0.0,0.0,0.0,0.0,0.0,0.0,0.0,0.0,0.0,0.0,0.0,0.0,0.0,0.0,0.0,0.0,0.0,0.0,0.0,0.0,0.0,0.0,0.0,0.16016427104722797,3.5852156057494873,14.882956878850106,10.176591375770023,1.1950718685831625,0.9261846058103081,0.023112768950426438,0.0,0.0,0.0,0.0,0.0,0.0,0.0,0.0,0.0,0.0,0.0,0.0,0.0,0.0,0.0,0.0,0.0,0.0,0.0,0.0,0.0,0.0,0.0,0.0,0.0,0.15665796344647523,3.642297650130549,14.869451697127941,10.000000000000002,1.3315926892950394,0.391,0.01117,0.0,0.0,0.0,0.0,0.0,0.0,0.0,0.0,0.0,0.0,0.46817248459958943,23.186858316221734,6.344969199178646,0.0,0.0,0.0,0.0,0.0,0.0,0.0,0.0,0.0,0.0,0.0,0.0,0.0,0.0,0.0,0.0,0.0,0.3901,0.0113,0.0,0.0,0.0,0.0,0.0,0.0,0.0,0.0,0.0,0.0,0.6005221932114884,23.733681462140957,5.6657963446475215,0.0,0.0,0.0,0.0,0.0,0.0,0.0,0.0,0.0,0.0,0.0,0.0,0.0,0.0,0.0,0.0,0.0
30300,4920,2559,0.5201219512195122,1189,1024,0.44979674796747965,1410,0.573170731707317,0.40599999999999997,3.0139771283354513,3.096946806680319,6.545045045045045,2.1093060814206392,9532.993902439024,1613.6916659156875,7853.0,11083.0,11083.0,0.0,7853.0,0.0,27.603252032520324,20.600258246701387,32.30245428296439,18.962736462592595,0.13475609756097562,0.10264227642276423,0.0943089430894309,0.09410569105691056,0.08373983739837398,0.07439024390243902,0.07073170731707316,0.06707317073170732,0.05203252032520325,0.048170731707317074,0.046544715447154474,0.04024390243902439,0.03516260162601626,0.02215447154471545,0.018089430894308943,0.010772357723577236,0.00508130081300813,0.9268150896197412,0.023013060294996286,0.0,0.0,0.0,0.0,0.0,0.0,0.0,0.0,0.0,0.0,0.0,0.0,0.0,0.0,0.0,0.0,0.0,0.0,0.0,0.0,0.0,0.0,0.0,0.0,0.0,0.10365853658536588,3.4024390243902447,15.164634146341466,9.993902439024394,1.3353658536585369,4.27065527065527,2.8993668051344135,nan,nan,nan,4.272784412319296,2.9271064138363165,4.268494897959184,2.870944749568687,0.9989960845326658,0.3906,0.011406,0.0,0.0,0.0,0.0,0.0,0.0,0.0,0.0,0.0,0.0,0.4878048780487806,23.463414634146307,6.04878048780488,0.0,0.0,0.0,0.0,0.0,0.0,0.0,0.0,0.0,0.0,0.0,0.0,0.0,0.0,0.0,0.0,0.0,nan,nan,4.27065527065527,2.8993668051344135,nan,0.3906,0.05246,0.0,0.0,0.0,0.0,0.0,0.0,0.0,0.0,0.0,0.0,0.0,0.0,0.0,0.0,0.0,0.0,0.0,0.0,0.0,0.0007113821138211383,3.048780487804878e-05,0.00017276422764227642,0.0003048780487804878,0.000975609756097561,0.014359756097560976,0.004126016260162601,0.0038109756097560975,0.0027642276422764228,0.004603658536585366,0.019634146341463415,0.014461382113821138,0.01704268292682927,0.022540650406504065,0.015426829268292683,0.04614837398373984,0.056392276422764225,0.06925813008130081,0.10229674796747967,0.06159552845528455,0.052459349593495935,0.09347560975609756,0.04692073170731707,0.12176829268292683,0.06598577235772357,0.022113821138211382,0.04733739837398374,0.014136178861788617,0.03696138211382114,0.012804878048780487,0.009034552845528456,0.007052845528455284,0.006138211382113821,0.00266260162601626,0.0034451219512195122,0.00018292682926829268,0.00011178861788617886,0.0,0.0007520325203252033,0.0,0.0,0.0,0.0,0.0,0.0,0.0,0.0,0.0,0.0,0.0,0.0,0.0,0.0,0.0,0.0,0.0,0.0,0.0,0.0,0.0,0.0,0.0,0.0,0.0,0.0,0.0,0.0,0.0,0.0,0.0,0.0,0.0,0.0,0.0,0.0,0.0,0.0,0.0,0.0,0.0,0.0,0.0,nan,nan,4.27065527065527,2.8993668051344135,nan,0.9272164002951816,0.023044159893845242,0.0,0.0,0.0,0.0,0.0,0.0,0.0,0.0,0.0,0.0,0.0,0.0,0.0,0.0,0.0,0.0,0.0,0.0,0.0,0.0,0.0,0.0,0.0,0.0,0.0,0.10550996483001175,3.2473622508792506,15.228604923798361,9.964830011723333,1.4536928487690508,0.9263801239194228,0.022971388938472313,0.0,0.0,0.0,0.0,0.0,0.0,0.0,0.0,0.0,0.0,0.0,0.0,0.0,0.0,0.0,0.0,0.0,0.0,0.0,0.0,0.0,0.0,0.0,0.0,0.0,0.10165184243964424,3.570520965692504,15.09529860228717,10.025412960609913,1.2071156289707752,0.391,0.01149,0.0,0.0,0.0,0.0,0.0,0.0,0.0,0.0,0.0,0.0,0.4923798358733881,23.03634232121919,6.471277842907387,0.0,0.0,0.0,0.0,0.0,0.0,0.0,0.0,0.0,0.0,0.0,0.0,0.0,0.0,0.0,0.0,0.0,0.3901,0.01129,0.0,0.0,0.0,0.0,0.0,0.0,0.0,0.0,0.0,0.0,0.4828462515883101,23.926302414231223,5.590851334180433,0.0,0.0,0.0,0.0,0.0,0.0,0.0,0.0,0.0,0.0,0.0,0.0,0.0,0.0,0.0,0.0,0.0
30400,4932,2546,0.5162206001622061,1218,984,0.4464720194647202,1378,0.5587996755879967,0.39799999999999996,3.043168482816429,3.16549354615122,6.757267441860465,2.2008401087513842,9520.392538523925,1614.1499378642056,7853.0,11083.0,11083.0,0.0,7853.0,0.0,28.486820762368207,20.855759916263526,33.27976047904192,19.06784131457254,0.1321978913219789,0.0989456609894566,0.08961881589618816,0.08252230332522303,0.08231954582319546,0.07968369829683698,0.06914030819140309,0.06569343065693431,0.05697485806974858,0.056163828061638284,0.048256285482562854,0.04075425790754258,0.035888077858880776,0.024533657745336578,0.0186536901865369,0.012976480129764802,0.0056772100567721,0.926113046192098,0.023204534399186624,0.0,0.0,0.0,0.0,0.0,0.0,0.0,0.0,0.0,0.0,0.0,0.0,0.0,0.0,0.0,0.0,0.0,0.0,0.0,0.0,0.0,0.0,0.0,0.0,0.0,0.16423357664233582,3.6374695863746966,14.933090024330903,9.975669099756693,1.2895377128953776,4.269362363919129,2.9239575746308937,nan,nan,nan,4.290625,2.9580250352853676,4.248297213622291,2.8896562424602963,0.9901348203635347,0.3906,0.01158,0.0,0.0,0.0,0.0,0.0,0.0,0.0,0.0,0.0,0.0,0.5778588807785889,22.883211678832083,6.532846715328469,0.006082725060827252,0.0,0.0,0.0,0.0,0.0,0.0,0.0,0.0,0.0,0.0,0.0,0.0,0.0,0.0,0.0,0.0,nan,nan,4.269362363919129,2.9239575746308937,nan,0.3906,0.05292,0.0,0.0,0.0,0.0,0.0,0.0,0.0,0.0,0.0,0.0,0.0,0.0,0.0,0.0,0.0,0.0,0.0,0.0,0.0,0.0008313057583130576,0.0,0.000364963503649635,0.00032441200324412003,0.0012266828872668288,0.014679643146796432,0.00413625304136253,0.0039334955393349556,0.002483779399837794,0.006042173560421736,0.019576236820762368,0.013655717761557178,0.017721005677210057,0.021958637469586376,0.01486212489862125,0.04599553933495539,0.05490673154906731,0.06977899432278994,0.10204785077047851,0.061972830494728307,0.050446066504460665,0.09696877534468776,0.04554947283049473,0.11952554744525548,0.06449716139497161,0.022495944849959447,0.0483779399837794,0.014568126520681264,0.037631792376317925,0.01339213300892133,0.009022708840227088,0.008029197080291971,0.006032035685320357,0.002899432278994323,0.0030008110300081105,0.00010137875101378751,6.082725060827251e-05,4.0551500405515004e-05,0.0008617193836171938,0.0,0.0,0.0,0.0,0.0,0.0,0.0,0.0,0.0,0.0,0.0,0.0,0.0,0.0,0.0,0.0,0.0,0.0,0.0,0.0,0.0,0.0,0.0,0.0,0.0,0.0,0.0,0.0,0.0,0.0,0.0,0.0,0.0,0.0,0.0,0.0,0.0,0.0,0.0,0.0,0.0,0.0,0.0,nan,nan,4.269362363919129,2.9239575746308937,nan,0.9265764892475865,0.023546101425928907,0.0,0.0,0.0,0.0,0.0,0.0,0.0,0.0,0.0,0.0,0.0,0.0,0.0,0.0,0.0,0.0,0.0,0.0,0.0,0.0,0.0,0.0,0.0,0.0,0.0,0.12961508248232523,3.5938727415553817,14.787902592301652,10.08641005498822,1.4021995286724276,0.9256185256475575,0.02282405303357767,0.0,0.0,0.0,0.0,0.0,0.0,0.0,0.0,0.0,0.0,0.0,0.0,0.0,0.0,0.0,0.0,0.0,0.0,0.0,0.0,0.0,0.0,0.0,0.0,0.0,0.20117351215423307,3.683989941324393,15.08801341156748,9.85750209555742,1.1693210393964797,0.3906,0.01164,0.0,0.0,0.0,0.0,0.0,0.0,0.0,0.0,0.0,0.0,0.6127258444619011,23.05970149253728,6.315789473684212,0.011783189316575023,0.0,0.0,0.0,0.0,0.0,0.0,0.0,0.0,0.0,0.0,0.0,0.0,0.0,0.0,0.0,0.0,0.3909,0.01152,0.0,0.0,0.0,0.0,0.0,0.0,0.0,0.0,0.0,0.0,0.5406538139145014,22.69488683989938,6.764459346186087,0.0,0.0,0.0,0.0,0.0,0.0,0.0,0.0,0.0,0.0,0.0,0.0,0.0,0.0,0.0,0.0,0.0
30500,4980,2602,0.5224899598393574,1221,1003,0.4465863453815261,1385,0.5562248995983936,0.40599999999999997,2.992430613961312,3.1082153108239483,6.641141141141141,2.1655342615014974,9540.642570281125,1613.3654443376902,7853.0,11083.0,11083.0,0.0,7853.0,0.0,28.128112449799197,20.878671618799608,33.01191327138432,19.10426481392666,0.13835341365461848,0.09678714859437751,0.09257028112449799,0.08674698795180723,0.08293172690763052,0.07309236947791165,0.07349397590361446,0.06244979919678715,0.05622489959839357,0.05060240963855422,0.04959839357429719,0.0429718875502008,0.03353413654618474,0.025502008032128515,0.016666666666666666,0.011646586345381526,0.006827309236947791,0.9255755100863047,0.02286921479235752,0.0,0.0,0.0,0.0,0.0,0.0,0.0,0.0,0.0,0.0,0.0,0.0,0.0,0.0,0.0,0.0,0.0,0.0,0.0,0.0,0.0,0.0,0.0,0.0,0.0,0.1204819277108434,3.981927710843374,14.722891566265064,10.144578313253016,1.030120481927711,4.261342448725917,2.929841056139245,nan,nan,nan,4.2145499383477185,2.899608441342415,4.3088972431077694,2.9594919358334257,1.0223860924986545,0.391,0.01152,0.0,0.0,0.0,0.0,0.0,0.0,0.0,0.0,0.0,0.0,0.4397590361445784,22.89156626506021,6.66265060240964,0.00602409638554217,0.0,0.0,0.0,0.0,0.0,0.0,0.0,0.0,0.0,0.0,0.0,0.0,0.0,0.0,0.0,0.0,nan,nan,4.261342448725917,2.929841056139245,nan,0.391,0.05347,0.0,0.0,0.0,0.0,0.0,0.0,0.0,0.0,0.0,0.0,0.0,0.0,0.0,0.0,0.0,0.0,0.0,0.0,0.0,0.0009538152610441767,0.0,0.0007931726907630522,0.00039156626506024094,0.0011345381526104417,0.014206827309236949,0.003895582329317269,0.0042068273092369475,0.002540160642570281,0.006556224899598393,0.018815261044176707,0.013855421686746987,0.01724899598393574,0.022319277108433736,0.01535140562248996,0.04490963855421687,0.05377510040160643,0.0703714859437751,0.09981927710843373,0.06477911646586346,0.04742971887550201,0.09666666666666666,0.04747991967871486,0.1214859437751004,0.061636546184738954,0.019889558232931728,0.048835341365461846,0.013805220883534136,0.03975903614457831,0.013855421686746987,0.01040160642570281,0.008734939759036145,0.006696787148594377,0.0031224899598393573,0.0030722891566265062,8.032128514056225e-05,0.0,5.020080321285141e-05,0.0010742971887550202,0.0,0.0,0.0,0.0,0.0,0.0,0.0,0.0,0.0,0.0,0.0,0.0,0.0,0.0,0.0,0.0,0.0,0.0,0.0,0.0,0.0,0.0,0.0,0.0,0.0,0.0,0.0,0.0,0.0,0.0,0.0,0.0,0.0,0.0,0.0,0.0,0.0,0.0,0.0,0.0,0.0,0.0,0.0,nan,nan,4.261342448725917,2.929841056139245,nan,0.9256447101445678,0.023127195590090424,0.0,0.0,0.0,0.0,0.0,0.0,0.0,0.0,0.0,0.0,0.0,0.0,0.0,0.0,0.0,0.0,0.0,0.0,0.0,0.0,0.0,0.0,0.0,0.0,0.0,0.1383551114527287,4.12759415833974,14.377401998462723,10.226748654880863,1.1299000768639509,0.925499791603714,0.022583313847373315,0.0,0.0,0.0,0.0,0.0,0.0,0.0,0.0,0.0,0.0,0.0,0.0,0.0,0.0,0.0,0.0,0.0,0.0,0.0,0.0,0.0,0.0,0.0,0.0,0.0,0.10092514718250634,3.8225399495374273,15.10092514718251,10.054667788057193,0.9209419680403702,0.391,0.01149,0.0,0.0,0.0,0.0,0.0,0.0,0.0,0.0,0.0,0.0,0.4150653343581861,22.943889315910805,6.641045349730978,0.0,0.0,0.0,0.0,0.0,0.0,0.0,0.0,0.0,0.0,0.0,0.0,0.0,0.0,0.0,0.0,0.0,0.391,0.01156,0.0,0.0,0.0,0.0,0.0,0.0,0.0,0.0,0.0,0.0,0.46677880571909175,22.83431455004202,6.686291000841044,0.012615643397813292,0.0,0.0,0.0,0.0,0.0,0.0,0.0,0.0,0.0,0.0,0.0,0.0,0.0,0.0,0.0,0.0
30600,5062,2520,0.49782694587119714,1157,1091,0.4440932437771632,1429,0.5645989727380482,0.39799999999999996,2.8359559402045633,3.0705444092127703,6.614916286149163,2.129582111626819,9460.981035163966,1614.9847473374573,7853.0,11083.0,11083.0,0.0,7853.0,0.0,27.219676017384433,20.738507217296778,32.294969150450875,19.032547456474635,0.14618727775582774,0.10628210193599368,0.0962070327933623,0.08178585539312525,0.07981035163966811,0.08158830501777953,0.07013038324772818,0.0600553141050968,0.05235084946661399,0.05136309758988542,0.04602923745555117,0.04069537732121691,0.032200711181351246,0.020347688660608456,0.01876728565784275,0.009679968391939945,0.006519162386408534,0.926139019120592,0.02312770777979306,0.0,0.0,0.0,0.0,0.0,0.0,0.0,0.0,0.0,0.0,0.0,0.0,0.0,0.0,0.0,0.0,0.0,0.0,0.0,0.0,0.0,0.0,0.0,0.0,0.0,0.16001580403002771,3.7040695377321224,15.017779533781116,9.89134729355986,1.2267878308968792,4.254522769806613,2.835163163231579,nan,nan,nan,4.366960907944515,2.863699486466251,4.144444444444445,2.8025781781146524,0.9490454647543877,0.3914,0.011604,0.0,0.0,0.0,0.0,0.0,0.0,0.0,0.0,0.0,0.0,0.6045041485578824,22.562228368233868,6.833267483208219,0.0,0.0,0.0,0.0,0.0,0.0,0.0,0.0,0.0,0.0,0.0,0.0,0.0,0.0,0.0,0.0,0.0,nan,nan,4.254522769806613,2.835163163231579,nan,0.3914,0.05374,0.0,0.0,0.0,0.0,0.0,0.0,0.0,0.0,0.0,0.0,0.0,0.0,0.0,0.0,0.0,0.0,0.0,0.0,0.0,0.0014026076649545634,0.0,0.001155669695772422,0.00036546819438956936,0.0008297115764519953,0.013937178980640064,0.00398064006321612,0.003170683524298696,0.003150928486764125,0.006696957724219676,0.019784670090873174,0.013265507704464639,0.018599367838798894,0.02247135519557487,0.014144606874753062,0.043708020545239035,0.05476096404583169,0.07138482813117344,0.09775780323982615,0.06547807190833663,0.04735282497036744,0.0931153694192019,0.04969379691821414,0.11652508889766891,0.06520150138285263,0.020051363097589887,0.050572896088502566,0.013611220861319636,0.03971750296325563,0.01328526274199921,0.01178387988937179,0.009205847491110234,0.00652903990517582,0.003259581193204267,0.002597787435796128,3.951007506914263e-05,0.0,4.938759383642829e-05,0.0013630975898854209,0.0,0.0,0.0,0.0,0.0,0.0,0.0,0.0,0.0,0.0,0.0,0.0,0.0,0.0,0.0,0.0,0.0,0.0,0.0,0.0,0.0,0.0,0.0,0.0,0.0,0.0,0.0,0.0,0.0,0.0,0.0,0.0,0.0,0.0,0.0,0.0,0.0,0.0,0.0,0.0,0.0,0.0,0.0,nan,nan,4.254522769806613,2.835163163231579,nan,0.925340422396622,0.02376563331371839,0.0,0.0,0.0,0.0,0.0,0.0,0.0,0.0,0.0,0.0,0.0,0.0,0.0,0.0,0.0,0.0,0.0,0.0,0.0,0.0,0.0,0.0,0.0,0.0,0.0,0.261904761904762,3.988095238095239,14.761904761904765,9.773809523809527,1.2142857142857144,0.9269307043072185,0.02244941653193352,0.0,0.0,0.0,0.0,0.0,0.0,0.0,0.0,0.0,0.0,0.0,0.0,0.0,0.0,0.0,0.0,0.0,0.0,0.0,0.0,0.0,0.0,0.0,0.0,0.0,0.05900865460267507,3.422501966955154,15.271439811172309,10.007867820613694,1.2391817466561765,0.3914,0.01159,0.0,0.0,0.0,0.0,0.0,0.0,0.0,0.0,0.0,0.0,0.642857142857143,22.595238095238063,6.761904761904764,0.0,0.0,0.0,0.0,0.0,0.0,0.0,0.0,0.0,0.0,0.0,0.0,0.0,0.0,0.0,0.0,0.0,0.391,0.01162,0.0,0.0,0.0,0.0,0.0,0.0,0.0,0.0,0.0,0.0,0.5664830841856806,22.529504327301307,6.904012588512983,0.0,0.0,0.0,0.0,0.0,0.0,0.0,0.0,0.0,0.0,0.0,0.0,0.0,0.0,0.0,0.0,0.0
30700,4030,2091,0.5188585607940447,955,782,0.43101736972704713,1120,0.5558312655086849,0.41,2.9437854564208354,2.974264083074827,6.109427609427609,2.0588509778846817,9528.913151364764,1613.8508567989836,7853.0,11083.0,11083.0,0.0,7853.0,0.0,29.242679900744417,21.508234092111326,33.9304828388598,19.801680972639698,0.1260545905707196,0.10272952853598015,0.09305210918114144,0.08238213399503722,0.07146401985111663,0.07816377171215881,0.0672456575682382,0.0630272952853598,0.05732009925558312,0.04962779156327544,0.05657568238213399,0.04317617866004963,0.036228287841191066,0.027791563275434243,0.022332506203473945,0.012903225806451613,0.009925558312655087,0.9270026652599979,0.022990710939768785,0.0,0.0,0.0,0.0,0.0,0.0,0.0,0.0,0.0,0.0,0.0,0.0,0.0,0.0,0.0,0.0,0.0,0.0,0.0,0.0,0.0,0.0,0.0,0.0,0.0,0.12655086848635239,3.5583126550868496,14.612903225806456,10.533498759305212,1.1687344913151367,4.060491493383743,2.768054421120189,nan,nan,nan,4.034980988593156,2.750788462775527,4.085714285714285,2.7847906700975003,1.0125733670777017,0.3906,0.011894,0.0,0.0,0.0,0.0,0.0,0.0,0.0,0.0,0.0,0.0,0.8263027295285362,22.585607940446618,6.588089330024816,0.0,0.0,0.0,0.0,0.0,0.0,0.0,0.0,0.0,0.0,0.0,0.0,0.0,0.0,0.0,0.0,0.0,nan,nan,4.060491493383743,2.768054421120189,nan,0.3906,0.05374,0.0,0.0,0.0,0.0,0.0,0.0,0.0,0.0,0.0,0.0,0.0,0.0,0.0,0.0,0.0,0.0,0.0,0.0,0.0,0.0015136476426799007,0.0,0.0008933002481389578,0.0003970223325062035,0.0008684863523573201,0.013858560794044666,0.003511166253101737,0.0034367245657568237,0.0030397022332506202,0.007642679900744417,0.02021091811414392,0.011997518610421837,0.0193424317617866,0.02426799007444169,0.014143920595533498,0.043957816377171215,0.05547146401985112,0.07353598014888338,0.09941687344913151,0.06426799007444169,0.04839950372208437,0.09455334987593052,0.04911910669975186,0.11300248138957816,0.06544665012406947,0.01816377171215881,0.04916873449131513,0.013796526054590572,0.037977667493796524,0.013424317617866005,0.011377171215880893,0.009106699751861042,0.006687344913151365,0.003833746898263027,0.0030893300248138957,0.0,0.0,0.0,0.0010794044665012408,0.0,0.0,0.0,0.0,0.0,0.0,0.0,0.0,0.0,0.0,0.0,0.0,0.0,0.0,0.0,0.0,0.0,0.0,0.0,0.0,0.0,0.0,0.0,0.0,0.0,0.0,0.0,0.0,0.0,0.0,0.0,0.0,0.0,0.0,0.0,0.0,0.0,0.0,0.0,0.0,0.0,0.0,0.0,nan,nan,4.060491493383743,2.768054421120189,nan,0.926710992837739,0.02334034511007248,0.0,0.0,0.0,0.0,0.0,0.0,0.0,0.0,0.0,0.0,0.0,0.0,0.0,0.0,0.0,0.0,0.0,0.0,0.0,0.0,0.0,0.0,0.0,0.0,0.0,0.15781922525107606,3.57245337159254,14.662840746054522,10.459110473457677,1.1477761836441895,0.9273172021526969,0.022603392348512292,0.0,0.0,0.0,0.0,0.0,0.0,0.0,0.0,0.0,0.0,0.0,0.0,0.0,0.0,0.0,0.0,0.0,0.0,0.0,0.0,0.0,0.0,0.0,0.0,0.0,0.09283135636926253,3.5430634347601866,14.559051057246007,10.613718411552348,1.1913357400722024,0.3906,0.01212,0.0,0.0,0.0,0.0,0.0,0.0,0.0,0.0,0.0,0.0,0.9325681492109041,22.338593974175005,6.728837876614062,0.0,0.0,0.0,0.0,0.0,0.0,0.0,0.0,0.0,0.0,0.0,0.0,0.0,0.0,0.0,0.0,0.0,0.3909,0.011635,0.0,0.0,0.0,0.0,0.0,0.0,0.0,0.0,0.0,0.0,0.7117070654976794,22.851985559566753,6.436307374935535,0.0,0.0,0.0,0.0,0.0,0.0,0.0,0.0,0.0,0.0,0.0,0.0,0.0,0.0,0.0,0.0,0.0
30800,4227,2178,0.5152590489709014,1025,866,0.4473621954104566,1215,0.5748757984386089,0.40199999999999997,2.950219619326501,3.0381439070246126,6.416243654822335,2.1085612535379825,9517.286728176012,1614.247756208973,7853.0,11083.0,11083.0,0.0,7853.0,0.0,27.771705701443103,20.75518123609955,32.898439716312055,18.91242708577444,0.14431038561627632,0.10314643955524012,0.08942512420156139,0.08161816891412349,0.07617695765318193,0.07830612727702863,0.07097232079488999,0.06742370475514549,0.05819730305180979,0.05630470783061273,0.043529690087532526,0.040927371658386565,0.03312041637094866,0.0241305890702626,0.01585048497752543,0.009462976105985333,0.007097232079488999,0.9269219901450622,0.02312665861452188,0.0,0.0,0.0,0.0,0.0,0.0,0.0,0.0,0.0,0.0,0.0,0.0,0.0,0.0,0.0,0.0,0.0,0.0,0.0,0.0,0.0,0.0,0.0,0.0,0.0,0.10645848119233502,3.4634492547906324,14.925479063165369,10.127750177430803,1.376863023420866,4.289240972733972,2.8272509202064713,nan,nan,nan,4.300735294117647,2.82608636903137,4.277695716395864,2.828373126475109,0.9946428747304453,0.3909,0.01171,0.0,0.0,0.0,0.0,0.0,0.0,0.0,0.0,0.0,0.0,0.6032647267565651,22.987934705464834,6.408800567778568,0.0,0.0,0.0,0.0,0.0,0.0,0.0,0.0,0.0,0.0,0.0,0.0,0.0,0.0,0.0,0.0,0.0,nan,nan,4.289240972733972,2.8272509202064713,nan,0.3909,0.054,0.0,0.0,0.0,0.0,0.0,0.0,0.0,0.0,0.0,0.0,0.0,0.0,0.0,0.0,0.0,0.0,0.0,0.0,0.0,0.0018571090607996214,0.0,0.0006860657676839366,0.0006978944878164182,0.0007452093683463449,0.013165365507452094,0.003820676602791578,0.003359356517624793,0.0027087769103383012,0.0070499171989590725,0.020558315590253135,0.011982493494203926,0.020700260231842914,0.0234208658623137,0.015602081854743316,0.043127513603028154,0.054790631653655074,0.07300686065767684,0.09743316773125148,0.06715164419209842,0.046616986042110245,0.09138869174355335,0.049467707594038325,0.11497515968772179,0.06695055594984622,0.019174355334752778,0.049964513839602556,0.013248166548379466,0.0379347054648687,0.011958836053938963,0.01115448308493021,0.009167258102673291,0.007771469127040454,0.0031582682753726046,0.0033120416370948664,1.1828720132481666e-05,0.0,0.0,0.0018571090607996214,0.0,0.0,2.365744026496333e-05,0.0,0.0,0.0,0.0,0.0,0.0,0.0,0.0,0.0,0.0,0.0,0.0,0.0,0.0,0.0,0.0,0.0,0.0,0.0,0.0,0.0,0.0,0.0,0.0,0.0,0.0,0.0,0.0,0.0,0.0,0.0,0.0,0.0,0.0,0.0,0.0,0.0,0.0,0.0,0.0,nan,nan,4.289240972733972,2.8272509202064713,nan,0.9269522580397688,0.022758156025622714,0.0,0.0,0.0,0.0,0.0,0.0,0.0,0.0,0.0,0.0,0.0,0.0,0.0,0.0,0.0,0.0,0.0,0.0,0.0,0.0,0.0,0.0,0.0,0.0,0.0,0.041322314049586785,3.3195592286501387,15.247933884297524,10.000000000000002,1.391184573002755,0.926889816658156,0.023511986967545705,0.0,0.0,0.0,0.0,0.0,0.0,0.0,0.0,0.0,0.0,0.0,0.0,0.0,0.0,0.0,0.0,0.0,0.0,0.0,0.0,0.0,0.0,0.0,0.0,0.0,0.17569546120058568,3.616398243045389,14.582723279648613,10.26354319180088,1.3616398243045391,0.3909,0.01129,0.0,0.0,0.0,0.0,0.0,0.0,0.0,0.0,0.0,0.0,0.5234159779614326,23.292011019283713,6.1845730027548225,0.0,0.0,0.0,0.0,0.0,0.0,0.0,0.0,0.0,0.0,0.0,0.0,0.0,0.0,0.0,0.0,0.0,0.391,0.01214,0.0,0.0,0.0,0.0,0.0,0.0,0.0,0.0,0.0,0.0,0.6881405563689605,22.66471449487552,6.647144948755492,0.0,0.0,0.0,0.0,0.0,0.0,0.0,0.0,0.0,0.0,0.0,0.0,0.0,0.0,0.0,0.0,0.0
30900,4091,2116,0.5172329503788805,956,819,0.4338792471278416,1123,0.5490100219995111,0.418,2.9164556962025316,3.060339617942933,6.56043956043956,2.1193792263196123,9523.662429723783,1614.040487074982,7853.0,11083.0,11083.0,0.0,7853.0,0.0,27.67171840625764,20.950396642703005,32.70204678362573,19.238936105651568,0.1410413101931068,0.10706428746027866,0.09997555609875336,0.0826203862136397,0.07406502077731605,0.0755316548521144,0.06526521632852603,0.06159863114153019,0.056465411879736006,0.05450989978000489,0.048154485455878755,0.04106575409435346,0.031777071620630655,0.02859936445856759,0.017599608897580055,0.009044243461256417,0.005622097286726962,0.9268329348665553,0.023311332638045707,0.0,0.0,0.0,0.0,0.0,0.0,0.0,0.0,0.0,0.0,0.0,0.0,0.0,0.0,0.0,0.0,0.0,0.0,0.0,0.0,0.0,0.0,0.0,0.0,0.0,0.12466389635785874,3.7325837203617707,14.365680762649722,10.479100464434126,1.2979711561965293,4.244582043343653,2.7930021014358237,nan,nan,nan,4.26646248085758,2.8275161661298323,4.224745497259201,2.7567100513463325,0.9902221140381402,0.3904,0.01188,0.0,0.0,0.0,0.0,0.0,0.0,0.0,0.0,0.0,0.0,0.6599853336592522,22.872158396480046,6.46052309948668,0.007333170373991691,0.0,0.0,0.0,0.0,0.0,0.0,0.0,0.0,0.0,0.0,0.0,0.0,0.0,0.0,0.0,0.0,nan,nan,4.244582043343653,2.7930021014358237,nan,0.3904,0.05383,0.0,0.0,0.0,0.0,0.0,0.0,0.0,0.0,0.0,0.0,0.0,0.0,0.0,0.0,0.0,0.0,0.0,2.4443901246638963e-05,0.0,0.0016621852847714495,0.0,0.000684429234905891,0.0007333170373991689,0.0005622097286726961,0.012869714006355414,0.004436568076264972,0.0037643607919824002,0.0025421657296504523,0.008237594720117331,0.020899535565876315,0.012820826203862136,0.019384013688584698,0.022610608653141042,0.01487411390857981,0.04392569054021022,0.05353214373013933,0.07467611830848203,0.09605230994866781,0.07467611830848203,0.04562454167685163,0.0930945978978245,0.04934001466634075,0.11302859936445857,0.06343192373502811,0.02001955512099731,0.04925446101197751,0.012454167685162552,0.0373258372036177,0.011134197017844048,0.01107308726472745,0.008922023955023221,0.008127597164507455,0.002639941334637008,0.003678807137619164,0.0,1.2221950623319482e-05,0.0,0.0018577364947445613,0.0,0.0,1.2221950623319482e-05,0.0,0.0,0.0,0.0,0.0,0.0,0.0,0.0,0.0,0.0,0.0,0.0,0.0,0.0,0.0,0.0,0.0,0.0,0.0,0.0,0.0,0.0,0.0,0.0,0.0,0.0,0.0,0.0,0.0,0.0,0.0,0.0,0.0,0.0,0.0,0.0,0.0,0.0,0.0,0.0,nan,nan,4.244582043343653,2.7930021014358237,nan,0.9272897061812629,0.023166367659817062,0.0,0.0,0.0,0.0,0.0,0.0,0.0,0.0,0.0,0.0,0.0,0.0,0.0,0.0,0.0,0.0,0.0,0.0,0.0,0.0,0.0,0.0,0.0,0.0,0.0,0.11342155009451799,3.5586011342155017,14.588846880907376,10.349716446124765,1.3894139886578452,0.9263435535491268,0.023455785107112298,0.0,0.0,0.0,0.0,0.0,0.0,0.0,0.0,0.0,0.0,0.0,0.0,0.0,0.0,0.0,0.0,0.0,0.0,0.0,0.0,0.0,0.0,0.0,0.0,0.0,0.1367088607594937,3.918987341772153,14.126582278481017,10.617721518987343,1.2000000000000002,0.3904,0.011925,0.0,0.0,0.0,0.0,0.0,0.0,0.0,0.0,0.0,0.0,0.6096408317580342,22.89697542533078,6.47920604914934,0.014177693761814748,0.0,0.0,0.0,0.0,0.0,0.0,0.0,0.0,0.0,0.0,0.0,0.0,0.0,0.0,0.0,0.0,0.3904,0.01183,0.0,0.0,0.0,0.0,0.0,0.0,0.0,0.0,0.0,0.0,0.7139240506329115,22.84556962025313,6.4405063291139255,0.0,0.0,0.0,0.0,0.0,0.0,0.0,0.0,0.0,0.0,0.0,0.0,0.0,0.0,0.0,0.0,0.0
31000,3870,2070,0.5348837209302325,948,767,0.44315245478036175,1045,0.5400516795865633,0.45,3.1255555555555556,3.1731183789631268,6.721374045801527,2.1699371234281704,9580.67441860465,1611.064702422626,7853.0,11083.0,11083.0,0.0,7853.0,0.0,28.42248062015504,21.092660370259185,33.35122699386503,19.32429766096502,0.13695090439276486,0.09689922480620156,0.09612403100775194,0.08320413436692506,0.07674418604651163,0.07441860465116279,0.07260981912144703,0.06330749354005168,0.05813953488372093,0.04961240310077519,0.04935400516795865,0.044444444444444446,0.0351421188630491,0.023772609819121448,0.02041343669250646,0.011111111111111112,0.007751937984496124,0.9270993066696541,0.02362087434394941,0.0,0.0,0.0,0.0,0.0,0.0,0.0,0.0,0.0,0.0,0.0,0.0,0.0,0.0,0.0,0.0,0.0,0.0,0.0,0.0,0.0,0.0,0.0,0.0,0.0,0.1550387596899225,3.565891472868218,14.302325581395353,10.550387596899228,1.4263565891472871,4.212205823693658,2.9233736475116703,nan,nan,nan,4.228731942215088,2.877907685392464,4.195876288659794,2.9675242682868754,0.9922303768590062,0.3901,0.01183,0.0,0.0,0.0,0.0,0.0,0.0,0.0,0.0,0.0,0.0,0.7519379844961241,23.47286821705423,5.775193798449614,0.0,0.0,0.0,0.0,0.0,0.0,0.0,0.0,0.0,0.0,0.0,0.0,0.0,0.0,0.0,0.0,0.0,nan,nan,4.212205823693658,2.9233736475116703,nan,0.3901,0.05417,0.0,0.0,0.0,0.0,0.0,0.0,0.0,0.0,0.0,0.0,0.0,0.0,0.0,0.0,0.0,0.0,0.0,0.0,0.0,0.0018733850129198967,0.0,0.0007493540051679587,0.0005038759689922481,0.0006330749354005168,0.013359173126614988,0.004198966408268734,0.003785529715762274,0.0018217054263565892,0.008100775193798449,0.02186046511627907,0.013242894056847546,0.021046511627906977,0.021718346253229975,0.013617571059431524,0.04680878552971576,0.05437984496124031,0.07618863049095607,0.0951421188630491,0.07406976744186046,0.04569767441860465,0.09156330749354005,0.04832041343669251,0.10900516795865633,0.06502583979328165,0.020426356589147286,0.04810077519379845,0.011201550387596898,0.03961240310077519,0.010012919896640826,0.010917312661498708,0.010284237726098192,0.008229974160206719,0.002674418604651163,0.004056847545219638,2.5839793281653746e-05,1.2919896640826873e-05,0.0,0.001731266149870801,0.0,0.0,0.0,0.0,0.0,0.0,0.0,0.0,0.0,0.0,0.0,0.0,0.0,0.0,0.0,0.0,0.0,0.0,0.0,0.0,0.0,0.0,0.0,0.0,0.0,0.0,0.0,0.0,0.0,0.0,0.0,0.0,0.0,0.0,0.0,0.0,0.0,0.0,0.0,0.0,0.0,0.0,0.0,nan,nan,4.212205823693658,2.9233736475116703,nan,0.9270636689547755,0.023407564195358166,0.0,0.0,0.0,0.0,0.0,0.0,0.0,0.0,0.0,0.0,0.0,0.0,0.0,0.0,0.0,0.0,0.0,0.0,0.0,0.0,0.0,0.0,0.0,0.0,0.0,0.13043478260869568,3.55072463768116,14.47826086956522,10.463768115942031,1.3768115942028987,0.9271402900417646,0.023863758175880153,0.0,0.0,0.0,0.0,0.0,0.0,0.0,0.0,0.0,0.0,0.0,0.0,0.0,0.0,0.0,0.0,0.0,0.0,0.0,0.0,0.0,0.0,0.0,0.0,0.0,0.18333333333333338,3.5833333333333344,14.100000000000003,10.650000000000002,1.4833333333333336,0.3901,0.01188,0.0,0.0,0.0,0.0,0.0,0.0,0.0,0.0,0.0,0.0,0.8405797101449277,23.39130434782605,5.768115942028986,0.0,0.0,0.0,0.0,0.0,0.0,0.0,0.0,0.0,0.0,0.0,0.0,0.0,0.0,0.0,0.0,0.0,0.3901,0.01177,0.0,0.0,0.0,0.0,0.0,0.0,0.0,0.0,0.0,0.0,0.6500000000000001,23.566666666666634,5.783333333333334,0.0,0.0,0.0,0.0,0.0,0.0,0.0,0.0,0.0,0.0,0.0,0.0,0.0,0.0,0.0,0.0,0.0
31100,4150,2183,0.5260240963855422,1007,824,0.4412048192771084,1148,0.5532530120481928,0.434,3.146924250127097,3.200195317796304,6.807106598984771,2.146105808022725,9552.0578313253,1612.810987373563,7853.0,11083.0,11083.0,0.0,7853.0,0.0,28.268915662650603,21.046442564180417,33.2747347289934,19.228515801789502,0.1416867469879518,0.09566265060240964,0.09349397590361445,0.08626506024096385,0.0746987951807229,0.07710843373493977,0.06867469879518072,0.06192771084337349,0.05927710843373494,0.05373493975903614,0.04457831325301205,0.04481927710843373,0.03686746987951807,0.023855421686746987,0.019518072289156627,0.01108433734939759,0.006746987951807229,0.9279934330015297,0.02347895159247942,0.0,0.0,0.0,0.0,0.0,0.0,0.0,0.0,0.0,0.0,0.0,0.0,0.0,0.0,0.0,0.0,0.0,0.0,0.0,0.0,0.0,0.0,0.0,0.0,0.007228915662650604,0.12289156626506027,3.397590361445784,14.204819277108438,10.792771084337351,1.474698795180723,4.405667412378822,2.986711424998438,nan,nan,nan,4.40191036002939,3.0173579434499898,4.409538228614686,2.954799508424934,1.0017328541386392,0.39,0.01152,0.0,0.0,0.0,0.0,0.0,0.0,0.0,0.0,0.0,0.0,0.6361445783132531,23.812048192771048,5.5518072289156635,0.0,0.0,0.0,0.0,0.0,0.0,0.0,0.0,0.0,0.0,0.0,0.0,0.0,0.0,0.0,0.0,0.0,nan,nan,4.405667412378822,2.986711424998438,nan,0.39,0.05365,0.0,0.0,0.0,0.0,0.0,0.0,0.0,0.0,0.0,0.0,0.0,0.0,0.0,0.0,0.0,0.0,0.0,0.0,0.0,0.0020240963855421685,0.0,0.0010602409638554217,0.0003855421686746988,0.00037349397590361445,0.013012048192771084,0.004,0.004,0.001433734939759036,0.006662650602409639,0.023,0.012289156626506025,0.018240963855421687,0.02263855421686747,0.012831325301204819,0.0473855421686747,0.05774698795180723,0.07978313253012048,0.09524096385542169,0.07855421686746988,0.04462650602409639,0.0943132530120482,0.04619277108433735,0.10759036144578313,0.06068674698795181,0.021421686746987953,0.0465421686746988,0.011939759036144578,0.038397590361445785,0.01019277108433735,0.011686746987951807,0.010108433734939758,0.00816867469879518,0.002542168674698795,0.003493975903614458,7.228915662650602e-05,2.4096385542168674e-05,0.0,0.0013373493975903615,0.0,0.0,0.0,0.0,0.0,0.0,0.0,0.0,0.0,0.0,0.0,0.0,0.0,0.0,0.0,0.0,0.0,0.0,0.0,0.0,0.0,0.0,0.0,0.0,0.0,0.0,0.0,0.0,0.0,0.0,0.0,0.0,0.0,0.0,0.0,0.0,0.0,0.0,0.0,0.0,0.0,0.0,0.0,nan,nan,4.405667412378822,2.986711424998438,nan,0.9280474830045101,0.023816916476514283,0.0,0.0,0.0,0.0,0.0,0.0,0.0,0.0,0.0,0.0,0.0,0.0,0.0,0.0,0.0,0.0,0.0,0.0,0.0,0.0,0.0,0.0,0.0,0.0,0.013742556115437475,0.13742556115437474,3.476866697205681,14.058634906092536,10.77416399450298,1.5391662849289973,0.9279334476652277,0.02309793743818501,0.0,0.0,0.0,0.0,0.0,0.0,0.0,0.0,0.0,0.0,0.0,0.0,0.0,0.0,0.0,0.0,0.0,0.0,0.0,0.0,0.0,0.0,0.0,0.0,0.0,0.10676156583629896,3.309608540925268,14.367056431113374,10.81342145399085,1.4031520081342148,0.39,0.01122,0.0,0.0,0.0,0.0,0.0,0.0,0.0,0.0,0.0,0.0,0.5634448007329365,24.17315620705448,5.263398992212553,0.0,0.0,0.0,0.0,0.0,0.0,0.0,0.0,0.0,0.0,0.0,0.0,0.0,0.0,0.0,0.0,0.0,0.39,0.01183,0.0,0.0,0.0,0.0,0.0,0.0,0.0,0.0,0.0,0.0,0.7168276563294358,23.41128622267409,5.871886120996442,0.0,0.0,0.0,0.0,0.0,0.0,0.0,0.0,0.0,0.0,0.0,0.0,0.0,0.0,0.0,0.0,0.0
31200,4176,2167,0.5189176245210728,1019,860,0.4499521072796935,1159,0.5550766283524904,0.43,3.0632155301144848,3.168329749808546,6.735714285714286,2.1953220209140625,9529.103927203065,1613.8436448678547,7853.0,11083.0,11083.0,0.0,7853.0,0.0,27.886494252873565,20.840827377866464,32.75334281650071,19.125989023019187,0.13984674329501914,0.09937739463601533,0.09171455938697318,0.08788314176245211,0.08453065134099617,0.07734674329501916,0.06944444444444445,0.06297892720306514,0.05507662835249042,0.04621647509578544,0.05148467432950191,0.037835249042145594,0.033045977011494254,0.026340996168582376,0.021551724137931036,0.010057471264367816,0.005268199233716475,0.927494243172736,0.022932169305634457,0.0,0.0,0.0,0.0,0.0,0.0,0.0,0.0,0.0,0.0,0.0,0.0,0.0,0.0,0.0,0.0,0.0,0.0,0.0,0.0,0.0,0.0,0.0,0.0,0.0,0.12931034482758624,3.2758620689655182,14.583333333333337,10.610632183908047,1.4008620689655173,4.2800147765053564,2.952258269164408,nan,nan,nan,4.325443786982248,3.018533081285747,4.234686346863469,2.883899796829473,0.979017773761869,0.3896,0.01121,0.0,0.0,0.0,0.0,0.0,0.0,0.0,0.0,0.0,0.0,0.589080459770115,23.97270114942525,5.4382183908045985,0.0,0.0,0.0,0.0,0.0,0.0,0.0,0.0,0.0,0.0,0.0,0.0,0.0,0.0,0.0,0.0,0.0,nan,nan,4.2800147765053564,2.952258269164408,nan,0.3896,0.05377,0.0,0.0,0.0,0.0,0.0,0.0,0.0,0.0,0.0,0.0,0.0,0.0,0.0,0.0,0.0,0.0,0.0,0.0,0.0,0.0019157088122605363,1.1973180076628353e-05,0.0011494252873563218,0.00041906130268199235,0.0005148467432950192,0.014260057471264367,0.0035081417624521073,0.0038314176245210726,0.001460727969348659,0.00617816091954023,0.025119731800766282,0.012547892720306514,0.01695402298850575,0.020797413793103448,0.010548371647509578,0.04835967432950192,0.059770114942528735,0.08085488505747127,0.09454022988505748,0.08119013409961685,0.04312739463601532,0.09158285440613027,0.04922174329501916,0.103125,0.0631345785440613,0.02209051724137931,0.047629310344827584,0.011063218390804598,0.03782327586206897,0.008465038314176245,0.011961206896551724,0.011003352490421456,0.008010057471264367,0.0032806513409961687,0.0034602490421455937,2.3946360153256706e-05,0.0,0.0,0.0010656130268199234,0.0,0.0,0.0,0.0,0.0,0.0,0.0,0.0,0.0,0.0,0.0,0.0,0.0,0.0,0.0,0.0,0.0,0.0,0.0,0.0,0.0,0.0,0.0,0.0,0.0,0.0,0.0,0.0,0.0,0.0,0.0,0.0,0.0,0.0,0.0,0.0,0.0,0.0,0.0,0.0,0.0,0.0,0.0,nan,nan,4.2800147765053564,2.952258269164408,nan,0.927126527080131,0.02288992075808832,0.0,0.0,0.0,0.0,0.0,0.0,0.0,0.0,0.0,0.0,0.0,0.0,0.0,0.0,0.0,0.0,0.0,0.0,0.0,0.0,0.0,0.0,0.0,0.0,0.0,0.06922011998154132,3.461005999077066,14.743885556068301,10.327641901245963,1.3982464236271346,0.9278908786992044,0.022971055463216674,0.0,0.0,0.0,0.0,0.0,0.0,0.0,0.0,0.0,0.0,0.0,0.0,0.0,0.0,0.0,0.0,0.0,0.0,0.0,0.0,0.0,0.0,0.0,0.0,0.0,0.19412643106022903,3.076157292185168,14.410154305624692,10.915878546540569,1.4036834245893481,0.39,0.01126,0.0,0.0,0.0,0.0,0.0,0.0,0.0,0.0,0.0,0.0,0.6229810798338719,23.880941393631716,5.49607752653438,0.0,0.0,0.0,0.0,0.0,0.0,0.0,0.0,0.0,0.0,0.0,0.0,0.0,0.0,0.0,0.0,0.0,0.3896,0.01113,0.0,0.0,0.0,0.0,0.0,0.0,0.0,0.0,0.0,0.0,0.5525136884021903,24.071677451468357,5.3758088601294185,0.0,0.0,0.0,0.0,0.0,0.0,0.0,0.0,0.0,0.0,0.0,0.0,0.0,0.0,0.0,0.0,0.0
31300,4277,2182,0.5101706803834464,994,866,0.4348842646714987,1212,0.5667523965396306,0.426,2.9751789976133654,3.1582531430292105,6.694682675814751,2.1526853134689907,9500.851297638532,1614.6658453820914,7853.0,11083.0,11083.0,0.0,7853.0,0.0,27.71311667056348,21.056472350786343,32.71536312849162,19.378694133523336,0.14051905541267243,0.10568155249006313,0.09749824643441665,0.08744447042319382,0.08043020808978256,0.0729483282674772,0.06710310965630115,0.058919803600654665,0.057049333645078325,0.050035071311667054,0.04372223521159691,0.04465747018938508,0.030628945522562543,0.027823240589198037,0.015665185877951834,0.0121580547112462,0.007715688566752397,0.9254789964629301,0.023136957401978405,0.0,0.0,0.0,0.0,0.0,0.0,0.0,0.0,0.0,0.0,0.0,0.0,0.0,0.0,0.0,0.0,0.0,0.0,0.0,0.0,0.0,0.0,0.0,0.0,0.0,0.15431377133504795,3.8999298573766668,14.982464344166475,9.819967266775778,1.1433247603460372,4.38591342626559,2.9347276227862205,nan,nan,nan,4.333826794966692,2.9448978718372323,4.4374090247452695,2.9248368217497607,1.0239008697576188,0.3896,0.0117,0.0,0.0,0.0,0.0,0.0,0.0,0.0,0.0,0.0,0.0,0.7294832826747722,23.694178162263235,5.57633855506196,0.0,0.0,0.0,0.0,0.0,0.0,0.0,0.0,0.0,0.0,0.0,0.0,0.0,0.0,0.0,0.0,0.0,nan,nan,4.38591342626559,2.9347276227862205,nan,0.3896,0.05377,0.0,0.0,0.0,0.0,0.0,0.0,0.0,0.0,0.0,0.0,0.0,0.0,0.0,0.0,0.0,0.0,0.0,0.0,0.0,0.0014379237783493102,0.0,0.0013911620294599018,0.00042085574000467617,0.0005377601122281973,0.01536123451017068,0.004278700023380874,0.0039046060322656066,0.0014963759644610708,0.005330839373392565,0.02364975450081833,0.013525835866261398,0.017325227963525838,0.022059855038578442,0.010252513444002806,0.05111059153612345,0.055856909048398413,0.08045358896422726,0.09318447509936871,0.07839607201309329,0.04420154313771335,0.09215571662380173,0.04801262567220014,0.10485153144727613,0.06669394435351882,0.021346738368014963,0.050631283610007016,0.010790273556231003,0.03523497778816928,0.0075286415711947625,0.012134673836801496,0.011199438859013327,0.007446808510638298,0.0038695347205985504,0.002910918868365677,7.01426233341127e-05,0.0,7.01426233341127e-05,0.0008767827916764087,0.0,0.0,0.0,0.0,0.0,0.0,0.0,0.0,0.0,0.0,0.0,0.0,0.0,0.0,0.0,0.0,0.0,0.0,0.0,0.0,0.0,0.0,0.0,0.0,0.0,0.0,0.0,0.0,0.0,0.0,0.0,0.0,0.0,0.0,0.0,0.0,0.0,0.0,0.0,0.0,0.0,0.0,0.0,nan,nan,4.38591342626559,2.9347276227862205,nan,0.9251040259596408,0.02310476928220547,0.0,0.0,0.0,0.0,0.0,0.0,0.0,0.0,0.0,0.0,0.0,0.0,0.0,0.0,0.0,0.0,0.0,0.0,0.0,0.0,0.0,0.0,0.0,0.0,0.0,0.13748854262144825,4.110907424381303,14.917506874427135,9.720439963336391,1.1136571952337306,0.9258695385336592,0.02316398234468773,0.0,0.0,0.0,0.0,0.0,0.0,0.0,0.0,0.0,0.0,0.0,0.0,0.0,0.0,0.0,0.0,0.0,0.0,0.0,0.0,0.0,0.0,0.0,0.0,0.0,0.17183770883054894,3.68019093078759,15.050119331742247,9.923627684964202,1.1742243436754178,0.3896,0.0116,0.0,0.0,0.0,0.0,0.0,0.0,0.0,0.0,0.0,0.0,0.7974335472043999,23.634280476626916,5.568285976168654,0.0,0.0,0.0,0.0,0.0,0.0,0.0,0.0,0.0,0.0,0.0,0.0,0.0,0.0,0.0,0.0,0.0,0.3896,0.01182,0.0,0.0,0.0,0.0,0.0,0.0,0.0,0.0,0.0,0.0,0.658711217183771,23.756563245823354,5.584725536992841,0.0,0.0,0.0,0.0,0.0,0.0,0.0,0.0,0.0,0.0,0.0,0.0,0.0,0.0,0.0,0.0,0.0
31400,4502,2310,0.5131052865393159,1058,905,0.4360284318080853,1256,0.5579742336739227,0.41,2.9872262773722627,3.0639207813907277,6.394856278366112,2.1395853060618903,9510.33007552199,1614.4451569211953,7853.0,11083.0,11083.0,0.0,7853.0,0.0,28.43314082629942,21.230533066632173,33.46851851851852,19.445087883029935,0.13749444691248333,0.10128831630386495,0.08973789426921368,0.08329631274988894,0.08307418924922257,0.07285650821856952,0.06574855619724566,0.06419369169258107,0.060417592181252776,0.0519768991559307,0.045979564637938695,0.04420257663260773,0.029764549089293647,0.028653931585961794,0.02265659706796979,0.011550422034651266,0.007107952021323856,0.9260843541822344,0.023384834447706355,0.0,0.0,0.0,0.0,0.0,0.0,0.0,0.0,0.0,0.0,0.0,0.0,0.0,0.0,0.0,0.0,0.0,0.0,0.0,0.0,0.0,0.0,0.0,0.0,0.0,0.19324744557974238,3.81830297645491,14.573522878720572,10.235450910706355,1.1794757885384275,4.289110957960028,2.8227218698882703,nan,nan,nan,4.2365003417635,2.8139107239519383,4.342599027102154,2.8306496183272793,1.0250439458939096,0.39,0.011635,0.0,0.0,0.0,0.0,0.0,0.0,0.0,0.0,0.0,0.0,0.6996890270990673,23.289649044868916,6.010661928031987,0.0,0.0,0.0,0.0,0.0,0.0,0.0,0.0,0.0,0.0,0.0,0.0,0.0,0.0,0.0,0.0,0.0,nan,nan,4.289110957960028,2.8227218698882703,nan,0.39,0.05383,0.0,0.0,0.0,0.0,0.0,0.0,0.0,0.0,0.0,0.0,0.0,0.0,0.0,0.0,0.0,0.0,0.0,0.0,4.4424700133274104e-05,0.001521545979564638,0.0,0.0014438027543314082,0.0005108840515326521,0.0006663705019991116,0.015426477121279432,0.0038982674366948022,0.0031874722345624166,0.0009773434029320303,0.005519768991559307,0.02402265659706797,0.013749444691248334,0.01603731674811195,0.022323411816970236,0.01008440693025322,0.04976677032430031,0.0585739671257219,0.07645490892936473,0.09451354953354064,0.0776988005330964,0.04481341625944025,0.09383607285650822,0.04727898711683696,0.10727454464682364,0.06580408707241227,0.022090182141270547,0.04896712572190138,0.012172367836517104,0.03356286095068858,0.006819191470457574,0.012083518436250554,0.013060861839182586,0.007030208796090626,0.004631274988893825,0.003231896934695691,9.995557529986672e-05,2.2212350066637052e-05,5.553087516659262e-05,0.0007441137272323412,0.0,0.0,0.0,0.0,0.0,0.0,0.0,0.0,0.0,0.0,0.0,0.0,0.0,0.0,0.0,0.0,0.0,0.0,0.0,0.0,0.0,0.0,0.0,0.0,0.0,0.0,0.0,0.0,0.0,0.0,0.0,0.0,0.0,0.0,0.0,0.0,0.0,0.0,0.0,0.0,0.0,0.0,0.0,nan,nan,4.289110957960028,2.8227218698882703,nan,0.9261928329220066,0.023557621243213516,0.0,0.0,0.0,0.0,0.0,0.0,0.0,0.0,0.0,0.0,0.0,0.0,0.0,0.0,0.0,0.0,0.0,0.0,0.0,0.0,0.0,0.0,0.0,0.0,0.0,0.14285714285714288,3.844155844155845,14.37662337662338,10.389610389610391,1.246753246753247,0.9259700358022739,0.023200804761582292,0.0,0.0,0.0,0.0,0.0,0.0,0.0,0.0,0.0,0.0,0.0,0.0,0.0,0.0,0.0,0.0,0.0,0.0,0.0,0.0,0.0,0.0,0.0,0.0,0.0,0.2463503649635037,3.7910583941605847,14.781021897810222,10.072992700729928,1.1085766423357666,0.3901,0.011765,0.0,0.0,0.0,0.0,0.0,0.0,0.0,0.0,0.0,0.0,0.6883116883116885,23.10389610389607,6.20779220779221,0.0,0.0,0.0,0.0,0.0,0.0,0.0,0.0,0.0,0.0,0.0,0.0,0.0,0.0,0.0,0.0,0.0,0.39,0.011475,0.0,0.0,0.0,0.0,0.0,0.0,0.0,0.0,0.0,0.0,0.7116788321167885,23.485401459853982,5.802919708029199,0.0,0.0,0.0,0.0,0.0,0.0,0.0,0.0,0.0,0.0,0.0,0.0,0.0,0.0,0.0,0.0,0.0
31500,4446,2324,0.5227170490328386,1076,895,0.4433198380566802,1234,0.5551057130004499,0.422,3.0136663524976437,3.146936010829757,6.713559322033898,2.1701329825001814,9541.376068376068,1613.3322511465735,7853.0,11083.0,11083.0,0.0,7853.0,0.0,27.77395411605938,20.80738640025245,32.64891624297565,19.116289744946148,0.1365272154745839,0.10481331533963113,0.09739091318038687,0.08591992802519119,0.08412055780476833,0.07579847053531263,0.05645524066576698,0.06635177687809267,0.0605038236617184,0.05083220872694557,0.04565901934322987,0.044084570400359874,0.03013945119208277,0.027890238416554206,0.018443544759334234,0.009446693657219974,0.005623031938821413,0.9257210673805405,0.022889683072923564,0.0,0.0,0.0,0.0,0.0,0.0,0.0,0.0,0.0,0.0,0.0,0.0,0.0,0.0,0.0,0.0,0.0,0.0,0.0,0.0,0.0,0.0,0.0,0.0,0.0,0.12145748987854253,3.886639676113361,14.919028340080976,9.87854251012146,1.1943319838056683,4.346614950634697,2.9406612422108047,nan,nan,nan,4.331518039482641,3.005956273969338,4.362838332114118,2.868749486984177,1.0072307889164922,0.3906,0.011444,0.0,0.0,0.0,0.0,0.0,0.0,0.0,0.0,0.0,0.0,0.43184885290148456,23.448043184885258,6.120107962213227,0.0,0.0,0.0,0.0,0.0,0.0,0.0,0.0,0.0,0.0,0.0,0.0,0.0,0.0,0.0,0.0,0.0,nan,nan,4.346614950634697,2.9406612422108047,nan,0.3906,0.05374,0.0,0.0,0.0,0.0,0.0,0.0,0.0,0.0,0.0,0.0,0.0,0.0,0.0,0.0,0.0,0.0,0.0,0.0,2.249212775528565e-05,0.001799370220422852,0.0,0.0007197480881691408,0.0005060728744939271,0.0007872244714349977,0.015069725596041385,0.003733693207377418,0.0031713900134952766,0.000708502024291498,0.005634278002699055,0.020557804768331085,0.013540260908681961,0.014878542510121457,0.023931623931623933,0.009626630679262258,0.05212550607287449,0.06132478632478632,0.07683310841205578,0.09072199730094467,0.07721547458389563,0.04308367071524966,0.09319613135402609,0.04744714349977508,0.11098740440845704,0.06401259559154296,0.022132253711201078,0.04807692307692308,0.013067926225820963,0.03507647323436797,0.007028789923526766,0.012561853351327035,0.014844804318488529,0.007343679712100765,0.004295996401259559,0.002699055330634278,0.0,0.0002249212775528565,0.0,0.0010121457489878543,0.0,0.0,0.0,0.0,0.0,0.0,0.0,0.0,0.0,0.0,0.0,0.0,0.0,0.0,0.0,0.0,0.0,0.0,0.0,0.0,0.0,0.0,0.0,0.0,0.0,0.0,0.0,0.0,0.0,0.0,0.0,0.0,0.0,0.0,0.0,0.0,0.0,0.0,0.0,0.0,0.0,0.0,0.0,nan,nan,4.346614950634697,2.9406612422108047,nan,0.9262110406273203,0.022513293677931038,0.0,0.0,0.0,0.0,0.0,0.0,0.0,0.0,0.0,0.0,0.0,0.0,0.0,0.0,0.0,0.0,0.0,0.0,0.0,0.0,0.0,0.0,0.0,0.0,0.0,0.11617900172117042,3.653184165232359,14.987091222030983,10.04302925989673,1.2005163511187609,0.9251844520056506,0.023283098648221194,0.0,0.0,0.0,0.0,0.0,0.0,0.0,0.0,0.0,0.0,0.0,0.0,0.0,0.0,0.0,0.0,0.0,0.0,0.0,0.0,0.0,0.0,0.0,0.0,0.0,0.1272384542884072,4.142318567389256,14.844486333647506,9.698397737983036,1.1875589066918004,0.3906,0.01162,0.0,0.0,0.0,0.0,0.0,0.0,0.0,0.0,0.0,0.0,0.49053356282271954,23.28743545611012,6.222030981067127,0.0,0.0,0.0,0.0,0.0,0.0,0.0,0.0,0.0,0.0,0.0,0.0,0.0,0.0,0.0,0.0,0.0,0.3909,0.01125,0.0,0.0,0.0,0.0,0.0,0.0,0.0,0.0,0.0,0.0,0.36757775683317634,23.62393967954756,6.0084825636192285,0.0,0.0,0.0,0.0,0.0,0.0,0.0,0.0,0.0,0.0,0.0,0.0,0.0,0.0,0.0,0.0,0.0
31600,4591,2424,0.5279895447614898,1183,905,0.45480287519059026,1247,0.5432367675887606,0.414,3.00507614213198,3.0801434832570878,6.5281803542673105,2.0266965592603516,9558.406229579612,1612.4675853030965,7853.0,11083.0,11083.0,0.0,7853.0,0.0,28.710302766281856,20.98761032424719,33.53420781893004,19.17262018620689,0.1346111958179046,0.09235460683946853,0.09235460683946853,0.08298845567414506,0.07906774123284688,0.08037464604661294,0.0712263123502505,0.05772162927466783,0.061206708778043996,0.057503811805706816,0.04726639076453932,0.04312785885428011,0.034415160095839684,0.02918754084077543,0.016771945109997823,0.013504683075582662,0.00631670659986931,0.9255244601814089,0.023389305789750164,0.0,0.0,0.0,0.0,0.0,0.0,0.0,0.0,0.0,0.0,0.0,0.0,0.0,0.0,0.0,0.0,0.0,0.0,0.0,0.0,0.0,0.0,0.0,0.0,0.0,0.16989762578958836,4.071008494881291,14.447832716183841,10.213461119581792,1.097800043563494,4.09734219269103,2.859063732719972,nan,nan,nan,4.089925625422583,2.850220907873168,4.104506858262574,2.86756210254261,1.003565158434509,0.3901,0.01185,0.0,0.0,0.0,0.0,0.0,0.0,0.0,0.0,0.0,0.0,0.7122631235025051,23.184491396209943,6.09017643214986,0.013069048137660643,0.0,0.0,0.0,0.0,0.0,0.0,0.0,0.0,0.0,0.0,0.0,0.0,0.0,0.0,0.0,0.0,nan,nan,4.09734219269103,2.859063732719972,nan,0.3901,0.0537,0.0,0.0,0.0,0.0,0.0,0.0,0.0,0.0,0.0,0.0,0.0,0.0,0.0,0.0,0.0,7.623611413635374e-05,0.0,0.0,5.445436724025267e-05,0.0017861032454802876,0.0,0.0009692877368764975,0.00043563493792202136,0.0008385972554998911,0.014659115661076019,0.003790023959921586,0.004182095404051405,0.0008494881289479416,0.005249401001960357,0.020322369854062296,0.014648224787627968,0.015878893487257677,0.02391635809191897,0.009442387279459813,0.05676323241123938,0.06040078414288826,0.07528860814637334,0.08858636462644304,0.07941624918318449,0.04228926159878022,0.09207144412981921,0.046623829231104336,0.11495316924417338,0.062339359616641256,0.022097582226094533,0.046874319320409495,0.011871052058375083,0.036016118492703114,0.0062513613591810065,0.011468089740797213,0.014996732737965585,0.007122631235025049,0.004040514049226748,0.0023959921585711176,0.0,0.0002287083424090612,0.0,0.0008059246351557395,0.0,0.0,0.0,0.0,0.0,0.0,0.0,0.0,0.0,0.0,0.0,0.0,0.0,0.0,0.0,0.0,0.0,0.0,0.0,0.0,0.0,0.0,0.0,0.0,0.0,0.0,0.0,0.0,0.0,0.0,0.0,0.0,0.0,0.0,0.0,0.0,0.0,0.0,0.0,0.0,0.0,0.0,0.0,nan,nan,4.09734219269103,2.859063732719972,nan,0.9255975849508452,0.023445121445069935,0.0,0.0,0.0,0.0,0.0,0.0,0.0,0.0,0.0,0.0,0.0,0.0,0.0,0.0,0.0,0.0,0.0,0.0,0.0,0.0,0.0,0.0,0.0,0.0,0.0,0.12376237623762379,4.207920792079209,14.430693069306933,10.061881188118813,1.175742574257426,0.9254426630235345,0.023326440680199526,0.0,0.0,0.0,0.0,0.0,0.0,0.0,0.0,0.0,0.0,0.0,0.0,0.0,0.0,0.0,0.0,0.0,0.0,0.0,0.0,0.0,0.0,0.0,0.0,0.0,0.22150438394093222,3.9178587909552385,14.467005076142135,10.383017997231196,1.0106137517305032,0.3901,0.01203,0.0,0.0,0.0,0.0,0.0,0.0,0.0,0.0,0.0,0.0,0.7673267326732676,22.957920792079175,6.262376237623764,0.012376237623762379,0.0,0.0,0.0,0.0,0.0,0.0,0.0,0.0,0.0,0.0,0.0,0.0,0.0,0.0,0.0,0.0,0.39,0.011635,0.0,0.0,0.0,0.0,0.0,0.0,0.0,0.0,0.0,0.0,0.6506691278264883,23.437932625749852,5.8975542224273205,0.013844023996308264,0.0,0.0,0.0,0.0,0.0,0.0,0.0,0.0,0.0,0.0,0.0,0.0,0.0,0.0,0.0,0.0
31700,4632,2372,0.5120898100172712,1083,964,0.4419257340241796,1300,0.5613126079447323,0.422,2.995575221238938,3.1538679547819015,6.688709677419355,2.202974882986104,9507.050086355786,1614.5278228496422,7853.0,11083.0,11083.0,0.0,7853.0,0.0,27.7243091537133,20.869272676664032,32.771834625322995,19.125571244946368,0.143566493955095,0.10038860103626943,0.09607081174438688,0.0885146804835924,0.07664075993091538,0.07253886010362694,0.06930051813471502,0.06152849740932642,0.06174438687392055,0.05030224525043178,0.04231433506044905,0.04404145077720207,0.03173575129533679,0.023316062176165803,0.02158894645941278,0.010578583765112263,0.005829015544041451,0.926680093331967,0.022677911307780206,0.0,0.0,0.0,0.0,0.0,0.0,0.0,0.0,0.0,0.0,0.0,0.0,0.0,0.0,0.0,0.0,0.0,0.0,0.0,0.0,0.0,0.0,0.0,0.0,0.0,0.14896373056994822,3.588082901554405,14.624352331606222,10.550518134715027,1.0880829015544042,4.379193493730939,2.9316558561907655,nan,nan,nan,4.3074324324324325,2.896073558500446,4.451393609789259,2.9652731342618233,1.0334215752922513,0.3901,0.01179,0.0,0.0,0.0,0.0,0.0,0.0,0.0,0.0,0.0,0.0,0.6865284974093266,23.393782383419655,5.906735751295338,0.012953367875647671,0.0,0.0,0.0,0.0,0.0,0.0,0.0,0.0,0.0,0.0,0.0,0.0,0.0,0.0,0.0,0.0,nan,nan,4.379193493730939,2.9316558561907655,nan,0.3901,0.05423,0.0,0.0,0.0,0.0,0.0,0.0,0.0,0.0,0.0,0.0,0.0,0.0,0.0,0.0,0.0,0.0,0.0,0.0,0.00014032815198618308,0.0027202072538860104,0.0,0.0007987910189982729,0.000690846286701209,0.0007879965457685665,0.014227115716753022,0.00325993091537133,0.004404145077720207,0.000636873920552677,0.0055807426597582034,0.01988341968911917,0.013989637305699482,0.01626727115716753,0.026187392055267704,0.009995682210708118,0.058333333333333334,0.05947754749568221,0.07440630397236615,0.08881692573402418,0.0768458549222798,0.0418933506044905,0.0875,0.04636226252158895,0.11678540587219344,0.06314766839378239,0.021696891191709845,0.04649179620034542,0.012964162348877374,0.03672279792746114,0.007664075993091537,0.01142055267702936,0.015155440414507773,0.006822107081174439,0.004101899827288429,0.0026122625215889463,0.0,0.000582901554404145,1.079447322970639e-05,0.0006152849740932643,0.0,0.0,0.0,0.0,0.0,0.0,0.0,0.0,0.0,0.0,0.0,0.0,0.0,0.0,0.0,0.0,0.0,0.0,0.0,0.0,0.0,0.0,0.0,0.0,0.0,0.0,0.0,0.0,0.0,0.0,0.0,0.0,0.0,0.0,0.0,0.0,0.0,0.0,0.0,0.0,0.0,0.0,0.0,nan,nan,4.379193493730939,2.9316558561907655,nan,0.9266744287430134,0.022843886647962417,0.0,0.0,0.0,0.0,0.0,0.0,0.0,0.0,0.0,0.0,0.0,0.0,0.0,0.0,0.0,0.0,0.0,0.0,0.0,0.0,0.0,0.0,0.0,0.0,0.0,0.1264755480607083,3.7183811129848237,14.557335581787525,10.548060708263073,1.0497470489038787,0.926686038643913,0.022502392421748434,0.0,0.0,0.0,0.0,0.0,0.0,0.0,0.0,0.0,0.0,0.0,0.0,0.0,0.0,0.0,0.0,0.0,0.0,0.0,0.0,0.0,0.0,0.0,0.0,0.0,0.17256637168141598,3.4513274336283195,14.694690265486729,10.553097345132745,1.1283185840707968,0.3901,0.01164,0.0,0.0,0.0,0.0,0.0,0.0,0.0,0.0,0.0,0.0,0.7082630691399665,23.49915682967956,5.79258010118044,0.0,0.0,0.0,0.0,0.0,0.0,0.0,0.0,0.0,0.0,0.0,0.0,0.0,0.0,0.0,0.0,0.0,0.3901,0.01193,0.0,0.0,0.0,0.0,0.0,0.0,0.0,0.0,0.0,0.0,0.6637168141592922,23.283185840707933,6.026548672566373,0.026548672566371688,0.0,0.0,0.0,0.0,0.0,0.0,0.0,0.0,0.0,0.0,0.0,0.0,0.0,0.0,0.0,0.0
31800,4706,2417,0.5135996600084998,1113,964,0.44135146621334465,1308,0.5558861028474288,0.414,2.909130624726955,3.0669747767663096,6.5818759936407,2.068398528883774,9511.926901827454,1614.4024985411295,7853.0,11083.0,11083.0,0.0,7853.0,0.0,27.70951976200595,20.99025290114305,32.64463019250253,19.32356871917297,0.14385890352741182,0.10284742881427965,0.10135996600084998,0.07756056098597536,0.0811729706757331,0.07522311942201446,0.06587335316617085,0.0624734381640459,0.057586060348491286,0.05397365065873353,0.046323841903952404,0.039524011899702505,0.02847428814279643,0.02528686782830429,0.01806204844878878,0.013599660008499787,0.006799830004249894,0.9272469875283612,0.023282599253459546,0.0,0.0,0.0,0.0,0.0,0.0,0.0,0.0,0.0,0.0,0.0,0.0,0.0,0.0,0.0,0.0,0.0,0.0,0.0,0.0,0.0,0.0,0.0,0.0,0.0,0.12112197195070126,3.4870378240543993,14.483637909052277,10.461113472163198,1.447088822779431,4.347,2.8715717531229012,nan,nan,nan,4.400133155792277,2.870080747571826,4.293724966622163,2.8720792343925687,0.9758170524839594,0.3906,0.011375,0.0,0.0,0.0,0.0,0.0,0.0,0.0,0.0,0.0,0.0,0.5291117722056949,23.229919252018664,6.2409689757756075,0.0,0.0,0.0,0.0,0.0,0.0,0.0,0.0,0.0,0.0,0.0,0.0,0.0,0.0,0.0,0.0,0.0,nan,nan,4.347,2.8715717531229012,nan,0.3906,0.05386,0.0,0.0,0.0,0.0,0.0,0.0,0.0,0.0,0.0,0.0,0.0,0.0,0.0,0.0,0.0,0.0,0.0,0.0,0.00020186995325116873,0.0026986825329366766,2.1249468763280918e-05,0.0007224819379515512,0.0004887377815554611,0.0009774755631109223,0.014630259243518911,0.0037611559711007224,0.00370803229919252,0.0005631109222269444,0.004972375690607734,0.01872078198045049,0.012792180195495113,0.015543986400339991,0.025329366765830853,0.009764130896727582,0.05583297917552061,0.057724181895452614,0.0746068848278793,0.08923714407139821,0.07808117297067574,0.04469825754356141,0.08800467488312792,0.04692945176370591,0.118646408839779,0.06438589035274118,0.024011899702507437,0.04604759881002975,0.013844028899277518,0.03448788780280493,0.007150446238844029,0.01181470463238419,0.014290267743306417,0.006236719082022949,0.004345516362090948,0.0029430514237144072,0.00014874628134296642,0.0011899702507437314,0.0,0.0004462388440288993,0.0,0.0,0.0,0.0,0.0,0.0,0.0,0.0,0.0,0.0,0.0,0.0,0.0,0.0,0.0,0.0,0.0,0.0,0.0,0.0,0.0,0.0,0.0,0.0,0.0,0.0,0.0,0.0,0.0,0.0,0.0,0.0,0.0,0.0,0.0,0.0,0.0,0.0,0.0,0.0,0.0,0.0,0.0,nan,nan,4.347,2.8715717531229012,nan,0.9273237390216343,0.023311231392318863,0.0,0.0,0.0,0.0,0.0,0.0,0.0,0.0,0.0,0.0,0.0,0.0,0.0,0.0,0.0,0.0,0.0,0.0,0.0,0.0,0.0,0.0,0.0,0.0,0.0,0.13653289201489452,3.487794786925942,14.360777823748451,10.599917252792721,1.414977244517998,0.9271659441210912,0.023252052757412784,0.0,0.0,0.0,0.0,0.0,0.0,0.0,0.0,0.0,0.0,0.0,0.0,0.0,0.0,0.0,0.0,0.0,0.0,0.0,0.0,0.0,0.0,0.0,0.0,0.0,0.10484927916120579,3.4862385321100926,14.613368283093058,10.31454783748362,1.4809960681520318,0.3906,0.011345,0.0,0.0,0.0,0.0,0.0,0.0,0.0,0.0,0.0,0.0,0.5709557302441044,23.19817956143977,6.230864708316096,0.0,0.0,0.0,0.0,0.0,0.0,0.0,0.0,0.0,0.0,0.0,0.0,0.0,0.0,0.0,0.0,0.0,0.3906,0.011406,0.0,0.0,0.0,0.0,0.0,0.0,0.0,0.0,0.0,0.0,0.4849279161205768,23.263433813892494,6.251638269986896,0.0,0.0,0.0,0.0,0.0,0.0,0.0,0.0,0.0,0.0,0.0,0.0,0.0,0.0,0.0,0.0,0.0
31900,4541,2350,0.5175071570138736,1100,906,0.4417529178595023,1246,0.5487778022462013,0.418,2.9863076220903695,3.089239375930506,6.574638844301766,2.134437984955557,9524.54811715481,1614.0096996134337,7853.0,11083.0,11083.0,0.0,7853.0,0.0,28.129486897159214,21.103752997933075,33.35068710359408,19.243595611105135,0.14666373045584674,0.09579387800044044,0.09006826690156353,0.07839682889231447,0.08258092931072451,0.08192028187623872,0.06826690156353227,0.0559348161197974,0.06276150627615062,0.05439330543933055,0.044924025545034135,0.041400572561109884,0.03281215591279454,0.02708654481391764,0.019158775600088086,0.008368200836820083,0.00946927989429641,0.9283322494766624,0.022925182699518445,0.0,0.0,0.0,0.0,0.0,0.0,0.0,0.0,0.0,0.0,0.0,0.0,0.0,0.0,0.0,0.0,0.0,0.0,0.0,0.0,0.0,0.0,0.0,0.0,0.0,0.06606474344857963,3.2371724289804016,14.36247522572121,10.887469720325923,1.446817881523894,4.263409634437991,2.821649378923105,nan,nan,nan,4.1706322229775665,2.7704092559218583,4.35807560137457,2.870209903082913,1.0449436364502025,0.3896,0.01154,0.0,0.0,0.0,0.0,0.0,0.0,0.0,0.0,0.0,0.0,0.6936798062100861,23.750275269764334,5.556044924025547,0.0,0.0,0.0,0.0,0.0,0.0,0.0,0.0,0.0,0.0,0.0,0.0,0.0,0.0,0.0,0.0,0.0,nan,nan,4.263409634437991,2.821649378923105,nan,0.3896,0.05374,0.0,0.0,0.0,0.0,0.0,0.0,0.0,0.0,0.0,0.0,0.0,0.0,0.0,0.0,0.0,0.0,0.0,0.0,0.0002752697643690817,0.0025214710416207884,0.0,0.00045144241356529397,0.00042942083241576746,0.0011671438009249063,0.014765470160757542,0.003908830654040961,0.0035564853556485356,0.0008037877119577186,0.004734639947148205,0.02028187623871394,0.013851574543052192,0.017176833296630698,0.027813256991852015,0.009436247522572121,0.059050869852455404,0.05145342435586875,0.0776701167143801,0.09107024884386698,0.07672318872495044,0.046872935476767234,0.08716141818982603,0.04659766571239815,0.11429200616604272,0.06309182999339352,0.02489539748953975,0.04695001101079058,0.014203919841444616,0.032228584012332084,0.006419290905086986,0.012210966747412464,0.015910592380532922,0.005109006826690157,0.0037546795859942743,0.0019158775600088087,4.4043162299053074e-05,0.0009028848271305879,4.4043162299053074e-05,0.00025324818321955517,0.0,0.0,0.0,0.0,0.0,0.0,0.0,0.0,0.0,0.0,0.0,0.0,0.0,0.0,0.0,0.0,0.0,0.0,0.0,0.0,0.0,0.0,0.0,0.0,0.0,0.0,0.0,0.0,0.0,0.0,0.0,0.0,0.0,0.0,0.0,0.0,0.0,0.0,0.0,0.0,0.0,0.0,0.0,nan,nan,4.263409634437991,2.821649378923105,nan,0.9283893928122013,0.02263275053369336,0.0,0.0,0.0,0.0,0.0,0.0,0.0,0.0,0.0,0.0,0.0,0.0,0.0,0.0,0.0,0.0,0.0,0.0,0.0,0.0,0.0,0.0,0.0,0.0,0.0,0.07659574468085108,3.1021276595744687,14.540425531914897,10.838297872340428,1.4425531914893621,0.9282709592719537,0.023234589822874737,0.0,0.0,0.0,0.0,0.0,0.0,0.0,0.0,0.0,0.0,0.0,0.0,0.0,0.0,0.0,0.0,0.0,0.0,0.0,0.0,0.0,0.0,0.0,0.0,0.0,0.054769511638521236,3.3820173436786862,14.17161113646737,10.940209949794616,1.4513920584208129,0.3896,0.01146,0.0,0.0,0.0,0.0,0.0,0.0,0.0,0.0,0.0,0.0,0.7021276595744683,23.821276595744646,5.476595744680853,0.0,0.0,0.0,0.0,0.0,0.0,0.0,0.0,0.0,0.0,0.0,0.0,0.0,0.0,0.0,0.0,0.0,0.3896,0.011635,0.0,0.0,0.0,0.0,0.0,0.0,0.0,0.0,0.0,0.0,0.6846188954815154,23.674121405750764,5.641259698767688,0.0,0.0,0.0,0.0,0.0,0.0,0.0,0.0,0.0,0.0,0.0,0.0,0.0,0.0,0.0,0.0,0.0
32000,4752,2403,0.5056818181818182,1082,1001,0.43834175084175087,1348,0.5673400673400674,0.414,2.942103022562793,3.0990547736406535,6.702492211838006,2.110711449523138,9486.352272727272,1614.8957223566306,7853.0,11083.0,11083.0,0.0,7853.0,0.0,27.28935185185185,20.835116798428235,32.53189326556544,19.07184135724915,0.1510942760942761,0.1069023569023569,0.09343434343434344,0.0805976430976431,0.08249158249158249,0.07281144781144781,0.06607744107744108,0.059132996632996634,0.05997474747474747,0.05197811447811448,0.043560606060606064,0.03998316498316498,0.03409090909090909,0.025673400673400674,0.0180976430976431,0.00946969696969697,0.004629629629629629,0.9284541073697384,0.02326415297222987,0.0,0.0,0.0,0.0,0.0,0.0,0.0,0.0,0.0,0.0,0.0,0.0,0.0,0.0,0.0,0.0,0.0,0.0,0.0,0.0,0.0,0.0,0.0,0.0,0.0,0.10101010101010104,3.143939393939395,14.255050505050509,10.858585858585862,1.6414141414141419,4.42225201072386,2.8782233630097775,nan,nan,nan,4.464095744680851,2.8863744893829377,4.379729729729729,2.8692912642996724,0.981101208447053,0.3896,0.01178,0.0,0.0,0.0,0.0,0.0,0.0,0.0,0.0,0.0,0.0,0.7575757575757578,23.762626262626227,5.479797979797981,0.0,0.0,0.0,0.0,0.0,0.0,0.0,0.0,0.0,0.0,0.0,0.0,0.0,0.0,0.0,0.0,0.0,nan,nan,4.42225201072386,2.8782233630097775,nan,0.3896,0.05426,0.0,0.0,0.0,0.0,0.0,0.0,0.0,0.0,0.0,0.0,0.0,0.0,0.0,0.0,0.0,0.0,0.0,0.0,0.00013678451178451178,0.0030092592592592593,1.0521885521885522e-05,0.000242003367003367,0.000484006734006734,0.0010627104377104377,0.015372474747474748,0.0035984848484848487,0.00343013468013468,0.0008417508417508417,0.004850589225589226,0.020949074074074075,0.014320286195286195,0.018507996632996633,0.02662037037037037,0.009943181818181818,0.06061658249158249,0.050936447811447814,0.07539983164983165,0.09099326599326599,0.07697811447811448,0.047895622895622894,0.08595328282828282,0.045023148148148145,0.11260521885521886,0.06281565656565656,0.025347222222222222,0.047843013468013465,0.01494107744107744,0.03098695286195286,0.006576178451178452,0.013952020202020202,0.014783249158249159,0.004682239057239058,0.004829545454545454,0.0014941077441077441,6.313131313131313e-05,0.00140993265993266,7.365319865319865e-05,0.00042087542087542086,0.0,0.0,0.0,0.0,0.0,0.0,0.0,0.0,0.0,0.0,0.0,0.0,0.0,0.0,0.0,0.0,0.0,0.0,0.0,0.0,0.0,0.0,0.0,0.0,0.0,0.0,0.0,0.0,0.0,0.0,0.0,0.0,0.0,0.0,0.0,0.0,0.0,0.0,0.0,0.0,0.0,0.0,0.0,nan,nan,4.42225201072386,2.8782233630097775,nan,0.9288961826341131,0.02318644137449037,0.0,0.0,0.0,0.0,0.0,0.0,0.0,0.0,0.0,0.0,0.0,0.0,0.0,0.0,0.0,0.0,0.0,0.0,0.0,0.0,0.0,0.0,0.0,0.0,0.0,0.07490636704119852,2.883895131086143,14.64419475655431,10.674157303370789,1.722846441947566,0.9280018694556079,0.02333471885084327,0.0,0.0,0.0,0.0,0.0,0.0,0.0,0.0,0.0,0.0,0.0,0.0,0.0,0.0,0.0,0.0,0.0,0.0,0.0,0.0,0.0,0.0,0.0,0.0,0.0,0.12771392081736913,3.4099616858237556,13.85696040868455,11.047254150702429,1.5581098339719033,0.3894,0.01163,0.0,0.0,0.0,0.0,0.0,0.0,0.0,0.0,0.0,0.0,0.7615480649188516,23.945068664169753,5.293383270911362,0.0,0.0,0.0,0.0,0.0,0.0,0.0,0.0,0.0,0.0,0.0,0.0,0.0,0.0,0.0,0.0,0.0,0.3896,0.01193,0.0,0.0,0.0,0.0,0.0,0.0,0.0,0.0,0.0,0.0,0.7535121328224779,23.5759897828863,5.670498084291189,0.0,0.0,0.0,0.0,0.0,0.0,0.0,0.0,0.0,0.0,0.0,0.0,0.0,0.0,0.0,0.0,0.0
32100,4834,2511,0.5194455937112122,1201,984,0.4520066197765825,1360,0.5626810095159288,0.40199999999999997,2.9565217391304346,3.0047034943500135,6.340267459138187,2.044482573258727,9530.809267687215,1613.7781743141143,7853.0,11083.0,11083.0,0.0,7853.0,0.0,28.545924700041372,20.980872274275153,33.3193359375,19.227362835039834,0.13301613570541995,0.09495242035581299,0.09557302441042614,0.08233347124534547,0.08398841539098055,0.0761274306992139,0.0703351261894911,0.06495655771617707,0.05668183698800165,0.050268928423665704,0.05192387256930078,0.04095986760446835,0.031857674803475386,0.024617294166321888,0.025237898220935043,0.011584609019445594,0.005585436491518411,0.9278561149345828,0.023521178717466597,0.0,0.0,0.0,0.0,0.0,0.0,0.0,0.0,0.0,0.0,0.0,0.0,0.0,0.0,0.0,0.0,0.0,0.0,0.0,0.0,0.0,0.0,0.0,0.0,0.0,0.1427389325610261,3.4567645841952843,14.149772445179979,10.655771617707906,1.5949524203558134,4.143397415694926,2.8147866157775026,nan,nan,nan,4.163239875389408,2.78326453392851,4.123086734693878,2.846547795070364,0.9903553141549947,0.389,0.011604,0.0,0.0,0.0,0.0,0.0,0.0,0.0,0.0,0.0,0.0,0.8626396359122881,24.09184940008271,5.045510964004966,0.0,0.0,0.0,0.0,0.0,0.0,0.0,0.0,0.0,0.0,0.0,0.0,0.0,0.0,0.0,0.0,0.0,nan,nan,4.143397415694926,2.8147866157775026,nan,0.389,0.05374,0.0,0.0,0.0,0.0,0.0,0.0,0.0,0.0,0.0,0.0,0.0,0.0,0.0,0.0,0.0,0.0,0.0,0.0,0.00014480761274306993,0.0028134050475796444,8.274720728175425e-05,0.00022755482002482415,0.0004240794373189905,0.0007550682664460074,0.015577161770790236,0.00358916011584609,0.0034236657012825817,0.00048613984278030617,0.00431319817956144,0.021762515515101364,0.014749689697972693,0.01883533305750931,0.026675630947455523,0.01076748034753827,0.06076748034753827,0.05056888705006206,0.07567232105916426,0.09223210591642532,0.07893049234588333,0.04673148531237071,0.08743276789408358,0.04449731071576334,0.11430492345883327,0.06246379809681423,0.02555854364915184,0.04697972693421597,0.014015308233347125,0.030378568473314025,0.006392221762515515,0.012525858502275548,0.013591228796028134,0.004695904013239553,0.0043649151841125364,0.001251551510136533,0.0001034340091021928,0.0015308233347124534,0.00013446421183285065,0.00024824162184526274,0.0,0.0,0.0,0.0,0.0,0.0,0.0,0.0,0.0,0.0,0.0,0.0,0.0,0.0,0.0,0.0,0.0,0.0,0.0,0.0,0.0,0.0,0.0,0.0,0.0,0.0,0.0,0.0,0.0,0.0,0.0,0.0,0.0,0.0,0.0,0.0,0.0,0.0,0.0,0.0,0.0,0.0,0.0,nan,nan,4.143397415694926,2.8147866157775026,nan,0.9279656354671738,0.023277880190378897,0.0,0.0,0.0,0.0,0.0,0.0,0.0,0.0,0.0,0.0,0.0,0.0,0.0,0.0,0.0,0.0,0.0,0.0,0.0,0.0,0.0,0.0,0.0,0.0,0.0,0.1672640382317802,3.369175627240144,14.026284348864998,10.931899641577063,1.505376344086022,0.9277377309236761,0.023780800841752485,0.0,0.0,0.0,0.0,0.0,0.0,0.0,0.0,0.0,0.0,0.0,0.0,0.0,0.0,0.0,0.0,0.0,0.0,0.0,0.0,0.0,0.0,0.0,0.0,0.0,0.11622901420576842,3.551442100731813,14.283254412397765,10.357296599225142,1.6917778734395184,0.3892,0.01173,0.0,0.0,0.0,0.0,0.0,0.0,0.0,0.0,0.0,0.0,0.848267622461171,23.799283154121827,5.352449223416967,0.0,0.0,0.0,0.0,0.0,0.0,0.0,0.0,0.0,0.0,0.0,0.0,0.0,0.0,0.0,0.0,0.0,0.389,0.01146,0.0,0.0,0.0,0.0,0.0,0.0,0.0,0.0,0.0,0.0,0.8781747739991392,24.40809298321133,4.713732242789497,0.0,0.0,0.0,0.0,0.0,0.0,0.0,0.0,0.0,0.0,0.0,0.0,0.0,0.0,0.0,0.0,0.0
32200,4620,2392,0.5177489177489177,1115,949,0.44675324675324674,1277,0.5528138528138529,0.426,2.892728904847397,3.113888663221326,6.619601328903655,2.2166272546172157,9525.329004329004,1613.9821514696637,7853.0,11083.0,11083.0,0.0,7853.0,0.0,28.04805194805195,20.87271947502327,32.9070364663585,19.132256334797685,0.13506493506493505,0.09718614718614718,0.09675324675324676,0.09372294372294372,0.0803030303030303,0.06861471861471861,0.06818181818181818,0.06406926406926407,0.05909090909090909,0.051515151515151514,0.050216450216450215,0.04025974025974026,0.033766233766233764,0.026623376623376622,0.016883116883116882,0.010822510822510822,0.006926406926406926,0.9277621124987995,0.02307476696838404,0.0,0.0,0.0,0.0,0.0,0.0,0.0,0.0,0.0,0.0,0.0,0.0,0.0,0.0,0.0,0.0,0.0,0.0,0.0,0.0,0.0,0.0,0.0,0.0,0.006493506493506495,0.13636363636363638,3.2597402597402607,14.422077922077925,10.844155844155848,1.3311688311688317,4.185421565334229,2.9074659375493828,nan,nan,nan,4.19527027027027,2.868817311156606,4.175684702738811,2.9451447679519682,0.9953315123294315,0.3887,0.01193,0.0,0.0,0.0,0.0,0.0,0.0,0.0,0.0,0.0,0.0,0.9675324675324677,23.798701298701264,5.227272727272728,0.006493506493506495,0.0,0.0,0.0,0.0,0.0,0.0,0.0,0.0,0.0,0.0,0.0,0.0,0.0,0.0,0.0,0.0,nan,nan,4.185421565334229,2.9074659375493828,nan,0.3887,0.0539,0.0,0.0,0.0,0.0,0.0,0.0,0.0,0.0,0.0,0.0,0.0,0.0,0.0,0.0,0.0,0.0,0.0,0.0,7.575757575757576e-05,0.003181818181818182,7.575757575757576e-05,0.00015151515151515152,0.0003463203463203463,0.0007359307359307359,0.014783549783549784,0.0048917748917748916,0.0034848484848484847,0.0005086580086580087,0.003712121212121212,0.022218614718614717,0.016212121212121212,0.01884199134199134,0.026277056277056277,0.011547619047619048,0.06119047619047619,0.05111471861471861,0.07514069264069265,0.0933874458874459,0.07699134199134199,0.04729437229437229,0.08788961038961039,0.046082251082251086,0.11020562770562771,0.05998917748917749,0.02579004329004329,0.04752164502164502,0.013852813852813853,0.03295454545454545,0.007619047619047619,0.01130952380952381,0.012424242424242424,0.004794372294372295,0.004112554112554113,0.0010606060606060607,1.0822510822510823e-05,0.0017207792207792208,0.00035714285714285714,0.00012987012987012987,0.0,0.0,1.0822510822510823e-05,0.0,0.0,0.0,0.0,0.0,0.0,0.0,0.0,0.0,0.0,0.0,0.0,0.0,0.0,0.0,0.0,0.0,0.0,0.0,0.0,0.0,0.0,0.0,0.0,0.0,0.0,0.0,0.0,0.0,0.0,0.0,0.0,0.0,0.0,0.0,0.0,0.0,0.0,0.0,0.0,nan,nan,4.185421565334229,2.9074659375493828,nan,0.9274520633312372,0.023437574405352,0.0,0.0,0.0,0.0,0.0,0.0,0.0,0.0,0.0,0.0,0.0,0.0,0.0,0.0,0.0,0.0,0.0,0.0,0.0,0.0,0.0,0.0,0.0,0.0,0.012541806020066893,0.1505016722408027,3.411371237458195,14.64882943143813,10.397157190635454,1.3795986622073582,0.9280949839569722,0.022674075289113284,0.0,0.0,0.0,0.0,0.0,0.0,0.0,0.0,0.0,0.0,0.0,0.0,0.0,0.0,0.0,0.0,0.0,0.0,0.0,0.0,0.0,0.0,0.0,0.0,0.0,0.12118491921005388,3.096947935368044,14.178635547576304,11.32405745062837,1.2791741472172353,0.3887,0.01192,0.0,0.0,0.0,0.0,0.0,0.0,0.0,0.0,0.0,0.0,1.0158862876254182,23.69147157190632,5.280100334448162,0.012541806020066893,0.0,0.0,0.0,0.0,0.0,0.0,0.0,0.0,0.0,0.0,0.0,0.0,0.0,0.0,0.0,0.0,0.3887,0.01196,0.0,0.0,0.0,0.0,0.0,0.0,0.0,0.0,0.0,0.0,0.9156193895870738,23.913824057450594,5.1705565529622985,0.0,0.0,0.0,0.0,0.0,0.0,0.0,0.0,0.0,0.0,0.0,0.0,0.0,0.0,0.0,0.0,0.0
32300,4840,2507,0.5179752066115703,1184,1000,0.4512396694214876,1352,0.5586776859504132,0.414,2.934419202743249,3.0870334393467416,6.596599690880989,2.161097851731924,9526.059917355371,1613.9560235634328,7853.0,11083.0,11083.0,0.0,7853.0,0.0,28.033264462809917,20.940251703582703,33.05595267438994,19.145978009289436,0.14111570247933886,0.09566115702479339,0.09276859504132232,0.0896694214876033,0.0787190082644628,0.07747933884297521,0.06818181818181818,0.06136363636363636,0.058471074380165286,0.05268595041322314,0.047107438016528926,0.04421487603305785,0.03264462809917355,0.025826446280991736,0.015495867768595042,0.010330578512396695,0.008264462809917356,0.9273249757314517,0.023194424004898892,0.0,0.0,0.0,0.0,0.0,0.0,0.0,0.0,0.0,0.0,0.0,0.0,0.0,0.0,0.0,0.0,0.0,0.0,0.0,0.0,0.0,0.0,0.0,0.0,0.0,0.1425619834710744,3.3780991735537196,14.733471074380168,10.388429752066118,1.357438016528926,4.206449573190009,2.923851159862462,nan,nan,nan,4.234622701331642,2.9393779403623324,4.17843631778058,2.9080596923147284,0.9867316671368636,0.3882,0.01169,0.0,0.0,0.0,0.0,0.0,0.0,0.0,0.0,0.0,0.0,0.9979338842975208,24.440082644628063,4.561983471074381,0.0,0.0,0.0,0.0,0.0,0.0,0.0,0.0,0.0,0.0,0.0,0.0,0.0,0.0,0.0,0.0,0.0,nan,nan,4.206449573190009,2.923851159862462,nan,0.3882,0.0545,0.0,0.0,0.0,0.0,0.0,0.0,0.0,0.0,0.0,0.0,0.0,0.0,0.0,0.0,0.0,0.0,5.165289256198347e-05,0.0,7.231404958677686e-05,0.0037293388429752066,0.00015495867768595042,0.00010330578512396694,0.00034090909090909094,0.0008884297520661157,0.015392561983471074,0.0058057851239669426,0.003481404958677686,0.0010020661157024793,0.003987603305785124,0.02209710743801653,0.016208677685950412,0.01940082644628099,0.026818181818181817,0.011477272727272727,0.06087809917355372,0.04990702479338843,0.07654958677685951,0.09333677685950413,0.07349173553719009,0.04708677685950413,0.09050619834710744,0.04569214876033058,0.1103202479338843,0.06009297520661157,0.024493801652892562,0.045774793388429755,0.013770661157024794,0.031921487603305786,0.009886363636363636,0.010857438016528926,0.011973140495867769,0.004307851239669421,0.004896694214876033,0.000981404958677686,0.00010330578512396694,0.0018698347107438016,0.00016528925619834712,0.00012396694214876033,0.0,0.0,0.0,0.0,0.0,0.0,0.0,0.0,0.0,0.0,0.0,0.0,0.0,0.0,0.0,0.0,0.0,0.0,0.0,0.0,0.0,0.0,0.0,0.0,0.0,0.0,0.0,0.0,0.0,0.0,0.0,0.0,0.0,0.0,0.0,0.0,0.0,0.0,0.0,0.0,0.0,0.0,0.0,nan,nan,4.206449573190009,2.923851159862462,nan,0.9274531386266631,0.02339886684947842,0.0,0.0,0.0,0.0,0.0,0.0,0.0,0.0,0.0,0.0,0.0,0.0,0.0,0.0,0.0,0.0,0.0,0.0,0.0,0.0,0.0,0.0,0.0,0.0,0.0,0.1196649381731153,3.4224172317510977,14.575189469485444,10.422816114878344,1.4599122457120068,0.9271872541805322,0.022971908454609113,0.0,0.0,0.0,0.0,0.0,0.0,0.0,0.0,0.0,0.0,0.0,0.0,0.0,0.0,0.0,0.0,0.0,0.0,0.0,0.0,0.0,0.0,0.0,0.0,0.0,0.1671667381054437,3.3304757822546085,14.903557651093017,10.351478782683243,1.247321045863695,0.3882,0.01171,0.0,0.0,0.0,0.0,0.0,0.0,0.0,0.0,0.0,0.0,1.0889509373753492,24.38771439968086,4.523334662943758,0.0,0.0,0.0,0.0,0.0,0.0,0.0,0.0,0.0,0.0,0.0,0.0,0.0,0.0,0.0,0.0,0.0,0.3882,0.01165,0.0,0.0,0.0,0.0,0.0,0.0,0.0,0.0,0.0,0.0,0.9001285897985428,24.49635662237459,4.603514787826833,0.0,0.0,0.0,0.0,0.0,0.0,0.0,0.0,0.0,0.0,0.0,0.0,0.0,0.0,0.0,0.0,0.0
32400,4725,2521,0.5335449735449735,1205,934,0.4526984126984127,1318,0.5578835978835979,0.418,3.0875680580762253,3.0822143150409897,6.5423197492163006,2.0973028532527214,9576.350264550265,1611.3612941149752,7853.0,11083.0,11083.0,0.0,7853.0,0.0,28.655449735449736,21.03185325292958,33.688883299798796,19.112042227588276,0.14052910052910053,0.09142857142857143,0.08529100529100529,0.08867724867724867,0.07682539682539682,0.07026455026455027,0.07386243386243387,0.07026455026455027,0.05566137566137566,0.051216931216931216,0.05164021164021164,0.04253968253968254,0.038941798941798944,0.028994708994708993,0.017566137566137566,0.009947089947089947,0.006349206349206349,0.9270210006754235,0.02332756464867849,0.0,0.0,0.0,0.0,0.0,0.0,0.0,0.0,0.0,0.0,0.0,0.0,0.0,0.0,0.0,0.0,0.0,0.0,0.0,0.0,0.0,0.0,0.0,0.0,0.0,0.126984126984127,3.4857142857142867,14.819047619047621,10.120634920634922,1.447619047619048,4.2045527412632255,2.8688046621384933,nan,nan,nan,4.20180528691167,2.8718418805212944,4.207270408163265,2.8657946147304765,1.0013006602825265,0.3884,0.01204,0.0,0.0,0.0,0.0,0.0,0.0,0.0,0.0,0.0,0.0,1.0222222222222224,23.917460317460282,5.047619047619048,0.012698412698412702,0.0,0.0,0.0,0.0,0.0,0.0,0.0,0.0,0.0,0.0,0.0,0.0,0.0,0.0,0.0,0.0,nan,nan,4.2045527412632255,2.8688046621384933,nan,0.3884,0.05472,0.0,0.0,0.0,0.0,0.0,0.0,0.0,0.0,0.0,0.0,0.0,0.0,0.0,0.0,0.0,0.0,2.1164021164021164e-05,0.0,0.0,0.0038835978835978836,0.00012698412698412698,5.291005291005291e-05,0.0002962962962962963,0.0011005291005291005,0.014825396825396825,0.006148148148148148,0.00362962962962963,0.0006666666666666666,0.0035026455026455025,0.020825396825396827,0.016656084656084657,0.019587301587301587,0.029047619047619048,0.011068783068783068,0.061132275132275135,0.049216931216931215,0.07899470899470899,0.09463492063492064,0.0687089947089947,0.04845502645502645,0.08925925925925926,0.04533333333333334,0.1100952380952381,0.059894179894179896,0.025544973544973544,0.04523809523809524,0.013608465608465608,0.031153439153439152,0.01016931216931217,0.011788359788359789,0.011915343915343915,0.004285714285714286,0.0054603174603174605,0.001037037037037037,0.00012698412698412698,0.0021904761904761906,0.00023280423280423282,8.465608465608466e-05,0.0,0.0,0.0,0.0,0.0,0.0,0.0,0.0,0.0,0.0,0.0,0.0,0.0,0.0,0.0,0.0,0.0,0.0,0.0,0.0,0.0,0.0,0.0,0.0,0.0,0.0,0.0,0.0,0.0,0.0,0.0,0.0,0.0,0.0,0.0,0.0,0.0,0.0,0.0,0.0,0.0,0.0,0.0,nan,nan,4.2045527412632255,2.8688046621384933,nan,0.9270358465815858,0.02320754967890553,0.0,0.0,0.0,0.0,0.0,0.0,0.0,0.0,0.0,0.0,0.0,0.0,0.0,0.0,0.0,0.0,0.0,0.0,0.0,0.0,0.0,0.0,0.0,0.0,0.0,0.10710035700119003,3.522411741372472,14.672748909163033,10.21023403411345,1.4875049583498616,0.9270040194914692,0.023464077152644654,0.0,0.0,0.0,0.0,0.0,0.0,0.0,0.0,0.0,0.0,0.0,0.0,0.0,0.0,0.0,0.0,0.0,0.0,0.0,0.0,0.0,0.0,0.0,0.0,0.0,0.14972776769509985,3.4437386569872968,14.986388384754994,10.018148820326681,1.401996370235935,0.3882,0.01201,0.0,0.0,0.0,0.0,0.0,0.0,0.0,0.0,0.0,0.0,1.0234034113447046,24.002380007933326,4.974216580721937,0.0,0.0,0.0,0.0,0.0,0.0,0.0,0.0,0.0,0.0,0.0,0.0,0.0,0.0,0.0,0.0,0.0,0.3884,0.01208,0.0,0.0,0.0,0.0,0.0,0.0,0.0,0.0,0.0,0.0,1.0208711433756807,23.82032667876585,5.131578947368422,0.027223230490018156,0.0,0.0,0.0,0.0,0.0,0.0,0.0,0.0,0.0,0.0,0.0,0.0,0.0,0.0,0.0,0.0
32500,4829,2490,0.5156347069786705,1185,990,0.45040381031269416,1343,0.5562228204597225,0.426,3.039333048311244,3.191774201985166,6.870967741935484,2.1420955652430087,9518.500103541106,1614.2102525824625,7853.0,11083.0,11083.0,0.0,7853.0,0.0,27.451025056947607,20.738726450357653,32.415841584158414,19.041638754843394,0.14102298612549183,0.10602609235866639,0.091737419755643,0.0846966245599503,0.08697452888796853,0.07910540484572376,0.06895837647546076,0.059432594740111824,0.06067508800993995,0.0449368399254504,0.04680057983019258,0.040381031269413954,0.030441085110788982,0.022779043280182234,0.018223234624145785,0.009318699523710913,0.008490370677158831,0.9262826404825306,0.023436598207436363,0.0,0.0,0.0,0.0,0.0,0.0,0.0,0.0,0.0,0.0,0.0,0.0,0.0,0.0,0.0,0.0,0.0,0.0,0.0,0.0,0.0,0.0,0.0,0.0,0.0,0.18016152412507772,3.8455166701180374,14.450196728101059,10.337544004969976,1.1865810726858566,4.376054510058403,2.958569248745814,nan,nan,nan,4.296977660972405,2.9898828636362578,4.45157152020526,2.9258632657319756,1.0359773476685634,0.3884,0.0119,0.0,0.0,0.0,0.0,0.0,0.0,0.0,0.0,0.0,0.0,0.9567198177676539,23.930420376889593,5.106647338993582,0.00621246634914061,0.0,0.0,0.0,0.0,0.0,0.0,0.0,0.0,0.0,0.0,0.0,0.0,0.0,0.0,0.0,0.0,nan,nan,4.376054510058403,2.958569248745814,nan,0.3884,0.0546,0.0,0.0,0.0,0.0,0.0,0.0,0.0,0.0,0.0,0.0,0.0,0.0,0.0,0.0,0.0,0.0,0.0,0.0,0.0,0.0033340236073721267,0.00018637399047421825,0.00021743632221992131,0.00032097742803893146,0.0012114309380824187,0.01397804928556637,0.005943259474011182,0.0031372955063160074,0.0007662041830606751,0.003375440049699731,0.02253054462621661,0.01757092565748602,0.017374197556429903,0.030192586456823357,0.011679436736384344,0.06071650445226755,0.05188444812590599,0.07847380410022779,0.09301097535721682,0.06715676123420998,0.04871609028784427,0.09130254711120314,0.04497825636777801,0.10831435079726652,0.05972250983640505,0.026392627873265687,0.04499896458894181,0.014226547939531995,0.03029612756264237,0.011710499068130048,0.01082004555808656,0.01205218471733278,0.003944916131704287,0.005353075170842825,0.001459929592048043,8.283288465520812e-05,0.002195071443363015,0.0002484986539656244,0.0001242493269828122,0.0,0.0,0.0,0.0,0.0,0.0,0.0,0.0,0.0,0.0,0.0,0.0,0.0,0.0,0.0,0.0,0.0,0.0,0.0,0.0,0.0,0.0,0.0,0.0,0.0,0.0,0.0,0.0,0.0,0.0,0.0,0.0,0.0,0.0,0.0,0.0,0.0,0.0,0.0,0.0,0.0,0.0,0.0,nan,nan,4.376054510058403,2.958569248745814,nan,0.9263315026539876,0.023998758650151872,0.0,0.0,0.0,0.0,0.0,0.0,0.0,0.0,0.0,0.0,0.0,0.0,0.0,0.0,0.0,0.0,0.0,0.0,0.0,0.0,0.0,0.0,0.0,0.0,0.0,0.2409638554216868,4.024096385542169,13.71084337349398,10.783132530120485,1.240963855421687,0.9262306238912833,0.02282281968603358,0.0,0.0,0.0,0.0,0.0,0.0,0.0,0.0,0.0,0.0,0.0,0.0,0.0,0.0,0.0,0.0,0.0,0.0,0.0,0.0,0.0,0.0,0.0,0.0,0.0,0.11543394613082517,3.6554082941427968,15.237280889268922,9.863189397178283,1.1286874732791794,0.3887,0.01183,0.0,0.0,0.0,0.0,0.0,0.0,0.0,0.0,0.0,0.0,0.9638554216867472,23.831325301204785,5.204819277108435,0.0,0.0,0.0,0.0,0.0,0.0,0.0,0.0,0.0,0.0,0.0,0.0,0.0,0.0,0.0,0.0,0.0,0.3882,0.01197,0.0,0.0,0.0,0.0,0.0,0.0,0.0,0.0,0.0,0.0,0.9491235570756735,24.03591278324067,5.00213766566909,0.01282599401453613,0.0,0.0,0.0,0.0,0.0,0.0,0.0,0.0,0.0,0.0,0.0,0.0,0.0,0.0,0.0,0.0
32600,4906,2506,0.5108030982470444,1191,1030,0.45271096616388096,1405,0.5727680391357521,0.40199999999999997,3.0229166666666667,3.1222147309864656,6.5358649789029535,2.178024577254614,9502.894007337953,1614.6229926059825,7853.0,11083.0,11083.0,0.0,7853.0,0.0,28.230126375866288,20.715401055078246,32.772651207267515,19.045115424672893,0.12780269058295965,0.09783938035059112,0.09702405218100285,0.09050142682429678,0.08010599266204647,0.0811251528740318,0.07256420709335508,0.059926620464737054,0.05788830004076641,0.04932735426008968,0.04769669792091317,0.041377904606604156,0.0370974317162658,0.026294333469221363,0.0185487158581329,0.007337953526294333,0.007541785568691398,0.925823516885553,0.02292181355922072,0.0,0.0,0.0,0.0,0.0,0.0,0.0,0.0,0.0,0.0,0.0,0.0,0.0,0.0,0.0,0.0,0.0,0.0,0.0,0.0,0.0,0.0,0.0,0.0,0.0,0.11006930289441502,3.711781492050551,14.920505503465147,10.089686098654711,1.1679576029351817,4.245575908103073,2.9148502355865444,nan,nan,nan,4.237171464330413,2.928124382584625,4.253850893407271,2.901697447842326,1.0039364536500988,0.3887,0.011566,0.0,0.0,0.0,0.0,0.0,0.0,0.0,0.0,0.0,0.0,0.7276803913575216,24.337545862209502,4.93477374643294,0.0,0.0,0.0,0.0,0.0,0.0,0.0,0.0,0.0,0.0,0.0,0.0,0.0,0.0,0.0,0.0,0.0,nan,nan,4.245575908103073,2.9148502355865444,nan,0.3887,0.0548,0.0,0.0,0.0,0.0,0.0,0.0,0.0,0.0,0.0,0.0,0.0,0.0,0.0,0.0,0.0,0.0,0.0,0.0,0.0,0.0031695882592743577,0.00012229922543823888,0.00010191602119853241,0.00023440684875662454,0.0014166326946596006,0.012841418671015084,0.006349368120668569,0.003638401956787607,0.0013452914798206279,0.0026701997554015493,0.022645739910313902,0.01867101508357114,0.01670403587443946,0.032592743579290664,0.011302486750917244,0.06072156543008561,0.050825519771708114,0.07808805544231553,0.09359967386873216,0.06811047696697921,0.044894007337953526,0.08549735018344884,0.04407867916836527,0.1124235629841011,0.059722788422339995,0.02710966163880962,0.046748878923766814,0.01553200163065634,0.030381165919282513,0.012117814920505503,0.00978393803505911,0.012953526294333469,0.003597635548308194,0.0050652262535670605,0.0018956379942927028,0.0001732572360375051,0.0025173257236037506,0.00019364044027721158,0.00016306563391765185,0.0,0.0,0.0,0.0,0.0,0.0,0.0,0.0,0.0,0.0,0.0,0.0,0.0,0.0,0.0,0.0,0.0,0.0,0.0,0.0,0.0,0.0,0.0,0.0,0.0,0.0,0.0,0.0,0.0,0.0,0.0,0.0,0.0,0.0,0.0,0.0,0.0,0.0,0.0,0.0,0.0,0.0,0.0,nan,nan,4.245575908103073,2.9148502355865444,nan,0.9259086097609207,0.022990908712613913,0.0,0.0,0.0,0.0,0.0,0.0,0.0,0.0,0.0,0.0,0.0,0.0,0.0,0.0,0.0,0.0,0.0,0.0,0.0,0.0,0.0,0.0,0.0,0.0,0.0,0.1197126895450918,3.7709497206703917,14.664804469273745,10.223463687150842,1.2210694333599363,0.9257346657415231,0.022849105522015002,0.0,0.0,0.0,0.0,0.0,0.0,0.0,0.0,0.0,0.0,0.0,0.0,0.0,0.0,0.0,0.0,0.0,0.0,0.0,0.0,0.0,0.0,0.0,0.0,0.0,0.10000000000000002,3.650000000000001,15.187500000000004,9.950000000000001,1.1125000000000003,0.3892,0.01165,0.0,0.0,0.0,0.0,0.0,0.0,0.0,0.0,0.0,0.0,0.6105347166799682,23.894652833200283,5.494812450119714,0.0,0.0,0.0,0.0,0.0,0.0,0.0,0.0,0.0,0.0,0.0,0.0,0.0,0.0,0.0,0.0,0.0,0.3882,0.01146,0.0,0.0,0.0,0.0,0.0,0.0,0.0,0.0,0.0,0.0,0.8500000000000002,24.799999999999965,4.3500000000000005,0.0,0.0,0.0,0.0,0.0,0.0,0.0,0.0,0.0,0.0,0.0,0.0,0.0,0.0,0.0,0.0,0.0
32700,4933,2580,0.52300831137239,1204,984,0.44354348266774785,1358,0.5505777417393067,0.41,2.9477263068423287,3.077451157215912,6.427728613569322,2.2034963843242257,9542.31684573282,1613.2891887198414,7853.0,11083.0,11083.0,0.0,7853.0,0.0,28.210622339347253,21.037156722852078,33.10656723598749,19.29278727343654,0.13804986823434015,0.09892560308128928,0.09183052908980337,0.08635718629637137,0.08372187309953376,0.0774376647070748,0.06365294952361646,0.06203121832556254,0.05939590512872491,0.053111696736265965,0.042165011149401986,0.04378674234745591,0.03547536995742956,0.027569430366916683,0.01925805797689033,0.009730387188323536,0.0075005067909993915,0.9259531031557737,0.022993284802427086,0.0,0.0,0.0,0.0,0.0,0.0,0.0,0.0,0.0,0.0,0.0,0.0,0.0,0.0,0.0,0.0,0.0,0.0,0.0,0.0,0.0,0.0,0.0,0.0,0.006081491992702211,0.09122237989053317,3.7948510034461793,14.632069734441519,10.356780863571865,1.1189945266572068,4.174414976599064,2.882704464936112,nan,nan,nan,4.166666666666667,2.858359181364528,4.180348258706467,2.9066850171911702,1.003283582089552,0.3887,0.011925,0.0,0.0,0.0,0.0,0.0,0.0,0.0,0.0,0.0,0.0,0.9852017028177581,23.954996959253968,5.047638353942835,0.012162983985404422,0.0,0.0,0.0,0.0,0.0,0.0,0.0,0.0,0.0,0.0,0.0,0.0,0.0,0.0,0.0,0.0,nan,nan,4.174414976599064,2.882704464936112,nan,0.3887,0.05548,0.0,0.0,0.0,0.0,0.0,0.0,0.0,0.0,0.0,0.0,0.0,0.0,0.0,0.0,0.0,0.0,0.0,0.0,0.0,0.0036793026555848366,2.027163997567403e-05,5.067909993918508e-05,0.0003952969795256436,0.0017129535779444557,0.013673221163592134,0.006233529292519765,0.0031623758362051488,0.0017230893979322927,0.0028785728765457126,0.022369754713156293,0.01817352523819177,0.016754510439894586,0.03221163592134604,0.011372390026353133,0.060196634907764036,0.050831137239002636,0.07834988850598014,0.09260085140887898,0.06962294749645247,0.04563146158524225,0.0833772552199473,0.04331035880802757,0.11118994526657207,0.058169470910196634,0.025491587269410095,0.048621528481654165,0.01616663288060004,0.03238394486113927,0.012203527265355767,0.009264139468883032,0.013186701804175957,0.004023920535171296,0.005564565173322522,0.0020372998175552403,6.0814919927022095e-05,0.0028278937766065275,0.0002939387796472735,0.0001824447597810663,0.0,0.0,0.0,0.0,0.0,0.0,0.0,0.0,0.0,0.0,0.0,0.0,0.0,0.0,0.0,0.0,0.0,0.0,0.0,0.0,0.0,0.0,0.0,0.0,0.0,0.0,0.0,0.0,0.0,0.0,0.0,0.0,0.0,0.0,0.0,0.0,0.0,0.0,0.0,0.0,0.0,0.0,0.0,nan,nan,4.174414976599064,2.882704464936112,nan,0.925768185054609,0.022935354324764224,0.0,0.0,0.0,0.0,0.0,0.0,0.0,0.0,0.0,0.0,0.0,0.0,0.0,0.0,0.0,0.0,0.0,0.0,0.0,0.0,0.0,0.0,0.0,0.0,0.01162790697674419,0.11627906976744189,3.6860465116279078,14.651162790697677,10.476744186046515,1.058139534883721,0.9261558607847601,0.023054932039051037,0.0,0.0,0.0,0.0,0.0,0.0,0.0,0.0,0.0,0.0,0.0,0.0,0.0,0.0,0.0,0.0,0.0,0.0,0.0,0.0,0.0,0.0,0.0,0.0,0.0,0.06374840628984277,3.9141521461963458,14.611134721631963,10.22524436889078,1.1857203569910755,0.3887,0.01193,0.0,0.0,0.0,0.0,0.0,0.0,0.0,0.0,0.0,0.0,1.0697674418604652,24.11627906976741,4.80232558139535,0.01162790697674419,0.0,0.0,0.0,0.0,0.0,0.0,0.0,0.0,0.0,0.0,0.0,0.0,0.0,0.0,0.0,0.0,0.389,0.01192,0.0,0.0,0.0,0.0,0.0,0.0,0.0,0.0,0.0,0.0,0.8924776880577987,23.778155546111314,5.316617084572887,0.012749681257968553,0.0,0.0,0.0,0.0,0.0,0.0,0.0,0.0,0.0,0.0,0.0,0.0,0.0,0.0,0.0,0.0
32800,4637,2364,0.5098123786931206,1105,979,0.4494285098123787,1342,0.5788225145568255,0.422,2.9656841179058513,3.1304897832404066,6.687010954616588,2.1679852220893205,9499.693983178779,1614.6889766856846,7853.0,11083.0,11083.0,0.0,7853.0,0.0,28.133491481561354,21.044590350026127,33.21850038649833,19.233352621063922,0.1425490618934656,0.09467328013802027,0.09014448997196463,0.09165408669398317,0.08324347638559414,0.07116670260944576,0.0687944791891309,0.05865861548414923,0.05714901876213069,0.05585507871468622,0.044209618287686006,0.04183739486737115,0.037739918050463665,0.026310114298037524,0.017468190640500324,0.011645460427000216,0.006901013586370498,0.9251450318855177,0.022853548203196804,0.0,0.0,0.0,0.0,0.0,0.0,0.0,0.0,0.0,0.0,0.0,0.0,0.0,0.0,0.0,0.0,0.0,0.0,0.0,0.0,0.0,0.0,0.0,0.0,0.0064697002372223434,0.20056070735389264,3.9206383437567403,14.93853784774639,10.008626266982965,0.9251671339227951,4.208816705336427,2.896081352061561,nan,nan,nan,4.248832555036691,2.878248283262051,4.169301712779974,2.913044744536712,0.9812817188659413,0.3882,0.012146,0.0,0.0,0.0,0.0,0.0,0.0,0.0,0.0,0.0,0.0,1.1968945438861334,23.756739271080406,5.046366185033428,0.0,0.0,0.0,0.0,0.0,0.0,0.0,0.0,0.0,0.0,0.0,0.0,0.0,0.0,0.0,0.0,0.0,nan,nan,4.208816705336427,2.896081352061561,nan,0.3882,0.0557,0.0,0.0,0.0,0.0,0.0,0.0,0.0,0.0,0.0,0.0,0.0,0.0,0.0,0.0,0.0,0.0,0.0,0.0,0.0,0.003892602976062109,3.234850118611171e-05,6.469700237222342e-05,0.0006038386888074186,0.002135001078283373,0.013327582488678024,0.00604916972180289,0.0034289411257278414,0.001994824239810222,0.002480051757601898,0.022244985982316154,0.019463014880310544,0.018266120336424413,0.033027819711020055,0.011677808928186328,0.0618826827690317,0.04960103515203795,0.07868233771835238,0.09566530084106104,0.06745740780677162,0.04361656243260729,0.08234850118611171,0.04314211774854432,0.10952124218244555,0.05905758033211128,0.024153547552296744,0.0483286607720509,0.016778089281863275,0.03089281863273668,0.013651067500539142,0.010125080871252965,0.011526849255984472,0.004075911149450075,0.005930558550787147,0.002005607073538926,0.0,0.0024045719215009705,0.0002587880094888937,0.00020487384084537415,0.0,0.0,0.0,0.0,0.0,0.0,0.0,0.0,0.0,0.0,0.0,0.0,0.0,0.0,0.0,0.0,0.0,0.0,0.0,0.0,0.0,0.0,0.0,0.0,0.0,0.0,0.0,0.0,0.0,0.0,0.0,0.0,0.0,0.0,0.0,0.0,0.0,0.0,0.0,0.0,0.0,0.0,0.0,nan,nan,4.208816705336427,2.896081352061561,nan,0.9247442241852659,0.022705284769974708,0.0,0.0,0.0,0.0,0.0,0.0,0.0,0.0,0.0,0.0,0.0,0.0,0.0,0.0,0.0,0.0,0.0,0.0,0.0,0.0,0.0,0.0,0.0,0.0,0.012690355329949242,0.16497461928934015,4.048223350253808,15.241116751269038,9.69543147208122,0.8375634517766499,0.9255618860005178,0.022999325095978445,0.0,0.0,0.0,0.0,0.0,0.0,0.0,0.0,0.0,0.0,0.0,0.0,0.0,0.0,0.0,0.0,0.0,0.0,0.0,0.0,0.0,0.0,0.0,0.0,0.0,0.23757149142102954,3.787945446546415,14.623845138583373,10.334359876814784,1.0162780466344041,0.3882,0.01209,0.0,0.0,0.0,0.0,0.0,0.0,0.0,0.0,0.0,0.0,1.0786802030456855,23.997461928933976,4.923857868020305,0.0,0.0,0.0,0.0,0.0,0.0,0.0,0.0,0.0,0.0,0.0,0.0,0.0,0.0,0.0,0.0,0.0,0.3882,0.01219,0.0,0.0,0.0,0.0,0.0,0.0,0.0,0.0,0.0,0.0,1.3198416190057196,23.506379234491824,5.1737791465024205,0.0,0.0,0.0,0.0,0.0,0.0,0.0,0.0,0.0,0.0,0.0,0.0,0.0,0.0,0.0,0.0,0.0
32900,4854,2444,0.503502266172229,1161,1011,0.44746600741656367,1425,0.5871446229913473,0.38999999999999996,2.9385892116182575,2.9959108509939893,6.275524475524476,2.08716412760348,9479.3123197363,1614.9603807592878,7853.0,11083.0,11083.0,0.0,7853.0,0.0,28.866707869798105,21.333108453142483,33.85682873198143,19.501345914052976,0.13864853728883395,0.09600329625051504,0.08755665430572723,0.08405438813349815,0.07086938607334158,0.07519571487433045,0.07066337041615163,0.06592501030078286,0.059744540585084466,0.05562422744128554,0.04676555418211784,0.046353522867737945,0.03378656777915121,0.02657601977750309,0.021219612690564483,0.010506798516687269,0.010506798516687269,0.9248633202845342,0.022506341775267866,0.0,0.0,0.0,0.0,0.0,0.0,0.0,0.0,0.0,0.0,0.0,0.0,0.0,0.0,0.0,0.0,0.0,0.0,0.0,0.0,0.0,0.0,0.0,0.0,0.0,0.16069221260815827,3.7948084054388143,15.531520395550064,9.480840543881337,1.0321384425216318,4.255292652552926,2.787216192707336,nan,nan,nan,4.3106674984404245,2.7979682033994515,4.200124300807955,2.7753644070209513,0.9743558978574749,0.3882,0.01188,0.0,0.0,0.0,0.0,0.0,0.0,0.0,0.0,0.0,0.0,1.0939431396786157,24.122373300370793,4.783683559950557,0.0,0.0,0.0,0.0,0.0,0.0,0.0,0.0,0.0,0.0,0.0,0.0,0.0,0.0,0.0,0.0,0.0,nan,nan,4.255292652552926,2.787216192707336,nan,0.3882,0.0553,0.0,0.0,0.0,0.0,0.0,0.0,0.0,0.0,0.0,0.0,0.0,0.0,0.0,0.0,0.0,0.0,0.0,0.0,0.0,0.003234445817882159,1.0300782859497322e-05,0.0001442109600329625,0.0005974454058508446,0.0016275236918005768,0.013761845900288422,0.0062834775442933664,0.0031829419035846723,0.0019468479604449937,0.002822414503502266,0.01981870622167285,0.01938607334157396,0.01892253811289658,0.03388957560774619,0.012896580140090647,0.06333951380304903,0.0484548825710754,0.08056242274412856,0.09436547177585497,0.06869592088998763,0.04245982694684796,0.08291100123609395,0.04342810053564071,0.1080861145447054,0.059899052327976925,0.024021425628347755,0.048733003708281826,0.017140502678203544,0.029563246806757315,0.013185002060156572,0.011073341573959622,0.010300782859497322,0.004285125669550886,0.0068603213844252164,0.0018438401318500205,0.0,0.0018335393489905232,0.0003399258343634116,9.270704573547589e-05,0.0,0.0,0.0,0.0,0.0,0.0,0.0,0.0,0.0,0.0,0.0,0.0,0.0,0.0,0.0,0.0,0.0,0.0,0.0,0.0,0.0,0.0,0.0,0.0,0.0,0.0,0.0,0.0,0.0,0.0,0.0,0.0,0.0,0.0,0.0,0.0,0.0,0.0,0.0,0.0,0.0,0.0,0.0,nan,nan,4.255292652552926,2.787216192707336,nan,0.9250742042171974,0.022827811438129196,0.0,0.0,0.0,0.0,0.0,0.0,0.0,0.0,0.0,0.0,0.0,0.0,0.0,0.0,0.0,0.0,0.0,0.0,0.0,0.0,0.0,0.0,0.0,0.0,0.0,0.20867430441898532,3.731587561374796,15.355973813420626,9.635842880523732,1.067921440261866,0.92464946122585,0.022173529894881524,0.0,0.0,0.0,0.0,0.0,0.0,0.0,0.0,0.0,0.0,0.0,0.0,0.0,0.0,0.0,0.0,0.0,0.0,0.0,0.0,0.0,0.0,0.0,0.0,0.0,0.1120331950207469,3.858921161825727,15.709543568464733,9.323651452282158,0.9958506224066392,0.388,0.01201,0.0,0.0,0.0,0.0,0.0,0.0,0.0,0.0,0.0,0.0,1.2520458265139118,24.169394435351848,4.578559738134207,0.0,0.0,0.0,0.0,0.0,0.0,0.0,0.0,0.0,0.0,0.0,0.0,0.0,0.0,0.0,0.0,0.0,0.3884,0.01174,0.0,0.0,0.0,0.0,0.0,0.0,0.0,0.0,0.0,0.0,0.9336099585062243,24.074688796680462,4.991701244813279,0.0,0.0,0.0,0.0,0.0,0.0,0.0,0.0,0.0,0.0,0.0,0.0,0.0,0.0,0.0,0.0,0.0
33000,4816,2470,0.5128737541528239,1155,962,0.4395764119601329,1330,0.5523255813953488,0.40599999999999997,3.0264279624893438,3.1517705998430166,6.585755813953488,2.2148220330418407,9509.582225913622,1614.464591896666,7853.0,11083.0,11083.0,0.0,7853.0,0.0,28.119393687707642,21.041469242227077,33.13638613861386,19.260742477936617,0.1403654485049834,0.09738372093023256,0.09385382059800665,0.08388704318936877,0.08077242524916943,0.08014950166112957,0.07080564784053156,0.057724252491694356,0.05377906976744186,0.05606312292358804,0.04422757475083056,0.042774086378737544,0.0340531561461794,0.028862126245847178,0.01764950166112957,0.010382059800664452,0.007267441860465116,0.9236205976047983,0.022764690224045196,0.0,0.0,0.0,0.0,0.0,0.0,0.0,0.0,0.0,0.0,0.0,0.0,0.0,0.0,0.0,0.0,0.0,0.0,0.0,0.0,0.0,0.0,0.0,0.0,0.0,0.16818936877076418,4.2109634551495025,15.66652823920266,9.082225913621263,0.8720930232558142,4.270436187399031,2.85371084045882,nan,nan,nan,4.285530546623794,2.868077370877048,4.255194805194805,2.8390491870917383,0.9929213568544302,0.3884,0.01213,0.0,0.0,0.0,0.0,0.0,0.0,0.0,0.0,0.0,0.0,1.0465116279069768,23.770764119601296,5.182724252491695,0.0,0.0,0.0,0.0,0.0,0.0,0.0,0.0,0.0,0.0,0.0,0.0,0.0,0.0,0.0,0.0,0.0,nan,nan,4.270436187399031,2.85371084045882,nan,0.3884,0.05594,0.0,0.0,0.0,0.0,0.0,0.0,0.0,0.0,0.0,0.0,0.0,0.0,0.0,0.0,0.0,0.0,0.0,0.0,1.0382059800664452e-05,0.002979651162790698,3.114617940199335e-05,0.00021802325581395349,0.0006333056478405316,0.0012666112956810631,0.01429609634551495,0.007703488372093024,0.0032495847176079733,0.002481312292358804,0.0021698504983388702,0.01963247508305648,0.01879152823920266,0.019601328903654486,0.03448920265780731,0.012323504983388705,0.06205357142857143,0.0476328903654485,0.08170681063122924,0.08834094684385382,0.06937292358803987,0.04345930232558139,0.0865656146179402,0.0407703488372093,0.10503529900332226,0.0596968438538206,0.02464700996677741,0.0518687707641196,0.01841777408637874,0.02782392026578073,0.012749169435215946,0.011897840531561461,0.010849252491694352,0.004588870431893688,0.008482142857142856,0.0015261627906976744,0.0,0.0019829734219269104,0.0005710132890365449,8.305647840531562e-05,0.0,0.0,0.0,0.0,0.0,0.0,0.0,0.0,0.0,0.0,0.0,0.0,0.0,0.0,0.0,0.0,0.0,0.0,0.0,0.0,0.0,0.0,0.0,0.0,0.0,0.0,0.0,0.0,0.0,0.0,0.0,0.0,0.0,0.0,0.0,0.0,0.0,0.0,0.0,0.0,0.0,0.0,0.0,nan,nan,4.270436187399031,2.85371084045882,nan,0.9235857909990226,0.023094309326418313,0.0,0.0,0.0,0.0,0.0,0.0,0.0,0.0,0.0,0.0,0.0,0.0,0.0,0.0,0.0,0.0,0.0,0.0,0.0,0.0,0.0,0.0,0.0,0.0,0.0,0.17004048582995956,4.421052631578948,15.267206477732797,9.218623481781378,0.9230769230769232,0.9236572439459177,0.022412352173707434,0.0,0.0,0.0,0.0,0.0,0.0,0.0,0.0,0.0,0.0,0.0,0.0,0.0,0.0,0.0,0.0,0.0,0.0,0.0,0.0,0.0,0.0,0.0,0.0,0.0,0.16624040920716118,3.9897698209718677,16.086956521739133,8.938618925831204,0.8184143222506396,0.3887,0.01221,0.0,0.0,0.0,0.0,0.0,0.0,0.0,0.0,0.0,0.0,1.105263157894737,23.696356275303607,5.198380566801621,0.0,0.0,0.0,0.0,0.0,0.0,0.0,0.0,0.0,0.0,0.0,0.0,0.0,0.0,0.0,0.0,0.0,0.3884,0.01205,0.0,0.0,0.0,0.0,0.0,0.0,0.0,0.0,0.0,0.0,0.9846547314578007,23.849104859335004,5.166240409207162,0.0,0.0,0.0,0.0,0.0,0.0,0.0,0.0,0.0,0.0,0.0,0.0,0.0,0.0,0.0,0.0,0.0
33100,5046,2579,0.511097899326199,1247,1029,0.45105033690051527,1419,0.5624256837098692,0.37399999999999994,2.883664369679773,3.090554124580105,6.497109826589595,2.1237013099383995,9503.846214823623,1614.6021333080228,7853.0,11083.0,11083.0,0.0,7853.0,0.0,27.730281411018627,20.499460628231994,32.23544480670704,18.897259576256353,0.13297661514070552,0.09948474038842647,0.09789932619896947,0.09373761395164487,0.08263971462544589,0.07431629013079667,0.06539833531510107,0.06698374950455807,0.05984938565200158,0.05330955212049148,0.05013872374157749,0.03626634958382877,0.028141101862861673,0.025762980578676178,0.018826793499801823,0.008521601268331352,0.005747126436781609,0.9232699008059795,0.0226439322213352,0.0,0.0,0.0,0.0,0.0,0.0,0.0,0.0,0.0,0.0,0.0,0.0,0.0,0.0,0.0,0.0,0.0,0.0,0.0,0.0,0.0,0.0,0.0,0.0,0.005945303210463735,0.1664684898929846,4.375743162901308,15.546967895362666,9.054696789536267,0.8501783590963141,4.208217485325919,2.9055602430314846,nan,nan,nan,4.250620347394541,2.909591968235533,4.166153846153846,2.9009429195496432,0.9801284296555749,0.3882,0.01258,0.0,0.0,0.0,0.0,0.0,0.0,0.0,0.0,0.0,0.0,1.2722948870392394,23.579072532699133,5.148632580261594,0.0,0.0,0.0,0.0,0.0,0.0,0.0,0.0,0.0,0.0,0.0,0.0,0.0,0.0,0.0,0.0,0.0,nan,nan,4.208217485325919,2.9055602430314846,nan,0.3882,0.0562,0.0,0.0,0.0,0.0,0.0,0.0,0.0,0.0,0.0,0.0,0.0,0.0,0.0,0.0,0.0,0.0,0.0,0.0,0.0,0.003428458184700753,1.9817677368212444e-05,9.908838684106223e-05,0.001070154577883472,0.0015358699960364645,0.015130796670630203,0.00765953230281411,0.0030221957986523978,0.0029924692826000794,0.0018133174791914388,0.018945699564011098,0.01818271898533492,0.01859889021006738,0.03601862861672612,0.012822037257233453,0.06324811732065001,0.04834522393975426,0.08221363456202933,0.08674197384066587,0.06981767736821244,0.04189456995640111,0.08524573919936583,0.04066587395957194,0.10580657946888625,0.0576397146254459,0.02589179548156956,0.05316091954022988,0.01896551724137931,0.027031311930241775,0.012970669837495046,0.012049147839873167,0.010176377328577091,0.004587792310741181,0.008244153785176378,0.0014367816091954023,2.972651605231867e-05,0.0020709472849782004,0.0003864447086801427,3.963535473642489e-05,0.0,0.0,0.0,0.0,0.0,0.0,0.0,0.0,0.0,0.0,0.0,0.0,0.0,0.0,0.0,0.0,0.0,0.0,0.0,0.0,0.0,0.0,0.0,0.0,0.0,0.0,0.0,0.0,0.0,0.0,0.0,0.0,0.0,0.0,0.0,0.0,0.0,0.0,0.0,0.0,0.0,0.0,0.0,nan,nan,4.208217485325919,2.9055602430314846,nan,0.9233766981870364,0.022754240171878954,0.0,0.0,0.0,0.0,0.0,0.0,0.0,0.0,0.0,0.0,0.0,0.0,0.0,0.0,0.0,0.0,0.0,0.0,0.0,0.0,0.0,0.0,0.0,0.0,0.011632415664986432,0.18611865063978292,4.490112446684762,15.180302442807292,9.364094610314076,0.7677394338891045,0.9231582549017453,0.022527497625397578,0.0,0.0,0.0,0.0,0.0,0.0,0.0,0.0,0.0,0.0,0.0,0.0,0.0,0.0,0.0,0.0,0.0,0.0,0.0,0.0,0.0,0.0,0.0,0.0,0.0,0.1459262261856506,4.2561815970814765,15.930279691933526,8.731252533441427,0.9363599513579248,0.388,0.01257,0.0,0.0,0.0,0.0,0.0,0.0,0.0,0.0,0.0,0.0,1.372625048468399,23.544009305932498,5.083365645599071,0.0,0.0,0.0,0.0,0.0,0.0,0.0,0.0,0.0,0.0,0.0,0.0,0.0,0.0,0.0,0.0,0.0,0.3882,0.01259,0.0,0.0,0.0,0.0,0.0,0.0,0.0,0.0,0.0,0.0,1.1674098094852048,23.615727604377753,5.21686258613701,0.0,0.0,0.0,0.0,0.0,0.0,0.0,0.0,0.0,0.0,0.0,0.0,0.0,0.0,0.0,0.0,0.0
33200,4585,2333,0.5088331515812432,1073,942,0.4394765539803708,1253,0.5465648854961832,0.40199999999999997,2.8481349911190055,3.083651828578354,6.542857142857143,2.133233290971591,9496.531079607415,1614.7479609822815,7853.0,11083.0,11083.0,0.0,7853.0,0.0,27.0453653217012,20.80414229794458,32.13202099737533,19.160988044584325,0.14721919302071973,0.10512540894220283,0.10272628135223555,0.08745910577971647,0.07699018538713195,0.07219193020719739,0.07415485278080698,0.05932388222464558,0.05605234460196292,0.05234460196292257,0.041657579062159215,0.03882224645583424,0.026608505997818974,0.023555070883315158,0.015267175572519083,0.010905125408942203,0.009596510359869139,0.9235228977260569,0.023096623028723458,0.0,0.0,0.0,0.0,0.0,0.0,0.0,0.0,0.0,0.0,0.0,0.0,0.0,0.0,0.0,0.0,0.0,0.0,0.0,0.0,0.0,0.0,0.0,0.0,0.0,0.17011995637949842,4.534351145038169,15.264994547437299,9.186477644492912,0.8440567066521267,4.335558678847505,2.887960655360139,nan,nan,nan,4.291753291753292,2.8526011356662435,4.379457917261056,2.923919797372574,1.020435616762103,0.3882,0.01225,0.0,0.0,0.0,0.0,0.0,0.0,0.0,0.0,0.0,0.0,1.0992366412213743,24.013086150490697,4.887677208287896,0.0,0.0,0.0,0.0,0.0,0.0,0.0,0.0,0.0,0.0,0.0,0.0,0.0,0.0,0.0,0.0,0.0,nan,nan,4.335558678847505,2.887960655360139,nan,0.3882,0.05627,0.0,0.0,0.0,0.0,0.0,0.0,0.0,0.0,0.0,0.0,0.0,0.0,0.0,0.0,0.0,0.0,0.0,0.0,0.0,0.0028898582333696837,0.0,7.633587786259542e-05,0.0008942202835332606,0.0018756815703380588,0.016695747001090513,0.006935659760087241,0.003336968375136314,0.0024318429661941113,0.0011995637949836423,0.018484187568157034,0.016990185387131953,0.020218102508178844,0.03653217011995638,0.012758996728462377,0.06520174482006542,0.051014176663031624,0.07965103598691385,0.08765539803707742,0.06954198473282443,0.04346782988004362,0.0830752453653217,0.03934569247546347,0.10338058887677208,0.05598691384950927,0.02792802617230098,0.052104689203925844,0.01856052344601963,0.028353326063249727,0.01450381679389313,0.012115594329334787,0.009672846237731734,0.004721919302071974,0.008571428571428572,0.0018211559432933478,1.0905125408942203e-05,0.0018102508178844056,0.00018538713195201745,0.0,0.0,0.0,0.0,0.0,0.0,0.0,0.0,0.0,0.0,0.0,0.0,0.0,0.0,0.0,0.0,0.0,0.0,0.0,0.0,0.0,0.0,0.0,0.0,0.0,0.0,0.0,0.0,0.0,0.0,0.0,0.0,0.0,0.0,0.0,0.0,0.0,0.0,0.0,0.0,0.0,0.0,0.0,0.0,nan,nan,4.335558678847505,2.887960655360139,nan,0.9231730960133859,0.02335259595420198,0.0,0.0,0.0,0.0,0.0,0.0,0.0,0.0,0.0,0.0,0.0,0.0,0.0,0.0,0.0,0.0,0.0,0.0,0.0,0.0,0.0,0.0,0.0,0.0,0.0,0.23146163737676817,4.654950707243893,15.212173167595374,9.052721817402487,0.8486926703814832,0.9238852811166702,0.02282276315905249,0.0,0.0,0.0,0.0,0.0,0.0,0.0,0.0,0.0,0.0,0.0,0.0,0.0,0.0,0.0,0.0,0.0,0.0,0.0,0.0,0.0,0.0,0.0,0.0,0.0,0.10657193605683839,4.409413854351688,15.319715808170518,9.325044404973358,0.8392539964476023,0.3884,0.01234,0.0,0.0,0.0,0.0,0.0,0.0,0.0,0.0,0.0,0.0,1.118731247321046,23.801971710244285,5.079297042434634,0.0,0.0,0.0,0.0,0.0,0.0,0.0,0.0,0.0,0.0,0.0,0.0,0.0,0.0,0.0,0.0,0.0,0.3877,0.012146,0.0,0.0,0.0,0.0,0.0,0.0,0.0,0.0,0.0,0.0,1.0790408525754887,24.23179396092359,4.6891651865008885,0.0,0.0,0.0,0.0,0.0,0.0,0.0,0.0,0.0,0.0,0.0,0.0,0.0,0.0,0.0,0.0,0.0
33300,4596,2387,0.5193646649260226,1118,930,0.4456048738033072,1282,0.5578764142732812,0.40599999999999997,2.9234947940244456,3.064573684823116,6.4853896103896105,2.1334794558334713,9530.547867711053,1613.7883269638558,7853.0,11083.0,11083.0,0.0,7853.0,0.0,27.822236727589207,20.959988029988022,32.999738766980144,19.142381596381785,0.1468668407310705,0.09660574412532637,0.0918189730200174,0.09225413402959094,0.07550043516100957,0.0685378590078329,0.07114882506527415,0.06832027850304613,0.05483028720626632,0.05200174064403829,0.04939077458659704,0.03677110530896432,0.03372497824194952,0.028720626631853787,0.01588337684943429,0.010879025239338555,0.006744995648389904,0.9227458630389396,0.023263308000306234,0.0,0.0,0.0,0.0,0.0,0.0,0.0,0.0,0.0,0.0,0.0,0.0,0.0,0.0,0.0,0.0,0.0,0.0,0.0,0.0,0.0,0.0,0.0,0.0,0.0065274151436031345,0.2480417754569191,4.5953002610966065,15.391644908616192,8.870757180156659,0.8877284595300263,4.193428184281843,2.844344487685291,nan,nan,nan,4.212347354138399,2.9235551207737873,4.174560216508795,2.762958576874466,0.991029434552096,0.388,0.0124,0.0,0.0,0.0,0.0,0.0,0.0,0.0,0.0,0.0,0.0,1.2728459530026113,23.71409921671015,5.013054830287207,0.0,0.0,0.0,0.0,0.0,0.0,0.0,0.0,0.0,0.0,0.0,0.0,0.0,0.0,0.0,0.0,0.0,nan,nan,4.193428184281843,2.844344487685291,nan,0.388,0.05627,0.0,0.0,0.0,0.0,0.0,0.0,0.0,0.0,0.0,0.0,0.0,0.0,0.0,0.0,0.0,0.0,0.0,0.0,0.0,0.002132288946910357,0.0,0.00015230635335073978,0.0010226283724978243,0.0016536118363794604,0.017602262837249784,0.006483899042645779,0.004384247171453437,0.0023825065274151436,0.001762402088772846,0.01747171453437772,0.01746083550913838,0.021399042645778937,0.03624891209747606,0.01355526544821584,0.06251087902523934,0.05190382941688425,0.07795909486510008,0.08838120104438642,0.0712467362924282,0.04248259355961706,0.08172323759791122,0.041688424717145345,0.10200174064403829,0.056092254134029594,0.028742384682332464,0.04969538729329852,0.0189621409921671,0.030308964316797214,0.01392515230635335,0.012032201914708442,0.010171888598781549,0.005026109660574413,0.007941688424717146,0.002175805047867711,0.0,0.001174934725848564,0.00013054830287206266,1.0879025239338555e-05,0.0,0.0,0.0,0.0,0.0,0.0,0.0,0.0,0.0,0.0,0.0,0.0,0.0,0.0,0.0,0.0,0.0,0.0,0.0,0.0,0.0,0.0,0.0,0.0,0.0,0.0,0.0,0.0,0.0,0.0,0.0,0.0,0.0,0.0,0.0,0.0,0.0,0.0,0.0,0.0,0.0,0.0,0.0,nan,nan,4.193428184281843,2.844344487685291,nan,0.9234422929475734,0.022826563569081332,0.0,0.0,0.0,0.0,0.0,0.0,0.0,0.0,0.0,0.0,0.0,0.0,0.0,0.0,0.0,0.0,0.0,0.0,0.0,0.0,0.0,0.0,0.0,0.0,0.0,0.1885211562630918,4.310850439882699,15.496439044826145,9.187264348554672,0.8169250104733977,0.9219933151928965,0.023703219029108297,0.0,0.0,0.0,0.0,0.0,0.0,0.0,0.0,0.0,0.0,0.0,0.0,0.0,0.0,0.0,0.0,0.0,0.0,0.0,0.0,0.0,0.0,0.0,0.0,0.013580805794477142,0.31235853327297425,4.902670891806248,15.278406518786785,8.528746038931645,0.9642372114078771,0.388,0.01257,0.0,0.0,0.0,0.0,0.0,0.0,0.0,0.0,0.0,0.0,1.4327607875994977,23.47716799329699,5.090071219103478,0.0,0.0,0.0,0.0,0.0,0.0,0.0,0.0,0.0,0.0,0.0,0.0,0.0,0.0,0.0,0.0,0.0,0.388,0.0122,0.0,0.0,0.0,0.0,0.0,0.0,0.0,0.0,0.0,0.0,1.1000452693526486,23.970122227252116,4.929832503395202,0.0,0.0,0.0,0.0,0.0,0.0,0.0,0.0,0.0,0.0,0.0,0.0,0.0,0.0,0.0,0.0,0.0
33400,4512,2353,0.5214982269503546,1175,884,0.4563386524822695,1267,0.561613475177305,0.40199999999999997,2.9425660027790643,3.0381912252884042,6.381933438985737,2.0635521054542396,9537.439273049646,1613.5064881674127,7853.0,11083.0,11083.0,0.0,7853.0,0.0,28.54787234042553,20.727213731953604,33.24712943632568,18.940386705261137,0.1283244680851064,0.09707446808510638,0.09042553191489362,0.08820921985815602,0.08421985815602837,0.07291666666666667,0.06914893617021277,0.06360815602836879,0.06449468085106383,0.05585106382978723,0.05031028368794326,0.0387854609929078,0.036125886524822695,0.025930851063829786,0.019060283687943262,0.008865248226950355,0.006648936170212766,0.9228066661731994,0.02356519694120214,0.0,0.0,0.0,0.0,0.0,0.0,0.0,0.0,0.0,0.0,0.0,0.0,0.0,0.0,0.0,0.0,0.0,0.0,0.0,0.0,0.0,0.0,0.0,0.0,0.006648936170212768,0.285904255319149,4.621010638297873,15.106382978723408,9.168882978723406,0.8111702127659577,4.162860980523842,2.855015288634449,nan,nan,nan,4.060707138092061,2.802538119912875,4.266396213657877,2.903570799662664,1.0506535114626512,0.388,0.012,0.0,0.0,0.0,0.0,0.0,0.0,0.0,0.0,0.0,0.0,1.230053191489362,23.95611702127656,4.813829787234043,0.0,0.0,0.0,0.0,0.0,0.0,0.0,0.0,0.0,0.0,0.0,0.0,0.0,0.0,0.0,0.0,0.0,nan,nan,4.162860980523842,2.855015288634449,nan,0.3882,0.05594,0.0,0.0,0.0,0.0,0.0,0.0,0.0,0.0,0.0,0.0,0.0,0.0,0.0,0.0,0.0,0.0,0.0,0.0,0.0,0.0023936170212765957,0.0,0.00014406028368794325,0.0012411347517730497,0.0012743794326241136,0.016300975177304965,0.006715425531914894,0.0047872340425531915,0.0017841312056737588,0.001163563829787234,0.018439716312056736,0.01648936170212766,0.020988475177304965,0.035150709219858155,0.015902039007092198,0.0597406914893617,0.05214982269503546,0.0813386524822695,0.08766622340425533,0.07089982269503546,0.04340647163120567,0.08416445035460993,0.04093528368794326,0.10150709219858156,0.0573470744680851,0.029765070921985815,0.048260195035460994,0.016688829787234044,0.028645833333333332,0.015425531914893617,0.012588652482269504,0.01099290780141844,0.00555186170212766,0.006892730496453901,0.002327127659574468,0.0,0.0008754432624113475,3.324468085106383e-05,0.0,2.2163120567375888e-05,0.0,0.0,0.0,0.0,0.0,0.0,0.0,0.0,0.0,0.0,0.0,0.0,0.0,0.0,0.0,0.0,0.0,0.0,0.0,0.0,0.0,0.0,0.0,0.0,0.0,0.0,0.0,0.0,0.0,0.0,0.0,0.0,0.0,0.0,0.0,0.0,0.0,0.0,0.0,0.0,0.0,0.0,nan,nan,4.162860980523842,2.855015288634449,nan,0.9229233116481439,0.02362779175542951,0.0,0.0,0.0,0.0,0.0,0.0,0.0,0.0,0.0,0.0,0.0,0.0,0.0,0.0,0.0,0.0,0.0,0.0,0.0,0.0,0.0,0.0,0.0,0.0,0.0,0.3314917127071824,4.475138121546962,14.99362515937102,9.396515087122824,0.8032299192520189,0.9226795393540496,0.023496128221557295,0.0,0.0,0.0,0.0,0.0,0.0,0.0,0.0,0.0,0.0,0.0,0.0,0.0,0.0,0.0,0.0,0.0,0.0,0.0,0.0,0.0,0.0,0.0,0.0,0.013895321908290879,0.23622047244094493,4.779990736452062,15.229272811486803,8.920796665122744,0.8198239925891618,0.3877,0.01186,0.0,0.0,0.0,0.0,0.0,0.0,0.0,0.0,0.0,0.0,1.2367190820229497,24.1478963025924,4.615384615384616,0.0,0.0,0.0,0.0,0.0,0.0,0.0,0.0,0.0,0.0,0.0,0.0,0.0,0.0,0.0,0.0,0.0,0.3884,0.01213,0.0,0.0,0.0,0.0,0.0,0.0,0.0,0.0,0.0,0.0,1.2227883279295972,23.747105141269074,5.030106530801298,0.0,0.0,0.0,0.0,0.0,0.0,0.0,0.0,0.0,0.0,0.0,0.0,0.0,0.0,0.0,0.0,0.0
33500,4520,2351,0.5201327433628319,1143,877,0.4469026548672566,1248,0.552212389380531,0.43,3.028584601198709,3.089134407128411,6.536507936507936,2.107680707370717,9533.028761061947,1613.6902615541646,7853.0,11083.0,11083.0,0.0,7853.0,0.0,27.9820796460177,20.875566594246603,32.88009466210886,19.13459889517638,0.13849557522123893,0.10353982300884956,0.090929203539823,0.0831858407079646,0.07876106194690266,0.07876106194690266,0.07101769911504424,0.06438053097345132,0.05641592920353982,0.05420353982300885,0.04535398230088496,0.04048672566371681,0.032300884955752215,0.024778761061946902,0.018805309734513276,0.012610619469026548,0.005973451327433628,0.9220926059030854,0.022558087466607424,0.0,0.0,0.0,0.0,0.0,0.0,0.0,0.0,0.0,0.0,0.0,0.0,0.0,0.0,0.0,0.0,0.0,0.0,0.0,0.0,0.0,0.0,0.0,0.0,0.0,0.1792035398230089,4.7853982300884965,15.836283185840712,8.455752212389383,0.7433628318584072,4.282489740082079,2.864630737018413,nan,nan,nan,4.320663441603317,2.874621715817664,4.245091401489506,2.8543137379171,0.982509158342181,0.3887,0.01196,0.0,0.0,0.0,0.0,0.0,0.0,0.0,0.0,0.0,0.0,0.9424778761061949,23.980088495575185,5.077433628318585,0.0,0.0,0.0,0.0,0.0,0.0,0.0,0.0,0.0,0.0,0.0,0.0,0.0,0.0,0.0,0.0,0.0,nan,nan,4.282489740082079,2.864630737018413,nan,0.3887,0.0556,0.0,0.0,0.0,0.0,0.0,0.0,0.0,0.0,0.0,0.0,0.0,0.0,0.0,0.0,0.0,0.0,0.0,0.0,1.1061946902654867e-05,0.002831858407079646,0.0,0.0003650442477876106,0.0007964601769911505,0.0010951327433628318,0.014491150442477877,0.00713495575221239,0.005298672566371681,0.0017699115044247787,0.0014491150442477877,0.018119469026548672,0.015331858407079646,0.021393805309734514,0.03359513274336283,0.0159070796460177,0.056891592920353985,0.049734513274336284,0.07850663716814159,0.08792035398230089,0.07631637168141593,0.046238938053097346,0.08917035398230089,0.03995575221238938,0.10086283185840708,0.05722345132743363,0.02842920353982301,0.04903761061946903,0.01700221238938053,0.026825221238938053,0.016017699115044248,0.013440265486725663,0.01095132743362832,0.006017699115044248,0.006471238938053098,0.0025995575221238938,1.1061946902654867e-05,0.0007300884955752212,0.0,0.0,5.5309734513274336e-05,0.0,0.0,0.0,0.0,0.0,0.0,0.0,0.0,0.0,0.0,0.0,0.0,0.0,0.0,0.0,0.0,0.0,0.0,0.0,0.0,0.0,0.0,0.0,0.0,0.0,0.0,0.0,0.0,0.0,0.0,0.0,0.0,0.0,0.0,0.0,0.0,0.0,0.0,0.0,0.0,0.0,0.0,nan,nan,4.282489740082079,2.864630737018413,nan,0.9224950873512048,0.02231530880065173,0.0,0.0,0.0,0.0,0.0,0.0,0.0,0.0,0.0,0.0,0.0,0.0,0.0,0.0,0.0,0.0,0.0,0.0,0.0,0.0,0.0,0.0,0.0,0.0,0.0,0.14036580178647387,4.593789876648236,16.02722245852829,8.396427052318163,0.8421948107188433,0.9216563523832473,0.02281030138714274,0.0,0.0,0.0,0.0,0.0,0.0,0.0,0.0,0.0,0.0,0.0,0.0,0.0,0.0,0.0,0.0,0.0,0.0,0.0,0.0,0.0,0.0,0.0,0.0,0.0,0.2213001383125865,4.993084370677733,15.62932226832642,8.52005532503458,0.6362378976486861,0.3884,0.011925,0.0,0.0,0.0,0.0,0.0,0.0,0.0,0.0,0.0,0.0,0.9187579753296472,24.02807316035726,5.053168864313059,0.0,0.0,0.0,0.0,0.0,0.0,0.0,0.0,0.0,0.0,0.0,0.0,0.0,0.0,0.0,0.0,0.0,0.3887,0.01199,0.0,0.0,0.0,0.0,0.0,0.0,0.0,0.0,0.0,0.0,0.9681881051175659,23.928077455048374,5.103734439834025,0.0,0.0,0.0,0.0,0.0,0.0,0.0,0.0,0.0,0.0,0.0,0.0,0.0,0.0,0.0,0.0,0.0
33600,4710,2429,0.5157112526539278,1139,960,0.4456475583864119,1343,0.570276008492569,0.414,3.0359491451117933,3.13002263937064,6.585585585585585,2.148266156674341,9518.747346072187,1614.2024987177506,7853.0,11083.0,11083.0,0.0,7853.0,0.0,27.731634819532907,20.665657052312618,32.6,18.93448566702427,0.13800424628450106,0.09957537154989385,0.09893842887473461,0.08747346072186836,0.07664543524416136,0.07600849256900212,0.07218683651804671,0.060934182590233546,0.06390658174097665,0.05201698513800425,0.04416135881104034,0.03821656050955414,0.031422505307855626,0.025690021231422507,0.020806794055201697,0.009766454352441613,0.004246284501061571,0.9224450751980905,0.023576358197801933,0.0,0.0,0.0,0.0,0.0,0.0,0.0,0.0,0.0,0.0,0.0,0.0,0.0,0.0,0.0,0.0,0.0,0.0,0.0,0.0,0.0,0.0,0.0,0.0,0.012738853503184716,0.22292993630573255,5.0063694267515935,15.044585987261149,8.72611464968153,0.9872611464968155,4.339067151835924,2.9180819339300155,nan,nan,nan,4.317554240631163,2.8781547367840647,4.360852197070573,2.957805592140448,1.0100283526335223,0.3892,0.01204,0.0,0.0,0.0,0.0,0.0,0.0,0.0,0.0,0.0,0.0,0.9808917197452232,23.401273885350285,5.605095541401275,0.012738853503184716,0.0,0.0,0.0,0.0,0.0,0.0,0.0,0.0,0.0,0.0,0.0,0.0,0.0,0.0,0.0,0.0,nan,nan,4.339067151835924,2.9180819339300155,nan,0.3892,0.0553,0.0,0.0,0.0,0.0,0.0,0.0,0.0,0.0,0.0,0.0,0.0,0.0,0.0,0.0,0.0,0.0,0.0,0.0,0.00010615711252653928,0.0026220806794055203,0.0,0.0004564755838641189,0.0005732484076433121,0.0009023354564755839,0.014447983014861996,0.006029723991507431,0.004501061571125266,0.0019745222929936305,0.0012101910828025478,0.01821656050955414,0.01596602972399151,0.0198619957537155,0.034670912951167726,0.01529723991507431,0.057738853503184716,0.05195329087048832,0.075276008492569,0.08835456475583864,0.07607218683651805,0.04639065817409766,0.09104033970276008,0.039522292993630574,0.10321656050955413,0.05471337579617835,0.027823779193205944,0.049341825902335455,0.016932059447983015,0.027600849256900213,0.01573248407643312,0.0139171974522293,0.011050955414012738,0.006263269639065818,0.006910828025477707,0.002653927813163482,2.1231422505307857e-05,0.0005732484076433121,0.0,0.0,4.2462845010615714e-05,2.1231422505307857e-05,0.0,0.0,0.0,0.0,0.0,0.0,0.0,0.0,0.0,0.0,0.0,0.0,0.0,0.0,0.0,0.0,0.0,0.0,0.0,0.0,0.0,0.0,0.0,0.0,0.0,0.0,0.0,0.0,0.0,0.0,0.0,0.0,0.0,0.0,0.0,0.0,0.0,0.0,0.0,0.0,0.0,nan,nan,4.339067151835924,2.9180819339300155,nan,0.9224148866766124,0.0240084128400522,0.0,0.0,0.0,0.0,0.0,0.0,0.0,0.0,0.0,0.0,0.0,0.0,0.0,0.0,0.0,0.0,0.0,0.0,0.0,0.0,0.0,0.0,0.0,0.0,0.012350761630300537,0.22231370934540967,5.199670646356527,14.771510909839444,8.670234664470977,1.1239193083573489,0.9224772224662493,0.023107346880367623,0.0,0.0,0.0,0.0,0.0,0.0,0.0,0.0,0.0,0.0,0.0,0.0,0.0,0.0,0.0,0.0,0.0,0.0,0.0,0.0,0.0,0.0,0.0,0.0,0.013152126260412103,0.22358614642700575,4.800526085050417,15.335379219640512,8.785620341955285,0.8417360806663746,0.3892,0.0119,0.0,0.0,0.0,0.0,0.0,0.0,0.0,0.0,0.0,0.0,0.8769040757513382,23.466447097570985,5.644298065047346,0.012350761630300537,0.0,0.0,0.0,0.0,0.0,0.0,0.0,0.0,0.0,0.0,0.0,0.0,0.0,0.0,0.0,0.0,0.389,0.01218,0.0,0.0,0.0,0.0,0.0,0.0,0.0,0.0,0.0,0.0,1.0916264796142046,23.33187198597103,5.56334940815432,0.013152126260412103,0.0,0.0,0.0,0.0,0.0,0.0,0.0,0.0,0.0,0.0,0.0,0.0,0.0,0.0,0.0,0.0
33700,4829,2476,0.5127355560157383,1206,974,0.4514392213708842,1372,0.5682335887347277,0.39399999999999996,2.920951976200595,2.954916744240779,6.14965034965035,2.1138859628084523,9509.135845930834,1614.4760271306461,7853.0,11083.0,11083.0,0.0,7853.0,0.0,28.73928349554773,20.942469480453287,33.40598394551204,19.187607824821434,0.13025471112031475,0.09608614620004141,0.09463657071857527,0.08138330917374198,0.07786291157589563,0.0776558293642576,0.06999378753365086,0.06626630772416649,0.06046800579830192,0.05591219714226548,0.047214744253468624,0.04410851107889832,0.03541105819010147,0.025885276454752536,0.019051563470697867,0.011182439428453097,0.006626630772416649,0.9225326640854269,0.02274385049596047,0.0,0.0,0.0,0.0,0.0,0.0,0.0,0.0,0.0,0.0,0.0,0.0,0.0,0.0,0.0,0.0,0.0,0.0,0.0,0.0,0.0,0.0,0.0,0.0,0.0,0.20501138952164014,4.58480016566577,15.823151791261134,8.55456616276662,0.8324704907848418,4.213337547408344,2.7714795641601473,nan,nan,nan,4.2269013199245755,2.7830736283033644,4.199618563254927,2.7596354655681123,0.9935454474555524,0.3896,0.012146,0.0,0.0,0.0,0.0,0.0,0.0,0.0,0.0,0.0,0.0,0.9442948850693728,23.160074549596157,5.889418098985299,0.00621246634914061,0.0,0.0,0.0,0.0,0.0,0.0,0.0,0.0,0.0,0.0,0.0,0.0,0.0,0.0,0.0,0.0,nan,nan,4.213337547408344,2.7714795641601473,nan,0.3896,0.05554,0.0,0.0,0.0,0.0,0.0,0.0,0.0,0.0,0.0,0.0,0.0,0.0,0.0,0.0,0.0,0.0,0.0,0.0,4.141644232760406e-05,0.00265065230896666,1.0354110581901015e-05,0.00038310209153033753,0.0007869124042244771,0.0005280596396769517,0.01490991923793746,0.005798301925864568,0.0031890660592255125,0.0017601987989231726,0.000724787740733071,0.02021122385587078,0.014961689790846966,0.018647753158003728,0.034696624559950304,0.013108303996686685,0.062269621039552706,0.05217436322219921,0.0776558293642576,0.08731621453717126,0.07494305239179955,0.04688341271484779,0.08999792917788361,0.03703665355145993,0.1031476496168979,0.053603230482501554,0.024818803064816732,0.05177055290950507,0.017229240008283287,0.028515220542555394,0.015893559743218058,0.014247256160695797,0.012632014909919238,0.006305653344377718,0.00744460550838683,0.0028577345206046803,1.0354110581901015e-05,0.0006316007454959619,0.0,0.0,0.00016566576931041624,4.141644232760406e-05,0.0,0.0,0.0,0.0,0.0,0.0,0.0,0.0,0.0,0.0,0.0,0.0,0.0,0.0,0.0,0.0,0.0,0.0,0.0,0.0,0.0,0.0,0.0,0.0,0.0,0.0,0.0,0.0,0.0,0.0,0.0,0.0,0.0,0.0,0.0,0.0,0.0,0.0,0.0,0.0,0.0,nan,nan,4.213337547408344,2.7714795641601473,nan,0.9225193975141245,0.022930073726584097,0.0,0.0,0.0,0.0,0.0,0.0,0.0,0.0,0.0,0.0,0.0,0.0,0.0,0.0,0.0,0.0,0.0,0.0,0.0,0.0,0.0,0.0,0.0,0.0,0.0,0.21809369951534738,4.507269789983845,16.066235864297255,8.263327948303717,0.9450726978998386,0.9225466241494068,0.022546223481677282,0.0,0.0,0.0,0.0,0.0,0.0,0.0,0.0,0.0,0.0,0.0,0.0,0.0,0.0,0.0,0.0,0.0,0.0,0.0,0.0,0.0,0.0,0.0,0.0,0.0,0.1912452188695283,4.66638334041649,15.567360815979603,8.861028474288144,0.713982150446239,0.3894,0.01209,0.0,0.0,0.0,0.0,0.0,0.0,0.0,0.0,0.0,0.0,0.9935379644588047,23.142164781906267,5.852180936995155,0.012116316639741522,0.0,0.0,0.0,0.0,0.0,0.0,0.0,0.0,0.0,0.0,0.0,0.0,0.0,0.0,0.0,0.0,0.3896,0.0122,0.0,0.0,0.0,0.0,0.0,0.0,0.0,0.0,0.0,0.0,0.8924776880577987,23.17892052698679,5.928601784955378,0.0,0.0,0.0,0.0,0.0,0.0,0.0,0.0,0.0,0.0,0.0,0.0,0.0,0.0,0.0,0.0,0.0
33800,4883,2534,0.518943272578333,1172,1019,0.44869956993651444,1395,0.5713700593897194,0.39799999999999996,2.8786717752234994,2.991005493055569,6.298003072196621,2.1948786235310536,9529.186770428016,1613.840506098601,7853.0,11083.0,11083.0,0.0,7853.0,0.0,28.027646938357567,20.89498266488648,33.043010752688176,19.10739334592595,0.13925865246774524,0.10260086012697113,0.08806061847225066,0.08416956788859307,0.08232643866475527,0.07700184312922384,0.06983411836985459,0.060823264386647556,0.06061847225066557,0.055703460987098094,0.045463854187999184,0.041777595740323574,0.033381118165062465,0.02293671922998157,0.017407331558468155,0.011058775343026827,0.007577309031333196,0.9228117383334472,0.022737324420636047,0.0,0.0,0.0,0.0,0.0,0.0,0.0,0.0,0.0,0.0,0.0,0.0,0.0,0.0,0.0,0.0,0.0,0.0,0.0,0.0,0.0,0.0,0.0,0.0,0.0,0.2088879787016179,4.583248003276675,15.562154413270534,8.816301454024167,0.8294081507270122,4.165558721114277,2.826882931130608,nan,nan,nan,4.111111111111111,2.8273479655396305,4.223650385604113,2.8250360765958327,1.0273744181199196,0.3904,0.0123,0.0,0.0,0.0,0.0,0.0,0.0,0.0,0.0,0.0,0.0,0.860126971124309,22.701208273602262,6.438664755273399,0.0,0.0,0.0,0.0,0.0,0.0,0.0,0.0,0.0,0.0,0.0,0.0,0.0,0.0,0.0,0.0,0.0,nan,nan,4.165558721114277,2.826882931130608,nan,0.3904,0.05505,0.0,0.0,0.0,0.0,0.0,0.0,0.0,0.0,0.0,0.0,0.0,0.0,0.0,0.0,0.0,0.0,0.0,0.0,4.095842719639566e-05,0.001802170796641409,0.00010239606799098914,0.00024575056317837393,0.0006553348351423305,0.0008908457915216056,0.013127175916444809,0.0061540036862584475,0.0025906205201720253,0.0016690559082531231,0.0006246160147450338,0.019025189432725784,0.015257014130657384,0.018533688306369034,0.0339852549662093,0.012973581814458325,0.06379275035838623,0.05454638541879992,0.07560925660454638,0.08780462830227319,0.07573213188613558,0.04669260700389105,0.08954536145812,0.03661683391357772,0.1038910505836576,0.052682776981363914,0.02433954536145812,0.049324185951259474,0.019127585500716773,0.03028875691173459,0.017970509932418596,0.014724554577104238,0.012103215236534917,0.0068502969485971735,0.007208683186565636,0.0025599016997747285,0.0,0.0007884497235306164,3.071882039729674e-05,1.0239606799098915e-05,5.119803399549457e-05,3.071882039729674e-05,0.0,0.0,0.0,0.0,0.0,0.0,0.0,0.0,0.0,0.0,0.0,0.0,0.0,0.0,0.0,0.0,0.0,0.0,0.0,0.0,0.0,0.0,0.0,0.0,0.0,0.0,0.0,0.0,0.0,0.0,0.0,0.0,0.0,0.0,0.0,0.0,0.0,0.0,0.0,0.0,0.0,nan,nan,4.165558721114277,2.826882931130608,nan,0.9233229130671169,0.022449761307048354,0.0,0.0,0.0,0.0,0.0,0.0,0.0,0.0,0.0,0.0,0.0,0.0,0.0,0.0,0.0,0.0,0.0,0.0,0.0,0.0,0.0,0.0,0.0,0.0,0.0,0.17758484609313344,4.404104183109709,15.62746645619574,8.950276243093924,0.8405682715074982,0.9222603050532774,0.0230307942067838,0.0,0.0,0.0,0.0,0.0,0.0,0.0,0.0,0.0,0.0,0.0,0.0,0.0,0.0,0.0,0.0,0.0,0.0,0.0,0.0,0.0,0.0,0.0,0.0,0.0,0.24265644955300134,4.776500638569605,15.491698595146874,8.671775223499363,0.8173690932311624,0.3906,0.01219,0.0,0.0,0.0,0.0,0.0,0.0,0.0,0.0,0.0,0.0,0.7458563535911604,22.70718232044196,6.546961325966852,0.0,0.0,0.0,0.0,0.0,0.0,0.0,0.0,0.0,0.0,0.0,0.0,0.0,0.0,0.0,0.0,0.0,0.39,0.01241,0.0,0.0,0.0,0.0,0.0,0.0,0.0,0.0,0.0,0.0,0.9833971902937422,22.694763729246453,6.321839080459772,0.0,0.0,0.0,0.0,0.0,0.0,0.0,0.0,0.0,0.0,0.0,0.0,0.0,0.0,0.0,0.0,0.0
33900,4731,2456,0.5191291481716339,1143,952,0.4428239272880998,1304,0.5512576622278588,0.422,2.97010989010989,3.0512089099404496,6.37173579109063,2.2011168574632776,9529.787148594378,1613.8176316636823,7853.0,11083.0,11083.0,0.0,7853.0,0.0,28.792221517649544,21.469550748268023,33.74330077635863,19.708061403177556,0.13654618473895583,0.10209258084971465,0.09046713168463327,0.07905305432255337,0.07947579792855633,0.07228915662650602,0.06890720777848235,0.06256605368843796,0.061086451067427605,0.05072923272035511,0.04903825829634327,0.03783555273726485,0.03572183470725005,0.030226167829211583,0.02155992390615092,0.013950538998097653,0.008454872120059184,0.9228491545907792,0.023049632865038323,0.0,0.0,0.0,0.0,0.0,0.0,0.0,0.0,0.0,0.0,0.0,0.0,0.0,0.0,0.0,0.0,0.0,0.0,0.0,0.0,0.0,0.0,0.0,0.0,0.0,0.2409638554216868,4.375396322130628,15.78947368421053,8.649334178820547,0.944831959416614,4.224583197123243,2.8173510486871387,nan,nan,nan,4.185640362225097,2.825420690841235,4.264550264550264,2.8094440945655688,1.0188525280473972,0.3904,0.01197,0.0,0.0,0.0,0.0,0.0,0.0,0.0,0.0,0.0,0.0,0.6150919467343058,23.151553582752026,6.207989854153458,0.025364616360177557,0.0,0.0,0.0,0.0,0.0,0.0,0.0,0.0,0.0,0.0,0.0,0.0,0.0,0.0,0.0,0.0,nan,nan,4.224583197123243,2.8173510486871387,nan,0.3904,0.05524,0.0,0.0,0.0,0.0,0.0,0.0,0.0,0.0,0.0,0.0,0.0,0.0,0.0,0.0,0.0,0.0,0.0,0.0,0.0,0.002198266751215388,6.341154090044388e-05,0.0002113718030014796,0.0003804692454026633,0.0009194673430564363,0.012893679983090255,0.006711054745296977,0.002758402029169309,0.0014690340308602832,0.0005812724582540689,0.01876981610653139,0.013792010145846544,0.017036567321919258,0.03479179877404354,0.014109067850348763,0.06540900443880786,0.05470302261678292,0.07444514901712111,0.08807863031071655,0.07859860494610019,0.0443140984992602,0.08645106742760515,0.03685267385330797,0.10609807651659268,0.05047558655675333,0.024360600295920524,0.05042274360600296,0.018822659057281758,0.03000422743606003,0.018505601352779538,0.014584654407102092,0.01343267808074403,0.007059818220249418,0.007038681039949271,0.002811244979919679,6.341154090044388e-05,0.0005918410484041429,0.0,0.0,0.00019023462270133164,0.0,0.0,0.0,0.0,0.0,0.0,0.0,0.0,0.0,0.0,0.0,0.0,0.0,0.0,0.0,0.0,0.0,0.0,0.0,0.0,0.0,0.0,0.0,0.0,0.0,0.0,0.0,0.0,0.0,0.0,0.0,0.0,0.0,0.0,0.0,0.0,0.0,0.0,0.0,0.0,0.0,0.0,nan,nan,4.224583197123243,2.8173510486871387,nan,0.922715989939553,0.02265231387443054,0.0,0.0,0.0,0.0,0.0,0.0,0.0,0.0,0.0,0.0,0.0,0.0,0.0,0.0,0.0,0.0,0.0,0.0,0.0,0.0,0.0,0.0,0.0,0.0,0.0,0.23208469055374598,4.226384364820848,16.18485342019544,8.428338762214985,0.9283387622149839,0.922992913880191,0.02347016605459593,0.0,0.0,0.0,0.0,0.0,0.0,0.0,0.0,0.0,0.0,0.0,0.0,0.0,0.0,0.0,0.0,0.0,0.0,0.0,0.0,0.0,0.0,0.0,0.0,0.0,0.2505494505494506,4.536263736263737,15.362637362637367,8.88791208791209,0.9626373626373629,0.3904,0.01198,0.0,0.0,0.0,0.0,0.0,0.0,0.0,0.0,0.0,0.0,0.6351791530944627,23.318403908794757,6.021986970684041,0.024429967426710105,0.0,0.0,0.0,0.0,0.0,0.0,0.0,0.0,0.0,0.0,0.0,0.0,0.0,0.0,0.0,0.0,0.3906,0.011955,0.0,0.0,0.0,0.0,0.0,0.0,0.0,0.0,0.0,0.0,0.5934065934065935,22.97142857142854,6.40879120879121,0.02637362637362638,0.0,0.0,0.0,0.0,0.0,0.0,0.0,0.0,0.0,0.0,0.0,0.0,0.0,0.0,0.0,0.0
34000,4957,2563,0.5170466007665927,1215,1005,0.4478515230986484,1393,0.5620334879967722,0.414,2.9724310776942358,3.057796125889585,6.483063328424153,2.12688631630128,9523.060520476094,1614.0611323877733,7853.0,11083.0,11083.0,0.0,7853.0,0.0,28.212830340932015,20.91468237078036,33.24356816542438,19.06699862355903,0.14161791406092394,0.09703449667137382,0.09259632842445027,0.07968529352430906,0.08049223320556788,0.07565059511801493,0.06959854750857374,0.06415170466007666,0.059713536413153114,0.05245107928182369,0.048214645955214845,0.042566068186403065,0.03348799677224128,0.02925156344563244,0.01755093806737946,0.010691950776679443,0.005245107928182368,0.9227928437242976,0.023093369964053825,0.0,0.0,0.0,0.0,0.0,0.0,0.0,0.0,0.0,0.0,0.0,0.0,0.0,0.0,0.0,0.0,0.0,0.0,0.0,0.0,0.0,0.0,0.0,0.0,0.0,0.22997780915876542,4.551139802299779,15.74137583215655,8.521283034093203,0.9562235222917089,4.215442092154421,2.7885704542208596,nan,nan,nan,4.278780336029869,2.815317955304118,4.15202492211838,2.760074259577449,0.9703758071326697,0.3904,0.0122,0.0,0.0,0.0,0.0,0.0,0.0,0.0,0.0,0.0,0.0,0.7504539035707083,22.61044986887227,6.639096227556991,0.0,0.0,0.0,0.0,0.0,0.0,0.0,0.0,0.0,0.0,0.0,0.0,0.0,0.0,0.0,0.0,0.0,nan,nan,4.215442092154421,2.7885704542208596,nan,0.3904,0.05563,0.0,0.0,0.0,0.0,0.0,0.0,0.0,0.0,0.0,0.0,0.0,0.0,0.0,0.0,0.0,0.0,0.0,0.0,3.0260238047205972e-05,0.0022594311075247123,1.0086746015735325e-05,0.0001613879362517652,0.0002723421424248537,0.0007867661892273553,0.013314504740770627,0.007242283639297962,0.0033185394391769215,0.0015634456324389752,0.0004236433326608836,0.019497680048416382,0.013193463788581803,0.016965906798466816,0.03613072422836393,0.013788581803510188,0.06489812386524108,0.05500302602380472,0.07162598345773653,0.09079080088763365,0.07550938067379463,0.04246520072624571,0.08702844462376437,0.03957030461972968,0.10403469840629413,0.05071615896711721,0.02620536614888037,0.046923542465200724,0.021131732902965505,0.030502319951583617,0.017268509178938875,0.014555174500706073,0.014585434738753279,0.007030461972967521,0.007817228162194876,0.0025115997579180957,8.06939681258826e-05,0.0007363324591486786,0.0,0.0,5.043373007867662e-05,0.0,0.0,0.0,0.0,0.0,0.0,0.0,0.0,0.0,0.0,0.0,0.0,0.0,0.0,0.0,0.0,0.0,0.0,0.0,0.0,0.0,0.0,0.0,0.0,0.0,0.0,0.0,0.0,0.0,0.0,0.0,0.0,0.0,0.0,0.0,0.0,0.0,0.0,0.0,0.0,0.0,0.0,nan,nan,4.215442092154421,2.7885704542208596,nan,0.9223948916419614,0.023111084854380196,0.0,0.0,0.0,0.0,0.0,0.0,0.0,0.0,0.0,0.0,0.0,0.0,0.0,0.0,0.0,0.0,0.0,0.0,0.0,0.0,0.0,0.0,0.0,0.0,0.0,0.2458056964494733,4.588373000390169,15.942255169722984,8.29886851346079,0.9246976199765901,0.923218888497492,0.023066781069691913,0.0,0.0,0.0,0.0,0.0,0.0,0.0,0.0,0.0,0.0,0.0,0.0,0.0,0.0,0.0,0.0,0.0,0.0,0.0,0.0,0.0,0.0,0.0,0.0,0.0,0.21303258145363413,4.511278195488723,15.526315789473687,8.759398496240603,0.9899749373433586,0.3906,0.01236,0.0,0.0,0.0,0.0,0.0,0.0,0.0,0.0,0.0,0.0,0.8076472883339838,22.21615294576665,6.976199765899338,0.0,0.0,0.0,0.0,0.0,0.0,0.0,0.0,0.0,0.0,0.0,0.0,0.0,0.0,0.0,0.0,0.0,0.3904,0.01203,0.0,0.0,0.0,0.0,0.0,0.0,0.0,0.0,0.0,0.0,0.6892230576441105,23.03258145363405,6.278195488721806,0.0,0.0,0.0,0.0,0.0,0.0,0.0,0.0,0.0,0.0,0.0,0.0,0.0,0.0,0.0,0.0,0.0
34100,4736,2459,0.519214527027027,1144,971,0.4465793918918919,1321,0.5578547297297297,0.418,2.924901185770751,3.0396413368420476,6.448553054662379,2.0671421539130392,9530.062922297297,1613.807049704493,7853.0,11083.0,11083.0,0.0,7853.0,0.0,28.040118243243242,21.044005421383254,33.12089853609288,19.25574505747908,0.14189189189189189,0.09987331081081081,0.0929054054054054,0.08467060810810811,0.0772804054054054,0.07369087837837837,0.07326858108108109,0.06608952702702703,0.0551097972972973,0.05046452702702703,0.04603040540540541,0.041385135135135136,0.03125,0.028505067567567568,0.01984797297297297,0.008657094594594595,0.009079391891891891,0.9222309667164007,0.02264317171808416,0.0,0.0,0.0,0.0,0.0,0.0,0.0,0.0,0.0,0.0,0.0,0.0,0.0,0.0,0.0,0.0,0.0,0.0,0.0,0.0,0.0,0.0,0.0,0.0,0.0,0.2407094594594595,4.6178209459459465,15.804476351351354,8.633868243243246,0.7031250000000002,4.203406485424173,2.823482816554554,nan,nan,nan,4.260273972602739,2.8765818626644792,4.146052631578947,2.767715226712691,0.9731892029108141,0.3909,0.01188,0.0,0.0,0.0,0.0,0.0,0.0,0.0,0.0,0.0,0.0,0.5764358108108109,22.753378378378343,6.663851351351353,0.006334459459459461,0.0,0.0,0.0,0.0,0.0,0.0,0.0,0.0,0.0,0.0,0.0,0.0,0.0,0.0,0.0,0.0,nan,nan,4.203406485424173,2.823482816554554,nan,0.3909,0.0557,0.0,0.0,0.0,0.0,0.0,0.0,0.0,0.0,0.0,0.0,0.0,0.0,0.0,0.0,0.0,0.0,0.0,0.0,0.0,0.0027977195945945946,0.0,0.0004434121621621622,0.0001900337837837838,0.001002956081081081,0.013165118243243243,0.005954391891891892,0.002734375,0.0014991554054054055,0.0004961993243243244,0.01922508445945946,0.015171030405405406,0.01441089527027027,0.0382495777027027,0.014548141891891892,0.06319679054054055,0.05085515202702703,0.07318412162162162,0.08912584459459459,0.07256123310810811,0.0422191722972973,0.08954814189189189,0.04232474662162162,0.10326224662162162,0.05099239864864865,0.027839949324324324,0.047941300675675674,0.022075591216216217,0.029993665540540542,0.016955236486486485,0.01418918918918919,0.01627956081081081,0.006936233108108108,0.007136824324324324,0.002734375,0.00017947635135135136,0.000559543918918919,2.1114864864864866e-05,0.0,0.0,0.0,0.0,0.0,0.0,0.0,0.0,0.0,0.0,0.0,0.0,0.0,0.0,0.0,0.0,0.0,0.0,0.0,0.0,0.0,0.0,0.0,0.0,0.0,0.0,0.0,0.0,0.0,0.0,0.0,0.0,0.0,0.0,0.0,0.0,0.0,0.0,0.0,0.0,0.0,0.0,0.0,0.0,nan,nan,4.203406485424173,2.823482816554554,nan,0.9222767527823819,0.022556936288302614,0.0,0.0,0.0,0.0,0.0,0.0,0.0,0.0,0.0,0.0,0.0,0.0,0.0,0.0,0.0,0.0,0.0,0.0,0.0,0.0,0.0,0.0,0.0,0.0,0.0,0.2562017080113868,4.501830012200082,16.03090687271249,8.503456689711266,0.7076047173647826,0.9221815209824316,0.022735829027197146,0.0,0.0,0.0,0.0,0.0,0.0,0.0,0.0,0.0,0.0,0.0,0.0,0.0,0.0,0.0,0.0,0.0,0.0,0.0,0.0,0.0,0.0,0.0,0.0,0.0,0.2239789196310936,4.74308300395257,15.559947299077738,8.774703557312254,0.6982872200263507,0.391,0.0118,0.0,0.0,0.0,0.0,0.0,0.0,0.0,0.0,0.0,0.0,0.5856039040260269,22.801952013013388,6.612444082960555,0.0,0.0,0.0,0.0,0.0,0.0,0.0,0.0,0.0,0.0,0.0,0.0,0.0,0.0,0.0,0.0,0.0,0.3909,0.01196,0.0,0.0,0.0,0.0,0.0,0.0,0.0,0.0,0.0,0.0,0.5665349143610015,22.700922266139624,6.7193675889328075,0.013175230566534918,0.0,0.0,0.0,0.0,0.0,0.0,0.0,0.0,0.0,0.0,0.0,0.0,0.0,0.0,0.0,0.0
34200,4865,2482,0.510174717368962,1206,1023,0.4581706063720452,1407,0.5784172661870504,0.39399999999999996,2.946286193873269,3.069561735139271,6.503617945007236,2.2073226886249544,9500.864337101748,1614.6655800341018,7853.0,11083.0,11083.0,0.0,7853.0,0.0,27.901336073997946,20.64790546933041,32.774358974358975,18.86490437990818,0.13854059609455294,0.0947584789311408,0.0867420349434738,0.0908530318602261,0.0908530318602261,0.07605344295991778,0.06721479958890031,0.06598150051387461,0.06002055498458376,0.05344295991778006,0.044809866392600206,0.03987667009249743,0.030626927029804726,0.026927029804727647,0.015827338129496403,0.012127440904419322,0.005344295991778006,0.9209460823410952,0.02333601699507396,0.0,0.0,0.0,0.0,0.0,0.0,0.0,0.0,0.0,0.0,0.0,0.0,0.0,0.0,0.0,0.0,0.0,0.0,0.0,0.0,0.0,0.0,0.0,0.0,0.00616649537512847,0.21582733812949645,5.352517985611512,15.576567317574515,8.053442959917781,0.7954779033915726,4.216173694147263,2.8893202294540745,nan,nan,nan,4.1713197969543145,2.913924174665403,4.260299625468165,2.864224098338934,1.0213313370456083,0.3909,0.01216,0.0,0.0,0.0,0.0,0.0,0.0,0.0,0.0,0.0,0.0,0.7029804727646456,22.49537512846862,6.801644398766703,0.0,0.0,0.0,0.0,0.0,0.0,0.0,0.0,0.0,0.0,0.0,0.0,0.0,0.0,0.0,0.0,0.0,nan,nan,4.216173694147263,2.8893202294540745,nan,0.3909,0.0559,0.0,0.0,0.0,0.0,0.0,0.0,0.0,0.0,0.0,0.0,0.0,0.0,0.0,0.0,0.0,0.0,0.0,0.0,0.0,0.002589928057553957,0.0,0.000421377183967112,0.00028776978417266187,0.001264131551901336,0.013597122302158274,0.005169578622816033,0.0025693730729701952,0.0014799588900308324,0.0007605344295991778,0.02050359712230216,0.015354573484069886,0.015159301130524152,0.04012332990750257,0.014480986639260021,0.060842754367934224,0.05076053442959918,0.0737410071942446,0.08729701952723536,0.07416238437821171,0.04098663926002055,0.09078108941418293,0.04317574511819116,0.10132579650565263,0.04890030832476876,0.028119218910585816,0.046896197327852,0.022569373072970196,0.03092497430626927,0.01644398766700925,0.014203494347379239,0.017420349434737924,0.006875642343268242,0.007841726618705035,0.002394655704008222,0.0001233299075025694,0.0004316546762589928,0.0,0.0,2.0554984583761563e-05,0.0,0.0,0.0,0.0,0.0,0.0,0.0,0.0,0.0,0.0,0.0,0.0,0.0,0.0,0.0,0.0,0.0,0.0,0.0,0.0,0.0,0.0,0.0,0.0,0.0,0.0,0.0,0.0,0.0,0.0,0.0,0.0,0.0,0.0,0.0,0.0,0.0,0.0,0.0,0.0,0.0,0.0,nan,nan,4.216173694147263,2.8893202294540745,nan,0.9212885376044957,0.023434649608312815,0.0,0.0,0.0,0.0,0.0,0.0,0.0,0.0,0.0,0.0,0.0,0.0,0.0,0.0,0.0,0.0,0.0,0.0,0.0,0.0,0.0,0.0,0.0,0.0,0.0,0.22965350523771158,5.197421434327157,15.556003223207094,8.182917002417406,0.8340048348106368,0.9205894000231094,0.023227474199478487,0.0,0.0,0.0,0.0,0.0,0.0,0.0,0.0,0.0,0.0,0.0,0.0,0.0,0.0,0.0,0.0,0.0,0.0,0.0,0.0,0.0,0.0,0.0,0.0,0.012589173310952584,0.20142677297524134,5.514057910197232,15.597985732270251,7.918590012589175,0.755350398657155,0.3909,0.012115,0.0,0.0,0.0,0.0,0.0,0.0,0.0,0.0,0.0,0.0,0.6406124093473008,22.759871071716326,6.599516518936343,0.0,0.0,0.0,0.0,0.0,0.0,0.0,0.0,0.0,0.0,0.0,0.0,0.0,0.0,0.0,0.0,0.0,0.3909,0.012215,0.0,0.0,0.0,0.0,0.0,0.0,0.0,0.0,0.0,0.0,0.7679395719681076,22.21989089383127,7.012169534200589,0.0,0.0,0.0,0.0,0.0,0.0,0.0,0.0,0.0,0.0,0.0,0.0,0.0,0.0,0.0,0.0,0.0
34300,4903,2494,0.5086681623495819,1116,1024,0.43646746889659394,1432,0.584132163981236,0.39799999999999996,2.9356579493565795,3.0243941776874914,6.3694444444444445,2.1336353229542353,9495.99816438915,1614.7572891276382,7853.0,11083.0,11083.0,0.0,7853.0,0.0,28.66265551703039,21.243919273604867,33.52761032071377,19.480989283956294,0.13563124617581074,0.09545176422598409,0.09096471548031818,0.0923924128084846,0.07811543952682032,0.06995716908015501,0.06893738527432185,0.06200285539465633,0.059351417499490106,0.053028757903324494,0.04385070365082602,0.048541709157658576,0.034876606159494186,0.02834998980216194,0.017132367937997144,0.012441362431164593,0.008974097491331838,0.9211697482756394,0.022379687609509962,0.0,0.0,0.0,0.0,0.0,0.0,0.0,0.0,0.0,0.0,0.0,0.0,0.0,0.0,0.0,0.0,0.0,0.0,0.0,0.0,0.0,0.0,0.0,0.0,0.006118702834998982,0.22027330205996334,4.92555578217418,16.04935753620233,8.168468284723641,0.6302263920048952,4.228686994399502,2.80039751040413,nan,nan,nan,4.164494103041589,2.800794542616936,4.294007490636704,2.7992020523323413,1.0310994287398616,0.3909,0.012535,0.0,0.0,0.0,0.0,0.0,0.0,0.0,0.0,0.0,0.0,0.8810932082398534,22.12522945135628,6.987558637568837,0.006118702834998982,0.0,0.0,0.0,0.0,0.0,0.0,0.0,0.0,0.0,0.0,0.0,0.0,0.0,0.0,0.0,0.0,nan,nan,4.228686994399502,2.80039751040413,nan,0.3909,0.05536,0.0,0.0,0.0,0.0,0.0,0.0,0.0,0.0,0.0,0.0,0.0,0.0,0.0,0.0,0.0,0.0,2.0395676116663267e-05,3.05935141749949e-05,0.0,0.002070161125841322,1.0197838058331634e-05,0.0004894962267999184,0.00015296757087497452,0.001254334081174791,0.01348154191311442,0.005098919029165817,0.0024066897817662655,0.0012135427289414644,0.0008872119110748521,0.01954925555782174,0.015704670609830718,0.016071792779930656,0.041444013869059756,0.01317560677136447,0.05998368345910667,0.04737915561900877,0.07596369569651235,0.08654905160106058,0.07363858861921273,0.04199469712420967,0.09654293289822558,0.046532735060167245,0.10013257189475831,0.04713440750560881,0.029492147664695084,0.04307566795839282,0.022496430756679585,0.031633693656944725,0.01565368141953906,0.014654293289822557,0.016612278197022233,0.00749541097287375,0.007597389353457067,0.0016214562512747298,0.00026514378951662245,0.0004487048745665919,2.0395676116663267e-05,1.0197838058331634e-05,1.0197838058331634e-05,0.0,0.0,0.0,0.0,0.0,0.0,0.0,0.0,0.0,0.0,0.0,0.0,0.0,0.0,0.0,0.0,0.0,0.0,0.0,0.0,0.0,0.0,0.0,0.0,0.0,0.0,0.0,0.0,0.0,0.0,0.0,0.0,0.0,0.0,0.0,0.0,0.0,0.0,0.0,0.0,0.0,0.0,nan,nan,4.228686994399502,2.80039751040413,nan,0.9210324743172601,0.022424038091922886,0.0,0.0,0.0,0.0,0.0,0.0,0.0,0.0,0.0,0.0,0.0,0.0,0.0,0.0,0.0,0.0,0.0,0.0,0.0,0.0,0.0,0.0,0.0,0.0,0.0,0.21651964715316765,5.052125100240579,15.817963111467526,8.287890938251806,0.6255012028869288,0.9213118658564604,0.022332790507188744,0.0,0.0,0.0,0.0,0.0,0.0,0.0,0.0,0.0,0.0,0.0,0.0,0.0,0.0,0.0,0.0,0.0,0.0,0.0,0.0,0.0,0.0,0.0,0.0,0.012453300124533004,0.22415940224159406,4.794520547945206,16.28891656288917,8.04483188044832,0.6351183063511832,0.3909,0.01225,0.0,0.0,0.0,0.0,0.0,0.0,0.0,0.0,0.0,0.0,0.781876503608661,22.578187650360835,6.6399358460304745,0.0,0.0,0.0,0.0,0.0,0.0,0.0,0.0,0.0,0.0,0.0,0.0,0.0,0.0,0.0,0.0,0.0,0.391,0.012825,0.0,0.0,0.0,0.0,0.0,0.0,0.0,0.0,0.0,0.0,0.9838107098381073,21.656288916562858,7.347447073474473,0.012453300124533004,0.0,0.0,0.0,0.0,0.0,0.0,0.0,0.0,0.0,0.0,0.0,0.0,0.0,0.0,0.0,0.0
34400,4817,2536,0.5264687564874403,1211,952,0.4490346688810463,1300,0.5397550342536849,0.438,2.920648838228847,3.0879719874141585,6.610474631751227,2.1480752859942247,9553.494083454432,1612.7354903065432,7853.0,11083.0,11083.0,0.0,7853.0,0.0,28.025534565082,21.015953583246738,33.17238805970149,19.196609976651562,0.14386547643761677,0.09653311189537056,0.09445713099439486,0.08677600166078472,0.07307452771434503,0.08200124558854059,0.06186423084907619,0.06643138883122275,0.06020344612829562,0.05210712061449035,0.04920074735312435,0.03861324475814822,0.030932115424538095,0.023250986090927964,0.021382603280049824,0.01141789495536641,0.007888727423707702,0.9215670798560854,0.022947023980234287,0.0,0.0,0.0,0.0,0.0,0.0,0.0,0.0,0.0,0.0,0.0,0.0,0.0,0.0,0.0,0.0,0.0,0.0,0.0,0.0,0.0,0.0,0.0,0.0,0.0,0.21175005189952256,4.982354162341707,15.700643554079306,8.395266763545777,0.7099854681336933,4.198201092194025,2.9012392494965384,nan,nan,nan,4.125482625482626,2.8579103894453497,4.270686337395767,2.942006310756832,1.035196781830139,0.3916,0.012024,0.0,0.0,0.0,0.0,0.0,0.0,0.0,0.0,0.0,0.0,0.6103383848868591,22.246211334855687,7.143450280257423,0.0,0.0,0.0,0.0,0.0,0.0,0.0,0.0,0.0,0.0,0.0,0.0,0.0,0.0,0.0,0.0,0.0,nan,nan,4.198201092194025,2.9012392494965384,nan,0.3916,0.05576,0.0,0.0,0.0,0.0,0.0,0.0,0.0,0.0,0.0,0.0,0.0,0.0,0.0,0.0,0.0,0.0,0.0,1.0379904504878555e-05,0.0,0.0024911770811708533,3.113971351463567e-05,0.0007265933153414989,0.00031139713514635666,0.0012040689225659123,0.013919451941042143,0.0056051484326344195,0.0023666182271123107,0.0012040689225659123,0.0012663483495951838,0.01889142619887897,0.013172098816690887,0.017064563006020345,0.039973012248287317,0.012051069130164002,0.05870873987959311,0.04892048993149263,0.0731368071413743,0.08598712891841395,0.07228565497197426,0.040512767282541,0.0986921320323853,0.04581689848453394,0.10179572347934399,0.05034253684866099,0.029489308698359976,0.04221507162134108,0.023012248287315757,0.0329146771849699,0.016493668258252023,0.014760224205937306,0.016566327589786174,0.008200124558854058,0.0076188499065808594,0.0017438239568195973,6.227942702927134e-05,0.00041519618019514223,2.075980900975711e-05,0.0,0.0,0.0,0.0,0.0,0.0,0.0,0.0,0.0,0.0,0.0,0.0,0.0,0.0,0.0,0.0,0.0,0.0,0.0,0.0,0.0,0.0,0.0,0.0,0.0,0.0,0.0,0.0,0.0,0.0,0.0,0.0,0.0,0.0,0.0,0.0,0.0,0.0,0.0,0.0,0.0,0.0,0.0,0.0,nan,nan,4.198201092194025,2.9012392494965384,nan,0.9210065035883936,0.023117151425179814,0.0,0.0,0.0,0.0,0.0,0.0,0.0,0.0,0.0,0.0,0.0,0.0,0.0,0.0,0.0,0.0,0.0,0.0,0.0,0.0,0.0,0.0,0.0,0.0,0.0,0.2129337539432177,5.086750788643535,15.934542586750792,7.985015772870664,0.7807570977917982,0.9221903246675129,0.022740167566811652,0.0,0.0,0.0,0.0,0.0,0.0,0.0,0.0,0.0,0.0,0.0,0.0,0.0,0.0,0.0,0.0,0.0,0.0,0.0,0.0,0.0,0.0,0.0,0.0,0.0,0.21043402016659365,4.8662867163524774,15.440596229723809,8.851380973257346,0.6313020604997809,0.3916,0.011894,0.0,0.0,0.0,0.0,0.0,0.0,0.0,0.0,0.0,0.0,0.5796529968454259,22.429022082018896,6.991324921135648,0.0,0.0,0.0,0.0,0.0,0.0,0.0,0.0,0.0,0.0,0.0,0.0,0.0,0.0,0.0,0.0,0.0,0.3916,0.012184,0.0,0.0,0.0,0.0,0.0,0.0,0.0,0.0,0.0,0.0,0.644454186760193,22.04296361245065,7.312582200789129,0.0,0.0,0.0,0.0,0.0,0.0,0.0,0.0,0.0,0.0,0.0,0.0,0.0,0.0,0.0,0.0,0.0
34500,4914,2595,0.5280830280830281,1257,974,0.454008954008954,1374,0.5592185592185592,0.39799999999999996,3.058214747736093,3.0890995469237468,6.523809523809524,2.1490650817561536,9558.708180708181,1612.4506274465002,7853.0,11083.0,11083.0,0.0,7853.0,0.0,28.349206349206348,20.830325848389748,33.164218637129785,19.05542123572342,0.1339031339031339,0.09747659747659748,0.09259259259259259,0.08180708180708181,0.07794057794057795,0.08241758241758242,0.07183557183557183,0.06817256817256817,0.05636955636955637,0.05046805046805047,0.045177045177045176,0.04253154253154253,0.03622303622303622,0.028286528286528285,0.019536019536019536,0.009564509564509565,0.005698005698005698,0.922206761805954,0.02311596126915414,0.0,0.0,0.0,0.0,0.0,0.0,0.0,0.0,0.0,0.0,0.0,0.0,0.0,0.0,0.0,0.0,0.0,0.0,0.0,0.0,0.0,0.0,0.0,0.0,0.0,0.27472527472527475,4.554334554334555,15.94627594627595,8.400488400488403,0.8241758241758244,4.201926063995029,2.874875799059786,nan,nan,nan,4.1235330450895615,2.814338715102418,4.28125,2.9327288380448677,1.03824801527861,0.3918,0.01179,0.0,0.0,0.0,0.0,0.0,0.0,0.0,0.0,0.0,0.0,0.45787545787545797,22.100122100122068,7.435897435897437,0.006105006105006107,0.0,0.0,0.0,0.0,0.0,0.0,0.0,0.0,0.0,0.0,0.0,0.0,0.0,0.0,0.0,0.0,nan,nan,4.201926063995029,2.874875799059786,nan,0.3918,0.05582,0.0,0.0,0.0,0.0,0.0,0.0,0.0,0.0,0.0,0.0,0.0,0.0,0.0,0.0,0.0,0.0,0.0,2.035002035002035e-05,1.0175010175010176e-05,0.0016992266992266992,1.0175010175010176e-05,0.0011294261294261295,0.0002442002442002442,0.0011192511192511193,0.013766788766788766,0.006796906796906797,0.0020757020757020757,0.0010785510785510785,0.002035002035002035,0.020309320309320308,0.011894586894586895,0.016066341066341066,0.04187016687016687,0.011691086691086691,0.0586996336996337,0.04833129833129833,0.07126577126577127,0.08358770858770859,0.06945461945461945,0.04016076516076516,0.10170940170940171,0.04598087098087098,0.10157712657712657,0.0519027269027269,0.028652828652828654,0.04351851851851852,0.024765974765974766,0.03432030932030932,0.015974765974765975,0.014977614977614977,0.015160765160765161,0.007905982905982906,0.007905982905982906,0.0015873015873015873,9.157509157509158e-05,0.0005901505901505902,6.105006105006105e-05,0.0,0.0,0.0,0.0,0.0,0.0,0.0,0.0,0.0,0.0,0.0,0.0,0.0,0.0,0.0,0.0,0.0,0.0,0.0,0.0,0.0,0.0,0.0,0.0,0.0,0.0,0.0,0.0,0.0,0.0,0.0,0.0,0.0,0.0,0.0,0.0,0.0,0.0,0.0,0.0,0.0,0.0,0.0,0.0,nan,nan,4.201926063995029,2.874875799059786,nan,0.9225102871598996,0.0231308681937803,0.0,0.0,0.0,0.0,0.0,0.0,0.0,0.0,0.0,0.0,0.0,0.0,0.0,0.0,0.0,0.0,0.0,0.0,0.0,0.0,0.0,0.0,0.0,0.0,0.0,0.28901734104046245,4.635838150289018,15.676300578034684,8.612716763005782,0.786127167630058,0.9218671118303228,0.023094539678349933,0.0,0.0,0.0,0.0,0.0,0.0,0.0,0.0,0.0,0.0,0.0,0.0,0.0,0.0,0.0,0.0,0.0,0.0,0.0,0.0,0.0,0.0,0.0,0.0,0.0,0.25873221216041403,4.463130659767142,16.248382923674,8.163001293661063,0.866752910737387,0.3916,0.011536,0.0,0.0,0.0,0.0,0.0,0.0,0.0,0.0,0.0,0.0,0.42774566473988446,22.612716763005746,6.9595375722543364,0.0,0.0,0.0,0.0,0.0,0.0,0.0,0.0,0.0,0.0,0.0,0.0,0.0,0.0,0.0,0.0,0.0,0.392,0.01206,0.0,0.0,0.0,0.0,0.0,0.0,0.0,0.0,0.0,0.0,0.49159120310478666,21.52652005174641,7.968952134540752,0.012936610608020701,0.0,0.0,0.0,0.0,0.0,0.0,0.0,0.0,0.0,0.0,0.0,0.0,0.0,0.0,0.0,0.0
34600,4777,2476,0.5183169353150513,1124,1008,0.44630521247644966,1356,0.5677203265647897,0.41,2.9734897870491093,3.0585609064303747,6.576,2.086390184025989,9527.163701067615,1613.9159384788236,7853.0,11083.0,11083.0,0.0,7853.0,0.0,27.172911869374083,20.526058200985197,32.19638372677047,18.792881170900394,0.14548880050240737,0.1042495289930919,0.09503872723466611,0.08771195310864559,0.07787314213941804,0.08038517898262508,0.07012769520619636,0.06238224827297467,0.05819552020096295,0.04877538203893657,0.04396064475612309,0.037889889051706094,0.03537785220849906,0.021980322378061544,0.01632823948084572,0.008582792547624032,0.005652082897215826,0.9216481949685632,0.02317017390892826,0.0,0.0,0.0,0.0,0.0,0.0,0.0,0.0,0.0,0.0,0.0,0.0,0.0,0.0,0.0,0.0,0.0,0.0,0.0,0.0,0.0,0.0,0.0,0.0,0.0,0.2637638685367386,4.841951015281558,15.775591375340175,8.339962319447354,0.7787314213941806,4.32596502804355,2.84447559714079,nan,nan,nan,4.475442043222004,2.8810549208331873,4.1743180306054555,2.7996208131209,0.9327163641695245,0.3926,0.011856,0.0,0.0,0.0,0.0,0.0,0.0,0.0,0.0,0.0,0.0,0.38308561858907275,21.672597864768655,7.93175633242621,0.012560184216035171,0.0,0.0,0.0,0.0,0.0,0.0,0.0,0.0,0.0,0.0,0.0,0.0,0.0,0.0,0.0,0.0,nan,nan,4.32596502804355,2.84447559714079,nan,0.3926,0.05557,0.0,0.0,0.0,0.0,0.0,0.0,0.0,0.0,0.0,0.0,0.0,0.0,0.0,0.0,0.0,0.0,0.0,0.0,0.0,0.0011722838601632825,0.0,0.001329286162863722,9.420138162026377e-05,0.0013502198032237806,0.01284278836089596,0.006730165375758845,0.0021666317772660666,0.0007640778731421394,0.0016223571279045427,0.017908729328030143,0.011660037680552649,0.01648524178354616,0.041699811597236756,0.012193845509734142,0.06087502616705045,0.047383294954992675,0.07124764496545949,0.08454050659409672,0.0677098597446096,0.040757797781034125,0.09902658572325727,0.0463575465773498,0.10202009629474566,0.051004814737282814,0.03036424534226502,0.046043541971948924,0.024680761984509105,0.03476030981787733,0.01555369478752355,0.014632614611680972,0.015647896169143815,0.007682646012141511,0.008666527109064267,0.0020305631149256857,0.00013606866234038099,0.0008373456144023446,2.0933640360058613e-05,0.0,0.0,0.0,0.0,0.0,0.0,0.0,0.0,0.0,0.0,0.0,0.0,0.0,0.0,0.0,0.0,0.0,0.0,0.0,0.0,0.0,0.0,0.0,0.0,0.0,0.0,0.0,0.0,0.0,0.0,0.0,0.0,0.0,0.0,0.0,0.0,0.0,0.0,0.0,0.0,0.0,0.0,0.0,0.0,nan,nan,4.32596502804355,2.84447559714079,nan,0.9219590191261449,0.0229601373373321,0.0,0.0,0.0,0.0,0.0,0.0,0.0,0.0,0.0,0.0,0.0,0.0,0.0,0.0,0.0,0.0,0.0,0.0,0.0,0.0,0.0,0.0,0.0,0.0,0.0,0.31502423263327956,4.531502423263329,15.896607431340875,8.52988691437803,0.7269789983844913,0.9213137314248117,0.02338946507089787,0.0,0.0,0.0,0.0,0.0,0.0,0.0,0.0,0.0,0.0,0.0,0.0,0.0,0.0,0.0,0.0,0.0,0.0,0.0,0.0,0.0,0.0,0.0,0.0,0.0,0.20860495436766627,5.176010430247719,15.64537157757497,8.135593220338984,0.8344198174706651,0.3923,0.01195,0.0,0.0,0.0,0.0,0.0,0.0,0.0,0.0,0.0,0.0,0.49676898222940236,21.676090468497545,7.815024232633281,0.012116316639741522,0.0,0.0,0.0,0.0,0.0,0.0,0.0,0.0,0.0,0.0,0.0,0.0,0.0,0.0,0.0,0.0,0.3928,0.01176,0.0,0.0,0.0,0.0,0.0,0.0,0.0,0.0,0.0,0.0,0.26075619295958286,21.6688396349413,8.05736636245111,0.013037809647979142,0.0,0.0,0.0,0.0,0.0,0.0,0.0,0.0,0.0,0.0,0.0,0.0,0.0,0.0,0.0,0.0
34700,4717,2425,0.5140979436082256,1147,959,0.4464702141191435,1317,0.5584057663769345,0.43,2.9960732984293195,3.1873553527516507,6.843393148450245,2.2815544278542594,9513.53635785457,1614.3579033514657,7853.0,11083.0,11083.0,0.0,7853.0,0.0,27.572821708713164,20.82357845068542,32.713267125031834,19.038132955681174,0.14691541233835065,0.09836760652957388,0.09539961840152639,0.08289166843332627,0.07886368454526183,0.07504769980920076,0.07610769556921772,0.06508373966504134,0.05533177867288531,0.050879796480814074,0.044731821072715706,0.03858384566461734,0.03137587449650201,0.026287894848420607,0.015263938944244222,0.011447954208183167,0.007419970320118719,0.9212532209874918,0.02349959513927948,0.0,0.0,0.0,0.0,0.0,0.0,0.0,0.0,0.0,0.0,0.0,0.0,0.0,0.0,0.0,0.0,0.0,0.0,0.0,0.0,0.0,0.0,0.0,0.0,0.006359974560101761,0.25439898240407044,5.323298706805175,15.365698537205855,8.185287258850966,0.8649565401738395,4.370222665337321,2.9146249959478028,nan,nan,nan,4.405933917734322,2.8885370890557964,4.334426229508197,2.9399947165058826,0.9837701405510646,0.3923,0.01234,0.0,0.0,0.0,0.0,0.0,0.0,0.0,0.0,0.0,0.0,0.4706381174475303,21.33135467458127,8.19800720797117,0.0,0.0,0.0,0.0,0.0,0.0,0.0,0.0,0.0,0.0,0.0,0.0,0.0,0.0,0.0,0.0,0.0,nan,nan,4.370222665337321,2.9146249959478028,nan,0.3923,0.05618,0.0,0.0,0.0,0.0,0.0,0.0,0.0,0.0,0.0,0.0,0.0,0.0,0.0,0.0,1.0599957600169599e-05,0.0,0.0,0.0,0.0,0.0010917956328174688,0.0,0.0017807928768284926,7.419970320118719e-05,0.0009115963536145855,0.014426542293830825,0.006699173203307187,0.002035191859232563,0.0007843968624125504,0.0018761924952300192,0.017818528725885095,0.009836760652957388,0.018645325418698327,0.04075683697265211,0.01270934916260335,0.06304854780580878,0.04835700657197371,0.06972652109391562,0.08741785032859868,0.06369514521941912,0.038499046003815984,0.09768920924316303,0.04755140979436082,0.10102819588721645,0.05110239559041764,0.03070807716769133,0.04557981768072928,0.02404070383718465,0.034990460038159844,0.015931736273054907,0.014627941488234047,0.015465338138647445,0.008490566037735849,0.008956964172143311,0.0024803900784396865,0.00016959932160271358,0.0009539961840152639,3.17998728005088e-05,0.0,0.0,0.0,0.0,0.0,0.0,0.0,0.0,0.0,0.0,0.0,0.0,0.0,0.0,0.0,0.0,0.0,0.0,0.0,0.0,0.0,0.0,0.0,0.0,0.0,0.0,0.0,0.0,0.0,0.0,0.0,0.0,0.0,0.0,0.0,0.0,0.0,0.0,0.0,0.0,0.0,0.0,0.0,0.0,nan,nan,4.370222665337321,2.9146249959478028,nan,0.9211582952184776,0.02349672640520354,0.0,0.0,0.0,0.0,0.0,0.0,0.0,0.0,0.0,0.0,0.0,0.0,0.0,0.0,0.0,0.0,0.0,0.0,0.0,0.0,0.0,0.0,0.0,0.0,0.01237113402061856,0.2597938144329897,5.158762886597939,15.723711340206188,8.028865979381445,0.816494845360825,0.9213536551017412,0.023502212538055265,0.0,0.0,0.0,0.0,0.0,0.0,0.0,0.0,0.0,0.0,0.0,0.0,0.0,0.0,0.0,0.0,0.0,0.0,0.0,0.0,0.0,0.0,0.0,0.0,0.0,0.24869109947643983,5.497382198952881,14.9869109947644,8.350785340314138,0.9162303664921468,0.3926,0.01209,0.0,0.0,0.0,0.0,0.0,0.0,0.0,0.0,0.0,0.0,0.42061855670103104,21.34020618556698,8.23917525773196,0.0,0.0,0.0,0.0,0.0,0.0,0.0,0.0,0.0,0.0,0.0,0.0,0.0,0.0,0.0,0.0,0.0,0.3923,0.01259,0.0,0.0,0.0,0.0,0.0,0.0,0.0,0.0,0.0,0.0,0.5235602094240839,21.32198952879578,8.154450261780106,0.0,0.0,0.0,0.0,0.0,0.0,0.0,0.0,0.0,0.0,0.0,0.0,0.0,0.0,0.0,0.0,0.0
34800,4752,2455,0.5166245791245792,1192,972,0.4553872053872054,1375,0.5787037037037037,0.36599999999999994,2.9029168480626906,2.8825016991778445,6.099137931034483,1.9841902003311005,9521.69739057239,1614.1070566247197,7853.0,11083.0,11083.0,0.0,7853.0,0.0,29.410143097643097,21.035331985266236,34.067700640078776,19.175627060078448,0.12605218855218855,0.09406565656565656,0.08627946127946128,0.07849326599326599,0.07428451178451179,0.08080808080808081,0.07765151515151515,0.0664983164983165,0.061447811447811446,0.05218855218855219,0.05155723905723906,0.04819023569023569,0.03345959595959596,0.02882996632996633,0.021675084175084174,0.011994949494949494,0.006523569023569023,0.9209010904962166,0.022688235743796574,0.0,0.0,0.0,0.0,0.0,0.0,0.0,0.0,0.0,0.0,0.0,0.0,0.0,0.0,0.0,0.0,0.0,0.0,0.0,0.0,0.0,0.0,0.0,0.0,0.0,0.29671717171717177,5.113636363636364,15.827020202020204,8.11868686868687,0.643939393939394,3.9871754770096968,2.6830527453968562,nan,nan,nan,4.0038119440914866,2.6808153106033044,3.971041281577326,2.685122395696918,0.9918151344339434,0.392,0.01217,0.0,0.0,0.0,0.0,0.0,0.0,0.0,0.0,0.0,0.0,0.5997474747474748,21.39520202020199,7.9987373737373755,0.006313131313131315,0.0,0.0,0.0,0.0,0.0,0.0,0.0,0.0,0.0,0.0,0.0,0.0,0.0,0.0,0.0,0.0,nan,nan,3.9871754770096968,2.6830527453968562,nan,0.392,0.0564,0.0,0.0,0.0,0.0,0.0,0.0,0.0,0.0,0.0,0.0,0.0,0.0,0.0,0.0,0.0,0.0,0.0,0.0,0.0,0.001452020202020202,1.0521885521885522e-05,0.0017466329966329965,7.365319865319865e-05,0.0010837542087542087,0.015393518518518518,0.0071233164983164985,0.0016414141414141414,0.0007786195286195286,0.0019886363636363634,0.017234848484848485,0.010721801346801348,0.01840277777777778,0.039909511784511784,0.011931818181818182,0.06531986531986532,0.04698021885521886,0.06967592592592593,0.08574284511784512,0.06244739057239057,0.04036195286195286,0.0989057239057239,0.049526515151515155,0.09980008417508418,0.04713804713804714,0.030934343434343436,0.046412037037037036,0.02699915824915825,0.035469276094276095,0.014835858585858586,0.014793771043771043,0.015456649831649832,0.00794402356902357,0.008175505050505051,0.0025462962962962965,6.313131313131313e-05,0.0009785353535353535,0.0,0.0,0.0,0.0,0.0,0.0,0.0,0.0,0.0,0.0,0.0,0.0,0.0,0.0,0.0,0.0,0.0,0.0,0.0,0.0,0.0,0.0,0.0,0.0,0.0,0.0,0.0,0.0,0.0,0.0,0.0,0.0,0.0,0.0,0.0,0.0,0.0,0.0,0.0,0.0,0.0,0.0,0.0,0.0,0.0,nan,nan,3.9871754770096968,2.6830527453968562,nan,0.9207243957975975,0.02291387184618006,0.0,0.0,0.0,0.0,0.0,0.0,0.0,0.0,0.0,0.0,0.0,0.0,0.0,0.0,0.0,0.0,0.0,0.0,0.0,0.0,0.0,0.0,0.0,0.0,0.0,0.3054989816700611,5.254582484725052,15.775967413441958,7.9918533604888,0.6720977596741347,0.9210899392054503,0.02244303368779466,0.0,0.0,0.0,0.0,0.0,0.0,0.0,0.0,0.0,0.0,0.0,0.0,0.0,0.0,0.0,0.0,0.0,0.0,0.0,0.0,0.0,0.0,0.0,0.0,0.0,0.28733130169786686,4.962995211144973,15.881584675663913,8.254244666956902,0.6138441445363518,0.392,0.01229,0.0,0.0,0.0,0.0,0.0,0.0,0.0,0.0,0.0,0.0,0.6354378818737273,21.40936863543785,7.94297352342159,0.012219959266802447,0.0,0.0,0.0,0.0,0.0,0.0,0.0,0.0,0.0,0.0,0.0,0.0,0.0,0.0,0.0,0.0,0.392,0.01203,0.0,0.0,0.0,0.0,0.0,0.0,0.0,0.0,0.0,0.0,0.5616020896821943,21.380060949063964,8.058336961253811,0.0,0.0,0.0,0.0,0.0,0.0,0.0,0.0,0.0,0.0,0.0,0.0,0.0,0.0,0.0,0.0,0.0
34900,4247,2209,0.5201318577819637,1040,879,0.4518483635507417,1164,0.5481516364492584,0.434,3.0078508341511285,3.1931503594696795,6.866290018832392,2.222766379799261,9533.025900635743,1613.6903768215607,7853.0,11083.0,11083.0,0.0,7853.0,0.0,27.72686602307511,21.072498470823646,32.98327190246668,19.262927995639597,0.14716270308453025,0.10430892394631505,0.08853308217565341,0.08264657405227219,0.07699552625382623,0.07887920885330822,0.06545797033199906,0.07181539910525077,0.05698139863433012,0.04944666823640217,0.044972922062632446,0.03578996939015776,0.03108076289145279,0.02849069931716506,0.01742406404520838,0.011302095596891923,0.00871203202260419,0.9201921034847284,0.0229937617170928,0.0,0.0,0.0,0.0,0.0,0.0,0.0,0.0,0.0,0.0,0.0,0.0,0.0,0.0,0.0,0.0,0.0,0.0,0.0,0.0,0.0,0.0,0.0,0.0,0.0,0.3602542971509301,5.276665881798918,16.048975747586535,7.678361196138453,0.6357428773251708,4.256860592755214,2.933316942534319,nan,nan,nan,4.255192878338279,2.9249025003217546,4.2584837545126355,2.9414825722176685,1.0007733788499011,0.3918,0.01211,0.0,0.0,0.0,0.0,0.0,0.0,0.0,0.0,0.0,0.0,0.5933600188368261,22.017894984695047,7.38168118672004,0.007063809748057454,0.0,0.0,0.0,0.0,0.0,0.0,0.0,0.0,0.0,0.0,0.0,0.0,0.0,0.0,0.0,0.0,nan,nan,4.256860592755214,2.933316942534319,nan,0.3918,0.05673,0.0,0.0,0.0,0.0,0.0,0.0,0.0,0.0,0.0,0.0,0.0,0.0,0.0,0.0,0.0,0.0,0.0,0.0,0.0,0.0016953143395337885,0.0,0.0024252413468330587,0.00015304921120791148,0.0013774429008712031,0.016411584647986813,0.006251471627030845,0.0018012714857546504,0.0007534730397927949,0.0024134683305862964,0.016611725924181777,0.011160819401930774,0.018153991052507652,0.04202966800094184,0.01250294325406169,0.0647869084059336,0.04531433953378856,0.06642335766423357,0.08414174711561102,0.06339769248881563,0.04091123145749941,0.09749234753943961,0.051471627030845304,0.09984695078879209,0.05029432540616906,0.03064516129032258,0.04531433953378856,0.02853779138215211,0.0368730868848599,0.012008476571697669,0.014292441723569579,0.01561101954320697,0.006522251000706381,0.008111608194019307,0.0025076524605603958,1.177301624676242e-05,0.0017424064045208382,0.0,0.0,0.0,0.0,0.0,0.0,0.0,0.0,0.0,0.0,0.0,0.0,0.0,0.0,0.0,0.0,0.0,0.0,0.0,0.0,0.0,0.0,0.0,0.0,0.0,0.0,0.0,0.0,0.0,0.0,0.0,0.0,0.0,0.0,0.0,0.0,0.0,0.0,0.0,0.0,0.0,0.0,0.0,0.0,0.0,nan,nan,4.256860592755214,2.933316942534319,nan,0.9195316574486093,0.022977632486123313,0.0,0.0,0.0,0.0,0.0,0.0,0.0,0.0,0.0,0.0,0.0,0.0,0.0,0.0,0.0,0.0,0.0,0.0,0.0,0.0,0.0,0.0,0.0,0.0,0.0,0.33952014486192855,5.744680851063832,16.01177003168855,7.265731100045271,0.6382978723404257,0.9209079647672539,0.02298981363021167,0.0,0.0,0.0,0.0,0.0,0.0,0.0,0.0,0.0,0.0,0.0,0.0,0.0,0.0,0.0,0.0,0.0,0.0,0.0,0.0,0.0,0.0,0.0,0.0,0.0,0.38272816486751726,4.769381746810599,16.089303238469093,8.125613346418058,0.63297350343474,0.3918,0.012115,0.0,0.0,0.0,0.0,0.0,0.0,0.0,0.0,0.0,0.0,0.5432322317790856,22.218198279764568,7.22498868266184,0.013580805794477142,0.0,0.0,0.0,0.0,0.0,0.0,0.0,0.0,0.0,0.0,0.0,0.0,0.0,0.0,0.0,0.0,0.3918,0.01209,0.0,0.0,0.0,0.0,0.0,0.0,0.0,0.0,0.0,0.0,0.6476938174681061,21.800785083415082,7.551521099116783,0.0,0.0,0.0,0.0,0.0,0.0,0.0,0.0,0.0,0.0,0.0,0.0,0.0,0.0,0.0,0.0,0.0
35000,4735,2503,0.5286166842661035,1140,955,0.4424498416050686,1320,0.5575501583949314,0.39799999999999996,2.9489247311827955,3.032690571991431,6.5453074433656955,2.060269640027968,9560.431890179514,1612.3527361212998,7853.0,11083.0,11083.0,0.0,7853.0,0.0,27.798732840549103,20.828313077112966,32.65511178095956,19.164051142326258,0.1357972544878564,0.10496304118268215,0.09503695881731784,0.08785638859556494,0.08236536430834214,0.0737064413938754,0.06842661034846885,0.06483632523759239,0.05343189017951425,0.05807814149947202,0.044350580781414996,0.03780359028511088,0.030834213305174236,0.027243928194297783,0.01668426610348469,0.011404435058078142,0.007180570221752904,0.9208042092283021,0.02303237728214258,0.0,0.0,0.0,0.0,0.0,0.0,0.0,0.0,0.0,0.0,0.0,0.0,0.0,0.0,0.0,0.0,0.0,0.0,0.0,0.0,0.0,0.0,0.0,0.0,0.0,0.2534318901795143,5.157338965153116,15.9155227032735,7.976768743400212,0.6969376979936643,4.252311756935271,2.8336318668282536,nan,nan,nan,4.198039215686275,2.7753577308898114,4.307743658210948,2.8908873647002715,1.0261323053188154,0.392,0.01217,0.0,0.0,0.0,0.0,0.0,0.0,0.0,0.0,0.0,0.0,0.62090813093981,21.522703273495218,7.850052798310456,0.006335797254487858,0.0,0.0,0.0,0.0,0.0,0.0,0.0,0.0,0.0,0.0,0.0,0.0,0.0,0.0,0.0,0.0,nan,nan,4.252311756935271,2.8336318668282536,nan,0.392,0.05685,0.0,0.0,0.0,0.0,0.0,0.0,0.0,0.0,0.0,0.0,0.0,0.0,0.0,0.0,0.0,0.0,0.0,0.0,0.0,0.0014044350580781416,0.0,0.0023020063357972547,4.2238648363252374e-05,0.0013727560718057022,0.01539598732840549,0.006557550158394931,0.0017212249208025344,0.0012777191129883844,0.0022808870116156283,0.01565997888067582,0.01307286166842661,0.018416050686378038,0.043051742344244984,0.01341077085533263,0.0634635691657867,0.04599788806758184,0.06674762407602956,0.08085533262935586,0.0628194297782471,0.041341077085533265,0.09703273495248152,0.0531467793030623,0.09827877507919747,0.05146779303062302,0.030876451953537488,0.040221752903907074,0.03044350580781415,0.038109820485744454,0.011985216473072862,0.016494192185850052,0.015343189017951425,0.006610348468848997,0.008426610348468849,0.0027243928194297783,3.1678986272439285e-05,0.0016156282998944034,0.0,0.0,0.0,0.0,0.0,0.0,0.0,0.0,0.0,0.0,0.0,0.0,0.0,0.0,0.0,0.0,0.0,0.0,0.0,0.0,0.0,0.0,0.0,0.0,0.0,0.0,0.0,0.0,0.0,0.0,0.0,0.0,0.0,0.0,0.0,0.0,0.0,0.0,0.0,0.0,0.0,0.0,0.0,0.0,0.0,nan,nan,4.252311756935271,2.8336318668282536,nan,0.9212089549575955,0.022711213475765164,0.0,0.0,0.0,0.0,0.0,0.0,0.0,0.0,0.0,0.0,0.0,0.0,0.0,0.0,0.0,0.0,0.0,0.0,0.0,0.0,0.0,0.0,0.0,0.0,0.0,0.251697962445066,4.770275669196964,16.168597682780668,8.162205353575711,0.6472233320015983,0.9203503209843857,0.023378956494289012,0.0,0.0,0.0,0.0,0.0,0.0,0.0,0.0,0.0,0.0,0.0,0.0,0.0,0.0,0.0,0.0,0.0,0.0,0.0,0.0,0.0,0.0,0.0,0.0,0.0,0.25537634408602156,5.591397849462367,15.63172043010753,7.768817204301077,0.752688172043011,0.3923,0.012024,0.0,0.0,0.0,0.0,0.0,0.0,0.0,0.0,0.0,0.0,0.46743907311226535,21.59808230123848,7.922493008389933,0.011985617259288857,0.0,0.0,0.0,0.0,0.0,0.0,0.0,0.0,0.0,0.0,0.0,0.0,0.0,0.0,0.0,0.0,0.3918,0.01232,0.0,0.0,0.0,0.0,0.0,0.0,0.0,0.0,0.0,0.0,0.7930107526881722,21.438172043010724,7.768817204301077,0.0,0.0,0.0,0.0,0.0,0.0,0.0,0.0,0.0,0.0,0.0,0.0,0.0,0.0,0.0,0.0,0.0
35100,4791,2464,0.5142976414109789,1163,986,0.448549363389689,1345,0.5614694218326028,0.41,2.9381177481736143,3.1035065461037887,6.634615384615385,2.1381352361271357,9514.181381757462,1614.3395801314455,7853.0,11083.0,11083.0,0.0,7853.0,0.0,27.829054477144645,20.841246231517314,32.875,19.04744034726018,0.14235024003339594,0.1018576497599666,0.09079524107701942,0.08474222500521812,0.08015028177833437,0.07326236693800876,0.07054894594030474,0.06887914840325611,0.056355666875391355,0.04967647672719683,0.047589229805886035,0.040701314965560426,0.034439574201628055,0.024838238363598414,0.01669797537048633,0.010227509914422877,0.0068879148403256105,0.9213267703490277,0.022898402027491875,0.0,0.0,0.0,0.0,0.0,0.0,0.0,0.0,0.0,0.0,0.0,0.0,0.0,0.0,0.0,0.0,0.0,0.0,0.0,0.0,0.0,0.0,0.0,0.0,0.0,0.2442078897933626,5.078271759549155,15.529117094552289,8.403256105197247,0.7451471509079526,4.248620577734502,2.8747271232117604,nan,nan,nan,4.265503875968992,2.8950057131968396,4.233681462140992,2.8537390200607313,0.9925395885800781,0.3918,0.01236,0.0,0.0,0.0,0.0,0.0,0.0,0.0,0.0,0.0,0.0,0.5886036318096431,21.734502191609238,7.670632435817159,0.006261740763932375,0.0,0.0,0.0,0.0,0.0,0.0,0.0,0.0,0.0,0.0,0.0,0.0,0.0,0.0,0.0,0.0,nan,nan,4.248620577734502,2.8747271232117604,nan,0.3918,0.05692,0.0,0.0,0.0,0.0,0.0,0.0,0.0,0.0,0.0,0.0,0.0,0.0,0.0,0.0,0.0,0.0,0.0,0.0,0.0,0.0009810060530160718,1.0436234606553956e-05,0.002379461490294302,5.2181173032769774e-05,0.001367146733458568,0.016238781047797954,0.006731371321227302,0.0015132540179503234,0.0014923815487372157,0.002087246921310791,0.015873512836568567,0.012554790231684407,0.01920267167605928,0.04325819244416614,0.012972239615946566,0.06440200375704445,0.04800667919014819,0.0651429764141098,0.07999373825923607,0.06215821331663536,0.043018159048215404,0.09805886036318097,0.05175328741390106,0.09913379252765603,0.04915466499686913,0.030285952828219578,0.04246503861406804,0.02949279899812148,0.03759131705280735,0.01068670423711125,0.01553955332915884,0.017104988520141935,0.0066270089751617614,0.007921102066374452,0.00284909204758923,0.00014610728449175538,0.0017532874139010645,0.0,0.0,0.0,0.0,0.0,0.0,0.0,0.0,0.0,0.0,0.0,0.0,0.0,0.0,0.0,0.0,0.0,0.0,0.0,0.0,0.0,0.0,0.0,0.0,0.0,0.0,0.0,0.0,0.0,0.0,0.0,0.0,0.0,0.0,0.0,0.0,0.0,0.0,0.0,0.0,0.0,0.0,0.0,0.0,0.0,nan,nan,4.248620577734502,2.8747271232117604,nan,0.921412088654258,0.02288765557976766,0.0,0.0,0.0,0.0,0.0,0.0,0.0,0.0,0.0,0.0,0.0,0.0,0.0,0.0,0.0,0.0,0.0,0.0,0.0,0.0,0.0,0.0,0.0,0.0,0.0,0.2678571428571429,4.8944805194805205,15.66964285714286,8.376623376623378,0.791396103896104,0.9212364290064888,0.022909429321041574,0.0,0.0,0.0,0.0,0.0,0.0,0.0,0.0,0.0,0.0,0.0,0.0,0.0,0.0,0.0,0.0,0.0,0.0,0.0,0.0,0.0,0.0,0.0,0.0,0.0,0.21916630855178346,5.272883541039967,15.380318006016333,8.43145681134508,0.6961753330468416,0.3918,0.0124,0.0,0.0,0.0,0.0,0.0,0.0,0.0,0.0,0.0,0.0,0.6696428571428573,21.83035714285711,7.487824675324677,0.012175324675324678,0.0,0.0,0.0,0.0,0.0,0.0,0.0,0.0,0.0,0.0,0.0,0.0,0.0,0.0,0.0,0.0,0.3918,0.01232,0.0,0.0,0.0,0.0,0.0,0.0,0.0,0.0,0.0,0.0,0.5027932960893856,21.633003867640706,7.864202836269877,0.0,0.0,0.0,0.0,0.0,0.0,0.0,0.0,0.0,0.0,0.0,0.0,0.0,0.0,0.0,0.0,0.0
35200,4654,2449,0.5262140094542329,1122,934,0.4417705199828105,1256,0.5397507520412549,0.43,3.0285714285714285,3.1593506609174384,6.623397435897436,2.2858603824815185,9552.671250537172,1612.7788997046282,7853.0,11083.0,11083.0,0.0,7853.0,0.0,28.203480876665235,21.222116636966945,33.03893129770992,19.55737330947774,0.13902019767941556,0.09926944563816072,0.09926944563816072,0.08960034379028793,0.07241082939406962,0.07284056725397507,0.0670391061452514,0.06424581005586592,0.05565105285775677,0.05113880532874946,0.04254404813064031,0.043618392780403956,0.035668242372152985,0.026643747314138374,0.019123334765792865,0.01654490760636012,0.0053717232488182205,0.921184058718585,0.022974675487918365,0.0,0.0,0.0,0.0,0.0,0.0,0.0,0.0,0.0,0.0,0.0,0.0,0.0,0.0,0.0,0.0,0.0,0.0,0.0,0.0,0.0,0.0,0.0,0.0,0.0,0.2707348517404384,5.2019767941555655,15.567253975075207,8.276751181779117,0.6832831972496779,4.218248663101604,2.9737310028319803,nan,nan,nan,4.265625,2.964823275513597,4.1723684210526315,2.9816146581221865,0.9781376518218623,0.392,0.012,0.0,0.0,0.0,0.0,0.0,0.0,0.0,0.0,0.0,0.0,0.6188225182638591,21.697464546626527,7.677266867211003,0.006446067898581867,0.0,0.0,0.0,0.0,0.0,0.0,0.0,0.0,0.0,0.0,0.0,0.0,0.0,0.0,0.0,0.0,nan,nan,4.218248663101604,2.9737310028319803,nan,0.392,0.05685,0.0,0.0,0.0,0.0,0.0,0.0,0.0,0.0,0.0,0.0,0.0,0.0,0.0,0.0,0.0,0.0,0.0,0.0,0.0,0.000923936398796734,2.1486892995272882e-05,0.0018371293510958315,1.0743446497636441e-05,0.001042114310270735,0.015524280189084659,0.0055328749462827675,0.0018908465835840139,0.0012677266867211002,0.002266867211001289,0.017619252256123763,0.012451654490760636,0.020369574559518693,0.04314568113450795,0.013547486033519553,0.06649119037387194,0.049237215298667814,0.0662440911044263,0.07824452084228621,0.060163300386764075,0.04315642458100559,0.09674473571121615,0.051181779114740006,0.0954877524709927,0.048452943704340355,0.03220885259991405,0.04259776536312849,0.03197249677696605,0.03586162440911044,0.011978942844864632,0.015212720240653201,0.01760850880962613,0.006854318865492049,0.00778899871078642,0.0029007305543618392,0.00023635582294800173,0.0019123334765792867,1.0743446497636441e-05,0.0,0.0,0.0,0.0,0.0,0.0,0.0,0.0,0.0,0.0,0.0,0.0,0.0,0.0,0.0,0.0,0.0,0.0,0.0,0.0,0.0,0.0,0.0,0.0,0.0,0.0,0.0,0.0,0.0,0.0,0.0,0.0,0.0,0.0,0.0,0.0,0.0,0.0,0.0,0.0,0.0,0.0,0.0,0.0,nan,nan,4.218248663101604,2.9737310028319803,nan,0.9212245257497564,0.023266199151073686,0.0,0.0,0.0,0.0,0.0,0.0,0.0,0.0,0.0,0.0,0.0,0.0,0.0,0.0,0.0,0.0,0.0,0.0,0.0,0.0,0.0,0.0,0.0,0.0,0.0,0.342997141690486,5.230706410779912,15.43487137607187,8.256431196406698,0.7349938750510414,0.9211391137030119,0.022646409586441624,0.0,0.0,0.0,0.0,0.0,0.0,0.0,0.0,0.0,0.0,0.0,0.0,0.0,0.0,0.0,0.0,0.0,0.0,0.0,0.0,0.0,0.0,0.0,0.0,0.0,0.19047619047619052,5.170068027210885,15.714285714285717,8.299319727891158,0.6258503401360546,0.3918,0.012024,0.0,0.0,0.0,0.0,0.0,0.0,0.0,0.0,0.0,0.0,0.5879951000408331,21.951817068191065,7.46018783176807,0.0,0.0,0.0,0.0,0.0,0.0,0.0,0.0,0.0,0.0,0.0,0.0,0.0,0.0,0.0,0.0,0.0,0.392,0.011955,0.0,0.0,0.0,0.0,0.0,0.0,0.0,0.0,0.0,0.0,0.653061224489796,21.414965986394527,7.918367346938777,0.013605442176870751,0.0,0.0,0.0,0.0,0.0,0.0,0.0,0.0,0.0,0.0,0.0,0.0,0.0,0.0,0.0,0.0
35300,4779,2462,0.5151705377694078,1228,973,0.46055660179953967,1364,0.5708307177233731,0.40199999999999997,3.0574018126888216,3.1163155069348094,6.542691751085384,2.1618621018095037,9517.000836995187,1614.2564597900084,7853.0,11083.0,11083.0,0.0,7853.0,0.0,28.393387738020508,20.87013037128123,33.31695209729462,19.016199624107216,0.1393596986817326,0.08662900188323917,0.09520820255283532,0.0847457627118644,0.08537350910232266,0.07637581083908768,0.06800585896631095,0.06256539024900606,0.06089139987445072,0.053358443188951665,0.04875496965892446,0.04373299853525842,0.03410755388156518,0.025319104415149615,0.017367650136011718,0.010462439840970915,0.007742205482318477,0.9211063513847594,0.022853409302249286,0.0,0.0,0.0,0.0,0.0,0.0,0.0,0.0,0.0,0.0,0.0,0.0,0.0,0.0,0.0,0.0,0.0,0.0,0.0,0.0,0.0,0.0,0.0,0.0,0.0,0.251098556183302,5.034526051475205,16.00125549278092,8.079096045197742,0.6340238543628375,4.275110549589387,2.9687453141264424,nan,nan,nan,4.252493765586035,2.9208959981495437,4.296604740550929,3.0171060463661474,1.0103729664042942,0.3918,0.01193,0.0,0.0,0.0,0.0,0.0,0.0,0.0,0.0,0.0,0.0,0.5838041431261771,21.858129315756404,7.545511613308225,0.0125549278091651,0.0,0.0,0.0,0.0,0.0,0.0,0.0,0.0,0.0,0.0,0.0,0.0,0.0,0.0,0.0,0.0,nan,nan,4.275110549589387,2.9687453141264424,nan,0.3918,0.05673,0.0,0.0,0.0,0.0,0.0,0.0,0.0,0.0,0.0,0.0,0.0,0.0,0.0,0.0,0.0,0.0,0.0,0.0,0.0,0.000732370788867964,0.0,0.001694915254237288,4.1849759363883655e-05,0.0011717932621887425,0.01579828415986608,0.00549278091650973,0.0019983260096254445,0.0012136430215526261,0.0014438166980539863,0.018487131198995605,0.011749319941410336,0.020914417242100858,0.044915254237288135,0.011184348189997908,0.064385854781335,0.051872776731533794,0.06828834484201717,0.07655367231638419,0.061268047708725674,0.04311571458464114,0.0980539861895794,0.05023017367650136,0.09414103368905628,0.048179535467671064,0.03258003766478343,0.04407825905001046,0.03098974680895585,0.034829462230592176,0.011540071144590918,0.014846202134337728,0.018131408244402594,0.007606193764385855,0.007857292320569156,0.0029608704749947688,0.000366185394433982,0.0012764176605984516,0.0,1.0462439840970914e-05,0.0,0.0,0.0,0.0,0.0,0.0,0.0,0.0,0.0,0.0,0.0,0.0,0.0,0.0,0.0,0.0,0.0,0.0,0.0,0.0,0.0,0.0,0.0,0.0,0.0,0.0,0.0,0.0,0.0,0.0,0.0,0.0,0.0,0.0,0.0,0.0,0.0,0.0,0.0,0.0,0.0,0.0,0.0,nan,nan,4.275110549589387,2.9687453141264424,nan,0.9214576756102006,0.02292278911019332,0.0,0.0,0.0,0.0,0.0,0.0,0.0,0.0,0.0,0.0,0.0,0.0,0.0,0.0,0.0,0.0,0.0,0.0,0.0,0.0,0.0,0.0,0.0,0.0,0.0,0.23151909017059305,5.032493907392365,15.670186839967508,8.432168968318441,0.6336311941510968,0.9207330409648041,0.02277351764041639,0.0,0.0,0.0,0.0,0.0,0.0,0.0,0.0,0.0,0.0,0.0,0.0,0.0,0.0,0.0,0.0,0.0,0.0,0.0,0.0,0.0,0.0,0.0,0.0,0.0,0.27190332326283995,5.0366853690116535,16.353042727665088,7.703927492447131,0.6344410876132931,0.3918,0.0119,0.0,0.0,0.0,0.0,0.0,0.0,0.0,0.0,0.0,0.0,0.5848903330625509,21.81153533712426,7.603574329813162,0.0,0.0,0.0,0.0,0.0,0.0,0.0,0.0,0.0,0.0,0.0,0.0,0.0,0.0,0.0,0.0,0.0,0.392,0.01197,0.0,0.0,0.0,0.0,0.0,0.0,0.0,0.0,0.0,0.0,0.5826499784203713,21.907639188605923,7.483815278377214,0.025895554596460948,0.0,0.0,0.0,0.0,0.0,0.0,0.0,0.0,0.0,0.0,0.0,0.0,0.0,0.0,0.0,0.0
35400,4686,2459,0.5247545881348699,1119,954,0.44238156209987195,1319,0.5629534784464362,0.43,3.004041311180961,3.101266716023519,6.627009646302251,2.099405151527605,9547.95731967563,1613.0194750933076,7853.0,11083.0,11083.0,0.0,7853.0,0.0,27.92637644046095,20.858820601838747,32.74329792615073,19.14503153621776,0.13849765258215962,0.09965855740503628,0.10008536064874093,0.0851472471190781,0.07276995305164319,0.078531796841656,0.06636790439607342,0.07063593683311993,0.055911224925309436,0.0499359795134443,0.04716175842936406,0.03883909517712335,0.035638070849338455,0.02710200597524541,0.017072129748186088,0.009816474605207,0.006828851899274435,0.9211924669710022,0.02294023653267584,0.0,0.0,0.0,0.0,0.0,0.0,0.0,0.0,0.0,0.0,0.0,0.0,0.0,0.0,0.0,0.0,0.0,0.0,0.0,0.0,0.0,0.0,0.0,0.0,0.006402048655569784,0.1984635083226633,5.243277848911653,15.42893725992318,8.463508322663253,0.6594110115236878,4.264207377866401,2.8630509129147956,nan,nan,nan,4.359008707300736,2.8711526087392727,4.170844327176781,2.851971419170601,0.9568332176513422,0.3918,0.012344,0.0,0.0,0.0,0.0,0.0,0.0,0.0,0.0,0.0,0.0,0.6274007682458388,21.491677336747728,7.8617157490396945,0.01920614596670935,0.0,0.0,0.0,0.0,0.0,0.0,0.0,0.0,0.0,0.0,0.0,0.0,0.0,0.0,0.0,0.0,nan,nan,4.264207377866401,2.8630509129147956,nan,0.3918,0.05673,0.0,0.0,0.0,0.0,0.0,0.0,0.0,0.0,0.0,0.0,0.0,0.0,0.0,0.0,0.0,0.0,0.0,0.0,0.0,0.0006402048655569782,2.134016218523261e-05,0.0015898420827998292,1.0670081092616305e-05,0.0012057191634656423,0.017488262910798122,0.005132309005548442,0.0014511310285958174,0.0010136577037985488,0.0018886043533930857,0.01835253947930004,0.012025181391378575,0.021382842509603074,0.04517712334613743,0.011160904822876653,0.06071276141698677,0.05097097737942809,0.07032650448143406,0.07232180964575331,0.06272940674349126,0.045827998292787026,0.09752454118651302,0.04913572343149808,0.09762057191634656,0.046702944942381565,0.03220230473751601,0.04682031583440034,0.03163679043960734,0.033119931711481004,0.01272940674349125,0.01342296201451131,0.017626973965002134,0.007607767819035425,0.008098591549295774,0.0031690140845070424,0.00019206145966709347,0.0009603072983354673,0.0,0.0,0.0,0.0,0.0,0.0,0.0,0.0,0.0,0.0,0.0,0.0,0.0,0.0,0.0,0.0,0.0,0.0,0.0,0.0,0.0,0.0,0.0,0.0,0.0,0.0,0.0,0.0,0.0,0.0,0.0,0.0,0.0,0.0,0.0,0.0,0.0,0.0,0.0,0.0,0.0,0.0,0.0,0.0,0.0,nan,nan,4.264207377866401,2.8630509129147956,nan,0.9213642468293444,0.022803229265678928,0.0,0.0,0.0,0.0,0.0,0.0,0.0,0.0,0.0,0.0,0.0,0.0,0.0,0.0,0.0,0.0,0.0,0.0,0.0,0.0,0.0,0.0,0.0,0.0,0.0,0.17080113867425786,5.246034973566492,15.396502643350958,8.491256608377391,0.6954046360309071,0.9210027917704349,0.023089087703468958,0.0,0.0,0.0,0.0,0.0,0.0,0.0,0.0,0.0,0.0,0.0,0.0,0.0,0.0,0.0,0.0,0.0,0.0,0.0,0.0,0.0,0.0,0.0,0.0,0.013471037269869783,0.2290076335877863,5.240233497979345,15.46475078581051,8.432869330938484,0.61966771441401,0.392,0.012276,0.0,0.0,0.0,0.0,0.0,0.0,0.0,0.0,0.0,0.0,0.5856039040260269,21.545343635624207,7.869052460349737,0.0,0.0,0.0,0.0,0.0,0.0,0.0,0.0,0.0,0.0,0.0,0.0,0.0,0.0,0.0,0.0,0.0,0.3918,0.01242,0.0,0.0,0.0,0.0,0.0,0.0,0.0,0.0,0.0,0.0,0.6735518634934891,21.43242029636279,7.853614728334083,0.040413111809609346,0.0,0.0,0.0,0.0,0.0,0.0,0.0,0.0,0.0,0.0,0.0,0.0,0.0,0.0,0.0,0.0
35500,4766,2472,0.5186739404112464,1170,994,0.4540495174150231,1343,0.5635753252203105,0.438,3.079337401918047,3.1918843655958438,6.910256410256411,2.147215832581736,9528.316827528326,1613.873254105451,7853.0,11083.0,11083.0,0.0,7853.0,0.0,27.498111624003357,20.656785496154043,32.55684104627767,18.88025616665186,0.14351657574485943,0.09882501049097776,0.08875367184221569,0.08791439362148552,0.08665547629039026,0.08476710029374737,0.0688208140998741,0.061477129668485106,0.054133445237096095,0.05287452790600084,0.04112463281577843,0.040914813260595886,0.03357112882920688,0.021191775073436843,0.020352496852706674,0.010071338648762064,0.005035669324381032,0.9223563530917334,0.023084827384408802,0.0,0.0,0.0,0.0,0.0,0.0,0.0,0.0,0.0,0.0,0.0,0.0,0.0,0.0,0.0,0.0,0.0,0.0,0.0,0.0,0.0,0.0,0.0,0.0,0.0,0.2895509861519094,4.796475031472934,15.352496852706675,8.77465379773395,0.7868233319345365,4.3271302644466205,2.952127310301402,nan,nan,nan,4.2648037258815705,2.934254994597343,4.387179487179488,2.968007143468794,1.028694347773911,0.392,0.01229,0.0,0.0,0.0,0.0,0.0,0.0,0.0,0.0,0.0,0.0,0.6168694922366765,21.621905161561028,7.742341586235839,0.018883759966428874,0.0,0.0,0.0,0.0,0.0,0.0,0.0,0.0,0.0,0.0,0.0,0.0,0.0,0.0,0.0,0.0,nan,nan,4.3271302644466205,2.952127310301402,nan,0.392,0.0562,0.0,0.0,0.0,0.0,0.0,0.0,0.0,0.0,0.0,0.0,0.0,0.0,0.0,0.0,0.0,0.0,0.0,0.0,0.0,0.0005770037767519933,5.245488879563575e-05,0.001668065463701217,0.0,0.0016051195971464541,0.016470835081829626,0.005203524968527067,0.0017100293747377255,0.0010595887536718421,0.002140159462861939,0.01631347041544272,0.011319765002098196,0.021821233738984473,0.045457406630297945,0.01258917331095258,0.05861309274024339,0.047880822492656315,0.07040495174150231,0.07496852706672262,0.06076374318086446,0.04601342845153168,0.09840537138061267,0.04901384809064205,0.10428031892572388,0.04554133445237096,0.0328052874527906,0.04665337809483844,0.030119597146454048,0.03531263113722199,0.012809483843894251,0.013848090642047839,0.017425514057910197,0.006168694922366764,0.006808644565673521,0.0029584557280738564,0.00022031053294167016,0.0009966428871170793,0.0,0.0,0.0,0.0,0.0,0.0,0.0,0.0,0.0,0.0,0.0,0.0,0.0,0.0,0.0,0.0,0.0,0.0,0.0,0.0,0.0,0.0,0.0,0.0,0.0,0.0,0.0,0.0,0.0,0.0,0.0,0.0,0.0,0.0,0.0,0.0,0.0,0.0,0.0,0.0,0.0,0.0,0.0,0.0,0.0,nan,nan,4.3271302644466205,2.952127310301402,nan,0.9225644009929259,0.02342538362971853,0.0,0.0,0.0,0.0,0.0,0.0,0.0,0.0,0.0,0.0,0.0,0.0,0.0,0.0,0.0,0.0,0.0,0.0,0.0,0.0,0.0,0.0,0.0,0.0,0.0,0.26699029126213597,4.8300970873786415,15.145631067961167,8.88349514563107,0.8737864077669905,0.922132161979376,0.02270999724383235,0.0,0.0,0.0,0.0,0.0,0.0,0.0,0.0,0.0,0.0,0.0,0.0,0.0,0.0,0.0,0.0,0.0,0.0,0.0,0.0,0.0,0.0,0.0,0.0,0.0,0.31386224934612034,4.760244115082825,15.575414123801224,8.65736704446382,0.693112467306016,0.392,0.01215,0.0,0.0,0.0,0.0,0.0,0.0,0.0,0.0,0.0,0.0,0.6553398058252429,21.62621359223298,7.718446601941749,0.0,0.0,0.0,0.0,0.0,0.0,0.0,0.0,0.0,0.0,0.0,0.0,0.0,0.0,0.0,0.0,0.0,0.3923,0.01243,0.0,0.0,0.0,0.0,0.0,0.0,0.0,0.0,0.0,0.0,0.5754141238012207,21.617262423714006,7.76809067131648,0.03923278116826504,0.0,0.0,0.0,0.0,0.0,0.0,0.0,0.0,0.0,0.0,0.0,0.0,0.0,0.0,0.0,0.0
35600,4708,2392,0.508071367884452,1095,973,0.4392523364485981,1310,0.556499575191164,0.442,2.9032815198618307,3.130463104541971,6.719864176570458,2.2586478177383182,9494.07051826678,1614.7895615458076,7853.0,11083.0,11083.0,0.0,7853.0,0.0,27.432030586236195,20.686935210419257,32.44509405185562,18.93874507864337,0.14485981308411214,0.10025488530161428,0.09834324553950723,0.08517417162276976,0.07880203908241291,0.0758283772302464,0.0713678844519966,0.06563296516567545,0.05310110450297366,0.05055225148683093,0.04630416312659303,0.04333050127442651,0.029524214103653357,0.0237892948173322,0.0159303313508921,0.012107051826677994,0.005097706032285472,0.9231344831754519,0.023243779040449154,0.0,0.0,0.0,0.0,0.0,0.0,0.0,0.0,0.0,0.0,0.0,0.0,0.0,0.0,0.0,0.0,0.0,0.0,0.0,0.0,0.0,0.0,0.0,0.0,0.0,0.2039082412914189,4.511469838572643,15.42693288020391,8.95284621920136,0.9048428207306713,4.288888888888889,2.889906580651592,nan,nan,nan,4.237299465240642,2.896932580430758,4.341248303934871,2.8818140420715164,1.0245318603386286,0.392,0.01189,0.0,0.0,0.0,0.0,0.0,0.0,0.0,0.0,0.0,0.0,0.5161427357689041,22.01571792693285,7.4617672047578605,0.006372132540356841,0.0,0.0,0.0,0.0,0.0,0.0,0.0,0.0,0.0,0.0,0.0,0.0,0.0,0.0,0.0,0.0,nan,nan,4.288888888888889,2.889906580651592,nan,0.392,0.0564,0.0,0.0,0.0,0.0,0.0,0.0,0.0,0.0,0.0,0.0,0.0,0.0,0.0,0.0,0.0,0.0,0.0,0.0,0.0,0.0006159728122344945,0.00011682242990654206,0.0015717926932880203,2.1240441801189464e-05,0.0016779949022939678,0.015696686491079016,0.007094307561597281,0.0018479184367034835,0.0007752761257434154,0.002740016992353441,0.01598343245539507,0.013158453695836873,0.020688190314358538,0.044711129991503826,0.012818606627017842,0.054821580288870006,0.048428207306711976,0.07244052676295668,0.07584961767204758,0.05960067969413764,0.04673959218351742,0.09812022090059473,0.0495964316057774,0.10217714528462192,0.04531648258283772,0.03310322854715378,0.05005310110450297,0.028940101954120646,0.03537595581988105,0.010832625318606627,0.013052251486830925,0.019127017841971114,0.006053525913338997,0.00673322005097706,0.0031435853865760407,0.00028674596431605776,0.0006796941376380628,1.0620220900594732e-05,0.0,0.0,0.0,0.0,0.0,0.0,0.0,0.0,0.0,0.0,0.0,0.0,0.0,0.0,0.0,0.0,0.0,0.0,0.0,0.0,0.0,0.0,0.0,0.0,0.0,0.0,0.0,0.0,0.0,0.0,0.0,0.0,0.0,0.0,0.0,0.0,0.0,0.0,0.0,0.0,0.0,0.0,0.0,0.0,nan,nan,4.288888888888889,2.889906580651592,nan,0.9232776091250289,0.022717128604946808,0.0,0.0,0.0,0.0,0.0,0.0,0.0,0.0,0.0,0.0,0.0,0.0,0.0,0.0,0.0,0.0,0.0,0.0,0.0,0.0,0.0,0.0,0.0,0.0,0.0,0.2006688963210703,4.27675585284281,15.73996655518395,8.879598662207359,0.9030100334448162,0.9229866605194121,0.02377456393062145,0.0,0.0,0.0,0.0,0.0,0.0,0.0,0.0,0.0,0.0,0.0,0.0,0.0,0.0,0.0,0.0,0.0,0.0,0.0,0.0,0.0,0.0,0.0,0.0,0.0,0.20725388601036274,4.753886010362695,15.103626943005185,9.028497409326427,0.906735751295337,0.392,0.01192,0.0,0.0,0.0,0.0,0.0,0.0,0.0,0.0,0.0,0.0,0.5392976588628764,21.960702341137093,7.500000000000002,0.0,0.0,0.0,0.0,0.0,0.0,0.0,0.0,0.0,0.0,0.0,0.0,0.0,0.0,0.0,0.0,0.0,0.392,0.01185,0.0,0.0,0.0,0.0,0.0,0.0,0.0,0.0,0.0,0.0,0.4922279792746115,22.072538860103595,7.4222797927461155,0.012953367875647671,0.0,0.0,0.0,0.0,0.0,0.0,0.0,0.0,0.0,0.0,0.0,0.0,0.0,0.0,0.0,0.0
35700,4856,2557,0.5265650741350906,1182,941,0.43719110378912684,1341,0.5523064250411862,0.434,3.067420617659852,3.1603892071955504,6.582966226138033,2.190475447161088,9553.805189456343,1612.7189679117566,7853.0,11083.0,11083.0,0.0,7853.0,0.0,28.415774299835256,21.18315414911664,33.306640625,19.45607319134824,0.13550247116968697,0.10255354200988467,0.0885502471169687,0.09122734761120263,0.08257825370675453,0.06857495881383854,0.0665156507413509,0.06280889621087314,0.05724876441515651,0.054365733113673806,0.045922570016474464,0.04303953871499176,0.03459637561779242,0.02656507413509061,0.019975288303130147,0.011943986820428337,0.008031301482701812,0.9225667269878961,0.023097237430844055,0.0,0.0,0.0,0.0,0.0,0.0,0.0,0.0,0.0,0.0,0.0,0.0,0.0,0.0,0.0,0.0,0.0,0.0,0.0,0.0,0.0,0.0,0.0,0.0,0.0,0.24711696869851735,4.750823723228995,15.271828665568371,8.883855024711698,0.846375617792422,4.259541984732825,2.9404724817920354,nan,nan,nan,4.238186462324394,2.9191047773014223,4.280735107731306,2.9613730359574273,1.0100393519221371,0.393,0.01174,0.0,0.0,0.0,0.0,0.0,0.0,0.0,0.0,0.0,0.0,0.4077429983525536,21.270593080724847,8.315485996705108,0.0061779242174629335,0.0,0.0,0.0,0.0,0.0,0.0,0.0,0.0,0.0,0.0,0.0,0.0,0.0,0.0,0.0,0.0,nan,nan,4.259541984732825,2.9404724817920354,nan,0.393,0.0564,0.0,0.0,0.0,0.0,0.0,0.0,0.0,0.0,0.0,0.0,0.0,0.0,0.0,0.0,0.0,0.0,0.0,0.0,0.0,0.0008340197693574959,0.0001956342668863262,0.00121499176276771,8.237232289950576e-05,0.0017607084019769358,0.015115321252059308,0.005920510708401977,0.0018430807248764416,0.0005869028006589786,0.0026668039538714993,0.017514415156507413,0.013179571663920923,0.02077841845140033,0.04379118616144975,0.012520593080724876,0.05364497528830313,0.04763179571663921,0.07007825370675454,0.075916392092257,0.05844316309719934,0.043441103789126856,0.09787891268533773,0.05217257001647446,0.10467462932454695,0.04586079077429984,0.03235172981878089,0.051194398682042834,0.031672158154859964,0.037520593080724876,0.009905271828665569,0.012520593080724876,0.018760296540362438,0.0067545304777594725,0.007125205930807249,0.0032434102141680396,0.00020593080724876442,0.0009987644151565073,0.0,0.0,0.0,0.0,0.0,0.0,0.0,0.0,0.0,0.0,0.0,0.0,0.0,0.0,0.0,0.0,0.0,0.0,0.0,0.0,0.0,0.0,0.0,0.0,0.0,0.0,0.0,0.0,0.0,0.0,0.0,0.0,0.0,0.0,0.0,0.0,0.0,0.0,0.0,0.0,0.0,0.0,0.0,0.0,0.0,nan,nan,4.259541984732825,2.9404724817920354,nan,0.9225914175966358,0.0230450208087928,0.0,0.0,0.0,0.0,0.0,0.0,0.0,0.0,0.0,0.0,0.0,0.0,0.0,0.0,0.0,0.0,0.0,0.0,0.0,0.0,0.0,0.0,0.0,0.0,0.0,0.24638247946812675,4.845522096206493,15.240516229956985,8.799374266718813,0.8682049276495896,0.9225392655322426,0.023155144702842783,0.0,0.0,0.0,0.0,0.0,0.0,0.0,0.0,0.0,0.0,0.0,0.0,0.0,0.0,0.0,0.0,0.0,0.0,0.0,0.0,0.0,0.0,0.0,0.0,0.0,0.24793388429752072,4.64549804262723,15.306655067420621,8.977816441931276,0.8220965637233582,0.3926,0.011955,0.0,0.0,0.0,0.0,0.0,0.0,0.0,0.0,0.0,0.0,0.48103245991396176,21.271020727414907,8.236214313648809,0.01173249902229175,0.0,0.0,0.0,0.0,0.0,0.0,0.0,0.0,0.0,0.0,0.0,0.0,0.0,0.0,0.0,0.0,0.3933,0.011475,0.0,0.0,0.0,0.0,0.0,0.0,0.0,0.0,0.0,0.0,0.3262287951283167,21.270117442366214,8.403653762505439,0.0,0.0,0.0,0.0,0.0,0.0,0.0,0.0,0.0,0.0,0.0,0.0,0.0,0.0,0.0,0.0,0.0
35800,4806,2544,0.529338327091136,1181,954,0.44423637120266335,1291,0.5372451102788182,0.458,3.0313881520778074,3.1514084988485243,6.775080906148867,2.1307337440310503,9562.76279650437,1612.2174209450384,7853.0,11083.0,11083.0,0.0,7853.0,0.0,27.968789013732835,21.051258797329808,33.191,19.21476044607374,0.1466916354556804,0.10195588847274241,0.08801498127340825,0.07927590511860175,0.08156471077819392,0.07386600083229297,0.07261756138160633,0.06387848522679983,0.052850603412401165,0.05451518934665002,0.04702455264253017,0.04161464835622139,0.03474823137744486,0.0239284228048273,0.021015397419891804,0.00957136912193092,0.00686641697877653,0.9216031783504185,0.023280486266769373,0.0,0.0,0.0,0.0,0.0,0.0,0.0,0.0,0.0,0.0,0.0,0.0,0.0,0.0,0.0,0.0,0.0,0.0,0.0,0.0,0.0,0.0,0.0,0.0,0.0,0.2996254681647941,4.856429463171037,15.786516853932588,8.127340823970039,0.9300873907615482,4.31351526965562,2.9406329609083284,nan,nan,nan,4.310481212920237,2.9319645602239253,4.316463805253043,2.9490296214197116,1.0013879175055613,0.393,0.01205,0.0,0.0,0.0,0.0,0.0,0.0,0.0,0.0,0.0,0.0,0.536828963795256,20.842696629213453,8.620474406991262,0.0,0.0,0.0,0.0,0.0,0.0,0.0,0.0,0.0,0.0,0.0,0.0,0.0,0.0,0.0,0.0,0.0,nan,nan,4.31351526965562,2.9406329609083284,nan,0.393,0.05643,0.0,0.0,0.0,0.0,0.0,0.0,0.0,0.0,0.0,0.0,0.0,0.0,0.0,0.0,0.0,0.0,0.0,0.0,0.0,0.0009571369121930919,0.00011444028297960882,0.0009675405742821474,2.0807324178110695e-05,0.001591760299625468,0.015761548064918852,0.005253849354972951,0.0020807324178110697,0.0005409904286308781,0.003381190178942988,0.016978776529338328,0.012390761548064918,0.020276737411568872,0.043123179359134414,0.011017478152309614,0.05767790262172284,0.04802330420307949,0.07094257178526842,0.07508322929671245,0.05679359134415314,0.043622555139409075,0.09889721181856014,0.049781523096129834,0.10582605076987099,0.04402829796088223,0.03270911360799001,0.052756970453599665,0.033198085726175615,0.03432168123179359,0.011579275905118602,0.014044943820224719,0.017384519350811485,0.007032875572201415,0.007438618393674573,0.003433208489388265,1.0403662089055348e-05,0.0009571369121930919,0.0,0.0,0.0,0.0,0.0,0.0,0.0,0.0,0.0,0.0,0.0,0.0,0.0,0.0,0.0,0.0,0.0,0.0,0.0,0.0,0.0,0.0,0.0,0.0,0.0,0.0,0.0,0.0,0.0,0.0,0.0,0.0,0.0,0.0,0.0,0.0,0.0,0.0,0.0,0.0,0.0,0.0,0.0,0.0,0.0,nan,nan,4.31351526965562,2.9406329609083284,nan,0.9217428263253385,0.02312085442293132,0.0,0.0,0.0,0.0,0.0,0.0,0.0,0.0,0.0,0.0,0.0,0.0,0.0,0.0,0.0,0.0,0.0,0.0,0.0,0.0,0.0,0.0,0.0,0.0,0.0,0.35377358490566047,4.669811320754718,15.990566037735851,8.113207547169813,0.8726415094339625,0.9214461206810123,0.023457728108066435,0.0,0.0,0.0,0.0,0.0,0.0,0.0,0.0,0.0,0.0,0.0,0.0,0.0,0.0,0.0,0.0,0.0,0.0,0.0,0.0,0.0,0.0,0.0,0.0,0.0,0.23872679045092843,5.066312997347481,15.557029177718837,8.14323607427056,0.9946949602122018,0.3926,0.01211,0.0,0.0,0.0,0.0,0.0,0.0,0.0,0.0,0.0,0.0,0.554245283018868,21.096698113207516,8.349056603773587,0.0,0.0,0.0,0.0,0.0,0.0,0.0,0.0,0.0,0.0,0.0,0.0,0.0,0.0,0.0,0.0,0.0,0.3936,0.01197,0.0,0.0,0.0,0.0,0.0,0.0,0.0,0.0,0.0,0.0,0.517241379310345,20.557029177718803,8.925729442970823,0.0,0.0,0.0,0.0,0.0,0.0,0.0,0.0,0.0,0.0,0.0,0.0,0.0,0.0,0.0,0.0,0.0
35900,4962,2566,0.5171301894397421,1314,1027,0.47178557033454255,1433,0.577589681580008,0.324,2.899415692821369,2.903049400002045,6.07323568575233,2.089531333764851,9523.330511890366,1614.051899554023,7853.0,11083.0,11083.0,0.0,7853.0,0.0,29.422208786779525,20.75942540064326,33.8306036499766,18.964300112717783,0.12011285771866183,0.09411527609834744,0.083031035872632,0.08162031438935913,0.08081418782748892,0.0796049979846836,0.0765820233776703,0.07033454252317614,0.05904877065699315,0.06307940346634422,0.05239822652156389,0.04070939137444579,0.034461910519951636,0.024788391777509067,0.020757758968158,0.010479645304312777,0.008061265618702136,0.9196647919026751,0.022955070553296476,0.0,0.0,0.0,0.0,0.0,0.0,0.0,0.0,0.0,0.0,0.0,0.0,0.0,0.0,0.0,0.0,0.0,0.0,0.0,0.0,0.0,0.0,0.0,0.0,0.0,0.30834340991535675,5.652962515114875,15.96735187424426,7.418379685610643,0.6529625151148732,3.8946902654867257,2.7401421288621903,nan,nan,nan,3.9308323563892147,2.784338865506191,3.8580760095011875,2.694134581617307,0.981490854788104,0.3933,0.01231,0.0,0.0,0.0,0.0,0.0,0.0,0.0,0.0,0.0,0.0,0.47158403869407506,20.417170495767806,9.11124546553809,0.0,0.0,0.0,0.0,0.0,0.0,0.0,0.0,0.0,0.0,0.0,0.0,0.0,0.0,0.0,0.0,0.0,nan,nan,3.8946902654867257,2.7401421288621903,nan,0.3933,0.05707,0.0,0.0,0.0,0.0,0.0,0.0,0.0,0.0,0.0,0.0,0.0,0.0,0.0,0.0,0.0,0.0,0.0,0.0,0.0,0.001098347440548166,0.00020153164046755341,0.0007053607416364369,2.015316404675534e-05,0.0025796049979846837,0.01722087867795244,0.004242241031841999,0.0022470777912132205,0.0002619911326078194,0.0025493752519145504,0.01803708182184603,0.011608222490931077,0.021846029826682788,0.04244256348246675,0.01185006045949214,0.058010882708585246,0.046785570334542524,0.06617291414752116,0.0750906892382104,0.05868601370415155,0.04100161225312374,0.09813583232567513,0.04944578798871423,0.10811164852881902,0.04243248690044337,0.03410923014913341,0.05142079806529625,0.033031035872632,0.03477428456267634,0.012857718661829907,0.01548770656993148,0.017623941958887546,0.007638049173720274,0.007900040306328094,0.003234582829504232,2.015316404675534e-05,0.0011084240225715438,1.007658202337767e-05,0.0,0.0,0.0,0.0,0.0,0.0,0.0,0.0,0.0,0.0,0.0,0.0,0.0,0.0,0.0,0.0,0.0,0.0,0.0,0.0,0.0,0.0,0.0,0.0,0.0,0.0,0.0,0.0,0.0,0.0,0.0,0.0,0.0,0.0,0.0,0.0,0.0,0.0,0.0,0.0,0.0,0.0,0.0,0.0,nan,nan,3.8946902654867257,2.7401421288621903,nan,0.9200502761573598,0.02313755580605872,0.0,0.0,0.0,0.0,0.0,0.0,0.0,0.0,0.0,0.0,0.0,0.0,0.0,0.0,0.0,0.0,0.0,0.0,0.0,0.0,0.0,0.0,0.0,0.0,0.0,0.3156664068589245,5.565081839438816,15.8651597817615,7.552611067809822,0.7014809041309433,0.9192519569287515,0.022750773079477236,0.0,0.0,0.0,0.0,0.0,0.0,0.0,0.0,0.0,0.0,0.0,0.0,0.0,0.0,0.0,0.0,0.0,0.0,0.0,0.0,0.0,0.0,0.0,0.0,0.0,0.3005008347245409,5.747078464106846,16.076794657762942,7.274624373956596,0.6010016694490818,0.3933,0.01225,0.0,0.0,0.0,0.0,0.0,0.0,0.0,0.0,0.0,0.0,0.5611847233047546,20.459859703819145,8.978955572876073,0.0,0.0,0.0,0.0,0.0,0.0,0.0,0.0,0.0,0.0,0.0,0.0,0.0,0.0,0.0,0.0,0.0,0.3936,0.01237,0.0,0.0,0.0,0.0,0.0,0.0,0.0,0.0,0.0,0.0,0.37562604340567624,20.37145242070114,9.252921535893156,0.0,0.0,0.0,0.0,0.0,0.0,0.0,0.0,0.0,0.0,0.0,0.0,0.0,0.0,0.0,0.0,0.0
36000,4105,2151,0.5239951278928137,1022,830,0.45115712545676007,1132,0.5515225334957369,0.4040000000000001,2.9508700102354144,3.109177118571441,6.6654205607476635,2.151769660906099,9545.504263093788,1613.1392032934696,7853.0,11083.0,11083.0,0.0,7853.0,0.0,27.21534713763703,20.48456614660054,32.27618490345231,18.716114545124483,0.14689403166869672,0.10377588306942753,0.09135200974421437,0.08185140073081608,0.08574908647990256,0.07429963459196103,0.07454323995127893,0.06285018270401949,0.061388550548112056,0.04969549330085262,0.04628501827040195,0.0389768574908648,0.02825822168087698,0.022168087697929353,0.017295980511571253,0.008526187576126675,0.0060901339829476245,0.918398834262202,0.022999681645505574,0.0,0.0,0.0,0.0,0.0,0.0,0.0,0.0,0.0,0.0,0.0,0.0,0.0,0.0,0.0,0.0,0.0,0.0,0.0,0.0,0.0,0.0,0.0,0.0,0.0,0.35079171741778326,5.912302070645555,16.19488428745433,6.957369062119368,0.5846528623629721,4.250287026406429,2.9054702676120914,nan,nan,nan,4.245775729646698,2.8863990299057853,4.254767353165523,2.9242805975145036,1.0021177810820387,0.3945,0.01209,0.0,0.0,0.0,0.0,0.0,0.0,0.0,0.0,0.0,0.0,0.32155907429963465,19.98051157125454,9.683313032886725,0.014616321559074302,0.0,0.0,0.0,0.0,0.0,0.0,0.0,0.0,0.0,0.0,0.0,0.0,0.0,0.0,0.0,0.0,nan,nan,4.250287026406429,2.9054702676120914,nan,0.3945,0.05673,0.0,0.0,0.0,0.0,0.0,0.0,0.0,0.0,0.0,0.0,0.0,0.0,0.0,0.0,0.0,0.0,0.0,0.0,3.654080389768575e-05,0.000584652862362972,0.0003045066991473812,0.000438489646772229,6.090133982947625e-05,0.002716199756394641,0.01561510353227771,0.004762484774665043,0.0023020706455542024,0.0004141291108404385,0.0018757612667478685,0.0164068209500609,0.011473812423873325,0.020365408038976858,0.04157125456760049,0.012728380024360535,0.061400730816077956,0.04400730816077954,0.06740560292326431,0.07260657734470158,0.05767356881851401,0.03998781973203411,0.09823386114494519,0.052679658952496954,0.10881851400730816,0.04126674786845311,0.03627283800243605,0.049707673568818514,0.03352009744214373,0.03567600487210719,0.013495736906211937,0.016297198538367846,0.01964677222898904,0.00853836784409257,0.00635809987819732,0.003909866017052375,1.218026796589525e-05,0.0008160779537149817,1.218026796589525e-05,0.0,0.0,0.0,0.0,0.0,0.0,0.0,0.0,0.0,0.0,0.0,0.0,0.0,0.0,0.0,0.0,0.0,0.0,0.0,0.0,0.0,0.0,0.0,0.0,0.0,0.0,0.0,0.0,0.0,0.0,0.0,0.0,0.0,0.0,0.0,0.0,0.0,0.0,0.0,0.0,0.0,0.0,0.0,0.0,nan,nan,4.250287026406429,2.9054702676120914,nan,0.9184194912970316,0.023116390820389864,0.0,0.0,0.0,0.0,0.0,0.0,0.0,0.0,0.0,0.0,0.0,0.0,0.0,0.0,0.0,0.0,0.0,0.0,0.0,0.0,0.0,0.0,0.0,0.0,0.0,0.30683403068340315,5.899581589958161,16.304044630404466,6.84797768479777,0.6415620641562065,0.9183760946092244,0.02287049575823998,0.0,0.0,0.0,0.0,0.0,0.0,0.0,0.0,0.0,0.0,0.0,0.0,0.0,0.0,0.0,0.0,0.0,0.0,0.0,0.0,0.0,0.0,0.0,0.0,0.0,0.399181166837257,5.9263050153531225,16.074718526100312,7.077789150460595,0.5220061412487207,0.3945,0.01203,0.0,0.0,0.0,0.0,0.0,0.0,0.0,0.0,0.0,0.0,0.32078103207810327,20.139470013946973,9.539748953974897,0.0,0.0,0.0,0.0,0.0,0.0,0.0,0.0,0.0,0.0,0.0,0.0,0.0,0.0,0.0,0.0,0.0,0.3945,0.01215,0.0,0.0,0.0,0.0,0.0,0.0,0.0,0.0,0.0,0.0,0.3224155578300922,19.805527123848485,9.841351074718528,0.030706243602865925,0.0,0.0,0.0,0.0,0.0,0.0,0.0,0.0,0.0,0.0,0.0,0.0,0.0,0.0,0.0,0.0
36100,3990,2102,0.5268170426065163,985,773,0.4406015037593985,1096,0.5493734335839598,0.4280000000000001,3.003707627118644,3.082977976349116,6.479128856624319,2.1084524312638218,9554.619047619048,1612.675460404098,7853.0,11083.0,11083.0,0.0,7853.0,0.0,28.829323308270677,21.324916704981973,33.71962062833432,19.55239159099986,0.1343358395989975,0.09899749373433583,0.08571428571428572,0.08847117794486216,0.07919799498746867,0.07593984962406015,0.06992481203007518,0.06190476190476191,0.05162907268170426,0.05037593984962406,0.05363408521303258,0.04486215538847118,0.037092731829573934,0.028070175438596492,0.02030075187969925,0.009774436090225564,0.009774436090225564,0.9189947815317857,0.023303673272417905,0.0,0.0,0.0,0.0,0.0,0.0,0.0,0.0,0.0,0.0,0.0,0.0,0.0,0.0,0.0,0.0,0.0,0.0,0.0,0.0,0.0,0.0,0.0,0.0,0.007518796992481205,0.42857142857142866,5.8045112781954895,15.699248120300755,7.3834586466165435,0.6766917293233083,4.2746074301034085,2.912624331263034,nan,nan,nan,4.2650878533231475,2.891600876046624,4.2841781874039935,2.9335777989520304,1.0044759533067933,0.3945,0.01191,0.0,0.0,0.0,0.0,0.0,0.0,0.0,0.0,0.0,0.0,0.29323308270676696,19.62406015037591,10.082706766917296,0.0,0.0,0.0,0.0,0.0,0.0,0.0,0.0,0.0,0.0,0.0,0.0,0.0,0.0,0.0,0.0,0.0,nan,nan,4.2746074301034085,2.912624331263034,nan,0.3945,0.05637,0.0,0.0,0.0,0.0,0.0,0.0,0.0,0.0,0.0,0.0,0.0,0.0,0.0,0.0,0.0,0.0,0.0,0.0,3.759398496240601e-05,0.0005639097744360903,0.0002005012531328321,0.0003383458646616541,0.00018796992481203009,0.002581453634085213,0.015526315789473685,0.004899749373433584,0.002543859649122807,0.0002756892230576441,0.0020050125313283208,0.014185463659147869,0.01075187969924812,0.01994987468671679,0.042030075187969924,0.011791979949874687,0.0618922305764411,0.04339598997493734,0.06785714285714285,0.07587719298245614,0.06080200501253133,0.03953634085213033,0.0988095238095238,0.05323308270676692,0.10291979949874687,0.043383458646616545,0.039912280701754385,0.04779448621553885,0.034210526315789476,0.03402255639097744,0.012080200501253132,0.0168671679197995,0.019335839598997494,0.009022556390977444,0.006403508771929824,0.0035213032581453635,2.506265664160401e-05,0.0012280701754385965,0.0,0.0,0.0,0.0,0.0,0.0,0.0,0.0,0.0,0.0,0.0,0.0,0.0,0.0,0.0,0.0,0.0,0.0,0.0,0.0,0.0,0.0,0.0,0.0,0.0,0.0,0.0,0.0,0.0,0.0,0.0,0.0,0.0,0.0,0.0,0.0,0.0,0.0,0.0,0.0,0.0,0.0,0.0,0.0,0.0,nan,nan,4.2746074301034085,2.912624331263034,nan,0.9191605913763836,0.02284513340559057,0.0,0.0,0.0,0.0,0.0,0.0,0.0,0.0,0.0,0.0,0.0,0.0,0.0,0.0,0.0,0.0,0.0,0.0,0.0,0.0,0.0,0.0,0.0,0.0,0.0,0.39961941008563284,5.780209324452903,15.742150333016179,7.4500475737392975,0.6279733587059944,0.918810177562853,0.02380243939381252,0.0,0.0,0.0,0.0,0.0,0.0,0.0,0.0,0.0,0.0,0.0,0.0,0.0,0.0,0.0,0.0,0.0,0.0,0.0,0.0,0.0,0.0,0.0,0.0,0.01588983050847458,0.4608050847457628,5.83156779661017,15.651483050847462,7.309322033898307,0.7309322033898307,0.3945,0.01182,0.0,0.0,0.0,0.0,0.0,0.0,0.0,0.0,0.0,0.0,0.2997145575642246,19.795432921027565,9.904852521408184,0.0,0.0,0.0,0.0,0.0,0.0,0.0,0.0,0.0,0.0,0.0,0.0,0.0,0.0,0.0,0.0,0.0,0.3948,0.01201,0.0,0.0,0.0,0.0,0.0,0.0,0.0,0.0,0.0,0.0,0.28601694915254244,19.43326271186438,10.280720338983052,0.0,0.0,0.0,0.0,0.0,0.0,0.0,0.0,0.0,0.0,0.0,0.0,0.0,0.0,0.0,0.0,0.0
36200,4025,2103,0.5224844720496894,953,781,0.43080745341614907,1090,0.5416149068322982,0.4480000000000001,3.0119667013527573,3.1921408405039657,6.7701149425287355,2.193867189119067,9540.624844720496,1613.3662423421795,7853.0,11083.0,11083.0,0.0,7853.0,0.0,27.534906832298137,20.785860851230662,32.27776141384389,19.181998426104375,0.13888198757763975,0.1031055900621118,0.10583850931677019,0.08347826086956522,0.08099378881987578,0.07279503105590063,0.07180124223602484,0.05937888198757764,0.051925465838509315,0.053664596273291926,0.044968944099378884,0.03900621118012423,0.036521739130434785,0.024596273291925465,0.017391304347826087,0.006708074534161491,0.008944099378881987,0.9201456478811939,0.023013813198879463,0.0,0.0,0.0,0.0,0.0,0.0,0.0,0.0,0.0,0.0,0.0,0.0,0.0,0.0,0.0,0.0,0.0,0.0,0.0,0.0,0.0,0.0,0.0,0.0,0.0,0.25341614906832305,5.508074534161492,15.622360248447208,7.930434782608698,0.6857142857142858,4.359116022099448,2.972725558375363,nan,nan,nan,4.290752351097178,2.89756287142185,4.425616547334925,3.0450469906324527,1.0314313633606145,0.3953,0.01165,0.0,0.0,0.0,0.0,0.0,0.0,0.0,0.0,0.0,0.0,0.23850931677018639,19.706832298136618,10.0472049689441,0.0074534161490683246,0.0,0.0,0.0,0.0,0.0,0.0,0.0,0.0,0.0,0.0,0.0,0.0,0.0,0.0,0.0,0.0,nan,nan,4.359116022099448,2.972725558375363,nan,0.3953,0.0562,0.0,0.0,0.0,0.0,0.0,0.0,0.0,0.0,0.0,0.0,0.0,0.0,0.0,0.0,0.0,0.0,0.0,0.0,0.0,0.0010186335403726708,0.00028571428571428574,0.00023602484472049688,0.00044720496894409936,0.0034285714285714284,0.013763975155279502,0.004161490683229813,0.0022111801242236024,6.211180124223603e-05,0.0016894409937888199,0.01391304347826087,0.009664596273291925,0.01795031055900621,0.0426832298136646,0.011490683229813664,0.06354037267080745,0.042161490683229816,0.06747826086956522,0.07787577639751553,0.058608695652173914,0.041118012422360246,0.10139130434782609,0.05457142857142857,0.10124223602484472,0.04217391304347826,0.04129192546583851,0.04852173913043478,0.0353416149068323,0.033204968944099376,0.01093167701863354,0.01634782608695652,0.01968944099378882,0.008472049689440994,0.0066956521739130435,0.004521739130434782,2.484472049689441e-05,0.0017888198757763975,0.0,0.0,0.0,0.0,0.0,0.0,0.0,0.0,0.0,0.0,0.0,0.0,0.0,0.0,0.0,0.0,0.0,0.0,0.0,0.0,0.0,0.0,0.0,0.0,0.0,0.0,0.0,0.0,0.0,0.0,0.0,0.0,0.0,0.0,0.0,0.0,0.0,0.0,0.0,0.0,0.0,0.0,0.0,0.0,0.0,nan,nan,4.359116022099448,2.972725558375363,nan,0.9205818840905252,0.022682952247772094,0.0,0.0,0.0,0.0,0.0,0.0,0.0,0.0,0.0,0.0,0.0,0.0,0.0,0.0,0.0,0.0,0.0,0.0,0.0,0.0,0.0,0.0,0.0,0.0,0.0,0.15691868758915836,5.506419400855921,15.74893009985735,7.931526390870187,0.6562054208273895,0.9196683301141682,0.023361135272444232,0.0,0.0,0.0,0.0,0.0,0.0,0.0,0.0,0.0,0.0,0.0,0.0,0.0,0.0,0.0,0.0,0.0,0.0,0.0,0.0,0.0,0.0,0.0,0.0,0.0,0.35900104058272636,5.509885535900105,15.48387096774194,7.929240374609783,0.7180020811654527,0.3953,0.01157,0.0,0.0,0.0,0.0,0.0,0.0,0.0,0.0,0.0,0.0,0.22824536376604856,19.757489300998547,10.000000000000002,0.014265335235378035,0.0,0.0,0.0,0.0,0.0,0.0,0.0,0.0,0.0,0.0,0.0,0.0,0.0,0.0,0.0,0.0,0.395,0.01173,0.0,0.0,0.0,0.0,0.0,0.0,0.0,0.0,0.0,0.0,0.24973985431841839,19.651404786680516,10.098855359001043,0.0,0.0,0.0,0.0,0.0,0.0,0.0,0.0,0.0,0.0,0.0,0.0,0.0,0.0,0.0,0.0,0.0
36300,4485,2305,0.5139353400222966,1077,938,0.4492753623188406,1268,0.5654403567447046,0.4240000000000001,2.944954128440367,3.139961030510595,6.658206429780034,2.260885567934692,9513.011148272019,1614.3726324895486,7853.0,11083.0,11083.0,0.0,7853.0,0.0,27.51148272017837,20.66451597382656,32.4170653907496,18.95230747533214,0.13846153846153847,0.1076923076923077,0.09342251950947603,0.08517279821627648,0.07892976588628763,0.0758082497212932,0.07892976588628763,0.059085841694537344,0.05730211817168339,0.051950947603121515,0.04280936454849498,0.03924191750278707,0.03277591973244147,0.024526198439241916,0.0189520624303233,0.009364548494983277,0.005574136008918618,0.920986310454914,0.02280047660735958,0.0,0.0,0.0,0.0,0.0,0.0,0.0,0.0,0.0,0.0,0.0,0.0,0.0,0.0,0.0,0.0,0.0,0.0,0.0,0.0,0.0,0.0,0.0,0.0,0.0,0.23411371237458198,5.123745819397994,15.852842809364551,8.05351170568562,0.7357859531772577,4.292173913043478,2.940841282356993,nan,nan,nan,4.307960893854749,2.9527457685838283,4.27253814147018,2.926028928691763,0.9917773737372828,0.3958,0.01183,0.0,0.0,0.0,0.0,0.0,0.0,0.0,0.0,0.0,0.0,0.21404682274247497,18.943143812709003,10.836120401337794,0.006688963210702343,0.0,0.0,0.0,0.0,0.0,0.0,0.0,0.0,0.0,0.0,0.0,0.0,0.0,0.0,0.0,0.0,nan,nan,4.292173913043478,2.940841282356993,nan,0.3958,0.0558,0.0,0.0,0.0,0.0,0.0,0.0,0.0,0.0,0.0,0.0,0.0,0.0,0.0,0.0,0.0,0.0,0.0,0.0,0.0,0.0010367892976588628,0.00026755852842809364,0.0003232998885172798,0.00037904124860646597,0.002887402452619844,0.013634336677814938,0.003701226309921962,0.0018617614269788184,8.918617614269788e-05,0.0014158305462653288,0.01334448160535117,0.010423634336677815,0.0173355629877369,0.04220735785953177,0.011516164994425863,0.06365663322185061,0.04322185061315496,0.06711259754738015,0.07746934225195094,0.054659977703455966,0.03964325529542921,0.10746934225195094,0.055919732441471574,0.1025752508361204,0.03949832775919732,0.04244147157190636,0.04843924191750279,0.035830546265328875,0.03404682274247492,0.011003344481605351,0.01556298773690078,0.018439241917502788,0.010167224080267559,0.0073244147157190635,0.0033890746934225197,2.229654403567447e-05,0.0016722408026755853,1.1148272017837235e-05,0.0,0.0,0.0,0.0,0.0,0.0,0.0,0.0,0.0,0.0,0.0,0.0,0.0,0.0,0.0,0.0,0.0,0.0,0.0,0.0,0.0,0.0,0.0,0.0,0.0,0.0,0.0,0.0,0.0,0.0,0.0,0.0,0.0,0.0,0.0,0.0,0.0,0.0,0.0,0.0,0.0,0.0,0.0,0.0,nan,nan,4.292173913043478,2.940841282356993,nan,0.9204925802162568,0.022954565949348218,0.0,0.0,0.0,0.0,0.0,0.0,0.0,0.0,0.0,0.0,0.0,0.0,0.0,0.0,0.0,0.0,0.0,0.0,0.0,0.0,0.0,0.0,0.0,0.0,0.0,0.2603036876355749,5.310195227765727,15.85249457700651,7.757049891540132,0.8199566160520609,0.9215083509136778,0.022624695173811105,0.0,0.0,0.0,0.0,0.0,0.0,0.0,0.0,0.0,0.0,0.0,0.0,0.0,0.0,0.0,0.0,0.0,0.0,0.0,0.0,0.0,0.0,0.0,0.0,0.0,0.2064220183486239,4.926605504587156,15.853211009174315,8.366972477064222,0.6467889908256882,0.3953,0.01182,0.0,0.0,0.0,0.0,0.0,0.0,0.0,0.0,0.0,0.0,0.24728850325379614,19.275488069414287,10.47722342733189,0.0,0.0,0.0,0.0,0.0,0.0,0.0,0.0,0.0,0.0,0.0,0.0,0.0,0.0,0.0,0.0,0.0,0.396,0.011826,0.0,0.0,0.0,0.0,0.0,0.0,0.0,0.0,0.0,0.0,0.1788990825688074,18.591743119266027,11.21559633027523,0.01376146788990826,0.0,0.0,0.0,0.0,0.0,0.0,0.0,0.0,0.0,0.0,0.0,0.0,0.0,0.0,0.0,0.0
36400,4708,2428,0.5157179269328802,1179,945,0.4511469838572642,1346,0.5717926932880204,0.4040000000000001,3.045175438596491,3.1263135435733362,6.6006006006006,2.0758007101424423,9518.768903993203,1614.2018208350928,7853.0,11083.0,11083.0,0.0,7853.0,0.0,28.418436703483433,20.931157539057367,33.19282848545637,19.172596174118897,0.13423959218351741,0.09983007646559049,0.0911214953271028,0.08071367884451996,0.08411214953271028,0.07880203908241291,0.06881903143585387,0.05926083262531861,0.056074766355140186,0.05989804587935429,0.0477909940526763,0.044604927782497875,0.03462192013593883,0.024426508071367883,0.018054375531011045,0.010195412064570943,0.007434154630416313,0.9234609333964455,0.02246273778297131,0.0,0.0,0.0,0.0,0.0,0.0,0.0,0.0,0.0,0.0,0.0,0.0,0.0,0.0,0.0,0.0,0.0,0.0,0.0,0.0,0.0,0.0,0.0,0.0,0.0,0.15293118096856417,4.2565845369583695,15.465165675446052,9.373406966864913,0.7519116397621073,4.365964343598055,2.919438360768502,nan,nan,nan,4.265748031496063,2.858584259385743,4.4638052530429215,2.9743947857198947,1.0464296578430108,0.396,0.012146,0.0,0.0,0.0,0.0,0.0,0.0,0.0,0.0,0.0,0.0,0.2166525063721326,18.383602378929453,11.387000849617674,0.012744265080713682,0.0,0.0,0.0,0.0,0.0,0.0,0.0,0.0,0.0,0.0,0.0,0.0,0.0,0.0,0.0,0.0,nan,nan,4.365964343598055,2.919438360768502,nan,0.396,0.05582,0.0,0.0,0.0,0.0,0.0,0.0,0.0,0.0,0.0,0.0,0.0,0.0,0.0,0.0,0.0,0.0,0.0,0.0,0.0,0.0008814783347493628,0.0004248088360237893,0.000435429056924384,0.000159303313508921,0.0027187765505522514,0.012861087510620222,0.004226847918436703,0.002506372132540357,0.00013806287170773152,0.0014868309260832626,0.012202633814783348,0.010577740016992354,0.016248937977909942,0.04425446049277825,0.011777824978759559,0.060641461342395925,0.04542268479184367,0.0675339847068819,0.07146346644010196,0.05553313508920985,0.03899745114698386,0.11053525913338998,0.05419498725573492,0.10309048428207307,0.04123831775700935,0.04376593033135089,0.049097281223449446,0.03525913338997451,0.03492990654205608,0.010577740016992354,0.01485768903993203,0.018319881053525913,0.010312234494477485,0.00774214103653356,0.0030480033984706884,6.37213254035684e-05,0.002410790144435004,5.310110450297366e-05,0.0,1.0620220900594732e-05,0.0,0.0,0.0,0.0,0.0,0.0,0.0,0.0,0.0,0.0,0.0,0.0,0.0,0.0,0.0,0.0,0.0,0.0,0.0,0.0,0.0,0.0,0.0,0.0,0.0,0.0,0.0,0.0,0.0,0.0,0.0,0.0,0.0,0.0,0.0,0.0,0.0,0.0,0.0,0.0,0.0,0.0,nan,nan,4.365964343598055,2.919438360768502,nan,0.9240288803663835,0.022611740173280482,0.0,0.0,0.0,0.0,0.0,0.0,0.0,0.0,0.0,0.0,0.0,0.0,0.0,0.0,0.0,0.0,0.0,0.0,0.0,0.0,0.0,0.0,0.0,0.0,0.0,0.06177924217462934,4.398682042833609,14.925864909390448,9.761120263591435,0.8525535420098849,0.9228561196933713,0.022287061669098426,0.0,0.0,0.0,0.0,0.0,0.0,0.0,0.0,0.0,0.0,0.0,0.0,0.0,0.0,0.0,0.0,0.0,0.0,0.0,0.0,0.0,0.0,0.0,0.0,0.0,0.25000000000000006,4.105263157894738,16.03947368421053,8.960526315789476,0.6447368421052633,0.3958,0.012344,0.0,0.0,0.0,0.0,0.0,0.0,0.0,0.0,0.0,0.0,0.22240527182866562,18.496705107083994,11.268533772652392,0.012355848434925867,0.0,0.0,0.0,0.0,0.0,0.0,0.0,0.0,0.0,0.0,0.0,0.0,0.0,0.0,0.0,0.0,0.3962,0.01193,0.0,0.0,0.0,0.0,0.0,0.0,0.0,0.0,0.0,0.0,0.21052631578947373,18.263157894736818,11.513157894736846,0.013157894736842108,0.0,0.0,0.0,0.0,0.0,0.0,0.0,0.0,0.0,0.0,0.0,0.0,0.0,0.0,0.0,0.0
36500,4748,2439,0.5136899747262005,1105,994,0.4420808761583825,1332,0.561078348778433,0.4280000000000001,3.01948895625812,3.1559799080714823,6.685393258426966,2.228639314033852,9512.218618365627,1614.3945347373533,7853.0,11083.0,11083.0,0.0,7853.0,0.0,27.54401853411963,20.88006732470159,32.728585909782055,19.10037187213036,0.14721988205560235,0.10004212299915755,0.09709351305812974,0.08045492839090143,0.07982308340353833,0.07603201347935973,0.07266217354675653,0.061920808761583825,0.061920808761583825,0.04570345408593092,0.04528222409435552,0.038542544229149114,0.03411962931760741,0.02611625947767481,0.015374894692502106,0.009688289806234204,0.008003369839932602,0.9239127877738763,0.023101857800059855,0.0,0.0,0.0,0.0,0.0,0.0,0.0,0.0,0.0,0.0,0.0,0.0,0.0,0.0,0.0,0.0,0.0,0.0,0.0,0.0,0.0,0.0,0.0,0.0,0.006318449873631004,0.1895534962089301,4.385004212299917,15.05054759898905,9.37657961246841,0.9919966301600676,4.401532822392536,2.8673408880731626,nan,nan,nan,4.371181938911023,2.8076339322596033,4.432107023411371,2.9259373895001732,1.0139378971984694,0.3958,0.01209,0.0,0.0,0.0,0.0,0.0,0.0,0.0,0.0,0.0,0.0,0.25905644481887113,18.51937657961244,11.202611625947771,0.01895534962089301,0.0,0.0,0.0,0.0,0.0,0.0,0.0,0.0,0.0,0.0,0.0,0.0,0.0,0.0,0.0,0.0,nan,nan,4.401532822392536,2.8673408880731626,nan,0.3958,0.0562,0.0,0.0,0.0,0.0,0.0,0.0,0.0,0.0,0.0,0.0,0.0,0.0,0.0,0.0,0.0,0.0,0.0,0.0,1.0530749789385004e-05,0.0012320977253580455,0.00041069924178601514,0.0004738837405223252,0.00011583824768323504,0.002769587194608256,0.012973883740522326,0.0056971356360572874,0.002464195450716091,0.00012636899747262004,0.0017691659646166806,0.0120787700084246,0.010341196293176074,0.016512215669755685,0.04210193765796125,0.010509688289806234,0.06304759898904802,0.047588458298230836,0.06582771693344566,0.07340985678180287,0.05368576242628475,0.039511373209772535,0.10739258635214827,0.054728306655433864,0.10167438921651221,0.04215459140690817,0.045292754844144904,0.04916807076663859,0.03609941027801179,0.03505686604886268,0.009519797809604044,0.014890480202190396,0.017396798652064026,0.010204296545914069,0.007603201347935973,0.003359309182813816,7.371524852569503e-05,0.002674810446503791,5.265374894692502e-05,0.0,0.0,0.0,0.0,0.0,0.0,0.0,0.0,0.0,0.0,0.0,0.0,0.0,0.0,0.0,0.0,0.0,0.0,0.0,0.0,0.0,0.0,0.0,0.0,0.0,0.0,0.0,0.0,0.0,0.0,0.0,0.0,0.0,0.0,0.0,0.0,0.0,0.0,0.0,0.0,0.0,0.0,0.0,0.0,nan,nan,4.401532822392536,2.8673408880731626,nan,0.9236698226393026,0.023205959835552157,0.0,0.0,0.0,0.0,0.0,0.0,0.0,0.0,0.0,0.0,0.0,0.0,0.0,0.0,0.0,0.0,0.0,0.0,0.0,0.0,0.0,0.0,0.0,0.0,0.012300123001230016,0.14760147601476017,4.624846248462485,14.883148831488318,9.384993849938501,0.9471094710947111,0.9241694321927698,0.022988594112998986,0.0,0.0,0.0,0.0,0.0,0.0,0.0,0.0,0.0,0.0,0.0,0.0,0.0,0.0,0.0,0.0,0.0,0.0,0.0,0.0,0.0,0.0,0.0,0.0,0.0,0.23386747509744482,4.1316587267215255,15.227371156344741,9.367691641403207,1.039411000433088,0.3955,0.01205,0.0,0.0,0.0,0.0,0.0,0.0,0.0,0.0,0.0,0.0,0.19680196801968025,18.74538745387451,11.033210332103325,0.02460024600246003,0.0,0.0,0.0,0.0,0.0,0.0,0.0,0.0,0.0,0.0,0.0,0.0,0.0,0.0,0.0,0.0,0.396,0.01214,0.0,0.0,0.0,0.0,0.0,0.0,0.0,0.0,0.0,0.0,0.32481593763534,18.28064097011691,11.381550454742316,0.012992637505413601,0.0,0.0,0.0,0.0,0.0,0.0,0.0,0.0,0.0,0.0,0.0,0.0,0.0,0.0,0.0,0.0
36600,4939,2491,0.5043531079165823,1195,1006,0.4456367685766349,1411,0.5713707228183843,0.4040000000000001,2.9142156862745097,3.005032903457973,6.222972972972973,2.1897209063983905,9482.06053857056,1614.9387917983474,7853.0,11083.0,11083.0,0.0,7853.0,0.0,28.392589593035026,20.922788129834842,33.16782213722209,19.166097030091514,0.13383275966794897,0.0957683741648107,0.09840048592832557,0.08382263616116623,0.08078558412634136,0.07673618141324155,0.06317068232435716,0.062360801781737196,0.0643855031382871,0.0554768171694675,0.046163190929337926,0.04191131808058311,0.03441992306134845,0.02713099817776878,0.017614901801984207,0.011135857461024499,0.00688398461226969,0.9223398888103873,0.023169000929562655,0.0,0.0,0.0,0.0,0.0,0.0,0.0,0.0,0.0,0.0,0.0,0.0,0.0,0.0,0.0,0.0,0.0,0.0,0.0,0.0,0.0,0.0,0.0,0.0,0.012148208139299456,0.20651953836809075,4.90787608827698,15.264223527029767,8.734561652156309,0.8746709860295608,4.2904331567466505,2.8264055785056006,nan,nan,nan,4.1713048855906,2.8048844827312487,4.41169076052797,2.8438673918115076,1.0576284595661567,0.396,0.011925,0.0,0.0,0.0,0.0,0.0,0.0,0.0,0.0,0.0,0.0,0.20044543429844103,18.79327799149623,10.988054261996359,0.018222312208949182,0.0,0.0,0.0,0.0,0.0,0.0,0.0,0.0,0.0,0.0,0.0,0.0,0.0,0.0,0.0,0.0,nan,nan,4.2904331567466505,2.8264055785056006,nan,0.396,0.0567,0.0,0.0,0.0,0.0,0.0,0.0,0.0,0.0,0.0,0.0,0.0,0.0,0.0,0.0,0.0,0.0,0.0,0.0,0.0,0.0013261793885401903,0.0005264223527029763,0.0004251872848754809,0.00014172909495849362,0.0034116217857865965,0.012765742053047176,0.00600323952217048,0.002510629682121887,0.00021259364243774045,0.0016703786191536749,0.01222919619356145,0.01177363838833772,0.016349463454140515,0.041222919619356146,0.010032395221704798,0.062472160356347436,0.04726665316865762,0.06352500506175339,0.07557197813322535,0.05263211176351488,0.03964365256124722,0.10707633124114194,0.05644867382061146,0.09749949382466086,0.042721198623203074,0.04567726260376594,0.04762097590605386,0.036383883377201866,0.03714314638590808,0.009880542619963555,0.01573192954039279,0.016744280218667747,0.010609435108321522,0.008969427009516097,0.0031889046365661065,9.11115610447459e-05,0.0024600121482081395,4.0494027130998175e-05,0.0,0.0,0.0,0.0,0.0,0.0,0.0,0.0,0.0,0.0,0.0,0.0,0.0,0.0,0.0,0.0,0.0,0.0,0.0,0.0,0.0,0.0,0.0,0.0,0.0,0.0,0.0,0.0,0.0,0.0,0.0,0.0,0.0,0.0,0.0,0.0,0.0,0.0,0.0,0.0,0.0,0.0,0.0,0.0,nan,nan,4.2904331567466505,2.8264055785056006,nan,0.9218937048515801,0.023218686309161938,0.0,0.0,0.0,0.0,0.0,0.0,0.0,0.0,0.0,0.0,0.0,0.0,0.0,0.0,0.0,0.0,0.0,0.0,0.0,0.0,0.0,0.0,0.0,0.0,0.012043356081894824,0.20473705339221202,4.997992773986352,15.367322360497795,8.598956242472903,0.8189482135688481,0.922793910150824,0.02310949193180229,0.0,0.0,0.0,0.0,0.0,0.0,0.0,0.0,0.0,0.0,0.0,0.0,0.0,0.0,0.0,0.0,0.0,0.0,0.0,0.0,0.0,0.0,0.0,0.0,0.012254901960784317,0.20833333333333337,4.816176470588236,15.159313725490199,8.872549019607845,0.931372549019608,0.3958,0.01203,0.0,0.0,0.0,0.0,0.0,0.0,0.0,0.0,0.0,0.0,0.22882376555600165,18.643115214773157,11.116017663588924,0.012043356081894824,0.0,0.0,0.0,0.0,0.0,0.0,0.0,0.0,0.0,0.0,0.0,0.0,0.0,0.0,0.0,0.0,0.396,0.01182,0.0,0.0,0.0,0.0,0.0,0.0,0.0,0.0,0.0,0.0,0.17156862745098045,18.946078431372523,10.857843137254905,0.024509803921568634,0.0,0.0,0.0,0.0,0.0,0.0,0.0,0.0,0.0,0.0,0.0,0.0,0.0,0.0,0.0,0.0
36700,4758,2455,0.5159730979403111,1162,966,0.44724674232870953,1317,0.5535939470365699,0.4160000000000001,2.8836300477637864,3.055487212731362,6.530448717948718,2.0944912003624627,9519.593106347205,1614.17568789071,7853.0,11083.0,11083.0,0.0,7853.0,0.0,28.291719209751996,21.15076832612436,33.36217707549536,19.3540988627684,0.14102564102564102,0.10235393022278268,0.08743169398907104,0.08364859184531316,0.07881462799495587,0.07545187053383774,0.06830601092896176,0.06557377049180328,0.057166876839007986,0.05170239596469105,0.04371584699453552,0.04455653635981505,0.0367801597309794,0.02437999159310635,0.020596889449348465,0.01197982345523329,0.006515342580916352,0.9225982871813251,0.02303687530547326,0.0,0.0,0.0,0.0,0.0,0.0,0.0,0.0,0.0,0.0,0.0,0.0,0.0,0.0,0.0,0.0,0.0,0.0,0.0,0.0,0.0,0.0,0.0,0.0,0.0,0.26481715006305173,4.457755359394705,15.819672131147543,8.619167717528375,0.8385876418663306,4.1214470284237725,2.832326309716695,nan,nan,nan,4.120857699805068,2.8279125380447283,4.122029543994862,2.8366821857846016,1.0002843690015915,0.396,0.01184,0.0,0.0,0.0,0.0,0.0,0.0,0.0,0.0,0.0,0.0,0.17023959646910472,18.694829760403504,11.128625472887771,0.006305170239596471,0.0,0.0,0.0,0.0,0.0,0.0,0.0,0.0,0.0,0.0,0.0,0.0,0.0,0.0,0.0,0.0,nan,nan,4.1214470284237725,2.832326309716695,nan,0.396,0.05707,0.0,0.0,0.0,0.0,0.0,0.0,0.0,0.0,0.0,0.0,0.0,0.0,0.0,0.0,0.0,0.0,0.0,0.0,0.0,0.0013135771332492645,0.0003993274485077764,0.0005884825556956704,0.00011559478772593527,0.0034573350147120638,0.012683900798654897,0.006073980664144598,0.0020386717108028586,0.0003467843631778058,0.0019651113913408996,0.012967633459436738,0.013146279949558639,0.016225304749894913,0.04236023539302228,0.009258091635140816,0.0598150483396385,0.04976881042454813,0.06163303909205549,0.07555695670449769,0.052690205968894496,0.041509037410676755,0.10404581757040773,0.05481294661622531,0.09699453551912568,0.044167717528373264,0.04544976881042455,0.04870744010088272,0.036443883984867594,0.03658049600672551,0.009405212274064732,0.014974779319041615,0.016981925178646492,0.010298444724674232,0.011811685582177385,0.0028373266078184113,0.00016813787305590584,0.002332912988650694,2.101723413198823e-05,1.0508617065994115e-05,0.0,4.203446826397646e-05,0.0,0.0,0.0,0.0,0.0,0.0,0.0,0.0,0.0,0.0,0.0,0.0,0.0,0.0,0.0,0.0,0.0,0.0,0.0,0.0,0.0,0.0,0.0,0.0,0.0,0.0,0.0,0.0,0.0,0.0,0.0,0.0,0.0,0.0,0.0,0.0,0.0,0.0,0.0,0.0,0.0,nan,nan,4.1214470284237725,2.832326309716695,nan,0.9221941079967133,0.023087960194943413,0.0,0.0,0.0,0.0,0.0,0.0,0.0,0.0,0.0,0.0,0.0,0.0,0.0,0.0,0.0,0.0,0.0,0.0,0.0,0.0,0.0,0.0,0.0,0.0,0.0,0.32993890020366606,4.570264765784115,15.873727087576377,8.468431771894096,0.7576374745417517,0.9230291425431235,0.022974465084927093,0.0,0.0,0.0,0.0,0.0,0.0,0.0,0.0,0.0,0.0,0.0,0.0,0.0,0.0,0.0,0.0,0.0,0.0,0.0,0.0,0.0,0.0,0.0,0.0,0.0,0.195397307859314,4.33782023447677,15.762049500651328,8.779852366478508,0.9248805905340862,0.396,0.01187,0.0,0.0,0.0,0.0,0.0,0.0,0.0,0.0,0.0,0.0,0.17107942973523427,18.659877800407305,11.169042769857437,0.0,0.0,0.0,0.0,0.0,0.0,0.0,0.0,0.0,0.0,0.0,0.0,0.0,0.0,0.0,0.0,0.0,0.396,0.01181,0.0,0.0,0.0,0.0,0.0,0.0,0.0,0.0,0.0,0.0,0.16934433347807212,18.73208858011287,11.085540599218414,0.013026487190620932,0.0,0.0,0.0,0.0,0.0,0.0,0.0,0.0,0.0,0.0,0.0,0.0,0.0,0.0,0.0,0.0
36800,4842,2554,0.5274679884345311,1170,971,0.44217265592730276,1335,0.5514250309789344,0.4200000000000001,2.9667832167832167,3.1119465500916648,6.663461538461538,2.126348336590388,9556.721602643536,1612.5611545688314,7853.0,11083.0,11083.0,0.0,7853.0,0.0,27.882693102023957,21.0205116565209,32.974530168150345,19.264135538695843,0.14147046674927716,0.10223048327137546,0.09314332920280875,0.08508880627839735,0.08302354399008674,0.07187112763320942,0.06815365551425032,0.06691449814126393,0.05349029326724494,0.05059892606361008,0.04543577034283354,0.04192482445270549,0.03676166873192895,0.020859149111937217,0.020239570425444033,0.01197852127220157,0.006815365551425031,0.9222149627482482,0.02330132546724217,0.0,0.0,0.0,0.0,0.0,0.0,0.0,0.0,0.0,0.0,0.0,0.0,0.0,0.0,0.0,0.0,0.0,0.0,0.0,0.0,0.0,0.0,0.0,0.0,0.012391573729863695,0.2478314745972739,4.96282527881041,15.371747211895913,8.630731102850064,0.774473358116481,4.310802069857697,2.92335906199112,nan,nan,nan,4.271307742355238,2.8909776721275997,4.34983922829582,2.9544981739176968,1.0183858178051295,0.396,0.01187,0.0,0.0,0.0,0.0,0.0,0.0,0.0,0.0,0.0,0.0,0.21685254027261466,18.531598513011126,11.251548946716236,0.0,0.0,0.0,0.0,0.0,0.0,0.0,0.0,0.0,0.0,0.0,0.0,0.0,0.0,0.0,0.0,0.0,nan,nan,4.310802069857697,2.92335906199112,nan,0.396,0.05707,0.0,0.0,0.0,0.0,0.0,0.0,0.0,0.0,0.0,0.0,0.0,0.0,0.0,0.0,0.0,0.0,0.0,0.0,1.0326311441553078e-05,0.001600578273440727,0.0005576208178438662,0.0005679471292854192,4.130524576621231e-05,0.00322180916976456,0.011606774060305658,0.004677819083023544,0.0018587360594795538,0.0006195786864931846,0.0018277571251548946,0.014446509706732755,0.013816604708798016,0.01574762494836844,0.04244114002478315,0.009014869888475836,0.06125567947129285,0.05147666253614209,0.05946922759190417,0.0751548946716233,0.057063197026022305,0.04274060305658819,0.1025299463031805,0.05458488228004957,0.09311235026848409,0.042998760842627014,0.04534283353985956,0.04859562164394878,0.035584469227591904,0.038672036348616275,0.008808343659644774,0.013744320528707147,0.018742255266418834,0.00963444857496902,0.01235026848409748,0.0034283353985956216,6.195786864931847e-05,0.002395704254440314,0.00014456836018174308,2.0652622883106156e-05,1.0326311441553078e-05,2.0652622883106156e-05,0.0,0.0,0.0,0.0,0.0,0.0,0.0,0.0,0.0,0.0,0.0,0.0,0.0,0.0,0.0,0.0,0.0,0.0,0.0,0.0,0.0,0.0,0.0,0.0,0.0,0.0,0.0,0.0,0.0,0.0,0.0,0.0,0.0,0.0,0.0,0.0,0.0,0.0,0.0,0.0,0.0,nan,nan,4.310802069857697,2.92335906199112,nan,0.9223538376711828,0.023408869701337782,0.0,0.0,0.0,0.0,0.0,0.0,0.0,0.0,0.0,0.0,0.0,0.0,0.0,0.0,0.0,0.0,0.0,0.0,0.0,0.0,0.0,0.0,0.0,0.0,0.01174628034455756,0.27016444792482386,4.968676585747848,15.199686765857482,8.715740015661709,0.8339859044635867,0.9220599424015808,0.023179706232929597,0.0,0.0,0.0,0.0,0.0,0.0,0.0,0.0,0.0,0.0,0.0,0.0,0.0,0.0,0.0,0.0,0.0,0.0,0.0,0.0,0.0,0.0,0.0,0.0,0.013111888111888115,0.22290209790209795,4.956293706293707,15.563811188811192,8.535839160839162,0.7080419580419582,0.3962,0.01194,0.0,0.0,0.0,0.0,0.0,0.0,0.0,0.0,0.0,0.0,0.19968676585747852,18.34768989819888,11.45262333594362,0.0,0.0,0.0,0.0,0.0,0.0,0.0,0.0,0.0,0.0,0.0,0.0,0.0,0.0,0.0,0.0,0.0,0.396,0.01179,0.0,0.0,0.0,0.0,0.0,0.0,0.0,0.0,0.0,0.0,0.23601398601398607,18.736888111888085,11.027097902097905,0.0,0.0,0.0,0.0,0.0,0.0,0.0,0.0,0.0,0.0,0.0,0.0,0.0,0.0,0.0,0.0,0.0
36900,5019,2569,0.5118549511854951,1224,1058,0.45467224546722457,1437,0.5726240286909743,0.38800000000000007,2.9526530612244897,3.10723367716872,6.609467455621302,2.179415333452168,9506.29149232915,1614.545992412482,7853.0,11083.0,11083.0,0.0,7853.0,0.0,27.77465630603706,20.70339179014597,32.60823278921221,18.981614462506855,0.13966925682406853,0.09922295277943813,0.09085475194261805,0.08946005180314803,0.08587368001593942,0.07312213588364216,0.06694560669456066,0.06873879258816497,0.0581789201036063,0.05080693365212194,0.04722056186491333,0.0386531181510261,0.033074317593146045,0.023112173739788803,0.017533373181908746,0.011356843992827256,0.00617652918908149,0.9231078584228861,0.02324545893033767,0.0,0.0,0.0,0.0,0.0,0.0,0.0,0.0,0.0,0.0,0.0,0.0,0.0,0.0,0.0,0.0,0.0,0.0,0.0,0.0,0.0,0.0,0.0,0.0,0.0,0.17334130304841605,4.805738194859535,15.206216377764498,8.81649731022116,0.9982068141063959,4.283379586802344,2.916695915966038,nan,nan,nan,4.18398533007335,2.8683012120949876,4.382316313823163,2.961275366347724,1.0474024089721978,0.3965,0.011856,0.0,0.0,0.0,0.0,0.0,0.0,0.0,0.0,0.0,0.0,0.2151823072325165,18.344291691572,11.41063956963539,0.029886431560071734,0.0,0.0,0.0,0.0,0.0,0.0,0.0,0.0,0.0,0.0,0.0,0.0,0.0,0.0,0.0,0.0,nan,nan,4.283379586802344,2.916695915966038,nan,0.3965,0.05682,0.0,0.0,0.0,0.0,0.0,0.0,0.0,0.0,0.0,0.0,0.0,0.0,0.0,0.0,0.0,0.0,0.0,0.0,0.0,0.002102012353058378,0.0005479179119346483,0.00023909145248057382,1.9924287706714485e-05,0.0030185295875672443,0.011217373978880256,0.0036760310818888223,0.0016238294480972306,0.0004682207611077904,0.0013847379956166566,0.013468818489738991,0.014355449292687786,0.015421398684997012,0.042677824267782424,0.00957362024307631,0.06086869894401275,0.04985056784219964,0.06147638971906754,0.07528392109982068,0.057063159992030286,0.04353456863917115,0.10532974696154612,0.054243873281530186,0.09376369794779836,0.0428471807132895,0.044999003785614666,0.04919306634787806,0.03339310619645348,0.036033074317593144,0.008427973699940227,0.015341701534170154,0.019077505479179118,0.010490137477585176,0.011645746164574616,0.004243873281530185,0.00014943215780035862,0.0024805738194859533,0.00021916716477385934,4.981071926678621e-05,0.0001394700139470014,5.9772863120143455e-05,0.0,0.0,0.0,0.0,0.0,0.0,0.0,0.0,0.0,0.0,0.0,0.0,0.0,0.0,0.0,0.0,0.0,0.0,0.0,0.0,0.0,0.0,0.0,0.0,0.0,0.0,0.0,0.0,0.0,0.0,0.0,0.0,0.0,0.0,0.0,0.0,0.0,0.0,0.0,0.0,0.0,nan,nan,4.283379586802344,2.916695915966038,nan,0.9231981719547137,0.023680450723722074,0.0,0.0,0.0,0.0,0.0,0.0,0.0,0.0,0.0,0.0,0.0,0.0,0.0,0.0,0.0,0.0,0.0,0.0,0.0,0.0,0.0,0.0,0.0,0.0,0.0,0.25690930323082917,4.998053717399768,14.830673413779683,8.863370961463605,1.0509926041261193,0.9230131582337983,0.02278003502460145,0.0,0.0,0.0,0.0,0.0,0.0,0.0,0.0,0.0,0.0,0.0,0.0,0.0,0.0,0.0,0.0,0.0,0.0,0.0,0.0,0.0,0.0,0.0,0.0,0.0,0.08571428571428574,4.604081632653062,15.600000000000003,8.767346938775512,0.9428571428571431,0.3965,0.0118,0.0,0.0,0.0,0.0,0.0,0.0,0.0,0.0,0.0,0.0,0.2335539120280265,18.439081354612664,11.280653950953681,0.046710782405605306,0.0,0.0,0.0,0.0,0.0,0.0,0.0,0.0,0.0,0.0,0.0,0.0,0.0,0.0,0.0,0.0,0.3962,0.01191,0.0,0.0,0.0,0.0,0.0,0.0,0.0,0.0,0.0,0.0,0.19591836734693882,18.244897959183646,11.546938775510206,0.012244897959183676,0.0,0.0,0.0,0.0,0.0,0.0,0.0,0.0,0.0,0.0,0.0,0.0,0.0,0.0,0.0,0.0
37000,4542,2365,0.520695728753853,1121,911,0.4473800088066931,1255,0.552619991193307,0.4120000000000001,2.945337620578778,3.041777335713316,6.429260450160772,2.0797552183318535,9534.847203874944,1613.6159553419461,7853.0,11083.0,11083.0,0.0,7853.0,0.0,28.038749449581683,20.960664235650164,33.133789834079536,19.14835442425219,0.14178775869660942,0.1010568031704095,0.08872743284896521,0.08256274768824307,0.08058124174372523,0.0772787318361955,0.06869220607661823,0.06494936151475121,0.05900484368119771,0.05195948921180097,0.0488771466314399,0.04315279612505504,0.029722589167767502,0.02531924262439454,0.017173051519154558,0.011008366358432409,0.008146191105239982,0.9228561754165794,0.02325413161081857,0.0,0.0,0.0,0.0,0.0,0.0,0.0,0.0,0.0,0.0,0.0,0.0,0.0,0.0,0.0,0.0,0.0,0.0,0.0,0.0,0.0,0.0,0.0,0.0,0.0,0.24438573315719953,4.663143989431969,15.2774108322325,8.976221928665787,0.8388375165125498,4.149507305470609,2.8348000512340725,nan,nan,nan,4.189115646258504,2.865395919544381,4.109979633401222,2.8033758259123185,0.9811091362617402,0.3958,0.01197,0.0,0.0,0.0,0.0,0.0,0.0,0.0,0.0,0.0,0.0,0.29062087186261565,18.91677675033022,10.779392338177017,0.013210039630118893,0.0,0.0,0.0,0.0,0.0,0.0,0.0,0.0,0.0,0.0,0.0,0.0,0.0,0.0,0.0,0.0,nan,nan,4.149507305470609,2.8348000512340725,nan,0.3958,0.05707,0.0,0.0,0.0,0.0,0.0,0.0,0.0,0.0,0.0,0.0,0.0,0.0,0.0,0.0,0.0,0.0,0.0,3.3025099075297225e-05,0.0,0.002179656538969617,0.0006274768824306473,0.0002531924262439454,0.0,0.002884191985909291,0.010821224130339058,0.00416116248348745,0.0014971378247468075,0.00047335975341259356,0.0019044473800088066,0.013562307353588727,0.016567591369440776,0.015048436811977102,0.04273447820343461,0.009511228533685601,0.06210920299427565,0.04878907970057243,0.06586305592250111,0.07563848524878908,0.05730955526199912,0.04259136944077499,0.10570233377366799,0.05392998678996037,0.08904667547335976,0.040433729634522235,0.04395640686922061,0.049339498018494056,0.03442316160281814,0.03660281814178776,0.009026860413914576,0.01567591369440775,0.017855570233377367,0.010457948040510789,0.011922060766182298,0.003874944958168208,7.705856450902686e-05,0.0028401585204755613,3.3025099075297225e-05,0.0001210920299427565,0.00011008366358432408,1.1008366358432408e-05,0.0,0.0,0.0,0.0,0.0,0.0,0.0,0.0,0.0,0.0,0.0,0.0,0.0,0.0,0.0,0.0,0.0,0.0,0.0,0.0,0.0,0.0,0.0,0.0,0.0,0.0,0.0,0.0,0.0,0.0,0.0,0.0,0.0,0.0,0.0,0.0,0.0,0.0,0.0,0.0,0.0,nan,nan,4.149507305470609,2.8348000512340725,nan,0.9225039744477948,0.023493335625596933,0.0,0.0,0.0,0.0,0.0,0.0,0.0,0.0,0.0,0.0,0.0,0.0,0.0,0.0,0.0,0.0,0.0,0.0,0.0,0.0,0.0,0.0,0.0,0.0,0.0,0.31712473572938693,4.642706131078225,15.272727272727275,8.917547568710361,0.8498942917547571,0.9232387915356312,0.022985335290659926,0.0,0.0,0.0,0.0,0.0,0.0,0.0,0.0,0.0,0.0,0.0,0.0,0.0,0.0,0.0,0.0,0.0,0.0,0.0,0.0,0.0,0.0,0.0,0.0,0.0,0.16536518144235188,4.685346807533303,15.282498851630688,9.039963252181904,0.8268259072117595,0.396,0.01198,0.0,0.0,0.0,0.0,0.0,0.0,0.0,0.0,0.0,0.0,0.3044397463002115,18.811839323467204,10.858350951374211,0.025369978858350958,0.0,0.0,0.0,0.0,0.0,0.0,0.0,0.0,0.0,0.0,0.0,0.0,0.0,0.0,0.0,0.0,0.3958,0.01196,0.0,0.0,0.0,0.0,0.0,0.0,0.0,0.0,0.0,0.0,0.27560863573725314,19.0307762976573,10.693615066605423,0.0,0.0,0.0,0.0,0.0,0.0,0.0,0.0,0.0,0.0,0.0,0.0,0.0,0.0,0.0,0.0,0.0
37100,4429,2329,0.5258523368706254,1115,865,0.4470535109505532,1217,0.5495597200270942,0.4280000000000001,3.0214285714285714,3.153232333599899,6.67986798679868,2.1146566907813296,9551.50304809212,1612.8398063537882,7853.0,11083.0,11083.0,0.0,7853.0,0.0,28.056446150372544,20.744169999077936,32.534656084656085,19.152164700430344,0.12779408444344095,0.10137728606909009,0.09957100925716866,0.0855723639647776,0.08060510273199367,0.08218559494242493,0.07247685707834725,0.06231655001128923,0.05486565816211334,0.055091442763603525,0.044027997290584785,0.03928652065929104,0.03386769022352676,0.025287875366899977,0.017159629713253556,0.010386091668548205,0.008128245653646421,0.9237495101609815,0.023078079198242743,0.0,0.0,0.0,0.0,0.0,0.0,0.0,0.0,0.0,0.0,0.0,0.0,0.0,0.0,0.0,0.0,0.0,0.0,0.0,0.0,0.0,0.0,0.0,0.0,0.0,0.16256491307292845,4.382479114924363,15.294648904944687,9.272973583201628,0.8873334838564012,4.285067873303167,2.9657242213740878,nan,nan,nan,4.245959241040056,2.9419201336591754,4.323671497584541,2.989422122943865,1.0183026383751739,0.3955,0.01202,0.0,0.0,0.0,0.0,0.0,0.0,0.0,0.0,0.0,0.0,0.27771505983291944,19.12169790020318,10.58026642582976,0.020320614134116056,0.0,0.0,0.0,0.0,0.0,0.0,0.0,0.0,0.0,0.0,0.0,0.0,0.0,0.0,0.0,0.0,nan,nan,4.285067873303167,2.9657242213740878,nan,0.3955,0.05707,0.0,0.0,0.0,0.0,0.0,0.0,0.0,0.0,0.0,0.0,0.0,0.0,0.0,0.0,0.0,0.0,0.0,0.0,0.0,0.0018965906525174982,0.0006209076540979905,0.00014675999096861594,1.1289230074508918e-05,0.0020094829532625873,0.010815082411379543,0.0044592458794310225,0.0023142921652743284,0.0002483630616391962,0.002754572138180176,0.0149356513885753,0.015669451343418378,0.01577105441408896,0.043994129600361254,0.010905396251975615,0.0631745314969519,0.04644389252652969,0.06580492210431249,0.07421539850982163,0.057134793407089636,0.04280876044253782,0.10765409799051705,0.05484307970196432,0.08535786859336193,0.04072025287875367,0.04489726800632197,0.04856626778053737,0.033145179498758184,0.036475502370738315,0.008523368706254234,0.01577105441408896,0.01868367577331226,0.011142470083540303,0.010724768570783473,0.003827048995258523,0.0,0.0032625874915330776,0.0,0.0001806276811921427,9.031384059607135e-05,0.0,0.0,0.0,0.0,0.0,0.0,0.0,0.0,0.0,0.0,0.0,0.0,0.0,0.0,0.0,0.0,0.0,0.0,0.0,0.0,0.0,0.0,0.0,0.0,0.0,0.0,0.0,0.0,0.0,0.0,0.0,0.0,0.0,0.0,0.0,0.0,0.0,0.0,0.0,0.0,0.0,0.0,nan,nan,4.285067873303167,2.9657242213740878,nan,0.9238863814127911,0.023186502921400474,0.0,0.0,0.0,0.0,0.0,0.0,0.0,0.0,0.0,0.0,0.0,0.0,0.0,0.0,0.0,0.0,0.0,0.0,0.0,0.0,0.0,0.0,0.0,0.0,0.0,0.12881064834693004,4.379562043795621,15.367110347788755,9.106912838127954,1.0176041219407472,0.9235977134250459,0.022956278881476156,0.0,0.0,0.0,0.0,0.0,0.0,0.0,0.0,0.0,0.0,0.0,0.0,0.0,0.0,0.0,0.0,0.0,0.0,0.0,0.0,0.0,0.0,0.0,0.0,0.0,0.20000000000000007,4.385714285714287,15.214285714285717,9.457142857142859,0.7428571428571431,0.3955,0.01228,0.0,0.0,0.0,0.0,0.0,0.0,0.0,0.0,0.0,0.0,0.3349076857020181,18.986689566337457,10.652640618291116,0.02576212966938601,0.0,0.0,0.0,0.0,0.0,0.0,0.0,0.0,0.0,0.0,0.0,0.0,0.0,0.0,0.0,0.0,0.3955,0.01173,0.0,0.0,0.0,0.0,0.0,0.0,0.0,0.0,0.0,0.0,0.21428571428571433,19.271428571428544,10.500000000000002,0.014285714285714289,0.0,0.0,0.0,0.0,0.0,0.0,0.0,0.0,0.0,0.0,0.0,0.0,0.0,0.0,0.0,0.0
37200,4609,2404,0.5215881970058581,1088,914,0.4343675417661098,1270,0.5510956823605988,0.4080000000000001,2.9437641723356007,3.133972055131395,6.617741935483871,2.2484420551435584,9537.729876328922,1613.4939554727664,7853.0,11083.0,11083.0,0.0,7853.0,0.0,27.828813191581688,21.00063505020922,32.863070539419084,19.271722811294172,0.1405944890431764,0.10305923193751355,0.09177695812540682,0.09221089173356477,0.07789108266435235,0.0702972445215882,0.07181601215014102,0.06357127359513995,0.05532653504013886,0.05424170101974398,0.042525493599479276,0.04122369277500543,0.03297895422000434,0.025819049685398134,0.017357344326318074,0.011499240616185723,0.007810804946843133,0.9223649734451342,0.02326875997997973,0.0,0.0,0.0,0.0,0.0,0.0,0.0,0.0,0.0,0.0,0.0,0.0,0.0,0.0,0.0,0.0,0.0,0.0,0.0,0.0,0.0,0.0,0.0,0.0,0.006509004122369279,0.2538511607724019,4.751573009329573,15.380776741158606,8.761119548709049,0.8461705359080063,4.2819986310746065,2.899741139287841,nan,nan,nan,4.293720459149223,2.88880485981239,4.270833333333333,2.911707092831359,0.9946696283482728,0.3953,0.01227,0.0,0.0,0.0,0.0,0.0,0.0,0.0,0.0,0.0,0.0,0.28639618138424827,19.279670210457773,10.407897591668476,0.026036016489477117,0.0,0.0,0.0,0.0,0.0,0.0,0.0,0.0,0.0,0.0,0.0,0.0,0.0,0.0,0.0,0.0,nan,nan,4.2819986310746065,2.899741139287841,nan,0.3953,0.05765,0.0,0.0,0.0,0.0,0.0,0.0,0.0,0.0,0.0,0.0,0.0,0.0,0.0,0.0,0.0,0.0,0.0,0.0,1.0848340203948797e-05,0.0016055543501844217,0.000585810371013235,5.424170101974398e-05,0.0,0.0022022130614016058,0.01197656758515947,0.005109568236059883,0.003189412019960946,0.00028205684530266867,0.002722933391191148,0.015816880017357343,0.016348448687350834,0.015827728357561292,0.043133000650900415,0.010479496637014536,0.06290952484269907,0.048090692124105015,0.06289867650249512,0.07318290301583857,0.055619440225645474,0.04214580169234107,0.10401388587546105,0.05593404209155999,0.08747016706443914,0.04263397700151877,0.044825341722716426,0.04760251681492732,0.0346821436320243,0.03638533304404426,0.009655022781514429,0.013582121935343892,0.018897808635278804,0.012204382729442395,0.01071816012150141,0.003395530483835973,2.1696680407897593e-05,0.003417227164243871,0.0,0.0003688435669342591,0.0,0.0,0.0,0.0,0.0,0.0,0.0,0.0,0.0,0.0,0.0,0.0,0.0,0.0,0.0,0.0,0.0,0.0,0.0,0.0,0.0,0.0,0.0,0.0,0.0,0.0,0.0,0.0,0.0,0.0,0.0,0.0,0.0,0.0,0.0,0.0,0.0,0.0,0.0,0.0,0.0,0.0,0.0,nan,nan,4.2819986310746065,2.899741139287841,nan,0.9222969563302899,0.023036252262242436,0.0,0.0,0.0,0.0,0.0,0.0,0.0,0.0,0.0,0.0,0.0,0.0,0.0,0.0,0.0,0.0,0.0,0.0,0.0,0.0,0.0,0.0,0.0,0.0,0.012479201331114811,0.2246256239600666,4.891846921797006,15.311980033277873,8.772878535773712,0.7861896838602331,0.9224391290660348,0.023519408385925856,0.0,0.0,0.0,0.0,0.0,0.0,0.0,0.0,0.0,0.0,0.0,0.0,0.0,0.0,0.0,0.0,0.0,0.0,0.0,0.0,0.0,0.0,0.0,0.0,0.0,0.28571428571428575,4.598639455782314,15.455782312925173,8.748299319727893,0.9115646258503404,0.3953,0.0122,0.0,0.0,0.0,0.0,0.0,0.0,0.0,0.0,0.0,0.0,0.24958402662229623,19.692179700499143,10.033277870216308,0.024958402662229623,0.0,0.0,0.0,0.0,0.0,0.0,0.0,0.0,0.0,0.0,0.0,0.0,0.0,0.0,0.0,0.0,0.3955,0.01234,0.0,0.0,0.0,0.0,0.0,0.0,0.0,0.0,0.0,0.0,0.326530612244898,18.82993197278909,10.816326530612246,0.027210884353741503,0.0,0.0,0.0,0.0,0.0,0.0,0.0,0.0,0.0,0.0,0.0,0.0,0.0,0.0,0.0,0.0
37300,4628,2420,0.5229040622299049,1121,928,0.44273984442523767,1287,0.5561797752808989,0.4280000000000001,3.0190217391304346,3.1221509539478633,6.637096774193548,2.232944957714619,9541.980121002593,1613.3046648715926,7853.0,11083.0,11083.0,0.0,7853.0,0.0,27.780898876404493,20.864338485892752,32.73743880443185,19.138138515113834,0.13828867761452032,0.10414866032843562,0.0952895419187554,0.0881590319792567,0.07303370786516854,0.07757130509939499,0.07476231633535005,0.058556611927398444,0.05790838375108038,0.054019014693171996,0.046456352636127914,0.04105445116681072,0.030466724286949007,0.025064822817631807,0.017934312878133102,0.00864304235090752,0.00864304235090752,0.9221261576809755,0.022931641206863054,0.0,0.0,0.0,0.0,0.0,0.0,0.0,0.0,0.0,0.0,0.0,0.0,0.0,0.0,0.0,0.0,0.0,0.0,0.0,0.0,0.0,0.0,0.0,0.0,0.0,0.252808988764045,4.816335350043216,15.667675021607609,8.446413137424376,0.8167675021607608,4.33073798239675,2.8696500362945194,nan,nan,nan,4.3853887399463805,2.8653192854539595,4.2749658002735975,2.8729913280754955,0.9748202619606003,0.3958,0.01203,0.0,0.0,0.0,0.0,0.0,0.0,0.0,0.0,0.0,0.0,0.252808988764045,18.63007778738113,11.11063094209162,0.006482281763180641,0.0,0.0,0.0,0.0,0.0,0.0,0.0,0.0,0.0,0.0,0.0,0.0,0.0,0.0,0.0,0.0,nan,nan,4.33073798239675,2.8696500362945194,nan,0.3958,0.05795,0.0,0.0,0.0,0.0,0.0,0.0,0.0,0.0,0.0,0.0,0.0,0.0,0.0,0.0,0.0,0.0,0.0,0.0,0.0,0.0014261019878997407,0.00054019014693172,0.0,6.48228176318064e-05,0.002981849611063094,0.012175885911840968,0.004624027657735523,0.002992653414001729,0.00032411408815903196,0.0029170267934312878,0.01622731201382887,0.0168647363872083,0.015687121866897146,0.04211322385479689,0.010123163353500431,0.06396931719965428,0.04628349178910977,0.06295375972342264,0.07186689714779602,0.056395851339671565,0.0408599827139153,0.10149092480553154,0.05552074330164218,0.08659248055315472,0.04245894554883319,0.046607605877268796,0.04961106309420916,0.037856525496974935,0.03576058772687986,0.01078219533275713,0.013061797752808989,0.018755401901469317,0.01132238547968885,0.011354796888504754,0.0031763180639585134,4.3215211754537596e-05,0.003813742437337943,0.0,0.0003997407087294728,0.0,0.0,0.0,0.0,0.0,0.0,0.0,0.0,0.0,0.0,0.0,0.0,0.0,0.0,0.0,0.0,0.0,0.0,0.0,0.0,0.0,0.0,0.0,0.0,0.0,0.0,0.0,0.0,0.0,0.0,0.0,0.0,0.0,0.0,0.0,0.0,0.0,0.0,0.0,0.0,0.0,0.0,0.0,nan,nan,4.33073798239675,2.8696500362945194,nan,0.922456279667941,0.023106820298624525,0.0,0.0,0.0,0.0,0.0,0.0,0.0,0.0,0.0,0.0,0.0,0.0,0.0,0.0,0.0,0.0,0.0,0.0,0.0,0.0,0.0,0.0,0.0,0.0,0.0,0.27272727272727276,4.586776859504133,15.756198347107441,8.429752066115704,0.9545454545454547,0.9217643391988848,0.02273258632778025,0.0,0.0,0.0,0.0,0.0,0.0,0.0,0.0,0.0,0.0,0.0,0.0,0.0,0.0,0.0,0.0,0.0,0.0,0.0,0.0,0.0,0.0,0.0,0.0,0.0,0.23097826086956527,5.067934782608696,15.570652173913047,8.46467391304348,0.6657608695652175,0.3962,0.01196,0.0,0.0,0.0,0.0,0.0,0.0,0.0,0.0,0.0,0.0,0.2851239669421488,18.26033057851237,11.442148760330582,0.012396694214876035,0.0,0.0,0.0,0.0,0.0,0.0,0.0,0.0,0.0,0.0,0.0,0.0,0.0,0.0,0.0,0.0,0.3953,0.012085,0.0,0.0,0.0,0.0,0.0,0.0,0.0,0.0,0.0,0.0,0.21739130434782614,19.035326086956495,10.747282608695654,0.0,0.0,0.0,0.0,0.0,0.0,0.0,0.0,0.0,0.0,0.0,0.0,0.0,0.0,0.0,0.0,0.0
37400,4824,2497,0.517620232172471,1142,979,0.43967661691542287,1328,0.5505804311774462,0.4280000000000001,2.9260850880962614,3.1214691533977192,6.703883495145631,2.127341915153056,9524.913349917082,1613.9968620171528,7853.0,11083.0,11083.0,0.0,7853.0,0.0,28.148009950248756,21.207428925850696,33.327950310559004,19.401370929277633,0.14282752902155887,0.1044776119402985,0.08851575456053068,0.08519900497512438,0.07193200663349918,0.07877280265339967,0.06654228855721393,0.06467661691542288,0.05866500829187396,0.04933665008291874,0.044361525704809286,0.04311774461028192,0.03627694859038143,0.026533996683250415,0.020107794361525703,0.012230514096185738,0.00642620232172471,0.921767062870523,0.023184276627794417,0.0,0.0,0.0,0.0,0.0,0.0,0.0,0.0,0.0,0.0,0.0,0.0,0.0,0.0,0.0,0.0,0.0,0.0,0.0,0.0,0.0,0.0,0.0,0.0,0.0,0.24253731343283585,4.944029850746269,15.559701492537316,8.395522388059703,0.8582089552238807,4.237649338069099,2.8755867330808895,nan,nan,nan,4.234365129500947,2.84779735975821,4.24108322324967,2.904354293066273,1.0015865645836532,0.3955,0.01195,0.0,0.0,0.0,0.0,0.0,0.0,0.0,0.0,0.0,0.0,0.2674129353233831,19.216417910447735,10.503731343283585,0.012437810945273634,0.0,0.0,0.0,0.0,0.0,0.0,0.0,0.0,0.0,0.0,0.0,0.0,0.0,0.0,0.0,0.0,nan,nan,4.237649338069099,2.8755867330808895,nan,0.3955,0.05768,0.0,0.0,0.0,0.0,0.0,0.0,0.0,0.0,0.0,0.0,0.0,0.0,0.0,0.0,0.0,0.0,0.0,0.0,0.0,0.001077943615257048,0.00050787728026534,0.0,0.00020729684908789387,0.0028503316749585407,0.012178689883913765,0.005949419568822554,0.002456467661691542,0.00036276948590381424,0.0021973466003316748,0.016106965174129354,0.016791044776119403,0.014075456053067993,0.043708540630182424,0.010551409618573798,0.06362976782752902,0.04669361525704809,0.0650497512437811,0.07266791044776119,0.0564469320066335,0.04250621890547264,0.10125414593698176,0.05033167495854063,0.08597636815920398,0.0431592039800995,0.048600746268656715,0.05,0.037551824212271975,0.03538557213930348,0.010717247097844112,0.013629767827529022,0.01746475953565506,0.0125,0.010095356550580432,0.003472222222222222,7.255389718076285e-05,0.003337479270315091,0.0,0.00043532338308457713,0.0,0.0,0.0,0.0,0.0,0.0,0.0,0.0,0.0,0.0,0.0,0.0,0.0,0.0,0.0,0.0,0.0,0.0,0.0,0.0,0.0,0.0,0.0,0.0,0.0,0.0,0.0,0.0,0.0,0.0,0.0,0.0,0.0,0.0,0.0,0.0,0.0,0.0,0.0,0.0,0.0,0.0,0.0,nan,nan,4.237649338069099,2.8755867330808895,nan,0.9218898531814838,0.023078250535600243,0.0,0.0,0.0,0.0,0.0,0.0,0.0,0.0,0.0,0.0,0.0,0.0,0.0,0.0,0.0,0.0,0.0,0.0,0.0,0.0,0.0,0.0,0.0,0.0,0.0,0.27633159791750106,4.7937525030036054,15.450540648778537,8.626351621946338,0.853023628354025,0.9216353020598359,0.023296791996567874,0.0,0.0,0.0,0.0,0.0,0.0,0.0,0.0,0.0,0.0,0.0,0.0,0.0,0.0,0.0,0.0,0.0,0.0,0.0,0.0,0.0,0.0,0.0,0.0,0.0,0.20627417275461973,5.105285775676838,15.6768371293511,8.147829823807479,0.8637730984099701,0.3955,0.01217,0.0,0.0,0.0,0.0,0.0,0.0,0.0,0.0,0.0,0.0,0.3003604325190229,19.21105326391667,10.464557468962758,0.02402883460152183,0.0,0.0,0.0,0.0,0.0,0.0,0.0,0.0,0.0,0.0,0.0,0.0,0.0,0.0,0.0,0.0,0.3955,0.0117,0.0,0.0,0.0,0.0,0.0,0.0,0.0,0.0,0.0,0.0,0.23205844434894718,19.222174473571094,10.545767082079934,0.0,0.0,0.0,0.0,0.0,0.0,0.0,0.0,0.0,0.0,0.0,0.0,0.0,0.0,0.0,0.0,0.0
37500,4941,2569,0.5199352357822303,1188,996,0.44201578627808136,1402,0.5674964582068407,0.4040000000000001,2.9949409780775715,3.0715154437680465,6.450581395348837,2.2322685586177577,9532.390811576604,1613.7158434447206,7853.0,11083.0,11083.0,0.0,7853.0,0.0,28.58186601902449,21.236584918466814,33.47555129434324,19.48538864434811,0.13701679821898402,0.09572960939081157,0.0933009512244485,0.08257437765634487,0.07953855494839102,0.07832422586520947,0.06982392228293868,0.06597854685286379,0.0560615260068812,0.04877555150779195,0.04776361060514066,0.04068002428658166,0.03258449706537138,0.02934628617688727,0.022262699858328273,0.011940902651285164,0.008297915401740538,0.9230891321502073,0.02279717711373184,0.0,0.0,0.0,0.0,0.0,0.0,0.0,0.0,0.0,0.0,0.0,0.0,0.0,0.0,0.0,0.0,0.0,0.0,0.0,0.0,0.0,0.0,0.0,0.0,0.0,0.2671523982999393,4.280510018214937,15.707346690953251,8.931390406800244,0.8136004857316335,4.318153462258266,2.853978162166574,nan,nan,nan,4.3445903689806125,2.830320368359299,4.293275217932752,2.8774109899702442,0.9881887251294762,0.3948,0.012276,0.0,0.0,0.0,0.0,0.0,0.0,0.0,0.0,0.0,0.0,0.3460837887067396,19.49605343047963,10.151791135397696,0.006071645415907712,0.0,0.0,0.0,0.0,0.0,0.0,0.0,0.0,0.0,0.0,0.0,0.0,0.0,0.0,0.0,0.0,nan,nan,4.318153462258266,2.853978162166574,nan,0.3948,0.0584,0.0,0.0,0.0,0.0,0.0,0.0,0.0,0.0,0.0,0.0,0.0,0.0,0.0,0.0,0.0,0.0,0.0,0.0,0.0,0.001163732038048978,0.0006577615867233354,0.0,0.00028334345274235985,0.0026917628010524187,0.013974903865614247,0.006456182958915199,0.0027625986642380086,0.00042501517911353975,0.0026209269378668285,0.016312487350738716,0.018680429062942726,0.01366120218579235,0.04372596640356203,0.010817648249342239,0.06430884436348917,0.04506172839506173,0.06719287593604534,0.07324428253390002,0.05501922687715038,0.040153815017203,0.10005059704513257,0.05145719489981785,0.08287795992714025,0.04190447277878972,0.05104229912973082,0.04973689536531067,0.0376340821696013,0.03391013964784457,0.011202185792349727,0.01281117182756527,0.01742562234365513,0.013317142278890913,0.010493827160493827,0.0030965391621129326,5.059704513256426e-05,0.0034304796599878566,0.0,0.00034405990690143694,0.0,0.0,0.0,0.0,0.0,0.0,0.0,0.0,0.0,0.0,0.0,0.0,0.0,0.0,0.0,0.0,0.0,0.0,0.0,0.0,0.0,0.0,0.0,0.0,0.0,0.0,0.0,0.0,0.0,0.0,0.0,0.0,0.0,0.0,0.0,0.0,0.0,0.0,0.0,0.0,0.0,0.0,0.0,nan,nan,4.318153462258266,2.853978162166574,nan,0.9225362264121633,0.02261330556066232,0.0,0.0,0.0,0.0,0.0,0.0,0.0,0.0,0.0,0.0,0.0,0.0,0.0,0.0,0.0,0.0,0.0,0.0,0.0,0.0,0.0,0.0,0.0,0.0,0.0,0.29194239003503314,4.344102763721293,15.893343713507203,8.641494745036981,0.8291163876994941,0.9236879579685189,0.022979659592723103,0.0,0.0,0.0,0.0,0.0,0.0,0.0,0.0,0.0,0.0,0.0,0.0,0.0,0.0,0.0,0.0,0.0,0.0,0.0,0.0,0.0,0.0,0.0,0.0,0.0,0.24030354131534576,4.2116357504215856,15.505902192242836,9.245362563237775,0.7967959527824623,0.395,0.012245,0.0,0.0,0.0,0.0,0.0,0.0,0.0,0.0,0.0,0.0,0.3503308680420398,19.361619307123366,10.276372129233167,0.011677695601401326,0.0,0.0,0.0,0.0,0.0,0.0,0.0,0.0,0.0,0.0,0.0,0.0,0.0,0.0,0.0,0.0,0.3948,0.01231,0.0,0.0,0.0,0.0,0.0,0.0,0.0,0.0,0.0,0.0,0.3414839797639124,19.641652613827965,10.016863406408095,0.0,0.0,0.0,0.0,0.0,0.0,0.0,0.0,0.0,0.0,0.0,0.0,0.0,0.0,0.0,0.0,0.0
37600,4891,2469,0.5048047434062564,1167,988,0.4406051932120221,1374,0.561848292782662,0.4120000000000001,2.9240297274979357,3.1137279924034744,6.603857566765579,2.1553982916705934,9483.519321202208,1614.9254319222987,7853.0,11083.0,11083.0,0.0,7853.0,0.0,27.72582294009405,20.90941669474666,32.71934538348803,19.200511207812553,0.14005315886321815,0.10304641177673278,0.09241463913310162,0.08709875281128604,0.08546309548149662,0.07585360866898384,0.06890206501737886,0.06215497853199755,0.05152320588836639,0.05274994888570844,0.0453894909016561,0.04007360457984052,0.03721120425270906,0.02269474545082805,0.01635657329789409,0.01165405847474954,0.007360457984052341,0.9221638634243374,0.023255986428756082,0.0,0.0,0.0,0.0,0.0,0.0,0.0,0.0,0.0,0.0,0.0,0.0,0.0,0.0,0.0,0.0,0.0,0.0,0.0,0.0,0.0,0.0,0.0,0.0,0.0,0.2944183193620937,4.9499079942752005,15.003066857493359,8.906154160703334,0.8464526681660194,4.276290630975144,2.889148949374418,nan,nan,nan,4.25031605562579,2.902859965795643,4.302250803858521,2.87577106922016,1.0122190320797413,0.3955,0.01204,0.0,0.0,0.0,0.0,0.0,0.0,0.0,0.0,0.0,0.0,0.26374974442854227,19.057452463708827,10.654262931915767,0.024534859946841143,0.0,0.0,0.0,0.0,0.0,0.0,0.0,0.0,0.0,0.0,0.0,0.0,0.0,0.0,0.0,0.0,nan,nan,4.276290630975144,2.889148949374418,nan,0.3955,0.05756,0.0,0.0,0.0,0.0,0.0,0.0,0.0,0.0,0.0,0.0,0.0,0.0,0.0,0.0,0.0,0.0,0.0,0.0,0.0,0.0005520343488039256,0.0005009200572480065,1.0222858311183806e-05,0.00019423430791249232,0.0025250460028624004,0.0125638928644449,0.0064812921692905335,0.0028215088938867306,0.0004702514823144551,0.002709057452463709,0.015150276017174402,0.018431813535064404,0.013463504395829074,0.04429564506235944,0.010263749744428542,0.06094868125127786,0.04682069106522184,0.06812512778572889,0.07241872827642609,0.05759558372520957,0.04197505622572071,0.10121652013903087,0.04797587405438561,0.08148640359844612,0.039644244530770804,0.05373134328358209,0.0547331833980781,0.036372929871191985,0.03618891842159068,0.012277652831731753,0.012502555714577797,0.016980167654876303,0.013443058679206706,0.009793498262114087,0.002218360253526886,0.00017378859129012472,0.0028624003271314658,1.0222858311183806e-05,7.156000817828665e-05,0.0,0.0,0.0,0.0,0.0,0.0,0.0,0.0,0.0,0.0,0.0,0.0,0.0,0.0,0.0,0.0,0.0,0.0,0.0,0.0,0.0,0.0,0.0,0.0,0.0,0.0,0.0,0.0,0.0,0.0,0.0,0.0,0.0,0.0,0.0,0.0,0.0,0.0,0.0,0.0,0.0,0.0,0.0,nan,nan,4.276290630975144,2.889148949374418,nan,0.9221038216519037,0.023313558746163206,0.0,0.0,0.0,0.0,0.0,0.0,0.0,0.0,0.0,0.0,0.0,0.0,0.0,0.0,0.0,0.0,0.0,0.0,0.0,0.0,0.0,0.0,0.0,0.0,0.0,0.29161603888213855,4.969623329283111,15.030376670716892,8.918590522478738,0.7897934386391253,0.9222250703343865,0.023196989860885572,0.0,0.0,0.0,0.0,0.0,0.0,0.0,0.0,0.0,0.0,0.0,0.0,0.0,0.0,0.0,0.0,0.0,0.0,0.0,0.0,0.0,0.0,0.0,0.0,0.0,0.29727497935590425,4.929810074318746,14.975227085053678,8.893476465730803,0.9042113955408755,0.3953,0.01208,0.0,0.0,0.0,0.0,0.0,0.0,0.0,0.0,0.0,0.0,0.25516403402187127,19.23450789793436,10.486026731470234,0.02430133657351155,0.0,0.0,0.0,0.0,0.0,0.0,0.0,0.0,0.0,0.0,0.0,0.0,0.0,0.0,0.0,0.0,0.3958,0.01199,0.0,0.0,0.0,0.0,0.0,0.0,0.0,0.0,0.0,0.0,0.2725020644095789,18.87696118909989,10.825763831544181,0.02477291494632536,0.0,0.0,0.0,0.0,0.0,0.0,0.0,0.0,0.0,0.0,0.0,0.0,0.0,0.0,0.0,0.0
37700,4982,2527,0.5072260136491369,1239,1040,0.4574468085106383,1432,0.5748695303091128,0.38800000000000007,2.9584521384928717,3.074351031356464,6.552821997105644,2.088082785918109,9491.340024086712,1614.8313358600742,7853.0,11083.0,11083.0,0.0,7853.0,0.0,27.963869931754317,20.746532392190844,32.714183891660724,19.063742242471708,0.13327980730630268,0.09995985547972702,0.09132878362103573,0.0923323966278603,0.08329987956643918,0.07667603372139703,0.07005218787635488,0.06704134885588117,0.055800883179446,0.05399437976716178,0.04737053392211963,0.034524287434765155,0.03211561621838619,0.02448815736651947,0.01746286631874749,0.013247691690084303,0.007025291047771979,0.9221446233573853,0.0231004886204092,0.0,0.0,0.0,0.0,0.0,0.0,0.0,0.0,0.0,0.0,0.0,0.0,0.0,0.0,0.0,0.0,0.0,0.0,0.0,0.0,0.0,0.0,0.0,0.0,0.012043356081894824,0.2589321557607387,4.763147330389403,15.547972701726218,8.568847852268167,0.849056603773585,4.1871165644171775,2.8647347491053607,nan,nan,nan,4.197053406998158,2.848728174790472,4.177191906805641,2.8805987033249325,0.9952677513801944,0.395,0.01213,0.0,0.0,0.0,0.0,0.0,0.0,0.0,0.0,0.0,0.0,0.2529104777197913,19.648735447611372,10.080289040545969,0.018065034122842234,0.0,0.0,0.0,0.0,0.0,0.0,0.0,0.0,0.0,0.0,0.0,0.0,0.0,0.0,0.0,0.0,nan,nan,4.1871165644171775,2.8647347491053607,nan,0.395,0.0576,0.0,0.0,0.0,0.0,0.0,0.0,0.0,0.0,0.0,0.0,0.0,0.0,0.0,0.0,0.0,0.0,0.0,0.0,0.0,0.0005720594138900041,0.0003914090726615817,6.0216780409474105e-05,0.00015054195102368528,0.0022782015254917704,0.012545162585307105,0.007035327177840224,0.003121236451224408,0.00042151746286631873,0.003462464873544761,0.0154656764351666,0.017944600562023284,0.010939381774387797,0.04582496989160979,0.011059815335206745,0.06356884785226817,0.047621437173825776,0.0673323966278603,0.07452830188679245,0.05579084704937776,0.04321557607386592,0.09607587314331593,0.04856483340024087,0.08095142513046968,0.04037535126455239,0.055108390204737054,0.054425933360096344,0.0365114411882778,0.03483540746688077,0.011712163789642713,0.012264150943396227,0.017432757928542753,0.01346848655158571,0.010297069450020072,0.002077478924126857,4.014452027298274e-05,0.00241870734644721,2.007226013649137e-05,9.032517061421115e-05,0.0,0.0,0.0,0.0,0.0,0.0,0.0,0.0,0.0,0.0,0.0,0.0,0.0,0.0,0.0,0.0,0.0,0.0,0.0,0.0,0.0,0.0,0.0,0.0,0.0,0.0,0.0,0.0,0.0,0.0,0.0,0.0,0.0,0.0,0.0,0.0,0.0,0.0,0.0,0.0,0.0,0.0,0.0,nan,nan,4.1871165644171775,2.8647347491053607,nan,0.922669994227255,0.02275062180202897,0.0,0.0,0.0,0.0,0.0,0.0,0.0,0.0,0.0,0.0,0.0,0.0,0.0,0.0,0.0,0.0,0.0,0.0,0.0,0.0,0.0,0.0,0.0,0.0,0.023743569449940646,0.1543332014246142,4.499406410763752,16.003165809259993,8.40522358527899,0.9141274238227148,0.9216038444620043,0.023442872630073427,0.0,0.0,0.0,0.0,0.0,0.0,0.0,0.0,0.0,0.0,0.0,0.0,0.0,0.0,0.0,0.0,0.0,0.0,0.0,0.0,0.0,0.0,0.0,0.0,0.0,0.3665987780040734,5.034623217922609,15.07942973523422,8.737270875763748,0.7820773930753566,0.3948,0.01213,0.0,0.0,0.0,0.0,0.0,0.0,0.0,0.0,0.0,0.0,0.22556390977443613,20.051444400474843,9.699248120300753,0.023743569449940646,0.0,0.0,0.0,0.0,0.0,0.0,0.0,0.0,0.0,0.0,0.0,0.0,0.0,0.0,0.0,0.0,0.3955,0.012115,0.0,0.0,0.0,0.0,0.0,0.0,0.0,0.0,0.0,0.0,0.28105906313645623,19.23421588594702,10.472505091649698,0.012219959266802447,0.0,0.0,0.0,0.0,0.0,0.0,0.0,0.0,0.0,0.0,0.0,0.0,0.0,0.0,0.0,0.0
37800,4817,2517,0.5225243927755865,1207,995,0.45713099439485155,1368,0.5679883745069545,0.4040000000000001,2.965217391304348,3.0286470929460543,6.425076452599388,2.052755568081489,9540.753788665144,1613.3604328341721,7853.0,11083.0,11083.0,0.0,7853.0,0.0,28.589578575877102,20.941011672457407,33.27472527472528,19.204445545488415,0.12974880631098193,0.10006227942702928,0.09030516919244343,0.08739879593107744,0.07909487232717459,0.07452771434502803,0.06892256591239361,0.07058335063317417,0.05584388623624663,0.055221091965953914,0.04753996263234378,0.04110442183931908,0.034253684866099234,0.027402947892879385,0.02034461282956197,0.011833091135561552,0.005812746522731991,0.9215431519630715,0.023366703251960493,0.0,0.0,0.0,0.0,0.0,0.0,0.0,0.0,0.0,0.0,0.0,0.0,0.0,0.0,0.0,0.0,0.0,0.0,0.0,0.0,0.0,0.0,0.0,0.0,0.0,0.2553456508200125,5.138052729914886,15.414158189744658,8.357899107328214,0.8345443221922361,4.127914303717707,2.8554807399186206,nan,nan,nan,4.061198738170347,2.8222933738270255,4.194461925739459,2.8866690040462992,1.0328137567651146,0.395,0.01169,0.0,0.0,0.0,0.0,0.0,0.0,0.0,0.0,0.0,0.0,0.2366618227112311,19.462320946647264,10.301017230641481,0.0,0.0,0.0,0.0,0.0,0.0,0.0,0.0,0.0,0.0,0.0,0.0,0.0,0.0,0.0,0.0,0.0,nan,nan,4.127914303717707,2.8554807399186206,nan,0.395,0.0575,0.0,0.0,0.0,0.0,0.0,0.0,0.0,0.0,0.0,0.0,0.0,0.0,0.0,0.0,0.0,0.0,1.0379904504878555e-05,2.075980900975711e-05,0.0,0.0005501349387585634,0.00041519618019514223,3.113971351463567e-05,2.075980900975711e-05,0.003051691924434295,0.013400456715798214,0.006207182893917376,0.003269669919036745,0.000280257421631721,0.003456508200124559,0.014407307452771434,0.01831015154660577,0.010172306414780985,0.04507992526468756,0.012995640440107951,0.06115839734274445,0.04582727838903882,0.06858002906373262,0.07461075358106706,0.058303923603902845,0.044913846792609506,0.09382395681959727,0.051691924434295204,0.07760016607847207,0.04229811085738011,0.052989412497405027,0.05556362881461491,0.03734689640855304,0.03456508200124559,0.012601204068922565,0.01150093419140544,0.016701266348349595,0.0133589370977787,0.011044218393190783,0.001422046917168362,0.00013493875856342123,0.0021590201370147396,9.341914054390699e-05,2.075980900975711e-05,1.0379904504878555e-05,0.0,0.0,0.0,0.0,0.0,0.0,0.0,0.0,0.0,0.0,0.0,0.0,0.0,0.0,0.0,0.0,0.0,0.0,0.0,0.0,0.0,0.0,0.0,0.0,0.0,0.0,0.0,0.0,0.0,0.0,0.0,0.0,0.0,0.0,0.0,0.0,0.0,0.0,0.0,0.0,0.0,0.0,nan,nan,4.127914303717707,2.8554807399186206,nan,0.9215710232027665,0.023346174301260934,0.0,0.0,0.0,0.0,0.0,0.0,0.0,0.0,0.0,0.0,0.0,0.0,0.0,0.0,0.0,0.0,0.0,0.0,0.0,0.0,0.0,0.0,0.0,0.0,0.0,0.20262216924910612,5.184743742550657,15.315852205005962,8.486293206197857,0.8104886769964245,0.9215126511325007,0.02338911035546815,0.0,0.0,0.0,0.0,0.0,0.0,0.0,0.0,0.0,0.0,0.0,0.0,0.0,0.0,0.0,0.0,0.0,0.0,0.0,0.0,0.0,0.0,0.0,0.0,0.0,0.3130434782608696,5.086956521739131,15.521739130434785,8.217391304347828,0.8608695652173916,0.3948,0.01186,0.0,0.0,0.0,0.0,0.0,0.0,0.0,0.0,0.0,0.0,0.3337306317044101,19.36829558998805,10.297973778307512,0.0,0.0,0.0,0.0,0.0,0.0,0.0,0.0,0.0,0.0,0.0,0.0,0.0,0.0,0.0,0.0,0.0,0.395,0.0115,0.0,0.0,0.0,0.0,0.0,0.0,0.0,0.0,0.0,0.0,0.13043478260869568,19.56521739130432,10.304347826086959,0.0,0.0,0.0,0.0,0.0,0.0,0.0,0.0,0.0,0.0,0.0,0.0,0.0,0.0,0.0,0.0,0.0
37900,4773,2474,0.5183322857741463,1201,972,0.45526922271108317,1348,0.564843913681123,0.4000000000000001,2.964332318399304,3.0946413752576585,6.616438356164384,2.1101128053673044,9527.213283050492,1613.9141201161797,7853.0,11083.0,11083.0,0.0,7853.0,0.0,28.542845170752148,20.6513589701139,33.002203182374544,18.9686656532223,0.12696417347580138,0.09721349256232978,0.09092813743976534,0.0917661847894406,0.07730986800754243,0.0798240100565682,0.07291011942174733,0.061177456526293736,0.06411062225015714,0.05091137649277184,0.04860674628116489,0.044416509532788605,0.034569453174104335,0.025979467839932956,0.018018018018018018,0.008170961659333752,0.007123402472239681,0.9218583496116928,0.023247396003429382,0.0,0.0,0.0,0.0,0.0,0.0,0.0,0.0,0.0,0.0,0.0,0.0,0.0,0.0,0.0,0.0,0.0,0.0,0.0,0.0,0.0,0.0,0.0,0.0,0.006285355122564427,0.2137020741671905,5.097423004399749,15.361407919547457,8.47894406033941,0.8422375864236331,4.279758115849777,2.9160267767987005,nan,nan,nan,4.245933636955107,2.908609825322106,4.312344139650873,2.923645495577788,1.0156409657743475,0.3945,0.01212,0.0,0.0,0.0,0.0,0.0,0.0,0.0,0.0,0.0,0.0,0.2891263356379636,19.987429289754843,9.717159019484603,0.006285355122564427,0.0,0.0,0.0,0.0,0.0,0.0,0.0,0.0,0.0,0.0,0.0,0.0,0.0,0.0,0.0,0.0,nan,nan,4.279758115849777,2.9160267767987005,nan,0.3945,0.05746,0.0,0.0,0.0,0.0,0.0,0.0,0.0,0.0,0.0,0.0,0.0,0.0,0.0,0.0,0.0,0.0,0.0,0.00015713387806411063,0.0,0.0004190236748376283,0.0007961449821914939,1.0475591870940709e-05,5.237795935470354e-05,0.003016970458830924,0.013859208045254557,0.005342551854179761,0.0038654934003771214,0.00026188979677351773,0.004085480829666876,0.013880159228996438,0.018395139325371884,0.009071862560234654,0.04640687198826734,0.013859208045254557,0.061596480201131364,0.044259375654724493,0.06650953278860255,0.073674837628326,0.06275927089880579,0.045149800963754455,0.0953697883930442,0.055279698302954115,0.07752985543683218,0.0400167609469935,0.05054473077728892,0.0535512256442489,0.03523989105384454,0.035281793421328304,0.012172637754033103,0.013052587471192123,0.017777079404986382,0.013188770165514351,0.009941336685522733,0.0011837418814163,0.00024093861303163628,0.002021789231091557,0.00011523151058034779,1.0475591870940709e-05,5.237795935470354e-05,0.0,0.0,0.0,0.0,0.0,0.0,0.0,0.0,0.0,0.0,0.0,0.0,0.0,0.0,0.0,0.0,0.0,0.0,0.0,0.0,0.0,0.0,0.0,0.0,0.0,0.0,0.0,0.0,0.0,0.0,0.0,0.0,0.0,0.0,0.0,0.0,0.0,0.0,0.0,0.0,0.0,0.0,nan,nan,4.279758115849777,2.9160267767987005,nan,0.9218906500499482,0.023360811526335006,0.0,0.0,0.0,0.0,0.0,0.0,0.0,0.0,0.0,0.0,0.0,0.0,0.0,0.0,0.0,0.0,0.0,0.0,0.0,0.0,0.0,0.0,0.0,0.0,0.012126111560226357,0.24252223120452712,5.153597413096202,15.230396119644304,8.524656426839128,0.8367016976556186,0.9218235904623914,0.023124675522237344,0.0,0.0,0.0,0.0,0.0,0.0,0.0,0.0,0.0,0.0,0.0,0.0,0.0,0.0,0.0,0.0,0.0,0.0,0.0,0.0,0.0,0.0,0.0,0.0,0.0,0.18268812527185738,5.03697259678121,15.502392344497611,8.429752066115704,0.8481948673336235,0.3945,0.01234,0.0,0.0,0.0,0.0,0.0,0.0,0.0,0.0,0.0,0.0,0.32740501212611167,19.777687954729153,9.88278092158448,0.012126111560226357,0.0,0.0,0.0,0.0,0.0,0.0,0.0,0.0,0.0,0.0,0.0,0.0,0.0,0.0,0.0,0.0,0.3945,0.011894,0.0,0.0,0.0,0.0,0.0,0.0,0.0,0.0,0.0,0.0,0.24793388429752072,20.21313614615047,9.538929969551981,0.0,0.0,0.0,0.0,0.0,0.0,0.0,0.0,0.0,0.0,0.0,0.0,0.0,0.0,0.0,0.0,0.0
38000,4857,2555,0.5260448836730492,1248,949,0.45233683343627756,1342,0.5526044883673049,0.4040000000000001,3.0169417897480453,3.103369659755529,6.579970104633782,2.1200768520499547,9552.124974263948,1612.8074865603426,7853.0,11083.0,11083.0,0.0,7853.0,0.0,28.646077825818406,20.907625532104074,33.45600388915897,19.085818882794108,0.13300391187976118,0.09635577516985794,0.09162034177475809,0.08214947498455837,0.07514926909614988,0.0763845995470455,0.0759728227300803,0.06897261684167182,0.05682520074119827,0.05538398188182005,0.05003088326127239,0.03973646283714227,0.03417747580811201,0.027794935145151328,0.01852995676343422,0.011323862466543133,0.006588429071443277,0.9217376064954776,0.02347744146613927,0.0,0.0,0.0,0.0,0.0,0.0,0.0,0.0,0.0,0.0,0.0,0.0,0.0,0.0,0.0,0.0,0.0,0.0,0.0,0.0,0.0,0.0,0.0,0.0,0.0,0.3026559604694256,4.984558369363805,15.466337245213097,8.282890673255098,0.9635577516985796,4.17385866166354,2.883463808468068,nan,nan,nan,4.17639673571877,2.895483475297462,4.173316708229426,2.8712846485697576,0.9992625155883774,0.3945,0.01214,0.0,0.0,0.0,0.0,0.0,0.0,0.0,0.0,0.0,0.0,0.33353922174181605,19.709697344039505,9.932056825200743,0.024706609017912298,0.0,0.0,0.0,0.0,0.0,0.0,0.0,0.0,0.0,0.0,0.0,0.0,0.0,0.0,0.0,0.0,nan,nan,4.17385866166354,2.883463808468068,nan,0.3945,0.0579,0.0,0.0,0.0,0.0,0.0,0.0,0.0,0.0,0.0,0.0,0.0,0.0,0.0,0.0,0.0,0.0,0.0,0.0001441218859378217,0.0,0.0005764875437512868,0.0012044471896232242,4.117768169652048e-05,6.176652254478072e-05,0.003026559604694256,0.013670990323244802,0.0059192917438748195,0.003839818818200535,0.00036030471484455425,0.0037677578752316246,0.013887173152151534,0.019796170475602223,0.007803170681490632,0.047333745110150295,0.01445336627547869,0.05896644018941734,0.04321597694049825,0.06885937821700638,0.07282273008029648,0.06177681696520486,0.04467778464072473,0.09750875025736051,0.05586781964175417,0.077136092238007,0.041589458513485694,0.047282273008029646,0.05182211241507103,0.035021618282890674,0.03664813670990323,0.011344451307391394,0.012404776611076796,0.0183858348774964,0.013990117356392835,0.010829730286184888,0.0011529750875025736,0.00039118797611694463,0.0023368334362775375,7.206094296891085e-05,0.0,1.029442042413012e-05,0.0,0.0,0.0,0.0,0.0,0.0,0.0,0.0,0.0,0.0,0.0,0.0,0.0,0.0,0.0,0.0,0.0,0.0,0.0,0.0,0.0,0.0,0.0,0.0,0.0,0.0,0.0,0.0,0.0,0.0,0.0,0.0,0.0,0.0,0.0,0.0,0.0,0.0,0.0,0.0,0.0,0.0,nan,nan,4.17385866166354,2.883463808468068,nan,0.9219690846370391,0.023831197107725653,0.0,0.0,0.0,0.0,0.0,0.0,0.0,0.0,0.0,0.0,0.0,0.0,0.0,0.0,0.0,0.0,0.0,0.0,0.0,0.0,0.0,0.0,0.0,0.0,0.0,0.3522504892367907,4.790606653620353,15.358121330724073,8.442270058708417,1.056751467710372,0.9214806878804953,0.023075739521075084,0.0,0.0,0.0,0.0,0.0,0.0,0.0,0.0,0.0,0.0,0.0,0.0,0.0,0.0,0.0,0.0,0.0,0.0,0.0,0.0,0.0,0.0,0.0,0.0,0.0,0.24761077324066033,5.199826238053867,15.586446568201566,8.105994787141617,0.8601216333622939,0.3945,0.01205,0.0,0.0,0.0,0.0,0.0,0.0,0.0,0.0,0.0,0.0,0.3287671232876713,19.373776908023455,10.285714285714288,0.01174168297455969,0.0,0.0,0.0,0.0,0.0,0.0,0.0,0.0,0.0,0.0,0.0,0.0,0.0,0.0,0.0,0.0,0.3945,0.012245,0.0,0.0,0.0,0.0,0.0,0.0,0.0,0.0,0.0,0.0,0.33883579496090366,20.082536924413525,9.53953084274544,0.039096437880104265,0.0,0.0,0.0,0.0,0.0,0.0,0.0,0.0,0.0,0.0,0.0,0.0,0.0,0.0,0.0,0.0
38100,4957,2572,0.5188622150494251,1224,993,0.44724631833770423,1396,0.5632438975186604,0.4000000000000001,2.990356394129979,3.104117654642576,6.532467532467533,2.2423573842178346,9528.924954609643,1613.8504112543435,7853.0,11083.0,11083.0,0.0,7853.0,0.0,28.040145249142626,20.890499123290905,32.95969289827255,19.14100138129709,0.13818842041557394,0.10167439983861207,0.08694775065563849,0.08876336493847085,0.08614081097437966,0.0714141617914061,0.06697599354448255,0.06374823481944725,0.0623360903772443,0.054064958644341334,0.04478515230986484,0.03631228565664717,0.034294936453500104,0.028444623764373612,0.019770022190841233,0.009481541254791205,0.006657252370385313,0.9220862082471187,0.02309505821491395,0.0,0.0,0.0,0.0,0.0,0.0,0.0,0.0,0.0,0.0,0.0,0.0,0.0,0.0,0.0,0.0,0.0,0.0,0.0,0.0,0.0,0.0,0.0,0.0,0.0,0.22392576154932423,5.01109542061731,15.281420213839018,8.648376033891468,0.835182570102885,4.2739768822243045,2.9135584692163667,nan,nan,nan,4.3252487562189055,2.9423244124451324,4.221105527638191,2.883867236038281,0.9759220256566802,0.3936,0.01203,0.0,0.0,0.0,0.0,0.0,0.0,0.0,0.0,0.0,0.0,0.3691749041759129,20.631430300585002,8.993342747629615,0.006052047609441196,0.0,0.0,0.0,0.0,0.0,0.0,0.0,0.0,0.0,0.0,0.0,0.0,0.0,0.0,0.0,0.0,nan,nan,4.2739768822243045,2.9135584692163667,nan,0.3936,0.05817,0.0,0.0,0.0,0.0,0.0,0.0,0.0,0.0,0.0,0.0,0.0,0.0,0.0,0.0,0.0,0.0,0.0,0.0001311276982045592,0.0,0.00039338309461367765,0.0010490215856364736,5.043373007867662e-05,0.0,0.00250151301190236,0.015362114181964898,0.0064555174500706075,0.004367561024813395,0.0003631228565664717,0.004044785152309865,0.014746822675005043,0.01964898123865241,0.009955618317530765,0.049707484365543675,0.014524914262658867,0.05801896308250958,0.04321161993141013,0.06930603187411741,0.07384506758119831,0.06083316522089974,0.04571313294331249,0.09892071817631631,0.05598144038733105,0.07241274964696388,0.04084123461771232,0.045844260641517046,0.05032277587250353,0.036463586846883195,0.0371494855759532,0.010106919507766795,0.011145854347387532,0.018297357272543877,0.014696388944926368,0.009824490619326205,0.0007766794432116199,0.00044381682469235426,0.0025418599959653016,0.0,0.0,0.0,0.0,0.0,0.0,0.0,0.0,0.0,0.0,0.0,0.0,0.0,0.0,0.0,0.0,0.0,0.0,0.0,0.0,0.0,0.0,0.0,0.0,0.0,0.0,0.0,0.0,0.0,0.0,0.0,0.0,0.0,0.0,0.0,0.0,0.0,0.0,0.0,0.0,0.0,0.0,0.0,0.0,0.0,nan,nan,4.2739768822243045,2.9135584692163667,nan,0.92211445306267,0.023062176595822124,0.0,0.0,0.0,0.0,0.0,0.0,0.0,0.0,0.0,0.0,0.0,0.0,0.0,0.0,0.0,0.0,0.0,0.0,0.0,0.0,0.0,0.0,0.0,0.0,0.0,0.24494556765163303,4.9805598755832055,15.454898911353036,8.526438569206844,0.7931570762052879,0.9220557488485452,0.023130426936398645,0.0,0.0,0.0,0.0,0.0,0.0,0.0,0.0,0.0,0.0,0.0,0.0,0.0,0.0,0.0,0.0,0.0,0.0,0.0,0.0,0.0,0.0,0.0,0.0,0.0,0.20125786163522016,5.0440251572327055,15.094339622641513,8.779874213836479,0.8805031446540882,0.3936,0.01193,0.0,0.0,0.0,0.0,0.0,0.0,0.0,0.0,0.0,0.0,0.26827371695178853,20.563763608087065,9.167962674961121,0.0,0.0,0.0,0.0,0.0,0.0,0.0,0.0,0.0,0.0,0.0,0.0,0.0,0.0,0.0,0.0,0.0,0.3933,0.01214,0.0,0.0,0.0,0.0,0.0,0.0,0.0,0.0,0.0,0.0,0.4779874213836479,20.70440251572324,8.805031446540882,0.01257861635220126,0.0,0.0,0.0,0.0,0.0,0.0,0.0,0.0,0.0,0.0,0.0,0.0,0.0,0.0,0.0,0.0
38200,5037,2570,0.510224339884852,1207,1032,0.44451062140162795,1424,0.5654159221758983,0.4000000000000001,2.92298338062424,3.0792377703218987,6.5887708649468895,2.132043590104842,9501.024617828072,1614.6623097779022,7853.0,11083.0,11083.0,0.0,7853.0,0.0,27.537224538415725,20.72308260252158,32.41059602649007,19.056265375736288,0.13976573357157038,0.10700813976573358,0.09291244788564622,0.08775064522533253,0.08020647210641255,0.07544173118919992,0.06491959499702203,0.06889021242803256,0.0585666071074052,0.05082390311693468,0.045662100456621,0.039110581695453644,0.030375223347230494,0.025213420686916815,0.016081000595592615,0.01012507444907683,0.00714711137581894,0.9219316922532014,0.02300518861816081,0.0,0.0,0.0,0.0,0.0,0.0,0.0,0.0,0.0,0.0,0.0,0.0,0.0,0.0,0.0,0.0,0.0,0.0,0.0,0.0,0.0,0.0,0.0,0.0,0.005955926146515785,0.20845741512805246,4.848123883263848,15.87849910661108,8.201310303752235,0.857653365098273,4.334684965689332,2.8655613749672333,nan,nan,nan,4.299684542586751,2.816876790555101,4.37037037037037,2.912274765071152,1.016439770658406,0.3933,0.01216,0.0,0.0,0.0,0.0,0.0,0.0,0.0,0.0,0.0,0.0,0.40500297796307333,20.893388921977337,8.70160810005956,0.0,0.0,0.0,0.0,0.0,0.0,0.0,0.0,0.0,0.0,0.0,0.0,0.0,0.0,0.0,0.0,0.0,nan,nan,4.334684965689332,2.8655613749672333,nan,0.3933,0.05804,0.0,0.0,0.0,0.0,0.0,0.0,0.0,0.0,0.0,0.0,0.0,0.0,0.0,0.0,0.0,0.0,0.0,3.970617431010522e-05,0.0,0.0002779432201707366,0.0007742703990470518,0.00010919197935278935,0.0,0.002759579114552313,0.01588246972404209,0.006730196545562835,0.004407385348421679,0.0002878697637482629,0.004288266825491364,0.014353782013103037,0.01870160810005956,0.009926543577526306,0.04911653762160016,0.014959301171332142,0.05826881080007941,0.04376613063331348,0.07346634901727218,0.07435973793924955,0.05924161207067699,0.04320031764939448,0.09753821719277347,0.0581893984514592,0.07061743101052213,0.04186023426642843,0.04746873138773079,0.04959301171332142,0.035179670438753224,0.038872344649593014,0.008586460194560254,0.011514790549930515,0.01824498709549335,0.014304149295215406,0.009420289855072464,0.0008536827476672622,0.00032757593805836805,0.002511415525114155,0.0,0.0,0.0,0.0,0.0,0.0,0.0,0.0,0.0,0.0,0.0,0.0,0.0,0.0,0.0,0.0,0.0,0.0,0.0,0.0,0.0,0.0,0.0,0.0,0.0,0.0,0.0,0.0,0.0,0.0,0.0,0.0,0.0,0.0,0.0,0.0,0.0,0.0,0.0,0.0,0.0,0.0,0.0,0.0,0.0,nan,nan,4.334684965689332,2.8655613749672333,nan,0.9224594519991819,0.0226588514016072,0.0,0.0,0.0,0.0,0.0,0.0,0.0,0.0,0.0,0.0,0.0,0.0,0.0,0.0,0.0,0.0,0.0,0.0,0.0,0.0,0.0,0.0,0.0,0.0,0.011673151750972766,0.18677042801556426,4.470817120622569,15.968871595330743,8.533073929961091,0.8287937743190663,0.921381897949525,0.023347842024687347,0.0,0.0,0.0,0.0,0.0,0.0,0.0,0.0,0.0,0.0,0.0,0.0,0.0,0.0,0.0,0.0,0.0,0.0,0.0,0.0,0.0,0.0,0.0,0.0,0.0,0.23104985812728016,5.241183623834618,15.784353465747875,7.855695176327525,0.8877178759627079,0.393,0.01214,0.0,0.0,0.0,0.0,0.0,0.0,0.0,0.0,0.0,0.0,0.4202334630350195,21.151750972762613,8.428015564202337,0.0,0.0,0.0,0.0,0.0,0.0,0.0,0.0,0.0,0.0,0.0,0.0,0.0,0.0,0.0,0.0,0.0,0.3933,0.012184,0.0,0.0,0.0,0.0,0.0,0.0,0.0,0.0,0.0,0.0,0.389136603161735,20.62423996757192,8.986623429266317,0.0,0.0,0.0,0.0,0.0,0.0,0.0,0.0,0.0,0.0,0.0,0.0,0.0,0.0,0.0,0.0,0.0
38300,4227,2195,0.5192808138159452,1026,854,0.44475987698131064,1178,0.5573692926425361,0.4120000000000001,2.8351377952755907,2.9461849047239865,6.2473867595818815,2.0714043949673844,9530.277028625504,1613.798801494653,7853.0,11083.0,11083.0,0.0,7853.0,0.0,28.713271823988645,21.240422411706977,33.51646205357143,19.490833387611968,0.13603028152353916,0.09959782351549562,0.08682280577241543,0.08445706174591909,0.08067187130352496,0.07546723444523303,0.07002602318429146,0.05914360066240833,0.05819730305180979,0.050390347764371894,0.05275609179086823,0.043766264490182165,0.03737875561864206,0.026023184291459663,0.018216229004021766,0.012538443340430565,0.008516678495386799,0.9216307895894814,0.02283572522391075,0.0,0.0,0.0,0.0,0.0,0.0,0.0,0.0,0.0,0.0,0.0,0.0,0.0,0.0,0.0,0.0,0.0,0.0,0.0,0.0,0.0,0.0,0.0,0.0,0.007097232079489001,0.23420865862313703,4.982256919801278,15.62100780695529,8.317955997161109,0.8374733853797022,4.06926406926407,2.7415553997015096,nan,nan,nan,4.125544267053701,2.7354683800402593,4.013639626704953,2.747411605336998,0.97287518128398,0.393,0.01213,0.0,0.0,0.0,0.0,0.0,0.0,0.0,0.0,0.0,0.0,0.574875798438609,20.965223562810472,8.44570617459191,0.014194464158978001,0.0,0.0,0.0,0.0,0.0,0.0,0.0,0.0,0.0,0.0,0.0,0.0,0.0,0.0,0.0,0.0,nan,nan,4.06926406926407,2.7415553997015096,nan,0.393,0.05823,0.0,0.0,0.0,0.0,0.0,0.0,0.0,0.0,0.0,0.0,0.0,0.0,0.0,0.0,0.0,0.0,0.0,2.365744026496333e-05,0.0,0.0004140052046368583,0.0006978944878164182,1.1828720132481666e-05,1.1828720132481666e-05,0.0022356281050390347,0.01625266146202981,0.006825171516441921,0.004991719895907263,0.00039034776437189497,0.0049680624556423,0.013981547196593329,0.018062455642299503,0.010551218358173646,0.04824934942039271,0.015140761769576532,0.060456588597113795,0.044546960018925955,0.07430801987224982,0.076449018216229,0.05791341376863023,0.040785427016796785,0.09525668322687485,0.06195883605393896,0.06505796072864917,0.04091554293825408,0.048320321741187604,0.05066240832741897,0.036657203690560684,0.03853797019162527,0.008362905133664538,0.012266382777383487,0.01647740714454696,0.014939673527324343,0.00923823042346818,0.0010527560917908683,0.0005322924059616749,0.002472202507688668,2.365744026496333e-05,0.0,0.0,0.0,0.0,0.0,0.0,0.0,0.0,0.0,0.0,0.0,0.0,0.0,0.0,0.0,0.0,0.0,0.0,0.0,0.0,0.0,0.0,0.0,0.0,0.0,0.0,0.0,0.0,0.0,0.0,0.0,0.0,0.0,0.0,0.0,0.0,0.0,0.0,0.0,0.0,0.0,0.0,0.0,0.0,nan,nan,4.06926406926407,2.7415553997015096,nan,0.9214168059255647,0.022550225893795253,0.0,0.0,0.0,0.0,0.0,0.0,0.0,0.0,0.0,0.0,0.0,0.0,0.0,0.0,0.0,0.0,0.0,0.0,0.0,0.0,0.0,0.0,0.0,0.0,0.0,0.2186788154897495,5.166287015945331,15.826879271070618,8.063781321184512,0.7243735763097952,0.9218619382815567,0.023137945714006493,0.0,0.0,0.0,0.0,0.0,0.0,0.0,0.0,0.0,0.0,0.0,0.0,0.0,0.0,0.0,0.0,0.0,0.0,0.0,0.0,0.0,0.0,0.0,0.0,0.014763779527559058,0.250984251968504,4.783464566929135,15.398622047244098,8.592519685039372,0.9596456692913388,0.393,0.01217,0.0,0.0,0.0,0.0,0.0,0.0,0.0,0.0,0.0,0.0,0.6150341685649203,20.637813211845074,8.74715261958998,0.0,0.0,0.0,0.0,0.0,0.0,0.0,0.0,0.0,0.0,0.0,0.0,0.0,0.0,0.0,0.0,0.0,0.3928,0.01209,0.0,0.0,0.0,0.0,0.0,0.0,0.0,0.0,0.0,0.0,0.5314960629921262,21.318897637795242,8.120078740157481,0.029527559055118117,0.0,0.0,0.0,0.0,0.0,0.0,0.0,0.0,0.0,0.0,0.0,0.0,0.0,0.0,0.0,0.0
38400,4314,2338,0.5419564209550302,1086,845,0.447612424663885,1151,0.5336114974501622,0.4240000000000001,3.1012145748987856,3.1877610304343698,6.8517823639774855,2.1706254909709664,9603.519239684747,1609.3040532091093,7853.0,11083.0,11083.0,0.0,7853.0,0.0,27.33820120537784,20.640494991206033,32.319744869661676,18.917768267688775,0.14649976819656932,0.09851645804357904,0.09689383402874363,0.08878071395456653,0.0799721835883171,0.07556791840519239,0.06861381548446917,0.06281872971719982,0.060037088548910524,0.04960593416782568,0.04450625869262865,0.039638386648122394,0.034306907742234584,0.022716736207695872,0.014603616133518776,0.010199350950394067,0.006722299490032452,0.9219448763322764,0.023009385901526413,0.0,0.0,0.0,0.0,0.0,0.0,0.0,0.0,0.0,0.0,0.0,0.0,0.0,0.0,0.0,0.0,0.0,0.0,0.0,0.0,0.0,0.0,0.0,0.0,0.0,0.27121001390820587,4.909596662030599,15.326842837273995,8.803894297635606,0.6884561891515996,4.346505671423344,2.9579847923700453,nan,nan,nan,4.257619738751814,2.9175343230094812,4.43690036900369,2.9958587630395805,1.0421081827999121,0.3936,0.01227,0.0,0.0,0.0,0.0,0.0,0.0,0.0,0.0,0.0,0.0,0.3894297635605008,20.9666203059805,8.643949930458973,0.0,0.0,0.0,0.0,0.0,0.0,0.0,0.0,0.0,0.0,0.0,0.0,0.0,0.0,0.0,0.0,0.0,nan,nan,4.346505671423344,2.9579847923700453,nan,0.3936,0.05798,0.0,0.0,0.0,0.0,0.0,0.0,0.0,0.0,0.0,0.0,0.0,0.0,0.0,0.0,0.0,0.0,0.0,0.0,1.1590171534538712e-05,0.000440426518312471,0.000683820120537784,0.0,0.00013908205841446454,0.002260083449235049,0.01520630505331479,0.006061659712563746,0.004636068613815485,0.0003245248029670839,0.004751970329160872,0.013375057950857673,0.01979601298099212,0.010593416782568381,0.04534075104311544,0.016040797403801578,0.05901715345387112,0.0458391284191006,0.07851182197496523,0.07432777005099675,0.055621233194251274,0.04301112656467316,0.09505099675475197,0.06234353268428373,0.06633055169216505,0.039406583217431616,0.048412146499768195,0.049003245248029674,0.036961057023643946,0.039406583217431616,0.008623087621696801,0.013270746407046825,0.016852109411219285,0.015194714881780251,0.009411219286045434,0.0007301808066759388,0.0004983773759851646,0.0025150672229949005,0.0,0.0,0.0,0.0,0.0,0.0,0.0,0.0,0.0,0.0,0.0,0.0,0.0,0.0,0.0,0.0,0.0,0.0,0.0,0.0,0.0,0.0,0.0,0.0,0.0,0.0,0.0,0.0,0.0,0.0,0.0,0.0,0.0,0.0,0.0,0.0,0.0,0.0,0.0,0.0,0.0,0.0,0.0,0.0,0.0,nan,nan,4.346505671423344,2.9579847923700453,nan,0.9218177610579671,0.023122178243623018,0.0,0.0,0.0,0.0,0.0,0.0,0.0,0.0,0.0,0.0,0.0,0.0,0.0,0.0,0.0,0.0,0.0,0.0,0.0,0.0,0.0,0.0,0.0,0.0,0.0,0.26946107784431145,5.055603079555176,15.320786997433707,8.648417450812662,0.705731394354149,0.9220952789189845,0.022874299534948257,0.0,0.0,0.0,0.0,0.0,0.0,0.0,0.0,0.0,0.0,0.0,0.0,0.0,0.0,0.0,0.0,0.0,0.0,0.0,0.0,0.0,0.0,0.0,0.0,0.0,0.27327935222672073,4.736842105263158,15.334008097165995,8.987854251012148,0.6680161943319839,0.3933,0.01253,0.0,0.0,0.0,0.0,0.0,0.0,0.0,0.0,0.0,0.0,0.43627031650983755,21.13344739093239,8.430282292557743,0.0,0.0,0.0,0.0,0.0,0.0,0.0,0.0,0.0,0.0,0.0,0.0,0.0,0.0,0.0,0.0,0.0,0.3938,0.01195,0.0,0.0,0.0,0.0,0.0,0.0,0.0,0.0,0.0,0.0,0.33400809716599195,20.769230769230738,8.89676113360324,0.0,0.0,0.0,0.0,0.0,0.0,0.0,0.0,0.0,0.0,0.0,0.0,0.0,0.0,0.0,0.0,0.0
38500,4097,2131,0.520136685379546,973,831,0.4403221869660727,1122,0.5477178423236515,0.4480000000000001,2.9893184130213633,3.1916389758752897,6.848948374760994,2.2717261744907513,9533.041493775934,1613.689748398804,7853.0,11083.0,11083.0,0.0,7853.0,0.0,27.273858921161825,20.676835895828827,32.28157894736842,18.968085226401953,0.14596045887234563,0.09690017085672444,0.10031730534537467,0.09201855015865268,0.08176714669270198,0.07542103978520869,0.07005125701732975,0.058091286307053944,0.05320966560898218,0.05174517939956065,0.04247010007322431,0.042226019038320725,0.03270685867708079,0.025872589699780325,0.015621186233829631,0.00951916036123993,0.0061020258725897,0.9221089644230719,0.022712390176384736,0.0,0.0,0.0,0.0,0.0,0.0,0.0,0.0,0.0,0.0,0.0,0.0,0.0,0.0,0.0,0.0,0.0,0.0,0.0,0.0,0.0,0.0,0.0,0.0,0.0,0.2489626556016598,4.7815474737612895,15.347815474737617,8.991945325848183,0.6297290700512571,4.314450867052023,2.9986129158445203,nan,nan,nan,4.388152766952455,2.9947602881047777,4.244088482074752,3.0011301819452147,0.9671697198049568,0.3933,0.012276,0.0,0.0,0.0,0.0,0.0,0.0,0.0,0.0,0.0,0.0,0.4100561386380279,20.707835001220378,8.867463998047354,0.014644862094215283,0.0,0.0,0.0,0.0,0.0,0.0,0.0,0.0,0.0,0.0,0.0,0.0,0.0,0.0,0.0,0.0,nan,nan,4.314450867052023,2.9986129158445203,nan,0.3933,0.05807,0.0,0.0,0.0,0.0,0.0,0.0,0.0,0.0,0.0,0.0,0.0,0.0,0.0,0.0,0.0,0.0,0.0,0.0,2.44081034903588e-05,0.0005125701732975348,0.0005857944837686112,0.0,0.0001586526726873322,0.0028313400048816206,0.015804247010007322,0.005443007078350012,0.004918232853307298,0.0003905296558457408,0.005589455699292165,0.01199658286551135,0.021198437881376618,0.008786917256529168,0.04572858188918721,0.013900414937759335,0.05746887966804979,0.047595801806199656,0.07950939711984378,0.07521357090554064,0.05818891872101538,0.042592140590676106,0.09726629240907982,0.06152062484744935,0.06113009519160361,0.039895045154991454,0.050549182328533074,0.047632413961435194,0.03812545765194045,0.03772272394434952,0.009177446912374909,0.013278008298755186,0.016206980717598244,0.01545032950939712,0.009421527947278496,0.0009397119843788138,0.0006346106907493288,0.0026116670734683913,0.0,0.0,0.0,0.0,0.0,0.0,0.0,0.0,0.0,0.0,0.0,0.0,0.0,0.0,0.0,0.0,0.0,0.0,0.0,0.0,0.0,0.0,0.0,0.0,0.0,0.0,0.0,0.0,0.0,0.0,0.0,0.0,0.0,0.0,0.0,0.0,0.0,0.0,0.0,0.0,0.0,0.0,0.0,0.0,0.0,nan,nan,4.314450867052023,2.9986129158445203,nan,0.922332738778335,0.022343728334708532,0.0,0.0,0.0,0.0,0.0,0.0,0.0,0.0,0.0,0.0,0.0,0.0,0.0,0.0,0.0,0.0,0.0,0.0,0.0,0.0,0.0,0.0,0.0,0.0,0.0,0.2815579540122009,4.420459877991554,15.950258094791181,8.657907085875177,0.6898169873298922,0.9218664094123569,0.023102902233466626,0.0,0.0,0.0,0.0,0.0,0.0,0.0,0.0,0.0,0.0,0.0,0.0,0.0,0.0,0.0,0.0,0.0,0.0,0.0,0.0,0.0,0.0,0.0,0.0,0.0,0.21363173957273657,5.172939979654121,14.69481180061038,9.354018311291965,0.5645981688708038,0.3936,0.01207,0.0,0.0,0.0,0.0,0.0,0.0,0.0,0.0,0.0,0.0,0.4504927264195215,20.750821210699172,8.798686062881279,0.0,0.0,0.0,0.0,0.0,0.0,0.0,0.0,0.0,0.0,0.0,0.0,0.0,0.0,0.0,0.0,0.0,0.3933,0.01248,0.0,0.0,0.0,0.0,0.0,0.0,0.0,0.0,0.0,0.0,0.36622583926754837,20.66124109867749,8.942014242115974,0.03051881993896237,0.0,0.0,0.0,0.0,0.0,0.0,0.0,0.0,0.0,0.0,0.0,0.0,0.0,0.0,0.0,0.0
38600,4361,2247,0.5152487961476726,1027,906,0.44324696170603073,1226,0.562256363219445,0.4160000000000001,2.988647114474929,3.143202147521418,6.654700854700855,2.2714314823230217,9517.253611556982,1614.248766996151,7853.0,11083.0,11083.0,0.0,7853.0,0.0,27.98280210960789,20.914999846142514,33.015051997810616,19.11203517106147,0.14239853244668654,0.09974776427424903,0.09126347168080716,0.09034625085989452,0.07291905526255446,0.0699380875945884,0.07246044485209814,0.06810364595276312,0.05572116487044256,0.0554918596652144,0.047466177482228845,0.043109378582893834,0.029121761063976154,0.02751662462737904,0.017197890392111902,0.011465260261407933,0.005732630130703967,0.9213604082538567,0.023054885228479535,0.0,0.0,0.0,0.0,0.0,0.0,0.0,0.0,0.0,0.0,0.0,0.0,0.0,0.0,0.0,0.0,0.0,0.0,0.0,0.0,0.0,0.0,0.0,0.0,0.006879156156844762,0.2338913093327219,5.0561797752809,15.76014675533135,8.144920889704197,0.7979821141939925,4.301467955603294,2.854520349147239,nan,nan,nan,4.279184247538678,2.8202307929576462,4.326277372262774,2.889845551223446,1.0110051640686382,0.3936,0.01209,0.0,0.0,0.0,0.0,0.0,0.0,0.0,0.0,0.0,0.0,0.28892455858748,20.85072231139644,8.846594817702364,0.013758312313689524,0.0,0.0,0.0,0.0,0.0,0.0,0.0,0.0,0.0,0.0,0.0,0.0,0.0,0.0,0.0,0.0,nan,nan,4.301467955603294,2.854520349147239,nan,0.3936,0.0579,0.0,0.0,0.0,0.0,0.0,0.0,0.0,0.0,0.0,0.0,0.0,0.0,0.0,0.0,0.0,0.0,0.0,0.0,0.0,0.0003898188488878698,0.0004815409309791332,0.0,0.00012611786287548726,0.0023389130933272185,0.015994038064664068,0.006110983719330429,0.004517312542994726,0.00045861041045631735,0.006019261637239166,0.010914927768860353,0.02086677367576244,0.008621875716578766,0.04344187113047466,0.014022013299701904,0.05957349231827563,0.046847053428112816,0.08108232056867691,0.07476496216464114,0.05882825040128411,0.04309791332263242,0.09869296033019949,0.05836963999082779,0.06350607658793854,0.04081632653061224,0.04947259802797523,0.04676679660628296,0.0390162806695712,0.03617289612474203,0.009516166016968586,0.012221967438660858,0.016670488420087136,0.015844989681265766,0.010020637468470534,0.001226782847970649,0.0006649850951616601,0.00238477413437285,0.0,0.0,0.0,0.0,0.0001375831231368952,0.0,0.0,0.0,0.0,0.0,0.0,0.0,0.0,0.0,0.0,0.0,0.0,0.0,0.0,0.0,0.0,0.0,0.0,0.0,0.0,0.0,0.0,0.0,0.0,0.0,0.0,0.0,0.0,0.0,0.0,0.0,0.0,0.0,0.0,0.0,0.0,0.0,0.0,0.0,0.0,nan,nan,4.301467955603294,2.854520349147239,nan,0.9213207344983385,0.022624821357076833,0.0,0.0,0.0,0.0,0.0,0.0,0.0,0.0,0.0,0.0,0.0,0.0,0.0,0.0,0.0,0.0,0.0,0.0,0.0,0.0,0.0,0.0,0.0,0.0,0.013351134846461953,0.24032042723631514,4.953271028037384,15.967957276368494,8.077436582109481,0.7476635514018694,0.9214025780403513,0.023503306762802992,0.0,0.0,0.0,0.0,0.0,0.0,0.0,0.0,0.0,0.0,0.0,0.0,0.0,0.0,0.0,0.0,0.0,0.0,0.0,0.0,0.0,0.0,0.0,0.0,0.0,0.22705771050141915,5.165562913907285,15.539262062440875,8.216650898770105,0.8514664143803219,0.3938,0.012,0.0,0.0,0.0,0.0,0.0,0.0,0.0,0.0,0.0,0.0,0.2536715620827771,20.74766355140184,8.971962616822431,0.026702269692923906,0.0,0.0,0.0,0.0,0.0,0.0,0.0,0.0,0.0,0.0,0.0,0.0,0.0,0.0,0.0,0.0,0.3933,0.01218,0.0,0.0,0.0,0.0,0.0,0.0,0.0,0.0,0.0,0.0,0.32639545884579,20.96026490066222,8.71333964049196,0.0,0.0,0.0,0.0,0.0,0.0,0.0,0.0,0.0,0.0,0.0,0.0,0.0,0.0,0.0,0.0,0.0
38700,4494,2299,0.5115709835336003,1100,926,0.4508233199821985,1255,0.5585224744103249,0.4120000000000001,2.89749430523918,3.103230458664056,6.65684575389948,2.174396252494759,9505.374276813529,1614.5674849422262,7853.0,11083.0,11083.0,0.0,7853.0,0.0,27.501335113484647,20.62523747750335,32.36556291390728,18.919456492052067,0.14040943480195817,0.09790832220738763,0.10013351134846461,0.09012016021361816,0.0796617712505563,0.07476635514018691,0.06942590120160214,0.06697819314641744,0.0527369826435247,0.05629728526924788,0.04428126390743213,0.037828215398308856,0.03449043168669337,0.022251891410769914,0.01602136181575434,0.010903426791277258,0.005785491766800178,0.9214037105964988,0.023183562584251523,0.0,0.0,0.0,0.0,0.0,0.0,0.0,0.0,0.0,0.0,0.0,0.0,0.0,0.0,0.0,0.0,0.0,0.0,0.0,0.0,0.0,0.0,0.0,0.0,0.013351134846461953,0.20694259012016025,5.106809078771696,15.740987983978641,8.084112149532713,0.847797062750334,4.251301631377994,2.9551816850573056,nan,nan,nan,4.1066856330014225,2.9572580091138216,4.389152542372881,2.9466011952501256,1.0687822089671408,0.394,0.01225,0.0,0.0,0.0,0.0,0.0,0.0,0.0,0.0,0.0,0.0,0.31375166889185585,20.100133511348435,9.579439252336451,0.006675567423230977,0.0,0.0,0.0,0.0,0.0,0.0,0.0,0.0,0.0,0.0,0.0,0.0,0.0,0.0,0.0,0.0,nan,nan,4.251301631377994,2.9551816850573056,nan,0.394,0.05774,0.0,0.0,0.0,0.0,0.0,0.0,0.0,0.0,0.0,0.0,0.0,0.0,0.0,0.0,0.0,0.0,0.0,1.1125945705384958e-05,0.0,0.0007454383622607922,0.00027814864263462394,1.1125945705384958e-05,5.562972852692479e-05,0.0020249221183800624,0.015342679127725857,0.006197151757899422,0.0038718291054739653,0.0007454383622607922,0.005796617712505563,0.012360925678682688,0.01992656875834446,0.009768580329327993,0.043090787716955944,0.013451268357810414,0.0609479305740988,0.04389185580774366,0.0780373831775701,0.07113929684023142,0.06065865598575879,0.04503782821539831,0.09964396973742769,0.0594681797952826,0.06270582999554962,0.045972407654650646,0.04942145082331998,0.046762349799732976,0.03759457053849577,0.036103693813974186,0.009857587894971072,0.011504227859368046,0.018391188251001334,0.015431686693368937,0.010102358700489542,0.0010347129506008011,0.0008900756564307966,0.001546506453048509,0.0,8.900756564307967e-05,0.0,0.0,8.900756564307967e-05,0.0,0.0,0.0,0.0,0.0,0.0,0.0,0.0,0.0,0.0,0.0,0.0,0.0,0.0,0.0,0.0,0.0,0.0,0.0,0.0,0.0,0.0,0.0,0.0,0.0,0.0,0.0,0.0,0.0,0.0,0.0,0.0,0.0,0.0,0.0,0.0,0.0,0.0,0.0,0.0,nan,nan,4.251301631377994,2.9551816850573056,nan,0.9213636521154406,0.02322710469872959,0.0,0.0,0.0,0.0,0.0,0.0,0.0,0.0,0.0,0.0,0.0,0.0,0.0,0.0,0.0,0.0,0.0,0.0,0.0,0.0,0.0,0.0,0.0,0.0,0.013049151805132669,0.2609830361026534,4.9325793823401485,15.98521096128752,8.012179208351458,0.7959982601130928,0.9214456670648145,0.023137795211280825,0.0,0.0,0.0,0.0,0.0,0.0,0.0,0.0,0.0,0.0,0.0,0.0,0.0,0.0,0.0,0.0,0.0,0.0,0.0,0.0,0.0,0.0,0.0,0.0,0.013667425968109343,0.15034168564920275,5.289293849658315,15.485193621867884,8.159453302961277,0.9020501138952166,0.3938,0.01223,0.0,0.0,0.0,0.0,0.0,0.0,0.0,0.0,0.0,0.0,0.3784254023488474,20.265332753371002,9.343192692474991,0.013049151805132669,0.0,0.0,0.0,0.0,0.0,0.0,0.0,0.0,0.0,0.0,0.0,0.0,0.0,0.0,0.0,0.0,0.394,0.01227,0.0,0.0,0.0,0.0,0.0,0.0,0.0,0.0,0.0,0.0,0.24601366742596817,19.92710706150339,9.826879271070617,0.0,0.0,0.0,0.0,0.0,0.0,0.0,0.0,0.0,0.0,0.0,0.0,0.0,0.0,0.0,0.0,0.0
38800,4560,2336,0.512280701754386,1104,936,0.4473684210526316,1268,0.5561403508771929,0.4200000000000001,2.9842625899280577,3.0988255775089226,6.523349436392914,2.1747013540584104,9507.666666666666,1614.5127920074078,7853.0,11083.0,11083.0,0.0,7853.0,0.0,28.340570175438597,20.916144684114943,33.178821697378666,19.136143919656565,0.1355263157894737,0.09758771929824561,0.0956140350877193,0.08552631578947369,0.07543859649122807,0.06929824561403508,0.07214912280701755,0.07456140350877193,0.05592105263157895,0.04802631578947368,0.047149122807017545,0.04583333333333333,0.03508771929824561,0.02850877192982456,0.01644736842105263,0.011403508771929825,0.0059210526315789476,0.9204645293454329,0.023291812788963657,0.0,0.0,0.0,0.0,0.0,0.0,0.0,0.0,0.0,0.0,0.0,0.0,0.0,0.0,0.0,0.0,0.0,0.0,0.0,0.0,0.0,0.0,0.0,0.0,0.006578947368421054,0.2894736842105264,5.500000000000002,15.572368421052635,7.92763157894737,0.7039473684210529,4.269165822357312,2.891980482466934,nan,nan,nan,4.302658486707567,2.9112783569029252,4.236278447121821,2.8725252672671746,0.9845723196970391,0.3945,0.011734,0.0,0.0,0.0,0.0,0.0,0.0,0.0,0.0,0.0,0.0,0.3486842105263159,20.032894736842078,9.61184210526316,0.006578947368421054,0.0,0.0,0.0,0.0,0.0,0.0,0.0,0.0,0.0,0.0,0.0,0.0,0.0,0.0,0.0,0.0,nan,nan,4.269165822357312,2.891980482466934,nan,0.3945,0.05737,0.0,0.0,0.0,0.0,0.0,0.0,0.0,0.0,0.0,0.0,0.0,0.0,0.0,0.0,0.0,0.0,0.0,0.0,0.0,0.000581140350877193,3.289473684210526e-05,1.0964912280701754e-05,0.0001425438596491228,0.0022368421052631577,0.014342105263157894,0.005734649122807018,0.003125,0.0010197368421052632,0.005339912280701754,0.012763157894736843,0.019583333333333335,0.009824561403508772,0.04406798245614035,0.01307017543859649,0.06028508771929825,0.04172149122807017,0.08228070175438597,0.0687390350877193,0.05889254385964912,0.04593201754385965,0.10053728070175438,0.0624780701754386,0.061962719298245615,0.04514254385964912,0.05,0.04672149122807018,0.037171052631578945,0.03644736842105263,0.010010964912280701,0.01150219298245614,0.018782894736842106,0.015438596491228071,0.010394736842105264,0.0010197368421052632,0.0011074561403508771,0.0013925438596491227,1.0964912280701754e-05,8.771929824561403e-05,0.0,0.0,6.578947368421052e-05,0.0,0.0,0.0,0.0,0.0,0.0,0.0,0.0,0.0,0.0,0.0,0.0,0.0,0.0,0.0,0.0,0.0,0.0,0.0,0.0,0.0,0.0,0.0,0.0,0.0,0.0,0.0,0.0,0.0,0.0,0.0,0.0,0.0,0.0,0.0,0.0,0.0,0.0,0.0,0.0,nan,nan,4.269165822357312,2.891980482466934,nan,0.9205386745041773,0.023142999756561214,0.0,0.0,0.0,0.0,0.0,0.0,0.0,0.0,0.0,0.0,0.0,0.0,0.0,0.0,0.0,0.0,0.0,0.0,0.0,0.0,0.0,0.0,0.0,0.0,0.01284246575342466,0.2568493150684932,5.496575342465755,15.372431506849319,8.154965753424658,0.7063356164383564,0.920386650257831,0.023446850527587774,0.0,0.0,0.0,0.0,0.0,0.0,0.0,0.0,0.0,0.0,0.0,0.0,0.0,0.0,0.0,0.0,0.0,0.0,0.0,0.0,0.0,0.0,0.0,0.0,0.0,0.32374100719424465,5.503597122302159,15.782374100719428,7.688848920863311,0.7014388489208635,0.3945,0.01185,0.0,0.0,0.0,0.0,0.0,0.0,0.0,0.0,0.0,0.0,0.3339041095890412,20.17551369863011,9.4777397260274,0.01284246575342466,0.0,0.0,0.0,0.0,0.0,0.0,0.0,0.0,0.0,0.0,0.0,0.0,0.0,0.0,0.0,0.0,0.3945,0.01162,0.0,0.0,0.0,0.0,0.0,0.0,0.0,0.0,0.0,0.0,0.3642086330935253,19.883093525179827,9.75269784172662,0.0,0.0,0.0,0.0,0.0,0.0,0.0,0.0,0.0,0.0,0.0,0.0,0.0,0.0,0.0,0.0,0.0
38900,4697,2428,0.5169256972535661,1189,962,0.4579518841813924,1309,0.5573770491803278,0.4040000000000001,2.9308065226972233,3.0423872455091265,6.44131455399061,2.0878774089406464,9522.670002129018,1614.074406855896,7853.0,11083.0,11083.0,0.0,7853.0,0.0,28.89035554609325,21.04259563310923,33.81738035264484,19.143002883150256,0.1347668724717905,0.09623163721524378,0.08409623163721525,0.08516074089844582,0.07877368533106238,0.0717479242069406,0.06961890568447945,0.06791569086651054,0.06216734085586545,0.053864168618266976,0.049393229721098574,0.04087715563125399,0.04215456674473068,0.027677240791994892,0.02001277411113477,0.00894187779433681,0.006599957419629551,0.9190398054933051,0.0232338820848544,0.0,0.0,0.0,0.0,0.0,0.0,0.0,0.0,0.0,0.0,0.0,0.0,0.0,0.0,0.0,0.0,0.0,0.0,0.0,0.0,0.0,0.0,0.0,0.0,0.0,0.37683627847562284,5.786672344049395,15.718543751330639,7.466467958271238,0.6514796678731106,4.069648562300319,2.836819564918376,nan,nan,nan,4.052224371373308,2.849408619621338,4.086763774540849,2.8242944679785564,1.0085235663186725,0.3943,0.01224,0.0,0.0,0.0,0.0,0.0,0.0,0.0,0.0,0.0,0.0,0.43431977858207377,20.131999148392563,9.408132850755804,0.025548222269533752,0.0,0.0,0.0,0.0,0.0,0.0,0.0,0.0,0.0,0.0,0.0,0.0,0.0,0.0,0.0,0.0,nan,nan,4.069648562300319,2.836819564918376,nan,0.3943,0.0575,0.0,0.0,0.0,0.0,0.0,0.0,0.0,0.0,0.0,0.0,0.0,0.0,0.0,0.0,0.0,0.0,0.0,0.0,0.0,0.001128379816904407,0.0,2.1290185224611454e-05,0.0003087076857568661,0.0019374068554396423,0.012827336597828401,0.00607834788162657,0.002735788801362572,0.0009899936129444326,0.005939961677666596,0.013721524377262082,0.021332765595060678,0.008963167979561423,0.04509261230572706,0.013742814562486693,0.057217372791143285,0.04297423887587822,0.0834681711730892,0.07059825420481158,0.05905897381307217,0.04827549499680647,0.09698743879071747,0.0609644453906749,0.05976154992548435,0.046370023419203744,0.04810517351500958,0.046849052586757506,0.03788588460719608,0.03594847775175644,0.009314456035767511,0.012114115392803918,0.01968277624015329,0.01592505854800937,0.010347030019161168,0.0007664466680860123,0.0012028954651905472,0.0011496700021290185,0.0,0.00014903129657228018,1.0645092612305727e-05,0.0,5.3225463061528635e-05,0.0,0.0,0.0,0.0,0.0,0.0,0.0,0.0,0.0,0.0,0.0,0.0,0.0,0.0,0.0,0.0,0.0,0.0,0.0,0.0,0.0,0.0,0.0,0.0,0.0,0.0,0.0,0.0,0.0,0.0,0.0,0.0,0.0,0.0,0.0,0.0,0.0,0.0,0.0,0.0,nan,nan,4.069648562300319,2.836819564918376,nan,0.9193932256942133,0.023502045465243513,0.0,0.0,0.0,0.0,0.0,0.0,0.0,0.0,0.0,0.0,0.0,0.0,0.0,0.0,0.0,0.0,0.0,0.0,0.0,0.0,0.0,0.0,0.0,0.0,0.0,0.4077429983525536,5.757825370675454,15.321252059308076,7.759472817133445,0.753706754530478,0.9186616193990762,0.022937425522228126,0.0,0.0,0.0,0.0,0.0,0.0,0.0,0.0,0.0,0.0,0.0,0.0,0.0,0.0,0.0,0.0,0.0,0.0,0.0,0.0,0.0,0.0,0.0,0.0,0.0,0.3437637725870428,5.817540766857648,16.14367562802997,7.152930806522699,0.5420890260026444,0.3945,0.012375,0.0,0.0,0.0,0.0,0.0,0.0,0.0,0.0,0.0,0.0,0.43245469522240537,19.917627677100466,9.612850082372324,0.0370675453047776,0.0,0.0,0.0,0.0,0.0,0.0,0.0,0.0,0.0,0.0,0.0,0.0,0.0,0.0,0.0,0.0,0.394,0.0121,0.0,0.0,0.0,0.0,0.0,0.0,0.0,0.0,0.0,0.0,0.4363155575143236,20.361392684001736,9.189070074922876,0.013221683561040108,0.0,0.0,0.0,0.0,0.0,0.0,0.0,0.0,0.0,0.0,0.0,0.0,0.0,0.0,0.0,0.0
39000,4722,2386,0.5052943667937315,1094,999,0.44324438797119864,1372,0.5811096992799661,0.4000000000000001,3.0218321917808217,3.138626902779956,6.599406528189911,2.2032615971770952,9485.100804743754,1614.9094595292693,7853.0,11083.0,11083.0,0.0,7853.0,0.0,28.337780601440066,21.196466264773004,33.313271216318306,19.442120356856943,0.13701821262177044,0.09889877170690385,0.09339263024142312,0.08407454468445574,0.08238034731046166,0.0770859805167302,0.06861499364675985,0.05844980940279543,0.06056755612028801,0.04722575180008471,0.04764930114358323,0.04066073697585769,0.036848792884371026,0.028377806014400677,0.01757729775518848,0.012918254976704785,0.008259212198221092,0.9189162311640799,0.022751167452681076,0.0,0.0,0.0,0.0,0.0,0.0,0.0,0.0,0.0,0.0,0.0,0.0,0.0,0.0,0.0,0.0,0.0,0.0,0.0,0.0,0.0,0.0,0.0,0.0,0.0,0.26683608640406614,5.946632782719188,16.06099110546379,7.121982210927575,0.6035578144853876,4.360575351422034,2.8647903350402926,nan,nan,nan,4.292459016393442,2.8060313587031174,4.4282920469361144,2.9204592480966642,1.0316445724988657,0.3948,0.01202,0.0,0.0,0.0,0.0,0.0,0.0,0.0,0.0,0.0,0.0,0.3049555273189327,19.47268106734432,10.20330368487929,0.019059720457433295,0.0,0.0,0.0,0.0,0.0,0.0,0.0,0.0,0.0,0.0,0.0,0.0,0.0,0.0,0.0,0.0,nan,nan,4.360575351422034,2.8647903350402926,nan,0.3948,0.0576,0.0,0.0,0.0,0.0,0.0,0.0,0.0,0.0,0.0,0.0,0.0,0.0,0.0,0.0,0.0,0.0,0.0,0.0,0.0,0.0008682761541719611,0.0,3.176620076238882e-05,0.00034942820838627703,0.002276577721304532,0.012314697162219399,0.006416772554002541,0.0031766200762388818,0.0012494705633206268,0.005961457009741635,0.013500635324015247,0.021103346039813637,0.009318085556967387,0.0415713680643795,0.01307708598051673,0.0594557390936044,0.04211139347734011,0.08202033036848792,0.06897501058873359,0.05819567979669631,0.049968233799237614,0.09650571791613723,0.06071579839051249,0.06049343498517577,0.044822109275730625,0.04769165607793308,0.05040237187632359,0.040205421431596784,0.0355146124523507,0.010398136382888607,0.01279119017365523,0.018784413384159253,0.016232528589580686,0.009995764506565015,0.0010059296908089793,0.001048284625158831,0.0013024142312579416,0.0,0.00010588733587462939,0.0,0.0,4.2354934349851756e-05,0.0,0.0,0.0,0.0,0.0,0.0,0.0,0.0,0.0,0.0,0.0,0.0,0.0,0.0,0.0,0.0,0.0,0.0,0.0,0.0,0.0,0.0,0.0,0.0,0.0,0.0,0.0,0.0,0.0,0.0,0.0,0.0,0.0,0.0,0.0,0.0,0.0,0.0,0.0,0.0,nan,nan,4.360575351422034,2.8647903350402926,nan,0.9191832262632333,0.023085942225249286,0.0,0.0,0.0,0.0,0.0,0.0,0.0,0.0,0.0,0.0,0.0,0.0,0.0,0.0,0.0,0.0,0.0,0.0,0.0,0.0,0.0,0.0,0.0,0.0,0.0,0.36462699077954747,5.796311818943841,15.741827326068737,7.418273260687345,0.6789606035205367,0.9186435212725645,0.022400778585358837,0.0,0.0,0.0,0.0,0.0,0.0,0.0,0.0,0.0,0.0,0.0,0.0,0.0,0.0,0.0,0.0,0.0,0.0,0.0,0.0,0.0,0.0,0.0,0.0,0.0,0.1669520547945206,6.100171232876714,16.386986301369866,6.819349315068495,0.5265410958904111,0.395,0.01209,0.0,0.0,0.0,0.0,0.0,0.0,0.0,0.0,0.0,0.0,0.3017602682313496,19.13663034367139,10.549036043587597,0.012573344509639567,0.0,0.0,0.0,0.0,0.0,0.0,0.0,0.0,0.0,0.0,0.0,0.0,0.0,0.0,0.0,0.0,0.3948,0.01194,0.0,0.0,0.0,0.0,0.0,0.0,0.0,0.0,0.0,0.0,0.30821917808219185,19.815924657534218,9.850171232876713,0.02568493150684932,0.0,0.0,0.0,0.0,0.0,0.0,0.0,0.0,0.0,0.0,0.0,0.0,0.0,0.0,0.0,0.0
39100,4798,2486,0.5181325552313464,1152,966,0.4414339308045019,1343,0.5598165902459358,0.4000000000000001,3.0220588235294117,3.0661588375850717,6.4384949348769895,2.1432544990408533,9526.56815339725,1613.937660322615,7853.0,11083.0,11083.0,0.0,7853.0,0.0,28.08003334722801,20.77850832797424,32.94951744617669,19.019361978170405,0.13797415589829096,0.09670696123384744,0.09629012088370154,0.08441017090454356,0.07732388495206335,0.07732388495206335,0.0712796998749479,0.06315131304710296,0.060650270946227595,0.055648186744476864,0.04668611921634014,0.03959983326385994,0.032096706961233845,0.02542726135889954,0.01896623593163818,0.00917048770320967,0.0072947061275531475,0.9186478020027807,0.02260180365429137,0.0,0.0,0.0,0.0,0.0,0.0,0.0,0.0,0.0,0.0,0.0,0.0,0.0,0.0,0.0,0.0,0.0,0.0,0.0,0.0,0.0,0.0,0.0,0.0,0.0,0.3001250521050438,5.858691121300543,15.906627761567323,7.478115881617342,0.4564401834097542,4.31959766385464,2.8509476947687635,nan,nan,nan,4.281967213114754,2.9195501672779813,4.35645472061657,2.7816223705312835,1.0173956277090765,0.3953,0.01199,0.0,0.0,0.0,0.0,0.0,0.0,0.0,0.0,0.0,0.0,0.26886202584410174,19.270529387244657,10.44185077115465,0.018757815756565238,0.0,0.0,0.0,0.0,0.0,0.0,0.0,0.0,0.0,0.0,0.0,0.0,0.0,0.0,0.0,0.0,nan,nan,4.31959766385464,2.8509476947687635,nan,0.3953,0.05746,0.0,0.0,0.0,0.0,0.0,0.0,0.0,0.0,0.0,0.0,0.0,0.0,0.0,0.0,0.0,0.0,0.0,0.0,0.0,0.00106294289287203,0.0,2.0842017507294705e-05,0.00035431429762401,0.001677782409337224,0.01275531471446436,0.006231763234681117,0.002771988328470196,0.001125468945393914,0.006294289287203002,0.013224260108378492,0.01960191746561067,0.008222175906627762,0.045091704877032096,0.012890787828261776,0.058409754064193416,0.04208003334722801,0.08029387244685285,0.06667361400583577,0.05834722801167153,0.05071904960400167,0.0986140058357649,0.06434972905377241,0.059160066694456025,0.045956648603584824,0.04643601500625261,0.04738432680283451,0.04201750729470613,0.037703209670696125,0.01011879949979158,0.011900791996665277,0.017590662776156733,0.016704877032096707,0.010587744893705711,0.001240100041684035,0.0011463109629012088,0.0010837849103793246,2.0842017507294705e-05,0.00013547311379741558,0.0,0.0,0.0,0.0,0.0,0.0,0.0,0.0,0.0,0.0,0.0,0.0,0.0,0.0,0.0,0.0,0.0,0.0,0.0,0.0,0.0,0.0,0.0,0.0,0.0,0.0,0.0,0.0,0.0,0.0,0.0,0.0,0.0,0.0,0.0,0.0,0.0,0.0,0.0,0.0,0.0,0.0,0.0,nan,nan,4.31959766385464,2.8509476947687635,nan,0.9187722785378883,0.022812803694798343,0.0,0.0,0.0,0.0,0.0,0.0,0.0,0.0,0.0,0.0,0.0,0.0,0.0,0.0,0.0,0.0,0.0,0.0,0.0,0.0,0.0,0.0,0.0,0.0,0.0,0.3620273531777958,5.695897023330653,16.02574416733709,7.409493161705552,0.506838294448914,0.918513957423941,0.022371930995180044,0.0,0.0,0.0,0.0,0.0,0.0,0.0,0.0,0.0,0.0,0.0,0.0,0.0,0.0,0.0,0.0,0.0,0.0,0.0,0.0,0.0,0.0,0.0,0.0,0.0,0.2335640138408305,6.0337370242214545,15.778546712802772,7.551903114186853,0.402249134948097,0.3953,0.011955,0.0,0.0,0.0,0.0,0.0,0.0,0.0,0.0,0.0,0.0,0.2292839903459373,19.247787610619444,10.498793242156077,0.024135156878519717,0.0,0.0,0.0,0.0,0.0,0.0,0.0,0.0,0.0,0.0,0.0,0.0,0.0,0.0,0.0,0.0,0.395,0.01203,0.0,0.0,0.0,0.0,0.0,0.0,0.0,0.0,0.0,0.0,0.3114186851211073,19.29498269896191,10.380622837370243,0.012975778546712806,0.0,0.0,0.0,0.0,0.0,0.0,0.0,0.0,0.0,0.0,0.0,0.0,0.0,0.0,0.0,0.0
39200,4813,2443,0.5075836276750467,1170,1004,0.4516933305630584,1355,0.5630583835445668,0.4120000000000001,3.0016877637130803,3.1291465821990903,6.686635944700461,2.0827997716941287,9492.495117390401,1614.8142274652,7853.0,11083.0,11083.0,0.0,7853.0,0.0,27.558902971119885,20.680539612886705,32.61318407960199,18.878885394594516,0.14523166424267608,0.09952212757116144,0.08788697278204861,0.09017244961562434,0.08040723041761895,0.07542073550799917,0.07458965302306254,0.0625389569914814,0.06066902140037399,0.05111157282360274,0.046956160398919596,0.03760648244338251,0.028672345730313735,0.026179098275503843,0.015998337835030126,0.00997298981923956,0.007064201121961355,0.9185168834899682,0.022808917872157126,0.0,0.0,0.0,0.0,0.0,0.0,0.0,0.0,0.0,0.0,0.0,0.0,0.0,0.0,0.0,0.0,0.0,0.0,0.0,0.0,0.0,0.0,0.0,0.0,0.0062331186370247265,0.34282152503635993,6.008726366091836,16.050280490338668,7.030957822563891,0.5609806773322253,4.36561585960351,2.8956324152342545,nan,nan,nan,4.369908015768726,2.824096356017227,4.363577863577864,2.9636991333159264,0.9985514220967536,0.395,0.01189,0.0,0.0,0.0,0.0,0.0,0.0,0.0,0.0,0.0,0.0,0.26802410139206323,19.52212757116141,10.197382090172452,0.012466237274049453,0.0,0.0,0.0,0.0,0.0,0.0,0.0,0.0,0.0,0.0,0.0,0.0,0.0,0.0,0.0,0.0,nan,nan,4.36561585960351,2.8956324152342545,nan,0.395,0.05713,0.0,0.0,0.0,0.0,0.0,0.0,0.0,0.0,0.0,0.0,0.0,0.0,0.0,0.0,0.0,0.0,0.0,0.0,0.0,0.0007895283606897985,1.0388531061707875e-05,1.0388531061707875e-05,0.0004570953667151465,0.0012258466652815291,0.013131103261998754,0.005796800332432994,0.002971119883648452,0.0009661333887388323,0.00610845626428423,0.012642842302098483,0.020330355287762312,0.008861416995636816,0.045418657801786826,0.013484313318096821,0.05874714315395803,0.042302098483274465,0.07880739663411594,0.06601911489715354,0.060585913151880326,0.05123623519634324,0.09349677955537088,0.065042592977353,0.06038853106170788,0.04776646582173281,0.04585497610637856,0.04760024932474548,0.04318512362351964,0.038001246623727405,0.010149594847288593,0.012050696031581135,0.01724496156243507,0.01655931851236235,0.009474340328277582,0.0015478911281944733,0.0010596301682942032,0.0005194265530853937,0.0,0.00015582796592561812,0.0,0.0,0.0,0.0,0.0,0.0,0.0,0.0,0.0,0.0,0.0,0.0,0.0,0.0,0.0,0.0,0.0,0.0,0.0,0.0,0.0,0.0,0.0,0.0,0.0,0.0,0.0,0.0,0.0,0.0,0.0,0.0,0.0,0.0,0.0,0.0,0.0,0.0,0.0,0.0,0.0,0.0,0.0,nan,nan,4.36561585960351,2.8956324152342545,nan,0.9180644380963342,0.022790897747243348,0.0,0.0,0.0,0.0,0.0,0.0,0.0,0.0,0.0,0.0,0.0,0.0,0.0,0.0,0.0,0.0,0.0,0.0,0.0,0.0,0.0,0.0,0.0,0.0,0.012279983626688501,0.319279574293901,6.311911584117889,16.013098649201805,6.753990994678675,0.5894392140810479,0.9189832649653471,0.02281809008727706,0.0,0.0,0.0,0.0,0.0,0.0,0.0,0.0,0.0,0.0,0.0,0.0,0.0,0.0,0.0,0.0,0.0,0.0,0.0,0.0,0.0,0.0,0.0,0.0,0.0,0.3670886075949368,5.6962025316455716,16.08860759493671,7.316455696202533,0.5316455696202532,0.3953,0.011795,0.0,0.0,0.0,0.0,0.0,0.0,0.0,0.0,0.0,0.0,0.24559967253377,19.660253786328255,10.094146541137949,0.0,0.0,0.0,0.0,0.0,0.0,0.0,0.0,0.0,0.0,0.0,0.0,0.0,0.0,0.0,0.0,0.0,0.395,0.011986,0.0,0.0,0.0,0.0,0.0,0.0,0.0,0.0,0.0,0.0,0.29113924050632917,19.37974683544301,10.303797468354432,0.025316455696202538,0.0,0.0,0.0,0.0,0.0,0.0,0.0,0.0,0.0,0.0,0.0,0.0,0.0,0.0,0.0,0.0
39300,4885,2515,0.5148413510747185,1201,989,0.4483111566018424,1349,0.552302968270215,0.4120000000000001,2.9729957805907175,3.1338812518032872,6.545185185185185,2.222235061691303,9515.937563971342,1614.2883850045177,7853.0,11083.0,11083.0,0.0,7853.0,0.0,27.527942681678606,20.77916953479056,32.574055909759686,19.03784939126903,0.14227226202661208,0.10644831115660185,0.08781985670419652,0.09129989764585465,0.08249744114636642,0.07246673490276356,0.06939611054247698,0.058546571136131015,0.05916069600818833,0.05322415557830092,0.04872057318321392,0.038894575230296824,0.028659160696008188,0.028249744114636644,0.016581371545547594,0.008597748208802457,0.007164790174002047,0.9178627777246028,0.023085774480389724,0.0,0.0,0.0,0.0,0.0,0.0,0.0,0.0,0.0,0.0,0.0,0.0,0.0,0.0,0.0,0.0,0.0,0.0,0.0,0.0,0.0,0.0,0.0,0.0,0.006141248720573185,0.399181166837257,6.116683725690892,16.016376663254864,6.872057318321393,0.5895598771750257,4.2484809721778065,2.9218545243400484,nan,nan,nan,4.282067645181876,2.911733420657459,4.214743589743589,2.931598506966575,0.9842776758760364,0.3955,0.01198,0.0,0.0,0.0,0.0,0.0,0.0,0.0,0.0,0.0,0.0,0.22722620266120783,19.093142272262,10.661207778915049,0.018423746161719552,0.0,0.0,0.0,0.0,0.0,0.0,0.0,0.0,0.0,0.0,0.0,0.0,0.0,0.0,0.0,0.0,nan,nan,4.2484809721778065,2.9218545243400484,nan,0.3955,0.0572,0.0,0.0,0.0,0.0,0.0,0.0,0.0,0.0,0.0,0.0,0.0,0.0,0.0,0.0,0.0,0.0,0.0,0.0,0.0,0.0012691914022517911,2.0470829068577278e-05,0.0,0.0007881269191402252,0.001218014329580348,0.012824974411463665,0.005291709314227226,0.002610030706243603,0.0007471852610030706,0.007052200614124872,0.012016376663254861,0.01983623336745138,0.008259979529170932,0.04473899692937564,0.012845445240532242,0.058986693961105424,0.0403582395087001,0.08040941658137155,0.06465711361310134,0.0630603889457523,0.049825997952917096,0.09383828045035823,0.06707267144319345,0.05925281473899693,0.04920163766632549,0.04345957011258956,0.04667349027635619,0.044401228249744115,0.04074718526100307,0.00970317297850563,0.012988741044012283,0.016673490276356194,0.0159467758444217,0.00977482088024565,0.0015148413510747186,0.0009518935516888434,0.0007881269191402252,0.0,0.0001842374616171955,0.0,1.0235414534288639e-05,0.0,0.0,0.0,0.0,0.0,0.0,0.0,0.0,0.0,0.0,0.0,0.0,0.0,0.0,0.0,0.0,0.0,0.0,0.0,0.0,0.0,0.0,0.0,0.0,0.0,0.0,0.0,0.0,0.0,0.0,0.0,0.0,0.0,0.0,0.0,0.0,0.0,0.0,0.0,0.0,0.0,nan,nan,4.2484809721778065,2.9218545243400484,nan,0.9178661442656166,0.02281503400069479,0.0,0.0,0.0,0.0,0.0,0.0,0.0,0.0,0.0,0.0,0.0,0.0,0.0,0.0,0.0,0.0,0.0,0.0,0.0,0.0,0.0,0.0,0.0,0.0,0.011928429423459248,0.3220675944333997,6.202783300198808,16.091451292246525,6.81113320079523,0.5606361829025845,0.9178592052137802,0.023369648688474826,0.0,0.0,0.0,0.0,0.0,0.0,0.0,0.0,0.0,0.0,0.0,0.0,0.0,0.0,0.0,0.0,0.0,0.0,0.0,0.0,0.0,0.0,0.0,0.0,0.0,0.4810126582278482,6.025316455696204,15.936708860759497,6.936708860759495,0.6202531645569621,0.396,0.012,0.0,0.0,0.0,0.0,0.0,0.0,0.0,0.0,0.0,0.0,0.22664015904572568,18.715705765407527,11.045725646123262,0.011928429423459248,0.0,0.0,0.0,0.0,0.0,0.0,0.0,0.0,0.0,0.0,0.0,0.0,0.0,0.0,0.0,0.0,0.3953,0.01193,0.0,0.0,0.0,0.0,0.0,0.0,0.0,0.0,0.0,0.0,0.22784810126582283,19.493670886075922,10.253164556962027,0.025316455696202538,0.0,0.0,0.0,0.0,0.0,0.0,0.0,0.0,0.0,0.0,0.0,0.0,0.0,0.0,0.0,0.0
39400,4828,2507,0.5192626346313173,1183,983,0.44863297431648713,1371,0.567937033968517,0.4400000000000001,3.037052994398966,3.152508247017719,6.754573170731708,2.144009763643175,9530.218309859154,1613.801066401392,7853.0,11083.0,11083.0,0.0,7853.0,0.0,28.570836785418393,21.213256033161347,33.43007592456527,19.455499986251418,0.13463131731565867,0.09631317315658658,0.08740679370339685,0.09486329743164872,0.07953603976801989,0.07394366197183098,0.06565865782932892,0.06690140845070422,0.05571665285832643,0.05178127589063795,0.04743164871582436,0.04515327257663629,0.03376139188069594,0.02547638773819387,0.018848384424192212,0.011806130903065452,0.010770505385252692,0.9191346501355934,0.022887401897456756,0.0,0.0,0.0,0.0,0.0,0.0,0.0,0.0,0.0,0.0,0.0,0.0,0.0,0.0,0.0,0.0,0.0,0.0,0.0,0.0,0.0,0.0,0.0,0.0,0.0,0.34797017398508706,5.75393537696769,15.857497928748968,7.4875724937862485,0.5530240265120133,4.270321361058601,2.9376027390746167,nan,nan,nan,4.224116161616162,2.9298876502473834,4.316352201257861,2.944547764314859,1.0218355831404053,0.3955,0.01209,0.0,0.0,0.0,0.0,0.0,0.0,0.0,0.0,0.0,0.0,0.24855012427506218,19.094863297431623,10.62551781275891,0.031068765534382772,0.0,0.0,0.0,0.0,0.0,0.0,0.0,0.0,0.0,0.0,0.0,0.0,0.0,0.0,0.0,0.0,nan,nan,4.270321361058601,2.9376027390746167,nan,0.3955,0.05756,0.0,0.0,0.0,0.0,0.0,0.0,0.0,0.0,0.0,0.0,0.0,0.0,0.0,0.0,0.0,0.0,0.0,0.0,0.0,0.0011288318144159072,0.00011391880695940348,0.0,0.000756006628003314,0.0009631317315658658,0.014591963545981773,0.005260977630488815,0.003282932891466446,0.0009217067108533555,0.00756006628003314,0.01237572493786247,0.01782311516155758,0.009020298260149131,0.04518434134217067,0.013193869096934548,0.055136702568351285,0.039799088649544324,0.07918392709196355,0.06628003314001657,0.062178956089478044,0.05008285004142502,0.09471830985915493,0.06543082021541011,0.0631731565865783,0.04768019884009942,0.041425020712510356,0.046975973487986745,0.046012841756420876,0.04221209610604805,0.00983844241922121,0.011454018227009113,0.016383595691797846,0.016052195526097764,0.010408036454018227,0.0018019884009942005,0.0008699254349627174,0.00042460646230323113,0.0,0.0002796188898094449,0.0,2.071251035625518e-05,0.0,0.0,0.0,0.0,0.0,0.0,0.0,0.0,0.0,0.0,0.0,0.0,0.0,0.0,0.0,0.0,0.0,0.0,0.0,0.0,0.0,0.0,0.0,0.0,0.0,0.0,0.0,0.0,0.0,0.0,0.0,0.0,0.0,0.0,0.0,0.0,0.0,0.0,0.0,0.0,0.0,nan,nan,4.270321361058601,2.9376027390746167,nan,0.9191976978477369,0.0229443489820066,0.0,0.0,0.0,0.0,0.0,0.0,0.0,0.0,0.0,0.0,0.0,0.0,0.0,0.0,0.0,0.0,0.0,0.0,0.0,0.0,0.0,0.0,0.0,0.0,0.0,0.3470283207020344,5.755883526126846,15.831671320303155,7.383326685281214,0.6820901475867572,0.9190665499139891,0.022825535945729593,0.0,0.0,0.0,0.0,0.0,0.0,0.0,0.0,0.0,0.0,0.0,0.0,0.0,0.0,0.0,0.0,0.0,0.0,0.0,0.0,0.0,0.0,0.0,0.0,0.0,0.34898750538560974,5.751831107281346,15.885394226626458,7.600172339508834,0.41361482119775966,0.3953,0.01217,0.0,0.0,0.0,0.0,0.0,0.0,0.0,0.0,0.0,0.0,0.1914639010769845,19.601116872756254,10.15955325089749,0.047865975269246124,0.0,0.0,0.0,0.0,0.0,0.0,0.0,0.0,0.0,0.0,0.0,0.0,0.0,0.0,0.0,0.0,0.3958,0.01201,0.0,0.0,0.0,0.0,0.0,0.0,0.0,0.0,0.0,0.0,0.31021111589831973,18.548039638087005,11.128823782852223,0.01292546316242999,0.0,0.0,0.0,0.0,0.0,0.0,0.0,0.0,0.0,0.0,0.0,0.0,0.0,0.0,0.0,0.0
39500,4817,2399,0.4980278181440731,1177,982,0.44820427652065603,1403,0.5825202408137845,0.35600000000000004,2.893713813068652,2.9319328314591426,6.052219321148825,2.0805926635922263,9461.629852605356,1614.9874368620242,7853.0,11083.0,11083.0,0.0,7853.0,0.0,29.225036329665766,21.034102723825377,33.8376213592233,19.228104233135426,0.12663483495951838,0.09321154245380943,0.09445713099439486,0.08054805895785759,0.07224413535395474,0.07348972389454017,0.07867967614697945,0.0595806518580029,0.06643138883122275,0.062279427029271334,0.048370354992734066,0.04318040274029479,0.03487647913639195,0.02781814407307453,0.019929416649366826,0.010587502594976126,0.007681129333610131,0.9192862249964967,0.023140088372217125,0.0,0.0,0.0,0.0,0.0,0.0,0.0,0.0,0.0,0.0,0.0,0.0,0.0,0.0,0.0,0.0,0.0,0.0,0.0,0.0,0.0,0.0,0.0,0.0,0.012455885405854268,0.30516919244342955,5.661199916960766,15.750467095702723,7.710193066223792,0.560514843263442,4.086142322097379,2.667498975864153,nan,nan,nan,4.0226854690374,2.6911486767314092,4.1519389701207885,2.641144277305146,1.0321311477315969,0.3955,0.012054,0.0,0.0,0.0,0.0,0.0,0.0,0.0,0.0,0.0,0.0,0.24288976541415824,19.14469586879798,10.593730537679056,0.018683828108781404,0.0,0.0,0.0,0.0,0.0,0.0,0.0,0.0,0.0,0.0,0.0,0.0,0.0,0.0,0.0,0.0,nan,nan,4.086142322097379,2.667498975864153,nan,0.3955,0.05722,0.0,0.0,0.0,0.0,0.0,0.0,0.0,0.0,0.0,0.0,0.0,0.0,0.0,0.0,0.0,0.0,0.0,0.0,0.0,0.0009134315964293129,9.341914054390699e-05,0.0,0.0005189952252439277,0.0013390076811293336,0.013639194519410421,0.005200332156944156,0.003612206767697737,0.0007681129333610131,0.0073178326759393815,0.012954120822088437,0.01809217355200332,0.009975088229188292,0.04466472908449242,0.013545775378866514,0.05384056466680506,0.040139090720365374,0.08225036329665768,0.06381565289599336,0.06580859456093004,0.04737388416026572,0.09388623624662654,0.0626842433049616,0.06332779738426407,0.049117708117085324,0.04222545152584596,0.047104006643138886,0.047643761677392565,0.0438550965331119,0.010400664313888312,0.010026987751712685,0.016410629022212995,0.015185800290637326,0.009497612621963879,0.0009134315964293129,0.0010795100685073698,0.00045671579821465643,0.0,0.00021797799460244967,0.0,0.00010379904504878556,0.0,0.0,0.0,0.0,0.0,0.0,0.0,0.0,0.0,0.0,0.0,0.0,0.0,0.0,0.0,0.0,0.0,0.0,0.0,0.0,0.0,0.0,0.0,0.0,0.0,0.0,0.0,0.0,0.0,0.0,0.0,0.0,0.0,0.0,0.0,0.0,0.0,0.0,0.0,0.0,0.0,nan,nan,4.086142322097379,2.667498975864153,nan,0.9192518824932723,0.023309599571644742,0.0,0.0,0.0,0.0,0.0,0.0,0.0,0.0,0.0,0.0,0.0,0.0,0.0,0.0,0.0,0.0,0.0,0.0,0.0,0.0,0.0,0.0,0.0,0.0,0.012505210504376826,0.3001250521050438,5.67736556898708,15.744060025010423,7.690704460191748,0.575239683201334,0.9193202976454773,0.022970622243252626,0.0,0.0,0.0,0.0,0.0,0.0,0.0,0.0,0.0,0.0,0.0,0.0,0.0,0.0,0.0,0.0,0.0,0.0,0.0,0.0,0.0,0.0,0.0,0.0,0.012406947890818861,0.3101736972704715,5.645161290322582,15.756823821339953,7.72952853598015,0.5459057071960298,0.3955,0.01207,0.0,0.0,0.0,0.0,0.0,0.0,0.0,0.0,0.0,0.0,0.20008336807002922,19.283034597749033,10.491871613172158,0.025010421008753652,0.0,0.0,0.0,0.0,0.0,0.0,0.0,0.0,0.0,0.0,0.0,0.0,0.0,0.0,0.0,0.0,0.3953,0.01205,0.0,0.0,0.0,0.0,0.0,0.0,0.0,0.0,0.0,0.0,0.2853598014888338,19.007444168734466,10.69478908188586,0.012406947890818861,0.0,0.0,0.0,0.0,0.0,0.0,0.0,0.0,0.0,0.0,0.0,0.0,0.0,0.0,0.0,0.0
39600,4307,2258,0.5242628279544926,1068,864,0.448572091943348,1218,0.565590898537265,0.4040000000000001,2.9580283064909714,3.0711738077679476,6.364532019704433,2.2154384012493047,9546.368934293012,1613.097427354522,7853.0,11083.0,11083.0,0.0,7853.0,0.0,28.11376828418853,20.83068416365552,32.93456145174594,19.0765676117703,0.1395402832598096,0.0991409333642907,0.09194334803807755,0.08404922219642443,0.07685163687021128,0.0796377989319712,0.06826097051311818,0.06454608776410495,0.06013466449965173,0.05293707917343859,0.046436034362665427,0.04318551195727885,0.03366612491293244,0.023914557696772695,0.01787787322962619,0.01300208962154632,0.00487578360807987,0.9195531406977184,0.022870870395707333,0.0,0.0,0.0,0.0,0.0,0.0,0.0,0.0,0.0,0.0,0.0,0.0,0.0,0.0,0.0,0.0,0.0,0.0,0.0,0.0,0.0,0.0,0.0,0.0,0.0,0.29951242163919206,5.725563036916649,15.797538890178782,7.5296029719062005,0.6477826793591829,4.1752760954755965,2.87600072644143,nan,nan,nan,4.149285714285714,2.8205621635353735,4.201137171286425,2.9298937376305374,1.012496477844895,0.3955,0.01212,0.0,0.0,0.0,0.0,0.0,0.0,0.0,0.0,0.0,0.0,0.24378918040399356,19.440445785929853,10.287903413048527,0.027861620617599264,0.0,0.0,0.0,0.0,0.0,0.0,0.0,0.0,0.0,0.0,0.0,0.0,0.0,0.0,0.0,0.0,nan,nan,4.1752760954755965,2.87600072644143,nan,0.3955,0.05713,0.0,0.0,0.0,0.0,0.0,0.0,0.0,0.0,0.0,0.0,0.0,0.0,0.0,0.0,8.12630601346645e-05,0.0,0.0,0.0,0.0,0.0014279080566519619,1.1609008590666358e-05,0.0,0.00030183422335732527,0.0016368702112839564,0.012885999535639656,0.005885767355467843,0.003157650336661249,0.0008706756442999768,0.0072091943348038074,0.012816345484095657,0.01787787322962619,0.009507778035755747,0.04232644532156954,0.01453447875551428,0.054515904341769214,0.0400278616206176,0.08156489435802182,0.06357093104248897,0.07045507313675411,0.04443928488507082,0.09431158579057349,0.06324587880195032,0.0684583236591595,0.045333178546552125,0.04187369398653355,0.045426050615277457,0.0474111910842814,0.04529835152078013,0.010529370791734386,0.009693522173206409,0.01694915254237288,0.015207801253772928,0.008521012305549107,0.0006152774553053169,0.0009403296958439749,0.0007081495240306478,0.0,0.0002786162061759926,0.0,9.287206872533086e-05,0.0,0.0,0.0,0.0,0.0,0.0,0.0,0.0,0.0,0.0,0.0,0.0,0.0,0.0,0.0,0.0,0.0,0.0,0.0,0.0,0.0,0.0,0.0,0.0,0.0,0.0,0.0,0.0,0.0,0.0,0.0,0.0,0.0,0.0,0.0,0.0,0.0,0.0,0.0,0.0,0.0,nan,nan,4.1752760954755965,2.87600072644143,nan,0.9194302092198253,0.022942948641734035,0.0,0.0,0.0,0.0,0.0,0.0,0.0,0.0,0.0,0.0,0.0,0.0,0.0,0.0,0.0,0.0,0.0,0.0,0.0,0.0,0.0,0.0,0.0,0.0,0.0,0.3188662533215235,5.726306465899027,16.00974313551816,7.201062887511073,0.7440212577502217,0.9196886113063483,0.022790408102854466,0.0,0.0,0.0,0.0,0.0,0.0,0.0,0.0,0.0,0.0,0.0,0.0,0.0,0.0,0.0,0.0,0.0,0.0,0.0,0.0,0.0,0.0,0.0,0.0,0.0,0.2781844802342607,5.724743777452416,15.563689604685216,7.891654465592974,0.5417276720351392,0.3955,0.01217,0.0,0.0,0.0,0.0,0.0,0.0,0.0,0.0,0.0,0.0,0.1860053144375554,19.54384410983168,10.217006200177149,0.05314437555358726,0.0,0.0,0.0,0.0,0.0,0.0,0.0,0.0,0.0,0.0,0.0,0.0,0.0,0.0,0.0,0.0,0.3953,0.01208,0.0,0.0,0.0,0.0,0.0,0.0,0.0,0.0,0.0,0.0,0.30746705710102495,19.326500732064392,10.366032210834556,0.0,0.0,0.0,0.0,0.0,0.0,0.0,0.0,0.0,0.0,0.0,0.0,0.0,0.0,0.0,0.0,0.0
39700,4354,2217,0.5091869545245751,1075,909,0.45567294441892514,1271,0.5838309600367478,0.38800000000000007,2.9700514740290127,3.036672076794445,6.3915094339622645,2.0837474371877396,9497.673863114378,1614.7273645565897,7853.0,11083.0,11083.0,0.0,7853.0,0.0,28.19085898024805,20.856259359620307,33.215986860114974,19.00087587393888,0.1423977951309141,0.09003215434083602,0.09278824069820854,0.08727606798346348,0.0799265043638034,0.07648139641708773,0.07119889756545705,0.060174552135966924,0.06522737712448323,0.05144694533762058,0.04662379421221865,0.04317868626550299,0.03422140560404226,0.022508038585209004,0.019522278364722093,0.008497932935231971,0.008497932935231971,0.9193507802694502,0.0225080797782071,0.0,0.0,0.0,0.0,0.0,0.0,0.0,0.0,0.0,0.0,0.0,0.0,0.0,0.0,0.0,0.0,0.0,0.0,0.0,0.0,0.0,0.0,0.0,0.0,0.0,0.31694993109784114,5.60174552135967,16.150666054203036,7.393201653651816,0.5374368396876437,4.170048985304408,2.839745661317828,nan,nan,nan,4.167601683029453,2.8081407401301406,4.1724860335195535,2.8708703580854062,1.0011719811204582,0.3955,0.011955,0.0,0.0,0.0,0.0,0.0,0.0,0.0,0.0,0.0,0.0,0.26182820395039047,18.989435002296712,10.741846577859441,0.006890215893431329,0.0,0.0,0.0,0.0,0.0,0.0,0.0,0.0,0.0,0.0,0.0,0.0,0.0,0.0,0.0,0.0,nan,nan,4.170048985304408,2.839745661317828,nan,0.3955,0.05713,0.0,0.0,0.0,0.0,0.0,0.0,0.0,0.0,0.0,0.0,0.0,0.0,0.0,0.0,1.148369315571888e-05,0.0,0.0,0.0,0.0,0.0017340376665135509,0.0,0.0,0.0004478640330730363,0.0017799724391364263,0.013229214515388148,0.005925585668350942,0.003628847037207166,0.0004937988056959118,0.007762976573265962,0.011242535599448782,0.01731740927882407,0.011047312815801562,0.04053743683968764,0.015411116214974737,0.052193385392742306,0.039825447864033074,0.08023656407900781,0.06432016536518144,0.06781120808451999,0.045716582452916855,0.09612999540652274,0.06140330730362885,0.0729329352319706,0.045774000918695455,0.042558566835094166,0.045257234726688106,0.045418006430868164,0.047393201653651816,0.011701883325677538,0.008256775378961875,0.01770785484611851,0.015215893431327515,0.007257694074414332,0.00034451079467156636,0.0009646302250803858,0.0005282498851630684,0.0,0.0003330271015158475,0.0,0.00014928801102434544,0.0,0.0,0.0,0.0,0.0,0.0,0.0,0.0,0.0,0.0,0.0,0.0,0.0,0.0,0.0,0.0,0.0,0.0,0.0,0.0,0.0,0.0,0.0,0.0,0.0,0.0,0.0,0.0,0.0,0.0,0.0,0.0,0.0,0.0,0.0,0.0,0.0,0.0,0.0,0.0,0.0,nan,nan,4.170048985304408,2.839745661317828,nan,0.9190266118374396,0.022223923120502594,0.0,0.0,0.0,0.0,0.0,0.0,0.0,0.0,0.0,0.0,0.0,0.0,0.0,0.0,0.0,0.0,0.0,0.0,0.0,0.0,0.0,0.0,0.0,0.0,0.0,0.29769959404600815,5.696887686062248,16.2787550744249,7.253044654939108,0.4736129905277403,0.9196870841598421,0.0227942596521971,0.0,0.0,0.0,0.0,0.0,0.0,0.0,0.0,0.0,0.0,0.0,0.0,0.0,0.0,0.0,0.0,0.0,0.0,0.0,0.0,0.0,0.0,0.0,0.0,0.0,0.3369209171736079,5.50304164716893,16.017781937295275,7.538605521759478,0.6036499766027142,0.3955,0.012,0.0,0.0,0.0,0.0,0.0,0.0,0.0,0.0,0.0,0.0,0.23004059539918814,18.930987821380217,10.825439783491206,0.013531799729364009,0.0,0.0,0.0,0.0,0.0,0.0,0.0,0.0,0.0,0.0,0.0,0.0,0.0,0.0,0.0,0.0,0.3955,0.01191,0.0,0.0,0.0,0.0,0.0,0.0,0.0,0.0,0.0,0.0,0.2948058025269069,19.050070191857717,10.65512400561535,0.0,0.0,0.0,0.0,0.0,0.0,0.0,0.0,0.0,0.0,0.0,0.0,0.0,0.0,0.0,0.0,0.0
39800,4215,2245,0.5326215895610913,1074,830,0.4517200474495848,1158,0.5494661921708185,0.4240000000000001,2.9934010152284265,3.1655597666354525,6.573684210526316,2.2762716758731307,9573.367734282325,1611.559071387769,7853.0,11083.0,11083.0,0.0,7853.0,0.0,28.751126927639383,21.314556157394794,33.87337478801583,19.42384698035902,0.13997627520759193,0.09228944246737841,0.08825622775800712,0.08801897983392645,0.07805456702253856,0.0730723606168446,0.06548042704626335,0.06405693950177936,0.0631079478054567,0.05219454329774614,0.0465005931198102,0.04412811387900356,0.036298932384341634,0.029418742586002373,0.01826809015421115,0.01376037959667853,0.0071174377224199285,0.9197203417831186,0.02299911875588682,0.0,0.0,0.0,0.0,0.0,0.0,0.0,0.0,0.0,0.0,0.0,0.0,0.0,0.0,0.0,0.0,0.0,0.0,0.0,0.0,0.0,0.0,0.0,0.0,0.0,0.3914590747330962,5.537366548042706,15.537366548042709,7.9857651245551615,0.5480427046263346,4.165405405405405,2.973218532037304,nan,nan,nan,4.104768786127168,2.9521482975652837,4.223021582733813,2.99217965227301,1.028808637652455,0.396,0.01215,0.0,0.0,0.0,0.0,0.0,0.0,0.0,0.0,0.0,0.0,0.24199288256227763,18.09252669039143,11.629893238434166,0.03558718861209965,0.0,0.0,0.0,0.0,0.0,0.0,0.0,0.0,0.0,0.0,0.0,0.0,0.0,0.0,0.0,0.0,nan,nan,4.165405405405405,2.973218532037304,nan,0.396,0.05692,0.0,0.0,0.0,0.0,0.0,0.0,0.0,0.0,0.0,0.0,0.0,0.0,0.0,0.0,0.0,0.0,0.0,0.0,0.0,0.0016251482799525504,0.0,0.0,0.0006168446026097272,0.001494661921708185,0.012680901542111506,0.005765124555160143,0.003202846975088968,0.00047449584816132857,0.008351126927639382,0.010604982206405694,0.018362989323843417,0.010782918149466192,0.03709371293001186,0.015776986951364175,0.050379596678529065,0.039051008303677345,0.08201660735468565,0.06358244365361804,0.06811387900355872,0.05093712930011862,0.09526690391459075,0.05979833926453144,0.07463819691577699,0.046263345195729534,0.041981020166073545,0.044899169632265715,0.04697508896797153,0.04451957295373665,0.01383155397390273,0.006524317912218268,0.01734282325029656,0.016832740213523132,0.007247924080664294,0.0008540925266903915,0.0009134045077105576,0.0005100830367734282,0.0,0.00047449584816132857,0.0,0.00021352313167259787,0.0,0.0,0.0,0.0,0.0,0.0,0.0,0.0,0.0,0.0,0.0,0.0,0.0,0.0,0.0,0.0,0.0,0.0,0.0,0.0,0.0,0.0,0.0,0.0,0.0,0.0,0.0,0.0,0.0,0.0,0.0,0.0,0.0,0.0,0.0,0.0,0.0,0.0,0.0,0.0,0.0,nan,nan,4.165405405405405,2.973218532037304,nan,0.9199127645428834,0.022774940071797797,0.0,0.0,0.0,0.0,0.0,0.0,0.0,0.0,0.0,0.0,0.0,0.0,0.0,0.0,0.0,0.0,0.0,0.0,0.0,0.0,0.0,0.0,0.0,0.0,0.0,0.34743875278396447,5.532293986636972,15.42093541202673,8.178173719376394,0.5211581291759466,0.9195010579782089,0.023250015132526964,0.0,0.0,0.0,0.0,0.0,0.0,0.0,0.0,0.0,0.0,0.0,0.0,0.0,0.0,0.0,0.0,0.0,0.0,0.0,0.0,0.0,0.0,0.0,0.0,0.0,0.4416243654822336,5.5431472081218285,15.670050761421324,7.766497461928936,0.5786802030456853,0.3962,0.01213,0.0,0.0,0.0,0.0,0.0,0.0,0.0,0.0,0.0,0.0,0.21380846325167044,18.16035634743873,11.585746102449892,0.040089086859688206,0.0,0.0,0.0,0.0,0.0,0.0,0.0,0.0,0.0,0.0,0.0,0.0,0.0,0.0,0.0,0.0,0.396,0.01218,0.0,0.0,0.0,0.0,0.0,0.0,0.0,0.0,0.0,0.0,0.2741116751269036,18.015228426395915,11.680203045685282,0.03045685279187818,0.0,0.0,0.0,0.0,0.0,0.0,0.0,0.0,0.0,0.0,0.0,0.0,0.0,0.0,0.0,0.0
39900,4668,2397,0.5134961439588689,1154,958,0.4524421593830334,1318,0.5646958011996572,0.4040000000000001,2.9982386613826506,3.10692986565009,6.643659711075442,2.1059010782318697,9511.592544987147,1614.4115615361354,7853.0,11083.0,11083.0,0.0,7853.0,0.0,27.910668380462724,20.68539461266405,32.85451761102603,18.895869208886307,0.13881748071979436,0.10089974293059126,0.09190231362467867,0.0844044558697515,0.08161953727506427,0.07262210796915167,0.06662382176520994,0.07176520994001714,0.061268209083119106,0.05419880034275921,0.04755784061696658,0.03577549271636675,0.031276778063410456,0.029348757497857755,0.01713796058269066,0.008783204798628963,0.005998286203941731,0.9194908929157175,0.023267604000465774,0.0,0.0,0.0,0.0,0.0,0.0,0.0,0.0,0.0,0.0,0.0,0.0,0.0,0.0,0.0,0.0,0.0,0.0,0.0,0.0,0.0,0.0,0.0,0.0,0.006426735218508999,0.366323907455013,5.610539845758356,15.829048843187664,7.461439588688948,0.726221079691517,4.2779436152570485,2.8763969567627186,nan,nan,nan,4.240963855421687,2.869221451016289,4.314266929651545,2.882965956646696,1.0172845317076085,0.396,0.01191,0.0,0.0,0.0,0.0,0.0,0.0,0.0,0.0,0.0,0.0,0.17994858611825199,18.894601542416424,10.899742930591263,0.025706940874035997,0.0,0.0,0.0,0.0,0.0,0.0,0.0,0.0,0.0,0.0,0.0,0.0,0.0,0.0,0.0,0.0,nan,nan,4.2779436152570485,2.8763969567627186,nan,0.396,0.05756,0.0,0.0,0.0,0.0,0.0,0.0,0.0,0.0,0.0,0.0,0.0,0.0,0.0,0.0,0.0,0.0,0.0,0.0,0.0,0.0016388174807197944,1.0711225364181662e-05,3.2133676092544985e-05,0.0006855184233076263,0.001392459297343616,0.012735646958011996,0.0058483290488431875,0.00360968294772922,0.0003106255355612682,0.008065552699228791,0.011386032562125108,0.018198371893744646,0.010646958011996572,0.03812125107112253,0.016580976863753212,0.05109254498714653,0.043273350471293916,0.08093401885175665,0.06288560411311055,0.0670629820051414,0.05027849185946872,0.09247000856898029,0.05870822622107969,0.07316838046272493,0.0460261353898886,0.041463153384747216,0.0443337617823479,0.048532562125107113,0.042309340188517564,0.014053127677806341,0.006158954584404456,0.018937446443873178,0.017362896315338473,0.008044130248500429,0.0011568123393316196,0.0009961439588688946,0.0006533847472150814,3.2133676092544985e-05,0.00043916023993144815,0.0,0.0003641816623821765,0.0,0.0,0.0,0.0,0.0,0.0,0.0,0.0,0.0,0.0,0.0,0.0,0.0,0.0,0.0,0.0,0.0,0.0,0.0,0.0,0.0,0.0,0.0,0.0,0.0,0.0,0.0,0.0,0.0,0.0,0.0,0.0,0.0,0.0,0.0,0.0,0.0,0.0,0.0,0.0,0.0,nan,nan,4.2779436152570485,2.8763969567627186,nan,0.9197491919392589,0.02355983774201427,0.0,0.0,0.0,0.0,0.0,0.0,0.0,0.0,0.0,0.0,0.0,0.0,0.0,0.0,0.0,0.0,0.0,0.0,0.0,0.0,0.0,0.0,0.0,0.0,0.0,0.4005006257822279,5.657071339173969,15.68210262828536,7.384230287859826,0.8760951188986235,0.9192182629027591,0.02295196813504189,0.0,0.0,0.0,0.0,0.0,0.0,0.0,0.0,0.0,0.0,0.0,0.0,0.0,0.0,0.0,0.0,0.0,0.0,0.0,0.0,0.0,0.0,0.0,0.0,0.013210039630118893,0.3302509907529723,5.561426684280055,15.98414795244386,7.542932628797888,0.5680317040951124,0.396,0.01178,0.0,0.0,0.0,0.0,0.0,0.0,0.0,0.0,0.0,0.0,0.15018773466833543,18.973717146433014,10.826032540675849,0.05006257822277849,0.0,0.0,0.0,0.0,0.0,0.0,0.0,0.0,0.0,0.0,0.0,0.0,0.0,0.0,0.0,0.0,0.396,0.01205,0.0,0.0,0.0,0.0,0.0,0.0,0.0,0.0,0.0,0.0,0.21136063408190228,18.811096433289276,10.9775429326288,0.0,0.0,0.0,0.0,0.0,0.0,0.0,0.0,0.0,0.0,0.0,0.0,0.0,0.0,0.0,0.0,0.0
40000,4626,2372,0.512753999135322,1114,949,0.44595763078253353,1308,0.5654993514915694,0.4160000000000001,2.9835847382431235,3.1232017104687007,6.640866873065016,2.1175520048190393,9509.195417207091,1614.4745081917936,7853.0,11083.0,11083.0,0.0,7853.0,0.0,28.11370514483355,21.000989163565833,33.28508544795443,19.12458216304021,0.14504971897968008,0.0940337224383917,0.09208819714656291,0.08862948551664505,0.07868568958063121,0.07501080847384349,0.06333765672287073,0.06117596195417207,0.05944660613921314,0.05469087764807609,0.04993514915693904,0.0425853869433636,0.03631647211413749,0.02313013402507566,0.01988759187202767,0.010159965412883701,0.005836575875486381,0.9208758028358595,0.023317841421539382,0.0,0.0,0.0,0.0,0.0,0.0,0.0,0.0,0.0,0.0,0.0,0.0,0.0,0.0,0.0,0.0,0.0,0.0,0.0,0.0,0.0,0.0,0.0,0.0,0.012970168612191961,0.24643320363164725,5.434500648508433,15.402075226977955,8.09987029831388,0.8041504539559017,4.241333333333333,2.8915552139904843,nan,nan,nan,4.211615487316422,2.869190640858833,4.270972037283622,2.9133873445626426,1.014093534926433,0.3955,0.011955,0.0,0.0,0.0,0.0,0.0,0.0,0.0,0.0,0.0,0.0,0.15564202334630353,19.05317769130996,10.784695201037616,0.0064850843060959805,0.0,0.0,0.0,0.0,0.0,0.0,0.0,0.0,0.0,0.0,0.0,0.0,0.0,0.0,0.0,0.0,nan,nan,4.241333333333333,2.8915552139904843,nan,0.3955,0.0576,0.0,0.0,0.0,0.0,0.0,0.0,0.0,0.0,0.0,0.0,0.0,0.0,0.0,0.0,0.0,0.0,0.0,0.0,0.0,0.0013618677042801556,0.0,1.08084738434933e-05,0.0008106355382619975,0.0011673151750972762,0.013110678772157372,0.005479896238651102,0.0038478166882836146,0.0003891050583657588,0.009511456982274102,0.00969520103761349,0.019379593601383485,0.011327280587980977,0.03767833981841764,0.015639861651534803,0.052237354085603115,0.04359057501080847,0.08236057068741894,0.06531560743623001,0.06342412451361867,0.05145914396887159,0.09288802421098141,0.057133592736705575,0.07235192390834415,0.04544963251188932,0.04162343277129269,0.04152615650670125,0.05052961521833117,0.04298530047557285,0.013845654993514915,0.006798530047557285,0.018266320795503676,0.018720276696930393,0.007101167315175097,0.0008862948551664505,0.0005188067444876783,0.0006376999567661046,0.0,0.00033506268914829226,0.0,0.0006052745352356247,0.0,0.0,0.0,0.0,0.0,0.0,0.0,0.0,0.0,0.0,0.0,0.0,0.0,0.0,0.0,0.0,0.0,0.0,0.0,0.0,0.0,0.0,0.0,0.0,0.0,0.0,0.0,0.0,0.0,0.0,0.0,0.0,0.0,0.0,0.0,0.0,0.0,0.0,0.0,0.0,0.0,nan,nan,4.241333333333333,2.8915552139904843,nan,0.9207288608532933,0.023911144554566475,0.0,0.0,0.0,0.0,0.0,0.0,0.0,0.0,0.0,0.0,0.0,0.0,0.0,0.0,0.0,0.0,0.0,0.0,0.0,0.0,0.0,0.0,0.0,0.0,0.02529510961214166,0.3035413153456999,5.552276559865095,15.11382799325464,8.119730185497472,0.8853288364249581,0.9210304374333071,0.022675692836919257,0.0,0.0,0.0,0.0,0.0,0.0,0.0,0.0,0.0,0.0,0.0,0.0,0.0,0.0,0.0,0.0,0.0,0.0,0.0,0.0,0.0,0.0,0.0,0.0,0.0,0.18633540372670812,5.3105590062111805,15.705412599822541,8.078970718722273,0.7187222715173027,0.396,0.01175,0.0,0.0,0.0,0.0,0.0,0.0,0.0,0.0,0.0,0.0,0.08853288364249581,19.034569983136567,10.864249578414842,0.01264755480607083,0.0,0.0,0.0,0.0,0.0,0.0,0.0,0.0,0.0,0.0,0.0,0.0,0.0,0.0,0.0,0.0,0.3953,0.01216,0.0,0.0,0.0,0.0,0.0,0.0,0.0,0.0,0.0,0.0,0.2262644188110027,19.072759538598017,10.700976042590952,0.0,0.0,0.0,0.0,0.0,0.0,0.0,0.0,0.0,0.0,0.0,0.0,0.0,0.0,0.0,0.0,0.0
40100,4965,2610,0.525679758308157,1215,996,0.4453172205438066,1389,0.5595166163141994,0.4000000000000001,2.9278131634819533,3.060586252889569,6.46048632218845,2.161233691779214,9550.945619335347,1612.8685700431624,7853.0,11083.0,11083.0,0.0,7853.0,0.0,28.238670694864048,21.024735708843146,33.07011686143573,19.305972612073933,0.13575025176233635,0.09707955689828801,0.0932527693856999,0.09385699899295065,0.07633434038267875,0.07351460221550855,0.07089627391742195,0.06706948640483383,0.05397784491440081,0.050352467270896276,0.04451158106747231,0.04149043303121853,0.033836858006042296,0.030211480362537766,0.021953675730110776,0.010070493454179255,0.005840886203423968,0.9218360294988388,0.023125639972163627,0.0,0.0,0.0,0.0,0.0,0.0,0.0,0.0,0.0,0.0,0.0,0.0,0.0,0.0,0.0,0.0,0.0,0.0,0.0,0.0,0.0,0.0,0.0,0.0,0.0,0.22960725075528707,4.99093655589124,15.468277945619338,8.561933534743204,0.7492447129909368,4.240384615384615,2.917108659099637,nan,nan,nan,4.262274704785581,2.9179072583856684,4.218575851393189,2.9161494103638534,0.98974752768907,0.3962,0.011765,0.0,0.0,0.0,0.0,0.0,0.0,0.0,0.0,0.0,0.0,0.15709969788519643,18.42900302114801,11.395770392749247,0.01812688821752266,0.0,0.0,0.0,0.0,0.0,0.0,0.0,0.0,0.0,0.0,0.0,0.0,0.0,0.0,0.0,0.0,nan,nan,4.240384615384615,2.917108659099637,nan,0.3962,0.0574,0.0,0.0,0.0,0.0,0.0,0.0,0.0,0.0,0.0,0.0,0.0,0.0,0.0,0.0,0.0,0.0,0.0,0.0,0.0,0.0014501510574018127,0.0,7.049345417925478e-05,0.0008862034239677744,0.0011379657603222558,0.011863041289023163,0.005740181268882176,0.00473313192346425,0.00039274924471299094,0.008429003021148036,0.011107754279959718,0.01840886203423968,0.011792547834843908,0.03448136958710977,0.014642497482376636,0.054672708962739174,0.04317220543806646,0.07771399798590131,0.06578046324269889,0.06455186304128903,0.05319234642497482,0.09112789526686807,0.05484390735146022,0.07358509566968781,0.04772406847935549,0.042134944612286,0.04254783484390735,0.054773413897280965,0.041570996978851964,0.014561933534743202,0.006364551863041289,0.017985901309164148,0.01959718026183283,0.00622356495468278,0.0007653575025176234,0.0004934541792547835,0.00048338368580060423,0.0,0.0002618328298086606,0.0,0.0007351460221550856,0.0,0.0,0.0,0.0,0.0,0.0,0.0,0.0,0.0,0.0,0.0,0.0,0.0,0.0,0.0,0.0,0.0,0.0,0.0,0.0,0.0,0.0,0.0,0.0,0.0,0.0,0.0,0.0,0.0,0.0,0.0,0.0,0.0,0.0,0.0,0.0,0.0,0.0,0.0,0.0,0.0,nan,nan,4.240384615384615,2.917108659099637,nan,0.9218290267091145,0.02311941313923282,0.0,0.0,0.0,0.0,0.0,0.0,0.0,0.0,0.0,0.0,0.0,0.0,0.0,0.0,0.0,0.0,0.0,0.0,0.0,0.0,0.0,0.0,0.0,0.0,0.0,0.20689655172413798,4.9540229885057485,15.505747126436784,8.563218390804598,0.7701149425287358,0.9218437905524187,0.023132536613279107,0.0,0.0,0.0,0.0,0.0,0.0,0.0,0.0,0.0,0.0,0.0,0.0,0.0,0.0,0.0,0.0,0.0,0.0,0.0,0.0,0.0,0.0,0.0,0.0,0.0,0.2547770700636943,5.031847133757963,15.426751592356691,8.560509554140129,0.7261146496815288,0.3962,0.011696,0.0,0.0,0.0,0.0,0.0,0.0,0.0,0.0,0.0,0.0,0.18390804597701155,18.471264367816065,11.333333333333336,0.011494252873563222,0.0,0.0,0.0,0.0,0.0,0.0,0.0,0.0,0.0,0.0,0.0,0.0,0.0,0.0,0.0,0.0,0.3962,0.01184,0.0,0.0,0.0,0.0,0.0,0.0,0.0,0.0,0.0,0.0,0.12738853503184716,18.382165605095512,11.464968152866245,0.02547770700636943,0.0,0.0,0.0,0.0,0.0,0.0,0.0,0.0,0.0,0.0,0.0,0.0,0.0,0.0,0.0,0.0
40200,5016,2604,0.5191387559808612,1299,1032,0.4647129186602871,1441,0.5745614035087719,0.34,2.9046434494195688,2.9973777921861284,6.469153515064562,2.004867391534485,9529.818181818182,1613.8164432167289,7853.0,11083.0,11083.0,0.0,7853.0,0.0,28.811204146730464,20.73212518817049,33.40331620737973,18.943612540226603,0.12938596491228072,0.09230462519936204,0.08512759170653908,0.08991228070175439,0.08213716108452951,0.07834928229665072,0.06977671451355662,0.06359649122807018,0.06718500797448165,0.05522328548644338,0.048843700159489634,0.042464114832535885,0.033094098883572565,0.028309409888357256,0.01634768740031898,0.012360446570972886,0.005582137161084529,0.9220433383467095,0.023321648046759832,0.0,0.0,0.0,0.0,0.0,0.0,0.0,0.0,0.0,0.0,0.0,0.0,0.0,0.0,0.0,0.0,0.0,0.0,0.0,0.0,0.0,0.0,0.0,0.0,0.0059808612440191405,0.18540669856459335,5.065789473684212,15.281100478468902,8.570574162679428,0.8911483253588518,4.0469076785180755,2.8225920432092213,nan,nan,nan,3.9987827145465613,2.7977033409258767,4.09330985915493,2.8456131022086404,1.0236389799987138,0.3962,0.01229,0.0,0.0,0.0,0.0,0.0,0.0,0.0,0.0,0.0,0.0,0.2870813397129187,18.35526315789471,11.315789473684214,0.04186602870813398,0.0,0.0,0.0,0.0,0.0,0.0,0.0,0.0,0.0,0.0,0.0,0.0,0.0,0.0,0.0,0.0,nan,nan,4.0469076785180755,2.8225920432092213,nan,0.3962,0.0577,0.0,0.0,0.0,0.0,0.0,0.0,0.0,0.0,0.0,0.0,0.0,0.0,0.0,0.0,0.0,0.0,0.0,0.0,0.0,0.0015251196172248803,0.0,3.9872408293460924e-05,0.000777511961722488,0.0011064593301435407,0.01225079744816587,0.006150318979266348,0.004076953748006379,0.00039872408293460925,0.00861244019138756,0.011114433811802233,0.01899920255183413,0.012001594896331739,0.03387161084529505,0.015181419457735247,0.055532296650717704,0.04455741626794258,0.0754884370015949,0.06159290271132376,0.06577950558213716,0.05329944178628389,0.09308213716108453,0.05386762360446571,0.07234848484848484,0.048006379585326955,0.04334130781499203,0.0409688995215311,0.053538676236044656,0.0430622009569378,0.015500398724082935,0.007406299840510367,0.018590510366826157,0.019108851674641148,0.005522328548644338,0.000777511961722488,0.0006080542264752791,0.0003289473684210526,0.0,0.0004385964912280702,0.0,0.0011463317384370016,0.0,0.0,0.0,0.0,0.0,0.0,0.0,0.0,0.0,0.0,0.0,0.0,0.0,0.0,0.0,0.0,0.0,0.0,0.0,0.0,0.0,0.0,0.0,0.0,0.0,0.0,0.0,0.0,0.0,0.0,0.0,0.0,0.0,0.0,0.0,0.0,0.0,0.0,0.0,0.0,0.0,nan,nan,4.0469076785180755,2.8225920432092213,nan,0.9218825597184411,0.023758061828637846,0.0,0.0,0.0,0.0,0.0,0.0,0.0,0.0,0.0,0.0,0.0,0.0,0.0,0.0,0.0,0.0,0.0,0.0,0.0,0.0,0.0,0.0,0.0,0.0,0.0,0.2188940092165899,5.403225806451614,14.953917050691247,8.410138248847927,1.013824884792627,0.9222169152737455,0.022839865933000105,0.0,0.0,0.0,0.0,0.0,0.0,0.0,0.0,0.0,0.0,0.0,0.0,0.0,0.0,0.0,0.0,0.0,0.0,0.0,0.0,0.0,0.0,0.0,0.0,0.012437810945273634,0.1492537313432836,4.701492537313434,15.634328358208958,8.743781094527364,0.7587064676616917,0.3962,0.01251,0.0,0.0,0.0,0.0,0.0,0.0,0.0,0.0,0.0,0.0,0.28801843317972353,18.375576036866335,11.278801843317975,0.057603686635944715,0.0,0.0,0.0,0.0,0.0,0.0,0.0,0.0,0.0,0.0,0.0,0.0,0.0,0.0,0.0,0.0,0.3965,0.01205,0.0,0.0,0.0,0.0,0.0,0.0,0.0,0.0,0.0,0.0,0.28606965174129356,18.333333333333307,11.355721393034829,0.02487562189054727,0.0,0.0,0.0,0.0,0.0,0.0,0.0,0.0,0.0,0.0,0.0,0.0,0.0,0.0,0.0,0.0
40300,4031,2132,0.5289010171173406,1000,764,0.4376085338625651,1099,0.5452741255271645,0.4160000000000001,3.0384412848867823,3.0737977554642795,6.44695652173913,2.0634003906228875,9561.35028528901,1612.299824547674,7853.0,11083.0,11083.0,0.0,7853.0,0.0,28.416025800049617,20.910444029114853,33.134328358208954,19.211188203875775,0.13048871247829322,0.1014636566608782,0.09278094765566856,0.08806747705284049,0.08112130984867279,0.07243860084346317,0.07169436864301662,0.05953857603572314,0.058298189034978916,0.05780203423468122,0.04663855122798313,0.047630860828578515,0.027040436616224264,0.027040436616224264,0.02158273381294964,0.009178863805507318,0.007194244604316547,0.9229982422853752,0.02278806540378867,0.0,0.0,0.0,0.0,0.0,0.0,0.0,0.0,0.0,0.0,0.0,0.0,0.0,0.0,0.0,0.0,0.0,0.0,0.0,0.0,0.0,0.0,0.0,0.0,0.0,0.21582733812949645,4.487720168692633,15.346067973207644,9.183825353510297,0.7665591664599357,4.225335892514395,2.845795486417805,nan,nan,nan,4.226209048361935,2.8706377576604747,4.224489795918367,2.821514167961815,0.999593192758831,0.396,0.01239,0.0,0.0,0.0,0.0,0.0,0.0,0.0,0.0,0.0,0.0,0.32746216819647733,18.322996774993772,11.3123294467874,0.03721161002232697,0.0,0.0,0.0,0.0,0.0,0.0,0.0,0.0,0.0,0.0,0.0,0.0,0.0,0.0,0.0,0.0,nan,nan,4.225335892514395,2.845795486417805,nan,0.396,0.0575,0.0,0.0,0.0,0.0,0.0,0.0,0.0,0.0,0.0,0.0,0.0,0.0,0.0,0.0,0.0,0.0,0.0,0.0,0.0,0.0011659637806995782,0.0,0.0,0.0009178863805507318,0.0012155792607293475,0.014301662118580997,0.004254527412552716,0.004316546762589928,0.0005705780203423468,0.00924088315554453,0.010183577276110146,0.01815926569089556,0.011560406846936244,0.03272140907963285,0.016596378069957826,0.056908955594145376,0.04575787645745472,0.07086330935251799,0.06286281319771769,0.07091292483254776,0.055742991813445796,0.0953981642272389,0.04866038203919623,0.0727114859836269,0.047233936988340365,0.04399652691639792,0.04285537087571322,0.05158769536095262,0.04257008186554205,0.014239642768543786,0.007826841974696104,0.01757628380054577,0.017117340610270405,0.0060282808236169685,0.0007566360704539816,0.0006450012403870008,0.00037211610022326965,0.0,0.0006077896303646737,0.0,0.0015504837509302902,0.0,0.0,0.0,1.2403870007442322e-05,0.0,0.0,0.0,0.0,0.0,0.0,0.0,0.0,0.0,0.0,0.0,0.0,0.0,0.0,0.0,0.0,0.0,0.0,0.0,0.0,0.0,0.0,0.0,0.0,0.0,0.0,0.0,0.0,0.0,0.0,0.0,0.0,0.0,0.0,0.0,0.0,0.0,nan,nan,4.225335892514395,2.845795486417805,nan,0.9227407714718949,0.02207612722525707,0.0,0.0,0.0,0.0,0.0,0.0,0.0,0.0,0.0,0.0,0.0,0.0,0.0,0.0,0.0,0.0,0.0,0.0,0.0,0.0,0.0,0.0,0.0,0.0,0.0,0.18292682926829273,4.207317073170732,15.956848030018765,9.04784240150094,0.6050656660412759,0.9232873037779187,0.023558383973150996,0.0,0.0,0.0,0.0,0.0,0.0,0.0,0.0,0.0,0.0,0.0,0.0,0.0,0.0,0.0,0.0,0.0,0.0,0.0,0.0,0.0,0.0,0.0,0.0,0.0,0.25276461295418645,4.802527646129543,14.660347551342817,9.336492890995263,0.9478672985781993,0.3962,0.012375,0.0,0.0,0.0,0.0,0.0,0.0,0.0,0.0,0.0,0.0,0.26735459662288935,18.137898686679147,11.538461538461542,0.05628517823639776,0.0,0.0,0.0,0.0,0.0,0.0,0.0,0.0,0.0,0.0,0.0,0.0,0.0,0.0,0.0,0.0,0.3958,0.012405,0.0,0.0,0.0,0.0,0.0,0.0,0.0,0.0,0.0,0.0,0.39494470774091633,18.530805687203763,11.058451816745658,0.015797788309636653,0.0,0.0,0.0,0.0,0.0,0.0,0.0,0.0,0.0,0.0,0.0,0.0,0.0,0.0,0.0,0.0
40400,4077,2120,0.5199901888643611,990,841,0.4491047338729458,1133,0.5558008339465293,0.4280000000000001,3.080224833929484,3.1705405516108485,6.762867647058823,2.1067162935018633,9532.568310031886,1613.7087510885065,7853.0,11083.0,11083.0,0.0,7853.0,0.0,27.818003433897474,20.792815395577215,32.91891891891892,18.96214007062641,0.1434878587196468,0.09982830512631836,0.09197939661515821,0.0887907775324994,0.07480990924699533,0.07137601177336277,0.06597988717194016,0.07113073338238901,0.06279126808928133,0.05665930831493746,0.043168996811380915,0.038753985773853326,0.031886190826588175,0.022810890360559236,0.020112828059847928,0.010546970811871474,0.005886681383370125,0.923228555094649,0.02274448111713478,0.0,0.0,0.0,0.0,0.0,0.0,0.0,0.0,0.0,0.0,0.0,0.0,0.0,0.0,0.0,0.0,0.0,0.0,0.0,0.0,0.0,0.0,0.0,0.0,0.0,0.2281089036055924,4.356144223693893,15.658572479764537,8.977189109639443,0.7799852832965418,4.303228285933897,2.849258765375116,nan,nan,nan,4.325384615384616,2.903229277319721,4.2774788624135285,2.7921640285058515,0.9889245102503266,0.3967,0.01215,0.0,0.0,0.0,0.0,0.0,0.0,0.0,0.0,0.0,0.0,0.2281089036055924,17.77041942604854,11.972038263428994,0.029433406916850632,0.0,0.0,0.0,0.0,0.0,0.0,0.0,0.0,0.0,0.0,0.0,0.0,0.0,0.0,0.0,0.0,nan,nan,4.303228285933897,2.849258765375116,nan,0.3967,0.05774,0.0,0.0,0.0,0.0,0.0,0.0,0.0,0.0,0.0,0.0,0.0,0.0,0.0,0.0,0.0,0.0,0.0,0.0,0.0,0.0008216826097620799,0.0,0.0,0.0008584743684081432,0.0010546970811871473,0.013735589894530291,0.005101790532254108,0.003335786117243071,0.0004415011037527594,0.00870738287956831,0.009651704684817268,0.019021339220014716,0.011209222467500612,0.03386068187392691,0.017929850380181505,0.053961246014226145,0.04652931076772136,0.07191562423350503,0.0631346578366446,0.06894775570272259,0.0566102526367427,0.0949963208241354,0.04942359578121167,0.0709467745891587,0.046014226146676475,0.045818003433897476,0.0411822418444935,0.053850870738287954,0.03969830757910228,0.01380917341182242,0.008118714741231298,0.019143978415501594,0.018444935001226393,0.006745155751778268,0.0008339465293107678,0.0012999754721609027,0.0003924454255580083,0.0,0.0004660289428501349,0.0,0.0018763796909492274,0.0,1.226391954868776e-05,0.0,9.811135638950208e-05,0.0,0.0,0.0,0.0,0.0,0.0,0.0,0.0,0.0,0.0,0.0,0.0,0.0,0.0,0.0,0.0,0.0,0.0,0.0,0.0,0.0,0.0,0.0,0.0,0.0,0.0,0.0,0.0,0.0,0.0,0.0,0.0,0.0,0.0,0.0,0.0,0.0,nan,nan,4.303228285933897,2.849258765375116,nan,0.9232384326323023,0.022350641181512955,0.0,0.0,0.0,0.0,0.0,0.0,0.0,0.0,0.0,0.0,0.0,0.0,0.0,0.0,0.0,0.0,0.0,0.0,0.0,0.0,0.0,0.0,0.0,0.0,0.0,0.2122641509433963,4.386792452830189,15.580188679245287,9.198113207547172,0.6226415094339623,0.923217854849465,0.023163564634239586,0.0,0.0,0.0,0.0,0.0,0.0,0.0,0.0,0.0,0.0,0.0,0.0,0.0,0.0,0.0,0.0,0.0,0.0,0.0,0.0,0.0,0.0,0.0,0.0,0.0,0.24527337761880436,4.322943280531427,15.743484925907005,8.737864077669904,0.9504343382728668,0.397,0.01216,0.0,0.0,0.0,0.0,0.0,0.0,0.0,0.0,0.0,0.0,0.24056603773584911,17.264150943396203,12.481132075471702,0.014150943396226419,0.0,0.0,0.0,0.0,0.0,0.0,0.0,0.0,0.0,0.0,0.0,0.0,0.0,0.0,0.0,0.0,0.3962,0.01212,0.0,0.0,0.0,0.0,0.0,0.0,0.0,0.0,0.0,0.0,0.21461420541645382,18.31885539090442,11.420541645375577,0.04598875830352581,0.0,0.0,0.0,0.0,0.0,0.0,0.0,0.0,0.0,0.0,0.0,0.0,0.0,0.0,0.0,0.0
40500,4106,2098,0.5109595713589868,994,829,0.4439844130540672,1171,0.5703848027277155,0.4160000000000001,2.981075697211155,3.0704932377964287,6.491582491582491,2.1573060862085485,9503.399415489528,1614.611990969657,7853.0,11083.0,11083.0,0.0,7853.0,0.0,28.681198246468583,21.243546846896706,33.50719217491369,19.511429038316724,0.13346322454943985,0.09693132001948368,0.09693132001948368,0.08402338041889917,0.07988309790550414,0.06989771066731612,0.07038480272771554,0.06088650754992694,0.05406721870433512,0.058451047247929856,0.04943984413054067,0.04188991719434973,0.034096444227959086,0.02800779347296639,0.020457866536775452,0.01509985387238188,0.0060886507549926935,0.9237547307640416,0.023306414864839052,0.0,0.0,0.0,0.0,0.0,0.0,0.0,0.0,0.0,0.0,0.0,0.0,0.0,0.0,0.0,0.0,0.0,0.0,0.0,0.0,0.0,0.0,0.0,0.0,0.0,0.23380418899171948,4.464198733560644,15.131514856307845,9.030686799805165,1.1397954213346324,4.186711210096511,2.8481153500624092,nan,nan,nan,4.207078313253012,2.8417145288973966,4.166910688140557,2.8541850245808686,0.9904523704762233,0.3962,0.012474,0.0,0.0,0.0,0.0,0.0,0.0,0.0,0.0,0.0,0.0,0.36531904529956166,17.959084266926425,11.66098392596201,0.014612761811982468,0.0,0.0,0.0,0.0,0.0,0.0,0.0,0.0,0.0,0.0,0.0,0.0,0.0,0.0,0.0,0.0,nan,nan,4.186711210096511,2.8481153500624092,nan,0.3962,0.0583,0.0,0.0,0.0,0.0,0.0,0.0,0.0,0.0,0.0,0.0,0.0,0.0,0.0,0.0,0.0,0.0,0.00010959571358986848,0.0,0.0,0.0005845104724792986,4.870920603994155e-05,9.74184120798831e-05,0.001010716025328787,0.001509985387238188,0.013212372138334144,0.005954700438382855,0.004079396005845105,0.0005479785679493425,0.009035557720409157,0.010362883584997564,0.018168533852898197,0.010387238188017536,0.03527764247442767,0.018960058451047247,0.05675840233804189,0.04935460301997077,0.06678032148075987,0.060569897710667314,0.06796151972722844,0.05947394057476863,0.09332683877252801,0.05003653190452995,0.06909400876765709,0.04380175353141744,0.04644422795908427,0.04118363370677058,0.05310521188504627,0.039430102289332684,0.0138334145153434,0.008146614710180224,0.020603994154895274,0.019654164637116413,0.0063321967851924016,0.0008037018996590355,0.001035070628348758,0.0005114466634193863,0.0,0.000535801266439357,0.0,0.0017413541159279104,0.0,0.0,0.0,0.00013395031660983926,0.0,0.0,0.0,0.0,0.0,0.0,0.0,0.0,0.0,0.0,0.0,0.0,0.0,0.0,0.0,0.0,0.0,0.0,0.0,0.0,0.0,0.0,0.0,0.0,0.0,0.0,0.0,0.0,0.0,0.0,0.0,0.0,0.0,0.0,0.0,0.0,0.0,nan,nan,4.186711210096511,2.8481153500624092,nan,0.9235673069499355,0.023079304821215577,0.0,0.0,0.0,0.0,0.0,0.0,0.0,0.0,0.0,0.0,0.0,0.0,0.0,0.0,0.0,0.0,0.0,0.0,0.0,0.0,0.0,0.0,0.0,0.0,0.0,0.27168732125834133,4.504289799809343,15.142993326978077,9.065776930409916,1.015252621544328,0.9239505550479034,0.023539769721292195,0.0,0.0,0.0,0.0,0.0,0.0,0.0,0.0,0.0,0.0,0.0,0.0,0.0,0.0,0.0,0.0,0.0,0.0,0.0,0.0,0.0,0.0,0.0,0.0,0.0,0.19422310756972117,4.422310756972112,15.119521912350601,8.994023904382471,1.2699203187250998,0.3962,0.0126,0.0,0.0,0.0,0.0,0.0,0.0,0.0,0.0,0.0,0.0,0.38608198284080086,17.731172545281197,11.882745471877982,0.0,0.0,0.0,0.0,0.0,0.0,0.0,0.0,0.0,0.0,0.0,0.0,0.0,0.0,0.0,0.0,0.0,0.3962,0.01234,0.0,0.0,0.0,0.0,0.0,0.0,0.0,0.0,0.0,0.0,0.3436254980079682,18.19721115537846,11.429282868525899,0.02988047808764941,0.0,0.0,0.0,0.0,0.0,0.0,0.0,0.0,0.0,0.0,0.0,0.0,0.0,0.0,0.0,0.0
40600,4036,2102,0.520812685827552,942,796,0.43062438057482655,1123,0.5564915758176412,0.4200000000000001,2.9917269906928645,3.0891500114267303,6.359861591695502,2.331204297279162,9535.224975222993,1613.6002611261154,7853.0,11083.0,11083.0,0.0,7853.0,0.0,28.61422200198216,21.412510952400968,33.64544650751547,19.644395909319005,0.13875123885034688,0.09737363726461844,0.09217046580773043,0.08597621407333994,0.08325074331020813,0.06417244796828543,0.0688800792864222,0.06318136769078295,0.05723488602576809,0.0522794846382557,0.0498017839444995,0.04484638255698711,0.03295341922695738,0.027254707631318136,0.019821605550049554,0.012140733399405352,0.009910802775024777,0.9231079121086122,0.02320387247876138,0.0,0.0,0.0,0.0,0.0,0.0,0.0,0.0,0.0,0.0,0.0,0.0,0.0,0.0,0.0,0.0,0.0,0.0,0.0,0.0,0.0,0.0,0.0,0.0,0.007433102081268584,0.23042616451932613,4.519326065411299,15.445986124876118,8.882556987115958,0.9142715559960359,4.248281130634072,2.884630200271387,nan,nan,nan,4.290249433106576,2.8987113953192716,4.205405405405405,2.8695394222554462,0.9802239872007313,0.3953,0.01231,0.0,0.0,0.0,0.0,0.0,0.0,0.0,0.0,0.0,0.0,0.2973240832507434,19.065906838453888,10.614469772051539,0.02229930624380575,0.0,0.0,0.0,0.0,0.0,0.0,0.0,0.0,0.0,0.0,0.0,0.0,0.0,0.0,0.0,0.0,nan,nan,4.248281130634072,2.884630200271387,nan,0.3953,0.0584,0.0,0.0,0.0,0.0,0.0,0.0,0.0,0.0,0.0,0.0,0.0,0.0,0.0,0.0,0.0,0.0,6.194251734390486e-05,0.0,0.0,0.0002229930624380575,0.0,0.0001734390485629336,0.0007556987115956393,0.0016600594648166502,0.013676907829534192,0.005413776015857285,0.004435084241823588,0.0003840436075322101,0.00867195242814668,0.01273538156590684,0.018595143706640237,0.011669970267591675,0.03499752229930624,0.01988354806739346,0.05625619425173439,0.05380327056491576,0.0689420218037661,0.05864717542120912,0.0671209117938553,0.06481665014866204,0.09195986124876115,0.050297324083250744,0.06752973240832508,0.040708622398414274,0.04354558969276511,0.038478691774033694,0.05076808721506442,0.041340436075322104,0.014506937561942518,0.0074454905847373635,0.017789890981169475,0.02081268582755203,0.00662784935579782,0.0009786917740336968,0.0009167492566897918,0.0008176412289395441,0.0,0.0007804757185332012,0.0,0.0014990089197224976,0.0,7.433102081268583e-05,0.0,0.00019821605550049553,0.0,0.0,0.0,0.0,0.0,0.0,0.0,0.0,0.0,0.0,0.0,0.0,0.0,0.0,0.0,0.0,0.0,0.0,0.0,0.0,0.0,0.0,0.0,0.0,0.0,0.0,0.0,0.0,0.0,0.0,0.0,0.0,0.0,0.0,0.0,0.0,0.0,nan,nan,4.248281130634072,2.884630200271387,nan,0.923519664271234,0.02331629529416685,0.0,0.0,0.0,0.0,0.0,0.0,0.0,0.0,0.0,0.0,0.0,0.0,0.0,0.0,0.0,0.0,0.0,0.0,0.0,0.0,0.0,0.0,0.0,0.0,0.014272121788772602,0.21408182683158902,4.281636536631781,15.485252140818272,8.962892483349194,1.0418648905803998,0.9226603924365177,0.023072731148580838,0.0,0.0,0.0,0.0,0.0,0.0,0.0,0.0,0.0,0.0,0.0,0.0,0.0,0.0,0.0,0.0,0.0,0.0,0.0,0.0,0.0,0.0,0.0,0.0,0.0,0.24819027921406417,4.777662874870735,15.403309203722857,8.7952430196484,0.7755946225439505,0.3953,0.01195,0.0,0.0,0.0,0.0,0.0,0.0,0.0,0.0,0.0,0.0,0.28544243577545203,19.310180780209297,10.404376784015225,0.0,0.0,0.0,0.0,0.0,0.0,0.0,0.0,0.0,0.0,0.0,0.0,0.0,0.0,0.0,0.0,0.0,0.3953,0.01267,0.0,0.0,0.0,0.0,0.0,0.0,0.0,0.0,0.0,0.0,0.3102378490175802,18.80041365046533,10.842812823164428,0.04653567735263703,0.0,0.0,0.0,0.0,0.0,0.0,0.0,0.0,0.0,0.0,0.0,0.0,0.0,0.0,0.0,0.0
40700,4167,2209,0.5301175905927525,1072,813,0.4523638108951284,1126,0.5404367650587953,0.4160000000000001,3.062308478038815,3.1547100158016774,6.666666666666667,2.2054327131356213,9565.279817614592,1612.0675038858863,7853.0,11083.0,11083.0,0.0,7853.0,0.0,27.988720902327813,20.748834946561388,32.94025157232704,18.96106956670387,0.13798896088312934,0.09863210943124551,0.09287257019438445,0.08375329973602112,0.08159347252219823,0.07607391408687306,0.07151427885769139,0.0659947204223662,0.06095512359011279,0.05687544996400288,0.0451163906887449,0.035277177825773935,0.03023758099352052,0.027837772978161746,0.01751859851211903,0.011279097672186225,0.0064794816414686825,0.9237508707576327,0.023173554403083326,0.0,0.0,0.0,0.0,0.0,0.0,0.0,0.0,0.0,0.0,0.0,0.0,0.0,0.0,0.0,0.0,0.0,0.0,0.0,0.0,0.0,0.0,0.0,0.0,0.007199424046076316,0.19438444924406054,4.506839452843773,15.017998560115194,9.352051835853134,0.9215262778977684,4.3667536339918005,2.983812360024177,nan,nan,nan,4.344699777613046,2.978389498620506,4.389055472263868,2.9891207295880946,1.0102091506712094,0.3955,0.01249,0.0,0.0,0.0,0.0,0.0,0.0,0.0,0.0,0.0,0.0,0.36717062634989206,18.970482361411058,10.611951043916488,0.050395968322534214,0.0,0.0,0.0,0.0,0.0,0.0,0.0,0.0,0.0,0.0,0.0,0.0,0.0,0.0,0.0,0.0,nan,nan,4.3667536339918005,2.983812360024177,nan,0.3955,0.05856,0.0,0.0,0.0,0.0,0.0,0.0,0.0,0.0,0.0,0.0,0.0,0.0,0.0,0.0,0.0,0.0,0.0,0.0,0.0,0.0003959683225341973,0.0,0.0003959683225341973,0.000755939524838013,0.001751859851211903,0.013186945044396449,0.005219582433405328,0.004295656347492201,0.0004439644828413727,0.009611231101511878,0.012838972882169427,0.018310535157187426,0.010451163906887448,0.03414926805855532,0.019642428605711543,0.05398368130549556,0.05517158627309815,0.0716702663786897,0.06316294696424286,0.06537077033837294,0.06838252939764819,0.08755699544036477,0.04854811615070794,0.06456683465322774,0.03947684185265179,0.045056395488360934,0.039632829373650105,0.0502039836813055,0.04056875449964003,0.017350611951043916,0.00814734821214303,0.016762658987281017,0.020026397888168946,0.00771538276937845,0.0008519318454523638,0.0008519318454523638,0.0006599472042236621,0.0,0.0007799376049916006,0.0,0.0017158627309815215,0.0,0.0,0.0,0.00033597312215022796,0.0,0.0,0.0,0.0,0.0,0.0,0.0,0.0,0.0,0.0,0.0,0.0,0.0,0.0,0.0,0.0,0.0,0.0,0.0,0.0,0.0,0.0,0.0,0.0,0.0,0.0,0.0,0.0,0.0,0.0,0.0,0.0,0.0,0.0,0.0,0.0,0.0,nan,nan,4.3667536339918005,2.983812360024177,nan,0.9238769441721612,0.023093059818416948,0.0,0.0,0.0,0.0,0.0,0.0,0.0,0.0,0.0,0.0,0.0,0.0,0.0,0.0,0.0,0.0,0.0,0.0,0.0,0.0,0.0,0.0,0.0,0.0,0.013580805794477142,0.21729289271163427,4.277953825260299,15.183340878225446,9.35717519239475,0.9506564056133999,0.9236086357358284,0.023263213170263298,0.0,0.0,0.0,0.0,0.0,0.0,0.0,0.0,0.0,0.0,0.0,0.0,0.0,0.0,0.0,0.0,0.0,0.0,0.0,0.0,0.0,0.0,0.0,0.0,0.0,0.16853932584269665,4.765066394279878,14.831460674157308,9.34627170582227,0.8886618998978552,0.3953,0.01228,0.0,0.0,0.0,0.0,0.0,0.0,0.0,0.0,0.0,0.0,0.35310095065640573,19.108193752829308,10.511543684925307,0.027161611588954283,0.0,0.0,0.0,0.0,0.0,0.0,0.0,0.0,0.0,0.0,0.0,0.0,0.0,0.0,0.0,0.0,0.3955,0.01271,0.0,0.0,0.0,0.0,0.0,0.0,0.0,0.0,0.0,0.0,0.38304392236976514,18.815117466802835,10.725229826353424,0.07660878447395303,0.0,0.0,0.0,0.0,0.0,0.0,0.0,0.0,0.0,0.0,0.0,0.0,0.0,0.0,0.0,0.0
40800,3928,2023,0.515020366598778,923,791,0.4363543788187373,1103,0.5616089613034623,0.4360000000000001,3.0587926509186354,3.1597381219020524,6.6341030195381885,2.1558401913807086,9516.515784114054,1614.271110653907,7853.0,11083.0,11083.0,0.0,7853.0,0.0,28.27876782077393,21.114780329899276,33.36485253876558,19.308084350844478,0.14027494908350305,0.09826883910386966,0.0939409368635438,0.08630346232179226,0.0814663951120163,0.06695519348268839,0.0689918533604888,0.061354378818737274,0.05880855397148676,0.051171079429735235,0.05091649694501019,0.04276985743380855,0.034623217922606926,0.028258655804480653,0.01909368635437882,0.007892057026476579,0.008910386965376781,0.922395134014656,0.023009564225441564,0.0,0.0,0.0,0.0,0.0,0.0,0.0,0.0,0.0,0.0,0.0,0.0,0.0,0.0,0.0,0.0,0.0,0.0,0.0,0.0,0.0,0.0,0.0,0.0,0.0,0.1603869653767821,4.826883910386966,15.473523421588599,8.714358452138494,0.8248472505091652,4.418742586002373,2.9302928004166717,nan,nan,nan,4.3729346970889065,2.8719360170276693,4.465023847376789,2.98738218921238,1.0210588898913096,0.3962,0.01204,0.0,0.0,0.0,0.0,0.0,0.0,0.0,0.0,0.0,0.0,0.23676171079429742,18.658350305498956,11.09725050916497,0.007637474541751529,0.0,0.0,0.0,0.0,0.0,0.0,0.0,0.0,0.0,0.0,0.0,0.0,0.0,0.0,0.0,0.0,nan,nan,4.418742586002373,2.9302928004166717,nan,0.3962,0.05853,0.0,0.0,0.0,0.0,0.0,0.0,0.0,0.0,0.0,0.0,0.0,0.0,0.0,0.0,0.0,0.0,0.0,0.0,0.0,0.00024185336048879836,0.0,0.00043279022403258654,0.000420061099796334,0.0017693482688391038,0.014434826883910387,0.0037423625254582485,0.0036278004073319755,0.0003309572301425662,0.008528513238289206,0.012525458248472504,0.018928207739307534,0.010488798370672098,0.03365580448065173,0.018826374745417516,0.054760692464358454,0.053284114052953156,0.07297606924643585,0.06257637474541751,0.06508401221995927,0.07218686354378819,0.08588340122199592,0.04796334012219959,0.06569501018329939,0.036914460285132386,0.0467286150712831,0.03939663951120163,0.04713594704684318,0.04438645621181263,0.015733197556008147,0.009559572301425663,0.01769348268839104,0.020684826883910386,0.007777494908350306,0.0006491853360488798,0.0008783095723014256,0.0008273930753564155,0.0,0.0007764765784114053,0.0,0.002125763747454175,0.0,0.0,0.0,0.00036914460285132383,0.0,0.0,0.0,0.0,0.0,0.0,0.0,0.0,0.0,0.0,0.0,0.0,0.0,0.0,0.0,0.0,0.0,0.0,0.0,0.0,0.0,0.0,0.0,0.0,0.0,0.0,0.0,0.0,0.0,0.0,0.0,0.0,0.0,0.0,0.0,0.0,0.0,nan,nan,4.418742586002373,2.9302928004166717,nan,0.922459382322597,0.023089138029596005,0.0,0.0,0.0,0.0,0.0,0.0,0.0,0.0,0.0,0.0,0.0,0.0,0.0,0.0,0.0,0.0,0.0,0.0,0.0,0.0,0.0,0.0,0.0,0.0,0.0,0.13346515076618887,4.804745427582799,15.615422639644096,8.5121107266436,0.934256055363322,0.9223269060214986,0.022924561904602174,0.0,0.0,0.0,0.0,0.0,0.0,0.0,0.0,0.0,0.0,0.0,0.0,0.0,0.0,0.0,0.0,0.0,0.0,0.0,0.0,0.0,0.0,0.0,0.0,0.0,0.18897637795275593,4.850393700787403,15.322834645669294,8.929133858267718,0.7086614173228347,0.396,0.01202,0.0,0.0,0.0,0.0,0.0,0.0,0.0,0.0,0.0,0.0,0.2372713791398913,18.75926841324762,10.988630746416215,0.014829461196243206,0.0,0.0,0.0,0.0,0.0,0.0,0.0,0.0,0.0,0.0,0.0,0.0,0.0,0.0,0.0,0.0,0.3965,0.01206,0.0,0.0,0.0,0.0,0.0,0.0,0.0,0.0,0.0,0.0,0.23622047244094493,18.55118110236218,11.212598425196852,0.0,0.0,0.0,0.0,0.0,0.0,0.0,0.0,0.0,0.0,0.0,0.0,0.0,0.0,0.0,0.0,0.0
40900,4183,2212,0.5288070762610566,1092,809,0.45445852259144154,1159,0.5541477408558451,0.4120000000000001,3.004058853373922,3.0843023718239215,6.410256410256411,2.1473650964218227,9561.046856323213,1612.3173640844932,7853.0,11083.0,11083.0,0.0,7853.0,0.0,28.369113076739183,20.697334447161793,33.086221470836854,18.908878322393434,0.1336361463064786,0.09419077217308153,0.09036576619650968,0.08462825723165192,0.09012670332297394,0.07028448481950753,0.06837198183122162,0.0664594788429357,0.06406885010757829,0.056896963901506094,0.04781257470714798,0.037054745398039685,0.03657661965096821,0.025579727468324168,0.017690652641644752,0.010996892182644035,0.005259383217786278,0.9229306966785948,0.023390095306485895,0.0,0.0,0.0,0.0,0.0,0.0,0.0,0.0,0.0,0.0,0.0,0.0,0.0,0.0,0.0,0.0,0.0,0.0,0.0,0.0,0.0,0.0,0.0,0.0,0.0,0.17929715515180494,4.683241692565145,15.355008367200577,8.90748266794167,0.8749701171408083,4.148874364560639,2.902491949559651,nan,nan,nan,4.166172106824926,2.914047814422622,4.1322901849217635,2.8912722476870036,0.9918673734463206,0.396,0.01204,0.0,0.0,0.0,0.0,0.0,0.0,0.0,0.0,0.0,0.0,0.18646904135787717,18.611044704757322,11.180970595266556,0.021515658618216596,0.0,0.0,0.0,0.0,0.0,0.0,0.0,0.0,0.0,0.0,0.0,0.0,0.0,0.0,0.0,0.0,nan,nan,4.148874364560639,2.902491949559651,nan,0.396,0.0582,0.0,0.0,0.0,0.0,0.0,0.0,0.0,0.0,0.0,0.0,0.0,0.0,0.0,0.0,0.0,0.0,0.0,0.0,0.0,0.00028687544824288787,0.0,0.0004542194597179058,0.0005498446091322018,0.002055940712407363,0.013865646665072914,0.0035261773846521636,0.0038728185512789865,0.0005259383217786278,0.007912981114032991,0.012287831699737031,0.017463542911785798,0.009777671527611762,0.034078412622519726,0.018049246951948362,0.055271336361463065,0.051924456131962705,0.07593832177862778,0.06391345923978006,0.06770260578532154,0.07054745398039684,0.08730576141525222,0.047944059287592634,0.0636026775041836,0.03969639015060961,0.04778866841979441,0.03913459239780062,0.04570882142003347,0.04409514702366722,0.015072914176428401,0.009299545780540283,0.01667463542911786,0.020714797991871862,0.007494621085345446,0.0006693760459000717,0.00039445374133397084,0.0006693760459000717,0.0,0.0007650011953143677,0.0,0.002199378436528807,0.0,0.0,0.0,0.0007650011953143677,0.0,0.0,0.0,0.0,0.0,0.0,0.0,0.0,0.0,0.0,0.0,0.0,0.0,0.0,0.0,0.0,0.0,0.0,0.0,0.0,0.0,0.0,0.0,0.0,0.0,0.0,0.0,0.0,0.0,0.0,0.0,0.0,0.0,0.0,0.0,0.0,0.0,nan,nan,4.148874364560639,2.902491949559651,nan,0.9229815069848762,0.023747562834552965,0.0,0.0,0.0,0.0,0.0,0.0,0.0,0.0,0.0,0.0,0.0,0.0,0.0,0.0,0.0,0.0,0.0,0.0,0.0,0.0,0.0,0.0,0.0,0.0,0.0,0.20343580470162753,4.584086799276673,15.461121157323692,8.842676311030743,0.9086799276672697,0.922873673645873,0.02298216494844124,0.0,0.0,0.0,0.0,0.0,0.0,0.0,0.0,0.0,0.0,0.0,0.0,0.0,0.0,0.0,0.0,0.0,0.0,0.0,0.0,0.0,0.0,0.0,0.0,0.0,0.15220700152207003,4.794520547945206,15.235920852359213,8.980213089802133,0.8371385083713853,0.396,0.01206,0.0,0.0,0.0,0.0,0.0,0.0,0.0,0.0,0.0,0.0,0.20343580470162753,18.45840867992764,11.311030741410491,0.027124773960217004,0.0,0.0,0.0,0.0,0.0,0.0,0.0,0.0,0.0,0.0,0.0,0.0,0.0,0.0,0.0,0.0,0.3962,0.01202,0.0,0.0,0.0,0.0,0.0,0.0,0.0,0.0,0.0,0.0,0.16742770167427704,18.782343987823413,11.035007610350078,0.015220700152207006,0.0,0.0,0.0,0.0,0.0,0.0,0.0,0.0,0.0,0.0,0.0,0.0,0.0,0.0,0.0,0.0
41000,4134,2085,0.5043541364296081,949,875,0.4412191582002903,1183,0.5723270440251572,0.4000000000000001,2.911664226451928,3.027691557344752,6.502636203866432,2.074299189547598,9482.063860667635,1614.9387628709399,7853.0,11083.0,11083.0,0.0,7853.0,0.0,28.004837929366232,20.92305057330399,33.00403923831506,19.153252195453035,0.13884857281083696,0.09990324141267537,0.09119496855345911,0.08732462506047411,0.07982583454281568,0.07595549104983067,0.06700532172230285,0.06748911465892599,0.06289308176100629,0.05224963715529753,0.04184808901790034,0.04039671020803096,0.031688437348814706,0.028059990324141266,0.014997581035316884,0.012336719883889695,0.007982583454281567,0.9225700324321059,0.022955461653744673,0.0,0.0,0.0,0.0,0.0,0.0,0.0,0.0,0.0,0.0,0.0,0.0,0.0,0.0,0.0,0.0,0.0,0.0,0.0,0.0,0.0,0.0,0.0,0.0,0.0072568940493468815,0.21044992743105956,4.637155297532657,15.47169811320755,8.904208998548622,0.7692307692307695,4.3267850396675485,2.786058099862498,nan,nan,nan,4.324773413897281,2.767466834995085,4.328798185941043,2.804538594219529,1.000930631887171,0.3958,0.01195,0.0,0.0,0.0,0.0,0.0,0.0,0.0,0.0,0.0,0.0,0.22496371552975333,19.063860667634223,10.696661828737302,0.014513788098693763,0.0,0.0,0.0,0.0,0.0,0.0,0.0,0.0,0.0,0.0,0.0,0.0,0.0,0.0,0.0,0.0,nan,nan,4.3267850396675485,2.786058099862498,nan,0.3958,0.05832,0.0,0.0,0.0,0.0,0.0,0.0,0.0,0.0,0.0,0.0,0.0,0.0,0.0,0.0,0.0,0.0,0.0,0.0,0.0,6.047411707789066e-05,0.0,0.0006652152878567972,0.0010159651669085631,0.0026003870343492986,0.014005805515239477,0.0039912917271407835,0.0034954039671020805,0.0008587324625060474,0.008248669569424286,0.011405418480890179,0.017694726656990806,0.009591194968553459,0.03605466860183841,0.017779390420899856,0.05304789550072569,0.05128205128205128,0.07567731011127238,0.06398161586840832,0.0685897435897436,0.07350024189646831,0.08723996129656507,0.04875423318819545,0.06319545234639574,0.03940493468795356,0.04852443154329947,0.03720367682631834,0.043940493468795354,0.04074746008708273,0.016219158200290275,0.009071117561683599,0.017392356071601354,0.022181906144170295,0.007353652636671504,0.0008587324625060474,0.0007014997581035317,0.0005079825834542816,3.6284470246734395e-05,0.0003386550556361877,0.0,0.00220125786163522,0.0,0.0,0.0,0.0005805515239477503,0.0,0.0,0.0,0.0,0.0,0.0,0.0,0.0,0.0,0.0,0.0,0.0,0.0,0.0,0.0,0.0,0.0,0.0,0.0,0.0,0.0,0.0,0.0,0.0,0.0,0.0,0.0,0.0,0.0,0.0,0.0,0.0,0.0,0.0,0.0,0.0,0.0,nan,nan,4.3267850396675485,2.786058099862498,nan,0.9228393692478574,0.023303076385678096,0.0,0.0,0.0,0.0,0.0,0.0,0.0,0.0,0.0,0.0,0.0,0.0,0.0,0.0,0.0,0.0,0.0,0.0,0.0,0.0,0.0,0.0,0.0,0.0,0.014388489208633098,0.15827338129496404,4.6906474820143895,15.410071942446047,8.848920863309354,0.8776978417266189,0.9222959634907482,0.0225929550716813,0.0,0.0,0.0,0.0,0.0,0.0,0.0,0.0,0.0,0.0,0.0,0.0,0.0,0.0,0.0,0.0,0.0,0.0,0.0,0.0,0.0,0.0,0.0,0.0,0.0,0.26354319180087854,4.58272327964861,15.534407027818451,8.96046852122987,0.6588579795021963,0.3958,0.01184,0.0,0.0,0.0,0.0,0.0,0.0,0.0,0.0,0.0,0.0,0.15827338129496404,18.77697841726616,11.050359712230218,0.014388489208633098,0.0,0.0,0.0,0.0,0.0,0.0,0.0,0.0,0.0,0.0,0.0,0.0,0.0,0.0,0.0,0.0,0.3955,0.01205,0.0,0.0,0.0,0.0,0.0,0.0,0.0,0.0,0.0,0.0,0.2928257686676428,19.35578330893116,10.336749633967791,0.014641288433382142,0.0,0.0,0.0,0.0,0.0,0.0,0.0,0.0,0.0,0.0,0.0,0.0,0.0,0.0,0.0,0.0
41100,3961,2008,0.506942691239586,928,848,0.44837162332744257,1135,0.5730876041403686,0.4200000000000001,2.9523809523809526,3.090756533454117,6.574108818011257,2.134467740679405,9490.424892703862,1614.8443033887881,7853.0,11083.0,11083.0,0.0,7853.0,0.0,27.604645291593034,20.890772032255523,32.733717055437744,19.109808305955756,0.14768997727846503,0.10022721534965917,0.09088613986367079,0.08987629386518556,0.08104014137843979,0.07043675839434486,0.06791214339813179,0.06160060590759909,0.06033829840949255,0.050997222923504164,0.0487250694269124,0.0391315324413027,0.03130522595304216,0.023983842464024237,0.018429689472355466,0.010350921484473618,0.007068921989396617,0.9230418945165392,0.02284656898696266,0.0,0.0,0.0,0.0,0.0,0.0,0.0,0.0,0.0,0.0,0.0,0.0,0.0,0.0,0.0,0.0,0.0,0.0,0.0,0.0,0.0,0.0,0.0,0.0,0.0,0.23478919464781625,4.430699318353952,15.586972986619545,8.853824791719264,0.8937137086594297,4.2903990517581985,2.8434427394946007,nan,nan,nan,4.342042755344418,2.801740993872703,4.239147592738753,2.884591276865749,0.9763025911066822,0.3958,0.01207,0.0,0.0,0.0,0.0,0.0,0.0,0.0,0.0,0.0,0.0,0.20449381469325933,19.207270891189065,10.57308760414037,0.015147689977278469,0.0,0.0,0.0,0.0,0.0,0.0,0.0,0.0,0.0,0.0,0.0,0.0,0.0,0.0,0.0,0.0,nan,nan,4.2903990517581985,2.8434427394946007,nan,0.3958,0.0581,0.0,0.0,0.0,0.0,0.0,0.0,0.0,0.0,0.0,0.0,0.0,0.0,0.0,0.0,0.0,0.0,0.0,0.0,0.0,3.786922494319616e-05,0.0,0.0007068921989396617,0.0012118151981822772,0.0027518303458722547,0.01239585963140621,0.003458722544811916,0.0023731380964402927,0.0005932845241100732,0.00944206008583691,0.011815198182277203,0.018328704872506943,0.011247159808129261,0.03631658672052512,0.017697551123453673,0.0529159303206261,0.04808129260287806,0.07640747286038879,0.0681267356728099,0.06840444332239333,0.07138348901792477,0.08587477909618783,0.050946730623579906,0.0643650593284524,0.03770512496844231,0.05002524614996213,0.0378187326432719,0.042514516536228224,0.03747790961878313,0.01830345872254481,0.009656652360515022,0.01630901287553648,0.022292350416561475,0.008305983337541026,0.0008836152486745772,0.0006563998990154001,0.00025246149962130775,0.0,0.0001009845998485231,0.0,0.0017167381974248926,2.5246149962130775e-05,0.0,0.0,0.001072961373390558,0.0,0.0,0.0,0.0,0.0,0.0,0.0,0.0,0.0,0.0,0.0,0.0,0.0,0.0,0.0,0.0,0.0,0.0,0.0,0.0,0.0,0.0,0.0,0.0,0.0,0.0,0.0,0.0,0.0,0.0,0.0,0.0,0.0,0.0,0.0,0.0,0.0,nan,nan,4.2903990517581985,2.8434427394946007,nan,0.9226744990662274,0.023066702483338482,0.0,0.0,0.0,0.0,0.0,0.0,0.0,0.0,0.0,0.0,0.0,0.0,0.0,0.0,0.0,0.0,0.0,0.0,0.0,0.0,0.0,0.0,0.0,0.0,0.0,0.25398406374502,4.646414342629483,15.612549800796817,8.560756972111555,0.9262948207171317,0.9234196364849089,0.022611779299875068,0.0,0.0,0.0,0.0,0.0,0.0,0.0,0.0,0.0,0.0,0.0,0.0,0.0,0.0,0.0,0.0,0.0,0.0,0.0,0.0,0.0,0.0,0.0,0.0,0.0,0.21505376344086027,4.208909370199693,15.560675883256533,9.15514592933948,0.8602150537634411,0.3958,0.01199,0.0,0.0,0.0,0.0,0.0,0.0,0.0,0.0,0.0,0.0,0.16434262948207173,19.497011952191205,10.32370517928287,0.014940239043824705,0.0,0.0,0.0,0.0,0.0,0.0,0.0,0.0,0.0,0.0,0.0,0.0,0.0,0.0,0.0,0.0,0.3955,0.012146,0.0,0.0,0.0,0.0,0.0,0.0,0.0,0.0,0.0,0.0,0.24577572964669744,18.909370199692756,10.829493087557605,0.01536098310291859,0.0,0.0,0.0,0.0,0.0,0.0,0.0,0.0,0.0,0.0,0.0,0.0,0.0,0.0,0.0,0.0
41200,4041,2102,0.520168275179411,972,824,0.4444444444444444,1115,0.5518436030685474,0.4360000000000001,3.046931407942238,3.1816850526170977,6.766791044776119,2.1989858927100268,9533.143528829498,1613.6856325355445,7853.0,11083.0,11083.0,0.0,7853.0,0.0,27.97970799307102,20.84751164789908,32.917501473187976,19.093440953691907,0.1368473150210344,0.09849047265528335,0.09601583766394457,0.08537490720118783,0.08166295471417966,0.07597129423410047,0.07003217025488741,0.06582529076961148,0.058896312793862905,0.051224944320712694,0.04132640435535759,0.04281118535016085,0.0334075723830735,0.02845830240039594,0.016827517941103688,0.008413758970551844,0.008413758970551844,0.9218684989784768,0.022818348292356967,0.0,0.0,0.0,0.0,0.0,0.0,0.0,0.0,0.0,0.0,0.0,0.0,0.0,0.0,0.0,0.0,0.0,0.0,0.0,0.0,0.0,0.0,0.0,0.0,0.0,0.2598366740905717,4.7958426132145515,15.790645879732743,8.351893095768377,0.8017817371937641,4.224442736356648,2.951499146297491,nan,nan,nan,4.213787761425252,2.9212481254184404,4.23206106870229,2.9802727262766022,1.0043365514144589,0.396,0.01204,0.0,0.0,0.0,0.0,0.0,0.0,0.0,0.0,0.0,0.0,0.28953229398663705,18.418708240534496,11.27691165553081,0.014847809948032668,0.0,0.0,0.0,0.0,0.0,0.0,0.0,0.0,0.0,0.0,0.0,0.0,0.0,0.0,0.0,0.0,nan,nan,4.224442736356648,2.951499146297491,nan,0.396,0.05856,0.0,0.0,0.0,0.0,0.0,0.0,0.0,0.0,0.0,0.0,0.0,0.0,0.0,0.0,0.0,0.0,0.0,0.0,0.0,0.00025983667409057166,0.0,0.0006310319227913882,0.0010888393961890621,0.0031180400890868597,0.013350655778272704,0.0032541450136104925,0.002746844840386043,0.0003217025488740411,0.009242761692650333,0.01107399158624103,0.01858450878495422,0.012608265280871072,0.03412521653056174,0.01676565206632022,0.054825538233110614,0.04618906211333828,0.0779262558772581,0.06591190299430834,0.06879485275921801,0.06995793120514725,0.08448403860430587,0.0510146003464489,0.06508290027220985,0.03627814897302648,0.05032170254887404,0.03867854491462509,0.0435164563226924,0.037973273942093544,0.02039099232863153,0.01034397426379609,0.016221232368225688,0.020440485028458303,0.008042563721851028,0.0020539470428111856,0.0011135857461024498,0.00043306112348428605,0.0,6.186587478346944e-05,0.0,0.001744617668893838,0.0,0.0,0.0,0.0010269735214055928,0.0,0.0,0.0,0.0,0.0,0.0,0.0,0.0,0.0,0.0,0.0,0.0,0.0,0.0,0.0,0.0,0.0,0.0,0.0,0.0,0.0,0.0,0.0,0.0,0.0,0.0,0.0,0.0,0.0,0.0,0.0,0.0,0.0,0.0,0.0,0.0,0.0,nan,nan,4.224442736356648,2.951499146297491,nan,0.9220530442347649,0.023007190870287082,0.0,0.0,0.0,0.0,0.0,0.0,0.0,0.0,0.0,0.0,0.0,0.0,0.0,0.0,0.0,0.0,0.0,0.0,0.0,0.0,0.0,0.0,0.0,0.0,0.0,0.2568981921979068,4.709800190294958,15.941960038058994,8.163653663177927,0.9276879162702191,0.9216684401189008,0.02261014791363759,0.0,0.0,0.0,0.0,0.0,0.0,0.0,0.0,0.0,0.0,0.0,0.0,0.0,0.0,0.0,0.0,0.0,0.0,0.0,0.0,0.0,0.0,0.0,0.0,0.0,0.26302217637957714,4.889118102114493,15.626611655492527,8.555956678700364,0.665291387313048,0.3962,0.01205,0.0,0.0,0.0,0.0,0.0,0.0,0.0,0.0,0.0,0.0,0.28544243577545203,18.268315889628898,11.431969552806853,0.014272121788772602,0.0,0.0,0.0,0.0,0.0,0.0,0.0,0.0,0.0,0.0,0.0,0.0,0.0,0.0,0.0,0.0,0.3958,0.01203,0.0,0.0,0.0,0.0,0.0,0.0,0.0,0.0,0.0,0.0,0.293965961835998,18.581743166580686,11.108818978855082,0.015471892728210422,0.0,0.0,0.0,0.0,0.0,0.0,0.0,0.0,0.0,0.0,0.0,0.0,0.0,0.0,0.0,0.0
41300,4276,2255,0.5273620205799813,1065,879,0.4546304957904584,1184,0.5537885874649204,0.4080000000000001,3.0262246412666998,3.1374271042124375,6.61025641025641,2.2315294902549936,9556.37932647334,1612.5799498481056,7853.0,11083.0,11083.0,0.0,7853.0,0.0,28.140551917680074,20.88755883761717,33.106874478151965,19.084114862315143,0.13891487371375116,0.09775491113189898,0.08886810102899906,0.09027128157156221,0.07974742750233864,0.07366697848456501,0.06524789522918616,0.06969130028063611,0.06197380729653882,0.05168381665107577,0.04724041159962582,0.04092609915809167,0.03086997193638915,0.02853133769878391,0.0156688493919551,0.012862488306828812,0.00608044901777362,0.9212365246075576,0.02335851548753459,0.0,0.0,0.0,0.0,0.0,0.0,0.0,0.0,0.0,0.0,0.0,0.0,0.0,0.0,0.0,0.0,0.0,0.0,0.0,0.0,0.0,0.0,0.0,0.0,0.0,0.27362020579981294,5.282974742750235,15.266604303087,8.391019644527598,0.7857811038353604,4.23876303487954,2.9672466703816585,nan,nan,nan,4.293656450463293,2.9787814054964454,4.182873730043541,2.9544087520249094,0.9741985131558911,0.3958,0.012184,0.0,0.0,0.0,0.0,0.0,0.0,0.0,0.0,0.0,0.0,0.27362020579981294,18.90084190832551,10.804490177736204,0.02104770813844715,0.0,0.0,0.0,0.0,0.0,0.0,0.0,0.0,0.0,0.0,0.0,0.0,0.0,0.0,0.0,0.0,nan,nan,4.23876303487954,2.9672466703816585,nan,0.3958,0.05865,0.0,0.0,0.0,0.0,0.0,0.0,0.0,0.0,0.0,0.0,0.0,0.0,0.0,0.0,0.0,0.0,0.0,0.0,0.0,0.00019878391019644527,0.0,0.0005612722170252573,0.0010056127221702525,0.00402245088868101,0.012909260991580917,0.0034962581852198316,0.0031220767072029933,0.00023386342376052386,0.008489242282507015,0.010675865294667915,0.020346117867165576,0.01304957904583723,0.03346585594013096,0.017984097287184284,0.05653648269410664,0.04563844714686623,0.07656688493919551,0.06762160898035548,0.0657156220767072,0.06621842843779233,0.08278765201122544,0.053157156220767075,0.06171655753040225,0.04020112254443405,0.051239476145930773,0.04037652011225444,0.04314780168381665,0.03994387277829747,0.019059869036482695,0.010956501403180543,0.016101496725912066,0.020018709073900843,0.006466323666978485,0.002981758652946679,0.0012862488306828812,0.0002923292797006548,1.1693171188026192e-05,0.00014031805425631432,0.0,0.0013213283442469598,0.0,4.677268475210477e-05,0.0,0.0008886810102899906,0.0,0.0,0.0,0.0,0.0,0.0,0.0,0.0,0.0,0.0,0.0,0.0,0.0,0.0,0.0,0.0,0.0,0.0,0.0,0.0,0.0,0.0,0.0,0.0,0.0,0.0,0.0,0.0,0.0,0.0,0.0,0.0,0.0,0.0,0.0,0.0,0.0,nan,nan,4.23876303487954,2.9672466703816585,nan,0.9213477428630821,0.02359385812067052,0.0,0.0,0.0,0.0,0.0,0.0,0.0,0.0,0.0,0.0,0.0,0.0,0.0,0.0,0.0,0.0,0.0,0.0,0.0,0.0,0.0,0.0,0.0,0.0,0.0,0.29268292682926833,5.28159645232816,15.299334811529937,8.381374722838139,0.7450110864745013,0.9211124290280387,0.023092460785654995,0.0,0.0,0.0,0.0,0.0,0.0,0.0,0.0,0.0,0.0,0.0,0.0,0.0,0.0,0.0,0.0,0.0,0.0,0.0,0.0,0.0,0.0,0.0,0.0,0.0,0.252350321622959,5.284512617516082,15.230084116773877,8.401781296387929,0.8312716476991591,0.396,0.01223,0.0,0.0,0.0,0.0,0.0,0.0,0.0,0.0,0.0,0.0,0.2660753880266076,18.838137472283787,10.88248337028825,0.01330376940133038,0.0,0.0,0.0,0.0,0.0,0.0,0.0,0.0,0.0,0.0,0.0,0.0,0.0,0.0,0.0,0.0,0.3958,0.01213,0.0,0.0,0.0,0.0,0.0,0.0,0.0,0.0,0.0,0.0,0.2820385947550718,18.97080653142006,10.717466600692727,0.029688273132112822,0.0,0.0,0.0,0.0,0.0,0.0,0.0,0.0,0.0,0.0,0.0,0.0,0.0,0.0,0.0,0.0
41400,4359,2309,0.5297086487726543,1089,855,0.4459738472126635,1172,0.5377380133058041,0.4120000000000001,2.8985365853658536,3.0319353562962172,6.386759581881533,2.1632580332696674,9563.958935535673,1612.1466691001972,7853.0,11083.0,11083.0,0.0,7853.0,0.0,27.926588667125486,20.720595676691932,32.66965255157437,19.030541251199086,0.13420509291121818,0.10529938059187888,0.09704060564349622,0.07983482450103235,0.07960541408579949,0.07455838495067676,0.07754072034870384,0.06125258086717137,0.055287910071117226,0.05437026841018582,0.05092911218169305,0.03785271851342051,0.03234686854783207,0.028217481073640742,0.016517549896765314,0.008488185363615508,0.0066529020417526955,0.9204185481710317,0.023165548158694375,0.0,0.0,0.0,0.0,0.0,0.0,0.0,0.0,0.0,0.0,0.0,0.0,0.0,0.0,0.0,0.0,0.0,0.0,0.0,0.0,0.0,0.0,0.0,0.0,0.0,0.23399862353750867,5.533379215416381,15.609084652443224,7.914659325533381,0.7088781830695116,4.126119670369043,2.837508272789289,nan,nan,nan,4.123326286116984,2.8504438658757127,4.12764405543399,2.8246417884211454,1.0010471568382895,0.3953,0.01228,0.0,0.0,0.0,0.0,0.0,0.0,0.0,0.0,0.0,0.0,0.26841018582243636,19.208534067446635,10.454232622161047,0.06882312456985548,0.0,0.0,0.0,0.0,0.0,0.0,0.0,0.0,0.0,0.0,0.0,0.0,0.0,0.0,0.0,0.0,nan,nan,4.126119670369043,2.837508272789289,nan,0.3953,0.05853,0.0,0.0,0.0,0.0,0.0,0.0,0.0,0.0,0.0,0.0,0.0,0.0,0.0,0.0,0.0,0.0,0.0,0.0,1.1470520761642578e-05,0.00020646937370956642,0.0,0.0002523514567561367,0.0011126405138793302,0.003372333103922918,0.012583161275521908,0.0049782060105528795,0.0030282174810736407,0.0004932323927506309,0.007983482450103234,0.013202569396650607,0.017010782289515945,0.013064923147510897,0.03304657031429227,0.01956870841936224,0.056733195687084195,0.04817618719889883,0.0794448267951365,0.06977517779307181,0.06690754760266115,0.06401697637072723,0.08425097499426475,0.05022941041523285,0.06116081670107823,0.04088093599449415,0.05060793760036705,0.038644184445973846,0.04306033493920624,0.034537738013305806,0.02149575590731819,0.010254645560908465,0.01593255333792154,0.020704289974764853,0.006067905482908924,0.0030282174810736407,0.0016173434273916035,0.00022941041523285156,1.1470520761642578e-05,3.441156228492774e-05,0.0,0.0013764624913971094,0.0,1.1470520761642578e-05,0.0,0.0008947006194081212,0.0,0.0,0.0,0.0,0.0,0.0,0.0,0.0,0.0,0.0,0.0,0.0,0.0,0.0,0.0,0.0,0.0,0.0,0.0,0.0,0.0,0.0,0.0,0.0,0.0,0.0,0.0,0.0,0.0,0.0,0.0,0.0,0.0,0.0,0.0,0.0,0.0,nan,nan,4.126119670369043,2.837508272789289,nan,0.9205044874281737,0.02310908213247362,0.0,0.0,0.0,0.0,0.0,0.0,0.0,0.0,0.0,0.0,0.0,0.0,0.0,0.0,0.0,0.0,0.0,0.0,0.0,0.0,0.0,0.0,0.0,0.0,0.0,0.23386747509744482,5.586834127327849,15.539194456474668,7.938501515807711,0.7016024252923345,0.9203217512223779,0.023228603076883292,0.0,0.0,0.0,0.0,0.0,0.0,0.0,0.0,0.0,0.0,0.0,0.0,0.0,0.0,0.0,0.0,0.0,0.0,0.0,0.0,0.0,0.0,0.0,0.0,0.0,0.2341463414634147,5.473170731707318,15.687804878048784,7.887804878048782,0.7170731707317074,0.3953,0.01226,0.0,0.0,0.0,0.0,0.0,0.0,0.0,0.0,0.0,0.0,0.2858380251190992,19.320051970549994,10.329146816803814,0.064963187527068,0.0,0.0,0.0,0.0,0.0,0.0,0.0,0.0,0.0,0.0,0.0,0.0,0.0,0.0,0.0,0.0,0.3953,0.01229,0.0,0.0,0.0,0.0,0.0,0.0,0.0,0.0,0.0,0.0,0.2487804878048781,19.082926829268263,10.595121951219515,0.07317073170731708,0.0,0.0,0.0,0.0,0.0,0.0,0.0,0.0,0.0,0.0,0.0,0.0,0.0,0.0,0.0,0.0
41500,4162,2175,0.5225852955309948,1021,814,0.44089380105718406,1152,0.553580009610764,0.4400000000000001,3.030699547055863,3.1693619583068693,6.67262969588551,2.107610892702788,9540.950504565113,1613.3515499988512,7853.0,11083.0,11083.0,0.0,7853.0,0.0,28.21936568957232,20.975619809952743,33.20640365923385,19.158534655107147,0.14199903892359442,0.09106198942815955,0.09514656415185008,0.09058145122537242,0.0766458433445459,0.0747236905333974,0.0679961556943777,0.06222969726093224,0.05478135511773186,0.056222969726093225,0.04877462758289284,0.046852474771744354,0.032436328688130706,0.026189332051898127,0.017539644401729938,0.010571840461316675,0.006246996636232581,0.9196848740576552,0.022986183939973273,0.0,0.0,0.0,0.0,0.0,0.0,0.0,0.0,0.0,0.0,0.0,0.0,0.0,0.0,0.0,0.0,0.0,0.0,0.0,0.0,0.0,0.0,0.0,0.0,0.0,0.33877943296492075,5.398846708313312,16.153291686689094,7.518020182604519,0.5910619894281597,4.355414960922962,2.9653487411768067,nan,nan,nan,4.25720620842572,2.934174639079075,4.455022488755622,2.9933461128840824,1.0464662200149926,0.3945,0.01206,0.0,0.0,0.0,0.0,0.0,0.0,0.0,0.0,0.0,0.0,0.23786641037962525,19.90869774147042,9.839019702066317,0.01441614608361365,0.0,0.0,0.0,0.0,0.0,0.0,0.0,0.0,0.0,0.0,0.0,0.0,0.0,0.0,0.0,0.0,nan,nan,4.355414960922962,2.9653487411768067,nan,0.3945,0.05844,0.0,0.0,0.0,0.0,0.0,0.0,0.0,0.0,0.0,0.0,0.0,0.0,0.0,0.0,0.0,0.0,0.0,0.0,0.00016818837097549256,0.00020422873618452668,0.0,0.00019221528111484863,0.000913022585295531,0.0038803459875060065,0.013286881307063911,0.005177799135031235,0.002991350312349832,0.0009610764055742432,0.007328207592503604,0.013551177318596829,0.01715521383950024,0.013310908217203267,0.03280874579529072,0.01740749639596348,0.056847669389716485,0.047393080249879864,0.08230418068236425,0.07169629985583854,0.06836857280153773,0.06273426237385872,0.0841902931283037,0.05195819317635752,0.056775588659298416,0.04203507928880346,0.05021624219125421,0.04150648726573763,0.04148246035559827,0.03296492071119654,0.021888515136953387,0.008962037481979818,0.01776790004805382,0.019641999038923594,0.005790485343584815,0.0025228255646323884,0.0014296011532916866,4.805382027871216e-05,1.201345506967804e-05,0.0,0.0,0.001537722248918789,0.0,0.0,0.0,0.0005886592984142239,0.0,0.0,0.0,0.0,0.0,0.0,0.0,0.0,0.0,0.0,0.0,0.0,0.0,0.0,0.0,0.0,0.0,0.0,0.0,0.0,0.0,0.0,0.0,0.0,0.0,0.0,0.0,0.0,0.0,0.0,0.0,0.0,0.0,0.0,0.0,0.0,0.0,nan,nan,4.355414960922962,2.9653487411768067,nan,0.9194089945431413,0.02281205522697315,0.0,0.0,0.0,0.0,0.0,0.0,0.0,0.0,0.0,0.0,0.0,0.0,0.0,0.0,0.0,0.0,0.0,0.0,0.0,0.0,0.0,0.0,0.0,0.0,0.0,0.34482758620689663,5.406896551724139,16.234482758620693,7.517241379310346,0.49655172413793114,0.9199868559117406,0.023171522856885077,0.0,0.0,0.0,0.0,0.0,0.0,0.0,0.0,0.0,0.0,0.0,0.0,0.0,0.0,0.0,0.0,0.0,0.0,0.0,0.0,0.0,0.0,0.0,0.0,0.0,0.3321590337191747,5.390035228988426,16.064418721690995,7.518872672370409,0.6945143432310016,0.3948,0.012245,0.0,0.0,0.0,0.0,0.0,0.0,0.0,0.0,0.0,0.0,0.303448275862069,19.47586206896549,10.206896551724139,0.013793103448275865,0.0,0.0,0.0,0.0,0.0,0.0,0.0,0.0,0.0,0.0,0.0,0.0,0.0,0.0,0.0,0.0,0.3943,0.01185,0.0,0.0,0.0,0.0,0.0,0.0,0.0,0.0,0.0,0.0,0.16607951685958736,20.382486160040234,9.436336185203826,0.015098137896326124,0.0,0.0,0.0,0.0,0.0,0.0,0.0,0.0,0.0,0.0,0.0,0.0,0.0,0.0,0.0,0.0
41600,4200,2184,0.52,984,829,0.43166666666666664,1148,0.5466666666666666,0.4240000000000001,2.9871031746031744,3.149362549079651,6.662522202486678,2.2228744685987682,9532.6,1613.707482786146,7853.0,11083.0,11083.0,0.0,7853.0,0.0,28.178333333333335,21.230186439827637,33.19324631101021,19.50199645810475,0.1411904761904762,0.10238095238095238,0.09690476190476191,0.08285714285714285,0.07238095238095238,0.07428571428571429,0.07,0.0569047619047619,0.06095238095238095,0.052142857142857144,0.048095238095238094,0.041666666666666664,0.034761904761904765,0.025952380952380952,0.01904761904761905,0.013333333333333334,0.007142857142857143,0.9214520418360119,0.022815139510619236,0.0,0.0,0.0,0.0,0.0,0.0,0.0,0.0,0.0,0.0,0.0,0.0,0.0,0.0,0.0,0.0,0.0,0.0,0.0,0.0,0.0,0.0,0.0,0.0,0.0,0.22142857142857147,4.957142857142858,15.65714285714286,8.485714285714288,0.6785714285714287,4.352985074626866,2.9099723109547795,nan,nan,nan,4.47125567322239,2.965944846378093,4.2378497790868925,2.849718292326838,0.9477985802660924,0.3936,0.01241,0.0,0.0,0.0,0.0,0.0,0.0,0.0,0.0,0.0,0.0,0.4642857142857144,20.457142857142827,9.071428571428573,0.007142857142857144,0.0,0.0,0.0,0.0,0.0,0.0,0.0,0.0,0.0,0.0,0.0,0.0,0.0,0.0,0.0,0.0,nan,nan,4.352985074626866,2.9099723109547795,nan,0.3936,0.05865,0.0,0.0,0.0,0.0,0.0,0.0,0.0,0.0,0.0,0.0,0.0,0.0,0.0,0.0,0.0,0.0,0.0,0.0,0.0005357142857142857,0.00022619047619047618,1.1904761904761905e-05,0.0003095238095238095,0.0003928571428571429,0.0036904761904761906,0.015369047619047619,0.006380952380952381,0.0014642857142857142,0.0013095238095238095,0.00669047619047619,0.016154761904761904,0.017476190476190475,0.013511904761904761,0.03254761904761905,0.017285714285714286,0.058916666666666666,0.04919047619047619,0.0790952380952381,0.0719047619047619,0.06758333333333333,0.062357142857142854,0.08736904761904762,0.05317857142857143,0.05680952380952381,0.04236904761904762,0.047142857142857146,0.040107142857142855,0.04236904761904762,0.031035714285714285,0.018785714285714284,0.009035714285714286,0.01892857142857143,0.019523809523809523,0.005083333333333333,0.002785714285714286,0.001238095238095238,2.380952380952381e-05,1.1904761904761905e-05,0.0,0.0,0.0010952380952380953,0.0,0.0,1.1904761904761905e-05,0.0006904761904761905,0.0,0.0,0.0,0.0,0.0,0.0,0.0,0.0,0.0,0.0,0.0,0.0,0.0,0.0,0.0,0.0,0.0,0.0,0.0,0.0,0.0,0.0,0.0,0.0,0.0,0.0,0.0,0.0,0.0,0.0,0.0,0.0,0.0,0.0,0.0,0.0,0.0,nan,nan,4.352985074626866,2.9099723109547795,nan,0.921216220100284,0.023038080647102555,0.0,0.0,0.0,0.0,0.0,0.0,0.0,0.0,0.0,0.0,0.0,0.0,0.0,0.0,0.0,0.0,0.0,0.0,0.0,0.0,0.0,0.0,0.0,0.0,0.0,0.26098901098901106,5.2335164835164845,15.233516483516487,8.70879120879121,0.5631868131868133,0.9217075153830505,0.022568354573960194,0.0,0.0,0.0,0.0,0.0,0.0,0.0,0.0,0.0,0.0,0.0,0.0,0.0,0.0,0.0,0.0,0.0,0.0,0.0,0.0,0.0,0.0,0.0,0.0,0.0,0.1785714285714286,4.657738095238096,16.11607142857143,8.24404761904762,0.8035714285714288,0.3933,0.01236,0.0,0.0,0.0,0.0,0.0,0.0,0.0,0.0,0.0,0.0,0.5082417582417583,20.357142857142826,9.134615384615387,0.0,0.0,0.0,0.0,0.0,0.0,0.0,0.0,0.0,0.0,0.0,0.0,0.0,0.0,0.0,0.0,0.0,0.3936,0.012474,0.0,0.0,0.0,0.0,0.0,0.0,0.0,0.0,0.0,0.0,0.4166666666666668,20.56547619047616,9.002976190476192,0.014880952380952385,0.0,0.0,0.0,0.0,0.0,0.0,0.0,0.0,0.0,0.0,0.0,0.0,0.0,0.0,0.0,0.0
41700,4137,2144,0.5182499395697365,1014,835,0.446942228668117,1151,0.5564418660865361,0.4280000000000001,3.0602107375815355,3.1858926610783365,6.735135135135135,2.248549027592292,9526.947304810248,1613.923856709358,7853.0,11083.0,11083.0,0.0,7853.0,0.0,28.300942712110224,21.091569905621956,33.28702904802991,19.31015895848691,0.1414068165337201,0.09330432680686487,0.09475465313028765,0.08677785835146241,0.07638385303359922,0.07565868987188784,0.0674401740391588,0.06937394247038917,0.05414551607445008,0.05293691080493111,0.04568527918781726,0.04157602127145275,0.03287406333091612,0.03069857384578197,0.01885424220449601,0.011602610587382161,0.006526468455402465,0.9221519361321465,0.022684405317832237,0.0,0.0,0.0,0.0,0.0,0.0,0.0,0.0,0.0,0.0,0.0,0.0,0.0,0.0,0.0,0.0,0.0,0.0,0.0,0.0,0.0,0.0,0.0,0.0,0.014503263234227704,0.21754894851341558,4.619289340101524,15.989847715736044,8.353879622915157,0.8049311094996376,4.37709809772473,2.9885866332771536,nan,nan,nan,4.340874811463046,2.9793057722866108,4.412546125461255,2.9972172476185737,1.0165107995763767,0.3936,0.012794,0.0,0.0,0.0,0.0,0.0,0.0,0.0,0.0,0.0,0.0,0.49311094996374194,20.319071791152982,9.173313995649023,0.014503263234227704,0.0,0.0,0.0,0.0,0.0,0.0,0.0,0.0,0.0,0.0,0.0,0.0,0.0,0.0,0.0,0.0,nan,nan,4.37709809772473,2.9885866332771536,nan,0.3936,0.05853,0.0,0.0,0.0,0.0,0.0,0.0,0.0,0.0,0.0,0.0,0.0,0.0,0.0,0.0,0.0,0.0,0.0,0.0,0.0008460236886632825,0.00012086052695189751,0.00012086052695189751,0.00036258158085569254,0.00018129079042784627,0.0033599226492627508,0.01559100797679478,0.005559584239787286,0.002235919748610104,0.0009306260575296108,0.006997824510514866,0.01640077350737249,0.01689630166787527,0.014877930867778584,0.03115784384819918,0.01741600193376843,0.05604302634759487,0.050592216582064295,0.07830553541213439,0.07164612037708484,0.0675731206188059,0.06295624848924342,0.09028281363306744,0.0553057771331883,0.05606719845298525,0.04271211022480058,0.04309886391104665,0.04176939811457578,0.04335267101764564,0.030444766739182984,0.017693981145757796,0.009523809523809525,0.018660865361372975,0.020062847474014985,0.005535412134396906,0.002248005801305294,0.0013657239545564418,0.0,0.0,0.0,0.0,0.001124002900652647,0.0,0.0,0.0,0.000580130529369108,0.0,0.0,0.0,0.0,0.0,0.0,0.0,0.0,0.0,0.0,0.0,0.0,0.0,0.0,0.0,0.0,0.0,0.0,0.0,0.0,0.0,0.0,0.0,0.0,0.0,0.0,0.0,0.0,0.0,0.0,0.0,0.0,0.0,0.0,0.0,0.0,0.0,nan,nan,4.37709809772473,2.9885866332771536,nan,0.9221744339134711,0.022798577882215492,0.0,0.0,0.0,0.0,0.0,0.0,0.0,0.0,0.0,0.0,0.0,0.0,0.0,0.0,0.0,0.0,0.0,0.0,0.0,0.0,0.0,0.0,0.0,0.0,0.02798507462686568,0.19589552238805977,4.617537313432837,16.105410447761198,8.18563432835821,0.867537313432836,0.9221277338024126,0.022560912301636777,0.0,0.0,0.0,0.0,0.0,0.0,0.0,0.0,0.0,0.0,0.0,0.0,0.0,0.0,0.0,0.0,0.0,0.0,0.0,0.0,0.0,0.0,0.0,0.0,0.0,0.24084295032614156,4.6211741093828405,15.865529352734574,8.53487205218264,0.7375815353738084,0.3936,0.01264,0.0,0.0,0.0,0.0,0.0,0.0,0.0,0.0,0.0,0.0,0.517723880597015,20.289179104477583,9.179104477611942,0.01399253731343284,0.0,0.0,0.0,0.0,0.0,0.0,0.0,0.0,0.0,0.0,0.0,0.0,0.0,0.0,0.0,0.0,0.3933,0.01296,0.0,0.0,0.0,0.0,0.0,0.0,0.0,0.0,0.0,0.0,0.46663321625689924,20.351229302558927,9.167084796788762,0.015052684395383847,0.0,0.0,0.0,0.0,0.0,0.0,0.0,0.0,0.0,0.0,0.0,0.0,0.0,0.0,0.0,0.0
41800,4349,2233,0.5134513681306048,1050,897,0.44768912393653715,1240,0.5702460335709358,0.4200000000000001,2.98062381852552,3.149414502593954,6.770577933450087,2.1334405704739563,9511.447919061853,1614.415460260832,7853.0,11083.0,11083.0,0.0,7853.0,0.0,27.751437111979765,20.77089992351248,32.77906018136851,18.9783895585263,0.14463094964359624,0.10370200045987583,0.08691653253621522,0.08760634628650264,0.0790986433662911,0.07082087836284204,0.07128075419636698,0.062083237525868015,0.0595539204414808,0.057714417107381004,0.04828696252011957,0.03770981834904576,0.03403081168084617,0.02345366750977236,0.018624971257760404,0.008507702920211543,0.005978385835824327,0.9227629958500558,0.022928601064210585,0.0,0.0,0.0,0.0,0.0,0.0,0.0,0.0,0.0,0.0,0.0,0.0,0.0,0.0,0.0,0.0,0.0,0.0,0.0,0.0,0.0,0.0,0.0,0.0,0.0,0.213842262589101,4.621752126925731,15.465624281444013,8.843412278684756,0.855369050356404,4.389247311827957,2.9218787481898696,nan,nan,nan,4.343571428571429,2.947607037055306,4.4352517985611515,2.8950059531841354,1.021107139941722,0.3943,0.01247,0.0,0.0,0.0,0.0,0.0,0.0,0.0,0.0,0.0,0.0,0.4690733501954473,19.804552770751865,9.726373879052657,0.0,0.0,0.0,0.0,0.0,0.0,0.0,0.0,0.0,0.0,0.0,0.0,0.0,0.0,0.0,0.0,0.0,nan,nan,4.389247311827957,2.9218787481898696,nan,0.3943,0.0588,0.0,0.0,0.0,0.0,0.0,0.0,0.0,0.0,0.0,0.0,0.0,0.0,0.0,0.0,0.0,0.0,0.0,0.0,0.0005863416877443091,0.0001839503334099793,4.598758335249483e-05,0.00022993791676247414,0.00021844102092435043,0.003483559438951483,0.015808231777420096,0.005587491377328121,0.0026672798344447,0.0008507702920211543,0.007553460565647275,0.014819498735341458,0.016704989652793746,0.013635318464014716,0.028201885490917452,0.01972867325822028,0.05697861577374109,0.05359852839733272,0.07702920211542884,0.07336169234306737,0.06462405150609335,0.059473442170613934,0.08798574384916073,0.05730052885720855,0.05383996320993332,0.04404460795585192,0.04332030351805013,0.04320533455966889,0.04575764543573235,0.027787997240745,0.018935387445389744,0.010749597608645666,0.01863646815359853,0.02155667969648195,0.005943895148309957,0.0027937456886640605,0.0012646585421936078,0.0,0.0,0.0,0.0,0.0008967578753736491,0.0,0.0,0.0,0.0006093354794205564,0.0,0.0,0.0,0.0,0.0,0.0,0.0,0.0,0.0,0.0,0.0,0.0,0.0,0.0,0.0,0.0,0.0,0.0,0.0,0.0,0.0,0.0,0.0,0.0,0.0,0.0,0.0,0.0,0.0,0.0,0.0,0.0,0.0,0.0,0.0,0.0,0.0,nan,nan,4.389247311827957,2.9218787481898696,nan,0.9224121614629999,0.022687717849994137,0.0,0.0,0.0,0.0,0.0,0.0,0.0,0.0,0.0,0.0,0.0,0.0,0.0,0.0,0.0,0.0,0.0,0.0,0.0,0.0,0.0,0.0,0.0,0.0,0.0,0.17465293327362297,4.71562919838782,15.651589789520827,8.665472458575909,0.7926556202418273,0.9231332289248648,0.023174329767419795,0.0,0.0,0.0,0.0,0.0,0.0,0.0,0.0,0.0,0.0,0.0,0.0,0.0,0.0,0.0,0.0,0.0,0.0,0.0,0.0,0.0,0.0,0.0,0.0,0.0,0.25519848771266546,4.522684310018905,15.269376181474483,9.031190926275993,0.9215500945179587,0.394,0.012474,0.0,0.0,0.0,0.0,0.0,0.0,0.0,0.0,0.0,0.0,0.47021943573667724,19.910434393192986,9.61934617107031,0.0,0.0,0.0,0.0,0.0,0.0,0.0,0.0,0.0,0.0,0.0,0.0,0.0,0.0,0.0,0.0,0.0,0.3943,0.01246,0.0,0.0,0.0,0.0,0.0,0.0,0.0,0.0,0.0,0.0,0.46786389413988666,19.692816635160654,9.839319470699435,0.0,0.0,0.0,0.0,0.0,0.0,0.0,0.0,0.0,0.0,0.0,0.0,0.0,0.0,0.0,0.0,0.0
41900,4459,2308,0.5176048441354564,1096,898,0.44718546759363087,1239,0.5557299843014128,0.4200000000000001,3.00697350069735,3.111659466994316,6.615771812080537,2.057484187747163,9524.863646557524,1613.9986139090024,7853.0,11083.0,11083.0,0.0,7853.0,0.0,28.26979143305674,20.82739346774447,33.13905876096783,19.032531186303657,0.13523211482395156,0.0966584435972191,0.09508858488450325,0.087015025790536,0.07669881139268894,0.07468042161919713,0.07109217313298946,0.06593406593406594,0.05337519623233909,0.05741197577932272,0.050011213276519396,0.040367795469836286,0.03812514016595649,0.02489347387306571,0.016595649248710473,0.009867683337071092,0.006952231442027361,0.9220547322254861,0.02316868626893109,0.0,0.0,0.0,0.0,0.0,0.0,0.0,0.0,0.0,0.0,0.0,0.0,0.0,0.0,0.0,0.0,0.0,0.0,0.0,0.0,0.0,0.0,0.0,0.0,0.006727965911639383,0.24893473873065716,4.985422740524782,15.225386858039922,8.880915003363985,0.6526126934290201,4.271280276816609,2.9147825278090105,nan,nan,nan,4.224964739069112,2.9159882511982453,4.318830727396329,2.9117391025863455,1.0222169873890827,0.3943,0.01206,0.0,0.0,0.0,0.0,0.0,0.0,0.0,0.0,0.0,0.0,0.3296703296703297,19.955146893922375,9.708454810495628,0.006727965911639383,0.0,0.0,0.0,0.0,0.0,0.0,0.0,0.0,0.0,0.0,0.0,0.0,0.0,0.0,0.0,0.0,nan,nan,4.271280276816609,2.9147825278090105,nan,0.3943,0.05875,0.0,0.0,0.0,0.0,0.0,0.0,0.0,0.0,0.0,0.0,0.0,0.0,0.0,0.0,0.0,0.0,0.0,0.0,0.0006279434850863422,0.00012334604171338866,0.00011213276519398969,0.00022426553038797938,0.0005045974433729536,0.0031509307019511102,0.015373402108095985,0.005572998430141287,0.0023211482395155865,0.0009419152276295133,0.008286611347835838,0.015451895043731779,0.016988113926889436,0.011919712940121103,0.026855797263960528,0.02000448531060776,0.05718771024893474,0.05416012558869702,0.0771361291769455,0.07562233684682665,0.06224489795918367,0.057591388203633104,0.08823727293115048,0.05706436420722135,0.054608656649472974,0.04467369365328549,0.04280107647454586,0.04221798609553712,0.04769006503700381,0.02790984525678403,0.020475442924422518,0.012872841444270016,0.017660910518053376,0.02023996411751514,0.0053599461762727065,0.0030387979367571204,0.0011325409284592958,4.485310607759587e-05,0.0,1.1213276519398968e-05,1.1213276519398968e-05,0.0009419152276295133,0.0,0.0,0.0,0.0006055169320475442,0.0,0.0,0.0,0.0,0.0,0.0,0.0,0.0,0.0,0.0,0.0,0.0,0.0,0.0,0.0,0.0,0.0,0.0,0.0,0.0,0.0,0.0,0.0,0.0,0.0,0.0,0.0,0.0,0.0,0.0,0.0,0.0,0.0,0.0,0.0,0.0,0.0,nan,nan,4.271280276816609,2.9147825278090105,nan,0.921993966196604,0.02363894489886283,0.0,0.0,0.0,0.0,0.0,0.0,0.0,0.0,0.0,0.0,0.0,0.0,0.0,0.0,0.0,0.0,0.0,0.0,0.0,0.0,0.0,0.0,0.0,0.0,0.01299826689774697,0.25996533795493937,5.134315424610053,14.805025996533798,9.09878682842288,0.6889081455805894,0.9221199335247237,0.022653068213888593,0.0,0.0,0.0,0.0,0.0,0.0,0.0,0.0,0.0,0.0,0.0,0.0,0.0,0.0,0.0,0.0,0.0,0.0,0.0,0.0,0.0,0.0,0.0,0.0,0.0,0.23709902370990243,4.8256624825662495,15.67642956764296,8.647140864714089,0.6136680613668063,0.3945,0.01217,0.0,0.0,0.0,0.0,0.0,0.0,0.0,0.0,0.0,0.0,0.36395147313691517,19.744367417677616,9.891681109185443,0.0,0.0,0.0,0.0,0.0,0.0,0.0,0.0,0.0,0.0,0.0,0.0,0.0,0.0,0.0,0.0,0.0,0.3943,0.01195,0.0,0.0,0.0,0.0,0.0,0.0,0.0,0.0,0.0,0.0,0.29288702928870297,20.181311018131073,9.511854951185496,0.013947001394700143,0.0,0.0,0.0,0.0,0.0,0.0,0.0,0.0,0.0,0.0,0.0,0.0,0.0,0.0,0.0,0.0
42000,4713,2432,0.5160195204752811,1133,963,0.4447273498833015,1334,0.5660937831529811,0.4200000000000001,3.080227970188514,3.15549931444755,6.745788667687596,2.102940739344479,9519.743051135158,1614.1708883074382,7853.0,11083.0,11083.0,0.0,7853.0,0.0,27.9469552302143,20.967833967268074,33.10559796437659,19.141758415247025,0.14109908762995968,0.10460428601739868,0.08699342244854658,0.08656906429026098,0.0787184383619775,0.07468703585826438,0.07129217059197963,0.0664120517716953,0.055590918735412685,0.05071079991512837,0.047740292807129214,0.037980055166560577,0.03373647358370465,0.027583280288563546,0.0182474008062805,0.012518565669424995,0.00551665605771271,0.9224505598773224,0.02331821483148166,0.0,0.0,0.0,0.0,0.0,0.0,0.0,0.0,0.0,0.0,0.0,0.0,0.0,0.0,0.0,0.0,0.0,0.0,0.0,0.0,0.0,0.0,0.0,0.0,0.0063653723742838975,0.29280712921705926,4.7294716740929355,15.372374283895612,8.726925525143223,0.8720560152768939,4.343647136273864,2.9377585687177254,nan,nan,nan,4.274950429610047,2.8887296806840403,4.414698162729659,2.9828810300786257,1.0326899072680849,0.3945,0.012764,0.0,0.0,0.0,0.0,0.0,0.0,0.0,0.0,0.0,0.0,0.5410566518141312,19.789942711648603,9.66900063653724,0.0,0.0,0.0,0.0,0.0,0.0,0.0,0.0,0.0,0.0,0.0,0.0,0.0,0.0,0.0,0.0,0.0,nan,nan,4.343647136273864,2.9377585687177254,nan,0.3945,0.05896,0.0,0.0,0.0,0.0,0.0,0.0,0.0,0.0,0.0,0.0,0.0,0.0,0.0,0.0,0.0,0.0,2.1217907914279653e-05,0.0,0.0006471461913855294,6.365372374283896e-05,6.365372374283896e-05,4.2435815828559307e-05,0.0005728835136855506,0.002970507107999151,0.015340547422024188,0.005697008274984087,0.002132399745385105,0.0010821133036282623,0.0072777424145979205,0.016645448758752387,0.018586887332908975,0.010460428601739869,0.026713346064078082,0.02114364523657967,0.05933587948228305,0.052503713133885,0.07641629535327817,0.07599193719499257,0.06287927010396775,0.05722469764481222,0.08511563759813283,0.05658816040738383,0.055219605346912795,0.04431360067897305,0.0438468067048589,0.04209632930193083,0.04904519414385741,0.02623594313600679,0.02181200933587948,0.01337789093995332,0.016168045830681096,0.021186081052408233,0.005728835136855506,0.0023445788245279016,0.0007214088690855082,6.365372374283896e-05,0.0,3.182686187141948e-05,1.0608953957139827e-05,0.0013897729683853173,0.0,0.0,0.0,0.0008911521323997453,0.0,0.0,0.0,0.0,0.0,0.0,0.0,0.0,0.0,0.0,0.0,0.0,0.0,0.0,0.0,0.0,0.0,0.0,0.0,0.0,0.0,0.0,0.0,0.0,0.0,0.0,0.0,0.0,0.0,0.0,0.0,0.0,0.0,0.0,0.0,0.0,0.0,nan,nan,4.343647136273864,2.9377585687177254,nan,0.9223925359302053,0.023553926898375,0.0,0.0,0.0,0.0,0.0,0.0,0.0,0.0,0.0,0.0,0.0,0.0,0.0,0.0,0.0,0.0,0.0,0.0,0.0,0.0,0.0,0.0,0.0,0.0,0.012335526315789477,0.3330592105263159,4.69983552631579,15.148026315789476,8.906250000000002,0.9004934210526317,0.9225124249537751,0.023064084803562472,0.0,0.0,0.0,0.0,0.0,0.0,0.0,0.0,0.0,0.0,0.0,0.0,0.0,0.0,0.0,0.0,0.0,0.0,0.0,0.0,0.0,0.0,0.0,0.0,0.0,0.24989039894782994,4.761069706269181,15.611573871109165,8.535729943007455,0.8417360806663746,0.3945,0.012886,0.0,0.0,0.0,0.0,0.0,0.0,0.0,0.0,0.0,0.0,0.5550986842105264,19.465460526315763,9.979440789473685,0.0,0.0,0.0,0.0,0.0,0.0,0.0,0.0,0.0,0.0,0.0,0.0,0.0,0.0,0.0,0.0,0.0,0.3943,0.012634,0.0,0.0,0.0,0.0,0.0,0.0,0.0,0.0,0.0,0.0,0.5260850504164841,20.135905304690898,9.338009644892592,0.0,0.0,0.0,0.0,0.0,0.0,0.0,0.0,0.0,0.0,0.0,0.0,0.0,0.0,0.0,0.0,0.0
42100,4696,2470,0.5259795570698467,1154,932,0.44420783645655876,1287,0.5481260647359455,0.4160000000000001,2.98921832884097,3.122084713124615,6.608903020667727,2.1874734222629844,9551.913969335605,1612.818478859398,7853.0,11083.0,11083.0,0.0,7853.0,0.0,28.223381601362863,21.01330332607896,33.31137115237853,19.18207211276125,0.1409710391822828,0.09710391822827939,0.09412265758091994,0.0821976149914821,0.08241056218057921,0.06984667802385008,0.0704855195911414,0.06367120954003407,0.059625212947189095,0.05387563884156729,0.04493185689948893,0.04024701873935264,0.0381175468483816,0.02512776831345826,0.02001703577512777,0.01192504258943782,0.005323679727427598,0.921296504340444,0.023019933339872,0.0,0.0,0.0,0.0,0.0,0.0,0.0,0.0,0.0,0.0,0.0,0.0,0.0,0.0,0.0,0.0,0.0,0.0,0.0,0.0,0.0,0.0,0.0,0.0,0.0,0.2810902896081772,4.982964224872233,15.68994889267462,8.23466780238501,0.8113287904599661,4.19137022397892,2.863369463368475,nan,nan,nan,4.236157438292195,2.8582710368524857,4.147690305790501,2.8676594275547145,0.9791161839968443,0.394,0.01266,0.0,0.0,0.0,0.0,0.0,0.0,0.0,0.0,0.0,0.0,0.42802385008517896,20.046848381601336,9.493185689948895,0.03194207836456559,0.0,0.0,0.0,0.0,0.0,0.0,0.0,0.0,0.0,0.0,0.0,0.0,0.0,0.0,0.0,0.0,nan,nan,4.19137022397892,2.863369463368475,nan,0.394,0.05896,0.0,0.0,0.0,0.0,0.0,0.0,0.0,0.0,0.0,0.0,0.0,0.0,0.0,0.0,0.0,0.0,8.517887563884156e-05,0.0,0.0006601362862010222,6.388415672913118e-05,7.453151618398638e-05,0.0,0.0005323679727427598,0.0031303236797274275,0.016301107325383306,0.005217206132879046,0.0025766609880749575,0.0010753833049403749,0.007506388415672913,0.01744037478705281,0.017632027257240203,0.011637563884156729,0.0263309199318569,0.02176320272572402,0.0572721465076661,0.05325809199318569,0.07439310051107326,0.07517035775127769,0.06501277683134582,0.059614565587734245,0.08178236797274276,0.05804940374787053,0.05876277683134583,0.04039608177172061,0.04314310051107326,0.04290885860306644,0.049041737649063034,0.02661839863713799,0.02262563884156729,0.012361584327086882,0.016950596252129472,0.020623935264054514,0.00547274275979557,0.001841993185689949,0.0005110732538330494,0.00015971039182282793,2.129471890971039e-05,6.388415672913118e-05,0.0,0.0012137989778534923,0.0,0.0,0.0,0.000702725724020443,0.0,0.0,0.0,0.0,0.0,0.0,0.0,0.0,0.0,0.0,0.0,0.0,0.0,0.0,0.0,0.0,0.0,0.0,0.0,0.0,0.0,0.0,0.0,0.0,0.0,0.0,0.0,0.0,0.0,0.0,0.0,0.0,0.0,0.0,0.0,0.0,0.0,nan,nan,4.19137022397892,2.863369463368475,nan,0.9213373971371516,0.02344480224484194,0.0,0.0,0.0,0.0,0.0,0.0,0.0,0.0,0.0,0.0,0.0,0.0,0.0,0.0,0.0,0.0,0.0,0.0,0.0,0.0,0.0,0.0,0.0,0.0,0.0,0.34008097165991913,5.076923076923078,15.753036437246967,7.870445344129556,0.959514170040486,0.9212511291347532,0.022539034270225095,0.0,0.0,0.0,0.0,0.0,0.0,0.0,0.0,0.0,0.0,0.0,0.0,0.0,0.0,0.0,0.0,0.0,0.0,0.0,0.0,0.0,0.0,0.0,0.0,0.0,0.21563342318059303,4.878706199460917,15.619946091644207,8.638814016172509,0.646900269541779,0.3938,0.0125,0.0,0.0,0.0,0.0,0.0,0.0,0.0,0.0,0.0,0.0,0.4736842105263159,20.307692307692278,9.19433198380567,0.02429149797570851,0.0,0.0,0.0,0.0,0.0,0.0,0.0,0.0,0.0,0.0,0.0,0.0,0.0,0.0,0.0,0.0,0.3943,0.01283,0.0,0.0,0.0,0.0,0.0,0.0,0.0,0.0,0.0,0.0,0.3773584905660378,19.757412398921804,9.82479784366577,0.04043126684636119,0.0,0.0,0.0,0.0,0.0,0.0,0.0,0.0,0.0,0.0,0.0,0.0,0.0,0.0,0.0,0.0
42200,4814,2471,0.5132945575405069,1178,977,0.44765267968425426,1348,0.5600332363938513,0.4120000000000001,2.996585574050363,3.1475300212337647,6.716440422322775,2.1387366054674986,9510.941420855837,1614.4290118722722,7853.0,11083.0,11083.0,0.0,7853.0,0.0,28.194432904029913,20.940833077695743,32.94770439479499,19.25947916471444,0.1335687577897798,0.10033236393851268,0.09368508516825924,0.08620689655172414,0.08392189447444952,0.07706688824262567,0.06584960531782301,0.06294142085583714,0.05961778147071043,0.053593685085168256,0.04964686331533029,0.03697548815953469,0.03261321146655588,0.025135022850020772,0.018072289156626505,0.012463647694225177,0.008309098462816784,0.9220327876715626,0.023006737320681248,0.0,0.0,0.0,0.0,0.0,0.0,0.0,0.0,0.0,0.0,0.0,0.0,0.0,0.0,0.0,0.0,0.0,0.0,0.0,0.0,0.0,0.0,0.0,0.0,0.0,0.24927295388450357,4.7922725384295815,15.560864146240135,8.674698795180724,0.7228915662650605,4.328846153846154,2.9939363852452616,nan,nan,nan,4.3739522888459055,2.935488153257831,4.284257488846399,3.04995806634857,0.9794934205779431,0.3938,0.012184,0.0,0.0,0.0,0.0,0.0,0.0,0.0,0.0,0.0,0.0,0.3552139592854176,20.471541337764823,9.160781055255507,0.01246364769422518,0.0,0.0,0.0,0.0,0.0,0.0,0.0,0.0,0.0,0.0,0.0,0.0,0.0,0.0,0.0,0.0,nan,nan,4.328846153846154,2.9939363852452616,nan,0.394,0.05896,0.0,0.0,0.0,0.0,0.0,0.0,0.0,0.0,0.0,0.0,0.0,0.0,0.0,0.0,0.0,0.0,2.077274615704196e-05,1.038637307852098e-05,0.0006751142501038637,3.115911923556294e-05,0.0001038637307852098,0.0,0.0005816368923971749,0.003697548815953469,0.01525758205234732,0.005754050685500623,0.0017137515579559617,0.0011528874117158288,0.008298712089738263,0.017324470294972995,0.01980681346073951,0.011746987951807229,0.0245533859576236,0.021157041960947236,0.0591088491898629,0.055141254673867886,0.07255920232654757,0.07207104279185708,0.06691940174491068,0.05902575820523473,0.07974657249688409,0.05923348566680515,0.05959700872455338,0.03954092230992937,0.04335272122974657,0.04324885749896136,0.0505920232654757,0.02765891150810137,0.021863315330286664,0.012744079767345243,0.017542584129621935,0.01864353967594516,0.0048400498545907765,0.0017345243041130038,0.0003739094308267553,0.00034275031159119237,2.077274615704196e-05,8.309098462816784e-05,3.115911923556294e-05,0.0012671375155795597,0.0,0.0,0.0,0.0008309098462816784,0.0,0.0,0.0,0.0,0.0,0.0,0.0,0.0,0.0,0.0,0.0,0.0,0.0,0.0,0.0,0.0,0.0,0.0,0.0,0.0,0.0,0.0,0.0,0.0,0.0,0.0,0.0,0.0,0.0,0.0,0.0,0.0,0.0,0.0,0.0,0.0,0.0,nan,nan,4.328846153846154,2.9939363852452616,nan,0.9221707156485075,0.022695893472526183,0.0,0.0,0.0,0.0,0.0,0.0,0.0,0.0,0.0,0.0,0.0,0.0,0.0,0.0,0.0,0.0,0.0,0.0,0.0,0.0,0.0,0.0,0.0,0.0,0.0,0.16997167138810204,4.710643464184542,15.855928773775803,8.4985835694051,0.7648725212464591,0.9218873245767991,0.023329192592893098,0.0,0.0,0.0,0.0,0.0,0.0,0.0,0.0,0.0,0.0,0.0,0.0,0.0,0.0,0.0,0.0,0.0,0.0,0.0,0.0,0.0,0.0,0.0,0.0,0.0,0.3329065300896288,4.878361075544175,15.249679897567225,8.86043533930858,0.6786171574903971,0.3938,0.01232,0.0,0.0,0.0,0.0,0.0,0.0,0.0,0.0,0.0,0.0,0.35208417644678275,20.457304734925103,9.178470254957508,0.012140833670578716,0.0,0.0,0.0,0.0,0.0,0.0,0.0,0.0,0.0,0.0,0.0,0.0,0.0,0.0,0.0,0.0,0.394,0.01204,0.0,0.0,0.0,0.0,0.0,0.0,0.0,0.0,0.0,0.0,0.35851472471190793,20.486555697823274,9.14212548015365,0.012804097311139568,0.0,0.0,0.0,0.0,0.0,0.0,0.0,0.0,0.0,0.0,0.0,0.0,0.0,0.0,0.0,0.0
42300,4753,2402,0.5053650326109825,1151,992,0.45087313275825797,1336,0.56217126025668,0.4080000000000001,2.875797532964696,3.059576654787194,6.527439024390244,2.151115031891209,9485.329055333474,1614.9070263768283,7853.0,11083.0,11083.0,0.0,7853.0,0.0,27.95834209972649,20.90737667119296,33.030432595573444,19.093683297498544,0.1447506837786661,0.0976225541763097,0.09067957079739113,0.0858405217757206,0.07616242373237955,0.07973911213970124,0.06774668630338733,0.062066063538817585,0.05933094887439512,0.05322953923837576,0.050073637702503684,0.039764359351988215,0.02819272038712392,0.02924468756574795,0.01914580265095729,0.009888491479065854,0.006522196507468967,0.9211947255929144,0.022944327564439294,0.0,0.0,0.0,0.0,0.0,0.0,0.0,0.0,0.0,0.0,0.0,0.0,0.0,0.0,0.0,0.0,0.0,0.0,0.0,0.0,0.0,0.0,0.0,0.0,0.006311803071744163,0.27771933515674313,5.0936250788975395,15.741636860929942,8.192720387123924,0.6879865348201138,4.28334417696812,2.8935914665171887,nan,nan,nan,4.2347715736040605,2.9040421808972607,4.333333333333333,2.8823127110429207,1.0232743981620218,0.3938,0.01231,0.0,0.0,0.0,0.0,0.0,0.0,0.0,0.0,0.0,0.0,0.40395539659162644,20.349253103303145,9.227856090889965,0.01893540921523249,0.0,0.0,0.0,0.0,0.0,0.0,0.0,0.0,0.0,0.0,0.0,0.0,0.0,0.0,0.0,0.0,nan,nan,4.28334417696812,2.8935914665171887,nan,0.3938,0.05893,0.0,0.0,0.0,0.0,0.0,0.0,0.0,0.0,0.0,0.0,0.0,0.0,0.0,0.0,0.0,0.0,0.0,0.0,0.0005996212918156954,0.0,0.00011571638964864296,0.0,0.0006101409636019357,0.0035872080791079317,0.01600042078687145,0.0053965916263412584,0.001914580265095729,0.000662739322533137,0.008804965285083106,0.01564275194613928,0.02078687144961077,0.012739322533136966,0.024794866400168314,0.018819692825583843,0.06028823900694298,0.05629076372817168,0.07424784346728382,0.07106038291605302,0.06900904691773617,0.060109404586576896,0.0780559646539028,0.05970965705869977,0.058794445613296865,0.0369135282979171,0.04303597727750894,0.04213128550389228,0.050557542604670734,0.027256469598148536,0.02232274353040185,0.013654533978539869,0.01755733221123501,0.018556701030927835,0.005891016200294551,0.001840942562592047,0.00021039343572480537,0.00014727540500736376,0.0,0.00026299179465600676,2.1039343572480537e-05,0.0009993688196928256,0.0,0.0,0.0,0.0005154639175257732,8.415737428992215e-05,0.0,0.0,0.0,0.0,0.0,0.0,0.0,0.0,0.0,0.0,0.0,0.0,0.0,0.0,0.0,0.0,0.0,0.0,0.0,0.0,0.0,0.0,0.0,0.0,0.0,0.0,0.0,0.0,0.0,0.0,0.0,0.0,0.0,0.0,0.0,0.0,nan,nan,4.28334417696812,2.8935914665171887,nan,0.9206159216577465,0.022671151321041944,0.0,0.0,0.0,0.0,0.0,0.0,0.0,0.0,0.0,0.0,0.0,0.0,0.0,0.0,0.0,0.0,0.0,0.0,0.0,0.0,0.0,0.0,0.0,0.0,0.012489592006661119,0.3122398001665279,5.0707743547044135,16.024146544546216,7.980849292256455,0.5995004163197336,0.9217860854620226,0.023205205477035952,0.0,0.0,0.0,0.0,0.0,0.0,0.0,0.0,0.0,0.0,0.0,0.0,0.0,0.0,0.0,0.0,0.0,0.0,0.0,0.0,0.0,0.0,0.0,0.0,0.0,0.24245002126754578,5.116971501488729,15.45299872394726,8.409187579753299,0.7783921735431734,0.3938,0.01245,0.0,0.0,0.0,0.0,0.0,0.0,0.0,0.0,0.0,0.0,0.44962531223980023,20.283097418817622,9.229808492922565,0.03746877601998335,0.0,0.0,0.0,0.0,0.0,0.0,0.0,0.0,0.0,0.0,0.0,0.0,0.0,0.0,0.0,0.0,0.3938,0.01216,0.0,0.0,0.0,0.0,0.0,0.0,0.0,0.0,0.0,0.0,0.35729476818375167,20.416843896214345,9.225861335601873,0.0,0.0,0.0,0.0,0.0,0.0,0.0,0.0,0.0,0.0,0.0,0.0,0.0,0.0,0.0,0.0,0.0
42400,4779,2478,0.5185185185185185,1155,954,0.44130571249215317,1349,0.5645532538187905,0.4000000000000001,2.9813124728378964,3.0854973626528786,6.505109489051095,2.1022171531064693,9527.814814814816,1613.8919381199812,7853.0,11083.0,11083.0,0.0,7853.0,0.0,28.470391295250053,21.230017796825845,33.19926017262639,19.570826811644242,0.13287298598033062,0.0996024272860431,0.09458045616237706,0.09018623142916929,0.0801422891818372,0.07281858129315756,0.07030759573132454,0.057961916718978865,0.059008160703075956,0.05356769198577108,0.04373299853525842,0.03912952500523122,0.03620004184975936,0.02929483155471856,0.017995396526469972,0.015065913370998116,0.007532956685499058,0.920631649018232,0.02280003325714774,0.0,0.0,0.0,0.0,0.0,0.0,0.0,0.0,0.0,0.0,0.0,0.0,0.0,0.0,0.0,0.0,0.0,0.0,0.0,0.0,0.0,0.0,0.0,0.0,0.0,0.2762084118016322,5.141242937853108,16.139359698681737,7.796610169491527,0.6465787821720027,4.261304909560724,2.9045765105226224,nan,nan,nan,4.352221506761108,2.8854872374393583,4.169799092676604,2.920807494696459,0.9580852183646643,0.394,0.01238,0.0,0.0,0.0,0.0,0.0,0.0,0.0,0.0,0.0,0.0,0.3452605147520403,20.652856246076556,8.989328311362211,0.0125549278091651,0.0,0.0,0.0,0.0,0.0,0.0,0.0,0.0,0.0,0.0,0.0,0.0,0.0,0.0,0.0,0.0,nan,nan,4.261304909560724,2.9045765105226224,nan,0.394,0.05908,0.0,0.0,0.0,0.0,0.0,0.0,0.0,0.0,0.0,0.0,0.0,0.0,0.0,0.0,0.0,0.0,0.0,0.0,0.0005440468717304876,0.0,0.0,7.32370788867964e-05,0.0005545093115714584,0.0037246285833856456,0.015913370998116762,0.0054300062774639045,0.0020087884494664155,0.0007846829880728185,0.007961916718978865,0.016070307595731324,0.020286670851642603,0.012450303410755387,0.02459719606612262,0.019240426867545513,0.06166562042268257,0.054572086210504286,0.07481690730278301,0.07237915881983678,0.071584013391923,0.05984515589035363,0.07396944967566436,0.05720862105042896,0.05855827578991421,0.035519983260096255,0.045563925507428334,0.043429587779870264,0.052228499686126806,0.027537141661435446,0.022107135383971542,0.013684871311989956,0.014783427495291901,0.018518518518518517,0.007700355722954593,0.0023645114040594267,3.138731952291274e-05,0.00019878635697844738,0.0,0.0001464741577735928,0.00018832391713747646,0.0010357815442561206,0.0,0.0,0.0,0.000491734672525633,0.0002301736765013601,0.0,0.0,0.0,0.0,0.0,0.0,0.0,0.0,0.0,0.0,0.0,0.0,0.0,0.0,0.0,0.0,0.0,0.0,0.0,0.0,0.0,0.0,0.0,0.0,0.0,0.0,0.0,0.0,0.0,0.0,0.0,0.0,0.0,0.0,0.0,0.0,nan,nan,4.261304909560724,2.9045765105226224,nan,0.9205468255151559,0.02241077534845726,0.0,0.0,0.0,0.0,0.0,0.0,0.0,0.0,0.0,0.0,0.0,0.0,0.0,0.0,0.0,0.0,0.0,0.0,0.0,0.0,0.0,0.0,0.0,0.0,0.0,0.2784503631961259,4.8789346246973375,16.658595641646492,7.615012106537532,0.5690072639225182,0.92072299740616,0.02321158830764487,0.0,0.0,0.0,0.0,0.0,0.0,0.0,0.0,0.0,0.0,0.0,0.0,0.0,0.0,0.0,0.0,0.0,0.0,0.0,0.0,0.0,0.0,0.0,0.0,0.0,0.273794002607562,5.423728813559324,15.580182529335074,7.992177314211214,0.7301173402868321,0.3943,0.01241,0.0,0.0,0.0,0.0,0.0,0.0,0.0,0.0,0.0,0.0,0.2663438256658596,20.411622276029025,9.297820823244553,0.024213075060532694,0.0,0.0,0.0,0.0,0.0,0.0,0.0,0.0,0.0,0.0,0.0,0.0,0.0,0.0,0.0,0.0,0.3936,0.012344,0.0,0.0,0.0,0.0,0.0,0.0,0.0,0.0,0.0,0.0,0.4302477183833117,20.91264667535851,8.65710560625815,0.0,0.0,0.0,0.0,0.0,0.0,0.0,0.0,0.0,0.0,0.0,0.0,0.0,0.0,0.0,0.0,0.0
42500,4762,2395,0.502939941201176,1111,1001,0.4435111297774045,1387,0.5825283494330113,0.39200000000000007,2.9357836924376848,3.030770175809522,6.451807228915663,2.072648119652622,9477.496010079798,1614.9720820474156,7853.0,11083.0,11083.0,0.0,7853.0,0.0,28.31457370852583,20.948792432135193,32.99975265891665,19.26003758240496,0.13250734985300294,0.0997480050398992,0.09491810163796724,0.08168836623267535,0.08126837463250736,0.08105837883242335,0.07160856782864343,0.06551868962620748,0.05480890382192356,0.05333893322133557,0.04325913481730365,0.040109197816043676,0.03380932381352373,0.029189416211675766,0.019739605207895843,0.010499790004199917,0.006929861402771945,0.9201321403727918,0.022897650319588264,0.0,0.0,0.0,0.0,0.0,0.0,0.0,0.0,0.0,0.0,0.0,0.0,0.0,0.0,0.0,0.0,0.0,0.0,0.0,0.0,0.0,0.0,0.0,0.0,0.018899622007559853,0.2960940781184377,5.304493910121799,15.944981100377996,7.868542629147418,0.5669886602267955,4.298381877022654,2.821375408196464,nan,nan,nan,4.265412070084361,2.804516435261033,4.331181407359587,2.8376678630950516,1.0154192223856875,0.3938,0.01257,0.0,0.0,0.0,0.0,0.0,0.0,0.0,0.0,0.0,0.0,0.47879042419151624,20.19739605207893,9.304913901721967,0.018899622007559853,0.0,0.0,0.0,0.0,0.0,0.0,0.0,0.0,0.0,0.0,0.0,0.0,0.0,0.0,0.0,0.0,nan,nan,4.298381877022654,2.821375408196464,nan,0.3938,0.059,0.0,0.0,0.0,0.0,0.0,0.0,0.0,0.0,0.0,0.0,0.0,0.0,0.0,0.0,0.0,0.0,0.0,0.0,0.0003464930701385972,0.0,0.00011549769004619908,4.1999160016799665e-05,0.000503989920201596,0.0029399412011759767,0.015886182276354473,0.006478370432591348,0.001879462410751785,0.0007559848803023939,0.009250314993700126,0.015613187736245275,0.020233095338093237,0.013208735825283494,0.02367702645947081,0.020600587988240236,0.06064678706425872,0.05475640487190256,0.07350902981940362,0.07377152456950861,0.07171356572868542,0.05856782864342713,0.07550398992020159,0.054262914741705165,0.05742335153296934,0.039027719445611085,0.043910121797564046,0.044718605627887445,0.05381142377152457,0.027981940361192777,0.02239605207895842,0.011738765224695507,0.012704745905081898,0.019372112557748844,0.007853842923141537,0.0024779504409911802,2.0999580008399833e-05,8.399832003359933e-05,5.249895002099958e-05,2.0999580008399833e-05,0.0006089878202435951,0.000881982360352793,0.0,0.0,0.0,0.0005669886602267955,8.399832003359933e-05,0.0,0.0,0.0,0.0,0.0,0.0,0.0,0.0,0.0,0.0,0.0,0.0,0.0,0.0,0.0,0.0,0.0,0.0,0.0,0.0,0.0,0.0,0.0,0.0,0.0,0.0,0.0,0.0,0.0,0.0,0.0,0.0,0.0,0.0,0.0,0.0,nan,nan,4.298381877022654,2.821375408196464,nan,0.9200076079816559,0.023074671683362517,0.0,0.0,0.0,0.0,0.0,0.0,0.0,0.0,0.0,0.0,0.0,0.0,0.0,0.0,0.0,0.0,0.0,0.0,0.0,0.0,0.0,0.0,0.0,0.0,0.02505219206680585,0.3507306889352819,5.386221294363258,15.670146137787059,8.041753653444678,0.5260960334029229,0.9202581458974096,0.022716436117307195,0.0,0.0,0.0,0.0,0.0,0.0,0.0,0.0,0.0,0.0,0.0,0.0,0.0,0.0,0.0,0.0,0.0,0.0,0.0,0.0,0.0,0.0,0.0,0.0,0.012674271229404312,0.24081115335868192,5.221799746514577,16.223067173637517,7.6932826362484175,0.6083650190114069,0.3938,0.01279,0.0,0.0,0.0,0.0,0.0,0.0,0.0,0.0,0.0,0.0,0.501043841336117,19.96659707724423,9.532359081419626,0.0,0.0,0.0,0.0,0.0,0.0,0.0,0.0,0.0,0.0,0.0,0.0,0.0,0.0,0.0,0.0,0.0,0.3938,0.01236,0.0,0.0,0.0,0.0,0.0,0.0,0.0,0.0,0.0,0.0,0.4562737642585552,20.430925221799715,9.074778200253487,0.038022813688212934,0.0,0.0,0.0,0.0,0.0,0.0,0.0,0.0,0.0,0.0,0.0,0.0,0.0,0.0,0.0,0.0
42600,4689,2417,0.5154617189166133,1170,939,0.44977607165706973,1297,0.5532096395820004,0.4160000000000001,2.881161971830986,3.0684613388227056,6.496774193548387,2.154138383395528,9517.94135210066,1614.2276361623717,7853.0,11083.0,11083.0,0.0,7853.0,0.0,27.703561526978035,20.721306994439196,32.7881962187021,18.903497327406974,0.14310087438686286,0.10151418212838559,0.09063766261462998,0.08466624013648966,0.07784175730432928,0.08104073363190446,0.0708040093836639,0.061420345489443376,0.0563019833653231,0.0526764768607379,0.05224994668372787,0.03689486031136703,0.031136702921731714,0.02964384730219663,0.015141821283855833,0.009596928982725527,0.0053316272126252935,0.9201966643358859,0.022485746874568262,0.0,0.0,0.0,0.0,0.0,0.0,0.0,0.0,0.0,0.0,0.0,0.0,0.0,0.0,0.0,0.0,0.0,0.0,0.0,0.0,0.0,0.0,0.0,0.0,0.0,0.3134996801023673,5.220729366602688,16.180422264875244,7.747920665387078,0.5374280230326297,4.184340931615461,2.9041019802879364,nan,nan,nan,4.084645669291339,2.935670825324209,4.284287616511318,2.8688149689488553,1.0488761971989156,0.394,0.01234,0.0,0.0,0.0,0.0,0.0,0.0,0.0,0.0,0.0,0.0,0.3710812539987205,19.98720409468967,9.62891874600128,0.012795905310300707,0.0,0.0,0.0,0.0,0.0,0.0,0.0,0.0,0.0,0.0,0.0,0.0,0.0,0.0,0.0,0.0,nan,nan,4.184340931615461,2.9041019802879364,nan,0.394,0.05908,0.0,0.0,0.0,0.0,0.0,0.0,0.0,0.0,0.0,0.0,0.0,0.0,0.0,0.0,0.0,0.0,0.0,0.0,0.0005224994668372787,0.0,0.00011729579867775645,0.00020260183407976113,0.000799744081893794,0.0031349968010236724,0.015131158029430582,0.005800810407336319,0.002249946683727874,0.000799744081893794,0.007389635316698656,0.01618682021753039,0.020612070804009383,0.01419279164000853,0.022659415653657495,0.020409468969929623,0.0599914693964598,0.05243122200895713,0.0754211985497974,0.07473875026658136,0.07203028364256771,0.05580081040733632,0.07940925570484111,0.0527191298784389,0.058637236084452975,0.04068031563233099,0.04399658775858392,0.041309447643420774,0.052207293666026874,0.02802303262955854,0.023960332693538068,0.012689272766048199,0.013712945190872254,0.01999360204734485,0.006739176796758371,0.0025165280443591384,1.0663254425250586e-05,0.00042653017701002344,3.198976327575176e-05,3.198976327575176e-05,0.00043719343143527406,0.0010449989336745575,0.0,0.0,0.0,0.000799744081893794,0.0,0.0,0.0,0.0,0.0,0.0,0.0,0.0,0.0,0.0,0.0,0.0,0.0,0.0,0.0,0.0,0.0,0.0,0.0,0.0,0.0,0.0,0.0,0.0,0.0,0.0,0.0,0.0,0.0,0.0,0.0,0.0,0.0,0.0,0.0,0.0,0.0,nan,nan,4.184340931615461,2.9041019802879364,nan,0.9205101722027578,0.022833257104747075,0.0,0.0,0.0,0.0,0.0,0.0,0.0,0.0,0.0,0.0,0.0,0.0,0.0,0.0,0.0,0.0,0.0,0.0,0.0,0.0,0.0,0.0,0.0,0.0,0.0,0.31030202730657847,5.213074058750519,15.93711212246587,7.968556061232935,0.5709557302441044,0.919863148264482,0.022105182784434872,0.0,0.0,0.0,0.0,0.0,0.0,0.0,0.0,0.0,0.0,0.0,0.0,0.0,0.0,0.0,0.0,0.0,0.0,0.0,0.0,0.0,0.0,0.0,0.0,0.0,0.3169014084507043,5.228873239436621,16.439260563380284,7.513204225352114,0.5017605633802817,0.394,0.012054,0.0,0.0,0.0,0.0,0.0,0.0,0.0,0.0,0.0,0.0,0.31030202730657847,20.330988829126987,9.346297062474143,0.012412081092263138,0.0,0.0,0.0,0.0,0.0,0.0,0.0,0.0,0.0,0.0,0.0,0.0,0.0,0.0,0.0,0.0,0.3943,0.012634,0.0,0.0,0.0,0.0,0.0,0.0,0.0,0.0,0.0,0.0,0.4357394366197184,19.621478873239408,9.929577464788734,0.01320422535211268,0.0,0.0,0.0,0.0,0.0,0.0,0.0,0.0,0.0,0.0,0.0,0.0,0.0,0.0,0.0,0.0
42700,4714,2474,0.5248196860415782,1200,938,0.45354263894781505,1313,0.5570640644887569,0.4280000000000001,3.0196428571428573,3.155291453758791,6.609034267912772,2.1475435511583134,9548.167585914298,1613.009038464656,7853.0,11083.0,11083.0,0.0,7853.0,0.0,28.08527789563004,20.9400710550973,33.019424823410695,19.178995828800833,0.13767501060670342,0.1003394145099703,0.08994484514212983,0.09355112431056428,0.07891387356809504,0.0714891811624947,0.06745863385659737,0.05918540517607128,0.06533729316928298,0.05515485787017395,0.0415782774713619,0.040941875265167585,0.03606279168434451,0.027789563003818414,0.01951633432329232,0.008273228680526093,0.0067882901994060245,0.9198513649053173,0.02292673271292793,0.0,0.0,0.0,0.0,0.0,0.0,0.0,0.0,0.0,0.0,0.0,0.0,0.0,0.0,0.0,0.0,0.0,0.0,0.0,0.0,0.0,0.0,0.0,0.0,0.0,0.24183283835383967,5.695799745439119,15.566397963512943,7.897751378871448,0.598218073822656,4.297007156798959,3.0020505064505403,nan,nan,nan,4.274789371354505,3.0213636930178587,4.31939908556499,2.9822919402626233,1.010435535025285,0.3936,0.012375,0.0,0.0,0.0,0.0,0.0,0.0,0.0,0.0,0.0,0.0,0.3245651251591006,20.778532032244346,8.896902842596523,0.0,0.0,0.0,0.0,0.0,0.0,0.0,0.0,0.0,0.0,0.0,0.0,0.0,0.0,0.0,0.0,0.0,nan,nan,4.297007156798959,3.0020505064505403,nan,0.3936,0.05923,0.0,0.0,0.0,0.0,0.0,0.0,0.0,0.0,0.0,0.0,0.0,0.0,0.0,0.0,0.0,0.0,0.0,0.0,0.0006894357233771744,0.0,0.00013788714467543488,0.0001591005515485787,0.0012728044123886295,0.002683495969452694,0.0158994484514213,0.005186677980483665,0.002322868052609249,0.0010818837505303352,0.006544336020364871,0.016482817140432753,0.020863385659736954,0.014382689859991514,0.025180313958421723,0.020258803563852356,0.058570216376750105,0.05149554518455664,0.07844717861688587,0.07537123462028002,0.07394993635977938,0.05390326686465846,0.08155494272380144,0.05372295290623674,0.058082308018667796,0.04057064064488757,0.04233135341535851,0.04190708527789563,0.04611794654221468,0.027100127280441238,0.02476665252439542,0.013396266440390327,0.012017394993635978,0.021754348748408994,0.006353415358506576,0.0025350021213406872,1.0606703436571914e-05,0.0003075943996605855,0.0,0.0,0.00021213406873143826,0.001230377598642342,0.0,0.0,0.0,0.0011455239711497666,0.0,0.0,0.0,0.0,0.0,0.0,0.0,0.0,0.0,0.0,0.0,0.0,0.0,0.0,0.0,0.0,0.0,0.0,0.0,0.0,0.0,0.0,0.0,0.0,0.0,0.0,0.0,0.0,0.0,0.0,0.0,0.0,0.0,0.0,0.0,0.0,0.0,nan,nan,4.297007156798959,3.0020505064505403,nan,0.9202664184685956,0.02312611750689133,0.0,0.0,0.0,0.0,0.0,0.0,0.0,0.0,0.0,0.0,0.0,0.0,0.0,0.0,0.0,0.0,0.0,0.0,0.0,0.0,0.0,0.0,0.0,0.0,0.0,0.29102667744543254,5.541632983023446,15.388035569927247,8.209377526273244,0.5699272433306387,0.9193929530680179,0.02269566504905781,0.0,0.0,0.0,0.0,0.0,0.0,0.0,0.0,0.0,0.0,0.0,0.0,0.0,0.0,0.0,0.0,0.0,0.0,0.0,0.0,0.0,0.0,0.0,0.0,0.0,0.18750000000000006,5.866071428571431,15.763392857142861,7.553571428571431,0.6294642857142858,0.3936,0.01244,0.0,0.0,0.0,0.0,0.0,0.0,0.0,0.0,0.0,0.0,0.3880355699272434,20.578011317704092,9.033953112368636,0.0,0.0,0.0,0.0,0.0,0.0,0.0,0.0,0.0,0.0,0.0,0.0,0.0,0.0,0.0,0.0,0.0,0.3936,0.0123,0.0,0.0,0.0,0.0,0.0,0.0,0.0,0.0,0.0,0.0,0.25446428571428575,20.99999999999997,8.745535714285715,0.0,0.0,0.0,0.0,0.0,0.0,0.0,0.0,0.0,0.0,0.0,0.0,0.0,0.0,0.0,0.0,0.0
42800,4775,2513,0.526282722513089,1192,939,0.446282722513089,1310,0.5486910994764398,0.4160000000000001,2.9973474801061006,3.1099782427844533,6.621283255086072,2.1661612078272263,9552.893193717278,1612.7672323247643,7853.0,11083.0,11083.0,0.0,7853.0,0.0,27.74303664921466,20.775316132667378,32.586713112714605,19.079413474528707,0.1373821989528796,0.10554973821989529,0.09654450261780105,0.08104712041884816,0.08376963350785341,0.07225130890052356,0.0712041884816754,0.06324607329842932,0.05884816753926701,0.054869109947643976,0.04628272251308901,0.0356020942408377,0.028481675392670158,0.02931937172774869,0.020942408376963352,0.009633507853403141,0.005026178010471204,0.9197781222153708,0.022846075439448558,0.0,0.0,0.0,0.0,0.0,0.0,0.0,0.0,0.0,0.0,0.0,0.0,0.0,0.0,0.0,0.0,0.0,0.0,0.0,0.0,0.0,0.0,0.0,0.0,0.0,0.25130890052356025,5.591623036649216,16.07120418848168,7.482722513089007,0.6031413612565446,4.278672362799869,2.898076114382396,nan,nan,nan,4.278902677988243,2.8943861693832984,4.278623428193249,2.902758853020572,0.9999347379886834,0.393,0.01279,0.0,0.0,0.0,0.0,0.0,0.0,0.0,0.0,0.0,0.0,0.6408376963350786,20.51308900523557,8.820942408376965,0.025130890052356025,0.0,0.0,0.0,0.0,0.0,0.0,0.0,0.0,0.0,0.0,0.0,0.0,0.0,0.0,0.0,0.0,nan,nan,4.278672362799869,2.898076114382396,nan,0.393,0.05933,0.0,0.0,0.0,0.0,0.0,0.0,0.0,0.0,0.0,0.0,0.0,0.0,0.0,0.0,0.0,0.0,0.0,0.0,0.0009528795811518325,0.0,7.329842931937172e-05,8.37696335078534e-05,0.0008691099476439791,0.0025968586387434553,0.017151832460732985,0.005539267015706806,0.0017801047120418849,0.001099476439790576,0.005926701570680628,0.01824083769633508,0.021078534031413614,0.01443979057591623,0.025151832460732985,0.019539267015706806,0.05868062827225131,0.05001047120418848,0.08255497382198954,0.0749738219895288,0.07475392670157067,0.053706806282722515,0.08254450261780105,0.05478534031413613,0.05481675392670157,0.04005235602094241,0.040387434554973824,0.04225130890052356,0.04706806282722513,0.026743455497382197,0.02329842931937173,0.012565445026178011,0.01280628272251309,0.021340314136125655,0.006931937172774869,0.002544502617801047,1.0471204188481675e-05,0.00014659685863874344,2.094240837696335e-05,8.37696335078534e-05,0.00012565445026178012,0.0013089005235602095,0.0,0.0,0.0,0.0009633507853403141,0.0,0.0,0.0,0.0,0.0,0.0,0.0,0.0,0.0,0.0,0.0,0.0,0.0,0.0,0.0,0.0,0.0,0.0,0.0,0.0,0.0,0.0,0.0,0.0,0.0,0.0,0.0,0.0,0.0,0.0,0.0,0.0,0.0,0.0,0.0,0.0,0.0,nan,nan,4.278672362799869,2.898076114382396,nan,0.9199579485706537,0.02239264761721276,0.0,0.0,0.0,0.0,0.0,0.0,0.0,0.0,0.0,0.0,0.0,0.0,0.0,0.0,0.0,0.0,0.0,0.0,0.0,0.0,0.0,0.0,0.0,0.0,0.0,0.16713091922005577,5.443692797453244,16.259450855551137,7.544767210505373,0.584958217270195,0.9195783416535557,0.023337865455039998,0.0,0.0,0.0,0.0,0.0,0.0,0.0,0.0,0.0,0.0,0.0,0.0,0.0,0.0,0.0,0.0,0.0,0.0,0.0,0.0,0.0,0.0,0.0,0.0,0.0,0.34482758620689663,5.755968169761275,15.862068965517244,7.413793103448278,0.6233421750663131,0.3928,0.012665,0.0,0.0,0.0,0.0,0.0,0.0,0.0,0.0,0.0,0.0,0.6327099084759253,20.628730600875418,8.726621567847197,0.011937922801432554,0.0,0.0,0.0,0.0,0.0,0.0,0.0,0.0,0.0,0.0,0.0,0.0,0.0,0.0,0.0,0.0,0.393,0.01292,0.0,0.0,0.0,0.0,0.0,0.0,0.0,0.0,0.0,0.0,0.6498673740053051,20.384615384615355,8.925729442970823,0.03978779840848807,0.0,0.0,0.0,0.0,0.0,0.0,0.0,0.0,0.0,0.0,0.0,0.0,0.0,0.0,0.0,0.0
42900,4754,2492,0.5241901556583929,1232,918,0.45225073622212875,1301,0.5473285654185949,0.4080000000000001,3.02210433244916,3.101929947670534,6.667170953101362,2.063580019223198,9546.13420277661,1613.108814171091,7853.0,11083.0,11083.0,0.0,7853.0,0.0,28.106436684896927,20.78146272277468,32.99325505870597,19.003272381375417,0.1377787126630206,0.09949516196886832,0.09150189314261674,0.08645351283129996,0.07740849810685739,0.07530500631047539,0.07488430795119899,0.061421960454354226,0.06289440471182163,0.049221708035338665,0.05006310475389146,0.04101809002944889,0.03134202776609171,0.027135044173327724,0.01851072780816155,0.010096760622633571,0.005469078670593185,0.9194116808684072,0.022768116225526186,0.0,0.0,0.0,0.0,0.0,0.0,0.0,0.0,0.0,0.0,0.0,0.0,0.0,0.0,0.0,0.0,0.0,0.0,0.0,0.0,0.0,0.0,0.0,0.0,0.006310475389145984,0.2587294909549853,5.509045014724444,16.23054270088347,7.3895666806899465,0.6058056373580144,4.219315245478036,2.916145299377285,nan,nan,nan,4.179935275080906,2.9169716523144604,4.258542875564152,2.9147930030691147,1.01880593724785,0.3933,0.01236,0.0,0.0,0.0,0.0,0.0,0.0,0.0,0.0,0.0,0.0,0.49221708035338674,20.534286916280998,8.973496003365588,0.0,0.0,0.0,0.0,0.0,0.0,0.0,0.0,0.0,0.0,0.0,0.0,0.0,0.0,0.0,0.0,0.0,nan,nan,4.219315245478036,2.916145299377285,nan,0.3933,0.05917,0.0,0.0,0.0,0.0,0.0,0.0,0.0,0.0,0.0,0.0,0.0,0.0,0.0,0.0,0.0,0.0,0.0,0.0,0.0013672696676482962,0.0,5.2587294909549855e-05,0.00012620950778291965,0.0009465713083718974,0.0027450567942785024,0.015565839293226757,0.005237694572991165,0.0015671013883045855,0.0009886411442995373,0.0064156499789650824,0.01804795961295751,0.020351283129995793,0.01437736642827093,0.026251577618847288,0.019373159444678167,0.05820361800588978,0.04787547328565418,0.084697097181321,0.0740534286916281,0.0747791333613799,0.05320782498948254,0.08345603702145561,0.05704669751787968,0.05385990744636096,0.040944467816575514,0.041480858224652924,0.03992427429533025,0.04812789230122003,0.02800799326882625,0.022486327303323516,0.012568363483382415,0.012557846024400505,0.02102440050483803,0.006762726125368111,0.0026398822044594026,5.2587294909549855e-05,0.00014724442574673958,3.155237694572991e-05,6.310475389145982e-05,0.00014724442574673958,0.0012831299957930164,0.0,0.0,0.0,0.0011569204880100968,0.0,0.0,0.0,0.0,0.0,0.0,0.0,0.0,0.0,0.0,0.0,0.0,0.0,0.0,0.0,0.0,0.0,0.0,0.0,0.0,0.0,0.0,0.0,0.0,0.0,0.0,0.0,0.0,0.0,0.0,0.0,0.0,0.0,0.0,0.0,0.0,0.0,nan,nan,4.219315245478036,2.916145299377285,nan,0.9192550967105128,0.022625462237103936,0.0,0.0,0.0,0.0,0.0,0.0,0.0,0.0,0.0,0.0,0.0,0.0,0.0,0.0,0.0,0.0,0.0,0.0,0.0,0.0,0.0,0.0,0.0,0.0,0.0,0.21669341894061,5.5858747993579465,16.38443017656501,7.162921348314608,0.65008025682183,0.9195841864924005,0.02292300934971186,0.0,0.0,0.0,0.0,0.0,0.0,0.0,0.0,0.0,0.0,0.0,0.0,0.0,0.0,0.0,0.0,0.0,0.0,0.0,0.0,0.0,0.0,0.0,0.0,0.013262599469496024,0.3050397877984085,5.424403183023873,16.061007957559685,7.63925729442971,0.557029177718833,0.3936,0.01263,0.0,0.0,0.0,0.0,0.0,0.0,0.0,0.0,0.0,0.0,0.469502407704655,20.333065810593872,9.197431781701447,0.0,0.0,0.0,0.0,0.0,0.0,0.0,0.0,0.0,0.0,0.0,0.0,0.0,0.0,0.0,0.0,0.0,0.393,0.012054,0.0,0.0,0.0,0.0,0.0,0.0,0.0,0.0,0.0,0.0,0.517241379310345,20.755968169761243,8.726790450928384,0.0,0.0,0.0,0.0,0.0,0.0,0.0,0.0,0.0,0.0,0.0,0.0,0.0,0.0,0.0,0.0,0.0
43000,4761,2472,0.5192186515437933,1157,989,0.45074564167191766,1353,0.5683679899180845,0.4000000000000001,2.9694189602446484,3.1021532655581607,6.618296529968454,2.203963936886983,9530.076244486452,1613.8065373118482,7853.0,11083.0,11083.0,0.0,7853.0,0.0,28.198487712665408,20.768502424225996,32.91670798215171,19.04485490192821,0.13211510186935518,0.09871875656374711,0.09472799831968073,0.08485612266330603,0.08464608275572359,0.07750472589792061,0.07078344885528251,0.06028145347616047,0.0573408947700063,0.05103969754253308,0.051249737450115525,0.042638101239235456,0.03276622558286074,0.029405587061541692,0.016593152699012813,0.00966183574879227,0.005671077504725898,0.9202746528333237,0.022943619927171102,0.0,0.0,0.0,0.0,0.0,0.0,0.0,0.0,0.0,0.0,0.0,0.0,0.0,0.0,0.0,0.0,0.0,0.0,0.0,0.0,0.0,0.0,0.0,0.0,0.0,0.29615626969124137,5.374921235034658,15.916824196597357,7.737870195337115,0.6742281033396347,4.221791141286777,2.900876222302781,nan,nan,nan,4.2072538860103625,2.8491520823556673,4.2338501291989665,2.9508622500690223,1.0063215208564047,0.393,0.012566,0.0,0.0,0.0,0.0,0.0,0.0,0.0,0.0,0.0,0.0,0.541902961562697,20.74354127284181,8.708254568367991,0.006301197227473221,0.0,0.0,0.0,0.0,0.0,0.0,0.0,0.0,0.0,0.0,0.0,0.0,0.0,0.0,0.0,0.0,nan,nan,4.221791141286777,2.900876222302781,nan,0.393,0.05957,0.0,0.0,0.0,0.0,0.0,0.0,0.0,0.0,0.0,0.0,0.0,0.0,0.0,0.0,0.0,0.0,0.0,0.0,0.0016068052930056712,0.0,4.2007981516488134e-05,5.250997689561016e-05,0.0011762234824616677,0.0023314429741650915,0.018000420079815165,0.00527200168031926,0.0013967653854232303,0.0011132115101869355,0.00630119722747322,0.01782188615837009,0.020888468809073725,0.01481831547994119,0.02462717916404117,0.020289855072463767,0.05675278302877547,0.04905482041587902,0.08423650493593783,0.07449065322411258,0.07281033396345306,0.05246796891409368,0.0831758034026465,0.05799201848351187,0.05494643982356648,0.04086326402016383,0.04164041167821886,0.03969754253308128,0.04726948120142827,0.02872295736189876,0.020982986767485824,0.01285444234404537,0.011237135055660576,0.023177903801722327,0.006752783028775467,0.002467968914093678,6.30119722747322e-05,4.2007981516488134e-05,3.15059861373661e-05,0.0,0.0001575299306868305,0.0015332913253518169,0.0,0.0,0.0,0.0008401596303297626,0.0,0.0,0.0,0.0,0.0,0.0,0.0,0.0,0.0,0.0,0.0,0.0,0.0,0.0,0.0,0.0,0.0,0.0,0.0,0.0,0.0,0.0,0.0,0.0,0.0,0.0,0.0,0.0,0.0,0.0,0.0,0.0,0.0,0.0,0.0,0.0,0.0,nan,nan,4.221791141286777,2.900876222302781,nan,0.9205842716890631,0.022796521212604837,0.0,0.0,0.0,0.0,0.0,0.0,0.0,0.0,0.0,0.0,0.0,0.0,0.0,0.0,0.0,0.0,0.0,0.0,0.0,0.0,0.0,0.0,0.0,0.0,0.0,0.32766990291262144,5.04854368932039,16.007281553398062,7.961165048543691,0.6553398058252429,0.9199402807007819,0.023096765817660573,0.0,0.0,0.0,0.0,0.0,0.0,0.0,0.0,0.0,0.0,0.0,0.0,0.0,0.0,0.0,0.0,0.0,0.0,0.0,0.0,0.0,0.0,0.0,0.0,0.0,0.26212319790301447,5.727391874180866,15.819134993446923,7.496723460026214,0.6946264744429884,0.393,0.0126,0.0,0.0,0.0,0.0,0.0,0.0,0.0,0.0,0.0,0.0,0.4611650485436894,20.67961165048541,8.859223300970875,0.0,0.0,0.0,0.0,0.0,0.0,0.0,0.0,0.0,0.0,0.0,0.0,0.0,0.0,0.0,0.0,0.0,0.3928,0.01253,0.0,0.0,0.0,0.0,0.0,0.0,0.0,0.0,0.0,0.0,0.6290956749672347,20.812581913499315,8.545216251638271,0.013106159895150724,0.0,0.0,0.0,0.0,0.0,0.0,0.0,0.0,0.0,0.0,0.0,0.0,0.0,0.0,0.0,0.0
43100,4670,2384,0.510492505353319,1149,928,0.4447537473233405,1301,0.5571734475374732,0.4120000000000001,2.9969378827646542,3.1797270777898237,6.765990639625585,2.1887881216349023,9501.89079229122,1614.644361522956,7853.0,11083.0,11083.0,0.0,7853.0,0.0,27.89507494646681,20.718861400035212,32.86137350012765,18.926147573896603,0.13747323340471093,0.1006423982869379,0.09657387580299785,0.08265524625267666,0.08372591006423982,0.07259100642398288,0.06595289079229122,0.06573875802997858,0.06188436830835118,0.054389721627408995,0.043897216274089934,0.04475374732334047,0.033190578158458245,0.02291220556745182,0.018843683083511777,0.007922912205567453,0.006852248394004282,0.9206702805305701,0.02303476136201741,0.0,0.0,0.0,0.0,0.0,0.0,0.0,0.0,0.0,0.0,0.0,0.0,0.0,0.0,0.0,0.0,0.0,0.0,0.0,0.0,0.0,0.0,0.0,0.0,0.0,0.19914346895074952,5.2740899357601725,15.899357601713065,7.895074946466811,0.7323340471092079,4.318879252835224,2.9274728366920084,nan,nan,nan,4.3102068045363575,2.933639386602839,4.327551701134089,2.921267523831502,1.0040241448692153,0.3933,0.012505,0.0,0.0,0.0,0.0,0.0,0.0,0.0,0.0,0.0,0.0,0.4561027837259102,20.646680942184123,8.877944325481801,0.019271948608137048,0.0,0.0,0.0,0.0,0.0,0.0,0.0,0.0,0.0,0.0,0.0,0.0,0.0,0.0,0.0,0.0,nan,nan,4.318879252835224,2.9274728366920084,nan,0.3933,0.0593,0.0,0.0,0.0,0.0,0.0,0.0,0.0,0.0,0.0,0.0,0.0,0.0,0.0,0.0,1.0706638115631692e-05,0.0,0.0,2.1413276231263384e-05,0.001423982869379015,0.0,8.565310492505354e-05,0.00028907922912205567,0.0009635974304068523,0.0025481798715203427,0.017419700214132763,0.005856531049250535,0.0008993576017130621,0.001284796573875803,0.005674518201284797,0.016616702355460384,0.02271948608137045,0.014036402569593149,0.02442184154175589,0.021402569593147753,0.05376873661670235,0.04593147751605996,0.08667023554603855,0.07465738758029979,0.07426124197002142,0.05256959314775161,0.08264453961456103,0.056306209850107064,0.05650963597430407,0.04487152034261242,0.04205567451820128,0.039207708779443254,0.047708779443254815,0.02836188436830835,0.02158458244111349,0.012109207708779443,0.01051391862955032,0.021895074946466808,0.007162740899357601,0.0023875802997858674,0.00013918629550321198,3.2119914346895075e-05,0.0001177730192719486,0.0,0.0002462526766595289,0.0018629550321199143,0.0,0.0,0.0,0.0007494646680942184,0.0,0.0,0.0,0.0,0.0,0.0,0.0,0.0,0.0,0.0,0.0,0.0,0.0,0.0,0.0,0.0,0.0,0.0,0.0,0.0,0.0,0.0,0.0,0.0,0.0,0.0,0.0,0.0,0.0,0.0,0.0,0.0,0.0,0.0,0.0,0.0,0.0,nan,nan,4.318879252835224,2.9274728366920084,nan,0.9209491946053185,0.02304750078130603,0.0,0.0,0.0,0.0,0.0,0.0,0.0,0.0,0.0,0.0,0.0,0.0,0.0,0.0,0.0,0.0,0.0,0.0,0.0,0.0,0.0,0.0,0.0,0.0,0.0,0.188758389261745,5.209731543624162,15.943791946308728,7.92785234899329,0.7298657718120807,0.9203794095094853,0.023017868464904695,0.0,0.0,0.0,0.0,0.0,0.0,0.0,0.0,0.0,0.0,0.0,0.0,0.0,0.0,0.0,0.0,0.0,0.0,0.0,0.0,0.0,0.0,0.0,0.0,0.0,0.20997375328083995,5.341207349081365,15.853018372703415,7.860892388451445,0.7349081364829398,0.3933,0.01249,0.0,0.0,0.0,0.0,0.0,0.0,0.0,0.0,0.0,0.0,0.41526845637583903,20.750838926174467,8.808724832214766,0.025167785234899334,0.0,0.0,0.0,0.0,0.0,0.0,0.0,0.0,0.0,0.0,0.0,0.0,0.0,0.0,0.0,0.0,0.3933,0.01252,0.0,0.0,0.0,0.0,0.0,0.0,0.0,0.0,0.0,0.0,0.4986876640419948,20.538057742782122,8.950131233595803,0.013123359580052497,0.0,0.0,0.0,0.0,0.0,0.0,0.0,0.0,0.0,0.0,0.0,0.0,0.0,0.0,0.0,0.0
43200,4591,2387,0.5199302984099324,1164,938,0.45785231975604446,1289,0.5615334349814856,0.4200000000000001,2.985480943738657,3.1135159505775367,6.527821939586645,2.132630549836087,9532.374863864083,1613.7164797146,7853.0,11083.0,11083.0,0.0,7853.0,0.0,28.265519494663472,20.987364505899922,33.325194805194805,19.13208263626864,0.142452624700501,0.09170115443258549,0.08582008277063821,0.0936615116532346,0.08473099542583315,0.07318666957089959,0.06599869309518623,0.06098889130908299,0.06382051840557612,0.05336527989544761,0.04552385101285123,0.042910041385319106,0.029840993247658463,0.028534088433892397,0.01960357220649096,0.010237421041167502,0.007623611413635374,0.9199540147696204,0.023111015461630594,0.0,0.0,0.0,0.0,0.0,0.0,0.0,0.0,0.0,0.0,0.0,0.0,0.0,0.0,0.0,0.0,0.0,0.0,0.0,0.0,0.0,0.0,0.0,0.0,0.0,0.47048573295578316,5.266826399477239,15.944238727945985,7.71727292528861,0.6011762143323895,4.205765407554672,2.884065341941818,nan,nan,nan,4.152475247524753,2.90507445163103,4.26098535286285,2.8620867283384572,1.026131427370405,0.3938,0.012505,0.0,0.0,0.0,0.0,0.0,0.0,0.0,0.0,0.0,0.0,0.49662382923110443,20.315835329993437,9.167937268568942,0.019603572206490963,0.0,0.0,0.0,0.0,0.0,0.0,0.0,0.0,0.0,0.0,0.0,0.0,0.0,0.0,0.0,0.0,nan,nan,4.205765407554672,2.884065341941818,nan,0.3938,0.0594,0.0,0.0,0.0,0.0,0.0,0.0,0.0,0.0,0.0,0.0,0.0,0.0,0.0,0.0,0.0,0.0,0.0,0.00021781746896101068,0.0017643214985841864,0.0,0.00014158135482465693,0.0005009801786103246,0.000980178610324548,0.002962317577869745,0.016401655412764105,0.005412764103681115,0.0006643432803310825,0.0013613591810063166,0.006196906991940754,0.01469178828142017,0.02125898497059464,0.014169026355913744,0.024591592245698107,0.021749074275756914,0.054595948595077326,0.048812894794162495,0.08249836636898279,0.07251143541712045,0.0733173600522762,0.05234153779133086,0.08302112829448922,0.059692877368764975,0.05779786538880418,0.0448703986059682,0.04262687867566979,0.0387061642343716,0.04748420823350033,0.02734698322805489,0.022119363972990636,0.012981921150076237,0.010705728599433674,0.02225005445436724,0.008113700718797648,0.002080156828577652,0.00011979960792855587,4.356349379220214e-05,5.445436724025267e-05,0.0,0.00015247222827270747,0.0021346111958179047,0.0,0.0,0.0,0.0005554345458505772,0.0,0.0,0.0,0.0,0.0,0.0,0.0,0.0,0.0,0.0,0.0,0.0,0.0,0.0,0.0,0.0,0.0,0.0,0.0,0.0,0.0,0.0,0.0,0.0,0.0,0.0,0.0,0.0,0.0,0.0,0.0,0.0,0.0,0.0,0.0,0.0,0.0,nan,nan,4.205765407554672,2.884065341941818,nan,0.9203861973802065,0.022930498256861685,0.0,0.0,0.0,0.0,0.0,0.0,0.0,0.0,0.0,0.0,0.0,0.0,0.0,0.0,0.0,0.0,0.0,0.0,0.0,0.0,0.0,0.0,0.0,0.0,0.0,0.3896103896103897,5.203183912861333,15.948889819857564,7.792207792207794,0.6661080854629243,0.9194859476682279,0.023295901718268158,0.0,0.0,0.0,0.0,0.0,0.0,0.0,0.0,0.0,0.0,0.0,0.0,0.0,0.0,0.0,0.0,0.0,0.0,0.0,0.0,0.0,0.0,0.0,0.0,0.0,0.5580762250453721,5.335753176043558,15.93920145190563,7.636116152450092,0.530852994555354,0.3938,0.012794,0.0,0.0,0.0,0.0,0.0,0.0,0.0,0.0,0.0,0.0,0.5027230833682448,20.372852953498086,9.09928780896523,0.02513615416841224,0.0,0.0,0.0,0.0,0.0,0.0,0.0,0.0,0.0,0.0,0.0,0.0,0.0,0.0,0.0,0.0,0.3938,0.01218,0.0,0.0,0.0,0.0,0.0,0.0,0.0,0.0,0.0,0.0,0.4900181488203268,20.254083484573474,9.242286751361164,0.013611615245009078,0.0,0.0,0.0,0.0,0.0,0.0,0.0,0.0,0.0,0.0,0.0,0.0,0.0,0.0,0.0,0.0
43300,4733,2490,0.5260933868582295,1203,928,0.45024297485738435,1324,0.5594760194379886,0.4200000000000001,3.0156041016495765,3.078874986073202,6.567441860465117,2.0430696919096127,9552.28163955208,1612.7993071781787,7853.0,11083.0,11083.0,0.0,7853.0,0.0,28.33150221846609,20.75590773996951,33.149787446861716,18.96337843740594,0.13564335516585674,0.09697866046904711,0.095710965560955,0.08218888654130573,0.07754067187830128,0.07056834988379464,0.07289245721529686,0.06676526515951828,0.058313965772237485,0.05894781322628354,0.048383688992182546,0.04605958166068033,0.03063596027889288,0.024720050707796325,0.017325163743925627,0.011831819142193112,0.005493344601732516,0.9197060383073931,0.022759509561091178,0.0,0.0,0.0,0.0,0.0,0.0,0.0,0.0,0.0,0.0,0.0,0.0,0.0,0.0,0.0,0.0,0.0,0.0,0.0,0.0,0.0,0.0,0.0,0.0,0.0,0.2788928797802663,5.552503697443483,15.985632791041626,7.574477075850414,0.6084935558842173,4.241033925686591,2.8637441002767776,nan,nan,nan,4.234111543450065,2.8560906921932236,4.249355670103093,2.871664285811626,1.003600312957416,0.3943,0.01264,0.0,0.0,0.0,0.0,0.0,0.0,0.0,0.0,0.0,0.0,0.456370166913163,19.554193957320912,9.951405028523137,0.03803084724276358,0.0,0.0,0.0,0.0,0.0,0.0,0.0,0.0,0.0,0.0,0.0,0.0,0.0,0.0,0.0,0.0,nan,nan,4.241033925686591,2.8637441002767776,nan,0.3943,0.05963,0.0,0.0,0.0,0.0,0.0,0.0,0.0,0.0,0.0,0.0,0.0,0.0,0.0,0.0,0.0,0.0,1.0564124234100992e-05,0.00023241073315022185,0.0017219522501584618,0.0,0.00028523135432072683,0.00034861609972533275,0.001436720895837735,0.003021339530952884,0.01553982674836256,0.005641242341009931,0.0005810268328755547,0.0012043101626875133,0.0067082188886541305,0.014029156982886119,0.020040143672089585,0.014346080709909148,0.024635537713923517,0.021772660046482147,0.05487006127192056,0.048996408197760404,0.08035072892457215,0.07200507077963236,0.06962814282695964,0.055672934713712235,0.08338263257975914,0.06049017536446229,0.05633847454046059,0.04347137122332559,0.04488696387069512,0.037703359391506444,0.04949292203676315,0.02849144305937038,0.022311430382421296,0.013490386646946968,0.010722586097612508,0.021529685189097824,0.008461863511514895,0.0024508768223114306,0.00025353898161842384,3.169237270230298e-05,4.225649693640397e-05,0.0,2.1128248468201985e-05,0.0025036974434819352,0.0,0.0,0.0,0.0008451299387280794,0.0,0.0,0.0,0.0,0.0,0.0,0.0,0.0,0.0,0.0,0.0,0.0,0.0,0.0,0.0,0.0,0.0,0.0,0.0,0.0,0.0,0.0,0.0,0.0,0.0,0.0,0.0,0.0,0.0,0.0,0.0,0.0,0.0,0.0,0.0,0.0,0.0,nan,nan,4.241033925686591,2.8637441002767776,nan,0.9196481109383594,0.022658882918420033,0.0,0.0,0.0,0.0,0.0,0.0,0.0,0.0,0.0,0.0,0.0,0.0,0.0,0.0,0.0,0.0,0.0,0.0,0.0,0.0,0.0,0.0,0.0,0.0,0.0,0.26506024096385544,5.650602409638556,15.975903614457835,7.506024096385544,0.6024096385542169,0.9197703446599983,0.022870526854305816,0.0,0.0,0.0,0.0,0.0,0.0,0.0,0.0,0.0,0.0,0.0,0.0,0.0,0.0,0.0,0.0,0.0,0.0,0.0,0.0,0.0,0.0,0.0,0.0,0.0,0.29424877396344185,5.443602318323674,15.996433348194385,7.650468123049489,0.6152474364690148,0.3948,0.01274,0.0,0.0,0.0,0.0,0.0,0.0,0.0,0.0,0.0,0.0,0.39759036144578325,19.409638554216837,10.132530120481931,0.0602409638554217,0.0,0.0,0.0,0.0,0.0,0.0,0.0,0.0,0.0,0.0,0.0,0.0,0.0,0.0,0.0,0.0,0.394,0.01251,0.0,0.0,0.0,0.0,0.0,0.0,0.0,0.0,0.0,0.0,0.521622826571556,19.714667855550573,9.750334373606778,0.01337494427106554,0.0,0.0,0.0,0.0,0.0,0.0,0.0,0.0,0.0,0.0,0.0,0.0,0.0,0.0,0.0,0.0
43400,4744,2480,0.5227655986509275,1142,974,0.4460370994940978,1328,0.5598650927487352,0.4160000000000001,3.0446113074204946,3.121968088067367,6.57984496124031,2.130304772931654,9541.532883642496,1613.325111384317,7853.0,11083.0,11083.0,0.0,7853.0,0.0,27.81091905564924,20.73284960590244,32.84764542936288,18.900532393978107,0.1435497470489039,0.09527824620573355,0.09211635750421585,0.08895446880269814,0.08136593591905565,0.07630691399662731,0.06745362563237774,0.06724283305227656,0.0581787521079258,0.050590219224283306,0.04131534569983136,0.04574198988195616,0.03330522765598651,0.026770657672849914,0.015598650927487353,0.01032883642495784,0.005902192242833052,0.9192839229689883,0.023164795889509048,0.0,0.0,0.0,0.0,0.0,0.0,0.0,0.0,0.0,0.0,0.0,0.0,0.0,0.0,0.0,0.0,0.0,0.0,0.0,0.0,0.0,0.0,0.0,0.0,0.0,0.41104553119730197,5.590219224283307,15.714586846543005,7.7845699831365955,0.49957841483979776,4.360983606557377,2.883165214736915,nan,nan,nan,4.3146292585170345,2.8742063025988203,4.405666452028332,2.8910713779346646,1.0210996560901706,0.394,0.01272,0.0,0.0,0.0,0.0,0.0,0.0,0.0,0.0,0.0,0.0,0.4679595278246207,19.768128161888672,9.719645868465431,0.04426644182124791,0.0,0.0,0.0,0.0,0.0,0.0,0.0,0.0,0.0,0.0,0.0,0.0,0.0,0.0,0.0,0.0,nan,nan,4.360983606557377,2.883165214736915,nan,0.394,0.05997,0.0,0.0,0.0,0.0,0.0,0.0,0.0,0.0,0.0,0.0,0.0,0.0,0.0,0.0,0.0,0.0,7.377740303541316e-05,0.00021079258010118043,0.0016336424957841484,0.0,0.00045320404721753795,0.00030564924114671166,0.0017179595278246206,0.003804806070826307,0.01596753794266442,0.006555649241146711,0.0004426644182124789,0.0010961214165261383,0.005638701517706577,0.01335370994940978,0.018570826306913996,0.016220489038785833,0.026528246205733557,0.02057335581787521,0.053636172006745364,0.04815556492411467,0.08231450252951096,0.07088954468802698,0.07016231028667791,0.05452150084317032,0.08264123102866779,0.06163575042158516,0.05706155143338954,0.04504637436762226,0.0460897976391231,0.03379005059021922,0.051127740303541315,0.029036677908937606,0.02209106239460371,0.012889966273187184,0.009812394603709949,0.020647133220910625,0.008768971332209106,0.002276559865092749,0.0006218381112984822,0.0,0.0,1.0539629005059022e-05,0.0,0.0024451939291736933,2.1079258010118044e-05,0.0,4.215851602023609e-05,0.0011172006745362563,0.0,0.0,0.0,0.0,0.0,0.0,0.0,0.0,0.0,0.0,0.0,0.0,0.0,0.0,0.0,0.0,0.0,0.0,0.0,0.0,0.0,0.0,0.0,0.0,0.0,0.0,0.0,0.0,0.0,0.0,0.0,0.0,0.0,0.0,0.0,0.0,0.0,nan,nan,4.360983606557377,2.883165214736915,nan,0.919612298088689,0.023261713631823923,0.0,0.0,0.0,0.0,0.0,0.0,0.0,0.0,0.0,0.0,0.0,0.0,0.0,0.0,0.0,0.0,0.0,0.0,0.0,0.0,0.0,0.0,0.0,0.0,0.0,0.4596774193548388,5.443548387096776,15.616935483870972,8.03225806451613,0.4475806451612904,0.9189242187742631,0.02305279647188783,0.0,0.0,0.0,0.0,0.0,0.0,0.0,0.0,0.0,0.0,0.0,0.0,0.0,0.0,0.0,0.0,0.0,0.0,0.0,0.0,0.0,0.0,0.0,0.0,0.0,0.3577738515901061,5.75088339222615,15.821554770318025,7.513250883392228,0.5565371024734983,0.394,0.01275,0.0,0.0,0.0,0.0,0.0,0.0,0.0,0.0,0.0,0.0,0.4596774193548388,19.87499999999997,9.629032258064518,0.036290322580645164,0.0,0.0,0.0,0.0,0.0,0.0,0.0,0.0,0.0,0.0,0.0,0.0,0.0,0.0,0.0,0.0,0.3943,0.01269,0.0,0.0,0.0,0.0,0.0,0.0,0.0,0.0,0.0,0.0,0.47703180212014146,19.65106007067135,9.818904593639578,0.05300353356890461,0.0,0.0,0.0,0.0,0.0,0.0,0.0,0.0,0.0,0.0,0.0,0.0,0.0,0.0,0.0,0.0
43500,4776,2444,0.5117252931323283,1121,992,0.4424204355108878,1334,0.5586264656616415,0.4400000000000001,3.0034305317324184,3.179181081362009,6.824476650563607,2.1846588353586287,9505.87269681742,1614.5558704596676,7853.0,11083.0,11083.0,0.0,7853.0,0.0,27.459798994974875,20.778445021561065,32.427427427427425,19.08671766647603,0.14154103852596314,0.10364321608040201,0.09673366834170855,0.08877721943048576,0.08249581239530988,0.06888609715242881,0.07307370184254607,0.06260469011725293,0.05422948073701842,0.049204355108877725,0.049413735343383586,0.03936348408710218,0.03391959798994975,0.021147403685092128,0.0173785594639866,0.01025963149078727,0.007328308207705193,0.9183565432102836,0.023092637764556,0.0,0.0,0.0,0.0,0.0,0.0,0.0,0.0,0.0,0.0,0.0,0.0,0.0,0.0,0.0,0.0,0.0,0.0,0.0,0.0,0.0,0.0,0.0,0.0,0.006281407035175881,0.420854271356784,5.785175879396986,16.092964824120607,7.141959798994977,0.5527638190954774,4.434380165289256,2.962310046931624,nan,nan,nan,4.506570302233903,2.9663502992537523,4.36127744510978,2.9564173292496356,0.9677597713160936,0.3948,0.01261,0.0,0.0,0.0,0.0,0.0,0.0,0.0,0.0,0.0,0.0,0.43341708542713575,19.265075376884393,10.263819095477388,0.03768844221105528,0.0,0.0,0.0,0.0,0.0,0.0,0.0,0.0,0.0,0.0,0.0,0.0,0.0,0.0,0.0,0.0,nan,nan,4.434380165289256,2.962310046931624,nan,0.3948,0.0601,0.0,0.0,0.0,0.0,0.0,0.0,0.0,0.0,0.0,0.0,0.0,0.0,0.0,0.0,0.0,0.0,0.0,0.0001989112227805695,0.00157035175879397,0.0,0.0004606365159128978,0.0003559463986599665,0.0018111390284757118,0.0032035175879396986,0.01541038525963149,0.0054857621440536014,0.00040829145728643216,0.0008270519262981574,0.004752931323283082,0.014960217755443886,0.01912688442211055,0.01487646566164154,0.027324120603015076,0.02202680067001675,0.05565326633165829,0.04722571189279732,0.08192001675041877,0.06957705192629816,0.06943048576214406,0.05097361809045226,0.08557370184254606,0.0629711055276382,0.05344430485762144,0.04472361809045226,0.0467964824120603,0.03270519262981574,0.04981155778894472,0.029899497487437185,0.02370184254606365,0.013274706867671692,0.0103643216080402,0.022414154103852595,0.009736180904522614,0.0023974036850921273,0.0010469011725293131,2.0938023450586266e-05,3.14070351758794e-05,0.0,0.0,0.0026381909547738692,0.0,0.0,8.375209380234506e-05,0.000785175879396985,0.0,0.0,0.0,0.0,0.0,0.0,0.0,0.0,0.0,0.0,0.0,0.0,0.0,0.0,0.0,0.0,0.0,0.0,0.0,0.0,0.0,0.0,0.0,0.0,0.0,0.0,0.0,0.0,0.0,0.0,0.0,0.0,0.0,0.0,0.0,0.0,0.0,nan,nan,4.434380165289256,2.962310046931624,nan,0.9183731565157442,0.02311768072909703,0.0,0.0,0.0,0.0,0.0,0.0,0.0,0.0,0.0,0.0,0.0,0.0,0.0,0.0,0.0,0.0,0.0,0.0,0.0,0.0,0.0,0.0,0.0,0.0,0.012274959083469724,0.42962356792144035,5.597381342062195,16.276595744680854,7.13175122749591,0.5523731587561376,0.9183391320102211,0.023066350030048966,0.0,0.0,0.0,0.0,0.0,0.0,0.0,0.0,0.0,0.0,0.0,0.0,0.0,0.0,0.0,0.0,0.0,0.0,0.0,0.0,0.0,0.0,0.0,0.0,0.0,0.41166380789022305,5.981989708404805,15.900514579759866,7.152658662092626,0.5531732418524873,0.3953,0.01253,0.0,0.0,0.0,0.0,0.0,0.0,0.0,0.0,0.0,0.0,0.5155482815057284,18.621112929623543,10.838788870703768,0.02454991816693945,0.0,0.0,0.0,0.0,0.0,0.0,0.0,0.0,0.0,0.0,0.0,0.0,0.0,0.0,0.0,0.0,0.3945,0.01269,0.0,0.0,0.0,0.0,0.0,0.0,0.0,0.0,0.0,0.0,0.34734133790737576,19.93996569468265,9.661234991423672,0.05145797598627788,0.0,0.0,0.0,0.0,0.0,0.0,0.0,0.0,0.0,0.0,0.0,0.0,0.0,0.0,0.0,0.0
43600,4697,2444,0.5203321268895039,1146,952,0.4466680860123483,1312,0.5586544602938046,0.4080000000000001,2.881047492232579,3.04778635318265,6.4770206022187,2.0249696437755884,9533.672769853098,1613.6641804600554,7853.0,11083.0,11083.0,0.0,7853.0,0.0,28.448371300830317,21.20514140840388,33.38100050530571,19.451728589855463,0.1347668724717905,0.096657440919736,0.096657440919736,0.08494783904619971,0.08281882052373855,0.07196082605918672,0.06706408345752608,0.06259314456035768,0.058973813072173725,0.053864168618266976,0.052373855652544175,0.03981264637002342,0.029806259314456036,0.028315946348733235,0.015541835213966362,0.01213540557802853,0.0117096018735363,0.9185258872031353,0.022992207779540117,0.0,0.0,0.0,0.0,0.0,0.0,0.0,0.0,0.0,0.0,0.0,0.0,0.0,0.0,0.0,0.0,0.0,0.0,0.0,0.0,0.0,0.0,0.0,0.0,0.0,0.33212688950393876,6.0038322333404315,15.967638918458594,7.083244624228232,0.6131573344688099,4.142997382198953,2.82822524410747,nan,nan,nan,4.188434048083171,2.817073413317572,4.098944591029023,2.8385722273364538,0.9786341491768021,0.3958,0.01306,0.0,0.0,0.0,0.0,0.0,0.0,0.0,0.0,0.0,0.0,0.4470938897168406,18.49052586757502,11.004896742601664,0.05748350010645094,0.0,0.0,0.0,0.0,0.0,0.0,0.0,0.0,0.0,0.0,0.0,0.0,0.0,0.0,0.0,0.0,nan,nan,4.142997382198953,2.82822524410747,nan,0.3958,0.06018,0.0,0.0,0.0,0.0,0.0,0.0,0.0,0.0,0.0,0.0,0.0,0.0,0.0,0.0,0.0,0.0,2.1290185224611454e-05,0.00018096657440919736,0.0019267617628273366,0.0,0.0003619331488183947,0.0001596763891845859,0.0023632105599318714,0.0033638492654886097,0.013348946135831381,0.005514157973174367,0.00044709388971684054,0.0007983819459229295,0.004619970193740686,0.01592505854800937,0.019916968277624014,0.012997658079625293,0.025867575047902918,0.02219501809665744,0.05321481796891633,0.04770065999574196,0.07976367894400681,0.0697040664253779,0.07273791781988503,0.05072386629763679,0.08560783478816265,0.06174153715137322,0.052757078986587186,0.04571002767724079,0.04847775175644028,0.03323397913561848,0.04579518841813924,0.03158398978071109,0.024771130508835427,0.014637002341920375,0.012177985948477752,0.02312114115392804,0.009697679369810518,0.0023632105599318714,0.0011603150947413242,2.1290185224611454e-05,2.1290185224611454e-05,0.0,0.0,0.0024803065786672346,4.258037044922291e-05,0.0,0.00017032148179689163,0.0005748350010645093,0.0,0.0,0.0,0.0,0.0,0.0,0.0,0.0,0.0,0.0,0.0,0.0,0.0,0.0,0.0,0.0,0.0,0.0,0.0,0.0,0.0,0.0,0.0,0.0,0.0,0.0,0.0,0.0,0.0,0.0,0.0,0.0,0.0,0.0,0.0,0.0,0.0,nan,nan,4.142997382198953,2.82822524410747,nan,0.918211551349604,0.022791079819445635,0.0,0.0,0.0,0.0,0.0,0.0,0.0,0.0,0.0,0.0,0.0,0.0,0.0,0.0,0.0,0.0,0.0,0.0,0.0,0.0,0.0,0.0,0.0,0.0,0.0,0.355973813420622,5.928805237315877,16.252045826513914,6.824877250409167,0.6382978723404257,0.9188668711472235,0.023203601137009124,0.0,0.0,0.0,0.0,0.0,0.0,0.0,0.0,0.0,0.0,0.0,0.0,0.0,0.0,0.0,0.0,0.0,0.0,0.0,0.0,0.0,0.0,0.0,0.0,0.0,0.3062583222370174,6.0852197070572585,15.659121171770975,7.363515312916113,0.5858854860186419,0.3958,0.01294,0.0,0.0,0.0,0.0,0.0,0.0,0.0,0.0,0.0,0.0,0.3927986906710312,18.473813420621905,11.096563011456631,0.03682487725040917,0.0,0.0,0.0,0.0,0.0,0.0,0.0,0.0,0.0,0.0,0.0,0.0,0.0,0.0,0.0,0.0,0.3955,0.0132,0.0,0.0,0.0,0.0,0.0,0.0,0.0,0.0,0.0,0.0,0.5059920106524635,18.508655126497978,10.905459387483358,0.07989347536617844,0.0,0.0,0.0,0.0,0.0,0.0,0.0,0.0,0.0,0.0,0.0,0.0,0.0,0.0,0.0,0.0
43700,4796,2478,0.5166805671392828,1179,933,0.44036697247706424,1342,0.5596330275229358,0.4120000000000001,3.0582398619499567,3.1210229304324333,6.5227272727272725,2.2416626982872696,9521.878231859882,1614.1010303359737,7853.0,11083.0,11083.0,0.0,7853.0,0.0,28.610091743119266,21.134418640793676,33.535837864557585,19.33160367174471,0.13448707256046705,0.10341951626355296,0.08632193494578816,0.08006672226855713,0.0804837364470392,0.07652210175145956,0.07151793160967473,0.061718098415346125,0.05942452043369475,0.05045871559633028,0.048999165971643034,0.04608006672226856,0.034403669724770644,0.027522935779816515,0.020850708924103418,0.011676396997497914,0.006046705587989992,0.9192890431281424,0.02303234639859447,0.0,0.0,0.0,0.0,0.0,0.0,0.0,0.0,0.0,0.0,0.0,0.0,0.0,0.0,0.0,0.0,0.0,0.0,0.0,0.0,0.0,0.0,0.0,0.0,0.0,0.33152627189324446,5.748540450375314,15.813177648040037,7.49374478732277,0.6130108423686407,4.278274760383386,2.88139469045919,nan,nan,nan,4.405580791693706,2.900637895023723,4.154814348646948,2.8571965018820116,0.943079821956834,0.396,0.012985,0.0,0.0,0.0,0.0,0.0,0.0,0.0,0.0,0.0,0.0,0.38156797331109266,18.121351125938254,11.484570475396167,0.012510425354462054,0.0,0.0,0.0,0.0,0.0,0.0,0.0,0.0,0.0,0.0,0.0,0.0,0.0,0.0,0.0,0.0,nan,nan,4.278274760383386,2.88139469045919,nan,0.396,0.05966,0.0,0.0,0.0,0.0,0.0,0.0,0.0,0.0,0.0,0.0,0.0,0.0,0.0,0.0,0.0,1.042535446205171e-05,6.255212677231025e-05,0.0001042535446205171,0.001292743953294412,0.0,0.00037531276063386155,6.255212677231025e-05,0.0022727272727272726,0.0029712260216847373,0.013469557964970808,0.005087572977481234,0.00034403669724770644,0.0009591326105087573,0.004785237698081735,0.015867389491242702,0.018327773144286907,0.012979566305254379,0.02816930775646372,0.024113844870725605,0.05091743119266055,0.045266889074228524,0.08200583819849874,0.06721226021684737,0.07324854045037531,0.052241451209341115,0.08486238532110092,0.06545037531276063,0.052001668056713926,0.04359883236030025,0.05091743119266055,0.03393452877397832,0.04382819015846539,0.03301709758131777,0.02443703085904921,0.014522518765638032,0.012281067556296914,0.022028773978315264,0.009393244370308591,0.003158882402001668,0.0009070058381984988,4.170141784820684e-05,1.042535446205171e-05,0.0,0.0,0.0027522935779816515,9.382819015846539e-05,0.0,0.0001980817347789825,0.0004170141784820684,0.0,0.0,0.0,0.0,0.0,0.0,0.0,0.0,0.0,0.0,0.0,0.0,0.0,0.0,0.0,0.0,0.0,0.0,0.0,0.0,0.0,0.0,0.0,0.0,0.0,0.0,0.0,0.0,0.0,0.0,0.0,0.0,0.0,0.0,0.0,0.0,0.0,nan,nan,4.278274760383386,2.88139469045919,nan,0.9190294527545679,0.022859490499619856,0.0,0.0,0.0,0.0,0.0,0.0,0.0,0.0,0.0,0.0,0.0,0.0,0.0,0.0,0.0,0.0,0.0,0.0,0.0,0.0,0.0,0.0,0.0,0.0,0.0,0.314769975786925,5.907990314769977,15.811138014527849,7.336561743341406,0.62953995157385,0.9195665517328524,0.023212500054997746,0.0,0.0,0.0,0.0,0.0,0.0,0.0,0.0,0.0,0.0,0.0,0.0,0.0,0.0,0.0,0.0,0.0,0.0,0.0,0.0,0.0,0.0,0.0,0.0,0.0,0.34943917169974126,5.578084555651425,15.8153580672994,7.661777394305437,0.5953408110440036,0.3958,0.01314,0.0,0.0,0.0,0.0,0.0,0.0,0.0,0.0,0.0,0.0,0.46004842615012115,18.08716707021789,11.440677966101697,0.012106537530266347,0.0,0.0,0.0,0.0,0.0,0.0,0.0,0.0,0.0,0.0,0.0,0.0,0.0,0.0,0.0,0.0,0.3962,0.01282,0.0,0.0,0.0,0.0,0.0,0.0,0.0,0.0,0.0,0.0,0.2976704055220018,18.15789473684208,11.531492666091461,0.01294219154443486,0.0,0.0,0.0,0.0,0.0,0.0,0.0,0.0,0.0,0.0,0.0,0.0,0.0,0.0,0.0,0.0
43800,4974,2485,0.4995979091274628,1163,1039,0.4427020506634499,1408,0.5661439485323683,0.4200000000000001,2.909602249899558,3.128599044814966,6.803100775193799,2.0162109672013404,9466.701246481705,1614.9994777829802,7853.0,11083.0,11083.0,0.0,7853.0,0.0,27.205468435866507,20.88323181360608,32.70413911339701,19.021795509258013,0.1578206674708484,0.09931644551668677,0.08805790108564536,0.08785685564937676,0.08323281061519903,0.06996381182147166,0.06755126658624849,0.06373140329714516,0.05850422195416164,0.05388017691998392,0.044229995979091274,0.03558504221954162,0.031966224366706875,0.021712907117008445,0.01950140731805388,0.010454362685967028,0.0066344993968636915,0.9200063737990821,0.022832261535819607,0.0,0.0,0.0,0.0,0.0,0.0,0.0,0.0,0.0,0.0,0.0,0.0,0.0,0.0,0.0,0.0,0.0,0.0,0.0,0.0,0.0,0.0,0.0,0.0,0.006031363088057903,0.3015681544028951,5.379975874547649,15.92882991556092,7.774427020506636,0.6091676718938481,4.341494435612082,2.8905434862384434,nan,nan,nan,4.322622107969152,2.9115102334016885,4.359974826935179,2.8697434665614794,1.0086412177685309,0.396,0.012566,0.0,0.0,0.0,0.0,0.0,0.0,0.0,0.0,0.0,0.0,0.37394451145958996,18.45597104945715,11.133896260554888,0.03618817852834741,0.0,0.0,0.0,0.0,0.0,0.0,0.0,0.0,0.0,0.0,0.0,0.0,0.0,0.0,0.0,0.0,nan,nan,4.341494435612082,2.8905434862384434,nan,0.396,0.05966,0.0,0.0,0.0,0.0,0.0,0.0,0.0,0.0,0.0,0.0,0.0,0.0,0.0,0.0,0.0,0.0,1.0052271813429835e-05,0.00013067953357458786,0.0014575794129473262,0.0,0.00025130679533574585,1.0052271813429835e-05,0.00243264977885002,0.002864897466827503,0.012585444310414154,0.005548854041013269,0.0008946521913952553,0.0010152794531564134,0.005297547245677523,0.014857257740249296,0.019099316445516688,0.0134097305991154,0.03108162444712505,0.02196421391234419,0.04977885002010454,0.04430036188178528,0.08189585846401287,0.06844591877764375,0.07354242058705267,0.053367511057499,0.08454965822275834,0.06605347808604745,0.04915560916767189,0.041264575794129475,0.04993968636911942,0.036137917169280255,0.04538600723763571,0.031453558504221955,0.026156011258544432,0.014867310012062726,0.01277643747486932,0.02197426618415762,0.009539605950944913,0.002503015681544029,0.0009248090068355448,0.00015078407720144752,0.0,1.0052271813429835e-05,0.0,0.002372336147969441,0.00010052271813429835,0.0,0.0002613590671491757,0.00018094089264173704,0.0,0.0,0.0,0.0,0.0,0.0,0.0,0.0,0.0,0.0,0.0,0.0,0.0,0.0,0.0,0.0,0.0,0.0,0.0,0.0,0.0,0.0,0.0,0.0,0.0,0.0,0.0,0.0,0.0,0.0,0.0,0.0,0.0,0.0,0.0,0.0,0.0,nan,nan,4.341494435612082,2.8905434862384434,nan,0.9197917303329023,0.02321266085358063,0.0,0.0,0.0,0.0,0.0,0.0,0.0,0.0,0.0,0.0,0.0,0.0,0.0,0.0,0.0,0.0,0.0,0.0,0.0,0.0,0.0,0.0,0.0,0.0,0.012072434607645878,0.3259557344064387,5.56539235412475,15.706237424547286,7.738430583501008,0.6519114688128774,0.9202206723179478,0.02244399556072362,0.0,0.0,0.0,0.0,0.0,0.0,0.0,0.0,0.0,0.0,0.0,0.0,0.0,0.0,0.0,0.0,0.0,0.0,0.0,0.0,0.0,0.0,0.0,0.0,0.0,0.2772197669746887,5.194857372438732,16.151064684612297,7.810365608678185,0.566492567296103,0.3958,0.01251,0.0,0.0,0.0,0.0,0.0,0.0,0.0,0.0,0.0,0.0,0.3742454728370222,18.53118712273639,11.082494969818917,0.012072434607645878,0.0,0.0,0.0,0.0,0.0,0.0,0.0,0.0,0.0,0.0,0.0,0.0,0.0,0.0,0.0,0.0,0.396,0.01263,0.0,0.0,0.0,0.0,0.0,0.0,0.0,0.0,0.0,0.0,0.3736440337484935,18.380875853756503,11.185214945761352,0.06026516673362797,0.0,0.0,0.0,0.0,0.0,0.0,0.0,0.0,0.0,0.0,0.0,0.0,0.0,0.0,0.0,0.0
43900,4553,2372,0.5209751811992093,1089,924,0.44212607072260046,1275,0.5600702833296728,0.4040000000000001,2.877120586886749,2.972213386531701,6.349673202614379,2.0126925412870413,9535.749835273446,1613.578309168917,7853.0,11083.0,11083.0,0.0,7853.0,0.0,28.41269492642214,21.1989495895804,33.325866110966395,19.454231870336173,0.13749176367230398,0.09905556775752251,0.09356468262683945,0.0834614539863826,0.08368108939160993,0.07094223588842521,0.0669887985943334,0.06325499670546893,0.05886228860092247,0.04897869536569295,0.0494179661761476,0.04370744564023721,0.03338458159455304,0.02657588403250604,0.020426092686141005,0.013178124313639359,0.007028332967274325,0.91978735561662,0.023201930793865042,0.0,0.0,0.0,0.0,0.0,0.0,0.0,0.0,0.0,0.0,0.0,0.0,0.0,0.0,0.0,0.0,0.0,0.0,0.0,0.0,0.0,0.0,0.0,0.0,0.006589062156819681,0.2899187349000659,5.699538765649025,15.701735119701299,7.630133977597191,0.6720843399956073,4.100473612990528,2.7686603537778205,nan,nan,nan,4.154421768707483,2.7582832897410845,4.048484848484849,2.778283884105352,0.9745002009616388,0.3962,0.01282,0.0,0.0,0.0,0.0,0.0,0.0,0.0,0.0,0.0,0.0,0.329453107840984,18.067208433999536,11.55721502306172,0.04612343509773777,0.0,0.0,0.0,0.0,0.0,0.0,0.0,0.0,0.0,0.0,0.0,0.0,0.0,0.0,0.0,0.0,nan,nan,4.100473612990528,2.7686603537778205,nan,0.3962,0.05972,0.0,0.0,0.0,0.0,0.0,0.0,0.0,0.0,0.0,0.0,0.0,0.0,1.0981770261366133e-05,0.0,0.0,0.0,0.0,0.00021963540522732265,0.0011970129584889084,3.29453107840984e-05,0.00028552602679551945,0.0,0.002514825389852844,0.002415989457500549,0.01223369207116187,0.005216340874148913,0.0010213046343070502,0.001087195255875247,0.005501866900944432,0.01473753569075335,0.01688996266198111,0.014287283110037338,0.03146277179881397,0.02319349879200527,0.04924225785196574,0.04631012519218098,0.08048539424555239,0.06998682187568636,0.07018449374039096,0.05478805183395563,0.0834614539863826,0.06564902262244673,0.048627278717329234,0.04028113331869097,0.05200966395783,0.035591917417087636,0.04732044805622666,0.029782560948824952,0.024346584669448716,0.01595651218976499,0.014408082582912365,0.022622446738414233,0.00979573907313859,0.0027893696463869976,0.0008565780803865583,0.0001317812431363936,0.0,0.0,0.0,0.0025258071601142102,2.1963540522732265e-05,0.0,0.00017570832418185812,0.0003404348781023501,0.0,0.0,0.0,0.0,0.0,0.0,0.0,0.0,0.0,0.0,0.0,0.0,0.0,0.0,0.0,0.0,0.0,0.0,0.0,0.0,0.0,0.0,0.0,0.0,0.0,0.0,0.0,0.0,0.0,0.0,0.0,0.0,0.0,0.0,0.0,0.0,0.0,nan,nan,4.100473612990528,2.7686603537778205,nan,0.9194399691100467,0.02320535167422443,0.0,0.0,0.0,0.0,0.0,0.0,0.0,0.0,0.0,0.0,0.0,0.0,0.0,0.0,0.0,0.0,0.0,0.0,0.0,0.0,0.0,0.0,0.0,0.0,0.01264755480607083,0.3414839797639124,5.615514333895448,15.923271500843173,7.462057335581789,0.6450252951096123,0.9201651643252821,0.02319230370084001,0.0,0.0,0.0,0.0,0.0,0.0,0.0,0.0,0.0,0.0,0.0,0.0,0.0,0.0,0.0,0.0,0.0,0.0,0.0,0.0,0.0,0.0,0.0,0.0,0.0,0.2338376891334251,5.790921595598351,15.460797799174694,7.812929848693262,0.7015130674002752,0.3962,0.012924,0.0,0.0,0.0,0.0,0.0,0.0,0.0,0.0,0.0,0.0,0.3288364249578416,17.99747048903876,11.635750421585163,0.037942664418212486,0.0,0.0,0.0,0.0,0.0,0.0,0.0,0.0,0.0,0.0,0.0,0.0,0.0,0.0,0.0,0.0,0.3962,0.012695,0.0,0.0,0.0,0.0,0.0,0.0,0.0,0.0,0.0,0.0,0.3301237964236589,18.143053645116893,11.471801925722149,0.05502063273727649,0.0,0.0,0.0,0.0,0.0,0.0,0.0,0.0,0.0,0.0,0.0,0.0,0.0,0.0,0.0,0.0
44000,4358,2251,0.5165213400642497,1054,896,0.44745296007342816,1233,0.5658558972005507,0.4240000000000001,2.971998101566208,3.120529865074098,6.669477234401349,2.170326301009691,9521.363928407527,1614.118115611406,7853.0,11083.0,11083.0,0.0,7853.0,0.0,28.599357503441947,21.258135489898592,33.67960634226353,19.41823712192274,0.1367599816429555,0.09912804038549794,0.08650757228086278,0.08581918311151905,0.07709958696649839,0.07457549334557137,0.07090408444240477,0.06700321248279027,0.059430931620009175,0.05323542909591556,0.048187241854061494,0.03556677374942634,0.037402478201009635,0.028682882055988984,0.019274896741624598,0.01101422670949977,0.009407985314364388,0.9211952064140174,0.022899136678060043,0.0,0.0,0.0,0.0,0.0,0.0,0.0,0.0,0.0,0.0,0.0,0.0,0.0,0.0,0.0,0.0,0.0,0.0,0.0,0.0,0.0,0.0,0.0,0.0,0.0,0.23405231757687017,5.300596603946765,15.605782469022492,8.136759981642957,0.7228086278109227,4.237894736842105,2.9141341808515593,nan,nan,nan,4.21558988764045,2.913646445107702,4.260168302945302,2.9144508117459216,1.010574656570733,0.3965,0.01255,0.0,0.0,0.0,0.0,0.0,0.0,0.0,0.0,0.0,0.0,0.31665901789811846,17.96007342817804,11.695731987150072,0.027535566773749433,0.0,0.0,0.0,0.0,0.0,0.0,0.0,0.0,0.0,0.0,0.0,0.0,0.0,0.0,0.0,0.0,nan,nan,4.237894736842105,2.9141341808515593,nan,0.3965,0.05963,0.0,0.0,0.0,0.0,0.0,0.0,0.0,0.0,0.0,0.0,0.0,0.0,0.0,0.0,0.0,0.0,0.0,0.0002294630564479119,0.0006424965580541532,0.0,0.0001720972923359339,5.736576411197797e-05,0.0030977512620468106,0.002294630564479119,0.010612666360715924,0.006241395135383203,0.000849013308857274,0.0009293253786140432,0.007124827902707664,0.016704910509407984,0.016372189077558514,0.013882514915098669,0.029153281321707206,0.02278568150527765,0.05044745296007343,0.046213859568609454,0.08142496558054153,0.06871271225332722,0.07147774208352456,0.05714777420835246,0.07865993575034419,0.06462826984855438,0.048955943093162,0.03859568609453878,0.05266177145479578,0.03734511243689766,0.04881826525929325,0.02854520422212024,0.02393299678751721,0.01724414869206058,0.015465810004589261,0.021936668196420376,0.009419458467186783,0.0029600734281780634,0.0012620468104635153,0.0002065167508031207,0.0,0.0,0.0,0.0026044056906838,3.4419458467186785e-05,0.0,2.2946305644791188e-05,0.00012620468104635154,0.0,0.0,0.0,0.0,0.0,0.0,0.0,0.0,0.0,0.0,0.0,0.0,0.0,0.0,0.0,0.0,0.0,0.0,0.0,0.0,0.0,0.0,0.0,0.0,0.0,0.0,0.0,0.0,0.0,0.0,0.0,0.0,0.0,0.0,0.0,0.0,0.0,nan,nan,4.237894736842105,2.9141341808515593,nan,0.9209623696114528,0.02298721148787163,0.0,0.0,0.0,0.0,0.0,0.0,0.0,0.0,0.0,0.0,0.0,0.0,0.0,0.0,0.0,0.0,0.0,0.0,0.0,0.0,0.0,0.0,0.0,0.0,0.0,0.26654820079964464,5.517547756552645,15.379831186139496,8.156374944469126,0.6796979120390938,0.9214439561257274,0.022802040011132497,0.0,0.0,0.0,0.0,0.0,0.0,0.0,0.0,0.0,0.0,0.0,0.0,0.0,0.0,0.0,0.0,0.0,0.0,0.0,0.0,0.0,0.0,0.0,0.0,0.0,0.19933554817275753,5.068818224964406,15.847176079734222,8.115804461319414,0.7688656858092077,0.3965,0.01251,0.0,0.0,0.0,0.0,0.0,0.0,0.0,0.0,0.0,0.0,0.3465126610395381,18.125277654375807,11.51488227454465,0.013327410039982234,0.0,0.0,0.0,0.0,0.0,0.0,0.0,0.0,0.0,0.0,0.0,0.0,0.0,0.0,0.0,0.0,0.3962,0.012596,0.0,0.0,0.0,0.0,0.0,0.0,0.0,0.0,0.0,0.0,0.284765068818225,17.783578547698124,11.888941623160896,0.042714760322733754,0.0,0.0,0.0,0.0,0.0,0.0,0.0,0.0,0.0,0.0,0.0,0.0,0.0,0.0,0.0,0.0
44100,4424,2333,0.5273508137432188,1128,890,0.4561482820976492,1251,0.5655515370705244,0.4040000000000001,2.9598278335724535,3.079733162932098,6.529021558872305,2.1472502075747735,9556.343128390597,1612.5819333187887,7853.0,11083.0,11083.0,0.0,7853.0,0.0,28.56351717902351,20.82773002709444,33.192940552016985,19.085172907228305,0.12974683544303797,0.09968354430379747,0.09041591320072333,0.08815551537070525,0.07843580470162749,0.07391500904159132,0.06894213381555153,0.06351717902350813,0.06464737793851717,0.05560578661844485,0.05063291139240506,0.03955696202531646,0.033905967450271246,0.027350813743218808,0.018309222423146473,0.0108499095840868,0.006329113924050633,0.92153366323675,0.02345190587068958,0.0,0.0,0.0,0.0,0.0,0.0,0.0,0.0,0.0,0.0,0.0,0.0,0.0,0.0,0.0,0.0,0.0,0.0,0.0,0.0,0.0,0.0,0.0,0.0,0.006781193490054251,0.25768535262206155,5.072332730560579,15.359403254972879,8.483273056057868,0.8205244122965644,4.217376373626373,2.951729375027094,nan,nan,nan,4.220385674931129,2.974116599635015,4.214383561643835,2.9292920675931287,0.9985778282485067,0.3967,0.01268,0.0,0.0,0.0,0.0,0.0,0.0,0.0,0.0,0.0,0.0,0.22377938517179027,17.96338155515368,11.772151898734181,0.040687160940325505,0.0,0.0,0.0,0.0,0.0,0.0,0.0,0.0,0.0,0.0,0.0,0.0,0.0,0.0,0.0,0.0,nan,nan,4.217376373626373,2.951729375027094,nan,0.3967,0.05994,0.0,0.0,0.0,0.0,0.0,0.0,0.0,0.0,0.0,0.0,0.0,0.0,0.0,0.0,0.0,0.0,0.0,0.00054249547920434,0.0006555153707052441,0.0,0.00027124773960217,0.00010171790235081374,0.0031080470162748643,0.0016274864376130199,0.010522151898734178,0.006611663652802894,0.0007911392405063291,0.0012997287522603978,0.00734629294755877,0.016353978300180833,0.01706600361663653,0.013675406871609404,0.02748643761301989,0.023881103074141048,0.05056509945750452,0.04535488245931284,0.07987115732368896,0.07121383363471971,0.07103300180831826,0.05704113924050633,0.07498869801084991,0.062624321880651,0.04894891500904159,0.03991862567811935,0.05584312839059675,0.038415461121157325,0.048474231464737796,0.027316907775768534,0.025734629294755878,0.016760849909584086,0.014783001808318263,0.02273960216998192,0.010239602169981916,0.0024638336347197107,0.001333634719710669,0.00015822784810126583,4.5207956600361664e-05,1.1301989150090416e-05,0.0,0.0025655515370705245,0.0,0.0,0.0,0.0002147377938517179,0.0,0.0,0.0,0.0,0.0,0.0,0.0,0.0,0.0,0.0,0.0,0.0,0.0,0.0,0.0,0.0,0.0,0.0,0.0,0.0,0.0,0.0,0.0,0.0,0.0,0.0,0.0,0.0,0.0,0.0,0.0,0.0,0.0,0.0,0.0,0.0,0.0,nan,nan,4.217376373626373,2.951729375027094,nan,0.922143264947099,0.02344927806765452,0.0,0.0,0.0,0.0,0.0,0.0,0.0,0.0,0.0,0.0,0.0,0.0,0.0,0.0,0.0,0.0,0.0,0.0,0.0,0.0,0.0,0.0,0.0,0.0,0.0,0.3214744963566224,4.8221174453493365,15.186455207886844,8.859837119588514,0.8101157308186886,0.920853509821999,0.023436129556255715,0.0,0.0,0.0,0.0,0.0,0.0,0.0,0.0,0.0,0.0,0.0,0.0,0.0,0.0,0.0,0.0,0.0,0.0,0.0,0.0,0.0,0.0,0.0,0.0,0.01434720229555237,0.18651362984218084,5.351506456241034,15.55236728837877,8.063127690100432,0.8321377331420375,0.3965,0.012665,0.0,0.0,0.0,0.0,0.0,0.0,0.0,0.0,0.0,0.0,0.1800257179597086,18.1954564937848,11.59879982854694,0.025717959708529796,0.0,0.0,0.0,0.0,0.0,0.0,0.0,0.0,0.0,0.0,0.0,0.0,0.0,0.0,0.0,0.0,0.3967,0.012695,0.0,0.0,0.0,0.0,0.0,0.0,0.0,0.0,0.0,0.0,0.272596843615495,17.704447632711595,11.965566714490677,0.05738880918220948,0.0,0.0,0.0,0.0,0.0,0.0,0.0,0.0,0.0,0.0,0.0,0.0,0.0,0.0,0.0,0.0
44200,4293,2181,0.5080363382250175,1009,883,0.4407174470067552,1237,0.5762869788027021,0.4280000000000001,3.007102272727273,3.1219601476929064,6.737288135593221,1.9873667361854792,9493.957372466806,1614.791384301582,7853.0,11083.0,11083.0,0.0,7853.0,0.0,27.539715816445376,20.86357401821939,32.54233983286908,19.158909317190957,0.1420917773119031,0.10831586303284417,0.09270906126252038,0.08315863032844165,0.08432331702771954,0.07547169811320754,0.06615420451898439,0.06172839506172839,0.06126252038201724,0.045422781271837874,0.045422781271837874,0.04286047053342651,0.03424178895877009,0.025623107384113674,0.013277428371767994,0.009550430934078733,0.008385744234800839,0.9208702326043069,0.023079139346234075,0.0,0.0,0.0,0.0,0.0,0.0,0.0,0.0,0.0,0.0,0.0,0.0,0.0,0.0,0.0,0.0,0.0,0.0,0.0,0.0,0.0,0.0,0.0,0.0,0.006988120195667367,0.28651292802236206,5.129280223619847,15.681341719077572,8.183088749126487,0.7127882599580714,4.404692082111437,2.877204620827872,nan,nan,nan,4.3477633477633475,2.8757805975084088,4.463487332339791,2.8774925538358067,1.026616900534841,0.3953,0.01275,0.0,0.0,0.0,0.0,0.0,0.0,0.0,0.0,0.0,0.0,0.3354297693920336,18.73515024458418,10.887491264849757,0.0419287211740042,0.0,0.0,0.0,0.0,0.0,0.0,0.0,0.0,0.0,0.0,0.0,0.0,0.0,0.0,0.0,0.0,nan,nan,4.404692082111437,2.877204620827872,nan,0.3953,0.06024,0.0,0.0,0.0,0.0,0.0,0.0,0.0,0.0,0.0,0.0,0.0,0.0,0.0,0.0,0.0,0.0,0.0,0.0005357558816678314,0.0006522245515956208,0.0,0.00023293733985557886,0.0003028185418122525,0.003377591427905893,0.0015257395760540414,0.0127766130910785,0.006452364313999534,0.000815280689494526,0.0019333799208013044,0.007686932215234102,0.016596785464709992,0.019100861868157466,0.013918006056370837,0.029641276496622408,0.02314232471465176,0.05071045888655951,0.04326811087817377,0.08184253435825763,0.07037037037037037,0.07242021896109946,0.05510132774283718,0.07513393897041695,0.06355695317959469,0.04703004891684137,0.04023992546005124,0.057197763801537384,0.03798043326345213,0.047973445143256466,0.025157232704402517,0.02490100163056138,0.014628464942930353,0.014838108548800372,0.021954344281388306,0.010913114372233869,0.002014907989750757,0.0011297460982995573,0.00033775914279058933,2.3293733985557885e-05,0.0,0.0,0.0024924295364546936,0.0,0.0,0.0,9.317493594223154e-05,0.0,0.0,0.0,0.0,0.0,0.0,0.0,0.0,0.0,0.0,0.0,0.0,0.0,0.0,0.0,0.0,0.0,0.0,0.0,0.0,0.0,0.0,0.0,0.0,0.0,0.0,0.0,0.0,0.0,0.0,0.0,0.0,0.0,0.0,0.0,0.0,0.0,nan,nan,4.404692082111437,2.877204620827872,nan,0.9211539412408397,0.02292327782828982,0.0,0.0,0.0,0.0,0.0,0.0,0.0,0.0,0.0,0.0,0.0,0.0,0.0,0.0,0.0,0.0,0.0,0.0,0.0,0.0,0.0,0.0,0.0,0.0,0.0,0.2338376891334251,4.896836313617608,15.983493810178821,8.14305364511692,0.7427785419532327,0.9205772550776601,0.02323536035487312,0.0,0.0,0.0,0.0,0.0,0.0,0.0,0.0,0.0,0.0,0.0,0.0,0.0,0.0,0.0,0.0,0.0,0.0,0.0,0.0,0.0,0.0,0.0,0.0,0.014204545454545458,0.34090909090909094,5.3693181818181825,15.369318181818185,8.22443181818182,0.6818181818181819,0.3958,0.012985,0.0,0.0,0.0,0.0,0.0,0.0,0.0,0.0,0.0,0.0,0.38514442916093544,18.431911966987595,11.12792297111417,0.05502063273727649,0.0,0.0,0.0,0.0,0.0,0.0,0.0,0.0,0.0,0.0,0.0,0.0,0.0,0.0,0.0,0.0,0.395,0.012505,0.0,0.0,0.0,0.0,0.0,0.0,0.0,0.0,0.0,0.0,0.28409090909090917,19.04829545454543,10.639204545454547,0.028409090909090915,0.0,0.0,0.0,0.0,0.0,0.0,0.0,0.0,0.0,0.0,0.0,0.0,0.0,0.0,0.0,0.0
44300,4379,2279,0.5204384562685545,1074,857,0.4409682575930578,1228,0.5608586435259192,0.3960000000000001,3.0385714285714287,3.0811157312992745,6.390015600624025,2.1714701303627715,9534.01621374743,1613.650166399909,7853.0,11083.0,11083.0,0.0,7853.0,0.0,28.825530943137704,21.12119199361158,33.63085621970921,19.322817390612,0.1333637816853163,0.10184973738296414,0.0863210778716602,0.08563598995204384,0.07444622059831012,0.07261931947933319,0.06508335236355332,0.06097282484585522,0.06850879196163508,0.05823247316738982,0.0472710664535282,0.0472710664535282,0.03356930806120119,0.02763187942452615,0.019410824389129937,0.01187485727335008,0.00593742863667504,0.9205443563050781,0.022795250565377588,0.0,0.0,0.0,0.0,0.0,0.0,0.0,0.0,0.0,0.0,0.0,0.0,0.0,0.0,0.0,0.0,0.0,0.0,0.0,0.0,0.0,0.0,0.0,0.0,0.0,0.26718428865037686,5.371089289792191,15.859785339118524,7.885361954784199,0.6165791276547158,4.215734265734266,2.809567318431414,nan,nan,nan,4.258741258741258,2.777313907617317,4.172727272727273,2.840803634406327,0.9798029556650247,0.395,0.01271,0.0,0.0,0.0,0.0,0.0,0.0,0.0,0.0,0.0,0.0,0.26718428865037686,19.09340031970767,10.577757478876457,0.061657912765471584,0.0,0.0,0.0,0.0,0.0,0.0,0.0,0.0,0.0,0.0,0.0,0.0,0.0,0.0,0.0,0.0,nan,nan,4.215734265734266,2.809567318431414,nan,0.395,0.06018,0.0,0.0,0.0,0.0,0.0,0.0,0.0,0.0,0.0,0.0,0.0,0.0,0.0,0.0,0.0,0.0,0.0,0.00045672527974423386,0.0007535967115779858,0.0,0.00043388901575702217,0.00043388901575702217,0.0033340945421329073,0.0014386846311943366,0.013519068280429323,0.005709065996802923,0.0009477049554692852,0.0015414478191367893,0.007924183603562457,0.01619091116693309,0.019193879881251426,0.01369034026033341,0.028351221740123316,0.022687828271294817,0.05299155058232473,0.04381137245946563,0.08054350308289564,0.07065540077643298,0.0751883991778945,0.05633706325645124,0.0755766156656771,0.05988810230646266,0.047396665905457866,0.04534140214660882,0.055435030828956386,0.03835350536652204,0.043720027403516784,0.02358986069878968,0.023875313998629823,0.015140443023521351,0.016430691938798814,0.021169216716145238,0.011783512217401234,0.0021694450787851107,0.0012103219913222197,0.0005366522036994748,7.992692395524092e-05,0.0,3.425439598081754e-05,0.002078100022836264,0.0,0.0,0.0,5.709065996802923e-05,0.0,0.0,0.0,0.0,0.0,0.0,0.0,0.0,0.0,0.0,0.0,0.0,0.0,0.0,0.0,0.0,0.0,0.0,0.0,0.0,0.0,0.0,0.0,0.0,0.0,0.0,0.0,0.0,0.0,0.0,0.0,0.0,0.0,0.0,0.0,0.0,0.0,nan,nan,4.215734265734266,2.809567318431414,nan,0.9205194238300332,0.02325775889071257,0.0,0.0,0.0,0.0,0.0,0.0,0.0,0.0,0.0,0.0,0.0,0.0,0.0,0.0,0.0,0.0,0.0,0.0,0.0,0.0,0.0,0.0,0.0,0.0,0.0,0.2764370337867486,5.6603773584905674,15.454146555506805,7.950855638437913,0.6581834137779728,0.9205714139768055,0.022282427569661416,0.0,0.0,0.0,0.0,0.0,0.0,0.0,0.0,0.0,0.0,0.0,0.0,0.0,0.0,0.0,0.0,0.0,0.0,0.0,0.0,0.0,0.0,0.0,0.0,0.0,0.2571428571428572,5.057142857142858,16.300000000000004,7.814285714285716,0.5714285714285715,0.395,0.01277,0.0,0.0,0.0,0.0,0.0,0.0,0.0,0.0,0.0,0.0,0.23694602896007025,19.20579201404122,10.478279947345328,0.07898200965335675,0.0,0.0,0.0,0.0,0.0,0.0,0.0,0.0,0.0,0.0,0.0,0.0,0.0,0.0,0.0,0.0,0.395,0.01266,0.0,0.0,0.0,0.0,0.0,0.0,0.0,0.0,0.0,0.0,0.30000000000000004,18.971428571428543,10.685714285714287,0.042857142857142864,0.0,0.0,0.0,0.0,0.0,0.0,0.0,0.0,0.0,0.0,0.0,0.0,0.0,0.0,0.0,0.0
44400,4283,2213,0.5166939061405557,1026,910,0.4520196124212001,1219,0.5692271772122344,0.4080000000000001,2.993236714975845,3.1380403523767453,6.704273504273504,2.234859530658831,9521.921316833996,1614.0995915961591,7853.0,11083.0,11083.0,0.0,7853.0,0.0,28.392948867616155,20.992097214709617,33.26362378976487,19.22046343893118,0.13752042960541677,0.09269203829091759,0.09642773756712585,0.08802241419565725,0.0775157599813215,0.07518094793369134,0.07378006070511324,0.05813681998599113,0.05790333878122811,0.050898902638337615,0.04622927854307728,0.0450618725192622,0.0366565491477936,0.029652113004903106,0.018211533971515294,0.009806210600046696,0.006303992528601448,0.9205096894659897,0.023474698337824902,0.0,0.0,0.0,0.0,0.0,0.0,0.0,0.0,0.0,0.0,0.0,0.0,0.0,0.0,0.0,0.0,0.0,0.0,0.0,0.0,0.0,0.0,0.0,0.0,0.0,0.33621293485874393,5.5054868083119315,15.122577632500587,8.42633667989727,0.6093859444314734,4.2462526766595285,2.8939182612173138,nan,nan,nan,4.2101139601139606,2.8548724259079727,4.282546494992847,2.9321602545849754,1.0172044119387509,0.3955,0.012184,0.0,0.0,0.0,0.0,0.0,0.0,0.0,0.0,0.0,0.0,0.29418631800140094,18.743871118374944,10.947933691337848,0.014008872285780998,0.0,0.0,0.0,0.0,0.0,0.0,0.0,0.0,0.0,0.0,0.0,0.0,0.0,0.0,0.0,0.0,nan,nan,4.2462526766595285,2.8939182612173138,nan,0.3955,0.0598,0.0,0.0,0.0,0.0,0.0,0.0,0.0,0.0,0.0,0.0,0.0,0.0,0.0,0.0,0.0,0.0,0.0,0.00014008872285780995,0.0008405323371468596,0.0,0.0005136586504786365,0.000887228578099463,0.002778426336679897,0.0014592575297688536,0.011814148961008639,0.006374036890030353,0.000817184216670558,0.001365865047863647,0.0072262432874153635,0.01579500350221807,0.01890030352556619,0.014849404622927853,0.028402988559420965,0.021935559187485406,0.04758346953070278,0.04479336913378473,0.0837613822087322,0.07158533738034088,0.07631333177679196,0.055568526733597946,0.07548447349988326,0.06460424935792669,0.047233247723558254,0.046007471398552414,0.054541209432640674,0.03777725893065608,0.04277375671258464,0.02293952836796638,0.02410693439178146,0.015106233948167173,0.015141256128881625,0.022787765584870417,0.011078683166005137,0.0020663086621526966,0.0008055101564324072,0.0009455988792902171,5.8370301190754146e-05,0.0,0.00010506654214335746,0.002731730095727294,0.0,0.0,0.0,0.0,0.0,0.0,0.0,0.0,0.0,0.0,0.0,0.0,0.0,0.0,0.0,0.0,0.0,0.0,0.0,0.0,0.0,0.0,0.0,0.0,0.0,0.0,0.0,0.0,0.0,0.0,0.0,0.0,0.0,0.0,0.0,0.0,0.0,0.0,0.0,0.0,0.0,nan,nan,4.2462526766595285,2.8939182612173138,nan,0.920559533543033,0.023279253522589582,0.0,0.0,0.0,0.0,0.0,0.0,0.0,0.0,0.0,0.0,0.0,0.0,0.0,0.0,0.0,0.0,0.0,0.0,0.0,0.0,0.0,0.0,0.0,0.0,0.0,0.2575689109805694,5.476728422955265,15.399909624943518,8.228648892905559,0.6371441482150927,0.9204564020541555,0.023681744947949578,0.0,0.0,0.0,0.0,0.0,0.0,0.0,0.0,0.0,0.0,0.0,0.0,0.0,0.0,0.0,0.0,0.0,0.0,0.0,0.0,0.0,0.0,0.0,0.0,0.0,0.42028985507246386,5.536231884057972,14.826086956521742,8.637681159420291,0.5797101449275364,0.3958,0.01208,0.0,0.0,0.0,0.0,0.0,0.0,0.0,0.0,0.0,0.0,0.20334387708992324,18.694080433800245,11.089019430637146,0.013556258472661549,0.0,0.0,0.0,0.0,0.0,0.0,0.0,0.0,0.0,0.0,0.0,0.0,0.0,0.0,0.0,0.0,0.3955,0.01229,0.0,0.0,0.0,0.0,0.0,0.0,0.0,0.0,0.0,0.0,0.3913043478260871,18.797101449275335,10.797101449275363,0.01449275362318841,0.0,0.0,0.0,0.0,0.0,0.0,0.0,0.0,0.0,0.0,0.0,0.0,0.0,0.0,0.0,0.0
44500,4225,2193,0.5190532544378699,1034,873,0.45136094674556215,1180,0.5585798816568047,0.4240000000000001,3.0250984251968505,3.104616195698906,6.545768566493955,2.219997484395372,9529.542011834319,1613.826998404533,7853.0,11083.0,11083.0,0.0,7853.0,0.0,28.04639053254438,20.91278540703319,33.19297251345991,19.031655377535493,0.1467455621301775,0.0927810650887574,0.09325443786982249,0.07976331360946745,0.08142011834319526,0.07739644970414201,0.06982248520710059,0.0629585798816568,0.060828402366863904,0.054437869822485205,0.04284023668639053,0.04118343195266272,0.0357396449704142,0.02603550295857988,0.01988165680473373,0.008047337278106508,0.006863905325443787,0.9213963749846058,0.022979189228875173,0.0,0.0,0.0,0.0,0.0,0.0,0.0,0.0,0.0,0.0,0.0,0.0,0.0,0.0,0.0,0.0,0.0,0.0,0.0,0.0,0.0,0.0,0.0,0.0,0.0,0.33372781065088764,4.920710059171599,15.557396449704145,8.556213017751482,0.6319526627218935,4.333333333333333,2.8574931546939095,nan,nan,nan,4.33259423503326,2.8935706943275084,4.334054834054834,2.821829538111608,1.000337118812042,0.3958,0.01272,0.0,0.0,0.0,0.0,0.0,0.0,0.0,0.0,0.0,0.0,0.3053254437869823,18.369230769230743,11.282840236686392,0.042603550295857995,0.0,0.0,0.0,0.0,0.0,0.0,0.0,0.0,0.0,0.0,0.0,0.0,0.0,0.0,0.0,0.0,nan,nan,4.333333333333333,2.8574931546939095,nan,0.3958,0.0596,0.0,0.0,0.0,0.0,0.0,0.0,0.0,0.0,0.0,0.0,0.0,0.0,0.0,0.0,0.0,0.0,0.0,8.284023668639054e-05,0.0005562130177514793,0.0,0.0004142011834319527,0.0014556213017751479,0.00263905325443787,0.001467455621301775,0.011479289940828403,0.007254437869822486,0.0003076923076923077,0.0011005917159763313,0.006189349112426036,0.01616568047337278,0.019467455621301775,0.015171597633136094,0.027242603550295858,0.022094674556213018,0.04794082840236687,0.04434319526627219,0.08332544378698224,0.07084023668639053,0.07553846153846154,0.05456804733727811,0.0770059171597633,0.06357396449704142,0.04915976331360947,0.04620118343195266,0.05681656804733728,0.03942011834319527,0.04336094674556213,0.022615384615384617,0.02144378698224852,0.013846153846153847,0.01488757396449704,0.023988165680473374,0.011266272189349112,0.002260355029585799,0.0007455621301775148,0.0009467455621301775,7.100591715976331e-05,0.0,0.00022485207100591715,0.0025207100591715975,0.0,0.0,0.0,0.0,0.0,0.0,0.0,0.0,0.0,0.0,0.0,0.0,0.0,0.0,0.0,0.0,0.0,0.0,0.0,0.0,0.0,0.0,0.0,0.0,0.0,0.0,0.0,0.0,0.0,0.0,0.0,0.0,0.0,0.0,0.0,0.0,0.0,0.0,0.0,0.0,0.0,nan,nan,4.333333333333333,2.8574931546939095,nan,0.9213673702886644,0.02323911468909135,0.0,0.0,0.0,0.0,0.0,0.0,0.0,0.0,0.0,0.0,0.0,0.0,0.0,0.0,0.0,0.0,0.0,0.0,0.0,0.0,0.0,0.0,0.0,0.0,0.0,0.36935704514363893,5.006839945280438,15.540355677154587,8.440492476060193,0.6429548563611492,0.9214276777888377,0.022695287916497737,0.0,0.0,0.0,0.0,0.0,0.0,0.0,0.0,0.0,0.0,0.0,0.0,0.0,0.0,0.0,0.0,0.0,0.0,0.0,0.0,0.0,0.0,0.0,0.0,0.0,0.29527559055118113,4.827755905511812,15.575787401574807,8.681102362204726,0.6200787401574804,0.3958,0.01243,0.0,0.0,0.0,0.0,0.0,0.0,0.0,0.0,0.0,0.0,0.30095759233926134,18.440492476060165,11.231190150478799,0.027359781121751033,0.0,0.0,0.0,0.0,0.0,0.0,0.0,0.0,0.0,0.0,0.0,0.0,0.0,0.0,0.0,0.0,0.3958,0.01302,0.0,0.0,0.0,0.0,0.0,0.0,0.0,0.0,0.0,0.0,0.3100393700787402,18.292322834645645,11.338582677165356,0.059055118110236234,0.0,0.0,0.0,0.0,0.0,0.0,0.0,0.0,0.0,0.0,0.0,0.0,0.0,0.0,0.0,0.0
44600,4225,2154,0.5098224852071006,961,908,0.4423668639053254,1223,0.5789349112426035,0.4080000000000001,2.9280540801545145,3.041820217502581,6.49740034662045,2.02079574067028,9499.726627218935,1614.6883356008088,7853.0,11083.0,11083.0,0.0,7853.0,0.0,27.979881656804732,21.082488259894713,33.007909604519774,19.337295852432007,0.14224852071005917,0.09822485207100591,0.09325443786982249,0.0906508875739645,0.07976331360946745,0.07171597633136095,0.06674556213017752,0.06390532544378698,0.05396449704142012,0.05112426035502959,0.04970414201183432,0.04402366863905326,0.032426035502958576,0.02532544378698225,0.019408284023668638,0.009467455621301775,0.008047337278106508,0.921791573318504,0.023412707050408772,0.0,0.0,0.0,0.0,0.0,0.0,0.0,0.0,0.0,0.0,0.0,0.0,0.0,0.0,0.0,0.0,0.0,0.0,0.0,0.0,0.0,0.0,0.0,0.0,0.0,0.3124260355029586,5.105325443786983,15.330177514792902,8.428402366863907,0.8236686390532546,4.171115173674589,2.791074707908452,nan,nan,nan,4.1795800144822595,2.810380076445682,4.164079822616408,2.771619216555739,0.9962914475109597,0.396,0.01283,0.0,0.0,0.0,0.0,0.0,0.0,0.0,0.0,0.0,0.0,0.383431952662722,18.06390532544376,11.495857988165682,0.05680473372781066,0.0,0.0,0.0,0.0,0.0,0.0,0.0,0.0,0.0,0.0,0.0,0.0,0.0,0.0,0.0,0.0,nan,nan,4.171115173674589,2.791074707908452,nan,0.396,0.06006,0.0,0.0,0.0,0.0,0.0,0.0,0.0,0.0,0.0,0.0,0.0,0.0,0.0,0.0,0.0,0.0,0.0,0.0,0.0005562130177514793,1.1834319526627219e-05,0.0004142011834319527,0.001088757396449704,0.00221301775147929,0.0014792899408284023,0.011479289940828403,0.008757396449704143,0.000378698224852071,0.0011005917159763313,0.005893491124260355,0.01689940828402367,0.022579881656804735,0.015562130177514793,0.02714792899408284,0.021739644970414203,0.046792899408284024,0.041171597633136096,0.08136094674556213,0.0718698224852071,0.07545562130177515,0.052828402366863904,0.07415384615384615,0.06224852071005917,0.05005917159763314,0.04391715976331361,0.058378698224852074,0.04417751479289941,0.04513609467455621,0.021242603550295856,0.022686390532544377,0.013112426035502958,0.014331360946745562,0.024,0.01336094674556213,0.0019763313609467456,0.0005798816568047337,0.0011597633136094675,3.5502958579881656e-05,1.1834319526627219e-05,0.00020118343195266273,0.0024023668639053253,0.0,4.7337278106508875e-05,0.0,0.0,0.0,0.0,0.0,0.0,0.0,0.0,0.0,0.0,0.0,0.0,0.0,0.0,0.0,0.0,0.0,0.0,0.0,0.0,0.0,0.0,0.0,0.0,0.0,0.0,0.0,0.0,0.0,0.0,0.0,0.0,0.0,0.0,0.0,0.0,0.0,0.0,0.0,nan,nan,4.171115173674589,2.791074707908452,nan,0.92179262895438,0.023033179373539957,0.0,0.0,0.0,0.0,0.0,0.0,0.0,0.0,0.0,0.0,0.0,0.0,0.0,0.0,0.0,0.0,0.0,0.0,0.0,0.0,0.0,0.0,0.0,0.0,0.0,0.222841225626741,4.874651810584959,16.002785515320337,8.050139275766018,0.84958217270195,0.9217904753756373,0.023801025403697648,0.0,0.0,0.0,0.0,0.0,0.0,0.0,0.0,0.0,0.0,0.0,0.0,0.0,0.0,0.0,0.0,0.0,0.0,0.0,0.0,0.0,0.0,0.0,0.0,0.0,0.405601158860454,5.345243843553839,14.630613230323519,8.821825205214873,0.7967165620473203,0.3958,0.01272,0.0,0.0,0.0,0.0,0.0,0.0,0.0,0.0,0.0,0.0,0.38997214484679676,18.509749303621142,11.058495821727021,0.041782729805013935,0.0,0.0,0.0,0.0,0.0,0.0,0.0,0.0,0.0,0.0,0.0,0.0,0.0,0.0,0.0,0.0,0.3965,0.01294,0.0,0.0,0.0,0.0,0.0,0.0,0.0,0.0,0.0,0.0,0.3766296475132787,17.600193143408955,11.950748430709806,0.0724287783679382,0.0,0.0,0.0,0.0,0.0,0.0,0.0,0.0,0.0,0.0,0.0,0.0,0.0,0.0,0.0,0.0
44700,4108,2144,0.5219084712755598,964,860,0.44401168451801365,1152,0.560856864654333,0.4320000000000001,2.9643584521384927,3.0405863785263336,6.3851717902350815,2.1325677535901812,9538.764362220058,1613.448916154332,7853.0,11083.0,11083.0,0.0,7853.0,0.0,27.703992210321324,20.98206016378253,33.03851808291679,19.124839058624012,0.1504381694255112,0.09591041869522882,0.0942064264849075,0.08179162609542356,0.08568646543330087,0.06864654333008763,0.0730282375851996,0.06085686465433301,0.05939629990262902,0.047224926971762414,0.046007789678675755,0.041626095423563776,0.03481012658227848,0.024342745861733205,0.019717624148003893,0.008276533592989289,0.008033106134371958,0.9218852522165425,0.022580880660249453,0.0,0.0,0.0,0.0,0.0,0.0,0.0,0.0,0.0,0.0,0.0,0.0,0.0,0.0,0.0,0.0,0.0,0.0,0.0,0.0,0.0,0.0,0.0,0.0,0.007302823758519963,0.16796494644595913,4.929406037000975,15.70107108081792,8.507789678675756,0.6864654333008765,4.283226050738357,2.8086890463432823,nan,nan,nan,4.159125188536954,2.7281871208236947,4.4083650190114065,2.8821870636381233,1.059926022703377,0.3965,0.01284,0.0,0.0,0.0,0.0,0.0,0.0,0.0,0.0,0.0,0.0,0.3651411879259981,17.6436222005842,11.940116845180139,0.05111976630963974,0.0,0.0,0.0,0.0,0.0,0.0,0.0,0.0,0.0,0.0,0.0,0.0,0.0,0.0,0.0,0.0,nan,nan,4.283226050738357,2.8086890463432823,nan,0.3965,0.06033,0.0,0.0,0.0,0.0,0.0,0.0,0.0,0.0,0.0,0.0,0.0,0.0,0.0,0.0,0.0,0.0,0.0,0.0,0.00031645569620253165,1.2171372930866602e-05,0.0005477117818889971,0.0012779941577409932,0.0023734177215189874,0.0013510223953261927,0.0126095423563778,0.009189386562804285,0.00046251217137293087,0.0009493670886075949,0.005744888023369036,0.016066212268743916,0.021263388510223954,0.01486124634858812,0.025669425511197663,0.021859785783836416,0.04681110029211295,0.04111489776046738,0.07977117818889971,0.07170155793573516,0.07593719571567673,0.05398003894839338,0.0752921129503408,0.05935978578383642,0.05326192794547225,0.041321811100292115,0.05720545277507303,0.04552093476144109,0.049196689386562804,0.01798928919182084,0.022431840311587146,0.013924050632911392,0.01497078870496592,0.02431840311587147,0.015092502434274586,0.0019961051606621227,0.0006329113924050633,0.0013510223953261927,2.4342745861733204e-05,0.0,0.00012171372930866602,0.002069133398247322,0.0,4.868549172346641e-05,0.0,0.0,0.0,0.0,0.0,0.0,0.0,0.0,0.0,0.0,0.0,0.0,0.0,0.0,0.0,0.0,0.0,0.0,0.0,0.0,0.0,0.0,0.0,0.0,0.0,0.0,0.0,0.0,0.0,0.0,0.0,0.0,0.0,0.0,0.0,0.0,0.0,0.0,0.0,nan,nan,4.283226050738357,2.8086890463432823,nan,0.9217790107784877,0.022712320954243387,0.0,0.0,0.0,0.0,0.0,0.0,0.0,0.0,0.0,0.0,0.0,0.0,0.0,0.0,0.0,0.0,0.0,0.0,0.0,0.0,0.0,0.0,0.0,0.0,0.01399253731343284,0.1819029850746269,5.121268656716419,15.209888059701496,8.871268656716419,0.6016791044776121,0.9220012306499384,0.02243594045445517,0.0,0.0,0.0,0.0,0.0,0.0,0.0,0.0,0.0,0.0,0.0,0.0,0.0,0.0,0.0,0.0,0.0,0.0,0.0,0.0,0.0,0.0,0.0,0.0,0.0,0.1527494908350306,4.719959266802445,16.237270875763752,8.110997963340123,0.7790224032586559,0.3962,0.01309,0.0,0.0,0.0,0.0,0.0,0.0,0.0,0.0,0.0,0.0,0.4477611940298509,17.784514925373106,11.711753731343286,0.05597014925373136,0.0,0.0,0.0,0.0,0.0,0.0,0.0,0.0,0.0,0.0,0.0,0.0,0.0,0.0,0.0,0.0,0.3967,0.01255,0.0,0.0,0.0,0.0,0.0,0.0,0.0,0.0,0.0,0.0,0.274949083503055,17.489816700610973,12.18940936863544,0.04582484725050917,0.0,0.0,0.0,0.0,0.0,0.0,0.0,0.0,0.0,0.0,0.0,0.0,0.0,0.0,0.0,0.0
44800,4190,2161,0.5157517899761337,1005,847,0.44200477326968973,1180,0.5632458233890215,0.4160000000000001,3.0014785608674224,3.074962530019488,6.338870431893688,2.158530335465714,9518.878281622912,1614.1983770463592,7853.0,11083.0,11083.0,0.0,7853.0,0.0,28.55202863961814,21.098406537330117,33.52082742986682,19.27169773461479,0.13556085918854416,0.09379474940334129,0.09594272076372315,0.08400954653937948,0.08162291169451073,0.07541766109785203,0.06825775656324583,0.059665871121718374,0.05632458233890215,0.05536992840095466,0.04630071599045346,0.04821002386634845,0.034606205250596656,0.029355608591885442,0.017183770883054894,0.011455847255369928,0.006921241050119332,0.9212402670935401,0.023315522938158643,0.0,0.0,0.0,0.0,0.0,0.0,0.0,0.0,0.0,0.0,0.0,0.0,0.0,0.0,0.0,0.0,0.0,0.0,0.0,0.0,0.0,0.0,0.0,0.0,0.0,0.26491646778042965,5.298329355608593,15.25059665871122,8.470167064439142,0.7159904534606206,4.237504560379423,2.880850773441291,nan,nan,nan,4.290579710144928,2.890072655451973,4.183688464364438,2.8704680773409965,0.9750869922011355,0.3962,0.0129,0.0,0.0,0.0,0.0,0.0,0.0,0.0,0.0,0.0,0.0,0.2792362768496421,17.921241050119306,11.727923627684966,0.07159904534606207,0.0,0.0,0.0,0.0,0.0,0.0,0.0,0.0,0.0,0.0,0.0,0.0,0.0,0.0,0.0,0.0,nan,nan,4.237504560379423,2.880850773441291,nan,0.3962,0.06027,0.0,0.0,0.0,0.0,0.0,0.0,0.0,0.0,0.0,0.0,0.0,0.0,0.0,0.0,0.0,0.0,0.0,0.0,0.00031026252983293556,0.0,0.0004176610978520286,0.0012887828162291169,0.002386634844868735,0.0018257756563245823,0.01305489260143198,0.009009546539379475,0.00021479713603818617,0.0009427207637231503,0.005477326968973747,0.016515513126491646,0.020692124105011932,0.01541766109785203,0.025596658711217184,0.02187350835322196,0.04860381861575179,0.039272076372315036,0.0782816229116945,0.07428400954653938,0.07869928400954654,0.053007159904534605,0.07307875894988067,0.057159904534606204,0.05497613365155131,0.04088305489260143,0.05897374701670644,0.04502386634844869,0.04939140811455847,0.019689737470167064,0.020632458233890216,0.013568019093078759,0.014713603818615752,0.02305489260143198,0.015751789976133652,0.0022673031026252985,0.0004892601431980907,0.0006563245823389022,2.3866348448687352e-05,0.0,7.159904534606205e-05,0.002315035799522673,0.0,0.00010739856801909308,0.0,0.0,0.0,0.0,0.0,0.0,0.0,0.0,0.0,0.0,0.0,0.0,0.0,0.0,0.0,0.0,0.0,0.0,0.0,0.0,0.0,0.0,0.0,0.0,0.0,0.0,0.0,0.0,0.0,0.0,0.0,0.0,0.0,0.0,0.0,0.0,0.0,0.0,0.0,nan,nan,4.237504560379423,2.880850773441291,nan,0.9206242461493588,0.023076751489192544,0.0,0.0,0.0,0.0,0.0,0.0,0.0,0.0,0.0,0.0,0.0,0.0,0.0,0.0,0.0,0.0,0.0,0.0,0.0,0.0,0.0,0.0,0.0,0.0,0.0,0.29153169828782977,5.205923183711246,15.631652012956968,8.135122628412773,0.7357704766311894,0.9218963643140309,0.023549453706919472,0.0,0.0,0.0,0.0,0.0,0.0,0.0,0.0,0.0,0.0,0.0,0.0,0.0,0.0,0.0,0.0,0.0,0.0,0.0,0.0,0.0,0.0,0.0,0.0,0.0,0.23656973878758014,5.3967471660916715,14.844751108920654,8.827008378511584,0.6949236076885166,0.3962,0.01311,0.0,0.0,0.0,0.0,0.0,0.0,0.0,0.0,0.0,0.0,0.30541416011105976,17.880610828320194,11.730680240629342,0.08329477093937993,0.0,0.0,0.0,0.0,0.0,0.0,0.0,0.0,0.0,0.0,0.0,0.0,0.0,0.0,0.0,0.0,0.3965,0.012665,0.0,0.0,0.0,0.0,0.0,0.0,0.0,0.0,0.0,0.0,0.2513553474618039,17.964514539181838,11.72498767865944,0.059142434696895035,0.0,0.0,0.0,0.0,0.0,0.0,0.0,0.0,0.0,0.0,0.0,0.0,0.0,0.0,0.0,0.0
44900,3843,2003,0.5212073900598491,909,778,0.43897996357012753,1047,0.5448868071818892,0.4400000000000001,3.0391304347826087,3.1866895908142916,6.71047619047619,2.201295021854779,9536.499869893312,1613.5466425934512,7853.0,11083.0,11083.0,0.0,7853.0,0.0,28.3343741868332,21.23481428694812,33.280370942812986,19.50503999826219,0.13687223523289097,0.10200364298724955,0.09419724173822534,0.08352849336455893,0.07910486599011189,0.07442102524069737,0.06609419724173822,0.06167056986729118,0.06297163674212855,0.049440541243819934,0.04345563361956804,0.04215456674473068,0.03382773874577153,0.029143897996357013,0.025500910746812388,0.009107468123861567,0.006505334374186833,0.9213187940381884,0.022771182659801853,0.0,0.0,0.0,0.0,0.0,0.0,0.0,0.0,0.0,0.0,0.0,0.0,0.0,0.0,0.0,0.0,0.0,0.0,0.0,0.0,0.0,0.0,0.0,0.0,0.0,0.21077283372365346,5.152224824355973,15.784543325526936,8.15768930523029,0.6947697111631539,4.276155717761557,2.8939723943156372,nan,nan,nan,4.215334420880914,2.8944385713751934,4.33817594834544,2.8926591955612855,1.029141585269255,0.3962,0.01294,0.0,0.0,0.0,0.0,0.0,0.0,0.0,0.0,0.0,0.0,0.4215456674473069,17.720530835284908,11.811085089773616,0.04683840749414521,0.0,0.0,0.0,0.0,0.0,0.0,0.0,0.0,0.0,0.0,0.0,0.0,0.0,0.0,0.0,0.0,nan,nan,4.276155717761557,2.8939723943156372,nan,0.3962,0.06003,0.0,0.0,0.0,0.0,0.0,0.0,0.0,0.0,0.0,0.0,0.0,0.0,0.0,0.0,0.0,0.0,0.0,0.0,0.0004163413999479573,0.0,5.2042674993494666e-05,0.001444184231069477,0.0022118136872235233,0.0018865469685141816,0.013062711423367162,0.00975800156128025,0.00016913869372885766,0.0008326827998959146,0.004254488680718189,0.017512360135310955,0.020166536559979183,0.0156128024980484,0.023445225084569348,0.022222222222222223,0.05147020556856623,0.03822534478272183,0.07802498048399688,0.07012750455373407,0.08143377569607078,0.05408534998698933,0.0715846994535519,0.05914650013010669,0.056791569086651054,0.040762425188654694,0.0611631537861046,0.04776216497527973,0.04569346864428832,0.019789227166276346,0.01965912047879261,0.013244860785844392,0.014389799635701275,0.02181889149102264,0.01565183450429352,0.0018475149622690606,0.0005984907624251887,0.0007155867811605517,0.0,0.0,0.00013010668748373666,0.0027972937809003385,0.0,3.9032006245121e-05,0.0,0.0,0.0,0.0,0.0,0.0,0.0,0.0,0.0,0.0,0.0,0.0,0.0,0.0,0.0,0.0,0.0,0.0,0.0,0.0,0.0,0.0,0.0,0.0,0.0,0.0,0.0,0.0,0.0,0.0,0.0,0.0,0.0,0.0,0.0,0.0,0.0,0.0,0.0,nan,nan,4.276155717761557,2.8939723943156372,nan,0.9217288732171595,0.0229555690678451,0.0,0.0,0.0,0.0,0.0,0.0,0.0,0.0,0.0,0.0,0.0,0.0,0.0,0.0,0.0,0.0,0.0,0.0,0.0,0.0,0.0,0.0,0.0,0.0,0.0,0.19470793809286077,5.182226660009986,15.591612581128311,8.207688467299054,0.8237643534697955,0.9208723871928194,0.022560277384970965,0.0,0.0,0.0,0.0,0.0,0.0,0.0,0.0,0.0,0.0,0.0,0.0,0.0,0.0,0.0,0.0,0.0,0.0,0.0,0.0,0.0,0.0,0.0,0.0,0.0,0.22826086956521746,5.1195652173913055,15.994565217391308,8.103260869565219,0.5543478260869567,0.3962,0.01287,0.0,0.0,0.0,0.0,0.0,0.0,0.0,0.0,0.0,0.0,0.38941587618572154,17.718422366450298,11.817274088866702,0.07488766849725413,0.0,0.0,0.0,0.0,0.0,0.0,0.0,0.0,0.0,0.0,0.0,0.0,0.0,0.0,0.0,0.0,0.3962,0.013016,0.0,0.0,0.0,0.0,0.0,0.0,0.0,0.0,0.0,0.0,0.4565217391304349,17.722826086956495,11.804347826086959,0.01630434782608696,0.0,0.0,0.0,0.0,0.0,0.0,0.0,0.0,0.0,0.0,0.0,0.0,0.0,0.0,0.0,0.0
45000,3992,2039,0.5107715430861723,920,847,0.44263527054108215,1133,0.5676352705410822,0.4200000000000001,2.961085509472606,3.1232608062505256,6.635687732342007,2.199440109364703,9502.792084168337,1614.625192073759,7853.0,11083.0,11083.0,0.0,7853.0,0.0,27.578657314629258,20.79088374973492,32.44543828264759,19.122853258805783,0.14003006012024047,0.09944889779559118,0.10145290581162325,0.08992985971943888,0.0746492985971944,0.07865731462925851,0.07389779559118237,0.06462925851703406,0.05385771543086172,0.045090180360721446,0.045090180360721446,0.03406813627254509,0.037575150300601205,0.028557114228456915,0.01628256513026052,0.01002004008016032,0.006763527054108216,0.920806700367488,0.023099097418401333,0.0,0.0,0.0,0.0,0.0,0.0,0.0,0.0,0.0,0.0,0.0,0.0,0.0,0.0,0.0,0.0,0.0,0.0,0.0,0.0,0.0,0.0,0.0,0.0,0.007515030060120242,0.3081162324649299,5.192885771543087,15.721442885771546,8.003507014028058,0.7665330661322647,4.322466614296936,2.903951780337007,nan,nan,nan,4.339798293250582,2.8499000768562675,4.304693715194909,2.958248625463378,0.9919110115992559,0.3967,0.01282,0.0,0.0,0.0,0.0,0.0,0.0,0.0,0.0,0.0,0.0,0.38326653306613234,17.592685370741457,11.978957915831666,0.04509018036072145,0.0,0.0,0.0,0.0,0.0,0.0,0.0,0.0,0.0,0.0,0.0,0.0,0.0,0.0,0.0,0.0,nan,nan,4.322466614296936,2.903951780337007,nan,0.3967,0.0598,0.0,0.0,0.0,0.0,0.0,0.0,0.0,0.0,0.0,0.0,0.0,0.0,0.0,0.0,0.0,0.0,0.0,0.0,0.0005511022044088176,0.0,0.0,0.0011397795591182366,0.0022294589178356713,0.0017409819639278557,0.012950901803607215,0.009606713426853708,0.0001503006012024048,0.0005135270541082164,0.004145791583166332,0.01628256513026052,0.020390781563126254,0.013364228456913829,0.023659819639278556,0.021518036072144288,0.05270541082164329,0.03905310621242485,0.07690380761523045,0.0688502004008016,0.08196392785571142,0.058667334669338676,0.07282064128256513,0.05743987975951904,0.05905561122244489,0.041270040080160324,0.06115981963927856,0.04670591182364729,0.04313627254509018,0.019301102204408817,0.019251002004008016,0.014316132264529059,0.014215931863727455,0.022294589178356715,0.016169839679358717,0.0018161322645290582,0.000375751503006012,0.0008767535070140281,1.25250501002004e-05,0.0,2.50501002004008e-05,0.003319138276553106,5.01002004008016e-05,0.0,0.0,0.0,0.0,0.0,0.0,0.0,0.0,0.0,0.0,0.0,0.0,0.0,0.0,0.0,0.0,0.0,0.0,0.0,0.0,0.0,0.0,0.0,0.0,0.0,0.0,0.0,0.0,0.0,0.0,0.0,0.0,0.0,0.0,0.0,0.0,0.0,0.0,0.0,0.0,nan,nan,4.322466614296936,2.903951780337007,nan,0.9201819788538516,0.022983213935848942,0.0,0.0,0.0,0.0,0.0,0.0,0.0,0.0,0.0,0.0,0.0,0.0,0.0,0.0,0.0,0.0,0.0,0.0,0.0,0.0,0.0,0.0,0.0,0.0,0.0,0.39725355566454157,5.1201569396763125,16.051986267778325,7.709661598822954,0.7209416380578716,0.9214589313794208,0.023201525079831628,0.0,0.0,0.0,0.0,0.0,0.0,0.0,0.0,0.0,0.0,0.0,0.0,0.0,0.0,0.0,0.0,0.0,0.0,0.0,0.0,0.0,0.0,0.0,0.0,0.01536098310291859,0.21505376344086027,5.268817204301076,15.37634408602151,8.310291858678957,0.8141321044546853,0.3962,0.0127,0.0,0.0,0.0,0.0,0.0,0.0,0.0,0.0,0.0,0.0,0.45610593428151064,17.92054928886707,11.593918587542914,0.02942618930848456,0.0,0.0,0.0,0.0,0.0,0.0,0.0,0.0,0.0,0.0,0.0,0.0,0.0,0.0,0.0,0.0,0.3972,0.012924,0.0,0.0,0.0,0.0,0.0,0.0,0.0,0.0,0.0,0.0,0.3072196620583718,17.250384024577546,12.380952380952383,0.06144393241167436,0.0,0.0,0.0,0.0,0.0,0.0,0.0,0.0,0.0,0.0,0.0,0.0,0.0,0.0,0.0,0.0
45100,4108,2088,0.5082765335929893,989,853,0.44839337877312563,1182,0.5754625121713729,0.4000000000000001,2.9341584158415843,3.045548859580575,6.5026833631484795,2.04061882251705,9494.733203505355,1614.7787265846493,7853.0,11083.0,11083.0,0.0,7853.0,0.0,27.70618305744888,20.767845313501258,32.721559499563575,18.997224522341405,0.14337877312560857,0.10077896786757547,0.09225900681596884,0.08690360272638753,0.07935735150925025,0.07643622200584226,0.06767283349561831,0.06548198636806232,0.054527750730282376,0.056962025316455694,0.045764362220058426,0.03967867575462512,0.032862706913339826,0.024829600778967866,0.016066212268743916,0.010223953261927946,0.006815968841285297,0.9198681692853062,0.023168774947449518,0.0,0.0,0.0,0.0,0.0,0.0,0.0,0.0,0.0,0.0,0.0,0.0,0.0,0.0,0.0,0.0,0.0,0.0,0.0,0.0,0.0,0.0,0.0,0.0,0.007302823758519963,0.2921129503407985,5.550146056475171,15.75219084712756,7.719084712755601,0.6791626095423565,4.266717038156403,2.820247490731407,nan,nan,nan,4.327844311377246,2.830596860476514,4.204424103737605,2.8082930392324834,0.9714822903136354,0.3965,0.01284,0.0,0.0,0.0,0.0,0.0,0.0,0.0,0.0,0.0,0.0,0.24829600778967872,18.0087633885102,11.684518013631939,0.058422590068159704,0.0,0.0,0.0,0.0,0.0,0.0,0.0,0.0,0.0,0.0,0.0,0.0,0.0,0.0,0.0,0.0,nan,nan,4.266717038156403,2.820247490731407,nan,0.3965,0.06024,0.0,0.0,0.0,0.0,0.0,0.0,0.0,0.0,0.0,0.0,0.0,0.0,0.0,0.0,0.0,0.0,0.0,0.0,0.00038948393378773126,0.0,0.0,0.0010954235637779942,0.002069133398247322,0.0013631937682570595,0.013729308666017527,0.010345666991236612,0.00023125608568646543,0.0006450827653359299,0.0037487828627069133,0.01757546251217137,0.020861733203505355,0.012925998052580332,0.023600292112950342,0.024269717624148004,0.05430866601752678,0.03857108081791626,0.07762901655306718,0.06817185978578384,0.0789313534566699,0.05570837390457643,0.07473222979552094,0.05664556962025316,0.057716650438169426,0.0433300876338851,0.05886075949367089,0.047224926971762414,0.04308666017526777,0.01915774099318403,0.018622200584225902,0.014374391431353457,0.014447419668938656,0.02306475170399221,0.015822784810126583,0.0019109055501460564,0.00042599805258033106,0.0005842259006815969,3.6514118792599804e-05,0.0,7.302823758519961e-05,0.0037122687439143137,0.0,0.0,0.0,0.0,0.0,0.0,0.0,0.0,0.0,0.0,0.0,0.0,0.0,0.0,0.0,0.0,0.0,0.0,0.0,0.0,0.0,0.0,0.0,0.0,0.0,0.0,0.0,0.0,0.0,0.0,0.0,0.0,0.0,0.0,0.0,0.0,0.0,0.0,0.0,0.0,0.0,nan,nan,4.266717038156403,2.820247490731407,nan,0.9196156378678435,0.022637652256154522,0.0,0.0,0.0,0.0,0.0,0.0,0.0,0.0,0.0,0.0,0.0,0.0,0.0,0.0,0.0,0.0,0.0,0.0,0.0,0.0,0.0,0.0,0.0,0.0,0.014367816091954026,0.22988505747126442,5.574712643678162,16.0632183908046,7.543103448275864,0.574712643678161,0.9201292017603865,0.023702445000903488,0.0,0.0,0.0,0.0,0.0,0.0,0.0,0.0,0.0,0.0,0.0,0.0,0.0,0.0,0.0,0.0,0.0,0.0,0.0,0.0,0.0,0.0,0.0,0.0,0.0,0.3564356435643565,5.524752475247525,15.430693069306935,7.900990099009903,0.7871287128712874,0.3962,0.0128,0.0,0.0,0.0,0.0,0.0,0.0,0.0,0.0,0.0,0.0,0.2155172413793104,18.146551724137904,11.580459770114944,0.057471264367816105,0.0,0.0,0.0,0.0,0.0,0.0,0.0,0.0,0.0,0.0,0.0,0.0,0.0,0.0,0.0,0.0,0.3965,0.01287,0.0,0.0,0.0,0.0,0.0,0.0,0.0,0.0,0.0,0.0,0.2821782178217822,17.86633663366334,11.792079207920795,0.05940594059405942,0.0,0.0,0.0,0.0,0.0,0.0,0.0,0.0,0.0,0.0,0.0,0.0,0.0,0.0,0.0,0.0
45200,4043,2135,0.5280732129606728,1020,772,0.4432352213702696,1089,0.5387088795448924,0.4160000000000001,3.060272536687631,3.114521733433535,6.467465753424658,2.224313750302793,9558.676477862973,1612.4524105729029,7853.0,11083.0,11083.0,0.0,7853.0,0.0,28.221864951768488,20.983179883558847,33.15545107258301,19.20268468581148,0.13752164234479347,0.10239920850853326,0.09151620084095968,0.08112787534009398,0.08112787534009398,0.07667573583972298,0.063071976255256,0.06282463517190205,0.06505070492208756,0.05441503833786792,0.04699480583724957,0.042047984170170666,0.035864457086322035,0.022508038585209004,0.01904526341825377,0.010883007667573583,0.006925550333910463,0.9197371533947241,0.023245181005822114,0.0,0.0,0.0,0.0,0.0,0.0,0.0,0.0,0.0,0.0,0.0,0.0,0.0,0.0,0.0,0.0,0.0,0.0,0.0,0.0,0.0,0.0,0.0,0.0,0.0,0.32649023002720756,5.795201582982934,15.582488251298544,7.650259708137524,0.6455602275537968,4.1803966437833715,2.8603174405964706,nan,nan,nan,4.13584036838066,2.8429007397575567,4.224412433661865,2.876741839046153,1.021415735954984,0.3967,0.01295,0.0,0.0,0.0,0.0,0.0,0.0,0.0,0.0,0.0,0.0,0.34133069502844426,17.430126143952485,12.18402176601534,0.04452139500371012,0.0,0.0,0.0,0.0,0.0,0.0,0.0,0.0,0.0,0.0,0.0,0.0,0.0,0.0,0.0,0.0,nan,nan,4.1803966437833715,2.8603174405964706,nan,0.3967,0.06094,0.0,0.0,0.0,0.0,0.0,0.0,0.0,0.0,0.0,0.0,0.0,0.0,0.0,0.0,0.0,0.0,0.0,0.0,0.00025970813752164234,0.0,3.710116250309176e-05,0.0005441503833786793,0.0025599802127133317,0.001310907741775909,0.014197378184516447,0.010004946821667079,9.893643334157804e-05,0.0008409596834034134,0.0031783329210981945,0.01900816225575068,0.02197625525599802,0.012181548355181796,0.02577294088548108,0.025711105614642592,0.05447687360870641,0.03858520900321544,0.07755379668562948,0.06537224833044769,0.07901310907741776,0.052696017808558,0.07360870640613405,0.05795201582982933,0.05399455849616621,0.040019787286668315,0.05697501855058125,0.05013603759584467,0.04225822409102152,0.0220751916893396,0.019663616126638635,0.01685629483057136,0.014518921592876577,0.02274301261439525,0.015978233984664855,0.0022508038585209,0.0010883007667573585,0.0007667573583972298,3.710116250309176e-05,0.0,2.473410833539451e-05,0.0036730150878060844,0.0,0.0,0.0,0.0,0.0,0.0,0.0,0.0,0.0,0.0,0.0,0.0,0.0,0.0,0.0,0.0,0.0,0.0,0.0,0.0,0.0,0.0,0.0,0.0,0.0,0.0,0.0,0.0,0.0,0.0,0.0,0.0,0.0,0.0,0.0,0.0,0.0,0.0,0.0,0.0,0.0,nan,nan,4.1803966437833715,2.8603174405964706,nan,0.9191315430947155,0.02342748041037588,0.0,0.0,0.0,0.0,0.0,0.0,0.0,0.0,0.0,0.0,0.0,0.0,0.0,0.0,0.0,0.0,0.0,0.0,0.0,0.0,0.0,0.0,0.0,0.0,0.0,0.3091334894613584,6.028103044496489,15.526932084309136,7.545667447306793,0.5901639344262296,0.9204148148153313,0.02302060273642604,0.0,0.0,0.0,0.0,0.0,0.0,0.0,0.0,0.0,0.0,0.0,0.0,0.0,0.0,0.0,0.0,0.0,0.0,0.0,0.0,0.0,0.0,0.0,0.0,0.0,0.3459119496855346,5.534591194968554,15.644654088050318,7.767295597484279,0.7075471698113208,0.397,0.01319,0.0,0.0,0.0,0.0,0.0,0.0,0.0,0.0,0.0,0.0,0.3934426229508198,17.142857142857117,12.393442622950824,0.07025761124121781,0.0,0.0,0.0,0.0,0.0,0.0,0.0,0.0,0.0,0.0,0.0,0.0,0.0,0.0,0.0,0.0,0.3962,0.012665,0.0,0.0,0.0,0.0,0.0,0.0,0.0,0.0,0.0,0.0,0.28301886792452835,17.751572327044,11.949685534591197,0.015723270440251576,0.0,0.0,0.0,0.0,0.0,0.0,0.0,0.0,0.0,0.0,0.0,0.0,0.0,0.0,0.0,0.0
45300,3801,1973,0.5190739279137069,958,756,0.45093396474611946,1033,0.5435411733754275,0.4320000000000001,3.0568927789934355,3.2077998444253564,6.699812382739212,2.2977148209026366,9529.608787161273,1613.8244505969403,7853.0,11083.0,11083.0,0.0,7853.0,0.0,27.78637200736648,20.660970441176296,32.772298994974875,18.863416749048685,0.14154169955274928,0.10049986845566956,0.09076558800315707,0.08602999210734018,0.07840042094185741,0.07840042094185741,0.06761378584583004,0.06287818995001315,0.059458037358589844,0.056037884767166535,0.04814522494080505,0.04393580636674559,0.03130755064456722,0.024993422783478034,0.014732965009208104,0.007892659826361484,0.007366482504604052,0.9202952223744904,0.02311922030362536,0.0,0.0,0.0,0.0,0.0,0.0,0.0,0.0,0.0,0.0,0.0,0.0,0.0,0.0,0.0,0.0,0.0,0.0,0.0,0.0,0.0,0.0,0.0,0.0,0.007892659826361486,0.2683504340962905,5.319652722967641,15.872138910812948,7.868981846882401,0.6629834254143647,4.28734693877551,3.0017483174420434,nan,nan,nan,4.3088834555827225,2.9927831110971908,4.269230769230769,3.0093176465725677,0.990797456751684,0.3967,0.01324,0.0,0.0,0.0,0.0,0.0,0.0,0.0,0.0,0.0,0.0,0.33149171270718236,17.69534333070242,11.894238358326758,0.07892659826361485,0.0,0.0,0.0,0.0,0.0,0.0,0.0,0.0,0.0,0.0,0.0,0.0,0.0,0.0,0.0,0.0,nan,nan,4.28734693877551,3.0017483174420434,nan,0.3967,0.06085,0.0,0.0,0.0,0.0,0.0,0.0,0.0,0.0,0.0,0.0,0.0,0.0,0.0,0.0,0.0,0.0,0.0,0.0,0.0003025519600105235,0.0,1.3154433043935807e-05,0.0004340962904498816,0.0033149171270718232,0.0012496711391739015,0.013220205209155485,0.009602736122073139,1.3154433043935807e-05,0.0006840305182846619,0.0037227045514338333,0.01904761904761905,0.023204419889502764,0.011838989739542225,0.02544067350697185,0.02559852670349908,0.056577216521967906,0.03837148118916075,0.07566429886871875,0.06462772954485661,0.08087345435411734,0.05269665877400684,0.07211260194685609,0.05845830044725072,0.05238095238095238,0.04098921336490397,0.05990528808208366,0.04790844514601421,0.04180478821362799,0.022191528545119705,0.021717968955538017,0.01733754275190739,0.013101815311760063,0.021375953696395684,0.016035253880557748,0.0018942383583267562,0.0016443041304919758,0.0007629571165482768,0.0,0.0,6.577216521967904e-05,0.0037753222836095766,3.9463299131807416e-05,0.0,0.0,0.0,0.0,0.0,0.0,0.0,0.0,0.0,0.0,0.0,0.0,0.0,0.0,0.0,0.0,0.0,0.0,0.0,0.0,0.0,0.0,0.0,0.0,0.0,0.0,0.0,0.0,0.0,0.0,0.0,0.0,0.0,0.0,0.0,0.0,0.0,0.0,0.0,0.0,nan,nan,4.28734693877551,3.0017483174420434,nan,0.9207145706143889,0.023207508744792365,0.0,0.0,0.0,0.0,0.0,0.0,0.0,0.0,0.0,0.0,0.0,0.0,0.0,0.0,0.0,0.0,0.0,0.0,0.0,0.0,0.0,0.0,0.0,0.0,0.0,0.24328433857070456,5.124176381145465,16.041561074505832,7.754688291941208,0.836289913836797,0.9198426107348185,0.02301497640375451,0.0,0.0,0.0,0.0,0.0,0.0,0.0,0.0,0.0,0.0,0.0,0.0,0.0,0.0,0.0,0.0,0.0,0.0,0.0,0.0,0.0,0.0,0.0,0.0,0.016411378555798693,0.2954048140043764,5.530634573304159,15.68927789934355,7.992341356673963,0.47592997811816207,0.3962,0.01337,0.0,0.0,0.0,0.0,0.0,0.0,0.0,0.0,0.0,0.0,0.41054232133806395,17.79016725798274,11.738469336036495,0.06082108464267614,0.0,0.0,0.0,0.0,0.0,0.0,0.0,0.0,0.0,0.0,0.0,0.0,0.0,0.0,0.0,0.0,0.3972,0.01307,0.0,0.0,0.0,0.0,0.0,0.0,0.0,0.0,0.0,0.0,0.24617067833698036,17.592997811816165,12.062363238512036,0.09846827133479213,0.0,0.0,0.0,0.0,0.0,0.0,0.0,0.0,0.0,0.0,0.0,0.0,0.0,0.0,0.0,0.0
45400,4031,2091,0.5187298437112379,997,805,0.4470354750682213,1117,0.554204911932523,0.4240000000000001,3.0185567010309278,3.150137614304022,6.65377855887522,2.101465877242214,9528.497395187298,1613.8664954622338,7853.0,11083.0,11083.0,0.0,7853.0,0.0,28.1503349044902,20.942626952664313,33.094985250737466,19.161488961405677,0.13817911188290746,0.0977424956586455,0.09005209625403125,0.08285785164971471,0.09178863805507319,0.07144629124286778,0.07367898784420739,0.06127511783676507,0.0592904986355743,0.04688662862813198,0.04986355742991813,0.04018853882411312,0.03274621681964773,0.026792359216075416,0.017613495410568097,0.012403870007442322,0.007194244604316547,0.9212521574864522,0.023353080641987767,0.0,0.0,0.0,0.0,0.0,0.0,0.0,0.0,0.0,0.0,0.0,0.0,0.0,0.0,0.0,0.0,0.0,0.0,0.0,0.0,0.0,0.0,0.0,0.0,0.0,0.2604812701562888,5.209625403125776,15.308856363185317,8.365169933019104,0.8558670305135204,4.229977116704806,2.92991643173644,nan,nan,nan,4.157733537519142,2.894456190645207,4.300380228136882,2.9637030851790076,1.0343087620528117,0.3962,0.0131,0.0,0.0,0.0,0.0,0.0,0.0,0.0,0.0,0.0,0.0,0.32746216819647733,18.13693872488214,11.468618208881173,0.06698089804018856,0.0,0.0,0.0,0.0,0.0,0.0,0.0,0.0,0.0,0.0,0.0,0.0,0.0,0.0,0.0,0.0,nan,nan,4.229977116704806,2.92991643173644,nan,0.3962,0.06088,0.0,0.0,0.0,0.0,0.0,0.0,0.0,0.0,0.0,0.0,0.0,0.0,0.0,0.0,0.0,0.0,0.0,0.0,0.0005581741503349045,0.0,0.0,0.0006822128504093277,0.003584718432150831,0.0013272140907963285,0.013594641528156785,0.00998511535599107,8.682709005209626e-05,0.0006946167204167701,0.004688662862813197,0.018196477300917887,0.02344331431406599,0.013321756387993053,0.022252542793351527,0.025576779955346067,0.053932026792359214,0.04028776978417266,0.07536591416521955,0.06262713966757628,0.0830315058298189,0.049950384519970234,0.07624658893574796,0.05907963284544778,0.05576779955346068,0.04278094765566857,0.05901761349541057,0.046415281567849166,0.04023815430414289,0.021396675762838005,0.023294467873976682,0.018258496650955098,0.011523195236913917,0.01870503597122302,0.01549243363929546,0.001810965021086579,0.0018357727611014636,0.0006077896303646737,4.961548002976929e-05,0.0,0.00024807740014884643,0.004043661622426197,0.0,0.0,0.0,0.0,0.0,0.0,0.0,0.0,0.0,0.0,0.0,0.0,0.0,0.0,0.0,0.0,0.0,0.0,0.0,0.0,0.0,0.0,0.0,0.0,0.0,0.0,0.0,0.0,0.0,0.0,0.0,0.0,0.0,0.0,0.0,0.0,0.0,0.0,0.0,0.0,0.0,nan,nan,4.229977116704806,2.92991643173644,nan,0.9213707947605595,0.023978623643778747,0.0,0.0,0.0,0.0,0.0,0.0,0.0,0.0,0.0,0.0,0.0,0.0,0.0,0.0,0.0,0.0,0.0,0.0,0.0,0.0,0.0,0.0,0.0,0.0,0.0,0.2439024390243903,5.20803443328551,15.236728837876617,8.206599713055956,1.1047345767575325,0.9211242860739993,0.02265882380436857,0.0,0.0,0.0,0.0,0.0,0.0,0.0,0.0,0.0,0.0,0.0,0.0,0.0,0.0,0.0,0.0,0.0,0.0,0.0,0.0,0.0,0.0,0.0,0.0,0.0,0.2783505154639176,5.211340206185568,15.386597938144334,8.536082474226806,0.5876288659793816,0.396,0.01332,0.0,0.0,0.0,0.0,0.0,0.0,0.0,0.0,0.0,0.0,0.3443328550932569,18.048780487804855,11.535150645624105,0.07173601147776185,0.0,0.0,0.0,0.0,0.0,0.0,0.0,0.0,0.0,0.0,0.0,0.0,0.0,0.0,0.0,0.0,0.3962,0.01286,0.0,0.0,0.0,0.0,0.0,0.0,0.0,0.0,0.0,0.0,0.309278350515464,18.23195876288657,11.396907216494848,0.0618556701030928,0.0,0.0,0.0,0.0,0.0,0.0,0.0,0.0,0.0,0.0,0.0,0.0,0.0,0.0,0.0,0.0
45500,4120,2137,0.5186893203883495,975,824,0.4366504854368932,1155,0.5606796116504854,0.4080000000000001,2.94452849218356,3.0657526319441386,6.506238859180035,2.027541280339577,9528.366504854368,1613.871396701629,7853.0,11083.0,11083.0,0.0,7853.0,0.0,28.052669902912623,21.13133670475843,32.996821727824326,19.44490408854502,0.13616504854368933,0.10970873786407767,0.09441747572815534,0.08810679611650485,0.07281553398058252,0.07257281553398058,0.06553398058252427,0.06140776699029126,0.06043689320388349,0.05024271844660194,0.04927184466019417,0.04223300970873786,0.03131067961165049,0.024514563106796117,0.023058252427184466,0.01237864077669903,0.005825242718446602,0.9213270390641342,0.02284254807183576,0.0,0.0,0.0,0.0,0.0,0.0,0.0,0.0,0.0,0.0,0.0,0.0,0.0,0.0,0.0,0.0,0.0,0.0,0.0,0.0,0.0,0.0,0.0,0.0,0.0,0.23300970873786414,5.009708737864078,15.742718446601945,8.330097087378643,0.6844660194174759,4.258076776890916,2.8534299156855116,nan,nan,nan,4.232876712328767,2.818553949606025,4.283219438116933,2.8875875475533914,1.011893265315651,0.3967,0.013435,0.0,0.0,0.0,0.0,0.0,0.0,0.0,0.0,0.0,0.0,0.3640776699029127,17.410194174757258,12.18203883495146,0.04368932038834952,0.0,0.0,0.0,0.0,0.0,0.0,0.0,0.0,0.0,0.0,0.0,0.0,0.0,0.0,0.0,0.0,nan,nan,4.258076776890916,2.8534299156855116,nan,0.3967,0.06076,0.0,0.0,0.0,0.0,0.0,0.0,0.0,0.0,0.0,0.0,0.0,0.0,0.0,0.0,0.0,0.0,0.0,0.0,0.0006189320388349514,0.0,0.0,0.00043689320388349515,0.003616504854368932,0.001383495145631068,0.011978155339805825,0.009963592233009709,0.00014563106796116506,0.0010558252427184465,0.004308252427184466,0.019684466019417476,0.02341019417475728,0.01246359223300971,0.022160194174757283,0.025024271844660193,0.0508131067961165,0.04058252427184466,0.07603155339805825,0.061504854368932035,0.08356796116504854,0.05139563106796116,0.07700242718446602,0.05964805825242719,0.055364077669902916,0.044733009708737864,0.05953883495145631,0.04611650485436893,0.04149271844660194,0.02200242718446602,0.02330097087378641,0.01736650485436893,0.009817961165048544,0.016868932038834952,0.016189320388349516,0.0020995145631067962,0.0016868932038834952,0.0013470873786407768,2.4271844660194176e-05,0.0,0.00041262135922330096,0.004842233009708738,0.0,0.0,0.0,0.0,0.0,0.0,0.0,0.0,0.0,0.0,0.0,0.0,0.0,0.0,0.0,0.0,0.0,0.0,0.0,0.0,0.0,0.0,0.0,0.0,0.0,0.0,0.0,0.0,0.0,0.0,0.0,0.0,0.0,0.0,0.0,0.0,0.0,0.0,0.0,0.0,0.0,nan,nan,4.258076776890916,2.8534299156855116,nan,0.9211463991257984,0.02280449331864873,0.0,0.0,0.0,0.0,0.0,0.0,0.0,0.0,0.0,0.0,0.0,0.0,0.0,0.0,0.0,0.0,0.0,0.0,0.0,0.0,0.0,0.0,0.0,0.0,0.0,0.23865231633130563,5.180159101544222,15.666822648572769,8.254562470753394,0.6598034627983155,0.9215217075201219,0.022881890895710758,0.0,0.0,0.0,0.0,0.0,0.0,0.0,0.0,0.0,0.0,0.0,0.0,0.0,0.0,0.0,0.0,0.0,0.0,0.0,0.0,0.0,0.0,0.0,0.0,0.0,0.22692889561270807,4.826021180030258,15.824508320726176,8.411497730711046,0.7110438729198185,0.3965,0.01358,0.0,0.0,0.0,0.0,0.0,0.0,0.0,0.0,0.0,0.0,0.35095928872250826,17.182966775853977,12.452035563874594,0.01403837154890033,0.0,0.0,0.0,0.0,0.0,0.0,0.0,0.0,0.0,0.0,0.0,0.0,0.0,0.0,0.0,0.0,0.3967,0.01329,0.0,0.0,0.0,0.0,0.0,0.0,0.0,0.0,0.0,0.0,0.37821482602118006,17.65506807866866,11.891074130105903,0.07564296520423602,0.0,0.0,0.0,0.0,0.0,0.0,0.0,0.0,0.0,0.0,0.0,0.0,0.0,0.0,0.0,0.0
45600,4066,2076,0.5105755041810133,986,794,0.4377766847024102,1163,0.5720609936055091,0.39200000000000007,3.0221105527638192,3.0335665805835483,6.391233766233766,2.014038660148838,9502.158878504673,1614.6387122261447,7853.0,11083.0,11083.0,0.0,7853.0,0.0,28.81923266109198,21.102705631027597,33.587775202780996,19.32343784947656,0.13256271519921298,0.0954254795868175,0.08853910477127398,0.08706345302508608,0.08140678799803247,0.07575012297097884,0.07550418101328087,0.056074766355140186,0.05705853418593212,0.05902606984751599,0.04574520413182489,0.04033448106246926,0.04033448106246926,0.02631578947368421,0.021888834235120513,0.009591736350221348,0.0073782587309394985,0.9208283189095949,0.022888123859906316,0.0,0.0,0.0,0.0,0.0,0.0,0.0,0.0,0.0,0.0,0.0,0.0,0.0,0.0,0.0,0.0,0.0,0.0,0.0,0.0,0.0,0.0,0.0,0.0,0.0073782587309395,0.2582390555828825,5.120511559272012,15.686178061977376,8.300541072306938,0.6271519921298575,4.25554302893649,2.789241608163805,nan,nan,nan,4.262222222222222,2.834597539312511,4.248665141113654,2.7417354022618556,0.9968192458295851,0.3965,0.01309,0.0,0.0,0.0,0.0,0.0,0.0,0.0,0.0,0.0,0.0,0.250860796851943,18.275946876537112,11.443679291687163,0.029513034923758,0.0,0.0,0.0,0.0,0.0,0.0,0.0,0.0,0.0,0.0,0.0,0.0,0.0,0.0,0.0,0.0,nan,nan,4.25554302893649,2.789241608163805,nan,0.3965,0.06116,0.0,0.0,0.0,0.0,0.0,0.0,0.0,0.0,0.0,0.0,0.0,0.0,0.0,0.0,0.0,0.0,0.0,1.2297097884899164e-05,0.0007009345794392523,0.0,0.0,0.0003689129365469749,0.0033202164289227744,0.0010206591244466307,0.011436301032956222,0.010686178061977374,0.0001352680767338908,0.0014633546483030005,0.003750614854894245,0.020855878012788983,0.024483521888834237,0.013465322183964585,0.020363994097393014,0.025787014264633548,0.05500491883915396,0.03830545991146089,0.07492621741269061,0.06294884407279883,0.08023856369896705,0.05078701426463355,0.07979586817511067,0.06186669945892769,0.05263157894736842,0.04537629119527791,0.05712001967535662,0.0470241023118544,0.03880964092474176,0.020769798327594687,0.021839645843580915,0.01792916871618298,0.010944417117560256,0.016416625676340384,0.01736350221347762,0.002754549926217413,0.0023487456960157404,0.001647811116576488,1.2297097884899164e-05,0.0,0.0003443187407771766,0.004943433349729464,0.0,0.0,0.0,0.0,0.0,0.0,0.0,0.0,0.0,0.0,0.0,0.0,0.0,0.0,0.0,0.0,0.0,0.0,0.0,0.0,0.0,0.0,0.0,0.0,0.0,0.0,0.0,0.0,0.0,0.0,0.0,0.0,0.0,0.0,0.0,0.0,0.0,0.0,0.0,0.0,0.0,nan,nan,4.25554302893649,2.789241608163805,nan,0.920341339471942,0.022833246690282506,0.0,0.0,0.0,0.0,0.0,0.0,0.0,0.0,0.0,0.0,0.0,0.0,0.0,0.0,0.0,0.0,0.0,0.0,0.0,0.0,0.0,0.0,0.0,0.0,0.0,0.27456647398843936,5.260115606936417,15.751445086705205,8.078034682080927,0.6358381502890175,0.9213363436897796,0.02293421501049361,0.0,0.0,0.0,0.0,0.0,0.0,0.0,0.0,0.0,0.0,0.0,0.0,0.0,0.0,0.0,0.0,0.0,0.0,0.0,0.0,0.0,0.0,0.0,0.0,0.015075376884422113,0.24120603015075381,4.974874371859298,15.61809045226131,8.532663316582916,0.6180904522613067,0.3962,0.01324,0.0,0.0,0.0,0.0,0.0,0.0,0.0,0.0,0.0,0.0,0.27456647398843936,18.236994219653152,11.459537572254337,0.02890173410404625,0.0,0.0,0.0,0.0,0.0,0.0,0.0,0.0,0.0,0.0,0.0,0.0,0.0,0.0,0.0,0.0,0.3965,0.01294,0.0,0.0,0.0,0.0,0.0,0.0,0.0,0.0,0.0,0.0,0.22613065326633172,18.316582914572837,11.427135678391961,0.030150753768844227,0.0,0.0,0.0,0.0,0.0,0.0,0.0,0.0,0.0,0.0,0.0,0.0,0.0,0.0,0.0,0.0
45700,3826,2031,0.5308416100365917,989,738,0.4513852587558808,1059,0.5535807631991636,0.4360000000000001,3.116991643454039,3.175764049920243,6.614130434782608,2.2103223675504924,9567.61840041819,1611.9246800946132,7853.0,11083.0,11083.0,0.0,7853.0,0.0,28.419498170412965,21.135930921330665,33.37647423960273,19.345179835076408,0.13852587558808155,0.09749085206481965,0.0872974385781495,0.08337689492943022,0.08572922111866178,0.07945635128071092,0.06952430737062205,0.05723993727130162,0.05723993727130162,0.05697856769472034,0.043387349712493466,0.04286461055933089,0.033716675378985886,0.027443805541035024,0.01803450078410873,0.014113957135389441,0.007579717720857292,0.9200735909117496,0.023133624802665172,0.0,0.0,0.0,0.0,0.0,0.0,0.0,0.0,0.0,0.0,0.0,0.0,0.0,0.0,0.0,0.0,0.0,0.0,0.0,0.0,0.0,0.0,0.0,0.0,0.02352326189231574,0.2509147935180346,5.551489806586514,15.588081547307898,7.935180345007843,0.6508102456874021,4.212554628526023,2.9483221677729787,nan,nan,nan,4.267842822774659,2.938086118180582,4.158267716535433,2.957332830716716,0.9743254119728834,0.3977,0.012566,0.0,0.0,0.0,0.0,0.0,0.0,0.0,0.0,0.0,0.0,0.19602718243596448,16.819132253005726,12.898588604286465,0.08625196027182437,0.0,0.0,0.0,0.0,0.0,0.0,0.0,0.0,0.0,0.0,0.0,0.0,0.0,0.0,0.0,0.0,nan,nan,4.212554628526023,2.9483221677729787,nan,0.3977,0.06073,0.0,0.0,0.0,0.0,0.0,0.0,0.0,0.0,0.0,0.0,0.0,0.0,0.0,0.0,0.0,0.0,0.0,0.00016989022477783587,0.0005880815473078934,0.0,0.0,0.000575013068478829,0.002809722948248824,0.0005096706743335076,0.010807631991636174,0.008964976476738107,7.841087297438578e-05,0.0016466283324621015,0.004103502352326189,0.02053058024046001,0.02362780972294825,0.013251437532671197,0.019302143230527966,0.025169890224777836,0.05395974908520648,0.03544171458442237,0.07417668583376895,0.060663878724516465,0.0793910088865656,0.05133298484056456,0.08379508625196028,0.06332984840564558,0.05210402509147935,0.04649764767381077,0.06151332984840564,0.047543125980135915,0.043596445373758494,0.018687924725561945,0.021393099843178255,0.018452692106638788,0.009043387349712493,0.016623105070569785,0.017250392054364874,0.002522216414009409,0.002378463146889702,0.0014244641923680083,6.534239414532148e-05,0.0,0.00027443805541035025,0.006377417668583377,0.0,2.6136957658128594e-05,0.0,0.0,0.0,0.0,0.0,0.0,0.0,0.0,0.0,0.0,0.0,0.0,0.0,0.0,0.0,0.0,0.0,0.0,0.0,0.0,0.0,0.0,0.0,0.0,0.0,0.0,0.0,0.0,0.0,0.0,0.0,0.0,0.0,0.0,0.0,0.0,0.0,0.0,0.0,nan,nan,4.212554628526023,2.9483221677729787,nan,0.9203260919837633,0.022395390373161694,0.0,0.0,0.0,0.0,0.0,0.0,0.0,0.0,0.0,0.0,0.0,0.0,0.0,0.0,0.0,0.0,0.0,0.0,0.0,0.0,0.0,0.0,0.0,0.0,0.01477104874446086,0.1772525849335303,5.347119645494831,15.893648449039885,7.991137370753325,0.5760709010339735,0.9197878919272038,0.023938274413998914,0.0,0.0,0.0,0.0,0.0,0.0,0.0,0.0,0.0,0.0,0.0,0.0,0.0,0.0,0.0,0.0,0.0,0.0,0.0,0.0,0.0,0.0,0.0,0.0,0.03342618384401115,0.3342618384401115,5.782729805013928,15.242339832869085,7.871866295264626,0.7353760445682452,0.3977,0.01262,0.0,0.0,0.0,0.0,0.0,0.0,0.0,0.0,0.0,0.0,0.25110782865583464,16.868537666174273,12.776957163958645,0.10339734121122603,0.0,0.0,0.0,0.0,0.0,0.0,0.0,0.0,0.0,0.0,0.0,0.0,0.0,0.0,0.0,0.0,0.398,0.012505,0.0,0.0,0.0,0.0,0.0,0.0,0.0,0.0,0.0,0.0,0.1337047353760446,16.763231197771564,13.036211699164348,0.0668523676880223,0.0,0.0,0.0,0.0,0.0,0.0,0.0,0.0,0.0,0.0,0.0,0.0,0.0,0.0,0.0,0.0
45800,3882,2027,0.5221535291087068,986,772,0.4528593508500773,1044,0.5378670788253478,0.4480000000000001,2.980592991913747,3.2245103556672494,6.782868525896414,2.273760188994695,9539.555899021123,1613.4140055532177,7853.0,11083.0,11083.0,0.0,7853.0,0.0,26.953889747552807,20.273317563095574,31.967821782178216,18.517925599880076,0.14708912931478618,0.10072127769191139,0.09917568263781557,0.09015971148892324,0.07934054611025244,0.0729005667181865,0.06723338485316847,0.06568778979907264,0.061051004636785165,0.05564142194744977,0.04404945904173107,0.03838227717671303,0.029108706852138073,0.023183925811437404,0.012622359608449252,0.0077279752704791345,0.00592478104070067,0.9202067451892226,0.022853592927974314,0.0,0.0,0.0,0.0,0.0,0.0,0.0,0.0,0.0,0.0,0.0,0.0,0.0,0.0,0.0,0.0,0.0,0.0,0.0,0.0,0.0,0.0,0.0,0.0,0.0,0.30911901081916543,5.231839258114375,15.950540958268938,7.843894899536323,0.6646058732612057,4.345840130505709,3.0724481825000898,nan,nan,nan,4.290791599353796,3.0583072366361845,4.401976935749588,3.085790793814654,1.0259125463964591,0.3975,0.0126,0.0,0.0,0.0,0.0,0.0,0.0,0.0,0.0,0.0,0.0,0.20092735703245757,17.4343122102009,12.295208655332305,0.06955177743431222,0.0,0.0,0.0,0.0,0.0,0.0,0.0,0.0,0.0,0.0,0.0,0.0,0.0,0.0,0.0,0.0,nan,nan,4.345840130505709,3.0724481825000898,nan,0.3975,0.0606,0.0,0.0,0.0,0.0,0.0,0.0,0.0,0.0,0.0,0.0,0.0,0.0,0.0,0.0,0.0,0.0,0.0,6.439979392065946e-05,0.00029623905203503346,1.2879958784131891e-05,0.0,0.0004894384337970119,0.0033487892838742917,0.00018031942297784648,0.011154044307058218,0.0089258114374034,9.015971148892324e-05,0.001300875837197321,0.004108706852138073,0.02179289026275116,0.024381761978361668,0.012648119526017517,0.01942297784647089,0.029250386398763525,0.05530654301906234,0.03504636785162288,0.07038897475528079,0.057354456465739306,0.07955950540958269,0.05255023183925812,0.08467284904688305,0.06367851622874807,0.05014167954662545,0.04826120556414219,0.05906749098402885,0.04678001030396703,0.047153529108706856,0.01929417825862957,0.02022153529108707,0.020118495620814015,0.00830757341576507,0.01613858835651726,0.01656362699639361,0.0018031942297784646,0.0024085522926326638,0.0014811952601751675,0.0001545595054095827,0.0,0.00019319938176197836,0.005821741370427615,1.2879958784131891e-05,5.1519835136527566e-05,0.0,0.0,0.0,0.0,0.0,0.0,0.0,0.0,0.0,0.0,0.0,0.0,0.0,0.0,0.0,0.0,0.0,0.0,0.0,0.0,0.0,0.0,0.0,0.0,0.0,0.0,0.0,0.0,0.0,0.0,0.0,0.0,0.0,0.0,0.0,0.0,0.0,0.0,0.0,nan,nan,4.345840130505709,3.0724481825000898,nan,0.9207522635337574,0.02276590554080253,0.0,0.0,0.0,0.0,0.0,0.0,0.0,0.0,0.0,0.0,0.0,0.0,0.0,0.0,0.0,0.0,0.0,0.0,0.0,0.0,0.0,0.0,0.0,0.0,0.0,0.29600394671928965,5.1208682782437105,15.836211149481997,8.051307350764679,0.6956092747903306,0.9196106450898307,0.02293419627045532,0.0,0.0,0.0,0.0,0.0,0.0,0.0,0.0,0.0,0.0,0.0,0.0,0.0,0.0,0.0,0.0,0.0,0.0,0.0,0.0,0.0,0.0,0.0,0.0,0.0,0.3234501347708896,5.353099730458222,16.075471698113212,7.617250673854449,0.6307277628032346,0.397,0.0125,0.0,0.0,0.0,0.0,0.0,0.0,0.0,0.0,0.0,0.0,0.22200296003946726,17.775037000493313,11.943759250123337,0.05920078934385793,0.0,0.0,0.0,0.0,0.0,0.0,0.0,0.0,0.0,0.0,0.0,0.0,0.0,0.0,0.0,0.0,0.3977,0.01271,0.0,0.0,0.0,0.0,0.0,0.0,0.0,0.0,0.0,0.0,0.17789757412398924,17.061994609164394,12.67924528301887,0.0808625336927224,0.0,0.0,0.0,0.0,0.0,0.0,0.0,0.0,0.0,0.0,0.0,0.0,0.0,0.0,0.0,0.0
45900,4439,2301,0.5183599909889615,1073,884,0.4408650596981302,1263,0.5690470826762785,0.39200000000000007,3.0056127221702527,3.041798973471325,6.4116719242902205,2.0006125354430844,9527.302770894346,1613.9108343908758,7853.0,11083.0,11083.0,0.0,7853.0,0.0,28.489074115791844,21.108966587626348,33.50482573726541,19.29125163334128,0.13674250957422843,0.10227528722685289,0.08898400540662312,0.08154989862581663,0.07884658706915972,0.07704437936472179,0.06758278891642262,0.06307726965532778,0.05541788691146655,0.05744537057895922,0.048434332056769544,0.04190132912818202,0.03446722234737554,0.029060599234061724,0.019373732822707816,0.00991214237440865,0.007884658706915973,0.920753062295065,0.02285155898922756,0.0,0.0,0.0,0.0,0.0,0.0,0.0,0.0,0.0,0.0,0.0,0.0,0.0,0.0,0.0,0.0,0.0,0.0,0.0,0.0,0.0,0.0,0.0,0.0,0.0,0.3446722234737554,5.1768416309979735,15.834647443117822,8.06262671772922,0.5812119846812346,4.249047454104607,2.8213112777778804,nan,nan,nan,4.377641445126108,2.839826151274331,4.116197183098592,2.7958504796896415,0.9402773696053619,0.397,0.012566,0.0,0.0,0.0,0.0,0.0,0.0,0.0,0.0,0.0,0.0,0.25005631899076375,17.666141022752846,12.03649470601487,0.047307952241495844,0.0,0.0,0.0,0.0,0.0,0.0,0.0,0.0,0.0,0.0,0.0,0.0,0.0,0.0,0.0,0.0,nan,nan,4.249047454104607,2.8213112777778804,nan,0.397,0.0614,0.0,0.0,0.0,0.0,0.0,0.0,0.0,0.0,0.0,0.0,0.0,0.0,0.0,0.0,0.0,0.0,0.0,0.0,0.0004730795224149583,0.0,1.1263798152737103e-05,0.00030412255012390177,0.0026807839603514307,0.0004167605316512728,0.012255012390177967,0.009472854246451903,0.00025906735751295336,0.0015093489524667719,0.004100022527596305,0.021243523316062177,0.025726514980851545,0.012795674701509349,0.018247353007434106,0.030108132462266277,0.057175039423293536,0.03775625140797477,0.0695201621986934,0.058369002027483664,0.08061500337913945,0.05268078396035143,0.0829691371930615,0.05887587294435684,0.04949312908312683,0.048546970038296916,0.05652173913043478,0.04524667717954494,0.04676728993016445,0.016726740256814598,0.020466321243523315,0.02169407524217166,0.009168731696328002,0.019080874070736654,0.01617481414733048,0.002083802658256364,0.0022189682360892094,0.001520612750619509,0.00012390177968010812,0.0,0.00014642937598558233,0.006420364947060149,0.0,3.379139445821131e-05,0.0,0.0,0.0,0.0,0.0,0.0,0.0,0.0,0.0,0.0,0.0,0.0,0.0,0.0,0.0,0.0,0.0,0.0,0.0,0.0,0.0,0.0,0.0,0.0,0.0,0.0,0.0,0.0,0.0,0.0,0.0,0.0,0.0,0.0,0.0,0.0,0.0,0.0,0.0,nan,nan,4.249047454104607,2.8213112777778804,nan,0.9210439205739561,0.022505727373979077,0.0,0.0,0.0,0.0,0.0,0.0,0.0,0.0,0.0,0.0,0.0,0.0,0.0,0.0,0.0,0.0,0.0,0.0,0.0,0.0,0.0,0.0,0.0,0.0,0.0,0.3389830508474577,4.876140808344199,16.205997392438075,7.940026075619298,0.6388526727509779,0.9204400291333587,0.02321393083840867,0.0,0.0,0.0,0.0,0.0,0.0,0.0,0.0,0.0,0.0,0.0,0.0,0.0,0.0,0.0,0.0,0.0,0.0,0.0,0.0,0.0,0.0,0.0,0.0,0.0,0.35079513564078585,5.500467726847522,15.434985968194578,8.194574368568757,0.519176800748363,0.3972,0.012596,0.0,0.0,0.0,0.0,0.0,0.0,0.0,0.0,0.0,0.0,0.273794002607562,17.574967405475856,12.125162972620602,0.026075619295958283,0.0,0.0,0.0,0.0,0.0,0.0,0.0,0.0,0.0,0.0,0.0,0.0,0.0,0.0,0.0,0.0,0.397,0.01253,0.0,0.0,0.0,0.0,0.0,0.0,0.0,0.0,0.0,0.0,0.22450888681010295,17.764265668849365,11.941066417212351,0.07015902712815716,0.0,0.0,0.0,0.0,0.0,0.0,0.0,0.0,0.0,0.0,0.0,0.0,0.0,0.0,0.0,0.0
46000,4352,2265,0.5204503676470589,1105,864,0.4524356617647059,1177,0.5409007352941176,0.4080000000000001,2.898418782942022,3.069898429743701,6.489690721649485,2.160023444066603,9534.0546875,1613.6485919366946,7853.0,11083.0,11083.0,0.0,7853.0,0.0,28.06640625,20.92415514468349,32.85450095186293,19.230089555302005,0.13465073529411764,0.0978860294117647,0.09926470588235294,0.08823529411764706,0.08272058823529412,0.07329963235294118,0.0627297794117647,0.06387867647058823,0.06135110294117647,0.05422794117647059,0.04825367647058824,0.03814338235294118,0.034926470588235295,0.025735294117647058,0.014476102941176471,0.010799632352941176,0.00942095588235294,0.9202202862292966,0.022600225960957367,0.0,0.0,0.0,0.0,0.0,0.0,0.0,0.0,0.0,0.0,0.0,0.0,0.0,0.0,0.0,0.0,0.0,0.0,0.0,0.0,0.0,0.0,0.0,0.0,0.0,0.2619485294117648,5.218290441176471,16.03400735294118,7.872242647058825,0.6135110294117648,4.129273504273504,2.897468791571341,nan,nan,nan,4.113193943763519,2.877357163643945,4.144968332160451,2.916880005765242,1.0077249915348896,0.3977,0.0129,0.0,0.0,0.0,0.0,0.0,0.0,0.0,0.0,0.0,0.0,0.20680147058823534,16.744025735294095,13.007812500000004,0.041360294117647065,0.0,0.0,0.0,0.0,0.0,0.0,0.0,0.0,0.0,0.0,0.0,0.0,0.0,0.0,0.0,0.0,nan,nan,4.129273504273504,2.897468791571341,nan,0.3977,0.06152,0.0,0.0,0.0,0.0,0.0,0.0,0.0,0.0,0.0,0.0,0.0,0.0,0.0,0.0,0.0,0.0,0.0,0.0,0.0005744485294117647,0.0,0.0,0.0003561580882352941,0.001838235294117647,0.00013786764705882353,0.01303998161764706,0.010294117647058823,0.0001838235294117647,0.0015625,0.004377297794117647,0.02028952205882353,0.02389705882352941,0.013005514705882354,0.020082720588235296,0.02710248161764706,0.054354319852941174,0.038246783088235294,0.06954273897058824,0.057341452205882354,0.08200827205882352,0.0521484375,0.08481158088235294,0.05827205882352941,0.051447610294117645,0.04774816176470588,0.057364430147058824,0.041716452205882354,0.0484375,0.015682444852941176,0.02141544117647059,0.02250689338235294,0.009616268382352942,0.020806525735294117,0.017945772058823528,0.0020909926470588235,0.002113970588235294,0.0015854779411764706,4.5955882352941176e-05,4.5955882352941176e-05,0.00016084558823529412,0.005629595588235294,0.0,0.00014935661764705884,0.0,0.0,0.0,2.2977941176470588e-05,0.0,0.0,0.0,0.0,0.0,0.0,0.0,0.0,0.0,0.0,0.0,0.0,0.0,0.0,0.0,0.0,0.0,0.0,0.0,0.0,0.0,0.0,0.0,0.0,0.0,0.0,0.0,0.0,0.0,0.0,0.0,0.0,0.0,0.0,0.0,nan,nan,4.129273504273504,2.897468791571341,nan,0.9200484286080922,0.022808402186144817,0.0,0.0,0.0,0.0,0.0,0.0,0.0,0.0,0.0,0.0,0.0,0.0,0.0,0.0,0.0,0.0,0.0,0.0,0.0,0.0,0.0,0.0,0.0,0.0,0.0,0.30463576158940403,5.298013245033113,15.880794701986758,7.94701986754967,0.5695364238410597,0.9204068015680739,0.022370608609926373,0.0,0.0,0.0,0.0,0.0,0.0,0.0,0.0,0.0,0.0,0.0,0.0,0.0,0.0,0.0,0.0,0.0,0.0,0.0,0.0,0.0,0.0,0.0,0.0,0.0,0.21562050790608533,5.131768088164831,16.200287494010546,7.791087685673217,0.6612362242453284,0.3975,0.01305,0.0,0.0,0.0,0.0,0.0,0.0,0.0,0.0,0.0,0.0,0.19867549668874177,17.006622516556266,12.74172185430464,0.05298013245033114,0.0,0.0,0.0,0.0,0.0,0.0,0.0,0.0,0.0,0.0,0.0,0.0,0.0,0.0,0.0,0.0,0.3982,0.01274,0.0,0.0,0.0,0.0,0.0,0.0,0.0,0.0,0.0,0.0,0.21562050790608533,16.45903210349782,13.29659798754193,0.028749401054144714,0.0,0.0,0.0,0.0,0.0,0.0,0.0,0.0,0.0,0.0,0.0,0.0,0.0,0.0,0.0,0.0
46100,4474,2277,0.5089405453732677,1097,946,0.4566383549396513,1294,0.5784532856504246,0.39200000000000007,2.908056440600819,3.0475989788990168,6.453658536585366,2.0586637343693637,9496.877961555654,1614.7417946335538,7853.0,11083.0,11083.0,0.0,7853.0,0.0,27.955073759499328,20.664053872522306,32.77857332272607,18.919164731720485,0.1354492624050067,0.09454626732230666,0.0967814036656236,0.08806437192668753,0.08560572194903888,0.07085382208314707,0.07644166294143943,0.062136790344211,0.05967814036656236,0.05543138131426017,0.04514975413500223,0.03822083147071972,0.03285650424675905,0.022574877067501116,0.017881090746535537,0.0116227089852481,0.006705409029950827,0.9212357353487343,0.0228883667617932,0.0,0.0,0.0,0.0,0.0,0.0,0.0,0.0,0.0,0.0,0.0,0.0,0.0,0.0,0.0,0.0,0.0,0.0,0.0,0.0,0.0,0.0,0.0,0.0,0.006705409029950829,0.2615109521680823,4.86142154671435,15.932051855163168,8.200715243629864,0.7375949932945912,4.193259972489684,2.859585818035309,nan,nan,nan,4.235129461161652,2.818885190393499,4.152805949966194,2.897793086181784,0.9805617485957849,0.399,0.01307,0.0,0.0,0.0,0.0,0.0,0.0,0.0,0.0,0.0,0.0,0.20786767992847568,15.637013857845306,14.034421099687084,0.12069736253911491,0.0,0.0,0.0,0.0,0.0,0.0,0.0,0.0,0.0,0.0,0.0,0.0,0.0,0.0,0.0,0.0,nan,nan,4.193259972489684,2.859585818035309,nan,0.399,0.06158,0.0,0.0,0.0,0.0,0.0,0.0,0.0,0.0,0.0,0.0,0.0,0.0,0.0,0.0,0.0,0.0,0.0,0.0,0.0006258381761287438,1.1175681716584712e-05,0.0,0.0002905677246312025,0.0016204738489047832,3.352704514975413e-05,0.010672776039338399,0.010952168082253017,0.0004582029503799732,0.0017657577112203844,0.0036209208761734464,0.01978095663835494,0.02208314707197139,0.012080911935628073,0.020216808225301742,0.02796155565489495,0.05896289673670094,0.03723737147966026,0.06719937416182387,0.05330800178810907,0.08370585605721949,0.05273804202056325,0.08233124720607957,0.05747653106839517,0.05412382655341976,0.047038444345105054,0.058381761287438536,0.04337282074206526,0.04684845775592311,0.015578900312919088,0.021926687527939203,0.02518998658918194,0.01050514081358963,0.021423781850692894,0.017210549843540455,0.00213455520786768,0.0020004470272686633,0.002011622708985248,0.0002011622708985248,0.0,0.0001676352257487707,0.00640366562360304,0.0,0.0003352704514975414,0.0,0.0,0.0,1.1175681716584712e-05,0.0,0.0,0.0,0.0,0.0,0.0,0.0,0.0,0.0,0.0,0.0,0.0,0.0,0.0,0.0,0.0,0.0,0.0,0.0,0.0,0.0,0.0,0.0,0.0,0.0,0.0,0.0,0.0,0.0,0.0,0.0,0.0,0.0,0.0,0.0,nan,nan,4.193259972489684,2.859585818035309,nan,0.9214126986006032,0.0228133742539906,0.0,0.0,0.0,0.0,0.0,0.0,0.0,0.0,0.0,0.0,0.0,0.0,0.0,0.0,0.0,0.0,0.0,0.0,0.0,0.0,0.0,0.0,0.0,0.0,0.0,0.3030303030303031,4.690382081686431,16.02108036890646,8.194993412384719,0.7905138339920951,0.9210523282825052,0.022964392558268,0.0,0.0,0.0,0.0,0.0,0.0,0.0,0.0,0.0,0.0,0.0,0.0,0.0,0.0,0.0,0.0,0.0,0.0,0.0,0.0,0.0,0.0,0.0,0.0,0.013654984069185257,0.2184797451069641,5.038689121529359,15.839781520254895,8.206645425580339,0.6827492034592627,0.399,0.013176,0.0,0.0,0.0,0.0,0.0,0.0,0.0,0.0,0.0,0.0,0.2239789196310936,15.718050065876131,13.899868247694338,0.158102766798419,0.0,0.0,0.0,0.0,0.0,0.0,0.0,0.0,0.0,0.0,0.0,0.0,0.0,0.0,0.0,0.0,0.3992,0.01295,0.0,0.0,0.0,0.0,0.0,0.0,0.0,0.0,0.0,0.0,0.19116977696859358,15.55302685480198,14.173873463814296,0.08192990441511153,0.0,0.0,0.0,0.0,0.0,0.0,0.0,0.0,0.0,0.0,0.0,0.0,0.0,0.0,0.0,0.0
46200,4258,2164,0.5082198215124472,1048,860,0.4480976984499765,1186,0.5570690465007045,0.4160000000000001,2.9484240687679084,3.0861886775908625,6.428571428571429,2.1953611554507004,9494.550023485204,1614.7817487985599,7853.0,11083.0,11083.0,0.0,7853.0,0.0,28.162282761860027,20.759786425016408,32.86775713889659,19.061061615429384,0.1298731798966651,0.10216063879755753,0.09464537341474871,0.0868952559887271,0.0819633630812588,0.07750117426021606,0.0643494598403006,0.06387975575387506,0.06035697510568342,0.05284170972287459,0.052137153593236264,0.04250821982151245,0.03076561766087365,0.024424612494128698,0.01737905119774542,0.012682010333489901,0.0056364490371066224,0.9218177149249892,0.022797552072453188,0.0,0.0,0.0,0.0,0.0,0.0,0.0,0.0,0.0,0.0,0.0,0.0,0.0,0.0,0.0,0.0,0.0,0.0,0.0,0.0,0.0,0.0,0.0,0.0,0.0,0.28182245185533117,4.826209488022546,15.535462658525132,8.715359323626117,0.6411460779708784,4.238751814223512,2.8748005109208963,nan,nan,nan,4.25482912332838,2.887385282090882,4.223404255319149,2.8626511121282534,0.9926143055106644,0.3994,0.013084,0.0,0.0,0.0,0.0,0.0,0.0,0.0,0.0,0.0,0.0,0.19023015500234858,15.401596993893824,14.316580554250825,0.09159229685298265,0.0,0.0,0.0,0.0,0.0,0.0,0.0,0.0,0.0,0.0,0.0,0.0,0.0,0.0,0.0,0.0,nan,nan,4.238751814223512,2.8748005109208963,nan,0.3994,0.06134,0.0,0.0,0.0,0.0,0.0,0.0,0.0,0.0,0.0,0.0,0.0,0.0,0.0,0.0,0.0,1.1742602160638798e-05,1.1742602160638798e-05,0.0,0.0004227336777829967,0.0,1.1742602160638798e-05,0.00032879286049788633,0.0015265382808830436,0.00010568341944574918,0.010568341944574918,0.010380460310004697,0.00024659464537341475,0.0018201033348990137,0.0036284640676373884,0.01990371066228276,0.020396899953029592,0.01054485674025364,0.020420385157350868,0.02869891968060122,0.05890089243776421,0.038738844527947396,0.06856505401596993,0.05259511507750118,0.08391263503992484,0.051984499765147955,0.08047205260685768,0.05905354626585251,0.05225457961484265,0.048802254579614845,0.06022780648191639,0.044281352747768905,0.04446923438233913,0.016251761390324096,0.0220643494598403,0.02595115077501174,0.010897134805072805,0.019363550962893376,0.01914044152184124,0.0020549553781117895,0.001632221700328793,0.0022310944105213715,0.00030530765617660876,2.3485204321277596e-05,0.00017613903240958195,0.006305777360263034,0.0,0.00029356505401596995,0.0,0.0,0.0,2.3485204321277596e-05,0.0,0.0,0.0,0.0,0.0,0.0,0.0,0.0,0.0,0.0,0.0,0.0,0.0,0.0,0.0,0.0,0.0,0.0,0.0,0.0,0.0,0.0,0.0,0.0,0.0,0.0,0.0,0.0,0.0,0.0,0.0,0.0,0.0,0.0,0.0,nan,nan,4.238751814223512,2.8748005109208963,nan,0.9215032138522583,0.022716879444671115,0.0,0.0,0.0,0.0,0.0,0.0,0.0,0.0,0.0,0.0,0.0,0.0,0.0,0.0,0.0,0.0,0.0,0.0,0.0,0.0,0.0,0.0,0.0,0.0,0.0,0.31885397412199634,4.921441774491683,15.623844731977822,8.553604436229207,0.5822550831792977,0.922142729405118,0.02287608009386866,0.0,0.0,0.0,0.0,0.0,0.0,0.0,0.0,0.0,0.0,0.0,0.0,0.0,0.0,0.0,0.0,0.0,0.0,0.0,0.0,0.0,0.0,0.0,0.0,0.0,0.24355300859598858,4.727793696275072,15.444126074498572,8.882521489971348,0.7020057306590259,0.3994,0.0133,0.0,0.0,0.0,0.0,0.0,0.0,0.0,0.0,0.0,0.0,0.18022181146025884,15.67929759704249,14.015711645101668,0.1247689463955638,0.0,0.0,0.0,0.0,0.0,0.0,0.0,0.0,0.0,0.0,0.0,0.0,0.0,0.0,0.0,0.0,0.3994,0.01287,0.0,0.0,0.0,0.0,0.0,0.0,0.0,0.0,0.0,0.0,0.20057306590257884,15.114613180515736,14.627507163323786,0.05730659025787967,0.0,0.0,0.0,0.0,0.0,0.0,0.0,0.0,0.0,0.0,0.0,0.0,0.0,0.0,0.0,0.0
46300,4689,2356,0.5024525485178076,1155,1021,0.4640648325869055,1370,0.5843463425037322,0.38800000000000007,2.8105443634804974,3.036304167168903,6.477832512315271,2.2297992056235545,9475.921731712519,1614.9805714517668,7853.0,11083.0,11083.0,0.0,7853.0,0.0,27.0765621667733,20.3114873476318,31.897253306205492,18.63869465759583,0.1384090424397526,0.10684580934101087,0.09213051823416507,0.09170398805715504,0.08957133717210493,0.07549584133077415,0.06973768394113884,0.06056728513542333,0.05800810407336319,0.05587545318831307,0.04350607805502239,0.03497547451482192,0.026018340797611433,0.027511196417146513,0.014928556195350821,0.009170398805715504,0.005544892301130305,0.9210998986188881,0.023082711370348882,0.0,0.0,0.0,0.0,0.0,0.0,0.0,0.0,0.0,0.0,0.0,0.0,0.0,0.0,0.0,0.0,0.0,0.0,0.0,0.0,0.0,0.0,0.0,0.0,0.0,0.24952015355086377,5.182341650671786,15.374280230326299,8.483685220729368,0.7101727447216892,4.2032601463739185,2.9071234265085137,nan,nan,nan,4.198519515477793,2.9507437690638176,4.2086899275839365,2.864603771595569,1.0024223805721637,0.3997,0.0131,0.0,0.0,0.0,0.0,0.0,0.0,0.0,0.0,0.0,0.0,0.25591810620601413,15.195137555982065,14.395393474088294,0.15355086372360846,0.0,0.0,0.0,0.0,0.0,0.0,0.0,0.0,0.0,0.0,0.0,0.0,0.0,0.0,0.0,0.0,nan,nan,4.2032601463739185,2.9071234265085137,nan,0.3997,0.06152,0.0,0.0,0.0,0.0,0.0,0.0,0.0,0.0,0.0,0.0,0.0,0.0,0.0,0.0,0.0,0.0,0.0,0.0,0.0004905097035615269,0.0,0.0,0.0003732139048837705,0.0012689272766048198,7.46427809767541e-05,0.010876519513755598,0.011015141821283856,0.0002559181062060141,0.0018554062699936021,0.0033695883983791853,0.020142887609298357,0.020804009383663894,0.009127745788014502,0.02055875453188313,0.0309021113243762,0.05587545318831307,0.041341437406696525,0.06654937086798891,0.052463211772232884,0.08101940712305396,0.04727020686713585,0.08356792493068885,0.06203881424610791,0.05381744508423971,0.051386223075282574,0.057709532949456174,0.045692045212198766,0.0427063339731286,0.01546171891661335,0.022819364470036255,0.026316911921518447,0.010588611644273832,0.018650031989763276,0.020281509916826614,0.0017914267434420985,0.0020580081040733633,0.002015355086372361,0.0006611217743655364,0.0,0.00027724461505651527,0.005971422478140328,4.2653017701002346e-05,0.0004905097035615269,0.0,2.1326508850501173e-05,0.0,0.0,0.0,0.0,0.0,0.0,0.0,0.0,0.0,0.0,0.0,0.0,0.0,0.0,0.0,0.0,0.0,0.0,0.0,0.0,0.0,0.0,0.0,0.0,0.0,0.0,0.0,0.0,0.0,0.0,0.0,0.0,0.0,0.0,0.0,0.0,0.0,nan,nan,4.2032601463739185,2.9071234265085137,nan,0.9211739903293765,0.02306919175504878,0.0,0.0,0.0,0.0,0.0,0.0,0.0,0.0,0.0,0.0,0.0,0.0,0.0,0.0,0.0,0.0,0.0,0.0,0.0,0.0,0.0,0.0,0.0,0.0,0.0,0.267402376910017,5.1061120543293725,15.522071307300513,8.3786078098472,0.7258064516129035,0.9210250764714767,0.02309611502893452,0.0,0.0,0.0,0.0,0.0,0.0,0.0,0.0,0.0,0.0,0.0,0.0,0.0,0.0,0.0,0.0,0.0,0.0,0.0,0.0,0.0,0.0,0.0,0.0,0.0,0.23146163737676817,5.259322760394343,15.225032147449639,8.589798542648952,0.6943849121303045,0.3997,0.01294,0.0,0.0,0.0,0.0,0.0,0.0,0.0,0.0,0.0,0.0,0.20373514431239392,15.356536502546668,14.325127334465199,0.11460101867572159,0.0,0.0,0.0,0.0,0.0,0.0,0.0,0.0,0.0,0.0,0.0,0.0,0.0,0.0,0.0,0.0,0.3997,0.01326,0.0,0.0,0.0,0.0,0.0,0.0,0.0,0.0,0.0,0.0,0.3086155165023575,15.03214744963564,14.46635233604801,0.19288469781397347,0.0,0.0,0.0,0.0,0.0,0.0,0.0,0.0,0.0,0.0,0.0,0.0,0.0,0.0,0.0,0.0
46400,4803,2520,0.5246720799500312,1205,960,0.45075994170310224,1342,0.5588174057880492,0.39200000000000007,2.9855453350854138,3.057237808972713,6.459138187221397,2.032107178318417,9547.690818238601,1613.0326634908738,7853.0,11083.0,11083.0,0.0,7853.0,0.0,28.073079325421613,20.847629152940076,32.93872003953546,19.100457527990088,0.13803872579637727,0.09598167811784301,0.08973558192796169,0.09119300437226734,0.08702894024567978,0.07682698313554029,0.06246096189881324,0.06183635227982511,0.05933791380387258,0.05829689777222569,0.043930876535498646,0.04122423485321674,0.0333125130127004,0.021861336664584636,0.02040391422027899,0.010826566729127629,0.007703518634186966,0.9209877526216549,0.023222915774825995,0.0,0.0,0.0,0.0,0.0,0.0,0.0,0.0,0.0,0.0,0.0,0.0,0.0,0.0,0.0,0.0,0.0,0.0,0.0,0.0,0.0,0.0,0.0,0.0,0.0,0.28732042473454095,5.2592129918800765,15.252966895690196,8.52592129918801,0.6745783885071832,4.217183008623443,2.900363723164454,nan,nan,nan,4.243450479233227,2.9097440537632018,4.192332268370607,2.8911131861435204,0.9879536214425538,0.3994,0.01267,0.0,0.0,0.0,0.0,0.0,0.0,0.0,0.0,0.0,0.0,0.1686445971267958,15.434103685196732,14.309806371018118,0.08744534665833856,0.0,0.0,0.0,0.0,0.0,0.0,0.0,0.0,0.0,0.0,0.0,0.0,0.0,0.0,0.0,0.0,nan,nan,4.217183008623443,2.900363723164454,nan,0.3994,0.06107,0.0,0.0,0.0,0.0,0.0,0.0,0.0,0.0,0.0,0.0,0.0,0.0,0.0,0.0,0.0,0.0,0.0,0.0,0.0006350197793046013,0.0,0.0,0.00037476577139287947,0.0012075785967103894,6.246096189881324e-05,0.009775140537164273,0.010493441599000624,0.0002394336872787841,0.002082032063293775,0.003716427232979388,0.020154070372683738,0.02097647303768478,0.009879242140328962,0.019904226525088487,0.03077243389548199,0.05588174057880491,0.044430564230689154,0.06547990839058922,0.053560274828232356,0.08192796169061003,0.04454507599417031,0.08566520924422236,0.06028523839267125,0.05490318550905684,0.051457422444305644,0.054934415990006244,0.04833437434936498,0.04211950864043306,0.014178638351030606,0.02366229439933375,0.026077451592754528,0.011961274203622736,0.019623152196543828,0.018196960233187592,0.002227774307724339,0.0024984384759525295,0.0013012700395586092,0.0005205080158234437,0.0,0.00020820320632937748,0.004840724547158027,1.0410160316468873e-05,0.0008848636268998542,1.0410160316468873e-05,0.0,0.0,0.0,0.0,0.0,0.0,0.0,0.0,0.0,0.0,0.0,0.0,0.0,0.0,0.0,0.0,0.0,0.0,0.0,0.0,0.0,0.0,0.0,0.0,0.0,0.0,0.0,0.0,0.0,0.0,0.0,0.0,0.0,0.0,0.0,0.0,0.0,0.0,nan,nan,4.217183008623443,2.900363723164454,nan,0.9208317491270247,0.02322179973991666,0.0,0.0,0.0,0.0,0.0,0.0,0.0,0.0,0.0,0.0,0.0,0.0,0.0,0.0,0.0,0.0,0.0,0.0,0.0,0.0,0.0,0.0,0.0,0.0,0.0,0.28571428571428575,5.3571428571428585,15.369047619047622,8.250000000000002,0.7380952380952382,0.9211599509600115,0.02322293082533013,0.0,0.0,0.0,0.0,0.0,0.0,0.0,0.0,0.0,0.0,0.0,0.0,0.0,0.0,0.0,0.0,0.0,0.0,0.0,0.0,0.0,0.0,0.0,0.0,0.0,0.2890932982917215,5.151116951379764,15.124835742444155,8.83048620236531,0.604467805519054,0.3994,0.0128,0.0,0.0,0.0,0.0,0.0,0.0,0.0,0.0,0.0,0.0,0.20238095238095244,15.678571428571406,14.023809523809527,0.09523809523809526,0.0,0.0,0.0,0.0,0.0,0.0,0.0,0.0,0.0,0.0,0.0,0.0,0.0,0.0,0.0,0.0,0.3992,0.01253,0.0,0.0,0.0,0.0,0.0,0.0,0.0,0.0,0.0,0.0,0.13140604467805522,15.164257555847547,14.625492772667545,0.07884362680683313,0.0,0.0,0.0,0.0,0.0,0.0,0.0,0.0,0.0,0.0,0.0,0.0,0.0,0.0,0.0,0.0
46500,4517,2351,0.5204781934912552,1091,925,0.44631392517157403,1243,0.5503652866947089,0.4360000000000001,3.0369344413665744,3.140525716344125,6.594462540716612,2.250595712901153,9534.144564976754,1613.6449102959534,7853.0,11083.0,11083.0,0.0,7853.0,0.0,27.582466238653975,20.944947876753176,32.708931419457734,19.2057211144457,0.1441222050033208,0.10006641576267435,0.09940225813593093,0.08678326322780607,0.07969891520920966,0.07571396944874917,0.06730130617666592,0.06198804516271862,0.05667478414877131,0.05202568076156741,0.04582687624529555,0.03542174009298207,0.032543723710427276,0.02457383218950631,0.018375027673234446,0.01173345140580031,0.007748505645339828,0.9205535572794968,0.022878871804068668,0.0,0.0,0.0,0.0,0.0,0.0,0.0,0.0,0.0,0.0,0.0,0.0,0.0,0.0,0.0,0.0,0.0,0.0,0.0,0.0,0.0,0.0,0.0,0.0,0.0,0.28558777949966796,5.226920522470667,15.69404471994687,8.189063537746293,0.6043834403365066,4.294117647058823,2.9164291272447054,nan,nan,nan,4.269662921348314,2.9347359621057665,4.318150448585231,2.8981244551653527,1.0113562892739094,0.4,0.01294,0.0,0.0,0.0,0.0,0.0,0.0,0.0,0.0,0.0,0.0,0.14611467788355106,14.903697144122182,14.85720611025017,0.09298206774407795,0.0,0.0,0.0,0.0,0.0,0.0,0.0,0.0,0.0,0.0,0.0,0.0,0.0,0.0,0.0,0.0,nan,nan,4.294117647058823,2.9164291272447054,nan,0.4,0.06094,0.0,0.0,0.0,0.0,0.0,0.0,0.0,0.0,0.0,0.0,0.0,0.0,0.0,0.0,0.0,0.0,0.0,0.0,0.0005977418640690724,0.0,0.0,0.00045384104494133274,0.0012397609032543725,6.641576267434137e-05,0.009320345361965906,0.010405136152313482,0.0002878016382554793,0.0025680761567411997,0.003741421297321231,0.018873145893292007,0.021972548151427938,0.01012840380783706,0.018518928492362186,0.031104715519149877,0.05540181536417976,0.04457604604826212,0.06497675448306398,0.05078591985831304,0.07957715297764002,0.04613681647110914,0.08248837724153199,0.06030551250830197,0.05560106265220279,0.05466017268098295,0.05558999335842373,0.05167146336063759,0.04067965463803409,0.014854992251494354,0.023455833517821562,0.026046048262120876,0.01173345140580031,0.021806508744742086,0.018884215187071066,0.0022692052247066637,0.0029555014390081915,0.0008301970334292672,0.0007084348018596414,0.0,4.4277175116227586e-05,0.0039185299977861415,0.0,0.0007195040956386983,0.0,0.0,4.4277175116227586e-05,0.0,0.0,0.0,0.0,0.0,0.0,0.0,0.0,0.0,0.0,0.0,0.0,0.0,0.0,0.0,0.0,0.0,0.0,0.0,0.0,0.0,0.0,0.0,0.0,0.0,0.0,0.0,0.0,0.0,0.0,0.0,0.0,0.0,0.0,0.0,0.0,nan,nan,4.294117647058823,2.9164291272447054,nan,0.921075367030059,0.02262909120355734,0.0,0.0,0.0,0.0,0.0,0.0,0.0,0.0,0.0,0.0,0.0,0.0,0.0,0.0,0.0,0.0,0.0,0.0,0.0,0.0,0.0,0.0,0.0,0.0,0.0,0.24245002126754578,4.976605699702255,15.912377711612082,8.217779668226289,0.6507868991918334,0.919987179290775,0.023133618868725017,0.0,0.0,0.0,0.0,0.0,0.0,0.0,0.0,0.0,0.0,0.0,0.0,0.0,0.0,0.0,0.0,0.0,0.0,0.0,0.0,0.0,0.0,0.0,0.0,0.0,0.332409972299169,5.498614958448754,15.45706371191136,8.157894736842106,0.5540166204986151,0.4,0.01297,0.0,0.0,0.0,0.0,0.0,0.0,0.0,0.0,0.0,0.0,0.19140791152700984,14.968098681412144,14.789451297320293,0.051042109740535954,0.0,0.0,0.0,0.0,0.0,0.0,0.0,0.0,0.0,0.0,0.0,0.0,0.0,0.0,0.0,0.0,0.4001,0.0129,0.0,0.0,0.0,0.0,0.0,0.0,0.0,0.0,0.0,0.0,0.09695290858725765,14.833795013850393,14.930747922437677,0.13850415512465378,0.0,0.0,0.0,0.0,0.0,0.0,0.0,0.0,0.0,0.0,0.0,0.0,0.0,0.0,0.0,0.0
46600,4590,2319,0.5052287581699346,1092,967,0.4485838779956427,1277,0.5564270152505446,0.4360000000000001,2.8687802730074856,3.131697333846578,6.836879432624113,2.1499599649090526,9484.888888888889,1614.9116896697783,7853.0,11083.0,11083.0,0.0,7853.0,0.0,27.179738562091504,20.64476340723721,32.110734757686295,18.991618908810377,0.1422657952069717,0.1056644880174292,0.10196078431372549,0.08061002178649238,0.08496732026143791,0.07581699346405228,0.07145969498910676,0.06187363834422658,0.055119825708061,0.048583877995642705,0.04357298474945534,0.038779956427015254,0.03224400871459695,0.02374727668845316,0.018082788671023965,0.00980392156862745,0.0054466230936819175,0.9198070869466578,0.022448920577806043,0.0,0.0,0.0,0.0,0.0,0.0,0.0,0.0,0.0,0.0,0.0,0.0,0.0,0.0,0.0,0.0,0.0,0.0,0.0,0.0,0.0,0.0,0.0,0.0,0.0,0.3071895424836602,5.326797385620916,16.215686274509807,7.614379084967322,0.5359477124183007,4.2847796143250685,2.9169807343077734,nan,nan,nan,4.295070898041864,2.9228261851409125,4.2740688685874915,2.910845923858931,0.9951102019144905,0.3997,0.013,0.0,0.0,0.0,0.0,0.0,0.0,0.0,0.0,0.0,0.0,0.20915032679738568,14.980392156862722,14.712418300653598,0.09803921568627454,0.0,0.0,0.0,0.0,0.0,0.0,0.0,0.0,0.0,0.0,0.0,0.0,0.0,0.0,0.0,0.0,nan,nan,4.2847796143250685,2.9169807343077734,nan,0.3997,0.06082,0.0,0.0,0.0,0.0,0.0,0.0,0.0,0.0,0.0,0.0,0.0,0.0,0.0,0.0,0.0,0.0,0.0,0.0,0.0011220043572984749,0.0,0.0,0.0003812636165577342,0.0011002178649237473,0.0003485838779956427,0.008769063180827886,0.009901960784313725,0.0003812636165577342,0.002047930283224401,0.003420479302832244,0.01818082788671024,0.022657952069716776,0.0105119825708061,0.018191721132897604,0.03320261437908497,0.05520697167755991,0.04496732026143791,0.06946623093681917,0.04996732026143791,0.07882352941176471,0.045577342047930285,0.08257080610021786,0.060980392156862746,0.055599128540305014,0.05549019607843137,0.05235294117647059,0.05003267973856209,0.04155773420479303,0.015381263616557735,0.022766884531590415,0.026830065359477125,0.010686274509803922,0.021122004357298475,0.018082788671023965,0.002636165577342048,0.0033660130718954247,0.0007516339869281046,0.0008823529411764706,0.0,4.3572984749455335e-05,0.0042156862745098035,0.0,0.00040305010893246186,0.0,0.0,2.1786492374727668e-05,0.0,0.0,0.0,0.0,0.0,0.0,0.0,0.0,0.0,0.0,0.0,0.0,0.0,0.0,0.0,0.0,0.0,0.0,0.0,0.0,0.0,0.0,0.0,0.0,0.0,0.0,0.0,0.0,0.0,0.0,0.0,0.0,0.0,0.0,0.0,0.0,nan,nan,4.2847796143250685,2.9169807343077734,nan,0.9196730278956062,0.022343235416924147,0.0,0.0,0.0,0.0,0.0,0.0,0.0,0.0,0.0,0.0,0.0,0.0,0.0,0.0,0.0,0.0,0.0,0.0,0.0,0.0,0.0,0.0,0.0,0.0,0.0,0.2975420439844761,5.304010349288488,16.45536869340233,7.425614489003882,0.5174644243208281,0.9199439794783129,0.022555506320398027,0.0,0.0,0.0,0.0,0.0,0.0,0.0,0.0,0.0,0.0,0.0,0.0,0.0,0.0,0.0,0.0,0.0,0.0,0.0,0.0,0.0,0.0,0.0,0.0,0.0,0.3170409511228534,5.350066050198151,15.970937912813742,7.807133421400266,0.5548216644649935,0.3997,0.0132,0.0,0.0,0.0,0.0,0.0,0.0,0.0,0.0,0.0,0.0,0.24579560155239333,14.69598965071149,14.94178525226391,0.11642949547218631,0.0,0.0,0.0,0.0,0.0,0.0,0.0,0.0,0.0,0.0,0.0,0.0,0.0,0.0,0.0,0.0,0.3997,0.012794,0.0,0.0,0.0,0.0,0.0,0.0,0.0,0.0,0.0,0.0,0.1717305151915456,15.270805812417414,14.478203434610307,0.07926023778071335,0.0,0.0,0.0,0.0,0.0,0.0,0.0,0.0,0.0,0.0,0.0,0.0,0.0,0.0,0.0,0.0
46700,4689,2410,0.5139688632970782,1154,950,0.4487097462145447,1353,0.5770953294945618,0.38800000000000007,2.9082931110136023,2.9518464826199238,6.121082621082621,2.071619367823049,9513.119428449563,1614.3696098404432,7853.0,11083.0,11083.0,0.0,7853.0,0.0,29.422051610151417,21.333741997962733,34.28245041426061,19.4513190949291,0.1326508850501173,0.09511622947323523,0.08594583066751972,0.08210705907442951,0.07741522712731926,0.07229686500319897,0.06227340584346343,0.06291320110897847,0.06291320110897847,0.05950095969289827,0.05544892301130305,0.04457240349754745,0.037747920665387076,0.03049690765621668,0.02111324376199616,0.010876519513755598,0.006611217743655364,0.9201408010425026,0.02283182098746407,0.0,0.0,0.0,0.0,0.0,0.0,0.0,0.0,0.0,0.0,0.0,0.0,0.0,0.0,0.0,0.0,0.0,0.0,0.0,0.0,0.0,0.0,0.0,0.0,0.0,0.3007037747920666,5.374280230326297,15.94369801663468,7.703134996801025,0.6781829814459375,4.067688378033206,2.755329797627926,nan,nan,nan,4.08836617927527,2.7387540497686964,4.047496790757381,2.7725600749800763,0.9900034911928721,0.3992,0.01274,0.0,0.0,0.0,0.0,0.0,0.0,0.0,0.0,0.0,0.0,0.15355086372360846,15.67498400511834,14.088291746641078,0.0831733845169546,0.0,0.0,0.0,0.0,0.0,0.0,0.0,0.0,0.0,0.0,0.0,0.0,0.0,0.0,0.0,0.0,nan,nan,4.067688378033206,2.755329797627926,nan,0.3992,0.061,0.0,0.0,0.0,0.0,0.0,0.0,0.0,0.0,0.0,0.0,0.0,0.0,0.0,0.0,0.0,0.0,0.0,0.0,0.001236937513329068,0.0,0.0,0.000618468756664534,0.0010983152058008103,0.0002985711239070164,0.009436980166346769,0.010684580934101087,0.0005758157389635317,0.0019407123053956068,0.0032309660908509275,0.018084879505224995,0.02128385583280017,0.011153764128812114,0.01764768607378972,0.03378119001919386,0.05561953508210706,0.04561740243122201,0.07119854979739816,0.04854979739816592,0.08053956067391768,0.043911281723181914,0.08059287694604393,0.05864789933887823,0.05832800170612071,0.05793346129238643,0.05157816165493709,0.04842183834506291,0.040211132437619965,0.01780763489016848,0.02070804009383664,0.028204307954787802,0.011153764128812114,0.020793346129238645,0.01763702281936447,0.002452548517807635,0.0029963744934954147,0.00043719343143527406,0.0010876519513755597,3.198976327575176e-05,0.0,0.0038814246107912137,2.1326508850501173e-05,0.0005331627212625293,0.0,0.0,3.198976327575176e-05,0.0,0.0,0.0,0.0,0.0,0.0,0.0,0.0,0.0,0.0,0.0,0.0,0.0,0.0,0.0,0.0,0.0,0.0,0.0,0.0,0.0,0.0,0.0,0.0,0.0,0.0,0.0,0.0,0.0,0.0,0.0,0.0,0.0,0.0,0.0,0.0,nan,nan,4.067688378033206,2.755329797627926,nan,0.920608957056188,0.02268601702810983,0.0,0.0,0.0,0.0,0.0,0.0,0.0,0.0,0.0,0.0,0.0,0.0,0.0,0.0,0.0,0.0,0.0,0.0,0.0,0.0,0.0,0.0,0.0,0.0,0.0,0.2240663900414938,5.302904564315354,15.796680497925314,7.966804979253114,0.7095435684647304,0.9196457347884519,0.022974624200647855,0.0,0.0,0.0,0.0,0.0,0.0,0.0,0.0,0.0,0.0,0.0,0.0,0.0,0.0,0.0,0.0,0.0,0.0,0.0,0.0,0.0,0.0,0.0,0.0,0.0,0.3817463799912243,5.449758666081617,16.099166301009216,7.424308907415535,0.6450197455024135,0.3992,0.01266,0.0,0.0,0.0,0.0,0.0,0.0,0.0,0.0,0.0,0.0,0.14937759336099588,15.759336099585038,14.041493775933613,0.04979253112033196,0.0,0.0,0.0,0.0,0.0,0.0,0.0,0.0,0.0,0.0,0.0,0.0,0.0,0.0,0.0,0.0,0.3992,0.012825,0.0,0.0,0.0,0.0,0.0,0.0,0.0,0.0,0.0,0.0,0.1579640193067135,15.585783238262373,14.137779727950859,0.11847301448003512,0.0,0.0,0.0,0.0,0.0,0.0,0.0,0.0,0.0,0.0,0.0,0.0,0.0,0.0,0.0,0.0
46800,4464,2267,0.5078405017921147,1076,898,0.4422043010752688,1244,0.557347670250896,0.4240000000000001,3.023213472917615,3.189067016470479,6.844771241830065,2.222233636072187,9493.32482078853,1614.8014284895926,7853.0,11083.0,11083.0,0.0,7853.0,0.0,27.74260752688172,20.75389832561016,32.60010649627263,19.04114820073333,0.14045698924731181,0.09834229390681004,0.09565412186379928,0.0889336917562724,0.07974910394265233,0.08064516129032258,0.0667562724014337,0.062275985663082435,0.05555555555555555,0.05241935483870968,0.04726702508960574,0.037410394265232974,0.036738351254480286,0.02486559139784946,0.018145161290322582,0.007840501792114695,0.006944444444444444,0.9206848720415732,0.023129530512556725,0.0,0.0,0.0,0.0,0.0,0.0,0.0,0.0,0.0,0.0,0.0,0.0,0.0,0.0,0.0,0.0,0.0,0.0,0.0,0.0,0.0,0.0,0.0,0.0,0.0,0.288978494623656,5.423387096774194,15.30913978494624,8.333333333333336,0.6451612903225807,4.272918861959958,2.9060298517414083,nan,nan,nan,4.263007840342124,2.877388698325272,4.282548476454294,2.9335578955119317,1.0045837673408085,0.3997,0.01315,0.0,0.0,0.0,0.0,0.0,0.0,0.0,0.0,0.0,0.0,0.2016129032258065,14.751344086021483,14.932795698924734,0.11424731182795701,0.0,0.0,0.0,0.0,0.0,0.0,0.0,0.0,0.0,0.0,0.0,0.0,0.0,0.0,0.0,0.0,nan,nan,4.272918861959958,2.9060298517414083,nan,0.3997,0.06125,0.0,0.0,0.0,0.0,0.0,0.0,0.0,0.0,0.0,0.0,0.0,0.0,0.0,0.0,0.0,0.0,0.0,0.0,0.0013552867383512545,1.1200716845878136e-05,2.2401433691756272e-05,0.0008512544802867384,0.0013776881720430107,0.0002128136200716846,0.009531810035842294,0.009890232974910394,0.00047043010752688175,0.0020049283154121864,0.0020833333333333333,0.016689068100358424,0.021830197132616486,0.010495071684587813,0.017943548387096775,0.03496863799283154,0.054984318996415774,0.045743727598566306,0.07320788530465949,0.04726702508960574,0.07791218637992832,0.043234767025089604,0.08052195340501792,0.057560483870967745,0.06169354838709677,0.05949820788530466,0.050515232974910396,0.046505376344086025,0.03895609318996416,0.018145161290322582,0.022188620071684588,0.029760304659498207,0.011379928315412187,0.020889336917562725,0.017943548387096775,0.002811379928315412,0.0031586021505376344,0.00034722222222222224,0.0013440860215053765,0.00013440860215053763,6.720430107526882e-05,0.003707437275985663,0.0,0.0006384408602150538,0.0,0.0,0.00014560931899641578,0.0,0.0,0.0,0.0,0.0,0.0,0.0,0.0,0.0,0.0,0.0,0.0,0.0,0.0,0.0,0.0,0.0,0.0,0.0,0.0,0.0,0.0,0.0,0.0,0.0,0.0,0.0,0.0,0.0,0.0,0.0,0.0,0.0,0.0,0.0,0.0,nan,nan,4.272918861959958,2.9060298517414083,nan,0.920563378468662,0.023629757819552455,0.0,0.0,0.0,0.0,0.0,0.0,0.0,0.0,0.0,0.0,0.0,0.0,0.0,0.0,0.0,0.0,0.0,0.0,0.0,0.0,0.0,0.0,0.0,0.0,0.0,0.317600352889281,5.677106307895899,14.755183061314515,8.561976179973534,0.6881340979267757,0.9208102365976906,0.022601077615544123,0.0,0.0,0.0,0.0,0.0,0.0,0.0,0.0,0.0,0.0,0.0,0.0,0.0,0.0,0.0,0.0,0.0,0.0,0.0,0.0,0.0,0.0,0.0,0.0,0.0,0.25944469731451986,5.161583978152026,15.880746472462452,8.097405553026856,0.6008192990441512,0.3997,0.01325,0.0,0.0,0.0,0.0,0.0,0.0,0.0,0.0,0.0,0.0,0.1852668725187473,14.993383325981451,14.662549625055142,0.1588001764446405,0.0,0.0,0.0,0.0,0.0,0.0,0.0,0.0,0.0,0.0,0.0,0.0,0.0,0.0,0.0,0.0,0.3997,0.01306,0.0,0.0,0.0,0.0,0.0,0.0,0.0,0.0,0.0,0.0,0.2184797451069641,14.501593081474716,15.211652253072375,0.06827492034592628,0.0,0.0,0.0,0.0,0.0,0.0,0.0,0.0,0.0,0.0,0.0,0.0,0.0,0.0,0.0,0.0
46900,4702,2462,0.5236069757549979,1135,1002,0.4544874521480221,1363,0.5797532964695874,0.4000000000000001,3.0598214285714285,3.098961802576232,6.636363636363637,2.0940415407416513,9544.250531688644,1613.1989512819548,7853.0,11083.0,11083.0,0.0,7853.0,0.0,27.96384517226712,20.609625619066414,32.82748168729477,18.81955345696011,0.13675031901318588,0.0931518502764781,0.0950659293917482,0.08847299021692896,0.0842194810718843,0.07358570820927265,0.07252233092301148,0.06848149723521905,0.05763504891535517,0.05550829434283284,0.042960442364951085,0.04104636324968099,0.03296469587409613,0.02530837941301574,0.015525308379413016,0.011484474691620587,0.005316886431305828,0.9210192238787599,0.022924167391030342,0.0,0.0,0.0,0.0,0.0,0.0,0.0,0.0,0.0,0.0,0.0,0.0,0.0,0.0,0.0,0.0,0.0,0.0,0.0,0.0,0.0,0.0,0.0,0.0,0.006380263717566994,0.2934921310080817,4.868141216503616,15.950659293917486,8.17311782220332,0.7082092726499364,4.316753926701571,2.8992338647089437,nan,nan,nan,4.3032467532467535,2.902907607120225,4.330474934036939,2.895432676008513,1.0063273575398952,0.3997,0.013306,0.0,0.0,0.0,0.0,0.0,0.0,0.0,0.0,0.0,0.0,0.20416843896214382,14.93619736282431,14.700127605274355,0.15950659293917485,0.0,0.0,0.0,0.0,0.0,0.0,0.0,0.0,0.0,0.0,0.0,0.0,0.0,0.0,0.0,0.0,nan,nan,4.316753926701571,2.8992338647089437,nan,0.3997,0.0615,0.0,0.0,0.0,0.0,0.0,0.0,0.0,0.0,0.0,0.0,0.0,0.0,0.0,0.0,0.0,0.0,0.0,0.0,0.00154189706507869,0.0,0.0,0.0007868991918332625,0.001329221607826457,2.126754572522331e-05,0.009347086346235644,0.009974478945129732,0.0004253509145044662,0.0022862611654615055,0.002339430029774564,0.017279880901743937,0.02185240323266695,0.011027222458528286,0.018077413866439813,0.033826031475967674,0.05578477243726074,0.04550191407911527,0.07036367503190132,0.046714164185452996,0.0811037856231391,0.043236920459378984,0.08121012335176521,0.057922160782645685,0.05740110591237771,0.06018715440238197,0.051658868566567415,0.04827732879625691,0.03784559761803488,0.018066780093577203,0.02186303700552956,0.028307103360272225,0.01099532113994045,0.022203317737133136,0.01813058273075287,0.003572947681837516,0.00314759676733305,0.0003721820501914079,0.0010846448319863887,0.0002126754572522331,0.00013823904721395151,0.004040833687792429,1.0633772862611655e-05,0.0003828158230540196,0.0,0.0,0.00014887282007656317,0.0,0.0,0.0,0.0,0.0,0.0,0.0,0.0,0.0,0.0,0.0,0.0,0.0,0.0,0.0,0.0,0.0,0.0,0.0,0.0,0.0,0.0,0.0,0.0,0.0,0.0,0.0,0.0,0.0,0.0,0.0,0.0,0.0,0.0,0.0,0.0,nan,nan,4.316753926701571,2.8992338647089437,nan,0.9214396205837411,0.022962692229622206,0.0,0.0,0.0,0.0,0.0,0.0,0.0,0.0,0.0,0.0,0.0,0.0,0.0,0.0,0.0,0.0,0.0,0.0,0.0,0.0,0.0,0.0,0.0,0.0,0.012185215272136478,0.3168155970755484,4.5450852965069055,16.096669374492286,8.322502030869213,0.7067424857839157,0.9205571628574815,0.022872837982764287,0.0,0.0,0.0,0.0,0.0,0.0,0.0,0.0,0.0,0.0,0.0,0.0,0.0,0.0,0.0,0.0,0.0,0.0,0.0,0.0,0.0,0.0,0.0,0.0,0.0,0.2678571428571429,5.2232142857142865,15.790178571428575,8.008928571428573,0.7098214285714288,0.4001,0.01313,0.0,0.0,0.0,0.0,0.0,0.0,0.0,0.0,0.0,0.0,0.13403736799350124,14.768480909829385,14.926888708367184,0.17059301380991068,0.0,0.0,0.0,0.0,0.0,0.0,0.0,0.0,0.0,0.0,0.0,0.0,0.0,0.0,0.0,0.0,0.3994,0.01349,0.0,0.0,0.0,0.0,0.0,0.0,0.0,0.0,0.0,0.0,0.28125000000000006,15.120535714285692,14.450892857142861,0.1473214285714286,0.0,0.0,0.0,0.0,0.0,0.0,0.0,0.0,0.0,0.0,0.0,0.0,0.0,0.0,0.0,0.0
47000,4576,2393,0.5229458041958042,1134,912,0.44711538461538464,1274,0.5568181818181818,0.4120000000000001,3.0893266147503438,3.1691930177778787,6.740973312401884,2.1323039023046992,9542.114947552447,1613.298476584323,7853.0,11083.0,11083.0,0.0,7853.0,0.0,27.759615384615383,20.727996047177143,32.57535667963683,19.03236276439364,0.13767482517482518,0.09680944055944056,0.10161713286713286,0.08916083916083917,0.08085664335664336,0.07648601398601398,0.06228146853146853,0.0673076923076923,0.059877622377622376,0.05332167832167832,0.04436188811188811,0.03736888111888112,0.026879370629370628,0.030157342657342656,0.021197552447552448,0.010052447552447552,0.004589160839160839,0.9204946965422038,0.023445227135107907,0.0,0.0,0.0,0.0,0.0,0.0,0.0,0.0,0.0,0.0,0.0,0.0,0.0,0.0,0.0,0.0,0.0,0.0,0.0,0.0,0.0,0.0,0.0,0.0,0.0,0.41302447552447563,5.152972027972028,15.721153846153848,8.070367132867135,0.6424825174825176,4.347217480368727,2.9889908286237334,nan,nan,nan,4.45,3.0018350243665144,4.24223602484472,2.9721475826043506,0.9533114662572405,0.3997,0.0131,0.0,0.0,0.0,0.0,0.0,0.0,0.0,0.0,0.0,0.0,0.17701048951048956,15.104895104895082,14.60664335664336,0.11145104895104897,0.0,0.0,0.0,0.0,0.0,0.0,0.0,0.0,0.0,0.0,0.0,0.0,0.0,0.0,0.0,0.0,nan,nan,4.347217480368727,2.9889908286237334,nan,0.3997,0.06177,0.0,0.0,0.0,0.0,0.0,0.0,0.0,0.0,0.0,0.0,0.0,0.0,0.0,0.0,0.0,0.0,0.0,0.0,0.0015406468531468532,0.0,0.0,0.0011145104895104894,0.001617132867132867,0.0,0.009735576923076923,0.008347902097902099,0.0002731643356643357,0.001999562937062937,0.0025240384615384617,0.01654283216783217,0.023065996503496503,0.012543706293706294,0.019307255244755246,0.033020104895104894,0.05500437062937063,0.04565122377622378,0.072694493006993,0.04776005244755245,0.08271416083916083,0.04125874125874126,0.08208041958041958,0.052534965034965034,0.056840034965034966,0.060030594405594405,0.052185314685314683,0.04926791958041958,0.03756555944055944,0.017132867132867134,0.02159090909090909,0.02741477272727273,0.01138548951048951,0.022628933566433567,0.01795236013986014,0.004206730769230769,0.003605769230769231,0.0004152097902097902,0.0013876748251748252,0.00034965034965034965,4.3706293706293706e-05,0.004195804195804196,5.463286713286713e-05,0.0003715034965034965,0.0,3.277972027972028e-05,1.0926573426573427e-05,0.0,0.0,0.0,0.0,0.0,0.0,0.0,0.0,0.0,0.0,0.0,0.0,0.0,0.0,0.0,0.0,0.0,0.0,0.0,0.0,0.0,0.0,0.0,0.0,0.0,0.0,0.0,0.0,0.0,0.0,0.0,0.0,0.0,0.0,0.0,0.0,nan,nan,4.347217480368727,2.9889908286237334,nan,0.9201910400111656,0.023853533458508207,0.0,0.0,0.0,0.0,0.0,0.0,0.0,0.0,0.0,0.0,0.0,0.0,0.0,0.0,0.0,0.0,0.0,0.0,0.0,0.0,0.0,0.0,0.0,0.0,0.0,0.4638529043042207,5.353113246970332,15.582950271625577,7.9356456330965335,0.6644379440033433,0.9208275641916653,0.02298470368562866,0.0,0.0,0.0,0.0,0.0,0.0,0.0,0.0,0.0,0.0,0.0,0.0,0.0,0.0,0.0,0.0,0.0,0.0,0.0,0.0,0.0,0.0,0.0,0.0,0.0,0.35730645900137437,4.933577645442053,15.872652313330283,8.21804855703161,0.6184150251946863,0.3994,0.0131,0.0,0.0,0.0,0.0,0.0,0.0,0.0,0.0,0.0,0.0,0.15043877977434186,15.25699958211448,14.454659423318015,0.1379022147931467,0.0,0.0,0.0,0.0,0.0,0.0,0.0,0.0,0.0,0.0,0.0,0.0,0.0,0.0,0.0,0.0,0.3997,0.01311,0.0,0.0,0.0,0.0,0.0,0.0,0.0,0.0,0.0,0.0,0.20613834173156212,14.93815849748051,14.773247824095286,0.08245533669262484,0.0,0.0,0.0,0.0,0.0,0.0,0.0,0.0,0.0,0.0,0.0,0.0,0.0,0.0,0.0,0.0
47100,4493,2366,0.5265969285555309,1088,896,0.4415757845537503,1212,0.5395058980636546,0.4440000000000001,2.92524682651622,3.160427197131228,6.7765567765567765,2.210008837078086,9553.908079234365,1612.7134903392673,7853.0,11083.0,11083.0,0.0,7853.0,0.0,28.092365902515024,21.123752605482977,33.12961487383798,19.371538574862566,0.13910527487202315,0.10282661918539951,0.09659470287113288,0.0847985755619853,0.07322501669263298,0.07500556421099489,0.06699310037836635,0.06387714222123303,0.05786779434676163,0.05720008902737592,0.04607166703761407,0.0360560872468284,0.03449810816826174,0.027598486534609393,0.018918317382595147,0.013799243267304697,0.005564210994880926,0.9197312134850564,0.022737413739684006,0.0,0.0,0.0,0.0,0.0,0.0,0.0,0.0,0.0,0.0,0.0,0.0,0.0,0.0,0.0,0.0,0.0,0.0,0.0,0.0,0.0,0.0,0.0,0.0,0.0,0.39394613843756965,5.29490318272869,16.031604718450925,7.798798130425108,0.4807478299577121,4.306271777003484,2.951866303168533,nan,nan,nan,4.293425605536332,2.9896693575214695,4.317415730337078,2.9131299157126467,1.005587641898304,0.4,0.01319,0.0,0.0,0.0,0.0,0.0,0.0,0.0,0.0,0.0,0.0,0.18695748942799917,14.949922101046049,14.696194079679504,0.1669263298464278,0.0,0.0,0.0,0.0,0.0,0.0,0.0,0.0,0.0,0.0,0.0,0.0,0.0,0.0,0.0,0.0,nan,nan,4.306271777003484,2.951866303168533,nan,0.4,0.06226,0.0,0.0,0.0,0.0,0.0,0.0,0.0,0.0,0.0,0.0,0.0,0.0,0.0,0.0,0.0,0.0,0.0,0.0,0.0020587580681059427,3.3385265969285556e-05,0.0,0.0012908969508123747,0.0013354106387714222,0.0,0.01058312931226352,0.008869352325840196,0.00022256843979523704,0.0013242822167816603,0.002181170709993323,0.015657689739594926,0.023458713554417983,0.011595815713331849,0.02175606498998442,0.03156020476296461,0.05396171822835522,0.04321166258624527,0.07375918094814156,0.04717338081460049,0.0852993545515246,0.03869352325840196,0.08161584687291341,0.052492766525706655,0.059058535499666144,0.06185176941909637,0.05228132650790118,0.046973069218784774,0.03612285777876697,0.016748275094591588,0.021422212330291564,0.02694190963721344,0.01190741152904518,0.025072334742933453,0.017760961495659915,0.004907634097484977,0.004351212997996884,0.00011128421989761852,0.0011462274649454707,0.0003672379256621411,5.564210994880926e-05,0.00445136879590474,0.0,0.00026708212775428445,0.0,6.677053193857111e-05,0.0,0.0,0.0,0.0,0.0,0.0,0.0,0.0,0.0,0.0,0.0,0.0,0.0,0.0,0.0,0.0,0.0,0.0,0.0,0.0,0.0,0.0,0.0,0.0,0.0,0.0,0.0,0.0,0.0,0.0,0.0,0.0,0.0,0.0,0.0,0.0,0.0,nan,nan,4.306271777003484,2.951866303168533,nan,0.9201611834416829,0.023051648739256917,0.0,0.0,0.0,0.0,0.0,0.0,0.0,0.0,0.0,0.0,0.0,0.0,0.0,0.0,0.0,0.0,0.0,0.0,0.0,0.0,0.0,0.0,0.0,0.0,0.0,0.35502958579881666,5.32544378698225,15.824175824175827,7.9374471682164005,0.5579036348267118,0.9192529300260163,0.022372981263792335,0.0,0.0,0.0,0.0,0.0,0.0,0.0,0.0,0.0,0.0,0.0,0.0,0.0,0.0,0.0,0.0,0.0,0.0,0.0,0.0,0.0,0.0,0.0,0.0,0.0,0.4372355430183358,5.2609308885754595,16.262341325811004,7.644569816643161,0.39492242595204524,0.4001,0.013176,0.0,0.0,0.0,0.0,0.0,0.0,0.0,0.0,0.0,0.0,0.15215553677092142,14.82248520710057,14.847844463229082,0.17751479289940833,0.0,0.0,0.0,0.0,0.0,0.0,0.0,0.0,0.0,0.0,0.0,0.0,0.0,0.0,0.0,0.0,0.3997,0.0132,0.0,0.0,0.0,0.0,0.0,0.0,0.0,0.0,0.0,0.0,0.225669957686883,15.091678420310274,14.527503526093092,0.15514809590973205,0.0,0.0,0.0,0.0,0.0,0.0,0.0,0.0,0.0,0.0,0.0,0.0,0.0,0.0,0.0,0.0
47200,4785,2481,0.5184952978056426,1121,963,0.4355276907001045,1359,0.568025078369906,0.3960000000000001,2.923611111111111,3.072938245373073,6.364329268292683,2.283932912788591,9527.739811912226,1613.8947161672882,7853.0,11083.0,11083.0,0.0,7853.0,0.0,28.438662486938348,21.163711017725124,33.23204147124167,19.46035650861433,0.13375130616509928,0.10365726227795194,0.09634273772204807,0.08087774294670846,0.07711598746081505,0.07857889237199582,0.06875653082549635,0.0587251828631139,0.05308254963427377,0.056844305120167186,0.04660397074190178,0.042633228840125395,0.03761755485893417,0.02612330198537095,0.022361546499477535,0.010031347962382446,0.006896551724137931,0.919064858228809,0.023032933256171187,0.0,0.0,0.0,0.0,0.0,0.0,0.0,0.0,0.0,0.0,0.0,0.0,0.0,0.0,0.0,0.0,0.0,0.0,0.0,0.0,0.0,0.0,0.0,0.0,0.0,0.4075235109717869,5.680250783699061,15.89341692789969,7.460815047021945,0.5579937304075236,4.2,2.8675042537302873,nan,nan,nan,4.249837345478205,2.8898744616769565,4.150991682661548,2.8444832692474584,0.976741306835701,0.3994,0.0129,0.0,0.0,0.0,0.0,0.0,0.0,0.0,0.0,0.0,0.0,0.1504702194357367,15.479623824451389,14.288401253918499,0.08150470219435739,0.0,0.0,0.0,0.0,0.0,0.0,0.0,0.0,0.0,0.0,0.0,0.0,0.0,0.0,0.0,0.0,nan,nan,4.2,2.8675042537302873,nan,0.3994,0.0625,0.0,0.0,0.0,0.0,0.0,0.0,0.0,0.0,0.0,0.0,0.0,0.0,0.0,0.0,0.0,0.0,0.0,2.089864158829676e-05,0.0019331243469174503,2.089864158829676e-05,0.0,0.002006269592476489,0.0010031347962382445,1.044932079414838e-05,0.011630094043887148,0.009164054336468129,0.00019853709508881924,0.001379310344827586,0.0017241379310344827,0.01612330198537095,0.02367816091954023,0.012288401253918495,0.02355276907001045,0.03084639498432602,0.051954022988505745,0.04594566353187043,0.07158829676071056,0.047084639498432605,0.0844723092998955,0.03874608150470219,0.07847439916405434,0.05517241379310345,0.05785788923719958,0.06577847439916405,0.05085684430512017,0.046091954022988504,0.03635318704284222,0.015778474399164053,0.020877742946708463,0.026865203761755486,0.01231974921630094,0.02650992685475444,0.01748171368861024,0.00393939393939394,0.004503657262277952,0.00012539184952978057,0.00043887147335423197,0.00021943573667711599,0.00031347962382445143,0.004399164054336468,0.0,0.0001671891327063741,0.0,0.0001044932079414838,0.0,0.0,0.0,0.0,0.0,0.0,0.0,0.0,0.0,0.0,0.0,0.0,0.0,0.0,0.0,0.0,0.0,0.0,0.0,0.0,0.0,0.0,0.0,0.0,0.0,0.0,0.0,0.0,0.0,0.0,0.0,0.0,0.0,0.0,0.0,0.0,0.0,nan,nan,4.2,2.8675042537302873,nan,0.9192090132504593,0.02300109548921013,0.0,0.0,0.0,0.0,0.0,0.0,0.0,0.0,0.0,0.0,0.0,0.0,0.0,0.0,0.0,0.0,0.0,0.0,0.0,0.0,0.0,0.0,0.0,0.0,0.0,0.4353083434099154,5.562273276904476,15.937122128174126,7.569528415961307,0.49576783555018145,0.9189096287979434,0.023066160387889893,0.0,0.0,0.0,0.0,0.0,0.0,0.0,0.0,0.0,0.0,0.0,0.0,0.0,0.0,0.0,0.0,0.0,0.0,0.0,0.0,0.0,0.0,0.0,0.0,0.0,0.37760416666666674,5.807291666666668,15.84635416666667,7.343750000000002,0.6250000000000001,0.3992,0.012955,0.0,0.0,0.0,0.0,0.0,0.0,0.0,0.0,0.0,0.0,0.19347037484885132,15.646916565900822,14.06287787182588,0.09673518742442566,0.0,0.0,0.0,0.0,0.0,0.0,0.0,0.0,0.0,0.0,0.0,0.0,0.0,0.0,0.0,0.0,0.3997,0.01285,0.0,0.0,0.0,0.0,0.0,0.0,0.0,0.0,0.0,0.0,0.10416666666666669,15.299479166666645,14.531250000000004,0.06510416666666669,0.0,0.0,0.0,0.0,0.0,0.0,0.0,0.0,0.0,0.0,0.0,0.0,0.0,0.0,0.0,0.0
47300,4488,2305,0.5135918003565062,1094,902,0.4447415329768271,1274,0.5677361853832442,0.4000000000000001,3.028401282638571,3.0944987702031828,6.5143288084464555,2.1566180287082037,9511.901515151516,1614.4031890972592,7853.0,11083.0,11083.0,0.0,7853.0,0.0,28.735294117647058,21.087794628907957,33.62193514368574,19.271478681898866,0.13324420677361853,0.1000445632798574,0.0857843137254902,0.08868092691622104,0.07776292335115864,0.07531194295900179,0.06550802139037433,0.06261140819964349,0.057263814616755795,0.061720142602495545,0.051916221033868094,0.0392156862745098,0.037210338680926915,0.026737967914438502,0.020053475935828877,0.008467023172905526,0.008467023172905526,0.9187618974669307,0.023558238918146453,0.0,0.0,0.0,0.0,0.0,0.0,0.0,0.0,0.0,0.0,0.0,0.0,0.0,0.0,0.0,0.0,0.0,0.0,0.0,0.0,0.0,0.0,0.0,0.0,0.006684491978609627,0.40106951871657764,5.795454545454547,15.815508021390377,7.359625668449199,0.6216577540106953,4.261282660332542,2.8716942518885618,nan,nan,nan,4.237474262182567,2.857137614856836,4.284563758389262,2.8856675412608683,1.011112632972652,0.3982,0.01319,0.0,0.0,0.0,0.0,0.0,0.0,0.0,0.0,0.0,0.0,0.2941176470588236,16.32352941176468,13.308823529411768,0.0735294117647059,0.0,0.0,0.0,0.0,0.0,0.0,0.0,0.0,0.0,0.0,0.0,0.0,0.0,0.0,0.0,0.0,nan,nan,4.261282660332542,2.8716942518885618,nan,0.3982,0.06256,0.0,0.0,0.0,0.0,0.0,0.0,0.0,0.0,0.0,0.0,0.0,0.0,0.0,0.0,0.0,0.0,0.0,0.0,0.002016488413547237,0.0,4.45632798573975e-05,0.002038770053475936,0.0012477718360071302,0.0,0.013201871657754011,0.008522727272727272,0.0004233511586452763,0.001838235294117647,0.0023061497326203207,0.017435383244206775,0.02354055258467023,0.011831550802139037,0.024988859180035652,0.03235294117647059,0.04954322638146168,0.046902852049910876,0.07114527629233512,0.048295454545454544,0.08475935828877006,0.038870320855614975,0.07925579322638146,0.05655080213903743,0.05960338680926916,0.061887254901960786,0.04889705882352941,0.04518716577540107,0.035606060606060606,0.01588680926916221,0.019897504456327986,0.028130570409982174,0.01270053475935829,0.025423351158645278,0.016856060606060607,0.003676470588235294,0.004122103386809269,8.9126559714795e-05,0.00040106951871657755,0.00016711229946524063,0.00038992869875222817,0.00357620320855615,0.0,0.00026737967914438503,0.0,0.00012254901960784314,0.0,0.0,0.0,0.0,0.0,0.0,0.0,0.0,0.0,0.0,0.0,0.0,0.0,0.0,0.0,0.0,0.0,0.0,0.0,0.0,0.0,0.0,0.0,0.0,0.0,0.0,0.0,0.0,0.0,0.0,0.0,0.0,0.0,0.0,0.0,0.0,0.0,nan,nan,4.261282660332542,2.8716942518885618,nan,0.9192755173705922,0.023795005057388834,0.0,0.0,0.0,0.0,0.0,0.0,0.0,0.0,0.0,0.0,0.0,0.0,0.0,0.0,0.0,0.0,0.0,0.0,0.0,0.0,0.0,0.0,0.0,0.0,0.013015184381778745,0.42950108459869857,5.492407809110631,15.85249457700651,7.548806941431672,0.6637744034707159,0.9182195731985203,0.023293340971427236,0.0,0.0,0.0,0.0,0.0,0.0,0.0,0.0,0.0,0.0,0.0,0.0,0.0,0.0,0.0,0.0,0.0,0.0,0.0,0.0,0.0,0.0,0.0,0.0,0.0,0.3710490151168118,6.115437471369677,15.77645442052222,7.159871736142924,0.5771873568483739,0.3982,0.01348,0.0,0.0,0.0,0.0,0.0,0.0,0.0,0.0,0.0,0.0,0.4034707158351411,16.02169197396961,13.535791757049894,0.03904555314533623,0.0,0.0,0.0,0.0,0.0,0.0,0.0,0.0,0.0,0.0,0.0,0.0,0.0,0.0,0.0,0.0,0.3982,0.01287,0.0,0.0,0.0,0.0,0.0,0.0,0.0,0.0,0.0,0.0,0.17865322950068718,16.642235455794754,13.06917086578104,0.1099404489234998,0.0,0.0,0.0,0.0,0.0,0.0,0.0,0.0,0.0,0.0,0.0,0.0,0.0,0.0,0.0,0.0
47400,4607,2354,0.5109615802040374,1176,907,0.45213805079227265,1257,0.5456913392663338,0.38800000000000007,2.906347092765202,3.0915344252950656,6.662847790507365,2.100793492378027,9503.40590405904,1614.6118486985538,7853.0,11083.0,11083.0,0.0,7853.0,0.0,27.509008031256784,20.52067721154615,32.27106415872198,18.851259019853444,0.13631430431951377,0.10853049706967657,0.0935532884740612,0.08161493379639678,0.07987844584328196,0.08118081180811808,0.07445192098979814,0.0649012372476666,0.05339700455828088,0.05643585847623182,0.042761015845452575,0.041024527892337743,0.0310397221619275,0.02214022140221402,0.017147818537008898,0.008465378771434773,0.007163012806598654,0.9192583837942832,0.023179721697082146,0.0,0.0,0.0,0.0,0.0,0.0,0.0,0.0,0.0,0.0,0.0,0.0,0.0,0.0,0.0,0.0,0.0,0.0,0.0,0.0,0.0,0.0,0.0,0.0,0.0,0.35163881050575224,5.847623182114176,15.537225960494903,7.677447362708922,0.5860646841762537,4.217878993881713,2.8924371934505966,nan,nan,nan,4.288617886178862,2.899987008251411,4.146657571623465,2.883063000716231,0.9668983531937179,0.3987,0.01319,0.0,0.0,0.0,0.0,0.0,0.0,0.0,0.0,0.0,0.0,0.2995441719123074,15.980030388539157,13.622747992185808,0.09767744736270895,0.0,0.0,0.0,0.0,0.0,0.0,0.0,0.0,0.0,0.0,0.0,0.0,0.0,0.0,0.0,0.0,nan,nan,4.217878993881713,2.8924371934505966,nan,0.3987,0.0628,0.0,0.0,0.0,0.0,0.0,0.0,0.0,0.0,0.0,0.0,0.0,0.0,0.0,1.0853049706967659e-05,0.0,2.1706099413935317e-05,0.0,0.0,0.0016279574560451487,8.682439765574127e-05,0.0,0.0020512263946168875,0.000792272628608639,0.0,0.01339266333839809,0.007184718906012589,0.0005969177338832212,0.0020729324940308227,0.0027675276752767526,0.01654004775341871,0.02274799218580421,0.013056218797482092,0.02614499674408509,0.03532667679617973,0.0496309963099631,0.04487736053831127,0.0712068591274148,0.05001085304970697,0.0857716518341654,0.037790319079661384,0.07836987193401346,0.05387453874538745,0.05571955719557196,0.06200347297590623,0.05031473844150206,0.046103755155198614,0.034360755372259605,0.015878011721293682,0.018938571738658563,0.028424137182548295,0.014543086607336662,0.02739309746038637,0.017527675276752766,0.0029194703711743,0.004471456479270675,0.00022791404384632082,0.0005426524853483829,9.767744736270892e-05,0.00036900369003690036,0.00379856739743868,0.0,0.000379856739743868,0.0,3.2559149120902974e-05,0.0,0.0,0.0,0.0,0.0,0.0,0.0,0.0,0.0,0.0,0.0,0.0,0.0,0.0,0.0,0.0,0.0,0.0,0.0,0.0,0.0,0.0,0.0,0.0,0.0,0.0,0.0,0.0,0.0,0.0,0.0,0.0,0.0,0.0,0.0,0.0,0.0,nan,nan,4.217878993881713,2.8924371934505966,nan,0.9197344075043321,0.022802450990867223,0.0,0.0,0.0,0.0,0.0,0.0,0.0,0.0,0.0,0.0,0.0,0.0,0.0,0.0,0.0,0.0,0.0,0.0,0.0,0.0,0.0,0.0,0.0,0.0,0.0,0.30586236193712835,5.556499575191165,15.85386576040782,7.723024638912491,0.5607476635514019,0.9187610203617687,0.02355718108805034,0.0,0.0,0.0,0.0,0.0,0.0,0.0,0.0,0.0,0.0,0.0,0.0,0.0,0.0,0.0,0.0,0.0,0.0,0.0,0.0,0.0,0.0,0.0,0.0,0.0,0.39946737683089223,6.151797603195741,15.206391478029298,7.629826897470042,0.6125166444740348,0.399,0.01302,0.0,0.0,0.0,0.0,0.0,0.0,0.0,0.0,0.0,0.0,0.2166525063721326,15.853865760407794,13.81478334749363,0.11469838572642313,0.0,0.0,0.0,0.0,0.0,0.0,0.0,0.0,0.0,0.0,0.0,0.0,0.0,0.0,0.0,0.0,0.3982,0.01335,0.0,0.0,0.0,0.0,0.0,0.0,0.0,0.0,0.0,0.0,0.38615179760319585,16.111850865512626,13.422103861517979,0.07989347536617844,0.0,0.0,0.0,0.0,0.0,0.0,0.0,0.0,0.0,0.0,0.0,0.0,0.0,0.0,0.0,0.0
47500,4327,2271,0.524844002773284,1059,888,0.4499653339496187,1208,0.5583545181418997,0.4320000000000001,2.9187743190661477,3.036214244958023,6.4198198198198195,2.172382750433714,9548.246128957708,1613.0051329079222,7853.0,11083.0,11083.0,0.0,7853.0,0.0,28.1506817656575,20.923754503902654,33.112761276127614,19.1369461627753,0.13958862953547493,0.09706494106771435,0.08966951698636469,0.08712733995840075,0.08065634388721979,0.07487866882366535,0.06910099376011093,0.07048763577536399,0.05916339265079732,0.05038132655419459,0.04367922348047146,0.04183036746013404,0.03212387335336261,0.027501733302519066,0.018257453200831986,0.010168708111855789,0.008319852091518374,0.9196264895881492,0.022976787982804083,0.0,0.0,0.0,0.0,0.0,0.0,0.0,0.0,0.0,0.0,0.0,0.0,0.0,0.0,0.0,0.0,0.0,0.0,0.0,0.0,0.0,0.0,0.0,0.0,0.0,0.36746013404206157,5.4356366997920045,15.911717125028892,7.716662814883293,0.5685232262537556,4.160370634354954,2.852630878240504,nan,nan,nan,4.207142857142857,2.9036834453880145,4.11379800853485,2.8000955478813365,0.977812769431034,0.3984,0.01338,0.0,0.0,0.0,0.0,0.0,0.0,0.0,0.0,0.0,0.0,0.27732840305061246,15.925583545181395,13.727755951005319,0.06933210076265311,0.0,0.0,0.0,0.0,0.0,0.0,0.0,0.0,0.0,0.0,0.0,0.0,0.0,0.0,0.0,0.0,nan,nan,4.160370634354954,2.852630878240504,nan,0.3984,0.0626,0.0,0.0,0.0,0.0,0.0,0.0,0.0,0.0,0.0,0.0,0.0,0.0,0.0,0.0,0.0,0.0,0.0,1.1555350127108852e-05,0.0018488560203374163,9.244280101687081e-05,0.0,0.0018141899699560897,0.0003813265541945921,0.0,0.01256066558816732,0.007430090131730992,0.0006124335567367691,0.0023804021261844234,0.0025999537785994916,0.016963253986595792,0.023330251906632772,0.011936676681303443,0.02869193436561128,0.036468685001155535,0.04899468453894153,0.04325167552576843,0.06965565056621216,0.04825514213080656,0.08800554656806102,0.03800554656806101,0.07970880517679686,0.05448347584931824,0.056748324474231567,0.0627917725907095,0.050207996302287956,0.04460365149064017,0.03411139357522533,0.015749942223249363,0.018061012248671134,0.028842153917263694,0.014848624913334874,0.025733764733071412,0.01740235729142593,0.0030737231338109545,0.004506586549572452,0.00018488560203374163,0.0007626531083891842,9.244280101687081e-05,0.00027732840305061244,0.004171481395886295,0.0,0.00034666050381326557,0.0,0.0,0.0,0.0,0.0,0.0,0.0,0.0,0.0,0.0,0.0,0.0,0.0,0.0,0.0,0.0,0.0,0.0,0.0,0.0,0.0,0.0,0.0,0.0,0.0,0.0,0.0,0.0,0.0,0.0,0.0,0.0,0.0,0.0,0.0,0.0,0.0,0.0,0.0,nan,nan,4.160370634354954,2.852630878240504,nan,0.9195214830952455,0.02295234535474479,0.0,0.0,0.0,0.0,0.0,0.0,0.0,0.0,0.0,0.0,0.0,0.0,0.0,0.0,0.0,0.0,0.0,0.0,0.0,0.0,0.0,0.0,0.0,0.0,0.0,0.3434610303830912,5.416116248348747,16.063408190224575,7.582562747688245,0.5944517833553502,0.9197424768183946,0.02300319929473966,0.0,0.0,0.0,0.0,0.0,0.0,0.0,0.0,0.0,0.0,0.0,0.0,0.0,0.0,0.0,0.0,0.0,0.0,0.0,0.0,0.0,0.0,0.0,0.0,0.0,0.39396887159533084,5.457198443579768,15.744163424124517,7.8647859922179,0.5398832684824904,0.3987,0.01334,0.0,0.0,0.0,0.0,0.0,0.0,0.0,0.0,0.0,0.0,0.250990752972259,15.759577278731813,13.910171730515195,0.07926023778071335,0.0,0.0,0.0,0.0,0.0,0.0,0.0,0.0,0.0,0.0,0.0,0.0,0.0,0.0,0.0,0.0,0.3984,0.01343,0.0,0.0,0.0,0.0,0.0,0.0,0.0,0.0,0.0,0.0,0.3064202334630351,16.108949416342387,13.526264591439693,0.05836575875486383,0.0,0.0,0.0,0.0,0.0,0.0,0.0,0.0,0.0,0.0,0.0,0.0,0.0,0.0,0.0,0.0
47600,4442,2295,0.5166591625393967,1094,908,0.45069788383610987,1244,0.5601080594326879,0.4160000000000001,2.9622729389846296,3.0584999647692657,6.348534201954397,2.246754329596333,9521.80909500225,1614.1033366222368,7853.0,11083.0,11083.0,0.0,7853.0,0.0,27.870778928410626,20.780730796183207,32.93588362068966,18.9739409850378,0.1416028815848717,0.10265646105357946,0.0884736605132823,0.08036920306168392,0.08712291760468258,0.07631697433588473,0.07023863124718595,0.06393516434038721,0.05785682125168843,0.05155335434488969,0.04277352543899145,0.038946420531292214,0.039171544349392164,0.027465105808194508,0.01575866726699685,0.010805943268797838,0.00495272399819901,0.9191860994714061,0.023169954552452743,0.0,0.0,0.0,0.0,0.0,0.0,0.0,0.0,0.0,0.0,0.0,0.0,0.0,0.0,0.0,0.0,0.0,0.0,0.0,0.0,0.0,0.0,0.0,0.0,0.0067537145429986505,0.27690229626294466,5.9770373705538065,15.621341737955879,7.530391715443495,0.5875731652408825,4.189367616400278,2.851416302503253,nan,nan,nan,4.203588681849552,2.855979566011109,4.174947515745276,2.8467091630208605,0.9931864965219019,0.397,0.01305,0.0,0.0,0.0,0.0,0.0,0.0,0.0,0.0,0.0,0.0,0.31067086897793794,17.093651508329554,12.501125619090503,0.09455200360198111,0.0,0.0,0.0,0.0,0.0,0.0,0.0,0.0,0.0,0.0,0.0,0.0,0.0,0.0,0.0,0.0,nan,nan,4.189367616400278,2.851416302503253,nan,0.397,0.06256,0.0,0.0,0.0,0.0,0.0,0.0,0.0,0.0,0.0,0.0,0.0,0.0,0.0,0.0,0.0,0.0,0.0,0.0,0.0020936515083295813,3.376857271499325e-05,0.0,0.0018009905447996398,0.0005853219270598829,1.1256190904997748e-05,0.012077892841062584,0.007868077442593427,0.0005965781179648807,0.0020373705538045926,0.0028815848716794235,0.01965330932012607,0.02335659612787033,0.013327330031517334,0.028084196307969385,0.03394867176947321,0.052318775326429534,0.04353894642053129,0.07343538946420532,0.04908824853669518,0.0889801891040072,0.04017334533993697,0.0815285907248987,0.05329806393516434,0.052836560108059434,0.06319225574065736,0.04779378658262044,0.04387663214768123,0.03265420981539847,0.015792435839711842,0.01775101305718145,0.02540522287257992,0.014104007203962179,0.02530391715443494,0.01714317874831157,0.0034443944169293113,0.004018460153084196,0.00029266096352994147,0.0005177847816298964,4.502476361999099e-05,0.0004615038271049077,0.004311121116614138,0.0,0.00033768572714993245,0.0,0.0,0.0,0.0,0.0,0.0,0.0,0.0,0.0,0.0,0.0,0.0,0.0,0.0,0.0,0.0,0.0,0.0,0.0,0.0,0.0,0.0,0.0,0.0,0.0,0.0,0.0,0.0,0.0,0.0,0.0,0.0,0.0,0.0,0.0,0.0,0.0,0.0,0.0,nan,nan,4.189367616400278,2.851416302503253,nan,0.9184382617863175,0.022964544857245573,0.0,0.0,0.0,0.0,0.0,0.0,0.0,0.0,0.0,0.0,0.0,0.0,0.0,0.0,0.0,0.0,0.0,0.0,0.0,0.0,0.0,0.0,0.0,0.0,0.013071895424836605,0.3267973856209151,6.078431372549021,15.686274509803924,7.385620915032681,0.5098039215686275,0.9199854881473625,0.023361071843675238,0.0,0.0,0.0,0.0,0.0,0.0,0.0,0.0,0.0,0.0,0.0,0.0,0.0,0.0,0.0,0.0,0.0,0.0,0.0,0.0,0.0,0.0,0.0,0.0,0.0,0.2235677689799721,5.868653935724268,15.55193292966931,7.685142058686541,0.6707033069399163,0.3972,0.013214,0.0,0.0,0.0,0.0,0.0,0.0,0.0,0.0,0.0,0.0,0.3137254901960785,16.967320261437884,12.601307189542487,0.11764705882352944,0.0,0.0,0.0,0.0,0.0,0.0,0.0,0.0,0.0,0.0,0.0,0.0,0.0,0.0,0.0,0.0,0.397,0.01286,0.0,0.0,0.0,0.0,0.0,0.0,0.0,0.0,0.0,0.0,0.30740568234746163,17.228691197019074,12.394038192827205,0.06986492780624128,0.0,0.0,0.0,0.0,0.0,0.0,0.0,0.0,0.0,0.0,0.0,0.0,0.0,0.0,0.0,0.0
47700,4500,2354,0.5231111111111111,1127,907,0.452,1262,0.5608888888888889,0.4040000000000001,2.9981360671015844,3.0920931952606576,6.506349206349206,2.1132516895655735,9542.648888888889,1613.2738587690728,7853.0,11083.0,11083.0,0.0,7853.0,0.0,28.215555555555557,20.72603789713751,33.16600581549035,18.881979321568785,0.13244444444444445,0.10244444444444445,0.09111111111111111,0.082,0.0811111111111111,0.07577777777777778,0.07066666666666667,0.06333333333333334,0.06155555555555556,0.05644444444444444,0.052444444444444446,0.03955555555555555,0.03266666666666666,0.024888888888888887,0.016888888888888887,0.010888888888888889,0.0057777777777777775,0.9199575686322318,0.02280170851035093,0.0,0.0,0.0,0.0,0.0,0.0,0.0,0.0,0.0,0.0,0.0,0.0,0.0,0.0,0.0,0.0,0.0,0.0,0.0,0.0,0.0,0.0,0.0,0.0,0.006666666666666668,0.30000000000000004,5.426666666666668,15.78666666666667,7.853333333333335,0.6266666666666668,4.239604635310156,2.9008001353325814,nan,nan,nan,4.18052738336714,2.892811167253296,4.299656357388316,2.907668475666368,1.0284961592394175,0.3967,0.013214,0.0,0.0,0.0,0.0,0.0,0.0,0.0,0.0,0.0,0.0,0.4066666666666668,17.34666666666664,12.180000000000003,0.06666666666666668,0.0,0.0,0.0,0.0,0.0,0.0,0.0,0.0,0.0,0.0,0.0,0.0,0.0,0.0,0.0,0.0,nan,nan,4.239604635310156,2.9008001353325814,nan,0.3967,0.06223,0.0,0.0,0.0,0.0,0.0,0.0,0.0,0.0,0.0,0.0,0.0,0.0,0.0,0.0,0.0,0.0,0.0,3.3333333333333335e-05,0.0017,5.555555555555556e-05,3.3333333333333335e-05,0.0017666666666666666,0.0005777777777777778,4.4444444444444447e-05,0.013455555555555556,0.006277777777777778,0.0003222222222222222,0.0013555555555555556,0.0028666666666666667,0.018555555555555554,0.024577777777777778,0.01278888888888889,0.02921111111111111,0.03487777777777778,0.05332222222222222,0.04357777777777778,0.0748111111111111,0.0505,0.0904,0.040688888888888886,0.08035555555555556,0.04838888888888889,0.051833333333333335,0.0664,0.04635555555555555,0.045255555555555556,0.031566666666666666,0.01601111111111111,0.01647777777777778,0.023777777777777776,0.015355555555555556,0.026122222222222224,0.017244444444444444,0.004111111111111111,0.004377777777777778,0.00017777777777777779,0.0002888888888888889,0.0,0.0002888888888888889,0.003477777777777778,0.0,0.0003333333333333333,0.0,0.0,0.0,0.0,0.0,0.0,0.0,0.0,0.0,0.0,0.0,0.0,0.0,0.0,0.0,0.0,0.0,0.0,0.0,0.0,0.0,0.0,0.0,0.0,0.0,0.0,0.0,0.0,0.0,0.0,0.0,0.0,0.0,0.0,0.0,0.0,0.0,0.0,0.0,nan,nan,4.239604635310156,2.9008001353325814,nan,0.9199572264034057,0.022720611493907344,0.0,0.0,0.0,0.0,0.0,0.0,0.0,0.0,0.0,0.0,0.0,0.0,0.0,0.0,0.0,0.0,0.0,0.0,0.0,0.0,0.0,0.0,0.0,0.0,0.0,0.29311809685641466,5.492778249787597,15.89209855564996,7.748513169073918,0.5734919286321156,0.9199579440314194,0.022890335376099653,0.0,0.0,0.0,0.0,0.0,0.0,0.0,0.0,0.0,0.0,0.0,0.0,0.0,0.0,0.0,0.0,0.0,0.0,0.0,0.0,0.0,0.0,0.0,0.0,0.013979496738117431,0.3075489282385835,5.354147250698976,15.67101584342964,7.968313140726935,0.6849953401677541,0.3967,0.01327,0.0,0.0,0.0,0.0,0.0,0.0,0.0,0.0,0.0,0.0,0.3950722175021241,17.47238742565843,12.08156329651657,0.05097706032285473,0.0,0.0,0.0,0.0,0.0,0.0,0.0,0.0,0.0,0.0,0.0,0.0,0.0,0.0,0.0,0.0,0.3967,0.01315,0.0,0.0,0.0,0.0,0.0,0.0,0.0,0.0,0.0,0.0,0.4193849021435229,17.20876048462253,12.287977632805223,0.08387698042870458,0.0,0.0,0.0,0.0,0.0,0.0,0.0,0.0,0.0,0.0,0.0,0.0,0.0,0.0,0.0,0.0
47800,4410,2300,0.5215419501133787,1089,905,0.45215419501133786,1240,0.562358276643991,0.3960000000000001,2.962559241706161,3.0203137042504107,6.35702479338843,2.0987531302810787,9537.580498866213,1613.5004041454495,7853.0,11083.0,11083.0,0.0,7853.0,0.0,28.851020408163265,21.09237388062848,33.5848,19.31091942295861,0.13129251700680272,0.09024943310657596,0.09682539682539683,0.07981859410430839,0.0800453514739229,0.07709750566893424,0.07528344671201814,0.0691609977324263,0.05623582766439909,0.05102040816326531,0.044897959183673466,0.03877551020408163,0.04285714285714286,0.029024943310657598,0.01904761904761905,0.009070294784580499,0.009297052154195011,0.9197900405816751,0.023017276428114058,0.0,0.0,0.0,0.0,0.0,0.0,0.0,0.0,0.0,0.0,0.0,0.0,0.0,0.0,0.0,0.0,0.0,0.0,0.0,0.0,0.0,0.0,0.0,0.0,0.0,0.26530612244897966,5.5986394557823145,15.687074829931976,7.789115646258505,0.6598639455782314,4.224742268041237,2.895607442204042,nan,nan,nan,4.212517193947731,2.9044068621352856,4.236950549450549,2.8867416777464103,1.005800179412424,0.3967,0.012856,0.0,0.0,0.0,0.0,0.0,0.0,0.0,0.0,0.0,0.0,0.23129251700680278,17.707482993197253,12.03401360544218,0.027210884353741503,0.0,0.0,0.0,0.0,0.0,0.0,0.0,0.0,0.0,0.0,0.0,0.0,0.0,0.0,0.0,0.0,nan,nan,4.224742268041237,2.895607442204042,nan,0.3967,0.06244,0.0,0.0,0.0,0.0,0.0,0.0,0.0,0.0,0.0,0.0,0.0,0.0,0.0,0.0,0.0,0.0,0.0,2.2675736961451248e-05,0.0017573696145124717,9.070294784580499e-05,0.0,0.0015192743764172335,0.0005102040816326531,0.00015873015873015873,0.012165532879818594,0.006666666666666667,0.0003514739229024943,0.0011678004535147393,0.003038548752834467,0.019126984126984128,0.026145124716553288,0.01243764172335601,0.030816326530612243,0.03717687074829932,0.05182539682539682,0.04428571428571428,0.07558956916099774,0.049501133786848076,0.09036281179138322,0.0405328798185941,0.07806122448979592,0.049614512471655325,0.04919501133786848,0.06801587301587302,0.04471655328798186,0.043786848072562355,0.03090702947845805,0.015997732426303854,0.017857142857142856,0.021950113378684806,0.017857142857142856,0.024625850340136056,0.018798185941043082,0.0038095238095238095,0.0050566893424036285,0.00022675736961451248,0.0002834467120181406,0.0,0.00012471655328798187,0.003616780045351474,0.0,0.00024943310657596373,0.0,0.0,0.0,0.0,0.0,0.0,0.0,0.0,0.0,0.0,0.0,0.0,0.0,0.0,0.0,0.0,0.0,0.0,0.0,0.0,0.0,0.0,0.0,0.0,0.0,0.0,0.0,0.0,0.0,0.0,0.0,0.0,0.0,0.0,0.0,0.0,0.0,0.0,0.0,nan,nan,4.224742268041237,2.895607442204042,nan,0.9195163711775904,0.02277054641615921,0.0,0.0,0.0,0.0,0.0,0.0,0.0,0.0,0.0,0.0,0.0,0.0,0.0,0.0,0.0,0.0,0.0,0.0,0.0,0.0,0.0,0.0,0.0,0.0,0.0,0.26086956521739135,5.595652173913045,15.821739130434786,7.7086956521739145,0.6130434782608697,0.9200883532022412,0.02327958120134519,0.0,0.0,0.0,0.0,0.0,0.0,0.0,0.0,0.0,0.0,0.0,0.0,0.0,0.0,0.0,0.0,0.0,0.0,0.0,0.0,0.0,0.0,0.0,0.0,0.0,0.2701421800947868,5.601895734597157,15.540284360189577,7.876777251184836,0.7109004739336494,0.3967,0.01291,0.0,0.0,0.0,0.0,0.0,0.0,0.0,0.0,0.0,0.0,0.18260869565217397,17.986956521739106,11.81739130434783,0.013043478260869568,0.0,0.0,0.0,0.0,0.0,0.0,0.0,0.0,0.0,0.0,0.0,0.0,0.0,0.0,0.0,0.0,0.3967,0.012794,0.0,0.0,0.0,0.0,0.0,0.0,0.0,0.0,0.0,0.0,0.28436018957345977,17.40284360189571,12.27014218009479,0.04265402843601897,0.0,0.0,0.0,0.0,0.0,0.0,0.0,0.0,0.0,0.0,0.0,0.0,0.0,0.0,0.0,0.0
47900,4260,2272,0.5333333333333333,1087,842,0.4528169014084507,1196,0.5615023474178403,0.4120000000000001,3.0362173038229376,3.058565861286847,6.46271186440678,2.1243861171183074,9575.666666666666,1611.407114570644,7853.0,11083.0,11083.0,0.0,7853.0,0.0,29.022300469483568,21.267869489963317,33.94280955024986,19.432382650962662,0.134037558685446,0.09741784037558686,0.08826291079812207,0.07887323943661972,0.08098591549295775,0.07323943661971831,0.07276995305164319,0.06103286384976526,0.059154929577464786,0.06009389671361502,0.048826291079812206,0.038028169014084505,0.034976525821596244,0.029342723004694836,0.021361502347417842,0.013615023474178404,0.007981220657276996,0.9198125233112926,0.022316011857032386,0.0,0.0,0.0,0.0,0.0,0.0,0.0,0.0,0.0,0.0,0.0,0.0,0.0,0.0,0.0,0.0,0.0,0.0,0.0,0.0,0.0,0.0,0.0,0.0,0.0,0.24647887323943668,5.429577464788733,16.02816901408451,7.774647887323946,0.5211267605633804,4.1749116607773855,2.827203710839542,nan,nan,nan,4.173913043478261,2.830517618675693,4.175925925925926,2.82383353326163,1.0004822530864197,0.3967,0.0131,0.0,0.0,0.0,0.0,0.0,0.0,0.0,0.0,0.0,0.0,0.30281690140845074,17.64084507042251,11.992957746478877,0.06338028169014086,0.0,0.0,0.0,0.0,0.0,0.0,0.0,0.0,0.0,0.0,0.0,0.0,0.0,0.0,0.0,0.0,nan,nan,4.1749116607773855,2.827203710839542,nan,0.3967,0.06238,0.0,0.0,0.0,0.0,0.0,0.0,0.0,0.0,0.0,0.0,0.0,0.0,0.0,0.0,0.0,0.0,0.0,0.0,0.001948356807511737,0.00010563380281690141,1.1737089201877934e-05,0.002112676056338028,0.0006338028169014084,1.1737089201877934e-05,0.011854460093896714,0.005985915492957746,0.0005868544600938967,0.0011971830985915493,0.002124413145539906,0.0184037558685446,0.0257981220657277,0.012124413145539905,0.031103286384976527,0.0382981220657277,0.05140845070422535,0.04549295774647887,0.07347417840375586,0.049788732394366195,0.09007042253521126,0.04369718309859155,0.07931924882629109,0.04928403755868545,0.04929577464788732,0.07004694835680751,0.04419014084507042,0.04448356807511737,0.027946009389671362,0.01476525821596244,0.01732394366197183,0.02130281690140845,0.019025821596244132,0.024190140845070422,0.017828638497652583,0.0041431924882629105,0.005246478873239436,0.0003755868544600939,0.000715962441314554,0.0,8.215962441314554e-05,0.004096244131455399,0.0,0.00010563380281690141,0.0,0.0,0.0,0.0,0.0,0.0,0.0,0.0,0.0,0.0,0.0,0.0,0.0,0.0,0.0,0.0,0.0,0.0,0.0,0.0,0.0,0.0,0.0,0.0,0.0,0.0,0.0,0.0,0.0,0.0,0.0,0.0,0.0,0.0,0.0,0.0,0.0,0.0,0.0,nan,nan,4.1749116607773855,2.827203710839542,nan,0.9199338211927196,0.022278327725659047,0.0,0.0,0.0,0.0,0.0,0.0,0.0,0.0,0.0,0.0,0.0,0.0,0.0,0.0,0.0,0.0,0.0,0.0,0.0,0.0,0.0,0.0,0.0,0.0,0.0,0.2376760563380282,5.294894366197184,16.003521126760567,7.93573943661972,0.5281690140845071,0.9196738971610904,0.022358195883511373,0.0,0.0,0.0,0.0,0.0,0.0,0.0,0.0,0.0,0.0,0.0,0.0,0.0,0.0,0.0,0.0,0.0,0.0,0.0,0.0,0.0,0.0,0.0,0.0,0.0,0.2565392354124749,5.583501006036218,16.05633802816902,7.590543259557346,0.5130784708249498,0.3972,0.01302,0.0,0.0,0.0,0.0,0.0,0.0,0.0,0.0,0.0,0.0,0.25088028169014087,17.231514084507015,12.451584507042257,0.06602112676056339,0.0,0.0,0.0,0.0,0.0,0.0,0.0,0.0,0.0,0.0,0.0,0.0,0.0,0.0,0.0,0.0,0.3962,0.013176,0.0,0.0,0.0,0.0,0.0,0.0,0.0,0.0,0.0,0.0,0.3621730382293763,18.108651911468787,11.468812877263582,0.06036217303822939,0.0,0.0,0.0,0.0,0.0,0.0,0.0,0.0,0.0,0.0,0.0,0.0,0.0,0.0,0.0,0.0
48000,4259,2220,0.5212491195116224,1056,869,0.4519840338107537,1170,0.5494247475933318,0.4200000000000001,2.9955860716037273,3.1464935897083506,6.702654867256637,2.1177906410850578,9536.634656022541,1613.5409148802728,7853.0,11083.0,11083.0,0.0,7853.0,0.0,27.572434843860062,20.799529519546454,32.64255558682803,19.04925729936863,0.1432261094153557,0.10049307349142991,0.09650152617985443,0.09204038506691711,0.07607419582061517,0.06949988260154966,0.0680911011974642,0.06691711669405964,0.06292556938248416,0.05212491195116224,0.04249823902324489,0.037567504108945764,0.03310636299600845,0.022775299366048368,0.019957736557877435,0.009626672927917352,0.006574313219065508,0.9201371738204768,0.02270419511960594,0.0,0.0,0.0,0.0,0.0,0.0,0.0,0.0,0.0,0.0,0.0,0.0,0.0,0.0,0.0,0.0,0.0,0.0,0.0,0.0,0.0,0.0,0.0,0.0,0.007043907020427332,0.28175628081709325,5.205447288095798,16.038976285513034,7.832824606715193,0.6339516318384598,4.245594713656388,2.945958251700965,nan,nan,nan,4.260416666666667,2.9616665703633718,4.23060188542422,2.9314959168802113,0.9930019095372252,0.3965,0.01277,0.0,0.0,0.0,0.0,0.0,0.0,0.0,0.0,0.0,0.0,0.25358065273538394,18.10988494951864,11.587227048602962,0.04930734914299133,0.0,0.0,0.0,0.0,0.0,0.0,0.0,0.0,0.0,0.0,0.0,0.0,0.0,0.0,0.0,0.0,nan,nan,4.245594713656388,2.945958251700965,nan,0.3965,0.062,0.0,0.0,0.0,0.0,0.0,0.0,0.0,0.0,0.0,0.0,0.0,0.0,0.0,0.0,0.0,0.0,0.0,0.0,0.0016318384597323315,0.00017609767551068326,0.0,0.0025240666823197933,0.0007983094623150974,1.1739845034045551e-05,0.012596853721530877,0.005353369335524771,0.0008804883775534163,0.0008804883775534163,0.0024184080770133834,0.0175510683258981,0.026132895045785396,0.01300774829772247,0.031404085466071846,0.03648743836581357,0.051021366517961964,0.04435313453862409,0.07147217656726931,0.048098145104484624,0.09375440244188776,0.043683963371683496,0.08605306409955389,0.04843860061047194,0.049964780464897864,0.06818501995773656,0.04549189950692651,0.04519840338107537,0.027271660014087814,0.013723878844799248,0.017234092509978868,0.02163653439774595,0.01775064569147687,0.02398450340455506,0.01575487203568913,0.0045433200281756285,0.004954214604367222,0.0005400328715660953,0.0007983094623150974,4.6959380136182205e-05,7.04390702042733e-05,0.004097205916881897,0.0,0.0,0.0,0.0,2.3479690068091102e-05,0.0,0.0,0.0,0.0,0.0,0.0,0.0,0.0,0.0,0.0,0.0,0.0,0.0,0.0,0.0,0.0,0.0,0.0,0.0,0.0,0.0,0.0,0.0,0.0,0.0,0.0,0.0,0.0,0.0,0.0,0.0,0.0,0.0,0.0,0.0,0.0,nan,nan,4.245594713656388,2.945958251700965,nan,0.9201086087001337,0.022538894312748293,0.0,0.0,0.0,0.0,0.0,0.0,0.0,0.0,0.0,0.0,0.0,0.0,0.0,0.0,0.0,0.0,0.0,0.0,0.0,0.0,0.0,0.0,0.0,0.0,0.0,0.22972972972972977,5.2027027027027035,16.02702702702703,7.972972972972975,0.5675675675675677,0.9201682746381138,0.022882771204864674,0.0,0.0,0.0,0.0,0.0,0.0,0.0,0.0,0.0,0.0,0.0,0.0,0.0,0.0,0.0,0.0,0.0,0.0,0.0,0.0,0.0,0.0,0.0,0.0,0.01471309465424228,0.3384011770475724,5.2084355076017665,16.051986267778325,7.68023540951447,0.7062285434036294,0.3962,0.012825,0.0,0.0,0.0,0.0,0.0,0.0,0.0,0.0,0.0,0.0,0.24324324324324328,17.87837837837835,11.824324324324328,0.054054054054054064,0.0,0.0,0.0,0.0,0.0,0.0,0.0,0.0,0.0,0.0,0.0,0.0,0.0,0.0,0.0,0.0,0.3965,0.01272,0.0,0.0,0.0,0.0,0.0,0.0,0.0,0.0,0.0,0.0,0.264835703776361,18.361942128494334,11.329082883766555,0.04413928396272684,0.0,0.0,0.0,0.0,0.0,0.0,0.0,0.0,0.0,0.0,0.0,0.0,0.0,0.0,0.0,0.0
48100,4427,2311,0.522023943980122,1119,901,0.45629094194714254,1238,0.5592952337926361,0.4120000000000001,2.9305293005671076,3.0727465198772044,6.556521739130435,2.2247278459752877,9539.137339055795,1613.4325145453283,7853.0,11083.0,11083.0,0.0,7853.0,0.0,27.846171222046532,20.75612827007958,32.88360788549824,18.953920522130392,0.13914614863338604,0.10368195166026654,0.0887734357352609,0.08674045629094194,0.07883442511859047,0.07386491981025525,0.07296137339055794,0.06866952789699571,0.06166704314434154,0.045403207589789926,0.049695053083352154,0.039756042466681726,0.030720578269708608,0.02688050598599503,0.017619155184097582,0.008357804382200136,0.007228371357578495,0.921224619401398,0.02301141946725134,0.0,0.0,0.0,0.0,0.0,0.0,0.0,0.0,0.0,0.0,0.0,0.0,0.0,0.0,0.0,0.0,0.0,0.0,0.0,0.0,0.0,0.0,0.0,0.0,0.0,0.2304043370228146,5.08922520894511,15.640388524960473,8.281002936525866,0.7589789925457422,4.183374083129585,2.8585667098694154,nan,nan,nan,4.185947480482612,2.8979914926291617,4.178940123881624,2.8198338394608404,0.9983259807645318,0.3962,0.01285,0.0,0.0,0.0,0.0,0.0,0.0,0.0,0.0,0.0,0.0,0.3185001129433025,18.086740456290915,11.53377004743619,0.06098938332956857,0.0,0.0,0.0,0.0,0.0,0.0,0.0,0.0,0.0,0.0,0.0,0.0,0.0,0.0,0.0,0.0,nan,nan,4.183374083129585,2.8585667098694154,nan,0.3962,0.06238,0.0,0.0,0.0,0.0,0.0,0.0,0.0,0.0,0.0,0.0,0.0,0.0,0.0,0.0,0.0,0.0,0.0,0.0,0.001298847978314886,5.6471651231081995e-05,3.38829907386492e-05,0.0032414727806641067,0.0007793087869889315,3.38829907386492e-05,0.012446351931330472,0.005590693471877118,0.0003501242376327084,0.0007567201264964987,0.002552518635644906,0.017607860853851368,0.028156765303817485,0.013745199909645359,0.03102552518635645,0.0380844815902417,0.04940140049695053,0.045369324599051276,0.07027332279195844,0.04723288908967698,0.0975943076575559,0.0414614863338604,0.0865710413372487,0.04656652360515021,0.05128755364806867,0.06537158346510052,0.04374294104359611,0.04766207363903321,0.026519087418116104,0.011215269934492884,0.01796927942173029,0.022261124915292523,0.01800316241246894,0.023831036819516604,0.014942398915744297,0.004562909419471425,0.006381296589112266,0.0008696634289586628,0.0003501242376327084,2.25886604924328e-05,0.0,0.0047436187034108875,0.0,1.12943302462164e-05,0.0,0.0,2.25886604924328e-05,0.0,0.0,0.0,0.0,0.0,0.0,0.0,0.0,0.0,0.0,0.0,0.0,0.0,0.0,0.0,0.0,0.0,0.0,0.0,0.0,0.0,0.0,0.0,0.0,0.0,0.0,0.0,0.0,0.0,0.0,0.0,0.0,0.0,0.0,0.0,0.0,nan,nan,4.183374083129585,2.8585667098694154,nan,0.920922353612247,0.022960409434918335,0.0,0.0,0.0,0.0,0.0,0.0,0.0,0.0,0.0,0.0,0.0,0.0,0.0,0.0,0.0,0.0,0.0,0.0,0.0,0.0,0.0,0.0,0.0,0.0,0.0,0.28559065339679796,4.919948074426656,16.135871916919086,7.905668541756817,0.7529208135006493,0.9215547404972051,0.023062475840162182,0.0,0.0,0.0,0.0,0.0,0.0,0.0,0.0,0.0,0.0,0.0,0.0,0.0,0.0,0.0,0.0,0.0,0.0,0.0,0.0,0.0,0.0,0.0,0.0,0.0,0.17013232514177695,5.274102079395086,15.099243856332707,8.69092627599244,0.7655954631379964,0.3962,0.01291,0.0,0.0,0.0,0.0,0.0,0.0,0.0,0.0,0.0,0.0,0.2726092600605799,18.00519255733446,11.670272609260063,0.05192557334487236,0.0,0.0,0.0,0.0,0.0,0.0,0.0,0.0,0.0,0.0,0.0,0.0,0.0,0.0,0.0,0.0,0.396,0.01278,0.0,0.0,0.0,0.0,0.0,0.0,0.0,0.0,0.0,0.0,0.3686200378071835,18.175803402646476,11.384688090737242,0.07088846880907373,0.0,0.0,0.0,0.0,0.0,0.0,0.0,0.0,0.0,0.0,0.0,0.0,0.0,0.0,0.0,0.0
48200,4581,2382,0.5199738048461034,1145,899,0.44619078803754636,1263,0.5514079895219385,0.4120000000000001,2.988631195998181,3.0585253693818397,6.444270015698587,2.123824482528165,9532.515389652914,1613.7108676891078,7853.0,11083.0,11083.0,0.0,7853.0,0.0,27.86946081641563,20.759703220245445,32.64605433376455,19.084436892949725,0.13381357782143638,0.10630866623008077,0.09561231172233137,0.08033180528268936,0.0825147347740668,0.07749399694389872,0.07116350141890417,0.06308666230080769,0.06024885396201703,0.05566470203012443,0.04475005457323728,0.0366732154551408,0.032307356472385945,0.025540275049115914,0.014407334643091027,0.014189041693953285,0.005893909626719057,0.9214351926664941,0.023303215666239326,0.0,0.0,0.0,0.0,0.0,0.0,0.0,0.0,0.0,0.0,0.0,0.0,0.0,0.0,0.0,0.0,0.0,0.0,0.0,0.0,0.0,0.0,0.0,0.0,0.006548788474132287,0.2488539620170269,4.970530451866406,15.573018991486578,8.36280288146693,0.8382449246889327,4.204884667571235,2.8350305326445406,nan,nan,nan,4.188219363574814,2.858390470978562,4.221617946974847,2.8112806351995276,1.0079744111997817,0.3962,0.012726,0.0,0.0,0.0,0.0,0.0,0.0,0.0,0.0,0.0,0.0,0.34053700065487896,18.23837590045839,11.381794368041916,0.03929273084479372,0.0,0.0,0.0,0.0,0.0,0.0,0.0,0.0,0.0,0.0,0.0,0.0,0.0,0.0,0.0,0.0,nan,nan,4.204884667571235,2.8350305326445406,nan,0.3962,0.0621,0.0,0.0,0.0,0.0,0.0,0.0,0.0,0.0,0.0,0.0,0.0,0.0,0.0,0.0,0.0,0.0,0.0,0.0,0.001058720803318053,3.2743942370661426e-05,0.0,0.0030997598777559483,0.0013534162846540057,0.0,0.01263916175507531,0.0054464090809866845,0.00040384195590482426,0.0006767081423270029,0.002433966382885833,0.017485265225933203,0.029927963326784546,0.011929709670377648,0.030430037109801352,0.036662300807683915,0.04949792621698319,0.04318925998690242,0.07366295568653132,0.04695481335952849,0.09784981445099324,0.04007858546168959,0.08944553590919013,0.04470639598340974,0.055217201484392055,0.06489849377865095,0.041890416939532854,0.04631084915957215,0.028225278323510152,0.012006112202575856,0.019799170486793277,0.022320454049334207,0.018096485483518884,0.023018991486574984,0.012650076402532198,0.0044204322200392925,0.005129884304736957,0.0011787819253438114,0.0005566470203012443,0.0,0.0,0.005239030779305829,2.1829294913774286e-05,5.457323728443571e-05,0.0,0.0,0.0,0.0,0.0,0.0,0.0,0.0,0.0,0.0,0.0,0.0,0.0,0.0,0.0,0.0,0.0,0.0,0.0,0.0,0.0,0.0,0.0,0.0,0.0,0.0,0.0,0.0,0.0,0.0,0.0,0.0,0.0,0.0,0.0,0.0,0.0,0.0,0.0,nan,nan,4.204884667571235,2.8350305326445406,nan,0.9211354778155272,0.023565570460739108,0.0,0.0,0.0,0.0,0.0,0.0,0.0,0.0,0.0,0.0,0.0,0.0,0.0,0.0,0.0,0.0,0.0,0.0,0.0,0.0,0.0,0.0,0.0,0.0,0.012594458438287156,0.25188916876574313,5.100755667506298,15.768261964735519,7.934508816120909,0.9319899244332496,0.9217598496810476,0.023011249711881097,0.0,0.0,0.0,0.0,0.0,0.0,0.0,0.0,0.0,0.0,0.0,0.0,0.0,0.0,0.0,0.0,0.0,0.0,0.0,0.0,0.0,0.0,0.0,0.0,0.0,0.24556616643929063,4.829467939972716,15.361527967257848,8.82673942701228,0.736698499317872,0.3958,0.01259,0.0,0.0,0.0,0.0,0.0,0.0,0.0,0.0,0.0,0.0,0.3274559193954661,18.67758186397982,10.9823677581864,0.012594458438287156,0.0,0.0,0.0,0.0,0.0,0.0,0.0,0.0,0.0,0.0,0.0,0.0,0.0,0.0,0.0,0.0,0.3965,0.012856,0.0,0.0,0.0,0.0,0.0,0.0,0.0,0.0,0.0,0.0,0.35470668485675316,17.762619372441993,11.814461118690318,0.06821282401091407,0.0,0.0,0.0,0.0,0.0,0.0,0.0,0.0,0.0,0.0,0.0,0.0,0.0,0.0,0.0,0.0
48300,4755,2433,0.5116719242902208,1154,1019,0.45699263932702416,1373,0.577497371188223,0.4080000000000001,3.031438415159345,3.1187179748946234,6.635811836115327,2.140935240401455,9505.700315457414,1614.5599048082458,7853.0,11083.0,11083.0,0.0,7853.0,0.0,28.038906414300737,20.833190589525806,33.04890895410083,19.01606163586296,0.14195583596214512,0.0982124079915878,0.0797055730809674,0.09337539432176656,0.08727655099894847,0.07549947423764458,0.06813880126182965,0.06140904311251314,0.06077812828601472,0.05383806519453207,0.046267087276550996,0.03680336487907466,0.03512092534174553,0.025026288117770766,0.01934805467928496,0.010725552050473186,0.006519453207150368,0.9215360043427421,0.023592202952511725,0.0,0.0,0.0,0.0,0.0,0.0,0.0,0.0,0.0,0.0,0.0,0.0,0.0,0.0,0.0,0.0,0.0,0.0,0.0,0.0,0.0,0.0,0.0,0.0,0.006309148264984229,0.2965299684542587,5.0914826498422725,15.684542586750792,8.031545741324923,0.8895899053627763,4.260995184590691,2.891666829242466,nan,nan,nan,4.328854766474728,2.8778689432514164,4.19471308833011,2.9036978855017135,0.9690122017528764,0.396,0.01324,0.0,0.0,0.0,0.0,0.0,0.0,0.0,0.0,0.0,0.0,0.3533123028391168,17.981072555205024,11.602523659305996,0.06309148264984228,0.0,0.0,0.0,0.0,0.0,0.0,0.0,0.0,0.0,0.0,0.0,0.0,0.0,0.0,0.0,0.0,nan,nan,4.260995184590691,2.891666829242466,nan,0.396,0.0621,0.0,0.0,0.0,0.0,0.0,0.0,0.0,0.0,0.0,0.0,0.0,0.0,0.0,0.0,0.0,0.0,0.0,0.0,0.001398527865404837,1.0515247108307046e-05,0.0,0.003207150368033649,0.0016719242902208202,1.0515247108307046e-05,0.011829652996845425,0.006288117770767613,0.00045215562565720295,0.0007255520504731861,0.002071503680336488,0.01718191377497371,0.02906414300736067,0.011735015772870663,0.03077812828601472,0.037181913774973714,0.049453207150368036,0.04553101997896951,0.07147213459516298,0.04608832807570978,0.0962565720294427,0.042050473186119874,0.09007360672975814,0.0453732912723449,0.057308096740273394,0.06310199789695058,0.04050473186119874,0.046603575184016824,0.029726603575184016,0.012870662460567823,0.0208937960042061,0.02206098843322818,0.01580441640378549,0.02317560462670873,0.011503680336487907,0.0044374342797055735,0.004468980021030494,0.0010410094637223976,0.0005467928496319664,0.0,0.0,0.0059726603575184015,0.0,6.309148264984228e-05,1.0515247108307046e-05,0.0,0.0,0.0,0.0,0.0,0.0,0.0,0.0,0.0,0.0,0.0,0.0,0.0,0.0,0.0,0.0,0.0,0.0,0.0,0.0,0.0,0.0,0.0,0.0,0.0,0.0,0.0,0.0,0.0,0.0,0.0,0.0,0.0,0.0,0.0,0.0,0.0,0.0,nan,nan,4.260995184590691,2.891666829242466,nan,0.9207823596959049,0.023194413345343463,0.0,0.0,0.0,0.0,0.0,0.0,0.0,0.0,0.0,0.0,0.0,0.0,0.0,0.0,0.0,0.0,0.0,0.0,0.0,0.0,0.0,0.0,0.0,0.0,0.0,0.36991368680641196,5.2404438964241695,15.745992601726266,7.977805178791617,0.6658446362515414,0.922325675930061,0.023976535216706306,0.0,0.0,0.0,0.0,0.0,0.0,0.0,0.0,0.0,0.0,0.0,0.0,0.0,0.0,0.0,0.0,0.0,0.0,0.0,0.0,0.0,0.0,0.0,0.0,0.012919896640826876,0.2196382428940569,4.935400516795866,15.620155038759693,8.087855297157624,1.1240310077519382,0.396,0.01322,0.0,0.0,0.0,0.0,0.0,0.0,0.0,0.0,0.0,0.0,0.35758323057953156,18.162762022194794,11.43033292231813,0.04932182490752159,0.0,0.0,0.0,0.0,0.0,0.0,0.0,0.0,0.0,0.0,0.0,0.0,0.0,0.0,0.0,0.0,0.396,0.01326,0.0,0.0,0.0,0.0,0.0,0.0,0.0,0.0,0.0,0.0,0.3488372093023257,17.79069767441858,11.782945736434112,0.07751937984496125,0.0,0.0,0.0,0.0,0.0,0.0,0.0,0.0,0.0,0.0,0.0,0.0,0.0,0.0,0.0,0.0
48400,4593,2425,0.5279773568473765,1130,886,0.4389288047028086,1261,0.5490964511212715,0.4160000000000001,2.999538745387454,3.074190225685741,6.405956112852665,2.1312194129562756,9558.366862617026,1612.4697920087544,7853.0,11083.0,11083.0,0.0,7853.0,0.0,29.085347267581103,21.365310564291445,33.84788732394366,19.619750462548094,0.13106901807097757,0.098192902242543,0.09579795340735903,0.07750925321140867,0.0790333115610712,0.07271935554104071,0.06705856738515131,0.06618767689962987,0.05399521010232963,0.0524711517526671,0.05508382320923144,0.039843239712606136,0.041585020683649034,0.0276507729153059,0.019812758545612888,0.015022860875244938,0.006967123884171565,0.9217570499737434,0.02321309847621708,0.0,0.0,0.0,0.0,0.0,0.0,0.0,0.0,0.0,0.0,0.0,0.0,0.0,0.0,0.0,0.0,0.0,0.0,0.0,0.0,0.0,0.0,0.0,0.0,0.0,0.28739386022207714,4.9771391247550625,15.349444807315484,8.674069235793601,0.711952971913782,4.173999338405557,2.8611301286321833,nan,nan,nan,4.275496688741722,2.881247128970536,4.072751322751323,2.838230752755049,0.952579692898776,0.3967,0.01313,0.0,0.0,0.0,0.0,0.0,0.0,0.0,0.0,0.0,0.0,0.4310907903331157,17.354670150228582,12.168517308948402,0.04572175048987591,0.0,0.0,0.0,0.0,0.0,0.0,0.0,0.0,0.0,0.0,0.0,0.0,0.0,0.0,0.0,0.0,nan,nan,4.173999338405557,2.8611301286321833,nan,0.3967,0.0622,0.0,0.0,0.0,0.0,0.0,0.0,0.0,0.0,0.0,0.0,0.0,0.0,0.0,0.0,0.0,0.0,0.0,0.0,0.0014805138253864577,0.0,0.0,0.003548878728499891,0.0011212715001088613,0.0,0.012573481384715871,0.0062595253646853906,0.0006422817330720662,0.0007293707816242108,0.002046592640975397,0.014576529501415197,0.02912040060962334,0.011539298933159156,0.03227737861963858,0.03416067929457871,0.049629871543653385,0.04486174613542347,0.07140213368168953,0.046875680383191815,0.09546048334421947,0.04010450685826257,0.09147615937295885,0.04453516220335293,0.05539952101023296,0.06499020248203788,0.04070324406705857,0.04770302634443719,0.03333333333333333,0.014620074025691269,0.019540605268887436,0.022545177443936425,0.015273241889832354,0.022087959939037664,0.012279555845852384,0.004898758981058132,0.004408883082952318,0.0013281079904202046,0.00039190071848465056,0.0,2.1772262138036142e-05,0.005932941432614849,0.0,8.708904855214457e-05,3.2658393207054215e-05,0.0,0.0,0.0,0.0,0.0,0.0,0.0,0.0,0.0,0.0,0.0,0.0,0.0,0.0,0.0,0.0,0.0,0.0,0.0,0.0,0.0,0.0,0.0,0.0,0.0,0.0,0.0,0.0,0.0,0.0,0.0,0.0,0.0,0.0,0.0,0.0,0.0,0.0,nan,nan,4.173999338405557,2.8611301286321833,nan,0.9223202005858274,0.023587827562799712,0.0,0.0,0.0,0.0,0.0,0.0,0.0,0.0,0.0,0.0,0.0,0.0,0.0,0.0,0.0,0.0,0.0,0.0,0.0,0.0,0.0,0.0,0.0,0.0,0.0,0.22268041237113406,5.134020618556702,14.919587628865983,8.870103092783507,0.8536082474226806,0.9211271421165924,0.022770151466097524,0.0,0.0,0.0,0.0,0.0,0.0,0.0,0.0,0.0,0.0,0.0,0.0,0.0,0.0,0.0,0.0,0.0,0.0,0.0,0.0,0.0,0.0,0.0,0.0,0.0,0.359778597785978,4.801660516605167,15.83025830258303,8.454797047970482,0.5535055350553506,0.3967,0.01286,0.0,0.0,0.0,0.0,0.0,0.0,0.0,0.0,0.0,0.0,0.38350515463917534,17.220618556701005,12.346391752577322,0.04948453608247424,0.0,0.0,0.0,0.0,0.0,0.0,0.0,0.0,0.0,0.0,0.0,0.0,0.0,0.0,0.0,0.0,0.3965,0.013435,0.0,0.0,0.0,0.0,0.0,0.0,0.0,0.0,0.0,0.0,0.48431734317343184,17.504612546125433,11.969557195571959,0.0415129151291513,0.0,0.0,0.0,0.0,0.0,0.0,0.0,0.0,0.0,0.0,0.0,0.0,0.0,0.0,0.0,0.0
48500,4626,2383,0.5151318633808906,1087,963,0.44314742758322523,1297,0.5607436230004323,0.4160000000000001,2.9170753455193936,3.059710138572767,6.5594059405940595,2.125346559252962,9516.875918720276,1614.2602468527955,7853.0,11083.0,11083.0,0.0,7853.0,0.0,27.828145265888455,20.89041661044332,32.88162315843887,19.108793174473192,0.14569822741028968,0.0959792477302205,0.09684392563769996,0.08430609597924774,0.08041504539559015,0.0730652831820147,0.06830955469087764,0.0654993514915694,0.058798097708603544,0.04928664072632944,0.04669260700389105,0.04172070903588413,0.0324254215304799,0.02637267617812365,0.017509727626459144,0.010592304366623433,0.00648508430609598,0.9223727651401047,0.023010317561092463,0.0,0.0,0.0,0.0,0.0,0.0,0.0,0.0,0.0,0.0,0.0,0.0,0.0,0.0,0.0,0.0,0.0,0.0,0.0,0.0,0.0,0.0,0.0,0.0,0.0,0.2658884565499352,4.4941634241245145,15.616083009079121,8.813229571984438,0.8106355382619976,4.326655348047538,2.8630161802926315,nan,nan,nan,4.2680965147453085,2.811166144126066,4.386785960082587,2.9140741483486727,1.027808519541963,0.3972,0.013084,0.0,0.0,0.0,0.0,0.0,0.0,0.0,0.0,0.0,0.0,0.38261997405966286,17.159533073929936,12.367055771725036,0.09079118028534373,0.0,0.0,0.0,0.0,0.0,0.0,0.0,0.0,0.0,0.0,0.0,0.0,0.0,0.0,0.0,0.0,nan,nan,4.326655348047538,2.8630161802926315,nan,0.3972,0.06232,0.0,0.0,0.0,0.0,0.0,0.0,0.0,0.0,0.0,0.0,0.0,0.0,0.0,0.0,0.0,2.16169476869866e-05,0.0,0.0,0.0012429744920017293,0.0,0.0,0.003393860786856896,0.0014915693904020751,0.0,0.012083873757025508,0.0049070471249459575,0.00037829658452226547,0.0008430609597924773,0.0025399913532209253,0.016753134457414613,0.027204928664072633,0.011543450064850844,0.03167963683527886,0.035105923043666235,0.049502810203199306,0.04262862083873757,0.07342196281884998,0.04704928664072633,0.09442282749675746,0.04279074794638997,0.09207738867271942,0.04481193255512322,0.055198875918720275,0.06342412451361867,0.03980760916558582,0.044638996973627325,0.0335495028102032,0.014948119325551233,0.020201037613488976,0.0225789018590575,0.01641807176826632,0.02343277129269347,0.011910938175529615,0.004777345438824038,0.004247730220492866,0.001232166018158236,0.00033506268914829226,0.0,0.0,0.0073281452658884565,0.0,6.485084306095979e-05,1.08084738434933e-05,0.0,0.0,0.0,0.0,0.0,0.0,0.0,0.0,0.0,0.0,0.0,0.0,0.0,0.0,0.0,0.0,0.0,0.0,0.0,0.0,0.0,0.0,0.0,0.0,0.0,0.0,0.0,0.0,0.0,0.0,0.0,0.0,0.0,0.0,0.0,0.0,0.0,0.0,nan,nan,4.326655348047538,2.8630161802926315,nan,0.9227253793669608,0.02287610955647845,0.0,0.0,0.0,0.0,0.0,0.0,0.0,0.0,0.0,0.0,0.0,0.0,0.0,0.0,0.0,0.0,0.0,0.0,0.0,0.0,0.0,0.0,0.0,0.0,0.0,0.21401594628619391,4.4062106588334045,15.723877465379777,8.749475451112046,0.906420478388586,0.9219981420002927,0.023146165572453612,0.0,0.0,0.0,0.0,0.0,0.0,0.0,0.0,0.0,0.0,0.0,0.0,0.0,0.0,0.0,0.0,0.0,0.0,0.0,0.0,0.0,0.0,0.0,0.0,0.0,0.32099866250557296,4.58760588497548,15.501560410164961,8.880962995987518,0.7088720463664737,0.3972,0.012764,0.0,0.0,0.0,0.0,0.0,0.0,0.0,0.0,0.0,0.0,0.302140159462862,17.09609735627358,12.488459924464964,0.11330255979857325,0.0,0.0,0.0,0.0,0.0,0.0,0.0,0.0,0.0,0.0,0.0,0.0,0.0,0.0,0.0,0.0,0.397,0.01341,0.0,0.0,0.0,0.0,0.0,0.0,0.0,0.0,0.0,0.0,0.4681230494872939,17.226928221132386,12.23807400802497,0.0668747213553277,0.0,0.0,0.0,0.0,0.0,0.0,0.0,0.0,0.0,0.0,0.0,0.0,0.0,0.0,0.0,0.0
48600,4890,2465,0.5040899795501023,1154,1007,0.4419222903885481,1396,0.570961145194274,0.38400000000000006,2.9369072164948453,3.074292932143639,6.629575402635432,2.020858499007629,9481.21063394683,1614.945967873453,7853.0,11083.0,11083.0,0.0,7853.0,0.0,28.13844580777096,20.89208454813666,33.05490767735666,19.111696582833126,0.1394683026584867,0.09468302658486707,0.09795501022494887,0.0852760736196319,0.0754601226993865,0.07995910020449898,0.06830265848670757,0.06094069529652352,0.05828220858895705,0.05807770961145194,0.04171779141104295,0.0392638036809816,0.041104294478527606,0.024130879345603273,0.01983640081799591,0.01063394683026585,0.0049079754601227,0.923157669149781,0.0228641755199403,0.0,0.0,0.0,0.0,0.0,0.0,0.0,0.0,0.0,0.0,0.0,0.0,0.0,0.0,0.0,0.0,0.0,0.0,0.0,0.0,0.0,0.0,0.0,0.0,0.0,0.19631901840490804,4.43558282208589,15.552147239263807,8.987730061349694,0.8282208588957057,4.3231842689502065,2.874567507283402,nan,nan,nan,4.407193320488118,2.8768157746304914,4.241228070175438,2.8700037979268114,0.9623421896332203,0.3977,0.01369,0.0,0.0,0.0,0.0,0.0,0.0,0.0,0.0,0.0,0.0,0.36809815950920255,16.619631901840467,12.932515337423316,0.07975460122699389,0.0,0.0,0.0,0.0,0.0,0.0,0.0,0.0,0.0,0.0,0.0,0.0,0.0,0.0,0.0,0.0,nan,nan,4.3231842689502065,2.874567507283402,nan,0.3977,0.0627,0.0,0.0,0.0,0.0,0.0,0.0,0.0,0.0,0.0,0.0,0.0,0.0,0.0,0.0,0.0,0.0,0.0,0.0,0.00147239263803681,0.0,0.0,0.0035480572597137014,0.0016462167689161554,4.089979550102249e-05,0.010828220858895706,0.005674846625766871,0.000245398773006135,0.0008486707566462168,0.002607361963190184,0.017167689161554193,0.027402862985685072,0.011257668711656442,0.030132924335378324,0.03607361963190184,0.04621676891615542,0.04289366053169734,0.07114519427402863,0.047423312883435584,0.09841513292433537,0.04241308793456033,0.09121676891615542,0.045920245398773006,0.054969325153374236,0.060664621676891614,0.04096114519427403,0.044989775051124746,0.03235173824130879,0.014212678936605317,0.021319018404907974,0.02250511247443763,0.017627811860940694,0.023987730061349695,0.013067484662576687,0.005337423312883435,0.004161554192229039,0.0015541922290388548,0.0003374233128834356,0.0,0.0,0.007229038854805726,0.0,0.0001226993865030675,0.0,0.0,1.0224948875255623e-05,0.0,0.0,0.0,0.0,0.0,0.0,0.0,0.0,0.0,0.0,0.0,0.0,0.0,0.0,0.0,0.0,0.0,0.0,0.0,0.0,0.0,0.0,0.0,0.0,0.0,0.0,0.0,0.0,0.0,0.0,0.0,0.0,0.0,0.0,0.0,0.0,nan,nan,4.3231842689502065,2.874567507283402,nan,0.92305717801951,0.02303667334438677,0.0,0.0,0.0,0.0,0.0,0.0,0.0,0.0,0.0,0.0,0.0,0.0,0.0,0.0,0.0,0.0,0.0,0.0,0.0,0.0,0.0,0.0,0.0,0.0,0.0,0.19472616632860046,4.551724137931036,15.298174442190673,9.188640973630832,0.7667342799188643,0.923259817865706,0.022687032053735033,0.0,0.0,0.0,0.0,0.0,0.0,0.0,0.0,0.0,0.0,0.0,0.0,0.0,0.0,0.0,0.0,0.0,0.0,0.0,0.0,0.0,0.0,0.0,0.0,0.0,0.19793814432989695,4.317525773195877,15.810309278350518,8.783505154639176,0.8907216494845362,0.3972,0.0138,0.0,0.0,0.0,0.0,0.0,0.0,0.0,0.0,0.0,0.0,0.37728194726166336,16.868154158214985,12.693711967545642,0.06085192697768764,0.0,0.0,0.0,0.0,0.0,0.0,0.0,0.0,0.0,0.0,0.0,0.0,0.0,0.0,0.0,0.0,0.398,0.013565,0.0,0.0,0.0,0.0,0.0,0.0,0.0,0.0,0.0,0.0,0.35876288659793826,16.367010309278328,13.175257731958766,0.09896907216494848,0.0,0.0,0.0,0.0,0.0,0.0,0.0,0.0,0.0,0.0,0.0,0.0,0.0,0.0,0.0,0.0
48700,4674,2385,0.5102695763799743,1124,958,0.4454428754813864,1328,0.5682498930252461,0.4120000000000001,2.931411096548711,3.0816918428537137,6.543035993740219,2.061862700010994,9501.170731707318,1614.65931470326,7853.0,11083.0,11083.0,0.0,7853.0,0.0,28.05412922550278,20.9434376172293,32.99618223466531,19.182151490219198,0.13842533162173726,0.09927257167308515,0.09713307659392384,0.08301240907145914,0.07723577235772358,0.0780915703893881,0.07124518613607189,0.06268720581942662,0.05648267008985879,0.05305947796320069,0.05027813436029097,0.038724860932819856,0.03102267864783911,0.024390243902439025,0.019683354728284124,0.01305091998288404,0.006204535729567822,0.9242811033523741,0.023456719753665256,0.0,0.0,0.0,0.0,0.0,0.0,0.0,0.0,0.0,0.0,0.0,0.0,0.0,0.0,0.0,0.0,0.0,0.0,0.0,0.0,0.0,0.0,0.0,0.0,0.006418485237483955,0.1989730423620026,4.159178433889603,15.38510911424904,9.133504492939668,1.1168164313222082,4.246179401993356,2.846492337179609,nan,nan,nan,4.258350374914792,2.851838427835288,4.234607906675308,2.841351893349865,0.9944244916108015,0.3967,0.012985,0.0,0.0,0.0,0.0,0.0,0.0,0.0,0.0,0.0,0.0,0.32092426187419776,17.73427471116814,11.880616174582801,0.06418485237483955,0.0,0.0,0.0,0.0,0.0,0.0,0.0,0.0,0.0,0.0,0.0,0.0,0.0,0.0,0.0,0.0,nan,nan,4.246179401993356,2.846492337179609,nan,0.3967,0.06235,0.0,0.0,0.0,0.0,0.0,0.0,0.0,0.0,0.0,0.0,0.0,0.0,0.0,0.0,0.0,0.0,0.0,0.0,0.0018934531450577664,0.0,0.0,0.0034873769790329484,0.0013371844244758238,5.348737697903295e-05,0.010622593068035943,0.006215233204963628,0.00027813436029097135,0.0009413778348309799,0.003744116388532306,0.016302952503209244,0.02946084724005135,0.010911424903722721,0.03127941805733847,0.033140778776208815,0.05096277278562259,0.04362430466409927,0.07238981600342319,0.044501497646555414,0.0952931108258451,0.04504706889174155,0.09249037227214378,0.044490800171159604,0.05223577235772358,0.060868635002139494,0.042458279845956355,0.0475716730851519,0.032135216089002994,0.01345742404792469,0.020378690629011553,0.022689345314505775,0.01709456568249893,0.023727000427899016,0.012409071459135643,0.005102695763799743,0.004236200256739409,0.0013692768506632434,9.62772785622593e-05,0.0,0.0,0.005605477107402653,0.0,7.488232777064613e-05,2.1394950791613178e-05,0.0,0.0,0.0,0.0,0.0,0.0,0.0,0.0,0.0,0.0,0.0,0.0,0.0,0.0,0.0,0.0,0.0,0.0,0.0,0.0,0.0,0.0,0.0,0.0,0.0,0.0,0.0,0.0,0.0,0.0,0.0,0.0,0.0,0.0,0.0,0.0,0.0,0.0,nan,nan,4.246179401993356,2.846492337179609,nan,0.9245667220411561,0.023596445983392965,0.0,0.0,0.0,0.0,0.0,0.0,0.0,0.0,0.0,0.0,0.0,0.0,0.0,0.0,0.0,0.0,0.0,0.0,0.0,0.0,0.0,0.0,0.0,0.0,0.01257861635220126,0.26415094339622647,3.962264150943397,15.345911949685538,9.207547169811322,1.207547169811321,0.9239835058981386,0.0233065192876593,0.0,0.0,0.0,0.0,0.0,0.0,0.0,0.0,0.0,0.0,0.0,0.0,0.0,0.0,0.0,0.0,0.0,0.0,0.0,0.0,0.0,0.0,0.0,0.0,0.0,0.13106159895150724,4.3643512450851905,15.425950196592401,9.05635648754915,1.0222804718217564,0.397,0.01285,0.0,0.0,0.0,0.0,0.0,0.0,0.0,0.0,0.0,0.0,0.26415094339622647,17.723270440251547,11.949685534591199,0.0628930817610063,0.0,0.0,0.0,0.0,0.0,0.0,0.0,0.0,0.0,0.0,0.0,0.0,0.0,0.0,0.0,0.0,0.3965,0.01313,0.0,0.0,0.0,0.0,0.0,0.0,0.0,0.0,0.0,0.0,0.380078636959371,17.74574049803405,11.808650065530802,0.06553079947575362,0.0,0.0,0.0,0.0,0.0,0.0,0.0,0.0,0.0,0.0,0.0,0.0,0.0,0.0,0.0,0.0
48800,4850,2469,0.5090721649484536,1182,996,0.4490721649484536,1392,0.5740206185567011,0.3960000000000001,2.971020579588408,3.116726792113569,6.562682215743441,2.1533094282441976,9497.303092783504,1614.7341356252184,7853.0,11083.0,11083.0,0.0,7853.0,0.0,28.063505154639174,20.904892341180933,32.98577734183423,19.155587472301168,0.13917525773195877,0.09752577319587628,0.09298969072164949,0.08515463917525773,0.08371134020618556,0.07340206185567011,0.07154639175257732,0.06247422680412371,0.06144329896907216,0.05195876288659794,0.0443298969072165,0.03896907216494845,0.032783505154639174,0.026804123711340205,0.018762886597938143,0.012371134020618556,0.006597938144329897,0.9234413758135334,0.0231558988612402,0.0,0.0,0.0,0.0,0.0,0.0,0.0,0.0,0.0,0.0,0.0,0.0,0.0,0.0,0.0,0.0,0.0,0.0,0.0,0.0,0.0,0.0,0.0,0.0,0.00618556701030928,0.2721649484536083,4.391752577319588,15.395876288659796,8.950515463917528,0.9835051546391754,4.2798982188295165,2.896523842698344,nan,nan,nan,4.268323773103888,2.8775781735709005,4.291428571428572,2.9152292279076724,1.0054130847501013,0.396,0.01334,0.0,0.0,0.0,0.0,0.0,0.0,0.0,0.0,0.0,0.0,0.35257731958762895,18.0865979381443,11.523711340206189,0.03711340206185568,0.0,0.0,0.0,0.0,0.0,0.0,0.0,0.0,0.0,0.0,0.0,0.0,0.0,0.0,0.0,0.0,nan,nan,4.2798982188295165,2.896523842698344,nan,0.396,0.06238,0.0,0.0,0.0,0.0,0.0,0.0,0.0,0.0,0.0,0.0,0.0,0.0,0.0,0.0,0.0,0.0,0.0,0.0,0.0016597938144329897,0.0,0.0,0.0031237113402061856,0.0013711340206185568,2.0618556701030927e-05,0.0118659793814433,0.007319587628865979,0.00047422680412371137,0.000711340206185567,0.0042268041237113405,0.015762886597938144,0.02843298969072165,0.012278350515463917,0.031597938144329894,0.03157731958762887,0.051309278350515464,0.04394845360824742,0.07210309278350516,0.046463917525773196,0.09561855670103092,0.04397938144329897,0.09591752577319587,0.044061855670103095,0.052824742268041236,0.05975257731958763,0.04250515463917526,0.04569072164948454,0.03168041237113402,0.012948453608247423,0.01861855670103093,0.02131958762886598,0.017587628865979383,0.02520618556701031,0.012278350515463917,0.004546391752577319,0.0036701030927835054,0.0014536082474226803,0.00021649484536082474,1.0309278350515464e-05,2.0618556701030927e-05,0.005525773195876289,0.0,0.0002577319587628866,0.0,0.0,0.0,6.185567010309279e-05,0.0,0.0,0.0,0.0,0.0,0.0,0.0,0.0,0.0,0.0,0.0,0.0,0.0,0.0,0.0,0.0,0.0,0.0,0.0,0.0,0.0,0.0,0.0,0.0,0.0,0.0,0.0,0.0,0.0,0.0,0.0,0.0,0.0,0.0,0.0,nan,nan,4.2798982188295165,2.896523842698344,nan,0.9239741521067057,0.023077293100339413,0.0,0.0,0.0,0.0,0.0,0.0,0.0,0.0,0.0,0.0,0.0,0.0,0.0,0.0,0.0,0.0,0.0,0.0,0.0,0.0,0.0,0.0,0.0,0.0,0.012150668286755775,0.24301336573511548,4.301336573511544,14.969623329283113,9.635479951397329,0.8383961117861484,0.9228889085023857,0.02322422448346655,0.0,0.0,0.0,0.0,0.0,0.0,0.0,0.0,0.0,0.0,0.0,0.0,0.0,0.0,0.0,0.0,0.0,0.0,0.0,0.0,0.0,0.0,0.0,0.0,0.0,0.30239395212095765,4.485510289794205,15.837883242335156,8.240235195296096,1.133977320453591,0.3958,0.01348,0.0,0.0,0.0,0.0,0.0,0.0,0.0,0.0,0.0,0.0,0.3402187120291617,18.28675577156741,11.324422843256382,0.0486026731470231,0.0,0.0,0.0,0.0,0.0,0.0,0.0,0.0,0.0,0.0,0.0,0.0,0.0,0.0,0.0,0.0,0.3965,0.01319,0.0,0.0,0.0,0.0,0.0,0.0,0.0,0.0,0.0,0.0,0.36539269214615716,17.87904241915159,11.73036539269215,0.025199496010079803,0.0,0.0,0.0,0.0,0.0,0.0,0.0,0.0,0.0,0.0,0.0,0.0,0.0,0.0,0.0,0.0
48900,4671,2382,0.5099550417469493,1104,984,0.44701348747591524,1340,0.5737529436951402,0.4160000000000001,2.90956749672346,3.0733198816139127,6.4336,2.3080708481327,9500.154784842645,1614.6798660451932,7853.0,11083.0,11083.0,0.0,7853.0,0.0,27.876257760650823,20.73105388957956,32.690881381762765,19.02017432635754,0.1348747591522158,0.10254763433954185,0.09441233140655106,0.08777563690858489,0.08477842003853564,0.07150503104260329,0.06508242346392636,0.06615285806037251,0.06080068507814172,0.0530935559837294,0.045600513808606295,0.04046242774566474,0.03189895097409548,0.028259473346178548,0.01648469278527082,0.010062085206593878,0.0062085206593877115,0.9234276545351462,0.02324531237798805,0.0,0.0,0.0,0.0,0.0,0.0,0.0,0.0,0.0,0.0,0.0,0.0,0.0,0.0,0.0,0.0,0.0,0.0,0.0,0.0,0.0,0.0,0.0,0.0,0.0,0.25690430314707774,4.540783558124599,14.804110468850356,9.505459216441876,0.8927424534360953,4.283443708609272,2.8777159463754116,nan,nan,nan,4.147155003270111,2.8184538716226144,4.423205902079141,2.9306718928692725,1.0665639211920845,0.396,0.01318,0.0,0.0,0.0,0.0,0.0,0.0,0.0,0.0,0.0,0.0,0.41104688503532444,18.028259473346154,11.515735388567762,0.04495825305073861,0.0,0.0,0.0,0.0,0.0,0.0,0.0,0.0,0.0,0.0,0.0,0.0,0.0,0.0,0.0,0.0,nan,nan,4.283443708609272,2.8777159463754116,nan,0.396,0.0627,0.0,0.0,0.0,0.0,0.0,0.0,0.0,0.0,0.0,0.0,0.0,0.0,0.0,0.0,0.0,0.0,0.0,3.2113037893384715e-05,0.0018946692357096982,0.0,0.0,0.0037572254335260114,0.0014022693213444658,1.0704345964461572e-05,0.010982658959537572,0.00654035538428602,0.0009098694069792335,0.0011025476343395418,0.0038749732391350888,0.018497109826589597,0.02711410832798116,0.012684649967886963,0.02937272532648255,0.031353029329907946,0.05274031256690216,0.04516163562406337,0.07028473560265468,0.047227574395204454,0.09448726182830229,0.04379147934061229,0.09522586169985015,0.04441233140655106,0.0528687647184757,0.05948405052451295,0.044326696638835365,0.04702419182187968,0.031920359666024405,0.011978163134232498,0.01763005780346821,0.020199100834938984,0.018497109826589597,0.024288160993363304,0.012417041318775423,0.0046349818026118605,0.003692999357739242,0.0013594519374866196,0.000224791265253693,0.0,0.0,0.006219225005352173,0.0,0.00027831299507600083,0.0,0.0,0.0,9.633911368015414e-05,0.0,0.0,0.0,0.0,0.0,0.0,0.0,0.0,0.0,0.0,0.0,0.0,0.0,0.0,0.0,0.0,0.0,0.0,0.0,0.0,0.0,0.0,0.0,0.0,0.0,0.0,0.0,0.0,0.0,0.0,0.0,0.0,0.0,0.0,0.0,nan,nan,4.283443708609272,2.8777159463754116,nan,0.9239591543760548,0.02343698828594585,0.0,0.0,0.0,0.0,0.0,0.0,0.0,0.0,0.0,0.0,0.0,0.0,0.0,0.0,0.0,0.0,0.0,0.0,0.0,0.0,0.0,0.0,0.0,0.0,0.0,0.21410579345088165,4.445843828715366,14.710327455919398,9.672544080604535,0.9571788413098239,0.9228745603363501,0.02303113650150809,0.0,0.0,0.0,0.0,0.0,0.0,0.0,0.0,0.0,0.0,0.0,0.0,0.0,0.0,0.0,0.0,0.0,0.0,0.0,0.0,0.0,0.0,0.0,0.0,0.0,0.3014416775884666,4.639580602883356,14.901703800786374,9.331585845347314,0.8256880733944956,0.3962,0.013054,0.0,0.0,0.0,0.0,0.0,0.0,0.0,0.0,0.0,0.0,0.3778337531486147,17.795969773299724,11.775818639798493,0.050377833753148624,0.0,0.0,0.0,0.0,0.0,0.0,0.0,0.0,0.0,0.0,0.0,0.0,0.0,0.0,0.0,0.0,0.3958,0.01331,0.0,0.0,0.0,0.0,0.0,0.0,0.0,0.0,0.0,0.0,0.44560943643512463,18.26998689384008,11.245085190039322,0.03931847968545217,0.0,0.0,0.0,0.0,0.0,0.0,0.0,0.0,0.0,0.0,0.0,0.0,0.0,0.0,0.0,0.0
49000,4681,2423,0.5176244392223884,1157,957,0.45161290322580644,1319,0.5635547959837641,0.4280000000000001,2.986271036315323,3.0833257097323696,6.472353870458136,2.2064698033871006,9524.926938688315,1613.9963827876372,7853.0,11083.0,11083.0,0.0,7853.0,0.0,28.084810937833797,20.84477032534033,32.84869916645618,19.13167023449024,0.13501388592181157,0.10425122837000642,0.0890835291604358,0.08417004913480025,0.08096560563982055,0.07947019867549669,0.0717795342875454,0.06494338816492203,0.05468916898098697,0.05554368724631489,0.04443494979705191,0.039307840205084384,0.03204443494979705,0.029267250587481308,0.016449476607562488,0.01217688528092288,0.00640888698995941,0.9240700037554272,0.022968900243970025,0.0,0.0,0.0,0.0,0.0,0.0,0.0,0.0,0.0,0.0,0.0,0.0,0.0,0.0,0.0,0.0,0.0,0.0,0.0,0.0,0.0,0.0,0.0,0.0,0.006408886989959412,0.19226660969878237,4.178594317453537,15.4582354197821,9.196752830591755,0.9677419354838711,4.2105781865965834,2.8570876540297685,nan,nan,nan,4.192,2.8868326357214866,4.227478937135451,2.828330301824506,1.0084634869120825,0.3955,0.01278,0.0,0.0,0.0,0.0,0.0,0.0,0.0,0.0,0.0,0.0,0.28839991454817354,18.521683400982667,11.170690023499255,0.019226660969878233,0.0,0.0,0.0,0.0,0.0,0.0,0.0,0.0,0.0,0.0,0.0,0.0,0.0,0.0,0.0,0.0,nan,nan,4.2105781865965834,2.8570876540297685,nan,0.3955,0.06244,0.0,0.0,0.0,0.0,0.0,0.0,0.0,0.0,0.0,0.0,0.0,0.0,0.0,0.0,0.0,0.0,0.0,0.00010681478316599017,0.0017197180089724418,0.0,0.0,0.004368724631488998,0.0014633625293740654,0.0,0.010585345011749627,0.0068575090792565695,0.0011108737449262978,0.0016769920957060457,0.0038560136722922455,0.018073061311685536,0.027857295449690237,0.013629566331980347,0.028872035889767143,0.03020722067934202,0.051313821832941676,0.043740653706472975,0.06919461653492844,0.048365733817560354,0.09635761589403974,0.041882076479384744,0.09966887417218544,0.04714804528946806,0.05133518478957488,0.062326425977355264,0.04270455030976287,0.04753257850886563,0.03130741294595172,0.011258278145695364,0.017026276436658834,0.019632557145908995,0.017346720786156806,0.023306985686819055,0.012112796411023285,0.003909421063875241,0.003717154454176458,0.0010254219183935057,0.00026703695791497543,2.1362956633198035e-05,4.272591326639607e-05,0.00684682760093997,0.0,0.0001281777397991882,0.0,0.0,0.0,9.613330484939116e-05,0.0,0.0,0.0,0.0,0.0,0.0,0.0,0.0,0.0,0.0,0.0,0.0,0.0,0.0,0.0,0.0,0.0,0.0,0.0,0.0,0.0,0.0,0.0,0.0,0.0,0.0,0.0,0.0,0.0,0.0,0.0,0.0,0.0,0.0,0.0,nan,nan,4.2105781865965834,2.8570876540297685,nan,0.9243141195521195,0.023139123273237864,0.0,0.0,0.0,0.0,0.0,0.0,0.0,0.0,0.0,0.0,0.0,0.0,0.0,0.0,0.0,0.0,0.0,0.0,0.0,0.0,0.0,0.0,0.0,0.0,0.012381345439537766,0.14857614527445318,4.259182831200992,15.241436236070989,9.186958316137021,1.151465125877012,0.9238080495590653,0.02278191465955813,0.0,0.0,0.0,0.0,0.0,0.0,0.0,0.0,0.0,0.0,0.0,0.0,0.0,0.0,0.0,0.0,0.0,0.0,0.0,0.0,0.0,0.0,0.0,0.0,0.0,0.23914968999114267,4.092116917626218,15.690876882196637,9.207263064658992,0.7705934455270153,0.3955,0.012634,0.0,0.0,0.0,0.0,0.0,0.0,0.0,0.0,0.0,0.0,0.210482872472142,18.77011968633922,11.007016095749075,0.012381345439537766,0.0,0.0,0.0,0.0,0.0,0.0,0.0,0.0,0.0,0.0,0.0,0.0,0.0,0.0,0.0,0.0,0.3955,0.01294,0.0,0.0,0.0,0.0,0.0,0.0,0.0,0.0,0.0,0.0,0.3720106288751108,18.255093002657194,11.34632418069088,0.02657218777679363,0.0,0.0,0.0,0.0,0.0,0.0,0.0,0.0,0.0,0.0,0.0,0.0,0.0,0.0,0.0,0.0
49100,4866,2545,0.5230168516235101,1213,988,0.45232223592272913,1340,0.5507603781339909,0.4120000000000001,3.011632916846187,3.1623243862731303,6.766091051805337,2.211056690882596,9542.344430743937,1613.2879177683567,7853.0,11083.0,11083.0,0.0,7853.0,0.0,28.013563501849568,20.794322397723175,32.95106435037925,19.024151217592088,0.13830661734484176,0.0967940813810111,0.09391697492807234,0.08487464036169338,0.08364159473900534,0.0793259350595972,0.0690505548705302,0.06391286477599671,0.05898068228524456,0.0499383477188656,0.0468557336621455,0.036991368680641186,0.0345252774352651,0.02877106452938759,0.017468146321413892,0.010891903000411015,0.005754212905877518,0.9236872060476288,0.023098284145402742,0.0,0.0,0.0,0.0,0.0,0.0,0.0,0.0,0.0,0.0,0.0,0.0,0.0,0.0,0.0,0.0,0.0,0.0,0.0,0.0,0.0,0.0,0.0,0.0,0.0,0.20345252774352657,4.35265104808878,15.234278668310731,9.272503082614058,0.9371146732429102,4.302924348378894,2.9742651811976755,nan,nan,nan,4.415141955835963,3.0512795674562474,4.188981422165279,2.889514774369781,0.9487761580640135,0.396,0.01308,0.0,0.0,0.0,0.0,0.0,0.0,0.0,0.0,0.0,0.0,0.35141800246609134,18.34155363748456,11.233045622688042,0.07398273736128239,0.0,0.0,0.0,0.0,0.0,0.0,0.0,0.0,0.0,0.0,0.0,0.0,0.0,0.0,0.0,0.0,nan,nan,4.302924348378894,2.9742651811976755,nan,0.396,0.0624,0.0,0.0,0.0,0.0,0.0,0.0,0.0,0.0,0.0,0.0,0.0,0.0,0.0,0.0,0.0,0.0,0.0,1.0275380189066995e-05,0.002260583641594739,1.0275380189066995e-05,0.0,0.004048499794492396,0.0014693793670365804,6.165228113440197e-05,0.010203452527743526,0.006072749691738594,0.0011200164406083026,0.0015207562679819154,0.0035861076859843815,0.018177147554459514,0.02623304562268804,0.013018906699547883,0.031452938758734075,0.03003493629264283,0.051736539251952325,0.04126592683929305,0.06932799013563502,0.05146937936703658,0.09503699136868064,0.04205713111385121,0.09924989724619811,0.049177969584874644,0.051120016440608304,0.06106658446362515,0.04110152075626798,0.050154130702836,0.03064118372379778,0.010717221537196876,0.015711056309083437,0.019441019317714754,0.018937525688450474,0.023828606658446362,0.012854500616522812,0.003884093711467324,0.0035552815454171806,0.0007809288943690917,7.192766132346897e-05,6.165228113440197e-05,0.00010275380189066995,0.007048910809699959,1.0275380189066995e-05,0.00015413070283600493,0.0,0.0,3.0826140567200985e-05,0.00012330456226880394,0.0,0.0,0.0,0.0,0.0,0.0,0.0,0.0,0.0,0.0,0.0,0.0,0.0,0.0,0.0,0.0,0.0,0.0,0.0,0.0,0.0,0.0,0.0,0.0,0.0,0.0,0.0,0.0,0.0,0.0,0.0,0.0,0.0,0.0,0.0,nan,nan,4.302924348378894,2.9742651811976755,nan,0.9234375471684694,0.022506951889795603,0.0,0.0,0.0,0.0,0.0,0.0,0.0,0.0,0.0,0.0,0.0,0.0,0.0,0.0,0.0,0.0,0.0,0.0,0.0,0.0,0.0,0.0,0.0,0.0,0.0,0.200392927308448,4.302554027504912,15.654223968565818,9.064833005893911,0.7779960707269157,0.9239609595364099,0.023726735171206225,0.0,0.0,0.0,0.0,0.0,0.0,0.0,0.0,0.0,0.0,0.0,0.0,0.0,0.0,0.0,0.0,0.0,0.0,0.0,0.0,0.0,0.0,0.0,0.0,0.0,0.20680741059887983,4.407582938388626,14.773804394657478,9.500215424386042,1.111589831968979,0.3962,0.01301,0.0,0.0,0.0,0.0,0.0,0.0,0.0,0.0,0.0,0.0,0.2946954813359529,17.9764243614931,11.64636542239686,0.08251473477406682,0.0,0.0,0.0,0.0,0.0,0.0,0.0,0.0,0.0,0.0,0.0,0.0,0.0,0.0,0.0,0.0,0.3955,0.01314,0.0,0.0,0.0,0.0,0.0,0.0,0.0,0.0,0.0,0.0,0.41361482119775966,18.741921585523453,10.779836277466613,0.06462731581214995,0.0,0.0,0.0,0.0,0.0,0.0,0.0,0.0,0.0,0.0,0.0,0.0,0.0,0.0,0.0,0.0
49200,4987,2571,0.5155404050531381,1207,1008,0.44415480248646483,1397,0.5602566673350712,0.4000000000000001,2.9519867549668874,3.0897468808794093,6.584548104956268,2.1253009424743627,9518.195508321636,1614.2197529903829,7853.0,11083.0,11083.0,0.0,7853.0,0.0,28.10607579707239,20.85197039420745,32.80752840909091,19.19097923122631,0.1329456587126529,0.1022658913174253,0.09544816522959695,0.08943252456386605,0.07619811509925807,0.07619811509925807,0.0721876879887708,0.05895327852416282,0.057950671746541005,0.055343894124724284,0.04852616803689593,0.04110687788249449,0.030278724684178866,0.027671947062362142,0.01624222979747343,0.011830759975937436,0.007419290154401444,0.9237110512108896,0.02326945430952797,0.0,0.0,0.0,0.0,0.0,0.0,0.0,0.0,0.0,0.0,0.0,0.0,0.0,0.0,0.0,0.0,0.0,0.0,0.0,0.0,0.0,0.0,0.0,0.0,0.0,0.22859434529777425,4.385402045317827,15.051132945658715,9.432524563866053,0.9023460998596352,4.248209280597945,2.888198972597639,nan,nan,nan,4.318181818181818,2.9130536456954794,4.181426814268143,2.862520144983648,0.9683304201463067,0.3958,0.01307,0.0,0.0,0.0,0.0,0.0,0.0,0.0,0.0,0.0,0.0,0.3850010026067777,18.28153198315618,11.261279326248248,0.07218768798877082,0.0,0.0,0.0,0.0,0.0,0.0,0.0,0.0,0.0,0.0,0.0,0.0,0.0,0.0,0.0,0.0,nan,nan,4.248209280597945,2.888198972597639,nan,0.3958,0.06207,0.0,0.0,0.0,0.0,0.0,0.0,0.0,0.0,0.0,0.0,0.0,0.0,0.0,0.0,0.0,0.0,4.010427110487267e-05,0.0,0.001564066573090034,0.0,0.0,0.004471626228193302,0.0009925807098455986,0.00014036494886705435,0.010266693402847403,0.00650691798676559,0.0012632845398034892,0.0013635452175656706,0.004000401042711049,0.018738720673751756,0.02561660316823742,0.013775817124523762,0.03041908963304592,0.02871465811108883,0.049448566272308,0.04245037096450772,0.07005213555243633,0.0530378985361941,0.09670142370162423,0.043372769199919795,0.09640064166833767,0.04877681973130139,0.051263284539803486,0.061519951874874676,0.03938239422498496,0.052456386605173454,0.03067976739522759,0.012061359534790456,0.014206938038901143,0.0191497894525767,0.018879085622618808,0.024573892119510728,0.013234409464607981,0.0029777421295367956,0.003960296771606176,0.0006115901343493082,1.0026067776218167e-05,2.0052135552436335e-05,0.00013033888109083617,0.006426709444555845,2.0052135552436335e-05,5.0130338881090835e-05,0.0,0.0,6.0156406657309e-05,0.00021054742330058152,0.0,0.0,0.0,0.0,0.0,0.0,0.0,0.0,0.0,0.0,0.0,0.0,0.0,0.0,0.0,0.0,0.0,0.0,0.0,0.0,0.0,0.0,0.0,0.0,0.0,0.0,0.0,0.0,0.0,0.0,0.0,0.0,0.0,0.0,0.0,nan,nan,4.248209280597945,2.888198972597639,nan,0.9235873720795206,0.0230042819994859,0.0,0.0,0.0,0.0,0.0,0.0,0.0,0.0,0.0,0.0,0.0,0.0,0.0,0.0,0.0,0.0,0.0,0.0,0.0,0.0,0.0,0.0,0.0,0.0,0.0,0.22170361726954496,4.212368728121354,15.425904317386234,9.264877479579932,0.8751458576429406,0.9238426650547429,0.023547646163502557,0.0,0.0,0.0,0.0,0.0,0.0,0.0,0.0,0.0,0.0,0.0,0.0,0.0,0.0,0.0,0.0,0.0,0.0,0.0,0.0,0.0,0.0,0.0,0.0,0.0,0.23592715231788083,4.56953642384106,14.652317880794705,9.610927152317883,0.931291390728477,0.3958,0.01309,0.0,0.0,0.0,0.0,0.0,0.0,0.0,0.0,0.0,0.0,0.3967327887981331,18.366394399066486,11.166861143523924,0.07001166861143525,0.0,0.0,0.0,0.0,0.0,0.0,0.0,0.0,0.0,0.0,0.0,0.0,0.0,0.0,0.0,0.0,0.396,0.01303,0.0,0.0,0.0,0.0,0.0,0.0,0.0,0.0,0.0,0.0,0.3725165562913908,18.191225165562887,11.36175496688742,0.07450331125827815,0.0,0.0,0.0,0.0,0.0,0.0,0.0,0.0,0.0,0.0,0.0,0.0,0.0,0.0,0.0,0.0
49300,4675,2393,0.5118716577540107,1151,934,0.4459893048128342,1293,0.5531550802139037,0.4160000000000001,2.950920245398773,3.0652059897556554,6.421052631578948,2.0607704461721066,9506.345454545455,1614.544711711541,7853.0,11083.0,11083.0,0.0,7853.0,0.0,28.413048128342247,21.10176718688386,33.06841046277666,19.44419730773642,0.13176470588235295,0.09860962566844919,0.0960427807486631,0.08898395721925134,0.07828877005347594,0.07550802139037432,0.07272727272727272,0.06096256684491978,0.057754010695187166,0.04941176470588235,0.042566844919786094,0.041497326203208555,0.03657754010695187,0.0293048128342246,0.023101604278074866,0.010053475935828877,0.006844919786096256,0.9240511125039289,0.02302428353879988,0.0,0.0,0.0,0.0,0.0,0.0,0.0,0.0,0.0,0.0,0.0,0.0,0.0,0.0,0.0,0.0,0.0,0.0,0.0,0.0,0.0,0.0,0.0,0.0,0.0,0.20534759358288776,4.293048128342247,15.125133689839576,9.401069518716579,0.9754010695187167,4.226871526642694,2.9254969799063173,nan,nan,nan,4.089960886571056,2.938702917189405,4.361548556430447,2.904176866388189,1.0664034882952351,0.3953,0.01297,0.0,0.0,0.0,0.0,0.0,0.0,0.0,0.0,0.0,0.0,0.35935828877005355,18.936898395721897,10.671657754010699,0.03208556149732621,0.0,0.0,0.0,0.0,0.0,0.0,0.0,0.0,0.0,0.0,0.0,0.0,0.0,0.0,0.0,0.0,nan,nan,4.226871526642694,2.9254969799063173,nan,0.3953,0.0627,0.0,0.0,0.0,0.0,0.0,0.0,0.0,0.0,0.0,0.0,0.0,0.0,0.0,0.0,0.0,0.0,0.0,0.0,0.0015294117647058824,0.0,0.0,0.004737967914438502,0.0007700534759358289,1.0695187165775402e-05,0.01202139037433155,0.006802139037433155,0.001518716577540107,0.0013582887700534759,0.004524064171122995,0.020224598930481282,0.02693048128342246,0.013989304812834225,0.033593582887700535,0.02744385026737968,0.04998930481283422,0.04037433155080214,0.06761497326203209,0.04849197860962567,0.09700534759358288,0.04283422459893048,0.09983957219251337,0.049368983957219253,0.051989304812834224,0.06086631016042781,0.03715508021390374,0.05024598930481283,0.03183957219251337,0.011689839572192513,0.013636363636363636,0.019475935828877005,0.0186524064171123,0.025775401069518717,0.013572192513368985,0.0031336898395721924,0.003893048128342246,0.0006524064171122995,3.20855614973262e-05,0.0,7.48663101604278e-05,0.006096256684491978,0.0,5.3475935828877e-05,0.0,0.0,3.20855614973262e-05,0.00016042780748663101,0.0,0.0,0.0,0.0,0.0,0.0,0.0,0.0,0.0,0.0,0.0,0.0,0.0,0.0,0.0,0.0,0.0,0.0,0.0,0.0,0.0,0.0,0.0,0.0,0.0,0.0,0.0,0.0,0.0,0.0,0.0,0.0,0.0,0.0,0.0,nan,nan,4.226871526642694,2.9254969799063173,nan,0.9245893563429183,0.02316827789519011,0.0,0.0,0.0,0.0,0.0,0.0,0.0,0.0,0.0,0.0,0.0,0.0,0.0,0.0,0.0,0.0,0.0,0.0,0.0,0.0,0.0,0.0,0.0,0.0,0.0,0.20058503969912247,4.249895528625157,14.855829502716258,9.70330129544505,0.9903886335144172,0.9234866876543665,0.022858701910689613,0.0,0.0,0.0,0.0,0.0,0.0,0.0,0.0,0.0,0.0,0.0,0.0,0.0,0.0,0.0,0.0,0.0,0.0,0.0,0.0,0.0,0.0,0.0,0.0,0.0,0.21034180543383002,4.338299737072744,15.40753724802805,9.084136722173534,0.9596844872918494,0.3953,0.013054,0.0,0.0,0.0,0.0,0.0,0.0,0.0,0.0,0.0,0.0,0.3635603844546595,18.77977434183031,10.84412870873381,0.012536564981195155,0.0,0.0,0.0,0.0,0.0,0.0,0.0,0.0,0.0,0.0,0.0,0.0,0.0,0.0,0.0,0.0,0.3953,0.01288,0.0,0.0,0.0,0.0,0.0,0.0,0.0,0.0,0.0,0.0,0.3549517966695882,19.101665205959655,10.49079754601227,0.052585451358457505,0.0,0.0,0.0,0.0,0.0,0.0,0.0,0.0,0.0,0.0,0.0,0.0,0.0,0.0,0.0,0.0
49400,4669,2461,0.5270935960591133,1175,911,0.44677661169415295,1295,0.5547226386806596,0.4120000000000001,3.116394927536232,3.1550430145629376,6.658246656760773,2.194616109445569,9555.512315270937,1612.6272336395414,7853.0,11083.0,11083.0,0.0,7853.0,0.0,28.520025701434996,21.088739358612013,33.41436183709718,19.305095592579303,0.13686014135789248,0.0944527736131934,0.09166845148854144,0.08524309273934462,0.07753266224030841,0.0843863782394517,0.06596701649175413,0.06254015849218247,0.06146926536731634,0.049475262368815595,0.04562004711929749,0.04690511886913686,0.03255515099593061,0.024416363246947955,0.020989505247376312,0.012422360248447204,0.0074962518740629685,0.9250107736423098,0.0230102859274801,0.0,0.0,0.0,0.0,0.0,0.0,0.0,0.0,0.0,0.0,0.0,0.0,0.0,0.0,0.0,0.0,0.0,0.0,0.0,0.0,0.0,0.0,0.0,0.0,0.006425358749196831,0.15420860998072394,3.9451702720068544,15.073891625615767,9.779396016277577,1.0409081173698866,4.23109517601043,2.946898216847526,nan,nan,nan,4.234833659491194,2.9797599340497682,4.227509778357236,2.914648420562001,0.9982705622645782,0.3953,0.01326,0.0,0.0,0.0,0.0,0.0,0.0,0.0,0.0,0.0,0.0,0.5011779824373529,18.819875776397488,10.595416577425576,0.08352966373955882,0.0,0.0,0.0,0.0,0.0,0.0,0.0,0.0,0.0,0.0,0.0,0.0,0.0,0.0,0.0,0.0,nan,nan,4.23109517601043,2.946898216847526,nan,0.3953,0.06274,0.0,0.0,0.0,0.0,0.0,0.0,0.0,0.0,0.0,0.0,0.0,0.0,0.0,0.0,0.0,0.0,0.0,0.0,0.0018098093810237738,3.212679374598415e-05,0.0,0.0039837224245020345,0.0005997001499250374,0.0,0.012026129792246733,0.007003641036624545,0.0017991004497751124,0.0014671235810666096,0.004711929749411009,0.019329620903833798,0.02647247804669094,0.01462840008567145,0.0364103662454487,0.028646391090169202,0.05064253587491968,0.03780252730777468,0.06696294709787963,0.04813664596273292,0.09440993788819876,0.04318911972585136,0.10136003426858,0.04776183336902977,0.05177768258727779,0.06479974298565003,0.037566930820304135,0.04756907260655387,0.03163418290854573,0.012325979867209253,0.015474405654315699,0.0174983936603127,0.018001713428999786,0.026975797815378025,0.013097022917112872,0.0031484257871064467,0.00340544013707432,0.0005247376311844077,3.212679374598415e-05,0.0,0.0003426857999571643,0.006318269436710216,0.0,8.567144998929107e-05,0.0,0.0,4.2835724994645534e-05,0.00019276076247590491,0.0,0.0,0.0,0.0,0.0,0.0,0.0,0.0,0.0,0.0,0.0,0.0,0.0,0.0,0.0,0.0,0.0,0.0,0.0,0.0,0.0,0.0,0.0,0.0,0.0,0.0,0.0,0.0,0.0,0.0,0.0,0.0,0.0,0.0,0.0,nan,nan,4.23109517601043,2.946898216847526,nan,0.9248498443276453,0.022782411728804974,0.0,0.0,0.0,0.0,0.0,0.0,0.0,0.0,0.0,0.0,0.0,0.0,0.0,0.0,0.0,0.0,0.0,0.0,0.0,0.0,0.0,0.0,0.0,0.0,0.0,0.1706623323852093,3.815522145469322,15.432750914262497,9.630231613165382,0.9508329947175946,0.9251901427742796,0.023260328197333466,0.0,0.0,0.0,0.0,0.0,0.0,0.0,0.0,0.0,0.0,0.0,0.0,0.0,0.0,0.0,0.0,0.0,0.0,0.0,0.0,0.0,0.0,0.0,0.0,0.013586956521739134,0.13586956521739132,4.089673913043479,14.673913043478263,9.945652173913045,1.1413043478260871,0.3953,0.01325,0.0,0.0,0.0,0.0,0.0,0.0,0.0,0.0,0.0,0.0,0.5241771637545714,18.492482730597292,10.922389272653396,0.0609508329947176,0.0,0.0,0.0,0.0,0.0,0.0,0.0,0.0,0.0,0.0,0.0,0.0,0.0,0.0,0.0,0.0,0.395,0.01326,0.0,0.0,0.0,0.0,0.0,0.0,0.0,0.0,0.0,0.0,0.4755434782608697,19.184782608695627,10.230978260869566,0.10869565217391307,0.0,0.0,0.0,0.0,0.0,0.0,0.0,0.0,0.0,0.0,0.0,0.0,0.0,0.0,0.0,0.0
49500,4618,2357,0.5103941100043309,1115,939,0.44478129060199223,1300,0.563014291901256,0.4160000000000001,3.022998673153472,3.150142620066004,6.740219092331769,2.119614179808999,9501.57297531399,1614.6510010923619,7853.0,11083.0,11083.0,0.0,7853.0,0.0,27.806409701169336,21.01979377266368,32.90635538261997,19.267690301907002,0.14465136422693806,0.10350801212646167,0.09203118233001299,0.08488523170203552,0.07947163274144652,0.06842789086184495,0.07059333044608056,0.0671286271113036,0.058683412732784754,0.049155478562148115,0.049155478562148115,0.037678648765699436,0.027501082719792118,0.029016890428757037,0.01862278042442616,0.012776093546990039,0.0067128627111303595,0.9250990546410504,0.02302869017600983,0.0,0.0,0.0,0.0,0.0,0.0,0.0,0.0,0.0,0.0,0.0,0.0,0.0,0.0,0.0,0.0,0.0,0.0,0.0,0.0,0.0,0.0,0.0,0.0,0.0,0.19488956258120405,3.9367691641403213,15.071459506279778,9.783456041576441,1.013425725422261,4.315309226089895,2.885257330900442,nan,nan,nan,4.228744939271255,2.8761497103361227,4.402166553825322,2.891763695304982,1.0410101855383957,0.3943,0.013405,0.0,0.0,0.0,0.0,0.0,0.0,0.0,0.0,0.0,0.0,0.5976613252490256,19.46946730186225,9.86790818536163,0.064963187527068,0.0,0.0,0.0,0.0,0.0,0.0,0.0,0.0,0.0,0.0,0.0,0.0,0.0,0.0,0.0,0.0,nan,nan,4.315309226089895,2.885257330900442,nan,0.3943,0.06335,0.0,0.0,0.0,0.0,0.0,0.0,0.0,0.0,0.0,0.0,0.0,0.0,0.0,0.0,0.0,0.0,0.0,1.0827197921177999e-05,0.002403637938501516,0.0,0.0,0.00400606323083586,0.000671286271113036,0.0,0.012483759203118233,0.0074924209614551755,0.0016240796881767,0.001689042875703768,0.005695106106539628,0.019846253789519274,0.024231268947596363,0.014486790818536164,0.038068427890861845,0.03063014291901256,0.05129926375054136,0.03999566912083153,0.06851450844521438,0.04805110437418796,0.09441316587267215,0.0449328713728887,0.09831095712429623,0.04645950627977479,0.04939367691641403,0.06251624079688177,0.036769164140320484,0.0478345604157644,0.030619315721091382,0.013739714161974882,0.014237765266349069,0.017128627111303595,0.017236899090515373,0.025790385448245995,0.014411000433087916,0.0033347769597228236,0.0035296665223040276,0.0007579038544824599,1.0827197921177999e-05,0.0,0.00032481593763534,0.006723689909051538,1.0827197921177999e-05,3.2481593763533996e-05,0.0,0.0,0.0,0.00028150714595062795,0.0,0.0,0.0,0.0,0.0,0.0,0.0,0.0,0.0,0.0,0.0,0.0,0.0,0.0,0.0,0.0,0.0,0.0,0.0,0.0,0.0,0.0,0.0,0.0,0.0,0.0,0.0,0.0,0.0,0.0,0.0,0.0,0.0,0.0,0.0,nan,nan,4.315309226089895,2.885257330900442,nan,0.9250105710974375,0.022859413197444705,0.0,0.0,0.0,0.0,0.0,0.0,0.0,0.0,0.0,0.0,0.0,0.0,0.0,0.0,0.0,0.0,0.0,0.0,0.0,0.0,0.0,0.0,0.0,0.0,0.0,0.12728044123886298,4.111158252015274,15.108188375053036,9.596945269410268,1.0564276622825628,0.9251912951153076,0.023203480651269065,0.0,0.0,0.0,0.0,0.0,0.0,0.0,0.0,0.0,0.0,0.0,0.0,0.0,0.0,0.0,0.0,0.0,0.0,0.0,0.0,0.0,0.0,0.0,0.0,0.0,0.2653693056169837,3.754975674480319,15.033171163202127,9.977885891198586,0.9685979655019905,0.3943,0.01337,0.0,0.0,0.0,0.0,0.0,0.0,0.0,0.0,0.0,0.0,0.598218073822656,19.499363597793778,9.813322019516336,0.0890963088672041,0.0,0.0,0.0,0.0,0.0,0.0,0.0,0.0,0.0,0.0,0.0,0.0,0.0,0.0,0.0,0.0,0.3943,0.013435,0.0,0.0,0.0,0.0,0.0,0.0,0.0,0.0,0.0,0.0,0.5970809376382132,19.438301636444024,9.92481203007519,0.03980539584254755,0.0,0.0,0.0,0.0,0.0,0.0,0.0,0.0,0.0,0.0,0.0,0.0,0.0,0.0,0.0,0.0
49600,4818,2464,0.5114155251141552,1190,1010,0.45662100456621,1394,0.5786633457866335,0.3960000000000001,2.9723874256584537,3.108571015184214,6.532738095238095,2.193496801255972,9504.872146118722,1614.579030224473,7853.0,11083.0,11083.0,0.0,7853.0,0.0,27.83727687837277,20.565209920767433,32.75809241413393,18.751204046496255,0.141137401411374,0.09755085097550852,0.09153175591531756,0.08613532586135327,0.08094645080946451,0.07368202573682026,0.06994603569946035,0.06704026567040265,0.060813615608136154,0.05562474055624741,0.046699875466998754,0.04192611041926111,0.033208800332088007,0.024491490244914902,0.013906185139061852,0.0091324200913242,0.0062266500622665,0.9260775324292775,0.023441490126942077,0.0,0.0,0.0,0.0,0.0,0.0,0.0,0.0,0.0,0.0,0.0,0.0,0.0,0.0,0.0,0.0,0.0,0.0,0.0,0.0,0.0,0.0,0.0,0.0,0.0,0.21170610211706106,3.8293897882938985,14.663760896637612,10.080946450809465,1.2141967621419678,4.285073670723895,2.9323071986176035,nan,nan,nan,4.312817258883249,2.965193718619529,4.256791720569211,2.898125111793045,0.9870095264994964,0.3938,0.01334,0.0,0.0,0.0,0.0,0.0,0.0,0.0,0.0,0.0,0.0,0.5666251556662516,19.732254047322513,9.651307596513078,0.04981320049813202,0.0,0.0,0.0,0.0,0.0,0.0,0.0,0.0,0.0,0.0,0.0,0.0,0.0,0.0,0.0,0.0,nan,nan,4.285073670723895,2.9323071986176035,nan,0.3938,0.0634,0.0,0.0,0.0,0.0,0.0,0.0,0.0,0.0,0.0,0.0,0.0,0.0,0.0,0.0,0.0,0.0,0.0,0.0,0.00261519302615193,1.0377750103777502e-05,3.11332503113325e-05,0.005085097550850975,0.0005915317559153176,2.0755500207555003e-05,0.011685346616853467,0.007399335823993358,0.0016604400166044002,0.0012972187629721875,0.004856787048567871,0.02092154420921544,0.024885844748858448,0.016427978414279783,0.03832503113325031,0.029742631797426318,0.050799086757990865,0.038968451639684515,0.06997716894977168,0.04904524699045247,0.09357617268576172,0.045703611457036115,0.09606683271066832,0.04786218347862183,0.05091324200913242,0.05991075134910751,0.03457866334578663,0.04707347447073475,0.03239933582399336,0.013470319634703196,0.013563719385637194,0.018109173931091738,0.017860107928601078,0.026006641760066417,0.014435450394354505,0.003455790784557908,0.0035284350352843504,0.0006849315068493151,0.0,1.0377750103777502e-05,0.00020755500207555002,0.006060606060606061,7.26442507264425e-05,0.0,0.0,0.0,0.0,0.00010377750103777501,0.0,0.0,0.0,0.0,0.0,0.0,0.0,0.0,0.0,0.0,0.0,0.0,0.0,0.0,0.0,0.0,0.0,0.0,0.0,0.0,0.0,0.0,0.0,0.0,0.0,0.0,0.0,0.0,0.0,0.0,0.0,0.0,0.0,0.0,0.0,nan,nan,4.285073670723895,2.9323071986176035,nan,0.9264879840389861,0.022894826250912444,0.0,0.0,0.0,0.0,0.0,0.0,0.0,0.0,0.0,0.0,0.0,0.0,0.0,0.0,0.0,0.0,0.0,0.0,0.0,0.0,0.0,0.0,0.0,0.0,0.0,0.1704545454545455,3.664772727272728,14.926948051948054,10.093344155844159,1.1444805194805197,0.9256479008378067,0.02399284448537897,0.0,0.0,0.0,0.0,0.0,0.0,0.0,0.0,0.0,0.0,0.0,0.0,0.0,0.0,0.0,0.0,0.0,0.0,0.0,0.0,0.0,0.0,0.0,0.0,0.0,0.25488530161427364,4.001699235344096,14.388275276125746,10.067969413763809,1.2871707731520818,0.3938,0.01341,0.0,0.0,0.0,0.0,0.0,0.0,0.0,0.0,0.0,0.0,0.5722402597402598,19.772727272727245,9.60633116883117,0.04870129870129871,0.0,0.0,0.0,0.0,0.0,0.0,0.0,0.0,0.0,0.0,0.0,0.0,0.0,0.0,0.0,0.0,0.394,0.01327,0.0,0.0,0.0,0.0,0.0,0.0,0.0,0.0,0.0,0.0,0.5607476635514019,19.689889549702606,9.698385726423112,0.05097706032285473,0.0,0.0,0.0,0.0,0.0,0.0,0.0,0.0,0.0,0.0,0.0,0.0,0.0,0.0,0.0,0.0
49700,4715,2441,0.5177094379639449,1152,975,0.4511134676564157,1360,0.5768822905620361,0.38800000000000007,3.0452946350043977,3.0824448780056186,6.583208395802099,2.155892846146914,9525.201484623542,1613.9866759539443,7853.0,11083.0,11083.0,0.0,7853.0,0.0,28.66595970307529,21.05557402608239,33.585280080381814,19.210257306596898,0.13488865323435842,0.09522799575821846,0.09013785790031813,0.08250265111346766,0.07910922587486745,0.07592788971367974,0.07168610816542947,0.06574761399787911,0.06023329798515376,0.057688229056203605,0.04856839872746554,0.038812301166489926,0.03266171792152704,0.026511134676564158,0.01951219512195122,0.012725344644750796,0.008059384941675504,0.926118464497721,0.023196619481105782,0.0,0.0,0.0,0.0,0.0,0.0,0.0,0.0,0.0,0.0,0.0,0.0,0.0,0.0,0.0,0.0,0.0,0.0,0.0,0.0,0.0,0.0,0.0,0.0,0.0,0.15906680805938497,3.8366914103923655,14.621420996818667,10.199363732767765,1.1834570519618242,4.303010683068955,2.8632579406202496,nan,nan,nan,4.279158699808796,2.880643350337616,4.32587228439763,2.8451005689919278,1.0109165347363542,0.394,0.01347,0.0,0.0,0.0,0.0,0.0,0.0,0.0,0.0,0.0,0.0,0.5790031813361612,19.597030752916197,9.792152704135738,0.03181336161187699,0.0,0.0,0.0,0.0,0.0,0.0,0.0,0.0,0.0,0.0,0.0,0.0,0.0,0.0,0.0,0.0,nan,nan,4.303010683068955,2.8632579406202496,nan,0.394,0.0635,0.0,0.0,0.0,0.0,0.0,0.0,0.0,0.0,0.0,0.0,0.0,0.0,0.0,0.0,0.0,0.0,0.0,0.0,0.0021314952279957583,0.0,0.00019088016967126192,0.005408271474019088,0.0008377518557794273,2.1208907741251324e-05,0.012237539766702015,0.007285259809119831,0.0017921527041357371,0.0013043478260869566,0.003955461293743372,0.021208907741251327,0.02376458112407211,0.016267232237539765,0.03942735949098621,0.02857900318133616,0.05056203605514316,0.039331919406150585,0.06848356309650053,0.05001060445387063,0.09721102863202545,0.04379639448568399,0.09434782608695652,0.045334040296924706,0.05353128313891835,0.062184517497348886,0.032439024390243903,0.04567338282078473,0.030721102863202544,0.01486744432661718,0.012852598091198304,0.02043478260869565,0.019586426299045598,0.02589607635206787,0.014803817603393426,0.003372216330858961,0.0033828207847295864,0.0007741251325556734,0.0,2.1208907741251324e-05,0.0001696712619300106,0.005630965005302227,7.423117709437964e-05,0.0,0.0,1.0604453870625662e-05,0.0,8.48356309650053e-05,0.0,0.0,0.0,0.0,0.0,0.0,0.0,0.0,0.0,0.0,0.0,0.0,0.0,0.0,0.0,0.0,0.0,0.0,0.0,0.0,0.0,0.0,0.0,0.0,0.0,0.0,0.0,0.0,0.0,0.0,0.0,0.0,0.0,0.0,0.0,nan,nan,4.303010683068955,2.8632579406202496,nan,0.9258543200201795,0.023021185971422636,0.0,0.0,0.0,0.0,0.0,0.0,0.0,0.0,0.0,0.0,0.0,0.0,0.0,0.0,0.0,0.0,0.0,0.0,0.0,0.0,0.0,0.0,0.0,0.0,0.0,0.17206063088897997,3.8467841048750517,14.920114707087262,9.78287587054486,1.2781646866038512,0.9264020074483272,0.023380151150152947,0.0,0.0,0.0,0.0,0.0,0.0,0.0,0.0,0.0,0.0,0.0,0.0,0.0,0.0,0.0,0.0,0.0,0.0,0.0,0.0,0.0,0.0,0.0,0.0,0.0,0.14511873350923485,3.825857519788919,14.300791556728235,10.646437994722957,1.0817941952506598,0.3938,0.01358,0.0,0.0,0.0,0.0,0.0,0.0,0.0,0.0,0.0,0.0,0.5284719377304384,20.008193363375636,9.414174518639904,0.049160180253994275,0.0,0.0,0.0,0.0,0.0,0.0,0.0,0.0,0.0,0.0,0.0,0.0,0.0,0.0,0.0,0.0,0.3945,0.01335,0.0,0.0,0.0,0.0,0.0,0.0,0.0,0.0,0.0,0.0,0.633245382585752,19.155672823218968,10.197889182058049,0.01319261213720317,0.0,0.0,0.0,0.0,0.0,0.0,0.0,0.0,0.0,0.0,0.0,0.0,0.0,0.0,0.0,0.0
49800,4513,2318,0.5136272989142477,1083,926,0.44515843119875914,1249,0.553512076224241,0.4160000000000001,2.944874715261959,3.092229208246224,6.538333333333333,2.152176546868051,9512.01617549302,1614.4000669892725,7853.0,11083.0,11083.0,0.0,7853.0,0.0,27.896964325282518,20.934425852574122,32.766982622432856,19.247061829078152,0.13848881010414357,0.10170618214048305,0.09638821183248393,0.08708176379348549,0.07932639042765345,0.0737868380234877,0.07090627077332151,0.06204298692665633,0.055617106137824064,0.055617106137824064,0.04254376246399291,0.039884777309993354,0.034566807001994236,0.02437403057832927,0.019277642366496785,0.011300686904498116,0.0070906270773321515,0.9266798920465524,0.023405150502929798,0.0,0.0,0.0,0.0,0.0,0.0,0.0,0.0,0.0,0.0,0.0,0.0,0.0,0.0,0.0,0.0,0.0,0.0,0.0,0.0,0.0,0.0,0.0,0.0,0.006647462884998893,0.16618657212497231,3.5829824950144036,14.59782849545757,10.38333702636827,1.2630179481497896,4.2372237569060776,2.8534671214009584,nan,nan,nan,4.114675767918088,2.808171215839129,4.361538461538461,2.8944224897585373,1.0599956612730335,0.3936,0.013565,0.0,0.0,0.0,0.0,0.0,0.0,0.0,0.0,0.0,0.0,0.6780412142698871,19.696432528251687,9.559051628628408,0.06647462884998893,0.0,0.0,0.0,0.0,0.0,0.0,0.0,0.0,0.0,0.0,0.0,0.0,0.0,0.0,0.0,0.0,nan,nan,4.2372237569060776,2.8534671214009584,nan,0.3936,0.06354,0.0,0.0,0.0,0.0,0.0,0.0,0.0,0.0,0.0,0.0,0.0,0.0,0.0,0.0,0.0,3.323731442499446e-05,0.0,0.0,0.0023155329049412807,0.0,0.00023266120097496123,0.005306891203190782,0.001229780633724795,0.0,0.012729891424772878,0.007954797252382007,0.002415244848216264,0.0008974074894748504,0.0033791269665411033,0.019643252825171726,0.023365832040771105,0.01467981387103922,0.043540881896742746,0.02950365610458675,0.05070906270773322,0.040782184799468206,0.06789275426545535,0.05055395524041657,0.09694216707290051,0.04368491025925105,0.09474850432085087,0.04532461777088411,0.05146244183469976,0.0615776645247064,0.03331486815865278,0.04447152670064259,0.030744515843119876,0.013328163084422778,0.012054066031464658,0.020906270773321516,0.020208287170396633,0.027033015732328827,0.014447152670064259,0.0029470418790161755,0.0037447374252160427,0.0006093507644582318,1.1079104808331486e-05,2.2158209616662973e-05,0.00019942388654996677,0.004885885220474185,9.971194327498339e-05,1.1079104808331486e-05,0.0,0.0,0.0,5.5395524041657433e-05,0.0,0.0,0.0,0.0,0.0,0.0,0.0,0.0,0.0,0.0,0.0,0.0,0.0,0.0,0.0,0.0,0.0,0.0,0.0,0.0,0.0,0.0,0.0,0.0,0.0,0.0,0.0,0.0,0.0,0.0,0.0,0.0,0.0,0.0,0.0,nan,nan,4.2372237569060776,2.8534671214009584,nan,0.9269227746543028,0.02366065840488797,0.0,0.0,0.0,0.0,0.0,0.0,0.0,0.0,0.0,0.0,0.0,0.0,0.0,0.0,0.0,0.0,0.0,0.0,0.0,0.0,0.0,0.0,0.0,0.0,0.01294219154443486,0.1553062985332183,3.507333908541847,14.534081104400348,10.405522001725627,1.3848144952545303,0.9264233991605546,0.023129492450126958,0.0,0.0,0.0,0.0,0.0,0.0,0.0,0.0,0.0,0.0,0.0,0.0,0.0,0.0,0.0,0.0,0.0,0.0,0.0,0.0,0.0,0.0,0.0,0.0,0.0,0.17767653758542146,3.6628701594533037,14.665148063781324,10.359908883826881,1.1343963553530754,0.3936,0.01354,0.0,0.0,0.0,0.0,0.0,0.0,0.0,0.0,0.0,0.0,0.6341673856773081,19.71095772217426,9.628990509059536,0.02588438308886972,0.0,0.0,0.0,0.0,0.0,0.0,0.0,0.0,0.0,0.0,0.0,0.0,0.0,0.0,0.0,0.0,0.3936,0.013596,0.0,0.0,0.0,0.0,0.0,0.0,0.0,0.0,0.0,0.0,0.7243735763097952,19.68109339407742,9.485193621867884,0.10933940774487474,0.0,0.0,0.0,0.0,0.0,0.0,0.0,0.0,0.0,0.0,0.0,0.0,0.0,0.0,0.0,0.0
49900,4567,2401,0.5257280490475148,1085,923,0.4396759360630611,1273,0.5574775563827458,0.4120000000000001,2.9972299168975067,3.1545291553303,6.717821782178218,2.2163313444303436,9551.101598423473,1612.8605408836388,7853.0,11083.0,11083.0,0.0,7853.0,0.0,27.651850229910224,20.84858633035021,32.75637319316689,19.102002687901205,0.14254433982920955,0.0987519159185461,0.10291219619005912,0.0836435296693672,0.08145390847383403,0.07291438581125466,0.06634552222465513,0.058462885920735716,0.06196627983358879,0.05386468141011605,0.04510619662798336,0.04007006787825706,0.03262535581344427,0.025837530107291437,0.015327348368732209,0.012480840814539085,0.005693015108386249,0.9264834106999517,0.023175831112171957,0.0,0.0,0.0,0.0,0.0,0.0,0.0,0.0,0.0,0.0,0.0,0.0,0.0,0.0,0.0,0.0,0.0,0.0,0.0,0.0,0.0,0.0,0.0,0.0,0.0,0.16422158966498798,3.69827019925553,14.681410116049927,10.155463104882857,1.300634990146705,4.2436250861474845,2.917942608093248,nan,nan,nan,4.214634146341464,2.924114885339969,4.268758526603001,2.9099852955890726,1.012842011520388,0.3936,0.01325,0.0,0.0,0.0,0.0,0.0,0.0,0.0,0.0,0.0,0.0,0.5714911320341582,20.133566892927494,9.235822202758925,0.059119772279395674,0.0,0.0,0.0,0.0,0.0,0.0,0.0,0.0,0.0,0.0,0.0,0.0,0.0,0.0,0.0,0.0,nan,nan,4.2436250861474845,2.917942608093248,nan,0.3936,0.0635,0.0,0.0,0.0,0.0,0.0,0.0,0.0,0.0,0.0,0.0,0.0,0.0,0.0,1.0948105977665863e-05,0.0,7.663674184366105e-05,0.0,5.474052988832932e-05,0.002167724983577841,1.0948105977665863e-05,0.00020801401357565142,0.005627326472520254,0.001521786730895555,6.568863586599518e-05,0.01191153930370046,0.008714692358222028,0.002266257937376834,0.0004488723450843004,0.0037223560324063936,0.017692139259908035,0.02149113203415809,0.013969783227501642,0.04461353185898839,0.031213050142325376,0.05243047952704182,0.040321874315743376,0.06862272826800964,0.052156776877600175,0.095445587913291,0.04189840157652726,0.09692358222027589,0.046014889424129624,0.05101817385592292,0.060072257499452594,0.0340595576965185,0.04487628640245238,0.03084081453908474,0.013488066564484345,0.011188964309174513,0.01992555287935187,0.0199802934092402,0.025563827457849794,0.01641121086052113,0.0031530545215677688,0.0034158090650317496,0.00045982045106196626,8.75848478213269e-05,0.0,0.0002737026494416466,0.005528793518721261,4.379242391066345e-05,1.0948105977665863e-05,0.0,0.0,0.0,0.0,0.0,0.0,0.0,0.0,0.0,0.0,0.0,0.0,0.0,0.0,0.0,0.0,0.0,0.0,0.0,0.0,0.0,0.0,0.0,0.0,0.0,0.0,0.0,0.0,0.0,0.0,0.0,0.0,0.0,0.0,0.0,0.0,0.0,0.0,0.0,nan,nan,4.2436250861474845,2.917942608093248,nan,0.9269709611673843,0.023217771917333083,0.0,0.0,0.0,0.0,0.0,0.0,0.0,0.0,0.0,0.0,0.0,0.0,0.0,0.0,0.0,0.0,0.0,0.0,0.0,0.0,0.0,0.0,0.0,0.0,0.0,0.16243231986672224,3.536026655560184,14.631403581840903,10.183256976259893,1.4868804664723037,0.9259429634828207,0.023117237646153626,0.0,0.0,0.0,0.0,0.0,0.0,0.0,0.0,0.0,0.0,0.0,0.0,0.0,0.0,0.0,0.0,0.0,0.0,0.0,0.0,0.0,0.0,0.0,0.0,0.0,0.1662049861495845,3.8781163434903054,14.736842105263161,10.12465373961219,1.0941828254847648,0.394,0.01324,0.0,0.0,0.0,0.0,0.0,0.0,0.0,0.0,0.0,0.0,0.4997917534360684,19.9416909620991,9.496043315285299,0.06247396917950855,0.0,0.0,0.0,0.0,0.0,0.0,0.0,0.0,0.0,0.0,0.0,0.0,0.0,0.0,0.0,0.0,0.3933,0.013275,0.0,0.0,0.0,0.0,0.0,0.0,0.0,0.0,0.0,0.0,0.6509695290858727,20.346260387811604,8.947368421052634,0.05540166204986151,0.0,0.0,0.0,0.0,0.0,0.0,0.0,0.0,0.0,0.0,0.0,0.0,0.0,0.0,0.0,0.0
50000,4298,2237,0.5204746393671476,1024,872,0.44113541181945093,1197,0.5570032573289903,0.4440000000000001,3.015041242115478,3.135198252771223,6.585448392554992,2.3003843040136225,9534.133085155887,1613.6453808218719,7853.0,11083.0,11083.0,0.0,7853.0,0.0,28.685667752442995,21.360553100097878,33.65186206896552,19.567620333045518,0.13890181479758026,0.09702187063750582,0.08864588180549092,0.08608655188459749,0.07701256398324802,0.07468590041879944,0.06630991158678455,0.0632852489530014,0.05816658911121452,0.05537459283387622,0.049790600279199626,0.04094927873429502,0.03234062354583527,0.02652396463471382,0.023499302000930665,0.012796649604467194,0.00860865518845975,0.9263386394795622,0.02349914001262272,0.0,0.0,0.0,0.0,0.0,0.0,0.0,0.0,0.0,0.0,0.0,0.0,0.0,0.0,0.0,0.0,0.0,0.0,0.0,0.0,0.0,0.0,0.0,0.0,0.0,0.18845974872033508,3.762214983713356,14.476500697999073,10.41414611447185,1.1586784550953935,4.2310443490701,2.9096274355119425,nan,nan,nan,4.216407355021216,2.9228383433166996,4.246020260492041,2.895971690870231,1.0070232553397762,0.394,0.01369,0.0,0.0,0.0,0.0,0.0,0.0,0.0,0.0,0.0,0.0,0.6212191717077712,19.746393671475076,9.534667287110285,0.09771986970684042,0.0,0.0,0.0,0.0,0.0,0.0,0.0,0.0,0.0,0.0,0.0,0.0,0.0,0.0,0.0,0.0,nan,nan,4.2310443490701,2.9096274355119425,nan,0.394,0.0638,0.0,0.0,0.0,0.0,0.0,0.0,0.0,0.0,0.0,0.0,0.0,2.326663564448581e-05,0.0,0.0,0.0,0.00013959981386691485,0.0,1.1633317822242904e-05,0.0021637971149371803,0.0,0.0002791996277338297,0.006258724988366682,0.0014308980921358772,3.489995346672871e-05,0.01245928338762215,0.007910656119125175,0.0020823638901814796,0.0008026989297347603,0.003734295020939972,0.017333643555141925,0.02134713820381573,0.014239181014425313,0.0430316426244765,0.029420660772452305,0.05188459748720335,0.04300837598883202,0.06928804094927873,0.052268496975337364,0.09521870637505817,0.04179851093531875,0.09450907398790134,0.04653327128897161,0.04874360167519776,0.05994648673801768,0.03427175430432759,0.04429967426710098,0.035027919962773386,0.01298278268962308,0.011412284783620288,0.018287575616565844,0.021859004187994416,0.02593066542577943,0.01706607724523034,0.003140995812005584,0.0036993950674732434,0.00023266635644485808,0.00012796649604467195,1.1633317822242904e-05,0.0003489995346672871,0.005374592833876222,0.0,0.0,0.0,2.326663564448581e-05,0.0,0.0,0.0,0.0,0.0,0.0,0.0,0.0,0.0,0.0,0.0,0.0,0.0,0.0,0.0,0.0,0.0,0.0,0.0,0.0,0.0,0.0,0.0,0.0,0.0,0.0,0.0,0.0,0.0,0.0,0.0,0.0,0.0,0.0,0.0,0.0,0.0,nan,nan,4.2310443490701,2.9096274355119425,nan,0.9265207109517374,0.023501958990761646,0.0,0.0,0.0,0.0,0.0,0.0,0.0,0.0,0.0,0.0,0.0,0.0,0.0,0.0,0.0,0.0,0.0,0.0,0.0,0.0,0.0,0.0,0.0,0.0,0.0,0.16092981671881987,3.8086723290120705,14.188645507375954,10.661600357621817,1.1801519892713457,0.9261410199340717,0.02349448312734671,0.0,0.0,0.0,0.0,0.0,0.0,0.0,0.0,0.0,0.0,0.0,0.0,0.0,0.0,0.0,0.0,0.0,0.0,0.0,0.0,0.0,0.0,0.0,0.0,0.0,0.21834061135371186,3.7117903930131013,14.788937409024749,10.145560407569143,1.1353711790393015,0.3938,0.013664,0.0,0.0,0.0,0.0,0.0,0.0,0.0,0.0,0.0,0.0,0.6437192668752795,19.968708091193534,9.253464461332143,0.13410818059901655,0.0,0.0,0.0,0.0,0.0,0.0,0.0,0.0,0.0,0.0,0.0,0.0,0.0,0.0,0.0,0.0,0.3943,0.01371,0.0,0.0,0.0,0.0,0.0,0.0,0.0,0.0,0.0,0.0,0.596797671033479,19.50509461426489,9.839883551673946,0.05822416302765649,0.0,0.0,0.0,0.0,0.0,0.0,0.0,0.0,0.0,0.0,0.0,0.0,0.0,0.0,0.0,0.0
50100,4490,2326,0.5180400890868597,1084,872,0.4356347438752784,1239,0.5518930957683742,0.4040000000000001,3.038354898336414,3.1387960934984345,6.551242236024844,2.219796940454162,9526.269487750556,1613.948470923805,7853.0,11083.0,11083.0,0.0,7853.0,0.0,28.00311804008909,20.825053206590756,32.92662251655629,19.052751270530763,0.13830734966592428,0.10178173719376392,0.09287305122494433,0.08997772828507795,0.07483296213808463,0.07371937639198219,0.06592427616926504,0.06102449888641425,0.05857461024498886,0.06258351893095769,0.049443207126948774,0.042093541202672606,0.030734966592427616,0.022048997772828507,0.02093541202672606,0.009799554565701559,0.005345211581291759,0.9248804392554447,0.023483026102927143,0.0,0.0,0.0,0.0,0.0,0.0,0.0,0.0,0.0,0.0,0.0,0.0,0.0,0.0,0.0,0.0,0.0,0.0,0.0,0.0,0.0,0.0,0.0,0.0,0.0,0.18708240534521164,4.149220489977729,14.83964365256125,9.728285077951004,1.095768374164811,4.309515510630882,2.870940098043275,nan,nan,nan,4.316473000683527,2.901960706197938,4.302275960170697,2.838283885985482,0.9967109627442168,0.3938,0.01329,0.0,0.0,0.0,0.0,0.0,0.0,0.0,0.0,0.0,0.0,0.5746102449888643,20.138084632516673,9.24053452115813,0.04677060133630291,0.0,0.0,0.0,0.0,0.0,0.0,0.0,0.0,0.0,0.0,0.0,0.0,0.0,0.0,0.0,0.0,nan,nan,4.309515510630882,2.870940098043275,nan,0.3938,0.06335,0.0,0.0,0.0,0.0,0.0,0.0,0.0,0.0,0.0,0.0,0.0,3.3407572383073495e-05,0.0,0.0,0.0,0.00012249443207126948,0.0,0.0,0.0026391982182628064,0.0,0.00013363028953229398,0.006714922048997773,0.0012138084632516703,1.1135857461024499e-05,0.010534521158129176,0.008953229398663698,0.0026391982182628064,0.0007906458797327394,0.0037639198218262808,0.01671492204899777,0.02032293986636971,0.012238307349665925,0.0438641425389755,0.030757238307349666,0.052238307349665926,0.045211581291759464,0.07072383073496659,0.05312917594654788,0.0934521158129176,0.03969933184855234,0.08855233853006682,0.050523385300668154,0.05073496659242762,0.06023385300668151,0.03464365256124722,0.04658129175946548,0.035590200445434296,0.014142538975501114,0.011492204899777283,0.018084632516703787,0.019866369710467707,0.025300668151447662,0.01682628062360802,0.002951002227171492,0.0031848552338530067,0.00023385300668151448,0.00027839643652561246,0.0,0.00031180400890868596,0.004498886414253897,3.3407572383073495e-05,0.0,0.0,3.3407572383073495e-05,0.0,0.0,0.0,0.0,0.0,0.0,0.0,0.0,0.0,0.0,0.0,0.0,0.0,0.0,0.0,0.0,0.0,0.0,0.0,0.0,0.0,0.0,0.0,0.0,0.0,0.0,0.0,0.0,0.0,0.0,0.0,0.0,0.0,0.0,0.0,0.0,0.0,nan,nan,4.309515510630882,2.870940098043275,nan,0.9256519883332945,0.02400486491408037,0.0,0.0,0.0,0.0,0.0,0.0,0.0,0.0,0.0,0.0,0.0,0.0,0.0,0.0,0.0,0.0,0.0,0.0,0.0,0.0,0.0,0.0,0.0,0.0,0.0,0.2579535683576957,3.933791917454859,14.432502149613073,10.202063628546863,1.1736887360275152,0.9240511309582733,0.022879876412628865,0.0,0.0,0.0,0.0,0.0,0.0,0.0,0.0,0.0,0.0,0.0,0.0,0.0,0.0,0.0,0.0,0.0,0.0,0.0,0.0,0.0,0.0,0.0,0.0,0.0,0.11090573012939005,4.3807763401109066,15.277264325323479,9.219038817005547,1.0120147874306842,0.3938,0.0133,0.0,0.0,0.0,0.0,0.0,0.0,0.0,0.0,0.0,0.0,0.6319862424763544,20.19776440240754,9.092863284608772,0.0773860705073087,0.0,0.0,0.0,0.0,0.0,0.0,0.0,0.0,0.0,0.0,0.0,0.0,0.0,0.0,0.0,0.0,0.3936,0.01327,0.0,0.0,0.0,0.0,0.0,0.0,0.0,0.0,0.0,0.0,0.5129390018484289,20.073937153419564,9.399260628465806,0.013863216266173756,0.0,0.0,0.0,0.0,0.0,0.0,0.0,0.0,0.0,0.0,0.0,0.0,0.0,0.0,0.0,0.0
50200,4212,2234,0.5303893637226971,1042,824,0.443019943019943,1136,0.5394112060778727,0.4400000000000001,3.1324570273003034,3.196726101003473,6.7539267015706805,2.108034851122086,9566.157644824312,1612.0142917364426,7853.0,11083.0,11083.0,0.0,7853.0,0.0,27.90289648622982,20.750846872630408,32.63061797752809,19.09047988108245,0.13129154795821463,0.10351377018043685,0.09971509971509972,0.08855650522317189,0.07834757834757834,0.07336182336182336,0.06718898385565052,0.06742640075973409,0.05911680911680912,0.055080721747388414,0.045584045584045586,0.03608736942070275,0.035375118708452044,0.027540360873694207,0.014482431149097816,0.010208926875593542,0.007122507122507123,0.925971604480363,0.022998111066560203,0.0,0.0,0.0,0.0,0.0,0.0,0.0,0.0,0.0,0.0,0.0,0.0,0.0,0.0,0.0,0.0,0.0,0.0,0.0,0.0,0.0,0.0,0.0,0.0,0.0,0.16381766381766386,3.660968660968662,14.68660968660969,10.434472934472936,1.0541310541310545,4.365191521011528,2.9632295914910043,nan,nan,nan,4.351851851851852,2.9577106224578964,4.378640776699029,2.9687228322676367,1.0061557529436067,0.3928,0.01322,0.0,0.0,0.0,0.0,0.0,0.0,0.0,0.0,0.0,0.0,0.6837606837606839,20.256410256410227,9.031339031339034,0.028490028490028498,0.0,0.0,0.0,0.0,0.0,0.0,0.0,0.0,0.0,0.0,0.0,0.0,0.0,0.0,0.0,0.0,nan,nan,4.365191521011528,2.9632295914910043,nan,0.3928,0.06354,0.0,0.0,0.0,0.0,0.0,0.0,0.0,0.0,0.0,0.0,0.0,1.1870845204178537e-05,0.0,0.0,0.0,0.00026115859449192785,0.0,0.0,0.002623456790123457,0.0,0.0003205128205128205,0.007288698955365622,0.00105650522317189,0.0,0.010743114909781576,0.010173314339981006,0.002979582146248813,0.0009852801519468187,0.004202279202279203,0.015147198480531815,0.021771130104463438,0.013259734093067426,0.040527065527065524,0.03189696106362773,0.0556980056980057,0.04245014245014245,0.06854226020892687,0.05429724596391263,0.09688983855650522,0.04357787274453941,0.08764245014245015,0.05022554605887939,0.04886039886039886,0.05778727445394112,0.03156457739791073,0.047530864197530866,0.03723884140550807,0.013224121557454891,0.0123338081671415,0.01721272554605888,0.019610636277302945,0.023979107312440646,0.016227445394112062,0.0032407407407407406,0.0037155745489078824,2.3741690408357073e-05,0.00021367521367521368,2.3741690408357073e-05,0.00022554605887939222,0.004309116809116809,3.561253561253561e-05,2.3741690408357073e-05,0.0,4.748338081671415e-05,0.0,0.0,0.0,0.0,0.0,0.0,0.0,0.0,0.0,0.0,0.0,0.0,0.0,0.0,0.0,0.0,0.0,0.0,0.0,0.0,0.0,0.0,0.0,0.0,0.0,0.0,0.0,0.0,0.0,0.0,0.0,0.0,0.0,0.0,0.0,0.0,0.0,nan,nan,4.365191521011528,2.9632295914910043,nan,0.9257369709793969,0.022773294008809508,0.0,0.0,0.0,0.0,0.0,0.0,0.0,0.0,0.0,0.0,0.0,0.0,0.0,0.0,0.0,0.0,0.0,0.0,0.0,0.0,0.0,0.0,0.0,0.0,0.0,0.13428827215756492,3.733213965980305,14.610564010743065,10.555058191584603,0.9668755595344676,0.9262366051078446,0.023246563106917573,0.0,0.0,0.0,0.0,0.0,0.0,0.0,0.0,0.0,0.0,0.0,0.0,0.0,0.0,0.0,0.0,0.0,0.0,0.0,0.0,0.0,0.0,0.0,0.0,0.0,0.1971688574317493,3.5793731041456027,14.77249747219414,10.298281092012136,1.1526794742163804,0.393,0.01325,0.0,0.0,0.0,0.0,0.0,0.0,0.0,0.0,0.0,0.0,0.7385854968666072,20.116383169203193,9.104744852282902,0.04028648164726948,0.0,0.0,0.0,0.0,0.0,0.0,0.0,0.0,0.0,0.0,0.0,0.0,0.0,0.0,0.0,0.0,0.3928,0.01318,0.0,0.0,0.0,0.0,0.0,0.0,0.0,0.0,0.0,0.0,0.6218402426693631,20.414560161779544,8.948432760364005,0.015166835187057637,0.0,0.0,0.0,0.0,0.0,0.0,0.0,0.0,0.0,0.0,0.0,0.0,0.0,0.0,0.0,0.0
50300,4476,2295,0.5127345844504021,1100,913,0.4497319034852547,1258,0.5621090259159964,0.4240000000000001,2.974782209995415,3.194419496561721,6.753022452504318,2.310777561194439,9509.1327077748,1614.47610708586,7853.0,11083.0,11083.0,0.0,7853.0,0.0,27.676496872207327,20.788659344551874,32.79865951742627,18.988128034274517,0.14499553172475424,0.10031277926720286,0.09137622877569258,0.08489722966934764,0.08199285075960679,0.07707774798927614,0.06657730116175156,0.06769436997319035,0.054959785522788206,0.05138516532618409,0.04870420017873101,0.0388739946380697,0.03395889186773905,0.024128686327077747,0.01675603217158177,0.009606791778373548,0.006702412868632708,0.9252787058086028,0.02319814630123034,0.0,0.0,0.0,0.0,0.0,0.0,0.0,0.0,0.0,0.0,0.0,0.0,0.0,0.0,0.0,0.0,0.0,0.0,0.0,0.0,0.0,0.0,0.0,0.0,0.00670241286863271,0.20107238605898128,3.9745308310991967,14.912868632707777,9.805630026809654,1.0991957104557644,4.311869126348764,3.0268875884234854,nan,nan,nan,4.386331938633194,3.0055703870417827,4.2376650451702575,3.046172201809963,0.9661067845427901,0.3928,0.013535,0.0,0.0,0.0,0.0,0.0,0.0,0.0,0.0,0.0,0.0,0.7506702412868634,20.402144772117932,8.820375335120644,0.02680965147453084,0.0,0.0,0.0,0.0,0.0,0.0,0.0,0.0,0.0,0.0,0.0,0.0,0.0,0.0,0.0,0.0,nan,nan,4.311869126348764,3.0268875884234854,nan,0.3928,0.06335,0.0,0.0,0.0,0.0,0.0,0.0,0.0,0.0,0.0,0.0,0.0,0.0,0.0,0.0,0.0,0.0004579982126899017,0.0,0.0,0.0025022341376228774,0.0,5.585344057193923e-05,0.006791778373547811,0.0006590705987488829,0.0,0.011706881143878464,0.010433422698838249,0.002680965147453083,0.0013628239499553173,0.004557640750670241,0.015359696157283288,0.021592940125111707,0.012466487935656837,0.04069481680071493,0.03105451295799821,0.05539544235924933,0.04305183199285076,0.06699061662198391,0.05548480786416443,0.099452636282395,0.0439343163538874,0.0877792672028597,0.049597855227882036,0.05040214477211796,0.057026362823949954,0.032752457551385165,0.04545352993744415,0.036159517426273456,0.015046916890080428,0.010813226094727435,0.016420911528150135,0.02115728328865058,0.023570151921358355,0.015136282394995532,0.002915549597855228,0.004110813226094728,1.1170688114387846e-05,0.000290437890974084,1.1170688114387846e-05,0.000435656836461126,0.00409964253798034,0.0,0.0,0.0,0.00011170688114387846,0.0,1.1170688114387846e-05,0.0,0.0,0.0,0.0,0.0,0.0,0.0,0.0,0.0,0.0,0.0,0.0,0.0,0.0,0.0,0.0,0.0,0.0,0.0,0.0,0.0,0.0,0.0,0.0,0.0,0.0,0.0,0.0,0.0,0.0,0.0,0.0,0.0,0.0,0.0,nan,nan,4.311869126348764,3.0268875884234854,nan,0.924989481533275,0.023218029430325297,0.0,0.0,0.0,0.0,0.0,0.0,0.0,0.0,0.0,0.0,0.0,0.0,0.0,0.0,0.0,0.0,0.0,0.0,0.0,0.0,0.0,0.0,0.0,0.0,0.013071895424836605,0.18300653594771246,3.973856209150328,15.006535947712422,9.764705882352942,1.058823529411765,0.9255830477214307,0.023173308058565056,0.0,0.0,0.0,0.0,0.0,0.0,0.0,0.0,0.0,0.0,0.0,0.0,0.0,0.0,0.0,0.0,0.0,0.0,0.0,0.0,0.0,0.0,0.0,0.0,0.0,0.22008253094910596,3.9752407152682263,14.814305364511695,9.84869325997249,1.1416781292984872,0.3928,0.01356,0.0,0.0,0.0,0.0,0.0,0.0,0.0,0.0,0.0,0.0,0.7189542483660133,20.431372549019578,8.836601307189545,0.013071895424836605,0.0,0.0,0.0,0.0,0.0,0.0,0.0,0.0,0.0,0.0,0.0,0.0,0.0,0.0,0.0,0.0,0.3926,0.013504,0.0,0.0,0.0,0.0,0.0,0.0,0.0,0.0,0.0,0.0,0.78404401650619,20.371389270976586,8.803301237964238,0.041265474552957364,0.0,0.0,0.0,0.0,0.0,0.0,0.0,0.0,0.0,0.0,0.0,0.0,0.0,0.0,0.0,0.0
50400,4560,2324,0.5096491228070176,1106,934,0.4473684210526316,1297,0.5688596491228071,0.4120000000000001,2.9991055456171734,3.109797418976229,6.534668721109399,2.2064026295302277,9499.166666666666,1614.699241000902,7853.0,11083.0,11083.0,0.0,7853.0,0.0,28.353947368421053,21.090452280611213,33.15737619911849,19.3816082687696,0.1355263157894737,0.09780701754385965,0.09517543859649123,0.08399122807017544,0.08157894736842106,0.07543859649122807,0.06864035087719299,0.06271929824561404,0.05921052631578947,0.04956140350877193,0.05175438596491228,0.03640350877192983,0.03508771929824561,0.027412280701754384,0.02149122807017544,0.01030701754385965,0.007894736842105263,0.9257770274945518,0.022986537122886484,0.0,0.0,0.0,0.0,0.0,0.0,0.0,0.0,0.0,0.0,0.0,0.0,0.0,0.0,0.0,0.0,0.0,0.0,0.0,0.0,0.0,0.0,0.0,0.0,0.0,0.15789473684210528,3.5921052631578956,15.013157894736846,10.171052631578949,1.0657894736842106,4.346608167397908,2.889752479575089,nan,nan,nan,4.398801597869507,2.883919077042016,4.292950034223135,2.8947564511131363,0.9759362723479867,0.3928,0.01377,0.0,0.0,0.0,0.0,0.0,0.0,0.0,0.0,0.0,0.0,0.8618421052631581,19.92105263157892,9.17763157894737,0.03947368421052632,0.0,0.0,0.0,0.0,0.0,0.0,0.0,0.0,0.0,0.0,0.0,0.0,0.0,0.0,0.0,0.0,nan,nan,4.346608167397908,2.889752479575089,nan,0.3928,0.0633,0.0,0.0,0.0,0.0,0.0,0.0,0.0,0.0,0.0,0.0,0.0,0.0,0.0,0.0,0.0,0.0004166666666666667,2.1929824561403507e-05,0.0,0.0025,0.0,0.00018640350877192983,0.006359649122807017,0.0005372807017543859,3.289473684210526e-05,0.010712719298245615,0.010866228070175439,0.002368421052631579,0.0008552631578947369,0.0043969298245614035,0.015910087719298246,0.021414473684210525,0.012883771929824562,0.04256578947368421,0.03287280701754386,0.055745614035087716,0.04357456140350877,0.06450657894736841,0.057521929824561405,0.09599780701754386,0.04591008771929825,0.08423245614035088,0.04801535087719298,0.05106359649122807,0.05628289473684211,0.03662280701754386,0.04519736842105263,0.03529605263157895,0.015,0.011107456140350877,0.015997807017543858,0.02142543859649123,0.02405701754385965,0.01612938596491228,0.0021820175438596492,0.004331140350877193,0.00013157894736842105,0.0002631578947368421,0.0,0.0005482456140350877,0.003914473684210527,1.0964912280701754e-05,1.0964912280701754e-05,0.0,0.0,0.0,2.1929824561403507e-05,0.0,0.0,0.0,0.0,0.0,0.0,0.0,0.0,0.0,0.0,0.0,0.0,0.0,0.0,0.0,0.0,0.0,0.0,0.0,0.0,0.0,0.0,0.0,0.0,0.0,0.0,0.0,0.0,0.0,0.0,0.0,0.0,0.0,0.0,0.0,nan,nan,4.346608167397908,2.889752479575089,nan,0.926023220467075,0.023377732458730073,0.0,0.0,0.0,0.0,0.0,0.0,0.0,0.0,0.0,0.0,0.0,0.0,0.0,0.0,0.0,0.0,0.0,0.0,0.0,0.0,0.0,0.0,0.0,0.0,0.0,0.18072289156626511,3.433734939759037,14.948364888123928,10.236660929432015,1.2005163511187609,0.9255211453531638,0.022569916084620265,0.0,0.0,0.0,0.0,0.0,0.0,0.0,0.0,0.0,0.0,0.0,0.0,0.0,0.0,0.0,0.0,0.0,0.0,0.0,0.0,0.0,0.0,0.0,0.0,0.0,0.1341681574239714,3.756708407871199,15.080500894454387,10.102862254025046,0.9257602862254027,0.3928,0.013756,0.0,0.0,0.0,0.0,0.0,0.0,0.0,0.0,0.0,0.0,0.8907056798623065,20.073149741824412,9.010327022375217,0.025817555938037872,0.0,0.0,0.0,0.0,0.0,0.0,0.0,0.0,0.0,0.0,0.0,0.0,0.0,0.0,0.0,0.0,0.393,0.01378,0.0,0.0,0.0,0.0,0.0,0.0,0.0,0.0,0.0,0.0,0.8318425760286228,19.762969588550956,9.351520572450807,0.05366726296958856,0.0,0.0,0.0,0.0,0.0,0.0,0.0,0.0,0.0,0.0,0.0,0.0,0.0,0.0,0.0,0.0
50500,4411,2274,0.5155293584221265,1104,902,0.4547721605078214,1227,0.5563364316481524,0.4240000000000001,2.935891436593355,3.1112741332527545,6.660344827586207,2.138355769823,9518.159827703468,1614.220862114215,7853.0,11083.0,11083.0,0.0,7853.0,0.0,28.338018589888915,20.966939756393575,33.33135616069021,19.11972018608553,0.1396508728179551,0.09430968034459307,0.09249603264565857,0.08161414645205169,0.08546814781228747,0.07322602584447971,0.06755837678530946,0.06642484697347541,0.058490138290637046,0.05191566538199955,0.0510088415325323,0.04126048515075947,0.03196554069372024,0.029245069145318523,0.01858988891407844,0.010881886193606891,0.005894355021537067,0.9260805414339713,0.023179019700269685,0.0,0.0,0.0,0.0,0.0,0.0,0.0,0.0,0.0,0.0,0.0,0.0,0.0,0.0,0.0,0.0,0.0,0.0,0.0,0.0,0.0,0.0,0.0,0.0,0.0,0.17002947177510772,3.720244842439357,14.982997052822492,9.882112899569261,1.2446157333937884,4.184775086505191,2.875582089639976,nan,nan,nan,4.15003489183531,2.8630941468432978,4.218943033630748,2.887403971879146,1.0166042319140511,0.3926,0.01341,0.0,0.0,0.0,0.0,0.0,0.0,0.0,0.0,0.0,0.0,0.8229426433915215,20.614373158014025,8.542280661981412,0.020403536613012925,0.0,0.0,0.0,0.0,0.0,0.0,0.0,0.0,0.0,0.0,0.0,0.0,0.0,0.0,0.0,0.0,nan,nan,4.184775086505191,2.875582089639976,nan,0.3926,0.0631,0.0,0.0,0.0,0.0,0.0,0.0,0.0,0.0,0.0,0.0,0.0,0.0,0.0,0.0,0.0,0.00039673543414191795,2.2670596236681024e-05,1.1335298118340512e-05,0.0026297891634549987,0.0,0.00013602357742008615,0.0069145318521877126,0.000464747222851961,0.00010201768306506462,0.01084788029925187,0.01106325096350034,0.002097030151892995,0.0009408297438222625,0.0038880072545907957,0.017807753343912946,0.021605078213557016,0.012230786669689412,0.04232600317388347,0.03228292904103378,0.05426207209249603,0.044014962593516206,0.0651099523917479,0.05606438449331217,0.09619133983223759,0.04606665155293584,0.08523010655180231,0.0464180457946044,0.05018136476989345,0.057424620267513035,0.037519836771707095,0.045919292677397416,0.03470868283835865,0.014701881659487645,0.012956245749263205,0.01586941736567672,0.023407390614373157,0.02213783722511902,0.016243482203581953,0.0022897302199047834,0.003944683745182498,0.00012468827930174563,0.00020403536613012923,2.2670596236681024e-05,0.0005667649059170256,0.00265245975969168,0.0,0.0,0.0,0.0,0.0,0.0,0.0,0.0,0.0,0.0,0.0,0.0,0.0,0.0,0.0,0.0,0.0,0.0,0.0,0.0,0.0,0.0,0.0,0.0,0.0,0.0,0.0,0.0,0.0,0.0,0.0,0.0,0.0,0.0,0.0,0.0,0.0,0.0,0.0,0.0,0.0,nan,nan,4.184775086505191,2.875582089639976,nan,0.9260580012330698,0.023071711092215074,0.0,0.0,0.0,0.0,0.0,0.0,0.0,0.0,0.0,0.0,0.0,0.0,0.0,0.0,0.0,0.0,0.0,0.0,0.0,0.0,0.0,0.0,0.0,0.0,0.0,0.18469656992084438,3.6147757255936686,15.145118733509237,9.854881266490766,1.2005277044854883,0.9261045266547714,0.023292640837736318,0.0,0.0,0.0,0.0,0.0,0.0,0.0,0.0,0.0,0.0,0.0,0.0,0.0,0.0,0.0,0.0,0.0,0.0,0.0,0.0,0.0,0.0,0.0,0.0,0.0,0.15442208703790364,3.8324754328497903,14.810481984089849,9.911090313523633,1.2915301824988303,0.3928,0.01347,0.0,0.0,0.0,0.0,0.0,0.0,0.0,0.0,0.0,0.0,0.8047493403693934,20.5408970976253,8.627968337730872,0.02638522427440634,0.0,0.0,0.0,0.0,0.0,0.0,0.0,0.0,0.0,0.0,0.0,0.0,0.0,0.0,0.0,0.0,0.3926,0.01334,0.0,0.0,0.0,0.0,0.0,0.0,0.0,0.0,0.0,0.0,0.8423022929340198,20.692559663079052,8.451099672438,0.01403837154890033,0.0,0.0,0.0,0.0,0.0,0.0,0.0,0.0,0.0,0.0,0.0,0.0,0.0,0.0,0.0,0.0
50600,4286,2220,0.5179654689687354,1015,861,0.43770415305646293,1179,0.5501633224451703,0.4320000000000001,2.9704743465634076,3.1414845128386077,6.587188612099644,2.2265894630630365,9526.028464769015,1613.9571547214478,7853.0,11083.0,11083.0,0.0,7853.0,0.0,27.838544097060197,20.889976165135437,32.74541921154914,19.177648918734725,0.13929071395240317,0.10242650489967335,0.09892673821745217,0.08726084927671489,0.07209519365375641,0.07372841810545963,0.07139524031731218,0.06252916472235184,0.061829211385907606,0.05016332244517032,0.04969668688754083,0.034297713485767614,0.03243117125524965,0.02636490900606626,0.021465235650956604,0.011665888940737284,0.004433037797480168,0.9261646704644841,0.023412322430990205,0.0,0.0,0.0,0.0,0.0,0.0,0.0,0.0,0.0,0.0,0.0,0.0,0.0,0.0,0.0,0.0,0.0,0.0,0.0,0.0,0.0,0.0,0.0,0.0,0.0,0.13999066728884743,3.8217452169855353,14.622025198320115,10.163322445170323,1.2529164722351844,4.262114537444934,2.8887122859795134,nan,nan,nan,4.21688500727802,2.898497360518199,4.308148148148148,2.87798931488125,1.0216423119702374,0.3928,0.01317,0.0,0.0,0.0,0.0,0.0,0.0,0.0,0.0,0.0,0.0,0.5529631357909474,20.802613159122693,8.58842743817079,0.055996266915538974,0.0,0.0,0.0,0.0,0.0,0.0,0.0,0.0,0.0,0.0,0.0,0.0,0.0,0.0,0.0,0.0,nan,nan,4.262114537444934,2.8887122859795134,nan,0.3928,0.0627,0.0,0.0,0.0,0.0,0.0,0.0,0.0,0.0,0.0,0.0,0.0,0.0,0.0,0.0,0.0,0.0002916472235184321,0.0,0.0,0.002286514232384508,0.0,0.0001516565562295847,0.00622958469435371,0.0006066262249183388,0.0001516565562295847,0.011024265048996734,0.010674288380774615,0.002298180121325245,0.0010499300046663555,0.003406439570695287,0.015690620625291647,0.024148390107326178,0.013427438170788614,0.04104059729351377,0.03002799813345777,0.056626224918338776,0.04132057862809146,0.06643723751749883,0.05668455436304246,0.09945170321978535,0.04466868875408306,0.08539430704619692,0.04918338777414839,0.05076994867008866,0.057979468035464304,0.03741250583294447,0.04347876808212786,0.03586094260382641,0.013240783947736817,0.012482501166588894,0.01532897806812879,0.02280681287914139,0.0210569295380308,0.016355576294913673,0.0026831544563695755,0.003849743350443304,0.00026831544563695755,0.00019832011199253383,0.0,0.0006416238917405507,0.0032664489034064394,3.499766682221185e-05,1.1665888940737283e-05,0.0,0.0,0.0,0.0,0.0,0.0,0.0,0.0,0.0,0.0,0.0,0.0,0.0,0.0,0.0,0.0,0.0,0.0,0.0,0.0,0.0,0.0,0.0,0.0,0.0,0.0,0.0,0.0,0.0,0.0,0.0,0.0,0.0,0.0,0.0,0.0,0.0,0.0,0.0,nan,nan,4.262114537444934,2.8887122859795134,nan,0.9264984654413687,0.02332993846926303,0.0,0.0,0.0,0.0,0.0,0.0,0.0,0.0,0.0,0.0,0.0,0.0,0.0,0.0,0.0,0.0,0.0,0.0,0.0,0.0,0.0,0.0,0.0,0.0,0.0,0.13513513513513517,3.68918918918919,14.675675675675679,10.229729729729732,1.2702702702702704,0.9258059943518587,0.023495240404215377,0.0,0.0,0.0,0.0,0.0,0.0,0.0,0.0,0.0,0.0,0.0,0.0,0.0,0.0,0.0,0.0,0.0,0.0,0.0,0.0,0.0,0.0,0.0,0.0,0.0,0.14520813165537272,3.9641819941916756,14.564375605033886,10.091965150048404,1.2342691190706683,0.3928,0.01313,0.0,0.0,0.0,0.0,0.0,0.0,0.0,0.0,0.0,0.0,0.5270270270270271,20.716216216216186,8.689189189189191,0.06756756756756759,0.0,0.0,0.0,0.0,0.0,0.0,0.0,0.0,0.0,0.0,0.0,0.0,0.0,0.0,0.0,0.0,0.3926,0.013214,0.0,0.0,0.0,0.0,0.0,0.0,0.0,0.0,0.0,0.0,0.5808325266214909,20.8954501452081,8.480154888673768,0.043562439496611816,0.0,0.0,0.0,0.0,0.0,0.0,0.0,0.0,0.0,0.0,0.0,0.0,0.0,0.0,0.0,0.0
50700,4603,2443,0.5307408212035629,1139,922,0.44775146643493374,1295,0.5626765153160982,0.4040000000000001,3.035648148148148,3.0636953519456873,6.505564387917329,2.050720345207623,9567.292852487508,1611.94476625128,7853.0,11083.0,11083.0,0.0,7853.0,0.0,28.142950249837064,20.956499531989678,33.03559453185453,19.210622007754974,0.13686726048229417,0.1027590701716272,0.09037584184227677,0.08711709754507929,0.07799261351292636,0.07429936997610254,0.07212687377797089,0.05996089506843363,0.05713665001086248,0.05713665001086248,0.04670866825983055,0.04214642624375407,0.03302194221160113,0.026721703237019334,0.017814468824679557,0.009993482511405605,0.007820986313273952,0.927043077170318,0.023310636469848097,0.0,0.0,0.0,0.0,0.0,0.0,0.0,0.0,0.0,0.0,0.0,0.0,0.0,0.0,0.0,0.0,0.0,0.0,0.0,0.0,0.0,0.0,0.0,0.0,0.006517488594394961,0.18248968064305893,3.4086465348685646,14.814251575059746,10.271562024766459,1.3165326960677821,4.316053511705686,2.946702109401494,nan,nan,nan,4.391304347826087,2.964007834981875,4.242971887550201,2.9271385395979324,0.9662213209272735,0.393,0.01309,0.0,0.0,0.0,0.0,0.0,0.0,0.0,0.0,0.0,0.0,0.6256789050619163,20.71909624158155,8.622637410384533,0.03258744297197481,0.0,0.0,0.0,0.0,0.0,0.0,0.0,0.0,0.0,0.0,0.0,0.0,0.0,0.0,0.0,0.0,nan,nan,4.316053511705686,2.946702109401494,nan,0.393,0.0631,0.0,0.0,0.0,0.0,0.0,0.0,0.0,0.0,0.0,0.0,0.0,0.0,0.0,0.0,0.0,0.0001303497718878992,0.0,0.0,0.002357158374972844,1.0862480990658266e-05,8.689984792526613e-05,0.005920052139908755,0.000858135998262003,0.00033673691071040625,0.01059091896589181,0.011698892026938953,0.0029220073864870736,0.001260047794916359,0.002987182272431023,0.014316749945687594,0.023897458179448185,0.014816424071257875,0.04031066695633283,0.029252661307842712,0.058472735172713446,0.04183141429502498,0.06768411905279166,0.05565935259613296,0.0956550076037367,0.041777101890071694,0.08439061481642407,0.04975016293721486,0.05179230936345861,0.05772322398435803,0.037486421898761675,0.04230936345861395,0.0398218553117532,0.013795350858135998,0.011503367369107105,0.01578318487942646,0.021974799044101673,0.0214208125135781,0.017217032370193352,0.003801868346730393,0.0038779057136650013,0.0006191614164675212,0.0003910493156636976,0.0,0.0008689984792526613,0.002487508146860743,8.689984792526613e-05,6.51748859439496e-05,0.0,0.0,0.0,0.0,0.0,0.0,0.0,0.0,0.0,0.0,0.0,0.0,0.0,0.0,0.0,0.0,0.0,0.0,0.0,0.0,0.0,0.0,0.0,0.0,0.0,0.0,0.0,0.0,0.0,0.0,0.0,0.0,0.0,0.0,0.0,0.0,0.0,0.0,0.0,nan,nan,4.316053511705686,2.946702109401494,nan,0.9272430558405691,0.02291488342181547,0.0,0.0,0.0,0.0,0.0,0.0,0.0,0.0,0.0,0.0,0.0,0.0,0.0,0.0,0.0,0.0,0.0,0.0,0.0,0.0,0.0,0.0,0.0,0.0,0.0,0.18419975440032751,3.2050757265656986,15.018419975440036,10.253786328284898,1.3385182153090467,0.9268168975909551,0.023748265476601776,0.0,0.0,0.0,0.0,0.0,0.0,0.0,0.0,0.0,0.0,0.0,0.0,0.0,0.0,0.0,0.0,0.0,0.0,0.0,0.0,0.0,0.0,0.0,0.0,0.013888888888888892,0.1805555555555556,3.6388888888888897,14.583333333333337,10.291666666666668,1.291666666666667,0.393,0.01312,0.0,0.0,0.0,0.0,0.0,0.0,0.0,0.0,0.0,0.0,0.5894392140810479,20.556692591076516,8.804748260335653,0.049119934506754004,0.0,0.0,0.0,0.0,0.0,0.0,0.0,0.0,0.0,0.0,0.0,0.0,0.0,0.0,0.0,0.0,0.393,0.01306,0.0,0.0,0.0,0.0,0.0,0.0,0.0,0.0,0.0,0.0,0.6666666666666667,20.902777777777747,8.416666666666668,0.013888888888888892,0.0,0.0,0.0,0.0,0.0,0.0,0.0,0.0,0.0,0.0,0.0,0.0,0.0,0.0,0.0,0.0
50800,4382,2297,0.5241898676403469,1091,874,0.4484253765403925,1192,0.5440438156093108,0.4120000000000001,2.922781774580336,3.149555019059851,6.734177215189874,2.291553817406513,9546.13327247832,1613.10885923171,7853.0,11083.0,11083.0,0.0,7853.0,0.0,27.751026928343222,20.79113805956012,32.69278911564626,19.064274805339096,0.13874942948425376,0.10178000912825194,0.09790050205385668,0.08740301232314011,0.07348242811501597,0.07622090369694204,0.07439525330899133,0.06617982656321314,0.05248744865358284,0.054541305340027386,0.04472843450479233,0.039479689639434046,0.03423094477407576,0.025330899132816064,0.01734367868553172,0.007987220447284345,0.007759014148790507,0.9261235341069253,0.023411126998582523,0.0,0.0,0.0,0.0,0.0,0.0,0.0,0.0,0.0,0.0,0.0,0.0,0.0,0.0,0.0,0.0,0.0,0.0,0.0,0.0,0.0,0.0,0.0,0.006846188954815132,0.0,0.1506161570059334,3.628480146052032,14.8630762209037,10.057051574623461,1.2939297124600642,4.16797153024911,2.935772582131277,nan,nan,nan,4.193728222996516,2.9319985874959125,4.141090909090909,2.9394654261847575,0.9874485634007071,0.3933,0.01349,0.0,0.0,0.0,0.0,0.0,0.0,0.0,0.0,0.0,0.0,0.7393884071200367,19.97033318119577,9.256047466910088,0.03423094477407577,0.0,0.0,0.0,0.0,0.0,0.0,0.0,0.0,0.0,0.0,0.0,0.0,0.0,0.0,0.0,0.0,nan,nan,4.16797153024911,2.935772582131277,nan,0.3933,0.0634,0.0,0.0,0.0,0.0,0.0,0.0,0.0,0.0,0.0,0.0,0.0,0.0,0.0,0.0,0.0,5.705157462345961e-05,0.0,0.0,0.0025445002282062984,2.2820629849383842e-05,0.0,0.006207211319032405,0.001163852122318576,0.00017115472387037883,0.009128251939753538,0.012859424920127796,0.0026471930625285257,0.0010611592879963487,0.003080785029666819,0.013635326335006847,0.023083067092651757,0.015392514833409402,0.039411227749885896,0.028662711090826107,0.06436558649018713,0.04130534002738476,0.0689183021451392,0.05487220447284345,0.09318804198995892,0.04046097672295755,0.08346645367412141,0.04881332724783204,0.05222501141031492,0.05794157918758558,0.03901186672752168,0.04015289821999087,0.041373801916932906,0.013041989958922867,0.010383386581469648,0.015963030579644,0.02286627110908261,0.02261524418073939,0.01704701049748973,0.0033089913281606573,0.004153354632587859,0.0009128251939753537,0.0005134641716111365,1.1410314924691921e-05,0.000867183934276586,0.003046554084892743,4.5641259698767684e-05,0.0,0.0,0.0,0.0,0.0,0.0,0.0,0.0,0.0,0.0,0.0,0.0,0.0,0.0,0.0,0.0,0.0,0.0,0.0,0.0,0.0,0.0,0.0,0.0,0.0,0.0,0.0,0.0,0.0,0.0,0.0,0.0,0.0,0.0,0.0,0.0,0.0,0.0,0.0,0.0,nan,nan,4.16797153024911,2.935772582131277,nan,0.9258747070469854,0.023196694723699212,0.0,0.0,0.0,0.0,0.0,0.0,0.0,0.0,0.0,0.0,0.0,0.0,0.0,0.0,0.0,0.0,0.0,0.0,0.0,0.0,0.0,0.0,0.0,0.0,0.0,0.18284719198955163,3.7222464083587297,14.875925119721378,10.004353504571181,1.2146277753591643,0.9263976615681637,0.023642079675483346,0.0,0.0,0.0,0.0,0.0,0.0,0.0,0.0,0.0,0.0,0.0,0.0,0.0,0.0,0.0,0.0,0.0,0.0,0.0,0.0,0.0,0.0,0.0,0.01438848920863305,0.0,0.11510791366906478,3.5251798561151086,14.848920863309356,10.115107913669066,1.3812949640287773,0.393,0.013435,0.0,0.0,0.0,0.0,0.0,0.0,0.0,0.0,0.0,0.0,0.7836308228123642,20.06094906399649,9.12929908576404,0.026121027427078804,0.0,0.0,0.0,0.0,0.0,0.0,0.0,0.0,0.0,0.0,0.0,0.0,0.0,0.0,0.0,0.0,0.3936,0.01355,0.0,0.0,0.0,0.0,0.0,0.0,0.0,0.0,0.0,0.0,0.6906474820143886,19.870503597122273,9.395683453237412,0.04316546762589929,0.0,0.0,0.0,0.0,0.0,0.0,0.0,0.0,0.0,0.0,0.0,0.0,0.0,0.0,0.0,0.0
50900,4751,2461,0.5179962113239318,1174,961,0.4493790780888234,1338,0.5632498421384972,0.4040000000000001,2.8829694323144106,3.0591430577816907,6.615384615384615,2.1181799712329794,9526.1277625763,1613.9535814941746,7853.0,11083.0,11083.0,0.0,7853.0,0.0,27.527888865502,20.646354503097882,32.40882869325307,18.952540684623443,0.13912860450431488,0.10966112397390024,0.09177015365186277,0.08061460745106293,0.08314039149652705,0.07703641338665544,0.07051147126920648,0.06524942117448958,0.05767206903809724,0.05304146495474637,0.046727004841086085,0.03641338665544096,0.030730372553146704,0.0246263944432751,0.01768048831824879,0.010945064197011155,0.005051568090928225,0.9266503505444833,0.02293210825968992,0.0,0.0,0.0,0.0,0.0,0.0,0.0,0.0,0.0,0.0,0.0,0.0,0.0,0.0,0.0,0.0,0.0,0.0,0.0,0.0,0.0,0.0,0.0,0.0,0.0,0.1452325826141865,3.5297832035360983,15.047358450852455,10.02104820037887,1.2565775626183964,4.24072249589491,2.8862706780717153,nan,nan,nan,4.229595222295952,2.872721399118142,4.253090435914118,2.899818025433788,1.0055549555887318,0.3936,0.01333,0.0,0.0,0.0,0.0,0.0,0.0,0.0,0.0,0.0,0.0,0.5683014102294255,20.136813302462613,9.263312986739635,0.03157230056830142,0.0,0.0,0.0,0.0,0.0,0.0,0.0,0.0,0.0,0.0,0.0,0.0,0.0,0.0,0.0,0.0,nan,nan,4.24072249589491,2.8862706780717153,nan,0.3933,0.0634,0.0,0.0,0.0,0.0,0.0,0.0,0.0,0.0,0.0,0.0,0.0,0.0,0.0,0.0,0.0,6.314460113660282e-05,0.0,2.1048200378867608e-05,0.0024836876447063777,4.2096400757735216e-05,0.0,0.0068722374237002734,0.0010103136181856451,2.1048200378867608e-05,0.008387707850978742,0.013018311934329615,0.002894127552094296,0.0008629762155335719,0.0035360976636497577,0.01350242054304357,0.022700484108608712,0.015165228372974111,0.03857082719427489,0.02797305830351505,0.0663439275941907,0.039686381814354875,0.07098505577773101,0.05437802567880446,0.09384340138918122,0.04134918964428541,0.07881498631866975,0.05312565775626184,0.048958114081246056,0.058282466849084405,0.03816038728688697,0.04095979793727636,0.042927804672700486,0.013691854346453378,0.01090296779625342,0.016670174700063146,0.02191117659440118,0.022374237002736268,0.01654388549778994,0.004251736476531256,0.0036834350663018313,0.0007577352136392338,0.0005051568090928226,0.0,0.0006314460113660282,0.0030730372553146707,6.314460113660282e-05,0.0,0.0,0.0,0.0,0.0,0.0,0.0,0.0,0.0,0.0,0.0,0.0,0.0,0.0,0.0,0.0,0.0,0.0,0.0,0.0,0.0,0.0,0.0,0.0,0.0,0.0,0.0,0.0,0.0,0.0,0.0,0.0,0.0,0.0,0.0,0.0,0.0,0.0,0.0,0.0,nan,nan,4.24072249589491,2.8862706780717153,nan,0.9268036098898741,0.023310722649700664,0.0,0.0,0.0,0.0,0.0,0.0,0.0,0.0,0.0,0.0,0.0,0.0,0.0,0.0,0.0,0.0,0.0,0.0,0.0,0.0,0.0,0.0,0.0,0.0,0.0,0.1584721657862658,3.6082893132872824,14.872003250711096,9.947175944737912,1.4140593254774485,0.926485646942297,0.022516963325678124,0.0,0.0,0.0,0.0,0.0,0.0,0.0,0.0,0.0,0.0,0.0,0.0,0.0,0.0,0.0,0.0,0.0,0.0,0.0,0.0,0.0,0.0,0.0,0.0,0.0,0.1310043668122271,3.445414847161573,15.235807860262012,10.100436681222709,1.087336244541485,0.3936,0.01353,0.0,0.0,0.0,0.0,0.0,0.0,0.0,0.0,0.0,0.0,0.5485574969524585,19.687119057293753,9.739943112555872,0.024380333197887044,0.0,0.0,0.0,0.0,0.0,0.0,0.0,0.0,0.0,0.0,0.0,0.0,0.0,0.0,0.0,0.0,0.393,0.0131,0.0,0.0,0.0,0.0,0.0,0.0,0.0,0.0,0.0,0.0,0.589519650655022,20.620087336244513,8.75109170305677,0.03930131004366813,0.0,0.0,0.0,0.0,0.0,0.0,0.0,0.0,0.0,0.0,0.0,0.0,0.0,0.0,0.0,0.0
51000,4531,2387,0.5268152725667623,1141,886,0.44736261310968883,1210,0.534098433016994,0.4480000000000001,2.9584888059701493,3.096497291696964,6.585664335664336,2.160032070287872,9554.613330390643,1612.675767474244,7853.0,11083.0,11083.0,0.0,7853.0,0.0,27.89737364820128,20.909560690269846,32.866614048934494,19.165498448706582,0.14146987419995585,0.10461266828514677,0.09137055837563451,0.08099757227984992,0.07592143014787023,0.07790774663429706,0.07128669167954094,0.06974177885676451,0.056499668947252266,0.051864930478922974,0.043478260869565216,0.03972632972853675,0.032663871110130215,0.026925623482674906,0.020083866696093577,0.00904877510483337,0.00640035312293092,0.9281651043676167,0.02337087821805268,0.0,0.0,0.0,0.0,0.0,0.0,0.0,0.0,0.0,0.0,0.0,0.0,0.0,0.0,0.0,0.0,0.0,0.0,0.0,0.0,0.0,0.0,0.0,0.0,0.0,0.10593687927609802,3.416464356654161,14.301478702273233,10.540719487971751,1.6354005738247632,4.18595041322314,2.869977753586445,nan,nan,nan,4.240391334730957,2.905849107616427,4.130434782608695,2.832861862622887,0.9740692442177065,0.3928,0.013016,0.0,0.0,0.0,0.0,0.0,0.0,0.0,0.0,0.0,0.0,0.7018318252041494,20.67093356874859,8.594129331273452,0.03310527477378063,0.0,0.0,0.0,0.0,0.0,0.0,0.0,0.0,0.0,0.0,0.0,0.0,0.0,0.0,0.0,0.0,nan,nan,4.18595041322314,2.869977753586445,nan,0.3928,0.0631,0.0,0.0,0.0,0.0,0.0,0.0,0.0,0.0,0.0,0.0,0.0,0.0,0.0,0.0,0.0,0.0,0.0,7.724564113882145e-05,0.0028691238137276537,9.931582432134187e-05,6.621054954756124e-05,0.006323107481792099,0.0009379827852571177,0.0,0.008364599426175238,0.013010372986095784,0.0023063341425733834,0.0008055616861619952,0.0037298609578459503,0.013264180092694769,0.02393511366144339,0.01596777753255352,0.038766276760097106,0.02981681747958508,0.06990730523063342,0.03767380269256235,0.07117634076362833,0.05363054513352461,0.0876296623261973,0.040200838666960934,0.08148311630986538,0.05523063341425734,0.048764069741778854,0.059677775325535205,0.04175678658132863,0.040333259766056055,0.04218715515338777,0.014113882145221805,0.00902670492165085,0.015625689693224455,0.019476936658574265,0.023648201280070624,0.016320900463473845,0.0037077907746634296,0.0031339660119178987,0.0010041933348046788,0.0006841756786581328,0.0,0.00038622820569410727,0.0027918781725888324,8.828073273008166e-05,0.0,0.0,0.0,0.0,0.0,0.0,0.0,0.0,0.0,0.0,0.0,0.0,0.0,0.0,0.0,0.0,0.0,0.0,0.0,0.0,0.0,0.0,0.0,0.0,0.0,0.0,0.0,0.0,0.0,0.0,0.0,0.0,0.0,0.0,0.0,0.0,0.0,0.0,0.0,0.0,nan,nan,4.18595041322314,2.869977753586445,nan,0.9282389291919921,0.02341280115472335,0.0,0.0,0.0,0.0,0.0,0.0,0.0,0.0,0.0,0.0,0.0,0.0,0.0,0.0,0.0,0.0,0.0,0.0,0.0,0.0,0.0,0.0,0.0,0.0,0.0,0.10054461667364896,3.405948889819858,14.31503979891077,10.519480519480522,1.6589861751152077,0.9280829122707025,0.02332384021099258,0.0,0.0,0.0,0.0,0.0,0.0,0.0,0.0,0.0,0.0,0.0,0.0,0.0,0.0,0.0,0.0,0.0,0.0,0.0,0.0,0.0,0.0,0.0,0.0,0.0,0.11194029850746272,3.4281716417910455,14.28638059701493,10.564365671641793,1.6091417910447765,0.3933,0.012924,0.0,0.0,0.0,0.0,0.0,0.0,0.0,0.0,0.0,0.0,0.6158357771260998,20.58651026392959,8.759949727691664,0.037704231252618355,0.0,0.0,0.0,0.0,0.0,0.0,0.0,0.0,0.0,0.0,0.0,0.0,0.0,0.0,0.0,0.0,0.3926,0.01311,0.0,0.0,0.0,0.0,0.0,0.0,0.0,0.0,0.0,0.0,0.7975746268656718,20.764925373134297,8.409514925373136,0.02798507462686568,0.0,0.0,0.0,0.0,0.0,0.0,0.0,0.0,0.0,0.0,0.0,0.0,0.0,0.0,0.0,0.0
51100,5102,2676,0.524500196001568,1223,1030,0.44159153273226187,1419,0.5562524500196001,0.38000000000000006,2.983511953833471,3.102623712063988,6.568149210903874,2.1031550093889964,9547.135633085065,1613.0599962729923,7853.0,11083.0,11083.0,0.0,7853.0,0.0,28.12112896903175,21.003243772813544,32.970704487328526,19.310109585234613,0.13484907879263033,0.10290082320658565,0.09564876519012153,0.08878871030968248,0.0795766366130929,0.07056056448451588,0.06918855350842806,0.06330850646805175,0.061348490787926306,0.04625637005096041,0.04547236377891023,0.04037632301058409,0.03880831046648373,0.025872206977655823,0.01960015680125441,0.00999607996863975,0.007448059584476676,0.9270888583443296,0.02321639599645642,0.0,0.0,0.0,0.0,0.0,0.0,0.0,0.0,0.0,0.0,0.0,0.0,0.0,0.0,0.0,0.0,0.0,0.0,0.0,0.0,0.0,0.0,0.0,0.0,0.0,0.13524108192865544,3.5750686005488053,14.217953743629952,10.731085848686792,1.340650725205802,4.260511882998172,2.9065404790539575,nan,nan,nan,4.344701583434835,2.933582581477516,4.1762195121951216,2.87674364526888,0.9612212558206322,0.3933,0.01298,0.0,0.0,0.0,0.0,0.0,0.0,0.0,0.0,0.0,0.0,0.6585652685221484,20.18032144257151,9.14935319482556,0.011760094080752648,0.0,0.0,0.0,0.0,0.0,0.0,0.0,0.0,0.0,0.0,0.0,0.0,0.0,0.0,0.0,0.0,nan,nan,4.260511882998172,2.9065404790539575,nan,0.3933,0.06183,0.0,0.0,0.0,0.0,0.0,0.0,0.0,0.0,0.0,0.0,0.0,0.0,0.0,0.0,0.0,0.0,0.0,1.960015680125441e-05,0.001960015680125441,3.920031360250882e-05,2.9400235201881615e-05,0.005272442179537437,0.0008232065856526852,4.9000392003136025e-05,0.008369266954135634,0.011769894159153273,0.002009016072128577,0.0010388083104664837,0.003733829870638965,0.013857310858486868,0.023088984711877696,0.017326538612308897,0.03601528812230498,0.028175225401803214,0.07000196001568013,0.040297922383379065,0.07364758918071344,0.05217561740493924,0.0845452763622109,0.04031752254018032,0.08289886319090553,0.0562328498627989,0.0520188161505292,0.062220697765582124,0.04305174441395531,0.042826342610740885,0.03829870638965112,0.013318306546452371,0.00876127009016072,0.016189729517836142,0.01837514700117601,0.02517640141121129,0.01580752646021168,0.0029498235985887886,0.0027538220305762446,0.0007742061936495492,0.0008232065856526852,1.960015680125441e-05,0.0005684045472363779,0.002332418659349275,0.0,0.0,0.0,9.800078400627205e-06,2.9400235201881615e-05,0.0,0.0,0.0,0.0,0.0,0.0,0.0,0.0,0.0,0.0,0.0,0.0,0.0,0.0,0.0,0.0,0.0,0.0,0.0,0.0,0.0,0.0,0.0,0.0,0.0,0.0,0.0,0.0,0.0,0.0,0.0,0.0,0.0,0.0,0.0,0.0,nan,nan,4.260511882998172,2.9065404790539575,nan,0.9270200654530204,0.023525127030863596,0.0,0.0,0.0,0.0,0.0,0.0,0.0,0.0,0.0,0.0,0.0,0.0,0.0,0.0,0.0,0.0,0.0,0.0,0.0,0.0,0.0,0.0,0.0,0.0,0.0,0.14573991031390138,3.6547085201793728,14.114349775784756,10.594170403587446,1.4910313901345296,0.9271647403629378,0.02287077683076541,0.0,0.0,0.0,0.0,0.0,0.0,0.0,0.0,0.0,0.0,0.0,0.0,0.0,0.0,0.0,0.0,0.0,0.0,0.0,0.0,0.0,0.0,0.0,0.0,0.0,0.12366034624896952,3.4872217642209407,14.332234130255568,10.88211046990932,1.1747732893652103,0.3936,0.01294,0.0,0.0,0.0,0.0,0.0,0.0,0.0,0.0,0.0,0.0,0.5941704035874441,19.988789237668133,9.417040358744398,0.0,0.0,0.0,0.0,0.0,0.0,0.0,0.0,0.0,0.0,0.0,0.0,0.0,0.0,0.0,0.0,0.0,0.3933,0.01301,0.0,0.0,0.0,0.0,0.0,0.0,0.0,0.0,0.0,0.0,0.7295960428689202,20.39159109645504,8.854080791426217,0.024732069249793907,0.0,0.0,0.0,0.0,0.0,0.0,0.0,0.0,0.0,0.0,0.0,0.0,0.0,0.0,0.0,0.0
51200,4734,2419,0.5109843683988171,1146,994,0.452049007182087,1336,0.5644275454161386,0.4000000000000001,2.9174946004319655,3.0734170955240354,6.476708074534161,2.213962826980519,9503.479509928178,1614.6102329587957,7853.0,11083.0,11083.0,0.0,7853.0,0.0,27.955640050697085,20.97117483944892,33.076397672653684,19.160293709184778,0.1442754541613857,0.09759188846641319,0.09146599070553443,0.08639628221377271,0.0739332488381918,0.08111533586818757,0.06907477820025348,0.06506125897760878,0.060414026193493876,0.05302070130967469,0.0407689057879172,0.03760033798056612,0.03379805661174482,0.0287283481199831,0.018377693282636248,0.010984368398817067,0.007393324883819181,0.9273915589863004,0.023330509760512513,0.0,0.0,0.0,0.0,0.0,0.0,0.0,0.0,0.0,0.0,0.0,0.0,0.0,0.0,0.0,0.0,0.0,0.0,0.0,0.0,0.0,0.0,0.0,0.0,0.0,0.1457541191381496,3.4220532319391643,14.404309252218,10.652724968314326,1.375158428390368,4.202353710362864,2.8347619771177466,nan,nan,nan,4.212040133779264,2.843967185035694,4.19309462915601,2.825903814181297,0.9955020598043887,0.3926,0.01281,0.0,0.0,0.0,0.0,0.0,0.0,0.0,0.0,0.0,0.0,0.6273764258555135,20.79214195183774,8.574144486692017,0.006337135614702156,0.0,0.0,0.0,0.0,0.0,0.0,0.0,0.0,0.0,0.0,0.0,0.0,0.0,0.0,0.0,0.0,nan,nan,4.202353710362864,2.8347619771177466,nan,0.3926,0.0614,0.0,0.0,0.0,0.0,0.0,0.0,0.0,0.0,0.0,0.0,0.0,0.0,0.0,1.0561892691170258e-05,0.0,0.0,0.0,4.224757076468103e-05,0.0017849598648077736,6.337135614702154e-05,1.0561892691170258e-05,0.004604985213350232,0.0006865230249260667,3.168567807351077e-05,0.008027038445289396,0.010551330798479088,0.002418673426277989,0.0007287705956907478,0.003950147866497677,0.014765525982256021,0.023204478242501055,0.019455006337135615,0.03573088297422898,0.030608365019011406,0.06827207435572455,0.043060836501901144,0.07429235318969159,0.055111956062526404,0.08367131389945077,0.04271229404309252,0.08504435994930291,0.055935783692437686,0.04958808618504436,0.06104773975496409,0.03893113645965357,0.04063160118293198,0.039163498098859315,0.013170680185889311,0.008681875792141951,0.015716096324461342,0.018990283058724123,0.022676383607942545,0.015399239543726236,0.0033058724123362906,0.0028833967046894803,0.0008238276299112801,0.0010456273764258555,0.0,0.0008766370933671314,0.002291930713983946,0.0,0.0,0.0,0.0,0.0,0.0,0.0,0.0,0.0,0.0,0.0,0.0,0.0,0.0,0.0,0.0,0.0,0.0,0.0,0.0,0.0,0.0,0.0,0.0,0.0,0.0,0.0,0.0,0.0,0.0,0.0,0.0,0.0,0.0,0.0,0.0,0.0,0.0,0.0,0.0,0.0,nan,nan,4.202353710362864,2.8347619771177466,nan,0.9274019752715726,0.023413214971736113,0.0,0.0,0.0,0.0,0.0,0.0,0.0,0.0,0.0,0.0,0.0,0.0,0.0,0.0,0.0,0.0,0.0,0.0,0.0,0.0,0.0,0.0,0.0,0.0,0.0,0.16122364613476647,3.497312939231088,14.175279040926005,10.752377015295579,1.4138073584125677,0.927380674755599,0.023243769675495032,0.0,0.0,0.0,0.0,0.0,0.0,0.0,0.0,0.0,0.0,0.0,0.0,0.0,0.0,0.0,0.0,0.0,0.0,0.0,0.0,0.0,0.0,0.0,0.0,0.0,0.12958963282937366,3.3434125269978408,14.643628509719226,10.548596112311017,1.334773218142549,0.393,0.01274,0.0,0.0,0.0,0.0,0.0,0.0,0.0,0.0,0.0,0.0,0.6324927656056223,20.388590326581202,8.978916907813147,0.0,0.0,0.0,0.0,0.0,0.0,0.0,0.0,0.0,0.0,0.0,0.0,0.0,0.0,0.0,0.0,0.0,0.3923,0.01286,0.0,0.0,0.0,0.0,0.0,0.0,0.0,0.0,0.0,0.0,0.6220302375809936,21.213822894168434,8.151187904967605,0.012958963282937368,0.0,0.0,0.0,0.0,0.0,0.0,0.0,0.0,0.0,0.0,0.0,0.0,0.0,0.0,0.0,0.0
51300,4702,2482,0.5278604849000426,1167,957,0.4517226712037431,1307,0.5559336452573373,0.3960000000000001,2.92027027027027,3.044333670037098,6.403846153846154,2.1297009726113236,9557.989366227137,1612.4909035297032,7853.0,11083.0,11083.0,0.0,7853.0,0.0,28.81518502764781,21.237103053517096,33.94727503168568,19.322249127171222,0.14057847724372607,0.09783071033602722,0.08017864738409188,0.0842194810718843,0.07698851552530837,0.07316035729476818,0.06933219906422798,0.06592939174819226,0.06082518077413866,0.057422373458102936,0.04870267971076138,0.04636324968098681,0.03253934495959166,0.025946405784772437,0.01786473840918758,0.012973202892386218,0.009145044661846022,0.9269013583710831,0.023406725605000154,0.0,0.0,0.0,0.0,0.0,0.0,0.0,0.0,0.0,0.0,0.0,0.0,0.0,0.0,0.0,0.0,0.0,0.0,0.0,0.0,0.0,0.0,0.0,0.0,0.0,0.17226712037430886,3.5729476818375168,14.655465759251385,10.25308379413016,1.346235644406636,4.079159935379645,2.8351364425875305,nan,nan,nan,4.060450160771704,2.8427509982180554,4.098051948051948,2.827301287222494,1.009260497184159,0.3928,0.012665,0.0,0.0,0.0,0.0,0.0,0.0,0.0,0.0,0.0,0.0,0.6316461080391323,20.761378136962964,8.59421522756274,0.012760527435133989,0.0,0.0,0.0,0.0,0.0,0.0,0.0,0.0,0.0,0.0,0.0,0.0,0.0,0.0,0.0,0.0,nan,nan,4.079159935379645,2.8351364425875305,nan,0.3928,0.06186,0.0,0.0,0.0,0.0,0.0,0.0,0.0,0.0,0.0,0.0,0.0,0.0,0.0,0.0,0.0,0.0,0.0,2.126754572522331e-05,0.0014568268821777968,6.380263717566993e-05,2.126754572522331e-05,0.0054232241599319435,0.001509995746490855,8.507018290089324e-05,0.00790089323692046,0.012037430880476393,0.003222033177371331,0.000616758826031476,0.004381114419396002,0.014313058273075286,0.02236282433007231,0.01804551254785198,0.034485325393449597,0.030253083794130158,0.06673755848575075,0.04284347086346236,0.0744576775840068,0.05321139940450872,0.08532539344959592,0.04021692896639728,0.08569757549978732,0.05659293917481922,0.04989366227137388,0.06182475542322416,0.0388664398128456,0.042077839217354314,0.03889834113143343,0.014185452998723947,0.010857082092726499,0.014281156954487452,0.018662271373883453,0.022926414291790726,0.014685240323266695,0.0032539344959591665,0.0033709059974478947,0.0007975329646958741,0.000988940876222884,0.0,0.0012122501063377286,0.001935346660995321,0.0,0.0,0.0,0.0,0.0,0.0,0.0,0.0,0.0,0.0,0.0,0.0,0.0,0.0,0.0,0.0,0.0,0.0,0.0,0.0,0.0,0.0,0.0,0.0,0.0,0.0,0.0,0.0,0.0,0.0,0.0,0.0,0.0,0.0,0.0,0.0,0.0,0.0,0.0,0.0,0.0,nan,nan,4.079159935379645,2.8351364425875305,nan,0.9268634784231256,0.023630889535039622,0.0,0.0,0.0,0.0,0.0,0.0,0.0,0.0,0.0,0.0,0.0,0.0,0.0,0.0,0.0,0.0,0.0,0.0,0.0,0.0,0.0,0.0,0.0,0.0,0.0,0.22965350523771158,3.601933924254634,14.431909750201454,10.419016921837231,1.317485898468977,0.9269437088354214,0.02315346347680271,0.0,0.0,0.0,0.0,0.0,0.0,0.0,0.0,0.0,0.0,0.0,0.0,0.0,0.0,0.0,0.0,0.0,0.0,0.0,0.0,0.0,0.0,0.0,0.0,0.0,0.10810810810810813,3.5405405405405412,14.905405405405409,10.067567567567568,1.3783783783783785,0.3928,0.01261,0.0,0.0,0.0,0.0,0.0,0.0,0.0,0.0,0.0,0.0,0.5922643029814667,20.88638195004026,8.497179693795328,0.02417405318291701,0.0,0.0,0.0,0.0,0.0,0.0,0.0,0.0,0.0,0.0,0.0,0.0,0.0,0.0,0.0,0.0,0.3928,0.012726,0.0,0.0,0.0,0.0,0.0,0.0,0.0,0.0,0.0,0.0,0.6756756756756758,20.621621621621593,8.702702702702704,0.0,0.0,0.0,0.0,0.0,0.0,0.0,0.0,0.0,0.0,0.0,0.0,0.0,0.0,0.0,0.0,0.0
51400,4456,2306,0.5175044883303411,1111,887,0.4483842010771993,1282,0.5754039497307002,0.4120000000000001,3.0697674418604652,3.100152650684256,6.492260061919505,2.184047603045272,9524.539497307002,1614.0100015936307,7853.0,11083.0,11083.0,0.0,7853.0,0.0,28.296903052064632,20.78099336418859,33.0931281507031,18.994646101741584,0.13509874326750448,0.09537701974865351,0.09313285457809695,0.08213644524236983,0.08707360861759425,0.07719928186714542,0.07001795332136446,0.05834829443447038,0.06149012567324955,0.05296229802513465,0.0486983842010772,0.04510771992818671,0.03680430879712747,0.02199281867145422,0.018402154398563735,0.009649910233393177,0.006508078994614004,0.9271019977020832,0.02313130550496396,0.0,0.0,0.0,0.0,0.0,0.0,0.0,0.0,0.0,0.0,0.0,0.0,0.0,0.0,0.0,0.0,0.0,0.0,0.0,0.0,0.0,0.0,0.0,0.0,0.0,0.11445242369838422,3.56822262118492,14.245960502693002,10.846050269299822,1.225314183123878,4.319835277968428,2.841132909899429,nan,nan,nan,4.2666209732693625,2.8630237567651067,4.373195876288659,2.818002343692276,1.0249787604024343,0.3923,0.01247,0.0,0.0,0.0,0.0,0.0,0.0,0.0,0.0,0.0,0.0,0.6261220825852784,21.214093357271064,8.153052064631959,0.00673249551166966,0.0,0.0,0.0,0.0,0.0,0.0,0.0,0.0,0.0,0.0,0.0,0.0,0.0,0.0,0.0,0.0,nan,nan,4.319835277968428,2.841132909899429,nan,0.392,0.0615,0.0,0.0,0.0,0.0,0.0,0.0,0.0,0.0,0.0,0.0,0.0,0.0,0.0,0.0,0.0,0.0,0.0,0.0,0.001099640933572711,6.732495511669658e-05,0.00013464991023339317,0.0049708258527827644,0.0017392280071813284,0.00013464991023339317,0.007349640933572711,0.012028725314183124,0.0031306104129263912,0.0004937163375224417,0.005094254937163375,0.015372531418312388,0.02192549371633752,0.018480700179533214,0.03732046678635548,0.03217010771992819,0.06513689407540395,0.039250448833034114,0.07614452423698384,0.05408438061041292,0.08785906642728905,0.036882854578096945,0.08950852782764812,0.058662477558348296,0.04682450628366248,0.057731149012567325,0.041741472172351884,0.04234739676840216,0.03723070017953321,0.01513689407540395,0.010042639138240574,0.013610861759425493,0.018525583482944346,0.02203770197486535,0.013812836624775584,0.0031418312387791743,0.004275134649910233,0.0007966786355475763,0.0009649910233393178,7.854578096947935e-05,0.0009088868940754039,0.0017504488330341112,0.0,0.0,0.0,0.0,0.0,0.0,0.0,0.0,0.0,0.0,0.0,0.0,0.0,0.0,0.0,0.0,0.0,0.0,0.0,0.0,0.0,0.0,0.0,0.0,0.0,0.0,0.0,0.0,0.0,0.0,0.0,0.0,0.0,0.0,0.0,0.0,0.0,0.0,0.0,0.0,0.0,nan,nan,4.319835277968428,2.841132909899429,nan,0.9275959298234345,0.0230800530214606,0.0,0.0,0.0,0.0,0.0,0.0,0.0,0.0,0.0,0.0,0.0,0.0,0.0,0.0,0.0,0.0,0.0,0.0,0.0,0.0,0.0,0.0,0.0,0.0,0.0,0.11708586296617522,3.5255854293148317,14.284475281873377,10.784908933217697,1.2879444926279273,0.9265722267849501,0.023174452814617098,0.0,0.0,0.0,0.0,0.0,0.0,0.0,0.0,0.0,0.0,0.0,0.0,0.0,0.0,0.0,0.0,0.0,0.0,0.0,0.0,0.0,0.0,0.0,0.0,0.0,0.11162790697674421,3.613953488372094,14.204651162790702,10.911627906976745,1.1581395348837211,0.3923,0.01245,0.0,0.0,0.0,0.0,0.0,0.0,0.0,0.0,0.0,0.0,0.5984388551604511,21.283607979184705,8.104943625325241,0.013009540329575025,0.0,0.0,0.0,0.0,0.0,0.0,0.0,0.0,0.0,0.0,0.0,0.0,0.0,0.0,0.0,0.0,0.392,0.01248,0.0,0.0,0.0,0.0,0.0,0.0,0.0,0.0,0.0,0.0,0.6558139534883722,21.1395348837209,8.2046511627907,0.0,0.0,0.0,0.0,0.0,0.0,0.0,0.0,0.0,0.0,0.0,0.0,0.0,0.0,0.0,0.0,0.0
51500,4465,2252,0.504367301231803,1088,948,0.45599104143337066,1312,0.5876819708846585,0.4120000000000001,3.0,3.123457594956604,6.74685534591195,2.0141963574827004,9482.106382978724,1614.9383920011492,7853.0,11083.0,11083.0,0.0,7853.0,0.0,28.284434490481523,20.748333454558832,33.052353252247485,18.948757991416063,0.1343784994400896,0.0929451287793953,0.09182530795072788,0.0929451287793953,0.07995520716685331,0.07054871220604703,0.07502799552071669,0.0671892497200448,0.05711086226203808,0.053303471444568866,0.047928331466965284,0.04098544232922732,0.0335946248600224,0.030011198208286675,0.015005599104143338,0.012541993281075027,0.0047032474804031355,0.926722204765307,0.023067616533106464,0.0,0.0,0.0,0.0,0.0,0.0,0.0,0.0,0.0,0.0,0.0,0.0,0.0,0.0,0.0,0.0,0.0,0.0,0.0,0.0,0.0,0.0,0.0,0.0,0.0,0.12094064949608065,3.608062709966406,14.492721164613664,10.60246360582307,1.175811870100784,4.39494362828835,2.9552779284417636,nan,nan,nan,4.304231027535258,2.9307181763574697,4.488517745302714,2.9785898667243105,1.0428152477384522,0.3926,0.012375,0.0,0.0,0.0,0.0,0.0,0.0,0.0,0.0,0.0,0.0,0.6047032474804033,20.969764837625952,8.425531914893618,0.0,0.0,0.0,0.0,0.0,0.0,0.0,0.0,0.0,0.0,0.0,0.0,0.0,0.0,0.0,0.0,0.0,nan,nan,4.39494362828835,2.9552779284417636,nan,0.3926,0.061,0.0,0.0,0.0,0.0,0.0,0.0,0.0,0.0,0.0,0.0,0.0,0.0,0.0,0.0,0.0,0.0,0.0,0.0,0.001276595744680851,8.958566629339306e-05,8.958566629339306e-05,0.004636058230683091,0.0023292273236282194,0.0001455767077267637,0.007838745800671893,0.010996640537513997,0.003572228443449048,0.0005263157894736842,0.004412094064949608,0.015139977603583427,0.023113101903695407,0.015789473684210527,0.036629339305711085,0.030806270996640538,0.06347144456886898,0.04002239641657335,0.07432250839865621,0.05413213885778276,0.08741321388577827,0.03651735722284435,0.09211646136618142,0.060291153415453526,0.0483986562150056,0.058745800671892494,0.04132138857782755,0.0438969764837626,0.039552071668533036,0.014837625979843226,0.010201567749160135,0.013157894736842105,0.017793952967525197,0.022418812989921613,0.012866741321388578,0.0033370660694288915,0.004042553191489362,0.0003919372900335946,0.001433370660694289,3.35946248600224e-05,0.0009742441209406495,0.0009182530795072789,0.0,0.0,0.0,0.0,0.0,0.0,0.0,0.0,0.0,0.0,0.0,0.0,0.0,0.0,0.0,0.0,0.0,0.0,0.0,0.0,0.0,0.0,0.0,0.0,0.0,0.0,0.0,0.0,0.0,0.0,0.0,0.0,0.0,0.0,0.0,0.0,0.0,0.0,0.0,0.0,0.0,nan,nan,4.39494362828835,2.9552779284417636,nan,0.9264316873535593,0.022719557410437918,0.0,0.0,0.0,0.0,0.0,0.0,0.0,0.0,0.0,0.0,0.0,0.0,0.0,0.0,0.0,0.0,0.0,0.0,0.0,0.0,0.0,0.0,0.0,0.0,0.0,0.133214920071048,3.3969804618117236,14.90674955595027,10.417406749555951,1.1456483126110126,0.9270178420049164,0.02341279864956852,0.0,0.0,0.0,0.0,0.0,0.0,0.0,0.0,0.0,0.0,0.0,0.0,0.0,0.0,0.0,0.0,0.0,0.0,0.0,0.0,0.0,0.0,0.0,0.0,0.0,0.10845006778129239,3.822864889290557,14.071396294622687,10.790781744238592,1.2065070040668777,0.3926,0.012566,0.0,0.0,0.0,0.0,0.0,0.0,0.0,0.0,0.0,0.0,0.7193605683836591,20.66163410301951,8.619005328596804,0.0,0.0,0.0,0.0,0.0,0.0,0.0,0.0,0.0,0.0,0.0,0.0,0.0,0.0,0.0,0.0,0.0,0.3926,0.012184,0.0,0.0,0.0,0.0,0.0,0.0,0.0,0.0,0.0,0.0,0.48802530501581576,21.283325802078597,8.228648892905559,0.0,0.0,0.0,0.0,0.0,0.0,0.0,0.0,0.0,0.0,0.0,0.0,0.0,0.0,0.0,0.0,0.0
51600,4415,2310,0.5232163080407701,1118,876,0.45164212910532275,1196,0.5417893544733862,0.4240000000000001,2.9197149643705465,3.110890519408038,6.649122807017544,2.1083894915494934,9542.988674971688,1613.2581004371218,7853.0,11083.0,11083.0,0.0,7853.0,0.0,28.066364665911664,21.007077247569814,33.06207827260459,19.23741660333117,0.14133635334088335,0.09513023782559456,0.09445073612684032,0.08561721404303511,0.08357870894677237,0.07814269535673839,0.06409966024915062,0.06455266138165346,0.0579841449603624,0.05141562853907135,0.04711211778029445,0.039184597961494906,0.03533408833522084,0.022650056625141562,0.020385050962627407,0.012004530011325029,0.007021517553793885,0.9275498367651943,0.02331032118783636,0.0,0.0,0.0,0.0,0.0,0.0,0.0,0.0,0.0,0.0,0.0,0.0,0.0,0.0,0.0,0.0,0.0,0.0,0.0,0.0,0.0,0.0,0.0,0.0,0.0,0.1562853907134768,3.3431483578708954,14.684031710079278,10.2876557191393,1.528878822197056,4.185418857343148,2.9618980936255386,nan,nan,nan,4.187980433263452,2.921812862031934,4.182841068917019,3.0016944724780346,0.9987728299049313,0.392,0.01265,0.0,0.0,0.0,0.0,0.0,0.0,0.0,0.0,0.0,0.0,0.7406568516421294,21.390713476783663,7.868629671574181,0.0,0.0,0.0,0.0,0.0,0.0,0.0,0.0,0.0,0.0,0.0,0.0,0.0,0.0,0.0,0.0,0.0,nan,nan,4.185418857343148,2.9618980936255386,nan,0.392,0.06107,0.0,0.0,0.0,0.0,0.0,0.0,0.0,0.0,0.0,0.0,0.0,0.0,0.0,0.0,0.0,0.0,0.0,0.0,0.0014835787089467723,0.0,1.1325028312570781e-05,0.00463193657984145,0.0023669309173272933,0.00023782559456398642,0.0074858437146092865,0.011687429218573046,0.003839184597961495,0.0005775764439411099,0.004043035107587769,0.016806342015855038,0.023793884484711213,0.014586636466591167,0.0373272933182333,0.03099660249150623,0.06295583238958097,0.04028312570781427,0.07482446206115516,0.056998867497168745,0.08445073612684031,0.03647791619479049,0.09163080407701019,0.06365798414496036,0.04543601359003398,0.058357870894677234,0.0417440543601359,0.041993204983012455,0.038912797281993206,0.013816534541336353,0.010906002265005663,0.014824462061155152,0.017451868629671574,0.02158550396375991,0.013454133635334087,0.0031370328425821066,0.003975084937712345,0.00029445073612684034,0.0012684031710079274,5.662514156285391e-05,0.0007587768969422423,0.0008720271800679502,0.0,0.0,0.0,0.0,0.0,0.0,0.0,0.0,0.0,0.0,0.0,0.0,0.0,0.0,0.0,0.0,0.0,0.0,0.0,0.0,0.0,0.0,0.0,0.0,0.0,0.0,0.0,0.0,0.0,0.0,0.0,0.0,0.0,0.0,0.0,0.0,0.0,0.0,0.0,0.0,0.0,nan,nan,4.185418857343148,2.9618980936255386,nan,0.9274690269907832,0.023003614851126168,0.0,0.0,0.0,0.0,0.0,0.0,0.0,0.0,0.0,0.0,0.0,0.0,0.0,0.0,0.0,0.0,0.0,0.0,0.0,0.0,0.0,0.0,0.0,0.0,0.0,0.15584415584415587,3.3896103896103904,14.714285714285717,10.2987012987013,1.441558441558442,0.9276385163751181,0.02364200043215232,0.0,0.0,0.0,0.0,0.0,0.0,0.0,0.0,0.0,0.0,0.0,0.0,0.0,0.0,0.0,0.0,0.0,0.0,0.0,0.0,0.0,0.0,0.0,0.0,0.0,0.15676959619952496,3.2921615201900245,14.650831353919243,10.275534441805227,1.6247030878859863,0.392,0.01273,0.0,0.0,0.0,0.0,0.0,0.0,0.0,0.0,0.0,0.0,0.8051948051948054,21.155844155844125,8.038961038961041,0.0,0.0,0.0,0.0,0.0,0.0,0.0,0.0,0.0,0.0,0.0,0.0,0.0,0.0,0.0,0.0,0.0,0.392,0.01255,0.0,0.0,0.0,0.0,0.0,0.0,0.0,0.0,0.0,0.0,0.6698337292161521,21.648456057007095,7.681710213776724,0.0,0.0,0.0,0.0,0.0,0.0,0.0,0.0,0.0,0.0,0.0,0.0,0.0,0.0,0.0,0.0,0.0
51700,4533,2290,0.5051842047209354,1084,944,0.44738583719391134,1277,0.5634237811603794,0.4280000000000001,2.8756130182790907,3.1072589879561776,6.689045936395759,2.155309035914032,9484.744981248621,1614.9131882559454,7853.0,11083.0,11083.0,0.0,7853.0,0.0,27.190602250165455,20.620580038499615,32.15417106652587,18.929299097800442,0.14559894109861019,0.09905140083829693,0.09971321420692698,0.09199205823957644,0.08052062651665563,0.07390249283035517,0.06971100816236488,0.05846018089565409,0.059342598720494154,0.05294506949040371,0.04456210015442312,0.03419369071255239,0.03176704169424222,0.025810721376571807,0.017207147584381206,0.009927200529450696,0.005294506949040371,0.9282290190622661,0.023238694186612067,0.0,0.0,0.0,0.0,0.0,0.0,0.0,0.0,0.0,0.0,0.0,0.0,0.0,0.0,0.0,0.0,0.0,0.0,0.0,0.0,0.0,0.0,0.0,0.0,0.0,0.08603573792190605,3.3355393778954343,14.301786896095305,10.734612839179354,1.5420251489080083,4.320418848167539,2.902478660138474,nan,nan,nan,4.306406685236769,2.9029306412907494,4.334499650104968,2.9019562388277422,1.0065235280644784,0.393,0.01307,0.0,0.0,0.0,0.0,0.0,0.0,0.0,0.0,0.0,0.0,0.7213765718067507,20.13898080741228,9.099933818663139,0.03970880211780278,0.0,0.0,0.0,0.0,0.0,0.0,0.0,0.0,0.0,0.0,0.0,0.0,0.0,0.0,0.0,0.0,nan,nan,4.320418848167539,2.902478660138474,nan,0.393,0.06128,0.0,0.0,0.0,0.0,0.0,0.0,0.0,0.0,0.0,0.0,0.0,0.0,0.0,0.0,0.0,0.0,0.0,0.0,0.0013677476285020957,0.0,2.2060445621001544e-05,0.004048091771453783,0.002459739686741672,0.00011030222810500772,0.006044562100154423,0.01185748952128833,0.005084932715640856,0.0005515111405250386,0.0034524597396867417,0.01655636443856166,0.02444297374806971,0.01486874034855504,0.03515332009706596,0.030994926097507168,0.06446062210456652,0.03846238694021619,0.07463048753584822,0.05699316126185749,0.08263842929627178,0.03486653430399294,0.09071255239355835,0.06345687182881095,0.047628502095742334,0.05795279064637106,0.04365762188396206,0.04204720935362894,0.04058018971983234,0.013721597176262961,0.011471431722920804,0.014626075446724025,0.017626296051180233,0.022236929185969558,0.015122435473196558,0.0024487094639311716,0.0037061548643282593,0.0004632693580410324,0.001345687182881094,3.309066843150232e-05,0.001014780498566071,0.0010809618354290756,0.0,0.0,0.0,0.0,0.0,0.0,0.0,0.0,0.0,0.0,0.0,0.0,0.0,0.0,0.0,0.0,0.0,0.0,0.0,0.0,0.0,0.0,0.0,0.0,0.0,0.0,0.0,0.0,0.0,0.0,0.0,0.0,0.0,0.0,0.0,0.0,0.0,0.0,0.0,0.0,0.0,nan,nan,4.320418848167539,2.902478660138474,nan,0.9286234118272123,0.023640223330998755,0.0,0.0,0.0,0.0,0.0,0.0,0.0,0.0,0.0,0.0,0.0,0.0,0.0,0.0,0.0,0.0,0.0,0.0,0.0,0.0,0.0,0.0,0.0,0.0,0.0,0.1310043668122271,3.3799126637554595,13.912663755458519,10.965065502183409,1.6113537117903933,0.9278263621600249,0.02281443171327487,0.0,0.0,0.0,0.0,0.0,0.0,0.0,0.0,0.0,0.0,0.0,0.0,0.0,0.0,0.0,0.0,0.0,0.0,0.0,0.0,0.0,0.0,0.0,0.0,0.0,0.04012483281319662,3.290236290682123,14.69906375390103,10.499331252786448,1.4712438698172094,0.3928,0.01308,0.0,0.0,0.0,0.0,0.0,0.0,0.0,0.0,0.0,0.0,0.7205240174672491,20.318777292576392,8.921397379912666,0.03930131004366813,0.0,0.0,0.0,0.0,0.0,0.0,0.0,0.0,0.0,0.0,0.0,0.0,0.0,0.0,0.0,0.0,0.3933,0.01305,0.0,0.0,0.0,0.0,0.0,0.0,0.0,0.0,0.0,0.0,0.7222469906375392,19.955416852429753,9.282211324119485,0.04012483281319662,0.0,0.0,0.0,0.0,0.0,0.0,0.0,0.0,0.0,0.0,0.0,0.0,0.0,0.0,0.0,0.0
51800,4729,2486,0.5256925354197505,1185,936,0.44850919856206384,1297,0.5485303446817509,0.4160000000000001,3.057958091841284,3.0739485694181408,6.417758369723435,2.153195164095938,9550.986889405794,1612.8664471017896,7853.0,11083.0,11083.0,0.0,7853.0,0.0,27.879890040177628,20.85131373124087,32.90429292929293,19.06193207148821,0.142947769084373,0.09938676252907591,0.09198562063861282,0.08479593994502009,0.07697187566081624,0.07993233241700148,0.07062803975470501,0.06280397547050116,0.05328822161133432,0.05646013956438994,0.048636075280186084,0.042080778177204486,0.030027489955593147,0.026221188411926413,0.01670543455275957,0.009092831465426094,0.008035525481074222,0.928806366452104,0.023056248325831825,0.0,0.0,0.0,0.0,0.0,0.0,0.0,0.0,0.0,0.0,0.0,0.0,0.0,0.0,0.0,0.0,0.0,0.0,0.0,0.0,0.0,0.0,0.0,0.0,0.0,0.09515753859166845,3.108479593994503,14.140410234721932,11.19052653838021,1.4654260943116941,4.233355091383812,2.862273233727107,nan,nan,nan,4.178919973975277,2.8740416079204167,4.290956749672346,2.848146163427601,1.0268099835351696,0.3933,0.01268,0.0,0.0,0.0,0.0,0.0,0.0,0.0,0.0,0.0,0.0,0.551913723831677,20.389088602241458,9.033622330302391,0.02537534362444492,0.0,0.0,0.0,0.0,0.0,0.0,0.0,0.0,0.0,0.0,0.0,0.0,0.0,0.0,0.0,0.0,nan,nan,4.233355091383812,2.862273233727107,nan,0.3933,0.06085,0.0,0.0,0.0,0.0,0.0,0.0,0.0,0.0,0.0,0.0,0.0,0.0,0.0,0.0,0.0,0.0,0.0,0.0,0.0012476210615352083,0.0,0.0,0.0038063015436667373,0.002178050327764855,0.00010573059843518714,0.006058363290336224,0.011450623810530768,0.0046098540917741595,0.0009304292662296468,0.0034573905688306196,0.01580672446606048,0.02541763586381899,0.015595263269190104,0.03252273207866357,0.03239585536054134,0.0640093042926623,0.03656164093888772,0.0750792979488264,0.05506449566504546,0.08260731655741171,0.034743074645802494,0.09315923028124339,0.06520406005497992,0.04680693592725735,0.05961091139775851,0.04365616409388877,0.042990061323747095,0.03824275745400719,0.013290336223303023,0.012222457179107634,0.01704377246775217,0.018217382110382745,0.021801649397335587,0.015775005286529923,0.0021251850285472617,0.003108479593994502,0.00042292239374074856,0.0009304292662296468,0.0,0.0008035525481074223,0.0009304292662296468,0.0,1.0573059843518714e-05,0.0,0.0,0.0,0.0,0.0,0.0,0.0,0.0,0.0,0.0,0.0,0.0,0.0,0.0,0.0,0.0,0.0,0.0,0.0,0.0,0.0,0.0,0.0,0.0,0.0,0.0,0.0,0.0,0.0,0.0,0.0,0.0,0.0,0.0,0.0,0.0,0.0,0.0,0.0,nan,nan,4.233355091383812,2.862273233727107,nan,0.929119084069351,0.023106784013794835,0.0,0.0,0.0,0.0,0.0,0.0,0.0,0.0,0.0,0.0,0.0,0.0,0.0,0.0,0.0,0.0,0.0,0.0,0.0,0.0,0.0,0.0,0.0,0.0,0.0,0.10860820595333871,3.0410297666934842,14.167337087691074,11.114239742558329,1.5687851971037816,0.9284597699311605,0.02299513976647,0.0,0.0,0.0,0.0,0.0,0.0,0.0,0.0,0.0,0.0,0.0,0.0,0.0,0.0,0.0,0.0,0.0,0.0,0.0,0.0,0.0,0.0,0.0,0.0,0.0,0.08024966562639324,3.1832367365135985,14.110566205974145,11.275078020508252,1.3508693713776194,0.393,0.01255,0.0,0.0,0.0,0.0,0.0,0.0,0.0,0.0,0.0,0.0,0.4585679806918746,20.87691069991952,8.652453740949317,0.012067578439259858,0.0,0.0,0.0,0.0,0.0,0.0,0.0,0.0,0.0,0.0,0.0,0.0,0.0,0.0,0.0,0.0,0.3938,0.01281,0.0,0.0,0.0,0.0,0.0,0.0,0.0,0.0,0.0,0.0,0.6553722692822114,19.84841729826123,9.456085599643336,0.04012483281319662,0.0,0.0,0.0,0.0,0.0,0.0,0.0,0.0,0.0,0.0,0.0,0.0,0.0,0.0,0.0,0.0
51900,4670,2449,0.5244111349036402,1112,944,0.44025695931477515,1314,0.5627408993576017,0.4160000000000001,3.0792435839711843,3.1364046736672604,6.640062597809076,2.1329864732309143,9546.847965738758,1613.0740833262619,7853.0,11083.0,11083.0,0.0,7853.0,0.0,27.95032119914347,21.009880792219054,32.88197807800153,19.308676019547924,0.14089935760171307,0.10321199143468951,0.09764453961456103,0.08029978586723768,0.07773019271948609,0.07665952890792291,0.06188436830835118,0.06445396145610278,0.06445396145610278,0.05139186295503212,0.043254817987152035,0.03640256959314775,0.03747323340471092,0.028265524625267664,0.018629550321199142,0.011991434689507495,0.0053533190578158455,0.9290248885655046,0.023257810209734255,0.0,0.0,0.0,0.0,0.0,0.0,0.0,0.0,0.0,0.0,0.0,0.0,0.0,0.0,0.0,0.0,0.0,0.0,0.0,0.0,0.0,0.0,0.0,0.0,0.0,0.07708779443254819,3.07066381156317,13.920770877944328,11.421841541755892,1.5096359743040688,4.403691275167785,2.885357584063101,nan,nan,nan,4.362491716368456,2.881434026396138,4.445955132562882,2.888766474185562,1.019132051501958,0.393,0.0128,0.0,0.0,0.0,0.0,0.0,0.0,0.0,0.0,0.0,0.0,0.4946466809421842,20.44753747323338,9.044967880085654,0.012847965738758033,0.0,0.0,0.0,0.0,0.0,0.0,0.0,0.0,0.0,0.0,0.0,0.0,0.0,0.0,0.0,0.0,nan,nan,4.403691275167785,2.885357584063101,nan,0.393,0.06107,0.0,0.0,0.0,0.0,0.0,0.0,0.0,0.0,0.0,0.0,0.0,0.0,0.0,0.0,0.0,0.0,0.0,0.0,0.0013383297644539614,2.1413276231263384e-05,0.0,0.003715203426124197,0.0020235546038543896,3.2119914346895075e-05,0.0065203426124197,0.012387580299785867,0.005449678800856531,0.0006531049250535332,0.0035010706638115632,0.01633832976445396,0.024164882226980728,0.015856531049250534,0.03352248394004283,0.03296573875802998,0.0632441113490364,0.03872591006423983,0.07035331905781585,0.055278372591006424,0.08035331905781584,0.035246252676659526,0.0932441113490364,0.06586723768736617,0.04850107066381156,0.0595610278372591,0.045214132762312634,0.04224839400428265,0.03790149892933619,0.01367237687366167,0.010524625267665953,0.015717344753747323,0.020021413276231262,0.020963597430406853,0.01670235546038544,0.0023019271948608137,0.003233404710920771,0.00033190578158458244,0.0006852248394004283,0.0,0.0007922912205567452,0.0008244111349036403,0.0,0.0,0.0,0.0,0.0,0.0,0.0,0.0,0.0,0.0,0.0,0.0,0.0,0.0,0.0,0.0,0.0,0.0,0.0,0.0,0.0,0.0,0.0,0.0,0.0,0.0,0.0,0.0,0.0,0.0,0.0,0.0,0.0,0.0,0.0,0.0,0.0,0.0,0.0,0.0,0.0,nan,nan,4.403691275167785,2.885357584063101,nan,0.9287144519835893,0.02375407988182185,0.0,0.0,0.0,0.0,0.0,0.0,0.0,0.0,0.0,0.0,0.0,0.0,0.0,0.0,0.0,0.0,0.0,0.0,0.0,0.0,0.0,0.0,0.0,0.0,0.0,0.09799918334013885,3.258472846059617,13.683135973866888,11.40465496120866,1.5557370355247044,0.9293671934683009,0.02269309783985,0.0,0.0,0.0,0.0,0.0,0.0,0.0,0.0,0.0,0.0,0.0,0.0,0.0,0.0,0.0,0.0,0.0,0.0,0.0,0.0,0.0,0.0,0.0,0.0,0.0,0.054029716343989204,2.863574966231428,14.182800540297167,11.440792435839715,1.4588023412877087,0.393,0.01279,0.0,0.0,0.0,0.0,0.0,0.0,0.0,0.0,0.0,0.0,0.4532462229481422,20.51857901184154,9.003674969375258,0.024499795835034713,0.0,0.0,0.0,0.0,0.0,0.0,0.0,0.0,0.0,0.0,0.0,0.0,0.0,0.0,0.0,0.0,0.3933,0.012825,0.0,0.0,0.0,0.0,0.0,0.0,0.0,0.0,0.0,0.0,0.5402971634398921,20.369203061683898,9.090499774876184,0.0,0.0,0.0,0.0,0.0,0.0,0.0,0.0,0.0,0.0,0.0,0.0,0.0,0.0,0.0,0.0,0.0
52000,4864,2489,0.51171875,1180,960,0.4399671052631579,1347,0.5538651315789473,0.4320000000000001,2.9882105263157897,3.1348412127830145,6.618694362017804,2.1185224019851714,9505.8515625,1614.556366069735,7853.0,11083.0,11083.0,0.0,7853.0,0.0,27.99938322368421,20.98161102642797,33.03091265947007,19.195549304520654,0.14144736842105263,0.10115131578947369,0.09436677631578948,0.08490953947368421,0.07524671052631579,0.07771381578947369,0.06640625,0.061060855263157895,0.05592105263157895,0.05797697368421053,0.046463815789473686,0.044407894736842105,0.03186677631578947,0.023848684210526317,0.019325657894736843,0.01274671052631579,0.005139802631578948,0.9296694873391014,0.023220407523126887,0.0,0.0,0.0,0.0,0.0,0.0,0.0,0.0,0.0,0.0,0.0,0.0,0.0,0.0,0.0,0.0,0.0,0.0,0.0,0.0,0.0,0.0,0.0,0.0,0.0,0.10485197368421055,2.997532894736843,13.729440789473687,11.509046052631582,1.6591282894736845,4.374839537869063,2.940148986938314,nan,nan,nan,4.338627700127065,2.8981560360067062,4.411802853437095,2.981950152301171,1.0168659673905385,0.3933,0.012955,0.0,0.0,0.0,0.0,0.0,0.0,0.0,0.0,0.0,0.0,0.5612664473684211,20.396792763157865,9.004934210526317,0.037006578947368425,0.0,0.0,0.0,0.0,0.0,0.0,0.0,0.0,0.0,0.0,0.0,0.0,0.0,0.0,0.0,0.0,nan,nan,4.374839537869063,2.940148986938314,nan,0.3933,0.06082,0.0,0.0,0.0,0.0,0.0,0.0,0.0,0.0,0.0,0.0,0.0,0.0,0.0,0.0,0.0,0.0,0.0,0.0,0.001264391447368421,0.0,0.0,0.0039165296052631575,0.0017269736842105263,8.223684210526316e-05,0.007534950657894736,0.0115234375,0.006023848684210526,0.0007915296052631579,0.003988486842105263,0.015491365131578947,0.024105674342105265,0.015604440789473685,0.034025493421052634,0.03197985197368421,0.0604235197368421,0.03795230263157895,0.07040501644736842,0.05619860197368421,0.07763157894736843,0.0337890625,0.09306126644736842,0.066015625,0.05230263157894737,0.061543996710526315,0.046720805921052634,0.043379934210526314,0.040100740131578945,0.014072779605263158,0.0099609375,0.015111019736842105,0.019233141447368422,0.020733963815789475,0.016324013157894737,0.0019017269736842106,0.003011924342105263,0.0001850328947368421,0.00048314144736842104,0.0,0.0005653782894736842,0.0008326480263157895,0.0,0.0,0.0,0.0,0.0,0.0,0.0,0.0,0.0,0.0,0.0,0.0,0.0,0.0,0.0,0.0,0.0,0.0,0.0,0.0,0.0,0.0,0.0,0.0,0.0,0.0,0.0,0.0,0.0,0.0,0.0,0.0,0.0,0.0,0.0,0.0,0.0,0.0,0.0,0.0,0.0,nan,nan,4.374839537869063,2.940148986938314,nan,0.9299620852838227,0.023423500920198213,0.0,0.0,0.0,0.0,0.0,0.0,0.0,0.0,0.0,0.0,0.0,0.0,0.0,0.0,0.0,0.0,0.0,0.0,0.0,0.0,0.0,0.0,0.0,0.0,0.0,0.09642426677380476,3.0253113700281244,13.559662515066295,11.558858979509846,1.759742868621937,0.9293628446930333,0.02300164767250322,0.0,0.0,0.0,0.0,0.0,0.0,0.0,0.0,0.0,0.0,0.0,0.0,0.0,0.0,0.0,0.0,0.0,0.0,0.0,0.0,0.0,0.0,0.0,0.0,0.0,0.11368421052631582,2.9684210526315797,13.907368421052634,11.456842105263162,1.5536842105263162,0.3933,0.01292,0.0,0.0,0.0,0.0,0.0,0.0,0.0,0.0,0.0,0.0,0.49417436721574937,20.550421856167105,8.91924467657694,0.036159100040176785,0.0,0.0,0.0,0.0,0.0,0.0,0.0,0.0,0.0,0.0,0.0,0.0,0.0,0.0,0.0,0.0,0.3933,0.013,0.0,0.0,0.0,0.0,0.0,0.0,0.0,0.0,0.0,0.0,0.6315789473684211,20.23578947368418,9.094736842105265,0.037894736842105266,0.0,0.0,0.0,0.0,0.0,0.0,0.0,0.0,0.0,0.0,0.0,0.0,0.0,0.0,0.0,0.0
52100,4792,2448,0.5108514190317195,1156,996,0.44908180300500833,1410,0.5884808013355592,0.37600000000000006,2.842576791808874,2.8843545569110125,6.055555555555555,2.007405567644577,9503.050083472453,1614.6196120599348,7853.0,11083.0,11083.0,0.0,7853.0,0.0,28.695325542570952,20.88264757644974,33.48289441299532,19.055346162347643,0.13501669449081802,0.09035893155258765,0.08952420701168615,0.09119365609348914,0.07512520868113523,0.07679465776293823,0.06823873121869783,0.0676126878130217,0.059682804674457426,0.0582220367278798,0.046953255425709516,0.04382303839732888,0.03547579298831385,0.025041736227045076,0.018989983305509182,0.012520868113522538,0.005425709515859766,0.9306185915693019,0.022994086714425564,0.0,0.0,0.0,0.0,0.0,0.0,0.0,0.0,0.0,0.0,0.0,0.0,0.0,0.0,0.0,0.0,0.0,0.0,0.0,0.0,0.0,0.0,0.0,0.0,0.006260434056761271,0.07512520868113523,2.7420701168614365,13.366026711185311,12.151502504173626,1.6590150250417366,4.0938685208596715,2.713286190184045,nan,nan,nan,4.1570247933884295,2.6355454332020885,4.031426775612822,2.786610332862344,0.9697865603362852,0.3938,0.01288,0.0,0.0,0.0,0.0,0.0,0.0,0.0,0.0,0.0,0.0,0.4945742904841403,20.13981636060097,9.321786310517531,0.043823038397328894,0.0,0.0,0.0,0.0,0.0,0.0,0.0,0.0,0.0,0.0,0.0,0.0,0.0,0.0,0.0,0.0,nan,nan,4.0938685208596715,2.713286190184045,nan,0.3938,0.06128,0.0,0.0,0.0,0.0,0.0,0.0,0.0,0.0,0.0,0.0,0.0,0.0,0.0,0.0,0.0,0.0,0.0,0.0,0.001387729549248748,0.0,3.130217028380634e-05,0.004799666110183639,0.0019720367278797998,0.00010434056761268782,0.007460350584307178,0.012270450751252087,0.006771702838063439,0.00047996661101836396,0.003871035058430718,0.01507721202003339,0.021556761268781303,0.016725792988313858,0.03290901502504174,0.03374373956594324,0.059348914858096825,0.03617487479131887,0.06900041736227044,0.05299457429048414,0.08129173622704508,0.03138564273789649,0.08983722871452421,0.06673622704507512,0.053891903171953255,0.0623330550918197,0.0498330550918197,0.04203881469115192,0.04142320534223706,0.014534641068447412,0.01027754590984975,0.015400667779632721,0.021379382303839733,0.02021076794657763,0.016402337228714522,0.00162771285475793,0.002963272120200334,0.0001147746243739566,0.0006051752921535893,0.0,0.00020868113522537563,0.0008242904841402337,0.0,0.0,0.0,0.0,0.0,0.0,0.0,0.0,0.0,0.0,0.0,0.0,0.0,0.0,0.0,0.0,0.0,0.0,0.0,0.0,0.0,0.0,0.0,0.0,0.0,0.0,0.0,0.0,0.0,0.0,0.0,0.0,0.0,0.0,0.0,0.0,0.0,0.0,0.0,0.0,0.0,nan,nan,4.0938685208596715,2.713286190184045,nan,0.9305090301858834,0.02278917342002604,0.0,0.0,0.0,0.0,0.0,0.0,0.0,0.0,0.0,0.0,0.0,0.0,0.0,0.0,0.0,0.0,0.0,0.0,0.0,0.0,0.0,0.0,0.0,0.0,0.0,0.04901960784313727,2.745098039215687,13.357843137254905,12.254901960784316,1.5931372549019611,0.9307330140379916,0.02320560798842683,0.0,0.0,0.0,0.0,0.0,0.0,0.0,0.0,0.0,0.0,0.0,0.0,0.0,0.0,0.0,0.0,0.0,0.0,0.0,0.0,0.0,0.0,0.0,0.0,0.012798634812286692,0.10238907849829354,2.7389078498293524,13.374573378839594,12.043515358361779,1.7278156996587035,0.394,0.012764,0.0,0.0,0.0,0.0,0.0,0.0,0.0,0.0,0.0,0.0,0.4411764705882354,19.91421568627448,9.620098039215687,0.024509803921568634,0.0,0.0,0.0,0.0,0.0,0.0,0.0,0.0,0.0,0.0,0.0,0.0,0.0,0.0,0.0,0.0,0.3933,0.01299,0.0,0.0,0.0,0.0,0.0,0.0,0.0,0.0,0.0,0.0,0.5503412969283278,20.375426621160383,9.01023890784983,0.06399317406143346,0.0,0.0,0.0,0.0,0.0,0.0,0.0,0.0,0.0,0.0,0.0,0.0,0.0,0.0,0.0,0.0
52200,4401,2274,0.5167007498295841,1052,928,0.4498977505112474,1260,0.5725971370143149,0.4040000000000001,2.9713211095439584,3.109750093715038,6.702654867256637,2.160811883512222,9521.943421949556,1614.0988529914678,7853.0,11083.0,11083.0,0.0,7853.0,0.0,27.633265167007497,20.624415823415642,32.56624221078299,18.86166148886914,0.14337650533969554,0.10134060440808908,0.09316064530788457,0.08361735969097932,0.07793683253805953,0.07475573733242445,0.07430129516019086,0.06430356737105203,0.05953192456259941,0.05112474437627812,0.04930697568734379,0.04158145875937287,0.029765962281299706,0.023176550783912748,0.018404907975460124,0.00840718018632129,0.005907748239036582,0.9306134715781269,0.023396362828955165,0.0,0.0,0.0,0.0,0.0,0.0,0.0,0.0,0.0,0.0,0.0,0.0,0.0,0.0,0.0,0.0,0.0,0.0,0.0,0.0,0.0,0.0,0.0,0.0,0.0,0.06816632583503751,2.9447852760736204,13.251533742331292,11.963190184049083,1.7723244717109752,4.298401420959148,2.8614757775870374,nan,nan,nan,4.254249291784703,2.886390418654719,4.3428367783321455,2.835486297670674,1.020823294657065,0.3938,0.01302,0.0,0.0,0.0,0.0,0.0,0.0,0.0,0.0,0.0,0.0,0.4771642808452625,20.054533060668,9.43421949556919,0.034083162917518756,0.0,0.0,0.0,0.0,0.0,0.0,0.0,0.0,0.0,0.0,0.0,0.0,0.0,0.0,0.0,0.0,nan,nan,4.298401420959148,2.8614757775870374,nan,0.3938,0.0614,0.0,0.0,0.0,0.0,0.0,0.0,0.0,0.0,0.0,0.0,0.0,0.0,0.0,0.0,0.0,0.0,0.0,3.408316291751875e-05,0.0012610770279481937,1.1361054305839582e-05,6.81663258350375e-05,0.0042831174733015225,0.00326062258577596,3.408316291751875e-05,0.007077936832538059,0.01389456941604181,0.006941604180867984,0.0004317200636219041,0.004124062713019769,0.015576005453306067,0.020961145194274028,0.015541922290388548,0.03245853215178369,0.031390593047034766,0.05857759600090889,0.03733242444898886,0.0670756646216769,0.05324926153147012,0.0799931833674165,0.031197455123835493,0.09386503067484663,0.06833674164962508,0.052874346739377416,0.06390593047034765,0.04975005680527153,0.04076346284935242,0.040922517609634175,0.014326289479663712,0.010190865712338106,0.015564644399000228,0.020779368325380597,0.022381276982503976,0.015678254942058625,0.0019654623949102476,0.0027948193592365373,0.0001249715973642354,0.00042035900931606455,0.0,7.952738014087707e-05,0.0004998863894569416,0.0,0.0,0.0,0.0,0.0,0.0,0.0,0.0,0.0,0.0,0.0,0.0,0.0,0.0,0.0,0.0,0.0,0.0,0.0,0.0,0.0,0.0,0.0,0.0,0.0,0.0,0.0,0.0,0.0,0.0,0.0,0.0,0.0,0.0,0.0,0.0,0.0,0.0,0.0,0.0,0.0,nan,nan,4.298401420959148,2.8614757775870374,nan,0.930667859137635,0.02323182641076991,0.0,0.0,0.0,0.0,0.0,0.0,0.0,0.0,0.0,0.0,0.0,0.0,0.0,0.0,0.0,0.0,0.0,0.0,0.0,0.0,0.0,0.0,0.0,0.0,0.0,0.0395778364116095,2.941952506596307,13.36411609498681,11.926121372031666,1.7282321899736153,0.930555325216904,0.023570861475875744,0.0,0.0,0.0,0.0,0.0,0.0,0.0,0.0,0.0,0.0,0.0,0.0,0.0,0.0,0.0,0.0,0.0,0.0,0.0,0.0,0.0,0.0,0.0,0.0,0.0,0.09873060648801131,2.947813822284909,13.131170662905504,12.00282087447109,1.8194640338504942,0.394,0.01311,0.0,0.0,0.0,0.0,0.0,0.0,0.0,0.0,0.0,0.0,0.5013192612137204,20.03957783641158,9.419525065963063,0.0395778364116095,0.0,0.0,0.0,0.0,0.0,0.0,0.0,0.0,0.0,0.0,0.0,0.0,0.0,0.0,0.0,0.0,0.3936,0.012924,0.0,0.0,0.0,0.0,0.0,0.0,0.0,0.0,0.0,0.0,0.451339915373766,20.070521861777124,9.449929478138225,0.028208744710860375,0.0,0.0,0.0,0.0,0.0,0.0,0.0,0.0,0.0,0.0,0.0,0.0,0.0,0.0,0.0,0.0
52300,4522,2359,0.521671826625387,1141,916,0.4548872180451128,1263,0.5586023883237505,0.3960000000000001,2.9630143319463706,3.0483119591889394,6.505691056910569,2.084292818910211,9538.0,1613.4822589666117,7853.0,11083.0,11083.0,0.0,7853.0,0.0,28.170057496682883,20.598058514039078,33.013364779874216,18.760086863298582,0.13578062804068997,0.09575409111012827,0.08867757629367537,0.0875718708536046,0.08314904909332153,0.07695709862892526,0.07187085360459973,0.06435205661211853,0.06103494029190624,0.04953560371517028,0.047987616099071206,0.04909332153914197,0.03449800973020787,0.02321981424148607,0.01525873507297656,0.009287925696594427,0.005970809376382132,0.9294954885797446,0.022922472768555465,0.0,0.0,0.0,0.0,0.0,0.0,0.0,0.0,0.0,0.0,0.0,0.0,0.0,0.0,0.0,0.0,0.0,0.0,0.0,0.0,0.0,0.0,0.0,0.0,0.0,0.10614772224679347,2.7465723131357813,14.237063246351175,11.318000884564356,1.5922158337019021,4.195820694304011,2.8808040680335836,nan,nan,nan,4.128274009402284,2.8405699992940323,4.2638700947225985,2.9191971878042593,1.0328457086451845,0.3938,0.01303,0.0,0.0,0.0,0.0,0.0,0.0,0.0,0.0,0.0,0.0,0.5174701459531182,19.969040247677988,9.486952675807167,0.02653693056169837,0.0,0.0,0.0,0.0,0.0,0.0,0.0,0.0,0.0,0.0,0.0,0.0,0.0,0.0,0.0,0.0,nan,nan,4.195820694304011,2.8808040680335836,nan,0.3938,0.0616,0.0,0.0,0.0,0.0,0.0,0.0,0.0,0.0,0.0,0.0,0.0,0.0,0.0,0.0,0.0,0.0,0.0,5.528527200353826e-05,0.0011278195488721805,0.0,0.0,0.0034719150818222026,0.004080053073861123,0.00011057054400707652,0.007441397611676249,0.014042459088898717,0.006988058381247236,0.0009730207872622733,0.004511278195488722,0.016165413533834588,0.01953781512605042,0.01592215833701902,0.031689517912428126,0.030207872622733303,0.06055948695267581,0.03941839893852278,0.06821096859796551,0.05185758513931889,0.07828394515701018,0.031059265811587793,0.09444935869084475,0.0690734188412207,0.04735736399823087,0.06582264484741265,0.05165855816010615,0.039285714285714285,0.04138655462184874,0.014761167624944714,0.010515258735072976,0.014938080495356037,0.020123839009287926,0.021107916850950908,0.017381689517912427,0.0024214949137549755,0.0027310924369747898,0.00022114108801415304,0.0002764263600176913,0.0,0.00016585581601061478,0.0006081379920389209,0.0,0.0,0.0,0.0,0.0,0.0,0.0,0.0,0.0,0.0,0.0,0.0,0.0,0.0,0.0,0.0,0.0,0.0,0.0,0.0,0.0,0.0,0.0,0.0,0.0,0.0,0.0,0.0,0.0,0.0,0.0,0.0,0.0,0.0,0.0,0.0,0.0,0.0,0.0,0.0,0.0,nan,nan,4.195820694304011,2.8808040680335836,nan,0.9296174568612477,0.022839958710108927,0.0,0.0,0.0,0.0,0.0,0.0,0.0,0.0,0.0,0.0,0.0,0.0,0.0,0.0,0.0,0.0,0.0,0.0,0.0,0.0,0.0,0.0,0.0,0.0,0.0,0.1017380245866893,2.543450614667232,14.357778719796528,11.318355235269184,1.6786774056803735,0.9293624681562281,0.023011389546477867,0.0,0.0,0.0,0.0,0.0,0.0,0.0,0.0,0.0,0.0,0.0,0.0,0.0,0.0,0.0,0.0,0.0,0.0,0.0,0.0,0.0,0.0,0.0,0.0,0.0,0.11095700416088768,2.9680998613037457,14.105409153952847,11.317614424410543,1.4979195561719838,0.3933,0.01311,0.0,0.0,0.0,0.0,0.0,0.0,0.0,0.0,0.0,0.0,0.546841882153455,20.449342941924513,8.965663416701993,0.038151759220008484,0.0,0.0,0.0,0.0,0.0,0.0,0.0,0.0,0.0,0.0,0.0,0.0,0.0,0.0,0.0,0.0,0.394,0.012924,0.0,0.0,0.0,0.0,0.0,0.0,0.0,0.0,0.0,0.0,0.4854368932038836,19.445214979195534,10.055478502080446,0.01386962552011096,0.0,0.0,0.0,0.0,0.0,0.0,0.0,0.0,0.0,0.0,0.0,0.0,0.0,0.0,0.0,0.0
52400,4426,2258,0.5101671938544962,1088,906,0.4505196565747854,1280,0.5784003615002259,0.4080000000000001,2.962638376383764,3.013038525650019,6.428571428571429,1.9769648511482791,9500.840036150023,1614.666074464211,7853.0,11083.0,11083.0,0.0,7853.0,0.0,28.800271125169452,21.032184575002752,33.48632864348288,19.279489397325662,0.1305919566199729,0.0955716222322639,0.09444193402620876,0.08133755083596927,0.07930411206507004,0.07817442385901491,0.07139629462268414,0.06552191595119747,0.057840036150022596,0.0517397198373249,0.05309534568459105,0.03999096249435156,0.030501581563488478,0.03095345684591053,0.020560325350203343,0.013556258472661545,0.005422503389064619,0.9293391373407448,0.02370380330534783,0.0,0.0,0.0,0.0,0.0,0.0,0.0,0.0,0.0,0.0,0.0,0.0,0.0,0.0,0.0,0.0,0.0,0.0,0.0,0.0,0.0,0.0,0.0,0.0,0.0,0.08133755083596929,3.219611387257118,13.793492995933125,11.102575689109807,1.8029823768639859,4.27008547008547,2.8358289147479443,nan,nan,nan,4.32271186440678,2.8736546331937984,4.216551724137931,2.7958100126144045,0.9754413100852334,0.3943,0.013115,0.0,0.0,0.0,0.0,0.0,0.0,0.0,0.0,0.0,0.0,0.4405784003615003,19.582015363759574,9.957071848169907,0.020334387708992322,0.0,0.0,0.0,0.0,0.0,0.0,0.0,0.0,0.0,0.0,0.0,0.0,0.0,0.0,0.0,0.0,nan,nan,4.27008547008547,2.8358289147479443,nan,0.3943,0.0617,0.0,0.0,0.0,0.0,0.0,0.0,0.0,0.0,0.0,0.0,0.0,0.0,2.2593764121102576e-05,0.0,0.0,0.0,0.0,7.907817442385901e-05,0.001095797559873475,0.0,1.1296882060551288e-05,0.0034681427925892456,0.0036601897876186174,0.00020334387708992319,0.008043380027112516,0.014685946678716675,0.0067216448260280165,0.0009037505648441031,0.004981924988703118,0.014731134206958879,0.018278355173971982,0.015386353366470854,0.031574785359240846,0.028716674197921375,0.060280162675101674,0.03757342973339358,0.06834613646633529,0.05288070492544058,0.07817442385901491,0.03382286488929056,0.09183235427022142,0.06996159060099412,0.04938996836873023,0.06761183913239946,0.048023045639403523,0.039222774514234074,0.04156122910076819,0.015646181653863535,0.011974694984184365,0.014968368730230457,0.021000903750564844,0.021181653863533666,0.017657026660641662,0.001683235427022142,0.0026434704021690014,0.0004744690465431541,0.00022593764121102577,0.0,0.00048576592860370536,0.0008133755083596927,0.0,0.0,0.0,0.0,0.0,0.0,0.0,0.0,0.0,0.0,0.0,0.0,0.0,0.0,0.0,0.0,0.0,0.0,0.0,0.0,0.0,0.0,0.0,0.0,0.0,0.0,0.0,0.0,0.0,0.0,0.0,0.0,0.0,0.0,0.0,0.0,0.0,0.0,0.0,0.0,0.0,nan,nan,4.27008547008547,2.8358289147479443,nan,0.9293484866513522,0.023699747909719026,0.0,0.0,0.0,0.0,0.0,0.0,0.0,0.0,0.0,0.0,0.0,0.0,0.0,0.0,0.0,0.0,0.0,0.0,0.0,0.0,0.0,0.0,0.0,0.0,0.0,0.0930026572187777,3.2683790965456163,13.923826395039862,10.934455270150579,1.7803365810451732,0.9293293999129996,0.023708022395098338,0.0,0.0,0.0,0.0,0.0,0.0,0.0,0.0,0.0,0.0,0.0,0.0,0.0,0.0,0.0,0.0,0.0,0.0,0.0,0.0,0.0,0.0,0.0,0.0,0.0,0.06918819188191883,3.1688191881918826,13.657749077490779,11.277675276752769,1.8265682656826572,0.3938,0.01293,0.0,0.0,0.0,0.0,0.0,0.0,0.0,0.0,0.0,0.0,0.4517271922054917,20.115146147032743,9.406554472984944,0.02657218777679363,0.0,0.0,0.0,0.0,0.0,0.0,0.0,0.0,0.0,0.0,0.0,0.0,0.0,0.0,0.0,0.0,0.3948,0.01328,0.0,0.0,0.0,0.0,0.0,0.0,0.0,0.0,0.0,0.0,0.4289667896678968,19.026752767527647,10.530442804428047,0.013837638376383767,0.0,0.0,0.0,0.0,0.0,0.0,0.0,0.0,0.0,0.0,0.0,0.0,0.0,0.0,0.0,0.0
52500,4387,2278,0.5192614542967859,1058,904,0.44723045361294733,1249,0.5694096193298381,0.4120000000000001,2.986723565670934,3.100928160645839,6.565943238731219,2.212102559332456,9530.214497378618,1613.8012133828397,7853.0,11083.0,11083.0,0.0,7853.0,0.0,28.5926601322088,21.00361471845867,33.42710859606575,19.215579331700603,0.13266469113289264,0.09687713699566902,0.09231821290175518,0.08821518121723274,0.07750170959653521,0.07453840893549123,0.06792796899931616,0.0638249373147937,0.06177342147253248,0.054707089126966035,0.04786870298609528,0.041714155459311605,0.035787554137223614,0.026897652154091633,0.018007750170959652,0.012309095053567358,0.007066332345566446,0.9281107571773386,0.023305281617145825,0.0,0.0,0.0,0.0,0.0,0.0,0.0,0.0,0.0,0.0,0.0,0.0,0.0,0.0,0.0,0.0,0.0,0.0,0.0,0.0,0.0,0.0,0.0,0.0,0.0,0.15044449509915664,3.261910189195351,14.217004786870302,10.934579439252339,1.436061089582859,4.2395543175487465,2.890720109940323,nan,nan,nan,4.27773851590106,2.8070895561326563,4.202470830473576,2.9692164738830535,0.9824047951627475,0.3945,0.01289,0.0,0.0,0.0,0.0,0.0,0.0,0.0,0.0,0.0,0.0,0.45817187143834065,19.496238887622493,10.025074082516527,0.020515158422612267,0.0,0.0,0.0,0.0,0.0,0.0,0.0,0.0,0.0,0.0,0.0,0.0,0.0,0.0,0.0,0.0,nan,nan,4.2395543175487465,2.890720109940323,nan,0.3945,0.06235,0.0,0.0,0.0,0.0,0.0,0.0,0.0,0.0,0.0,0.0,0.0,2.2794620469569182e-05,7.978117164349213e-05,0.0,0.0,0.0,0.0,0.00011397310234784591,0.0005698655117392296,1.1397310234784591e-05,4.5589240939138365e-05,0.0038750854798267607,0.004114428994757237,0.00015956234328698426,0.008753134260314566,0.01546614998860269,0.006553453385001139,0.0009459767494871211,0.0050604057442443584,0.016172783223159334,0.01891953498974242,0.014759516754046045,0.029997720537953042,0.027045817187143835,0.057134716206975154,0.03708684750398906,0.07015044449509916,0.050683838614087075,0.07870982448142239,0.034294506496466835,0.09327558696147709,0.07121039434693412,0.05001139731023478,0.06942101664007294,0.04475723729199909,0.03830635969911101,0.04196489628447686,0.014827900615454753,0.011089582858445407,0.015055846820150445,0.021244586277638478,0.02212217916571689,0.018611807613403236,0.002005926601322088,0.002894916799635286,0.0005128789605653066,0.0003875085479826761,2.2794620469569182e-05,0.0007750170959653522,0.0007750170959653522,0.0,0.0,0.0,0.0,0.0,0.0,0.0,0.0,0.0,0.0,0.0,0.0,0.0,0.0,0.0,0.0,0.0,0.0,0.0,0.0,0.0,0.0,0.0,0.0,0.0,0.0,0.0,0.0,0.0,0.0,0.0,0.0,0.0,0.0,0.0,0.0,0.0,0.0,0.0,0.0,0.0,nan,nan,4.2395543175487465,2.890720109940323,nan,0.9282872700659824,0.023441265685541137,0.0,0.0,0.0,0.0,0.0,0.0,0.0,0.0,0.0,0.0,0.0,0.0,0.0,0.0,0.0,0.0,0.0,0.0,0.0,0.0,0.0,0.0,0.0,0.0,0.0,0.15803336259877088,3.279192273924496,14.117647058823533,11.00965759438104,1.435469710272169,0.9279200998229854,0.023155992206173447,0.0,0.0,0.0,0.0,0.0,0.0,0.0,0.0,0.0,0.0,0.0,0.0,0.0,0.0,0.0,0.0,0.0,0.0,0.0,0.0,0.0,0.0,0.0,0.0,0.0,0.14224751066856334,3.2432432432432443,14.324324324324328,10.853485064011382,1.4366998577524897,0.3943,0.01283,0.0,0.0,0.0,0.0,0.0,0.0,0.0,0.0,0.0,0.0,0.4477611940298509,19.609306409130788,9.929762949956103,0.013169446883230908,0.0,0.0,0.0,0.0,0.0,0.0,0.0,0.0,0.0,0.0,0.0,0.0,0.0,0.0,0.0,0.0,0.3945,0.01296,0.0,0.0,0.0,0.0,0.0,0.0,0.0,0.0,0.0,0.0,0.469416785206259,19.374110953058295,10.12802275960171,0.028449502133712667,0.0,0.0,0.0,0.0,0.0,0.0,0.0,0.0,0.0,0.0,0.0,0.0,0.0,0.0,0.0,0.0
52600,4414,2245,0.508608971454463,1028,910,0.43905754417761667,1245,0.5641141821477118,0.4040000000000001,2.937298294144767,3.1127181938257964,6.646381578947368,2.127116608210237,9495.806977797916,1614.7605927770676,7853.0,11083.0,11083.0,0.0,7853.0,0.0,28.150657000453105,21.0027444055144,33.051130247578044,19.274239525115327,0.1363842319891255,0.10194834617127323,0.09628454916175805,0.08586316266425012,0.08133212505663796,0.07136384231989125,0.06705935659265971,0.05731762573629361,0.06298142274580878,0.050747621205256006,0.048482102401449935,0.04327140915269597,0.03511554145899411,0.025826914363389217,0.018577254191209785,0.009741730856366107,0.007702763932940644,0.9275666411964397,0.022649228847792188,0.0,0.0,0.0,0.0,0.0,0.0,0.0,0.0,0.0,0.0,0.0,0.0,0.0,0.0,0.0,0.0,0.0,0.0,0.0,0.0,0.0,0.0,0.0,0.0,0.0,0.06796556411418216,3.323516085183508,14.734934299954693,10.62981422745809,1.2437698232895336,4.308698727015559,2.8646695598566905,nan,nan,nan,4.327221438645981,2.8964461046257357,4.290070921985816,2.8322310320811663,0.9914146948135407,0.3953,0.01268,0.0,0.0,0.0,0.0,0.0,0.0,0.0,0.0,0.0,0.0,0.3738106026280019,18.792478477571336,10.813321250566382,0.020389669234254646,0.0,0.0,0.0,0.0,0.0,0.0,0.0,0.0,0.0,0.0,0.0,0.0,0.0,0.0,0.0,0.0,nan,nan,4.308698727015559,2.8646695598566905,nan,0.3953,0.06226,0.0,0.0,0.0,0.0,0.0,0.0,0.0,0.0,0.0,0.0,0.0,4.5310376076121435e-05,0.0,0.0,0.0,0.0,0.0,0.00014725872224739464,0.0006456728590847303,4.5310376076121435e-05,0.0,0.003534209333937472,0.00475758948799275,0.00013593112822836428,0.007759401903035795,0.01425011327594019,0.006037607612143181,0.0013026733121884913,0.005652469415496149,0.015960579972813773,0.018917082011780696,0.011950611690077028,0.03332578160398731,0.025339827820570912,0.05695514272768464,0.0374263706388763,0.07001585863162664,0.050407793384685096,0.07503398278205708,0.035602628001812416,0.09310149524241051,0.07092206615314907,0.05280924331671953,0.06921159945627549,0.04430222020842773,0.03913683733574989,0.04091526959673765,0.016107838695061168,0.010659265971907568,0.01713864975079293,0.022859084730403264,0.021307204349796105,0.01806751246035342,0.0022655188038060714,0.0031150883552333486,0.0007476212052560037,0.0005777072949705482,1.1327594019030359e-05,0.000883552333484368,0.0006116900770276393,0.0,0.0,0.0,0.0,0.0,0.0,0.0,0.0,0.0,0.0,0.0,0.0,0.0,0.0,0.0,0.0,0.0,0.0,0.0,0.0,0.0,0.0,0.0,0.0,0.0,0.0,0.0,0.0,0.0,0.0,0.0,0.0,0.0,0.0,0.0,0.0,0.0,0.0,0.0,0.0,0.0,nan,nan,4.308698727015559,2.8646695598566905,nan,0.9275013334767059,0.022456735178343554,0.0,0.0,0.0,0.0,0.0,0.0,0.0,0.0,0.0,0.0,0.0,0.0,0.0,0.0,0.0,0.0,0.0,0.0,0.0,0.0,0.0,0.0,0.0,0.0,0.0,0.08017817371937641,3.220489977728286,14.832962138084635,10.71714922048998,1.1492204899777285,0.9276342372456802,0.02284656271426893,0.0,0.0,0.0,0.0,0.0,0.0,0.0,0.0,0.0,0.0,0.0,0.0,0.0,0.0,0.0,0.0,0.0,0.0,0.0,0.0,0.0,0.0,0.0,0.0,0.0,0.05532503457814662,3.4301521438450906,14.633471645919782,10.539419087136931,1.3416320885200554,0.3953,0.012505,0.0,0.0,0.0,0.0,0.0,0.0,0.0,0.0,0.0,0.0,0.334075723830735,18.93541202672603,10.70378619153675,0.026726057906458805,0.0,0.0,0.0,0.0,0.0,0.0,0.0,0.0,0.0,0.0,0.0,0.0,0.0,0.0,0.0,0.0,0.3953,0.01287,0.0,0.0,0.0,0.0,0.0,0.0,0.0,0.0,0.0,0.0,0.41493775933609967,18.64453665283538,10.926694329183958,0.013831258644536656,0.0,0.0,0.0,0.0,0.0,0.0,0.0,0.0,0.0,0.0,0.0,0.0,0.0,0.0,0.0,0.0
52700,4477,2345,0.5237882510609784,1109,902,0.44918472191199466,1260,0.5628769265132901,0.4040000000000001,2.957317073170732,3.1256605946180254,6.7495741056218055,2.057183944409268,9544.83605092696,1613.1711692433478,7853.0,11083.0,11083.0,0.0,7853.0,0.0,27.768148313602858,20.838151950549992,32.584239851419476,19.196236363946657,0.13379495197677016,0.10654456109001563,0.09515300424391333,0.08778199687290597,0.08554835827563101,0.07527362072816618,0.06522224704042885,0.06231851686397141,0.05829796738887648,0.05092696001786911,0.04400268036631673,0.0402054947509493,0.03484476211748939,0.02524011614920706,0.016975653339289704,0.01027473754746482,0.007594371230734867,0.9282376367731076,0.02263754075082916,0.0,0.0,0.0,0.0,0.0,0.0,0.0,0.0,0.0,0.0,0.0,0.0,0.0,0.0,0.0,0.0,0.0,0.0,0.0,0.0,0.0,0.0,0.0,0.0,0.0,0.08711190529372351,3.069019432655797,14.527585436676349,11.02970739334376,1.2865758320303777,4.264196675900277,2.9750473084699642,nan,nan,nan,4.334975369458128,2.981121898227012,4.195637355146558,2.9675422157683577,0.9678572535167628,0.396,0.01274,0.0,0.0,0.0,0.0,0.0,0.0,0.0,0.0,0.0,0.0,0.26803663167299535,18.5347330801876,11.163725709180257,0.03350457895912442,0.0,0.0,0.0,0.0,0.0,0.0,0.0,0.0,0.0,0.0,0.0,0.0,0.0,0.0,0.0,0.0,nan,nan,4.264196675900277,2.9750473084699642,nan,0.396,0.06238,0.0,0.0,0.0,0.0,0.0,0.0,0.0,0.0,0.0,0.0,0.0,5.584096493187402e-05,0.0,0.0,0.0,0.0,0.0,0.0002457002457002457,0.0006365870002233638,1.1168192986374804e-05,4.467277194549922e-05,0.003093589457225821,0.00488050033504579,0.00018985928076837167,0.00853249944159035,0.013893232075050256,0.006030824212642395,0.0011168192986374804,0.005874469510833147,0.015579629215992853,0.01757873576055394,0.010073710073710074,0.03318070136251954,0.023911101183828457,0.057214652669198125,0.03966942148760331,0.06888541433995979,0.04683940138485593,0.07274960911324548,0.03823989278534733,0.09516417243689972,0.07244806790261336,0.05024570024570025,0.06960017869108778,0.0456555729283002,0.04028367210185392,0.04220460129551039,0.01638373911101184,0.009001563547018093,0.018349341076613804,0.022649095376368104,0.023598391780209962,0.017165512620058075,0.002401161492070583,0.003495644404735314,0.0005472414563323654,0.000625418807236989,0.0,0.0006589233861961135,0.0009939691757873577,0.0,0.0,0.0,0.0,0.0,0.0,0.0,0.0,0.0,0.0,0.0,0.0,0.0,0.0,0.0,0.0,0.0,0.0,0.0,0.0,0.0,0.0,0.0,0.0,0.0,0.0,0.0,0.0,0.0,0.0,0.0,0.0,0.0,0.0,0.0,0.0,0.0,0.0,0.0,0.0,0.0,nan,nan,4.264196675900277,2.9750473084699642,nan,0.9286387219357847,0.022755327350597255,0.0,0.0,0.0,0.0,0.0,0.0,0.0,0.0,0.0,0.0,0.0,0.0,0.0,0.0,0.0,0.0,0.0,0.0,0.0,0.0,0.0,0.0,0.0,0.0,0.0,0.08955223880597017,3.108742004264393,14.110874200426442,11.309168443496805,1.381663113006397,0.9277964807194125,0.022499018961990056,0.0,0.0,0.0,0.0,0.0,0.0,0.0,0.0,0.0,0.0,0.0,0.0,0.0,0.0,0.0,0.0,0.0,0.0,0.0,0.0,0.0,0.0,0.0,0.0,0.0,0.08442776735459663,3.02532833020638,14.985928705440903,10.722326454033773,1.181988742964353,0.3962,0.01275,0.0,0.0,0.0,0.0,0.0,0.0,0.0,0.0,0.0,0.0,0.2430703624733476,18.550106609808076,11.155650319829427,0.05117270788912581,0.0,0.0,0.0,0.0,0.0,0.0,0.0,0.0,0.0,0.0,0.0,0.0,0.0,0.0,0.0,0.0,0.3958,0.012726,0.0,0.0,0.0,0.0,0.0,0.0,0.0,0.0,0.0,0.0,0.29549718574108824,18.517823639774832,11.172607879924955,0.01407129455909944,0.0,0.0,0.0,0.0,0.0,0.0,0.0,0.0,0.0,0.0,0.0,0.0,0.0,0.0,0.0,0.0
52800,4335,2272,0.5241061130334487,1057,866,0.44359861591695504,1216,0.5610149942329873,0.4280000000000001,3.0891904992729033,3.1743327242696635,6.70945945945946,2.1964448497711464,9545.862745098038,1613.1219398811104,7853.0,11083.0,11083.0,0.0,7853.0,0.0,28.08719723183391,20.99114461198871,33.15482093663912,19.174858644362864,0.1416378316032295,0.09803921568627451,0.09296424452133795,0.08419838523644751,0.07773933102652826,0.07935409457900808,0.06920415224913495,0.05928489042675894,0.05836216839677047,0.05674740484429066,0.04590542099192618,0.03875432525951557,0.03321799307958478,0.028143021914648212,0.02029988465974625,0.008765859284890426,0.007381776239907728,0.9289877085949723,0.023463944881963936,0.0,0.0,0.0,0.0,0.0,0.0,0.0,0.0,0.0,0.0,0.0,0.0,0.0,0.0,0.0,0.0,0.0,0.0,0.0,0.0,0.0,0.0,0.0,0.0,0.0,0.1660899653979239,2.96885813148789,14.1522491349481,11.134948096885815,1.5778546712802772,4.326676176890157,2.9516288584378505,nan,nan,nan,4.388176638176638,2.9251639022179323,4.265,2.97665740146801,0.9719298815127413,0.3962,0.012596,0.0,0.0,0.0,0.0,0.0,0.0,0.0,0.0,0.0,0.0,0.2698961937716263,18.145328719723157,11.55709342560554,0.027681660899653987,0.0,0.0,0.0,0.0,0.0,0.0,0.0,0.0,0.0,0.0,0.0,0.0,0.0,0.0,0.0,0.0,nan,nan,4.326676176890157,2.9516288584378505,nan,0.3962,0.06183,0.0,0.0,0.0,0.0,0.0,0.0,0.0,0.0,0.0,1.1534025374855825e-05,0.0,0.00016147635524798155,0.0,0.0,0.0,0.0,1.1534025374855825e-05,0.00020761245674740485,0.0007151095732410611,0.0,0.00016147635524798155,0.002226066897347174,0.004302191464821223,0.0002306805074971165,0.007058823529411765,0.01370242214532872,0.006758938869665513,0.0014648212226066896,0.006666666666666667,0.015005767012687427,0.01688581314878893,0.011453287197231835,0.03231833910034602,0.023575547866205304,0.05908881199538639,0.03807381776239908,0.06768166089965398,0.050807381776239904,0.07184544405997693,0.03920415224913495,0.0944405997693195,0.0707035755478662,0.05093425605536332,0.07163783160322952,0.04576701268742791,0.04408304498269896,0.04021914648212226,0.015432525951557093,0.008800461361014995,0.0176239907727797,0.022964244521337947,0.022029988465974624,0.01665513264129181,0.002422145328719723,0.0035755478662053055,0.0003806228373702422,0.0008073817762399078,0.0,0.0005651672433679354,0.0013379469434832757,0.0,0.0,0.0,0.0,0.0,0.0,0.0,0.0,0.0,0.0,0.0,0.0,0.0,0.0,0.0,0.0,0.0,0.0,0.0,0.0,0.0,0.0,0.0,0.0,0.0,0.0,0.0,0.0,0.0,0.0,0.0,0.0,0.0,0.0,0.0,0.0,0.0,0.0,0.0,0.0,0.0,nan,nan,4.326676176890157,2.9516288584378505,nan,0.9284580820830355,0.023383244362895916,0.0,0.0,0.0,0.0,0.0,0.0,0.0,0.0,0.0,0.0,0.0,0.0,0.0,0.0,0.0,0.0,0.0,0.0,0.0,0.0,0.0,0.0,0.0,0.0,0.0,0.15845070422535215,3.0633802816901414,14.300176056338032,10.972711267605638,1.5052816901408455,0.9295709909193156,0.023538716384897105,0.0,0.0,0.0,0.0,0.0,0.0,0.0,0.0,0.0,0.0,0.0,0.0,0.0,0.0,0.0,0.0,0.0,0.0,0.0,0.0,0.0,0.0,0.0,0.0,0.0,0.17450315075133305,2.8647600581677173,13.9893359185652,11.313620940378092,1.657779932137664,0.3962,0.01259,0.0,0.0,0.0,0.0,0.0,0.0,0.0,0.0,0.0,0.0,0.33010563380281693,17.904929577464763,11.738556338028172,0.02640845070422536,0.0,0.0,0.0,0.0,0.0,0.0,0.0,0.0,0.0,0.0,0.0,0.0,0.0,0.0,0.0,0.0,0.396,0.0126,0.0,0.0,0.0,0.0,0.0,0.0,0.0,0.0,0.0,0.0,0.20358700920988856,18.410082404265605,11.357246728065926,0.02908385845855551,0.0,0.0,0.0,0.0,0.0,0.0,0.0,0.0,0.0,0.0,0.0,0.0,0.0,0.0,0.0,0.0
52900,4246,2207,0.5197833254828074,1055,836,0.44536033914272255,1166,0.5492227979274611,0.4280000000000001,2.9798921039725355,3.1353460867970484,6.5893470790378,2.2356276177333023,9531.900141309468,1613.7353475525751,7853.0,11083.0,11083.0,0.0,7853.0,0.0,28.02991050400377,20.90730051061284,33.09029535864979,19.081865347623403,0.14154498351389544,0.09538389072067828,0.09467734338200659,0.08666980687706076,0.07748469147432878,0.07560056523787094,0.07230334432406971,0.05982100800753651,0.05887894488930758,0.05299105040037683,0.046867640131888835,0.044983513895430996,0.03155911446066886,0.02826189354686764,0.01625058878944889,0.010127178520960905,0.00659444182760245,0.9278798777288948,0.02277736830493875,0.0,0.0,0.0,0.0,0.0,0.0,0.0,0.0,0.0,0.0,0.0,0.0,0.0,0.0,0.0,0.0,0.0,0.0,0.0,0.0,0.0,0.0,0.0,0.0,0.0,0.14837494112105515,3.2501177578897793,14.095619406500239,11.262364578426757,1.2435233160621764,4.253840526700805,2.912013476132182,nan,nan,nan,4.12723373838456,2.8729783449955058,4.3865168539325845,2.9465344721864977,1.0628224937048296,0.3962,0.01265,0.0,0.0,0.0,0.0,0.0,0.0,0.0,0.0,0.0,0.0,0.317946302402261,18.447951012717823,11.20584079133302,0.028261893546867648,0.0,0.0,0.0,0.0,0.0,0.0,0.0,0.0,0.0,0.0,0.0,0.0,0.0,0.0,0.0,0.0,nan,nan,4.253840526700805,2.912013476132182,nan,0.3962,0.0614,0.0,0.0,0.0,0.0,0.0,0.0,0.0,0.0,0.0,0.0,0.0,0.0,0.0,0.0,2.3551577955723033e-05,0.0,0.0,0.00011775788977861517,0.0005770136599152143,0.0,5.8878944889307586e-05,0.00209609043805935,0.004733867169100329,0.00027084314649081486,0.0073245407442298635,0.013542157324540744,0.006535562882713142,0.0017428167687235045,0.006347150259067357,0.014707960433349035,0.017204427696655675,0.011222326895902026,0.029627885068299577,0.025824305228450306,0.06085727743758832,0.03835374470089496,0.06555581723975507,0.05240226095148375,0.07123174752708432,0.03999057936881771,0.08900141309467734,0.07326895902025436,0.04683231276495525,0.07573009891662741,0.048327837965143665,0.04386481394253415,0.040555817239755064,0.01639189825718323,0.008431464908148846,0.01995996231747527,0.021785209609043805,0.022220913801224682,0.015956194065002354,0.0022609514837494114,0.0024729156853509184,0.00029439472444653793,0.0006123410268487989,0.0,0.0006241168158266604,0.001048045219029675,0.0,1.1775788977861516e-05,0.0,0.0,0.0,0.0,0.0,0.0,0.0,0.0,0.0,0.0,0.0,0.0,0.0,0.0,0.0,0.0,0.0,0.0,0.0,0.0,0.0,0.0,0.0,0.0,0.0,0.0,0.0,0.0,0.0,0.0,0.0,0.0,0.0,0.0,0.0,0.0,0.0,0.0,0.0,nan,nan,4.253840526700805,2.912013476132182,nan,0.9275337576758121,0.022716895580021546,0.0,0.0,0.0,0.0,0.0,0.0,0.0,0.0,0.0,0.0,0.0,0.0,0.0,0.0,0.0,0.0,0.0,0.0,0.0,0.0,0.0,0.0,0.0,0.0,0.0,0.14952424105120074,3.357498867240599,13.98731309469869,11.255097417308567,1.2505663797009516,0.9282545157657528,0.0228367318812387,0.0,0.0,0.0,0.0,0.0,0.0,0.0,0.0,0.0,0.0,0.0,0.0,0.0,0.0,0.0,0.0,0.0,0.0,0.0,0.0,0.0,0.0,0.0,0.0,0.0,0.14713094654242279,3.1338891613536055,14.212849435998042,11.270230505149584,1.2358999509563513,0.396,0.01265,0.0,0.0,0.0,0.0,0.0,0.0,0.0,0.0,0.0,0.0,0.3670140462165837,18.337109198006317,11.268690530131403,0.027186225645672867,0.0,0.0,0.0,0.0,0.0,0.0,0.0,0.0,0.0,0.0,0.0,0.0,0.0,0.0,0.0,0.0,0.3965,0.01265,0.0,0.0,0.0,0.0,0.0,0.0,0.0,0.0,0.0,0.0,0.264835703776361,18.567925453653725,11.137812653261404,0.02942618930848456,0.0,0.0,0.0,0.0,0.0,0.0,0.0,0.0,0.0,0.0,0.0,0.0,0.0,0.0,0.0,0.0
53000,4470,2282,0.5105145413870246,1087,947,0.45503355704697984,1269,0.5677852348993289,0.4000000000000001,2.886654478976234,3.08175398717529,6.562925170068027,2.240881662884844,9501.961968680089,1614.6428659872042,7853.0,11083.0,11083.0,0.0,7853.0,0.0,27.79261744966443,20.604145650358134,32.52674788135593,18.91045257930737,0.13512304250559284,0.10223713646532438,0.0941834451901566,0.08612975391498881,0.08076062639821029,0.07628635346756152,0.07472035794183446,0.06711409395973154,0.04988814317673378,0.06017897091722595,0.0447427293064877,0.035794183445190156,0.03691275167785235,0.023042505592841163,0.015212527964205816,0.011185682326621925,0.006487695749440716,0.9267790778504655,0.022887876305998124,0.0,0.0,0.0,0.0,0.0,0.0,0.0,0.0,0.0,0.0,0.0,0.0,0.0,0.0,0.0,0.0,0.0,0.0,0.0,0.0,0.0,0.0,0.0,0.0,0.0,0.1208053691275168,3.6577181208053697,14.617449664429534,10.40268456375839,1.2013422818791948,4.212677519916869,2.8974754609283644,nan,nan,nan,4.1525189786059356,2.908697282243295,4.273296244784423,2.8848550118437544,1.0290853014280585,0.3962,0.012436,0.0,0.0,0.0,0.0,0.0,0.0,0.0,0.0,0.0,0.0,0.2416107382550336,18.369127516778498,11.342281879194633,0.046979865771812096,0.0,0.0,0.0,0.0,0.0,0.0,0.0,0.0,0.0,0.0,0.0,0.0,0.0,0.0,0.0,0.0,nan,nan,4.212677519916869,2.8974754609283644,nan,0.3962,0.06155,0.0,0.0,0.0,0.0,0.0,0.0,0.0,0.0,0.0,0.0,0.0,0.0,0.0,0.0,0.0,0.0,1.1185682326621925e-05,3.355704697986577e-05,0.00048098434004474274,0.0,4.47427293064877e-05,0.002796420581655481,0.005,0.00025727069351230426,0.007293064876957495,0.0137248322147651,0.005380313199105145,0.0018232662192393737,0.006241610738255033,0.014787472035794183,0.01935123042505593,0.01012304250559284,0.029261744966442953,0.02661073825503356,0.060302013422818795,0.03913870246085011,0.0639261744966443,0.052874720357941836,0.06860178970917226,0.042013422818791946,0.0867897091722595,0.07551454138702461,0.04639821029082774,0.07305369127516778,0.04802013422818792,0.04697986577181208,0.04060402684563758,0.017706935123042507,0.007494407158836689,0.020257270693512304,0.022494407158836688,0.022494407158836688,0.014843400447427293,0.002505592841163311,0.002393736017897092,0.0005592841163310962,0.00026845637583892615,0.0,0.0005704697986577181,0.0009619686800894855,0.0,1.1185682326621925e-05,0.0,0.0,0.0,0.0,0.0,0.0,0.0,0.0,0.0,0.0,0.0,0.0,0.0,0.0,0.0,0.0,0.0,0.0,0.0,0.0,0.0,0.0,0.0,0.0,0.0,0.0,0.0,0.0,0.0,0.0,0.0,0.0,0.0,0.0,0.0,0.0,0.0,0.0,0.0,nan,nan,4.212677519916869,2.8974754609283644,nan,0.9268545764355571,0.022852128275539046,0.0,0.0,0.0,0.0,0.0,0.0,0.0,0.0,0.0,0.0,0.0,0.0,0.0,0.0,0.0,0.0,0.0,0.0,0.0,0.0,0.0,0.0,0.0,0.0,0.0,0.10517090271691501,3.6546888694127966,14.65819456617003,10.293602103418056,1.2883435582822087,0.9267003357246981,0.022924835851286615,0.0,0.0,0.0,0.0,0.0,0.0,0.0,0.0,0.0,0.0,0.0,0.0,0.0,0.0,0.0,0.0,0.0,0.0,0.0,0.0,0.0,0.0,0.0,0.0,0.0,0.13711151736745888,3.6608775137111524,14.57495429616088,10.516453382084096,1.110603290676417,0.3962,0.01274,0.0,0.0,0.0,0.0,0.0,0.0,0.0,0.0,0.0,0.0,0.315512708150745,18.16827344434704,11.476774758983352,0.039439088518843125,0.0,0.0,0.0,0.0,0.0,0.0,0.0,0.0,0.0,0.0,0.0,0.0,0.0,0.0,0.0,0.0,0.3962,0.012115,0.0,0.0,0.0,0.0,0.0,0.0,0.0,0.0,0.0,0.0,0.16453382084095067,18.57861060329065,11.20201096892139,0.05484460694698356,0.0,0.0,0.0,0.0,0.0,0.0,0.0,0.0,0.0,0.0,0.0,0.0,0.0,0.0,0.0,0.0
53100,4463,2237,0.5012323549182165,1038,911,0.4367017701097916,1279,0.5731570692359399,0.4240000000000001,3.024258760107817,3.117977466277301,6.486363636363636,2.1365780034293835,9471.980506385838,1614.9950945959285,7853.0,11083.0,11083.0,0.0,7853.0,0.0,28.211292852341476,20.969359499782286,33.165379494007986,19.165119638068276,0.1382478153708268,0.09814026439614609,0.09881245798790052,0.07909477929643738,0.07640600492941968,0.07775039211292853,0.06833968182836657,0.06453058480842483,0.058928971543804616,0.05086264844275151,0.05086264844275151,0.04010755097468071,0.03495406677123011,0.028904324445440287,0.017701097916199865,0.010306968406901188,0.006049742325789828,0.9266240340883946,0.02311711707027402,0.0,0.0,0.0,0.0,0.0,0.0,0.0,0.0,0.0,0.0,0.0,0.0,0.0,0.0,0.0,0.0,0.0,0.0,0.0,0.0,0.0,0.0,0.0,0.0,0.006721935917544254,0.16804839793860635,3.6096795877212644,14.687429979834196,10.22406453058481,1.3040555680035852,4.432996867386008,2.8626373538923313,nan,nan,nan,4.345138888888889,2.9046736731303477,4.5212840195394275,2.817005586206284,1.040538435054623,0.3967,0.01256,0.0,0.0,0.0,0.0,0.0,0.0,0.0,0.0,0.0,0.0,0.15460452610351783,17.99462245126594,11.810441407125255,0.040331615505265525,0.0,0.0,0.0,0.0,0.0,0.0,0.0,0.0,0.0,0.0,0.0,0.0,0.0,0.0,0.0,0.0,nan,nan,4.432996867386008,2.8626373538923313,nan,0.3967,0.0617,0.0,0.0,0.0,0.0,0.0,0.0,0.0,0.0,0.0,0.0,0.0,0.0,0.0,0.0,0.0,0.0,0.0,0.0,0.0005153484203450593,0.0,5.601613264620211e-05,0.0020053775487340352,0.0047949809545149,0.0003024871162894914,0.00666591978489805,0.015337217118530137,0.0051310777503921125,0.0016580775263275824,0.00639704234819628,0.01594219135110912,0.017958772126372397,0.010094107102845619,0.0287698857270894,0.02791844051086713,0.059948465157965494,0.038953618642168945,0.06377996863096572,0.05252072596907909,0.06971767869146314,0.04225857046829487,0.08568227649563075,0.07101725296885503,0.04494734483531257,0.07496078870714766,0.04735603853909926,0.04623571588617522,0.03995070580327134,0.019840914183284784,0.007752632758234372,0.022697736948241093,0.0239188886399283,0.021879901411606544,0.016401523638807976,0.002419896930315931,0.0022182388527896032,0.000560161326462021,0.0001568451714093659,0.0,0.0003697064754649339,0.0008962581223392337,0.0,1.1203226529240422e-05,0.0,0.0,0.0,0.0,0.0,0.0,0.0,0.0,0.0,0.0,0.0,0.0,0.0,0.0,0.0,0.0,0.0,0.0,0.0,0.0,0.0,0.0,0.0,0.0,0.0,0.0,0.0,0.0,0.0,0.0,0.0,0.0,0.0,0.0,0.0,0.0,0.0,0.0,0.0,nan,nan,4.432996867386008,2.8626373538923313,nan,0.9266485322731438,0.02307637109942631,0.0,0.0,0.0,0.0,0.0,0.0,0.0,0.0,0.0,0.0,0.0,0.0,0.0,0.0,0.0,0.0,0.0,0.0,0.0,0.0,0.0,0.0,0.0,0.0,0.0,0.16092981671881987,3.473401877514529,14.751899865891822,10.353151542244078,1.2606168976307557,0.9265994148434333,0.0231579660592182,0.0,0.0,0.0,0.0,0.0,0.0,0.0,0.0,0.0,0.0,0.0,0.0,0.0,0.0,0.0,0.0,0.0,0.0,0.0,0.0,0.0,0.0,0.0,0.0,0.013477088948787064,0.17520215633423186,3.746630727762804,14.622641509433965,10.094339622641511,1.3477088948787064,0.397,0.01279,0.0,0.0,0.0,0.0,0.0,0.0,0.0,0.0,0.0,0.0,0.1475189986589182,17.863209655788978,11.949038891372377,0.04023245417970497,0.0,0.0,0.0,0.0,0.0,0.0,0.0,0.0,0.0,0.0,0.0,0.0,0.0,0.0,0.0,0.0,0.3965,0.01232,0.0,0.0,0.0,0.0,0.0,0.0,0.0,0.0,0.0,0.0,0.16172506738544476,18.126684636118572,11.6711590296496,0.04043126684636119,0.0,0.0,0.0,0.0,0.0,0.0,0.0,0.0,0.0,0.0,0.0,0.0,0.0,0.0,0.0,0.0
53200,4523,2351,0.5197877514923723,1117,922,0.4508069865133761,1257,0.5558257793499889,0.4280000000000001,3.0906998158379375,3.2334813338011528,6.752427184466019,2.3383399912332705,9531.914437320362,1613.7347814005934,7853.0,11083.0,11083.0,0.0,7853.0,0.0,28.143709927039577,21.10601242435651,33.439893617021276,19.20819871463806,0.14791067875304,0.09816493477780235,0.08843687817820031,0.07870882157859828,0.0848994030510723,0.06875967278355075,0.06544328985186823,0.06610656643820473,0.06256909131107671,0.0557152332522662,0.04952465177979217,0.03780676542118063,0.03139509175326111,0.0278576166261331,0.01746628344019456,0.010833517576829538,0.00840150342692903,0.926563181867648,0.022847925775573288,0.0,0.0,0.0,0.0,0.0,0.0,0.0,0.0,0.0,0.0,0.0,0.0,0.0,0.0,0.0,0.0,0.0,0.0,0.0,0.0,0.0,0.0,0.0,0.0,0.006632765863365025,0.11938978554057045,3.555162502763653,14.970152553614861,10.095069644041567,1.2535927481759896,4.416951469583049,3.0003029698410244,nan,nan,nan,4.433652530779754,2.98251451211384,4.394395078605605,3.0105117773815384,0.9911455731134517,0.397,0.01269,0.0,0.0,0.0,0.0,0.0,0.0,0.0,0.0,0.0,0.0,0.271943400397966,17.417643157196526,12.244085783771837,0.06632765863365024,0.0,0.0,0.0,0.0,0.0,0.0,0.0,0.0,0.0,0.0,0.0,0.0,0.0,0.0,0.0,0.0,nan,nan,4.416951469583049,3.0003029698410244,nan,0.397,0.06168,0.0,0.0,0.0,0.0,0.0,0.0,0.0,0.0,0.0,0.0,0.0,0.0,0.0,0.0,0.0,0.0,0.0,0.0,0.00047534822020782664,0.0,3.3163829316825113e-05,0.001691355295158081,0.004742427592305992,0.0003758567322573513,0.007373424718107451,0.014857395533937652,0.004952465177979217,0.0013818262215343799,0.006787530400176873,0.015476453681185054,0.018549635197877515,0.009617510501879284,0.029416316604023877,0.026619500331638294,0.05996020340481981,0.040006632765863366,0.05826884810966173,0.054222860933009064,0.07001989829759009,0.0429582135750608,0.0861375193455671,0.07319257130223303,0.04543444616405041,0.07558036701304444,0.04590979438425823,0.045998231262436434,0.039719212911784214,0.019345567101481317,0.006931240327216449,0.024917090426707936,0.025436657086004864,0.021269069201857175,0.01528852531505638,0.002542560247623259,0.0024983418085341587,0.0002653106345346009,9.949148795047535e-05,0.0,0.000541675878841477,0.001105460977227504,0.0,0.0,0.0,0.0,0.0,0.0,0.0,0.0,0.0,0.0,0.0,0.0,0.0,0.0,0.0,0.0,0.0,0.0,0.0,0.0,0.0,0.0,0.0,0.0,0.0,0.0,0.0,0.0,0.0,0.0,0.0,0.0,0.0,0.0,0.0,0.0,0.0,0.0,0.0,0.0,0.0,nan,nan,4.416951469583049,3.0003029698410244,nan,0.9268434203619249,0.022597004383978485,0.0,0.0,0.0,0.0,0.0,0.0,0.0,0.0,0.0,0.0,0.0,0.0,0.0,0.0,0.0,0.0,0.0,0.0,0.0,0.0,0.0,0.0,0.0,0.0,0.012760527435133989,0.08932369204593792,3.407060825180775,15.095703955763508,10.157379838366655,1.2377711612079967,0.9262598482120102,0.023112627694661398,0.0,0.0,0.0,0.0,0.0,0.0,0.0,0.0,0.0,0.0,0.0,0.0,0.0,0.0,0.0,0.0,0.0,0.0,0.0,0.0,0.0,0.0,0.0,0.0,0.0,0.1519337016574586,3.7154696132596694,14.834254143646412,10.027624309392268,1.2707182320441992,0.397,0.01261,0.0,0.0,0.0,0.0,0.0,0.0,0.0,0.0,0.0,0.0,0.3062526584432157,17.520204168438937,12.122501063377289,0.051042109740535954,0.0,0.0,0.0,0.0,0.0,0.0,0.0,0.0,0.0,0.0,0.0,0.0,0.0,0.0,0.0,0.0,0.3972,0.012764,0.0,0.0,0.0,0.0,0.0,0.0,0.0,0.0,0.0,0.0,0.23480662983425418,17.30662983425412,12.37569060773481,0.08287292817679559,0.0,0.0,0.0,0.0,0.0,0.0,0.0,0.0,0.0,0.0,0.0,0.0,0.0,0.0,0.0,0.0
53300,4555,2357,0.5174533479692646,1056,937,0.4375411635565313,1276,0.5602634467618002,0.4160000000000001,2.93130118289354,3.0620387326849183,6.560530679933665,2.0550228197489497,9524.374313940725,1614.0157795782893,7853.0,11083.0,11083.0,0.0,7853.0,0.0,27.867837541163556,21.11778914246456,33.07777484840496,19.30535058330046,0.14796926454445664,0.09571899012074643,0.09110867178924259,0.09088913282107575,0.07837541163556531,0.07156970362239297,0.06915477497255763,0.06322722283205269,0.05686059275521405,0.04961580680570801,0.04698133918770582,0.04017563117453348,0.03534577387486279,0.024807903402854006,0.018880351262349066,0.011855104281009879,0.007464324917672887,0.9285148707100903,0.02308648644977714,0.0,0.0,0.0,0.0,0.0,0.0,0.0,0.0,0.0,0.0,0.0,0.0,0.0,0.0,0.0,0.0,0.0,0.0,0.0,0.0,0.0,0.0,0.0,0.0,0.00658616904500549,0.08562019758507138,3.0823271130625693,14.31174533479693,11.038419319429202,1.4753018660812298,4.336093857832989,2.8380878742704523,nan,nan,nan,4.3202797202797205,2.8147105936405556,4.354464894342195,2.859309321998906,1.007912722387397,0.397,0.012405,0.0,0.0,0.0,0.0,0.0,0.0,0.0,0.0,0.0,0.0,0.15806805708013175,17.558726673984605,12.230515916575195,0.05268935236004392,0.0,0.0,0.0,0.0,0.0,0.0,0.0,0.0,0.0,0.0,0.0,0.0,0.0,0.0,0.0,0.0,nan,nan,4.336093857832989,2.8380878742704523,nan,0.397,0.06165,0.0,0.0,0.0,0.0,0.0,0.0,0.0,0.0,0.0,0.0,0.0,0.0,0.0,0.0,0.0,0.0,0.0,0.0,0.0005598243688254665,0.0,1.0976948408342481e-05,0.0016026344676180022,0.0051920965971459935,0.000296377607025247,0.006630076838638858,0.014753018660812293,0.004928649835345774,0.001119648737650933,0.006454445664105379,0.01613611416026345,0.018704720087815586,0.01052689352360044,0.030010976948408343,0.0254006586169045,0.057091108671789244,0.04371020856201976,0.057310647639956094,0.057244785949506036,0.06936333699231613,0.043018660812294184,0.08462129527991219,0.07565312843029638,0.043380900109769485,0.07529088913282107,0.045236004390779364,0.0443139407244786,0.041075740944017565,0.018221734357848518,0.007244785949506037,0.02557628979143798,0.027486278814489572,0.018649835345773875,0.01613611416026345,0.0028649835345773873,0.002338090010976948,0.00012074643249176729,6.586169045005489e-05,1.0976948408342481e-05,0.0002524698133918771,0.001394072447859495,0.0,0.0,0.0,0.0,0.0,0.0,0.0,0.0,0.0,0.0,0.0,0.0,0.0,0.0,0.0,0.0,0.0,0.0,0.0,0.0,0.0,0.0,0.0,0.0,0.0,0.0,0.0,0.0,0.0,0.0,0.0,0.0,0.0,0.0,0.0,0.0,0.0,0.0,0.0,0.0,0.0,nan,nan,4.336093857832989,2.8380878742704523,nan,0.9283768389758085,0.02335966104989574,0.0,0.0,0.0,0.0,0.0,0.0,0.0,0.0,0.0,0.0,0.0,0.0,0.0,0.0,0.0,0.0,0.0,0.0,0.0,0.0,0.0,0.0,0.0,0.0,0.0,0.0890963088672041,3.1183708103521433,14.420873992363177,10.691557064064492,1.6801018243529915,0.928662887451538,0.02278898384699775,0.0,0.0,0.0,0.0,0.0,0.0,0.0,0.0,0.0,0.0,0.0,0.0,0.0,0.0,0.0,0.0,0.0,0.0,0.0,0.0,0.0,0.0,0.0,0.0,0.013648771610555053,0.08189262966333032,3.043676069153777,14.194722474977254,11.410373066424025,1.2556869881710648,0.3967,0.012375,0.0,0.0,0.0,0.0,0.0,0.0,0.0,0.0,0.0,0.0,0.2036487059821808,17.67925328807804,12.078913873568098,0.038184132371658894,0.0,0.0,0.0,0.0,0.0,0.0,0.0,0.0,0.0,0.0,0.0,0.0,0.0,0.0,0.0,0.0,0.3972,0.012436,0.0,0.0,0.0,0.0,0.0,0.0,0.0,0.0,0.0,0.0,0.10919017288444043,17.429481346678774,12.393084622383988,0.06824385805277526,0.0,0.0,0.0,0.0,0.0,0.0,0.0,0.0,0.0,0.0,0.0,0.0,0.0,0.0,0.0,0.0
53400,4436,2276,0.5130748422001803,1043,920,0.44251577998196573,1221,0.5504959422903517,0.4400000000000001,2.877314814814815,3.087496320729996,6.537653239929948,2.2048904628830477,9510.231740306583,1614.4477322325047,7853.0,11083.0,11083.0,0.0,7853.0,0.0,27.556357078449054,20.805330863020295,32.7189701897019,19.006827842397783,0.14720468890892696,0.09693417493237151,0.09490532010820558,0.08656447249774572,0.0827321911632101,0.07867448151487827,0.06627592425608657,0.059513074842200184,0.0563570784490532,0.05410279531109107,0.04418394950405771,0.03854824165915239,0.034039675383228135,0.026149684400360685,0.018034265103697024,0.009467989179440937,0.0063119927862939585,0.9285005583109568,0.023065259564696558,0.0,0.0,0.0,0.0,0.0,0.0,0.0,0.0,0.0,0.0,0.0,0.0,0.0,0.0,0.0,0.0,0.0,0.0,0.0,0.0,0.0,0.0,0.0,0.0,0.0,0.20288548241659157,2.9688908926961233,14.235798016230842,11.17222723174031,1.420198376916141,4.194493469819979,2.8744670064503466,nan,nan,nan,4.153039832285115,2.8705454082997544,4.236804564907275,2.8778485094107253,1.0201694989706058,0.3962,0.01226,0.0,0.0,0.0,0.0,0.0,0.0,0.0,0.0,0.0,0.0,0.2705139765554554,18.178539224526574,11.544183949504061,0.006762849413886386,0.0,0.0,0.0,0.0,0.0,0.0,0.0,0.0,0.0,0.0,0.0,0.0,0.0,0.0,0.0,0.0,nan,nan,4.194493469819979,2.8744670064503466,nan,0.3962,0.06137,0.0,0.0,0.0,0.0,0.0,0.0,0.0,0.0,0.0,0.0,0.0,0.0,0.0,0.0,0.0,0.0,0.0,0.0,0.00040577096483318303,0.0,5.63570784490532e-05,0.001690712353471596,0.006379621280432822,0.0002254283137962128,0.006458521190261497,0.01375112714156898,0.0049368800721370605,0.0010144274120829576,0.007416591523895401,0.015272768259693417,0.019657348963029758,0.010369702434625788,0.0300834084761046,0.026206041478809738,0.05925383228133454,0.043935978358881876,0.05652614968440036,0.057168620378719566,0.06916140667267809,0.04201983769161407,0.08752254283137963,0.07534941388638414,0.0440712353471596,0.0729824165915239,0.04692290351668169,0.046224075743913434,0.04074616771866547,0.01744815148782687,0.006458521190261497,0.023996844003606854,0.027040126239855727,0.016625338142470695,0.016084310189359782,0.0017808836789900812,0.0026825969341749325,0.0001127141568981064,0.00012398557258791703,0.0,0.0003043282236248873,0.0015329125338142471,0.0,0.0,0.0,0.0,0.0,0.0,0.0,0.0,0.0,0.0,0.0,0.0,0.0,0.0,0.0,0.0,0.0,0.0,0.0,0.0,0.0,0.0,0.0,0.0,0.0,0.0,0.0,0.0,0.0,0.0,0.0,0.0,0.0,0.0,0.0,0.0,0.0,0.0,0.0,0.0,0.0,nan,nan,4.194493469819979,2.8744670064503466,nan,0.9282093639690134,0.023368030313954985,0.0,0.0,0.0,0.0,0.0,0.0,0.0,0.0,0.0,0.0,0.0,0.0,0.0,0.0,0.0,0.0,0.0,0.0,0.0,0.0,0.0,0.0,0.0,0.0,0.0,0.22407732864674873,3.0975395430579975,14.19595782073814,10.979789103690688,1.5026362038664327,0.92880739086756,0.0227378332642945,0.0,0.0,0.0,0.0,0.0,0.0,0.0,0.0,0.0,0.0,0.0,0.0,0.0,0.0,0.0,0.0,0.0,0.0,0.0,0.0,0.0,0.0,0.0,0.0,0.0,0.1805555555555556,2.833333333333334,14.27777777777778,11.375000000000002,1.3333333333333335,0.3962,0.012215,0.0,0.0,0.0,0.0,0.0,0.0,0.0,0.0,0.0,0.0,0.19771528998242535,18.47978910369066,11.322495606326893,0.0,0.0,0.0,0.0,0.0,0.0,0.0,0.0,0.0,0.0,0.0,0.0,0.0,0.0,0.0,0.0,0.0,0.3962,0.01231,0.0,0.0,0.0,0.0,0.0,0.0,0.0,0.0,0.0,0.0,0.34722222222222227,17.861111111111086,11.77777777777778,0.013888888888888892,0.0,0.0,0.0,0.0,0.0,0.0,0.0,0.0,0.0,0.0,0.0,0.0,0.0,0.0,0.0,0.0
53500,4678,2446,0.5228730226592561,1126,936,0.4407866609662249,1335,0.5707567336468576,0.4120000000000001,3.050627240143369,3.1300428216481584,6.589820359281437,2.1415516991901136,9541.879863189397,1613.3092591983461,7853.0,11083.0,11083.0,0.0,7853.0,0.0,28.205429670799486,20.96870355737206,33.03950367181565,19.243240731708756,0.1351004702864472,0.10047028644719966,0.09213339033775117,0.09448482257374946,0.0784523300555793,0.06669516887558785,0.07032920051303976,0.06156477126977341,0.0609234715690466,0.05023514322359983,0.04724241128687473,0.0470286447199658,0.03527148353997435,0.02479692176143651,0.017101325352714837,0.010902094912355708,0.007268063274903805,0.9286667566337153,0.02280925059870783,0.0,0.0,0.0,0.0,0.0,0.0,0.0,0.0,0.0,0.0,0.0,0.0,0.0,0.0,0.0,0.0,0.0,0.0,0.0,0.0,0.0,0.0,0.0,0.0,0.0,0.0897819581017529,3.200085506626764,14.11500641299701,11.20350577169731,1.39162035057717,4.275280898876405,2.8774076680319207,nan,nan,nan,4.248516809492419,2.8752700899553876,4.3021868787276345,2.8793042270443645,1.0126326602063338,0.3962,0.012985,0.0,0.0,0.0,0.0,0.0,0.0,0.0,0.0,0.0,0.0,0.3206498503634032,17.840957674219727,11.825566481402312,0.01282599401453613,0.0,0.0,0.0,0.0,0.0,0.0,0.0,0.0,0.0,0.0,0.0,0.0,0.0,0.0,0.0,0.0,nan,nan,4.275280898876405,2.8774076680319207,nan,0.3962,0.0621,0.0,0.0,0.0,0.0,0.0,0.0,0.0,0.0,0.0,0.0,0.0,0.0,0.0,0.0,0.0,0.0,0.0,0.0,0.00039546814878153055,0.0,1.0688328345446772e-05,0.0015604959384352287,0.007011543394613082,0.00033133817870884994,0.005589995724668661,0.013488670371953827,0.005857203933304831,0.0011436511329628047,0.008614792646430098,0.015305686190679778,0.01983753740914921,0.008561351004702865,0.03262077811030355,0.026261222744762718,0.05788798631893972,0.044014536126549805,0.05948054724241129,0.05799486960239419,0.06844805472424113,0.03882000855066268,0.08705643437366396,0.07153698161607525,0.0443565626336041,0.07002992731936725,0.04943351859769132,0.045970500213766564,0.041577597263787944,0.01646002565198803,0.006380932022231723,0.024914493373236427,0.02728730226592561,0.017015818725951263,0.017240273621205643,0.0015391192817443351,0.00340957674219752,0.00013894826849080805,0.00022445489525438223,0.0,0.00014963659683625482,0.0020414707139803333,0.0,0.0,0.0,0.0,0.0,0.0,0.0,0.0,0.0,0.0,0.0,0.0,0.0,0.0,0.0,0.0,0.0,0.0,0.0,0.0,0.0,0.0,0.0,0.0,0.0,0.0,0.0,0.0,0.0,0.0,0.0,0.0,0.0,0.0,0.0,0.0,0.0,0.0,0.0,0.0,0.0,nan,nan,4.275280898876405,2.8774076680319207,nan,0.9287677197698092,0.023504178373898364,0.0,0.0,0.0,0.0,0.0,0.0,0.0,0.0,0.0,0.0,0.0,0.0,0.0,0.0,0.0,0.0,0.0,0.0,0.0,0.0,0.0,0.0,0.0,0.0,0.0,0.09811937857726903,3.4219133278822573,13.663123466884713,11.295993458708098,1.5208503679476701,0.9285561133403077,0.022021994077419636,0.0,0.0,0.0,0.0,0.0,0.0,0.0,0.0,0.0,0.0,0.0,0.0,0.0,0.0,0.0,0.0,0.0,0.0,0.0,0.0,0.0,0.0,0.0,0.0,0.0,0.08064516129032259,2.956989247311829,14.610215053763444,11.102150537634412,1.2500000000000002,0.3962,0.0131,0.0,0.0,0.0,0.0,0.0,0.0,0.0,0.0,0.0,0.0,0.31888798037612437,18.127555192150425,11.54129190515127,0.012264922322158629,0.0,0.0,0.0,0.0,0.0,0.0,0.0,0.0,0.0,0.0,0.0,0.0,0.0,0.0,0.0,0.0,0.3965,0.012856,0.0,0.0,0.0,0.0,0.0,0.0,0.0,0.0,0.0,0.0,0.32258064516129037,17.526881720430083,12.137096774193552,0.013440860215053767,0.0,0.0,0.0,0.0,0.0,0.0,0.0,0.0,0.0,0.0,0.0,0.0,0.0,0.0,0.0,0.0
53600,4804,2470,0.5141548709408826,1197,975,0.4521232306411324,1360,0.5661948376353039,0.4160000000000001,2.9652956298200515,3.1117565269401037,6.584454409566518,2.2083136590012247,9513.72023313905,1614.3527062825244,7853.0,11083.0,11083.0,0.0,7853.0,0.0,27.66798501248959,20.6109911226323,32.7074203187251,18.781475698171892,0.1440466278101582,0.09637801831806828,0.09013322231473772,0.0890924229808493,0.08555370524562864,0.07410491257285595,0.06681931723563697,0.0636969192339717,0.0593255620316403,0.05391340549542048,0.04850124895920067,0.040174854288093254,0.03538717735220649,0.022481265611990008,0.015611990008326394,0.00791007493755204,0.006869275603663613,0.9291465362219092,0.02287208219350703,0.0,0.0,0.0,0.0,0.0,0.0,0.0,0.0,0.0,0.0,0.0,0.0,0.0,0.0,0.0,0.0,0.0,0.0,0.0,0.0,0.0,0.0,0.0,0.0,0.0,0.08118234804329727,2.8039134054954213,14.350541215653625,11.15945045795171,1.6049125728559537,4.257609740467799,2.9258091916660893,nan,nan,nan,4.2653968253968255,2.933015580948243,4.249676584734799,2.9184279600967526,0.9963144717114184,0.3972,0.01278,0.0,0.0,0.0,0.0,0.0,0.0,0.0,0.0,0.0,0.0,0.22481265611990012,17.348043297252264,12.383430474604499,0.04371357202331392,0.0,0.0,0.0,0.0,0.0,0.0,0.0,0.0,0.0,0.0,0.0,0.0,0.0,0.0,0.0,0.0,nan,nan,4.257609740467799,2.9258091916660893,nan,0.3972,0.06207,0.0,0.0,0.0,0.0,0.0,0.0,0.0,0.0,0.0,0.0,0.0,0.0,0.0,0.0,0.0,0.0,0.0,0.0,0.00035387177352206494,1.0407993338884264e-05,0.0,0.0014883430474604497,0.005661948376353039,0.00035387177352206494,0.00507910074937552,0.012021232306411323,0.0060574521232306415,0.0012593671940049958,0.00917985012489592,0.015081182348043298,0.021221898417985014,0.008950874271440467,0.03305578684429642,0.02583263946711074,0.055474604496253126,0.04320358034970857,0.05980432972522898,0.059533721898417984,0.06901540383014154,0.03944629475437136,0.08711490424646129,0.07231473771856786,0.04359908409658618,0.06668401332223148,0.04914654454621149,0.046273938384679435,0.040549542048293086,0.01654870940882598,0.00585970024979184,0.026207327227310576,0.031484179850124895,0.016361365528726062,0.01726686094920899,0.001582014987510408,0.004225645295587011,0.000197751873438801,0.00017693588676103247,0.0,3.1223980016652786e-05,0.002289758534554538,0.0,0.0,0.0,0.0,0.0,0.0,0.0,0.0,0.0,0.0,0.0,0.0,0.0,0.0,0.0,0.0,0.0,0.0,0.0,0.0,0.0,0.0,0.0,0.0,0.0,0.0,0.0,0.0,0.0,0.0,0.0,0.0,0.0,0.0,0.0,0.0,0.0,0.0,0.0,0.0,0.0,nan,nan,4.257609740467799,2.9258091916660893,nan,0.9297933373615327,0.02311020111360742,0.0,0.0,0.0,0.0,0.0,0.0,0.0,0.0,0.0,0.0,0.0,0.0,0.0,0.0,0.0,0.0,0.0,0.0,0.0,0.0,0.0,0.0,0.0,0.0,0.0,0.10931174089068828,2.6477732793522275,14.13765182186235,11.368421052631582,1.7368421052631582,0.9284620465840043,0.02259720413708092,0.0,0.0,0.0,0.0,0.0,0.0,0.0,0.0,0.0,0.0,0.0,0.0,0.0,0.0,0.0,0.0,0.0,0.0,0.0,0.0,0.0,0.0,0.0,0.0,0.0,0.051413881748071995,2.9691516709511574,14.57583547557841,10.938303341902317,1.465295629820052,0.3967,0.01262,0.0,0.0,0.0,0.0,0.0,0.0,0.0,0.0,0.0,0.0,0.2550607287449393,17.53846153846151,12.170040485829963,0.03643724696356276,0.0,0.0,0.0,0.0,0.0,0.0,0.0,0.0,0.0,0.0,0.0,0.0,0.0,0.0,0.0,0.0,0.3975,0.01295,0.0,0.0,0.0,0.0,0.0,0.0,0.0,0.0,0.0,0.0,0.19280205655526997,17.14652956298198,12.609254498714655,0.051413881748071995,0.0,0.0,0.0,0.0,0.0,0.0,0.0,0.0,0.0,0.0,0.0,0.0,0.0,0.0,0.0,0.0
53700,4815,2520,0.5233644859813084,1196,962,0.4481827622014538,1336,0.554932502596054,0.4200000000000001,3.0331154684095862,3.118535717532418,6.502269288956127,2.2988672459108166,9543.467289719627,1613.235781955748,7853.0,11083.0,11083.0,0.0,7853.0,0.0,28.22056074766355,21.015554564225717,33.186218819461594,19.22567224969612,0.14039460020768432,0.09345794392523364,0.09678089304257528,0.08515057113187954,0.07808930425752855,0.07435098650051922,0.06874350986500519,0.06728971962616823,0.06002076843198339,0.05067497403946002,0.04714434060228453,0.040498442367601244,0.03489096573208723,0.024299065420560748,0.020145379023883695,0.010384215991692628,0.0076843198338525445,0.9293204057996518,0.023351903616159613,0.0,0.0,0.0,0.0,0.0,0.0,0.0,0.0,0.0,0.0,0.0,0.0,0.0,0.0,0.0,0.0,0.0,0.0,0.0,0.0,0.0,0.0,0.0,0.0,0.0,0.10591900311526482,3.021806853582555,14.112149532710283,11.127725856697822,1.6323987538940814,4.21853878339234,2.874065928562538,nan,nan,nan,4.1735751295336785,2.895131909404641,4.262955854126679,2.8524074917533846,1.0214158657311598,0.3975,0.0127,0.0,0.0,0.0,0.0,0.0,0.0,0.0,0.0,0.0,0.0,0.1993769470404985,17.495327102803714,12.255451713395642,0.04984423676012462,0.0,0.0,0.0,0.0,0.0,0.0,0.0,0.0,0.0,0.0,0.0,0.0,0.0,0.0,0.0,0.0,nan,nan,4.21853878339234,2.874065928562538,nan,0.3975,0.062,0.0,0.0,0.0,0.0,0.0,0.0,0.0,0.0,0.0,0.0,0.0,0.0,0.0,0.0,0.0,0.0,1.0384215991692628e-05,0.0,0.00020768431983385254,0.0,0.0,0.002201453790238837,0.005690550363447559,0.0006334371754932503,0.005223260643821392,0.011401869158878504,0.005212876427829699,0.0007476635514018691,0.008753894080996884,0.014371754932502596,0.02202492211838006,0.010467289719626169,0.03416407061266875,0.024537902388369677,0.05439252336448598,0.042419522326064385,0.060176531671858775,0.05934579439252336,0.06814122533748702,0.03815160955347871,0.08786085150571132,0.06995846313603322,0.0461889927310488,0.06903426791277259,0.04641744548286604,0.04815160955347871,0.04032191069574247,0.017580477673935616,0.006053997923156802,0.02750778816199377,0.03217030114226376,0.014714434060228453,0.01656282450674974,0.0026583592938733127,0.004454828660436137,0.00016614745586708205,7.268951194184839e-05,2.0768431983385256e-05,0.0,0.0018276220145379024,0.0,0.0,0.0,0.0,0.0,0.0,0.0,0.0,0.0,0.0,0.0,0.0,0.0,0.0,0.0,0.0,0.0,0.0,0.0,0.0,0.0,0.0,0.0,0.0,0.0,0.0,0.0,0.0,0.0,0.0,0.0,0.0,0.0,0.0,0.0,0.0,0.0,0.0,0.0,0.0,0.0,nan,nan,4.21853878339234,2.874065928562538,nan,0.9298840032210426,0.023612673877462142,0.0,0.0,0.0,0.0,0.0,0.0,0.0,0.0,0.0,0.0,0.0,0.0,0.0,0.0,0.0,0.0,0.0,0.0,0.0,0.0,0.0,0.0,0.0,0.0,0.0,0.11904761904761907,3.0357142857142865,13.91666666666667,11.154761904761907,1.7738095238095242,0.9287015537291051,0.02304630107370119,0.0,0.0,0.0,0.0,0.0,0.0,0.0,0.0,0.0,0.0,0.0,0.0,0.0,0.0,0.0,0.0,0.0,0.0,0.0,0.0,0.0,0.0,0.0,0.0,0.0,0.09150326797385623,3.006535947712419,14.326797385620917,11.098039215686278,1.4771241830065363,0.3972,0.01261,0.0,0.0,0.0,0.0,0.0,0.0,0.0,0.0,0.0,0.0,0.22619047619047625,17.559523809523782,12.16666666666667,0.04761904761904763,0.0,0.0,0.0,0.0,0.0,0.0,0.0,0.0,0.0,0.0,0.0,0.0,0.0,0.0,0.0,0.0,0.3977,0.012794,0.0,0.0,0.0,0.0,0.0,0.0,0.0,0.0,0.0,0.0,0.16993464052287588,17.424836601307163,12.35294117647059,0.05228758169934642,0.0,0.0,0.0,0.0,0.0,0.0,0.0,0.0,0.0,0.0,0.0,0.0,0.0,0.0,0.0,0.0
53800,4702,2457,0.5225435984687367,1187,949,0.4542747766907699,1296,0.5512547851977881,0.4240000000000001,3.0138084632516704,3.1493324450949802,6.727848101265823,2.1689661953736414,9540.81582305402,1613.3576342252718,7853.0,11083.0,11083.0,0.0,7853.0,0.0,28.327307528711188,21.06751857584817,33.33518987341772,19.259245411612252,0.1376010208421948,0.10080816673755849,0.09145044661846023,0.08273075287111867,0.07486176095278604,0.07698851552530837,0.06933219906422798,0.06784347086346236,0.0584857507443641,0.05827307528711187,0.04678860059549128,0.034028073160357296,0.03253934495959166,0.029774564015312633,0.021692896639727774,0.009357720119098255,0.007443641003828158,0.9302918641098709,0.02329711918260789,0.0,0.0,0.0,0.0,0.0,0.0,0.0,0.0,0.0,0.0,0.0,0.0,0.0,0.0,0.0,0.0,0.0,0.0,0.0,0.0,0.0,0.0,0.0,0.0,0.0,0.07656316461080392,2.8455976180348794,13.672905146746068,11.567418119948961,1.8375159506592944,4.231020942408377,2.9575364738792,nan,nan,nan,4.201602136181576,2.940567976306587,4.2593068035943515,2.9734857476095975,1.0137339675539145,0.398,0.01257,0.0,0.0,0.0,0.0,0.0,0.0,0.0,0.0,0.0,0.0,0.18502764780944284,17.035304125903846,12.690344534240753,0.08932369204593792,0.0,0.0,0.0,0.0,0.0,0.0,0.0,0.0,0.0,0.0,0.0,0.0,0.0,0.0,0.0,0.0,nan,nan,4.231020942408377,2.9575364738792,nan,0.398,0.06204,0.0,0.0,0.0,0.0,0.0,0.0,0.0,0.0,0.0,0.0,0.0,0.0,0.0,0.0,0.0,0.0,0.0,0.0,0.00012760527435133986,0.0,0.0,0.001977881752445768,0.005433857932794555,0.0003296469587409613,0.005997447894512974,0.010293492131008082,0.006305827307528711,0.0006380263717566993,0.009208847299021694,0.014079115270097831,0.022267120374308804,0.0095810293492131,0.03450659293917482,0.024904296044236496,0.05263717566992769,0.04117396852403233,0.059581029349213104,0.06393024245002127,0.06611016588685666,0.038792003402807314,0.0874096129306678,0.06817311782220332,0.044587409612930666,0.06908762228838793,0.043938749468311354,0.048989791578051896,0.04349213100808167,0.018353891960867716,0.007082092726499362,0.027658443215652913,0.03345384942577626,0.014802211824755423,0.01639727775414717,0.0026265418970650785,0.004125903870693322,0.0002339430029774564,0.00012760527435133986,6.380263717566993e-05,0.0,0.0015206295193534666,0.0,0.0,0.0,0.0,0.0,0.0,0.0,0.0,0.0,0.0,0.0,0.0,0.0,0.0,0.0,0.0,0.0,0.0,0.0,0.0,0.0,0.0,0.0,0.0,0.0,0.0,0.0,0.0,0.0,0.0,0.0,0.0,0.0,0.0,0.0,0.0,0.0,0.0,0.0,0.0,0.0,nan,nan,4.231020942408377,2.9575364738792,nan,0.9306522548611105,0.02348170888094188,0.0,0.0,0.0,0.0,0.0,0.0,0.0,0.0,0.0,0.0,0.0,0.0,0.0,0.0,0.0,0.0,0.0,0.0,0.0,0.0,0.0,0.0,0.0,0.0,0.0,0.07326007326007328,2.6617826617826625,13.931623931623935,11.379731379731382,1.953601953601954,0.9298974409135253,0.0230869605143863,0.0,0.0,0.0,0.0,0.0,0.0,0.0,0.0,0.0,0.0,0.0,0.0,0.0,0.0,0.0,0.0,0.0,0.0,0.0,0.0,0.0,0.0,0.0,0.0,0.0,0.08017817371937641,3.046770601336304,13.389755011135861,11.772828507795104,1.7104677060133635,0.3977,0.012566,0.0,0.0,0.0,0.0,0.0,0.0,0.0,0.0,0.0,0.0,0.21978021978021983,17.24053724053722,12.442002442002446,0.09768009768009771,0.0,0.0,0.0,0.0,0.0,0.0,0.0,0.0,0.0,0.0,0.0,0.0,0.0,0.0,0.0,0.0,0.398,0.01257,0.0,0.0,0.0,0.0,0.0,0.0,0.0,0.0,0.0,0.0,0.1469933184855234,16.810690423162562,12.96213808463252,0.08017817371937641,0.0,0.0,0.0,0.0,0.0,0.0,0.0,0.0,0.0,0.0,0.0,0.0,0.0,0.0,0.0,0.0
53900,4638,2415,0.5206985769728332,1114,912,0.4368262181974989,1253,0.5403191030616645,0.4440000000000001,3.0121457489878543,3.1177716808741582,6.614767255216694,2.129644067523277,9534.85640362225,1613.6155741981106,7853.0,11083.0,11083.0,0.0,7853.0,0.0,28.040750323415264,20.935069222950858,32.9007164790174,19.222166321584087,0.13734368262181976,0.10241483398016386,0.09422164726175075,0.08171625700733075,0.07934454506252694,0.08085381630012936,0.06727037516170763,0.06338939197930142,0.058645968089693835,0.05282449331608452,0.044415696420871065,0.04139715394566624,0.03234152652005175,0.027598102630444158,0.017464424320827943,0.01207416990081932,0.0066839154808106946,0.9298395195131726,0.023484621512708602,0.0,0.0,0.0,0.0,0.0,0.0,0.0,0.0,0.0,0.0,0.0,0.0,0.0,0.0,0.0,0.0,0.0,0.0,0.0,0.0,0.0,0.0,0.0,0.0,0.0064683053040103505,0.09702457956015527,3.117723156532989,13.408796895213458,11.727037516170766,1.642949547218629,4.3389888021717,2.856858242580182,nan,nan,nan,4.348002708192282,2.8609298912971486,4.329931972789115,2.852732666907589,0.9958438996900534,0.3982,0.01284,0.0,0.0,0.0,0.0,0.0,0.0,0.0,0.0,0.0,0.0,0.20698576972833121,16.35187580853814,13.369987063389395,0.07115135834411386,0.0,0.0,0.0,0.0,0.0,0.0,0.0,0.0,0.0,0.0,0.0,0.0,0.0,0.0,0.0,0.0,nan,nan,4.3389888021717,2.856858242580182,nan,0.3982,0.0624,0.0,0.0,0.0,0.0,0.0,0.0,0.0,0.0,0.0,0.0,0.0,0.0,0.0,0.0,0.0,0.0,0.0,0.0,9.702457956015524e-05,0.0,2.15610176800345e-05,0.0017141009055627425,0.005336351875808538,0.00023717119448037947,0.007460112117291936,0.009314359637774904,0.006597671410090556,0.0007546356188012075,0.009486847779215178,0.013885295385942216,0.019221647261750754,0.010036653730056059,0.034961190168175935,0.024935316946959895,0.05353600689952566,0.042238033635187584,0.06098533850797758,0.06611686071582579,0.0646830530401035,0.03803363518758086,0.0846269943941354,0.06778783958602846,0.04342388960758948,0.07114057783527382,0.04042690815006468,0.049741267787839584,0.04215178956446744,0.01653730056058646,0.007664941785252264,0.029139715394566622,0.036642949547218626,0.015135834411384217,0.017259594652867614,0.002759810263044416,0.0038486416558861578,0.00028029322984044847,0.00016170763260025875,0.0,0.0,0.0016170763260025874,0.0,0.0,0.0,0.0,0.0,0.0,0.0,0.0,0.0,0.0,0.0,0.0,0.0,0.0,0.0,0.0,0.0,0.0,0.0,0.0,0.0,0.0,0.0,0.0,0.0,0.0,0.0,0.0,0.0,0.0,0.0,0.0,0.0,0.0,0.0,0.0,0.0,0.0,0.0,0.0,0.0,nan,nan,4.3389888021717,2.856858242580182,nan,0.9300001895699195,0.023581605347875994,0.0,0.0,0.0,0.0,0.0,0.0,0.0,0.0,0.0,0.0,0.0,0.0,0.0,0.0,0.0,0.0,0.0,0.0,0.0,0.0,0.0,0.0,0.0,0.0,0.0,0.11180124223602486,3.217391304347827,13.39130434782609,11.602484472049692,1.677018633540373,0.9296649724204852,0.023377553856556904,0.0,0.0,0.0,0.0,0.0,0.0,0.0,0.0,0.0,0.0,0.0,0.0,0.0,0.0,0.0,0.0,0.0,0.0,0.0,0.0,0.0,0.0,0.0,0.0,0.013495276653171392,0.08097165991902835,3.0094466936572206,13.427800269905536,11.862348178137655,1.605937921727396,0.3984,0.012794,0.0,0.0,0.0,0.0,0.0,0.0,0.0,0.0,0.0,0.0,0.16149068322981372,16.149068322981343,13.602484472049692,0.08695652173913046,0.0,0.0,0.0,0.0,0.0,0.0,0.0,0.0,0.0,0.0,0.0,0.0,0.0,0.0,0.0,0.0,0.3977,0.01287,0.0,0.0,0.0,0.0,0.0,0.0,0.0,0.0,0.0,0.0,0.25641025641025644,16.572199730094443,13.117408906882595,0.05398110661268557,0.0,0.0,0.0,0.0,0.0,0.0,0.0,0.0,0.0,0.0,0.0,0.0,0.0,0.0,0.0,0.0
54000,4999,2663,0.5327065413082617,1252,984,0.4472894578915783,1345,0.5381076215243049,0.4040000000000001,3.0595034246575343,3.1330874133535276,6.6897590361445785,2.0977937210682294,9573.642128425685,1611.5411073570824,7853.0,11083.0,11083.0,0.0,7853.0,0.0,27.97999599919984,20.818988591600203,32.76095711916607,19.128016750631083,0.136627325465093,0.10202040408081617,0.09321864372874575,0.08501700340068014,0.08441688337667534,0.07401480296059212,0.06961392278455691,0.0616123224644929,0.05701140228045609,0.05561112222444489,0.04500900180036007,0.03920784156831366,0.03320664132826565,0.026805361072214443,0.01980396079215843,0.01280256051210242,0.004000800160032006,0.9296078179139665,0.02312423922720088,0.0,0.0,0.0,0.0,0.0,0.0,0.0,0.0,0.0,0.0,0.0,0.0,0.0,0.0,0.0,0.0,0.0,0.0,0.0,0.0,0.0,0.0,0.0,0.0,0.0,0.10202040408081618,2.8625725145029013,14.162832566513305,11.19223844768954,1.680336067213443,4.242857142857143,2.9279169091346846,nan,nan,nan,4.224830142063002,2.9929051196372316,4.2625,2.860916592632508,1.0089163011695905,0.3984,0.01279,0.0,0.0,0.0,0.0,0.0,0.0,0.0,0.0,0.0,0.0,0.24004800960192044,16.221244248849747,13.496699339867977,0.04200840168033608,0.0,0.0,0.0,0.0,0.0,0.0,0.0,0.0,0.0,0.0,0.0,0.0,0.0,0.0,0.0,0.0,nan,nan,4.242857142857143,2.9279169091346846,nan,0.3984,0.06274,0.0,0.0,0.0,0.0,0.0,0.0,0.0,0.0,0.0,0.0,0.0,0.0,0.0,0.0,0.0,0.0,0.0,0.0,0.00020004000800160032,0.0,0.0,0.0011602320464092818,0.005451090218043609,0.0003100620124024805,0.007441488297659532,0.008921784356871375,0.007931586317263453,0.0009801960392078416,0.009751950390078016,0.011992398479695939,0.01885377075415083,0.011002200440088018,0.035827165433086616,0.02435487097419484,0.05376075215043009,0.041698339667933584,0.06078215643128626,0.06836367273454691,0.06524304860972194,0.0380376075215043,0.08145629125825166,0.0649629925985197,0.04319863972794559,0.07285457091418283,0.042038407681536306,0.04724944988997799,0.03967793558711742,0.017003400680136026,0.008871774354870974,0.03052610522104421,0.0364872974594919,0.016733346669333866,0.018453690738147628,0.002550510102020404,0.003760752150430086,0.0003700740148029606,9.001800360072015e-05,0.0,0.0,0.0016503300660132027,0.0,0.0,0.0,0.0,0.0,0.0,0.0,0.0,0.0,0.0,0.0,0.0,0.0,0.0,0.0,0.0,0.0,0.0,0.0,0.0,0.0,0.0,0.0,0.0,0.0,0.0,0.0,0.0,0.0,0.0,0.0,0.0,0.0,0.0,0.0,0.0,0.0,0.0,0.0,0.0,0.0,nan,nan,4.242857142857143,2.9279169091346846,nan,0.9297187803967125,0.0230643830951496,0.0,0.0,0.0,0.0,0.0,0.0,0.0,0.0,0.0,0.0,0.0,0.0,0.0,0.0,0.0,0.0,0.0,0.0,0.0,0.0,0.0,0.0,0.0,0.0,0.0,0.11265490048817126,2.7037176117161104,14.408561772437103,11.040180247840784,1.7348854675178373,0.9294813225836787,0.02319163818249631,0.0,0.0,0.0,0.0,0.0,0.0,0.0,0.0,0.0,0.0,0.0,0.0,0.0,0.0,0.0,0.0,0.0,0.0,0.0,0.0,0.0,0.0,0.0,0.0,0.0,0.08989726027397263,3.043664383561645,13.882705479452058,11.365582191780826,1.6181506849315073,0.3982,0.01291,0.0,0.0,0.0,0.0,0.0,0.0,0.0,0.0,0.0,0.0,0.28163725122042815,16.199774690199,13.462260608336466,0.05632745024408563,0.0,0.0,0.0,0.0,0.0,0.0,0.0,0.0,0.0,0.0,0.0,0.0,0.0,0.0,0.0,0.0,0.3987,0.012634,0.0,0.0,0.0,0.0,0.0,0.0,0.0,0.0,0.0,0.0,0.1926369863013699,16.245719178082165,13.535958904109592,0.02568493150684932,0.0,0.0,0.0,0.0,0.0,0.0,0.0,0.0,0.0,0.0,0.0,0.0,0.0,0.0,0.0,0.0
54100,4861,2599,0.5346636494548447,1247,965,0.45505040115202633,1361,0.559967084961942,0.3960000000000001,3.0366931918656057,3.0402512275399913,6.411255411255412,2.0645402437759777,9579.963587739148,1611.114258834729,7853.0,11083.0,11083.0,0.0,7853.0,0.0,28.629500102859495,20.86502961779594,33.31035316884373,19.100926256643305,0.12939724336556263,0.09627648631968731,0.08784200781732154,0.08557909895083317,0.08907632174449702,0.07693890146060481,0.0720016457519029,0.0608928204073236,0.056778440650072,0.05142974696564493,0.05307549886854557,0.041760954536103685,0.03579510388808887,0.027772063361448263,0.017691832956181857,0.011520263320304465,0.0061715696358773916,0.9297713626929454,0.02342182824857111,0.0,0.0,0.0,0.0,0.0,0.0,0.0,0.0,0.0,0.0,0.0,0.0,0.0,0.0,0.0,0.0,0.0,0.0,0.0,0.0,0.0,0.0,0.0,0.0,0.0,0.11108825344579307,2.9068092984982523,13.82431598436536,11.448261674552564,1.7095247891380378,4.077161450263403,2.8882602635729726,nan,nan,nan,4.033230769230769,2.8524974793718023,4.12054965646471,2.923951139515249,1.0216498614212928,0.399,0.01327,0.0,0.0,0.0,0.0,0.0,0.0,0.0,0.0,0.0,0.0,0.20366179798395398,16.05225262291707,13.614482616745528,0.12960296235342525,0.0,0.0,0.0,0.0,0.0,0.0,0.0,0.0,0.0,0.0,0.0,0.0,0.0,0.0,0.0,0.0,nan,nan,4.077161450263403,2.8882602635729726,nan,0.3987,0.0635,0.0,0.0,0.0,0.0,0.0,0.0,0.0,0.0,0.0,0.0,0.0,0.0,0.0,0.0,0.0,0.0,0.0,0.0,0.0003600082287595145,0.0,0.0,0.0014194610162518,0.005585270520469039,0.00040115202633203047,0.008064184324213125,0.008804772680518411,0.006624151409175067,0.0007817321538778029,0.00984365356922444,0.011293972433655626,0.019738736885414523,0.011304258383048755,0.037389426044023864,0.023801686895700475,0.0534046492491257,0.042542686689981485,0.06013166015223205,0.07070561612836865,0.06527463484879654,0.03578481793869574,0.077751491462662,0.06281629294383871,0.04486731125282863,0.07054104093807859,0.040434067064390046,0.049835424809709934,0.03993005554412672,0.01734211067681547,0.008043612425426868,0.02960296235342522,0.038767743262703144,0.018092984982513886,0.020129602962353426,0.0024994857025303434,0.0033635054515531782,0.0005554412672289652,6.171569635877391e-05,0.0,0.0,0.002108619625591442,0.0,0.0,0.0,0.0,0.0,0.0,0.0,0.0,0.0,0.0,0.0,0.0,0.0,0.0,0.0,0.0,0.0,0.0,0.0,0.0,0.0,0.0,0.0,0.0,0.0,0.0,0.0,0.0,0.0,0.0,0.0,0.0,0.0,0.0,0.0,0.0,0.0,0.0,0.0,0.0,0.0,nan,nan,4.077161450263403,2.8882602635729726,nan,0.929402323767239,0.023298553461098097,0.0,0.0,0.0,0.0,0.0,0.0,0.0,0.0,0.0,0.0,0.0,0.0,0.0,0.0,0.0,0.0,0.0,0.0,0.0,0.0,0.0,0.0,0.0,0.0,0.0,0.103886110042324,3.047325894574837,14.00153905348211,11.219699884570991,1.6275490573297426,0.9301953822189891,0.023555535908397467,0.0,0.0,0.0,0.0,0.0,0.0,0.0,0.0,0.0,0.0,0.0,0.0,0.0,0.0,0.0,0.0,0.0,0.0,0.0,0.0,0.0,0.0,0.0,0.0,0.0,0.11936339522546421,2.745358090185677,13.620689655172416,11.71087533156499,1.8037135278514593,0.399,0.01327,0.0,0.0,0.0,0.0,0.0,0.0,0.0,0.0,0.0,0.0,0.19622931896883422,15.802231627549036,13.897652943439788,0.103886110042324,0.0,0.0,0.0,0.0,0.0,0.0,0.0,0.0,0.0,0.0,0.0,0.0,0.0,0.0,0.0,0.0,0.3987,0.01326,0.0,0.0,0.0,0.0,0.0,0.0,0.0,0.0,0.0,0.0,0.21220159151193638,16.339522546419076,13.289124668435017,0.15915119363395228,0.0,0.0,0.0,0.0,0.0,0.0,0.0,0.0,0.0,0.0,0.0,0.0,0.0,0.0,0.0,0.0
54200,4543,2318,0.5102355271846797,1094,949,0.449702839533348,1284,0.565265243231345,0.4120000000000001,2.951011235955056,3.091536850984854,6.621311475409836,2.1230672795450625,9501.060752806516,1614.6615703062566,7853.0,11083.0,11083.0,0.0,7853.0,0.0,27.591899625797932,20.925069835847463,32.73083024854574,19.174792203649865,0.14461809377063614,0.10059432093330399,0.09311027955095752,0.08826766453885097,0.08298481179837112,0.075280651551838,0.06537530266343826,0.06251375742901166,0.0611930442438917,0.051067576491305305,0.0488663878494387,0.03675985031917235,0.025974025974025976,0.023552718467972706,0.019590578912612813,0.011886418666079684,0.00836451683909311,0.9298188046109642,0.02299584876236353,0.0,0.0,0.0,0.0,0.0,0.0,0.0,0.0,0.0,0.0,0.0,0.0,0.0,0.0,0.0,0.0,0.0,0.0,0.0,0.0,0.0,0.0,0.0,0.0,0.0,0.06603565925599825,2.7999119524543263,13.946731234866832,11.450583314990098,1.736737838432754,4.261945685802681,2.8478307610884164,nan,nan,nan,4.22075208913649,2.8206636040039337,4.3021045485403935,2.8734999009666025,1.0192743988952326,0.3987,0.012695,0.0,0.0,0.0,0.0,0.0,0.0,0.0,0.0,0.0,0.0,0.11226062073519703,15.947611710323553,13.847677745982834,0.09244992295839756,0.0,0.0,0.0,0.0,0.0,0.0,0.0,0.0,0.0,0.0,0.0,0.0,0.0,0.0,0.0,0.0,nan,nan,4.261945685802681,2.8478307610884164,nan,0.3987,0.06323,0.0,0.0,0.0,0.0,0.0,0.0,0.0,0.0,0.0,0.0,0.0,0.0,0.0,0.0,0.0,0.0,0.0,0.0,0.000561303103675985,0.0,0.0,0.0015848558221439578,0.005778120184899846,0.0003631961259079903,0.007208892802113141,0.008716707021791767,0.0062403697996918335,0.0007594100814439798,0.010972925379705041,0.009861325115562404,0.02019590578912613,0.01187541272287035,0.036814880035219016,0.025181598062953996,0.05308166409861325,0.040732995817741584,0.059399075500770414,0.07119744662117543,0.0651551837992516,0.03716707021791767,0.07763592339863526,0.06299801893022232,0.04402377283733216,0.07109839313229144,0.04312128549416685,0.04966982170372001,0.039808496588157605,0.017433414043583534,0.010004402377283733,0.02961699317631521,0.03505392912172573,0.016927140655954215,0.021604666519920757,0.0020581113801452786,0.0034118423948932422,0.0007043803653973145,6.603565925599824e-05,0.0,0.0,0.001915034118423949,0.0,0.0,0.0,0.0,0.0,0.0,0.0,0.0,0.0,0.0,0.0,0.0,0.0,0.0,0.0,0.0,0.0,0.0,0.0,0.0,0.0,0.0,0.0,0.0,0.0,0.0,0.0,0.0,0.0,0.0,0.0,0.0,0.0,0.0,0.0,0.0,0.0,0.0,0.0,0.0,0.0,nan,nan,4.261945685802681,2.8478307610884164,nan,0.9295691149928016,0.02276920335175781,0.0,0.0,0.0,0.0,0.0,0.0,0.0,0.0,0.0,0.0,0.0,0.0,0.0,0.0,0.0,0.0,0.0,0.0,0.0,0.0,0.0,0.0,0.0,0.0,0.0,0.05176876617773944,2.8602243313201043,14.055220017256259,11.427955133735983,1.6048317515099226,0.9300789306940658,0.023226761022801478,0.0,0.0,0.0,0.0,0.0,0.0,0.0,0.0,0.0,0.0,0.0,0.0,0.0,0.0,0.0,0.0,0.0,0.0,0.0,0.0,0.0,0.0,0.0,0.0,0.0,0.08089887640449439,2.7370786516853935,13.833707865168543,11.47415730337079,1.874157303370787,0.3984,0.01238,0.0,0.0,0.0,0.0,0.0,0.0,0.0,0.0,0.0,0.0,0.0647109577221743,16.22950819672129,13.602243313201038,0.10353753235547888,0.0,0.0,0.0,0.0,0.0,0.0,0.0,0.0,0.0,0.0,0.0,0.0,0.0,0.0,0.0,0.0,0.399,0.01301,0.0,0.0,0.0,0.0,0.0,0.0,0.0,0.0,0.0,0.0,0.16179775280898878,15.65393258426964,14.103370786516857,0.08089887640449439,0.0,0.0,0.0,0.0,0.0,0.0,0.0,0.0,0.0,0.0,0.0,0.0,0.0,0.0,0.0,0.0
54300,4670,2459,0.5265524625267666,1170,930,0.44967880085653106,1301,0.5571734475374732,0.39200000000000007,2.9819086386250566,3.024793995964231,6.325337331334333,2.1286937379847783,9553.764453961456,1612.7211347398822,7853.0,11083.0,11083.0,0.0,7853.0,0.0,29.149036402569592,21.199482189667368,33.60882572924458,19.539087186714955,0.12312633832976445,0.0980728051391863,0.09057815845824412,0.09314775160599571,0.07494646680942184,0.0734475374732334,0.0670235546038544,0.06980728051391863,0.060599571734475374,0.051177730192719484,0.04903640256959315,0.038115631691648826,0.039400428265524624,0.028693790149892935,0.023768736616702354,0.01113490364025696,0.007922912205567453,0.930108076308473,0.023038143545515075,0.0,0.0,0.0,0.0,0.0,0.0,0.0,0.0,0.0,0.0,0.0,0.0,0.0,0.0,0.0,0.0,0.0,0.0,0.0,0.0,0.0,0.0,0.0,0.0,0.0,0.10278372591006427,2.74304068522484,13.933618843683087,11.49892933618844,1.7216274089935764,4.058918222794591,2.813717317024777,nan,nan,nan,3.974059662775616,2.8360933821343295,4.142583120204604,2.7889538189465153,1.0424058699992655,0.3987,0.01295,0.0,0.0,0.0,0.0,0.0,0.0,0.0,0.0,0.0,0.0,0.2376873661670236,15.925053533190557,13.792291220556748,0.04496788008565312,0.0,0.0,0.0,0.0,0.0,0.0,0.0,0.0,0.0,0.0,0.0,0.0,0.0,0.0,0.0,0.0,nan,nan,4.058918222794591,2.813717317024777,nan,0.3987,0.0633,0.0,0.0,0.0,0.0,0.0,0.0,0.0,0.0,0.0,0.0,0.0,0.0,0.0,0.0,0.0,0.0,0.0,0.0,0.00069593147751606,6.423982869379015e-05,0.0,0.0017558886509635974,0.005203426124197002,0.00044967880085653106,0.006809421841541756,0.009154175588865096,0.00639186295503212,0.0008565310492505353,0.010685224839400428,0.009925053533190578,0.019464668094218415,0.013758029978586724,0.03649892933618844,0.023147751605995717,0.05386509635974304,0.04138115631691649,0.060738758029978586,0.06994646680942185,0.06598501070663812,0.03829764453961456,0.07740899357601713,0.06382226980728051,0.04215203426124197,0.07096359743040685,0.042034261241970024,0.047955032119914344,0.03865096359743041,0.017548179871520343,0.01056745182012848,0.03155246252676659,0.035920770877944326,0.017334047109207707,0.02183083511777302,0.0024839400428265527,0.0022376873661670237,0.0005460385438972163,0.00018201284796573876,0.0,0.0,0.0016809421841541756,0.0,0.0,5.3533190578158456e-05,0.0,0.0,0.0,0.0,0.0,0.0,0.0,0.0,0.0,0.0,0.0,0.0,0.0,0.0,0.0,0.0,0.0,0.0,0.0,0.0,0.0,0.0,0.0,0.0,0.0,0.0,0.0,0.0,0.0,0.0,0.0,0.0,0.0,0.0,0.0,0.0,0.0,0.0,nan,nan,4.058918222794591,2.813717317024777,nan,0.9307418328419407,0.02293341146712994,0.0,0.0,0.0,0.0,0.0,0.0,0.0,0.0,0.0,0.0,0.0,0.0,0.0,0.0,0.0,0.0,0.0,0.0,0.0,0.0,0.0,0.0,0.0,0.0,0.0,0.07320048800325336,2.6840178934526238,13.603090687271251,11.82187881252542,1.8178121187474587,0.929403233560487,0.023133683232459824,0.0,0.0,0.0,0.0,0.0,0.0,0.0,0.0,0.0,0.0,0.0,0.0,0.0,0.0,0.0,0.0,0.0,0.0,0.0,0.0,0.0,0.0,0.0,0.0,0.0,0.135685210312076,2.8086838534599736,14.301221166892812,11.139755766621441,1.6146540027137046,0.3987,0.012985,0.0,0.0,0.0,0.0,0.0,0.0,0.0,0.0,0.0,0.0,0.23180154534363567,15.945506303375332,13.77389182594551,0.04880032533550225,0.0,0.0,0.0,0.0,0.0,0.0,0.0,0.0,0.0,0.0,0.0,0.0,0.0,0.0,0.0,0.0,0.3987,0.0129,0.0,0.0,0.0,0.0,0.0,0.0,0.0,0.0,0.0,0.0,0.24423337856173682,15.902306648575282,13.812754409769338,0.040705563093622804,0.0,0.0,0.0,0.0,0.0,0.0,0.0,0.0,0.0,0.0,0.0,0.0,0.0,0.0,0.0,0.0
54400,4407,2257,0.5121397776265033,1022,911,0.43862037667347403,1249,0.5668255048786022,0.4200000000000001,2.987441860465116,3.150980720733427,6.705281090289608,2.1126751527118492,9507.211481733606,1614.5239111577923,7853.0,11083.0,11083.0,0.0,7853.0,0.0,27.714771953710006,20.963822167696108,32.910008181074446,19.152042633435475,0.14658497844338553,0.09711822101202632,0.09394145677331518,0.08963013387792149,0.07919219423644203,0.0739732244157023,0.06625822555026095,0.06126616746085772,0.05922396187882913,0.05150896301338779,0.04742455184933061,0.040390288177898796,0.03358293623780349,0.02427955525300658,0.01747220331291128,0.010437939641479465,0.007714998865441343,0.9311134226067364,0.02326147731050741,0.0,0.0,0.0,0.0,0.0,0.0,0.0,0.0,0.0,0.0,0.0,0.0,0.0,0.0,0.0,0.0,0.0,0.0,0.0,0.0,0.0,0.0,0.0,0.0,0.0,0.08168822328114365,2.6072157930565014,13.356024506466987,12.287270251872025,1.6678012253233496,4.341619318181818,2.893429212039125,nan,nan,nan,4.263829787234043,2.8754099700478033,4.420640569395018,2.9100881623762747,1.036776979848133,0.399,0.012886,0.0,0.0,0.0,0.0,0.0,0.0,0.0,0.0,0.0,0.0,0.2927161334240981,15.602450646698411,14.057181756296805,0.04765146358066713,0.0,0.0,0.0,0.0,0.0,0.0,0.0,0.0,0.0,0.0,0.0,0.0,0.0,0.0,0.0,0.0,nan,nan,4.341619318181818,2.893429212039125,nan,0.399,0.06384,0.0,0.0,0.0,0.0,0.0,0.0,0.0,0.0,0.0,0.0,0.0,0.0,0.0,0.0,0.0,0.0,0.0,0.0,0.0005445881552076242,4.538234626730202e-05,0.0,0.002269117313365101,0.005559337417744497,0.0004197867029725437,0.006251418198320854,0.009643748581801679,0.006512366689357839,0.001100521896982074,0.011878829135466304,0.009643748581801679,0.019877467665078283,0.013694122986158384,0.03712275924665305,0.021295665985931474,0.05476514635806671,0.041434082142046746,0.06001815293850692,0.06545268890401634,0.06744951213977762,0.03750850918992512,0.0769117313365101,0.06266167460857726,0.04269344225096437,0.07215793056501021,0.040832766054004994,0.04722033129112775,0.039811663262990696,0.018221012026321762,0.01077830723848423,0.03358293623780349,0.03615838438847288,0.01601996823235761,0.02334921715452689,0.002178352620830497,0.0021443158611300205,0.0004538234626730202,0.0004197867029725437,0.0,0.0,0.0017245291581574767,0.0,0.0,0.0001928749716360336,0.0,0.0,0.0,0.0,0.0,0.0,0.0,0.0,0.0,0.0,0.0,0.0,0.0,0.0,0.0,0.0,0.0,0.0,0.0,0.0,0.0,0.0,0.0,0.0,0.0,0.0,0.0,0.0,0.0,0.0,0.0,0.0,0.0,0.0,0.0,0.0,0.0,0.0,nan,nan,4.341619318181818,2.893429212039125,nan,0.9303153744829826,0.02312880717841751,0.0,0.0,0.0,0.0,0.0,0.0,0.0,0.0,0.0,0.0,0.0,0.0,0.0,0.0,0.0,0.0,0.0,0.0,0.0,0.0,0.0,0.0,0.0,0.0,0.0,0.07975188303057157,2.831191847585291,13.464776251661501,12.055826318121403,1.568453699601241,0.9319511875440908,0.023370639785132864,0.0,0.0,0.0,0.0,0.0,0.0,0.0,0.0,0.0,0.0,0.0,0.0,0.0,0.0,0.0,0.0,0.0,0.0,0.0,0.0,0.0,0.0,0.0,0.0,0.0,0.08372093023255815,2.372093023255814,13.241860465116282,12.530232558139538,1.7720930232558143,0.3987,0.01296,0.0,0.0,0.0,0.0,0.0,0.0,0.0,0.0,0.0,0.0,0.37217545414266734,15.471865307930859,14.089499335400978,0.0664599025254763,0.0,0.0,0.0,0.0,0.0,0.0,0.0,0.0,0.0,0.0,0.0,0.0,0.0,0.0,0.0,0.0,0.399,0.01281,0.0,0.0,0.0,0.0,0.0,0.0,0.0,0.0,0.0,0.0,0.20930232558139542,15.739534883720907,14.023255813953492,0.027906976744186053,0.0,0.0,0.0,0.0,0.0,0.0,0.0,0.0,0.0,0.0,0.0,0.0,0.0,0.0,0.0,0.0
54500,4691,2379,0.5071413344702622,1133,969,0.4480920912385419,1359,0.5794073758260498,0.38800000000000007,2.964100346020761,3.0222660104103247,6.431918008784773,2.0893595687736237,9491.066510338947,1614.835265932963,7853.0,11083.0,11083.0,0.0,7853.0,0.0,28.287358772116818,20.81177454175614,33.163801820020225,19.006517005507447,0.13664463866979323,0.1010445534001279,0.08889362609251758,0.08143253037731826,0.08079300788744403,0.07759539543807291,0.07162651886591345,0.05904924323172032,0.059688765721594546,0.05819654657855468,0.04903005755702409,0.03901087188232786,0.035600085269665314,0.029418034534214453,0.01811980387976977,0.008740140694947772,0.005116179918993818,0.9316077493091454,0.023698316713447506,0.0,0.0,0.0,0.0,0.0,0.0,0.0,0.0,0.0,0.0,0.0,0.0,0.0,0.0,0.0,0.0,0.0,0.0,0.0,0.0,0.0,0.0,0.0,0.0,0.0,0.05116179918993819,2.654018332978044,13.1613728416116,11.97825623534428,2.155190790876146,4.306836768073275,2.816500467088198,nan,nan,nan,4.370873786407767,2.8505934566801248,4.243547319655857,2.7793764669283383,0.9708693334619131,0.3992,0.01276,0.0,0.0,0.0,0.0,0.0,0.0,0.0,0.0,0.0,0.0,0.13429972287358774,15.527606054146215,14.248561074397786,0.08953314858239184,0.0,0.0,0.0,0.0,0.0,0.0,0.0,0.0,0.0,0.0,0.0,0.0,0.0,0.0,0.0,0.0,nan,nan,4.306836768073275,2.816500467088198,nan,0.3992,0.06396,0.0,0.0,0.0,0.0,0.0,0.0,0.0,0.0,0.0,0.0,0.0,0.0,0.0,0.0,0.0,0.0,0.0,0.0,0.0004370070347473886,1.0658708164570453e-05,0.0,0.0023342570880409293,0.005617139202728629,0.0005435941163930932,0.006214026859944575,0.008654871029631209,0.00682157322532509,0.0012150927307610318,0.011937753144318908,0.009049243231720315,0.01970795139629077,0.013760392240460457,0.0356427201023236,0.02209550202515455,0.05518013216798124,0.04095075676827969,0.061180984864634406,0.065657642293754,0.06705393306331273,0.03728416115966745,0.07763803027073118,0.061106373907482414,0.04472393945853762,0.07223406523129397,0.03919206992112556,0.04631208697505862,0.03837134939245364,0.018396930292048603,0.012577275634193136,0.033702835216371775,0.03660200383713494,0.01712854402046472,0.02256448518439565,0.0024941377105094863,0.0021530590492432316,0.0007141334470262204,0.0004476657429119591,0.0,0.0,0.002131741632914091,0.0,0.0,0.0001598806224685568,0.0,0.0,0.0,0.0,0.0,0.0,0.0,0.0,0.0,0.0,0.0,0.0,0.0,0.0,0.0,0.0,0.0,0.0,0.0,0.0,0.0,0.0,0.0,0.0,0.0,0.0,0.0,0.0,0.0,0.0,0.0,0.0,0.0,0.0,0.0,0.0,0.0,0.0,nan,nan,4.306836768073275,2.816500467088198,nan,0.9308685167289772,0.023630506196734416,0.0,0.0,0.0,0.0,0.0,0.0,0.0,0.0,0.0,0.0,0.0,0.0,0.0,0.0,0.0,0.0,0.0,0.0,0.0,0.0,0.0,0.0,0.0,0.0,0.0,0.07566204287515764,2.812105926860026,13.354350567465325,11.828499369482978,1.92938209331652,0.9323684042867493,0.023743877437907217,0.0,0.0,0.0,0.0,0.0,0.0,0.0,0.0,0.0,0.0,0.0,0.0,0.0,0.0,0.0,0.0,0.0,0.0,0.0,0.0,0.0,0.0,0.0,0.0,0.0,0.02595155709342561,2.4913494809688586,12.962802768166092,12.132352941176475,2.3875432525951563,0.3994,0.0131,0.0,0.0,0.0,0.0,0.0,0.0,0.0,0.0,0.0,0.0,0.13871374527112235,15.359394703656978,14.375788146279953,0.1261034047919294,0.0,0.0,0.0,0.0,0.0,0.0,0.0,0.0,0.0,0.0,0.0,0.0,0.0,0.0,0.0,0.0,0.399,0.01238,0.0,0.0,0.0,0.0,0.0,0.0,0.0,0.0,0.0,0.0,0.12975778546712805,15.700692041522469,14.117647058823533,0.05190311418685122,0.0,0.0,0.0,0.0,0.0,0.0,0.0,0.0,0.0,0.0,0.0,0.0,0.0,0.0,0.0,0.0
54600,4091,2192,0.5358103153263261,1056,802,0.45416768516255196,1088,0.5318992911268638,0.4240000000000001,3.0110584518167456,3.07504588581183,6.475587703435805,2.043788469782498,9583.667318504033,1610.8525914651802,7853.0,11083.0,11083.0,0.0,7853.0,0.0,28.66829626008311,20.905234128992817,33.43058755760369,19.09180216803641,0.13346370080664874,0.09166462967489611,0.09019799560009778,0.09019799560009778,0.07895380102664386,0.07430945978978246,0.06942067954045465,0.06404302126619409,0.06697628941579076,0.05377658274260572,0.04399902224395014,0.045221217306282084,0.03446590075776094,0.02688829137130286,0.01955512099731117,0.009533121486189195,0.007333170373991689,0.9322674877338787,0.023190632754838972,0.0,0.0,0.0,0.0,0.0,0.0,0.0,0.0,0.0,0.0,0.0,0.0,0.0,0.0,0.0,0.0,0.0,0.0,0.0,0.0,0.0,0.0,0.0,0.0,0.007333170373991691,0.11733072598386705,2.2879491566854075,13.001711073087268,12.605719872891717,1.9799560009777566,4.0950782997762865,2.8551113964848116,nan,nan,nan,4.0568862275449105,2.813259431295733,4.132986627043091,2.895556286166624,1.018758327256378,0.3997,0.012665,0.0,0.0,0.0,0.0,0.0,0.0,0.0,0.0,0.0,0.0,0.16866291860180888,15.076998288926891,14.673673918357373,0.08066487411390859,0.0,0.0,0.0,0.0,0.0,0.0,0.0,0.0,0.0,0.0,0.0,0.0,0.0,0.0,0.0,0.0,nan,nan,4.0950782997762865,2.8551113964848116,nan,0.3997,0.06396,0.0,0.0,0.0,0.0,0.0,0.0,0.0,0.0,0.0,0.0,0.0,0.0,0.0,0.0,0.0,0.0,0.0,0.0,0.0004155463211928624,4.8887802493277926e-05,0.0,0.0024199462234172574,0.005255438768027377,0.0005133219261794183,0.0080298215595209,0.008323148374480567,0.006013199706673185,0.0015888535810315327,0.011060865314104131,0.00966756294304571,0.018589586898068933,0.01297971156196529,0.03687362503055488,0.021840625763871913,0.0523832803715473,0.04067465167440724,0.06257638719139574,0.06428746027866047,0.06752627719384013,0.035101442190173554,0.08077487166951845,0.06377413835248105,0.041200195551209975,0.07285504766560744,0.040271327303837694,0.04848447812270838,0.037142507944267905,0.01741627963823026,0.0127352725494989,0.03480811537521388,0.035908090931312635,0.018736250305548766,0.021363969689562456,0.0027010510877536055,0.0022977267171840625,0.0007333170373991689,0.00043999022243950136,0.0,0.0,0.0020655096553409925,0.0,0.0,0.0001222195062331948,0.0,0.0,0.0,0.0,0.0,0.0,0.0,0.0,0.0,0.0,0.0,0.0,0.0,0.0,0.0,0.0,0.0,0.0,0.0,0.0,0.0,0.0,0.0,0.0,0.0,0.0,0.0,0.0,0.0,0.0,0.0,0.0,0.0,0.0,0.0,0.0,0.0,0.0,nan,nan,4.0950782997762865,2.8551113964848116,nan,0.9324833226193042,0.022958248276370663,0.0,0.0,0.0,0.0,0.0,0.0,0.0,0.0,0.0,0.0,0.0,0.0,0.0,0.0,0.0,0.0,0.0,0.0,0.0,0.0,0.0,0.0,0.0,0.0,0.0,0.12317518248175185,2.162408759124088,13.179744525547449,12.577554744525552,1.9571167883211682,0.932018351310049,0.023453540420053966,0.0,0.0,0.0,0.0,0.0,0.0,0.0,0.0,0.0,0.0,0.0,0.0,0.0,0.0,0.0,0.0,0.0,0.0,0.0,0.0,0.0,0.0,0.0,0.0,0.015797788309636653,0.11058451816745658,2.4328593996840446,12.79620853080569,12.638230647709323,2.0063191153238553,0.3994,0.012665,0.0,0.0,0.0,0.0,0.0,0.0,0.0,0.0,0.0,0.0,0.1642335766423358,15.095802919708007,14.671532846715332,0.06843065693430658,0.0,0.0,0.0,0.0,0.0,0.0,0.0,0.0,0.0,0.0,0.0,0.0,0.0,0.0,0.0,0.0,0.3997,0.01266,0.0,0.0,0.0,0.0,0.0,0.0,0.0,0.0,0.0,0.0,0.1737756714060032,15.055292259083707,14.676145339652452,0.09478672985781993,0.0,0.0,0.0,0.0,0.0,0.0,0.0,0.0,0.0,0.0,0.0,0.0,0.0,0.0,0.0,0.0
54700,4011,2067,0.5153328347045625,990,809,0.44851657940663175,1105,0.5509847918224882,0.4400000000000001,3.0123456790123457,3.1951048998170997,6.814953271028037,2.1454931567513493,9517.525056095737,1614.2404618949167,7853.0,11083.0,11083.0,0.0,7853.0,0.0,27.634006482174023,20.77329952013729,32.60345340875261,19.046376392603772,0.14210919970082272,0.099975068561456,0.09698329593617552,0.08451757666417352,0.08027923211169284,0.08102717526801297,0.06781351283969085,0.05833956619296934,0.060334081276489655,0.051109449015208176,0.04886561954624782,0.04038893044128646,0.029668411867364748,0.02368486661680379,0.016454749439042633,0.010720518573921716,0.007728745948641236,0.9323563821682518,0.023472685434017565,0.0,0.0,0.0,0.0,0.0,0.0,0.0,0.0,0.0,0.0,0.0,0.0,0.0,0.0,0.0,0.0,0.0,0.0,0.0,0.0,0.0,0.0,0.0,0.0,0.0,0.11219147344801798,2.490650710545999,12.827225130890056,12.4756918474196,2.0942408376963355,4.3167121153097,2.971328583796143,nan,nan,nan,4.373271889400922,2.985704529494384,4.258498023715415,2.955328964018933,0.9737556071087935,0.3992,0.012726,0.0,0.0,0.0,0.0,0.0,0.0,0.0,0.0,0.0,0.0,0.20194465220643237,15.407629020194443,14.315632011967095,0.07479431563201198,0.0,0.0,0.0,0.0,0.0,0.0,0.0,0.0,0.0,0.0,0.0,0.0,0.0,0.0,0.0,0.0,nan,nan,4.3167121153097,2.971328583796143,nan,0.3992,0.06384,0.0,0.0,0.0,0.0,0.0,0.0,0.0,0.0,0.0,0.0,0.0,0.0,0.0,0.0,0.0,0.0,0.0,0.0,0.0004113687359760658,0.00017452006980802793,0.0,0.0031413612565445027,0.005908750934928946,0.0006232859636000997,0.008040388930441287,0.007791074545001247,0.0058464223385689355,0.0016579406631762653,0.010471204188481676,0.008850660683121417,0.019035153328347047,0.010919970082273748,0.0381201695337821,0.02201446023435552,0.05484916479680878,0.041298927948142605,0.06232859636000997,0.06657940663176265,0.06662926950885066,0.029705809025180753,0.07925704313138868,0.06529543754674645,0.04171029668411867,0.07131637995512341,0.04081276489653453,0.052019446522064326,0.036225380204437795,0.01795063575168287,0.015607080528546497,0.03652455746696585,0.03457990526053353,0.01787584143605086,0.019359262029419098,0.002243829468960359,0.001907255048616305,0.0007479431563201197,0.0005110944901520818,1.2465719272001995e-05,0.0,0.0014210919970082275,0.0,0.0,0.0002243829468960359,0.0,0.0,0.0,0.0,0.0,0.0,0.0,0.0,0.0,0.0,0.0,0.0,0.0,0.0,0.0,0.0,0.0,0.0,0.0,0.0,0.0,0.0,0.0,0.0,0.0,0.0,0.0,0.0,0.0,0.0,0.0,0.0,0.0,0.0,0.0,0.0,0.0,0.0,nan,nan,4.3167121153097,2.971328583796143,nan,0.9320017080925257,0.02316592407266825,0.0,0.0,0.0,0.0,0.0,0.0,0.0,0.0,0.0,0.0,0.0,0.0,0.0,0.0,0.0,0.0,0.0,0.0,0.0,0.0,0.0,0.0,0.0,0.0,0.0,0.0725689404934688,2.5399129172714083,12.888243831640061,12.641509433962268,1.8577648766328017,0.9327334970419789,0.02378871871985685,0.0,0.0,0.0,0.0,0.0,0.0,0.0,0.0,0.0,0.0,0.0,0.0,0.0,0.0,0.0,0.0,0.0,0.0,0.0,0.0,0.0,0.0,0.0,0.0,0.0,0.154320987654321,2.438271604938272,12.76234567901235,12.299382716049385,2.3456790123456797,0.3992,0.01279,0.0,0.0,0.0,0.0,0.0,0.0,0.0,0.0,0.0,0.0,0.1596516690856314,15.558780841799686,14.1944847605225,0.08708272859216257,0.0,0.0,0.0,0.0,0.0,0.0,0.0,0.0,0.0,0.0,0.0,0.0,0.0,0.0,0.0,0.0,0.3992,0.01267,0.0,0.0,0.0,0.0,0.0,0.0,0.0,0.0,0.0,0.0,0.24691358024691365,15.246913580246892,14.444444444444448,0.06172839506172841,0.0,0.0,0.0,0.0,0.0,0.0,0.0,0.0,0.0,0.0,0.0,0.0,0.0,0.0,0.0,0.0
54800,4264,2188,0.5131332082551595,1051,874,0.45145403377110693,1195,0.5605065666041276,0.4080000000000001,2.897880539499037,3.027996427876374,6.48034188034188,2.0845479255843467,9510.420262664165,1614.4427897313374,7853.0,11083.0,11083.0,0.0,7853.0,0.0,27.66439962476548,20.788179210845136,32.7020202020202,19.02194333210418,0.14423076923076922,0.0975609756097561,0.09333958724202626,0.08419324577861163,0.08536585365853659,0.07833020637898687,0.07317073170731707,0.05956848030018762,0.05956848030018762,0.04713883677298311,0.04409005628517824,0.036350844277673544,0.036585365853658534,0.025328330206378986,0.017120075046904316,0.013602251407129456,0.004455909943714822,0.932778546946581,0.02339825136036076,0.0,0.0,0.0,0.0,0.0,0.0,0.0,0.0,0.0,0.0,0.0,0.0,0.0,0.0,0.0,0.0,0.0,0.0,0.0,0.0,0.0,0.0,0.0,0.0,0.0,0.08442776735459663,2.3006566604127583,13.08630393996248,12.249061913696064,2.2795497185741094,4.181884321571481,2.846571194630823,nan,nan,nan,4.165942028985508,2.8270175911032953,4.197954711468225,2.8660571554157204,1.0076843802098017,0.3984,0.0126,0.0,0.0,0.0,0.0,0.0,0.0,0.0,0.0,0.0,0.0,0.1407129455909944,16.329737335834874,13.487335834896815,0.042213883677298315,0.0,0.0,0.0,0.0,0.0,0.0,0.0,0.0,0.0,0.0,0.0,0.0,0.0,0.0,0.0,0.0,nan,nan,4.181884321571481,2.846571194630823,nan,0.3984,0.0635,0.0,0.0,0.0,0.0,0.0,0.0,0.0,0.0,0.0,0.0,0.0,0.0,0.0,0.0,0.0,0.0,0.0,0.0,0.0005628517823639775,0.00039868667917448405,1.1726078799249531e-05,0.0024859287054409007,0.005956848030018762,0.0005863039399624766,0.006648686679174484,0.007363977485928705,0.005804409005628518,0.0015830206378986867,0.012265478424015009,0.008900093808630395,0.019172138836772983,0.012054409005628517,0.03771106941838649,0.02197467166979362,0.05615619136960601,0.04032598499061914,0.06661585365853659,0.06835131332082552,0.06564258911819887,0.030581613508442778,0.08157833020637899,0.06832786116322702,0.03842636022514071,0.06764774859287054,0.03842636022514071,0.04998827392120075,0.03450984990619137,0.02071998123827392,0.014294090056285179,0.038402908067542214,0.033161350844277675,0.019371482176360224,0.017882270168855536,0.002403846153846154,0.0012195121951219512,0.0008208255159474672,0.0003400562851782364,0.0,0.0,0.0010201688555347092,0.0,0.0,0.0003048780487804878,0.0,0.0,0.0,0.0,0.0,0.0,0.0,0.0,0.0,0.0,0.0,0.0,0.0,0.0,0.0,0.0,0.0,0.0,0.0,0.0,0.0,0.0,0.0,0.0,0.0,0.0,0.0,0.0,0.0,0.0,0.0,0.0,0.0,0.0,0.0,0.0,0.0,0.0,nan,nan,4.181884321571481,2.846571194630823,nan,0.9331800918038629,0.023525541967060172,0.0,0.0,0.0,0.0,0.0,0.0,0.0,0.0,0.0,0.0,0.0,0.0,0.0,0.0,0.0,0.0,0.0,0.0,0.0,0.0,0.0,0.0,0.0,0.0,0.0,0.05484460694698356,2.4131627056672764,12.765082266910424,12.381170018281539,2.3857404021937847,0.9323553387829334,0.023255836383038873,0.0,0.0,0.0,0.0,0.0,0.0,0.0,0.0,0.0,0.0,0.0,0.0,0.0,0.0,0.0,0.0,0.0,0.0,0.0,0.0,0.0,0.0,0.0,0.0,0.0,0.115606936416185,2.1820809248554918,13.424855491329483,12.109826589595379,2.1676300578034686,0.3982,0.012634,0.0,0.0,0.0,0.0,0.0,0.0,0.0,0.0,0.0,0.0,0.1782449725776966,16.604204753199244,13.217550274223038,0.0,0.0,0.0,0.0,0.0,0.0,0.0,0.0,0.0,0.0,0.0,0.0,0.0,0.0,0.0,0.0,0.0,0.399,0.012566,0.0,0.0,0.0,0.0,0.0,0.0,0.0,0.0,0.0,0.0,0.10115606936416188,16.04046242774564,13.771676300578038,0.08670520231213874,0.0,0.0,0.0,0.0,0.0,0.0,0.0,0.0,0.0,0.0,0.0,0.0,0.0,0.0,0.0,0.0
54900,4061,2069,0.5094804235409998,974,801,0.43708446195518347,1118,0.5506032996798818,0.4280000000000001,2.9748995983935744,3.132029842401668,6.590509666080844,2.2268487716985925,9498.621768037428,1614.7096665723723,7853.0,11083.0,11083.0,0.0,7853.0,0.0,28.16793893129771,21.057708875613457,33.014881820834546,19.349640588490164,0.13912829352376263,0.09381925634080276,0.101699088894361,0.08520068948534844,0.07658212262989411,0.07559714356069934,0.0674710662398424,0.0625461708938685,0.05466633834031027,0.05515882787490766,0.05195764590002462,0.03718295986210293,0.035459246491012064,0.026348190100960355,0.018468357547402118,0.008618566855454321,0.010096035459246491,0.9341670018908602,0.023297384064659938,0.0,0.0,0.0,0.0,0.0,0.0,0.0,0.0,0.0,0.0,0.0,0.0,0.0,0.0,0.0,0.0,0.0,0.0,0.0,0.0,0.0,0.0,0.0,0.0,0.0,0.08126077320856934,1.9945826151194292,12.536321103176562,12.905688254124604,2.482147254370845,4.264187116564417,2.8820748557575397,nan,nan,nan,4.322178988326848,2.8681286214141184,4.209531013615734,2.8949013435916826,0.9739372258725636,0.3982,0.01263,0.0,0.0,0.0,0.0,0.0,0.0,0.0,0.0,0.0,0.0,0.13297217434129527,16.577197734548115,13.245506032996802,0.04432405811376509,0.0,0.0,0.0,0.0,0.0,0.0,0.0,0.0,0.0,0.0,0.0,0.0,0.0,0.0,0.0,0.0,nan,nan,4.264187116564417,2.8820748557575397,nan,0.3982,0.063,0.0,0.0,0.0,0.0,0.0,0.0,0.0,0.0,0.0,0.0,0.0,0.0,0.0,0.0,0.0,0.0,0.0,0.0,0.0005171140113272593,0.00036936715094804237,0.0,0.0020068948534843634,0.006254617089386851,0.0006525486333415415,0.0065008618566855456,0.007153410490027087,0.006390051711401132,0.0016375277025363212,0.011031765574981532,0.008754001477468604,0.020019699581383894,0.012250677173110071,0.0369244028564393,0.022925387835508494,0.05799064269884265,0.03960847081999508,0.06761881310022162,0.06768037429204629,0.06447919231716326,0.030041861610440777,0.08347697611425757,0.06764343757695149,0.0409628170401379,0.06822211278010343,0.03944841172125092,0.05044324058113765,0.034018714602314704,0.019244028564393008,0.012755478946072396,0.03730608224575228,0.03542230977591726,0.018308298448657966,0.016387589263728145,0.00264713124846097,0.0008618566855454322,0.0008126077320856932,7.387343018960847e-05,2.462447672986949e-05,0.0,0.0010342280226545186,0.0,0.0,9.849790691947795e-05,0.0,0.0,0.0,0.0,0.0,0.0,0.0,0.0,0.0,0.0,0.0,0.0,0.0,0.0,0.0,0.0,0.0,0.0,0.0,0.0,0.0,0.0,0.0,0.0,0.0,0.0,0.0,0.0,0.0,0.0,0.0,0.0,0.0,0.0,0.0,0.0,0.0,0.0,nan,nan,4.264187116564417,2.8820748557575397,nan,0.9345105516847174,0.023310005486485763,0.0,0.0,0.0,0.0,0.0,0.0,0.0,0.0,0.0,0.0,0.0,0.0,0.0,0.0,0.0,0.0,0.0,0.0,0.0,0.0,0.0,0.0,0.0,0.0,0.0,0.07249879168680523,1.8994683421942973,12.513291445142585,12.991783470275498,2.522957950700822,0.9338101723107947,0.02327890027506551,0.0,0.0,0.0,0.0,0.0,0.0,0.0,0.0,0.0,0.0,0.0,0.0,0.0,0.0,0.0,0.0,0.0,0.0,0.0,0.0,0.0,0.0,0.0,0.0,0.0,0.09036144578313254,2.093373493975904,12.560240963855426,12.816265060240967,2.439759036144579,0.398,0.012535,0.0,0.0,0.0,0.0,0.0,0.0,0.0,0.0,0.0,0.0,0.11599806669888837,16.86321894635087,12.977283711938139,0.04349927501208314,0.0,0.0,0.0,0.0,0.0,0.0,0.0,0.0,0.0,0.0,0.0,0.0,0.0,0.0,0.0,0.0,0.3982,0.01272,0.0,0.0,0.0,0.0,0.0,0.0,0.0,0.0,0.0,0.0,0.15060240963855426,16.280120481927685,13.524096385542173,0.04518072289156627,0.0,0.0,0.0,0.0,0.0,0.0,0.0,0.0,0.0,0.0,0.0,0.0,0.0,0.0,0.0,0.0
55000,4266,2272,0.5325832161275199,1089,839,0.45194561650257853,1170,0.5485232067510548,0.4040000000000001,3.0672016048144433,3.137839320181207,6.572402044293015,2.0824867657855934,9573.24378809189,1611.5671705107638,7853.0,11083.0,11083.0,0.0,7853.0,0.0,28.477027660571963,20.922547369907505,33.55505869200671,19.011673427286148,0.1420534458509142,0.08837318330989218,0.08860759493670886,0.08837318330989218,0.08134083450539147,0.07243319268635724,0.0686826066572902,0.06352555086732302,0.06657290201593999,0.05368026254102203,0.04922644163150492,0.0403187998124707,0.035161744022503515,0.024847632442569153,0.01875293014533521,0.011017346460384434,0.007032348804500703,0.9349009469256288,0.023103258801812916,0.0,0.0,0.0,0.0,0.0,0.0,0.0,0.0,0.0,0.0,0.0,0.0,0.0,0.0,0.0,0.0,0.0,0.0,0.0,0.0,0.0,0.0,0.0,0.0,0.0,0.07032348804500704,1.8706047819971874,12.306610407876233,13.284106891701832,2.468354430379747,4.247311827956989,2.9333916684515726,nan,nan,nan,4.235077376565954,2.922482958840469,4.258897418004187,2.9436376869047316,1.005624464282527,0.3972,0.01286,0.0,0.0,0.0,0.0,0.0,0.0,0.0,0.0,0.0,0.0,0.21800281293952187,17.475386779184223,12.26441631504923,0.042194092827004225,0.0,0.0,0.0,0.0,0.0,0.0,0.0,0.0,0.0,0.0,0.0,0.0,0.0,0.0,0.0,0.0,nan,nan,4.247311827956989,2.9333916684515726,nan,0.3972,0.06256,0.0,0.0,0.0,0.0,0.0,0.0,0.0,0.0,0.0,0.0,0.0,0.0,0.0,1.1720581340834505e-05,0.0,0.0,0.0,0.0,0.00031645569620253165,0.00028129395218002813,1.1720581340834505e-05,0.001875293014533521,0.006973745897796531,0.0008790436005625879,0.005778246601031411,0.007583216127519925,0.005848570089076418,0.0015119549929676513,0.011064228785747773,0.008802156586966713,0.020511017346460384,0.011990154711673699,0.03646272855133614,0.025140646976090014,0.05893108298171589,0.039990623534927335,0.06892873886544773,0.06722925457102673,0.06428738865447726,0.02877402719174871,0.08582981715893108,0.06988982653539616,0.03900609470229723,0.0710970464135021,0.03782231598687295,0.05069151429910924,0.03180965775902485,0.018459915611814346,0.013431786216596343,0.03720112517580872,0.03391936240037506,0.0173581809657759,0.01503750586029067,0.002273792780121894,0.0009845288326300985,0.0006680731364275668,0.0,1.1720581340834505e-05,0.0,0.0011720581340834506,0.0,0.0,0.00015236755743084856,0.0,0.0,0.0,0.0,0.0,0.0,0.0,0.0,0.0,0.0,0.0,0.0,0.0,0.0,0.0,0.0,0.0,0.0,0.0,0.0,0.0,0.0,0.0,0.0,0.0,0.0,0.0,0.0,0.0,0.0,0.0,0.0,0.0,0.0,0.0,0.0,0.0,0.0,nan,nan,4.247311827956989,2.9333916684515726,nan,0.9352817093612442,0.022855080873988985,0.0,0.0,0.0,0.0,0.0,0.0,0.0,0.0,0.0,0.0,0.0,0.0,0.0,0.0,0.0,0.0,0.0,0.0,0.0,0.0,0.0,0.0,0.0,0.0,0.0,0.02640845070422536,1.7825704225352117,12.306338028169018,13.389084507042257,2.495598591549296,0.9344670992557599,0.023375268536405994,0.0,0.0,0.0,0.0,0.0,0.0,0.0,0.0,0.0,0.0,0.0,0.0,0.0,0.0,0.0,0.0,0.0,0.0,0.0,0.0,0.0,0.0,0.0,0.0,0.0,0.12036108324974927,1.9709127382146443,12.306920762286863,13.164493480441328,2.437311935807423,0.3975,0.01294,0.0,0.0,0.0,0.0,0.0,0.0,0.0,0.0,0.0,0.0,0.19806338028169018,17.29753521126758,12.451584507042257,0.05281690140845072,0.0,0.0,0.0,0.0,0.0,0.0,0.0,0.0,0.0,0.0,0.0,0.0,0.0,0.0,0.0,0.0,0.3972,0.01277,0.0,0.0,0.0,0.0,0.0,0.0,0.0,0.0,0.0,0.0,0.24072216649949854,17.678034102306896,12.051153460381146,0.030090270812437318,0.0,0.0,0.0,0.0,0.0,0.0,0.0,0.0,0.0,0.0,0.0,0.0,0.0,0.0,0.0,0.0
55100,4281,2214,0.5171688857743518,983,873,0.43354356458771315,1184,0.5531417893015651,0.4360000000000001,2.977745524915336,3.1309878323094327,6.607017543859649,2.2594720427508976,9523.455501051156,1614.0476100174878,7853.0,11083.0,11083.0,0.0,7853.0,0.0,27.4239663629993,20.74370301838632,32.30799220272905,19.088541592076716,0.1396869890212567,0.10558280775519738,0.1006774118196683,0.08829712683952348,0.07334734875029199,0.07988787666433077,0.06540527914038775,0.06400373744452231,0.054192945573464144,0.056762438682550806,0.04134548002803083,0.040177528614809624,0.033169820135482364,0.023826208829712685,0.017986451763606633,0.010978743284279373,0.00467180565288484,0.9344852123408639,0.02334559388681495,0.0,0.0,0.0,0.0,0.0,0.0,0.0,0.0,0.0,0.0,0.0,0.0,0.0,0.0,0.0,0.0,0.0,0.0,0.0,0.0,0.0,0.0,0.0,0.0,0.0,0.0911002102312544,1.9481429572529787,12.312543798178,13.195515066573234,2.4526979677645415,4.37002603198215,2.9250475801756575,nan,nan,nan,4.401049475262369,2.9399842082022714,4.339483394833948,2.909944476255573,0.9860110455984479,0.3977,0.01308,0.0,0.0,0.0,0.0,0.0,0.0,0.0,0.0,0.0,0.0,0.23125437981779964,16.573230553608948,13.118430273300634,0.07708479327259987,0.0,0.0,0.0,0.0,0.0,0.0,0.0,0.0,0.0,0.0,0.0,0.0,0.0,0.0,0.0,0.0,nan,nan,4.37002603198215,2.9250475801756575,nan,0.3977,0.06287,0.0,0.0,0.0,0.0,0.0,0.0,0.0,0.0,0.0,0.0,0.0,0.0,0.0,0.0,0.0,0.0,0.0,0.0,0.0003270263957019388,0.0002219107685120299,2.33590282644242e-05,0.0024293389395001167,0.006587245970567625,0.0010745153001635132,0.005337537958420929,0.007439850502219108,0.005582807755197384,0.0016818500350385423,0.011422564821303435,0.00928521373510862,0.02117495912170054,0.012158374211632796,0.03599626255547769,0.022903527213267928,0.057766876897921045,0.0397687456201822,0.06861714552674608,0.06888577435178697,0.06387526278906798,0.02736510161177295,0.08898621817332399,0.06792805419294558,0.04034104181266059,0.07036907264657791,0.0370707778556412,0.050992758701238025,0.029058631160943704,0.020310675075916843,0.01290586311609437,0.039103013314646114,0.0363933660359729,0.0153468815697267,0.01507825274468582,0.002370941368839056,0.00116795141322121,0.0008759635599159075,1.16795141322121e-05,0.0001051156271899089,0.0,0.0012497080121466947,0.0,0.0,0.0004087829946274235,0.0,0.0,0.0,0.0,0.0,0.0,0.0,0.0,0.0,0.0,0.0,0.0,0.0,0.0,0.0,0.0,0.0,0.0,0.0,0.0,0.0,0.0,0.0,0.0,0.0,0.0,0.0,0.0,0.0,0.0,0.0,0.0,0.0,0.0,0.0,0.0,0.0,0.0,nan,nan,4.37002603198215,2.9250475801756575,nan,0.9344391376183931,0.02242043562644084,0.0,0.0,0.0,0.0,0.0,0.0,0.0,0.0,0.0,0.0,0.0,0.0,0.0,0.0,0.0,0.0,0.0,0.0,0.0,0.0,0.0,0.0,0.0,0.0,0.0,0.04065040650406505,1.8292682926829273,12.466124661246615,13.495934959349597,2.1680216802168024,0.9345345637852521,0.02429740810566861,0.0,0.0,0.0,0.0,0.0,0.0,0.0,0.0,0.0,0.0,0.0,0.0,0.0,0.0,0.0,0.0,0.0,0.0,0.0,0.0,0.0,0.0,0.0,0.0,0.0,0.1451378809869376,2.075471698113208,12.14804063860668,12.873730043541368,2.757619738751815,0.398,0.01326,0.0,0.0,0.0,0.0,0.0,0.0,0.0,0.0,0.0,0.0,0.21680216802168026,16.32791327913277,13.346883468834692,0.10840108401084013,0.0,0.0,0.0,0.0,0.0,0.0,0.0,0.0,0.0,0.0,0.0,0.0,0.0,0.0,0.0,0.0,0.3975,0.01288,0.0,0.0,0.0,0.0,0.0,0.0,0.0,0.0,0.0,0.0,0.24673439767779395,16.835994194484737,12.873730043541368,0.043541364296081284,0.0,0.0,0.0,0.0,0.0,0.0,0.0,0.0,0.0,0.0,0.0,0.0,0.0,0.0,0.0,0.0
55200,4719,2468,0.5229921593557957,1181,982,0.45835982199618563,1308,0.554354736172918,0.4160000000000001,3.043091959129276,3.1652839828554153,6.794117647058823,2.2331646203209665,9542.26467471922,1613.2915911541995,7853.0,11083.0,11083.0,0.0,7853.0,0.0,28.05128205128205,20.62281776003341,32.72138930534732,18.903952167869104,0.13011231193049375,0.09853782581055308,0.09535918626827718,0.09006145369781733,0.08391608391608392,0.07183725365543547,0.07056579783852511,0.07183725365543547,0.0542487815215088,0.056155965246874336,0.043653316380589106,0.040050858232676415,0.03581267217630854,0.02500529773257046,0.017376562831108285,0.008476372112735749,0.006993006993006993,0.9354111601498502,0.023060004755116246,0.0,0.0,0.0,0.0,0.0,0.0,0.0,0.0,0.0,0.0,0.0,0.0,0.0,0.0,0.0,0.0,0.0,0.0,0.0,0.0,0.0,0.0,0.0,0.0,0.0,0.044500953591862694,1.7228226319135413,12.123331214240308,13.407501589319775,2.701843610934521,4.271125611745514,2.9402807856417703,nan,nan,nan,4.257105943152455,2.905006797350398,4.284960422163588,2.9767012050920822,1.0065430551607337,0.3972,0.01264,0.0,0.0,0.0,0.0,0.0,0.0,0.0,0.0,0.0,0.0,0.26064844246662433,17.44437380801015,12.250476795931345,0.044500953591862694,0.0,0.0,0.0,0.0,0.0,0.0,0.0,0.0,0.0,0.0,0.0,0.0,0.0,0.0,0.0,0.0,nan,nan,4.271125611745514,2.9402807856417703,nan,0.3972,0.0629,0.0,0.0,0.0,0.0,0.0,0.0,0.0,0.0,0.0,0.0,0.0,0.0,0.0,0.0,0.0,0.0,0.0,0.0,0.0003814367450731087,0.0001589319771137953,0.0,0.0019389701207883027,0.006600974782792965,0.001451578724305997,0.006304301758847213,0.007755880483153211,0.005329518965882602,0.0017164653528289893,0.011199406653952108,0.008508158508158508,0.021307480398389488,0.013371477007840644,0.036384827293918204,0.0243271879635516,0.058232676414494595,0.04065479974570883,0.07015257469802924,0.06724941724941724,0.06308539944903581,0.02804619622801441,0.0881542699724518,0.06716465352828989,0.04527442254714982,0.06718584445857173,0.03680864589955499,0.051176096630642084,0.027293918203009113,0.016041534223352406,0.015575333757151939,0.03924560288196652,0.03384191566009748,0.01645475736384827,0.014833651197287561,0.002807798262343717,0.0014409832591650773,0.0007204916295825386,0.00010595465140919687,2.1190930281839374e-05,0.0,0.0013986013986013986,0.0,0.0,0.0002966730239457512,0.0,0.0,0.0,0.0,0.0,0.0,0.0,0.0,0.0,0.0,0.0,0.0,0.0,0.0,0.0,0.0,0.0,0.0,0.0,0.0,0.0,0.0,0.0,0.0,0.0,0.0,0.0,0.0,0.0,0.0,0.0,0.0,0.0,0.0,0.0,0.0,0.0,0.0,nan,nan,4.271125611745514,2.9402807856417703,nan,0.9354052006763616,0.022750979249986442,0.0,0.0,0.0,0.0,0.0,0.0,0.0,0.0,0.0,0.0,0.0,0.0,0.0,0.0,0.0,0.0,0.0,0.0,0.0,0.0,0.0,0.0,0.0,0.0,0.0,0.048622366288492716,1.616693679092383,12.228525121555919,13.407617504051867,2.698541329011346,0.9354176941261139,0.023394128209657073,0.0,0.0,0.0,0.0,0.0,0.0,0.0,0.0,0.0,0.0,0.0,0.0,0.0,0.0,0.0,0.0,0.0,0.0,0.0,0.0,0.0,0.0,0.0,0.0,0.0,0.0399822301199467,1.839182585517548,12.007996446023993,13.407374500222126,2.705464238116393,0.397,0.01265,0.0,0.0,0.0,0.0,0.0,0.0,0.0,0.0,0.0,0.0,0.2674230145867099,17.50405186385735,12.192058346839548,0.036466774716369534,0.0,0.0,0.0,0.0,0.0,0.0,0.0,0.0,0.0,0.0,0.0,0.0,0.0,0.0,0.0,0.0,0.3972,0.01263,0.0,0.0,0.0,0.0,0.0,0.0,0.0,0.0,0.0,0.0,0.2532207907596624,17.378942692136803,12.314526876943583,0.05330964015992894,0.0,0.0,0.0,0.0,0.0,0.0,0.0,0.0,0.0,0.0,0.0,0.0,0.0,0.0,0.0,0.0
55300,4764,2487,0.5220403022670025,1155,967,0.445424013434089,1333,0.5596137699412259,0.4120000000000001,3.0557751427316644,3.220209334575347,6.765258215962441,2.303562163746554,9539.190176322418,1613.4301840473863,7853.0,11083.0,11083.0,0.0,7853.0,0.0,28.079974811083122,20.967031263375496,32.91393034825871,19.256143426884332,0.13832913518052056,0.09907640638119228,0.095088161209068,0.09089000839630562,0.07493702770780857,0.07031905961376994,0.07304785894206549,0.06024349286314022,0.06360201511335013,0.049958018471872374,0.048068849706129305,0.03757346767422334,0.03736356003358522,0.02476910159529807,0.017842149454240133,0.011964735516372796,0.0069269521410579345,0.9349867287776132,0.02343742832209968,0.0,0.0,0.0,0.0,0.0,0.0,0.0,0.0,0.0,0.0,0.0,0.0,0.0,0.0,0.0,0.0,0.0,0.0,0.0,0.0,0.0,0.0,0.0,0.0,0.0,0.050377833753148624,1.9647355163727964,12.273299748110833,13.035264483627207,2.676322418136021,4.381309019863236,3.005611117356826,nan,nan,nan,4.429042904290429,2.9903168383197727,4.334832904884319,3.019703084766978,0.9787290388822271,0.3977,0.01273,0.0,0.0,0.0,0.0,0.0,0.0,0.0,0.0,0.0,0.0,0.2644836272040303,16.920654911838767,12.789672544080608,0.025188916876574312,0.0,0.0,0.0,0.0,0.0,0.0,0.0,0.0,0.0,0.0,0.0,0.0,0.0,0.0,0.0,0.0,nan,nan,4.381309019863236,3.005611117356826,nan,0.3977,0.0626,0.0,0.0,0.0,0.0,0.0,0.0,0.0,0.0,0.0,0.0,0.0,0.0,0.0,0.0,0.0,0.0,0.0,0.0,0.0003988245172124265,7.346767422334173e-05,1.0495382031905961e-05,0.001353904282115869,0.006570109151973132,0.0018681780016792612,0.005205709487825357,0.006979429051217464,0.005478589420654912,0.0020256087321578508,0.010789252728799329,0.009309403862300588,0.022879932829554996,0.01239504617968094,0.03587321578505458,0.02554575986565911,0.05766162888329135,0.038664987405541563,0.06806255247691016,0.06876574307304786,0.06241603694374475,0.027329974811083124,0.0871536523929471,0.06806255247691016,0.046998320738874895,0.06490344248530647,0.038581024349286314,0.05270780856423174,0.028127623845507977,0.016393786733837113,0.017401343408900084,0.03804575986565911,0.03312342569269521,0.01686607892527288,0.01587951301427372,0.003064651553316541,0.0010600335852225021,0.0003988245172124265,9.445843828715365e-05,0.0,0.0,0.0012804366078925274,0.0,0.0,0.00019941225860621326,0.0,0.0,0.0,0.0,0.0,0.0,0.0,0.0,0.0,0.0,0.0,0.0,0.0,0.0,0.0,0.0,0.0,0.0,0.0,0.0,0.0,0.0,0.0,0.0,0.0,0.0,0.0,0.0,0.0,0.0,0.0,0.0,0.0,0.0,0.0,0.0,0.0,0.0,nan,nan,4.381309019863236,3.005611117356826,nan,0.9346993197673864,0.023918001882481728,0.0,0.0,0.0,0.0,0.0,0.0,0.0,0.0,0.0,0.0,0.0,0.0,0.0,0.0,0.0,0.0,0.0,0.0,0.0,0.0,0.0,0.0,0.0,0.0,0.0,0.09650180940892644,2.0747889022919184,12.1351025331725,12.88299155609168,2.8106151990349826,0.9353006445476765,0.022896891524160204,0.0,0.0,0.0,0.0,0.0,0.0,0.0,0.0,0.0,0.0,0.0,0.0,0.0,0.0,0.0,0.0,0.0,0.0,0.0,0.0,0.0,0.0,0.0,0.0,0.0,0.0,1.8445322793148884,12.424242424242427,13.201581027667988,2.529644268774704,0.3977,0.01267,0.0,0.0,0.0,0.0,0.0,0.0,0.0,0.0,0.0,0.0,0.19300361881785288,16.984318455971025,12.79855247285887,0.02412545235223161,0.0,0.0,0.0,0.0,0.0,0.0,0.0,0.0,0.0,0.0,0.0,0.0,0.0,0.0,0.0,0.0,0.3977,0.0128,0.0,0.0,0.0,0.0,0.0,0.0,0.0,0.0,0.0,0.0,0.3425559947299079,16.85111989459813,12.77997364953887,0.026350461133069835,0.0,0.0,0.0,0.0,0.0,0.0,0.0,0.0,0.0,0.0,0.0,0.0,0.0,0.0,0.0,0.0
55400,4810,2454,0.5101871101871102,1213,988,0.4575883575883576,1404,0.5837837837837838,0.37600000000000006,2.8951612903225805,2.9647837410224835,6.226495726495727,2.098360226532882,9500.904365904365,1614.6647648055093,7853.0,11083.0,11083.0,0.0,7853.0,0.0,28.661746361746363,20.677036693648105,33.39970609845702,18.8305778892012,0.1316008316008316,0.09272349272349273,0.08877338877338878,0.08711018711018712,0.07713097713097714,0.07588357588357589,0.07525987525987526,0.06735966735966736,0.05945945945945946,0.05841995841995842,0.04844074844074844,0.04407484407484408,0.037214137214137216,0.02577962577962578,0.015384615384615385,0.00893970893970894,0.006444906444906445,0.9351803547998971,0.023135212377940126,0.0,0.0,0.0,0.0,0.0,0.0,0.0,0.0,0.0,0.0,0.0,0.0,0.0,0.0,0.0,0.0,0.0,0.0,0.0,0.0,0.0,0.0,0.0,0.0,0.0,0.04365904365904367,1.88981288981289,12.13721413721414,13.471933471933475,2.4573804573804576,4.089090340731478,2.816998887092732,nan,nan,nan,4.083385975994946,2.7623258543874263,4.094678217821782,2.869534649447018,1.0027654113260955,0.3972,0.012665,0.0,0.0,0.0,0.0,0.0,0.0,0.0,0.0,0.0,0.0,0.3056133056133057,17.26403326403324,12.374220374220377,0.05613305613305614,0.0,0.0,0.0,0.0,0.0,0.0,0.0,0.0,0.0,0.0,0.0,0.0,0.0,0.0,0.0,0.0,nan,nan,4.089090340731478,2.816998887092732,nan,0.3972,0.0625,0.0,0.0,0.0,0.0,0.0,0.0,0.0,0.0,0.0,0.0,0.0,0.0,0.0,0.0,0.0,0.0,0.0,0.0,0.000395010395010395,5.197505197505198e-05,0.0,0.0016735966735966735,0.006247401247401248,0.001975051975051975,0.006288981288981289,0.0068814968814968815,0.005488565488565488,0.0025675675675675674,0.010155925155925156,0.007858627858627858,0.022733887733887733,0.013970893970893971,0.0353950103950104,0.025135135135135135,0.058045738045738045,0.03812889812889813,0.0692099792099792,0.0716008316008316,0.06326403326403326,0.02523908523908524,0.08690228690228691,0.0664968814968815,0.04938669438669439,0.06501039501039502,0.036413721413721414,0.053575883575883575,0.027193347193347192,0.017193347193347194,0.017713097713097713,0.03865904365904366,0.032234927234927234,0.016444906444906444,0.014760914760914762,0.0032536382536382537,0.0005821205821205821,0.0002702702702702703,0.0001975051975051975,1.0395010395010395e-05,0.0,0.001153846153846154,0.0,0.0,0.0002390852390852391,0.0,0.0,0.0,0.0,0.0,0.0,0.0,0.0,0.0,0.0,0.0,0.0,0.0,0.0,0.0,0.0,0.0,0.0,0.0,0.0,0.0,0.0,0.0,0.0,0.0,0.0,0.0,0.0,0.0,0.0,0.0,0.0,0.0,0.0,0.0,0.0,0.0,0.0,nan,nan,4.089090340731478,2.816998887092732,nan,0.9351221220757578,0.02297887971256625,0.0,0.0,0.0,0.0,0.0,0.0,0.0,0.0,0.0,0.0,0.0,0.0,0.0,0.0,0.0,0.0,0.0,0.0,0.0,0.0,0.0,0.0,0.0,0.0,0.0,0.048899755501222504,1.7603911980440101,12.3838630806846,13.337408312958438,2.4694376528117363,0.9352410097680797,0.02329677768223111,0.0,0.0,0.0,0.0,0.0,0.0,0.0,0.0,0.0,0.0,0.0,0.0,0.0,0.0,0.0,0.0,0.0,0.0,0.0,0.0,0.0,0.0,0.0,0.0,0.0,0.03820033955857386,2.0246179966044147,11.880305602716472,13.61205432937182,2.444821731748727,0.3972,0.01263,0.0,0.0,0.0,0.0,0.0,0.0,0.0,0.0,0.0,0.0,0.3300733496332519,17.298288508557434,12.322738386308071,0.048899755501222504,0.0,0.0,0.0,0.0,0.0,0.0,0.0,0.0,0.0,0.0,0.0,0.0,0.0,0.0,0.0,0.0,0.3972,0.0127,0.0,0.0,0.0,0.0,0.0,0.0,0.0,0.0,0.0,0.0,0.28013582342954163,17.228353140916784,12.42784380305603,0.06366723259762311,0.0,0.0,0.0,0.0,0.0,0.0,0.0,0.0,0.0,0.0,0.0,0.0,0.0,0.0,0.0,0.0
55500,4566,2387,0.5227770477441962,1093,940,0.44524748138414366,1273,0.5575996495838809,0.4240000000000001,2.958696649839376,3.118751316541795,6.6,2.186636529088643,9541.569864213754,1613.3234254418949,7853.0,11083.0,11083.0,0.0,7853.0,0.0,27.341655716162943,20.69107726273167,32.31299109481404,18.986947735112327,0.1427945685501533,0.09964958388085852,0.09833552343407796,0.09417433201927289,0.08322382829610162,0.07095926412614981,0.07030223390275953,0.06154183092422252,0.053219448094612355,0.049277266754270695,0.04402102496714849,0.04314498466929479,0.03088042049934297,0.02890932982917214,0.01445466491458607,0.008322382829610162,0.006789312308366185,0.9351207949041641,0.023132029057688352,0.0,0.0,0.0,0.0,0.0,0.0,0.0,0.0,0.0,0.0,0.0,0.0,0.0,0.0,0.0,0.0,0.0,0.0,0.0,0.0,0.0,0.0,0.0,0.0,0.0,0.05256241787122209,1.9382391590013144,11.905387647831803,13.528252299605786,2.575558475689882,4.275980729525121,2.9295856258290693,nan,nan,nan,4.214972527472527,2.8734424350970893,4.337241379310345,2.9836437992907885,1.0290082203480302,0.3975,0.01327,0.0,0.0,0.0,0.0,0.0,0.0,0.0,0.0,0.0,0.0,0.27595269382391596,16.82654402102494,12.838370565045995,0.059132720105124846,0.0,0.0,0.0,0.0,0.0,0.0,0.0,0.0,0.0,0.0,0.0,0.0,0.0,0.0,0.0,0.0,nan,nan,4.275980729525121,2.9295856258290693,nan,0.3975,0.0628,0.0,0.0,0.0,0.0,0.0,0.0,0.0,0.0,0.0,0.0,0.0,0.0,0.0,0.0,0.0,0.0,0.0,0.0,0.0007446342531756461,0.0,1.0950503723171266e-05,0.0016425755584756898,0.005957074025405169,0.002069645203679369,0.0060775295663600525,0.007391590013140605,0.005639509417433202,0.002398160315374507,0.010348226018396847,0.006263688129653964,0.021134472185720544,0.015243101182654402,0.035851949189662724,0.027606219886114763,0.05606657906263688,0.04156811213315813,0.06447656592203241,0.07179150240911082,0.06300919842312747,0.026434515987735437,0.08393561103810775,0.06788217257993867,0.05047087166009637,0.06519929916776172,0.03428602715724923,0.051938239159001316,0.030584756898817345,0.016403854577310556,0.019601401664476565,0.03897284275076653,0.031000876040297852,0.016973280770915464,0.014159001314060447,0.003996933858957512,0.0006022777047744196,3.2851511169513796e-05,0.0004161191414805081,0.0,0.0,0.001401664476565922,0.0,1.0950503723171266e-05,0.0004051686377573368,0.0,0.0,0.0,0.0,0.0,0.0,0.0,0.0,0.0,0.0,0.0,0.0,0.0,0.0,0.0,0.0,0.0,0.0,0.0,0.0,0.0,0.0,0.0,0.0,0.0,0.0,0.0,0.0,0.0,0.0,0.0,0.0,0.0,0.0,0.0,0.0,0.0,0.0,nan,nan,4.275980729525121,2.9295856258290693,nan,0.9350095894179885,0.023358138853088805,0.0,0.0,0.0,0.0,0.0,0.0,0.0,0.0,0.0,0.0,0.0,0.0,0.0,0.0,0.0,0.0,0.0,0.0,0.0,0.0,0.0,0.0,0.0,0.0,0.0,0.05027230833682448,2.010892333472979,11.713447842480104,13.661499790532051,2.563887725178048,0.9352426156914524,0.0228811509685836,0.0,0.0,0.0,0.0,0.0,0.0,0.0,0.0,0.0,0.0,0.0,0.0,0.0,0.0,0.0,0.0,0.0,0.0,0.0,0.0,0.0,0.0,0.0,0.0,0.0,0.05507113354749887,1.8586507572280866,12.115649380449751,13.382285452042225,2.5883432767324464,0.3975,0.01319,0.0,0.0,0.0,0.0,0.0,0.0,0.0,0.0,0.0,0.0,0.2513615416841224,17.06744868035188,12.618349392542944,0.0628403854210306,0.0,0.0,0.0,0.0,0.0,0.0,0.0,0.0,0.0,0.0,0.0,0.0,0.0,0.0,0.0,0.0,0.3975,0.01334,0.0,0.0,0.0,0.0,0.0,0.0,0.0,0.0,0.0,0.0,0.3028912345112437,16.562643414410257,13.07939421753098,0.05507113354749887,0.0,0.0,0.0,0.0,0.0,0.0,0.0,0.0,0.0,0.0,0.0,0.0,0.0,0.0,0.0,0.0
55600,4691,2419,0.5156683010019185,1124,960,0.4442549562992965,1318,0.5619270944361543,0.4160000000000001,2.95818661971831,3.122289509650649,6.61624203821656,2.1734187205985127,9518.608612236198,1614.206854268537,7853.0,11083.0,11083.0,0.0,7853.0,0.0,27.79918993817949,20.845457870201017,32.648012154975945,19.15605262611768,0.1383500319761245,0.10125772756341932,0.09145171605201449,0.09081219356214026,0.08761458111276914,0.07418460882541036,0.06821573225325091,0.059475591558303134,0.05670432743551482,0.05009592837348113,0.04753783841398423,0.03943722020891068,0.03240247282029418,0.028138989554465997,0.017053933063312727,0.009379663184822,0.007887444041782135,0.9330827655428332,0.02357513400891364,0.0,0.0,0.0,0.0,0.0,0.0,0.0,0.0,0.0,0.0,0.0,0.0,0.0,0.0,0.0,0.0,0.0,0.0,0.0,0.0,0.0,0.0,0.0,0.0,0.0,0.07034747388616501,2.2830952888509914,12.63056917501599,12.65615007461096,2.359837987635899,4.273149684699635,2.941074004373379,nan,nan,nan,4.282119205298013,2.929165649636196,4.266311584553928,2.9527431293857536,0.9963084585023866,0.3977,0.01288,0.0,0.0,0.0,0.0,0.0,0.0,0.0,0.0,0.0,0.0,0.2558089959496909,16.915369857173285,12.777659347687063,0.05116179918993819,0.0,0.0,0.0,0.0,0.0,0.0,0.0,0.0,0.0,0.0,0.0,0.0,0.0,0.0,0.0,0.0,nan,nan,4.273149684699635,2.941074004373379,nan,0.3977,0.0627,0.0,0.0,0.0,0.0,0.0,0.0,0.0,0.0,0.0,0.0,0.0,0.0,0.0,0.0,0.0,0.0,0.0,2.1317416329140907e-05,0.0006501811980387977,3.197612449371136e-05,0.0,0.0019825197186101044,0.005425282455766361,0.0026220422084843316,0.005382647623108079,0.007908761458111277,0.004529950969942443,0.002515455126838627,0.009539543807290557,0.0061180984864634405,0.022639096141547646,0.014709017267107227,0.03505649115327222,0.027382221274781498,0.05830313366020038,0.04211255595821786,0.062118951183116604,0.0729801748028139,0.062555958217864,0.027616712854402047,0.08442762737156256,0.06610530803666595,0.0485930505222767,0.06489021530590493,0.03565337881048817,0.05337881048816883,0.03168833937326796,0.016371775740780217,0.018759326369644,0.0379876358985291,0.03140055425282456,0.01665956086122362,0.014229375399701556,0.0050202515455126835,0.000564911532722234,0.000117245789810275,0.00036239607759539546,0.0,0.0,0.001193775314431891,0.0,0.0,0.0003943722020891068,0.0,0.0,0.0,0.0,0.0,0.0,0.0,0.0,0.0,0.0,0.0,0.0,0.0,0.0,0.0,0.0,0.0,0.0,0.0,0.0,0.0,0.0,0.0,0.0,0.0,0.0,0.0,0.0,0.0,0.0,0.0,0.0,0.0,0.0,0.0,0.0,0.0,0.0,nan,nan,4.273149684699635,2.941074004373379,nan,0.9327469509758699,0.023200072887680268,0.0,0.0,0.0,0.0,0.0,0.0,0.0,0.0,0.0,0.0,0.0,0.0,0.0,0.0,0.0,0.0,0.0,0.0,0.0,0.0,0.0,0.0,0.0,0.0,0.0,0.03720545680033072,2.244729226953287,12.786275320380325,12.811078958247213,2.120711037618851,0.9334403075487681,0.023962839601546552,0.0,0.0,0.0,0.0,0.0,0.0,0.0,0.0,0.0,0.0,0.0,0.0,0.0,0.0,0.0,0.0,0.0,0.0,0.0,0.0,0.0,0.0,0.0,0.0,0.0,0.10563380281690143,2.3239436619718314,12.46478873239437,12.491197183098596,2.6144366197183104,0.3977,0.01296,0.0,0.0,0.0,0.0,0.0,0.0,0.0,0.0,0.0,0.0,0.2728400165357586,16.668044646548136,13.021909880115754,0.03720545680033072,0.0,0.0,0.0,0.0,0.0,0.0,0.0,0.0,0.0,0.0,0.0,0.0,0.0,0.0,0.0,0.0,0.3977,0.01279,0.0,0.0,0.0,0.0,0.0,0.0,0.0,0.0,0.0,0.0,0.2376760563380282,17.178697183098567,12.51760563380282,0.06602112676056339,0.0,0.0,0.0,0.0,0.0,0.0,0.0,0.0,0.0,0.0,0.0,0.0,0.0,0.0,0.0,0.0
55700,4668,2418,0.5179948586118251,1119,988,0.4513710368466152,1339,0.5736932305055699,0.4160000000000001,2.985333333333333,3.0364098683953866,6.401854714064915,2.13801890647048,9526.123393316195,1613.9537388504698,7853.0,11083.0,11083.0,0.0,7853.0,0.0,28.101328191945157,20.85652559179464,33.04508405501783,19.04919643715289,0.14031705227077979,0.09618680377035133,0.0946872322193659,0.08718937446443874,0.07497857754927163,0.07412167952013711,0.06940874035989718,0.06383890317052271,0.06362467866323908,0.054413024850042846,0.04477292202227935,0.04027420736932305,0.03491859468723222,0.02892030848329049,0.014995715509854327,0.011568123393316195,0.005784061696658098,0.9333180717249252,0.02336772599343287,0.0,0.0,0.0,0.0,0.0,0.0,0.0,0.0,0.0,0.0,0.0,0.0,0.0,0.0,0.0,0.0,0.0,0.0,0.0,0.0,0.0,0.0,0.0,0.0,0.0,0.08354755784061699,2.1979434447300776,12.911311053984578,12.429305912596405,2.3778920308483293,4.233860342555995,2.8060939212934954,nan,nan,nan,4.215968586387435,2.7931210337113623,4.251989389920424,2.819062153792131,1.0085438975160521,0.3977,0.01298,0.0,0.0,0.0,0.0,0.0,0.0,0.0,0.0,0.0,0.0,0.3020565552699229,16.478149100257045,13.168380462724938,0.051413881748071995,0.0,0.0,0.0,0.0,0.0,0.0,0.0,0.0,0.0,0.0,0.0,0.0,0.0,0.0,0.0,0.0,nan,nan,4.233860342555995,2.8060939212934954,nan,0.3977,0.0625,0.0,0.0,0.0,0.0,0.0,0.0,0.0,0.0,0.0,0.0,0.0,0.0,0.0,0.0,0.0,0.0,0.0,0.0,0.000889031705227078,0.0,0.0,0.002056555269922879,0.0055484147386461015,0.0024957155098543275,0.005312767780634105,0.007187232219365895,0.004552270779777206,0.0033526135389888604,0.010025706940874035,0.005516281062553556,0.021079691516709513,0.013635389888603256,0.03392245072836333,0.027335047129391603,0.06008997429305912,0.04222365038560411,0.06362467866323908,0.07082262210796915,0.06435304198800343,0.027281491002570695,0.08284061696658097,0.0658847472150814,0.0512853470437018,0.06550985432733504,0.03472579263067695,0.05413453299057412,0.03392245072836333,0.0162382176520994,0.0195694087403599,0.036321765209940016,0.02991645244215938,0.015574121679520138,0.014577977720651242,0.005141388174807198,0.0006533847472150814,0.0001392459297343616,0.0006640959725792631,0.0,0.0,0.0013817480719794345,0.0,0.0,0.00021422450728363326,0.0,0.0,0.0,0.0,0.0,0.0,0.0,0.0,0.0,0.0,0.0,0.0,0.0,0.0,0.0,0.0,0.0,0.0,0.0,0.0,0.0,0.0,0.0,0.0,0.0,0.0,0.0,0.0,0.0,0.0,0.0,0.0,0.0,0.0,0.0,0.0,0.0,0.0,nan,nan,4.233860342555995,2.8060939212934954,nan,0.933689302432823,0.02340076929428006,0.0,0.0,0.0,0.0,0.0,0.0,0.0,0.0,0.0,0.0,0.0,0.0,0.0,0.0,0.0,0.0,0.0,0.0,0.0,0.0,0.0,0.0,0.0,0.0,0.0,0.08684863523573204,2.059553349875931,12.890818858560797,12.617866004962782,2.3449131513647647,0.9329191224575043,0.023325577830490066,0.0,0.0,0.0,0.0,0.0,0.0,0.0,0.0,0.0,0.0,0.0,0.0,0.0,0.0,0.0,0.0,0.0,0.0,0.0,0.0,0.0,0.0,0.0,0.0,0.0,0.08000000000000002,2.346666666666667,12.933333333333337,12.22666666666667,2.4133333333333336,0.398,0.01306,0.0,0.0,0.0,0.0,0.0,0.0,0.0,0.0,0.0,0.0,0.34739454094292815,16.116625310173674,13.523573200992558,0.012406947890818861,0.0,0.0,0.0,0.0,0.0,0.0,0.0,0.0,0.0,0.0,0.0,0.0,0.0,0.0,0.0,0.0,0.3977,0.01288,0.0,0.0,0.0,0.0,0.0,0.0,0.0,0.0,0.0,0.0,0.2533333333333334,16.866666666666642,12.78666666666667,0.09333333333333337,0.0,0.0,0.0,0.0,0.0,0.0,0.0,0.0,0.0,0.0,0.0,0.0,0.0,0.0,0.0,0.0
55800,4534,2360,0.5205116894574328,1107,919,0.44684605205116895,1272,0.5610939567710631,0.4240000000000001,2.9172033118675254,3.0525221896906647,6.563545150501672,2.1150382415009896,9534.252756947508,1613.6404717894425,7853.0,11083.0,11083.0,0.0,7853.0,0.0,28.368769298632554,21.135871381374297,33.29416383145773,19.37106738742595,0.13784737538597266,0.09660344067048963,0.09064843405381562,0.09020732245258051,0.0791795324217027,0.07543008381120424,0.07146007940008822,0.05977062196735774,0.05535950595500662,0.05205116894574327,0.05006616674018527,0.03903837670930745,0.03639170710189678,0.02580502867225408,0.02227613586237318,0.010145566828407587,0.007719453021614468,0.9333515242037922,0.023279511018073566,0.0,0.0,0.0,0.0,0.0,0.0,0.0,0.0,0.0,0.0,0.0,0.0,0.0,0.0,0.0,0.0,0.0,0.0,0.0,0.0,0.0,0.0,0.0,0.0,0.0,0.07278341420379357,2.1967357741508606,12.717247463608295,12.670930745478609,2.3423026025584477,4.234359147784917,2.87106476559831,nan,nan,nan,4.251347708894879,2.913307984541155,4.21724372029871,2.8277648258033268,0.9919780759111247,0.3975,0.012825,0.0,0.0,0.0,0.0,0.0,0.0,0.0,0.0,0.0,0.0,0.24481693868548748,16.998235553595034,12.704014115571242,0.052933392148213514,0.0,0.0,0.0,0.0,0.0,0.0,0.0,0.0,0.0,0.0,0.0,0.0,0.0,0.0,0.0,0.0,nan,nan,4.234359147784917,2.87106476559831,nan,0.3975,0.0625,0.0,0.0,0.0,0.0,0.0,0.0,0.0,0.0,0.0,0.0,0.0,0.0,0.0,0.0,0.0,0.0,2.2055580061755625e-05,0.0,0.0015108072342302603,4.411116012351125e-05,2.2055580061755625e-05,0.002481252756947508,0.004344949272165858,0.0027238641376268195,0.004576532862814292,0.007035730039700044,0.005072783414203794,0.003517865019850022,0.010410233789148654,0.005690339655932951,0.021559329510366123,0.014049404499338333,0.03312748125275695,0.027613586237318043,0.05833700926334363,0.04196074106749007,0.06571460079400088,0.06870313189236876,0.06692765769739745,0.02741508601676224,0.08217909131010145,0.06737979708866343,0.051279223643581825,0.06531760035288928,0.03484781649757389,0.05668284075871195,0.030723423026025584,0.01603440670489634,0.019022937803264226,0.034969122187913544,0.028958976621085136,0.01567048963387737,0.015935156594618437,0.005381561535068372,0.000408028231142479,0.00015438906043228936,0.0008050286722540803,5.513895015438906e-05,0.0,0.001290251433612704,0.0,0.0,4.411116012351125e-05,0.0,0.0,0.0,0.0,0.0,0.0,0.0,0.0,0.0,0.0,0.0,0.0,0.0,0.0,0.0,0.0,0.0,0.0,0.0,0.0,0.0,0.0,0.0,0.0,0.0,0.0,0.0,0.0,0.0,0.0,0.0,0.0,0.0,0.0,0.0,0.0,0.0,0.0,nan,nan,4.234359147784917,2.87106476559831,nan,0.933590350464239,0.02369466601528617,0.0,0.0,0.0,0.0,0.0,0.0,0.0,0.0,0.0,0.0,0.0,0.0,0.0,0.0,0.0,0.0,0.0,0.0,0.0,0.0,0.0,0.0,0.0,0.0,0.0,0.08898305084745765,2.2754237288135597,12.661016949152545,12.44491525423729,2.529661016949153,0.933092264785828,0.02281745928882377,0.0,0.0,0.0,0.0,0.0,0.0,0.0,0.0,0.0,0.0,0.0,0.0,0.0,0.0,0.0,0.0,0.0,0.0,0.0,0.0,0.0,0.0,0.0,0.0,0.0,0.05519779208831648,2.1113155473781053,12.778288868445266,12.916283348666056,2.1389144434222636,0.3977,0.01271,0.0,0.0,0.0,0.0,0.0,0.0,0.0,0.0,0.0,0.0,0.20338983050847462,16.499999999999975,13.258474576271189,0.03813559322033899,0.0,0.0,0.0,0.0,0.0,0.0,0.0,0.0,0.0,0.0,0.0,0.0,0.0,0.0,0.0,0.0,0.3972,0.01294,0.0,0.0,0.0,0.0,0.0,0.0,0.0,0.0,0.0,0.0,0.2897884084636615,17.53909843606253,12.102115915363388,0.0689972401103956,0.0,0.0,0.0,0.0,0.0,0.0,0.0,0.0,0.0,0.0,0.0,0.0,0.0,0.0,0.0,0.0
55900,4658,2325,0.4991412623443538,1071,970,0.4381708887934736,1315,0.5646200085873766,0.4240000000000001,2.876553793399057,3.099607118923956,6.623376623376624,2.218071942897506,9465.226277372263,1614.9976180981769,7853.0,11083.0,11083.0,0.0,7853.0,0.0,27.258050665521683,20.835891016835472,32.31365979381443,19.170445977520796,0.14362387290682696,0.10648346930012881,0.10025762129669386,0.08587376556462001,0.08351223701159295,0.06569343065693431,0.0691283812795191,0.06805495920996135,0.05431515671962216,0.04937741519965651,0.04486904250751395,0.03671103477887505,0.030914555603263203,0.026835551738943753,0.015457277801631602,0.011592958351223702,0.0072992700729927005,0.9341880431780236,0.02289774070970177,0.0,0.0,0.0,0.0,0.0,0.0,0.0,0.0,0.0,0.0,0.0,0.0,0.0,0.0,0.0,0.0,0.0,0.0,0.0,0.0,0.0,0.0,0.0,0.0,0.0,0.07084585659081152,2.0223271790468016,12.378703306139977,13.261056247316448,2.2670674109059687,4.391111111111111,2.90125636733844,nan,nan,nan,4.457103637611531,2.9336718154494266,4.325613079019074,2.8672201868030567,0.9704986535464721,0.3965,0.012856,0.0,0.0,0.0,0.0,0.0,0.0,0.0,0.0,0.0,0.0,0.3155860884499786,17.647058823529388,11.985830828681841,0.05152425933877202,0.0,0.0,0.0,0.0,0.0,0.0,0.0,0.0,0.0,0.0,0.0,0.0,0.0,0.0,0.0,0.0,nan,nan,4.391111111111111,2.90125636733844,nan,0.3965,0.0628,0.0,0.0,0.0,0.0,0.0,0.0,0.0,0.0,0.0,0.0,0.0,0.0,0.0,0.0,0.0,0.0,0.0,0.0,0.0011807642765135251,8.587376556462001e-05,5.367110347788751e-05,0.0030807213396307426,0.004411764705882353,0.0029733791326749678,0.004562043795620438,0.007417346500644053,0.006118505796479176,0.0034564190639759552,0.010959639330184628,0.006258050665521683,0.023207385143838556,0.012687848862172606,0.0327286389008158,0.029862601975096607,0.055785744954916276,0.04102619149849721,0.06954701588664663,0.07281021897810219,0.06732503220266209,0.02685702018033491,0.08280377844568484,0.06489909832546158,0.04967797337913268,0.06160369257191928,0.035422928295405755,0.05512022327179047,0.02994847574066123,0.01581150708458566,0.019257191927866037,0.03514383855732074,0.027565478746243023,0.017121082009446113,0.01581150708458566,0.005002146844139115,0.0006225848003434951,2.1468441391155002e-05,0.0005474452554744526,7.51395448690425e-05,0.0,0.0011485616144267926,0.0,0.0,0.0,0.0,0.0,0.0,0.0,0.0,0.0,0.0,0.0,0.0,0.0,0.0,0.0,0.0,0.0,0.0,0.0,0.0,0.0,0.0,0.0,0.0,0.0,0.0,0.0,0.0,0.0,0.0,0.0,0.0,0.0,0.0,0.0,0.0,0.0,0.0,0.0,0.0,0.0,nan,nan,4.391111111111111,2.90125636733844,nan,0.9340201990835129,0.022799694623966808,0.0,0.0,0.0,0.0,0.0,0.0,0.0,0.0,0.0,0.0,0.0,0.0,0.0,0.0,0.0,0.0,0.0,0.0,0.0,0.0,0.0,0.0,0.0,0.0,0.0,0.09032258064516131,2.051612903225807,12.387096774193552,13.354838709677422,2.116129032258065,0.9343553117248463,0.02299381583628789,0.0,0.0,0.0,0.0,0.0,0.0,0.0,0.0,0.0,0.0,0.0,0.0,0.0,0.0,0.0,0.0,0.0,0.0,0.0,0.0,0.0,0.0,0.0,0.0,0.0,0.05143591941705959,1.9931418774110592,12.370338619802832,13.167595370767256,2.4174882126018007,0.3967,0.0129,0.0,0.0,0.0,0.0,0.0,0.0,0.0,0.0,0.0,0.0,0.3096774193548388,17.432258064516105,12.193548387096778,0.06451612903225808,0.0,0.0,0.0,0.0,0.0,0.0,0.0,0.0,0.0,0.0,0.0,0.0,0.0,0.0,0.0,0.0,0.3965,0.0128,0.0,0.0,0.0,0.0,0.0,0.0,0.0,0.0,0.0,0.0,0.3214744963566224,17.861123017573913,11.778825546506647,0.03857693956279469,0.0,0.0,0.0,0.0,0.0,0.0,0.0,0.0,0.0,0.0,0.0,0.0,0.0,0.0,0.0,0.0
56000,4840,2499,0.5163223140495867,1193,981,0.44917355371900825,1414,0.584297520661157,0.38800000000000007,2.9158479282357965,2.9569329361120134,6.283625730994152,1.9820011035674512,9520.721074380166,1614.139240684087,7853.0,11083.0,11083.0,0.0,7853.0,0.0,28.816322314049586,21.02402065081429,33.58432708688245,19.22380408834984,0.13161157024793388,0.09524793388429752,0.08822314049586777,0.08450413223140496,0.08037190082644628,0.07830578512396694,0.0725206611570248,0.06570247933884298,0.05020661157024793,0.05826446280991736,0.05289256198347107,0.03987603305785124,0.03326446280991736,0.031198347107438018,0.02066115702479339,0.011363636363636364,0.005785123966942148,0.9341754261250338,0.023351095604769886,0.0,0.0,0.0,0.0,0.0,0.0,0.0,0.0,0.0,0.0,0.0,0.0,0.0,0.0,0.0,0.0,0.0,0.0,0.0,0.0,0.0,0.0,0.0,0.0,0.0,0.05578512396694216,2.200413223140496,12.44628099173554,12.750000000000004,2.5475206611570256,4.110590440487348,2.7376630194188656,nan,nan,nan,4.1441831683168315,2.7401268898337467,4.076340694006309,2.7347238773209672,0.9836294701380015,0.3962,0.012825,0.0,0.0,0.0,0.0,0.0,0.0,0.0,0.0,0.0,0.0,0.29752066115702486,18.049586776859478,11.597107438016533,0.05578512396694216,0.0,0.0,0.0,0.0,0.0,0.0,0.0,0.0,0.0,0.0,0.0,0.0,0.0,0.0,0.0,0.0,nan,nan,4.110590440487348,2.7376630194188656,nan,0.3962,0.0634,0.0,0.0,0.0,0.0,0.0,0.0,0.0,0.0,0.0,0.0,0.0,0.0,0.0,0.0,0.0,0.0,0.0,0.0,0.0009297520661157025,0.00010330578512396694,5.165289256198347e-05,0.0031921487603305786,0.004586776859504132,0.0030578512396694213,0.0038739669421487604,0.00881198347107438,0.006900826446280992,0.002799586776859504,0.012665289256198347,0.0065599173553719005,0.02299586776859504,0.013636363636363636,0.03165289256198347,0.03143595041322314,0.05777892561983471,0.039886363636363636,0.06952479338842975,0.0728099173553719,0.06662190082644628,0.024018595041322314,0.08058884297520662,0.06454545454545454,0.05025826446280992,0.061002066115702476,0.037210743801652894,0.053832644628099176,0.02915289256198347,0.015196280991735537,0.02052685950413223,0.03399793388429752,0.02743801652892562,0.018388429752066116,0.015795454545454547,0.005072314049586777,0.0008780991735537191,0.00010330578512396694,0.0006611570247933885,9.297520661157024e-05,1.0330578512396695e-05,0.00131198347107438,0.0,4.132231404958678e-05,0.0,0.0,0.0,0.0,0.0,0.0,0.0,0.0,0.0,0.0,0.0,0.0,0.0,0.0,0.0,0.0,0.0,0.0,0.0,0.0,0.0,0.0,0.0,0.0,0.0,0.0,0.0,0.0,0.0,0.0,0.0,0.0,0.0,0.0,0.0,0.0,0.0,0.0,0.0,nan,nan,4.110590440487348,2.7376630194188656,nan,0.9343936521799958,0.023315615766857378,0.0,0.0,0.0,0.0,0.0,0.0,0.0,0.0,0.0,0.0,0.0,0.0,0.0,0.0,0.0,0.0,0.0,0.0,0.0,0.0,0.0,0.0,0.0,0.0,0.0,0.03601440576230493,2.028811524609844,12.593037214885957,12.653061224489798,2.6890756302521015,0.9339424714426972,0.02338666367510222,0.0,0.0,0.0,0.0,0.0,0.0,0.0,0.0,0.0,0.0,0.0,0.0,0.0,0.0,0.0,0.0,0.0,0.0,0.0,0.0,0.0,0.0,0.0,0.0,0.0,0.07689021785561727,2.3835967535241354,12.289619820589495,12.853481418197354,2.396411789833405,0.3965,0.01268,0.0,0.0,0.0,0.0,0.0,0.0,0.0,0.0,0.0,0.0,0.2761104441776711,17.923169267707056,11.752701080432177,0.04801920768307324,0.0,0.0,0.0,0.0,0.0,0.0,0.0,0.0,0.0,0.0,0.0,0.0,0.0,0.0,0.0,0.0,0.396,0.01298,0.0,0.0,0.0,0.0,0.0,0.0,0.0,0.0,0.0,0.0,0.32037590773173863,18.184536522853456,11.431012387868435,0.06407518154634773,0.0,0.0,0.0,0.0,0.0,0.0,0.0,0.0,0.0,0.0,0.0,0.0,0.0,0.0,0.0,0.0
56100,4472,2351,0.5257155635062611,1094,908,0.4476744186046512,1197,0.5353309481216458,0.4320000000000001,2.9646393210749644,3.0854824205625424,6.463541666666667,2.2201861060474437,9551.061270125223,1612.8626182676517,7853.0,11083.0,11083.0,0.0,7853.0,0.0,28.342352415026834,21.18681735251322,33.473810796365576,19.353369089085106,0.14579606440071557,0.09660107334525939,0.0885509838998211,0.08228980322003578,0.0755813953488372,0.07737030411449015,0.06775491949910555,0.06753130590339892,0.05791592128801431,0.05165474060822898,0.049194991055456175,0.03823792486583184,0.03242397137745975,0.026833631484794274,0.024150268336314847,0.01095706618962433,0.007155635062611807,0.9341815231577868,0.022893001644865997,0.0,0.0,0.0,0.0,0.0,0.0,0.0,0.0,0.0,0.0,0.0,0.0,0.0,0.0,0.0,0.0,0.0,0.0,0.0,0.0,0.0,0.0,0.0,0.0,0.0,0.04025044722719142,1.7576028622540254,13.09481216457961,12.578264758497319,2.529069767441861,4.1335640138408305,2.8647991463654856,nan,nan,nan,4.190247252747253,2.853846150540353,4.0760111576011155,2.8747342104806113,0.9727376242365554,0.3965,0.01301,0.0,0.0,0.0,0.0,0.0,0.0,0.0,0.0,0.0,0.0,0.3488372093023257,17.6833631484794,11.900715563506264,0.0670840787119857,0.0,0.0,0.0,0.0,0.0,0.0,0.0,0.0,0.0,0.0,0.0,0.0,0.0,0.0,0.0,0.0,nan,nan,4.1335640138408305,2.8647991463654856,nan,0.3965,0.0636,0.0,0.0,0.0,0.0,0.0,0.0,0.0,0.0,0.0,0.0,0.0,0.0,0.0,0.0,0.0,0.0,0.0,0.0,0.0009056350626118068,0.0,0.0,0.0033765652951699464,0.005143112701252236,0.0031417710196779964,0.004047406082289803,0.00825134168157424,0.007804114490161002,0.0027504472271914133,0.011750894454382826,0.0057804114490161,0.02381484794275492,0.013640429338103756,0.02912567084078712,0.03228980322003578,0.05529964221824687,0.04082066189624329,0.07009168157423971,0.07400491949910555,0.06294722719141324,0.023770125223613596,0.0787231663685152,0.06964445438282647,0.05215787119856887,0.06120304114490161,0.0375,0.051733005366726294,0.02827593917710197,0.015563506261180679,0.02120974955277281,0.03417933810375671,0.029215116279069767,0.01825805008944544,0.014534883720930232,0.005377906976744186,0.0013752236135957066,8.944543828264758e-05,0.0007938282647584974,0.00010062611806797854,0.0,0.00129695885509839,0.0,1.1180679785330948e-05,0.0,0.0,0.0,0.0,0.0,0.0,0.0,0.0,0.0,0.0,0.0,0.0,0.0,0.0,0.0,0.0,0.0,0.0,0.0,0.0,0.0,0.0,0.0,0.0,0.0,0.0,0.0,0.0,0.0,0.0,0.0,0.0,0.0,0.0,0.0,0.0,0.0,0.0,0.0,nan,nan,4.1335640138408305,2.8647991463654856,nan,0.9338784566436712,0.02278910382301631,0.0,0.0,0.0,0.0,0.0,0.0,0.0,0.0,0.0,0.0,0.0,0.0,0.0,0.0,0.0,0.0,0.0,0.0,0.0,0.0,0.0,0.0,0.0,0.0,0.0,0.03828158230540196,1.7864738409187584,13.168864313058275,12.50531688643131,2.5010633772862616,0.9345174540275113,0.023002952408347505,0.0,0.0,0.0,0.0,0.0,0.0,0.0,0.0,0.0,0.0,0.0,0.0,0.0,0.0,0.0,0.0,0.0,0.0,0.0,0.0,0.0,0.0,0.0,0.0,0.0,0.04243281471004244,1.7256011315417261,13.012729844413016,12.659123055162663,2.5601131541725604,0.3965,0.013054,0.0,0.0,0.0,0.0,0.0,0.0,0.0,0.0,0.0,0.0,0.3190131858783497,17.647809442790276,11.956614206720548,0.07656316461080392,0.0,0.0,0.0,0.0,0.0,0.0,0.0,0.0,0.0,0.0,0.0,0.0,0.0,0.0,0.0,0.0,0.3965,0.012955,0.0,0.0,0.0,0.0,0.0,0.0,0.0,0.0,0.0,0.0,0.381895332390382,17.722772277227698,11.838755304101841,0.05657708628005659,0.0,0.0,0.0,0.0,0.0,0.0,0.0,0.0,0.0,0.0,0.0,0.0,0.0,0.0,0.0,0.0
56200,4822,2543,0.5273745333886354,1208,974,0.45250933222729156,1353,0.5611779344670261,0.39200000000000007,2.9706011408512505,3.0991393075750056,6.616459627329193,2.1468833137028573,9556.419742845292,1612.5777342736603,7853.0,11083.0,11083.0,0.0,7853.0,0.0,28.37577768560763,20.783956593651396,32.95523114355231,19.085106883429432,0.13023641642472003,0.09622563251762754,0.09539610120282041,0.08896723351306512,0.0767316466196599,0.07631688096225632,0.07196184155951887,0.06615512235586893,0.06511820821236002,0.05039402737453339,0.044379925342181666,0.04334301119867275,0.032766486934881794,0.025093322272915802,0.01721277478224803,0.01244296972210701,0.007258399004562422,0.9354755235924754,0.023506775999489155,0.0,0.0,0.0,0.0,0.0,0.0,0.0,0.0,0.0,0.0,0.0,0.0,0.0,0.0,0.0,0.0,0.0,0.0,0.0,0.0,0.0,0.0,0.0,0.0,0.0,0.04977187888842805,1.9846536706760685,11.883036084612197,13.28909166321029,2.7934467026130245,4.186305732484076,2.8936571941892257,nan,nan,nan,4.234732824427481,2.9028352802021287,4.137755102040816,2.8836100993947,0.9770994472597511,0.3967,0.013,0.0,0.0,0.0,0.0,0.0,0.0,0.0,0.0,0.0,0.0,0.3172957279137288,17.451265035255055,12.156781418498552,0.07465781833264207,0.0,0.0,0.0,0.0,0.0,0.0,0.0,0.0,0.0,0.0,0.0,0.0,0.0,0.0,0.0,0.0,nan,nan,4.186305732484076,2.8936571941892257,nan,0.3967,0.06445,0.0,0.0,0.0,0.0,0.0,0.0,0.0,0.0,0.0,0.0,0.0,0.0,0.0,0.0,0.0,0.0,1.0369141435089174e-05,0.0,0.001306511820821236,0.0,0.0,0.004240978846951473,0.00552675238490253,0.003494400663625052,0.004230609705516383,0.008990045624222315,0.006760680215678142,0.0028204064703442554,0.012577768560763168,0.005703027789299046,0.02374533388635421,0.01319991704686852,0.02991497304023227,0.03101410203235172,0.05270634591455828,0.039050186644545834,0.06802156781418499,0.07665906262961426,0.06515968477810037,0.02396308585649108,0.07559104106180008,0.06928660306926586,0.053421816673579425,0.06175860638739113,0.03682082123600166,0.050072583990045626,0.02711530485275819,0.01661136457901286,0.022304023226876815,0.033129406885109916,0.02953131480713397,0.019193280796350062,0.015781833264205725,0.006356283699709664,0.0018457071754458731,4.1476565740356696e-05,0.0009850684363334715,0.0001244296972210701,0.0,0.0009124844462878474,2.0738282870178348e-05,0.0,0.0,0.0,0.0,0.0,0.0,0.0,0.0,0.0,0.0,0.0,0.0,0.0,0.0,0.0,0.0,0.0,0.0,0.0,0.0,0.0,0.0,0.0,0.0,0.0,0.0,0.0,0.0,0.0,0.0,0.0,0.0,0.0,0.0,0.0,0.0,0.0,0.0,0.0,0.0,nan,nan,4.186305732484076,2.8936571941892257,nan,0.9351282005370062,0.023511312190864605,0.0,0.0,0.0,0.0,0.0,0.0,0.0,0.0,0.0,0.0,0.0,0.0,0.0,0.0,0.0,0.0,0.0,0.0,0.0,0.0,0.0,0.0,0.0,0.0,0.0,0.03539127015336218,2.052693668895006,11.903263861580813,13.248132127408576,2.76051907196225,0.9358630806482272,0.023495653217219248,0.0,0.0,0.0,0.0,0.0,0.0,0.0,0.0,0.0,0.0,0.0,0.0,0.0,0.0,0.0,0.0,0.0,0.0,0.0,0.0,0.0,0.0,0.0,0.0,0.0,0.0658183413777973,1.9087318999561216,11.860465116279073,13.334795963141731,2.8301886792452837,0.397,0.01294,0.0,0.0,0.0,0.0,0.0,0.0,0.0,0.0,0.0,0.0,0.28313016122689744,17.447896185607526,12.198191112858831,0.07078254030672436,0.0,0.0,0.0,0.0,0.0,0.0,0.0,0.0,0.0,0.0,0.0,0.0,0.0,0.0,0.0,0.0,0.3967,0.01307,0.0,0.0,0.0,0.0,0.0,0.0,0.0,0.0,0.0,0.0,0.3554190434401054,17.455024133391813,12.110574813514702,0.07898200965335675,0.0,0.0,0.0,0.0,0.0,0.0,0.0,0.0,0.0,0.0,0.0,0.0,0.0,0.0,0.0,0.0
56300,4384,2341,0.5339872262773723,1088,868,0.44616788321167883,1213,0.5533759124087592,0.4240000000000001,3.084679393049437,3.1489651677193513,6.718909710391823,2.115337074969486,9577.778740875912,1611.2646052252558,7853.0,11083.0,11083.0,0.0,7853.0,0.0,27.85492700729927,20.626864733092614,32.73575691806837,18.862876027643217,0.13777372262773724,0.09945255474452555,0.09192518248175183,0.08667883211678833,0.08508211678832117,0.07937956204379562,0.06888686131386862,0.06318430656934307,0.05223540145985402,0.053604014598540146,0.05132299270072993,0.0364963503649635,0.03444343065693431,0.02760036496350365,0.01893248175182482,0.00843978102189781,0.004562043795620438,0.9358338362326587,0.023232818900368997,0.0,0.0,0.0,0.0,0.0,0.0,0.0,0.0,0.0,0.0,0.0,0.0,0.0,0.0,0.0,0.0,0.0,0.0,0.0,0.0,0.0,0.0,0.0,0.0,0.0,0.0821167883211679,1.8750000000000004,11.640054744525552,13.672445255474456,2.7303832116788325,4.28202406227884,2.9788251781100397,nan,nan,nan,4.286221590909091,3.0359649014301286,4.277856135401975,2.920976695178184,0.9980482914077847,0.3972,0.012856,0.0,0.0,0.0,0.0,0.0,0.0,0.0,0.0,0.0,0.0,0.25319343065693434,17.20346715328465,12.522810218978105,0.020529197080291973,0.0,0.0,0.0,0.0,0.0,0.0,0.0,0.0,0.0,0.0,0.0,0.0,0.0,0.0,0.0,0.0,nan,nan,4.28202406227884,2.9788251781100397,nan,0.3972,0.0643,0.0,0.0,0.0,0.0,0.0,0.0,0.0,0.0,0.0,0.0,0.0,0.0,0.0,0.0,0.0,0.0,0.0,0.0,0.001197536496350365,0.0,1.1405109489051094e-05,0.003489963503649635,0.005428832116788321,0.0037979014598540145,0.004596259124087591,0.009010036496350364,0.005976277372262774,0.0031021897810218978,0.013401003649635037,0.006067518248175183,0.020643248175182483,0.012317518248175183,0.031386861313868614,0.03152372262773723,0.05148266423357664,0.03765967153284672,0.07217153284671533,0.07798813868613139,0.06398266423357664,0.025456204379562045,0.07393932481751825,0.06636633211678832,0.05401459854014599,0.06081204379562044,0.03763686131386861,0.05082116788321168,0.02852417883211679,0.017632299270072992,0.022764598540145984,0.03228786496350365,0.02875228102189781,0.020255474452554746,0.01500912408759124,0.006649178832116788,0.0013458029197080292,7.983576642335766e-05,0.001208941605839416,0.0002281021897810219,0.0,0.0009808394160583942,0.0,0.0,0.0,0.0,0.0,0.0,0.0,0.0,0.0,0.0,0.0,0.0,0.0,0.0,0.0,0.0,0.0,0.0,0.0,0.0,0.0,0.0,0.0,0.0,0.0,0.0,0.0,0.0,0.0,0.0,0.0,0.0,0.0,0.0,0.0,0.0,0.0,0.0,0.0,0.0,0.0,nan,nan,4.28202406227884,2.9788251781100397,nan,0.9362224344003409,0.022902266726160442,0.0,0.0,0.0,0.0,0.0,0.0,0.0,0.0,0.0,0.0,0.0,0.0,0.0,0.0,0.0,0.0,0.0,0.0,0.0,0.0,0.0,0.0,0.0,0.0,0.0,0.10252029047415637,1.8581802648440842,11.200341734301583,14.147800085433579,2.6911576249466047,0.9353885556107576,0.02359803062605866,0.0,0.0,0.0,0.0,0.0,0.0,0.0,0.0,0.0,0.0,0.0,0.0,0.0,0.0,0.0,0.0,0.0,0.0,0.0,0.0,0.0,0.0,0.0,0.0,0.0,0.058737151248164476,1.8942731277533045,12.143906020558006,13.127753303964761,2.775330396475771,0.3967,0.013084,0.0,0.0,0.0,0.0,0.0,0.0,0.0,0.0,0.0,0.0,0.34600598035027774,17.274668944895318,12.353695002135842,0.025630072618539092,0.0,0.0,0.0,0.0,0.0,0.0,0.0,0.0,0.0,0.0,0.0,0.0,0.0,0.0,0.0,0.0,0.3975,0.012596,0.0,0.0,0.0,0.0,0.0,0.0,0.0,0.0,0.0,0.0,0.1468428781204112,17.121879588839917,12.71659324522761,0.014684287812041119,0.0,0.0,0.0,0.0,0.0,0.0,0.0,0.0,0.0,0.0,0.0,0.0,0.0,0.0,0.0,0.0
56400,4315,2165,0.5017381228273464,1000,903,0.4410196987253766,1214,0.5626882966396292,0.4360000000000001,2.889767441860465,3.1439032830056104,6.773851590106007,2.1869565972342744,9473.614136732329,1614.9902419113098,7853.0,11083.0,11083.0,0.0,7853.0,0.0,26.83638470451912,20.612130031288412,32.04544179523142,18.906580986748065,0.15086906141367323,0.10428736964078796,0.10057937427578216,0.08528389339513326,0.08111239860950174,0.07670915411355736,0.06628041714947856,0.06048667439165701,0.055388180764774045,0.05376593279258401,0.04171494785631518,0.03522595596755504,0.03314020857473928,0.022479721900347624,0.018076477404403244,0.008342989571263035,0.006257242178447277,0.9374875231109655,0.023382651089297993,0.0,0.0,0.0,0.0,0.0,0.0,0.0,0.0,0.0,0.0,0.0,0.0,0.0,0.0,0.0,0.0,0.0,0.0,0.0,0.0,0.0,0.0,0.0,0.0,0.0,0.04171494785631519,1.5712630359212054,11.353418308227116,13.842410196987258,3.191193511008112,4.410342261904762,2.949752340613026,nan,nan,nan,4.482475764354959,3.005443505379629,4.338781575037147,2.8925168094848384,0.9679431196348052,0.3967,0.012535,0.0,0.0,0.0,0.0,0.0,0.0,0.0,0.0,0.0,0.0,0.22943221320973353,17.847045191193484,11.8539976825029,0.06952491309385865,0.0,0.0,0.0,0.0,0.0,0.0,0.0,0.0,0.0,0.0,0.0,0.0,0.0,0.0,0.0,0.0,nan,nan,4.410342261904762,2.949752340613026,nan,0.3967,0.06396,0.0,0.0,0.0,0.0,0.0,0.0,0.0,0.0,0.0,0.0,0.0,0.0,0.0,0.0,0.0,0.0,0.0,1.1587485515643105e-05,0.0014484356894553883,0.0,3.4762456546929314e-05,0.004461181923522596,0.00559675550405562,0.003962920046349942,0.004692931633835458,0.00783314020857474,0.005434530706836616,0.002954808806488992,0.013789107763615296,0.005272305909617613,0.019907300115874854,0.013325608342989572,0.03071842410196987,0.0312630359212051,0.04959443800695249,0.03869061413673233,0.07119351100811123,0.08033603707995365,0.06528389339513326,0.028261877172653535,0.07484356894553881,0.06778679026651217,0.05475086906141367,0.05643105446118192,0.03653534183082271,0.05159907300115875,0.028667439165701043,0.017937427578215526,0.02216685979142526,0.03368482039397451,0.028192352259559676,0.01851680185399768,0.015110081112398609,0.006616454229432214,0.0013904982618771727,6.952491309385863e-05,0.0007879490150637312,0.0002317497103128621,0.0,0.0006141367323290846,0.0,0.0,0.0,0.0,0.0,0.0,0.0,0.0,0.0,0.0,0.0,0.0,0.0,0.0,0.0,0.0,0.0,0.0,0.0,0.0,0.0,0.0,0.0,0.0,0.0,0.0,0.0,0.0,0.0,0.0,0.0,0.0,0.0,0.0,0.0,0.0,0.0,0.0,0.0,0.0,0.0,nan,nan,4.410342261904762,2.949752340613026,nan,0.9372972541262866,0.023192970043076223,0.0,0.0,0.0,0.0,0.0,0.0,0.0,0.0,0.0,0.0,0.0,0.0,0.0,0.0,0.0,0.0,0.0,0.0,0.0,0.0,0.0,0.0,0.0,0.0,0.0,0.041570438799076216,1.5381062355658204,11.348729792147807,13.967667436489611,3.103926096997691,0.9376791195536769,0.02357056122762497,0.0,0.0,0.0,0.0,0.0,0.0,0.0,0.0,0.0,0.0,0.0,0.0,0.0,0.0,0.0,0.0,0.0,0.0,0.0,0.0,0.0,0.0,0.0,0.0,0.0,0.041860465116279076,1.604651162790698,11.358139534883723,13.716279069767445,3.2790697674418614,0.3962,0.012665,0.0,0.0,0.0,0.0,0.0,0.0,0.0,0.0,0.0,0.0,0.31870669745958435,17.972286374133922,11.625866050808318,0.08314087759815243,0.0,0.0,0.0,0.0,0.0,0.0,0.0,0.0,0.0,0.0,0.0,0.0,0.0,0.0,0.0,0.0,0.3972,0.01239,0.0,0.0,0.0,0.0,0.0,0.0,0.0,0.0,0.0,0.0,0.13953488372093026,17.720930232558114,12.08372093023256,0.055813953488372106,0.0,0.0,0.0,0.0,0.0,0.0,0.0,0.0,0.0,0.0,0.0,0.0,0.0,0.0,0.0,0.0
56500,4596,2409,0.5241514360313316,1160,908,0.44995648389904264,1266,0.5509138381201044,0.4280000000000001,2.940100594421582,3.0855173874376085,6.4544,2.2021627187835144,9546.009138381201,1613.1148670596967,7853.0,11083.0,11083.0,0.0,7853.0,0.0,28.324412532637076,21.000068905114265,33.279617175375066,19.210885738079508,0.13511749347258487,0.09660574412532637,0.09747606614447346,0.08202785030461271,0.08137510879025239,0.07898172323759792,0.06810269799825935,0.06418624891209748,0.0587467362924282,0.04960835509138381,0.04939077458659704,0.03742384682332463,0.03372497824194952,0.028285465622280244,0.02154046997389034,0.01174934725848564,0.005657093124456049,0.936063374717719,0.023184061319250663,0.0,0.0,0.0,0.0,0.0,0.0,0.0,0.0,0.0,0.0,0.0,0.0,0.0,0.0,0.0,0.0,0.0,0.0,0.0,0.0,0.0,0.0,0.0,0.0,0.0,0.052219321148825076,1.8276762402088778,11.507832898172326,13.838120104438646,2.774151436031332,4.1975967957276366,2.919995901891959,nan,nan,nan,4.119015957446808,2.8743288004222567,4.27680965147453,2.9632102562505875,1.0383085901239215,0.3965,0.01279,0.0,0.0,0.0,0.0,0.0,0.0,0.0,0.0,0.0,0.0,0.3067885117493473,18.172323759791098,11.462140992167106,0.05874673629242821,0.0,0.0,0.0,0.0,0.0,0.0,0.0,0.0,0.0,0.0,0.0,0.0,0.0,0.0,0.0,0.0,nan,nan,4.1975967957276366,2.919995901891959,nan,0.3965,0.06396,0.0,0.0,0.0,0.0,0.0,0.0,0.0,0.0,0.0,0.0,0.0,0.0,0.0,0.0,0.0,3.2637075718015665e-05,0.0,0.0,0.0016971279373368146,0.0,2.175805047867711e-05,0.005156657963446475,0.005189295039164491,0.003470409051348999,0.004199303742384682,0.00662532637075718,0.005319843342036554,0.0036335944299390774,0.012989556135770235,0.005069625761531767,0.020887728459530026,0.014295039164490861,0.031788511749347256,0.03261531766753699,0.050620104438642295,0.037989556135770236,0.07371627502175805,0.08023281114012185,0.06118363794604004,0.02989556135770235,0.0720082680591819,0.07155134899912968,0.055091383812010446,0.05518929503916449,0.03315926892950392,0.053905570060922545,0.027872062663185378,0.01784160139251523,0.02176892950391645,0.03405134899912968,0.026153176675369885,0.020082680591818974,0.015143603133159269,0.006973455178416014,0.0007288946910356832,8.703220191470844e-05,0.0006418624891209747,0.00020670147954743255,0.0,0.0009029590948651001,1.0879025239338555e-05,0.0,0.0,0.0,0.0,0.0,0.0,0.0,0.0,0.0,0.0,0.0,0.0,0.0,0.0,0.0,0.0,0.0,0.0,0.0,0.0,0.0,0.0,0.0,0.0,0.0,0.0,0.0,0.0,0.0,0.0,0.0,0.0,0.0,0.0,0.0,0.0,0.0,0.0,0.0,0.0,nan,nan,4.1975967957276366,2.919995901891959,nan,0.936137653475928,0.02278803703354396,0.0,0.0,0.0,0.0,0.0,0.0,0.0,0.0,0.0,0.0,0.0,0.0,0.0,0.0,0.0,0.0,0.0,0.0,0.0,0.0,0.0,0.0,0.0,0.0,0.0,0.04981320049813202,1.6562889165628896,11.44458281444583,14.146948941469493,2.702366127023662,0.9359815560032584,0.023612328837842415,0.0,0.0,0.0,0.0,0.0,0.0,0.0,0.0,0.0,0.0,0.0,0.0,0.0,0.0,0.0,0.0,0.0,0.0,0.0,0.0,0.0,0.0,0.0,0.0,0.0,0.05486968449931414,2.0164609053497946,11.577503429355284,13.497942386831278,2.8532235939643353,0.3967,0.01264,0.0,0.0,0.0,0.0,0.0,0.0,0.0,0.0,0.0,0.0,0.26151930261519307,18.405977584059748,11.257783312577835,0.07471980074719801,0.0,0.0,0.0,0.0,0.0,0.0,0.0,0.0,0.0,0.0,0.0,0.0,0.0,0.0,0.0,0.0,0.3965,0.012955,0.0,0.0,0.0,0.0,0.0,0.0,0.0,0.0,0.0,0.0,0.3566529492455419,17.914951989026036,11.687242798353912,0.041152263374485604,0.0,0.0,0.0,0.0,0.0,0.0,0.0,0.0,0.0,0.0,0.0,0.0,0.0,0.0,0.0,0.0
56600,4598,2388,0.5193562418442801,1079,942,0.43953892996955196,1289,0.560678555893867,0.4440000000000001,2.9438914027149323,3.1265208088700014,6.592216582064298,2.2495437387653605,9530.520661157025,1613.7893812169195,7853.0,11083.0,11083.0,0.0,7853.0,0.0,27.97825141365811,21.23370764600759,33.192478453904414,19.448085620741516,0.14615050021748585,0.10221835580687255,0.09177903436276642,0.08460200086994345,0.07503262287951283,0.07807742496737712,0.06720313179643324,0.061765985210961286,0.06133101348412353,0.04414963027403219,0.045454545454545456,0.0411048281861679,0.032622879512831666,0.029795563288386256,0.01848629839060461,0.011526750761200522,0.008699434536755112,0.9355912780751349,0.023724780614616487,0.0,0.0,0.0,0.0,0.0,0.0,0.0,0.0,0.0,0.0,0.0,0.0,0.0,0.0,0.0,0.0,0.0,0.0,0.0,0.0,0.0,0.0,0.0,0.0,0.0,0.052196607220530676,2.016093953892997,11.62679425837321,13.629839060461073,2.6750761200521973,4.298411625549172,2.9586255026105555,nan,nan,nan,4.30264048747461,2.9470294997004767,4.294197031039136,2.9701313482211846,0.9980376105184586,0.3958,0.012985,0.0,0.0,0.0,0.0,0.0,0.0,0.0,0.0,0.0,0.0,0.46324488908220973,18.01435406698562,11.496302740321882,0.026098303610265338,0.0,0.0,0.0,0.0,0.0,0.0,0.0,0.0,0.0,0.0,0.0,0.0,0.0,0.0,0.0,0.0,nan,nan,4.298411625549172,2.9586255026105555,nan,0.3958,0.06396,0.0,0.0,0.0,0.0,0.0,0.0,0.0,0.0,0.0,0.0,0.0,0.0,0.0,0.0,0.0,0.00021748586341887777,0.0,0.0,0.0017072640278381905,8.699434536755111e-05,0.0,0.0053175293605915615,0.0057198782079164855,0.0034036537625054372,0.00411048281861679,0.006785558938668987,0.005448020878642888,0.0034797738147020443,0.013397129186602871,0.004828186167899087,0.020258808177468463,0.015115267507612004,0.03350369725967812,0.03205741626794258,0.05167464114832536,0.03732057416267943,0.07706611570247934,0.07598956067855589,0.0621900826446281,0.028316659417137888,0.07394519356241844,0.07103088299260549,0.05750326228795128,0.05184862983906046,0.0338951718138321,0.05344715093518921,0.02751196172248804,0.018301435406698565,0.02250978686385385,0.03508046976946499,0.023923444976076555,0.0185080469769465,0.015561113527620705,0.0068073075250108745,0.0006524575902566333,0.00017398869073510223,0.0003806002609830361,0.00021748586341887777,0.0,0.0007068290561113527,0.0,0.0,0.0,0.0,0.0,0.0,0.0,0.0,0.0,0.0,0.0,0.0,0.0,0.0,0.0,0.0,0.0,0.0,0.0,0.0,0.0,0.0,0.0,0.0,0.0,0.0,0.0,0.0,0.0,0.0,0.0,0.0,0.0,0.0,0.0,0.0,0.0,0.0,0.0,0.0,0.0,nan,nan,4.298411625549172,2.9586255026105555,nan,0.9352192771145247,0.023893068484846996,0.0,0.0,0.0,0.0,0.0,0.0,0.0,0.0,0.0,0.0,0.0,0.0,0.0,0.0,0.0,0.0,0.0,0.0,0.0,0.0,0.0,0.0,0.0,0.0,0.0,0.07537688442211056,2.047738693467337,11.796482412060305,13.517587939698496,2.562814070351759,0.9359932411040656,0.023534977632329805,0.0,0.0,0.0,0.0,0.0,0.0,0.0,0.0,0.0,0.0,0.0,0.0,0.0,0.0,0.0,0.0,0.0,0.0,0.0,0.0,0.0,0.0,0.0,0.0,0.0,0.027149321266968333,1.9819004524886883,11.443438914027153,13.75113122171946,2.7963800904977383,0.3958,0.01292,0.0,0.0,0.0,0.0,0.0,0.0,0.0,0.0,0.0,0.0,0.4522613065326634,17.939698492462288,11.595477386934677,0.012562814070351761,0.0,0.0,0.0,0.0,0.0,0.0,0.0,0.0,0.0,0.0,0.0,0.0,0.0,0.0,0.0,0.0,0.3958,0.01306,0.0,0.0,0.0,0.0,0.0,0.0,0.0,0.0,0.0,0.0,0.4751131221719458,18.095022624434364,11.389140271493217,0.0407239819004525,0.0,0.0,0.0,0.0,0.0,0.0,0.0,0.0,0.0,0.0,0.0,0.0,0.0,0.0,0.0,0.0
56700,4886,2523,0.5163733115022513,1238,995,0.45702005730659023,1419,0.5808432255423659,0.35200000000000004,2.86923402454507,2.939695294966283,6.103351955307263,2.068097645310992,9520.885796152272,1614.1338521217317,7853.0,11083.0,11083.0,0.0,7853.0,0.0,29.22022103970528,21.115373392002414,33.8925401775006,19.318925493563,0.12668849774866967,0.09701187065083913,0.08411788784281621,0.08432255423659435,0.08370855505525993,0.07613589848546869,0.06692591076545232,0.06672124437167418,0.059967253376995495,0.05566925910765452,0.050347932869422844,0.04359394187474417,0.03561195251739664,0.029267294310274253,0.020671305771592305,0.011870650839132215,0.007367990176013099,0.934369782553898,0.023438992682083357,0.0,0.0,0.0,0.0,0.0,0.0,0.0,0.0,0.0,0.0,0.0,0.0,0.0,0.0,0.0,0.0,0.0,0.0,0.0,0.0,0.0,0.0,0.0,0.0,0.0,0.04297994269340975,2.081457224723701,12.36594351207532,12.832582889889483,2.6770364306180934,3.9737163814180927,2.760606330718585,nan,nan,nan,3.9487485101311086,2.793188587656854,4.0,2.7256392203201716,1.0129791729550257,0.3958,0.01317,0.0,0.0,0.0,0.0,0.0,0.0,0.0,0.0,0.0,0.0,0.46049938600081874,18.143675808432228,11.358984854686863,0.036839950880065496,0.0,0.0,0.0,0.0,0.0,0.0,0.0,0.0,0.0,0.0,0.0,0.0,0.0,0.0,0.0,0.0,nan,nan,3.9737163814180927,2.760606330718585,nan,0.3958,0.0637,0.0,0.0,0.0,0.0,0.0,0.0,0.0,0.0,0.0,0.0,0.0,0.0,0.0,0.0,0.0,0.00023536635284486287,0.0,0.0,0.0013507981989357347,0.0001534997953336062,4.0933278755628324e-05,0.0047482603356528855,0.006119525173966435,0.00420589439214081,0.00396029471960704,0.007122390503479329,0.004666393778141629,0.003898894801473598,0.013108882521489972,0.00501432664756447,0.020026606631191157,0.014214081047891937,0.03274662300450266,0.031610724519033975,0.052312730249693,0.03648178469095375,0.07628939828080229,0.07758902988129349,0.0635796152271797,0.028878428162095782,0.07217560376586164,0.0723905034793287,0.06046868604175194,0.052394596807204256,0.03365738845681539,0.05253786328284896,0.026841997544003276,0.018778141629144495,0.02248260335652886,0.03505935325419566,0.021715104379860826,0.018072042570609907,0.015728612361850185,0.007214490380679493,0.000511665984445354,0.0001125665165779779,0.00035816618911174784,0.00010233319688907081,0.0,0.0010437986082685222,0.0,0.0,0.0,0.0,0.0,0.0,0.0,0.0,0.0,0.0,0.0,0.0,0.0,0.0,0.0,0.0,0.0,0.0,0.0,0.0,0.0,0.0,0.0,0.0,0.0,0.0,0.0,0.0,0.0,0.0,0.0,0.0,0.0,0.0,0.0,0.0,0.0,0.0,0.0,0.0,0.0,nan,nan,3.9737163814180927,2.760606330718585,nan,0.9344829497382701,0.023370518226340082,0.0,0.0,0.0,0.0,0.0,0.0,0.0,0.0,0.0,0.0,0.0,0.0,0.0,0.0,0.0,0.0,0.0,0.0,0.0,0.0,0.0,0.0,0.0,0.0,0.0,0.05945303210463735,2.152199762187872,11.902497027348398,13.222354340071346,2.6634958382877536,0.9342489527586503,0.023511282175126647,0.0,0.0,0.0,0.0,0.0,0.0,0.0,0.0,0.0,0.0,0.0,0.0,0.0,0.0,0.0,0.0,0.0,0.0,0.0,0.0,0.0,0.0,0.0,0.0,0.0,0.025391451544646643,2.0059246720270845,12.860770207363524,12.416419805332207,2.691493863732544,0.3958,0.01335,0.0,0.0,0.0,0.0,0.0,0.0,0.0,0.0,0.0,0.0,0.5112960760998811,17.990487514863233,11.426872770511299,0.07134363852556481,0.0,0.0,0.0,0.0,0.0,0.0,0.0,0.0,0.0,0.0,0.0,0.0,0.0,0.0,0.0,0.0,0.396,0.01296,0.0,0.0,0.0,0.0,0.0,0.0,0.0,0.0,0.0,0.0,0.4062632247143463,18.307236563690196,11.286500211595433,0.0,0.0,0.0,0.0,0.0,0.0,0.0,0.0,0.0,0.0,0.0,0.0,0.0,0.0,0.0,0.0,0.0
56800,4201,2202,0.5241609140680791,1081,817,0.45179719114496547,1138,0.5417757676743632,0.4360000000000001,3.0225112556278138,3.1451453808181293,6.557093425605537,2.2324346714307035,9546.039752439896,1613.1133862934496,7853.0,11083.0,11083.0,0.0,7853.0,0.0,28.068317067364912,20.84047725615091,33.09310246948623,18.996821091387968,0.14187098309926208,0.1014044275172578,0.08474172815996191,0.08521780528445608,0.07902880266603189,0.07498214710783146,0.0728398000476077,0.06046179481075934,0.0626041418709831,0.054748869316829325,0.04951202094739348,0.03975243989526303,0.032373244465603426,0.026184241847179244,0.01832896929302547,0.009045465365389194,0.006903118305165437,0.9356017633439019,0.0232551002694721,0.0,0.0,0.0,0.0,0.0,0.0,0.0,0.0,0.0,0.0,0.0,0.0,0.0,0.0,0.0,0.0,0.0,0.0,0.0,0.0,0.0,0.0,0.0,0.0,0.0,0.04284694120447513,1.8352773149250183,11.868602713639612,13.611044989288269,2.642228040942633,4.283136966126657,2.9380738980045606,nan,nan,nan,4.359879789631856,2.965696386504251,4.209537572254336,2.910420050931786,0.9655168893107909,0.396,0.01262,0.0,0.0,0.0,0.0,0.0,0.0,0.0,0.0,0.0,0.0,0.2856462746965009,18.2099500119019,11.46869792906451,0.03570578433706261,0.0,0.0,0.0,0.0,0.0,0.0,0.0,0.0,0.0,0.0,0.0,0.0,0.0,0.0,0.0,0.0,nan,nan,4.283136966126657,2.9380738980045606,nan,0.396,0.0637,0.0,0.0,0.0,0.0,0.0,0.0,0.0,0.0,0.0,0.0,0.0,0.0,0.0,0.0,0.0,8.33134967864794e-05,0.0,0.0,0.001475839085931921,0.0002499404903594382,2.3803856224708402e-05,0.003939538205189241,0.0054510830754582245,0.0041894786955486785,0.0038443227802904072,0.007093549154963104,0.0044632230421328255,0.004534634610806951,0.014091882885027374,0.0055820042846941205,0.021256843608664602,0.014960723637229232,0.03246845989050226,0.030076172339919067,0.05111878124256129,0.037038800285646274,0.07407760057129255,0.07843370626041418,0.06505593906212806,0.029611997143537253,0.06960247560104738,0.07419661985241609,0.06141394905974768,0.051071173530111875,0.03167103070697453,0.05113068317067365,0.028076648417043562,0.017769578671744824,0.022601761485360628,0.0368245655796239,0.021732920733158773,0.018924065698643182,0.016246131873363486,0.007652939776243752,0.0003451559152582718,0.0001309212092358962,0.00042846941204475124,9.521542489883361e-05,0.0,0.000940252320875982,2.3803856224708402e-05,0.0,0.0,0.0,0.0,0.0,0.0,0.0,0.0,0.0,0.0,0.0,0.0,0.0,0.0,0.0,0.0,0.0,0.0,0.0,0.0,0.0,0.0,0.0,0.0,0.0,0.0,0.0,0.0,0.0,0.0,0.0,0.0,0.0,0.0,0.0,0.0,0.0,0.0,0.0,0.0,nan,nan,4.283136966126657,2.9380738980045606,nan,0.9356810192050553,0.02287292464210508,0.0,0.0,0.0,0.0,0.0,0.0,0.0,0.0,0.0,0.0,0.0,0.0,0.0,0.0,0.0,0.0,0.0,0.0,0.0,0.0,0.0,0.0,0.0,0.0,0.0,0.04087193460490464,1.6893732970027253,12.098092643051775,13.528610354223437,2.643051771117167,0.9355144589885943,0.023668637334806432,0.0,0.0,0.0,0.0,0.0,0.0,0.0,0.0,0.0,0.0,0.0,0.0,0.0,0.0,0.0,0.0,0.0,0.0,0.0,0.0,0.0,0.0,0.0,0.0,0.0,0.04502251125562782,1.9959979989995003,11.615807903951978,13.701850925462734,2.6413206603301655,0.3962,0.01249,0.0,0.0,0.0,0.0,0.0,0.0,0.0,0.0,0.0,0.0,0.29972752043596734,18.188010899182533,11.49863760217984,0.01362397820163488,0.0,0.0,0.0,0.0,0.0,0.0,0.0,0.0,0.0,0.0,0.0,0.0,0.0,0.0,0.0,0.0,0.396,0.01276,0.0,0.0,0.0,0.0,0.0,0.0,0.0,0.0,0.0,0.0,0.2701350675337669,18.23411705852924,11.435717858929467,0.06003001500750377,0.0,0.0,0.0,0.0,0.0,0.0,0.0,0.0,0.0,0.0,0.0,0.0,0.0,0.0,0.0,0.0
56900,4436,2325,0.5241208295761948,1082,918,0.4508566275924256,1273,0.5739404869251578,0.4200000000000001,3.019895783988631,3.09865914195267,6.636065573770492,2.035426630824745,9545.910279531108,1613.119644770153,7853.0,11083.0,11083.0,0.0,7853.0,0.0,28.568304779080254,21.121734324561352,33.56534547402249,19.27796527872477,0.13976555455365194,0.09648331830477908,0.0845356176735798,0.08972046889089269,0.08070333633904418,0.06988277727682597,0.0703336339044184,0.059287646528403966,0.06379621280432822,0.05365193868349865,0.04914337240757439,0.0405770964833183,0.03674481514878269,0.029305680793507663,0.0175834084761046,0.00969341749323715,0.0087917042380523,0.934371705604524,0.02310186594560107,0.0,0.0,0.0,0.0,0.0,0.0,0.0,0.0,0.0,0.0,0.0,0.0,0.0,0.0,0.0,0.0,0.0,0.0,0.0,0.0,0.0,0.0,0.0,0.0,0.0,0.04057709648331831,2.0626690712353475,12.32867448151488,13.140216411181248,2.4278629395852125,4.207463197535091,2.872163757496782,nan,nan,nan,4.206060606060606,2.8715421840616275,4.20891364902507,2.8728056789255048,1.0006783171313207,0.396,0.01295,0.0,0.0,0.0,0.0,0.0,0.0,0.0,0.0,0.0,0.0,0.3178539224526601,18.178539224526574,11.46979260595131,0.033814247069431924,0.0,0.0,0.0,0.0,0.0,0.0,0.0,0.0,0.0,0.0,0.0,0.0,0.0,0.0,0.0,0.0,nan,nan,4.207463197535091,2.872163757496782,nan,0.396,0.06384,0.0,0.0,0.0,0.0,0.0,0.0,0.0,0.0,0.0,0.0,0.0,0.0,0.0,0.0,0.0,9.017132551848512e-05,0.0,0.0,0.001566726780883679,0.00034941388638412986,6.762849413886384e-05,0.004001352569882777,0.006458521190261497,0.004362037871956718,0.004531109107303878,0.008059062218214608,0.003640667267808837,0.004260595130748422,0.014224526600541028,0.004339495040577097,0.02078449053201082,0.013954012623985573,0.031030207394048694,0.03045536519386835,0.04943642921550947,0.03873985572587917,0.07519161406672678,0.07741208295761948,0.06654643823264202,0.027953110910730387,0.07015329125338142,0.07643146979260595,0.06431469792605951,0.05197249774571686,0.029655094679891796,0.05011271415689811,0.027085211902614967,0.016997294860234446,0.02274571686203787,0.03491884580703336,0.023500901713255185,0.019071235347159602,0.017019837691614068,0.007292605951307484,0.0003719567177637511,4.508566275924256e-05,0.00021415689810640217,2.254283137962128e-05,0.0,0.0006199278629395852,0.0,0.0,0.0,0.0,0.0,0.0,0.0,0.0,0.0,0.0,0.0,0.0,0.0,0.0,0.0,0.0,0.0,0.0,0.0,0.0,0.0,0.0,0.0,0.0,0.0,0.0,0.0,0.0,0.0,0.0,0.0,0.0,0.0,0.0,0.0,0.0,0.0,0.0,0.0,0.0,0.0,nan,nan,4.207463197535091,2.872163757496782,nan,0.9344545193897781,0.0231998255155264,0.0,0.0,0.0,0.0,0.0,0.0,0.0,0.0,0.0,0.0,0.0,0.0,0.0,0.0,0.0,0.0,0.0,0.0,0.0,0.0,0.0,0.0,0.0,0.0,0.0,0.03870967741935485,2.1935483870967745,11.767741935483874,13.561290322580648,2.438709677419355,0.9342804966747676,0.02299314775413479,0.0,0.0,0.0,0.0,0.0,0.0,0.0,0.0,0.0,0.0,0.0,0.0,0.0,0.0,0.0,0.0,0.0,0.0,0.0,0.0,0.0,0.0,0.0,0.0,0.0,0.04263382283278068,1.9185220274751307,12.946470866887735,12.676456655613457,2.415916627190905,0.3958,0.012856,0.0,0.0,0.0,0.0,0.0,0.0,0.0,0.0,0.0,0.0,0.28387096774193554,18.154838709677396,11.535483870967745,0.025806451612903233,0.0,0.0,0.0,0.0,0.0,0.0,0.0,0.0,0.0,0.0,0.0,0.0,0.0,0.0,0.0,0.0,0.396,0.01305,0.0,0.0,0.0,0.0,0.0,0.0,0.0,0.0,0.0,0.0,0.355281856939839,18.204642349597318,11.397441970630036,0.04263382283278068,0.0,0.0,0.0,0.0,0.0,0.0,0.0,0.0,0.0,0.0,0.0,0.0,0.0,0.0,0.0,0.0
57000,4616,2379,0.5153812824956673,1209,930,0.46338821490467935,1293,0.5602253032928943,0.4080000000000001,3.0281627179257935,3.1248228022194717,6.526799387442573,2.2686291948590567,9517.681542461005,1614.2356532856952,7853.0,11083.0,11083.0,0.0,7853.0,0.0,27.966421143847487,20.595340894674987,32.775667351129364,18.806986865119732,0.13778162911611785,0.09900346620450606,0.08643847487001734,0.08578856152512998,0.08448873483535528,0.08102253032928942,0.07040727902946274,0.06564124783362218,0.06217504332755633,0.05155979202772964,0.0389948006932409,0.04397746967071057,0.03856152512998267,0.02274696707105719,0.01624783362218371,0.009315424610051993,0.005849220103986135,0.9327869220948302,0.022990978358223117,0.0,0.0,0.0,0.0,0.0,0.0,0.0,0.0,0.0,0.0,0.0,0.0,0.0,0.0,0.0,0.0,0.0,0.0,0.0,0.0,0.0,0.0,0.0,0.0,0.0,0.045493934142114396,2.3136915077989606,12.82928942807626,12.69930675909879,2.1122183708838826,4.187664907651715,2.9223808079922713,nan,nan,nan,4.249019607843137,2.920529490158164,4.125166444740346,2.9229416156800516,0.9708513552457667,0.3958,0.01336,0.0,0.0,0.0,0.0,0.0,0.0,0.0,0.0,0.0,0.0,0.4744367417677644,18.067590987868257,11.41247833622184,0.045493934142114396,0.0,0.0,0.0,0.0,0.0,0.0,0.0,0.0,0.0,0.0,0.0,0.0,0.0,0.0,0.0,0.0,nan,nan,4.187664907651715,2.9223808079922713,nan,0.3958,0.0639,0.0,0.0,0.0,0.0,0.0,0.0,0.0,0.0,0.0,0.0,0.0,0.0,0.0,0.0,0.0,6.499133448873483e-05,0.0,0.0,0.0014189774696707106,0.00028162911611785094,3.249566724436742e-05,0.00436525129982669,0.007279029462738302,0.0032495667244367417,0.0038344887348353554,0.007983102253032929,0.0033795493934142113,0.00490684575389948,0.014698873483535529,0.004376083188908145,0.022638648180242634,0.014276429809358752,0.031412478336221836,0.02936525129982669,0.047898613518197575,0.041280329289428076,0.07462088388214905,0.08094670710571923,0.06693024263431542,0.02654896013864818,0.07072140381282496,0.07560658578856153,0.060387781629116115,0.051353986135181974,0.028422876949740036,0.05103986135181976,0.025964038128249566,0.016334488734835357,0.02358102253032929,0.03586438474870017,0.023147746967071055,0.019984835355285963,0.018056759098786828,0.006531629116117851,0.0005740901213171577,7.582322357019064e-05,0.00023830155979202774,0.0,0.0,0.0003249566724436742,0.0,0.0,0.0,0.0,0.0,0.0,0.0,0.0,0.0,0.0,0.0,0.0,0.0,0.0,0.0,0.0,0.0,0.0,0.0,0.0,0.0,0.0,0.0,0.0,0.0,0.0,0.0,0.0,0.0,0.0,0.0,0.0,0.0,0.0,0.0,0.0,0.0,0.0,0.0,0.0,0.0,nan,nan,4.187664907651715,2.9223808079922713,nan,0.9326279855365761,0.022875466122335847,0.0,0.0,0.0,0.0,0.0,0.0,0.0,0.0,0.0,0.0,0.0,0.0,0.0,0.0,0.0,0.0,0.0,0.0,0.0,0.0,0.0,0.0,0.0,0.0,0.0,0.05044136191677177,2.345523329129887,12.824716267339221,12.812105926860028,1.9672131147540988,0.9329559476076091,0.023111990434329644,0.0,0.0,0.0,0.0,0.0,0.0,0.0,0.0,0.0,0.0,0.0,0.0,0.0,0.0,0.0,0.0,0.0,0.0,0.0,0.0,0.0,0.0,0.0,0.0,0.0,0.04023245417970497,2.279839070183282,12.834152883325887,12.579347340187756,2.26642825212338,0.3958,0.013405,0.0,0.0,0.0,0.0,0.0,0.0,0.0,0.0,0.0,0.0,0.5170239596469106,17.881462799495562,11.551071878940734,0.05044136191677177,0.0,0.0,0.0,0.0,0.0,0.0,0.0,0.0,0.0,0.0,0.0,0.0,0.0,0.0,0.0,0.0,0.3955,0.0133,0.0,0.0,0.0,0.0,0.0,0.0,0.0,0.0,0.0,0.0,0.42914617791685306,18.265534197586028,11.265087170317393,0.04023245417970497,0.0,0.0,0.0,0.0,0.0,0.0,0.0,0.0,0.0,0.0,0.0,0.0,0.0,0.0,0.0,0.0
57100,4624,2438,0.5272491349480969,1148,937,0.4509083044982699,1311,0.5670415224913494,0.4160000000000001,3.0439158279963405,3.117094507776146,6.603149606299213,2.043616410370612,9556.014705882353,1612.5998919597023,7853.0,11083.0,11083.0,0.0,7853.0,0.0,27.76038062283737,20.781095128361713,32.763429752066116,19.005418034946818,0.14230103806228372,0.10294117647058823,0.08564013840830449,0.08455882352941177,0.08564013840830449,0.078719723183391,0.07201557093425605,0.06120242214532872,0.05860726643598616,0.0495242214532872,0.046280276816609,0.035683391003460206,0.03957612456747405,0.02378892733564014,0.017084775086505192,0.009515570934256055,0.006920415224913495,0.9326188304432536,0.022953201661192642,0.0,0.0,0.0,0.0,0.0,0.0,0.0,0.0,0.0,0.0,0.0,0.0,0.0,0.0,0.0,0.0,0.0,0.0,0.0,0.0,0.0,0.0,0.0,0.0,0.0,0.05190311418685122,2.3032006920415227,13.04065743944637,12.664359861591699,1.9398788927335644,4.215122114419538,2.9097427786573435,nan,nan,nan,4.208885941644563,2.882444913488961,4.2214719783929775,2.9372640412464444,1.0029903487343013,0.3953,0.01316,0.0,0.0,0.0,0.0,0.0,0.0,0.0,0.0,0.0,0.0,0.3957612456747406,18.834342560553605,10.705017301038065,0.06487889273356402,0.0,0.0,0.0,0.0,0.0,0.0,0.0,0.0,0.0,0.0,0.0,0.0,0.0,0.0,0.0,0.0,nan,nan,4.215122114419538,2.9097427786573435,nan,0.3953,0.064,0.0,0.0,0.0,0.0,0.0,0.0,0.0,0.0,0.0,0.0,0.0,0.0,0.0,0.0,0.0,4.325259515570934e-05,0.0,6.487889273356402e-05,0.0012759515570934256,0.00019463667820069204,0.0001513840830449827,0.0035791522491349483,0.007947664359861592,0.0035791522491349483,0.004173875432525951,0.007461072664359861,0.003827854671280277,0.005341695501730104,0.015214100346020762,0.004865916955017301,0.022015570934256056,0.015084342560553634,0.03166089965397924,0.030860726643598617,0.045804498269896195,0.04106833910034602,0.07708693771626297,0.08073096885813148,0.06687932525951557,0.0282439446366782,0.07003676470588235,0.07369160899653979,0.05683391003460208,0.04981617647058824,0.028514273356401384,0.05170847750865052,0.027368079584775086,0.017279411764705883,0.024059256055363323,0.03478589965397924,0.02289143598615917,0.020804498269896193,0.018274221453287196,0.005384948096885813,0.0005514705882352941,0.00016219723183391003,0.0004757785467128028,0.0,9.731833910034602e-05,0.00010813148788927336,0.0,0.0,0.0,0.0,0.0,0.0,0.0,0.0,0.0,0.0,0.0,0.0,0.0,0.0,0.0,0.0,0.0,0.0,0.0,0.0,0.0,0.0,0.0,0.0,0.0,0.0,0.0,0.0,0.0,0.0,0.0,0.0,0.0,0.0,0.0,0.0,0.0,0.0,0.0,0.0,0.0,nan,nan,4.215122114419538,2.9097427786573435,nan,0.9325625928725445,0.0229284420896429,0.0,0.0,0.0,0.0,0.0,0.0,0.0,0.0,0.0,0.0,0.0,0.0,0.0,0.0,0.0,0.0,0.0,0.0,0.0,0.0,0.0,0.0,0.0,0.0,0.0,0.06152584085315834,2.3010664479081218,13.0557834290402,12.575881870385565,2.0057424118129616,0.9326815510276033,0.02298062169196526,0.0,0.0,0.0,0.0,0.0,0.0,0.0,0.0,0.0,0.0,0.0,0.0,0.0,0.0,0.0,0.0,0.0,0.0,0.0,0.0,0.0,0.0,0.0,0.0,0.0,0.041171088746569086,2.3055809698078686,13.023787740164687,12.763037511436417,1.8664226898444651,0.3953,0.01314,0.0,0.0,0.0,0.0,0.0,0.0,0.0,0.0,0.0,0.0,0.38146021328958174,18.67924528301884,10.877768662838395,0.06152584085315834,0.0,0.0,0.0,0.0,0.0,0.0,0.0,0.0,0.0,0.0,0.0,0.0,0.0,0.0,0.0,0.0,0.3953,0.01319,0.0,0.0,0.0,0.0,0.0,0.0,0.0,0.0,0.0,0.0,0.41171088746569084,19.00731930466603,10.512351326623973,0.06861848124428181,0.0,0.0,0.0,0.0,0.0,0.0,0.0,0.0,0.0,0.0,0.0,0.0,0.0,0.0,0.0,0.0
57200,4639,2371,0.5111015305022634,1105,951,0.44319896529424446,1290,0.5561543436085363,0.4200000000000001,2.8932980599647267,3.081790557150889,6.565505804311774,2.232045563504846,9503.857943522311,1614.6018728734186,7853.0,11083.0,11083.0,0.0,7853.0,0.0,27.658978228066395,20.885291696788123,32.616829644879054,19.200639433170473,0.14140978659193792,0.101961629661565,0.09592584608751886,0.08730329812459582,0.08277646044406121,0.07609398577279586,0.0676870015089459,0.06423798232377667,0.05539987066178056,0.049795214485880576,0.040957102823884456,0.03923259323129985,0.035999137745203705,0.025220952791549903,0.018969605518430695,0.009269239060142272,0.007760293166630739,0.9326974082979875,0.02351969253051376,0.0,0.0,0.0,0.0,0.0,0.0,0.0,0.0,0.0,0.0,0.0,0.0,0.0,0.0,0.0,0.0,0.0,0.0,0.0,0.0,0.0,0.0,0.0,0.0,0.0,0.06466910972192284,2.3474886829057993,12.901487389523608,12.364733778831647,2.32162103901703,4.305687203791469,2.8827789557022068,nan,nan,nan,4.285617825793383,2.8781445721242376,4.325865580448065,2.887290373964466,1.0093913541269235,0.3955,0.012955,0.0,0.0,0.0,0.0,0.0,0.0,0.0,0.0,0.0,0.0,0.36861392541496024,18.870446216857054,10.722138391894807,0.038801465833153706,0.0,0.0,0.0,0.0,0.0,0.0,0.0,0.0,0.0,0.0,0.0,0.0,0.0,0.0,0.0,0.0,nan,nan,4.305687203791469,2.8827789557022068,nan,0.3955,0.0641,0.0,0.0,0.0,0.0,0.0,0.0,0.0,0.0,0.0,0.0,0.0,0.0,0.0,0.0,0.0,0.0,0.0,2.155636990730761e-05,0.0012502694546238414,0.00017245095925846088,0.0003664582884242294,0.0038909247682690235,0.0077387367967234316,0.003696917439103255,0.003912481138176331,0.006984263849967666,0.00427893942660056,0.0053028669971976715,0.015822375511963787,0.004947186893727097,0.01971330028023281,0.015089458935115327,0.030168139685277,0.03327225695192929,0.04790903211899116,0.03942660056046562,0.07722569519292952,0.07687001508945894,0.07129769346841992,0.029877128691528348,0.06904505281310627,0.07130847165337358,0.05416037939211037,0.05274843716318172,0.026837680534597973,0.051455054968743266,0.0280448372494072,0.018958827333477042,0.025458072860530288,0.03480275921534814,0.02206294460012934,0.019756413020047423,0.01971330028023281,0.005033412373356327,0.0007113602069411511,0.00017245095925846088,0.00038801465833153696,0.0,0.0,0.00010778184953653804,0.0,0.0,0.0,0.0,0.0,0.0,0.0,0.0,0.0,0.0,0.0,0.0,0.0,0.0,0.0,0.0,0.0,0.0,0.0,0.0,0.0,0.0,0.0,0.0,0.0,0.0,0.0,0.0,0.0,0.0,0.0,0.0,0.0,0.0,0.0,0.0,0.0,0.0,0.0,0.0,0.0,nan,nan,4.305687203791469,2.8827789557022068,nan,0.9329060498846578,0.02352216391045802,0.0,0.0,0.0,0.0,0.0,0.0,0.0,0.0,0.0,0.0,0.0,0.0,0.0,0.0,0.0,0.0,0.0,0.0,0.0,0.0,0.0,0.0,0.0,0.0,0.0,0.0506115563053564,2.138338253901308,12.918599746942222,12.412484183888658,2.4799662589624636,0.9324792913658909,0.023515129499161055,0.0,0.0,0.0,0.0,0.0,0.0,0.0,0.0,0.0,0.0,0.0,0.0,0.0,0.0,0.0,0.0,0.0,0.0,0.0,0.0,0.0,0.0,0.0,0.0,0.0,0.07936507936507937,2.5661375661375665,12.883597883597886,12.314814814814818,2.1560846560846563,0.3955,0.01306,0.0,0.0,0.0,0.0,0.0,0.0,0.0,0.0,0.0,0.0,0.4808097849008858,18.473218051455056,10.995360607338679,0.0506115563053564,0.0,0.0,0.0,0.0,0.0,0.0,0.0,0.0,0.0,0.0,0.0,0.0,0.0,0.0,0.0,0.0,0.3955,0.01283,0.0,0.0,0.0,0.0,0.0,0.0,0.0,0.0,0.0,0.0,0.2513227513227514,19.285714285714256,10.436507936507939,0.02645502645502646,0.0,0.0,0.0,0.0,0.0,0.0,0.0,0.0,0.0,0.0,0.0,0.0,0.0,0.0,0.0,0.0
57300,4876,2511,0.5149712879409352,1165,1029,0.4499589827727646,1394,0.571780147662018,0.38400000000000006,2.9594080338266386,3.054688502663987,6.462709284627093,2.212231246728188,9516.35726004922,1614.2758671926345,7853.0,11083.0,11083.0,0.0,7853.0,0.0,28.006152584085317,20.749244208847898,32.84407686694235,18.996786611159195,0.13658736669401148,0.09885151763740771,0.09310910582444627,0.08900738310090238,0.0808039376538146,0.07034454470877768,0.07116488925348646,0.06931911402789172,0.06070549630844955,0.04922067268252666,0.04737489745693191,0.0406070549630845,0.03281378178835111,0.02645611156685808,0.01620180475799836,0.011484823625922888,0.005947497949138638,0.9334726129720404,0.022910065314473378,0.0,0.0,0.0,0.0,0.0,0.0,0.0,0.0,0.0,0.0,0.0,0.0,0.0,0.0,0.0,0.0,0.0,0.0,0.0,0.0,0.0,0.0,0.0,0.0,0.0,0.06767842493847417,2.0365053322395408,13.0557834290402,12.471287940935195,2.368744872846596,4.236001265422335,2.8331176916031624,nan,nan,nan,4.224181360201511,2.8172944928246166,4.24793388429752,2.8489528959574946,1.0056229887096695,0.395,0.01321,0.0,0.0,0.0,0.0,0.0,0.0,0.0,0.0,0.0,0.0,0.5352748154224776,18.876127973748947,10.539376538146024,0.049220672682526674,0.0,0.0,0.0,0.0,0.0,0.0,0.0,0.0,0.0,0.0,0.0,0.0,0.0,0.0,0.0,0.0,nan,nan,4.236001265422335,2.8331176916031624,nan,0.395,0.06396,0.0,0.0,0.0,0.0,0.0,0.0,0.0,0.0,0.0,0.0,0.0,0.0,0.0,0.0,0.0,0.0,0.0,0.0,0.0012817883511074652,0.0002358490566037736,0.00045118949958982774,0.004799015586546349,0.007219031993437244,0.00368129614438064,0.00405045118949959,0.007054963084495488,0.0030352748154224775,0.004860541427399508,0.01656070549630845,0.0058552091878589,0.019165299425758817,0.015196882690730107,0.029563166529942574,0.03310090237899918,0.04869770303527481,0.03909967186218212,0.07576907301066448,0.08035274815422477,0.07391304347826087,0.029973338802296964,0.0660377358490566,0.0713084495488105,0.055034864643150126,0.05306603773584906,0.02490771123872026,0.05197908121410993,0.029142739950779328,0.01878589007383101,0.024189909762100083,0.03568498769483183,0.02132895816242822,0.018539786710418376,0.01940114848236259,0.004860541427399508,0.0008203445447087777,0.0002358490566037736,0.000440935192780968,0.0,0.0,0.00031788351107465133,0.0,0.0,0.0,0.0,0.0,0.0,0.0,0.0,0.0,0.0,0.0,0.0,0.0,0.0,0.0,0.0,0.0,0.0,0.0,0.0,0.0,0.0,0.0,0.0,0.0,0.0,0.0,0.0,0.0,0.0,0.0,0.0,0.0,0.0,0.0,0.0,0.0,0.0,0.0,0.0,0.0,nan,nan,4.236001265422335,2.8331176916031624,nan,0.933891053054495,0.022878045292775217,0.0,0.0,0.0,0.0,0.0,0.0,0.0,0.0,0.0,0.0,0.0,0.0,0.0,0.0,0.0,0.0,0.0,0.0,0.0,0.0,0.0,0.0,0.0,0.0,0.0,0.07168458781362008,1.9474313022700123,12.939068100358426,12.544802867383515,2.497013142174433,0.9330283410705421,0.022935659140494537,0.0,0.0,0.0,0.0,0.0,0.0,0.0,0.0,0.0,0.0,0.0,0.0,0.0,0.0,0.0,0.0,0.0,0.0,0.0,0.0,0.0,0.0,0.0,0.0,0.0,0.06342494714587739,2.1310782241014805,13.179704016913321,12.393234672304443,2.232558139534884,0.395,0.013374,0.0,0.0,0.0,0.0,0.0,0.0,0.0,0.0,0.0,0.0,0.5734767025089607,18.92473118279567,10.454002389486263,0.04778972520908006,0.0,0.0,0.0,0.0,0.0,0.0,0.0,0.0,0.0,0.0,0.0,0.0,0.0,0.0,0.0,0.0,0.3953,0.01303,0.0,0.0,0.0,0.0,0.0,0.0,0.0,0.0,0.0,0.0,0.49471458773784366,18.82452431289638,10.63002114164905,0.050739957716701915,0.0,0.0,0.0,0.0,0.0,0.0,0.0,0.0,0.0,0.0,0.0,0.0,0.0,0.0,0.0,0.0
57400,4506,2354,0.5224145583666223,1132,919,0.4551708832667554,1255,0.5570350643586329,0.4280000000000001,2.9526022304832713,3.0902747549546894,6.6438127090301,2.029519650494874,9540.39902352419,1613.376391730319,7853.0,11083.0,11083.0,0.0,7853.0,0.0,27.800266311584554,20.720072454106514,32.636627140974966,18.998591646211583,0.14047936085219706,0.10031069684864626,0.09165557035064359,0.08632933865956502,0.08499778073679538,0.07612072791833112,0.06480248557478917,0.06413670661340434,0.06413670661340434,0.05415002219263205,0.042387927208166885,0.04016866400355082,0.029738126941855306,0.027075011096316024,0.017532179316466934,0.009320905459387484,0.006657789613848202,0.9327818099334935,0.022922641088156278,0.0,0.0,0.0,0.0,0.0,0.0,0.0,0.0,0.0,0.0,0.0,0.0,0.0,0.0,0.0,0.0,0.0,0.0,0.0,0.0,0.0,0.0,0.0,0.0,0.0,0.07989347536617844,2.250332889480693,12.989347536617846,12.56990679094541,2.1105193075898807,4.179821551132464,2.882137584860719,nan,nan,nan,4.21256038647343,2.8912341519326503,4.147440273037542,2.8727450454681915,0.9845414409618937,0.3948,0.012764,0.0,0.0,0.0,0.0,0.0,0.0,0.0,0.0,0.0,0.0,0.4527296937416779,19.19440745672434,10.319573901464715,0.03328894806924102,0.0,0.0,0.0,0.0,0.0,0.0,0.0,0.0,0.0,0.0,0.0,0.0,0.0,0.0,0.0,0.0,nan,nan,4.179821551132464,2.882137584860719,nan,0.3948,0.06384,0.0,0.0,0.0,0.0,0.0,0.0,0.0,0.0,0.0,0.0,0.0,0.0,0.0,0.0,0.0,0.0,0.0,0.0,0.0014314247669773635,0.0002108300044385264,0.00027740790057700844,0.004804704837993786,0.007356857523302264,0.00360630270750111,0.0036617842876165113,0.008011540168664004,0.0032068353306702177,0.004416333777185974,0.017632046160674656,0.005914336440301819,0.019529516200621395,0.014724811362627608,0.029205503772747447,0.03256768752774079,0.0472924988903684,0.038249001331557925,0.07587660896582335,0.08229027962716379,0.07363515312916112,0.02798490901020861,0.06714380825565912,0.07379050155348424,0.05324012427873946,0.056125166444740346,0.022603195739014648,0.05274079005770085,0.030082112738570796,0.019263204616067467,0.023857079449622724,0.03654016866400355,0.019928983577452285,0.01749889036839769,0.01878606302707501,0.0046271637816245005,0.001120727918331114,0.0001220594762538837,0.0002552152685308478,6.657789613848202e-05,0.0,0.0003217931646693298,0.0,0.0,0.0,0.0,0.0,0.0,0.0,0.0,0.0,0.0,0.0,0.0,0.0,0.0,0.0,0.0,0.0,0.0,0.0,0.0,0.0,0.0,0.0,0.0,0.0,0.0,0.0,0.0,0.0,0.0,0.0,0.0,0.0,0.0,0.0,0.0,0.0,0.0,0.0,0.0,0.0,nan,nan,4.179821551132464,2.882137584860719,nan,0.9326187041014459,0.02283862871896962,0.0,0.0,0.0,0.0,0.0,0.0,0.0,0.0,0.0,0.0,0.0,0.0,0.0,0.0,0.0,0.0,0.0,0.0,0.0,0.0,0.0,0.0,0.0,0.0,0.0,0.08920985556499578,2.204757858963467,13.164825828377234,12.463891248937982,2.07731520815633,0.9329602258854639,0.0230128643132839,0.0,0.0,0.0,0.0,0.0,0.0,0.0,0.0,0.0,0.0,0.0,0.0,0.0,0.0,0.0,0.0,0.0,0.0,0.0,0.0,0.0,0.0,0.0,0.0,0.0,0.06970260223048329,2.3001858736059484,12.797397769516731,12.68587360594796,2.1468401486988853,0.3948,0.01277,0.0,0.0,0.0,0.0,0.0,0.0,0.0,0.0,0.0,0.0,0.44604927782497883,19.192863211554773,10.335598980458794,0.025488530161427363,0.0,0.0,0.0,0.0,0.0,0.0,0.0,0.0,0.0,0.0,0.0,0.0,0.0,0.0,0.0,0.0,0.395,0.012764,0.0,0.0,0.0,0.0,0.0,0.0,0.0,0.0,0.0,0.0,0.4600371747211897,19.196096654275067,10.30204460966543,0.04182156133828997,0.0,0.0,0.0,0.0,0.0,0.0,0.0,0.0,0.0,0.0,0.0,0.0,0.0,0.0,0.0,0.0
57500,4996,2494,0.4991993594875901,1147,1030,0.4357485988791033,1414,0.566052842273819,0.39200000000000007,2.8760991207034374,3.047688561272955,6.483260553129549,2.1567258786895707,9465.413931144916,1614.9979294871796,7853.0,11083.0,11083.0,0.0,7853.0,0.0,27.832866293034428,20.977252555345597,32.750059566356924,19.28831949956378,0.14071257005604484,0.0988791032826261,0.09927942353883107,0.0878702962369896,0.07906325060048039,0.07265812650120096,0.07025620496397118,0.06044835868694956,0.0588470776621297,0.05024019215372298,0.04523618895116093,0.0422337870296237,0.032025620496397116,0.02401921537229784,0.019815852682145717,0.009807846277021618,0.008606885508406725,0.9327338901732424,0.023359387690464938,0.0,0.0,0.0,0.0,0.0,0.0,0.0,0.0,0.0,0.0,0.0,0.0,0.0,0.0,0.0,0.0,0.0,0.0,0.0,0.0,0.0,0.0,0.0,0.0,0.0,0.060048038430744605,2.377902321857486,12.820256204963973,12.550040032025624,2.191753402722178,4.298140560983296,2.8278676588833056,nan,nan,nan,4.29815638906548,2.8881638737584807,4.298125,2.767308527138779,0.9999926970862298,0.3948,0.012726,0.0,0.0,0.0,0.0,0.0,0.0,0.0,0.0,0.0,0.0,0.4263410728582867,19.137309847878278,10.406325060048042,0.030024019215372302,0.0,0.0,0.0,0.0,0.0,0.0,0.0,0.0,0.0,0.0,0.0,0.0,0.0,0.0,0.0,0.0,nan,nan,4.298140560983296,2.8278676588833056,nan,0.3948,0.06396,0.0,0.0,0.0,0.0,0.0,0.0,0.0,0.0,0.0,0.0,0.0,0.0,0.0,0.0,0.0,0.0,0.0,0.0,0.0014411529223378704,0.00024019215372297838,0.0002602081665332266,0.004173338670936749,0.008036429143314651,0.004773819055244195,0.003893114491593275,0.00810648518815052,0.00300240192153723,0.004583666933546837,0.018124499599679742,0.007035628502802242,0.01865492393915132,0.015512409927942354,0.027632105684547638,0.029483586869495596,0.04496597277822258,0.040652522017614094,0.07833266613290632,0.08249599679743795,0.0736689351481185,0.026311048839071257,0.06728382706164932,0.07585068054443554,0.050260208166533225,0.05513410728582866,0.023468775020016014,0.053642914331465175,0.029963971176941554,0.01979583666933547,0.02642113690952762,0.03703963170536429,0.018154523618895115,0.0174839871897518,0.017744195356285027,0.004673738991192954,0.0009707766212970376,0.00024019215372297838,0.00022017614091273017,0.0,0.0,0.00024019215372297838,0.0,3.0024019215372297e-05,0.0,0.0,0.0,0.0,0.0,0.0,0.0,0.0,0.0,0.0,0.0,0.0,0.0,0.0,0.0,0.0,0.0,0.0,0.0,0.0,0.0,0.0,0.0,0.0,0.0,0.0,0.0,0.0,0.0,0.0,0.0,0.0,0.0,0.0,0.0,0.0,0.0,0.0,0.0,nan,nan,4.298140560983296,2.8278676588833056,nan,0.9329440473506426,0.02372768002003149,0.0,0.0,0.0,0.0,0.0,0.0,0.0,0.0,0.0,0.0,0.0,0.0,0.0,0.0,0.0,0.0,0.0,0.0,0.0,0.0,0.0,0.0,0.0,0.0,0.0,0.08420208500400965,2.35765838011227,12.726543704891743,12.546110665597437,2.2854851643945473,0.9325244049612376,0.022984488855708595,0.0,0.0,0.0,0.0,0.0,0.0,0.0,0.0,0.0,0.0,0.0,0.0,0.0,0.0,0.0,0.0,0.0,0.0,0.0,0.0,0.0,0.0,0.0,0.0,0.0,0.03597122302158274,2.3980815347721824,12.913669064748204,12.553956834532377,2.0983213429256597,0.3948,0.01268,0.0,0.0,0.0,0.0,0.0,0.0,0.0,0.0,0.0,0.0,0.396952686447474,19.19807538091417,10.368885324779473,0.036086607858861273,0.0,0.0,0.0,0.0,0.0,0.0,0.0,0.0,0.0,0.0,0.0,0.0,0.0,0.0,0.0,0.0,0.3945,0.01277,0.0,0.0,0.0,0.0,0.0,0.0,0.0,0.0,0.0,0.0,0.45563549160671474,19.076738609112684,10.443645083932857,0.02398081534772183,0.0,0.0,0.0,0.0,0.0,0.0,0.0,0.0,0.0,0.0,0.0,0.0,0.0,0.0,0.0,0.0
57600,4687,2462,0.5252826968209943,1125,971,0.4471943673991893,1309,0.5585662470663537,0.4080000000000001,2.9698876404494383,2.9673112311369545,6.309748427672956,2.0311952207411474,9549.663110731812,1612.9340148764934,7853.0,11083.0,11083.0,0.0,7853.0,0.0,28.291444420738213,21.12573172320652,33.24011156186612,19.372977970460386,0.13868145935566462,0.10113078728397695,0.08896949007894175,0.08192873906550031,0.08192873906550031,0.0755280563260081,0.07488798805205889,0.05995306165991039,0.05760614465542991,0.05632600810753147,0.04331128653723064,0.04053765735011734,0.03157670151482825,0.0270962235971837,0.018135267761894603,0.013014721570300833,0.009387668017921912,0.931971202037572,0.023181789099263904,0.0,0.0,0.0,0.0,0.0,0.0,0.0,0.0,0.0,0.0,0.0,0.0,0.0,0.0,0.0,0.0,0.0,0.0,0.0,0.0,0.0,0.0,0.0,0.0,0.0,0.08320887561339879,2.4386601237465335,13.191807126093453,12.295711542564543,1.9906123319820785,4.145448548812665,2.777528156761115,nan,nan,nan,4.145203679369251,2.725856866192125,4.143803843605037,2.8286373471763326,0.9996622998837955,0.394,0.012856,0.0,0.0,0.0,0.0,0.0,0.0,0.0,0.0,0.0,0.0,0.448047791764455,19.89332195434177,9.633027522935782,0.025602730957968858,0.0,0.0,0.0,0.0,0.0,0.0,0.0,0.0,0.0,0.0,0.0,0.0,0.0,0.0,0.0,0.0,nan,nan,4.145448548812665,2.777528156761115,nan,0.394,0.06384,0.0,0.0,0.0,0.0,0.0,0.0,0.0,0.0,0.0,0.0,0.0,0.0,0.0,0.0,0.0,0.0,0.0,0.0,0.0015788350757414125,0.00035203755067207167,0.0002560273095796885,0.005067207168764668,0.007894175378707062,0.0048645188820140815,0.0043631320674205245,0.00785150416044378,0.002016215062940047,0.0046298271815660335,0.019127373586515894,0.00754213782803499,0.019148709195647536,0.01474290590996373,0.02654149775976104,0.028547045018135268,0.0451781523362492,0.04133774269255387,0.07696820994239385,0.08689993599317261,0.07362918711329208,0.02438660123746533,0.06829528483038191,0.07742692553872413,0.05144015361638575,0.05680605931299339,0.023287817367185833,0.05323234478344357,0.027597610411777256,0.018273949221250266,0.02629613825474717,0.03743332622146362,0.016748453168337955,0.0179752506934073,0.016364412203968424,0.004320460849157244,0.0006507360785150416,0.0002986985278429699,0.00048005120546191593,0.0,0.0,0.00014934926392148496,0.0,0.0,0.0,0.0,0.0,0.0,0.0,0.0,0.0,0.0,0.0,0.0,0.0,0.0,0.0,0.0,0.0,0.0,0.0,0.0,0.0,0.0,0.0,0.0,0.0,0.0,0.0,0.0,0.0,0.0,0.0,0.0,0.0,0.0,0.0,0.0,0.0,0.0,0.0,0.0,0.0,nan,nan,4.145448548812665,2.777528156761115,nan,0.9321694304360112,0.02323737972589807,0.0,0.0,0.0,0.0,0.0,0.0,0.0,0.0,0.0,0.0,0.0,0.0,0.0,0.0,0.0,0.0,0.0,0.0,0.0,0.0,0.0,0.0,0.0,0.0,0.0,0.08529650690495534,2.254264825345248,13.45247766043867,12.160844841592205,2.047116165718928,0.931751858973771,0.02311814049912404,0.0,0.0,0.0,0.0,0.0,0.0,0.0,0.0,0.0,0.0,0.0,0.0,0.0,0.0,0.0,0.0,0.0,0.0,0.0,0.0,0.0,0.0,0.0,0.0,0.0,0.08089887640449439,2.6426966292134835,12.903370786516858,12.444943820224722,1.9280898876404498,0.394,0.012985,0.0,0.0,0.0,0.0,0.0,0.0,0.0,0.0,0.0,0.0,0.536149471974005,19.825345247766013,9.614134849715679,0.024370430544272955,0.0,0.0,0.0,0.0,0.0,0.0,0.0,0.0,0.0,0.0,0.0,0.0,0.0,0.0,0.0,0.0,0.394,0.01271,0.0,0.0,0.0,0.0,0.0,0.0,0.0,0.0,0.0,0.0,0.3505617977528091,19.968539325842666,9.653932584269665,0.026966292134831468,0.0,0.0,0.0,0.0,0.0,0.0,0.0,0.0,0.0,0.0,0.0,0.0,0.0,0.0,0.0,0.0
57700,4423,2303,0.5206873163011531,1111,860,0.44562514130680536,1189,0.5376441329414424,0.4560000000000001,2.964622641509434,3.170348077589,6.735849056603773,2.18576430957463,9534.820031652724,1613.6170807753397,7853.0,11083.0,11083.0,0.0,7853.0,0.0,28.064888085010175,21.016806777153555,33.03740581270183,19.247340558274786,0.13995026000452182,0.09902780917929008,0.09744517295952973,0.0843319014243726,0.07709699299118246,0.07325344788605019,0.07121862988921547,0.06398372145602532,0.05878363101966991,0.04906172281257065,0.04612254126158716,0.03820936016278544,0.036626723943025095,0.030522269952520914,0.01876554374858693,0.01153063531539679,0.004069635993669455,0.9317126180315459,0.023362103807553932,0.0,0.0,0.0,0.0,0.0,0.0,0.0,0.0,0.0,0.0,0.0,0.0,0.0,0.0,0.0,0.0,0.0,0.0,0.0,0.0,0.0,0.0,0.0,0.0,0.0,0.07460999321727335,2.346823423016053,13.646846032104909,11.917250734795392,2.014469816866381,4.199017199017199,2.9613253727936004,nan,nan,nan,4.232867132867133,2.920084207612706,4.164904862579281,3.0019270604430393,0.9839441522366382,0.394,0.01325,0.0,0.0,0.0,0.0,0.0,0.0,0.0,0.0,0.0,0.0,0.4747908659281032,19.473208229708312,10.024869997739092,0.02713090662446304,0.0,0.0,0.0,0.0,0.0,0.0,0.0,0.0,0.0,0.0,0.0,0.0,0.0,0.0,0.0,0.0,nan,nan,4.199017199017199,2.9613253727936004,nan,0.394,0.06366,0.0,0.0,0.0,0.0,0.0,0.0,0.0,0.0,0.0,0.0,0.0,0.0,0.0,0.0,0.0,0.0,0.0,0.0,0.0014469816866380285,0.0005878363101966991,0.0003730499660863667,0.004623558670585576,0.007257517522043862,0.00478182229256161,0.003730499660863667,0.008252317431607507,0.002102645263395885,0.005957494912955008,0.01798553018313362,0.00785665837666742,0.01935338005878363,0.015487225864797649,0.02665611575853493,0.027944833823196926,0.044460773230838795,0.04125028261361067,0.07678046574723038,0.08792674655211395,0.07470042957268822,0.024564775039565907,0.06987338910241918,0.07463260230612706,0.051548722586479766,0.05798100836536287,0.02499434772778657,0.05080262265430703,0.02914311553244404,0.017307257517522046,0.025616097671263847,0.036050192177255254,0.015272439520687317,0.019489034591905947,0.01688898937372824,0.004691385937146733,0.0009043635541487678,0.00016956816640289397,0.00030522269952520915,4.521817770743839e-05,0.0,0.00020348179968347275,0.0,0.0,0.0,0.0,0.0,0.0,0.0,0.0,0.0,0.0,0.0,0.0,0.0,0.0,0.0,0.0,0.0,0.0,0.0,0.0,0.0,0.0,0.0,0.0,0.0,0.0,0.0,0.0,0.0,0.0,0.0,0.0,0.0,0.0,0.0,0.0,0.0,0.0,0.0,0.0,0.0,nan,nan,4.199017199017199,2.9613253727936004,nan,0.9312848640016199,0.02366319757928906,0.0,0.0,0.0,0.0,0.0,0.0,0.0,0.0,0.0,0.0,0.0,0.0,0.0,0.0,0.0,0.0,0.0,0.0,0.0,0.0,0.0,0.0,0.0,0.0,0.0,0.09118541033434653,2.488059053408598,13.925314806773777,11.398176291793316,2.09726443768997,0.9321772961121685,0.0230215541950994,0.0,0.0,0.0,0.0,0.0,0.0,0.0,0.0,0.0,0.0,0.0,0.0,0.0,0.0,0.0,0.0,0.0,0.0,0.0,0.0,0.0,0.0,0.0,0.0,0.0,0.056603773584905676,2.1933962264150946,13.344339622641513,12.481132075471702,1.924528301886793,0.3938,0.01333,0.0,0.0,0.0,0.0,0.0,0.0,0.0,0.0,0.0,0.0,0.48198002605297446,19.4355188884064,10.030395136778116,0.05210594876248373,0.0,0.0,0.0,0.0,0.0,0.0,0.0,0.0,0.0,0.0,0.0,0.0,0.0,0.0,0.0,0.0,0.3943,0.01317,0.0,0.0,0.0,0.0,0.0,0.0,0.0,0.0,0.0,0.0,0.4669811320754718,19.5141509433962,10.018867924528303,0.0,0.0,0.0,0.0,0.0,0.0,0.0,0.0,0.0,0.0,0.0,0.0,0.0,0.0,0.0,0.0,0.0
57800,4975,2572,0.5169849246231156,1197,1010,0.4436180904522613,1390,0.5587939698492462,0.4040000000000001,3.052850603412401,3.1497701514915435,6.6576319543509275,2.1458355212430806,9522.861306532663,1614.0679158714258,7853.0,11083.0,11083.0,0.0,7853.0,0.0,27.672160804020102,20.94868722225694,32.57385683504908,19.29488083462568,0.13969849246231156,0.10311557788944724,0.09969849246231156,0.08462311557788944,0.08160804020100502,0.07396984924623115,0.06552763819095478,0.06532663316582915,0.059899497487437184,0.0528643216080402,0.039597989949748745,0.03738693467336683,0.03437185929648241,0.026532663316582914,0.01628140703517588,0.010452261306532663,0.009045226130653266,0.932179478520724,0.023167381671738443,0.0,0.0,0.0,0.0,0.0,0.0,0.0,0.0,0.0,0.0,0.0,0.0,0.0,0.0,0.0,0.0,0.0,0.0,0.0,0.0,0.0,0.0,0.0,0.0,0.0,0.08442211055276384,2.418090452261307,12.940703517587943,12.645226130653269,1.911557788944724,4.31496062992126,2.8970274947843713,nan,nan,nan,4.299875311720698,2.9493606364776683,4.330362826225334,2.8425185949373564,1.0070903252523469,0.3938,0.01267,0.0,0.0,0.0,0.0,0.0,0.0,0.0,0.0,0.0,0.0,0.506532663316583,19.87537688442208,9.581909547738695,0.03618090452261307,0.0,0.0,0.0,0.0,0.0,0.0,0.0,0.0,0.0,0.0,0.0,0.0,0.0,0.0,0.0,0.0,nan,nan,4.31496062992126,2.8970274947843713,nan,0.3938,0.0637,0.0,0.0,0.0,0.0,0.0,0.0,0.0,0.0,0.0,0.0,0.0,0.0,0.0,0.0,1.0050251256281408e-05,0.0,0.0,1.0050251256281408e-05,0.0016080402010050252,0.0006633165829145729,0.0005125628140703518,0.004462311557788944,0.007346733668341709,0.004603015075376885,0.0034874371859296483,0.008844221105527638,0.002170854271356784,0.0063618090452261305,0.018492462311557788,0.008291457286432161,0.017758793969849248,0.014291457286432161,0.027527638190954773,0.028613065326633165,0.04538693467336683,0.03914572864321608,0.07746733668341708,0.08814070351758795,0.07221105527638191,0.024321608040201004,0.07395979899497487,0.07191959798994975,0.05207035175879397,0.059547738693467335,0.02357788944723618,0.05210050251256281,0.028170854271356783,0.017678391959798995,0.026964824120603016,0.03650251256281407,0.013959798994974874,0.01821105527638191,0.018030150753768844,0.004241206030150753,0.0008743718592964824,2.0100502512562815e-05,0.00012060301507537688,2.0100502512562815e-05,0.0,0.00030150753768844223,0.0,0.0,0.0,0.0,0.0,0.0,0.0,0.0,0.0,0.0,0.0,0.0,0.0,0.0,0.0,0.0,0.0,0.0,0.0,0.0,0.0,0.0,0.0,0.0,0.0,0.0,0.0,0.0,0.0,0.0,0.0,0.0,0.0,0.0,0.0,0.0,0.0,0.0,0.0,0.0,0.0,nan,nan,4.31496062992126,2.8970274947843713,nan,0.9325140853460246,0.023267050681712833,0.0,0.0,0.0,0.0,0.0,0.0,0.0,0.0,0.0,0.0,0.0,0.0,0.0,0.0,0.0,0.0,0.0,0.0,0.0,0.0,0.0,0.0,0.0,0.0,0.0,0.08164852255054435,2.5194401244167968,12.620528771384139,12.795489891135306,1.9828926905132196,0.9318213392137439,0.02305484576664977,0.0,0.0,0.0,0.0,0.0,0.0,0.0,0.0,0.0,0.0,0.0,0.0,0.0,0.0,0.0,0.0,0.0,0.0,0.0,0.0,0.0,0.0,0.0,0.0,0.0,0.08739076154806494,2.3096129837702875,13.28339575530587,12.48439450686642,1.8352059925093638,0.394,0.01261,0.0,0.0,0.0,0.0,0.0,0.0,0.0,0.0,0.0,0.0,0.443234836702955,20.073872472783798,9.424572317262832,0.058320373250388816,0.0,0.0,0.0,0.0,0.0,0.0,0.0,0.0,0.0,0.0,0.0,0.0,0.0,0.0,0.0,0.0,0.3938,0.01273,0.0,0.0,0.0,0.0,0.0,0.0,0.0,0.0,0.0,0.0,0.5742821473158553,19.66292134831458,9.750312109862673,0.01248439450686642,0.0,0.0,0.0,0.0,0.0,0.0,0.0,0.0,0.0,0.0,0.0,0.0,0.0,0.0,0.0,0.0
57900,4768,2490,0.522231543624161,1165,989,0.45176174496644295,1378,0.5780201342281879,0.4000000000000001,3.0263388937664617,3.0854397411269523,6.496263079222721,2.1370252495785835,9539.80788590604,1613.402810063781,7853.0,11083.0,11083.0,0.0,7853.0,0.0,28.281040268456376,20.831596490443555,33.101042701092354,19.063057670034116,0.13464765100671142,0.09773489932885907,0.0899748322147651,0.08703859060402684,0.08934563758389262,0.07235738255033557,0.06501677852348993,0.06669463087248322,0.05725671140939597,0.05641778523489933,0.044043624161073824,0.0398489932885906,0.03670302013422819,0.028523489932885907,0.019085570469798658,0.00964765100671141,0.005662751677852349,0.9317440988633456,0.02311674978005627,0.0,0.0,0.0,0.0,0.0,0.0,0.0,0.0,0.0,0.0,0.0,0.0,0.0,0.0,0.0,0.0,0.0,0.0,0.0,0.0,0.0,0.0,0.0,0.0,0.0,0.06921140939597317,2.554530201342282,13.005453020134231,12.332214765100675,2.038590604026846,4.22995847971894,2.902131393020969,nan,nan,nan,4.237126509853782,2.897107289970873,4.222721437740693,2.9071771288000696,0.9966002733032425,0.394,0.012665,0.0,0.0,0.0,0.0,0.0,0.0,0.0,0.0,0.0,0.0,0.45931208053691286,19.781879194630847,9.739932885906041,0.0188758389261745,0.0,0.0,0.0,0.0,0.0,0.0,0.0,0.0,0.0,0.0,0.0,0.0,0.0,0.0,0.0,0.0,nan,nan,4.22995847971894,2.902131393020969,nan,0.394,0.0634,0.0,0.0,0.0,0.0,0.0,0.0,0.0,0.0,0.0,0.0,0.0,0.0,0.0,0.0,4.194630872483221e-05,0.0,0.0,0.0,0.0010801174496644296,0.000776006711409396,0.00027265100671140937,0.004561661073825504,0.007445469798657718,0.004519714765100671,0.003166946308724832,0.00910234899328859,0.0022546140939597318,0.006617030201342282,0.018330536912751678,0.009165268456375839,0.017953020134228188,0.012919463087248322,0.02566065436241611,0.02769505033557047,0.04601510067114094,0.04024748322147651,0.079435822147651,0.08852768456375838,0.07048028523489933,0.023668204697986577,0.07151845637583892,0.07788380872483222,0.05428901006711409,0.0580746644295302,0.022934144295302012,0.05231753355704698,0.02822986577181208,0.016904362416107384,0.0290373322147651,0.03361996644295302,0.014471476510067114,0.016526845637583894,0.017386744966442953,0.005327181208053691,0.0011010906040268456,0.0,5.243288590604027e-05,0.0,0.0,0.000388003355704698,0.0,0.0,0.0,0.0,0.0,0.0,0.0,0.0,0.0,0.0,0.0,0.0,0.0,0.0,0.0,0.0,0.0,0.0,0.0,0.0,0.0,0.0,0.0,0.0,0.0,0.0,0.0,0.0,0.0,0.0,0.0,0.0,0.0,0.0,0.0,0.0,0.0,0.0,0.0,0.0,0.0,nan,nan,4.22995847971894,2.902131393020969,nan,0.9313480236444128,0.023139036240472487,0.0,0.0,0.0,0.0,0.0,0.0,0.0,0.0,0.0,0.0,0.0,0.0,0.0,0.0,0.0,0.0,0.0,0.0,0.0,0.0,0.0,0.0,0.0,0.0,0.0,0.09638554216867472,2.5783132530120487,13.204819277108436,12.192771084337352,1.9277108433734944,0.9321770344626181,0.02308459219162578,0.0,0.0,0.0,0.0,0.0,0.0,0.0,0.0,0.0,0.0,0.0,0.0,0.0,0.0,0.0,0.0,0.0,0.0,0.0,0.0,0.0,0.0,0.0,0.0,0.0,0.03950834064969272,2.528533801580334,12.787532923617212,12.4846356453029,2.159789288849869,0.3938,0.01274,0.0,0.0,0.0,0.0,0.0,0.0,0.0,0.0,0.0,0.0,0.4337349397590362,19.80722891566262,9.734939759036147,0.02409638554216868,0.0,0.0,0.0,0.0,0.0,0.0,0.0,0.0,0.0,0.0,0.0,0.0,0.0,0.0,0.0,0.0,0.394,0.01258,0.0,0.0,0.0,0.0,0.0,0.0,0.0,0.0,0.0,0.0,0.48726953467954354,19.754170324846328,9.74539069359087,0.013169446883230908,0.0,0.0,0.0,0.0,0.0,0.0,0.0,0.0,0.0,0.0,0.0,0.0,0.0,0.0,0.0,0.0
58000,4647,2368,0.5095760705831719,1088,973,0.44351194318915427,1308,0.5629438347320852,0.4240000000000001,2.942518648530057,3.1251130698601766,6.576489533011272,2.2355698467606677,9498.930707983645,1614.7037781907957,7853.0,11083.0,11083.0,0.0,7853.0,0.0,27.66365397030342,20.81492989341399,32.73582474226804,19.037038101569923,0.14439423283839037,0.1017860985582096,0.09274800946847428,0.08478588336561223,0.08370992037873898,0.06778566817301485,0.07165913492575855,0.06606412739401765,0.06068431245965139,0.04734237142242307,0.04131697869593286,0.04153217129330751,0.038949860124811705,0.025392726490208736,0.016354637400473424,0.009253281687109963,0.006240585323864859,0.9321636495370621,0.02301159313277531,0.0,0.0,0.0,0.0,0.0,0.0,0.0,0.0,0.0,0.0,0.0,0.0,0.0,0.0,0.0,0.0,0.0,0.0,0.0,0.0,0.0,0.0,0.0,0.0,0.0,0.05810200129115559,2.3692704970949,13.389283408650746,12.104583602324084,2.0787604906391226,4.333784240784579,2.931154298899772,nan,nan,nan,4.306275579809004,2.970234585967787,4.361073825503356,2.892914542740033,1.0127252064292602,0.3936,0.01298,0.0,0.0,0.0,0.0,0.0,0.0,0.0,0.0,0.0,0.0,0.6262104583602325,19.8902517753389,9.464170432537122,0.01936733376371853,0.0,0.0,0.0,0.0,0.0,0.0,0.0,0.0,0.0,0.0,0.0,0.0,0.0,0.0,0.0,0.0,nan,nan,4.333784240784579,2.931154298899772,nan,0.3936,0.0639,0.0,0.0,0.0,0.0,0.0,0.0,0.0,0.0,0.0,0.0,0.0,0.0,0.0,0.0,0.0,0.0,0.0,0.0,0.0010974822466107165,0.0006132989025177534,0.0002582311168495804,0.004949429739616957,0.0083387131482677,0.004077899720249623,0.004024101570905961,0.008962771680654185,0.0018614159672907251,0.007047557564019797,0.01890466967936303,0.010146330966214763,0.018194534108026683,0.012244458790617602,0.024682590918872392,0.028889606197546804,0.046040456208306435,0.04101570905960835,0.07985797288573274,0.0908973531310523,0.06676350333548525,0.024704110178609857,0.06881859264041316,0.07791047987949215,0.052614590058102,0.05915644501829137,0.020647729718097696,0.051323434473854096,0.02857757693135356,0.017226167419840756,0.02908327953518399,0.03489347966429955,0.015666021088874542,0.01500968366688186,0.018495803744351193,0.005551969012265978,0.0013234344738540995,1.0759629868732516e-05,0.0,0.0,0.0,0.00011835592855605767,0.0,0.0,0.0,0.0,0.0,0.0,0.0,0.0,0.0,0.0,0.0,0.0,0.0,0.0,0.0,0.0,0.0,0.0,0.0,0.0,0.0,0.0,0.0,0.0,0.0,0.0,0.0,0.0,0.0,0.0,0.0,0.0,0.0,0.0,0.0,0.0,0.0,0.0,0.0,0.0,0.0,nan,nan,4.333784240784579,2.931154298899772,nan,0.9321243692743214,0.022735057327413027,0.0,0.0,0.0,0.0,0.0,0.0,0.0,0.0,0.0,0.0,0.0,0.0,0.0,0.0,0.0,0.0,0.0,0.0,0.0,0.0,0.0,0.0,0.0,0.0,0.0,0.0633445945945946,2.1537162162162167,13.682432432432435,12.035472972972975,2.065033783783784,0.9322044637811032,0.023295380868041945,0.0,0.0,0.0,0.0,0.0,0.0,0.0,0.0,0.0,0.0,0.0,0.0,0.0,0.0,0.0,0.0,0.0,0.0,0.0,0.0,0.0,0.0,0.0,0.0,0.0,0.052654673102237835,2.5932426502852133,13.084686265906102,12.1763931548925,2.093023255813954,0.3936,0.012985,0.0,0.0,0.0,0.0,0.0,0.0,0.0,0.0,0.0,0.0,0.5827702702702704,20.219594594594568,9.184966216216218,0.012668918918918921,0.0,0.0,0.0,0.0,0.0,0.0,0.0,0.0,0.0,0.0,0.0,0.0,0.0,0.0,0.0,0.0,0.3938,0.01297,0.0,0.0,0.0,0.0,0.0,0.0,0.0,0.0,0.0,0.0,0.6713470820535323,19.548047389205763,9.754278192189558,0.026327336551118918,0.0,0.0,0.0,0.0,0.0,0.0,0.0,0.0,0.0,0.0,0.0,0.0,0.0,0.0,0.0,0.0
58100,4977,2524,0.5071328109302793,1203,1041,0.45087402049427366,1407,0.5654008438818565,0.4000000000000001,2.9131675499388505,3.0302527269405175,6.470760233918129,2.0825139457696533,9491.038979304802,1614.835658954989,7853.0,11083.0,11083.0,0.0,7853.0,0.0,27.8302190074342,20.973722448953566,32.94290532401831,19.217011634246283,0.14245529435402854,0.1046815350612819,0.09021498894916616,0.08398633715089411,0.08378541289933696,0.07172995780590717,0.07112718505123568,0.059674502712477394,0.05806710870002009,0.05224030540486237,0.046614426361261806,0.04038577456298975,0.034157122764717704,0.02531645569620253,0.017882258388587504,0.009242515571629495,0.008438818565400843,0.9329168438456349,0.02287095053781724,0.0,0.0,0.0,0.0,0.0,0.0,0.0,0.0,0.0,0.0,0.0,0.0,0.0,0.0,0.0,0.0,0.0,0.0,0.0,0.0,0.0,0.0,0.0,0.0,0.00602772754671489,0.05424954792043401,2.236286919831224,12.995780590717303,12.591922845087405,2.1157323688969263,4.2475954080049645,2.849433911501311,nan,nan,nan,4.252348152786475,2.864209618796286,4.2429274292742925,2.8348390108374257,0.9977845832058674,0.3945,0.01317,0.0,0.0,0.0,0.0,0.0,0.0,0.0,0.0,0.0,0.0,0.54249547920434,19.25858951175404,10.16877637130802,0.030138637733574447,0.0,0.0,0.0,0.0,0.0,0.0,0.0,0.0,0.0,0.0,0.0,0.0,0.0,0.0,0.0,0.0,nan,nan,4.2475954080049645,2.849433911501311,nan,0.3945,0.06366,0.0,0.0,0.0,0.0,0.0,0.0,0.0,0.0,0.0,0.0,0.0,0.0,0.0,0.0,0.0,0.0,0.0,0.0,0.0008036970062286518,0.0006730962427164959,0.0002109704641350211,0.0054249547920434,0.007554751858549327,0.003948161543098252,0.003968253968253968,0.008479003415712276,0.0019188266023709062,0.007846092023307213,0.018414707655213983,0.010066305003013865,0.01692786819369098,0.011573236889692586,0.0248442837050432,0.02802893309222423,0.044243520192887284,0.03964235483222825,0.07777777777777778,0.09333936106088005,0.06888687964637331,0.024693590516375326,0.06489853325296363,0.07859152099658429,0.0541289933694997,0.05818766325095439,0.02365883062085594,0.051828410689170185,0.02917420132610006,0.017078561382358852,0.03234880450070324,0.03430781595338557,0.016224633313240908,0.015541490857946554,0.018083182640144666,0.0054249547920434,0.0011251758087201125,3.0138637733574443e-05,0.0,0.0,6.027727546714889e-05,4.018485031143259e-05,0.0,0.0,0.0,0.0,0.0,0.0,0.0,0.0,0.0,0.0,0.0,0.0,0.0,0.0,0.0,0.0,0.0,0.0,0.0,0.0,0.0,0.0,0.0,0.0,0.0,0.0,0.0,0.0,0.0,0.0,0.0,0.0,0.0,0.0,0.0,0.0,0.0,0.0,0.0,0.0,0.0,nan,nan,4.2475954080049645,2.849433911501311,nan,0.9328101759100489,0.022628430739318448,0.0,0.0,0.0,0.0,0.0,0.0,0.0,0.0,0.0,0.0,0.0,0.0,0.0,0.0,0.0,0.0,0.0,0.0,0.0,0.0,0.0,0.0,0.0,0.0,0.0,0.047543581616481784,2.2464342313787644,13.05071315372425,12.599049128367673,2.056259904912837,0.9330265991939509,0.023117320560901447,0.0,0.0,0.0,0.0,0.0,0.0,0.0,0.0,0.0,0.0,0.0,0.0,0.0,0.0,0.0,0.0,0.0,0.0,0.0,0.0,0.0,0.0,0.0,0.0,0.012229922543823893,0.06114961271911946,2.2258459029759483,12.939258051365679,12.584590297594785,2.1769262128006526,0.394,0.01307,0.0,0.0,0.0,0.0,0.0,0.0,0.0,0.0,0.0,0.0,0.5705229793977814,19.635499207606944,9.770206022187008,0.023771790808240892,0.0,0.0,0.0,0.0,0.0,0.0,0.0,0.0,0.0,0.0,0.0,0.0,0.0,0.0,0.0,0.0,0.395,0.01325,0.0,0.0,0.0,0.0,0.0,0.0,0.0,0.0,0.0,0.0,0.5136567468406035,18.870770485120236,10.578883000407668,0.03668976763147167,0.0,0.0,0.0,0.0,0.0,0.0,0.0,0.0,0.0,0.0,0.0,0.0,0.0,0.0,0.0,0.0
58200,4734,2431,0.513519222644698,1127,975,0.4440219687367976,1349,0.5699197296155472,0.39200000000000007,2.9339991315675205,3.0085973110879807,6.311111111111111,2.2299864363203734,9511.667089142375,1614.4095469631714,7853.0,11083.0,11083.0,0.0,7853.0,0.0,28.41191381495564,21.04018108578666,33.36210790464241,19.246081765149388,0.13772708069286016,0.10181664554288128,0.08745247148288973,0.08132657372201098,0.07836924376848331,0.07667934093789606,0.06780735107731306,0.0699197296155471,0.060414026193493876,0.05534431770173215,0.04478242501056189,0.04055766793409379,0.03210815378115758,0.027672158850866074,0.016687790452049007,0.012040557667934094,0.009294465568229826,0.9336856582595872,0.023074902706336584,0.0,0.0,0.0,0.0,0.0,0.0,0.0,0.0,0.0,0.0,0.0,0.0,0.0,0.0,0.0,0.0,0.0,0.0,0.0,0.0,0.0,0.0,0.0,0.0,0.0,0.04435994930291509,2.198986058301648,12.31305449936629,13.219264892268697,2.2243346007604567,4.1958360442420295,2.7895209326380743,nan,nan,nan,4.167093469910371,2.7880057494784856,4.2255291005291005,2.790774505240481,1.0140231149218704,0.3948,0.013145,0.0,0.0,0.0,0.0,0.0,0.0,0.0,0.0,0.0,0.0,0.48162230671736384,19.030418250950543,10.437262357414452,0.05069708491761725,0.0,0.0,0.0,0.0,0.0,0.0,0.0,0.0,0.0,0.0,0.0,0.0,0.0,0.0,0.0,0.0,nan,nan,4.1958360442420295,2.7895209326380743,nan,0.3948,0.0644,0.0,0.0,0.0,0.0,0.0,0.0,0.0,0.0,0.0,0.0,0.0,0.0,0.0,0.0,0.0,0.0,0.0,3.168567807351077e-05,0.0008238276299112801,0.0003168567807351077,8.449514152936207e-05,0.004826784959864808,0.0086290663286861,0.004710604140261935,0.003453738910012674,0.008808618504435995,0.0024503591043514997,0.008724123362906632,0.019011406844106463,0.010012674271229404,0.018008027038445288,0.010403464300802703,0.02547528517110266,0.0300063371356147,0.04475073933248838,0.0382446134347275,0.07651035065483734,0.08827629911280101,0.06812420785804817,0.024429657794676807,0.06126953950147866,0.0796155471060414,0.05248204478242501,0.05678073510773131,0.0242184199408534,0.05567173637515843,0.028802281368821292,0.01850443599493029,0.03238276299112801,0.03528728348119983,0.01749049429657795,0.016708914237431347,0.01731094212082805,0.006210392902408111,0.0010456273764258555,8.449514152936207e-05,0.0,2.1123785382340516e-05,0.0,0.0,0.0,0.0,0.0,0.0,0.0,0.0,0.0,0.0,0.0,0.0,0.0,0.0,0.0,0.0,0.0,0.0,0.0,0.0,0.0,0.0,0.0,0.0,0.0,0.0,0.0,0.0,0.0,0.0,0.0,0.0,0.0,0.0,0.0,0.0,0.0,0.0,0.0,0.0,0.0,0.0,0.0,nan,nan,4.1958360442420295,2.7895209326380743,nan,0.933572320573274,0.022863161359445577,0.0,0.0,0.0,0.0,0.0,0.0,0.0,0.0,0.0,0.0,0.0,0.0,0.0,0.0,0.0,0.0,0.0,0.0,0.0,0.0,0.0,0.0,0.0,0.0,0.0,0.03702180172768409,2.196626902509256,12.77252159605101,12.784862196626905,2.2089675030851503,0.933805295218088,0.02329572649502233,0.0,0.0,0.0,0.0,0.0,0.0,0.0,0.0,0.0,0.0,0.0,0.0,0.0,0.0,0.0,0.0,0.0,0.0,0.0,0.0,0.0,0.0,0.0,0.0,0.0,0.05210594876248373,2.2014763352149376,11.828050369083806,13.67781155015198,2.2405557967868,0.3948,0.01325,0.0,0.0,0.0,0.0,0.0,0.0,0.0,0.0,0.0,0.0,0.5553270259152613,19.103249691484958,10.279720279720284,0.06170300287947348,0.0,0.0,0.0,0.0,0.0,0.0,0.0,0.0,0.0,0.0,0.0,0.0,0.0,0.0,0.0,0.0,0.395,0.01303,0.0,0.0,0.0,0.0,0.0,0.0,0.0,0.0,0.0,0.0,0.4038211029092489,18.953538862353422,10.603560573165439,0.039079461571862796,0.0,0.0,0.0,0.0,0.0,0.0,0.0,0.0,0.0,0.0,0.0,0.0,0.0,0.0,0.0,0.0
58300,4480,2358,0.5263392857142857,1124,916,0.45535714285714285,1222,0.5455357142857142,0.4200000000000001,2.953345900094251,3.052199130247403,6.548330404217926,2.109031926234638,9553.075892857143,1612.7576049904585,7853.0,11083.0,11083.0,0.0,7853.0,0.0,27.796651785714285,20.77873306335188,32.79845374566782,19.00759386776477,0.13861607142857144,0.10245535714285714,0.09017857142857143,0.08660714285714285,0.08169642857142857,0.07879464285714285,0.07209821428571428,0.06584821428571429,0.05892857142857143,0.046205357142857145,0.045089285714285714,0.036830357142857144,0.034375,0.029017857142857144,0.015848214285714285,0.011160714285714286,0.00625,0.9351834771888596,0.023134560871422998,0.0,0.0,0.0,0.0,0.0,0.0,0.0,0.0,0.0,0.0,0.0,0.0,0.0,0.0,0.0,0.0,0.0,0.0,0.0,0.0,0.0,0.0,0.0,0.0,0.0,0.06026785714285716,1.9151785714285718,12.127232142857146,13.319196428571432,2.5781250000000004,4.189077082613204,2.8117313151380023,nan,nan,nan,4.153792623521225,2.800612795827294,4.2239010989010985,2.8222292940193165,1.016878183803129,0.3945,0.01302,0.0,0.0,0.0,0.0,0.0,0.0,0.0,0.0,0.0,0.0,0.45535714285714296,19.27901785714283,10.252232142857144,0.013392857142857146,0.0,0.0,0.0,0.0,0.0,0.0,0.0,0.0,0.0,0.0,0.0,0.0,0.0,0.0,0.0,0.0,nan,nan,4.189077082613204,2.8117313151380023,nan,0.3945,0.0644,0.0,0.0,0.0,0.0,0.0,0.0,0.0,0.0,0.0,0.0,0.0,0.0,0.0,0.0,0.0,0.0,0.0,8.928571428571429e-05,0.0007477678571428571,0.00012276785714285715,8.928571428571429e-05,0.004520089285714286,0.007756696428571429,0.005044642857142857,0.004107142857142857,0.007957589285714285,0.0023772321428571427,0.009095982142857144,0.019776785714285715,0.010457589285714285,0.017444196428571427,0.01220982142857143,0.025301339285714285,0.03177455357142857,0.04516741071428571,0.036082589285714284,0.07797991071428571,0.08920758928571429,0.06622767857142857,0.02463169642857143,0.05991071428571428,0.08251116071428571,0.05387276785714286,0.054955357142857146,0.022845982142857144,0.05254464285714286,0.030558035714285715,0.01810267857142857,0.031863839285714284,0.03470982142857143,0.01849330357142857,0.015970982142857144,0.018158482142857143,0.006104910714285715,0.0009040178571428571,0.00032366071428571426,0.0,0.0,0.0,0.0,0.0,0.0,0.0,0.0,0.0,0.0,0.0,0.0,0.0,0.0,0.0,0.0,0.0,0.0,0.0,0.0,0.0,0.0,0.0,0.0,0.0,0.0,0.0,0.0,0.0,0.0,0.0,0.0,0.0,0.0,0.0,0.0,0.0,0.0,0.0,0.0,0.0,0.0,0.0,0.0,0.0,nan,nan,4.189077082613204,2.8117313151380023,nan,0.9350606721523356,0.02332288389162039,0.0,0.0,0.0,0.0,0.0,0.0,0.0,0.0,0.0,0.0,0.0,0.0,0.0,0.0,0.0,0.0,0.0,0.0,0.0,0.0,0.0,0.0,0.0,0.0,0.0,0.08905852417302801,1.959287531806616,11.959287531806618,13.346055979643769,2.646310432569975,0.9353199400899548,0.022922706906382484,0.0,0.0,0.0,0.0,0.0,0.0,0.0,0.0,0.0,0.0,0.0,0.0,0.0,0.0,0.0,0.0,0.0,0.0,0.0,0.0,0.0,0.0,0.0,0.0,0.0,0.028275212064090487,1.866163996229972,12.313854853911408,13.28934967012253,2.502356267672008,0.3945,0.01307,0.0,0.0,0.0,0.0,0.0,0.0,0.0,0.0,0.0,0.0,0.4580152671755726,19.478371501272235,10.050890585241731,0.012722646310432573,0.0,0.0,0.0,0.0,0.0,0.0,0.0,0.0,0.0,0.0,0.0,0.0,0.0,0.0,0.0,0.0,0.3948,0.01296,0.0,0.0,0.0,0.0,0.0,0.0,0.0,0.0,0.0,0.0,0.4524033930254478,19.057492931196958,10.475966069745525,0.014137606032045244,0.0,0.0,0.0,0.0,0.0,0.0,0.0,0.0,0.0,0.0,0.0,0.0,0.0,0.0,0.0,0.0
58400,4429,2322,0.5242718446601942,1083,895,0.44660194174757284,1222,0.5518175660419959,0.4360000000000001,3.02515424774561,3.137239529829098,6.623089983022071,2.2712217366348177,9546.398058252427,1613.0960121648832,7853.0,11083.0,11083.0,0.0,7853.0,0.0,28.38315646872883,21.11292083980864,33.32895442359249,19.33153234677992,0.1365996839015579,0.10408670128697223,0.08534657936328742,0.08354030255136599,0.08444344095732671,0.07270264167983743,0.070896364867916,0.06592910363513209,0.058026642582975844,0.05080153533529013,0.04560848950101603,0.0386091668548205,0.03567396703544818,0.028223075186272296,0.018965906525174984,0.013095506886430346,0.007450891849175886,0.9369885388548957,0.023231053128404105,0.0,0.0,0.0,0.0,0.0,0.0,0.0,0.0,0.0,0.0,0.0,0.0,0.0,0.0,0.0,0.0,0.0,0.0,0.0,0.0,0.0,0.0,0.0,0.0,0.0,0.04741476631293747,1.591781440505758,11.630164822759092,13.682546850304812,3.048092120117409,4.36214708957825,2.9344368954396685,nan,nan,nan,4.30383275261324,2.9909886633974163,4.420502092050209,2.8755494579544387,1.0271082419190496,0.3943,0.013565,0.0,0.0,0.0,0.0,0.0,0.0,0.0,0.0,0.0,0.0,0.6570331903364192,19.32490404154434,9.990968615940394,0.027094152178821412,0.0,0.0,0.0,0.0,0.0,0.0,0.0,0.0,0.0,0.0,0.0,0.0,0.0,0.0,0.0,0.0,nan,nan,4.36214708957825,2.9344368954396685,nan,0.3943,0.0641,0.0,0.0,0.0,0.0,0.0,0.0,0.0,0.0,0.0,0.0,0.0,0.0,0.0,0.0,0.0,0.0,0.0,9.031384059607135e-05,0.0004402799729058478,4.5156920298035674e-05,6.773538044705351e-05,0.0042108828177918264,0.007507337999548431,0.005588168886881914,0.004538270489952585,0.008320162564913074,0.002223978324678257,0.00854594716640325,0.017893429668096636,0.010894107021901106,0.017701512756829983,0.013287423797696997,0.02545721381801761,0.033145179498758184,0.042503951230526076,0.03495145631067961,0.08280650259652292,0.09198464664709867,0.06594039286520659,0.026778053736735155,0.06117633777376383,0.08209528110182886,0.052991645969744865,0.054752765861368256,0.02234138631745315,0.050135470760894106,0.029397155114021224,0.016154888236622263,0.03036802890042899,0.0351885301422443,0.018299841950778956,0.015387220591555655,0.019440054188304356,0.005339805825242718,0.0010724768570783473,0.0009257168661097313,0.0,1.1289230074508918e-05,0.0,0.0,0.0,0.0,0.0,0.0,0.0,0.0,0.0,0.0,0.0,0.0,0.0,0.0,0.0,0.0,0.0,0.0,0.0,0.0,0.0,0.0,0.0,0.0,0.0,0.0,0.0,0.0,0.0,0.0,0.0,0.0,0.0,0.0,0.0,0.0,0.0,0.0,0.0,0.0,0.0,0.0,0.0,nan,nan,4.36214708957825,2.9344368954396685,nan,0.9368503618404641,0.023469323273201396,0.0,0.0,0.0,0.0,0.0,0.0,0.0,0.0,0.0,0.0,0.0,0.0,0.0,0.0,0.0,0.0,0.0,0.0,0.0,0.0,0.0,0.0,0.0,0.0,0.0,0.051679586563307504,1.6408268733850133,11.563307493540055,13.552971576227394,3.1912144702842387,0.9371408155646774,0.022964643592675492,0.0,0.0,0.0,0.0,0.0,0.0,0.0,0.0,0.0,0.0,0.0,0.0,0.0,0.0,0.0,0.0,0.0,0.0,0.0,0.0,0.0,0.0,0.0,0.0,0.0,0.042714760322733754,1.5377313716184153,11.70384432842905,13.825344091124826,2.890365448504984,0.394,0.01357,0.0,0.0,0.0,0.0,0.0,0.0,0.0,0.0,0.0,0.0,0.5813953488372094,19.47028423772607,9.909560723514213,0.03875968992248063,0.0,0.0,0.0,0.0,0.0,0.0,0.0,0.0,0.0,0.0,0.0,0.0,0.0,0.0,0.0,0.0,0.3943,0.013565,0.0,0.0,0.0,0.0,0.0,0.0,0.0,0.0,0.0,0.0,0.7403891789273851,19.164689131466513,10.080683436165165,0.014238253440911251,0.0,0.0,0.0,0.0,0.0,0.0,0.0,0.0,0.0,0.0,0.0,0.0,0.0,0.0,0.0,0.0
58500,4917,2554,0.5194224120398617,1185,1011,0.4466137888956681,1399,0.5690461663616027,0.4080000000000001,2.9758781210325855,3.055393866109993,6.509658246656761,2.1676355129000893,9530.734390888754,1613.781086826778,7853.0,11083.0,11083.0,0.0,7853.0,0.0,28.35041692088672,20.95373537494865,33.26496138996139,19.150535747076468,0.13768558063860079,0.09355297945901973,0.09355297945901973,0.08399430547081554,0.08318080130160667,0.07463900752491356,0.06833435021354485,0.06833435021354485,0.05552165954850519,0.05430140329469189,0.04820012202562538,0.03965832824893228,0.03843807199511898,0.024405125076266018,0.016676835468781778,0.012202562538133009,0.007321537522879805,0.9374750612566135,0.02336289772662443,0.0,0.0,0.0,0.0,0.0,0.0,0.0,0.0,0.0,0.0,0.0,0.0,0.0,0.0,0.0,0.0,0.0,0.0,0.0,0.0,0.0,0.0,0.0,0.0,0.0,0.04881025015253204,1.494813910921294,11.323978035387434,13.96583282489323,3.1665649786455163,4.2759375,2.857410715331933,nan,nan,nan,4.236858379715523,2.8150891287973363,4.315855969677827,2.8994599465731743,1.0186453222841987,0.3938,0.01312,0.0,0.0,0.0,0.0,0.0,0.0,0.0,0.0,0.0,0.0,0.567419158023185,19.865771812080506,9.542403904820013,0.02440512507626602,0.0,0.0,0.0,0.0,0.0,0.0,0.0,0.0,0.0,0.0,0.0,0.0,0.0,0.0,0.0,0.0,nan,nan,4.2759375,2.857410715331933,nan,0.3938,0.0643,0.0,0.0,0.0,0.0,0.0,0.0,0.0,0.0,0.0,0.0,0.0,0.0,0.0,0.0,0.0,0.0,0.0,7.118161480577588e-05,0.000508440105755542,7.118161480577588e-05,0.00014236322961155176,0.003986170429123449,0.007402887939800692,0.006477526947325605,0.005419971527354078,0.00908074028879398,0.0018812283912955053,0.008429936953426887,0.016788692292047998,0.010189139719341062,0.01743949562741509,0.015832824893227578,0.025147447630669107,0.033435021354484444,0.0428716697173073,0.03595688427903193,0.08275371161277202,0.09190563351637177,0.06307707952003254,0.025645718934309537,0.061795810453528575,0.08299776286353468,0.05434207850315233,0.05517592027659142,0.019686800894854587,0.04988814317673378,0.03011999186495831,0.016859873906853774,0.030435224730526744,0.034472239170225745,0.01902582875737238,0.015334553589587147,0.01865975188122839,0.004413260117958105,0.0010067114093959733,0.0012507626601586334,1.016880211511084e-05,1.016880211511084e-05,0.0,0.0,0.0,0.0,0.0,0.0,0.0,0.0,0.0,0.0,0.0,0.0,0.0,0.0,0.0,0.0,0.0,0.0,0.0,0.0,0.0,0.0,0.0,0.0,0.0,0.0,0.0,0.0,0.0,0.0,0.0,0.0,0.0,0.0,0.0,0.0,0.0,0.0,0.0,0.0,0.0,0.0,0.0,nan,nan,4.2759375,2.857410715331933,nan,0.9371740173434688,0.023383959601266463,0.0,0.0,0.0,0.0,0.0,0.0,0.0,0.0,0.0,0.0,0.0,0.0,0.0,0.0,0.0,0.0,0.0,0.0,0.0,0.0,0.0,0.0,0.0,0.0,0.0,0.04698512137823024,1.574001566170713,11.499608457321852,13.71965544244323,3.1597494126859833,0.9378004383849129,0.023335745282277144,0.0,0.0,0.0,0.0,0.0,0.0,0.0,0.0,0.0,0.0,0.0,0.0,0.0,0.0,0.0,0.0,0.0,0.0,0.0,0.0,0.0,0.0,0.0,0.0,0.0,0.050782903089293285,1.4092255607278887,11.134151502327553,14.231908590774442,3.1739314430808303,0.3938,0.01326,0.0,0.0,0.0,0.0,0.0,0.0,0.0,0.0,0.0,0.0,0.6812842599843385,19.675019577133877,9.6319498825372,0.01174628034455756,0.0,0.0,0.0,0.0,0.0,0.0,0.0,0.0,0.0,0.0,0.0,0.0,0.0,0.0,0.0,0.0,0.3938,0.01296,0.0,0.0,0.0,0.0,0.0,0.0,0.0,0.0,0.0,0.0,0.4443504020313162,20.07194244604314,9.44561997460855,0.03808717731696996,0.0,0.0,0.0,0.0,0.0,0.0,0.0,0.0,0.0,0.0,0.0,0.0,0.0,0.0,0.0,0.0
58600,4911,2538,0.5167990226023214,1214,996,0.4500101812258196,1364,0.5554876807167582,0.4160000000000001,2.9410029498525074,3.062334589251692,6.517345399698341,2.044582485084899,9522.260843005497,1614.0882134865903,7853.0,11083.0,11083.0,0.0,7853.0,0.0,28.14701690083486,20.989539112323296,33.123576447782895,19.196779675085615,0.14009366727754022,0.09997963754836083,0.0855222968845449,0.08878028914681328,0.08185705558949298,0.07839543881083283,0.06638159234371818,0.05864386072083079,0.0600692323355732,0.059051109753614335,0.043575646507839544,0.04031765424557117,0.03400529423742619,0.02728568519649766,0.01832620647525962,0.00916310323762981,0.00855222968845449,0.9374071151485416,0.023274077159983277,0.0,0.0,0.0,0.0,0.0,0.0,0.0,0.0,0.0,0.0,0.0,0.0,0.0,0.0,0.0,0.0,0.0,0.0,0.0,0.0,0.0,0.0,0.0,0.0,0.0,0.024434941967012833,1.759315821624924,10.726939523518634,14.471594379963351,3.017715332926085,4.192669172932331,2.8539264415294974,nan,nan,nan,4.235700817096166,2.895477758140693,4.15125,2.8117385080231054,0.9800621382994509,0.3936,0.012665,0.0,0.0,0.0,0.0,0.0,0.0,0.0,0.0,0.0,0.0,0.4520464263897374,20.317654245571138,9.211973121563839,0.018326206475259624,0.0,0.0,0.0,0.0,0.0,0.0,0.0,0.0,0.0,0.0,0.0,0.0,0.0,0.0,0.0,0.0,nan,nan,4.192669172932331,2.8539264415294974,nan,0.3936,0.064,0.0,0.0,0.0,0.0,0.0,0.0,0.0,0.0,0.0,0.0,0.0,0.0,0.0,0.0,0.0,0.0,0.0,8.144980655670943e-05,0.0003868865811443698,7.126858073712076e-05,0.00020362451639177357,0.003756872327428222,0.007798818977804928,0.006434534717980045,0.004591732844634494,0.0097128894318876,0.0017817145184280188,0.009112197108531866,0.016921197312156383,0.009967420077377316,0.018377112604357565,0.017236815312563634,0.022693952351863163,0.03203013642842598,0.04304622276522093,0.036682956627978006,0.0834555080431684,0.08900427611484422,0.06409081653431073,0.025463245774791286,0.06417226634086744,0.08226430462227652,0.05627163510486662,0.05555894929749542,0.021003868865811445,0.04979637548360823,0.028619425778863776,0.01724699653838322,0.03073712074933822,0.03271227855833842,0.019476684992873142,0.014640602728568519,0.01810221950722867,0.004561189167175728,0.0007126858073712074,0.0012115658725310528,1.0181225819588678e-05,0.0,0.0,0.0,0.0,0.0,0.0,0.0,0.0,0.0,0.0,0.0,0.0,0.0,0.0,0.0,0.0,0.0,0.0,0.0,0.0,0.0,0.0,0.0,0.0,0.0,0.0,0.0,0.0,0.0,0.0,0.0,0.0,0.0,0.0,0.0,0.0,0.0,0.0,0.0,0.0,0.0,0.0,0.0,0.0,nan,nan,4.192669172932331,2.8539264415294974,nan,0.9378510246932553,0.023087152122688855,0.0,0.0,0.0,0.0,0.0,0.0,0.0,0.0,0.0,0.0,0.0,0.0,0.0,0.0,0.0,0.0,0.0,0.0,0.0,0.0,0.0,0.0,0.0,0.0,0.0,0.023640661938534285,1.57210401891253,10.614657210401894,14.68085106382979,3.1087470449172585,0.9369323395798591,0.023463059145539727,0.0,0.0,0.0,0.0,0.0,0.0,0.0,0.0,0.0,0.0,0.0,0.0,0.0,0.0,0.0,0.0,0.0,0.0,0.0,0.0,0.0,0.0,0.0,0.0,0.0,0.02528445006321113,1.9595448798988626,10.847029077117575,14.247787610619472,2.920353982300886,0.3936,0.01259,0.0,0.0,0.0,0.0,0.0,0.0,0.0,0.0,0.0,0.0,0.5200945626477542,20.224586288416045,9.243498817966904,0.011820330969267143,0.0,0.0,0.0,0.0,0.0,0.0,0.0,0.0,0.0,0.0,0.0,0.0,0.0,0.0,0.0,0.0,0.3938,0.01275,0.0,0.0,0.0,0.0,0.0,0.0,0.0,0.0,0.0,0.0,0.379266750948167,20.417193426042953,9.17825537294564,0.02528445006321113,0.0,0.0,0.0,0.0,0.0,0.0,0.0,0.0,0.0,0.0,0.0,0.0,0.0,0.0,0.0,0.0
58700,4985,2507,0.5029087261785357,1196,1070,0.45456369107321964,1447,0.5805416248746239,0.3960000000000001,2.91000807102502,2.9486410735669097,6.179144385026738,2.0657619732087005,9477.39518555667,1614.9726717466012,7853.0,11083.0,11083.0,0.0,7853.0,0.0,28.200601805416248,20.79006879547247,33.03991446899501,18.996887956920848,0.13560682046138414,0.09648946840521565,0.08786359077231695,0.08966900702106319,0.08505516549648946,0.07502507522567703,0.06880641925777332,0.06860581745235707,0.0555667001003009,0.0567703109327984,0.044332998996990974,0.04172517552657974,0.03671013039117352,0.022668004012036107,0.01745235707121364,0.008826479438314945,0.008826479438314945,0.9376155168505586,0.022913342673986616,0.0,0.0,0.0,0.0,0.0,0.0,0.0,0.0,0.0,0.0,0.0,0.0,0.0,0.0,0.0,0.0,0.0,0.0,0.0,0.0,0.0,0.0,0.0,0.0,0.0,0.012036108324974927,1.5165496489468409,11.440320962888668,13.907723169508529,3.1233701103309937,4.155230253125953,2.7919627055276544,nan,nan,nan,4.177736777367774,2.825559199826196,4.130145278450363,2.756570267544639,0.9886083060150581,0.3933,0.01289,0.0,0.0,0.0,0.0,0.0,0.0,0.0,0.0,0.0,0.0,0.5235707121364093,20.49147442326978,8.96690070210632,0.01805416248746239,0.0,0.0,0.0,0.0,0.0,0.0,0.0,0.0,0.0,0.0,0.0,0.0,0.0,0.0,0.0,0.0,nan,nan,4.155230253125953,2.7919627055276544,nan,0.3933,0.06415,0.0,0.0,0.0,0.0,0.0,0.0,0.0,0.0,0.0,0.0,0.0,0.0,0.0,0.0,0.0,0.0,0.0,0.0,0.0005717151454363089,1.0030090270812437e-05,0.00035105315947843533,0.004142427281845536,0.008996990972918756,0.005656970912738215,0.004684052156469408,0.008786359077231696,0.0016850551654964895,0.00880641925777332,0.016800401203610833,0.011564694082246741,0.016058174523570713,0.018575727181544634,0.021995987963891676,0.033319959879638913,0.04473420260782347,0.03631895687061183,0.08601805416248746,0.08431293881644934,0.06529588766298897,0.025947843530591774,0.06329989969909729,0.0833801404212638,0.05210631895687061,0.05724172517552658,0.021965897693079238,0.0505616850551655,0.028094282848545638,0.016980942828485456,0.03148445336008024,0.031013039117352058,0.01970912738214644,0.015907723169508524,0.01696088264794383,0.004824473420260782,0.00040120361083249747,0.001424272818455366,1.0030090270812437e-05,0.0,0.0,0.0,0.0,0.0,0.0,0.0,0.0,0.0,0.0,0.0,0.0,0.0,0.0,0.0,0.0,0.0,0.0,0.0,0.0,0.0,0.0,0.0,0.0,0.0,0.0,0.0,0.0,0.0,0.0,0.0,0.0,0.0,0.0,0.0,0.0,0.0,0.0,0.0,0.0,0.0,0.0,0.0,0.0,nan,nan,4.155230253125953,2.7919627055276544,nan,0.9376243878561613,0.023235105471375472,0.0,0.0,0.0,0.0,0.0,0.0,0.0,0.0,0.0,0.0,0.0,0.0,0.0,0.0,0.0,0.0,0.0,0.0,0.0,0.0,0.0,0.0,0.0,0.0,0.0,0.023932987634623062,1.507778220981253,11.523733546071004,13.737534902273637,3.20702034303949,0.937606542027699,0.022583145986111924,0.0,0.0,0.0,0.0,0.0,0.0,0.0,0.0,0.0,0.0,0.0,0.0,0.0,0.0,0.0,0.0,0.0,0.0,0.0,0.0,0.0,0.0,0.0,0.0,0.0,0.0,1.5254237288135597,11.355932203389834,14.079903147699762,3.038740920096853,0.393,0.01318,0.0,0.0,0.0,0.0,0.0,0.0,0.0,0.0,0.0,0.0,0.5983246908655765,20.60630235341042,8.783406461906663,0.011966493817311531,0.0,0.0,0.0,0.0,0.0,0.0,0.0,0.0,0.0,0.0,0.0,0.0,0.0,0.0,0.0,0.0,0.3936,0.01258,0.0,0.0,0.0,0.0,0.0,0.0,0.0,0.0,0.0,0.0,0.4479418886198548,20.375302663438227,9.152542372881358,0.024213075060532694,0.0,0.0,0.0,0.0,0.0,0.0,0.0,0.0,0.0,0.0,0.0,0.0,0.0,0.0,0.0,0.0
58800,4695,2492,0.5307774227902023,1213,928,0.45601703940362087,1280,0.5452609158679447,0.4160000000000001,3.023150249659555,3.1221042388858624,6.573015873015873,2.1632358441021555,9567.411075612354,1611.9374795709648,7853.0,11083.0,11083.0,0.0,7853.0,0.0,28.24877529286475,20.913765997334224,33.239604462474645,19.088035170204552,0.1395101171458999,0.09776357827476038,0.08753993610223643,0.08753993610223643,0.07795527156549521,0.07561235356762513,0.07156549520766774,0.06432374866879659,0.061554845580404687,0.050266240681576146,0.04792332268370607,0.043024494142705004,0.03450479233226837,0.02619808306709265,0.016613418530351438,0.010862619808306708,0.00724174653887114,0.937359997830071,0.023312496017731353,0.0,0.0,0.0,0.0,0.0,0.0,0.0,0.0,0.0,0.0,0.0,0.0,0.0,0.0,0.0,0.0,0.0,0.0,0.0,0.0,0.0,0.0,0.0,0.0,0.0,0.06389776357827477,1.5463258785942495,11.37380191693291,13.872204472843453,3.143769968051119,4.168349071963529,2.944839877624956,nan,nan,nan,4.18651832460733,2.9520427612627658,4.1530479896238655,2.9366286327386497,0.9920052099648689,0.3926,0.012764,0.0,0.0,0.0,0.0,0.0,0.0,0.0,0.0,0.0,0.0,0.562300319488818,21.041533546325848,8.376996805111823,0.01916932907348243,0.0,0.0,0.0,0.0,0.0,0.0,0.0,0.0,0.0,0.0,0.0,0.0,0.0,0.0,0.0,0.0,nan,nan,4.168349071963529,2.944839877624956,nan,0.3926,0.0641,0.0,0.0,0.0,0.0,0.0,0.0,0.0,0.0,0.0,0.0,0.0,0.0,0.0,0.0,0.0,0.0,0.0,3.194888178913738e-05,0.000564430244941427,1.0649627263045793e-05,0.0004579339723109691,0.004195953141640042,0.010543130990415336,0.005782747603833866,0.003908413205537806,0.009254526091586794,0.0013631522896698615,0.008647497337593185,0.018338658146964858,0.011970181043663472,0.014824281150159744,0.017955271565495208,0.021693290734824282,0.031224707135250267,0.04908413205537806,0.03856230031948882,0.08378061767838126,0.08350372736954206,0.06766773162939298,0.025197018104366347,0.06419595314164005,0.08303514376996805,0.051533546325878594,0.05761448349307774,0.022460063897763578,0.049158679446219385,0.028115015974440896,0.01647497337593184,0.031629392971246006,0.031107561235356764,0.018562300319488818,0.015378061767838125,0.016283280085197017,0.00402555910543131,0.0004259850905218317,0.0013738019169329074,4.259850905218317e-05,2.1299254526091586e-05,0.0,0.0,0.0,0.0,0.0,0.0,0.0,0.0,0.0,0.0,0.0,0.0,0.0,0.0,0.0,0.0,0.0,0.0,0.0,0.0,0.0,0.0,0.0,0.0,0.0,0.0,0.0,0.0,0.0,0.0,0.0,0.0,0.0,0.0,0.0,0.0,0.0,0.0,0.0,0.0,0.0,0.0,0.0,nan,nan,4.168349071963529,2.944839877624956,nan,0.9370202997140288,0.023423343426570223,0.0,0.0,0.0,0.0,0.0,0.0,0.0,0.0,0.0,0.0,0.0,0.0,0.0,0.0,0.0,0.0,0.0,0.0,0.0,0.0,0.0,0.0,0.0,0.0,0.0,0.036115569823435,1.625200642054575,11.617174959871592,13.639646869983952,3.0818619582664533,0.9377442591578864,0.02318046862216631,0.0,0.0,0.0,0.0,0.0,0.0,0.0,0.0,0.0,0.0,0.0,0.0,0.0,0.0,0.0,0.0,0.0,0.0,0.0,0.0,0.0,0.0,0.0,0.0,0.0,0.09532455742169771,1.4571039491602364,11.09850204266909,14.135270086246031,3.2137993645029512,0.3926,0.01281,0.0,0.0,0.0,0.0,0.0,0.0,0.0,0.0,0.0,0.0,0.5296950240770466,21.103531300160483,8.342696629213485,0.024077046548956666,0.0,0.0,0.0,0.0,0.0,0.0,0.0,0.0,0.0,0.0,0.0,0.0,0.0,0.0,0.0,0.0,0.3926,0.01271,0.0,0.0,0.0,0.0,0.0,0.0,0.0,0.0,0.0,0.0,0.599182932364957,20.97140263277346,8.41579664094417,0.013617793917385386,0.0,0.0,0.0,0.0,0.0,0.0,0.0,0.0,0.0,0.0,0.0,0.0,0.0,0.0,0.0,0.0
58900,4720,2470,0.5233050847457628,1082,976,0.43601694915254235,1320,0.559322033898305,0.4200000000000001,2.9875555555555557,3.115242209634968,6.610648918469218,2.1371026489111427,9543.275423728814,1613.244746026606,7853.0,11083.0,11083.0,0.0,7853.0,0.0,27.854025423728814,21.086104868887627,32.95333502409333,19.330903968740095,0.14576271186440679,0.10211864406779661,0.0940677966101695,0.08898305084745763,0.07478813559322034,0.06737288135593221,0.06885593220338983,0.06313559322033899,0.056567796610169495,0.05296610169491525,0.04978813559322034,0.0423728813559322,0.03114406779661017,0.023728813559322035,0.020338983050847456,0.011228813559322034,0.006779661016949152,0.9369141073171365,0.023388123204632665,0.0,0.0,0.0,0.0,0.0,0.0,0.0,0.0,0.0,0.0,0.0,0.0,0.0,0.0,0.0,0.0,0.0,0.0,0.0,0.0,0.0,0.0,0.0,0.0,0.0,0.04449152542372883,1.7161016949152545,11.656779661016952,13.487288135593223,3.095338983050848,4.342245989304812,2.8806205294478526,nan,nan,nan,4.376190476190477,2.93361547808206,4.30946123521682,2.8281069756716932,0.9847517512464985,0.393,0.01301,0.0,0.0,0.0,0.0,0.0,0.0,0.0,0.0,0.0,0.0,0.6864406779661019,20.485169491525394,8.796610169491528,0.03177966101694916,0.0,0.0,0.0,0.0,0.0,0.0,0.0,0.0,0.0,0.0,0.0,0.0,0.0,0.0,0.0,0.0,nan,nan,4.342245989304812,2.8806205294478526,nan,0.393,0.064,0.0,0.0,0.0,0.0,0.0,0.0,0.0,0.0,0.0,0.0,0.0,0.0,0.0,0.0,0.0,0.0,0.0,1.0593220338983052e-05,0.0006991525423728814,0.0,0.0009110169491525423,0.0038453389830508476,0.011843220338983051,0.00576271186440678,0.003728813559322034,0.008548728813559323,0.00125,0.008326271186440679,0.017595338983050848,0.011800847457627118,0.014057203389830509,0.017097457627118645,0.021716101694915255,0.029184322033898306,0.046408898305084746,0.04021186440677966,0.08298728813559322,0.08036016949152543,0.07020127118644068,0.028548728813559323,0.06453389830508474,0.08276483050847458,0.050709745762711866,0.06090042372881356,0.02346398305084746,0.05013771186440678,0.026578389830508475,0.016398305084745764,0.03204449152542373,0.029661016949152543,0.020190677966101696,0.01579449152542373,0.016387711864406778,0.003294491525423729,0.0006779661016949153,0.0013665254237288135,0.0,0.0,0.0,0.0,0.0,0.0,0.0,0.0,0.0,0.0,0.0,0.0,0.0,0.0,0.0,0.0,0.0,0.0,0.0,0.0,0.0,0.0,0.0,0.0,0.0,0.0,0.0,0.0,0.0,0.0,0.0,0.0,0.0,0.0,0.0,0.0,0.0,0.0,0.0,0.0,0.0,0.0,0.0,0.0,0.0,nan,nan,4.342245989304812,2.8806205294478526,nan,0.9374285094168505,0.023419408920157224,0.0,0.0,0.0,0.0,0.0,0.0,0.0,0.0,0.0,0.0,0.0,0.0,0.0,0.0,0.0,0.0,0.0,0.0,0.0,0.0,0.0,0.0,0.0,0.0,0.0,0.02429149797570851,1.7854251012145752,11.234817813765185,13.785425101214578,3.1700404858299605,0.9363494081232283,0.02334068006281288,0.0,0.0,0.0,0.0,0.0,0.0,0.0,0.0,0.0,0.0,0.0,0.0,0.0,0.0,0.0,0.0,0.0,0.0,0.0,0.0,0.0,0.0,0.0,0.0,0.0,0.06666666666666668,1.6400000000000003,12.120000000000003,13.160000000000004,3.013333333333334,0.393,0.01333,0.0,0.0,0.0,0.0,0.0,0.0,0.0,0.0,0.0,0.0,0.7894736842105265,20.016194331983776,9.133603238866398,0.060728744939271266,0.0,0.0,0.0,0.0,0.0,0.0,0.0,0.0,0.0,0.0,0.0,0.0,0.0,0.0,0.0,0.0,0.393,0.01264,0.0,0.0,0.0,0.0,0.0,0.0,0.0,0.0,0.0,0.0,0.5733333333333335,20.99999999999997,8.426666666666668,0.0,0.0,0.0,0.0,0.0,0.0,0.0,0.0,0.0,0.0,0.0,0.0,0.0,0.0,0.0,0.0,0.0
59000,4851,2495,0.5143269428983714,1191,973,0.4460935889507318,1375,0.5668934240362812,0.3960000000000001,3.027164685908319,3.116870509699879,6.588150289017341,2.1656884367699054,9514.27602556174,1614.3368698813172,7853.0,11083.0,11083.0,0.0,7853.0,0.0,28.420737992166565,20.971018244636095,33.23519376066293,19.21119356220645,0.1352298495155638,0.0968872397443826,0.0917336631622346,0.08390022675736962,0.08245722531436817,0.07915893630179345,0.06679035250463822,0.0696763553906411,0.05318491032776747,0.05215419501133787,0.04782519068233354,0.04329004329004329,0.031746031746031744,0.029684601113172542,0.017934446505875078,0.01030715316429602,0.008039579468150896,0.9375798688478456,0.023303520631266755,0.0,0.0,0.0,0.0,0.0,0.0,0.0,0.0,0.0,0.0,0.0,0.0,0.0,0.0,0.0,0.0,0.0,0.0,0.0,0.0,0.0,0.0,0.0,0.0,0.0,0.024737167594310456,1.5955473098330244,11.15027829313544,14.143475572047004,3.0859616573902295,4.273415326395459,2.9121451502675457,nan,nan,nan,4.259073842302879,2.935129191793741,4.287984742530197,2.888535652306068,1.0067880720780569,0.3928,0.01276,0.0,0.0,0.0,0.0,0.0,0.0,0.0,0.0,0.0,0.0,0.624613481756339,20.606060606060577,8.763141620284479,0.006184291898577614,0.0,0.0,0.0,0.0,0.0,0.0,0.0,0.0,0.0,0.0,0.0,0.0,0.0,0.0,0.0,0.0,nan,nan,4.273415326395459,2.9121451502675457,nan,0.3928,0.0637,0.0,0.0,0.0,0.0,0.0,0.0,0.0,0.0,0.0,0.0,0.0,0.0,0.0,0.0,0.0,0.0,0.0,0.0,0.0008245722531436817,0.0,0.000999793856936714,0.003947639661925376,0.012007833436404864,0.005277262420119563,0.002793238507524222,0.00833848690991548,0.001381158524015667,0.009348587920016492,0.01754277468563183,0.012688105545248402,0.014337250051535766,0.017759224902082045,0.02211915069057926,0.02649969078540507,0.04492888064316636,0.04315605029890744,0.08209647495361781,0.07858173572459287,0.07157287157287158,0.0282415996701711,0.06331684188827046,0.08571428571428572,0.050525664811379094,0.06046176046176046,0.024056895485466915,0.053009688723974435,0.026262626262626262,0.01608946608946609,0.033384869099154814,0.02792207792207792,0.019439290867862297,0.01538857967429396,0.015553494124922696,0.002432488146773861,0.0007421150278293135,0.0012265512265512266,3.0921459492888065e-05,0.0,0.0,0.0,0.0,0.0,0.0,0.0,0.0,0.0,0.0,0.0,0.0,0.0,0.0,0.0,0.0,0.0,0.0,0.0,0.0,0.0,0.0,0.0,0.0,0.0,0.0,0.0,0.0,0.0,0.0,0.0,0.0,0.0,0.0,0.0,0.0,0.0,0.0,0.0,0.0,0.0,0.0,0.0,0.0,nan,nan,4.273415326395459,2.9121451502675457,nan,0.9379669163174524,0.023238143963999428,0.0,0.0,0.0,0.0,0.0,0.0,0.0,0.0,0.0,0.0,0.0,0.0,0.0,0.0,0.0,0.0,0.0,0.0,0.0,0.0,0.0,0.0,0.0,0.0,0.0,0.012024048096192388,1.5751503006012029,10.857715430861726,14.380761523046095,3.17434869739479,0.9371699862346584,0.023365566147167983,0.0,0.0,0.0,0.0,0.0,0.0,0.0,0.0,0.0,0.0,0.0,0.0,0.0,0.0,0.0,0.0,0.0,0.0,0.0,0.0,0.0,0.0,0.0,0.0,0.0,0.03820033955857386,1.6171477079796268,11.46010186757216,13.892190152801362,2.992359932088286,0.3926,0.01254,0.0,0.0,0.0,0.0,0.0,0.0,0.0,0.0,0.0,0.0,0.6372745490981966,20.885771543086143,8.476953907815632,0.0,0.0,0.0,0.0,0.0,0.0,0.0,0.0,0.0,0.0,0.0,0.0,0.0,0.0,0.0,0.0,0.0,0.393,0.01298,0.0,0.0,0.0,0.0,0.0,0.0,0.0,0.0,0.0,0.0,0.6112054329371818,20.309847198641737,9.066213921901529,0.01273344651952462,0.0,0.0,0.0,0.0,0.0,0.0,0.0,0.0,0.0,0.0,0.0,0.0,0.0,0.0,0.0,0.0
59100,4654,2389,0.5133218736570692,1108,955,0.4432746024924796,1304,0.5603781693167168,0.4160000000000001,2.9774834437086093,3.129991053992049,6.658615136876007,2.199262945271434,9511.029651912333,1614.4266626441422,7853.0,11083.0,11083.0,0.0,7853.0,0.0,27.966265577997422,20.915384523733294,32.92526234962887,19.16442517724504,0.13966480446927373,0.10120326600773528,0.09690588740868071,0.08143532445208423,0.07756768371293511,0.0767082079931242,0.07412978083369144,0.062097120756338636,0.05393210141813494,0.05371723248818221,0.04662655779974216,0.04018048990116029,0.035238504512247526,0.025139664804469275,0.017619252256123763,0.010528577567683713,0.00730554361839278,0.9358896727745349,0.023322834142823587,0.0,0.0,0.0,0.0,0.0,0.0,0.0,0.0,0.0,0.0,0.0,0.0,0.0,0.0,0.0,0.0,0.0,0.0,0.0,0.0,0.0,0.0,0.0,0.0,0.0,0.058014611087236795,1.7791147400085952,11.944563816072199,13.452943704340356,2.7653631284916207,4.215502839959907,2.8841074412693293,nan,nan,nan,4.1505944517833555,2.9023818926168365,4.281947261663286,2.8637564034428475,1.0316467463650885,0.3923,0.012985,0.0,0.0,0.0,0.0,0.0,0.0,0.0,0.0,0.0,0.0,0.6381607219596047,20.88525999140521,8.437902879243662,0.0386764073914912,0.0,0.0,0.0,0.0,0.0,0.0,0.0,0.0,0.0,0.0,0.0,0.0,0.0,0.0,0.0,0.0,nan,nan,4.215502839959907,2.8841074412693293,nan,0.3923,0.0633,0.0,0.0,0.0,0.0,0.0,0.0,0.0,0.0,0.0,0.0,0.0,0.0,0.0,0.0,0.0,0.0,0.0,0.0,0.0009131929522990975,0.0001504082509669102,0.0012247529007305543,0.0036420283626987537,0.010485603781693166,0.0053717232488182205,0.002771809196390202,0.008487322733132789,0.0021057155135367424,0.009045981951009884,0.01736140954018049,0.012505371723248818,0.014202836269875375,0.018682853459389772,0.02252900730554362,0.026493339063171466,0.04670176192522561,0.04597120756338634,0.08050064460678986,0.07648259561667382,0.07611731843575419,0.028394929093253116,0.060668242372152986,0.08690373871938117,0.051525569402664374,0.05691877954447787,0.024677696605070906,0.0521809196390202,0.02895358831113021,0.013977223893425011,0.03486248388483025,0.02641813493768801,0.019993553932101418,0.013611946712505372,0.014740008594757199,0.0023313278899871077,0.0006338633433605501,0.001385904598195101,5.371723248818221e-05,2.1486892995272882e-05,0.0,0.0,0.0,0.0,0.0,0.0,0.0,0.0,0.0,0.0,0.0,0.0,0.0,0.0,0.0,0.0,0.0,0.0,0.0,0.0,0.0,0.0,0.0,0.0,0.0,0.0,0.0,0.0,0.0,0.0,0.0,0.0,0.0,0.0,0.0,0.0,0.0,0.0,0.0,0.0,0.0,0.0,0.0,nan,nan,4.215502839959907,2.8841074412693293,nan,0.9359185937909014,0.02298422773277955,0.0,0.0,0.0,0.0,0.0,0.0,0.0,0.0,0.0,0.0,0.0,0.0,0.0,0.0,0.0,0.0,0.0,0.0,0.0,0.0,0.0,0.0,0.0,0.0,0.0,0.06278777731268315,1.594809543742152,12.118041021347848,13.537044788614486,2.6873168689828386,0.9358591684442482,0.02367469239300018,0.0,0.0,0.0,0.0,0.0,0.0,0.0,0.0,0.0,0.0,0.0,0.0,0.0,0.0,0.0,0.0,0.0,0.0,0.0,0.0,0.0,0.0,0.0,0.0,0.0,0.05298013245033114,1.9735099337748347,11.761589403973513,13.36423841059603,2.847682119205299,0.3923,0.01316,0.0,0.0,0.0,0.0,0.0,0.0,0.0,0.0,0.0,0.0,0.6027626622017581,20.88321473419838,8.476349937212225,0.03767266638760988,0.0,0.0,0.0,0.0,0.0,0.0,0.0,0.0,0.0,0.0,0.0,0.0,0.0,0.0,0.0,0.0,0.3923,0.012794,0.0,0.0,0.0,0.0,0.0,0.0,0.0,0.0,0.0,0.0,0.675496688741722,20.887417218543018,8.397350993377485,0.03973509933774835,0.0,0.0,0.0,0.0,0.0,0.0,0.0,0.0,0.0,0.0,0.0,0.0,0.0,0.0,0.0,0.0
59200,4809,2422,0.5036390101892285,1091,997,0.43418590143480973,1378,0.5730921189436473,0.39200000000000007,2.9245915374947633,3.066531255478233,6.465793304221251,2.17332851420104,9479.754002911208,1614.9572264972107,7853.0,11083.0,11083.0,0.0,7853.0,0.0,28.152838427947597,21.260079692048663,33.34754425330342,19.459510049496775,0.14410480349344978,0.09960490746516948,0.09461426491994178,0.0825535454356415,0.08109794135995009,0.07049282595134124,0.06383863589103764,0.06196714493657725,0.06196714493657725,0.052609690164275316,0.043252235391973384,0.043252235391973384,0.035142441255978374,0.023913495529216053,0.021210230817217717,0.012476606363069246,0.007901850696610521,0.9354884729957501,0.02344770706495468,0.0,0.0,0.0,0.0,0.0,0.0,0.0,0.0,0.0,0.0,0.0,0.0,0.0,0.0,0.0,0.0,0.0,0.0,0.0,0.0,0.0,0.0,0.0,0.0,0.0,0.03742981908920774,1.9525888958203372,11.834061135371183,13.512164691203996,2.6637554585152845,4.327260897852961,2.850126156435745,nan,nan,nan,4.334835801674179,2.8463423488726916,4.321052631578947,2.854281907548067,0.9968203708915784,0.3926,0.01297,0.0,0.0,0.0,0.0,0.0,0.0,0.0,0.0,0.0,0.0,0.6238303181534623,20.692451653150314,8.671241422333127,0.012476606363069248,0.0,0.0,0.0,0.0,0.0,0.0,0.0,0.0,0.0,0.0,0.0,0.0,0.0,0.0,0.0,0.0,nan,nan,4.327260897852961,2.850126156435745,nan,0.3926,0.0638,0.0,0.0,0.0,0.0,0.0,0.0,0.0,0.0,0.0,0.0,0.0,0.0,0.0,0.0,0.0,1.039717196922437e-05,0.0,0.0,0.0011332917446454564,7.27802037845706e-05,0.0011852776044915783,0.0034622582657517155,0.011114576835100852,0.005593678519442711,0.0030775629028904137,0.007579538365564567,0.0020898315658140986,0.008962362237471409,0.017332085672697027,0.012944479101684342,0.014410480349344978,0.019848201289249325,0.022582657517155335,0.02406945310875442,0.04759825327510917,0.04570596797671034,0.08158660844250364,0.07396548138906217,0.07187564982324808,0.029559159908504887,0.059596589727594095,0.09064254522769806,0.050176751923476814,0.05685173632771886,0.02499480141401539,0.05230817217716781,0.028061967144936577,0.013038053649407362,0.03563110833853192,0.028581825743397796,0.019546683302141817,0.013277188604699522,0.01710334788937409,0.0022769806612601374,0.0006758161779995841,0.0014452069037221875,3.1191515907673116e-05,0.0,0.0,0.0,0.0,0.0,0.0,0.0,0.0,0.0,0.0,0.0,0.0,0.0,0.0,0.0,0.0,0.0,0.0,0.0,0.0,0.0,0.0,0.0,0.0,0.0,0.0,0.0,0.0,0.0,0.0,0.0,0.0,0.0,0.0,0.0,0.0,0.0,0.0,0.0,0.0,0.0,0.0,0.0,0.0,nan,nan,4.327260897852961,2.850126156435745,nan,0.9350979582619608,0.023068058644229696,0.0,0.0,0.0,0.0,0.0,0.0,0.0,0.0,0.0,0.0,0.0,0.0,0.0,0.0,0.0,0.0,0.0,0.0,0.0,0.0,0.0,0.0,0.0,0.0,0.0,0.04954582989265072,1.8579686209744017,12.002477291494635,13.513625103220482,2.576383154417837,0.935884713752029,0.023820197269599632,0.0,0.0,0.0,0.0,0.0,0.0,0.0,0.0,0.0,0.0,0.0,0.0,0.0,0.0,0.0,0.0,0.0,0.0,0.0,0.0,0.0,0.0,0.0,0.0,0.0,0.02513615416841224,2.0485965647255973,11.66317553414328,13.510682865521579,2.7524088814411405,0.393,0.01298,0.0,0.0,0.0,0.0,0.0,0.0,0.0,0.0,0.0,0.0,0.6193228736581339,20.437654830718383,8.918249380677128,0.02477291494632536,0.0,0.0,0.0,0.0,0.0,0.0,0.0,0.0,0.0,0.0,0.0,0.0,0.0,0.0,0.0,0.0,0.3923,0.01296,0.0,0.0,0.0,0.0,0.0,0.0,0.0,0.0,0.0,0.0,0.6284038542103059,20.950984499371565,8.420611646418099,0.0,0.0,0.0,0.0,0.0,0.0,0.0,0.0,0.0,0.0,0.0,0.0,0.0,0.0,0.0,0.0,0.0
59300,4774,2400,0.5027230833682447,1104,1018,0.44449099287808963,1371,0.5743611227482195,0.39200000000000007,2.919966301600674,3.0427170492554643,6.342606149341142,2.217272195701379,9476.79555927943,1614.9760487812077,7853.0,11083.0,11083.0,0.0,7853.0,0.0,28.241726015919564,21.089844357376265,33.085856079404465,19.383976228855246,0.13573523250942607,0.1009635525764558,0.09488898198575618,0.08651026392961877,0.07729367406786762,0.07519899455383326,0.07038123167155426,0.062002513615416845,0.05969836614997905,0.0540427314620863,0.04105571847507331,0.04294093003770423,0.03414327607875995,0.028068705488060328,0.017385839966485128,0.010054461667364893,0.009635525764558023,0.9354070497073536,0.023026990177202587,0.0,0.0,0.0,0.0,0.0,0.0,0.0,0.0,0.0,0.0,0.0,0.0,0.0,0.0,0.0,0.0,0.0,0.0,0.0,0.0,0.0,0.0,0.0,0.0,0.0,0.037704231252618355,1.9229157938835362,11.72601591956431,13.63636363636364,2.6770004189359033,4.288393145813126,2.835206203654979,nan,nan,nan,4.366710013003901,2.853052064203716,4.210932475884245,2.8153020259020543,0.9643261089800429,0.3923,0.01263,0.0,0.0,0.0,0.0,0.0,0.0,0.0,0.0,0.0,0.0,0.640971931294512,21.321742773355645,8.018433179723504,0.018852115626309177,0.0,0.0,0.0,0.0,0.0,0.0,0.0,0.0,0.0,0.0,0.0,0.0,0.0,0.0,0.0,0.0,nan,nan,4.288393145813126,2.835206203654979,nan,0.3923,0.06335,0.0,0.0,0.0,0.0,0.0,0.0,0.0,0.0,0.0,0.0,0.0,0.0,0.0,0.0,0.0,0.00010473397570171764,0.0,3.142019271051529e-05,0.0010787599497276918,1.0473397570171764e-05,0.0009635525764558023,0.0036237955592794305,0.011510263929618769,0.005634687892752409,0.0029116045245077505,0.007090490155006284,0.002262253875157101,0.008389191453707583,0.01673648931713448,0.01281943862589024,0.015050272308336825,0.02065354000837872,0.021774193548387097,0.025670297444490994,0.04722454964390448,0.045527859237536654,0.07880184331797235,0.07731462086300796,0.07200460829493087,0.030613741097612064,0.06045245077503142,0.09272098868873062,0.05063887725178048,0.05820067029744449,0.02333472978634269,0.05125680770842061,0.026277754503560954,0.01330121491411814,0.03713866778382907,0.026235860913280267,0.01935483870967742,0.01258902387934646,0.017417260159195643,0.0014034352744030163,0.0005131964809384164,0.0013091746962714706,5.236698785085882e-05,0.0,0.0,0.0,0.0,0.0,0.0,0.0,0.0,0.0,0.0,0.0,0.0,0.0,0.0,0.0,0.0,0.0,0.0,0.0,0.0,0.0,0.0,0.0,0.0,0.0,0.0,0.0,0.0,0.0,0.0,0.0,0.0,0.0,0.0,0.0,0.0,0.0,0.0,0.0,0.0,0.0,0.0,0.0,0.0,nan,nan,4.288393145813126,2.835206203654979,nan,0.9351366716374954,0.022979956198561545,0.0,0.0,0.0,0.0,0.0,0.0,0.0,0.0,0.0,0.0,0.0,0.0,0.0,0.0,0.0,0.0,0.0,0.0,0.0,0.0,0.0,0.0,0.0,0.0,0.0,0.037500000000000006,1.8500000000000003,11.975000000000003,13.487500000000002,2.650000000000001,0.9356803889523662,0.023071221162964492,0.0,0.0,0.0,0.0,0.0,0.0,0.0,0.0,0.0,0.0,0.0,0.0,0.0,0.0,0.0,0.0,0.0,0.0,0.0,0.0,0.0,0.0,0.0,0.0,0.0,0.03791069924178602,1.9966301600673972,11.474304970513904,13.78685762426285,2.7042965459140698,0.3923,0.01264,0.0,0.0,0.0,0.0,0.0,0.0,0.0,0.0,0.0,0.0,0.6375000000000001,21.14999999999997,8.200000000000001,0.012500000000000002,0.0,0.0,0.0,0.0,0.0,0.0,0.0,0.0,0.0,0.0,0.0,0.0,0.0,0.0,0.0,0.0,0.392,0.01262,0.0,0.0,0.0,0.0,0.0,0.0,0.0,0.0,0.0,0.0,0.6444818871103624,21.49536647009264,7.834877843302444,0.025273799494524015,0.0,0.0,0.0,0.0,0.0,0.0,0.0,0.0,0.0,0.0,0.0,0.0,0.0,0.0,0.0,0.0
59400,4779,2535,0.5304456999372253,1185,968,0.4505126595522076,1331,0.5570202971332915,0.4120000000000001,3.072638146167558,3.15417556922062,6.685271317829457,2.195524015259326,9566.339610797238,1612.0032012834988,7853.0,11083.0,11083.0,0.0,7853.0,0.0,27.80184138941201,20.675419565746754,32.801349325337334,18.871505009610306,0.14333542582130152,0.09583594894329357,0.08955848503871103,0.09060472902280813,0.07951454279137896,0.08328102113412848,0.06361163423310316,0.06507637581083908,0.060054404687173046,0.050219711236660386,0.04666248169073028,0.04164051056706424,0.033479807491106926,0.026156099602427287,0.01464741577735928,0.011717932621887424,0.004603473530027202,0.9343171572430808,0.02302734521087322,0.0,0.0,0.0,0.0,0.0,0.0,0.0,0.0,0.0,0.0,0.0,0.0,0.0,0.0,0.0,0.0,0.0,0.0,0.0,0.0,0.0,0.0,0.0,0.0,0.0,0.06905210295040805,2.008788449466416,12.178279974890147,13.301946013810424,2.4419334588826116,4.179586563307494,2.927866087967498,nan,nan,nan,4.213104325699746,2.9110662390521496,4.145764937623112,2.9455153246597496,0.9840166815557198,0.392,0.01286,0.0,0.0,0.0,0.0,0.0,0.0,0.0,0.0,0.0,0.0,0.8349026993094791,20.897677338355273,8.267419962335218,0.0,0.0,0.0,0.0,0.0,0.0,0.0,0.0,0.0,0.0,0.0,0.0,0.0,0.0,0.0,0.0,0.0,nan,nan,4.179586563307494,2.927866087967498,nan,0.392,0.06335,0.0,0.0,0.0,0.0,0.0,0.0,0.0,0.0,0.0,0.0,0.0,0.0,0.0,0.0,1.0462439840970914e-05,0.0002197112366603892,0.0,0.0,0.000983469345051266,3.138731952291274e-05,0.0011613308223477716,0.0038501778614772964,0.011540071144590918,0.005691567273488177,0.002699309478970496,0.006915672734881775,0.0019774011299435027,0.007616656204226826,0.016185394433982005,0.013632559112785101,0.016154007114459093,0.01935551370579619,0.02102950408035154,0.026239799121155052,0.04862942038083281,0.04680895584850387,0.07922159447583177,0.07555974053149195,0.07365557648043523,0.029723791588198368,0.06179116970077422,0.09057334170328521,0.05076375810839088,0.06054613935969868,0.022849968612680478,0.0485980330613099,0.025601590290855826,0.012293366813140824,0.03780079514542791,0.02656413475622515,0.020987654320987655,0.01236660389202762,0.01749319941410337,0.0013915044988491317,0.0002720234358652438,0.0012136430215526261,0.0,0.0,0.0,0.0,0.0,0.0,0.0,0.0,0.0,0.0,0.0,0.0,0.0,0.0,0.0,0.0,0.0,0.0,0.0,0.0,0.0,0.0,0.0,0.0,0.0,0.0,0.0,0.0,0.0,0.0,0.0,0.0,0.0,0.0,0.0,0.0,0.0,0.0,0.0,0.0,0.0,0.0,0.0,0.0,0.0,nan,nan,4.179586563307494,2.927866087967498,nan,0.9342948965302116,0.023147846380511438,0.0,0.0,0.0,0.0,0.0,0.0,0.0,0.0,0.0,0.0,0.0,0.0,0.0,0.0,0.0,0.0,0.0,0.0,0.0,0.0,0.0,0.0,0.0,0.0,0.0,0.07100591715976333,2.035502958579882,12.260355029585801,13.136094674556215,2.497041420118344,0.9343423047061485,0.022890428448730276,0.0,0.0,0.0,0.0,0.0,0.0,0.0,0.0,0.0,0.0,0.0,0.0,0.0,0.0,0.0,0.0,0.0,0.0,0.0,0.0,0.0,0.0,0.0,0.0,0.0,0.06684491978609627,1.9786096256684496,12.085561497326207,13.489304812834227,2.379679144385027,0.3923,0.012955,0.0,0.0,0.0,0.0,0.0,0.0,0.0,0.0,0.0,0.0,0.8520710059171599,20.78106508875737,8.366863905325445,0.0,0.0,0.0,0.0,0.0,0.0,0.0,0.0,0.0,0.0,0.0,0.0,0.0,0.0,0.0,0.0,0.0,0.392,0.01275,0.0,0.0,0.0,0.0,0.0,0.0,0.0,0.0,0.0,0.0,0.8155080213903745,21.029411764705852,8.155080213903744,0.0,0.0,0.0,0.0,0.0,0.0,0.0,0.0,0.0,0.0,0.0,0.0,0.0,0.0,0.0,0.0,0.0
59500,4598,2417,0.5256633318834276,1150,901,0.4460635058721183,1247,0.5424097433666811,0.4240000000000001,3.0027510316368637,3.155454473793075,6.641390205371248,2.2107005232518406,9550.892561983472,1612.871297769235,7853.0,11083.0,11083.0,0.0,7853.0,0.0,28.03892996955198,20.731878693387635,32.70754232939969,19.059374958158212,0.1331013484123532,0.10113092648977816,0.10004349717268378,0.0861244019138756,0.07372770769899957,0.08112222705524141,0.06785558938668987,0.060896041757285774,0.05719878207916485,0.058068725532840364,0.046107003044802086,0.0411048281861679,0.03414528055676381,0.028708133971291867,0.014136581122227055,0.010221835580687256,0.006307090039147456,0.9332559846208738,0.02312001711734752,0.0,0.0,0.0,0.0,0.0,0.0,0.0,0.0,0.0,0.0,0.0,0.0,0.0,0.0,0.0,0.0,0.0,0.0,0.0,0.0,0.0,0.0,0.0,0.0,0.0,0.07829491083079601,2.068290561113528,13.062200956937803,12.51413658112223,2.277076989995651,4.209905660377358,2.941490809975465,nan,nan,nan,4.219112627986348,2.983991971552713,4.200931470392549,2.899436554337591,0.9956907626800006,0.393,0.012344,0.0,0.0,0.0,0.0,0.0,0.0,0.0,0.0,0.0,0.0,0.4371465854719444,20.950413223140465,8.592866463679862,0.019573727707699003,0.0,0.0,0.0,0.0,0.0,0.0,0.0,0.0,0.0,0.0,0.0,0.0,0.0,0.0,0.0,0.0,nan,nan,4.209905660377358,2.941490809975465,nan,0.393,0.0636,0.0,0.0,0.0,0.0,0.0,0.0,0.0,0.0,0.0,0.0,0.0,0.0,0.0,0.0,0.0,0.0005110917790343628,0.0,0.0,0.0008155719878207916,0.0001848629839060461,0.0012940408873423227,0.004240974336668117,0.01183123096998695,0.005187037842540235,0.002664201826881253,0.005926489778164419,0.002240104393214441,0.006926924749891257,0.01661591996520226,0.013484123531970421,0.015919965202261854,0.019062635928664636,0.020563288386254895,0.024869508481948674,0.04939103958242714,0.04432361896476729,0.07673988690735102,0.07586994345367551,0.07392344497607656,0.03011091779034363,0.061113527620704655,0.089343192692475,0.05001087429317094,0.06278816876903001,0.024151805132666376,0.049880382775119615,0.02631578947368421,0.010776424532405394,0.04076772509786864,0.02886037407568508,0.020345802522836017,0.012614180078294911,0.018442801217920836,0.0007612005219660722,0.00010874293170943889,0.0010221835580687256,0.0,0.0,0.0,0.0,0.0,0.0,0.0,0.0,0.0,0.0,0.0,0.0,0.0,0.0,0.0,0.0,0.0,0.0,0.0,0.0,0.0,0.0,0.0,0.0,0.0,0.0,0.0,0.0,0.0,0.0,0.0,0.0,0.0,0.0,0.0,0.0,0.0,0.0,0.0,0.0,0.0,0.0,0.0,0.0,0.0,nan,nan,4.209905660377358,2.941490809975465,nan,0.933684534359728,0.02340495163104765,0.0,0.0,0.0,0.0,0.0,0.0,0.0,0.0,0.0,0.0,0.0,0.0,0.0,0.0,0.0,0.0,0.0,0.0,0.0,0.0,0.0,0.0,0.0,0.0,0.0,0.08688456764584197,2.072817542407944,12.858916011584611,12.548613984278033,2.432767894083575,0.9327810626956969,0.02279067982356726,0.0,0.0,0.0,0.0,0.0,0.0,0.0,0.0,0.0,0.0,0.0,0.0,0.0,0.0,0.0,0.0,0.0,0.0,0.0,0.0,0.0,0.0,0.0,0.0,0.0,0.06877579092159561,2.0632737276478683,13.287482806052273,12.475928473177445,2.104539202200826,0.393,0.01232,0.0,0.0,0.0,0.0,0.0,0.0,0.0,0.0,0.0,0.0,0.37236243276789416,20.964004964832405,8.638808440215143,0.024824162184526277,0.0,0.0,0.0,0.0,0.0,0.0,0.0,0.0,0.0,0.0,0.0,0.0,0.0,0.0,0.0,0.0,0.393,0.012375,0.0,0.0,0.0,0.0,0.0,0.0,0.0,0.0,0.0,0.0,0.5089408528198075,20.93535075653367,8.541953232462175,0.013755158184319122,0.0,0.0,0.0,0.0,0.0,0.0,0.0,0.0,0.0,0.0,0.0,0.0,0.0,0.0,0.0,0.0
59600,4664,2475,0.5306603773584906,1215,909,0.4554030874785592,1264,0.5420240137221269,0.4120000000000001,3.0141617176793054,3.1546524907640388,6.621794871794871,2.231312562774255,9567.033018867925,1611.9607505066322,7853.0,11083.0,11083.0,0.0,7853.0,0.0,27.910377358490567,20.698742399173515,32.918607627335554,18.87557169640188,0.14000857632933106,0.09905660377358491,0.09090909090909091,0.08940823327615781,0.07718696397941681,0.07075471698113207,0.07439965694682676,0.06496569468267581,0.05981989708404803,0.055960548885077184,0.04781303602058319,0.03773584905660377,0.03687821612349914,0.023156089193825044,0.01672384219554031,0.008576329331046312,0.0066466552315608916,0.933504924855449,0.0229867346148838,0.0,0.0,0.0,0.0,0.0,0.0,0.0,0.0,0.0,0.0,0.0,0.0,0.0,0.0,0.0,0.0,0.0,0.0,0.0,0.0,0.0,0.0,0.0,0.0,0.0,0.05789022298456262,2.116209262435678,12.716552315608922,12.851629502572901,2.257718696397942,4.23342175066313,2.967757276435288,nan,nan,nan,4.2304609218436875,3.0073935814283637,4.23633969716919,2.9281672249681017,1.0013896299798322,0.3928,0.01263,0.0,0.0,0.0,0.0,0.0,0.0,0.0,0.0,0.0,0.0,0.6174957118353346,20.904802744425353,8.47770154373928,0.0,0.0,0.0,0.0,0.0,0.0,0.0,0.0,0.0,0.0,0.0,0.0,0.0,0.0,0.0,0.0,0.0,nan,nan,4.23342175066313,2.967757276435288,nan,0.3928,0.06354,0.0,0.0,0.0,0.0,0.0,0.0,0.0,0.0,0.0,0.0,0.0,0.0,0.0,0.0,0.0,0.0003323327615780446,0.0,0.0,0.0009433962264150943,5.360205831903945e-05,0.0010077186963979416,0.004502572898799314,0.011492281303602058,0.005135077186963979,0.002862349914236707,0.005971269296740995,0.0031946826758147513,0.006871783876500857,0.016305746140651802,0.0125,0.016991852487135507,0.018942967409948542,0.021526586620926245,0.02565394511149228,0.04929245283018868,0.045036449399656946,0.07536449399656947,0.07373499142367067,0.0758147512864494,0.03144296740994854,0.06148156089193825,0.08673885077186964,0.050235849056603776,0.06136363636363636,0.02384219554030875,0.05219768439108062,0.026683104631217838,0.012114065180102915,0.0391295025728988,0.027294168096054887,0.02088336192109777,0.012521440823327616,0.01906089193825043,0.0005038593481989708,0.0001179245283018868,0.0008576329331046312,0.0,0.0,0.0,0.0,0.0,0.0,0.0,0.0,0.0,0.0,0.0,0.0,0.0,0.0,0.0,0.0,0.0,0.0,0.0,0.0,0.0,0.0,0.0,0.0,0.0,0.0,0.0,0.0,0.0,0.0,0.0,0.0,0.0,0.0,0.0,0.0,0.0,0.0,0.0,0.0,0.0,0.0,0.0,0.0,0.0,nan,nan,4.23342175066313,2.967757276435288,nan,0.9338282501095473,0.02278508181263569,0.0,0.0,0.0,0.0,0.0,0.0,0.0,0.0,0.0,0.0,0.0,0.0,0.0,0.0,0.0,0.0,0.0,0.0,0.0,0.0,0.0,0.0,0.0,0.0,0.0,0.02424242424242425,2.145454545454546,12.363636363636367,13.200000000000003,2.266666666666667,0.9331393561008152,0.023207198813966618,0.0,0.0,0.0,0.0,0.0,0.0,0.0,0.0,0.0,0.0,0.0,0.0,0.0,0.0,0.0,0.0,0.0,0.0,0.0,0.0,0.0,0.0,0.0,0.0,0.0,0.09593421653723164,2.0831429876656014,13.11557788944724,12.457743261763365,2.2476016445865694,0.393,0.012856,0.0,0.0,0.0,0.0,0.0,0.0,0.0,0.0,0.0,0.0,0.7151515151515153,20.642424242424212,8.642424242424244,0.0,0.0,0.0,0.0,0.0,0.0,0.0,0.0,0.0,0.0,0.0,0.0,0.0,0.0,0.0,0.0,0.0,0.3928,0.01235,0.0,0.0,0.0,0.0,0.0,0.0,0.0,0.0,0.0,0.0,0.5070808588396529,21.201461854728155,8.291457286432163,0.0,0.0,0.0,0.0,0.0,0.0,0.0,0.0,0.0,0.0,0.0,0.0,0.0,0.0,0.0,0.0,0.0
59700,4598,2405,0.523053501522401,1123,944,0.44954327968682034,1299,0.5650282731622445,0.4080000000000001,3.0533515731874146,3.1266588203550887,6.632970451010887,2.1271338299191656,9542.462809917355,1613.2824582010467,7853.0,11083.0,11083.0,0.0,7853.0,0.0,28.193562418442802,20.994695416569723,33.15364718054837,19.211855157063415,0.13875598086124402,0.09895606785558939,0.08786428882122663,0.09156154849934754,0.07872988255763376,0.07416267942583732,0.06785558938668987,0.06524575902566333,0.06133101348412353,0.053284036537625055,0.042627229230100046,0.0430622009569378,0.03023053501522401,0.030448020878642887,0.0176163549369291,0.011309264897781644,0.006959547629404089,0.9340261823589671,0.023734824457886612,0.0,0.0,0.0,0.0,0.0,0.0,0.0,0.0,0.0,0.0,0.0,0.0,0.0,0.0,0.0,0.0,0.0,0.0,0.0,0.0,0.0,0.0,0.0,0.0,0.0,0.05872118312309701,2.0421922575032627,12.749021313614618,12.51413658112223,2.635928664636799,4.26224010731053,2.892955448334919,nan,nan,nan,4.26008064516129,2.915746643335119,4.264390896921017,2.87007427940253,1.0010117770339917,0.3926,0.012505,0.0,0.0,0.0,0.0,0.0,0.0,0.0,0.0,0.0,0.0,0.5611135276207048,21.022183558068694,8.410178338408006,0.0065245759025663345,0.0,0.0,0.0,0.0,0.0,0.0,0.0,0.0,0.0,0.0,0.0,0.0,0.0,0.0,0.0,0.0,nan,nan,4.26224010731053,2.892955448334919,nan,0.3926,0.06366,0.0,0.0,0.0,0.0,0.0,0.0,0.0,0.0,0.0,0.0,0.0,0.0,0.0,0.0,0.0,0.00033710308829926054,0.0,0.0,0.0006198347107438017,6.524575902566333e-05,0.0006633318834275772,0.004382340147890387,0.011254893431926925,0.005980861244019139,0.00274032187907786,0.006111352762070465,0.0034797738147020443,0.007264027838190518,0.015909090909090907,0.012016093953892996,0.01647455415397999,0.01954110482818617,0.021204871683340582,0.025543714658547195,0.05102218355806873,0.048836450630709,0.07613092648977816,0.07785993910395825,0.06966072205306655,0.031589821661591994,0.059949978251413655,0.08680948238364507,0.04902131361461505,0.06003697259678121,0.02371683340582862,0.05203349282296651,0.02771857329273597,0.012113962592431492,0.03876685515441496,0.026750761200521965,0.019290996085254457,0.012113962592431492,0.021444106133101347,0.0003588516746411483,0.00025010874293170945,0.0009134406263592867,0.0,1.087429317094389e-05,0.0,1.087429317094389e-05,0.0,0.0,0.0,0.0,0.0,0.0,0.0,0.0,0.0,0.0,0.0,0.0,0.0,0.0,0.0,0.0,0.0,0.0,0.0,0.0,0.0,0.0,0.0,0.0,0.0,0.0,0.0,0.0,0.0,0.0,0.0,0.0,0.0,0.0,0.0,0.0,0.0,0.0,0.0,0.0,0.0,nan,nan,4.26224010731053,2.892955448334919,nan,0.9340223350049056,0.023347897374468702,0.0,0.0,0.0,0.0,0.0,0.0,0.0,0.0,0.0,0.0,0.0,0.0,0.0,0.0,0.0,0.0,0.0,0.0,0.0,0.0,0.0,0.0,0.0,0.0,0.0,0.09979209979209981,1.8960498960498964,12.561330561330564,13.035343035343038,2.4074844074844077,0.9340304016414648,0.02415203001979507,0.0,0.0,0.0,0.0,0.0,0.0,0.0,0.0,0.0,0.0,0.0,0.0,0.0,0.0,0.0,0.0,0.0,0.0,0.0,0.0,0.0,0.0,0.0,0.0,0.0,0.013679890560875516,2.202462380300958,12.954856361149114,11.942544459644326,2.886456908344734,0.3926,0.012344,0.0,0.0,0.0,0.0,0.0,0.0,0.0,0.0,0.0,0.0,0.5114345114345116,21.043659043659012,8.432432432432433,0.012474012474012476,0.0,0.0,0.0,0.0,0.0,0.0,0.0,0.0,0.0,0.0,0.0,0.0,0.0,0.0,0.0,0.0,0.3928,0.01268,0.0,0.0,0.0,0.0,0.0,0.0,0.0,0.0,0.0,0.0,0.6155950752393982,20.998632010943883,8.385772913816691,0.0,0.0,0.0,0.0,0.0,0.0,0.0,0.0,0.0,0.0,0.0,0.0,0.0,0.0,0.0,0.0,0.0
59800,4486,2333,0.5200624164065983,1075,897,0.439589835042354,1228,0.5474810521622827,0.4240000000000001,3.0213655364607526,3.1575017894025437,6.7718696397941684,2.0435476258111014,9532.801604993312,1613.6993995135188,7853.0,11083.0,11083.0,0.0,7853.0,0.0,27.625278644672314,20.728512250216543,32.477857332272606,19.04726845814343,0.13753901025412393,0.10231832367365136,0.09763709317877842,0.08693713776192599,0.0835934016941596,0.07467677218011591,0.0664288898796255,0.06732055283102988,0.05372269282211324,0.049487293802942485,0.05060187249219795,0.04012483281319661,0.030539456085599645,0.025858225590726706,0.01671868033883192,0.008693713776192599,0.00780205082478823,0.9331501812686146,0.023209794543900767,0.0,0.0,0.0,0.0,0.0,0.0,0.0,0.0,0.0,0.0,0.0,0.0,0.0,0.0,0.0,0.0,0.0,0.0,0.0,0.0,0.0,0.0,0.0,0.0,0.0,0.05349977708426216,2.2001783325902813,12.806509139545255,12.813196611680787,2.1266161390994207,4.303232607167955,2.8933557455208407,nan,nan,nan,4.26367461430575,2.891305623466611,4.342957746478874,2.8948691348787765,1.0185950240919202,0.3928,0.012314,0.0,0.0,0.0,0.0,0.0,0.0,0.0,0.0,0.0,0.0,0.43468568880963004,21.052162282657125,8.499777084262151,0.01337494427106554,0.0,0.0,0.0,0.0,0.0,0.0,0.0,0.0,0.0,0.0,0.0,0.0,0.0,0.0,0.0,0.0,nan,nan,4.303232607167955,2.8933557455208407,nan,0.3928,0.0636,0.0,0.0,0.0,0.0,0.0,0.0,0.0,0.0,0.0,0.0,0.0,0.0,0.0,0.0,0.0,0.0003901025412394115,2.229157378510923e-05,0.0,0.0010811413285777977,0.0,0.0006018724921979492,0.0039121711992866695,0.01113464110566206,0.005762371823450735,0.0030205082478823005,0.005851538118591172,0.0035109228711547036,0.007958091841283994,0.015526081141328578,0.013140882746321891,0.016094516272848865,0.01671868033883192,0.019070441373160944,0.027641551493535442,0.05455862683905484,0.04833927775300936,0.07174543022737405,0.07916852429781543,0.06986179224253232,0.03181007579135087,0.0589389210878288,0.08919973250111458,0.049308961212661616,0.05986402139991084,0.026047703967900133,0.05025635309852876,0.026805617476593848,0.012527864467231387,0.03930004458314757,0.02545697726259474,0.018535443602318322,0.013709317877842176,0.022012929112795364,0.00022291573785109228,0.0004235399019170753,0.0004569772625947392,1.1145786892554615e-05,0.0,0.0,0.0,0.0,0.0,0.0,0.0,0.0,0.0,0.0,0.0,0.0,0.0,0.0,0.0,0.0,0.0,0.0,0.0,0.0,0.0,0.0,0.0,0.0,0.0,0.0,0.0,0.0,0.0,0.0,0.0,0.0,0.0,0.0,0.0,0.0,0.0,0.0,0.0,0.0,0.0,0.0,0.0,0.0,nan,nan,4.303232607167955,2.8933557455208407,nan,0.9328335120194571,0.0232715431231135,0.0,0.0,0.0,0.0,0.0,0.0,0.0,0.0,0.0,0.0,0.0,0.0,0.0,0.0,0.0,0.0,0.0,0.0,0.0,0.0,0.0,0.0,0.0,0.0,0.0,0.03857693956279469,2.391770252893271,12.47321045863695,13.141877411058726,1.9545649378482643,0.9334933254201635,0.023137805378788644,0.0,0.0,0.0,0.0,0.0,0.0,0.0,0.0,0.0,0.0,0.0,0.0,0.0,0.0,0.0,0.0,0.0,0.0,0.0,0.0,0.0,0.0,0.0,0.0,0.0,0.06967022758941013,1.99256850905713,13.167673014398517,12.457036692986534,2.3130515559684164,0.3928,0.01247,0.0,0.0,0.0,0.0,0.0,0.0,0.0,0.0,0.0,0.0,0.43720531504500654,20.985855122160277,8.564080582940422,0.012858979854264898,0.0,0.0,0.0,0.0,0.0,0.0,0.0,0.0,0.0,0.0,0.0,0.0,0.0,0.0,0.0,0.0,0.3928,0.012146,0.0,0.0,0.0,0.0,0.0,0.0,0.0,0.0,0.0,0.0,0.4319554110543429,21.12401300510912,8.430097538318627,0.013934045517882028,0.0,0.0,0.0,0.0,0.0,0.0,0.0,0.0,0.0,0.0,0.0,0.0,0.0,0.0,0.0,0.0
59900,4733,2462,0.5201774772871329,1142,944,0.4407352630466934,1284,0.542573420663427,0.4080000000000001,2.948040510788199,3.1615722153484804,6.78743961352657,2.1073989848764145,9533.17325163744,1613.6844323692917,7853.0,11083.0,11083.0,0.0,7853.0,0.0,27.591802239594337,20.878069867184056,32.6417004048583,19.153893113414863,0.14451721952250157,0.10542995985632792,0.0946545531375449,0.08324529896471583,0.0766955419395732,0.074371434608071,0.06951193746038453,0.06676526515951828,0.05577857595605324,0.05049651383900275,0.04669342911472639,0.03950982463553771,0.03126980773293894,0.02641031058525248,0.017325163743925627,0.011831819142193112,0.005493344601732516,0.9333387492021898,0.023508327573741095,0.0,0.0,0.0,0.0,0.0,0.0,0.0,0.0,0.0,0.0,0.0,0.0,0.0,0.0,0.0,0.0,0.0,0.0,0.0,0.0,0.0,0.0,0.0,0.0,0.0,0.06972321994506657,2.1804352419184454,12.670610606380734,12.62624128459751,2.452989647158251,4.2847152847152845,2.909648905584494,nan,nan,nan,4.304812834224599,2.8923425256744033,4.263612217795485,2.927221004375362,0.9904291735748518,0.3926,0.0126,0.0,0.0,0.0,0.0,0.0,0.0,0.0,0.0,0.0,0.0,0.6148320304246779,21.132474117895594,8.246355377139237,0.0063384745404605975,0.0,0.0,0.0,0.0,0.0,0.0,0.0,0.0,0.0,0.0,0.0,0.0,0.0,0.0,0.0,0.0,nan,nan,4.2847152847152845,2.909648905584494,nan,0.3926,0.06366,0.0,0.0,0.0,0.0,0.0,0.0,0.0,0.0,0.0,0.0,0.0,0.0,0.0,0.0,0.0,0.00028523135432072683,2.1128248468201985e-05,0.0,0.0010775406718783014,0.0,0.0006021550813437567,0.0039192900908514685,0.011303612930488063,0.006137756180012677,0.002989647158250581,0.005186984998943588,0.004077751954362984,0.008493555884217198,0.01521233889710543,0.012370589478132262,0.016733572786815972,0.018444960912740335,0.016796957532220578,0.02542784703148109,0.05826114515106698,0.04992605113036129,0.07289245721529686,0.08038242129727445,0.06867737164589055,0.03310796534967251,0.05735263046693429,0.08663638284386224,0.04905979294316501,0.06263469258398478,0.026103950982463552,0.04611240228185083,0.027255440523980563,0.012497358968941474,0.03809423198816818,0.025998309740122544,0.017018804141136698,0.015148954151700825,0.022395943376294105,0.0006338474540460595,0.00032748785125713076,0.00040143672089583773,0.0,0.0,0.0,0.0,0.0,0.0,0.0,0.0,0.0,0.0,0.0,0.0,0.0,0.0,0.0,0.0,0.0,0.0,0.0,0.0,0.0,0.0,0.0,0.0,0.0,0.0,0.0,0.0,0.0,0.0,0.0,0.0,0.0,0.0,0.0,0.0,0.0,0.0,0.0,0.0,0.0,0.0,0.0,0.0,0.0,nan,nan,4.2847152847152845,2.909648905584494,nan,0.9335211405513928,0.023275246299968525,0.0,0.0,0.0,0.0,0.0,0.0,0.0,0.0,0.0,0.0,0.0,0.0,0.0,0.0,0.0,0.0,0.0,0.0,0.0,0.0,0.0,0.0,0.0,0.0,0.0,0.04874086108854591,2.071486596263201,12.648253452477663,12.916328188464666,2.3151909017059307,0.9331410180257312,0.02375684698988725,0.0,0.0,0.0,0.0,0.0,0.0,0.0,0.0,0.0,0.0,0.0,0.0,0.0,0.0,0.0,0.0,0.0,0.0,0.0,0.0,0.0,0.0,0.0,0.0,0.0,0.09247027741083226,2.2985468956406874,12.694848084544256,12.31175693527081,2.6023778071334216,0.3928,0.01249,0.0,0.0,0.0,0.0,0.0,0.0,0.0,0.0,0.0,0.0,0.49959382615759557,20.995125913891115,8.505280259951261,0.0,0.0,0.0,0.0,0.0,0.0,0.0,0.0,0.0,0.0,0.0,0.0,0.0,0.0,0.0,0.0,0.0,0.3923,0.012726,0.0,0.0,0.0,0.0,0.0,0.0,0.0,0.0,0.0,0.0,0.7397622192866581,21.2813738441215,7.965653896961692,0.013210039630118893,0.0,0.0,0.0,0.0,0.0,0.0,0.0,0.0,0.0,0.0,0.0,0.0,0.0,0.0,0.0,0.0
60000,4690,2406,0.5130063965884861,1095,999,0.4464818763326226,1352,0.5765458422174841,0.4160000000000001,2.88353765323993,3.0234794137251395,6.55,2.06579282601136,9510.01066098081,1614.4535002173197,7853.0,11083.0,11083.0,0.0,7853.0,0.0,27.788699360341152,20.87805798275702,32.6997461928934,19.169123066102927,0.14093816631130063,0.1,0.09445628997867804,0.0908315565031983,0.076545842217484,0.07633262260127932,0.06631130063965884,0.06780383795309168,0.05799573560767591,0.044349680170575695,0.0488272921108742,0.0396588486140725,0.035181236673773986,0.02515991471215352,0.019402985074626865,0.009594882729211088,0.006609808102345416,0.9337580086452875,0.023291565178750282,0.0,0.0,0.0,0.0,0.0,0.0,0.0,0.0,0.0,0.0,0.0,0.0,0.0,0.0,0.0,0.0,0.0,0.0,0.0,0.0,0.0,0.0,0.0,0.0,0.0,0.044776119402985086,2.1300639658848617,12.466950959488276,12.818763326226016,2.539445628997868,4.266998341625207,2.827140808762049,nan,nan,nan,4.197979797979798,2.8262590161780827,4.333986928104575,2.826385099708684,1.0323982335956519,0.392,0.012634,0.0,0.0,0.0,0.0,0.0,0.0,0.0,0.0,0.0,0.0,0.6780383795309171,21.057569296375235,8.257995735607677,0.0063965884861407266,0.0,0.0,0.0,0.0,0.0,0.0,0.0,0.0,0.0,0.0,0.0,0.0,0.0,0.0,0.0,0.0,nan,nan,4.266998341625207,2.827140808762049,nan,0.392,0.0635,0.0,0.0,0.0,0.0,0.0,0.0,0.0,0.0,0.0,0.0,0.0,0.0,0.0,0.0,0.0,0.00029850746268656717,3.1982942430703626e-05,2.1321961620469083e-05,0.0010554371002132197,2.1321961620469083e-05,0.0005970149253731343,0.003859275053304904,0.010298507462686568,0.006823027718550106,0.0031769722814498935,0.004936034115138593,0.003742004264392324,0.008400852878464819,0.01476545842217484,0.013187633262260127,0.01657782515991471,0.020319829424307035,0.017718550106609807,0.026407249466950958,0.05767590618336887,0.0503091684434968,0.07297441364605543,0.08012793176972281,0.06897654584221749,0.031417910447761196,0.060437100213219616,0.08673773987206823,0.04959488272921109,0.06240938166311301,0.025085287846481875,0.04476545842217484,0.02601279317697228,0.013955223880597015,0.03775053304904051,0.025724946695095948,0.014498933901918977,0.014722814498933902,0.023166311300639657,0.00037313432835820896,0.000394456289978678,0.000628997867803838,0.0,2.1321961620469083e-05,0.0,0.0,0.0,0.0,0.0,0.0,0.0,0.0,0.0,0.0,0.0,0.0,0.0,0.0,0.0,0.0,0.0,0.0,0.0,0.0,0.0,0.0,0.0,0.0,0.0,0.0,0.0,0.0,0.0,0.0,0.0,0.0,0.0,0.0,0.0,0.0,0.0,0.0,0.0,0.0,0.0,0.0,0.0,nan,nan,4.266998341625207,2.827140808762049,nan,0.9333528063243761,0.023084975749181225,0.0,0.0,0.0,0.0,0.0,0.0,0.0,0.0,0.0,0.0,0.0,0.0,0.0,0.0,0.0,0.0,0.0,0.0,0.0,0.0,0.0,0.0,0.0,0.0,0.0,0.049875311720698264,2.1571072319202,12.556109725685788,12.867830423940152,2.3690773067331676,0.9341848548730075,0.023499670622280228,0.0,0.0,0.0,0.0,0.0,0.0,0.0,0.0,0.0,0.0,0.0,0.0,0.0,0.0,0.0,0.0,0.0,0.0,0.0,0.0,0.0,0.0,0.0,0.0,0.0,0.0394045534150613,2.101576182136603,12.37302977232925,12.767075306479864,2.71891418563923,0.3918,0.01267,0.0,0.0,0.0,0.0,0.0,0.0,0.0,0.0,0.0,0.0,0.6733167082294266,21.047381546134634,8.266832917705738,0.012468827930174566,0.0,0.0,0.0,0.0,0.0,0.0,0.0,0.0,0.0,0.0,0.0,0.0,0.0,0.0,0.0,0.0,0.3923,0.01258,0.0,0.0,0.0,0.0,0.0,0.0,0.0,0.0,0.0,0.0,0.683012259194396,21.06830122591941,8.248686514886167,0.0,0.0,0.0,0.0,0.0,0.0,0.0,0.0,0.0,0.0,0.0,0.0,0.0,0.0,0.0,0.0,0.0
60100,4841,2461,0.5083660400743648,1124,1039,0.44680851063829785,1371,0.5664118983681058,0.4080000000000001,2.9525210084033615,3.084090026503029,6.674961119751166,2.0714555907451233,9495.022309440199,1614.7739144513446,7853.0,11083.0,11083.0,0.0,7853.0,0.0,27.35137368312332,20.700784464751706,32.49453280318092,18.924393620063363,0.14645734352406528,0.10307787647180335,0.09460855195207601,0.08841148523032431,0.07973559181987193,0.07085312951869449,0.06837430282999381,0.06341664945259244,0.059698409419541416,0.05391448047923983,0.046064862631687666,0.037802107002685395,0.03098533360875852,0.02334228465193142,0.017145217930179715,0.011361288989878125,0.004751084486676307,0.934980962880262,0.023263714122537308,0.0,0.0,0.0,0.0,0.0,0.0,0.0,0.0,0.0,0.0,0.0,0.0,0.0,0.0,0.0,0.0,0.0,0.0,0.0,0.0,0.0,0.0,0.0,0.0,0.0,0.049576533774013644,1.9520760173517873,12.009915306754806,13.466225986366457,2.522206155752944,4.282920469361147,2.8086767818425313,nan,nan,nan,4.216129032258064,2.8330533823459176,4.351119894598155,2.781911871392962,1.032017725574161,0.392,0.01251,0.0,0.0,0.0,0.0,0.0,0.0,0.0,0.0,0.0,0.0,0.6382978723404257,21.472836190869625,7.882668870068169,0.0061970667217517055,0.0,0.0,0.0,0.0,0.0,0.0,0.0,0.0,0.0,0.0,0.0,0.0,0.0,0.0,0.0,0.0,nan,nan,4.282920469361147,2.8086767818425313,nan,0.392,0.0639,0.0,0.0,0.0,0.0,0.0,0.0,0.0,0.0,0.0,0.0,0.0,0.0,0.0,0.0,0.0,0.0003924808923776079,6.197066721751704e-05,2.065688907250568e-05,0.0015492666804379262,3.098533360875852e-05,0.0008779177855814914,0.004090064036356125,0.01130964676719686,0.006465606279694278,0.0037388969221235284,0.004079735591819872,0.003429043586035943,0.009688080975005163,0.015544309027060525,0.012146250774633341,0.013447634786201198,0.01858087172071886,0.019179921503821525,0.025728155339805825,0.0605556703160504,0.04900846932451973,0.07386903532328032,0.07876471803346416,0.0703470357364181,0.03150175583557116,0.06105143565379054,0.08425945052675067,0.04815120842801074,0.06457343524065276,0.02537698822557323,0.04500103284445363,0.027793844247056394,0.014387523239000206,0.03388762652344557,0.026337533567444744,0.01501755835571163,0.014521793017971494,0.0236314810989465,0.00034083866969634373,0.0005783928940301591,0.0006816773393926875,0.0,0.0,0.0,0.0,0.0,0.0,0.0,0.0,0.0,0.0,0.0,0.0,0.0,0.0,0.0,0.0,0.0,0.0,0.0,0.0,0.0,0.0,0.0,0.0,0.0,0.0,0.0,0.0,0.0,0.0,0.0,0.0,0.0,0.0,0.0,0.0,0.0,0.0,0.0,0.0,0.0,0.0,0.0,0.0,0.0,nan,nan,4.282920469361147,2.8086767818425313,nan,0.9347378025206062,0.022922835325435948,0.0,0.0,0.0,0.0,0.0,0.0,0.0,0.0,0.0,0.0,0.0,0.0,0.0,0.0,0.0,0.0,0.0,0.0,0.0,0.0,0.0,0.0,0.0,0.0,0.0,0.04876066639577409,1.9504266558309633,12.238927265339296,13.494514425030479,2.267370987403495,0.9352323988656036,0.023608385726446777,0.0,0.0,0.0,0.0,0.0,0.0,0.0,0.0,0.0,0.0,0.0,0.0,0.0,0.0,0.0,0.0,0.0,0.0,0.0,0.0,0.0,0.0,0.0,0.0,0.0,0.050420168067226906,1.9537815126050424,11.773109243697482,13.43697478991597,2.7857142857142865,0.3918,0.01273,0.0,0.0,0.0,0.0,0.0,0.0,0.0,0.0,0.0,0.0,0.6948394961397808,21.344981714750073,7.9601787891101194,0.0,0.0,0.0,0.0,0.0,0.0,0.0,0.0,0.0,0.0,0.0,0.0,0.0,0.0,0.0,0.0,0.0,0.392,0.01228,0.0,0.0,0.0,0.0,0.0,0.0,0.0,0.0,0.0,0.0,0.5798319327731093,21.605042016806692,7.802521008403363,0.012605042016806726,0.0,0.0,0.0,0.0,0.0,0.0,0.0,0.0,0.0,0.0,0.0,0.0,0.0,0.0,0.0,0.0
60200,4826,2497,0.5174057190219643,1193,1014,0.4573145462080398,1363,0.564857024450891,0.4000000000000001,2.9085444396736797,2.996886889526804,6.332344213649852,2.08411930041722,9524.220472440946,1614.0211456107127,7853.0,11083.0,11083.0,0.0,7853.0,0.0,28.110857853294654,20.763432238613497,33.071234902637414,18.91638264682231,0.14111065064235392,0.0920016576875259,0.09075839204309988,0.09075839204309988,0.07915457936179031,0.07335267302113552,0.07459593866556154,0.06237049316203896,0.06112722751761293,0.05304600082884376,0.04682967260671363,0.04247824285122254,0.031288852051388316,0.02673021135515955,0.01947782842934107,0.009117281392457521,0.005801906340654786,0.9357008956869854,0.023226203031482293,0.0,0.0,0.0,0.0,0.0,0.0,0.0,0.0,0.0,0.0,0.0,0.0,0.0,0.0,0.0,0.0,0.0,0.0,0.0,0.0,0.0,0.0,0.0,0.0,0.0,0.03108164111065065,1.9332780770824702,11.680480729382515,13.825113966017408,2.530045586406963,4.164069952305247,2.825353075540467,nan,nan,nan,4.171281390856407,2.7763186711601944,4.157035175879397,2.872362369492615,0.9965846909757182,0.3916,0.01265,0.0,0.0,0.0,0.0,0.0,0.0,0.0,0.0,0.0,0.0,0.7024450891007047,21.71985080812264,7.577704102776628,0.0,0.0,0.0,0.0,0.0,0.0,0.0,0.0,0.0,0.0,0.0,0.0,0.0,0.0,0.0,0.0,0.0,nan,nan,4.164069952305247,2.825353075540467,nan,0.3916,0.06366,0.0,0.0,0.0,0.0,0.0,0.0,0.0,0.0,0.0,0.0,0.0,0.0,0.0,0.0,0.0,0.00017612929962702032,1.0360547036883547e-05,0.0,0.0010671363447990053,0.0,0.0007252382925818483,0.004372150849564857,0.01141732283464567,0.005801906340654786,0.003522585992540406,0.0037297969332780773,0.004009531703273933,0.009801077496891835,0.015924160795690014,0.013416908412764194,0.013955656858682138,0.017851222544550353,0.020389556568586823,0.02593244923331952,0.06207003729796933,0.05074595938665562,0.07204724409448819,0.08116452548694571,0.07042063820969748,0.02996270203066722,0.059334852880232075,0.08458350600911728,0.04664318276004973,0.06646290924160796,0.0242436800663075,0.04394944053046001,0.025486945710733528,0.01547865727310402,0.034210526315789476,0.025538748445917945,0.015841276419394944,0.01425611272275176,0.023673849979278905,0.0001554082055532532,0.0007045171985080813,0.0009220886862826357,0.0,0.0,0.0,0.0,0.0,0.0,0.0,0.0,0.0,0.0,0.0,0.0,0.0,0.0,0.0,0.0,0.0,0.0,0.0,0.0,0.0,0.0,0.0,0.0,0.0,0.0,0.0,0.0,0.0,0.0,0.0,0.0,0.0,0.0,0.0,0.0,0.0,0.0,0.0,0.0,0.0,0.0,0.0,0.0,0.0,nan,nan,4.164069952305247,2.825353075540467,nan,0.9354132204042419,0.023378326133776876,0.0,0.0,0.0,0.0,0.0,0.0,0.0,0.0,0.0,0.0,0.0,0.0,0.0,0.0,0.0,0.0,0.0,0.0,0.0,0.0,0.0,0.0,0.0,0.0,0.0,0.02402883460152183,2.1025230276331603,11.629955947136567,13.828594313175813,2.414897877452944,0.936009322127952,0.023058005667896776,0.0,0.0,0.0,0.0,0.0,0.0,0.0,0.0,0.0,0.0,0.0,0.0,0.0,0.0,0.0,0.0,0.0,0.0,0.0,0.0,0.0,0.0,0.0,0.0,0.0,0.03864319450407901,1.7518248175182485,11.734650064405328,13.821382567625594,2.6534993559467592,0.3918,0.01251,0.0,0.0,0.0,0.0,0.0,0.0,0.0,0.0,0.0,0.0,0.708850620744894,21.61393672406885,7.677212655186225,0.0,0.0,0.0,0.0,0.0,0.0,0.0,0.0,0.0,0.0,0.0,0.0,0.0,0.0,0.0,0.0,0.0,0.3914,0.012794,0.0,0.0,0.0,0.0,0.0,0.0,0.0,0.0,0.0,0.0,0.6955775010734223,21.833404894804605,7.4710176041219425,0.0,0.0,0.0,0.0,0.0,0.0,0.0,0.0,0.0,0.0,0.0,0.0,0.0,0.0,0.0,0.0,0.0
60300,4870,2537,0.5209445585215606,1213,977,0.44969199178644764,1368,0.5618069815195071,0.3960000000000001,2.975139305615088,3.1502289753915265,6.610778443113772,2.1964868503696255,9535.650924024641,1613.5824591506355,7853.0,11083.0,11083.0,0.0,7853.0,0.0,27.572484599589323,20.569658846935983,32.498163115356355,18.812926808252577,0.14127310061601642,0.1028747433264887,0.09301848049281314,0.0891170431211499,0.07679671457905544,0.07186858316221766,0.07186858316221766,0.06652977412731007,0.061601642710472276,0.055236139630390146,0.04353182751540041,0.042299794661190965,0.030184804928131418,0.02032854209445585,0.017659137577002052,0.009650924024640658,0.006160164271047228,0.9367042097100488,0.0229803992097855,0.0,0.0,0.0,0.0,0.0,0.0,0.0,0.0,0.0,0.0,0.0,0.0,0.0,0.0,0.0,0.0,0.0,0.0,0.0,0.0,0.0,0.0,0.0,0.0,0.0,0.018480492813141687,1.5770020533880906,11.618069815195074,13.823408624229982,2.9630390143737175,4.238935214881335,2.940995174875001,nan,nan,nan,4.260089686098655,2.9562693116625014,4.217726396917149,2.9254481897231943,0.9900557752763411,0.391,0.01267,0.0,0.0,0.0,0.0,0.0,0.0,0.0,0.0,0.0,0.0,0.6899383983572898,21.967145790554383,7.3429158110882975,0.0,0.0,0.0,0.0,0.0,0.0,0.0,0.0,0.0,0.0,0.0,0.0,0.0,0.0,0.0,0.0,0.0,nan,nan,4.238935214881335,2.940995174875001,nan,0.391,0.06366,0.0,0.0,0.0,0.0,0.0,0.0,0.0,0.0,0.0,0.0,0.0,0.0,0.0,0.0,0.0,0.00014373716632443533,0.0,0.0,0.0006981519507186858,2.0533880903490758e-05,0.0010882956878850102,0.0037987679671457907,0.01202258726899384,0.005112936344969199,0.0035523613963039016,0.004383983572895277,0.004589322381930184,0.008172484599589322,0.017279260780287475,0.016036960985626285,0.013562628336755646,0.017258726899383982,0.01975359342915811,0.02580082135523614,0.06648870636550308,0.04955852156057495,0.07165297741273101,0.08028747433264886,0.07087268993839836,0.029537987679671456,0.06139630390143737,0.08141683778234086,0.047084188911704315,0.06696098562628337,0.02475359342915811,0.041837782340862426,0.02465092402464066,0.015790554414784393,0.03441478439425051,0.024763860369609855,0.017525667351129363,0.012997946611909651,0.022761806981519507,4.1067761806981516e-05,0.0009548254620123203,0.0009548254620123203,2.0533880903490758e-05,0.0,0.0,0.0,0.0,0.0,0.0,0.0,0.0,0.0,0.0,0.0,0.0,0.0,0.0,0.0,0.0,0.0,0.0,0.0,0.0,0.0,0.0,0.0,0.0,0.0,0.0,0.0,0.0,0.0,0.0,0.0,0.0,0.0,0.0,0.0,0.0,0.0,0.0,0.0,0.0,0.0,0.0,0.0,0.0,nan,nan,4.238935214881335,2.940995174875001,nan,0.9364646317736107,0.022706497887754844,0.0,0.0,0.0,0.0,0.0,0.0,0.0,0.0,0.0,0.0,0.0,0.0,0.0,0.0,0.0,0.0,0.0,0.0,0.0,0.0,0.0,0.0,0.0,0.0,0.0,0.023649980291683095,1.5372487189594013,11.742215214820657,13.882538431217977,2.8143476547102884,0.9369647365959223,0.02327179344112186,0.0,0.0,0.0,0.0,0.0,0.0,0.0,0.0,0.0,0.0,0.0,0.0,0.0,0.0,0.0,0.0,0.0,0.0,0.0,0.0,0.0,0.0,0.0,0.0,0.0,0.012858979854264898,1.6202314616373772,11.483069009858553,13.759108444063441,3.12473210458637,0.391,0.01268,0.0,0.0,0.0,0.0,0.0,0.0,0.0,0.0,0.0,0.0,0.6148994875837606,22.337406385494646,7.047694126921562,0.0,0.0,0.0,0.0,0.0,0.0,0.0,0.0,0.0,0.0,0.0,0.0,0.0,0.0,0.0,0.0,0.0,0.3914,0.01266,0.0,0.0,0.0,0.0,0.0,0.0,0.0,0.0,0.0,0.0,0.7715387912558939,21.564509215602197,7.663951993141879,0.0,0.0,0.0,0.0,0.0,0.0,0.0,0.0,0.0,0.0,0.0,0.0,0.0,0.0,0.0,0.0,0.0
60400,4689,2421,0.5163147792706334,1166,947,0.4506291320110898,1283,0.5472382171038601,0.4040000000000001,2.9290123456790123,3.122962897773605,6.600633914421553,2.2040733600047115,9520.696737044145,1614.1400354073683,7853.0,11083.0,11083.0,0.0,7853.0,0.0,27.98763062486671,20.765306890719916,32.934484509903506,18.974476300801527,0.1384090424397526,0.0983152058008104,0.09532949456174024,0.08615909575602473,0.07165706973768395,0.08040093836638942,0.07059074429515888,0.06504585199402858,0.062486670931968434,0.054595862657283,0.04691831947110258,0.04201322243548731,0.02964384730219663,0.02260609938153124,0.017701002345915973,0.010023459159735551,0.008104073363190446,0.9372549775974357,0.022936511434336716,0.0,0.0,0.0,0.0,0.0,0.0,0.0,0.0,0.0,0.0,0.0,0.0,0.0,0.0,0.0,0.0,0.0,0.0,0.0,0.0,0.0,0.0,0.0,0.0,0.0,0.031989763275751766,1.6314779270633402,11.317978246960976,14.005118362124124,3.0134357005758163,4.202912942734194,2.9281710145190334,nan,nan,nan,4.249158249158249,2.9445848772851377,4.157003257328991,2.912084471761324,0.9783121770417672,0.3916,0.012344,0.0,0.0,0.0,0.0,0.0,0.0,0.0,0.0,0.0,0.0,0.54382597568778,22.143314139475336,7.306461932181703,0.006397952655150353,0.0,0.0,0.0,0.0,0.0,0.0,0.0,0.0,0.0,0.0,0.0,0.0,0.0,0.0,0.0,0.0,nan,nan,4.202912942734194,2.9281710145190334,nan,0.3916,0.064,0.0,0.0,0.0,0.0,0.0,0.0,0.0,0.0,0.0,0.0,0.0,0.0,0.0,0.0,0.0,0.0001599488163787588,0.0,0.0,0.0009810194071230539,2.1326508850501173e-05,0.001055662188099808,0.004659842183834507,0.011718916613350394,0.003945404137342717,0.0033695883983791853,0.0037961185753892087,0.005523565792279804,0.008349328214971209,0.016666666666666666,0.015056515248453828,0.01418212838558328,0.017007890808274684,0.021369161868202174,0.025762422691405416,0.06835146086585626,0.048933674557474945,0.06971635743228834,0.07867349114949883,0.0717956920452122,0.028449562806568563,0.061889528684154406,0.07879078694817658,0.04508423970995948,0.0699402857752186,0.023907016421411815,0.04306888462358712,0.024418852633823842,0.017956920452121987,0.031200682448283217,0.027074002985711238,0.01632544252505865,0.014032842823629772,0.02434420985284709,7.46427809767541e-05,0.0014075495841330773,0.0009170398805715505,1.0663254425250586e-05,1.0663254425250586e-05,0.0,0.0,0.0,0.0,0.0,0.0,0.0,0.0,0.0,0.0,0.0,0.0,0.0,0.0,0.0,0.0,0.0,0.0,0.0,0.0,0.0,0.0,0.0,0.0,0.0,0.0,0.0,0.0,0.0,0.0,0.0,0.0,0.0,0.0,0.0,0.0,0.0,0.0,0.0,0.0,0.0,0.0,0.0,nan,nan,4.202912942734194,2.9281710145190334,nan,0.9375903732222203,0.023048240715726014,0.0,0.0,0.0,0.0,0.0,0.0,0.0,0.0,0.0,0.0,0.0,0.0,0.0,0.0,0.0,0.0,0.0,0.0,0.0,0.0,0.0,0.0,0.0,0.0,0.0,0.03717472118959109,1.586121437422553,11.06567534076828,14.200743494423795,3.1102850061957876,0.9368969560773285,0.022811200202173844,0.0,0.0,0.0,0.0,0.0,0.0,0.0,0.0,0.0,0.0,0.0,0.0,0.0,0.0,0.0,0.0,0.0,0.0,0.0,0.0,0.0,0.0,0.0,0.0,0.0,0.02645502645502646,1.6798941798941802,11.58730158730159,13.7962962962963,2.9100529100529107,0.3916,0.0123,0.0,0.0,0.0,0.0,0.0,0.0,0.0,0.0,0.0,0.0,0.5080545229244114,22.09417596034693,7.385377942998763,0.012391573729863695,0.0,0.0,0.0,0.0,0.0,0.0,0.0,0.0,0.0,0.0,0.0,0.0,0.0,0.0,0.0,0.0,0.3916,0.01239,0.0,0.0,0.0,0.0,0.0,0.0,0.0,0.0,0.0,0.0,0.5820105820105821,22.195767195767164,7.222222222222224,0.0,0.0,0.0,0.0,0.0,0.0,0.0,0.0,0.0,0.0,0.0,0.0,0.0,0.0,0.0,0.0,0.0
60500,4654,2415,0.5189084658358402,1129,938,0.4441340782122905,1288,0.5535023635582295,0.4120000000000001,2.9271996426976328,3.0566435703114987,6.4467408585055646,2.1771562302257297,9529.074344649764,1613.8447646615834,7853.0,11083.0,11083.0,0.0,7853.0,0.0,28.22518263859046,20.999273569785526,33.32349165596919,19.15473376345993,0.14267296948861194,0.099054576708208,0.08659217877094973,0.08594757198109153,0.0782122905027933,0.07606360120326601,0.06832831972496776,0.06360120326600774,0.056510528577567685,0.054146970348087665,0.048560378169316715,0.04061022776106575,0.03674258702191663,0.029007305543618394,0.018908465835840136,0.009669101847872797,0.0053717232488182205,0.9374004022138642,0.023426907506721346,0.0,0.0,0.0,0.0,0.0,0.0,0.0,0.0,0.0,0.0,0.0,0.0,0.0,0.0,0.0,0.0,0.0,0.0,0.0,0.0,0.0,0.0,0.0,0.0,0.0,0.045122475290073065,1.7533304684142677,11.216158143532448,13.839707778255267,3.1456811345079507,4.165070980521624,2.858583046185236,nan,nan,nan,4.141153081510934,2.8497769893609046,4.188815789473685,2.8671012626478696,1.011509525734644,0.3916,0.01253,0.0,0.0,0.0,0.0,0.0,0.0,0.0,0.0,0.0,0.0,0.7541899441340784,21.78126342930809,7.458100558659219,0.006446067898581867,0.0,0.0,0.0,0.0,0.0,0.0,0.0,0.0,0.0,0.0,0.0,0.0,0.0,0.0,0.0,0.0,nan,nan,4.165070980521624,2.858583046185236,nan,0.3916,0.06396,0.0,0.0,0.0,0.0,0.0,0.0,0.0,0.0,0.0,0.0,0.0,0.0,0.0,0.0,0.0,0.0,0.0,0.0,0.0010850880962612805,0.0,0.0010528577567683712,0.004329608938547486,0.011731843575418994,0.0038354103996562096,0.0035131070047271164,0.004286635152556941,0.0059626128061882255,0.009153416415986248,0.016287064890416845,0.015073055436183928,0.014063171465406102,0.017243231628706487,0.022324881822088527,0.025247099269445638,0.06649119037387194,0.048227331327889984,0.06879028792436613,0.0785668242372153,0.06871508379888268,0.030049419853889127,0.0644177051998281,0.07793296089385475,0.04621830683283197,0.06850021486892996,0.024989256553502363,0.0452836269875376,0.026192522561237646,0.017522561237645038,0.029630425440481306,0.027954447786850023,0.015513536742587023,0.014138375590889558,0.02273313278899871,8.594757198109153e-05,0.002019767941555651,0.0008379888268156424,0.0,0.0,0.0,0.0,0.0,0.0,0.0,0.0,0.0,0.0,0.0,0.0,0.0,0.0,0.0,0.0,0.0,0.0,0.0,0.0,0.0,0.0,0.0,0.0,0.0,0.0,0.0,0.0,0.0,0.0,0.0,0.0,0.0,0.0,0.0,0.0,0.0,0.0,0.0,0.0,0.0,0.0,0.0,0.0,0.0,nan,nan,4.165070980521624,2.858583046185236,nan,0.9369376240309721,0.023242880377706703,0.0,0.0,0.0,0.0,0.0,0.0,0.0,0.0,0.0,0.0,0.0,0.0,0.0,0.0,0.0,0.0,0.0,0.0,0.0,0.0,0.0,0.0,0.0,0.0,0.0,0.06211180124223604,1.7888198757763978,11.39130434782609,13.863354037267083,2.8944099378881996,0.9378995577796009,0.023613628702084683,0.0,0.0,0.0,0.0,0.0,0.0,0.0,0.0,0.0,0.0,0.0,0.0,0.0,0.0,0.0,0.0,0.0,0.0,0.0,0.0,0.0,0.0,0.0,0.0,0.0,0.02679767753461367,1.715051362215275,11.027244305493527,13.814202769093349,3.4167038856632432,0.3916,0.012566,0.0,0.0,0.0,0.0,0.0,0.0,0.0,0.0,0.0,0.0,0.7577639751552797,21.714285714285683,7.5155279503105605,0.012422360248447208,0.0,0.0,0.0,0.0,0.0,0.0,0.0,0.0,0.0,0.0,0.0,0.0,0.0,0.0,0.0,0.0,0.3916,0.01248,0.0,0.0,0.0,0.0,0.0,0.0,0.0,0.0,0.0,0.0,0.7503349709691829,21.853506029477412,7.396158999553374,0.0,0.0,0.0,0.0,0.0,0.0,0.0,0.0,0.0,0.0,0.0,0.0,0.0,0.0,0.0,0.0,0.0
60600,4867,2475,0.5085268132319705,1140,1039,0.4477090610232176,1390,0.5711937538524758,0.4120000000000001,2.9857859531772575,3.127817574112408,6.679878048780488,2.2587142867194023,9495.541606739265,1614.7651407861824,7853.0,11083.0,11083.0,0.0,7853.0,0.0,27.664885966714607,20.892636155677778,32.78560867422375,19.108658453233957,0.1448530922539552,0.10191082802547771,0.09307581672488185,0.07910417094719539,0.08506266694062051,0.07807684405177727,0.06841997123484693,0.06184507910417095,0.05691391000616396,0.05362646394082597,0.045407848777481,0.03986028354222314,0.0345181836860489,0.020341072529278817,0.017670022601191698,0.011711526607766592,0.007602219026094103,0.9373783518554298,0.0236194684110622,0.0,0.0,0.0,0.0,0.0,0.0,0.0,0.0,0.0,0.0,0.0,0.0,0.0,0.0,0.0,0.0,0.0,0.0,0.0,0.0,0.0,0.0,0.0,0.0,0.0,0.024655845490034935,1.830696527635094,10.916375590712969,13.979864392849807,3.2484076433121025,4.369230769230769,2.9157313236774347,nan,nan,nan,4.355526826115061,2.8654891300642373,4.377862595419847,2.9589590548872278,1.0051281441250377,0.3916,0.01264,0.0,0.0,0.0,0.0,0.0,0.0,0.0,0.0,0.0,0.0,0.671871789603452,21.512225190055446,7.809739058968566,0.006163961372508734,0.0,0.0,0.0,0.0,0.0,0.0,0.0,0.0,0.0,0.0,0.0,0.0,0.0,0.0,0.0,0.0,nan,nan,4.369230769230769,2.9157313236774347,nan,0.3916,0.0633,0.0,0.0,0.0,0.0,0.0,0.0,0.0,0.0,0.0,0.0,0.0,0.0,0.0,0.0,0.0,0.0,1.027326895418122e-05,0.0,0.0013560715019519211,0.0,0.0006266694062050545,0.003246352989521266,0.011177316622149169,0.0034826381754674337,0.0030511608793918226,0.003986028354222314,0.005475652352578591,0.009379494555167454,0.017228272036161906,0.014526402301212245,0.013190877337168687,0.017896034518183685,0.02397780973905897,0.025118142592973083,0.06759810971851243,0.05084240805424286,0.06775220875282514,0.07697760427367989,0.07052599137045408,0.030511608793918225,0.06213273063488802,0.08165194164783234,0.04590096568728169,0.06861516334497637,0.02296075611259503,0.044822272447092665,0.027573453873022395,0.018060406821450586,0.028498048078898705,0.026114649681528664,0.015553729196630367,0.014136018080953359,0.023125128415861926,0.0001951921101294432,0.002044380521882063,0.0006574892130675981,2.054653790836244e-05,0.0,0.0,0.0,0.0,0.0,0.0,0.0,0.0,0.0,0.0,0.0,0.0,0.0,0.0,0.0,0.0,0.0,0.0,0.0,0.0,0.0,0.0,0.0,0.0,0.0,0.0,0.0,0.0,0.0,0.0,0.0,0.0,0.0,0.0,0.0,0.0,0.0,0.0,0.0,0.0,0.0,0.0,0.0,0.0,nan,nan,4.369230769230769,2.9157313236774347,nan,0.937472257590053,0.023758939358779218,0.0,0.0,0.0,0.0,0.0,0.0,0.0,0.0,0.0,0.0,0.0,0.0,0.0,0.0,0.0,0.0,0.0,0.0,0.0,0.0,0.0,0.0,0.0,0.0,0.0,0.02424242424242425,1.8666666666666671,10.921212121212124,13.890909090909094,3.2969696969696978,0.9372811876860351,0.023473890251574165,0.0,0.0,0.0,0.0,0.0,0.0,0.0,0.0,0.0,0.0,0.0,0.0,0.0,0.0,0.0,0.0,0.0,0.0,0.0,0.0,0.0,0.0,0.0,0.0,0.0,0.025083612040133787,1.7934782608695656,10.911371237458196,14.071906354515054,3.1981605351170574,0.3914,0.01248,0.0,0.0,0.0,0.0,0.0,0.0,0.0,0.0,0.0,0.0,0.6303030303030305,22.060606060606027,7.30909090909091,0.0,0.0,0.0,0.0,0.0,0.0,0.0,0.0,0.0,0.0,0.0,0.0,0.0,0.0,0.0,0.0,0.0,0.392,0.012794,0.0,0.0,0.0,0.0,0.0,0.0,0.0,0.0,0.0,0.0,0.714882943143813,20.944816053511676,8.327759197324417,0.012541806020066893,0.0,0.0,0.0,0.0,0.0,0.0,0.0,0.0,0.0,0.0,0.0,0.0,0.0,0.0,0.0,0.0
60700,4826,2552,0.5288023207625363,1211,959,0.449647741400746,1368,0.5669291338582677,0.39200000000000007,3.0021987686895337,2.9933221636280205,6.277697841726619,2.0026616521202576,9561.031496062993,1612.3182504519016,7853.0,11083.0,11083.0,0.0,7853.0,0.0,28.86282635723166,21.098682701490784,33.665526508673345,19.2985158964394,0.13137173642768338,0.09324492333195193,0.09158723580605056,0.08972233733941153,0.07397430584334853,0.07355988396187318,0.07107335267302113,0.06900124326564443,0.059676750932449237,0.05014504765851637,0.051181102362204724,0.0420638209697472,0.03605470368835474,0.026937422295897222,0.021964359718193122,0.011811023622047244,0.00663075010360547,0.9363592901246656,0.023114998657938944,0.0,0.0,0.0,0.0,0.0,0.0,0.0,0.0,0.0,0.0,0.0,0.0,0.0,0.0,0.0,0.0,0.0,0.0,0.0,0.0,0.0,0.0,0.0,0.0,0.0,0.018648984666390388,1.7405719021964363,11.910484873601328,13.290509738914217,3.0397845006216335,4.147648902821317,2.768806164358627,nan,nan,nan,4.182728410513142,2.777597140051429,4.1124371859296485,2.759505470557051,0.9831948867617561,0.3914,0.01296,0.0,0.0,0.0,0.0,0.0,0.0,0.0,0.0,0.0,0.0,0.7397430584334854,21.80687940323246,7.422295897223375,0.03108164111065065,0.0,0.0,0.0,0.0,0.0,0.0,0.0,0.0,0.0,0.0,0.0,0.0,0.0,0.0,0.0,0.0,nan,nan,4.147648902821317,2.768806164358627,nan,0.3914,0.0637,0.0,0.0,0.0,0.0,0.0,0.0,0.0,0.0,0.0,0.0,0.0,0.0,0.0,0.0,0.0,0.0,0.0,0.0,0.0015540820555325322,0.0,0.0007977621218400331,0.0037297969332780773,0.011904268545379196,0.0031496062992125984,0.002673021135515955,0.004423953584749275,0.006123083298798177,0.009397016162453378,0.016701201823456278,0.014100704517198508,0.013903854123497721,0.017623290509738914,0.024544135930377124,0.024886033982594282,0.06714670534604227,0.05161624533775383,0.06495026937422296,0.07704102776626606,0.07243058433485287,0.030853709075839203,0.06153128885205139,0.08095731454620804,0.04646705346042271,0.06816203895565685,0.02292789059262329,0.04410484873601326,0.02835681723995027,0.017219229175300457,0.02886448404475756,0.026336510567757977,0.013841690841276419,0.014535847492747616,0.024554496477414006,0.00010360547036883547,0.0016784086199751348,0.0006319933692498964,0.00017612929962702032,0.0,0.0,0.0,0.0,0.0,0.0,0.0,0.0,0.0,0.0,0.0,0.0,0.0,0.0,0.0,0.0,0.0,0.0,0.0,0.0,0.0,0.0,0.0,0.0,0.0,0.0,0.0,0.0,0.0,0.0,0.0,0.0,0.0,0.0,0.0,0.0,0.0,0.0,0.0,0.0,0.0,0.0,0.0,0.0,nan,nan,4.147648902821317,2.768806164358627,nan,0.9369585191521524,0.02315656449830066,0.0,0.0,0.0,0.0,0.0,0.0,0.0,0.0,0.0,0.0,0.0,0.0,0.0,0.0,0.0,0.0,0.0,0.0,0.0,0.0,0.0,0.0,0.0,0.0,0.0,0.02351097178683386,1.6340125391849534,11.555642633228842,13.60109717868339,3.185736677115988,0.9356868044262721,0.023049718180325546,0.0,0.0,0.0,0.0,0.0,0.0,0.0,0.0,0.0,0.0,0.0,0.0,0.0,0.0,0.0,0.0,0.0,0.0,0.0,0.0,0.0,0.0,0.0,0.0,0.0,0.01319261213720317,1.8601583113456468,12.308707124010557,12.941952506596309,2.875989445910291,0.391,0.01291,0.0,0.0,0.0,0.0,0.0,0.0,0.0,0.0,0.0,0.0,0.7641065830721004,21.935736677115955,7.27664576802508,0.02351097178683386,0.0,0.0,0.0,0.0,0.0,0.0,0.0,0.0,0.0,0.0,0.0,0.0,0.0,0.0,0.0,0.0,0.3916,0.01301,0.0,0.0,0.0,0.0,0.0,0.0,0.0,0.0,0.0,0.0,0.7124010554089711,21.662269129287566,7.585751978891822,0.0395778364116095,0.0,0.0,0.0,0.0,0.0,0.0,0.0,0.0,0.0,0.0,0.0,0.0,0.0,0.0,0.0,0.0
60800,4625,2422,0.5236756756756756,1157,954,0.4564324324324324,1303,0.5634594594594594,0.4200000000000001,2.9963685882886972,3.125602688951566,6.705490848585691,2.1080906976890974,9544.472432432432,1613.18844747843,7853.0,11083.0,11083.0,0.0,7853.0,0.0,28.12389189189189,20.824559357180767,32.84434804797142,19.11165038614085,0.13578378378378378,0.09643243243243244,0.09448648648648648,0.09145945945945946,0.0787027027027027,0.07524324324324325,0.06832432432432432,0.06443243243243243,0.05967567567567567,0.055135135135135134,0.046270270270270274,0.04,0.03264864864864865,0.023567567567567567,0.021621621621621623,0.009297297297297297,0.006918918918918919,0.9362638311514984,0.023335485158874483,0.0,0.0,0.0,0.0,0.0,0.0,0.0,0.0,0.0,0.0,0.0,0.0,0.0,0.0,0.0,0.0,0.0,0.0,0.0,0.0,0.0,0.0,0.0,0.0,0.0,0.0518918918918919,1.7383783783783788,11.63675675675676,13.770810810810813,2.802162162162163,4.274059274059274,2.9447939250857353,nan,nan,nan,4.255474452554744,2.966148577317883,4.290969899665551,2.9231435058196698,1.0083411256503956,0.3918,0.012924,0.0,0.0,0.0,0.0,0.0,0.0,0.0,0.0,0.0,0.0,0.6162162162162164,21.45081081081078,7.920000000000002,0.012972972972972976,0.0,0.0,0.0,0.0,0.0,0.0,0.0,0.0,0.0,0.0,0.0,0.0,0.0,0.0,0.0,0.0,nan,nan,4.274059274059274,2.9447939250857353,nan,0.3918,0.0641,0.0,0.0,0.0,0.0,0.0,0.0,0.0,0.0,0.0,0.0,0.0,0.0,0.0,0.0,0.0,0.0,0.0,0.0,0.0013729729729729729,1.081081081081081e-05,0.0008216216216216216,0.0042486486486486485,0.012572972972972973,0.002854054054054054,0.002637837837837838,0.004983783783783784,0.006302702702702703,0.00962162162162162,0.016616216216216215,0.013902702702702703,0.012886486486486487,0.018205405405405405,0.024021621621621622,0.023264864864864863,0.0682054054054054,0.04923243243243243,0.0636,0.07513513513513513,0.07296216216216216,0.031989189189189186,0.06294054054054055,0.0803027027027027,0.04505945945945946,0.07011891891891892,0.02481081081081081,0.044735135135135135,0.025827027027027025,0.017794594594594596,0.02947027027027027,0.02602162162162162,0.015556756756756756,0.013654054054054053,0.02518918918918919,0.0,0.0017837837837837837,0.0008972972972972973,0.0003891891891891892,0.0,0.0,0.0,0.0,0.0,0.0,0.0,0.0,0.0,0.0,0.0,0.0,0.0,0.0,0.0,0.0,0.0,0.0,0.0,0.0,0.0,0.0,0.0,0.0,0.0,0.0,0.0,0.0,0.0,0.0,0.0,0.0,0.0,0.0,0.0,0.0,0.0,0.0,0.0,0.0,0.0,0.0,0.0,0.0,nan,nan,4.274059274059274,2.9447939250857353,nan,0.936460844452572,0.02351444565313841,0.0,0.0,0.0,0.0,0.0,0.0,0.0,0.0,0.0,0.0,0.0,0.0,0.0,0.0,0.0,0.0,0.0,0.0,0.0,0.0,0.0,0.0,0.0,0.0,0.0,0.04954582989265072,1.7217175887696123,11.469859620148641,13.885218827415363,2.8736581337737412,0.9360472327787336,0.023135200715301785,0.0,0.0,0.0,0.0,0.0,0.0,0.0,0.0,0.0,0.0,0.0,0.0,0.0,0.0,0.0,0.0,0.0,0.0,0.0,0.0,0.0,0.0,0.0,0.0,0.0,0.054471175669541544,1.7566954153427148,11.820245120290517,13.645029505220158,2.723558783477077,0.3918,0.01283,0.0,0.0,0.0,0.0,0.0,0.0,0.0,0.0,0.0,0.0,0.656482246077622,21.515276630883537,7.81585466556565,0.01238645747316268,0.0,0.0,0.0,0.0,0.0,0.0,0.0,0.0,0.0,0.0,0.0,0.0,0.0,0.0,0.0,0.0,0.3918,0.01303,0.0,0.0,0.0,0.0,0.0,0.0,0.0,0.0,0.0,0.0,0.5719473445301863,21.379936450295023,8.034498411257378,0.013617793917385386,0.0,0.0,0.0,0.0,0.0,0.0,0.0,0.0,0.0,0.0,0.0,0.0,0.0,0.0,0.0,0.0
60900,4671,2469,0.5285806037251124,1148,919,0.4425176621708414,1255,0.5373581674159709,0.4320000000000001,2.983651226158038,3.1390288336091547,6.57331136738056,2.316934165608089,9560.315350032113,1612.359412832154,7853.0,11083.0,11083.0,0.0,7853.0,0.0,27.70391779062299,20.848165655464623,32.58267515923567,19.173817218511118,0.1395846713765789,0.10126311282380647,0.09783772211517876,0.08670520231213873,0.07921216013701562,0.07642903018625562,0.06829372725326482,0.06722329265681867,0.05416399058017555,0.046028687647184756,0.04966816527510169,0.04196103618068936,0.033611646328409336,0.02226503960608007,0.017555127381716978,0.010276172125883108,0.007921216013701562,0.9363750738190063,0.02358622589843611,0.0,0.0,0.0,0.0,0.0,0.0,0.0,0.0,0.0,0.0,0.0,0.0,0.0,0.0,0.0,0.0,0.0,0.0,0.0,0.0,0.0,0.0,0.0,0.0,0.0,0.06422607578676943,1.824020552344252,11.425818882466285,13.686576750160569,2.999357739242133,4.24496644295302,2.9245073293940114,nan,nan,nan,4.172459893048129,2.913354984280874,4.31962238705327,2.9342650967172426,1.0352699601140165,0.3916,0.01292,0.0,0.0,0.0,0.0,0.0,0.0,0.0,0.0,0.0,0.0,0.8798972382787413,21.49004495825302,7.610789980732179,0.01926782273603083,0.0,0.0,0.0,0.0,0.0,0.0,0.0,0.0,0.0,0.0,0.0,0.0,0.0,0.0,0.0,0.0,nan,nan,4.24496644295302,2.9245073293940114,nan,0.3916,0.06476,0.0,0.0,0.0,0.0,0.0,0.0,0.0,0.0,0.0,0.0,0.0,0.0,0.0,0.0,0.0,1.0704345964461572e-05,0.0,1.0704345964461572e-05,0.001445086705202312,0.0,0.0007707129094412332,0.004056947120530936,0.013669449796617427,0.00299721687004924,0.003296938557054164,0.004677799186469707,0.007268250909869407,0.010308285163776493,0.016880753585955897,0.014129736673089274,0.01240633697281096,0.016570327552986513,0.02274673517448084,0.02356026546777992,0.07068079640333975,0.05014986084350246,0.06600299721687004,0.07195461357311068,0.07096981374438022,0.03224149004495825,0.06387283236994219,0.0806679511881824,0.04289231427959752,0.06598158852494113,0.025711839006636695,0.044369514022693214,0.025026760864911155,0.018304431599229287,0.03180261186041533,0.025904517233997004,0.016120745022479125,0.012716763005780347,0.02664311710554485,4.2817383857846286e-05,0.0017769214301006208,0.000974095482766003,0.0003853564547206166,0.0,0.0,0.0,0.0,0.0,0.0,0.0,0.0,0.0,0.0,0.0,0.0,0.0,0.0,0.0,0.0,0.0,0.0,0.0,0.0,0.0,0.0,0.0,0.0,0.0,0.0,0.0,0.0,0.0,0.0,0.0,0.0,0.0,0.0,0.0,0.0,0.0,0.0,0.0,0.0,0.0,0.0,0.0,0.0,nan,nan,4.24496644295302,2.9245073293940114,nan,0.9365856539580252,0.02366164219561788,0.0,0.0,0.0,0.0,0.0,0.0,0.0,0.0,0.0,0.0,0.0,0.0,0.0,0.0,0.0,0.0,0.0,0.0,0.0,0.0,0.0,0.0,0.0,0.0,0.0,0.07290400972053464,1.7375455650060756,11.336573511543138,13.730255164034025,3.122721749696234,0.9361389601208967,0.023499133282208092,0.0,0.0,0.0,0.0,0.0,0.0,0.0,0.0,0.0,0.0,0.0,0.0,0.0,0.0,0.0,0.0,0.0,0.0,0.0,0.0,0.0,0.0,0.0,0.0,0.0,0.05449591280653952,1.9209809264305182,11.52588555858311,13.637602179836515,2.861035422343325,0.3916,0.012955,0.0,0.0,0.0,0.0,0.0,0.0,0.0,0.0,0.0,0.0,0.9477521263669504,21.251518833535815,7.788578371810451,0.012150668286755775,0.0,0.0,0.0,0.0,0.0,0.0,0.0,0.0,0.0,0.0,0.0,0.0,0.0,0.0,0.0,0.0,0.3914,0.01287,0.0,0.0,0.0,0.0,0.0,0.0,0.0,0.0,0.0,0.0,0.803814713896458,21.757493188010866,7.411444141689375,0.02724795640326976,0.0,0.0,0.0,0.0,0.0,0.0,0.0,0.0,0.0,0.0,0.0,0.0,0.0,0.0,0.0,0.0
61000,4555,2378,0.5220636663007684,1081,925,0.44039517014270035,1253,0.5501646542261251,0.4360000000000001,3.0192926045016075,3.170343000488932,6.75716694772344,2.2057077730029477,9539.265642151482,1613.4268524630227,7853.0,11083.0,11083.0,0.0,7853.0,0.0,27.778046103183314,21.051787091854514,32.877695949500264,19.313208791618433,0.1424807903402854,0.10296377607025246,0.09813391877058178,0.07925356750823272,0.07749725576289791,0.08188803512623491,0.06717892425905599,0.06278814489571899,0.055323819978046106,0.05378704720087816,0.043688254665203076,0.03490669593852909,0.03336992316136114,0.030296377607025245,0.01778265642151482,0.01119648737650933,0.007464324917672887,0.9358232822559537,0.023270517196554964,0.0,0.0,0.0,0.0,0.0,0.0,0.0,0.0,0.0,0.0,0.0,0.0,0.0,0.0,0.0,0.0,0.0,0.0,0.0,0.0,0.0,0.0,0.0,0.0,0.0,0.04610318331503843,1.8507135016465426,12.00658616904501,13.277716794731068,2.81888035126235,4.375043088590141,2.942746392770897,nan,nan,nan,4.3829201101928374,2.910167464004219,4.367149758454106,2.9750140001761176,0.99640186192259,0.3918,0.01243,0.0,0.0,0.0,0.0,0.0,0.0,0.0,0.0,0.0,0.0,0.6717892425905599,21.740944017563084,7.567508232711308,0.01975850713501647,0.0,0.0,0.0,0.0,0.0,0.0,0.0,0.0,0.0,0.0,0.0,0.0,0.0,0.0,0.0,0.0,nan,nan,4.375043088590141,2.942746392770897,nan,0.3918,0.06464,0.0,0.0,0.0,0.0,0.0,0.0,0.0,0.0,0.0,0.0,0.0,0.0,0.0,0.0,0.0,0.0,1.0976948408342481e-05,0.0,0.001141602634467618,0.0,0.0004061470911086718,0.0033589462129527993,0.014324917672886937,0.0025686059275521404,0.0031833150384193193,0.005598243688254665,0.008737650933040615,0.010230515916575192,0.016937431394072448,0.015016465422612514,0.011536772777167947,0.01512623490669594,0.023798024149286497,0.022777167947310648,0.06720087815587267,0.049769484083424805,0.068397365532382,0.07008781558726673,0.07024149286498353,0.03262349066959385,0.06403951701427003,0.0822502744237102,0.04398463227222832,0.06695938529088913,0.026092206366630077,0.04484083424807903,0.0249615806805708,0.017321624588364434,0.031822173435784855,0.02491767288693743,0.016158068057080133,0.01278814489571899,0.027541163556531283,0.00013172338090010978,0.0018111964873765093,0.0010428100987925357,0.00026344676180021956,0.0,0.0,0.0,0.0,0.0,0.0,0.0,0.0,0.0,0.0,0.0,0.0,0.0,0.0,0.0,0.0,0.0,0.0,0.0,0.0,0.0,0.0,0.0,0.0,0.0,0.0,0.0,0.0,0.0,0.0,0.0,0.0,0.0,0.0,0.0,0.0,0.0,0.0,0.0,0.0,0.0,0.0,0.0,0.0,nan,nan,4.375043088590141,2.942746392770897,nan,0.936295394640795,0.022862393573435297,0.0,0.0,0.0,0.0,0.0,0.0,0.0,0.0,0.0,0.0,0.0,0.0,0.0,0.0,0.0,0.0,0.0,0.0,0.0,0.0,0.0,0.0,0.0,0.0,0.0,0.025231286795626584,1.778805719091674,11.858704793944494,13.53658536585366,2.800672834314551,0.9353075802572616,0.023697549354926194,0.0,0.0,0.0,0.0,0.0,0.0,0.0,0.0,0.0,0.0,0.0,0.0,0.0,0.0,0.0,0.0,0.0,0.0,0.0,0.0,0.0,0.0,0.0,0.0,0.0,0.06890215893431328,1.9292604501607722,12.168121267799728,12.994947175011488,2.838768948093708,0.3918,0.012505,0.0,0.0,0.0,0.0,0.0,0.0,0.0,0.0,0.0,0.0,0.7190916736753576,21.547518923465066,7.720773759461734,0.012615643397813292,0.0,0.0,0.0,0.0,0.0,0.0,0.0,0.0,0.0,0.0,0.0,0.0,0.0,0.0,0.0,0.0,0.3916,0.01234,0.0,0.0,0.0,0.0,0.0,0.0,0.0,0.0,0.0,0.0,0.6201194304088196,21.95222783647218,7.400091869545247,0.027560863573725315,0.0,0.0,0.0,0.0,0.0,0.0,0.0,0.0,0.0,0.0,0.0,0.0,0.0,0.0,0.0,0.0
61100,4714,2468,0.5235468816291896,1104,979,0.4418752651675859,1334,0.5659736953754773,0.4240000000000001,3.004452359750668,3.1255956138643493,6.792642140468227,2.090865475623419,9544.056427662283,1613.2081142280597,7853.0,11083.0,11083.0,0.0,7853.0,0.0,27.59164191769198,20.74558962535404,32.399092970521544,19.087787254057467,0.1402206194314807,0.10012728044123886,0.09673313534153585,0.09439966058549003,0.07891387356809504,0.06979210861264319,0.07191344929995758,0.06682223165040306,0.05388205345778532,0.04645736105218498,0.04560882477725923,0.040729741196436145,0.03903266864658464,0.025243954179041152,0.013788714467543487,0.008909630886720407,0.007424692405600339,0.9361975206552949,0.023764607383182274,0.0,0.0,0.0,0.0,0.0,0.0,0.0,0.0,0.0,0.0,0.0,0.0,0.0,0.0,0.0,0.0,0.0,0.0,0.0,0.0,0.0,0.0,0.0,0.0,0.00636402206194315,0.08273228680526094,1.8837505303351723,11.588884174798476,13.402630462452272,3.0356385235468824,4.407035175879397,2.887995848428145,nan,nan,nan,4.52456839309429,2.924411947500263,4.287356321839081,2.845452769353641,0.9475724421323238,0.3918,0.01302,0.0,0.0,0.0,0.0,0.0,0.0,0.0,0.0,0.0,0.0,0.8400509121764957,21.071277047093734,8.075943996605856,0.0127280441238863,0.0,0.0,0.0,0.0,0.0,0.0,0.0,0.0,0.0,0.0,0.0,0.0,0.0,0.0,0.0,0.0,nan,nan,4.407035175879397,2.887995848428145,nan,0.3918,0.0648,0.0,0.0,0.0,0.0,0.0,0.0,0.0,0.0,0.0,0.0,0.0,0.0,0.0,0.0,0.0,0.0,0.0,0.0,0.0010712770470937632,0.0,0.000731862537123462,0.003330504879083581,0.014319049639372083,0.002184980907933814,0.0025350021213406872,0.005717013152312262,0.008909630886720407,0.010893084429359354,0.01584641493423844,0.014255409418752652,0.013056851930420025,0.015379719983029274,0.026124310564276623,0.02415146372507425,0.06609036911327959,0.05146372507424692,0.06659949087823505,0.06981332201951633,0.06850869749681798,0.03404751803139584,0.06300381841323717,0.0817988969028426,0.044548154433602036,0.06493423843869325,0.024872719558761136,0.042617734408145945,0.026453118370810352,0.018763258379295714,0.03226559185405176,0.025201527365294865,0.015750954603309292,0.013322019516334323,0.02859567246499788,0.00013788714467543488,0.0013152312261349173,0.0013152312261349173,7.42469240560034e-05,0.0,0.0,0.0,0.0,0.0,0.0,0.0,0.0,0.0,0.0,0.0,0.0,0.0,0.0,0.0,0.0,0.0,0.0,0.0,0.0,0.0,0.0,0.0,0.0,0.0,0.0,0.0,0.0,0.0,0.0,0.0,0.0,0.0,0.0,0.0,0.0,0.0,0.0,0.0,0.0,0.0,0.0,0.0,0.0,nan,nan,4.407035175879397,2.887995848428145,nan,0.9362845768853176,0.023819293700570728,0.0,0.0,0.0,0.0,0.0,0.0,0.0,0.0,0.0,0.0,0.0,0.0,0.0,0.0,0.0,0.0,0.0,0.0,0.0,0.0,0.0,0.0,0.0,0.0,0.0,0.08508914100486226,1.896272285251216,11.438411669367913,13.529173419773098,3.0510534846029183,0.9361018595797402,0.023704001567715797,0.0,0.0,0.0,0.0,0.0,0.0,0.0,0.0,0.0,0.0,0.0,0.0,0.0,0.0,0.0,0.0,0.0,0.0,0.0,0.0,0.0,0.0,0.0,0.0,0.013357079252003565,0.08014247551202139,1.869991095280499,11.754229741763139,13.26357969723954,3.018699910952806,0.392,0.01294,0.0,0.0,0.0,0.0,0.0,0.0,0.0,0.0,0.0,0.0,0.8144246353322531,20.77390599675848,8.399513776337116,0.012155591572123179,0.0,0.0,0.0,0.0,0.0,0.0,0.0,0.0,0.0,0.0,0.0,0.0,0.0,0.0,0.0,0.0,0.3914,0.01311,0.0,0.0,0.0,0.0,0.0,0.0,0.0,0.0,0.0,0.0,0.8682101513802317,21.398040961709675,7.720391807658061,0.013357079252003565,0.0,0.0,0.0,0.0,0.0,0.0,0.0,0.0,0.0,0.0,0.0,0.0,0.0,0.0,0.0,0.0
61200,4811,2434,0.5059239243400541,1124,992,0.4398254001247142,1345,0.5591353149033464,0.4280000000000001,2.987379049221708,3.1478516270621384,6.708396946564886,2.1526847490268906,9487.134275618375,1614.8866460208778,7853.0,11083.0,11083.0,0.0,7853.0,0.0,27.66472666805238,20.884804476368057,32.83362478141394,19.0915801389501,0.14508418208272708,0.10039492828933694,0.09395136146331325,0.0914570775306589,0.07316566202452712,0.07586780295156932,0.06589066722095198,0.061525670338806904,0.060902099355643315,0.05570567449594679,0.04302639783828726,0.03762211598420287,0.033464976096445644,0.026189981292870507,0.019746414466846808,0.010392849719393058,0.005612138848472251,0.9359654421817238,0.023269025346384076,0.0,0.0,0.0,0.0,0.0,0.0,0.0,0.0,0.0,0.0,0.0,0.0,0.0,0.0,0.0,0.0,0.0,0.0,0.0,0.0,0.0,0.0,0.0,0.0,0.0,0.031178549158179178,1.75223446268967,11.704427353980465,13.718561629598838,2.793598004572855,4.410450213604995,2.8807124125262833,nan,nan,nan,4.452554744525547,2.8718894386332083,4.369140625,2.888746266227146,0.9812660092213116,0.3914,0.01278,0.0,0.0,0.0,0.0,0.0,0.0,0.0,0.0,0.0,0.0,0.8667636665973812,21.66285595510286,7.464144668468095,0.0062357098316358365,0.0,0.0,0.0,0.0,0.0,0.0,0.0,0.0,0.0,0.0,0.0,0.0,0.0,0.0,0.0,0.0,nan,nan,4.410450213604995,2.8807124125262833,nan,0.3914,0.0649,0.0,0.0,0.0,0.0,0.0,0.0,0.0,0.0,0.0,0.0,0.0,0.0,0.0,0.0,0.0,0.0,0.0,0.0,0.0007067137809187279,0.0,0.0009353564747453752,0.0032737476616088133,0.013687383080440657,0.0020889627935980048,0.002546248181251299,0.0076075659945957184,0.008023279983371441,0.011026813552276034,0.016732488048222822,0.013593847432966119,0.014362918312201206,0.01607773851590106,0.02607565994595718,0.02393473290376221,0.06667013094990647,0.05258781958012887,0.06262731240906257,0.06990230721263771,0.07011016420702557,0.03523176054874246,0.06583870297235501,0.08066929952192892,0.04349407607565994,0.06303263354811889,0.023778840157971316,0.04048014965703596,0.027011016420702555,0.018374558303886925,0.033828725836624406,0.025919767200166286,0.01567241737684473,0.013510704635210974,0.027790480149657036,7.27499480357514e-05,0.0015381417584701725,0.001112034919975057,7.27499480357514e-05,0.0,0.0,0.0,0.0,0.0,0.0,0.0,0.0,0.0,0.0,0.0,0.0,0.0,0.0,0.0,0.0,0.0,0.0,0.0,0.0,0.0,0.0,0.0,0.0,0.0,0.0,0.0,0.0,0.0,0.0,0.0,0.0,0.0,0.0,0.0,0.0,0.0,0.0,0.0,0.0,0.0,0.0,0.0,0.0,nan,nan,4.410450213604995,2.8807124125262833,nan,0.9356306794978795,0.023353888293997607,0.0,0.0,0.0,0.0,0.0,0.0,0.0,0.0,0.0,0.0,0.0,0.0,0.0,0.0,0.0,0.0,0.0,0.0,0.0,0.0,0.0,0.0,0.0,0.0,0.0,0.03697617091207889,1.8981101068200497,11.721446179129009,13.570254724732953,2.773212818405917,0.936308232409943,0.023176795436022225,0.0,0.0,0.0,0.0,0.0,0.0,0.0,0.0,0.0,0.0,0.0,0.0,0.0,0.0,0.0,0.0,0.0,0.0,0.0,0.0,0.0,0.0,0.0,0.0,0.0,0.025241901556583936,1.60286074884308,11.687000420698363,13.870424905342873,2.8144720235591087,0.3914,0.01287,0.0,0.0,0.0,0.0,0.0,0.0,0.0,0.0,0.0,0.0,0.912078882497946,21.680361544782222,7.395234182415778,0.012325390304026297,0.0,0.0,0.0,0.0,0.0,0.0,0.0,0.0,0.0,0.0,0.0,0.0,0.0,0.0,0.0,0.0,0.3916,0.01269,0.0,0.0,0.0,0.0,0.0,0.0,0.0,0.0,0.0,0.0,0.8203618005889779,21.644930584770687,7.534707614640304,0.0,0.0,0.0,0.0,0.0,0.0,0.0,0.0,0.0,0.0,0.0,0.0,0.0,0.0,0.0,0.0,0.0
61300,4961,2543,0.5125982664785326,1197,1040,0.45091715379963715,1418,0.5716589397298931,0.38800000000000007,2.945409429280397,3.047514142745472,6.472182596291013,2.1394693039313712,9508.69240072566,1614.487264899659,7853.0,11083.0,11083.0,0.0,7853.0,0.0,27.997782705099777,20.75972376847315,32.92877697841727,18.963715490874844,0.13868171739568635,0.10078613182826043,0.08969965732715178,0.087079217899617,0.08224148357186051,0.07659746018947793,0.06107639588792582,0.06611570247933884,0.060068534569643214,0.05644023382382584,0.04555533158637372,0.0435396089498085,0.034872001612578106,0.023987099375125984,0.018141503729086877,0.009675468655513001,0.005442451118726063,0.9347551511531154,0.02348182283177866,0.0,0.0,0.0,0.0,0.0,0.0,0.0,0.0,0.0,0.0,0.0,0.0,0.0,0.0,0.0,0.0,0.0,0.0,0.0,0.0,0.0,0.0,0.0,0.0,0.0,0.06047167909695627,2.025801249748035,12.203184841765776,13.037694013303772,2.6728482160854674,4.190062111801242,2.8375084199715084,nan,nan,nan,4.123143564356436,2.856780889164622,4.25577043044292,2.816395953277598,1.0321664438834994,0.3918,0.01285,0.0,0.0,0.0,0.0,0.0,0.0,0.0,0.0,0.0,0.0,0.7982261640798228,21.18322918766375,7.994355976617619,0.024188671638782508,0.0,0.0,0.0,0.0,0.0,0.0,0.0,0.0,0.0,0.0,0.0,0.0,0.0,0.0,0.0,0.0,nan,nan,4.190062111801242,2.8375084199715084,nan,0.3918,0.065,0.0,0.0,0.0,0.0,0.0,0.0,0.0,0.0,0.0,0.0,0.0,0.0,0.0,0.0,0.0,0.0,0.0,0.0,0.0007760532150776053,5.0393065914130216e-05,0.0007055029227978231,0.0022475307397702075,0.013747228381374724,0.0021870590606732515,0.0026405966539004232,0.00835517032856279,0.00792178996170127,0.01148961902842169,0.01630719612981254,0.012457165893972989,0.013837935900020156,0.01806087482362427,0.02593227171941141,0.025639991937109453,0.0661761741584358,0.05140092723241282,0.06097560975609756,0.06924007256601492,0.07057044950614795,0.03685748840959484,0.06344486998588994,0.08116307196129813,0.042289860915138075,0.06266881677081233,0.02363434791372707,0.04011288046764765,0.026960290264059664,0.019633138480145133,0.035517032856278975,0.025972586172142712,0.016035073573876235,0.01372707115500907,0.029086877645635962,6.047167909695626e-05,0.0013303769401330377,0.0006349526305180407,8.062890546260835e-05,7.055029227978231e-05,0.0,0.0,0.0,0.0,0.0,0.0,0.0,0.0,0.0,0.0,0.0,0.0,0.0,0.0,0.0,0.0,0.0,0.0,0.0,0.0,0.0,0.0,0.0,0.0,0.0,0.0,0.0,0.0,0.0,0.0,0.0,0.0,0.0,0.0,0.0,0.0,0.0,0.0,0.0,0.0,0.0,0.0,0.0,nan,nan,4.190062111801242,2.8375084199715084,nan,0.9346663200428671,0.023422434422436435,0.0,0.0,0.0,0.0,0.0,0.0,0.0,0.0,0.0,0.0,0.0,0.0,0.0,0.0,0.0,0.0,0.0,0.0,0.0,0.0,0.0,0.0,0.0,0.0,0.0,0.04718836020448291,2.099882029099489,12.02123476209202,13.236335037357454,2.59535981124656,0.9348485744423468,0.023543758146164807,0.0,0.0,0.0,0.0,0.0,0.0,0.0,0.0,0.0,0.0,0.0,0.0,0.0,0.0,0.0,0.0,0.0,0.0,0.0,0.0,0.0,0.0,0.0,0.0,0.0,0.07444168734491316,1.947890818858561,12.394540942928042,12.828784119106702,2.7543424317617875,0.3918,0.012955,0.0,0.0,0.0,0.0,0.0,0.0,0.0,0.0,0.0,0.0,0.8493904836806923,21.04600865119934,8.081006685017696,0.023594180102241454,0.0,0.0,0.0,0.0,0.0,0.0,0.0,0.0,0.0,0.0,0.0,0.0,0.0,0.0,0.0,0.0,0.3918,0.012726,0.0,0.0,0.0,0.0,0.0,0.0,0.0,0.0,0.0,0.0,0.7444168734491317,21.32754342431759,7.903225806451615,0.024813895781637722,0.0,0.0,0.0,0.0,0.0,0.0,0.0,0.0,0.0,0.0,0.0,0.0,0.0,0.0,0.0,0.0
61400,4798,2422,0.5047936640266778,1121,992,0.4403918299291371,1366,0.5694039182992914,0.4160000000000001,2.957070707070707,3.0964858171604677,6.543283582089552,2.089149214864572,9483.48353480617,1614.9257754305322,7853.0,11083.0,11083.0,0.0,7853.0,0.0,28.125468945393916,21.149197407924213,33.23642252117588,19.34384948663233,0.14485202167569822,0.09337223843268028,0.09399749895789912,0.08941225510629429,0.0850354314297624,0.066902876198416,0.06544393497290538,0.06294289287203002,0.06127553147144644,0.0500208420175073,0.046269278866194245,0.03751563151313047,0.03418090871196332,0.03042934556065027,0.01896623593163818,0.012296790329303876,0.0070862859524802,0.9350829759504756,0.023391284421088347,0.0,0.0,0.0,0.0,0.0,0.0,0.0,0.0,0.0,0.0,0.0,0.0,0.0,0.0,0.0,0.0,0.0,0.0,0.0,0.0,0.0,0.0,0.0,0.0,0.0,0.037515631513130476,1.9508128386827848,12.37390579408087,12.92413505627345,2.7136306794497713,4.344771770799611,2.8487170366620713,nan,nan,nan,4.3628719275549805,2.8979437828555232,4.3266364225534675,2.7984088668424985,0.991694575132344,0.3909,0.01264,0.0,0.0,0.0,0.0,0.0,0.0,0.0,0.0,0.0,0.0,0.7440600250104212,22.334305960816973,6.902876198416008,0.018757815756565238,0.0,0.0,0.0,0.0,0.0,0.0,0.0,0.0,0.0,0.0,0.0,0.0,0.0,0.0,0.0,0.0,nan,nan,4.344771770799611,2.8487170366620713,nan,0.3909,0.0648,0.0,0.0,0.0,0.0,0.0,0.0,0.0,0.0,0.0,0.0,0.0,0.0,0.0,0.0,0.0,0.0,0.0,0.0,0.0006252605252188412,5.2105043768236766e-05,0.0004897874114214256,0.002177990829512297,0.014318466027511464,0.0013651521467278032,0.0022926219258024177,0.009431012922050855,0.008555648186744477,0.010379324718632763,0.017100875364735306,0.013839099624843684,0.015256356815339725,0.01681950812838683,0.027396832013338892,0.02791788245102126,0.06567319716548561,0.0519591496456857,0.06382867861609004,0.0690808670279283,0.07085243851604835,0.034827011254689455,0.061046269278866194,0.08283659858274281,0.04070446019174656,0.06369320550229263,0.024635264693622344,0.03819299708211755,0.02627136306794498,0.019226761150479367,0.03328470195914965,0.026979991663192995,0.016423509795748227,0.013474364318466027,0.02657357232180075,6.252605252188412e-05,0.0015527303042934557,0.0005418924551896623,0.00014589412255106295,0.00010421008753647353,1.0421008753647352e-05,0.0,0.0,0.0,0.0,0.0,0.0,0.0,0.0,0.0,0.0,0.0,0.0,0.0,0.0,0.0,0.0,0.0,0.0,0.0,0.0,0.0,0.0,0.0,0.0,0.0,0.0,0.0,0.0,0.0,0.0,0.0,0.0,0.0,0.0,0.0,0.0,0.0,0.0,0.0,0.0,0.0,0.0,nan,nan,4.344771770799611,2.8487170366620713,nan,0.9351175034666337,0.0237189635932629,0.0,0.0,0.0,0.0,0.0,0.0,0.0,0.0,0.0,0.0,0.0,0.0,0.0,0.0,0.0,0.0,0.0,0.0,0.0,0.0,0.0,0.0,0.0,0.0,0.0,0.04954582989265072,2.0933113129644925,12.02725020644096,13.142031379025601,2.6878612716763013,0.9350477799723044,0.02305241463322178,0.0,0.0,0.0,0.0,0.0,0.0,0.0,0.0,0.0,0.0,0.0,0.0,0.0,0.0,0.0,0.0,0.0,0.0,0.0,0.0,0.0,0.0,0.0,0.0,0.0,0.02525252525252526,1.805555555555556,12.72727272727273,12.702020202020204,2.7398989898989905,0.3909,0.01267,0.0,0.0,0.0,0.0,0.0,0.0,0.0,0.0,0.0,0.0,0.7184145334434353,22.36994219653176,6.886870355078449,0.02477291494632536,0.0,0.0,0.0,0.0,0.0,0.0,0.0,0.0,0.0,0.0,0.0,0.0,0.0,0.0,0.0,0.0,0.3909,0.0126,0.0,0.0,0.0,0.0,0.0,0.0,0.0,0.0,0.0,0.0,0.7702020202020204,22.297979797979764,6.9191919191919204,0.01262626262626263,0.0,0.0,0.0,0.0,0.0,0.0,0.0,0.0,0.0,0.0,0.0,0.0,0.0,0.0,0.0,0.0
61500,4859,2550,0.5247993414282774,1194,984,0.4482403786787405,1360,0.5597859641901626,0.4040000000000001,3.032048505846687,3.1114444173578306,6.600301659125188,2.1613218469715108,9548.101872813337,1613.0123031061469,7853.0,11083.0,11083.0,0.0,7853.0,0.0,28.374356863552173,21.16608849296523,33.32461500855536,19.403478227133352,0.14035809837415106,0.09734513274336283,0.09137682650751183,0.08602593126157645,0.07717637373945256,0.07594155175962132,0.07079646017699115,0.06256431364478288,0.0572134183988475,0.04877546820333402,0.04733484256019757,0.045071002263840296,0.034780819098579954,0.024902243259930026,0.02016875900391027,0.013377238114838444,0.006791520889071825,0.9351449151126463,0.023361181985407087,0.0,0.0,0.0,0.0,0.0,0.0,0.0,0.0,0.0,0.0,0.0,0.0,0.0,0.0,0.0,0.0,0.0,0.0,0.0,0.0,0.0,0.0,0.0,0.0,0.0,0.03087054949578103,2.0745009261164853,11.946902654867259,13.249639843589218,2.6980860259312625,4.263590391908976,2.9200344202651918,nan,nan,nan,4.284433055733504,2.981010981579265,4.245942571785268,2.858185632584068,0.9910162013392351,0.3914,0.01294,0.0,0.0,0.0,0.0,0.0,0.0,0.0,0.0,0.0,0.0,0.8458530561844003,21.603210537147532,7.532414076970571,0.018522329697468618,0.0,0.0,0.0,0.0,0.0,0.0,0.0,0.0,0.0,0.0,0.0,0.0,0.0,0.0,0.0,0.0,nan,nan,4.263590391908976,2.9200344202651918,nan,0.3914,0.0654,0.0,0.0,0.0,0.0,0.0,0.0,0.0,0.0,0.0,0.0,0.0,0.0,0.0,0.0,0.0,0.0,0.0,0.0,0.0006585717225766619,2.0580366330520683e-05,0.000452768059271455,0.0025519654249845647,0.01448857789668656,0.0012554023461617617,0.0032311175138917472,0.008973039720107018,0.008623173492488166,0.00963161144268368,0.016443712698086026,0.014653220827330726,0.015527886396377855,0.018223914385676065,0.028225972422309117,0.027824655278863963,0.06426219386705083,0.04813747684708788,0.06168964807573575,0.06963366947931673,0.07217534472113604,0.03554229265280922,0.058324758180695616,0.07803045894216917,0.04280716196748302,0.06653632434657338,0.026137065239761267,0.03672566371681416,0.025231529121218357,0.019736571310969335,0.0344309528709611,0.029049187075529944,0.016752418193043836,0.013922617822597242,0.027268985387939905,7.203128215682239e-05,0.0016361391232763943,0.0007511833710640049,0.00015435274747890512,0.00020580366330520683,0.0,0.0,0.0,0.0,0.0,0.0,0.0,0.0,0.0,0.0,0.0,0.0,0.0,0.0,0.0,0.0,0.0,0.0,0.0,0.0,0.0,0.0,0.0,0.0,0.0,0.0,0.0,0.0,0.0,0.0,0.0,0.0,0.0,0.0,0.0,0.0,0.0,0.0,0.0,0.0,0.0,0.0,0.0,nan,nan,4.263590391908976,2.9200344202651918,nan,0.9348153760386448,0.023202330451960185,0.0,0.0,0.0,0.0,0.0,0.0,0.0,0.0,0.0,0.0,0.0,0.0,0.0,0.0,0.0,0.0,0.0,0.0,0.0,0.0,0.0,0.0,0.0,0.0,0.0,0.03529411764705883,2.1529411764705886,11.941176470588237,13.305882352941179,2.564705882352942,0.9355088495598979,0.02353000538107397,0.0,0.0,0.0,0.0,0.0,0.0,0.0,0.0,0.0,0.0,0.0,0.0,0.0,0.0,0.0,0.0,0.0,0.0,0.0,0.0,0.0,0.0,0.0,0.0,0.0,0.025985275010827202,1.987873538328281,11.953226504980513,13.187527067994806,2.845387613685579,0.3914,0.01264,0.0,0.0,0.0,0.0,0.0,0.0,0.0,0.0,0.0,0.0,0.7294117647058825,21.68235294117644,7.564705882352943,0.02352941176470589,0.0,0.0,0.0,0.0,0.0,0.0,0.0,0.0,0.0,0.0,0.0,0.0,0.0,0.0,0.0,0.0,0.3914,0.013245,0.0,0.0,0.0,0.0,0.0,0.0,0.0,0.0,0.0,0.0,0.9744478129060201,21.51580770896489,7.496751840623648,0.012992637505413601,0.0,0.0,0.0,0.0,0.0,0.0,0.0,0.0,0.0,0.0,0.0,0.0,0.0,0.0,0.0,0.0
61600,4611,2379,0.5159401431359791,1140,942,0.4515289525048796,1290,0.5595315549772284,0.4320000000000001,2.984318996415771,3.0809312908066278,6.5812101910828025,2.0791879999796072,9519.486662329213,1614.1790865954736,7853.0,11083.0,11083.0,0.0,7853.0,0.0,27.957926697028846,20.923235669629133,33.06671858774663,19.101411693703543,0.1429191064844936,0.09997831273042723,0.08848405985686401,0.08739969637822598,0.08024289741921492,0.07872478854912167,0.06397744523964433,0.0633268271524615,0.05877250054218174,0.05573628280199523,0.04337453914552158,0.03795272175233138,0.038820212535241816,0.027325959661678594,0.0164823248752982,0.009976144003469963,0.006506180871828237,0.9338867012189179,0.02372913984339375,0.0,0.0,0.0,0.0,0.0,0.0,0.0,0.0,0.0,0.0,0.0,0.0,0.0,0.0,0.0,0.0,0.0,0.0,0.0,0.0,0.0,0.0,0.0,0.0,0.0,0.08458035133376711,2.186076772934288,12.504879635653875,12.654521795705923,2.5699414443721538,4.2150033489618215,2.827359386741845,nan,nan,nan,4.2458581842279655,2.825823667423604,4.181571815718157,2.828587459225929,0.9848590400996877,0.3928,0.01284,0.0,0.0,0.0,0.0,0.0,0.0,0.0,0.0,0.0,0.0,0.546519193233572,20.936890045543233,8.503578399479506,0.013012361743656477,0.0,0.0,0.0,0.0,0.0,0.0,0.0,0.0,0.0,0.0,0.0,0.0,0.0,0.0,0.0,0.0,nan,nan,4.2150033489618215,2.827359386741845,nan,0.3928,0.0659,0.0,0.0,0.0,0.0,0.0,0.0,0.0,0.0,0.0,0.0,0.0,0.0,0.0,0.0,0.0,0.0,0.0,0.0,0.00029277813923227067,9.759271307742355e-05,0.00032530904359141186,0.002635003253090436,0.013793103448275862,0.001734981565820863,0.0027109086965950986,0.0076772934287573195,0.008696595098677077,0.009596616785946649,0.017208848405985685,0.013879852526566904,0.01650401214487096,0.017523313814790716,0.027098243331164607,0.029635653871177618,0.0631641726306658,0.0465734114075038,0.06206896551724138,0.07014747343309477,0.07150292778139232,0.03576230752548254,0.059282151377141615,0.07291260030362177,0.042723921058338755,0.06741487746692691,0.02500542181739319,0.035480373021036654,0.025103014530470615,0.02218607677293429,0.034471914985903275,0.029223595749295162,0.017501626545217957,0.015018434179136847,0.03166341357623075,0.00018434179136846672,0.001734981565820863,0.0008132726089785296,0.00033615267837779224,0.00031446540880503143,0.0,0.0,0.0,0.0,0.0,0.0,0.0,0.0,0.0,0.0,0.0,0.0,0.0,0.0,0.0,0.0,0.0,0.0,0.0,0.0,0.0,0.0,0.0,0.0,0.0,0.0,0.0,0.0,0.0,0.0,0.0,0.0,0.0,0.0,0.0,0.0,0.0,0.0,0.0,0.0,0.0,0.0,0.0,nan,nan,4.2150033489618215,2.827359386741845,nan,0.9336144281014919,0.023748719791340914,0.0,0.0,0.0,0.0,0.0,0.0,0.0,0.0,0.0,0.0,0.0,0.0,0.0,0.0,0.0,0.0,0.0,0.0,0.0,0.0,0.0,0.0,0.0,0.0,0.0,0.10088272383354353,2.194199243379572,12.408575031525855,12.786885245901642,2.5094577553593953,0.934176906302411,0.02370480974558732,0.0,0.0,0.0,0.0,0.0,0.0,0.0,0.0,0.0,0.0,0.0,0.0,0.0,0.0,0.0,0.0,0.0,0.0,0.0,0.0,0.0,0.0,0.0,0.0,0.0,0.06720430107526883,2.17741935483871,12.607526881720434,12.513440860215058,2.634408602150538,0.3926,0.012794,0.0,0.0,0.0,0.0,0.0,0.0,0.0,0.0,0.0,0.0,0.5422446406052964,20.85750315258509,8.600252206809586,0.0,0.0,0.0,0.0,0.0,0.0,0.0,0.0,0.0,0.0,0.0,0.0,0.0,0.0,0.0,0.0,0.0,0.3928,0.01288,0.0,0.0,0.0,0.0,0.0,0.0,0.0,0.0,0.0,0.0,0.5510752688172044,21.021505376344056,8.400537634408604,0.026881720430107534,0.0,0.0,0.0,0.0,0.0,0.0,0.0,0.0,0.0,0.0,0.0,0.0,0.0,0.0,0.0,0.0
61700,4848,2559,0.5278465346534653,1225,939,0.44636963696369636,1312,0.5412541254125413,0.4200000000000001,3.0476190476190474,3.1060904618351555,6.505247376311844,2.1040161618366264,9557.944306930693,1612.493417552691,7853.0,11083.0,11083.0,0.0,7853.0,0.0,28.54579207920792,21.17249910301096,33.49106924394421,19.375024876042055,0.13923267326732675,0.095503300330033,0.0886963696369637,0.08745874587458746,0.07900165016501651,0.06848184818481848,0.07178217821782178,0.06992574257425743,0.0591996699669967,0.04909240924092409,0.04455445544554455,0.04476072607260726,0.034653465346534656,0.026196369636963698,0.021245874587458746,0.013407590759075907,0.006600660066006601,0.93369393035917,0.02316769690658594,0.0,0.0,0.0,0.0,0.0,0.0,0.0,0.0,0.0,0.0,0.0,0.0,0.0,0.0,0.0,0.0,0.0,0.0,0.0,0.0,0.0,0.0,0.0,0.0,0.0,0.07425742574257427,2.097772277227723,12.617574257425746,13.00123762376238,2.2091584158415847,4.204444444444444,2.889408011965772,nan,nan,nan,4.22979797979798,2.877370952023995,4.178799489144317,2.901307247424662,0.9879430434036712,0.3928,0.01298,0.0,0.0,0.0,0.0,0.0,0.0,0.0,0.0,0.0,0.0,0.5940594059405941,20.87252475247522,8.496287128712872,0.037128712871287134,0.0,0.0,0.0,0.0,0.0,0.0,0.0,0.0,0.0,0.0,0.0,0.0,0.0,0.0,0.0,0.0,nan,nan,4.204444444444444,2.889408011965772,nan,0.3928,0.06537,0.0,0.0,0.0,0.0,0.0,0.0,0.0,0.0,0.0,0.0,0.0,0.0,0.0,0.0,0.0,0.0,0.0,0.0,0.0001443894389438944,0.00020627062706270627,0.0004022277227722772,0.0022896039603960395,0.012695957095709571,0.0021245874587458745,0.002537128712871287,0.00823019801980198,0.00805486798679868,0.00904496699669967,0.016192244224422444,0.014160478547854785,0.016976072607260726,0.017285478547854786,0.028774752475247526,0.02889851485148515,0.06481023102310231,0.044162541254125415,0.06594471947194719,0.06935849834983498,0.06972978547854786,0.035354785478547854,0.06091171617161716,0.07349422442244224,0.045719884488448846,0.0654806105610561,0.024298679867986797,0.036757425742574255,0.025381600660066006,0.02028671617161716,0.034478135313531354,0.02891914191419142,0.01672854785478548,0.01564562706270627,0.03165222772277228,0.0002268976897689769,0.0013923267326732673,0.0008560231023102311,0.0001547029702970297,0.00023721122112211221,0.0,0.0,0.0,0.0,0.0,0.0,0.0,0.0,0.0,0.0,0.0,0.0,0.0,0.0,0.0,0.0,0.0,0.0,0.0,0.0,0.0,0.0,0.0,0.0,0.0,0.0,0.0,0.0,0.0,0.0,0.0,0.0,0.0,0.0,0.0,0.0,0.0,0.0,0.0,0.0,0.0,0.0,0.0,nan,nan,4.204444444444444,2.889408011965772,nan,0.9339014862421295,0.023379762411569725,0.0,0.0,0.0,0.0,0.0,0.0,0.0,0.0,0.0,0.0,0.0,0.0,0.0,0.0,0.0,0.0,0.0,0.0,0.0,0.0,0.0,0.0,0.0,0.0,0.0,0.0937866354044549,2.1570926143024622,12.532239155920283,12.930832356389217,2.2860492379835877,0.9334618921309071,0.02292607065507954,0.0,0.0,0.0,0.0,0.0,0.0,0.0,0.0,0.0,0.0,0.0,0.0,0.0,0.0,0.0,0.0,0.0,0.0,0.0,0.0,0.0,0.0,0.0,0.0,0.0,0.052424639580602894,2.0314547837483623,12.712975098296202,13.079947575360423,2.1231979030144172,0.3926,0.01277,0.0,0.0,0.0,0.0,0.0,0.0,0.0,0.0,0.0,0.0,0.5158264947245018,21.1606096131301,8.300117233294257,0.023446658851113723,0.0,0.0,0.0,0.0,0.0,0.0,0.0,0.0,0.0,0.0,0.0,0.0,0.0,0.0,0.0,0.0,0.3928,0.01321,0.0,0.0,0.0,0.0,0.0,0.0,0.0,0.0,0.0,0.0,0.6815203145478377,20.550458715596303,8.71559633027523,0.052424639580602894,0.0,0.0,0.0,0.0,0.0,0.0,0.0,0.0,0.0,0.0,0.0,0.0,0.0,0.0,0.0,0.0
61800,4809,2497,0.5192347681430651,1157,993,0.44707839467664795,1352,0.562279060095654,0.4160000000000001,2.9749134948096887,3.0686032139327453,6.536923076923077,2.122992751954672,9530.1283011021,1613.8045340753526,7853.0,11083.0,11083.0,0.0,7853.0,0.0,28.228113953004783,21.005949107298886,33.296103251427155,19.175534000382186,0.14077770846329798,0.09669369931378664,0.09503015179871076,0.08276148887502599,0.07777084632979829,0.07215637346641714,0.06966105219380328,0.06820544811811187,0.06030359742150135,0.050946142649199416,0.046371386982740695,0.040133083801206074,0.036805988771054274,0.027864420877521313,0.016635475150758992,0.010813058847993346,0.007070076939072572,0.9338829785951038,0.02327492333158807,0.0,0.0,0.0,0.0,0.0,0.0,0.0,0.0,0.0,0.0,0.0,0.0,0.0,0.0,0.0,0.0,0.0,0.0,0.0,0.0,0.0,0.0,0.0,0.0,0.0,0.01871490954460387,2.2520274485339993,12.383031815346229,12.838427947598257,2.507797878976919,4.275306254029658,2.867866417429528,nan,nan,nan,4.270725388601036,2.8802567157152463,4.28131021194605,2.8558592405849494,1.002478460304019,0.393,0.01308,0.0,0.0,0.0,0.0,0.0,0.0,0.0,0.0,0.0,0.0,0.6238303181534623,20.24329382407982,9.107922645040551,0.024953212726138495,0.0,0.0,0.0,0.0,0.0,0.0,0.0,0.0,0.0,0.0,0.0,0.0,0.0,0.0,0.0,0.0,nan,nan,4.275306254029658,2.867866417429528,nan,0.393,0.0654,0.0,0.0,0.0,0.0,0.0,0.0,0.0,0.0,0.0,0.0,0.0,0.0,0.0,0.0,0.0,0.0,0.0,0.0,0.0001767519234768143,0.0001455604075691412,0.00030151798710750674,0.001819505094614265,0.011998336452484925,0.002245789145352464,0.002297775005198586,0.008733624454148471,0.008099396964025785,0.00967976710334789,0.016635475150758992,0.01429611145768351,0.01700977334165107,0.01731129132875858,0.030276564774381367,0.026242462050322313,0.06550218340611354,0.04174464545643585,0.06510709087128301,0.07016011644832605,0.06920357662715741,0.035433562071116656,0.060074859638178414,0.072613849033063,0.0458619255562487,0.06584529008109793,0.02561863173216885,0.036452484924100644,0.026637554585152837,0.022135579122478686,0.03565190268247037,0.02744853399875234,0.017186525265127886,0.016687461010605115,0.03056768558951965,0.0001039717196922437,0.0012476606363069245,0.0010501143688916616,0.00019754626741526305,0.00019754626741526305,0.0,0.0,0.0,0.0,0.0,0.0,0.0,0.0,0.0,0.0,0.0,0.0,0.0,0.0,0.0,0.0,0.0,0.0,0.0,0.0,0.0,0.0,0.0,0.0,0.0,0.0,0.0,0.0,0.0,0.0,0.0,0.0,0.0,0.0,0.0,0.0,0.0,0.0,0.0,0.0,0.0,0.0,0.0,nan,nan,4.275306254029658,2.867866417429528,nan,0.9337455619083292,0.023657640082808594,0.0,0.0,0.0,0.0,0.0,0.0,0.0,0.0,0.0,0.0,0.0,0.0,0.0,0.0,0.0,0.0,0.0,0.0,0.0,0.0,0.0,0.0,0.0,0.0,0.0,0.03604325190228275,2.390869042851422,12.038446135362438,13.035642771325593,2.4989987985582705,0.9340313909942716,0.02285345698794049,0.0,0.0,0.0,0.0,0.0,0.0,0.0,0.0,0.0,0.0,0.0,0.0,0.0,0.0,0.0,0.0,0.0,0.0,0.0,0.0,0.0,0.0,0.0,0.0,0.0,0.0,2.1020761245674744,12.755190311418689,12.62543252595156,2.5173010380622842,0.3933,0.013016,0.0,0.0,0.0,0.0,0.0,0.0,0.0,0.0,0.0,0.0,0.6367641169403285,20.196235482579066,9.130957148578295,0.03604325190228275,0.0,0.0,0.0,0.0,0.0,0.0,0.0,0.0,0.0,0.0,0.0,0.0,0.0,0.0,0.0,0.0,0.393,0.013145,0.0,0.0,0.0,0.0,0.0,0.0,0.0,0.0,0.0,0.0,0.6098615916955018,20.294117647058794,9.083044982698963,0.012975778546712806,0.0,0.0,0.0,0.0,0.0,0.0,0.0,0.0,0.0,0.0,0.0,0.0,0.0,0.0,0.0,0.0
61900,4768,2514,0.527265100671141,1175,961,0.44798657718120805,1319,0.5532718120805369,0.4360000000000001,2.9804791481810113,3.1429376812464387,6.653846153846154,2.23292336311888,9556.066275167785,1612.597076512937,7853.0,11083.0,11083.0,0.0,7853.0,0.0,28.12143456375839,21.051324950468434,33.054849164796806,19.31100637295507,0.1394714765100671,0.09962248322147652,0.09186241610738255,0.09165268456375839,0.08074664429530201,0.07088926174496644,0.06795302013422819,0.06166107382550336,0.05432046979865772,0.0539010067114094,0.04844798657718121,0.040268456375838924,0.0350251677852349,0.02726510067114094,0.018666107382550336,0.012164429530201342,0.006082214765100671,0.933863353446726,0.02337847513701981,0.0,0.0,0.0,0.0,0.0,0.0,0.0,0.0,0.0,0.0,0.0,0.0,0.0,0.0,0.0,0.0,0.0,0.0,0.0,0.0,0.0,0.0,0.0,0.0,0.0062919463087248335,0.05033557046979867,2.0574664429530207,12.791526845637588,12.84815436241611,2.2462248322147653,4.195019404915912,2.948095801484987,nan,nan,nan,4.217277486910994,2.9358168982710398,4.173273657289003,2.959881240151744,0.9895658206607072,0.3928,0.01289,0.0,0.0,0.0,0.0,0.0,0.0,0.0,0.0,0.0,0.0,0.5473993288590605,20.870385906040237,8.55075503355705,0.031459731543624164,0.0,0.0,0.0,0.0,0.0,0.0,0.0,0.0,0.0,0.0,0.0,0.0,0.0,0.0,0.0,0.0,nan,nan,4.195019404915912,2.948095801484987,nan,0.3928,0.06537,0.0,0.0,0.0,0.0,0.0,0.0,0.0,0.0,0.0,0.0,0.0,0.0,0.0,0.0,2.0973154362416106e-05,0.0,0.0,0.0,0.00010486577181208053,0.00010486577181208053,0.00023070469798657718,0.002307046979865772,0.012856543624161073,0.0018980704697986576,0.0020658557046979867,0.00884018456375839,0.008966023489932886,0.011283557046979866,0.015813758389261745,0.012185402684563758,0.01691484899328859,0.01847734899328859,0.028838087248322146,0.025367030201342282,0.06361157718120805,0.04319421140939597,0.06716652684563758,0.06824664429530201,0.07051174496644295,0.034469379194630875,0.061944211409395974,0.07159186241610738,0.04709521812080537,0.06703020134228188,0.026090604026845637,0.034448406040268456,0.027778942953020136,0.022126677852348994,0.035549496644295304,0.027600671140939597,0.01808934563758389,0.015750838926174498,0.027684563758389263,5.243288590604027e-05,0.0018875838926174498,0.0013842281879194631,0.00032508389261744967,9.437919463087248e-05,0.0,0.0,0.0,0.0,0.0,0.0,0.0,0.0,0.0,0.0,0.0,0.0,0.0,0.0,0.0,0.0,0.0,0.0,0.0,0.0,0.0,0.0,0.0,0.0,0.0,0.0,0.0,0.0,0.0,0.0,0.0,0.0,0.0,0.0,0.0,0.0,0.0,0.0,0.0,0.0,0.0,0.0,0.0,nan,nan,4.195019404915912,2.948095801484987,nan,0.9339658706882404,0.02356202352783237,0.0,0.0,0.0,0.0,0.0,0.0,0.0,0.0,0.0,0.0,0.0,0.0,0.0,0.0,0.0,0.0,0.0,0.0,0.0,0.0,0.0,0.0,0.0,0.0,0.011933174224343679,0.07159904534606207,2.0525059665871126,12.625298329355612,12.935560859188547,2.3031026252983295,0.9337490107913724,0.023171504214322607,0.0,0.0,0.0,0.0,0.0,0.0,0.0,0.0,0.0,0.0,0.0,0.0,0.0,0.0,0.0,0.0,0.0,0.0,0.0,0.0,0.0,0.0,0.0,0.0,0.0,0.02661934338952973,2.062999112688554,12.976929902395744,12.750665483584742,2.182786157941438,0.393,0.0129,0.0,0.0,0.0,0.0,0.0,0.0,0.0,0.0,0.0,0.0,0.5727923627684965,20.751789976133622,8.651551312649167,0.023866348448687357,0.0,0.0,0.0,0.0,0.0,0.0,0.0,0.0,0.0,0.0,0.0,0.0,0.0,0.0,0.0,0.0,0.3928,0.012886,0.0,0.0,0.0,0.0,0.0,0.0,0.0,0.0,0.0,0.0,0.5190771960958297,21.002661934338924,8.438331854480925,0.03992901508429459,0.0,0.0,0.0,0.0,0.0,0.0,0.0,0.0,0.0,0.0,0.0,0.0,0.0,0.0,0.0,0.0
62000,4932,2565,0.5200729927007299,1230,1011,0.4543795620437956,1386,0.5620437956204379,0.4120000000000001,2.9450781580059147,3.054003457585491,6.433681073025335,2.1168540923996466,9532.835766423357,1613.698027324907,7853.0,11083.0,11083.0,0.0,7853.0,0.0,28.517842660178427,21.258753408450996,33.597101449275364,19.419734255517646,0.14091646390916465,0.09529602595296026,0.08495539334955393,0.09022708840227088,0.08454987834549878,0.06934306569343066,0.06711273317112733,0.06630170316301703,0.05961070559610705,0.051094890510948905,0.04764801297648013,0.037915652879156526,0.03446877534468775,0.029197080291970802,0.020478507704785077,0.013990267639902677,0.006893755068937551,0.9340849962064336,0.02314743208606023,0.0,0.0,0.0,0.0,0.0,0.0,0.0,0.0,0.0,0.0,0.0,0.0,0.0,0.0,0.0,0.0,0.0,0.0,0.0,0.0,0.0,0.0,0.0,0.0,0.0,0.042579075425790765,2.0377128953771293,12.323600973236013,13.21167883211679,2.3844282238442824,4.2267119062307215,2.8698031511119617,nan,nan,nan,4.220915841584159,2.8582576484628825,4.232472324723247,2.8812202576292765,1.002737908921385,0.3933,0.0127,0.0,0.0,0.0,0.0,0.0,0.0,0.0,0.0,0.0,0.0,0.5474452554744527,20.53527980535277,8.886861313868614,0.030413625304136258,0.0,0.0,0.0,0.0,0.0,0.0,0.0,0.0,0.0,0.0,0.0,0.0,0.0,0.0,0.0,0.0,nan,nan,4.2267119062307215,2.8698031511119617,nan,0.3933,0.0649,0.0,0.0,0.0,0.0,0.0,0.0,0.0,0.0,0.0,0.0,0.0,0.0,0.0,0.0,0.0,0.0,0.0,0.0,0.00010137875101378751,8.110300081103001e-05,0.00020275750202757503,0.0020072992700729928,0.01160786699107867,0.0017842660178426601,0.002281021897810219,0.008972019464720194,0.008424574209245743,0.010148012976480129,0.016686942416869424,0.011557177615571776,0.017903487429034873,0.018633414436334143,0.02873073803730738,0.027463503649635037,0.06568329278183292,0.040318329278183296,0.0678933495539335,0.0660279805352798,0.06957623682076237,0.03336374695863747,0.061658556366585564,0.07365166261151662,0.04824614760746147,0.06692011354420113,0.027656123276561233,0.03351581508515815,0.027909570154095703,0.02435117599351176,0.035604217356042175,0.028193430656934308,0.018379967558799677,0.013990267639902677,0.026246958637469585,8.110300081103001e-05,0.002281021897810219,0.0015308191403081914,0.0002939983779399838,3.0413625304136255e-05,0.0,0.0,1.0137875101378751e-05,0.0,0.0,0.0,0.0,0.0,0.0,0.0,0.0,0.0,0.0,0.0,0.0,0.0,0.0,0.0,0.0,0.0,0.0,0.0,0.0,0.0,0.0,0.0,0.0,0.0,0.0,0.0,0.0,0.0,0.0,0.0,0.0,0.0,0.0,0.0,0.0,0.0,0.0,0.0,0.0,nan,nan,4.2267119062307215,2.8698031511119617,nan,0.9342545279750117,0.023160084480090458,0.0,0.0,0.0,0.0,0.0,0.0,0.0,0.0,0.0,0.0,0.0,0.0,0.0,0.0,0.0,0.0,0.0,0.0,0.0,0.0,0.0,0.0,0.0,0.0,0.0,0.04678362573099416,2.035087719298246,12.152046783625734,13.286549707602342,2.479532163742691,0.9339012830731835,0.02313231083958888,0.0,0.0,0.0,0.0,0.0,0.0,0.0,0.0,0.0,0.0,0.0,0.0,0.0,0.0,0.0,0.0,0.0,0.0,0.0,0.0,0.0,0.0,0.0,0.0,0.0,0.038022813688212934,2.040557667934094,12.509505703422056,13.130544993662868,2.281368821292776,0.3936,0.0127,0.0,0.0,0.0,0.0,0.0,0.0,0.0,0.0,0.0,0.0,0.4678362573099416,20.50292397660816,9.017543859649125,0.01169590643274854,0.0,0.0,0.0,0.0,0.0,0.0,0.0,0.0,0.0,0.0,0.0,0.0,0.0,0.0,0.0,0.0,0.393,0.012695,0.0,0.0,0.0,0.0,0.0,0.0,0.0,0.0,0.0,0.0,0.6337135614702155,20.570342205323165,8.745247148288975,0.05069708491761725,0.0,0.0,0.0,0.0,0.0,0.0,0.0,0.0,0.0,0.0,0.0,0.0,0.0,0.0,0.0,0.0
62100,4794,2522,0.5260742594910305,1187,931,0.44180225281602004,1333,0.5561118064246975,0.4160000000000001,3.0919894366197185,3.111044487419831,6.544428772919605,2.1370037200177214,9552.219858156028,1612.802534562796,7853.0,11083.0,11083.0,0.0,7853.0,0.0,28.765331664580724,21.01155391738273,33.71601581809194,19.116681954792753,0.13600333750521484,0.09407592824363788,0.089904046725073,0.08531497705465164,0.07717980809345015,0.07238214434710054,0.06591572799332499,0.06570713391739674,0.059866499791405924,0.0592407175636212,0.05131414267834793,0.04422194409678765,0.03608677513558615,0.02857738840216938,0.01939924906132666,0.008552357113057988,0.006257822277847309,0.9333236464670314,0.023347532704472592,0.0,0.0,0.0,0.0,0.0,0.0,0.0,0.0,0.0,0.0,0.0,0.0,0.0,0.0,0.0,0.0,0.0,0.0,0.0,0.0,0.0,0.0,0.0,0.0,0.0,0.03754693366708386,2.2027534418022534,12.89111389236546,12.434292866082606,2.4342928660826035,4.257479312539783,2.846189633253377,nan,nan,nan,4.338939197930142,2.8446627198729204,4.178571428571429,2.845445195428332,0.9630398671096346,0.393,0.01277,0.0,0.0,0.0,0.0,0.0,0.0,0.0,0.0,0.0,0.0,0.625782227784731,20.55694618272838,8.804755944931166,0.012515644555694622,0.0,0.0,0.0,0.0,0.0,0.0,0.0,0.0,0.0,0.0,0.0,0.0,0.0,0.0,0.0,0.0,nan,nan,4.257479312539783,2.846189633253377,nan,0.393,0.0648,0.0,0.0,0.0,0.0,0.0,0.0,0.0,0.0,0.0,0.0,0.0,0.0,0.0,0.0,0.0,0.0,0.0,0.0,0.00021902377972465582,5.214851898206091e-05,0.00031289111389236547,0.0016791823112223612,0.012223612849395077,0.0018877763871506048,0.0023988318731748017,0.008948685857321653,0.007238214434710054,0.011274509803921568,0.017292448894451397,0.011264080100125156,0.01663537755527743,0.018147684605757195,0.03040258656654151,0.026793909052982897,0.06628076762619942,0.04210471422611598,0.06878389653733834,0.06613475177304964,0.06739674593241551,0.033114309553608674,0.06183771380892782,0.07384230287859825,0.04823738005840634,0.0642052565707134,0.027023362536503965,0.033917396745932415,0.02792031706299541,0.02600125156445557,0.0380162703379224,0.02972465581977472,0.01783479349186483,0.013412599082186066,0.023383395911556113,3.1289111389236544e-05,0.001950354609929078,0.001606174384647476,0.0003963287442636629,0.0,0.0,0.0,7.300792657488527e-05,0.0,0.0,0.0,0.0,0.0,0.0,0.0,0.0,0.0,0.0,0.0,0.0,0.0,0.0,0.0,0.0,0.0,0.0,0.0,0.0,0.0,0.0,0.0,0.0,0.0,0.0,0.0,0.0,0.0,0.0,0.0,0.0,0.0,0.0,0.0,0.0,0.0,0.0,0.0,0.0,nan,nan,4.257479312539783,2.846189633253377,nan,0.9336383254824887,0.023433463728277426,0.0,0.0,0.0,0.0,0.0,0.0,0.0,0.0,0.0,0.0,0.0,0.0,0.0,0.0,0.0,0.0,0.0,0.0,0.0,0.0,0.0,0.0,0.0,0.0,0.0,0.03568596352101507,2.272006344171293,12.739888977002382,12.371134020618559,2.581284694686757,0.9329743416796268,0.023246786378317078,0.0,0.0,0.0,0.0,0.0,0.0,0.0,0.0,0.0,0.0,0.0,0.0,0.0,0.0,0.0,0.0,0.0,0.0,0.0,0.0,0.0,0.0,0.0,0.0,0.0,0.03961267605633804,2.1258802816901414,13.05897887323944,12.504401408450708,2.2711267605633805,0.393,0.012924,0.0,0.0,0.0,0.0,0.0,0.0,0.0,0.0,0.0,0.0,0.6661379857256148,20.42426645519426,8.897700237906426,0.011895321173671692,0.0,0.0,0.0,0.0,0.0,0.0,0.0,0.0,0.0,0.0,0.0,0.0,0.0,0.0,0.0,0.0,0.3928,0.0126,0.0,0.0,0.0,0.0,0.0,0.0,0.0,0.0,0.0,0.0,0.5809859154929579,20.704225352112648,8.701584507042256,0.01320422535211268,0.0,0.0,0.0,0.0,0.0,0.0,0.0,0.0,0.0,0.0,0.0,0.0,0.0,0.0,0.0,0.0
62200,4851,2474,0.5099979385693671,1172,988,0.4452690166975881,1369,0.5644197072768501,0.4240000000000001,3.0096760622633574,3.1729542715996675,6.7727272727272725,2.122002017431527,9500.293341579056,1614.6771008748647,7853.0,11083.0,11083.0,0.0,7853.0,0.0,27.70933828076685,20.687284820434538,32.72830374753452,18.907517776896952,0.1401772830344259,0.10451453308596166,0.09255823541537828,0.08122036693465265,0.08142650999793857,0.07627293341579056,0.07091321377035663,0.06101834673263245,0.0585446299732014,0.05524634096062667,0.0484436198721913,0.04225932797361369,0.03360131931560503,0.021645021645021644,0.015460729746444033,0.010719439290867862,0.0059781488352916926,0.9331581294966639,0.022990272738388964,0.0,0.0,0.0,0.0,0.0,0.0,0.0,0.0,0.0,0.0,0.0,0.0,0.0,0.0,0.0,0.0,0.0,0.0,0.0,0.0,0.0,0.0,0.0,0.0,0.0,0.06802721088435375,2.1088435374149666,12.968460111317258,12.535559678416824,2.319109461966605,4.465784377017431,2.970854395170307,nan,nan,nan,4.56201044386423,3.0094616903504967,4.3706070287539935,2.9301831195241377,0.9580440646803717,0.393,0.01287,0.0,0.0,0.0,0.0,0.0,0.0,0.0,0.0,0.0,0.0,0.6307977736549166,20.346320346320315,9.010513296227584,0.012368583797155228,0.0,0.0,0.0,0.0,0.0,0.0,0.0,0.0,0.0,0.0,0.0,0.0,0.0,0.0,0.0,0.0,nan,nan,4.465784377017431,2.970854395170307,nan,0.393,0.0648,0.0,0.0,0.0,0.0,0.0,0.0,0.0,0.0,0.0,0.0,0.0,0.0,0.0,0.0,0.0,0.0,0.0,4.1228612657184085e-05,0.00022675736961451248,0.0,0.0003401360544217687,0.0016800659657802515,0.011863533292104721,0.0020923520923520926,0.0021954236239950524,0.007689136260564832,0.006297670583384869,0.012347969490826633,0.017233560090702947,0.011296639868068439,0.017192331478045764,0.019449598021026592,0.030251494537208823,0.027221191506905794,0.06713048855905998,0.04211502782931354,0.06807874665017521,0.0655431869717584,0.06604823747680891,0.0331581117295403,0.06056483199340342,0.07417027417027416,0.05042259327973614,0.06534735106163678,0.026231704803133374,0.03233353947639662,0.028107606679035252,0.024139352710781284,0.03950731807874665,0.02963306534735106,0.018171511028653886,0.013729128014842301,0.02406720263863121,0.00010307153164296021,0.0015357658214801072,0.0016182230467944754,0.0007833436404864976,0.0,0.0,0.0,4.1228612657184085e-05,0.0,0.0,0.0,0.0,0.0,0.0,0.0,0.0,0.0,0.0,0.0,0.0,0.0,0.0,0.0,0.0,0.0,0.0,0.0,0.0,0.0,0.0,0.0,0.0,0.0,0.0,0.0,0.0,0.0,0.0,0.0,0.0,0.0,0.0,0.0,0.0,0.0,0.0,0.0,0.0,nan,nan,4.465784377017431,2.970854395170307,nan,0.9330301979374481,0.02294855800857665,0.0,0.0,0.0,0.0,0.0,0.0,0.0,0.0,0.0,0.0,0.0,0.0,0.0,0.0,0.0,0.0,0.0,0.0,0.0,0.0,0.0,0.0,0.0,0.0,0.0,0.06063055780113178,2.0371867421180276,13.338722716248993,12.259498787388846,2.303961196443008,0.9332912816537946,0.023032854872316894,0.0,0.0,0.0,0.0,0.0,0.0,0.0,0.0,0.0,0.0,0.0,0.0,0.0,0.0,0.0,0.0,0.0,0.0,0.0,0.0,0.0,0.0,0.0,0.0,0.0,0.0757257046697518,2.1834244846445103,12.583087925957091,12.82288599074464,2.3348758939840137,0.393,0.01275,0.0,0.0,0.0,0.0,0.0,0.0,0.0,0.0,0.0,0.0,0.6911883589329023,20.505254648342735,8.803556992724335,0.0,0.0,0.0,0.0,0.0,0.0,0.0,0.0,0.0,0.0,0.0,0.0,0.0,0.0,0.0,0.0,0.0,0.3933,0.012985,0.0,0.0,0.0,0.0,0.0,0.0,0.0,0.0,0.0,0.0,0.5679427850231386,20.180900294488822,9.225915018931428,0.025241901556583936,0.0,0.0,0.0,0.0,0.0,0.0,0.0,0.0,0.0,0.0,0.0,0.0,0.0,0.0,0.0,0.0
62300,4744,2430,0.5122259696458684,1183,951,0.44983136593591905,1364,0.5750421585160203,0.38000000000000006,2.869057908383751,2.9628442782306665,6.2117310443490705,2.052481594186069,9507.489881956155,1614.517125713781,7853.0,11083.0,11083.0,0.0,7853.0,0.0,29.20552276559865,21.025734128380396,33.861728395061725,19.211484270530686,0.1260539629005059,0.09569983136593592,0.08895446880269814,0.08347386172006746,0.08052276559865093,0.07061551433389544,0.07251264755480608,0.06450252951096122,0.06155143338954469,0.056070826306914,0.05354131534569983,0.047639123102866776,0.03435919055649241,0.02740303541315346,0.017495784148397975,0.012225969645868466,0.007377740303541315,0.932118463890649,0.02328434220771874,0.0,0.0,0.0,0.0,0.0,0.0,0.0,0.0,0.0,0.0,0.0,0.0,0.0,0.0,0.0,0.0,0.0,0.0,0.0,0.0,0.0,0.0,0.0,0.0,0.0,0.07588532883642497,2.5421585160202365,13.001686340640813,12.381956155143342,1.998313659359191,4.05239898989899,2.766439713655786,nan,nan,nan,4.013784461152882,2.7017232899573362,4.091603053435114,2.830091974730851,1.0193878353547365,0.3926,0.01255,0.0,0.0,0.0,0.0,0.0,0.0,0.0,0.0,0.0,0.0,0.6070826306913998,21.032883642495754,8.353709949409783,0.006323777403035415,0.0,0.0,0.0,0.0,0.0,0.0,0.0,0.0,0.0,0.0,0.0,0.0,0.0,0.0,0.0,0.0,nan,nan,4.05239898989899,2.766439713655786,nan,0.3926,0.06537,0.0,0.0,0.0,0.0,0.0,0.0,0.0,0.0,0.0,0.0,0.0,0.0,0.0,0.0,0.0,0.0,0.0,6.323777403035413e-05,0.0002529510961214165,0.0,0.0004321247892074199,0.0017179595278246206,0.011920320404721754,0.0016547217537942664,0.0017390387858347387,0.007177487352445194,0.006808600337268128,0.013648819561551433,0.018064924114671164,0.011403878583473862,0.01791736930860034,0.020541736930860033,0.03082841483979764,0.026812816188870152,0.06917158516020236,0.04139966273187184,0.06974072512647554,0.06628372681281619,0.06733768971332209,0.03170320404721754,0.05874789207419899,0.07112141652613828,0.048313659359190554,0.0653035413153457,0.025158094435075884,0.031091905564924114,0.02791947723440135,0.024926222596964587,0.03900716694772344,0.02928962900505902,0.019466694772344015,0.01370151770657673,0.023882799325463742,0.00014755480607082632,0.0021711635750421587,0.0020552276559865092,0.0010645025295109613,1.0539629005059022e-05,0.0,0.0,0.0,0.0,0.0,0.0,0.0,0.0,0.0,0.0,0.0,0.0,0.0,0.0,0.0,0.0,0.0,0.0,0.0,0.0,0.0,0.0,0.0,0.0,0.0,0.0,0.0,0.0,0.0,0.0,0.0,0.0,0.0,0.0,0.0,0.0,0.0,0.0,0.0,0.0,0.0,0.0,0.0,nan,nan,4.05239898989899,2.766439713655786,nan,0.9319178167929866,0.023340096951318837,0.0,0.0,0.0,0.0,0.0,0.0,0.0,0.0,0.0,0.0,0.0,0.0,0.0,0.0,0.0,0.0,0.0,0.0,0.0,0.0,0.0,0.0,0.0,0.0,0.0,0.08641975308641978,2.604938271604939,13.024691358024695,12.333333333333336,1.9506172839506177,0.9323291693562151,0.023223782432266783,0.0,0.0,0.0,0.0,0.0,0.0,0.0,0.0,0.0,0.0,0.0,0.0,0.0,0.0,0.0,0.0,0.0,0.0,0.0,0.0,0.0,0.0,0.0,0.0,0.0,0.0648228176318064,2.4762316335350048,12.977528089887644,12.43301642178047,2.0484010371650827,0.3926,0.01237,0.0,0.0,0.0,0.0,0.0,0.0,0.0,0.0,0.0,0.0,0.6666666666666669,21.111111111111082,8.222222222222223,0.0,0.0,0.0,0.0,0.0,0.0,0.0,0.0,0.0,0.0,0.0,0.0,0.0,0.0,0.0,0.0,0.0,0.3928,0.01275,0.0,0.0,0.0,0.0,0.0,0.0,0.0,0.0,0.0,0.0,0.5445116681071738,20.950734658599796,8.49178910976664,0.012964563526361283,0.0,0.0,0.0,0.0,0.0,0.0,0.0,0.0,0.0,0.0,0.0,0.0,0.0,0.0,0.0,0.0
62400,4411,2279,0.5166628882339606,1128,901,0.459986397642258,1240,0.5622307866696894,0.4080000000000001,2.9681050656660415,3.0658678322697144,6.485148514851486,2.1415912534270447,9521.821128995693,1614.1029354020854,7853.0,11083.0,11083.0,0.0,7853.0,0.0,28.024710949897983,20.784076893201927,33.02837837837838,18.948479367572382,0.14055769666742235,0.09816368170482884,0.08954885513489005,0.08048061664021763,0.08161414645205169,0.07866696894128315,0.07549308546814781,0.06755837678530946,0.06030378598957153,0.05236907730673317,0.04216730900022671,0.03695307186579007,0.032418952618453865,0.02675130355928361,0.01858988891407844,0.012242121967807754,0.006121060983903877,0.9329365314174688,0.023323919876173826,0.0,0.0,0.0,0.0,0.0,0.0,0.0,0.0,0.0,0.0,0.0,0.0,0.0,0.0,0.0,0.0,0.0,0.0,0.0,0.0,0.0,0.0,0.0,0.0,0.0,0.054409430968034474,2.3260031738834734,12.588982090228976,12.840625708456136,2.1899795964633872,4.2062608695652175,2.8650024541668118,nan,nan,nan,4.243661971830986,2.845021963051252,4.168500687757909,2.884493157939121,0.9822885789273533,0.3928,0.012764,0.0,0.0,0.0,0.0,0.0,0.0,0.0,0.0,0.0,0.0,0.5236907730673318,20.661981410111057,8.80752663795058,0.006801178871004309,0.0,0.0,0.0,0.0,0.0,0.0,0.0,0.0,0.0,0.0,0.0,0.0,0.0,0.0,0.0,0.0,nan,nan,4.2062608695652175,2.8650024541668118,nan,0.3928,0.06494,0.0,0.0,0.0,0.0,0.0,0.0,0.0,0.0,0.0,0.0,0.0,0.0,0.0,0.0,0.0,0.0,0.0,3.4005894355021537e-05,5.667649059170256e-05,0.0,0.0005327590115620041,0.0013829063704375426,0.010961233280435275,0.0016096123328043527,0.001836318295171163,0.007685332124234868,0.007651326229879846,0.013352981183405124,0.017093629562457493,0.010870550895488551,0.018306506461119927,0.019304012695533893,0.03050328723645432,0.02722738608025391,0.07087961913398322,0.038868737247789616,0.07212650192700068,0.06308093402856495,0.07154840172296531,0.029970528224892316,0.05774200861482657,0.07261391974608933,0.04895715257311267,0.0692473362049422,0.02451824982997053,0.028020856948537745,0.028417592382679664,0.027556109725685785,0.03625028338245296,0.029766492858762185,0.01993878939016096,0.013885740194967128,0.023078666968941283,0.00012468827930174563,0.0018929947857628656,0.0017116300158694173,0.0013829063704375426,1.1335298118340512e-05,0.0,0.0,0.0,0.0,0.0,0.0,0.0,0.0,0.0,0.0,0.0,0.0,0.0,0.0,0.0,0.0,0.0,0.0,0.0,0.0,0.0,0.0,0.0,0.0,0.0,0.0,0.0,0.0,0.0,0.0,0.0,0.0,0.0,0.0,0.0,0.0,0.0,0.0,0.0,0.0,0.0,0.0,0.0,nan,nan,4.2062608695652175,2.8650024541668118,nan,0.9330047118710865,0.023712598875387847,0.0,0.0,0.0,0.0,0.0,0.0,0.0,0.0,0.0,0.0,0.0,0.0,0.0,0.0,0.0,0.0,0.0,0.0,0.0,0.0,0.0,0.0,0.0,0.0,0.0,0.07898200965335675,2.329969284774024,12.492321193505926,12.795085563843795,2.3036419482229054,0.9328636499663455,0.022900923808529518,0.0,0.0,0.0,0.0,0.0,0.0,0.0,0.0,0.0,0.0,0.0,0.0,0.0,0.0,0.0,0.0,0.0,0.0,0.0,0.0,0.0,0.0,0.0,0.0,0.0,0.02814258911819888,2.3217636022514077,12.692307692307695,12.889305816135089,2.0684803001876175,0.3928,0.01275,0.0,0.0,0.0,0.0,0.0,0.0,0.0,0.0,0.0,0.0,0.5397103992979377,20.693286529179435,8.75383940324704,0.013163668275559459,0.0,0.0,0.0,0.0,0.0,0.0,0.0,0.0,0.0,0.0,0.0,0.0,0.0,0.0,0.0,0.0,0.393,0.01277,0.0,0.0,0.0,0.0,0.0,0.0,0.0,0.0,0.0,0.0,0.5065666041275798,20.628517823639744,8.864915572232647,0.0,0.0,0.0,0.0,0.0,0.0,0.0,0.0,0.0,0.0,0.0,0.0,0.0,0.0,0.0,0.0,0.0
62500,4355,2250,0.5166475315729047,1066,901,0.4516647531572905,1235,0.5671641791044776,0.4240000000000001,2.9957244655581947,3.151062974906125,6.753846153846154,2.114077296112467,9521.771526980483,1614.104588583462,7853.0,11083.0,11083.0,0.0,7853.0,0.0,27.990585533869115,21.034762185683032,32.9805639200657,19.29798331119323,0.14144661308840414,0.10034443168771527,0.09070034443168772,0.09070034443168772,0.08266360505166476,0.07095292766934558,0.06727898966704937,0.059931113662456945,0.06222732491389208,0.05120551090700345,0.045005740528128585,0.03857634902411022,0.035361653272101036,0.02525832376578645,0.02158438576349024,0.009184845005740528,0.007577497129735935,0.9326435617135942,0.023057524593655912,0.0,0.0,0.0,0.0,0.0,0.0,0.0,0.0,0.0,0.0,0.0,0.0,0.0,0.0,0.0,0.0,0.0,0.0,0.0,0.0,0.0,0.0,0.0,0.0,0.0,0.07577497129735937,2.2112514351320325,12.923076923076927,12.675086107921933,2.114810562571757,4.309355067328136,2.9284482255967745,nan,nan,nan,4.349195241427572,2.8959989743008547,4.26848528356066,2.960809645573507,0.9814425535330946,0.3933,0.01257,0.0,0.0,0.0,0.0,0.0,0.0,0.0,0.0,0.0,0.0,0.4959816303099886,20.404133180252554,9.08610792192882,0.013777267508610795,0.0,0.0,0.0,0.0,0.0,0.0,0.0,0.0,0.0,0.0,0.0,0.0,0.0,0.0,0.0,0.0,nan,nan,4.309355067328136,2.9284482255967745,nan,0.3933,0.06433,0.0,0.0,0.0,0.0,0.0,0.0,0.0,0.0,0.0,0.0,0.0,0.0,0.0,0.0,0.0,0.0,0.0,0.0,0.00010332950631458095,0.0,0.00025258323765786454,0.0008495981630309989,0.010298507462686568,0.0015958668197474167,0.0016303099885189437,0.007623421354764639,0.008507462686567165,0.012215843857634903,0.01634902411021814,0.009414466130884041,0.018461538461538463,0.01811710677382319,0.0313662456946039,0.02870264064293915,0.07198622273249139,0.0385878300803674,0.07120551090700344,0.06448909299655568,0.06876004592422504,0.03095292766934558,0.05545350172215844,0.07724454649827785,0.04986222732491389,0.06826636050516648,0.026888633754305395,0.028185993111366246,0.025809414466130883,0.027841561423650976,0.03800229621125144,0.029850746268656716,0.019632606199770378,0.012571756601607347,0.023272101033295065,0.00024110218140068886,0.0024684270952927668,0.0015729047072330655,0.0012973593570608495,6.888633754305396e-05,0.0,0.0,0.0,0.0,0.0,0.0,0.0,0.0,0.0,0.0,0.0,0.0,0.0,0.0,0.0,0.0,0.0,0.0,0.0,0.0,0.0,0.0,0.0,0.0,0.0,0.0,0.0,0.0,0.0,0.0,0.0,0.0,0.0,0.0,0.0,0.0,0.0,0.0,0.0,0.0,0.0,0.0,0.0,nan,nan,4.309355067328136,2.9284482255967745,nan,0.9323402787314521,0.02246034323066307,0.0,0.0,0.0,0.0,0.0,0.0,0.0,0.0,0.0,0.0,0.0,0.0,0.0,0.0,0.0,0.0,0.0,0.0,0.0,0.0,0.0,0.0,0.0,0.0,0.0,0.06666666666666668,2.0400000000000005,13.533333333333337,12.400000000000004,1.9600000000000004,0.9329677359225348,0.02367489980313479,0.0,0.0,0.0,0.0,0.0,0.0,0.0,0.0,0.0,0.0,0.0,0.0,0.0,0.0,0.0,0.0,0.0,0.0,0.0,0.0,0.0,0.0,0.0,0.0,0.0,0.08551068883610452,2.394299287410927,12.270783847981,12.969121140142521,2.280285035629454,0.3936,0.01244,0.0,0.0,0.0,0.0,0.0,0.0,0.0,0.0,0.0,0.0,0.4400000000000001,20.55999999999997,8.986666666666668,0.013333333333333336,0.0,0.0,0.0,0.0,0.0,0.0,0.0,0.0,0.0,0.0,0.0,0.0,0.0,0.0,0.0,0.0,0.3933,0.0127,0.0,0.0,0.0,0.0,0.0,0.0,0.0,0.0,0.0,0.0,0.5558194774346794,20.237529691211375,9.192399049881237,0.01425178147268409,0.0,0.0,0.0,0.0,0.0,0.0,0.0,0.0,0.0,0.0,0.0,0.0,0.0,0.0,0.0,0.0
62600,4157,2181,0.5246572047149387,1007,792,0.4327640125090209,1155,0.5556891989415443,0.4240000000000001,2.983805668016194,3.095435599278334,6.353820598006645,2.2292364992993186,9547.642771229252,1613.0350365044542,7853.0,11083.0,11083.0,0.0,7853.0,0.0,29.584556170315132,21.466005642536327,34.31839954916878,19.646855516177464,0.13110416165503969,0.08972816935289872,0.09093095982679818,0.08660091412076017,0.07481356747654559,0.07096463796006736,0.06398845321145057,0.06206398845321145,0.063026220832331,0.05749338465239355,0.052201106567235984,0.0473899446716382,0.03800817897522252,0.028145297089247054,0.02213134471974982,0.014433485686793361,0.006976184748616791,0.9334833027796301,0.023434421339593836,0.0,0.0,0.0,0.0,0.0,0.0,0.0,0.0,0.0,0.0,0.0,0.0,0.0,0.0,0.0,0.0,0.0,0.0,0.0,0.0,0.0,0.0,0.0,0.0,0.0,0.036083714216983406,2.381525138320905,12.571566033197021,12.52826557613664,2.4825595381284584,4.144359811389191,2.8638900266135376,nan,nan,nan,4.26195732155997,2.928475708138989,4.027916964924839,2.7948094898812132,0.9450861801334351,0.3936,0.012436,0.0,0.0,0.0,0.0,0.0,0.0,0.0,0.0,0.0,0.0,0.37527062785662746,20.524416646620132,9.093095982679818,0.007216742843396682,0.0,0.0,0.0,0.0,0.0,0.0,0.0,0.0,0.0,0.0,0.0,0.0,0.0,0.0,0.0,0.0,nan,nan,4.144359811389191,2.8638900266135376,nan,0.3936,0.0645,0.0,0.0,0.0,0.0,0.0,0.0,0.0,0.0,0.0,0.0,0.0,0.0,0.0,0.0,0.0,0.0,0.0,0.0,0.0,0.0,0.0002165022853019004,0.0009020928554245851,0.01095742121722396,0.0009983160933365407,0.00113062304546548,0.007337021890786625,0.00834736588886216,0.0119557373105605,0.01567235987490979,0.009429877315371663,0.018775559297570365,0.01943709405821506,0.033076738032234786,0.030214096704354102,0.0726004330045706,0.038188597546307435,0.07072407986528746,0.06503488092374309,0.06665864806350734,0.030274236228049072,0.05484724560981477,0.07911955737310561,0.04817175847967284,0.06728409910993505,0.02426028385855184,0.02778445994707722,0.02536685109453933,0.02867452489776281,0.03963194611498677,0.029624729372143374,0.020880442626894397,0.012905941784941062,0.02380322347847005,0.0003367813326918451,0.002285301900408949,0.0016718787587202309,0.0013711811402453693,0.0,4.811161895597787e-05,0.0,0.0,0.0,0.0,0.0,0.0,0.0,0.0,0.0,0.0,0.0,0.0,0.0,0.0,0.0,0.0,0.0,0.0,0.0,0.0,0.0,0.0,0.0,0.0,0.0,0.0,0.0,0.0,0.0,0.0,0.0,0.0,0.0,0.0,0.0,0.0,0.0,0.0,0.0,0.0,0.0,0.0,nan,nan,4.144359811389191,2.8638900266135376,nan,0.9332288144543214,0.023151684271789246,0.0,0.0,0.0,0.0,0.0,0.0,0.0,0.0,0.0,0.0,0.0,0.0,0.0,0.0,0.0,0.0,0.0,0.0,0.0,0.0,0.0,0.0,0.0,0.0,0.0,0.06877579092159561,2.173314993122421,13.053645116918847,12.297111416781297,2.4071526822558464,0.9337641929807933,0.023739415086383178,0.0,0.0,0.0,0.0,0.0,0.0,0.0,0.0,0.0,0.0,0.0,0.0,0.0,0.0,0.0,0.0,0.0,0.0,0.0,0.0,0.0,0.0,0.0,0.0,0.0,0.0,2.6113360323886643,12.039473684210527,12.783400809716603,2.565789473684211,0.3936,0.01245,0.0,0.0,0.0,0.0,0.0,0.0,0.0,0.0,0.0,0.0,0.3301237964236589,20.646492434662967,9.009628610729026,0.013755158184319122,0.0,0.0,0.0,0.0,0.0,0.0,0.0,0.0,0.0,0.0,0.0,0.0,0.0,0.0,0.0,0.0,0.3936,0.01241,0.0,0.0,0.0,0.0,0.0,0.0,0.0,0.0,0.0,0.0,0.4251012145748989,20.389676113360295,9.185222672064778,0.0,0.0,0.0,0.0,0.0,0.0,0.0,0.0,0.0,0.0,0.0,0.0,0.0,0.0,0.0,0.0,0.0
62700,4544,2368,0.5211267605633803,1153,931,0.4586267605633803,1280,0.5633802816901409,0.39200000000000007,2.975643382352941,3.111715077857391,6.63739837398374,2.0569690534440777,9536.239436619719,1613.5576777078106,7853.0,11083.0,11083.0,0.0,7853.0,0.0,27.988556338028168,20.752775379307923,32.76348007293566,19.03250697975484,0.13556338028169015,0.0957306338028169,0.09617077464788733,0.08890845070422536,0.08736795774647887,0.07482394366197183,0.06668133802816902,0.06514084507042253,0.05721830985915493,0.05215669014084507,0.04621478873239437,0.04005281690140845,0.02992957746478873,0.029269366197183098,0.018926056338028168,0.009242957746478873,0.006602112676056338,0.933410085659002,0.023417518421373747,0.0,0.0,0.0,0.0,0.0,0.0,0.0,0.0,0.0,0.0,0.0,0.0,0.0,0.0,0.0,0.0,0.0,0.0,0.0,0.0,0.0,0.0,0.0,0.0,0.0,0.06602112676056339,2.158890845070423,12.814700704225356,12.524207746478876,2.436179577464789,4.221212121212122,2.9270400601848876,nan,nan,nan,4.3044058744993325,2.9021872559577764,4.1365489130434785,2.949709094499444,0.9610034540538354,0.3933,0.01249,0.0,0.0,0.0,0.0,0.0,0.0,0.0,0.0,0.0,0.0,0.4357394366197184,20.677816901408423,8.860035211267608,0.02640845070422536,0.0,0.0,0.0,0.0,0.0,0.0,0.0,0.0,0.0,0.0,0.0,0.0,0.0,0.0,0.0,0.0,nan,nan,4.221212121212122,2.9270400601848876,nan,0.3933,0.0647,0.0,0.0,0.0,0.0,0.0,0.0,0.0,0.0,0.0,0.0,0.0,0.0,0.0,0.0,0.0,0.0,0.0,1.1003521126760564e-05,0.0,0.0,0.0002090669014084507,0.001056338028169014,0.012577024647887325,0.0011443661971830986,0.0011663732394366197,0.006932218309859155,0.007680457746478873,0.013545334507042253,0.014744718309859154,0.00993617957746479,0.017550616197183098,0.01936619718309859,0.03232834507042254,0.029566461267605634,0.07252420774647887,0.03776408450704225,0.07351452464788732,0.06256602112676056,0.07095070422535212,0.029016285211267607,0.05357614436619718,0.07805897887323944,0.04655589788732394,0.06560299295774648,0.02637544014084507,0.027992957746478874,0.024163732394366196,0.03045774647887324,0.042077464788732394,0.029225352112676056,0.02085167253521127,0.012213908450704225,0.02365757042253521,0.0003851232394366197,0.0020796654929577463,0.0015294894366197182,0.0010453345070422534,0.0,0.0,0.0,0.0,0.0,0.0,0.0,0.0,0.0,0.0,0.0,0.0,0.0,0.0,0.0,0.0,0.0,0.0,0.0,0.0,0.0,0.0,0.0,0.0,0.0,0.0,0.0,0.0,0.0,0.0,0.0,0.0,0.0,0.0,0.0,0.0,0.0,0.0,0.0,0.0,0.0,0.0,0.0,0.0,nan,nan,4.221212121212122,2.9270400601848876,nan,0.9335882290946068,0.023686309908242904,0.0,0.0,0.0,0.0,0.0,0.0,0.0,0.0,0.0,0.0,0.0,0.0,0.0,0.0,0.0,0.0,0.0,0.0,0.0,0.0,0.0,0.0,0.0,0.0,0.0,0.08868243243243246,2.1157094594594597,12.56756756756757,12.706925675675679,2.5211148648648654,0.9332162236849613,0.02311990023043717,0.0,0.0,0.0,0.0,0.0,0.0,0.0,0.0,0.0,0.0,0.0,0.0,0.0,0.0,0.0,0.0,0.0,0.0,0.0,0.0,0.0,0.0,0.0,0.0,0.0,0.041360294117647065,2.205882352941177,13.083639705882357,12.325367647058826,2.3437500000000004,0.3936,0.01246,0.0,0.0,0.0,0.0,0.0,0.0,0.0,0.0,0.0,0.0,0.4054054054054055,20.447635135135105,9.134290540540542,0.012668918918918921,0.0,0.0,0.0,0.0,0.0,0.0,0.0,0.0,0.0,0.0,0.0,0.0,0.0,0.0,0.0,0.0,0.393,0.01251,0.0,0.0,0.0,0.0,0.0,0.0,0.0,0.0,0.0,0.0,0.4687500000000001,20.92830882352938,8.561580882352942,0.041360294117647065,0.0,0.0,0.0,0.0,0.0,0.0,0.0,0.0,0.0,0.0,0.0,0.0,0.0,0.0,0.0,0.0
62800,4484,2296,0.512042818911686,1098,923,0.4507136485280999,1296,0.5780553077609277,0.4040000000000001,2.979890310786106,3.064742830459532,6.469745222929936,2.143879289145316,9506.898305084746,1614.531486797806,7853.0,11083.0,11083.0,0.0,7853.0,0.0,28.153880463871545,20.757874286363634,33.05665872385491,18.934231691340273,0.1389384478144514,0.0936663693131133,0.09232827832292596,0.09500446030330062,0.07181088314005353,0.07627118644067797,0.0695807314897413,0.06177520071364853,0.062221231043710974,0.056645851917930416,0.04906333630686887,0.040588760035682424,0.03612845673505798,0.02230151650312221,0.01650312221231044,0.010035682426404995,0.007136485280999108,0.9328358449859346,0.023806232252399993,0.0,0.0,0.0,0.0,0.0,0.0,0.0,0.0,0.0,0.0,0.0,0.0,0.0,0.0,0.0,0.0,0.0,0.0,0.0,0.0,0.0,0.0,0.0,0.0,0.0,0.07359500446030331,2.495539696699376,12.571364852809994,12.404103479036579,2.455396966993756,4.270362765229295,2.7992624808162287,nan,nan,nan,4.241935483870968,2.79771691023523,4.299860529986053,2.800560311055972,1.013655334065153,0.3933,0.012535,0.0,0.0,0.0,0.0,0.0,0.0,0.0,0.0,0.0,0.0,0.4750223015165032,20.486173059768035,9.018733273862624,0.020071364852809994,0.0,0.0,0.0,0.0,0.0,0.0,0.0,0.0,0.0,0.0,0.0,0.0,0.0,0.0,0.0,0.0,nan,nan,4.270362765229295,2.7992624808162287,nan,0.3933,0.0652,0.0,0.0,0.0,0.0,0.0,0.0,0.0,0.0,0.0,0.0,0.0,0.0,0.0,0.0,0.0,0.0,0.0,3.345227475468332e-05,0.0,0.0,0.00041257805530776095,0.0015388046387154327,0.0133028545941124,0.001572256913470116,0.001371543264942016,0.00715878679750223,0.006846565566458519,0.01421721677074041,0.015376895628902765,0.008786797502230152,0.01752899197145406,0.01923505798394291,0.03164585191793042,0.0282114183764496,0.07004906333630687,0.039942016057091884,0.07311552185548617,0.061061552185548616,0.07446476360392507,0.027787689562890277,0.05366859946476361,0.07796610169491526,0.04624219446922391,0.06704950936663694,0.02754237288135593,0.026538804638715434,0.02407448706512043,0.030764942016057093,0.0397078501338091,0.029159232827832293,0.020617752007136485,0.0116971454058876,0.025434879571810884,0.0006690454950936663,0.0021409455842997323,0.0018621766280107047,0.0012042818911685994,0.0,0.0,0.0,0.0,0.0,0.0,0.0,0.0,0.0,0.0,0.0,0.0,0.0,0.0,0.0,0.0,0.0,0.0,0.0,0.0,0.0,0.0,0.0,0.0,0.0,0.0,0.0,0.0,0.0,0.0,0.0,0.0,0.0,0.0,0.0,0.0,0.0,0.0,0.0,0.0,0.0,0.0,0.0,0.0,nan,nan,4.270362765229295,2.7992624808162287,nan,0.9326152779966697,0.023779469679265537,0.0,0.0,0.0,0.0,0.0,0.0,0.0,0.0,0.0,0.0,0.0,0.0,0.0,0.0,0.0,0.0,0.0,0.0,0.0,0.0,0.0,0.0,0.0,0.0,0.0,0.03919860627177701,2.521777003484321,13.1315331010453,11.942508710801397,2.364982578397213,0.9330672991940483,0.023832088632819198,0.0,0.0,0.0,0.0,0.0,0.0,0.0,0.0,0.0,0.0,0.0,0.0,0.0,0.0,0.0,0.0,0.0,0.0,0.0,0.0,0.0,0.0,0.0,0.0,0.0,0.10968921389396712,2.46800731261426,11.98354661791591,12.888482632541137,2.5502742230347355,0.3933,0.01263,0.0,0.0,0.0,0.0,0.0,0.0,0.0,0.0,0.0,0.0,0.48344947735191646,20.4094076655052,9.094076655052266,0.013066202090592338,0.0,0.0,0.0,0.0,0.0,0.0,0.0,0.0,0.0,0.0,0.0,0.0,0.0,0.0,0.0,0.0,0.393,0.012436,0.0,0.0,0.0,0.0,0.0,0.0,0.0,0.0,0.0,0.0,0.46617915904936025,20.5667276051188,8.93967093235832,0.02742230347349178,0.0,0.0,0.0,0.0,0.0,0.0,0.0,0.0,0.0,0.0,0.0,0.0,0.0,0.0,0.0,0.0
62900,4280,2232,0.5214953271028038,1033,848,0.4394859813084112,1190,0.5560747663551402,0.4120000000000001,3.05810546875,3.108557167039291,6.574539363484087,2.110805334386214,9537.429906542056,1613.5068912395636,7853.0,11083.0,11083.0,0.0,7853.0,0.0,28.65934579439252,21.094487731540845,33.39977973568282,19.37415281524103,0.12897196261682242,0.10327102803738318,0.09439252336448598,0.08457943925233645,0.07336448598130842,0.0780373831775701,0.06962616822429907,0.058878504672897194,0.05911214953271028,0.0544392523364486,0.05163551401869159,0.043457943925233646,0.03901869158878505,0.02266355140186916,0.021261682242990656,0.008878504672897197,0.008411214953271028,0.9315039298523252,0.022914380177273437,0.0,0.0,0.0,0.0,0.0,0.0,0.0,0.0,0.0,0.0,0.0,0.0,0.0,0.0,0.0,0.0,0.0,0.0,0.0,0.0,0.0,0.0,0.0,0.0,0.0,0.06308411214953272,2.523364485981309,13.563084112149536,11.978971962616825,1.871495327102804,4.302617425600574,2.8554635152601957,nan,nan,nan,4.267615658362989,2.868825756094216,4.338150289017341,2.841393259250431,1.016527877930181,0.3943,0.012596,0.0,0.0,0.0,0.0,0.0,0.0,0.0,0.0,0.0,0.0,0.3925233644859814,19.93457943925231,9.644859813084114,0.0280373831775701,0.0,0.0,0.0,0.0,0.0,0.0,0.0,0.0,0.0,0.0,0.0,0.0,0.0,0.0,0.0,0.0,nan,nan,4.302617425600574,2.8554635152601957,nan,0.3943,0.06537,0.0,0.0,0.0,0.0,0.0,0.0,0.0,0.0,0.0,0.0,0.0,0.0,0.0,3.504672897196262e-05,0.0,0.0,0.0,2.336448598130841e-05,0.0,4.672897196261682e-05,0.000397196261682243,0.0011331775700934579,0.012827102803738317,0.0019392523364485982,0.000911214953271028,0.006740654205607477,0.006588785046728972,0.015105140186915889,0.016238317757009346,0.008621495327102803,0.019123831775700935,0.016799065420560748,0.03122663551401869,0.028539719626168223,0.0684696261682243,0.039240654205607475,0.07085280373831776,0.05952102803738318,0.07262850467289719,0.02744158878504673,0.05141355140186916,0.07697429906542055,0.048866822429906545,0.06811915887850467,0.02985981308411215,0.028855140186915887,0.02385514018691589,0.03268691588785047,0.040782710280373835,0.028177570093457945,0.021845794392523366,0.011950934579439252,0.026261682242990653,0.000852803738317757,0.0021728971962616823,0.0013785046728971963,0.0014953271028037382,0.0,0.0,0.0,0.0,0.0,0.0,0.0,0.0,0.0,0.0,0.0,0.0,0.0,0.0,0.0,0.0,0.0,0.0,0.0,0.0,0.0,0.0,0.0,0.0,0.0,0.0,0.0,0.0,0.0,0.0,0.0,0.0,0.0,0.0,0.0,0.0,0.0,0.0,0.0,0.0,0.0,0.0,0.0,0.0,nan,nan,4.302617425600574,2.8554635152601957,nan,0.9315234218927695,0.023031221110869672,0.0,0.0,0.0,0.0,0.0,0.0,0.0,0.0,0.0,0.0,0.0,0.0,0.0,0.0,0.0,0.0,0.0,0.0,0.0,0.0,0.0,0.0,0.0,0.0,0.0,0.05376344086021507,2.513440860215054,13.588709677419358,12.05645161290323,1.787634408602151,0.9314826865738723,0.02278634055708409,0.0,0.0,0.0,0.0,0.0,0.0,0.0,0.0,0.0,0.0,0.0,0.0,0.0,0.0,0.0,0.0,0.0,0.0,0.0,0.0,0.0,0.0,0.0,0.0,0.0,0.07324218750000001,2.5341796875000004,13.535156250000004,11.894531250000002,1.9628906250000004,0.3948,0.012794,0.0,0.0,0.0,0.0,0.0,0.0,0.0,0.0,0.0,0.0,0.43010752688172055,19.583333333333304,9.946236559139786,0.040322580645161296,0.0,0.0,0.0,0.0,0.0,0.0,0.0,0.0,0.0,0.0,0.0,0.0,0.0,0.0,0.0,0.0,0.394,0.01236,0.0,0.0,0.0,0.0,0.0,0.0,0.0,0.0,0.0,0.0,0.35156250000000006,20.31738281249997,9.316406250000002,0.014648437500000003,0.0,0.0,0.0,0.0,0.0,0.0,0.0,0.0,0.0,0.0,0.0,0.0,0.0,0.0,0.0,0.0
63000,4258,2206,0.5180836073273838,1063,883,0.457022076092062,1222,0.5739783936120244,0.4200000000000001,3.000487329434698,3.1307597612381555,6.649122807017544,2.2218312983329245,9526.41005166745,1613.9433899193014,7853.0,11083.0,11083.0,0.0,7853.0,0.0,28.124236730859558,20.88882917505649,33.180543874404265,19.044940651954487,0.1416157820573039,0.09816815406294034,0.08642555190230156,0.08736496007515265,0.08055425082198216,0.0742132456552372,0.06810709253170502,0.06599342414279004,0.06106153123532175,0.05753875058713011,0.04767496477219352,0.035697510568341945,0.03147017379051198,0.02841709722874589,0.01737905119774542,0.013151714419915453,0.005166744950681071,0.9305455008265333,0.023112477162555392,0.0,0.0,0.0,0.0,0.0,0.0,0.0,0.0,0.0,0.0,0.0,0.0,0.0,0.0,0.0,0.0,0.0,0.0,0.0,0.0,0.0,0.0,0.0,0.0,0.0,0.08454673555659936,2.775951150775012,13.562705495537815,11.751996242367312,1.8248003757632696,4.244069015097052,2.919558795116362,nan,nan,nan,4.1856417693981145,2.8928753604962427,4.301496792587313,2.9444206340279404,1.027679154015576,0.3953,0.01305,0.0,0.0,0.0,0.0,0.0,0.0,0.0,0.0,0.0,0.0,0.3170502583372476,19.220291216533557,10.406294034758105,0.05636449037106624,0.0,0.0,0.0,0.0,0.0,0.0,0.0,0.0,0.0,0.0,0.0,0.0,0.0,0.0,0.0,0.0,nan,nan,4.244069015097052,2.919558795116362,nan,0.3953,0.0661,0.0,0.0,0.0,0.0,0.0,0.0,0.0,0.0,0.0,0.0,0.0,0.0,0.0,0.0,0.0,0.0,0.0,0.0,0.0,0.00014091122592766557,0.000692813527477689,0.001326914044152184,0.012071395021136683,0.0022310944105213715,0.0006458431188351339,0.007315641146077971,0.0064114607797087836,0.015558947862846407,0.01688586190699859,0.00888914983560357,0.017825270079849694,0.0164044152184124,0.033243306716768437,0.0265735086895256,0.06833020197275716,0.03515735086895256,0.06923438233912635,0.061542977923907935,0.07434241427900423,0.026068576796618132,0.04931892907468295,0.07262799436355097,0.05139736965711602,0.06823626115547206,0.029626585251291686,0.02734852043212776,0.024671207139502115,0.03592062000939408,0.04074682949741663,0.0295091592296853,0.0222757162987318,0.01309300140911226,0.027372005636449037,0.000986378581493659,0.002712541099107562,0.0011155472052606858,0.0021488961953969,0.0,0.0,0.0,0.0,0.0,0.0,0.0,0.0,0.0,0.0,0.0,0.0,0.0,0.0,0.0,0.0,0.0,0.0,0.0,0.0,0.0,0.0,0.0,0.0,0.0,0.0,0.0,0.0,0.0,0.0,0.0,0.0,0.0,0.0,0.0,0.0,0.0,0.0,0.0,0.0,0.0,0.0,0.0,0.0,nan,nan,4.244069015097052,2.919558795116362,nan,0.9305808563883048,0.02250154147859586,0.0,0.0,0.0,0.0,0.0,0.0,0.0,0.0,0.0,0.0,0.0,0.0,0.0,0.0,0.0,0.0,0.0,0.0,0.0,0.0,0.0,0.0,0.0,0.0,0.0,0.054397098821396206,2.6246600181323667,13.708068902991844,11.92656391659112,1.6863100634632824,0.9305074918746483,0.023751682975865655,0.0,0.0,0.0,0.0,0.0,0.0,0.0,0.0,0.0,0.0,0.0,0.0,0.0,0.0,0.0,0.0,0.0,0.0,0.0,0.0,0.0,0.0,0.0,0.0,0.0,0.1169590643274854,2.9385964912280707,13.406432748538014,11.564327485380119,1.9736842105263162,0.3953,0.01305,0.0,0.0,0.0,0.0,0.0,0.0,0.0,0.0,0.0,0.0,0.3671804170444244,19.33816863100632,10.240253853127834,0.054397098821396206,0.0,0.0,0.0,0.0,0.0,0.0,0.0,0.0,0.0,0.0,0.0,0.0,0.0,0.0,0.0,0.0,0.3953,0.01305,0.0,0.0,0.0,0.0,0.0,0.0,0.0,0.0,0.0,0.0,0.26315789473684215,19.09356725146196,10.58479532163743,0.0584795321637427,0.0,0.0,0.0,0.0,0.0,0.0,0.0,0.0,0.0,0.0,0.0,0.0,0.0,0.0,0.0,0.0
63100,4249,2230,0.5248293716168511,1025,860,0.44363379618733817,1167,0.5493057189927042,0.4080000000000001,2.9910846953937593,3.0914603434677637,6.603907637655418,2.091457463550765,9548.198870322429,1613.0074833053336,7853.0,11083.0,11083.0,0.0,7853.0,0.0,28.205930807248766,21.113533947011828,33.343468468468465,19.28059292774478,0.14450458931513296,0.09837608849140975,0.08896210873146623,0.08166627441751,0.08284302188750294,0.07131089668157213,0.06589785831960461,0.06566250882560602,0.06142621793363144,0.05389503412567663,0.046834549305718995,0.038361967521769826,0.037185220051776886,0.027535890797834785,0.016474464579901153,0.011532125205930808,0.007531183807954813,0.9315548099386296,0.023472113305304104,0.0,0.0,0.0,0.0,0.0,0.0,0.0,0.0,0.0,0.0,0.0,0.0,0.0,0.0,0.0,0.0,0.0,0.0,0.0,0.0,0.0,0.0,0.0,0.0,0.0,0.05648387855966111,2.675923746763945,12.913626735702522,12.41233231348553,1.9416333254883507,4.211644086415233,2.819199080571645,nan,nan,nan,4.1312453392990305,2.753737995121236,4.288696904247661,2.8797888768254536,1.0381123733928002,0.396,0.012955,0.0,0.0,0.0,0.0,0.0,0.0,0.0,0.0,0.0,0.0,0.30360084725817843,18.208990350670717,11.437985408331373,0.049423393739703475,0.0,0.0,0.0,0.0,0.0,0.0,0.0,0.0,0.0,0.0,0.0,0.0,0.0,0.0,0.0,0.0,nan,nan,4.211644086415233,2.819199080571645,nan,0.396,0.0664,0.0,0.0,0.0,0.0,0.0,0.0,0.0,0.0,0.0,0.0,0.0,0.0,0.0,0.0,0.0,0.0,0.0,0.0,0.0,0.000506001412096964,0.0006472111084961167,0.0014827018121911038,0.012767710049423394,0.002553542009884679,0.0009178630265944929,0.006907507648858555,0.005813132501765121,0.014356319133913862,0.01536832195810779,0.008602024005648388,0.02007531183807955,0.016815721346199106,0.030265944928218404,0.025900211814544598,0.0700164744645799,0.034702282890091786,0.06781595669569311,0.058649093904448106,0.07447634737585314,0.028453753824429277,0.046975759002118145,0.07139326900447164,0.052388797364085665,0.0706166156742763,0.03227818310190633,0.0267004000941398,0.024264532831254414,0.03769122146387385,0.04059778771475641,0.02821840433043069,0.019934102141680395,0.013779712873617322,0.030819016239115087,0.0007766533301953401,0.0026594492821840434,0.0011532125205930808,0.0026594492821840434,0.0,0.0,0.0,0.0,0.0,0.0,0.0,0.0,0.0,0.0,0.0,0.0,0.0,0.0,0.0,0.0,0.0,0.0,0.0,0.0,0.0,0.0,0.0,0.0,0.0,0.0,0.0,0.0,0.0,0.0,0.0,0.0,0.0,0.0,0.0,0.0,0.0,0.0,0.0,0.0,0.0,0.0,0.0,0.0,nan,nan,4.211644086415233,2.819199080571645,nan,0.9318947159923245,0.023157948033725437,0.0,0.0,0.0,0.0,0.0,0.0,0.0,0.0,0.0,0.0,0.0,0.0,0.0,0.0,0.0,0.0,0.0,0.0,0.0,0.0,0.0,0.0,0.0,0.0,0.0,0.05381165919282512,2.5695067264573996,12.91479820627803,12.659192825112111,1.8026905829596416,0.9311793812611955,0.023808655453089633,0.0,0.0,0.0,0.0,0.0,0.0,0.0,0.0,0.0,0.0,0.0,0.0,0.0,0.0,0.0,0.0,0.0,0.0,0.0,0.0,0.0,0.0,0.0,0.0,0.0,0.059435364041604766,2.7934621099554238,12.912332838038637,12.139673105497772,2.095096582466568,0.3955,0.012955,0.0,0.0,0.0,0.0,0.0,0.0,0.0,0.0,0.0,0.0,0.34977578475336335,18.524663677130018,11.098654708520183,0.02690582959641256,0.0,0.0,0.0,0.0,0.0,0.0,0.0,0.0,0.0,0.0,0.0,0.0,0.0,0.0,0.0,0.0,0.3962,0.01294,0.0,0.0,0.0,0.0,0.0,0.0,0.0,0.0,0.0,0.0,0.25260029717682025,17.860326894502204,11.812778603268947,0.07429420505200596,0.0,0.0,0.0,0.0,0.0,0.0,0.0,0.0,0.0,0.0,0.0,0.0,0.0,0.0,0.0,0.0
63200,4158,2123,0.5105820105820106,976,876,0.4454064454064454,1194,0.5743145743145743,0.4160000000000001,2.961670761670762,3.1029042684190453,6.608771929824561,2.1955921314381497,9502.179894179893,1614.6382674871334,7853.0,11083.0,11083.0,0.0,7853.0,0.0,27.957912457912457,20.9774818840422,32.89436014886917,19.25702729318109,0.13684463684463685,0.10076960076960077,0.09403559403559404,0.08874458874458875,0.082010582010582,0.07816257816257816,0.06661856661856662,0.06084656084656084,0.05723905723905724,0.05194805194805195,0.046176046176046176,0.0392015392015392,0.03463203463203463,0.02837902837902838,0.015873015873015872,0.010822510822510822,0.007696007696007696,0.9314911711697627,0.02304575919412988,0.0,0.0,0.0,0.0,0.0,0.0,0.0,0.0,0.0,0.0,0.0,0.0,0.0,0.0,0.0,0.0,0.0,0.0,0.0,0.0,0.0,0.0,0.0,0.0,0.0,0.11544011544011547,2.3232323232323235,13.607503607503611,12.092352092352096,1.861471861471862,4.264059590316574,2.867903792026916,nan,nan,nan,4.22690317812269,2.878333662779813,4.301801801801802,2.856775791811713,1.0177195030316206,0.3953,0.013176,0.0,0.0,0.0,0.0,0.0,0.0,0.0,0.0,0.0,0.0,0.4834054834054835,18.831168831168803,10.634920634920636,0.05050505050505052,0.0,0.0,0.0,0.0,0.0,0.0,0.0,0.0,0.0,0.0,0.0,0.0,0.0,0.0,0.0,0.0,nan,nan,4.264059590316574,2.867903792026916,nan,0.3953,0.066,0.0,0.0,0.0,0.0,0.0,0.0,0.0,0.0,0.0,0.0,0.0,0.0,0.0,0.0,0.0,0.0,0.0,0.0,0.0,0.00026455026455026457,0.000517075517075517,0.0016835016835016834,0.011856661856661857,0.0025493025493025494,0.0012506012506012505,0.00594035594035594,0.005315055315055315,0.015512265512265512,0.015199615199615199,0.009896584896584897,0.01966089466089466,0.017195767195767195,0.031613756613756615,0.025336700336700338,0.0706950456950457,0.03701298701298701,0.06958874458874459,0.05800865800865801,0.07514430014430014,0.026803751803751805,0.047041847041847044,0.07067099567099568,0.05346320346320346,0.07015392015392015,0.03324915824915825,0.025877825877825878,0.0243987493987494,0.037698412698412696,0.03864838864838865,0.027597402597402596,0.020334295334295333,0.013528138528138528,0.029316979316979318,0.0008417508417508417,0.0018157768157768157,0.0011664261664261664,0.0031505531505531506,0.0,0.0,0.0,0.0,0.0,0.0,0.0,0.0,0.0,0.0,0.0,0.0,0.0,0.0,0.0,0.0,0.0,0.0,0.0,0.0,0.0,0.0,0.0,0.0,0.0,0.0,0.0,0.0,0.0,0.0,0.0,0.0,0.0,0.0,0.0,0.0,0.0,0.0,0.0,0.0,0.0,0.0,0.0,0.0,nan,nan,4.264059590316574,2.867903792026916,nan,0.9313390762582456,0.023234196618823675,0.0,0.0,0.0,0.0,0.0,0.0,0.0,0.0,0.0,0.0,0.0,0.0,0.0,0.0,0.0,0.0,0.0,0.0,0.0,0.0,0.0,0.0,0.0,0.0,0.0,0.08478568064060293,2.501177578897787,13.692887423457375,11.799340555817244,1.921808761187,0.9316498431585345,0.02284643762591202,0.0,0.0,0.0,0.0,0.0,0.0,0.0,0.0,0.0,0.0,0.0,0.0,0.0,0.0,0.0,0.0,0.0,0.0,0.0,0.0,0.0,0.0,0.0,0.0,0.0,0.14742014742014745,2.137592137592138,13.518427518427522,12.398034398034401,1.798525798525799,0.3955,0.01305,0.0,0.0,0.0,0.0,0.0,0.0,0.0,0.0,0.0,0.0,0.4945831370701838,18.497409326424844,10.937352802637779,0.07065473386716911,0.0,0.0,0.0,0.0,0.0,0.0,0.0,0.0,0.0,0.0,0.0,0.0,0.0,0.0,0.0,0.0,0.3953,0.0133,0.0,0.0,0.0,0.0,0.0,0.0,0.0,0.0,0.0,0.0,0.47174447174447187,19.179361179361152,10.319410319410322,0.029484029484029492,0.0,0.0,0.0,0.0,0.0,0.0,0.0,0.0,0.0,0.0,0.0,0.0,0.0,0.0,0.0,0.0
63300,4071,2092,0.5138786538933923,963,827,0.4396954065340211,1155,0.5674281503316139,0.4160000000000001,2.9974734714502276,3.0959873431234866,6.500869565217391,2.1353136681170843,9512.828052075658,1614.3777270970702,7853.0,11083.0,11083.0,0.0,7853.0,0.0,27.83247359371162,20.884940239591945,32.676779463243875,19.205392569462433,0.1395234586096782,0.10464259395725865,0.09211495946941783,0.08450012281994596,0.08376320314419061,0.07172684844018669,0.07320068779169737,0.06288381233112257,0.05305821665438467,0.051584377302873984,0.04519774011299435,0.04077622205846229,0.03635470400393024,0.027266028002947678,0.014738393515106854,0.012773274379759274,0.0058953574060427415,0.9315506500097962,0.02312835589111578,0.0,0.0,0.0,0.0,0.0,0.0,0.0,0.0,0.0,0.0,0.0,0.0,0.0,0.0,0.0,0.0,0.0,0.0,0.0,0.0,0.0,0.0,0.0,0.0,0.0,0.06632277081798085,2.483419307295505,13.610906411201183,11.746499631540164,2.0928518791451736,4.336012246460007,2.855559783850769,nan,nan,nan,4.463263727764888,2.866385851153745,4.211523881728582,2.8404615847434247,0.9435973625151719,0.3945,0.01296,0.0,0.0,0.0,0.0,0.0,0.0,0.0,0.0,0.0,0.0,0.464259395725866,19.388356669123038,10.088430361090643,0.05895357406042743,0.0,0.0,0.0,0.0,0.0,0.0,0.0,0.0,0.0,0.0,0.0,0.0,0.0,0.0,0.0,0.0,nan,nan,4.336012246460007,2.855559783850769,nan,0.3945,0.066,0.0,0.0,0.0,0.0,0.0,0.0,0.0,0.0,0.0,0.0,0.0,0.0,0.0,0.0,0.0,0.0,0.0,0.0,0.0,8.597396217145664e-05,0.00017194792434291329,0.0014738393515106854,0.012367968558093835,0.0027880127732743797,0.0011299435028248588,0.00646032915745517,0.005097027757307786,0.016285924834193072,0.014554163596168018,0.011127487103905674,0.01977401129943503,0.017845738147875215,0.033763203144190616,0.025214934905428643,0.07026529108327192,0.03664947187423238,0.07220584622942766,0.05832719233603537,0.07558339474330632,0.02855563743551953,0.0457749938590027,0.06799312208302628,0.05636207320068779,0.06831245394252027,0.03119626627364284,0.025951854581183983,0.022279538197003193,0.037767133382461314,0.0386391549987718,0.024342913289118154,0.019921395234586095,0.015634979120609186,0.030606730533038567,0.0003316138540899042,0.0011545074920167036,0.0007737656595431098,0.003230164578727585,0.0,0.0,0.0,0.0,0.0,0.0,0.0,0.0,0.0,0.0,0.0,0.0,0.0,0.0,0.0,0.0,0.0,0.0,0.0,0.0,0.0,0.0,0.0,0.0,0.0,0.0,0.0,0.0,0.0,0.0,0.0,0.0,0.0,0.0,0.0,0.0,0.0,0.0,0.0,0.0,0.0,0.0,0.0,0.0,nan,nan,4.336012246460007,2.855559783850769,nan,0.9311727864621474,0.023268279732987437,0.0,0.0,0.0,0.0,0.0,0.0,0.0,0.0,0.0,0.0,0.0,0.0,0.0,0.0,0.0,0.0,0.0,0.0,0.0,0.0,0.0,0.0,0.0,0.0,0.0,0.0717017208413002,2.6673040152963674,13.72370936902486,11.414913957934992,2.122370936902486,0.9319500893941728,0.022972759419016338,0.0,0.0,0.0,0.0,0.0,0.0,0.0,0.0,0.0,0.0,0.0,0.0,0.0,0.0,0.0,0.0,0.0,0.0,0.0,0.0,0.0,0.0,0.0,0.0,0.0,0.06063668519454271,2.289034866093987,13.491662455785754,12.09701869631127,2.0616472966144523,0.3948,0.013016,0.0,0.0,0.0,0.0,0.0,0.0,0.0,0.0,0.0,0.0,0.5162523900573615,18.972275334608003,10.468451242829829,0.04302103250478012,0.0,0.0,0.0,0.0,0.0,0.0,0.0,0.0,0.0,0.0,0.0,0.0,0.0,0.0,0.0,0.0,0.3943,0.0129,0.0,0.0,0.0,0.0,0.0,0.0,0.0,0.0,0.0,0.0,0.4092976250631633,19.828196058615433,9.686710459828198,0.07579585649317838,0.0,0.0,0.0,0.0,0.0,0.0,0.0,0.0,0.0,0.0,0.0,0.0,0.0,0.0,0.0,0.0
63400,4235,2165,0.5112160566706021,980,853,0.4328217237308146,1192,0.5629279811097992,0.4040000000000001,2.9657004830917875,3.064095072872843,6.426666666666667,2.155911768963553,9504.227863046044,1614.5936151053977,7853.0,11083.0,11083.0,0.0,7853.0,0.0,28.389846517119246,21.15991489684243,33.32492290440146,19.406475053415086,0.13907910271546636,0.1012987012987013,0.09020070838252657,0.08571428571428572,0.07650531286894924,0.07249114521841794,0.06824085005903188,0.06162927981109799,0.05572609208972845,0.05879574970484061,0.0512396694214876,0.04203069657615112,0.032349468713105074,0.025029515938606847,0.020070838252656435,0.012987012987012988,0.006611570247933884,0.9317357468351705,0.02315468764436869,0.0,0.0,0.0,0.0,0.0,0.0,0.0,0.0,0.0,0.0,0.0,0.0,0.0,0.0,0.0,0.0,0.0,0.0,0.0,0.0,0.0,0.0,0.0,0.0,0.0,0.0708382526564345,2.5360094451003548,13.161747343565528,12.191263282172377,2.0401416765053133,4.341293166789126,2.8439669343374994,nan,nan,nan,4.318946598390636,2.862227748332123,4.365583456425406,2.8255580995453826,1.0107982020551372,0.3953,0.01324,0.0,0.0,0.0,0.0,0.0,0.0,0.0,0.0,0.0,0.0,0.4604486422668242,18.885478158205405,10.576151121605669,0.07792207792207793,0.0,0.0,0.0,0.0,0.0,0.0,0.0,0.0,0.0,0.0,0.0,0.0,0.0,0.0,0.0,0.0,nan,nan,4.341293166789126,2.8439669343374994,nan,0.3953,0.0664,0.0,0.0,0.0,0.0,0.0,0.0,0.0,0.0,0.0,0.0,0.0,0.0,0.0,0.0,0.0,0.0,0.0,0.0,0.0,1.180637544273908e-05,2.361275088547816e-05,0.0017001180637544273,0.013435655253837072,0.002207792207792208,0.0012160566706021251,0.006517119244391972,0.004982290436835892,0.015690672963400237,0.013223140495867768,0.009917355371900827,0.020082644628099174,0.017260920897284534,0.03715466351829988,0.022904368358913813,0.07050767414403777,0.03487603305785124,0.07256198347107438,0.059256198347107436,0.07602125147579693,0.029126328217237308,0.04623376623376623,0.06536009445100355,0.05657615112160567,0.06566706021251476,0.0307556080283353,0.027237308146399054,0.024592680047225503,0.03694214876033058,0.037237308146399056,0.02510035419126328,0.020448642266824087,0.01579693034238489,0.03257378984651712,0.0003541912632821724,0.0012278630460448641,0.0012278630460448641,0.003990554899645809,0.0,0.0,0.0,0.0,0.0,0.0,0.0,0.0,0.0,0.0,0.0,0.0,0.0,0.0,0.0,0.0,0.0,0.0,0.0,0.0,0.0,0.0,0.0,0.0,0.0,0.0,0.0,0.0,0.0,0.0,0.0,0.0,0.0,0.0,0.0,0.0,0.0,0.0,0.0,0.0,0.0,0.0,0.0,0.0,nan,nan,4.341293166789126,2.8439669343374994,nan,0.931788322474059,0.0227996196610679,0.0,0.0,0.0,0.0,0.0,0.0,0.0,0.0,0.0,0.0,0.0,0.0,0.0,0.0,0.0,0.0,0.0,0.0,0.0,0.0,0.0,0.0,0.0,0.0,0.0,0.027713625866050817,2.4665127020785222,13.09468822170901,12.484988452655893,1.9260969976905316,0.931680758304642,0.023520191149649195,0.0,0.0,0.0,0.0,0.0,0.0,0.0,0.0,0.0,0.0,0.0,0.0,0.0,0.0,0.0,0.0,0.0,0.0,0.0,0.0,0.0,0.0,0.0,0.0,0.0,0.11594202898550728,2.6086956521739135,13.231884057971017,11.884057971014496,2.1594202898550727,0.395,0.01311,0.0,0.0,0.0,0.0,0.0,0.0,0.0,0.0,0.0,0.0,0.51270207852194,19.06697459584293,10.364896073903004,0.05542725173210163,0.0,0.0,0.0,0.0,0.0,0.0,0.0,0.0,0.0,0.0,0.0,0.0,0.0,0.0,0.0,0.0,0.3955,0.013374,0.0,0.0,0.0,0.0,0.0,0.0,0.0,0.0,0.0,0.0,0.4057971014492755,18.695652173913015,10.797101449275363,0.10144927536231887,0.0,0.0,0.0,0.0,0.0,0.0,0.0,0.0,0.0,0.0,0.0,0.0,0.0,0.0,0.0,0.0
63500,4321,2285,0.5288127748206434,1066,884,0.4512844249016431,1210,0.5600555426984495,0.4000000000000001,2.9145383104125737,3.0549269093417486,6.455035971223022,2.244848578989452,9561.065262670678,1612.316301748524,7853.0,11083.0,11083.0,0.0,7853.0,0.0,28.271233510761398,20.80130549241329,33.06542567752532,19.040977346334028,0.1342281879194631,0.09789400601712567,0.09650543855588985,0.08470261513538532,0.07567692663735247,0.07868548947003008,0.07174265216385096,0.06317981948623004,0.0571626938208748,0.053922703077991206,0.044897014579958344,0.04512844249016432,0.03263133533904189,0.03193705160842398,0.01712566535524184,0.010645683869474658,0.003934274473501504,0.9321971920816139,0.023478219512284453,0.0,0.0,0.0,0.0,0.0,0.0,0.0,0.0,0.0,0.0,0.0,0.0,0.0,0.0,0.0,0.0,0.0,0.0,0.0,0.0,0.0,0.0,0.0,0.0,0.0,0.06248553575561214,2.520249942143023,13.253876417495954,11.955565841240457,2.2078222633649625,4.181592920353983,2.9265850606930943,nan,nan,nan,4.177430801987225,2.95598685178449,4.183038869257951,2.8962743135879325,1.0013424680231826,0.3958,0.013145,0.0,0.0,0.0,0.0,0.0,0.0,0.0,0.0,0.0,0.0,0.4582272622078224,18.488775746354982,10.997454292987737,0.05554269844943301,0.0,0.0,0.0,0.0,0.0,0.0,0.0,0.0,0.0,0.0,0.0,0.0,0.0,0.0,0.0,0.0,nan,nan,4.181592920353983,2.9265850606930943,nan,0.3958,0.0668,0.0,0.0,0.0,0.0,0.0,0.0,0.0,0.0,0.0,0.0,0.0,0.0,0.0,0.0,0.0,0.0,0.0,0.0,0.0,0.0,0.0,0.0015737097894006017,0.013654246702152279,0.0020597084008331405,0.000983568618375376,0.006954408701689424,0.005669983800046285,0.014822957648692433,0.013006248553575562,0.010657255264984957,0.02000694283730618,0.01682480907197408,0.037514464244387875,0.02293450590141171,0.07294607729692201,0.032029622772506365,0.07124508215690813,0.06158296690580884,0.0737907891691738,0.0277713492247165,0.04728072205507984,0.06294839157602407,0.05502198565146957,0.06375838926174497,0.030895626012497106,0.028835917611663965,0.025202499421430224,0.03790789169173802,0.0380930340199028,0.025028928488775748,0.02340893311733395,0.016801666280953483,0.032573478361490396,0.0003934274473501504,0.0014117102522564222,0.0008562832677620921,0.003540847026151354,0.0,1.1571395510298542e-05,0.0,0.0,0.0,0.0,0.0,0.0,0.0,0.0,0.0,0.0,0.0,0.0,0.0,0.0,0.0,0.0,0.0,0.0,0.0,0.0,0.0,0.0,0.0,0.0,0.0,0.0,0.0,0.0,0.0,0.0,0.0,0.0,0.0,0.0,0.0,0.0,0.0,0.0,0.0,0.0,0.0,0.0,nan,nan,4.181592920353983,2.9265850606930943,nan,0.9319276010703206,0.023339325822116137,0.0,0.0,0.0,0.0,0.0,0.0,0.0,0.0,0.0,0.0,0.0,0.0,0.0,0.0,0.0,0.0,0.0,0.0,0.0,0.0,0.0,0.0,0.0,0.0,0.0,0.026258205689277905,2.5470459518599564,13.588621444201316,11.592997811816195,2.2450765864332607,0.9324997537028344,0.023629464832077618,0.0,0.0,0.0,0.0,0.0,0.0,0.0,0.0,0.0,0.0,0.0,0.0,0.0,0.0,0.0,0.0,0.0,0.0,0.0,0.0,0.0,0.0,0.0,0.0,0.0,0.10314341846758353,2.490176817288802,12.878192534381142,12.362475442043225,2.166011787819254,0.3958,0.01296,0.0,0.0,0.0,0.0,0.0,0.0,0.0,0.0,0.0,0.0,0.49890590809628016,18.40700218818378,11.054704595186,0.03938730853391686,0.0,0.0,0.0,0.0,0.0,0.0,0.0,0.0,0.0,0.0,0.0,0.0,0.0,0.0,0.0,0.0,0.3955,0.01337,0.0,0.0,0.0,0.0,0.0,0.0,0.0,0.0,0.0,0.0,0.4125736738703341,18.5805500982318,10.933202357563852,0.07367387033398823,0.0,0.0,0.0,0.0,0.0,0.0,0.0,0.0,0.0,0.0,0.0,0.0,0.0,0.0,0.0,0.0
63600,4250,2168,0.5101176470588236,1057,872,0.45388235294117646,1187,0.5585882352941176,0.4120000000000001,2.860710854947166,3.11742693506259,6.71875,2.1726782528577897,9500.68,1614.6693214401519,7853.0,11083.0,11083.0,0.0,7853.0,0.0,27.642823529411764,20.668827372854466,32.614217476819334,18.90755761393642,0.13858823529411765,0.10541176470588236,0.09576470588235295,0.08376470588235294,0.07835294117647058,0.07694117647058824,0.06752941176470588,0.06235294117647059,0.06023529411764706,0.056,0.049176470588235294,0.03811764705882353,0.03152941176470588,0.020705882352941178,0.02188235294117647,0.009411764705882352,0.0042352941176470585,0.9314517794496873,0.022835566142283215,0.0,0.0,0.0,0.0,0.0,0.0,0.0,0.0,0.0,0.0,0.0,0.0,0.0,0.0,0.0,0.0,0.0,0.0,0.0,0.0,0.0,0.0,0.0,0.0,0.0,0.04235294117647059,2.385882352941177,13.870588235294122,11.802352941176474,1.8988235294117652,4.197301239970824,2.945917821705996,nan,nan,nan,4.236880466472303,2.9306878674438,4.157664233576642,2.960561266271735,0.9813031702162659,0.3955,0.01282,0.0,0.0,0.0,0.0,0.0,0.0,0.0,0.0,0.0,0.0,0.4164705882352942,18.684705882352915,10.87058823529412,0.028235294117647067,0.0,0.0,0.0,0.0,0.0,0.0,0.0,0.0,0.0,0.0,0.0,0.0,0.0,0.0,0.0,0.0,nan,nan,4.197301239970824,2.945917821705996,nan,0.3955,0.06726,0.0,0.0,0.0,0.0,0.0,0.0,0.0,0.0,0.0,0.0,0.0,0.0,0.0,0.0,0.0,0.0,0.0,1.1764705882352942e-05,0.0,0.0,3.529411764705882e-05,0.002058823529411765,0.014352941176470587,0.0022117647058823527,0.0016352941176470588,0.006941176470588235,0.005247058823529412,0.015329411764705883,0.012635294117647059,0.011235294117647059,0.01936470588235294,0.015294117647058824,0.037482352941176474,0.022211764705882354,0.07381176470588235,0.03136470588235294,0.07274117647058824,0.06403529411764707,0.07212941176470589,0.02916470588235294,0.04915294117647059,0.06108235294117647,0.05276470588235294,0.060858823529411764,0.029964705882352942,0.028929411764705884,0.02548235294117647,0.036823529411764706,0.039341176470588234,0.026470588235294117,0.024705882352941175,0.016352941176470587,0.032152941176470586,0.0001647058823529412,0.0016352941176470588,0.0009058823529411765,0.0039058823529411766,0.0,0.0,0.0,0.0,1.1764705882352942e-05,0.0,0.0,0.0,0.0,0.0,0.0,0.0,0.0,0.0,0.0,0.0,0.0,0.0,0.0,0.0,0.0,0.0,0.0,0.0,0.0,0.0,0.0,0.0,0.0,0.0,0.0,0.0,0.0,0.0,0.0,0.0,0.0,0.0,0.0,0.0,0.0,0.0,0.0,0.0,nan,nan,4.197301239970824,2.945917821705996,nan,0.9306443503532023,0.022903795994961743,0.0,0.0,0.0,0.0,0.0,0.0,0.0,0.0,0.0,0.0,0.0,0.0,0.0,0.0,0.0,0.0,0.0,0.0,0.0,0.0,0.0,0.0,0.0,0.0,0.0,0.013837638376383767,2.546125461254613,14.25276752767528,11.333025830258304,1.8542435424354247,0.932292560564567,0.022733842578169284,0.0,0.0,0.0,0.0,0.0,0.0,0.0,0.0,0.0,0.0,0.0,0.0,0.0,0.0,0.0,0.0,0.0,0.0,0.0,0.0,0.0,0.0,0.0,0.0,0.0,0.07204610951008647,2.219020172910663,13.472622478386171,12.291066282420752,1.9452449567723347,0.3955,0.01285,0.0,0.0,0.0,0.0,0.0,0.0,0.0,0.0,0.0,0.0,0.359778597785978,18.819188191881892,10.793357933579337,0.027675276752767534,0.0,0.0,0.0,0.0,0.0,0.0,0.0,0.0,0.0,0.0,0.0,0.0,0.0,0.0,0.0,0.0,0.3955,0.01279,0.0,0.0,0.0,0.0,0.0,0.0,0.0,0.0,0.0,0.0,0.47550432276657073,18.544668587896226,10.951008645533143,0.028818443804034588,0.0,0.0,0.0,0.0,0.0,0.0,0.0,0.0,0.0,0.0,0.0,0.0,0.0,0.0,0.0,0.0
63700,4158,2185,0.5254930254930255,1057,807,0.4482924482924483,1133,0.544973544973545,0.4280000000000001,2.9295489102889003,3.040794379842475,6.434234234234234,2.096908728439222,9550.342472342472,1612.8994752459091,7853.0,11083.0,11083.0,0.0,7853.0,0.0,28.62962962962963,21.089969836696152,33.435264054514484,19.327651999179082,0.13347763347763347,0.09812409812409813,0.08874458874458875,0.09090909090909091,0.07984607984607985,0.07383357383357383,0.06782106782106782,0.060365560365560365,0.0545935545935546,0.056517556517556515,0.05315055315055315,0.04353054353054353,0.03270803270803271,0.026214526214526215,0.023088023088023088,0.011303511303511303,0.005772005772005772,0.9312646705952902,0.023361397654356592,0.0,0.0,0.0,0.0,0.0,0.0,0.0,0.0,0.0,0.0,0.0,0.0,0.0,0.0,0.0,0.0,0.0,0.0,0.0,0.0,0.0,0.0,0.0,0.0,0.0,0.10822510822510825,2.7344877344877347,13.239538239538243,12.005772005772009,1.9119769119769123,4.117582417582417,2.91159460884998,nan,nan,nan,4.089442815249267,2.913348787189892,4.145680819912152,2.9095704045648523,1.0137519968376076,0.3955,0.0128,0.0,0.0,0.0,0.0,0.0,0.0,0.0,0.0,0.0,0.0,0.28138528138528146,18.730158730158703,10.916305916305918,0.07215007215007216,0.0,0.0,0.0,0.0,0.0,0.0,0.0,0.0,0.0,0.0,0.0,0.0,0.0,0.0,0.0,0.0,nan,nan,4.117582417582417,2.91159460884998,nan,0.3955,0.067,0.0,0.0,0.0,0.0,0.0,0.0,0.0,0.0,0.0,0.0,0.0,0.0,0.0,0.0,0.0,0.0,0.0,0.0,0.0,0.0,1.2025012025012024e-05,0.0022246272246272247,0.014321789321789322,0.0025974025974025974,0.0013708513708513709,0.0062890812890812895,0.004677729677729677,0.016065416065416064,0.010822510822510822,0.011784511784511785,0.018698893698893698,0.017580567580567582,0.03808321308321308,0.02365319865319865,0.07320827320827321,0.030603655603655605,0.07158489658489658,0.06105098605098605,0.07246272246272246,0.02999037999037999,0.050444925444925445,0.05954785954785955,0.0518999518999519,0.06274651274651274,0.030122655122655124,0.028427128427128426,0.025456950456950456,0.03943001443001443,0.040885040885040885,0.027212602212602213,0.024735449735449735,0.015704665704665704,0.029377104377104377,0.00015632515632515632,0.0017195767195767196,0.0011904761904761906,0.003823953823953824,3.6075036075036075e-05,0.0,0.0,0.0,0.0,0.0,0.0,0.0,0.0,0.0,0.0,0.0,0.0,0.0,0.0,0.0,0.0,0.0,0.0,0.0,0.0,0.0,0.0,0.0,0.0,0.0,0.0,0.0,0.0,0.0,0.0,0.0,0.0,0.0,0.0,0.0,0.0,0.0,0.0,0.0,0.0,0.0,0.0,0.0,nan,nan,4.117582417582417,2.91159460884998,nan,0.931603014987448,0.02341816339756031,0.0,0.0,0.0,0.0,0.0,0.0,0.0,0.0,0.0,0.0,0.0,0.0,0.0,0.0,0.0,0.0,0.0,0.0,0.0,0.0,0.0,0.0,0.0,0.0,0.0,0.09610983981693366,2.622425629290618,13.139588100686503,12.178489702517165,1.9633867276887875,0.9308899709009846,0.023292636474019454,0.0,0.0,0.0,0.0,0.0,0.0,0.0,0.0,0.0,0.0,0.0,0.0,0.0,0.0,0.0,0.0,0.0,0.0,0.0,0.0,0.0,0.0,0.0,0.0,0.0,0.12164216928535228,2.8585909782057786,13.350228079067413,11.81449569183984,1.8550430816016223,0.3958,0.01285,0.0,0.0,0.0,0.0,0.0,0.0,0.0,0.0,0.0,0.0,0.23340961098398175,18.700228832951918,10.983981693363846,0.08237986270022885,0.0,0.0,0.0,0.0,0.0,0.0,0.0,0.0,0.0,0.0,0.0,0.0,0.0,0.0,0.0,0.0,0.3955,0.01275,0.0,0.0,0.0,0.0,0.0,0.0,0.0,0.0,0.0,0.0,0.33451596553471874,18.76330461226556,10.841358337557022,0.06082108464267614,0.0,0.0,0.0,0.0,0.0,0.0,0.0,0.0,0.0,0.0,0.0,0.0,0.0,0.0,0.0,0.0
63800,4340,2209,0.5089861751152074,1055,919,0.45483870967741935,1214,0.5594470046082949,0.4120000000000001,2.9000469263256687,3.07970986549239,6.693840579710145,2.0952236304370215,9497.02534562212,1614.7391520959404,7853.0,11083.0,11083.0,0.0,7853.0,0.0,27.47811059907834,20.551525224588374,32.44135462555066,18.790210250252393,0.14101382488479264,0.10092165898617511,0.0944700460829493,0.08617511520737327,0.07834101382488479,0.0792626728110599,0.07165898617511521,0.06912442396313365,0.06129032258064516,0.05023041474654378,0.043548387096774194,0.03847926267281106,0.030414746543778803,0.02142857142857143,0.016820276497695852,0.008986175115207374,0.00783410138248848,0.9316151476126112,0.02340278474039979,0.0,0.0,0.0,0.0,0.0,0.0,0.0,0.0,0.0,0.0,0.0,0.0,0.0,0.0,0.0,0.0,0.0,0.0,0.0,0.0,0.0,0.0,0.0,0.0,0.0,0.05529953917050692,2.612903225806452,13.099078341013827,12.248847926267285,1.983870967741936,4.277937995674117,2.8210705427142675,nan,nan,nan,4.27456647398844,2.7929081250041428,4.281294964028777,2.848830842993144,1.001574075425258,0.3965,0.0129,0.0,0.0,0.0,0.0,0.0,0.0,0.0,0.0,0.0,0.0,0.32488479262672815,17.799539170506886,11.813364055299543,0.06221198156682029,0.0,0.0,0.0,0.0,0.0,0.0,0.0,0.0,0.0,0.0,0.0,0.0,0.0,0.0,0.0,0.0,nan,nan,4.277937995674117,2.8210705427142675,nan,0.3965,0.06683,0.0,0.0,0.0,0.0,0.0,0.0,0.0,0.0,0.0,0.0,0.0,0.0,0.0,0.0,0.0,0.0,0.0,0.0,8.064516129032258e-05,0.00010368663594470046,0.0,0.001947004608294931,0.014078341013824885,0.002465437788018433,0.0013018433179723503,0.005887096774193548,0.004032258064516129,0.015161290322580645,0.011751152073732719,0.012016129032258065,0.017315668202764978,0.017638248847926266,0.03579493087557604,0.023652073732718895,0.06955069124423963,0.03203917050691244,0.07028801843317972,0.060610599078341015,0.07352534562211982,0.03423963133640553,0.04995391705069124,0.061370967741935484,0.050368663594470044,0.06317972350230415,0.031244239631336407,0.028640552995391706,0.025633640552995392,0.03903225806451613,0.04126728110599078,0.02707373271889401,0.02534562211981567,0.015921658986175116,0.030380184331797237,0.00012672811059907834,0.0019009216589861752,0.0015783410138248848,0.003502304147465438,0.0,0.0,0.0,0.0,0.0,0.0,0.0,0.0,0.0,0.0,0.0,0.0,0.0,0.0,0.0,0.0,0.0,0.0,0.0,0.0,0.0,0.0,0.0,0.0,0.0,0.0,0.0,0.0,0.0,0.0,0.0,0.0,0.0,0.0,0.0,0.0,0.0,0.0,0.0,0.0,0.0,0.0,0.0,0.0,nan,nan,4.277937995674117,2.8210705427142675,nan,0.9322545234301124,0.023346080509995003,0.0,0.0,0.0,0.0,0.0,0.0,0.0,0.0,0.0,0.0,0.0,0.0,0.0,0.0,0.0,0.0,0.0,0.0,0.0,0.0,0.0,0.0,0.0,0.0,0.0,0.04074241738343142,2.5531914893617027,12.820280669986422,12.521502942507926,2.0642824807605256,0.9309523690199976,0.02344301985880326,0.0,0.0,0.0,0.0,0.0,0.0,0.0,0.0,0.0,0.0,0.0,0.0,0.0,0.0,0.0,0.0,0.0,0.0,0.0,0.0,0.0,0.0,0.0,0.0,0.0,0.07038948850305023,2.6748005631159084,13.388080713280154,11.96621304551854,1.9005161895823561,0.3967,0.0128,0.0,0.0,0.0,0.0,0.0,0.0,0.0,0.0,0.0,0.0,0.31235853327297425,17.68220914440921,11.937528293345409,0.0679040289723857,0.0,0.0,0.0,0.0,0.0,0.0,0.0,0.0,0.0,0.0,0.0,0.0,0.0,0.0,0.0,0.0,0.3962,0.01301,0.0,0.0,0.0,0.0,0.0,0.0,0.0,0.0,0.0,0.0,0.33786954481464104,17.921163772876557,11.684655091506338,0.056311590802440185,0.0,0.0,0.0,0.0,0.0,0.0,0.0,0.0,0.0,0.0,0.0,0.0,0.0,0.0,0.0,0.0
63900,4346,2276,0.5236999539806719,1102,843,0.44753796594569717,1202,0.55315232397607,0.4120000000000001,2.972463768115942,3.089442082958176,6.444805194805195,2.1494953260838066,9544.55085135757,1613.1847281562118,7853.0,11083.0,11083.0,0.0,7853.0,0.0,28.279107225034515,20.93645439482987,33.19726775956284,19.148567643771326,0.1387482742751956,0.10262310170271514,0.0878969167050161,0.08743672342383801,0.0743212149102623,0.0743212149102623,0.06902899217671422,0.05982512655315232,0.06373676944316613,0.05522319374137138,0.048090197883110905,0.04578923147722043,0.030372756557754257,0.026691210308329497,0.019098021168890936,0.011044638748274275,0.005752416014726185,0.932028645861275,0.0233117211539343,0.0,0.0,0.0,0.0,0.0,0.0,0.0,0.0,0.0,0.0,0.0,0.0,0.0,0.0,0.0,0.0,0.0,0.0,0.0,0.0,0.0,0.0,0.0,0.0,0.0,0.08973768982972852,2.4919466175793836,12.956741831569262,12.480441785549933,1.9811320754716986,4.200922967696131,2.8900252973777123,nan,nan,nan,4.210489014883062,2.8946154418238645,4.191322901849218,2.8853796044679263,0.9954480078285215,0.397,0.0129,0.0,0.0,0.0,0.0,0.0,0.0,0.0,0.0,0.0,0.0,0.21398987574781414,17.581684307409084,12.135296824666364,0.06902899217671424,0.0,0.0,0.0,0.0,0.0,0.0,0.0,0.0,0.0,0.0,0.0,0.0,0.0,0.0,0.0,0.0,nan,nan,4.200922967696131,2.8900252973777123,nan,0.397,0.067,0.0,0.0,0.0,0.0,0.0,0.0,0.0,0.0,0.0,0.0,0.0,0.0,0.0,0.0,0.0,0.0,0.0,0.0,0.0,8.05338242061666e-05,2.300966405890474e-05,0.0018407731247123793,0.01388633225954901,0.0021283939254486883,0.0012540266912103083,0.006051541647491947,0.003819604233778187,0.016049240681086055,0.013426138978370916,0.012597791072250345,0.018361711919005982,0.018948458352508052,0.03466405890473999,0.0220777726645191,0.06323055683387023,0.03176484123331799,0.07009894155545329,0.06130924988495168,0.07179015186378279,0.03514726184997699,0.04842383801196502,0.061424298205246204,0.05028762080073631,0.0647837091578463,0.03133916244822826,0.029820524620340544,0.027116889093419236,0.038575701794753794,0.04150943396226415,0.026484123331799357,0.02646111366774045,0.018120110446387484,0.03135066728025771,0.00018407731247123792,0.0015991716520938795,0.0012885411872986655,0.002680625862862402,0.0,0.0,0.0,0.0,0.0,0.0,0.0,0.0,0.0,0.0,0.0,0.0,0.0,0.0,0.0,0.0,0.0,0.0,0.0,0.0,0.0,0.0,0.0,0.0,0.0,0.0,0.0,0.0,0.0,0.0,0.0,0.0,0.0,0.0,0.0,0.0,0.0,0.0,0.0,0.0,0.0,0.0,0.0,0.0,nan,nan,4.200922967696131,2.8900252973777123,nan,0.9325188177855447,0.023097627589721142,0.0,0.0,0.0,0.0,0.0,0.0,0.0,0.0,0.0,0.0,0.0,0.0,0.0,0.0,0.0,0.0,0.0,0.0,0.0,0.0,0.0,0.0,0.0,0.0,0.0,0.06590509666080845,2.451669595782074,12.746045694200355,12.798769771529,1.9376098418277685,0.9314896935426095,0.02353309226309474,0.0,0.0,0.0,0.0,0.0,0.0,0.0,0.0,0.0,0.0,0.0,0.0,0.0,0.0,0.0,0.0,0.0,0.0,0.0,0.0,0.0,0.0,0.0,0.0,0.0,0.11594202898550728,2.5362318840579716,13.188405797101453,12.130434782608699,2.0289855072463774,0.397,0.01307,0.0,0.0,0.0,0.0,0.0,0.0,0.0,0.0,0.0,0.0,0.19771528998242535,17.583479789103666,12.113356766256594,0.10544815465729353,0.0,0.0,0.0,0.0,0.0,0.0,0.0,0.0,0.0,0.0,0.0,0.0,0.0,0.0,0.0,0.0,0.3972,0.0127,0.0,0.0,0.0,0.0,0.0,0.0,0.0,0.0,0.0,0.0,0.23188405797101455,17.57971014492751,12.159420289855076,0.02898550724637682,0.0,0.0,0.0,0.0,0.0,0.0,0.0,0.0,0.0,0.0,0.0,0.0,0.0,0.0,0.0,0.0
64000,4302,2233,0.5190609019060902,1103,857,0.45560204556020456,1212,0.5634588563458857,0.4240000000000001,3.029482841952634,3.086258035939103,6.52970297029703,2.1406660334785683,9529.566713156672,1613.8260562498933,7853.0,11083.0,11083.0,0.0,7853.0,0.0,28.586471408647142,20.996564620356516,33.64692861095739,19.080361037994727,0.1406322640632264,0.09251510925151092,0.08368200836820083,0.08879590887959089,0.07880055788005579,0.07391910739191074,0.0697350069735007,0.06717805671780568,0.05880985588098559,0.05485820548582055,0.05160390516039052,0.04416550441655044,0.034635053463505344,0.023245002324500233,0.019293351929335192,0.011157601115760111,0.00697350069735007,0.9310367568766222,0.023338658820019956,0.0,0.0,0.0,0.0,0.0,0.0,0.0,0.0,0.0,0.0,0.0,0.0,0.0,0.0,0.0,0.0,0.0,0.0,0.0,0.0,0.0,0.0,0.0,0.0,0.0,0.10460251046025107,2.461645746164575,13.52161785216179,12.008368200836824,1.9037656903765694,4.214260625219529,2.8853091929564387,nan,nan,nan,4.258972554539057,2.8785770025162853,4.169705469845722,2.891314467892099,0.9790402301141392,0.3967,0.01265,0.0,0.0,0.0,0.0,0.0,0.0,0.0,0.0,0.0,0.0,0.27196652719665276,17.94979079497905,11.72245467224547,0.05578800557880057,0.0,0.0,0.0,0.0,0.0,0.0,0.0,0.0,0.0,0.0,0.0,0.0,0.0,0.0,0.0,0.0,nan,nan,4.214260625219529,2.8853091929564387,nan,0.3967,0.06647,0.0,0.0,0.0,0.0,0.0,0.0,0.0,0.0,0.0,0.0,0.0,0.0,0.0,0.0,0.0,0.0,0.0,0.0,2.3245002324500234e-05,0.00011622501162250116,0.0,0.0019874476987447698,0.012354718735471873,0.0017433751743375174,0.001487680148768015,0.005602045560204556,0.0035332403533240354,0.016538819153881914,0.012691771269177128,0.012447698744769874,0.021455137145513715,0.020955369595536958,0.033217108321710834,0.0200139470013947,0.06202928870292887,0.03342631334263133,0.06888656438865644,0.06209902370990237,0.07691771269177126,0.03713389121338912,0.04977917247791725,0.06256392375639237,0.045304509530450954,0.06390051139005114,0.032380288238028826,0.02918410041841004,0.027266387726638773,0.03920269642026964,0.04101580660158066,0.024267782426778243,0.02680148768014877,0.016748024174802416,0.03104370060437006,0.000592747559274756,0.0014644351464435147,0.001510925151092515,0.0022896327289632728,2.3245002324500234e-05,0.0,0.0,0.0,0.0,0.0,0.0,0.0,0.0,0.0,0.0,0.0,0.0,0.0,0.0,0.0,0.0,0.0,0.0,0.0,0.0,0.0,0.0,0.0,0.0,0.0,0.0,0.0,0.0,0.0,0.0,0.0,0.0,0.0,0.0,0.0,0.0,0.0,0.0,0.0,0.0,0.0,0.0,0.0,nan,nan,4.214260625219529,2.8853091929564387,nan,0.9312624419637715,0.02373638833415529,0.0,0.0,0.0,0.0,0.0,0.0,0.0,0.0,0.0,0.0,0.0,0.0,0.0,0.0,0.0,0.0,0.0,0.0,0.0,0.0,0.0,0.0,0.0,0.0,0.0,0.12091356918943129,2.539184952978057,13.555754590237353,11.70174652933274,2.0824003582624275,0.9307931827830485,0.022899158602205528,0.0,0.0,0.0,0.0,0.0,0.0,0.0,0.0,0.0,0.0,0.0,0.0,0.0,0.0,0.0,0.0,0.0,0.0,0.0,0.0,0.0,0.0,0.0,0.0,0.0,0.08699855002416627,2.3779603673272116,13.484775253745774,12.339294345094252,1.7109714838086036,0.3965,0.012665,0.0,0.0,0.0,0.0,0.0,0.0,0.0,0.0,0.0,0.0,0.32243618450515005,18.16390506045676,11.459919390953877,0.053739364084191686,0.0,0.0,0.0,0.0,0.0,0.0,0.0,0.0,0.0,0.0,0.0,0.0,0.0,0.0,0.0,0.0,0.3967,0.01262,0.0,0.0,0.0,0.0,0.0,0.0,0.0,0.0,0.0,0.0,0.21749637506041572,17.718704688255173,12.005799903334948,0.05799903334944419,0.0,0.0,0.0,0.0,0.0,0.0,0.0,0.0,0.0,0.0,0.0,0.0,0.0,0.0,0.0,0.0
64100,4488,2309,0.5144830659536542,1093,946,0.4543226381461676,1272,0.5668449197860963,0.4080000000000001,3.004589261128958,3.108852340698789,6.663430420711974,2.124747663490476,9514.780303030304,1614.3223356097112,7853.0,11083.0,11083.0,0.0,7853.0,0.0,28.12789661319073,21.01445998293408,32.969616908850725,19.32316770162107,0.13636363636363635,0.10271836007130125,0.09068627450980392,0.08645276292335116,0.08155080213903744,0.0766488413547237,0.06662210338680927,0.06372549019607843,0.06261140819964349,0.05013368983957219,0.04634581105169341,0.03832442067736185,0.03409090909090909,0.024732620320855617,0.018493761140819964,0.010918003565062388,0.009581105169340463,0.9309002164611841,0.02322312393275121,0.0,0.0,0.0,0.0,0.0,0.0,0.0,0.0,0.0,0.0,0.0,0.0,0.0,0.0,0.0,0.0,0.0,0.0,0.0,0.0,0.0,0.0,0.0,0.0,0.0,0.10026737967914441,2.747326203208557,13.255347593582892,12.02540106951872,1.8716577540106956,4.256682659355723,2.8668620669791234,nan,nan,nan,4.299454297407912,2.8889802818976933,4.2134986225895315,2.843703525881531,0.9800077710163816,0.3965,0.01283,0.0,0.0,0.0,0.0,0.0,0.0,0.0,0.0,0.0,0.0,0.2740641711229947,17.860962566844893,11.83823529411765,0.02673796791443851,0.0,0.0,0.0,0.0,0.0,0.0,0.0,0.0,0.0,0.0,0.0,0.0,0.0,0.0,0.0,0.0,nan,nan,4.256682659355723,2.8668620669791234,nan,0.3965,0.0663,0.0,0.0,0.0,0.0,0.0,0.0,0.0,0.0,0.0,0.0,0.0,0.0,0.0,0.0,0.0,0.0,0.0,0.0,0.0,7.798573975044564e-05,1.1140819964349376e-05,0.0021167557932263814,0.011842691622103387,0.0014594474153297682,0.0016042780748663102,0.004623440285204991,0.002696078431372549,0.016833778966131908,0.012020944741532976,0.01374777183600713,0.023774509803921567,0.02067736185383244,0.03201871657754011,0.019875222816399286,0.0633801247771836,0.034224598930481284,0.07342914438502673,0.06088458110516934,0.07670454545454546,0.036140819964349376,0.050423351158645276,0.06336898395721925,0.044195632798573976,0.062254901960784315,0.03072638146167558,0.030069073083778965,0.026392602495543673,0.03851381461675579,0.0392602495543672,0.025679590017825313,0.025779857397504456,0.017257130124777184,0.03227495543672014,0.0006573083778966132,0.0013703208556149734,0.001481729055258467,0.0021167557932263814,3.342245989304813e-05,0.0,0.0,0.0,0.0,0.0,0.0,0.0,0.0,0.0,0.0,0.0,0.0,0.0,0.0,0.0,0.0,0.0,0.0,0.0,0.0,0.0,0.0,0.0,0.0,0.0,0.0,0.0,0.0,0.0,0.0,0.0,0.0,0.0,0.0,0.0,0.0,0.0,0.0,0.0,0.0,0.0,0.0,0.0,nan,nan,4.256682659355723,2.8668620669791234,nan,0.9303650243450625,0.02329863615258901,0.0,0.0,0.0,0.0,0.0,0.0,0.0,0.0,0.0,0.0,0.0,0.0,0.0,0.0,0.0,0.0,0.0,0.0,0.0,0.0,0.0,0.0,0.0,0.0,0.0,0.10394110004330881,2.897358163707233,13.226504980511047,12.031182330012996,1.7410134257254226,0.9314673383501814,0.02312932754660545,0.0,0.0,0.0,0.0,0.0,0.0,0.0,0.0,0.0,0.0,0.0,0.0,0.0,0.0,0.0,0.0,0.0,0.0,0.0,0.0,0.0,0.0,0.0,0.0,0.0,0.09637448370812302,2.5883432767324464,13.285910968334102,12.019274896741628,2.0100963744837084,0.396,0.01278,0.0,0.0,0.0,0.0,0.0,0.0,0.0,0.0,0.0,0.0,0.31182330012992643,18.111736682546532,11.563447379818106,0.012992637505413601,0.0,0.0,0.0,0.0,0.0,0.0,0.0,0.0,0.0,0.0,0.0,0.0,0.0,0.0,0.0,0.0,0.3967,0.01287,0.0,0.0,0.0,0.0,0.0,0.0,0.0,0.0,0.0,0.0,0.23405231757687017,17.595227168425858,12.129417163836626,0.04130335016062415,0.0,0.0,0.0,0.0,0.0,0.0,0.0,0.0,0.0,0.0,0.0,0.0,0.0,0.0,0.0,0.0
64200,4384,2273,0.5184762773722628,1067,900,0.44867700729927007,1213,0.5533759124087592,0.4320000000000001,2.940312648034107,3.057980635617654,6.503484320557491,2.1678249955719737,9527.678375912408,1613.8969891069435,7853.0,11083.0,11083.0,0.0,7853.0,0.0,27.931797445255473,21.00557476967072,33.02838427947598,19.21436649807113,0.145757299270073,0.10082116788321167,0.08622262773722628,0.08508211678832117,0.07823905109489052,0.07846715328467153,0.07002737226277372,0.0625,0.05885036496350365,0.054288321167883215,0.04744525547445255,0.03832116788321168,0.03125,0.023950729927007298,0.01802007299270073,0.013458029197080291,0.0072992700729927005,0.931298349773253,0.023369748036191903,0.0,0.0,0.0,0.0,0.0,0.0,0.0,0.0,0.0,0.0,0.0,0.0,0.0,0.0,0.0,0.0,0.0,0.0,0.0,0.0,0.0,0.0,0.0,0.0,0.006843065693430659,0.06158759124087593,2.7919708029197086,13.056569343065696,12.180656934306572,1.902372262773723,4.229270021261517,2.8581304010090487,nan,nan,nan,4.2322807017543855,2.8440291517393717,4.226198997852541,2.87243971046383,0.9985630197214179,0.3962,0.01279,0.0,0.0,0.0,0.0,0.0,0.0,0.0,0.0,0.0,0.0,0.2463503649635037,18.48996350364961,11.21578467153285,0.04790145985401461,0.0,0.0,0.0,0.0,0.0,0.0,0.0,0.0,0.0,0.0,0.0,0.0,0.0,0.0,0.0,0.0,nan,nan,4.229270021261517,2.8581304010090487,nan,0.396,0.06647,0.0,0.0,0.0,0.0,0.0,0.0,0.0,0.0,0.0,0.0,0.0,0.0,0.0,0.0,0.0,0.0,0.0,0.0,0.0,0.0,0.0,0.0022924270072992702,0.011975364963503649,0.0020072992700729928,0.002075729927007299,0.0045848540145985404,0.0021213503649635036,0.01602417883211679,0.01125684306569343,0.013572080291970804,0.0245095802919708,0.020289689781021896,0.03275547445255474,0.020916970802919706,0.06362910583941606,0.03481979927007299,0.07777144160583942,0.06127965328467153,0.07566149635036497,0.034637317518248174,0.05331888686131387,0.060492700729927004,0.04249543795620438,0.05704835766423358,0.03112454379562044,0.03375912408759124,0.02664233576642336,0.03760264598540146,0.037671076642335766,0.02657390510948905,0.02622034671532847,0.017016423357664234,0.0312271897810219,0.0010492700729927008,0.0012203467153284672,0.0018476277372262773,0.0024520985401459854,5.702554744525547e-05,0.0,0.0,0.0,0.0,0.0,0.0,0.0,0.0,0.0,0.0,0.0,0.0,0.0,0.0,0.0,0.0,0.0,0.0,0.0,0.0,0.0,0.0,0.0,0.0,0.0,0.0,0.0,0.0,0.0,0.0,0.0,0.0,0.0,0.0,0.0,0.0,0.0,0.0,0.0,0.0,0.0,0.0,0.0,nan,nan,4.229270021261517,2.8581304010090487,nan,0.9320562679600831,0.0230812609209137,0.0,0.0,0.0,0.0,0.0,0.0,0.0,0.0,0.0,0.0,0.0,0.0,0.0,0.0,0.0,0.0,0.0,0.0,0.0,0.0,0.0,0.0,0.0,0.0,0.013198416190057197,0.013198416190057197,2.6660800703915535,12.881654201495824,12.446106467223936,1.9797624285085793,0.9304822682769646,0.02364930223833856,0.0,0.0,0.0,0.0,0.0,0.0,0.0,0.0,0.0,0.0,0.0,0.0,0.0,0.0,0.0,0.0,0.0,0.0,0.0,0.0,0.0,0.0,0.0,0.0,0.0,0.11369019422074848,2.927522501184274,13.244907626717199,11.894836570345811,1.8190431075319757,0.396,0.012596,0.0,0.0,0.0,0.0,0.0,0.0,0.0,0.0,0.0,0.0,0.21117465904091515,18.90013198416187,10.835899692036959,0.05279366476022879,0.0,0.0,0.0,0.0,0.0,0.0,0.0,0.0,0.0,0.0,0.0,0.0,0.0,0.0,0.0,0.0,0.3962,0.01298,0.0,0.0,0.0,0.0,0.0,0.0,0.0,0.0,0.0,0.0,0.2842254855518712,18.04831833254379,11.624822359071532,0.04263382283278068,0.0,0.0,0.0,0.0,0.0,0.0,0.0,0.0,0.0,0.0,0.0,0.0,0.0,0.0,0.0,0.0
64300,4599,2421,0.5264187866927593,1130,936,0.4492280930637095,1282,0.5575125027179821,0.4240000000000001,3.0280073461891646,3.1431482430543487,6.718543046357616,2.109640563638664,9553.332681017613,1612.7440384482427,7853.0,11083.0,11083.0,0.0,7853.0,0.0,28.228527940856708,20.885833742688757,33.10827532869296,19.092119558198068,0.13785605566427483,0.09784735812133072,0.09241139378125679,0.08436616655794738,0.08240921939552076,0.07175472928897586,0.07240704500978473,0.0639269406392694,0.0547945205479452,0.05370732767993042,0.0532724505327245,0.04218308327897369,0.032398347466840616,0.025657751685148944,0.018699717329854315,0.010871928680147858,0.005435964340073929,0.9311514224376749,0.023102297406390873,0.0,0.0,0.0,0.0,0.0,0.0,0.0,0.0,0.0,0.0,0.0,0.0,0.0,0.0,0.0,0.0,0.0,0.0,0.0,0.0,0.0,0.0,0.0,0.0,0.0,0.09132420091324203,2.615786040443575,13.16373124592303,12.302674494455319,1.8264840182648405,4.285857572718155,2.9707473714443458,nan,nan,nan,4.2025316455696204,2.951577947174312,4.370718603089322,2.9883772312447587,1.0400203904941459,0.3958,0.01263,0.0,0.0,0.0,0.0,0.0,0.0,0.0,0.0,0.0,0.0,0.26744944553163735,18.590998043052814,11.108936725375084,0.03261578604044358,0.0,0.0,0.0,0.0,0.0,0.0,0.0,0.0,0.0,0.0,0.0,0.0,0.0,0.0,0.0,0.0,nan,nan,4.285857572718155,2.9707473714443458,nan,0.3958,0.0661,0.0,0.0,0.0,0.0,0.0,0.0,0.0,0.0,0.0,0.0,0.0,0.0,0.0,0.0,0.0,0.0,0.0,0.0,0.0,0.0,0.0,0.0018264840182648401,0.012502717982170036,0.0015003261578604044,0.002913676886279626,0.004544466188301804,0.0029571646010002174,0.014492280930637095,0.012013481191563383,0.01451402478799739,0.024037834311806915,0.019678190911067622,0.03207218960643618,0.020352250489236792,0.06266579691237226,0.03589910850184823,0.07438573602957164,0.06462274407479887,0.07726679712981083,0.03734507501630789,0.05131550337029789,0.05993694281365514,0.0410958904109589,0.05868667101543814,0.033061535116329636,0.03414872798434442,0.028343118069145468,0.036279626005653404,0.03569254185692542,0.028604044357469015,0.02553816046966732,0.016655794737986517,0.02837573385518591,0.0008697542944118286,0.0013372472276581865,0.001837355946944988,0.0026310067405957817,0.0,0.0,0.0,0.0,0.0,0.0,0.0,0.0,0.0,0.0,0.0,0.0,0.0,0.0,0.0,0.0,0.0,0.0,0.0,0.0,0.0,0.0,0.0,0.0,0.0,0.0,0.0,0.0,0.0,0.0,0.0,0.0,0.0,0.0,0.0,0.0,0.0,0.0,0.0,0.0,0.0,0.0,0.0,0.0,nan,nan,4.285857572718155,2.9707473714443458,nan,0.9314457021287432,0.02320531536778091,0.0,0.0,0.0,0.0,0.0,0.0,0.0,0.0,0.0,0.0,0.0,0.0,0.0,0.0,0.0,0.0,0.0,0.0,0.0,0.0,0.0,0.0,0.0,0.0,0.0,0.11152416356877326,2.527881040892194,13.296158612143746,12.118959107806694,1.9454770755886002,0.9308243098885122,0.022982822210315168,0.0,0.0,0.0,0.0,0.0,0.0,0.0,0.0,0.0,0.0,0.0,0.0,0.0,0.0,0.0,0.0,0.0,0.0,0.0,0.0,0.0,0.0,0.0,0.0,0.0,0.06887052341597798,2.713498622589532,13.016528925619838,12.5068870523416,1.6942148760330582,0.396,0.01274,0.0,0.0,0.0,0.0,0.0,0.0,0.0,0.0,0.0,0.0,0.2602230483271376,18.327137546468375,11.36307311028501,0.04956629491945478,0.0,0.0,0.0,0.0,0.0,0.0,0.0,0.0,0.0,0.0,0.0,0.0,0.0,0.0,0.0,0.0,0.3958,0.012505,0.0,0.0,0.0,0.0,0.0,0.0,0.0,0.0,0.0,0.0,0.2754820936639119,18.88429752066113,10.826446280991737,0.013774104683195596,0.0,0.0,0.0,0.0,0.0,0.0,0.0,0.0,0.0,0.0,0.0,0.0,0.0,0.0,0.0,0.0
64400,4959,2544,0.5130066545674531,1218,1062,0.45977011494252873,1469,0.5924581568864691,0.34400000000000003,2.924223602484472,2.966558463557358,6.393982808022923,1.9728293093790763,9510.011494252874,1614.4534785340334,7853.0,11083.0,11083.0,0.0,7853.0,0.0,28.83625730994152,20.874291454941662,33.37553041018388,19.14061702747584,0.12825166364186327,0.09518047993547087,0.08792095180479935,0.08771929824561403,0.07985480943738657,0.0729985884250857,0.07622504537205081,0.0709820528332325,0.05928614640048397,0.05001008267795927,0.051018350473885865,0.04133897963299052,0.03528937285743093,0.023391812865497075,0.023593466424682397,0.01008267795926598,0.006856221012300867,0.9301788732033868,0.023215424109773408,0.0,0.0,0.0,0.0,0.0,0.0,0.0,0.0,0.0,0.0,0.0,0.0,0.0,0.0,0.0,0.0,0.0,0.0,0.0,0.0,0.0,0.0,0.0,0.0,0.0,0.0604960677555959,2.746521476104054,13.88989715668482,11.488203266787663,1.814882032667877,4.145460066808381,2.814938061756797,nan,nan,nan,4.153892215568862,2.7790328844426533,4.133785450061652,2.8497050875317265,0.9951595360534755,0.396,0.013245,0.0,0.0,0.0,0.0,0.0,0.0,0.0,0.0,0.0,0.0,0.3871748336358138,18.13672111312762,11.415607985480946,0.0604960677555959,0.0,0.0,0.0,0.0,0.0,0.0,0.0,0.0,0.0,0.0,0.0,0.0,0.0,0.0,0.0,0.0,nan,nan,4.145460066808381,2.814938061756797,nan,0.396,0.0662,0.0,0.0,0.0,0.0,0.0,0.0,0.0,0.0,0.0,0.0,0.0,0.0,0.0,0.0,0.0,0.0,0.0,1.0082677959265981e-05,0.0,0.0,5.0413389796329905e-05,0.0019056261343012705,0.011887477313974592,0.0017039725751159507,0.0035491026416616255,0.00411373260738052,0.0028634805404315388,0.014519056261343012,0.011121193789070376,0.015295422464206494,0.024833635813672112,0.018945351885460777,0.03162936075821738,0.021395442629562413,0.06161524500907441,0.03670094777172817,0.07128453317201049,0.0652954224642065,0.07888687235329704,0.03791086912684009,0.050685622101230086,0.05805605968945352,0.042206089937487395,0.05688646904617867,0.03489614841701956,0.03485581770518249,0.02953216374269006,0.036065739060294415,0.03591449889090542,0.028433151845130067,0.02348255696713047,0.01613228473482557,0.02995563621697923,0.000988102440008066,0.0014619883040935672,0.002177858439201452,0.002732405726961081,2.0165355918531963e-05,0.0,0.0,0.0,0.0,0.0,0.0,0.0,0.0,0.0,0.0,0.0,0.0,0.0,0.0,0.0,0.0,0.0,0.0,0.0,0.0,0.0,0.0,0.0,0.0,0.0,0.0,0.0,0.0,0.0,0.0,0.0,0.0,0.0,0.0,0.0,0.0,0.0,0.0,0.0,0.0,0.0,0.0,0.0,nan,nan,4.145460066808381,2.814938061756797,nan,0.9305610736398577,0.02315982163519485,0.0,0.0,0.0,0.0,0.0,0.0,0.0,0.0,0.0,0.0,0.0,0.0,0.0,0.0,0.0,0.0,0.0,0.0,0.0,0.0,0.0,0.0,0.0,0.0,0.0,0.04716981132075473,2.641509433962265,13.8561320754717,11.591981132075475,1.8632075471698117,0.9297762570914274,0.023267063694444416,0.0,0.0,0.0,0.0,0.0,0.0,0.0,0.0,0.0,0.0,0.0,0.0,0.0,0.0,0.0,0.0,0.0,0.0,0.0,0.0,0.0,0.0,0.0,0.0,0.0,0.07453416149068325,2.857142857142858,13.92546583850932,11.378881987577643,1.7639751552795035,0.396,0.0131,0.0,0.0,0.0,0.0,0.0,0.0,0.0,0.0,0.0,0.0,0.3773584905660378,18.195754716981106,11.332547169811324,0.09433962264150945,0.0,0.0,0.0,0.0,0.0,0.0,0.0,0.0,0.0,0.0,0.0,0.0,0.0,0.0,0.0,0.0,0.396,0.013405,0.0,0.0,0.0,0.0,0.0,0.0,0.0,0.0,0.0,0.0,0.39751552795031064,18.074534161490657,11.503105590062114,0.024844720496894415,0.0,0.0,0.0,0.0,0.0,0.0,0.0,0.0,0.0,0.0,0.0,0.0,0.0,0.0,0.0,0.0
64500,4089,2141,0.5235999021765713,1045,812,0.4541452677916361,1120,0.5478112007825874,0.4360000000000001,2.988193018480493,3.094070008809978,6.519056261343013,2.187885266775504,9544.227684030326,1613.2000310523715,7853.0,11083.0,11083.0,0.0,7853.0,0.0,28.385668867693813,21.145068347739652,33.552208248025735,19.26667756094487,0.14208853020298362,0.09415505013450721,0.0929322572756175,0.07948153582783077,0.08143800440205429,0.0772805086818293,0.06700904866715579,0.06896551724137931,0.055025678650036686,0.053313768647591096,0.043775984348251404,0.043286867204695524,0.036194668623135244,0.02641232575201761,0.019564685742235265,0.011249694301785278,0.007825874296894107,0.9293535233972474,0.023120036612257262,0.0,0.0,0.0,0.0,0.0,0.0,0.0,0.0,0.0,0.0,0.0,0.0,0.0,0.0,0.0,0.0,0.0,0.0,0.0,0.0,0.0,0.0,0.0,0.0,0.0,0.08804108584005871,3.1548055759354376,13.97652237710932,11.085840058694059,1.6947909024211303,4.108962439568613,2.8847371533184973,nan,nan,nan,4.1113505747126435,2.86197582925019,4.10570987654321,2.909981458474931,0.9986280181981737,0.3955,0.01343,0.0,0.0,0.0,0.0,0.0,0.0,0.0,0.0,0.0,0.0,0.4768892149669847,18.525311812178987,10.95377842993397,0.044020542920029354,0.0,0.0,0.0,0.0,0.0,0.0,0.0,0.0,0.0,0.0,0.0,0.0,0.0,0.0,0.0,0.0,nan,nan,4.108962439568613,2.8847371533184973,nan,0.3955,0.0667,0.0,0.0,0.0,0.0,0.0,0.0,0.0,0.0,0.0,0.0,0.0,0.0,0.0,2.4455857177794082e-05,0.0,0.0,0.0,2.4455857177794082e-05,0.0,2.4455857177794082e-05,4.8911714355588165e-05,0.0022621667889459528,0.01252139887503057,0.0013817559305453655,0.0037172902910247003,0.0037295182196135975,0.002763511861090731,0.014269992663242847,0.014184397163120567,0.01471019809244314,0.025385179750550258,0.020469552457813647,0.0322205918317437,0.020775250672536074,0.06277818537539741,0.03525311812179017,0.07326974810467107,0.0632061628760088,0.07792858889704084,0.03621912448031304,0.05348495964783566,0.05772805086818293,0.0384079236977256,0.05478112007825874,0.03557104426510149,0.03592565419417951,0.029616043042308634,0.035375397407679136,0.03505747126436782,0.029567131327953043,0.02446808510638298,0.01577402787967718,0.029848373685497677,0.001222792858889704,0.001235020787478601,0.002347762289068232,0.00239667400342382,1.2227928588897041e-05,1.2227928588897041e-05,0.0,0.0,0.0,0.0,0.0,0.0,0.0,0.0,0.0,0.0,0.0,0.0,0.0,0.0,0.0,0.0,0.0,0.0,0.0,0.0,0.0,0.0,0.0,0.0,0.0,0.0,0.0,0.0,0.0,0.0,0.0,0.0,0.0,0.0,0.0,0.0,0.0,0.0,0.0,0.0,0.0,0.0,nan,nan,4.108962439568613,2.8847371533184973,nan,0.9297979807586438,0.023114444348167243,0.0,0.0,0.0,0.0,0.0,0.0,0.0,0.0,0.0,0.0,0.0,0.0,0.0,0.0,0.0,0.0,0.0,0.0,0.0,0.0,0.0,0.0,0.0,0.0,0.0,0.09808500700607195,3.0406352171882305,13.858010275572166,11.335824381130315,1.6674451191032231,0.9288650309892651,0.02311632596524618,0.0,0.0,0.0,0.0,0.0,0.0,0.0,0.0,0.0,0.0,0.0,0.0,0.0,0.0,0.0,0.0,0.0,0.0,0.0,0.0,0.0,0.0,0.0,0.0,0.0,0.07700205338809037,3.28028747433265,14.106776180698155,10.811088295687886,1.7248459958932243,0.3955,0.01342,0.0,0.0,0.0,0.0,0.0,0.0,0.0,0.0,0.0,0.0,0.4764128911723495,18.425969173283484,11.055581503970108,0.042036431574030836,0.0,0.0,0.0,0.0,0.0,0.0,0.0,0.0,0.0,0.0,0.0,0.0,0.0,0.0,0.0,0.0,0.3953,0.013435,0.0,0.0,0.0,0.0,0.0,0.0,0.0,0.0,0.0,0.0,0.4774127310061603,18.63449691991784,10.841889117043124,0.046201232032854214,0.0,0.0,0.0,0.0,0.0,0.0,0.0,0.0,0.0,0.0,0.0,0.0,0.0,0.0,0.0,0.0
64600,4295,2164,0.5038416763678696,1054,889,0.45238649592549474,1212,0.5643771827706635,0.4120000000000001,2.8840919755983108,3.060961310983184,6.418060200668896,2.201202525495732,9480.408614668218,1614.9523294147157,7853.0,11083.0,11083.0,0.0,7853.0,0.0,27.80302677532014,20.754080685760112,32.904350250976016,18.910805642075953,0.14412107101280558,0.10174621653084982,0.08521536670547147,0.08684516880093132,0.07962747380675203,0.07520372526193247,0.07171129220023283,0.06286379511059371,0.06728754365541327,0.049825378346915014,0.047729918509895226,0.035157159487776486,0.03166472642607683,0.026309662398137368,0.018859138533178114,0.009313154831199068,0.006519208381839348,0.9294852825621093,0.023498317271895247,0.0,0.0,0.0,0.0,0.0,0.0,0.0,0.0,0.0,0.0,0.0,0.0,0.0,0.0,0.0,0.0,0.0,0.0,0.0,0.0,0.0,0.0,0.0,0.0,0.0,0.08381839348079163,3.059371362048895,14.018626309662402,11.238649592549478,1.5995343422584405,4.3579402232625135,2.920270964415685,nan,nan,nan,4.347322720694645,2.900082973770147,4.3672883787661405,2.940825818058679,1.0045926330650476,0.3955,0.01294,0.0,0.0,0.0,0.0,0.0,0.0,0.0,0.0,0.0,0.0,0.4540162980209547,18.600698486612313,10.903376018626311,0.04190919674039582,0.0,0.0,0.0,0.0,0.0,0.0,0.0,0.0,0.0,0.0,0.0,0.0,0.0,0.0,0.0,0.0,nan,nan,4.3579402232625135,2.920270964415685,nan,0.3955,0.0666,0.0,0.0,0.0,0.0,0.0,0.0,0.0,0.0,0.0,0.0,0.0,0.0,0.0,0.0,0.0,0.0,2.3282887077997672e-05,0.0,1.1641443538998836e-05,0.0,3.492433061699651e-05,0.0029336437718277064,0.012933643771827706,0.0012107101280558789,0.003341094295692666,0.0034458672875436556,0.0022584400465657743,0.01461001164144354,0.013876600698486612,0.015075669383003492,0.025518044237485448,0.018253783469150176,0.03221187427240978,0.0230267753201397,0.06538998835855646,0.03657741559953434,0.06926658905704307,0.06245634458672875,0.07552968568102444,0.03913853317811409,0.049988358556461,0.05888242142025611,0.03946449359720605,0.05578579743888242,0.03708963911525029,0.03533178114086147,0.030360884749708963,0.036239813736903374,0.033830034924330614,0.029627473806752038,0.02458672875436554,0.014924330616996507,0.030535506402793948,0.0007566938300349244,0.001071012805587893,0.002351571594877765,0.001979045401629802,4.6565774155995343e-05,0.0,2.3282887077997672e-05,0.0,0.0,0.0,0.0,0.0,0.0,0.0,0.0,0.0,0.0,0.0,0.0,0.0,0.0,0.0,0.0,0.0,0.0,0.0,0.0,0.0,0.0,0.0,0.0,0.0,0.0,0.0,0.0,0.0,0.0,0.0,0.0,0.0,0.0,0.0,0.0,0.0,0.0,0.0,0.0,0.0,nan,nan,4.3579402232625135,2.920270964415685,nan,0.9297534246651831,0.02347554603207116,0.0,0.0,0.0,0.0,0.0,0.0,0.0,0.0,0.0,0.0,0.0,0.0,0.0,0.0,0.0,0.0,0.0,0.0,0.0,0.0,0.0,0.0,0.0,0.0,0.0,0.09704251386321629,3.0360443622920528,13.793900184842887,11.492606284658043,1.5804066543438082,0.9292129880942296,0.023518290204490037,0.0,0.0,0.0,0.0,0.0,0.0,0.0,0.0,0.0,0.0,0.0,0.0,0.0,0.0,0.0,0.0,0.0,0.0,0.0,0.0,0.0,0.0,0.0,0.0,0.0,0.07038948850305023,3.0830595964336003,14.246832473017367,10.980760206475834,1.6189582355701553,0.3955,0.01302,0.0,0.0,0.0,0.0,0.0,0.0,0.0,0.0,0.0,0.0,0.4020332717190389,18.632162661737496,10.910351201478745,0.055452865064695024,0.0,0.0,0.0,0.0,0.0,0.0,0.0,0.0,0.0,0.0,0.0,0.0,0.0,0.0,0.0,0.0,0.3955,0.012856,0.0,0.0,0.0,0.0,0.0,0.0,0.0,0.0,0.0,0.0,0.5068043172219616,18.568747067104617,10.896292820272174,0.028155795401220093,0.0,0.0,0.0,0.0,0.0,0.0,0.0,0.0,0.0,0.0,0.0,0.0,0.0,0.0,0.0,0.0
64700,4475,2304,0.5148603351955308,1089,918,0.4484916201117318,1269,0.5671508379888268,0.4000000000000001,3.0451404882542605,3.1035837765420866,6.546178343949045,2.125692404251565,9515.998882681564,1614.286562931539,7853.0,11083.0,11083.0,0.0,7853.0,0.0,27.83977653631285,20.86158759111042,33.01556211430105,19.01710848645954,0.1452513966480447,0.10435754189944134,0.0875977653631285,0.08156424581005586,0.07955307262569833,0.071731843575419,0.07441340782122904,0.06301675977653631,0.060335195530726256,0.05139664804469274,0.04692737430167598,0.04111731843575419,0.033072625698324025,0.02569832402234637,0.01743016759776536,0.0111731843575419,0.005363128491620112,0.9289602423380207,0.023368751269046535,0.0,0.0,0.0,0.0,0.0,0.0,0.0,0.0,0.0,0.0,0.0,0.0,0.0,0.0,0.0,0.0,0.0,0.0,0.0,0.0,0.0,0.0,0.0,0.0,0.0,0.07374301675977656,3.231284916201118,13.789944134078215,11.309497206703913,1.5955307262569836,4.222106722106722,2.8249108186715444,nan,nan,nan,4.132823365785813,2.8227210874204007,4.30822391154112,2.8236013087355167,1.0424408522288626,0.3953,0.01289,0.0,0.0,0.0,0.0,0.0,0.0,0.0,0.0,0.0,0.0,0.40223463687150846,18.496089385474836,11.081564245810059,0.020111731843575422,0.0,0.0,0.0,0.0,0.0,0.0,0.0,0.0,0.0,0.0,0.0,0.0,0.0,0.0,0.0,0.0,nan,nan,4.222106722106722,2.8249108186715444,nan,0.3953,0.06616,0.0,0.0,0.0,0.0,0.0,0.0,0.0,0.0,0.0,0.0,0.0,0.0,0.0,0.0,0.0,0.0,1.11731843575419e-05,0.0,2.23463687150838e-05,4.46927374301676e-05,0.0,0.0033854748603351957,0.011150837988826816,0.001441340782122905,0.002770949720670391,0.003217877094972067,0.0022346368715083797,0.014424581005586593,0.014245810055865922,0.01499441340782123,0.025139664804469275,0.01860335195530726,0.033206703910614525,0.024189944134078212,0.06462569832402235,0.03529608938547486,0.0696536312849162,0.0666145251396648,0.07377653631284917,0.04007821229050279,0.05072625698324022,0.05784357541899442,0.038100558659217874,0.055251396648044696,0.0364804469273743,0.03722905027932961,0.030815642458100558,0.036335195530726255,0.03354189944134078,0.029374301675977654,0.025039106145251396,0.013932960893854748,0.030614525139664804,0.0006256983240223463,0.0009385474860335195,0.002078212290502793,0.001888268156424581,5.58659217877095e-05,0.0,0.0,0.0,0.0,0.0,0.0,0.0,0.0,0.0,0.0,0.0,0.0,0.0,0.0,0.0,0.0,0.0,0.0,0.0,0.0,0.0,0.0,0.0,0.0,0.0,0.0,0.0,0.0,0.0,0.0,0.0,0.0,0.0,0.0,0.0,0.0,0.0,0.0,0.0,0.0,0.0,0.0,0.0,nan,nan,4.222106722106722,2.8249108186715444,nan,0.9296638508999927,0.023200195333789503,0.0,0.0,0.0,0.0,0.0,0.0,0.0,0.0,0.0,0.0,0.0,0.0,0.0,0.0,0.0,0.0,0.0,0.0,0.0,0.0,0.0,0.0,0.0,0.0,0.0,0.06510416666666669,2.968750000000001,13.632812500000004,11.640625000000004,1.6927083333333337,0.9282135292441546,0.023523305659352286,0.0,0.0,0.0,0.0,0.0,0.0,0.0,0.0,0.0,0.0,0.0,0.0,0.0,0.0,0.0,0.0,0.0,0.0,0.0,0.0,0.0,0.0,0.0,0.0,0.0,0.08291110087517274,3.509903270382313,13.95670198065408,10.958083832335332,1.4923998157531095,0.3955,0.0129,0.0,0.0,0.0,0.0,0.0,0.0,0.0,0.0,0.0,0.0,0.41666666666666674,18.177083333333307,11.380208333333336,0.02604166666666667,0.0,0.0,0.0,0.0,0.0,0.0,0.0,0.0,0.0,0.0,0.0,0.0,0.0,0.0,0.0,0.0,0.3953,0.01287,0.0,0.0,0.0,0.0,0.0,0.0,0.0,0.0,0.0,0.0,0.3869184707508062,18.83463841547671,10.764624596959928,0.013818516812528792,0.0,0.0,0.0,0.0,0.0,0.0,0.0,0.0,0.0,0.0,0.0,0.0,0.0,0.0,0.0,0.0
64800,4148,2235,0.5388138862102217,1023,810,0.44189971070395373,1111,0.5356798457087754,0.4240000000000001,2.937271301620491,3.070394911368688,6.5399239543726235,2.119375399845864,9593.368852459016,1610.1265946605286,7853.0,11083.0,11083.0,0.0,7853.0,0.0,27.88910318225651,20.949559362412092,32.72781911848884,19.286056160234207,0.13813886210221793,0.1055930568948891,0.0940212150433944,0.08389585342333655,0.08124397299903569,0.07618129218900675,0.06750241080038573,0.062198649951783994,0.05665380906460945,0.05231436837029894,0.04918032786885246,0.03616200578592092,0.03182256509161042,0.03085824493731919,0.014705882352941176,0.01133076181292189,0.00819672131147541,0.928009227636695,0.023148354100911324,0.0,0.0,0.0,0.0,0.0,0.0,0.0,0.0,0.0,0.0,0.0,0.0,0.0,0.0,0.0,0.0,0.0,0.0,0.0,0.0,0.0,0.0,0.0,0.0,0.0,0.13741562198649954,3.1894889103182265,14.269527483124401,10.98601735776278,1.4175506268081004,4.19365798414496,2.8965850849661456,nan,nan,nan,4.294073518379595,2.897437000331348,4.0919452887537995,2.892169837306818,0.9529285586842792,0.3953,0.01331,0.0,0.0,0.0,0.0,0.0,0.0,0.0,0.0,0.0,0.0,0.4484088717454196,18.724686595949827,10.783510125361621,0.04339440694310512,0.0,0.0,0.0,0.0,0.0,0.0,0.0,0.0,0.0,0.0,0.0,0.0,0.0,0.0,0.0,0.0,nan,nan,4.19365798414496,2.8965850849661456,nan,0.3953,0.0661,0.0,0.0,0.0,0.0,0.0,0.0,0.0,0.0,0.0,0.0,0.0,0.0,0.0,0.0,0.0,0.0,0.0,0.0,8.437801350048216e-05,0.0,1.2054001928640309e-05,0.003170202507232401,0.010800385728061716,0.001530858244937319,0.0032304725168756025,0.0028326904532304724,0.002880906460945034,0.014344262295081968,0.014211668273866924,0.014271938283510125,0.025337512054001927,0.016670684667309546,0.03223240115718418,0.026494696239151398,0.06652603664416586,0.03493249758919961,0.07043153326904532,0.06705641272902603,0.0763138862102218,0.041501928640308584,0.04836065573770492,0.05554484088717454,0.03668032786885246,0.056918997107039536,0.035270009643201546,0.037295081967213116,0.03083413693346191,0.03576422372227579,0.03349807135969142,0.027302314368370297,0.02696480231436837,0.01483847637415622,0.029954194792671168,0.000819672131147541,0.0009402121504339441,0.0021215043394406945,0.00196480231436837,3.616200578592093e-05,0.0,0.0,2.4108003857280618e-05,0.0,0.0,0.0,0.0,0.0,0.0,0.0,0.0,0.0,0.0,0.0,0.0,0.0,0.0,0.0,0.0,0.0,0.0,0.0,0.0,0.0,0.0,0.0,0.0,0.0,0.0,0.0,0.0,0.0,0.0,0.0,0.0,0.0,0.0,0.0,0.0,0.0,0.0,0.0,0.0,nan,nan,4.19365798414496,2.8965850849661456,nan,0.9279056536004581,0.023012327728065538,0.0,0.0,0.0,0.0,0.0,0.0,0.0,0.0,0.0,0.0,0.0,0.0,0.0,0.0,0.0,0.0,0.0,0.0,0.0,0.0,0.0,0.0,0.0,0.0,0.0,0.09395973154362419,3.261744966442954,14.48322147651007,10.671140939597317,1.4899328859060408,0.9281302354626174,0.02330568808728493,0.0,0.0,0.0,0.0,0.0,0.0,0.0,0.0,0.0,0.0,0.0,0.0,0.0,0.0,0.0,0.0,0.0,0.0,0.0,0.0,0.0,0.0,0.0,0.0,0.0,0.1881860951385259,3.1050705697856773,14.019864087820181,11.353894406691063,1.3329848405645586,0.3953,0.01327,0.0,0.0,0.0,0.0,0.0,0.0,0.0,0.0,0.0,0.0,0.3355704697986578,18.684563758389235,10.939597315436243,0.04026845637583893,0.0,0.0,0.0,0.0,0.0,0.0,0.0,0.0,0.0,0.0,0.0,0.0,0.0,0.0,0.0,0.0,0.3953,0.01336,0.0,0.0,0.0,0.0,0.0,0.0,0.0,0.0,0.0,0.0,0.5802404600104549,18.77156299006793,10.60115002613696,0.04704652378463148,0.0,0.0,0.0,0.0,0.0,0.0,0.0,0.0,0.0,0.0,0.0,0.0,0.0,0.0,0.0,0.0
64900,4172,2187,0.524209012464046,1008,842,0.4434324065196548,1132,0.5426653883029722,0.4320000000000001,2.972292191435768,3.128440761344829,6.646296296296296,2.246578712666998,9546.195110258868,1613.1058628408748,7853.0,11083.0,11083.0,0.0,7853.0,0.0,27.7931447746884,21.071503637989608,32.94618705035971,19.325913099155013,0.1433365292425695,0.10882070949185044,0.09084372003835091,0.08029721955896453,0.07813998082454458,0.07622243528283797,0.062320230105465,0.06903163950143816,0.06351869606903164,0.0462607861936721,0.04554170661553212,0.03883029721955897,0.034036433365292426,0.025407478427612654,0.01893576222435283,0.010786193672099712,0.007670182166826462,0.9283289010149863,0.023194612156287677,0.0,0.0,0.0,0.0,0.0,0.0,0.0,0.0,0.0,0.0,0.0,0.0,0.0,0.0,0.0,0.0,0.0,0.0,0.0,0.0,0.0,0.0,0.0,0.0,0.0,0.09348034515819753,3.264621284755514,14.165867689357626,11.030680728667308,1.4453499520613617,4.258827948910594,2.887228512526577,nan,nan,nan,4.272379495026779,2.9373765939365564,4.245756457564576,2.8379561144381267,0.9937685691326827,0.3958,0.012825,0.0,0.0,0.0,0.0,0.0,0.0,0.0,0.0,0.0,0.0,0.36673058485139026,18.566634707574277,11.023489932885909,0.043144774688398856,0.0,0.0,0.0,0.0,0.0,0.0,0.0,0.0,0.0,0.0,0.0,0.0,0.0,0.0,0.0,0.0,nan,nan,4.258827948910594,2.887228512526577,nan,0.3958,0.06647,0.0,0.0,0.0,0.0,0.0,0.0,0.0,0.0,0.0,0.0,0.0,0.0,0.0,0.0,0.0,0.0,0.0,0.0,3.595397890699904e-05,0.0,9.587727708533077e-05,0.002444870565675935,0.011433365292425696,0.0021212847555129436,0.003978906999041227,0.0034276126558005753,0.003355704697986577,0.01552013422818792,0.012811601150527326,0.016059443911792905,0.024029242569511024,0.013794343240651966,0.030632790028763183,0.023633748801534037,0.06626318312559923,0.03758389261744966,0.07052972195589645,0.06599952061361457,0.07484419942473634,0.04340843720038351,0.048334132310642375,0.055069511025886864,0.03687679769894535,0.057262703739213806,0.03596596356663471,0.03566634707574305,0.03113614573346117,0.03644534995206136,0.03667305848513902,0.027672579098753595,0.026558005752636626,0.013950143815915628,0.029674017257909874,0.001138542665388303,0.0010666347075743048,0.0019894534995206136,0.002277085330776606,0.00015580057526366252,0.0,0.0,8.389261744966443e-05,0.0,0.0,0.0,0.0,0.0,0.0,0.0,0.0,0.0,0.0,0.0,0.0,0.0,0.0,0.0,0.0,0.0,0.0,0.0,0.0,0.0,0.0,0.0,0.0,0.0,0.0,0.0,0.0,0.0,0.0,0.0,0.0,0.0,0.0,0.0,0.0,0.0,0.0,0.0,0.0,nan,nan,4.258827948910594,2.887228512526577,nan,0.9281307136461949,0.023348465751561805,0.0,0.0,0.0,0.0,0.0,0.0,0.0,0.0,0.0,0.0,0.0,0.0,0.0,0.0,0.0,0.0,0.0,0.0,0.0,0.0,0.0,0.0,0.0,0.0,0.0,0.10973936899862828,3.388203017832648,14.224965706447191,10.877914951989029,1.3991769547325106,0.928547256569418,0.02302193629194853,0.0,0.0,0.0,0.0,0.0,0.0,0.0,0.0,0.0,0.0,0.0,0.0,0.0,0.0,0.0,0.0,0.0,0.0,0.0,0.0,0.0,0.0,0.0,0.0,0.0,0.07556675062972294,3.12846347607053,14.1007556675063,11.198992443324938,1.496221662468514,0.3958,0.01284,0.0,0.0,0.0,0.0,0.0,0.0,0.0,0.0,0.0,0.0,0.3429355281207134,18.340192043895723,11.275720164609057,0.041152263374485604,0.0,0.0,0.0,0.0,0.0,0.0,0.0,0.0,0.0,0.0,0.0,0.0,0.0,0.0,0.0,0.0,0.3955,0.01281,0.0,0.0,0.0,0.0,0.0,0.0,0.0,0.0,0.0,0.0,0.3929471032745593,18.816120906800982,10.745591939546602,0.04534005037783376,0.0,0.0,0.0,0.0,0.0,0.0,0.0,0.0,0.0,0.0,0.0,0.0,0.0,0.0,0.0,0.0
65000,4421,2280,0.5157204252431576,1094,931,0.45804116715675186,1234,0.5582447410088215,0.4160000000000001,2.9574964969640356,3.071705119408371,6.618556701030927,2.080559495375055,9518.7769735354,1614.2015670165188,7853.0,11083.0,11083.0,0.0,7853.0,0.0,27.32187287943904,20.654923645934833,32.68941885964912,18.750695247110045,0.1540375480660484,0.09500113096584484,0.09047726758651889,0.08301289301063108,0.08323908617959738,0.07803664329337254,0.07441755258991178,0.059036417100203575,0.05835783759330468,0.05247681520018095,0.04682198597602352,0.039583804569102016,0.03076227097941642,0.022619316896629722,0.015154942320741913,0.011083465279348564,0.005881022393123728,0.9283026019606324,0.022723309010970572,0.0,0.0,0.0,0.0,0.0,0.0,0.0,0.0,0.0,0.0,0.0,0.0,0.0,0.0,0.0,0.0,0.0,0.0,0.0,0.0,0.0,0.0,0.0,0.0,0.0,0.1153585161728116,3.1146799366659135,14.284098620221673,11.16263288848677,1.3232300384528388,4.25956090651558,2.8414638987061176,nan,nan,nan,4.133659902029391,2.7990139919801185,4.390961262553802,2.8781976306504573,1.062245411239103,0.3943,0.0129,0.0,0.0,0.0,0.0,0.0,0.0,0.0,0.0,0.0,0.0,0.3664329337254016,19.67880570006783,9.920832390861797,0.03392897534494459,0.0,0.0,0.0,0.0,0.0,0.0,0.0,0.0,0.0,0.0,0.0,0.0,0.0,0.0,0.0,0.0,nan,nan,4.25956090651558,2.8414638987061176,nan,0.3943,0.06665,0.0,0.0,0.0,0.0,0.0,0.0,0.0,0.0,0.0,0.0,0.0,0.0,0.0,0.0,0.0,0.0,0.0,0.0,0.00014702555982809318,0.0,0.00037321872879439043,0.0024994345170775843,0.011173942546935083,0.0015041845736258766,0.003743496946392219,0.0035399230943225514,0.004297670210359647,0.017710925130061072,0.012621578828319385,0.01756389957023298,0.025322325265776973,0.014453743496946392,0.03050214883510518,0.02454195883284325,0.06516625197919022,0.03857724496720199,0.07513006107215563,0.06481565256729246,0.06975797330920606,0.04260348337480208,0.04795295182085501,0.05789414159692377,0.03779687853426827,0.05853879212847772,0.033861117394254694,0.035512327527708665,0.03148608912010857,0.037751639900475004,0.033069441302872656,0.023727663424564577,0.026102691698710698,0.013187061750735128,0.02999321420493101,0.0013119203800045238,0.0007690567744854105,0.001470255598280932,0.002917891879665234,0.0002601221443112418,3.3928975344944584e-05,0.0,0.00024881248586292693,6.785795068988917e-05,0.0,0.0,0.0,0.0,0.0,0.0,0.0,0.0,0.0,0.0,0.0,0.0,0.0,0.0,0.0,0.0,0.0,0.0,0.0,0.0,0.0,0.0,0.0,0.0,0.0,0.0,0.0,0.0,0.0,0.0,0.0,0.0,0.0,0.0,0.0,0.0,0.0,0.0,0.0,nan,nan,4.25956090651558,2.8414638987061176,nan,0.9277574644015546,0.022808930284505455,0.0,0.0,0.0,0.0,0.0,0.0,0.0,0.0,0.0,0.0,0.0,0.0,0.0,0.0,0.0,0.0,0.0,0.0,0.0,0.0,0.0,0.0,0.0,0.0,0.0,0.1447368421052632,3.2236842105263164,14.236842105263161,11.197368421052635,1.1973684210526319,0.9288831314490478,0.022617330905392967,0.0,0.0,0.0,0.0,0.0,0.0,0.0,0.0,0.0,0.0,0.0,0.0,0.0,0.0,0.0,0.0,0.0,0.0,0.0,0.0,0.0,0.0,0.0,0.0,0.0,0.08407286314806167,2.9985987856142,14.334423166744516,11.12564222326016,1.457262961233069,0.3943,0.01269,0.0,0.0,0.0,0.0,0.0,0.0,0.0,0.0,0.0,0.0,0.3947368421052633,19.81578947368418,9.776315789473685,0.013157894736842108,0.0,0.0,0.0,0.0,0.0,0.0,0.0,0.0,0.0,0.0,0.0,0.0,0.0,0.0,0.0,0.0,0.3943,0.01312,0.0,0.0,0.0,0.0,0.0,0.0,0.0,0.0,0.0,0.0,0.3362914525922467,19.532928538066297,10.07473143390939,0.056048575432041114,0.0,0.0,0.0,0.0,0.0,0.0,0.0,0.0,0.0,0.0,0.0,0.0,0.0,0.0,0.0,0.0
65100,4520,2365,0.5232300884955752,1091,904,0.4413716814159292,1267,0.5606194690265487,0.4280000000000001,3.011136890951276,3.074159399911405,6.4825949367088604,2.173564033580706,9543.033185840708,1613.2560308340999,7853.0,11083.0,11083.0,0.0,7853.0,0.0,27.96991150442478,20.870385441762778,32.726773096048156,19.192742341162898,0.1351769911504425,0.1006637168141593,0.09778761061946903,0.08827433628318584,0.08517699115044247,0.06814159292035399,0.06836283185840708,0.060398230088495576,0.05641592920353982,0.05575221238938053,0.048008849557522125,0.03938053097345133,0.036946902654867254,0.027212389380530975,0.017477876106194692,0.008407079646017699,0.006415929203539823,0.9281495870082779,0.023166117618711894,0.0,0.0,0.0,0.0,0.0,0.0,0.0,0.0,0.0,0.0,0.0,0.0,0.0,0.0,0.0,0.0,0.0,0.0,0.0,0.0,0.0,0.0,0.0,0.0,0.0,0.12610619469026552,3.1924778761061954,14.236725663716818,10.904867256637171,1.539823008849558,4.295619179027251,2.8749764528677804,nan,nan,nan,4.281059063136456,2.8941077800255264,4.310659186535764,2.8550020055804906,1.0069142057987917,0.3948,0.01263,0.0,0.0,0.0,0.0,0.0,0.0,0.0,0.0,0.0,0.0,0.32522123893805316,19.513274336283157,10.128318584070797,0.033185840707964605,0.0,0.0,0.0,0.0,0.0,0.0,0.0,0.0,0.0,0.0,0.0,0.0,0.0,0.0,0.0,0.0,nan,nan,4.295619179027251,2.8749764528677804,nan,0.3948,0.0664,0.0,0.0,0.0,0.0,0.0,0.0,0.0,0.0,0.0,0.0,0.0,0.0,0.0,0.0,0.0,0.0,0.0,0.0,2.2123893805309735e-05,0.0,0.00026548672566371683,0.002577433628318584,0.011172566371681417,0.0015265486725663717,0.0031969026548672565,0.0025663716814159293,0.004092920353982301,0.016526548672566373,0.012057522123893806,0.01709070796460177,0.02738938053097345,0.0146570796460177,0.029623893805309734,0.025896017699115044,0.06357300884955752,0.03924778761061947,0.07596238938053097,0.06938053097345133,0.06771017699115044,0.03932522123893805,0.04890486725663717,0.05842920353982301,0.03901548672566372,0.056305309734513274,0.03507743362831858,0.03375,0.030685840707964603,0.038738938053097347,0.03386061946902655,0.022466814159292036,0.02816371681415929,0.013241150442477876,0.02993362831858407,0.0017699115044247787,0.000995575221238938,0.001504424778761062,0.0027876106194690267,0.0002765486725663717,5.5309734513274336e-05,1.1061946902654867e-05,0.000165929203539823,0.0,0.0,0.0,0.0,0.0,0.0,0.0,0.0,0.0,0.0,0.0,0.0,0.0,0.0,0.0,0.0,0.0,0.0,0.0,0.0,0.0,0.0,0.0,0.0,0.0,0.0,0.0,0.0,0.0,0.0,0.0,0.0,0.0,0.0,0.0,0.0,0.0,0.0,0.0,0.0,nan,nan,4.295619179027251,2.8749764528677804,nan,0.9275762712728649,0.023531133335241587,0.0,0.0,0.0,0.0,0.0,0.0,0.0,0.0,0.0,0.0,0.0,0.0,0.0,0.0,0.0,0.0,0.0,0.0,0.0,0.0,0.0,0.0,0.0,0.0,0.0,0.19027484143763218,3.260042283298098,14.321353065539116,10.668076109936578,1.5602536997885839,0.9287787710984179,0.02274216702746804,0.0,0.0,0.0,0.0,0.0,0.0,0.0,0.0,0.0,0.0,0.0,0.0,0.0,0.0,0.0,0.0,0.0,0.0,0.0,0.0,0.0,0.0,0.0,0.0,0.0,0.05568445475638052,3.1183294663573093,14.143851508120653,11.164733178654293,1.5174013921113694,0.395,0.01257,0.0,0.0,0.0,0.0,0.0,0.0,0.0,0.0,0.0,0.0,0.24101479915433408,19.344608879492572,10.363636363636365,0.050739957716701915,0.0,0.0,0.0,0.0,0.0,0.0,0.0,0.0,0.0,0.0,0.0,0.0,0.0,0.0,0.0,0.0,0.3945,0.01268,0.0,0.0,0.0,0.0,0.0,0.0,0.0,0.0,0.0,0.0,0.4176334106728539,19.69837587006958,9.870069605568448,0.01392111368909513,0.0,0.0,0.0,0.0,0.0,0.0,0.0,0.0,0.0,0.0,0.0,0.0,0.0,0.0,0.0,0.0
65200,4735,2421,0.5112988384371701,1145,939,0.44012671594508973,1295,0.5469904963041182,0.4280000000000001,3.1097666378565254,3.2379101155152172,6.903030303030303,2.1262407926132534,9504.49524815206,1614.587593431313,7853.0,11083.0,11083.0,0.0,7853.0,0.0,27.90454065469905,20.79034405662406,32.508584224931575,19.19619149890837,0.1324181626187962,0.10158394931362197,0.1003167898627244,0.0870116156282999,0.08384371700105597,0.07835269271383316,0.06779303062302007,0.058711721224920806,0.05512143611404435,0.05047518479408659,0.04751847940865892,0.04350580781414995,0.03125659978880676,0.029778247096092926,0.014783526927138331,0.009503695881731784,0.008025343189017951,0.928189081589297,0.02300956270868052,0.0,0.0,0.0,0.0,0.0,0.0,0.0,0.0,0.0,0.0,0.0,0.0,0.0,0.0,0.0,0.0,0.0,0.0,0.0,0.0,0.0,0.0,0.0,0.0,0.0,0.12038014783526929,3.3453009503695887,14.116156282998947,11.030623020063361,1.387539598732841,4.343082484390404,3.034028820902202,nan,nan,nan,4.357285429141717,3.011525622761245,4.330084470435348,3.0565726206320423,0.9937573612863533,0.395,0.01274,0.0,0.0,0.0,0.0,0.0,0.0,0.0,0.0,0.0,0.0,0.43083421330517435,19.064413938753933,10.492080253431894,0.012671594508975715,0.0,0.0,0.0,0.0,0.0,0.0,0.0,0.0,0.0,0.0,0.0,0.0,0.0,0.0,0.0,0.0,nan,nan,4.343082484390404,3.034028820902202,nan,0.395,0.0665,0.0,0.0,0.0,0.0,0.0,0.0,0.0,0.0,0.0,0.0,0.0,0.0,0.0,0.0,0.0,0.0,0.0,0.0,2.1119324181626187e-05,0.0,0.0006019007391763464,0.0022914466737064413,0.011446673706441394,0.0013833157338965154,0.0023336853220696937,0.002375923970432946,0.004340021119324182,0.01689545934530095,0.012375923970432946,0.01836325237592397,0.02836325237592397,0.015945089757127773,0.026304118268215416,0.024033790918690602,0.06487856388595566,0.03719112988384372,0.07710665258711721,0.06742344244984161,0.06784582893347413,0.040876451953537486,0.049292502639915525,0.05858500527983104,0.03992608236536431,0.05646251319957761,0.033643083421330516,0.03351636747624076,0.03041182682154171,0.03841605068637804,0.0362090813093981,0.02170010559662091,0.028099260823653643,0.013453009503695882,0.02969376979936642,0.0020485744456177402,0.0012777191129883844,0.0018268215417106652,0.002587117212249208,0.0002534318901795143,1.0559662090813093e-05,0.0,0.0001900739176346357,0.0,0.0,0.0,0.0,0.0,0.0,0.0,0.0,0.0,0.0,0.0,0.0,0.0,0.0,0.0,0.0,0.0,0.0,0.0,0.0,0.0,0.0,0.0,0.0,0.0,0.0,0.0,0.0,0.0,0.0,0.0,0.0,0.0,0.0,0.0,0.0,0.0,0.0,0.0,0.0,nan,nan,4.343082484390404,3.034028820902202,nan,0.9284216935897553,0.023078220249028506,0.0,0.0,0.0,0.0,0.0,0.0,0.0,0.0,0.0,0.0,0.0,0.0,0.0,0.0,0.0,0.0,0.0,0.0,0.0,0.0,0.0,0.0,0.0,0.0,0.0,0.13630731102850063,3.4076827757125163,13.890954151177203,11.140024783147462,1.425030978934325,0.9279457135456023,0.02293498521904997,0.0,0.0,0.0,0.0,0.0,0.0,0.0,0.0,0.0,0.0,0.0,0.0,0.0,0.0,0.0,0.0,0.0,0.0,0.0,0.0,0.0,0.0,0.0,0.0,0.0,0.10371650821089026,3.2800345721694044,14.35177182368194,10.9161624891962,1.3483146067415734,0.395,0.01266,0.0,0.0,0.0,0.0,0.0,0.0,0.0,0.0,0.0,0.0,0.40892193308550195,19.18215613382897,10.39653035935564,0.012391573729863695,0.0,0.0,0.0,0.0,0.0,0.0,0.0,0.0,0.0,0.0,0.0,0.0,0.0,0.0,0.0,0.0,0.395,0.01281,0.0,0.0,0.0,0.0,0.0,0.0,0.0,0.0,0.0,0.0,0.45375972342264487,18.9412273120138,10.592048401037166,0.012964563526361283,0.0,0.0,0.0,0.0,0.0,0.0,0.0,0.0,0.0,0.0,0.0,0.0,0.0,0.0,0.0,0.0
65300,4850,2551,0.5259793814432989,1250,968,0.457319587628866,1330,0.5484536082474227,0.4120000000000001,3.005219660722053,3.1249140824428374,6.613293051359516,2.109181131873556,9551.913402061855,1612.818508374208,7853.0,11083.0,11083.0,0.0,7853.0,0.0,28.141443298969072,20.70883555591276,32.887697929354445,18.960008099268947,0.13505154639175257,0.09876288659793814,0.0911340206185567,0.08597938144329897,0.08536082474226804,0.07628865979381444,0.07072164948453609,0.06206185567010309,0.0554639175257732,0.05711340206185567,0.04927835051546392,0.03876288659793815,0.03443298969072165,0.026804123711340205,0.01752577319587629,0.008865979381443298,0.006391752577319588,0.9288177538163883,0.023000038691194456,0.0,0.0,0.0,0.0,0.0,0.0,0.0,0.0,0.0,0.0,0.0,0.0,0.0,0.0,0.0,0.0,0.0,0.0,0.0,0.0,0.0,0.0,0.0,0.0,0.0,0.10515463917525776,3.0185567010309287,14.115463917525776,11.288659793814436,1.4721649484536086,4.159119496855346,2.953916786564394,nan,nan,nan,4.098873591989988,2.9542165589437435,4.219974715549937,2.952366125488311,1.0295449764043967,0.3948,0.01278,0.0,0.0,0.0,0.0,0.0,0.0,0.0,0.0,0.0,0.0,0.40206185567010316,19.22474226804121,10.354639175257734,0.01855670103092784,0.0,0.0,0.0,0.0,0.0,0.0,0.0,0.0,0.0,0.0,0.0,0.0,0.0,0.0,0.0,0.0,nan,nan,4.159119496855346,2.953916786564394,nan,0.3948,0.0666,0.0,0.0,0.0,0.0,0.0,0.0,0.0,0.0,0.0,0.0,0.0,0.0,0.0,0.0,0.0,0.0,0.0,3.0927835051546395e-05,0.0,0.0,0.0005154639175257732,0.0026082474226804125,0.012474226804123712,0.0013917525773195875,0.0028969072164948453,0.0019484536082474226,0.003824742268041237,0.015845360824742267,0.012711340206185567,0.01752577319587629,0.028309278350515464,0.015391752577319588,0.027144329896907217,0.02345360824742268,0.06412371134020618,0.03797938144329897,0.07655670103092783,0.0692680412371134,0.0668659793814433,0.041329896907216494,0.05028865979381443,0.06124742268041237,0.040051546391752575,0.05593814432989691,0.035969072164948455,0.030010309278350515,0.03258762886597938,0.03565979381443299,0.036061855670103095,0.020257731958762886,0.0264020618556701,0.012721649484536083,0.0312680412371134,0.002309278350515464,0.0013711340206185568,0.0023505154639175256,0.0024948453608247424,0.0004123711340206186,0.0,0.0,0.0004020618556701031,0.0,0.0,0.0,0.0,0.0,0.0,0.0,0.0,0.0,0.0,0.0,0.0,0.0,0.0,0.0,0.0,0.0,0.0,0.0,0.0,0.0,0.0,0.0,0.0,0.0,0.0,0.0,0.0,0.0,0.0,0.0,0.0,0.0,0.0,0.0,0.0,0.0,0.0,0.0,0.0,nan,nan,4.159119496855346,2.953916786564394,nan,0.9286750786354008,0.022872202020252225,0.0,0.0,0.0,0.0,0.0,0.0,0.0,0.0,0.0,0.0,0.0,0.0,0.0,0.0,0.0,0.0,0.0,0.0,0.0,0.0,0.0,0.0,0.0,0.0,0.0,0.09408075264602118,3.010584084672678,14.041552332418663,11.548412387299102,1.305370442963544,0.9289760680341783,0.023140031769124405,0.0,0.0,0.0,0.0,0.0,0.0,0.0,0.0,0.0,0.0,0.0,0.0,0.0,0.0,0.0,0.0,0.0,0.0,0.0,0.0,0.0,0.0,0.0,0.0,0.0,0.11744236624619402,3.0274032187907793,14.197477163984344,11.000434971726841,1.657242279251849,0.395,0.013016,0.0,0.0,0.0,0.0,0.0,0.0,0.0,0.0,0.0,0.0,0.3880831046648374,18.93375147001173,10.642885143081147,0.035280282242257946,0.0,0.0,0.0,0.0,0.0,0.0,0.0,0.0,0.0,0.0,0.0,0.0,0.0,0.0,0.0,0.0,0.3945,0.012505,0.0,0.0,0.0,0.0,0.0,0.0,0.0,0.0,0.0,0.0,0.4175728577642454,19.547629404088706,10.034797738147022,0.0,0.0,0.0,0.0,0.0,0.0,0.0,0.0,0.0,0.0,0.0,0.0,0.0,0.0,0.0,0.0,0.0
65400,5014,2547,0.5079776625448743,1191,1058,0.44854407658556045,1438,0.5735939369764659,0.37200000000000005,2.847588163761654,3.007401567316787,6.366522366522367,2.2022234988678666,9493.767850019944,1614.794419703434,7853.0,11083.0,11083.0,0.0,7853.0,0.0,27.60849621061029,20.653409363129054,32.5602380952381,18.910407563800018,0.14160351017151973,0.10191463901076984,0.09353809333865178,0.08476266453928999,0.08097327483047467,0.07857997606701236,0.06900678101316314,0.06441962504986039,0.057239728759473474,0.05265257279617072,0.04726765057838053,0.040686078978859196,0.031112883925009972,0.023135221380135622,0.01655364978061428,0.00977263661747108,0.006781013163143199,0.9285728133647243,0.023643514145660217,0.0,0.0,0.0,0.0,0.0,0.0,0.0,0.0,0.0,0.0,0.0,0.0,0.0,0.0,0.0,0.0,0.0,0.0,0.0,0.0,0.0,0.0,0.0,0.0,0.0,0.12564818508177106,3.3326685281212614,13.923015556441966,10.925408855205427,1.6932588751495816,4.21244167962675,2.847819953245125,nan,nan,nan,4.225625,2.853019165616488,4.201487910725357,2.842367928798501,0.9942879244432141,0.395,0.01332,0.0,0.0,0.0,0.0,0.0,0.0,0.0,0.0,0.0,0.0,0.5983246908655765,19.03270841643396,10.339050658157163,0.029916234543278825,0.0,0.0,0.0,0.0,0.0,0.0,0.0,0.0,0.0,0.0,0.0,0.0,0.0,0.0,0.0,0.0,nan,nan,4.21244167962675,2.847819953245125,nan,0.395,0.0668,0.0,0.0,0.0,0.0,0.0,0.0,0.0,0.0,0.0,0.0,0.0,0.0,0.0,0.0,0.0,0.0,0.0,0.0,0.0,4.9860390905464696e-05,0.0005285201435979259,0.0020043877143996807,0.012644595133625848,0.0014658954926206622,0.002961707219784603,0.0017151974471479856,0.0038392500997207818,0.016443956920622258,0.011318308735540487,0.01936577582768249,0.028340646190666136,0.0148284802552852,0.02624650977263662,0.024950139609094535,0.06394096529716793,0.0389908256880734,0.07633625847626645,0.06874750698045473,0.06626445951336259,0.04322895891503789,0.05020941364180295,0.059642999601116874,0.04027722377343439,0.054078579976067014,0.037195851615476665,0.02802153968887116,0.032548863183087355,0.0362983645791783,0.035899481451934584,0.02096130833665736,0.026685281212604706,0.013183087355404867,0.031451934583167133,0.002143996808934982,0.0014260071798962903,0.0022237734343837257,0.002343438372556841,0.0004387714399680894,2.991623454327882e-05,0.0,0.0006980454726765058,2.991623454327882e-05,0.0,0.0,0.0,0.0,0.0,0.0,0.0,0.0,0.0,0.0,0.0,0.0,0.0,0.0,0.0,0.0,0.0,0.0,0.0,0.0,0.0,0.0,0.0,0.0,0.0,0.0,0.0,0.0,0.0,0.0,0.0,0.0,0.0,0.0,0.0,0.0,0.0,0.0,0.0,nan,nan,4.21244167962675,2.847819953245125,nan,0.9287606415488368,0.023940329558793313,0.0,0.0,0.0,0.0,0.0,0.0,0.0,0.0,0.0,0.0,0.0,0.0,0.0,0.0,0.0,0.0,0.0,0.0,0.0,0.0,0.0,0.0,0.0,0.0,0.0,0.12956419316843348,3.3922261484098946,13.710247349823325,10.942285041224974,1.8256772673733808,0.9283788942788166,0.02333152617050586,0.0,0.0,0.0,0.0,0.0,0.0,0.0,0.0,0.0,0.0,0.0,0.0,0.0,0.0,0.0,0.0,0.0,0.0,0.0,0.0,0.0,0.0,0.0,0.0,0.0,0.12160518848804218,3.271179570328335,14.142683421159306,10.907985407377385,1.55654641264694,0.3948,0.01349,0.0,0.0,0.0,0.0,0.0,0.0,0.0,0.0,0.0,0.0,0.6478209658421674,19.022379269729065,10.282685512367493,0.047114252061248536,0.0,0.0,0.0,0.0,0.0,0.0,0.0,0.0,0.0,0.0,0.0,0.0,0.0,0.0,0.0,0.0,0.395,0.01314,0.0,0.0,0.0,0.0,0.0,0.0,0.0,0.0,0.0,0.0,0.5472233481961898,19.043372517227375,10.397243615727607,0.012160518848804218,0.0,0.0,0.0,0.0,0.0,0.0,0.0,0.0,0.0,0.0,0.0,0.0,0.0,0.0,0.0,0.0
65500,4371,2283,0.5223061084420041,1122,848,0.4506977808281858,1197,0.547700754975978,0.4040000000000001,2.9885057471264367,3.053774448160042,6.4034810126582276,2.053906567093143,9540.048730267674,1613.39207276682,7853.0,11083.0,11083.0,0.0,7853.0,0.0,29.3671928620453,21.26396969300666,33.97273456295108,19.508729900954986,0.12468542667581789,0.09585907115076642,0.09219858156028368,0.08053077099061999,0.08213223518645618,0.07252345001143903,0.07023564401738733,0.05628002745367193,0.06726149622512011,0.05742393045069778,0.04964539007092199,0.04415465568519789,0.037977579501258296,0.028826355525051476,0.01990391214824983,0.011896591169068863,0.008464882177991306,0.9299811648166144,0.023112183885084014,0.0,0.0,0.0,0.0,0.0,0.0,0.0,0.0,0.0,0.0,0.0,0.0,0.0,0.0,0.0,0.0,0.0,0.0,0.0,0.0,0.0,0.0,0.0,0.0,0.006863417982155115,0.06863417982155115,2.8894989704873035,13.79547014413178,11.461908030199043,1.7776252573781748,4.116191130972843,2.816779719505898,nan,nan,nan,4.13923182441701,2.830213234808977,4.095172413793104,2.8028146206732423,0.9893556552295517,0.3955,0.013145,0.0,0.0,0.0,0.0,0.0,0.0,0.0,0.0,0.0,0.0,0.35003431708991084,18.62731640356895,10.947151681537408,0.07549759780370625,0.0,0.0,0.0,0.0,0.0,0.0,0.0,0.0,0.0,0.0,0.0,0.0,0.0,0.0,0.0,0.0,nan,nan,4.116191130972843,2.816779719505898,nan,0.3955,0.0659,0.0,0.0,0.0,0.0,0.0,0.0,0.0,0.0,0.0,0.0,0.0,0.0,0.0,0.0,0.0,0.0,0.0,0.0,0.0,2.2878059940517044e-05,0.0005719514985129262,0.0016700983756577441,0.01153054221002059,0.00131548844657973,0.002653854953099977,0.0013726835964310226,0.002894074582475406,0.01532830016014642,0.011702127659574468,0.01803935026309769,0.029924502402196292,0.014573324182109357,0.025726378403111417,0.025131548844657972,0.06365820178448868,0.04025394646533974,0.07596659803248684,0.06928620452985587,0.06326927476549989,0.04526424159231297,0.049805536490505606,0.0623541523678792,0.04297643559826127,0.053237245481583165,0.03771448181194235,0.029672843742850605,0.033619309082589796,0.034259894760924274,0.03661633493479753,0.020624571036376115,0.02593228094257607,0.012136810798444291,0.03136582017844887,0.0020475863646762754,0.0011782200869366278,0.002276366964081446,0.002871196522534889,0.0005605124685426675,1.1439029970258522e-05,0.0,0.0005147563486616335,6.863417982155113e-05,0.0,0.0,0.0,0.0,0.0,0.0,0.0,0.0,0.0,0.0,0.0,0.0,0.0,0.0,0.0,0.0,0.0,0.0,0.0,0.0,0.0,0.0,0.0,0.0,0.0,0.0,0.0,0.0,0.0,0.0,0.0,0.0,0.0,0.0,0.0,0.0,0.0,0.0,0.0,nan,nan,4.116191130972843,2.816779719505898,nan,0.9301334803322664,0.023052841526186824,0.0,0.0,0.0,0.0,0.0,0.0,0.0,0.0,0.0,0.0,0.0,0.0,0.0,0.0,0.0,0.0,0.0,0.0,0.0,0.0,0.0,0.0,0.0,0.0,0.0,0.06570302233902761,2.8252299605781874,13.718791064388965,11.655716162943499,1.7345597897503289,0.929814624432403,0.023175748769906784,0.0,0.0,0.0,0.0,0.0,0.0,0.0,0.0,0.0,0.0,0.0,0.0,0.0,0.0,0.0,0.0,0.0,0.0,0.0,0.0,0.0,0.0,0.0,0.0,0.014367816091954026,0.07183908045977012,2.9597701149425295,13.879310344827589,11.250000000000002,1.8247126436781613,0.3955,0.01324,0.0,0.0,0.0,0.0,0.0,0.0,0.0,0.0,0.0,0.0,0.38107752956636015,18.6333771353482,10.906701708278584,0.07884362680683313,0.0,0.0,0.0,0.0,0.0,0.0,0.0,0.0,0.0,0.0,0.0,0.0,0.0,0.0,0.0,0.0,0.3955,0.01305,0.0,0.0,0.0,0.0,0.0,0.0,0.0,0.0,0.0,0.0,0.31609195402298856,18.620689655172384,10.99137931034483,0.07183908045977012,0.0,0.0,0.0,0.0,0.0,0.0,0.0,0.0,0.0,0.0,0.0,0.0,0.0,0.0,0.0,0.0
65600,4219,2177,0.5159990519080351,987,883,0.4432329936003792,1215,0.5759658686892628,0.4200000000000001,2.9622918707149855,3.130221121168117,6.704174228675136,2.247313540096888,9519.676937662953,1614.1730062523593,7853.0,11083.0,11083.0,0.0,7853.0,0.0,27.394880303389428,20.679612964736773,32.46103526734926,18.933402697938522,0.1441099786679308,0.10452713913249585,0.09291301256221854,0.0879355297463854,0.08414316188670301,0.0692107134392036,0.06707750651813225,0.06636643754444181,0.05641147191277554,0.0533301730267836,0.04693055226356957,0.03910879355297464,0.033894287745911356,0.020621000237022992,0.0182507703247215,0.008295804693055226,0.00687366674567433,0.9284048772558948,0.02321847361096251,0.0,0.0,0.0,0.0,0.0,0.0,0.0,0.0,0.0,0.0,0.0,0.0,0.0,0.0,0.0,0.0,0.0,0.0,0.0,0.0,0.0,0.0,0.0,0.0,0.0,0.11377103579047171,3.2709172789760617,13.979616022754211,11.09267598957099,1.5430196729082726,4.377386746536877,2.8513393937340026,nan,nan,nan,4.420344053851907,2.8225725787665423,4.3343328335832085,2.8792395969835503,0.9805419625212776,0.3955,0.013275,0.0,0.0,0.0,0.0,0.0,0.0,0.0,0.0,0.0,0.0,0.39108793552974647,18.594453662005186,10.978904953780518,0.035553448684522405,0.0,0.0,0.0,0.0,0.0,0.0,0.0,0.0,0.0,0.0,0.0,0.0,0.0,0.0,0.0,0.0,nan,nan,4.377386746536877,2.8513393937340026,nan,0.3955,0.06573,0.0,0.0,0.0,0.0,0.0,0.0,0.0,0.0,0.0,0.0,0.0,0.0,0.0,0.0,0.0,0.0,0.0,0.0,0.0,0.0,0.0002133206921071344,0.0015169471438729557,0.01169708461720787,0.00173026783598009,0.0023346764636169707,0.0011021569092201943,0.0037212609623133446,0.013735482341787153,0.012574069684759421,0.017895235837876274,0.02950936240815359,0.014008058781701825,0.027897606067788575,0.025918464091016828,0.06234889784309078,0.041609386110452715,0.07223275657738801,0.07011140080587817,0.06413842142687841,0.04580469305522636,0.05271391324958521,0.060310500118511495,0.0431737378525717,0.052038397724579286,0.0392154538990282,0.029118274472623846,0.033135814173974876,0.033621711305996685,0.03780516710120882,0.021628347949751128,0.02422374970372126,0.013403650154064944,0.030196729082721023,0.002370229912301493,0.0009243896657975824,0.0018724816307181796,0.0032353638302915384,0.0003081298885991941,0.0,0.0,0.0005214505807063285,8.295804693055226e-05,0.0,0.0,0.0,0.0,0.0,0.0,0.0,0.0,0.0,0.0,0.0,0.0,0.0,0.0,0.0,0.0,0.0,0.0,0.0,0.0,0.0,0.0,0.0,0.0,0.0,0.0,0.0,0.0,0.0,0.0,0.0,0.0,0.0,0.0,0.0,0.0,0.0,0.0,0.0,nan,nan,4.377386746536877,2.8513393937340026,nan,0.9284081656723653,0.023250022180657845,0.0,0.0,0.0,0.0,0.0,0.0,0.0,0.0,0.0,0.0,0.0,0.0,0.0,0.0,0.0,0.0,0.0,0.0,0.0,0.0,0.0,0.0,0.0,0.0,0.0,0.13780431786862657,3.2935231970601753,13.945796968305011,11.162149747358752,1.4607257694074418,0.9284013714367683,0.023184791518905595,0.0,0.0,0.0,0.0,0.0,0.0,0.0,0.0,0.0,0.0,0.0,0.0,0.0,0.0,0.0,0.0,0.0,0.0,0.0,0.0,0.0,0.0,0.0,0.0,0.0,0.08814887365328111,3.246816846229188,14.015670910871698,11.01860920666014,1.6307541625857007,0.3955,0.01319,0.0,0.0,0.0,0.0,0.0,0.0,0.0,0.0,0.0,0.0,0.3720716582452918,18.45199816260907,11.134588883785026,0.04134129536058797,0.0,0.0,0.0,0.0,0.0,0.0,0.0,0.0,0.0,0.0,0.0,0.0,0.0,0.0,0.0,0.0,0.3953,0.01335,0.0,0.0,0.0,0.0,0.0,0.0,0.0,0.0,0.0,0.0,0.41136141038197854,18.74632713026442,10.81292850146915,0.02938295788442704,0.0,0.0,0.0,0.0,0.0,0.0,0.0,0.0,0.0,0.0,0.0,0.0,0.0,0.0,0.0,0.0
65700,4168,2097,0.5031190019193857,990,881,0.44889635316698656,1203,0.5772552783109405,0.4200000000000001,2.9179140511830033,3.1204722206914077,6.631672597864768,2.1709650787690915,9478.074376199616,1614.9685776956123,7853.0,11083.0,11083.0,0.0,7853.0,0.0,27.21353166986564,20.421176797813054,32.05520594965675,18.73997325537171,0.14083493282149712,0.09692898272552783,0.1017274472168906,0.09452975047984645,0.08205374280230326,0.0741362763915547,0.06381957773512476,0.06453934740882918,0.060220729366602686,0.052783109404990404,0.04870441458733205,0.03742802303262956,0.02831094049904031,0.02279270633397313,0.01751439539347409,0.00791746641074856,0.005758157389635317,0.9285419571594176,0.023272168251684624,0.0,0.0,0.0,0.0,0.0,0.0,0.0,0.0,0.0,0.0,0.0,0.0,0.0,0.0,0.0,0.0,0.0,0.0,0.0,0.0,0.0,0.0,0.0,0.0,0.007197696737044148,0.1367562380038388,3.1885796545105576,13.805182341650676,11.429942418426105,1.4323416506717852,4.295155839279008,2.896902116735944,nan,nan,nan,4.37053245805981,2.8348371404569925,4.215170278637771,2.959241004708194,0.9644523451289025,0.3953,0.01329,0.0,0.0,0.0,0.0,0.0,0.0,0.0,0.0,0.0,0.0,0.39587332053742813,18.980326295585385,10.544625719769675,0.07917466410748562,0.0,0.0,0.0,0.0,0.0,0.0,0.0,0.0,0.0,0.0,0.0,0.0,0.0,0.0,0.0,0.0,nan,nan,4.295155839279008,2.896902116735944,nan,0.3953,0.0658,0.0,0.0,0.0,0.0,0.0,0.0,0.0,0.0,0.0,0.0,0.0,0.0,0.0,0.0,0.0,0.0,0.0,1.199616122840691e-05,0.0,0.0,0.000263915547024952,0.0013555662188099809,0.01130038387715931,0.0018234165067178502,0.0029990403071017274,0.000539827255278311,0.003838771593090211,0.013711612284069098,0.01385556621880998,0.017010556621880998,0.030062380038387716,0.015822936660268714,0.027963051823416508,0.026799424184261036,0.062176103646833014,0.039851247600767754,0.07290067178502879,0.06767034548944338,0.0644073896353167,0.044865642994241846,0.05221928982725528,0.059572936660268715,0.04311420345489443,0.05406669865642994,0.03764395393474088,0.02880278310940499,0.03476487523992323,0.03398512476007678,0.03885556621880998,0.02260076775431862,0.023320537428023033,0.01533109404990403,0.028910748560460654,0.0020513435700575816,0.000791746641074856,0.0013675623800383878,0.0026031669865642995,2.399232245681382e-05,0.0,0.0,0.0005758157389635317,0.00016794625719769674,0.0,0.0,0.0,0.0,0.0,0.0,0.0,0.0,0.0,0.0,0.0,0.0,0.0,0.0,0.0,0.0,0.0,0.0,0.0,0.0,0.0,0.0,0.0,0.0,0.0,0.0,0.0,0.0,0.0,0.0,0.0,0.0,0.0,0.0,0.0,0.0,0.0,0.0,0.0,nan,nan,4.295155839279008,2.896902116735944,nan,0.9282950415859123,0.023457585776609464,0.0,0.0,0.0,0.0,0.0,0.0,0.0,0.0,0.0,0.0,0.0,0.0,0.0,0.0,0.0,0.0,0.0,0.0,0.0,0.0,0.0,0.0,0.0,0.0,0.014306151645207443,0.15736766809728187,3.2331902718168823,13.862660944206013,11.258941344778256,1.4735336194563666,0.9287919725904368,0.023080214086340554,0.0,0.0,0.0,0.0,0.0,0.0,0.0,0.0,0.0,0.0,0.0,0.0,0.0,0.0,0.0,0.0,0.0,0.0,0.0,0.0,0.0,0.0,0.0,0.0,0.0,0.11588604538870113,3.1434089811685184,13.746982134234672,11.603090294543701,1.3906325446644134,0.395,0.01327,0.0,0.0,0.0,0.0,0.0,0.0,0.0,0.0,0.0,0.0,0.4005722460658084,19.12732474964232,10.414878397711018,0.05722460658082977,0.0,0.0,0.0,0.0,0.0,0.0,0.0,0.0,0.0,0.0,0.0,0.0,0.0,0.0,0.0,0.0,0.3955,0.013306,0.0,0.0,0.0,0.0,0.0,0.0,0.0,0.0,0.0,0.0,0.3911154031868664,18.831482375663903,10.676001931434092,0.1014002897151135,0.0,0.0,0.0,0.0,0.0,0.0,0.0,0.0,0.0,0.0,0.0,0.0,0.0,0.0,0.0,0.0
65800,4093,2165,0.5289518690447105,1036,824,0.45443440019545567,1125,0.5497190324945028,0.4160000000000001,3.033195020746888,3.084383392539647,6.4369449378330375,2.1819994844354356,9561.514537014415,1612.2903061691402,7853.0,11083.0,11083.0,0.0,7853.0,0.0,28.170779379428293,21.01012300782072,33.13812154696133,19.24458354982416,0.13950647446860492,0.09992670412900073,0.09137551917908625,0.07769362325922306,0.08184705594918153,0.08062545809919375,0.07427314927925727,0.06767652088932323,0.05179574883948204,0.05179574883948204,0.04764231614952358,0.038113852919618864,0.032250183239677495,0.024676276569753238,0.017835328609821646,0.013437576349865624,0.009528463229904716,0.9287186273874934,0.023465273972054338,0.0,0.0,0.0,0.0,0.0,0.0,0.0,0.0,0.0,0.0,0.0,0.0,0.0,0.0,0.0,0.0,0.0,0.0,0.0,0.0,0.0,0.0,0.0,0.0,0.0,0.124602980698754,3.0784265819692167,14.043488883459569,11.075006107989251,1.6784754458832156,4.152434456928839,2.9053069855285574,nan,nan,nan,4.200301204819277,2.964742603406977,4.105145413870246,2.845535574269409,0.9773454839762795,0.3948,0.0128,0.0,0.0,0.0,0.0,0.0,0.0,0.0,0.0,0.0,0.0,0.4910823356950893,18.99828976300999,10.473979965795262,0.03664793549963353,0.0,0.0,0.0,0.0,0.0,0.0,0.0,0.0,0.0,0.0,0.0,0.0,0.0,0.0,0.0,0.0,nan,nan,4.152434456928839,2.9053069855285574,nan,0.3948,0.0659,0.0,0.0,0.0,0.0,0.0,0.0,0.0,0.0,0.0,0.0,0.0,0.0,0.0,0.0,0.0,0.0,0.0,0.0,0.0,0.0,0.000305399462496946,0.0016002931834839971,0.012264842413877352,0.0020889323234791106,0.004312240410456878,0.000305399462496946,0.004458832152455411,0.012338138284876619,0.012570241876374297,0.01623503542633765,0.03195699975568043,0.015233325189347667,0.028487661861715124,0.028634253603713657,0.06385291961886147,0.03782066943562179,0.07027852430979721,0.06694356217933056,0.06342536037136574,0.046579526020034207,0.05455655998045444,0.056914243830930855,0.04585878328854141,0.05276081114097239,0.03575616906914244,0.03117517713168825,0.03672123137063279,0.03232347911067677,0.03885902760811141,0.021243586611287564,0.023283655020767163,0.015428780845345711,0.028121182506718786,0.0015025653554849743,0.0010017102369899828,0.001453701441485463,0.0026875152699731247,1.221597849987784e-05,3.664793549963352e-05,0.0,0.0005497190324945028,6.10798924993892e-05,0.0,0.0,0.0,0.0,0.0,0.0,0.0,0.0,0.0,0.0,0.0,0.0,0.0,0.0,0.0,0.0,0.0,0.0,0.0,0.0,0.0,0.0,0.0,0.0,0.0,0.0,0.0,0.0,0.0,0.0,0.0,0.0,0.0,0.0,0.0,0.0,0.0,0.0,0.0,nan,nan,4.152434456928839,2.9053069855285574,nan,0.928853700370216,0.023314952670056382,0.0,0.0,0.0,0.0,0.0,0.0,0.0,0.0,0.0,0.0,0.0,0.0,0.0,0.0,0.0,0.0,0.0,0.0,0.0,0.0,0.0,0.0,0.0,0.0,0.0,0.09699769053117785,3.1454965357967675,13.995381062355662,11.057736720554274,1.704387990762125,0.9285669505163348,0.023632013722194957,0.0,0.0,0.0,0.0,0.0,0.0,0.0,0.0,0.0,0.0,0.0,0.0,0.0,0.0,0.0,0.0,0.0,0.0,0.0,0.0,0.0,0.0,0.0,0.0,0.0,0.15560165975103737,3.003112033195021,14.097510373443987,11.094398340248965,1.6493775933609964,0.395,0.01276,0.0,0.0,0.0,0.0,0.0,0.0,0.0,0.0,0.0,0.0,0.44341801385681306,18.775981524249396,10.752886836027715,0.027713625866050817,0.0,0.0,0.0,0.0,0.0,0.0,0.0,0.0,0.0,0.0,0.0,0.0,0.0,0.0,0.0,0.0,0.3945,0.01285,0.0,0.0,0.0,0.0,0.0,0.0,0.0,0.0,0.0,0.0,0.5446058091286308,19.247925311203293,10.16078838174274,0.04668049792531121,0.0,0.0,0.0,0.0,0.0,0.0,0.0,0.0,0.0,0.0,0.0,0.0,0.0,0.0,0.0,0.0
65900,4040,2077,0.5141089108910891,976,861,0.4547029702970297,1158,0.5732673267326732,0.4320000000000001,3.035659704533877,3.1399277242382433,6.720450281425891,2.0932066892153096,9513.571782178218,1614.356903744987,7853.0,11083.0,11083.0,0.0,7853.0,0.0,27.716336633663367,20.883463315386496,32.87314319667261,19.06374234446551,0.148019801980198,0.09331683168316832,0.08836633663366336,0.09034653465346534,0.08836633663366336,0.07549504950495049,0.06707920792079208,0.06336633663366337,0.05396039603960396,0.053217821782178217,0.04628712871287129,0.03861386138613861,0.02995049504950495,0.02698019801980198,0.019801980198019802,0.009653465346534653,0.0071782178217821785,0.9290378453412859,0.02342660633067246,0.0,0.0,0.0,0.0,0.0,0.0,0.0,0.0,0.0,0.0,0.0,0.0,0.0,0.0,0.0,0.0,0.0,0.0,0.0,0.0,0.0,0.0,0.0,0.0,0.0,0.10396039603960398,2.9331683168316838,14.034653465346539,11.220297029702973,1.7079207920792083,4.271374045801527,2.9063009367405326,nan,nan,nan,4.310924369747899,2.8952232440583106,4.231884057971015,2.916784752502458,0.9816651128626721,0.394,0.01266,0.0,0.0,0.0,0.0,0.0,0.0,0.0,0.0,0.0,0.0,0.37871287128712877,20.101485148514822,9.497524752475249,0.02227722772277228,0.0,0.0,0.0,0.0,0.0,0.0,0.0,0.0,0.0,0.0,0.0,0.0,0.0,0.0,0.0,0.0,nan,nan,4.271374045801527,2.9063009367405326,nan,0.394,0.06604,0.0,0.0,0.0,0.0,0.0,0.0,0.0,0.0,0.0,0.0,0.0,0.0,0.0,0.0,0.0,0.0,0.0,0.0,0.0,0.0,0.0003465346534653465,0.0012004950495049505,0.014814356435643564,0.002400990099009901,0.004158415841584159,0.0004702970297029703,0.0044059405940594055,0.012660891089108912,0.009368811881188118,0.016175742574257426,0.030358910891089108,0.016646039603960397,0.028106435643564357,0.028861386138613863,0.06351485148514852,0.040693069306930695,0.07283415841584158,0.06695544554455446,0.0645420792079208,0.04846534653465347,0.05589108910891089,0.05866336633663366,0.042091584158415844,0.05132425742574257,0.03591584158415841,0.030965346534653465,0.03673267326732673,0.030767326732673267,0.03676980198019802,0.019047029702970297,0.023997524752475248,0.015148514851485148,0.025903465346534652,0.0019306930693069307,0.0018316831683168316,0.002128712871287129,0.003155940594059406,0.0,0.00011138613861386139,3.712871287128713e-05,0.0006064356435643564,0.0,0.0,0.0,0.0,0.0,0.0,0.0,0.0,0.0,0.0,0.0,0.0,0.0,0.0,0.0,0.0,0.0,0.0,0.0,0.0,0.0,0.0,0.0,0.0,0.0,0.0,0.0,0.0,0.0,0.0,0.0,0.0,0.0,0.0,0.0,0.0,0.0,0.0,0.0,0.0,nan,nan,4.271374045801527,2.9063009367405326,nan,0.9286763620996452,0.02370186821503064,0.0,0.0,0.0,0.0,0.0,0.0,0.0,0.0,0.0,0.0,0.0,0.0,0.0,0.0,0.0,0.0,0.0,0.0,0.0,0.0,0.0,0.0,0.0,0.0,0.0,0.08666345690900339,3.105440539239288,13.923928743379879,11.222917669715939,1.6610495907558984,0.929420321496603,0.02312564128537715,0.0,0.0,0.0,0.0,0.0,0.0,0.0,0.0,0.0,0.0,0.0,0.0,0.0,0.0,0.0,0.0,0.0,0.0,0.0,0.0,0.0,0.0,0.0,0.0,0.0,0.12226184411614878,2.750891492613347,14.151808456444222,11.21752419765665,1.7575140091696388,0.394,0.01273,0.0,0.0,0.0,0.0,0.0,0.0,0.0,0.0,0.0,0.0,0.43331728454501695,20.19258545979776,9.359653346172365,0.014443909484833898,0.0,0.0,0.0,0.0,0.0,0.0,0.0,0.0,0.0,0.0,0.0,0.0,0.0,0.0,0.0,0.0,0.394,0.01258,0.0,0.0,0.0,0.0,0.0,0.0,0.0,0.0,0.0,0.0,0.32093734080489056,20.00509424350481,9.643402954661235,0.030565461029037195,0.0,0.0,0.0,0.0,0.0,0.0,0.0,0.0,0.0,0.0,0.0,0.0,0.0,0.0,0.0,0.0
66000,4252,2216,0.5211665098777046,1008,874,0.44261523988711193,1194,0.561618062088429,0.4280000000000001,2.973968565815324,3.120974447187001,6.668439716312057,2.08038723335155,9536.367826904985,1613.5522427998078,7853.0,11083.0,11083.0,0.0,7853.0,0.0,27.541862652869238,20.722211603184096,32.543741209564,18.982632881739587,0.14087488240827845,0.10136406396989651,0.0973659454374412,0.08913452492944497,0.08419567262464722,0.07220131702728128,0.061618062088428974,0.06349952963311382,0.06302916274694262,0.05291627469426152,0.04068673565380997,0.044684854186265284,0.032220131702728125,0.024223894637817496,0.017403574788334902,0.007525870178739417,0.0070555032925682035,0.9301691178376116,0.023245675504670563,0.0,0.0,0.0,0.0,0.0,0.0,0.0,0.0,0.0,0.0,0.0,0.0,0.0,0.0,0.0,0.0,0.0,0.0,0.0,0.0,0.0,0.0,0.0,0.0,0.0,0.11288805268109128,2.688146754468486,13.786453433678272,11.75446848541863,1.6580432737535282,4.281956280103742,2.888596690031127,nan,nan,nan,4.326894502228826,2.893627576079639,4.237250554323725,2.8828881403221,0.9792821507760533,0.3945,0.01319,0.0,0.0,0.0,0.0,0.0,0.0,0.0,0.0,0.0,0.0,0.4374412041392287,19.21213546566319,10.322201317027282,0.02822201317027282,0.0,0.0,0.0,0.0,0.0,0.0,0.0,0.0,0.0,0.0,0.0,0.0,0.0,0.0,0.0,0.0,nan,nan,4.281956280103742,2.888596690031127,nan,0.3945,0.06635,0.0,0.0,0.0,0.0,0.0,0.0,0.0,0.0,0.0,0.0,0.0,0.0,0.0,0.0,0.0,0.0,0.0,0.0,0.0,0.0,0.00022342427093132643,0.0016227657572906867,0.015169332079021637,0.002328316086547507,0.004409689557855127,0.0007525870178739417,0.003998118532455315,0.012758701787394168,0.008784101599247413,0.01527516462841016,0.02876293508936971,0.01766227657572907,0.02772812793979304,0.030185794920037628,0.06496942615239887,0.040839604891815616,0.0708725305738476,0.06642756349952963,0.06214722483537159,0.044943555973659455,0.05757290686735654,0.05583254938852305,0.0473071495766698,0.0514346190028222,0.035253998118532456,0.030468015051740356,0.03773518344308561,0.030726716839134523,0.03782925682031985,0.02082549388523048,0.023953433678269048,0.01700376293508937,0.024235653809971777,0.0017638758231420509,0.0021636876763875823,0.002010818438381938,0.0026575729068673564,1.1759172154280339e-05,0.00025870178739416746,5.8795860771401695e-05,0.0010348071495766698,0.0,0.0,0.0,0.0,0.0,0.0,0.0,0.0,0.0,0.0,0.0,0.0,0.0,0.0,0.0,0.0,0.0,0.0,0.0,0.0,0.0,0.0,0.0,0.0,0.0,0.0,0.0,0.0,0.0,0.0,0.0,0.0,0.0,0.0,0.0,0.0,0.0,0.0,0.0,0.0,nan,nan,4.281956280103742,2.888596690031127,nan,0.9301311925914313,0.02320246923645957,0.0,0.0,0.0,0.0,0.0,0.0,0.0,0.0,0.0,0.0,0.0,0.0,0.0,0.0,0.0,0.0,0.0,0.0,0.0,0.0,0.0,0.0,0.0,0.0,0.0,0.0676895306859206,2.680505415162455,13.957581227436826,11.656137184115527,1.6380866425992784,0.9302103960033953,0.023292540313861167,0.0,0.0,0.0,0.0,0.0,0.0,0.0,0.0,0.0,0.0,0.0,0.0,0.0,0.0,0.0,0.0,0.0,0.0,0.0,0.0,0.0,0.0,0.0,0.0,0.0,0.16208251473477409,2.696463654223969,13.600196463654228,11.861493123772103,1.6797642436149316,0.3948,0.013176,0.0,0.0,0.0,0.0,0.0,0.0,0.0,0.0,0.0,0.0,0.39259927797833943,18.898916967509,10.667870036101085,0.040613718411552355,0.0,0.0,0.0,0.0,0.0,0.0,0.0,0.0,0.0,0.0,0.0,0.0,0.0,0.0,0.0,0.0,0.3943,0.0132,0.0,0.0,0.0,0.0,0.0,0.0,0.0,0.0,0.0,0.0,0.4862475442043223,19.553045186640443,9.94597249508841,0.014734774066797646,0.0,0.0,0.0,0.0,0.0,0.0,0.0,0.0,0.0,0.0,0.0,0.0,0.0,0.0,0.0,0.0
66100,4467,2319,0.519140362659503,1065,893,0.43832549809715693,1253,0.5610029102305798,0.4240000000000001,2.893854748603352,3.078110898775256,6.495065789473684,2.1642980801826424,9529.823371390195,1613.8162444187844,7853.0,11083.0,11083.0,0.0,7853.0,0.0,28.359301544660845,21.26724176287949,33.440053404539384,19.472295831182,0.14058652339377659,0.10096261473024401,0.08887396462950527,0.08484441459592568,0.08282963957913589,0.07409894783971345,0.06268188941123796,0.06133870606671144,0.059547794940676066,0.05104096709200806,0.051936422655025745,0.038280725319006045,0.037161405865233935,0.02574434743675845,0.019028430714125813,0.012536377882247594,0.00850682784866801,0.930098584241613,0.02351728438478737,0.0,0.0,0.0,0.0,0.0,0.0,0.0,0.0,0.0,0.0,0.0,0.0,0.0,0.0,0.0,0.0,0.0,0.0,0.0,0.0,0.0,0.0,0.0,0.0,0.0,0.06715916722632641,2.9684351914036275,13.687038280725321,11.437206178643388,1.8401611820013435,4.260553633217993,2.882161044883851,nan,nan,nan,4.204951856946355,2.81733242608283,4.316852367688022,2.9452799892325183,1.0266116033068995,0.3945,0.01315,0.0,0.0,0.0,0.0,0.0,0.0,0.0,0.0,0.0,0.0,0.4768300873069175,19.23438549361985,10.235057085292144,0.05372733378106113,0.0,0.0,0.0,0.0,0.0,0.0,0.0,0.0,0.0,0.0,0.0,0.0,0.0,0.0,0.0,0.0,nan,nan,4.260553633217993,2.882161044883851,nan,0.3945,0.067,0.0,0.0,0.0,0.0,0.0,0.0,0.0,0.0,0.0,0.0,0.0,0.0,0.0,0.0,0.0,0.0,0.0,0.0,0.0,0.0,0.00014551152899037385,0.0014775016789791806,0.016241325274233265,0.0019811954331766285,0.005372733378106112,0.0008954555630176853,0.004063129617192747,0.013946720394000448,0.007309156033131856,0.015916722632639355,0.02970673830311171,0.01900604432505037,0.027882247593463173,0.02941571524513096,0.06107006939780613,0.04100067159167226,0.07003581822252071,0.0662077456906201,0.06286098052384151,0.04698903066935303,0.057174837698679204,0.052899037385269757,0.04566823371390195,0.05144392209536602,0.03490038056861428,0.028397134542198343,0.036937541974479515,0.033154242220729796,0.04077680770091784,0.02133422878889635,0.0246026415939109,0.017371837922543095,0.023751958809044103,0.001880456682337139,0.0015110812625923438,0.0020035818222520706,0.003458697112155809,1.1193194537721065e-05,3.35795836131632e-05,0.00012312513991493172,0.001040967092008059,0.0,0.0,0.0,0.0,0.0,0.0,0.0,0.0,0.0,0.0,0.0,0.0,0.0,0.0,0.0,0.0,0.0,0.0,0.0,0.0,0.0,0.0,0.0,0.0,0.0,0.0,0.0,0.0,0.0,0.0,0.0,0.0,0.0,0.0,0.0,0.0,0.0,0.0,0.0,0.0,nan,nan,4.260553633217993,2.882161044883851,nan,0.9303123683906825,0.02387892040568484,0.0,0.0,0.0,0.0,0.0,0.0,0.0,0.0,0.0,0.0,0.0,0.0,0.0,0.0,0.0,0.0,0.0,0.0,0.0,0.0,0.0,0.0,0.0,0.0,0.0,0.0776196636481242,3.0530401034928856,13.45407503234153,11.42302716688228,1.992238033635188,0.9298677809633579,0.023118290736177022,0.0,0.0,0.0,0.0,0.0,0.0,0.0,0.0,0.0,0.0,0.0,0.0,0.0,0.0,0.0,0.0,0.0,0.0,0.0,0.0,0.0,0.0,0.0,0.0,0.0,0.05586592178770951,2.87709497206704,13.938547486033523,11.452513966480451,1.6759776536312854,0.3945,0.01311,0.0,0.0,0.0,0.0,0.0,0.0,0.0,0.0,0.0,0.0,0.49159120310478666,19.40491591203102,10.064683053040104,0.0388098318240621,0.0,0.0,0.0,0.0,0.0,0.0,0.0,0.0,0.0,0.0,0.0,0.0,0.0,0.0,0.0,0.0,0.3948,0.0132,0.0,0.0,0.0,0.0,0.0,0.0,0.0,0.0,0.0,0.0,0.46089385474860345,19.050279329608912,10.418994413407823,0.06983240223463688,0.0,0.0,0.0,0.0,0.0,0.0,0.0,0.0,0.0,0.0,0.0,0.0,0.0,0.0,0.0,0.0
66200,4571,2436,0.5329249617151608,1178,899,0.4543863487201925,1236,0.5408007000656312,0.4320000000000001,3.0074941451990633,3.0569826465028527,6.515397082658023,2.1265107996577823,9574.34762633997,1611.4947044194264,7853.0,11083.0,11083.0,0.0,7853.0,0.0,28.35747101290746,20.7810301117629,33.094475993804856,19.021775296013942,0.13366878144826078,0.09604025377379129,0.09341500765696784,0.08444541675782105,0.08400787573835047,0.07569459636840954,0.07197549770290965,0.0586304966090571,0.05928680813826296,0.05622402100196894,0.04834828265149858,0.04725443010282214,0.03106541238241085,0.026033690658499236,0.015532706191205425,0.01334500109385255,0.005031721723911617,0.9300123897143355,0.023075669573183195,0.0,0.0,0.0,0.0,0.0,0.0,0.0,0.0,0.0,0.0,0.0,0.0,0.0,0.0,0.0,0.0,0.0,0.0,0.0,0.0,0.0,0.0,0.0,0.0,0.0,0.07219426821264495,2.8746444979216808,13.730037190986659,11.715160796324659,1.607963246554365,4.1923076923076925,2.8935647129682116,nan,nan,nan,4.153061224489796,2.9093517084736424,4.227123107307439,2.8760483422807015,1.0178330823492114,0.3945,0.01319,0.0,0.0,0.0,0.0,0.0,0.0,0.0,0.0,0.0,0.0,0.5578647998249837,19.17085976810323,10.231896740319407,0.03937869175235179,0.0,0.0,0.0,0.0,0.0,0.0,0.0,0.0,0.0,0.0,0.0,0.0,0.0,0.0,0.0,0.0,nan,nan,4.1923076923076925,2.8935647129682116,nan,0.3945,0.067,0.0,0.0,0.0,0.0,0.0,0.0,0.0,0.0,0.0,0.0,0.0,0.0,0.0,0.0,0.0,0.0,1.0938525486764384e-05,0.0,0.0,2.1877050973528767e-05,0.00010938525486764385,0.0018157952308028877,0.015390505359877488,0.0016845329249617152,0.004812951214176329,0.0010063443447823233,0.0038284839203675345,0.015565521767665718,0.006541238241085102,0.01669218989280245,0.029227740100634433,0.019415882739006782,0.028002625246116825,0.031120105009844672,0.05700065631152921,0.04320717567271932,0.07288339531831109,0.07007219426821265,0.06262305841172609,0.04547145044847954,0.056519361190111576,0.051290746007438194,0.043305622402100195,0.052340844454167576,0.033417195362065194,0.02879019908116386,0.036917523517829794,0.034051629840297526,0.03762852767446948,0.021516079632465542,0.02477576022752133,0.01807044410413476,0.025180485670531612,0.001651717348501422,0.001334500109385255,0.0016079632465543644,0.0035659593086851894,0.0,3.281557646029315e-05,9.844672938087946e-05,0.0013782542113323123,0.0,0.0,0.0,0.0,2.1877050973528767e-05,0.0,0.0,0.0,0.0,0.0,0.0,0.0,0.0,0.0,0.0,0.0,0.0,0.0,0.0,0.0,0.0,0.0,0.0,0.0,0.0,0.0,0.0,0.0,0.0,0.0,0.0,0.0,0.0,0.0,0.0,0.0,0.0,0.0,0.0,0.0,nan,nan,4.1923076923076925,2.8935647129682116,nan,0.9295080248602897,0.02310870442273256,0.0,0.0,0.0,0.0,0.0,0.0,0.0,0.0,0.0,0.0,0.0,0.0,0.0,0.0,0.0,0.0,0.0,0.0,0.0,0.0,0.0,0.0,0.0,0.0,0.0,0.08620689655172416,2.967980295566503,13.731527093596062,11.6256157635468,1.5886699507389166,0.9305878617445256,0.02302442873687034,0.0,0.0,0.0,0.0,0.0,0.0,0.0,0.0,0.0,0.0,0.0,0.0,0.0,0.0,0.0,0.0,0.0,0.0,0.0,0.0,0.0,0.0,0.0,0.0,0.0,0.05620608899297425,2.7681498829039817,13.728337236533962,11.817330210772838,1.6299765807962534,0.3943,0.013214,0.0,0.0,0.0,0.0,0.0,0.0,0.0,0.0,0.0,0.0,0.5049261083743843,19.211822660098495,10.258620689655176,0.024630541871921187,0.0,0.0,0.0,0.0,0.0,0.0,0.0,0.0,0.0,0.0,0.0,0.0,0.0,0.0,0.0,0.0,0.3948,0.01315,0.0,0.0,0.0,0.0,0.0,0.0,0.0,0.0,0.0,0.0,0.6182669789227168,19.124121779859458,10.201405152224826,0.05620608899297425,0.0,0.0,0.0,0.0,0.0,0.0,0.0,0.0,0.0,0.0,0.0,0.0,0.0,0.0,0.0,0.0
66300,4784,2496,0.5217391304347826,1201,985,0.4569397993311037,1361,0.5689799331103679,0.4120000000000001,2.9969405594405596,3.0567890295687716,6.509036144578313,2.0291348470738044,9538.217391304348,1613.4728128972029,7853.0,11083.0,11083.0,0.0,7853.0,0.0,28.838210702341136,21.077014651776228,33.66888724401678,19.26245321331327,0.13043478260869565,0.0976170568561873,0.08800167224080267,0.08862876254180602,0.08340301003344482,0.06668060200668896,0.07148829431438126,0.0625,0.0625,0.05664715719063545,0.04703177257525084,0.04013377926421405,0.039506688963210704,0.027801003344481604,0.019648829431438128,0.010451505016722408,0.007525083612040134,0.9288590130673404,0.022743254033749574,0.0,0.0,0.0,0.0,0.0,0.0,0.0,0.0,0.0,0.0,0.0,0.0,0.0,0.0,0.0,0.0,0.0,0.0,0.0,0.0,0.0,0.0,0.0,0.0,0.0,0.11287625418060203,3.022575250836121,14.10326086956522,11.312709030100338,1.4485785953177261,4.138601442458451,2.874654227502743,nan,nan,nan,4.118477593615715,2.869596111710046,4.1596153846153845,2.8797764969844146,1.0099885916736415,0.394,0.01312,0.0,0.0,0.0,0.0,0.0,0.0,0.0,0.0,0.0,0.0,0.5079431438127091,19.671822742474887,9.776337792642142,0.043896321070234126,0.0,0.0,0.0,0.0,0.0,0.0,0.0,0.0,0.0,0.0,0.0,0.0,0.0,0.0,0.0,0.0,nan,nan,4.138601442458451,2.874654227502743,nan,0.394,0.0668,0.0,0.0,0.0,0.0,0.0,0.0,0.0,0.0,0.0,0.0,0.0,0.0,0.0,0.0,0.0,0.0,0.0,0.0,0.0,0.0,9.406354515050167e-05,0.002006688963210702,0.014653010033444816,0.0013168896321070233,0.0038461538461538464,0.0013482441471571907,0.003260869565217391,0.016555183946488295,0.0059887123745819395,0.017819816053511704,0.029535953177257525,0.020369983277591975,0.03028846153846154,0.03177257525083612,0.0574623745819398,0.043864966555183946,0.07346362876254181,0.06905309364548495,0.06076505016722408,0.04671822742474916,0.05768185618729097,0.05061663879598662,0.04534908026755853,0.0485994983277592,0.034051003344481606,0.02699623745819398,0.035733695652173915,0.03669523411371237,0.03815844481605351,0.01970108695652174,0.025533026755852842,0.018311036789297658,0.02339046822742475,0.001609531772575251,0.0008361204013377926,0.0010346989966555184,0.0038566053511705687,0.0,1.0451505016722408e-05,8.361204013377926e-05,0.0015259197324414716,0.0,0.0,0.0,0.0,4.180602006688963e-05,0.0,0.0,0.0,0.0,0.0,0.0,0.0,0.0,0.0,0.0,0.0,0.0,0.0,0.0,0.0,0.0,0.0,0.0,0.0,0.0,0.0,0.0,0.0,0.0,0.0,0.0,0.0,0.0,0.0,0.0,0.0,0.0,0.0,0.0,0.0,nan,nan,4.138601442458451,2.874654227502743,nan,0.9282975447340271,0.02233388880632833,0.0,0.0,0.0,0.0,0.0,0.0,0.0,0.0,0.0,0.0,0.0,0.0,0.0,0.0,0.0,0.0,0.0,0.0,0.0,0.0,0.0,0.0,0.0,0.0,0.0,0.07211538461538462,3.0649038461538467,14.627403846153848,10.913461538461542,1.322115384615385,0.9294715239764093,0.02316607628804807,0.0,0.0,0.0,0.0,0.0,0.0,0.0,0.0,0.0,0.0,0.0,0.0,0.0,0.0,0.0,0.0,0.0,0.0,0.0,0.0,0.0,0.0,0.0,0.0,0.0,0.15734265734265737,2.976398601398602,13.531468531468535,11.748251748251752,1.586538461538462,0.394,0.01349,0.0,0.0,0.0,0.0,0.0,0.0,0.0,0.0,0.0,0.0,0.4927884615384616,19.447115384615355,10.000000000000004,0.060096153846153855,0.0,0.0,0.0,0.0,0.0,0.0,0.0,0.0,0.0,0.0,0.0,0.0,0.0,0.0,0.0,0.0,0.3938,0.0127,0.0,0.0,0.0,0.0,0.0,0.0,0.0,0.0,0.0,0.0,0.5244755244755246,19.916958041958015,9.532342657342658,0.02622377622377623,0.0,0.0,0.0,0.0,0.0,0.0,0.0,0.0,0.0,0.0,0.0,0.0,0.0,0.0,0.0,0.0
66400,4849,2514,0.5184574138997732,1160,1005,0.4464838110950711,1384,0.5708393483192411,0.4080000000000001,2.9413276231263383,3.048428660020221,6.474164133738602,2.1494541578520656,9527.617446896267,1613.8992409768246,7853.0,11083.0,11083.0,0.0,7853.0,0.0,28.006805526912764,20.914712429359557,32.83280371547299,19.206437073677,0.13528562590224788,0.10249535986801403,0.09053413074860796,0.09321509589606104,0.07960404207053001,0.07547948030521758,0.06991132192204579,0.060837286038358425,0.06021860177356156,0.0511445658898742,0.0435141266240462,0.039802021035265006,0.0340276345638276,0.025159826768405856,0.02186017735615591,0.010517632501546711,0.006393070736234275,0.9287940975463767,0.023006831031151025,0.0,0.0,0.0,0.0,0.0,0.0,0.0,0.0,0.0,0.0,0.0,0.0,0.0,0.0,0.0,0.0,0.0,0.0,0.0,0.0,0.0,0.0,0.0,0.0,0.0,0.08042895442359252,3.062487110744484,14.316353887399467,11.024953598680144,1.5157764487523204,4.200953895071542,2.884473932816607,nan,nan,nan,4.232885476647473,2.8475028274274807,4.169405815423515,2.920198549943366,0.9850032178819458,0.3938,0.0129,0.0,0.0,0.0,0.0,0.0,0.0,0.0,0.0,0.0,0.0,0.4330789853578058,20.268096514745277,9.255516601361107,0.043307898535780584,0.0,0.0,0.0,0.0,0.0,0.0,0.0,0.0,0.0,0.0,0.0,0.0,0.0,0.0,0.0,0.0,nan,nan,4.200953895071542,2.884473932816607,nan,0.3938,0.0665,0.0,0.0,0.0,0.0,0.0,0.0,0.0,0.0,0.0,0.0,0.0,0.0,0.0,0.0,0.0,0.0,0.0,1.0311404413281089e-05,0.0,1.0311404413281089e-05,0.00012373685295937308,0.001856052794390596,0.014229738090327902,0.0008661579707156115,0.004186430191792122,0.001618890492885131,0.003835842441740565,0.014209115281501341,0.006094040008249124,0.018426479686533305,0.02898535780573314,0.021293050113425447,0.032790266034233864,0.029408125386677666,0.05866157970715612,0.045978552278820375,0.0736646731284801,0.06699319447308723,0.0605795009280264,0.046184780367085995,0.05873375953804908,0.051453908022272635,0.04633945143328521,0.04708187255104145,0.0342957310785729,0.02546916890080429,0.036780779542173646,0.03604866982883069,0.039234893792534545,0.019488554341101257,0.02368529593730666,0.019746339451433285,0.023128480098989483,0.0013095483604866982,0.0009589606104351413,0.00104145184574139,0.0031862239637038565,1.0311404413281089e-05,1.0311404413281089e-05,0.00028871932357187047,0.0016807589193648174,0.0,0.0,0.0,0.0,2.0622808826562177e-05,0.0,0.0,0.0,0.0,0.0,0.0,0.0,0.0,0.0,0.0,0.0,0.0,0.0,0.0,0.0,0.0,0.0,0.0,0.0,0.0,0.0,0.0,0.0,0.0,0.0,0.0,0.0,0.0,0.0,0.0,0.0,0.0,0.0,0.0,0.0,nan,nan,4.200953895071542,2.884473932816607,nan,0.9287139827662645,0.02305565708053755,0.0,0.0,0.0,0.0,0.0,0.0,0.0,0.0,0.0,0.0,0.0,0.0,0.0,0.0,0.0,0.0,0.0,0.0,0.0,0.0,0.0,0.0,0.0,0.0,0.0,0.07159904534606207,3.2219570405727933,13.973747016706447,11.241050119331746,1.4916467780429599,0.9288803538877908,0.022953833299711623,0.0,0.0,0.0,0.0,0.0,0.0,0.0,0.0,0.0,0.0,0.0,0.0,0.0,0.0,0.0,0.0,0.0,0.0,0.0,0.0,0.0,0.0,0.0,0.0,0.0,0.08993576017130624,2.8907922912205577,14.685224839400432,10.792291220556748,1.541755888650964,0.3943,0.013,0.0,0.0,0.0,0.0,0.0,0.0,0.0,0.0,0.0,0.0,0.45346062052505975,19.916467780429564,9.594272076372317,0.035799522673031034,0.0,0.0,0.0,0.0,0.0,0.0,0.0,0.0,0.0,0.0,0.0,0.0,0.0,0.0,0.0,0.0,0.3936,0.012794,0.0,0.0,0.0,0.0,0.0,0.0,0.0,0.0,0.0,0.0,0.41113490364025707,20.646680942184123,8.890792291220558,0.05139186295503213,0.0,0.0,0.0,0.0,0.0,0.0,0.0,0.0,0.0,0.0,0.0,0.0,0.0,0.0,0.0,0.0
66500,4999,2583,0.5167033406681336,1257,1008,0.4530906181236247,1411,0.5645129025805161,0.38800000000000007,2.9048013245033113,3.0655169491989533,6.492647058823529,2.167257427668773,9521.95179035807,1614.0985732963022,7853.0,11083.0,11083.0,0.0,7853.0,0.0,28.130226045209042,20.63014214982384,32.96869812663031,18.822422338208824,0.13582716543308662,0.09321864372874575,0.09881976395279056,0.08681736347269454,0.07521504300860173,0.06981396279255851,0.08001600320064013,0.0668133626725345,0.05961192238447689,0.05461092218443689,0.04620924184836967,0.038807761552310464,0.036207241448289657,0.02560512102420484,0.01800360072014403,0.009801960392078415,0.004600920184036807,0.929643658226217,0.02308099933167237,0.0,0.0,0.0,0.0,0.0,0.0,0.0,0.0,0.0,0.0,0.0,0.0,0.0,0.0,0.0,0.0,0.0,0.0,0.0,0.0,0.0,0.0,0.0,0.0,0.0,0.09601920384076817,2.9945989197839573,13.922784556911385,11.270254050810165,1.7163432686537312,4.183780450200432,2.864095408232105,nan,nan,nan,4.138601823708207,2.85201350344392,4.230287859824781,2.8757383627782,1.0221538674224095,0.394,0.013245,0.0,0.0,0.0,0.0,0.0,0.0,0.0,0.0,0.0,0.0,0.5461092218443689,19.947989597919555,9.445889177835568,0.06001200240048011,0.0,0.0,0.0,0.0,0.0,0.0,0.0,0.0,0.0,0.0,0.0,0.0,0.0,0.0,0.0,0.0,nan,nan,4.183780450200432,2.864095408232105,nan,0.394,0.0664,0.0,0.0,0.0,0.0,0.0,0.0,0.0,0.0,0.0,0.0,0.0,0.0,0.0,0.0,0.0,0.0,0.0,2.000400080016003e-05,2.000400080016003e-05,1.0002000400080016e-05,0.00013002600520104022,0.001870374074814963,0.014982996599319865,0.0009301860372074415,0.003010602120424085,0.002000400080016003,0.004110822164432887,0.013402680536107221,0.005681136227245449,0.017993598719743948,0.028575715143028604,0.021074214842968595,0.03257651530306061,0.029005801160232048,0.058801760352070416,0.04503900780156031,0.0722744548909782,0.07181436287257452,0.061032206441288255,0.045719143828765754,0.06038207641528306,0.04978995799159832,0.04556911382276455,0.047459491898379676,0.03479695939187837,0.02628525705141028,0.03621724344868974,0.0351870374074815,0.041118223644728946,0.020994198839767955,0.022494498899779957,0.01727345469093819,0.023014602920584118,0.0013702740548109623,0.0007601520304060812,0.0015203040608121625,0.0036407281456291257,2.000400080016003e-05,3.000600120024005e-05,0.00040008001600320064,0.0016003200640128026,0.0,0.0,0.0,0.0,0.0,0.0,0.0,0.0,0.0,0.0,0.0,0.0,0.0,0.0,0.0,0.0,0.0,0.0,0.0,0.0,0.0,0.0,0.0,0.0,0.0,0.0,0.0,0.0,0.0,0.0,0.0,0.0,0.0,0.0,0.0,0.0,0.0,0.0,0.0,0.0,nan,nan,4.183780450200432,2.864095408232105,nan,0.9299603468957355,0.023365918873447744,0.0,0.0,0.0,0.0,0.0,0.0,0.0,0.0,0.0,0.0,0.0,0.0,0.0,0.0,0.0,0.0,0.0,0.0,0.0,0.0,0.0,0.0,0.0,0.0,0.0,0.1277584204413473,3.0429732868757267,13.554006968641119,11.498257839721257,1.7770034843205578,0.9293050792388964,0.02276757109370207,0.0,0.0,0.0,0.0,0.0,0.0,0.0,0.0,0.0,0.0,0.0,0.0,0.0,0.0,0.0,0.0,0.0,0.0,0.0,0.0,0.0,0.0,0.0,0.0,0.0,0.0620860927152318,2.9428807947019875,14.317052980132454,11.026490066225168,1.651490066225166,0.3943,0.01312,0.0,0.0,0.0,0.0,0.0,0.0,0.0,0.0,0.0,0.0,0.3716608594657376,20.058072009291493,9.51219512195122,0.058072009291521495,0.0,0.0,0.0,0.0,0.0,0.0,0.0,0.0,0.0,0.0,0.0,0.0,0.0,0.0,0.0,0.0,0.3938,0.01338,0.0,0.0,0.0,0.0,0.0,0.0,0.0,0.0,0.0,0.0,0.7326158940397353,19.830298013245002,9.375000000000002,0.0620860927152318,0.0,0.0,0.0,0.0,0.0,0.0,0.0,0.0,0.0,0.0,0.0,0.0,0.0,0.0,0.0,0.0
66600,4657,2473,0.5310285591582564,1172,919,0.44900150311359244,1290,0.5540047240712905,0.4320000000000001,3.0164835164835164,3.1707660900346535,6.705400981996727,2.2095508266568684,9568.222246081168,1611.8872483491039,7853.0,11083.0,11083.0,0.0,7853.0,0.0,27.938587073223104,20.74463297514695,32.85947879407256,18.96506425163546,0.14129267768949968,0.09491088683701954,0.09405196478419584,0.08718058836160618,0.0833154391238995,0.07043160833154391,0.0719347219239854,0.06592226755421945,0.05454155035430535,0.054756280867511276,0.04960274855056904,0.039080953403478634,0.033497960060124544,0.025123470045093407,0.017822632596091903,0.012024908739531888,0.004509340777324458,0.9288364442372132,0.023318268281534684,0.0,0.0,0.0,0.0,0.0,0.0,0.0,0.0,0.0,0.0,0.0,0.0,0.0,0.0,0.0,0.0,0.0,0.0,0.0,0.0,0.0,0.0,0.0,0.0,0.0,0.12883830792355597,3.111445136353877,14.036933648271422,11.221816620141725,1.5009662873094272,4.255496335776149,2.9697023445921724,nan,nan,nan,4.214953271028038,2.9366685309320726,4.294743845642049,3.0023752491397686,1.0189303580569828,0.3938,0.01333,0.0,0.0,0.0,0.0,0.0,0.0,0.0,0.0,0.0,0.0,0.5668885548636462,19.609190465965185,9.765943740605541,0.057977238565600185,0.0,0.0,0.0,0.0,0.0,0.0,0.0,0.0,0.0,0.0,0.0,0.0,0.0,0.0,0.0,0.0,nan,nan,4.255496335776149,2.9697023445921724,nan,0.3938,0.0664,0.0,0.0,0.0,0.0,0.0,0.0,0.0,0.0,0.0,0.0,0.0,0.0,0.0,0.0,0.0,0.0,0.0,5.368262830148164e-05,0.0,0.0,9.662873094266696e-05,0.0014816405411208933,0.015610908310070861,0.0005475628086751127,0.0026948679407343785,0.0025982392097917114,0.0037792570324243074,0.014075585140648486,0.006012454369765944,0.01859566244363324,0.02991196048958557,0.022085033283229548,0.03310070861069358,0.027786128408846898,0.058964998926347434,0.04457805454155035,0.06680266265836375,0.07121537470474554,0.061820914751986256,0.04374060554004724,0.061477345930856776,0.04906592226755422,0.04787416791926133,0.04983895211509556,0.03213442130126691,0.027786128408846898,0.034786343139360104,0.03734163624651063,0.041936869229117456,0.02002362035645265,0.024758428172643333,0.01664161477345931,0.022525230835301696,0.001213227399613485,0.0009340777324457805,0.0015782692720635602,0.00307064633884475,5.368262830148164e-05,0.0,0.000590508911316298,0.0008159759501825209,0.0,0.0,0.0,0.0,0.0,0.0,0.0,0.0,0.0,0.0,0.0,0.0,0.0,0.0,0.0,0.0,0.0,0.0,0.0,0.0,0.0,0.0,0.0,0.0,0.0,0.0,0.0,0.0,0.0,0.0,0.0,0.0,0.0,0.0,0.0,0.0,0.0,0.0,0.0,0.0,nan,nan,4.255496335776149,2.9697023445921724,nan,0.9283137371604664,0.02331999510928162,0.0,0.0,0.0,0.0,0.0,0.0,0.0,0.0,0.0,0.0,0.0,0.0,0.0,0.0,0.0,0.0,0.0,0.0,0.0,0.0,0.0,0.0,0.0,0.0,0.0,0.14557217953902146,3.2268499797816426,14.108370400323496,11.075616659927217,1.4435907804286296,0.9294283190544271,0.023302161904156595,0.0,0.0,0.0,0.0,0.0,0.0,0.0,0.0,0.0,0.0,0.0,0.0,0.0,0.0,0.0,0.0,0.0,0.0,0.0,0.0,0.0,0.0,0.0,0.0,0.0,0.10989010989010992,2.9807692307692317,13.95604395604396,11.38736263736264,1.5659340659340664,0.3938,0.01308,0.0,0.0,0.0,0.0,0.0,0.0,0.0,0.0,0.0,0.0,0.5701577031945007,19.61585119288311,9.765467044076022,0.04852405984634049,0.0,0.0,0.0,0.0,0.0,0.0,0.0,0.0,0.0,0.0,0.0,0.0,0.0,0.0,0.0,0.0,0.394,0.01361,0.0,0.0,0.0,0.0,0.0,0.0,0.0,0.0,0.0,0.0,0.5631868131868133,19.601648351648326,9.766483516483518,0.0686813186813187,0.0,0.0,0.0,0.0,0.0,0.0,0.0,0.0,0.0,0.0,0.0,0.0,0.0,0.0,0.0,0.0
66700,4943,2568,0.5195225571515274,1182,996,0.44062310337851507,1382,0.5591745903297592,0.4200000000000001,3.030736842105263,3.1725637124721846,6.853474320241692,2.1417963382349177,9531.057859599434,1613.7684797834968,7853.0,11083.0,11083.0,0.0,7853.0,0.0,27.99676309933239,20.934683294447044,33.01642115431055,19.162864575522075,0.1397936475824398,0.101355452154562,0.09063321869310136,0.08982399352619866,0.07910176006473801,0.07020028322880842,0.07566255310540158,0.06129880639287882,0.05522961764110864,0.05098118551486951,0.04390046530447097,0.04450738417964799,0.03641513251062108,0.02670443050778879,0.01901679142221323,0.00991300829455796,0.005462269876593162,0.9296376035084687,0.023122926205788565,0.0,0.0,0.0,0.0,0.0,0.0,0.0,0.0,0.0,0.0,0.0,0.0,0.0,0.0,0.0,0.0,0.0,0.0,0.0,0.0,0.0,0.0,0.0,0.0,0.0,0.08496864252478255,2.9617641108638484,13.995549261582038,11.270483512037227,1.6872344729921105,4.316734951150331,2.945169777020061,nan,nan,nan,4.296786389413989,2.93161005230811,4.338801261829653,2.9582866260328746,1.0097782083184719,0.3938,0.013596,0.0,0.0,0.0,0.0,0.0,0.0,0.0,0.0,0.0,0.0,0.6311956301840989,19.718794254501287,9.613594982803967,0.03641513251062108,0.0,0.0,0.0,0.0,0.0,0.0,0.0,0.0,0.0,0.0,0.0,0.0,0.0,0.0,0.0,0.0,nan,nan,4.316734951150331,2.945169777020061,nan,0.3938,0.06696,0.0,0.0,0.0,0.0,0.0,0.0,0.0,0.0,0.0,0.0,0.0,0.0,0.0,0.0,0.0,0.0,0.0,0.00016184503338053814,0.0,0.0,5.057657293141817e-05,0.0013352215253894396,0.01704430507788792,0.0003338053813473599,0.0028828646570908355,0.002822172769573134,0.0037932429698563624,0.014212016993728505,0.006372648189358689,0.021586081327129275,0.030052599635848675,0.021899656079304067,0.033643536313979365,0.026461662957717985,0.056311956301840986,0.04133117539955493,0.06645761683188348,0.06967428687032166,0.06163261177422618,0.044052195023265225,0.06431317013959134,0.049039045114303056,0.04947400364151325,0.04891766133926765,0.03109447703823589,0.0287376087396318,0.035261986647784745,0.03711308921707465,0.041604288893384585,0.01879425450131499,0.023700182075662553,0.017752377098927775,0.02372041270483512,0.0015881043900465304,0.0007384179647987052,0.001406028727493425,0.003054825005057657,0.0,0.0,0.0008092251669026907,0.0007687639085575561,0.0,0.0,0.0,0.0,0.0,0.0,0.0,0.0,0.0,0.0,0.0,0.0,0.0,0.0,0.0,0.0,0.0,0.0,0.0,0.0,0.0,0.0,0.0,0.0,0.0,0.0,0.0,0.0,0.0,0.0,0.0,0.0,0.0,0.0,0.0,0.0,0.0,0.0,0.0,0.0,nan,nan,4.316734951150331,2.945169777020061,nan,0.9295369137856077,0.022996366025693642,0.0,0.0,0.0,0.0,0.0,0.0,0.0,0.0,0.0,0.0,0.0,0.0,0.0,0.0,0.0,0.0,0.0,0.0,0.0,0.0,0.0,0.0,0.0,0.0,0.0,0.09345794392523367,2.978971962616823,14.07710280373832,11.320093457943928,1.5303738317757012,0.929746475596177,0.023258505733922887,0.0,0.0,0.0,0.0,0.0,0.0,0.0,0.0,0.0,0.0,0.0,0.0,0.0,0.0,0.0,0.0,0.0,0.0,0.0,0.0,0.0,0.0,0.0,0.0,0.0,0.07578947368421053,2.943157894736843,13.907368421052634,11.216842105263161,1.8568421052631583,0.3936,0.01354,0.0,0.0,0.0,0.0,0.0,0.0,0.0,0.0,0.0,0.0,0.6892523364485983,19.754672897196233,9.532710280373832,0.023364485981308417,0.0,0.0,0.0,0.0,0.0,0.0,0.0,0.0,0.0,0.0,0.0,0.0,0.0,0.0,0.0,0.0,0.3938,0.01366,0.0,0.0,0.0,0.0,0.0,0.0,0.0,0.0,0.0,0.0,0.568421052631579,19.67999999999997,9.701052631578948,0.0505263157894737,0.0,0.0,0.0,0.0,0.0,0.0,0.0,0.0,0.0,0.0,0.0,0.0,0.0,0.0,0.0,0.0
66800,4951,2569,0.5188850737224803,1174,1016,0.4423348818420521,1398,0.5647343970914966,0.4120000000000001,2.9487825356842987,3.0784421096662733,6.553516819571866,2.162944430764085,9528.998788123612,1613.8476222516952,7853.0,11083.0,11083.0,0.0,7853.0,0.0,27.975964451625934,20.835585420819488,32.7163323782235,19.153423456436165,0.13795192890325186,0.09674813169056756,0.09695011108866895,0.0860432235911937,0.07937790345384771,0.07735810947283377,0.07372248030700869,0.060997778226620884,0.05594829327408604,0.052716622904463745,0.04928297313674005,0.04019390022217734,0.030700868511411836,0.02605534235507978,0.017572207634821247,0.011310846293678045,0.007069278933548778,0.9284352131069031,0.023370979563439212,0.0,0.0,0.0,0.0,0.0,0.0,0.0,0.0,0.0,0.0,0.0,0.0,0.0,0.0,0.0,0.0,0.0,0.0,0.0,0.0,0.0,0.0,0.0,0.0,0.0,0.1030094930317108,3.3084225409008288,13.997172288426583,11.125025247424766,1.4663704302161182,4.265203761755486,2.8640916879048515,nan,nan,nan,4.21273964131107,2.8173437539105555,4.320610687022901,2.910716819032428,1.025605913229012,0.3943,0.01323,0.0,0.0,0.0,0.0,0.0,0.0,0.0,0.0,0.0,0.0,0.5150474651585539,19.27489396081597,10.167642900424159,0.042415673601292676,0.0,0.0,0.0,0.0,0.0,0.0,0.0,0.0,0.0,0.0,0.0,0.0,0.0,0.0,0.0,0.0,nan,nan,4.265203761755486,2.8640916879048515,nan,0.3943,0.0669,0.0,0.0,0.0,0.0,0.0,0.0,0.0,0.0,0.0,0.0,0.0,0.0,0.0,0.0,0.0,0.0,0.0,0.00021207836800646334,0.0,0.0,0.0001211876388608362,0.0016360331246212886,0.015855382750959403,0.00034336497677236923,0.0025348414461724904,0.0028075136336093718,0.00350434255705918,0.014714199151686529,0.0062916582508584125,0.020894768733589173,0.031104827307614623,0.022843869925267622,0.03498283175116138,0.027247020803878006,0.05578670975560493,0.03786103817410624,0.06284588971924863,0.06626944051706726,0.0612906483538679,0.045445364572813576,0.06366390628155928,0.05096950111088669,0.05143405372651989,0.048151888507372245,0.03132700464552616,0.02965057564128459,0.03654817208644718,0.03928499293072107,0.04076954150676631,0.01851141183599273,0.022540900828115534,0.020147444960614016,0.02513633609371844,0.002080387800444355,0.0007271258331650171,0.0009392042011714805,0.0024742476267420725,0.0,0.0,0.0005251464350636235,0.0005251464350636235,0.0,0.0,0.0,0.0,0.0,0.0,0.0,0.0,0.0,0.0,0.0,0.0,0.0,0.0,0.0,0.0,0.0,0.0,0.0,0.0,0.0,0.0,0.0,0.0,0.0,0.0,0.0,0.0,0.0,0.0,0.0,0.0,0.0,0.0,0.0,0.0,0.0,0.0,0.0,0.0,nan,nan,4.265203761755486,2.8640916879048515,nan,0.9280045435743232,0.02360069927773669,0.0,0.0,0.0,0.0,0.0,0.0,0.0,0.0,0.0,0.0,0.0,0.0,0.0,0.0,0.0,0.0,0.0,0.0,0.0,0.0,0.0,0.0,0.0,0.0,0.0,0.14013234721681592,3.3748540288049833,14.071623199688597,10.965356169715845,1.4480342545737646,0.9288996925482121,0.02311167427418866,0.0,0.0,0.0,0.0,0.0,0.0,0.0,0.0,0.0,0.0,0.0,0.0,0.0,0.0,0.0,0.0,0.0,0.0,0.0,0.0,0.0,0.0,0.0,0.0,0.0,0.06297229219143578,3.2367758186397992,13.916876574307308,11.29722921914358,1.4861460957178845,0.3948,0.0133,0.0,0.0,0.0,0.0,0.0,0.0,0.0,0.0,0.0,0.0,0.49046321525885567,19.163098481899542,10.264694433631766,0.08174386920980929,0.0,0.0,0.0,0.0,0.0,0.0,0.0,0.0,0.0,0.0,0.0,0.0,0.0,0.0,0.0,0.0,0.394,0.013145,0.0,0.0,0.0,0.0,0.0,0.0,0.0,0.0,0.0,0.0,0.5415617128463477,19.39546599496219,10.062972292191438,0.0,0.0,0.0,0.0,0.0,0.0,0.0,0.0,0.0,0.0,0.0,0.0,0.0,0.0,0.0,0.0,0.0
66900,4595,2446,0.5323177366702938,1188,910,0.45658324265505984,1276,0.555386289445049,0.4200000000000001,2.991624011167985,2.9790527593588796,6.234662576687117,2.106481607668608,9572.386289445049,1611.6229405713652,7853.0,11083.0,11083.0,0.0,7853.0,0.0,29.004352557127312,21.227940161834855,33.90154241645244,19.375728136217543,0.13492927094668117,0.0940152339499456,0.08944504896626768,0.07986942328618063,0.07704026115342764,0.07529923830250272,0.07247007616974972,0.06572361262241568,0.05919477693144722,0.055930359085963006,0.05005440696409141,0.0426550598476605,0.035908596300326445,0.028291621327529923,0.017410228509249184,0.013710554951033732,0.008052230685527748,0.9291152506969439,0.02302172567694577,0.0,0.0,0.0,0.0,0.0,0.0,0.0,0.0,0.0,0.0,0.0,0.0,0.0,0.0,0.0,0.0,0.0,0.0,0.0,0.0,0.0,0.0,0.0,0.0,0.006528835690968446,0.11099020674646357,2.9249183895538637,14.304678998911864,11.014145810663768,1.6387377584330798,4.075688073394495,2.7715269704711707,nan,nan,nan,4.072359843546284,2.8002803055548213,4.077785102175346,2.7426201520769,1.0013322149410886,0.394,0.0133,0.0,0.0,0.0,0.0,0.0,0.0,0.0,0.0,0.0,0.0,0.5353645266594125,19.632208922742084,9.786724700761699,0.04570184983677912,0.0,0.0,0.0,0.0,0.0,0.0,0.0,0.0,0.0,0.0,0.0,0.0,0.0,0.0,0.0,0.0,nan,nan,4.075688073394495,2.7715269704711707,nan,0.394,0.0664,0.0,0.0,0.0,0.0,0.0,0.0,0.0,0.0,0.0,0.0,0.0,0.0,0.0,0.0,0.0,0.0,0.0,0.00013057671381936888,0.0,1.088139281828074e-05,9.793253536452666e-05,0.0018607181719260066,0.014722524483133841,0.0004678998911860718,0.0022415669205658323,0.002393906420021763,0.003427638737758433,0.014602829162132753,0.006789989118607182,0.02073993471164309,0.033471164309031555,0.023297062023939063,0.03648531011969532,0.027159956474428728,0.05589771490750816,0.037464635473340585,0.062274211099020677,0.06342763873775843,0.05946681175190424,0.04708378672470076,0.06495103373231774,0.0526550598476605,0.05122959738846573,0.048628944504896625,0.030826985854189335,0.03230685527747552,0.037312295973884656,0.03889009793253537,0.038922742110990206,0.017878128400435254,0.022295973884657237,0.019934711643090314,0.02399347116430903,0.0030359085963003263,0.0005658324265505985,0.0006855277475516866,0.001719260065288357,1.088139281828074e-05,0.0,6.528835690968444e-05,0.0005767138193688792,0.0,0.0,0.0,0.0,0.0,0.0,0.0,0.0,0.0,0.0,0.0,0.0,0.0,0.0,0.0,0.0,0.0,0.0,0.0,0.0,0.0,0.0,0.0,0.0,0.0,0.0,0.0,0.0,0.0,0.0,0.0,0.0,0.0,0.0,0.0,0.0,0.0,0.0,0.0,0.0,nan,nan,4.075688073394495,2.7715269704711707,nan,0.929155760189596,0.023438856753948682,0.0,0.0,0.0,0.0,0.0,0.0,0.0,0.0,0.0,0.0,0.0,0.0,0.0,0.0,0.0,0.0,0.0,0.0,0.0,0.0,0.0,0.0,0.0,0.0,0.012264922322158629,0.0858544562551104,3.1275551921504503,13.982011447260836,11.062959934587084,1.7293540474243667,0.9290691426378341,0.022537464265642796,0.0,0.0,0.0,0.0,0.0,0.0,0.0,0.0,0.0,0.0,0.0,0.0,0.0,0.0,0.0,0.0,0.0,0.0,0.0,0.0,0.0,0.0,0.0,0.0,0.0,0.13959981386691486,2.694276407631457,14.671940437412754,10.958585388552818,1.5355979525360637,0.3938,0.01325,0.0,0.0,0.0,0.0,0.0,0.0,0.0,0.0,0.0,0.0,0.5151267375306624,19.783319705641834,9.689288634505317,0.012264922322158629,0.0,0.0,0.0,0.0,0.0,0.0,0.0,0.0,0.0,0.0,0.0,0.0,0.0,0.0,0.0,0.0,0.3943,0.01333,0.0,0.0,0.0,0.0,0.0,0.0,0.0,0.0,0.0,0.0,0.5583992554676594,19.460214053047903,9.897626803164265,0.08375988832014893,0.0,0.0,0.0,0.0,0.0,0.0,0.0,0.0,0.0,0.0,0.0,0.0,0.0,0.0,0.0,0.0
67000,4836,2482,0.5132340777502068,1117,1030,0.44396195202646815,1406,0.5814722911497106,0.3960000000000001,2.8929481733220053,3.0543799031711796,6.61732283464567,1.9802208772128034,9510.746071133168,1614.4341960583833,7853.0,11083.0,11083.0,0.0,7853.0,0.0,27.83995037220844,20.884396255229117,32.779255974377925,19.162433822603976,0.1393713813068652,0.097808105872622,0.10028949545078578,0.08643507030603804,0.08395368072787428,0.07237386269644334,0.06823821339950373,0.05955334987593052,0.05748552522746071,0.05231596360628619,0.045078577336641855,0.040736145574855255,0.035153019023986765,0.02750206782464847,0.017783291976840365,0.008271298593879239,0.007650951199338296,0.9285789966164195,0.02290456579016331,0.0,0.0,0.0,0.0,0.0,0.0,0.0,0.0,0.0,0.0,0.0,0.0,0.0,0.0,0.0,0.0,0.0,0.0,0.0,0.0,0.0,0.0,0.0,0.0,0.0,0.10545905707196032,3.0769230769230775,14.404466501240698,10.955334987593055,1.4578163771712163,4.298876404494382,2.842734314775674,nan,nan,nan,4.321290322580645,2.8288829916115175,4.27667731629393,2.856213306981931,0.989675998843773,0.3948,0.01326,0.0,0.0,0.0,0.0,0.0,0.0,0.0,0.0,0.0,0.0,0.403225806451613,19.441687344913124,10.105459057071961,0.049627791563275445,0.0,0.0,0.0,0.0,0.0,0.0,0.0,0.0,0.0,0.0,0.0,0.0,0.0,0.0,0.0,0.0,nan,nan,4.298876404494382,2.842734314775674,nan,0.3948,0.06604,0.0,0.0,0.0,0.0,0.0,0.0,0.0,0.0,0.0,0.0,0.0,0.0,0.0,0.0,0.0,0.0,0.0,4.1356492969396195e-05,0.0,8.271298593879239e-05,0.00015508684863523573,0.0014164598842018197,0.013564929693961952,0.00035153019023986766,0.0027088502894954507,0.0024193548387096775,0.003598014888337469,0.014050868486352357,0.0065963606286186935,0.020781637717121586,0.03289909015715467,0.02239454094292804,0.03771712158808933,0.02589950372208437,0.053825475599669145,0.036362696443341606,0.06314102564102564,0.06527088502894955,0.058240281224152195,0.05163358147229115,0.06561207609594706,0.05122001654259719,0.050299834574028125,0.048511166253101735,0.031007030603804796,0.03277502067824648,0.036807278742762614,0.035938792390405296,0.04178039702233251,0.019106699751861043,0.022859801488833747,0.019737386269644334,0.024110835401157982,0.003360215053763441,0.0007650951199338296,0.0006617038875103391,0.0016439205955334987,0.0,0.0,7.237386269644334e-05,0.0005789909015715467,0.0,0.0,0.0,0.0,0.0,0.0,0.0,0.0,0.0,0.0,0.0,0.0,0.0,0.0,0.0,0.0,0.0,0.0,0.0,0.0,0.0,0.0,0.0,0.0,0.0,0.0,0.0,0.0,0.0,0.0,0.0,0.0,0.0,0.0,0.0,0.0,0.0,0.0,0.0,0.0,nan,nan,4.298876404494382,2.842734314775674,nan,0.9284440320552501,0.023144315322321037,0.0,0.0,0.0,0.0,0.0,0.0,0.0,0.0,0.0,0.0,0.0,0.0,0.0,0.0,0.0,0.0,0.0,0.0,0.0,0.0,0.0,0.0,0.0,0.0,0.0,0.08460918614020953,3.1547139403706694,14.685737308622082,10.527800161160357,1.5471394037066886,0.9287212999472704,0.02264816026911831,0.0,0.0,0.0,0.0,0.0,0.0,0.0,0.0,0.0,0.0,0.0,0.0,0.0,0.0,0.0,0.0,0.0,0.0,0.0,0.0,0.0,0.0,0.0,0.0,0.0,0.12744265080713682,2.9949022939677152,14.107901444350045,11.406117247238745,1.363636363636364,0.3948,0.0132,0.0,0.0,0.0,0.0,0.0,0.0,0.0,0.0,0.0,0.0,0.3505237711522966,19.315068493150655,10.273972602739729,0.06043513295729252,0.0,0.0,0.0,0.0,0.0,0.0,0.0,0.0,0.0,0.0,0.0,0.0,0.0,0.0,0.0,0.0,0.3948,0.01333,0.0,0.0,0.0,0.0,0.0,0.0,0.0,0.0,0.0,0.0,0.4587935429056925,19.575191163976182,9.927782497875958,0.03823279524214104,0.0,0.0,0.0,0.0,0.0,0.0,0.0,0.0,0.0,0.0,0.0,0.0,0.0,0.0,0.0,0.0
67100,4539,2341,0.5157523683630756,1074,921,0.43952412425644416,1265,0.5573914959242123,0.4280000000000001,3.0291173794358506,3.131638462140808,6.605911330049261,2.153935840413338,9518.880149812734,1614.1983181613816,7853.0,11083.0,11083.0,0.0,7853.0,0.0,28.242123815818463,21.234975668833787,33.38824459673168,19.42872241131284,0.14100022031284423,0.10641110376734964,0.08702357347433355,0.08393919365499009,0.07975324961445253,0.06851729455827275,0.06433135051773518,0.0680766688697951,0.05728133950209297,0.05397664683851069,0.05375633399427186,0.03502974223397224,0.03392817801277814,0.02952192112800176,0.01806565322758317,0.011896893588896233,0.00749063670411985,0.9285837027122597,0.023390896859236926,0.0,0.0,0.0,0.0,0.0,0.0,0.0,0.0,0.0,0.0,0.0,0.0,0.0,0.0,0.0,0.0,0.0,0.0,0.0,0.0,0.0,0.0,0.0,0.0,0.0,0.1321877065432915,3.1196298744216797,14.256444150693989,10.912095175148714,1.5796430931923335,4.296523517382413,2.8937103914425104,nan,nan,nan,4.339261285909712,2.8901131529863724,4.254928619986404,2.8974544921351133,0.9805652021469299,0.3953,0.01281,0.0,0.0,0.0,0.0,0.0,0.0,0.0,0.0,0.0,0.0,0.38995373430270996,18.889623265036324,10.700594844679447,0.019828155981493723,0.0,0.0,0.0,0.0,0.0,0.0,0.0,0.0,0.0,0.0,0.0,0.0,0.0,0.0,0.0,0.0,nan,nan,4.296523517382413,2.8937103914425104,nan,0.3953,0.0664,0.0,0.0,0.0,0.0,0.0,0.0,0.0,0.0,0.0,0.0,0.0,0.0,0.0,0.0,0.0,0.0,0.0,0.0,0.0,0.00012117206433135052,0.00024234412866270104,0.001476096056400088,0.013648380700594844,6.609385327164574e-05,0.003513989865609165,0.002731879268561357,0.0031394580304031725,0.013604318131747081,0.005772196519057061,0.02064331350517735,0.03180215906587354,0.021689799515311744,0.039083498567966515,0.027484027318792684,0.05221414408460013,0.0361202908129544,0.06328486450760079,0.06555408680326064,0.05776602775941837,0.050396563119629874,0.06189689358889623,0.05202687816699714,0.05178453403833443,0.05044062568847764,0.030953954615554086,0.033212161269001984,0.03538224278475435,0.03464419475655431,0.04474553866490416,0.019178233090989205,0.02294558272747301,0.01958581185283102,0.0249063670411985,0.0029632077550121173,0.0013108614232209739,0.0009914077990746861,0.001740471469486671,2.2031284423881914e-05,0.0,0.0002753910552985239,0.0006389072482925755,0.0,0.0,0.0,0.0,0.0,0.0,0.0,0.0,0.0,0.0,0.0,0.0,0.0,0.0,0.0,0.0,0.0,0.0,0.0,0.0,0.0,0.0,0.0,0.0,0.0,0.0,0.0,0.0,0.0,0.0,0.0,0.0,0.0,0.0,0.0,0.0,0.0,0.0,0.0,0.0,nan,nan,4.296523517382413,2.8937103914425104,nan,0.9286681653240306,0.023461257145815945,0.0,0.0,0.0,0.0,0.0,0.0,0.0,0.0,0.0,0.0,0.0,0.0,0.0,0.0,0.0,0.0,0.0,0.0,0.0,0.0,0.0,0.0,0.0,0.0,0.0,0.11533532678342591,3.2422041862451954,14.186245194361387,10.956856044425463,1.4993592481845368,0.9284937450352096,0.023315389015984175,0.0,0.0,0.0,0.0,0.0,0.0,0.0,0.0,0.0,0.0,0.0,0.0,0.0,0.0,0.0,0.0,0.0,0.0,0.0,0.0,0.0,0.0,0.0,0.0,0.0,0.15013648771610558,2.989080982711557,14.331210191082805,10.86442220200182,1.6651501364877166,0.3955,0.012634,0.0,0.0,0.0,0.0,0.0,0.0,0.0,0.0,0.0,0.0,0.3075608714224691,19.004698846646704,10.662110209312262,0.025630072618539092,0.0,0.0,0.0,0.0,0.0,0.0,0.0,0.0,0.0,0.0,0.0,0.0,0.0,0.0,0.0,0.0,0.395,0.012985,0.0,0.0,0.0,0.0,0.0,0.0,0.0,0.0,0.0,0.0,0.47770700636942687,18.767060964513167,10.741583257506827,0.013648771610555053,0.0,0.0,0.0,0.0,0.0,0.0,0.0,0.0,0.0,0.0,0.0,0.0,0.0,0.0,0.0,0.0
67200,4830,2523,0.522360248447205,1217,975,0.4538302277432712,1370,0.567287784679089,0.4080000000000001,3.0641525791070654,3.140718322518118,6.618978102189781,2.1353996821298336,9540.223602484471,1613.3842540585813,7853.0,11083.0,11083.0,0.0,7853.0,0.0,28.6648033126294,20.96673060467699,33.52154750244858,19.14661397209494,0.1331262939958592,0.0968944099378882,0.08964803312629399,0.08633540372670807,0.07660455486542443,0.07142857142857142,0.07391304347826087,0.06169772256728778,0.06480331262939959,0.06086956521739131,0.0494824016563147,0.03664596273291926,0.03498964803312629,0.02463768115942029,0.02008281573498965,0.010559006211180125,0.008281573498964804,0.9275466339928763,0.023297050717023093,0.0,0.0,0.0,0.0,0.0,0.0,0.0,0.0,0.0,0.0,0.0,0.0,0.0,0.0,0.0,0.0,0.0,0.0,0.0,0.0,0.0,0.0,0.0,0.0,0.0,0.14285714285714288,3.372670807453417,14.354037267080749,10.776397515527954,1.3540372670807457,4.303240012582573,2.9401964478404845,nan,nan,nan,4.230133502860776,2.8867908028123166,4.3748443337484435,2.9898482982007124,1.0342095186333486,0.3955,0.01302,0.0,0.0,0.0,0.0,0.0,0.0,0.0,0.0,0.0,0.0,0.38509316770186347,18.385093167701836,11.18633540372671,0.04347826086956523,0.0,0.0,0.0,0.0,0.0,0.0,0.0,0.0,0.0,0.0,0.0,0.0,0.0,0.0,0.0,0.0,nan,nan,4.303240012582573,2.9401964478404845,nan,0.3955,0.0662,0.0,0.0,0.0,0.0,0.0,0.0,0.0,0.0,0.0,0.0,0.0,0.0,0.0,0.0,0.0,0.0,0.0,0.0,0.0,6.211180124223603e-05,0.00037267080745341616,0.0012732919254658385,0.01398550724637681,0.00016563146997929605,0.0030124223602484472,0.0030124223602484472,0.002763975155279503,0.014047619047619048,0.00629399585921325,0.019886128364389234,0.030538302277432712,0.020496894409937887,0.040082815734989646,0.027681159420289855,0.04720496894409938,0.03763975155279503,0.06365424430641822,0.06571428571428571,0.05753623188405797,0.05380952380952381,0.06265010351966874,0.04991718426501035,0.0537991718426501,0.04867494824016563,0.02974120082815735,0.03518633540372671,0.035838509316770184,0.03522774327122153,0.04766045548654244,0.019109730848861285,0.021314699792960662,0.019606625258799172,0.02489648033126294,0.002763975155279503,0.0012111801242236024,0.0007971014492753623,0.0014492753623188406,7.246376811594203e-05,0.0,0.00039337474120082814,0.00045548654244306416,0.0,0.0,0.0,0.0,0.0,0.0,0.0,0.0,0.0,0.0,0.0,0.0,0.0,0.0,0.0,0.0,0.0,0.0,0.0,0.0,0.0,0.0,0.0,0.0,0.0,0.0,0.0,0.0,0.0,0.0,0.0,0.0,0.0,0.0,0.0,0.0,0.0,0.0,0.0,0.0,nan,nan,4.303240012582573,2.9401964478404845,nan,0.9280919746137355,0.023179562727007275,0.0,0.0,0.0,0.0,0.0,0.0,0.0,0.0,0.0,0.0,0.0,0.0,0.0,0.0,0.0,0.0,0.0,0.0,0.0,0.0,0.0,0.0,0.0,0.0,0.0,0.14268727705112963,3.0915576694411424,14.530321046373368,10.832342449464926,1.4030915576694416,0.9269502341721447,0.02341032535308106,0.0,0.0,0.0,0.0,0.0,0.0,0.0,0.0,0.0,0.0,0.0,0.0,0.0,0.0,0.0,0.0,0.0,0.0,0.0,0.0,0.0,0.0,0.0,0.0,0.0,0.14304291287386217,3.6801040312093636,14.161248374512358,10.715214564369314,1.3003901170351106,0.3955,0.013054,0.0,0.0,0.0,0.0,0.0,0.0,0.0,0.0,0.0,0.0,0.41617122473246143,18.442330558858476,11.105826397146258,0.03567181926278241,0.0,0.0,0.0,0.0,0.0,0.0,0.0,0.0,0.0,0.0,0.0,0.0,0.0,0.0,0.0,0.0,0.3958,0.012985,0.0,0.0,0.0,0.0,0.0,0.0,0.0,0.0,0.0,0.0,0.35110533159947993,18.322496749024683,11.274382314694412,0.05201560468140443,0.0,0.0,0.0,0.0,0.0,0.0,0.0,0.0,0.0,0.0,0.0,0.0,0.0,0.0,0.0,0.0
67300,4933,2589,0.5248327589702007,1179,1022,0.4461787958645854,1388,0.5627407257247111,0.4160000000000001,3.00981228668942,3.0555699655863005,6.5919629057187015,2.0330644776260947,9548.209811473747,1613.0069392731534,7853.0,11083.0,11083.0,0.0,7853.0,0.0,28.298195824042164,21.104713945664518,33.267839922854385,19.33600918411562,0.1372390026353132,0.09912831948104601,0.0900060814919927,0.08960064869247922,0.07905939590512873,0.07196432191364281,0.07297790391242652,0.06669369551996757,0.05554429353334685,0.05088181633894182,0.04338130954794243,0.04500304074599635,0.030204743563754306,0.027974863166430164,0.020677072775187513,0.010946685586863977,0.008716805189539835,0.9277817740803821,0.023680936236981167,0.0,0.0,0.0,0.0,0.0,0.0,0.0,0.0,0.0,0.0,0.0,0.0,0.0,0.0,0.0,0.0,0.0,0.0,0.0,0.0,0.0,0.0,0.0,0.0,0.0,0.19460774376647075,3.2961686600445983,14.352321102777218,10.654773971214274,1.502128522197446,4.303844951547359,2.8447734665507616,nan,nan,nan,4.324626865671642,2.856273619617702,4.279874213836478,2.831366980433397,0.9896516732598585,0.395,0.013145,0.0,0.0,0.0,0.0,0.0,0.0,0.0,0.0,0.0,0.0,0.3892154875329415,19.278329616865978,10.186499087776204,0.14595580782485304,0.0,0.0,0.0,0.0,0.0,0.0,0.0,0.0,0.0,0.0,0.0,0.0,0.0,0.0,0.0,0.0,nan,nan,4.303844951547359,2.8447734665507616,nan,0.395,0.06647,0.0,0.0,0.0,0.0,0.0,0.0,0.0,0.0,0.0,0.0,0.0,0.0,0.0,0.0,0.0,0.0,0.0,0.0,0.0,8.108655990269612e-05,0.00041556861950131765,0.0010439894587472127,0.01402797486316643,0.0001824447597810663,0.0032637340360835193,0.003050881816338942,0.002665720656801135,0.01575106426109872,0.007145753091425096,0.019947293736063246,0.03172511656192986,0.019075613217109263,0.04059395905128725,0.027214676667342386,0.04833772552199473,0.041394688830326376,0.06408878978309346,0.06318670180417596,0.054084735455098315,0.053476586255828094,0.06418001216298398,0.048550577741739306,0.05380093249543888,0.04839854044192175,0.03067099128319481,0.03525238191769714,0.035333468477599835,0.03488749239813501,0.04813500912223799,0.016521386580174335,0.02082911007500507,0.021254814514494222,0.024356375430772348,0.0026251773768497873,0.0013277924184066491,0.0008210014190147982,0.0015203729981755525,5.067909993918508e-05,3.0407459963511048e-05,0.00012162983985404419,0.0005777417393067099,0.0,0.0,0.0,0.0,0.0,0.0,0.0,0.0,0.0,0.0,0.0,0.0,0.0,0.0,0.0,0.0,0.0,0.0,0.0,0.0,0.0,0.0,0.0,0.0,0.0,0.0,0.0,0.0,0.0,0.0,0.0,0.0,0.0,0.0,0.0,0.0,0.0,0.0,0.0,0.0,nan,nan,4.303844951547359,2.8447734665507616,nan,0.9279352974228622,0.023972947546856593,0.0,0.0,0.0,0.0,0.0,0.0,0.0,0.0,0.0,0.0,0.0,0.0,0.0,0.0,0.0,0.0,0.0,0.0,0.0,0.0,0.0,0.0,0.0,0.0,0.0,0.20857473928157594,3.2560834298957135,14.183082271147164,10.718424101969875,1.6338354577056782,0.9276122041428049,0.023352987078577074,0.0,0.0,0.0,0.0,0.0,0.0,0.0,0.0,0.0,0.0,0.0,0.0,0.0,0.0,0.0,0.0,0.0,0.0,0.0,0.0,0.0,0.0,0.0,0.0,0.0,0.1791808873720137,3.3404436860068265,14.539249146757681,10.584470989761096,1.3566552901023894,0.395,0.01306,0.0,0.0,0.0,0.0,0.0,0.0,0.0,0.0,0.0,0.0,0.38238702201622254,19.420625724217818,10.092699884125148,0.10428736964078797,0.0,0.0,0.0,0.0,0.0,0.0,0.0,0.0,0.0,0.0,0.0,0.0,0.0,0.0,0.0,0.0,0.395,0.01324,0.0,0.0,0.0,0.0,0.0,0.0,0.0,0.0,0.0,0.0,0.39675767918088745,19.121160409556285,10.2901023890785,0.1919795221843004,0.0,0.0,0.0,0.0,0.0,0.0,0.0,0.0,0.0,0.0,0.0,0.0,0.0,0.0,0.0,0.0
67400,4912,2562,0.5215798045602605,1236,995,0.4541938110749186,1400,0.5700325732899023,0.4040000000000001,3.0238297872340425,3.1208745045508115,6.59009009009009,2.1841273553060243,9537.702768729641,1613.495126745483,7853.0,11083.0,11083.0,0.0,7853.0,0.0,28.68729641693811,20.949167223272124,33.413611310807575,19.171005813610165,0.12968241042345277,0.09873778501628665,0.08978013029315961,0.08285830618892508,0.08448697068403908,0.07736156351791532,0.06596091205211727,0.06820032573289903,0.05802117263843648,0.05028501628664495,0.053135179153094465,0.04234527687296417,0.03664495114006515,0.025244299674267102,0.01934039087947883,0.011197068403908795,0.006718241042345277,0.9272933736540595,0.023203694111699185,0.0,0.0,0.0,0.0,0.0,0.0,0.0,0.0,0.0,0.0,0.0,0.0,0.0,0.0,0.0,0.0,0.0,0.0,0.0,0.0,0.0,0.0,0.0,0.0,0.0,0.1404723127035831,3.3407980456026065,14.5114006514658,10.749185667752446,1.2581433224755705,4.2219827586206895,2.914575569181765,nan,nan,nan,4.201732673267327,2.9572275897612834,4.24203431372549,2.8715768672812714,1.0095916717202345,0.395,0.0132,0.0,0.0,0.0,0.0,0.0,0.0,0.0,0.0,0.0,0.0,0.43973941368078184,19.110342019543946,10.39495114006515,0.05496742671009773,0.0,0.0,0.0,0.0,0.0,0.0,0.0,0.0,0.0,0.0,0.0,0.0,0.0,0.0,0.0,0.0,nan,nan,4.2219827586206895,2.914575569181765,nan,0.395,0.0664,0.0,0.0,0.0,0.0,0.0,0.0,0.0,0.0,0.0,0.0,0.0,0.0,0.0,0.0,0.0,0.0,0.0,1.0179153094462541e-05,0.0,7.125407166123778e-05,0.0006820032573289902,0.0010789902280130294,0.013629885993485342,0.00019340390879478826,0.003298045602605863,0.0025346091205211726,0.0025244299674267103,0.014719055374592834,0.008326547231270359,0.021009771986970686,0.03132125407166124,0.01926913680781759,0.040675895765472314,0.02700529315960912,0.04738395765472313,0.043129071661237785,0.06346701954397393,0.06277483713355049,0.05428542345276873,0.051465798045602605,0.06796620521172639,0.04925692182410423,0.05205618892508143,0.04556188925081433,0.02883754071661238,0.035189332247557006,0.040238192182410426,0.035189332247557006,0.047465390879478826,0.01634771986970684,0.020022394136807817,0.022098941368078176,0.023666530944625407,0.002962133550488599,0.001129885993485342,0.0006514657980456026,0.0017711726384364822,9.161237785016286e-05,0.00010179153094462541,0.000244299674267101,0.0002850162866449511,1.0179153094462541e-05,0.0,0.0,0.0,0.0,0.0,0.0,0.0,0.0,0.0,0.0,0.0,0.0,0.0,0.0,0.0,0.0,0.0,0.0,0.0,0.0,0.0,0.0,0.0,0.0,0.0,0.0,0.0,0.0,0.0,0.0,0.0,0.0,0.0,0.0,0.0,0.0,0.0,0.0,0.0,nan,nan,4.2219827586206895,2.914575569181765,nan,0.9274276340966295,0.022756098364390995,0.0,0.0,0.0,0.0,0.0,0.0,0.0,0.0,0.0,0.0,0.0,0.0,0.0,0.0,0.0,0.0,0.0,0.0,0.0,0.0,0.0,0.0,0.0,0.0,0.0,0.11709601873536302,3.0796252927400474,14.824355971896958,10.749414519906326,1.2295081967213117,0.9271470012056067,0.023681164556456913,0.0,0.0,0.0,0.0,0.0,0.0,0.0,0.0,0.0,0.0,0.0,0.0,0.0,0.0,0.0,0.0,0.0,0.0,0.0,0.0,0.0,0.0,0.0,0.0,0.0,0.16595744680851068,3.625531914893618,14.17021276595745,10.748936170212769,1.2893617021276598,0.3953,0.01308,0.0,0.0,0.0,0.0,0.0,0.0,0.0,0.0,0.0,0.0,0.42154566744730687,19.039812646369995,10.491803278688527,0.04683840749414521,0.0,0.0,0.0,0.0,0.0,0.0,0.0,0.0,0.0,0.0,0.0,0.0,0.0,0.0,0.0,0.0,0.3948,0.01333,0.0,0.0,0.0,0.0,0.0,0.0,0.0,0.0,0.0,0.0,0.4595744680851065,19.187234042553165,10.28936170212766,0.06382978723404256,0.0,0.0,0.0,0.0,0.0,0.0,0.0,0.0,0.0,0.0,0.0,0.0,0.0,0.0,0.0,0.0
67500,4613,2354,0.5102969867765011,1093,948,0.4424452633860828,1294,0.5610231953175807,0.4360000000000001,3.0017706949977865,3.164376254038484,6.6883942766295705,2.200926701130918,9501.259267288098,1614.6574934454238,7853.0,11083.0,11083.0,0.0,7853.0,0.0,27.61023195317581,21.059808697883774,32.934816753926704,19.236137793687423,0.15066117494038586,0.10231953175807501,0.08996314762627357,0.08280945154996748,0.08042488619119878,0.07500541946672447,0.07197051810101886,0.05809668328636462,0.0559288965965749,0.05072620854107956,0.05029265120312161,0.04140472577498374,0.028831562974203338,0.02471276826360286,0.01647517884240191,0.011489269455885541,0.008887925428137872,0.9279445943671143,0.023293520042682668,0.0,0.0,0.0,0.0,0.0,0.0,0.0,0.0,0.0,0.0,0.0,0.0,0.0,0.0,0.0,0.0,0.0,0.0,0.0,0.0,0.0,0.0,0.0,0.0,0.0,0.11055712117927598,3.290700195100803,14.248861911987863,10.847604595707786,1.5022761760242795,4.334123222748815,2.9133979711619653,nan,nan,nan,4.318428184281843,2.9522324878279282,4.34979702300406,2.874006851949388,1.0072639482199548,0.3948,0.0129,0.0,0.0,0.0,0.0,0.0,0.0,0.0,0.0,0.0,0.0,0.33817472360719714,19.62063732928677,10.0216778668979,0.019510080208107527,0.0,0.0,0.0,0.0,0.0,0.0,0.0,0.0,0.0,0.0,0.0,0.0,0.0,0.0,0.0,0.0,nan,nan,4.334123222748815,2.9133979711619653,nan,0.3948,0.0664,0.0,0.0,0.0,0.0,0.0,0.0,0.0,0.0,0.0,0.0,0.0,0.0,0.0,0.0,0.0,0.0,0.0,0.0,0.0,0.00013006720138738348,0.0007804032083243009,0.0009646650769564275,0.014600043355733797,6.503360069369174e-05,0.00323000216778669,0.002254498157381314,0.0029265120312161282,0.016887058313461954,0.007186212876652938,0.01896813353566009,0.03016475178842402,0.02213310210275309,0.03817472360719705,0.02614350747886408,0.04880771732061565,0.04103620203771949,0.06606329937134187,0.064133969217429,0.05649252113592022,0.051549967483199656,0.06619336657272924,0.05071536960763061,0.05210275308909603,0.044342076739648816,0.025861695209191415,0.03367656622588337,0.04182744417949274,0.03548666811185779,0.04910036852373727,0.015543030565792326,0.020648168220247128,0.02078907435508346,0.02384565358768697,0.0034034251029698677,0.0012031216128332973,0.0006069802731411229,0.001300672013873835,2.1677866897897247e-05,8.671146759158899e-05,0.00030349013657056146,0.0002276176024279211,2.1677866897897247e-05,0.0,0.0,0.0,0.0,0.0,0.0,0.0,0.0,0.0,0.0,0.0,0.0,0.0,0.0,0.0,0.0,0.0,0.0,0.0,0.0,0.0,0.0,0.0,0.0,0.0,0.0,0.0,0.0,0.0,0.0,0.0,0.0,0.0,0.0,0.0,0.0,0.0,0.0,0.0,nan,nan,4.334123222748815,2.9133979711619653,nan,0.9276771802160835,0.023340234157179687,0.0,0.0,0.0,0.0,0.0,0.0,0.0,0.0,0.0,0.0,0.0,0.0,0.0,0.0,0.0,0.0,0.0,0.0,0.0,0.0,0.0,0.0,0.0,0.0,0.0,0.12744265080713682,3.2625318606627025,14.630416312659307,10.399320305862364,1.5802888700084965,0.9282232543545098,0.023241468105366613,0.0,0.0,0.0,0.0,0.0,0.0,0.0,0.0,0.0,0.0,0.0,0.0,0.0,0.0,0.0,0.0,0.0,0.0,0.0,0.0,0.0,0.0,0.0,0.0,0.0,0.09296148738379817,3.320053120849934,13.851261620185927,11.314741035856576,1.4209827357237719,0.395,0.012856,0.0,0.0,0.0,0.0,0.0,0.0,0.0,0.0,0.0,0.0,0.30586236193712835,19.409515717926904,10.259133389974513,0.025488530161427363,0.0,0.0,0.0,0.0,0.0,0.0,0.0,0.0,0.0,0.0,0.0,0.0,0.0,0.0,0.0,0.0,0.3945,0.01295,0.0,0.0,0.0,0.0,0.0,0.0,0.0,0.0,0.0,0.0,0.3718459495351927,19.840637450199175,9.774236387782206,0.013280212483399738,0.0,0.0,0.0,0.0,0.0,0.0,0.0,0.0,0.0,0.0,0.0,0.0,0.0,0.0,0.0,0.0
67600,4900,2502,0.5106122448979592,1194,1009,0.4495918367346939,1417,0.5783673469387756,0.38800000000000007,2.914929107589658,2.9824791073031354,6.308555399719495,2.0423695132610193,9502.277551020408,1614.636197258083,7853.0,11083.0,11083.0,0.0,7853.0,0.0,28.615510204081634,21.048445680287614,33.43105110896818,19.278557951185913,0.13081632653061223,0.09877551020408164,0.09040816326530612,0.08857142857142856,0.07979591836734694,0.07510204081632653,0.07428571428571429,0.058163265306122446,0.05673469387755102,0.05653061224489796,0.04897959183673469,0.04040816326530612,0.034489795918367344,0.027142857142857142,0.022244897959183673,0.011224489795918367,0.006326530612244898,0.9283802860731981,0.022955743170841553,0.0,0.0,0.0,0.0,0.0,0.0,0.0,0.0,0.0,0.0,0.0,0.0,0.0,0.0,0.0,0.0,0.0,0.0,0.0,0.0,0.0,0.0,0.0,0.0,0.0,0.1285714285714286,3.251020408163266,14.130612244897963,11.014285714285718,1.475510204081633,4.179447376591121,2.807730901414234,nan,nan,nan,4.181315304240934,2.8390022210441077,4.17754077791719,2.775447555649177,0.999097287324896,0.3953,0.013054,0.0,0.0,0.0,0.0,0.0,0.0,0.0,0.0,0.0,0.0,0.3551020408163266,19.01632653061222,10.567346938775513,0.06122448979591838,0.0,0.0,0.0,0.0,0.0,0.0,0.0,0.0,0.0,0.0,0.0,0.0,0.0,0.0,0.0,0.0,nan,nan,4.179447376591121,2.807730901414234,nan,0.3953,0.0661,0.0,0.0,0.0,0.0,0.0,0.0,0.0,0.0,0.0,0.0,0.0,0.0,0.0,0.0,0.0,0.0,0.0,0.0,3.061224489795918e-05,0.0001326530612244898,0.0009081632653061225,0.0008061224489795918,0.012704081632653061,5.102040816326531e-05,0.0036122448979591837,0.0022346938775510204,0.0022551020408163266,0.016877551020408162,0.007857142857142858,0.019010204081632655,0.02786734693877551,0.02223469387755102,0.03983673469387755,0.02609183673469388,0.049,0.0401530612244898,0.06737755102040817,0.06276530612244897,0.057010204081632654,0.05176530612244898,0.06826530612244898,0.05104081632653061,0.05079591836734694,0.04475510204081633,0.024387755102040817,0.033418367346938774,0.04302040816326531,0.035887755102040814,0.05042857142857143,0.015387755102040816,0.020295918367346937,0.02056122448979592,0.023387755102040816,0.0038061224489795917,0.0013571428571428571,0.0006428571428571428,0.0012040816326530613,0.0,0.00023469387755102041,0.0003163265306122449,0.00022448979591836734,0.0,0.0,0.0,0.0,0.0,0.0,0.0,0.0,0.0,0.0,0.0,0.0,0.0,0.0,0.0,0.0,0.0,0.0,0.0,0.0,0.0,0.0,0.0,0.0,0.0,0.0,0.0,0.0,0.0,0.0,0.0,0.0,0.0,0.0,0.0,0.0,0.0,0.0,0.0,0.0,nan,nan,4.179447376591121,2.807730901414234,nan,0.9290297880447168,0.022734672633199473,0.0,0.0,0.0,0.0,0.0,0.0,0.0,0.0,0.0,0.0,0.0,0.0,0.0,0.0,0.0,0.0,0.0,0.0,0.0,0.0,0.0,0.0,0.0,0.0,0.0,0.11990407673860913,3.057553956834533,14.112709832134296,11.247002398081538,1.4628297362110316,0.9277026155424476,0.023164749733480393,0.0,0.0,0.0,0.0,0.0,0.0,0.0,0.0,0.0,0.0,0.0,0.0,0.0,0.0,0.0,0.0,0.0,0.0,0.0,0.0,0.0,0.0,0.0,0.0,0.0,0.1376146788990826,3.4528773978315273,14.149291075896583,10.77147623019183,1.4887406171809845,0.3955,0.01313,0.0,0.0,0.0,0.0,0.0,0.0,0.0,0.0,0.0,0.0,0.3836930455635493,18.621103117505967,10.947242206235014,0.04796163069544366,0.0,0.0,0.0,0.0,0.0,0.0,0.0,0.0,0.0,0.0,0.0,0.0,0.0,0.0,0.0,0.0,0.395,0.01297,0.0,0.0,0.0,0.0,0.0,0.0,0.0,0.0,0.0,0.0,0.32527105921601346,19.42869057547954,10.17097581317765,0.07506255212677232,0.0,0.0,0.0,0.0,0.0,0.0,0.0,0.0,0.0,0.0,0.0,0.0,0.0,0.0,0.0,0.0
67700,4617,2396,0.51895170023825,1122,971,0.4533246696989387,1317,0.5705003248862898,0.4080000000000001,2.888788833858622,2.9415383450148567,6.251592356687898,2.0843091416961497,9529.213991769548,1613.839473805136,7853.0,11083.0,11083.0,0.0,7853.0,0.0,28.76651505306476,21.141336233353087,33.649423815621,19.320048970994744,0.13536928741607104,0.09573316006064544,0.0885856616850769,0.08122157244964262,0.0825211176088369,0.07385748321420836,0.07017543859649122,0.06887589343729694,0.056963396144682696,0.056313623565085555,0.043318171973142736,0.042018626813948454,0.03465453757851419,0.03183885640025991,0.019926359107645657,0.01299545159194282,0.005631362356508555,0.9277890529471454,0.023184171984937885,0.0,0.0,0.0,0.0,0.0,0.0,0.0,0.0,0.0,0.0,0.0,0.0,0.0,0.0,0.0,0.0,0.0,0.0,0.0,0.0,0.0,0.0,0.0,0.0,0.0,0.12345679012345681,3.4827810266406765,14.191033138401563,10.883690708252114,1.3190383365821965,4.095769104624467,2.719415959754559,nan,nan,nan,4.015717092337917,2.704095076587462,4.178829717291256,2.7311433855747227,1.0406185548440554,0.3948,0.013145,0.0,0.0,0.0,0.0,0.0,0.0,0.0,0.0,0.0,0.0,0.41585445094217033,19.2202729044834,10.331384015594544,0.032488628979857055,0.0,0.0,0.0,0.0,0.0,0.0,0.0,0.0,0.0,0.0,0.0,0.0,0.0,0.0,0.0,0.0,nan,nan,4.095769104624467,2.719415959754559,nan,0.3948,0.0663,0.0,0.0,0.0,0.0,0.0,0.0,0.0,0.0,0.0,0.0,0.0,0.0,0.0,0.0,0.0,0.0,0.0,0.0,0.0,0.00023824994585228503,0.0007797270955165692,0.0009963179553822829,0.01299545159194282,0.0001949317738791423,0.0034654537578514186,0.0018301927658652805,0.001743556421918995,0.016796621182586093,0.008999350227420403,0.020478665800303227,0.027561186917912064,0.022742040285899934,0.04163959280918345,0.026456573532596925,0.04841888672298029,0.04207277452891488,0.0649014511587611,0.06137102014294997,0.058891054797487546,0.048960363872644574,0.07126922243881308,0.05018410223088585,0.05010829542993286,0.045224171539961014,0.02358674463937622,0.034578730777561184,0.040058479532163745,0.03663634394628547,0.05107212475633528,0.014565735325969244,0.018951700238249946,0.02006714316655837,0.02288282434481265,0.004645873944119558,0.0020901017977041367,0.0006281134936105696,0.0010829542993285683,4.331817197314273e-05,0.00044401126272471304,0.00029239766081871346,5.4147714966428416e-05,0.0,0.0,0.0,0.0,0.0,0.0,0.0,0.0,0.0,0.0,0.0,0.0,0.0,0.0,0.0,0.0,0.0,0.0,0.0,0.0,0.0,0.0,0.0,0.0,0.0,0.0,0.0,0.0,0.0,0.0,0.0,0.0,0.0,0.0,0.0,0.0,0.0,0.0,0.0,0.0,nan,nan,4.095769104624467,2.719415959754559,nan,0.9282000902946883,0.02317923279596659,0.0,0.0,0.0,0.0,0.0,0.0,0.0,0.0,0.0,0.0,0.0,0.0,0.0,0.0,0.0,0.0,0.0,0.0,0.0,0.0,0.0,0.0,0.0,0.0,0.0,0.11268781302170286,3.405676126878131,14.098497495826381,11.005843071786314,1.3772954924874796,0.9273456285956313,0.02318132831841711,0.0,0.0,0.0,0.0,0.0,0.0,0.0,0.0,0.0,0.0,0.0,0.0,0.0,0.0,0.0,0.0,0.0,0.0,0.0,0.0,0.0,0.0,0.0,0.0,0.0,0.13507429085997302,3.5659612787032877,14.290859972985146,10.751913552453852,1.2561909049977489,0.3948,0.013374,0.0,0.0,0.0,0.0,0.0,0.0,0.0,0.0,0.0,0.0,0.3631051752921537,19.28213689482468,10.317195325542574,0.037562604340567615,0.0,0.0,0.0,0.0,0.0,0.0,0.0,0.0,0.0,0.0,0.0,0.0,0.0,0.0,0.0,0.0,0.3945,0.01289,0.0,0.0,0.0,0.0,0.0,0.0,0.0,0.0,0.0,0.0,0.4727600180099055,19.153534443944142,10.346690679873932,0.027014858171994602,0.0,0.0,0.0,0.0,0.0,0.0,0.0,0.0,0.0,0.0,0.0,0.0,0.0,0.0,0.0,0.0
67800,4808,2480,0.5158069883527454,1137,996,0.44363560732113144,1358,0.5648918469217971,0.4000000000000001,2.948024054982818,3.0911629190098053,6.58282208588957,2.174351185704834,9519.056572379368,1614.192747603851,7853.0,11083.0,11083.0,0.0,7853.0,0.0,28.342970049916804,20.97410178262996,33.23482979773063,19.197352496614474,0.13623128119800332,0.0956738768718802,0.09338602329450915,0.08673044925124793,0.08610648918469219,0.07175540765391016,0.064891846921797,0.06613976705490848,0.05636439267886855,0.05386855241264559,0.04846089850249584,0.04222129783693843,0.03431780366056572,0.027246256239600666,0.01788685524126456,0.012479201331114808,0.006239600665557404,0.9273072870296368,0.02305375229145153,0.0,0.0,0.0,0.0,0.0,0.0,0.0,0.0,0.0,0.0,0.0,0.0,0.0,0.0,0.0,0.0,0.0,0.0,0.0,0.0,0.0,0.0,0.0,0.0,0.0,0.12479201331114811,3.4193011647254585,14.532029950083198,10.576123128119804,1.3477537437603997,4.206136145733461,2.8914550046826184,nan,nan,nan,4.203205128205128,2.8665381576397118,4.209050350541746,2.9160149305552867,1.001390658356737,0.3948,0.013374,0.0,0.0,0.0,0.0,0.0,0.0,0.0,0.0,0.0,0.0,0.5490848585690516,18.918469217970024,10.501247920133114,0.03119800332778703,0.0,0.0,0.0,0.0,0.0,0.0,0.0,0.0,0.0,0.0,0.0,0.0,0.0,0.0,0.0,0.0,nan,nan,4.206136145733461,2.8914550046826184,nan,0.3948,0.06604,0.0,0.0,0.0,0.0,0.0,0.0,0.0,0.0,0.0,0.0,0.0,0.0,0.0,0.0,0.0,0.0,1.0399334442595674e-05,2.0798668885191348e-05,0.0,0.00011439267886855241,0.0009047420965058237,0.0010711314475873545,0.01242720465890183,0.0001559900166389351,0.0033589850249584026,0.0019238768718801997,0.0014143094841930117,0.01821963394342762,0.009078618968386023,0.020736272878535775,0.027298252911813644,0.02302412645590682,0.04187811980033278,0.026861480865224625,0.0456738768718802,0.03888311148086523,0.06651414309484192,0.06231281198003328,0.055646838602329454,0.049636023294509155,0.07101705490848585,0.0519238768718802,0.0533589850249584,0.04692179700499168,0.022628951747088188,0.03595049916805324,0.04052620632279534,0.0367720465890183,0.049812811980033275,0.01420549084858569,0.02014351081530782,0.020091514143094843,0.020559484193011648,0.004378119800332779,0.0018094841930116473,0.0006655574043261231,0.001341514143094842,0.0,0.0003951747088186356,0.00021838602329450916,0.00011439267886855241,0.0,0.0,0.0,0.0,0.0,0.0,0.0,0.0,0.0,0.0,0.0,0.0,0.0,0.0,0.0,0.0,0.0,0.0,0.0,0.0,0.0,0.0,0.0,0.0,0.0,0.0,0.0,0.0,0.0,0.0,0.0,0.0,0.0,0.0,0.0,0.0,0.0,0.0,0.0,0.0,nan,nan,4.206136145733461,2.8914550046826184,nan,0.9273274579355794,0.02314517881636788,0.0,0.0,0.0,0.0,0.0,0.0,0.0,0.0,0.0,0.0,0.0,0.0,0.0,0.0,0.0,0.0,0.0,0.0,0.0,0.0,0.0,0.0,0.0,0.0,0.0,0.09677419354838712,3.508064516129033,14.479838709677422,10.463709677419358,1.4516129032258067,0.9272857991229627,0.022955936281677303,0.0,0.0,0.0,0.0,0.0,0.0,0.0,0.0,0.0,0.0,0.0,0.0,0.0,0.0,0.0,0.0,0.0,0.0,0.0,0.0,0.0,0.0,0.0,0.0,0.0,0.154639175257732,3.3247422680412377,14.587628865979385,10.695876288659797,1.237113402061856,0.3945,0.01338,0.0,0.0,0.0,0.0,0.0,0.0,0.0,0.0,0.0,0.0,0.5564516129032259,19.197580645161263,10.22177419354839,0.02419354838709678,0.0,0.0,0.0,0.0,0.0,0.0,0.0,0.0,0.0,0.0,0.0,0.0,0.0,0.0,0.0,0.0,0.395,0.01336,0.0,0.0,0.0,0.0,0.0,0.0,0.0,0.0,0.0,0.0,0.5412371134020619,18.621134020618527,10.798969072164951,0.038659793814433,0.0,0.0,0.0,0.0,0.0,0.0,0.0,0.0,0.0,0.0,0.0,0.0,0.0,0.0,0.0,0.0
67900,4862,2461,0.5061703002879473,1126,1025,0.44241053064582475,1416,0.5824763471822295,0.4000000000000001,2.943773427738442,3.0144321336182385,6.313837375178316,2.1428831809815208,9487.93006993007,1614.8770208014548,7853.0,11083.0,11083.0,0.0,7853.0,0.0,28.25503907856849,21.179900476447482,33.236545988258314,19.418013834056943,0.14027149321266968,0.10468942821883999,0.08658988070752777,0.08247634718222953,0.08268202385849445,0.076717400246812,0.06951871657754011,0.05820649938296997,0.05676676264911559,0.04895104895104895,0.049156725627313866,0.0427807486631016,0.036404771698889345,0.026737967914438502,0.01809954751131222,0.013574660633484163,0.006375976964212258,0.9273909777464174,0.023274637015797437,0.0,0.0,0.0,0.0,0.0,0.0,0.0,0.0,0.0,0.0,0.0,0.0,0.0,0.0,0.0,0.0,0.0,0.0,0.0,0.0,0.0,0.0,0.0,0.0,0.0,0.13574660633484165,3.4183463595228307,14.284245166598112,10.785684903331966,1.3759769642122588,4.260525482747705,2.7909424527418727,nan,nan,nan,4.234843650287173,2.797297622063752,4.285804020100502,2.7844416059722397,1.0120335894360288,0.3948,0.01311,0.0,0.0,0.0,0.0,0.0,0.0,0.0,0.0,0.0,0.0,0.3825586178527356,19.041546688605486,10.514191690662281,0.06170300287947348,0.0,0.0,0.0,0.0,0.0,0.0,0.0,0.0,0.0,0.0,0.0,0.0,0.0,0.0,0.0,0.0,nan,nan,4.260525482747705,2.7909424527418727,nan,0.3948,0.06604,0.0,0.0,0.0,0.0,0.0,0.0,0.0,0.0,0.0,0.0,0.0,0.0,0.0,0.0,0.0,0.0,0.0,4.113533525298231e-05,0.0,3.085150143973673e-05,0.0006478815302344715,0.0016351295763060469,0.013584944467297409,0.00014397367338543808,0.003486219662690251,0.0017585355820649937,0.0013471822295351708,0.018078979843685727,0.008587001234060058,0.02260386672151378,0.026172357054709997,0.022891814068284656,0.039572192513368985,0.02539078568490333,0.04371657754010695,0.038574660633484165,0.06822295351707117,0.061589880707527765,0.05374331550802139,0.05053475935828877,0.0706910736322501,0.05419580419580419,0.056540518305224184,0.04671945701357466,0.022788975730152202,0.03572603866721514,0.04207116412998766,0.03736116824352118,0.049156725627313866,0.01386260798025504,0.01904566022213081,0.02094816947758124,0.01985808309337721,0.003938708350473056,0.0021390374331550803,0.0007918552036199095,0.0012443438914027148,5.141916906622789e-05,0.00033936651583710406,6.170300287947346e-05,0.00011312217194570136,0.0,0.0,0.0,0.0,0.0,0.0,0.0,0.0,0.0,0.0,0.0,0.0,0.0,0.0,0.0,0.0,0.0,0.0,0.0,0.0,0.0,0.0,0.0,0.0,0.0,0.0,0.0,0.0,0.0,0.0,0.0,0.0,0.0,0.0,0.0,0.0,0.0,0.0,0.0,0.0,nan,nan,4.260525482747705,2.7909424527418727,nan,0.927506444367971,0.023403743938022706,0.0,0.0,0.0,0.0,0.0,0.0,0.0,0.0,0.0,0.0,0.0,0.0,0.0,0.0,0.0,0.0,0.0,0.0,0.0,0.0,0.0,0.0,0.0,0.0,0.0,0.13409183258837873,3.4985778138967905,14.164973587972371,10.739536773669244,1.4628199918732225,0.9272726256616013,0.02314095835059098,0.0,0.0,0.0,0.0,0.0,0.0,0.0,0.0,0.0,0.0,0.0,0.0,0.0,0.0,0.0,0.0,0.0,0.0,0.0,0.0,0.0,0.0,0.0,0.0,0.0,0.13744273219491882,3.3361099541857566,14.406497292794672,10.832986255726784,1.2869637650978762,0.3948,0.01343,0.0,0.0,0.0,0.0,0.0,0.0,0.0,0.0,0.0,0.0,0.4632263307598538,19.00446972775292,10.410402275497768,0.1219016659894352,0.0,0.0,0.0,0.0,0.0,0.0,0.0,0.0,0.0,0.0,0.0,0.0,0.0,0.0,0.0,0.0,0.395,0.01278,0.0,0.0,0.0,0.0,0.0,0.0,0.0,0.0,0.0,0.0,0.29987505206164106,19.07955018742188,10.620574760516455,0.0,0.0,0.0,0.0,0.0,0.0,0.0,0.0,0.0,0.0,0.0,0.0,0.0,0.0,0.0,0.0,0.0
68000,4928,2549,0.5172483766233766,1205,998,0.44703733766233766,1373,0.557224025974026,0.4120000000000001,3.057587221521648,3.17111215698367,6.7247437774524155,2.146280049980534,9523.712256493507,1614.0387679595558,7853.0,11083.0,11083.0,0.0,7853.0,0.0,27.990056818181817,20.979806853583156,32.86737400530504,19.295670432629155,0.1351461038961039,0.1020698051948052,0.09943181818181818,0.08664772727272728,0.07690746753246754,0.07771915584415584,0.06838474025974026,0.06168831168831169,0.05519480519480519,0.05133928571428571,0.048092532467532464,0.041396103896103896,0.03185876623376623,0.025974025974025976,0.020698051948051948,0.009334415584415584,0.008116883116883116,0.9281455858477524,0.02310339907855961,0.0,0.0,0.0,0.0,0.0,0.0,0.0,0.0,0.0,0.0,0.0,0.0,0.0,0.0,0.0,0.0,0.0,0.0,0.0,0.0,0.0,0.0,0.0,0.0,0.0,0.10957792207792211,3.2021103896103904,14.226866883116886,11.128246753246756,1.3331980519480524,4.336174242424242,2.9438653059093154,nan,nan,nan,4.340492735312697,2.9678711670954656,4.331861198738171,2.9196863633324517,0.9980113924614357,0.395,0.012856,0.0,0.0,0.0,0.0,0.0,0.0,0.0,0.0,0.0,0.0,0.4261363636363637,19.05438311688309,10.482954545454549,0.03652597402597403,0.0,0.0,0.0,0.0,0.0,0.0,0.0,0.0,0.0,0.0,0.0,0.0,0.0,0.0,0.0,0.0,nan,nan,4.336174242424242,2.9438653059093154,nan,0.395,0.06573,0.0,0.0,0.0,0.0,0.0,0.0,0.0,0.0,0.0,0.0,0.0,0.0,0.0,0.0,0.0,0.0,0.0,0.0,0.0,0.0,0.0004565746753246753,0.0019987824675324673,0.01336241883116883,5.0730519480519484e-05,0.002648133116883117,0.0019683441558441556,0.001075487012987013,0.01885146103896104,0.009730113636363636,0.019673295454545454,0.0260349025974026,0.02154017857142857,0.04135551948051948,0.02671469155844156,0.04539366883116883,0.03625202922077922,0.06959212662337662,0.06360592532467532,0.052668425324675326,0.05057832792207792,0.06470170454545454,0.05587459415584416,0.058563311688311685,0.04753449675324675,0.02403612012987013,0.03502435064935065,0.04130478896103896,0.03872767857142857,0.04989853896103896,0.013271103896103895,0.018892045454545453,0.021256087662337664,0.01812094155844156,0.004332386363636364,0.0025872564935064935,0.0006594967532467532,0.0012885551948051948,4.0584415584415584e-05,0.0003043831168831169,2.0292207792207792e-05,1.0146103896103896e-05,0.0,0.0,0.0,0.0,0.0,0.0,0.0,0.0,0.0,0.0,0.0,0.0,0.0,0.0,0.0,0.0,0.0,0.0,0.0,0.0,0.0,0.0,0.0,0.0,0.0,0.0,0.0,0.0,0.0,0.0,0.0,0.0,0.0,0.0,0.0,0.0,0.0,0.0,0.0,0.0,nan,nan,4.336174242424242,2.9438653059093154,nan,0.9282289174969592,0.022897512318973835,0.0,0.0,0.0,0.0,0.0,0.0,0.0,0.0,0.0,0.0,0.0,0.0,0.0,0.0,0.0,0.0,0.0,0.0,0.0,0.0,0.0,0.0,0.0,0.0,0.0,0.1176932130247156,3.2012553942722644,14.146724205570814,11.298548450372698,1.2357787367595139,0.928056299435887,0.023321650841106,0.0,0.0,0.0,0.0,0.0,0.0,0.0,0.0,0.0,0.0,0.0,0.0,0.0,0.0,0.0,0.0,0.0,0.0,0.0,0.0,0.0,0.0,0.0,0.0,0.0,0.10088272383354353,3.203026481715007,14.312736443883988,10.945775535939473,1.4375788146279953,0.3945,0.012825,0.0,0.0,0.0,0.0,0.0,0.0,0.0,0.0,0.0,0.0,0.4707728520988624,19.454688112985455,10.02746174970577,0.047077285209886244,0.0,0.0,0.0,0.0,0.0,0.0,0.0,0.0,0.0,0.0,0.0,0.0,0.0,0.0,0.0,0.0,0.3955,0.01286,0.0,0.0,0.0,0.0,0.0,0.0,0.0,0.0,0.0,0.0,0.37831021437578827,18.62547288776794,10.97099621689786,0.025220680958385883,0.0,0.0,0.0,0.0,0.0,0.0,0.0,0.0,0.0,0.0,0.0,0.0,0.0,0.0,0.0,0.0
68100,4611,2417,0.5241813055736283,1152,893,0.44350466276295814,1253,0.5434829754933854,0.4320000000000001,3.059252506836828,3.1210971744758385,6.568503937007874,2.1362156835944477,9546.105617002819,1613.1101985272453,7853.0,11083.0,11083.0,0.0,7853.0,0.0,28.58815875081327,21.243815554156527,33.64842540010325,19.400163096907548,0.14075037952721753,0.09867707655606159,0.08392973324658426,0.08002602472348731,0.082411624376491,0.07438733463456951,0.07785729776621124,0.06267620906527868,0.054001301236174366,0.049663847321622205,0.04901322923443938,0.041422684883973104,0.03708523096942095,0.027325959661678594,0.019952288006939926,0.013012361743656473,0.007807417046193884,0.9282500861368943,0.023376589117959763,0.0,0.0,0.0,0.0,0.0,0.0,0.0,0.0,0.0,0.0,0.0,0.0,0.0,0.0,0.0,0.0,0.0,0.0,0.0,0.0,0.0,0.0,0.0,0.0,0.0,0.14964216005204947,3.2400780741704627,14.085881587508135,11.125569290826288,1.3988288874430712,4.254654255319149,2.90020948209523,nan,nan,nan,4.26526592252134,2.884608619197705,4.243261455525606,2.9169989995622108,0.9948410093542946,0.395,0.013084,0.0,0.0,0.0,0.0,0.0,0.0,0.0,0.0,0.0,0.0,0.40338321405335076,19.102147039687676,10.468445022771634,0.026024723487312953,0.0,0.0,0.0,0.0,0.0,0.0,0.0,0.0,0.0,0.0,0.0,0.0,0.0,0.0,0.0,0.0,nan,nan,4.254654255319149,2.90020948209523,nan,0.395,0.06586,0.0,0.0,0.0,0.0,0.0,0.0,0.0,0.0,0.0,0.0,0.0,0.0,0.0,0.0,0.0,0.0,0.0,1.0843634786380394e-05,0.0,0.0,0.0004554326610279766,0.0018542615484710475,0.013641292561266536,0.0001951854261548471,0.0029169377575363263,0.0021578833224896983,0.0009867707655606159,0.01897636087616569,0.010225547603556713,0.01998481891129907,0.025135545434829754,0.022858382129689873,0.03847321622207764,0.02656690522663197,0.0443613099110822,0.03775753632617653,0.0702992843201041,0.06343526350032531,0.052678377792235956,0.04716981132075472,0.0660377358490566,0.056679679028410326,0.06215571459553242,0.04589026241596183,0.02604641075688571,0.03369117328128388,0.0411515940143136,0.0377792235957493,0.048297549338538276,0.01400997614400347,0.01894382997180655,0.020418564302754284,0.019345044458902623,0.0038278030795922792,0.002862719583604424,0.0011602689221427021,0.0013120798091520278,9.759271307742355e-05,0.00010843634786380394,4.337453914552158e-05,0.0,0.0,0.0,0.0,0.0,0.0,0.0,0.0,0.0,0.0,0.0,0.0,0.0,0.0,0.0,0.0,0.0,0.0,0.0,0.0,0.0,0.0,0.0,0.0,0.0,0.0,0.0,0.0,0.0,0.0,0.0,0.0,0.0,0.0,0.0,0.0,0.0,0.0,0.0,0.0,0.0,nan,nan,4.254654255319149,2.90020948209523,nan,0.9279974087437767,0.023076960813994428,0.0,0.0,0.0,0.0,0.0,0.0,0.0,0.0,0.0,0.0,0.0,0.0,0.0,0.0,0.0,0.0,0.0,0.0,0.0,0.0,0.0,0.0,0.0,0.0,0.0,0.14894497310715765,3.214729002896153,14.187008688456768,11.146048820852299,1.3032685146876297,0.9285284458721564,0.023699169102629057,0.0,0.0,0.0,0.0,0.0,0.0,0.0,0.0,0.0,0.0,0.0,0.0,0.0,0.0,0.0,0.0,0.0,0.0,0.0,0.0,0.0,0.0,0.0,0.0,0.0,0.15041020966271654,3.268003646308114,13.974475843208754,11.103008204193255,1.5041020966271654,0.395,0.01308,0.0,0.0,0.0,0.0,0.0,0.0,0.0,0.0,0.0,0.0,0.3475382705833679,19.089780719900677,10.525444766239142,0.03723624327678941,0.0,0.0,0.0,0.0,0.0,0.0,0.0,0.0,0.0,0.0,0.0,0.0,0.0,0.0,0.0,0.0,0.395,0.01309,0.0,0.0,0.0,0.0,0.0,0.0,0.0,0.0,0.0,0.0,0.4649042844120329,19.11577028258885,10.405651777575207,0.01367365542388332,0.0,0.0,0.0,0.0,0.0,0.0,0.0,0.0,0.0,0.0,0.0,0.0,0.0,0.0,0.0,0.0
68200,4882,2517,0.5155673904137649,1182,1002,0.4473576403113478,1395,0.5714870954526833,0.4200000000000001,3.046511627906977,3.092573366953748,6.57492795389049,2.0838350488125257,9518.28267103646,1614.2170402376005,7853.0,11083.0,11083.0,0.0,7853.0,0.0,28.266489143793528,20.99981612463112,33.27146341463415,19.186420891841852,0.14010651372388366,0.09668168783285538,0.08910282671036461,0.08521097910692339,0.0823433019254404,0.07722244981564932,0.0651372388365424,0.06411306841458418,0.0608357230643179,0.05305202785743548,0.04875051208521098,0.04014748054076198,0.03359278984022941,0.026833265055305203,0.018230233510856206,0.010446538303973782,0.00819336337566571,0.9279878354497446,0.023237620823843917,0.0,0.0,0.0,0.0,0.0,0.0,0.0,0.0,0.0,0.0,0.0,0.0,0.0,0.0,0.0,0.0,0.0,0.0,0.0,0.0,0.0,0.0,0.0,0.0,0.0,0.13519049569848426,3.1892666939778787,14.324047521507582,10.870544858664484,1.4809504301515777,4.302830188679246,2.870330472520295,nan,nan,nan,4.311526479750778,2.9145928641819885,4.293968253968254,2.8244839616796975,0.9959276080374347,0.3953,0.01317,0.0,0.0,0.0,0.0,0.0,0.0,0.0,0.0,0.0,0.0,0.46087668988119634,18.78533387955753,10.698484227775506,0.05530520278574356,0.0,0.0,0.0,0.0,0.0,0.0,0.0,0.0,0.0,0.0,0.0,0.0,0.0,0.0,0.0,0.0,nan,nan,4.302830188679246,2.870330472520295,nan,0.3953,0.06616,0.0,0.0,0.0,0.0,0.0,0.0,0.0,0.0,0.0,0.0,0.0,0.0,0.0,0.0,0.0,0.0,0.0,0.0,0.0,2.0483408439164275e-05,0.0007066775911511676,0.00239655878738222,0.013754608766898812,6.145022531749283e-05,0.0026423596886521916,0.0020790659565751743,0.0012187628021302745,0.018926669397787792,0.009975419909873003,0.019602621876280212,0.025542810323637852,0.02174313805817288,0.03924621056943876,0.02343301925440393,0.045299057763211796,0.0384166325276526,0.06844530929946743,0.06742113887750922,0.05273453502662843,0.04607742728390004,0.06268947152806227,0.059924211388775094,0.061808684965178204,0.04821794346579271,0.02595247849242114,0.03341868086849652,0.039727570667759116,0.035835723064317905,0.049190905366653014,0.012781646866038509,0.01825071691929537,0.020944285129045472,0.020032773453502663,0.004526833265055305,0.0036562884063908235,0.0014543219991806637,0.001556739041376485,0.00017410897173289635,0.00011265874641540353,0.0,0.0,0.0,0.0,0.0,0.0,0.0,0.0,0.0,0.0,0.0,0.0,0.0,0.0,0.0,0.0,0.0,0.0,0.0,0.0,0.0,0.0,0.0,0.0,0.0,0.0,0.0,0.0,0.0,0.0,0.0,0.0,0.0,0.0,0.0,0.0,0.0,0.0,0.0,0.0,0.0,0.0,nan,nan,4.302830188679246,2.870330472520295,nan,0.9277964964195239,0.023258389640796996,0.0,0.0,0.0,0.0,0.0,0.0,0.0,0.0,0.0,0.0,0.0,0.0,0.0,0.0,0.0,0.0,0.0,0.0,0.0,0.0,0.0,0.0,0.0,0.0,0.0,0.13110846245530394,3.2538736591179984,14.433849821215736,10.703218116805724,1.4779499404052447,0.928191471956749,0.023213764428999344,0.0,0.0,0.0,0.0,0.0,0.0,0.0,0.0,0.0,0.0,0.0,0.0,0.0,0.0,0.0,0.0,0.0,0.0,0.0,0.0,0.0,0.0,0.0,0.0,0.0,0.13953488372093026,3.1205073995771677,14.207188160676536,11.048625792811842,1.484143763213531,0.3953,0.013176,0.0,0.0,0.0,0.0,0.0,0.0,0.0,0.0,0.0,0.0,0.46483909415971403,18.653158522050035,10.834326579261027,0.04767580452920144,0.0,0.0,0.0,0.0,0.0,0.0,0.0,0.0,0.0,0.0,0.0,0.0,0.0,0.0,0.0,0.0,0.3953,0.01315,0.0,0.0,0.0,0.0,0.0,0.0,0.0,0.0,0.0,0.0,0.45665961945031724,18.92600422832978,10.553911205073998,0.06342494714587739,0.0,0.0,0.0,0.0,0.0,0.0,0.0,0.0,0.0,0.0,0.0,0.0,0.0,0.0,0.0,0.0
68300,4965,2581,0.5198388721047331,1264,1007,0.45740181268882174,1388,0.5591137965760322,0.4080000000000001,2.9253355704697985,3.0765342200039876,6.549467275494672,2.1177808930646163,9532.079556898289,1613.7282331259248,7853.0,11083.0,11083.0,0.0,7853.0,0.0,27.91621349446123,20.723932994342974,32.76547932106144,18.971038329353483,0.1377643504531722,0.09768378650553877,0.09405840886203425,0.086404833836858,0.08318227593152064,0.07532729103726082,0.07150050352467271,0.06666666666666667,0.06022155085599194,0.04632426988922457,0.044108761329305135,0.04551863041289023,0.03323262839879154,0.02416918429003021,0.016717019133937562,0.010473313192346425,0.006646525679758308,0.9279271747170378,0.023493053075850517,0.0,0.0,0.0,0.0,0.0,0.0,0.0,0.0,0.0,0.0,0.0,0.0,0.0,0.0,0.0,0.0,0.0,0.0,0.0,0.0,0.0,0.0,0.0,0.0,0.0,0.12084592145015108,3.4622356495468285,14.223564954682782,10.652567975830818,1.5407854984894263,4.140264533989542,2.9164537828741537,nan,nan,nan,4.086185819070905,2.950575738388215,4.195046439628483,2.880441182616318,1.0266411331686158,0.3953,0.01319,0.0,0.0,0.0,0.0,0.0,0.0,0.0,0.0,0.0,0.0,0.3746223564954684,18.815709969788493,10.731117824773417,0.07854984894259821,0.0,0.0,0.0,0.0,0.0,0.0,0.0,0.0,0.0,0.0,0.0,0.0,0.0,0.0,0.0,0.0,nan,nan,4.140264533989542,2.9164537828741537,nan,0.3953,0.06604,0.0,0.0,0.0,0.0,0.0,0.0,0.0,0.0,0.0,0.0,0.0,0.0,0.0,0.0,0.0,0.0,0.0,3.0211480362537764e-05,3.0211480362537764e-05,4.028197381671702e-05,0.0006143001007049345,0.0021047331319234645,0.012819738167170192,0.00014098690835850957,0.0026384692849949648,0.0018831822759315206,0.0013494461228600201,0.018539778449144007,0.00960725075528701,0.019244712990936556,0.025609264853977846,0.022588116817724067,0.04175226586102719,0.025377643504531724,0.04475327291037261,0.038942598187311175,0.06604229607250756,0.06738167170191339,0.05256797583081571,0.046837865055387715,0.06229607250755287,0.058872104733131925,0.06080563947633434,0.05033232628398791,0.026243705941591138,0.03270896273917422,0.03949647532729104,0.03506545820745217,0.04918429003021148,0.01214501510574018,0.0188821752265861,0.02079556898288016,0.019929506545820746,0.004068479355488419,0.004038267875125881,0.002255790533736153,0.001540785498489426,0.00028197381671701913,0.00016112789526686808,0.0,0.0,0.0,0.0,0.0,0.0,0.0,0.0,0.0,0.0,0.0,0.0,0.0,0.0,0.0,0.0,0.0,0.0,0.0,0.0,0.0,0.0,0.0,0.0,0.0,0.0,0.0,0.0,0.0,0.0,0.0,0.0,0.0,0.0,0.0,0.0,0.0,0.0,0.0,0.0,0.0,0.0,nan,nan,4.140264533989542,2.9164537828741537,nan,0.9278632569848821,0.023403456858132676,0.0,0.0,0.0,0.0,0.0,0.0,0.0,0.0,0.0,0.0,0.0,0.0,0.0,0.0,0.0,0.0,0.0,0.0,0.0,0.0,0.0,0.0,0.0,0.0,0.0,0.1394808213870593,3.4986439364587376,14.168926772568774,10.763270050368078,1.429678419217358,0.9279963742416577,0.023589474124051532,0.0,0.0,0.0,0.0,0.0,0.0,0.0,0.0,0.0,0.0,0.0,0.0,0.0,0.0,0.0,0.0,0.0,0.0,0.0,0.0,0.0,0.0,0.0,0.0,0.0,0.10067114093959734,3.4228187919463093,14.282718120805372,10.532718120805372,1.6610738255033561,0.3955,0.01309,0.0,0.0,0.0,0.0,0.0,0.0,0.0,0.0,0.0,0.0,0.30220844633862853,18.597442851607877,11.018984889577686,0.0813638124757846,0.0,0.0,0.0,0.0,0.0,0.0,0.0,0.0,0.0,0.0,0.0,0.0,0.0,0.0,0.0,0.0,0.395,0.013275,0.0,0.0,0.0,0.0,0.0,0.0,0.0,0.0,0.0,0.0,0.453020134228188,19.052013422818764,10.419463087248324,0.075503355704698,0.0,0.0,0.0,0.0,0.0,0.0,0.0,0.0,0.0,0.0,0.0,0.0,0.0,0.0,0.0,0.0
68400,4839,2535,0.5238685678859268,1254,980,0.4616656333953296,1327,0.5484604257077909,0.4280000000000001,2.951388888888889,3.1077688520310387,6.622611464968153,2.1413278357122114,9545.095474271544,1613.158791888401,7853.0,11083.0,11083.0,0.0,7853.0,0.0,27.85389543294069,20.63817392086788,32.804529788281634,18.81957661509464,0.14093821037404422,0.09919404835709858,0.08555486670799752,0.08431494110353378,0.08762140938210373,0.07625542467451953,0.06964248811737962,0.06612936557139905,0.06364951436247158,0.048150444306674936,0.0506302955156024,0.03781773093614383,0.03368464558793139,0.023765240752221535,0.016532341392849762,0.010952676172762967,0.0051663566852655505,0.9278770696158546,0.023084524941331837,0.0,0.0,0.0,0.0,0.0,0.0,0.0,0.0,0.0,0.0,0.0,0.0,0.0,0.0,0.0,0.0,0.0,0.0,0.0,0.0,0.0,0.0,0.0,0.0,0.0,0.07439553626782394,3.3663980161190334,14.370737755734659,10.836949783013022,1.3515189088654684,4.168354430379747,2.946701408496423,nan,nan,nan,4.17759388924252,2.9547242652581813,4.158060453400504,2.9392813025789954,0.9953242377406966,0.395,0.01326,0.0,0.0,0.0,0.0,0.0,0.0,0.0,0.0,0.0,0.0,0.38437693738375706,19.3118412895226,10.235585864848112,0.06819590824550528,0.0,0.0,0.0,0.0,0.0,0.0,0.0,0.0,0.0,0.0,0.0,0.0,0.0,0.0,0.0,0.0,nan,nan,4.168354430379747,2.946701408496423,nan,0.395,0.0664,0.0,0.0,0.0,0.0,0.0,0.0,0.0,0.0,0.0,0.0,0.0,0.0,0.0,0.0,0.0,0.0,0.0,0.0,0.0,5.166356685265551e-05,0.0008576152097540814,0.0019838809671419715,0.013277536681132466,0.00024798512089274643,0.0023248605083694977,0.002469518495556933,0.0014569125852448852,0.017772266997313494,0.008989460632362058,0.021378383963628848,0.025108493490390578,0.022866294688985326,0.04150650960942343,0.028156643934697252,0.043707377557346556,0.037476751394916304,0.06590204587724736,0.06773093614383137,0.05506302955156024,0.04625955775986774,0.06087001446579872,0.059599090721223394,0.06188262037611077,0.04949369704484398,0.024798512089274645,0.03263070882413722,0.03914031824757181,0.03377764000826617,0.048171109733416,0.010797685472205,0.018598884066955982,0.021089067989253977,0.021554040090927876,0.0038954329406902253,0.004660053730109527,0.0025005166356685264,0.0014155817317627608,0.0003926431080801819,0.00014465798718743542,0.0,0.0,0.0,0.0,0.0,0.0,0.0,0.0,0.0,0.0,0.0,0.0,0.0,0.0,0.0,0.0,0.0,0.0,0.0,0.0,0.0,0.0,0.0,0.0,0.0,0.0,0.0,0.0,0.0,0.0,0.0,0.0,0.0,0.0,0.0,0.0,0.0,0.0,0.0,0.0,0.0,0.0,nan,nan,4.168354430379747,2.946701408496423,nan,0.9275309716691162,0.022954793640703217,0.0,0.0,0.0,0.0,0.0,0.0,0.0,0.0,0.0,0.0,0.0,0.0,0.0,0.0,0.0,0.0,0.0,0.0,0.0,0.0,0.0,0.0,0.0,0.0,0.0,0.059171597633136105,3.4082840236686396,14.686390532544381,10.615384615384619,1.230769230769231,0.9282578674869405,0.023220466436657445,0.0,0.0,0.0,0.0,0.0,0.0,0.0,0.0,0.0,0.0,0.0,0.0,0.0,0.0,0.0,0.0,0.0,0.0,0.0,0.0,0.0,0.0,0.0,0.0,0.0,0.09114583333333336,3.320312500000001,14.023437500000004,11.08072916666667,1.4843750000000004,0.3948,0.01334,0.0,0.0,0.0,0.0,0.0,0.0,0.0,0.0,0.0,0.0,0.42603550295857995,19.100591715976304,10.414201183431956,0.059171597633136105,0.0,0.0,0.0,0.0,0.0,0.0,0.0,0.0,0.0,0.0,0.0,0.0,0.0,0.0,0.0,0.0,0.395,0.01315,0.0,0.0,0.0,0.0,0.0,0.0,0.0,0.0,0.0,0.0,0.33854166666666674,19.544270833333304,10.039062500000002,0.07812500000000001,0.0,0.0,0.0,0.0,0.0,0.0,0.0,0.0,0.0,0.0,0.0,0.0,0.0,0.0,0.0,0.0
68500,4920,2551,0.5184959349593496,1164,1017,0.4432926829268293,1408,0.5723577235772358,0.4280000000000001,3.1625158294639086,3.2072385025145835,6.766423357664234,2.212317125017162,9527.741869918698,1613.8946399869533,7853.0,11083.0,11083.0,0.0,7853.0,0.0,28.171951219512195,20.943499919442054,33.21322994911558,19.09535302905614,0.14146341463414633,0.09451219512195122,0.09146341463414634,0.09308943089430895,0.07479674796747968,0.07073170731707316,0.07276422764227643,0.06321138211382114,0.05873983739837398,0.0540650406504065,0.0475609756097561,0.04247967479674797,0.03353658536585366,0.026422764227642278,0.019308943089430895,0.00975609756097561,0.006097560975609756,0.9271891031808001,0.023259217802795662,0.0,0.0,0.0,0.0,0.0,0.0,0.0,0.0,0.0,0.0,0.0,0.0,0.0,0.0,0.0,0.0,0.0,0.0,0.0,0.0,0.0,0.0,0.0,0.0,0.0,0.1280487804878049,3.4817073170731714,14.634146341463417,10.457317073170735,1.2987804878048783,4.432254008173531,2.9496801940239386,nan,nan,nan,4.371140516698173,2.9420359358450896,4.493099121706399,2.956016352966947,1.0279008658134718,0.3943,0.01334,0.0,0.0,0.0,0.0,0.0,0.0,0.0,0.0,0.0,0.0,0.47560975609756106,19.560975609756067,9.908536585365855,0.05487804878048782,0.0,0.0,0.0,0.0,0.0,0.0,0.0,0.0,0.0,0.0,0.0,0.0,0.0,0.0,0.0,0.0,nan,nan,4.432254008173531,2.9496801940239386,nan,0.3943,0.0659,0.0,0.0,0.0,0.0,0.0,0.0,0.0,0.0,0.0,0.0,0.0,0.0,0.0,0.0,0.0,0.0,0.0,0.0,0.0,4.065040650406504e-05,0.0007621951219512195,0.002184959349593496,0.013536585365853658,0.00027439024390243905,0.002936991869918699,0.002489837398373984,0.0015040650406504066,0.018495934959349595,0.0083130081300813,0.021341463414634148,0.025792682926829267,0.02306910569105691,0.0413719512195122,0.02703252032520325,0.044197154471544715,0.0378760162601626,0.06465447154471544,0.06902439024390244,0.0520020325203252,0.04771341463414634,0.061270325203252034,0.05824186991869919,0.06619918699186991,0.05114837398373984,0.024766260162601625,0.03408536585365854,0.04079268292682927,0.03457317073170732,0.043302845528455286,0.011016260162601627,0.018739837398373985,0.018556910569105693,0.020802845528455283,0.0039126016260162605,0.0033434959349593497,0.0023983739837398375,0.001565040650406504,0.0005894308943089431,8.130081300813008e-05,0.0,0.0,0.0,0.0,0.0,0.0,0.0,0.0,0.0,0.0,0.0,0.0,0.0,0.0,0.0,0.0,0.0,0.0,0.0,0.0,0.0,0.0,0.0,0.0,0.0,0.0,0.0,0.0,0.0,0.0,0.0,0.0,0.0,0.0,0.0,0.0,0.0,0.0,0.0,0.0,0.0,0.0,nan,nan,4.432254008173531,2.9496801940239386,nan,0.9273240044508575,0.022501842984191545,0.0,0.0,0.0,0.0,0.0,0.0,0.0,0.0,0.0,0.0,0.0,0.0,0.0,0.0,0.0,0.0,0.0,0.0,0.0,0.0,0.0,0.0,0.0,0.0,0.0,0.08232065856526855,3.2693061544492363,15.064680517444142,10.442963543708352,1.1407291258330068,0.927043838030983,0.02404727499159226,0.0,0.0,0.0,0.0,0.0,0.0,0.0,0.0,0.0,0.0,0.0,0.0,0.0,0.0,0.0,0.0,0.0,0.0,0.0,0.0,0.0,0.0,0.0,0.0,0.0,0.17728999577880966,3.710426340227945,14.170536091177715,10.47277332207683,1.4689742507387087,0.3945,0.01346,0.0,0.0,0.0,0.0,0.0,0.0,0.0,0.0,0.0,0.0,0.4704037632301059,19.15719325754603,10.30184241473932,0.07056056448451589,0.0,0.0,0.0,0.0,0.0,0.0,0.0,0.0,0.0,0.0,0.0,0.0,0.0,0.0,0.0,0.0,0.394,0.01321,0.0,0.0,0.0,0.0,0.0,0.0,0.0,0.0,0.0,0.0,0.48121570282819764,19.995778809624287,9.485014774166316,0.0379907133811735,0.0,0.0,0.0,0.0,0.0,0.0,0.0,0.0,0.0,0.0,0.0,0.0,0.0,0.0,0.0,0.0
68600,4956,2520,0.5084745762711864,1202,1049,0.45419693301049235,1476,0.5956416464891041,0.34800000000000003,2.9277504105090313,3.026652547852603,6.407563025210084,2.196380763645725,9495.372881355932,1614.768009766813,7853.0,11083.0,11083.0,0.0,7853.0,0.0,28.772800645682,20.8890192350408,33.54923882017127,19.065294234159296,0.13216303470540758,0.09564164648910412,0.08454398708635996,0.08333333333333333,0.0847457627118644,0.0748587570621469,0.07082324455205811,0.06860371267150928,0.061945117029862794,0.05407586763518967,0.04640839386602098,0.04418886198547216,0.03571428571428571,0.02744148506860371,0.015738498789346248,0.011702986279257466,0.008071025020177562,0.9276765523488912,0.0230768589142274,0.0,0.0,0.0,0.0,0.0,0.0,0.0,0.0,0.0,0.0,0.0,0.0,0.0,0.0,0.0,0.0,0.0,0.0,0.0,0.0,0.0,0.0,0.0,0.0,0.0,0.12711864406779663,3.426150121065376,14.176755447941892,10.96852300242131,1.3014527845036323,4.130091185410334,2.814439589767593,nan,nan,nan,4.110365853658537,2.799066022418624,4.149696969696969,2.8295009570149277,1.009568762839791,0.3945,0.01318,0.0,0.0,0.0,0.0,0.0,0.0,0.0,0.0,0.0,0.0,0.3631961259079904,19.72760290556898,9.842615012106538,0.0665859564164649,0.0,0.0,0.0,0.0,0.0,0.0,0.0,0.0,0.0,0.0,0.0,0.0,0.0,0.0,0.0,0.0,nan,nan,4.130091185410334,2.814439589767593,nan,0.3945,0.06525,0.0,0.0,0.0,0.0,0.0,0.0,0.0,0.0,0.0,0.0,0.0,0.0,0.0,0.0,0.0,0.0,0.0,0.0,0.0,6.053268765133172e-05,0.0009079903147699758,0.001261097659402744,0.012570621468926554,0.00035310734463276836,0.0035008071025020176,0.002108555286521388,0.0014326069410815173,0.018260694108151735,0.007253833736884584,0.020853510895883776,0.025544794188861984,0.02423325262308313,0.03988095238095238,0.026008878127522197,0.04635794995964487,0.03817594834543987,0.06450766747376917,0.06851291364003229,0.05130145278450363,0.050665859564164646,0.05862590799031477,0.05989709443099274,0.06628329297820823,0.0515637610976594,0.025131154156577885,0.03472558514931396,0.04285714285714286,0.03541162227602906,0.043633979015334945,0.0108454398708636,0.01766545601291364,0.01910815173527038,0.019592413236481032,0.0034806295399515737,0.002360774818401937,0.0025322841000807103,0.0018765133171912832,0.0005548829701372075,0.00010088781275221953,0.0,0.0,0.0,0.0,0.0,0.0,0.0,0.0,0.0,0.0,0.0,0.0,0.0,0.0,0.0,0.0,0.0,0.0,0.0,0.0,0.0,0.0,0.0,0.0,0.0,0.0,0.0,0.0,0.0,0.0,0.0,0.0,0.0,0.0,0.0,0.0,0.0,0.0,0.0,0.0,0.0,0.0,nan,nan,4.130091185410334,2.814439589767593,nan,0.9281209290264145,0.02279801229232431,0.0,0.0,0.0,0.0,0.0,0.0,0.0,0.0,0.0,0.0,0.0,0.0,0.0,0.0,0.0,0.0,0.0,0.0,0.0,0.0,0.0,0.0,0.0,0.0,0.0,0.11904761904761907,3.2261904761904767,14.083333333333336,11.297619047619051,1.2738095238095242,0.9272168523376603,0.023352922117384305,0.0,0.0,0.0,0.0,0.0,0.0,0.0,0.0,0.0,0.0,0.0,0.0,0.0,0.0,0.0,0.0,0.0,0.0,0.0,0.0,0.0,0.0,0.0,0.0,0.0,0.13546798029556653,3.633004926108375,14.273399014778327,10.628078817733993,1.3300492610837442,0.3945,0.01307,0.0,0.0,0.0,0.0,0.0,0.0,0.0,0.0,0.0,0.0,0.41666666666666674,19.892857142857114,9.642857142857144,0.04761904761904763,0.0,0.0,0.0,0.0,0.0,0.0,0.0,0.0,0.0,0.0,0.0,0.0,0.0,0.0,0.0,0.0,0.3948,0.0133,0.0,0.0,0.0,0.0,0.0,0.0,0.0,0.0,0.0,0.0,0.30788177339901485,19.55665024630539,10.049261083743843,0.08620689655172416,0.0,0.0,0.0,0.0,0.0,0.0,0.0,0.0,0.0,0.0,0.0,0.0,0.0,0.0,0.0,0.0
68700,4252,2255,0.5303386641580433,1068,863,0.4541392285983067,1190,0.5597365945437441,0.4280000000000001,3.0055082623935903,3.099335174249527,6.52772808586762,2.2023406862957216,9565.99388523048,1612.024254922188,7853.0,11083.0,11083.0,0.0,7853.0,0.0,28.35936030103481,20.747943587023627,33.028800886181116,19.01775908301022,0.12982126058325494,0.09783631232361242,0.09948259642521166,0.08795860771401694,0.07337723424270931,0.07549388523047977,0.07031984948259642,0.062088428974600186,0.0625587958607714,0.05315145813734713,0.053386641580432735,0.039040451552210725,0.03621825023518344,0.02704609595484478,0.017403574788334902,0.009877704609595485,0.004938852304797742,0.9270095900191749,0.023239329737941152,0.0,0.0,0.0,0.0,0.0,0.0,0.0,0.0,0.0,0.0,0.0,0.0,0.0,0.0,0.0,0.0,0.0,0.0,0.0,0.0,0.0,0.0,0.0,0.0,0.0,0.1693320790216369,3.4995296331138297,14.597836312323615,10.428033866415806,1.3052681091251177,4.205597416576964,2.9393579478222267,nan,nan,nan,4.178189593727726,2.9852873491624194,4.233381502890174,2.891788475763674,1.0132095272185113,0.3943,0.01302,0.0,0.0,0.0,0.0,0.0,0.0,0.0,0.0,0.0,0.0,0.3809971777986831,19.868297271872034,9.70131702728128,0.04938852304797744,0.0,0.0,0.0,0.0,0.0,0.0,0.0,0.0,0.0,0.0,0.0,0.0,0.0,0.0,0.0,0.0,nan,nan,4.205597416576964,2.9393579478222267,nan,0.3943,0.0653,0.0,0.0,0.0,0.0,0.0,0.0,0.0,0.0,0.0,0.0,0.0,0.0,0.0,0.0,0.0,0.0,0.0,0.0,0.0,0.0,0.0008819379115710254,0.001493414863593603,0.014193320790216369,0.0003057384760112888,0.0031044214487300093,0.0021401693320790218,0.0016227657572906867,0.01795625587958608,0.006820319849482596,0.020943085606773285,0.024188617121354658,0.02534101599247413,0.04230950141110066,0.025634995296331137,0.04453198494825964,0.03715898400752587,0.06193555973659454,0.07070790216368768,0.05034101599247413,0.04998824082784572,0.05911335841956726,0.0642873941674506,0.06735653809971778,0.04930620884289746,0.02370649106302916,0.03604186265286924,0.04297977422389464,0.03484242709313264,0.042168391345249294,0.011747412982126058,0.01868532455315146,0.01933207902163688,0.019555503292568204,0.002469426152398871,0.0014698965192850423,0.0027281279397930384,0.0021166509877704608,0.00045860771401693323,3.5277516462841014e-05,0.0,0.0,0.0,0.0,0.0,0.0,0.0,0.0,0.0,0.0,0.0,0.0,0.0,0.0,0.0,0.0,0.0,0.0,0.0,0.0,0.0,0.0,0.0,0.0,0.0,0.0,0.0,0.0,0.0,0.0,0.0,0.0,0.0,0.0,0.0,0.0,0.0,0.0,0.0,0.0,0.0,0.0,nan,nan,4.205597416576964,2.9393579478222267,nan,0.9270219295357918,0.02333553299531989,0.0,0.0,0.0,0.0,0.0,0.0,0.0,0.0,0.0,0.0,0.0,0.0,0.0,0.0,0.0,0.0,0.0,0.0,0.0,0.0,0.0,0.0,0.0,0.0,0.0,0.14634146341463417,3.565410199556542,14.594235033259427,10.416851441241686,1.2771618625277164,0.9269956563136311,0.023130208699170863,0.0,0.0,0.0,0.0,0.0,0.0,0.0,0.0,0.0,0.0,0.0,0.0,0.0,0.0,0.0,0.0,0.0,0.0,0.0,0.0,0.0,0.0,0.0,0.0,0.0,0.1952929394091137,3.4251377065598407,14.601902854281425,10.440660991487233,1.3370055082623937,0.3945,0.0132,0.0,0.0,0.0,0.0,0.0,0.0,0.0,0.0,0.0,0.0,0.4124168514412418,19.72949002217292,9.81818181818182,0.039911308203991136,0.0,0.0,0.0,0.0,0.0,0.0,0.0,0.0,0.0,0.0,0.0,0.0,0.0,0.0,0.0,0.0,0.3943,0.01281,0.0,0.0,0.0,0.0,0.0,0.0,0.0,0.0,0.0,0.0,0.34551827741612423,20.02503755633447,9.569354031046572,0.06009013520280422,0.0,0.0,0.0,0.0,0.0,0.0,0.0,0.0,0.0,0.0,0.0,0.0,0.0,0.0,0.0,0.0
68800,4313,2262,0.5244609320658474,1090,874,0.45536749362392764,1199,0.5559935079990725,0.4280000000000001,3.12091662603608,3.17489640388452,6.778716216216216,2.1623356929941506,9547.008810572686,1613.0662131022052,7853.0,11083.0,11083.0,0.0,7853.0,0.0,28.26385346626478,20.885618824297918,33.19410792951542,19.06559042912804,0.14143287734755391,0.09019244145606306,0.08949686992812428,0.08787386969626709,0.0809181544168792,0.07674472524924647,0.07488986784140969,0.06538372362624623,0.05958729422675632,0.05031300718757246,0.048226292603756084,0.035474147924878276,0.03431486204498029,0.028286575469510782,0.019244145606306516,0.010433572919081846,0.007187572455367493,0.9273841485550418,0.023220281150776963,0.0,0.0,0.0,0.0,0.0,0.0,0.0,0.0,0.0,0.0,0.0,0.0,0.0,0.0,0.0,0.0,0.0,0.0,0.0,0.0,0.0,0.0,0.0,0.0,0.0,0.09738001391143059,3.4709019244145614,14.419197774171113,10.628332946904708,1.3841873405981917,4.240340304856434,2.9674501025396385,nan,nan,nan,4.235210263720599,3.0754796244084024,4.248412138320395,2.855315948429744,1.0031171709968891,0.3948,0.01282,0.0,0.0,0.0,0.0,0.0,0.0,0.0,0.0,0.0,0.0,0.271272895896128,19.705541386505885,9.988407141201021,0.034778576396939494,0.0,0.0,0.0,0.0,0.0,0.0,0.0,0.0,0.0,0.0,0.0,0.0,0.0,0.0,0.0,0.0,nan,nan,4.240340304856434,2.9674501025396385,nan,0.3948,0.0655,0.0,0.0,0.0,0.0,0.0,0.0,0.0,0.0,0.0,0.0,0.0,0.0,0.0,0.0,0.0,0.0,0.0,0.0,0.0,0.0,0.0010201715743102249,0.0012288430326918619,0.015128680732668676,0.0002550428935775562,0.003848829121261303,0.0027011361001623,0.0013099930442847206,0.01888476698353814,0.006816600973800139,0.019406445629492234,0.02311616044516578,0.02370739624391375,0.04411082773011825,0.02631578947368421,0.040354741479248786,0.03520751217250174,0.06088569441224206,0.06806167400881057,0.050150707164386736,0.053663343380477624,0.06020171574310225,0.06258984465569209,0.06900069557152794,0.052689543241363324,0.0244261534894505,0.03684210526315789,0.04356596336656619,0.034836540690934385,0.03958961279851612,0.01283329469047067,0.01955715279387897,0.0188499884071412,0.01966148852306979,0.002167864595409228,0.0015650359378622768,0.002492464641780663,0.0022490146070020867,0.0007071643867377696,0.0,0.0,0.0,0.0,0.0,0.0,0.0,0.0,0.0,0.0,0.0,0.0,0.0,0.0,0.0,0.0,0.0,0.0,0.0,0.0,0.0,0.0,0.0,0.0,0.0,0.0,0.0,0.0,0.0,0.0,0.0,0.0,0.0,0.0,0.0,0.0,0.0,0.0,0.0,0.0,0.0,0.0,0.0,nan,nan,4.240340304856434,2.9674501025396385,nan,0.9272362118427149,0.02291963550319882,0.0,0.0,0.0,0.0,0.0,0.0,0.0,0.0,0.0,0.0,0.0,0.0,0.0,0.0,0.0,0.0,0.0,0.0,0.0,0.0,0.0,0.0,0.0,0.0,0.0,0.10610079575596819,3.4084880636604784,14.535809018567642,10.676392572944298,1.2732095490716182,0.927547304500085,0.023546327651879608,0.0,0.0,0.0,0.0,0.0,0.0,0.0,0.0,0.0,0.0,0.0,0.0,0.0,0.0,0.0,0.0,0.0,0.0,0.0,0.0,0.0,0.0,0.0,0.0,0.0,0.0877620672842516,3.539736713798148,14.29058995611897,10.575329107752317,1.5065821550463192,0.3945,0.01293,0.0,0.0,0.0,0.0,0.0,0.0,0.0,0.0,0.0,0.0,0.22546419098143242,19.73474801061005,9.986737400530506,0.053050397877984094,0.0,0.0,0.0,0.0,0.0,0.0,0.0,0.0,0.0,0.0,0.0,0.0,0.0,0.0,0.0,0.0,0.395,0.01268,0.0,0.0,0.0,0.0,0.0,0.0,0.0,0.0,0.0,0.0,0.32179424670892254,19.67333008288637,9.990248659190641,0.014627011214041934,0.0,0.0,0.0,0.0,0.0,0.0,0.0,0.0,0.0,0.0,0.0,0.0,0.0,0.0,0.0,0.0
68900,4193,2145,0.5115668972096351,1036,860,0.4521822084426425,1183,0.5642737896494157,0.4280000000000001,2.95849609375,3.160692431179597,6.701067615658363,2.282448644314579,9505.361077987121,1614.567790416878,7853.0,11083.0,11083.0,0.0,7853.0,0.0,27.66396374910565,20.756624801520182,32.74750071408169,18.942996847698293,0.14858096828046743,0.093966134032912,0.09015025041736227,0.08991175769139041,0.07560219413307893,0.08466491772000954,0.06916289053183877,0.06081564512282375,0.05914619604102075,0.05175292153589316,0.046029096112568564,0.04030527068924398,0.03171953255425709,0.024087765323157644,0.014786549010255187,0.012401621750536608,0.006916289053183878,0.9283222474518523,0.022874985684671886,0.0,0.0,0.0,0.0,0.0,0.0,0.0,0.0,0.0,0.0,0.0,0.0,0.0,0.0,0.0,0.0,0.0,0.0,0.0,0.0,0.0,0.0,0.0,0.0,0.0,0.16455998092058194,3.026472692582877,14.588600047698549,10.868113522537564,1.3522537562604342,4.224889217134416,2.9408272172720857,nan,nan,nan,4.219747587230883,2.8880310972260426,4.230882352941176,2.993068332828821,1.0026387279049551,0.3943,0.01275,0.0,0.0,0.0,0.0,0.0,0.0,0.0,0.0,0.0,0.0,0.4149773431910328,19.890293346052918,9.644645838301933,0.050083472454090165,0.0,0.0,0.0,0.0,0.0,0.0,0.0,0.0,0.0,0.0,0.0,0.0,0.0,0.0,0.0,0.0,nan,nan,4.224889217134416,2.9408272172720857,nan,0.3943,0.0654,0.0,0.0,0.0,0.0,0.0,0.0,0.0,0.0,0.0,0.0,0.0,0.0,0.0,0.0,0.0,0.0,0.0,2.3849272597185786e-05,0.0,2.3849272597185786e-05,0.0009778201764846172,0.001216312902456475,0.01397567374195087,0.0006081564512282375,0.005211066062485094,0.0027426663486763655,0.0013713331743381827,0.0196279513474839,0.00766754113999523,0.018232768900548535,0.022394466968757454,0.021857858335320772,0.046303362747436204,0.027259718578583354,0.04007870259957071,0.03651323634629144,0.06210350584307179,0.07072501788695444,0.04632721202003339,0.05413784879561173,0.05981397567374195,0.06279513474839017,0.07103505843071786,0.05085857381349869,0.02488671595516337,0.03697829716193656,0.04488433102790365,0.03431910326735035,0.038814691151919864,0.010756021941330789,0.018244693536847125,0.01842356308132602,0.019067493441450034,0.002027188170760792,0.0019556403529692344,0.0023133794419270214,0.002337228714524207,0.001108991175769139,0.0,0.0,0.0,0.0,0.0,0.0,0.0,0.0,0.0,0.0,0.0,0.0,0.0,0.0,0.0,0.0,0.0,0.0,0.0,0.0,0.0,0.0,0.0,0.0,0.0,0.0,0.0,0.0,0.0,0.0,0.0,0.0,0.0,0.0,0.0,0.0,0.0,0.0,0.0,0.0,0.0,0.0,0.0,nan,nan,4.224889217134416,2.9408272172720857,nan,0.9282604989749846,0.022828442203749518,0.0,0.0,0.0,0.0,0.0,0.0,0.0,0.0,0.0,0.0,0.0,0.0,0.0,0.0,0.0,0.0,0.0,0.0,0.0,0.0,0.0,0.0,0.0,0.0,0.0,0.12587412587412591,3.062937062937064,14.769230769230772,10.727272727272728,1.3146853146853148,0.9283869205391966,0.02292345396394418,0.0,0.0,0.0,0.0,0.0,0.0,0.0,0.0,0.0,0.0,0.0,0.0,0.0,0.0,0.0,0.0,0.0,0.0,0.0,0.0,0.0,0.0,0.0,0.0,0.0,0.20507812500000006,2.9882812500000004,14.399414062500004,11.015625000000002,1.3916015625000002,0.394,0.01274,0.0,0.0,0.0,0.0,0.0,0.0,0.0,0.0,0.0,0.0,0.4055944055944057,20.04195804195801,9.482517482517483,0.06993006993006995,0.0,0.0,0.0,0.0,0.0,0.0,0.0,0.0,0.0,0.0,0.0,0.0,0.0,0.0,0.0,0.0,0.3943,0.012764,0.0,0.0,0.0,0.0,0.0,0.0,0.0,0.0,0.0,0.0,0.4248046875000001,19.73144531249997,9.814453125000002,0.029296875000000007,0.0,0.0,0.0,0.0,0.0,0.0,0.0,0.0,0.0,0.0,0.0,0.0,0.0,0.0,0.0,0.0
69000,4376,2278,0.5205667276051188,1070,888,0.44744058500914075,1210,0.553016453382084,0.4160000000000001,2.989990467111535,3.1835185221754254,6.715034965034965,2.323696227912893,9534.430530164535,1613.6331629778992,7853.0,11083.0,11083.0,0.0,7853.0,0.0,27.612202925045704,20.853732959067745,32.64350205198358,19.141281072258597,0.14122486288848263,0.1046617915904936,0.09072212065813529,0.08752285191956125,0.08318098720292505,0.07723948811700183,0.06924131627056673,0.06078610603290677,0.057358318098720294,0.05210237659963437,0.04410420475319927,0.037477148080438755,0.0363345521023766,0.01896709323583181,0.020795246800731262,0.011425959780621572,0.006855575868372943,0.9274899349624539,0.023333635068821787,0.0,0.0,0.0,0.0,0.0,0.0,0.0,0.0,0.0,0.0,0.0,0.0,0.0,0.0,0.0,0.0,0.0,0.0,0.0,0.0,0.0,0.0,0.0,0.0,0.0,0.08226691042047533,3.612888482632542,14.184186471663622,10.728976234003659,1.3916819012797077,4.2979942693409745,2.978075856173706,nan,nan,nan,4.269473684210526,2.965594772481675,4.327724945135333,2.9907415321135375,1.0136436631850507,0.3938,0.01264,0.0,0.0,0.0,0.0,0.0,0.0,0.0,0.0,0.0,0.0,0.33592321755027427,20.511882998171817,9.12477148080439,0.02742230347349178,0.0,0.0,0.0,0.0,0.0,0.0,0.0,0.0,0.0,0.0,0.0,0.0,0.0,0.0,0.0,0.0,nan,nan,4.2979942693409745,2.978075856173706,nan,0.3938,0.06506,0.0,0.0,0.0,0.0,0.0,0.0,0.0,0.0,0.0,0.0,0.0,0.0,0.0,0.0,0.0,0.0,0.0,0.0,0.0,7.9981718464351e-05,0.0006512797074954296,0.0011197440585009142,0.014785191956124315,0.0006512797074954296,0.005610146252285192,0.0028222120658135284,0.001896709323583181,0.018989945155393054,0.007369744058500914,0.01904707495429616,0.021400822669104206,0.018955667276051188,0.046195155393053015,0.028587751371115175,0.043795703839122485,0.03523765996343693,0.0605918647166362,0.06855575868372943,0.04738345521023766,0.056398537477148084,0.06024908592321755,0.06344835466179159,0.07061243144424131,0.052867915904936016,0.026268281535648995,0.03763711151736746,0.04437842778793419,0.03353519195612432,0.03820840950639854,0.010991773308957953,0.01702468007312614,0.017493144424131628,0.017973034734917733,0.0018852833638025594,0.0019081352833638025,0.0018510054844606946,0.0027650822669104203,0.0007769652650822669,0.0,0.0,0.0,0.0,0.0,0.0,0.0,0.0,0.0,0.0,0.0,0.0,0.0,0.0,0.0,0.0,0.0,0.0,0.0,0.0,0.0,0.0,0.0,0.0,0.0,0.0,0.0,0.0,0.0,0.0,0.0,0.0,0.0,0.0,0.0,0.0,0.0,0.0,0.0,0.0,0.0,0.0,0.0,nan,nan,4.2979942693409745,2.978075856173706,nan,0.9274240669919483,0.023681127405323164,0.0,0.0,0.0,0.0,0.0,0.0,0.0,0.0,0.0,0.0,0.0,0.0,0.0,0.0,0.0,0.0,0.0,0.0,0.0,0.0,0.0,0.0,0.0,0.0,0.0,0.09218612818261636,3.726953467954347,14.170324846356456,10.45654082528534,1.553994732221247,0.9275614541411059,0.02295015811973952,0.0,0.0,0.0,0.0,0.0,0.0,0.0,0.0,0.0,0.0,0.0,0.0,0.0,0.0,0.0,0.0,0.0,0.0,0.0,0.0,0.0,0.0,0.0,0.0,0.0,0.07149666348903719,3.4890371782650154,14.199237368922788,11.024785510009535,1.2154432793136323,0.3938,0.01251,0.0,0.0,0.0,0.0,0.0,0.0,0.0,0.0,0.0,0.0,0.28972783143107994,20.34679543459172,9.337137840210712,0.026338893766461816,0.0,0.0,0.0,0.0,0.0,0.0,0.0,0.0,0.0,0.0,0.0,0.0,0.0,0.0,0.0,0.0,0.3938,0.01279,0.0,0.0,0.0,0.0,0.0,0.0,0.0,0.0,0.0,0.0,0.38608198284080086,20.69113441372733,8.894184938036227,0.028598665395614876,0.0,0.0,0.0,0.0,0.0,0.0,0.0,0.0,0.0,0.0,0.0,0.0,0.0,0.0,0.0,0.0
69100,4520,2312,0.511504424778761,1052,903,0.4325221238938053,1256,0.5557522123893806,0.4200000000000001,2.9995471014492754,3.087565608871462,6.5174050632911396,2.1801058737441763,9505.159292035398,1614.5724471250671,7853.0,11083.0,11083.0,0.0,7853.0,0.0,28.200221238938052,21.366998578874792,33.35477892507281,19.599285919032397,0.14491150442477876,0.10110619469026548,0.09469026548672567,0.08207964601769911,0.07411504424778761,0.07300884955752213,0.06814159292035399,0.06305309734513274,0.05707964601769912,0.05176991150442478,0.04491150442477876,0.0418141592920354,0.03738938053097345,0.025442477876106196,0.018141592920353982,0.012610619469026548,0.009734513274336283,0.9283507559415514,0.02332186916262613,0.0,0.0,0.0,0.0,0.0,0.0,0.0,0.0,0.0,0.0,0.0,0.0,0.0,0.0,0.0,0.0,0.0,0.0,0.0,0.0,0.0,0.0,0.0,0.0,0.0,0.11946902654867259,3.2654867256637177,14.030973451327437,11.08407079646018,1.5000000000000004,4.372447213568709,2.840958330587954,nan,nan,nan,4.396632996632997,2.866429772333399,4.346866096866097,2.813540242678193,0.9886806791003452,0.393,0.012764,0.0,0.0,0.0,0.0,0.0,0.0,0.0,0.0,0.0,0.0,0.46460176991150454,20.800884955752185,8.714601769911505,0.019911504424778764,0.0,0.0,0.0,0.0,0.0,0.0,0.0,0.0,0.0,0.0,0.0,0.0,0.0,0.0,0.0,0.0,nan,nan,4.372447213568709,2.840958330587954,nan,0.393,0.06525,0.0,0.0,0.0,0.0,0.0,0.0,0.0,0.0,0.0,0.0,0.0,0.0,0.0,0.0,0.0,0.0,0.0,0.0,0.0,0.00023230088495575221,0.000497787610619469,0.0011061946902654867,0.0160287610619469,0.000497787610619469,0.005619469026548672,0.0029535398230088497,0.0025553097345132744,0.018241150442477875,0.007057522123893805,0.02161504424778761,0.023761061946902653,0.017621681415929204,0.04622787610619469,0.027853982300884955,0.04286504424778761,0.03636061946902655,0.06142699115044248,0.0710287610619469,0.044535398230088494,0.05658185840707965,0.0564712389380531,0.06248893805309735,0.07176991150442479,0.054889380530973454,0.02379424778761062,0.03866150442477876,0.04670353982300885,0.03298672566371681,0.037710176991150444,0.012411504424778761,0.015940265486725665,0.015763274336283186,0.017278761061946903,0.001338495575221239,0.001570796460176991,0.001913716814159292,0.0028650442477876105,0.0007743362831858407,0.0,0.0,0.0,0.0,0.0,0.0,0.0,0.0,0.0,0.0,0.0,0.0,0.0,0.0,0.0,0.0,0.0,0.0,0.0,0.0,0.0,0.0,0.0,0.0,0.0,0.0,0.0,0.0,0.0,0.0,0.0,0.0,0.0,0.0,0.0,0.0,0.0,0.0,0.0,0.0,0.0,0.0,0.0,nan,nan,4.372447213568709,2.840958330587954,nan,0.928112921520913,0.022896569626483124,0.0,0.0,0.0,0.0,0.0,0.0,0.0,0.0,0.0,0.0,0.0,0.0,0.0,0.0,0.0,0.0,0.0,0.0,0.0,0.0,0.0,0.0,0.0,0.0,0.0,0.06487889273356402,3.205017301038063,14.351211072664363,11.042387543252598,1.3365051903114191,0.9285997927080893,0.02375649113682233,0.0,0.0,0.0,0.0,0.0,0.0,0.0,0.0,0.0,0.0,0.0,0.0,0.0,0.0,0.0,0.0,0.0,0.0,0.0,0.0,0.0,0.0,0.0,0.0,0.0,0.17663043478260876,3.328804347826088,13.695652173913047,11.12771739130435,1.6711956521739135,0.3926,0.01287,0.0,0.0,0.0,0.0,0.0,0.0,0.0,0.0,0.0,0.0,0.4801038062283738,21.046712802768134,8.460207612456749,0.012975778546712806,0.0,0.0,0.0,0.0,0.0,0.0,0.0,0.0,0.0,0.0,0.0,0.0,0.0,0.0,0.0,0.0,0.3933,0.01264,0.0,0.0,0.0,0.0,0.0,0.0,0.0,0.0,0.0,0.0,0.4483695652173914,20.543478260869534,8.980978260869566,0.027173913043478267,0.0,0.0,0.0,0.0,0.0,0.0,0.0,0.0,0.0,0.0,0.0,0.0,0.0,0.0,0.0,0.0
69200,4467,2341,0.5240653682561003,1059,893,0.4369823147526304,1233,0.5520483546004029,0.4360000000000001,3.1020696142991535,3.2451462339654107,6.904448105436574,2.2774801786066465,9545.731139467203,1613.128286887664,7853.0,11083.0,11083.0,0.0,7853.0,0.0,27.886277143496756,21.08313003892904,32.926183471516445,19.353799915751996,0.1419297067383031,0.10320125363778823,0.09178419520931273,0.09066487575554064,0.07790463398253862,0.07320349227669577,0.06693530333557197,0.06290575330199238,0.05932393104992165,0.04768300873069174,0.044101186478621,0.042981867024848894,0.03492276695768973,0.026863666890530557,0.017685247369599283,0.009178419520931274,0.008730691739422432,0.9279593884984946,0.02338771774268732,0.0,0.0,0.0,0.0,0.0,0.0,0.0,0.0,0.0,0.0,0.0,0.0,0.0,0.0,0.0,0.0,0.0,0.0,0.0,0.0,0.0,0.0,0.0,0.0,0.0,0.15446608462055073,3.237071860308933,14.224311618535934,10.940228341168572,1.443922095366018,4.3015040223854495,2.9697144229717116,nan,nan,nan,4.288811188811189,2.976096022942961,4.313025210084033,2.963961612291961,1.0056458585390784,0.3933,0.01324,0.0,0.0,0.0,0.0,0.0,0.0,0.0,0.0,0.0,0.0,0.5305574210879787,20.53055742108795,8.898589657488248,0.04029550033579584,0.0,0.0,0.0,0.0,0.0,0.0,0.0,0.0,0.0,0.0,0.0,0.0,0.0,0.0,0.0,0.0,nan,nan,4.3015040223854495,2.9697144229717116,nan,0.3933,0.06537,0.0,0.0,0.0,0.0,0.0,0.0,0.0,0.0,0.0,0.0,0.0,0.0,0.0,0.0,0.0,0.0,0.0,0.0,0.0,0.0002574434743675845,0.0005036937541974479,0.0016006268188941124,0.01460711887172599,0.0008059100067159167,0.0061562569957465865,0.002675173494515335,0.0031229012760241774,0.019274680993955674,0.006917394224311618,0.020125363778822476,0.02393104992164764,0.017394224311618536,0.04985448847100963,0.027490485784642936,0.042008059100067156,0.03475486903962391,0.05957018132975151,0.06818894112379673,0.042813969106783076,0.05936870382807253,0.0556861428251623,0.06109245578688158,0.07285650324602641,0.05569733601970002,0.026136109245578687,0.040284307141258115,0.04764942914707858,0.03301992388627714,0.03697112155809268,0.011909558988135213,0.01661070069397806,0.013812402059547795,0.01722632639355272,0.0015670472352809493,0.0016230132079695545,0.002216252518468771,0.003537049473919857,0.000682784866800985,0.0,0.0,0.0,0.0,0.0,0.0,0.0,0.0,0.0,0.0,0.0,0.0,0.0,0.0,0.0,0.0,0.0,0.0,0.0,0.0,0.0,0.0,0.0,0.0,0.0,0.0,0.0,0.0,0.0,0.0,0.0,0.0,0.0,0.0,0.0,0.0,0.0,0.0,0.0,0.0,0.0,0.0,0.0,nan,nan,4.3015040223854495,2.9697144229717116,nan,0.9275354164271007,0.023422572268690534,0.0,0.0,0.0,0.0,0.0,0.0,0.0,0.0,0.0,0.0,0.0,0.0,0.0,0.0,0.0,0.0,0.0,0.0,0.0,0.0,0.0,0.0,0.0,0.0,0.0,0.11533532678342591,3.2934643314822734,14.519436138402396,10.751815463477149,1.3199487398547634,0.9284262363908432,0.023340370957764575,0.0,0.0,0.0,0.0,0.0,0.0,0.0,0.0,0.0,0.0,0.0,0.0,0.0,0.0,0.0,0.0,0.0,0.0,0.0,0.0,0.0,0.0,0.0,0.0,0.0,0.19755409219190975,3.1749764816556922,13.899341486359363,11.147695202257763,1.580432737535278,0.3933,0.01343,0.0,0.0,0.0,0.0,0.0,0.0,0.0,0.0,0.0,0.0,0.5254164886800513,20.516873131140507,8.906450234942334,0.051260145237078183,0.0,0.0,0.0,0.0,0.0,0.0,0.0,0.0,0.0,0.0,0.0,0.0,0.0,0.0,0.0,0.0,0.393,0.01303,0.0,0.0,0.0,0.0,0.0,0.0,0.0,0.0,0.0,0.0,0.5362182502351835,20.545625587958575,8.889934148635938,0.02822201317027282,0.0,0.0,0.0,0.0,0.0,0.0,0.0,0.0,0.0,0.0,0.0,0.0,0.0,0.0,0.0,0.0
69300,4681,2439,0.5210425122837,1114,938,0.43836787011322365,1325,0.5661183507797479,0.4200000000000001,3.08028545941124,3.149242621472107,6.697852760736196,2.113162443368453,9535.96731467635,1613.5691631088164,7853.0,11083.0,11083.0,0.0,7853.0,0.0,28.127964110232856,21.26044410519427,33.333504098360656,19.445421845619126,0.14761803033539841,0.09228797265541551,0.09506515701773126,0.08716086306344799,0.08182012390514848,0.06900234992522965,0.07092501602221747,0.0598162785729545,0.054048280281991025,0.0499893185216834,0.04977568895535142,0.039735099337748346,0.035462508011108736,0.027558214056825465,0.020722067934202094,0.01239051484725486,0.006622516556291391,0.9278476217877429,0.02338615478686973,0.0,0.0,0.0,0.0,0.0,0.0,0.0,0.0,0.0,0.0,0.0,0.0,0.0,0.0,0.0,0.0,0.0,0.0,0.0,0.0,0.0,0.0,0.0,0.0,0.0,0.14099551377910705,3.364665669728691,14.17645802179022,10.773339030121772,1.5445417645802182,4.368090036411784,2.867173377665457,nan,nan,nan,4.420671494404213,2.8344944404194434,4.31491344873502,2.8988778235122905,0.9760764748516001,0.3928,0.0127,0.0,0.0,0.0,0.0,0.0,0.0,0.0,0.0,0.0,0.0,0.4742576372569965,21.15573595385598,8.344370860927153,0.02563554795983765,0.0,0.0,0.0,0.0,0.0,0.0,0.0,0.0,0.0,0.0,0.0,0.0,0.0,0.0,0.0,0.0,nan,nan,4.368090036411784,2.867173377665457,nan,0.3928,0.06525,0.0,0.0,0.0,0.0,0.0,0.0,0.0,0.0,0.0,0.0,0.0,0.0,0.0,0.0,0.0,0.0,0.0,0.0,0.0,0.0001281777397991882,0.00011749626148258919,0.0016663106173894467,0.014868617816705832,0.000598162785729545,0.00598162785729545,0.0031296731467635123,0.004400769066438795,0.019483016449476608,0.006205938901944029,0.019664601580858792,0.024823755607776117,0.017870113223670155,0.05098269600512711,0.025998718222602007,0.04150822473830378,0.03646656697286905,0.06173894466994232,0.06883144627216407,0.04107028412732322,0.05606707968382824,0.05688955351420637,0.06165349284340953,0.07510147404400769,0.05576799829096347,0.026212347788933988,0.04152958769493698,0.045396282845545824,0.03121127964110233,0.03668019653920102,0.010040589617603077,0.016385387737662894,0.014548173467207862,0.017912839136936552,0.0017517624439222388,0.0015488143559068575,0.001869258705404828,0.00283059175389874,0.0009506515701773125,0.00011749626148258919,0.0,0.0,0.0,0.0,0.0,0.0,0.0,0.0,0.0,0.0,0.0,0.0,0.0,0.0,0.0,0.0,0.0,0.0,0.0,0.0,0.0,0.0,0.0,0.0,0.0,0.0,0.0,0.0,0.0,0.0,0.0,0.0,0.0,0.0,0.0,0.0,0.0,0.0,0.0,0.0,0.0,0.0,nan,nan,4.368090036411784,2.867173377665457,nan,0.9284131739558915,0.023485371381576532,0.0,0.0,0.0,0.0,0.0,0.0,0.0,0.0,0.0,0.0,0.0,0.0,0.0,0.0,0.0,0.0,0.0,0.0,0.0,0.0,0.0,0.0,0.0,0.0,0.0,0.14760147601476017,3.1365313653136537,14.169741697416978,10.824108241082413,1.7220172201722022,0.9272323756958096,0.0232621301009993,0.0,0.0,0.0,0.0,0.0,0.0,0.0,0.0,0.0,0.0,0.0,0.0,0.0,0.0,0.0,0.0,0.0,0.0,0.0,0.0,0.0,0.0,0.0,0.0,0.0,0.1338090990187333,3.612845673505799,14.18376449598573,10.718108831400537,1.3514719000892064,0.3926,0.01282,0.0,0.0,0.0,0.0,0.0,0.0,0.0,0.0,0.0,0.0,0.5412054120541206,21.09471094710944,8.35178351783518,0.012300123001230016,0.0,0.0,0.0,0.0,0.0,0.0,0.0,0.0,0.0,0.0,0.0,0.0,0.0,0.0,0.0,0.0,0.3928,0.012566,0.0,0.0,0.0,0.0,0.0,0.0,0.0,0.0,0.0,0.0,0.40142729705619995,21.222123104371068,8.336306868867085,0.04014272970561999,0.0,0.0,0.0,0.0,0.0,0.0,0.0,0.0,0.0,0.0,0.0,0.0,0.0,0.0,0.0,0.0
69400,4897,2519,0.5143965693281601,1185,991,0.44435368593016134,1366,0.5578925872983459,0.4080000000000001,2.955004205214466,3.1087781958999186,6.55,2.194811374514213,9514.500918929956,1614.3304074874727,7853.0,11083.0,11083.0,0.0,7853.0,0.0,27.641208903410252,20.648129033891255,32.45935452560058,18.961470287608417,0.1376352869103533,0.10700428833979987,0.09250561568307127,0.08066162956912395,0.08270369614049418,0.07759852971206861,0.07821114968347968,0.062487237083928934,0.05288952419848887,0.05186849091280376,0.046354911170104145,0.04267919134163774,0.027159485399224016,0.02695527874208699,0.018174392485195017,0.008576679599754953,0.006534613028384725,0.9280130478078209,0.022914785789615203,0.0,0.0,0.0,0.0,0.0,0.0,0.0,0.0,0.0,0.0,0.0,0.0,0.0,0.0,0.0,0.0,0.0,0.0,0.0,0.0,0.0,0.0,0.0,0.0,0.0,0.09801919542577091,3.1611190524811117,14.715131713293855,10.561568307126816,1.464161731672453,4.328005115089514,2.8853556270593392,nan,nan,nan,4.287849252761533,2.8696483406695723,4.364609571788413,2.899436566686858,1.0179018231523516,0.3928,0.01301,0.0,0.0,0.0,0.0,0.0,0.0,0.0,0.0,0.0,0.0,0.5636103736981827,20.682050234837625,8.735960792321832,0.018378599142332044,0.0,0.0,0.0,0.0,0.0,0.0,0.0,0.0,0.0,0.0,0.0,0.0,0.0,0.0,0.0,0.0,nan,nan,4.328005115089514,2.8853556270593392,nan,0.3928,0.06525,0.0,0.0,0.0,0.0,0.0,0.0,0.0,0.0,0.0,0.0,0.0,0.0,0.0,1.0210332856851133e-05,0.0,0.0,0.0,0.0,0.0,0.00019399632428017153,9.18929957116602e-05,0.0021543802327955892,0.014610986318153971,0.000306309985705534,0.005973044721257913,0.0029303655299162752,0.00513579742699612,0.018041658158055952,0.0055544210741270165,0.020236879722278948,0.025566673473555238,0.01638758423524607,0.05080661629569124,0.02619971411068001,0.040882172758831936,0.038166224218909535,0.061037369818256075,0.0716663263222381,0.04155605472738411,0.05709618133551154,0.05251174188278538,0.06144578313253012,0.07500510516642843,0.05671839901980805,0.02604655911782724,0.04242393302021646,0.04264856034306718,0.030876046559117826,0.036716356953236676,0.011823565448233613,0.01846028180518685,0.013702266693894221,0.0184704921380437,0.001541760261384521,0.0014702879313865632,0.0023381662242189095,0.0024096385542168677,0.0006943026342658771,9.18929957116602e-05,0.0,0.0,0.0,0.0,0.0,0.0,0.0,0.0,0.0,0.0,0.0,0.0,0.0,0.0,0.0,0.0,0.0,0.0,0.0,0.0,0.0,0.0,0.0,0.0,0.0,0.0,0.0,0.0,0.0,0.0,0.0,0.0,0.0,0.0,0.0,0.0,0.0,0.0,0.0,0.0,0.0,0.0,nan,nan,4.328005115089514,2.8853556270593392,nan,0.9284485843078444,0.022930628231205594,0.0,0.0,0.0,0.0,0.0,0.0,0.0,0.0,0.0,0.0,0.0,0.0,0.0,0.0,0.0,0.0,0.0,0.0,0.0,0.0,0.0,0.0,0.0,0.0,0.0,0.09527590313616517,3.2036522429535537,14.327113934100836,10.921000396982933,1.4529575228265188,0.9275516868138934,0.02288895467008307,0.0,0.0,0.0,0.0,0.0,0.0,0.0,0.0,0.0,0.0,0.0,0.0,0.0,0.0,0.0,0.0,0.0,0.0,0.0,0.0,0.0,0.0,0.0,0.0,0.0,0.10092514718250634,3.116063919259883,15.126156433978135,10.180824222035325,1.4760302775441552,0.3933,0.012955,0.0,0.0,0.0,0.0,0.0,0.0,0.0,0.0,0.0,0.0,0.571655418816991,20.17467248908294,9.24176260420802,0.011909487892020646,0.0,0.0,0.0,0.0,0.0,0.0,0.0,0.0,0.0,0.0,0.0,0.0,0.0,0.0,0.0,0.0,0.3926,0.01305,0.0,0.0,0.0,0.0,0.0,0.0,0.0,0.0,0.0,0.0,0.5550883095037847,21.219512195121922,8.200168208578638,0.025231286795626584,0.0,0.0,0.0,0.0,0.0,0.0,0.0,0.0,0.0,0.0,0.0,0.0,0.0,0.0,0.0,0.0
69500,4678,2421,0.5175288584865327,1115,965,0.4446344591705857,1300,0.5557930739632322,0.4400000000000001,2.9361984935755427,3.110917544341116,6.520700636942675,2.2974407291619805,9524.6182129115,1614.0072422287044,7853.0,11083.0,11083.0,0.0,7853.0,0.0,28.41000427533134,21.43669210102785,33.643607481424546,19.616808598932156,0.14493373236425822,0.0946985891406584,0.09042325780247969,0.08593415989739205,0.07973492945703292,0.07460453185121847,0.06776400171013254,0.06006840530141086,0.05814450619923044,0.05536554082941428,0.043822146216331764,0.038691748610517315,0.032706284737067125,0.027362120564343735,0.025010688328345448,0.00983326207781103,0.010902094912355708,0.9279998129710727,0.02290309332994582,0.0,0.0,0.0,0.0,0.0,0.0,0.0,0.0,0.0,0.0,0.0,0.0,0.0,0.0,0.0,0.0,0.0,0.0,0.0,0.0,0.0,0.0,0.0,0.0,0.0,0.14749893116716548,3.251389482684909,14.217614365113299,11.056006840530145,1.3274903805044895,4.191875825627477,2.8754139409839357,nan,nan,nan,4.290705339485827,2.9344406544867314,4.092653871608206,2.811415283343399,0.9538417457719541,0.393,0.01295,0.0,0.0,0.0,0.0,0.0,0.0,0.0,0.0,0.0,0.0,0.4873877725523729,20.75887131252669,8.708849935870031,0.04489097905087645,0.0,0.0,0.0,0.0,0.0,0.0,0.0,0.0,0.0,0.0,0.0,0.0,0.0,0.0,0.0,0.0,nan,nan,4.191875825627477,2.8754139409839357,nan,0.393,0.0653,0.0,0.0,0.0,0.0,0.0,0.0,0.0,0.0,0.0,0.0,0.0,0.0,0.0,0.0,0.0,0.0,0.0,6.412997007268063e-05,0.0,0.00044890979050876445,6.412997007268063e-05,0.002169730654125695,0.01456819153484395,0.00022445489525438223,0.006006840530141086,0.0027896536981616075,0.005568619067977768,0.017806755023514323,0.005162462590850791,0.019762719110731082,0.025416844805472426,0.01523086789226165,0.051592560923471566,0.027672082086361693,0.03898033347584438,0.03910859341598974,0.06054938007695596,0.07424112868747328,0.040946985891406586,0.05653056861906798,0.051496365968362545,0.05681915348439504,0.07867678495083369,0.058262077811030356,0.02543822146216332,0.039354424967935016,0.04454895254382214,0.03257802479692176,0.03694955109020949,0.012548097477554511,0.01748610517315092,0.014033775117571612,0.017764001710132534,0.0020200940572894397,0.0019345874305258658,0.0019773407439076527,0.0025224454895254383,0.0006199230440359128,6.412997007268063e-05,0.0,0.0,0.0,0.0,0.0,0.0,0.0,0.0,0.0,0.0,0.0,0.0,0.0,0.0,0.0,0.0,0.0,0.0,0.0,0.0,0.0,0.0,0.0,0.0,0.0,0.0,0.0,0.0,0.0,0.0,0.0,0.0,0.0,0.0,0.0,0.0,0.0,0.0,0.0,0.0,0.0,0.0,nan,nan,4.191875825627477,2.8754139409839357,nan,0.9280306645682507,0.022795302337063176,0.0,0.0,0.0,0.0,0.0,0.0,0.0,0.0,0.0,0.0,0.0,0.0,0.0,0.0,0.0,0.0,0.0,0.0,0.0,0.0,0.0,0.0,0.0,0.0,0.0,0.12391573729863695,3.296158612143743,14.200743494423795,11.06567534076828,1.3135068153655518,0.9279667196096336,0.023018109640076178,0.0,0.0,0.0,0.0,0.0,0.0,0.0,0.0,0.0,0.0,0.0,0.0,0.0,0.0,0.0,0.0,0.0,0.0,0.0,0.0,0.0,0.0,0.0,0.0,0.0,0.17279574656623842,3.2033673017279582,14.235711120957026,11.045635799734164,1.3424900310146213,0.3926,0.01316,0.0,0.0,0.0,0.0,0.0,0.0,0.0,0.0,0.0,0.0,0.57001239157373,20.87980173482029,8.475836431226767,0.07434944237918217,0.0,0.0,0.0,0.0,0.0,0.0,0.0,0.0,0.0,0.0,0.0,0.0,0.0,0.0,0.0,0.0,0.3936,0.012695,0.0,0.0,0.0,0.0,0.0,0.0,0.0,0.0,0.0,0.0,0.3987594151528579,20.629153743907814,8.958794860434207,0.013291980505095263,0.0,0.0,0.0,0.0,0.0,0.0,0.0,0.0,0.0,0.0,0.0,0.0,0.0,0.0,0.0,0.0
69600,5035,2589,0.5142005958291956,1241,1035,0.4520357497517378,1435,0.5700099304865939,0.4120000000000001,3.1046606704824202,3.2426536171676896,7.0,2.1853629468441915,9513.867924528302,1614.348516739637,7853.0,11083.0,11083.0,0.0,7853.0,0.0,27.66713008937438,20.54412796032982,32.55663277370537,18.776653233645895,0.1394240317775571,0.09811320754716982,0.08857994041708044,0.0955312810327706,0.08381330685203575,0.07924528301886792,0.06514399205561072,0.06256206554121152,0.05739821251241311,0.05124131082423039,0.04865938430983118,0.041906653426017876,0.03336643495531281,0.022840119165839126,0.019463753723932473,0.008738828202581926,0.003972194637537239,0.9279144571696398,0.023112994395998,0.0,0.0,0.0,0.0,0.0,0.0,0.0,0.0,0.0,0.0,0.0,0.0,0.0,0.0,0.0,0.0,0.0,0.0,0.0,0.0,0.0,0.0,0.0,0.0,0.0,0.12512413108242307,3.2115193644488587,14.526315789473687,10.605759682224432,1.5312810327706061,4.421246545901136,3.0061879554759456,nan,nan,nan,4.379589296826385,3.0550284508787877,4.45785324439054,2.95379013602327,1.0178701568251771,0.3933,0.01291,0.0,0.0,0.0,0.0,0.0,0.0,0.0,0.0,0.0,0.0,0.4766633565044688,20.502482621648433,8.991062562065542,0.0297914597815293,0.0,0.0,0.0,0.0,0.0,0.0,0.0,0.0,0.0,0.0,0.0,0.0,0.0,0.0,0.0,0.0,nan,nan,4.421246545901136,3.0061879554759456,nan,0.3933,0.0653,0.0,0.0,0.0,0.0,0.0,0.0,0.0,0.0,0.0,0.0,0.0,0.0,0.0,0.0,0.0,0.0,0.0,0.0,5.958291956305859e-05,0.0006852035749751738,0.00029791459781529296,0.002254220456802383,0.014796425024826216,0.00042701092353525323,0.005590863952333664,0.002442899702085402,0.005571002979145978,0.017189672293942405,0.005233366434955313,0.01874875868917577,0.025044687189672295,0.014955312810327706,0.05068520357497518,0.027874875868917577,0.041658391261171795,0.03961271102284012,0.05795431976166832,0.07395233366434956,0.04189672293942403,0.055998013902681235,0.05169811320754717,0.057100297914597815,0.07969215491559087,0.05706057596822244,0.02570009930486594,0.03929493545183714,0.04530287984111221,0.03178748758689176,0.03689175769612711,0.01349553128103277,0.018212512413108242,0.014518371400198609,0.017994041708043695,0.0016583912611717975,0.0016683217477656406,0.0021549155908639523,0.00240317775571003,0.00039721946375372393,3.972194637537239e-05,0.0,0.0,0.0,0.0,0.0,0.0,0.0,0.0,0.0,0.0,0.0,0.0,0.0,0.0,0.0,0.0,0.0,0.0,0.0,0.0,0.0,0.0,0.0,0.0,0.0,0.0,0.0,0.0,0.0,0.0,0.0,0.0,0.0,0.0,0.0,0.0,0.0,0.0,0.0,0.0,0.0,0.0,nan,nan,4.421246545901136,3.0061879554759456,nan,0.9278394089052695,0.02273645608457971,0.0,0.0,0.0,0.0,0.0,0.0,0.0,0.0,0.0,0.0,0.0,0.0,0.0,0.0,0.0,0.0,0.0,0.0,0.0,0.0,0.0,0.0,0.0,0.0,0.0,0.10428736964078797,3.0359212050984943,14.69293163383546,10.764774044032448,1.402085747392816,0.9279938929654103,0.023504714827683355,0.0,0.0,0.0,0.0,0.0,0.0,0.0,0.0,0.0,0.0,0.0,0.0,0.0,0.0,0.0,0.0,0.0,0.0,0.0,0.0,0.0,0.0,0.0,0.0,0.0,0.14717906786590354,3.3973834832379404,14.349959116925596,10.437448896156994,1.6680294358135737,0.393,0.012886,0.0,0.0,0.0,0.0,0.0,0.0,0.0,0.0,0.0,0.0,0.4403244495944381,20.845886442641916,8.679026651216688,0.03476245654692932,0.0,0.0,0.0,0.0,0.0,0.0,0.0,0.0,0.0,0.0,0.0,0.0,0.0,0.0,0.0,0.0,0.3936,0.012924,0.0,0.0,0.0,0.0,0.0,0.0,0.0,0.0,0.0,0.0,0.5151267375306624,20.139002452984435,9.321340964840557,0.024529844644317258,0.0,0.0,0.0,0.0,0.0,0.0,0.0,0.0,0.0,0.0,0.0,0.0,0.0,0.0,0.0,0.0
69700,4455,2367,0.5313131313131313,1138,852,0.44668911335578004,1206,0.5414141414141415,0.4160000000000001,3.0119731800766285,3.1119517374372836,6.440322580645161,2.2146112800553013,9569.141414141413,1611.8298341777506,7853.0,11083.0,11083.0,0.0,7853.0,0.0,28.724130190796856,21.095102681139796,33.571731636170774,19.289249293757834,0.13108866442199776,0.10011223344556677,0.08821548821548822,0.0861952861952862,0.0819304152637486,0.07407407407407407,0.06509539842873176,0.06554433221099888,0.06172839506172839,0.05297418630751964,0.04579124579124579,0.04377104377104377,0.038608305274971944,0.032996632996632996,0.01526374859708193,0.007407407407407408,0.00920314253647587,0.9263290006571212,0.02323926090509928,0.0,0.0,0.0,0.0,0.0,0.0,0.0,0.0,0.0,0.0,0.0,0.0,0.0,0.0,0.0,0.0,0.0,0.0,0.0,0.0,0.0,0.0,0.0,0.0,0.0,0.17508417508417515,3.663299663299664,14.821548821548825,10.175084175084177,1.1649831649831652,4.120218579234972,2.852695198856392,nan,nan,nan,4.1366417403127125,2.883122670987135,4.103021978021978,2.8224164865754293,0.9918726918110649,0.393,0.01265,0.0,0.0,0.0,0.0,0.0,0.0,0.0,0.0,0.0,0.0,0.40404040404040414,20.80134680134677,8.774410774410777,0.020202020202020204,0.0,0.0,0.0,0.0,0.0,0.0,0.0,0.0,0.0,0.0,0.0,0.0,0.0,0.0,0.0,0.0,nan,nan,4.120218579234972,2.852695198856392,nan,0.393,0.06506,0.0,0.0,0.0,0.0,0.0,0.0,0.0,0.0,0.0,0.0,0.0,0.0,0.0,0.0,0.0,0.0,0.0,1.122334455667789e-05,8.978675645342312e-05,0.00037037037037037035,0.0003479236812570146,0.002031425364758698,0.016150392817059482,0.0005723905723905724,0.005824915824915825,0.002951739618406285,0.005611672278338945,0.016745230078563413,0.004904601571268238,0.019618406285072953,0.02239057239057239,0.01271604938271605,0.0477665544332211,0.027687991021324354,0.043288439955106624,0.041290684624017956,0.06176206509539843,0.07323232323232323,0.04228956228956229,0.05951739618406285,0.051683501683501686,0.05554433221099888,0.07939393939393939,0.057744107744107744,0.026262626262626262,0.03882154882154882,0.04723905723905724,0.028967452300785634,0.03719416386083053,0.01308641975308642,0.017530864197530863,0.014545454545454545,0.015982042648709314,0.0021548821548821547,0.0013804713804713804,0.0017732884399551067,0.002839506172839506,0.0006734006734006734,1.122334455667789e-05,0.0,0.0,0.0,0.0,0.0,0.0,0.0,0.0,0.0,0.0,0.0,0.0,0.0,0.0,0.0,0.0,0.0,0.0,0.0,0.0,0.0,0.0,0.0,0.0,0.0,0.0,0.0,0.0,0.0,0.0,0.0,0.0,0.0,0.0,0.0,0.0,0.0,0.0,0.0,0.0,0.0,0.0,nan,nan,4.120218579234972,2.852695198856392,nan,0.9262049256823564,0.023192037271399058,0.0,0.0,0.0,0.0,0.0,0.0,0.0,0.0,0.0,0.0,0.0,0.0,0.0,0.0,0.0,0.0,0.0,0.0,0.0,0.0,0.0,0.0,0.0,0.0,0.0,0.16476552598225608,3.7642585551330807,14.626108998732576,10.329531051964514,1.1153358681875793,0.9264696546155831,0.023291879505148397,0.0,0.0,0.0,0.0,0.0,0.0,0.0,0.0,0.0,0.0,0.0,0.0,0.0,0.0,0.0,0.0,0.0,0.0,0.0,0.0,0.0,0.0,0.0,0.0,0.0,0.18678160919540235,3.5488505747126444,15.043103448275865,10.000000000000002,1.2212643678160922,0.3928,0.01288,0.0,0.0,0.0,0.0,0.0,0.0,0.0,0.0,0.0,0.0,0.4562737642585552,21.051964512040527,8.46641318124208,0.025348542458808625,0.0,0.0,0.0,0.0,0.0,0.0,0.0,0.0,0.0,0.0,0.0,0.0,0.0,0.0,0.0,0.0,0.3933,0.01239,0.0,0.0,0.0,0.0,0.0,0.0,0.0,0.0,0.0,0.0,0.34482758620689663,20.517241379310317,9.123563218390807,0.014367816091954026,0.0,0.0,0.0,0.0,0.0,0.0,0.0,0.0,0.0,0.0,0.0,0.0,0.0,0.0,0.0,0.0
69800,4394,2320,0.5279927173418297,1107,887,0.4538006372325899,1191,0.5421028675466545,0.4240000000000001,2.9908389585342334,3.1419967623910234,6.7304964539007095,2.100757825518398,9558.41647701411,1612.4670107274617,7853.0,11083.0,11083.0,0.0,7853.0,0.0,27.856850250341374,20.655104800097693,32.71200648999459,18.90765099996179,0.13677742375967228,0.10036413290851161,0.09649522075557579,0.08670914883932636,0.08010923987255349,0.07419208010923987,0.06781975421028676,0.06599908966772872,0.05689576695493855,0.05302685480200273,0.05166135639508421,0.0377787892580792,0.03664087391898043,0.02548930359581247,0.015020482476103778,0.00978607191624943,0.005234410559854347,0.9263392335103217,0.023198547575353855,0.0,0.0,0.0,0.0,0.0,0.0,0.0,0.0,0.0,0.0,0.0,0.0,0.0,0.0,0.0,0.0,0.0,0.0,0.0,0.0,0.0,0.0,0.0,0.0,0.0,0.1502048247610378,3.686845698680019,14.897587619481113,9.906690942193903,1.3586709148839329,4.224410833626451,2.990124788330357,nan,nan,nan,4.232244318181818,2.985411511811074,4.216724738675958,2.9947222572550527,0.9963330142734936,0.393,0.0126,0.0,0.0,0.0,0.0,0.0,0.0,0.0,0.0,0.0,0.0,0.4233045061447429,20.98088302230311,8.582157487482933,0.013654984069185257,0.0,0.0,0.0,0.0,0.0,0.0,0.0,0.0,0.0,0.0,0.0,0.0,0.0,0.0,0.0,0.0,nan,nan,4.224410833626451,2.990124788330357,nan,0.393,0.06506,0.0,0.0,0.0,0.0,0.0,0.0,0.0,0.0,0.0,0.0,0.0,0.0,0.0,0.0,0.0,0.0,0.0,3.413746017296313e-05,0.0,0.00025034137460172963,0.00012517068730086482,0.00228720983158853,0.01640873918980428,0.0003186162949476559,0.005689576695493855,0.0032885753299954482,0.00541647701411015,0.01679563040509786,0.0037892580791989076,0.022257624032771962,0.02123350022758307,0.012585343650432408,0.047234865725989984,0.027309968138370506,0.04279699590350478,0.03975876194811106,0.06517979062357761,0.07504551661356396,0.044515248065543925,0.058272644515248065,0.05,0.054335457441966314,0.0781520254893036,0.057669549385525716,0.026217569412835685,0.04004324078288575,0.04776968593536641,0.027742375967228037,0.03672052799271734,0.014041875284478835,0.01680700955848885,0.014656349567592172,0.01649977241693218,0.0025034137460172965,0.0015361857077833409,0.0015589440145653164,0.0022644515248065543,0.0008534365043240783,1.137915339098771e-05,0.0,0.0,0.0,0.0,2.275830678197542e-05,0.0,0.0,0.0,0.0,0.0,0.0,0.0,0.0,0.0,0.0,0.0,0.0,0.0,0.0,0.0,0.0,0.0,0.0,0.0,0.0,0.0,0.0,0.0,0.0,0.0,0.0,0.0,0.0,0.0,0.0,0.0,0.0,0.0,0.0,0.0,0.0,0.0,nan,nan,4.224410833626451,2.990124788330357,nan,0.926786640183679,0.022805990570074406,0.0,0.0,0.0,0.0,0.0,0.0,0.0,0.0,0.0,0.0,0.0,0.0,0.0,0.0,0.0,0.0,0.0,0.0,0.0,0.0,0.0,0.0,0.0,0.0,0.0,0.16810344827586213,3.4137931034482767,15.181034482758625,9.86637931034483,1.3706896551724141,0.9258387593144736,0.02361989996153649,0.0,0.0,0.0,0.0,0.0,0.0,0.0,0.0,0.0,0.0,0.0,0.0,0.0,0.0,0.0,0.0,0.0,0.0,0.0,0.0,0.0,0.0,0.0,0.0,0.0,0.13018322082931535,3.992285438765671,14.58052073288332,9.95178399228544,1.3452266152362586,0.393,0.01268,0.0,0.0,0.0,0.0,0.0,0.0,0.0,0.0,0.0,0.0,0.46551724137931044,20.974137931034452,8.54741379310345,0.012931034482758624,0.0,0.0,0.0,0.0,0.0,0.0,0.0,0.0,0.0,0.0,0.0,0.0,0.0,0.0,0.0,0.0,0.393,0.01253,0.0,0.0,0.0,0.0,0.0,0.0,0.0,0.0,0.0,0.0,0.37608486017357773,20.988428158148473,8.62102217936355,0.014464802314368374,0.0,0.0,0.0,0.0,0.0,0.0,0.0,0.0,0.0,0.0,0.0,0.0,0.0,0.0,0.0,0.0
69900,4597,2355,0.5122906243202089,1136,941,0.4518164020013052,1297,0.5642810528605612,0.4160000000000001,3.0535236396074934,3.1869756946304943,6.7484375,2.2003190242766504,9507.698716554274,1614.512004261332,7853.0,11083.0,11083.0,0.0,7853.0,0.0,27.764194039591036,20.75869203083798,32.64553686934023,19.034063463443637,0.13791603219490972,0.10267565803785077,0.09593212964977159,0.08331520556884925,0.08048727430933217,0.07396127909506199,0.07352621274744399,0.06482488579508375,0.061996954535566674,0.051337829018925384,0.04415923428322819,0.03611050685229498,0.033717641940395914,0.0221883837285186,0.020665651511855558,0.011311725038068305,0.005873395692843159,0.9267616003965694,0.023366020150173885,0.0,0.0,0.0,0.0,0.0,0.0,0.0,0.0,0.0,0.0,0.0,0.0,0.0,0.0,0.0,0.0,0.0,0.0,0.0,0.0,0.0,0.0,0.0,0.0,0.0,0.1174679138568632,3.7654992386338924,14.402871437894282,10.395910376332392,1.3182510332825759,4.375548801080716,2.955163640519531,nan,nan,nan,4.4109215017064844,2.9976811579779525,4.3424749163879595,2.912853861869536,0.9844824748542805,0.3926,0.01263,0.0,0.0,0.0,0.0,0.0,0.0,0.0,0.0,0.0,0.0,0.4111376984990212,21.10506852294972,8.45116380247988,0.03262997607135089,0.0,0.0,0.0,0.0,0.0,0.0,0.0,0.0,0.0,0.0,0.0,0.0,0.0,0.0,0.0,0.0,nan,nan,4.375548801080716,2.955163640519531,nan,0.3926,0.0653,0.0,0.0,0.0,0.0,0.0,0.0,0.0,0.0,0.0,0.0,0.0,0.0,0.0,0.0,0.0,0.0,0.0,0.0001631498803567544,0.0,0.00022840983249945617,6.525995214270177e-05,0.0017728953665433979,0.016706547748531652,0.0005982162279747662,0.005579725908201,0.004502936697846421,0.005601479225581902,0.015858168370676527,0.0032303676310637373,0.023471829453991733,0.022101370458994997,0.011964324559495323,0.04769414835762454,0.026560800522079618,0.043278224929301716,0.04177724603001958,0.06357407004568197,0.0791711986077877,0.044724820535131604,0.05887535349140744,0.04942353708940613,0.05137045899499674,0.0758864476832717,0.05666739177724603,0.026158364150532958,0.04030889710680879,0.048063954753099845,0.025788557755057645,0.03781814226669567,0.013911246465085925,0.01636937132912769,0.014770502501631498,0.01668479443115075,0.0025668914509462694,0.001631498803567544,0.0019469219055906026,0.0026865346965412227,0.000445943006308462,0.0,0.0,0.0,0.0,0.0,0.0,0.0,0.0,0.0,0.0,0.0,0.0,0.0,0.0,0.0,0.0,0.0,0.0,0.0,0.0,0.0,0.0,0.0,0.0,0.0,0.0,0.0,0.0,0.0,0.0,0.0,0.0,0.0,0.0,0.0,0.0,0.0,0.0,0.0,0.0,0.0,0.0,0.0,nan,nan,4.375548801080716,2.955163640519531,nan,0.9264035992561632,0.023202303160217014,0.0,0.0,0.0,0.0,0.0,0.0,0.0,0.0,0.0,0.0,0.0,0.0,0.0,0.0,0.0,0.0,0.0,0.0,0.0,0.0,0.0,0.0,0.0,0.0,0.0,0.12738853503184716,3.8089171974522302,14.56050955414013,10.203821656050957,1.299363057324841,0.927137645305426,0.023530897791550136,0.0,0.0,0.0,0.0,0.0,0.0,0.0,0.0,0.0,0.0,0.0,0.0,0.0,0.0,0.0,0.0,0.0,0.0,0.0,0.0,0.0,0.0,0.0,0.0,0.0,0.10704727921498665,3.719892952720786,14.237288135593223,10.597680642283677,1.338090990187333,0.3928,0.012726,0.0,0.0,0.0,0.0,0.0,0.0,0.0,0.0,0.0,0.0,0.4331210191082803,20.81528662420379,8.713375796178346,0.038216560509554146,0.0,0.0,0.0,0.0,0.0,0.0,0.0,0.0,0.0,0.0,0.0,0.0,0.0,0.0,0.0,0.0,0.3923,0.01253,0.0,0.0,0.0,0.0,0.0,0.0,0.0,0.0,0.0,0.0,0.3880463871543266,21.409455842997293,8.175735950044604,0.026761819803746662,0.0,0.0,0.0,0.0,0.0,0.0,0.0,0.0,0.0,0.0,0.0,0.0,0.0,0.0,0.0,0.0
70000,4600,2400,0.5217391304347826,1126,929,0.4467391304347826,1255,0.5456521739130434,0.4120000000000001,2.987727272727273,3.1114647702535416,6.5894909688013135,2.205148752731982,9538.217391304348,1613.4728128972029,7853.0,11083.0,11083.0,0.0,7853.0,0.0,28.347608695652173,21.246069578689916,33.57716371220021,19.3907339460615,0.14347826086956522,0.09782608695652174,0.09195652173913044,0.08152173913043478,0.07326086956521739,0.07152173913043479,0.07152173913043479,0.07478260869565218,0.058695652173913045,0.05543478260869565,0.0408695652173913,0.036304347826086956,0.03326086956521739,0.028478260869565217,0.018695652173913044,0.011956521739130435,0.010434782608695653,0.9269864538441533,0.02347687178387674,0.0,0.0,0.0,0.0,0.0,0.0,0.0,0.0,0.0,0.0,0.0,0.0,0.0,0.0,0.0,0.0,0.0,0.0,0.0,0.0,0.0,0.0,0.0,0.0,0.0,0.1565217391304348,3.6652173913043486,14.263043478260872,10.650000000000002,1.265217391304348,4.267610380856084,2.9087641911153184,nan,nan,nan,4.268178785857238,2.914410851692883,4.267029972752043,2.9029868404510344,0.9997308423187423,0.3923,0.0125,0.0,0.0,0.0,0.0,0.0,0.0,0.0,0.0,0.0,0.0,0.46304347826086967,21.528260869565187,7.982608695652176,0.026086956521739136,0.0,0.0,0.0,0.0,0.0,0.0,0.0,0.0,0.0,0.0,0.0,0.0,0.0,0.0,0.0,0.0,nan,nan,4.267610380856084,2.9087641911153184,nan,0.3923,0.06525,0.0,0.0,0.0,0.0,0.0,0.0,0.0,0.0,0.0,0.0,0.0,0.0,0.0,0.0,0.0,0.0,0.0,9.782608695652174e-05,0.0,9.782608695652174e-05,1.0869565217391305e-05,0.0013478260869565217,0.017423913043478262,0.0005543478260869565,0.005369565217391304,0.004521739130434782,0.005880434782608696,0.015097826086956522,0.0035978260869565216,0.02331521739130435,0.019608695652173914,0.01376086956521739,0.04992391304347826,0.026119565217391304,0.04556521739130435,0.04175,0.06835869565217391,0.07754347826086956,0.043597826086956525,0.058630434782608695,0.04835869565217391,0.04918478260869565,0.07566304347826087,0.05496739130434783,0.024684782608695652,0.0406195652173913,0.04819565217391304,0.02716304347826087,0.03871739130434783,0.014652173913043479,0.014956521739130434,0.016065217391304346,0.014782608695652174,0.0028804347826086956,0.001891304347826087,0.0025,0.0020652173913043477,0.0004782608695652174,0.0,0.0,0.0,0.0,0.0,0.0,0.0,0.0,0.0,0.0,0.0,0.0,0.0,0.0,0.0,0.0,0.0,0.0,0.0,0.0,0.0,0.0,0.0,0.0,0.0,0.0,0.0,0.0,0.0,0.0,0.0,0.0,0.0,0.0,0.0,0.0,0.0,0.0,0.0,0.0,0.0,0.0,0.0,nan,nan,4.267610380856084,2.9087641911153184,nan,0.9274171362817287,0.02316220186336296,0.0,0.0,0.0,0.0,0.0,0.0,0.0,0.0,0.0,0.0,0.0,0.0,0.0,0.0,0.0,0.0,0.0,0.0,0.0,0.0,0.0,0.0,0.0,0.0,0.0,0.1375,3.412500000000001,14.312500000000004,10.875000000000004,1.2625000000000002,0.9265166184577075,0.023806522240292716,0.0,0.0,0.0,0.0,0.0,0.0,0.0,0.0,0.0,0.0,0.0,0.0,0.0,0.0,0.0,0.0,0.0,0.0,0.0,0.0,0.0,0.0,0.0,0.0,0.0,0.17727272727272733,3.940909090909092,14.209090909090913,10.404545454545456,1.2681818181818183,0.3923,0.01254,0.0,0.0,0.0,0.0,0.0,0.0,0.0,0.0,0.0,0.0,0.4750000000000001,21.27499999999997,8.212500000000002,0.037500000000000006,0.0,0.0,0.0,0.0,0.0,0.0,0.0,0.0,0.0,0.0,0.0,0.0,0.0,0.0,0.0,0.0,0.3923,0.01245,0.0,0.0,0.0,0.0,0.0,0.0,0.0,0.0,0.0,0.0,0.4500000000000001,21.804545454545423,7.731818181818183,0.01363636363636364,0.0,0.0,0.0,0.0,0.0,0.0,0.0,0.0,0.0,0.0,0.0,0.0,0.0,0.0,0.0,0.0
70100,4565,2389,0.523329682365827,1096,938,0.4455640744797371,1297,0.568236582694414,0.4240000000000001,3.051470588235294,3.0666789685576434,6.315467075038285,2.2962162706562537,9543.35487404162,1613.2410368442067,7853.0,11083.0,11083.0,0.0,7853.0,0.0,28.624534501642934,21.173949421241147,33.806595132164354,19.24160138116807,0.140197152245345,0.09485213581599124,0.0900328587075575,0.08127053669222344,0.07754654983570647,0.07316538882803943,0.06944140197152246,0.06768893756845563,0.061774370208105146,0.054983570646221246,0.04950711938663746,0.03986856516976999,0.03329682365826944,0.025410733844468784,0.021029572836801753,0.01226725082146769,0.007667031763417305,0.926127906853633,0.02278666277854195,0.0,0.0,0.0,0.0,0.0,0.0,0.0,0.0,0.0,0.0,0.0,0.0,0.0,0.0,0.0,0.0,0.0,0.0,0.0,0.0,0.0,0.0,0.0,0.0,0.006571741511500549,0.13143483023001098,3.5750273822562986,15.029572836801755,9.975903614457833,1.281489594742607,4.231283422459893,2.856058381024702,nan,nan,nan,4.347677595628415,2.876087594691715,4.121152586771447,2.8326595105511654,0.9478974685048545,0.3926,0.012535,0.0,0.0,0.0,0.0,0.0,0.0,0.0,0.0,0.0,0.0,0.552026286966046,21.23986856516974,8.181818181818183,0.026286966046002197,0.0,0.0,0.0,0.0,0.0,0.0,0.0,0.0,0.0,0.0,0.0,0.0,0.0,0.0,0.0,0.0,nan,nan,4.231283422459893,2.856058381024702,nan,0.3926,0.0654,0.0,0.0,0.0,0.0,0.0,0.0,0.0,0.0,0.0,0.0,0.0,0.0,0.0,0.0,0.0,0.0,0.0,2.190580503833516e-05,0.0,7.667031763417306e-05,1.095290251916758e-05,0.0017634173055859803,0.016746987951807228,0.0009090909090909091,0.0052464403066812704,0.0049616648411829134,0.0061445783132530124,0.014424972617743703,0.0038663745892661555,0.02217962760131435,0.019309967141292444,0.01403066812705367,0.051456736035049286,0.024282584884994525,0.04446878422782037,0.04181818181818182,0.06851040525739321,0.07974808324205915,0.04352683461117196,0.05521358159912377,0.049386637458926616,0.052508214676889375,0.07623220153340635,0.054359255202628694,0.02170865279299014,0.03926615553121577,0.04926615553121577,0.02764512595837897,0.03978094194961665,0.014414019715224534,0.014392113910186199,0.01647316538882804,0.01534501642935378,0.0028806133625410733,0.002135815991237678,0.002190580503833516,0.0026944140197152247,0.0006024096385542169,0.0,0.0,0.0,0.0,0.0,0.0,0.0,0.0,0.0,0.0,0.0,0.0,0.0,0.0,0.0,0.0,0.0,0.0,0.0,0.0,0.0,0.0,0.0,0.0,0.0,0.0,0.0,0.0,0.0,0.0,0.0,0.0,0.0,0.0,0.0,0.0,0.0,0.0,0.0,0.0,0.0,0.0,0.0,nan,nan,4.231283422459893,2.856058381024702,nan,0.9259974703024301,0.02301102807148114,0.0,0.0,0.0,0.0,0.0,0.0,0.0,0.0,0.0,0.0,0.0,0.0,0.0,0.0,0.0,0.0,0.0,0.0,0.0,0.0,0.0,0.0,0.0,0.0,0.0,0.17580577647551282,3.754709083298452,14.805357890330685,9.94558392632901,1.3185433235663462,0.9262711113209233,0.022536893803944823,0.0,0.0,0.0,0.0,0.0,0.0,0.0,0.0,0.0,0.0,0.0,0.0,0.0,0.0,0.0,0.0,0.0,0.0,0.0,0.0,0.0,0.0,0.0,0.0,0.013786764705882356,0.08272058823529413,3.3777573529411775,15.27573529411765,10.00919117647059,1.240808823529412,0.3928,0.0124,0.0,0.0,0.0,0.0,0.0,0.0,0.0,0.0,0.0,0.0,0.539974884889075,21.285056508999553,8.149853495186273,0.025115110925073257,0.0,0.0,0.0,0.0,0.0,0.0,0.0,0.0,0.0,0.0,0.0,0.0,0.0,0.0,0.0,0.0,0.3926,0.01269,0.0,0.0,0.0,0.0,0.0,0.0,0.0,0.0,0.0,0.0,0.5652573529411766,21.190257352941146,8.216911764705884,0.027573529411764712,0.0,0.0,0.0,0.0,0.0,0.0,0.0,0.0,0.0,0.0,0.0,0.0,0.0,0.0,0.0,0.0
70200,4601,2400,0.5216257335361878,1138,929,0.4492501630080417,1268,0.5511845251032385,0.4280000000000001,2.9422989550204455,3.1122912934913147,6.592039800995025,2.1738845678881193,9537.851119321887,1613.4887111874934,7853.0,11083.0,11083.0,0.0,7853.0,0.0,27.266463812214734,20.381608852882824,32.38493723849373,18.547881131065292,0.14627254944577267,0.09584872853727451,0.09454466420343403,0.08824168658987176,0.08606824603347099,0.07541838730710715,0.06781134535970441,0.06715931319278418,0.056074766355140186,0.05346663768745925,0.043034123016735495,0.04238209084981526,0.03260160834601174,0.023255813953488372,0.01608346011736579,0.006955009780482504,0.004781569224081721,0.9258700425897933,0.022822627933635677,0.0,0.0,0.0,0.0,0.0,0.0,0.0,0.0,0.0,0.0,0.0,0.0,0.0,0.0,0.0,0.0,0.0,0.0,0.0,0.0,0.0,0.0,0.0,0.0,0.0,0.18256900673766577,3.5470549880460776,15.035861769180617,10.165181482286462,1.0693327537491852,4.223171565276829,2.9277742840475636,nan,nan,nan,4.231649831649832,2.9057370927987103,4.210416666666666,2.947367440002839,0.9949822963080839,0.3923,0.012505,0.0,0.0,0.0,0.0,0.0,0.0,0.0,0.0,0.0,0.0,0.4955444468593785,21.295370571614836,8.183003694848948,0.026081286676809395,0.0,0.0,0.0,0.0,0.0,0.0,0.0,0.0,0.0,0.0,0.0,0.0,0.0,0.0,0.0,0.0,nan,nan,4.223171565276829,2.9277742840475636,nan,0.3923,0.0657,0.0,0.0,0.0,0.0,0.0,0.0,0.0,0.0,0.0,0.0,0.0,0.0,0.0,0.0,0.0,0.0,0.0,0.0,0.0,6.520321669202347e-05,0.0,0.0017061508367746143,0.01783307976526842,0.0006628993697022387,0.0056183438382960225,0.005324929363181917,0.005737883068898065,0.014105629211041078,0.004509889154531623,0.02116931101934362,0.020223864377309282,0.014485981308411215,0.0524994566398609,0.023353618778526406,0.04293631819169746,0.04144751141056292,0.06986524668550315,0.07676592045207564,0.04387089763094979,0.058052597261464896,0.05119539230602043,0.053488372093023255,0.07417952618995871,0.053434036079113234,0.021288850249945663,0.03643773092805912,0.04851119321886546,0.027559226255161922,0.04255596609432732,0.013605737883068897,0.015409693544881548,0.01621386655074984,0.016257335361877852,0.0024451206259508804,0.00219517496196479,0.001619213214518583,0.0028146055205390133,0.0005542273418821995,0.0,0.0,0.0,0.0,0.0,0.0,0.0,0.0,0.0,0.0,0.0,0.0,0.0,0.0,0.0,0.0,0.0,0.0,0.0,0.0,0.0,0.0,0.0,0.0,0.0,0.0,0.0,0.0,0.0,0.0,0.0,0.0,0.0,0.0,0.0,0.0,0.0,0.0,0.0,0.0,0.0,0.0,0.0,nan,nan,4.223171565276829,2.9277742840475636,nan,0.925827050358057,0.02284256321726615,0.0,0.0,0.0,0.0,0.0,0.0,0.0,0.0,0.0,0.0,0.0,0.0,0.0,0.0,0.0,0.0,0.0,0.0,0.0,0.0,0.0,0.0,0.0,0.0,0.0,0.17500000000000004,3.6125000000000007,15.000000000000004,10.137500000000001,1.0750000000000002,0.9259169218974567,0.022800777977810886,0.0,0.0,0.0,0.0,0.0,0.0,0.0,0.0,0.0,0.0,0.0,0.0,0.0,0.0,0.0,0.0,0.0,0.0,0.0,0.0,0.0,0.0,0.0,0.0,0.0,0.19082235347569293,3.4756928668786924,15.07496592457974,10.195365742844164,1.0631531122217177,0.3926,0.0126,0.0,0.0,0.0,0.0,0.0,0.0,0.0,0.0,0.0,0.0,0.4250000000000001,21.22499999999997,8.312500000000002,0.037500000000000006,0.0,0.0,0.0,0.0,0.0,0.0,0.0,0.0,0.0,0.0,0.0,0.0,0.0,0.0,0.0,0.0,0.3923,0.01239,0.0,0.0,0.0,0.0,0.0,0.0,0.0,0.0,0.0,0.0,0.5724670604270787,21.37210358927757,8.041799182189916,0.013630168105406636,0.0,0.0,0.0,0.0,0.0,0.0,0.0,0.0,0.0,0.0,0.0,0.0,0.0,0.0,0.0,0.0
70300,4656,2421,0.5199742268041238,1181,937,0.45489690721649484,1296,0.5567010309278351,0.4280000000000001,2.9543624161073825,3.1467710069562673,6.657894736842105,2.272852552578317,9532.51675257732,1613.7108131994646,7853.0,11083.0,11083.0,0.0,7853.0,0.0,27.924613402061855,20.73939580870995,32.92059426229508,18.916510538636025,0.14218213058419243,0.09879725085910653,0.09149484536082474,0.0822594501718213,0.07624570446735396,0.08011168384879726,0.07216494845360824,0.06443298969072164,0.058419243986254296,0.054982817869415807,0.05154639175257732,0.03801546391752577,0.0313573883161512,0.022336769759450172,0.01804123711340206,0.012242268041237113,0.0053694158075601375,0.9273495286882333,0.022630351391675924,0.0,0.0,0.0,0.0,0.0,0.0,0.0,0.0,0.0,0.0,0.0,0.0,0.0,0.0,0.0,0.0,0.0,0.0,0.0,0.0,0.0,0.0,0.0,0.0,0.0,0.12242268041237116,3.3118556701030935,14.652061855670107,10.708762886597942,1.204896907216495,4.2152823920265785,2.9210256817103737,nan,nan,nan,4.27381745502998,2.905170220139111,4.157057654075547,2.935554463911802,0.9726802086932806,0.3923,0.01313,0.0,0.0,0.0,0.0,0.0,0.0,0.0,0.0,0.0,0.0,0.5992268041237114,21.06958762886595,8.286082474226806,0.04510309278350517,0.0,0.0,0.0,0.0,0.0,0.0,0.0,0.0,0.0,0.0,0.0,0.0,0.0,0.0,0.0,0.0,nan,nan,4.2152823920265785,2.9210256817103737,nan,0.3923,0.06586,0.0,0.0,0.0,0.0,0.0,0.0,0.0,0.0,0.0,0.0,0.0,0.0,0.0,0.0,0.0,0.0,0.0,0.0,0.0,0.00011812714776632302,7.517182130584193e-05,0.0018256013745704468,0.01719286941580756,0.0007087628865979381,0.00546606529209622,0.005949312714776632,0.00546606529209622,0.014239690721649484,0.0049076460481099655,0.020500429553264605,0.021563573883161512,0.014690721649484536,0.05259879725085911,0.021209192439862544,0.043631872852233675,0.042751288659793815,0.07029639175257732,0.07469931271477663,0.04326675257731959,0.06055627147766323,0.0499463058419244,0.052566580756013746,0.07446305841924399,0.05265249140893471,0.02230455326460481,0.0359643470790378,0.04940936426116838,0.027233676975945018,0.04265463917525773,0.012671821305841924,0.01528135738831615,0.016215635738831616,0.017085481099656356,0.0017933848797250858,0.00234106529209622,0.0018900343642611684,0.002996134020618557,0.0006980240549828179,0.00010738831615120275,0.0,1.0738831615120276e-05,0.0,0.0,0.0,0.0,0.0,0.0,0.0,0.0,0.0,0.0,0.0,0.0,0.0,0.0,0.0,0.0,0.0,0.0,0.0,0.0,0.0,0.0,0.0,0.0,0.0,0.0,0.0,0.0,0.0,0.0,0.0,0.0,0.0,0.0,0.0,0.0,0.0,0.0,0.0,0.0,nan,nan,4.2152823920265785,2.9210256817103737,nan,0.9271378349735933,0.022206730765692632,0.0,0.0,0.0,0.0,0.0,0.0,0.0,0.0,0.0,0.0,0.0,0.0,0.0,0.0,0.0,0.0,0.0,0.0,0.0,0.0,0.0,0.0,0.0,0.0,0.0,0.09913258983890956,3.3705080545229253,14.72118959107807,10.73110285006196,1.0780669144981414,0.9275788398663737,0.023078264471982805,0.0,0.0,0.0,0.0,0.0,0.0,0.0,0.0,0.0,0.0,0.0,0.0,0.0,0.0,0.0,0.0,0.0,0.0,0.0,0.0,0.0,0.0,0.0,0.0,0.0,0.14765100671140943,3.2483221476510074,14.577181208053695,10.684563758389263,1.3422818791946312,0.3923,0.01317,0.0,0.0,0.0,0.0,0.0,0.0,0.0,0.0,0.0,0.0,0.5576208178438663,21.35068153655511,8.054522924411401,0.03717472118959109,0.0,0.0,0.0,0.0,0.0,0.0,0.0,0.0,0.0,0.0,0.0,0.0,0.0,0.0,0.0,0.0,0.3926,0.0131,0.0,0.0,0.0,0.0,0.0,0.0,0.0,0.0,0.0,0.0,0.6442953020134229,20.76510067114091,8.536912751677853,0.05369127516778525,0.0,0.0,0.0,0.0,0.0,0.0,0.0,0.0,0.0,0.0,0.0,0.0,0.0,0.0,0.0,0.0
70400,4941,2602,0.5266140457397288,1268,946,0.44808743169398907,1367,0.5533292855697227,0.4000000000000001,3.049593843522873,3.0974100749433484,6.46879334257975,2.1847878590821694,9553.963367739325,1612.7105442102477,7853.0,11083.0,11083.0,0.0,7853.0,0.0,28.74924104432301,20.924098864892976,33.633947809432605,19.05257337261543,0.13438575187209068,0.0951224448492208,0.08884841125278284,0.08277676583687513,0.07852661404573973,0.07569317951831613,0.0678000404776361,0.06678809957498483,0.06274033596437968,0.05343047965998786,0.05383525602104837,0.042501517911353974,0.03541793159279498,0.028131957093705726,0.016798218984011334,0.011131349929164137,0.006071645415907711,0.9283599683785337,0.0229120868504282,0.0,0.0,0.0,0.0,0.0,0.0,0.0,0.0,0.0,0.0,0.0,0.0,0.0,0.0,0.0,0.0,0.0,0.0,0.0,0.0,0.0,0.0,0.0,0.0,0.0,0.0971463266545234,3.1754705525197338,14.0922890103218,11.244687310261083,1.3904068002428662,4.151348039215686,2.8761844357204334,nan,nan,nan,4.032435740514076,2.8492607757144555,4.268262737875998,2.8974459216640405,1.0584825183926816,0.393,0.01302,0.0,0.0,0.0,0.0,0.0,0.0,0.0,0.0,0.0,0.0,0.6253794778384945,20.564663023679387,8.785670916818459,0.02428658166363085,0.0,0.0,0.0,0.0,0.0,0.0,0.0,0.0,0.0,0.0,0.0,0.0,0.0,0.0,0.0,0.0,nan,nan,4.151348039215686,2.8761844357204334,nan,0.393,0.0659,0.0,0.0,0.0,0.0,0.0,0.0,0.0,0.0,0.0,0.0,0.0,0.0,0.0,0.0,0.0,0.0,0.0,0.0,1.0119409026512851e-05,0.00010119409026512852,0.00012143290831815422,0.0015179113539769277,0.016879174256223435,0.00047561222424610404,0.006425824731835661,0.0050394656952034,0.004816838696620117,0.01387370977534912,0.004857316332726169,0.019500101194090264,0.021382311273021655,0.0151183970856102,0.051173851447075494,0.023122849625581865,0.045476624165148756,0.043209876543209874,0.0686601902448897,0.07584497065371382,0.04329083181542198,0.05838899008297915,0.05327868852459016,0.05185185185185185,0.07808136004857316,0.04917020845982595,0.02139243068204817,0.032776765836875124,0.04838089455575794,0.026219388787694798,0.04381704108480065,0.0140153815017203,0.014652904270390609,0.017729204614450517,0.01813398097551103,0.002266747621938879,0.0025197328476017,0.002276867030965392,0.0034709572960939083,0.0004654928152195912,0.00021250758955676988,0.0,0.0,0.0,0.0,0.0,0.0,0.0,0.0,0.0,0.0,0.0,0.0,0.0,0.0,0.0,0.0,0.0,0.0,0.0,0.0,0.0,0.0,0.0,0.0,0.0,0.0,0.0,0.0,0.0,0.0,0.0,0.0,0.0,0.0,0.0,0.0,0.0,0.0,0.0,0.0,0.0,0.0,nan,nan,4.151348039215686,2.8761844357204334,nan,0.9288330496640319,0.02266618942461682,0.0,0.0,0.0,0.0,0.0,0.0,0.0,0.0,0.0,0.0,0.0,0.0,0.0,0.0,0.0,0.0,0.0,0.0,0.0,0.0,0.0,0.0,0.0,0.0,0.0,0.11529592621060725,3.055342044581092,13.973866256725598,11.368178324365875,1.4873174481168336,0.9278336932588817,0.023171222717697917,0.0,0.0,0.0,0.0,0.0,0.0,0.0,0.0,0.0,0.0,0.0,0.0,0.0,0.0,0.0,0.0,0.0,0.0,0.0,0.0,0.0,0.0,0.0,0.0,0.0,0.07695596408721678,3.3091064557503214,14.224027362120568,11.107310816588289,1.2825994014536128,0.3928,0.012924,0.0,0.0,0.0,0.0,0.0,0.0,0.0,0.0,0.0,0.0,0.6917755572636435,20.672559569561844,8.624135280553421,0.011529592621060725,0.0,0.0,0.0,0.0,0.0,0.0,0.0,0.0,0.0,0.0,0.0,0.0,0.0,0.0,0.0,0.0,0.393,0.01313,0.0,0.0,0.0,0.0,0.0,0.0,0.0,0.0,0.0,0.0,0.5515177426250535,20.444634459170558,8.965369816160754,0.03847798204360839,0.0,0.0,0.0,0.0,0.0,0.0,0.0,0.0,0.0,0.0,0.0,0.0,0.0,0.0,0.0,0.0
70500,4997,2597,0.5197118270962577,1235,1032,0.4536722033219932,1425,0.5703422053231939,0.38800000000000007,2.9358333333333335,3.075854781827141,6.572901325478645,2.1118019528483742,9531.669201520912,1613.7444756768925,7853.0,11083.0,11083.0,0.0,7853.0,0.0,27.976585951570943,20.641630222688732,32.62075471698113,18.953295212980837,0.13388032819691814,0.10046027616569941,0.09685811486892135,0.08585151090654393,0.08324994996998199,0.07364418651190714,0.06924154492695618,0.060236141685011006,0.059235541324794874,0.05723434060436262,0.04722833700220132,0.043225935561336803,0.032619571743045826,0.02561536922153292,0.015409245547328396,0.011006603962377426,0.005003001801080648,0.9287908475995899,0.023368947144858796,0.0,0.0,0.0,0.0,0.0,0.0,0.0,0.0,0.0,0.0,0.0,0.0,0.0,0.0,0.0,0.0,0.0,0.0,0.0,0.0,0.0,0.0,0.0,0.0,0.0,0.10206123674204524,3.1759055433259964,13.976385831498902,11.286772063237946,1.4588753251951174,4.205222734254992,2.900760598043838,nan,nan,nan,4.195882719900188,2.8687762193748214,4.216838279830406,2.930485961132615,1.0049943149818823,0.3926,0.01272,0.0,0.0,0.0,0.0,0.0,0.0,0.0,0.0,0.0,0.0,0.5043025815489295,20.916549929957945,8.567140284170504,0.012007204322593558,0.0,0.0,0.0,0.0,0.0,0.0,0.0,0.0,0.0,0.0,0.0,0.0,0.0,0.0,0.0,0.0,nan,nan,4.205222734254992,2.900760598043838,nan,0.3926,0.06586,0.0,0.0,0.0,0.0,0.0,0.0,0.0,0.0,0.0,0.0,0.0,0.0,0.0,0.0,3.001801080648389e-05,0.0,0.0,1.0006003602161296e-05,0.0,5.003001801080648e-05,0.00021012607564538724,0.0015009005403241946,0.016029617770662398,0.00054032419451671,0.007284370622373424,0.004722833700220132,0.00586351811086652,0.014468681208725236,0.004062437462477486,0.018220932559535722,0.02182309385631379,0.015059035421252752,0.050520312187312386,0.024124474684810885,0.04572743646187712,0.04515709425655393,0.06872123273964378,0.07694616770062038,0.041344806884130475,0.05905543325995597,0.05393235941564939,0.05260156093656194,0.07979787872723634,0.04789873924354613,0.019711827096257753,0.031548929357614566,0.04765859515709426,0.026886131679007403,0.043486091654992995,0.01381829097458475,0.014838903342005202,0.016619971983189916,0.01906143686211727,0.001821092655593356,0.002461476886131679,0.00216129677806684,0.0035121072643586153,0.00041024614768861315,0.0002901741044626776,1.0006003602161296e-05,0.0,0.0,0.0,0.0,0.0,0.0,0.0,0.0,0.0,0.0,0.0,0.0,0.0,0.0,0.0,0.0,0.0,0.0,0.0,0.0,0.0,0.0,0.0,0.0,0.0,0.0,0.0,0.0,0.0,0.0,0.0,0.0,0.0,0.0,0.0,0.0,0.0,0.0,0.0,0.0,0.0,nan,nan,4.205222734254992,2.900760598043838,nan,0.9280351706546318,0.023262459067155628,0.0,0.0,0.0,0.0,0.0,0.0,0.0,0.0,0.0,0.0,0.0,0.0,0.0,0.0,0.0,0.0,0.0,0.0,0.0,0.0,0.0,0.0,0.0,0.0,0.0,0.13862148633038124,3.1305352329611096,14.462841740469775,10.927993839045055,1.3400077011936853,0.9296085530271133,0.023456223405557752,0.0,0.0,0.0,0.0,0.0,0.0,0.0,0.0,0.0,0.0,0.0,0.0,0.0,0.0,0.0,0.0,0.0,0.0,0.0,0.0,0.0,0.0,0.0,0.0,0.0,0.06250000000000001,3.225000000000001,13.450000000000003,11.675000000000002,1.5875000000000004,0.3926,0.01281,0.0,0.0,0.0,0.0,0.0,0.0,0.0,0.0,0.0,0.0,0.5775895263765884,20.758567577974556,8.652291105121295,0.011551790527531771,0.0,0.0,0.0,0.0,0.0,0.0,0.0,0.0,0.0,0.0,0.0,0.0,0.0,0.0,0.0,0.0,0.3926,0.01262,0.0,0.0,0.0,0.0,0.0,0.0,0.0,0.0,0.0,0.0,0.4250000000000001,21.08749999999997,8.475000000000001,0.012500000000000002,0.0,0.0,0.0,0.0,0.0,0.0,0.0,0.0,0.0,0.0,0.0,0.0,0.0,0.0,0.0,0.0
70600,4648,2465,0.5303356282271945,1172,925,0.4511617900172117,1267,0.5451807228915663,0.4080000000000001,3.0132844709115894,3.0667198833662908,6.423493044822257,2.0928829519516525,9565.984079173839,1612.0248509959313,7853.0,11083.0,11083.0,0.0,7853.0,0.0,28.33326161790017,21.018396057706518,33.26417986714359,19.236970173752916,0.13790877796901893,0.09358864027538727,0.09617039586919104,0.08605851979345955,0.07981927710843373,0.07551635111876076,0.0673407917383821,0.06282271944922548,0.058519793459552494,0.050774526678141134,0.05378657487091222,0.04195352839931153,0.03420826161790017,0.022590361445783132,0.018287435456110154,0.012693631669535283,0.007960413080895009,0.9292522416467716,0.02357569640908588,0.0,0.0,0.0,0.0,0.0,0.0,0.0,0.0,0.0,0.0,0.0,0.0,0.0,0.0,0.0,0.0,0.0,0.0,0.0,0.0,0.0,0.0,0.0,0.0,0.0,0.17426850258175564,3.078743545611016,14.07056798623064,10.92082616179002,1.7555938037865753,4.181998676373262,2.887356949679512,nan,nan,nan,4.150326797385621,2.882607846686509,4.214477211796247,2.891858694785536,1.0154567140233475,0.3928,0.012924,0.0,0.0,0.0,0.0,0.0,0.0,0.0,0.0,0.0,0.0,0.6454388984509467,20.67340791738379,8.655335628227196,0.025817555938037872,0.0,0.0,0.0,0.0,0.0,0.0,0.0,0.0,0.0,0.0,0.0,0.0,0.0,0.0,0.0,0.0,nan,nan,4.181998676373262,2.887356949679512,nan,0.3928,0.0654,0.0,0.0,0.0,0.0,0.0,0.0,0.0,0.0,0.0,0.0,0.0,0.0,0.0,0.0,0.0,0.0,0.0,0.0,0.0,0.00013984509466437176,0.00013984509466437176,0.0014414802065404475,0.014952667814113597,0.00041953528399311533,0.008154044750430292,0.004722461273666093,0.0056260757314974185,0.013844664371772805,0.004109294320137694,0.018416523235800345,0.020546471600688468,0.014554647160068847,0.049537435456110154,0.02407487091222031,0.04578313253012048,0.04677280550774527,0.06976118760757315,0.07578528399311532,0.04458907056798623,0.05768072289156626,0.05205464716006885,0.050720740103270226,0.08012048192771085,0.05272160068846816,0.020879948364888126,0.03015275387263339,0.04994621342512909,0.025935886402753874,0.04199655765920826,0.014855851979345955,0.014737521514629948,0.01566265060240964,0.017190189328743544,0.0021729776247848536,0.0026785714285714286,0.002280550774526678,0.004238382099827883,0.00015060240963855423,0.00045180722891566266,0.0,0.0,0.0,0.0,0.0,0.0,0.0,0.0,0.0,0.0,0.0,0.0,0.0,0.0,0.0,0.0,0.0,0.0,0.0,0.0,0.0,0.0,0.0,0.0,0.0,0.0,0.0,0.0,0.0,0.0,0.0,0.0,0.0,0.0,0.0,0.0,0.0,0.0,0.0,0.0,0.0,0.0,nan,nan,4.181998676373262,2.887356949679512,nan,0.9291101707406266,0.023838570423476278,0.0,0.0,0.0,0.0,0.0,0.0,0.0,0.0,0.0,0.0,0.0,0.0,0.0,0.0,0.0,0.0,0.0,0.0,0.0,0.0,0.0,0.0,0.0,0.0,0.0,0.18255578093306293,3.2373225152129823,13.910750507099394,10.953346855983776,1.7160243407707914,0.9294126652764771,0.023274253116571497,0.0,0.0,0.0,0.0,0.0,0.0,0.0,0.0,0.0,0.0,0.0,0.0,0.0,0.0,0.0,0.0,0.0,0.0,0.0,0.0,0.0,0.0,0.0,0.0,0.0,0.16491067338524967,2.899679340357307,14.251030691708662,10.884104443426478,1.8002748511223092,0.3928,0.01275,0.0,0.0,0.0,0.0,0.0,0.0,0.0,0.0,0.0,0.0,0.5476673427991887,20.71399594320484,8.726166328600407,0.012170385395537529,0.0,0.0,0.0,0.0,0.0,0.0,0.0,0.0,0.0,0.0,0.0,0.0,0.0,0.0,0.0,0.0,0.3928,0.01313,0.0,0.0,0.0,0.0,0.0,0.0,0.0,0.0,0.0,0.0,0.7558405863490611,20.627576729271613,8.575355016032983,0.04122766834631242,0.0,0.0,0.0,0.0,0.0,0.0,0.0,0.0,0.0,0.0,0.0,0.0,0.0,0.0,0.0,0.0
70700,4695,2394,0.5099041533546326,1105,994,0.4470713525026624,1337,0.569542066027689,0.4080000000000001,2.9895697522816165,3.10736110473596,6.662420382165605,2.1416528533583454,9499.990415335464,1614.6831309351892,7853.0,11083.0,11083.0,0.0,7853.0,0.0,27.073695420660275,20.422744641635063,32.091048593350386,18.698110376105518,0.14419595314164005,0.0979765708200213,0.10181043663471778,0.08903088391906283,0.08285410010649627,0.08008519701810436,0.06922257720979766,0.05921192758253461,0.055378061767838126,0.0523961661341853,0.044089456869009586,0.03855165069222577,0.032161874334398294,0.02321618743343983,0.015335463258785943,0.008093716719914802,0.006389776357827476,0.9287993727781522,0.022742734527571192,0.0,0.0,0.0,0.0,0.0,0.0,0.0,0.0,0.0,0.0,0.0,0.0,0.0,0.0,0.0,0.0,0.0,0.0,0.0,0.0,0.0,0.0,0.0,0.0,0.0,0.11501597444089459,3.0734824281150166,13.916932907348246,11.62939297124601,1.2651757188498405,4.349932705248991,2.8983490675107317,nan,nan,nan,4.362483311081442,2.9048290397868577,4.337177747625509,2.8916929001278846,0.9941992755842406,0.3923,0.01295,0.0,0.0,0.0,0.0,0.0,0.0,0.0,0.0,0.0,0.0,0.6325878594249202,21.239616613418498,8.102236421725241,0.02555910543130991,0.0,0.0,0.0,0.0,0.0,0.0,0.0,0.0,0.0,0.0,0.0,0.0,0.0,0.0,0.0,0.0,nan,nan,4.349932705248991,2.8983490675107317,nan,0.3923,0.06537,0.0,0.0,0.0,0.0,0.0,0.0,0.0,0.0,0.0,0.0,0.0,0.0,0.0,0.0,0.0,0.0,0.0,7.454739084132056e-05,0.0,0.00022364217252396167,0.00011714589989350373,0.0009584664536741214,0.016315228966986155,0.000564430244941427,0.009361022364217252,0.005292864749733759,0.005175718849840256,0.012268370607028754,0.004483493077742279,0.01698615548455804,0.019158679446219382,0.0143024494142705,0.04973375931842385,0.024387646432374867,0.04777422790202343,0.04892438764643237,0.06757188498402555,0.07889243876464323,0.04326943556975506,0.059701810436634715,0.05095846645367412,0.051863684771033015,0.0791160809371672,0.05059637912673057,0.021458998935037273,0.029446219382321618,0.05057507987220447,0.025718849840255593,0.0420234291799787,0.015410010649627263,0.014547390841320553,0.01582534611288605,0.015069222577209797,0.0016826411075612354,0.002641107561235357,0.002523961661341853,0.0044941427050053245,0.00025559105431309905,0.00024494142705005324,0.0,1.0649627263045793e-05,0.0,0.0,0.0,0.0,0.0,0.0,0.0,0.0,0.0,0.0,0.0,0.0,0.0,0.0,0.0,0.0,0.0,0.0,0.0,0.0,0.0,0.0,0.0,0.0,0.0,0.0,0.0,0.0,0.0,0.0,0.0,0.0,0.0,0.0,0.0,0.0,0.0,0.0,0.0,0.0,nan,nan,4.349932705248991,2.8983490675107317,nan,0.928860139353831,0.022357228718945767,0.0,0.0,0.0,0.0,0.0,0.0,0.0,0.0,0.0,0.0,0.0,0.0,0.0,0.0,0.0,0.0,0.0,0.0,0.0,0.0,0.0,0.0,0.0,0.0,0.0,0.08771929824561406,3.020050125313284,13.85964912280702,11.929824561403512,1.1027568922305766,0.9287361501870286,0.023136835097377503,0.0,0.0,0.0,0.0,0.0,0.0,0.0,0.0,0.0,0.0,0.0,0.0,0.0,0.0,0.0,0.0,0.0,0.0,0.0,0.0,0.0,0.0,0.0,0.0,0.0,0.14341590612777055,3.1290743155149943,13.97653194263364,11.316818774445895,1.4341590612777058,0.3923,0.013054,0.0,0.0,0.0,0.0,0.0,0.0,0.0,0.0,0.0,0.0,0.6641604010025065,21.165413533834556,8.145363408521305,0.025062656641604016,0.0,0.0,0.0,0.0,0.0,0.0,0.0,0.0,0.0,0.0,0.0,0.0,0.0,0.0,0.0,0.0,0.3923,0.01283,0.0,0.0,0.0,0.0,0.0,0.0,0.0,0.0,0.0,0.0,0.5997392438070405,21.31681877444586,8.05736636245111,0.026075619295958283,0.0,0.0,0.0,0.0,0.0,0.0,0.0,0.0,0.0,0.0,0.0,0.0,0.0,0.0,0.0,0.0
70800,4728,2486,0.5258037225042301,1172,964,0.4517766497461929,1322,0.5592216582064298,0.4080000000000001,2.947814451382694,3.0924568157639247,6.671009771986971,2.081226764087161,9551.346023688664,1612.8479284592486,7853.0,11083.0,11083.0,0.0,7853.0,0.0,28.09665820642978,20.952492528268245,33.23606889564336,19.104906777209656,0.14107445008460237,0.09983079526226735,0.08692893401015228,0.08396785109983079,0.08523688663282572,0.07191201353637902,0.07085448392554991,0.06662436548223351,0.0583756345177665,0.05308798646362098,0.046954314720812185,0.040397631133671744,0.03489847715736041,0.024111675126903553,0.01692047377326565,0.010998307952622674,0.007825719120135364,0.9289019972892784,0.023425076778249114,0.0,0.0,0.0,0.0,0.0,0.0,0.0,0.0,0.0,0.0,0.0,0.0,0.0,0.0,0.0,0.0,0.0,0.0,0.0,0.0,0.0,0.0,0.0,0.0,0.0,0.14593908629441626,3.001269035532996,14.352791878172592,10.856598984771576,1.6434010152284269,4.290837952396479,2.9204524031081993,nan,nan,nan,4.322287199480182,2.99275121100197,4.2591623036649215,2.8454257090643074,0.9853954878743708,0.3923,0.012764,0.0,0.0,0.0,0.0,0.0,0.0,0.0,0.0,0.0,0.0,0.5139593908629443,21.15482233502535,8.299492385786804,0.0317258883248731,0.0,0.0,0.0,0.0,0.0,0.0,0.0,0.0,0.0,0.0,0.0,0.0,0.0,0.0,0.0,0.0,nan,nan,4.290837952396479,2.9204524031081993,nan,0.3923,0.06537,0.0,0.0,0.0,0.0,0.0,0.0,0.0,0.0,0.0,0.0,0.0,0.0,0.0,0.0,0.0,0.0,0.0,6.34517766497462e-05,0.0,0.00031725888324873094,3.17258883248731e-05,0.0007719966159052454,0.01793570219966159,0.00043358714043993234,0.00951776649746193,0.004378172588832488,0.0054145516074450084,0.012626903553299493,0.004166666666666667,0.015746615905245346,0.019321065989847716,0.014181472081218274,0.04987309644670051,0.02425972927241963,0.04765228426395939,0.047821489001692044,0.06796742808798646,0.07577199661590525,0.04119077834179357,0.06138959390862944,0.05566835871404399,0.051417089678511,0.0791243654822335,0.05101522842639594,0.021753384094754653,0.0304251269035533,0.051681472081218274,0.02541243654822335,0.04196277495769882,0.01524957698815567,0.013906514382402707,0.015736040609137057,0.013695008460236887,0.0017978003384094754,0.0024428934010152286,0.002654399323181049,0.004494500846023689,0.00039128595600676817,0.00033840947546531303,0.0,0.0,0.0,0.0,0.0,0.0,0.0,0.0,0.0,0.0,0.0,0.0,0.0,0.0,0.0,0.0,0.0,0.0,0.0,0.0,0.0,0.0,0.0,0.0,0.0,0.0,0.0,0.0,0.0,0.0,0.0,0.0,0.0,0.0,0.0,0.0,0.0,0.0,0.0,0.0,0.0,0.0,nan,nan,4.290837952396479,2.9204524031081993,nan,0.9284009957927326,0.023840370732029787,0.0,0.0,0.0,0.0,0.0,0.0,0.0,0.0,0.0,0.0,0.0,0.0,0.0,0.0,0.0,0.0,0.0,0.0,0.0,0.0,0.0,0.0,0.0,0.0,0.0,0.20514883346741758,3.209975864843122,14.251810136765892,10.643604183427195,1.6894609814963801,0.9294575234803635,0.022943015956725897,0.0,0.0,0.0,0.0,0.0,0.0,0.0,0.0,0.0,0.0,0.0,0.0,0.0,0.0,0.0,0.0,0.0,0.0,0.0,0.0,0.0,0.0,0.0,0.0,0.0,0.08028545941123998,2.7698483496877797,14.46476360392507,11.092774308652992,1.5923282783229264,0.3923,0.01288,0.0,0.0,0.0,0.0,0.0,0.0,0.0,0.0,0.0,0.0,0.506838294448914,21.057924376508417,8.41110217216412,0.024135156878519717,0.0,0.0,0.0,0.0,0.0,0.0,0.0,0.0,0.0,0.0,0.0,0.0,0.0,0.0,0.0,0.0,0.3923,0.01265,0.0,0.0,0.0,0.0,0.0,0.0,0.0,0.0,0.0,0.0,0.5218554861730599,21.26226583407669,8.175735950044604,0.04014272970561999,0.0,0.0,0.0,0.0,0.0,0.0,0.0,0.0,0.0,0.0,0.0,0.0,0.0,0.0,0.0,0.0
70900,4954,2484,0.5014129995962858,1161,1058,0.447920872022608,1436,0.5797335486475576,0.4080000000000001,2.919838056680162,3.120529380970328,6.65210843373494,2.2234501330738725,9472.563988696003,1614.9935510729395,7853.0,11083.0,11083.0,0.0,7853.0,0.0,27.458215583366975,20.642710282640486,32.503144654088054,18.874662721987125,0.14291481631005248,0.1045619701251514,0.0944691158659669,0.07912797739200646,0.08457811869196609,0.07791683488090433,0.07186112232539363,0.061970125151392816,0.054299555914412594,0.05147355672184094,0.046023415421881306,0.03895841744045216,0.03431570448122729,0.02624142107387969,0.017965280581348407,0.009689140088817117,0.0036334275333064193,0.9287843693274859,0.022896992240987613,0.0,0.0,0.0,0.0,0.0,0.0,0.0,0.0,0.0,0.0,0.0,0.0,0.0,0.0,0.0,0.0,0.0,0.0,0.0,0.0,0.0,0.0,0.0,0.0,0.0,0.10294711344368189,3.100524828421478,14.134033104561974,11.178845377472753,1.4836495761001214,4.373737373737374,2.9256083148356558,nan,nan,nan,4.380530973451328,2.948667482159152,4.366960907944515,2.9024089607201784,0.9969021870661214,0.3923,0.01288,0.0,0.0,0.0,0.0,0.0,0.0,0.0,0.0,0.0,0.0,0.5752926927735165,21.207105369398437,8.193379087605976,0.024222850222042798,0.0,0.0,0.0,0.0,0.0,0.0,0.0,0.0,0.0,0.0,0.0,0.0,0.0,0.0,0.0,0.0,nan,nan,4.373737373737374,2.9256083148356558,nan,0.3923,0.0652,0.0,0.0,0.0,0.0,0.0,0.0,0.0,0.0,0.0,0.0,0.0,0.0,0.0,0.0,0.0,0.0,0.0,8.074283407347598e-05,0.0,0.00019176423092450546,0.0,0.0009184497375857892,0.018601130399677028,0.00047436415018167137,0.00962858296326201,0.004238998788857489,0.00493540573274122,0.012081146548243844,0.00410779168348809,0.015724666935809446,0.02085183689947517,0.015209931368591037,0.04939442874444893,0.022850222042793703,0.047678643520387566,0.046800565199838516,0.06680460234154219,0.07427331449333871,0.03963463867581752,0.061838918046023414,0.05955793298344772,0.05272507064997981,0.08012716996366573,0.05385547032700848,0.0203774727492935,0.028421477593863546,0.05244247073072265,0.024111828825191764,0.0430359305611627,0.01591643116673395,0.014039160274525635,0.015028259991925717,0.012686717803794913,0.002028663706096084,0.002452563584981833,0.001988292289059346,0.003956398869600323,0.00047436415018167137,0.00033306419055308844,1.0092854259184498e-05,0.00011102139685102948,0.0,0.0,0.0,0.0,0.0,0.0,0.0,0.0,0.0,0.0,0.0,0.0,0.0,0.0,0.0,0.0,0.0,0.0,0.0,0.0,0.0,0.0,0.0,0.0,0.0,0.0,0.0,0.0,0.0,0.0,0.0,0.0,0.0,0.0,0.0,0.0,0.0,0.0,0.0,0.0,nan,nan,4.373737373737374,2.9256083148356558,nan,0.9286800372907696,0.023107064193030134,0.0,0.0,0.0,0.0,0.0,0.0,0.0,0.0,0.0,0.0,0.0,0.0,0.0,0.0,0.0,0.0,0.0,0.0,0.0,0.0,0.0,0.0,0.0,0.0,0.0,0.09661835748792273,3.18840579710145,14.021739130434785,11.111111111111114,1.5821256038647347,0.9288892927198757,0.022683283698155723,0.0,0.0,0.0,0.0,0.0,0.0,0.0,0.0,0.0,0.0,0.0,0.0,0.0,0.0,0.0,0.0,0.0,0.0,0.0,0.0,0.0,0.0,0.0,0.0,0.0,0.10931174089068828,3.012145748987855,14.24696356275304,11.24696356275304,1.384615384615385,0.3918,0.01305,0.0,0.0,0.0,0.0,0.0,0.0,0.0,0.0,0.0,0.0,0.7004830917874398,21.328502415458907,7.946859903381644,0.024154589371980683,0.0,0.0,0.0,0.0,0.0,0.0,0.0,0.0,0.0,0.0,0.0,0.0,0.0,0.0,0.0,0.0,0.3926,0.01269,0.0,0.0,0.0,0.0,0.0,0.0,0.0,0.0,0.0,0.0,0.44939271255060736,21.08502024291495,8.441295546558706,0.02429149797570851,0.0,0.0,0.0,0.0,0.0,0.0,0.0,0.0,0.0,0.0,0.0,0.0,0.0,0.0,0.0,0.0
71000,4494,2370,0.527369826435247,1131,878,0.4470404984423676,1196,0.5322652425456164,0.4360000000000001,2.9359698681732582,3.057768648285332,6.336601307189542,2.2348473543517895,9556.404539385849,1612.5785678273094,7853.0,11083.0,11083.0,0.0,7853.0,0.0,28.25344904316867,21.01063753264575,33.19703782068236,19.237282845103696,0.13974187805963506,0.09501557632398754,0.09412550066755675,0.08589230084557187,0.07810413885180241,0.07610146862483311,0.06964842011570983,0.060970182465509566,0.060970182465509566,0.04962171784601691,0.0520694259012016,0.04428126390743213,0.03115264797507788,0.024922118380062305,0.018691588785046728,0.010013351134846462,0.008678237650200267,0.9286376410422985,0.02321793155411879,0.0,0.0,0.0,0.0,0.0,0.0,0.0,0.0,0.0,0.0,0.0,0.0,0.0,0.0,0.0,0.0,0.0,0.0,0.0,0.0,0.0,0.0,0.0,0.0,0.0,0.12683578104138854,3.064085447263018,14.052069425901205,11.241655540720965,1.5153538050734316,4.158691910499139,2.8875567234377457,nan,nan,nan,4.159863945578231,2.906412330442881,4.157491289198607,2.8681121968929206,0.9994296312546119,0.3928,0.01198,0.0,0.0,0.0,0.0,0.0,0.0,0.0,0.0,0.0,0.0,0.28037383177570097,21.628838451268326,8.077436582109481,0.013351134846461953,0.0,0.0,0.0,0.0,0.0,0.0,0.0,0.0,0.0,0.0,0.0,0.0,0.0,0.0,0.0,0.0,nan,nan,4.158691910499139,2.8875567234377457,nan,0.3928,0.06525,0.0,0.0,0.0,0.0,0.0,0.0,0.0,0.0,0.0,0.0,0.0,0.0,0.0,0.0,0.0,0.0,0.0,8.900756564307967e-05,0.0,0.00015576323987538941,1.1125945705384958e-05,0.0010013351134846463,0.018869603916332887,0.0003337783711615487,0.008967512238540276,0.00394971072541166,0.005151312861593235,0.01209390298175345,0.003693813974187806,0.016188251001335113,0.022140631953716065,0.014552736982643524,0.047185135736537605,0.022229639519359145,0.0487427681352915,0.04602803738317757,0.06485313751668892,0.07231864708500223,0.040142412105028925,0.06162661326212728,0.06159323542501113,0.05110146862483311,0.08363373386737873,0.05280373831775701,0.019804183355585224,0.028649310191366267,0.053493546951490875,0.026045838896306187,0.04373609256786827,0.01460836671117045,0.014842011570983533,0.014797507788161994,0.013451268357810414,0.0014463729417000446,0.002425456163773921,0.0017912772585669781,0.004650645304850912,0.00043391188251001335,0.00027814864263462394,1.1125945705384958e-05,7.788161993769471e-05,0.0,0.0,0.0,0.0,0.0,0.0,0.0,0.0,0.0,0.0,0.0,0.0,0.0,0.0,0.0,0.0,0.0,0.0,0.0,0.0,0.0,0.0,0.0,0.0,0.0,0.0,0.0,0.0,0.0,0.0,0.0,0.0,0.0,0.0,0.0,0.0,0.0,0.0,0.0,0.0,nan,nan,4.158691910499139,2.8875567234377457,nan,0.9289130923114245,0.023478530105950624,0.0,0.0,0.0,0.0,0.0,0.0,0.0,0.0,0.0,0.0,0.0,0.0,0.0,0.0,0.0,0.0,0.0,0.0,0.0,0.0,0.0,0.0,0.0,0.0,0.0,0.1265822784810127,2.974683544303798,14.329113924050636,10.848101265822788,1.7215189873417724,0.9283302872250534,0.02291974651991488,0.0,0.0,0.0,0.0,0.0,0.0,0.0,0.0,0.0,0.0,0.0,0.0,0.0,0.0,0.0,0.0,0.0,0.0,0.0,0.0,0.0,0.0,0.0,0.0,0.0,0.12711864406779663,3.1638418079096056,13.742937853107348,11.680790960451981,1.285310734463277,0.393,0.012146,0.0,0.0,0.0,0.0,0.0,0.0,0.0,0.0,0.0,0.0,0.2784810126582279,21.341772151898702,8.367088607594939,0.012658227848101269,0.0,0.0,0.0,0.0,0.0,0.0,0.0,0.0,0.0,0.0,0.0,0.0,0.0,0.0,0.0,0.0,0.3928,0.01177,0.0,0.0,0.0,0.0,0.0,0.0,0.0,0.0,0.0,0.0,0.28248587570621475,21.94915254237285,7.754237288135595,0.014124293785310738,0.0,0.0,0.0,0.0,0.0,0.0,0.0,0.0,0.0,0.0,0.0,0.0,0.0,0.0,0.0,0.0
71100,4803,2483,0.5169685613158442,1154,1008,0.4501353320841141,1387,0.5775556943576932,0.3960000000000001,3.0267241379310343,3.1158896930206836,6.637462235649547,2.1063100911868333,9522.808453050176,1614.0697114667155,7853.0,11083.0,11083.0,0.0,7853.0,0.0,28.30043722673329,20.83851970795794,33.142469805274835,19.041420883333167,0.1359566937330835,0.09598167811784301,0.09223402040391422,0.08973558192796169,0.0795336248178222,0.07099729335831771,0.06600041640641266,0.0693316677076827,0.060587133041848845,0.059129710597543204,0.04497189256714553,0.04039142202789923,0.033728919425359154,0.02394336872787841,0.02040391422027899,0.010410160316468874,0.006662502602540079,0.9282792776221165,0.02363889451469835,0.0,0.0,0.0,0.0,0.0,0.0,0.0,0.0,0.0,0.0,0.0,0.0,0.0,0.0,0.0,0.0,0.0,0.0,0.0,0.0,0.0,0.0,0.0,0.0,0.0,0.11242973141786386,3.3291692692067465,13.928794503435356,11.105559025608997,1.5240474703310434,4.237728585178056,2.843294861881525,nan,nan,nan,4.34796642995481,2.83611383773926,4.128826530612245,2.8461817692807188,0.9495994500249988,0.3923,0.012505,0.0,0.0,0.0,0.0,0.0,0.0,0.0,0.0,0.0,0.0,0.5309181761399127,21.32417239225481,8.126171143035604,0.018738288569643977,0.0,0.0,0.0,0.0,0.0,0.0,0.0,0.0,0.0,0.0,0.0,0.0,0.0,0.0,0.0,0.0,nan,nan,4.237728585178056,2.843294861881525,nan,0.3923,0.06476,0.0,0.0,0.0,0.0,0.0,0.0,0.0,0.0,0.0,0.0,0.0,0.0,0.0,0.0,0.0,0.0,0.0,6.246096189881324e-05,1.0410160316468873e-05,0.0,3.123048094940662e-05,0.0008536331459504476,0.019394128669581512,0.0002394336872787841,0.00748490526754112,0.0035810951488652923,0.004840724547158027,0.012689985425775556,0.0037372475536123257,0.017988757026858215,0.020445554861544868,0.013835103060587134,0.05083281282531751,0.022413075161357484,0.04860503851759317,0.04764730376847803,0.065719342077868,0.07210077035186342,0.04313970435144701,0.05884863626899854,0.05979596085779721,0.05385175931709348,0.0861544867790964,0.05340412242348532,0.020206121174266085,0.026920674578388506,0.04958359358734125,0.025265459088069955,0.043295856756194046,0.014189048511347075,0.013168852800333124,0.014626275244638767,0.014095357068498855,0.001311680199875078,0.002040391422027899,0.0023631063918384343,0.004205704767853425,0.0005100978555069748,0.00029148448886112845,0.0,6.246096189881324e-05,0.0,0.0001561524047470331,0.0,0.0,0.0,0.0,0.0,0.0,0.0,0.0,0.0,0.0,0.0,0.0,0.0,0.0,0.0,0.0,0.0,0.0,0.0,0.0,0.0,0.0,0.0,0.0,0.0,0.0,0.0,0.0,0.0,0.0,0.0,0.0,0.0,0.0,0.0,0.0,0.0,0.0,nan,nan,4.237728585178056,2.843294861881525,nan,0.9286756077650041,0.02364144305960056,0.0,0.0,0.0,0.0,0.0,0.0,0.0,0.0,0.0,0.0,0.0,0.0,0.0,0.0,0.0,0.0,0.0,0.0,0.0,0.0,0.0,0.0,0.0,0.0,0.0,0.15706806282722519,3.20177204993959,13.71325010068466,11.441804269029403,1.4861055175191304,0.9278551018700517,0.0236288030425044,0.0,0.0,0.0,0.0,0.0,0.0,0.0,0.0,0.0,0.0,0.0,0.0,0.0,0.0,0.0,0.0,0.0,0.0,0.0,0.0,0.0,0.0,0.0,0.0,0.0,0.06465517241379312,3.465517241379311,14.159482758620692,10.745689655172416,1.5646551724137936,0.392,0.012474,0.0,0.0,0.0,0.0,0.0,0.0,0.0,0.0,0.0,0.0,0.6041079339508659,21.373338703181602,7.998389045509466,0.02416431735803464,0.0,0.0,0.0,0.0,0.0,0.0,0.0,0.0,0.0,0.0,0.0,0.0,0.0,0.0,0.0,0.0,0.3923,0.01254,0.0,0.0,0.0,0.0,0.0,0.0,0.0,0.0,0.0,0.0,0.4525862068965518,21.2715517241379,8.26293103448276,0.012931034482758624,0.0,0.0,0.0,0.0,0.0,0.0,0.0,0.0,0.0,0.0,0.0,0.0,0.0,0.0,0.0,0.0
71200,4544,2297,0.5055017605633803,1042,952,0.43882042253521125,1300,0.5721830985915493,0.4040000000000001,2.957721406319537,3.070814096275666,6.477794793261868,2.1408761586438776,9485.770686619719,1614.902226977554,7853.0,11083.0,11083.0,0.0,7853.0,0.0,27.986795774647888,20.996746938191663,33.01996847083552,19.228980050362807,0.140625,0.10057218309859155,0.09242957746478873,0.08648767605633803,0.08538732394366197,0.07350352112676056,0.06910211267605634,0.055897887323943664,0.05765845070422535,0.05039612676056338,0.04709507042253521,0.04379401408450704,0.034991197183098594,0.02640845070422535,0.018265845070422535,0.01056338028169014,0.006822183098591549,0.9274686180238783,0.023394102316728078,0.0,0.0,0.0,0.0,0.0,0.0,0.0,0.0,0.0,0.0,0.0,0.0,0.0,0.0,0.0,0.0,0.0,0.0,0.0,0.0,0.0,0.0,0.0,0.0,0.0,0.09903169014084509,3.598151408450705,14.234154929577468,10.662411971830988,1.4062500000000004,4.27583846680356,2.8516643912027066,nan,nan,nan,4.264099037138927,2.852227823216204,4.287465940054496,2.851058574535768,1.0054799156192316,0.3926,0.01242,0.0,0.0,0.0,0.0,0.0,0.0,0.0,0.0,0.0,0.0,0.5017605633802817,21.278609154929544,8.199823943661974,0.01980633802816902,0.0,0.0,0.0,0.0,0.0,0.0,0.0,0.0,0.0,0.0,0.0,0.0,0.0,0.0,0.0,0.0,nan,nan,4.27583846680356,2.8516643912027066,nan,0.3926,0.06464,0.0,0.0,0.0,0.0,0.0,0.0,0.0,0.0,0.0,0.0,0.0,0.0,0.0,0.0,0.0,0.0,0.0,3.301056338028169e-05,2.2007042253521128e-05,0.0,5.501760563380282e-05,0.0009132922535211267,0.018650968309859156,0.0004511443661971831,0.007064260563380282,0.004753521126760563,0.0043794014084507045,0.010915492957746478,0.0037411971830985913,0.01736355633802817,0.019685299295774648,0.012797095070422536,0.05214568661971831,0.02265625,0.05220070422535211,0.04588468309859155,0.06914612676056338,0.0690030809859155,0.042847711267605636,0.05865977112676057,0.06075044014084507,0.05137544014084507,0.08824823943661972,0.05503961267605634,0.01919014084507042,0.026661531690140846,0.05034110915492958,0.024713908450704224,0.04181338028169014,0.014007482394366198,0.013446302816901408,0.015470950704225352,0.014634683098591549,0.0012103873239436619,0.0022337147887323944,0.002772887323943662,0.0038182218309859156,0.0004181338028169014,0.0001540492957746479,0.0,4.4014084507042256e-05,0.0,0.00028609154929577465,0.0,0.0,0.0,0.0,0.0,0.0,0.0,0.0,0.0,0.0,0.0,0.0,0.0,0.0,0.0,0.0,0.0,0.0,0.0,0.0,0.0,0.0,0.0,0.0,0.0,0.0,0.0,0.0,0.0,0.0,0.0,0.0,0.0,0.0,0.0,0.0,0.0,0.0,nan,nan,4.27583846680356,2.8516643912027066,nan,0.9270499032323237,0.023255504590354494,0.0,0.0,0.0,0.0,0.0,0.0,0.0,0.0,0.0,0.0,0.0,0.0,0.0,0.0,0.0,0.0,0.0,0.0,0.0,0.0,0.0,0.0,0.0,0.0,0.0,0.11754462342185462,3.552459730082717,14.601654331737052,10.343926861123206,1.3844144536351768,0.9278966500115066,0.02352723928155377,0.0,0.0,0.0,0.0,0.0,0.0,0.0,0.0,0.0,0.0,0.0,0.0,0.0,0.0,0.0,0.0,0.0,0.0,0.0,0.0,0.0,0.0,0.0,0.0,0.0,0.08010680907877171,3.6448598130841128,13.858477970627506,10.987983978638187,1.428571428571429,0.3923,0.0126,0.0,0.0,0.0,0.0,0.0,0.0,0.0,0.0,0.0,0.0,0.587723117109273,21.288637353069188,8.110579016107968,0.013060513713539402,0.0,0.0,0.0,0.0,0.0,0.0,0.0,0.0,0.0,0.0,0.0,0.0,0.0,0.0,0.0,0.0,0.3928,0.012215,0.0,0.0,0.0,0.0,0.0,0.0,0.0,0.0,0.0,0.0,0.4138851802403205,21.268357810413857,8.291054739652871,0.026702269692923906,0.0,0.0,0.0,0.0,0.0,0.0,0.0,0.0,0.0,0.0,0.0,0.0,0.0,0.0,0.0,0.0
71300,4652,2373,0.5101031814273431,1094,968,0.44325021496130695,1348,0.5795356835769562,0.3960000000000001,2.936375603334796,3.03235257119822,6.474085365853658,2.1211620474959147,9500.633276010318,1614.670266431148,7853.0,11083.0,11083.0,0.0,7853.0,0.0,28.54858125537403,21.253941117695213,33.44079449961803,19.518249246783828,0.1358555460017197,0.102536543422184,0.08877901977644025,0.08104041272570937,0.08190025795356835,0.07674118658641445,0.07351676698194325,0.05653482373172829,0.05631986242476354,0.052020636285468616,0.05030094582975064,0.04363714531384351,0.03159931212381771,0.028589853826311264,0.0176268271711092,0.01354256233877902,0.009458297506448839,0.9273895811952606,0.022991261908512185,0.0,0.0,0.0,0.0,0.0,0.0,0.0,0.0,0.0,0.0,0.0,0.0,0.0,0.0,0.0,0.0,0.0,0.0,0.0,0.0,0.0,0.0,0.0,0.0,0.0,0.148323301805675,3.3276010318142744,14.632416165090287,10.569647463456581,1.3220120378331903,4.194993412384717,2.7964877687085123,nan,nan,nan,4.186928104575164,2.775775056586122,4.203187250996016,2.817350990036428,1.0038833115866226,0.3936,0.01264,0.0,0.0,0.0,0.0,0.0,0.0,0.0,0.0,0.0,0.0,0.45786758383490983,20.649183147033504,8.87360275150473,0.019346517626827174,0.0,0.0,0.0,0.0,0.0,0.0,0.0,0.0,0.0,0.0,0.0,0.0,0.0,0.0,0.0,0.0,nan,nan,4.194993412384717,2.7964877687085123,nan,0.3936,0.06433,0.0,0.0,0.0,0.0,0.0,0.0,0.0,0.0,0.0,0.0,0.0,0.0,0.0,0.0,0.0,0.0,0.0,8.598452278589854e-05,0.0,0.0,0.00010748065348237318,0.0006986242476354256,0.017798796216680998,0.00020421324161650902,0.0063413585554600175,0.0051698194325021495,0.004481943250214961,0.00925408426483233,0.0033319002579535683,0.01706792777300086,0.018776870163370592,0.011102751504729148,0.05263327601031814,0.02411865864144454,0.051891659501289766,0.046324161650902834,0.07032459157351677,0.07015262252794496,0.04067067927773001,0.058727429062768705,0.06335984522785898,0.04940885640584695,0.08549011177987963,0.05662080825451419,0.019335769561478935,0.02527944969905417,0.05348237317282889,0.0242798796216681,0.042057179707652624,0.014735597592433362,0.01377901977644024,0.016713241616509028,0.015638435081685297,0.0014402407566638006,0.00220335339638865,0.002235597592433362,0.0036435941530524505,0.00048366294067067925,0.00017196904557179707,0.0,0.0,0.0,0.0003761822871883061,0.0,0.0,0.0,0.0,0.0,0.0,0.0,0.0,0.0,0.0,0.0,0.0,0.0,0.0,0.0,0.0,0.0,0.0,0.0,0.0,0.0,0.0,0.0,0.0,0.0,0.0,0.0,0.0,0.0,0.0,0.0,0.0,0.0,0.0,0.0,0.0,0.0,0.0,nan,nan,4.194993412384717,2.7964877687085123,nan,0.9273704607628389,0.023501829018304343,0.0,0.0,0.0,0.0,0.0,0.0,0.0,0.0,0.0,0.0,0.0,0.0,0.0,0.0,0.0,0.0,0.0,0.0,0.0,0.0,0.0,0.0,0.0,0.0,0.0,0.1896333754740835,3.489254108723136,14.273072060682683,10.682680151706704,1.3653603034134012,0.9274094902721085,0.022447280662864933,0.0,0.0,0.0,0.0,0.0,0.0,0.0,0.0,0.0,0.0,0.0,0.0,0.0,0.0,0.0,0.0,0.0,0.0,0.0,0.0,0.0,0.0,0.0,0.0,0.0,0.10530934620447567,3.15928038613427,15.006581834137783,10.45195261079421,1.2768758227292674,0.3933,0.0127,0.0,0.0,0.0,0.0,0.0,0.0,0.0,0.0,0.0,0.0,0.5436156763590393,20.45512010113777,8.963337547408345,0.037926675094816696,0.0,0.0,0.0,0.0,0.0,0.0,0.0,0.0,0.0,0.0,0.0,0.0,0.0,0.0,0.0,0.0,0.3936,0.01258,0.0,0.0,0.0,0.0,0.0,0.0,0.0,0.0,0.0,0.0,0.36858271171566487,20.85125054848615,8.780166739798158,0.0,0.0,0.0,0.0,0.0,0.0,0.0,0.0,0.0,0.0,0.0,0.0,0.0,0.0,0.0,0.0,0.0
71400,4659,2420,0.5194247692637906,1128,940,0.4438720755526937,1291,0.5541961794376475,0.4080000000000001,3.01920500223314,3.159039871501825,6.633228840125392,2.1379448238645566,9530.742004722044,1613.7807908273846,7853.0,11083.0,11083.0,0.0,7853.0,0.0,27.86284610431423,20.87666209199084,32.739285714285714,19.169953836721696,0.13801244902339557,0.10173857050869285,0.09551405881090362,0.08971882378192746,0.07877226872719467,0.0746941403734707,0.06138656364026615,0.06868426701008801,0.06203047864348573,0.0497960935823138,0.04271302854689848,0.045288688559776774,0.03391285683623095,0.0223223867782786,0.017814981755741574,0.00901481004507405,0.008585533376261001,0.9278832104718334,0.02325076291740698,0.0,0.0,0.0,0.0,0.0,0.0,0.0,0.0,0.0,0.0,0.0,0.0,0.0,0.0,0.0,0.0,0.0,0.0,0.0,0.0,0.0,0.0,0.0,0.0,0.0,0.15453960077269802,3.2260141661300716,14.52028332260142,10.77913715389569,1.3200257566001292,4.289253431536659,2.9175757208271507,nan,nan,nan,4.388039867109635,2.9344312661150322,4.1904118838622555,2.8973321040633606,0.9549621267735757,0.3938,0.01252,0.0,0.0,0.0,0.0,0.0,0.0,0.0,0.0,0.0,0.0,0.35415325177076634,20.431423052157086,9.18222794591114,0.03219575016097876,0.0,0.0,0.0,0.0,0.0,0.0,0.0,0.0,0.0,0.0,0.0,0.0,0.0,0.0,0.0,0.0,nan,nan,4.289253431536659,2.9175757208271507,nan,0.3938,0.0648,0.0,0.0,0.0,0.0,0.0,0.0,0.0,0.0,0.0,0.0,0.0,0.0,0.0,0.0,0.0,0.0,0.0,1.0731916720326251e-05,0.0,2.1463833440652502e-05,2.1463833440652502e-05,0.00051513200257566,0.018855977677613222,0.00022537025112685127,0.006546469199399013,0.004764971023824855,0.004915217857909423,0.008177720540888602,0.0036703155183515778,0.018576947842884738,0.018941833011375833,0.011483150890749088,0.05436789010517278,0.02335265078342992,0.05090148100450741,0.04491307147456536,0.06668813050010731,0.07294483794805752,0.04039493453530801,0.0575230736209487,0.06372612148529727,0.04547113114402232,0.08547971667739858,0.05851040995921872,0.018383773341918867,0.026239536381197682,0.05551620519424769,0.02407168920369178,0.0397402876153681,0.015271517493024253,0.014638334406525006,0.01845889675896115,0.01608714316376905,0.0019639407598197036,0.002135651427344924,0.001588323674608285,0.004056664520283322,0.000300493668169135,0.00031122558488946123,0.0,0.0,0.0,0.0002361021678471775,0.0,0.0,0.0,0.0,0.0,0.0,0.0,0.0,0.0,0.0,0.0,0.0,0.0,0.0,0.0,0.0,0.0,0.0,0.0,0.0,0.0,0.0,0.0,0.0,0.0,0.0,0.0,0.0,0.0,0.0,0.0,0.0,0.0,0.0,0.0,0.0,0.0,0.0,nan,nan,4.289253431536659,2.9175757208271507,nan,0.9278595482022309,0.023291856317328552,0.0,0.0,0.0,0.0,0.0,0.0,0.0,0.0,0.0,0.0,0.0,0.0,0.0,0.0,0.0,0.0,0.0,0.0,0.0,0.0,0.0,0.0,0.0,0.0,0.0,0.14876033057851243,3.1611570247933893,14.491735537190086,10.82231404958678,1.37603305785124,0.9279087855912789,0.023206238580096454,0.0,0.0,0.0,0.0,0.0,0.0,0.0,0.0,0.0,0.0,0.0,0.0,0.0,0.0,0.0,0.0,0.0,0.0,0.0,0.0,0.0,0.0,0.0,0.0,0.0,0.16078606520768202,3.2961143367574817,14.551138901295225,10.732469852612775,1.2594908441268426,0.3936,0.01249,0.0,0.0,0.0,0.0,0.0,0.0,0.0,0.0,0.0,0.0,0.35950413223140504,20.553719008264434,9.049586776859506,0.03719008264462811,0.0,0.0,0.0,0.0,0.0,0.0,0.0,0.0,0.0,0.0,0.0,0.0,0.0,0.0,0.0,0.0,0.3938,0.01256,0.0,0.0,0.0,0.0,0.0,0.0,0.0,0.0,0.0,0.0,0.3483698079499778,20.299240732469823,9.325591782045558,0.02679767753461367,0.0,0.0,0.0,0.0,0.0,0.0,0.0,0.0,0.0,0.0,0.0,0.0,0.0,0.0,0.0,0.0
71500,4639,2379,0.512826040094848,1078,972,0.441905583099806,1331,0.5738305669325285,0.4080000000000001,2.9407079646017698,3.0702724553553153,6.479166666666667,2.2715242421067474,9509.42810950636,1614.468553965276,7853.0,11083.0,11083.0,0.0,7853.0,0.0,27.618883380038802,20.82711032866442,32.54599177800617,19.12194307479601,0.1399008406984264,0.0954947186893727,0.10174606596249192,0.09355464539771502,0.08062082345333046,0.07415391248113817,0.06898038370338436,0.06078896313860746,0.05604656175899978,0.05130416037939211,0.04720845009700367,0.03772364733778832,0.031041172666522957,0.024789825393403752,0.016813968527699934,0.01271825824531149,0.007113602069411511,0.927976126042798,0.023310749151962542,0.0,0.0,0.0,0.0,0.0,0.0,0.0,0.0,0.0,0.0,0.0,0.0,0.0,0.0,0.0,0.0,0.0,0.0,0.0,0.0,0.0,0.0,0.0,0.0,0.0,0.10993748652726883,3.4015951713731414,14.084932097434795,11.051950851476615,1.3515843931881875,4.247289972899729,2.8423742842458792,nan,nan,nan,4.249167221852098,2.873621844354028,4.244137931034483,2.8102736610409575,0.9988164055319472,0.3938,0.01232,0.0,0.0,0.0,0.0,0.0,0.0,0.0,0.0,0.0,0.0,0.2134080620823454,20.635912912265546,9.137745203707697,0.012933821944384569,0.0,0.0,0.0,0.0,0.0,0.0,0.0,0.0,0.0,0.0,0.0,0.0,0.0,0.0,0.0,0.0,nan,nan,4.247289972899729,2.8423742842458792,nan,0.3938,0.06476,0.0,0.0,0.0,0.0,0.0,0.0,0.0,0.0,0.0,0.0,0.0,0.0,0.0,0.0,0.0,0.0,0.0,0.0,0.0,1.0778184953653805e-05,4.311273981461522e-05,0.00033412373356326794,0.018236688941582237,0.00026945462384134514,0.006768700150894589,0.005292088812244018,0.005453761586548825,0.008644104332830351,0.0036645828842422935,0.017288208665660703,0.018592369045052813,0.012373356326794567,0.05423582668678595,0.022192282819573184,0.05099159301573615,0.04411511101530502,0.06926061651217935,0.0726557447725803,0.03940504419055831,0.05598189264927786,0.06649062297909032,0.04434145289933175,0.08323992239706833,0.05960336279370554,0.018538478120284543,0.02731192067255874,0.055809441690019404,0.023464108644104333,0.04014873895236042,0.01574692821728821,0.014140978659193792,0.019831860314723,0.01575770640224186,0.0021125242509161457,0.0015951713731407631,0.001110153050226342,0.004020262987712869,0.00038801465833153696,0.0003987928432851908,0.0,0.0,0.0,0.00014011640439749945,0.0,0.0,0.0,0.0,0.0,0.0,0.0,0.0,0.0,0.0,0.0,0.0,0.0,0.0,0.0,0.0,0.0,0.0,0.0,0.0,0.0,0.0,0.0,0.0,0.0,0.0,0.0,0.0,0.0,0.0,0.0,0.0,0.0,0.0,0.0,0.0,0.0,0.0,nan,nan,4.247289972899729,2.8423742842458792,nan,0.9275833111743358,0.023224008844836583,0.0,0.0,0.0,0.0,0.0,0.0,0.0,0.0,0.0,0.0,0.0,0.0,0.0,0.0,0.0,0.0,0.0,0.0,0.0,0.0,0.0,0.0,0.0,0.0,0.0,0.0630517023959647,3.619167717528374,13.997477931904164,11.160151324085753,1.1601513240857506,0.9283896245260155,0.023394584716313744,0.0,0.0,0.0,0.0,0.0,0.0,0.0,0.0,0.0,0.0,0.0,0.0,0.0,0.0,0.0,0.0,0.0,0.0,0.0,0.0,0.0,0.0,0.0,0.0,0.0,0.15929203539823011,3.1725663716814165,14.17699115044248,10.938053097345136,1.5530973451327437,0.3936,0.012375,0.0,0.0,0.0,0.0,0.0,0.0,0.0,0.0,0.0,0.0,0.22698612862547293,20.567465321563652,9.18032786885246,0.025220680958385883,0.0,0.0,0.0,0.0,0.0,0.0,0.0,0.0,0.0,0.0,0.0,0.0,0.0,0.0,0.0,0.0,0.3938,0.012276,0.0,0.0,0.0,0.0,0.0,0.0,0.0,0.0,0.0,0.0,0.19911504424778767,20.707964601769884,9.092920353982302,0.0,0.0,0.0,0.0,0.0,0.0,0.0,0.0,0.0,0.0,0.0,0.0,0.0,0.0,0.0,0.0,0.0
71600,4628,2459,0.5313310285220397,1166,923,0.4513828867761452,1296,0.5600691443388073,0.4120000000000001,2.971876440756109,3.090108586370126,6.551282051282051,2.1093347833237335,9569.199222126188,1611.826205718549,7853.0,11083.0,11083.0,0.0,7853.0,0.0,27.93085566119274,20.641902329138254,32.72229331968262,18.888486953806265,0.1363439930855661,0.09312878133102852,0.10328435609334485,0.08578219533275713,0.08146067415730338,0.07260155574762317,0.0719533275713051,0.058340535868625754,0.06395851339671564,0.05682800345721694,0.04818496110630942,0.04105445116681072,0.029602420051858255,0.021823681936041485,0.019878997407087293,0.008210890233362144,0.00756266205704408,0.9281637987497044,0.023236515122041623,0.0,0.0,0.0,0.0,0.0,0.0,0.0,0.0,0.0,0.0,0.0,0.0,0.0,0.0,0.0,0.0,0.0,0.0,0.0,0.0,0.0,0.0,0.0,0.0,0.0,0.1296456352636128,3.0985306828003467,14.299913569576495,10.896715643906658,1.5751944684528958,4.1997998665777185,2.9105705466875067,nan,nan,nan,4.237276933245208,2.911542040371722,4.161616161616162,2.9090838944921042,0.9821440106886996,0.3936,0.012184,0.0,0.0,0.0,0.0,0.0,0.0,0.0,0.0,0.0,0.0,0.35004321521175463,20.99611063094206,8.640881590319793,0.012964563526361283,0.0,0.0,0.0,0.0,0.0,0.0,0.0,0.0,0.0,0.0,0.0,0.0,0.0,0.0,0.0,0.0,nan,nan,4.1997998665777185,2.9105705466875067,nan,0.3936,0.065,0.0,0.0,0.0,0.0,0.0,0.0,0.0,0.0,0.0,0.0,0.0,0.0,0.0,0.0,0.0,0.0,0.0,1.0803802938634399e-05,5.4019014693172e-05,1.0803802938634399e-05,0.0,0.0006698357821953327,0.01917675021607606,0.0001404494382022472,0.005985306828003458,0.005455920484010371,0.005639585133967157,0.008545808124459809,0.0037273120138288677,0.017253673292999136,0.01905790838375108,0.01203543647363872,0.058340535868625754,0.021791270527225584,0.050821089023336215,0.043841832324978396,0.06746974935177183,0.06943604148660329,0.04038461538461539,0.053003457216940365,0.06676750216076059,0.044576490924805534,0.08298401037165082,0.061441227312013826,0.019652117545375974,0.0273552290406223,0.05657951598962835,0.024859550561797752,0.03987683664649957,0.014477095937770095,0.014001728608470182,0.01950086430423509,0.01595721694036301,0.0014261019878997407,0.001328867761452031,0.00162057044079516,0.0033059636992221263,0.0006050129645635263,0.0006050129645635263,0.0,0.0,0.0,0.0002268798617113224,0.0,0.0,0.0,0.0,0.0,0.0,0.0,0.0,0.0,0.0,0.0,0.0,0.0,0.0,0.0,0.0,0.0,0.0,0.0,0.0,0.0,0.0,0.0,0.0,0.0,0.0,0.0,0.0,0.0,0.0,0.0,0.0,0.0,0.0,0.0,0.0,0.0,0.0,nan,nan,4.1997998665777185,2.9105705466875067,nan,0.9284006245449434,0.022955627225512525,0.0,0.0,0.0,0.0,0.0,0.0,0.0,0.0,0.0,0.0,0.0,0.0,0.0,0.0,0.0,0.0,0.0,0.0,0.0,0.0,0.0,0.0,0.0,0.0,0.0,0.14640097600650673,3.0500203334688907,14.261895079300531,11.150874339162264,1.3908092720618142,0.927895308832465,0.023548026185861614,0.0,0.0,0.0,0.0,0.0,0.0,0.0,0.0,0.0,0.0,0.0,0.0,0.0,0.0,0.0,0.0,0.0,0.0,0.0,0.0,0.0,0.0,0.0,0.0,0.0,0.11065006915629325,3.1535269709543576,14.343015214384513,10.608575380359614,1.7842323651452285,0.3933,0.01236,0.0,0.0,0.0,0.0,0.0,0.0,0.0,0.0,0.0,0.0,0.42700284668564464,20.93533956893043,8.613257421716146,0.024400162667751125,0.0,0.0,0.0,0.0,0.0,0.0,0.0,0.0,0.0,0.0,0.0,0.0,0.0,0.0,0.0,0.0,0.3936,0.011986,0.0,0.0,0.0,0.0,0.0,0.0,0.0,0.0,0.0,0.0,0.26279391424619647,21.065006915629294,8.672199170124482,0.0,0.0,0.0,0.0,0.0,0.0,0.0,0.0,0.0,0.0,0.0,0.0,0.0,0.0,0.0,0.0,0.0
71700,4540,2279,0.5019823788546256,1087,954,0.4495594713656388,1285,0.566079295154185,0.4200000000000001,2.9862892525431226,3.132386006001199,6.5883280757097795,2.175847355792721,9474.403083700441,1614.9873066123848,7853.0,11083.0,11083.0,0.0,7853.0,0.0,27.85660792951542,20.896038301259175,33.001849405548214,19.07646427706605,0.14295154185022027,0.09823788546255506,0.09493392070484581,0.0830396475770925,0.08612334801762114,0.0722466960352423,0.06519823788546256,0.06740088105726873,0.057709251101321586,0.04955947136563876,0.04559471365638767,0.04118942731277533,0.03524229074889868,0.027753303964757708,0.016079295154185023,0.009251101321585903,0.007488986784140969,0.929876134849855,0.023555156080249818,0.0,0.0,0.0,0.0,0.0,0.0,0.0,0.0,0.0,0.0,0.0,0.0,0.0,0.0,0.0,0.0,0.0,0.0,0.0,0.0,0.0,0.0,0.0,0.0,0.0,0.07929515418502203,2.854625550660794,13.81718061674009,11.48458149779736,1.7643171806167406,4.233344721557909,2.879995062439772,nan,nan,nan,4.2075862068965515,2.909498896506969,4.258632362897766,2.8505071395909902,1.0121319334866024,0.394,0.01209,0.0,0.0,0.0,0.0,0.0,0.0,0.0,0.0,0.0,0.0,0.3303964757709252,20.31277533039645,9.337004405286345,0.019823788546255508,0.0,0.0,0.0,0.0,0.0,0.0,0.0,0.0,0.0,0.0,0.0,0.0,0.0,0.0,0.0,0.0,nan,nan,4.233344721557909,2.879995062439772,nan,0.394,0.06494,0.0,0.0,0.0,0.0,0.0,0.0,0.0,0.0,0.0,0.0,0.0,0.0,0.0,0.0,0.0,0.0,0.0,6.607929515418502e-05,3.303964757709251e-05,8.81057268722467e-05,0.0,0.0003524229074889868,0.02008810572687225,0.00023127753303964758,0.005154185022026431,0.005143171806167401,0.005616740088105727,0.007643171806167401,0.003623348017621145,0.01594713656387665,0.02026431718061674,0.00921806167400881,0.060088105726872246,0.020837004405286342,0.05066079295154185,0.04472466960352423,0.0678193832599119,0.06662995594713657,0.03958149779735683,0.05169603524229075,0.07036343612334801,0.04422907488986784,0.0817511013215859,0.06491189427312775,0.020440528634361233,0.02699339207048458,0.0585352422907489,0.023777533039647577,0.03871145374449339,0.01461453744493392,0.014812775330396476,0.018975770925110134,0.016244493392070486,0.001563876651982379,0.0017290748898678415,0.0017400881057268722,0.0039096916299559475,0.0007819383259911895,0.0002863436123348018,0.0,0.0,0.0,0.0001211453744493392,0.0,0.0,0.0,0.0,0.0,0.0,0.0,0.0,0.0,0.0,0.0,0.0,0.0,0.0,0.0,0.0,0.0,0.0,0.0,0.0,0.0,0.0,0.0,0.0,0.0,0.0,0.0,0.0,0.0,0.0,0.0,0.0,0.0,0.0,0.0,0.0,0.0,0.0,nan,nan,4.233344721557909,2.879995062439772,nan,0.9298580901410403,0.023858187338291748,0.0,0.0,0.0,0.0,0.0,0.0,0.0,0.0,0.0,0.0,0.0,0.0,0.0,0.0,0.0,0.0,0.0,0.0,0.0,0.0,0.0,0.0,0.0,0.0,0.0,0.09214567792891622,2.8828433523475216,13.59806932865292,11.663010092145681,1.7639315489249674,0.9298943232140252,0.023245700919599818,0.0,0.0,0.0,0.0,0.0,0.0,0.0,0.0,0.0,0.0,0.0,0.0,0.0,0.0,0.0,0.0,0.0,0.0,0.0,0.0,0.0,0.0,0.0,0.0,0.0,0.06634232640424592,2.8261831048208763,14.038036267138438,11.304732419283505,1.7647058823529416,0.3943,0.01215,0.0,0.0,0.0,0.0,0.0,0.0,0.0,0.0,0.0,0.0,0.34225537516454596,20.153576129881497,9.47784115840281,0.026327336551118918,0.0,0.0,0.0,0.0,0.0,0.0,0.0,0.0,0.0,0.0,0.0,0.0,0.0,0.0,0.0,0.0,0.394,0.01202,0.0,0.0,0.0,0.0,0.0,0.0,0.0,0.0,0.0,0.0,0.3184431667403804,20.47324192835026,9.195046439628484,0.013268465280849184,0.0,0.0,0.0,0.0,0.0,0.0,0.0,0.0,0.0,0.0,0.0,0.0,0.0,0.0,0.0,0.0
71800,4635,2390,0.5156418554476807,1146,937,0.4494066882416397,1305,0.5631067961165048,0.4160000000000001,2.9875278396436524,3.050112326202816,6.496960486322188,2.105317453978211,9518.523193096009,1614.20953006708,7853.0,11083.0,11083.0,0.0,7853.0,0.0,28.615533980582523,21.030890526133224,33.35645325203252,19.267815217980406,0.13160733549083065,0.09816612729234088,0.09320388349514563,0.08198489751887811,0.07551240560949299,0.08414239482200647,0.07119741100323625,0.05782092772384034,0.0651564185544768,0.05177993527508091,0.04789644012944984,0.040992448759439054,0.033872707659115424,0.02826321467098166,0.018770226537216828,0.01272923408845739,0.006903991370010788,0.9301236016207657,0.023606442339105808,0.0,0.0,0.0,0.0,0.0,0.0,0.0,0.0,0.0,0.0,0.0,0.0,0.0,0.0,0.0,0.0,0.0,0.0,0.0,0.0,0.0,0.0,0.0,0.0,0.0,0.12944983818770228,2.8608414239482207,13.624595469255667,11.411003236245957,1.9741100323624599,4.20740498034076,2.8242370226266766,nan,nan,nan,4.215039577836412,2.826548784778778,4.201954397394137,2.821669768871856,0.9968955972534447,0.393,0.01223,0.0,0.0,0.0,0.0,0.0,0.0,0.0,0.0,0.0,0.0,0.45954692556634313,20.96440129449835,8.543689320388351,0.03236245954692557,0.0,0.0,0.0,0.0,0.0,0.0,0.0,0.0,0.0,0.0,0.0,0.0,0.0,0.0,0.0,0.0,nan,nan,4.20740498034076,2.8242370226266766,nan,0.393,0.06525,0.0,0.0,0.0,0.0,0.0,0.0,0.0,0.0,0.0,0.0,0.0,0.0,0.0,0.0,0.0,3.2362459546925564e-05,0.0,0.0002373247033441208,0.0,0.00017259978425026968,3.2362459546925564e-05,0.00022653721682847896,0.020625674217907227,0.00018338727076591153,0.00627831715210356,0.005566343042071198,0.005997842502696872,0.007173678532901834,0.004261057173678533,0.017421790722761597,0.017777777777777778,0.010107874865156418,0.06023732470334412,0.01969795037756203,0.053667745415318234,0.04789644012944984,0.0656957928802589,0.06694714131607335,0.03836030204962244,0.05090614886731391,0.06944983818770227,0.04503775620280474,0.08303128371089537,0.06505933117583602,0.02034519956850054,0.026785329018338726,0.057227615965480046,0.024498381877022652,0.0354368932038835,0.014163969795037756,0.014897518878101403,0.017874865156418555,0.01627831715210356,0.0015857605177993527,0.0014563106796116505,0.0022545846817691477,0.004304207119741101,0.0005285868392664509,0.00022653721682847896,0.0,0.0,0.0,5.393743257820928e-05,0.0,0.0,0.0,0.0,0.0,0.0,0.0,0.0,0.0,0.0,0.0,0.0,0.0,0.0,0.0,0.0,0.0,0.0,0.0,0.0,0.0,0.0,0.0,0.0,0.0,0.0,0.0,0.0,0.0,0.0,0.0,0.0,0.0,0.0,0.0,0.0,0.0,0.0,nan,nan,4.20740498034076,2.8242370226266766,nan,0.9304683971105759,0.023566002362971412,0.0,0.0,0.0,0.0,0.0,0.0,0.0,0.0,0.0,0.0,0.0,0.0,0.0,0.0,0.0,0.0,0.0,0.0,0.0,0.0,0.0,0.0,0.0,0.0,0.0,0.15062761506276154,2.711297071129708,13.468619246861929,11.585774058577408,2.0836820083682013,0.9297565364890746,0.02364389317870136,0.0,0.0,0.0,0.0,0.0,0.0,0.0,0.0,0.0,0.0,0.0,0.0,0.0,0.0,0.0,0.0,0.0,0.0,0.0,0.0,0.0,0.0,0.0,0.0,0.0,0.10690423162583522,3.020044543429845,13.790645879732743,11.224944320712698,1.8574610244988867,0.3933,0.012024,0.0,0.0,0.0,0.0,0.0,0.0,0.0,0.0,0.0,0.0,0.38912133891213396,20.874476987447668,8.711297071129708,0.025104602510460258,0.0,0.0,0.0,0.0,0.0,0.0,0.0,0.0,0.0,0.0,0.0,0.0,0.0,0.0,0.0,0.0,0.393,0.01243,0.0,0.0,0.0,0.0,0.0,0.0,0.0,0.0,0.0,0.0,0.534521158129176,21.060133630289503,8.365256124721606,0.040089086859688206,0.0,0.0,0.0,0.0,0.0,0.0,0.0,0.0,0.0,0.0,0.0,0.0,0.0,0.0,0.0,0.0
71900,4849,2458,0.5069086409568984,1164,1000,0.44627758300680553,1360,0.5609404000824912,0.3960000000000001,2.9623588456712673,3.0707952517367287,6.530920060331825,2.028870112842643,9490.314910290781,1614.845826937889,7853.0,11083.0,11083.0,0.0,7853.0,0.0,27.963291400288718,20.868478470230084,33.016514666009364,19.067372045876127,0.14312229325634152,0.09548360486698289,0.09486492060218601,0.0870282532480924,0.07754176118787379,0.07362342751082697,0.06991132192204579,0.06537430398020211,0.05918746133223345,0.05279439059599918,0.046195091771499275,0.040420705300061865,0.03485254691689008,0.024747370591874613,0.017323159414312228,0.010517632501546711,0.00701175500103114,0.9294736793444903,0.023379528650896486,0.0,0.0,0.0,0.0,0.0,0.0,0.0,0.0,0.0,0.0,0.0,0.0,0.0,0.0,0.0,0.0,0.0,0.0,0.0,0.0,0.0,0.0,0.0,0.0,0.0,0.09898948236749848,3.0068055269127663,13.877088059393692,11.309548360486701,1.7075685708393487,4.317991631799163,2.8703238523957424,nan,nan,nan,4.329746835443038,2.7981913121607698,4.303407601572739,2.942494091974571,0.9939166803807816,0.3933,0.01224,0.0,0.0,0.0,0.0,0.0,0.0,0.0,0.0,0.0,0.0,0.3279026603423387,20.837286038358393,8.816250773355332,0.018560527943905964,0.0,0.0,0.0,0.0,0.0,0.0,0.0,0.0,0.0,0.0,0.0,0.0,0.0,0.0,0.0,0.0,nan,nan,4.317991631799163,2.8703238523957424,nan,0.3933,0.06525,0.0,0.0,0.0,0.0,0.0,0.0,0.0,0.0,0.0,0.0,0.0,0.0,0.0,0.0,0.0,0.00011342544854609197,0.0,0.00012373685295937308,0.0,0.000350587750051557,0.00023716230150546503,0.00040214477211796245,0.023066611672509795,0.00016498247061249742,0.005939368942049907,0.005516601361105383,0.005650649618478037,0.006238399670035059,0.003949267890286657,0.015570220664054444,0.016776654980408333,0.008764693751288926,0.05618684264796865,0.0189214270983708,0.057341719942256134,0.04802021035265003,0.06830274283357393,0.06878737884099814,0.03786347700556816,0.04985564033821407,0.06719942256135286,0.04611260053619303,0.08634770055681584,0.06409568983295524,0.021035265003093422,0.02630439265828006,0.05482573726541555,0.026180655805320686,0.034842235512476796,0.016735409362755208,0.01448752320065993,0.017560321715817694,0.015683646112600536,0.0015157764487523202,0.001526087853165601,0.002423180037121056,0.004176118787378841,0.000350587750051557,0.00030934213239843265,0.0,0.0,0.0,0.00014435966178593523,0.0,0.0,0.0,0.0,0.0,0.0,0.0,0.0,0.0,0.0,0.0,0.0,0.0,0.0,0.0,0.0,0.0,0.0,0.0,0.0,0.0,0.0,0.0,0.0,0.0,0.0,0.0,0.0,0.0,0.0,0.0,0.0,0.0,0.0,0.0,0.0,0.0,0.0,nan,nan,4.317991631799163,2.8703238523957424,nan,0.9293629144438891,0.023321558049974857,0.0,0.0,0.0,0.0,0.0,0.0,0.0,0.0,0.0,0.0,0.0,0.0,0.0,0.0,0.0,0.0,0.0,0.0,0.0,0.0,0.0,0.0,0.0,0.0,0.0,0.12205044751830758,2.9902359641985363,13.950366151342559,11.167615947925146,1.76973148901546,0.9295875480712482,0.023438428579004973,0.0,0.0,0.0,0.0,0.0,0.0,0.0,0.0,0.0,0.0,0.0,0.0,0.0,0.0,0.0,0.0,0.0,0.0,0.0,0.0,0.0,0.0,0.0,0.0,0.0,0.0752823086574655,3.0238393977415314,13.80175658720201,11.455457967377669,1.6436637390213304,0.3933,0.01216,0.0,0.0,0.0,0.0,0.0,0.0,0.0,0.0,0.0,0.0,0.35394629780309206,21.017087062652532,8.616761594792516,0.012205044751830759,0.0,0.0,0.0,0.0,0.0,0.0,0.0,0.0,0.0,0.0,0.0,0.0,0.0,0.0,0.0,0.0,0.3936,0.01231,0.0,0.0,0.0,0.0,0.0,0.0,0.0,0.0,0.0,0.0,0.301129234629862,20.65244667503134,9.02132998745295,0.025094102885821836,0.0,0.0,0.0,0.0,0.0,0.0,0.0,0.0,0.0,0.0,0.0,0.0,0.0,0.0,0.0,0.0
72000,4807,2509,0.5219471603910963,1189,984,0.45204909506969004,1369,0.5695860203869357,0.4000000000000001,3.0043516100957355,3.1175097515974293,6.612403100775194,2.190572037850762,9538.889328063242,1613.4434304203983,7853.0,11083.0,11083.0,0.0,7853.0,0.0,28.117536925317246,20.850895627735458,32.99333333333333,19.090692063327356,0.1360515914291658,0.10047846889952153,0.08778864156438528,0.092989390472228,0.07780320366132723,0.07613896401081756,0.07197836488454337,0.0680257957145829,0.05471187851050551,0.051175369253172454,0.04680674017058457,0.04014978156854587,0.033700852922820886,0.02537965467027252,0.018306636155606407,0.012273767422508842,0.006240898689411275,0.9298398464713544,0.02343484894053005,0.0,0.0,0.0,0.0,0.0,0.0,0.0,0.0,0.0,0.0,0.0,0.0,0.0,0.0,0.0,0.0,0.0,0.0,0.0,0.0,0.0,0.0,0.0,0.0,0.0,0.14978156854587063,2.9394632827127114,13.680049927189518,11.452049095069693,1.7786561264822138,4.263392857142857,2.931207301373011,nan,nan,nan,4.422634271099744,2.901586869257667,4.104392106938256,2.952723143490078,0.9280423963064093,0.3945,0.01247,0.0,0.0,0.0,0.0,0.0,0.0,0.0,0.0,0.0,0.0,0.24963594757645105,20.083211982525455,9.623465779072188,0.04368629082587894,0.0,0.0,0.0,0.0,0.0,0.0,0.0,0.0,0.0,0.0,0.0,0.0,0.0,0.0,0.0,0.0,nan,nan,4.263392857142857,2.931207301373011,nan,0.3945,0.06506,0.0,0.0,0.0,0.0,0.0,0.0,0.0,0.0,0.0,0.0,0.0,0.0,0.0,0.0,0.0,6.240898689411275e-05,2.080299563137092e-05,0.00011441647597254005,0.0,0.0004264614104431038,8.321198252548368e-05,8.321198252548368e-05,0.022415227792802164,0.0001976284584980237,0.006084876222175993,0.005096733929685875,0.005491990846681922,0.006542542126066153,0.003307676305387976,0.014530892448512587,0.016527980029124194,0.008144372789681715,0.05266278344081548,0.021031828583316,0.05740586644476805,0.04741002704389432,0.06793218223424173,0.06659038901601831,0.03775743707093822,0.05092573330559601,0.0670272519242771,0.045953817349698355,0.08692531724568338,0.06697524443519867,0.022581651757853132,0.027678385687539005,0.055419180361972124,0.025847722071978364,0.03342001248179738,0.017963386727688786,0.014343665487830247,0.01775535677137508,0.015955897649261492,0.0018514666111920117,0.001497815685458706,0.0024443519866860827,0.00430622009569378,0.0004784688995215311,0.0004472644060744747,0.0,0.0,0.0,0.0002808404410235074,0.0,0.0,0.0,0.0,0.0,0.0,0.0,0.0,0.0,0.0,0.0,0.0,0.0,0.0,0.0,0.0,0.0,0.0,0.0,0.0,0.0,0.0,0.0,0.0,0.0,0.0,0.0,0.0,0.0,0.0,0.0,0.0,0.0,0.0,0.0,0.0,0.0,0.0,nan,nan,4.263392857142857,2.931207301373011,nan,0.9297571876173525,0.023793835772844826,0.0,0.0,0.0,0.0,0.0,0.0,0.0,0.0,0.0,0.0,0.0,0.0,0.0,0.0,0.0,0.0,0.0,0.0,0.0,0.0,0.0,0.0,0.0,0.0,0.0,0.2032682343563173,3.0968513351933047,13.403746512554806,11.490633718612996,1.805500199282583,0.9299300949764417,0.02303617419946515,0.0,0.0,0.0,0.0,0.0,0.0,0.0,0.0,0.0,0.0,0.0,0.0,0.0,0.0,0.0,0.0,0.0,0.0,0.0,0.0,0.0,0.0,0.0,0.0,0.0,0.09138381201044389,2.7676240208877294,13.981723237597915,11.40992167101828,1.74934725848564,0.395,0.012405,0.0,0.0,0.0,0.0,0.0,0.0,0.0,0.0,0.0,0.0,0.25109605420486253,19.63332004782779,10.079713033080912,0.035870864886408935,0.0,0.0,0.0,0.0,0.0,0.0,0.0,0.0,0.0,0.0,0.0,0.0,0.0,0.0,0.0,0.0,0.394,0.01252,0.0,0.0,0.0,0.0,0.0,0.0,0.0,0.0,0.0,0.0,0.2480417754569191,20.574412532637048,9.125326370757183,0.052219321148825076,0.0,0.0,0.0,0.0,0.0,0.0,0.0,0.0,0.0,0.0,0.0,0.0,0.0,0.0,0.0,0.0
72100,5023,2513,0.500298626318933,1201,1077,0.4535138363527772,1475,0.5872984272347203,0.36000000000000004,2.958565737051793,3.0289237064316787,6.410641200545703,2.0356297645653467,9468.964563010153,1614.9997119560733,7853.0,11083.0,11083.0,0.0,7853.0,0.0,28.462671710133385,20.96996302292612,33.44570617459191,19.112458945854133,0.140553454111089,0.08819430619151901,0.09237507465657974,0.0830181166633486,0.08341628508859247,0.078439179773044,0.06788771650408122,0.06589687437786183,0.058928926936093966,0.0565399163846307,0.04499303205255823,0.04001592673700975,0.03364523193310771,0.027473621341827594,0.0218992633884133,0.010551463268962771,0.006171610591280112,0.9292059654902823,0.023261690763018164,0.0,0.0,0.0,0.0,0.0,0.0,0.0,0.0,0.0,0.0,0.0,0.0,0.0,0.0,0.0,0.0,0.0,0.0,0.0,0.0,0.0,0.0,0.0,0.0,0.0,0.12542305395182166,2.753334660561418,14.507266573760704,11.043201274138964,1.5707744375870998,4.235009085402786,2.8256221984756387,nan,nan,nan,4.162507608034084,2.7858885415080707,4.306811332127788,2.8626202954575755,1.0346674979801076,0.3945,0.01215,0.0,0.0,0.0,0.0,0.0,0.0,0.0,0.0,0.0,0.0,0.2030658968743779,20.03782600039814,9.723272944455505,0.03583515827194904,0.0,0.0,0.0,0.0,0.0,0.0,0.0,0.0,0.0,0.0,0.0,0.0,0.0,0.0,0.0,0.0,nan,nan,4.235009085402786,2.8256221984756387,nan,0.3945,0.0647,0.0,0.0,0.0,0.0,0.0,0.0,0.0,0.0,0.0,0.0,0.0,0.0,0.0,0.0,0.0,0.00019908421262193908,0.0,0.00010949631694206649,0.0,0.0003683057933505873,9.954210631096954e-06,8.958789567987259e-05,0.022854867608998606,0.0005574357953414294,0.0050567390005972525,0.004628707943460084,0.004877563209237507,0.006619550069679474,0.0032649810869998007,0.01346804698387418,0.017171013338642245,0.006758909018514832,0.05295640055743579,0.021749950228946845,0.056679275333466055,0.04862631893290862,0.07003782600039817,0.06598646227354171,0.03766673302807087,0.0519609794943261,0.06753931913199283,0.04503284889508262,0.08923949830778419,0.06664344017519411,0.02134182759307187,0.028419271351781804,0.056390603225164246,0.024825801313955804,0.03305793350587299,0.018713915986462274,0.014035436989846705,0.0173203264981087,0.01346804698387418,0.0016822615966553853,0.0016723073860242883,0.0028966752936492135,0.005006967947441768,0.00029862631893290864,0.0004778021102926538,0.0,0.0,0.0,0.0002389010551463269,0.0,0.0,0.0,0.0,0.0,0.0,0.0,0.0,0.0,0.0,0.0,0.0,0.0,0.0,0.0,0.0,0.0,0.0,0.0,0.0,0.0,0.0,0.0,0.0,0.0,0.0,0.0,0.0,0.0,0.0,0.0,0.0,0.0,0.0,0.0,0.0,0.0,0.0,nan,nan,4.235009085402786,2.8256221984756387,nan,0.9284613149079772,0.02332041807676175,0.0,0.0,0.0,0.0,0.0,0.0,0.0,0.0,0.0,0.0,0.0,0.0,0.0,0.0,0.0,0.0,0.0,0.0,0.0,0.0,0.0,0.0,0.0,0.0,0.0,0.11937922801432553,3.068046159968166,14.277755670513333,11.138081973736572,1.3967369677676087,0.9299515060932038,0.023178790893986105,0.0,0.0,0.0,0.0,0.0,0.0,0.0,0.0,0.0,0.0,0.0,0.0,0.0,0.0,0.0,0.0,0.0,0.0,0.0,0.0,0.0,0.0,0.0,0.0,0.0,0.1314741035856574,2.4382470119521917,14.737051792828689,10.948207171314744,1.7450199203187255,0.3945,0.01223,0.0,0.0,0.0,0.0,0.0,0.0,0.0,0.0,0.0,0.0,0.16713091922005577,20.222841225626713,9.562276163947475,0.047751691205730216,0.0,0.0,0.0,0.0,0.0,0.0,0.0,0.0,0.0,0.0,0.0,0.0,0.0,0.0,0.0,0.0,0.3948,0.012085,0.0,0.0,0.0,0.0,0.0,0.0,0.0,0.0,0.0,0.0,0.23904382470119526,19.852589641434236,9.884462151394425,0.02390438247011953,0.0,0.0,0.0,0.0,0.0,0.0,0.0,0.0,0.0,0.0,0.0,0.0,0.0,0.0,0.0,0.0
72200,4434,2311,0.5211998195760036,1094,858,0.44023455119530897,1226,0.552999548940009,0.4280000000000001,2.978803579839849,3.1139488466032637,6.5008130081300814,2.178889697673459,9536.475417230491,1613.547680496337,7853.0,11083.0,11083.0,0.0,7853.0,0.0,28.16463689670726,20.88877592500052,32.99893105291288,19.149053837912792,0.13509246729815066,0.09923319801533605,0.09968425800631484,0.08389715832205684,0.08051420838971583,0.07442489851150202,0.06698240866035182,0.05976544880469102,0.056833558863328824,0.058186738836265225,0.04984212900315742,0.039918809201623814,0.037437979251240414,0.02368064952638701,0.015110509697789806,0.012629679747406405,0.006765899864682003,0.9308394183701741,0.02322977588807074,0.0,0.0,0.0,0.0,0.0,0.0,0.0,0.0,0.0,0.0,0.0,0.0,0.0,0.0,0.0,0.0,0.0,0.0,0.0,0.0,0.0,0.0,0.0,0.0,0.0,0.08119079837618405,2.6792963464140733,13.376184032476322,11.98240866035183,1.8809201623815972,4.289122807017544,2.9172062342228413,nan,nan,nan,4.320567375886525,2.9033000966373157,4.258333333333334,2.930431803600888,0.9855958634274459,0.3945,0.01211,0.0,0.0,0.0,0.0,0.0,0.0,0.0,0.0,0.0,0.0,0.22327469553450613,20.223274695534478,9.553450608930989,0.0,0.0,0.0,0.0,0.0,0.0,0.0,0.0,0.0,0.0,0.0,0.0,0.0,0.0,0.0,0.0,0.0,nan,nan,4.289122807017544,2.9172062342228413,nan,0.3945,0.06494,0.0,0.0,0.0,0.0,0.0,0.0,0.0,0.0,0.0,0.0,0.0,0.0,0.0,0.0,0.0,0.0004848894903022102,0.0,6.765899864682003e-05,4.510599909788002e-05,0.00011276499774470004,0.00010148849797023003,0.00020297699594046007,0.021267478574650427,0.0007104194857916103,0.005480378890392422,0.0052435723951285524,0.005412719891745603,0.007092918358141633,0.0037437979251240417,0.013509246729815065,0.016384754172304918,0.006044203879115922,0.05356337392873252,0.02130130807397384,0.05603292737934145,0.04945872801082544,0.06999323410013532,0.06941813261163735,0.03821605773567884,0.05019170049616599,0.06610284167794317,0.042253044654939106,0.08659224176815516,0.0722598105548038,0.02185385656292287,0.026172755976544882,0.05239061795218764,0.02503382949932341,0.03574650428506992,0.01880920162381597,0.014738385205232296,0.017061344158773115,0.014512855209742897,0.0021087054578258907,0.0017027514659449707,0.0027852954442940912,0.004905277401894452,0.00043978349120433015,0.00036084799278304015,0.0,0.0,0.0,9.021199819576004e-05,0.0,0.0,0.0,0.0,0.0,0.0,0.0,0.0,0.0,0.0,0.0,0.0,0.0,0.0,0.0,0.0,0.0,0.0,0.0,0.0,0.0,0.0,0.0,0.0,0.0,0.0,0.0,0.0,0.0,0.0,0.0,0.0,0.0,0.0,0.0,0.0,0.0,0.0,nan,nan,4.289122807017544,2.9172062342228413,nan,0.9306569141208841,0.02367470574470967,0.0,0.0,0.0,0.0,0.0,0.0,0.0,0.0,0.0,0.0,0.0,0.0,0.0,0.0,0.0,0.0,0.0,0.0,0.0,0.0,0.0,0.0,0.0,0.0,0.0,0.06490696668109044,2.842925140631762,13.46170488965816,11.553440069234101,2.077022933794894,0.9310380840885487,0.02273388457776723,0.0,0.0,0.0,0.0,0.0,0.0,0.0,0.0,0.0,0.0,0.0,0.0,0.0,0.0,0.0,0.0,0.0,0.0,0.0,0.0,0.0,0.0,0.0,0.0,0.0,0.09891662741403677,2.501177578897787,13.283089967027795,12.4493641073952,1.6674517192651912,0.3948,0.01228,0.0,0.0,0.0,0.0,0.0,0.0,0.0,0.0,0.0,0.0,0.24664647338814372,19.97836434443961,9.774989182172222,0.0,0.0,0.0,0.0,0.0,0.0,0.0,0.0,0.0,0.0,0.0,0.0,0.0,0.0,0.0,0.0,0.0,0.3943,0.0119,0.0,0.0,0.0,0.0,0.0,0.0,0.0,0.0,0.0,0.0,0.19783325482807354,20.489872821479008,9.31229392369289,0.0,0.0,0.0,0.0,0.0,0.0,0.0,0.0,0.0,0.0,0.0,0.0,0.0,0.0,0.0,0.0,0.0
72300,4484,2315,0.5162801070472792,1094,916,0.44826048171275645,1230,0.5486173059768065,0.4280000000000001,2.955739972337483,3.147206789373412,6.777589134125637,2.070843834702592,9520.584745762711,1614.1436876911148,7853.0,11083.0,11083.0,0.0,7853.0,0.0,27.889161462979484,20.927756417765707,32.98184730379071,19.13249923192888,0.1431757359500446,0.10057983942908118,0.08920606601248884,0.08876003568242641,0.08050847457627118,0.07627118644067797,0.059545049063336304,0.06601248884924175,0.06489741302408564,0.05196253345227476,0.045495093666369314,0.03991971454058876,0.03189116859946477,0.025869759143621766,0.0191793041926851,0.008920606601248885,0.007805530776092774,0.9310842711780881,0.023097193969148676,0.0,0.0,0.0,0.0,0.0,0.0,0.0,0.0,0.0,0.0,0.0,0.0,0.0,0.0,0.0,0.0,0.0,0.0,0.0,0.0,0.0,0.0,0.0,0.0,0.0,0.08028545941123998,2.74977698483497,12.97948260481713,12.370651204281895,1.819803746654773,4.302988186240444,2.9071689146900415,nan,nan,nan,4.263751763046544,2.8834135907908776,4.341095890410959,2.9295535036129747,1.0181399226931427,0.395,0.01237,0.0,0.0,0.0,0.0,0.0,0.0,0.0,0.0,0.0,0.0,0.2676181980374666,19.663247100802824,10.055753791257807,0.013380909901873331,0.0,0.0,0.0,0.0,0.0,0.0,0.0,0.0,0.0,0.0,0.0,0.0,0.0,0.0,0.0,0.0,nan,nan,4.302988186240444,2.9071689146900415,nan,0.395,0.0652,0.0,0.0,0.0,0.0,0.0,0.0,0.0,0.0,0.0,0.0,0.0,0.0,0.0,0.0,0.0,0.00026761819803746654,0.0,0.0,7.805530776092774e-05,0.0001449598572702944,0.0001895628902765388,0.0001895628902765388,0.022167707404103478,0.000524085637823372,0.005675735950044603,0.00564228367528992,0.005162801070472792,0.005854148082069581,0.003947368421052632,0.013826940231935772,0.01784121320249777,0.0064562890276538805,0.05030107047279215,0.022323818019625335,0.05257582515611062,0.05189562890276539,0.06995985727029438,0.06795272078501338,0.039997769848349685,0.05149420160570919,0.06263380909901874,0.03921721677074041,0.0877007136485281,0.07406333630686887,0.0217885816235504,0.0268064228367529,0.053902765388046385,0.023416592328278325,0.038648528099910796,0.018097680642283676,0.014986619090098127,0.017305976806422835,0.013648528099910793,0.002653880463871543,0.002007136485280999,0.00262042818911686,0.00504014272970562,0.000524085637823372,0.0003679750223015165,0.0,2.2301516503122213e-05,0.0,7.805530776092774e-05,0.0,0.0,0.0,0.0,0.0,0.0,0.0,0.0,0.0,0.0,0.0,0.0,0.0,0.0,0.0,0.0,0.0,0.0,0.0,0.0,0.0,0.0,0.0,0.0,0.0,0.0,0.0,0.0,0.0,0.0,0.0,0.0,0.0,0.0,0.0,0.0,0.0,0.0,nan,nan,4.302988186240444,2.9071689146900415,nan,0.9314445684074583,0.023448177022441063,0.0,0.0,0.0,0.0,0.0,0.0,0.0,0.0,0.0,0.0,0.0,0.0,0.0,0.0,0.0,0.0,0.0,0.0,0.0,0.0,0.0,0.0,0.0,0.0,0.0,0.09071274298056158,2.7602591792656597,12.69978401727862,12.570194384449247,1.8790496760259183,0.9306997215764321,0.022710298292827336,0.0,0.0,0.0,0.0,0.0,0.0,0.0,0.0,0.0,0.0,0.0,0.0,0.0,0.0,0.0,0.0,0.0,0.0,0.0,0.0,0.0,0.0,0.0,0.0,0.0,0.06915629322268328,2.7385892116182577,13.27800829875519,12.15767634854772,1.7565698478561553,0.395,0.012054,0.0,0.0,0.0,0.0,0.0,0.0,0.0,0.0,0.0,0.0,0.2073434125269979,19.73650107991358,10.056155507559398,0.0,0.0,0.0,0.0,0.0,0.0,0.0,0.0,0.0,0.0,0.0,0.0,0.0,0.0,0.0,0.0,0.0,0.395,0.012695,0.0,0.0,0.0,0.0,0.0,0.0,0.0,0.0,0.0,0.0,0.3319502074688797,19.585062240663873,10.055325034578148,0.02766251728907331,0.0,0.0,0.0,0.0,0.0,0.0,0.0,0.0,0.0,0.0,0.0,0.0,0.0,0.0,0.0,0.0
72400,4844,2477,0.5113542526837325,1169,1012,0.45024772914946326,1401,0.578447563996697,0.3960000000000001,2.9256442754541614,3.0175457473480627,6.369924812030075,2.1044165859636967,9504.674236168456,1614.5835377587189,7853.0,11083.0,11083.0,0.0,7853.0,0.0,28.00928984310487,20.815975283267722,32.911454500858476,19.0384957545812,0.13955408753096615,0.09620148637489678,0.09021469859620149,0.08773740710156895,0.08154417836498762,0.07906688687035508,0.07018992568125516,0.06812551610239471,0.0573905862923204,0.0495458298926507,0.049132947976878616,0.03777869529314616,0.03199834847233691,0.02477291494632535,0.016928158546655657,0.011973575557390587,0.007844756399669695,0.931559722953646,0.02364695586914081,0.0,0.0,0.0,0.0,0.0,0.0,0.0,0.0,0.0,0.0,0.0,0.0,0.0,0.0,0.0,0.0,0.0,0.0,0.0,0.0,0.0,0.0,0.0,0.0,0.0,0.07431874483897606,2.68166804293972,13.073905862923207,12.120148637489681,2.049958711808423,4.241434010152284,2.8682617305229305,nan,nan,nan,4.127469725940089,2.8625297407660075,4.354390397978522,2.8694688601401466,1.0549781554089408,0.3953,0.01244,0.0,0.0,0.0,0.0,0.0,0.0,0.0,0.0,0.0,0.0,0.2601156069364162,19.29190751445084,10.386044591246906,0.06193228736581339,0.0,0.0,0.0,0.0,0.0,0.0,0.0,0.0,0.0,0.0,0.0,0.0,0.0,0.0,0.0,0.0,nan,nan,4.241434010152284,2.8682617305229305,nan,0.3955,0.06525,0.0,0.0,0.0,0.0,0.0,0.0,0.0,0.0,0.0,0.0,0.0,0.0,0.0,0.0,0.0,0.00014450867052023122,0.0,0.0,0.00012386457473162674,9.289843104872006e-05,0.00020644095788604458,0.00030966143682906687,0.021934351775392238,0.000722543352601156,0.005388109000825764,0.005439719240297275,0.0045520231213872836,0.005491329479768786,0.004665565648224608,0.012365813377374071,0.01911643270024773,0.005088769611891,0.051961189099917426,0.022574318744838975,0.05216763005780347,0.05305532617671346,0.07012799339388935,0.06812551610239471,0.03856317093311313,0.050609000825763834,0.061075557390586295,0.0379644921552436,0.08860445912469034,0.07509289843104872,0.022326589595375722,0.028364987613542527,0.051919900908340214,0.022058216350123866,0.03925474814203138,0.020664739884393064,0.014275392237819984,0.018362923203963665,0.013945086705202312,0.0027353426919900906,0.0019095788604459125,0.0018682906688687036,0.005656482246077622,0.000495458298926507,0.0005161023947151115,0.0,7.225433526011561e-05,0.0,1.032204789430223e-05,0.0,0.0,0.0,0.0,0.0,0.0,0.0,0.0,0.0,0.0,0.0,0.0,0.0,0.0,0.0,0.0,0.0,0.0,0.0,0.0,0.0,0.0,0.0,0.0,0.0,0.0,0.0,0.0,0.0,0.0,0.0,0.0,0.0,0.0,0.0,0.0,0.0,0.0,nan,nan,4.241434010152284,2.8682617305229305,nan,0.9316529218689491,0.023505735047871172,0.0,0.0,0.0,0.0,0.0,0.0,0.0,0.0,0.0,0.0,0.0,0.0,0.0,0.0,0.0,0.0,0.0,0.0,0.0,0.0,0.0,0.0,0.0,0.0,0.0,0.0847799757771498,2.640290674202665,12.935002018570854,12.353653613241828,1.9862737182075094,0.9314621928677964,0.0237934511645759,0.0,0.0,0.0,0.0,0.0,0.0,0.0,0.0,0.0,0.0,0.0,0.0,0.0,0.0,0.0,0.0,0.0,0.0,0.0,0.0,0.0,0.0,0.0,0.0,0.0,0.06337135614702155,2.724968314321927,13.219264892268697,11.875792141951841,2.11660329531052,0.3953,0.01243,0.0,0.0,0.0,0.0,0.0,0.0,0.0,0.0,0.0,0.0,0.2543399273314494,19.257165926523996,10.427937020589425,0.060557125555107,0.0,0.0,0.0,0.0,0.0,0.0,0.0,0.0,0.0,0.0,0.0,0.0,0.0,0.0,0.0,0.0,0.3955,0.01246,0.0,0.0,0.0,0.0,0.0,0.0,0.0,0.0,0.0,0.0,0.26615969581749055,19.328263624841544,10.342205323193918,0.06337135614702155,0.0,0.0,0.0,0.0,0.0,0.0,0.0,0.0,0.0,0.0,0.0,0.0,0.0,0.0,0.0,0.0
72500,4921,2578,0.523877260719366,1216,976,0.44543791912212966,1394,0.566551513919935,0.38400000000000006,2.9842082799829277,3.0510254292649006,6.353932584269663,2.1439780405012896,9545.123552123552,1613.1574497574145,7853.0,11083.0,11083.0,0.0,7853.0,0.0,28.296281243649666,20.962813486452212,33.08743694451117,19.23148849257932,0.13310302783986994,0.10079252184515343,0.09449298922983133,0.08595813858971754,0.08189392399918716,0.07153017679333469,0.06868522657996343,0.06116642958748222,0.05913432229221703,0.056492582808372285,0.04714488925015241,0.04084535663483032,0.03881324933956513,0.023978866084129243,0.016866490550701076,0.011989433042064622,0.007112375533428165,0.9309510377286242,0.02355233837298396,0.0,0.0,0.0,0.0,0.0,0.0,0.0,0.0,0.0,0.0,0.0,0.0,0.0,0.0,0.0,0.0,0.0,0.0,0.0,0.0,0.0,0.0,0.0,0.0,0.0060963218857955715,0.09754115017272914,2.67018898597846,13.43629343629344,11.802479170900227,1.9874009347693562,4.213637785423835,2.8579707279926843,nan,nan,nan,4.204042956411876,2.815341748887968,4.223048327137547,2.899141286596281,1.0045207365678042,0.395,0.01186,0.0,0.0,0.0,0.0,0.0,0.0,0.0,0.0,0.0,0.0,0.2316602316602317,19.62406015037591,10.11989433042065,0.024385287543182286,0.0,0.0,0.0,0.0,0.0,0.0,0.0,0.0,0.0,0.0,0.0,0.0,0.0,0.0,0.0,0.0,nan,nan,4.213637785423835,2.8579707279926843,nan,0.395,0.06494,0.0,0.0,0.0,0.0,0.0,0.0,0.0,0.0,0.0,0.0,0.0,0.0,0.0,0.0,0.0,0.0002844950213371266,0.0,0.0,0.00029465555781345255,7.112375533428166e-05,5.080268238162975e-05,0.0004877057508636456,0.021194879089615933,0.0008534850640113798,0.005141231457020931,0.005181873602926234,0.004826254826254826,0.005740703109124162,0.0052326762853078645,0.01193863035968299,0.0194980694980695,0.005029465555781345,0.05175777281040439,0.023460678723836618,0.05351554562080878,0.05235724446250762,0.0694980694980695,0.070636049583418,0.03737045315992685,0.0497256655151392,0.06163381426539321,0.03933143669985775,0.0859073359073359,0.07534037797195692,0.021580979475716317,0.028733997155049786,0.051747612273928066,0.023216825848404794,0.0398597845966267,0.021286323917902864,0.015840276366592156,0.01613493192440561,0.013726884779516358,0.0027636659215606583,0.002093070514123146,0.0016866490550701077,0.00416581995529364,0.00041658199552936393,0.00033529770371875636,0.0,2.03210729526519e-05,0.0,3.048160942897785e-05,0.0,0.0,0.0,0.0,0.0,0.0,0.0,0.0,0.0,0.0,0.0,0.0,0.0,0.0,0.0,0.0,0.0,0.0,0.0,0.0,0.0,0.0,0.0,0.0,0.0,0.0,0.0,0.0,0.0,0.0,0.0,0.0,0.0,0.0,0.0,0.0,0.0,0.0,nan,nan,4.213637785423835,2.8579707279926843,nan,0.931408695535571,0.023370056533788902,0.0,0.0,0.0,0.0,0.0,0.0,0.0,0.0,0.0,0.0,0.0,0.0,0.0,0.0,0.0,0.0,0.0,0.0,0.0,0.0,0.0,0.0,0.0,0.0,0.0,0.08145849495733129,2.5833979829325067,13.126454615981384,12.160589604344455,2.048099301784329,0.930447477410097,0.02374109469593076,0.0,0.0,0.0,0.0,0.0,0.0,0.0,0.0,0.0,0.0,0.0,0.0,0.0,0.0,0.0,0.0,0.0,0.0,0.0,0.0,0.0,0.0,0.0,0.0,0.012804097311139568,0.1152368758002561,2.765685019206147,13.777208706786174,11.408450704225356,1.9206145966709351,0.395,0.01187,0.0,0.0,0.0,0.0,0.0,0.0,0.0,0.0,0.0,0.0,0.24437548487199384,19.596586501163664,10.124127230411174,0.03491078355314198,0.0,0.0,0.0,0.0,0.0,0.0,0.0,0.0,0.0,0.0,0.0,0.0,0.0,0.0,0.0,0.0,0.3953,0.01186,0.0,0.0,0.0,0.0,0.0,0.0,0.0,0.0,0.0,0.0,0.21766965428937265,19.654289372599205,10.115236875800258,0.012804097311139568,0.0,0.0,0.0,0.0,0.0,0.0,0.0,0.0,0.0,0.0,0.0,0.0,0.0,0.0,0.0,0.0
72600,4498,2293,0.5097821253890618,1032,961,0.44308581591818585,1306,0.58070253445976,0.4200000000000001,2.951020408163265,3.062220246213228,6.446982055464926,2.25297588839178,9499.59626500667,1614.6908917924907,7853.0,11083.0,11083.0,0.0,7853.0,0.0,27.964428634948867,20.91812315956684,32.98620323693287,19.13128791760056,0.14339706536238328,0.09959982214317474,0.0920409070698088,0.0838150289017341,0.082258781680747,0.07759004001778569,0.06514006224988884,0.06047132058692752,0.05646954201867497,0.05024455313472655,0.052245442418852824,0.03801689639839929,0.035126722987994664,0.029346376167185415,0.020008892841262782,0.008892841262783458,0.005335704757670075,0.9308243708220414,0.02282945698981313,0.0,0.0,0.0,0.0,0.0,0.0,0.0,0.0,0.0,0.0,0.0,0.0,0.0,0.0,0.0,0.0,0.0,0.0,0.0,0.0,0.0,0.0,0.0,0.0,0.0,0.09337483325922635,2.501111605157848,13.739439751000448,12.085371276122725,1.5807025344597603,4.202262598560164,2.815834132263741,nan,nan,nan,4.2517006802721085,2.821066371965316,4.152038700760193,2.8096181294005955,0.9765595024187975,0.3955,0.01203,0.0,0.0,0.0,0.0,0.0,0.0,0.0,0.0,0.0,0.0,0.1667407736771899,19.308581591818555,10.4846598488217,0.04001778568252557,0.0,0.0,0.0,0.0,0.0,0.0,0.0,0.0,0.0,0.0,0.0,0.0,0.0,0.0,0.0,0.0,nan,nan,4.202262598560164,2.815834132263741,nan,0.3955,0.06476,0.0,0.0,0.0,0.0,0.0,0.0,0.0,0.0,0.0,0.0,0.0,0.0,0.0,0.0,0.0,0.0003112494441974211,0.0,0.0,0.00020008892841262782,5.558025789239662e-05,3.334815473543797e-05,0.0005669186305024455,0.020864828812805693,0.0008114717652289907,0.004513116940862606,0.005157847932414406,0.00493552690084482,0.0055357936860827035,0.004991107158737217,0.012049799911071588,0.02157625611382837,0.0055913739439751,0.04906625166740774,0.022232103156958647,0.05415740329035127,0.05038906180524678,0.06905291240551356,0.06807469986660739,0.03818363717207648,0.052723432636727435,0.05909293019119609,0.03961760782570031,0.08731658514895509,0.07791240551356159,0.02133170297910182,0.03124722098710538,0.04942196531791908,0.022287683414851045,0.03991774121831925,0.023588261449533125,0.016585148955091153,0.01495108937305469,0.014250778123610494,0.0024121831925300132,0.002445531347265451,0.0013783903957314363,0.004635393508225878,0.0003557136505113384,0.0001778568252556692,0.0,0.0,0.0,0.0,0.0,0.0,0.0,0.0,0.0,0.0,0.0,0.0,0.0,0.0,0.0,0.0,0.0,0.0,0.0,0.0,0.0,0.0,0.0,0.0,0.0,0.0,0.0,0.0,0.0,0.0,0.0,0.0,0.0,0.0,0.0,0.0,0.0,0.0,0.0,0.0,0.0,0.0,nan,nan,4.202262598560164,2.815834132263741,nan,0.9305617302669171,0.022414302003357398,0.0,0.0,0.0,0.0,0.0,0.0,0.0,0.0,0.0,0.0,0.0,0.0,0.0,0.0,0.0,0.0,0.0,0.0,0.0,0.0,0.0,0.0,0.0,0.0,0.0,0.07849978194505017,2.485826428259922,14.090710859136506,11.827300479720893,1.5176624509376366,0.9310974931770982,0.0232501736116305,0.0,0.0,0.0,0.0,0.0,0.0,0.0,0.0,0.0,0.0,0.0,0.0,0.0,0.0,0.0,0.0,0.0,0.0,0.0,0.0,0.0,0.0,0.0,0.0,0.0,0.10884353741496601,2.517006802721089,13.37414965986395,12.353741496598643,1.646258503401361,0.3958,0.01193,0.0,0.0,0.0,0.0,0.0,0.0,0.0,0.0,0.0,0.0,0.15699956389010034,19.38944614042736,10.414304404709988,0.039249890972525084,0.0,0.0,0.0,0.0,0.0,0.0,0.0,0.0,0.0,0.0,0.0,0.0,0.0,0.0,0.0,0.0,0.3953,0.01212,0.0,0.0,0.0,0.0,0.0,0.0,0.0,0.0,0.0,0.0,0.17687074829931979,19.22448979591834,10.557823129251702,0.04081632653061225,0.0,0.0,0.0,0.0,0.0,0.0,0.0,0.0,0.0,0.0,0.0,0.0,0.0,0.0,0.0,0.0
72700,4590,2295,0.5,1089,923,0.4383442265795207,1294,0.563834422657952,0.3960000000000001,2.835294117647059,3.008321152291569,6.370486656200942,2.076467969753875,9468.0,1615.0,7853.0,11083.0,11083.0,0.0,7853.0,0.0,27.974945533769063,20.862471746980212,32.89067357512953,19.106287548831357,0.14161220043572983,0.09651416122004357,0.09564270152505447,0.09019607843137255,0.07908496732026143,0.06383442265795207,0.07167755991285403,0.06100217864923747,0.06209150326797386,0.056427015250544665,0.04618736383442266,0.04618736383442266,0.03137254901960784,0.023311546840958607,0.01764705882352941,0.010239651416122004,0.006971677559912854,0.9314916719148881,0.0233566017162193,0.0,0.0,0.0,0.0,0.0,0.0,0.0,0.0,0.0,0.0,0.0,0.0,0.0,0.0,0.0,0.0,0.0,0.0,0.0,0.0,0.0,0.0,0.0,0.0,0.0,0.06535947712418302,2.5882352941176476,13.254901960784316,12.130718954248369,1.9607843137254906,4.276073619631902,2.7822828043362953,nan,nan,nan,4.292615596963423,2.7762090654234997,4.25993265993266,2.7881019445812547,0.992386241839618,0.3962,0.01211,0.0,0.0,0.0,0.0,0.0,0.0,0.0,0.0,0.0,0.0,0.2483660130718955,18.581699346405202,11.084967320261441,0.08496732026143794,0.0,0.0,0.0,0.0,0.0,0.0,0.0,0.0,0.0,0.0,0.0,0.0,0.0,0.0,0.0,0.0,nan,nan,4.276073619631902,2.7822828043362953,nan,0.3962,0.0644,0.0,0.0,0.0,0.0,0.0,0.0,0.0,0.0,0.0,0.0,0.0,0.0,0.0,0.0,0.0,0.0004466230936819172,0.0,0.0,2.1786492374727668e-05,5.446623093681917e-05,2.1786492374727668e-05,0.0007516339869281046,0.021328976034858387,0.0004793028322440087,0.0035076252723311545,0.004357298474945534,0.005577342047930283,0.005849673202614379,0.0051525054466230935,0.011797385620915033,0.020827886710239652,0.006285403050108933,0.04793028322440087,0.020468409586056644,0.05449891067538126,0.04738562091503268,0.06577342047930283,0.0665359477124183,0.03862745098039216,0.05746187363834423,0.06178649237472767,0.03965141612200436,0.08917211328976035,0.07797385620915033,0.02363834422657952,0.02883442265795207,0.05071895424836601,0.02318082788671024,0.040108932461873636,0.02289760348583878,0.01752723311546841,0.01443355119825708,0.013213507625272332,0.0027015250544662308,0.003278867102396514,0.0010239651416122004,0.004074074074074074,0.0005446623093681918,8.714596949891067e-05,0.0,1.0893246187363834e-05,0.0,0.0,0.0,0.0,0.0,0.0,0.0,0.0,0.0,0.0,0.0,0.0,0.0,0.0,0.0,0.0,0.0,0.0,0.0,0.0,0.0,0.0,0.0,0.0,0.0,0.0,0.0,0.0,0.0,0.0,0.0,0.0,0.0,0.0,0.0,0.0,0.0,0.0,0.0,0.0,nan,nan,4.276073619631902,2.7822828043362953,nan,0.9315322669502957,0.023542219810805447,0.0,0.0,0.0,0.0,0.0,0.0,0.0,0.0,0.0,0.0,0.0,0.0,0.0,0.0,0.0,0.0,0.0,0.0,0.0,0.0,0.0,0.0,0.0,0.0,0.0,0.07843137254901962,2.679738562091504,13.150326797385624,12.117647058823533,1.9738562091503271,0.9314510768794806,0.023169425498404506,0.0,0.0,0.0,0.0,0.0,0.0,0.0,0.0,0.0,0.0,0.0,0.0,0.0,0.0,0.0,0.0,0.0,0.0,0.0,0.0,0.0,0.0,0.0,0.0,0.0,0.05228758169934642,2.4967320261437913,13.35947712418301,12.143790849673206,1.947712418300654,0.3962,0.01229,0.0,0.0,0.0,0.0,0.0,0.0,0.0,0.0,0.0,0.0,0.2614379084967321,18.3660130718954,11.267973856209153,0.10457516339869284,0.0,0.0,0.0,0.0,0.0,0.0,0.0,0.0,0.0,0.0,0.0,0.0,0.0,0.0,0.0,0.0,0.396,0.01192,0.0,0.0,0.0,0.0,0.0,0.0,0.0,0.0,0.0,0.0,0.23529411764705888,18.797385620915005,10.90196078431373,0.06535947712418302,0.0,0.0,0.0,0.0,0.0,0.0,0.0,0.0,0.0,0.0,0.0,0.0,0.0,0.0,0.0,0.0
72800,4756,2464,0.5180824222035324,1143,977,0.44575273338940286,1367,0.5748528174936922,0.39200000000000007,2.9589877835951133,3.0014645095842862,6.352852852852853,2.067944816752735,9526.40622371741,1613.943528451684,7853.0,11083.0,11083.0,0.0,7853.0,0.0,28.177880571909167,20.767564601911506,32.87844207392707,19.061563402801553,0.13246425567703954,0.10071488645920942,0.09272497897392767,0.08936080740117747,0.07842724978973928,0.07506307821698907,0.07001682085786375,0.06602186711522287,0.05992430613961312,0.052565180824222034,0.04520605550883095,0.043944491169049624,0.03153910849453322,0.02691337258200168,0.019974768713204374,0.009461732548359966,0.0056770395290159795,0.9304878965358557,0.02312425317128305,0.0,0.0,0.0,0.0,0.0,0.0,0.0,0.0,0.0,0.0,0.0,0.0,0.0,0.0,0.0,0.0,0.0,0.0,0.0,0.0,0.0,0.0,0.0,0.0,0.0,0.10092514718250634,2.674516400336418,13.713204373423048,11.7703952901598,1.7409587888982343,4.2448913396042816,2.8027433758629217,nan,nan,nan,4.244911359159554,2.7607187468783176,4.244871794871795,2.8431720925167387,0.999990679596248,0.3965,0.01222,0.0,0.0,0.0,0.0,0.0,0.0,0.0,0.0,0.0,0.0,0.15769554247266612,18.544995794785507,11.22792262405383,0.06938603868797309,0.0,0.0,0.0,0.0,0.0,0.0,0.0,0.0,0.0,0.0,0.0,0.0,0.0,0.0,0.0,0.0,nan,nan,4.2448913396042816,2.8027433758629217,nan,0.3965,0.0643,0.0,0.0,0.0,0.0,0.0,0.0,0.0,0.0,0.0,0.0,0.0,0.0,0.0,0.0,0.0,0.00037846930193439864,0.0,0.0,1.0513036164844407e-05,3.153910849453322e-05,3.153910849453322e-05,0.0008410428931875525,0.02094196804037006,0.0005782169890664423,0.004026492851135408,0.004615222876366695,0.005403700588730026,0.005277544154751892,0.005267031118587048,0.01266820857863751,0.0220878889823381,0.005687552565180824,0.04751892346509672,0.018860386879730868,0.05370058873002523,0.042167788057190916,0.06643187552565182,0.06886038687973087,0.03849873843566022,0.057359125315391085,0.0645815811606392,0.04122161480235492,0.08625946173254836,0.0809188393608074,0.02407485281749369,0.03096089150546678,0.04900126156433978,0.024800252312867956,0.03877207737594617,0.02149915895710681,0.01768292682926829,0.014255677039529017,0.012615643397813289,0.00274390243902439,0.003994953742640875,0.0010828427249789739,0.003637510513036165,0.0005361648444070648,9.461732548359966e-05,0.0,2.1026072329688813e-05,0.0,0.0,0.0,0.0,0.0,0.0,0.0,0.0,0.0,0.0,0.0,0.0,0.0,0.0,0.0,0.0,0.0,0.0,0.0,0.0,0.0,0.0,0.0,0.0,0.0,0.0,0.0,0.0,0.0,0.0,0.0,0.0,0.0,0.0,0.0,0.0,0.0,0.0,0.0,0.0,nan,nan,4.2448913396042816,2.8027433758629217,nan,0.930480785135712,0.023532272743681772,0.0,0.0,0.0,0.0,0.0,0.0,0.0,0.0,0.0,0.0,0.0,0.0,0.0,0.0,0.0,0.0,0.0,0.0,0.0,0.0,0.0,0.0,0.0,0.0,0.0,0.07305194805194806,2.885551948051949,13.47808441558442,11.761363636363638,1.8019480519480524,0.9304955416012809,0.02267742506118475,0.0,0.0,0.0,0.0,0.0,0.0,0.0,0.0,0.0,0.0,0.0,0.0,0.0,0.0,0.0,0.0,0.0,0.0,0.0,0.0,0.0,0.0,0.0,0.0,0.0,0.13089005235602097,2.447643979057592,13.965968586387438,11.780104712041888,1.6753926701570685,0.3962,0.0122,0.0,0.0,0.0,0.0,0.0,0.0,0.0,0.0,0.0,0.0,0.15827922077922082,18.53084415584413,11.237824675324678,0.07305194805194806,0.0,0.0,0.0,0.0,0.0,0.0,0.0,0.0,0.0,0.0,0.0,0.0,0.0,0.0,0.0,0.0,0.3965,0.012245,0.0,0.0,0.0,0.0,0.0,0.0,0.0,0.0,0.0,0.0,0.15706806282722516,18.560209424083745,11.217277486910998,0.06544502617801048,0.0,0.0,0.0,0.0,0.0,0.0,0.0,0.0,0.0,0.0,0.0,0.0,0.0,0.0,0.0,0.0
72900,4599,2358,0.512720156555773,1117,962,0.4520547945205479,1299,0.5649054142204827,0.4080000000000001,2.9241410084783577,3.089119825965092,6.593388429752066,2.1581954329504724,9509.086105675147,1614.4772937147338,7853.0,11083.0,11083.0,0.0,7853.0,0.0,27.776908023483365,20.772162550797823,32.72880477054706,19.023519753417283,0.14046531854751032,0.10067405957816916,0.091324200913242,0.09001956947162426,0.07806044792346162,0.07566862361382909,0.07284192215699065,0.06414437921287236,0.05566427484235703,0.054577081974342245,0.0441400304414003,0.03739943465970863,0.03435529462926723,0.0273972602739726,0.01761252446183953,0.010002174385736029,0.005653402913676886,0.9307033883589562,0.023636293949216118,0.0,0.0,0.0,0.0,0.0,0.0,0.0,0.0,0.0,0.0,0.0,0.0,0.0,0.0,0.0,0.0,0.0,0.0,0.0,0.0,0.0,0.0,0.0,0.0,0.0,0.1239399869536856,2.720156555772995,13.652968036529684,11.611219830397916,1.8917155903457277,4.236167341430499,2.8848037598995275,nan,nan,nan,4.197882197220384,2.877125516830475,4.274104683195592,2.892341261419977,1.018157366594441,0.3965,0.01197,0.0,0.0,0.0,0.0,0.0,0.0,0.0,0.0,0.0,0.0,0.15655577299412918,18.480104370515303,11.343770384866279,0.019569471624266147,0.0,0.0,0.0,0.0,0.0,0.0,0.0,0.0,0.0,0.0,0.0,0.0,0.0,0.0,0.0,0.0,nan,nan,4.236167341430499,2.8848037598995275,nan,0.3965,0.06384,0.0,0.0,0.0,0.0,0.0,0.0,0.0,0.0,0.0,0.0,0.0,0.0,0.0,0.0,0.0,0.0003913894324853229,0.0,0.0,0.0,6.523157208088715e-05,0.0,0.0008697542944118286,0.020395738203957382,0.0004892367906066536,0.0043378995433789955,0.004642313546423135,0.005348988910632746,0.0061208958469232445,0.004370515329419439,0.013926940639269407,0.02156990650141335,0.005609915198956295,0.04385736029571646,0.020015220700152207,0.05203305066318765,0.04134594477060231,0.06710154381387258,0.06889541204609698,0.03822570123939987,0.05790389215046749,0.06573168080017396,0.04327027614698847,0.09244400956729724,0.07787562513589912,0.023472494020439227,0.031582952815829526,0.046684061752554906,0.02513589910850185,0.04015003261578604,0.021113285496847142,0.016079582517938684,0.014731463361600347,0.012470102196129594,0.0031854751032833225,0.0033594259621656884,0.0011198086540552294,0.0035007610350076103,0.00035877364644487935,0.00019569471624266145,0.0,2.1743857360295716e-05,0.0,0.0,0.0,0.0,0.0,0.0,0.0,0.0,0.0,0.0,0.0,0.0,0.0,0.0,0.0,0.0,0.0,0.0,0.0,0.0,0.0,0.0,0.0,0.0,0.0,0.0,0.0,0.0,0.0,0.0,0.0,0.0,0.0,0.0,0.0,0.0,0.0,0.0,0.0,0.0,nan,nan,4.236167341430499,2.8848037598995275,nan,0.9303124891285981,0.023625064028968027,0.0,0.0,0.0,0.0,0.0,0.0,0.0,0.0,0.0,0.0,0.0,0.0,0.0,0.0,0.0,0.0,0.0,0.0,0.0,0.0,0.0,0.0,0.0,0.0,0.0,0.16539440203562344,2.659033078880408,13.918575063613234,11.437659033078884,1.8193384223918578,0.9311146959828671,0.023641127056967724,0.0,0.0,0.0,0.0,0.0,0.0,0.0,0.0,0.0,0.0,0.0,0.0,0.0,0.0,0.0,0.0,0.0,0.0,0.0,0.0,0.0,0.0,0.0,0.0,0.0,0.08032128514056226,2.784471218206159,13.373493975903617,11.793842034805893,1.9678714859437756,0.3965,0.01199,0.0,0.0,0.0,0.0,0.0,0.0,0.0,0.0,0.0,0.0,0.17811704834605602,18.486005089058498,11.310432569974557,0.025445292620865145,0.0,0.0,0.0,0.0,0.0,0.0,0.0,0.0,0.0,0.0,0.0,0.0,0.0,0.0,0.0,0.0,0.3965,0.01195,0.0,0.0,0.0,0.0,0.0,0.0,0.0,0.0,0.0,0.0,0.13386880856760378,18.47389558232929,11.378848728246322,0.013386880856760378,0.0,0.0,0.0,0.0,0.0,0.0,0.0,0.0,0.0,0.0,0.0,0.0,0.0,0.0,0.0,0.0
73000,4668,2415,0.5173521850899743,1118,968,0.44687232219365897,1332,0.570694087403599,0.4160000000000001,3.0048823790501555,3.0287090801750614,6.385083713850837,2.110917414151834,9524.047557840617,1614.0271593935781,7853.0,11083.0,11083.0,0.0,7853.0,0.0,28.265424164524422,20.90476087653453,33.00303490136571,19.198994949649776,0.13239074550128535,0.10218508997429306,0.0914738646101114,0.09168808911739502,0.07840616966580977,0.0721936589545844,0.06598114824335904,0.06726649528706084,0.06062553556126821,0.05184233076263925,0.048414738646101116,0.04177377892030849,0.03427592116538132,0.02634961439588689,0.016281062553556127,0.011139674378748929,0.007712082262210797,0.9309764583599087,0.02354665205534357,0.0,0.0,0.0,0.0,0.0,0.0,0.0,0.0,0.0,0.0,0.0,0.0,0.0,0.0,0.0,0.0,0.0,0.0,0.0,0.0,0.0,0.0,0.0,0.0,0.0,0.09640102827763498,2.7377892030848336,13.367609254498717,11.934447300771211,1.8637532133676096,4.237528906508094,2.773715455584791,nan,nan,nan,4.240728692257645,2.82600278249197,4.234228187919463,2.718721368734976,0.9984671256262987,0.3962,0.012054,0.0,0.0,0.0,0.0,0.0,0.0,0.0,0.0,0.0,0.0,0.17352185089974298,18.431876606683776,11.362467866323911,0.03213367609254499,0.0,0.0,0.0,0.0,0.0,0.0,0.0,0.0,0.0,0.0,0.0,0.0,0.0,0.0,0.0,0.0,nan,nan,4.237528906508094,2.773715455584791,nan,0.3962,0.0635,0.0,0.0,0.0,0.0,0.0,0.0,0.0,0.0,0.0,0.0,0.0,0.0,0.0,0.0,0.0,0.00018209083119108825,0.0,0.0,0.0,0.00019280205655526994,4.2844901456726646e-05,0.000985432733504713,0.017994858611825194,0.0005569837189374464,0.00386675235646958,0.004777206512425022,0.005227077977720651,0.006973007712082262,0.0035025706940874034,0.013774635818337619,0.023896743787489287,0.005419880034275921,0.04541559554413025,0.02236503856041131,0.05377035132819195,0.044355184233076266,0.06307840616966581,0.06924807197943444,0.03865681233933162,0.05456298200514139,0.06514567266495287,0.04224507283633248,0.09311268209083119,0.07819194515852614,0.023232647814910027,0.030944730077120824,0.04764353041988004,0.026263924592973435,0.04048843187660668,0.021433161953727506,0.01567052270779777,0.013881748071979434,0.011610968294772922,0.002881319622964867,0.002795629820051414,0.0010389888603256213,0.004091688089117395,0.00022493573264781492,0.0002570694087403599,0.0,0.0,0.0,0.0,0.0,0.0,0.0,0.0,0.0,0.0,0.0,0.0,0.0,0.0,0.0,0.0,0.0,0.0,0.0,0.0,0.0,0.0,0.0,0.0,0.0,0.0,0.0,0.0,0.0,0.0,0.0,0.0,0.0,0.0,0.0,0.0,0.0,0.0,0.0,0.0,0.0,0.0,nan,nan,4.237528906508094,2.773715455584791,nan,0.9314273112802526,0.02332770883362113,0.0,0.0,0.0,0.0,0.0,0.0,0.0,0.0,0.0,0.0,0.0,0.0,0.0,0.0,0.0,0.0,0.0,0.0,0.0,0.0,0.0,0.0,0.0,0.0,0.0,0.11180124223602486,2.559006211180125,13.279503105590065,12.198757763975157,1.850931677018634,0.9304931872535482,0.02376960560951766,0.0,0.0,0.0,0.0,0.0,0.0,0.0,0.0,0.0,0.0,0.0,0.0,0.0,0.0,0.0,0.0,0.0,0.0,0.0,0.0,0.0,0.0,0.0,0.0,0.0,0.07989347536617844,2.92942743009321,13.462050599201069,11.651131824234357,1.8774966711051935,0.3962,0.011894,0.0,0.0,0.0,0.0,0.0,0.0,0.0,0.0,0.0,0.0,0.17391304347826092,18.496894409937862,11.291925465838512,0.03726708074534162,0.0,0.0,0.0,0.0,0.0,0.0,0.0,0.0,0.0,0.0,0.0,0.0,0.0,0.0,0.0,0.0,0.3962,0.01223,0.0,0.0,0.0,0.0,0.0,0.0,0.0,0.0,0.0,0.0,0.17310252996005332,18.362183754993318,11.438082556591215,0.026631158455392816,0.0,0.0,0.0,0.0,0.0,0.0,0.0,0.0,0.0,0.0,0.0,0.0,0.0,0.0,0.0,0.0
73100,4807,2528,0.5258997295610568,1221,929,0.4472644060744747,1331,0.5537757437070938,0.4120000000000001,3.035103115401492,3.1354665355010547,6.631268436578171,2.1306227395588557,9551.656126482214,1612.8318736005906,7853.0,11083.0,11083.0,0.0,7853.0,0.0,28.486582067817764,20.948582801576404,33.13377353876253,19.254863645249163,0.13001872269606823,0.09735801955481589,0.09340545038485541,0.09340545038485541,0.0794674433118369,0.0746827543166216,0.06906594549615144,0.056792178073642605,0.059496567505720827,0.0588724776367797,0.04743083003952569,0.044726440607447474,0.029748283752860413,0.026003744539213648,0.021427085500312044,0.011857707509881422,0.006240898689411275,0.9303231684090766,0.023248737384716594,0.0,0.0,0.0,0.0,0.0,0.0,0.0,0.0,0.0,0.0,0.0,0.0,0.0,0.0,0.0,0.0,0.0,0.0,0.0,0.0,0.0,0.0,0.0,0.0,0.0,0.06864988558352404,2.6960682338256716,13.954649469523615,11.564385271479097,1.7162471395881012,4.2367918523233605,2.9046937838058375,nan,nan,nan,4.193935565382186,2.857696966595963,4.277278562259307,2.9495344230313654,1.0198722645061729,0.3967,0.0118,0.0,0.0,0.0,0.0,0.0,0.0,0.0,0.0,0.0,0.0,0.18098606199292702,18.129810692739728,11.670480549199088,0.01872269606823383,0.0,0.0,0.0,0.0,0.0,0.0,0.0,0.0,0.0,0.0,0.0,0.0,0.0,0.0,0.0,0.0,nan,nan,4.2367918523233605,2.9046937838058375,nan,0.3967,0.0631,0.0,0.0,0.0,0.0,0.0,0.0,0.0,0.0,0.0,0.0,0.0,0.0,0.0,0.0,0.0,9.361348034116913e-05,0.0,0.0,0.0,0.00016642396505096735,1.040149781568546e-05,0.001518618681090077,0.01789057624297899,0.0003536509257333056,0.003630122737674225,0.004555856043270231,0.005179945912211359,0.006979405034324943,0.0033908882879134595,0.012055335968379446,0.02406906594549615,0.004087788641564385,0.0471395881006865,0.022196796338672768,0.05238194299979197,0.043592677345537754,0.06086956521739131,0.06992926981485334,0.03946328271271063,0.05150821718327439,0.06607031412523404,0.04361348034116913,0.09515290201789058,0.07855211150405658,0.024193883919284377,0.032400665695860205,0.0490014562096942,0.02745995423340961,0.040326607031412526,0.021447888495943417,0.014884543374245891,0.014083628042438111,0.01076555023923445,0.002631578947368421,0.0022363220303723737,0.0012065737466195132,0.0046494695236114,0.0001976284584980237,6.240898689411275e-05,0.0,0.0,0.0,0.0,0.0,0.0,0.0,0.0,0.0,0.0,0.0,0.0,0.0,0.0,0.0,0.0,0.0,0.0,0.0,0.0,0.0,0.0,0.0,0.0,0.0,0.0,0.0,0.0,0.0,0.0,0.0,0.0,0.0,0.0,0.0,0.0,0.0,0.0,0.0,0.0,0.0,0.0,nan,nan,4.2367918523233605,2.9046937838058375,nan,0.9309457790672402,0.02327225853054779,0.0,0.0,0.0,0.0,0.0,0.0,0.0,0.0,0.0,0.0,0.0,0.0,0.0,0.0,0.0,0.0,0.0,0.0,0.0,0.0,0.0,0.0,0.0,0.0,0.0,0.08306962025316458,2.6819620253164564,13.469145569620256,12.009493670886078,1.7563291139240509,0.9296325322775111,0.023203082416249823,0.0,0.0,0.0,0.0,0.0,0.0,0.0,0.0,0.0,0.0,0.0,0.0,0.0,0.0,0.0,0.0,0.0,0.0,0.0,0.0,0.0,0.0,0.0,0.0,0.0,0.052654673102237835,2.7117156647652485,14.493198771390965,11.070645019745506,1.6717858709960514,0.397,0.01175,0.0,0.0,0.0,0.0,0.0,0.0,0.0,0.0,0.0,0.0,0.14240506329113925,18.097310126582254,11.736550632911396,0.02373417721518988,0.0,0.0,0.0,0.0,0.0,0.0,0.0,0.0,0.0,0.0,0.0,0.0,0.0,0.0,0.0,0.0,0.3965,0.01186,0.0,0.0,0.0,0.0,0.0,0.0,0.0,0.0,0.0,0.0,0.2237823606845108,18.165862220272025,11.597191750767884,0.013163668275559459,0.0,0.0,0.0,0.0,0.0,0.0,0.0,0.0,0.0,0.0,0.0,0.0,0.0,0.0,0.0,0.0
73200,4866,2470,0.5076037813399096,1141,1008,0.44163584052609944,1400,0.5754212905877517,0.4160000000000001,2.994991652754591,3.1382940866902036,6.592753623188406,2.2343055751321446,9492.560213727907,1614.8132387064577,7853.0,11083.0,11083.0,0.0,7853.0,0.0,28.17940813810111,21.10335270558313,33.103515625,19.371207475184164,0.13707357172215373,0.09720509658857378,0.09391697492807234,0.09288943690916564,0.07644882860665844,0.07480476777640772,0.06966707768187423,0.06309083436087136,0.054870530209617754,0.05240443896424168,0.048910809699958896,0.037813399095766545,0.035552815454171806,0.02568845047266749,0.019317714755445952,0.012535963830661735,0.007809288943690916,0.9297942685899644,0.023406391899901163,0.0,0.0,0.0,0.0,0.0,0.0,0.0,0.0,0.0,0.0,0.0,0.0,0.0,0.0,0.0,0.0,0.0,0.0,0.0,0.0,0.0,0.0,0.0,0.0,0.006165228113440199,0.11097410604192358,2.8360049321824916,13.921085080147968,11.43033292231813,1.6954377311960547,4.357279084551812,2.9388998502183434,nan,nan,nan,4.444586803331198,2.970650450485116,4.271293375394322,2.9047273389994586,0.9610102275858369,0.3965,0.011696,0.0,0.0,0.0,0.0,0.0,0.0,0.0,0.0,0.0,0.0,0.11097410604192358,18.440197287299604,11.43649815043157,0.012330456226880398,0.0,0.0,0.0,0.0,0.0,0.0,0.0,0.0,0.0,0.0,0.0,0.0,0.0,0.0,0.0,0.0,nan,nan,4.357279084551812,2.9388998502183434,nan,0.3965,0.06244,0.0,0.0,0.0,0.0,0.0,0.0,0.0,0.0,0.0,0.0,0.0,0.0,0.0,0.0,0.0,0.0002055076037813399,0.0,0.0,0.0,6.165228113440197e-05,1.0275380189066995e-05,0.0011200164406083026,0.017190711056309083,0.0004932182490752158,0.0031956432387998356,0.00448006576243321,0.004963008631319358,0.007387998355939169,0.0030826140567200987,0.012124948623099055,0.025452116728318947,0.0034936292642827787,0.045263049732840115,0.022174270448006576,0.053545006165228115,0.0459515002055076,0.06104603370324702,0.06813604603370324,0.04126592683929305,0.048962186600904234,0.06728318947801068,0.045427455815865186,0.09692766132346897,0.07862720920674066,0.026037813399095767,0.030271270036991368,0.04735922729140978,0.028226469379367035,0.04147143444307439,0.020735717221537196,0.015063707357172215,0.01361487875051377,0.009566378956021374,0.002013974517057131,0.002229757501027538,0.0010172626387176325,0.004202630497328401,0.0002877106452938759,3.0826140567200985e-05,0.0,0.0,0.0,0.0,0.0,0.0,0.0,0.0,0.0,0.0,0.0,0.0,0.0,0.0,0.0,0.0,0.0,0.0,0.0,0.0,0.0,0.0,0.0,0.0,0.0,0.0,0.0,0.0,0.0,0.0,0.0,0.0,0.0,0.0,0.0,0.0,0.0,0.0,0.0,0.0,0.0,0.0,nan,nan,4.357279084551812,2.9388998502183434,nan,0.930035061705933,0.02327450338163774,0.0,0.0,0.0,0.0,0.0,0.0,0.0,0.0,0.0,0.0,0.0,0.0,0.0,0.0,0.0,0.0,0.0,0.0,0.0,0.0,0.0,0.0,0.0,0.0,0.0,0.09716599190283404,2.8785425101214583,13.76113360323887,11.611336032388667,1.6518218623481784,0.9295460386248383,0.023539001962640003,0.0,0.0,0.0,0.0,0.0,0.0,0.0,0.0,0.0,0.0,0.0,0.0,0.0,0.0,0.0,0.0,0.0,0.0,0.0,0.0,0.0,0.0,0.0,0.0,0.012520868113522541,0.1252086811352254,2.7921535893155265,14.085976627712858,11.243739565943242,1.740400667779633,0.3962,0.01142,0.0,0.0,0.0,0.0,0.0,0.0,0.0,0.0,0.0,0.0,0.060728744939271266,18.655870445344103,11.283400809716602,0.0,0.0,0.0,0.0,0.0,0.0,0.0,0.0,0.0,0.0,0.0,0.0,0.0,0.0,0.0,0.0,0.0,0.3967,0.01197,0.0,0.0,0.0,0.0,0.0,0.0,0.0,0.0,0.0,0.0,0.16277128547579303,18.217863105175265,11.594323873121873,0.025041736227045083,0.0,0.0,0.0,0.0,0.0,0.0,0.0,0.0,0.0,0.0,0.0,0.0,0.0,0.0,0.0,0.0
73300,4924,2487,0.5050771730300568,1234,1021,0.45796100731112915,1430,0.5808285946385053,0.38800000000000007,2.980303652031186,3.0582536349307747,6.427397260273972,2.0788076320216353,9484.399268887084,1614.9167359278836,7853.0,11083.0,11083.0,0.0,7853.0,0.0,28.720349309504467,20.906128055961968,33.501675442795595,19.06976489229396,0.13322502030869213,0.09220146222583266,0.08773354995938261,0.08062550771730301,0.08773354995938261,0.08285946385052803,0.06701868399675061,0.06255077173030058,0.062347684809098296,0.05727051177904143,0.045694557270511776,0.039398862713241264,0.03635255889520715,0.027416734362307068,0.020105605199025184,0.01157595450852965,0.005889520714865963,0.9279878826208177,0.023173396145978183,0.0,0.0,0.0,0.0,0.0,0.0,0.0,0.0,0.0,0.0,0.0,0.0,0.0,0.0,0.0,0.0,0.0,0.0,0.0,0.0,0.0,0.0,0.0,0.0,0.006092607636068239,0.17668562144597894,3.2534524776604394,14.372461413484974,10.777822908204715,1.4134849715678315,4.15032080659945,2.8483432056471796,nan,nan,nan,4.134661835748792,2.8470438107841205,4.166357452071738,2.849584140627577,1.007665830382766,0.3965,0.01167,0.0,0.0,0.0,0.0,0.0,0.0,0.0,0.0,0.0,0.0,0.17059301380991068,18.612916328188437,11.179935012185219,0.03655564581640943,0.0,0.0,0.0,0.0,0.0,0.0,0.0,0.0,0.0,0.0,0.0,0.0,0.0,0.0,0.0,0.0,nan,nan,4.15032080659945,2.8483432056471796,nan,0.3965,0.06198,0.0,0.0,0.0,0.0,0.0,0.0,0.0,0.0,0.0,0.0,0.0,0.0,0.0,0.0,0.0,0.00013200649878147846,0.0,0.0,0.0,0.00022339561332250204,0.0,0.001380991064175467,0.01636880584890333,0.0004264825345247766,0.002690901705930138,0.004823314378554021,0.004447603574329813,0.007392363931762794,0.002772136474411048,0.01225629569455727,0.02568034118602762,0.003858651502843217,0.04551177904142973,0.022197400487408613,0.05416328188464663,0.047116165718927704,0.059098294069861904,0.0671608448415922,0.04091186027619821,0.04964459788789602,0.06922217709179529,0.04764419171405362,0.0954813160032494,0.08056458164094232,0.025081234768480908,0.030138099106417546,0.04933996750609261,0.02742688870836718,0.03782493907392364,0.02088748984565394,0.016439886271324127,0.014967506092607635,0.008803818034118603,0.0015942323314378554,0.0015942323314378554,0.0006701868399675061,0.0037266450040617386,0.00033509341998375303,0.0,0.0,0.0,0.0,0.0,0.0,0.0,0.0,0.0,0.0,0.0,0.0,0.0,0.0,0.0,0.0,0.0,0.0,0.0,0.0,0.0,0.0,0.0,0.0,0.0,0.0,0.0,0.0,0.0,0.0,0.0,0.0,0.0,0.0,0.0,0.0,0.0,0.0,0.0,0.0,0.0,0.0,0.0,nan,nan,4.15032080659945,2.8483432056471796,nan,0.9276977788505661,0.023162913040056087,0.0,0.0,0.0,0.0,0.0,0.0,0.0,0.0,0.0,0.0,0.0,0.0,0.0,0.0,0.0,0.0,0.0,0.0,0.0,0.0,0.0,0.0,0.0,0.0,0.012062726176115805,0.1688781664656213,3.2569360675512673,14.535585042219545,10.663449939686371,1.363088057901086,0.9282839384585754,0.023180346578873717,0.0,0.0,0.0,0.0,0.0,0.0,0.0,0.0,0.0,0.0,0.0,0.0,0.0,0.0,0.0,0.0,0.0,0.0,0.0,0.0,0.0,0.0,0.0,0.0,0.0,0.18465326220763237,3.24989741485433,14.205990972507184,10.894542470250311,1.4649158801805502,0.3962,0.01178,0.0,0.0,0.0,0.0,0.0,0.0,0.0,0.0,0.0,0.0,0.1688781664656213,18.564535585042194,11.230398069963815,0.03618817852834741,0.0,0.0,0.0,0.0,0.0,0.0,0.0,0.0,0.0,0.0,0.0,0.0,0.0,0.0,0.0,0.0,0.3965,0.01156,0.0,0.0,0.0,0.0,0.0,0.0,0.0,0.0,0.0,0.0,0.17234304472712356,18.662289700451346,11.128436602379978,0.03693065244152647,0.0,0.0,0.0,0.0,0.0,0.0,0.0,0.0,0.0,0.0,0.0,0.0,0.0,0.0,0.0,0.0
73400,4855,2509,0.5167868177136972,1156,1036,0.4514933058702369,1412,0.5816683831101956,0.4120000000000001,2.9855072463768115,3.0611491224476857,6.454005934718101,2.1874589216918814,9522.221421215241,1614.089538247925,7853.0,11083.0,11083.0,0.0,7853.0,0.0,28.090834191555096,20.904761440887505,33.2094627895515,19.042532073093014,0.14356333676622038,0.10030895983522142,0.0854788877445932,0.08712667353244079,0.07600411946446962,0.07456230690010299,0.07023686920700309,0.06652935118434604,0.061791967044284246,0.04984552008238929,0.052729145211122555,0.03769309989701339,0.034397528321318226,0.025746652935118436,0.015447991761071062,0.011946446961894954,0.006591143151390319,0.9279585617332576,0.023093767907816223,0.0,0.0,0.0,0.0,0.0,0.0,0.0,0.0,0.0,0.0,0.0,0.0,0.0,0.0,0.0,0.0,0.0,0.0,0.0,0.0,0.0,0.0,0.0,0.0,0.0,0.09886714727085481,3.305870236869208,14.508753861997944,10.578784757981465,1.507723995880536,4.252055660974067,2.864652494575113,nan,nan,nan,4.222363405336722,2.833832271304757,4.281486146095718,2.8945766726393547,1.014002286180358,0.3962,0.011505,0.0,0.0,0.0,0.0,0.0,0.0,0.0,0.0,0.0,0.0,0.10504634397528324,18.92070030895981,10.949536560247171,0.024716786817713703,0.0,0.0,0.0,0.0,0.0,0.0,0.0,0.0,0.0,0.0,0.0,0.0,0.0,0.0,0.0,0.0,nan,nan,4.252055660974067,2.864652494575113,nan,0.3962,0.06186,0.0,0.0,0.0,0.0,0.0,0.0,0.0,0.0,0.0,0.0,0.0,0.0,0.0,0.0,0.0,0.0002677651905252317,0.0,0.0,0.0,0.00013388259526261585,1.0298661174047373e-05,0.0016889804325437693,0.014922760041194645,0.0002780638516992791,0.002399588053553038,0.005715756951596293,0.004778578784757981,0.007723995880535531,0.0033161688980432543,0.011050463439752831,0.025911431513903193,0.004016477857878476,0.04564366632337796,0.022852729145211123,0.0554994850669413,0.04631307929969104,0.05950566426364572,0.06916580844490217,0.04092687950566427,0.04995880535530381,0.06938208032955716,0.04710607621009269,0.0931101956745623,0.08286302780638517,0.025025746652935117,0.029783728115345007,0.050350154479917614,0.024387229660144182,0.037476828012358396,0.019948506694129762,0.015798146240988672,0.015478887744593203,0.00835221421215242,0.0021112255406797115,0.0017816683831101956,0.0009474768280123584,0.003367662203913491,0.0006488156539649846,0.0,0.0,0.0,0.0,0.0,0.0,0.0,0.0,0.0,0.0,0.0,0.0,0.0,0.0,0.0,0.0,0.0,0.0,0.0,0.0,0.0,0.0,0.0,0.0,0.0,0.0,0.0,0.0,0.0,0.0,0.0,0.0,0.0,0.0,0.0,0.0,0.0,0.0,0.0,0.0,0.0,0.0,0.0,nan,nan,4.252055660974067,2.864652494575113,nan,0.9281077692355707,0.02305124209591571,0.0,0.0,0.0,0.0,0.0,0.0,0.0,0.0,0.0,0.0,0.0,0.0,0.0,0.0,0.0,0.0,0.0,0.0,0.0,0.0,0.0,0.0,0.0,0.0,0.0,0.08369868473495419,3.37186129932244,14.276604224790756,10.785173375846954,1.4826624153049026,0.927798987298772,0.023138097172904874,0.0,0.0,0.0,0.0,0.0,0.0,0.0,0.0,0.0,0.0,0.0,0.0,0.0,0.0,0.0,0.0,0.0,0.0,0.0,0.0,0.0,0.0,0.0,0.0,0.0,0.11508951406649619,3.2352941176470598,14.757033248081845,10.358056265984656,1.5345268542199493,0.3962,0.011566,0.0,0.0,0.0,0.0,0.0,0.0,0.0,0.0,0.0,0.0,0.08369868473495419,18.80829015544039,11.084097249900362,0.023913909924272624,0.0,0.0,0.0,0.0,0.0,0.0,0.0,0.0,0.0,0.0,0.0,0.0,0.0,0.0,0.0,0.0,0.396,0.01143,0.0,0.0,0.0,0.0,0.0,0.0,0.0,0.0,0.0,0.0,0.12787723785166244,19.040920716112502,10.805626598465476,0.025575447570332487,0.0,0.0,0.0,0.0,0.0,0.0,0.0,0.0,0.0,0.0,0.0,0.0,0.0,0.0,0.0,0.0
73500,5005,2562,0.5118881118881119,1195,1026,0.44375624375624373,1415,0.5654345654345654,0.4120000000000001,2.95702005730659,3.080213424171024,6.616740088105727,2.026610475420253,9506.398601398601,1614.5434485979715,7853.0,11083.0,11083.0,0.0,7853.0,0.0,27.7992007992008,20.715142341736417,32.7715034548487,18.920798972071175,0.14265734265734265,0.09090909090909091,0.1018981018981019,0.08611388611388611,0.08431568431568431,0.07212787212787213,0.06993006993006994,0.05914085914085914,0.05974025974025974,0.05094905094905095,0.048751248751248755,0.04295704295704296,0.03256743256743257,0.024975024975024976,0.018581418581418582,0.007992007992007992,0.006393606393606394,0.928048135231544,0.023726232444205454,0.0,0.0,0.0,0.0,0.0,0.0,0.0,0.0,0.0,0.0,0.0,0.0,0.0,0.0,0.0,0.0,0.0,0.0,0.0,0.0,0.0,0.0,0.0,0.0,0.0,0.17982017982017987,3.518481518481519,13.810189810189813,11.064935064935067,1.426573426573427,4.229497973183661,2.8256194351521544,nan,nan,nan,4.2571247625079165,2.8402257697795235,4.20159803318992,2.8116313691194765,0.9869567531102177,0.3953,0.0118,0.0,0.0,0.0,0.0,0.0,0.0,0.0,0.0,0.0,0.0,0.19180819180819186,19.804195804195775,9.980019980019984,0.023976023976023983,0.0,0.0,0.0,0.0,0.0,0.0,0.0,0.0,0.0,0.0,0.0,0.0,0.0,0.0,0.0,0.0,nan,nan,4.229497973183661,2.8256194351521544,nan,0.3953,0.06213,0.0,0.0,0.0,0.0,0.0,0.0,0.0,0.0,0.0,0.0,0.0,0.0,0.0,0.0,0.0,0.00032967032967032967,0.0,0.0,0.0,0.00011988011988011988,4.995004995004995e-05,0.0022177822177822178,0.017082917082917082,0.00017982017982017982,0.001958041958041958,0.004955044955044955,0.005144855144855145,0.008261738261738262,0.003326673326673327,0.01097902097902098,0.023576423576423578,0.003796203796203796,0.044055944055944055,0.023746253746253745,0.05654345654345654,0.05096903096903097,0.06007992007992008,0.0693006993006993,0.04488511488511489,0.049710289710289714,0.07027972027972028,0.046013986013986014,0.0945054945054945,0.08130869130869131,0.023776223776223775,0.026583416583416584,0.04878121878121878,0.022217782217782218,0.03602397602397602,0.01945054945054945,0.016003996003996004,0.015814185814185814,0.008901098901098902,0.0019880119880119882,0.0016083916083916084,0.0011088911088911089,0.0036563436563436563,0.0007092907092907093,0.0,0.0,0.0,0.0,0.0,0.0,0.0,0.0,0.0,0.0,0.0,0.0,0.0,0.0,0.0,0.0,0.0,0.0,0.0,0.0,0.0,0.0,0.0,0.0,0.0,0.0,0.0,0.0,0.0,0.0,0.0,0.0,0.0,0.0,0.0,0.0,0.0,0.0,0.0,0.0,0.0,0.0,0.0,nan,nan,4.229497973183661,2.8256194351521544,nan,0.9284492928845914,0.023868643925689603,0.0,0.0,0.0,0.0,0.0,0.0,0.0,0.0,0.0,0.0,0.0,0.0,0.0,0.0,0.0,0.0,0.0,0.0,0.0,0.0,0.0,0.0,0.0,0.0,0.0,0.16393442622950824,3.711943793911008,13.220140515222486,11.522248243559721,1.3817330210772838,0.9276274369478323,0.023568626021294378,0.0,0.0,0.0,0.0,0.0,0.0,0.0,0.0,0.0,0.0,0.0,0.0,0.0,0.0,0.0,0.0,0.0,0.0,0.0,0.0,0.0,0.0,0.0,0.0,0.0,0.19647973802701602,3.3155955792058953,14.428980761358988,10.585345886205488,1.4735980352026201,0.395,0.011505,0.0,0.0,0.0,0.0,0.0,0.0,0.0,0.0,0.0,0.0,0.19906323185011715,19.906323185011683,9.871194379391104,0.023419203747072605,0.0,0.0,0.0,0.0,0.0,0.0,0.0,0.0,0.0,0.0,0.0,0.0,0.0,0.0,0.0,0.0,0.3955,0.01211,0.0,0.0,0.0,0.0,0.0,0.0,0.0,0.0,0.0,0.0,0.18419975440032751,19.69709373720832,10.094146541137949,0.024559967253377002,0.0,0.0,0.0,0.0,0.0,0.0,0.0,0.0,0.0,0.0,0.0,0.0,0.0,0.0,0.0,0.0
73600,4477,2286,0.5106097833370561,1082,913,0.4456109001563547,1269,0.566897475988385,0.3960000000000001,2.9324509356458237,2.993069946317472,6.17357910906298,2.198094958133209,9502.269600178692,1614.63636602908,7853.0,11083.0,11083.0,0.0,7853.0,0.0,28.633683270046905,21.260896984297755,33.78853333333333,19.375828976215587,0.14250614250614252,0.0967165512620058,0.085995085995086,0.0804109895018986,0.07840071476435113,0.07594371230734867,0.06767924949743132,0.06767924949743132,0.06053160598615144,0.04846995756086665,0.052713870895689074,0.04199240562876926,0.03238775966048693,0.027697118606209516,0.021666294393567122,0.01206164842528479,0.007147643511279875,0.9276930888848883,0.02308930340545725,0.0,0.0,0.0,0.0,0.0,0.0,0.0,0.0,0.0,0.0,0.0,0.0,0.0,0.0,0.0,0.0,0.0,0.0,0.0,0.0,0.0,0.0,0.0,0.0,0.0,0.11391556846102303,3.2365423274514193,14.728612910431096,10.553942372124192,1.3669868215322762,4.124487004103967,2.771797503235385,nan,nan,nan,4.128,2.778899542384839,4.122979620520028,2.7640243006876744,0.9987838228003943,0.3953,0.0122,0.0,0.0,0.0,0.0,0.0,0.0,0.0,0.0,0.0,0.0,0.34174670538306906,19.345543890998407,10.272503908867547,0.040205494750949304,0.0,0.0,0.0,0.0,0.0,0.0,0.0,0.0,0.0,0.0,0.0,0.0,0.0,0.0,0.0,0.0,nan,nan,4.124487004103967,2.771797503235385,nan,0.3953,0.0622,0.0,0.0,0.0,0.0,0.0,0.0,0.0,0.0,0.0,0.0,0.0,0.0,0.0,0.0,0.0,0.0005249050703596158,0.0,0.0,0.0,0.0002903730176457449,6.700915791824883e-05,0.0025575161938798303,0.01633906633906634,0.0003238775966048693,0.0016752289479562206,0.005461246370337279,0.005785123966942148,0.008186285459012732,0.003663167299530936,0.010096046459682824,0.023006477551932098,0.004176904176904177,0.044683940138485596,0.02417913781550145,0.05555059191422828,0.04817958454322091,0.059046236318963594,0.07011391556846103,0.04486263122626759,0.05121733303551485,0.07165512620058075,0.04946392673665401,0.09154567790931427,0.08113692204601296,0.024804556622738443,0.024949743131561314,0.04724145633236542,0.02468170649988832,0.036207281661827115,0.017813267813267815,0.01685280321643958,0.014797855706946616,0.010285905740451195,0.0019656019656019656,0.001664060754969846,0.0009046236318963591,0.0032722805450078178,0.0007706053160598615,0.0,0.0,0.0,0.0,0.0,0.0,0.0,0.0,0.0,0.0,0.0,0.0,0.0,0.0,0.0,0.0,0.0,0.0,0.0,0.0,0.0,0.0,0.0,0.0,0.0,0.0,0.0,0.0,0.0,0.0,0.0,0.0,0.0,0.0,0.0,0.0,0.0,0.0,0.0,0.0,0.0,0.0,0.0,nan,nan,4.124487004103967,2.771797503235385,nan,0.927732112265843,0.023132168695755708,0.0,0.0,0.0,0.0,0.0,0.0,0.0,0.0,0.0,0.0,0.0,0.0,0.0,0.0,0.0,0.0,0.0,0.0,0.0,0.0,0.0,0.0,0.0,0.0,0.0,0.10498687664041997,3.3464566929133865,14.645669291338585,10.538057742782154,1.3648293963254596,0.9276523734814823,0.02304442407382522,0.0,0.0,0.0,0.0,0.0,0.0,0.0,0.0,0.0,0.0,0.0,0.0,0.0,0.0,0.0,0.0,0.0,0.0,0.0,0.0,0.0,0.0,0.0,0.0,0.0,0.12323140118667278,3.1218621633957104,14.815152898219994,10.570515746234598,1.3692377909630309,0.3955,0.01196,0.0,0.0,0.0,0.0,0.0,0.0,0.0,0.0,0.0,0.0,0.27559055118110243,19.540682414698136,10.144356955380578,0.03937007874015749,0.0,0.0,0.0,0.0,0.0,0.0,0.0,0.0,0.0,0.0,0.0,0.0,0.0,0.0,0.0,0.0,0.3948,0.01243,0.0,0.0,0.0,0.0,0.0,0.0,0.0,0.0,0.0,0.0,0.4107713372889093,19.141944317663143,10.406207211319034,0.04107713372889092,0.0,0.0,0.0,0.0,0.0,0.0,0.0,0.0,0.0,0.0,0.0,0.0,0.0,0.0,0.0,0.0
73700,4457,2356,0.5286066861117343,1079,878,0.4390845860444245,1242,0.5573255553062598,0.4000000000000001,2.9328891004283673,3.076645639001486,6.5441941074523395,2.0492730461755384,9560.399596140902,1612.3545871280917,7853.0,11083.0,11083.0,0.0,7853.0,0.0,27.57841597487099,20.645108787644215,32.47820272800214,18.93228437585493,0.13910702266098274,0.10500336549248374,0.0996185775185102,0.08458604442450078,0.08009872111285618,0.07112407448956698,0.06618801884675792,0.06192506170069553,0.057662104554633165,0.05900830154812654,0.04868745793134396,0.042180839129459274,0.028494503028943234,0.02445591204846309,0.017051828584249494,0.008301548126542517,0.0065066188018846755,0.9281382359194867,0.023356505736005537,0.0,0.0,0.0,0.0,0.0,0.0,0.0,0.0,0.0,0.0,0.0,0.0,0.0,0.0,0.0,0.0,0.0,0.0,0.0,0.0,0.0,0.0,0.0,0.0,0.0,0.1682746241866727,3.284720664123851,14.188916311420241,10.83688579762172,1.5212026026475212,4.259758694109298,2.8479230934190984,nan,nan,nan,4.227111426543648,2.8625136907766278,4.291903409090909,2.8338241733063914,1.015327720518652,0.3948,0.01227,0.0,0.0,0.0,0.0,0.0,0.0,0.0,0.0,0.0,0.0,0.22885348889387486,19.930446488669478,9.81377608256675,0.02692393986986763,0.0,0.0,0.0,0.0,0.0,0.0,0.0,0.0,0.0,0.0,0.0,0.0,0.0,0.0,0.0,0.0,nan,nan,4.259758694109298,2.8479230934190984,nan,0.3948,0.06207,0.0,0.0,0.0,0.0,0.0,0.0,0.0,0.0,0.0,0.0,0.0,0.0,0.0,0.0,0.0,0.0005945703387929101,0.0,0.0,0.0,0.0003365492483733453,0.0001234013910702266,0.002591429212474759,0.015458828808615661,0.00030289432353601076,0.001099394211352928,0.0053174781242988555,0.007101189140677586,0.007381646847655373,0.004184428988108593,0.010006730984967467,0.023883778326228403,0.004218083912945928,0.04354947273951088,0.022582454565851468,0.057112407448956695,0.05059457033879291,0.06017500560915414,0.07279560242315458,0.04713933138882657,0.05181736594121607,0.07123625757235809,0.05021314785730312,0.08558447386134171,0.07926856630020193,0.02354722907785506,0.025891855508189364,0.046724253982499436,0.024691496522324434,0.037525241193628,0.016838680726946376,0.016468476553735695,0.01463989230424052,0.009950639443571909,0.002176351806147633,0.0014471617680053847,0.0013461969934933811,0.0034215840251290105,0.0006618801884675791,0.0,0.0,0.0,0.0,0.0,0.0,0.0,0.0,0.0,0.0,0.0,0.0,0.0,0.0,0.0,0.0,0.0,0.0,0.0,0.0,0.0,0.0,0.0,0.0,0.0,0.0,0.0,0.0,0.0,0.0,0.0,0.0,0.0,0.0,0.0,0.0,0.0,0.0,0.0,0.0,0.0,0.0,0.0,nan,nan,4.259758694109298,2.8479230934190984,nan,0.9282879882787808,0.022998589115160555,0.0,0.0,0.0,0.0,0.0,0.0,0.0,0.0,0.0,0.0,0.0,0.0,0.0,0.0,0.0,0.0,0.0,0.0,0.0,0.0,0.0,0.0,0.0,0.0,0.0,0.11460101867572159,3.2470288624787784,14.159592529711379,11.001697792869273,1.477079796264856,0.9279703080001642,0.023750325591062132,0.0,0.0,0.0,0.0,0.0,0.0,0.0,0.0,0.0,0.0,0.0,0.0,0.0,0.0,0.0,0.0,0.0,0.0,0.0,0.0,0.0,0.0,0.0,0.0,0.0,0.22846263683960025,3.3269871489766785,14.221799143265116,10.65207044264636,1.5706806282722516,0.3948,0.01216,0.0,0.0,0.0,0.0,0.0,0.0,0.0,0.0,0.0,0.0,0.19100169779286932,20.14431239388792,9.651952461799661,0.01273344651952462,0.0,0.0,0.0,0.0,0.0,0.0,0.0,0.0,0.0,0.0,0.0,0.0,0.0,0.0,0.0,0.0,0.3948,0.01239,0.0,0.0,0.0,0.0,0.0,0.0,0.0,0.0,0.0,0.0,0.2712993812470253,19.690623512613012,9.99524036173251,0.04283674440742504,0.0,0.0,0.0,0.0,0.0,0.0,0.0,0.0,0.0,0.0,0.0,0.0,0.0,0.0,0.0,0.0
73800,4469,2323,0.5198030879391363,1081,922,0.44819870217050795,1274,0.5701499216827031,0.4080000000000001,2.904007455731594,3.028001159716352,6.4236453201970445,2.2071311158478513,9531.96397404341,1613.7328186613092,7853.0,11083.0,11083.0,0.0,7853.0,0.0,28.77377489371224,21.302340862136617,33.69033112582782,19.51866484608513,0.13716715148802863,0.0926381740881629,0.08816289997762362,0.08503020810024614,0.08637279033340792,0.07451331394047886,0.073618259118371,0.05974490937569926,0.0545983441485791,0.0521369433877825,0.04475274110539271,0.043410158872230924,0.034012083240098454,0.02976057283508615,0.022376370552696354,0.014320877153725665,0.007384202282389797,0.9278695988532387,0.023247351270721438,0.0,0.0,0.0,0.0,0.0,0.0,0.0,0.0,0.0,0.0,0.0,0.0,0.0,0.0,0.0,0.0,0.0,0.0,0.0,0.0,0.0,0.0,0.0,0.0,0.0,0.10069366748713361,3.3631684940702624,14.533452673976285,10.572835086149029,1.4298500783172974,4.069116655428186,2.8398968030905722,nan,nan,nan,4.13070115724983,2.836226961114786,4.00668449197861,2.8420934932754864,0.9699768488326593,0.395,0.0121,0.0,0.0,0.0,0.0,0.0,0.0,0.0,0.0,0.0,0.0,0.18124860147684052,20.19243678675316,9.57932423360931,0.04699037816066235,0.0,0.0,0.0,0.0,0.0,0.0,0.0,0.0,0.0,0.0,0.0,0.0,0.0,0.0,0.0,0.0,nan,nan,4.069116655428186,2.8398968030905722,nan,0.395,0.0622,0.0,0.0,0.0,0.0,0.0,0.0,0.0,0.0,0.0,0.0,0.0,0.0,0.0,0.0,0.0,0.0006489147460281942,0.0,0.0,0.0,0.0007272320429626315,5.594092638174088e-05,0.0022376370552696354,0.014701275453121504,0.00045871559633027525,0.0013537704184381294,0.0054262698590288655,0.006231819198925934,0.006656970239427165,0.004441709554710226,0.008961736406354889,0.02505034683374357,0.004251510405012307,0.04413739091519356,0.02465876034907138,0.056209442828373236,0.05227120161109868,0.059610651152383086,0.0730140971134482,0.045368091295591856,0.05085030208100246,0.07135824569254867,0.05187961512642649,0.08424703513090177,0.08142761244126202,0.0217833967330499,0.025296486909823227,0.04545759677780264,0.024972029536809128,0.03889013202058626,0.01620049228015216,0.015495636607742225,0.015887223092414412,0.009252629223539942,0.0021257552025061533,0.001521593197583352,0.0017453569031103155,0.004150816737525174,0.0009845603043186395,0.0,0.0,0.0,0.0,0.0,0.0,0.0,0.0,0.0,0.0,0.0,0.0,0.0,0.0,0.0,0.0,0.0,0.0,0.0,0.0,0.0,0.0,0.0,0.0,0.0,0.0,0.0,0.0,0.0,0.0,0.0,0.0,0.0,0.0,0.0,0.0,0.0,0.0,0.0,0.0,0.0,0.0,0.0,nan,nan,4.069116655428186,2.8398968030905722,nan,0.9282931387809347,0.023228047283372223,0.0,0.0,0.0,0.0,0.0,0.0,0.0,0.0,0.0,0.0,0.0,0.0,0.0,0.0,0.0,0.0,0.0,0.0,0.0,0.0,0.0,0.0,0.0,0.0,0.0,0.10331467929401639,3.254412397761516,14.347826086956525,10.796383986224713,1.4980628497632376,0.9274111257628204,0.023259538243584985,0.0,0.0,0.0,0.0,0.0,0.0,0.0,0.0,0.0,0.0,0.0,0.0,0.0,0.0,0.0,0.0,0.0,0.0,0.0,0.0,0.0,0.0,0.0,0.0,0.0,0.09785647716682203,3.4808946877912406,14.734389561975773,10.33084808946878,1.3560111835973907,0.3953,0.01189,0.0,0.0,0.0,0.0,0.0,0.0,0.0,0.0,0.0,0.0,0.1937150236762807,19.913904433921626,9.853637537666811,0.03874300473525614,0.0,0.0,0.0,0.0,0.0,0.0,0.0,0.0,0.0,0.0,0.0,0.0,0.0,0.0,0.0,0.0,0.3948,0.01233,0.0,0.0,0.0,0.0,0.0,0.0,0.0,0.0,0.0,0.0,0.16775396085740915,20.493942218080118,9.282385834109974,0.055917986952469724,0.0,0.0,0.0,0.0,0.0,0.0,0.0,0.0,0.0,0.0,0.0,0.0,0.0,0.0,0.0,0.0
73900,4322,2290,0.5298472929199445,1053,852,0.44076816288755205,1194,0.5525219805645535,0.4200000000000001,3.0871062992125986,3.1402252872751357,6.736227045075125,2.0730901153222603,9564.40675613142,1612.1199512977366,7853.0,11083.0,11083.0,0.0,7853.0,0.0,29.02845904673762,21.34882225865982,33.93873085339168,19.538215622826435,0.13188338732068486,0.1008792225821379,0.08491439148542342,0.08468301712170291,0.07936140675613142,0.07033780657103193,0.07103192966219343,0.06455344747801943,0.05807496529384544,0.05460434983803795,0.05043961129106895,0.03979639055992596,0.03701989819527996,0.03216103655714947,0.02059231837112448,0.011337343822304488,0.008329477093937991,0.9282918955125725,0.023534517589905213,0.0,0.0,0.0,0.0,0.0,0.0,0.0,0.0,0.0,0.0,0.0,0.0,0.0,0.0,0.0,0.0,0.0,0.0,0.0,0.0,0.0,0.0,0.0,0.0,0.0,0.09023600185099494,3.2901434521055077,14.278111985192044,10.71726052753355,1.6242480333179088,4.306497175141243,2.9172897106118443,nan,nan,nan,4.3612676056338024,2.8906928988444065,4.251416430594901,2.9427669967436776,0.9748120993774843,0.3948,0.012024,0.0,0.0,0.0,0.0,0.0,0.0,0.0,0.0,0.0,0.0,0.2568255437297548,20.04627487274407,9.683017121702918,0.01388246182322999,0.0,0.0,0.0,0.0,0.0,0.0,0.0,0.0,0.0,0.0,0.0,0.0,0.0,0.0,0.0,0.0,nan,nan,4.306497175141243,2.9172897106118443,nan,0.3948,0.06192,0.0,0.0,0.0,0.0,0.0,0.0,0.0,0.0,0.0,0.0,0.0,0.0,0.0,0.0,0.0,0.0007866728366496993,0.0,0.0,0.0,0.001029615918556224,3.4706154558074966e-05,0.0025104118463674225,0.012783433595557612,0.0007635354002776492,0.001099028227672374,0.0054835724201758446,0.005703378065710319,0.007091624248033318,0.0043614067561314205,0.009197130957889866,0.024895881536325774,0.004083757519666821,0.04411152244331328,0.026075890791300325,0.05754280425728829,0.053678852383155944,0.05721888014807959,0.0720846830171217,0.045627024525682555,0.048588616381304954,0.0756015733456733,0.05019666820916242,0.08540027764923647,0.08398889403054141,0.021783896344285052,0.025127255900046275,0.04614761684405368,0.0246760758907913,0.03653401203146691,0.01618463674224896,0.012471078204534938,0.016635816751503933,0.009023600185099491,0.002151781582600648,0.002198056455344748,0.0015270708005552984,0.004523368810735771,0.001075890791300324,0.0,0.0,0.0,0.0,0.0,0.0,0.0,0.0,0.0,0.0,0.0,0.0,0.0,0.0,0.0,0.0,0.0,0.0,0.0,0.0,0.0,0.0,0.0,0.0,0.0,0.0,0.0,0.0,0.0,0.0,0.0,0.0,0.0,0.0,0.0,0.0,0.0,0.0,0.0,0.0,0.0,0.0,0.0,nan,nan,4.306497175141243,2.9172897106118443,nan,0.9280213205574902,0.02361511678227806,0.0,0.0,0.0,0.0,0.0,0.0,0.0,0.0,0.0,0.0,0.0,0.0,0.0,0.0,0.0,0.0,0.0,0.0,0.0,0.0,0.0,0.0,0.0,0.0,0.0,0.10480349344978168,3.3406113537117914,14.3056768558952,10.689956331877731,1.5589519650655026,0.9285968249649044,0.023439609615679965,0.0,0.0,0.0,0.0,0.0,0.0,0.0,0.0,0.0,0.0,0.0,0.0,0.0,0.0,0.0,0.0,0.0,0.0,0.0,0.0,0.0,0.0,0.0,0.0,0.0,0.07381889763779528,3.2332677165354338,14.247047244094492,10.748031496062994,1.6978346456692919,0.395,0.01174,0.0,0.0,0.0,0.0,0.0,0.0,0.0,0.0,0.0,0.0,0.2751091703056769,19.820960698689927,9.890829694323145,0.01310043668122271,0.0,0.0,0.0,0.0,0.0,0.0,0.0,0.0,0.0,0.0,0.0,0.0,0.0,0.0,0.0,0.0,0.3948,0.01234,0.0,0.0,0.0,0.0,0.0,0.0,0.0,0.0,0.0,0.0,0.23622047244094493,20.30019685039367,9.448818897637796,0.014763779527559058,0.0,0.0,0.0,0.0,0.0,0.0,0.0,0.0,0.0,0.0,0.0,0.0,0.0,0.0,0.0,0.0
74000,4398,2234,0.5079581628012733,1052,929,0.4504320145520691,1274,0.5793542519326966,0.4040000000000001,2.9237523105360443,3.0483184609837184,6.427642276422764,2.2014518791240665,9493.704865848113,1614.7954235356658,7853.0,11083.0,11083.0,0.0,7853.0,0.0,28.465893587994543,21.12222375900047,33.44261409667837,19.30212031448974,0.13915416098226466,0.09708958617553433,0.08526603001364257,0.08458390177353342,0.08117326057298772,0.07617098681218736,0.07389722601182355,0.062301045929968164,0.060482037289677125,0.05093224192814916,0.04342883128694861,0.04229195088676671,0.03319690768531151,0.032969531605275125,0.019781718963165076,0.010459299681673489,0.0068212824010914054,0.9291800657772595,0.0229504608336617,0.0,0.0,0.0,0.0,0.0,0.0,0.0,0.0,0.0,0.0,0.0,0.0,0.0,0.0,0.0,0.0,0.0,0.0,0.0,0.0,0.0,0.0,0.0,0.0,0.0,0.10914051841746251,2.8922237380627567,14.236016371077765,11.145975443383358,1.6166439290586634,4.184265010351967,2.8548750263911655,nan,nan,nan,4.302213001383126,2.9322611659306808,4.066804407713499,2.770679816885031,0.9452819761378749,0.3953,0.012344,0.0,0.0,0.0,0.0,0.0,0.0,0.0,0.0,0.0,0.0,0.17735334242837658,19.427012278308297,10.33424283765348,0.06139154160982266,0.0,0.0,0.0,0.0,0.0,0.0,0.0,0.0,0.0,0.0,0.0,0.0,0.0,0.0,0.0,0.0,nan,nan,4.184265010351967,2.8548750263911655,nan,0.3953,0.0622,0.0,0.0,0.0,0.0,0.0,0.0,0.0,0.0,0.0,0.0,0.0,0.0,0.0,0.0,0.0,0.0005002273760800364,0.0,0.0,0.0,0.001284674852205548,6.821282401091406e-05,0.002739881764438381,0.011152796725784448,0.0008640291041382447,0.001284674852205548,0.004513415188722146,0.005889040472942247,0.007548885857207822,0.004683947248749432,0.010106866757617098,0.02442019099590723,0.004206457480673033,0.04632787630741246,0.02636425648021828,0.055968622100954976,0.052796725784447475,0.05733287858117326,0.07380627557980901,0.043872214643019554,0.04747612551159618,0.07251023192360163,0.04955661664392906,0.08781264211005002,0.08423146884947703,0.02307867212369259,0.023908594815825374,0.04523647112323784,0.024226921327876308,0.036300591177808095,0.017485220554797634,0.013949522510231923,0.015893587994542973,0.009151887221464303,0.002353342428376535,0.00229649840836744,0.0021145975443383354,0.0056730331969076855,0.0009549795361527968,2.2737608003638016e-05,3.410641200545703e-05,0.0,0.0,0.0,0.0,0.0,0.0,0.0,0.0,0.0,0.0,0.0,0.0,0.0,0.0,0.0,0.0,0.0,0.0,0.0,0.0,0.0,0.0,0.0,0.0,0.0,0.0,0.0,0.0,0.0,0.0,0.0,0.0,0.0,0.0,0.0,0.0,0.0,0.0,0.0,0.0,0.0,nan,nan,4.184265010351967,2.8548750263911655,nan,0.9291160298493043,0.02293773592376767,0.0,0.0,0.0,0.0,0.0,0.0,0.0,0.0,0.0,0.0,0.0,0.0,0.0,0.0,0.0,0.0,0.0,0.0,0.0,0.0,0.0,0.0,0.0,0.0,0.0,0.10743061772605195,2.8737690241718896,14.355416293643692,11.10564010743062,1.5577439570277534,0.9292461731076902,0.022963402637248644,0.0,0.0,0.0,0.0,0.0,0.0,0.0,0.0,0.0,0.0,0.0,0.0,0.0,0.0,0.0,0.0,0.0,0.0,0.0,0.0,0.0,0.0,0.0,0.0,0.0,0.11090573012939005,2.9112754158964886,14.112754158964883,11.18761552680222,1.6774491682070245,0.3953,0.01229,0.0,0.0,0.0,0.0,0.0,0.0,0.0,0.0,0.0,0.0,0.2282900626678604,19.10922112802146,10.622202327663386,0.04028648164726948,0.0,0.0,0.0,0.0,0.0,0.0,0.0,0.0,0.0,0.0,0.0,0.0,0.0,0.0,0.0,0.0,0.3953,0.0124,0.0,0.0,0.0,0.0,0.0,0.0,0.0,0.0,0.0,0.0,0.1247689463955638,19.75508317929757,10.036968576709798,0.08317929759704253,0.0,0.0,0.0,0.0,0.0,0.0,0.0,0.0,0.0,0.0,0.0,0.0,0.0,0.0,0.0,0.0
74100,4285,2265,0.5285880980163361,1094,861,0.456242707117853,1191,0.5558926487747958,0.4000000000000001,3.0366336633663367,3.03276571394799,6.467465753424658,2.023569107729874,9560.339556592766,1612.3580267075458,7853.0,11083.0,11083.0,0.0,7853.0,0.0,28.731388564760792,20.99725952134652,33.5009628610729,19.21419656996962,0.13138856476079347,0.09474912485414236,0.08868144690781797,0.09008168028004668,0.07817969661610269,0.0749124854142357,0.073512252042007,0.06884480746791131,0.05530921820303384,0.05530921820303384,0.04644107351225204,0.041073512252042005,0.03453908984830805,0.028471411901983663,0.019836639439906652,0.010268378063010501,0.00840140023337223,0.9285446925647339,0.022765766319957605,0.0,0.0,0.0,0.0,0.0,0.0,0.0,0.0,0.0,0.0,0.0,0.0,0.0,0.0,0.0,0.0,0.0,0.0,0.0,0.0,0.0,0.0,0.0,0.0,0.0,0.07701283547257877,3.15752625437573,14.296382730455079,11.019836639439909,1.4492415402567098,4.191805015895444,2.8400706627226335,nan,nan,nan,4.214285714285714,2.8865967673284296,4.1693719124911786,2.792690168557858,0.9893424877097712,0.3958,0.01206,0.0,0.0,0.0,0.0,0.0,0.0,0.0,0.0,0.0,0.0,0.1890315052508752,18.973162193698922,10.80280046674446,0.035005834305717624,0.0,0.0,0.0,0.0,0.0,0.0,0.0,0.0,0.0,0.0,0.0,0.0,0.0,0.0,0.0,0.0,nan,nan,4.191805015895444,2.8400706627226335,nan,0.3958,0.06232,0.0,0.0,0.0,0.0,0.0,0.0,0.0,0.0,0.0,0.0,0.0,0.0,0.0,0.0,0.0,0.0008634772462077013,0.0,0.0,0.0,0.0014935822637106185,0.00012835472578763126,0.002088681446907818,0.010210035005834306,0.00147024504084014,0.0017269544924154027,0.0044457409568261375,0.004959159859976663,0.007806301050175029,0.004585764294049008,0.009953325554259044,0.02276546091015169,0.0043407234539089845,0.04542590431738623,0.027421236872812137,0.058856476079346555,0.051680280046674444,0.056219369894982496,0.0748541423570595,0.04483080513418903,0.04555425904317386,0.07198366394399067,0.05,0.08807467911318553,0.08381563593932322,0.02442240373395566,0.022298716452742125,0.04362893815635939,0.02408401400233372,0.036511085180863476,0.019638273045507585,0.01337222870478413,0.016452742123687282,0.010350058343057177,0.002882147024504084,0.0030805134189031505,0.0022287047841306885,0.004667444574095682,0.0007817969661610268,2.3337222870478414e-05,2.3337222870478414e-05,0.0,0.0,0.0,0.0,0.0,0.0,0.0,0.0,0.0,0.0,0.0,0.0,0.0,0.0,0.0,0.0,0.0,0.0,0.0,0.0,0.0,0.0,0.0,0.0,0.0,0.0,0.0,0.0,0.0,0.0,0.0,0.0,0.0,0.0,0.0,0.0,0.0,0.0,0.0,0.0,0.0,nan,nan,4.191805015895444,2.8400706627226335,nan,0.9279247695773379,0.023084094160330887,0.0,0.0,0.0,0.0,0.0,0.0,0.0,0.0,0.0,0.0,0.0,0.0,0.0,0.0,0.0,0.0,0.0,0.0,0.0,0.0,0.0,0.0,0.0,0.0,0.0,0.0927152317880795,3.3642384105960272,14.50331125827815,10.569536423841061,1.4701986754966891,0.9292398042312943,0.022383040737926616,0.0,0.0,0.0,0.0,0.0,0.0,0.0,0.0,0.0,0.0,0.0,0.0,0.0,0.0,0.0,0.0,0.0,0.0,0.0,0.0,0.0,0.0,0.0,0.0,0.0,0.05940594059405942,2.925742574257426,14.064356435643568,11.524752475247526,1.425742574257426,0.396,0.01201,0.0,0.0,0.0,0.0,0.0,0.0,0.0,0.0,0.0,0.0,0.13245033112582785,18.88741721854302,10.953642384105963,0.02649006622516557,0.0,0.0,0.0,0.0,0.0,0.0,0.0,0.0,0.0,0.0,0.0,0.0,0.0,0.0,0.0,0.0,0.3955,0.01211,0.0,0.0,0.0,0.0,0.0,0.0,0.0,0.0,0.0,0.0,0.25247524752475253,19.069306930693042,10.633663366336636,0.04455445544554456,0.0,0.0,0.0,0.0,0.0,0.0,0.0,0.0,0.0,0.0,0.0,0.0,0.0,0.0,0.0,0.0
74200,4032,2116,0.5248015873015873,1013,794,0.44816468253968256,1106,0.5486111111111112,0.4240000000000001,3.0501043841336117,3.158081886202431,6.637362637362638,2.205636221038368,9548.109126984127,1613.0119428491037,7853.0,11083.0,11083.0,0.0,7853.0,0.0,28.130704365079364,20.902504921752076,33.015022091310755,19.164985821890593,0.13764880952380953,0.10664682539682539,0.08630952380952381,0.08705357142857142,0.07837301587301587,0.07217261904761904,0.06820436507936507,0.06473214285714286,0.056299603174603176,0.057787698412698416,0.047619047619047616,0.04265873015873016,0.034970238095238096,0.027281746031746032,0.015625,0.01066468253968254,0.005952380952380952,0.9290116094496279,0.022942600865386614,0.0,0.0,0.0,0.0,0.0,0.0,0.0,0.0,0.0,0.0,0.0,0.0,0.0,0.0,0.0,0.0,0.0,0.0,0.0,0.0,0.0,0.0,0.0,0.0,0.0,0.06696428571428573,3.035714285714286,14.337797619047622,11.041666666666668,1.517857142857143,4.254107756973634,2.89558571587636,nan,nan,nan,4.277904328018224,2.913103303168618,4.23,2.877529656333176,0.9888019169329073,0.3953,0.01201,0.0,0.0,0.0,0.0,0.0,0.0,0.0,0.0,0.0,0.0,0.24553571428571433,19.5535714285714,10.148809523809526,0.05208333333333335,0.0,0.0,0.0,0.0,0.0,0.0,0.0,0.0,0.0,0.0,0.0,0.0,0.0,0.0,0.0,0.0,nan,nan,4.254107756973634,2.89558571587636,nan,0.3953,0.0623,0.0,0.0,0.0,0.0,0.0,0.0,0.0,0.0,0.0,0.0,0.0,0.0,0.0,0.0,0.0,0.0005580357142857143,2.48015873015873e-05,0.0,1.240079365079365e-05,0.0019097222222222222,1.240079365079365e-05,0.0018601190476190475,0.010354662698412698,0.0010788690476190477,0.0019221230158730158,0.004365079365079365,0.004501488095238095,0.008370535714285714,0.00587797619047619,0.009821428571428571,0.022718253968253967,0.003931051587301587,0.04528769841269841,0.029563492063492063,0.059685019841269844,0.05406746031746032,0.054774305555555555,0.07457837301587301,0.04494047619047619,0.04554811507936508,0.07046130952380952,0.04892113095238095,0.08524305555555556,0.08649553571428571,0.027021329365079366,0.02156498015873016,0.042261904761904764,0.023561507936507936,0.036867559523809525,0.01878720238095238,0.013640873015873016,0.01511656746031746,0.010143849206349207,0.003025793650793651,0.0038442460317460315,0.0018973214285714286,0.0045386904761904765,0.0008308531746031746,0.0,1.240079365079365e-05,0.0,0.0,0.0,0.0,0.0,0.0,0.0,0.0,0.0,0.0,0.0,0.0,0.0,0.0,0.0,0.0,0.0,0.0,0.0,0.0,0.0,0.0,0.0,0.0,0.0,0.0,0.0,0.0,0.0,0.0,0.0,0.0,0.0,0.0,0.0,0.0,0.0,0.0,0.0,0.0,0.0,nan,nan,4.254107756973634,2.89558571587636,nan,0.9297946631795743,0.02275943704560905,0.0,0.0,0.0,0.0,0.0,0.0,0.0,0.0,0.0,0.0,0.0,0.0,0.0,0.0,0.0,0.0,0.0,0.0,0.0,0.0,0.0,0.0,0.0,0.0,0.0,0.028355387523629497,2.7504725897920608,14.447069943289229,11.22873345935728,1.5453686200378076,0.9281468173345095,0.023112391602774673,0.0,0.0,0.0,0.0,0.0,0.0,0.0,0.0,0.0,0.0,0.0,0.0,0.0,0.0,0.0,0.0,0.0,0.0,0.0,0.0,0.0,0.0,0.0,0.0,0.0,0.1096033402922756,3.3507306889352826,14.217118997912321,10.83507306889353,1.4874739039665974,0.3953,0.01202,0.0,0.0,0.0,0.0,0.0,0.0,0.0,0.0,0.0,0.0,0.28355387523629494,19.636105860113393,10.009451795841212,0.07088846880907373,0.0,0.0,0.0,0.0,0.0,0.0,0.0,0.0,0.0,0.0,0.0,0.0,0.0,0.0,0.0,0.0,0.3953,0.01199,0.0,0.0,0.0,0.0,0.0,0.0,0.0,0.0,0.0,0.0,0.20354906054279756,19.462421711899765,10.302713987473906,0.03131524008350731,0.0,0.0,0.0,0.0,0.0,0.0,0.0,0.0,0.0,0.0,0.0,0.0,0.0,0.0,0.0,0.0
74300,4143,2111,0.5095341539946898,978,841,0.43905382573014723,1185,0.5720492396813903,0.4160000000000001,3.048720472440945,3.1649358964994785,6.68824531516184,2.244033881758039,9498.795317402848,1614.7063660077822,7853.0,11083.0,11083.0,0.0,7853.0,0.0,27.91286507361815,20.976979809863405,33.15940766550523,19.11962984500179,0.14699493120926865,0.09968621771663046,0.08785903934347092,0.08930726526671494,0.07506637702148201,0.07410089307265266,0.06613565049481053,0.06541153753318851,0.059860004827419745,0.05479121409606565,0.05092927830074825,0.03668839005551533,0.028240405503258507,0.02775766352884383,0.01882693700217234,0.011585807385952208,0.006758387641805455,0.9295732125751414,0.022900976701400105,0.0,0.0,0.0,0.0,0.0,0.0,0.0,0.0,0.0,0.0,0.0,0.0,0.0,0.0,0.0,0.0,0.0,0.0,0.0,0.0,0.0,0.0,0.0,0.0,0.0,0.08689355539464158,2.8964518464880524,13.975380159304855,11.317885590152066,1.7233888486603914,4.370943396226415,2.8953028089107673,nan,nan,nan,4.38248502994012,2.9131066289807905,4.361005331302361,2.8773987936929566,0.9950987399863287,0.3953,0.012405,0.0,0.0,0.0,0.0,0.0,0.0,0.0,0.0,0.0,0.0,0.20999275887038382,19.31209268645906,10.427226647356989,0.05068790731354093,0.0,0.0,0.0,0.0,0.0,0.0,0.0,0.0,0.0,0.0,0.0,0.0,0.0,0.0,0.0,0.0,nan,nan,4.370943396226415,2.8953028089107673,nan,0.3953,0.06305,0.0,0.0,0.0,0.0,0.0,0.0,0.0,0.0,0.0,0.0,0.0,0.0,3.620564808110065e-05,0.0,0.0,0.00043446777697320784,0.0,0.0,0.0,0.0026792179580014484,0.0,0.0023171614771904415,0.009908279024861211,0.0005551532705768766,0.002280955829109341,0.004392951967173546,0.005129133478155926,0.00794110547912141,0.00573256094617427,0.009497948346608737,0.025645667390779628,0.0031981655804972243,0.04330195510499638,0.031197200096548396,0.06052377504223992,0.052763697803524016,0.05742215785662563,0.07235095341539947,0.04421916485638426,0.04573980207579049,0.07017861453053342,0.04884141926140478,0.08227130098962104,0.0867004586048757,0.025090514120202752,0.01937002172338885,0.04426743905382573,0.02478880038619358,0.035566014965001204,0.019732078204199855,0.014204682597151823,0.015592565773594014,0.010547912140960656,0.0027516292541636496,0.005080859280714458,0.001653391262370263,0.0052860246198406955,0.0008085928071445812,0.0,0.0,0.0,0.0,0.0,0.0,0.0,0.0,0.0,0.0,0.0,0.0,0.0,0.0,0.0,0.0,0.0,0.0,0.0,0.0,0.0,0.0,0.0,0.0,0.0,0.0,0.0,0.0,0.0,0.0,0.0,0.0,0.0,0.0,0.0,0.0,0.0,0.0,0.0,0.0,0.0,0.0,0.0,nan,nan,4.370943396226415,2.8953028089107673,nan,0.9297160309731028,0.02306483182187008,0.0,0.0,0.0,0.0,0.0,0.0,0.0,0.0,0.0,0.0,0.0,0.0,0.0,0.0,0.0,0.0,0.0,0.0,0.0,0.0,0.0,0.0,0.0,0.0,0.0,0.11369019422074848,2.8564661297963054,13.855992420653722,11.425864519185222,1.747986736144008,0.9294248416902512,0.022728549852774595,0.0,0.0,0.0,0.0,0.0,0.0,0.0,0.0,0.0,0.0,0.0,0.0,0.0,0.0,0.0,0.0,0.0,0.0,0.0,0.0,0.0,0.0,0.0,0.0,0.0,0.059055118110236234,2.9379921259842523,14.099409448818902,11.205708661417324,1.6978346456692919,0.3953,0.01249,0.0,0.0,0.0,0.0,0.0,0.0,0.0,0.0,0.0,0.0,0.19895783988630986,19.497868308858333,10.246328754144956,0.05684509711037424,0.0,0.0,0.0,0.0,0.0,0.0,0.0,0.0,0.0,0.0,0.0,0.0,0.0,0.0,0.0,0.0,0.3953,0.01233,0.0,0.0,0.0,0.0,0.0,0.0,0.0,0.0,0.0,0.0,0.22145669291338588,19.11909448818895,10.615157480314963,0.04429133858267717,0.0,0.0,0.0,0.0,0.0,0.0,0.0,0.0,0.0,0.0,0.0,0.0,0.0,0.0,0.0,0.0
74400,3955,2099,0.5307206068268016,965,800,0.44627054361567636,1096,0.5542351453855878,0.4400000000000001,3.074353448275862,3.14157151195536,6.6679389312977095,2.1991590056538604,9567.227560050569,1611.9487868187407,7853.0,11083.0,11083.0,0.0,7853.0,0.0,28.076106194690265,20.946914373090305,33.15679758308157,19.114914235747808,0.14235145385587863,0.10619469026548672,0.08874841972187104,0.08141592920353982,0.07231352718078382,0.06927939317319848,0.07509481668773704,0.06573957016434892,0.059165613147914034,0.05259165613147914,0.05208596713021492,0.04247787610619469,0.031099873577749685,0.027560050568900128,0.019974715549936788,0.009102402022756004,0.004804045512010114,0.9301634537284503,0.02339016761737154,0.0,0.0,0.0,0.0,0.0,0.0,0.0,0.0,0.0,0.0,0.0,0.0,0.0,0.0,0.0,0.0,0.0,0.0,0.0,0.0,0.0,0.0,0.0,0.0,0.0,0.10619469026548675,2.624525916561315,14.275600505689004,11.082174462705439,1.9115044247787616,4.245966155057064,2.914177854410181,nan,nan,nan,4.2141157811260905,2.908625464520931,4.27734375,2.9192977227984023,1.0150038518535942,0.3953,0.01256,0.0,0.0,0.0,0.0,0.0,0.0,0.0,0.0,0.0,0.0,0.2958280657395702,19.266750948166848,10.407079646017701,0.030341340075853356,0.0,0.0,0.0,0.0,0.0,0.0,0.0,0.0,0.0,0.0,0.0,0.0,0.0,0.0,0.0,0.0,nan,nan,4.245966155057064,2.914177854410181,nan,0.3953,0.0635,0.0,0.0,0.0,0.0,0.0,0.0,0.0,0.0,0.0,0.0,0.0,0.0,0.0,0.0,0.0,0.0003160556257901391,0.0,0.0,0.0,0.0024399494310998735,0.0,0.003097345132743363,0.011580278128950695,0.0006321112515802782,0.002048040455120101,0.004184576485461442,0.004993678887484197,0.008255372945638433,0.004437420986093552,0.009469026548672566,0.025107458912768648,0.002831858407079646,0.044007585335018966,0.03284450063211125,0.05957016434892541,0.053463969658659925,0.05719342604298357,0.07407079646017699,0.043767383059418456,0.04475347661188369,0.0704551201011378,0.05011378002528445,0.07757269279393174,0.08595448798988622,0.02270543615676359,0.021871049304677623,0.044235145385587864,0.02418457648546144,0.037623261694058156,0.019254108723135273,0.015562579013906447,0.015347661188369152,0.010897597977243994,0.002743362831858407,0.0042983565107458915,0.0020353982300884955,0.005398230088495575,0.0006826801517067003,0.0,0.0,0.0,0.0,0.0,0.0,0.0,0.0,0.0,0.0,0.0,0.0,0.0,0.0,0.0,0.0,0.0,0.0,0.0,0.0,0.0,0.0,0.0,0.0,0.0,0.0,0.0,0.0,0.0,0.0,0.0,0.0,0.0,0.0,0.0,0.0,0.0,0.0,0.0,0.0,0.0,0.0,0.0,nan,nan,4.245966155057064,2.914177854410181,nan,0.9306763546588365,0.02360308164478441,0.0,0.0,0.0,0.0,0.0,0.0,0.0,0.0,0.0,0.0,0.0,0.0,0.0,0.0,0.0,0.0,0.0,0.0,0.0,0.0,0.0,0.0,0.0,0.0,0.0,0.08575512148642211,2.772748928060982,13.777989518818488,11.434016198189616,1.9294902334444979,0.9295834003594415,0.02313331919915193,0.0,0.0,0.0,0.0,0.0,0.0,0.0,0.0,0.0,0.0,0.0,0.0,0.0,0.0,0.0,0.0,0.0,0.0,0.0,0.0,0.0,0.0,0.0,0.0,0.0,0.12931034482758624,2.4568965517241383,14.838362068965521,10.684267241379313,1.8911637931034488,0.395,0.01241,0.0,0.0,0.0,0.0,0.0,0.0,0.0,0.0,0.0,0.0,0.30014292520247743,19.65221534063837,10.033349213911388,0.014292520247737021,0.0,0.0,0.0,0.0,0.0,0.0,0.0,0.0,0.0,0.0,0.0,0.0,0.0,0.0,0.0,0.0,0.3953,0.01271,0.0,0.0,0.0,0.0,0.0,0.0,0.0,0.0,0.0,0.0,0.290948275862069,18.830818965517214,10.829741379310347,0.048491379310344834,0.0,0.0,0.0,0.0,0.0,0.0,0.0,0.0,0.0,0.0,0.0,0.0,0.0,0.0,0.0,0.0
74500,4077,2050,0.5028207014961982,935,882,0.4456708363993132,1153,0.5656119695854795,0.4360000000000001,2.9911198815984212,3.2150239443796944,6.900383141762452,2.1659237998697547,9477.11086583272,1614.97430076264,7853.0,11083.0,11083.0,0.0,7853.0,0.0,27.02403728231543,20.598308726222008,32.04034157832744,18.923358170615668,0.14643119941133187,0.09933774834437085,0.10277164581800344,0.09271523178807947,0.08094186902133922,0.06990434142752024,0.06720627912680893,0.07039489820946775,0.054451802796173655,0.04905567819475104,0.041206769683590876,0.037037037037037035,0.029433406916850625,0.027716458180034338,0.01790532254108413,0.008339465293107678,0.0051508462104488595,0.9298135962795036,0.023334360899088802,0.0,0.0,0.0,0.0,0.0,0.0,0.0,0.0,0.0,0.0,0.0,0.0,0.0,0.0,0.0,0.0,0.0,0.0,0.0,0.0,0.0,0.0,0.0,0.0,0.0,0.0883002207505519,2.987490802060339,13.620309050772631,11.582045621780724,1.721854304635762,4.4894777864380355,2.9619051754255596,nan,nan,nan,4.503427265803503,2.9313332861002777,4.472843450479234,2.9938804301116213,0.9932087688955241,0.3955,0.01224,0.0,0.0,0.0,0.0,0.0,0.0,0.0,0.0,0.0,0.0,0.2133922001471671,19.175864606328155,10.581309786607802,0.029433406916850632,0.0,0.0,0.0,0.0,0.0,0.0,0.0,0.0,0.0,0.0,0.0,0.0,0.0,0.0,0.0,0.0,nan,nan,4.4894777864380355,2.9619051754255596,nan,0.3955,0.0631,0.0,0.0,0.0,0.0,0.0,0.0,0.0,0.0,0.0,0.0,0.0,0.0,0.0,0.0,0.0,0.0002820701496198185,0.0,0.0,0.0,0.0022197694383124847,4.905567819475104e-05,0.0034584253127299485,0.01139318126073093,0.0004169732646553839,0.001741476575913662,0.004513122393917096,0.005138582290900172,0.006867794947265146,0.004304635761589404,0.007493254844248222,0.02804758400784891,0.0034216335540838854,0.04292371842040716,0.03289183222958057,0.056205543291636004,0.054684817267598725,0.056156487613441254,0.07603630120186411,0.04506990434142752,0.04622271277900417,0.06897228354181996,0.04882266372332598,0.07714005396124601,0.08999264164827078,0.020959038508707385,0.023718420407162127,0.04461613931812607,0.02305616875153299,0.03692666176109885,0.019401520726024038,0.01578366445916115,0.01597988717194015,0.010804513122393918,0.0024527839097375523,0.003323522197694383,0.0024527839097375523,0.0053102771645818,0.0007480990924699534,0.0,0.0,0.0,0.0,0.0,0.0,0.0,0.0,0.0,0.0,0.0,0.0,0.0,0.0,0.0,0.0,0.0,0.0,0.0,0.0,0.0,0.0,0.0,0.0,0.0,0.0,0.0,0.0,0.0,0.0,0.0,0.0,0.0,0.0,0.0,0.0,0.0,0.0,0.0,0.0,0.0,0.0,0.0,nan,nan,4.4894777864380355,2.9619051754255596,nan,0.9298544394097678,0.02353171056101641,0.0,0.0,0.0,0.0,0.0,0.0,0.0,0.0,0.0,0.0,0.0,0.0,0.0,0.0,0.0,0.0,0.0,0.0,0.0,0.0,0.0,0.0,0.0,0.0,0.0,0.04390243902439025,3.1317073170731717,13.375609756097564,11.64878048780488,1.8000000000000005,0.9297722897096755,0.023132986299452908,0.0,0.0,0.0,0.0,0.0,0.0,0.0,0.0,0.0,0.0,0.0,0.0,0.0,0.0,0.0,0.0,0.0,0.0,0.0,0.0,0.0,0.0,0.0,0.0,0.0,0.13320177602368036,2.8416378885051805,13.867784903798722,11.514553527380366,1.6428219042920578,0.3958,0.01199,0.0,0.0,0.0,0.0,0.0,0.0,0.0,0.0,0.0,0.0,0.175609756097561,19.2292682926829,10.58048780487805,0.014634146341463419,0.0,0.0,0.0,0.0,0.0,0.0,0.0,0.0,0.0,0.0,0.0,0.0,0.0,0.0,0.0,0.0,0.395,0.01247,0.0,0.0,0.0,0.0,0.0,0.0,0.0,0.0,0.0,0.0,0.2516033547113962,19.12185495806608,10.582141095214604,0.044400592007893445,0.0,0.0,0.0,0.0,0.0,0.0,0.0,0.0,0.0,0.0,0.0,0.0,0.0,0.0,0.0,0.0
74600,4620,2333,0.504978354978355,1087,937,0.4380952380952381,1307,0.5658008658008657,0.3960000000000001,2.904678618277219,3.071742371610056,6.4992366412213745,2.077046353524147,9484.080086580087,1614.919945636804,7853.0,11083.0,11083.0,0.0,7853.0,0.0,27.866666666666667,20.9763413765818,33.01453790238837,19.17546991303303,0.14545454545454545,0.09740259740259741,0.09393939393939393,0.0867965367965368,0.07813852813852813,0.07857142857142857,0.06558441558441558,0.06493506493506493,0.05238095238095238,0.051515151515151514,0.045021645021645025,0.04177489177489178,0.03571428571428571,0.02748917748917749,0.020562770562770564,0.009523809523809525,0.005194805194805195,0.9302136881784959,0.02318316288161909,0.0,0.0,0.0,0.0,0.0,0.0,0.0,0.0,0.0,0.0,0.0,0.0,0.0,0.0,0.0,0.0,0.0,0.0,0.0,0.0,0.0,0.0,0.0,0.0,0.0,0.11038961038961041,2.7597402597402607,13.870129870129873,11.37662337662338,1.8831168831168834,4.302192242833052,2.8651088081320073,nan,nan,nan,4.287068381855112,2.8310928395724786,4.317204301075269,2.898400510178132,1.0070294934757062,0.3948,0.012314,0.0,0.0,0.0,0.0,0.0,0.0,0.0,0.0,0.0,0.0,0.26623376623376627,19.961038961038934,9.727272727272728,0.04545454545454547,0.0,0.0,0.0,0.0,0.0,0.0,0.0,0.0,0.0,0.0,0.0,0.0,0.0,0.0,0.0,0.0,nan,nan,4.302192242833052,2.8651088081320073,nan,0.3948,0.06335,0.0,0.0,0.0,0.0,0.0,0.0,0.0,0.0,0.0,0.0,0.0,0.0,0.0,0.0,0.0,0.00041125541125541126,0.0,0.0,0.0,0.0024567099567099565,0.00016233766233766234,0.003777056277056277,0.012045454545454545,0.0006385281385281386,0.0017748917748917749,0.00446969696969697,0.0043506493506493505,0.007251082251082251,0.003906926406926407,0.007402597402597403,0.02773809523809524,0.00406926406926407,0.04453463203463204,0.032153679653679657,0.055562770562770564,0.055952380952380955,0.057716450216450214,0.07699134199134199,0.044642857142857144,0.046547619047619046,0.06585497835497836,0.0494047619047619,0.07517316017316017,0.09164502164502164,0.020974025974025975,0.025205627705627707,0.04415584415584416,0.022705627705627705,0.034123376623376625,0.020032467532467534,0.016774891774891776,0.01472943722943723,0.009826839826839826,0.0025,0.0035281385281385282,0.0023376623376623377,0.005562770562770563,0.0009090909090909091,0.0,0.0,0.0,0.0,0.0,0.0,0.0,0.0,0.0,0.0,0.0,0.0,0.0,0.0,0.0,0.0,0.0,0.0,0.0,0.0,0.0,0.0,0.0,0.0,0.0,0.0,0.0,0.0,0.0,0.0,0.0,0.0,0.0,0.0,0.0,0.0,0.0,0.0,0.0,0.0,0.0,0.0,0.0,nan,nan,4.302192242833052,2.8651088081320073,nan,0.9304687747156165,0.023232100697597725,0.0,0.0,0.0,0.0,0.0,0.0,0.0,0.0,0.0,0.0,0.0,0.0,0.0,0.0,0.0,0.0,0.0,0.0,0.0,0.0,0.0,0.0,0.0,0.0,0.0,0.128589798542649,2.700385769395629,13.874839262751825,11.354479211315905,1.9417059579939995,0.9299534709108517,0.02313023564847324,0.0,0.0,0.0,0.0,0.0,0.0,0.0,0.0,0.0,0.0,0.0,0.0,0.0,0.0,0.0,0.0,0.0,0.0,0.0,0.0,0.0,0.0,0.0,0.0,0.0,0.09182334936598166,2.820288587669437,13.86532575426323,11.399212942719723,1.8233493659816358,0.3945,0.01225,0.0,0.0,0.0,0.0,0.0,0.0,0.0,0.0,0.0,0.0,0.1671667381054437,20.304329189884243,9.50278611230176,0.025717959708529796,0.0,0.0,0.0,0.0,0.0,0.0,0.0,0.0,0.0,0.0,0.0,0.0,0.0,0.0,0.0,0.0,0.395,0.012375,0.0,0.0,0.0,0.0,0.0,0.0,0.0,0.0,0.0,0.0,0.36729339746392664,19.610843900306048,9.95627459554001,0.0655881066899869,0.0,0.0,0.0,0.0,0.0,0.0,0.0,0.0,0.0,0.0,0.0,0.0,0.0,0.0,0.0,0.0
74700,4360,2253,0.5167431192660551,1078,869,0.44655963302752294,1207,0.5536697247706422,0.4120000000000001,3.0080683436165163,3.0596709854542254,6.494308943089431,2.1833553953955707,9522.080275229358,1614.094273526524,7853.0,11083.0,11083.0,0.0,7853.0,0.0,28.490825688073393,21.236456196722266,33.44474686989657,19.458589697465584,0.13853211009174313,0.10412844036697248,0.08646788990825688,0.081651376146789,0.0786697247706422,0.07064220183486239,0.07201834862385322,0.06628440366972477,0.06009174311926606,0.052752293577981654,0.043119266055045874,0.04357798165137615,0.03302752293577982,0.02798165137614679,0.019954128440366974,0.01261467889908257,0.008486238532110092,0.9314133361665481,0.023527251783786174,0.0,0.0,0.0,0.0,0.0,0.0,0.0,0.0,0.0,0.0,0.0,0.0,0.0,0.0,0.0,0.0,0.0,0.0,0.0,0.0,0.0,0.0,0.0,0.0,0.0,0.08256880733944956,2.8623853211009185,12.887614678899086,12.206422018348627,1.9610091743119271,4.289139633286319,2.8479885201608504,nan,nan,nan,4.293868921775899,2.853537381597512,4.284403669724771,2.8424130863074173,0.9977956355390529,0.3945,0.01255,0.0,0.0,0.0,0.0,0.0,0.0,0.0,0.0,0.0,0.0,0.3233944954128441,19.713302752293547,9.935779816513763,0.02752293577981652,0.0,0.0,0.0,0.0,0.0,0.0,0.0,0.0,0.0,0.0,0.0,0.0,0.0,0.0,0.0,0.0,nan,nan,4.289139633286319,2.8479885201608504,nan,0.3945,0.0631,0.0,0.0,0.0,0.0,0.0,0.0,0.0,0.0,0.0,0.0,0.0,0.0,0.0,0.0,0.0,0.0003325688073394495,0.0,0.0,0.0,0.0020871559633027525,9.174311926605505e-05,0.003956422018348624,0.011158256880733944,0.0005389908256880734,0.0016972477064220184,0.00375,0.00518348623853211,0.007155963302752293,0.002993119266055046,0.006559633027522936,0.028428899082568806,0.00485091743119266,0.04709862385321101,0.032912844036697246,0.057557339449541285,0.05678899082568807,0.056961009174311926,0.07979357798165138,0.045802752293577984,0.043440366972477065,0.06521788990825689,0.04706422018348624,0.075848623853211,0.08970183486238532,0.021227064220183486,0.025768348623853212,0.04246559633027523,0.02131880733944954,0.03581422018348624,0.019644495412844038,0.01730504587155963,0.013887614678899082,0.009220183486238532,0.0034288990825688073,0.0036811926605504587,0.0033027522935779817,0.005103211009174312,0.0008600917431192661,0.0,0.0,0.0,0.0,0.0,0.0,0.0,0.0,0.0,0.0,0.0,0.0,0.0,0.0,0.0,0.0,0.0,0.0,0.0,0.0,0.0,0.0,0.0,0.0,0.0,0.0,0.0,0.0,0.0,0.0,0.0,0.0,0.0,0.0,0.0,0.0,0.0,0.0,0.0,0.0,0.0,0.0,0.0,nan,nan,4.289139633286319,2.8479885201608504,nan,0.9313454752861527,0.02367162450322165,0.0,0.0,0.0,0.0,0.0,0.0,0.0,0.0,0.0,0.0,0.0,0.0,0.0,0.0,0.0,0.0,0.0,0.0,0.0,0.0,0.0,0.0,0.0,0.0,0.0,0.09320905459387487,2.9826897470039957,12.836218375499337,12.037283621837553,2.0505992010652467,0.9314858993196239,0.023371670446298298,0.0,0.0,0.0,0.0,0.0,0.0,0.0,0.0,0.0,0.0,0.0,0.0,0.0,0.0,0.0,0.0,0.0,0.0,0.0,0.0,0.0,0.0,0.0,0.0,0.0,0.07119126720455625,2.7337446606549602,12.942572377788329,12.38728049359279,1.865211200759374,0.3948,0.01238,0.0,0.0,0.0,0.0,0.0,0.0,0.0,0.0,0.0,0.0,0.3062583222370174,19.613848202396774,10.053262316910788,0.026631158455392816,0.0,0.0,0.0,0.0,0.0,0.0,0.0,0.0,0.0,0.0,0.0,0.0,0.0,0.0,0.0,0.0,0.3945,0.01272,0.0,0.0,0.0,0.0,0.0,0.0,0.0,0.0,0.0,0.0,0.34171808258187003,19.81964878974843,9.810156620787852,0.028476506881822503,0.0,0.0,0.0,0.0,0.0,0.0,0.0,0.0,0.0,0.0,0.0,0.0,0.0,0.0,0.0,0.0
74800,4234,2173,0.5132262635805385,994,874,0.44119036372224846,1201,0.567312234293812,0.4240000000000001,2.933527413876759,3.134219984781531,6.7111913357400725,2.1721034963301578,9510.720831365139,1614.4348641451818,7853.0,11083.0,11083.0,0.0,7853.0,0.0,27.58219178082192,20.90654406196983,32.5574047954866,19.217723426255375,0.14312706660368446,0.10415682569674067,0.09234766178554558,0.09258384506376949,0.079357581483231,0.07014643363249883,0.0687293339631554,0.06211620217288616,0.061407652338214457,0.045583372697213034,0.04463863958431743,0.03897024090694379,0.03542749173358526,0.02834199338686821,0.01653282947567312,0.011336797354747285,0.0051960321209258385,0.9295901579850115,0.02290582889528822,0.0,0.0,0.0,0.0,0.0,0.0,0.0,0.0,0.0,0.0,0.0,0.0,0.0,0.0,0.0,0.0,0.0,0.0,0.0,0.0,0.0,0.0,0.0,0.0,0.0,0.11336797354747287,2.820028341993387,14.043457723193201,11.42182333490789,1.6013226263580542,4.313405124396584,2.954003500070539,nan,nan,nan,4.419523099850969,3.0189180579347497,4.207994078460399,2.8842143768093083,0.9521375911808895,0.3948,0.012344,0.0,0.0,0.0,0.0,0.0,0.0,0.0,0.0,0.0,0.0,0.3188474256022674,19.293811998110506,10.373169579593766,0.014170996693434109,0.0,0.0,0.0,0.0,0.0,0.0,0.0,0.0,0.0,0.0,0.0,0.0,0.0,0.0,0.0,0.0,nan,nan,4.313405124396584,2.954003500070539,nan,0.3948,0.0633,0.0,0.0,0.0,0.0,0.0,0.0,0.0,0.0,0.0,0.0,0.0,0.0,0.0,0.0,0.0,9.44733112895607e-05,0.0,0.0,0.0,0.001889466225791214,0.0003070382616910723,0.003519130845536136,0.01209258384506377,0.0005314123760037789,0.0015588096362777516,0.004605573925366084,0.0049834671705243265,0.007321681624940954,0.003141237600377893,0.005798299480396788,0.028507321681624943,0.0047000472366556445,0.04707132735002362,0.030136986301369864,0.05856164383561644,0.05732168162494095,0.05749881908360888,0.08011336797354747,0.04717760982522438,0.04227680680207841,0.0649031648559282,0.04726027397260274,0.07471658006613131,0.08787198866320264,0.021020311761927257,0.02755077940481814,0.04103684459140293,0.021575342465753426,0.038816721776098254,0.020618800188946622,0.015233821445441663,0.013769485120453472,0.009612659423712802,0.003790741615493623,0.0034364666981577703,0.002999527633443552,0.006022673594709494,0.0005077940481813888,4.723665564478035e-05,0.0,0.0,0.0,0.0,0.0,0.0,0.0,0.0,0.0,0.0,0.0,0.0,0.0,0.0,0.0,0.0,0.0,0.0,0.0,0.0,0.0,0.0,0.0,0.0,0.0,0.0,0.0,0.0,0.0,0.0,0.0,0.0,0.0,0.0,0.0,0.0,0.0,0.0,0.0,0.0,0.0,0.0,nan,nan,4.313405124396584,2.954003500070539,nan,0.9301594511133924,0.023082507400256348,0.0,0.0,0.0,0.0,0.0,0.0,0.0,0.0,0.0,0.0,0.0,0.0,0.0,0.0,0.0,0.0,0.0,0.0,0.0,0.0,0.0,0.0,0.0,0.0,0.0,0.08283479061205708,2.774965485503912,14.054302807179019,11.21030832949839,1.8775885872066271,0.9289899280151078,0.022702606076141912,0.0,0.0,0.0,0.0,0.0,0.0,0.0,0.0,0.0,0.0,0.0,0.0,0.0,0.0,0.0,0.0,0.0,0.0,0.0,0.0,0.0,0.0,0.0,0.0,0.0,0.1455604075691412,2.867540029112082,14.032023289665215,11.644832605531297,1.310043668122271,0.395,0.01242,0.0,0.0,0.0,0.0,0.0,0.0,0.0,0.0,0.0,0.0,0.37275655775425687,18.844914864242956,10.76852277956742,0.013805798435342848,0.0,0.0,0.0,0.0,0.0,0.0,0.0,0.0,0.0,0.0,0.0,0.0,0.0,0.0,0.0,0.0,0.3945,0.01225,0.0,0.0,0.0,0.0,0.0,0.0,0.0,0.0,0.0,0.0,0.2620087336244542,19.767103347889346,9.956331877729259,0.014556040756914123,0.0,0.0,0.0,0.0,0.0,0.0,0.0,0.0,0.0,0.0,0.0,0.0,0.0,0.0,0.0,0.0
74900,4342,2260,0.5204974666052511,1015,899,0.44081068631966835,1242,0.5720865960386918,0.4040000000000001,2.9183477425552353,3.007844300705801,6.328859060402684,2.1329720671392844,9534.20681713496,1613.6423573285556,7853.0,11083.0,11083.0,0.0,7853.0,0.0,28.234223859972364,21.077704903995134,33.07532751091703,19.385449074235222,0.1342699216950714,0.10340856748042376,0.09304467987102717,0.0886688162137264,0.0812989405803777,0.07231690465223399,0.06563795485951175,0.06057116536158452,0.0589590050667895,0.0525103638876094,0.04928604329801935,0.04491017964071856,0.030861354214647627,0.026715799170888992,0.017273146015660986,0.011515430677107323,0.008751727314601566,0.9309597038854821,0.023451723924184154,0.0,0.0,0.0,0.0,0.0,0.0,0.0,0.0,0.0,0.0,0.0,0.0,0.0,0.0,0.0,0.0,0.0,0.0,0.0,0.0,0.0,0.0,0.0,0.0,0.0,0.06909258406264396,2.8327959465684023,13.245048364808847,11.980654076462462,1.8724090280976513,4.197645379950053,2.8062989428272993,nan,nan,nan,4.242599277978339,2.8384272152071044,4.153737658674189,2.773856031807847,0.9790549110387597,0.3955,0.01228,0.0,0.0,0.0,0.0,0.0,0.0,0.0,0.0,0.0,0.0,0.26946107784431145,19.18010133578993,10.51589129433441,0.03454629203132198,0.0,0.0,0.0,0.0,0.0,0.0,0.0,0.0,0.0,0.0,0.0,0.0,0.0,0.0,0.0,0.0,nan,nan,4.197645379950053,2.8062989428272993,nan,0.3955,0.0634,0.0,0.0,0.0,0.0,0.0,0.0,0.0,0.0,0.0,0.0,0.0,0.0,0.0,0.0,0.0,8.060801473975126e-05,0.0,0.0,0.0,0.001819438046982957,0.0004030400736987563,0.0036734223859972363,0.011976047904191617,0.0007139567019806541,0.0014394288346384154,0.00507830492860433,0.004583141409488715,0.005688622754491018,0.003143712574850299,0.0068862275449101795,0.02680792261630585,0.005584983878397052,0.04689083371718102,0.02904191616766467,0.05815292491939199,0.05964993090741594,0.057392906494702904,0.07657761400276371,0.0457623215108245,0.04364348226623676,0.06197604790419162,0.045877475817595575,0.07535697835099033,0.09064947029018885,0.022570244127130355,0.02658912943344081,0.04129433440810686,0.020301704283740212,0.04054583141409489,0.023422385997236297,0.015776140027637033,0.015073698756333487,0.009097190234914785,0.004410409949332105,0.0028327959465684017,0.003374021188392446,0.0052970981114693685,0.00041455550437586366,0.0001497005988023952,0.0,0.0,0.0,0.0,0.0,0.0,0.0,0.0,0.0,0.0,0.0,0.0,0.0,0.0,0.0,0.0,0.0,0.0,0.0,0.0,0.0,0.0,0.0,0.0,0.0,0.0,0.0,0.0,0.0,0.0,0.0,0.0,0.0,0.0,0.0,0.0,0.0,0.0,0.0,0.0,0.0,0.0,nan,nan,4.197645379950053,2.8062989428272993,nan,0.9306575954224157,0.02365215726191868,0.0,0.0,0.0,0.0,0.0,0.0,0.0,0.0,0.0,0.0,0.0,0.0,0.0,0.0,0.0,0.0,0.0,0.0,0.0,0.0,0.0,0.0,0.0,0.0,0.0,0.07964601769911506,2.920353982300886,13.314159292035402,11.761061946902657,1.9247787610619473,0.9312876410259866,0.02322775021031395,0.0,0.0,0.0,0.0,0.0,0.0,0.0,0.0,0.0,0.0,0.0,0.0,0.0,0.0,0.0,0.0,0.0,0.0,0.0,0.0,0.0,0.0,0.0,0.0,0.0,0.057636887608069176,2.737752161383286,13.170028818443807,12.219020172910666,1.8155619596541792,0.3955,0.01249,0.0,0.0,0.0,0.0,0.0,0.0,0.0,0.0,0.0,0.0,0.26548672566371684,19.12831858407077,10.56637168141593,0.03982300884955753,0.0,0.0,0.0,0.0,0.0,0.0,0.0,0.0,0.0,0.0,0.0,0.0,0.0,0.0,0.0,0.0,0.3955,0.01206,0.0,0.0,0.0,0.0,0.0,0.0,0.0,0.0,0.0,0.0,0.27377521613832856,19.236311239193057,10.461095100864554,0.028818443804034588,0.0,0.0,0.0,0.0,0.0,0.0,0.0,0.0,0.0,0.0,0.0,0.0,0.0,0.0,0.0,0.0
75000,4311,2219,0.5147297610763164,1017,916,0.44838784504755275,1221,0.5664578983994433,0.4040000000000001,2.9335564053537286,3.0975044186395406,6.576124567474048,2.1221971211838793,9515.577128276502,1614.2990481521574,7853.0,11083.0,11083.0,0.0,7853.0,0.0,27.833913245186732,20.948806396035856,32.62479384277076,19.298491849993674,0.13639526791927628,0.10531199257712828,0.08791463697517977,0.0953375086986778,0.0848990953375087,0.07678032938993273,0.06541405706332637,0.060774762236140104,0.05961493852934354,0.04221758292739504,0.05080027835768963,0.03665042913477151,0.031083275342147994,0.0294595221526328,0.018093249826026444,0.012526096033402923,0.006726977499420088,0.9301836782225156,0.02301219150610639,0.0,0.0,0.0,0.0,0.0,0.0,0.0,0.0,0.0,0.0,0.0,0.0,0.0,0.0,0.0,0.0,0.0,0.0,0.0,0.0,0.0,0.0,0.0,0.0,0.0,0.08350730688935283,2.727905358385526,13.716075156576204,11.691022964509399,1.7814892136395273,4.144189383070302,2.869597467010075,nan,nan,nan,4.1472924187725635,2.8593948447862494,4.141226818830242,2.880654779974862,0.9985374554456624,0.3962,0.01271,0.0,0.0,0.0,0.0,0.0,0.0,0.0,0.0,0.0,0.0,0.17397355601948505,18.823938761308256,10.932498260264442,0.06958942240779403,0.0,0.0,0.0,0.0,0.0,0.0,0.0,0.0,0.0,0.0,0.0,0.0,0.0,0.0,0.0,0.0,nan,nan,4.144189383070302,2.869597467010075,nan,0.3962,0.06384,0.0,0.0,0.0,0.0,0.0,0.0,0.0,0.0,0.0,0.0,0.0,0.0,0.0,0.0,0.0,3.479471120389701e-05,0.0,0.0,0.0,0.001716539086058919,0.0003479471120389701,0.004627696590118302,0.011319879378334494,0.0009974483878450475,0.0011946184180004638,0.004987241939225237,0.004732080723729993,0.004674089538390165,0.003502667594525632,0.007550452331245651,0.025365344467640917,0.006077476223614011,0.04515193690559035,0.030109023428438877,0.05797958710276038,0.05974251913709116,0.05687775458130364,0.075678496868476,0.04732080723729993,0.04340060310832754,0.06119229877058687,0.04402690790999768,0.07802134075620505,0.0878682440269079,0.020981210855949894,0.02857805613546741,0.04048944560426815,0.02048248666202737,0.04175365344467641,0.023683600092785896,0.015727209464161448,0.01663187195546277,0.009313384365576433,0.0045001159823706794,0.0029343539781953145,0.003827418232428671,0.005822315008118766,0.00046392948271862676,0.00031315240083507306,0.0,0.0,0.0,0.0,0.0,0.0,0.0,0.0,0.0,0.0,0.0,0.0,0.0,0.0,0.0,0.0,0.0,0.0,0.0,0.0,0.0,0.0,0.0,0.0,0.0,0.0,0.0,0.0,0.0,0.0,0.0,0.0,0.0,0.0,0.0,0.0,0.0,0.0,0.0,0.0,0.0,0.0,nan,nan,4.144189383070302,2.869597467010075,nan,0.9306428385457782,0.023411231074524256,0.0,0.0,0.0,0.0,0.0,0.0,0.0,0.0,0.0,0.0,0.0,0.0,0.0,0.0,0.0,0.0,0.0,0.0,0.0,0.0,0.0,0.0,0.0,0.0,0.0,0.08111762054979722,2.6228030644434432,13.479044614691306,11.762054979720599,2.054979720594863,0.929696643443682,0.02257101577339936,0.0,0.0,0.0,0.0,0.0,0.0,0.0,0.0,0.0,0.0,0.0,0.0,0.0,0.0,0.0,0.0,0.0,0.0,0.0,0.0,0.0,0.0,0.0,0.0,0.0,0.08604206500956024,2.839388145315488,13.967495219885281,11.615678776290633,1.4913957934990445,0.3962,0.01269,0.0,0.0,0.0,0.0,0.0,0.0,0.0,0.0,0.0,0.0,0.17575484452456067,18.684091933303264,11.086074808472288,0.05407841369986482,0.0,0.0,0.0,0.0,0.0,0.0,0.0,0.0,0.0,0.0,0.0,0.0,0.0,0.0,0.0,0.0,0.396,0.01273,0.0,0.0,0.0,0.0,0.0,0.0,0.0,0.0,0.0,0.0,0.17208413001912048,18.972275334608003,10.76959847036329,0.08604206500956024,0.0,0.0,0.0,0.0,0.0,0.0,0.0,0.0,0.0,0.0,0.0,0.0,0.0,0.0,0.0,0.0
75100,4480,2390,0.5334821428571429,1134,938,0.4625,1251,0.5584821428571428,0.4040000000000001,2.9387559808612442,3.0600185105571285,6.476521739130435,2.173929739066324,9576.14732142857,1611.3749274665488,7853.0,11083.0,11083.0,0.0,7853.0,0.0,28.032589285714284,20.810149706227477,32.882944915254235,19.06541386212882,0.13616071428571427,0.0984375,0.0921875,0.08683035714285714,0.08214285714285714,0.07723214285714286,0.07165178571428571,0.06651785714285714,0.056473214285714286,0.05424107142857143,0.046651785714285715,0.03816964285714286,0.030133928571428572,0.024553571428571428,0.019419642857142858,0.0125,0.006696428571428571,0.932018448864775,0.02319731045891268,0.0,0.0,0.0,0.0,0.0,0.0,0.0,0.0,0.0,0.0,0.0,0.0,0.0,0.0,0.0,0.0,0.0,0.0,0.0,0.0,0.0,0.0,0.0,0.0,0.0,0.05357142857142858,2.444196428571429,13.111607142857146,12.361607142857146,2.0290178571428577,4.161875427789186,2.9296119051278056,nan,nan,nan,4.0299931833674165,2.898026065849789,4.294845360824742,2.955164544433658,1.0657202544536362,0.3958,0.01268,0.0,0.0,0.0,0.0,0.0,0.0,0.0,0.0,0.0,0.0,0.27455357142857145,18.67633928571426,11.049107142857146,0.0,0.0,0.0,0.0,0.0,0.0,0.0,0.0,0.0,0.0,0.0,0.0,0.0,0.0,0.0,0.0,0.0,nan,nan,4.161875427789186,2.9296119051278056,nan,0.3958,0.0638,0.0,0.0,0.0,0.0,0.0,0.0,0.0,0.0,0.0,0.0,0.0,0.0,0.0,0.0,0.0,0.0,0.0,0.0,0.0,0.001529017857142857,0.00032366071428571426,0.005703125,0.011595982142857142,0.000859375,0.001171875,0.0040736607142857146,0.0040736607142857146,0.004598214285714285,0.0033147321428571427,0.007901785714285714,0.027366071428571427,0.00734375,0.04618303571428571,0.032924107142857144,0.05521205357142857,0.057488839285714285,0.05386160714285714,0.07402901785714286,0.04901785714285714,0.04372767857142857,0.06282366071428572,0.045022321428571425,0.08138392857142857,0.08616071428571428,0.019810267857142856,0.029229910714285715,0.04130580357142857,0.01802455357142857,0.04126116071428571,0.025011160714285715,0.015803571428571427,0.014620535714285714,0.009363839285714286,0.0039955357142857145,0.0035825892857142857,0.004051339285714286,0.005401785714285714,0.00042410714285714285,0.0004129464285714286,1.1160714285714286e-05,0.0,0.0,0.0,0.0,0.0,0.0,0.0,0.0,0.0,0.0,0.0,0.0,0.0,0.0,0.0,0.0,0.0,0.0,0.0,0.0,0.0,0.0,0.0,0.0,0.0,0.0,0.0,0.0,0.0,0.0,0.0,0.0,0.0,0.0,0.0,0.0,0.0,0.0,0.0,0.0,0.0,nan,nan,4.161875427789186,2.9296119051278056,nan,0.9322294359925402,0.022397773139186974,0.0,0.0,0.0,0.0,0.0,0.0,0.0,0.0,0.0,0.0,0.0,0.0,0.0,0.0,0.0,0.0,0.0,0.0,0.0,0.0,0.0,0.0,0.0,0.0,0.0,0.050209205020920515,2.1966527196652725,13.380753138075317,12.502092050209209,1.870292887029289,0.9317771765033594,0.024076831948830462,0.0,0.0,0.0,0.0,0.0,0.0,0.0,0.0,0.0,0.0,0.0,0.0,0.0,0.0,0.0,0.0,0.0,0.0,0.0,0.0,0.0,0.0,0.0,0.0,0.0,0.05741626794258375,2.7272727272727275,12.803827751196176,12.200956937799047,2.2105263157894743,0.396,0.01277,0.0,0.0,0.0,0.0,0.0,0.0,0.0,0.0,0.0,0.0,0.26359832635983266,18.313807531380725,11.422594142259417,0.0,0.0,0.0,0.0,0.0,0.0,0.0,0.0,0.0,0.0,0.0,0.0,0.0,0.0,0.0,0.0,0.0,0.3955,0.012566,0.0,0.0,0.0,0.0,0.0,0.0,0.0,0.0,0.0,0.0,0.2870813397129187,19.09090909090906,10.622009569377992,0.0,0.0,0.0,0.0,0.0,0.0,0.0,0.0,0.0,0.0,0.0,0.0,0.0,0.0,0.0,0.0,0.0
75200,4331,2254,0.5204340798891711,1055,871,0.4447009928422997,1216,0.561533133225583,0.4160000000000001,3.073182474723158,3.1447869959352737,6.714759535655058,2.102252854652987,9534.002078042022,1613.6507446452392,7853.0,11083.0,11083.0,0.0,7853.0,0.0,27.798429923805127,20.643330302233053,32.70910090734122,18.877914269609764,0.14015238974832603,0.0990533364119141,0.09812976217963519,0.08681597783421842,0.07434772569845301,0.0727314707919649,0.07365504502424382,0.06026321865619949,0.055414453936735164,0.05864696374971138,0.054721773262525975,0.040406372662202726,0.03255599168783191,0.022165781574694066,0.014084507042253521,0.009235742322789195,0.007619487416301085,0.9312447403903592,0.02261995945197987,0.0,0.0,0.0,0.0,0.0,0.0,0.0,0.0,0.0,0.0,0.0,0.0,0.0,0.0,0.0,0.0,0.0,0.0,0.0,0.0,0.0,0.0,0.0,0.0,0.0,0.034634033710459484,2.7153082429000235,13.202493650427156,12.385130454860313,1.6624336181020554,4.348495702005731,2.8855877474549843,nan,nan,nan,4.318577648766328,2.9007711817058373,4.380750176928521,2.869064864236492,1.0143965289543777,0.397,0.01273,0.0,0.0,0.0,0.0,0.0,0.0,0.0,0.0,0.0,0.0,0.18009697529438934,17.808820133918235,11.962595243592707,0.04848764719464328,0.0,0.0,0.0,0.0,0.0,0.0,0.0,0.0,0.0,0.0,0.0,0.0,0.0,0.0,0.0,0.0,nan,nan,4.348495702005731,2.8855877474549843,nan,0.397,0.06354,0.0,0.0,0.0,0.0,0.0,0.0,0.0,0.0,0.0,0.0,0.0,0.0,0.0,0.0,0.0,1.1544677903486492e-05,1.1544677903486492e-05,0.0,0.0,0.0009120295543754329,0.0003347956592011083,0.006338028169014085,0.01056338028169014,0.0006118679288847841,0.0016970676518125144,0.0034980374047564075,0.003186331101362272,0.004502424382359732,0.003474948048949434,0.0072269683675825445,0.02455552990071577,0.005229739090279381,0.04400831216809051,0.03627337797275456,0.06129069498960979,0.05524128376818287,0.053809743708150545,0.07058416070191642,0.047206187947356266,0.04194181482336643,0.061660124682521356,0.044943431078272915,0.0824751789425075,0.09325790810436389,0.017524821057492496,0.03035095820826599,0.04092588316785962,0.019672131147540985,0.04224197644885708,0.025121219117986607,0.017420918956361116,0.013911336873701224,0.008138997921957977,0.00506811359963057,0.003798199030247056,0.004317709535903948,0.005564534749480489,0.0006580466404987301,0.00042715308242900025,1.1544677903486492e-05,0.0,0.0,0.0,0.0,0.0,0.0,0.0,0.0,0.0,0.0,0.0,0.0,0.0,0.0,0.0,0.0,0.0,0.0,0.0,0.0,0.0,0.0,0.0,0.0,0.0,0.0,0.0,0.0,0.0,0.0,0.0,0.0,0.0,0.0,0.0,0.0,0.0,0.0,0.0,0.0,0.0,nan,nan,4.348495702005731,2.8855877474549843,nan,0.930880770576455,0.022498567949720473,0.0,0.0,0.0,0.0,0.0,0.0,0.0,0.0,0.0,0.0,0.0,0.0,0.0,0.0,0.0,0.0,0.0,0.0,0.0,0.0,0.0,0.0,0.0,0.0,0.0,0.03992901508429459,2.7284826974267977,13.336291038154396,12.231588287488911,1.6637089618456082,0.9316397273718421,0.022744373781154754,0.0,0.0,0.0,0.0,0.0,0.0,0.0,0.0,0.0,0.0,0.0,0.0,0.0,0.0,0.0,0.0,0.0,0.0,0.0,0.0,0.0,0.0,0.0,0.0,0.0,0.028887818969667797,2.7010110736639388,13.057294174289845,12.551757342320657,1.6610495907558984,0.397,0.0127,0.0,0.0,0.0,0.0,0.0,0.0,0.0,0.0,0.0,0.0,0.15971606033717836,17.96805678793254,11.8189884649512,0.05323868677905946,0.0,0.0,0.0,0.0,0.0,0.0,0.0,0.0,0.0,0.0,0.0,0.0,0.0,0.0,0.0,0.0,0.3972,0.012764,0.0,0.0,0.0,0.0,0.0,0.0,0.0,0.0,0.0,0.0,0.20221473278767457,17.63601348098216,12.118440057775642,0.04333172845450169,0.0,0.0,0.0,0.0,0.0,0.0,0.0,0.0,0.0,0.0,0.0,0.0,0.0,0.0,0.0,0.0
75300,4291,2199,0.512467956187369,1004,903,0.4444185504544395,1229,0.5728268468888371,0.4000000000000001,2.93546845124283,3.0505843906900356,6.448695652173913,2.1573883251823887,9508.271498485201,1614.4978186450908,7853.0,11083.0,11083.0,0.0,7853.0,0.0,28.547657888604054,21.077992158375054,33.40281224152192,19.305193943162266,0.13493358191563737,0.09974364949895129,0.08995572127709159,0.08622698671638312,0.0799347471451876,0.07037986483337218,0.06735026800279655,0.0689815893731065,0.059193661151246794,0.051736192029829875,0.04800745746912142,0.044977860638545794,0.03379165695642041,0.02866464693544628,0.017711489163365183,0.0109531577720811,0.0074574691214169195,0.9307274537968819,0.023304705817298155,0.0,0.0,0.0,0.0,0.0,0.0,0.0,0.0,0.0,0.0,0.0,0.0,0.0,0.0,0.0,0.0,0.0,0.0,0.0,0.0,0.0,0.0,0.0,0.0,0.006991377301328363,0.09088790491726872,2.6707061291074345,13.514332323467727,11.87835003495689,1.8387322302493596,4.183724235963042,2.8221390070272507,nan,nan,nan,4.174750356633381,2.826684815989891,4.192634560906516,2.8175898576320577,1.0042838978969648,0.3975,0.01234,0.0,0.0,0.0,0.0,0.0,0.0,0.0,0.0,0.0,0.0,0.10487065951992545,17.443486366814238,12.395711955255189,0.055931018410626906,0.0,0.0,0.0,0.0,0.0,0.0,0.0,0.0,0.0,0.0,0.0,0.0,0.0,0.0,0.0,0.0,nan,nan,4.183724235963042,2.8221390070272507,nan,0.3975,0.06305,0.0,0.0,0.0,0.0,0.0,0.0,0.0,0.0,0.0,0.0,0.0,0.0,0.0,0.0,0.0,0.0,0.0,0.0,0.0,0.000547657888604055,0.00013982754602656722,0.00597762759263575,0.010603588907014683,0.00046609182008855747,0.0018876718713586576,0.0029829876485667674,0.00224889303192729,0.0045210906548590075,0.00399673735725938,0.007352598461896994,0.02434164530412491,0.005732929387089257,0.041994872989979025,0.036611512467956187,0.06489163365182941,0.0538452575157306,0.053320904218130974,0.0683057562339781,0.04754136564903286,0.04262409694709858,0.060591936611512465,0.04368445583780005,0.08203216033558611,0.09973199720344908,0.01702400372873456,0.029771615008156605,0.04041016080167793,0.018457236075506873,0.04307853647168492,0.026031228151945935,0.018969937077604287,0.01323700769051503,0.008599394080633885,0.004416219995339082,0.004660918200885575,0.003460731764157539,0.005185271498485202,0.00018643672803542297,0.0003845257515730599,0.0,0.00015147984152878117,0.0,0.0,0.0,0.0,0.0,0.0,0.0,0.0,0.0,0.0,0.0,0.0,0.0,0.0,0.0,0.0,0.0,0.0,0.0,0.0,0.0,0.0,0.0,0.0,0.0,0.0,0.0,0.0,0.0,0.0,0.0,0.0,0.0,0.0,0.0,0.0,0.0,0.0,0.0,0.0,nan,nan,4.183724235963042,2.8221390070272507,nan,0.9306024068482847,0.022929679794161287,0.0,0.0,0.0,0.0,0.0,0.0,0.0,0.0,0.0,0.0,0.0,0.0,0.0,0.0,0.0,0.0,0.0,0.0,0.0,0.0,0.0,0.0,0.0,0.0,0.0,0.08185538881309687,2.673942701227831,13.574351978171899,11.97817189631651,1.6916780354706689,0.9308588965502114,0.023691803309689147,0.0,0.0,0.0,0.0,0.0,0.0,0.0,0.0,0.0,0.0,0.0,0.0,0.0,0.0,0.0,0.0,0.0,0.0,0.0,0.0,0.0,0.0,0.0,0.0,0.014340344168260041,0.10038240917782029,2.6673040152963674,13.451242829827919,11.773422562141494,1.9933078393881458,0.3975,0.01216,0.0,0.0,0.0,0.0,0.0,0.0,0.0,0.0,0.0,0.0,0.10914051841746251,17.448840381991786,12.401091405184179,0.040927694406548434,0.0,0.0,0.0,0.0,0.0,0.0,0.0,0.0,0.0,0.0,0.0,0.0,0.0,0.0,0.0,0.0,0.3975,0.01251,0.0,0.0,0.0,0.0,0.0,0.0,0.0,0.0,0.0,0.0,0.10038240917782029,17.437858508604183,12.390057361376677,0.0717017208413002,0.0,0.0,0.0,0.0,0.0,0.0,0.0,0.0,0.0,0.0,0.0,0.0,0.0,0.0,0.0,0.0
75400,4491,2335,0.5199287463816522,1106,888,0.44399910932977066,1260,0.561122244488978,0.37600000000000006,2.952226345083488,3.0047951252433616,6.231117824773414,2.107976139104936,9532.369850812736,1613.716679688955,7853.0,11083.0,11083.0,0.0,7853.0,0.0,28.791583166332664,21.128077594672742,33.44612970711297,19.43753340025696,0.12736584279670451,0.09864172790024493,0.09396570919617012,0.09040302827877979,0.07748830995323981,0.07637497216655534,0.06301491872634157,0.05989757292362503,0.06501892674237364,0.055444221776887105,0.048986862614117124,0.03807615230460922,0.037185482075261636,0.028278779781785793,0.02004008016032064,0.010910710309507904,0.00890670229347584,0.9305896678737479,0.023328420535387032,0.0,0.0,0.0,0.0,0.0,0.0,0.0,0.0,0.0,0.0,0.0,0.0,0.0,0.0,0.0,0.0,0.0,0.0,0.0,0.0,0.0,0.0,0.0,0.0,0.0,0.09352037408149635,2.805611222444891,13.473613894455582,11.716766867067472,1.9104876419505683,4.179775280898877,2.8396649787580723,nan,nan,nan,4.197513812154696,2.833002898177117,4.15994623655914,2.845238995821977,0.9910500412204072,0.397,0.012405,0.0,0.0,0.0,0.0,0.0,0.0,0.0,0.0,0.0,0.0,0.17368069472277894,18.0828323313293,11.690046760187045,0.05344021376085505,0.0,0.0,0.0,0.0,0.0,0.0,0.0,0.0,0.0,0.0,0.0,0.0,0.0,0.0,0.0,0.0,nan,nan,4.179775280898877,2.8396649787580723,nan,0.397,0.06323,0.0,0.0,0.0,0.0,0.0,0.0,0.0,0.0,0.0,0.0,0.0,0.0,0.0,0.0,0.0,0.0,0.0,0.0,1.11333778668448e-05,0.00055666889334224,0.0002672010688042752,0.006657759964373191,0.010331774660431975,0.00044533511467379205,0.002237808951235805,0.0026720106880427524,0.0022712090848363395,0.004330883990202627,0.0042974838566020935,0.008249832999331998,0.024259630371854822,0.0056780227120908485,0.0401580939657092,0.03729681585393008,0.06644399910932977,0.056112224448897796,0.052226675573368964,0.06917167668670675,0.04798485860610109,0.04055889556891561,0.06152304609218437,0.04342017368069472,0.0812847918058339,0.1002226675573369,0.01730126920507682,0.030716989534624806,0.038276553106212426,0.019450011133377867,0.03878868848808729,0.027009574704965487,0.019160543308839904,0.013193052772211089,0.009919839679358717,0.004431084391004231,0.004308617234468938,0.0023825428635047873,0.0056557559563571586,0.00022266755733689602,0.0002004008016032064,0.0,0.00031173458027165444,0.0,0.0,0.0,0.0,0.0,0.0,0.0,0.0,0.0,0.0,0.0,0.0,0.0,0.0,0.0,0.0,0.0,0.0,0.0,0.0,0.0,0.0,0.0,0.0,0.0,0.0,0.0,0.0,0.0,0.0,0.0,0.0,0.0,0.0,0.0,0.0,0.0,0.0,0.0,0.0,nan,nan,4.179775280898877,2.8396649787580723,nan,0.9306330301776943,0.02323989372057548,0.0,0.0,0.0,0.0,0.0,0.0,0.0,0.0,0.0,0.0,0.0,0.0,0.0,0.0,0.0,0.0,0.0,0.0,0.0,0.0,0.0,0.0,0.0,0.0,0.0,0.08993576017130624,2.8265524625267675,13.297644539614565,11.897216274089939,1.888650963597431,0.9305427054527297,0.02342382927633902,0.0,0.0,0.0,0.0,0.0,0.0,0.0,0.0,0.0,0.0,0.0,0.0,0.0,0.0,0.0,0.0,0.0,0.0,0.0,0.0,0.0,0.0,0.0,0.0,0.0,0.09740259740259744,2.7829313543599263,13.664192949907239,11.521335807050097,1.9341372912801489,0.3972,0.0126,0.0,0.0,0.0,0.0,0.0,0.0,0.0,0.0,0.0,0.0,0.1927194860813705,17.910064239828667,11.845824411134906,0.05139186295503213,0.0,0.0,0.0,0.0,0.0,0.0,0.0,0.0,0.0,0.0,0.0,0.0,0.0,0.0,0.0,0.0,0.3967,0.01218,0.0,0.0,0.0,0.0,0.0,0.0,0.0,0.0,0.0,0.0,0.15306122448979595,18.269944341372884,11.521335807050097,0.05565862708719853,0.0,0.0,0.0,0.0,0.0,0.0,0.0,0.0,0.0,0.0,0.0,0.0,0.0,0.0,0.0,0.0
75500,4245,2181,0.5137809187279152,999,875,0.4414605418138987,1199,0.5648998822143698,0.4200000000000001,3.018410852713178,3.11965049004488,6.558974358974359,2.2479678894106048,9512.512367491167,1614.3864621398222,7853.0,11083.0,11083.0,0.0,7853.0,0.0,28.11967020023557,21.16087466568411,33.18048917627214,19.384905584146615,0.14346289752650176,0.0994110718492344,0.09093050647820966,0.09093050647820966,0.07703180212014134,0.06501766784452297,0.0706713780918728,0.0657243816254417,0.05653710247349823,0.054652532391048295,0.04405182567726737,0.04240282685512368,0.03274440518256773,0.027797408716136632,0.02120141342756184,0.011778563015312132,0.005653710247349823,0.9311869335399219,0.02305054045332586,0.0,0.0,0.0,0.0,0.0,0.0,0.0,0.0,0.0,0.0,0.0,0.0,0.0,0.0,0.0,0.0,0.0,0.0,0.0,0.0,0.0,0.0,0.0,0.0,0.0,0.07067137809187281,2.551236749116608,13.406360424028271,12.021201413427566,1.9505300353356896,4.334678899082569,2.878504507491085,nan,nan,nan,4.338345864661654,2.864055744734914,4.327833572453372,2.8905401610778605,0.9975768893176751,0.397,0.01286,0.0,0.0,0.0,0.0,0.0,0.0,0.0,0.0,0.0,0.0,0.18374558303886931,17.583038869257926,12.141342756183748,0.09187279151943466,0.0,0.0,0.0,0.0,0.0,0.0,0.0,0.0,0.0,0.0,0.0,0.0,0.0,0.0,0.0,0.0,nan,nan,4.334678899082569,2.878504507491085,nan,0.397,0.06335,0.0,0.0,0.0,0.0,0.0,0.0,0.0,0.0,0.0,0.0,0.0,0.0,0.0,0.0,0.0,0.0,0.0,0.0,1.1778563015312131e-05,0.0009305064782096584,0.00023557126030624264,0.006925795053003533,0.011201413427561837,0.0006007067137809187,0.002143698468786808,0.001955241460541814,0.0020259128386336867,0.003992932862190813,0.005795053003533569,0.007820965842167255,0.02269729093050648,0.005111896348645465,0.03878680800942285,0.03694935217903416,0.06634864546525324,0.056666666666666664,0.05234393404004711,0.06917550058892816,0.047279151943462897,0.04104829210836278,0.06473498233215548,0.0425206124852768,0.08385159010600707,0.10065959952885747,0.016136631330977622,0.029528857479387514,0.038362779740871614,0.019422850412249705,0.03785630153121319,0.026843345111896347,0.018433451118963485,0.013486454652532391,0.008515901060070672,0.004982332155477032,0.004169611307420495,0.0025206124852767964,0.007479387514723204,8.244994110718492e-05,0.0002591283863368669,0.0,0.00010600706713780919,0.0,0.0,0.0,0.0,0.0,0.0,0.0,0.0,0.0,0.0,0.0,0.0,0.0,0.0,0.0,0.0,0.0,0.0,0.0,0.0,0.0,0.0,0.0,0.0,0.0,0.0,0.0,0.0,0.0,0.0,0.0,0.0,0.0,0.0,0.0,0.0,0.0,0.0,0.0,0.0,nan,nan,4.334678899082569,2.878504507491085,nan,0.9311359038269886,0.023435345581089416,0.0,0.0,0.0,0.0,0.0,0.0,0.0,0.0,0.0,0.0,0.0,0.0,0.0,0.0,0.0,0.0,0.0,0.0,0.0,0.0,0.0,0.0,0.0,0.0,0.0,0.11004126547455298,2.6409903713892713,13.301237964236591,11.980742778541957,1.9669876203576346,0.931240855925536,0.022636690310060072,0.0,0.0,0.0,0.0,0.0,0.0,0.0,0.0,0.0,0.0,0.0,0.0,0.0,0.0,0.0,0.0,0.0,0.0,0.0,0.0,0.0,0.0,0.0,0.0,0.0,0.02906976744186047,2.45639534883721,13.51744186046512,12.063953488372096,1.9331395348837215,0.3975,0.01275,0.0,0.0,0.0,0.0,0.0,0.0,0.0,0.0,0.0,0.0,0.17881705639614862,17.097661623108642,12.627235213204955,0.09628610729023386,0.0,0.0,0.0,0.0,0.0,0.0,0.0,0.0,0.0,0.0,0.0,0.0,0.0,0.0,0.0,0.0,0.3967,0.01296,0.0,0.0,0.0,0.0,0.0,0.0,0.0,0.0,0.0,0.0,0.18895348837209308,18.095930232558114,11.627906976744187,0.08720930232558141,0.0,0.0,0.0,0.0,0.0,0.0,0.0,0.0,0.0,0.0,0.0,0.0,0.0,0.0,0.0,0.0
75600,4508,2304,0.5110913930789707,1095,929,0.4489795918367347,1270,0.5634427684117125,0.3960000000000001,2.9759528130671504,3.0436722538837784,6.511737089201878,2.0653115244452196,9503.825199645076,1614.6025997348047,7853.0,11083.0,11083.0,0.0,7853.0,0.0,27.875776397515526,20.811703005369832,32.78622327790974,19.066834160734025,0.14086069210292812,0.10093167701863354,0.08984028393966283,0.08717834960070985,0.08385093167701864,0.07364685004436557,0.07142857142857142,0.05723158828748891,0.06055900621118013,0.05745341614906832,0.043478260869565216,0.03593611357586513,0.035048802129547474,0.02994676131322094,0.01841171251109139,0.0075421472937000885,0.006654835847382431,0.9306521420470358,0.02300631297891901,0.0,0.0,0.0,0.0,0.0,0.0,0.0,0.0,0.0,0.0,0.0,0.0,0.0,0.0,0.0,0.0,0.0,0.0,0.0,0.0,0.0,0.0,0.0,0.0,0.0,0.0998225377107365,2.555456965394854,13.715616681455193,11.958740017746232,1.6703637976929906,4.24639175257732,2.796557598768698,nan,nan,nan,4.224267211997273,2.827609530315748,4.2688842688842685,2.764450210155771,1.010562082048285,0.3965,0.01298,0.0,0.0,0.0,0.0,0.0,0.0,0.0,0.0,0.0,0.0,0.3127772848269743,18.360692102928102,11.226708074534164,0.0998225377107365,0.0,0.0,0.0,0.0,0.0,0.0,0.0,0.0,0.0,0.0,0.0,0.0,0.0,0.0,0.0,0.0,nan,nan,4.24639175257732,2.796557598768698,nan,0.3965,0.06354,0.0,0.0,0.0,0.0,0.0,0.0,0.0,0.0,0.0,0.0,0.0,0.0,0.0,0.0,0.0,0.0,0.0,0.0,0.0,0.0011313220940550133,0.000354924578527063,0.0074755989352262645,0.011790150842945874,0.0008540372670807453,0.002173913043478261,0.002562111801242236,0.001807897071872227,0.003826530612244898,0.006898846495119787,0.007752883762200532,0.022559893522626443,0.005357142857142857,0.03849822537710736,0.03639086069210293,0.06542812777284827,0.0555678793256433,0.049112688553682345,0.07095164152617568,0.04661712511091393,0.03976264418811003,0.06716947648624667,0.041537267080745344,0.08899733806566104,0.10087622005323868,0.016149068322981366,0.028161047027506655,0.03919698314108252,0.018500443655723158,0.03968500443655723,0.027062999112688554,0.017202750665483584,0.01266637089618456,0.007076308784383319,0.0037710736468500442,0.0050798580301685894,0.002173913043478261,0.007375776397515528,0.0,0.00038819875776397513,0.0,0.0,0.0,0.0,5.5456965394853596e-05,0.0,0.0,0.0,0.0,0.0,0.0,0.0,0.0,0.0,0.0,0.0,0.0,0.0,0.0,0.0,0.0,0.0,0.0,0.0,0.0,0.0,0.0,0.0,0.0,0.0,0.0,0.0,0.0,0.0,0.0,0.0,0.0,0.0,0.0,0.0,0.0,0.0,nan,nan,4.24639175257732,2.796557598768698,nan,0.9308849132826759,0.023072171013751454,0.0,0.0,0.0,0.0,0.0,0.0,0.0,0.0,0.0,0.0,0.0,0.0,0.0,0.0,0.0,0.0,0.0,0.0,0.0,0.0,0.0,0.0,0.0,0.0,0.0,0.10416666666666669,2.447916666666667,13.606770833333336,12.17447916666667,1.666666666666667,0.9304088095030637,0.022934739134518316,0.0,0.0,0.0,0.0,0.0,0.0,0.0,0.0,0.0,0.0,0.0,0.0,0.0,0.0,0.0,0.0,0.0,0.0,0.0,0.0,0.0,0.0,0.0,0.0,0.0,0.09528130671506355,2.667876588021779,13.829401088929222,11.733212341197826,1.6742286751361166,0.3962,0.0129,0.0,0.0,0.0,0.0,0.0,0.0,0.0,0.0,0.0,0.0,0.3645833333333334,18.78906249999997,10.755208333333336,0.09114583333333336,0.0,0.0,0.0,0.0,0.0,0.0,0.0,0.0,0.0,0.0,0.0,0.0,0.0,0.0,0.0,0.0,0.397,0.01305,0.0,0.0,0.0,0.0,0.0,0.0,0.0,0.0,0.0,0.0,0.2586206896551725,17.912885662431915,11.719600725952816,0.10889292196007262,0.0,0.0,0.0,0.0,0.0,0.0,0.0,0.0,0.0,0.0,0.0,0.0,0.0,0.0,0.0,0.0
75700,4517,2330,0.5158290901040513,1063,930,0.44122205003320786,1262,0.5587779499667921,0.3960000000000001,2.936442615454961,3.068652479514616,6.438311688311688,2.182298860934224,9519.127961036085,1614.1904880156778,7853.0,11083.0,11083.0,0.0,7853.0,0.0,28.199690059774188,21.027196404020614,33.123684210526314,19.292852974619304,0.1361523134823998,0.09674562762895728,0.09829532875802524,0.08899712198361745,0.07859198583130396,0.06929377905689617,0.06973655080805845,0.06553021917201683,0.06110250166039407,0.04870489262785034,0.04804073500110693,0.04317024573832189,0.030329864954615895,0.025016603940668587,0.020367500553464687,0.014168696037192827,0.005756032765109586,0.9307662254945351,0.023320023667605123,0.0,0.0,0.0,0.0,0.0,0.0,0.0,0.0,0.0,0.0,0.0,0.0,0.0,0.0,0.0,0.0,0.0,0.0,0.0,0.0,0.0,0.0,0.0,0.0,0.0,0.0996236440115121,2.8492362187292457,13.329643568740318,11.822005756032768,1.8994908124861638,4.240880935994494,2.868138050922221,nan,nan,nan,4.282489740082079,2.8479877141716345,4.196119196119196,2.8870512005229374,0.9798316985667249,0.3965,0.0125,0.0,0.0,0.0,0.0,0.0,0.0,0.0,0.0,0.0,0.0,0.2723046269647997,18.031879566083656,11.636041620544612,0.05977418640690725,0.0,0.0,0.0,0.0,0.0,0.0,0.0,0.0,0.0,0.0,0.0,0.0,0.0,0.0,0.0,0.0,nan,nan,4.240880935994494,2.868138050922221,nan,0.3965,0.06415,0.0,0.0,0.0,0.0,0.0,0.0,0.0,0.0,0.0,0.0,0.0,0.0,0.0,0.0,0.0,3.3207881337170686e-05,0.0,0.0,0.0,0.0012508301970334294,0.00018817799424396722,0.008180208102723047,0.011357095417312375,0.0010183750276732345,0.00288908567633385,0.003730352003542174,0.0011954837281381448,0.004438786805401816,0.007759574939118884,0.00948638476865176,0.022669913659508524,0.004682311268541067,0.03748062873588665,0.03677219393402701,0.0620433916316139,0.055833517821562983,0.04869382333407129,0.06898383883108258,0.044465353110471555,0.03967234890413992,0.0683860969670135,0.04329200796989152,0.08785698472437459,0.10076378127075493,0.015021031658180209,0.02938897498339606,0.04012618994908125,0.018419304848350675,0.040668585344255034,0.02796103608589772,0.017445206995793668,0.011810936462253709,0.006862962143015275,0.0032433030772636706,0.005877794996679212,0.0022802745184857206,0.007183971662607926,1.1069293779056897e-05,0.00046491033872038965,0.0,0.0,0.0,0.0,0.00011069293779056896,0.0,0.0,0.0,0.0,0.0,0.0,0.0,0.0,0.0,0.0,0.0,0.0,0.0,0.0,0.0,0.0,0.0,0.0,0.0,0.0,0.0,0.0,0.0,0.0,0.0,0.0,0.0,0.0,0.0,0.0,0.0,0.0,0.0,0.0,0.0,0.0,0.0,nan,nan,4.240880935994494,2.868138050922221,nan,0.9307248130632573,0.023636930951877157,0.0,0.0,0.0,0.0,0.0,0.0,0.0,0.0,0.0,0.0,0.0,0.0,0.0,0.0,0.0,0.0,0.0,0.0,0.0,0.0,0.0,0.0,0.0,0.0,0.0,0.12875536480686697,2.9613733905579407,13.18454935622318,11.729613733905582,1.9957081545064381,0.9308103457345339,0.022977504531050467,0.0,0.0,0.0,0.0,0.0,0.0,0.0,0.0,0.0,0.0,0.0,0.0,0.0,0.0,0.0,0.0,0.0,0.0,0.0,0.0,0.0,0.0,0.0,0.0,0.0,0.06858710562414268,2.7297668038408784,13.484224965706451,11.920438957475998,1.7969821673525381,0.3965,0.012344,0.0,0.0,0.0,0.0,0.0,0.0,0.0,0.0,0.0,0.0,0.1802575107296138,18.051502145922722,11.755364806866956,0.012875536480686699,0.0,0.0,0.0,0.0,0.0,0.0,0.0,0.0,0.0,0.0,0.0,0.0,0.0,0.0,0.0,0.0,0.3965,0.012665,0.0,0.0,0.0,0.0,0.0,0.0,0.0,0.0,0.0,0.0,0.37037037037037046,18.010973936899838,11.508916323731142,0.10973936899862828,0.0,0.0,0.0,0.0,0.0,0.0,0.0,0.0,0.0,0.0,0.0,0.0,0.0,0.0,0.0,0.0
75800,4486,2345,0.5227374052608114,1070,902,0.439589835042354,1273,0.5675434685688809,0.4240000000000001,3.064922933208781,3.1033856030105844,6.523961661341853,2.1043620355834465,9541.441818992422,1613.3292593959497,7853.0,11083.0,11083.0,0.0,7853.0,0.0,28.404814979937584,21.181838341443758,33.28405491024287,19.436344243161972,0.13731609451627286,0.09919750334373607,0.0927329469460544,0.08626839054837271,0.07958091841283994,0.06798930004458315,0.06865804725813643,0.06397681676326349,0.06085599643334819,0.05439144003566652,0.04681230494872938,0.04101649576460098,0.034329023629068214,0.027641551493535442,0.021176995095853766,0.009585376727596968,0.008470798038341507,0.9312240896722433,0.022907197946136455,0.0,0.0,0.0,0.0,0.0,0.0,0.0,0.0,0.0,0.0,0.0,0.0,0.0,0.0,0.0,0.0,0.0,0.0,0.0,0.0,0.0,0.0,0.0,0.0,0.0,0.09362460989745879,2.5211769950958542,13.415069103878738,12.157824342398577,1.8123049487293807,4.363011344104503,2.8620548321133286,nan,nan,nan,4.387184730743013,2.881915862903966,4.338418862690707,2.8414960109858747,0.988884473518842,0.3965,0.01259,0.0,0.0,0.0,0.0,0.0,0.0,0.0,0.0,0.0,0.0,0.16718680338831923,18.477485510477013,11.29514043691485,0.06018724921979493,0.0,0.0,0.0,0.0,0.0,0.0,0.0,0.0,0.0,0.0,0.0,0.0,0.0,0.0,0.0,0.0,nan,nan,4.363011344104503,2.8620548321133286,nan,0.3965,0.06415,0.0,0.0,0.0,0.0,0.0,0.0,0.0,0.0,0.0,0.0,0.0,0.0,0.0,0.0,0.0,0.0,0.0,0.0,0.0,0.001359786000891663,0.00012260365581810074,0.007712884529647793,0.011892554614355774,0.0009585376727596969,0.003633526526972804,0.003967900133749443,0.0010811413285777977,0.004436023183236736,0.007523406152474365,0.009707980383415069,0.02277084262148908,0.004547481052162282,0.03595630851538119,0.03815202853321444,0.06230494872938029,0.056821221578243424,0.04773740526081141,0.06672982612572448,0.043401694159607665,0.03969014712438698,0.06840169415960767,0.04255461435577352,0.08888765046812305,0.10440258582255907,0.014946500222915738,0.030227374052608114,0.03688140882746322,0.0177552385198395,0.04132857779759251,0.028488631297369595,0.019170753455193937,0.011814534106107891,0.006364244315648685,0.002741863575568435,0.005717788675880517,0.0022403031654034773,0.0069549710209540795,3.343736067766384e-05,0.0004681230494872938,0.0,0.0,0.0,0.0,0.00011145786892554614,0.0,0.0,0.0,0.0,0.0,0.0,0.0,0.0,0.0,0.0,0.0,0.0,0.0,0.0,0.0,0.0,0.0,0.0,0.0,0.0,0.0,0.0,0.0,0.0,0.0,0.0,0.0,0.0,0.0,0.0,0.0,0.0,0.0,0.0,0.0,0.0,0.0,nan,nan,4.363011344104503,2.8620548321133286,nan,0.9312156651574157,0.022730186706247685,0.0,0.0,0.0,0.0,0.0,0.0,0.0,0.0,0.0,0.0,0.0,0.0,0.0,0.0,0.0,0.0,0.0,0.0,0.0,0.0,0.0,0.0,0.0,0.0,0.0,0.0767590618336887,2.46908315565032,13.65031982942431,12.038379530916847,1.7654584221748404,0.9312333168965642,0.023099515341751403,0.0,0.0,0.0,0.0,0.0,0.0,0.0,0.0,0.0,0.0,0.0,0.0,0.0,0.0,0.0,0.0,0.0,0.0,0.0,0.0,0.0,0.0,0.0,0.0,0.0,0.11209715086408223,2.578234469873891,13.157403082671653,12.288650163475015,1.863615133115367,0.3965,0.01265,0.0,0.0,0.0,0.0,0.0,0.0,0.0,0.0,0.0,0.0,0.17910447761194034,18.396588486140697,11.373134328358212,0.05117270788912581,0.0,0.0,0.0,0.0,0.0,0.0,0.0,0.0,0.0,0.0,0.0,0.0,0.0,0.0,0.0,0.0,0.3962,0.01251,0.0,0.0,0.0,0.0,0.0,0.0,0.0,0.0,0.0,0.0,0.15413358243811306,18.566090611863586,11.209715086408222,0.0700607192900514,0.0,0.0,0.0,0.0,0.0,0.0,0.0,0.0,0.0,0.0,0.0,0.0,0.0,0.0,0.0,0.0
75900,4683,2398,0.5120649156523596,1146,929,0.44309203502028616,1308,0.5586162716207559,0.4120000000000001,2.960175054704595,3.076513409929882,6.468277945619335,2.160771456749914,9506.969677557121,1614.5297656689684,7853.0,11083.0,11083.0,0.0,7853.0,0.0,28.188767883835148,20.951756759140498,33.065332995695115,19.190447368861545,0.13773222293401666,0.09758701686952809,0.0918214819560111,0.08691010036301516,0.08221225710014948,0.07836856715780482,0.06705103566090113,0.06064488575699338,0.058936579115951314,0.04911381592995943,0.04911381592995943,0.0395045910740978,0.03651505445227418,0.032030749519538756,0.016228913089899637,0.010036301516122144,0.006192611573777493,0.9322235121346172,0.023044242225805273,0.0,0.0,0.0,0.0,0.0,0.0,0.0,0.0,0.0,0.0,0.0,0.0,0.0,0.0,0.0,0.0,0.0,0.0,0.0,0.0,0.0,0.0,0.0,0.0,0.006406149903907753,0.04484304932735427,2.3190262652146063,13.14541960281871,12.517616912235749,1.9666880204996802,4.321028345418589,2.903485868466683,nan,nan,nan,4.304093567251462,2.829998520277605,4.341365461847389,2.976020137657707,1.0086596385542168,0.3965,0.01254,0.0,0.0,0.0,0.0,0.0,0.0,0.0,0.0,0.0,0.0,0.22421524663677134,18.18705957719408,11.531069827033956,0.05765534913516977,0.0,0.0,0.0,0.0,0.0,0.0,0.0,0.0,0.0,0.0,0.0,0.0,0.0,0.0,0.0,0.0,nan,nan,4.321028345418589,2.903485868466683,nan,0.3965,0.0636,0.0,0.0,0.0,0.0,0.0,0.0,0.0,0.0,0.0,0.0,0.0,0.0,0.0,0.0,0.0,0.0,5.3384582532564594e-05,0.0,2.1353833013025838e-05,0.0013879991458466796,6.406149903907751e-05,0.007089472560324578,0.012673499893230834,0.0004911381592995943,0.0032778133674994663,0.004580397181294042,0.0010249839846252402,0.003993166773435832,0.007569933803117659,0.009278240444159726,0.021866325005338458,0.004484304932735426,0.03588511637838992,0.03709160794362588,0.06037796284433056,0.05648088831945334,0.04766175528507367,0.06708306641042067,0.044415972667093746,0.04133034379671151,0.0683536194746957,0.04194960495408926,0.09220585095024557,0.10601110399316678,0.01646380525304292,0.029318812726884476,0.03507367072389494,0.019816357036087976,0.040241298313047194,0.029276105060858423,0.01957078795643818,0.010687593423019432,0.005562673499893231,0.002284860132393765,0.005915011744608157,0.0022635062993807387,0.006299380738842622,1.0676916506512919e-05,0.0004484304932735426,0.0,0.0,0.0,0.0,6.406149903907751e-05,0.0,0.0,0.0,0.0,0.0,0.0,0.0,0.0,0.0,0.0,0.0,0.0,0.0,0.0,0.0,0.0,0.0,0.0,0.0,0.0,0.0,0.0,0.0,0.0,0.0,0.0,0.0,0.0,0.0,0.0,0.0,0.0,0.0,0.0,0.0,0.0,0.0,nan,nan,4.321028345418589,2.903485868466683,nan,0.932223009978661,0.022974608219697438,0.0,0.0,0.0,0.0,0.0,0.0,0.0,0.0,0.0,0.0,0.0,0.0,0.0,0.0,0.0,0.0,0.0,0.0,0.0,0.0,0.0,0.0,0.0,0.0,0.0,0.012510425354462054,2.3644703919933283,13.261050875729778,12.385321100917434,1.9766472060050047,0.9322240391236687,0.023117094259049144,0.0,0.0,0.0,0.0,0.0,0.0,0.0,0.0,0.0,0.0,0.0,0.0,0.0,0.0,0.0,0.0,0.0,0.0,0.0,0.0,0.0,0.0,0.0,0.0,0.013129102844638953,0.07877461706783372,2.2713347921225386,13.02407002188184,12.65645514223195,1.956236323851204,0.3967,0.0126,0.0,0.0,0.0,0.0,0.0,0.0,0.0,0.0,0.0,0.0,0.23769808173477902,18.077564637197636,11.609674728940787,0.07506255212677232,0.0,0.0,0.0,0.0,0.0,0.0,0.0,0.0,0.0,0.0,0.0,0.0,0.0,0.0,0.0,0.0,0.3965,0.01249,0.0,0.0,0.0,0.0,0.0,0.0,0.0,0.0,0.0,0.0,0.21006564551422324,18.30196936542667,11.448577680525167,0.03938730853391686,0.0,0.0,0.0,0.0,0.0,0.0,0.0,0.0,0.0,0.0,0.0,0.0,0.0,0.0,0.0,0.0
76000,4778,2538,0.5311845960652993,1189,949,0.44746755964838847,1304,0.5458350774382587,0.4120000000000001,3.0169642857142858,3.158135423927756,6.711038961038961,2.1662122573599714,9568.726245290916,1611.8558321107985,7853.0,11083.0,11083.0,0.0,7853.0,0.0,27.96986186688991,20.838591462014094,32.62833168805528,19.20052048901063,0.13394725826705733,0.09899539556299707,0.10380912515696944,0.08748430305567183,0.07639179573043114,0.07492674759313521,0.06781079949769778,0.0648807032231059,0.054834658853076604,0.054625366262034326,0.04855588112180829,0.04311427375470908,0.02971954792800335,0.02239430724152365,0.020092088740058602,0.011720385098367517,0.006697362913352867,0.9324083874643773,0.022922107422812397,0.0,0.0,0.0,0.0,0.0,0.0,0.0,0.0,0.0,0.0,0.0,0.0,0.0,0.0,0.0,0.0,0.0,0.0,0.0,0.0,0.0,0.0,0.0,0.0,0.0,0.09418166596902472,2.3105902051067395,13.097530347425705,12.532440351611555,1.9652574298869825,4.237116764514025,2.9526937799993647,nan,nan,nan,4.248165443629086,2.962708231222838,4.226547543075942,2.9430431985954617,0.994911238547556,0.3965,0.01241,0.0,0.0,0.0,0.0,0.0,0.0,0.0,0.0,0.0,0.0,0.24487233151946425,18.189619087484274,11.527835914608627,0.03767266638760988,0.0,0.0,0.0,0.0,0.0,0.0,0.0,0.0,0.0,0.0,0.0,0.0,0.0,0.0,0.0,0.0,nan,nan,4.237116764514025,2.9526937799993647,nan,0.3965,0.0634,0.0,0.0,0.0,0.0,0.0,0.0,0.0,0.0,0.0,0.0,0.0,0.0,0.0,0.0,0.0,0.0,9.41816659690247e-05,0.0,2.092925910422771e-05,0.0016115529510255338,4.185851820845542e-05,0.00722059439095856,0.012997069903725409,0.0005232314776056927,0.0035265801590623693,0.004259104227710339,0.001077856843867727,0.0030870657178735873,0.006226454583507744,0.009250732524068647,0.022153620761825032,0.00493930514859774,0.036249476768522394,0.037275010464629554,0.05877982419422353,0.0566450397655923,0.04769778149853495,0.06785265801590623,0.04847216408539138,0.04023650062787777,0.06979907911259942,0.041889912097111764,0.08972373377982419,0.1049811636668062,0.017256174131435747,0.03107994976977815,0.0337588949351193,0.01997697781498535,0.040257429886982,0.030336961071578065,0.018177061532021765,0.010297195479280033,0.005232314776056928,0.002354541649225617,0.0060380912515696945,0.001799916282963583,0.00635203013813311,2.092925910422771e-05,0.00033486814566764336,0.0,0.0,3.139388865634156e-05,0.0,6.278777731268313e-05,0.0,0.0,0.0,0.0,0.0,0.0,0.0,0.0,0.0,0.0,0.0,0.0,0.0,0.0,0.0,0.0,0.0,0.0,0.0,0.0,0.0,0.0,0.0,0.0,0.0,0.0,0.0,0.0,0.0,0.0,0.0,0.0,0.0,0.0,0.0,0.0,0.0,nan,nan,4.237116764514025,2.9526937799993647,nan,0.9324472780721783,0.023146648750423823,0.0,0.0,0.0,0.0,0.0,0.0,0.0,0.0,0.0,0.0,0.0,0.0,0.0,0.0,0.0,0.0,0.0,0.0,0.0,0.0,0.0,0.0,0.0,0.0,0.0,0.08274231678487,2.4704491725768327,12.718676122931445,12.74231678486998,1.9858156028368799,0.9323643230167883,0.022664925480675294,0.0,0.0,0.0,0.0,0.0,0.0,0.0,0.0,0.0,0.0,0.0,0.0,0.0,0.0,0.0,0.0,0.0,0.0,0.0,0.0,0.0,0.0,0.0,0.0,0.0,0.10714285714285716,2.129464285714286,13.526785714285717,12.294642857142861,1.941964285714286,0.3965,0.012276,0.0,0.0,0.0,0.0,0.0,0.0,0.0,0.0,0.0,0.0,0.16548463356974,18.345153664302575,11.45390070921986,0.03546099290780142,0.0,0.0,0.0,0.0,0.0,0.0,0.0,0.0,0.0,0.0,0.0,0.0,0.0,0.0,0.0,0.0,0.3965,0.012566,0.0,0.0,0.0,0.0,0.0,0.0,0.0,0.0,0.0,0.0,0.3348214285714286,18.013392857142833,11.611607142857146,0.04017857142857143,0.0,0.0,0.0,0.0,0.0,0.0,0.0,0.0,0.0,0.0,0.0,0.0,0.0,0.0,0.0,0.0
76100,4938,2520,0.5103280680437424,1192,1030,0.44997974888618875,1390,0.5629809639530174,0.4080000000000001,2.890818858560794,3.026159463664887,6.421450151057402,2.162372329275277,9501.359659781288,1614.6554224041972,7853.0,11083.0,11083.0,0.0,7853.0,0.0,28.098015390846495,21.128934361776096,33.301359883438565,19.27860591531558,0.14540299716484406,0.09963547995139732,0.08788983394086675,0.08120696638315107,0.0795868772782503,0.07594167679222358,0.07128392061563386,0.06865127582017011,0.05791818550020251,0.048197650870797894,0.043337383556095586,0.043134872417982986,0.03219927095990279,0.025921425678412314,0.021061158363710003,0.010530579181855002,0.008100445524503848,0.9323648060198592,0.023291095638046263,0.0,0.0,0.0,0.0,0.0,0.0,0.0,0.0,0.0,0.0,0.0,0.0,0.0,0.0,0.0,0.0,0.0,0.0,0.0,0.0,0.0,0.0,0.0,0.0,0.0,0.06075334143377887,2.3815309842041317,13.049817739975701,12.381530984204135,2.1263669501822604,4.178871922717358,2.8277289395467324,nan,nan,nan,4.21723076923077,2.8849015488826586,4.139520202020202,2.767297075329505,0.981573081611386,0.3967,0.012375,0.0,0.0,0.0,0.0,0.0,0.0,0.0,0.0,0.0,0.0,0.18226002430133662,17.897934386391224,11.865127582017013,0.05467800729040098,0.0,0.0,0.0,0.0,0.0,0.0,0.0,0.0,0.0,0.0,0.0,0.0,0.0,0.0,0.0,0.0,nan,nan,4.178871922717358,2.8277289395467324,nan,0.3967,0.0635,0.0,0.0,0.0,0.0,0.0,0.0,0.0,0.0,0.0,0.0,0.0,0.0,0.0,0.0,0.0,0.0,4.050222762251924e-05,0.0,0.0,0.0016605913325232887,0.0,0.0076245443499392464,0.013396111786148239,0.0004860267314702309,0.003837586067233698,0.004110976103685703,0.0012251923855812069,0.0025212636695018226,0.0057209396516808425,0.009882543539894694,0.021385176184690158,0.0040805994329688134,0.035257189145402996,0.03846699068448765,0.057573916565411096,0.056115836371000406,0.048734305386796274,0.06444916970433374,0.04908869987849332,0.04018833535844472,0.06745646010530579,0.04328675577156744,0.09170716889428919,0.10558930741190765,0.019228432563791007,0.03043742405832321,0.03529769137302552,0.01901579586877278,0.03937829080599433,0.031055083029566628,0.01966383151073309,0.010257189145402997,0.005488051842851357,0.002430133657351154,0.005579181855002025,0.001437829080599433,0.006348724179829891,5.062778452814905e-05,0.0004353989469420818,0.0,0.0,1.012555690562981e-05,0.0,0.0,0.0,0.0,0.0,0.0,0.0,0.0,0.0,0.0,0.0,0.0,0.0,0.0,0.0,0.0,0.0,0.0,0.0,0.0,0.0,0.0,0.0,0.0,0.0,0.0,0.0,0.0,0.0,0.0,0.0,0.0,0.0,0.0,0.0,0.0,0.0,0.0,0.0,nan,nan,4.178871922717358,2.8277289395467324,nan,0.9325422262625088,0.023337794758479042,0.0,0.0,0.0,0.0,0.0,0.0,0.0,0.0,0.0,0.0,0.0,0.0,0.0,0.0,0.0,0.0,0.0,0.0,0.0,0.0,0.0,0.0,0.0,0.0,0.0,0.04761904761904763,2.5238095238095246,12.880952380952383,12.35714285714286,2.1904761904761907,0.9321799015486112,0.02324088544711132,0.0,0.0,0.0,0.0,0.0,0.0,0.0,0.0,0.0,0.0,0.0,0.0,0.0,0.0,0.0,0.0,0.0,0.0,0.0,0.0,0.0,0.0,0.0,0.0,0.0,0.07444168734491316,2.2332506203473947,13.225806451612906,12.406947890818861,2.059553349875931,0.3965,0.01225,0.0,0.0,0.0,0.0,0.0,0.0,0.0,0.0,0.0,0.0,0.20238095238095244,18.09523809523807,11.642857142857146,0.059523809523809534,0.0,0.0,0.0,0.0,0.0,0.0,0.0,0.0,0.0,0.0,0.0,0.0,0.0,0.0,0.0,0.0,0.397,0.01249,0.0,0.0,0.0,0.0,0.0,0.0,0.0,0.0,0.0,0.0,0.1612903225806452,17.69230769230767,12.09677419354839,0.049627791563275445,0.0,0.0,0.0,0.0,0.0,0.0,0.0,0.0,0.0,0.0,0.0,0.0,0.0,0.0,0.0,0.0
76200,4982,2610,0.5238859895624247,1256,1036,0.4600562023283822,1412,0.5668406262545163,0.3960000000000001,2.9629005059021924,3.052984554486362,6.464705882352941,2.0548196361297073,9545.151746286632,1613.1561015738441,7853.0,11083.0,11083.0,0.0,7853.0,0.0,28.05359293456443,20.751684626330572,32.98854141799952,18.935690754157573,0.13890004014452026,0.09373745483741469,0.09393817743877961,0.08430349257326375,0.0835006021678041,0.07908470493777599,0.06784423926134082,0.06844640706543557,0.057205941389000405,0.055198715375351266,0.04375752709755119,0.04054596547571256,0.034725010036130065,0.022480931352870333,0.017864311521477317,0.01144118827780008,0.007025291047771979,0.9331853379809871,0.023269243769012866,0.0,0.0,0.0,0.0,0.0,0.0,0.0,0.0,0.0,0.0,0.0,0.0,0.0,0.0,0.0,0.0,0.0,0.0,0.0,0.0,0.0,0.0,0.0,0.0,0.0,0.07828181453231636,2.3063026896828585,12.537133681252511,12.850260939381778,2.228020875150542,4.2002460781298065,2.9016822729701115,nan,nan,nan,4.198001249219238,2.8394729921594055,4.202424242424242,2.960793331752775,1.0010535950187787,0.397,0.01279,0.0,0.0,0.0,0.0,0.0,0.0,0.0,0.0,0.0,0.0,0.20473705339221202,17.854275391409047,11.874749096748296,0.06623845845042153,0.0,0.0,0.0,0.0,0.0,0.0,0.0,0.0,0.0,0.0,0.0,0.0,0.0,0.0,0.0,0.0,nan,nan,4.2002460781298065,2.9016822729701115,nan,0.397,0.0634,0.0,0.0,0.0,0.0,0.0,0.0,0.0,0.0,0.0,0.0,0.0,0.0,0.0,0.0,0.0,0.0,0.0,0.0,0.0,0.0017964672822159775,0.00015054195102368528,0.00718586912886391,0.012816138097149739,0.0004716981132075472,0.004315535929345644,0.003472501003613007,0.001053793657165797,0.002609393817743878,0.005891208350060217,0.01018667201926937,0.022240064231232436,0.0037936571657968686,0.037635487755921314,0.03798675230830992,0.05380369329586512,0.05944399839421919,0.04754114813327981,0.06252509032517062,0.04871537535126455,0.04093737454837415,0.06771376957045364,0.04570453633079085,0.09247290244881573,0.1051184263348053,0.019781212364512243,0.028613006824568448,0.03368125250903252,0.017874347651545563,0.039341629867523084,0.03240666399036531,0.021467282215977518,0.009102769971898836,0.005640305098354075,0.002388598956242473,0.00520875150541951,0.0014452027298273785,0.006965074267362505,1.0036130068245684e-05,0.0004917703733440385,0.0,0.0,0.0,0.0,0.0,0.0,0.0,0.0,0.0,0.0,0.0,0.0,0.0,0.0,0.0,0.0,0.0,0.0,0.0,0.0,0.0,0.0,0.0,0.0,0.0,0.0,0.0,0.0,0.0,0.0,0.0,0.0,0.0,0.0,0.0,0.0,0.0,0.0,0.0,0.0,0.0,0.0,nan,nan,4.2002460781298065,2.9016822729701115,nan,0.9331230319779494,0.023685600723941404,0.0,0.0,0.0,0.0,0.0,0.0,0.0,0.0,0.0,0.0,0.0,0.0,0.0,0.0,0.0,0.0,0.0,0.0,0.0,0.0,0.0,0.0,0.0,0.0,0.0,0.09195402298850577,2.5747126436781618,12.229885057471266,12.827586206896555,2.275862068965518,0.9332538955981574,0.02280213074737711,0.0,0.0,0.0,0.0,0.0,0.0,0.0,0.0,0.0,0.0,0.0,0.0,0.0,0.0,0.0,0.0,0.0,0.0,0.0,0.0,0.0,0.0,0.0,0.0,0.0,0.06323777403035415,2.010961214165262,12.875210792580104,12.875210792580104,2.1753794266441826,0.397,0.01277,0.0,0.0,0.0,0.0,0.0,0.0,0.0,0.0,0.0,0.0,0.22988505747126442,17.609195402298827,12.091954022988508,0.06896551724137932,0.0,0.0,0.0,0.0,0.0,0.0,0.0,0.0,0.0,0.0,0.0,0.0,0.0,0.0,0.0,0.0,0.3967,0.0128,0.0,0.0,0.0,0.0,0.0,0.0,0.0,0.0,0.0,0.0,0.17706576728499163,18.123946037099465,11.635750421585163,0.06323777403035415,0.0,0.0,0.0,0.0,0.0,0.0,0.0,0.0,0.0,0.0,0.0,0.0,0.0,0.0,0.0,0.0
76300,4584,2372,0.5174520069808028,1134,918,0.4476439790575916,1286,0.5610820244328097,0.4120000000000001,2.953887884267631,3.060813440395486,6.468553459119497,2.172719316495851,9524.369982547993,1614.0159308592772,7853.0,11083.0,11083.0,0.0,7853.0,0.0,28.38110820244328,20.994676483735205,33.06755715386591,19.30685087590801,0.13176265270506107,0.10667539267015706,0.08660558464223386,0.0844240837696335,0.0844240837696335,0.07613438045375218,0.06719022687609075,0.060209424083769635,0.05650087260034904,0.058900523560209424,0.04690226876090751,0.041666666666666664,0.03468586387434555,0.028577661431064574,0.018979057591623036,0.008289703315881327,0.00807155322862129,0.9327477643341087,0.023379002317912855,0.0,0.0,0.0,0.0,0.0,0.0,0.0,0.0,0.0,0.0,0.0,0.0,0.0,0.0,0.0,0.0,0.0,0.0,0.0,0.0,0.0,0.0,0.0,0.0,0.0,0.07198952879581152,2.3756544502617807,12.79450261780105,12.500000000000004,2.2578534031413615,4.193806193806194,2.836375017839926,nan,nan,nan,4.157152451309604,2.894522086701938,4.2298546895640685,2.7775295001485247,1.0174884705591112,0.3967,0.01251,0.0,0.0,0.0,0.0,0.0,0.0,0.0,0.0,0.0,0.0,0.15052356020942412,18.23298429319369,11.557591623036652,0.05890052356020944,0.0,0.0,0.0,0.0,0.0,0.0,0.0,0.0,0.0,0.0,0.0,0.0,0.0,0.0,0.0,0.0,nan,nan,4.193806193806194,2.836375017839926,nan,0.3967,0.0629,0.0,0.0,0.0,0.0,0.0,0.0,0.0,0.0,0.0,0.0,0.0,0.0,0.0,0.0,0.0,0.0,0.0,0.0,0.0,0.0015488656195462478,0.00010907504363001745,0.007046247818499127,0.011289267015706806,0.0007308027923211169,0.004493891797556719,0.0030104712041884815,0.0011671029668411867,0.0033049738219895286,0.0059009598603839445,0.01068935427574171,0.02210951134380454,0.00368673647469459,0.03860165794066318,0.04093586387434555,0.052912303664921466,0.0600130890052356,0.046465968586387435,0.061791012216404886,0.05009816753926702,0.04046684118673648,0.06606675392670157,0.047862129144851655,0.09177574171029669,0.10587914485165795,0.020844240837696336,0.028490401396160558,0.03260253054101222,0.016590314136125654,0.03854712041884817,0.033824171029668414,0.021520506108202442,0.008289703315881327,0.005868237347294939,0.00162521815008726,0.004962914485165794,0.0016470331588132635,0.006915357766143107,0.0,0.0003163176265270506,0.0,0.0,0.0,0.0,0.0,0.0,0.0,0.0,0.0,0.0,0.0,0.0,0.0,0.0,0.0,0.0,0.0,0.0,0.0,0.0,0.0,0.0,0.0,0.0,0.0,0.0,0.0,0.0,0.0,0.0,0.0,0.0,0.0,0.0,0.0,0.0,0.0,0.0,0.0,0.0,0.0,0.0,nan,nan,4.193806193806194,2.836375017839926,nan,0.9326092237214013,0.023170430304989907,0.0,0.0,0.0,0.0,0.0,0.0,0.0,0.0,0.0,0.0,0.0,0.0,0.0,0.0,0.0,0.0,0.0,0.0,0.0,0.0,0.0,0.0,0.0,0.0,0.0,0.07588532883642497,2.3397976391231032,12.976391231028671,12.445193929173696,2.162731871838112,0.9328963259676266,0.023599709272651273,0.0,0.0,0.0,0.0,0.0,0.0,0.0,0.0,0.0,0.0,0.0,0.0,0.0,0.0,0.0,0.0,0.0,0.0,0.0,0.0,0.0,0.0,0.0,0.0,0.0,0.0678119349005425,2.414104882459313,12.5994575045208,12.558770343580473,2.3598553345388793,0.3962,0.012566,0.0,0.0,0.0,0.0,0.0,0.0,0.0,0.0,0.0,0.0,0.17706576728499163,18.414839797639097,11.332209106239464,0.07588532883642497,0.0,0.0,0.0,0.0,0.0,0.0,0.0,0.0,0.0,0.0,0.0,0.0,0.0,0.0,0.0,0.0,0.397,0.01245,0.0,0.0,0.0,0.0,0.0,0.0,0.0,0.0,0.0,0.0,0.12206148282097652,18.037974683544277,11.799276672694397,0.040687160940325505,0.0,0.0,0.0,0.0,0.0,0.0,0.0,0.0,0.0,0.0,0.0,0.0,0.0,0.0,0.0,0.0
76400,4766,2445,0.5130088124213177,1158,1003,0.45342005874947544,1363,0.5719681074276123,0.4120000000000001,3.008186126669539,3.1313926919378257,6.572530864197531,2.1937731214295293,9510.018464120856,1614.4532971482713,7853.0,11083.0,11083.0,0.0,7853.0,0.0,27.92341586235837,20.767072651249087,32.76033881415047,19.05743192286338,0.1365925304238355,0.10239194292908099,0.09211078472513638,0.09022240872849349,0.07553503986571548,0.07973143096936634,0.06840117498950903,0.06546370121695343,0.059588753671842215,0.04804867813680235,0.04951741502308015,0.038187159043222826,0.03420058749475451,0.02517834662190516,0.017205203524968526,0.011120436424674779,0.006504406210658833,0.9324877915440414,0.02324285997413274,0.0,0.0,0.0,0.0,0.0,0.0,0.0,0.0,0.0,0.0,0.0,0.0,0.0,0.0,0.0,0.0,0.0,0.0,0.0,0.0,0.0,0.0,0.0,0.0,0.0,0.03147293327738146,2.2597566093159887,13.37599664288712,12.060428031892576,2.272345782626941,4.296763754045307,2.9546117557194798,nan,nan,nan,4.311848958333333,3.014032324343323,4.281853281853282,2.894603804613162,0.9930434306094884,0.3972,0.01233,0.0,0.0,0.0,0.0,0.0,0.0,0.0,0.0,0.0,0.0,0.2266051195971465,17.24716743600501,12.513638271086869,0.012589173310952584,0.0,0.0,0.0,0.0,0.0,0.0,0.0,0.0,0.0,0.0,0.0,0.0,0.0,0.0,0.0,0.0,nan,nan,4.296763754045307,2.9546117557194798,nan,0.3972,0.06274,0.0,0.0,0.0,0.0,0.0,0.0,0.0,0.0,0.0,0.0,0.0,0.0,0.0,0.0,0.0,0.0,0.0,6.29458665547629e-05,8.39278220730172e-05,0.0009861519093579522,0.0001049097775912715,0.007312211498111624,0.009630717582878725,0.0007448594208980276,0.004248845992446496,0.0034620226605119597,0.0011959714645404951,0.002843054972723458,0.007018464120856064,0.011298783046579941,0.021265211917750736,0.00353545950482585,0.038900545530843475,0.04163869072597566,0.051500209819555186,0.05878094838438942,0.04622324800671423,0.061582039446076375,0.04901384809064205,0.039330675618967685,0.06475031472933278,0.04860469995803609,0.095132186319765,0.10682962652119178,0.020866554762903902,0.029322282836760385,0.03194502727654217,0.01579941250524549,0.03807175828787243,0.036109945446915655,0.021957616449853126,0.007826269408308854,0.006546370121695342,0.0018883759966428872,0.0045740663029794374,0.0017834662190516156,0.0069240453210239195,0.0,0.0002727654217373059,0.0,0.0,0.0,0.0,3.147293327738145e-05,0.0,0.0,0.0,0.0,0.0,0.0,0.0,0.0,0.0,0.0,0.0,0.0,0.0,0.0,0.0,0.0,0.0,0.0,0.0,0.0,0.0,0.0,0.0,0.0,0.0,0.0,0.0,0.0,0.0,0.0,0.0,0.0,0.0,0.0,0.0,0.0,0.0,nan,nan,4.296763754045307,2.9546117557194798,nan,0.9328917750064093,0.02329120620875099,0.0,0.0,0.0,0.0,0.0,0.0,0.0,0.0,0.0,0.0,0.0,0.0,0.0,0.0,0.0,0.0,0.0,0.0,0.0,0.0,0.0,0.0,0.0,0.0,0.0,0.04907975460122701,2.220858895705522,13.325153374233132,12.098159509202457,2.306748466257669,0.9320622251651144,0.023184209520471816,0.0,0.0,0.0,0.0,0.0,0.0,0.0,0.0,0.0,0.0,0.0,0.0,0.0,0.0,0.0,0.0,0.0,0.0,0.0,0.0,0.0,0.0,0.0,0.0,0.0,0.01292546316242999,2.300732442912538,13.42955622576476,12.020680741059891,2.2361051271003882,0.3972,0.01241,0.0,0.0,0.0,0.0,0.0,0.0,0.0,0.0,0.0,0.0,0.28220858895705525,17.030674846625743,12.674846625766873,0.012269938650306752,0.0,0.0,0.0,0.0,0.0,0.0,0.0,0.0,0.0,0.0,0.0,0.0,0.0,0.0,0.0,0.0,0.3972,0.01224,0.0,0.0,0.0,0.0,0.0,0.0,0.0,0.0,0.0,0.0,0.16803102111158988,17.475226195605316,12.34381732012064,0.01292546316242999,0.0,0.0,0.0,0.0,0.0,0.0,0.0,0.0,0.0,0.0,0.0,0.0,0.0,0.0,0.0,0.0
76500,4831,2486,0.5145932519147175,1142,980,0.43924653280894227,1382,0.572138273649348,0.4080000000000001,3.0081023454157783,3.0903140555300954,6.602322206095791,2.006172002167068,9515.136203684537,1614.3119829519353,7853.0,11083.0,11083.0,0.0,7853.0,0.0,28.110122127923827,20.952506718353348,33.031480570585344,19.18508224735864,0.13827364934796108,0.0960463672117574,0.09853032498447527,0.08859449389360381,0.07658869799213414,0.07389774373835645,0.06478989857172428,0.06458290209066446,0.057959014696750154,0.054647070999793004,0.05112813082177603,0.039536327882425996,0.03125646864003312,0.028979507348375077,0.01904367625750362,0.010142827571931277,0.006002897950734837,0.9329757307583045,0.023129824835561957,0.0,0.0,0.0,0.0,0.0,0.0,0.0,0.0,0.0,0.0,0.0,0.0,0.0,0.0,0.0,0.0,0.0,0.0,0.0,0.0,0.0,0.0,0.0,0.0,0.0,0.04346926102256263,2.3349203063547925,12.835851790519564,12.599875802111367,2.1858828399917205,4.300192431045542,2.8838438666569814,nan,nan,nan,4.295774647887324,2.850225423243034,4.304627249357327,2.917195571511299,1.0020607695225252,0.3977,0.0126,0.0,0.0,0.0,0.0,0.0,0.0,0.0,0.0,0.0,0.0,0.14282757193127718,17.12067894845785,12.693024218588286,0.04346926102256263,0.0,0.0,0.0,0.0,0.0,0.0,0.0,0.0,0.0,0.0,0.0,0.0,0.0,0.0,0.0,0.0,nan,nan,4.300192431045542,2.8838438666569814,nan,0.3977,0.06287,0.0,0.0,0.0,0.0,0.0,0.0,0.0,0.0,0.0,0.0,0.0,0.0,0.0,0.0,0.0,0.0,0.0,9.31484164769199e-05,0.0,0.0008176361001862968,0.00020699648105982198,0.007752018215690333,0.009718484785758642,0.0006934382115504036,0.005402608155661354,0.0029807493272614367,0.0016870213206375492,0.0023804595321879527,0.006458290209066446,0.011333057338025254,0.019995860070378804,0.0037155868350238048,0.03738356447940385,0.04038501345477127,0.05066238873939143,0.05783481680811426,0.04611881598012834,0.062305940799006414,0.050258745601324775,0.040426412750983236,0.06485199751604223,0.04578762161043262,0.0981370316704616,0.10915959428689712,0.01966466570068309,0.030252535706892982,0.02995239080935624,0.016714965845580625,0.03795280480231836,0.035851790519561166,0.022924860277375284,0.008290209066445871,0.005609604636721176,0.002183812875181122,0.004667770647898986,0.0019250672738563444,0.006934382115504036,3.1049472158973297e-05,0.00046574208238459947,0.0,0.0,0.0,0.0,3.1049472158973297e-05,0.0,0.0,0.0,0.0,0.0,0.0,0.0,0.0,0.0,0.0,0.0,0.0,0.0,0.0,0.0,0.0,0.0,0.0,0.0,0.0,0.0,0.0,0.0,0.0,0.0,0.0,0.0,0.0,0.0,0.0,0.0,0.0,0.0,0.0,0.0,0.0,0.0,nan,nan,4.300192431045542,2.8838438666569814,nan,0.9326968605923058,0.023171736381262943,0.0,0.0,0.0,0.0,0.0,0.0,0.0,0.0,0.0,0.0,0.0,0.0,0.0,0.0,0.0,0.0,0.0,0.0,0.0,0.0,0.0,0.0,0.0,0.0,0.0,0.012067578439259858,2.377312952534192,13.069187449718425,12.369267900241354,2.172164119066774,0.9332713688106171,0.023081631180954725,0.0,0.0,0.0,0.0,0.0,0.0,0.0,0.0,0.0,0.0,0.0,0.0,0.0,0.0,0.0,0.0,0.0,0.0,0.0,0.0,0.0,0.0,0.0,0.0,0.0,0.0767590618336887,2.2899786780383797,12.58848614072495,12.844349680170579,2.2004264392324098,0.398,0.01255,0.0,0.0,0.0,0.0,0.0,0.0,0.0,0.0,0.0,0.0,0.13274336283185842,16.761866452131915,13.057119871279166,0.04827031375703943,0.0,0.0,0.0,0.0,0.0,0.0,0.0,0.0,0.0,0.0,0.0,0.0,0.0,0.0,0.0,0.0,0.3975,0.01264,0.0,0.0,0.0,0.0,0.0,0.0,0.0,0.0,0.0,0.0,0.1535181236673774,17.501066098080997,12.307036247334757,0.03837953091684435,0.0,0.0,0.0,0.0,0.0,0.0,0.0,0.0,0.0,0.0,0.0,0.0,0.0,0.0,0.0,0.0
76600,4732,2376,0.5021132713440406,1144,996,0.452240067624683,1376,0.5815722738799662,0.4080000000000001,2.91044142614601,3.097325037155145,6.622670807453416,2.0684366400420133,9474.825866441251,1614.9855750276304,7853.0,11083.0,11083.0,0.0,7853.0,0.0,27.947168216398985,20.973541235663934,32.85570638511815,19.27215821642763,0.1352493660185968,0.10756551141166526,0.09065934065934066,0.08960270498732037,0.08326289095519865,0.07311918850380389,0.06339814032121724,0.06297548605240913,0.05959425190194421,0.049239222316145394,0.04712595097210482,0.0437447168216399,0.03169907016060862,0.026204564666103127,0.016483516483516484,0.01267962806424345,0.0073964497041420114,0.9333385815080303,0.02317577577362565,0.0,0.0,0.0,0.0,0.0,0.0,0.0,0.0,0.0,0.0,0.0,0.0,0.0,0.0,0.0,0.0,0.0,0.0,0.0,0.0,0.0,0.0,0.0,0.0,0.0,0.05705832628909553,2.1935756551141172,12.844463229078617,12.609890109890113,2.2950126796280648,4.25836854078648,2.9069413084168088,nan,nan,nan,4.3790891597177675,2.975952185265159,4.134387351778656,2.828961012207199,0.9441203869082944,0.398,0.01238,0.0,0.0,0.0,0.0,0.0,0.0,0.0,0.0,0.0,0.0,0.11411665257819106,16.95900253592559,12.869822485207104,0.05705832628909553,0.0,0.0,0.0,0.0,0.0,0.0,0.0,0.0,0.0,0.0,0.0,0.0,0.0,0.0,0.0,0.0,nan,nan,4.25836854078648,2.9069413084168088,nan,0.398,0.0626,0.0,0.0,0.0,0.0,0.0,0.0,0.0,0.0,0.0,0.0,0.0,0.0,0.0,0.0,0.0,0.0,0.0,8.4530853761623e-05,0.0,0.000676246830092984,0.00031699070160608623,0.0072696534234995775,0.00937235841081995,0.0006128486897717667,0.004142011834319527,0.0032333051563820793,0.00176458157227388,0.0026415891800507184,0.006487743026204564,0.012193575655114117,0.01918850380388842,0.003930684699915469,0.03705621301775148,0.03951817413355875,0.053708791208791205,0.0562552831783601,0.045245139475908705,0.06308114961961116,0.0521978021978022,0.04200126796280643,0.06300718512256974,0.04696745562130177,0.09377641589180051,0.10937235841081995,0.019769653423499577,0.031234150464919695,0.030980557903634826,0.016155959425190193,0.039697802197802196,0.03527049873203719,0.024270921386306002,0.006762468300929839,0.005135249366018597,0.0018913778529163145,0.004437869822485207,0.0020815722738799663,0.007671174978867287,0.0,0.0005177514792899408,2.113271344040575e-05,0.0,0.0,0.0,0.0,0.0,0.0,0.0,0.0,0.0,0.0,0.0,0.0,0.0,0.0,0.0,0.0,0.0,0.0,0.0,0.0,0.0,0.0,0.0,0.0,0.0,0.0,0.0,0.0,0.0,0.0,0.0,0.0,0.0,0.0,0.0,0.0,0.0,0.0,0.0,0.0,0.0,nan,nan,4.25836854078648,2.9069413084168088,nan,0.933469364212619,0.023459438644644004,0.0,0.0,0.0,0.0,0.0,0.0,0.0,0.0,0.0,0.0,0.0,0.0,0.0,0.0,0.0,0.0,0.0,0.0,0.0,0.0,0.0,0.0,0.0,0.0,0.0,0.02525252525252526,2.247474747474748,12.878787878787882,12.335858585858588,2.512626262626263,0.9332066885937252,0.022885387500788563,0.0,0.0,0.0,0.0,0.0,0.0,0.0,0.0,0.0,0.0,0.0,0.0,0.0,0.0,0.0,0.0,0.0,0.0,0.0,0.0,0.0,0.0,0.0,0.0,0.0,0.08913412563667235,2.139219015280136,12.80984719864177,12.886247877758917,2.075551782682513,0.398,0.01216,0.0,0.0,0.0,0.0,0.0,0.0,0.0,0.0,0.0,0.0,0.08838383838383841,17.18434343434341,12.664141414141417,0.06313131313131315,0.0,0.0,0.0,0.0,0.0,0.0,0.0,0.0,0.0,0.0,0.0,0.0,0.0,0.0,0.0,0.0,0.398,0.0126,0.0,0.0,0.0,0.0,0.0,0.0,0.0,0.0,0.0,0.0,0.14006791171477082,16.731748726655322,13.077249575551786,0.05093378607809848,0.0,0.0,0.0,0.0,0.0,0.0,0.0,0.0,0.0,0.0,0.0,0.0,0.0,0.0,0.0,0.0
76700,4798,2438,0.5081283868278449,1111,977,0.4351813255523135,1363,0.5681533972488537,0.4120000000000001,2.990677966101695,3.104384195823259,6.567846607669616,2.123884074871188,9494.25468945394,1614.786577626182,7853.0,11083.0,11083.0,0.0,7853.0,0.0,28.234264276781992,21.106622509201095,33.13702696017808,19.373747553139992,0.13859941642350979,0.09649854105877449,0.09899958315964985,0.08899541475614839,0.07649020425177157,0.06940391829929136,0.06940391829929136,0.060441850771154645,0.05523134639433097,0.05877448937057107,0.04710295956648604,0.04189245518966236,0.033764068361817424,0.027094622759483118,0.018549395581492288,0.0106294289287203,0.008128386827844935,0.9326069730055635,0.023231219313557573,0.0,0.0,0.0,0.0,0.0,0.0,0.0,0.0,0.0,0.0,0.0,0.0,0.0,0.0,0.0,0.0,0.0,0.0,0.0,0.0,0.0,0.0,0.0,0.0,0.0,0.06877865777407254,2.344726969570655,12.855356398499378,12.498957899124639,2.2321800750312635,4.330412203829925,2.8504679046996015,nan,nan,nan,4.255402750491159,2.809189817565249,4.404118404118404,2.8885579139998736,1.0349474920112038,0.3982,0.01228,0.0,0.0,0.0,0.0,0.0,0.0,0.0,0.0,0.0,0.0,0.08753647353063779,16.613172155064586,13.249270529387248,0.050020842017507304,0.0,0.0,0.0,0.0,0.0,0.0,0.0,0.0,0.0,0.0,0.0,0.0,0.0,0.0,0.0,0.0,nan,nan,4.330412203829925,2.8504679046996015,nan,0.3982,0.0624,0.0,0.0,0.0,0.0,0.0,0.0,0.0,0.0,0.0,0.0,0.0,0.0,0.0,0.0,0.0,0.0,0.0,0.00010421008753647353,0.0,0.0008024176740308462,0.0007294706127553147,0.007263443101292205,0.009274697790746144,0.00047936640266777825,0.003574406002501042,0.0031158816173405585,0.0016673614005835765,0.002594831179658191,0.007169654022509379,0.011306794497707377,0.018486869528970405,0.004210087536473531,0.035817007086285955,0.03920383493122134,0.05263651521467278,0.05854522717799083,0.04208003334722801,0.06323468111713214,0.05330345977490621,0.04109003751563151,0.062411421425594,0.051125468945393916,0.09359107961650688,0.10772196748645269,0.020341809087119633,0.03405585660691955,0.03264902042517716,0.016902876198416007,0.038766152563568156,0.03437890787828262,0.023124218424343475,0.006711129637348896,0.005106294289287203,0.0023238849520633596,0.004668611921634014,0.001531888286786161,0.00692997082117549,0.0,0.0009274697790746144,4.168403501458941e-05,0.0,0.0,0.0,0.0,0.0,0.0,0.0,0.0,0.0,0.0,0.0,0.0,0.0,0.0,0.0,0.0,0.0,0.0,0.0,0.0,0.0,0.0,0.0,0.0,0.0,0.0,0.0,0.0,0.0,0.0,0.0,0.0,0.0,0.0,0.0,0.0,0.0,0.0,0.0,0.0,0.0,nan,nan,4.330412203829925,2.8504679046996015,nan,0.932363061801247,0.022941321448166584,0.0,0.0,0.0,0.0,0.0,0.0,0.0,0.0,0.0,0.0,0.0,0.0,0.0,0.0,0.0,0.0,0.0,0.0,0.0,0.0,0.0,0.0,0.0,0.0,0.0,0.024610336341263337,2.3379819524200167,12.98195242001641,12.440525020508616,2.2149302707137,0.9328589456818872,0.023524292100195476,0.0,0.0,0.0,0.0,0.0,0.0,0.0,0.0,0.0,0.0,0.0,0.0,0.0,0.0,0.0,0.0,0.0,0.0,0.0,0.0,0.0,0.0,0.0,0.0,0.0,0.11440677966101698,2.3516949152542375,12.724576271186443,12.559322033898308,2.2500000000000004,0.3982,0.01229,0.0,0.0,0.0,0.0,0.0,0.0,0.0,0.0,0.0,0.0,0.012305168170631669,16.624282198523357,13.301886792452834,0.06152584085315834,0.0,0.0,0.0,0.0,0.0,0.0,0.0,0.0,0.0,0.0,0.0,0.0,0.0,0.0,0.0,0.0,0.3982,0.012276,0.0,0.0,0.0,0.0,0.0,0.0,0.0,0.0,0.0,0.0,0.16525423728813565,16.601694915254214,13.19491525423729,0.03813559322033899,0.0,0.0,0.0,0.0,0.0,0.0,0.0,0.0,0.0,0.0,0.0,0.0,0.0,0.0,0.0,0.0
76800,4695,2452,0.5222577209797657,1157,937,0.4460063897763578,1304,0.5554845580404686,0.4280000000000001,2.9558626839054836,3.0623357612492845,6.50855365474339,2.0668090802822943,9539.892438764644,1613.399044640994,7853.0,11083.0,11083.0,0.0,7853.0,0.0,28.28626198083067,21.015209583633446,33.37163192679207,19.154806913434506,0.1412140575079872,0.09989350372736955,0.08775292864749734,0.0817891373801917,0.07902023429179979,0.0764643237486688,0.07007454739084132,0.06474973375931842,0.0577209797657082,0.05410010649627263,0.047284345047923323,0.04238551650692226,0.03450479233226837,0.026624068157614485,0.018743343982960597,0.011501597444089457,0.00617678381256656,0.9321027015598691,0.022701238750649947,0.0,0.0,0.0,0.0,0.0,0.0,0.0,0.0,0.0,0.0,0.0,0.0,0.0,0.0,0.0,0.0,0.0,0.0,0.0,0.0,0.0,0.0,0.0,0.0,0.0,0.06389776357827477,2.408945686900959,13.14376996805112,12.492012779552718,1.8913738019169333,4.191022280471822,2.880632781124152,nan,nan,nan,4.222076215505913,2.9005570899007185,4.159581425768476,2.8611950253798955,0.9851980905726144,0.3987,0.01224,0.0,0.0,0.0,0.0,0.0,0.0,0.0,0.0,0.0,0.0,0.09584664536741216,16.038338658146944,13.769968051118214,0.09584664536741216,0.0,0.0,0.0,0.0,0.0,0.0,0.0,0.0,0.0,0.0,0.0,0.0,0.0,0.0,0.0,0.0,nan,nan,4.191022280471822,2.880632781124152,nan,0.3987,0.06274,0.0,0.0,0.0,0.0,0.0,0.0,0.0,0.0,0.0,0.0,0.0,0.0,0.0,0.0,0.0,1.0649627263045793e-05,0.0,3.194888178913738e-05,0.0,0.0004898828541001065,0.000777422790202343,0.0079765708200213,0.009584664536741214,0.000308839190628328,0.004558040468583599,0.0029605963791267307,0.001906283280085197,0.0026730564430244943,0.006187433439829606,0.009957401490947817,0.019169329073482427,0.004238551650692226,0.033993610223642175,0.039829605963791266,0.05260915867944622,0.059701810436634715,0.041054313099041534,0.06157614483493078,0.05366347177848775,0.039818956336528225,0.06286474973375931,0.0501171458998935,0.09559105431309904,0.10513312034078807,0.021671991480298188,0.03335463258785942,0.03494142705005325,0.01670926517571885,0.03731629392971246,0.0364430244941427,0.023706070287539936,0.0066134185303514375,0.005154419595314164,0.0028647497337593183,0.004685835995740149,0.0014802981895633653,0.007539936102236422,1.0649627263045793e-05,0.000670926517571885,5.3248136315228964e-05,0.0,0.0,0.0,0.0,0.0,0.0,0.0,0.0,0.0,0.0,0.0,0.0,0.0,0.0,0.0,0.0,0.0,0.0,0.0,0.0,0.0,0.0,0.0,0.0,0.0,0.0,0.0,0.0,0.0,0.0,0.0,0.0,0.0,0.0,0.0,0.0,0.0,0.0,0.0,0.0,0.0,nan,nan,4.191022280471822,2.880632781124152,nan,0.9325348957522269,0.02257688141347664,0.0,0.0,0.0,0.0,0.0,0.0,0.0,0.0,0.0,0.0,0.0,0.0,0.0,0.0,0.0,0.0,0.0,0.0,0.0,0.0,0.0,0.0,0.0,0.0,0.0,0.04893964110929854,2.19004893964111,13.27487765089723,12.516313213703102,1.9698205546492662,0.9316302360406264,0.022827048547096697,0.0,0.0,0.0,0.0,0.0,0.0,0.0,0.0,0.0,0.0,0.0,0.0,0.0,0.0,0.0,0.0,0.0,0.0,0.0,0.0,0.0,0.0,0.0,0.0,0.0,0.08024966562639324,2.6482389656709766,13.000445831475705,12.465448060633085,1.805617476593848,0.3987,0.01232,0.0,0.0,0.0,0.0,0.0,0.0,0.0,0.0,0.0,0.0,0.134584013050571,16.027732463295244,13.752039151712891,0.08564437194127246,0.0,0.0,0.0,0.0,0.0,0.0,0.0,0.0,0.0,0.0,0.0,0.0,0.0,0.0,0.0,0.0,0.3987,0.012146,0.0,0.0,0.0,0.0,0.0,0.0,0.0,0.0,0.0,0.0,0.05349977708426216,16.04993312527862,13.789567543468571,0.10699955416852432,0.0,0.0,0.0,0.0,0.0,0.0,0.0,0.0,0.0,0.0,0.0,0.0,0.0,0.0,0.0,0.0
76900,4677,2472,0.5285439384220654,1140,907,0.43767372247166986,1286,0.5499251657045114,0.4400000000000001,3.0607709750566894,3.1945146217596205,6.761904761904762,2.165488952552776,9560.196921103272,1612.366189095727,7853.0,11083.0,11083.0,0.0,7853.0,0.0,28.16527688689331,21.065184074872956,33.05482233502538,19.350495201992732,0.1372674791533034,0.10156082959161856,0.09129784049604447,0.09108402822322001,0.07761385503527903,0.07483429548856105,0.0718409236690186,0.059225999572375454,0.05452212957023733,0.04960444729527475,0.04853538593115245,0.041265768655120806,0.03784477228992944,0.028009407740004277,0.01646354500748343,0.011759675005345306,0.0072696172760316445,0.9321280822861977,0.023311211622354215,0.0,0.0,0.0,0.0,0.0,0.0,0.0,0.0,0.0,0.0,0.0,0.0,0.0,0.0,0.0,0.0,0.0,0.0,0.0,0.0,0.0,0.0,0.0,0.0,0.0,0.04490057729313664,2.5080179602309176,13.059653624118027,12.334830019243107,2.0525978191148178,4.2262338522689635,2.938053283725924,nan,nan,nan,4.111691704768125,2.881946861571653,4.344317417619368,2.9910997186125123,1.0565766427919385,0.399,0.012215,0.0,0.0,0.0,0.0,0.0,0.0,0.0,0.0,0.0,0.0,0.051314945477870445,16.17703656189863,13.68826170622194,0.08338678640153947,0.0,0.0,0.0,0.0,0.0,0.0,0.0,0.0,0.0,0.0,0.0,0.0,0.0,0.0,0.0,0.0,nan,nan,4.2262338522689635,2.938053283725924,nan,0.399,0.0627,0.0,0.0,0.0,0.0,0.0,0.0,0.0,0.0,0.0,0.0,0.0,0.0,0.0,0.0,0.0,0.0,0.0,0.0,2.138122728244601e-05,0.00043831515929014324,0.0007376523412443874,0.0074834295488561044,0.008937353004062433,0.00028864656831302114,0.005847765661748984,0.0024160786829163995,0.001667735728030789,0.0023198631601453923,0.007258926662390421,0.009311524481505238,0.019114817190506735,0.0040089801154586276,0.034605516356638874,0.038133418858242465,0.05471456061577935,0.056884755184947615,0.0401004917682275,0.06608937353004063,0.0526940346375882,0.03946974556339534,0.06518067137053667,0.05042762454564892,0.09328629463331195,0.10315373102416078,0.019649347872567887,0.03527902501603592,0.033910626469959376,0.017692965576224077,0.03887107119948685,0.03692537951678426,0.024096643147316656,0.005847765661748984,0.005366688047893949,0.0027261064785118667,0.004896301047680137,0.00184947615993158,0.007440667094291213,1.0690613641223006e-05,0.0007911054094505024,4.276245456489202e-05,1.0690613641223006e-05,0.0,0.0,0.0,0.0,0.0,0.0,0.0,0.0,0.0,0.0,0.0,0.0,0.0,0.0,0.0,0.0,0.0,0.0,0.0,0.0,0.0,0.0,0.0,0.0,0.0,0.0,0.0,0.0,0.0,0.0,0.0,0.0,0.0,0.0,0.0,0.0,0.0,0.0,0.0,0.0,nan,nan,4.2262338522689635,2.938053283725924,nan,0.9325100931679546,0.023402064783440823,0.0,0.0,0.0,0.0,0.0,0.0,0.0,0.0,0.0,0.0,0.0,0.0,0.0,0.0,0.0,0.0,0.0,0.0,0.0,0.0,0.0,0.0,0.0,0.0,0.0,0.04854368932038836,2.512135922330098,12.864077669902915,12.439320388349518,2.1359223300970878,0.9316998143044729,0.02320145721178935,0.0,0.0,0.0,0.0,0.0,0.0,0.0,0.0,0.0,0.0,0.0,0.0,0.0,0.0,0.0,0.0,0.0,0.0,0.0,0.0,0.0,0.0,0.0,0.0,0.0,0.04081632653061225,2.5034013605442182,13.278911564625854,12.217687074829936,1.9591836734693882,0.3992,0.0121,0.0,0.0,0.0,0.0,0.0,0.0,0.0,0.0,0.0,0.0,0.03640776699029127,15.970873786407743,13.907766990291265,0.08495145631067963,0.0,0.0,0.0,0.0,0.0,0.0,0.0,0.0,0.0,0.0,0.0,0.0,0.0,0.0,0.0,0.0,0.3987,0.01233,0.0,0.0,0.0,0.0,0.0,0.0,0.0,0.0,0.0,0.0,0.06802721088435375,16.4081632653061,13.442176870748302,0.0816326530612245,0.0,0.0,0.0,0.0,0.0,0.0,0.0,0.0,0.0,0.0,0.0,0.0,0.0,0.0,0.0,0.0
77000,4940,2572,0.5206477732793522,1201,993,0.44412955465587045,1376,0.557085020242915,0.4040000000000001,2.9252533783783785,3.0917672016247666,6.517964071856287,2.228283230291381,9534.692307692309,1613.6223647727106,7853.0,11083.0,11083.0,0.0,7853.0,0.0,27.936842105263157,20.769499860147242,32.800721153846155,19.021936968100768,0.13663967611336034,0.1020242914979757,0.09089068825910931,0.08866396761133603,0.07854251012145749,0.08016194331983806,0.0659919028340081,0.06174089068825911,0.05789473684210526,0.053643724696356275,0.05344129554655871,0.03967611336032389,0.03076923076923077,0.024898785425101214,0.019433198380566803,0.010323886639676113,0.005263157894736842,0.9316377429344394,0.02320264773001452,0.0,0.0,0.0,0.0,0.0,0.0,0.0,0.0,0.0,0.0,0.0,0.0,0.0,0.0,0.0,0.0,0.0,0.0,0.0,0.0,0.0,0.0,0.0,0.0,0.0,0.07894736842105265,2.629554655870446,13.202429149797574,12.09109311740891,1.9979757085020247,4.2631578947368425,2.9075070010581654,nan,nan,nan,4.273650793650794,2.906703419157829,4.252816020025032,2.908261755411842,0.9951248301202532,0.399,0.012375,0.0,0.0,0.0,0.0,0.0,0.0,0.0,0.0,0.0,0.0,0.1396761133603239,16.074898785425077,13.742914979757089,0.04251012145748989,0.0,0.0,0.0,0.0,0.0,0.0,0.0,0.0,0.0,0.0,0.0,0.0,0.0,0.0,0.0,0.0,nan,nan,4.2631578947368425,2.9075070010581654,nan,0.399,0.063,0.0,0.0,0.0,0.0,0.0,0.0,0.0,0.0,0.0,0.0,0.0,0.0,0.0,0.0,0.0,3.036437246963563e-05,0.0,1.0121457489878542e-05,0.0,0.0004048582995951417,0.0004048582995951417,0.008340080971659919,0.009493927125506074,0.00032388663967611336,0.00569838056680162,0.003228744939271255,0.001953441295546559,0.0020850202429149797,0.0066801619433198385,0.009230769230769232,0.018593117408906883,0.0031275303643724696,0.03573886639676113,0.038016194331983805,0.05456477732793522,0.05722672064777328,0.03942307692307692,0.06526315789473684,0.053734817813765184,0.03889676113360324,0.06279352226720648,0.052307692307692305,0.0946255060728745,0.10186234817813765,0.018279352226720648,0.03453441295546559,0.033724696356275306,0.017894736842105262,0.03959514170040486,0.038370445344129554,0.025445344129554657,0.006234817813765182,0.005435222672064777,0.002692307692307692,0.0046659919028340085,0.0015384615384615385,0.006973684210526316,0.00010121457489878542,0.0003744939271255061,2.0242914979757085e-05,0.0,6.072874493927126e-05,0.0,0.0,0.0,0.0,0.0,0.0,0.0,0.0,0.0,0.0,0.0,0.0,0.0,0.0,0.0,0.0,0.0,0.0,0.0,0.0,0.0,0.0,0.0,0.0,0.0,0.0,0.0,0.0,0.0,0.0,0.0,0.0,0.0,0.0,0.0,0.0,0.0,0.0,0.0,nan,nan,4.2631578947368425,2.9075070010581654,nan,0.9314894053047961,0.022943163579635776,0.0,0.0,0.0,0.0,0.0,0.0,0.0,0.0,0.0,0.0,0.0,0.0,0.0,0.0,0.0,0.0,0.0,0.0,0.0,0.0,0.0,0.0,0.0,0.0,0.0,0.11664074650077763,2.4377916018662527,13.460342146189738,12.013996889580095,1.9712286158631418,0.9317988596504202,0.023480175961060723,0.0,0.0,0.0,0.0,0.0,0.0,0.0,0.0,0.0,0.0,0.0,0.0,0.0,0.0,0.0,0.0,0.0,0.0,0.0,0.0,0.0,0.0,0.0,0.0,0.0,0.038006756756756764,2.8378378378378386,12.9222972972973,12.174831081081084,2.027027027027027,0.399,0.01248,0.0,0.0,0.0,0.0,0.0,0.0,0.0,0.0,0.0,0.0,0.13996889580093314,15.92146189735612,13.891912908242615,0.04665629860031105,0.0,0.0,0.0,0.0,0.0,0.0,0.0,0.0,0.0,0.0,0.0,0.0,0.0,0.0,0.0,0.0,0.399,0.01226,0.0,0.0,0.0,0.0,0.0,0.0,0.0,0.0,0.0,0.0,0.13935810810810814,16.241554054054028,13.581081081081084,0.038006756756756764,0.0,0.0,0.0,0.0,0.0,0.0,0.0,0.0,0.0,0.0,0.0,0.0,0.0,0.0,0.0,0.0
77100,4883,2518,0.5156665984026213,1158,1006,0.44317018226500104,1376,0.5635879582224043,0.4160000000000001,3.0186046511627906,3.116021572776409,6.559124087591241,2.1399418350962183,9518.603112840467,1614.2070266762114,7853.0,11083.0,11083.0,0.0,7853.0,0.0,28.158918697522015,20.880606540236514,32.967038293746974,19.13920430293482,0.13802989965185336,0.09481875895965595,0.0970714724554577,0.08826541060823265,0.07986893303297153,0.07085807904976449,0.06881015768994471,0.06512389924226909,0.060823264386647556,0.05037886545156666,0.04751177554781896,0.04505426991603522,0.03153798894122466,0.026827769813639157,0.01679295515052222,0.011263567479008805,0.006962932623387262,0.9316938245440516,0.02310429741381827,0.0,0.0,0.0,0.0,0.0,0.0,0.0,0.0,0.0,0.0,0.0,0.0,0.0,0.0,0.0,0.0,0.0,0.0,0.0,0.0,0.0,0.0,0.0,0.0,0.0,0.13516280974810568,2.3161990579561746,13.221380298996522,12.361253327872213,1.966004505426992,4.3147853736089035,2.8940134733864302,nan,nan,nan,4.283449587824984,2.8400945390324375,4.347160178685386,2.947654888971367,1.0148736642171508,0.399,0.01232,0.0,0.0,0.0,0.0,0.0,0.0,0.0,0.0,0.0,0.0,0.11673151750972766,16.035224247388875,13.768175302068403,0.07986893303297156,0.0,0.0,0.0,0.0,0.0,0.0,0.0,0.0,0.0,0.0,0.0,0.0,0.0,0.0,0.0,0.0,nan,nan,4.3147853736089035,2.8940134733864302,nan,0.399,0.063,0.0,0.0,0.0,0.0,0.0,0.0,0.0,0.0,0.0,0.0,0.0,0.0,0.0,0.0,0.0,0.0,1.0239606799098915e-05,0.0,0.0,0.000481261519557649,0.00020479213598197828,0.009215646119189022,0.008847020274421462,0.0004915011263567479,0.004853573622772885,0.003594101986483719,0.0021093590006143765,0.0021093590006143765,0.006717182060208888,0.008242883473274626,0.017694040548842924,0.003829612942862994,0.03733360638951464,0.0368113864427606,0.05679909891460168,0.054362072496416135,0.03968871595330739,0.06569731722301864,0.05446446856440713,0.040804833094409174,0.06046487814867909,0.05592873233667827,0.0943682162604956,0.09774728650419824,0.017796436616833913,0.033616629121441734,0.03446651648576694,0.018728240835551916,0.04117345893917673,0.03753839852549662,0.02612123694450133,0.0062563997542494365,0.004976448904362073,0.002621339340569322,0.004822854802375588,0.001085398320704485,0.007403235715748515,7.16772475936924e-05,0.0003379070243702642,1.0239606799098915e-05,0.0,0.00010239606799098914,0.0,0.0,0.0,0.0,0.0,0.0,0.0,0.0,0.0,0.0,0.0,0.0,0.0,0.0,0.0,0.0,0.0,0.0,0.0,0.0,0.0,0.0,0.0,0.0,0.0,0.0,0.0,0.0,0.0,0.0,0.0,0.0,0.0,0.0,0.0,0.0,0.0,0.0,0.0,nan,nan,4.3147853736089035,2.8940134733864302,nan,0.9308540296753406,0.022940644543857257,0.0,0.0,0.0,0.0,0.0,0.0,0.0,0.0,0.0,0.0,0.0,0.0,0.0,0.0,0.0,0.0,0.0,0.0,0.0,0.0,0.0,0.0,0.0,0.0,0.0,0.10722795869737889,2.406671961874504,13.486894360603657,12.343129467831615,1.656076250992852,0.9325879486368273,0.02324394754150909,0.0,0.0,0.0,0.0,0.0,0.0,0.0,0.0,0.0,0.0,0.0,0.0,0.0,0.0,0.0,0.0,0.0,0.0,0.0,0.0,0.0,0.0,0.0,0.0,0.0,0.16490486257928122,2.2198731501057085,12.938689217758988,12.380549682875268,2.2959830866807613,0.3992,0.01246,0.0,0.0,0.0,0.0,0.0,0.0,0.0,0.0,0.0,0.0,0.07148530579825259,15.91739475774422,13.891977760127087,0.119142176330421,0.0,0.0,0.0,0.0,0.0,0.0,0.0,0.0,0.0,0.0,0.0,0.0,0.0,0.0,0.0,0.0,0.399,0.01218,0.0,0.0,0.0,0.0,0.0,0.0,0.0,0.0,0.0,0.0,0.16490486257928122,16.160676532769532,13.63636363636364,0.038054968287526435,0.0,0.0,0.0,0.0,0.0,0.0,0.0,0.0,0.0,0.0,0.0,0.0,0.0,0.0,0.0,0.0
77200,4910,2490,0.5071283095723014,1135,1019,0.43869653767820777,1379,0.5617107942973524,0.4080000000000001,2.896694214876033,3.0740296832126255,6.586890243902439,2.059720875632078,9491.024439918534,1614.835866324017,7853.0,11083.0,11083.0,0.0,7853.0,0.0,27.727494908350305,21.014975691083187,32.842658196921576,19.284594768290695,0.1439918533604888,0.09714867617107943,0.09857433808553971,0.09368635437881874,0.07657841140529531,0.07230142566191446,0.06517311608961303,0.059877800407331976,0.05784114052953157,0.054989816700611,0.043991853360488796,0.03971486761710794,0.03482688391038696,0.024643584521384928,0.017718940936863544,0.010794297352342158,0.008146639511201629,0.9325315322142754,0.023458259212473073,0.0,0.0,0.0,0.0,0.0,0.0,0.0,0.0,0.0,0.0,0.0,0.0,0.0,0.0,0.0,0.0,0.0,0.0,0.0,0.0,0.0,0.0,0.0,0.0,0.0,0.07331975560081468,2.443991853360489,12.898167006109983,12.415478615071287,2.1690427698574344,4.353318371272844,2.8493567643905595,nan,nan,nan,4.322704081632653,2.8298598858701127,4.3842682140554485,2.868600566446107,1.0142420418469966,0.3994,0.01227,0.0,0.0,0.0,0.0,0.0,0.0,0.0,0.0,0.0,0.0,0.04276985743380857,15.76985743380853,14.077393075356419,0.10997963340122202,0.0,0.0,0.0,0.0,0.0,0.0,0.0,0.0,0.0,0.0,0.0,0.0,0.0,0.0,0.0,0.0,nan,nan,4.353318371272844,2.8493567643905595,nan,0.3994,0.0628,0.0,0.0,0.0,0.0,0.0,0.0,0.0,0.0,0.0,0.0,0.0,0.0,0.0,0.0,0.0,0.0,0.00010183299389002037,0.0,0.0,0.0005193482688391039,0.00012219959266802444,0.008574338085539715,0.00725050916496945,0.0007026476578411405,0.005590631364562118,0.003126272912423625,0.0020977596741344195,0.0017311608961303462,0.00709775967413442,0.008482688391038697,0.020122199592668026,0.003391038696537678,0.04013238289205703,0.0344908350305499,0.05625254582484725,0.052678207739307537,0.03787169042769858,0.065010183299389,0.05475560081466395,0.0420061099796334,0.06081466395112016,0.05418533604887984,0.09462321792260693,0.09614052953156822,0.02015274949083503,0.035,0.03493890020366599,0.019419551934826883,0.04114052953156823,0.03719959266802444,0.026517311608961303,0.006323828920570265,0.00510183299389002,0.003309572301425662,0.004042769857433809,0.0012118126272912424,0.007433808553971487,3.054989816700611e-05,0.000274949083503055,0.0,0.0,3.054989816700611e-05,0.0,0.0,0.0,0.0,0.0,0.0,0.0,0.0,0.0,0.0,0.0,0.0,0.0,0.0,0.0,0.0,0.0,0.0,0.0,0.0,0.0,0.0,0.0,0.0,0.0,0.0,0.0,0.0,0.0,0.0,0.0,0.0,0.0,0.0,0.0,0.0,0.0,0.0,0.0,nan,nan,4.353318371272844,2.8493567643905595,nan,0.9322427096137081,0.02365958007567016,0.0,0.0,0.0,0.0,0.0,0.0,0.0,0.0,0.0,0.0,0.0,0.0,0.0,0.0,0.0,0.0,0.0,0.0,0.0,0.0,0.0,0.0,0.0,0.0,0.0,0.0602409638554217,2.518072289156627,13.060240963855424,12.144578313253016,2.2168674698795185,0.9328287091875864,0.023245549958213704,0.0,0.0,0.0,0.0,0.0,0.0,0.0,0.0,0.0,0.0,0.0,0.0,0.0,0.0,0.0,0.0,0.0,0.0,0.0,0.0,0.0,0.0,0.0,0.0,0.0,0.08677685950413226,2.3677685950413228,12.73140495867769,12.69421487603306,2.119834710743802,0.3994,0.01238,0.0,0.0,0.0,0.0,0.0,0.0,0.0,0.0,0.0,0.0,0.03614457831325302,15.578313253012025,14.301204819277112,0.08433734939759038,0.0,0.0,0.0,0.0,0.0,0.0,0.0,0.0,0.0,0.0,0.0,0.0,0.0,0.0,0.0,0.0,0.3994,0.01215,0.0,0.0,0.0,0.0,0.0,0.0,0.0,0.0,0.0,0.0,0.04958677685950414,15.966942148760307,13.847107438016533,0.13636363636363638,0.0,0.0,0.0,0.0,0.0,0.0,0.0,0.0,0.0,0.0,0.0,0.0,0.0,0.0,0.0,0.0
77300,4466,2307,0.5165696372592924,1043,891,0.43304970891177785,1275,0.5709807433945365,0.3960000000000001,2.889300602130616,2.868634007174612,5.952871870397644,2.0214213272854824,9521.519928347514,1614.1129505922677,7853.0,11083.0,11083.0,0.0,7853.0,0.0,29.11755485893417,21.403399894087183,34.07176906779661,19.55424570389677,0.1341244961934617,0.09740259740259741,0.08956560680698612,0.07814599193909538,0.08083296014330497,0.07053291536050156,0.07210031347962383,0.06269592476489028,0.05709807433945365,0.05329153605015674,0.04926108374384237,0.04276757725033587,0.04209583519928348,0.03358710255261979,0.015450067174205105,0.014106583072100314,0.006941334527541424,0.9314477331586019,0.023175148040570057,0.0,0.0,0.0,0.0,0.0,0.0,0.0,0.0,0.0,0.0,0.0,0.0,0.0,0.0,0.0,0.0,0.0,0.0,0.0,0.0,0.0,0.0,0.0,0.0,0.0,0.09404388714733544,2.492163009404389,13.266905508284822,12.24585759068518,1.9010300044782809,4.016019086571234,2.6224768509924985,nan,nan,nan,3.972640218878249,2.628230616901626,4.059103260869565,2.6160377565480624,1.021764629371781,0.399,0.012276,0.0,0.0,0.0,0.0,0.0,0.0,0.0,0.0,0.0,0.0,0.12763098969995523,15.940438871473331,13.83788625167936,0.09404388714733544,0.0,0.0,0.0,0.0,0.0,0.0,0.0,0.0,0.0,0.0,0.0,0.0,0.0,0.0,0.0,0.0,nan,nan,4.016019086571234,2.6224768509924985,nan,0.399,0.0629,0.0,0.0,0.0,0.0,0.0,0.0,0.0,0.0,0.0,0.0,0.0,0.0,0.0,0.0,0.0,0.0,8.956560680698612e-05,0.0,1.1195700850873264e-05,0.00030228392297357813,0.00016793551276309896,0.00909090909090909,0.008217644424540977,0.0008732646663681147,0.004993282579489476,0.0028549037169726824,0.0014666368114643977,0.0024406627854903717,0.006896551724137931,0.008016121809225257,0.020085087326466636,0.0034594715629198388,0.04087550380653829,0.035579937304075236,0.05709807433945365,0.05377295118674429,0.03751679355127631,0.06422973578145992,0.056023287057769815,0.0408307210031348,0.06125167935512763,0.05447828034034931,0.09435736677115987,0.09236453201970443,0.01873040752351097,0.03498656515897895,0.03724809673085535,0.018528884908195254,0.04116659202866099,0.04011419614867891,0.02603000447828034,0.0061464397671294226,0.005094043887147335,0.0027317510076130765,0.003593819973130318,0.0012539184952978057,0.006504702194357366,8.956560680698612e-05,0.00031347962382445143,0.0,0.0,0.0001231527093596059,0.0,0.0,0.0,0.0,0.0,0.0,0.0,0.0,0.0,0.0,0.0,0.0,0.0,0.0,0.0,0.0,0.0,0.0,0.0,0.0,0.0,0.0,0.0,0.0,0.0,0.0,0.0,0.0,0.0,0.0,0.0,0.0,0.0,0.0,0.0,0.0,0.0,0.0,0.0,nan,nan,4.016019086571234,2.6224768509924985,nan,0.9316665722944544,0.022893565248117413,0.0,0.0,0.0,0.0,0.0,0.0,0.0,0.0,0.0,0.0,0.0,0.0,0.0,0.0,0.0,0.0,0.0,0.0,0.0,0.0,0.0,0.0,0.0,0.0,0.0,0.07802340702210664,2.4967490247074124,12.912873862158651,12.65279583875163,1.8595578673602084,0.931213892544238,0.023470045449174498,0.0,0.0,0.0,0.0,0.0,0.0,0.0,0.0,0.0,0.0,0.0,0.0,0.0,0.0,0.0,0.0,0.0,0.0,0.0,0.0,0.0,0.0,0.0,0.0,0.0,0.11116257526632703,2.487262621584067,13.645206113941644,11.811023622047248,1.945345067160723,0.399,0.01228,0.0,0.0,0.0,0.0,0.0,0.0,0.0,0.0,0.0,0.0,0.10403120936280887,16.046814044213242,13.797139141742527,0.05201560468140443,0.0,0.0,0.0,0.0,0.0,0.0,0.0,0.0,0.0,0.0,0.0,0.0,0.0,0.0,0.0,0.0,0.399,0.01227,0.0,0.0,0.0,0.0,0.0,0.0,0.0,0.0,0.0,0.0,0.15284854099119966,15.826771653543284,13.881426586382588,0.13895321908290878,0.0,0.0,0.0,0.0,0.0,0.0,0.0,0.0,0.0,0.0,0.0,0.0,0.0,0.0,0.0,0.0
77400,4349,2328,0.5352954702230398,1066,896,0.4511381926879742,1236,0.5684065302368361,0.4120000000000001,2.999505195447798,3.037698116861075,6.474048442906574,2.1436761131127295,9582.004368820419,1610.9711368891305,7853.0,11083.0,11083.0,0.0,7853.0,0.0,28.17544263048977,20.83800329997484,33.06713973799127,19.04946075713637,0.13750287422395954,0.09358473212232697,0.09381467003908944,0.08921591170383997,0.08576684295240285,0.07404000919751667,0.06760174752816739,0.06254311335939296,0.055415037939756266,0.050126465854219364,0.050816279604506784,0.04391814210163256,0.03610025293170844,0.025753046677397102,0.019314785008047827,0.008737640836974018,0.005748447919061853,0.9320183828469665,0.023290079583282244,0.0,0.0,0.0,0.0,0.0,0.0,0.0,0.0,0.0,0.0,0.0,0.0,0.0,0.0,0.0,0.0,0.0,0.0,0.0,0.0,0.0,0.0,0.0,0.0,0.0,0.0551851000229938,2.5247183260519663,13.147850080478275,12.168314555070134,2.103931938376639,4.248412138320395,2.860871615251084,nan,nan,nan,4.258268824771288,2.8482886625011163,4.238499646142958,2.8734361412400884,0.995357461108766,0.399,0.01236,0.0,0.0,0.0,0.0,0.0,0.0,0.0,0.0,0.0,0.0,0.11726833754886183,15.900206944125063,13.934237755805936,0.04828696252011958,0.0,0.0,0.0,0.0,0.0,0.0,0.0,0.0,0.0,0.0,0.0,0.0,0.0,0.0,0.0,0.0,nan,nan,4.248412138320395,2.860871615251084,nan,0.399,0.06287,0.0,0.0,0.0,0.0,0.0,0.0,0.0,0.0,0.0,0.0,0.0,0.0,0.0,0.0,0.0,0.0,0.0,2.2993791676247414e-05,2.2993791676247414e-05,0.00020694412508622673,0.00013796275005748448,0.009979305587491378,0.007404000919751667,0.0011611864796504943,0.005932398252471833,0.00297769602207404,0.0011151988962979995,0.0025753046677397104,0.006633708898597379,0.007553460565647275,0.01988962979995401,0.0037479880432283283,0.04051506093354794,0.033662911014026214,0.0555300068981375,0.056955621982064844,0.03657162566107151,0.06339388365141412,0.05341457806392274,0.04420556449758565,0.06561278454817199,0.05390894458496206,0.09666590020694413,0.09245803633019085,0.017291331340538056,0.03409979305587491,0.03815819728673258,0.017233846861347435,0.03979075649574615,0.040055185100023,0.02527017705219591,0.0061278454817199355,0.004472292481030122,0.0022648884801103704,0.0035985283973327203,0.0015635778339848241,0.007335019544722925,3.449068751437112e-05,0.0003449068751437112,4.598758335249483e-05,0.0,5.7484479190618535e-05,0.0,0.0,0.0,0.0,0.0,0.0,0.0,0.0,0.0,0.0,0.0,0.0,0.0,0.0,0.0,0.0,0.0,0.0,0.0,0.0,0.0,0.0,0.0,0.0,0.0,0.0,0.0,0.0,0.0,0.0,0.0,0.0,0.0,0.0,0.0,0.0,0.0,0.0,0.0,nan,nan,4.248412138320395,2.860871615251084,nan,0.9320810398029298,0.023205395169162975,0.0,0.0,0.0,0.0,0.0,0.0,0.0,0.0,0.0,0.0,0.0,0.0,0.0,0.0,0.0,0.0,0.0,0.0,0.0,0.0,0.0,0.0,0.0,0.0,0.0,0.038659793814433,2.474226804123712,13.23453608247423,12.113402061855673,2.139175257731959,0.9319462079862626,0.023387039887291752,0.0,0.0,0.0,0.0,0.0,0.0,0.0,0.0,0.0,0.0,0.0,0.0,0.0,0.0,0.0,0.0,0.0,0.0,0.0,0.0,0.0,0.0,0.0,0.0,0.0,0.07422068283028205,2.5828797624938153,13.047996041563586,12.231568530430483,2.063334982681841,0.399,0.012314,0.0,0.0,0.0,0.0,0.0,0.0,0.0,0.0,0.0,0.0,0.154639175257732,15.695876288659772,14.085051546391755,0.06443298969072166,0.0,0.0,0.0,0.0,0.0,0.0,0.0,0.0,0.0,0.0,0.0,0.0,0.0,0.0,0.0,0.0,0.3987,0.012405,0.0,0.0,0.0,0.0,0.0,0.0,0.0,0.0,0.0,0.0,0.07422068283028205,16.135576447303293,13.760514596734293,0.029688273132112822,0.0,0.0,0.0,0.0,0.0,0.0,0.0,0.0,0.0,0.0,0.0,0.0,0.0,0.0,0.0,0.0
77500,4234,2225,0.5255077940481814,1037,854,0.4466225791213982,1169,0.5521965044874823,0.4360000000000001,2.9945246391239424,3.1746052278869272,6.753703703703704,2.273129101526903,9550.390174775626,1612.8970392124977,7853.0,11083.0,11083.0,0.0,7853.0,0.0,27.645488899385924,20.756824027362093,32.82528409090909,18.93364271934584,0.1450165328294757,0.10085025980160604,0.09069437883797828,0.08856872933396316,0.07817666509211148,0.07250826641473784,0.07463391591875296,0.061880018894662256,0.06093528578176665,0.04983467170524327,0.046291922531884744,0.03589985829003307,0.03542749173358526,0.027869626830420408,0.017949929145016533,0.006613131790269249,0.00684931506849315,0.9316247884372411,0.02270435289753999,0.0,0.0,0.0,0.0,0.0,0.0,0.0,0.0,0.0,0.0,0.0,0.0,0.0,0.0,0.0,0.0,0.0,0.0,0.0,0.0,0.0,0.0,0.0,0.0,0.0,0.028341993386868217,2.515351913084554,13.200283419933871,12.527161076995752,1.7288615965989613,4.295160694495752,2.9907607144238777,nan,nan,nan,4.236898779612347,2.9772797707400063,4.356925418569254,3.0037523436659024,1.0283288898791887,0.3987,0.01251,0.0,0.0,0.0,0.0,0.0,0.0,0.0,0.0,0.0,0.0,0.14879546528105814,16.26121870571561,13.483703353802554,0.10628247520075582,0.0,0.0,0.0,0.0,0.0,0.0,0.0,0.0,0.0,0.0,0.0,0.0,0.0,0.0,0.0,0.0,nan,nan,4.295160694495752,2.9907607144238777,nan,0.3987,0.0633,0.0,0.0,0.0,0.0,0.0,0.0,0.0,0.0,0.0,0.0,0.0,0.0,0.0,0.0,0.0,0.0,0.0,2.3618327822390175e-05,4.723665564478035e-05,0.000271610769957487,0.0003778932451582428,0.00993150684931507,0.007250826641473784,0.0013816721776098253,0.005219650448748229,0.002822390174775626,0.0019485120453471894,0.002586206896551724,0.006117146905999056,0.00807746811525744,0.02216580066131318,0.004652810581010865,0.043162494095418044,0.03229806329711856,0.05421587151629664,0.056908360888049125,0.03711620217288616,0.05971894189891356,0.05777042985356637,0.04461502125649504,0.05976617855455834,0.05602267359470949,0.09387104393008976,0.09153282947567312,0.018174303259329238,0.03402220122815305,0.03802550779404818,0.01769012753897024,0.03789560699102504,0.040139348134152104,0.0273972602739726,0.006920170051960321,0.004995276334435522,0.0036372224846480867,0.003094000944733113,0.0010392064241851677,0.006813887576759566,3.5427491733585265e-05,0.00020075578649031648,2.3618327822390175e-05,0.0,2.3618327822390175e-05,0.0,0.0,0.0,0.0,0.0,0.0,0.0,0.0,0.0,0.0,0.0,0.0,0.0,0.0,0.0,0.0,0.0,0.0,0.0,0.0,0.0,0.0,0.0,0.0,0.0,0.0,0.0,0.0,0.0,0.0,0.0,0.0,0.0,0.0,0.0,0.0,0.0,0.0,0.0,nan,nan,4.295160694495752,2.9907607144238777,nan,0.9312044999572668,0.022570994409697086,0.0,0.0,0.0,0.0,0.0,0.0,0.0,0.0,0.0,0.0,0.0,0.0,0.0,0.0,0.0,0.0,0.0,0.0,0.0,0.0,0.0,0.0,0.0,0.0,0.0,0.026966292134831468,2.521348314606742,13.725842696629217,11.973033707865172,1.7528089887640455,0.9320902647279043,0.02284211804101035,0.0,0.0,0.0,0.0,0.0,0.0,0.0,0.0,0.0,0.0,0.0,0.0,0.0,0.0,0.0,0.0,0.0,0.0,0.0,0.0,0.0,0.0,0.0,0.0,0.0,0.02986560477849677,2.5087108013937285,12.618218018914886,13.14086610253858,1.702339472374316,0.3987,0.01265,0.0,0.0,0.0,0.0,0.0,0.0,0.0,0.0,0.0,0.0,0.16179775280898878,16.139325842696607,13.59101123595506,0.10786516853932587,0.0,0.0,0.0,0.0,0.0,0.0,0.0,0.0,0.0,0.0,0.0,0.0,0.0,0.0,0.0,0.0,0.3987,0.012344,0.0,0.0,0.0,0.0,0.0,0.0,0.0,0.0,0.0,0.0,0.13439522150323546,16.396217023394698,13.364858138377306,0.1045296167247387,0.0,0.0,0.0,0.0,0.0,0.0,0.0,0.0,0.0,0.0,0.0,0.0,0.0,0.0,0.0,0.0
77600,4603,2329,0.505974364544862,1056,998,0.44623071909624157,1295,0.5626765153160982,0.4000000000000001,2.960861917326297,3.106969830273189,6.602503912363067,2.1829600418226613,9487.297197479904,1614.8847073922714,7853.0,11083.0,11083.0,0.0,7853.0,0.0,27.80577883988703,20.849753567573874,32.80005186721991,19.09482262380707,0.14056050401911796,0.10058657397349555,0.09059309146208994,0.08689984792526613,0.08429285248750815,0.07603736693460786,0.0751683684553552,0.06148164240712579,0.05605040191179665,0.05018466217684119,0.043667173582446234,0.03736693460786444,0.035194438409732784,0.028025200955898326,0.017814468824679557,0.007820986313273952,0.008255485552900283,0.9323240818600279,0.022967508888190685,0.0,0.0,0.0,0.0,0.0,0.0,0.0,0.0,0.0,0.0,0.0,0.0,0.0,0.0,0.0,0.0,0.0,0.0,0.0,0.0,0.0,0.0,0.0,0.0,0.006517488594394961,0.06517488594394961,2.3071909624158162,12.885074951118838,12.70258527047578,2.0334564414512277,4.29111786558595,2.88101639255885,nan,nan,nan,4.349932705248991,2.84527364150931,4.231864406779661,2.915383205661267,0.9728574425239135,0.399,0.01264,0.0,0.0,0.0,0.0,0.0,0.0,0.0,0.0,0.0,0.0,0.11079730610471435,15.94177710189005,13.869215728872478,0.07820986313273953,0.0,0.0,0.0,0.0,0.0,0.0,0.0,0.0,0.0,0.0,0.0,0.0,0.0,0.0,0.0,0.0,nan,nan,4.29111786558595,2.88101639255885,nan,0.399,0.0628,0.0,0.0,0.0,0.0,0.0,0.0,0.0,0.0,0.0,0.0,0.0,0.0,0.0,0.0,0.0,0.0,0.0,0.0,0.0,0.0002606995437757984,0.0003801868346730393,0.008592222463610688,0.007690636541386053,0.0013578101238322833,0.0054855529002824244,0.0025852704757766674,0.0018031718444492721,0.0025092331088420595,0.00595263958288073,0.007907886161199218,0.020942863349989137,0.005094503584618727,0.0433630241147078,0.03158809472083424,0.054942428850749514,0.055420378014338474,0.03651966109059309,0.061242667825331304,0.05846187269172279,0.04654573104497067,0.055963502063871386,0.059526395828807296,0.09578535737562459,0.0905496415381273,0.01909624158157723,0.03533565066261134,0.033412991527264825,0.018846404518792093,0.03609602433195742,0.042211601129698025,0.028818162068216382,0.005789702368020856,0.0054855529002824244,0.0038779057136650013,0.002617857918748642,0.0011514229850097763,0.006528351075385618,2.1724961981316532e-05,0.0001955246578318488,2.1724961981316532e-05,0.0,2.1724961981316532e-05,0.0,0.0,0.0,0.0,0.0,0.0,0.0,0.0,0.0,0.0,0.0,0.0,0.0,0.0,0.0,0.0,0.0,0.0,0.0,0.0,0.0,0.0,0.0,0.0,0.0,0.0,0.0,0.0,0.0,0.0,0.0,0.0,0.0,0.0,0.0,0.0,0.0,0.0,0.0,nan,nan,4.29111786558595,2.88101639255885,nan,0.9321513213073301,0.022978622716351798,0.0,0.0,0.0,0.0,0.0,0.0,0.0,0.0,0.0,0.0,0.0,0.0,0.0,0.0,0.0,0.0,0.0,0.0,0.0,0.0,0.0,0.0,0.0,0.0,0.012881064834693005,0.07728638900815803,2.3314727350794335,13.151567196221558,12.314297981966511,2.1124946328896526,0.9325010208781602,0.022954772948343985,0.0,0.0,0.0,0.0,0.0,0.0,0.0,0.0,0.0,0.0,0.0,0.0,0.0,0.0,0.0,0.0,0.0,0.0,0.0,0.0,0.0,0.0,0.0,0.0,0.0,0.05277044854881268,2.2823218997361483,12.61213720316623,13.100263852242747,1.952506596306069,0.399,0.01288,0.0,0.0,0.0,0.0,0.0,0.0,0.0,0.0,0.0,0.0,0.12881064834693004,15.998282524688685,13.769858308286821,0.10304851867754404,0.0,0.0,0.0,0.0,0.0,0.0,0.0,0.0,0.0,0.0,0.0,0.0,0.0,0.0,0.0,0.0,0.399,0.012405,0.0,0.0,0.0,0.0,0.0,0.0,0.0,0.0,0.0,0.0,0.09234828496042219,15.88390501319259,13.970976253298156,0.05277044854881268,0.0,0.0,0.0,0.0,0.0,0.0,0.0,0.0,0.0,0.0,0.0,0.0,0.0,0.0,0.0,0.0
77700,4495,2336,0.5196885428253615,1094,913,0.44649610678531704,1260,0.560622914349277,0.4160000000000001,3.0004631773969432,3.107983976585718,6.586151368760064,2.1432742802855524,9531.593993325918,1613.7474412103224,7853.0,11083.0,11083.0,0.0,7853.0,0.0,28.269855394883205,21.010118148322086,33.182778658214474,19.248187990873074,0.13904338153503892,0.09699666295884316,0.09744160177975528,0.08209121245828699,0.08120133481646273,0.07052280311457175,0.0660734149054505,0.06718576195773081,0.05739710789766407,0.05005561735261402,0.05228031145717464,0.0407119021134594,0.03759733036707453,0.026918798665183537,0.01646273637374861,0.012013348164627364,0.006006674082313682,0.9327505709332009,0.023010898065927786,0.0,0.0,0.0,0.0,0.0,0.0,0.0,0.0,0.0,0.0,0.0,0.0,0.0,0.0,0.0,0.0,0.0,0.0,0.0,0.0,0.0,0.0,0.0,0.0,0.0,0.08676307007786432,2.06896551724138,13.374860956618468,12.373748609566189,2.095661846496107,4.23876500857633,2.8591773669695693,nan,nan,nan,4.295967190704033,2.870983622854129,4.179875947622329,2.8466494478647437,0.9729766923423178,0.3992,0.012405,0.0,0.0,0.0,0.0,0.0,0.0,0.0,0.0,0.0,0.0,0.08008898776418244,15.697441601779733,14.142380422691883,0.08008898776418244,0.0,0.0,0.0,0.0,0.0,0.0,0.0,0.0,0.0,0.0,0.0,0.0,0.0,0.0,0.0,0.0,nan,nan,4.23876500857633,2.8591773669695693,nan,0.3992,0.0628,0.0,0.0,0.0,0.0,0.0,0.0,0.0,0.0,0.0,0.0,0.0,0.0,0.0,0.0,0.0,0.0,2.224694104560623e-05,0.0,0.0,0.00012235817575083425,0.00026696329254727476,0.008921023359288098,0.0067630700778642935,0.0020578420467185763,0.005517241379310344,0.0028698553948832035,0.0017352614015572858,0.0026028921023359287,0.0060734149054505,0.008075639599555061,0.021423804226918797,0.006117908787541713,0.04124582869855395,0.03185761957730812,0.05261401557285873,0.05183537263626251,0.03915461624026696,0.059844271412680755,0.057452725250278086,0.04906562847608454,0.058375973303670746,0.06074527252502781,0.09284760845383759,0.09172413793103448,0.019443826473859845,0.03558398220244716,0.0325139043381535,0.01760845383759733,0.03667408231368187,0.04538375973303671,0.02836484983314794,0.005394883203559511,0.005005561735261402,0.00421579532814238,0.002525027808676307,0.0011790878754171302,0.0064516129032258064,0.0,0.00026696329254727476,4.449388209121246e-05,0.0,0.0,0.0,1.1123470522803115e-05,0.0,0.0,0.0,0.0,0.0,0.0,0.0,0.0,0.0,0.0,0.0,0.0,0.0,0.0,0.0,0.0,0.0,0.0,0.0,0.0,0.0,0.0,0.0,0.0,0.0,0.0,0.0,0.0,0.0,0.0,0.0,0.0,0.0,0.0,0.0,0.0,0.0,nan,nan,4.23876500857633,2.8591773669695693,nan,0.9327742051690409,0.023079452673159785,0.0,0.0,0.0,0.0,0.0,0.0,0.0,0.0,0.0,0.0,0.0,0.0,0.0,0.0,0.0,0.0,0.0,0.0,0.0,0.0,0.0,0.0,0.0,0.0,0.0,0.0642123287671233,2.041952054794521,13.574486301369866,12.110445205479456,2.2089041095890414,0.9327249991060022,0.022936464970641997,0.0,0.0,0.0,0.0,0.0,0.0,0.0,0.0,0.0,0.0,0.0,0.0,0.0,0.0,0.0,0.0,0.0,0.0,0.0,0.0,0.0,0.0,0.0,0.0,0.0,0.11116257526632703,2.098193608151923,13.158869847151463,12.65863825845299,1.9731357109773047,0.3994,0.0124,0.0,0.0,0.0,0.0,0.0,0.0,0.0,0.0,0.0,0.0,0.08989726027397263,15.629280821917787,14.203767123287674,0.07705479452054796,0.0,0.0,0.0,0.0,0.0,0.0,0.0,0.0,0.0,0.0,0.0,0.0,0.0,0.0,0.0,0.0,0.3992,0.01241,0.0,0.0,0.0,0.0,0.0,0.0,0.0,0.0,0.0,0.0,0.06947660954145439,15.77119036591012,14.07596109309866,0.08337193144974527,0.0,0.0,0.0,0.0,0.0,0.0,0.0,0.0,0.0,0.0,0.0,0.0,0.0,0.0,0.0,0.0
77800,4848,2491,0.5138201320132013,1118,1016,0.44018151815181517,1398,0.5767326732673267,0.4080000000000001,2.958421722528638,3.106504687606789,6.6,2.1780304850697405,9512.63902640264,1614.3829648883886,7853.0,11083.0,11083.0,0.0,7853.0,0.0,28.00845709570957,20.97761582666776,32.91713655307674,19.249156603531397,0.14005775577557755,0.10045379537953796,0.09426567656765676,0.08395214521452145,0.08725247524752475,0.06848184818481848,0.0691006600660066,0.06353135313531354,0.05528052805280528,0.050742574257425746,0.0459983498349835,0.0459983498349835,0.031146864686468646,0.02764026402640264,0.018358085808580858,0.012995049504950494,0.004744224422442244,0.9322524139958837,0.02337886830658354,0.0,0.0,0.0,0.0,0.0,0.0,0.0,0.0,0.0,0.0,0.0,0.0,0.0,0.0,0.0,0.0,0.0,0.0,0.0,0.0,0.0,0.0,0.0,0.0,0.006188118811881189,0.08044554455445548,2.431930693069307,13.224009900990103,12.110148514851488,2.1472772277227725,4.3522072936660265,2.92020230467266,nan,nan,nan,4.383153894870171,2.9327691399292424,4.320620555914673,2.9069797871746936,0.9857332549905027,0.3994,0.012474,0.0,0.0,0.0,0.0,0.0,0.0,0.0,0.0,0.0,0.0,0.11138613861386142,15.377475247524732,14.424504950495052,0.08663366336633666,0.0,0.0,0.0,0.0,0.0,0.0,0.0,0.0,0.0,0.0,0.0,0.0,0.0,0.0,0.0,0.0,nan,nan,4.3522072936660265,2.92020230467266,nan,0.3994,0.0626,0.0,0.0,0.0,0.0,0.0,0.0,0.0,0.0,0.0,0.0,0.0,0.0,0.0,0.0,0.0,0.0,6.188118811881188e-05,0.0,1.0313531353135314e-05,5.156765676567657e-05,0.00013407590759075908,0.008632425742574258,0.005579620462046205,0.0016914191419141913,0.004795792079207921,0.0030528052805280526,0.0019492574257425743,0.0024546204620462045,0.005971534653465347,0.009106848184818482,0.0216996699669967,0.005858085808580858,0.04256394389438944,0.03327145214521452,0.053991336633663366,0.049855610561056106,0.041522277227722774,0.05866336633663366,0.057291666666666664,0.05003094059405941,0.05787953795379538,0.05943688118811881,0.09399752475247525,0.0876753300330033,0.019245049504950495,0.03413778877887789,0.033962458745874585,0.017749587458745875,0.03930486798679868,0.044987623762376236,0.027712458745874587,0.005528052805280528,0.004672029702970297,0.003970709570957096,0.0032178217821782176,0.001412953795379538,0.006363448844884489,0.0,0.0004950495049504951,1.0313531353135314e-05,0.0,0.0,0.0,0.0,0.0,0.0,0.0,0.0,0.0,0.0,0.0,0.0,0.0,0.0,0.0,0.0,0.0,0.0,0.0,0.0,0.0,0.0,0.0,0.0,0.0,0.0,0.0,0.0,0.0,0.0,0.0,0.0,0.0,0.0,0.0,0.0,0.0,0.0,0.0,0.0,0.0,nan,nan,4.3522072936660265,2.92020230467266,nan,0.9318237399203095,0.023452939830067777,0.0,0.0,0.0,0.0,0.0,0.0,0.0,0.0,0.0,0.0,0.0,0.0,0.0,0.0,0.0,0.0,0.0,0.0,0.0,0.0,0.0,0.0,0.0,0.0,0.0,0.09634684865515859,2.697711762344441,13.115214773183464,11.922922521075876,2.167804094741068,0.9327054590201752,0.023291756215794,0.0,0.0,0.0,0.0,0.0,0.0,0.0,0.0,0.0,0.0,0.0,0.0,0.0,0.0,0.0,0.0,0.0,0.0,0.0,0.0,0.0,0.0,0.0,0.0,0.0127280441238863,0.06364022061943149,2.1510394569367843,13.33899024183284,12.308018667798052,2.125583368689012,0.3994,0.01275,0.0,0.0,0.0,0.0,0.0,0.0,0.0,0.0,0.0,0.0,0.16860698514652755,15.451625853071032,14.247290244881576,0.13247691690084307,0.0,0.0,0.0,0.0,0.0,0.0,0.0,0.0,0.0,0.0,0.0,0.0,0.0,0.0,0.0,0.0,0.3997,0.012184,0.0,0.0,0.0,0.0,0.0,0.0,0.0,0.0,0.0,0.0,0.0509121764955452,15.299109036911306,14.611794654221471,0.038184132371658894,0.0,0.0,0.0,0.0,0.0,0.0,0.0,0.0,0.0,0.0,0.0,0.0,0.0,0.0,0.0,0.0
77900,4669,2457,0.5262368815592204,1188,945,0.4568430070678946,1292,0.5534375669308204,0.4240000000000001,2.9299276672694394,3.055701899670588,6.521880064829822,2.1649763415241927,9552.745127436281,1612.7750194542973,7853.0,11083.0,11083.0,0.0,7853.0,0.0,28.025273077746842,20.828785344939377,33.082097186700764,18.977659815488213,0.14414221460698223,0.09252516598843435,0.09338188048832727,0.0835296637395588,0.08374384236453201,0.07517669736560291,0.07003641036624544,0.062111801242236024,0.05825658599271793,0.05697151424287856,0.047976011994003,0.03876633112015421,0.03362604412079674,0.025058899121867637,0.01734846862283144,0.01113728849860784,0.006211180124223602,0.9315996777962811,0.02266825409698726,0.0,0.0,0.0,0.0,0.0,0.0,0.0,0.0,0.0,0.0,0.0,0.0,0.0,0.0,0.0,0.0,0.0,0.0,0.0,0.0,0.0,0.0,0.0,0.0,0.0,0.07710430499036197,2.4609124009423864,13.274791175840654,12.278860569715146,1.908331548511459,4.078566732412886,2.8652754841234565,nan,nan,nan,4.176393442622951,2.9221090703417274,3.9802241265655898,2.803544080129068,0.9530290144469343,0.4004,0.012566,0.0,0.0,0.0,0.0,0.0,0.0,0.0,0.0,0.0,0.0,0.05140286999357465,14.900406939387427,14.92610837438424,0.12208181623473979,0.0,0.0,0.0,0.0,0.0,0.0,0.0,0.0,0.0,0.0,0.0,0.0,0.0,0.0,0.0,0.0,nan,nan,4.078566732412886,2.8652754841234565,nan,0.4004,0.06274,0.0,0.0,0.0,0.0,0.0,0.0,0.0,0.0,0.0,0.0,0.0,0.0,0.0,0.0,0.0,0.0,2.1417862497322767e-05,0.0,3.212679374598415e-05,0.00022488755622188905,0.0002463054187192118,0.006971514242878561,0.00534375669308203,0.0015527950310559005,0.004733347611908332,0.0024202184621974726,0.002430927393446134,0.0018312272435210967,0.00618976226172628,0.010323409723709574,0.021342899978582137,0.006050546155493682,0.04562004711929749,0.032855001070893126,0.05447633326194046,0.05123152709359606,0.041368601413578926,0.05471192974941101,0.057999571642750054,0.04590918826301135,0.05723923752409509,0.05794602698650675,0.09163632469479546,0.08734204326408225,0.020764617691154424,0.03540372670807453,0.03510387663311201,0.017070036410366245,0.04090811736988648,0.046101949025487254,0.030552580852430927,0.00580424073677447,0.004251445705718569,0.004144356393231956,0.003458984793317627,0.0014992503748125937,0.0064789034054401375,0.0,0.00040693938744913255,0.0,0.0,0.0,0.0,0.0,0.0,0.0,0.0,0.0,0.0,0.0,0.0,0.0,0.0,0.0,0.0,0.0,0.0,0.0,0.0,0.0,0.0,0.0,0.0,0.0,0.0,0.0,0.0,0.0,0.0,0.0,0.0,0.0,0.0,0.0,0.0,0.0,0.0,0.0,0.0,0.0,0.0,nan,nan,4.078566732412886,2.8652754841234565,nan,0.9314882495464423,0.022548927508552776,0.0,0.0,0.0,0.0,0.0,0.0,0.0,0.0,0.0,0.0,0.0,0.0,0.0,0.0,0.0,0.0,0.0,0.0,0.0,0.0,0.0,0.0,0.0,0.0,0.0,0.0854700854700855,2.4542124542124544,13.089133089133092,12.63736263736264,1.733821733821734,0.9317234477826527,0.02279942676029461,0.0,0.0,0.0,0.0,0.0,0.0,0.0,0.0,0.0,0.0,0.0,0.0,0.0,0.0,0.0,0.0,0.0,0.0,0.0,0.0,0.0,0.0,0.0,0.0,0.0,0.0678119349005425,2.468354430379747,13.48101265822785,11.88065099457505,2.1021699819168176,0.4001,0.0124,0.0,0.0,0.0,0.0,0.0,0.0,0.0,0.0,0.0,0.0,0.06105006105006106,14.945054945054924,14.859584859584862,0.13431013431013433,0.0,0.0,0.0,0.0,0.0,0.0,0.0,0.0,0.0,0.0,0.0,0.0,0.0,0.0,0.0,0.0,0.4004,0.01275,0.0,0.0,0.0,0.0,0.0,0.0,0.0,0.0,0.0,0.0,0.040687160940325505,14.850813743218783,15.000000000000004,0.10849909584086802,0.0,0.0,0.0,0.0,0.0,0.0,0.0,0.0,0.0,0.0,0.0,0.0,0.0,0.0,0.0,0.0
78000,4855,2519,0.5188465499485067,1171,994,0.44593202883625127,1355,0.5581874356333677,0.4000000000000001,2.9426369863013697,3.1164824577264905,6.608903020667727,2.135992616188963,9528.874356333677,1613.8523206108298,7853.0,11083.0,11083.0,0.0,7853.0,0.0,27.50278063851699,20.673449056037573,32.57598220904374,18.906218983491172,0.14582904222451082,0.09989701338825953,0.09309989701338826,0.08856848609680741,0.08094747682801236,0.0737384140061792,0.07229660144181256,0.06488156539649846,0.057672502574665295,0.04840370751802266,0.04613800205973224,0.03748712667353244,0.0325437693099897,0.025952626158599383,0.01565396498455201,0.012152420185375901,0.004737384140061792,0.9317300157984056,0.023125268135848587,0.0,0.0,0.0,0.0,0.0,0.0,0.0,0.0,0.0,0.0,0.0,0.0,0.0,0.0,0.0,0.0,0.0,0.0,0.0,0.0,0.0,0.0,0.0,0.0,0.0,0.06179196704428425,2.533470648815655,13.217301750772403,12.253347064881568,1.9340885684860971,4.278100775193798,2.9086853828681827,nan,nan,nan,4.302770448548813,2.9209041372438778,4.254430379746835,2.896715620214302,0.9887653619034495,0.4004,0.0126,0.0,0.0,0.0,0.0,0.0,0.0,0.0,0.0,0.0,0.0,0.1235839340885685,14.558187435633346,15.1946446961895,0.1235839340885685,0.0,0.0,0.0,0.0,0.0,0.0,0.0,0.0,0.0,0.0,0.0,0.0,0.0,0.0,0.0,0.0,nan,nan,4.278100775193798,2.9086853828681827,nan,0.4004,0.0631,0.0,0.0,0.0,0.0,0.0,0.0,0.0,0.0,0.0,0.0,0.0,0.0,0.0,0.0,0.0,0.0,3.089598352214212e-05,0.0,0.0,0.00010298661174047374,0.00035015447991761073,0.007425334706488157,0.005550978372811535,0.0015242018537590114,0.004325437693099897,0.002121524201853759,0.0026261585993820804,0.0019155509783728116,0.006663233779608651,0.011009268795056643,0.023738414006179195,0.006446961894953656,0.04404737384140062,0.030370751802265707,0.05458290422245108,0.05071060762100927,0.039907312049433576,0.054129763130793,0.05728115345005149,0.0466735324407827,0.0582389289392379,0.06107106076210093,0.0886302780638517,0.08642636457260557,0.022245108135942326,0.035890834191555095,0.03307929969104016,0.017950566426364573,0.042914521112255404,0.0446961894953656,0.030525231719876415,0.006189495365602472,0.004129763130792997,0.004191555097837281,0.0033470648815653965,0.001967044284243048,0.006138002059732235,1.0298661174047373e-05,0.0008238928939237899,0.0,0.0,0.0,0.0,0.0,0.0,0.0,0.0,0.0,0.0,0.0,0.0,0.0,0.0,0.0,0.0,0.0,0.0,0.0,0.0,0.0,0.0,0.0,0.0,0.0,0.0,0.0,0.0,0.0,0.0,0.0,0.0,0.0,0.0,0.0,0.0,0.0,0.0,0.0,0.0,0.0,0.0,nan,nan,4.278100775193798,2.9086853828681827,nan,0.9321056698323621,0.023289971432115666,0.0,0.0,0.0,0.0,0.0,0.0,0.0,0.0,0.0,0.0,0.0,0.0,0.0,0.0,0.0,0.0,0.0,0.0,0.0,0.0,0.0,0.0,0.0,0.0,0.0,0.05954743946010323,2.489082969432315,12.993251290194525,12.314410480349348,2.143707820563716,0.9313249333876453,0.02293944504488718,0.0,0.0,0.0,0.0,0.0,0.0,0.0,0.0,0.0,0.0,0.0,0.0,0.0,0.0,0.0,0.0,0.0,0.0,0.0,0.0,0.0,0.0,0.0,0.0,0.0,0.0642123287671233,2.5813356164383565,13.458904109589044,12.187500000000004,1.7080479452054798,0.4004,0.012665,0.0,0.0,0.0,0.0,0.0,0.0,0.0,0.0,0.0,0.0,0.11909487892020645,14.589122667725267,15.160778086542281,0.1310043668122271,0.0,0.0,0.0,0.0,0.0,0.0,0.0,0.0,0.0,0.0,0.0,0.0,0.0,0.0,0.0,0.0,0.4004,0.01255,0.0,0.0,0.0,0.0,0.0,0.0,0.0,0.0,0.0,0.0,0.1284246575342466,14.524828767123266,15.231164383561646,0.11558219178082194,0.0,0.0,0.0,0.0,0.0,0.0,0.0,0.0,0.0,0.0,0.0,0.0,0.0,0.0,0.0,0.0
78100,4718,2417,0.5122933446375583,1179,976,0.45676133955065706,1315,0.5574395930479017,0.4120000000000001,2.9165580182529336,3.057750615465855,6.394984326018808,2.1815929693155103,9507.707503179314,1614.51178818591,7853.0,11083.0,11083.0,0.0,7853.0,0.0,28.020559559135226,20.726580555572987,32.80285929270128,18.978457599943482,0.13692242475625266,0.09156422212802034,0.09877066553624417,0.09092835947435354,0.07821110640101737,0.07227638830012717,0.07058075455701568,0.07397202204323866,0.06019499788045782,0.050445103857566766,0.046206019499788045,0.03306485799067401,0.03115727002967359,0.030309453158117845,0.02013565069944892,0.009961848240779992,0.0052988554472234,0.9321208987108678,0.023006428288757288,0.0,0.0,0.0,0.0,0.0,0.0,0.0,0.0,0.0,0.0,0.0,0.0,0.0,0.0,0.0,0.0,0.0,0.0,0.0,0.0,0.0,0.0,0.0,0.0,0.0,0.06994489190334889,2.365409071640526,13.295888088172958,12.303942348452738,1.964815599830437,4.149869109947644,2.817610101564529,nan,nan,nan,4.176279974076475,2.8448828259907484,4.122934567085261,2.7892644455256406,0.9872265730931964,0.3997,0.012344,0.0,0.0,0.0,0.0,0.0,0.0,0.0,0.0,0.0,0.0,0.13988978380669778,15.171682916490017,14.599406528189913,0.08902077151335314,0.0,0.0,0.0,0.0,0.0,0.0,0.0,0.0,0.0,0.0,0.0,0.0,0.0,0.0,0.0,0.0,nan,nan,4.149869109947644,2.817610101564529,nan,0.3997,0.0628,0.0,0.0,0.0,0.0,0.0,0.0,0.0,0.0,0.0,0.0,0.0,0.0,0.0,0.0,0.0,0.0,0.0,0.0,1.05977108944468e-05,8.47816871555744e-05,0.0003603221704111912,0.0069097075031793135,0.005849936413734633,0.001271725307333616,0.0037621873675286136,0.0018228062738448495,0.003115727002967359,0.002013565069944892,0.007640949554896142,0.011943620178041544,0.02556167867740568,0.006782534972445952,0.04279355659177617,0.028825773632895294,0.0567931326833404,0.05163204747774481,0.04140525646460365,0.055023314963967784,0.05700508690122934,0.04625900805426028,0.06090504451038576,0.061466723187791436,0.08562950402713014,0.08420941076727427,0.021269605765154728,0.03666807969478593,0.031061890631623568,0.018959304790165325,0.044150063586265366,0.042422636710470536,0.030606189063162356,0.007534972445951674,0.003931750741839763,0.0034230606189063163,0.0030945315811784654,0.002236116998728275,0.004885544722339975,4.23908435777872e-05,0.000635862653666808,0.0,0.0,0.0,0.0,0.0,0.0,0.0,0.0,0.0,0.0,0.0,0.0,0.0,0.0,0.0,0.0,0.0,0.0,0.0,0.0,0.0,0.0,0.0,0.0,0.0,0.0,0.0,0.0,0.0,0.0,0.0,0.0,0.0,0.0,0.0,0.0,0.0,0.0,0.0,0.0,0.0,0.0,nan,nan,4.149869109947644,2.817610101564529,nan,0.9318814591331624,0.022808697320605517,0.0,0.0,0.0,0.0,0.0,0.0,0.0,0.0,0.0,0.0,0.0,0.0,0.0,0.0,0.0,0.0,0.0,0.0,0.0,0.0,0.0,0.0,0.0,0.0,0.0,0.04964832436905255,2.3831195697145224,13.392635498551927,12.362432767894086,1.8121638394704183,0.9323724091234336,0.02320965373145991,0.0,0.0,0.0,0.0,0.0,0.0,0.0,0.0,0.0,0.0,0.0,0.0,0.0,0.0,0.0,0.0,0.0,0.0,0.0,0.0,0.0,0.0,0.0,0.0,0.0,0.09126466753585401,2.3468057366362456,13.194263363754892,12.242503259452414,2.1251629726206,0.3994,0.01217,0.0,0.0,0.0,0.0,0.0,0.0,0.0,0.0,0.0,0.0,0.13653289201489452,15.490277203144373,14.323541580471662,0.04964832436905255,0.0,0.0,0.0,0.0,0.0,0.0,0.0,0.0,0.0,0.0,0.0,0.0,0.0,0.0,0.0,0.0,0.4,0.01253,0.0,0.0,0.0,0.0,0.0,0.0,0.0,0.0,0.0,0.0,0.14341590612777055,14.837027379400238,14.889178617992181,0.13037809647979143,0.0,0.0,0.0,0.0,0.0,0.0,0.0,0.0,0.0,0.0,0.0,0.0,0.0,0.0,0.0,0.0
78200,4691,2372,0.5056491153272223,1123,989,0.45022383287145595,1327,0.5657642293753997,0.4080000000000001,2.970677015955153,3.1093348052342926,6.697452229299363,2.0520751977314844,9486.246642506929,1614.8969193224762,7853.0,11083.0,11083.0,0.0,7853.0,0.0,27.78341505009593,20.889747988611326,32.87595712098009,19.091299643898207,0.1432530377318269,0.10466851417608186,0.08761458111276914,0.08249840119377531,0.07908761458111277,0.07908761458111277,0.07162651886591345,0.06395224898742273,0.059688765721594546,0.04860370923044127,0.047111490087401404,0.03922404604561927,0.03453421445320827,0.024301854615220636,0.0164144105734385,0.01151140481773609,0.00682157322532509,0.9326182473470752,0.023523028275123172,0.0,0.0,0.0,0.0,0.0,0.0,0.0,0.0,0.0,0.0,0.0,0.0,0.0,0.0,0.0,0.0,0.0,0.0,0.0,0.0,0.0,0.0,0.0,0.0,0.0,0.08953314858239184,2.3662332125346413,12.988701769345559,12.246855681091455,2.308676188445961,4.358471760797342,2.861255037345925,nan,nan,nan,4.340848806366048,2.8683311206098208,4.377081945369754,2.854752996232916,1.008347017051266,0.3994,0.01206,0.0,0.0,0.0,0.0,0.0,0.0,0.0,0.0,0.0,0.0,0.10871882327861866,15.195054359411618,14.645065018119807,0.05116179918993819,0.0,0.0,0.0,0.0,0.0,0.0,0.0,0.0,0.0,0.0,0.0,0.0,0.0,0.0,0.0,0.0,nan,nan,4.358471760797342,2.861255037345925,nan,0.3994,0.0631,0.0,0.0,0.0,0.0,0.0,0.0,0.0,0.0,0.0,0.0,0.0,0.0,0.0,0.0,0.0,0.0,0.0,0.0,0.0,4.2634832658281814e-05,0.0006395224898742272,0.006949477723299936,0.00682157322532509,0.001193775314431891,0.004306118098486463,0.0017586868471541248,0.0032509059901939885,0.0015455126838627158,0.008281816243871244,0.010765295246216158,0.024962694521424002,0.006672351311021104,0.040524408441696864,0.03193348966105308,0.05766361117032616,0.05044766574291196,0.04330633127264975,0.05273928799829461,0.0568535493498188,0.045555318695374124,0.05850564911532722,0.06196972926881262,0.08598379876358986,0.08914943508846727,0.018908548283947984,0.03552547431251332,0.031070134299722874,0.02018759326369644,0.043924536346194844,0.04071626518865913,0.032072052867192495,0.0068642080579833726,0.0044020464719675976,0.0036239607759539546,0.003186953741206566,0.002227670006395225,0.004732466425069281,9.592837348113409e-05,0.0006395224898742272,0.0,0.0,0.0,0.0,0.0,0.0,0.0,0.0,0.0,0.0,0.0,0.0,0.0,0.0,0.0,0.0,0.0,0.0,0.0,0.0,0.0,0.0,0.0,0.0,0.0,0.0,0.0,0.0,0.0,0.0,0.0,0.0,0.0,0.0,0.0,0.0,0.0,0.0,0.0,0.0,0.0,0.0,nan,nan,4.358471760797342,2.861255037345925,nan,0.9328021328977951,0.02352748622997553,0.0,0.0,0.0,0.0,0.0,0.0,0.0,0.0,0.0,0.0,0.0,0.0,0.0,0.0,0.0,0.0,0.0,0.0,0.0,0.0,0.0,0.0,0.0,0.0,0.0,0.1264755480607083,2.314502529510962,12.609612141652617,12.774030354131538,2.1753794266441826,0.9324301591511686,0.02351698008980478,0.0,0.0,0.0,0.0,0.0,0.0,0.0,0.0,0.0,0.0,0.0,0.0,0.0,0.0,0.0,0.0,0.0,0.0,0.0,0.0,0.0,0.0,0.0,0.0,0.0,0.051746442432082804,2.419146183699871,13.376455368693405,11.707632600258735,2.4450194049159126,0.3994,0.01208,0.0,0.0,0.0,0.0,0.0,0.0,0.0,0.0,0.0,0.0,0.08853288364249581,15.48060708263067,14.380269814502533,0.05059021922428332,0.0,0.0,0.0,0.0,0.0,0.0,0.0,0.0,0.0,0.0,0.0,0.0,0.0,0.0,0.0,0.0,0.3997,0.01204,0.0,0.0,0.0,0.0,0.0,0.0,0.0,0.0,0.0,0.0,0.12936610608020702,14.902975420439823,14.915912031047869,0.051746442432082804,0.0,0.0,0.0,0.0,0.0,0.0,0.0,0.0,0.0,0.0,0.0,0.0,0.0,0.0,0.0,0.0
78300,4697,2392,0.509261230572706,1091,972,0.4392165211837343,1323,0.563338301043219,0.4040000000000001,2.937093275488069,3.116806205378411,6.637083993660855,2.1251986891537653,9497.91377474984,1614.7229378689758,7853.0,11083.0,11083.0,0.0,7853.0,0.0,28.167340855865447,21.076027861351214,33.05889787664307,19.36826647919701,0.13647008728975943,0.10368320204385778,0.09239940387481371,0.08941877794336811,0.07387694272940175,0.07345113902490952,0.06663827975303385,0.06812859271875665,0.059399616776665956,0.05322546306152864,0.04407068341494571,0.04151586118799234,0.031509474132424956,0.02810304449648712,0.01916116670215031,0.010857994464551842,0.008090270385352353,0.9323579753640613,0.023403882796622862,0.0,0.0,0.0,0.0,0.0,0.0,0.0,0.0,0.0,0.0,0.0,0.0,0.0,0.0,0.0,0.0,0.0,0.0,0.0,0.0,0.0,0.0,0.0,0.0,0.0,0.051096444539067504,2.4526293378752397,13.221205024483716,11.899084522035345,2.3759846710666386,4.271,2.871624221005713,nan,nan,nan,4.292895442359249,2.8976051741222215,4.248838752488387,2.8463979108513695,0.9897373019067406,0.3992,0.01209,0.0,0.0,0.0,0.0,0.0,0.0,0.0,0.0,0.0,0.0,0.07025761124121781,15.801575473706599,14.051522248243563,0.07664466680860124,0.0,0.0,0.0,0.0,0.0,0.0,0.0,0.0,0.0,0.0,0.0,0.0,0.0,0.0,0.0,0.0,nan,nan,4.271,2.871624221005713,nan,0.3992,0.0632,0.0,0.0,0.0,0.0,0.0,0.0,0.0,0.0,0.0,0.0,0.0,0.0,0.0,0.0,0.0,0.0,0.0,0.0,2.1290185224611454e-05,1.0645092612305727e-05,0.00040451351926761763,0.007057696401958697,0.007036406216734086,0.0013199914839259102,0.004492229082393017,0.0014690227804981903,0.0028848200979348522,0.0008941877794336811,0.007770917606983181,0.010975090483287205,0.02615499254843517,0.007877368533106239,0.040994251649989356,0.03394720034064296,0.05713221205024484,0.05114967000212902,0.041260378965296995,0.05244837130083032,0.055450287417500535,0.048424526293378754,0.059718969555035126,0.060410900574835,0.08397913561847987,0.08903555460932511,0.017404726421119864,0.03555460932510113,0.031924632744304876,0.020044709388971686,0.045071322120502445,0.04156908665105386,0.029614647647434534,0.007483500106450926,0.004811581860762189,0.0033425590802639983,0.0035661060251224188,0.0018628912071535022,0.004737066212476049,7.451564828614009e-05,0.0006174153715137322,0.0,0.0,0.0,0.0,0.0,0.0,0.0,0.0,0.0,0.0,0.0,0.0,0.0,0.0,0.0,0.0,0.0,0.0,0.0,0.0,0.0,0.0,0.0,0.0,0.0,0.0,0.0,0.0,0.0,0.0,0.0,0.0,0.0,0.0,0.0,0.0,0.0,0.0,0.0,0.0,0.0,0.0,nan,nan,4.271,2.871624221005713,nan,0.9322457921544843,0.023369852314820916,0.0,0.0,0.0,0.0,0.0,0.0,0.0,0.0,0.0,0.0,0.0,0.0,0.0,0.0,0.0,0.0,0.0,0.0,0.0,0.0,0.0,0.0,0.0,0.0,0.0,0.07525083612040134,2.4707357859531776,13.294314381270906,11.764214046822746,2.395484949832776,0.9324743928205941,0.023438577772708583,0.0,0.0,0.0,0.0,0.0,0.0,0.0,0.0,0.0,0.0,0.0,0.0,0.0,0.0,0.0,0.0,0.0,0.0,0.0,0.0,0.0,0.0,0.0,0.0,0.0,0.02603036876355749,2.433839479392625,13.145336225596532,12.039045553145339,2.3557483731019526,0.3992,0.01214,0.0,0.0,0.0,0.0,0.0,0.0,0.0,0.0,0.0,0.0,0.06270903010033446,15.627090301003323,14.272575250836123,0.03762541806020067,0.0,0.0,0.0,0.0,0.0,0.0,0.0,0.0,0.0,0.0,0.0,0.0,0.0,0.0,0.0,0.0,0.3992,0.01203,0.0,0.0,0.0,0.0,0.0,0.0,0.0,0.0,0.0,0.0,0.07809110629067247,15.982646420824272,13.822125813449027,0.1171366594360087,0.0,0.0,0.0,0.0,0.0,0.0,0.0,0.0,0.0,0.0,0.0,0.0,0.0,0.0,0.0,0.0
78400,4676,2379,0.5087681779298546,1149,966,0.45230966638152265,1342,0.5739948674080411,0.4120000000000001,2.893774488463213,3.0822480315205607,6.506230529595015,2.1776530987526908,9496.32121471343,1614.751655455772,7853.0,11083.0,11083.0,0.0,7853.0,0.0,28.3642001710864,21.030909099083814,33.275818320223294,19.254022376959128,0.13622754491017963,0.09644995722840034,0.09174508126603935,0.0902480752780154,0.07998289136013687,0.07228400342172797,0.07078699743370402,0.0635158254918734,0.05645851154833191,0.054961505560307954,0.04790419161676647,0.04341317365269461,0.03165098374679213,0.02737382378100941,0.016253207869974338,0.01240376390076989,0.008340461933276304,0.9321110089611456,0.02273817385775916,0.0,0.0,0.0,0.0,0.0,0.0,0.0,0.0,0.0,0.0,0.0,0.0,0.0,0.0,0.0,0.0,0.0,0.0,0.0,0.0,0.0,0.0,0.0,0.0,0.0,0.07057313943541489,2.3224978614200174,13.261334473909328,12.459366980325067,1.88622754491018,4.269419862340216,2.899865890114191,nan,nan,nan,4.220770738079686,2.8846062629606153,4.318421052631579,2.914334379467507,1.0231356594829693,0.3994,0.0122,0.0,0.0,0.0,0.0,0.0,0.0,0.0,0.0,0.0,0.0,0.11548331907613348,15.834046193327609,13.967065868263477,0.08340461933276307,0.0,0.0,0.0,0.0,0.0,0.0,0.0,0.0,0.0,0.0,0.0,0.0,0.0,0.0,0.0,0.0,nan,nan,4.269419862340216,2.899865890114191,nan,0.3994,0.06323,0.0,0.0,0.0,0.0,0.0,0.0,0.0,0.0,0.0,0.0,0.0,0.0,0.0,0.0,0.0,0.0,0.0,0.0,1.0692899914456802e-05,0.0,0.0004491017964071856,0.007581266039349872,0.006127031650983747,0.0015290846877673225,0.004565868263473054,0.0013045337895637296,0.0033468776732249786,0.0006201881950384944,0.008105218135158255,0.010436270316509837,0.02620829769033362,0.006832763045337895,0.04156330196749358,0.033586398631308814,0.05780581693755346,0.053443113772455086,0.04201240376390077,0.050983746792130025,0.05498289136013687,0.04746578272027374,0.05996578272027374,0.05884302822925577,0.08423866552609068,0.08914670658682634,0.017408041060735673,0.03738237810094098,0.029993584260051324,0.01995295124037639,0.04442899914456801,0.042921300256629595,0.029426860564585114,0.007784431137724551,0.0052715996578272025,0.0033682634730538923,0.003753207869974337,0.002074422583404619,0.004555175363558597,8.554319931565441e-05,0.0004170230966638152,2.1385799828913603e-05,0.0,0.0,0.0,0.0,0.0,0.0,0.0,0.0,0.0,0.0,0.0,0.0,0.0,0.0,0.0,0.0,0.0,0.0,0.0,0.0,0.0,0.0,0.0,0.0,0.0,0.0,0.0,0.0,0.0,0.0,0.0,0.0,0.0,0.0,0.0,0.0,0.0,0.0,0.0,0.0,0.0,nan,nan,4.269419862340216,2.899865890114191,nan,0.9331726639798931,0.02274032684905654,0.0,0.0,0.0,0.0,0.0,0.0,0.0,0.0,0.0,0.0,0.0,0.0,0.0,0.0,0.0,0.0,0.0,0.0,0.0,0.0,0.0,0.0,0.0,0.0,0.0,0.0630517023959647,2.1689785624211857,12.660781841109713,13.102143757881466,2.0050441361916778,0.9310114541985857,0.022683623423655087,0.0,0.0,0.0,0.0,0.0,0.0,0.0,0.0,0.0,0.0,0.0,0.0,0.0,0.0,0.0,0.0,0.0,0.0,0.0,0.0,0.0,0.0,0.0,0.0,0.0,0.07836308228123641,2.4814976055724864,13.883326077492384,11.79364388332608,1.7631693513278193,0.399,0.012276,0.0,0.0,0.0,0.0,0.0,0.0,0.0,0.0,0.0,0.0,0.15132408575031528,16.40605296342999,13.366960907944518,0.07566204287515764,0.0,0.0,0.0,0.0,0.0,0.0,0.0,0.0,0.0,0.0,0.0,0.0,0.0,0.0,0.0,0.0,0.4,0.01211,0.0,0.0,0.0,0.0,0.0,0.0,0.0,0.0,0.0,0.0,0.07836308228123641,15.241619503700457,14.588593818023512,0.09142359599477581,0.0,0.0,0.0,0.0,0.0,0.0,0.0,0.0,0.0,0.0,0.0,0.0,0.0,0.0,0.0,0.0
78500,4759,2462,0.5173355747005673,1149,987,0.4488337886110527,1334,0.5606219794074385,0.4160000000000001,2.90727035263387,3.098390090280804,6.518691588785047,2.2221890434339544,9523.993906282833,1614.0290215665855,7853.0,11083.0,11083.0,0.0,7853.0,0.0,28.07858793864257,20.901336222246247,32.79801488833747,19.23360107861737,0.13427190586257617,0.09686909014498844,0.10170203824332844,0.08468165581004412,0.08699306577011977,0.07522588779155284,0.06745114519857112,0.05778524900189115,0.05421306997268334,0.05442319815087203,0.05022063458709813,0.03950409749947468,0.03214961126287035,0.02752679134271906,0.01975204874973734,0.010926665265812145,0.006303845345660853,0.9318471555325083,0.02357659612505656,0.0,0.0,0.0,0.0,0.0,0.0,0.0,0.0,0.0,0.0,0.0,0.0,0.0,0.0,0.0,0.0,0.0,0.0,0.0,0.0,0.0,0.0,0.0,0.0,0.0,0.09455768018491283,2.553057364992646,13.074175246900612,12.084471527631859,2.1937381802899774,4.195264352903017,2.9399024731977916,nan,nan,nan,4.244170984455959,2.97016114281492,4.148244473342003,2.90824131208356,0.977398056896086,0.3997,0.01226,0.0,0.0,0.0,0.0,0.0,0.0,0.0,0.0,0.0,0.0,0.0693422988022694,15.15444421096867,14.650136583315826,0.12607690691321707,0.0,0.0,0.0,0.0,0.0,0.0,0.0,0.0,0.0,0.0,0.0,0.0,0.0,0.0,0.0,0.0,nan,nan,4.195264352903017,2.9399024731977916,nan,0.3997,0.0632,0.0,0.0,0.0,0.0,0.0,0.0,0.0,0.0,0.0,0.0,0.0,0.0,0.0,0.0,0.0,0.0,0.0,0.0,0.0,0.0,0.000472788400924564,0.006860685017860895,0.006104223576381592,0.0013553267493170834,0.004496743013238075,0.0011031729354906493,0.0032044547173776003,0.0007669678503887371,0.008142466904811935,0.010664005043076276,0.026875393990334104,0.008247530993906283,0.04099600756461441,0.03261189325488548,0.05555789031309098,0.05449674301323808,0.041342719058625764,0.048854801428871615,0.05849968480773272,0.0452826223996638,0.0593401975204875,0.059907543601596974,0.08795965538978777,0.08664635427610842,0.01824963227568817,0.036425719689010295,0.02844084891783988,0.020886740911956293,0.04663794914898088,0.04026055894095398,0.031865938222315614,0.006955242698045808,0.00556839672200042,0.004118512292498424,0.0031519226728304265,0.0019857112838831685,0.004874973733977726,0.00012607690691321705,0.00048329480983399874,0.00017860895146039083,0.0,0.0,0.0,0.0,0.0,0.0,0.0,0.0,0.0,0.0,0.0,0.0,0.0,0.0,0.0,0.0,0.0,0.0,0.0,0.0,0.0,0.0,0.0,0.0,0.0,0.0,0.0,0.0,0.0,0.0,0.0,0.0,0.0,0.0,0.0,0.0,0.0,0.0,0.0,0.0,0.0,nan,nan,4.195264352903017,2.9399024731977916,nan,0.9312295839856254,0.023295615784423424,0.0,0.0,0.0,0.0,0.0,0.0,0.0,0.0,0.0,0.0,0.0,0.0,0.0,0.0,0.0,0.0,0.0,0.0,0.0,0.0,0.0,0.0,0.0,0.0,0.0,0.1096669374492283,2.680747359870025,13.294069861900896,11.917140536149475,1.9983753046303823,0.9325090889885055,0.023856344193346323,0.0,0.0,0.0,0.0,0.0,0.0,0.0,0.0,0.0,0.0,0.0,0.0,0.0,0.0,0.0,0.0,0.0,0.0,0.0,0.0,0.0,0.0,0.0,0.0,0.0,0.07836308228123641,2.416195037004789,12.838484980409232,12.263822377013499,2.40313452329125,0.3997,0.01202,0.0,0.0,0.0,0.0,0.0,0.0,0.0,0.0,0.0,0.0,0.03655564581640943,15.048740861088525,14.805036555645819,0.1096669374492283,0.0,0.0,0.0,0.0,0.0,0.0,0.0,0.0,0.0,0.0,0.0,0.0,0.0,0.0,0.0,0.0,0.3997,0.01251,0.0,0.0,0.0,0.0,0.0,0.0,0.0,0.0,0.0,0.0,0.10448410970831522,15.267740531127535,14.484109708315197,0.14366565084893343,0.0,0.0,0.0,0.0,0.0,0.0,0.0,0.0,0.0,0.0,0.0,0.0,0.0,0.0,0.0,0.0
78600,4735,2476,0.5229144667370644,1167,928,0.4424498416050686,1268,0.5355860612460401,0.4280000000000001,3.0075254537405933,3.152243807413241,6.687598116169545,2.254885512316362,9542.013727560718,1613.303123449703,7853.0,11083.0,11083.0,0.0,7853.0,0.0,28.22661034846885,21.13720375788738,33.43367088607595,19.271741769450756,0.14382259767687433,0.0969376979936642,0.08848996832101373,0.08511087645195353,0.08342133051742344,0.07180570221752904,0.07074973600844774,0.06209081309398099,0.05406546990496304,0.053009503695881734,0.048574445617740235,0.044350580781414996,0.036325237592397044,0.023442449841605068,0.019852164730728615,0.009292502639915523,0.008658922914466738,0.9316781057853256,0.023269331454344094,0.0,0.0,0.0,0.0,0.0,0.0,0.0,0.0,0.0,0.0,0.0,0.0,0.0,0.0,0.0,0.0,0.0,0.0,0.0,0.0,0.0,0.0,0.0,0.0,0.0,0.06969376979936644,2.39493136219641,13.653643083421333,11.923970432946149,1.957761351636748,4.2062193126022915,2.9293973524928854,nan,nan,nan,4.167312661498708,2.8840273418336966,4.246347941567065,2.975732404369735,1.01896552682465,0.4,0.01203,0.0,0.0,0.0,0.0,0.0,0.0,0.0,0.0,0.0,0.0,0.08870116156283002,14.851108764519514,14.946145723336857,0.11404435058078144,0.0,0.0,0.0,0.0,0.0,0.0,0.0,0.0,0.0,0.0,0.0,0.0,0.0,0.0,0.0,0.0,nan,nan,4.2062193126022915,2.9293973524928854,nan,0.4,0.06274,0.0,0.0,0.0,0.0,0.0,0.0,0.0,0.0,0.0,0.0,0.0,0.0,0.0,0.0,0.0,0.0,0.0,0.0,0.0,0.0,0.0007497360084477297,0.00720168954593453,0.005892291446673707,0.0012671594508975714,0.004012671594508976,0.0014783526927138332,0.003453009503695882,0.0006546990496304118,0.008373812038014784,0.010791974656810982,0.026198521647307287,0.008004223864836325,0.03791974656810982,0.031964097148891236,0.05325237592397043,0.05397043294614572,0.04102428722280887,0.050506863780359026,0.05840549102428722,0.047032734952481524,0.06305174234424499,0.06155227032734952,0.0875818373812038,0.08982048574445618,0.01946145723336853,0.03470960929250264,0.027317845828933474,0.02183738120380148,0.04582893347412883,0.03832101372756072,0.03155227032734952,0.0060190073917634635,0.005480464625131996,0.004456177402323126,0.0035480464625131996,0.0015205913410770856,0.005026399155227033,0.00014783526927138332,0.00045406546990496306,0.00015839493136219642,0.0,0.0,0.0,0.0,0.0,0.0,0.0,0.0,0.0,0.0,0.0,0.0,0.0,0.0,0.0,0.0,0.0,0.0,0.0,0.0,0.0,0.0,0.0,0.0,0.0,0.0,0.0,0.0,0.0,0.0,0.0,0.0,0.0,0.0,0.0,0.0,0.0,0.0,0.0,0.0,0.0,nan,nan,4.2062193126022915,2.9293973524928854,nan,0.9315823764812581,0.023003580016640355,0.0,0.0,0.0,0.0,0.0,0.0,0.0,0.0,0.0,0.0,0.0,0.0,0.0,0.0,0.0,0.0,0.0,0.0,0.0,0.0,0.0,0.0,0.0,0.0,0.0,0.04846526655896609,2.447495961227787,13.570274636510504,11.983037156704365,1.9507269789983848,0.9317830308658351,0.02355672062572502,0.0,0.0,0.0,0.0,0.0,0.0,0.0,0.0,0.0,0.0,0.0,0.0,0.0,0.0,0.0,0.0,0.0,0.0,0.0,0.0,0.0,0.0,0.0,0.0,0.0,0.09296148738379817,2.337317397078354,13.745019920318729,11.859229747675966,1.9654714475431612,0.4,0.01218,0.0,0.0,0.0,0.0,0.0,0.0,0.0,0.0,0.0,0.0,0.12116316639741521,14.575928917609026,15.169628432956385,0.13327948303715673,0.0,0.0,0.0,0.0,0.0,0.0,0.0,0.0,0.0,0.0,0.0,0.0,0.0,0.0,0.0,0.0,0.3997,0.01188,0.0,0.0,0.0,0.0,0.0,0.0,0.0,0.0,0.0,0.0,0.05312084993359895,15.152722443559075,14.701195219123509,0.09296148738379817,0.0,0.0,0.0,0.0,0.0,0.0,0.0,0.0,0.0,0.0,0.0,0.0,0.0,0.0,0.0,0.0
78700,4999,2573,0.5147029405881176,1194,1004,0.4396879375875175,1417,0.5669133826765353,0.4040000000000001,3.065539983511954,3.120853664276152,6.582644628099174,2.138632361543948,9515.49049809962,1614.3015990174356,7853.0,11083.0,11083.0,0.0,7853.0,0.0,27.895379075815164,20.63703549684765,32.617368670137246,18.947696741747517,0.13482696539307862,0.10042008401680336,0.09701940388077615,0.08761752350470094,0.07981596319263853,0.07221444288857772,0.07461492298459692,0.0598119623924785,0.05761152230446089,0.057411482296459294,0.047209441888377675,0.03920784156831366,0.035607121424284856,0.02460492098419684,0.016803360672134428,0.010802160432086417,0.004400880176035207,0.9309627921563621,0.02337387227354593,0.0,0.0,0.0,0.0,0.0,0.0,0.0,0.0,0.0,0.0,0.0,0.0,0.0,0.0,0.0,0.0,0.0,0.0,0.0,0.0,0.0,0.0,0.0,0.0,0.0,0.12002400480096022,2.712542508501701,13.208641728345672,12.176435287057414,1.7823564712942592,4.34885164494103,2.87877842561751,nan,nan,nan,4.339130434782609,2.864955831188988,4.3606455617628805,2.8921719438570936,1.0049583959974573,0.4004,0.01219,0.0,0.0,0.0,0.0,0.0,0.0,0.0,0.0,0.0,0.0,0.06001200240048011,14.816963392678515,15.009001800360075,0.11402280456091221,0.0,0.0,0.0,0.0,0.0,0.0,0.0,0.0,0.0,0.0,0.0,0.0,0.0,0.0,0.0,0.0,nan,nan,4.34885164494103,2.87877842561751,nan,0.4004,0.0628,0.0,0.0,0.0,0.0,0.0,0.0,0.0,0.0,0.0,0.0,0.0,0.0,0.0,0.0,0.0,8.001600320064013e-05,0.0,0.0,0.0,0.0,0.0003800760152030406,0.007151430286057211,0.005811162232446489,0.0009801960392078416,0.003800760152030406,0.0013702740548109623,0.004930986197239448,0.0005001000200040008,0.008421684336867373,0.010462092418483697,0.026215243048609723,0.007121424284856972,0.036557311462292456,0.03086617323464693,0.0523504700940188,0.05149029805961192,0.04170834166833367,0.05051010202040408,0.06085217043408682,0.049139827965593116,0.06291258251650331,0.06329265853170635,0.0887877575515103,0.08736747349469894,0.01756351270254051,0.03211642328465693,0.028715743148629725,0.022344468893778755,0.047309461892378474,0.03742748549709942,0.032786557311462294,0.00661132226445289,0.0058411682336467294,0.005321064212842569,0.0034206841368273656,0.0010502100420084017,0.005651130226045209,0.00017003400680136026,0.0004800960192038408,0.00013002600520104022,0.0,0.0,0.0,0.0,0.0,0.0,0.0,0.0,0.0,0.0,0.0,0.0,0.0,0.0,0.0,0.0,0.0,0.0,0.0,0.0,0.0,0.0,0.0,0.0,0.0,0.0,0.0,0.0,0.0,0.0,0.0,0.0,0.0,0.0,0.0,0.0,0.0,0.0,0.0,0.0,0.0,nan,nan,4.34885164494103,2.87877842561751,nan,0.9308175600737947,0.02332873210389972,0.0,0.0,0.0,0.0,0.0,0.0,0.0,0.0,0.0,0.0,0.0,0.0,0.0,0.0,0.0,0.0,0.0,0.0,0.0,0.0,0.0,0.0,0.0,0.0,0.0,0.12825495530509134,2.693354061406919,13.291877186164013,12.06762534006996,1.818888457054023,0.9311168243692418,0.023420668507834076,0.0,0.0,0.0,0.0,0.0,0.0,0.0,0.0,0.0,0.0,0.0,0.0,0.0,0.0,0.0,0.0,0.0,0.0,0.0,0.0,0.0,0.0,0.0,0.0,0.0,0.11129431162407256,2.7328936521022267,13.120362737015666,12.291838417147572,1.7436108821104703,0.4006,0.01236,0.0,0.0,0.0,0.0,0.0,0.0,0.0,0.0,0.0,0.0,0.06995724834823165,14.714341235911364,15.087446560435293,0.12825495530509134,0.0,0.0,0.0,0.0,0.0,0.0,0.0,0.0,0.0,0.0,0.0,0.0,0.0,0.0,0.0,0.0,0.4004,0.01202,0.0,0.0,0.0,0.0,0.0,0.0,0.0,0.0,0.0,0.0,0.04946413849958781,14.925803792250598,14.92580379225062,0.09892827699917563,0.0,0.0,0.0,0.0,0.0,0.0,0.0,0.0,0.0,0.0,0.0,0.0,0.0,0.0,0.0,0.0
78800,4629,2451,0.5294880103694103,1165,925,0.45150140419096996,1278,0.5521710952689566,0.4080000000000001,3.0041322314049586,3.07564284081549,6.511551155115511,2.2165813559283496,9563.246273493194,1612.188930425234,7853.0,11083.0,11083.0,0.0,7853.0,0.0,28.10736660185785,20.72073380502337,32.94313524590164,18.95192753741286,0.13674659753726506,0.09915748541801685,0.0881399870382372,0.0870598401382588,0.08554763447828904,0.07193778353856124,0.07258587167854828,0.06653704903866926,0.05940807949881184,0.050334845538993304,0.04903866925901923,0.04277381723914452,0.031108230719377836,0.023547202419529057,0.01901058543961979,0.01080146899978397,0.006264852019874703,0.9313623733411316,0.023119214035842193,0.0,0.0,0.0,0.0,0.0,0.0,0.0,0.0,0.0,0.0,0.0,0.0,0.0,0.0,0.0,0.0,0.0,0.0,0.0,0.0,0.0,0.0,0.0,0.0,0.0,0.07128969539857422,2.5664290343486718,13.473752430330528,11.885936487362285,2.0025923525599487,4.187770023263543,2.904306856606816,nan,nan,nan,4.207010582010582,2.8538247898399356,4.168336673346693,2.954292096107402,0.9908072708851123,0.401,0.01212,0.0,0.0,0.0,0.0,0.0,0.0,0.0,0.0,0.0,0.0,0.045366169799092686,13.985742060920265,15.891121192482181,0.0777705767984446,0.0,0.0,0.0,0.0,0.0,0.0,0.0,0.0,0.0,0.0,0.0,0.0,0.0,0.0,0.0,0.0,nan,nan,4.187770023263543,2.904306856606816,nan,0.401,0.0624,0.0,0.0,0.0,0.0,0.0,0.0,0.0,0.0,0.0,0.0,0.0,0.0,0.0,0.0,0.0,4.3205875999135884e-05,4.3205875999135884e-05,0.0,0.0,0.0,0.0004428602289911428,0.0059408079498811835,0.0061136314538777275,0.0008209116439835818,0.0032404406999351912,0.001447396845971052,0.0051523007128969536,0.0002808381939943832,0.009040829552819183,0.01001296176279974,0.024411319939511775,0.008403542881831929,0.0347699287103046,0.03279325988334413,0.04920069129401598,0.05127457334197451,0.04234175847915316,0.05191186001296176,0.06058543961978829,0.05172823503996544,0.06744437243465111,0.059505292719809894,0.0884748325772305,0.08367898034132643,0.017174335709656513,0.03270684813134586,0.030751782242384965,0.02119248217757615,0.050712896953985745,0.03987902354720242,0.03051414992438972,0.0064808813998703824,0.0056923741628861525,0.0051523007128969536,0.0031540289479369196,0.0010153380859796932,0.005724778569885504,0.00019442644199611146,0.0004104558219917909,0.0001404190969971916,0.0,0.0,0.0,0.0,0.0,0.0,0.0,0.0,0.0,0.0,0.0,0.0,0.0,0.0,0.0,0.0,0.0,0.0,0.0,0.0,0.0,0.0,0.0,0.0,0.0,0.0,0.0,0.0,0.0,0.0,0.0,0.0,0.0,0.0,0.0,0.0,0.0,0.0,0.0,0.0,0.0,nan,nan,4.187770023263543,2.904306856606816,nan,0.9313670518640497,0.022882221651959002,0.0,0.0,0.0,0.0,0.0,0.0,0.0,0.0,0.0,0.0,0.0,0.0,0.0,0.0,0.0,0.0,0.0,0.0,0.0,0.0,0.0,0.0,0.0,0.0,0.0,0.07343941248470014,2.325581395348838,13.953488372093027,11.750305997552022,1.8971848225214203,0.9313571083917872,0.02338303868311119,0.0,0.0,0.0,0.0,0.0,0.0,0.0,0.0,0.0,0.0,0.0,0.0,0.0,0.0,0.0,0.0,0.0,0.0,0.0,0.0,0.0,0.0,0.0,0.0,0.0,0.06887052341597798,2.837465564738293,12.933884297520665,12.038567493112952,2.1212121212121215,0.401,0.012024,0.0,0.0,0.0,0.0,0.0,0.0,0.0,0.0,0.0,0.0,0.03671970624235007,13.990208078335353,15.89963280293758,0.07343941248470014,0.0,0.0,0.0,0.0,0.0,0.0,0.0,0.0,0.0,0.0,0.0,0.0,0.0,0.0,0.0,0.0,0.401,0.01222,0.0,0.0,0.0,0.0,0.0,0.0,0.0,0.0,0.0,0.0,0.055096418732782385,13.980716253443505,15.881542699724521,0.08264462809917357,0.0,0.0,0.0,0.0,0.0,0.0,0.0,0.0,0.0,0.0,0.0,0.0,0.0,0.0,0.0,0.0
78900,4679,2417,0.5165633682410772,1131,945,0.4436845479803377,1311,0.5603761487497328,0.4120000000000001,3.0397877984084882,3.159089946779058,6.685099846390169,2.1165885184032667,9521.499679418679,1614.1136218687018,7853.0,11083.0,11083.0,0.0,7853.0,0.0,27.667022868134218,20.86933684300586,32.71399334868253,19.128961731254286,0.1423381064329985,0.10408206881812353,0.09446462919427229,0.08762556101731139,0.07993160931823039,0.0722376576191494,0.06454370592006839,0.06048300918999786,0.06262021799529814,0.05193417396879675,0.05022440692455653,0.037187433212224834,0.02885231887155375,0.02906603975208378,0.019662321008762557,0.009403718743321222,0.005343022013250694,0.9319081405310276,0.02296604945987568,0.0,0.0,0.0,0.0,0.0,0.0,0.0,0.0,0.0,0.0,0.0,0.0,0.0,0.0,0.0,0.0,0.0,0.0,0.0,0.0,0.0,0.0,0.0,0.0,0.0,0.06411626415900834,2.654413336182946,12.89378072237658,12.509083137422529,1.8786065398589447,4.301677852348993,2.895367256019105,nan,nan,nan,4.329553035356905,2.884385605388001,4.273463875759622,2.906167872261905,0.9870450461885474,0.4011,0.01223,0.0,0.0,0.0,0.0,0.0,0.0,0.0,0.0,0.0,0.0,0.08335114340671086,13.76576191493907,16.05471254541569,0.09617439623851252,0.0,0.0,0.0,0.0,0.0,0.0,0.0,0.0,0.0,0.0,0.0,0.0,0.0,0.0,0.0,0.0,nan,nan,4.301677852348993,2.895367256019105,nan,0.4011,0.0626,0.0,0.0,0.0,0.0,0.0,0.0,0.0,0.0,0.0,0.0,0.0,0.0,0.0,0.0,0.0,0.0,0.0,0.0,0.0,0.0,0.0005556742893780722,0.00522547552895918,0.005866638170549263,0.0011113485787561444,0.003301987604188929,0.0013250694592861724,0.00500106860440265,0.00035263945287454583,0.009179311818764694,0.009970079076725796,0.02630904039324642,0.008826672365890147,0.03529600341953409,0.03254969010472323,0.04715751228895063,0.05602692883094678,0.04321436204317162,0.05107929044667664,0.0576832656550545,0.047285744817268646,0.06858303056208592,0.05890147467407566,0.08885445608035905,0.08103227185296004,0.016178670656123103,0.03523188715537508,0.032250480871981194,0.020752297499465697,0.048503953836289804,0.041547339175037404,0.031096388117119043,0.007063475101517418,0.006112417183158795,0.005289591793118188,0.003483650352639453,0.0011861508869416542,0.006037614874973285,0.0002030348365035264,0.0003740115409275486,0.0,0.0,0.0,0.0,0.0,0.0,0.0,0.0,0.0,0.0,0.0,0.0,0.0,0.0,0.0,0.0,0.0,0.0,0.0,0.0,0.0,0.0,0.0,0.0,0.0,0.0,0.0,0.0,0.0,0.0,0.0,0.0,0.0,0.0,0.0,0.0,0.0,0.0,0.0,0.0,0.0,0.0,nan,nan,4.301677852348993,2.895367256019105,nan,0.9323106988382872,0.02275608972483787,0.0,0.0,0.0,0.0,0.0,0.0,0.0,0.0,0.0,0.0,0.0,0.0,0.0,0.0,0.0,0.0,0.0,0.0,0.0,0.0,0.0,0.0,0.0,0.0,0.0,0.03723624327678941,2.668597434836575,12.69755895738519,12.80926768721556,1.787339677285892,0.9314779975475409,0.023180570898865663,0.0,0.0,0.0,0.0,0.0,0.0,0.0,0.0,0.0,0.0,0.0,0.0,0.0,0.0,0.0,0.0,0.0,0.0,0.0,0.0,0.0,0.0,0.0,0.0,0.0,0.09283819628647218,2.639257294429709,13.103448275862073,12.188328912466847,1.9761273209549075,0.401,0.012115,0.0,0.0,0.0,0.0,0.0,0.0,0.0,0.0,0.0,0.0,0.07447248655357883,14.025651634257322,15.862639635912291,0.03723624327678941,0.0,0.0,0.0,0.0,0.0,0.0,0.0,0.0,0.0,0.0,0.0,0.0,0.0,0.0,0.0,0.0,0.4014,0.01235,0.0,0.0,0.0,0.0,0.0,0.0,0.0,0.0,0.0,0.0,0.09283819628647218,13.488063660477435,16.259946949602124,0.15915119363395228,0.0,0.0,0.0,0.0,0.0,0.0,0.0,0.0,0.0,0.0,0.0,0.0,0.0,0.0,0.0,0.0
79000,4634,2413,0.5207164436771687,1103,958,0.44475615019421666,1325,0.5718601640051791,0.4160000000000001,3.011706438541198,3.0997011978258096,6.503105590062112,2.2509465879149086,9534.914113077255,1613.6131821074978,7853.0,11083.0,11083.0,0.0,7853.0,0.0,28.089555459646093,20.953170520797006,32.967229902713775,19.205279381613906,0.13983599482088907,0.09689253344842469,0.09451877427708244,0.08502373759171342,0.08157099697885196,0.07617608977125594,0.06668105308588693,0.06624946050927924,0.05697022011221407,0.05308588692274493,0.0466119982736297,0.04056970220112214,0.03215364695727233,0.025248165731549418,0.02028485110056107,0.010574018126888218,0.0075528700906344415,0.9307859825532293,0.023054708256547672,0.0,0.0,0.0,0.0,0.0,0.0,0.0,0.0,0.0,0.0,0.0,0.0,0.0,0.0,0.0,0.0,0.0,0.0,0.0,0.0,0.0,0.0,0.0,0.0,0.0,0.07768666378938284,2.680189900733708,13.375053949072079,12.086750107898148,1.78031937850669,4.224333333333333,2.8615860209952726,nan,nan,nan,4.213324360699866,2.8781181437821597,4.235138705416116,2.845224813788638,1.0051774662591195,0.4016,0.01204,0.0,0.0,0.0,0.0,0.0,0.0,0.0,0.0,0.0,0.0,0.04531722054380666,13.174363400949485,16.657315494173503,0.1230038843331895,0.0,0.0,0.0,0.0,0.0,0.0,0.0,0.0,0.0,0.0,0.0,0.0,0.0,0.0,0.0,0.0,nan,nan,4.224333333333333,2.8615860209952726,nan,0.4016,0.0629,0.0,0.0,0.0,0.0,0.0,0.0,0.0,0.0,0.0,0.0,0.0,0.0,0.0,0.0,0.0,0.0,1.0789814415192059e-05,0.0,0.0,1.0789814415192059e-05,0.0009063444108761329,0.005222270176952957,0.005999136814846785,0.0008847647820457488,0.0034527406128614588,0.0012084592145015106,0.004704359085023738,0.0005718601640051791,0.009149762624082866,0.01048769961156668,0.025701337936987485,0.008869227449287873,0.0347863616745792,0.03361027190332326,0.046558049201553736,0.05527621924902892,0.043914544669831676,0.0498705222270177,0.05623651273198101,0.04564091497626241,0.0686016400517911,0.057207596029348294,0.08863832542080276,0.08234786361674579,0.016206301251618472,0.03522874406560207,0.0347863616745792,0.022788088044885628,0.049233923176521366,0.04108761329305136,0.030848079413034097,0.007520500647388865,0.005265429434613725,0.00476909797151489,0.0040246007768666376,0.0012300388433318947,0.0063120414328873544,0.0005826499784203712,0.00024816573154941735,0.0,0.0,0.0,0.0,0.0,0.0,0.0,0.0,0.0,0.0,0.0,0.0,0.0,0.0,0.0,0.0,0.0,0.0,0.0,0.0,0.0,0.0,0.0,0.0,0.0,0.0,0.0,0.0,0.0,0.0,0.0,0.0,0.0,0.0,0.0,0.0,0.0,0.0,0.0,0.0,0.0,0.0,nan,nan,4.224333333333333,2.8615860209952726,nan,0.9312398416394274,0.023021249407210696,0.0,0.0,0.0,0.0,0.0,0.0,0.0,0.0,0.0,0.0,0.0,0.0,0.0,0.0,0.0,0.0,0.0,0.0,0.0,0.0,0.0,0.0,0.0,0.0,0.0,0.037297969332780775,2.660588479071696,13.029423953584752,12.395358474927479,1.8773311230832992,0.9302928884627314,0.023080891578028503,0.0,0.0,0.0,0.0,0.0,0.0,0.0,0.0,0.0,0.0,0.0,0.0,0.0,0.0,0.0,0.0,0.0,0.0,0.0,0.0,0.0,0.0,0.0,0.0,0.0,0.12156686177397572,2.70148581719946,13.750562809545253,11.751463304817653,1.6749212066636654,0.4016,0.01195,0.0,0.0,0.0,0.0,0.0,0.0,0.0,0.0,0.0,0.0,0.037297969332780775,13.166183174471593,16.65975963530875,0.13675922088686285,0.0,0.0,0.0,0.0,0.0,0.0,0.0,0.0,0.0,0.0,0.0,0.0,0.0,0.0,0.0,0.0,0.4014,0.01214,0.0,0.0,0.0,0.0,0.0,0.0,0.0,0.0,0.0,0.0,0.054029716343989204,13.183250787933344,16.654660063034672,0.10805943268797841,0.0,0.0,0.0,0.0,0.0,0.0,0.0,0.0,0.0,0.0,0.0,0.0,0.0,0.0,0.0,0.0
79100,4590,2378,0.518082788671024,1125,926,0.4468409586056645,1291,0.5625272331154684,0.4120000000000001,3.001356238698011,3.0992471181716756,6.607142857142857,2.074545203042733,9526.407407407407,1613.943485615263,7853.0,11083.0,11083.0,0.0,7853.0,0.0,28.55838779956427,21.133994402506286,33.46078431372549,19.335284049942807,0.13747276688453158,0.09607843137254903,0.08671023965141612,0.0915032679738562,0.07908496732026143,0.0738562091503268,0.06383442265795207,0.06100217864923747,0.06753812636165578,0.052723311546840956,0.04422657952069717,0.044662309368191724,0.03638344226579521,0.025490196078431372,0.021568627450980392,0.00980392156862745,0.008061002178649237,0.9310523929938771,0.02355080748691176,0.0,0.0,0.0,0.0,0.0,0.0,0.0,0.0,0.0,0.0,0.0,0.0,0.0,0.0,0.0,0.0,0.0,0.0,0.0,0.0,0.0,0.0,0.0,0.0,0.0,0.11111111111111113,2.7581699346405237,13.3202614379085,11.810457516339872,2.0000000000000004,4.190523857190524,2.8659409001392824,nan,nan,nan,4.147174770039422,2.8417565096477926,4.235254237288135,2.890002261410295,1.0212384266718222,0.4011,0.01267,0.0,0.0,0.0,0.0,0.0,0.0,0.0,0.0,0.0,0.0,0.14379084967320263,13.73202614379083,15.941176470588239,0.18300653594771246,0.0,0.0,0.0,0.0,0.0,0.0,0.0,0.0,0.0,0.0,0.0,0.0,0.0,0.0,0.0,0.0,nan,nan,4.190523857190524,2.8659409001392824,nan,0.4011,0.0629,0.0,0.0,0.0,0.0,0.0,0.0,0.0,0.0,0.0,0.0,0.0,0.0,0.0,0.0,0.0,0.0,0.0,0.0,1.0893246187363834e-05,0.0,0.0011111111111111111,0.004684095860566449,0.006241830065359477,0.0005555555555555556,0.0038997821350762528,0.0011220043572984749,0.005010893246187364,0.000588235294117647,0.008660130718954249,0.009673202614379085,0.02708061002178649,0.00934640522875817,0.03705882352941176,0.033594771241830065,0.04435729847494553,0.05701525054466231,0.04164488017429194,0.05253812636165577,0.0540958605664488,0.04791938997821351,0.07054466230936819,0.056372549019607844,0.08674291938997822,0.08420479302832244,0.014814814814814815,0.034509803921568626,0.03529411764705882,0.020076252723311545,0.05014161220043573,0.0397276688453159,0.03160130718954248,0.007766884531590414,0.004640522875816994,0.004869281045751634,0.004161220043572985,0.0014705882352941176,0.0060675381263616554,0.00042483660130718953,0.0003594771241830065,0.0,0.0,0.0,0.0,0.0,0.0,0.0,0.0,0.0,0.0,0.0,0.0,0.0,0.0,0.0,0.0,0.0,0.0,0.0,0.0,0.0,0.0,0.0,0.0,0.0,0.0,0.0,0.0,0.0,0.0,0.0,0.0,0.0,0.0,0.0,0.0,0.0,0.0,0.0,0.0,0.0,0.0,nan,nan,4.190523857190524,2.8659409001392824,nan,0.9312460474400485,0.023661707933869364,0.0,0.0,0.0,0.0,0.0,0.0,0.0,0.0,0.0,0.0,0.0,0.0,0.0,0.0,0.0,0.0,0.0,0.0,0.0,0.0,0.0,0.0,0.0,0.0,0.0,0.10092514718250634,2.6871320437342314,13.347350714886462,11.820857863751055,2.0437342304457533,0.9308442057095212,0.023429213761910473,0.0,0.0,0.0,0.0,0.0,0.0,0.0,0.0,0.0,0.0,0.0,0.0,0.0,0.0,0.0,0.0,0.0,0.0,0.0,0.0,0.0,0.0,0.0,0.0,0.0,0.12206148282097652,2.834538878842677,13.291139240506332,11.799276672694397,1.9529837251356243,0.4011,0.01258,0.0,0.0,0.0,0.0,0.0,0.0,0.0,0.0,0.0,0.0,0.1640033641715728,13.687973086627398,15.933557611438186,0.21446593776282596,0.0,0.0,0.0,0.0,0.0,0.0,0.0,0.0,0.0,0.0,0.0,0.0,0.0,0.0,0.0,0.0,0.401,0.01277,0.0,0.0,0.0,0.0,0.0,0.0,0.0,0.0,0.0,0.0,0.12206148282097652,13.779385171790215,15.949367088607598,0.14918625678119352,0.0,0.0,0.0,0.0,0.0,0.0,0.0,0.0,0.0,0.0,0.0,0.0,0.0,0.0,0.0,0.0
79200,4459,2276,0.5104283471630411,1061,923,0.4449428122897511,1260,0.565149136577708,0.4320000000000001,3.0403114979386165,3.160716603788559,6.693708609271523,2.1769168658722955,9501.683561336622,1614.6486979202882,7853.0,11083.0,11083.0,0.0,7853.0,0.0,27.479928235030275,20.670477974501075,32.49650912996778,18.928528547395672,0.14263287732675486,0.10495626822157435,0.09307019511101143,0.09037900874635568,0.07894146669656874,0.0740076250280332,0.06279434850863422,0.065261269342902,0.05673917918815878,0.05449652388427899,0.04799282350302758,0.04305898183449204,0.029827315541601257,0.02511773940345369,0.015698587127158554,0.009643417806683112,0.005382372729311505,0.9335477854885256,0.02313581459057284,0.0,0.0,0.0,0.0,0.0,0.0,0.0,0.0,0.0,0.0,0.0,0.0,0.0,0.0,0.0,0.0,0.0,0.0,0.0,0.0,0.0,0.0,0.0,0.0,0.0,0.06727965911639382,1.971294012110339,12.964790311729091,12.662031845705318,2.3346041713388654,4.390476190476191,2.9335222917218857,nan,nan,nan,4.394285714285714,2.9345666856715082,4.386759581881533,2.9324982430827555,0.9982872910653684,0.4014,0.01219,0.0,0.0,0.0,0.0,0.0,0.0,0.0,0.0,0.0,0.0,0.04709576138147568,13.745234357479235,16.086566494729762,0.12110338640950888,0.0,0.0,0.0,0.0,0.0,0.0,0.0,0.0,0.0,0.0,0.0,0.0,0.0,0.0,0.0,0.0,nan,nan,4.390476190476191,2.9335222917218857,nan,0.4014,0.0628,0.0,0.0,0.0,0.0,0.0,0.0,0.0,0.0,0.0,0.0,0.0,0.0,0.0,0.0,0.0,0.0,0.0,0.0,0.0,0.0,0.001390446288405472,0.00597667638483965,0.004844135456380354,0.0005830903790087463,0.004328324736488001,0.0008634222919937205,0.0046871495851087686,0.0005718771024893473,0.007490468714958511,0.01098901098901099,0.02436644987665396,0.009733124018838305,0.037239291320923976,0.03315765866786275,0.044382148463781114,0.058735142408611794,0.039313747477012786,0.052657546535097556,0.05459744337295358,0.04933841668535546,0.07030724377663153,0.0575801749271137,0.08638708230544966,0.08541152724826194,0.015586454361964566,0.034761157210136805,0.03398744113029827,0.017952455707557748,0.05032518501906257,0.03944830679524557,0.03279883381924198,0.009262166405023548,0.004922628392016147,0.003902220228750841,0.0036331015922852657,0.001760484413545638,0.005842117066606862,0.00016819914779098454,0.0005943036555281453,0.00010091948867459072,2.2426553038797935e-05,0.0,0.0,0.0,0.0,0.0,0.0,0.0,0.0,0.0,0.0,0.0,0.0,0.0,0.0,0.0,0.0,0.0,0.0,0.0,0.0,0.0,0.0,0.0,0.0,0.0,0.0,0.0,0.0,0.0,0.0,0.0,0.0,0.0,0.0,0.0,0.0,0.0,0.0,0.0,0.0,nan,nan,4.390476190476191,2.9335222917218857,nan,0.9337259890586923,0.02302194226021518,0.0,0.0,0.0,0.0,0.0,0.0,0.0,0.0,0.0,0.0,0.0,0.0,0.0,0.0,0.0,0.0,0.0,0.0,0.0,0.0,0.0,0.0,0.0,0.0,0.0,0.07908611599297014,1.9244288224956068,12.970123022847103,12.759226713532517,2.2671353251318105,0.9333619901034136,0.023252490154463224,0.0,0.0,0.0,0.0,0.0,0.0,0.0,0.0,0.0,0.0,0.0,0.0,0.0,0.0,0.0,0.0,0.0,0.0,0.0,0.0,0.0,0.0,0.0,0.0,0.0,0.0549702244617499,2.0201557489693087,12.959230416857539,12.560696289509853,2.404947320201558,0.4011,0.012215,0.0,0.0,0.0,0.0,0.0,0.0,0.0,0.0,0.0,0.0,0.052724077328646764,14.0641476274165,15.804042179261867,0.07908611599297014,0.0,0.0,0.0,0.0,0.0,0.0,0.0,0.0,0.0,0.0,0.0,0.0,0.0,0.0,0.0,0.0,0.4014,0.01216,0.0,0.0,0.0,0.0,0.0,0.0,0.0,0.0,0.0,0.0,0.04122766834631242,13.412734768666953,16.381126889601468,0.16491067338524967,0.0,0.0,0.0,0.0,0.0,0.0,0.0,0.0,0.0,0.0,0.0,0.0,0.0,0.0,0.0,0.0
79300,4530,2340,0.5165562913907285,1106,913,0.4456953642384106,1266,0.5589403973509933,0.4240000000000001,3.0913242009132422,3.1102816064063195,6.605055292259084,2.0256116128481993,9521.476821192053,1614.1143793409415,7853.0,11083.0,11083.0,0.0,7853.0,0.0,28.547240618101544,21.09533908800493,33.3304665102945,19.371012202557072,0.13134657836644592,0.10286975717439294,0.08940397350993377,0.08675496688741721,0.07858719646799117,0.07041942604856512,0.07373068432671082,0.06821192052980132,0.053863134657836646,0.05275938189845475,0.04944812362030905,0.0423841059602649,0.03576158940397351,0.026048565121412803,0.018322295805739516,0.012803532008830023,0.00728476821192053,0.9340003117293975,0.02369491198137778,0.0,0.0,0.0,0.0,0.0,0.0,0.0,0.0,0.0,0.0,0.0,0.0,0.0,0.0,0.0,0.0,0.0,0.0,0.0,0.0,0.0,0.0,0.0,0.0,0.0,0.02649006622516557,2.3377483443708615,12.218543046357619,12.920529801324507,2.496688741721855,4.283299526707235,2.860788212059643,nan,nan,nan,4.315327481431465,2.8769195002735755,4.251184834123222,2.8441592773523454,0.9851360881452812,0.4019,0.01224,0.0,0.0,0.0,0.0,0.0,0.0,0.0,0.0,0.0,0.0,0.03973509933774835,13.437086092715212,16.35761589403974,0.16556291390728478,0.0,0.0,0.0,0.0,0.0,0.0,0.0,0.0,0.0,0.0,0.0,0.0,0.0,0.0,0.0,0.0,nan,nan,4.283299526707235,2.860788212059643,nan,0.4019,0.06232,0.0,0.0,0.0,0.0,0.0,0.0,0.0,0.0,0.0,0.0,0.0,0.0,0.0,0.0,0.0,0.0,0.0,0.0,0.0,0.0,0.0013024282560706402,0.004878587196467991,0.004161147902869757,0.0005849889624724062,0.0038520971302428257,0.000739514348785872,0.004514348785871964,0.0008719646799116998,0.00706401766004415,0.010088300220750551,0.023752759381898456,0.009094922737306844,0.0395916114790287,0.03228476821192053,0.04520971302428256,0.06182119205298013,0.036070640176600444,0.05480132450331126,0.0552317880794702,0.04794701986754967,0.07269315673289183,0.06020971302428256,0.08365342163355409,0.08311258278145696,0.016743929359823398,0.03406181015452538,0.03403973509933775,0.017538631346578366,0.04944812362030905,0.0395916114790287,0.03315673289183223,0.01033112582781457,0.005,0.00347682119205298,0.003973509933774834,0.0017439293598233996,0.006622516556291391,0.0002980132450331126,0.00039735099337748344,4.415011037527594e-05,0.0,0.0,0.0,0.0,0.0,0.0,0.0,0.0,0.0,0.0,0.0,0.0,0.0,0.0,0.0,0.0,0.0,0.0,0.0,0.0,0.0,0.0,0.0,0.0,0.0,0.0,0.0,0.0,0.0,0.0,0.0,0.0,0.0,0.0,0.0,0.0,0.0,0.0,0.0,0.0,0.0,nan,nan,4.283299526707235,2.860788212059643,nan,0.9334835182652514,0.02383606956901898,0.0,0.0,0.0,0.0,0.0,0.0,0.0,0.0,0.0,0.0,0.0,0.0,0.0,0.0,0.0,0.0,0.0,0.0,0.0,0.0,0.0,0.0,0.0,0.0,0.0,0.025641025641025647,2.5641025641025643,12.205128205128208,12.846153846153848,2.3589743589743595,0.9345525020061562,0.02353061128758895,0.0,0.0,0.0,0.0,0.0,0.0,0.0,0.0,0.0,0.0,0.0,0.0,0.0,0.0,0.0,0.0,0.0,0.0,0.0,0.0,0.0,0.0,0.0,0.0,0.0,0.027397260273972608,2.0958904109589045,12.232876712328771,13.000000000000004,2.6438356164383565,0.4014,0.01194,0.0,0.0,0.0,0.0,0.0,0.0,0.0,0.0,0.0,0.0,0.025641025641025647,13.294871794871776,16.564102564102566,0.1153846153846154,0.0,0.0,0.0,0.0,0.0,0.0,0.0,0.0,0.0,0.0,0.0,0.0,0.0,0.0,0.0,0.0,0.402,0.01255,0.0,0.0,0.0,0.0,0.0,0.0,0.0,0.0,0.0,0.0,0.054794520547945216,13.58904109589039,16.136986301369866,0.21917808219178087,0.0,0.0,0.0,0.0,0.0,0.0,0.0,0.0,0.0,0.0,0.0,0.0,0.0,0.0,0.0,0.0
79400,4348,2239,0.514949402023919,1060,879,0.44595216191352344,1204,0.5538178472861086,0.4240000000000001,2.992887624466572,3.099189489660895,6.462932454695222,2.2316120237247086,9516.286568537258,1614.2779832788704,7853.0,11083.0,11083.0,0.0,7853.0,0.0,28.61660533578657,21.14789926460928,33.412483039348714,19.398310336273056,0.1329346826126955,0.09751609935602576,0.0922263109475621,0.08923643054277829,0.07957681692732291,0.07290708371665133,0.06577736890524379,0.06485740570377185,0.05887764489420423,0.05335786568537258,0.04944802207911683,0.04070837166513339,0.033348666053357866,0.02874885004599816,0.023459061637534497,0.011269549218031279,0.005749770009199632,0.9341610322989996,0.02333598210845293,0.0,0.0,0.0,0.0,0.0,0.0,0.0,0.0,0.0,0.0,0.0,0.0,0.0,0.0,0.0,0.0,0.0,0.0,0.0,0.0,0.0,0.0,0.0,0.0,0.0,0.0344986200551978,2.214811407543699,12.509199632014722,12.757589696412147,2.4839006439742413,4.200352733686067,2.855373327967684,nan,nan,nan,4.222067039106145,2.866608799030475,4.178189593727726,2.8436888646478815,0.9896075915015058,0.4014,0.01228,0.0,0.0,0.0,0.0,0.0,0.0,0.0,0.0,0.0,0.0,0.0689972401103956,13.820147194112215,15.945262189512423,0.16559337626494944,0.0,0.0,0.0,0.0,0.0,0.0,0.0,0.0,0.0,0.0,0.0,0.0,0.0,0.0,0.0,0.0,nan,nan,4.200352733686067,2.855373327967684,nan,0.4014,0.06186,0.0,0.0,0.0,0.0,0.0,0.0,0.0,0.0,0.0,0.0,0.0,0.0,0.0,0.0,0.0,0.0,0.0,0.0,0.0,2.2999080036798526e-05,0.0010349586016559337,0.00499080036798528,0.0036913523459061637,0.0004944802207911684,0.0040708371665133395,0.0006439742410303588,0.004484820607175713,0.0007934682612695493,0.007256209751609935,0.009889604415823367,0.02468951241950322,0.00983210671573137,0.0374885004599816,0.03057727690892364,0.04582566697332107,0.06353495860165594,0.036902023919043236,0.05484130634774609,0.056773229070837164,0.0484015639374425,0.07347056117755289,0.05672723091076357,0.08516559337626495,0.08531508739650415,0.01547838086476541,0.03487810487580497,0.03566007359705612,0.01861775528978841,0.048390064397424104,0.038086476540938365,0.030393284268629254,0.010142594296228151,0.005209291628334866,0.002828886844526219,0.004001839926402944,0.001782428702851886,0.006692732290708371,0.0002529898804047838,0.0006554737810487581,1.1499540018399263e-05,0.0,0.0,0.0,0.0,0.0,0.0,0.0,0.0,0.0,0.0,0.0,0.0,0.0,0.0,0.0,0.0,0.0,0.0,0.0,0.0,0.0,0.0,0.0,0.0,0.0,0.0,0.0,0.0,0.0,0.0,0.0,0.0,0.0,0.0,0.0,0.0,0.0,0.0,0.0,0.0,0.0,nan,nan,4.200352733686067,2.855373327967684,nan,0.9348071679945448,0.023365638219701737,0.0,0.0,0.0,0.0,0.0,0.0,0.0,0.0,0.0,0.0,0.0,0.0,0.0,0.0,0.0,0.0,0.0,0.0,0.0,0.0,0.0,0.0,0.0,0.0,0.0,0.040196516301920504,1.9964269763287186,12.487717731129973,12.782492184010723,2.693166592228674,0.9334750684192815,0.0232848433282902,0.0,0.0,0.0,0.0,0.0,0.0,0.0,0.0,0.0,0.0,0.0,0.0,0.0,0.0,0.0,0.0,0.0,0.0,0.0,0.0,0.0,0.0,0.0,0.0,0.0,0.028449502133712667,2.446657183499289,12.53200568990043,12.73115220483642,2.261735419630157,0.4016,0.01218,0.0,0.0,0.0,0.0,0.0,0.0,0.0,0.0,0.0,0.0,0.08039303260384101,13.66681554265295,16.078606520768204,0.1741849039749889,0.0,0.0,0.0,0.0,0.0,0.0,0.0,0.0,0.0,0.0,0.0,0.0,0.0,0.0,0.0,0.0,0.4014,0.01239,0.0,0.0,0.0,0.0,0.0,0.0,0.0,0.0,0.0,0.0,0.056899004267425335,13.982930298719753,15.803698435277386,0.15647226173541967,0.0,0.0,0.0,0.0,0.0,0.0,0.0,0.0,0.0,0.0,0.0,0.0,0.0,0.0,0.0,0.0
79500,4587,2409,0.5251798561151079,1173,915,0.4551994767822106,1283,0.5594070198386745,0.3960000000000001,2.94811753902663,3.046708416830448,6.408805031446541,2.181868786668629,9549.330935251799,1612.9507986826713,7853.0,11083.0,11083.0,0.0,7853.0,0.0,29.185524307826466,21.181326633471073,33.76362710137545,19.44716476794192,0.12470023980815348,0.091999127970351,0.09505123174187922,0.08175277959450622,0.08175277959450622,0.08066274253324614,0.0710704163941574,0.06409417920209287,0.05580989753651624,0.052975801177240024,0.04839764551994768,0.0459995639851755,0.03226509701329845,0.030085022890778287,0.02049269675168956,0.016132548506649226,0.006758229779812513,0.9344041369853779,0.023004698100867943,0.0,0.0,0.0,0.0,0.0,0.0,0.0,0.0,0.0,0.0,0.0,0.0,0.0,0.0,0.0,0.0,0.0,0.0,0.0,0.0,0.0,0.0,0.0,0.0,0.0,0.039241334205362986,2.1059516023544806,12.367560497056903,13.10660562459124,2.3806409417920213,4.1388343156516045,2.9241186073836096,nan,nan,nan,4.132894736842105,2.9187636242393498,4.144161774298761,2.9302770037837873,1.0027261854400058,0.401,0.01222,0.0,0.0,0.0,0.0,0.0,0.0,0.0,0.0,0.0,0.0,0.07194244604316548,14.120340091563092,15.637671680837151,0.17004578155657296,0.0,0.0,0.0,0.0,0.0,0.0,0.0,0.0,0.0,0.0,0.0,0.0,0.0,0.0,0.0,0.0,nan,nan,4.1388343156516045,2.9241186073836096,nan,0.401,0.06186,0.0,0.0,0.0,0.0,0.0,0.0,0.0,0.0,0.0,0.0,0.0,0.0,0.0,0.0,0.0,0.0,0.0,0.0,1.0900370612600829e-05,0.0,0.0006322214955308481,0.005689993459777633,0.0032592108131676476,0.0008066274253324613,0.0037388271201220843,0.0008066274253324613,0.004676258992805755,0.0010573359494222803,0.007466753869631568,0.01012644429910617,0.02395901460649662,0.010159145410943973,0.03741007194244604,0.03013952474384129,0.047492914759101806,0.06589274035317201,0.03793328973185088,0.05574449531284063,0.05467625899280575,0.05191846522781775,0.06873773708306083,0.05768476128188359,0.0829082188794419,0.08480488336603445,0.016252452583387835,0.03441247002398082,0.034030957052539786,0.019958578591672115,0.047471114017876605,0.03858731196860693,0.030422934379768913,0.009919337257466753,0.0061260082842816655,0.0026596904294746023,0.004000436014824504,0.0014715500327011119,0.006027904948768258,0.00035971223021582735,0.00046871593634183564,9.810333551340745e-05,0.0,0.0,0.0,0.0,0.0,0.0,0.0,0.0,0.0,0.0,0.0,0.0,0.0,0.0,0.0,0.0,0.0,0.0,0.0,0.0,0.0,0.0,0.0,0.0,0.0,0.0,0.0,0.0,0.0,0.0,0.0,0.0,0.0,0.0,0.0,0.0,0.0,0.0,0.0,0.0,0.0,nan,nan,4.1388343156516045,2.9241186073836096,nan,0.9345309287495215,0.022808059401029927,0.0,0.0,0.0,0.0,0.0,0.0,0.0,0.0,0.0,0.0,0.0,0.0,0.0,0.0,0.0,0.0,0.0,0.0,0.0,0.0,0.0,0.0,0.0,0.0,0.0,0.0,2.0921544209215446,12.552926525529267,13.026151930261522,2.3287671232876717,0.9342638976098858,0.0232194466116212,0.0,0.0,0.0,0.0,0.0,0.0,0.0,0.0,0.0,0.0,0.0,0.0,0.0,0.0,0.0,0.0,0.0,0.0,0.0,0.0,0.0,0.0,0.0,0.0,0.0,0.08264462809917357,2.1212121212121215,12.162534435261712,13.19559228650138,2.4380165289256204,0.401,0.01206,0.0,0.0,0.0,0.0,0.0,0.0,0.0,0.0,0.0,0.0,0.09962640099626403,14.396014943960129,15.305105853051062,0.19925280199252807,0.0,0.0,0.0,0.0,0.0,0.0,0.0,0.0,0.0,0.0,0.0,0.0,0.0,0.0,0.0,0.0,0.4011,0.01239,0.0,0.0,0.0,0.0,0.0,0.0,0.0,0.0,0.0,0.0,0.041322314049586785,13.81542699724516,16.00550964187328,0.13774104683195595,0.0,0.0,0.0,0.0,0.0,0.0,0.0,0.0,0.0,0.0,0.0,0.0,0.0,0.0,0.0,0.0
79600,4281,2200,0.5138986218173324,1048,852,0.4438215370240598,1169,0.5461340808222378,0.4400000000000001,3.0543008169149446,3.188975483769505,6.738831615120275,2.186455653700395,9512.892548469983,1614.3759348713886,7853.0,11083.0,11083.0,0.0,7853.0,0.0,28.016351319785098,20.90252153550635,32.870288248337026,19.181876138707775,0.13594954449894883,0.10021023125437982,0.09857509927587012,0.08642840457836953,0.07848633496846531,0.0717122167717823,0.06820836253211866,0.06844195281476291,0.05489371642139687,0.05255781359495445,0.051156271899089,0.04064470918009811,0.0306003270263957,0.024760569960289653,0.020555944872693296,0.010745153001635132,0.006073347348750292,0.9341815094111318,0.023148079073528643,0.0,0.0,0.0,0.0,0.0,0.0,0.0,0.0,0.0,0.0,0.0,0.0,0.0,0.0,0.0,0.0,0.0,0.0,0.0,0.0,0.0,0.0,0.0,0.0,0.0,0.05606166783461809,2.0322354590049057,12.43868255080589,13.083391730903998,2.389628591450596,4.350109409190372,2.9446569798695643,nan,nan,nan,4.344580043072505,2.9807472166161326,4.355819125277984,2.906908366112437,1.0025869202763107,0.4014,0.01214,0.0,0.0,0.0,0.0,0.0,0.0,0.0,0.0,0.0,0.0,0.042046250875963566,13.517869656622265,16.313945339873865,0.1261387526278907,0.0,0.0,0.0,0.0,0.0,0.0,0.0,0.0,0.0,0.0,0.0,0.0,0.0,0.0,0.0,0.0,nan,nan,4.350109409190372,2.9446569798695643,nan,0.4014,0.06192,0.0,0.0,0.0,0.0,0.0,0.0,0.0,0.0,0.0,0.0,0.0,0.0,0.0,0.0,0.0,0.0,0.0,0.0,0.0,0.0,0.0006657323055360897,0.0052324223312310205,0.0028381219341275404,0.001179630927353422,0.003644008409250175,0.0008642840457836954,0.004543330997430507,0.0014716187806587246,0.007182901191310442,0.009857509927587013,0.024562018220042045,0.010172856809156739,0.03565755664564354,0.029607568325157672,0.046636299929922916,0.06751927119831815,0.03847231955150666,0.05727633730436814,0.05690259285213735,0.05122634898388227,0.06894417192244802,0.05610838589114693,0.08188507358093904,0.07957252978276104,0.013980378416257884,0.03561083858911469,0.03615977575332866,0.020053725765008176,0.04939266526512497,0.04217472553141789,0.03023826208829713,0.009086661994861014,0.006073347348750292,0.0030717122167717823,0.003877598691894417,0.001635131978509694,0.005501051156271899,0.0006306937631394534,0.0002569493109086662,0.000233590282644242,0.0,0.0,0.0,0.0,0.0,0.0,0.0,0.0,0.0,0.0,0.0,0.0,0.0,0.0,0.0,0.0,0.0,0.0,0.0,0.0,0.0,0.0,0.0,0.0,0.0,0.0,0.0,0.0,0.0,0.0,0.0,0.0,0.0,0.0,0.0,0.0,0.0,0.0,0.0,0.0,0.0,nan,nan,4.350109409190372,2.9446569798695643,nan,0.9344228448109193,0.02349770936224239,0.0,0.0,0.0,0.0,0.0,0.0,0.0,0.0,0.0,0.0,0.0,0.0,0.0,0.0,0.0,0.0,0.0,0.0,0.0,0.0,0.0,0.0,0.0,0.0,0.0,0.02727272727272728,2.181818181818182,12.24545454545455,12.913636363636368,2.6318181818181823,0.9339263734767095,0.022769837825142244,0.0,0.0,0.0,0.0,0.0,0.0,0.0,0.0,0.0,0.0,0.0,0.0,0.0,0.0,0.0,0.0,0.0,0.0,0.0,0.0,0.0,0.0,0.0,0.0,0.0,0.08649687650168189,1.8740989908697745,12.642960115329172,13.26285439692456,2.13358962037482,0.4016,0.01215,0.0,0.0,0.0,0.0,0.0,0.0,0.0,0.0,0.0,0.0,0.05454545454545456,13.431818181818162,16.377272727272732,0.13636363636363638,0.0,0.0,0.0,0.0,0.0,0.0,0.0,0.0,0.0,0.0,0.0,0.0,0.0,0.0,0.0,0.0,0.4014,0.012115,0.0,0.0,0.0,0.0,0.0,0.0,0.0,0.0,0.0,0.0,0.0288322921672273,13.608841902931264,16.246996636232584,0.1153291686689092,0.0,0.0,0.0,0.0,0.0,0.0,0.0,0.0,0.0,0.0,0.0,0.0,0.0,0.0,0.0,0.0
79700,4537,2357,0.5195062816839321,1147,917,0.45492616266255237,1290,0.5686577033281904,0.4000000000000001,2.9972477064220184,3.099273626518966,6.656597774244833,1.982364664970475,9531.0052898391,1613.7705330846425,7853.0,11083.0,11083.0,0.0,7853.0,0.0,28.484461097641613,20.874960478647537,33.320385818561,19.064658967324952,0.13400925721842627,0.09653956358827419,0.0901476746748953,0.08595988538681948,0.08199250606127396,0.07383733744765264,0.07031077804716773,0.06634339872162222,0.057967820145470576,0.054441260744985676,0.050914701344500775,0.04231871280581882,0.030636984791712587,0.028432885166409523,0.019616486665197268,0.009918448313863787,0.0066122988759091915,0.9337617117900903,0.023199351136323935,0.0,0.0,0.0,0.0,0.0,0.0,0.0,0.0,0.0,0.0,0.0,0.0,0.0,0.0,0.0,0.0,0.0,0.0,0.0,0.0,0.0,0.0,0.0,0.0,0.0,0.04628609213136435,2.1754463301741245,12.622878554110649,12.847696715891562,2.307692307692308,4.176018704074816,2.9052182879982293,nan,nan,nan,4.179435483870968,2.874280032082281,4.172642762284196,2.935462625306691,0.9983747274929866,0.401,0.01199,0.0,0.0,0.0,0.0,0.0,0.0,0.0,0.0,0.0,0.0,0.059510689883182734,14.097421203438374,15.684372933656604,0.15869517302182062,0.0,0.0,0.0,0.0,0.0,0.0,0.0,0.0,0.0,0.0,0.0,0.0,0.0,0.0,0.0,0.0,nan,nan,4.176018704074816,2.9052182879982293,nan,0.401,0.0616,0.0,0.0,0.0,0.0,0.0,0.0,0.0,0.0,0.0,0.0,0.0,0.0,0.0,0.0,0.0,0.0,0.0,0.0,0.0,2.2040996253030636e-05,0.000551024906325766,0.0054110645801190215,0.002810227022261406,0.0010579678201454706,0.0033392109323341413,0.000760414370729557,0.00414370729556976,0.0015318492395856292,0.006953934317831166,0.009852325325104695,0.026735728454926163,0.010370288737050915,0.03464844610976416,0.029501873484681508,0.04691426052457571,0.06649768569539344,0.039343178311659684,0.05730659025787966,0.05800088163985012,0.05383513334802733,0.07233854970244655,0.055400044081992506,0.08291822790390126,0.07626184703548601,0.013720520167511572,0.03504518404231871,0.036125192858717216,0.02097200793475865,0.04699140401146132,0.04075380207185365,0.029105135552126956,0.008441701564910734,0.007582102711042539,0.0025898170597310997,0.003879215340533392,0.002182058629050033,0.0050473881419440154,0.00039673793255455146,0.00039673793255455146,0.00026449195503636764,0.0,0.0,0.0,0.0,0.0,0.0,0.0,0.0,0.0,0.0,0.0,0.0,0.0,0.0,0.0,0.0,0.0,0.0,0.0,0.0,0.0,0.0,0.0,0.0,0.0,0.0,0.0,0.0,0.0,0.0,0.0,0.0,0.0,0.0,0.0,0.0,0.0,0.0,0.0,0.0,0.0,nan,nan,4.176018704074816,2.9052182879982293,nan,0.9336855382195053,0.023292661014726657,0.0,0.0,0.0,0.0,0.0,0.0,0.0,0.0,0.0,0.0,0.0,0.0,0.0,0.0,0.0,0.0,0.0,0.0,0.0,0.0,0.0,0.0,0.0,0.0,0.0,0.0509121764955452,2.138311412812898,12.855324565125162,12.626219770895208,2.3292320746711925,0.9338440700955347,0.023097758455143818,0.0,0.0,0.0,0.0,0.0,0.0,0.0,0.0,0.0,0.0,0.0,0.0,0.0,0.0,0.0,0.0,0.0,0.0,0.0,0.0,0.0,0.0,0.0,0.0,0.0,0.04128440366972478,2.21559633027523,12.371559633027527,13.087155963302756,2.284403669724771,0.4016,0.01202,0.0,0.0,0.0,0.0,0.0,0.0,0.0,0.0,0.0,0.0,0.038184132371658894,13.695375477301635,16.062791684344507,0.2036487059821808,0.0,0.0,0.0,0.0,0.0,0.0,0.0,0.0,0.0,0.0,0.0,0.0,0.0,0.0,0.0,0.0,0.4004,0.01193,0.0,0.0,0.0,0.0,0.0,0.0,0.0,0.0,0.0,0.0,0.08256880733944956,14.532110091743098,15.27522935779817,0.11009174311926608,0.0,0.0,0.0,0.0,0.0,0.0,0.0,0.0,0.0,0.0,0.0,0.0,0.0,0.0,0.0,0.0
79800,4708,2431,0.5163551401869159,1155,983,0.4541206457094308,1334,0.566694987255735,0.4040000000000001,2.928414580588494,3.0713468594805557,6.558292282430213,2.111887001246135,9520.827102803738,1614.1357740937915,7853.0,11083.0,11083.0,0.0,7853.0,0.0,27.738317757009344,20.674232170618936,32.73972602739726,18.87135652608146,0.143160577740017,0.09791843670348344,0.0911214953271028,0.0872982158028887,0.08389974511469839,0.07200509770603229,0.0713678844519966,0.06159728122344945,0.06159728122344945,0.05437553101104503,0.04736618521665251,0.03908241291418862,0.03271028037383177,0.0237892948173322,0.017629566694987255,0.00913338997451147,0.00594732370433305,0.9338746930242294,0.023299604014897217,0.0,0.0,0.0,0.0,0.0,0.0,0.0,0.0,0.0,0.0,0.0,0.0,0.0,0.0,0.0,0.0,0.0,0.0,0.0,0.0,0.0,0.0,0.0,0.0,0.0,0.07009345794392524,2.1028037383177574,12.591333899745118,12.795242141036537,2.44052676295667,4.285290237467018,2.8877541433230363,nan,nan,nan,4.271767810026385,2.8244633905874146,4.2988126649076515,2.9496252012251314,1.00633106856084,0.4014,0.01177,0.0,0.0,0.0,0.0,0.0,0.0,0.0,0.0,0.0,0.0,0.057349192863211565,13.655480033984686,16.204333050127445,0.08283772302463893,0.0,0.0,0.0,0.0,0.0,0.0,0.0,0.0,0.0,0.0,0.0,0.0,0.0,0.0,0.0,0.0,nan,nan,4.285290237467018,2.8877541433230363,nan,0.4014,0.06073,0.0,0.0,0.0,0.0,0.0,0.0,0.0,0.0,0.0,0.0,0.0,0.0,0.0,0.0,0.0,0.0,0.0,0.0,0.0,0.0,0.0003929481733220051,0.00493840271877655,0.0026869158878504674,0.0005947323704333051,0.002538232795242141,0.000870858113848768,0.0038232795242141037,0.001582412914188615,0.007147408666100255,0.010641461342395922,0.024129141886151232,0.012128292268479184,0.0330607476635514,0.02735768903993203,0.04480671197960918,0.06820305862361938,0.03885938827527612,0.0562553101104503,0.05818819031435854,0.05737043330501274,0.076624893797791,0.0578589634664401,0.0840696686491079,0.07714528462192013,0.014156754460492778,0.0348768054375531,0.03513169073916737,0.02102803738317757,0.043935853865760405,0.0379141886151232,0.03136151231945625,0.007476635514018692,0.007678419711129991,0.0029311809685641462,0.003812659303313509,0.0025807136788445198,0.004641036533559898,0.0004035683942225998,0.0005628717077315208,0.00023364485981308412,0.0,0.0,0.0,0.0,0.0,0.0,0.0,0.0,0.0,0.0,0.0,0.0,0.0,0.0,0.0,0.0,0.0,0.0,0.0,0.0,0.0,0.0,0.0,0.0,0.0,0.0,0.0,0.0,0.0,0.0,0.0,0.0,0.0,0.0,0.0,0.0,0.0,0.0,0.0,0.0,0.0,nan,nan,4.285290237467018,2.8877541433230363,nan,0.9338248920558363,0.022990705034675044,0.0,0.0,0.0,0.0,0.0,0.0,0.0,0.0,0.0,0.0,0.0,0.0,0.0,0.0,0.0,0.0,0.0,0.0,0.0,0.0,0.0,0.0,0.0,0.0,0.0,0.03702180172768409,2.196626902509256,12.735499794323326,12.686137392019749,2.3447141094199924,0.9339278621740597,0.02362482139152517,0.0,0.0,0.0,0.0,0.0,0.0,0.0,0.0,0.0,0.0,0.0,0.0,0.0,0.0,0.0,0.0,0.0,0.0,0.0,0.0,0.0,0.0,0.0,0.0,0.0,0.10540184453227934,2.0026350461133076,12.437417654808963,12.911725955204219,2.5428194993412387,0.4016,0.011665,0.0,0.0,0.0,0.0,0.0,0.0,0.0,0.0,0.0,0.0,0.04936240230357879,13.340189222542143,16.511723570547105,0.09872480460715757,0.0,0.0,0.0,0.0,0.0,0.0,0.0,0.0,0.0,0.0,0.0,0.0,0.0,0.0,0.0,0.0,0.4011,0.01188,0.0,0.0,0.0,0.0,0.0,0.0,0.0,0.0,0.0,0.0,0.06587615283267459,13.992094861660059,15.876152832674576,0.06587615283267459,0.0,0.0,0.0,0.0,0.0,0.0,0.0,0.0,0.0,0.0,0.0,0.0,0.0,0.0,0.0,0.0
79900,4721,2438,0.51641601355645,1144,931,0.43952552425333613,1283,0.5435289133658123,0.4120000000000001,2.861585632939115,3.071940825931383,6.565428109854604,2.1116264668023805,9521.023723787333,1614.1293271345157,7853.0,11083.0,11083.0,0.0,7853.0,0.0,27.40182164795594,20.80552543565383,32.30048016173869,19.171833339645875,0.14213090446939208,0.10379156958271553,0.0997669985172633,0.08790510485066723,0.08176233848760855,0.07244227917814022,0.06375767845795383,0.06524041516627833,0.05634399491633128,0.053166701969921626,0.04469392077949587,0.03812751535691591,0.0313492904045753,0.023935606862952763,0.01821647955941538,0.009955517898750264,0.0074136835416225375,0.9347701284673804,0.023055298415380135,0.0,0.0,0.0,0.0,0.0,0.0,0.0,0.0,0.0,0.0,0.0,0.0,0.0,0.0,0.0,0.0,0.0,0.0,0.0,0.0,0.0,0.0,0.0,0.0,0.0,0.05083668714255456,2.0970133446303754,12.029231095106972,13.255666172421101,2.567252700699005,4.26671145448438,2.8862799110511883,nan,nan,nan,4.26559356136821,2.8899818808129845,4.265993265993266,2.8826583153259104,1.0000937043389873,0.401,0.01195,0.0,0.0,0.0,0.0,0.0,0.0,0.0,0.0,0.0,0.0,0.06354585892819319,13.96102520652402,15.816564287227285,0.15886464732048297,0.0,0.0,0.0,0.0,0.0,0.0,0.0,0.0,0.0,0.0,0.0,0.0,0.0,0.0,0.0,0.0,nan,nan,4.26671145448438,2.8862799110511883,nan,0.401,0.0614,0.0,0.0,0.0,0.0,0.0,0.0,0.0,0.0,0.0,0.0,0.0,0.0,0.0,0.0,0.0,0.0,0.0,0.0,0.0,0.0,0.0006036856598178352,0.005126032620207583,0.0023935606862952766,0.0006248676127938996,0.002912518534208854,0.0010908705782673163,0.005454352891336581,0.0016521923321330227,0.008059733107392502,0.01036856598178352,0.02487820377038763,0.011067570429993645,0.033838169879262865,0.02381910612158441,0.04392077949586952,0.07066299512815082,0.040277483583986445,0.05844100826096166,0.058737555602626564,0.05693708959966109,0.07585257360728659,0.055708536327049356,0.08202711289980937,0.07584198263079855,0.013344630374920568,0.034272399915272186,0.03574454564710866,0.01996399067994069,0.042840499894090237,0.039652615971192545,0.03216479559415378,0.00761491209489515,0.008419826307985595,0.0026795170514721457,0.004734166490150392,0.002192332133022665,0.004808303325566617,0.000593094683329803,0.00042363905952128787,0.0002541834357127727,0.0,0.0,0.0,0.0,0.0,0.0,0.0,0.0,0.0,0.0,0.0,0.0,0.0,0.0,0.0,0.0,0.0,0.0,0.0,0.0,0.0,0.0,0.0,0.0,0.0,0.0,0.0,0.0,0.0,0.0,0.0,0.0,0.0,0.0,0.0,0.0,0.0,0.0,0.0,0.0,0.0,nan,nan,4.26671145448438,2.8862799110511883,nan,0.9349905747043197,0.023349112575615703,0.0,0.0,0.0,0.0,0.0,0.0,0.0,0.0,0.0,0.0,0.0,0.0,0.0,0.0,0.0,0.0,0.0,0.0,0.0,0.0,0.0,0.0,0.0,0.0,0.0,0.036915504511895,2.0672682526661204,12.009844134536507,13.191140278917148,2.6948318293683355,0.9345347154469433,0.022734984569884924,0.0,0.0,0.0,0.0,0.0,0.0,0.0,0.0,0.0,0.0,0.0,0.0,0.0,0.0,0.0,0.0,0.0,0.0,0.0,0.0,0.0,0.0,0.0,0.0,0.0,0.06570302233902761,2.1287779237844946,12.049934296977664,13.3245729303548,2.4310118265440215,0.4011,0.011986,0.0,0.0,0.0,0.0,0.0,0.0,0.0,0.0,0.0,0.0,0.07383100902379,13.89253486464313,15.86136177194422,0.17227235438884336,0.0,0.0,0.0,0.0,0.0,0.0,0.0,0.0,0.0,0.0,0.0,0.0,0.0,0.0,0.0,0.0,0.401,0.0119,0.0,0.0,0.0,0.0,0.0,0.0,0.0,0.0,0.0,0.0,0.05256241787122209,14.034165571616274,15.768725361366625,0.14454664914586074,0.0,0.0,0.0,0.0,0.0,0.0,0.0,0.0,0.0,0.0,0.0,0.0,0.0,0.0,0.0,0.0
80000,4643,2343,0.5046306267499462,1105,938,0.4400172302390696,1307,0.5629980615981047,0.4240000000000001,2.9517391304347824,3.092884051825096,6.477134146341464,2.1779301163629783,9482.956924402326,1614.9307385805816,7853.0,11083.0,11083.0,0.0,7853.0,0.0,28.085505061382726,20.94436932949012,33.22454240783707,19.078199095639572,0.14494938617273315,0.09325866896403187,0.09735085074305407,0.0831359035106612,0.07365927202239932,0.08033598966185655,0.06590566444109412,0.05965970277837605,0.06138272668533276,0.05276760715054921,0.051475339220331685,0.044583243592504845,0.030368296360111995,0.027568382511307346,0.01615334912771915,0.010553521430109843,0.0068920956278268365,0.9335778930976476,0.023120615935038887,0.0,0.0,0.0,0.0,0.0,0.0,0.0,0.0,0.0,0.0,0.0,0.0,0.0,0.0,0.0,0.0,0.0,0.0,0.0,0.0,0.0,0.0,0.0,0.0,0.0,0.09692009476631491,2.035321990092613,12.806375188455743,12.625457678225288,2.4359250484600476,4.301475519785379,2.8597893054911916,nan,nan,nan,4.3268586738111185,2.859572585168291,4.274865591397849,2.8603918227725007,0.987983642098605,0.401,0.01236,0.0,0.0,0.0,0.0,0.0,0.0,0.0,0.0,0.0,0.0,0.0839974154641396,14.001723023906937,15.772130088304978,0.14214947232392852,0.0,0.0,0.0,0.0,0.0,0.0,0.0,0.0,0.0,0.0,0.0,0.0,0.0,0.0,0.0,0.0,nan,nan,4.301475519785379,2.8597893054911916,nan,0.401,0.06195,0.0,0.0,0.0,0.0,0.0,0.0,0.0,0.0,0.0,0.0,0.0,0.0,0.0,0.0,0.0,0.0,0.0,0.0,0.0,1.0768899418479431e-05,0.0006784406633642042,0.005276760715054922,0.0026060736592720224,0.00039844927848373894,0.0027137626534568166,0.001173810036614258,0.004092181779022184,0.0017660995046306267,0.009024337712685763,0.010521214731854404,0.02462847297006246,0.011705793667887142,0.034869696317036396,0.024886926556105967,0.04300021537798837,0.07328236054275253,0.040771053198363126,0.06060736592720224,0.05760284298944648,0.05665517984062029,0.07358388972646995,0.056805944432479,0.08149903079905234,0.07320697824682318,0.013342666379496016,0.03368511738100366,0.03416971785483523,0.017144087874219255,0.04244023260822744,0.037906525953047596,0.034578936032737456,0.00817359465862589,0.009584320482446694,0.002886065044152488,0.005524445401679948,0.0029506784406633643,0.0049213870342451,0.0004630626749946156,0.0005599827697609304,0.00030152918371742407,0.0,0.0,0.0,0.0,0.0,0.0,0.0,0.0,0.0,0.0,0.0,0.0,0.0,0.0,0.0,0.0,0.0,0.0,0.0,0.0,0.0,0.0,0.0,0.0,0.0,0.0,0.0,0.0,0.0,0.0,0.0,0.0,0.0,0.0,0.0,0.0,0.0,0.0,0.0,0.0,0.0,nan,nan,4.301475519785379,2.8597893054911916,nan,0.9338778212342158,0.023028024195103504,0.0,0.0,0.0,0.0,0.0,0.0,0.0,0.0,0.0,0.0,0.0,0.0,0.0,0.0,0.0,0.0,0.0,0.0,0.0,0.0,0.0,0.0,0.0,0.0,0.0,0.0768245838668374,1.8822023047375165,12.880921895006406,12.765685019206149,2.394366197183099,0.933272357608961,0.023210574307371633,0.0,0.0,0.0,0.0,0.0,0.0,0.0,0.0,0.0,0.0,0.0,0.0,0.0,0.0,0.0,0.0,0.0,0.0,0.0,0.0,0.0,0.0,0.0,0.0,0.0,0.11739130434782612,2.191304347826087,12.730434782608699,12.482608695652177,2.4782608695652177,0.4011,0.012276,0.0,0.0,0.0,0.0,0.0,0.0,0.0,0.0,0.0,0.0,0.0768245838668374,13.674775928297034,16.094750320102435,0.1536491677336748,0.0,0.0,0.0,0.0,0.0,0.0,0.0,0.0,0.0,0.0,0.0,0.0,0.0,0.0,0.0,0.0,0.4006,0.01245,0.0,0.0,0.0,0.0,0.0,0.0,0.0,0.0,0.0,0.0,0.09130434782608698,14.33478260869563,15.443478260869568,0.13043478260869568,0.0,0.0,0.0,0.0,0.0,0.0,0.0,0.0,0.0,0.0,0.0,0.0,0.0,0.0,0.0,0.0
80100,4653,2393,0.5142918547173866,1140,930,0.4448742746615087,1267,0.544594885020417,0.4480000000000001,2.9314159292035398,3.1516514472101784,6.747474747474747,2.2035024202457727,9514.16269073716,1614.3401147168167,7853.0,11083.0,11083.0,0.0,7853.0,0.0,27.486997635933808,20.59100176841787,32.474157881203396,18.845582824487437,0.14012465076294864,0.10401891252955082,0.09757145927358693,0.0836019772189985,0.08059316569954868,0.07801418439716312,0.0655491081022996,0.06318504190844616,0.0627552116913819,0.04792606920266495,0.046851493660004295,0.04513217279174726,0.03309692671394799,0.02256608639587363,0.013754566946056307,0.010101010101010102,0.0051579626047711154,0.9336916571941372,0.023136232353214714,0.0,0.0,0.0,0.0,0.0,0.0,0.0,0.0,0.0,0.0,0.0,0.0,0.0,0.0,0.0,0.0,0.0,0.0,0.0,0.0,0.0,0.0,0.0,0.0,0.0,0.07092198581560286,2.147001934235977,12.798194713088334,12.656350741457128,2.327530625402966,4.294018249408584,2.928470455751784,nan,nan,nan,4.367046215673141,2.956580032428029,4.219795221843003,2.898655206444443,0.9662813291735589,0.401,0.01224,0.0,0.0,0.0,0.0,0.0,0.0,0.0,0.0,0.0,0.0,0.04513217279174727,14.32624113475175,15.538362346872988,0.09026434558349454,0.0,0.0,0.0,0.0,0.0,0.0,0.0,0.0,0.0,0.0,0.0,0.0,0.0,0.0,0.0,0.0,nan,nan,4.294018249408584,2.928470455751784,nan,0.401,0.06177,0.0,0.0,0.0,0.0,0.0,0.0,0.0,0.0,0.0,0.0,0.0,0.0,0.0,0.0,0.0,0.0,0.0,0.0,0.0,0.0,0.0004943047496238985,0.004932301740812379,0.0026649473457984094,0.00036535568450462067,0.0025037610143993122,0.001139050075220288,0.004029658284977434,0.0019019987105093489,0.008467655276165914,0.011401246507629486,0.02584354180098861,0.01135826348592306,0.035493230174081236,0.02324306898774984,0.04297227595099935,0.07403825488931871,0.04225231033741672,0.06096067053513862,0.055276165914463785,0.058553621319578766,0.07122286696754782,0.0546314205888674,0.07899204814098432,0.07453255963894262,0.013453685794111325,0.03503116269073716,0.0362669245647969,0.018439716312056736,0.0420481409843112,0.04022136256178809,0.0349344508918977,0.008392434988179669,0.007156673114119922,0.0030625402965828497,0.0058349451966473245,0.0023963034601332473,0.004201590371803138,0.0004620674833440791,0.0002901353965183752,0.0005372877713303245,0.0,0.0,0.0,0.0,0.0,0.0,0.0,0.0,0.0,0.0,0.0,0.0,0.0,0.0,0.0,0.0,0.0,0.0,0.0,0.0,0.0,0.0,0.0,0.0,0.0,0.0,0.0,0.0,0.0,0.0,0.0,0.0,0.0,0.0,0.0,0.0,0.0,0.0,0.0,0.0,0.0,nan,nan,4.294018249408584,2.928470455751784,nan,0.9341660673479829,0.023107719672041848,0.0,0.0,0.0,0.0,0.0,0.0,0.0,0.0,0.0,0.0,0.0,0.0,0.0,0.0,0.0,0.0,0.0,0.0,0.0,0.0,0.0,0.0,0.0,0.0,0.0,0.0877559548683661,1.9306310071040538,12.849979105725035,12.586711241119936,2.544922691182616,0.9331893282126537,0.023155792744526286,0.0,0.0,0.0,0.0,0.0,0.0,0.0,0.0,0.0,0.0,0.0,0.0,0.0,0.0,0.0,0.0,0.0,0.0,0.0,0.0,0.0,0.0,0.0,0.0,0.0,0.053097345132743376,2.3761061946902657,12.743362831858411,12.730088495575224,2.097345132743363,0.401,0.0124,0.0,0.0,0.0,0.0,0.0,0.0,0.0,0.0,0.0,0.0,0.02507312996239031,14.50480568324277,15.36982866694526,0.10029251984956124,0.0,0.0,0.0,0.0,0.0,0.0,0.0,0.0,0.0,0.0,0.0,0.0,0.0,0.0,0.0,0.0,0.401,0.01207,0.0,0.0,0.0,0.0,0.0,0.0,0.0,0.0,0.0,0.0,0.06637168141592921,14.1371681415929,15.716814159292039,0.07964601769911506,0.0,0.0,0.0,0.0,0.0,0.0,0.0,0.0,0.0,0.0,0.0,0.0,0.0,0.0,0.0,0.0
80200,4658,2438,0.523400601116359,1185,944,0.45706311721769,1338,0.5744954916273078,0.35600000000000004,2.9283783783783783,2.8349183824597457,5.838983050847458,2.038348474264787,9543.583941605839,1613.230320745096,7853.0,11083.0,11083.0,0.0,7853.0,0.0,29.600472305710607,21.11737769763536,34.35985897758751,19.207732388564498,0.12451696006869901,0.10068699012451696,0.07835981107771575,0.08072133963074281,0.068699012451696,0.07728638900815801,0.07556891369686561,0.07084585659081151,0.06655216831258051,0.061399742378703305,0.046371833404894806,0.04486904250751395,0.0347788750536711,0.030914555603263203,0.017818806354658653,0.01180764276513525,0.008802060970373551,0.9332742730068413,0.02309614464902219,0.0,0.0,0.0,0.0,0.0,0.0,0.0,0.0,0.0,0.0,0.0,0.0,0.0,0.0,0.0,0.0,0.0,0.0,0.0,0.0,0.0,0.0,0.0,0.0,0.0,0.05796479175611852,2.2863890081580083,12.488192357234867,13.003434950622587,2.1640188922284245,3.9522445081184334,2.6402003650472428,nan,nan,nan,3.9522900763358777,2.6432762840497954,3.9521988527724665,2.637114965924713,0.9999769188086782,0.4006,0.01214,0.0,0.0,0.0,0.0,0.0,0.0,0.0,0.0,0.0,0.0,0.08372692142550453,14.4074710176041,15.405753542292832,0.10304851867754404,0.0,0.0,0.0,0.0,0.0,0.0,0.0,0.0,0.0,0.0,0.0,0.0,0.0,0.0,0.0,0.0,nan,nan,3.9522445081184334,2.6402003650472428,nan,0.4006,0.06204,0.0,0.0,0.0,0.0,0.0,0.0,0.0,0.0,0.0,0.0,0.0,0.0,0.0,0.0,0.0,0.0,0.0,0.0,0.0,4.2936882782310004e-05,0.0006440532417346501,0.0044010304851867755,0.002544010304851868,0.0006440532417346501,0.0023829969944182054,0.0009768140832975526,0.003767711464147703,0.002801631601545728,0.006730356376127093,0.01203306139974238,0.02762988407041649,0.010573207385143838,0.038085015027908974,0.024259338772005153,0.04436453413482181,0.07381923572348648,0.04343065693430657,0.06082009446114212,0.052039501932159726,0.05949978531558609,0.06942893945899528,0.05283383426363246,0.0785744954916273,0.07484972091026192,0.014362387290682696,0.03496135680549592,0.03492915414340919,0.018076427651352513,0.04186346071275225,0.03922284242164019,0.03544439673679691,0.007889652211249463,0.008576642335766424,0.003767711464147703,0.00571060541004723,0.0026191498497209103,0.0037462430227565477,0.000794332331472735,0.00013954486904250752,0.0007084585659081151,0.0,1.0734220695577501e-05,0.0,0.0,0.0,0.0,0.0,0.0,0.0,0.0,0.0,0.0,0.0,0.0,0.0,0.0,0.0,0.0,0.0,0.0,0.0,0.0,0.0,0.0,0.0,0.0,0.0,0.0,0.0,0.0,0.0,0.0,0.0,0.0,0.0,0.0,0.0,0.0,0.0,0.0,0.0,nan,nan,3.9522445081184334,2.6402003650472428,nan,0.9332960271708197,0.022886612751805424,0.0,0.0,0.0,0.0,0.0,0.0,0.0,0.0,0.0,0.0,0.0,0.0,0.0,0.0,0.0,0.0,0.0,0.0,0.0,0.0,0.0,0.0,0.0,0.0,0.0,0.07383100902379,2.116488925348647,12.526661197703039,13.166529942575885,2.116488925348647,0.933250382623157,0.023324060258067963,0.0,0.0,0.0,0.0,0.0,0.0,0.0,0.0,0.0,0.0,0.0,0.0,0.0,0.0,0.0,0.0,0.0,0.0,0.0,0.0,0.0,0.0,0.0,0.0,0.0,0.04054054054054055,2.4729729729729732,12.44594594594595,12.824324324324328,2.2162162162162167,0.401,0.012085,0.0,0.0,0.0,0.0,0.0,0.0,0.0,0.0,0.0,0.0,0.08613617719442168,14.237079573420816,15.602953240360955,0.07383100902379,0.0,0.0,0.0,0.0,0.0,0.0,0.0,0.0,0.0,0.0,0.0,0.0,0.0,0.0,0.0,0.0,0.4006,0.0122,0.0,0.0,0.0,0.0,0.0,0.0,0.0,0.0,0.0,0.0,0.0810810810810811,14.594594594594573,15.189189189189193,0.13513513513513517,0.0,0.0,0.0,0.0,0.0,0.0,0.0,0.0,0.0,0.0,0.0,0.0,0.0,0.0,0.0,0.0
80300,4084,2079,0.5090597453476984,945,879,0.44662095984329087,1176,0.5759059745347699,0.4240000000000001,2.946134663341646,3.120216641852009,6.654850746268656,2.185923157924402,9497.262977473065,1614.734863112025,7853.0,11083.0,11083.0,0.0,7853.0,0.0,27.507590597453476,20.701689124042776,32.63892972655101,18.882578758362857,0.14715964740450538,0.0969637610186092,0.09329089128305583,0.08986287952987268,0.08153770812928501,0.06856023506366307,0.07076395690499511,0.06758080313418217,0.05754162585700294,0.053134182174338886,0.045788442703232124,0.03868756121449559,0.03379040156709109,0.024485798237022526,0.01346718903036239,0.009794319294809012,0.0075905974534769835,0.9335507043545206,0.023427981404808944,0.0,0.0,0.0,0.0,0.0,0.0,0.0,0.0,0.0,0.0,0.0,0.0,0.0,0.0,0.0,0.0,0.0,0.0,0.0,0.0,0.0,0.0,0.0,0.0,0.0,0.05142017629774732,2.3065621939275225,12.67140058765916,12.4951028403526,2.475514201762978,4.327077747989276,2.883588157137491,nan,nan,nan,4.387708649468892,2.896400476605606,4.265274555297757,2.8691509084478146,0.9720961203324302,0.4001,0.01211,0.0,0.0,0.0,0.0,0.0,0.0,0.0,0.0,0.0,0.0,0.07345739471106759,14.750244857982349,15.07345739471107,0.10284035259549464,0.0,0.0,0.0,0.0,0.0,0.0,0.0,0.0,0.0,0.0,0.0,0.0,0.0,0.0,0.0,0.0,nan,nan,4.327077747989276,2.883588157137491,nan,0.4001,0.0626,0.0,0.0,0.0,0.0,0.0,0.0,0.0,0.0,0.0,0.0,0.0,0.0,0.0,0.0,0.0,0.0,0.0,0.0,0.0,0.00012242899118511264,0.0011018609206660138,0.00512977473065622,0.0023873653281096963,0.0009304603330068561,0.0026934378060724778,0.0007468168462291871,0.004223800195886386,0.003072967678746327,0.007970127326150832,0.011789911851126347,0.02624877571008815,0.010712536728697356,0.03927522037218413,0.024571498530852106,0.04212781586679726,0.07322477962781587,0.042690989226248775,0.0616307541625857,0.05308521057786484,0.0609818805093046,0.0705435847208619,0.05153036238981391,0.0757590597453477,0.07616307541625857,0.014507835455435847,0.03339862879529873,0.03729187071498531,0.016931929480901078,0.04139324191968658,0.037475514201762976,0.03527179236043095,0.007064152791380999,0.009071988246816846,0.003954456415279138,0.006439764936336924,0.0026077375122428993,0.00416258570029383,0.0011385896180215475,0.00020812928501469147,0.0003672869735553379,0.0,0.0,0.0,0.0,0.0,0.0,0.0,0.0,0.0,0.0,0.0,0.0,0.0,0.0,0.0,0.0,0.0,0.0,0.0,0.0,0.0,0.0,0.0,0.0,0.0,0.0,0.0,0.0,0.0,0.0,0.0,0.0,0.0,0.0,0.0,0.0,0.0,0.0,0.0,0.0,0.0,nan,nan,4.327077747989276,2.883588157137491,nan,0.9334758326604768,0.023344205812665098,0.0,0.0,0.0,0.0,0.0,0.0,0.0,0.0,0.0,0.0,0.0,0.0,0.0,0.0,0.0,0.0,0.0,0.0,0.0,0.0,0.0,0.0,0.0,0.0,0.0,0.043290043290043295,2.27994227994228,12.943722943722948,12.178932178932182,2.5541125541125544,0.9336283393928833,0.023514282012791123,0.0,0.0,0.0,0.0,0.0,0.0,0.0,0.0,0.0,0.0,0.0,0.0,0.0,0.0,0.0,0.0,0.0,0.0,0.0,0.0,0.0,0.0,0.0,0.0,0.0,0.05985037406483792,2.3341645885286786,12.38902743142145,12.822942643391524,2.3940149625935168,0.4001,0.011856,0.0,0.0,0.0,0.0,0.0,0.0,0.0,0.0,0.0,0.0,0.07215007215007216,14.559884559884539,15.281385281385285,0.08658008658008659,0.0,0.0,0.0,0.0,0.0,0.0,0.0,0.0,0.0,0.0,0.0,0.0,0.0,0.0,0.0,0.0,0.4004,0.01236,0.0,0.0,0.0,0.0,0.0,0.0,0.0,0.0,0.0,0.0,0.0748129675810474,14.947630922693245,14.857855361596014,0.11970074812967584,0.0,0.0,0.0,0.0,0.0,0.0,0.0,0.0,0.0,0.0,0.0,0.0,0.0,0.0,0.0,0.0
80400,4232,2168,0.5122873345935728,1032,846,0.44376181474480153,1172,0.553875236294896,0.4040000000000001,2.8512596899224807,3.022472094241421,6.4089285714285715,2.0604071013926806,9507.68809073724,1614.5122655011428,7853.0,11083.0,11083.0,0.0,7853.0,0.0,28.224952741020793,20.956847851684994,33.11391694725028,19.22185547118611,0.1353969754253308,0.10160680529300567,0.09900756143667297,0.07821361058601134,0.07821361058601134,0.07679584120982987,0.06781663516068052,0.06805293005671077,0.05623818525519849,0.050330812854442346,0.0526937618147448,0.03946124763705104,0.03213610586011342,0.02717391304347826,0.018667296786389415,0.012051039697542534,0.006143667296786389,0.9337299152335508,0.023573882737984404,0.0,0.0,0.0,0.0,0.0,0.0,0.0,0.0,0.0,0.0,0.0,0.0,0.0,0.0,0.0,0.0,0.0,0.0,0.0,0.0,0.0,0.0,0.0,0.0,0.0,0.09215500945179587,2.1904536862003785,12.55434782608696,12.82372400756144,2.3393194706994334,4.218613138686131,2.8575709869098325,nan,nan,nan,4.1882783882783885,2.822283445942291,4.2487272727272725,2.891861341165742,1.0144328716586892,0.4001,0.01201,0.0,0.0,0.0,0.0,0.0,0.0,0.0,0.0,0.0,0.0,0.09215500945179587,14.631379962192796,15.17013232514178,0.10633270321361062,0.0,0.0,0.0,0.0,0.0,0.0,0.0,0.0,0.0,0.0,0.0,0.0,0.0,0.0,0.0,0.0,nan,nan,4.218613138686131,2.8575709869098325,nan,0.4001,0.063,0.0,0.0,0.0,0.0,0.0,0.0,0.0,0.0,0.0,0.0,0.0,0.0,0.0,0.0,0.0,0.0,0.0,0.0,4.725897920604915e-05,9.45179584120983e-05,0.0009806238185255198,0.006391776937618147,0.002055765595463138,0.0009097353497164461,0.003414461247637051,0.0007206994328922495,0.004241493383742911,0.0034262759924385635,0.00795132325141777,0.010302457466918715,0.027823724007561435,0.00992438563327032,0.040784499054820414,0.024243856332703213,0.041611531190926275,0.07045132325141777,0.042178638941398866,0.06176748582230624,0.05510396975425331,0.05907372400756144,0.06941162570888469,0.05565926275992439,0.07537807183364839,0.07359404536862003,0.014603024574669186,0.03285680529300567,0.03631852551984877,0.017757561436672967,0.03985113421550095,0.04044187145557656,0.035326086956521736,0.008223062381852553,0.0077977315689981095,0.0039106805293005675,0.007065217391304348,0.002185727788279773,0.004643194706994329,0.0011696597353497164,1.1814744801512288e-05,0.0002953686200378072,0.0,0.0,0.0,0.0,0.0,0.0,0.0,0.0,0.0,0.0,0.0,0.0,0.0,0.0,0.0,0.0,0.0,0.0,0.0,0.0,0.0,0.0,0.0,0.0,0.0,0.0,0.0,0.0,0.0,0.0,0.0,0.0,0.0,0.0,0.0,0.0,0.0,0.0,0.0,0.0,0.0,nan,nan,4.218613138686131,2.8575709869098325,nan,0.9339281399751501,0.0233652044153124,0.0,0.0,0.0,0.0,0.0,0.0,0.0,0.0,0.0,0.0,0.0,0.0,0.0,0.0,0.0,0.0,0.0,0.0,0.0,0.0,0.0,0.0,0.0,0.0,0.0,0.06918819188191883,1.9926199261992623,12.730627306273066,12.716789667896682,2.4907749077490777,0.9335217024235762,0.023789326322758833,0.0,0.0,0.0,0.0,0.0,0.0,0.0,0.0,0.0,0.0,0.0,0.0,0.0,0.0,0.0,0.0,0.0,0.0,0.0,0.0,0.0,0.0,0.0,0.0,0.0,0.11627906976744189,2.398255813953489,12.369186046511631,12.93604651162791,2.180232558139535,0.4004,0.01196,0.0,0.0,0.0,0.0,0.0,0.0,0.0,0.0,0.0,0.0,0.11070110701107014,14.626383763837616,15.166051660516608,0.09686346863468637,0.0,0.0,0.0,0.0,0.0,0.0,0.0,0.0,0.0,0.0,0.0,0.0,0.0,0.0,0.0,0.0,0.4001,0.012054,0.0,0.0,0.0,0.0,0.0,0.0,0.0,0.0,0.0,0.0,0.07267441860465118,14.636627906976724,15.174418604651166,0.11627906976744189,0.0,0.0,0.0,0.0,0.0,0.0,0.0,0.0,0.0,0.0,0.0,0.0,0.0,0.0,0.0,0.0
80500,4187,2166,0.5173155003582517,1029,864,0.4521136852161452,1187,0.5669930737998568,0.4080000000000001,2.954972785749629,3.0705785302435253,6.503521126760563,2.058130971202776,9523.929066157152,1614.0312696967146,7853.0,11083.0,11083.0,0.0,7853.0,0.0,28.071889180797708,20.870564297822057,33.00284090909091,19.101835136070022,0.13852400286601385,0.0979221399570098,0.09219011225220922,0.0859804155720086,0.08406973967040841,0.0759493670886076,0.07069500835920707,0.059469787437305945,0.05517076665870552,0.053260090757105326,0.0480057320277048,0.0439455457368044,0.03272032481490327,0.02579412467160258,0.018629090040601863,0.012419393360401243,0.005254358729400526,0.9336472797541849,0.023026660086166512,0.0,0.0,0.0,0.0,0.0,0.0,0.0,0.0,0.0,0.0,0.0,0.0,0.0,0.0,0.0,0.0,0.0,0.0,0.0,0.0,0.0,0.0,0.0,0.0,0.0,0.06448531167900647,2.0205397659422024,12.918557439694295,12.646286123716267,2.3501313589682353,4.163736263736264,2.8662370763881744,nan,nan,nan,4.1490455212922175,2.86283899417895,4.177761521580102,2.8705048443846466,1.0069211099614401,0.4004,0.01228,0.0,0.0,0.0,0.0,0.0,0.0,0.0,0.0,0.0,0.0,0.07165034631000718,14.50919512777643,15.340339144972537,0.0788153809410079,0.0,0.0,0.0,0.0,0.0,0.0,0.0,0.0,0.0,0.0,0.0,0.0,0.0,0.0,0.0,0.0,nan,nan,4.163736263736264,2.8662370763881744,nan,0.4004,0.0628,0.0,0.0,0.0,0.0,0.0,0.0,0.0,0.0,0.0,0.0,0.0,0.0,0.0,0.0,0.0,0.0,0.0,0.0,0.0,0.0,0.0004896106997850489,0.00649629806544065,0.002448053498925245,0.0007523286362550752,0.0025674707427752567,0.0006567948411750657,0.004513971817530452,0.003009314545020301,0.007929304991640794,0.009875806066395987,0.027465966085502745,0.00839503224265584,0.04269166467637927,0.024874611893957486,0.0429782660616193,0.06755433484595176,0.04269166467637927,0.06235968473847624,0.056173871507045614,0.05938619536661094,0.0729161690948173,0.054884165273465485,0.07420587532839742,0.07335801289706234,0.013255314067351325,0.03128731788870313,0.03509672796751851,0.01759016001910676,0.04239312156675424,0.04024361117745402,0.036278958681633625,0.00810843085741581,0.007344160496775734,0.003307857654645331,0.008036780511105804,0.0026032959159302603,0.004561738715070456,0.0010628134702651063,0.0,0.00015524241700501552,0.0,0.0,0.0,0.0,0.0,0.0,0.0,0.0,0.0,0.0,0.0,0.0,0.0,0.0,0.0,0.0,0.0,0.0,0.0,0.0,0.0,0.0,0.0,0.0,0.0,0.0,0.0,0.0,0.0,0.0,0.0,0.0,0.0,0.0,0.0,0.0,0.0,0.0,0.0,0.0,0.0,nan,nan,4.163736263736264,2.8662370763881744,nan,0.9339547718110617,0.022763703665867992,0.0,0.0,0.0,0.0,0.0,0.0,0.0,0.0,0.0,0.0,0.0,0.0,0.0,0.0,0.0,0.0,0.0,0.0,0.0,0.0,0.0,0.0,0.0,0.0,0.0,0.013850415512465377,1.9529085872576182,13.019390581717454,12.714681440443217,2.2991689750692523,0.9333177261692295,0.02330068446208876,0.0,0.0,0.0,0.0,0.0,0.0,0.0,0.0,0.0,0.0,0.0,0.0,0.0,0.0,0.0,0.0,0.0,0.0,0.0,0.0,0.0,0.0,0.0,0.0,0.0,0.11875309252845129,2.093023255813954,12.810489856506683,12.572983671449782,2.4047501237011386,0.4004,0.01242,0.0,0.0,0.0,0.0,0.0,0.0,0.0,0.0,0.0,0.0,0.05540166204986151,14.224376731301918,15.63711911357341,0.08310249307479226,0.0,0.0,0.0,0.0,0.0,0.0,0.0,0.0,0.0,0.0,0.0,0.0,0.0,0.0,0.0,0.0,0.4004,0.01213,0.0,0.0,0.0,0.0,0.0,0.0,0.0,0.0,0.0,0.0,0.08906481939633847,14.814448292924274,15.022266204849089,0.07422068283028205,0.0,0.0,0.0,0.0,0.0,0.0,0.0,0.0,0.0,0.0,0.0,0.0,0.0,0.0,0.0,0.0
80600,4064,2080,0.5118110236220472,1016,828,0.453740157480315,1174,0.577755905511811,0.3960000000000001,2.935483870967742,3.0397021699498654,6.443280977312391,2.0977036525439976,9506.149606299212,1614.5493512244261,7853.0,11083.0,11083.0,0.0,7853.0,0.0,27.970964566929133,20.71660683306776,32.640058055152394,19.042475415583137,0.13533464566929135,0.09867125984251969,0.0952263779527559,0.08882874015748031,0.08218503937007875,0.07898622047244094,0.06619094488188976,0.06692913385826772,0.054133858267716536,0.050688976377952756,0.04601377952755906,0.0406003937007874,0.0359251968503937,0.026328740157480313,0.019438976377952756,0.009350393700787402,0.00516732283464567,0.9330341349553875,0.023122159106673992,0.0,0.0,0.0,0.0,0.0,0.0,0.0,0.0,0.0,0.0,0.0,0.0,0.0,0.0,0.0,0.0,0.0,0.0,0.0,0.0,0.0,0.0,0.0,0.0,0.0,0.07381889763779528,2.3105314960629926,12.431102362204728,13.04379921259843,2.1407480314960634,4.183364839319471,2.8741773247511095,nan,nan,nan,4.144023756495917,2.8144894206174373,4.224191063174114,2.9342775772446528,1.0193452816366053,0.4006,0.01196,0.0,0.0,0.0,0.0,0.0,0.0,0.0,0.0,0.0,0.0,0.06643700787401577,14.468503937007853,15.398622047244098,0.06643700787401577,0.0,0.0,0.0,0.0,0.0,0.0,0.0,0.0,0.0,0.0,0.0,0.0,0.0,0.0,0.0,0.0,nan,nan,4.183364839319471,2.8741773247511095,nan,0.4006,0.0629,0.0,0.0,0.0,0.0,0.0,0.0,0.0,0.0,0.0,0.0,0.0,0.0,0.0,0.0,0.0,0.0,0.0,0.0,0.0,0.0,0.000578248031496063,0.006286909448818897,0.0021776574803149605,0.0007874015748031496,0.0030388779527559056,0.0010088582677165354,0.0045767716535433075,0.0031619094488188975,0.007308070866141732,0.010076279527559056,0.028826279527559055,0.00813238188976378,0.041916830708661416,0.02453248031496063,0.040625,0.07105068897637795,0.04237204724409449,0.06107283464566929,0.053838582677165354,0.05809547244094488,0.07426181102362205,0.057381889763779524,0.07154281496062992,0.0751107283464567,0.012869094488188976,0.030474901574803148,0.03678641732283464,0.016904527559055117,0.04171998031496063,0.0422490157480315,0.0359251968503937,0.009584153543307087,0.005905511811023622,0.003358759842519685,0.008058562992125984,0.0022883858267716537,0.004761318897637795,0.0011441929133858269,1.2303149606299212e-05,0.0001968503937007874,0.0,0.0,0.0,0.0,0.0,0.0,0.0,0.0,0.0,0.0,0.0,0.0,0.0,0.0,0.0,0.0,0.0,0.0,0.0,0.0,0.0,0.0,0.0,0.0,0.0,0.0,0.0,0.0,0.0,0.0,0.0,0.0,0.0,0.0,0.0,0.0,0.0,0.0,0.0,0.0,0.0,nan,nan,4.183364839319471,2.8741773247511095,nan,0.9332746194245723,0.023485005310548035,0.0,0.0,0.0,0.0,0.0,0.0,0.0,0.0,0.0,0.0,0.0,0.0,0.0,0.0,0.0,0.0,0.0,0.0,0.0,0.0,0.0,0.0,0.0,0.0,0.0,0.07211538461538462,2.322115384615385,12.288461538461542,13.009615384615389,2.307692307692308,0.9327820141409193,0.022732807296384182,0.0,0.0,0.0,0.0,0.0,0.0,0.0,0.0,0.0,0.0,0.0,0.0,0.0,0.0,0.0,0.0,0.0,0.0,0.0,0.0,0.0,0.0,0.0,0.0,0.0,0.07560483870967744,2.298387096774194,12.580645161290326,13.079637096774198,1.9657258064516134,0.401,0.01211,0.0,0.0,0.0,0.0,0.0,0.0,0.0,0.0,0.0,0.0,0.10096153846153849,14.076923076923055,15.735576923076927,0.08653846153846155,0.0,0.0,0.0,0.0,0.0,0.0,0.0,0.0,0.0,0.0,0.0,0.0,0.0,0.0,0.0,0.0,0.4001,0.01182,0.0,0.0,0.0,0.0,0.0,0.0,0.0,0.0,0.0,0.0,0.030241935483870976,14.879032258064495,15.04536290322581,0.04536290322580646,0.0,0.0,0.0,0.0,0.0,0.0,0.0,0.0,0.0,0.0,0.0,0.0,0.0,0.0,0.0,0.0
80700,3687,1957,0.5307838350962842,906,710,0.43829671819907784,1021,0.553837808516409,0.4280000000000001,3.0219653179190753,3.059824064412125,6.39334637964775,2.115055239173897,9567.431787360998,1611.936202106708,7853.0,11083.0,11083.0,0.0,7853.0,0.0,28.485489557906156,21.109006954000417,33.50484183344093,19.287037323197747,0.13615405478708978,0.09655546514781665,0.0897748847301329,0.08733387577976674,0.08082451857879035,0.08190941144561975,0.06048277732573908,0.06699213452671549,0.05560075942500678,0.05343097369134798,0.045565500406834825,0.043938161106590726,0.03661513425549227,0.028749660970979116,0.01762950908597776,0.008679142934635205,0.009764035801464606,0.9320543838090485,0.023109183288094644,0.0,0.0,0.0,0.0,0.0,0.0,0.0,0.0,0.0,0.0,0.0,0.0,0.0,0.0,0.0,0.0,0.0,0.0,0.0,0.0,0.0,0.0,0.0,0.0,0.0,0.048820179007323036,2.41659886086249,13.124491456468675,12.351505288852728,2.0585842148087883,4.171750940242374,2.819875310550817,nan,nan,nan,4.277078085642318,2.8323672326938785,4.06738768718802,2.8035426835495127,0.950973446297788,0.4001,0.01229,0.0,0.0,0.0,0.0,0.0,0.0,0.0,0.0,0.0,0.0,0.07323026851098456,14.556550040683462,15.24003254678601,0.1301871440195281,0.0,0.0,0.0,0.0,0.0,0.0,0.0,0.0,0.0,0.0,0.0,0.0,0.0,0.0,0.0,0.0,nan,nan,4.171750940242374,2.819875310550817,nan,0.4001,0.0627,0.0,0.0,0.0,0.0,0.0,0.0,0.0,0.0,0.0,0.0,0.0,0.0,0.0,0.0,0.0,0.0,0.0,0.0,0.0,4.068348250610252e-05,0.00042039598589639274,0.005885543802549498,0.002278275020341741,0.0007458638459452129,0.0029834553837808516,0.0012611879576891782,0.005085435313262815,0.0038106861947382695,0.00800108489286683,0.0096826688364524,0.029102251152698672,0.008733387577976676,0.03993761866015731,0.023826959587740712,0.04239218877135883,0.07133170599403309,0.04197179278546244,0.05922158936804991,0.05721453756441552,0.05865202061296447,0.07423379441280173,0.05703824247355574,0.06849742337944129,0.07484404665039328,0.01186601573094657,0.032736642256577166,0.039761323569297534,0.01829400596691077,0.038934092758340116,0.04286682940059669,0.03399783021426634,0.010021697857336588,0.005695687550854353,0.0034038513696772444,0.0069568755085435315,0.0027800379712503392,0.004285326823976132,0.001071331705994033,0.0,0.00013561160835367508,0.0,0.0,0.0,0.0,0.0,0.0,0.0,0.0,0.0,0.0,0.0,0.0,0.0,0.0,0.0,0.0,0.0,0.0,0.0,0.0,0.0,0.0,0.0,0.0,0.0,0.0,0.0,0.0,0.0,0.0,0.0,0.0,0.0,0.0,0.0,0.0,0.0,0.0,0.0,0.0,0.0,nan,nan,4.171750940242374,2.819875310550817,nan,0.9325479114000811,0.02346945002168335,0.0,0.0,0.0,0.0,0.0,0.0,0.0,0.0,0.0,0.0,0.0,0.0,0.0,0.0,0.0,0.0,0.0,0.0,0.0,0.0,0.0,0.0,0.0,0.0,0.0,0.07664793050587636,2.3914154317833423,12.784874808380177,12.631578947368425,2.1154828819621874,0.931496098551447,0.022681810856128935,0.0,0.0,0.0,0.0,0.0,0.0,0.0,0.0,0.0,0.0,0.0,0.0,0.0,0.0,0.0,0.0,0.0,0.0,0.0,0.0,0.0,0.0,0.0,0.0,0.0,0.01734104046242775,2.445086705202313,13.508670520231217,12.034682080924858,1.9942196531791914,0.4004,0.012436,0.0,0.0,0.0,0.0,0.0,0.0,0.0,0.0,0.0,0.0,0.10730710270822691,14.31783341849768,15.421563617782324,0.15329586101175272,0.0,0.0,0.0,0.0,0.0,0.0,0.0,0.0,0.0,0.0,0.0,0.0,0.0,0.0,0.0,0.0,0.4001,0.01213,0.0,0.0,0.0,0.0,0.0,0.0,0.0,0.0,0.0,0.0,0.0346820809248555,14.826589595375701,15.03468208092486,0.10404624277456649,0.0,0.0,0.0,0.0,0.0,0.0,0.0,0.0,0.0,0.0,0.0,0.0,0.0,0.0,0.0,0.0
80800,3979,2041,0.5129429504900729,926,815,0.43754712239256094,1126,0.5659713495853229,0.4280000000000001,2.9819401444788443,3.1722454718824356,6.68609022556391,2.1964500869222023,9509.805730082935,1614.458819831659,7853.0,11083.0,11083.0,0.0,7853.0,0.0,27.37999497361146,20.901481755674272,32.45912518853695,19.21373951794295,0.14526262880120633,0.1012817290776577,0.0977632570997738,0.09650665996481528,0.07514450867052024,0.0701181201306861,0.07388791153556169,0.061573259612968084,0.05478763508419201,0.047248052274440816,0.04398089972354863,0.037949233475747676,0.03267152550892184,0.023875345564212114,0.01985423473234481,0.01130937421462679,0.006785624528776075,0.9298870706414422,0.02317842977261533,0.0,0.0,0.0,0.0,0.0,0.0,0.0,0.0,0.0,0.0,0.0,0.0,0.0,0.0,0.0,0.0,0.0,0.0,0.0,0.0,0.0,0.0,0.0,0.0,0.0,0.09047499371701434,2.865041467705454,13.850213621512946,11.452626288012064,1.7416436290525261,4.347150259067358,2.9610620478666423,nan,nan,nan,4.252964426877471,2.900599826667887,4.439259855189059,3.016735849939126,1.0438036648353455,0.4004,0.01234,0.0,0.0,0.0,0.0,0.0,0.0,0.0,0.0,0.0,0.0,0.05277707966825837,14.438301080673517,15.425986428750946,0.08293541090726314,0.0,0.0,0.0,0.0,0.0,0.0,0.0,0.0,0.0,0.0,0.0,0.0,0.0,0.0,0.0,0.0,nan,nan,4.347150259067358,2.9610620478666423,nan,0.4004,0.0626,0.0,0.0,0.0,0.0,0.0,0.0,0.0,0.0,0.0,0.0,0.0,0.0,0.0,0.0,0.0,0.0,0.0,0.0,0.0,0.0,0.0004021110831867303,0.006710228700678562,0.0020482533299824076,0.0007036943955767781,0.0022367429002261873,0.001244031163608947,0.004925860769037446,0.004234732344810254,0.008896707715506408,0.011435033928122644,0.02635084192008042,0.008117617491832119,0.040160844433274695,0.02278210605679819,0.040877104800201056,0.07021864790148279,0.04346569489821563,0.06107062075898467,0.05655943704448354,0.05746418698165368,0.07102287006785625,0.05840663483287258,0.07024377984418195,0.07844935913546117,0.010052777079668259,0.032570997738125156,0.03933149032420206,0.020080422216637347,0.040361899974868054,0.042309625534053784,0.032018094998743404,0.010681075647147525,0.005679819050012566,0.0033928122643880373,0.006936416184971098,0.0026514199547625033,0.004749937170143252,0.0010681075647147524,1.2565971349585322e-05,7.539582809751194e-05,0.0,0.0,0.0,0.0,0.0,0.0,0.0,0.0,0.0,0.0,0.0,0.0,0.0,0.0,0.0,0.0,0.0,0.0,0.0,0.0,0.0,0.0,0.0,0.0,0.0,0.0,0.0,0.0,0.0,0.0,0.0,0.0,0.0,0.0,0.0,0.0,0.0,0.0,0.0,0.0,0.0,nan,nan,4.347150259067358,2.9610620478666423,nan,0.930169310072133,0.02317134611376024,0.0,0.0,0.0,0.0,0.0,0.0,0.0,0.0,0.0,0.0,0.0,0.0,0.0,0.0,0.0,0.0,0.0,0.0,0.0,0.0,0.0,0.0,0.0,0.0,0.0,0.07349338559529643,2.8662420382165608,13.6109750122489,11.641352278294955,1.8079372856442926,0.9295898308694917,0.02318217285305839,0.0,0.0,0.0,0.0,0.0,0.0,0.0,0.0,0.0,0.0,0.0,0.0,0.0,0.0,0.0,0.0,0.0,0.0,0.0,0.0,0.0,0.0,0.0,0.0,0.0,0.10835913312693501,2.8637770897832824,14.102167182662543,11.253869969040249,1.6718266253869973,0.4006,0.0122,0.0,0.0,0.0,0.0,0.0,0.0,0.0,0.0,0.0,0.0,0.014698677119059289,14.110730034296894,15.801077902988734,0.07349338559529643,0.0,0.0,0.0,0.0,0.0,0.0,0.0,0.0,0.0,0.0,0.0,0.0,0.0,0.0,0.0,0.0,0.4004,0.012474,0.0,0.0,0.0,0.0,0.0,0.0,0.0,0.0,0.0,0.0,0.09287925696594429,14.78328173374611,15.030959752321985,0.09287925696594429,0.0,0.0,0.0,0.0,0.0,0.0,0.0,0.0,0.0,0.0,0.0,0.0,0.0,0.0,0.0,0.0
80900,4255,2199,0.5168037602820211,1043,861,0.4474735605170388,1206,0.5668625146886016,0.4160000000000001,2.987354085603113,3.091949444104117,6.517241379310345,2.122469116060957,9522.276145710928,1614.087698982545,7853.0,11083.0,11083.0,0.0,7853.0,0.0,28.192714453584017,21.038702929395757,33.204087346024636,19.24079905708681,0.14007050528789658,0.08883666274970622,0.09847238542890717,0.09212690951821387,0.08014101057579319,0.06933019976498238,0.07003525264394829,0.06580493537015276,0.05781433607520564,0.05334900117508813,0.0472385428907168,0.03783783783783784,0.03337250293772033,0.02608695652173913,0.02138660399529965,0.010810810810810811,0.007285546415981199,0.9299716335205858,0.022835782509057993,0.0,0.0,0.0,0.0,0.0,0.0,0.0,0.0,0.0,0.0,0.0,0.0,0.0,0.0,0.0,0.0,0.0,0.0,0.0,0.0,0.0,0.0,0.0,0.0,0.0,0.08460634547591071,2.7285546415981203,14.115158636897771,11.450058754406582,1.6216216216216222,4.237165582067968,2.8825163859328113,nan,nan,nan,4.255411255411255,2.874928246244865,4.218840579710145,2.8900015226072338,0.9914060772258835,0.4011,0.01231,0.0,0.0,0.0,0.0,0.0,0.0,0.0,0.0,0.0,0.0,0.04230317273795536,14.08695652173911,15.736780258519392,0.1339600470035253,0.0,0.0,0.0,0.0,0.0,0.0,0.0,0.0,0.0,0.0,0.0,0.0,0.0,0.0,0.0,0.0,nan,nan,4.237165582067968,2.8825163859328113,nan,0.4011,0.06238,0.0,0.0,0.0,0.0,0.0,0.0,0.0,0.0,0.0,0.0,0.0,0.0,0.0,0.0,0.0,0.0,0.0,0.0,0.0,1.1750881316098707e-05,0.0004700352526439483,0.007649823736780258,0.0016568742655699176,0.0006227967097532315,0.002009400705052879,0.0015158636897767332,0.0037837837837837837,0.004148061104582844,0.00782608695652174,0.009917743830787308,0.025041128084606346,0.008742655699177438,0.04036427732079906,0.02190364277320799,0.040975323149236194,0.06834312573443008,0.0445945945945946,0.06242068155111633,0.05924794359576968,0.05886016451233843,0.06970622796709754,0.05868390129259694,0.06893066980023502,0.07869565217391304,0.01109283196239718,0.030740305522914218,0.04153936545240893,0.020517038777908343,0.040305522914218565,0.04286721504112809,0.031057579318448884,0.01118683901292597,0.005193889541715629,0.0036662749706227967,0.00792009400705053,0.0016098707403055228,0.004759106933019976,0.0012573443008225616,0.0,0.00016451233842538192,0.0,0.0,0.0,0.0,0.0,0.0,0.0,0.0,0.0,0.0,0.0,0.0,0.0,0.0,0.0,0.0,0.0,0.0,0.0,0.0,0.0,0.0,0.0,0.0,0.0,0.0,0.0,0.0,0.0,0.0,0.0,0.0,0.0,0.0,0.0,0.0,0.0,0.0,0.0,0.0,0.0,nan,nan,4.237165582067968,2.8825163859328113,nan,0.9300157091410499,0.022822984693997433,0.0,0.0,0.0,0.0,0.0,0.0,0.0,0.0,0.0,0.0,0.0,0.0,0.0,0.0,0.0,0.0,0.0,0.0,0.0,0.0,0.0,0.0,0.0,0.0,0.0,0.12278308321964532,2.687585266030014,14.242837653478857,11.336971350613918,1.609822646657572,0.9299244923292431,0.022849368415576693,0.0,0.0,0.0,0.0,0.0,0.0,0.0,0.0,0.0,0.0,0.0,0.0,0.0,0.0,0.0,0.0,0.0,0.0,0.0,0.0,0.0,0.0,0.0,0.0,0.0,0.043774319066147864,2.7723735408560315,13.978599221789887,11.571011673151753,1.6342412451361872,0.4011,0.01231,0.0,0.0,0.0,0.0,0.0,0.0,0.0,0.0,0.0,0.0,0.013642564802182814,14.160982264665737,15.675306957708052,0.15006821282401095,0.0,0.0,0.0,0.0,0.0,0.0,0.0,0.0,0.0,0.0,0.0,0.0,0.0,0.0,0.0,0.0,0.401,0.01231,0.0,0.0,0.0,0.0,0.0,0.0,0.0,0.0,0.0,0.0,0.07295719844357978,14.007782101167296,15.80252918287938,0.11673151750972766,0.0,0.0,0.0,0.0,0.0,0.0,0.0,0.0,0.0,0.0,0.0,0.0,0.0,0.0,0.0,0.0
81000,4428,2266,0.511743450767841,1082,946,0.45799457994579945,1280,0.5781391147244805,0.3960000000000001,3.0124884366327476,3.1342651965048685,6.690515806988353,2.107918649232007,9505.931345980127,1614.5544936582771,7853.0,11083.0,11083.0,0.0,7853.0,0.0,27.778681120144533,20.730107994983566,32.860427373546116,18.911679040878028,0.1425022583559169,0.0984643179765131,0.08762420957542909,0.09146341463414634,0.08265582655826559,0.07226738934056007,0.07068654019873533,0.06842818428184282,0.05803974706413731,0.052393857271906055,0.04403794037940379,0.035004516711833786,0.03523035230352303,0.026422764227642278,0.01942186088527552,0.01038843721770551,0.004968383017163505,0.9293493544371578,0.023529708779345848,0.0,0.0,0.0,0.0,0.0,0.0,0.0,0.0,0.0,0.0,0.0,0.0,0.0,0.0,0.0,0.0,0.0,0.0,0.0,0.0,0.0,0.0,0.0,0.0,0.0,0.12195121951219515,3.082655826558266,13.827913279132794,11.15176151761518,1.8157181571815721,4.278802645318482,2.926271122180606,nan,nan,nan,4.362491252624213,2.8697195132578774,4.195983379501385,2.9788656190662683,0.9618319296290471,0.4011,0.011635,0.0,0.0,0.0,0.0,0.0,0.0,0.0,0.0,0.0,0.0,0.04065040650406505,13.848238482384804,15.98915989159892,0.12195121951219515,0.0,0.0,0.0,0.0,0.0,0.0,0.0,0.0,0.0,0.0,0.0,0.0,0.0,0.0,0.0,0.0,nan,nan,4.278802645318482,2.926271122180606,nan,0.4011,0.06177,0.0,0.0,0.0,0.0,0.0,0.0,0.0,0.0,0.0,0.0,0.0,0.0,0.0,0.0,0.0,0.0,0.0,0.0,3.3875338753387534e-05,1.1291779584462512e-05,0.00024841915085817523,0.00750903342366757,0.0010162601626016261,0.0008468834688346884,0.0012985546522131888,0.0018405600722673893,0.0031616982836495033,0.0040650406504065045,0.007949412827461607,0.010106142728093948,0.025643631436314363,0.007610659439927733,0.03950993676603433,0.02136404697380307,0.03756775067750678,0.07020099367660343,0.046747967479674794,0.06306458897922312,0.06405826558265583,0.05797199638663053,0.06852981029810298,0.059609304426377595,0.0684620596205962,0.07699864498644987,0.010693315266485998,0.03224932249322493,0.04347335140018067,0.01875564588979223,0.04154245709123758,0.04397018970189702,0.030894308943089432,0.01007226738934056,0.0048328816621499545,0.0029245709123757904,0.007057362240289069,0.0016485998193315266,0.004957091237579043,0.0012985546522131888,5.6458897922312554e-05,0.00014679313459801266,0.0,0.0,0.0,0.0,0.0,0.0,0.0,0.0,0.0,0.0,0.0,0.0,0.0,0.0,0.0,0.0,0.0,0.0,0.0,0.0,0.0,0.0,0.0,0.0,0.0,0.0,0.0,0.0,0.0,0.0,0.0,0.0,0.0,0.0,0.0,0.0,0.0,0.0,0.0,0.0,0.0,nan,nan,4.278802645318482,2.926271122180606,nan,0.9292635207984264,0.023639376915871375,0.0,0.0,0.0,0.0,0.0,0.0,0.0,0.0,0.0,0.0,0.0,0.0,0.0,0.0,0.0,0.0,0.0,0.0,0.0,0.0,0.0,0.0,0.0,0.0,0.0,0.07943512797881731,3.25684024713151,13.63636363636364,11.25330979699912,1.7740511915269201,0.9294393169835803,0.023413876165345727,0.0,0.0,0.0,0.0,0.0,0.0,0.0,0.0,0.0,0.0,0.0,0.0,0.0,0.0,0.0,0.0,0.0,0.0,0.0,0.0,0.0,0.0,0.0,0.0,0.0,0.16651248843663277,2.9000925069380212,14.028677150786312,11.045328399629973,1.859389454209066,0.4011,0.01168,0.0,0.0,0.0,0.0,0.0,0.0,0.0,0.0,0.0,0.0,0.026478375992939104,14.08649602824358,15.741394527802298,0.14563106796116507,0.0,0.0,0.0,0.0,0.0,0.0,0.0,0.0,0.0,0.0,0.0,0.0,0.0,0.0,0.0,0.0,0.4011,0.01159,0.0,0.0,0.0,0.0,0.0,0.0,0.0,0.0,0.0,0.0,0.055504162812210926,13.598519888991655,16.248843663274748,0.09713228492136913,0.0,0.0,0.0,0.0,0.0,0.0,0.0,0.0,0.0,0.0,0.0,0.0,0.0,0.0,0.0,0.0
81100,4194,2190,0.5221745350500715,1024,857,0.44849785407725323,1157,0.5517405817835003,0.4200000000000001,3.055389221556886,3.080980528366132,6.448844884488449,2.154094340572017,9539.62374821173,1613.410994970625,7853.0,11083.0,11083.0,0.0,7853.0,0.0,28.379113018597998,20.989751628223328,33.25664217071792,19.223852900101903,0.1351931330472103,0.09728183118741059,0.09489747257987602,0.08583690987124463,0.08035288507391512,0.07010014306151645,0.07272293752980448,0.06437768240343347,0.05889365760610396,0.052694325226514065,0.04673342870767763,0.04220314735336195,0.033619456366237484,0.029327610872675252,0.01859799713876967,0.010014306151645207,0.00715307582260372,0.9297515179324162,0.02331013000484568,0.0,0.0,0.0,0.0,0.0,0.0,0.0,0.0,0.0,0.0,0.0,0.0,0.0,0.0,0.0,0.0,0.0,0.0,0.0,0.0,0.0,0.0,0.0,0.0,0.0,0.1001430615164521,3.183118741058656,13.240343347639488,11.852646638054367,1.6237482117310449,4.235724743777452,2.8741408586449113,nan,nan,nan,4.226319595083153,2.886395892552838,4.245366938472943,2.861490374499742,1.0045068393341454,0.401,0.01228,0.0,0.0,0.0,0.0,0.0,0.0,0.0,0.0,0.0,0.0,0.09298998569384838,13.948497854077232,15.844062947067242,0.11444921316165954,0.0,0.0,0.0,0.0,0.0,0.0,0.0,0.0,0.0,0.0,0.0,0.0,0.0,0.0,0.0,0.0,nan,nan,4.235724743777452,2.8741408586449113,nan,0.401,0.06198,0.0,0.0,0.0,0.0,0.0,0.0,0.0,0.0,0.0,0.0,0.0,0.0,0.0,0.0,0.0,0.0,0.0,0.0,1.1921793037672865e-05,5.960896518836433e-05,9.537434430138292e-05,0.007701478302336672,0.0015498330948974725,0.0012160228898426323,0.0011683357176919408,0.0012994754411063424,0.0035288507391511683,0.004208392942298521,0.00748688602765856,0.01044349070100143,0.02688364329995231,0.007451120648545541,0.04043872198378636,0.020362422508345256,0.039329995231282784,0.07283023366714354,0.045684310920362424,0.05928707677634716,0.06353123509775871,0.054828326180257514,0.0678350023843586,0.06010968049594659,0.06994515975202671,0.07819504053409633,0.011206485455412495,0.033977110157367665,0.043538388173581306,0.01804959465903672,0.04071292322365284,0.04268001907486886,0.030555555555555555,0.011003814973772055,0.005376728659990462,0.003040057224606581,0.006711969480209823,0.0017405817835002384,0.004172627563185503,0.0012994754411063424,0.00022651406771578446,0.00022651406771578446,0.0,0.0,0.0,0.0,0.0,0.0,0.0,0.0,0.0,0.0,0.0,0.0,0.0,0.0,0.0,0.0,0.0,0.0,0.0,0.0,0.0,0.0,0.0,0.0,0.0,0.0,0.0,0.0,0.0,0.0,0.0,0.0,0.0,0.0,0.0,0.0,0.0,0.0,0.0,0.0,0.0,nan,nan,4.235724743777452,2.8741408586449113,nan,0.9294370116980653,0.02375439285593256,0.0,0.0,0.0,0.0,0.0,0.0,0.0,0.0,0.0,0.0,0.0,0.0,0.0,0.0,0.0,0.0,0.0,0.0,0.0,0.0,0.0,0.0,0.0,0.0,0.0,0.13698630136986303,3.3013698630136994,13.136986301369866,11.835616438356167,1.5890410958904113,0.9300952148651649,0.02280978434487188,0.0,0.0,0.0,0.0,0.0,0.0,0.0,0.0,0.0,0.0,0.0,0.0,0.0,0.0,0.0,0.0,0.0,0.0,0.0,0.0,0.0,0.0,0.0,0.0,0.0,0.0598802395209581,3.0538922155688626,13.353293413173656,11.871257485029941,1.6616766467065873,0.401,0.01227,0.0,0.0,0.0,0.0,0.0,0.0,0.0,0.0,0.0,0.0,0.10958904109589043,14.109589041095871,15.671232876712333,0.10958904109589043,0.0,0.0,0.0,0.0,0.0,0.0,0.0,0.0,0.0,0.0,0.0,0.0,0.0,0.0,0.0,0.0,0.401,0.01229,0.0,0.0,0.0,0.0,0.0,0.0,0.0,0.0,0.0,0.0,0.07485029940119763,13.772455089820339,16.032934131736532,0.1197604790419162,0.0,0.0,0.0,0.0,0.0,0.0,0.0,0.0,0.0,0.0,0.0,0.0,0.0,0.0,0.0,0.0
81200,4393,2289,0.5210562258137946,1053,903,0.44525381288413385,1236,0.5627134076940588,0.4080000000000001,3.0090304182509504,3.1132633916587897,6.553333333333334,2.2159622941036,9536.011609378556,1613.5672967030964,7853.0,11083.0,11083.0,0.0,7853.0,0.0,28.272478943774185,21.037601116969757,33.26043360433604,19.25659513466882,0.13885727293421352,0.09583428181197359,0.09105394946505804,0.08832233098110631,0.08149328477122696,0.0771682221716367,0.06692465285681766,0.060550876394263604,0.05690871841566128,0.05645344866833599,0.044161165490553156,0.040291372638288185,0.04097427725927612,0.024129296608240383,0.018438424766674254,0.01024356931481903,0.008194855451855224,0.9298148345979829,0.02332781114705353,0.0,0.0,0.0,0.0,0.0,0.0,0.0,0.0,0.0,0.0,0.0,0.0,0.0,0.0,0.0,0.0,0.0,0.0,0.0,0.0,0.0,0.0,0.0,0.0,0.0,0.09560664693831097,2.8203960846801737,14.163441839289783,11.049396767584795,1.8711586615069433,4.304912280701754,2.897187458164197,nan,nan,nan,4.302924791086351,2.9187258872543302,4.306930693069307,2.875147383124447,1.0009309718801627,0.4014,0.01147,0.0,0.0,0.0,0.0,0.0,0.0,0.0,0.0,0.0,0.0,0.01365809241975871,13.740040974277239,16.171181424994312,0.07511950830867291,0.0,0.0,0.0,0.0,0.0,0.0,0.0,0.0,0.0,0.0,0.0,0.0,0.0,0.0,0.0,0.0,nan,nan,4.304912280701754,2.897187458164197,nan,0.4014,0.0612,0.0,0.0,0.0,0.0,0.0,0.0,0.0,0.0,0.0,0.0,0.0,0.0,0.0,0.0,0.0,0.0,0.0,0.0,0.0,2.276348736626451e-05,0.0001024356931481903,0.006077851126792625,0.0014340997040746643,0.0012178465740951515,0.0013202822672433417,0.0013202822672433417,0.003437286592305941,0.0035852492601866604,0.006419303437286593,0.01034600500796722,0.026269064420669248,0.006783519235146825,0.03907352606419304,0.02144320509902117,0.03947188709310266,0.07302526747097655,0.04891873435010244,0.05920783063965399,0.06569542453903938,0.05664693831094924,0.06782381060778511,0.06080127475529251,0.06947416344183929,0.07625768267698611,0.01024356931481903,0.033007056681083544,0.044673343956294104,0.01928067379922604,0.04254495788754837,0.039984065558843616,0.028875483724106532,0.012394718870931026,0.005816071022080583,0.002890962895515593,0.0058843614841793766,0.0020600956066469385,0.004564079216936035,0.0011495561119963579,0.0003073070794445709,0.00014796266788071933,0.0,0.0,0.0,0.0,0.0,0.0,0.0,0.0,0.0,0.0,0.0,0.0,0.0,0.0,0.0,0.0,0.0,0.0,0.0,0.0,0.0,0.0,0.0,0.0,0.0,0.0,0.0,0.0,0.0,0.0,0.0,0.0,0.0,0.0,0.0,0.0,0.0,0.0,0.0,0.0,0.0,nan,nan,4.304912280701754,2.897187458164197,nan,0.9300009291106408,0.02294662246039552,0.0,0.0,0.0,0.0,0.0,0.0,0.0,0.0,0.0,0.0,0.0,0.0,0.0,0.0,0.0,0.0,0.0,0.0,0.0,0.0,0.0,0.0,0.0,0.0,0.0,0.07863695937090434,2.647444298820446,14.626474442988208,10.825688073394499,1.8217562254259505,0.9296123772123014,0.023733907843689478,0.0,0.0,0.0,0.0,0.0,0.0,0.0,0.0,0.0,0.0,0.0,0.0,0.0,0.0,0.0,0.0,0.0,0.0,0.0,0.0,0.0,0.0,0.0,0.0,0.0,0.11406844106463881,3.008555133079849,13.659695817490498,11.292775665399242,1.9249049429657799,0.4011,0.01162,0.0,0.0,0.0,0.0,0.0,0.0,0.0,0.0,0.0,0.0,0.013106159895150724,13.944954128440346,15.95019659239843,0.09174311926605506,0.0,0.0,0.0,0.0,0.0,0.0,0.0,0.0,0.0,0.0,0.0,0.0,0.0,0.0,0.0,0.0,0.4014,0.01131,0.0,0.0,0.0,0.0,0.0,0.0,0.0,0.0,0.0,0.0,0.014258555133079852,13.517110266159676,16.411596958174908,0.05703422053231941,0.0,0.0,0.0,0.0,0.0,0.0,0.0,0.0,0.0,0.0,0.0,0.0,0.0,0.0,0.0,0.0
81300,4308,2228,0.5171773444753947,1010,856,0.4331476323119777,1190,0.552460538532962,0.4200000000000001,2.979807692307692,3.135340731320807,6.683478260869565,2.2013407153776954,9523.482822655524,1614.0466710693888,7853.0,11083.0,11083.0,0.0,7853.0,0.0,27.661095636025998,21.004759152708157,32.81896792189679,19.26240664283687,0.14740018570102137,0.10468895078922934,0.09215413184772517,0.08333333333333333,0.07497678737233054,0.08054781801299907,0.06731662024141133,0.06197771587743733,0.05617455896007428,0.05153203342618384,0.04456824512534819,0.04317548746518106,0.030176415970287838,0.024837511606313836,0.018105849582172703,0.010909935004642525,0.008124419684308264,0.9296290337513637,0.02314976424640692,0.0,0.0,0.0,0.0,0.0,0.0,0.0,0.0,0.0,0.0,0.0,0.0,0.0,0.0,0.0,0.0,0.0,0.0,0.0,0.0,0.0,0.0,0.0,0.0,0.0,0.07660167130919221,2.729805013927577,14.630919220055715,10.78690807799443,1.7757660167130924,4.335654085745694,2.8532278338731762,nan,nan,nan,4.363112391930835,2.9101570308387807,4.3072334079045485,2.7927972549116418,0.9871928616531561,0.4016,0.01179,0.0,0.0,0.0,0.0,0.0,0.0,0.0,0.0,0.0,0.0,0.041782729805013935,13.495821727019479,16.357938718662957,0.10445682451253485,0.0,0.0,0.0,0.0,0.0,0.0,0.0,0.0,0.0,0.0,0.0,0.0,0.0,0.0,0.0,0.0,nan,nan,4.335654085745694,2.8532278338731762,nan,0.4014,0.06158,0.0,0.0,0.0,0.0,0.0,0.0,0.0,0.0,0.0,0.0,0.0,0.0,0.0,0.0,0.0,0.0,0.0,0.0,0.0,4.642525533890436e-05,0.00031337047353760446,0.007207520891364902,0.0010909935004642525,0.0013579387186629527,0.0016829155060352832,0.0008704735376044568,0.0029944289693593315,0.002959610027855153,0.006023676880222841,0.010410863509749303,0.0271355617455896,0.005872794800371402,0.03912488393686165,0.020728876508820798,0.04121402042711235,0.06933611884865366,0.05148560817084494,0.05878597957288765,0.0646355617455896,0.057045032497678734,0.06764159702878365,0.059865366759517175,0.0681522748375116,0.07836583101207056,0.010445682451253482,0.034517177344475396,0.04329155060352832,0.019556638811513462,0.042200557103064064,0.04121402042711235,0.026021355617455895,0.013753481894150418,0.005501392757660167,0.004120241411327762,0.007149489322191272,0.0022284122562674096,0.004445218198700093,0.0009981429897864438,0.00018570102135561745,0.0,2.321262766945218e-05,0.0,0.0,0.0,0.0,0.0,0.0,0.0,0.0,0.0,0.0,0.0,0.0,0.0,0.0,0.0,0.0,0.0,0.0,0.0,0.0,0.0,0.0,0.0,0.0,0.0,0.0,0.0,0.0,0.0,0.0,0.0,0.0,0.0,0.0,0.0,0.0,0.0,0.0,0.0,0.0,nan,nan,4.335654085745694,2.8532278338731762,nan,0.9291178002231211,0.022838786869715983,0.0,0.0,0.0,0.0,0.0,0.0,0.0,0.0,0.0,0.0,0.0,0.0,0.0,0.0,0.0,0.0,0.0,0.0,0.0,0.0,0.0,0.0,0.0,0.0,0.0,0.08078994614003591,2.746858168761221,14.892280071813289,10.718132854578098,1.5619389587073613,0.9301766435114237,0.02346594874008222,0.0,0.0,0.0,0.0,0.0,0.0,0.0,0.0,0.0,0.0,0.0,0.0,0.0,0.0,0.0,0.0,0.0,0.0,0.0,0.0,0.0,0.0,0.0,0.0,0.0,0.07211538461538462,2.711538461538462,14.350961538461542,10.860576923076925,2.004807692307693,0.4014,0.01185,0.0,0.0,0.0,0.0,0.0,0.0,0.0,0.0,0.0,0.0,0.04039497307001796,13.586175942549351,16.2657091561939,0.10771992818671457,0.0,0.0,0.0,0.0,0.0,0.0,0.0,0.0,0.0,0.0,0.0,0.0,0.0,0.0,0.0,0.0,0.4016,0.01172,0.0,0.0,0.0,0.0,0.0,0.0,0.0,0.0,0.0,0.0,0.043269230769230775,13.399038461538442,16.456730769230774,0.10096153846153849,0.0,0.0,0.0,0.0,0.0,0.0,0.0,0.0,0.0,0.0,0.0,0.0,0.0,0.0,0.0,0.0
81400,4333,2230,0.5146549734594968,1052,885,0.4470343872605585,1221,0.5635818139856912,0.4280000000000001,3.0313837375178316,3.1379693250851544,6.685185185185185,2.16029740970228,9515.335564274175,1614.3061495128009,7853.0,11083.0,11083.0,0.0,7853.0,0.0,28.049619201477036,20.826840583365072,32.889375684556406,19.104394904015294,0.13339487652896376,0.10270020770828525,0.09300715439649204,0.08769905377336719,0.08423724901915532,0.07108239095315025,0.06923609508423725,0.06646665128086776,0.06046618970690053,0.052619432264020306,0.04315716593584122,0.03738749134548811,0.03738749134548811,0.02607892914839603,0.018693745672744056,0.010154627279021463,0.006231248557581353,0.9296600332085155,0.023433196661984294,0.0,0.0,0.0,0.0,0.0,0.0,0.0,0.0,0.0,0.0,0.0,0.0,0.0,0.0,0.0,0.0,0.0,0.0,0.0,0.0,0.0,0.0,0.0,0.0,0.0,0.09693053311793218,2.9009923840295415,14.207246711285487,11.043157165935844,1.7516732056312028,4.296891747052519,2.881132210546378,nan,nan,nan,4.218884120171674,2.881421603522167,4.377142857142857,2.8783512854495332,1.0375119895364047,0.4019,0.01171,0.0,0.0,0.0,0.0,0.0,0.0,0.0,0.0,0.0,0.0,0.04154165705054236,13.390260789291464,16.46434341103162,0.1038541426263559,0.0,0.0,0.0,0.0,0.0,0.0,0.0,0.0,0.0,0.0,0.0,0.0,0.0,0.0,0.0,0.0,nan,nan,4.296891747052519,2.881132210546378,nan,0.4019,0.0617,0.0,0.0,0.0,0.0,0.0,0.0,0.0,0.0,0.0,0.0,0.0,0.0,0.0,0.0,0.0,0.0,0.0,1.1539349180706208e-05,0.0,3.4618047542118625e-05,0.000276944380336949,0.0075121163166397414,0.0008539118393722594,0.001269328409877683,0.0017539810754673437,0.0009000692360950842,0.0037502884837295174,0.002665589660743134,0.005342718670666974,0.010258481421647819,0.02839833833371798,0.0055388876067389795,0.038483729517655205,0.019524578813754905,0.04072236325871221,0.07014770366951303,0.053357950611585506,0.056323563351027,0.06238172167089776,0.060512347103623354,0.06526655896607432,0.06082390953150242,0.06828986845141934,0.0758481421647819,0.010604661897069005,0.03739903069466882,0.044114931917839835,0.019213016385875838,0.042384029540733906,0.04098776828986845,0.026044311100853913,0.013789522270943919,0.005561966305100393,0.003600276944380337,0.007500576967459035,0.0027463651050080775,0.00420032310177706,0.0013501038541426263,0.00025386568197553657,0.0,0.0,0.0,0.0,0.0,0.0,0.0,0.0,0.0,0.0,0.0,0.0,0.0,0.0,0.0,0.0,0.0,0.0,0.0,0.0,0.0,0.0,0.0,0.0,0.0,0.0,0.0,0.0,0.0,0.0,0.0,0.0,0.0,0.0,0.0,0.0,0.0,0.0,0.0,0.0,0.0,0.0,nan,nan,4.296891747052519,2.881132210546378,nan,0.9294216571367375,0.023555400660141352,0.0,0.0,0.0,0.0,0.0,0.0,0.0,0.0,0.0,0.0,0.0,0.0,0.0,0.0,0.0,0.0,0.0,0.0,0.0,0.0,0.0,0.0,0.0,0.0,0.0,0.12107623318385653,2.8789237668161443,14.488789237668165,10.695067264573993,1.816143497757848,0.9299128047919988,0.023300248764956132,0.0,0.0,0.0,0.0,0.0,0.0,0.0,0.0,0.0,0.0,0.0,0.0,0.0,0.0,0.0,0.0,0.0,0.0,0.0,0.0,0.0,0.0,0.0,0.0,0.0,0.07132667617689017,2.9243937232524972,13.908701854493584,11.412268188302427,1.6833095577746082,0.4019,0.01165,0.0,0.0,0.0,0.0,0.0,0.0,0.0,0.0,0.0,0.0,0.02690582959641256,12.968609865470833,16.89686098654709,0.10762331838565024,0.0,0.0,0.0,0.0,0.0,0.0,0.0,0.0,0.0,0.0,0.0,0.0,0.0,0.0,0.0,0.0,0.4016,0.01177,0.0,0.0,0.0,0.0,0.0,0.0,0.0,0.0,0.0,0.0,0.05706134094151214,13.83737517831667,16.005706134094154,0.09985734664764624,0.0,0.0,0.0,0.0,0.0,0.0,0.0,0.0,0.0,0.0,0.0,0.0,0.0,0.0,0.0,0.0
81500,4596,2368,0.515230635335074,1088,934,0.43994778067885115,1291,0.561792863359443,0.3960000000000001,2.9533213644524237,3.1137288963544005,6.603927986906711,2.0589315125903336,9517.19495213229,1614.2505557331247,7853.0,11083.0,11083.0,0.0,7853.0,0.0,27.87532637075718,20.726783555901857,32.665978316985026,19.05143281740298,0.13511749347258487,0.09834638816362054,0.10552654482158398,0.0865970409051349,0.08093994778067885,0.06679721496953873,0.06875543951261967,0.06766753698868581,0.054395126196692775,0.05613577023498695,0.047867711053089644,0.04046997389033943,0.030243690165361183,0.027197563098346388,0.019364664926022627,0.008485639686684074,0.006092254134029591,0.930177405554383,0.023286531923619076,0.0,0.0,0.0,0.0,0.0,0.0,0.0,0.0,0.0,0.0,0.0,0.0,0.0,0.0,0.0,0.0,0.0,0.0,0.0,0.0,0.0,0.0,0.0,0.0,0.0065274151436031345,0.06527415143603134,2.8851174934725856,13.583550913838124,11.638381201044389,1.8211488250652745,4.289428669175504,2.8621626690298725,nan,nan,nan,4.335369993211134,2.9009827236007117,4.2427586206896555,2.8214142901935624,0.9786381848224025,0.4016,0.01208,0.0,0.0,0.0,0.0,0.0,0.0,0.0,0.0,0.0,0.0,0.03916449086161881,13.583550913838101,16.194516971279377,0.18276762402088778,0.0,0.0,0.0,0.0,0.0,0.0,0.0,0.0,0.0,0.0,0.0,0.0,0.0,0.0,0.0,0.0,nan,nan,4.289428669175504,2.8621626690298725,nan,0.4016,0.06186,0.0,0.0,0.0,0.0,0.0,0.0,0.0,0.0,0.0,0.0,0.0,0.0,0.0,0.0,0.0,0.0,0.0,5.4395126196692775e-05,0.0,3.2637075718015665e-05,0.0002610966057441253,0.008235422106179287,0.0009247171453437772,0.0015230635335073978,0.0020670147954743256,0.0004569190600522193,0.004503916449086162,0.001903829416884247,0.005613577023498694,0.009519147084421236,0.027317232375979113,0.006832027850304612,0.038348563968668405,0.018657528285465623,0.04119886858137511,0.06778720626631854,0.05486292428198433,0.058790252393385554,0.05877937336814621,0.057876414273281114,0.06736292428198433,0.061890774586597044,0.06976718885987815,0.07955831157528286,0.01038946910356832,0.0367384682332463,0.04435378590078329,0.0170147954743255,0.042798085291557875,0.03818537859007833,0.02531549173194082,0.01400130548302872,0.006353350739773716,0.004210182767624021,0.008822889469103569,0.003057006092254134,0.0032963446475195823,0.0011314186248912097,0.00020670147954743255,0.0,0.0,0.0,0.0,0.0,0.0,0.0,0.0,0.0,0.0,0.0,0.0,0.0,0.0,0.0,0.0,0.0,0.0,0.0,0.0,0.0,0.0,0.0,0.0,0.0,0.0,0.0,0.0,0.0,0.0,0.0,0.0,0.0,0.0,0.0,0.0,0.0,0.0,0.0,0.0,0.0,0.0,nan,nan,4.289428669175504,2.8621626690298725,nan,0.9302349423335211,0.02312694372021712,0.0,0.0,0.0,0.0,0.0,0.0,0.0,0.0,0.0,0.0,0.0,0.0,0.0,0.0,0.0,0.0,0.0,0.0,0.0,0.0,0.0,0.0,0.0,0.0,0.0,0.07601351351351353,2.8885135135135145,13.37837837837838,11.896114864864868,1.76097972972973,0.9301162533582434,0.023454803084306728,0.0,0.0,0.0,0.0,0.0,0.0,0.0,0.0,0.0,0.0,0.0,0.0,0.0,0.0,0.0,0.0,0.0,0.0,0.0,0.0,0.0,0.0,0.0,0.0,0.01346499102333932,0.05385996409335728,2.881508078994615,13.801615798922803,11.364452423698387,1.8850987432675048,0.4016,0.01206,0.0,0.0,0.0,0.0,0.0,0.0,0.0,0.0,0.0,0.0,0.038006756756756764,13.492398648648628,16.279560810810814,0.19003378378378383,0.0,0.0,0.0,0.0,0.0,0.0,0.0,0.0,0.0,0.0,0.0,0.0,0.0,0.0,0.0,0.0,0.4016,0.01209,0.0,0.0,0.0,0.0,0.0,0.0,0.0,0.0,0.0,0.0,0.04039497307001796,13.680430879712727,16.104129263913826,0.17504488330341117,0.0,0.0,0.0,0.0,0.0,0.0,0.0,0.0,0.0,0.0,0.0,0.0,0.0,0.0,0.0,0.0
81600,4403,2340,0.5314558255734726,1135,867,0.4546899841017488,1189,0.5400863047921871,0.4160000000000001,2.949587978671837,3.106819945603127,6.569282136894825,2.095736506506949,9569.602316602317,1611.8008466498095,7853.0,11083.0,11083.0,0.0,7853.0,0.0,28.42698160345219,21.05459023195311,33.19973190348526,19.33060887831546,0.13331819214172155,0.09788780377015671,0.09107426754485579,0.08744038155802862,0.08244378832614127,0.07653872359754713,0.06518282988871224,0.06563706563706563,0.0595048830342948,0.05359981830570066,0.04587781058369294,0.044969339086986145,0.031342266636384286,0.02702702702702703,0.018623665682489212,0.010447422212128094,0.009084714967067909,0.9288986864047729,0.0233916530245968,0.0,0.0,0.0,0.0,0.0,0.0,0.0,0.0,0.0,0.0,0.0,0.0,0.0,0.0,0.0,0.0,0.0,0.0,0.0,0.0,0.0,0.0,0.0,0.0,0.0,0.102203043379514,3.147853736089031,14.069952305246426,11.071996366114014,1.6079945491710201,4.128808864265928,2.950308865849531,nan,nan,nan,4.15814266487214,2.9844636367407165,4.094932191291934,2.9125211512538747,0.9847983874833814,0.4016,0.01192,0.0,0.0,0.0,0.0,0.0,0.0,0.0,0.0,0.0,0.0,0.040881217351805596,13.579377697024736,16.27753804224393,0.102203043379514,0.0,0.0,0.0,0.0,0.0,0.0,0.0,0.0,0.0,0.0,0.0,0.0,0.0,0.0,0.0,0.0,nan,nan,4.128808864265928,2.950308865849531,nan,0.4016,0.06128,0.0,0.0,0.0,0.0,0.0,0.0,0.0,0.0,0.0,0.0,0.0,0.0,0.0,0.0,0.0,0.0,0.0,6.813536225300931e-05,0.00011355893708834885,0.0,0.00027254144901203725,0.006495571201453555,0.0009084714967067908,0.0016238928003633887,0.0016806722689075631,0.0005677946854417443,0.0043947308653191006,0.002089484442425619,0.005870997047467636,0.008846241199182375,0.02844651374063139,0.008528276175335,0.037599364069952304,0.01836248012718601,0.041460367930956164,0.06705655235067,0.05618896207131501,0.059822848058142176,0.05831251419486714,0.05771065182829889,0.06740858505564389,0.062048603225073815,0.07021349080172609,0.0804337951396775,0.009436747672041789,0.03532818532818533,0.04622984328866682,0.01685214626391097,0.04357256416079946,0.036759027935498526,0.025902793549852372,0.013842834431069725,0.00592777651601181,0.004565069270951624,0.00848285260049966,0.0023166023166023165,0.0028276175334998863,0.0012605042016806723,0.0001589825119236884,1.1355893708834885e-05,0.0,0.0,0.0,0.0,0.0,0.0,0.0,0.0,0.0,0.0,0.0,0.0,0.0,0.0,0.0,0.0,0.0,0.0,0.0,0.0,0.0,0.0,0.0,0.0,0.0,0.0,0.0,0.0,0.0,0.0,0.0,0.0,0.0,0.0,0.0,0.0,0.0,0.0,0.0,0.0,0.0,nan,nan,4.128808864265928,2.950308865849531,nan,0.9286545591731357,0.023062940260650807,0.0,0.0,0.0,0.0,0.0,0.0,0.0,0.0,0.0,0.0,0.0,0.0,0.0,0.0,0.0,0.0,0.0,0.0,0.0,0.0,0.0,0.0,0.0,0.0,0.0,0.06410256410256411,3.0641025641025648,14.48717948717949,10.833333333333336,1.5512820512820518,0.9291755927169548,0.023755961587965634,0.0,0.0,0.0,0.0,0.0,0.0,0.0,0.0,0.0,0.0,0.0,0.0,0.0,0.0,0.0,0.0,0.0,0.0,0.0,0.0,0.0,0.0,0.0,0.0,0.0,0.14541929229277753,3.242850218128939,13.5967038293747,11.342704798836648,1.6723218613669417,0.4016,0.011665,0.0,0.0,0.0,0.0,0.0,0.0,0.0,0.0,0.0,0.0,0.06410256410256411,13.782051282051262,16.08974358974359,0.06410256410256411,0.0,0.0,0.0,0.0,0.0,0.0,0.0,0.0,0.0,0.0,0.0,0.0,0.0,0.0,0.0,0.0,0.4016,0.0122,0.0,0.0,0.0,0.0,0.0,0.0,0.0,0.0,0.0,0.0,0.014541929229277755,13.349491032476957,16.490547746000974,0.14541929229277753,0.0,0.0,0.0,0.0,0.0,0.0,0.0,0.0,0.0,0.0,0.0,0.0,0.0,0.0,0.0,0.0
81700,4407,2288,0.5191740412979351,1109,873,0.44973905150896304,1219,0.5532108009984116,0.4040000000000001,2.9792354884379426,3.079188186428817,6.611390284757119,1.9932224130905003,9529.93215339233,1613.8120734385984,7853.0,11083.0,11083.0,0.0,7853.0,0.0,28.115498071250283,20.874451611583734,33.027522935779814,19.12738274883524,0.13614703880190607,0.10233719083276606,0.08713410483321987,0.09031086907193102,0.08100748808713411,0.07601542999773088,0.07125028363966417,0.061039255729521215,0.06035852053551169,0.04992058089403222,0.04878602223734967,0.03789425913319719,0.03494440662582256,0.02813705468572725,0.017699115044247787,0.008849557522123894,0.008168822328114363,0.9292441429344196,0.02303253983900458,0.0,0.0,0.0,0.0,0.0,0.0,0.0,0.0,0.0,0.0,0.0,0.0,0.0,0.0,0.0,0.0,0.0,0.0,0.0,0.0,0.0,0.0,0.0,0.0,0.006807351940095304,0.06126616746085774,2.968005445881553,14.247787610619472,11.116405718175631,1.5997277059223967,4.2070285316631875,2.882639348162177,nan,nan,nan,4.189570119802678,2.9138445790722574,4.2240549828178695,2.851774400980956,1.0082311220552662,0.4016,0.01202,0.0,0.0,0.0,0.0,0.0,0.0,0.0,0.0,0.0,0.0,0.027229407760381217,13.560245064669823,16.242341729067395,0.1701837985023826,0.0,0.0,0.0,0.0,0.0,0.0,0.0,0.0,0.0,0.0,0.0,0.0,0.0,0.0,0.0,0.0,nan,nan,4.2070285316631875,2.882639348162177,nan,0.4016,0.06125,0.0,0.0,0.0,0.0,0.0,0.0,0.0,0.0,0.0,0.0,0.0,0.0,0.0,0.0,0.0,0.0,0.0,0.00011345586566825505,0.00013614703880190606,0.0,0.0002042205582028591,0.0054685727252098935,0.0015656909462219196,0.0017131835715906512,0.0019287497163603359,0.001032448377581121,0.004572271386430678,0.00201951440889494,0.004787837531200363,0.009133197186294531,0.030156569094622193,0.00989335148627184,0.0364306784660767,0.017506240072611753,0.04164964828681643,0.06613342409802586,0.054299977308826866,0.0594735647832993,0.05795325618334468,0.05673927842069435,0.06992285001134559,0.06160653505786249,0.07070569548445654,0.07886317222600409,0.00954163830270025,0.03720217835262083,0.04741320626276378,0.016700703426367144,0.0450646698434309,0.03581801679146812,0.02481279782164738,0.014250056727932834,0.005888359428182437,0.004640344905831631,0.00865668255048786,0.0019627864760608125,0.002847742228273202,0.001032448377581121,0.00015883821193555706,0.0,0.0,0.0,0.0,0.0,0.0,0.0,0.0,0.0,0.0,0.0,0.0,0.0,0.0,0.0,0.0,0.0,0.0,0.0,0.0,0.0,0.0,0.0,0.0,0.0,0.0,0.0,0.0,0.0,0.0,0.0,0.0,0.0,0.0,0.0,0.0,0.0,0.0,0.0,0.0,0.0,0.0,nan,nan,4.2070285316631875,2.882639348162177,nan,0.929469675242484,0.02356866847920064,0.0,0.0,0.0,0.0,0.0,0.0,0.0,0.0,0.0,0.0,0.0,0.0,0.0,0.0,0.0,0.0,0.0,0.0,0.0,0.0,0.0,0.0,0.0,0.0,0.013111888111888115,0.07867132867132869,3.0157342657342667,13.872377622377625,11.302447552447555,1.7176573426573432,0.9290006233870618,0.022436729204573264,0.0,0.0,0.0,0.0,0.0,0.0,0.0,0.0,0.0,0.0,0.0,0.0,0.0,0.0,0.0,0.0,0.0,0.0,0.0,0.0,0.0,0.0,0.0,0.0,0.0,0.04247286455875414,2.916470033034451,14.653138272770178,10.915526191599813,1.4723926380368102,0.4019,0.012,0.0,0.0,0.0,0.0,0.0,0.0,0.0,0.0,0.0,0.0,0.02622377622377623,13.47902097902096,16.363636363636367,0.13111888111888115,0.0,0.0,0.0,0.0,0.0,0.0,0.0,0.0,0.0,0.0,0.0,0.0,0.0,0.0,0.0,0.0,0.4016,0.01204,0.0,0.0,0.0,0.0,0.0,0.0,0.0,0.0,0.0,0.0,0.028315243039169425,13.647947144879641,16.111373289287403,0.2123643227937707,0.0,0.0,0.0,0.0,0.0,0.0,0.0,0.0,0.0,0.0,0.0,0.0,0.0,0.0,0.0,0.0
81800,4640,2340,0.5043103448275862,1117,970,0.4497844827586207,1328,0.5724137931034483,0.38400000000000006,2.891304347826087,3.0606070786661097,6.402799377916018,2.1660015986919676,9481.922413793103,1614.9399884807403,7853.0,11083.0,11083.0,0.0,7853.0,0.0,27.81293103448276,20.73624192904952,32.78992028799177,18.95691725930566,0.14030172413793104,0.09741379310344828,0.09698275862068965,0.08857758620689656,0.0771551724137931,0.07392241379310345,0.06616379310344828,0.06918103448275863,0.059267241379310345,0.05991379310344828,0.04030172413793103,0.03857758620689655,0.03318965517241379,0.02435344827586207,0.017025862068965517,0.011422413793103449,0.00625,0.927843927078206,0.0228860585939083,0.0,0.0,0.0,0.0,0.0,0.0,0.0,0.0,0.0,0.0,0.0,0.0,0.0,0.0,0.0,0.0,0.0,0.0,0.0,0.0,0.0,0.0,0.0,0.0,0.0,0.11637931034482761,3.239224137931035,14.45689655172414,10.90086206896552,1.2866379310344829,4.254934760789562,2.9060071901700955,nan,nan,nan,4.1714659685863875,2.8628185956621643,4.342231348391513,2.947972809640906,1.0409365391186431,0.4023,0.01193,0.0,0.0,0.0,0.0,0.0,0.0,0.0,0.0,0.0,0.0,0.019396551724137935,12.633620689655153,17.20474137931035,0.14224137931034486,0.0,0.0,0.0,0.0,0.0,0.0,0.0,0.0,0.0,0.0,0.0,0.0,0.0,0.0,0.0,0.0,nan,nan,4.254934760789562,2.9060071901700955,nan,0.4023,0.0615,0.0,0.0,0.0,0.0,0.0,0.0,0.0,0.0,0.0,0.0,0.0,0.0,0.0,0.0,0.0,0.0,0.0,2.1551724137931033e-05,7.543103448275863e-05,0.0,5.3879310344827585e-05,0.006206896551724138,0.0021875,0.0024245689655172415,0.001810344827586207,0.0011637931034482758,0.0037823275862068967,0.0017025862068965518,0.005075431034482759,0.009105603448275863,0.028146551724137932,0.008976293103448276,0.03626077586206897,0.01695043103448276,0.040883620689655176,0.0627801724137931,0.05348060344827586,0.062122844827586204,0.060290948275862066,0.05825431034482759,0.07040948275862069,0.05896551724137931,0.06780172413793104,0.07910560344827586,0.010829741379310346,0.038685344827586204,0.04770474137931034,0.01629310344827586,0.04695043103448276,0.03824353448275862,0.024094827586206898,0.012704741379310346,0.0064116379310344826,0.004353448275862069,0.009051724137931035,0.0027155172413793104,0.003146551724137931,0.0007650862068965518,1.0775862068965516e-05,0.0,0.0,0.0,0.0,0.0,0.0,0.0,0.0,0.0,0.0,0.0,0.0,0.0,0.0,0.0,0.0,0.0,0.0,0.0,0.0,0.0,0.0,0.0,0.0,0.0,0.0,0.0,0.0,0.0,0.0,0.0,0.0,0.0,0.0,0.0,0.0,0.0,0.0,0.0,0.0,0.0,0.0,nan,nan,4.254934760789562,2.9060071901700955,nan,0.9270721016531317,0.02292472756033768,0.0,0.0,0.0,0.0,0.0,0.0,0.0,0.0,0.0,0.0,0.0,0.0,0.0,0.0,0.0,0.0,0.0,0.0,0.0,0.0,0.0,0.0,0.0,0.0,0.0,0.1666666666666667,3.410256410256411,14.564102564102567,10.730769230769234,1.1282051282051284,0.9286291755541511,0.022819875643352486,0.0,0.0,0.0,0.0,0.0,0.0,0.0,0.0,0.0,0.0,0.0,0.0,0.0,0.0,0.0,0.0,0.0,0.0,0.0,0.0,0.0,0.0,0.0,0.0,0.0,0.06521739130434784,3.0652173913043486,14.347826086956525,11.073913043478264,1.447826086956522,0.402,0.01194,0.0,0.0,0.0,0.0,0.0,0.0,0.0,0.0,0.0,0.0,0.012820512820512824,12.679487179487161,17.16666666666667,0.14102564102564105,0.0,0.0,0.0,0.0,0.0,0.0,0.0,0.0,0.0,0.0,0.0,0.0,0.0,0.0,0.0,0.0,0.4023,0.01194,0.0,0.0,0.0,0.0,0.0,0.0,0.0,0.0,0.0,0.0,0.026086956521739136,12.586956521739113,17.24347826086957,0.14347826086956525,0.0,0.0,0.0,0.0,0.0,0.0,0.0,0.0,0.0,0.0,0.0,0.0,0.0,0.0,0.0,0.0
81900,4510,2295,0.508869179600887,1027,972,0.4432372505543237,1290,0.5720620842572062,0.4000000000000001,2.8948081264108354,3.030655286289286,6.386023294509151,2.195306821241808,9496.647450110864,1614.7459006302342,7853.0,11083.0,11083.0,0.0,7853.0,0.0,27.642350332594233,20.816493711488974,32.701540095592144,19.05686860050716,0.14501108647450112,0.09977827050997783,0.09401330376940133,0.0893569844789357,0.07405764966740576,0.07804878048780488,0.06851441241685144,0.06607538802660753,0.052993348115299335,0.05321507760532151,0.048337028824833705,0.03725055432372506,0.03325942350332594,0.02483370288248337,0.020177383592017737,0.010643015521064302,0.004434589800443459,0.9282589667123595,0.023468969640184818,0.0,0.0,0.0,0.0,0.0,0.0,0.0,0.0,0.0,0.0,0.0,0.0,0.0,0.0,0.0,0.0,0.0,0.0,0.0,0.0,0.0,0.0,0.0,0.0,0.0,0.15299334811529935,3.2527716186252777,14.168514412416854,10.962305986696235,1.4634146341463419,4.280055594162613,2.854246874879707,nan,nan,nan,4.24435318275154,2.86900473478382,4.316866619618914,2.8384802766141726,1.017084684931984,0.4023,0.01209,0.0,0.0,0.0,0.0,0.0,0.0,0.0,0.0,0.0,0.0,0.02660753880266076,12.811529933481136,16.93569844789357,0.22616407982261647,0.0,0.0,0.0,0.0,0.0,0.0,0.0,0.0,0.0,0.0,0.0,0.0,0.0,0.0,0.0,0.0,nan,nan,4.280055594162613,2.854246874879707,nan,0.4023,0.06207,0.0,0.0,0.0,0.0,0.0,0.0,0.0,0.0,0.0,0.0,0.0,0.0,0.0,0.0,0.0,0.0,0.0,0.0002549889135254989,2.2172949002217295e-05,0.0,0.0,0.0066740576496674055,0.0015521064301552106,0.0025055432372505545,0.0018070953436807096,0.0012971175166297119,0.0032483370288248336,0.0015299334811529933,0.0052439024390243906,0.009146341463414634,0.02965631929046563,0.008891352549889136,0.039279379157427935,0.01763858093126386,0.04177383592017738,0.06301552106430156,0.05518847006651885,0.059534368070953435,0.056330376940133035,0.0556430155210643,0.06972283813747228,0.057727272727272724,0.07073170731707316,0.07600886917960088,0.01123059866962306,0.03552106430155211,0.048658536585365855,0.01579822616407982,0.04931263858093127,0.04002217294900222,0.024878048780487806,0.01303769401330377,0.007328159645232816,0.00434589800443459,0.009290465631929047,0.002328159645232816,0.0032594235033259426,0.00045454545454545455,0.00011086474501108647,0.0,0.0,0.0,0.0,0.0,0.0,0.0,0.0,0.0,0.0,0.0,0.0,0.0,0.0,0.0,0.0,0.0,0.0,0.0,0.0,0.0,0.0,0.0,0.0,0.0,0.0,0.0,0.0,0.0,0.0,0.0,0.0,0.0,0.0,0.0,0.0,0.0,0.0,0.0,0.0,0.0,0.0,nan,nan,4.280055594162613,2.854246874879707,nan,0.9280417540494134,0.02338786880166132,0.0,0.0,0.0,0.0,0.0,0.0,0.0,0.0,0.0,0.0,0.0,0.0,0.0,0.0,0.0,0.0,0.0,0.0,0.0,0.0,0.0,0.0,0.0,0.0,0.0,0.14379084967320263,3.346405228758171,14.261437908496735,10.745098039215689,1.5032679738562096,0.9284840245279179,0.023550591906300312,0.0,0.0,0.0,0.0,0.0,0.0,0.0,0.0,0.0,0.0,0.0,0.0,0.0,0.0,0.0,0.0,0.0,0.0,0.0,0.0,0.0,0.0,0.0,0.0,0.0,0.16252821670428896,3.1557562076749446,14.072234762979686,11.187358916478559,1.4221218961625286,0.4023,0.01197,0.0,0.0,0.0,0.0,0.0,0.0,0.0,0.0,0.0,0.0,0.02614379084967321,12.457516339869263,17.294117647058826,0.22222222222222227,0.0,0.0,0.0,0.0,0.0,0.0,0.0,0.0,0.0,0.0,0.0,0.0,0.0,0.0,0.0,0.0,0.402,0.012215,0.0,0.0,0.0,0.0,0.0,0.0,0.0,0.0,0.0,0.0,0.027088036117381496,13.178329571106076,16.564334085778786,0.2302483069977427,0.0,0.0,0.0,0.0,0.0,0.0,0.0,0.0,0.0,0.0,0.0,0.0,0.0,0.0,0.0,0.0
82000,4339,2213,0.5100253514634708,1079,867,0.448490435584236,1202,0.5540447107628486,0.4120000000000001,2.985888993414864,3.144944476759714,6.558587479935794,2.192798499635514,9500.38188522701,1614.6753275842004,7853.0,11083.0,11083.0,0.0,7853.0,0.0,27.788891449642776,20.734822095467617,32.6702302631579,19.004070193992835,0.13943304908965198,0.09794883613735884,0.09656602903894906,0.08896058999769532,0.08158561880617654,0.07351924406545286,0.06821848352154875,0.06383959437658447,0.061304448029499886,0.05439041253745103,0.042636552200967966,0.03618345240838903,0.03318737036183452,0.029730352615810095,0.01659368518091726,0.010140585388338327,0.005761696243374049,0.9286967438743752,0.023482139929796128,0.0,0.0,0.0,0.0,0.0,0.0,0.0,0.0,0.0,0.0,0.0,0.0,0.0,0.0,0.0,0.0,0.0,0.0,0.0,0.0,0.0,0.0,0.0,0.0,0.0,0.12445263885687949,3.2011984328186225,14.20834293616041,10.813551509564418,1.6524544825996779,4.2569992821249105,2.924755621674705,nan,nan,nan,4.166303558460421,2.888752697281518,4.345635202271114,2.956831074750284,1.0430433455686463,0.4028,0.012115,0.0,0.0,0.0,0.0,0.0,0.0,0.0,0.0,0.0,0.0,0.027656141968195443,12.528232311592514,17.278174694630103,0.16593685180917264,0.0,0.0,0.0,0.0,0.0,0.0,0.0,0.0,0.0,0.0,0.0,0.0,0.0,0.0,0.0,0.0,nan,nan,4.2569992821249105,2.924755621674705,nan,0.4028,0.06256,0.0,0.0,0.0,0.0,0.0,0.0,0.0,0.0,0.0,0.0,0.0,0.0,0.0,0.0,0.0,0.0,0.0,0.00038027195206268726,0.0,0.0,0.0,0.006867941922101867,0.0021894445724821385,0.002477529384650841,0.0014980410232772528,0.0014865176307905048,0.003387877391103941,0.0022009679649688868,0.005312283936390874,0.009287854344318967,0.027621571790735194,0.009057386494584006,0.04022816317123761,0.017826688176999308,0.043546900207421066,0.0588153952523623,0.05265038027195206,0.05962203272643466,0.055058769301682416,0.054159944687716066,0.0703387877391104,0.05985250057616962,0.07045402166397788,0.075708688637935,0.010843512330029961,0.03412076515326112,0.051474994238303755,0.015867711454252132,0.05187831297533994,0.0381885227010832,0.02623876469232542,0.014703848813090574,0.00630329569025121,0.0046324037796727354,0.00921871398939848,0.002949988476607513,0.0030882691864484906,0.00029960820465545055,0.0001613274948144734,0.0,0.0,0.0,0.0,0.0,0.0,0.0,0.0,0.0,0.0,0.0,0.0,0.0,0.0,0.0,0.0,0.0,0.0,0.0,0.0,0.0,0.0,0.0,0.0,0.0,0.0,0.0,0.0,0.0,0.0,0.0,0.0,0.0,0.0,0.0,0.0,0.0,0.0,0.0,0.0,0.0,0.0,nan,nan,4.2569992821249105,2.924755621674705,nan,0.9291646052581177,0.023316519965368702,0.0,0.0,0.0,0.0,0.0,0.0,0.0,0.0,0.0,0.0,0.0,0.0,0.0,0.0,0.0,0.0,0.0,0.0,0.0,0.0,0.0,0.0,0.0,0.0,0.0,0.12200632625395394,3.23994577496611,13.786714866696794,11.156800723000455,1.6945323090826936,0.9282097367049384,0.023643473465997916,0.0,0.0,0.0,0.0,0.0,0.0,0.0,0.0,0.0,0.0,0.0,0.0,0.0,0.0,0.0,0.0,0.0,0.0,0.0,0.0,0.0,0.0,0.0,0.0,0.0,0.12699905926622768,3.160865475070556,14.647224835371594,10.45625587958608,1.6086547507055509,0.4026,0.012115,0.0,0.0,0.0,0.0,0.0,0.0,0.0,0.0,0.0,0.0,0.040668775417984644,12.593764121102557,17.23000451875283,0.13556258472661548,0.0,0.0,0.0,0.0,0.0,0.0,0.0,0.0,0.0,0.0,0.0,0.0,0.0,0.0,0.0,0.0,0.403,0.012115,0.0,0.0,0.0,0.0,0.0,0.0,0.0,0.0,0.0,0.0,0.01411100658513641,12.460018814675427,17.32831608654751,0.19755409219190975,0.0,0.0,0.0,0.0,0.0,0.0,0.0,0.0,0.0,0.0,0.0,0.0,0.0,0.0,0.0,0.0
82100,4343,2201,0.5067925397190882,1004,920,0.4430117430347686,1241,0.5714943587381994,0.4280000000000001,3.0098039215686274,3.1499110088986457,6.644151565074135,2.2478753424693583,9489.939903292654,1614.8509654588897,7853.0,11083.0,11083.0,0.0,7853.0,0.0,28.153580474326503,21.144898621139774,33.20939818631492,19.372205370398486,0.14160718397421138,0.09785862307160949,0.09486530048353672,0.08404328804973521,0.08151047662905825,0.07230025328114206,0.06516233018650702,0.06470181901911122,0.06147824084734055,0.051346995164632744,0.043978816486299796,0.040755238314529124,0.03200552613400875,0.029933225880727606,0.018420446695832374,0.012894312687082661,0.007137923094635045,0.9289715077205651,0.022845037267750855,0.0,0.0,0.0,0.0,0.0,0.0,0.0,0.0,0.0,0.0,0.0,0.0,0.0,0.0,0.0,0.0,0.0,0.0,0.0,0.0,0.0,0.0,0.0,0.0,0.0,0.07598434262030855,2.956481694681097,14.195256734975827,11.321667050425976,1.4506101772967999,4.335239456754825,2.864434334439013,nan,nan,nan,4.320890165111271,2.9411019144304116,4.351139601139601,2.7865529994400178,1.0070007417158107,0.4023,0.01234,0.0,0.0,0.0,0.0,0.0,0.0,0.0,0.0,0.0,0.0,0.07598434262030855,12.482155192263393,17.28298411236473,0.15887635275155426,0.0,0.0,0.0,0.0,0.0,0.0,0.0,0.0,0.0,0.0,0.0,0.0,0.0,0.0,0.0,0.0,nan,nan,4.335239456754825,2.864434334439013,nan,0.4023,0.0627,0.0,0.0,0.0,0.0,0.0,0.0,0.0,0.0,0.0,0.0,0.0,0.0,0.0,0.0,0.0,0.0,0.0,0.0002417683628827999,0.0,2.302555836979047e-05,3.45383375546857e-05,0.006850103615012664,0.002809118121114437,0.0023370941745337326,0.0013930462813723232,0.0012548929311535805,0.0030623992631821323,0.0022449919410545706,0.006758001381533502,0.010142758461892701,0.027699746718857932,0.008542482155192264,0.03808427354363343,0.016751093714022565,0.044416302095325814,0.06129403638038222,0.05492746949113516,0.06049965461662445,0.057690536495510016,0.05171540409854939,0.07175915265945199,0.06130554915956712,0.06901911121344692,0.07111443702509786,0.011443702509785863,0.030957863228183283,0.04889477319825006,0.016094865300483537,0.05199171079898687,0.04068616163941976,0.02516693529818098,0.01577250748330647,0.006804052498273083,0.005180750633202855,0.009290812802210453,0.0030278609256274465,0.0023370941745337326,0.0003223578171770665,5.7563895924476166e-05,0.0,0.0,0.0,0.0,0.0,0.0,0.0,0.0,0.0,0.0,0.0,0.0,0.0,0.0,0.0,0.0,0.0,0.0,0.0,0.0,0.0,0.0,0.0,0.0,0.0,0.0,0.0,0.0,0.0,0.0,0.0,0.0,0.0,0.0,0.0,0.0,0.0,0.0,0.0,0.0,0.0,0.0,nan,nan,4.335239456754825,2.864434334439013,nan,0.929096997650793,0.022565192320170693,0.0,0.0,0.0,0.0,0.0,0.0,0.0,0.0,0.0,0.0,0.0,0.0,0.0,0.0,0.0,0.0,0.0,0.0,0.0,0.0,0.0,0.0,0.0,0.0,0.0,0.10904134484325309,2.889595638346207,14.14811449341209,11.39482053611995,1.4584279872785102,0.928842561251643,0.023128354268196358,0.0,0.0,0.0,0.0,0.0,0.0,0.0,0.0,0.0,0.0,0.0,0.0,0.0,0.0,0.0,0.0,0.0,0.0,0.0,0.0,0.0,0.0,0.0,0.0,0.0,0.04201680672268908,3.0252100840336142,14.2436974789916,11.246498599439777,1.4425770308123254,0.4023,0.0126,0.0,0.0,0.0,0.0,0.0,0.0,0.0,0.0,0.0,0.0,0.08178100863243981,12.51249432076327,17.21490231712858,0.19082235347569293,0.0,0.0,0.0,0.0,0.0,0.0,0.0,0.0,0.0,0.0,0.0,0.0,0.0,0.0,0.0,0.0,0.4023,0.01206,0.0,0.0,0.0,0.0,0.0,0.0,0.0,0.0,0.0,0.0,0.07002801120448181,12.450980392156843,17.35294117647059,0.12605042016806725,0.0,0.0,0.0,0.0,0.0,0.0,0.0,0.0,0.0,0.0,0.0,0.0,0.0,0.0,0.0,0.0
82200,4561,2378,0.5213768910326683,1091,945,0.4463933347950011,1270,0.5568954176715633,0.4280000000000001,3.00870361887311,3.128990142020268,6.585160202360877,2.2507069939574236,9537.04735803552,1613.5233070359768,7853.0,11083.0,11083.0,0.0,7853.0,0.0,27.9370752028064,21.014152217465565,32.97982708933718,19.265647357735535,0.14317035737776804,0.09625082218811665,0.09668932251699189,0.0892348169261127,0.07673755755316816,0.07125630344222758,0.06906380179785135,0.06402104801578601,0.05832054374040781,0.05283928962946722,0.044946283709712785,0.037272527954395965,0.03354527515895637,0.02894102170576628,0.02039026529269897,0.011401008550756413,0.00591975443981583,0.9289102592480807,0.023327247054978826,0.0,0.0,0.0,0.0,0.0,0.0,0.0,0.0,0.0,0.0,0.0,0.0,0.0,0.0,0.0,0.0,0.0,0.0,0.0,0.0,0.0,0.0,0.0,0.0,0.0,0.11839508879631662,3.1440473580355195,13.83249287436966,11.379083534312654,1.5259811444858589,4.321673525377229,2.894597294203307,nan,nan,nan,4.286986301369863,2.872490297052657,4.3594501718213055,2.914946382434093,1.016903219501375,0.402,0.01207,0.0,0.0,0.0,0.0,0.0,0.0,0.0,0.0,0.0,0.0,0.039465029598772204,12.780092085069045,16.989695242271434,0.19074764306073236,0.0,0.0,0.0,0.0,0.0,0.0,0.0,0.0,0.0,0.0,0.0,0.0,0.0,0.0,0.0,0.0,nan,nan,4.321673525377229,2.894597294203307,nan,0.4023,0.0624,0.0,0.0,0.0,0.0,0.0,0.0,0.0,0.0,0.0,0.0,0.0,0.0,0.0,0.0,0.0,0.0,0.0,0.00014251260688445517,0.0,0.0,0.00010962508221881167,0.006402104801578601,0.002905064678798509,0.0018526638894979172,0.0018197763648322737,0.0014799386099539574,0.0031352773514580134,0.0023240517430388073,0.00686253014689761,0.010973470730103048,0.02707739530804648,0.008101293575970182,0.03782065336549002,0.016410874808156107,0.04488050866038149,0.059055031791273846,0.05429730322297742,0.06130234597675948,0.059657969743477306,0.050866038149528614,0.07304319228239421,0.06272747204560404,0.07151940363955273,0.07131111598333699,0.011872396404297303,0.03007016005262004,0.046393334795001094,0.016969962727472046,0.04843236132427099,0.04276474457355843,0.025158956369217278,0.015018636263977198,0.006588467441350581,0.005371629028721772,0.00967989475992107,0.0031133523350142514,0.0021596141197105898,0.00010962508221881167,0.00021925016443762334,0.0,0.0,0.0,0.0,0.0,0.0,0.0,0.0,0.0,0.0,0.0,0.0,0.0,0.0,0.0,0.0,0.0,0.0,0.0,0.0,0.0,0.0,0.0,0.0,0.0,0.0,0.0,0.0,0.0,0.0,0.0,0.0,0.0,0.0,0.0,0.0,0.0,0.0,0.0,0.0,0.0,0.0,nan,nan,4.321673525377229,2.894597294203307,nan,0.9293603250918215,0.023210524917075984,0.0,0.0,0.0,0.0,0.0,0.0,0.0,0.0,0.0,0.0,0.0,0.0,0.0,0.0,0.0,0.0,0.0,0.0,0.0,0.0,0.0,0.0,0.0,0.0,0.0,0.12615643397813292,3.040370058873003,13.7636669470143,11.568544995794788,1.5012615643397818,0.9284199905461037,0.023443904280757624,0.0,0.0,0.0,0.0,0.0,0.0,0.0,0.0,0.0,0.0,0.0,0.0,0.0,0.0,0.0,0.0,0.0,0.0,0.0,0.0,0.0,0.0,0.0,0.0,0.0,0.1099404489234998,3.2569857993586817,13.907466788822724,11.172698121850665,1.5529088410444347,0.4023,0.01211,0.0,0.0,0.0,0.0,0.0,0.0,0.0,0.0,0.0,0.0,0.012615643397813292,12.88057190916735,16.867115222876368,0.23969722455845252,0.0,0.0,0.0,0.0,0.0,0.0,0.0,0.0,0.0,0.0,0.0,0.0,0.0,0.0,0.0,0.0,0.402,0.01203,0.0,0.0,0.0,0.0,0.0,0.0,0.0,0.0,0.0,0.0,0.06871278057718737,12.67063673843333,17.123224919835092,0.13742556115437474,0.0,0.0,0.0,0.0,0.0,0.0,0.0,0.0,0.0,0.0,0.0,0.0,0.0,0.0,0.0,0.0
82300,4731,2391,0.5053899809765378,1087,995,0.44007609384908053,1343,0.5677446628619742,0.4120000000000001,2.9534188034188036,3.12420401141564,6.636222910216718,2.1555287054100294,9485.409638554216,1614.9061596530653,7853.0,11083.0,11083.0,0.0,7853.0,0.0,27.45149017121116,20.779278173070583,32.37783947501262,19.122148966496862,0.1399281335869795,0.10378355527372649,0.09701965757767914,0.08983301627562883,0.08349186218558444,0.07038681039949271,0.07228915662650602,0.05960684844641725,0.05685901500739801,0.054111181568378776,0.04290847600930036,0.03762418093426337,0.033396744874233775,0.023039526527161278,0.017966603255125765,0.0103572183470725,0.007398013105051786,0.9299871734573987,0.022885534702735886,0.0,0.0,0.0,0.0,0.0,0.0,0.0,0.0,0.0,0.0,0.0,0.0,0.0,0.0,0.0,0.0,0.0,0.0,0.0,0.0,0.0,0.0,0.0,0.0,0.0,0.11414077362079901,2.840837032339887,13.823715916296768,11.667723525681676,1.5535827520608754,4.354097268487675,2.8869779655117394,nan,nan,nan,4.3450797872340425,2.8574165805689926,4.363150867823765,2.9163282701669715,1.0041589755481166,0.4023,0.01198,0.0,0.0,0.0,0.0,0.0,0.0,0.0,0.0,0.0,0.0,0.038046924540266334,12.733037412809113,17.095751426759673,0.13316423589093218,0.0,0.0,0.0,0.0,0.0,0.0,0.0,0.0,0.0,0.0,0.0,0.0,0.0,0.0,0.0,0.0,nan,nan,4.354097268487675,2.8869779655117394,nan,0.4023,0.06238,0.0,0.0,0.0,0.0,0.0,0.0,0.0,0.0,0.0,0.0,0.0,0.0,0.0,0.0,0.0,0.0,0.0,0.0001585288522511097,0.0,3.170577045022194e-05,0.00017966603255125765,0.005368843796237582,0.003181145635172268,0.0016381314732614668,0.0021031494398647222,0.00108856478545762,0.0037835552737264847,0.0023990699640667936,0.0060135277953920945,0.009807651659268654,0.027235256816740647,0.00876136123441133,0.0380152187698161,0.01643415768336504,0.04575142675967026,0.05907841893891355,0.05763052208835341,0.0603572183470725,0.05839146057915874,0.05064468399915451,0.0723419995772564,0.06828366095962798,0.07004861551469034,0.06952018600718664,0.010558021559923907,0.030870851828366096,0.044483195941661384,0.016930881420418518,0.04661805115197633,0.04079475797928556,0.027266962587190868,0.014267596702599873,0.00679560346649757,0.006108645106742761,0.010589727330374128,0.003720143732826041,0.0023250898330162756,0.00011625449165081379,0.0002959205242020714,1.056859015007398e-05,0.0,0.0,0.0,0.0,0.0,0.0,0.0,0.0,0.0,0.0,0.0,0.0,0.0,0.0,0.0,0.0,0.0,0.0,0.0,0.0,0.0,0.0,0.0,0.0,0.0,0.0,0.0,0.0,0.0,0.0,0.0,0.0,0.0,0.0,0.0,0.0,0.0,0.0,0.0,0.0,0.0,nan,nan,4.354097268487675,2.8869779655117394,nan,0.9302089442921602,0.022797458700274574,0.0,0.0,0.0,0.0,0.0,0.0,0.0,0.0,0.0,0.0,0.0,0.0,0.0,0.0,0.0,0.0,0.0,0.0,0.0,0.0,0.0,0.0,0.0,0.0,0.0,0.12547051442910917,2.8732747804266006,13.588456712672524,11.894604767879551,1.5181932245922212,0.9297605691557257,0.02297297028348123,0.0,0.0,0.0,0.0,0.0,0.0,0.0,0.0,0.0,0.0,0.0,0.0,0.0,0.0,0.0,0.0,0.0,0.0,0.0,0.0,0.0,0.0,0.0,0.0,0.0,0.10256410256410259,2.8076923076923084,14.064102564102567,11.43589743589744,1.58974358974359,0.4026,0.01177,0.0,0.0,0.0,0.0,0.0,0.0,0.0,0.0,0.0,0.0,0.03764115432873275,12.208281053952303,17.64115432873275,0.11292346298619826,0.0,0.0,0.0,0.0,0.0,0.0,0.0,0.0,0.0,0.0,0.0,0.0,0.0,0.0,0.0,0.0,0.402,0.01218,0.0,0.0,0.0,0.0,0.0,0.0,0.0,0.0,0.0,0.0,0.03846153846153847,13.26923076923075,16.53846153846154,0.15384615384615388,0.0,0.0,0.0,0.0,0.0,0.0,0.0,0.0,0.0,0.0,0.0,0.0,0.0,0.0,0.0,0.0
82400,4663,2406,0.5159768389448852,1168,962,0.4567874758739009,1344,0.5764529273000214,0.38400000000000006,2.991581745680106,3.005742550902764,6.257597684515195,2.1310697300060455,9519.605189791979,1614.1753016282134,7853.0,11083.0,11083.0,0.0,7853.0,0.0,28.91464722281793,20.85995926185673,33.76101265822785,18.959653337303557,0.12867252841518337,0.09564657945528629,0.08749731932232468,0.08492386875402101,0.07741797126313532,0.07548788333690758,0.06841089427407249,0.06798198584602187,0.06991207377224963,0.0536135535063264,0.048895560797769674,0.04675101865751662,0.03131031524769462,0.028951318893416254,0.017370791336049754,0.009650439631138753,0.007505897490885696,0.9304310842412188,0.023023655251897226,0.0,0.0,0.0,0.0,0.0,0.0,0.0,0.0,0.0,0.0,0.0,0.0,0.0,0.0,0.0,0.0,0.0,0.0,0.0,0.0,0.0,0.0,0.0,0.0,0.0,0.1286725284151834,2.5798841947244266,13.71005790263779,11.915076131245982,1.6663092429766249,4.123221216041397,2.7780122583596443,nan,nan,nan,4.121594684385382,2.7426432157940597,4.12476370510397,2.8111418416600005,1.0007688821830525,0.4028,0.011986,0.0,0.0,0.0,0.0,0.0,0.0,0.0,0.0,0.0,0.0,0.03216813210379585,12.114518550289496,17.718207162770753,0.13510615483594254,0.0,0.0,0.0,0.0,0.0,0.0,0.0,0.0,0.0,0.0,0.0,0.0,0.0,0.0,0.0,0.0,nan,nan,4.123221216041397,2.7780122583596443,nan,0.4028,0.06247,0.0,0.0,0.0,0.0,0.0,0.0,0.0,0.0,0.0,0.0,0.0,0.0,0.0,0.0,0.0,0.0,0.0,0.00012867252841518336,0.0,0.0,0.0003216813210379584,0.005468582457645293,0.0032275359210808493,0.001308170705554364,0.002262491957966974,0.0007827578811923654,0.003259704053184645,0.0020480377439416686,0.006187004074630066,0.01113017370791336,0.025595110443920224,0.008385159768389449,0.03609264422045893,0.016952605618700406,0.04447780398884838,0.06211666309242977,0.058642504825219814,0.059575380656229894,0.05704482093073129,0.053313317606690974,0.0708771177353635,0.07023375509328758,0.06900064336264207,0.066491529058546,0.011934377010508257,0.02926227750375295,0.04413467724640789,0.017660304524983916,0.04911001501179498,0.04043534205447137,0.02662449067124169,0.015891057259275143,0.005629423118164272,0.006304953892343985,0.0097898348702552,0.004364143255414969,0.0033562084494960327,0.00011794981771391808,0.0004289084280506112,0.0,3.216813210379584e-05,0.0,0.0,0.0,0.0,0.0,0.0,0.0,0.0,0.0,0.0,0.0,0.0,0.0,0.0,0.0,0.0,0.0,0.0,0.0,0.0,0.0,0.0,0.0,0.0,0.0,0.0,0.0,0.0,0.0,0.0,0.0,0.0,0.0,0.0,0.0,0.0,0.0,0.0,0.0,0.0,nan,nan,4.123221216041397,2.7780122583596443,nan,0.9297962733486347,0.02309026787274129,0.0,0.0,0.0,0.0,0.0,0.0,0.0,0.0,0.0,0.0,0.0,0.0,0.0,0.0,0.0,0.0,0.0,0.0,0.0,0.0,0.0,0.0,0.0,0.0,0.0,0.1496259351620948,2.73067331670823,13.840399002493768,11.733167082294267,1.5461346633416462,0.9311078033407124,0.022933089761219456,0.0,0.0,0.0,0.0,0.0,0.0,0.0,0.0,0.0,0.0,0.0,0.0,0.0,0.0,0.0,0.0,0.0,0.0,0.0,0.0,0.0,0.0,0.0,0.0,0.0,0.1063358440407621,2.4191404519273374,13.571112095702263,12.108994240141785,1.7944173681878604,0.4026,0.01184,0.0,0.0,0.0,0.0,0.0,0.0,0.0,0.0,0.0,0.0,0.012468827930174566,12.231920199501229,17.61845386533666,0.13715710723192023,0.0,0.0,0.0,0.0,0.0,0.0,0.0,0.0,0.0,0.0,0.0,0.0,0.0,0.0,0.0,0.0,0.403,0.01214,0.0,0.0,0.0,0.0,0.0,0.0,0.0,0.0,0.0,0.0,0.05316792202038105,11.989366415595907,17.824545857332748,0.1329198050509526,0.0,0.0,0.0,0.0,0.0,0.0,0.0,0.0,0.0,0.0,0.0,0.0,0.0,0.0,0.0,0.0
82500,4299,2200,0.5117469178878808,1022,886,0.4438241451500349,1197,0.5568736915561758,0.4280000000000001,2.9666507860886138,3.092019384749642,6.540677966101695,2.156002157483575,9505.942544777856,1614.554230521781,7853.0,11083.0,11083.0,0.0,7853.0,0.0,27.267969295184926,20.529347985776013,32.09534368070953,18.8833301009722,0.13840428006513142,0.10537334263782275,0.10304722028378693,0.08722958827634333,0.0837404047452896,0.06838799720865317,0.06838799720865317,0.0642009769713887,0.06164224238194929,0.04954640614096301,0.04512677366829495,0.035822284252151664,0.032565712956501514,0.025587345894394046,0.018143754361479414,0.006745754826703885,0.006047918120493138,0.9301780151971469,0.023177049613480483,0.0,0.0,0.0,0.0,0.0,0.0,0.0,0.0,0.0,0.0,0.0,0.0,0.0,0.0,0.0,0.0,0.0,0.0,0.0,0.0,0.0,0.0,0.0,0.0,0.0,0.05582693649685975,2.777390090718772,13.621772505233778,11.814375436147944,1.7306350314026522,4.319172515700037,2.8660680591797623,nan,nan,nan,4.262453531598513,2.9044708395000485,4.376193975018369,2.8273084025150323,1.026684265899129,0.4028,0.012115,0.0,0.0,0.0,0.0,0.0,0.0,0.0,0.0,0.0,0.0,0.03489183531053734,12.581995812979745,17.17376133984648,0.20935101186322405,0.0,0.0,0.0,0.0,0.0,0.0,0.0,0.0,0.0,0.0,0.0,0.0,0.0,0.0,0.0,0.0,nan,nan,4.319172515700037,2.8660680591797623,nan,0.4028,0.0623,0.0,0.0,0.0,0.0,0.0,0.0,0.0,0.0,0.0,0.0,0.0,0.0,0.0,0.0,0.0,0.0,0.0,0.00046522447080716444,0.0,0.0,0.00045359385903698534,0.004791812049313794,0.0033961386368923006,0.0010700162828564783,0.002058618283321703,0.0011165387299371947,0.0033961386368923006,0.0016980693184461503,0.006641079320772273,0.010386136310769947,0.02541288671784136,0.00824610374505699,0.03703186787625029,0.016178180972319146,0.04375436147941382,0.06365433821819028,0.05861828332170272,0.0602465689695278,0.05744359153291463,0.050535008141428236,0.07022563386834148,0.07078390323331007,0.07128401953942777,0.06929518492672715,0.011293324028843917,0.0309025354733659,0.042579669690625724,0.018155384973249592,0.04962782042335427,0.037578506629448706,0.02527331937659921,0.015654803442661083,0.0057338916026983015,0.0066178180972319145,0.008525238427541288,0.005245405908350779,0.004152128401953943,0.00013956734124214934,0.0003372877413351942,0.0,0.0,0.0,0.0,0.0,0.0,0.0,0.0,0.0,0.0,0.0,0.0,0.0,0.0,0.0,0.0,0.0,0.0,0.0,0.0,0.0,0.0,0.0,0.0,0.0,0.0,0.0,0.0,0.0,0.0,0.0,0.0,0.0,0.0,0.0,0.0,0.0,0.0,0.0,0.0,0.0,0.0,nan,nan,4.319172515700037,2.8660680591797623,nan,0.9300269798257134,0.023397942202338384,0.0,0.0,0.0,0.0,0.0,0.0,0.0,0.0,0.0,0.0,0.0,0.0,0.0,0.0,0.0,0.0,0.0,0.0,0.0,0.0,0.0,0.0,0.0,0.0,0.0,0.06818181818181819,2.8772727272727283,13.650000000000004,11.713636363636367,1.6909090909090914,0.9303363181114651,0.022942178322459116,0.0,0.0,0.0,0.0,0.0,0.0,0.0,0.0,0.0,0.0,0.0,0.0,0.0,0.0,0.0,0.0,0.0,0.0,0.0,0.0,0.0,0.0,0.0,0.0,0.0,0.04287756074321106,2.6727012863268227,13.592186755597908,11.919961886612676,1.7722725107193906,0.4026,0.01207,0.0,0.0,0.0,0.0,0.0,0.0,0.0,0.0,0.0,0.0,0.040909090909090916,12.709090909090891,17.127272727272732,0.12272727272727275,0.0,0.0,0.0,0.0,0.0,0.0,0.0,0.0,0.0,0.0,0.0,0.0,0.0,0.0,0.0,0.0,0.4028,0.01216,0.0,0.0,0.0,0.0,0.0,0.0,0.0,0.0,0.0,0.0,0.028585040495474043,12.448785135778925,17.22248689852311,0.30014292520247743,0.0,0.0,0.0,0.0,0.0,0.0,0.0,0.0,0.0,0.0,0.0,0.0,0.0,0.0,0.0,0.0
82600,4533,2351,0.5186410765497463,1103,924,0.4471652327377013,1248,0.5506287227001986,0.4080000000000001,2.9550870760769934,3.0457554523704222,6.403536977491961,2.050688935545564,9528.21067725568,1613.877217865229,7853.0,11083.0,11083.0,0.0,7853.0,0.0,27.809838958746965,20.971233862612152,33.01060726597719,19.160777523596664,0.14780498566071035,0.09596293845135671,0.09044782704610634,0.08471211118464593,0.08338848444738584,0.07654974630487536,0.07279947054930509,0.059342598720494154,0.06066622545775425,0.04963600264725347,0.046547540260313255,0.03441429516876241,0.03441429516876241,0.02559011692036179,0.018089565409221266,0.011692036179130819,0.007941760423560556,0.9297636199307815,0.02329680530624898,0.0,0.0,0.0,0.0,0.0,0.0,0.0,0.0,0.0,0.0,0.0,0.0,0.0,0.0,0.0,0.0,0.0,0.0,0.0,0.0,0.0,0.0,0.0,0.0,0.0,0.09927200529450697,2.8656518861681013,13.917935142289878,11.455989410986104,1.6611515552614167,4.212663454920853,2.81907852165179,nan,nan,nan,4.280737704918033,2.847875346870115,4.145038167938932,2.7882333088649447,0.9682999645544274,0.4036,0.01223,0.0,0.0,0.0,0.0,0.0,0.0,0.0,0.0,0.0,0.0,0.06618133686300465,11.806750496360008,17.915287888815357,0.2117802779616149,0.0,0.0,0.0,0.0,0.0,0.0,0.0,0.0,0.0,0.0,0.0,0.0,0.0,0.0,0.0,0.0,nan,nan,4.212663454920853,2.81907852165179,nan,0.4036,0.0628,0.0,0.0,0.0,0.0,0.0,0.0,0.0,0.0,0.0,0.0,0.0,0.0,0.0,0.0,0.0,0.0,0.0,0.00037502757555702625,0.0,0.0,0.0005625413633355393,0.004798146922567836,0.003529671299360247,0.001500110302228105,0.0016324729759541142,0.0009485991617030664,0.0031105228325612176,0.0014339289653651005,0.007688065298919038,0.0100044120891242,0.025987204941539818,0.008184425325391573,0.036532097948378556,0.015431281711890581,0.04259872049415398,0.06431722920803,0.05846018089565409,0.061239797043900285,0.0528016765938672,0.05165453342157512,0.06730641958967572,0.07170747849106551,0.06982131039046989,0.06954555482020737,0.01214427531436135,0.029649238914626074,0.04484888594749614,0.019688947716743878,0.04901831016986543,0.04096624751819987,0.024034855504081184,0.015199647032870064,0.005923229649238915,0.007831458195455549,0.00828369733068608,0.005327597617471873,0.005228325612177366,6.618133686300464e-05,0.0006176924773880432,0.0,0.0,0.0,0.0,0.0,0.0,0.0,0.0,0.0,0.0,0.0,0.0,0.0,0.0,0.0,0.0,0.0,0.0,0.0,0.0,0.0,0.0,0.0,0.0,0.0,0.0,0.0,0.0,0.0,0.0,0.0,0.0,0.0,0.0,0.0,0.0,0.0,0.0,0.0,0.0,0.0,0.0,nan,nan,4.212663454920853,2.81907852165179,nan,0.929838223286965,0.02342649691390345,0.0,0.0,0.0,0.0,0.0,0.0,0.0,0.0,0.0,0.0,0.0,0.0,0.0,0.0,0.0,0.0,0.0,0.0,0.0,0.0,0.0,0.0,0.0,0.0,0.0,0.051042109740535954,3.1390897490429612,13.641003828158233,11.42067205444492,1.7481922586133565,0.9296832384044812,0.02315598692362277,0.0,0.0,0.0,0.0,0.0,0.0,0.0,0.0,0.0,0.0,0.0,0.0,0.0,0.0,0.0,0.0,0.0,0.0,0.0,0.0,0.0,0.0,0.0,0.0,0.0,0.15123739688359306,2.571035747021082,14.216315307057748,11.494042163153074,1.5673693858845101,0.4036,0.01219,0.0,0.0,0.0,0.0,0.0,0.0,0.0,0.0,0.0,0.0,0.051042109740535954,11.892811569544858,17.826456826882183,0.2296894938324118,0.0,0.0,0.0,0.0,0.0,0.0,0.0,0.0,0.0,0.0,0.0,0.0,0.0,0.0,0.0,0.0,0.4036,0.01226,0.0,0.0,0.0,0.0,0.0,0.0,0.0,0.0,0.0,0.0,0.08249312557286895,11.71402383134737,18.01099908340972,0.19248395967002754,0.0,0.0,0.0,0.0,0.0,0.0,0.0,0.0,0.0,0.0,0.0,0.0,0.0,0.0,0.0,0.0
82700,4490,2298,0.5118040089086859,1095,890,0.4420935412026726,1253,0.5581291759465479,0.4240000000000001,2.9411496350364965,3.1266899301362128,6.633279483037157,2.1984553406272616,9506.126948775056,1614.5498864318515,7853.0,11083.0,11083.0,0.0,7853.0,0.0,28.05879732739421,20.991930136306316,32.890678637443884,19.30695676700049,0.13652561247216036,0.10556792873051225,0.09198218262806236,0.08819599109131403,0.07349665924276169,0.07884187082405346,0.0665924276169265,0.06547884187082405,0.05924276169265033,0.051224944320712694,0.04365256124721604,0.041648106904231624,0.031403118040089086,0.02873051224944321,0.018708240534521157,0.012026726057906459,0.0066815144766146995,0.9293623831728784,0.02316770733118013,0.0,0.0,0.0,0.0,0.0,0.0,0.0,0.0,0.0,0.0,0.0,0.0,0.0,0.0,0.0,0.0,0.0,0.0,0.0,0.0,0.0,0.0,0.0,0.0,0.0,0.08017817371937641,2.7861915367483303,14.325167037861918,11.07126948775056,1.7371937639198223,4.287994448299791,2.921655998053423,nan,nan,nan,4.183137525915687,2.8920294817979206,4.393728222996516,2.9474542909462396,1.0503427620479033,0.4033,0.01247,0.0,0.0,0.0,0.0,0.0,0.0,0.0,0.0,0.0,0.0,0.0334075723830735,12.126948775055661,17.62583518930958,0.21380846325167044,0.0,0.0,0.0,0.0,0.0,0.0,0.0,0.0,0.0,0.0,0.0,0.0,0.0,0.0,0.0,0.0,nan,nan,4.287994448299791,2.921655998053423,nan,0.4033,0.0627,0.0,0.0,0.0,0.0,0.0,0.0,0.0,0.0,0.0,0.0,0.0,0.0,0.0,0.0,0.0,0.0,0.0,0.00021158129175946548,0.0,7.795100222717149e-05,0.0006124721603563474,0.004799554565701559,0.003708240534521158,0.0013697104677060134,0.0016035634743875279,0.0013140311804008909,0.0029844097995545657,0.0012806236080178173,0.007416481069042316,0.010267260579064588,0.02660356347438753,0.00811804008908686,0.035456570155902006,0.01586859688195991,0.04498886414253898,0.06366369710467706,0.05635857461024499,0.05975501113585746,0.052828507795100225,0.05388641425389755,0.06822939866369711,0.06946547884187082,0.07339643652561247,0.06936525612472161,0.012828507795100223,0.028719376391982184,0.04675946547884187,0.019788418708240534,0.045879732739420934,0.04133630289532294,0.024376391982182628,0.012706013363028953,0.0063251670378619155,0.007371937639198218,0.009097995545657015,0.004454342984409799,0.006124721603563474,0.0,0.0006013363028953229,0.0,0.0,0.0,0.0,0.0,0.0,0.0,0.0,0.0,0.0,0.0,0.0,0.0,0.0,0.0,0.0,0.0,0.0,0.0,0.0,0.0,0.0,0.0,0.0,0.0,0.0,0.0,0.0,0.0,0.0,0.0,0.0,0.0,0.0,0.0,0.0,0.0,0.0,0.0,0.0,0.0,0.0,nan,nan,4.287994448299791,2.921655998053423,nan,0.9295075596987008,0.02331797853620792,0.0,0.0,0.0,0.0,0.0,0.0,0.0,0.0,0.0,0.0,0.0,0.0,0.0,0.0,0.0,0.0,0.0,0.0,0.0,0.0,0.0,0.0,0.0,0.0,0.0,0.052219321148825076,2.806788511749348,14.164490861618802,11.161879895561361,1.8146214099216713,0.9292101862493658,0.02300813210794223,0.0,0.0,0.0,0.0,0.0,0.0,0.0,0.0,0.0,0.0,0.0,0.0,0.0,0.0,0.0,0.0,0.0,0.0,0.0,0.0,0.0,0.0,0.0,0.0,0.0,0.10948905109489054,2.7645985401459856,14.493613138686134,10.976277372262775,1.6560218978102195,0.403,0.01252,0.0,0.0,0.0,0.0,0.0,0.0,0.0,0.0,0.0,0.0,0.052219321148825076,11.971279373368128,17.793733681462143,0.18276762402088778,0.0,0.0,0.0,0.0,0.0,0.0,0.0,0.0,0.0,0.0,0.0,0.0,0.0,0.0,0.0,0.0,0.4033,0.0124,0.0,0.0,0.0,0.0,0.0,0.0,0.0,0.0,0.0,0.0,0.013686131386861318,12.290145985401441,17.449817518248178,0.2463503649635037,0.0,0.0,0.0,0.0,0.0,0.0,0.0,0.0,0.0,0.0,0.0,0.0,0.0,0.0,0.0,0.0
82800,4741,2451,0.5169795401813964,1166,947,0.44568656401603035,1344,0.566968993883147,0.4160000000000001,3.1004366812227073,3.1684098172440067,6.640465793304221,2.1549155246570053,9522.84391478591,1614.068506913804,7853.0,11083.0,11083.0,0.0,7853.0,0.0,28.667791605146594,21.10791154817966,33.55264471057884,19.29077383313988,0.1366800253111158,0.09175279476903607,0.09428390634887154,0.08542501581944738,0.08226112634465303,0.07403501371018772,0.06644167897068129,0.060324825986078884,0.05484075089643535,0.05758278844125712,0.05252056528158616,0.04323982282218941,0.03796667369753216,0.026154819658299938,0.018772410883779792,0.009702594389369332,0.008015186669479013,0.9290910243258852,0.022990356553907146,0.0,0.0,0.0,0.0,0.0,0.0,0.0,0.0,0.0,0.0,0.0,0.0,0.0,0.0,0.0,0.0,0.0,0.0,0.0,0.0,0.0,0.0,0.0,0.0,0.0,0.10757224214300783,2.96140054840751,14.129930394431558,11.200168740771993,1.60092807424594,4.308681672025723,2.9486312479331627,nan,nan,nan,4.406472491909385,2.966559607727651,4.2148337595907925,2.9266191506021126,0.9565097177684745,0.4033,0.012474,0.0,0.0,0.0,0.0,0.0,0.0,0.0,0.0,0.0,0.0,0.03163889474794348,11.946846656823437,17.71778105884835,0.30373338958025736,0.0,0.0,0.0,0.0,0.0,0.0,0.0,0.0,0.0,0.0,0.0,0.0,0.0,0.0,0.0,0.0,nan,nan,4.308681672025723,2.9486312479331627,nan,0.4033,0.0628,0.0,0.0,0.0,0.0,0.0,0.0,0.0,0.0,0.0,0.0,0.0,0.0,0.0,0.0,0.0,0.0,0.0,0.00014764817549040287,0.0,0.0001054629824931449,0.0005695001054629824,0.006064121493355832,0.0034591858257751527,0.001655768825142375,0.0013182872811643113,0.0015292132461506012,0.0024783800885889054,0.001676861421641004,0.006876186458553048,0.008943260915418689,0.025986078886310906,0.007751529213246151,0.03698586796034592,0.015081206496519721,0.04441046192786332,0.06560852140898545,0.057329677283273574,0.06016663151233917,0.0553153343176545,0.05028475005273149,0.06953174435773044,0.06723265133937988,0.07064965197215778,0.07025943893693314,0.012244252267454124,0.027578569921957393,0.049725796245517824,0.02082893904239612,0.047331786542923436,0.04152077620755115,0.02414047669268087,0.0109892427757857,0.00683400126555579,0.008342121915207761,0.008637418266188569,0.003722843282008015,0.006359417844336638,0.0,0.0003163889474794347,1.054629824931449e-05,0.0,0.0,0.0,0.0,0.0,0.0,0.0,0.0,0.0,0.0,0.0,0.0,0.0,0.0,0.0,0.0,0.0,0.0,0.0,0.0,0.0,0.0,0.0,0.0,0.0,0.0,0.0,0.0,0.0,0.0,0.0,0.0,0.0,0.0,0.0,0.0,0.0,0.0,0.0,0.0,0.0,nan,nan,4.308681672025723,2.9486312479331627,nan,0.9286478060403681,0.02334505021423197,0.0,0.0,0.0,0.0,0.0,0.0,0.0,0.0,0.0,0.0,0.0,0.0,0.0,0.0,0.0,0.0,0.0,0.0,0.0,0.0,0.0,0.0,0.0,0.0,0.0,0.171358629130967,3.182374541003673,13.831089351285193,11.175030599755205,1.6401468788249698,0.9295654033729603,0.022594930083656917,0.0,0.0,0.0,0.0,0.0,0.0,0.0,0.0,0.0,0.0,0.0,0.0,0.0,0.0,0.0,0.0,0.0,0.0,0.0,0.0,0.0,0.0,0.0,0.0,0.0,0.03930131004366813,2.7248908296943237,14.44978165938865,11.227074235807864,1.5589519650655026,0.4033,0.01229,0.0,0.0,0.0,0.0,0.0,0.0,0.0,0.0,0.0,0.0,0.012239902080783356,11.750305997552003,17.955936352509184,0.2815177478580172,0.0,0.0,0.0,0.0,0.0,0.0,0.0,0.0,0.0,0.0,0.0,0.0,0.0,0.0,0.0,0.0,0.4033,0.012665,0.0,0.0,0.0,0.0,0.0,0.0,0.0,0.0,0.0,0.0,0.05240174672489084,12.157205240174655,17.462882096069873,0.3275109170305677,0.0,0.0,0.0,0.0,0.0,0.0,0.0,0.0,0.0,0.0,0.0,0.0,0.0,0.0,0.0,0.0
82900,4520,2334,0.5163716814159292,1101,888,0.44004424778761064,1232,0.5451327433628319,0.4360000000000001,2.9844464775846293,3.1785442055048603,6.5816993464052285,2.371851209071393,9520.88053097345,1614.1340246224804,7853.0,11083.0,11083.0,0.0,7853.0,0.0,28.011283185840707,20.930428502338103,32.85748031496063,19.225090314175254,0.13650442477876107,0.10154867256637168,0.09734513274336283,0.08473451327433629,0.08030973451327433,0.07676991150442478,0.06792035398230088,0.06305309734513274,0.05398230088495575,0.05309734513274336,0.047345132743362835,0.04269911504424779,0.029867256637168143,0.02831858407079646,0.01991150442477876,0.01084070796460177,0.005752212389380531,0.9295789247329256,0.02337465507981853,0.0,0.0,0.0,0.0,0.0,0.0,0.0,0.0,0.0,0.0,0.0,0.0,0.0,0.0,0.0,0.0,0.0,0.0,0.0,0.0,0.0,0.0,0.0,0.0,0.0,0.0929203539823009,3.0464601769911512,13.705752212389383,11.396017699115047,1.7588495575221244,4.2567892746648335,2.973769734258351,nan,nan,nan,4.203168044077135,2.9782343377678093,4.3102264927934115,2.9683502792645626,1.025470894238249,0.4036,0.01216,0.0,0.0,0.0,0.0,0.0,0.0,0.0,0.0,0.0,0.0,0.03982300884955753,11.707964601769895,18.05973451327434,0.19247787610619474,0.0,0.0,0.0,0.0,0.0,0.0,0.0,0.0,0.0,0.0,0.0,0.0,0.0,0.0,0.0,0.0,nan,nan,4.2567892746648335,2.973769734258351,nan,0.4036,0.06335,0.0,0.0,0.0,0.0,0.0,0.0,0.0,0.0,0.0,0.0,0.0,0.0,0.0,0.0,0.0,0.0,0.0,0.0002986725663716814,0.0,0.00013274336283185842,0.0006415929203539823,0.005929203539823008,0.0035508849557522124,0.001902654867256637,0.0014380530973451327,0.001581858407079646,0.002013274336283186,0.0016482300884955753,0.006648230088495575,0.009491150442477876,0.025508849557522122,0.008451327433628319,0.03515486725663717,0.0140929203539823,0.047920353982300885,0.06652654867256637,0.05584070796460177,0.06316371681415929,0.05269911504424779,0.04767699115044248,0.07235619469026548,0.06432522123893805,0.07109513274336283,0.06751106194690265,0.013152654867256638,0.028174778761061947,0.05045353982300885,0.020287610619469026,0.04695796460176991,0.04243362831858407,0.02327433628318584,0.01095132743362832,0.006261061946902655,0.009469026548672566,0.008661504424778761,0.003849557522123894,0.008163716814159292,1.1061946902654867e-05,0.0002986725663716814,0.0,0.0,0.0,0.0,0.0,0.0,0.0,0.0,0.0,0.0,0.0,0.0,0.0,0.0,0.0,0.0,0.0,0.0,0.0,0.0,0.0,0.0,0.0,0.0,0.0,0.0,0.0,0.0,0.0,0.0,0.0,0.0,0.0,0.0,0.0,0.0,0.0,0.0,0.0,0.0,0.0,0.0,nan,nan,4.2567892746648335,2.973769734258351,nan,0.9294992337496544,0.023298268959292247,0.0,0.0,0.0,0.0,0.0,0.0,0.0,0.0,0.0,0.0,0.0,0.0,0.0,0.0,0.0,0.0,0.0,0.0,0.0,0.0,0.0,0.0,0.0,0.0,0.0,0.08997429305912599,2.9562982005141394,13.753213367609257,11.55526992287918,1.6452442159383038,0.9296640110801145,0.023455639358098232,0.0,0.0,0.0,0.0,0.0,0.0,0.0,0.0,0.0,0.0,0.0,0.0,0.0,0.0,0.0,0.0,0.0,0.0,0.0,0.0,0.0,0.0,0.0,0.0,0.0,0.09606587374199453,3.142726440988107,13.655077767612081,11.225983531564504,1.8801463860933216,0.4038,0.012245,0.0,0.0,0.0,0.0,0.0,0.0,0.0,0.0,0.0,0.0,0.012853470437017999,11.658097686375305,18.174807197943448,0.15424164524421596,0.0,0.0,0.0,0.0,0.0,0.0,0.0,0.0,0.0,0.0,0.0,0.0,0.0,0.0,0.0,0.0,0.4033,0.01205,0.0,0.0,0.0,0.0,0.0,0.0,0.0,0.0,0.0,0.0,0.06861848124428181,11.761207685269882,17.936870997255266,0.23330283623055814,0.0,0.0,0.0,0.0,0.0,0.0,0.0,0.0,0.0,0.0,0.0,0.0,0.0,0.0,0.0,0.0
83000,4584,2386,0.5205061082024433,1126,945,0.4517888307155323,1293,0.5641361256544503,0.4080000000000001,2.9103730664240217,3.060605860294336,6.528052805280528,2.1437695057028026,9534.234729493892,1613.6412118587177,7853.0,11083.0,11083.0,0.0,7853.0,0.0,28.18520942408377,20.911294394318226,33.164935064935065,19.109352209818635,0.13765270506108201,0.09642233856893542,0.09009598603839442,0.087478184991274,0.08573298429319372,0.07547993019197208,0.06719022687609075,0.06326352530541013,0.05846422338568935,0.051047120418848166,0.04733856893542757,0.04232111692844677,0.03555846422338569,0.0274869109947644,0.01788830715532286,0.010471204188481676,0.006108202443280977,0.9304218116439034,0.023256270824980857,0.0,0.0,0.0,0.0,0.0,0.0,0.0,0.0,0.0,0.0,0.0,0.0,0.0,0.0,0.0,0.0,0.0,0.0,0.0,0.0,0.0,0.0,0.0,0.0,0.0,0.06544502617801048,2.8795811518324617,13.638743455497385,11.603403141361259,1.8128272251308903,4.108062897290064,2.83799766398329,nan,nan,nan,4.067897165458141,2.8188562026709922,4.149456521739131,2.8569993624089753,1.0200495127982923,0.4033,0.012566,0.0,0.0,0.0,0.0,0.0,0.0,0.0,0.0,0.0,0.0,0.03272251308900524,11.825916230366476,17.892670157068068,0.24869109947643983,0.0,0.0,0.0,0.0,0.0,0.0,0.0,0.0,0.0,0.0,0.0,0.0,0.0,0.0,0.0,0.0,nan,nan,4.108062897290064,2.83799766398329,nan,0.4033,0.06335,0.0,0.0,0.0,0.0,0.0,0.0,0.0,0.0,0.0,0.0,0.0,0.0,0.0,0.0,0.0,0.0,0.0,0.0002617801047120419,0.0,0.00027268760907504363,0.000981675392670157,0.00593368237347295,0.0031413612565445027,0.0017452006980802793,0.0014725130890052356,0.001668848167539267,0.0021269633507853404,0.0016470331588132635,0.006795375218150088,0.009456806282722514,0.025327225130890054,0.008246073298429319,0.03522033158813263,0.0150087260034904,0.04907286212914485,0.0662412739965096,0.055104712041884815,0.06524869109947644,0.05081806282722513,0.04898560209424084,0.07329842931937172,0.06303446771378708,0.06783376963350786,0.06913176265270506,0.012630890052356021,0.028075916230366493,0.05162521815008726,0.01913176265270506,0.04606239092495637,0.04292102966841187,0.02462914485165794,0.010449389179755672,0.006904450261780105,0.009609511343804538,0.008726003490401396,0.0033595113438045377,0.00762434554973822,1.0907504363001746e-05,0.0001636125654450262,0.0,0.0,0.0,0.0,0.0,0.0,0.0,0.0,0.0,0.0,0.0,0.0,0.0,0.0,0.0,0.0,0.0,0.0,0.0,0.0,0.0,0.0,0.0,0.0,0.0,0.0,0.0,0.0,0.0,0.0,0.0,0.0,0.0,0.0,0.0,0.0,0.0,0.0,0.0,0.0,0.0,0.0,nan,nan,4.108062897290064,2.83799766398329,nan,0.9306878390825803,0.023038950055836758,0.0,0.0,0.0,0.0,0.0,0.0,0.0,0.0,0.0,0.0,0.0,0.0,0.0,0.0,0.0,0.0,0.0,0.0,0.0,0.0,0.0,0.0,0.0,0.0,0.0,0.10058675607711653,2.6906957250628674,13.541492036881813,11.994970662196147,1.6722548197820624,0.9301330302659765,0.02348649314586334,0.0,0.0,0.0,0.0,0.0,0.0,0.0,0.0,0.0,0.0,0.0,0.0,0.0,0.0,0.0,0.0,0.0,0.0,0.0,0.0,0.0,0.0,0.0,0.0,0.0,0.027297543221110106,3.084622383985442,13.744313011828938,11.178343949044587,1.9654231119199277,0.4033,0.01254,0.0,0.0,0.0,0.0,0.0,0.0,0.0,0.0,0.0,0.0,0.025146689019279134,12.18357082984072,17.539815590947196,0.25146689019279134,0.0,0.0,0.0,0.0,0.0,0.0,0.0,0.0,0.0,0.0,0.0,0.0,0.0,0.0,0.0,0.0,0.4033,0.012596,0.0,0.0,0.0,0.0,0.0,0.0,0.0,0.0,0.0,0.0,0.04094631483166516,11.437670609645116,18.275705186533216,0.24567788898999096,0.0,0.0,0.0,0.0,0.0,0.0,0.0,0.0,0.0,0.0,0.0,0.0,0.0,0.0,0.0,0.0
83100,4949,2535,0.5122246918569408,1172,1015,0.4419074560517276,1399,0.5653667407557083,0.38800000000000007,2.9896437448218722,3.0917173669969333,6.577259475218659,2.0882167151161983,9507.485754697918,1614.5172266581535,7853.0,11083.0,11083.0,0.0,7853.0,0.0,27.70034350373813,20.929108997716057,32.64151398264224,19.26512687783652,0.13922004445342492,0.10305112143867448,0.09658516872095373,0.0885027278238028,0.08284501919579713,0.07233784602950091,0.0701151747827844,0.06142655081834714,0.05536472014548394,0.05213174378662356,0.04404930288947262,0.042028692665184886,0.027076177005455646,0.025055566781167913,0.02263083451202263,0.010709234188724995,0.006870074762578299,0.9300013088076783,0.02302352063117177,0.0,0.0,0.0,0.0,0.0,0.0,0.0,0.0,0.0,0.0,0.0,0.0,0.0,0.0,0.0,0.0,0.0,0.0,0.0,0.0,0.0,0.0,0.0,0.0,0.0,0.0909274600929481,2.9581733683572446,13.414831279046275,11.929682764194789,1.6063851283087496,4.3671006668783745,2.88960817162939,nan,nan,nan,4.451042324699936,2.8885330811350025,4.281150159744409,2.8888121672818117,0.9618309257558048,0.4033,0.011925,0.0,0.0,0.0,0.0,0.0,0.0,0.0,0.0,0.0,0.0,0.012123661345726412,11.505354617094346,18.318852293392606,0.16366942816730656,0.0,0.0,0.0,0.0,0.0,0.0,0.0,0.0,0.0,0.0,0.0,0.0,0.0,0.0,0.0,0.0,nan,nan,4.3671006668783745,2.88960817162939,nan,0.4033,0.0628,0.0,0.0,0.0,0.0,0.0,0.0,0.0,0.0,0.0,0.0,0.0,0.0,0.0,0.0,0.0,0.0,0.0,9.092746009294807e-05,0.0,0.0003030915336431602,0.0012830874924227116,0.005223277429783795,0.0028894726207314607,0.0015154576682158013,0.001737724792887452,0.00167710648615882,0.001646797332794504,0.001929682764194787,0.007597494443321883,0.008890684986866033,0.025055566781167913,0.00808244089715094,0.03405738533036977,0.015972923822994544,0.048918973530006064,0.06626591230551626,0.05500101030511215,0.0643665386946858,0.05080824408971509,0.051151747827844006,0.07789452414629218,0.060992119620125275,0.06742776318448171,0.0665892099414023,0.011830672863204687,0.02873307738937159,0.05265710244493837,0.01943827035764801,0.0483026874115983,0.04189735300060618,0.025136391190139423,0.010497070115174784,0.007839967670236411,0.009153364316023439,0.006758941200242473,0.00335421297231764,0.006799353404728228,7.072135785007072e-05,0.00016164881794301878,0.0,0.0,0.0,0.0,0.0,0.0,0.0,0.0,0.0,0.0,0.0,0.0,0.0,0.0,0.0,0.0,0.0,0.0,0.0,0.0,0.0,0.0,0.0,0.0,0.0,0.0,0.0,0.0,0.0,0.0,0.0,0.0,0.0,0.0,0.0,0.0,0.0,0.0,0.0,0.0,0.0,0.0,nan,nan,4.3671006668783745,2.88960817162939,nan,0.9297573946401683,0.023198427981755476,0.0,0.0,0.0,0.0,0.0,0.0,0.0,0.0,0.0,0.0,0.0,0.0,0.0,0.0,0.0,0.0,0.0,0.0,0.0,0.0,0.0,0.0,0.0,0.0,0.0,0.09467455621301778,3.0177514792899416,13.526627218934914,11.786982248520713,1.5739644970414204,0.9302574489960121,0.022835599992749304,0.0,0.0,0.0,0.0,0.0,0.0,0.0,0.0,0.0,0.0,0.0,0.0,0.0,0.0,0.0,0.0,0.0,0.0,0.0,0.0,0.0,0.0,0.0,0.0,0.0,0.08699254349627177,2.8956089478044746,13.297431648715827,12.079536039768023,1.6404308202154105,0.403,0.01205,0.0,0.0,0.0,0.0,0.0,0.0,0.0,0.0,0.0,0.0,0.011834319526627222,11.869822485207083,17.92899408284024,0.18934911242603555,0.0,0.0,0.0,0.0,0.0,0.0,0.0,0.0,0.0,0.0,0.0,0.0,0.0,0.0,0.0,0.0,0.4038,0.011795,0.0,0.0,0.0,0.0,0.0,0.0,0.0,0.0,0.0,0.0,0.01242750621375311,11.122618061309014,18.728251864125934,0.1367025683512842,0.0,0.0,0.0,0.0,0.0,0.0,0.0,0.0,0.0,0.0,0.0,0.0,0.0,0.0,0.0,0.0
83200,4493,2294,0.5105720008902738,1042,918,0.4362341419986646,1250,0.5564210994880926,0.4160000000000001,2.8749431559799907,3.055244662710301,6.425460636515913,2.177982176775872,9502.147562875583,1614.6389515769952,7853.0,11083.0,11083.0,0.0,7853.0,0.0,28.16714889828622,21.24954521542323,33.37576728049106,19.427329087416904,0.14578232806588026,0.09971066102826619,0.09525929223236144,0.07700868016915201,0.07723124860894726,0.07589583797017582,0.06588025817939017,0.0643222791008235,0.05898063654573781,0.05052303583351881,0.050077898953928335,0.04139772980191409,0.03561095036723792,0.021366570220342756,0.018695748942799913,0.014912085466280882,0.007344758513242822,0.9300547811546173,0.023165372875517582,0.0,0.0,0.0,0.0,0.0,0.0,0.0,0.0,0.0,0.0,0.0,0.0,0.0,0.0,0.0,0.0,0.0,0.0,0.0,0.0,0.0,0.0,0.0,0.0,0.0,0.07344758513242823,2.8711328733585586,13.647896728243937,11.731582461606948,1.6759403516581353,4.197286012526096,2.83193949285576,nan,nan,nan,4.112343966712899,2.8545168573992514,4.281621243885395,2.8070375070237317,1.0411632097272747,0.403,0.01199,0.0,0.0,0.0,0.0,0.0,0.0,0.0,0.0,0.0,0.0,0.03338526596928556,11.905185844647212,17.84776318718006,0.2136657022034276,0.0,0.0,0.0,0.0,0.0,0.0,0.0,0.0,0.0,0.0,0.0,0.0,0.0,0.0,0.0,0.0,nan,nan,4.197286012526096,2.83193949285576,nan,0.403,0.0626,0.0,0.0,0.0,0.0,0.0,0.0,0.0,0.0,0.0,0.0,0.0,0.0,0.0,1.1128421989761852e-05,0.0,0.0,0.0,0.0002336968617849989,0.0,0.0004228800356109504,0.0014912085466280882,0.00480747829957712,0.0030603160471845093,0.0017026485644335632,0.002492766525706655,0.0014800801246383263,0.0010794569330068997,0.0019363454262185623,0.006899621633652348,0.009192076563543289,0.02498330736701536,0.008335188070331626,0.033808146004896504,0.01537947918985088,0.04952147785444024,0.06750500778989539,0.05378366347651903,0.06799465835744492,0.04890941464500334,0.04883151569107501,0.07923436456710438,0.06017137769864233,0.06750500778989539,0.06625862452704206,0.01316492321388827,0.029334520365012242,0.05373914978855998,0.01905185844647229,0.048597818829290006,0.04303360783440908,0.02374805252615179,0.010126864010683285,0.007010905853549966,0.009002893389717338,0.006832851101713777,0.002782105497440463,0.006265301580235923,0.00015579790785666593,0.00012241264188738037,0.0,0.0,0.0,0.0,0.0,0.0,0.0,0.0,0.0,0.0,0.0,0.0,0.0,0.0,0.0,0.0,0.0,0.0,0.0,0.0,0.0,0.0,0.0,0.0,0.0,0.0,0.0,0.0,0.0,0.0,0.0,0.0,0.0,0.0,0.0,0.0,0.0,0.0,0.0,0.0,0.0,0.0,nan,nan,4.197286012526096,2.83193949285576,nan,0.9298563851360248,0.023244735486982682,0.0,0.0,0.0,0.0,0.0,0.0,0.0,0.0,0.0,0.0,0.0,0.0,0.0,0.0,0.0,0.0,0.0,0.0,0.0,0.0,0.0,0.0,0.0,0.0,0.0,0.07846556233653008,2.9424585876198788,13.823016564952052,11.429816913687885,1.726242371403662,0.9302617481699202,0.02308047346791325,0.0,0.0,0.0,0.0,0.0,0.0,0.0,0.0,0.0,0.0,0.0,0.0,0.0,0.0,0.0,0.0,0.0,0.0,0.0,0.0,0.0,0.0,0.0,0.0,0.0,0.06821282401091407,2.796725784447477,13.465211459754437,12.046384720327424,1.6234652114597548,0.403,0.01203,0.0,0.0,0.0,0.0,0.0,0.0,0.0,0.0,0.0,0.0,0.013077593722755016,12.01830863121184,17.798605056669576,0.17000871839581522,0.0,0.0,0.0,0.0,0.0,0.0,0.0,0.0,0.0,0.0,0.0,0.0,0.0,0.0,0.0,0.0,0.403,0.01196,0.0,0.0,0.0,0.0,0.0,0.0,0.0,0.0,0.0,0.0,0.05457025920873126,11.787175989085931,17.899045020463852,0.2592087312414734,0.0,0.0,0.0,0.0,0.0,0.0,0.0,0.0,0.0,0.0,0.0,0.0,0.0,0.0,0.0,0.0
83300,4550,2411,0.5298901098901099,1144,892,0.44747252747252747,1250,0.5494505494505495,0.4120000000000001,2.9607293127629735,3.0717385895818916,6.425632911392405,2.2411940007037003,9564.545054945054,1612.111674905202,7853.0,11083.0,11083.0,0.0,7853.0,0.0,28.59934065934066,20.852367499507118,33.22064516129032,19.131857224903428,0.12747252747252746,0.09648351648351648,0.09472527472527473,0.09010989010989011,0.08307692307692308,0.07274725274725274,0.06615384615384616,0.0632967032967033,0.054285714285714284,0.06087912087912088,0.05340659340659341,0.03824175824175824,0.037802197802197804,0.026153846153846153,0.01868131868131868,0.01098901098901099,0.005494505494505495,0.9293998067326598,0.022884638298007066,0.0,0.0,0.0,0.0,0.0,0.0,0.0,0.0,0.0,0.0,0.0,0.0,0.0,0.0,0.0,0.0,0.0,0.0,0.0,0.0,0.0,0.0,0.0,0.0,0.0,0.10549450549450552,2.967032967032968,13.938461538461542,11.525274725274729,1.463736263736264,4.087160576600738,2.8807648262114194,nan,nan,nan,4.021596858638744,2.809190147089232,4.156013745704468,2.95249732720709,1.0334237597130067,0.4033,0.01215,0.0,0.0,0.0,0.0,0.0,0.0,0.0,0.0,0.0,0.0,0.039560439560439566,11.914285714285697,17.861538461538466,0.18461538461538465,0.0,0.0,0.0,0.0,0.0,0.0,0.0,0.0,0.0,0.0,0.0,0.0,0.0,0.0,0.0,0.0,nan,nan,4.087160576600738,2.8807648262114194,nan,0.4033,0.06244,0.0,0.0,0.0,0.0,0.0,0.0,0.0,0.0,0.0,0.0,0.0,0.0,0.0,0.0,0.0,0.0,0.0,0.0003406593406593407,3.2967032967032964e-05,0.0006593406593406593,0.0017032967032967034,0.0043516483516483516,0.003120879120879121,0.0018461538461538461,0.003065934065934066,0.0017142857142857142,0.0007912087912087913,0.0017362637362637362,0.00678021978021978,0.008670329670329671,0.024362637362637364,0.008406593406593407,0.032274725274725274,0.015703296703296704,0.04830769230769231,0.07045054945054945,0.05121978021978022,0.06927472527472528,0.04842857142857143,0.04764835164835165,0.08213186813186814,0.05846153846153846,0.06663736263736264,0.06635164835164835,0.013131868131868132,0.029472527472527474,0.05310989010989011,0.021142857142857144,0.04981318681318681,0.0446043956043956,0.023978021978021978,0.011505494505494505,0.007626373626373626,0.007813186813186813,0.005494505494505495,0.002197802197802198,0.005538461538461538,3.2967032967032964e-05,3.2967032967032964e-05,3.2967032967032964e-05,0.0,0.0,0.0,0.0,0.0,0.0,0.0,0.0,0.0,0.0,0.0,0.0,0.0,0.0,0.0,0.0,0.0,0.0,0.0,0.0,0.0,0.0,0.0,0.0,0.0,0.0,0.0,0.0,0.0,0.0,0.0,0.0,0.0,0.0,0.0,0.0,0.0,0.0,0.0,0.0,0.0,nan,nan,4.087160576600738,2.8807648262114194,nan,0.9299817010358575,0.022689550934965164,0.0,0.0,0.0,0.0,0.0,0.0,0.0,0.0,0.0,0.0,0.0,0.0,0.0,0.0,0.0,0.0,0.0,0.0,0.0,0.0,0.0,0.0,0.0,0.0,0.0,0.0995437577768561,2.886768975528827,13.737038573206142,11.683948569058485,1.5927001244296977,0.9287439174549554,0.023084981313311916,0.0,0.0,0.0,0.0,0.0,0.0,0.0,0.0,0.0,0.0,0.0,0.0,0.0,0.0,0.0,0.0,0.0,0.0,0.0,0.0,0.0,0.0,0.0,0.0,0.0,0.11220196353436188,3.0575035063113614,14.165497896213187,11.346423562412344,1.318373071528752,0.4033,0.01196,0.0,0.0,0.0,0.0,0.0,0.0,0.0,0.0,0.0,0.0,0.012442969722107013,11.659062629614251,18.19162173372045,0.13687266694317712,0.0,0.0,0.0,0.0,0.0,0.0,0.0,0.0,0.0,0.0,0.0,0.0,0.0,0.0,0.0,0.0,0.403,0.01235,0.0,0.0,0.0,0.0,0.0,0.0,0.0,0.0,0.0,0.0,0.07012622720897617,12.201963534361834,17.489481065918657,0.23842917251051898,0.0,0.0,0.0,0.0,0.0,0.0,0.0,0.0,0.0,0.0,0.0,0.0,0.0,0.0,0.0,0.0
83400,4473,2345,0.5242566510172144,1093,906,0.44690364408674266,1235,0.5522021014978762,0.4280000000000001,2.9953007518796992,3.161828326806331,6.747870528109029,2.1967471841505763,9546.348982785603,1613.0983965327289,7853.0,11083.0,11083.0,0.0,7853.0,0.0,27.72434607645875,20.685508376886844,32.47205298013245,19.02516146141616,0.13480885311871227,0.10641627543035993,0.09188464118041582,0.09277889559579701,0.07914151576123407,0.07511737089201878,0.0701989716074223,0.06259780907668232,0.05522021014978761,0.053208137715179966,0.04560697518443997,0.041359266711379385,0.03532304940755645,0.022803487592219986,0.01609657947686117,0.012519561815336464,0.0049183992845964674,0.9285908605651036,0.023184242078668788,0.0,0.0,0.0,0.0,0.0,0.0,0.0,0.0,0.0,0.0,0.0,0.0,0.0,0.0,0.0,0.0,0.0,0.0,0.0,0.0,0.0,0.0,0.0,0.0,0.0,0.10060362173038231,3.105298457411134,14.439973172367543,10.717639168343394,1.6364855801475524,4.245901639344262,2.964011515460383,nan,nan,nan,4.227936066712995,2.9420198620575095,4.263489838822705,2.986881832917744,1.008409250175193,0.4033,0.01211,0.0,0.0,0.0,0.0,0.0,0.0,0.0,0.0,0.0,0.0,0.020120724346076462,11.797451374916147,18.01475519785379,0.16767270288397051,0.0,0.0,0.0,0.0,0.0,0.0,0.0,0.0,0.0,0.0,0.0,0.0,0.0,0.0,0.0,0.0,nan,nan,4.245901639344262,2.964011515460383,nan,0.4033,0.06223,0.0,0.0,0.0,0.0,0.0,0.0,0.0,0.0,0.0,0.0,0.0,0.0,0.0,0.0,0.0,0.0,0.0,0.0002906326849988822,0.0,0.0005253744690364409,0.001598479767493852,0.004460093896713615,0.0029622177509501454,0.001978537894030852,0.0026939414263357927,0.0008383635144198525,0.0009389671361502347,0.0017326179298010284,0.007780013413816231,0.007735300693047172,0.025296221775095013,0.0085177733065057,0.032003129890453834,0.01558238318801699,0.045260451598479766,0.07459199642298234,0.050257098144422085,0.07073552425665101,0.04788732394366197,0.04799910574558462,0.08285267158506596,0.059233176838810644,0.06490051419628884,0.0650122959982115,0.013793874357254638,0.02892913033758104,0.05223563603845294,0.020053655264922872,0.05010060362173038,0.04689246590655041,0.024938520008942543,0.012195394589760787,0.006986362620165437,0.007142857142857143,0.00596914822266935,0.002112676056338028,0.004873686563827409,2.23563603845294e-05,0.0,8.94254415381176e-05,0.0,0.0,0.0,0.0,0.0,0.0,0.0,0.0,0.0,0.0,0.0,0.0,0.0,0.0,0.0,0.0,0.0,0.0,0.0,0.0,0.0,0.0,0.0,0.0,0.0,0.0,0.0,0.0,0.0,0.0,0.0,0.0,0.0,0.0,0.0,0.0,0.0,0.0,0.0,0.0,0.0,nan,nan,4.245901639344262,2.964011515460383,nan,0.9286892382829174,0.02349147681130452,0.0,0.0,0.0,0.0,0.0,0.0,0.0,0.0,0.0,0.0,0.0,0.0,0.0,0.0,0.0,0.0,0.0,0.0,0.0,0.0,0.0,0.0,0.0,0.0,0.0,0.10234541577825162,3.1727078891258005,14.289978678038382,10.64392324093817,1.7910447761194033,0.9284824509089603,0.02284040098978273,0.0,0.0,0.0,0.0,0.0,0.0,0.0,0.0,0.0,0.0,0.0,0.0,0.0,0.0,0.0,0.0,0.0,0.0,0.0,0.0,0.0,0.0,0.0,0.0,0.0,0.09868421052631582,3.0310150375939857,14.60526315789474,10.798872180451129,1.4661654135338351,0.4033,0.01226,0.0,0.0,0.0,0.0,0.0,0.0,0.0,0.0,0.0,0.0,0.0,11.999999999999982,17.820895522388064,0.17910447761194034,0.0,0.0,0.0,0.0,0.0,0.0,0.0,0.0,0.0,0.0,0.0,0.0,0.0,0.0,0.0,0.0,0.4033,0.01193,0.0,0.0,0.0,0.0,0.0,0.0,0.0,0.0,0.0,0.0,0.04229323308270677,11.574248120300735,18.22838345864662,0.15507518796992484,0.0,0.0,0.0,0.0,0.0,0.0,0.0,0.0,0.0,0.0,0.0,0.0,0.0,0.0,0.0,0.0
83500,4642,2337,0.503446790176648,1108,973,0.44829814735028006,1324,0.5704437742352434,0.4200000000000001,2.9232104121475055,3.1185824859146196,6.6912,2.1314414277666653,9479.133132270574,1614.9616259731517,7853.0,11083.0,11083.0,0.0,7853.0,0.0,27.562473071951747,20.83807611979141,32.4638090349076,19.164805190135713,0.14196467040068936,0.1010340370529944,0.09392503231365791,0.08853942266264542,0.08767772511848342,0.07453683757001292,0.06721240844463593,0.06225764756570444,0.05428694528220594,0.052563550193881946,0.04416199913830245,0.03662214562688496,0.03037483843171047,0.02886686772942697,0.02046531667384748,0.00990952175786299,0.005601034037052995,0.9290036936481161,0.02357815473912068,0.0,0.0,0.0,0.0,0.0,0.0,0.0,0.0,0.0,0.0,0.0,0.0,0.0,0.0,0.0,0.0,0.0,0.0,0.0,0.0,0.0,0.0,0.0,0.0,0.0,0.1227919000430849,3.0245583800086178,14.02412753123654,11.154674709177081,1.6738474795346838,4.318563276267204,2.9040076861865955,nan,nan,nan,4.245791245791246,2.859597366973684,4.390896921017403,2.945706402589752,1.0341763564965654,0.4033,0.01249,0.0,0.0,0.0,0.0,0.0,0.0,0.0,0.0,0.0,0.0,0.019388194743644983,11.87850064627314,17.862990090478245,0.23912106850495482,0.0,0.0,0.0,0.0,0.0,0.0,0.0,0.0,0.0,0.0,0.0,0.0,0.0,0.0,0.0,0.0,nan,nan,4.318563276267204,2.9040076861865955,nan,0.4033,0.0627,0.0,0.0,0.0,0.0,0.0,0.0,0.0,0.0,0.0,0.0,0.0,0.0,0.0,0.0,0.0,0.0,0.0,0.00038776389487289964,0.0,0.0002908229211546747,0.001938819474364498,0.004782421370099095,0.001863420939250323,0.0019065058164584232,0.0026604911676001725,0.0007432141318397242,0.0007647565704437743,0.0025096940973718227,0.008638517880224041,0.007389056441189142,0.02635717363205515,0.008940112020680742,0.03309995691512279,0.01487505385609651,0.04738259370960793,0.07419215855234812,0.05040930633347695,0.06976518741921585,0.047080999569151225,0.04565919862128393,0.08112882378285222,0.059403274450667815,0.06363636363636363,0.06317320120637657,0.014153382162860835,0.028629900904782422,0.052585092632485994,0.0216824644549763,0.051841878500646275,0.046553209823352,0.02459069366652305,0.013108573890564412,0.007733735458853942,0.006419646704006894,0.006538130116329168,0.002057302886686773,0.005040930633347695,1.077121930202499e-05,0.0,7.539853511417492e-05,0.0,0.0,0.0,0.0,0.0,0.0,0.0,0.0,0.0,0.0,0.0,0.0,0.0,0.0,0.0,0.0,0.0,0.0,0.0,0.0,0.0,0.0,0.0,0.0,0.0,0.0,0.0,0.0,0.0,0.0,0.0,0.0,0.0,0.0,0.0,0.0,0.0,0.0,0.0,0.0,0.0,nan,nan,4.318563276267204,2.9040076861865955,nan,0.9281668964746318,0.024108392097612154,0.0,0.0,0.0,0.0,0.0,0.0,0.0,0.0,0.0,0.0,0.0,0.0,0.0,0.0,0.0,0.0,0.0,0.0,0.0,0.0,0.0,0.0,0.0,0.0,0.0,0.16688061617458286,3.299101412066753,14.030808729139926,10.872913992297821,1.6302952503209247,0.9298521079624036,0.022997030327946862,0.0,0.0,0.0,0.0,0.0,0.0,0.0,0.0,0.0,0.0,0.0,0.0,0.0,0.0,0.0,0.0,0.0,0.0,0.0,0.0,0.0,0.0,0.0,0.0,0.0,0.07809110629067247,2.7462039045553155,14.017353579175708,11.440347071583517,1.7180043383947943,0.4033,0.01258,0.0,0.0,0.0,0.0,0.0,0.0,0.0,0.0,0.0,0.0,0.01283697047496791,12.053915275994848,17.650834403080875,0.282413350449294,0.0,0.0,0.0,0.0,0.0,0.0,0.0,0.0,0.0,0.0,0.0,0.0,0.0,0.0,0.0,0.0,0.4033,0.01239,0.0,0.0,0.0,0.0,0.0,0.0,0.0,0.0,0.0,0.0,0.02603036876355749,11.700650759219071,18.078091106290675,0.19522776572668118,0.0,0.0,0.0,0.0,0.0,0.0,0.0,0.0,0.0,0.0,0.0,0.0,0.0,0.0,0.0,0.0
83600,4611,2401,0.5207113424419866,1106,969,0.4500108436347864,1319,0.5721101713294297,0.4120000000000001,2.9914027149321267,3.0261930934303685,6.391935483870967,2.1310907692553624,9534.897636087617,1613.61386529922,7853.0,11083.0,11083.0,0.0,7853.0,0.0,28.625027109086965,21.10800201978671,33.46360840594567,19.330293827437288,0.13381045326393406,0.09867707655606159,0.08913467794404685,0.08544784211667751,0.08045977011494253,0.07460420733029711,0.0685317718499241,0.06809802645846888,0.05660377358490566,0.05356755584471915,0.0468445022771633,0.04012144870960746,0.03795272175233138,0.026241596183040554,0.02147039687703318,0.013662979830839297,0.004771199306007373,0.9295480672073737,0.022869150389618405,0.0,0.0,0.0,0.0,0.0,0.0,0.0,0.0,0.0,0.0,0.0,0.0,0.0,0.0,0.0,0.0,0.0,0.0,0.0,0.0,0.0,0.0,0.0,0.0,0.0,0.07156798959011061,2.817176317501627,14.053350683148995,11.535458685751466,1.5224463240078079,4.175791556728232,2.8234846672709124,nan,nan,nan,4.237154150197629,2.8095715034309428,4.11566424322538,2.8364494200057337,0.9713274753134524,0.4036,0.01183,0.0,0.0,0.0,0.0,0.0,0.0,0.0,0.0,0.0,0.0,0.019518542615484715,11.112556929082613,18.731294729993497,0.136629798308393,0.0,0.0,0.0,0.0,0.0,0.0,0.0,0.0,0.0,0.0,0.0,0.0,0.0,0.0,0.0,0.0,nan,nan,4.175791556728232,2.8234846672709124,nan,0.4036,0.0631,0.0,0.0,0.0,0.0,0.0,0.0,0.0,0.0,0.0,0.0,0.0,0.0,0.0,0.0,0.0,0.0,0.0,0.0005096508349598785,0.0,0.0002385599653003687,0.0017675124701800043,0.006018217306441119,0.0013337670787247886,0.0019301669919757102,0.002331381479071785,0.0006723053567555845,0.0007048362611147257,0.002602472348731295,0.008403816959444806,0.007829104315766645,0.025113858165256995,0.009173715029277814,0.03488397310778573,0.01569073953589243,0.048460203860333985,0.07248969854695293,0.049273476469312516,0.07084146605942312,0.04617219692040772,0.0455757970071568,0.07949468661895467,0.05800260247234873,0.06498590327477771,0.06151594014313598,0.014400346996313164,0.03197787898503578,0.05224463240078074,0.019952288006939926,0.05079158533940577,0.04724571676425938,0.024018651051832575,0.01319670353502494,0.007482108002602472,0.007243548037302104,0.007883322489698547,0.002450661461721969,0.005053133810453264,3.2530904359141185e-05,1.0843634786380394e-05,0.0,0.0,0.0,0.0,0.0,0.0,0.0,0.0,0.0,0.0,0.0,0.0,0.0,0.0,0.0,0.0,0.0,0.0,0.0,0.0,0.0,0.0,0.0,0.0,0.0,0.0,0.0,0.0,0.0,0.0,0.0,0.0,0.0,0.0,0.0,0.0,0.0,0.0,0.0,0.0,0.0,0.0,nan,nan,4.175791556728232,2.8234846672709124,nan,0.9301649523943178,0.022267127909580103,0.0,0.0,0.0,0.0,0.0,0.0,0.0,0.0,0.0,0.0,0.0,0.0,0.0,0.0,0.0,0.0,0.0,0.0,0.0,0.0,0.0,0.0,0.0,0.0,0.0,0.07496876301541026,2.41149521032903,14.156601416076638,11.932528113286134,1.424406497292795,0.9288778675087976,0.023487378105549114,0.0,0.0,0.0,0.0,0.0,0.0,0.0,0.0,0.0,0.0,0.0,0.0,0.0,0.0,0.0,0.0,0.0,0.0,0.0,0.0,0.0,0.0,0.0,0.0,0.0,0.06787330316742082,3.2579185520362,13.941176470588239,11.104072398190047,1.6289592760181,0.4033,0.011765,0.0,0.0,0.0,0.0,0.0,0.0,0.0,0.0,0.0,0.0,0.03748438150770513,11.282798833819225,18.604748021657645,0.07496876301541026,0.0,0.0,0.0,0.0,0.0,0.0,0.0,0.0,0.0,0.0,0.0,0.0,0.0,0.0,0.0,0.0,0.4036,0.01192,0.0,0.0,0.0,0.0,0.0,0.0,0.0,0.0,0.0,0.0,0.0,10.927601809954735,18.86877828054299,0.2036199095022625,0.0,0.0,0.0,0.0,0.0,0.0,0.0,0.0,0.0,0.0,0.0,0.0,0.0,0.0,0.0,0.0
83700,4640,2425,0.5226293103448276,1122,952,0.44698275862068965,1299,0.5599137931034482,0.4160000000000001,3.0103837471783295,3.136385259151309,6.695161290322581,2.195077147542394,9541.092672413793,1613.3451153548672,7853.0,11083.0,11083.0,0.0,7853.0,0.0,28.017025862068966,20.75568916065699,32.91393442622951,18.979396467169213,0.13663793103448277,0.09655172413793103,0.09762931034482758,0.08642241379310345,0.08189655172413793,0.06853448275862069,0.06982758620689655,0.06810344827586207,0.06206896551724138,0.05344827586206897,0.04439655172413793,0.041163793103448275,0.03405172413793103,0.026293103448275863,0.016594827586206895,0.010560344827586207,0.00581896551724138,0.9290797509766858,0.023149129332468665,0.0,0.0,0.0,0.0,0.0,0.0,0.0,0.0,0.0,0.0,0.0,0.0,0.0,0.0,0.0,0.0,0.0,0.0,0.0,0.0,0.0,0.0,0.0,0.0,0.0,0.09698275862068968,3.0258620689655182,14.017241379310349,11.398706896551728,1.4612068965517244,4.202544358888517,2.91989129994697,nan,nan,nan,4.19451871657754,2.911850562588601,4.210596914822267,2.9279146992493406,1.0038331449520497,0.4033,0.01222,0.0,0.0,0.0,0.0,0.0,0.0,0.0,0.0,0.0,0.0,0.025862068965517248,11.773706896551706,18.071120689655174,0.12931034482758624,0.0,0.0,0.0,0.0,0.0,0.0,0.0,0.0,0.0,0.0,0.0,0.0,0.0,0.0,0.0,0.0,nan,nan,4.202544358888517,2.91989129994697,nan,0.4033,0.06366,0.0,0.0,0.0,0.0,0.0,0.0,0.0,0.0,0.0,0.0,0.0,0.0,0.0,0.0,0.0,0.0,0.0,0.0007543103448275862,0.0,0.00020474137931034484,0.0018857758620689656,0.005797413793103448,0.0017456896551724139,0.002230603448275862,0.0029202586206896553,0.0005280172413793103,0.0003879310344827586,0.0028340517241379312,0.009159482758620689,0.00865301724137931,0.026131465517241378,0.00947198275862069,0.0334375,0.013976293103448275,0.05282327586206897,0.06998922413793103,0.047338362068965516,0.06991379310344828,0.047952586206896554,0.05046336206896552,0.0746551724137931,0.05482758620689655,0.06285560344827586,0.060592672413793104,0.013275862068965517,0.03331896551724138,0.05487068965517242,0.019030172413793102,0.0534698275862069,0.048663793103448275,0.02355603448275862,0.012963362068965516,0.007327586206896552,0.006691810344827586,0.007801724137931034,0.0021551724137931034,0.00521551724137931,5.3879310344827585e-05,0.0,5.3879310344827585e-05,2.1551724137931033e-05,0.0,0.0,0.0,0.0,0.0,0.0,0.0,0.0,0.0,0.0,0.0,0.0,0.0,0.0,0.0,0.0,0.0,0.0,0.0,0.0,0.0,0.0,0.0,0.0,0.0,0.0,0.0,0.0,0.0,0.0,0.0,0.0,0.0,0.0,0.0,0.0,0.0,0.0,0.0,0.0,nan,nan,4.202544358888517,2.91989129994697,nan,0.9285215156840295,0.022716482920888702,0.0,0.0,0.0,0.0,0.0,0.0,0.0,0.0,0.0,0.0,0.0,0.0,0.0,0.0,0.0,0.0,0.0,0.0,0.0,0.0,0.0,0.0,0.0,0.0,0.0,0.08659793814432992,3.030927835051547,14.498969072164952,11.035051546391756,1.348453608247423,0.9296909115115353,0.023598568318010976,0.0,0.0,0.0,0.0,0.0,0.0,0.0,0.0,0.0,0.0,0.0,0.0,0.0,0.0,0.0,0.0,0.0,0.0,0.0,0.0,0.0,0.0,0.0,0.0,0.0,0.10835214446952598,3.020316027088037,13.489841986455986,11.796839729119641,1.5846501128668176,0.4033,0.01228,0.0,0.0,0.0,0.0,0.0,0.0,0.0,0.0,0.0,0.0,0.02474226804123712,11.505154639175242,18.35876288659794,0.11134020618556703,0.0,0.0,0.0,0.0,0.0,0.0,0.0,0.0,0.0,0.0,0.0,0.0,0.0,0.0,0.0,0.0,0.403,0.012146,0.0,0.0,0.0,0.0,0.0,0.0,0.0,0.0,0.0,0.0,0.027088036117381496,12.067720090293436,17.75620767494357,0.14898419864559823,0.0,0.0,0.0,0.0,0.0,0.0,0.0,0.0,0.0,0.0,0.0,0.0,0.0,0.0,0.0,0.0
83800,4877,2529,0.5185564896452738,1128,1006,0.4375640762763994,1400,0.5741234365388559,0.4040000000000001,2.9970187393526406,3.1280847896271733,6.68018018018018,2.1013646282519454,9527.937461554235,1613.887387862745,7853.0,11083.0,11083.0,0.0,7853.0,0.0,27.767480008201762,20.895319527798875,32.733969652471856,19.194701612635193,0.1394299774451507,0.10518761533729752,0.09391019069099857,0.08673364773426287,0.07873692843961452,0.07791675210170186,0.06602419520196842,0.060282960836579864,0.05987287266762354,0.051671109288497025,0.04757022759893377,0.03649784703711298,0.030961656756202584,0.02850112774246463,0.019479188025425465,0.011892556899733443,0.005331146196432233,0.9292580527875031,0.02342556105809177,0.0,0.0,0.0,0.0,0.0,0.0,0.0,0.0,0.0,0.0,0.0,0.0,0.0,0.0,0.0,0.0,0.0,0.0,0.0,0.0,0.0,0.0,0.0,0.0,0.0,0.10457248308386305,3.174082427721961,13.871232314947717,11.115439819561209,1.7346729546852577,4.406300225008036,2.9158583082735596,nan,nan,nan,4.411269430051814,2.890918860855478,4.401403956604978,2.940216588501208,0.997763574952002,0.4028,0.01252,0.0,0.0,0.0,0.0,0.0,0.0,0.0,0.0,0.0,0.0,0.06766454787779373,12.081197457453335,17.62969038343244,0.22144761123641588,0.0,0.0,0.0,0.0,0.0,0.0,0.0,0.0,0.0,0.0,0.0,0.0,0.0,0.0,0.0,0.0,nan,nan,4.406300225008036,2.9158583082735596,nan,0.4028,0.06384,0.0,0.0,0.0,0.0,0.0,0.0,0.0,0.0,0.0,0.0,0.0,0.0,0.0,0.0,0.0,0.0,0.0,0.0005536190280910396,0.0,0.0003588271478367849,0.0020811974574533524,0.007043264301824892,0.0017838835349600164,0.002265737133483699,0.002850112774246463,0.0002768095140455198,0.00047160139429977446,0.0024400246052901373,0.009565306540906295,0.008550338322739388,0.024461759278244823,0.010621283575968834,0.03285831453762559,0.01477342628665163,0.05269632971088784,0.07137584580684847,0.0458376050850933,0.07023785113799468,0.04802132458478573,0.05051261021119541,0.07513840475702276,0.05511584990773016,0.06302029936436333,0.06030346524502768,0.012702481033422185,0.03202788599548903,0.05788394504818536,0.017162189870822228,0.052604059872872665,0.04972319048595448,0.02387738363748206,0.01201558335042034,0.007801927414394095,0.005669468935821201,0.007894197252409267,0.002460529013737954,0.00468525733032602,0.0001332786549108058,0.0,0.00011277424646298954,3.075661267172442e-05,0.0,0.0,0.0,0.0,0.0,0.0,0.0,0.0,0.0,0.0,0.0,0.0,0.0,0.0,0.0,0.0,0.0,0.0,0.0,0.0,0.0,0.0,0.0,0.0,0.0,0.0,0.0,0.0,0.0,0.0,0.0,0.0,0.0,0.0,0.0,0.0,0.0,0.0,0.0,0.0,nan,nan,4.406300225008036,2.9158583082735596,nan,0.9293829735534942,0.023196034352787484,0.0,0.0,0.0,0.0,0.0,0.0,0.0,0.0,0.0,0.0,0.0,0.0,0.0,0.0,0.0,0.0,0.0,0.0,0.0,0.0,0.0,0.0,0.0,0.0,0.0,0.04744958481613287,3.09608540925267,14.033214709371295,11.138790035587192,1.6844602609727168,0.929123502269108,0.02366955426689487,0.0,0.0,0.0,0.0,0.0,0.0,0.0,0.0,0.0,0.0,0.0,0.0,0.0,0.0,0.0,0.0,0.0,0.0,0.0,0.0,0.0,0.0,0.0,0.0,0.0,0.1660988074957411,3.258091993185691,13.696763202725727,11.090289608177175,1.7887563884156732,0.403,0.01254,0.0,0.0,0.0,0.0,0.0,0.0,0.0,0.0,0.0,0.0,0.0711743772241993,11.755634638196899,17.935943060498225,0.23724792408066434,0.0,0.0,0.0,0.0,0.0,0.0,0.0,0.0,0.0,0.0,0.0,0.0,0.0,0.0,0.0,0.0,0.4026,0.0125,0.0,0.0,0.0,0.0,0.0,0.0,0.0,0.0,0.0,0.0,0.06388415672913118,12.431856899488908,17.299829642248724,0.2044293015332198,0.0,0.0,0.0,0.0,0.0,0.0,0.0,0.0,0.0,0.0,0.0,0.0,0.0,0.0,0.0,0.0
83900,4555,2309,0.5069154774972557,1104,942,0.4491767288693743,1283,0.5633369923161361,0.4240000000000001,2.920747996438112,3.118317834833543,6.629508196721312,2.1902424644800176,9490.336992316135,1614.8455216441816,7853.0,11083.0,11083.0,0.0,7853.0,0.0,27.920307354555433,20.87902571826455,32.796243151578395,19.169461823592037,0.1380900109769484,0.10340285400658616,0.09198682766190999,0.0845225027442371,0.0849615806805708,0.07464324917672886,0.06849615806805708,0.059934138309549946,0.0579582875960483,0.052689352360043906,0.048298572996706916,0.040834248079034026,0.03358946212952799,0.024588364434687156,0.01778265642151482,0.012294182217343578,0.005927552140504939,0.9280680844864914,0.022900213021181927,0.0,0.0,0.0,0.0,0.0,0.0,0.0,0.0,0.0,0.0,0.0,0.0,0.0,0.0,0.0,0.0,0.0,0.0,0.0,0.0,0.0,0.0,0.0,0.0,0.0,0.07903402854006587,3.200878155872668,14.46981339187706,10.873765093304065,1.3765093304061475,4.3089486219802655,2.934667692350533,nan,nan,nan,4.233401779603011,2.960082364823705,4.383209207853757,2.9083383018427065,1.0353870093248732,0.4026,0.01229,0.0,0.0,0.0,0.0,0.0,0.0,0.0,0.0,0.0,0.0,0.03951701427003294,12.737650933040596,17.05817782656422,0.16465422612513725,0.0,0.0,0.0,0.0,0.0,0.0,0.0,0.0,0.0,0.0,0.0,0.0,0.0,0.0,0.0,0.0,nan,nan,4.3089486219802655,2.934667692350533,nan,0.4026,0.06335,0.0,0.0,0.0,0.0,0.0,0.0,0.0,0.0,0.0,0.0,0.0,0.0,0.0,0.0,0.0,0.0,0.0,0.0005817782656421515,0.0,0.00015367727771679472,0.001964873765093304,0.006136114160263446,0.0021844127332601537,0.0020197585071350167,0.002623490669593853,0.0003183315038419319,0.000592755214050494,0.0021844127332601537,0.009769484083424807,0.008935236004390779,0.02317233809001098,0.011624588364434687,0.03286498353457739,0.015828759604829858,0.055038419319429197,0.07092206366630077,0.04747530186608123,0.06973655323819979,0.04945115257958287,0.047980241492864985,0.07694840834248079,0.05660812294182217,0.06399560922063666,0.059418221734357846,0.012634467618002196,0.030384193194291986,0.056926454445664104,0.01668496158068057,0.0521185510428101,0.04920965971459934,0.02322722283205269,0.011229418221734358,0.007958287596048299,0.005675082327113063,0.007859495060373216,0.002392974753018661,0.005126234906695938,0.0,0.0,0.0,4.3907793633369924e-05,0.0,0.0,0.0,0.0,0.0,0.0,0.0,0.0,0.0,0.0,0.0,0.0,0.0,0.0,0.0,0.0,0.0,0.0,0.0,0.0,0.0,0.0,0.0,0.0,0.0,0.0,0.0,0.0,0.0,0.0,0.0,0.0,0.0,0.0,0.0,0.0,0.0,0.0,0.0,0.0,nan,nan,4.3089486219802655,2.934667692350533,nan,0.9281264537596093,0.02326998686804083,0.0,0.0,0.0,0.0,0.0,0.0,0.0,0.0,0.0,0.0,0.0,0.0,0.0,0.0,0.0,0.0,0.0,0.0,0.0,0.0,0.0,0.0,0.0,0.0,0.0,0.10394110004330881,3.300129926375055,14.200952793417066,10.952793417063667,1.4421827631009099,0.9280080779630588,0.022513578978432928,0.0,0.0,0.0,0.0,0.0,0.0,0.0,0.0,0.0,0.0,0.0,0.0,0.0,0.0,0.0,0.0,0.0,0.0,0.0,0.0,0.0,0.0,0.0,0.0,0.0,0.05342831700801426,3.098842386464827,14.746215494211935,10.79252003561888,1.3089937666963494,0.4028,0.0124,0.0,0.0,0.0,0.0,0.0,0.0,0.0,0.0,0.0,0.0,0.038977912516240804,12.693806842789067,17.03334776959723,0.23386747509744482,0.0,0.0,0.0,0.0,0.0,0.0,0.0,0.0,0.0,0.0,0.0,0.0,0.0,0.0,0.0,0.0,0.4023,0.012184,0.0,0.0,0.0,0.0,0.0,0.0,0.0,0.0,0.0,0.0,0.040071237756010694,12.78272484416739,17.08370436331256,0.09349955476402495,0.0,0.0,0.0,0.0,0.0,0.0,0.0,0.0,0.0,0.0,0.0,0.0,0.0,0.0,0.0,0.0
84000,4766,2465,0.5172052035249686,1146,952,0.44020142677297525,1328,0.5572807385648343,0.4000000000000001,2.8878748370273795,2.988393578334719,6.282051282051282,2.0857399952263687,9523.572807385648,1614.0435753347176,7853.0,11083.0,11083.0,0.0,7853.0,0.0,28.738774653797734,21.302448908748897,33.66086956521739,19.518146275362962,0.1376416281997482,0.09777591271506504,0.08854385228703315,0.08371800251783466,0.07784305497272345,0.07322702475870752,0.0688208140998741,0.06336550566512798,0.058749475451112046,0.049937054133445236,0.05077633235417541,0.047209399916072176,0.03524968527066723,0.02790600083927822,0.01888375996642887,0.011330255979857323,0.00902224087284935,0.9278271934263755,0.022891672489251034,0.0,0.0,0.0,0.0,0.0,0.0,0.0,0.0,0.0,0.0,0.0,0.0,0.0,0.0,0.0,0.0,0.0,0.0,0.0,0.0,0.0,0.0,0.0,0.0,0.0,0.12589173310952584,3.2920688208141007,14.376835921107851,10.889634913973985,1.315568610994545,4.15173969072165,2.7874402243642873,nan,nan,nan,4.200907323395982,2.790795760791048,4.103139013452915,2.7832659345714443,0.9767268586482332,0.4023,0.012085,0.0,0.0,0.0,0.0,0.0,0.0,0.0,0.0,0.0,0.0,0.03147293327738146,12.545111204364229,17.29752412924885,0.12589173310952584,0.0,0.0,0.0,0.0,0.0,0.0,0.0,0.0,0.0,0.0,0.0,0.0,0.0,0.0,0.0,0.0,nan,nan,4.15173969072165,2.7874402243642873,nan,0.4023,0.06287,0.0,0.0,0.0,0.0,0.0,0.0,0.0,0.0,0.0,0.0,0.0,0.0,0.0,0.0,0.0,0.0,0.0,0.0008078052874527906,0.0,0.00013638271086865295,0.0016051195971464541,0.004731430969366345,0.002570289550986152,0.0018988669744020143,0.0032941670163659253,0.0003357112882920688,0.001038606798153588,0.0021296684851028116,0.00978808224926563,0.009116659672681495,0.02337389844733529,0.011970205623164079,0.030686109945446915,0.016659672681493914,0.05546579941250525,0.07142257658413764,0.047838858581619806,0.06656525388166178,0.048961393201846413,0.04944397817876626,0.07962652119177507,0.056693243810323125,0.06654427192614351,0.05761644985312631,0.012358371800251783,0.029406210658833403,0.06140369282417121,0.017876626101552665,0.04811162400335711,0.05066093159882501,0.021496013428451533,0.009840537138061267,0.0076374318086445655,0.005203524968527067,0.0077423415862358375,0.002727654217373059,0.0051195971464540494,3.147293327738145e-05,3.147293327738145e-05,1.049097775912715e-05,2.09819555182543e-05,0.0,0.0,0.0,0.0,0.0,0.0,0.0,0.0,0.0,0.0,0.0,0.0,0.0,0.0,0.0,0.0,0.0,0.0,0.0,0.0,0.0,0.0,0.0,0.0,0.0,0.0,0.0,0.0,0.0,0.0,0.0,0.0,0.0,0.0,0.0,0.0,0.0,0.0,0.0,0.0,nan,nan,4.15173969072165,2.7874402243642873,nan,0.9277966485545794,0.02239656968043292,0.0,0.0,0.0,0.0,0.0,0.0,0.0,0.0,0.0,0.0,0.0,0.0,0.0,0.0,0.0,0.0,0.0,0.0,0.0,0.0,0.0,0.0,0.0,0.0,0.0,0.09736308316430023,3.1643002028397573,14.580121703853958,10.97768762677485,1.1805273833671401,0.9278599153337972,0.02341040474352816,0.0,0.0,0.0,0.0,0.0,0.0,0.0,0.0,0.0,0.0,0.0,0.0,0.0,0.0,0.0,0.0,0.0,0.0,0.0,0.0,0.0,0.0,0.0,0.0,0.0,0.1564537157757497,3.4289439374185147,14.159061277705348,10.79530638852673,1.4602346805736641,0.402,0.01225,0.0,0.0,0.0,0.0,0.0,0.0,0.0,0.0,0.0,0.0,0.048681541582150115,12.75456389452331,17.099391480730226,0.09736308316430023,0.0,0.0,0.0,0.0,0.0,0.0,0.0,0.0,0.0,0.0,0.0,0.0,0.0,0.0,0.0,0.0,0.4026,0.011894,0.0,0.0,0.0,0.0,0.0,0.0,0.0,0.0,0.0,0.0,0.013037809647979142,12.32073011734027,17.509778357235987,0.1564537157757497,0.0,0.0,0.0,0.0,0.0,0.0,0.0,0.0,0.0,0.0,0.0,0.0,0.0,0.0,0.0,0.0
84100,4789,2466,0.5149300480267279,1177,963,0.4468573814992692,1354,0.5654625182710378,0.3960000000000001,2.8661213947481703,3.0090524745443767,6.416413373860182,2.0745610498336253,9516.224055126331,1614.2798519795667,7853.0,11083.0,11083.0,0.0,7853.0,0.0,28.04092712466068,20.922382279343008,33.085223025168204,19.099180158125435,0.14303612445186886,0.09500939653372312,0.09313008978910002,0.08707454583420338,0.07830444769262894,0.07350177490081436,0.07120484443516392,0.06410524117769889,0.05888494466485696,0.055335143036124454,0.04426811442889956,0.03925662977657131,0.0338275214032157,0.027980789308832743,0.019419503027771977,0.009187721862601795,0.006473167675923992,0.9272011689115203,0.022907416764869813,0.0,0.0,0.0,0.0,0.0,0.0,0.0,0.0,0.0,0.0,0.0,0.0,0.0,0.0,0.0,0.0,0.0,0.0,0.0,0.0,0.0,0.0,0.0,0.0,0.0,0.10022969304656507,3.5330966798914187,14.558362915013575,10.499060346627692,1.3092503654207563,4.111612903225806,2.8140994053265627,nan,nan,nan,4.080939947780679,2.797794199044265,4.142948308870453,2.830003752166589,1.0151946271896248,0.4019,0.01224,0.0,0.0,0.0,0.0,0.0,0.0,0.0,0.0,0.0,0.0,0.04385049070787222,12.910837335560641,16.86364585508457,0.1816663186468992,0.0,0.0,0.0,0.0,0.0,0.0,0.0,0.0,0.0,0.0,0.0,0.0,0.0,0.0,0.0,0.0,nan,nan,4.111612903225806,2.8140994053265627,nan,0.4019,0.06335,0.0,0.0,0.0,0.0,0.0,0.0,0.0,0.0,0.0,0.0,0.0,0.0,0.0,0.0,0.0,1.0440593025683859e-05,0.0,0.0008561286281060764,0.0,0.0002505742326164126,0.0019106285237001461,0.005533514303612445,0.0030486531634996866,0.0026936730006264357,0.0029964501983712677,0.0003549801628732512,0.0010544998955940698,0.002443098768010023,0.009897682188348298,0.008717895176446023,0.02276049279599081,0.011599498851534768,0.031969095844643976,0.015817498433911045,0.056170390478179164,0.07263520567968261,0.04660680726665275,0.06530590937565253,0.04688870327834621,0.048778450615994985,0.0806640217164335,0.057893088327417,0.06684067655042807,0.057475464606389644,0.011338484025892671,0.03041344748381708,0.06169346418876592,0.01802046356233034,0.04751513885988724,0.05051158905825851,0.0221236166214241,0.009438296095218209,0.0076425140948005845,0.005742326164126122,0.006640217164334934,0.0031530590937565253,0.004541657966172479,1.0440593025683859e-05,3.1321779077051577e-05,1.0440593025683859e-05,0.0,0.0,0.0,0.0,0.0,0.0,0.0,0.0,0.0,0.0,0.0,0.0,0.0,0.0,0.0,0.0,0.0,0.0,0.0,0.0,0.0,0.0,0.0,0.0,0.0,0.0,0.0,0.0,0.0,0.0,0.0,0.0,0.0,0.0,0.0,0.0,0.0,0.0,0.0,0.0,0.0,nan,nan,4.111612903225806,2.8140994053265627,nan,0.9272819057965027,0.022731806804809396,0.0,0.0,0.0,0.0,0.0,0.0,0.0,0.0,0.0,0.0,0.0,0.0,0.0,0.0,0.0,0.0,0.0,0.0,0.0,0.0,0.0,0.0,0.0,0.0,0.0,0.07299270072992702,3.491484184914843,14.610705596107058,10.450121654501219,1.374695863746959,0.9271154619987494,0.023092066849163297,0.0,0.0,0.0,0.0,0.0,0.0,0.0,0.0,0.0,0.0,0.0,0.0,0.0,0.0,0.0,0.0,0.0,0.0,0.0,0.0,0.0,0.0,0.0,0.0,0.0,0.12914334911752048,3.5772707705553173,14.502798105897549,10.551011622901422,1.2397761515281964,0.4016,0.01233,0.0,0.0,0.0,0.0,0.0,0.0,0.0,0.0,0.0,0.0,0.03649635036496351,13.199513381995114,16.59367396593674,0.17031630170316306,0.0,0.0,0.0,0.0,0.0,0.0,0.0,0.0,0.0,0.0,0.0,0.0,0.0,0.0,0.0,0.0,0.402,0.01213,0.0,0.0,0.0,0.0,0.0,0.0,0.0,0.0,0.0,0.0,0.051657339647008194,12.604390873869978,17.150236762806717,0.1937150236762807,0.0,0.0,0.0,0.0,0.0,0.0,0.0,0.0,0.0,0.0,0.0,0.0,0.0,0.0,0.0,0.0
84200,4403,2364,0.5369066545537133,1125,848,0.4481035657506246,1166,0.5296388825800591,0.4520000000000001,3.0809220205983325,3.182502421195126,6.7550675675675675,2.2237526101413123,9587.208494208495,1610.5944042211695,7853.0,11083.0,11083.0,0.0,7853.0,0.0,28.313876902112195,20.928515854264564,33.0993288590604,19.194317170196673,0.13377242789007496,0.09766068589598001,0.0897115602997956,0.0892573245514422,0.08653191006132183,0.07472178060413355,0.07335907335907337,0.05859641153758801,0.05700658641835112,0.05132863956393368,0.04814898932545991,0.038382920735861914,0.03656597774244833,0.03043379513967749,0.01680672268907563,0.009311832841244606,0.008403361344537815,0.9265849735150412,0.02313552345509001,0.0,0.0,0.0,0.0,0.0,0.0,0.0,0.0,0.0,0.0,0.0,0.0,0.0,0.0,0.0,0.0,0.0,0.0,0.0,0.0,0.0,0.0,0.0,0.0,0.0,0.1498977969566205,3.6588689529866008,14.485578014989782,10.411083352259825,1.294571882807177,4.140424052832812,2.9469453431112713,nan,nan,nan,4.151536312849162,2.881034669738365,4.129411764705883,3.010799477681914,0.9946707564438729,0.4016,0.012,0.0,0.0,0.0,0.0,0.0,0.0,0.0,0.0,0.0,0.0,0.06813536225300933,13.402225755166912,16.400181694299345,0.12945718828071773,0.0,0.0,0.0,0.0,0.0,0.0,0.0,0.0,0.0,0.0,0.0,0.0,0.0,0.0,0.0,0.0,nan,nan,4.140424052832812,2.9469453431112713,nan,0.4014,0.0636,0.0,0.0,0.0,0.0,0.0,0.0,0.0,0.0,0.0,0.0,0.0,0.0,0.0,0.0,0.0,1.1355893708834885e-05,0.0,0.0011015216897569838,0.0,0.00019305019305019305,0.00199863729275494,0.006711333181921417,0.0024074494662729958,0.0027140585964115374,0.002702702702702703,0.0005110152168975699,0.0015330456506927096,0.0030206677265500795,0.009720645014762662,0.008233022938905292,0.022212128094481035,0.01178741766977061,0.03311378605496253,0.014989779695662049,0.05600726777197365,0.07287076992959346,0.047308653191006134,0.06801044742221213,0.04442425618896207,0.04842153077447195,0.08280717692482398,0.054496933908698614,0.06889620713150126,0.05885759709289121,0.011367249602543721,0.029423120599591186,0.05883488530547354,0.018464683170565523,0.0470701794231206,0.050431523960935726,0.02280263456734045,0.009334544628662275,0.007597092891210538,0.005780149897796957,0.0061548943901885075,0.003156938451056098,0.004383374971610266,0.0,6.813536225300931e-05,5.6779468544174426e-05,0.0,1.1355893708834885e-05,0.0,0.0,0.0,0.0,0.0,0.0,0.0,0.0,0.0,0.0,0.0,0.0,0.0,0.0,0.0,0.0,0.0,0.0,0.0,0.0,0.0,0.0,0.0,0.0,0.0,0.0,0.0,0.0,0.0,0.0,0.0,0.0,0.0,0.0,0.0,0.0,0.0,0.0,0.0,nan,nan,4.140424052832812,2.9469453431112713,nan,0.9269915468448713,0.02313828544330305,0.0,0.0,0.0,0.0,0.0,0.0,0.0,0.0,0.0,0.0,0.0,0.0,0.0,0.0,0.0,0.0,0.0,0.0,0.0,0.0,0.0,0.0,0.0,0.0,0.0,0.11421319796954317,3.6548223350253815,14.162436548223353,10.672588832487312,1.3959390862944165,0.9261135957064496,0.02312337388084561,0.0,0.0,0.0,0.0,0.0,0.0,0.0,0.0,0.0,0.0,0.0,0.0,0.0,0.0,0.0,0.0,0.0,0.0,0.0,0.0,0.0,0.0,0.0,0.0,0.0,0.19127023050514963,3.6635605689063273,14.860225600784702,10.107896027464445,1.1770475723393823,0.4014,0.0121,0.0,0.0,0.0,0.0,0.0,0.0,0.0,0.0,0.0,0.0,0.07614213197969544,13.730964467005057,16.07868020304569,0.11421319796954317,0.0,0.0,0.0,0.0,0.0,0.0,0.0,0.0,0.0,0.0,0.0,0.0,0.0,0.0,0.0,0.0,0.4019,0.011894,0.0,0.0,0.0,0.0,0.0,0.0,0.0,0.0,0.0,0.0,0.05885237861696912,13.021088769004395,16.772927905836198,0.14713094654242279,0.0,0.0,0.0,0.0,0.0,0.0,0.0,0.0,0.0,0.0,0.0,0.0,0.0,0.0,0.0,0.0
84300,4729,2409,0.5094100232607317,1195,943,0.45210403890886025,1318,0.5574117149503066,0.4240000000000001,3.0969827586206895,3.2765611493179825,6.916544655929722,2.1834741499894217,9498.394375132164,1614.7139628926002,7853.0,11083.0,11083.0,0.0,7853.0,0.0,27.76950729541129,20.624346368604336,32.65433962264151,18.86279531791116,0.14041023472192854,0.09811799534785366,0.09135123704800169,0.0888137026855572,0.08775639670120533,0.06957073377035314,0.07379995770776063,0.0592091351237048,0.060900824698667796,0.05138507083950095,0.04631000211461197,0.04292662296468598,0.03277648551490801,0.02368365404948192,0.01924296891520406,0.008035525481074222,0.0057094523155001055,0.926942265142117,0.022700911172903418,0.0,0.0,0.0,0.0,0.0,0.0,0.0,0.0,0.0,0.0,0.0,0.0,0.0,0.0,0.0,0.0,0.0,0.0,0.0,0.0,0.0,0.0,0.0,0.0,0.0,0.13956438993444706,3.4383590611122865,14.660604779023052,10.581518291393532,1.1799534785366887,4.329415605615409,3.0494145407669793,nan,nan,nan,4.270360480640854,3.1184347864888484,4.384271099744246,2.9809768851723826,1.0266747080532874,0.4016,0.01184,0.0,0.0,0.0,0.0,0.0,0.0,0.0,0.0,0.0,0.0,0.019031507718333687,13.588496510890232,16.271939099175306,0.12053288221611337,0.0,0.0,0.0,0.0,0.0,0.0,0.0,0.0,0.0,0.0,0.0,0.0,0.0,0.0,0.0,0.0,nan,nan,4.329415605615409,3.0494145407669793,nan,0.4016,0.06354,0.0,0.0,0.0,0.0,0.0,0.0,0.0,0.0,0.0,0.0,0.0,0.0,0.0,0.0,0.0,0.0,0.0,0.0009410023260731656,3.1719179530556144e-05,0.00025375343624444916,0.0018185662930852188,0.006290970606893635,0.0026115457813491224,0.0028758722774370905,0.0034573905688306196,0.0003806301543666737,0.0010467329245083528,0.0034996828082046946,0.009388877141044619,0.009314865722139987,0.021780503277648553,0.011376612391626137,0.03368576866145062,0.014908014379361387,0.0545781349122436,0.07360964263057729,0.047811376612391626,0.06633537745823641,0.04224994713470078,0.04759991541552125,0.08137026855572002,0.05492704588707972,0.07181222245717911,0.05927257348276591,0.011651511947557622,0.031571156692746884,0.05729541129202791,0.018883484880524423,0.04645802495242123,0.05228378092620004,0.022975259039966167,0.009420596320575174,0.00772890674561218,0.00501163036582787,0.0067138930006343835,0.002748995559314866,0.003742863184605625,1.0573059843518714e-05,0.00011630365827870585,0.000148022837809262,0.0,1.0573059843518714e-05,0.0,0.0,0.0,0.0,0.0,0.0,0.0,0.0,0.0,0.0,0.0,0.0,0.0,0.0,0.0,0.0,0.0,0.0,0.0,0.0,0.0,0.0,0.0,0.0,0.0,0.0,0.0,0.0,0.0,0.0,0.0,0.0,0.0,0.0,0.0,0.0,0.0,0.0,0.0,nan,nan,4.329415605615409,3.0494145407669793,nan,0.9270084153918025,0.022352128793388926,0.0,0.0,0.0,0.0,0.0,0.0,0.0,0.0,0.0,0.0,0.0,0.0,0.0,0.0,0.0,0.0,0.0,0.0,0.0,0.0,0.0,0.0,0.0,0.0,0.0,0.12453300124533004,3.374844333748444,14.744707347447077,10.647571606475719,1.1083437110834373,0.9268735772319909,0.02305729002082181,0.0,0.0,0.0,0.0,0.0,0.0,0.0,0.0,0.0,0.0,0.0,0.0,0.0,0.0,0.0,0.0,0.0,0.0,0.0,0.0,0.0,0.0,0.0,0.0,0.0,0.15517241379310348,3.504310344827587,14.573275862068968,10.51293103448276,1.2543103448275863,0.4019,0.011856,0.0,0.0,0.0,0.0,0.0,0.0,0.0,0.0,0.0,0.0,0.012453300124533004,13.499377334993754,16.351183063511833,0.13698630136986303,0.0,0.0,0.0,0.0,0.0,0.0,0.0,0.0,0.0,0.0,0.0,0.0,0.0,0.0,0.0,0.0,0.4016,0.011826,0.0,0.0,0.0,0.0,0.0,0.0,0.0,0.0,0.0,0.0,0.025862068965517248,13.6810344827586,16.189655172413797,0.10344827586206899,0.0,0.0,0.0,0.0,0.0,0.0,0.0,0.0,0.0,0.0,0.0,0.0,0.0,0.0,0.0,0.0
84400,4919,2536,0.5155519414515145,1198,993,0.4454157349054686,1370,0.55702378532222,0.39200000000000007,2.8850188837599666,2.991840573714977,6.342182890855457,2.0840076440253874,9518.232770888391,1614.2185938493194,7853.0,11083.0,11083.0,0.0,7853.0,0.0,28.25655621061191,21.003993976684473,33.21808510638298,19.220868882246236,0.13884935962594022,0.09778410245984956,0.09087212848139865,0.08639967473063631,0.07826794063834112,0.07623500711526733,0.07420207359219354,0.06281764586298028,0.056108965236836755,0.05082333807684489,0.046554177678389916,0.04126855051839805,0.03516974994917666,0.0268347225045741,0.019312868469201057,0.010164667615368977,0.008335027444602561,0.9256506664502376,0.02270257370941889,0.0,0.0,0.0,0.0,0.0,0.0,0.0,0.0,0.0,0.0,0.0,0.0,0.0,0.0,0.0,0.0,0.0,0.0,0.0,0.0,0.0,0.0,0.0,0.0,0.0,0.16466761536897748,3.60439113640984,15.03354340313072,10.258182557430375,0.9392152876600937,4.174866812911313,2.8116706413042962,nan,nan,nan,4.156777014366021,2.856952789922145,4.193081761006289,2.7652065442402036,1.0087338691767196,0.402,0.0122,0.0,0.0,0.0,0.0,0.0,0.0,0.0,0.0,0.0,0.0,0.018296401707664164,13.33197804431793,16.515551941451516,0.13417361252287052,0.0,0.0,0.0,0.0,0.0,0.0,0.0,0.0,0.0,0.0,0.0,0.0,0.0,0.0,0.0,0.0,nan,nan,4.174866812911313,2.8116706413042962,nan,0.402,0.0637,0.0,0.0,0.0,0.0,0.0,0.0,0.0,0.0,0.0,0.0,0.0,0.0,0.0,0.0,0.0,0.0,0.0,0.0007216914006911975,0.0,0.00034559869892254524,0.001799146167920309,0.005743037202683472,0.0026021549095344584,0.0029070949379955274,0.004401301077454767,7.115267330758284e-05,0.0011587721081520634,0.003598292335840618,0.009524293555600732,0.00935149420613946,0.020004065867046148,0.010317137629599512,0.0335840618011791,0.014952226062207766,0.056434234600528564,0.07535068103273022,0.0508843260825371,0.06374263061597886,0.0420715592600122,0.04807887782069526,0.07790201260418785,0.05417767838991665,0.0715592600121976,0.05986989225452328,0.011201463712136614,0.02881683268957105,0.06047977231144542,0.019201057125432,0.047347021752388696,0.04980687131530799,0.024984752998576946,0.009229518194755032,0.00816222809514129,0.005326285830453344,0.007237243342142712,0.0024293555600731855,0.004462289083146981,0.0,0.0,0.00016263468184590365,0.0,0.0,0.0,0.0,0.0,0.0,0.0,0.0,0.0,0.0,0.0,0.0,0.0,0.0,0.0,0.0,0.0,0.0,0.0,0.0,0.0,0.0,0.0,0.0,0.0,0.0,0.0,0.0,0.0,0.0,0.0,0.0,0.0,0.0,0.0,0.0,0.0,0.0,0.0,0.0,0.0,nan,nan,4.174866812911313,2.8116706413042962,nan,0.9256759732491586,0.022695121146946273,0.0,0.0,0.0,0.0,0.0,0.0,0.0,0.0,0.0,0.0,0.0,0.0,0.0,0.0,0.0,0.0,0.0,0.0,0.0,0.0,0.0,0.0,0.0,0.0,0.0,0.1301261829652997,3.560725552050474,15.141955835962149,10.06703470031546,1.1001577287066249,0.9256237348337609,0.022710471101984386,0.0,0.0,0.0,0.0,0.0,0.0,0.0,0.0,0.0,0.0,0.0,0.0,0.0,0.0,0.0,0.0,0.0,0.0,0.0,0.0,0.0,0.0,0.0,0.0,0.0,0.20142677297524134,3.650860260176249,14.91817037347881,10.461603021401597,0.7679395719681076,0.4019,0.01217,0.0,0.0,0.0,0.0,0.0,0.0,0.0,0.0,0.0,0.0,0.0,13.391167192429002,16.47870662460568,0.1301261829652997,0.0,0.0,0.0,0.0,0.0,0.0,0.0,0.0,0.0,0.0,0.0,0.0,0.0,0.0,0.0,0.0,0.402,0.01223,0.0,0.0,0.0,0.0,0.0,0.0,0.0,0.0,0.0,0.0,0.03776751993285775,13.268988669744001,16.554762903902645,0.13848090642047842,0.0,0.0,0.0,0.0,0.0,0.0,0.0,0.0,0.0,0.0,0.0,0.0,0.0,0.0,0.0,0.0
84500,4688,2413,0.5147184300341296,1143,928,0.44176621160409557,1305,0.556740614334471,0.4000000000000001,2.9723076923076923,3.0549009720908287,6.380090497737557,2.180475958728153,9515.540529010239,1614.300126401973,7853.0,11083.0,11083.0,0.0,7853.0,0.0,28.549274744027304,21.318988683430618,33.73290816326531,19.465690348052387,0.14377133105802048,0.09513651877133106,0.09108361774744027,0.07956484641638226,0.08084470989761092,0.07060580204778157,0.06719283276450512,0.0693259385665529,0.058233788395904436,0.055247440273037546,0.04863481228668942,0.035409556313993173,0.0351962457337884,0.029650170648464164,0.017704778156996587,0.011945392491467578,0.010452218430034129,0.9249819693991552,0.022969358931994012,0.0,0.0,0.0,0.0,0.0,0.0,0.0,0.0,0.0,0.0,0.0,0.0,0.0,0.0,0.0,0.0,0.0,0.0,0.0,0.0,0.0,0.0,0.0,0.0,0.0,0.19837883959044372,3.941979522184301,14.91680887372014,9.96373720136519,0.979095563139932,4.20877308707124,2.8009402065839977,nan,nan,nan,4.2504930966469425,2.8220930456958886,4.166776968894772,2.778852279144056,0.9803043727283757,0.402,0.0122,0.0,0.0,0.0,0.0,0.0,0.0,0.0,0.0,0.0,0.0,0.06399317406143346,13.016211604095545,16.843003412969285,0.07679180887372015,0.0,0.0,0.0,0.0,0.0,0.0,0.0,0.0,0.0,0.0,0.0,0.0,0.0,0.0,0.0,0.0,nan,nan,4.20877308707124,2.8009402065839977,nan,0.402,0.06384,0.0,0.0,0.0,0.0,0.0,0.0,0.0,0.0,0.0,0.0,0.0,0.0,0.0,0.0,0.0,0.0,0.0,0.0006719283276450512,0.0,0.00018131399317406144,0.001034556313993174,0.006708617747440273,0.002783703071672355,0.0024744027303754265,0.005258105802047781,6.399317406143345e-05,0.0014718430034129694,0.004116894197952218,0.008713737201365188,0.010036262798634812,0.02000853242320819,0.010068259385665529,0.032359215017064846,0.015486348122866894,0.05699658703071672,0.07464803754266211,0.052175767918088735,0.06113481228668942,0.04173421501706485,0.04862414675767918,0.07828498293515358,0.054564846416382255,0.07380546075085324,0.057604522184300344,0.011252133105802049,0.02830631399317406,0.0582231228668942,0.019859215017064846,0.04842150170648464,0.049584044368600685,0.025447952218430034,0.009225682593856655,0.008841723549488055,0.005791382252559727,0.0069859215017064845,0.002783703071672355,0.004063566552901024,0.0,0.0,0.0001279863481228669,7.465870307167235e-05,0.0,0.0,0.0,0.0,0.0,0.0,0.0,0.0,0.0,0.0,0.0,0.0,0.0,0.0,0.0,0.0,0.0,0.0,0.0,0.0,0.0,0.0,0.0,0.0,0.0,0.0,0.0,0.0,0.0,0.0,0.0,0.0,0.0,0.0,0.0,0.0,0.0,0.0,0.0,0.0,nan,nan,4.20877308707124,2.8009402065839977,nan,0.9250365035740409,0.022544901088712474,0.0,0.0,0.0,0.0,0.0,0.0,0.0,0.0,0.0,0.0,0.0,0.0,0.0,0.0,0.0,0.0,0.0,0.0,0.0,0.0,0.0,0.0,0.0,0.0,0.0,0.17405719021964364,3.9908827186075433,14.720265230004147,10.269374222958975,0.8454206382096977,0.9249241272171775,0.023411016746501877,0.0,0.0,0.0,0.0,0.0,0.0,0.0,0.0,0.0,0.0,0.0,0.0,0.0,0.0,0.0,0.0,0.0,0.0,0.0,0.0,0.0,0.0,0.0,0.0,0.0,0.2241758241758242,3.890109890109891,15.125274725274728,9.63956043956044,1.1208791208791211,0.402,0.01195,0.0,0.0,0.0,0.0,0.0,0.0,0.0,0.0,0.0,0.0,0.049730625777041036,12.929962702030648,16.970576046415253,0.049730625777041036,0.0,0.0,0.0,0.0,0.0,0.0,0.0,0.0,0.0,0.0,0.0,0.0,0.0,0.0,0.0,0.0,0.402,0.012474,0.0,0.0,0.0,0.0,0.0,0.0,0.0,0.0,0.0,0.0,0.07912087912087913,13.107692307692288,16.707692307692312,0.10549450549450552,0.0,0.0,0.0,0.0,0.0,0.0,0.0,0.0,0.0,0.0,0.0,0.0,0.0,0.0,0.0,0.0
84600,4676,2469,0.5280153977758768,1188,944,0.455945252352438,1300,0.5560307955517536,0.4000000000000001,2.9415496148618034,3.117939956075989,6.548387096774194,2.190723988112508,9558.489734816083,1612.4629012454566,7853.0,11083.0,11083.0,0.0,7853.0,0.0,28.429426860564586,20.973820247411805,33.22966144517433,19.21170214161027,0.13665526090675792,0.09452523524379812,0.09046193327630453,0.0878956372968349,0.07805816937553464,0.07955517536355859,0.06693755346449957,0.06693755346449957,0.058169375534645,0.05902480752780154,0.0451240376390077,0.0374251497005988,0.03314798973481608,0.027801539777587682,0.019461077844311378,0.011120615911035072,0.007698887938408896,0.9266540547075998,0.02299855873847709,0.0,0.0,0.0,0.0,0.0,0.0,0.0,0.0,0.0,0.0,0.0,0.0,0.0,0.0,0.0,0.0,0.0,0.0,0.0,0.0,0.0,0.0,0.0,0.0,0.0,0.10265183917878531,3.5543199315654412,14.82035928143713,10.290846877673227,1.2318220701454237,4.1156862745098035,2.895514169677827,nan,nan,nan,4.1448321263989465,2.855545282872613,4.086956521739131,2.934096345845082,0.9860366830561849,0.4026,0.01179,0.0,0.0,0.0,0.0,0.0,0.0,0.0,0.0,0.0,0.0,0.019247219846022245,12.36954662104361,17.476475620188197,0.13473053892215572,0.0,0.0,0.0,0.0,0.0,0.0,0.0,0.0,0.0,0.0,0.0,0.0,0.0,0.0,0.0,0.0,nan,nan,4.1156862745098035,2.895514169677827,nan,0.4026,0.06445,0.0,0.0,0.0,0.0,0.0,0.0,0.0,0.0,0.0,0.0,0.0,0.0,0.0,0.0,0.0,0.0,0.0,0.0013152266894781864,0.0,0.00017108639863130882,0.0010158254918733961,0.008329769033361847,0.0028336184773310523,0.002202737382378101,0.0048011120615911035,3.2078699743370405e-05,0.0018712574850299401,0.004106073567151412,0.007859281437125748,0.009784003421727973,0.018755346449957227,0.009644995722840034,0.03268819503849444,0.01561163387510693,0.05511120615911035,0.06961077844311377,0.05218135158254919,0.06215782720273738,0.041253207869974336,0.04930496150556031,0.07976903336184774,0.054801112061591106,0.0757164242942686,0.0562874251497006,0.011954662104362704,0.02593028229255774,0.05750641573994868,0.02092600513259196,0.04842814371257485,0.05232035928143713,0.0277480752780154,0.009217279726261763,0.009206586826347306,0.005517536355859709,0.006490590248075278,0.0032613344739093244,0.004052609067579128,5.3464499572284e-05,0.0,8.554319931565441e-05,8.554319931565441e-05,0.0,0.0,0.0,0.0,0.0,0.0,0.0,0.0,0.0,0.0,0.0,0.0,0.0,0.0,0.0,0.0,0.0,0.0,0.0,0.0,0.0,0.0,0.0,0.0,0.0,0.0,0.0,0.0,0.0,0.0,0.0,0.0,0.0,0.0,0.0,0.0,0.0,0.0,0.0,0.0,nan,nan,4.1156862745098035,2.895514169677827,nan,0.9266115080832277,0.023391702316620397,0.0,0.0,0.0,0.0,0.0,0.0,0.0,0.0,0.0,0.0,0.0,0.0,0.0,0.0,0.0,0.0,0.0,0.0,0.0,0.0,0.0,0.0,0.0,0.0,0.0,0.10935601458080196,3.7302551640340225,14.507897934386394,10.400972053462944,1.251518833535845,0.9267016521772757,0.022550527381336897,0.0,0.0,0.0,0.0,0.0,0.0,0.0,0.0,0.0,0.0,0.0,0.0,0.0,0.0,0.0,0.0,0.0,0.0,0.0,0.0,0.0,0.0,0.0,0.0,0.0,0.09515178975985503,3.357498867240599,15.169913910285459,10.16764839148165,1.2097870412324425,0.4026,0.01202,0.0,0.0,0.0,0.0,0.0,0.0,0.0,0.0,0.0,0.0,0.012150668286755775,12.515188335358427,17.33900364520049,0.13365735115431351,0.0,0.0,0.0,0.0,0.0,0.0,0.0,0.0,0.0,0.0,0.0,0.0,0.0,0.0,0.0,0.0,0.4028,0.01153,0.0,0.0,0.0,0.0,0.0,0.0,0.0,0.0,0.0,0.0,0.027186225645672867,12.206615314907095,17.630267331218853,0.1359311282283643,0.0,0.0,0.0,0.0,0.0,0.0,0.0,0.0,0.0,0.0,0.0,0.0,0.0,0.0,0.0,0.0
84700,4668,2381,0.5100685518423308,1106,973,0.4453727506426735,1336,0.572407883461868,0.4080000000000001,2.989505902929602,3.1262425175958315,6.63677811550152,2.2183916137560282,9500.521422450729,1614.6725231704977,7853.0,11083.0,11083.0,0.0,7853.0,0.0,28.260925449871465,20.969548824246825,33.23572884811417,19.162849977756537,0.13946015424164523,0.09447300771208227,0.09361610968294773,0.08354755784061697,0.0831191088260497,0.07562125107112254,0.07133676092544987,0.06298200514138817,0.05805484147386461,0.049057412167952015,0.04884318766066838,0.04177377892030849,0.038774635818337615,0.02356469580119966,0.01713796058269066,0.010282776349614395,0.008354755784061696,0.9270441228621212,0.023321118422083887,0.0,0.0,0.0,0.0,0.0,0.0,0.0,0.0,0.0,0.0,0.0,0.0,0.0,0.0,0.0,0.0,0.0,0.0,0.0,0.0,0.0,0.0,0.0,0.0,0.0,0.14138817480719798,3.6246786632390755,14.383033419023139,10.494858611825194,1.3560411311053988,4.269559500328731,2.9235807713382242,nan,nan,nan,4.266755142667551,2.8890986134157663,4.2723127035830615,2.957040215115878,1.0013025263296538,0.4023,0.01211,0.0,0.0,0.0,0.0,0.0,0.0,0.0,0.0,0.0,0.0,0.051413881748071995,12.654241645244197,17.165809768637533,0.12853470437017997,0.0,0.0,0.0,0.0,0.0,0.0,0.0,0.0,0.0,0.0,0.0,0.0,0.0,0.0,0.0,0.0,nan,nan,4.269559500328731,2.9235807713382242,nan,0.4023,0.0643,0.0,0.0,0.0,0.0,0.0,0.0,0.0,0.0,0.0,0.0,0.0,0.0,0.0,0.0,0.0,0.0,0.0,0.0010604113110539845,0.0,0.00033204798628963154,0.0007390745501285347,0.009286632390745501,0.002667095115681234,0.002281491002570694,0.005473436161096829,1.0711225364181662e-05,0.002420736932305056,0.00457369323050557,0.007904884318766067,0.008836760925449872,0.01905526992287918,0.008483290488431876,0.03208011996572408,0.01572407883461868,0.05517352185089974,0.06798414738646101,0.05141388174807198,0.06231790916880891,0.04168808911739503,0.04866109682947729,0.08083761782347901,0.054745072836332474,0.0773350471293916,0.05680162810625536,0.012553556126820908,0.027763496143958868,0.05746572407883462,0.022568551842330763,0.04812553556126821,0.050171379605826905,0.02686375321336761,0.008740359897172237,0.009565124250214224,0.005484147386461011,0.005976863753213367,0.0030634104541559554,0.003523993144815767,5.3556126820908315e-05,0.0,0.00011782347900599829,7.497857754927163e-05,0.0,0.0,0.0,0.0,0.0,0.0,0.0,0.0,0.0,0.0,0.0,0.0,0.0,0.0,0.0,0.0,0.0,0.0,0.0,0.0,0.0,0.0,0.0,0.0,0.0,0.0,0.0,0.0,0.0,0.0,0.0,0.0,0.0,0.0,0.0,0.0,0.0,0.0,0.0,0.0,nan,nan,4.269559500328731,2.9235807713382242,nan,0.9266824942584401,0.0234899168154831,0.0,0.0,0.0,0.0,0.0,0.0,0.0,0.0,0.0,0.0,0.0,0.0,0.0,0.0,0.0,0.0,0.0,0.0,0.0,0.0,0.0,0.0,0.0,0.0,0.0,0.17639647207055864,3.729525409491811,14.451910961780767,10.34439311213776,1.29777404451911,0.9274206150813451,0.023138069677918264,0.0,0.0,0.0,0.0,0.0,0.0,0.0,0.0,0.0,0.0,0.0,0.0,0.0,0.0,0.0,0.0,0.0,0.0,0.0,0.0,0.0,0.0,0.0,0.0,0.0,0.10494097070397904,3.515522518583298,14.31132487975514,10.65150852645387,1.416703104503717,0.4019,0.01212,0.0,0.0,0.0,0.0,0.0,0.0,0.0,0.0,0.0,0.0,0.05039899202015961,13.154136917261637,16.70726585468291,0.08819823603527932,0.0,0.0,0.0,0.0,0.0,0.0,0.0,0.0,0.0,0.0,0.0,0.0,0.0,0.0,0.0,0.0,0.4028,0.01206,0.0,0.0,0.0,0.0,0.0,0.0,0.0,0.0,0.0,0.0,0.05247048535198952,12.133799737647555,17.643200699606474,0.17052907739396594,0.0,0.0,0.0,0.0,0.0,0.0,0.0,0.0,0.0,0.0,0.0,0.0,0.0,0.0,0.0,0.0
84800,4746,2449,0.5160134850400337,1195,973,0.45680573114201434,1344,0.5663716814159292,0.3960000000000001,2.995211144971702,3.069287475692606,6.540909090909091,2.0233094157185985,9519.72355667931,1614.1715130940834,7853.0,11083.0,11083.0,0.0,7853.0,0.0,28.322166034555416,20.792750568852945,33.15856394913987,18.97299024522129,0.13801095659502738,0.09186683522966708,0.0897597977243995,0.08575642646439106,0.08217446270543616,0.07901390644753477,0.07016434892541087,0.06510745891276865,0.06363253265908134,0.05035819637589549,0.05014749262536873,0.03961230509903076,0.0337126000842815,0.02402022756005057,0.017277707543194267,0.012852928782132322,0.006531816266329541,0.9255419357688026,0.023055569505968213,0.0,0.0,0.0,0.0,0.0,0.0,0.0,0.0,0.0,0.0,0.0,0.0,0.0,0.0,0.0,0.0,0.0,0.0,0.0,0.0,0.0,0.0,0.0,0.0,0.0,0.13274336283185842,3.9759797724399504,14.58280657395702,10.24652338811631,1.0619469026548674,4.176432917066923,2.8539979577501766,nan,nan,nan,4.020447284345048,2.8729592770529213,4.333119383825418,2.8261695455604356,1.0777704761104225,0.4019,0.012115,0.0,0.0,0.0,0.0,0.0,0.0,0.0,0.0,0.0,0.0,0.06321112515802782,12.857142857142838,16.959544879898864,0.12010113780025287,0.0,0.0,0.0,0.0,0.0,0.0,0.0,0.0,0.0,0.0,0.0,0.0,0.0,0.0,0.0,0.0,nan,nan,4.176432917066923,2.8539979577501766,nan,0.4019,0.06476,0.0,0.0,0.0,0.0,0.0,0.0,0.0,0.0,0.0,0.0,0.0,0.0,0.0,0.0,0.0,0.0,0.0,0.0011588706278971765,0.0,0.000347661188369153,0.0011061946902654867,0.008986514959966288,0.002823430257058576,0.002770754319426886,0.006173619890434049,0.0,0.0022650653181626634,0.004340497260851243,0.007638010956595028,0.00917614833544037,0.01928992836072482,0.007911925832279815,0.03231142014327855,0.017446270543615677,0.05532026970080067,0.06723556679308891,0.051011378002528446,0.06478086809945217,0.043331226295828064,0.04659713442899283,0.08106826801517067,0.05602612726506532,0.07548461862621154,0.0549093973872735,0.011378002528445006,0.029593341761483354,0.05524652338811631,0.020933417614833544,0.04686051411715129,0.050337126000842815,0.027475769068689423,0.009260429835651075,0.010830172777075433,0.006321112515802781,0.005330804888327012,0.003118415507796039,0.003487147071217868,0.00012642225031605562,7.374631268436578e-05,7.374631268436578e-05,4.2140750105351876e-05,0.0,0.0,0.0,0.0,0.0,0.0,0.0,0.0,0.0,0.0,0.0,0.0,0.0,0.0,0.0,0.0,0.0,0.0,0.0,0.0,0.0,0.0,0.0,0.0,0.0,0.0,0.0,0.0,0.0,0.0,0.0,0.0,0.0,0.0,0.0,0.0,0.0,0.0,0.0,0.0,nan,nan,4.176432917066923,2.8539979577501766,nan,0.9258031625804146,0.023079248630682385,0.0,0.0,0.0,0.0,0.0,0.0,0.0,0.0,0.0,0.0,0.0,0.0,0.0,0.0,0.0,0.0,0.0,0.0,0.0,0.0,0.0,0.0,0.0,0.0,0.0,0.13474887709269093,4.042466312780728,14.075132707227443,10.730910575745206,1.0167415271539406,0.92526342272499,0.0230270327818772,0.0,0.0,0.0,0.0,0.0,0.0,0.0,0.0,0.0,0.0,0.0,0.0,0.0,0.0,0.0,0.0,0.0,0.0,0.0,0.0,0.0,0.0,0.0,0.0,0.0,0.130605137135394,3.9050936003482812,15.124074880278627,9.730082716586853,1.1101436656508492,0.4019,0.01201,0.0,0.0,0.0,0.0,0.0,0.0,0.0,0.0,0.0,0.0,0.048999591670069426,12.825643119640652,17.01510820743161,0.11024908125765621,0.0,0.0,0.0,0.0,0.0,0.0,0.0,0.0,0.0,0.0,0.0,0.0,0.0,0.0,0.0,0.0,0.4019,0.01222,0.0,0.0,0.0,0.0,0.0,0.0,0.0,0.0,0.0,0.0,0.07836308228123641,12.890727035263367,16.900304745319985,0.130605137135394,0.0,0.0,0.0,0.0,0.0,0.0,0.0,0.0,0.0,0.0,0.0,0.0,0.0,0.0,0.0,0.0
84900,4423,2261,0.511191498982591,1053,897,0.4408772326475243,1244,0.5625141306805336,0.4160000000000001,2.9227567067530065,3.0915794120291333,6.53476821192053,2.1331000151777006,9504.148541713768,1614.5953929489483,7853.0,11083.0,11083.0,0.0,7853.0,0.0,28.092471173411713,20.933673123106413,32.89638554216867,19.23438813868441,0.13271535157133169,0.10739317205516617,0.09427990052000905,0.08749717386389329,0.07754917476825685,0.07054035722360388,0.06760117567262039,0.0648880850101741,0.05516617680307483,0.05674881302283518,0.04725299570427312,0.043635541487678044,0.03481799683472756,0.0253221795161655,0.0196699073027357,0.007460999321727334,0.007460999321727334,0.9263576970040031,0.022970767972884148,0.0,0.0,0.0,0.0,0.0,0.0,0.0,0.0,0.0,0.0,0.0,0.0,0.0,0.0,0.0,0.0,0.0,0.0,0.0,0.0,0.0,0.0,0.0,0.0,0.0,0.1492199864345467,3.5473660411485426,15.091566809857566,10.058783631019672,1.153063531539679,4.2320169252468265,2.8469004786605376,nan,nan,nan,4.102909865152591,2.8332004676117726,4.359495444989489,2.8546399162873595,1.0625374644508199,0.402,0.01242,0.0,0.0,0.0,0.0,0.0,0.0,0.0,0.0,0.0,0.0,0.06104453990504184,12.995704273117775,16.821162107167083,0.12208907981008368,0.0,0.0,0.0,0.0,0.0,0.0,0.0,0.0,0.0,0.0,0.0,0.0,0.0,0.0,0.0,0.0,nan,nan,4.2320169252468265,2.8469004786605376,nan,0.402,0.06494,0.0,0.0,0.0,0.0,0.0,0.0,0.0,0.0,0.0,0.0,0.0,0.0,0.0,0.0,0.0,0.0,0.0,0.001040018087271083,0.0,0.0004408772326475243,0.0009608862762830657,0.009190594619036853,0.0027356997513000225,0.003199186072801266,0.006782726656115758,0.0,0.0018087271082975356,0.004634863215012435,0.008094053809631472,0.009721908207099254,0.019443816414198508,0.00843319014243726,0.03345014695907755,0.01680985756274022,0.053538322405607054,0.06506895772100384,0.049355640967669,0.06576983947546913,0.04135202351345241,0.04801040018087271,0.07795613836762379,0.05489486773683021,0.07724395206873164,0.054872258647976485,0.011711508026226542,0.03331449242595524,0.05527922224734343,0.020698620845579923,0.04915215916798553,0.04955912276735248,0.028035270178611803,0.008060140176350893,0.01180194438164142,0.005934885824101289,0.004849649559122767,0.0028713542844223377,0.0036174542165950713,0.00011304544426859598,0.00010174089984173637,9.043635541487678e-05,0.0,0.0,0.0,0.0,0.0,0.0,0.0,0.0,0.0,0.0,0.0,0.0,0.0,0.0,0.0,0.0,0.0,0.0,0.0,0.0,0.0,0.0,0.0,0.0,0.0,0.0,0.0,0.0,0.0,0.0,0.0,0.0,0.0,0.0,0.0,0.0,0.0,0.0,0.0,0.0,0.0,nan,nan,4.2320169252468265,2.8469004786605376,nan,0.9264668243377412,0.023275245442155743,0.0,0.0,0.0,0.0,0.0,0.0,0.0,0.0,0.0,0.0,0.0,0.0,0.0,0.0,0.0,0.0,0.0,0.0,0.0,0.0,0.0,0.0,0.0,0.0,0.0,0.1592215833701902,3.595754091110129,14.913754975674484,10.097302078726228,1.2339672711189742,0.9262435726276931,0.022647407302381566,0.0,0.0,0.0,0.0,0.0,0.0,0.0,0.0,0.0,0.0,0.0,0.0,0.0,0.0,0.0,0.0,0.0,0.0,0.0,0.0,0.0,0.0,0.0,0.0,0.0,0.1387604070305273,3.4967622571692885,15.277520814061058,10.018501387604072,1.0684551341350603,0.4023,0.01259,0.0,0.0,0.0,0.0,0.0,0.0,0.0,0.0,0.0,0.0,0.06634232640424592,12.671384343210951,17.156125608137994,0.10614772224679347,0.0,0.0,0.0,0.0,0.0,0.0,0.0,0.0,0.0,0.0,0.0,0.0,0.0,0.0,0.0,0.0,0.4019,0.01224,0.0,0.0,0.0,0.0,0.0,0.0,0.0,0.0,0.0,0.0,0.055504162812210926,13.334875115633654,16.47086031452359,0.1387604070305273,0.0,0.0,0.0,0.0,0.0,0.0,0.0,0.0,0.0,0.0,0.0,0.0,0.0,0.0,0.0,0.0
85000,4322,2240,0.5182785747339195,1054,858,0.4423877834335956,1211,0.5603887089310504,0.4200000000000001,2.989433237271854,3.0661743797760423,6.476190476190476,2.0914654795287357,9527.03979639056,1613.9204758730095,7853.0,11083.0,11083.0,0.0,7853.0,0.0,28.6850994909764,21.15620503925357,33.60126061934777,19.347685197450115,0.13465987968533086,0.09856547894493291,0.08884775566867191,0.08445164275798242,0.07589079130032392,0.07866728366496992,0.07149467838963443,0.06177695511337344,0.053447478019435446,0.05900046274872744,0.05067098565478945,0.041647385469689956,0.03701989819527996,0.023831559463211475,0.01989819527996298,0.012031466913465988,0.008098102730217492,0.9262776707179675,0.02342298593941856,0.0,0.0,0.0,0.0,0.0,0.0,0.0,0.0,0.0,0.0,0.0,0.0,0.0,0.0,0.0,0.0,0.0,0.0,0.0,0.0,0.0,0.0,0.0,0.0,0.0,0.22211938917167984,3.678852383155947,14.65987968533087,10.113373438223046,1.3257751041184638,4.174849876368774,2.8394238070525915,nan,nan,nan,4.187060478199719,2.8356582559582706,4.162526614620298,2.843165875704783,0.994140551896215,0.402,0.012245,0.0,0.0,0.0,0.0,0.0,0.0,0.0,0.0,0.0,0.0,0.06941230911614994,12.938454419250329,16.87413234613605,0.1180009254974549,0.0,0.0,0.0,0.0,0.0,0.0,0.0,0.0,0.0,0.0,0.0,0.0,0.0,0.0,0.0,0.0,nan,nan,4.174849876368774,2.8394238070525915,nan,0.402,0.06537,0.0,0.0,0.0,0.0,0.0,0.0,0.0,0.0,0.0,0.0,0.0,0.0,0.0,0.0,0.0,0.0,0.0,0.0012494215640906988,0.00010411846367422489,0.0006015733456732994,0.0009139287366959741,0.009798704303563166,0.003158260064784822,0.0026955113373438224,0.0065016196205460435,0.0,0.0020823692734844978,0.004766311892642296,0.008734382230448865,0.009868116612679315,0.018151318833873206,0.01027302174919019,0.032936140675613144,0.016913465987968532,0.0521286441462286,0.06119851920407219,0.0506941230911615,0.06751503933364184,0.04298935677926886,0.0482878297084683,0.0757403979639056,0.05525219805645534,0.07593706617306803,0.05714946783896344,0.012135585377140212,0.03457889865802869,0.05301943544655252,0.020071726052753355,0.04832253586302638,0.05038176770013882,0.025775104118463673,0.008919481721425267,0.011834798704303564,0.006385932438685794,0.005275335492827395,0.003782970846830171,0.0035053216103655715,0.00012725590004627487,9.254974548819991e-05,0.00015039333641832486,0.0,0.0,0.0,0.0,0.0,0.0,0.0,0.0,0.0,0.0,0.0,0.0,0.0,0.0,0.0,0.0,0.0,0.0,0.0,0.0,0.0,0.0,0.0,0.0,0.0,0.0,0.0,0.0,0.0,0.0,0.0,0.0,0.0,0.0,0.0,0.0,0.0,0.0,0.0,0.0,0.0,nan,nan,4.174849876368774,2.8394238070525915,nan,0.9264985544340951,0.023331542498372024,0.0,0.0,0.0,0.0,0.0,0.0,0.0,0.0,0.0,0.0,0.0,0.0,0.0,0.0,0.0,0.0,0.0,0.0,0.0,0.0,0.0,0.0,0.0,0.0,0.0,0.2008928571428572,3.602678571428572,14.852678571428575,9.85714285714286,1.4866071428571432,0.9260400244527774,0.02351865538141931,0.0,0.0,0.0,0.0,0.0,0.0,0.0,0.0,0.0,0.0,0.0,0.0,0.0,0.0,0.0,0.0,0.0,0.0,0.0,0.0,0.0,0.0,0.0,0.0,0.0,0.244956772334294,3.760806916426514,14.452449567723347,10.38904899135447,1.1527377521613835,0.402,0.01216,0.0,0.0,0.0,0.0,0.0,0.0,0.0,0.0,0.0,0.0,0.06696428571428573,12.66964285714284,17.16964285714286,0.09375000000000003,0.0,0.0,0.0,0.0,0.0,0.0,0.0,0.0,0.0,0.0,0.0,0.0,0.0,0.0,0.0,0.0,0.4019,0.01234,0.0,0.0,0.0,0.0,0.0,0.0,0.0,0.0,0.0,0.0,0.07204610951008647,13.227665706051853,16.55619596541787,0.14409221902017294,0.0,0.0,0.0,0.0,0.0,0.0,0.0,0.0,0.0,0.0,0.0,0.0,0.0,0.0,0.0,0.0
85100,4349,2287,0.5258680156357783,1129,866,0.45872614394113587,1227,0.5642676477351115,0.4280000000000001,3.1013579049466538,3.121047739179227,6.649180327868852,1.9446962720262206,9551.553690503564,1612.8371836001409,7853.0,11083.0,11083.0,0.0,7853.0,0.0,28.263278914693032,20.660475903918087,33.11604467447562,18.816325097043624,0.1361232467233847,0.09450448378937687,0.08898597378707748,0.09082547712117728,0.07794895378247874,0.07266038169694182,0.07335019544722925,0.06484249252701771,0.06783168544492987,0.05518510002299379,0.04575764543573235,0.04138882501724534,0.02989192917912164,0.026672798344447,0.01724534375718556,0.011266957921361233,0.005518510002299379,0.9270590194260068,0.022840783455675973,0.0,0.0,0.0,0.0,0.0,0.0,0.0,0.0,0.0,0.0,0.0,0.0,0.0,0.0,0.0,0.0,0.0,0.0,0.0,0.0,0.0,0.0,0.0,0.0,0.006898137502874225,0.08967578753736494,3.490457576454358,14.720625431133596,10.471372729363074,1.2209703380087378,4.166083916083916,2.8894618113745087,nan,nan,nan,4.079092159559835,2.8658574987839245,4.256045519203414,2.910937779742073,1.0433805740889839,0.402,0.01229,0.0,0.0,0.0,0.0,0.0,0.0,0.0,0.0,0.0,0.0,0.06208323752586803,12.754656242814422,17.003908944584964,0.17935157507472987,0.0,0.0,0.0,0.0,0.0,0.0,0.0,0.0,0.0,0.0,0.0,0.0,0.0,0.0,0.0,0.0,nan,nan,4.166083916083916,2.8894618113745087,nan,0.402,0.06573,0.0,0.0,0.0,0.0,0.0,0.0,0.0,0.0,0.0,0.0,0.0,0.0,0.0,0.0,0.0,0.0,0.0,0.0013796275005748448,4.598758335249483e-05,0.0005288572085536905,0.0011841802713267418,0.010450678316854449,0.0027247643136353184,0.002230397792595999,0.0080018395033341,0.0,0.0018510002299379168,0.005254081398022534,0.008381237065992182,0.009220510462175213,0.01945274775810531,0.010922051046217521,0.029225109220510463,0.016854449298689355,0.05428834214762014,0.057898367440790986,0.052345366750977236,0.06679696481949873,0.040687514371119796,0.048424925270177055,0.0775465624281444,0.05530006898137503,0.077787997240745,0.055978385835824325,0.012232697171763623,0.0331225569096344,0.05564497585651874,0.02007358013336399,0.04860887560358703,0.04697631639457347,0.026776270406990113,0.009772361462405151,0.011945274775810531,0.006990112669579214,0.005150609335479421,0.004552770751896988,0.0029661991262359163,5.7484479190618535e-05,6.898137502874224e-05,0.0002989192917912164,0.0,0.0,0.0,0.0,0.0,0.0,0.0,0.0,0.0,0.0,0.0,0.0,0.0,0.0,0.0,0.0,0.0,0.0,0.0,0.0,0.0,0.0,0.0,0.0,0.0,0.0,0.0,0.0,0.0,0.0,0.0,0.0,0.0,0.0,0.0,0.0,0.0,0.0,0.0,0.0,0.0,nan,nan,4.166083916083916,2.8894618113745087,nan,0.9273545733955577,0.02260478676828161,0.0,0.0,0.0,0.0,0.0,0.0,0.0,0.0,0.0,0.0,0.0,0.0,0.0,0.0,0.0,0.0,0.0,0.0,0.0,0.0,0.0,0.0,0.0,0.0,0.0,0.0655881066899869,3.4761696545693055,14.757324005247051,10.467861827721908,1.2330564057717537,0.9267312153870335,0.023095288215794207,0.0,0.0,0.0,0.0,0.0,0.0,0.0,0.0,0.0,0.0,0.0,0.0,0.0,0.0,0.0,0.0,0.0,0.0,0.0,0.0,0.0,0.0,0.0,0.0,0.014548981571290013,0.1163918525703201,3.506304558680893,14.679922405431624,10.475266731328809,1.207565470417071,0.4026,0.01231,0.0,0.0,0.0,0.0,0.0,0.0,0.0,0.0,0.0,0.0,0.10494097070397904,12.16003498032355,17.577612592916488,0.15741145605596854,0.0,0.0,0.0,0.0,0.0,0.0,0.0,0.0,0.0,0.0,0.0,0.0,0.0,0.0,0.0,0.0,0.4019,0.01225,0.0,0.0,0.0,0.0,0.0,0.0,0.0,0.0,0.0,0.0,0.014548981571290013,13.41416100872937,16.367604267701264,0.2036857419980602,0.0,0.0,0.0,0.0,0.0,0.0,0.0,0.0,0.0,0.0,0.0,0.0,0.0,0.0,0.0,0.0
85200,4528,2316,0.5114840989399293,1120,933,0.4534010600706714,1296,0.5724381625441696,0.4120000000000001,3.0700723327305606,3.2261181800961665,6.826833073322933,2.23982478948245,9505.09363957597,1614.5739567771454,7853.0,11083.0,11083.0,0.0,7853.0,0.0,28.000883392226147,20.65821688855723,32.88425196850394,18.872357231810454,0.13604240282685512,0.10159010600706714,0.08900176678445229,0.08590989399293286,0.08370141342756184,0.0708922261484099,0.07530918727915194,0.06492932862190813,0.06051236749116608,0.054770318021201414,0.04527385159010601,0.04196113074204947,0.03180212014134275,0.02495583038869258,0.0176678445229682,0.010379858657243815,0.00530035335689046,0.9275223904095142,0.023245071895295347,0.0,0.0,0.0,0.0,0.0,0.0,0.0,0.0,0.0,0.0,0.0,0.0,0.0,0.0,0.0,0.0,0.0,0.0,0.0,0.0,0.0,0.0,0.0,0.0,0.0,0.13913427561837458,3.4783568904593647,14.039310954063607,11.018109540636045,1.3250883392226152,4.352681602172437,3.003424375962524,nan,nan,nan,4.340296495956873,3.0102195957298568,4.365253077975376,2.996458791912329,1.0057499716993414,0.402,0.01247,0.0,0.0,0.0,0.0,0.0,0.0,0.0,0.0,0.0,0.0,0.07287985865724383,13.085247349823302,16.709363957597176,0.1325088339222615,0.0,0.0,0.0,0.0,0.0,0.0,0.0,0.0,0.0,0.0,0.0,0.0,0.0,0.0,0.0,0.0,nan,nan,4.352681602172437,3.003424375962524,nan,0.402,0.0661,0.0,0.0,0.0,0.0,0.0,0.0,0.0,0.0,0.0,0.0,0.0,0.0,0.0,0.0,0.0,0.0,0.0,0.0017557420494699646,0.00017667844522968197,0.0005300353356890459,0.0010159010600706714,0.011605565371024735,0.0019434628975265019,0.002683303886925795,0.007243816254416961,3.312720848056537e-05,0.002131183745583039,0.005178886925795053,0.008171378091872792,0.00890017667844523,0.020030918727915195,0.011086572438162544,0.031139575971731448,0.015503533568904593,0.05367712014134276,0.05803886925795053,0.05175574204946996,0.06816475265017667,0.03837234982332156,0.047659010600706715,0.07559628975265018,0.056481890459363956,0.07661219081272085,0.05654814487632509,0.012433745583038868,0.035081713780918726,0.05441696113074205,0.019368374558303886,0.05045273851590106,0.04678666077738516,0.02728577738515901,0.01071113074204947,0.012334363957597173,0.006570229681978798,0.004637809187279152,0.0046267667844522966,0.0029814487632508833,8.833922261484099e-05,0.0,0.0001877208480565371,0.0,0.0,0.0,0.0,0.0,0.0,0.0,0.0,0.0,0.0,0.0,0.0,0.0,0.0,0.0,0.0,0.0,0.0,0.0,0.0,0.0,0.0,0.0,0.0,0.0,0.0,0.0,0.0,0.0,0.0,0.0,0.0,0.0,0.0,0.0,0.0,0.0,0.0,0.0,0.0,0.0,nan,nan,4.352681602172437,3.003424375962524,nan,0.9278105164336006,0.022936052845721096,0.0,0.0,0.0,0.0,0.0,0.0,0.0,0.0,0.0,0.0,0.0,0.0,0.0,0.0,0.0,0.0,0.0,0.0,0.0,0.0,0.0,0.0,0.0,0.0,0.0,0.1295336787564767,3.303108808290156,14.041450777202076,11.269430051813474,1.256476683937824,0.927220717773084,0.02356050191855792,0.0,0.0,0.0,0.0,0.0,0.0,0.0,0.0,0.0,0.0,0.0,0.0,0.0,0.0,0.0,0.0,0.0,0.0,0.0,0.0,0.0,0.0,0.0,0.0,0.0,0.14918625678119352,3.6618444846292957,14.0370705244123,10.754972875226041,1.3969258589511757,0.4019,0.01253,0.0,0.0,0.0,0.0,0.0,0.0,0.0,0.0,0.0,0.0,0.10362694300518137,13.134715025906717,16.645077720207258,0.11658031088082904,0.0,0.0,0.0,0.0,0.0,0.0,0.0,0.0,0.0,0.0,0.0,0.0,0.0,0.0,0.0,0.0,0.4023,0.012405,0.0,0.0,0.0,0.0,0.0,0.0,0.0,0.0,0.0,0.0,0.040687160940325505,13.03345388788425,16.776672694394218,0.14918625678119352,0.0,0.0,0.0,0.0,0.0,0.0,0.0,0.0,0.0,0.0,0.0,0.0,0.0,0.0,0.0,0.0
85300,4561,2350,0.5152378864284148,1108,942,0.4494628370971278,1276,0.5595264196448148,0.4120000000000001,2.928991406603347,3.071281283916773,6.561576354679803,2.1434364956771716,9517.21837316378,1614.249841797456,7853.0,11083.0,11083.0,0.0,7853.0,0.0,28.025433019074764,21.046544559138546,33.033464052287584,19.291501170518234,0.1411971058978294,0.1052400789300592,0.08791931593948696,0.080903310677483,0.08112256084192063,0.0760798070598553,0.06840605130453847,0.06314404735803551,0.0620477965358474,0.0497697873273405,0.047577285682964265,0.03836877877658408,0.034422275816706864,0.024775268581451435,0.018636263977197982,0.013593510195132646,0.006796755097566323,0.9265803741509652,0.023105041468552277,0.0,0.0,0.0,0.0,0.0,0.0,0.0,0.0,0.0,0.0,0.0,0.0,0.0,0.0,0.0,0.0,0.0,0.0,0.0,0.0,0.0,0.0,0.0,0.0,0.0,0.14470510852883142,3.5781626836220135,14.69414602060952,10.359570269677704,1.2234159175619383,4.226440677966102,2.8703473850542336,nan,nan,nan,4.197278911564626,2.862469928623944,4.257606490872211,2.87758490398343,1.0143730213261184,0.4014,0.01232,0.0,0.0,0.0,0.0,0.0,0.0,0.0,0.0,0.0,0.0,0.05919754439815831,13.457575093181301,16.285902214426663,0.19732514799386106,0.0,0.0,0.0,0.0,0.0,0.0,0.0,0.0,0.0,0.0,0.0,0.0,0.0,0.0,0.0,0.0,nan,nan,4.226440677966102,2.8703473850542336,nan,0.4014,0.06683,0.0,0.0,0.0,0.0,0.0,0.0,0.0,0.0,0.0,0.0,0.0,0.0,0.0,0.0,0.0,0.0,0.0,0.0018855514141635607,0.000197325147993861,0.0006248629686472265,0.0011072133304099979,0.012771322078491559,0.0022802017101512828,0.0019732514799386098,0.008430168822626616,0.000197325147993861,0.002762552071914054,0.006029379522034642,0.00873711905283929,0.008726156544617409,0.022900679675509756,0.009712782284586713,0.03130892348169261,0.014338960754220566,0.05210480157860119,0.05551414163560622,0.053420302565226924,0.06620258715194037,0.038708616531462396,0.04603157202367902,0.073799605349704,0.05929620697215523,0.07808594606445955,0.05611707958780969,0.012431484323613243,0.034992326244244684,0.056073229554922166,0.019776364832273623,0.048015786011839506,0.04618504713878535,0.02743915807936856,0.010173207629905723,0.01345099758824819,0.006128042096031572,0.00376014032010524,0.005623766717825039,0.002367901775926332,0.00025213768910326684,1.0962508221881167e-05,5.4812541109405835e-05,0.0,0.0,0.0,0.0,0.0,0.0,0.0,0.0,0.0,0.0,0.0,0.0,0.0,0.0,0.0,0.0,0.0,0.0,0.0,0.0,0.0,0.0,0.0,0.0,0.0,0.0,0.0,0.0,0.0,0.0,0.0,0.0,0.0,0.0,0.0,0.0,0.0,0.0,0.0,0.0,0.0,nan,nan,4.226440677966102,2.8703473850542336,nan,0.9266023678475238,0.023107959234409062,0.0,0.0,0.0,0.0,0.0,0.0,0.0,0.0,0.0,0.0,0.0,0.0,0.0,0.0,0.0,0.0,0.0,0.0,0.0,0.0,0.0,0.0,0.0,0.0,0.0,0.15319148936170215,3.6510638297872346,14.272340425531919,10.774468085106387,1.148936170212766,0.9265569977661109,0.023101916911570028,0.0,0.0,0.0,0.0,0.0,0.0,0.0,0.0,0.0,0.0,0.0,0.0,0.0,0.0,0.0,0.0,0.0,0.0,0.0,0.0,0.0,0.0,0.0,0.0,0.0,0.135685210312076,3.5006784260515613,15.142469470827683,9.918588873812755,1.3025780189959297,0.4019,0.012436,0.0,0.0,0.0,0.0,0.0,0.0,0.0,0.0,0.0,0.0,0.03829787234042554,12.95744680851062,16.76170212765958,0.24255319148936175,0.0,0.0,0.0,0.0,0.0,0.0,0.0,0.0,0.0,0.0,0.0,0.0,0.0,0.0,0.0,0.0,0.401,0.01218,0.0,0.0,0.0,0.0,0.0,0.0,0.0,0.0,0.0,0.0,0.08141112618724561,13.989145183175014,15.78018995929444,0.1492537313432836,0.0,0.0,0.0,0.0,0.0,0.0,0.0,0.0,0.0,0.0,0.0,0.0,0.0,0.0,0.0,0.0
85400,4791,2443,0.5099144228762262,1183,983,0.45209768315591736,1352,0.5643915675224379,0.4040000000000001,2.9488926746166952,3.103541632522679,6.660964230171073,2.0415932401644215,9500.02358589021,1614.6824734128788,7853.0,11083.0,11083.0,0.0,7853.0,0.0,28.13107910665832,20.706785426649027,32.90911336132378,18.956649103940553,0.1337925276560217,0.09663953245668963,0.0978918806094761,0.08077645585472762,0.08682947192652891,0.07555833855145064,0.07221874347735337,0.06428720517637236,0.056981840951784594,0.05113754957211438,0.04842412857441035,0.04111876434982258,0.033813400125234816,0.02546441243999165,0.020037570444583593,0.010227509914422877,0.00480066791901482,0.9270524313295094,0.023007809317605474,0.0,0.0,0.0,0.0,0.0,0.0,0.0,0.0,0.0,0.0,0.0,0.0,0.0,0.0,0.0,0.0,0.0,0.0,0.0,0.0,0.0,0.0,0.0,0.0,0.0,0.13775829680651222,3.4564809016906706,14.514715090795244,10.65122103944897,1.23982467125861,4.312379730596536,2.9067031278153874,nan,nan,nan,4.2785388127853885,2.89814749826219,4.344065656565657,2.9152035526297255,1.015315238834449,0.4011,0.01281,0.0,0.0,0.0,0.0,0.0,0.0,0.0,0.0,0.0,0.0,0.1252348152786475,13.888541014401982,15.84846587351284,0.13775829680651222,0.0,0.0,0.0,0.0,0.0,0.0,0.0,0.0,0.0,0.0,0.0,0.0,0.0,0.0,0.0,0.0,nan,nan,4.312379730596536,2.9067031278153874,nan,0.4011,0.06744,0.0,0.0,0.0,0.0,0.0,0.0,0.0,0.0,0.0,0.0,0.0,0.0,0.0,0.0,0.0,0.0,0.0,0.0025360050093926113,0.0001356710498852014,0.0008975161761636402,0.0012836568566061365,0.012022542266750157,0.001868085994573158,0.0019515758714255896,0.0088394907117512,0.0001147985806720935,0.0027029847630974744,0.006846169901899395,0.009277812565226466,0.009830932999373826,0.024504278856188687,0.01018576497599666,0.030880818200793154,0.014235024003339595,0.052609058651638486,0.05545815069922772,0.05427885618868712,0.06374452097683156,0.03820705489459403,0.04362346065539553,0.07396159465664788,0.058703819661866,0.0780839073262367,0.05560425798371947,0.011897307451471509,0.035399707785431014,0.05658526403673555,0.021289918597370068,0.04781882696723022,0.04484450010436235,0.025600083489876854,0.010540596952619495,0.013775829680651221,0.006793988728866625,0.004153621373408474,0.0059069087873095385,0.002588186182425381,0.0002609058651638489,0.0,0.00015654351909830932,0.0,0.0,0.0,0.0,0.0,0.0,0.0,0.0,0.0,0.0,0.0,0.0,0.0,0.0,0.0,0.0,0.0,0.0,0.0,0.0,0.0,0.0,0.0,0.0,0.0,0.0,0.0,0.0,0.0,0.0,0.0,0.0,0.0,0.0,0.0,0.0,0.0,0.0,0.0,0.0,0.0,nan,nan,4.312379730596536,2.9067031278153874,nan,0.9270450990072197,0.0228908145319446,0.0,0.0,0.0,0.0,0.0,0.0,0.0,0.0,0.0,0.0,0.0,0.0,0.0,0.0,0.0,0.0,0.0,0.0,0.0,0.0,0.0,0.0,0.0,0.0,0.0,0.122799836266885,3.4997953336062224,14.49038067949243,10.73270568972575,1.154318460908719,0.9270600603173091,0.023128907044482387,0.0,0.0,0.0,0.0,0.0,0.0,0.0,0.0,0.0,0.0,0.0,0.0,0.0,0.0,0.0,0.0,0.0,0.0,0.0,0.0,0.0,0.0,0.0,0.0,0.0,0.15332197614991486,3.4114139693356056,14.54003407155026,10.5664395229983,1.3287904599659288,0.401,0.012764,0.0,0.0,0.0,0.0,0.0,0.0,0.0,0.0,0.0,0.0,0.1350798198935735,13.925501432664735,15.816618911174787,0.122799836266885,0.0,0.0,0.0,0.0,0.0,0.0,0.0,0.0,0.0,0.0,0.0,0.0,0.0,0.0,0.0,0.0,0.4011,0.01284,0.0,0.0,0.0,0.0,0.0,0.0,0.0,0.0,0.0,0.0,0.11499148211243614,13.850085178875618,15.881601362862014,0.15332197614991486,0.0,0.0,0.0,0.0,0.0,0.0,0.0,0.0,0.0,0.0,0.0,0.0,0.0,0.0,0.0,0.0
85500,4974,2524,0.5074386811419381,1203,1028,0.44853236831523924,1428,0.5741857659831122,0.4040000000000001,2.9726530612244897,3.014872505856966,6.393258426966292,1.9957425332587868,9492.02694008846,1614.8212613629987,7853.0,11083.0,11083.0,0.0,7853.0,0.0,27.996582227583435,20.671531435318403,32.87129894937918,18.882166344413402,0.13831926015279453,0.09449135504624046,0.09429030960997185,0.09047044632086852,0.08021712907117008,0.06875753920386007,0.0792119018898271,0.06332931242460796,0.05729794933655006,0.05166867712102935,0.05247285886610374,0.038600723763570564,0.03437876960193004,0.023522316043425813,0.016686771210293525,0.010856453558504222,0.005428226779252111,0.927322802998524,0.023076757793490745,0.0,0.0,0.0,0.0,0.0,0.0,0.0,0.0,0.0,0.0,0.0,0.0,0.0,0.0,0.0,0.0,0.0,0.0,0.0,0.0,0.0,0.0,0.0,0.0,0.0,0.12665862484921594,3.4499396863691203,14.427020506634502,10.717732207478893,1.2786489746682754,4.271459559962814,2.8076548504696106,nan,nan,nan,4.29015873015873,2.8070656271491403,4.25363196125908,2.808100549744839,0.9914859166764912,0.4006,0.01276,0.0,0.0,0.0,0.0,0.0,0.0,0.0,0.0,0.0,0.0,0.11459589867310015,14.173703256936047,15.58504221954162,0.12665862484921594,0.0,0.0,0.0,0.0,0.0,0.0,0.0,0.0,0.0,0.0,0.0,0.0,0.0,0.0,0.0,0.0,nan,nan,4.271459559962814,2.8076548504696106,nan,0.4006,0.06744,0.0,0.0,0.0,0.0,0.0,0.0,0.0,0.0,0.0,0.0,0.0,0.0,0.0,0.0,0.0,0.0,1.0052271813429835e-05,0.002925211097708082,0.00016083634901487736,0.000854443104141536,0.001095697627663852,0.012344189786891838,0.0013872135102533172,0.0010655408122235625,0.009489344591877764,7.036590269400885e-05,0.002080820265379976,0.008122235625251308,0.008644953759549658,0.00971049457177322,0.02616606353035786,0.010796139927623643,0.030136710896662647,0.015922798552472858,0.052593486127864894,0.054553679131483714,0.053548451950140734,0.0631383192601528,0.040299557700040206,0.04233011660635304,0.07284881383192601,0.06158021712907117,0.0770908725371934,0.05531765178930438,0.012002412545235224,0.03543425814234017,0.05726779252110977,0.020828307197426617,0.04735625251306795,0.042993566546039405,0.025271411338962605,0.010504624045034178,0.014425010052271814,0.00673502211499799,0.0039203860072376355,0.005659429030960997,0.0029553679131483716,0.00016083634901487736,0.0,0.0002010454362685967,0.0,0.0,0.0,0.0,0.0,0.0,0.0,0.0,0.0,0.0,0.0,0.0,0.0,0.0,0.0,0.0,0.0,0.0,0.0,0.0,0.0,0.0,0.0,0.0,0.0,0.0,0.0,0.0,0.0,0.0,0.0,0.0,0.0,0.0,0.0,0.0,0.0,0.0,0.0,0.0,0.0,nan,nan,4.271459559962814,2.8076548504696106,nan,0.9275960427503768,0.02330508400465086,0.0,0.0,0.0,0.0,0.0,0.0,0.0,0.0,0.0,0.0,0.0,0.0,0.0,0.0,0.0,0.0,0.0,0.0,0.0,0.0,0.0,0.0,0.0,0.0,0.0,0.11885895404120446,3.4231378763866886,14.286846275752776,10.828050713153727,1.3431061806656106,0.927041310290901,0.022835729459414585,0.0,0.0,0.0,0.0,0.0,0.0,0.0,0.0,0.0,0.0,0.0,0.0,0.0,0.0,0.0,0.0,0.0,0.0,0.0,0.0,0.0,0.0,0.0,0.0,0.0,0.13469387755102044,3.477551020408164,14.571428571428575,10.604081632653065,1.2122448979591838,0.401,0.01286,0.0,0.0,0.0,0.0,0.0,0.0,0.0,0.0,0.0,0.0,0.10697305863708402,13.763866877971454,15.986529318541999,0.14263074484944535,0.0,0.0,0.0,0.0,0.0,0.0,0.0,0.0,0.0,0.0,0.0,0.0,0.0,0.0,0.0,0.0,0.4006,0.01264,0.0,0.0,0.0,0.0,0.0,0.0,0.0,0.0,0.0,0.0,0.12244897959183676,14.595918367346918,15.171428571428574,0.11020408163265308,0.0,0.0,0.0,0.0,0.0,0.0,0.0,0.0,0.0,0.0,0.0,0.0,0.0,0.0,0.0,0.0
85600,4695,2452,0.5222577209797657,1137,926,0.43940362087326945,1304,0.5554845580404686,0.4120000000000001,2.9772625947391886,3.0666427881870413,6.461538461538462,2.0856795467179596,9539.892438764644,1613.399044640994,7853.0,11083.0,11083.0,0.0,7853.0,0.0,28.517145899893503,21.173035123672168,33.44492167761496,19.403129341109445,0.13610223642172525,0.10095846645367412,0.09052183173588925,0.08647497337593184,0.07795527156549521,0.07199148029818957,0.06773162939297124,0.06368477103301384,0.05644302449414271,0.05218317358892439,0.05154419595314164,0.044089456869009586,0.03663471778487753,0.023855165069222577,0.02023429179978701,0.012779552715654952,0.006815761448349307,0.9275340020973969,0.022910393763927252,0.0,0.0,0.0,0.0,0.0,0.0,0.0,0.0,0.0,0.0,0.0,0.0,0.0,0.0,0.0,0.0,0.0,0.0,0.0,0.0,0.0,0.0,0.0,0.0,0.0,0.12779552715654954,3.3674121405750808,14.562300319488822,10.66453674121406,1.2779552715654954,4.269028871391076,2.870647242755943,nan,nan,nan,4.211924821775762,2.9039161194989362,4.3251329787234045,2.834299086565123,1.0268780098738595,0.4006,0.01269,0.0,0.0,0.0,0.0,0.0,0.0,0.0,0.0,0.0,0.0,0.08945686900958469,14.166134185303493,15.62939297124601,0.11501597444089459,0.0,0.0,0.0,0.0,0.0,0.0,0.0,0.0,0.0,0.0,0.0,0.0,0.0,0.0,0.0,0.0,nan,nan,4.269028871391076,2.870647242755943,nan,0.4006,0.06726,0.0,0.0,0.0,0.0,0.0,0.0,0.0,0.0,0.0,0.0,0.0,0.0,0.0,0.0,1.0649627263045793e-05,0.0,0.0,0.0028008519701810436,0.00021299254526091586,0.0006496272630457934,0.001033013844515442,0.013375931842385516,0.0012140575079872204,0.0013631522896698615,0.008966986155484557,3.194888178913738e-05,0.002268370607028754,0.008445154419595315,0.008509052183173589,0.01033013844515442,0.025548455804046858,0.010308839190628328,0.03071352502662407,0.014355697550585729,0.05116080937167199,0.05320553780617678,0.053439829605963794,0.06410010649627262,0.04237486687965921,0.04001064962726304,0.07586794462193823,0.06,0.07891373801916933,0.05625133120340788,0.011895633652822151,0.036719914802981896,0.056208732694355695,0.02080937167199148,0.045686900958466455,0.04424920127795527,0.02582534611288605,0.01020234291799787,0.014984025559105432,0.006794462193823216,0.0035356762513312034,0.0043130990415335465,0.0030244941427050053,8.519701810436634e-05,0.0,0.00020234291799787007,0.0,0.0,0.0,0.0,0.0,0.0,0.0,0.0,0.0,0.0,0.0,0.0,0.0,0.0,0.0,0.0,0.0,0.0,0.0,0.0,0.0,0.0,0.0,0.0,0.0,0.0,0.0,0.0,0.0,0.0,0.0,0.0,0.0,0.0,0.0,0.0,0.0,0.0,0.0,0.0,0.0,nan,nan,4.269028871391076,2.870647242755943,nan,0.9275787328818105,0.023348245926779743,0.0,0.0,0.0,0.0,0.0,0.0,0.0,0.0,0.0,0.0,0.0,0.0,0.0,0.0,0.0,0.0,0.0,0.0,0.0,0.0,0.0,0.0,0.0,0.0,0.0,0.12234910277324636,3.4502446982055472,14.388254486133771,10.705546492659057,1.3336052202283855,0.9274851033531338,0.022421860630398055,0.0,0.0,0.0,0.0,0.0,0.0,0.0,0.0,0.0,0.0,0.0,0.0,0.0,0.0,0.0,0.0,0.0,0.0,0.0,0.0,0.0,0.0,0.0,0.0,0.0,0.1337494427106554,3.2768613464110574,14.752563530985292,10.619705751226038,1.217119928666964,0.4004,0.012665,0.0,0.0,0.0,0.0,0.0,0.0,0.0,0.0,0.0,0.0,0.07340946166394781,14.486133768352344,15.342577487765093,0.09787928221859708,0.0,0.0,0.0,0.0,0.0,0.0,0.0,0.0,0.0,0.0,0.0,0.0,0.0,0.0,0.0,0.0,0.401,0.01271,0.0,0.0,0.0,0.0,0.0,0.0,0.0,0.0,0.0,0.0,0.10699955416852432,13.816317432010681,15.942933571110123,0.1337494427106554,0.0,0.0,0.0,0.0,0.0,0.0,0.0,0.0,0.0,0.0,0.0,0.0,0.0,0.0,0.0,0.0
85700,4704,2452,0.5212585034013606,1167,926,0.44494047619047616,1285,0.546343537414966,0.4080000000000001,2.9325044404973357,3.1480449171830367,6.661367249602543,2.2167419138240967,9536.664965986394,1613.539625310171,7853.0,11083.0,11083.0,0.0,7853.0,0.0,28.133928571428573,20.964912504826582,33.01185970224577,19.236947969858754,0.13562925170068027,0.10012755102040816,0.09545068027210885,0.08609693877551021,0.0824829931972789,0.0703656462585034,0.07121598639455783,0.06143707482993197,0.05824829931972789,0.05187074829931973,0.04995748299319728,0.04443027210884354,0.028273809523809524,0.02848639455782313,0.017006802721088437,0.011054421768707483,0.007865646258503401,0.9260723559553323,0.022963943718553738,0.0,0.0,0.0,0.0,0.0,0.0,0.0,0.0,0.0,0.0,0.0,0.0,0.0,0.0,0.0,0.0,0.0,0.0,0.0,0.0,0.0,0.0,0.0,0.0,0.0,0.11479591836734697,3.7755102040816335,15.146683673469392,9.783163265306124,1.1798469387755104,4.198415318586992,2.960271350509301,nan,nan,nan,4.202225130890052,3.007681313113684,4.1945369753497665,2.9112105221589566,0.9981704560558237,0.4016,0.012245,0.0,0.0,0.0,0.0,0.0,0.0,0.0,0.0,0.0,0.0,0.057397959183673485,13.207908163265287,16.581632653061227,0.15306122448979595,0.0,0.0,0.0,0.0,0.0,0.0,0.0,0.0,0.0,0.0,0.0,0.0,0.0,0.0,0.0,0.0,nan,nan,4.198415318586992,2.960271350509301,nan,0.4016,0.0664,0.0,0.0,0.0,0.0,0.0,0.0,0.0,0.0,0.0,0.0,0.0,0.0,0.0,0.0,0.0,0.0,0.0,0.0016262755102040816,8.503401360544217e-05,0.0006802721088435374,0.0008715986394557823,0.011819727891156463,0.0018494897959183674,0.0014030612244897958,0.008460884353741496,5.314625850340136e-05,0.002104591836734694,0.007918792517006803,0.008280187074829932,0.009151785714285715,0.025478316326530612,0.009959608843537415,0.03198341836734694,0.01371173469387755,0.05163690476190476,0.0547406462585034,0.05567602040816327,0.06392431972789116,0.041220238095238095,0.03787202380952381,0.07707270408163265,0.059300595238095236,0.08227040816326531,0.055792942176870745,0.009948979591836734,0.038063350340136054,0.0548469387755102,0.021258503401360544,0.046673044217687074,0.04558886054421769,0.025914115646258503,0.009438775510204082,0.014753401360544217,0.006738945578231292,0.0038371598639455784,0.004474914965986394,0.0029443027210884353,0.00017006802721088434,0.0,0.0004039115646258503,0.0,0.0,0.0,0.0,0.0,0.0,0.0,0.0,0.0,0.0,0.0,0.0,0.0,0.0,0.0,0.0,0.0,0.0,0.0,0.0,0.0,0.0,0.0,0.0,0.0,0.0,0.0,0.0,0.0,0.0,0.0,0.0,0.0,0.0,0.0,0.0,0.0,0.0,0.0,0.0,0.0,nan,nan,4.198415318586992,2.960271350509301,nan,0.9259089283511456,0.02334706646385457,0.0,0.0,0.0,0.0,0.0,0.0,0.0,0.0,0.0,0.0,0.0,0.0,0.0,0.0,0.0,0.0,0.0,0.0,0.0,0.0,0.0,0.0,0.0,0.0,0.0,0.12234910277324636,3.9029363784665585,14.987765089722679,9.702283849918436,1.2846655791190869,0.9262502975563385,0.02253804403057264,0.0,0.0,0.0,0.0,0.0,0.0,0.0,0.0,0.0,0.0,0.0,0.0,0.0,0.0,0.0,0.0,0.0,0.0,0.0,0.0,0.0,0.0,0.0,0.0,0.0,0.10657193605683839,3.63676731793961,15.319715808170518,9.871225577264655,1.065719360568384,0.4016,0.01206,0.0,0.0,0.0,0.0,0.0,0.0,0.0,0.0,0.0,0.0,0.06117455138662318,13.17699836867861,16.615008156606855,0.14681892332789562,0.0,0.0,0.0,0.0,0.0,0.0,0.0,0.0,0.0,0.0,0.0,0.0,0.0,0.0,0.0,0.0,0.4016,0.01244,0.0,0.0,0.0,0.0,0.0,0.0,0.0,0.0,0.0,0.0,0.053285968028419194,13.241563055062148,16.54529307282416,0.15985790408525757,0.0,0.0,0.0,0.0,0.0,0.0,0.0,0.0,0.0,0.0,0.0,0.0,0.0,0.0,0.0,0.0
85800,4655,2398,0.5151450053705693,1156,919,0.44575725026852847,1261,0.5417830290010741,0.4280000000000001,3.0110766504209128,3.1694657448140395,6.6546875,2.174671648167546,9516.918367346938,1614.2589610518226,7853.0,11083.0,11083.0,0.0,7853.0,0.0,27.87905477980666,20.744090084533415,32.79013292433538,18.981994880272275,0.13662728249194414,0.10247046186895811,0.09473684210526316,0.08098818474758325,0.08893662728249195,0.07368421052631578,0.06960257787325456,0.06251342642320086,0.05477980665950591,0.05435016111707841,0.04468313641245972,0.04189044038668099,0.03780880773361976,0.024274973147153597,0.01740064446831364,0.010526315789473684,0.00472610096670247,0.9251184358760699,0.022988334564108617,0.0,0.0,0.0,0.0,0.0,0.0,0.0,0.0,0.0,0.0,0.0,0.0,0.0,0.0,0.0,0.0,0.0,0.0,0.0,0.0,0.0,0.0,0.0,0.0,0.0,0.12244897959183676,4.021482277121375,14.95166487647691,9.783029001074116,1.1213748657357683,4.285143237841439,2.9660480163980587,nan,nan,nan,4.315858453473132,2.9555195520738247,4.253387533875339,2.976560766869876,0.9855252621763995,0.4019,0.01264,0.0,0.0,0.0,0.0,0.0,0.0,0.0,0.0,0.0,0.0,0.09667024704618692,13.114930182599338,16.65950590762621,0.12889366272824923,0.0,0.0,0.0,0.0,0.0,0.0,0.0,0.0,0.0,0.0,0.0,0.0,0.0,0.0,0.0,0.0,nan,nan,4.285143237841439,2.9660480163980587,nan,0.4019,0.0668,0.0,0.0,0.0,0.0,0.0,0.0,0.0,0.0,0.0,0.0,0.0,0.0,0.0,0.0,0.0,0.0,0.0,0.001267454350161117,9.66702470461869e-05,0.000966702470461869,0.0007626208378088078,0.010902255639097745,0.0018796992481203006,0.0011707841031149302,0.010128893662728249,0.00017185821697099891,0.0026100966702470463,0.00895810955961332,0.008313641245972073,0.009548872180451128,0.025574650912996776,0.011310418904403867,0.0316219119226638,0.01276047261009667,0.05046186895810956,0.053544575725026855,0.05464017185821697,0.06210526315789474,0.03891514500537057,0.03860365198711063,0.07767991407089152,0.06056928034371643,0.08245972073039742,0.05535982814178303,0.010429645542427497,0.037626208378088076,0.054962406015037595,0.022545649838882922,0.04307196562835661,0.04833512352309345,0.026734693877551022,0.009505907626208378,0.015445757250268529,0.007153598281417831,0.003372717508055854,0.004371643394199785,0.003200859291084855,0.0002577873254564984,0.0,0.0005477980665950591,5.3705692803437166e-05,0.0,0.0,0.0,0.0,0.0,0.0,0.0,0.0,0.0,0.0,0.0,0.0,0.0,0.0,0.0,0.0,0.0,0.0,0.0,0.0,0.0,0.0,0.0,0.0,0.0,0.0,0.0,0.0,0.0,0.0,0.0,0.0,0.0,0.0,0.0,0.0,0.0,0.0,0.0,0.0,nan,nan,4.285143237841439,2.9660480163980587,nan,0.9246574059141189,0.022744872345026347,0.0,0.0,0.0,0.0,0.0,0.0,0.0,0.0,0.0,0.0,0.0,0.0,0.0,0.0,0.0,0.0,0.0,0.0,0.0,0.0,0.0,0.0,0.0,0.0,0.0,0.12510425354462054,4.015846538782319,15.262718932443706,9.595496246872395,1.0008340283569643,0.9256082674439734,0.023234191571961476,0.0,0.0,0.0,0.0,0.0,0.0,0.0,0.0,0.0,0.0,0.0,0.0,0.0,0.0,0.0,0.0,0.0,0.0,0.0,0.0,0.0,0.0,0.0,0.0,0.0,0.11962782454585735,4.027470093043864,14.621178555604788,9.982277359326542,1.2494461674789545,0.4016,0.012596,0.0,0.0,0.0,0.0,0.0,0.0,0.0,0.0,0.0,0.0,0.12510425354462054,13.498748957464533,16.238532110091747,0.1376146788990826,0.0,0.0,0.0,0.0,0.0,0.0,0.0,0.0,0.0,0.0,0.0,0.0,0.0,0.0,0.0,0.0,0.4019,0.012695,0.0,0.0,0.0,0.0,0.0,0.0,0.0,0.0,0.0,0.0,0.0664599025254763,12.70713336287105,17.106778910057603,0.11962782454585735,0.0,0.0,0.0,0.0,0.0,0.0,0.0,0.0,0.0,0.0,0.0,0.0,0.0,0.0,0.0,0.0
85900,4763,2466,0.5177409195884947,1183,985,0.4551753096787739,1351,0.5672895234096158,0.4360000000000001,2.9856334349151066,3.1436736994864662,6.744783306581059,2.1776703301943225,9525.303170270838,1613.9830688941295,7853.0,11083.0,11083.0,0.0,7853.0,0.0,28.065085030442997,20.9598249201791,33.107214428857716,19.14441289636235,0.1410875498635314,0.09426831828679404,0.09279865630904892,0.09174889775351669,0.08083140877598152,0.06991391979844636,0.07495276086500105,0.059416334243124085,0.05710686542095318,0.053117782909930716,0.04639932815452446,0.03989082511022465,0.03632164602141508,0.025404157043879907,0.020785219399538105,0.009657778710896493,0.006298551333193366,0.9243515057772016,0.023436615387581808,0.0,0.0,0.0,0.0,0.0,0.0,0.0,0.0,0.0,0.0,0.0,0.0,0.0,0.0,0.0,0.0,0.0,0.0,0.0,0.0,0.0,0.0,0.0,0.0,0.0,0.14486668066344743,4.352298971236617,14.914969557001893,9.42893134579047,1.1589334453075795,4.233829236739974,2.9053604749837834,nan,nan,nan,4.309960681520314,2.8778528608819736,4.158466453674121,2.930581326872091,0.9648502065237509,0.4023,0.01224,0.0,0.0,0.0,0.0,0.0,0.0,0.0,0.0,0.0,0.0,0.05038841066554694,12.584505563720326,17.207642242284276,0.15746378332983416,0.0,0.0,0.0,0.0,0.0,0.0,0.0,0.0,0.0,0.0,0.0,0.0,0.0,0.0,0.0,0.0,nan,nan,4.233829236739974,2.9053604749837834,nan,0.4023,0.06647,0.0,0.0,0.0,0.0,0.0,0.0,0.0,0.0,0.0,0.0,0.0,0.0,0.0,0.0,0.0,0.0,1.0497585555322276e-05,0.00106025614108755,6.298551333193365e-05,0.00106025614108755,0.0006508503044299811,0.008975435649800545,0.0014906571488557633,0.00129120302330464,0.010508083140877597,0.00018895653999580098,0.002256980894394289,0.009374343900902792,0.007295821960948982,0.009510812513121981,0.025057736720554273,0.010980474490867101,0.031062355658198613,0.012901532647491077,0.05366365735880747,0.055931135838757084,0.05384211631324795,0.06187276926306949,0.03961788788578627,0.037423892504723916,0.0768108335082931,0.05938484148645812,0.08193365525929036,0.0584820491287004,0.010802015536426622,0.039596892714675626,0.052823850514381696,0.02079571698509343,0.043166071803485195,0.045507033382322065,0.027314717614948563,0.01005668696199874,0.016124291412975014,0.00728532437539366,0.003779130799916019,0.004965357967667437,0.0037896283854713417,0.00032542515221499057,0.0,0.0009657778710896494,0.0,0.0,0.0,0.0,0.0,0.0,0.0,0.0,0.0,0.0,0.0,0.0,0.0,0.0,0.0,0.0,0.0,0.0,0.0,0.0,0.0,0.0,0.0,0.0,0.0,0.0,0.0,0.0,0.0,0.0,0.0,0.0,0.0,0.0,0.0,0.0,0.0,0.0,0.0,0.0,0.0,nan,nan,4.233829236739974,2.9053604749837834,nan,0.9242972161648048,0.023662117950299665,0.0,0.0,0.0,0.0,0.0,0.0,0.0,0.0,0.0,0.0,0.0,0.0,0.0,0.0,0.0,0.0,0.0,0.0,0.0,0.0,0.0,0.0,0.0,0.0,0.0,0.15815085158150857,4.53771289537713,14.72019464720195,9.476885644768858,1.1070559610705597,0.9244097897058785,0.0231919397877169,0.0,0.0,0.0,0.0,0.0,0.0,0.0,0.0,0.0,0.0,0.0,0.0,0.0,0.0,0.0,0.0,0.0,0.0,0.0,0.0,0.0,0.0,0.0,0.0,0.0,0.130605137135394,4.15324336090553,15.124074880278627,9.37744884632129,1.2146277753591643,0.4026,0.01216,0.0,0.0,0.0,0.0,0.0,0.0,0.0,0.0,0.0,0.0,0.03649635036496351,12.335766423357647,17.457420924574212,0.17031630170316306,0.0,0.0,0.0,0.0,0.0,0.0,0.0,0.0,0.0,0.0,0.0,0.0,0.0,0.0,0.0,0.0,0.402,0.01231,0.0,0.0,0.0,0.0,0.0,0.0,0.0,0.0,0.0,0.0,0.065302568567697,12.85154549412275,16.939486286460603,0.14366565084893343,0.0,0.0,0.0,0.0,0.0,0.0,0.0,0.0,0.0,0.0,0.0,0.0,0.0,0.0,0.0,0.0
86000,4850,2523,0.5202061855670103,1199,997,0.45278350515463917,1428,0.5888659793814432,0.38000000000000006,2.942844864632574,2.968347441763173,6.242120343839542,2.080776270552929,9533.265979381444,1613.6806846261068,7853.0,11083.0,11083.0,0.0,7853.0,0.0,29.22,20.899327962361625,33.763050276641806,19.094850824407423,0.12391752577319588,0.09443298969072166,0.09505154639175258,0.07773195876288659,0.07711340206185567,0.07608247422680413,0.06556701030927835,0.06907216494845361,0.06577319587628866,0.0643298969072165,0.04907216494845361,0.04164948453608248,0.038350515463917524,0.02865979381443299,0.01443298969072165,0.010309278350515464,0.008453608247422681,0.9243651975430164,0.022756268152851887,0.0,0.0,0.0,0.0,0.0,0.0,0.0,0.0,0.0,0.0,0.0,0.0,0.0,0.0,0.0,0.0,0.0,0.0,0.0,0.0,0.0,0.0,0.0,0.0,0.00618556701030928,0.21649484536082478,4.094845360824743,15.185567010309281,9.61855670103093,0.8783505154639177,4.1265432098765435,2.772334515870333,nan,nan,nan,4.195502810743285,2.795754747785871,4.059182428309945,2.747594133629777,0.9675079749477775,0.402,0.01263,0.0,0.0,0.0,0.0,0.0,0.0,0.0,0.0,0.0,0.0,0.08659793814432992,12.767010309278332,17.00412371134021,0.14226804123711342,0.0,0.0,0.0,0.0,0.0,0.0,0.0,0.0,0.0,0.0,0.0,0.0,0.0,0.0,0.0,0.0,nan,nan,4.1265432098765435,2.772334515870333,nan,0.402,0.06616,0.0,0.0,0.0,0.0,0.0,0.0,0.0,0.0,0.0,0.0,0.0,0.0,0.0,0.0,0.0,0.0,2.0618556701030927e-05,0.0009381443298969072,0.0,0.000979381443298969,0.0009690721649484536,0.010278350515463917,0.001597938144329897,0.0011958762886597938,0.009958762886597939,0.0001752577319587629,0.002,0.00811340206185567,0.00656701030927835,0.010061855670103093,0.024391752577319587,0.010474226804123712,0.03145360824742268,0.011639175257731959,0.05431958762886598,0.05831958762886598,0.05211340206185567,0.060061855670103095,0.04151546391752577,0.04052577319587629,0.0741340206185567,0.06088659793814433,0.08089690721649484,0.0617319587628866,0.011494845360824742,0.03876288659793815,0.054041237113402064,0.020876288659793813,0.044,0.04263917525773196,0.02590721649484536,0.010309278350515464,0.015422680412371135,0.007340206185567011,0.004948453608247422,0.004525773195876289,0.003371134020618557,0.00015463917525773195,1.0309278350515464e-05,0.0008762886597938144,0.0,0.0,0.0,0.0,0.0,0.0,0.0,0.0,0.0,0.0,0.0,0.0,0.0,0.0,0.0,0.0,0.0,0.0,0.0,0.0,0.0,0.0,0.0,0.0,0.0,0.0,0.0,0.0,0.0,0.0,0.0,0.0,0.0,0.0,0.0,0.0,0.0,0.0,0.0,0.0,0.0,nan,nan,4.1265432098765435,2.772334515870333,nan,0.9243345546712962,0.022787182456587195,0.0,0.0,0.0,0.0,0.0,0.0,0.0,0.0,0.0,0.0,0.0,0.0,0.0,0.0,0.0,0.0,0.0,0.0,0.0,0.0,0.0,0.0,0.0,0.0,0.0,0.22592152199762192,4.13793103448276,15.12485136741974,9.63139120095125,0.8799048751486328,0.924398421421551,0.02272265576669318,0.0,0.0,0.0,0.0,0.0,0.0,0.0,0.0,0.0,0.0,0.0,0.0,0.0,0.0,0.0,0.0,0.0,0.0,0.0,0.0,0.0,0.0,0.0,0.0,0.012892135797163733,0.20627417275461973,4.048130640309412,15.251396648044697,9.60464116888698,0.8766652342071338,0.402,0.01269,0.0,0.0,0.0,0.0,0.0,0.0,0.0,0.0,0.0,0.0,0.1189060642092747,12.722948870392372,17.039239001189063,0.1189060642092747,0.0,0.0,0.0,0.0,0.0,0.0,0.0,0.0,0.0,0.0,0.0,0.0,0.0,0.0,0.0,0.0,0.4023,0.012566,0.0,0.0,0.0,0.0,0.0,0.0,0.0,0.0,0.0,0.0,0.05156854318865493,12.814782982380729,16.96605070906747,0.16759776536312854,0.0,0.0,0.0,0.0,0.0,0.0,0.0,0.0,0.0,0.0,0.0,0.0,0.0,0.0,0.0,0.0
86100,4665,2414,0.517470525187567,1122,958,0.44587352625937837,1311,0.5620578778135048,0.4200000000000001,3.053309640159929,3.1549361128453,6.712264150943396,2.1020895338238335,9524.429796355842,1614.013840734719,7853.0,11083.0,11083.0,0.0,7853.0,0.0,27.559485530546624,20.684066299050336,32.421898928024504,19.003516513678456,0.13762057877813505,0.10246516613076098,0.09560557341907824,0.09046087888531619,0.08295819935691319,0.07609860664523044,0.06966773847802786,0.06066452304394426,0.05873526259378349,0.04801714898177921,0.047588424437299034,0.03879957127545552,0.02979635584137192,0.028938906752411574,0.016291532690246517,0.01007502679528403,0.006216505894962487,0.9245020783726936,0.02294965608526732,0.0,0.0,0.0,0.0,0.0,0.0,0.0,0.0,0.0,0.0,0.0,0.0,0.0,0.0,0.0,0.0,0.0,0.0,0.0,0.0,0.0,0.0,0.0,0.0,0.0,0.1800643086816721,4.025723472668811,15.26688102893891,9.59485530546624,0.9324758842443732,4.279825737265416,2.912102963386494,nan,nan,nan,4.293682795698925,2.891480419726373,4.266042780748663,2.9324064068727242,0.9935626322983268,0.4026,0.01209,0.0,0.0,0.0,0.0,0.0,0.0,0.0,0.0,0.0,0.0,0.01929260450160772,12.533762057877794,17.2411575562701,0.20578778135048237,0.0,0.0,0.0,0.0,0.0,0.0,0.0,0.0,0.0,0.0,0.0,0.0,0.0,0.0,0.0,0.0,nan,nan,4.279825737265416,2.912102963386494,nan,0.4026,0.0663,0.0,0.0,0.0,0.0,0.0,0.0,0.0,0.0,0.0,0.0,0.0,0.0,0.0,0.0,0.0,0.0,9.646302250803858e-05,0.0014898177920685959,0.0,0.00120042872454448,0.0008360128617363344,0.009935691318327975,0.0017041800643086817,0.0010610932475884245,0.010964630225080386,7.502679528403e-05,0.0025187566988210076,0.007181136120042873,0.007138263665594855,0.010192926045016077,0.021093247588424437,0.011028938906752411,0.03017148981779207,0.01195069667738478,0.05270096463022508,0.058874598070739546,0.05317256162915327,0.05815648445873526,0.040643086816720256,0.04082529474812433,0.0742550911039657,0.0592604501607717,0.08485530546623794,0.06255091103965701,0.011629153269024651,0.038006430868167206,0.05503751339764201,0.023129689174705252,0.04426580921757771,0.042765273311897105,0.025412647374062167,0.00952840300107181,0.014469453376205787,0.006966773847802787,0.005069667738478028,0.005391211146838156,0.0034941050375133977,0.00018220793140407289,0.0,0.0007181136120042872,0.0,0.0,0.0,0.0,0.0,0.0,0.0,0.0,0.0,0.0,0.0,0.0,0.0,0.0,0.0,0.0,0.0,0.0,0.0,0.0,0.0,0.0,0.0,0.0,0.0,0.0,0.0,0.0,0.0,0.0,0.0,0.0,0.0,0.0,0.0,0.0,0.0,0.0,0.0,0.0,0.0,nan,nan,4.279825737265416,2.912102963386494,nan,0.9243362244240193,0.022882700386642224,0.0,0.0,0.0,0.0,0.0,0.0,0.0,0.0,0.0,0.0,0.0,0.0,0.0,0.0,0.0,0.0,0.0,0.0,0.0,0.0,0.0,0.0,0.0,0.0,0.0,0.16155758077879043,4.014084507042254,15.397680198840103,9.507042253521128,0.9196354598177301,0.9246799421808234,0.023019915967434506,0.0,0.0,0.0,0.0,0.0,0.0,0.0,0.0,0.0,0.0,0.0,0.0,0.0,0.0,0.0,0.0,0.0,0.0,0.0,0.0,0.0,0.0,0.0,0.0,0.0,0.1999111505997335,4.038205242114617,15.126610395379835,9.689027099067083,0.9462461128387385,0.4023,0.012054,0.0,0.0,0.0,0.0,0.0,0.0,0.0,0.0,0.0,0.0,0.01242750621375311,12.75062137531067,17.06296603148302,0.17398508699254353,0.0,0.0,0.0,0.0,0.0,0.0,0.0,0.0,0.0,0.0,0.0,0.0,0.0,0.0,0.0,0.0,0.4028,0.01213,0.0,0.0,0.0,0.0,0.0,0.0,0.0,0.0,0.0,0.0,0.02665482007996447,12.301199466903581,17.43225233229676,0.2398933807196802,0.0,0.0,0.0,0.0,0.0,0.0,0.0,0.0,0.0,0.0,0.0,0.0,0.0,0.0,0.0,0.0
86200,5107,2580,0.5051889563344429,1224,1084,0.4519287252790288,1465,0.5737223418836891,0.37600000000000006,2.887613771270281,3.09831530048878,6.57754800590842,2.2361270094733046,9484.76032896025,1614.913029043095,7853.0,11083.0,11083.0,0.0,7853.0,0.0,27.637556295280987,20.64408413211686,32.450720595072056,18.931493693199123,0.1401997258664578,0.1002545525748972,0.0947718817309575,0.08811435284903074,0.07832386919913843,0.07616996279616213,0.0704914822792246,0.06579205012727629,0.05815547288036029,0.05404346974740552,0.04934403759545722,0.03642059917759937,0.03132954767965537,0.022322302721754454,0.016839631877814763,0.010182102995887997,0.007244957900920305,0.9250069034059897,0.022824594170460743,0.0,0.0,0.0,0.0,0.0,0.0,0.0,0.0,0.0,0.0,0.0,0.0,0.0,0.0,0.0,0.0,0.0,0.0,0.0,0.0,0.0,0.0,0.0,0.0,0.0,0.20560015664773845,3.9299001370667717,15.16741727041316,9.669081652633643,1.0280007832386922,4.323448486701315,2.870047486980074,nan,nan,nan,4.273736128236745,2.911398276677293,4.370145631067961,2.827376906775315,1.022558599768066,0.4028,0.01264,0.0,0.0,0.0,0.0,0.0,0.0,0.0,0.0,0.0,0.0,0.09986293322890152,12.101037791266872,17.593499118856474,0.20560015664773845,0.0,0.0,0.0,0.0,0.0,0.0,0.0,0.0,0.0,0.0,0.0,0.0,0.0,0.0,0.0,0.0,nan,nan,4.323448486701315,2.870047486980074,nan,0.4028,0.0658,0.0,0.0,0.0,0.0,0.0,0.0,0.0,0.0,0.0,0.0,0.0,0.0,0.0,0.0,0.0,0.0,7.832386919913843e-05,0.001321715292735461,0.0,0.0012629723908361074,0.0011063246524378304,0.009007244957900921,0.0012727628744859997,0.000930095946739769,0.010054826708439397,0.0,0.0027217544546700606,0.007685529665165459,0.007656158214215782,0.008449187389857058,0.020021539064029762,0.011885647150969257,0.031789700411200314,0.01138633248482475,0.0530546308987664,0.05884080673585275,0.052369297043273935,0.05993734090464069,0.04163892696299197,0.03993538280791071,0.07425102800078325,0.061033875073428626,0.08637164675934991,0.061582142157822595,0.013109457607205796,0.03691991384374388,0.05280986880751909,0.020932054043469747,0.044360681417662036,0.04462502447620913,0.024221656549833562,0.011161151360877227,0.014254944194243196,0.0076757391815155665,0.004014098296455845,0.005463089876639906,0.003984726845506168,5.8742901899353826e-05,9.790483649892304e-06,0.0007538672410417075,0.0,0.0,0.0,0.0,0.0,0.0,0.0,0.0,0.0,0.0,0.0,0.0,0.0,0.0,0.0,0.0,0.0,0.0,0.0,0.0,0.0,0.0,0.0,0.0,0.0,0.0,0.0,0.0,0.0,0.0,0.0,0.0,0.0,0.0,0.0,0.0,0.0,0.0,0.0,0.0,0.0,nan,nan,4.323448486701315,2.870047486980074,nan,0.9251186731249788,0.023087386835272828,0.0,0.0,0.0,0.0,0.0,0.0,0.0,0.0,0.0,0.0,0.0,0.0,0.0,0.0,0.0,0.0,0.0,0.0,0.0,0.0,0.0,0.0,0.0,0.0,0.0,0.23255813953488377,3.848837209302326,15.244186046511631,9.52325581395349,1.1511627906976747,0.9248927894863254,0.022552559470512698,0.0,0.0,0.0,0.0,0.0,0.0,0.0,0.0,0.0,0.0,0.0,0.0,0.0,0.0,0.0,0.0,0.0,0.0,0.0,0.0,0.0,0.0,0.0,0.0,0.0,0.17807677087455484,4.012663237039969,15.08903838543728,9.817965967550458,0.9022556390977445,0.403,0.012596,0.0,0.0,0.0,0.0,0.0,0.0,0.0,0.0,0.0,0.0,0.06976744186046513,11.755813953488355,17.930232558139537,0.24418604651162795,0.0,0.0,0.0,0.0,0.0,0.0,0.0,0.0,0.0,0.0,0.0,0.0,0.0,0.0,0.0,0.0,0.4023,0.01268,0.0,0.0,0.0,0.0,0.0,0.0,0.0,0.0,0.0,0.0,0.13058963197467355,12.45350217649385,17.249703205381877,0.16620498614958454,0.0,0.0,0.0,0.0,0.0,0.0,0.0,0.0,0.0,0.0,0.0,0.0,0.0,0.0,0.0,0.0
86300,4086,2126,0.5203132648066568,966,834,0.44052863436123346,1132,0.5540871267743515,0.4480000000000001,2.956122448979592,3.06912093797964,6.404332129963899,2.2000285536742714,9533.611845325502,1613.6666588093658,7853.0,11083.0,11083.0,0.0,7853.0,0.0,27.96696035242291,21.14238921098085,33.29705014749263,19.270469486969503,0.14880078316201664,0.09911894273127753,0.08883994126284875,0.08712677435144396,0.07586882036221243,0.07709251101321586,0.06534508076358296,0.05873715124816446,0.0565345080763583,0.052618697993147334,0.052618697993147334,0.04087126774351444,0.03401860009789525,0.026186979931473325,0.019823788546255508,0.00930004894762604,0.007097405775819873,0.9255289669808254,0.022737501035017437,0.0,0.0,0.0,0.0,0.0,0.0,0.0,0.0,0.0,0.0,0.0,0.0,0.0,0.0,0.0,0.0,0.0,0.0,0.0,0.0,0.0,0.0,0.0,0.0,0.0,0.11747430249632895,3.8472834067547734,14.69897209985316,10.308370044052865,1.0279001468428783,4.2226458253907735,2.8170803339755137,nan,nan,nan,4.229198184568835,2.8286347762631636,4.215987701767871,2.805274960909416,0.996876362321074,0.4019,0.01228,0.0,0.0,0.0,0.0,0.0,0.0,0.0,0.0,0.0,0.0,0.0367107195301028,12.790014684287794,17.041116005873718,0.13215859030837007,0.0,0.0,0.0,0.0,0.0,0.0,0.0,0.0,0.0,0.0,0.0,0.0,0.0,0.0,0.0,0.0,nan,nan,4.2226458253907735,2.8170803339755137,nan,0.4019,0.0659,0.0,0.0,0.0,0.0,0.0,0.0,0.0,0.0,0.0,0.0,0.0,0.0,0.0,0.0,0.0,0.0,0.0001713166911404797,0.0014072442486539403,0.0,0.0010156632403328439,0.0012359275575134607,0.009911894273127754,0.0013582966226138033,0.0006852667645619188,0.009287812041116006,2.4473813020068526e-05,0.0033162016642192854,0.007672540381791483,0.007990699951052374,0.00838228095937347,0.020680372001957905,0.012420460107684777,0.032134116495349974,0.011551639745472344,0.054870288790993635,0.058614782183064124,0.05549437102300538,0.057072931962799806,0.0408223201174743,0.04178903573176701,0.07269946157611355,0.06054821341164954,0.0837493881546745,0.06505139500734214,0.01311796377875673,0.03494860499265785,0.05512726382770436,0.02090063631913852,0.042302985805188445,0.043441018110621635,0.024008810572687226,0.01113558492413118,0.013191385217816936,0.007513460597161038,0.005102790014684288,0.004429760156632404,0.00373225648556045,9.78952520802741e-05,0.0001957905041605482,0.0007953989231522271,0.0,0.0,0.0,0.0,0.0,0.0,0.0,0.0,0.0,0.0,0.0,0.0,0.0,0.0,0.0,0.0,0.0,0.0,0.0,0.0,0.0,0.0,0.0,0.0,0.0,0.0,0.0,0.0,0.0,0.0,0.0,0.0,0.0,0.0,0.0,0.0,0.0,0.0,0.0,0.0,0.0,nan,nan,4.2226458253907735,2.8170803339755137,nan,0.9254670131071939,0.022708155241412533,0.0,0.0,0.0,0.0,0.0,0.0,0.0,0.0,0.0,0.0,0.0,0.0,0.0,0.0,0.0,0.0,0.0,0.0,0.0,0.0,0.0,0.0,0.0,0.0,0.0,0.09877704609595488,3.9510818438381947,14.534336782690502,10.301034807149579,1.1147695202257764,0.925596167968244,0.022769098881553398,0.0,0.0,0.0,0.0,0.0,0.0,0.0,0.0,0.0,0.0,0.0,0.0,0.0,0.0,0.0,0.0,0.0,0.0,0.0,0.0,0.0,0.0,0.0,0.0,0.0,0.13775510204081637,3.7346938775510212,14.877551020408166,10.316326530612248,0.9336734693877553,0.4019,0.01225,0.0,0.0,0.0,0.0,0.0,0.0,0.0,0.0,0.0,0.0,0.04233301975540923,12.953904045155202,16.834430856067737,0.1693320790216369,0.0,0.0,0.0,0.0,0.0,0.0,0.0,0.0,0.0,0.0,0.0,0.0,0.0,0.0,0.0,0.0,0.402,0.01232,0.0,0.0,0.0,0.0,0.0,0.0,0.0,0.0,0.0,0.0,0.03061224489795919,12.612244897959165,17.265306122448983,0.09183673469387757,0.0,0.0,0.0,0.0,0.0,0.0,0.0,0.0,0.0,0.0,0.0,0.0,0.0,0.0,0.0,0.0
86400,4402,2284,0.5188550658791459,1076,906,0.4502498864152658,1230,0.558836892321672,0.4160000000000001,3.030689329556185,3.049249911138061,6.506430868167203,2.088659578978983,9528.90186278964,1613.8512828351786,7853.0,11083.0,11083.0,0.0,7853.0,0.0,28.670377101317584,21.044363241870627,33.61944519256666,19.182282061143876,0.13630168105406634,0.09654702407996366,0.08700590640617901,0.0858700590640618,0.07337573830077238,0.07860063607451158,0.07064970467969105,0.06269877328487052,0.05815538391640163,0.05860972285324852,0.05338482507950931,0.0408905043162199,0.0315765561108587,0.026578827805542934,0.020218082689686508,0.01340299863698319,0.006133575647432985,0.9264299835957271,0.02306811119885016,0.0,0.0,0.0,0.0,0.0,0.0,0.0,0.0,0.0,0.0,0.0,0.0,0.0,0.0,0.0,0.0,0.0,0.0,0.0,0.0,0.0,0.0,0.0,0.0,0.0,0.14311676510676968,3.680145388459792,14.781917310313498,10.174920490686054,1.219900045433894,4.214162348877375,2.826302523858988,nan,nan,nan,4.254632807137955,2.8579419173811256,4.1731571627260085,2.793281710928428,0.9808501348752693,0.4028,0.01186,0.0,0.0,0.0,0.0,0.0,0.0,0.0,0.0,0.0,0.0,0.08859609268514314,12.205815538391622,17.494320763289416,0.21126760563380287,0.0,0.0,0.0,0.0,0.0,0.0,0.0,0.0,0.0,0.0,0.0,0.0,0.0,0.0,0.0,0.0,nan,nan,4.214162348877375,2.826302523858988,nan,0.4028,0.06525,0.0,0.0,0.0,0.0,0.0,0.0,0.0,0.0,0.0,0.0,0.0,0.0,0.0,0.0,0.0,2.2716946842344388e-05,0.00014766015447523851,0.0011699227623807361,1.1358473421172194e-05,0.0008518855065879146,0.0013175829168559745,0.009348023625624716,0.0012153566560654248,0.0007383007723761926,0.008666515220354384,0.00012494320763289414,0.002317128577919128,0.007394366197183098,0.00797364834166288,0.007621535665606543,0.021104043616537938,0.011426624261699228,0.031144934120854156,0.010393003180372559,0.05521353930031804,0.06035892776010904,0.056088141753748294,0.05632666969559291,0.04151522035438437,0.03968650613357565,0.07406860517946388,0.06448205361199455,0.08107678328032712,0.06543616537937301,0.01309631985461154,0.03442753293957292,0.056996819627442075,0.020581553839164015,0.043673330304407086,0.043707405724670606,0.0254089050431622,0.009961381190368015,0.013312130849613812,0.006871876419809178,0.006565197637437528,0.004145842798727851,0.002839618355293049,7.950931394820536e-05,0.00019309404815992732,0.0008973194002726034,0.0,0.0,0.0,0.0,0.0,0.0,0.0,0.0,0.0,0.0,0.0,0.0,0.0,0.0,0.0,0.0,0.0,0.0,0.0,0.0,0.0,0.0,0.0,0.0,0.0,0.0,0.0,0.0,0.0,0.0,0.0,0.0,0.0,0.0,0.0,0.0,0.0,0.0,0.0,0.0,0.0,nan,nan,4.214162348877375,2.826302523858988,nan,0.9261379698894905,0.02286107839470456,0.0,0.0,0.0,0.0,0.0,0.0,0.0,0.0,0.0,0.0,0.0,0.0,0.0,0.0,0.0,0.0,0.0,0.0,0.0,0.0,0.0,0.0,0.0,0.0,0.0,0.2101576182136603,3.5201401050788097,15.183887915936955,9.969352014010509,1.1164623467600703,0.9267448841174669,0.023285204518738323,0.0,0.0,0.0,0.0,0.0,0.0,0.0,0.0,0.0,0.0,0.0,0.0,0.0,0.0,0.0,0.0,0.0,0.0,0.0,0.0,0.0,0.0,0.0,0.0,0.0,0.07082152974504251,3.8526912181303126,14.348441926345613,10.39660056657224,1.331444759206799,0.4026,0.01176,0.0,0.0,0.0,0.0,0.0,0.0,0.0,0.0,0.0,0.0,0.11821366024518391,12.136602451838861,17.521891418563925,0.22329246935201405,0.0,0.0,0.0,0.0,0.0,0.0,0.0,0.0,0.0,0.0,0.0,0.0,0.0,0.0,0.0,0.0,0.403,0.01196,0.0,0.0,0.0,0.0,0.0,0.0,0.0,0.0,0.0,0.0,0.05665722379603401,12.28045325779035,17.464589235127484,0.19830028328611904,0.0,0.0,0.0,0.0,0.0,0.0,0.0,0.0,0.0,0.0,0.0,0.0,0.0,0.0,0.0,0.0
86500,4226,2270,0.5371509701845717,1094,832,0.4557501183151917,1137,0.5380974917179366,0.4320000000000001,2.9575664621676894,3.100685821653201,6.496212121212121,2.2987119352074536,9587.997633696166,1610.5358014981598,7853.0,11083.0,11083.0,0.0,7853.0,0.0,28.248935163274965,20.9377987166504,33.17650365373805,19.14436703379444,0.13937529578797916,0.09938476100331282,0.09181258873639375,0.08163748225272124,0.0743019403691434,0.07619498343587316,0.07098911500236631,0.07217226691907241,0.051822053951727405,0.05821107430194037,0.048272598201609083,0.040227165168007575,0.03336488405111216,0.025792711784193092,0.017747278750591577,0.012541410317084714,0.006152389966871746,0.9271416694588758,0.02290746657560801,0.0,0.0,0.0,0.0,0.0,0.0,0.0,0.0,0.0,0.0,0.0,0.0,0.0,0.0,0.0,0.0,0.0,0.0,0.0,0.0,0.0,0.0,0.0,0.0,0.0,0.134879318504496,3.3861807856128734,14.666351159488881,10.57737813535258,1.2352106010411739,4.030467899891186,2.957407763667054,nan,nan,nan,4.004474272930649,2.946448861027554,4.055084745762712,2.9675389980053444,1.0126384812044313,0.4028,0.01238,0.0,0.0,0.0,0.0,0.0,0.0,0.0,0.0,0.0,0.0,0.09228584950307622,12.217226691907223,17.534311405584482,0.1561760530052059,0.0,0.0,0.0,0.0,0.0,0.0,0.0,0.0,0.0,0.0,0.0,0.0,0.0,0.0,0.0,0.0,nan,nan,4.030467899891186,2.957407763667054,nan,0.4028,0.06525,0.0,0.0,0.0,0.0,0.0,0.0,0.0,0.0,0.0,0.0,0.0,0.0,0.0,0.0,0.0,0.0,0.00017747278750591575,0.0007927117841930904,1.183151916706105e-05,0.0006507335541883578,0.0014552768575485091,0.009074775201135825,0.0010411736867013725,0.000709891150023663,0.009772834831992427,0.00017747278750591575,0.002176999526739233,0.0066019876952200665,0.008211074301940369,0.008187411263606247,0.0216280170373876,0.01407950780880265,0.030229531471840983,0.009843823946994795,0.054874585896829156,0.05837671557027922,0.05383341221012778,0.05918125887363938,0.03935163274964505,0.04353999053478467,0.07368670137245623,0.06581874112636063,0.0774609559867487,0.06689540937056318,0.01283719829626124,0.032406530998580214,0.05830572645527686,0.020811642214860388,0.04472314245149077,0.043185044959772836,0.025272124940842404,0.008554188357785139,0.013345953620444865,0.007217226691907241,0.007193563653573118,0.004212020823473734,0.003218173213440606,0.00010648367250354946,0.00013014671083767156,0.0006270705158542357,0.0,1.183151916706105e-05,0.0,0.0,0.0,0.0,0.0,0.0,0.0,0.0,0.0,0.0,0.0,0.0,0.0,0.0,0.0,0.0,0.0,0.0,0.0,0.0,0.0,0.0,0.0,0.0,0.0,0.0,0.0,0.0,0.0,0.0,0.0,0.0,0.0,0.0,0.0,0.0,0.0,0.0,0.0,nan,nan,4.030467899891186,2.957407763667054,nan,0.9279742659188577,0.02309377999705103,0.0,0.0,0.0,0.0,0.0,0.0,0.0,0.0,0.0,0.0,0.0,0.0,0.0,0.0,0.0,0.0,0.0,0.0,0.0,0.0,0.0,0.0,0.0,0.0,0.0,0.14537444933920707,3.158590308370045,14.233480176211456,11.048458149779739,1.4140969162995598,0.9261754148759724,0.022650990403840842,0.0,0.0,0.0,0.0,0.0,0.0,0.0,0.0,0.0,0.0,0.0,0.0,0.0,0.0,0.0,0.0,0.0,0.0,0.0,0.0,0.0,0.0,0.0,0.0,0.0,0.12269938650306751,3.650306748466259,15.168711656441722,10.030674846625768,1.0276073619631905,0.4028,0.012436,0.0,0.0,0.0,0.0,0.0,0.0,0.0,0.0,0.0,0.0,0.10572687224669607,11.801762114537427,17.933920704845818,0.15859030837004406,0.0,0.0,0.0,0.0,0.0,0.0,0.0,0.0,0.0,0.0,0.0,0.0,0.0,0.0,0.0,0.0,0.4026,0.012314,0.0,0.0,0.0,0.0,0.0,0.0,0.0,0.0,0.0,0.0,0.0766871165644172,12.699386503067466,17.07055214723927,0.1533742331288344,0.0,0.0,0.0,0.0,0.0,0.0,0.0,0.0,0.0,0.0,0.0,0.0,0.0,0.0,0.0,0.0
86600,4293,2248,0.5236431399953413,1109,849,0.45609131143722337,1168,0.5441416259026322,0.4280000000000001,3.097310513447433,3.1555931023797696,6.670549084858569,2.174871128127685,9544.367342184953,1613.1934258010124,7853.0,11083.0,11083.0,0.0,7853.0,0.0,28.065222455159564,20.703601594022818,32.98172757475083,18.88012831786333,0.13743303051479153,0.09853249475890985,0.0903796878639646,0.0859538784067086,0.07989750757046354,0.07780107151176334,0.06871651525739576,0.06871651525739576,0.055904961565338925,0.053575588166783136,0.05427440018634987,0.040298159795015144,0.029815979501514094,0.023759608665269043,0.017470300489168415,0.010715117633356627,0.006755182855811786,0.9270957075241644,0.022811793590267793,0.0,0.0,0.0,0.0,0.0,0.0,0.0,0.0,0.0,0.0,0.0,0.0,0.0,0.0,0.0,0.0,0.0,0.0,0.0,0.0,0.0,0.0,0.0,0.0,0.0,0.16072676450034942,3.2983927323549973,14.75890985324948,10.524109014675053,1.257861635220126,4.195628806879255,2.894365390013481,nan,nan,nan,4.2398843930635834,2.898868423527369,4.148648648648648,2.887399962542954,0.9784815490336962,0.4023,0.01253,0.0,0.0,0.0,0.0,0.0,0.0,0.0,0.0,0.0,0.0,0.06988120195667367,12.543675751222903,17.190775681341723,0.1956673654786863,0.0,0.0,0.0,0.0,0.0,0.0,0.0,0.0,0.0,0.0,0.0,0.0,0.0,0.0,0.0,0.0,nan,nan,4.195628806879255,2.894365390013481,nan,0.4023,0.06525,0.0,0.0,0.0,0.0,0.0,0.0,0.0,0.0,0.0,0.0,0.0,0.0,0.0,0.0,0.0,0.0,4.658746797111577e-05,0.0006638714185883997,0.0,0.0008851618914511996,0.0013510365711623573,0.009294199860237596,0.0013160959701840206,0.0005008152806894945,0.010307477288609364,0.00017470300489168413,0.0020265548567435358,0.00573025856044724,0.008525506638714186,0.008106219426974143,0.022408572094106686,0.014698346144887025,0.029419986023759608,0.009760074539948755,0.0559748427672956,0.0574656417423713,0.055800139762403916,0.05868856277661309,0.040146750524109015,0.046680642907058,0.07214069415327277,0.0657582110412299,0.07597251339389705,0.06469834614488702,0.013428837642674121,0.030782669461914745,0.054891684136967156,0.021616585138597717,0.04716981132075472,0.04591194968553459,0.025017470300489168,0.008047985092010249,0.013731656184486372,0.005974842767295598,0.006731889121826228,0.003948287910552062,0.003365944560913114,5.8234334963894714e-05,0.00017470300489168413,0.000605637083624505,0.0,0.0,0.0,0.0,0.0,0.0,0.0,0.0,0.0,0.0,0.0,0.0,0.0,0.0,0.0,0.0,0.0,0.0,0.0,0.0,0.0,0.0,0.0,0.0,0.0,0.0,0.0,0.0,0.0,0.0,0.0,0.0,0.0,0.0,0.0,0.0,0.0,0.0,0.0,0.0,0.0,nan,nan,4.195628806879255,2.894365390013481,nan,0.9267816310516456,0.022732455022474327,0.0,0.0,0.0,0.0,0.0,0.0,0.0,0.0,0.0,0.0,0.0,0.0,0.0,0.0,0.0,0.0,0.0,0.0,0.0,0.0,0.0,0.0,0.0,0.0,0.0,0.14679715302491106,3.3763345195729544,14.933274021352316,10.355871886120998,1.1877224199288259,0.9274409612699942,0.022893719600627485,0.0,0.0,0.0,0.0,0.0,0.0,0.0,0.0,0.0,0.0,0.0,0.0,0.0,0.0,0.0,0.0,0.0,0.0,0.0,0.0,0.0,0.0,0.0,0.0,0.0,0.176039119804401,3.2127139364303186,14.567237163814184,10.709046454767728,1.3349633251833743,0.4023,0.01247,0.0,0.0,0.0,0.0,0.0,0.0,0.0,0.0,0.0,0.0,0.0800711743772242,12.704626334519554,16.988434163701072,0.22686832740213528,0.0,0.0,0.0,0.0,0.0,0.0,0.0,0.0,0.0,0.0,0.0,0.0,0.0,0.0,0.0,0.0,0.4026,0.01258,0.0,0.0,0.0,0.0,0.0,0.0,0.0,0.0,0.0,0.0,0.058679706601467006,12.366748166259152,17.413202933985335,0.16136919315403425,0.0,0.0,0.0,0.0,0.0,0.0,0.0,0.0,0.0,0.0,0.0,0.0,0.0,0.0,0.0,0.0
86700,4075,2185,0.5361963190184049,1036,807,0.45226993865030674,1078,0.529079754601227,0.47200000000000014,3.083068783068783,3.230309353464218,6.877906976744186,2.1990608194114833,9584.914110429449,1610.7625805134942,7853.0,11083.0,11083.0,0.0,7853.0,0.0,27.87680981595092,20.898622718746733,32.87082601054482,19.15530241230682,0.13987730061349693,0.10404907975460123,0.09030674846625766,0.0849079754601227,0.08171779141104295,0.07828220858895706,0.06895705521472392,0.0638036809815951,0.056932515337423314,0.051533742331288344,0.043680981595092025,0.038282208588957055,0.03361963190184049,0.02674846625766871,0.019386503067484663,0.012515337423312883,0.005398773006134969,0.9284260833190263,0.023328933415529,0.0,0.0,0.0,0.0,0.0,0.0,0.0,0.0,0.0,0.0,0.0,0.0,0.0,0.0,0.0,0.0,0.0,0.0,0.0,0.0,0.0,0.0,0.0,0.0,0.0,0.0883435582822086,3.3496932515337434,13.936196319018409,11.050306748466259,1.575460122699387,4.291047619047619,3.004354910176868,nan,nan,nan,4.250947687642153,3.026536203566955,4.331546707503828,2.9812379459531826,1.0189602474045925,0.4028,0.01226,0.0,0.0,0.0,0.0,0.0,0.0,0.0,0.0,0.0,0.0,0.029447852760736203,11.86748466257667,17.963190184049083,0.13987730061349696,0.0,0.0,0.0,0.0,0.0,0.0,0.0,0.0,0.0,0.0,0.0,0.0,0.0,0.0,0.0,0.0,nan,nan,4.291047619047619,3.004354910176868,nan,0.4028,0.0645,0.0,0.0,0.0,0.0,0.0,0.0,0.0,0.0,0.0,0.0,0.0,0.0,0.0,0.0,0.0,0.0,2.4539877300613496e-05,0.0006625766871165644,0.0001226993865030675,0.00044171779141104293,0.0007730061349693251,0.007730061349693252,0.0015337423312883436,0.00029447852760736197,0.011128834355828222,0.000245398773006135,0.0022576687116564417,0.005460122699386503,0.009226993865030675,0.007901840490797545,0.022650306748466256,0.014539877300613497,0.02849079754601227,0.009680981595092024,0.053791411042944784,0.057901840490797545,0.05739877300613497,0.0589079754601227,0.038822085889570555,0.04558282208588957,0.07215950920245398,0.06873619631901841,0.07343558282208588,0.06971779141104295,0.015202453987730062,0.03034355828220859,0.051006134969325156,0.021828220858895707,0.050515337423312885,0.04505521472392638,0.02407361963190184,0.007104294478527607,0.015582822085889571,0.006110429447852761,0.006282208588957055,0.003607361963190184,0.0031779141104294477,0.0,9.815950920245399e-05,0.00039263803680981594,0.0,0.0,0.0,0.0,0.0,0.0,0.0,0.0,0.0,0.0,0.0,0.0,0.0,0.0,0.0,0.0,0.0,0.0,0.0,0.0,0.0,0.0,0.0,0.0,0.0,0.0,0.0,0.0,0.0,0.0,0.0,0.0,0.0,0.0,0.0,0.0,0.0,0.0,0.0,0.0,0.0,nan,nan,4.291047619047619,3.004354910176868,nan,0.9280945569754192,0.023335148266543232,0.0,0.0,0.0,0.0,0.0,0.0,0.0,0.0,0.0,0.0,0.0,0.0,0.0,0.0,0.0,0.0,0.0,0.0,0.0,0.0,0.0,0.0,0.0,0.0,0.0,0.08237986270022885,3.583524027459955,13.812356979405038,11.066361556064075,1.4553775743707098,0.9288093558379582,0.023315872170474452,0.0,0.0,0.0,0.0,0.0,0.0,0.0,0.0,0.0,0.0,0.0,0.0,0.0,0.0,0.0,0.0,0.0,0.0,0.0,0.0,0.0,0.0,0.0,0.0,0.0,0.09523809523809525,3.07936507936508,14.079365079365083,11.031746031746033,1.7142857142857149,0.4028,0.01217,0.0,0.0,0.0,0.0,0.0,0.0,0.0,0.0,0.0,0.0,0.04118993135011442,11.766590389016002,18.096109839816936,0.09610983981693366,0.0,0.0,0.0,0.0,0.0,0.0,0.0,0.0,0.0,0.0,0.0,0.0,0.0,0.0,0.0,0.0,0.4028,0.012375,0.0,0.0,0.0,0.0,0.0,0.0,0.0,0.0,0.0,0.0,0.015873015873015876,11.984126984126966,17.809523809523814,0.1904761904761905,0.0,0.0,0.0,0.0,0.0,0.0,0.0,0.0,0.0,0.0,0.0,0.0,0.0,0.0,0.0,0.0
86800,4698,2434,0.5180928054491273,1172,979,0.4578544061302682,1352,0.5755640698169434,0.4040000000000001,3.051678445229682,3.1489070417177953,6.738510301109351,2.0700315039607307,9526.43976160068,1613.9423144164898,7853.0,11083.0,11083.0,0.0,7853.0,0.0,28.06939123031077,20.736479222693443,32.99544534412956,18.914908529522712,0.14005959982971478,0.0955725840783312,0.08641975308641975,0.09025117071094083,0.08450404427415922,0.07492550021285653,0.07045551298424861,0.06300553426990209,0.0604512558535547,0.05257556406981694,0.0464027245636441,0.04001702852277565,0.037249893571732653,0.026181353767560665,0.017454235845040442,0.008301404853128991,0.006172839506172839,0.9275139755469883,0.023304742447449057,0.0,0.0,0.0,0.0,0.0,0.0,0.0,0.0,0.0,0.0,0.0,0.0,0.0,0.0,0.0,0.0,0.0,0.0,0.0,0.0,0.0,0.0,0.0,0.0,0.0,0.12132822477650067,3.4674329501915717,14.540229885057474,10.332056194125162,1.538952745849298,4.378016960208741,2.9766912695573575,nan,nan,nan,4.360730593607306,2.9679211177320206,4.395303326810176,2.985335564136424,1.0079281974569934,0.4036,0.012024,0.0,0.0,0.0,0.0,0.0,0.0,0.0,0.0,0.0,0.0,0.03192848020434228,11.845466155810966,17.873563218390807,0.24904214559386978,0.0,0.0,0.0,0.0,0.0,0.0,0.0,0.0,0.0,0.0,0.0,0.0,0.0,0.0,0.0,0.0,nan,nan,4.378016960208741,2.9766912695573575,nan,0.4036,0.064,0.0,0.0,0.0,0.0,0.0,0.0,0.0,0.0,0.0,0.0,0.0,0.0,0.0,0.0,0.0,0.0,0.0,0.0006492124308216262,9.578544061302682e-05,0.00021285653469561516,0.0008833546189868029,0.007077479778629204,0.0015219242230736483,0.0003618561089825458,0.009759472115793954,0.0004257130693912303,0.0023094934014474245,0.004831843337590464,0.010589612601106854,0.007886334610472542,0.021796509152830993,0.016134525329927627,0.026862494678586632,0.009386973180076629,0.05070242656449553,0.05791826309067689,0.055970625798212006,0.060866326096211155,0.040527884206045126,0.04731800766283525,0.07115793954874415,0.0686355896126011,0.07263729246487867,0.07247765006385697,0.01574074074074074,0.029140059599829713,0.050532141336739035,0.021519795657726694,0.05297999148573861,0.04578544061302682,0.023988931460195827,0.005693912303107705,0.016368667518092805,0.005928054491272882,0.006055768412090251,0.003033205619412516,0.003905917411664538,2.1285653469561517e-05,3.192848020434228e-05,0.0002554278416347382,2.1285653469561517e-05,0.0,0.0,0.0,0.0,0.0,0.0,0.0,0.0,0.0,0.0,0.0,0.0,0.0,0.0,0.0,0.0,0.0,0.0,0.0,0.0,0.0,0.0,0.0,0.0,0.0,0.0,0.0,0.0,0.0,0.0,0.0,0.0,0.0,0.0,0.0,0.0,0.0,0.0,0.0,0.0,nan,nan,4.378016960208741,2.9766912695573575,nan,0.9271892928009456,0.023209633537421854,0.0,0.0,0.0,0.0,0.0,0.0,0.0,0.0,0.0,0.0,0.0,0.0,0.0,0.0,0.0,0.0,0.0,0.0,0.0,0.0,0.0,0.0,0.0,0.0,0.0,0.09860312243221038,3.4264585045193106,14.556285949055056,10.439605587510274,1.4790468364831557,0.9278630381812055,0.023401537523888103,0.0,0.0,0.0,0.0,0.0,0.0,0.0,0.0,0.0,0.0,0.0,0.0,0.0,0.0,0.0,0.0,0.0,0.0,0.0,0.0,0.0,0.0,0.0,0.0,0.0,0.14575971731448767,3.5114840989399303,14.522968197879862,10.216431095406362,1.6033568904593645,0.4033,0.01179,0.0,0.0,0.0,0.0,0.0,0.0,0.0,0.0,0.0,0.0,0.03697617091207889,11.88167625308133,17.847165160230077,0.23418241577649965,0.0,0.0,0.0,0.0,0.0,0.0,0.0,0.0,0.0,0.0,0.0,0.0,0.0,0.0,0.0,0.0,0.4036,0.01226,0.0,0.0,0.0,0.0,0.0,0.0,0.0,0.0,0.0,0.0,0.026501766784452305,11.80653710247348,17.90194346289753,0.265017667844523,0.0,0.0,0.0,0.0,0.0,0.0,0.0,0.0,0.0,0.0,0.0,0.0,0.0,0.0,0.0,0.0
86900,4537,2263,0.4987877452060833,1057,962,0.4450077143486886,1317,0.580559841304827,0.4080000000000001,2.8777484608619175,3.011704963360834,6.33641975308642,2.084873687527172,9464.084417015649,1614.9952533087808,7853.0,11083.0,11083.0,0.0,7853.0,0.0,27.984130482697818,20.78028715992445,32.8770964360587,19.029915199278957,0.13687458673132025,0.10182940268900155,0.0930130041877893,0.0868415252369407,0.08044963632356182,0.07405774741018294,0.06435970905884945,0.06810667842186467,0.05642495040775843,0.05510249063257659,0.05003306149437955,0.03879215340533392,0.035706413929909635,0.024685915803394312,0.018294026890015427,0.010138858276394092,0.005289839100727353,0.9273663838056313,0.023053034466685583,0.0,0.0,0.0,0.0,0.0,0.0,0.0,0.0,0.0,0.0,0.0,0.0,0.0,0.0,0.0,0.0,0.0,0.0,0.0,0.0,0.0,0.0,0.0,0.0,0.0,0.171919770773639,3.365660127837779,14.566894423627952,10.546616707075161,1.348908970685475,4.307744565217392,2.8616884306093677,nan,nan,nan,4.317622950819672,2.8845387410371695,4.298174442190669,2.8398193753322505,0.9954955518695049,0.404,0.011955,0.0,0.0,0.0,0.0,0.0,0.0,0.0,0.0,0.0,0.0,0.013224597751818385,11.181397399162426,18.51443685254574,0.29094115054000447,0.0,0.0,0.0,0.0,0.0,0.0,0.0,0.0,0.0,0.0,0.0,0.0,0.0,0.0,0.0,0.0,nan,nan,4.307744565217392,2.8616884306093677,nan,0.404,0.064,0.0,0.0,0.0,0.0,0.0,0.0,0.0,0.0,0.0,0.0,0.0,0.0,0.0,0.0,0.0,0.0,0.0,0.00045184042318712804,1.1020498126515318e-05,0.00018734846815076042,0.0008265373594886489,0.00779149217544633,0.0016089927264712365,0.000484901917566674,0.010447432223936522,0.00044081992506061276,0.002413489089706855,0.0038241128499008157,0.010315186246418338,0.007527000220409963,0.020376901035926823,0.016960546616707074,0.0257549041216663,0.009389464403791051,0.05045184042318713,0.05621556094335464,0.05729556975975314,0.060039673793255456,0.04093013004187789,0.050341635441921974,0.065825435309676,0.0690654617588715,0.07335243553008595,0.07298875909191095,0.015693189332157815,0.030967599735508045,0.05314084196605687,0.018580559841304828,0.05437513775622658,0.044974652854309016,0.025787965616045846,0.006039232973330395,0.015406656380868414,0.005984130482697818,0.006832708838439497,0.0024685915803394315,0.00430901476746749,0.0,5.5102490632576594e-05,5.5102490632576594e-05,0.0,0.0,1.1020498126515318e-05,0.0,0.0,0.0,0.0,0.0,0.0,0.0,0.0,0.0,0.0,0.0,0.0,0.0,0.0,0.0,0.0,0.0,0.0,0.0,0.0,0.0,0.0,0.0,0.0,0.0,0.0,0.0,0.0,0.0,0.0,0.0,0.0,0.0,0.0,0.0,0.0,0.0,0.0,nan,nan,4.307744565217392,2.8616884306093677,nan,0.9270856997316725,0.023425880441181303,0.0,0.0,0.0,0.0,0.0,0.0,0.0,0.0,0.0,0.0,0.0,0.0,0.0,0.0,0.0,0.0,0.0,0.0,0.0,0.0,0.0,0.0,0.0,0.0,0.0,0.17233760494918254,3.4732655766681404,14.648696420680515,10.260715863897483,1.4449845338046845,0.9276457101290123,0.022672457385038744,0.0,0.0,0.0,0.0,0.0,0.0,0.0,0.0,0.0,0.0,0.0,0.0,0.0,0.0,0.0,0.0,0.0,0.0,0.0,0.0,0.0,0.0,0.0,0.0,0.0,0.17150395778364122,3.258575197889183,14.485488126649079,10.831134564643802,1.253298153034301,0.404,0.01216,0.0,0.0,0.0,0.0,0.0,0.0,0.0,0.0,0.0,0.0,0.0,11.162174105170113,18.506407423773755,0.33141847105612027,0.0,0.0,0.0,0.0,0.0,0.0,0.0,0.0,0.0,0.0,0.0,0.0,0.0,0.0,0.0,0.0,0.4038,0.01174,0.0,0.0,0.0,0.0,0.0,0.0,0.0,0.0,0.0,0.0,0.02638522427440634,11.200527704485472,18.522427440633248,0.2506596306068602,0.0,0.0,0.0,0.0,0.0,0.0,0.0,0.0,0.0,0.0,0.0,0.0,0.0,0.0,0.0,0.0
87000,4520,2367,0.5236725663716815,1102,944,0.4526548672566372,1264,0.5592920353982301,0.4200000000000001,2.9786344635392474,3.100800518827066,6.543624161073826,2.257673630346337,9544.462389380531,1613.1889235332048,7853.0,11083.0,11083.0,0.0,7853.0,0.0,28.23362831858407,20.984292948587008,33.25355824986821,19.159762221727966,0.13960176991150441,0.0993362831858407,0.0920353982300885,0.08584070796460178,0.07654867256637168,0.0747787610619469,0.06393805309734513,0.06946902654867257,0.059734513274336286,0.05442477876106195,0.047787610619469026,0.03982300884955752,0.034513274336283185,0.02588495575221239,0.019690265486725665,0.008185840707964602,0.008407079646017699,0.9278194179708978,0.0228999147105218,0.0,0.0,0.0,0.0,0.0,0.0,0.0,0.0,0.0,0.0,0.0,0.0,0.0,0.0,0.0,0.0,0.0,0.0,0.0,0.0,0.0,0.0,0.0,0.0,0.0,0.11946902654867259,3.152654867256638,14.595132743362836,10.758849557522126,1.373893805309735,4.260395364689844,2.920968661488235,nan,nan,nan,4.2753721244925575,2.933512623021407,4.2451923076923075,2.908100937367692,0.9929410081926302,0.4038,0.011635,0.0,0.0,0.0,0.0,0.0,0.0,0.0,0.0,0.0,0.0,0.0,11.654867256637152,18.159292035398234,0.1858407079646018,0.0,0.0,0.0,0.0,0.0,0.0,0.0,0.0,0.0,0.0,0.0,0.0,0.0,0.0,0.0,0.0,nan,nan,4.260395364689844,2.920968661488235,nan,0.4036,0.06354,0.0,0.0,0.0,0.0,0.0,0.0,0.0,0.0,0.0,0.0,0.0,0.0,0.0,0.0,0.0,0.0,0.0,0.0005088495575221239,0.0,0.00013274336283185842,0.0009070796460176992,0.007444690265486726,0.0013053097345132744,0.0005088495575221239,0.009988938053097345,0.0003650442477876106,0.002986725663716814,0.0035508849557522124,0.010984513274336282,0.007732300884955752,0.02079646017699115,0.016172566371681418,0.026106194690265486,0.010309734513274335,0.04834070796460177,0.05557522123893805,0.05900442477876106,0.05886061946902655,0.04057522123893805,0.057334070796460176,0.06607300884955752,0.06486725663716814,0.07410398230088495,0.07407079646017699,0.015099557522123894,0.030907079646017698,0.049380530973451325,0.018915929203539822,0.05476769911504425,0.047035398230088496,0.027079646017699115,0.007278761061946902,0.014303097345132743,0.0055530973451327435,0.005995575221238938,0.0021128318584070797,0.002964601769911504,0.0,0.0,0.0,0.0,0.0,0.0,0.0,0.0,0.0,0.0,0.0,0.0,0.0,0.0,0.0,0.0,0.0,0.0,0.0,0.0,0.0,0.0,0.0,0.0,0.0,0.0,0.0,0.0,0.0,0.0,0.0,0.0,0.0,0.0,0.0,0.0,0.0,0.0,0.0,0.0,0.0,0.0,0.0,0.0,nan,nan,4.260395364689844,2.920968661488235,nan,0.9283093276737006,0.023236599680221813,0.0,0.0,0.0,0.0,0.0,0.0,0.0,0.0,0.0,0.0,0.0,0.0,0.0,0.0,0.0,0.0,0.0,0.0,0.0,0.0,0.0,0.0,0.0,0.0,0.0,0.1267427122940431,3.1305449936628653,14.106463878326998,11.14068441064639,1.4955640050697088,0.9272808131095259,0.02251165680273641,0.0,0.0,0.0,0.0,0.0,0.0,0.0,0.0,0.0,0.0,0.0,0.0,0.0,0.0,0.0,0.0,0.0,0.0,0.0,0.0,0.0,0.0,0.0,0.0,0.0,0.11147236414305622,3.1769623780771026,15.132373432419882,10.339061774268464,1.2401300510915005,0.404,0.01165,0.0,0.0,0.0,0.0,0.0,0.0,0.0,0.0,0.0,0.0,0.0,11.229404309252201,18.567807351077317,0.202788339670469,0.0,0.0,0.0,0.0,0.0,0.0,0.0,0.0,0.0,0.0,0.0,0.0,0.0,0.0,0.0,0.0,0.4033,0.011604,0.0,0.0,0.0,0.0,0.0,0.0,0.0,0.0,0.0,0.0,0.0,12.122619600557345,17.710171853228058,0.16720854621458434,0.0,0.0,0.0,0.0,0.0,0.0,0.0,0.0,0.0,0.0,0.0,0.0,0.0,0.0,0.0,0.0
87100,4653,2423,0.5207393079733506,1165,933,0.45089189770040833,1323,0.5686653771760155,0.4120000000000001,3.047982062780269,3.1481979982919683,6.526555386949924,2.184330068081586,9534.987964753922,1613.610117896553,7853.0,11083.0,11083.0,0.0,7853.0,0.0,28.392649903288202,20.969565558119196,33.1800406297613,19.231102015001674,0.13324736728992048,0.09972061035890824,0.0872555340640447,0.09262841177734794,0.08424672254459488,0.0750053728777133,0.06640876853642812,0.06039114549752848,0.06060606060606061,0.0548033526756931,0.04448742746615087,0.04513217279174726,0.030732860520094562,0.026649473457984095,0.020846765527616593,0.01182033096926714,0.006017623038899635,0.9286096929965828,0.022890924572380303,0.0,0.0,0.0,0.0,0.0,0.0,0.0,0.0,0.0,0.0,0.0,0.0,0.0,0.0,0.0,0.0,0.0,0.0,0.0,0.0,0.0,0.0,0.0,0.0,0.006447453255963896,0.07092198581560286,3.1205673758865258,14.049000644745329,11.283043197936818,1.4700193423597683,4.250328515111695,2.952829422834377,nan,nan,nan,4.223623092236231,2.9214034107710556,4.278645833333333,2.9828873455483764,1.0130273795496203,0.4043,0.01161,0.0,0.0,0.0,0.0,0.0,0.0,0.0,0.0,0.0,0.0,0.019342359767891684,10.857511283043182,18.91682785299807,0.20631850419084466,0.0,0.0,0.0,0.0,0.0,0.0,0.0,0.0,0.0,0.0,0.0,0.0,0.0,0.0,0.0,0.0,nan,nan,4.250328515111695,2.952829422834377,nan,0.4043,0.06396,0.0,0.0,0.0,0.0,0.0,0.0,0.0,0.0,0.0,0.0,0.0,0.0,0.0,0.0,0.0,0.0,0.0,0.0008059316569954867,0.0,6.447453255963895e-05,0.0009348807221147647,0.008199011390500752,0.0009993552546744037,0.0007951859015688803,0.009133892112615517,0.00036535568450462067,0.0028583709434773265,0.003728777133032452,0.01178809370298732,0.008027079303675048,0.020223511712873416,0.014743176445304105,0.0253277455405115,0.01071351816032667,0.04881796690307329,0.054878572963679345,0.05800558779282183,0.05710294433698689,0.04032882011605416,0.05818826563507415,0.06558134536857942,0.06432409198366645,0.0745003223726628,0.07403825488931871,0.01518375241779497,0.031098216204599183,0.051730066623683645,0.020008596604341285,0.04975284762518805,0.04851708575112831,0.03071136900924135,0.007264130668385988,0.013829787234042552,0.005716741886954653,0.006393724478830862,0.0024285407264130667,0.002890608209757146,0.0,0.0,0.0,0.0,0.0,0.0,0.0,0.0,0.0,0.0,0.0,0.0,0.0,0.0,0.0,0.0,0.0,0.0,0.0,0.0,0.0,0.0,0.0,0.0,0.0,0.0,0.0,0.0,0.0,0.0,0.0,0.0,0.0,0.0,0.0,0.0,0.0,0.0,0.0,0.0,0.0,0.0,0.0,0.0,nan,nan,4.250328515111695,2.952829422834377,nan,0.9287475755379015,0.023164529907058293,0.0,0.0,0.0,0.0,0.0,0.0,0.0,0.0,0.0,0.0,0.0,0.0,0.0,0.0,0.0,0.0,0.0,0.0,0.0,0.0,0.0,0.0,0.0,0.0,0.012381345439537766,0.07428807263722659,3.132480396203055,14.089971110193977,11.106066859265377,1.584812216260834,0.9284598771232127,0.02258892929226404,0.0,0.0,0.0,0.0,0.0,0.0,0.0,0.0,0.0,0.0,0.0,0.0,0.0,0.0,0.0,0.0,0.0,0.0,0.0,0.0,0.0,0.0,0.0,0.0,0.0,0.0672645739910314,3.107623318385651,14.004484304932738,11.475336322869959,1.345291479820628,0.4045,0.01156,0.0,0.0,0.0,0.0,0.0,0.0,0.0,0.0,0.0,0.0,0.037144036318613294,10.202228642179103,19.55014444903013,0.210482872472142,0.0,0.0,0.0,0.0,0.0,0.0,0.0,0.0,0.0,0.0,0.0,0.0,0.0,0.0,0.0,0.0,0.4038,0.01166,0.0,0.0,0.0,0.0,0.0,0.0,0.0,0.0,0.0,0.0,0.0,11.569506726457384,18.22869955156951,0.20179372197309423,0.0,0.0,0.0,0.0,0.0,0.0,0.0,0.0,0.0,0.0,0.0,0.0,0.0,0.0,0.0,0.0
87200,4568,2399,0.5251751313485113,1099,919,0.44176882661996497,1296,0.5674255691768827,0.4000000000000001,3.020285846011987,3.047428033982611,6.459842519685039,2.0404283880342415,9549.315674255691,1612.951568126068,7853.0,11083.0,11083.0,0.0,7853.0,0.0,29.046628721541158,21.30738398072561,33.97617814603832,19.47310756602418,0.135507880910683,0.0952276707530648,0.08887915936952714,0.0818739054290718,0.08231173380035026,0.06567425569176882,0.07136602451838879,0.06348511383537653,0.054947460595446584,0.05976357267950963,0.050569176882662,0.04531523642732049,0.03546409807355517,0.02933450087565674,0.021015761821366025,0.011602451838879159,0.00766199649737303,0.9283641553149541,0.022917594673077957,0.0,0.0,0.0,0.0,0.0,0.0,0.0,0.0,0.0,0.0,0.0,0.0,0.0,0.0,0.0,0.0,0.0,0.0,0.0,0.0,0.0,0.0,0.0,0.0,0.0,0.09851138353765326,3.007880910683013,14.402364273204906,11.039842381786343,1.4514010507880915,4.191912495856811,2.81797127434774,nan,nan,nan,4.172071475843812,2.813325271673364,4.211819389110226,2.822484849739297,1.0095271410129365,0.4043,0.012,0.0,0.0,0.0,0.0,0.0,0.0,0.0,0.0,0.0,0.0,0.0,10.9610332749562,18.84194395796848,0.19702276707530653,0.0,0.0,0.0,0.0,0.0,0.0,0.0,0.0,0.0,0.0,0.0,0.0,0.0,0.0,0.0,0.0,nan,nan,4.191912495856811,2.81797127434774,nan,0.4043,0.06396,0.0,0.0,0.0,0.0,0.0,0.0,0.0,0.0,0.0,0.0,0.0,0.0,0.0,0.0,0.0,0.0,0.0,0.0004268826619964974,0.0,4.3782837127845886e-05,0.0010726795096322242,0.008461033274956217,0.0009851138353765324,0.0010288966725043782,0.009468038528896673,0.00020796847635726795,0.0028896672504378283,0.0040389667250437826,0.011000437828371278,0.009063047285464098,0.020348073555166376,0.013944833625218913,0.023905429071803853,0.011153677758318738,0.05051444833625219,0.052999124343257445,0.05570271453590193,0.0583515761821366,0.0407946584938704,0.05901926444833625,0.0665061295971979,0.0647985989492119,0.07415718038528897,0.07124562171628722,0.015608581436077058,0.030024080560420316,0.05287872154115587,0.02119089316987741,0.05063485113835377,0.04827057793345009,0.03087784588441331,0.007202276707530648,0.013736865148861646,0.006753502626970227,0.00625,0.002167250437828371,0.002276707530647986,0.0,0.0,0.0,0.0,0.0,0.0,0.0,0.0,0.0,0.0,0.0,0.0,0.0,0.0,0.0,0.0,0.0,0.0,0.0,0.0,0.0,0.0,0.0,0.0,0.0,0.0,0.0,0.0,0.0,0.0,0.0,0.0,0.0,0.0,0.0,0.0,0.0,0.0,0.0,0.0,0.0,0.0,0.0,0.0,nan,nan,4.191912495856811,2.81797127434774,nan,0.9282520318488471,0.022769364081716256,0.0,0.0,0.0,0.0,0.0,0.0,0.0,0.0,0.0,0.0,0.0,0.0,0.0,0.0,0.0,0.0,0.0,0.0,0.0,0.0,0.0,0.0,0.0,0.0,0.0,0.11254689453939144,2.963734889537308,14.631096290120887,10.87953313880784,1.4130887869945814,0.92848816831412,0.02307980044883596,0.0,0.0,0.0,0.0,0.0,0.0,0.0,0.0,0.0,0.0,0.0,0.0,0.0,0.0,0.0,0.0,0.0,0.0,0.0,0.0,0.0,0.0,0.0,0.0,0.0,0.08298755186721993,3.056708160442601,14.149377593360999,11.217150760719226,1.493775933609959,0.4045,0.01181,0.0,0.0,0.0,0.0,0.0,0.0,0.0,0.0,0.0,0.0,0.0,10.479366402667763,19.34556065027095,0.17507294706127557,0.0,0.0,0.0,0.0,0.0,0.0,0.0,0.0,0.0,0.0,0.0,0.0,0.0,0.0,0.0,0.0,0.404,0.01219,0.0,0.0,0.0,0.0,0.0,0.0,0.0,0.0,0.0,0.0,0.0,11.493775933609943,18.284923928077458,0.2213001383125865,0.0,0.0,0.0,0.0,0.0,0.0,0.0,0.0,0.0,0.0,0.0,0.0,0.0,0.0,0.0,0.0
87300,4440,2302,0.5184684684684685,1110,870,0.44594594594594594,1222,0.5504504504504505,0.4320000000000001,3.076239476145931,3.1922037985361014,6.794212218649518,2.0490995449994474,9527.653153153153,1613.8979215919717,7853.0,11083.0,11083.0,0.0,7853.0,0.0,28.188963963963964,20.909298220642953,33.07560780122896,19.128581906054677,0.1367117117117117,0.09391891891891892,0.0963963963963964,0.08716216216216216,0.08468468468468468,0.07432432432432433,0.06509009009009009,0.06418918918918919,0.061936936936936936,0.05225225225225225,0.04572072072072072,0.040765765765765766,0.03198198198198198,0.029954954954954954,0.018243243243243244,0.010810810810810811,0.005855855855855856,0.9285442973310883,0.022791381310183864,0.0,0.0,0.0,0.0,0.0,0.0,0.0,0.0,0.0,0.0,0.0,0.0,0.0,0.0,0.0,0.0,0.0,0.0,0.0,0.0,0.0,0.0,0.0,0.0,0.0,0.054054054054054064,3.20945945945946,14.364864864864868,10.831081081081082,1.540540540540541,4.294853963838665,2.949739141165973,nan,nan,nan,4.183673469387755,2.9044193587953355,4.403436426116839,2.9893491134772168,1.0525287067303664,0.4045,0.01208,0.0,0.0,0.0,0.0,0.0,0.0,0.0,0.0,0.0,0.0,0.020270270270270275,10.472972972972958,19.317567567567572,0.18918918918918923,0.0,0.0,0.0,0.0,0.0,0.0,0.0,0.0,0.0,0.0,0.0,0.0,0.0,0.0,0.0,0.0,nan,nan,4.294853963838665,2.949739141165973,nan,0.4045,0.0644,0.0,0.0,0.0,0.0,0.0,0.0,0.0,0.0,0.0,0.0,0.0,0.0,0.0,0.0,0.0,0.0,0.0,0.00030405405405405404,0.0,0.00010135135135135135,0.001373873873873874,0.008716216216216216,0.001295045045045045,0.001204954954954955,0.009324324324324324,0.00016891891891891893,0.0021283783783783783,0.003704954954954955,0.011531531531531532,0.010191441441441441,0.019977477477477478,0.012747747747747748,0.023524774774774774,0.013119369369369369,0.050653153153153156,0.05132882882882883,0.05487612612612613,0.05683558558558559,0.04010135135135135,0.05831081081081081,0.06653153153153153,0.06497747747747748,0.07389639639639639,0.0718018018018018,0.016283783783783784,0.02945945945945946,0.05541666666666667,0.02141891891891892,0.05129504504504505,0.04737612612612613,0.03016891891891892,0.006644144144144144,0.014200450450450451,0.006317567567567567,0.006981981981981982,0.002443693693693694,0.003096846846846847,1.1261261261261261e-05,1.1261261261261261e-05,0.0001463963963963964,0.0,0.0,0.0,0.0,0.0,0.0,0.0,0.0,0.0,0.0,0.0,0.0,0.0,0.0,0.0,0.0,0.0,0.0,0.0,0.0,0.0,0.0,0.0,0.0,0.0,0.0,0.0,0.0,0.0,0.0,0.0,0.0,0.0,0.0,0.0,0.0,0.0,0.0,0.0,0.0,0.0,nan,nan,4.294853963838665,2.949739141165973,nan,0.9283142941708569,0.022836013407301587,0.0,0.0,0.0,0.0,0.0,0.0,0.0,0.0,0.0,0.0,0.0,0.0,0.0,0.0,0.0,0.0,0.0,0.0,0.0,0.0,0.0,0.0,0.0,0.0,0.0,0.05212858384013902,3.3883579496090364,14.491746307558648,10.55603822762815,1.5117289313640316,0.9287919433904207,0.022740627028873032,0.0,0.0,0.0,0.0,0.0,0.0,0.0,0.0,0.0,0.0,0.0,0.0,0.0,0.0,0.0,0.0,0.0,0.0,0.0,0.0,0.0,0.0,0.0,0.0,0.0,0.05612722170252574,3.0168381665107584,14.228250701590275,11.127221702525727,1.5715622076707207,0.4045,0.0122,0.0,0.0,0.0,0.0,0.0,0.0,0.0,0.0,0.0,0.0,0.02606429192006951,10.41268462206775,19.365768896611645,0.19548218940052134,0.0,0.0,0.0,0.0,0.0,0.0,0.0,0.0,0.0,0.0,0.0,0.0,0.0,0.0,0.0,0.0,0.4048,0.01194,0.0,0.0,0.0,0.0,0.0,0.0,0.0,0.0,0.0,0.0,0.014031805425631434,10.53788587464919,19.265668849391957,0.18241347053320867,0.0,0.0,0.0,0.0,0.0,0.0,0.0,0.0,0.0,0.0,0.0,0.0,0.0,0.0,0.0,0.0
87400,4822,2494,0.517212774782248,1204,970,0.4508502695976773,1316,0.5458316051430941,0.4160000000000001,2.9944158075601375,3.1586710011919155,6.700617283950617,2.200561009098133,9523.597262546662,1614.0427331385367,7853.0,11083.0,11083.0,0.0,7853.0,0.0,27.304230609705517,20.464416587486404,32.228882833787466,18.72536288897097,0.14122770634591456,0.10265450020738283,0.09809207797594359,0.08067192036499378,0.08212360016590627,0.080464537536292,0.07071754458730817,0.06760680215678141,0.054956449605972624,0.054956449605972624,0.04728328494400664,0.03338863542098714,0.02861883036084612,0.02488593944421402,0.017420157610949814,0.009954375777685608,0.004977187888842804,0.9294296861906262,0.02330445449855357,0.0,0.0,0.0,0.0,0.0,0.0,0.0,0.0,0.0,0.0,0.0,0.0,0.0,0.0,0.0,0.0,0.0,0.0,0.0,0.0,0.0,0.0,0.0,0.0,0.0,0.08087930319369559,3.060970551638325,13.780588967233516,11.397760265450025,1.6798009124844466,4.339745679817411,2.9870923823065354,nan,nan,nan,4.333116460637606,2.994838801734705,4.34640522875817,2.9792753898996227,1.0030667922824785,0.4048,0.01221,0.0,0.0,0.0,0.0,0.0,0.0,0.0,0.0,0.0,0.0,0.043550394027374546,10.483201990875141,19.180837826627958,0.29240978846951476,0.0,0.0,0.0,0.0,0.0,0.0,0.0,0.0,0.0,0.0,0.0,0.0,0.0,0.0,0.0,0.0,nan,nan,4.339745679817411,2.9870923823065354,nan,0.4048,0.06525,0.0,0.0,0.0,0.0,0.0,0.0,0.0,0.0,0.0,0.0,0.0,0.0,0.0,0.0,0.0,0.0,0.0,0.0005495644960597263,0.0,0.00016590626296142678,0.0015242637909581086,0.008927830775611779,0.001482787225217752,0.001182082123600166,0.00994400663625052,6.221484861053504e-05,0.0025611779344670263,0.0031729572791372876,0.013469514724180837,0.009456656988801328,0.018944421401907923,0.012795520530900042,0.022957279137287432,0.015854417254251348,0.0523952716715056,0.04945043550394027,0.05361883036084612,0.056076316880962256,0.03631273330568229,0.059404811281625884,0.06628992119452509,0.06506636250518458,0.075,0.06922438822065533,0.014827872252177519,0.028193695562007466,0.05667772708419743,0.021153048527581916,0.05222936540854417,0.048838656159270015,0.029365408544172543,0.007248029863127333,0.015024885939444213,0.0074139361260887595,0.007486520116134384,0.002364164247200332,0.0030588967233513066,2.0738282870178348e-05,1.0369141435089174e-05,0.00018664454583160514,1.0369141435089174e-05,0.0,0.0,0.0,0.0,0.0,0.0,0.0,0.0,0.0,0.0,0.0,0.0,0.0,0.0,0.0,0.0,0.0,0.0,0.0,0.0,0.0,0.0,0.0,0.0,0.0,0.0,0.0,0.0,0.0,0.0,0.0,0.0,0.0,0.0,0.0,0.0,0.0,0.0,0.0,0.0,nan,nan,4.339745679817411,2.9870923823065354,nan,0.9295457000481958,0.022672517394190284,0.0,0.0,0.0,0.0,0.0,0.0,0.0,0.0,0.0,0.0,0.0,0.0,0.0,0.0,0.0,0.0,0.0,0.0,0.0,0.0,0.0,0.0,0.0,0.0,0.0,0.07217321571772255,2.8027265437048925,14.230152365677629,11.367281475541303,1.5276663993584607,0.9293053998672676,0.02396234645029089,0.0,0.0,0.0,0.0,0.0,0.0,0.0,0.0,0.0,0.0,0.0,0.0,0.0,0.0,0.0,0.0,0.0,0.0,0.0,0.0,0.0,0.0,0.0,0.0,0.0,0.09020618556701034,3.337628865979382,13.298969072164951,11.430412371134024,1.8427835051546395,0.4045,0.012314,0.0,0.0,0.0,0.0,0.0,0.0,0.0,0.0,0.0,0.0,0.036086607858861273,10.753809141940641,18.96952686447474,0.24057738572574183,0.0,0.0,0.0,0.0,0.0,0.0,0.0,0.0,0.0,0.0,0.0,0.0,0.0,0.0,0.0,0.0,0.4048,0.012085,0.0,0.0,0.0,0.0,0.0,0.0,0.0,0.0,0.0,0.0,0.05154639175257733,10.193298969072151,19.407216494845365,0.347938144329897,0.0,0.0,0.0,0.0,0.0,0.0,0.0,0.0,0.0,0.0,0.0,0.0,0.0,0.0,0.0,0.0
87500,4940,2546,0.5153846153846153,1153,1023,0.4404858299595142,1403,0.5680161943319838,0.4200000000000001,2.9991645781119467,3.1479793103132834,6.7382753403933435,2.0966516183924764,9517.692307692309,1614.235321926829,7853.0,11083.0,11083.0,0.0,7853.0,0.0,27.645344129554655,20.958734484633474,32.73781227261703,19.206699397299484,0.14554655870445343,0.10101214574898786,0.09574898785425101,0.08643724696356275,0.07793522267206478,0.07489878542510121,0.0665991902834008,0.06862348178137652,0.05242914979757085,0.046153846153846156,0.04959514170040486,0.04311740890688259,0.03279352226720648,0.02408906882591093,0.01639676113360324,0.010526315789473684,0.008097165991902834,0.9292045641765904,0.023171216937209357,0.0,0.0,0.0,0.0,0.0,0.0,0.0,0.0,0.0,0.0,0.0,0.0,0.0,0.0,0.0,0.0,0.0,0.0,0.0,0.0,0.0,0.0,0.0,0.0,0.0,0.12753036437246965,2.9696356275303653,13.925101214574902,11.362348178137655,1.6153846153846159,4.3613578680203045,2.9049785174164873,nan,nan,nan,4.425654116145501,2.9208980864592218,4.297791798107255,2.8877465777567775,0.9711088316703776,0.4048,0.01213,0.0,0.0,0.0,0.0,0.0,0.0,0.0,0.0,0.0,0.0,0.012145748987854255,10.165991902833994,19.52429149797571,0.2975708502024292,0.0,0.0,0.0,0.0,0.0,0.0,0.0,0.0,0.0,0.0,0.0,0.0,0.0,0.0,0.0,0.0,nan,nan,4.3613578680203045,2.9049785174164873,nan,0.4048,0.06506,0.0,0.0,0.0,0.0,0.0,0.0,0.0,0.0,0.0,0.0,0.0,0.0,0.0,0.0,0.0,0.0,0.0,0.0005566801619433198,1.0121457489878542e-05,2.0242914979757085e-05,0.0015080971659919029,0.008846153846153846,0.001285425101214575,0.0017105263157894738,0.00978744939271255,6.072874493927126e-05,0.0017307692307692308,0.003805668016194332,0.014089068825910931,0.008633603238866397,0.01881578947368421,0.010809716599190283,0.022753036437246965,0.015799595141700404,0.05447368421052631,0.0467914979757085,0.057904858299595144,0.05636639676113361,0.03698380566801619,0.060121457489878544,0.06453441295546558,0.06312753036437246,0.07021255060728746,0.07109311740890688,0.014635627530364372,0.0304251012145749,0.05880566801619433,0.022732793522267206,0.0519331983805668,0.04879554655870445,0.030101214574898786,0.00785425101214575,0.013917004048582995,0.006143724696356275,0.006578947368421052,0.002054655870445344,0.003775303643724696,3.036437246963563e-05,0.00013157894736842105,0.00025303643724696357,0.0,0.0,0.0,0.0,0.0,0.0,0.0,0.0,0.0,0.0,0.0,0.0,0.0,0.0,0.0,0.0,0.0,0.0,0.0,0.0,0.0,0.0,0.0,0.0,0.0,0.0,0.0,0.0,0.0,0.0,0.0,0.0,0.0,0.0,0.0,0.0,0.0,0.0,0.0,0.0,0.0,nan,nan,4.3613578680203045,2.9049785174164873,nan,0.9291507320102518,0.023166191498754506,0.0,0.0,0.0,0.0,0.0,0.0,0.0,0.0,0.0,0.0,0.0,0.0,0.0,0.0,0.0,0.0,0.0,0.0,0.0,0.0,0.0,0.0,0.0,0.0,0.0,0.09426551453260018,2.9457973291437556,14.080911233307152,11.300078554595446,1.578947368421053,0.9292618142582519,0.02317642305895141,0.0,0.0,0.0,0.0,0.0,0.0,0.0,0.0,0.0,0.0,0.0,0.0,0.0,0.0,0.0,0.0,0.0,0.0,0.0,0.0,0.0,0.0,0.0,0.0,0.0,0.1629072681704261,2.9949874686716798,13.759398496240605,11.428571428571432,1.654135338345865,0.4048,0.0122,0.0,0.0,0.0,0.0,0.0,0.0,0.0,0.0,0.0,0.0,0.011783189316575023,10.428122545168877,19.277297721916735,0.28279654359780054,0.0,0.0,0.0,0.0,0.0,0.0,0.0,0.0,0.0,0.0,0.0,0.0,0.0,0.0,0.0,0.0,0.405,0.012054,0.0,0.0,0.0,0.0,0.0,0.0,0.0,0.0,0.0,0.0,0.012531328320802008,9.887218045112768,19.786967418546368,0.31328320802005016,0.0,0.0,0.0,0.0,0.0,0.0,0.0,0.0,0.0,0.0,0.0,0.0,0.0,0.0,0.0,0.0
87600,4642,2385,0.513787160706592,1100,988,0.44980611805256354,1379,0.5941404566996984,0.3960000000000001,2.954807266282676,2.9453289273942462,6.170953101361573,2.103121482239243,9512.532529082293,1614.3859061121461,7853.0,11083.0,11083.0,0.0,7853.0,0.0,28.575613959500217,21.142221466624022,33.68404829180581,19.252865849295627,0.14282636794485135,0.0937096079276174,0.08186126669538991,0.08509263248599741,0.08530805687203792,0.07582938388625593,0.07087462300732443,0.061611374407582936,0.05385609651012495,0.05040930633347695,0.055148642826367944,0.04373115036622146,0.03274450667815597,0.027789745799224472,0.01960361912968548,0.013356311934510987,0.0062473071951744934,0.9307002678917996,0.022944230742682648,0.0,0.0,0.0,0.0,0.0,0.0,0.0,0.0,0.0,0.0,0.0,0.0,0.0,0.0,0.0,0.0,0.0,0.0,0.0,0.0,0.0,0.0,0.0,0.0,0.0,0.07755277897457993,2.6755708746230082,13.50710900473934,11.910814304179237,1.8289530374838436,4.1891891891891895,2.770211895089067,nan,nan,nan,4.197385620915033,2.8022387808018507,4.18105126541207,2.7380187583228843,0.9961084453566594,0.4043,0.011665,0.0,0.0,0.0,0.0,0.0,0.0,0.0,0.0,0.0,0.0,0.019388194743644983,10.663507109004724,19.16199913830246,0.15510555794915987,0.0,0.0,0.0,0.0,0.0,0.0,0.0,0.0,0.0,0.0,0.0,0.0,0.0,0.0,0.0,0.0,nan,nan,4.1891891891891895,2.770211895089067,nan,0.4043,0.06445,0.0,0.0,0.0,0.0,0.0,0.0,0.0,0.0,0.0,0.0,0.0,0.0,0.0,0.0,0.0,0.0,0.0,0.0002908229211546747,0.0,3.231365790607497e-05,0.0015295131408875485,0.009230934941835417,0.0008832399827660492,0.0017557087462300733,0.009769495906936666,7.539853511417492e-05,0.002229642395519173,0.0034575613959500215,0.013937957776820336,0.008121499353726842,0.017126238690219734,0.011783713916415339,0.023578199052132702,0.017061611374407582,0.055040930633347696,0.04824429125376992,0.05749676863420939,0.05570874623007324,0.03691296854803964,0.06130978026712624,0.06443343386471348,0.06274235243429556,0.071984058595433,0.07002369668246446,0.015402843601895734,0.03147350280051702,0.059941835415769064,0.023567427832830678,0.05134640241275312,0.04717794054286945,0.028716070659198623,0.007001292546316243,0.013291684618698837,0.006311934510986644,0.005999569151227919,0.0016049116760017234,0.003080568720379147,4.308487720809996e-05,0.00011848341232227489,0.00015079707022834984,1.077121930202499e-05,0.0,0.0,0.0,0.0,0.0,0.0,0.0,0.0,0.0,0.0,0.0,0.0,0.0,0.0,0.0,0.0,0.0,0.0,0.0,0.0,0.0,0.0,0.0,0.0,0.0,0.0,0.0,0.0,0.0,0.0,0.0,0.0,0.0,0.0,0.0,0.0,0.0,0.0,0.0,0.0,nan,nan,4.1891891891891895,2.770211895089067,nan,0.9307848074151285,0.023178211885765063,0.0,0.0,0.0,0.0,0.0,0.0,0.0,0.0,0.0,0.0,0.0,0.0,0.0,0.0,0.0,0.0,0.0,0.0,0.0,0.0,0.0,0.0,0.0,0.0,0.0,0.08805031446540883,2.641509433962265,13.78616352201258,11.522012578616355,1.9622641509433967,0.9306109339249679,0.022694016421223605,0.0,0.0,0.0,0.0,0.0,0.0,0.0,0.0,0.0,0.0,0.0,0.0,0.0,0.0,0.0,0.0,0.0,0.0,0.0,0.0,0.0,0.0,0.0,0.0,0.0,0.0664599025254763,2.711564023039433,13.212228622064691,12.32166592822331,1.6880815241470983,0.4043,0.01159,0.0,0.0,0.0,0.0,0.0,0.0,0.0,0.0,0.0,0.0,0.01257861635220126,10.578616352201243,19.194968553459123,0.21383647798742142,0.0,0.0,0.0,0.0,0.0,0.0,0.0,0.0,0.0,0.0,0.0,0.0,0.0,0.0,0.0,0.0,0.404,0.01174,0.0,0.0,0.0,0.0,0.0,0.0,0.0,0.0,0.0,0.0,0.026583961010190525,10.753212228622049,19.12715994683208,0.09304386353566683,0.0,0.0,0.0,0.0,0.0,0.0,0.0,0.0,0.0,0.0,0.0,0.0,0.0,0.0,0.0,0.0
87700,4308,2275,0.5280872794800371,1076,869,0.45148560817084493,1215,0.564066852367688,0.4360000000000001,3.0231185440236104,3.0948216454955664,6.542314335060449,2.1440818248920688,9558.72191272052,1612.4498548954416,7853.0,11083.0,11083.0,0.0,7853.0,0.0,28.376973073351902,20.987648331367883,33.195717814987646,19.231683738066707,0.1327762302692665,0.10120705663881151,0.09192200557103064,0.0882079851439183,0.08008356545961003,0.07195914577530177,0.07079851439182916,0.0584958217270195,0.05965645311049211,0.060584958217270196,0.04712163416898793,0.04085422469823584,0.033426183844011144,0.027158774373259052,0.017641597028783658,0.009517177344475394,0.008588672237697307,0.9314900380987311,0.02323960318489288,0.0,0.0,0.0,0.0,0.0,0.0,0.0,0.0,0.0,0.0,0.0,0.0,0.0,0.0,0.0,0.0,0.0,0.0,0.0,0.0,0.0,0.0,0.0,0.0,0.0,0.07660167130919221,2.4373259052924796,13.73955431754875,11.650417827298053,2.0961002785515324,4.207473309608541,2.878688601470163,nan,nan,nan,4.2421875,2.8085722652958753,4.172610556348074,2.947015251255013,0.9835988051796565,0.4043,0.01185,0.0,0.0,0.0,0.0,0.0,0.0,0.0,0.0,0.0,0.0,0.020891364902506968,10.640668523676865,19.192200557103067,0.1462395543175488,0.0,0.0,0.0,0.0,0.0,0.0,0.0,0.0,0.0,0.0,0.0,0.0,0.0,0.0,0.0,0.0,nan,nan,4.207473309608541,2.878688601470163,nan,0.4043,0.0636,0.0,0.0,0.0,0.0,0.0,0.0,0.0,0.0,0.0,0.0,0.0,0.0,0.0,0.0,0.0,0.0,0.0,0.0002785515320334262,0.0,1.160631383472609e-05,0.001032961931290622,0.008890436397400186,0.0005919220055710307,0.00127669452181987,0.00872794800371402,0.00010445682451253482,0.0020078922934076136,0.0037952646239554316,0.013939182915506035,0.008472609099350046,0.017618384401114205,0.011246518105849581,0.025301764159702877,0.01659702878365831,0.057439647168059424,0.047307335190343545,0.0577414113277623,0.05283194057567316,0.03579387186629526,0.06266248839368617,0.06197771587743733,0.06226787372330548,0.0712627669452182,0.07560352831940576,0.0165041782729805,0.031070102135561745,0.06399721448467967,0.024001857010213557,0.050464252553389044,0.04726090993500464,0.027982822655524604,0.0067200557103064065,0.011571494893221913,0.005396935933147632,0.004967502321262767,0.001021355617455896,0.003806870937790158,6.963788300835655e-05,0.00029015784586815225,9.285051067780872e-05,0.0,0.0,0.0,0.0,0.0,0.0,0.0,0.0,0.0,0.0,0.0,0.0,0.0,0.0,0.0,0.0,0.0,0.0,0.0,0.0,0.0,0.0,0.0,0.0,0.0,0.0,0.0,0.0,0.0,0.0,0.0,0.0,0.0,0.0,0.0,0.0,0.0,0.0,0.0,0.0,0.0,nan,nan,4.207473309608541,2.878688601470163,nan,0.9318015284066672,0.023420392770198445,0.0,0.0,0.0,0.0,0.0,0.0,0.0,0.0,0.0,0.0,0.0,0.0,0.0,0.0,0.0,0.0,0.0,0.0,0.0,0.0,0.0,0.0,0.0,0.0,0.0,0.1318681318681319,2.386813186813187,13.621978021978025,11.683516483516486,2.175824175824176,0.9311414692593043,0.023030616461598992,0.0,0.0,0.0,0.0,0.0,0.0,0.0,0.0,0.0,0.0,0.0,0.0,0.0,0.0,0.0,0.0,0.0,0.0,0.0,0.0,0.0,0.0,0.0,0.0,0.0,0.014756517461879,2.4938514510575507,13.87112641416626,11.613379242498771,2.006886374815544,0.4048,0.01188,0.0,0.0,0.0,0.0,0.0,0.0,0.0,0.0,0.0,0.0,0.01318681318681319,10.496703296703283,19.331868131868134,0.15824175824175826,0.0,0.0,0.0,0.0,0.0,0.0,0.0,0.0,0.0,0.0,0.0,0.0,0.0,0.0,0.0,0.0,0.404,0.011795,0.0,0.0,0.0,0.0,0.0,0.0,0.0,0.0,0.0,0.0,0.029513034923758,10.80177078209541,19.03590752582391,0.132808657156911,0.0,0.0,0.0,0.0,0.0,0.0,0.0,0.0,0.0,0.0,0.0,0.0,0.0,0.0,0.0,0.0
87800,4693,2438,0.5194971233752397,1135,951,0.4444917962923503,1302,0.5548689537609205,0.3960000000000001,2.9055432372505545,3.0696916728776014,6.5659777424483305,2.1459141209398287,9530.975708502025,1613.7716877361147,7853.0,11083.0,11083.0,0.0,7853.0,0.0,27.851054762412105,20.843888645325038,32.73112012164217,19.144035623706646,0.13871723844023012,0.0973790752184104,0.0997229916897507,0.08779032601747283,0.08225015981248668,0.07180907734924355,0.07116982740251439,0.06392499467291711,0.05348391220967398,0.05497549541870871,0.042829746430854465,0.04005966332836139,0.03579799701683358,0.02386533134455572,0.019603665033027913,0.010441082463243129,0.006179416151715321,0.931336418540397,0.023368168302977502,0.0,0.0,0.0,0.0,0.0,0.0,0.0,0.0,0.0,0.0,0.0,0.0,0.0,0.0,0.0,0.0,0.0,0.0,0.0,0.0,0.0,0.0,0.0,0.0,0.0,0.12145748987854253,2.5186447901129347,13.48178137651822,11.90283400809717,1.975282335393139,4.17375415282392,2.8826509681213563,nan,nan,nan,4.209612817089453,2.91812868410195,4.13964262078094,2.8470304995086564,0.9833784722375274,0.4045,0.011925,0.0,0.0,0.0,0.0,0.0,0.0,0.0,0.0,0.0,0.0,0.04474749627104199,10.694651608779017,19.068825910931178,0.19177498401875137,0.0,0.0,0.0,0.0,0.0,0.0,0.0,0.0,0.0,0.0,0.0,0.0,0.0,0.0,0.0,0.0,nan,nan,4.17375415282392,2.8826509681213563,nan,0.4045,0.06305,0.0,0.0,0.0,0.0,0.0,0.0,0.0,0.0,0.0,0.0,0.0,0.0,0.0,0.0,0.0,0.0,0.0,0.00013850415512465375,0.0,0.0,0.0010227999147666737,0.007969316002557,0.000554016620498615,0.0014063498828041764,0.008757724270189645,7.457916045173663e-05,0.0018005540166204986,0.0039846580012785,0.014276582143618155,0.00929043255913062,0.01836778180268485,0.011304069891327508,0.023545706371191136,0.017323673556360535,0.05632857447261879,0.04524824206264649,0.054794374600468786,0.05662689111442574,0.036991263584061365,0.06183677818026848,0.06208182399318134,0.06169827402514383,0.07225655231195398,0.08041764329852973,0.01641806946516088,0.03118474323460473,0.06430854464095462,0.023748135520988707,0.04952056253995312,0.04598337950138504,0.028414660132111656,0.006531003622416365,0.010718090773492436,0.005252503728958023,0.00486895376092052,0.0007777541018538248,0.0037076496910291926,9.588749200937566e-05,0.000287662476028127,8.523332623055615e-05,0.0,0.0,0.0,0.0,0.0,0.0,0.0,0.0,0.0,0.0,0.0,0.0,0.0,0.0,0.0,0.0,0.0,0.0,0.0,0.0,0.0,0.0,0.0,0.0,0.0,0.0,0.0,0.0,0.0,0.0,0.0,0.0,0.0,0.0,0.0,0.0,0.0,0.0,0.0,0.0,0.0,nan,nan,4.17375415282392,2.8826509681213563,nan,0.9307539143261115,0.023291814501150462,0.0,0.0,0.0,0.0,0.0,0.0,0.0,0.0,0.0,0.0,0.0,0.0,0.0,0.0,0.0,0.0,0.0,0.0,0.0,0.0,0.0,0.0,0.0,0.0,0.0,0.08613617719442168,2.7317473338802305,13.634126333059887,11.72682526661198,1.8211648892534869,0.9319661947153096,0.02343415483238085,0.0,0.0,0.0,0.0,0.0,0.0,0.0,0.0,0.0,0.0,0.0,0.0,0.0,0.0,0.0,0.0,0.0,0.0,0.0,0.0,0.0,0.0,0.0,0.0,0.0,0.15964523281596454,2.288248337028825,13.31707317073171,12.093126385809315,2.1419068736141913,0.4043,0.01208,0.0,0.0,0.0,0.0,0.0,0.0,0.0,0.0,0.0,0.0,0.049220672682526674,10.91468416735027,18.851517637407714,0.18457752255947502,0.0,0.0,0.0,0.0,0.0,0.0,0.0,0.0,0.0,0.0,0.0,0.0,0.0,0.0,0.0,0.0,0.4045,0.01175,0.0,0.0,0.0,0.0,0.0,0.0,0.0,0.0,0.0,0.0,0.039911308203991136,10.456762749445662,19.30376940133038,0.1995565410199557,0.0,0.0,0.0,0.0,0.0,0.0,0.0,0.0,0.0,0.0,0.0,0.0,0.0,0.0,0.0,0.0
87900,4749,2436,0.5129500947567909,1153,952,0.4432512107812171,1331,0.5605390608549168,0.4000000000000001,3.0410722006052744,3.169863097046544,6.7140625,2.2383983662640907,9509.828806064435,1614.4582221238259,7853.0,11083.0,11083.0,0.0,7853.0,0.0,27.69951568751316,20.727423151882114,32.585757271815446,19.026703974826983,0.13876605601179196,0.10465361128658665,0.09749420930722258,0.08128026953042745,0.07812170983364919,0.07727942724784165,0.0724363023794483,0.06253948199620973,0.05895978100652769,0.05137923773425984,0.04485154769425142,0.038744998947146767,0.03432301537165719,0.027374184038745,0.014950515898083806,0.011370814908401769,0.005474836807749,0.9319656668374051,0.023207915687748923,0.0,0.0,0.0,0.0,0.0,0.0,0.0,0.0,0.0,0.0,0.0,0.0,0.0,0.0,0.0,0.0,0.0,0.0,0.0,0.0,0.0,0.0,0.0,0.0,0.0,0.06948831332912193,2.577384712571068,13.12697409981049,12.192040429564122,2.0341124447252055,4.369953673064196,2.9362514197929888,nan,nan,nan,4.2844155844155845,2.937158487915446,4.458474004051316,2.933622657774871,1.040625942139895,0.4036,0.01168,0.0,0.0,0.0,0.0,0.0,0.0,0.0,0.0,0.0,0.0,0.031585596967782695,11.111813013265936,18.806064434617817,0.050536955148452314,0.0,0.0,0.0,0.0,0.0,0.0,0.0,0.0,0.0,0.0,0.0,0.0,0.0,0.0,0.0,0.0,nan,nan,4.369953673064196,2.9362514197929888,nan,0.4036,0.0626,0.0,0.0,0.0,0.0,0.0,0.0,0.0,0.0,0.0,0.0,0.0,0.0,0.0,0.0,0.0,0.0,0.0,9.475679090334807e-05,0.0,0.0,0.0012844809433564962,0.007906927774268267,0.000410612760581175,0.0011581385554853654,0.008191198146978312,0.00028427037271004424,0.0019477784796799325,0.004537797431038114,0.015561170772794272,0.00895978100652769,0.01839334596757212,0.011244472520530638,0.023289113497578437,0.017066750894925247,0.05651716150768583,0.04520951779321963,0.05409559907348915,0.056043377553169085,0.03661823541798273,0.06599284059802063,0.06646662455253738,0.06148662876395031,0.0704253527058328,0.0830174773636555,0.016161297115182143,0.030153716571909874,0.06572962728995578,0.021214992630027373,0.047799536744577806,0.044430406401347655,0.027542640555906505,0.006285533796588755,0.009675721204464098,0.004685196883554433,0.004685196883554433,0.0010002105706464518,0.00355864392503685,3.158559696778269e-05,0.0005369551484523058,0.0003053274373552327,0.0,0.0,0.0,0.0,0.0,0.0,0.0,0.0,0.0,0.0,0.0,0.0,0.0,0.0,0.0,0.0,0.0,0.0,0.0,0.0,0.0,0.0,0.0,0.0,0.0,0.0,0.0,0.0,0.0,0.0,0.0,0.0,0.0,0.0,0.0,0.0,0.0,0.0,0.0,0.0,0.0,nan,nan,4.369953673064196,2.9362514197929888,nan,0.9318261381440562,0.023210334859576586,0.0,0.0,0.0,0.0,0.0,0.0,0.0,0.0,0.0,0.0,0.0,0.0,0.0,0.0,0.0,0.0,0.0,0.0,0.0,0.0,0.0,0.0,0.0,0.0,0.0,0.049261083743842374,2.586206896551725,13.26354679802956,11.99507389162562,2.1059113300492616,0.9321126153445378,0.02320446051792024,0.0,0.0,0.0,0.0,0.0,0.0,0.0,0.0,0.0,0.0,0.0,0.0,0.0,0.0,0.0,0.0,0.0,0.0,0.0,0.0,0.0,0.0,0.0,0.0,0.0,0.09079118028534373,2.568093385214008,12.983138780804154,12.399481193255516,1.958495460440986,0.4038,0.01183,0.0,0.0,0.0,0.0,0.0,0.0,0.0,0.0,0.0,0.0,0.049261083743842374,11.280788177339884,18.571428571428573,0.09852216748768475,0.0,0.0,0.0,0.0,0.0,0.0,0.0,0.0,0.0,0.0,0.0,0.0,0.0,0.0,0.0,0.0,0.4036,0.011505,0.0,0.0,0.0,0.0,0.0,0.0,0.0,0.0,0.0,0.0,0.012970168612191961,10.933852140077805,19.05317769130999,0.0,0.0,0.0,0.0,0.0,0.0,0.0,0.0,0.0,0.0,0.0,0.0,0.0,0.0,0.0,0.0,0.0
88000,4663,2419,0.5187647437272143,1163,934,0.44971048681106585,1292,0.5541496890413896,0.4240000000000001,2.9910873440285206,3.0889820406777195,6.58125,2.078075657308944,9528.610122238902,1613.8622658337933,7853.0,11083.0,11083.0,0.0,7853.0,0.0,28.262277503752948,20.886724272331872,33.20764331210191,19.05715019164497,0.13939523911644863,0.09714775895346343,0.08921295303452713,0.08235041818571735,0.08084923868754021,0.07870469654728715,0.07227107012652799,0.06090499678318679,0.062191722067338626,0.05061119450997212,0.04524983915933948,0.04439202230323826,0.0345271284580742,0.02787904782328973,0.019729787690328116,0.009864893845164058,0.0047179927085567236,0.9312522658942826,0.023433336744276657,0.0,0.0,0.0,0.0,0.0,0.0,0.0,0.0,0.0,0.0,0.0,0.0,0.0,0.0,0.0,0.0,0.0,0.0,0.0,0.0,0.0,0.0,0.0,0.0,0.0,0.10937164915290588,2.624919579669741,13.581385374222606,11.631996568732578,2.052326828222175,4.192092257001647,2.8622988315415,nan,nan,nan,4.257445400397088,2.893299241778984,4.12672357189757,2.8305785425429857,0.9692957122862162,0.404,0.01156,0.0,0.0,0.0,0.0,0.0,0.0,0.0,0.0,0.0,0.0,0.006433626420759169,10.917864036028293,18.947029809135753,0.1286725284151834,0.0,0.0,0.0,0.0,0.0,0.0,0.0,0.0,0.0,0.0,0.0,0.0,0.0,0.0,0.0,0.0,nan,nan,4.192092257001647,2.8622988315415,nan,0.404,0.06287,0.0,0.0,0.0,0.0,0.0,0.0,0.0,0.0,0.0,0.0,0.0,0.0,0.0,0.0,0.0,0.0,0.0,6.433626420759168e-05,0.0,0.0,0.0009435985417113446,0.008095646579455286,0.0005575809564657946,0.0010079348059189362,0.008889127171348918,0.00023589963542783616,0.002176710272356852,0.003924512116663092,0.015773107441561227,0.008546000428908428,0.01776753163199657,0.013049538923439845,0.021938666094788763,0.01949388805490028,0.05434269783401244,0.042987347201372504,0.05398884838087068,0.05708771177353635,0.03718636071198799,0.06549431696332833,0.06746729573236114,0.05961827149903495,0.07075916791764958,0.08346558009864893,0.014893845164057474,0.029959253699335192,0.06678104224748016,0.02178854814497105,0.04868110658374437,0.042633497748230754,0.029562513403388377,0.005940381728500965,0.009307312888698262,0.004557152048037744,0.0049753377653870895,0.0013510615483594253,0.003763671456144113,3.216813210379584e-05,0.000611194509972121,0.00030023589963542783,0.0,0.0,0.0,0.0,0.0,0.0,0.0,0.0,0.0,0.0,0.0,0.0,0.0,0.0,0.0,0.0,0.0,0.0,0.0,0.0,0.0,0.0,0.0,0.0,0.0,0.0,0.0,0.0,0.0,0.0,0.0,0.0,0.0,0.0,0.0,0.0,0.0,0.0,0.0,0.0,0.0,nan,nan,4.192092257001647,2.8622988315415,nan,0.9313812857819471,0.023067614344960644,0.0,0.0,0.0,0.0,0.0,0.0,0.0,0.0,0.0,0.0,0.0,0.0,0.0,0.0,0.0,0.0,0.0,0.0,0.0,0.0,0.0,0.0,0.0,0.0,0.0,0.0992145514675486,2.5547747002893764,13.418768085985947,12.017362546506824,1.9098801157503105,0.9311131842952362,0.023820509695373266,0.0,0.0,0.0,0.0,0.0,0.0,0.0,0.0,0.0,0.0,0.0,0.0,0.0,0.0,0.0,0.0,0.0,0.0,0.0,0.0,0.0,0.0,0.0,0.0,0.0,0.12032085561497328,2.7005347593582893,13.756684491978612,11.216577540106956,2.205882352941177,0.4043,0.011536,0.0,0.0,0.0,0.0,0.0,0.0,0.0,0.0,0.0,0.0,0.0,10.702769739561788,19.173212071103766,0.12401818933443574,0.0,0.0,0.0,0.0,0.0,0.0,0.0,0.0,0.0,0.0,0.0,0.0,0.0,0.0,0.0,0.0,0.4036,0.01157,0.0,0.0,0.0,0.0,0.0,0.0,0.0,0.0,0.0,0.0,0.013368983957219254,11.14973262032084,18.703208556149736,0.13368983957219255,0.0,0.0,0.0,0.0,0.0,0.0,0.0,0.0,0.0,0.0,0.0,0.0,0.0,0.0,0.0,0.0
88100,4889,2586,0.5289425240335447,1284,977,0.46246676211904275,1328,0.543260380445899,0.4240000000000001,2.9396439426834564,3.1446948556485452,6.70096463022508,2.1779291254024566,9561.48435262835,1612.2920566118469,7853.0,11083.0,11083.0,0.0,7853.0,0.0,27.490079770914296,20.41381951465991,32.30544747081712,18.680815017083532,0.1386786663939456,0.10267948455716916,0.09388422990386582,0.08713438330947024,0.08652076089179792,0.06913479239108201,0.0701574964205359,0.06586213949682962,0.06095316015545101,0.05297606872571078,0.052157905502147675,0.038249130701574964,0.026794845571691553,0.022499488647985275,0.01963591736551442,0.009408877070975659,0.0032726528942524035,0.9306486233120975,0.02345640596080717,0.0,0.0,0.0,0.0,0.0,0.0,0.0,0.0,0.0,0.0,0.0,0.0,0.0,0.0,0.0,0.0,0.0,0.0,0.0,0.0,0.0,0.0,0.0,0.0,0.0,0.1288607077111884,2.687666189404787,13.573327878911845,11.7938228676621,1.8163223563100843,4.145345155161495,2.9815925976816473,nan,nan,nan,4.1293157564344005,2.960650171440183,4.159846547314578,3.0027734796022587,1.0073936682687932,0.4048,0.01156,0.0,0.0,0.0,0.0,0.0,0.0,0.0,0.0,0.0,0.0,0.012272448353446515,10.161587236653698,19.623644917160977,0.2024953978318675,0.0,0.0,0.0,0.0,0.0,0.0,0.0,0.0,0.0,0.0,0.0,0.0,0.0,0.0,0.0,0.0,nan,nan,4.145345155161495,2.9815925976816473,nan,0.4048,0.06247,0.0,0.0,0.0,0.0,0.0,0.0,0.0,0.0,0.0,0.0,0.0,0.0,0.0,0.0,0.0,0.0,0.0,0.0,0.0,9.204336265084884e-05,0.0007568009817958683,0.008396400081816323,0.0002863571282470853,0.0006238494579668644,0.007056657803231745,0.0003170382491307016,0.0018408672530169769,0.003968091634281039,0.0160155451012477,0.008795254653303334,0.017979136837799142,0.011362241767232563,0.02286766209858867,0.019779095929637964,0.05353855594191041,0.04193086520760892,0.05228062998568214,0.057711188382082224,0.0372571077930047,0.06616895070566578,0.06653712415626918,0.05903047658007773,0.07361423604009,0.08178564123542646,0.014921251789732052,0.030987932092452444,0.06953364696256903,0.022806299856821435,0.04763755369196155,0.042278584577623235,0.03078339128656167,0.006156678257312333,0.008539578645939865,0.0053998772755164655,0.004193086520760891,0.0013806504397627327,0.004377173246062589,0.0,0.0003886275311924729,0.0006238494579668644,0.0,0.0,0.0,0.0,0.0,0.0,0.0,0.0,0.0,0.0,0.0,0.0,0.0,0.0,0.0,0.0,0.0,0.0,0.0,0.0,0.0,0.0,0.0,0.0,0.0,0.0,0.0,0.0,0.0,0.0,0.0,0.0,0.0,0.0,0.0,0.0,0.0,0.0,0.0,0.0,0.0,nan,nan,4.145345155161495,2.9815925976816473,nan,0.9306980058239673,0.023557335681897076,0.0,0.0,0.0,0.0,0.0,0.0,0.0,0.0,0.0,0.0,0.0,0.0,0.0,0.0,0.0,0.0,0.0,0.0,0.0,0.0,0.0,0.0,0.0,0.0,0.0,0.1392111368909513,2.714617169373551,13.41067285382831,11.890951276102092,1.8445475638051048,0.9305931725193509,0.023342429021232177,0.0,0.0,0.0,0.0,0.0,0.0,0.0,0.0,0.0,0.0,0.0,0.0,0.0,0.0,0.0,0.0,0.0,0.0,0.0,0.0,0.0,0.0,0.0,0.0,0.0,0.11723838471558838,2.6574033868866698,13.755970473295704,11.684759009986976,1.7846287451150677,0.4048,0.01166,0.0,0.0,0.0,0.0,0.0,0.0,0.0,0.0,0.0,0.0,0.011600928074245943,10.116009280742446,19.5939675174014,0.2784222737819026,0.0,0.0,0.0,0.0,0.0,0.0,0.0,0.0,0.0,0.0,0.0,0.0,0.0,0.0,0.0,0.0,0.4048,0.011444,0.0,0.0,0.0,0.0,0.0,0.0,0.0,0.0,0.0,0.0,0.013026487190620932,10.212765957446795,19.656969170646985,0.11723838471558838,0.0,0.0,0.0,0.0,0.0,0.0,0.0,0.0,0.0,0.0,0.0,0.0,0.0,0.0,0.0,0.0
88200,4886,2561,0.5241506344658207,1158,993,0.44023741301678265,1350,0.5525992632009824,0.4080000000000001,3.0391397849462365,3.1491550858371067,6.751926040061633,2.2062595124174296,9546.0065493246,1613.114992262631,7853.0,11083.0,11083.0,0.0,7853.0,0.0,27.75665165779779,20.96141738998974,32.95347119645495,19.17652459475561,0.145927138763815,0.09721653704461727,0.0988538681948424,0.08350388866148178,0.07900122799836266,0.07265656979124027,0.07245190339746213,0.06446991404011461,0.05382726156365125,0.04748260335652886,0.05075726565697913,0.036839950880065496,0.03581661891117478,0.02742529676627098,0.017191977077363897,0.008595988538681949,0.007981989357347523,0.9315914072392175,0.023474015781089434,0.0,0.0,0.0,0.0,0.0,0.0,0.0,0.0,0.0,0.0,0.0,0.0,0.0,0.0,0.0,0.0,0.0,0.0,0.0,0.0,0.0,0.0,0.0,0.0,0.0,0.09823986901350801,2.4866966844044214,13.354482194023744,11.942284076954566,2.1182971756037663,4.25801282051282,2.894252686829581,nan,nan,nan,4.221799746514575,2.8478940798310184,4.295071335927367,2.9404754618485587,1.0173555340878693,0.405,0.01176,0.0,0.0,0.0,0.0,0.0,0.0,0.0,0.0,0.0,0.0,0.012279983626688501,10.106426524764618,19.69095374539501,0.19033974621367175,0.0,0.0,0.0,0.0,0.0,0.0,0.0,0.0,0.0,0.0,0.0,0.0,0.0,0.0,0.0,0.0,nan,nan,4.25801282051282,2.894252686829581,nan,0.405,0.063,0.0,0.0,0.0,0.0,0.0,0.0,0.0,0.0,0.0,0.0,0.0,0.0,0.0,0.0,0.0,0.0,0.0,0.0,8.186655751125665e-05,9.209987720016373e-05,0.0009414654113794515,0.010223086369218174,0.0003683995088006549,0.0003376995497339337,0.006938190749079001,0.0003069995906672124,0.0013507981989357347,0.004021694637740483,0.01675194433074089,0.008268522308636922,0.017294310274252968,0.010949652067130578,0.02195047073270569,0.021295538272615638,0.052333196889070815,0.04109701187065084,0.05339746213671715,0.05743962341383545,0.037034383954154725,0.06234138354482194,0.06579001227998363,0.055894392140810475,0.07261563651248465,0.08485468686041751,0.015360212853049528,0.03392345476872698,0.07309660253786328,0.02244167007777323,0.044514940646745806,0.046009005321326235,0.030894392140810478,0.0057306590257879654,0.007613589848546869,0.005270159639787147,0.004799426934097421,0.0009005321326238232,0.004564060581252558,1.0233319688907081e-05,0.00040933278755628325,0.0004911993450675399,0.0,0.0,0.0,0.0,0.0,0.0,0.0,0.0,0.0,0.0,0.0,0.0,0.0,0.0,0.0,0.0,0.0,0.0,0.0,0.0,0.0,0.0,0.0,0.0,0.0,0.0,0.0,0.0,0.0,0.0,0.0,0.0,0.0,0.0,0.0,0.0,0.0,0.0,0.0,0.0,0.0,nan,nan,4.25801282051282,2.894252686829581,nan,0.9311412876120586,0.023294231278699434,0.0,0.0,0.0,0.0,0.0,0.0,0.0,0.0,0.0,0.0,0.0,0.0,0.0,0.0,0.0,0.0,0.0,0.0,0.0,0.0,0.0,0.0,0.0,0.0,0.0,0.08199921905505664,2.6239750097618124,13.447871925029288,11.807887543928157,2.0382663022256935,0.9320872164285311,0.023660560027891676,0.0,0.0,0.0,0.0,0.0,0.0,0.0,0.0,0.0,0.0,0.0,0.0,0.0,0.0,0.0,0.0,0.0,0.0,0.0,0.0,0.0,0.0,0.0,0.0,0.0,0.11612903225806454,2.3354838709677423,13.25161290322581,12.090322580645164,2.2064516129032263,0.4053,0.011635,0.0,0.0,0.0,0.0,0.0,0.0,0.0,0.0,0.0,0.0,0.023428348301444753,9.687622022647389,20.05466614603671,0.2342834830144475,0.0,0.0,0.0,0.0,0.0,0.0,0.0,0.0,0.0,0.0,0.0,0.0,0.0,0.0,0.0,0.0,0.4045,0.01188,0.0,0.0,0.0,0.0,0.0,0.0,0.0,0.0,0.0,0.0,0.0,10.567741935483856,19.290322580645164,0.14193548387096777,0.0,0.0,0.0,0.0,0.0,0.0,0.0,0.0,0.0,0.0,0.0,0.0,0.0,0.0,0.0,0.0
88300,4647,2383,0.5128039595437917,1145,942,0.4491069507208952,1298,0.5586399827845923,0.4080000000000001,3.0119257950530036,3.0472340180188597,6.361607142857143,2.1405695254493167,9509.356789326448,1614.4703825021404,7853.0,11083.0,11083.0,0.0,7853.0,0.0,28.67376802238003,21.099911078977645,33.48590297180594,19.322401804243086,0.13255863998278458,0.09984936518183775,0.09081127609210243,0.08607703894986013,0.07359586830213041,0.07381106089950505,0.07359586830213041,0.06176027544652464,0.06111469765440069,0.052291801162040026,0.05207660856466537,0.04153217129330751,0.0359371637615666,0.02819023025607919,0.016569829997848073,0.012265978050355068,0.00796212610286206,0.9327599738704688,0.023248511839249225,0.0,0.0,0.0,0.0,0.0,0.0,0.0,0.0,0.0,0.0,0.0,0.0,0.0,0.0,0.0,0.0,0.0,0.0,0.0,0.0,0.0,0.0,0.0,0.0,0.0,0.09038089089735316,2.2918011620400263,13.092317624273727,12.330535829567467,2.1949644932214336,4.146078431372549,2.827138726604946,nan,nan,nan,4.1566424322538005,2.8063608873374477,4.13777490297542,2.847078567317297,0.9954608726668486,0.405,0.01198,0.0,0.0,0.0,0.0,0.0,0.0,0.0,0.0,0.0,0.0,0.012911555842479022,10.109748224661057,19.61910910264687,0.25823111684958044,0.0,0.0,0.0,0.0,0.0,0.0,0.0,0.0,0.0,0.0,0.0,0.0,0.0,0.0,0.0,0.0,nan,nan,4.146078431372549,2.827138726604946,nan,0.405,0.06256,0.0,0.0,0.0,0.0,0.0,0.0,0.0,0.0,0.0,0.0,0.0,0.0,0.0,0.0,0.0,0.0,0.0,0.0,0.00010759629868732516,9.683666881859264e-05,0.0008392511297611362,0.00937163761566602,0.0005917796427802884,0.00030126963632451045,0.006939961265332473,0.00016139444803098772,0.0011082418764794492,0.0044114482461803314,0.01672046481601033,0.008015924252205724,0.017430600387346677,0.011900150634818162,0.019786959328599096,0.020540133419410373,0.0521842048633527,0.03982139014417904,0.055057026038304285,0.06094254357650097,0.038390359371637615,0.06004949429739617,0.06519259737465032,0.056692489778351625,0.07221863567893265,0.08663653970303421,0.015235635894125242,0.03391435334624489,0.07157305788680869,0.02270281902302561,0.04558855175381967,0.04729933290294814,0.029018721755971595,0.004992468259091888,0.007693135356143748,0.0058317193888530235,0.004400688616311599,0.0007962126102862061,0.004529804174736389,0.0,0.00038734667527437055,0.0005272218635678932,0.0,0.0,0.0,0.0,0.0,0.0,0.0,0.0,0.0,0.0,0.0,0.0,0.0,0.0,0.0,0.0,0.0,0.0,0.0,0.0,0.0,0.0,0.0,0.0,0.0,0.0,0.0,0.0,0.0,0.0,0.0,0.0,0.0,0.0,0.0,0.0,0.0,0.0,0.0,0.0,0.0,nan,nan,4.146078431372549,2.827138726604946,nan,0.9328153369759893,0.023403522994090122,0.0,0.0,0.0,0.0,0.0,0.0,0.0,0.0,0.0,0.0,0.0,0.0,0.0,0.0,0.0,0.0,0.0,0.0,0.0,0.0,0.0,0.0,0.0,0.0,0.0,0.12589173310952584,2.328997062526228,12.903902643726399,12.261854804867816,2.379353755770038,0.9327017007783951,0.0230840852011683,0.0,0.0,0.0,0.0,0.0,0.0,0.0,0.0,0.0,0.0,0.0,0.0,0.0,0.0,0.0,0.0,0.0,0.0,0.0,0.0,0.0,0.0,0.0,0.0,0.0,0.05300353356890461,2.2526501766784457,13.29063604240283,12.402826855123678,2.000883392226149,0.405,0.01208,0.0,0.0,0.0,0.0,0.0,0.0,0.0,0.0,0.0,0.0,0.012589173310952584,10.285354595048243,19.45027276542174,0.2517834662190517,0.0,0.0,0.0,0.0,0.0,0.0,0.0,0.0,0.0,0.0,0.0,0.0,0.0,0.0,0.0,0.0,0.4053,0.01186,0.0,0.0,0.0,0.0,0.0,0.0,0.0,0.0,0.0,0.0,0.013250883392226152,9.92491166077737,19.796819787985868,0.265017667844523,0.0,0.0,0.0,0.0,0.0,0.0,0.0,0.0,0.0,0.0,0.0,0.0,0.0,0.0,0.0,0.0
88400,4513,2324,0.5149567914912475,1121,917,0.4515843119875914,1286,0.5699091513405716,0.4080000000000001,2.9968021927820923,3.0598549767040013,6.433587786259542,2.0884491739607256,9516.31043651673,1614.2772691590387,7853.0,11083.0,11083.0,0.0,7853.0,0.0,28.707068468867714,21.107685789902188,33.55075876504448,19.2952605107797,0.13582982495014403,0.09439397296698426,0.08486594283181918,0.09107024152448483,0.07954797252382008,0.07245734544648792,0.07467316640815422,0.061599822734323066,0.05938400177265677,0.05406603146465765,0.04874806115665854,0.039663195213826725,0.03567471748282739,0.029913582982495013,0.01750498559716375,0.013294925769997783,0.007312209173498781,0.9331008615341626,0.023159534434220766,0.0,0.0,0.0,0.0,0.0,0.0,0.0,0.0,0.0,0.0,0.0,0.0,0.0,0.0,0.0,0.0,0.0,0.0,0.0,0.0,0.0,0.0,0.0,0.0,0.0,0.07312209173498782,2.187015289164636,12.783071127852873,12.862840682472859,2.0939508087746512,4.235510887772194,2.8710672378145916,nan,nan,nan,4.2395209580838324,2.9180162210071914,4.233625928426739,2.8223528321165565,0.9986095057164766,0.4053,0.011955,0.0,0.0,0.0,0.0,0.0,0.0,0.0,0.0,0.0,0.0,0.0,9.891424772878336,19.8360292488367,0.27254597828495464,0.0,0.0,0.0,0.0,0.0,0.0,0.0,0.0,0.0,0.0,0.0,0.0,0.0,0.0,0.0,0.0,nan,nan,4.235510887772194,2.8710672378145916,nan,0.4053,0.06274,0.0,0.0,0.0,0.0,0.0,0.0,0.0,0.0,0.0,0.0,0.0,0.0,0.0,0.0,0.0,0.0,0.0,0.0,1.1079104808331486e-05,0.00023266120097496123,0.0005096388211832484,0.00909594504764015,0.0005317970307999113,0.00014402836250830932,0.007489474850432085,0.0002437403057832927,0.001141147795258143,0.004863727010857522,0.015832040771105695,0.008242853977398627,0.01804786173277199,0.011511189895856415,0.01923332594726346,0.0213937513848881,0.053124307555949477,0.04010635940615998,0.056968756924440506,0.058674939064923555,0.03927542654553512,0.05925105251495679,0.06426988699313095,0.056669621094615555,0.06964325282517173,0.08793485486372701,0.01571017061821405,0.03263904276534456,0.06958785730113007,0.023587414136937736,0.04611123421227565,0.04885885220474186,0.02869488145357855,0.00536228672723244,0.007367604697540438,0.00625969421670729,0.004653224019499224,0.0008863283846665189,0.0049966762685575,0.0,0.00044316419233325947,0.00039884777309993354,0.0,0.0,0.0,0.0,0.0,0.0,0.0,0.0,0.0,0.0,0.0,0.0,0.0,0.0,0.0,0.0,0.0,0.0,0.0,0.0,0.0,0.0,0.0,0.0,0.0,0.0,0.0,0.0,0.0,0.0,0.0,0.0,0.0,0.0,0.0,0.0,0.0,0.0,0.0,0.0,0.0,nan,nan,4.235510887772194,2.8710672378145916,nan,0.9333464347351849,0.02336020431285508,0.0,0.0,0.0,0.0,0.0,0.0,0.0,0.0,0.0,0.0,0.0,0.0,0.0,0.0,0.0,0.0,0.0,0.0,0.0,0.0,0.0,0.0,0.0,0.0,0.0,0.07745266781411361,2.259036144578314,12.573149741824444,12.934595524956974,2.155765920826162,0.9328401433435843,0.022941691537805065,0.0,0.0,0.0,0.0,0.0,0.0,0.0,0.0,0.0,0.0,0.0,0.0,0.0,0.0,0.0,0.0,0.0,0.0,0.0,0.0,0.0,0.0,0.0,0.0,0.0,0.06852444038373688,2.1105527638190957,13.00593878483326,12.786660575605303,2.0283234353586117,0.4053,0.01196,0.0,0.0,0.0,0.0,0.0,0.0,0.0,0.0,0.0,0.0,0.0,9.913941480206526,19.802065404475048,0.2839931153184166,0.0,0.0,0.0,0.0,0.0,0.0,0.0,0.0,0.0,0.0,0.0,0.0,0.0,0.0,0.0,0.0,0.4053,0.01195,0.0,0.0,0.0,0.0,0.0,0.0,0.0,0.0,0.0,0.0,0.0,9.867519415258094,19.872087711283694,0.26039287345820017,0.0,0.0,0.0,0.0,0.0,0.0,0.0,0.0,0.0,0.0,0.0,0.0,0.0,0.0,0.0,0.0
88500,4637,2377,0.5126159154625836,1114,953,0.44576234634461936,1316,0.5676083674789735,0.38800000000000007,2.95929203539823,3.059603686758313,6.468944099378882,2.134593391535184,9508.749406944145,1614.4858270773705,7853.0,11083.0,11083.0,0.0,7853.0,0.0,28.10308389044641,21.059763414801697,33.121656378600825,19.298283046222792,0.13996118179857667,0.10265257709726117,0.09079145999568687,0.085615699805909,0.07483286607720509,0.08151822298900151,0.06577528574509381,0.06555962907051974,0.05671770541298253,0.05477679534181583,0.044856588311408235,0.03881820142333405,0.03256415786068579,0.025231830925167134,0.019840414060815183,0.014664653871037308,0.005822730213500108,0.9335285957861698,0.023349607438135085,0.0,0.0,0.0,0.0,0.0,0.0,0.0,0.0,0.0,0.0,0.0,0.0,0.0,0.0,0.0,0.0,0.0,0.0,0.0,0.0,0.0,0.0,0.0,0.0,0.0,0.05175760189777875,2.244985982316153,12.674142764718571,12.499460858313569,2.5296527927539363,4.293467336683417,2.870920606705301,nan,nan,nan,4.346440677966101,2.8931208664996717,4.240556660039761,2.8487005318128253,0.9756389133611992,0.4053,0.0119,0.0,0.0,0.0,0.0,0.0,0.0,0.0,0.0,0.0,0.0,0.01940910071166703,9.969808065559615,19.758464524477034,0.25231830925167137,0.0,0.0,0.0,0.0,0.0,0.0,0.0,0.0,0.0,0.0,0.0,0.0,0.0,0.0,0.0,0.0,nan,nan,4.293467336683417,2.870920606705301,nan,0.4053,0.06256,0.0,0.0,0.0,0.0,0.0,0.0,0.0,0.0,0.0,0.0,0.0,0.0,0.0,0.0,0.0,0.0,0.0,0.0,0.0,0.0002480051757601898,0.0002587880094888937,0.008841923657537202,0.0005175760189777874,0.00010782833728703904,0.008108690963985336,0.0002911365106750054,0.0007224498598231616,0.0056933362087556606,0.013219754151390985,0.007731291783480699,0.020228596075048524,0.011009273237006685,0.01925814103946517,0.02276256200129394,0.04987060599525555,0.03920638343756739,0.05794694845805478,0.06255121846021135,0.04098555100280354,0.05761268061246495,0.06644382143627345,0.05543454819926677,0.06783480698727626,0.08546474013370714,0.014341168859176192,0.033405218891524695,0.07435842139314212,0.025264179426353246,0.043336208755660986,0.046279922363597154,0.029501833081733878,0.0058442958809575155,0.006890230752641794,0.006965710588742721,0.00461505283588527,0.0006901013586370498,0.005520810869096398,0.0,0.00021565667457407807,0.00042053051541945225,0.0,0.0,0.0,0.0,0.0,0.0,0.0,0.0,0.0,0.0,0.0,0.0,0.0,0.0,0.0,0.0,0.0,0.0,0.0,0.0,0.0,0.0,0.0,0.0,0.0,0.0,0.0,0.0,0.0,0.0,0.0,0.0,0.0,0.0,0.0,0.0,0.0,0.0,0.0,0.0,0.0,nan,nan,4.293467336683417,2.870920606705301,nan,0.9336097060656117,0.023115441089661605,0.0,0.0,0.0,0.0,0.0,0.0,0.0,0.0,0.0,0.0,0.0,0.0,0.0,0.0,0.0,0.0,0.0,0.0,0.0,0.0,0.0,0.0,0.0,0.0,0.0,0.025241901556583936,2.196045435422802,12.986958350862436,12.31804795961296,2.4737063525452254,0.9334432864347391,0.023593088103485815,0.0,0.0,0.0,0.0,0.0,0.0,0.0,0.0,0.0,0.0,0.0,0.0,0.0,0.0,0.0,0.0,0.0,0.0,0.0,0.0,0.0,0.0,0.0,0.0,0.0,0.07964601769911506,2.296460176991151,12.345132743362836,12.690265486725666,2.5884955752212395,0.4053,0.01202,0.0,0.0,0.0,0.0,0.0,0.0,0.0,0.0,0.0,0.0,0.0,10.058897770298682,19.6381994110223,0.3029028186790072,0.0,0.0,0.0,0.0,0.0,0.0,0.0,0.0,0.0,0.0,0.0,0.0,0.0,0.0,0.0,0.0,0.4055,0.01178,0.0,0.0,0.0,0.0,0.0,0.0,0.0,0.0,0.0,0.0,0.03982300884955753,9.876106194690252,19.88495575221239,0.19911504424778767,0.0,0.0,0.0,0.0,0.0,0.0,0.0,0.0,0.0,0.0,0.0,0.0,0.0,0.0,0.0,0.0
88600,4333,2279,0.5259635356565889,1014,883,0.4378029079159935,1217,0.5617355181167782,0.4240000000000001,3.072541382667965,3.1160756764267363,6.537437603993345,2.2466124078261887,9551.862220170782,1612.8211705046617,7853.0,11083.0,11083.0,0.0,7853.0,0.0,28.35310408492961,21.392336665836126,33.742213570634036,19.49487277492626,0.1497807523655666,0.0964689591507039,0.09000692360950842,0.07800600046157397,0.0782367874451881,0.07177475190399261,0.06600507731363951,0.06508192937918302,0.0611585506577429,0.05423494114931918,0.04500346180475421,0.04408031387029771,0.03231017770597738,0.026309716132010153,0.020078467574428802,0.012924071082390954,0.008539118393722595,0.9332489406652602,0.023198477132260222,0.0,0.0,0.0,0.0,0.0,0.0,0.0,0.0,0.0,0.0,0.0,0.0,0.0,0.0,0.0,0.0,0.0,0.0,0.0,0.0,0.0,0.0,0.0,0.0,0.0,0.09693053311793218,2.1947842141703213,12.753288714516504,12.711747057465962,2.243249480729287,4.352729885057471,2.890955180917269,nan,nan,nan,4.365552325581396,2.900121185849114,4.343283582089552,2.8806135863504694,0.9948989860088602,0.4055,0.01198,0.0,0.0,0.0,0.0,0.0,0.0,0.0,0.0,0.0,0.0,0.013847219016847453,9.72767135933532,19.953842603277177,0.30463881837064394,0.0,0.0,0.0,0.0,0.0,0.0,0.0,0.0,0.0,0.0,0.0,0.0,0.0,0.0,0.0,0.0,nan,nan,4.352729885057471,2.890955180917269,nan,0.4055,0.0628,0.0,0.0,0.0,0.0,0.0,0.0,0.0,0.0,0.0,0.0,0.0,0.0,0.0,0.0,0.0,0.0,0.0,0.0,0.0,0.0006231248557581352,0.00024232633279483036,0.008804523424878837,0.0006115855065774291,5.7696745903531043e-05,0.007742903300253866,0.00033464112624048003,0.000553888760673898,0.005331179321486268,0.012624048003692592,0.00721209323794138,0.01938610662358643,0.010754673436418186,0.021105469651511655,0.024001846295868913,0.04988460650819294,0.03934918070620817,0.05863143318716824,0.06587814447265174,0.03827602123240249,0.056646665128086776,0.06241633971843988,0.053623355642741746,0.07162474036464343,0.0853219478421417,0.01576275098084468,0.03207939072236326,0.07414031848603739,0.024948072928686824,0.04394184168012924,0.0451650126932841,0.030625432725594277,0.005942764828063697,0.006438956842834064,0.007108239095315024,0.005388876067389799,0.0008769905377336718,0.005908146780521578,0.0,0.00020770828525271175,0.0004269559196861297,0.0,0.0,0.0,0.0,0.0,0.0,0.0,0.0,0.0,0.0,0.0,0.0,0.0,0.0,0.0,0.0,0.0,0.0,0.0,0.0,0.0,0.0,0.0,0.0,0.0,0.0,0.0,0.0,0.0,0.0,0.0,0.0,0.0,0.0,0.0,0.0,0.0,0.0,0.0,0.0,0.0,nan,nan,4.352729885057471,2.890955180917269,nan,0.9337648878813104,0.023287877569771364,0.0,0.0,0.0,0.0,0.0,0.0,0.0,0.0,0.0,0.0,0.0,0.0,0.0,0.0,0.0,0.0,0.0,0.0,0.0,0.0,0.0,0.0,0.0,0.0,0.0,0.09214567792891622,2.1456779289161916,12.426502852128129,13.16366827555946,2.1720052654673108,0.9326764753753974,0.02308538748426448,0.0,0.0,0.0,0.0,0.0,0.0,0.0,0.0,0.0,0.0,0.0,0.0,0.0,0.0,0.0,0.0,0.0,0.0,0.0,0.0,0.0,0.0,0.0,0.0,0.0,0.10223953261927948,2.2492697176241485,13.115871470301853,12.210321324245378,2.322297955209348,0.4055,0.01205,0.0,0.0,0.0,0.0,0.0,0.0,0.0,0.0,0.0,0.0,0.013163668275559459,9.675296182536187,19.98244844229926,0.3290917068889864,0.0,0.0,0.0,0.0,0.0,0.0,0.0,0.0,0.0,0.0,0.0,0.0,0.0,0.0,0.0,0.0,0.4058,0.01192,0.0,0.0,0.0,0.0,0.0,0.0,0.0,0.0,0.0,0.0,0.014605647517039926,9.785783836416734,19.92210321324246,0.2775073028237586,0.0,0.0,0.0,0.0,0.0,0.0,0.0,0.0,0.0,0.0,0.0,0.0,0.0,0.0,0.0,0.0
88700,4454,2319,0.520655590480467,1111,915,0.4548720251459362,1248,0.5603951504265828,0.4040000000000001,2.948009367681499,3.103313107546831,6.647157190635451,2.1886565904552677,9534.717557251908,1613.621320990256,7853.0,11083.0,11083.0,0.0,7853.0,0.0,28.204086214638526,20.630734010631894,32.931107578166404,18.851806023487445,0.13336326897171083,0.09362370902559497,0.09721598563089358,0.08688819039066008,0.07925460260440054,0.08037718904355635,0.06870229007633588,0.0655590480466996,0.0570273911091154,0.05612932195779075,0.047373147732375394,0.040862146385271664,0.03502469690166143,0.025819488100583744,0.019083969465648856,0.009654243376740009,0.004041311180960934,0.9313907776250399,0.023355081139658777,0.0,0.0,0.0,0.0,0.0,0.0,0.0,0.0,0.0,0.0,0.0,0.0,0.0,0.0,0.0,0.0,0.0,0.0,0.0,0.0,0.0,0.0,0.0,0.0,0.0,0.10103277952402337,2.5527615626403235,13.65963179164796,11.692860350246972,1.9937135159407278,4.2119546547578155,2.9310303970788056,nan,nan,nan,4.297315436241611,2.972049804670099,4.122448979591836,2.88468179811753,0.9593079774467962,0.4067,0.01156,0.0,0.0,0.0,0.0,0.0,0.0,0.0,0.0,0.0,0.0,0.006735518634934891,8.554108666367297,21.23709025594971,0.20206555904804674,0.0,0.0,0.0,0.0,0.0,0.0,0.0,0.0,0.0,0.0,0.0,0.0,0.0,0.0,0.0,0.0,nan,nan,4.2119546547578155,2.9310303970788056,nan,0.4067,0.06247,0.0,0.0,0.0,0.0,0.0,0.0,0.0,0.0,0.0,0.0,0.0,0.0,0.0,0.0,0.0,0.0,0.0,0.0,0.0,0.0006174225415356983,0.0005163897620116749,0.008744948361023798,0.0004939380332285585,0.0,0.0060844185002245175,0.0002918724741805119,0.0007072294566681634,0.005029187247418051,0.012123933542882801,0.006926358329591378,0.0188033228558599,0.010350246969016614,0.021531207903008533,0.021497530309833857,0.047653794342164345,0.03947013920071846,0.057352941176470586,0.06632240682532554,0.03844858554108666,0.05704984283789852,0.06215761113605748,0.055601706331387515,0.0756960035922766,0.0841490794791199,0.01618769645262685,0.03199371351594073,0.07541535698248765,0.0251347103726987,0.04316344858554109,0.043399191737763805,0.0320273911091154,0.006050740907049843,0.007521329142343961,0.007622361921867984,0.006061966771441401,0.0010215536596317916,0.006275258194881006,3.367759317467445e-05,6.73551863493489e-05,0.0003816793893129771,0.0,2.24517287831163e-05,0.0,0.0,0.0,0.0,0.0,0.0,0.0,0.0,0.0,0.0,0.0,0.0,0.0,0.0,0.0,0.0,0.0,0.0,0.0,0.0,0.0,0.0,0.0,0.0,0.0,0.0,0.0,0.0,0.0,0.0,0.0,0.0,0.0,0.0,0.0,0.0,0.0,0.0,0.0,nan,nan,4.2119546547578155,2.9310303970788056,nan,0.9311452820260959,0.023519230864996795,0.0,0.0,0.0,0.0,0.0,0.0,0.0,0.0,0.0,0.0,0.0,0.0,0.0,0.0,0.0,0.0,0.0,0.0,0.0,0.0,0.0,0.0,0.0,0.0,0.0,0.11642949547218631,2.5355756791720574,13.725743855109965,11.60413971539457,2.018111254851229,0.9316574306901222,0.02317252077752199,0.0,0.0,0.0,0.0,0.0,0.0,0.0,0.0,0.0,0.0,0.0,0.0,0.0,0.0,0.0,0.0,0.0,0.0,0.0,0.0,0.0,0.0,0.0,0.0,0.0,0.08430913348946137,2.571428571428572,13.587822014051525,11.78922716627635,1.9672131147540988,0.407,0.011536,0.0,0.0,0.0,0.0,0.0,0.0,0.0,0.0,0.0,0.0,0.0,8.499353169469586,21.306597671410096,0.19404915912031054,0.0,0.0,0.0,0.0,0.0,0.0,0.0,0.0,0.0,0.0,0.0,0.0,0.0,0.0,0.0,0.0,0.4065,0.01159,0.0,0.0,0.0,0.0,0.0,0.0,0.0,0.0,0.0,0.0,0.014051522248243563,8.61358313817329,21.161592505854806,0.21077283372365344,0.0,0.0,0.0,0.0,0.0,0.0,0.0,0.0,0.0,0.0,0.0,0.0,0.0,0.0,0.0,0.0
88800,4445,2382,0.5358830146231721,1116,852,0.4427446569178853,1198,0.5390326209223847,0.4320000000000001,3.031507513330102,3.201653112420248,6.7634228187919465,2.2155803614409457,9583.902137232846,1610.8357130958013,7853.0,11083.0,11083.0,0.0,7853.0,0.0,28.071541057367828,21.004660953336636,32.973262032085564,19.294490403930908,0.13835770528683913,0.10146231721034871,0.09583802024746907,0.0875140607424072,0.075140607424072,0.07874015748031496,0.06299212598425197,0.06051743532058493,0.05579302587176603,0.05984251968503937,0.048143982002249716,0.04026996625421822,0.031946006749156354,0.024746906636670417,0.021147356580427448,0.010348706411698537,0.007199100112485939,0.9315740596993299,0.02260938404631729,0.0,0.0,0.0,0.0,0.0,0.0,0.0,0.0,0.0,0.0,0.0,0.0,0.0,0.0,0.0,0.0,0.0,0.0,0.0,0.0,0.0,0.0,0.0,0.0,0.0,0.040494938132733416,2.443194600674916,13.39032620922385,12.276715410573681,1.849268841394826,4.18999300209937,2.9688040842473624,nan,nan,nan,4.260342368045649,3.013991982679642,4.124398625429553,2.922890327841463,0.9680908878038228,0.4065,0.01164,0.0,0.0,0.0,0.0,0.0,0.0,0.0,0.0,0.0,0.0,0.00674915635545557,8.584926884139469,21.138357705286843,0.2699662542182228,0.0,0.0,0.0,0.0,0.0,0.0,0.0,0.0,0.0,0.0,0.0,0.0,0.0,0.0,0.0,0.0,nan,nan,4.18999300209937,2.9688040842473624,nan,0.4065,0.0627,0.0,0.0,0.0,0.0,0.0,0.0,0.0,0.0,0.0,0.0,0.0,0.0,0.0,0.0,0.0,0.0,0.0,0.0,0.0,0.0004611923509561305,0.0010348706411698538,0.008998875140607425,0.0004161979752530934,3.374578177727784e-05,0.004758155230596176,0.00032620922384701915,0.0006299212598425197,0.0058717660292463445,0.012980877390326209,0.005703037120359955,0.019617547806524183,0.011518560179977502,0.021968503937007874,0.021631046119235095,0.046287964004499436,0.0415185601799775,0.057221597300337455,0.06643419572553431,0.038672665916760406,0.058020247469066366,0.06357705286839145,0.05465691788526434,0.07289088863892014,0.08111361079865016,0.01546681664791901,0.02843644544431946,0.07809898762654668,0.026816647919010124,0.04541057367829021,0.044758155230596175,0.029392575928009,0.007637795275590551,0.006782902137232846,0.00813273340832396,0.005140607424071991,0.0006636670416197975,0.006411698537682789,4.499437570303712e-05,0.0001237345331833521,0.00020247469066366703,1.124859392575928e-05,7.874015748031496e-05,0.0,0.0,0.0,0.0,4.499437570303712e-05,0.0,0.0,0.0,0.0,0.0,0.0,0.0,0.0,0.0,0.0,0.0,0.0,0.0,0.0,0.0,0.0,0.0,0.0,0.0,0.0,0.0,0.0,0.0,0.0,0.0,0.0,0.0,0.0,0.0,0.0,0.0,0.0,0.0,0.0,nan,nan,4.18999300209937,2.9688040842473624,nan,0.9317551994904263,0.022637510796294114,0.0,0.0,0.0,0.0,0.0,0.0,0.0,0.0,0.0,0.0,0.0,0.0,0.0,0.0,0.0,0.0,0.0,0.0,0.0,0.0,0.0,0.0,0.0,0.0,0.0,0.037783375314861464,2.3803526448362726,13.14861460957179,12.619647355163732,1.8136020151133505,0.9313649104107252,0.022575056625379987,0.0,0.0,0.0,0.0,0.0,0.0,0.0,0.0,0.0,0.0,0.0,0.0,0.0,0.0,0.0,0.0,0.0,0.0,0.0,0.0,0.0,0.0,0.0,0.0,0.0,0.04362578768783326,2.515753756665051,13.66941347552109,11.880756180319924,1.890450799806108,0.4067,0.01158,0.0,0.0,0.0,0.0,0.0,0.0,0.0,0.0,0.0,0.0,0.0,8.564231738035252,21.196473551637286,0.23929471032745597,0.0,0.0,0.0,0.0,0.0,0.0,0.0,0.0,0.0,0.0,0.0,0.0,0.0,0.0,0.0,0.0,0.4062,0.01171,0.0,0.0,0.0,0.0,0.0,0.0,0.0,0.0,0.0,0.0,0.014541929229277755,8.608822103732416,21.071255453223465,0.30538051381483283,0.0,0.0,0.0,0.0,0.0,0.0,0.0,0.0,0.0,0.0,0.0,0.0,0.0,0.0,0.0,0.0
88900,4729,2438,0.5155423979699725,1140,960,0.444068513427786,1307,0.5527595686191584,0.4080000000000001,2.8830205150589263,3.060045781106665,6.510108864696734,2.128341044676912,9518.201945443012,1614.2195528098825,7853.0,11083.0,11083.0,0.0,7853.0,0.0,28.041869316980335,21.02283903335763,32.74456928838951,19.412029517364402,0.13427786001268768,0.10403890886022416,0.09684922816663143,0.08500740114189047,0.08204694438570523,0.07316557411714951,0.06957073377035314,0.060900824698667796,0.06047790230492705,0.05434552759568619,0.045041234933389726,0.03764009304292662,0.029393106364982026,0.02600972721505604,0.021780503277648553,0.010573059843518714,0.00888137026855572,0.9305868018855754,0.023496306251443954,0.0,0.0,0.0,0.0,0.0,0.0,0.0,0.0,0.0,0.0,0.0,0.0,0.0,0.0,0.0,0.0,0.0,0.0,0.0,0.0,0.0,0.0,0.0,0.0,0.0,0.09515753859166845,2.88644533728061,13.6709663776697,11.39987312328188,1.9475576231761476,4.2202439828552585,2.8647313078811303,nan,nan,nan,4.274916387959866,2.8350422321178868,4.168510084580351,2.8927203056101125,0.9751091498118644,0.406,0.0114,0.0,0.0,0.0,0.0,0.0,0.0,0.0,0.0,0.0,0.0,0.0,8.83696341721293,20.89025163882428,0.27278494396278286,0.0,0.0,0.0,0.0,0.0,0.0,0.0,0.0,0.0,0.0,0.0,0.0,0.0,0.0,0.0,0.0,nan,nan,4.2202439828552585,2.8647313078811303,nan,0.406,0.06226,0.0,0.0,0.0,0.0,0.0,0.0,0.0,0.0,0.0,0.0,0.0,0.0,0.0,0.0,0.0,0.0,0.0,0.0,0.0,0.00048636075280186086,0.00106787904419539,0.008574751533093677,0.0007506872488898288,7.4011418904631e-05,0.004176358638189892,0.0003066187354620427,0.0005709452315500106,0.005381687460351026,0.012275322478325227,0.006090082469866779,0.02105096214844576,0.011228589553816875,0.020934658490167055,0.023281877775428207,0.047229858320998096,0.04291604990484246,0.057961514062169595,0.06427363078875026,0.038961725523366464,0.06322689786424192,0.06507718333685769,0.05138507083950095,0.07263692112497357,0.07981602875872278,0.01529921759357158,0.02754282089236625,0.0784732501585959,0.02699302178050328,0.04392049058997674,0.04415309790653415,0.028917318672023684,0.008331571156692747,0.006692746880947346,0.00878621272996405,0.004631000211461197,0.0005497991118629731,0.0055931486572214,3.1719179530556144e-05,0.000148022837809262,0.00020088813702685558,0.0,0.0,0.0,0.0,0.0,0.0,0.0,0.0,0.0,0.0,0.0,0.0,0.0,0.0,0.0,0.0,0.0,0.0,0.0,0.0,0.0,0.0,0.0,0.0,0.0,0.0,0.0,0.0,0.0,0.0,0.0,0.0,0.0,0.0,0.0,0.0,0.0,0.0,0.0,0.0,0.0,nan,nan,4.2202439828552585,2.8647313078811303,nan,0.930125425397812,0.023404879499636103,0.0,0.0,0.0,0.0,0.0,0.0,0.0,0.0,0.0,0.0,0.0,0.0,0.0,0.0,0.0,0.0,0.0,0.0,0.0,0.0,0.0,0.0,0.0,0.0,0.0,0.09844134536505335,2.9163248564397053,14.200164068908945,10.853158326497132,1.9319114027891717,0.9310777821898825,0.02358329873728474,0.0,0.0,0.0,0.0,0.0,0.0,0.0,0.0,0.0,0.0,0.0,0.0,0.0,0.0,0.0,0.0,0.0,0.0,0.0,0.0,0.0,0.0,0.0,0.0,0.0,0.09166302924487126,2.854648625054562,13.10781318201659,11.981667394151028,1.9642077695329554,0.406,0.011604,0.0,0.0,0.0,0.0,0.0,0.0,0.0,0.0,0.0,0.0,0.0,8.810500410172258,20.86956521739131,0.31993437243642336,0.0,0.0,0.0,0.0,0.0,0.0,0.0,0.0,0.0,0.0,0.0,0.0,0.0,0.0,0.0,0.0,0.406,0.011185,0.0,0.0,0.0,0.0,0.0,0.0,0.0,0.0,0.0,0.0,0.0,8.86512439982539,20.912265386294198,0.22261021388040161,0.0,0.0,0.0,0.0,0.0,0.0,0.0,0.0,0.0,0.0,0.0,0.0,0.0,0.0,0.0,0.0
89000,4713,2408,0.510927222575854,1135,984,0.4496074687035858,1342,0.5694886484192658,0.4200000000000001,2.9392624728850327,3.103248367790207,6.616719242902208,2.1475034202773453,9503.294928920008,1614.614278393614,7853.0,11083.0,11083.0,0.0,7853.0,0.0,27.941862932314873,20.997519734929842,32.90851655294415,19.254903198740436,0.1402503713133885,0.10184595798854233,0.0912370040314025,0.09060046679397411,0.07702100572883513,0.07256524506683641,0.07065563335455124,0.06216847018883938,0.05813706768512625,0.05346912794398472,0.044769785699130066,0.04073838319541693,0.03225122002970507,0.027158922130277954,0.021005728835136857,0.009548058561425843,0.006577551453426692,0.9300690883414497,0.02323509360711941,0.0,0.0,0.0,0.0,0.0,0.0,0.0,0.0,0.0,0.0,0.0,0.0,0.0,0.0,0.0,0.0,0.0,0.0,0.0,0.0,0.0,0.0,0.0,0.0,0.0,0.09548058561425846,2.7943984723106308,13.70464672183323,11.648631444939532,1.7568427753023557,4.268268597761685,2.873590967241612,nan,nan,nan,4.252293577981652,2.8750596292724535,4.284391534391534,2.872017850663799,1.0075483867285375,0.4058,0.01173,0.0,0.0,0.0,0.0,0.0,0.0,0.0,0.0,0.0,0.0,0.0,9.605346912794385,20.12730744748568,0.26734563971992364,0.0,0.0,0.0,0.0,0.0,0.0,0.0,0.0,0.0,0.0,0.0,0.0,0.0,0.0,0.0,0.0,nan,nan,4.268268597761685,2.873590967241612,nan,0.4058,0.06204,0.0,0.0,0.0,0.0,0.0,0.0,0.0,0.0,0.0,0.0,0.0,0.0,0.0,0.0,0.0,0.0,2.1217907914279653e-05,0.0,0.0,0.00041374920432845323,0.0011669849352853809,0.008465945257797581,0.0008805431784426055,0.0001273074474856779,0.004561850201570125,0.0002015701251856567,0.0004986208359855719,0.00489072777424146,0.01217907914279652,0.00549543814979843,0.02198175259919372,0.01093783152981116,0.02025249310417993,0.021727137704222365,0.05267345639719924,0.04021854445151708,0.05792488860598345,0.06568003394865267,0.037916401442817736,0.06394016549968173,0.06857627837895183,0.04993634627625716,0.07153617653299385,0.0783152981116062,0.016910672607680883,0.02873965626989179,0.0774347549331636,0.026522384892849565,0.042435815828559306,0.04422872904731594,0.030161256100148526,0.008317419902397623,0.006259282834712498,0.008243157224697645,0.004148100997241672,0.0005198387438998514,0.005166560577127095,0.0,5.304476978569913e-05,0.00033948652662847445,0.0,0.0,0.0,0.0,0.0,0.0,0.0,0.0,0.0,0.0,0.0,0.0,0.0,0.0,0.0,0.0,0.0,0.0,0.0,0.0,0.0,0.0,0.0,0.0,0.0,0.0,0.0,0.0,0.0,0.0,0.0,0.0,0.0,0.0,0.0,0.0,0.0,0.0,0.0,0.0,0.0,nan,nan,4.268268597761685,2.873590967241612,nan,0.9301063278782803,0.02312630426473294,0.0,0.0,0.0,0.0,0.0,0.0,0.0,0.0,0.0,0.0,0.0,0.0,0.0,0.0,0.0,0.0,0.0,0.0,0.0,0.0,0.0,0.0,0.0,0.0,0.0,0.062292358803986723,2.852990033222592,13.779069767441863,11.561461794019937,1.7441860465116283,0.9300301847385481,0.023348139443115593,0.0,0.0,0.0,0.0,0.0,0.0,0.0,0.0,0.0,0.0,0.0,0.0,0.0,0.0,0.0,0.0,0.0,0.0,0.0,0.0,0.0,0.0,0.0,0.0,0.0,0.13015184381778744,2.7331887201735365,13.626898047722346,11.739696312364428,1.7700650759219092,0.4058,0.0118,0.0,0.0,0.0,0.0,0.0,0.0,0.0,0.0,0.0,0.0,0.0,9.480897009966764,20.282392026578076,0.23671096345514955,0.0,0.0,0.0,0.0,0.0,0.0,0.0,0.0,0.0,0.0,0.0,0.0,0.0,0.0,0.0,0.0,0.4055,0.01166,0.0,0.0,0.0,0.0,0.0,0.0,0.0,0.0,0.0,0.0,0.0,9.735357917570484,19.965292841648594,0.29934924078091113,0.0,0.0,0.0,0.0,0.0,0.0,0.0,0.0,0.0,0.0,0.0,0.0,0.0,0.0,0.0,0.0
89100,4937,2571,0.5207615961109986,1212,989,0.4458172979542232,1386,0.5614745797042738,0.4000000000000001,2.91927303465765,3.029970131560477,6.404129793510324,2.2259095242826668,9535.059955438526,1613.6071276418504,7853.0,11083.0,11083.0,0.0,7853.0,0.0,27.96556613327932,20.868008987860126,32.852636648206115,19.14902720420789,0.13814057119708326,0.09965566133279319,0.09236378367429614,0.08750253190196476,0.08750253190196476,0.07089325501316589,0.07210856795624873,0.05975288636823982,0.05752481263925461,0.04820741340895281,0.05084059145229897,0.04071298359327527,0.031193032205792993,0.02916751063398825,0.016406724731618392,0.01073526433056512,0.007291877658497063,0.9287101819323508,0.02313278319023116,0.0,0.0,0.0,0.0,0.0,0.0,0.0,0.0,0.0,0.0,0.0,0.0,0.0,0.0,0.0,0.0,0.0,0.0,0.0,0.0,0.0,0.0,0.0,0.0,0.0060765647154142205,0.08507190601579909,3.1780433461616373,14.364998987239217,10.877050840591455,1.488758355276484,4.2455919395466,2.8700024073811017,nan,nan,nan,4.334591194968554,2.848589796125293,4.1545741324921135,2.8885861907536863,0.9584696562191614,0.4058,0.01171,0.0,0.0,0.0,0.0,0.0,0.0,0.0,0.0,0.0,0.0,0.012153129430828441,9.278914320437499,20.453716832084268,0.25521571804739723,0.0,0.0,0.0,0.0,0.0,0.0,0.0,0.0,0.0,0.0,0.0,0.0,0.0,0.0,0.0,0.0,nan,nan,4.2455919395466,2.8700024073811017,nan,0.4058,0.06195,0.0,0.0,0.0,0.0,0.0,0.0,0.0,0.0,0.0,0.0,0.0,0.0,0.0,0.0,0.0,0.0,2.0255215718047397e-05,0.0,0.0,0.0004861251772331375,0.0011444196880696779,0.00840591452298967,0.0012862061980960097,5.0638039295118495e-05,0.0045675511444196884,0.00010127607859023699,0.00028357302005266354,0.0045776787522787115,0.012213895077982581,0.005256228478833299,0.02155154952400243,0.010927688879886571,0.020721085679562486,0.02206805752481264,0.05437512659509824,0.039092566335831476,0.05703868746202147,0.06528256025926676,0.03736074539193843,0.06473566943487948,0.06455337249341705,0.050729187765849705,0.07314158395786916,0.07904597933967997,0.017044764026736884,0.030828438322868138,0.0757241239619202,0.02658497062993721,0.04267773951792587,0.04591857403281345,0.028630747417459995,0.009570589426777396,0.006147457970427385,0.008355276483694551,0.00416244683005874,0.00046586996151509014,0.004638444399432854,0.0,4.051043143609479e-05,0.00019242454932145027,0.0,0.0,0.0,0.0,0.0,0.0,0.0,0.0,0.0,0.0,0.0,0.0,0.0,0.0,0.0,0.0,0.0,0.0,0.0,0.0,0.0,0.0,0.0,0.0,0.0,0.0,0.0,0.0,0.0,0.0,0.0,0.0,0.0,0.0,0.0,0.0,0.0,0.0,0.0,0.0,0.0,nan,nan,4.2455919395466,2.8700024073811017,nan,0.9285499581980918,0.023512777215859613,0.0,0.0,0.0,0.0,0.0,0.0,0.0,0.0,0.0,0.0,0.0,0.0,0.0,0.0,0.0,0.0,0.0,0.0,0.0,0.0,0.0,0.0,0.0,0.0,0.01166861143523921,0.10501750291715288,3.360560093348892,14.095682613768965,10.9218203033839,1.505250875145858,0.9288842881118858,0.02271137699168621,0.0,0.0,0.0,0.0,0.0,0.0,0.0,0.0,0.0,0.0,0.0,0.0,0.0,0.0,0.0,0.0,0.0,0.0,0.0,0.0,0.0,0.0,0.0,0.0,0.0,0.06339814032121725,2.979712595097211,14.65765004226543,10.828402366863909,1.4708368554522404,0.4058,0.01176,0.0,0.0,0.0,0.0,0.0,0.0,0.0,0.0,0.0,0.0,0.02333722287047842,9.089848308051328,20.723453908984837,0.16336056009334893,0.0,0.0,0.0,0.0,0.0,0.0,0.0,0.0,0.0,0.0,0.0,0.0,0.0,0.0,0.0,0.0,0.4058,0.01165,0.0,0.0,0.0,0.0,0.0,0.0,0.0,0.0,0.0,0.0,0.0,9.484361792054086,20.160608622147087,0.35502958579881666,0.0,0.0,0.0,0.0,0.0,0.0,0.0,0.0,0.0,0.0,0.0,0.0,0.0,0.0,0.0,0.0
89200,4783,2423,0.506585824796153,1119,975,0.4378005435918879,1335,0.558227054150115,0.4320000000000001,2.9521186440677964,3.1330380965984346,6.6390625,2.2505636229828627,9489.272214091574,1614.8598988480833,7853.0,11083.0,11083.0,0.0,7853.0,0.0,27.124398912816226,20.850487658425674,32.46502787633046,19.06093460563456,0.15408739284967593,0.10850930378423583,0.08948358770646038,0.08258415220572862,0.07735730712941669,0.07317583106836713,0.07213046205310475,0.0623039933096383,0.05498641020280159,0.05561363161195902,0.047041605686807444,0.03596069412502614,0.029897553836504286,0.02132552791135271,0.017353125653355634,0.012126280577043697,0.006063140288521849,0.9282495251340944,0.023284992995349897,0.0,0.0,0.0,0.0,0.0,0.0,0.0,0.0,0.0,0.0,0.0,0.0,0.0,0.0,0.0,0.0,0.0,0.0,0.0,0.0,0.0,0.0,0.0,0.0,0.0,0.15053313819778383,3.198829186702907,14.20656491741585,10.92619694752248,1.5178758101609873,4.340120160213618,2.8397578802905605,nan,nan,nan,4.389584706657877,2.801821076314784,4.289384719405003,2.8772666744591326,0.9771732421290569,0.406,0.01149,0.0,0.0,0.0,0.0,0.0,0.0,0.0,0.0,0.0,0.0,0.006272214091574327,9.351871210537306,20.409784653982857,0.2320719213882501,0.0,0.0,0.0,0.0,0.0,0.0,0.0,0.0,0.0,0.0,0.0,0.0,0.0,0.0,0.0,0.0,nan,nan,4.340120160213618,2.8397578802905605,nan,0.406,0.06165,0.0,0.0,0.0,0.0,0.0,0.0,0.0,0.0,0.0,0.0,0.0,0.0,0.0,0.0,0.0,0.0,0.0,0.0,0.0,0.00040769391595233117,0.0011080911561781308,0.008227054150114991,0.0011603596069412502,0.0002090738030524775,0.0037215136943341,1.0453690152623876e-05,0.00037633284549445955,0.005300020907380305,0.012042651055822706,0.004505540455780891,0.022569517039514948,0.011101818942086556,0.020071085093037844,0.021670499686389295,0.05310474597532929,0.03848003345180849,0.05941877482751411,0.06415429646665273,0.03911770855111855,0.0644051850303157,0.06718586661091365,0.051526238762283086,0.0720259251515785,0.0782354171022371,0.016872255906334937,0.031779218063976586,0.07597742002927033,0.029113527075057495,0.03924315283295003,0.04379050804934142,0.02909261969475225,0.009857829813924315,0.005331381977838177,0.008446581643320092,0.004495086765628267,0.0009512858038887728,0.004641438427765001,0.0,1.0453690152623876e-05,0.0002613422538155969,0.0,0.0,0.0,0.0,0.0,0.0,0.0,0.0,0.0,0.0,0.0,0.0,0.0,0.0,0.0,0.0,0.0,0.0,0.0,0.0,0.0,0.0,0.0,0.0,0.0,0.0,0.0,0.0,0.0,0.0,0.0,0.0,0.0,0.0,0.0,0.0,0.0,0.0,0.0,0.0,0.0,nan,nan,4.340120160213618,2.8397578802905605,nan,0.9278581128649804,0.02306276837203409,0.0,0.0,0.0,0.0,0.0,0.0,0.0,0.0,0.0,0.0,0.0,0.0,0.0,0.0,0.0,0.0,0.0,0.0,0.0,0.0,0.0,0.0,0.0,0.0,0.0,0.17333883615352874,3.182005777961206,14.374742055303345,10.846058605035083,1.4238547255468432,0.9286513861205619,0.02350418418813365,0.0,0.0,0.0,0.0,0.0,0.0,0.0,0.0,0.0,0.0,0.0,0.0,0.0,0.0,0.0,0.0,0.0,0.0,0.0,0.0,0.0,0.0,0.0,0.0,0.0,0.12711864406779663,3.216101694915255,14.03389830508475,11.008474576271189,1.6144067796610173,0.4058,0.01143,0.0,0.0,0.0,0.0,0.0,0.0,0.0,0.0,0.0,0.0,0.012381345439537766,9.4469665703673,20.305406520841938,0.23524556335121755,0.0,0.0,0.0,0.0,0.0,0.0,0.0,0.0,0.0,0.0,0.0,0.0,0.0,0.0,0.0,0.0,0.406,0.01156,0.0,0.0,0.0,0.0,0.0,0.0,0.0,0.0,0.0,0.0,0.0,9.25423728813558,20.516949152542377,0.22881355932203395,0.0,0.0,0.0,0.0,0.0,0.0,0.0,0.0,0.0,0.0,0.0,0.0,0.0,0.0,0.0,0.0
89300,4624,2402,0.5194636678200693,1128,933,0.44571799307958476,1328,0.5743944636678201,0.38400000000000006,2.937893789378938,2.941480653542353,6.155749636098981,2.0304575992863945,9530.867647058823,1613.7759010944758,7853.0,11083.0,11083.0,0.0,7853.0,0.0,29.419982698961938,21.247757838145876,34.305378536834056,19.342481016845895,0.1314878892733564,0.09558823529411764,0.0852076124567474,0.08174740484429066,0.0726643598615917,0.07655709342560553,0.0657439446366782,0.0629325259515571,0.06444636678200692,0.05860726643598616,0.0523356401384083,0.04649653979238754,0.035899653979238756,0.03222318339100346,0.02249134948096886,0.008866782006920416,0.0067041522491349485,0.9290272181653852,0.02312702207991152,0.0,0.0,0.0,0.0,0.0,0.0,0.0,0.0,0.0,0.0,0.0,0.0,0.0,0.0,0.0,0.0,0.0,0.0,0.0,0.0,0.0,0.0,0.0,0.0,0.0,0.16219723183391005,3.0168685121107273,13.85164359861592,11.412197231833913,1.5570934256055367,4.037674569665476,2.6778796121655595,nan,nan,nan,4.107443365695793,2.6466275055136537,3.967405475880052,2.7071745752890166,0.965906312674863,0.4062,0.01149,0.0,0.0,0.0,0.0,0.0,0.0,0.0,0.0,0.0,0.0,0.0,8.797577854671268,21.020761245674745,0.18166089965397927,0.0,0.0,0.0,0.0,0.0,0.0,0.0,0.0,0.0,0.0,0.0,0.0,0.0,0.0,0.0,0.0,nan,nan,4.037674569665476,2.6778796121655595,nan,0.4062,0.06158,0.0,0.0,0.0,0.0,0.0,0.0,0.0,0.0,0.0,0.0,0.0,0.0,0.0,0.0,0.0,0.0,0.0,0.0,0.0,0.0003352076124567474,0.001221885813148789,0.008369377162629758,0.0010596885813148789,0.0003027681660899654,0.00344939446366782,0.0,0.0005406574394463668,0.004011678200692041,0.012251297577854672,0.0040981833910034605,0.02269679930795848,0.011764705882352941,0.018198529411764707,0.022026384083044984,0.053189878892733564,0.03939230103806229,0.05835856401384083,0.0628135813148789,0.038873269896193774,0.06442474048442906,0.06877162629757785,0.05224913494809689,0.07552984429065744,0.07734645328719723,0.015062716262975779,0.0319204152249135,0.07708693771626297,0.028514273356401384,0.0364727508650519,0.04502595155709343,0.030417387543252596,0.00941825259515571,0.00458477508650519,0.00876946366782007,0.0048551038062283735,0.0013300173010380623,0.005017301038062283,4.325259515570934e-05,8.650519031141868e-05,0.0001189446366782007,0.0,0.0,0.0,0.0,0.0,0.0,0.0,0.0,0.0,0.0,0.0,0.0,0.0,0.0,0.0,0.0,0.0,0.0,0.0,0.0,0.0,0.0,0.0,0.0,0.0,0.0,0.0,0.0,0.0,0.0,0.0,0.0,0.0,0.0,0.0,0.0,0.0,0.0,0.0,0.0,0.0,nan,nan,4.037674569665476,2.6778796121655595,nan,0.9294635640592201,0.023077579434816704,0.0,0.0,0.0,0.0,0.0,0.0,0.0,0.0,0.0,0.0,0.0,0.0,0.0,0.0,0.0,0.0,0.0,0.0,0.0,0.0,0.0,0.0,0.0,0.0,0.0,0.1373855120732723,2.960033305578685,13.72606161532057,11.577851790174858,1.5986677768526232,0.9285555247193945,0.023171110741499797,0.0,0.0,0.0,0.0,0.0,0.0,0.0,0.0,0.0,0.0,0.0,0.0,0.0,0.0,0.0,0.0,0.0,0.0,0.0,0.0,0.0,0.0,0.0,0.0,0.0,0.18901890189018908,3.0783078307830793,13.98739873987399,11.233123312331236,1.5121512151215126,0.4062,0.011475,0.0,0.0,0.0,0.0,0.0,0.0,0.0,0.0,0.0,0.0,0.0,8.667776852622803,21.19483763530392,0.1373855120732723,0.0,0.0,0.0,0.0,0.0,0.0,0.0,0.0,0.0,0.0,0.0,0.0,0.0,0.0,0.0,0.0,0.4062,0.011505,0.0,0.0,0.0,0.0,0.0,0.0,0.0,0.0,0.0,0.0,0.0,8.937893789378926,20.832583258325837,0.22952295229522957,0.0,0.0,0.0,0.0,0.0,0.0,0.0,0.0,0.0,0.0,0.0,0.0,0.0,0.0,0.0,0.0
89400,4028,2092,0.519364448857994,978,795,0.4401688182720953,1091,0.541708043694141,0.4480000000000001,2.919421487603306,3.086680743522214,6.569230769230769,2.127434213168752,9530.547169811322,1613.7883540131877,7853.0,11083.0,11083.0,0.0,7853.0,0.0,27.637040714995035,21.015063835857234,32.88240574506283,19.236619040410083,0.14374379344587884,0.10724925521350546,0.09285004965243297,0.08714001986097318,0.0759682224428997,0.07373386295928501,0.06752730883813307,0.059831181727904664,0.06132075471698113,0.05263157894736842,0.04046673286991063,0.0407149950347567,0.03277060575968222,0.030039721946375372,0.016137040714995034,0.012413108242303872,0.005461767626613704,0.9278418804262696,0.02292121142163246,0.0,0.0,0.0,0.0,0.0,0.0,0.0,0.0,0.0,0.0,0.0,0.0,0.0,0.0,0.0,0.0,0.0,0.0,0.0,0.0,0.0,0.0,0.0,0.0,0.0,0.09682224428997023,3.269612711022841,14.463753723932477,10.791956305858989,1.37785501489573,4.347860227718885,2.9105089525501184,nan,nan,nan,4.417521704814522,2.907700227700542,4.27890625,2.911645592051158,0.9686214434071826,0.4062,0.01157,0.0,0.0,0.0,0.0,0.0,0.0,0.0,0.0,0.0,0.0,0.0,9.131082423038716,20.593346573982128,0.27557100297914605,0.0,0.0,0.0,0.0,0.0,0.0,0.0,0.0,0.0,0.0,0.0,0.0,0.0,0.0,0.0,0.0,nan,nan,4.347860227718885,2.9105089525501184,nan,0.4062,0.0608,0.0,0.0,0.0,0.0,0.0,0.0,0.0,0.0,0.0,0.0,0.0,0.0,0.0,0.0,0.0,0.0,0.0,0.0,0.0,0.0005089374379344588,0.001079940417080437,0.006355511420059583,0.0009558093346573982,0.00016137040714995035,0.003612214498510427,0.0,0.0006578947368421052,0.004257696127110229,0.011084905660377358,0.003885302879841112,0.024093843098311817,0.012673783515392254,0.018470705064548162,0.023485600794438927,0.05163853028798411,0.03800893743793446,0.05827954319761668,0.06325719960278053,0.040950844091360475,0.06350546176762661,0.07086643495531281,0.05465491559086395,0.07519860973187686,0.07826464746772592,0.016074975173783517,0.032931976166832175,0.0759930486593843,0.026961271102284013,0.03515392254220457,0.04246524329692155,0.03025074478649454,0.01012909632571996,0.00467974180734856,0.008192651439920555,0.004394240317775571,0.0015888778550148957,0.004642502482621648,0.0001861966236345581,0.00019860973187686197,0.00024826216484607745,0.0,0.0,0.0,0.0,0.0,0.0,0.0,0.0,0.0,0.0,0.0,0.0,0.0,0.0,0.0,0.0,0.0,0.0,0.0,0.0,0.0,0.0,0.0,0.0,0.0,0.0,0.0,0.0,0.0,0.0,0.0,0.0,0.0,0.0,0.0,0.0,0.0,0.0,0.0,0.0,0.0,nan,nan,4.347860227718885,2.9105089525501184,nan,0.9276629943635678,0.023064473148799204,0.0,0.0,0.0,0.0,0.0,0.0,0.0,0.0,0.0,0.0,0.0,0.0,0.0,0.0,0.0,0.0,0.0,0.0,0.0,0.0,0.0,0.0,0.0,0.0,0.0,0.11472275334608033,3.28393881453155,14.655831739961762,10.43977055449331,1.5057361376673044,0.9280351808617923,0.022763812297277308,0.0,0.0,0.0,0.0,0.0,0.0,0.0,0.0,0.0,0.0,0.0,0.0,0.0,0.0,0.0,0.0,0.0,0.0,0.0,0.0,0.0,0.0,0.0,0.0,0.0,0.07747933884297523,3.2541322314049594,14.256198347107441,11.172520661157026,1.2396694214876036,0.406,0.01159,0.0,0.0,0.0,0.0,0.0,0.0,0.0,0.0,0.0,0.0,0.0,9.536328871892911,20.162523900573618,0.30114722753346085,0.0,0.0,0.0,0.0,0.0,0.0,0.0,0.0,0.0,0.0,0.0,0.0,0.0,0.0,0.0,0.0,0.4062,0.01156,0.0,0.0,0.0,0.0,0.0,0.0,0.0,0.0,0.0,0.0,0.0,8.693181818181806,21.058884297520663,0.24793388429752072,0.0,0.0,0.0,0.0,0.0,0.0,0.0,0.0,0.0,0.0,0.0,0.0,0.0,0.0,0.0,0.0
89500,4641,2364,0.5093729799612152,1091,996,0.44968756733462617,1332,0.5740142210730446,0.39200000000000007,2.928414580588494,3.0670541355033176,6.5711974110032365,2.161507667043042,9498.274725274725,1614.7162106728042,7853.0,11083.0,11083.0,0.0,7853.0,0.0,27.660848954966603,20.671699258602825,32.6657223796034,18.888125761563316,0.14156431803490627,0.10105580693815988,0.09351432880844646,0.08640379228614523,0.07326007326007326,0.08144796380090498,0.07412195647489765,0.06485671191553545,0.05839258780435251,0.05042016806722689,0.046326222796811034,0.03576815341521224,0.03275156216332687,0.028011204481792718,0.01616031027795734,0.01098901098901099,0.00495582848524025,0.9276027261787025,0.023162320577225524,0.0,0.0,0.0,0.0,0.0,0.0,0.0,0.0,0.0,0.0,0.0,0.0,0.0,0.0,0.0,0.0,0.0,0.0,0.0,0.0,0.0,0.0,0.0,0.0,0.0,0.15513897866839046,3.374272786037493,14.570135746606338,10.484809308338722,1.415643180349063,4.248488918737408,2.822848717610733,nan,nan,nan,4.191078561917443,2.849318423970586,4.303728813559322,2.7927180723343095,1.0268785826792854,0.406,0.01185,0.0,0.0,0.0,0.0,0.0,0.0,0.0,0.0,0.0,0.0,0.019392372333548808,9.179056237879754,20.530058177117002,0.2714932126696833,0.0,0.0,0.0,0.0,0.0,0.0,0.0,0.0,0.0,0.0,0.0,0.0,0.0,0.0,0.0,0.0,nan,nan,4.248488918737408,2.822848717610733,nan,0.406,0.06033,0.0,0.0,0.0,0.0,0.0,0.0,0.0,0.0,0.0,0.0,0.0,0.0,0.0,0.0,0.0,0.0,2.1547080370609784e-05,3.2320620555914674e-05,0.0,0.00045248868778280545,0.0008726567550096962,0.005268261150614092,0.0009696186166774402,0.00028011204481792715,0.003372118078000431,1.0773540185304892e-05,0.0006248653307476836,0.004848093083387201,0.01151691445809093,0.0037168713639301873,0.024940745528980825,0.012131006248653308,0.01830424477483301,0.025123895712131007,0.048513251454427926,0.03663003663003663,0.05945916828269769,0.06605257487610429,0.04327731092436975,0.06231415643180349,0.07152553329023917,0.05548373195432019,0.07429433311786253,0.0784313725490196,0.01588019823313941,0.030650721827192414,0.0781943546649429,0.027957336780866194,0.03494936436112907,0.042383107088989444,0.027440206851971558,0.010924369747899159,0.003867700926524456,0.00737987502693385,0.004891187244128421,0.002079293255763844,0.004277095453566042,6.464124111182935e-05,0.0002477914242620125,0.00034475328592975654,0.0,0.0,0.0,0.0,0.0,0.0,0.0,0.0,0.0,0.0,0.0,0.0,0.0,0.0,0.0,0.0,0.0,0.0,0.0,0.0,0.0,0.0,0.0,0.0,0.0,0.0,0.0,0.0,0.0,0.0,0.0,0.0,0.0,0.0,0.0,0.0,0.0,0.0,0.0,0.0,0.0,nan,nan,4.248488918737408,2.822848717610733,nan,0.9280880907717494,0.02306250090326637,0.0,0.0,0.0,0.0,0.0,0.0,0.0,0.0,0.0,0.0,0.0,0.0,0.0,0.0,0.0,0.0,0.0,0.0,0.0,0.0,0.0,0.0,0.0,0.0,0.0,0.15228426395939088,3.274111675126904,14.251269035532998,10.964467005076145,1.357868020304569,0.9270988166934312,0.023254785198563978,0.0,0.0,0.0,0.0,0.0,0.0,0.0,0.0,0.0,0.0,0.0,0.0,0.0,0.0,0.0,0.0,0.0,0.0,0.0,0.0,0.0,0.0,0.0,0.0,0.0,0.158102766798419,3.478260869565218,14.901185770750992,9.986824769433467,1.4756258234519108,0.4062,0.01193,0.0,0.0,0.0,0.0,0.0,0.0,0.0,0.0,0.0,0.0,0.012690355329949242,9.073604060913691,20.596446700507617,0.317258883248731,0.0,0.0,0.0,0.0,0.0,0.0,0.0,0.0,0.0,0.0,0.0,0.0,0.0,0.0,0.0,0.0,0.4058,0.011765,0.0,0.0,0.0,0.0,0.0,0.0,0.0,0.0,0.0,0.0,0.026350461133069835,9.288537549407101,20.461133069828726,0.2239789196310936,0.0,0.0,0.0,0.0,0.0,0.0,0.0,0.0,0.0,0.0,0.0,0.0,0.0,0.0,0.0,0.0
89600,4551,2339,0.5139529773676115,1113,914,0.44539661612832343,1283,0.5638321248077346,0.4080000000000001,2.9936708860759493,3.057312062745266,6.476043276661515,2.0395542557797586,9513.068116897386,1614.3710431122468,7853.0,11083.0,11083.0,0.0,7853.0,0.0,27.988134475939354,21.020280667830338,33.198416886543534,19.17313692518257,0.14722039112283014,0.0980004394638541,0.08811250274664909,0.08371786420566908,0.07888376181059108,0.07558778290485607,0.06921555702043507,0.07075368050977807,0.05471324983520105,0.05185673478356405,0.045923972753241046,0.037354427598330034,0.034278180619644036,0.025488903537684026,0.02021533728850802,0.012085255987695012,0.0065919578114700065,0.926276013841212,0.023344553823482325,0.0,0.0,0.0,0.0,0.0,0.0,0.0,0.0,0.0,0.0,0.0,0.0,0.0,0.0,0.0,0.0,0.0,0.0,0.0,0.0,0.0,0.0,0.0,0.0,0.0,0.13843111404087016,3.9419907712590647,14.357284113381677,10.369149637442321,1.1931443638760715,4.251619502216161,2.8195112420123065,nan,nan,nan,4.314305364511692,2.8246997683967363,4.190798376184032,2.813820865045552,0.9713726827628858,0.4065,0.01133,0.0,0.0,0.0,0.0,0.0,0.0,0.0,0.0,0.0,0.0,0.006591957811470008,8.589321028345406,21.094264996704023,0.30982201713909036,0.0,0.0,0.0,0.0,0.0,0.0,0.0,0.0,0.0,0.0,0.0,0.0,0.0,0.0,0.0,0.0,nan,nan,4.251619502216161,2.8195112420123065,nan,0.4065,0.05954,0.0,0.0,0.0,0.0,0.0,0.0,0.0,0.0,0.0,0.0,0.0,0.0,0.0,0.0,0.0,0.0,7.690617446715008e-05,0.0,0.0,0.0002966381015161503,0.0007580751483190507,0.0041529334212261045,0.0013513513513513514,0.00015381234893430015,0.002680729509997803,0.0,0.0002966381015161503,0.004317732366512854,0.00997582948802461,0.002933421226104153,0.024533069655020875,0.012403867281916062,0.019182597231377718,0.024093605800922874,0.052351131619424306,0.03600307624697869,0.05892111623818941,0.06661173368490442,0.0465062623599209,0.06107448912326961,0.07063282794990113,0.054954954954954956,0.07619204570424083,0.07787299494616567,0.016490881125027466,0.030652603823335532,0.07808174027686222,0.027213799165018676,0.03494836299714348,0.04193583827730169,0.027301691935838278,0.011502966381015162,0.004405625137332454,0.006756756756756757,0.005592177543397056,0.0024060646011865522,0.0034717644473742037,0.00012085255987695013,0.0003295978905735003,0.00046143704680290046,0.0,0.0,0.0,0.0,0.0,0.0,0.0,0.0,0.0,0.0,0.0,0.0,0.0,0.0,0.0,0.0,0.0,0.0,0.0,0.0,0.0,0.0,0.0,0.0,0.0,0.0,0.0,0.0,0.0,0.0,0.0,0.0,0.0,0.0,0.0,0.0,0.0,0.0,0.0,0.0,0.0,nan,nan,4.251619502216161,2.8195112420123065,nan,0.9261532572152625,0.023427660459225896,0.0,0.0,0.0,0.0,0.0,0.0,0.0,0.0,0.0,0.0,0.0,0.0,0.0,0.0,0.0,0.0,0.0,0.0,0.0,0.0,0.0,0.0,0.0,0.0,0.0,0.16673792218896968,4.027362120564344,14.236853356135104,10.414707139803337,1.1543394613082516,0.9264058184289587,0.02325564780736405,0.0,0.0,0.0,0.0,0.0,0.0,0.0,0.0,0.0,0.0,0.0,0.0,0.0,0.0,0.0,0.0,0.0,0.0,0.0,0.0,0.0,0.0,0.0,0.0,0.0,0.10849909584086802,3.8517179023508143,14.48462929475588,10.32097649186257,1.2341772151898736,0.4065,0.011185,0.0,0.0,0.0,0.0,0.0,0.0,0.0,0.0,0.0,0.0,0.01282599401453613,8.760153911928162,21.034630183839255,0.19238991021804194,0.0,0.0,0.0,0.0,0.0,0.0,0.0,0.0,0.0,0.0,0.0,0.0,0.0,0.0,0.0,0.0,0.4067,0.01148,0.0,0.0,0.0,0.0,0.0,0.0,0.0,0.0,0.0,0.0,0.0,8.408679927667258,21.15732368896926,0.43399638336347207,0.0,0.0,0.0,0.0,0.0,0.0,0.0,0.0,0.0,0.0,0.0,0.0,0.0,0.0,0.0,0.0
89700,4745,2464,0.5192834562697577,1205,966,0.4575342465753425,1333,0.561854583772392,0.38800000000000007,2.9614204296361244,3.033396242723586,6.36390977443609,2.0607078988762395,9530.285563751317,1613.7984720987254,7853.0,11083.0,11083.0,0.0,7853.0,0.0,28.251211801896734,20.826477410606113,33.1232191952012,19.037763894970997,0.1363540569020021,0.09905163329820864,0.08767123287671233,0.08261327713382507,0.08640674394099052,0.07586933614330875,0.0684931506849315,0.06617492096944151,0.0636459430979979,0.05669125395152792,0.0440463645943098,0.03519494204425711,0.03540569020021075,0.024657534246575342,0.01938883034773446,0.011591148577449948,0.006743940990516333,0.9282939473243609,0.023309668009807057,0.0,0.0,0.0,0.0,0.0,0.0,0.0,0.0,0.0,0.0,0.0,0.0,0.0,0.0,0.0,0.0,0.0,0.0,0.0,0.0,0.0,0.0,0.0,0.0,0.006322444678609064,0.15173867228661753,3.1359325605900956,14.092729188619602,11.178082191780826,1.4351949420442576,4.241368183284931,2.893810454693557,nan,nan,nan,4.30638852672751,2.870975715607432,4.176470588235294,2.915179221967969,0.9698313476162491,0.406,0.01113,0.0,0.0,0.0,0.0,0.0,0.0,0.0,0.0,0.0,0.0,0.012644889357218128,8.870389884088501,20.927291886196002,0.1896733403582719,0.0,0.0,0.0,0.0,0.0,0.0,0.0,0.0,0.0,0.0,0.0,0.0,0.0,0.0,0.0,0.0,nan,nan,4.241368183284931,2.893810454693557,nan,0.406,0.0593,0.0,0.0,0.0,0.0,0.0,0.0,0.0,0.0,0.0,0.0,0.0,0.0,0.0,0.0,0.0,0.0,3.161222339304531e-05,0.0,1.053740779768177e-05,9.483667017913593e-05,0.0009378292939936775,0.004151738672286617,0.0012961011591148578,0.00010537407797681771,0.0024552160168598526,0.0,0.000273972602739726,0.003972602739726027,0.009799789251844047,0.0032876712328767125,0.02440463645943098,0.014099051633298209,0.02016859852476291,0.02487881981032666,0.05175974710221286,0.0379768177028451,0.0589567966280295,0.06813487881981033,0.04813487881981033,0.0591359325605901,0.06756585879873551,0.05456269757639621,0.07650158061116966,0.0773445732349842,0.0160695468914647,0.033361433087460486,0.07848261327713382,0.027365648050579557,0.03285563751317176,0.04162276080084299,0.02642781875658588,0.011654373024236038,0.00434141201264489,0.005964172813487882,0.005511064278187566,0.002434141201264489,0.003456269757639621,3.161222339304531e-05,0.00029504741833508955,8.429926238145416e-05,0.0,0.0,0.0,0.0,0.0,0.0,0.0,0.0,0.0,0.0,0.0,0.0,0.0,0.0,0.0,0.0,0.0,0.0,0.0,0.0,0.0,0.0,0.0,0.0,0.0,0.0,0.0,0.0,0.0,0.0,0.0,0.0,0.0,0.0,0.0,0.0,0.0,0.0,0.0,0.0,0.0,nan,nan,4.241368183284931,2.893810454693557,nan,0.9282800866315117,0.023194029666142136,0.0,0.0,0.0,0.0,0.0,0.0,0.0,0.0,0.0,0.0,0.0,0.0,0.0,0.0,0.0,0.0,0.0,0.0,0.0,0.0,0.0,0.0,0.0,0.0,0.0,0.18262987012987017,3.0560064935064943,14.147727272727275,11.201298701298704,1.4123376623376627,0.9283089200324628,0.023433933437808665,0.0,0.0,0.0,0.0,0.0,0.0,0.0,0.0,0.0,0.0,0.0,0.0,0.0,0.0,0.0,0.0,0.0,0.0,0.0,0.0,0.0,0.0,0.0,0.0,0.013152126260412103,0.11836913634370892,3.2222709338009654,14.033318719859714,11.153003068829465,1.4598860149057435,0.4062,0.01128,0.0,0.0,0.0,0.0,0.0,0.0,0.0,0.0,0.0,0.0,0.024350649350649355,8.70535714285713,21.05113636363637,0.21915584415584421,0.0,0.0,0.0,0.0,0.0,0.0,0.0,0.0,0.0,0.0,0.0,0.0,0.0,0.0,0.0,0.0,0.4058,0.01098,0.0,0.0,0.0,0.0,0.0,0.0,0.0,0.0,0.0,0.0,0.0,9.048662867163513,20.793511617711534,0.15782551512494522,0.0,0.0,0.0,0.0,0.0,0.0,0.0,0.0,0.0,0.0,0.0,0.0,0.0,0.0,0.0,0.0
89800,4499,2362,0.5250055567903978,1102,897,0.44432096021338074,1231,0.5472327183818626,0.4200000000000001,3.004679457182967,3.126258526581716,6.66110183639399,2.1574902227856465,9548.767948432986,1612.979088055988,7853.0,11083.0,11083.0,0.0,7853.0,0.0,27.788397421649254,20.763566810118196,32.519989479221465,19.106728262920708,0.1351411424761058,0.10380084463214048,0.09246499222049344,0.09224272060457879,0.0824627695043343,0.07512780617915092,0.06934874416537008,0.06134696599244276,0.05601244721049122,0.04934429873305179,0.052678372971771505,0.04312069348744165,0.028895310068904202,0.0242276061346966,0.014669926650366748,0.010224494332073794,0.008890864636585907,0.9285760785532305,0.023046983989811226,0.0,0.0,0.0,0.0,0.0,0.0,0.0,0.0,0.0,0.0,0.0,0.0,0.0,0.0,0.0,0.0,0.0,0.0,0.0,0.0,0.0,0.0,0.0,0.0,0.0,0.12002667259390978,3.1073571904867756,14.143142920649037,11.16248055123361,1.4669926650366751,4.250604908399585,2.884653809062187,nan,nan,nan,4.2020547945205475,2.878997380131802,4.298184357541899,2.8896940839772625,1.022876799023826,0.4062,0.01149,0.0,0.0,0.0,0.0,0.0,0.0,0.0,0.0,0.0,0.0,0.006668148477439432,8.781951544787718,20.97799511002445,0.23338519671038013,0.0,0.0,0.0,0.0,0.0,0.0,0.0,0.0,0.0,0.0,0.0,0.0,0.0,0.0,0.0,0.0,nan,nan,4.250604908399585,2.884653809062187,nan,0.4062,0.05963,0.0,0.0,0.0,0.0,0.0,0.0,0.0,0.0,0.0,0.0,0.0,0.0,0.0,0.0,0.0,0.0,2.222716159146477e-05,0.0,0.0,0.00011113580795732385,0.0008779728828628584,0.004156479217603912,0.0012780617915092243,0.000144476550344521,0.002456101355856857,2.222716159146477e-05,0.0003889753278506335,0.0036563680817959547,0.00866859302067126,0.003111802622805068,0.0265614581018004,0.01412536119137586,0.01868192931762614,0.026350300066681483,0.05445654589908869,0.0398088464103134,0.05571238052900645,0.06601466992665037,0.05114469882196043,0.056312513891975995,0.06872638364080907,0.051233607468326295,0.07683929762169371,0.07558346299177596,0.015270060013336298,0.03265170037786175,0.07752833963102912,0.029484329851078017,0.034385418981996,0.04226494776617026,0.02739497666148033,0.011780395643476329,0.004823294065347855,0.006745943543009557,0.005278950877972883,0.002945098910869082,0.002244943320737942,3.334074238719716e-05,0.000633474105356746,8.890864636585908e-05,0.0,0.0,0.0,0.0,0.0,0.0,0.0,0.0,0.0,0.0,0.0,0.0,0.0,0.0,0.0,0.0,0.0,0.0,0.0,0.0,0.0,0.0,0.0,0.0,0.0,0.0,0.0,0.0,0.0,0.0,0.0,0.0,0.0,0.0,0.0,0.0,0.0,0.0,0.0,0.0,0.0,nan,nan,4.250604908399585,2.884653809062187,nan,0.9287596218773715,0.023141228055959206,0.0,0.0,0.0,0.0,0.0,0.0,0.0,0.0,0.0,0.0,0.0,0.0,0.0,0.0,0.0,0.0,0.0,0.0,0.0,0.0,0.0,0.0,0.0,0.0,0.0,0.10160880609652839,3.099068585944116,14.212531752751909,10.973751058425066,1.6130397967823882,0.9283732103587424,0.02294065826142467,0.0,0.0,0.0,0.0,0.0,0.0,0.0,0.0,0.0,0.0,0.0,0.0,0.0,0.0,0.0,0.0,0.0,0.0,0.0,0.0,0.0,0.0,0.0,0.0,0.0,0.1403837154890033,3.1165184838558737,14.066448291998132,11.371080954609267,1.3055685540477306,0.4062,0.01128,0.0,0.0,0.0,0.0,0.0,0.0,0.0,0.0,0.0,0.0,0.012701100762066049,8.611346316680766,21.18543607112617,0.19051651143099074,0.0,0.0,0.0,0.0,0.0,0.0,0.0,0.0,0.0,0.0,0.0,0.0,0.0,0.0,0.0,0.0,0.4062,0.01172,0.0,0.0,0.0,0.0,0.0,0.0,0.0,0.0,0.0,0.0,0.0,8.970519419747296,20.74871314927469,0.2807674309780066,0.0,0.0,0.0,0.0,0.0,0.0,0.0,0.0,0.0,0.0,0.0,0.0,0.0,0.0,0.0,0.0
89900,4656,2372,0.5094501718213058,1099,969,0.44415807560137455,1343,0.5768900343642611,0.39200000000000007,2.974168126094571,3.0220639251231045,6.365889212827988,2.0408230945327177,9498.524054982818,1614.7115166702088,7853.0,11083.0,11083.0,0.0,7853.0,0.0,28.36361683848797,20.99197705467934,33.136986301369866,19.26932686256825,0.1323024054982818,0.10244845360824742,0.09299828178694158,0.09085051546391752,0.0779639175257732,0.07087628865979381,0.06421821305841924,0.062285223367697595,0.0625,0.057345360824742266,0.04402920962199313,0.044243986254295535,0.036941580756013746,0.025558419243986254,0.01761168384879725,0.011597938144329897,0.00622852233676976,0.928026611363048,0.022854815512148973,0.0,0.0,0.0,0.0,0.0,0.0,0.0,0.0,0.0,0.0,0.0,0.0,0.0,0.0,0.0,0.0,0.0,0.0,0.0,0.0,0.0,0.0,0.0,0.0,0.0,0.14819587628865982,3.09278350515464,14.523195876288662,10.82474226804124,1.4110824742268044,4.242993735575338,2.8044236179370357,nan,nan,nan,4.236375574523966,2.8120023211145515,4.249668874172185,2.7967430009806935,1.0031378945077865,0.4055,0.01135,0.0,0.0,0.0,0.0,0.0,0.0,0.0,0.0,0.0,0.0,0.012886597938144333,9.581185567010294,20.19974226804124,0.20618556701030932,0.0,0.0,0.0,0.0,0.0,0.0,0.0,0.0,0.0,0.0,0.0,0.0,0.0,0.0,0.0,0.0,nan,nan,4.242993735575338,2.8044236179370357,nan,0.4055,0.0597,0.0,0.0,0.0,0.0,0.0,0.0,0.0,0.0,0.0,0.0,0.0,0.0,0.0,0.0,0.0,0.0,0.0,0.0,0.0,6.443298969072165e-05,0.0008054123711340206,0.004027061855670103,0.0012779209621993127,0.00022551546391752579,0.0028028350515463918,2.147766323024055e-05,0.00035438144329896906,0.0037693298969072165,0.009826030927835051,0.0035867697594501717,0.02737328178694158,0.013745704467353952,0.018975515463917524,0.027491408934707903,0.05219072164948454,0.04283719931271478,0.054939862542955326,0.06515249140893471,0.049441580756013744,0.05554123711340206,0.07257302405498282,0.05288874570446735,0.0772229381443299,0.07316365979381444,0.016516323024054983,0.03010094501718213,0.07679338487972509,0.02932774914089347,0.033462199312714776,0.043202319587628865,0.026750429553264603,0.011984536082474228,0.004864690721649485,0.006035223367697595,0.004735824742268041,0.002469931271477663,0.0023840206185567012,8.59106529209622e-05,0.0008805841924398626,0.00010738831615120275,0.0,0.0,0.0,0.0,0.0,0.0,0.0,0.0,0.0,0.0,0.0,0.0,0.0,0.0,0.0,0.0,0.0,0.0,0.0,0.0,0.0,0.0,0.0,0.0,0.0,0.0,0.0,0.0,0.0,0.0,0.0,0.0,0.0,0.0,0.0,0.0,0.0,0.0,0.0,0.0,0.0,nan,nan,4.242993735575338,2.8044236179370357,nan,0.9278539506621144,0.02299819864804747,0.0,0.0,0.0,0.0,0.0,0.0,0.0,0.0,0.0,0.0,0.0,0.0,0.0,0.0,0.0,0.0,0.0,0.0,0.0,0.0,0.0,0.0,0.0,0.0,0.0,0.20236087689713328,3.0607082630691407,14.279089376053966,11.066610455311976,1.3912310286677914,0.9282059244902873,0.022703559621527796,0.0,0.0,0.0,0.0,0.0,0.0,0.0,0.0,0.0,0.0,0.0,0.0,0.0,0.0,0.0,0.0,0.0,0.0,0.0,0.0,0.0,0.0,0.0,0.0,0.0,0.09194395796847638,3.126094570928197,14.77670753064799,10.573555166374783,1.431698774080561,0.4055,0.011345,0.0,0.0,0.0,0.0,0.0,0.0,0.0,0.0,0.0,0.0,0.01264755480607083,9.624789207419886,20.13490725126476,0.22765598650927493,0.0,0.0,0.0,0.0,0.0,0.0,0.0,0.0,0.0,0.0,0.0,0.0,0.0,0.0,0.0,0.0,0.4053,0.01136,0.0,0.0,0.0,0.0,0.0,0.0,0.0,0.0,0.0,0.0,0.013134851138353769,9.535901926444819,20.267075306479864,0.18388791593695275,0.0,0.0,0.0,0.0,0.0,0.0,0.0,0.0,0.0,0.0,0.0,0.0,0.0,0.0,0.0,0.0
90000,4674,2353,0.5034231921266581,1145,997,0.4582798459563543,1367,0.5849379546427044,0.39200000000000007,2.9500215424386043,3.0132696973963773,6.360294117647059,2.141579935322789,9479.056910569107,1614.9621496272498,7853.0,11083.0,11083.0,0.0,7853.0,0.0,28.500427899015833,20.921816372637945,33.29022480424349,19.13728820584793,0.13414634146341464,0.09863072314933675,0.08771929824561403,0.08429610611895592,0.07894736842105263,0.07766367137355584,0.06953359007274283,0.0693196405648267,0.0646127513906718,0.051561831407787764,0.04728284124946513,0.037655113393239195,0.03487376979032948,0.025459991442019683,0.01989730423620026,0.010483525887890458,0.007916131792896876,0.9295496454236851,0.023288838443231392,0.0,0.0,0.0,0.0,0.0,0.0,0.0,0.0,0.0,0.0,0.0,0.0,0.0,0.0,0.0,0.0,0.0,0.0,0.0,0.0,0.0,0.0,0.0,0.0,0.0,0.13478818998716305,2.875481386392812,13.960205391527603,11.30937098844673,1.7201540436457,4.260968475788105,2.780067541021779,nan,nan,nan,4.327307940606843,2.7869305413934407,4.193717277486911,2.771472533480643,0.9691284593207855,0.4055,0.01146,0.0,0.0,0.0,0.0,0.0,0.0,0.0,0.0,0.0,0.0,0.006418485237483955,9.691912708600757,20.121951219512198,0.17971758664955076,0.0,0.0,0.0,0.0,0.0,0.0,0.0,0.0,0.0,0.0,0.0,0.0,0.0,0.0,0.0,0.0,nan,nan,4.260968475788105,2.780067541021779,nan,0.4055,0.0603,0.0,0.0,0.0,0.0,0.0,0.0,0.0,0.0,0.0,0.0,0.0,0.0,0.0,0.0,0.0,0.0,0.0,0.0,0.0,8.557980316645271e-05,0.00045999144201968337,0.004621309370988447,0.001979032948224219,0.00016046213093709883,0.0029097133076593923,0.0,0.0005134788189987163,0.0036371416345742404,0.01094351732991014,0.003915275994865212,0.027770646127513905,0.013200684638425332,0.01788617886178862,0.0279204107830552,0.05377620881471973,0.04149550706033376,0.056921266581086864,0.06312580231065469,0.05165810868635002,0.05204321780059906,0.06907359863072315,0.049015832263585794,0.07946084724005134,0.07539580658964484,0.017543859649122806,0.031140350877192982,0.07731065468549422,0.027685066324347453,0.032145913564398804,0.043078733418913134,0.029321780059905864,0.012772785622593067,0.0049315361574668376,0.006632434745400086,0.003444587077449722,0.0022571673085151904,0.0022999572100984166,0.00018185708172871202,0.001144629867351305,0.00013906718014548568,0.0,0.0,0.0,0.0,0.0,0.0,0.0,0.0,0.0,0.0,0.0,0.0,0.0,0.0,0.0,0.0,0.0,0.0,0.0,0.0,0.0,0.0,0.0,0.0,0.0,0.0,0.0,0.0,0.0,0.0,0.0,0.0,0.0,0.0,0.0,0.0,0.0,0.0,0.0,0.0,0.0,nan,nan,4.260968475788105,2.780067541021779,nan,0.9296482117237864,0.022997687067811714,0.0,0.0,0.0,0.0,0.0,0.0,0.0,0.0,0.0,0.0,0.0,0.0,0.0,0.0,0.0,0.0,0.0,0.0,0.0,0.0,0.0,0.0,0.0,0.0,0.0,0.12749681257968554,2.741181470463239,14.215894602634938,11.168720781980454,1.7467063323416918,0.929449720174164,0.02357991408756165,0.0,0.0,0.0,0.0,0.0,0.0,0.0,0.0,0.0,0.0,0.0,0.0,0.0,0.0,0.0,0.0,0.0,0.0,0.0,0.0,0.0,0.0,0.0,0.0,0.0,0.14218009478672988,3.011632916846188,13.70099095217579,11.451960361912972,1.6932356742783288,0.4055,0.0113,0.0,0.0,0.0,0.0,0.0,0.0,0.0,0.0,0.0,0.0,0.012749681257968553,9.575010624734368,20.271993200169998,0.14024649383765408,0.0,0.0,0.0,0.0,0.0,0.0,0.0,0.0,0.0,0.0,0.0,0.0,0.0,0.0,0.0,0.0,0.4053,0.01162,0.0,0.0,0.0,0.0,0.0,0.0,0.0,0.0,0.0,0.0,0.0,9.810426540284347,19.969840585954334,0.21973287376130982,0.0,0.0,0.0,0.0,0.0,0.0,0.0,0.0,0.0,0.0,0.0,0.0,0.0,0.0,0.0,0.0
90100,4534,2329,0.5136744596382885,1078,907,0.43780326422584914,1259,0.5553595059550066,0.4160000000000001,2.9292517006802723,3.0561608914938776,6.615384615384615,1.9838556011088457,9512.168504631672,1614.3959065850613,7853.0,11083.0,11083.0,0.0,7853.0,0.0,27.62637847375386,20.833318198030586,32.456379355514805,19.169589017162025,0.14093515659461844,0.10608734009704456,0.09638288486987208,0.08425231583590649,0.0811645346272607,0.06837229819144243,0.07168063520070578,0.0599911777679753,0.0599911777679753,0.054697838553153945,0.04764005293339215,0.03815615350683723,0.029113365681517425,0.026246140273489194,0.017203352448169385,0.012571680635200706,0.005513895015438906,0.9287487655339075,0.02326853790670227,0.0,0.0,0.0,0.0,0.0,0.0,0.0,0.0,0.0,0.0,0.0,0.0,0.0,0.0,0.0,0.0,0.0,0.0,0.0,0.0,0.0,0.0,0.0,0.0,0.0,0.13895015438906047,3.01720335244817,14.285399205999122,10.95059550066167,1.6078517865019855,4.291346824842987,2.82433630719742,nan,nan,nan,4.314345991561181,2.8689725959863233,4.268698060941828,2.779493710294036,0.9894195016559544,0.406,0.01152,0.0,0.0,0.0,0.0,0.0,0.0,0.0,0.0,0.0,0.0,0.006616674018526689,8.972209969122176,20.749889722099695,0.2712836347595942,0.0,0.0,0.0,0.0,0.0,0.0,0.0,0.0,0.0,0.0,0.0,0.0,0.0,0.0,0.0,0.0,nan,nan,4.291346824842987,2.82433630719742,nan,0.406,0.0608,0.0,0.0,0.0,0.0,0.0,0.0,0.0,0.0,0.0,0.0,0.0,0.0,0.0,0.0,0.0,0.0,0.0,0.0,0.0,1.1027790030877813e-05,0.0006065284516982796,0.005216144684605205,0.0023930304367004852,8.82223202470225e-05,0.002955447728275254,3.3083370092633434e-05,0.0005624172915747684,0.003992059991177768,0.010200705778561976,0.0037273930304367003,0.027437141596823998,0.013089986766651964,0.016894574327304807,0.025617556241729157,0.05316497573886193,0.03934715483017203,0.05723423026025584,0.06447948831054257,0.05199602999558888,0.05306572562858403,0.06900088222320247,0.05005513895015439,0.07818703131892368,0.07463608292898104,0.01647551830613145,0.03034847816497574,0.07705116894574328,0.02898103220114689,0.032443758270842525,0.04427657697397441,0.030172033524481695,0.014093515659461844,0.004984561093956771,0.007035730039700044,0.00398103220114689,0.0017093074547860608,0.0027900308778120862,7.719453021614468e-05,0.0013674459638288487,0.00022055580061755624,0.0,0.0,0.0,0.0,0.0,0.0,0.0,0.0,0.0,0.0,0.0,0.0,0.0,0.0,0.0,0.0,0.0,0.0,0.0,0.0,0.0,0.0,0.0,0.0,0.0,0.0,0.0,0.0,0.0,0.0,0.0,0.0,0.0,0.0,0.0,0.0,0.0,0.0,0.0,0.0,0.0,nan,nan,4.291346824842987,2.82433630719742,nan,0.928714316051986,0.023620685222108275,0.0,0.0,0.0,0.0,0.0,0.0,0.0,0.0,0.0,0.0,0.0,0.0,0.0,0.0,0.0,0.0,0.0,0.0,0.0,0.0,0.0,0.0,0.0,0.0,0.0,0.15457277801631605,3.194504079003865,14.091884929154146,10.794332331472738,1.7647058823529416,0.9287851523109575,0.022890648824650604,0.0,0.0,0.0,0.0,0.0,0.0,0.0,0.0,0.0,0.0,0.0,0.0,0.0,0.0,0.0,0.0,0.0,0.0,0.0,0.0,0.0,0.0,0.0,0.0,0.0,0.12244897959183676,2.8299319727891166,14.489795918367351,11.115646258503403,1.4421768707482998,0.406,0.01169,0.0,0.0,0.0,0.0,0.0,0.0,0.0,0.0,0.0,0.0,0.012881064834693005,9.081150708458553,20.686990124516964,0.21897810218978106,0.0,0.0,0.0,0.0,0.0,0.0,0.0,0.0,0.0,0.0,0.0,0.0,0.0,0.0,0.0,0.0,0.4062,0.011345,0.0,0.0,0.0,0.0,0.0,0.0,0.0,0.0,0.0,0.0,0.0,8.857142857142843,20.816326530612248,0.326530612244898,0.0,0.0,0.0,0.0,0.0,0.0,0.0,0.0,0.0,0.0,0.0,0.0,0.0,0.0,0.0,0.0
90200,4548,2411,0.5301231310466139,1174,888,0.45338610378188215,1236,0.5435356200527705,0.4160000000000001,2.955077211043519,3.065780720079736,6.525,2.0783106120115926,9565.297713280563,1612.0664238766258,7853.0,11083.0,11083.0,0.0,7853.0,0.0,28.403034300791557,20.788556479534147,33.041343669250644,19.053490493957753,0.13214599824098505,0.0919085312225154,0.09938434476693052,0.08267370272647317,0.0822339489885664,0.07453825857519789,0.06838170624450308,0.06926121372031663,0.06310466138962181,0.052110817941952506,0.04859278803869833,0.0411169744942832,0.03430079155672823,0.026385224274406333,0.0158311345646438,0.008575197889182058,0.009454705364995602,0.9285222925212998,0.023437913752218074,0.0,0.0,0.0,0.0,0.0,0.0,0.0,0.0,0.0,0.0,0.0,0.0,0.0,0.0,0.0,0.0,0.0,0.0,0.0,0.0,0.0,0.0,0.0,0.0,0.006596306068601585,0.08575197889182061,3.317941952506597,14.050131926121376,10.963060686015835,1.5765171503957787,4.160351826792963,2.863611067712328,nan,nan,nan,4.253638253638254,2.893724947929187,4.071381361533377,2.8317306525168373,0.9571527052285211,0.4065,0.01147,0.0,0.0,0.0,0.0,0.0,0.0,0.0,0.0,0.0,0.0,0.0,8.601583113456451,21.11477572559367,0.28364116094986813,0.0,0.0,0.0,0.0,0.0,0.0,0.0,0.0,0.0,0.0,0.0,0.0,0.0,0.0,0.0,0.0,nan,nan,4.160351826792963,2.863611067712328,nan,0.4065,0.06046,0.0,0.0,0.0,0.0,0.0,0.0,0.0,0.0,0.0,0.0,0.0,0.0,0.0,0.0,0.0,0.0,0.0,0.0,0.0,1.0993843447669305e-05,0.0008685136323658751,0.004419525065963061,0.002638522427440633,0.00010993843447669306,0.003023306948109059,2.198768689533861e-05,0.0008575197889182058,0.003935795954265612,0.010004397537379068,0.0036609498680738786,0.02546174142480211,0.011653474054529463,0.018447669305189093,0.023021108179419526,0.05402374670184697,0.042425241864555846,0.05744283201407212,0.06280782761653474,0.05050571679859279,0.05288038698328936,0.06781002638522428,0.04997801231310466,0.08101363236587511,0.07618733509234829,0.017106420404573438,0.02893579595426561,0.07644019349164467,0.02862796833773087,0.03310246262093228,0.046141160949868074,0.031035620052770448,0.01392919964819701,0.005090149516270888,0.006607299912049253,0.00426561125769569,0.0017040457343887423,0.002517590149516271,0.00010993843447669306,0.0010004397537379068,0.00017590149516270889,0.0,0.0,0.0,0.0,0.0,0.0,0.0,0.0,0.0,0.0,0.0,0.0,0.0,0.0,0.0,0.0,0.0,0.0,0.0,0.0,0.0,0.0,0.0,0.0,0.0,0.0,0.0,0.0,0.0,0.0,0.0,0.0,0.0,0.0,0.0,0.0,0.0,0.0,0.0,0.0,0.0,nan,nan,4.160351826792963,2.863611067712328,nan,0.9284135648344919,0.02345272997485916,0.0,0.0,0.0,0.0,0.0,0.0,0.0,0.0,0.0,0.0,0.0,0.0,0.0,0.0,0.0,0.0,0.0,0.0,0.0,0.0,0.0,0.0,0.0,0.0,0.0,0.08710078805474909,3.4591455827457493,13.91124014931564,11.03691414350892,1.5055993363749485,0.9286449609597152,0.02342058060738165,0.0,0.0,0.0,0.0,0.0,0.0,0.0,0.0,0.0,0.0,0.0,0.0,0.0,0.0,0.0,0.0,0.0,0.0,0.0,0.0,0.0,0.0,0.0,0.0,0.01403837154890033,0.08423022929340197,3.1586335985025746,14.206832007487135,10.879737950397756,1.656527842770239,0.4065,0.01164,0.0,0.0,0.0,0.0,0.0,0.0,0.0,0.0,0.0,0.0,0.0,8.772293654085429,20.91663210286189,0.3110742430526753,0.0,0.0,0.0,0.0,0.0,0.0,0.0,0.0,0.0,0.0,0.0,0.0,0.0,0.0,0.0,0.0,0.4065,0.01128,0.0,0.0,0.0,0.0,0.0,0.0,0.0,0.0,0.0,0.0,0.0,8.408984557791284,21.3383247543285,0.25269068788020593,0.0,0.0,0.0,0.0,0.0,0.0,0.0,0.0,0.0,0.0,0.0,0.0,0.0,0.0,0.0,0.0
90300,4630,2424,0.5235421166306695,1214,911,0.458963282937365,1273,0.5498920086393089,0.4120000000000001,3.0489573889392565,3.1654807900081305,6.708661417322834,2.166713961116875,9544.041036717063,1613.2088397771051,7853.0,11083.0,11083.0,0.0,7853.0,0.0,27.95269978401728,20.482277232186217,32.75064004096262,18.69461866076582,0.1367170626349892,0.0958963282937365,0.09028077753779698,0.08941684665226782,0.08293736501079914,0.07516198704103672,0.07408207343412528,0.06652267818574514,0.05485961123110151,0.058099352051835855,0.04449244060475162,0.03952483801295896,0.03650107991360691,0.024838012958963283,0.017926565874730023,0.007991360691144709,0.004751619870410367,0.9282885800041338,0.023181015139203218,0.0,0.0,0.0,0.0,0.0,0.0,0.0,0.0,0.0,0.0,0.0,0.0,0.0,0.0,0.0,0.0,0.0,0.0,0.0,0.0,0.0,0.0,0.0,0.0,0.0,0.1166306695464363,3.220302375809936,14.170626349892013,11.073434125269982,1.419006479481642,4.182327728321794,2.99742568778405,nan,nan,nan,4.124675324675325,2.9952410671647263,4.241795043536504,2.998516265069166,1.0283948940563943,0.406,0.01142,0.0,0.0,0.0,0.0,0.0,0.0,0.0,0.0,0.0,0.0,0.0,8.88984881209502,20.876889848812098,0.2332613390928726,0.0,0.0,0.0,0.0,0.0,0.0,0.0,0.0,0.0,0.0,0.0,0.0,0.0,0.0,0.0,0.0,nan,nan,4.182327728321794,2.99742568778405,nan,0.406,0.06046,0.0,0.0,0.0,0.0,0.0,0.0,0.0,0.0,0.0,0.0,0.0,0.0,0.0,0.0,0.0,0.0,0.0,0.0,0.0,0.0,0.0005399568034557236,0.004308855291576674,0.0024622030237580993,5.3995680345572353e-05,0.003228941684665227,8.639308855291577e-05,0.0005183585313174946,0.0045356371490280776,0.011090712742980562,0.003833693304535637,0.025993520518358532,0.01244060475161987,0.01816414686825054,0.024622030237580993,0.05352051835853132,0.04213822894168467,0.05668466522678186,0.06404967602591792,0.052375809935205186,0.051177105831533475,0.06976241900647948,0.046879049676025915,0.08184665226781858,0.07517278617710584,0.018326133909287258,0.028650107991360692,0.07709503239740821,0.027386609071274298,0.03273218142548596,0.04315334773218143,0.031490280777537794,0.014136069114470842,0.004881209503239741,0.00652267818574514,0.004211663066954643,0.0013174946004319654,0.0029913606911447085,8.639308855291577e-05,0.001101511879049676,0.00043196544276457883,0.0,0.0,0.0,0.0,0.0,0.0,0.0,0.0,0.0,0.0,0.0,0.0,0.0,0.0,0.0,0.0,0.0,0.0,0.0,0.0,0.0,0.0,0.0,0.0,0.0,0.0,0.0,0.0,0.0,0.0,0.0,0.0,0.0,0.0,0.0,0.0,0.0,0.0,0.0,0.0,0.0,nan,nan,4.182327728321794,2.99742568778405,nan,0.9285965625307347,0.023440279539296685,0.0,0.0,0.0,0.0,0.0,0.0,0.0,0.0,0.0,0.0,0.0,0.0,0.0,0.0,0.0,0.0,0.0,0.0,0.0,0.0,0.0,0.0,0.0,0.0,0.0,0.11138613861386142,3.2178217821782185,14.022277227722775,11.12623762376238,1.5222772277227727,0.9279501622142515,0.022887966038748077,0.0,0.0,0.0,0.0,0.0,0.0,0.0,0.0,0.0,0.0,0.0,0.0,0.0,0.0,0.0,0.0,0.0,0.0,0.0,0.0,0.0,0.0,0.0,0.0,0.0,0.12239347234814146,3.2230281051677254,14.3336355394379,11.01541251133273,1.3055303717135087,0.4062,0.01152,0.0,0.0,0.0,0.0,0.0,0.0,0.0,0.0,0.0,0.0,0.0,8.564356435643552,21.16336633663367,0.2722772277227723,0.0,0.0,0.0,0.0,0.0,0.0,0.0,0.0,0.0,0.0,0.0,0.0,0.0,0.0,0.0,0.0,0.4058,0.0113,0.0,0.0,0.0,0.0,0.0,0.0,0.0,0.0,0.0,0.0,0.0,9.247506799637339,20.562103354487764,0.19038984587488672,0.0,0.0,0.0,0.0,0.0,0.0,0.0,0.0,0.0,0.0,0.0,0.0,0.0,0.0,0.0,0.0
90400,4738,2458,0.5187842971718024,1149,949,0.4428028704094555,1324,0.5588856057408189,0.4080000000000001,2.9293859649122806,3.0313877851015145,6.439137134052388,2.113805934008323,9528.673279864923,1613.8598926519094,7853.0,11083.0,11083.0,0.0,7853.0,0.0,28.19396369776277,21.067254200004264,33.16553629741271,19.31119776452848,0.13803292528493036,0.10004221190375685,0.09476572393414943,0.08716758125791473,0.07239341494301393,0.07640354579991558,0.06943858168003376,0.06268467707893625,0.060996200928661884,0.051920641620937104,0.04938792739552554,0.03967918953144787,0.029337273111017307,0.029337273111017307,0.017728999577880964,0.013718868720979317,0.0069649641198818064,0.9286969918498212,0.022817464137184863,0.0,0.0,0.0,0.0,0.0,0.0,0.0,0.0,0.0,0.0,0.0,0.0,0.0,0.0,0.0,0.0,0.0,0.0,0.0,0.0,0.0,0.0,0.0,0.0,0.0,0.10130856901646267,2.975939214858591,14.442802870409459,10.979316167159142,1.5006331785563534,4.243526712553261,2.810411628391939,nan,nan,nan,4.214523650899401,2.796557723262756,4.271612903225806,2.8234788616906896,1.0135458374552537,0.406,0.01146,0.0,0.0,0.0,0.0,0.0,0.0,0.0,0.0,0.0,0.0,0.0,9.339383706205137,20.363022372308993,0.29759392148585906,0.0,0.0,0.0,0.0,0.0,0.0,0.0,0.0,0.0,0.0,0.0,0.0,0.0,0.0,0.0,0.0,nan,nan,4.243526712553261,2.810411628391939,nan,0.406,0.0607,0.0,0.0,0.0,0.0,0.0,0.0,0.0,0.0,0.0,0.0,0.0,0.0,0.0,0.0,0.0,0.0,0.0,0.0,0.0,0.0,0.0004115660616293795,0.0040840016884761505,0.001783452933727311,3.165892781764457e-05,0.0038623891937526384,8.442380751371887e-05,0.0006542845082313213,0.004601097509497679,0.011587167581257914,0.0034086112283663993,0.027226677923174337,0.01194596876319122,0.01859434360489658,0.02660405234276066,0.05358801181933305,0.04248628113127902,0.056891093288307305,0.06252638243984804,0.050685943436048965,0.05012663571127058,0.07050443224989447,0.04546222034613761,0.08350569860700717,0.07269945124525116,0.019248628113127903,0.02668847615027438,0.08087800759814268,0.02543267201350781,0.033569016462642466,0.04299282397636133,0.03205994090333474,0.013571127057830309,0.005255382017729,0.006057408189109329,0.004601097509497679,0.0013718868720979315,0.0031025749261291685,0.00016884761502743774,0.0013085690164626425,0.0003376952300548755,0.0,0.0,0.0,0.0,0.0,0.0,0.0,0.0,0.0,0.0,0.0,0.0,0.0,0.0,0.0,0.0,0.0,0.0,0.0,0.0,0.0,0.0,0.0,0.0,0.0,0.0,0.0,0.0,0.0,0.0,0.0,0.0,0.0,0.0,0.0,0.0,0.0,0.0,0.0,0.0,0.0,nan,nan,4.243526712553261,2.810411628391939,nan,0.9286803964971041,0.02295436130790648,0.0,0.0,0.0,0.0,0.0,0.0,0.0,0.0,0.0,0.0,0.0,0.0,0.0,0.0,0.0,0.0,0.0,0.0,0.0,0.0,0.0,0.0,0.0,0.0,0.0,0.08543531326281532,3.0634662327095206,14.414157851912126,10.899104963384868,1.5378356387306757,0.9287148828046363,0.022668939739862944,0.0,0.0,0.0,0.0,0.0,0.0,0.0,0.0,0.0,0.0,0.0,0.0,0.0,0.0,0.0,0.0,0.0,0.0,0.0,0.0,0.0,0.0,0.0,0.0,0.0,0.11842105263157897,2.8815789473684217,14.473684210526319,11.065789473684214,1.4605263157894741,0.406,0.01161,0.0,0.0,0.0,0.0,0.0,0.0,0.0,0.0,0.0,0.0,0.0,9.458909682668823,20.199349064279907,0.3417412530512613,0.0,0.0,0.0,0.0,0.0,0.0,0.0,0.0,0.0,0.0,0.0,0.0,0.0,0.0,0.0,0.0,0.406,0.01131,0.0,0.0,0.0,0.0,0.0,0.0,0.0,0.0,0.0,0.0,0.0,9.21052631578946,20.53947368421053,0.25000000000000006,0.0,0.0,0.0,0.0,0.0,0.0,0.0,0.0,0.0,0.0,0.0,0.0,0.0,0.0,0.0,0.0
90500,4626,2389,0.5164288802421099,1135,942,0.44898400345871164,1303,0.5633376567228707,0.4120000000000001,2.9870362092087617,3.097767957179052,6.542130365659777,2.171550970469037,9521.065283182015,1614.127961383735,7853.0,11083.0,11083.0,0.0,7853.0,0.0,28.06809338521401,20.84403383088799,32.91463727249423,19.09864954144754,0.1379161262429745,0.09792477302204929,0.09381755296152183,0.08495460440985733,0.08408992650237787,0.0743623000432339,0.06852572416774752,0.05944660613921314,0.06376999567661046,0.05339386078685689,0.04798962386511025,0.03826199740596628,0.033506268914829225,0.028102031993082578,0.017942066580198875,0.010159965412883701,0.005836575875486381,0.9278984070854995,0.02292412001806637,0.0,0.0,0.0,0.0,0.0,0.0,0.0,0.0,0.0,0.0,0.0,0.0,0.0,0.0,0.0,0.0,0.0,0.0,0.0,0.0,0.0,0.0,0.0,0.0,0.0,0.10376134889753569,3.2490272373540865,14.61738002594034,10.58365758754864,1.4461738002594038,4.27621910487642,2.905122212615078,nan,nan,nan,4.246639784946237,2.8709336833739534,4.305444887118194,2.9382190258344116,1.0138474429548776,0.406,0.01157,0.0,0.0,0.0,0.0,0.0,0.0,0.0,0.0,0.0,0.0,0.0,9.22178988326847,20.460440985732816,0.317769130998703,0.0,0.0,0.0,0.0,0.0,0.0,0.0,0.0,0.0,0.0,0.0,0.0,0.0,0.0,0.0,0.0,nan,nan,4.27621910487642,2.905122212615078,nan,0.406,0.0609,0.0,0.0,0.0,0.0,0.0,0.0,0.0,0.0,0.0,0.0,0.0,0.0,0.0,0.0,0.0,0.0,0.0,0.0,0.0,0.0,0.00023778642455685257,0.004366623432771293,0.001664504971897968,0.00022697795071335928,0.004658452226545612,5.404236921746649e-05,0.0005079982706441851,0.004831387808041505,0.010927367055771724,0.0031560743623000433,0.029009943795936015,0.013218763510592304,0.01707738867271941,0.025248594898400346,0.05361003026372676,0.0422611327280588,0.05595546908776481,0.06250540423692175,0.05028102031993083,0.050734976221357544,0.071757457846952,0.04367704280155642,0.08443579766536966,0.07007133592736706,0.020103761348897537,0.02621054907047125,0.08335495028102032,0.025075659316904454,0.033733246865542584,0.04231517509727627,0.03407911802853437,0.011889321227842628,0.005750108084738435,0.006312148724600087,0.005220492866407263,0.00104842196281885,0.0030479896238651103,4.32338953739732e-05,0.000940337224383917,0.0003891050583657588,0.0,0.0,0.0,1.08084738434933e-05,0.0,0.0,0.0,0.0,0.0,0.0,0.0,0.0,0.0,0.0,0.0,0.0,0.0,0.0,0.0,0.0,0.0,0.0,0.0,0.0,0.0,0.0,0.0,0.0,0.0,0.0,0.0,0.0,0.0,0.0,0.0,0.0,0.0,0.0,0.0,0.0,0.0,nan,nan,4.27621910487642,2.905122212615078,nan,0.9277840764665264,0.023141890626786666,0.0,0.0,0.0,0.0,0.0,0.0,0.0,0.0,0.0,0.0,0.0,0.0,0.0,0.0,0.0,0.0,0.0,0.0,0.0,0.0,0.0,0.0,0.0,0.0,0.0,0.08790288823775641,3.327752197572207,14.591879447467562,10.498116366680623,1.494349100041859,0.9280205062579299,0.02268860823777041,0.0,0.0,0.0,0.0,0.0,0.0,0.0,0.0,0.0,0.0,0.0,0.0,0.0,0.0,0.0,0.0,0.0,0.0,0.0,0.0,0.0,0.0,0.0,0.0,0.0,0.12069736253911491,3.164953062136791,14.64461332141261,10.675011175681718,1.3947250782297724,0.4062,0.01147,0.0,0.0,0.0,0.0,0.0,0.0,0.0,0.0,0.0,0.0,0.0,9.116785265801576,20.594390958560073,0.28882377563834244,0.0,0.0,0.0,0.0,0.0,0.0,0.0,0.0,0.0,0.0,0.0,0.0,0.0,0.0,0.0,0.0,0.4058,0.01168,0.0,0.0,0.0,0.0,0.0,0.0,0.0,0.0,0.0,0.0,0.0,9.333929369691537,20.317389360751008,0.3486812695574431,0.0,0.0,0.0,0.0,0.0,0.0,0.0,0.0,0.0,0.0,0.0,0.0,0.0,0.0,0.0,0.0
90600,4644,2420,0.5211024978466839,1137,930,0.4450904392764858,1275,0.5490956072351422,0.4280000000000001,3.0472122302158273,3.1520264918490213,6.702660406885759,2.139685919249207,9536.161068044788,1613.5609901094515,7853.0,11083.0,11083.0,0.0,7853.0,0.0,28.5198105081826,21.213706796230692,33.59912798153373,19.35420859569085,0.14018087855297157,0.09603789836347976,0.08828596037898363,0.0876399655469423,0.08376399655469423,0.06847545219638243,0.06524547803617571,0.06201550387596899,0.05792420327304048,0.053617571059431525,0.05189491817398794,0.04220499569336779,0.03617571059431524,0.028208440999138672,0.021748492678725237,0.00904392764857881,0.007536606373815676,0.9289417142348491,0.02322504793812253,0.0,0.0,0.0,0.0,0.0,0.0,0.0,0.0,0.0,0.0,0.0,0.0,0.0,0.0,0.0,0.0,0.0,0.0,0.0,0.0,0.0,0.0,0.0,0.0,0.0,0.0839793281653747,3.2364341085271326,13.759689922480623,11.356589147286824,1.5633074935400522,4.247035573122529,2.8978390999721566,nan,nan,nan,4.346631785480707,2.892705825678524,4.145985401459854,2.8995438411666186,0.9538386516449168,0.4062,0.011505,0.0,0.0,0.0,0.0,0.0,0.0,0.0,0.0,0.0,0.0,0.006459948320413438,8.97286821705425,20.775193798449614,0.24547803617571065,0.0,0.0,0.0,0.0,0.0,0.0,0.0,0.0,0.0,0.0,0.0,0.0,0.0,0.0,0.0,0.0,nan,nan,4.247035573122529,2.8978390999721566,nan,0.4062,0.06107,0.0,0.0,0.0,0.0,0.0,0.0,0.0,0.0,0.0,0.0,0.0,0.0,0.0,0.0,0.0,0.0,0.0,0.0,0.0,0.0,0.0006244616709732989,0.0040159345391903535,0.00179801894918174,0.0002153316106804479,0.005114125753660637,3.229974160206718e-05,0.0005921619293712317,0.004468130921619294,0.010282084409991387,0.0037252368647717484,0.02832687338501292,0.01289836347975883,0.016160637381567613,0.027056416881998276,0.054102067183462534,0.044358311800172266,0.05354220499569337,0.059862187769164514,0.04932170542635659,0.05185185185185185,0.0719207579672696,0.043044788975021536,0.0886089577950043,0.06893841515934539,0.01983204134366925,0.027465546942291127,0.07976959517657192,0.02571059431524548,0.03215977605512489,0.04469207579672696,0.0350021533161068,0.011401808785529715,0.0059539190353143845,0.006793712316968131,0.0049095607235142115,0.000979758828596038,0.002648578811369509,1.0766580534022394e-05,0.00152885443583118,0.0002691645133505599,0.0,0.0,1.0766580534022394e-05,0.0,0.0,0.0,0.0,0.0,0.0,0.0,0.0,0.0,0.0,0.0,0.0,0.0,0.0,0.0,0.0,0.0,0.0,0.0,0.0,0.0,0.0,0.0,0.0,0.0,0.0,0.0,0.0,0.0,0.0,0.0,0.0,0.0,0.0,0.0,0.0,0.0,0.0,nan,nan,4.247035573122529,2.8978390999721566,nan,0.9289788384575489,0.022653764988166663,0.0,0.0,0.0,0.0,0.0,0.0,0.0,0.0,0.0,0.0,0.0,0.0,0.0,0.0,0.0,0.0,0.0,0.0,0.0,0.0,0.0,0.0,0.0,0.0,0.0,0.04958677685950414,3.061983471074381,14.082644628099176,11.392561983471078,1.4132231404958682,0.9289013182730983,0.02383105870168622,0.0,0.0,0.0,0.0,0.0,0.0,0.0,0.0,0.0,0.0,0.0,0.0,0.0,0.0,0.0,0.0,0.0,0.0,0.0,0.0,0.0,0.0,0.0,0.0,0.0,0.12140287769784175,3.426258992805756,13.408273381294967,11.317446043165472,1.7266187050359716,0.4058,0.01136,0.0,0.0,0.0,0.0,0.0,0.0,0.0,0.0,0.0,0.0,0.0,9.27272727272726,20.541322314049594,0.18595041322314054,0.0,0.0,0.0,0.0,0.0,0.0,0.0,0.0,0.0,0.0,0.0,0.0,0.0,0.0,0.0,0.0,0.4067,0.011635,0.0,0.0,0.0,0.0,0.0,0.0,0.0,0.0,0.0,0.0,0.013489208633093528,8.646582733812936,21.029676258992808,0.31025179856115115,0.0,0.0,0.0,0.0,0.0,0.0,0.0,0.0,0.0,0.0,0.0,0.0,0.0,0.0,0.0,0.0
90700,4557,2350,0.5156901470265526,1084,952,0.4467851656791749,1301,0.5709896861970595,0.4280000000000001,2.995468962392388,3.1053073448884834,6.725589225589226,2.0017967702488835,9518.679174895764,1614.2046404442913,7853.0,11083.0,11083.0,0.0,7853.0,0.0,27.961597542242703,20.931177021604437,32.852933507170796,19.209020143897728,0.13737107746324337,0.09501865262233926,0.10028527540048278,0.08667983322361203,0.08404652183454027,0.07548825982005705,0.07044107965766952,0.06144393241167435,0.05903006363835857,0.04652183454026772,0.045205178845731844,0.04081632653061224,0.03203862190037305,0.029185867895545316,0.018433179723502304,0.010313802940531051,0.007680491551459293,0.9294554453579407,0.023373843759542913,0.0,0.0,0.0,0.0,0.0,0.0,0.0,0.0,0.0,0.0,0.0,0.0,0.0,0.0,0.0,0.0,0.0,0.0,0.0,0.0,0.0,0.0,0.0,0.0,0.0,0.08558262014483214,2.9624753127057284,13.83146807109941,11.527320605661624,1.5931533903884139,4.234555329260013,2.832320149552161,nan,nan,nan,4.150610583446404,2.8005335373719378,4.318614130434782,2.861329736673885,1.0404768271103086,0.4058,0.01178,0.0,0.0,0.0,0.0,0.0,0.0,0.0,0.0,0.0,0.0,0.006583278472679396,9.499670836076351,20.217248189598422,0.2764976958525346,0.0,0.0,0.0,0.0,0.0,0.0,0.0,0.0,0.0,0.0,0.0,0.0,0.0,0.0,0.0,0.0,nan,nan,4.234555329260013,2.832320149552161,nan,0.4058,0.06146,0.0,0.0,0.0,0.0,0.0,0.0,0.0,0.0,0.0,0.0,0.0,0.0,0.0,0.0,0.0,0.0,0.0,0.0,1.0972130787798991e-05,0.0,0.0005705508009655475,0.0053214834320825105,0.0018323458415624315,0.00024138687733157778,0.00587008997147246,3.291639236339697e-05,0.0004498573622997586,0.003511081852095677,0.011180601272767172,0.003335527759490893,0.02760588106210226,0.01370419135396094,0.01761026991441738,0.026607417160412553,0.05421329822251481,0.04396532806671056,0.05236998025016458,0.06212420452051788,0.04900153609831029,0.05277594908931314,0.07051788457318411,0.04405310511301295,0.08677858240070221,0.06723721746763221,0.01792846170726355,0.0271669958305903,0.08104015799868335,0.026804915514592933,0.03439763001974983,0.04427254772876893,0.033739302172481896,0.011729207812157121,0.004366908053543998,0.006802721088435374,0.0050910686855387315,0.0010313802940531051,0.0032916392363396972,0.0,0.0012727671713846829,0.00014263770024138688,0.0,0.0,0.0,0.0,0.0,0.0,0.0,0.0,0.0,0.0,0.0,0.0,0.0,0.0,0.0,0.0,0.0,0.0,0.0,0.0,0.0,0.0,0.0,0.0,0.0,0.0,0.0,0.0,0.0,0.0,0.0,0.0,0.0,0.0,0.0,0.0,0.0,0.0,0.0,0.0,0.0,nan,nan,4.234555329260013,2.832320149552161,nan,0.9295516914256076,0.023249780869212422,0.0,0.0,0.0,0.0,0.0,0.0,0.0,0.0,0.0,0.0,0.0,0.0,0.0,0.0,0.0,0.0,0.0,0.0,0.0,0.0,0.0,0.0,0.0,0.0,0.0,0.08936170212765959,2.859574468085107,13.91489361702128,11.578723404255323,1.5574468085106388,0.9293529631381776,0.02350479210966033,0.0,0.0,0.0,0.0,0.0,0.0,0.0,0.0,0.0,0.0,0.0,0.0,0.0,0.0,0.0,0.0,0.0,0.0,0.0,0.0,0.0,0.0,0.0,0.0,0.0,0.08155867693701858,3.072043497961034,13.742637063887633,11.47258722247395,1.6311735387403719,0.4058,0.01188,0.0,0.0,0.0,0.0,0.0,0.0,0.0,0.0,0.0,0.0,0.012765957446808513,9.191489361702114,20.489361702127663,0.3063829787234043,0.0,0.0,0.0,0.0,0.0,0.0,0.0,0.0,0.0,0.0,0.0,0.0,0.0,0.0,0.0,0.0,0.4055,0.01167,0.0,0.0,0.0,0.0,0.0,0.0,0.0,0.0,0.0,0.0,0.0,9.827820570910724,19.92750339827821,0.2446760308110558,0.0,0.0,0.0,0.0,0.0,0.0,0.0,0.0,0.0,0.0,0.0,0.0,0.0,0.0,0.0,0.0
90800,4833,2473,0.5116904614111318,1148,990,0.44237533623008485,1367,0.5656941858059177,0.3960000000000001,2.917372881355932,3.039073768343584,6.3913690476190474,2.1896910593123464,9505.760190357956,1614.55850560583,7853.0,11083.0,11083.0,0.0,7853.0,0.0,27.833436788744052,20.90747411699985,32.91778107974245,19.116083326172067,0.1442168425408649,0.09931719428926133,0.09600662114628596,0.08276432857438444,0.07903993378853715,0.07697082557417753,0.06579764121663563,0.0643492654665839,0.05834885164494103,0.051727705358990274,0.04510655907303952,0.04241671839437203,0.03414028553693358,0.02627767432236706,0.016345954893440928,0.010759362714669977,0.006414235464514794,0.9299316531551716,0.023234389741402375,0.0,0.0,0.0,0.0,0.0,0.0,0.0,0.0,0.0,0.0,0.0,0.0,0.0,0.0,0.0,0.0,0.0,0.0,0.0,0.0,0.0,0.0,0.0,0.0,0.0,0.10552451893234019,2.886405959031658,13.811297330850406,11.539416511483553,1.6573556797020488,4.252342487883683,2.7862993051863065,nan,nan,nan,4.194796954314721,2.7994739053239464,4.3142292490118574,2.7709095656413396,1.0284715317565705,0.406,0.011444,0.0,0.0,0.0,0.0,0.0,0.0,0.0,0.0,0.0,0.0,0.012414649286157669,8.789571694599616,20.955927995034145,0.24208566108007454,0.0,0.0,0.0,0.0,0.0,0.0,0.0,0.0,0.0,0.0,0.0,0.0,0.0,0.0,0.0,0.0,nan,nan,4.252342487883683,2.7862993051863065,nan,0.406,0.06113,0.0,0.0,0.0,0.0,0.0,0.0,0.0,0.0,0.0,0.0,0.0,0.0,0.0,0.0,0.0,0.0,0.0,2.069108214359611e-05,0.0,0.0,0.000755224498241258,0.0048210221394578935,0.0015311400786261122,0.0004965859714463067,0.0057417752948479206,4.138216428719222e-05,0.00024829298572315333,0.002855369335816263,0.010935236912890544,0.003362300848334368,0.027829505483136768,0.012445685909373061,0.018073660252431203,0.02702255327953652,0.05409683426443203,0.045716945996275606,0.05005172770535899,0.06226981171115249,0.04959652389819988,0.05017587419822057,0.06785640388992344,0.045251396648044694,0.08923029174425823,0.06869439271673909,0.01782536726670805,0.029298572315332092,0.07984688599213739,0.02905027932960894,0.03294020277260501,0.04888268156424581,0.030695220360024828,0.010769708255741776,0.0037761224912062903,0.006362507759155804,0.005027932960893855,0.001324229257190151,0.003072625698324022,0.0,0.0017380509000620731,0.00024829298572315333,0.0,0.0,2.069108214359611e-05,0.0,0.0,0.0,0.0,0.0,0.0,0.0,0.0,0.0,0.0,0.0,0.0,0.0,0.0,0.0,0.0,0.0,0.0,0.0,0.0,0.0,0.0,0.0,0.0,0.0,0.0,0.0,0.0,0.0,0.0,0.0,0.0,0.0,0.0,0.0,0.0,0.0,0.0,nan,nan,4.252342487883683,2.7862993051863065,nan,0.929909434436161,0.023439217230137938,0.0,0.0,0.0,0.0,0.0,0.0,0.0,0.0,0.0,0.0,0.0,0.0,0.0,0.0,0.0,0.0,0.0,0.0,0.0,0.0,0.0,0.0,0.0,0.0,0.0,0.1091791346542661,2.850788515972504,14.0234532955924,11.306105944197334,1.7104731095835022,0.9299549357365754,0.023017776217378286,0.0,0.0,0.0,0.0,0.0,0.0,0.0,0.0,0.0,0.0,0.0,0.0,0.0,0.0,0.0,0.0,0.0,0.0,0.0,0.0,0.0,0.0,0.0,0.0,0.0,0.10169491525423731,2.9237288135593227,13.58898305084746,11.78389830508475,1.6016949152542377,0.4062,0.01143,0.0,0.0,0.0,0.0,0.0,0.0,0.0,0.0,0.0,0.0,0.024262029923170246,8.758592802264443,20.998786898503848,0.2183582693085322,0.0,0.0,0.0,0.0,0.0,0.0,0.0,0.0,0.0,0.0,0.0,0.0,0.0,0.0,0.0,0.0,0.406,0.01146,0.0,0.0,0.0,0.0,0.0,0.0,0.0,0.0,0.0,0.0,0.0,8.822033898305072,20.911016949152547,0.26694915254237295,0.0,0.0,0.0,0.0,0.0,0.0,0.0,0.0,0.0,0.0,0.0,0.0,0.0,0.0,0.0,0.0
90900,4795,2478,0.5167883211678832,1184,974,0.45005213764337854,1331,0.5551616266944734,0.4200000000000001,3.0142425550280536,3.1484991728962117,6.638591117917305,2.2496239276754935,9522.226277372263,1614.0893751098006,7853.0,11083.0,11083.0,0.0,7853.0,0.0,27.63733055265902,20.736774836548346,32.6993006993007,18.94776956633552,0.14410844629822733,0.0986444212721585,0.09760166840458812,0.08383733055265902,0.07758081334723671,0.07591240875912408,0.06694473409801877,0.06631908237747654,0.06047966631908238,0.05526590198123045,0.04713242961418144,0.0364963503649635,0.02877997914494265,0.0264859228362878,0.019603753910323252,0.008550573514077163,0.006256517205422315,0.9285684431307756,0.023213506602314155,0.0,0.0,0.0,0.0,0.0,0.0,0.0,0.0,0.0,0.0,0.0,0.0,0.0,0.0,0.0,0.0,0.0,0.0,0.0,0.0,0.0,0.0,0.0,0.0,0.0,0.118873826903024,3.147028154327425,14.152241918665279,11.049009384775811,1.5328467153284675,4.394591072010427,2.9593284208486024,nan,nan,nan,4.421702404158545,2.956618893678531,4.366906474820144,2.9627252081503856,0.9876075040041443,0.4062,0.01137,0.0,0.0,0.0,0.0,0.0,0.0,0.0,0.0,0.0,0.0,0.018769551616266946,8.715328467153272,21.07194994786236,0.1939520333680918,0.0,0.0,0.0,0.0,0.0,0.0,0.0,0.0,0.0,0.0,0.0,0.0,0.0,0.0,0.0,0.0,nan,nan,4.394591072010427,2.9593284208486024,nan,0.4062,0.061,0.0,0.0,0.0,0.0,0.0,0.0,0.0,0.0,0.0,0.0,0.0,0.0,0.0,0.0,0.0,0.0,0.0,5.213764337851929e-05,0.0,0.0,0.00072992700729927,0.004827945776850887,0.0011366006256517205,0.0006465067778936392,0.006392075078206465,7.299270072992701e-05,0.0004483837330552659,0.002565172054223149,0.009582898852971845,0.003305526590198123,0.026923879040667363,0.011856100104275286,0.01813347236704901,0.02775808133472367,0.05139728884254432,0.04689259645464025,0.04988529718456726,0.06495307612095934,0.05263816475495307,0.051094890510948905,0.06845672575599583,0.04529718456725756,0.08792492179353494,0.06824817518248175,0.01611053180396246,0.030844629822732013,0.07791449426485923,0.02850886339937435,0.03144942648592284,0.04965589155370177,0.03203336809176225,0.009822732012513035,0.003691345151199166,0.00635036496350365,0.005630865484880084,0.001699687174139729,0.003065693430656934,0.0,0.0018665276329509907,0.00013555787278415014,0.0,0.0,0.0,0.0,0.0,0.0,0.0,0.0,0.0,0.0,0.0,0.0,0.0,0.0,0.0,0.0,0.0,0.0,0.0,0.0,0.0,0.0,0.0,0.0,0.0,0.0,0.0,0.0,0.0,0.0,0.0,0.0,0.0,0.0,0.0,0.0,0.0,0.0,0.0,0.0,0.0,nan,nan,4.394591072010427,2.9593284208486024,nan,0.9285136549053316,0.02306594346695744,0.0,0.0,0.0,0.0,0.0,0.0,0.0,0.0,0.0,0.0,0.0,0.0,0.0,0.0,0.0,0.0,0.0,0.0,0.0,0.0,0.0,0.0,0.0,0.0,0.0,0.09685230024213078,3.2566585956416474,14.164648910411625,10.883777239709445,1.5980629539951579,0.928627038393033,0.023370150154298268,0.0,0.0,0.0,0.0,0.0,0.0,0.0,0.0,0.0,0.0,0.0,0.0,0.0,0.0,0.0,0.0,0.0,0.0,0.0,0.0,0.0,0.0,0.0,0.0,0.0,0.1424255502805352,3.029779887785931,14.138972809667678,11.225722917565822,1.4630988347000435,0.406,0.01124,0.0,0.0,0.0,0.0,0.0,0.0,0.0,0.0,0.0,0.0,0.024213075060532694,8.692493946731222,21.11380145278451,0.16949152542372886,0.0,0.0,0.0,0.0,0.0,0.0,0.0,0.0,0.0,0.0,0.0,0.0,0.0,0.0,0.0,0.0,0.4062,0.0115,0.0,0.0,0.0,0.0,0.0,0.0,0.0,0.0,0.0,0.0,0.012947777298230474,8.739749676305555,21.02719033232629,0.22011221406991804,0.0,0.0,0.0,0.0,0.0,0.0,0.0,0.0,0.0,0.0,0.0,0.0,0.0,0.0,0.0,0.0
91000,4815,2469,0.5127725856697819,1139,1013,0.44693665628245066,1358,0.5640706126687435,0.4240000000000001,2.902387041773231,3.0159173236155015,6.430599369085174,2.14881904777082,9509.255451713396,1614.4729752163469,7853.0,11083.0,11083.0,0.0,7853.0,0.0,27.99730010384216,20.81312273209217,32.896100691016784,19.045091570523994,0.13935617860851507,0.10072689511941849,0.08847352024922119,0.08785046728971962,0.08203530633437175,0.0735202492211838,0.07289719626168224,0.06334371754932502,0.05960539979231568,0.04818276220145379,0.046936656282450674,0.04195223260643821,0.03655244029075805,0.02699896157840083,0.015991692627206646,0.009553478712357217,0.0060228452751817235,0.9284282214297436,0.023376063567403228,0.0,0.0,0.0,0.0,0.0,0.0,0.0,0.0,0.0,0.0,0.0,0.0,0.0,0.0,0.0,0.0,0.0,0.0,0.0,0.0,0.0,0.0,0.0,0.0,0.0,0.09345794392523367,3.3395638629283497,14.112149532710283,10.909657320872277,1.5451713395638633,4.178743961352657,2.8144896026622894,nan,nan,nan,4.072596468279921,2.7973805592863954,4.281725888324873,2.827183324305,1.0513503907577857,0.406,0.01142,0.0,0.0,0.0,0.0,0.0,0.0,0.0,0.0,0.0,0.0,0.01869158878504673,9.077881619937681,20.672897196261687,0.23052959501557638,0.0,0.0,0.0,0.0,0.0,0.0,0.0,0.0,0.0,0.0,0.0,0.0,0.0,0.0,0.0,0.0,nan,nan,4.178743961352657,2.8144896026622894,nan,0.406,0.06143,0.0,0.0,0.0,0.0,0.0,0.0,0.0,0.0,0.0,0.0,0.0,0.0,0.0,0.0,0.0,0.0,0.0,7.268951194184839e-05,0.0,0.0,0.0008203530633437175,0.0048701973001038425,0.0014330218068535825,0.000529595015576324,0.006967808930425753,8.307372793354102e-05,0.00016614745586708205,0.0020768431983385254,0.009138110072689512,0.0033852544132917965,0.028888888888888888,0.011661474558670821,0.017757009345794394,0.027580477673935618,0.05285565939771547,0.04734164070612669,0.04912772585669782,0.06633437175493251,0.05145379023883697,0.05249221183800623,0.07053997923156802,0.04346832814122534,0.08457943925233645,0.0666147455867082,0.016240913811007267,0.03226375908618899,0.07842159916926272,0.0277466251298027,0.031163032191069574,0.04736240913811007,0.03177570093457944,0.010249221183800623,0.003946002076843198,0.007227414330218069,0.005794392523364486,0.0023156801661474557,0.0029075804776739354,0.0,0.0021599169262720664,0.00018691588785046728,0.0,0.0,0.0,0.0,0.0,0.0,0.0,0.0,0.0,0.0,0.0,0.0,0.0,0.0,0.0,0.0,0.0,0.0,0.0,0.0,0.0,0.0,0.0,0.0,0.0,0.0,0.0,0.0,0.0,0.0,0.0,0.0,0.0,0.0,0.0,0.0,0.0,0.0,0.0,0.0,0.0,nan,nan,4.178743961352657,2.8144896026622894,nan,0.927931629220886,0.023365179191429896,0.0,0.0,0.0,0.0,0.0,0.0,0.0,0.0,0.0,0.0,0.0,0.0,0.0,0.0,0.0,0.0,0.0,0.0,0.0,0.0,0.0,0.0,0.0,0.0,0.0,0.13365735115431351,3.3171324422843265,14.37424058323208,10.729040097205349,1.445929526123937,0.9289508498030042,0.023376122371484797,0.0,0.0,0.0,0.0,0.0,0.0,0.0,0.0,0.0,0.0,0.0,0.0,0.0,0.0,0.0,0.0,0.0,0.0,0.0,0.0,0.0,0.0,0.0,0.0,0.0,0.051150895140664975,3.363171355498722,13.836317135549875,11.099744245524299,1.6496163682864453,0.406,0.011536,0.0,0.0,0.0,0.0,0.0,0.0,0.0,0.0,0.0,0.0,0.02430133657351155,9.027946537059526,20.66828675577157,0.2794653705953828,0.0,0.0,0.0,0.0,0.0,0.0,0.0,0.0,0.0,0.0,0.0,0.0,0.0,0.0,0.0,0.0,0.4058,0.01129,0.0,0.0,0.0,0.0,0.0,0.0,0.0,0.0,0.0,0.0,0.012787723785166244,9.130434782608683,20.677749360613813,0.17902813299232742,0.0,0.0,0.0,0.0,0.0,0.0,0.0,0.0,0.0,0.0,0.0,0.0,0.0,0.0,0.0,0.0
91100,5006,2546,0.508589692369157,1169,1054,0.444067119456652,1431,0.5717139432680783,0.3960000000000001,2.928861788617886,3.0176008623801547,6.412445730824891,2.061097513937851,9495.744706352378,1614.761663921156,7853.0,11083.0,11083.0,0.0,7853.0,0.0,27.660607271274472,20.8387085066256,32.8469485824123,19.029615416863855,0.1474230922892529,0.09708349980023971,0.09388733519776268,0.08509788254095085,0.08170195765081902,0.07291250499400719,0.06951658010387535,0.06452257291250499,0.06112664802237315,0.04834198961246504,0.04694366759888134,0.03975229724330803,0.03076308429884139,0.028565721134638435,0.015781062724730323,0.009788254095085897,0.0067918497802636835,0.9283305646727383,0.02313786910526275,0.0,0.0,0.0,0.0,0.0,0.0,0.0,0.0,0.0,0.0,0.0,0.0,0.0,0.0,0.0,0.0,0.0,0.0,0.0,0.0,0.0,0.0,0.0,0.0,0.0,0.13783459848182184,3.104274870155814,14.202956452257293,11.104674390731125,1.4502596883739516,4.2559375,2.751896345448671,nan,nan,nan,4.213156230234029,2.727697366362549,4.298516687268233,2.7753569064182293,1.020260453771367,0.4062,0.01171,0.0,0.0,0.0,0.0,0.0,0.0,0.0,0.0,0.0,0.0,0.005992808629644428,8.983220135836982,20.765081901717945,0.24570515381542155,0.0,0.0,0.0,0.0,0.0,0.0,0.0,0.0,0.0,0.0,0.0,0.0,0.0,0.0,0.0,0.0,nan,nan,4.2559375,2.751896345448671,nan,0.4062,0.06155,0.0,0.0,0.0,0.0,0.0,0.0,0.0,0.0,0.0,0.0,0.0,0.0,0.0,0.0,0.0,0.0,0.0,5.992808629644427e-05,9.98801438274071e-06,4.9940071913703555e-05,0.0007890531362365162,0.004694366759888134,0.0013284059129045145,0.0007391130643228126,0.007600878945265681,0.00015980823012385137,0.00014982021574111066,0.0019776268477826606,0.008639632441070716,0.0038853375948861364,0.02907510986815821,0.012025569316819817,0.016889732321214542,0.025479424690371556,0.049240910906911704,0.048092289252896527,0.04967039552536956,0.06893727526967638,0.05087894526568118,0.055013983220135836,0.07007590890930883,0.04225928885337595,0.08393927287255294,0.06503196164602477,0.01587095485417499,0.03238114262884539,0.07948461845785058,0.02864562524970036,0.032101478226128646,0.048062325209748305,0.03103276068717539,0.01080703156212545,0.003955253695565321,0.007930483419896125,0.00576308429884139,0.0021274470635237715,0.002766679984019177,9.98801438274071e-06,0.0022572912504994005,2.9964043148222134e-05,6.991610067918497e-05,9.98801438274071e-06,0.0,0.0,0.0,0.0,0.0,0.0,0.0,0.0,0.0,0.0,0.0,0.0,0.0,0.0,0.0,0.0,0.0,0.0,0.0,0.0,0.0,0.0,0.0,0.0,0.0,0.0,0.0,0.0,0.0,0.0,0.0,0.0,0.0,0.0,0.0,0.0,0.0,0.0,0.0,nan,nan,4.2559375,2.751896345448671,nan,0.9284527892918448,0.023362405248129083,0.0,0.0,0.0,0.0,0.0,0.0,0.0,0.0,0.0,0.0,0.0,0.0,0.0,0.0,0.0,0.0,0.0,0.0,0.0,0.0,0.0,0.0,0.0,0.0,0.0,0.09426551453260018,3.3464257659073064,13.89238020424195,11.135113904163397,1.5318146111547528,0.9282040671604436,0.02290247850032493,0.0,0.0,0.0,0.0,0.0,0.0,0.0,0.0,0.0,0.0,0.0,0.0,0.0,0.0,0.0,0.0,0.0,0.0,0.0,0.0,0.0,0.0,0.0,0.0,0.0,0.18292682926829273,2.8536585365853666,14.524390243902442,11.07317073170732,1.3658536585365857,0.4062,0.0117,0.0,0.0,0.0,0.0,0.0,0.0,0.0,0.0,0.0,0.0,0.011783189316575023,8.978790259230152,20.820895522388067,0.18853102906520036,0.0,0.0,0.0,0.0,0.0,0.0,0.0,0.0,0.0,0.0,0.0,0.0,0.0,0.0,0.0,0.0,0.4065,0.01172,0.0,0.0,0.0,0.0,0.0,0.0,0.0,0.0,0.0,0.0,0.0,8.987804878048767,20.70731707317074,0.30487804878048785,0.0,0.0,0.0,0.0,0.0,0.0,0.0,0.0,0.0,0.0,0.0,0.0,0.0,0.0,0.0,0.0
91200,4640,2395,0.5161637931034483,1134,928,0.44439655172413794,1285,0.5538793103448276,0.4120000000000001,2.938084632516704,3.053377680917493,6.444444444444445,2.1659542988464366,9520.209051724138,1614.1558830912415,7853.0,11083.0,11083.0,0.0,7853.0,0.0,28.42176724137931,21.041019060011195,33.452399281498586,19.1962797646938,0.1396551724137931,0.0980603448275862,0.09094827586206897,0.08017241379310344,0.07780172413793103,0.07112068965517242,0.07112068965517242,0.07219827586206896,0.058836206896551724,0.04849137931034483,0.05043103448275862,0.04482758620689655,0.03362068965517241,0.026293103448275863,0.01853448275862069,0.009267241379310344,0.008620689655172414,0.9291793603064685,0.023507955088140187,0.0,0.0,0.0,0.0,0.0,0.0,0.0,0.0,0.0,0.0,0.0,0.0,0.0,0.0,0.0,0.0,0.0,0.0,0.0,0.0,0.0,0.0,0.0,0.0,0.0,0.12284482758620692,3.0775862068965525,13.933189655172416,11.2823275862069,1.5840517241379315,4.1099701888042395,2.7949399397984958,nan,nan,nan,4.072089947089947,2.8102634782714495,4.147976111479761,2.7789617877683357,1.0186356798046774,0.4065,0.0118,0.0,0.0,0.0,0.0,0.0,0.0,0.0,0.0,0.0,0.0,0.006465517241379312,8.812499999999988,20.82543103448276,0.35560344827586216,0.0,0.0,0.0,0.0,0.0,0.0,0.0,0.0,0.0,0.0,0.0,0.0,0.0,0.0,0.0,0.0,nan,nan,4.1099701888042395,2.7949399397984958,nan,0.4065,0.06134,0.0,0.0,0.0,0.0,0.0,0.0,0.0,0.0,0.0,0.0,0.0,0.0,0.0,0.0,0.0,0.0,1.0775862068965516e-05,0.0,0.0,3.232758620689655e-05,0.0008081896551724138,0.00394396551724138,0.0009698275862068965,0.0009913793103448277,0.007823275862068966,0.00014008620689655172,0.0004418103448275862,0.0021982758620689657,0.008038793103448277,0.0034698275862068964,0.02738146551724138,0.012047413793103449,0.01646551724137931,0.025926724137931033,0.05179956896551724,0.04716594827586207,0.049806034482758624,0.06978448275862069,0.0521875,0.05634698275862069,0.06685344827586207,0.0447198275862069,0.08517241379310345,0.06279094827586207,0.014644396551724137,0.0334375,0.07879310344827586,0.026842672413793102,0.03224137931034483,0.048674568965517244,0.030247844827586207,0.010808189655172414,0.005334051724137931,0.008491379310344828,0.006325431034482759,0.0015517241379310344,0.003146551724137931,0.0,0.002144396551724138,0.0,0.0,0.0,0.0,0.0,0.0,0.0,0.0,0.0,0.0,0.0,0.0,0.0,0.0,0.0,0.0,0.0,0.0,0.0,0.0,0.0,0.0,0.0,0.0,0.0,0.0,0.0,0.0,0.0,0.0,0.0,0.0,0.0,0.0,0.0,0.0,0.0,0.0,0.0,0.0,0.0,0.0,nan,nan,4.1099701888042395,2.7949399397984958,nan,0.9289358324944849,0.023406532294898735,0.0,0.0,0.0,0.0,0.0,0.0,0.0,0.0,0.0,0.0,0.0,0.0,0.0,0.0,0.0,0.0,0.0,0.0,0.0,0.0,0.0,0.0,0.0,0.0,0.0,0.08768267223382048,3.231732776617955,14.054279749478082,10.985386221294366,1.6409185803757833,0.9294391594644644,0.023612905508825843,0.0,0.0,0.0,0.0,0.0,0.0,0.0,0.0,0.0,0.0,0.0,0.0,0.0,0.0,0.0,0.0,0.0,0.0,0.0,0.0,0.0,0.0,0.0,0.0,0.0,0.16035634743875282,2.9131403118040096,13.804008908685972,11.599109131403122,1.523385300668152,0.4065,0.01182,0.0,0.0,0.0,0.0,0.0,0.0,0.0,0.0,0.0,0.0,0.0,8.530271398747379,21.043841336116916,0.42588726513569947,0.0,0.0,0.0,0.0,0.0,0.0,0.0,0.0,0.0,0.0,0.0,0.0,0.0,0.0,0.0,0.0,0.4065,0.01179,0.0,0.0,0.0,0.0,0.0,0.0,0.0,0.0,0.0,0.0,0.013363028953229402,9.113585746102437,20.592427616926507,0.28062360801781744,0.0,0.0,0.0,0.0,0.0,0.0,0.0,0.0,0.0,0.0,0.0,0.0,0.0,0.0,0.0,0.0
91300,4480,2315,0.5167410714285714,1095,924,0.45066964285714284,1268,0.5660714285714286,0.4120000000000001,3.004618937644342,3.1095438138222407,6.56514657980456,2.24003189571573,9522.073660714286,1614.094495132474,7853.0,11083.0,11083.0,0.0,7853.0,0.0,28.277455357142856,20.89889630432857,33.26480743691899,19.05933272373254,0.13883928571428572,0.09709821428571429,0.09107142857142857,0.08035714285714286,0.08214285714285714,0.075,0.06964285714285715,0.06919642857142858,0.057366071428571426,0.054464285714285715,0.0484375,0.0421875,0.033482142857142856,0.024553571428571428,0.018080357142857145,0.011383928571428571,0.006696428571428571,0.9293264155010027,0.0233801189335392,0.0,0.0,0.0,0.0,0.0,0.0,0.0,0.0,0.0,0.0,0.0,0.0,0.0,0.0,0.0,0.0,0.0,0.0,0.0,0.0,0.0,0.0,0.0,0.0,0.0,0.12053571428571432,3.060267857142858,14.029017857142861,11.075892857142861,1.7142857142857146,4.20926243567753,2.8834626312610334,nan,nan,nan,4.223829201101928,2.911960647708506,4.194805194805195,2.854824138347044,0.9931285085369547,0.4062,0.01179,0.0,0.0,0.0,0.0,0.0,0.0,0.0,0.0,0.0,0.0,0.0,9.053571428571416,20.571428571428573,0.3750000000000001,0.0,0.0,0.0,0.0,0.0,0.0,0.0,0.0,0.0,0.0,0.0,0.0,0.0,0.0,0.0,0.0,nan,nan,4.20926243567753,2.8834626312610334,nan,0.4062,0.0614,0.0,0.0,0.0,0.0,0.0,0.0,0.0,0.0,0.0,0.0,0.0,0.0,0.0,0.0,0.0,0.0,0.0,0.0,0.0,0.00015625,0.00078125,0.004352678571428572,0.0008928571428571428,0.00078125,0.009073660714285715,0.00021205357142857142,0.0005803571428571429,0.0018861607142857144,0.006372767857142857,0.00359375,0.026350446428571428,0.011830357142857142,0.01640625,0.024955357142857144,0.05284598214285714,0.046517857142857146,0.053359375,0.07094866071428571,0.05161830357142857,0.057868303571428574,0.0659375,0.04463169642857143,0.08277901785714285,0.06324776785714285,0.013761160714285714,0.03526785714285714,0.07871651785714286,0.027935267857142856,0.03168526785714286,0.047098214285714285,0.029363839285714285,0.01125,0.005513392857142857,0.007779017857142857,0.00625,0.002220982142857143,0.0027901785714285715,3.348214285714286e-05,0.002332589285714286,0.0,2.232142857142857e-05,0.0,0.0,0.0,0.0,0.0,0.0,0.0,0.0,0.0,0.0,0.0,0.0,0.0,0.0,0.0,0.0,0.0,0.0,0.0,0.0,0.0,0.0,0.0,0.0,0.0,0.0,0.0,0.0,0.0,0.0,0.0,0.0,0.0,0.0,0.0,0.0,0.0,0.0,0.0,0.0,nan,nan,4.20926243567753,2.8834626312610334,nan,0.9290901399585649,0.023713741393731287,0.0,0.0,0.0,0.0,0.0,0.0,0.0,0.0,0.0,0.0,0.0,0.0,0.0,0.0,0.0,0.0,0.0,0.0,0.0,0.0,0.0,0.0,0.0,0.0,0.0,0.14254859611231105,3.3174946004319663,13.645788336933048,11.170626349892013,1.72354211663067,0.9295790611734016,0.023015349368951096,0.0,0.0,0.0,0.0,0.0,0.0,0.0,0.0,0.0,0.0,0.0,0.0,0.0,0.0,0.0,0.0,0.0,0.0,0.0,0.0,0.0,0.0,0.0,0.0,0.0,0.09699769053117785,2.7852193995381067,14.438799076212474,10.974595842956122,1.704387990762125,0.4065,0.01176,0.0,0.0,0.0,0.0,0.0,0.0,0.0,0.0,0.0,0.0,0.0,8.980561555075582,20.643628509719225,0.3758099352051837,0.0,0.0,0.0,0.0,0.0,0.0,0.0,0.0,0.0,0.0,0.0,0.0,0.0,0.0,0.0,0.0,0.4062,0.01181,0.0,0.0,0.0,0.0,0.0,0.0,0.0,0.0,0.0,0.0,0.0,9.131639722863728,20.494226327944578,0.374133949191686,0.0,0.0,0.0,0.0,0.0,0.0,0.0,0.0,0.0,0.0,0.0,0.0,0.0,0.0,0.0,0.0
91400,4649,2387,0.5134437513443751,1118,982,0.4517100451710045,1344,0.5781888578188857,0.4280000000000001,3.0601237842617155,3.167573268147185,6.82018927444795,2.0802138241249497,9511.423316842332,1614.4161221799077,7853.0,11083.0,11083.0,0.0,7853.0,0.0,27.439664443966443,20.687304768686033,32.71896103896104,18.813906958004658,0.1507851150785115,0.09744030974403098,0.08604000860400086,0.08926650892665089,0.08517960851796086,0.07141320714132071,0.07227360722736072,0.06151860615186062,0.06087330608733061,0.05592600559260056,0.04366530436653044,0.03549150354915036,0.03140460314046031,0.02581200258120026,0.017638201763820176,0.00903420090342009,0.006237900623790062,0.9271535134156511,0.023047239787635464,0.0,0.0,0.0,0.0,0.0,0.0,0.0,0.0,0.0,0.0,0.0,0.0,0.0,0.0,0.0,0.0,0.0,0.0,0.0,0.0,0.0,0.0,0.0,0.0,0.0,0.096795009679501,3.5362443536244363,14.377285437728547,10.67326306732631,1.3164121316412134,4.365681665547347,2.925006969403792,nan,nan,nan,4.478201634877384,2.9533501104465603,4.256291390728477,2.892993961415545,0.9504465715834203,0.4062,0.011475,0.0,0.0,0.0,0.0,0.0,0.0,0.0,0.0,0.0,0.0,0.0193590019359002,8.711550871155074,20.998064099806413,0.27102602710260276,0.0,0.0,0.0,0.0,0.0,0.0,0.0,0.0,0.0,0.0,0.0,0.0,0.0,0.0,0.0,0.0,nan,nan,4.365681665547347,2.925006969403792,nan,0.4062,0.06125,0.0,0.0,0.0,0.0,0.0,0.0,0.0,0.0,0.0,0.0,0.0,0.0,0.0,0.0,0.0,0.0,0.0,0.0,0.0,0.00020434502043450205,0.0007743600774360078,0.004398795439879544,0.0008819100881910088,0.0009571950957195096,0.009130995913099592,0.0002473650247365025,0.0008604000860400087,0.0017745751774575177,0.006399225639922564,0.003904065390406539,0.02394063239406324,0.01194880619488062,0.01506775650677565,0.02485480748548075,0.05809851580985158,0.04535383953538395,0.052613465261346526,0.07097225209722521,0.051806840180684016,0.05707679070767907,0.06577758657775866,0.045708754570875455,0.0799849429984943,0.06401376640137664,0.015540976554097655,0.034523553452355346,0.07894170789417079,0.027672617767261775,0.03177027317702732,0.04899978489997849,0.029275112927511292,0.01203484620348462,0.005452785545278555,0.006592815659281566,0.00496881049688105,0.00298989029898903,0.002559690255969026,2.1510002151000216e-05,0.0018713701871370188,2.1510002151000216e-05,1.0755001075500108e-05,0.0,0.0,0.0,0.0,0.0,0.0,0.0,0.0,0.0,0.0,0.0,0.0,0.0,0.0,0.0,0.0,0.0,0.0,0.0,0.0,0.0,0.0,0.0,0.0,0.0,0.0,0.0,0.0,0.0,0.0,0.0,0.0,0.0,0.0,0.0,0.0,0.0,0.0,0.0,0.0,nan,nan,4.365681665547347,2.925006969403792,nan,0.9268759603674162,0.023207283571613665,0.0,0.0,0.0,0.0,0.0,0.0,0.0,0.0,0.0,0.0,0.0,0.0,0.0,0.0,0.0,0.0,0.0,0.0,0.0,0.0,0.0,0.0,0.0,0.0,0.0,0.1256807708420612,3.695014662756599,14.566401340594892,10.305823209049018,1.3070800167574366,0.9274464042760122,0.022873485808197227,0.0,0.0,0.0,0.0,0.0,0.0,0.0,0.0,0.0,0.0,0.0,0.0,0.0,0.0,0.0,0.0,0.0,0.0,0.0,0.0,0.0,0.0,0.0,0.0,0.0,0.06631299734748011,3.36870026525199,14.17771883289125,11.061007957559685,1.3262599469496024,0.4065,0.011696,0.0,0.0,0.0,0.0,0.0,0.0,0.0,0.0,0.0,0.0,0.01256807708420612,8.596564725596972,21.026392961876837,0.3644742354419775,0.0,0.0,0.0,0.0,0.0,0.0,0.0,0.0,0.0,0.0,0.0,0.0,0.0,0.0,0.0,0.0,0.406,0.01124,0.0,0.0,0.0,0.0,0.0,0.0,0.0,0.0,0.0,0.0,0.026525198938992047,8.832891246684337,20.968169761273213,0.17241379310344832,0.0,0.0,0.0,0.0,0.0,0.0,0.0,0.0,0.0,0.0,0.0,0.0,0.0,0.0,0.0,0.0
91500,4912,2595,0.5282980456026058,1257,957,0.4507328990228013,1332,0.5423452768729642,0.4200000000000001,3.0362537764350455,3.1423537359169456,6.593323216995447,2.181801757883901,9559.402687296417,1612.4114080330098,7853.0,11083.0,11083.0,0.0,7853.0,0.0,28.177524429967427,20.879663353471223,33.13711240310077,19.07980228481615,0.13802931596091206,0.10382736156351792,0.08591205211726384,0.08143322475570032,0.07654723127035831,0.08224755700325732,0.07206840390879479,0.06433224755700326,0.06026058631921824,0.05639250814332247,0.044381107491856676,0.039291530944625404,0.03521986970684039,0.02463355048859935,0.014861563517915309,0.013232899022801304,0.007328990228013029,0.9274190433614611,0.02297922511666735,0.0,0.0,0.0,0.0,0.0,0.0,0.0,0.0,0.0,0.0,0.0,0.0,0.0,0.0,0.0,0.0,0.0,0.0,0.0,0.0,0.0,0.0,0.0,0.0,0.0,0.11604234527687299,3.4079804560260594,14.584690553745931,10.59039087947883,1.300895765472313,4.292767295597485,2.92744729892564,nan,nan,nan,4.294808405438813,2.928945986607357,4.2906530089628685,2.925892570287273,0.9990324605701427,0.4058,0.01146,0.0,0.0,0.0,0.0,0.0,0.0,0.0,0.0,0.0,0.0,0.006107491856677526,8.978013029315948,20.76547231270359,0.25040716612377856,0.0,0.0,0.0,0.0,0.0,0.0,0.0,0.0,0.0,0.0,0.0,0.0,0.0,0.0,0.0,0.0,nan,nan,4.292767295597485,2.92744729892564,nan,0.4058,0.06128,0.0,0.0,0.0,0.0,0.0,0.0,0.0,0.0,0.0,0.0,0.0,0.0,0.0,0.0,0.0,0.0,0.0,0.0,0.0,0.00021376221498371336,0.0005496742671009772,0.004030944625407166,0.0008346905537459284,0.0008245114006514658,0.008967833876221498,0.00026465798045602606,0.0010993485342019544,0.002107084690553746,0.00577157980456026,0.00436685667752443,0.02864413680781759,0.011349755700325733,0.01573697068403909,0.02407369706840391,0.060504885993485344,0.044045195439739414,0.053226791530944624,0.07049063517915309,0.049979641693811076,0.05548656351791531,0.06409812703583062,0.045724755700325734,0.07959079804560261,0.06496335504885993,0.014871742671009772,0.03509771986970684,0.07996742671009772,0.02816571661237785,0.03202361563517915,0.0496742671009772,0.027666938110749186,0.012062296416938111,0.005323697068403909,0.006351791530944626,0.004682410423452769,0.003257328990228013,0.0016592019543973941,0.0,0.002239413680781759,1.0179153094462541e-05,0.0,0.0,0.0,0.0,0.0,0.0,0.0,0.0,0.0,0.0,0.0,0.0,0.0,0.0,0.0,0.0,0.0,0.0,0.0,0.0,0.0,0.0,0.0,0.0,0.0,0.0,0.0,0.0,0.0,0.0,0.0,0.0,0.0,0.0,0.0,0.0,0.0,0.0,0.0,0.0,0.0,nan,nan,4.292767295597485,2.92744729892564,nan,0.9276402038186502,0.022906504593674392,0.0,0.0,0.0,0.0,0.0,0.0,0.0,0.0,0.0,0.0,0.0,0.0,0.0,0.0,0.0,0.0,0.0,0.0,0.0,0.0,0.0,0.0,0.0,0.0,0.0,0.10404624277456649,3.2947976878612724,14.751445086705205,10.543352601156073,1.3063583815028905,0.9271713474674579,0.02305788043028317,0.0,0.0,0.0,0.0,0.0,0.0,0.0,0.0,0.0,0.0,0.0,0.0,0.0,0.0,0.0,0.0,0.0,0.0,0.0,0.0,0.0,0.0,0.0,0.0,0.0,0.12947777298230473,3.5347432024169194,14.397928355632287,10.64307293914545,1.2947777298230472,0.4055,0.011375,0.0,0.0,0.0,0.0,0.0,0.0,0.0,0.0,0.0,0.0,0.0115606936416185,9.317919075144495,20.473988439306364,0.1965317919075145,0.0,0.0,0.0,0.0,0.0,0.0,0.0,0.0,0.0,0.0,0.0,0.0,0.0,0.0,0.0,0.0,0.4062,0.011536,0.0,0.0,0.0,0.0,0.0,0.0,0.0,0.0,0.0,0.0,0.0,8.59732412602502,21.09192921881744,0.31074665515753136,0.0,0.0,0.0,0.0,0.0,0.0,0.0,0.0,0.0,0.0,0.0,0.0,0.0,0.0,0.0,0.0
91600,5057,2583,0.510777140597192,1245,1060,0.4558038362665612,1466,0.5797903895590271,0.35600000000000004,2.9458367016976554,3.0707595666379377,6.493860845839018,2.06815072961101,9502.81016412893,1614.6248023839214,7853.0,11083.0,11083.0,0.0,7853.0,0.0,28.532924658888668,20.778190373171675,33.23870517000466,19.00260031234728,0.1297211785643662,0.09689539252521258,0.08562388768044295,0.08898556456397073,0.08285544789400831,0.08245995649594622,0.07019972315602135,0.0652560806802452,0.059521455408344866,0.053193593039351394,0.04824995056357524,0.04113110539845758,0.0326280403401226,0.026497923670160173,0.017994858611825194,0.01265572473798695,0.006130116669962428,0.9271166510135966,0.023369922969112226,0.0,0.0,0.0,0.0,0.0,0.0,0.0,0.0,0.0,0.0,0.0,0.0,0.0,0.0,0.0,0.0,0.0,0.0,0.0,0.0,0.0,0.0,0.0,0.0,0.0,0.16017401621514737,3.5356930986751047,14.469052798101645,10.524026102432275,1.3110539845758358,4.214242968282465,2.8789981194793817,nan,nan,nan,4.202409638554217,2.8639839092069383,4.225461035098156,2.8944910923920326,1.0054852807142973,0.4058,0.01176,0.0,0.0,0.0,0.0,0.0,0.0,0.0,0.0,0.0,0.0,0.0,9.45619932766461,20.253114494759746,0.29068617757563775,0.0,0.0,0.0,0.0,0.0,0.0,0.0,0.0,0.0,0.0,0.0,0.0,0.0,0.0,0.0,0.0,nan,nan,4.214242968282465,2.8789981194793817,nan,0.4058,0.06137,0.0,0.0,0.0,0.0,0.0,0.0,0.0,0.0,0.0,0.0,0.0,0.0,0.0,0.0,0.0,0.0,0.0,0.0,1.9774569903104608e-05,0.00027684397864346453,0.0007316590864148704,0.0044097290883923276,0.0008503065058334981,0.0007217718014633182,0.008730472612220683,0.00016808384417638916,0.0010282776349614395,0.002343286533517896,0.00605101839035001,0.004587700217520269,0.027437215740557644,0.012200909630215542,0.015206644255487444,0.023877793157998813,0.06368400237294838,0.04365236306110342,0.05137433260826577,0.07141585920506228,0.046539450266956696,0.055269922879177376,0.0639707336365434,0.04639114099268341,0.08259837848526795,0.06324896183508008,0.014395886889460155,0.034012260233339926,0.08228198536681827,0.02969151670951157,0.03294443345857228,0.04757761518686968,0.027110935337156417,0.012843583152066443,0.00441961637334388,0.00643662250346055,0.004548151077714059,0.003509986157801068,0.001235910618944038,0.0,0.0021850899742930593,1.9774569903104608e-05,0.0,0.0,0.0,0.0,0.0,0.0,0.0,0.0,0.0,0.0,0.0,0.0,0.0,0.0,0.0,0.0,0.0,0.0,0.0,0.0,0.0,0.0,0.0,0.0,0.0,0.0,0.0,0.0,0.0,0.0,0.0,0.0,0.0,0.0,0.0,0.0,0.0,0.0,0.0,0.0,0.0,nan,nan,4.214242968282465,2.8789981194793817,nan,0.9273565480794917,0.023509768428327714,0.0,0.0,0.0,0.0,0.0,0.0,0.0,0.0,0.0,0.0,0.0,0.0,0.0,0.0,0.0,0.0,0.0,0.0,0.0,0.0,0.0,0.0,0.0,0.0,0.0,0.1509872241579559,3.48432055749129,14.332171893147505,10.557491289198609,1.475029036004646,0.926866184513513,0.02322037308591206,0.0,0.0,0.0,0.0,0.0,0.0,0.0,0.0,0.0,0.0,0.0,0.0,0.0,0.0,0.0,0.0,0.0,0.0,0.0,0.0,0.0,0.0,0.0,0.0,0.0,0.16976556184316902,3.5893290218270018,14.61196443007276,10.4890864995958,1.1398544866612774,0.4058,0.01196,0.0,0.0,0.0,0.0,0.0,0.0,0.0,0.0,0.0,0.0,0.0,9.442508710801379,20.325203252032527,0.23228803716608598,0.0,0.0,0.0,0.0,0.0,0.0,0.0,0.0,0.0,0.0,0.0,0.0,0.0,0.0,0.0,0.0,0.4058,0.011536,0.0,0.0,0.0,0.0,0.0,0.0,0.0,0.0,0.0,0.0,0.0,9.47049312853677,20.17784963621666,0.35165723524656434,0.0,0.0,0.0,0.0,0.0,0.0,0.0,0.0,0.0,0.0,0.0,0.0,0.0,0.0,0.0,0.0
91700,4491,2390,0.5321754620351815,1159,883,0.45468715208194166,1232,0.5486528612781117,0.4200000000000001,2.989052831984769,3.07720335575781,6.441747572815534,2.166381452208888,9571.926742373636,1611.652640062245,7853.0,11083.0,11083.0,0.0,7853.0,0.0,28.437319082609665,21.041577026849307,33.310935441370226,19.239336462165117,0.1398352260075707,0.08773101759073702,0.0950790469828546,0.08617234468937876,0.08639501224671566,0.07303495880650189,0.06435092407036294,0.06368292139835226,0.06279225116900468,0.05678022712090848,0.04542418169672679,0.04319750612335783,0.03117345802716544,0.023157425963037187,0.018704074816299265,0.014250723669561345,0.008238699621465152,0.9266917521718403,0.023266570657877714,0.0,0.0,0.0,0.0,0.0,0.0,0.0,0.0,0.0,0.0,0.0,0.0,0.0,0.0,0.0,0.0,0.0,0.0,0.0,0.0,0.0,0.0,0.0,0.0,0.0,0.16032064128256515,3.734134936539747,14.402137608550438,10.380761523046093,1.3226452905811625,4.071864406779661,2.91546227085876,nan,nan,nan,4.082706766917293,2.9289831390979884,4.061197041022193,2.9020586192391638,0.9947315036021209,0.4055,0.01148,0.0,0.0,0.0,0.0,0.0,0.0,0.0,0.0,0.0,0.0,0.020040080160320644,9.305277221108872,20.41416165664663,0.2605210420841684,0.0,0.0,0.0,0.0,0.0,0.0,0.0,0.0,0.0,0.0,0.0,0.0,0.0,0.0,0.0,0.0,nan,nan,4.071864406779661,2.91546227085876,nan,0.4055,0.06198,0.0,0.0,0.0,0.0,0.0,0.0,0.0,0.0,0.0,0.0,0.0,0.0,0.0,0.0,0.0,0.0,0.0,1.11333778668448e-05,0.0,0.0003228679581384992,0.001057670897350256,0.005154753952349143,0.001503006012024048,0.0007348029392117569,0.008806501892674238,0.0001002004008016032,0.0011022044088176352,0.003395680249387664,0.006012024048096192,0.005054553551547539,0.027165441995101312,0.012424849699398798,0.01305945223780895,0.02479403250946337,0.06206858160765977,0.0431418392340236,0.0526831440659096,0.0710754843019372,0.047428189712758854,0.05243820975283901,0.06259185036740147,0.04605878423513694,0.07971498552660877,0.06626586506346026,0.015742596303718548,0.034079269650411935,0.08146292585170341,0.03150745936317079,0.033589401024270764,0.04622578490313961,0.026619906479625918,0.015052326875974171,0.004642618570474282,0.006190158093965709,0.00421955021153418,0.003751948341126698,0.0010465375194834113,0.0,0.0017034068136272545,0.0,0.0,0.0,0.0,0.0,0.0,0.0,0.0,0.0,0.0,0.0,0.0,0.0,0.0,0.0,0.0,0.0,0.0,0.0,0.0,0.0,0.0,0.0,0.0,0.0,0.0,0.0,0.0,0.0,0.0,0.0,0.0,0.0,0.0,0.0,0.0,0.0,0.0,0.0,0.0,0.0,0.0,nan,nan,4.071864406779661,2.91546227085876,nan,0.9263001603312073,0.023362341745143764,0.0,0.0,0.0,0.0,0.0,0.0,0.0,0.0,0.0,0.0,0.0,0.0,0.0,0.0,0.0,0.0,0.0,0.0,0.0,0.0,0.0,0.0,0.0,0.0,0.0,0.20083682008368206,3.8786610878661096,14.472803347280339,10.217573221757323,1.2301255230125525,0.9271372088587096,0.02314909213295072,0.0,0.0,0.0,0.0,0.0,0.0,0.0,0.0,0.0,0.0,0.0,0.0,0.0,0.0,0.0,0.0,0.0,0.0,0.0,0.0,0.0,0.0,0.0,0.0,0.0,0.11423131841980012,3.5697287006187537,14.32175154688244,10.56639695383151,1.4278914802475013,0.4055,0.01155,0.0,0.0,0.0,0.0,0.0,0.0,0.0,0.0,0.0,0.0,0.012552301255230129,9.200836820083667,20.54811715481172,0.23849372384937242,0.0,0.0,0.0,0.0,0.0,0.0,0.0,0.0,0.0,0.0,0.0,0.0,0.0,0.0,0.0,0.0,0.4058,0.011406,0.0,0.0,0.0,0.0,0.0,0.0,0.0,0.0,0.0,0.0,0.02855782960495003,9.424083769633494,20.261780104712045,0.2855782960495003,0.0,0.0,0.0,0.0,0.0,0.0,0.0,0.0,0.0,0.0,0.0,0.0,0.0,0.0,0.0,0.0
91800,4315,2206,0.5112398609501738,1012,892,0.4412514484356895,1229,0.5696407879490151,0.4360000000000001,2.9492650545282126,3.1381628509537207,6.690311418685121,2.221149420302259,9504.304750869062,1614.5918880832817,7853.0,11083.0,11083.0,0.0,7853.0,0.0,28.023870220162223,20.953209149570863,33.00303699613473,19.18513199085787,0.1418308227114716,0.09942062572421785,0.09362688296639629,0.08389339513325608,0.08203939745075318,0.07531865585168018,0.06558516801853997,0.05816917728852839,0.056546929316338354,0.06002317497103129,0.05028968713789108,0.037543453070683665,0.036848203939745076,0.026651216685979143,0.015063731170336037,0.010196987253765933,0.006952491309385863,0.9270851355576984,0.02327542127928351,0.0,0.0,0.0,0.0,0.0,0.0,0.0,0.0,0.0,0.0,0.0,0.0,0.0,0.0,0.0,0.0,0.0,0.0,0.0,0.0,0.0,0.0,0.0,0.0,0.006952491309385865,0.16685979142526075,3.6292004634994215,14.03707995365006,10.97798377752028,1.181923522595597,4.236141108711303,2.8885645935886273,nan,nan,nan,4.203304597701149,2.8536456818139113,4.272202166064982,2.9216458176922524,1.0163912861327047,0.405,0.01168,0.0,0.0,0.0,0.0,0.0,0.0,0.0,0.0,0.0,0.0,0.01390498261877173,9.95596755504054,19.78679026651217,0.24333719582850527,0.0,0.0,0.0,0.0,0.0,0.0,0.0,0.0,0.0,0.0,0.0,0.0,0.0,0.0,0.0,0.0,nan,nan,4.236141108711303,2.8885645935886273,nan,0.405,0.0616,0.0,0.0,0.0,0.0,0.0,0.0,0.0,0.0,0.0,0.0,0.0,0.0,0.0,0.0,0.0,0.0,0.0,0.0,0.0,0.0007531865585168019,0.000764774044032445,0.004947856315179606,0.0014136732329084589,0.0006952491309385864,0.008122827346465817,4.634994206257242e-05,0.0015179606025492469,0.00473928157589803,0.005654692931633835,0.005909617612977984,0.02891077636152955,0.011807647740440325,0.011622247972190036,0.02439165701042874,0.06098493626882966,0.042676709154113555,0.05351100811123986,0.07114716106604867,0.0487369640787949,0.053221320973348786,0.06651216685979143,0.04835457705677868,0.07660486674391657,0.06646581691772885,0.016720741599073,0.03346465816917729,0.07923522595596756,0.031089223638470453,0.03298957126303592,0.04815758980301275,0.024901506373117034,0.014565469293163383,0.003441483198146002,0.00660486674391657,0.0034994206257242177,0.0032213209733487833,0.0007300115874855157,3.4762456546929314e-05,0.0018192352259559675,1.1587485515643105e-05,0.0,0.0,0.0,0.0,0.0,0.0,0.0,0.0,0.0,0.0,0.0,0.0,0.0,0.0,0.0,0.0,0.0,0.0,0.0,0.0,0.0,0.0,0.0,0.0,0.0,0.0,0.0,0.0,0.0,0.0,0.0,0.0,0.0,0.0,0.0,0.0,0.0,0.0,0.0,0.0,0.0,nan,nan,4.236141108711303,2.8885645935886273,nan,0.9270824121002273,0.023420962916317126,0.0,0.0,0.0,0.0,0.0,0.0,0.0,0.0,0.0,0.0,0.0,0.0,0.0,0.0,0.0,0.0,0.0,0.0,0.0,0.0,0.0,0.0,0.0,0.0,0.0,0.14959202175883957,3.5902085222121496,14.197642792384409,10.784224841341796,1.2783318223028106,0.9270879842761344,0.023122205094521547,0.0,0.0,0.0,0.0,0.0,0.0,0.0,0.0,0.0,0.0,0.0,0.0,0.0,0.0,0.0,0.0,0.0,0.0,0.0,0.0,0.0,0.0,0.0,0.0,0.014224751066856334,0.18492176386913234,3.669985775248934,13.869132290184925,11.180654338549077,1.0810810810810814,0.405,0.01178,0.0,0.0,0.0,0.0,0.0,0.0,0.0,0.0,0.0,0.0,0.0,10.131459655485026,19.62375339981868,0.24478694469628293,0.0,0.0,0.0,0.0,0.0,0.0,0.0,0.0,0.0,0.0,0.0,0.0,0.0,0.0,0.0,0.0,0.405,0.011566,0.0,0.0,0.0,0.0,0.0,0.0,0.0,0.0,0.0,0.0,0.028449502133712667,9.772403982930285,19.957325746799434,0.24182076813655767,0.0,0.0,0.0,0.0,0.0,0.0,0.0,0.0,0.0,0.0,0.0,0.0,0.0,0.0,0.0,0.0
91900,4642,2400,0.5170185264971995,1135,935,0.44592847910383454,1283,0.5527789745799224,0.4040000000000001,3.0147190008920606,3.119856285787129,6.576506955177743,2.2064829679071045,9522.969840585954,1614.0642232036353,7853.0,11083.0,11083.0,0.0,7853.0,0.0,28.242998707453683,20.981762548507763,33.190012804097314,19.198784976088845,0.13916415338216287,0.0995260663507109,0.08875484704868591,0.08530805687203792,0.08186126669538991,0.07087462300732443,0.06958207669108143,0.07001292546316243,0.05838000861697544,0.052563550193881946,0.046100818612666954,0.03705299439896596,0.03662214562688496,0.028005170185264973,0.020249892287806978,0.009478672985781991,0.006462731581214994,0.9274725423245428,0.022962710953815652,0.0,0.0,0.0,0.0,0.0,0.0,0.0,0.0,0.0,0.0,0.0,0.0,0.0,0.0,0.0,0.0,0.0,0.0,0.0,0.0,0.0,0.0,0.0,0.0,0.019388194743644983,0.10986643688065491,3.3347694959069374,14.437742352434299,10.857389056441193,1.240844463593279,4.246839654025282,2.8865695484527945,nan,nan,nan,4.392026578073089,2.8930784990994303,4.10126582278481,2.8726706921180916,0.9337980428579635,0.4053,0.011406,0.0,0.0,0.0,0.0,0.0,0.0,0.0,0.0,0.0,0.0,0.01292546316242999,9.54545454545453,20.267126238690224,0.17449375269280487,0.0,0.0,0.0,0.0,0.0,0.0,0.0,0.0,0.0,0.0,0.0,0.0,0.0,0.0,0.0,0.0,nan,nan,4.246839654025282,2.8865695484527945,nan,0.4053,0.0613,0.0,0.0,0.0,0.0,0.0,0.0,0.0,0.0,0.0,0.0,0.0,0.0,0.0,0.0,0.0,0.0,0.0,0.0,0.0,0.0005385609651012495,0.0007862990090478242,0.004297716501507971,0.0013679448513571736,0.0005385609651012495,0.007356742783283068,4.308487720809996e-05,0.0011740629039207239,0.0042330891856958205,0.006150366221456269,0.005827229642395519,0.02975010771219302,0.011805256355019389,0.011966824644549763,0.022845756139595,0.05995260663507109,0.04319258940112021,0.05641964670400689,0.0720702283498492,0.05020465316673847,0.052466609220163725,0.06412106850495476,0.0471133132270573,0.07686342093925032,0.06708315381301164,0.016663076260232657,0.03447867298578199,0.07760663507109004,0.031247307195174493,0.032076691081430415,0.05063550193881947,0.023588970271434726,0.015790607496768635,0.003209823352003447,0.007453683757001292,0.003199052132701422,0.002714347264110297,0.001023265833692374,7.539853511417492e-05,0.002057302886686773,1.077121930202499e-05,0.0,0.0,0.0,0.0,0.0,0.0,0.0,0.0,0.0,0.0,0.0,0.0,0.0,0.0,0.0,0.0,0.0,0.0,0.0,0.0,0.0,0.0,0.0,0.0,0.0,0.0,0.0,0.0,0.0,0.0,0.0,0.0,0.0,0.0,0.0,0.0,0.0,0.0,0.0,0.0,0.0,nan,nan,4.246839654025282,2.8865695484527945,nan,0.9272134870042403,0.02295186430020959,0.0,0.0,0.0,0.0,0.0,0.0,0.0,0.0,0.0,0.0,0.0,0.0,0.0,0.0,0.0,0.0,0.0,0.0,0.0,0.0,0.0,0.0,0.0,0.0,0.012500000000000002,0.12500000000000003,3.475000000000001,14.500000000000004,10.612500000000002,1.2750000000000001,0.9277498539965883,0.022971078987250287,0.0,0.0,0.0,0.0,0.0,0.0,0.0,0.0,0.0,0.0,0.0,0.0,0.0,0.0,0.0,0.0,0.0,0.0,0.0,0.0,0.0,0.0,0.0,0.0,0.026761819803746662,0.09366636931311331,3.184656556645853,14.371097234611957,11.119536128456739,1.2042818911685997,0.4055,0.011475,0.0,0.0,0.0,0.0,0.0,0.0,0.0,0.0,0.0,0.0,0.012500000000000002,9.387499999999987,20.4125,0.18750000000000006,0.0,0.0,0.0,0.0,0.0,0.0,0.0,0.0,0.0,0.0,0.0,0.0,0.0,0.0,0.0,0.0,0.405,0.01131,0.0,0.0,0.0,0.0,0.0,0.0,0.0,0.0,0.0,0.0,0.013380909901873331,9.714540588760022,20.111507582515614,0.16057091882247995,0.0,0.0,0.0,0.0,0.0,0.0,0.0,0.0,0.0,0.0,0.0,0.0,0.0,0.0,0.0,0.0
92000,4599,2398,0.5214176994998913,1165,891,0.4470537073276799,1225,0.532724505327245,0.4120000000000001,2.9582008178100865,3.11407778518386,6.5015625,2.113201968244813,9537.179169384648,1613.5176610509257,7853.0,11083.0,11083.0,0.0,7853.0,0.0,28.381387258099586,20.792564397773297,33.08736869075071,19.039982523108044,0.13285496847140682,0.09676016525331593,0.09784735812133072,0.08545335942596216,0.07979995651228527,0.0730593607305936,0.06610132637529897,0.06370950206566645,0.06175255490323983,0.053924766253533374,0.050880626223091974,0.04327027614698847,0.03435529462926723,0.028484453141987387,0.01609045444661883,0.008480104370515329,0.007175472928897586,0.9283045167170236,0.023270155012483983,0.0,0.0,0.0,0.0,0.0,0.0,0.0,0.0,0.0,0.0,0.0,0.0,0.0,0.0,0.0,0.0,0.0,0.0,0.0,0.0,0.0,0.0,0.0,0.0,0.0,0.13698630136986303,3.1702544031311164,14.396607958251797,10.684931506849317,1.611219830397913,4.133378016085791,2.9691733640329807,nan,nan,nan,4.200675675675676,2.977777981251212,4.063206919494345,2.9562112900438278,0.9672746084689771,0.4062,0.01182,0.0,0.0,0.0,0.0,0.0,0.0,0.0,0.0,0.0,0.0,0.006523157208088716,9.034572733202857,20.639269406392696,0.31963470319634707,0.0,0.0,0.0,0.0,0.0,0.0,0.0,0.0,0.0,0.0,0.0,0.0,0.0,0.0,0.0,0.0,nan,nan,4.133378016085791,2.9691733640329807,nan,0.4062,0.061,0.0,0.0,0.0,0.0,0.0,0.0,0.0,0.0,0.0,0.0,0.0,0.0,0.0,0.0,0.0,0.0,0.0,0.0,0.0,0.0005001087192868014,0.00042400521852576647,0.003816046966731898,0.0015655577299412916,0.00035877364644487935,0.006468797564687975,6.523157208088715e-05,0.0010110893672537508,0.004935855620787128,0.006240487062404871,0.006033920417482061,0.030419656447053706,0.011904761904761904,0.012350510980647968,0.02162426614481409,0.05670797999565123,0.04357469015003262,0.056838443139813004,0.07084148727984345,0.04796694933681235,0.050728419221569905,0.062046096977603826,0.051554685801261144,0.07761469884757556,0.07045009784735812,0.014709719504240052,0.03538812785388128,0.07925636007827788,0.03207218960643618,0.03188736681887367,0.05005435964340074,0.023983474668406175,0.01704718417047184,0.0026418786692759297,0.007632093933463796,0.003620352250489237,0.0028810611002391823,0.0011741682974559687,5.435964340073929e-05,0.0015546858012611437,0.0,0.0,0.0,0.0,0.0,0.0,0.0,0.0,0.0,0.0,0.0,0.0,0.0,0.0,0.0,0.0,0.0,0.0,0.0,0.0,0.0,0.0,0.0,0.0,0.0,0.0,0.0,0.0,0.0,0.0,0.0,0.0,0.0,0.0,0.0,0.0,0.0,0.0,0.0,0.0,0.0,0.0,nan,nan,4.133378016085791,2.9691733640329807,nan,0.9287001516194618,0.02326240668765525,0.0,0.0,0.0,0.0,0.0,0.0,0.0,0.0,0.0,0.0,0.0,0.0,0.0,0.0,0.0,0.0,0.0,0.0,0.0,0.0,0.0,0.0,0.0,0.0,0.0,0.12510425354462054,3.115095913261052,14.49958298582152,10.558798999165974,1.7014178482068394,0.9278734706034177,0.023270938892976524,0.0,0.0,0.0,0.0,0.0,0.0,0.0,0.0,0.0,0.0,0.0,0.0,0.0,0.0,0.0,0.0,0.0,0.0,0.0,0.0,0.0,0.0,0.0,0.0,0.0,0.149931849159473,3.230349840981373,14.284416174466156,10.822353475692868,1.5129486597001367,0.406,0.011604,0.0,0.0,0.0,0.0,0.0,0.0,0.0,0.0,0.0,0.0,0.012510425354462054,8.894912427022506,20.804837364470398,0.2877397831526272,0.0,0.0,0.0,0.0,0.0,0.0,0.0,0.0,0.0,0.0,0.0,0.0,0.0,0.0,0.0,0.0,0.4062,0.012054,0.0,0.0,0.0,0.0,0.0,0.0,0.0,0.0,0.0,0.0,0.0,9.186733303044058,20.45888232621536,0.35438437074057255,0.0,0.0,0.0,0.0,0.0,0.0,0.0,0.0,0.0,0.0,0.0,0.0,0.0,0.0,0.0,0.0
92100,4574,2344,0.5124617402710975,1113,955,0.45212068211630957,1287,0.5627459554000874,0.4240000000000001,2.9780269058295965,3.164256890240979,6.7747899159663865,2.1497789015646696,9508.251421075645,1614.4983193244245,7853.0,11083.0,11083.0,0.0,7853.0,0.0,27.633362483602973,20.861863478856602,32.64732026143791,19.13867681777769,0.14210756449497158,0.10537822474857893,0.09269785745518146,0.08635767380848274,0.07804984696108438,0.07455181460428509,0.07017927415828597,0.06274595540008746,0.06362046348928728,0.048097944905990384,0.047879317883690424,0.036729339746392656,0.029077393965894184,0.02579798863139484,0.016834280717096632,0.01355487538259729,0.006340183646698732,0.9282562276214088,0.023204312344912312,0.0,0.0,0.0,0.0,0.0,0.0,0.0,0.0,0.0,0.0,0.0,0.0,0.0,0.0,0.0,0.0,0.0,0.0,0.0,0.0,0.0,0.0,0.0,0.0,0.0,0.07870572802798427,3.2990817665063408,14.271972015741149,10.907302142544822,1.4429383471797117,4.329928498467824,2.947578502417608,nan,nan,nan,4.4302168021680215,2.973894129665721,4.228610540725531,2.9172530842257802,0.9544929130005939,0.4058,0.011635,0.0,0.0,0.0,0.0,0.0,0.0,0.0,0.0,0.0,0.0,0.02623524267599476,9.162658504591155,20.555312636641894,0.2557936160909489,0.0,0.0,0.0,0.0,0.0,0.0,0.0,0.0,0.0,0.0,0.0,0.0,0.0,0.0,0.0,0.0,nan,nan,4.329928498467824,2.947578502417608,nan,0.4058,0.06082,0.0,0.0,0.0,0.0,0.0,0.0,0.0,0.0,0.0,0.0,0.0,0.0,0.0,0.0,0.0,0.0,0.0,0.0,0.0,0.0002514210756449497,0.0002514210756449497,0.00470048097944906,0.001705290773939659,0.0002514210756449497,0.005771753388718845,0.0,0.0013882815916047223,0.005531263664188894,0.006362046348928728,0.006635330126803673,0.030465675557498906,0.010832968954962833,0.01189331001311762,0.021075644949715786,0.05656974202011369,0.042621337997376475,0.05652601661565369,0.07271534761696545,0.04773721031919545,0.05016397026672497,0.06114997813729777,0.05383690424136423,0.07855268911237429,0.07021206821163095,0.017074770441626586,0.03715566243987757,0.07712068211630957,0.03235679930039353,0.031985133362483605,0.04827284652383035,0.023163533012680367,0.01664844774814167,0.0024376912986445124,0.007815916047223436,0.0030826410144293836,0.003279405334499344,0.0006777437691298645,2.1862702229995627e-05,0.001705290773939659,0.0,0.0,0.0,0.0,0.0,0.0,0.0,0.0,0.0,0.0,0.0,0.0,0.0,0.0,0.0,0.0,0.0,0.0,0.0,0.0,0.0,0.0,0.0,0.0,0.0,0.0,0.0,0.0,0.0,0.0,0.0,0.0,0.0,0.0,0.0,0.0,0.0,0.0,0.0,0.0,0.0,0.0,nan,nan,4.329928498467824,2.947578502417608,nan,0.9280338566051002,0.023539573366822084,0.0,0.0,0.0,0.0,0.0,0.0,0.0,0.0,0.0,0.0,0.0,0.0,0.0,0.0,0.0,0.0,0.0,0.0,0.0,0.0,0.0,0.0,0.0,0.0,0.0,0.07679180887372015,3.4684300341296934,14.219283276450515,10.750853242320822,1.4846416382252563,0.9284899664833941,0.022844276283627316,0.0,0.0,0.0,0.0,0.0,0.0,0.0,0.0,0.0,0.0,0.0,0.0,0.0,0.0,0.0,0.0,0.0,0.0,0.0,0.0,0.0,0.0,0.0,0.0,0.0,0.08071748878923768,3.1210762331838575,14.32735426008969,11.07174887892377,1.3991031390134534,0.4058,0.011536,0.0,0.0,0.0,0.0,0.0,0.0,0.0,0.0,0.0,0.0,0.025597269624573385,8.984641638225243,20.7721843003413,0.21757679180887377,0.0,0.0,0.0,0.0,0.0,0.0,0.0,0.0,0.0,0.0,0.0,0.0,0.0,0.0,0.0,0.0,0.4058,0.01174,0.0,0.0,0.0,0.0,0.0,0.0,0.0,0.0,0.0,0.0,0.02690582959641256,9.34977578475335,20.327354260089688,0.2959641255605382,0.0,0.0,0.0,0.0,0.0,0.0,0.0,0.0,0.0,0.0,0.0,0.0,0.0,0.0,0.0,0.0
92200,4685,2393,0.5107790821771612,1134,946,0.4439701173959445,1306,0.5575240128068303,0.4000000000000001,3.0287958115183247,3.128438734644207,6.58962962962963,2.0400898336819524,9502.81643543223,1614.624667166891,7853.0,11083.0,11083.0,0.0,7853.0,0.0,28.148345784418357,21.031702957217863,33.07282415630551,19.301110976297338,0.1391675560298826,0.09903948772678763,0.09135538954108859,0.0864461045891142,0.08580576307363927,0.07257203842049093,0.0695837780149413,0.058057630736392744,0.0567769477054429,0.05080042689434365,0.048452508004268945,0.03970117395944504,0.03778014941302028,0.029455709711846318,0.018356456776947704,0.010245464247598719,0.0064034151547491995,0.9285284830640957,0.023312399073767656,0.0,0.0,0.0,0.0,0.0,0.0,0.0,0.0,0.0,0.0,0.0,0.0,0.0,0.0,0.0,0.0,0.0,0.0,0.0,0.0,0.0,0.0,0.0,0.0,0.0,0.12166488794023482,3.1632870864461053,14.068303094983994,11.065101387406619,1.5816435432230527,4.317852437417655,2.890073898757715,nan,nan,nan,4.295681063122924,2.860362861411769,4.341830065359477,2.918525780131495,1.0107431165299323,0.4058,0.012024,0.0,0.0,0.0,0.0,0.0,0.0,0.0,0.0,0.0,0.0,0.012806830309498403,9.502668089647798,20.10672358591249,0.37780149413020286,0.0,0.0,0.0,0.0,0.0,0.0,0.0,0.0,0.0,0.0,0.0,0.0,0.0,0.0,0.0,0.0,nan,nan,4.317852437417655,2.890073898757715,nan,0.4058,0.06097,0.0,0.0,0.0,0.0,0.0,0.0,0.0,0.0,0.0,0.0,0.0,0.0,0.0,0.0,0.0,0.0,0.0,0.0,0.0,0.0003735325506937033,0.000256136606189968,0.005112059765208111,0.0016542155816435431,0.00020277481323372466,0.0062326574172892205,6.4034151547492e-05,0.0008858057630736392,0.005400213447171825,0.005795090715048025,0.007502668089647812,0.028612593383137673,0.010032017075773746,0.011398078975453575,0.02150480256136606,0.05704375667022412,0.04419423692636073,0.056851654215581644,0.07718249733191035,0.046275346851654214,0.049551760939167556,0.06096051227321238,0.0531803628601921,0.07716115261472785,0.07060832443970118,0.017886872998932764,0.03599786552828175,0.0756563500533618,0.031889007470651015,0.032582710779082175,0.04783351120597652,0.022668089647812167,0.017609391675560297,0.0025400213447171827,0.00816435432230523,0.0032337246531483456,0.0036179295624332976,0.0006510138740661686,1.0672358591248667e-05,0.0016221985058697973,0.0,0.0,0.0,0.0,0.0,0.0,0.0,0.0,0.0,0.0,0.0,0.0,0.0,0.0,0.0,0.0,0.0,0.0,0.0,0.0,0.0,0.0,0.0,0.0,0.0,0.0,0.0,0.0,0.0,0.0,0.0,0.0,0.0,0.0,0.0,0.0,0.0,0.0,0.0,0.0,0.0,0.0,nan,nan,4.317852437417655,2.890073898757715,nan,0.928922155413526,0.023114352134517287,0.0,0.0,0.0,0.0,0.0,0.0,0.0,0.0,0.0,0.0,0.0,0.0,0.0,0.0,0.0,0.0,0.0,0.0,0.0,0.0,0.0,0.0,0.0,0.0,0.0,0.1379022147931467,3.0338487254492277,13.928123694107818,11.207689093188469,1.692436272461346,0.9281174630238748,0.023510360638757118,0.0,0.0,0.0,0.0,0.0,0.0,0.0,0.0,0.0,0.0,0.0,0.0,0.0,0.0,0.0,0.0,0.0,0.0,0.0,0.0,0.0,0.0,0.0,0.0,0.0,0.10471204188481678,3.2984293193717287,14.214659685863877,10.91623036649215,1.465968586387435,0.4062,0.01191,0.0,0.0,0.0,0.0,0.0,0.0,0.0,0.0,0.0,0.0,0.0,9.164229001253643,20.472210614291686,0.3635603844546595,0.0,0.0,0.0,0.0,0.0,0.0,0.0,0.0,0.0,0.0,0.0,0.0,0.0,0.0,0.0,0.0,0.4055,0.01212,0.0,0.0,0.0,0.0,0.0,0.0,0.0,0.0,0.0,0.0,0.026178010471204195,9.856020942408362,19.72513089005236,0.3926701570680629,0.0,0.0,0.0,0.0,0.0,0.0,0.0,0.0,0.0,0.0,0.0,0.0,0.0,0.0,0.0,0.0
92300,4651,2395,0.5149430230058052,1140,949,0.44915072027520964,1323,0.5689099118469146,0.4240000000000001,3.0602836879432624,3.105117702743319,6.568215892053973,2.161974143986852,9516.26596430875,1614.2785994645863,7853.0,11083.0,11083.0,0.0,7853.0,0.0,28.37217802623092,21.048176863236684,33.22284406003561,19.277385734690057,0.13738980864330252,0.09782842399483982,0.0926682433885186,0.081702859600086,0.07804773167060847,0.08019780692324231,0.06751236293270264,0.06557729520533219,0.06063212212427435,0.05095678348742206,0.046226617931627606,0.04042141474951624,0.034401204042141476,0.029671038486347022,0.016985594495807353,0.012685443990539669,0.0070952483336916795,0.9292048028888714,0.02331807124988421,0.0,0.0,0.0,0.0,0.0,0.0,0.0,0.0,0.0,0.0,0.0,0.0,0.0,0.0,0.0,0.0,0.0,0.0,0.0,0.0,0.0,0.0,0.0,0.0,0.0,0.10320361212642445,3.0961083637927334,14.01634057192002,11.191141689959151,1.5932057622016775,4.292393809680606,2.8466661491939336,nan,nan,nan,4.30188679245283,2.8476753212743287,4.282188125416945,2.8464875331098596,0.9954209238907811,0.4062,0.011795,0.0,0.0,0.0,0.0,0.0,0.0,0.0,0.0,0.0,0.0,0.0,8.875510642872488,20.801978069232426,0.3225112878950764,0.0,0.0,0.0,0.0,0.0,0.0,0.0,0.0,0.0,0.0,0.0,0.0,0.0,0.0,0.0,0.0,nan,nan,4.292393809680606,2.8466661491939336,nan,0.4062,0.0612,0.0,0.0,0.0,0.0,0.0,0.0,0.0,0.0,0.0,0.0,0.0,0.0,0.0,0.0,0.0,0.0,0.0,1.075037626316921e-05,0.0,0.0005052676843689529,0.00012900451515803052,0.005407439260374113,0.0013975489142119973,0.00033326166415824555,0.008148785207482263,0.00015050526768436894,0.0010105353687379058,0.004966673833584175,0.0053966888841109435,0.007299505482691894,0.026402924102343583,0.010718125134379704,0.010664373253063858,0.022414534508707805,0.05371963018705655,0.04201247043646528,0.057192001720060205,0.07768221887766072,0.04733390668673403,0.04676413674478607,0.06233068157385509,0.05344012040421415,0.07802623091808213,0.06878090733175661,0.0174586110513868,0.03756181466351322,0.0784562459686089,0.03178886261019136,0.03286390023650828,0.04973124059342077,0.02190926682433885,0.018995914857019996,0.0026230918082132877,0.007030746076112664,0.0032896151365297784,0.003762631692109224,0.0004730165555794453,5.3751881315846054e-05,0.0017630617071597507,0.0,0.0,0.0,0.0,0.0,0.0,0.0,0.0,0.0,0.0,0.0,0.0,0.0,0.0,0.0,0.0,0.0,0.0,0.0,0.0,0.0,0.0,0.0,0.0,0.0,0.0,0.0,0.0,0.0,0.0,0.0,0.0,0.0,0.0,0.0,0.0,0.0,0.0,0.0,0.0,0.0,0.0,nan,nan,4.292393809680606,2.8466661491939336,nan,0.9286683810030991,0.02338122051394173,0.0,0.0,0.0,0.0,0.0,0.0,0.0,0.0,0.0,0.0,0.0,0.0,0.0,0.0,0.0,0.0,0.0,0.0,0.0,0.0,0.0,0.0,0.0,0.0,0.0,0.07515657620041755,3.356993736951984,13.91649269311065,11.110647181628396,1.5407098121085598,0.9297742755911874,0.023237296408870733,0.0,0.0,0.0,0.0,0.0,0.0,0.0,0.0,0.0,0.0,0.0,0.0,0.0,0.0,0.0,0.0,0.0,0.0,0.0,0.0,0.0,0.0,0.0,0.0,0.0,0.13297872340425534,2.8191489361702136,14.122340425531918,11.276595744680854,1.6489361702127663,0.4062,0.01185,0.0,0.0,0.0,0.0,0.0,0.0,0.0,0.0,0.0,0.0,0.0,8.88100208768266,20.743215031315245,0.3757828810020878,0.0,0.0,0.0,0.0,0.0,0.0,0.0,0.0,0.0,0.0,0.0,0.0,0.0,0.0,0.0,0.0,0.4065,0.01174,0.0,0.0,0.0,0.0,0.0,0.0,0.0,0.0,0.0,0.0,0.0,8.869680851063817,20.864361702127663,0.2659574468085107,0.0,0.0,0.0,0.0,0.0,0.0,0.0,0.0,0.0,0.0,0.0,0.0,0.0,0.0,0.0,0.0
92400,4658,2394,0.5139544869042507,1126,960,0.44783168741949336,1329,0.5706311721769,0.4040000000000001,3.045053003533569,3.1266977433243133,6.68133535660091,2.117590330689228,9513.07299270073,1614.3709069879203,7853.0,11083.0,11083.0,0.0,7853.0,0.0,27.733147273507942,20.529264171727704,32.54420382165605,18.774380026653567,0.137398024903392,0.09746672391584371,0.09188492915414341,0.09403177329325892,0.08394160583941605,0.07707170459424646,0.06547874624302276,0.05775010734220696,0.06462000858737656,0.05474452554744526,0.04787462430227565,0.040360669815371404,0.033061399742378705,0.022971232288535853,0.016745384285100903,0.00923142979819665,0.0053671103477887505,0.9293627229664345,0.02310449360254847,0.0,0.0,0.0,0.0,0.0,0.0,0.0,0.0,0.0,0.0,0.0,0.0,0.0,0.0,0.0,0.0,0.0,0.0,0.0,0.0,0.0,0.0,0.0,0.0,0.0,0.05796479175611852,3.0399313009875493,13.969514813224563,11.200085873765568,1.732503220266209,4.346012679346012,2.9174028729955617,nan,nan,nan,4.413377926421405,2.9096233411915025,4.2789613848202395,2.9235846131965326,0.9695433874365349,0.4058,0.01197,0.0,0.0,0.0,0.0,0.0,0.0,0.0,0.0,0.0,0.0,0.03220266208673251,9.596393301846271,20.04937741519966,0.3220266208673251,0.0,0.0,0.0,0.0,0.0,0.0,0.0,0.0,0.0,0.0,0.0,0.0,0.0,0.0,0.0,0.0,nan,nan,4.346012679346012,2.9174028729955617,nan,0.4058,0.06183,0.0,0.0,0.0,0.0,0.0,0.0,0.0,0.0,0.0,0.0,0.0,0.0,0.0,0.0,0.0,0.0,0.0,0.0,0.0,0.00040790038643194503,0.0,0.007030914555603263,0.0014491197939029627,0.00016101331043366253,0.008855732073851439,5.367110347788751e-05,0.00107342206955775,0.006837698583082868,0.0054315156719622155,0.007964791756118505,0.02620223271790468,0.010218978102189781,0.011893516530699871,0.021790468012022328,0.05244740231859167,0.03965221124946329,0.058598110777157576,0.07791970802919708,0.04627522541863461,0.044536281665951055,0.061829111206526406,0.054991412623443536,0.07939029626449119,0.07003005581794762,0.016391155002146843,0.037859596393301845,0.07697509660798627,0.029873336195792185,0.03360884499785315,0.05187848862172606,0.019729497638471448,0.02074924860455131,0.0028123658222413053,0.006547874624302276,0.0030807213396307426,0.0037462430227565477,0.00031129240017174753,4.2936882782310004e-05,0.0012988407041648776,5.367110347788751e-05,0.0,0.0,0.0,0.0,0.0,0.0,0.0,0.0,0.0,0.0,0.0,0.0,0.0,0.0,0.0,0.0,0.0,0.0,0.0,0.0,0.0,0.0,0.0,0.0,0.0,0.0,0.0,0.0,0.0,0.0,0.0,0.0,0.0,0.0,0.0,0.0,0.0,0.0,0.0,0.0,0.0,nan,nan,4.346012679346012,2.9174028729955617,nan,0.9289252157249148,0.022615210285061166,0.0,0.0,0.0,0.0,0.0,0.0,0.0,0.0,0.0,0.0,0.0,0.0,0.0,0.0,0.0,0.0,0.0,0.0,0.0,0.0,0.0,0.0,0.0,0.0,0.0,0.03759398496240602,3.095238095238096,14.147869674185467,11.2280701754386,1.491228070175439,0.929825352090197,0.02360202478142109,0.0,0.0,0.0,0.0,0.0,0.0,0.0,0.0,0.0,0.0,0.0,0.0,0.0,0.0,0.0,0.0,0.0,0.0,0.0,0.0,0.0,0.0,0.0,0.0,0.0,0.0795053003533569,2.981448763250884,13.780918727915198,11.170494699646646,1.9876325088339226,0.4058,0.011925,0.0,0.0,0.0,0.0,0.0,0.0,0.0,0.0,0.0,0.0,0.025062656641604016,9.4611528822055,20.17543859649123,0.3383458646616542,0.0,0.0,0.0,0.0,0.0,0.0,0.0,0.0,0.0,0.0,0.0,0.0,0.0,0.0,0.0,0.0,0.4058,0.01202,0.0,0.0,0.0,0.0,0.0,0.0,0.0,0.0,0.0,0.0,0.03975265017667845,9.739399293286205,19.916077738515906,0.30477031802120147,0.0,0.0,0.0,0.0,0.0,0.0,0.0,0.0,0.0,0.0,0.0,0.0,0.0,0.0,0.0,0.0
92500,4592,2338,0.5091463414634146,1089,980,0.45056620209059234,1335,0.5814459930313589,0.4080000000000001,2.952528837622005,3.1142059783531137,6.591346153846154,2.1973152576988078,9497.542682926829,1614.7297699260657,7853.0,11083.0,11083.0,0.0,7853.0,0.0,27.542465156794425,20.762174335112597,32.603443777719804,18.995689533583228,0.1448170731707317,0.09712543554006968,0.09516550522648083,0.08885017421602788,0.08754355400696864,0.07600174216027875,0.06010452961672474,0.06358885017421603,0.0585801393728223,0.0509581881533101,0.048998257839721254,0.04355400696864112,0.029181184668989547,0.02025261324041812,0.0156794425087108,0.01284843205574913,0.006750871080139373,0.929257348270678,0.022826478143434706,0.0,0.0,0.0,0.0,0.0,0.0,0.0,0.0,0.0,0.0,0.0,0.0,0.0,0.0,0.0,0.0,0.0,0.0,0.0,0.0,0.0,0.0,0.0,0.0,0.0,0.09146341463414637,2.9529616724738683,14.072299651567947,11.295731707317076,1.5875435540069691,4.23696682464455,2.8881263721226444,nan,nan,nan,4.222833562585969,2.8310765526300314,4.250666666666667,2.9423062760736216,1.0065910966340934,0.406,0.01194,0.0,0.0,0.0,0.0,0.0,0.0,0.0,0.0,0.0,0.0,0.0,9.19860627177699,20.435540069686414,0.36585365853658547,0.0,0.0,0.0,0.0,0.0,0.0,0.0,0.0,0.0,0.0,0.0,0.0,0.0,0.0,0.0,0.0,nan,nan,4.23696682464455,2.8881263721226444,nan,0.406,0.06146,0.0,0.0,0.0,0.0,0.0,0.0,0.0,0.0,0.0,0.0,0.0,0.0,0.0,0.0,0.0,0.0,0.0,0.0,0.0,0.0006968641114982578,0.0,0.00584712543554007,0.0011868466898954705,3.2665505226480836e-05,0.008656358885017422,5.4442508710801394e-05,0.001448170731707317,0.007088414634146342,0.005640243902439024,0.008122822299651567,0.02690548780487805,0.009309668989547038,0.011748693379790941,0.021733449477351917,0.05115418118466899,0.03646559233449477,0.05901567944250871,0.08068379790940766,0.04476263066202091,0.04719076655052265,0.06097560975609756,0.05512848432055749,0.08099956445993031,0.07065548780487804,0.018314459930313588,0.0366506968641115,0.0731380662020906,0.029507839721254356,0.0343205574912892,0.052907229965156795,0.021145470383275262,0.02184233449477352,0.003125,0.006086672473867596,0.0028418989547038327,0.0031141114982578396,0.00033754355400696865,0.0,0.0011215156794425088,4.3554006968641115e-05,0.0,0.0,0.0,0.0,0.0,0.0,0.0,0.0,0.0,0.0,0.0,0.0,0.0,0.0,0.0,0.0,0.0,0.0,0.0,0.0,0.0,0.0,0.0,0.0,0.0,0.0,0.0,0.0,0.0,0.0,0.0,0.0,0.0,0.0,0.0,0.0,0.0,0.0,0.0,0.0,0.0,nan,nan,4.23696682464455,2.8881263721226444,nan,0.9292556157827989,0.023060927824116086,0.0,0.0,0.0,0.0,0.0,0.0,0.0,0.0,0.0,0.0,0.0,0.0,0.0,0.0,0.0,0.0,0.0,0.0,0.0,0.0,0.0,0.0,0.0,0.0,0.0,0.11548331907613348,2.8614200171086406,14.281437125748505,11.086398631308814,1.6552609067579132,0.9292591453233227,0.02258071921879428,0.0,0.0,0.0,0.0,0.0,0.0,0.0,0.0,0.0,0.0,0.0,0.0,0.0,0.0,0.0,0.0,0.0,0.0,0.0,0.0,0.0,0.0,0.0,0.0,0.0,0.06654835847382433,3.0479148181011544,13.855368234250225,11.512866015971609,1.5173025732031946,0.4062,0.01185,0.0,0.0,0.0,0.0,0.0,0.0,0.0,0.0,0.0,0.0,0.0,9.020530367835745,20.60735671514115,0.37211291702309673,0.0,0.0,0.0,0.0,0.0,0.0,0.0,0.0,0.0,0.0,0.0,0.0,0.0,0.0,0.0,0.0,0.406,0.01203,0.0,0.0,0.0,0.0,0.0,0.0,0.0,0.0,0.0,0.0,0.0,9.383318544809216,20.257320319432125,0.35936113575865136,0.0,0.0,0.0,0.0,0.0,0.0,0.0,0.0,0.0,0.0,0.0,0.0,0.0,0.0,0.0,0.0
92600,4394,2273,0.5172963131543014,1093,909,0.4556213017751479,1254,0.5707783340919436,0.4120000000000001,2.9325789721829327,3.0370460406461275,6.509151414309485,2.012523050878747,9523.867091488393,1614.0334160384127,7853.0,11083.0,11083.0,0.0,7853.0,0.0,28.476103777878926,21.002925814868284,33.54449267498644,19.125880254169385,0.13882567137005006,0.09558488848429676,0.08534365043240782,0.08807464724624488,0.08124715521165225,0.07237141556668183,0.07419208010923987,0.06395084205735094,0.0566681838871188,0.05325443786982249,0.04961310878470642,0.0432407828857533,0.03390987710514338,0.02548930359581247,0.02002730996813837,0.01137915339098771,0.006827492034592627,0.9293842786243953,0.02297809508378748,0.0,0.0,0.0,0.0,0.0,0.0,0.0,0.0,0.0,0.0,0.0,0.0,0.0,0.0,0.0,0.0,0.0,0.0,0.0,0.0,0.0,0.0,0.0,0.0,0.0,0.17068730086481568,2.7787892580791995,14.119253527537554,11.2994993172508,1.631770596267638,4.17385305277682,2.843047234739238,nan,nan,nan,4.154696132596685,2.83176390013674,4.192970365265334,2.8541345947820034,1.0092122820651934,0.406,0.011765,0.0,0.0,0.0,0.0,0.0,0.0,0.0,0.0,0.0,0.0,0.0,9.189804278561661,20.543923532089217,0.26627218934911245,0.0,0.0,0.0,0.0,0.0,0.0,0.0,0.0,0.0,0.0,0.0,0.0,0.0,0.0,0.0,0.0,nan,nan,4.17385305277682,2.843047234739238,nan,0.406,0.06116,0.0,0.0,0.0,0.0,0.0,0.0,0.0,0.0,0.0,0.0,0.0,0.0,0.0,0.0,0.0,0.0,0.0,0.0,0.0,0.0011151570323167956,0.0,0.005644060081929904,0.0007282658170232135,4.551661356395084e-05,0.008670914883932635,0.0001024123805188894,0.001103777878925808,0.006634046426945835,0.0057578516158397815,0.008818843878015476,0.025557578516158398,0.009262630860263996,0.013177059626763769,0.0202776513427401,0.04891898042785617,0.03832498862084661,0.06019572143832499,0.0813837050523441,0.04321802457897132,0.04771279016841147,0.06471324533454711,0.05549613108784707,0.08086026399635868,0.06997041420118343,0.01918525261720528,0.03615157032316796,0.07322485207100592,0.027844788347746927,0.03302230314064634,0.05308375056895767,0.01998179335457442,0.023839326354119252,0.003106508875739645,0.005689576695493855,0.0029244424214838415,0.0030837505689576697,0.00027309968138370506,0.0,0.0008079198907601275,9.103322712790169e-05,0.0,0.0,0.0,0.0,0.0,0.0,0.0,0.0,0.0,0.0,0.0,0.0,0.0,0.0,0.0,0.0,0.0,0.0,0.0,0.0,0.0,0.0,0.0,0.0,0.0,0.0,0.0,0.0,0.0,0.0,0.0,0.0,0.0,0.0,0.0,0.0,0.0,0.0,0.0,0.0,0.0,nan,nan,4.17385305277682,2.843047234739238,nan,0.9293211061315708,0.022368179921477813,0.0,0.0,0.0,0.0,0.0,0.0,0.0,0.0,0.0,0.0,0.0,0.0,0.0,0.0,0.0,0.0,0.0,0.0,0.0,0.0,0.0,0.0,0.0,0.0,0.0,0.15838099428068633,2.7320721513418396,14.095908490981085,11.614606247250332,1.3990321161460628,0.9294519783302839,0.023614051355778393,0.0,0.0,0.0,0.0,0.0,0.0,0.0,0.0,0.0,0.0,0.0,0.0,0.0,0.0,0.0,0.0,0.0,0.0,0.0,0.0,0.0,0.0,0.0,0.0,0.0,0.18387553041018392,2.8288543140028293,14.144271570014148,10.961810466760964,1.8811881188118815,0.4058,0.01165,0.0,0.0,0.0,0.0,0.0,0.0,0.0,0.0,0.0,0.0,0.0,9.331280246370422,20.47074351077871,0.19797624285085794,0.0,0.0,0.0,0.0,0.0,0.0,0.0,0.0,0.0,0.0,0.0,0.0,0.0,0.0,0.0,0.0,0.4062,0.01189,0.0,0.0,0.0,0.0,0.0,0.0,0.0,0.0,0.0,0.0,0.0,9.038189533239024,20.622347949080627,0.3394625176803395,0.0,0.0,0.0,0.0,0.0,0.0,0.0,0.0,0.0,0.0,0.0,0.0,0.0,0.0,0.0,0.0
92700,4374,2266,0.5180612711476908,1059,918,0.45198902606310015,1246,0.5697302240512117,0.4080000000000001,2.9592030360531307,3.046328821540304,6.388333333333334,2.1033775748120505,9526.337905807042,1613.9459993277496,7853.0,11083.0,11083.0,0.0,7853.0,0.0,28.287151348879743,20.9707666510706,33.2343834872352,19.16055216093826,0.1390032007315958,0.09830818472793781,0.08596250571559214,0.0877914951989026,0.07658893461362597,0.0823045267489712,0.06790123456790123,0.06584362139917696,0.059213534522176495,0.05212620027434842,0.045953360768175584,0.0413808870598994,0.03726566072245085,0.02377686328303612,0.01623228166438043,0.013717421124828532,0.006630086877000457,0.9297118586359037,0.023272829975191846,0.0,0.0,0.0,0.0,0.0,0.0,0.0,0.0,0.0,0.0,0.0,0.0,0.0,0.0,0.0,0.0,0.0,0.0,0.0,0.0,0.0,0.0,0.0,0.0,0.0,0.13717421124828535,2.839506172839507,13.96433470507545,11.42661179698217,1.6323731138545958,4.210010500525026,2.8578499191171245,nan,nan,nan,4.1804195804195805,2.8323125232831696,4.239663629992992,2.882909435010263,1.014171795063563,0.4058,0.01159,0.0,0.0,0.0,0.0,0.0,0.0,0.0,0.0,0.0,0.0,0.013717421124828535,9.163237311385446,20.555555555555557,0.26748971193415644,0.0,0.0,0.0,0.0,0.0,0.0,0.0,0.0,0.0,0.0,0.0,0.0,0.0,0.0,0.0,0.0,nan,nan,4.210010500525026,2.8578499191171245,nan,0.4058,0.06143,0.0,0.0,0.0,0.0,0.0,0.0,0.0,0.0,0.0,0.0,0.0,0.0,0.0,0.0,0.0,0.0,0.0,0.0,0.0,0.0010173754000914494,0.0,0.005727023319615912,0.0006515775034293552,0.0,0.009099222679469592,0.00011431184270690443,0.0010516689529035208,0.007853223593964336,0.006058527663465935,0.009567901234567902,0.02527434842249657,0.008813443072702333,0.01263145861911294,0.01909007773205304,0.051863283036122546,0.03888888888888889,0.05994513031550069,0.07785779606767261,0.044501600365797894,0.049817101051668956,0.06193415637860082,0.05292638317329675,0.07976680384087792,0.06909007773205304,0.020496113397347967,0.037540009144947414,0.07502286236854139,0.02780064014631916,0.03303612254229538,0.054286694101508916,0.0198559670781893,0.022850937357110197,0.003737997256515775,0.004961133973479652,0.002446273433927755,0.0032807498856881573,0.00027434842249657066,0.0,0.0008687700045724737,0.0,0.0,0.0,0.0,0.0,0.0,0.0,0.0,0.0,0.0,0.0,0.0,0.0,0.0,0.0,0.0,0.0,0.0,0.0,0.0,0.0,0.0,0.0,0.0,0.0,0.0,0.0,0.0,0.0,0.0,0.0,0.0,0.0,0.0,0.0,0.0,0.0,0.0,0.0,0.0,0.0,0.0,nan,nan,4.210010500525026,2.8578499191171245,nan,0.9295867380849682,0.023111299859266778,0.0,0.0,0.0,0.0,0.0,0.0,0.0,0.0,0.0,0.0,0.0,0.0,0.0,0.0,0.0,0.0,0.0,0.0,0.0,0.0,0.0,0.0,0.0,0.0,0.0,0.14563106796116507,2.8331862312444844,14.007060900264786,11.412180052956755,1.601941747572816,0.9298463572926494,0.023444481389025745,0.0,0.0,0.0,0.0,0.0,0.0,0.0,0.0,0.0,0.0,0.0,0.0,0.0,0.0,0.0,0.0,0.0,0.0,0.0,0.0,0.0,0.0,0.0,0.0,0.0,0.1280834914611006,2.8462998102466797,13.918406072106265,11.442125237191652,1.6650853889943078,0.4055,0.01162,0.0,0.0,0.0,0.0,0.0,0.0,0.0,0.0,0.0,0.0,0.026478375992939104,9.307149161518081,20.42806707855252,0.23830538393645195,0.0,0.0,0.0,0.0,0.0,0.0,0.0,0.0,0.0,0.0,0.0,0.0,0.0,0.0,0.0,0.0,0.406,0.01157,0.0,0.0,0.0,0.0,0.0,0.0,0.0,0.0,0.0,0.0,0.0,9.008538899430727,20.69259962049336,0.2988614800759014,0.0,0.0,0.0,0.0,0.0,0.0,0.0,0.0,0.0,0.0,0.0,0.0,0.0,0.0,0.0,0.0
92800,4693,2464,0.5250372895802259,1173,934,0.4489665459194545,1340,0.5710632857447262,0.4000000000000001,3.018842530282638,3.131856935778803,6.639016897081413,2.189967689376549,9548.87044534413,1612.9739523841797,7853.0,11083.0,11083.0,0.0,7853.0,0.0,28.24738972938419,20.842104141231033,33.125631951466126,19.057630129629597,0.13616023865331345,0.09482207543149371,0.09226507564457703,0.08736415938632006,0.0886426592797784,0.07159599403366716,0.0707436607713616,0.05859791178350735,0.056467078627743444,0.05604091199659067,0.051139995738333686,0.03899424675047944,0.035584913701257194,0.027274664393777966,0.018964415086298744,0.009588749200937566,0.00575324952056254,0.9301338550659886,0.02341617402341664,0.0,0.0,0.0,0.0,0.0,0.0,0.0,0.0,0.0,0.0,0.0,0.0,0.0,0.0,0.0,0.0,0.0,0.0,0.0,0.0,0.0,0.0,0.0,0.0,0.0,0.08949499254208398,2.8638397613466875,13.628808864265931,11.698274025143835,1.7195823567014707,4.273320287018917,2.9495075489484726,nan,nan,nan,4.296977660972405,2.9620648071862643,4.25,2.936890163795182,0.9890672782874618,0.4055,0.01179,0.0,0.0,0.0,0.0,0.0,0.0,0.0,0.0,0.0,0.0,0.0,9.563179203068385,20.225868314510976,0.2109524824206265,0.0,0.0,0.0,0.0,0.0,0.0,0.0,0.0,0.0,0.0,0.0,0.0,0.0,0.0,0.0,0.0,nan,nan,4.273320287018917,2.9495075489484726,nan,0.4055,0.06107,0.0,0.0,0.0,0.0,0.0,0.0,0.0,0.0,0.0,0.0,0.0,0.0,0.0,0.0,0.0,0.0,0.0,0.0,0.0,0.0012358832303430642,2.1308331557639037e-05,0.005113999573833369,0.000575324952056254,1.0654165778819519e-05,0.009173236735563606,0.00010654165778819518,0.0010121457489878543,0.00752184103984658,0.006648199445983379,0.008768378435968463,0.024621777114851907,0.009599403366716386,0.012699765608352866,0.019838056680161944,0.05381419134881739,0.03644790112934157,0.06290219475815044,0.0766886852759429,0.0443213296398892,0.04921159173236735,0.06081397826550181,0.05104410824632431,0.08424248881312593,0.06995525250372896,0.020914127423822714,0.03696995525250373,0.07635840613679949,0.0292030683997443,0.031120818239931812,0.05344129554655871,0.018751331770722354,0.0211804815682932,0.003345408054549329,0.004932878755593437,0.002674195610483699,0.0036437246963562753,0.0004048582995951417,0.0,0.0006712124440656297,0.0,0.0,0.0,0.0,0.0,0.0,0.0,0.0,0.0,0.0,0.0,0.0,0.0,0.0,0.0,0.0,0.0,0.0,0.0,0.0,0.0,0.0,0.0,0.0,0.0,0.0,0.0,0.0,0.0,0.0,0.0,0.0,0.0,0.0,0.0,0.0,0.0,0.0,0.0,0.0,0.0,0.0,nan,nan,4.273320287018917,2.9495075489484726,nan,0.9300281140808161,0.023270129806445553,0.0,0.0,0.0,0.0,0.0,0.0,0.0,0.0,0.0,0.0,0.0,0.0,0.0,0.0,0.0,0.0,0.0,0.0,0.0,0.0,0.0,0.0,0.0,0.0,0.0,0.08522727272727275,2.7759740259740266,13.697240259740262,11.761363636363638,1.6801948051948055,0.9302507441586152,0.02357601082848333,0.0,0.0,0.0,0.0,0.0,0.0,0.0,0.0,0.0,0.0,0.0,0.0,0.0,0.0,0.0,0.0,0.0,0.0,0.0,0.0,0.0,0.0,0.0,0.0,0.0,0.0942126514131898,2.9609690444145365,13.553162853297446,11.628532974427998,1.7631224764468376,0.4055,0.011635,0.0,0.0,0.0,0.0,0.0,0.0,0.0,0.0,0.0,0.0,0.0,9.22889610389609,20.588474025974033,0.18262987012987017,0.0,0.0,0.0,0.0,0.0,0.0,0.0,0.0,0.0,0.0,0.0,0.0,0.0,0.0,0.0,0.0,0.4055,0.01195,0.0,0.0,0.0,0.0,0.0,0.0,0.0,0.0,0.0,0.0,0.0,9.932705248990564,19.82503364737551,0.24226110363391662,0.0,0.0,0.0,0.0,0.0,0.0,0.0,0.0,0.0,0.0,0.0,0.0,0.0,0.0,0.0,0.0
92900,4948,2530,0.5113177041228779,1210,1020,0.45068714632174617,1394,0.5634599838318513,0.39200000000000007,2.925971877584781,3.005629469081744,6.30416068866571,2.052928738313929,9504.556184316896,1614.5862149133409,7853.0,11083.0,11083.0,0.0,7853.0,0.0,27.74858528698464,20.671455252762886,32.583293326932306,18.947894525905706,0.13884397736459175,0.10246564268391269,0.09316895715440582,0.08852061438965239,0.07679870654810024,0.07376717865804365,0.07336297493936944,0.06325788197251414,0.06103476151980598,0.04991915925626516,0.04890864995957963,0.042239288601455136,0.028294260307194827,0.02263540824575586,0.021422797089733225,0.010711398544866612,0.004648342764753436,0.9312885389057204,0.023025169284932562,0.0,0.0,0.0,0.0,0.0,0.0,0.0,0.0,0.0,0.0,0.0,0.0,0.0,0.0,0.0,0.0,0.0,0.0,0.0,0.0,0.0,0.0,0.0,0.0,0.0,0.05456750202101861,2.582861762328214,13.302344381568313,12.217057396928055,1.843168957154406,4.234610552763819,2.8128242926989206,nan,nan,nan,4.293895531780994,2.827509248516393,4.175548589341693,2.796868647046246,0.9724383274899531,0.4065,0.011696,0.0,0.0,0.0,0.0,0.0,0.0,0.0,0.0,0.0,0.0,0.006063055780113178,8.833872271624886,20.84478577202911,0.3152789005658853,0.0,0.0,0.0,0.0,0.0,0.0,0.0,0.0,0.0,0.0,0.0,0.0,0.0,0.0,0.0,0.0,nan,nan,4.234610552763819,2.8128242926989206,nan,0.4065,0.061,0.0,0.0,0.0,0.0,0.0,0.0,0.0,0.0,0.0,0.0,0.0,0.0,0.0,0.0,0.0,0.0,0.0,0.0,0.0,0.0008185125303152789,2.0210185933710592e-05,0.004840339531123687,0.0007275666936135812,0.0,0.01028698464025869,0.00015157639450282944,0.0007578819725141471,0.0071645109135004045,0.006052950687146322,0.008943007275666937,0.022706143896523846,0.0090642683912692,0.013470088924818109,0.018381164106709782,0.05307194826192401,0.03982417138237672,0.061529911075181895,0.07388843977364591,0.043421584478577205,0.0525767987065481,0.06166127728375101,0.04877728375101051,0.0834781729991916,0.06643088116410671,0.02276677445432498,0.03430679062247373,0.07956750202101859,0.03145715440582053,0.03179062247372676,0.0547696038803557,0.019098625707356508,0.0232821341956346,0.0036075181891673403,0.00463823767178658,0.0027586903799514955,0.0028496362166531932,0.0006669361358124494,0.0,0.0003940986257073565,0.0,0.0,0.0,0.0,0.0,0.0,0.0,0.0,0.0,0.0,0.0,0.0,0.0,0.0,0.0,0.0,0.0,0.0,0.0,0.0,0.0,0.0,0.0,0.0,0.0,0.0,0.0,0.0,0.0,0.0,0.0,0.0,0.0,0.0,0.0,0.0,0.0,0.0,0.0,0.0,0.0,0.0,nan,nan,4.234610552763819,2.8128242926989206,nan,0.9316728835049354,0.02290621788247731,0.0,0.0,0.0,0.0,0.0,0.0,0.0,0.0,0.0,0.0,0.0,0.0,0.0,0.0,0.0,0.0,0.0,0.0,0.0,0.0,0.0,0.0,0.0,0.0,0.0,0.02371541501976285,2.4545454545454555,13.233201581027672,12.39130434782609,1.897233201581028,0.9308863917444243,0.023142143552438255,0.0,0.0,0.0,0.0,0.0,0.0,0.0,0.0,0.0,0.0,0.0,0.0,0.0,0.0,0.0,0.0,0.0,0.0,0.0,0.0,0.0,0.0,0.0,0.0,0.0,0.08684863523573204,2.7171215880893307,13.374689826302733,12.034739454094296,1.786600496277916,0.4067,0.01146,0.0,0.0,0.0,0.0,0.0,0.0,0.0,0.0,0.0,0.0,0.0,8.454545454545443,21.21343873517787,0.3320158102766799,0.0,0.0,0.0,0.0,0.0,0.0,0.0,0.0,0.0,0.0,0.0,0.0,0.0,0.0,0.0,0.0,0.4062,0.011925,0.0,0.0,0.0,0.0,0.0,0.0,0.0,0.0,0.0,0.0,0.012406947890818861,9.230769230769218,20.459057071960302,0.29776674937965264,0.0,0.0,0.0,0.0,0.0,0.0,0.0,0.0,0.0,0.0,0.0,0.0,0.0,0.0,0.0,0.0
93000,4620,2416,0.5229437229437229,1178,930,0.4562770562770563,1284,0.5558441558441558,0.4200000000000001,2.9773139745916515,3.0990064635507903,6.658576051779935,2.0189072098256595,9542.108225108224,1613.29878539944,7853.0,11083.0,11083.0,0.0,7853.0,0.0,27.824025974025975,20.653710153357252,32.5539052496799,18.961453607390837,0.13463203463203463,0.10021645021645022,0.09350649350649351,0.08831168831168831,0.0867965367965368,0.07380952380952381,0.07056277056277056,0.06385281385281386,0.05822510822510823,0.05216450216450216,0.049783549783549784,0.03939393939393939,0.02987012987012987,0.025757575757575757,0.015584415584415584,0.010173160173160173,0.00735930735930736,0.9327184593393689,0.022771107448868545,0.0,0.0,0.0,0.0,0.0,0.0,0.0,0.0,0.0,0.0,0.0,0.0,0.0,0.0,0.0,0.0,0.0,0.0,0.0,0.0,0.0,0.0,0.0,0.0,0.0,0.04545454545454547,2.3116883116883122,12.889610389610393,12.740259740259743,2.0129870129870135,4.19652986319653,2.9178065217598257,nan,nan,nan,4.171043771043771,2.9170986557035854,4.2215608465608465,2.9182849384094474,1.0121113750634254,0.4067,0.01175,0.0,0.0,0.0,0.0,0.0,0.0,0.0,0.0,0.0,0.0,0.006493506493506495,8.350649350649338,21.305194805194812,0.3376623376623378,0.0,0.0,0.0,0.0,0.0,0.0,0.0,0.0,0.0,0.0,0.0,0.0,0.0,0.0,0.0,0.0,nan,nan,4.19652986319653,2.9178065217598257,nan,0.4067,0.0607,0.0,0.0,0.0,0.0,0.0,0.0,0.0,0.0,0.0,0.0,0.0,0.0,0.0,0.0,0.0,0.0,0.0,0.0,0.0,0.0006168831168831169,0.00015151515151515152,0.005021645021645022,0.0010497835497835497,0.0,0.010898268398268398,0.0002489177489177489,0.0006926406926406926,0.006038961038961039,0.006222943722943723,0.008246753246753247,0.02106060606060606,0.008614718614718615,0.01196969696969697,0.02025974025974026,0.05195887445887446,0.04090909090909091,0.05656926406926407,0.07647186147186147,0.04522727272727273,0.05177489177489177,0.06338744588744588,0.0475974025974026,0.08437229437229438,0.06595238095238096,0.024285714285714285,0.033495670995670995,0.08446969696969697,0.031774891774891775,0.0332034632034632,0.05278138528138528,0.01722943722943723,0.022413419913419913,0.003906926406926407,0.0046645021645021646,0.0026298701298701297,0.0029545454545454545,0.00046536796536796537,0.0,0.0003787878787878788,0.0,3.246753246753247e-05,0.0,0.0,0.0,0.0,0.0,0.0,0.0,0.0,0.0,0.0,0.0,0.0,0.0,0.0,0.0,0.0,0.0,0.0,0.0,0.0,0.0,0.0,0.0,0.0,0.0,0.0,0.0,0.0,0.0,0.0,0.0,0.0,0.0,0.0,0.0,0.0,0.0,0.0,0.0,0.0,nan,nan,4.19652986319653,2.9178065217598257,nan,0.9329573305829472,0.022959808365066902,0.0,0.0,0.0,0.0,0.0,0.0,0.0,0.0,0.0,0.0,0.0,0.0,0.0,0.0,0.0,0.0,0.0,0.0,0.0,0.0,0.0,0.0,0.0,0.0,0.0,0.04966887417218544,2.3965231788079473,12.566225165562917,12.839403973509937,2.14817880794702,0.9324566113700019,0.02255953676221235,0.0,0.0,0.0,0.0,0.0,0.0,0.0,0.0,0.0,0.0,0.0,0.0,0.0,0.0,0.0,0.0,0.0,0.0,0.0,0.0,0.0,0.0,0.0,0.0,0.0,0.04083484573502723,2.2186932849364793,13.244101633393832,12.631578947368425,1.8647912885662437,0.407,0.0117,0.0,0.0,0.0,0.0,0.0,0.0,0.0,0.0,0.0,0.0,0.0,8.10844370860926,21.618377483443716,0.27317880794701993,0.0,0.0,0.0,0.0,0.0,0.0,0.0,0.0,0.0,0.0,0.0,0.0,0.0,0.0,0.0,0.0,0.4065,0.01179,0.0,0.0,0.0,0.0,0.0,0.0,0.0,0.0,0.0,0.0,0.013611615245009078,8.61615245009073,20.96188747731398,0.4083484573502723,0.0,0.0,0.0,0.0,0.0,0.0,0.0,0.0,0.0,0.0,0.0,0.0,0.0,0.0,0.0,0.0
93100,4750,2483,0.5227368421052632,1171,966,0.44989473684210524,1334,0.5616842105263158,0.4120000000000001,3.0423467137185707,3.1692400291498415,6.7330246913580245,2.1619654379628486,9541.44,1613.32934219892,7853.0,11083.0,11083.0,0.0,7853.0,0.0,27.94778947368421,20.739461759190903,32.88844321885184,18.95262897878333,0.13936842105263159,0.09557894736842105,0.09515789473684211,0.08757894736842105,0.08294736842105263,0.07052631578947369,0.06926315789473685,0.06589473684210527,0.06063157894736842,0.05347368421052632,0.05031578947368421,0.040210526315789474,0.032,0.02231578947368421,0.016842105263157894,0.009894736842105263,0.008,0.9331854109136681,0.02345512720711039,0.0,0.0,0.0,0.0,0.0,0.0,0.0,0.0,0.0,0.0,0.0,0.0,0.0,0.0,0.0,0.0,0.0,0.0,0.0,0.0,0.0,0.0,0.0,0.0,0.0,0.07578947368421053,2.2547368421052636,12.726315789473688,12.694736842105266,2.2484210526315795,4.3163398692810455,2.9585250148636293,nan,nan,nan,4.311848958333333,2.9884352124235654,4.320866141732283,2.928063200383753,1.0020912567870734,0.4062,0.01167,0.0,0.0,0.0,0.0,0.0,0.0,0.0,0.0,0.0,0.0,0.018947368421052633,8.753684210526304,20.892631578947373,0.3347368421052633,0.0,0.0,0.0,0.0,0.0,0.0,0.0,0.0,0.0,0.0,0.0,0.0,0.0,0.0,0.0,0.0,nan,nan,4.3163398692810455,2.9585250148636293,nan,0.4062,0.06036,0.0,0.0,0.0,0.0,0.0,0.0,0.0,0.0,0.0,0.0,0.0,0.0,0.0,0.0,0.0,0.0,0.0,0.0,0.0,0.0005368421052631579,0.00018947368421052632,0.004505263157894737,0.0016105263157894737,0.0,0.010768421052631578,0.0005368421052631579,0.0003473684210526316,0.007021052631578947,0.005168421052631579,0.008126315789473685,0.02085263157894737,0.008789473684210526,0.011852631578947368,0.02148421052631579,0.049021052631578944,0.043284210526315786,0.055252631578947366,0.07698947368421052,0.04706315789473684,0.053442105263157895,0.06315789473684211,0.0484,0.08517894736842105,0.06701052631578948,0.024936842105263157,0.03431578947368421,0.0839578947368421,0.03231578947368421,0.032947368421052635,0.047473684210526314,0.016115789473684212,0.021894736842105262,0.0038736842105263156,0.004494736842105263,0.002031578947368421,0.0039578947368421056,0.0006736842105263158,0.0,0.0003473684210526316,0.0,7.368421052631579e-05,0.0,0.0,0.0,0.0,0.0,0.0,0.0,0.0,0.0,0.0,0.0,0.0,0.0,0.0,0.0,0.0,0.0,0.0,0.0,0.0,0.0,0.0,0.0,0.0,0.0,0.0,0.0,0.0,0.0,0.0,0.0,0.0,0.0,0.0,0.0,0.0,0.0,0.0,0.0,0.0,nan,nan,4.3163398692810455,2.9585250148636293,nan,0.9326504559897147,0.023425618297443974,0.0,0.0,0.0,0.0,0.0,0.0,0.0,0.0,0.0,0.0,0.0,0.0,0.0,0.0,0.0,0.0,0.0,0.0,0.0,0.0,0.0,0.0,0.0,0.0,0.0,0.07249295207410392,2.235199355618204,13.181635118807897,12.299637535239633,2.2110350382601696,0.9337713363994099,0.02347342007581714,0.0,0.0,0.0,0.0,0.0,0.0,0.0,0.0,0.0,0.0,0.0,0.0,0.0,0.0,0.0,0.0,0.0,0.0,0.0,0.0,0.0,0.0,0.0,0.0,0.0,0.07940008822232025,2.276135862373181,12.227613586237322,13.12748125275695,2.2893692104102343,0.4062,0.01172,0.0,0.0,0.0,0.0,0.0,0.0,0.0,0.0,0.0,0.0,0.01208215867901732,8.626661296818353,20.998791784132106,0.3624647603705196,0.0,0.0,0.0,0.0,0.0,0.0,0.0,0.0,0.0,0.0,0.0,0.0,0.0,0.0,0.0,0.0,0.4062,0.01163,0.0,0.0,0.0,0.0,0.0,0.0,0.0,0.0,0.0,0.0,0.026466696074106757,8.892809880899854,20.7763564181738,0.3043670048522277,0.0,0.0,0.0,0.0,0.0,0.0,0.0,0.0,0.0,0.0,0.0,0.0,0.0,0.0,0.0,0.0
93200,4718,2490,0.5277660025434506,1171,938,0.447011445527766,1295,0.5489614243323442,0.4320000000000001,3.076750448833034,3.1348990913502512,6.661514683153014,2.126186082522501,9557.684188215346,1612.5079058361712,7853.0,11083.0,11083.0,0.0,7853.0,0.0,28.17337855023315,21.079323812697936,33.3258883248731,19.246923146488065,0.1420093259855871,0.09686307757524375,0.09283594743535396,0.08520559559135227,0.08075455701568461,0.06930902924968207,0.0688851208139042,0.06846121237812633,0.05934718100890208,0.05277660025434506,0.0453582026282323,0.04027130139889784,0.0347604917337855,0.02479864349300551,0.01907587961000424,0.011869436201780416,0.00741839762611276,0.9338610996983727,0.02304238898547609,0.0,0.0,0.0,0.0,0.0,0.0,0.0,0.0,0.0,0.0,0.0,0.0,0.0,0.0,0.0,0.0,0.0,0.0,0.0,0.0,0.0,0.0,0.0,0.0,0.0,0.06994489190334889,2.034760491733786,12.882577363289533,12.710894446799495,2.301822806273845,4.265727391874181,2.8867605255676763,nan,nan,nan,4.276254180602007,2.89237343645791,4.255619781631342,2.881324639942376,0.995174655645058,0.4067,0.01162,0.0,0.0,0.0,0.0,0.0,0.0,0.0,0.0,0.0,0.0,0.0,8.355235269181845,21.295040271301406,0.34972445951674447,0.0,0.0,0.0,0.0,0.0,0.0,0.0,0.0,0.0,0.0,0.0,0.0,0.0,0.0,0.0,0.0,nan,nan,4.265727391874181,2.8867605255676763,nan,0.4067,0.05978,0.0,0.0,0.0,0.0,0.0,0.0,0.0,0.0,0.0,0.0,0.0,0.0,0.0,0.0,0.0,0.0,0.0,0.0,0.0,0.0005086901229334464,0.0001271725307333616,0.003804578211106401,0.0016214497668503604,0.0,0.010131411615091141,0.0004874947011445528,0.0002861381941500636,0.0063162356930902925,0.004048325561678678,0.009251801610852055,0.020315811784654515,0.008192030521407377,0.012441712590080542,0.02046417973717677,0.046036456125476896,0.04607884696905468,0.05445103857566765,0.0796417973717677,0.04736116998728275,0.05229970326409496,0.06433870284018652,0.05130351844001696,0.08263035184400169,0.06828105129292072,0.025614667231877913,0.03495125052988554,0.08266214497668503,0.03320262823230182,0.030542602797795675,0.04543238660449343,0.017369648155998306,0.0228486646884273,0.004345061466723188,0.005680373039423484,0.0020029673590504452,0.0038893598982619754,0.0007524374735057228,0.0,0.00022255192878338278,0.0,6.35862653666808e-05,0.0,0.0,0.0,0.0,0.0,0.0,0.0,0.0,0.0,0.0,0.0,0.0,0.0,0.0,0.0,0.0,0.0,0.0,0.0,0.0,0.0,0.0,0.0,0.0,0.0,0.0,0.0,0.0,0.0,0.0,0.0,0.0,0.0,0.0,0.0,0.0,0.0,0.0,0.0,0.0,nan,nan,4.265727391874181,2.8867605255676763,nan,0.9338497553723883,0.022725352651854887,0.0,0.0,0.0,0.0,0.0,0.0,0.0,0.0,0.0,0.0,0.0,0.0,0.0,0.0,0.0,0.0,0.0,0.0,0.0,0.0,0.0,0.0,0.0,0.0,0.0,0.0602409638554217,1.9397590361445787,13.084337349397593,12.638554216867472,2.27710843373494,0.9338737780519191,0.023391616438111225,0.0,0.0,0.0,0.0,0.0,0.0,0.0,0.0,0.0,0.0,0.0,0.0,0.0,0.0,0.0,0.0,0.0,0.0,0.0,0.0,0.0,0.0,0.0,0.0,0.0,0.08078994614003591,2.140933572710952,12.657091561938962,12.791741472172355,2.3294434470377023,0.4067,0.01153,0.0,0.0,0.0,0.0,0.0,0.0,0.0,0.0,0.0,0.0,0.0,8.385542168674688,21.28915662650603,0.3253012048192772,0.0,0.0,0.0,0.0,0.0,0.0,0.0,0.0,0.0,0.0,0.0,0.0,0.0,0.0,0.0,0.0,0.407,0.01173,0.0,0.0,0.0,0.0,0.0,0.0,0.0,0.0,0.0,0.0,0.0,8.321364452423687,21.301615798922803,0.377019748653501,0.0,0.0,0.0,0.0,0.0,0.0,0.0,0.0,0.0,0.0,0.0,0.0,0.0,0.0,0.0,0.0
93300,4847,2520,0.5199092221992986,1200,979,0.4495564266556633,1340,0.5529193315452857,0.4360000000000001,3.0795015040825096,3.159034371682546,6.672566371681416,2.1130685283437463,9532.306787703734,1613.719193991082,7853.0,11083.0,11083.0,0.0,7853.0,0.0,27.99050959356303,20.79123720092733,32.794671229528234,19.068361905834763,0.13657932741902207,0.10006189395502373,0.09428512481947597,0.086445223849804,0.0843820920156798,0.07282855374458427,0.07179698782752218,0.06127501547348876,0.05446668042087889,0.05116566948628017,0.052816174953579535,0.03672374664741077,0.034866927996698986,0.02970909841138849,0.017330307406643285,0.011140911904270683,0.004126263668248401,0.9336689589981297,0.02329480480660939,0.0,0.0,0.0,0.0,0.0,0.0,0.0,0.0,0.0,0.0,0.0,0.0,0.0,0.0,0.0,0.0,0.0,0.0,0.0,0.0,0.0,0.0,0.0,0.0,0.0,0.030946977511863014,2.2034247988446465,12.750154734887563,12.694450175366208,2.321023313389726,4.291772959183674,2.924323342189943,nan,nan,nan,4.346779440468445,2.9116424989667613,4.238899312070044,2.9354894780582415,0.9751815959664206,0.4072,0.01153,0.0,0.0,0.0,0.0,0.0,0.0,0.0,0.0,0.0,0.0,0.0,7.9038580565298,21.73096760883021,0.3651743346399836,0.0,0.0,0.0,0.0,0.0,0.0,0.0,0.0,0.0,0.0,0.0,0.0,0.0,0.0,0.0,0.0,nan,nan,4.291772959183674,2.924323342189943,nan,0.4072,0.05975,0.0,0.0,0.0,0.0,0.0,0.0,0.0,0.0,0.0,0.0,0.0,0.0,0.0,0.0,0.0,0.0,0.0,0.0,0.0,0.00027852279760676705,0.00019599752424179906,0.003280379616257479,0.0017639777181761914,0.0,0.010501341035692181,0.0006808335052609862,0.0003610480709717351,0.0061068702290076335,0.003610480709717351,0.0070559108727047655,0.020559108727047658,0.007633587786259542,0.013998349494532701,0.02059005570455952,0.04784402723334021,0.044295440478646586,0.05366205900557046,0.08061687641840314,0.0471528780689086,0.05340416752630493,0.06537033216422529,0.04942232308644522,0.08309263461935218,0.06620590055704559,0.02634619352176604,0.033701258510418816,0.08537239529605942,0.03227769754487312,0.029471838250464205,0.04763771404992779,0.01697957499484217,0.02224056117185888,0.005199092221992985,0.005745822158035899,0.002248813699195379,0.003507324118011141,0.0012275634413038993,0.0,0.00021662884258304106,1.0315659170621002e-05,0.00013410356921807304,0.0,0.0,0.0,0.0,0.0,0.0,0.0,0.0,0.0,0.0,0.0,0.0,0.0,0.0,0.0,0.0,0.0,0.0,0.0,0.0,0.0,0.0,0.0,0.0,0.0,0.0,0.0,0.0,0.0,0.0,0.0,0.0,0.0,0.0,0.0,0.0,0.0,0.0,0.0,0.0,nan,nan,4.291772959183674,2.924323342189943,nan,0.9334285973083405,0.023269550560305736,0.0,0.0,0.0,0.0,0.0,0.0,0.0,0.0,0.0,0.0,0.0,0.0,0.0,0.0,0.0,0.0,0.0,0.0,0.0,0.0,0.0,0.0,0.0,0.0,0.0,0.03571428571428572,2.2500000000000004,12.940476190476193,12.48809523809524,2.285714285714286,0.9339292561439265,0.02331932869995028,0.0,0.0,0.0,0.0,0.0,0.0,0.0,0.0,0.0,0.0,0.0,0.0,0.0,0.0,0.0,0.0,0.0,0.0,0.0,0.0,0.0,0.0,0.0,0.0,0.0,0.025784271594327467,2.1529866781263434,12.544048130640313,12.917920068758061,2.359260850880963,0.4072,0.01154,0.0,0.0,0.0,0.0,0.0,0.0,0.0,0.0,0.0,0.0,0.0,7.785714285714274,21.77380952380953,0.4404761904761906,0.0,0.0,0.0,0.0,0.0,0.0,0.0,0.0,0.0,0.0,0.0,0.0,0.0,0.0,0.0,0.0,0.4072,0.01151,0.0,0.0,0.0,0.0,0.0,0.0,0.0,0.0,0.0,0.0,0.0,8.031800601632993,21.6845724108294,0.2836269875376021,0.0,0.0,0.0,0.0,0.0,0.0,0.0,0.0,0.0,0.0,0.0,0.0,0.0,0.0,0.0,0.0
93400,4917,2529,0.5143380109823062,1229,1019,0.45718934309538334,1437,0.5845027455765711,0.36400000000000005,2.9673366834170856,3.014582944153352,6.284741144414169,2.160926578944271,9514.31177547285,1614.335844690488,7853.0,11083.0,11083.0,0.0,7853.0,0.0,28.765710799267847,20.757625378560814,33.371782650143,18.965826594791057,0.13036404311572097,0.09497661175513525,0.08521456172462884,0.09273947528981086,0.07850315232865568,0.07240187105958917,0.06609721374822046,0.06874110229814928,0.06243644498678056,0.06243644498678056,0.047996745983323166,0.043725849094976614,0.03376042302216799,0.025625381330079317,0.018913971934106162,0.011185682326621925,0.004881025015253203,0.9327328055157563,0.023437329339180617,0.0,0.0,0.0,0.0,0.0,0.0,0.0,0.0,0.0,0.0,0.0,0.0,0.0,0.0,0.0,0.0,0.0,0.0,0.0,0.0,0.0,0.0,0.0,0.0,0.0,0.07931665649786457,2.3245881635143384,12.940817571690058,12.489322757779137,2.1659548505186095,4.084580152671756,2.8046619476368475,nan,nan,nan,4.090184049079754,2.7756326802986537,4.079027355623101,2.8331222043504556,0.9972723248336065,0.4072,0.01202,0.0,0.0,0.0,0.0,0.0,0.0,0.0,0.0,0.0,0.0,0.0,8.05979255643684,21.574130567419164,0.3660768761439903,0.0,0.0,0.0,0.0,0.0,0.0,0.0,0.0,0.0,0.0,0.0,0.0,0.0,0.0,0.0,0.0,nan,nan,4.084580152671756,2.8046619476368475,nan,0.4072,0.05984,0.0,0.0,0.0,0.0,0.0,0.0,0.0,0.0,0.0,0.0,0.0,0.0,0.0,0.0,0.0,0.0,0.0,0.0,0.0,0.00032540166768354686,0.00016270083384177343,0.002796420581655481,0.0017693715680292862,0.0,0.01089078706528371,0.0009660362009355298,0.000254220052877771,0.006040268456375839,0.003620093552979459,0.008673988204189546,0.019595281675818588,0.007230018303843807,0.014693919056335164,0.021761236526337196,0.04407158836689038,0.0479357331706325,0.05448444173276388,0.07970307097823877,0.048108602806589386,0.05178970917225951,0.06422615415904007,0.049705104738661784,0.08242830994508847,0.06536505999593248,0.025706731747000205,0.03344519015659955,0.08454342078503152,0.03441122635753508,0.030313199105145412,0.04923733984136669,0.016554809843400447,0.02070368110636567,0.0055521659548505185,0.005725035590807403,0.002389668497051047,0.0030099654260728084,0.0014032946918852958,0.0,0.000254220052877771,0.0,0.0001525320317266626,0.0,0.0,0.0,0.0,0.0,0.0,0.0,0.0,0.0,0.0,0.0,0.0,0.0,0.0,0.0,0.0,0.0,0.0,0.0,0.0,0.0,0.0,0.0,0.0,0.0,0.0,0.0,0.0,0.0,0.0,0.0,0.0,0.0,0.0,0.0,0.0,0.0,0.0,0.0,0.0,nan,nan,4.084580152671756,2.8046619476368475,nan,0.9327684978620485,0.02328002557829319,0.0,0.0,0.0,0.0,0.0,0.0,0.0,0.0,0.0,0.0,0.0,0.0,0.0,0.0,0.0,0.0,0.0,0.0,0.0,0.0,0.0,0.0,0.0,0.0,0.0,0.059311981020166084,2.3368920521945435,13.001186239620406,12.360616844602612,2.241992882562278,0.9326950057068063,0.02360271926434586,0.0,0.0,0.0,0.0,0.0,0.0,0.0,0.0,0.0,0.0,0.0,0.0,0.0,0.0,0.0,0.0,0.0,0.0,0.0,0.0,0.0,0.0,0.0,0.0,0.0,0.10050251256281409,2.311557788944724,12.876884422110555,12.62562814070352,2.085427135678392,0.4072,0.01201,0.0,0.0,0.0,0.0,0.0,0.0,0.0,0.0,0.0,0.0,0.0,8.05456702253854,21.613285883748524,0.3321470937129301,0.0,0.0,0.0,0.0,0.0,0.0,0.0,0.0,0.0,0.0,0.0,0.0,0.0,0.0,0.0,0.0,0.4072,0.01203,0.0,0.0,0.0,0.0,0.0,0.0,0.0,0.0,0.0,0.0,0.0,8.065326633165817,21.53266331658292,0.40201005025125636,0.0,0.0,0.0,0.0,0.0,0.0,0.0,0.0,0.0,0.0,0.0,0.0,0.0,0.0,0.0,0.0
93500,4596,2274,0.49477806788511747,1080,982,0.448651000870322,1339,0.582680591818973,0.4040000000000001,2.937123169681309,3.1162393123231342,6.608628659476117,2.202600955680456,9451.13315926893,1614.911920100831,7853.0,11083.0,11083.0,0.0,7853.0,0.0,27.941470844212358,20.875200345901497,33.032014575741805,19.045201323241137,0.14273281114012185,0.10095735422106179,0.08594429939077458,0.08572671888598782,0.08463881636205396,0.07332463011314186,0.072236727589208,0.06135770234986945,0.05896431679721497,0.053959965187119235,0.04351610095735422,0.04634464751958225,0.02959094865100087,0.02567449956483899,0.01762402088772846,0.010226283724978242,0.007180156657963447,0.9319818252657059,0.023183409444649167,0.0,0.0,0.0,0.0,0.0,0.0,0.0,0.0,0.0,0.0,0.0,0.0,0.0,0.0,0.0,0.0,0.0,0.0,0.0,0.0,0.0,0.0,0.0,0.0,0.0,0.06527415143603134,2.389033942558747,13.17885117493473,12.349869451697131,2.0169712793733687,4.378061053337806,2.882638122812914,nan,nan,nan,4.36968085106383,2.9396022860706204,4.386594448205822,2.8234263470507535,1.0038706710440592,0.4062,0.01169,0.0,0.0,0.0,0.0,0.0,0.0,0.0,0.0,0.0,0.0,0.0065274151436031345,8.785900783289804,20.959530026109665,0.2480417754569191,0.0,0.0,0.0,0.0,0.0,0.0,0.0,0.0,0.0,0.0,0.0,0.0,0.0,0.0,0.0,0.0,nan,nan,4.378061053337806,2.882638122812914,nan,0.4062,0.06012,0.0,0.0,0.0,0.0,0.0,0.0,0.0,0.0,0.0,0.0,0.0,0.0,0.0,0.0,0.0,0.0,0.0,0.0,0.0,0.00027197563098346387,0.00020670147954743255,0.0026762402088772847,0.0016536118363794604,0.00013054830287206266,0.01294604003481288,0.0011314186248912097,0.00025021758050478677,0.006679721496953873,0.004525674499564839,0.00919277632724108,0.019321148825065273,0.005907310704960835,0.014251523063533507,0.021486074847693645,0.04199303742384682,0.04958659704090514,0.0546562228024369,0.08497606614447345,0.04532201914708442,0.05329634464751958,0.06551348999129677,0.05019582245430809,0.08354003481288076,0.06339208006962577,0.025228459530026108,0.03433420365535248,0.07885117493472585,0.033627067014795474,0.029264577893820715,0.05022845953002611,0.016677545691906007,0.021420800696257614,0.005657093124456049,0.005395996518711923,0.0015013054830287206,0.0023281114012184507,0.0019691035683202787,3.2637075718015665e-05,0.0002828546562228024,0.0,9.7911227154047e-05,0.0,0.0,0.0,0.0,0.0,0.0,0.0,0.0,0.0,0.0,0.0,0.0,0.0,0.0,0.0,0.0,0.0,0.0,0.0,0.0,0.0,0.0,0.0,0.0,0.0,0.0,0.0,0.0,0.0,0.0,0.0,0.0,0.0,0.0,0.0,0.0,0.0,0.0,0.0,0.0,nan,nan,4.378061053337806,2.882638122812914,nan,0.9317320292469904,0.02283480142400281,0.0,0.0,0.0,0.0,0.0,0.0,0.0,0.0,0.0,0.0,0.0,0.0,0.0,0.0,0.0,0.0,0.0,0.0,0.0,0.0,0.0,0.0,0.0,0.0,0.0,0.02638522427440634,2.3614775725593673,13.36411609498681,12.335092348284963,1.9129287598944595,0.9322264575424326,0.02351723226978185,0.0,0.0,0.0,0.0,0.0,0.0,0.0,0.0,0.0,0.0,0.0,0.0,0.0,0.0,0.0,0.0,0.0,0.0,0.0,0.0,0.0,0.0,0.0,0.0,0.0,0.10335917312661501,2.4160206718346258,12.997416020671837,12.36434108527132,2.1188630490956077,0.4062,0.01163,0.0,0.0,0.0,0.0,0.0,0.0,0.0,0.0,0.0,0.0,0.0,8.654353562005264,21.055408970976256,0.2902374670184697,0.0,0.0,0.0,0.0,0.0,0.0,0.0,0.0,0.0,0.0,0.0,0.0,0.0,0.0,0.0,0.0,0.4062,0.01174,0.0,0.0,0.0,0.0,0.0,0.0,0.0,0.0,0.0,0.0,0.012919896640826876,8.91472868217053,20.865633074935403,0.20671834625323002,0.0,0.0,0.0,0.0,0.0,0.0,0.0,0.0,0.0,0.0,0.0,0.0,0.0,0.0,0.0,0.0
93600,4594,2361,0.5139312146277754,1103,901,0.43622115803221595,1280,0.5572485851110144,0.4120000000000001,3.0371697268248994,3.162130016214039,6.667168674698795,2.1111594902412256,9512.997823247715,1614.3730039563247,7853.0,11083.0,11083.0,0.0,7853.0,0.0,28.24553765781454,21.152158469205844,33.319043907508444,19.35634989178415,0.14040052242054854,0.10100130605137135,0.09055289508053983,0.0890291684806269,0.07771005659555942,0.07270352633870265,0.06290814105354811,0.06073138876795821,0.06007836308228123,0.05637788419677841,0.04636482368306487,0.03831084022638224,0.03939921636917719,0.02938615585546365,0.01654331737048324,0.011536787113626469,0.006965607313887679,0.932059553599015,0.023594278026808184,0.0,0.0,0.0,0.0,0.0,0.0,0.0,0.0,0.0,0.0,0.0,0.0,0.0,0.0,0.0,0.0,0.0,0.0,0.0,0.0,0.0,0.0,0.0,0.0,0.0,0.07183282542446671,2.6512842838484985,12.88419677840662,12.21158032215934,2.18110579016108,4.35334011529332,2.8872693054168255,nan,nan,nan,4.403204272363151,2.904862713251504,4.301860785665059,2.8680834731600093,0.9769841505346054,0.4053,0.01188,0.0,0.0,0.0,0.0,0.0,0.0,0.0,0.0,0.0,0.0,0.019590770570309102,9.730082716586837,20.04135829342621,0.20896821941663044,0.0,0.0,0.0,0.0,0.0,0.0,0.0,0.0,0.0,0.0,0.0,0.0,0.0,0.0,0.0,0.0,nan,nan,4.35334011529332,2.8872693054168255,nan,0.4053,0.0599,0.0,0.0,0.0,0.0,0.0,0.0,0.0,0.0,0.0,0.0,0.0,0.0,0.0,0.0,0.0,0.0,1.08837614279495e-05,0.0,0.0,0.00044623421854592945,0.000326512842838485,0.001915542011319112,0.001937309534175011,0.000326512842838485,0.012570744449281671,0.001131911188506748,0.000239442751414889,0.0057030909882455376,0.0038419677840661735,0.008554636482368306,0.02020026121027427,0.006682629516760992,0.014301262516325642,0.022932085328689594,0.045526774053112756,0.05266652154984763,0.05890291684806269,0.08383761427949499,0.04205485415759687,0.053950805398345666,0.06803439268611232,0.05001088376142795,0.0816608619939051,0.060502829777971265,0.023857205050065302,0.03261863299956465,0.08110579016107967,0.03296691336525903,0.02870047888550283,0.046898127993034396,0.016140618197649108,0.022551153678711362,0.0058010448410970835,0.0058228123639529825,0.0017522855898998693,0.0018284719198955158,0.0012080975185023944,4.3535045711798e-05,0.000239442751414889,0.0,0.00019590770570309098,0.0,0.0,0.0,0.0,0.0,0.0,0.0,0.0,0.0,0.0,0.0,0.0,0.0,0.0,0.0,0.0,0.0,0.0,0.0,0.0,0.0,0.0,0.0,0.0,0.0,0.0,0.0,0.0,0.0,0.0,0.0,0.0,0.0,0.0,0.0,0.0,0.0,0.0,0.0,0.0,nan,nan,4.35334011529332,2.8872693054168255,nan,0.9318886797643223,0.02362960567524597,0.0,0.0,0.0,0.0,0.0,0.0,0.0,0.0,0.0,0.0,0.0,0.0,0.0,0.0,0.0,0.0,0.0,0.0,0.0,0.0,0.0,0.0,0.0,0.0,0.0,0.07623888182973318,2.8335451080050835,12.59212198221093,12.477763659466332,2.020330368487929,0.9322402222616706,0.0235555195942857,0.0,0.0,0.0,0.0,0.0,0.0,0.0,0.0,0.0,0.0,0.0,0.0,0.0,0.0,0.0,0.0,0.0,0.0,0.0,0.0,0.0,0.0,0.0,0.0,0.0,0.0671742051052396,2.4585759068517694,13.193013882669058,11.930138826690554,2.351097178683386,0.4053,0.01184,0.0,0.0,0.0,0.0,0.0,0.0,0.0,0.0,0.0,0.0,0.0,9.593392630241409,20.241423125794157,0.1651842439644219,0.0,0.0,0.0,0.0,0.0,0.0,0.0,0.0,0.0,0.0,0.0,0.0,0.0,0.0,0.0,0.0,0.4053,0.01191,0.0,0.0,0.0,0.0,0.0,0.0,0.0,0.0,0.0,0.0,0.040304523063143756,9.874608150470205,19.82982534706673,0.25526197939991047,0.0,0.0,0.0,0.0,0.0,0.0,0.0,0.0,0.0,0.0,0.0,0.0,0.0,0.0,0.0,0.0
93700,4607,2406,0.5222487518992837,1148,969,0.4595181245930106,1297,0.5630562187974821,0.4000000000000001,2.841890049977283,2.9799403359635934,6.373983739837398,2.116133819303265,9539.863468634687,1613.4003352781947,7853.0,11083.0,11083.0,0.0,7853.0,0.0,28.277186889515953,20.7433856195036,33.177955189286635,18.897135601973176,0.13718254829607118,0.09442153245061863,0.09029737356197091,0.08291729976123291,0.08378554373779032,0.07618840894291296,0.07336661601910137,0.06381593227696983,0.060125895376600826,0.05578467549381376,0.04688517473410028,0.04037334490991969,0.03386151508573909,0.024962014326025614,0.020403733449099196,0.011287171695246364,0.004341219882787063,0.9308705391091019,0.02326115084222762,0.0,0.0,0.0,0.0,0.0,0.0,0.0,0.0,0.0,0.0,0.0,0.0,0.0,0.0,0.0,0.0,0.0,0.0,0.0,0.0,0.0,0.0,0.0,0.0,0.0,0.09116561753852835,2.559149120902974,13.512046885174737,11.981766876492298,1.8558714998914698,4.018494055482167,2.8221713918350186,nan,nan,nan,3.9705689993459776,2.818893047815625,4.067378252168112,2.824673854791849,1.0243817077194932,0.4048,0.01203,0.0,0.0,0.0,0.0,0.0,0.0,0.0,0.0,0.0,0.0,0.026047319296722386,10.321250271326228,19.385717386585632,0.26698502279140446,0.0,0.0,0.0,0.0,0.0,0.0,0.0,0.0,0.0,0.0,0.0,0.0,0.0,0.0,0.0,0.0,nan,nan,4.018494055482167,2.8221713918350186,nan,0.4048,0.06027,0.0,0.0,0.0,0.0,0.0,0.0,0.0,0.0,0.0,0.0,0.0,0.0,0.0,0.0,0.0,0.0,0.0,0.0,1.0853049706967659e-05,0.0003364445409159974,0.00011938354677664423,0.001975255046668114,0.0018233123507705666,0.00036900369003690036,0.014434556110266984,0.0006294768830041242,0.0003038853917950944,0.00653353592359453,0.004069893640112871,0.008335142174951161,0.019947905361406556,0.007097894508356848,0.014011287171695246,0.022303017147818537,0.046744085087909705,0.05425439548513132,0.058074668981983935,0.08343824614716736,0.044801389190362494,0.05296288257000217,0.0663446928586933,0.049110049924028655,0.08268938571738658,0.062405035815064035,0.02205339700455828,0.03185370088995008,0.07794660299544172,0.03272194486650749,0.027707835901888432,0.04777512481007163,0.016008248317777297,0.02348599956587801,0.006327327979162144,0.006435858476231821,0.0014543086607336662,0.0018667245495984372,0.0009333622747992186,0.0,0.0001302365964836119,0.0,0.00017364879531148254,0.0,0.0,0.0,0.0,0.0,0.0,0.0,0.0,0.0,0.0,0.0,0.0,0.0,0.0,0.0,0.0,0.0,0.0,0.0,0.0,0.0,0.0,0.0,0.0,0.0,0.0,0.0,0.0,0.0,0.0,0.0,0.0,0.0,0.0,0.0,0.0,0.0,0.0,0.0,0.0,nan,nan,4.018494055482167,2.8221713918350186,nan,0.9306941697078255,0.02346231570354018,0.0,0.0,0.0,0.0,0.0,0.0,0.0,0.0,0.0,0.0,0.0,0.0,0.0,0.0,0.0,0.0,0.0,0.0,0.0,0.0,0.0,0.0,0.0,0.0,0.0,0.09975062344139653,2.5561097256857863,13.690773067331675,11.68329177057357,1.9700748129675814,0.9310633354650634,0.02303769554201966,0.0,0.0,0.0,0.0,0.0,0.0,0.0,0.0,0.0,0.0,0.0,0.0,0.0,0.0,0.0,0.0,0.0,0.0,0.0,0.0,0.0,0.0,0.0,0.0,0.0,0.08178100863243981,2.5624716038164475,13.316674238982284,12.308041799182194,1.731031349386643,0.4048,0.01193,0.0,0.0,0.0,0.0,0.0,0.0,0.0,0.0,0.0,0.0,0.024937655860349132,10.211970074812953,19.488778054862845,0.27431421446384047,0.0,0.0,0.0,0.0,0.0,0.0,0.0,0.0,0.0,0.0,0.0,0.0,0.0,0.0,0.0,0.0,0.4048,0.01213,0.0,0.0,0.0,0.0,0.0,0.0,0.0,0.0,0.0,0.0,0.027260336210813273,10.440708768741466,19.273057701044984,0.25897319400272606,0.0,0.0,0.0,0.0,0.0,0.0,0.0,0.0,0.0,0.0,0.0,0.0,0.0,0.0,0.0,0.0
93800,4749,2438,0.5133712360496947,1146,982,0.44809433564961043,1331,0.5605390608549168,0.4000000000000001,2.9878840328861966,3.0965748412873846,6.498480243161095,2.2212357524240303,9511.189092440514,1614.422405163582,7853.0,11083.0,11083.0,0.0,7853.0,0.0,28.10844388292272,20.875777701214165,33.10439146800502,19.067907262333378,0.13897662665824384,0.09896820383238576,0.09517793219625184,0.08296483470204254,0.07559486207622658,0.07222573173299641,0.07601600336913035,0.06359233522846915,0.0629606232891135,0.055380080016845655,0.0465361128658665,0.037271004421983576,0.03116445567487892,0.02505790692777427,0.018530216887765846,0.01284480943356496,0.006738260686460307,0.9298417725094145,0.02343798178751481,0.0,0.0,0.0,0.0,0.0,0.0,0.0,0.0,0.0,0.0,0.0,0.0,0.0,0.0,0.0,0.0,0.0,0.0,0.0,0.0,0.0,0.0,0.0,0.0,0.006317119393556539,0.10739102969046117,2.97536323436513,13.771320277953256,11.389766266582441,1.7498420720151615,4.269545305855414,2.8581040005987384,nan,nan,nan,4.247058823529412,2.7924515156270893,4.291612057667104,2.9231341725595064,1.0104903736889301,0.4045,0.01176,0.0,0.0,0.0,0.0,0.0,0.0,0.0,0.0,0.0,0.0,0.0,10.42956411876183,19.361970941250792,0.20846493998736582,0.0,0.0,0.0,0.0,0.0,0.0,0.0,0.0,0.0,0.0,0.0,0.0,0.0,0.0,0.0,0.0,nan,nan,4.269545305855414,2.8581040005987384,nan,0.4045,0.0601,0.0,0.0,0.0,0.0,0.0,0.0,0.0,0.0,0.0,0.0,0.0,0.0,0.0,0.0,0.0,0.0,0.0,0.0,0.0,0.00029479890503263844,2.1057064645188462e-05,0.0018635502210991787,0.0016424510423247,0.0006001263423878712,0.013676563487049905,0.000779111391871973,0.00036849863129079805,0.00649610444304064,0.004506211834070331,0.009254579911560328,0.020299010317961677,0.006053906085491683,0.014202990103179616,0.02302590018951358,0.04582017266793009,0.05746472941671931,0.05734891556117077,0.08333333333333333,0.04266161297115182,0.05266371867761634,0.06634028216466624,0.04915771741419246,0.08490208464939987,0.06111813013265951,0.022520530638029057,0.032659507264687304,0.07812170983364919,0.030890713834491473,0.028606022320488523,0.04648347020425353,0.01667719519898926,0.024078753421773003,0.005190566435038955,0.006338176458201727,0.001326595072646873,0.002042535270583281,0.0010739102969046115,0.0,7.369972625815961e-05,0.0,2.1057064645188462e-05,0.0,0.0,0.0,0.0,0.0,0.0,0.0,0.0,0.0,0.0,0.0,0.0,0.0,0.0,0.0,0.0,0.0,0.0,0.0,0.0,0.0,0.0,0.0,0.0,0.0,0.0,0.0,0.0,0.0,0.0,0.0,0.0,0.0,0.0,0.0,0.0,0.0,0.0,0.0,0.0,nan,nan,4.269545305855414,2.8581040005987384,nan,0.9301258507715668,0.023383805249951182,0.0,0.0,0.0,0.0,0.0,0.0,0.0,0.0,0.0,0.0,0.0,0.0,0.0,0.0,0.0,0.0,0.0,0.0,0.0,0.0,0.0,0.0,0.0,0.0,0.0,0.12305168170631668,2.8671041837571787,13.707957342083677,11.456111566858084,1.8457752255947502,0.9295420828499045,0.02349127675204424,0.0,0.0,0.0,0.0,0.0,0.0,0.0,0.0,0.0,0.0,0.0,0.0,0.0,0.0,0.0,0.0,0.0,0.0,0.0,0.0,0.0,0.0,0.0,0.0,0.01298139333621809,0.09086975335352664,3.0895716140199054,13.838165296408484,11.319774989182175,1.6486369536996974,0.4045,0.01156,0.0,0.0,0.0,0.0,0.0,0.0,0.0,0.0,0.0,0.0,0.0,10.360951599671846,19.454470877768667,0.18457752255947502,0.0,0.0,0.0,0.0,0.0,0.0,0.0,0.0,0.0,0.0,0.0,0.0,0.0,0.0,0.0,0.0,0.4048,0.01195,0.0,0.0,0.0,0.0,0.0,0.0,0.0,0.0,0.0,0.0,0.0,10.501947209000416,19.264387710947645,0.23366508005192563,0.0,0.0,0.0,0.0,0.0,0.0,0.0,0.0,0.0,0.0,0.0,0.0,0.0,0.0,0.0,0.0
93900,4515,2317,0.5131782945736434,1104,921,0.4485049833887043,1267,0.5612403100775194,0.4080000000000001,2.903093721565059,3.0541338922811816,6.463533225283631,2.1482454857507394,9510.565891472868,1614.4389566914942,7853.0,11083.0,11083.0,0.0,7853.0,0.0,28.24341085271318,21.117912344977643,33.371625198517734,19.26857513888395,0.1452934662236988,0.09080841638981174,0.09147286821705426,0.08438538205980066,0.08150609080841639,0.07995570321151717,0.06688815060908083,0.06312292358803986,0.05714285714285714,0.05116279069767442,0.04584717607973422,0.04318936877076412,0.03477297895902547,0.024363233665559248,0.018604651162790697,0.014839424141749723,0.006644518272425249,0.9289551074190657,0.023375421376062126,0.0,0.0,0.0,0.0,0.0,0.0,0.0,0.0,0.0,0.0,0.0,0.0,0.0,0.0,0.0,0.0,0.0,0.0,0.0,0.0,0.0,0.0,0.0,0.0,0.006644518272425251,0.1461794019933555,3.0232558139534893,14.039867109634555,11.149501661129571,1.6345514950166118,4.209001022843505,2.8561895495439877,nan,nan,nan,4.279054054054054,2.7993424270898313,4.1356749311294765,2.911252988998993,0.9664927993165364,0.405,0.0118,0.0,0.0,0.0,0.0,0.0,0.0,0.0,0.0,0.0,0.0,0.013289036544850502,10.112956810631214,19.607973421926914,0.26578073089701004,0.0,0.0,0.0,0.0,0.0,0.0,0.0,0.0,0.0,0.0,0.0,0.0,0.0,0.0,0.0,0.0,nan,nan,4.209001022843505,2.8561895495439877,nan,0.405,0.0601,0.0,0.0,0.0,0.0,0.0,0.0,0.0,0.0,0.0,0.0,0.0,0.0,0.0,0.0,0.0,0.0,0.0,0.0,0.0,8.859357696567e-05,1.107419712070875e-05,0.0014396456256921372,0.001760797342192691,0.0005647840531561462,0.01372093023255814,0.0008859357696566999,0.0003765227021040975,0.007131782945736434,0.003565891472868217,0.009966777408637873,0.019966777408637875,0.0053377630121816165,0.01564784053156146,0.02458471760797342,0.044451827242524916,0.05619047619047619,0.058560354374307864,0.08281284606866002,0.04137320044296788,0.04990033222591362,0.06859357696566999,0.04666666666666667,0.08194905869324474,0.062192691029900334,0.02267995570321152,0.03435215946843854,0.08150609080841639,0.032004429678848284,0.027763012181616833,0.047552602436323366,0.017286821705426357,0.024186046511627906,0.004850498338870432,0.005404208194905869,0.0010852713178294573,0.0025470653377630123,0.0009745293466223698,0.0,0.0,6.64451827242525e-05,0.0,0.0,0.0,0.0,0.0,0.0,0.0,0.0,0.0,0.0,0.0,0.0,0.0,0.0,0.0,0.0,0.0,0.0,0.0,0.0,0.0,0.0,0.0,0.0,0.0,0.0,0.0,0.0,0.0,0.0,0.0,0.0,0.0,0.0,0.0,0.0,0.0,0.0,0.0,0.0,0.0,nan,nan,4.209001022843505,2.8561895495439877,nan,0.928893686807202,0.023533246976159557,0.0,0.0,0.0,0.0,0.0,0.0,0.0,0.0,0.0,0.0,0.0,0.0,0.0,0.0,0.0,0.0,0.0,0.0,0.0,0.0,0.0,0.0,0.0,0.0,0.0,0.1942166594734571,2.9650410012947783,14.074233923176525,11.070349589987055,1.6961588260681921,0.9290198533506802,0.023207713084156378,0.0,0.0,0.0,0.0,0.0,0.0,0.0,0.0,0.0,0.0,0.0,0.0,0.0,0.0,0.0,0.0,0.0,0.0,0.0,0.0,0.0,0.0,0.0,0.0,0.013648771610555053,0.09554140127388537,3.084622383985442,14.003639672429484,11.23293903548681,1.5696087352138313,0.405,0.011635,0.0,0.0,0.0,0.0,0.0,0.0,0.0,0.0,0.0,0.0,0.0,10.228744065602058,19.49935261113509,0.27190332326283995,0.0,0.0,0.0,0.0,0.0,0.0,0.0,0.0,0.0,0.0,0.0,0.0,0.0,0.0,0.0,0.0,0.405,0.01196,0.0,0.0,0.0,0.0,0.0,0.0,0.0,0.0,0.0,0.0,0.027297543221110106,9.990900818926281,19.722474977252052,0.259326660600546,0.0,0.0,0.0,0.0,0.0,0.0,0.0,0.0,0.0,0.0,0.0,0.0,0.0,0.0,0.0,0.0
94000,4678,2403,0.5136810602821719,1112,967,0.4444206926036768,1356,0.5797349294570329,0.38400000000000006,2.9556043956043956,3.0314480668417696,6.336405529953917,2.182645975551939,9512.189824711415,1614.395323144853,7853.0,11083.0,11083.0,0.0,7853.0,0.0,28.451047456177854,21.062379561820954,33.44498094027954,19.229912626220873,0.1393758016246259,0.09427105600684053,0.0910645575032065,0.08550662676357418,0.07695596408721676,0.07952116289012398,0.0741769987174006,0.06135100470286447,0.05643437366395896,0.04831124412141941,0.04510474561778538,0.04275331338178709,0.0404018811457888,0.029927319367250963,0.01881145788798632,0.00983326207781103,0.006199230440359128,0.9293373726712888,0.02313266514403025,0.0,0.0,0.0,0.0,0.0,0.0,0.0,0.0,0.0,0.0,0.0,0.0,0.0,0.0,0.0,0.0,0.0,0.0,0.0,0.0,0.0,0.0,0.0,0.0,0.0,0.08336896109448484,3.058999572466867,13.845660538691751,11.440786660966229,1.571184266780676,4.248526522593321,2.859992556430776,nan,nan,nan,4.2,2.8496308602350515,4.296296296296297,2.869354658999491,1.0229276895943564,0.4048,0.01187,0.0,0.0,0.0,0.0,0.0,0.0,0.0,0.0,0.0,0.0,0.006412997007268065,10.485250106883267,19.28388200085507,0.22445489525438225,0.0,0.0,0.0,0.0,0.0,0.0,0.0,0.0,0.0,0.0,0.0,0.0,0.0,0.0,0.0,0.0,nan,nan,4.248526522593321,2.859992556430776,nan,0.4048,0.06064,0.0,0.0,0.0,0.0,0.0,0.0,0.0,0.0,0.0,0.0,0.0,0.0,0.0,0.0,0.0,0.0,0.0,0.0,0.0,7.481829841812741e-05,1.0688328345446772e-05,0.001966652415562206,0.002436938862761864,0.0009085079093629757,0.012345019238991022,0.0014001710132535271,0.0005023514322359982,0.006637451902522446,0.003751603249251817,0.010453185121846943,0.019848225737494656,0.006851218469431381,0.016160752458315518,0.026271911073108167,0.04377939290294998,0.05489525438221462,0.0572894399315947,0.08266353142368534,0.04227233860624199,0.050277896536981614,0.06565840102607952,0.04509405728943993,0.08294142796066695,0.05998289867464728,0.02331124412141941,0.03371098760153912,0.08300555793073963,0.031145788798631894,0.029831124412141943,0.04705002137665669,0.017870884993587004,0.025288584865327063,0.004232578024796922,0.005654125694741343,0.0010581445061992305,0.002116289012398461,0.0010902094912355709,0.0,0.0,0.0001603249251817016,0.0,0.0,0.0,0.0,0.0,0.0,0.0,0.0,0.0,0.0,0.0,0.0,0.0,0.0,0.0,0.0,0.0,0.0,0.0,0.0,0.0,0.0,0.0,0.0,0.0,0.0,0.0,0.0,0.0,0.0,0.0,0.0,0.0,0.0,0.0,0.0,0.0,0.0,0.0,0.0,0.0,nan,nan,4.248526522593321,2.859992556430776,nan,0.9287134275503869,0.02330816019391694,0.0,0.0,0.0,0.0,0.0,0.0,0.0,0.0,0.0,0.0,0.0,0.0,0.0,0.0,0.0,0.0,0.0,0.0,0.0,0.0,0.0,0.0,0.0,0.0,0.0,0.09987515605493136,3.1710362047440706,14.069912609238456,11.011235955056183,1.6479400749063675,0.9299964232759161,0.022927405992694695,0.0,0.0,0.0,0.0,0.0,0.0,0.0,0.0,0.0,0.0,0.0,0.0,0.0,0.0,0.0,0.0,0.0,0.0,0.0,0.0,0.0,0.0,0.0,0.0,0.0,0.06593406593406595,2.9406593406593413,13.608791208791212,11.894505494505498,1.4901098901098906,0.4048,0.01182,0.0,0.0,0.0,0.0,0.0,0.0,0.0,0.0,0.0,0.0,0.0,10.486891385767775,19.288389513108616,0.22471910112359555,0.0,0.0,0.0,0.0,0.0,0.0,0.0,0.0,0.0,0.0,0.0,0.0,0.0,0.0,0.0,0.0,0.4048,0.01193,0.0,0.0,0.0,0.0,0.0,0.0,0.0,0.0,0.0,0.0,0.01318681318681319,10.48351648351647,19.27912087912088,0.2241758241758242,0.0,0.0,0.0,0.0,0.0,0.0,0.0,0.0,0.0,0.0,0.0,0.0,0.0,0.0,0.0,0.0
94100,4520,2298,0.5084070796460177,1044,935,0.43783185840707967,1295,0.5730088495575221,0.4120000000000001,2.9266426642664265,3.087607904459553,6.598101265822785,2.0950203623972627,9495.154867256637,1614.7716907303877,7853.0,11083.0,11083.0,0.0,7853.0,0.0,27.7429203539823,20.948141159067198,32.84911164147441,19.183707235981032,0.14557522123893804,0.09756637168141592,0.09070796460176991,0.09623893805309734,0.07920353982300884,0.07632743362831858,0.06526548672566372,0.05951327433628319,0.05309734513274336,0.05176991150442478,0.046460176991150445,0.04358407079646018,0.0334070796460177,0.02654867256637168,0.017699115044247787,0.011946902654867256,0.005088495575221239,0.9292462844896106,0.023278721807908315,0.0,0.0,0.0,0.0,0.0,0.0,0.0,0.0,0.0,0.0,0.0,0.0,0.0,0.0,0.0,0.0,0.0,0.0,0.0,0.0,0.0,0.0,0.0,0.0,0.0,0.12610619469026552,2.920353982300886,14.203539823008853,11.011061946902657,1.7389380530973455,4.3454231433506045,2.871729685048617,nan,nan,nan,4.40195394277739,2.8989102711047154,4.290013679890561,2.843745891862928,0.9745703239193363,0.4043,0.01197,0.0,0.0,0.0,0.0,0.0,0.0,0.0,0.0,0.0,0.0,0.019911504424778764,11.01106194690264,18.71681415929204,0.25221238938053103,0.0,0.0,0.0,0.0,0.0,0.0,0.0,0.0,0.0,0.0,0.0,0.0,0.0,0.0,0.0,0.0,nan,nan,4.3454231433506045,2.871729685048617,nan,0.4043,0.06036,0.0,0.0,0.0,0.0,0.0,0.0,0.0,0.0,0.0,0.0,0.0,0.0,0.0,0.0,0.0,0.0,0.0,0.0,0.0,0.0,0.0,0.0019358407079646017,0.0019469026548672567,0.0007190265486725664,0.011902654867256637,0.0016814159292035398,0.00038716814159292035,0.006736725663716814,0.0037721238938053098,0.011769911504424779,0.02040929203539823,0.006283185840707964,0.017466814159292035,0.02584070796460177,0.04426991150442478,0.05779867256637168,0.05948008849557522,0.0771570796460177,0.04119469026548673,0.05079646017699115,0.06734513274336283,0.04661504424778761,0.08569690265486726,0.05871681415929204,0.02256637168141593,0.03332964601769912,0.08003318584070797,0.031714601769911505,0.028595132743362832,0.048263274336283184,0.01706858407079646,0.025232300884955754,0.003595132743362832,0.0052101769911504425,0.001238938053097345,0.0020464601769911504,0.0010287610619469027,0.0,0.0,0.00015486725663716813,0.0,0.0,0.0,0.0,0.0,0.0,0.0,0.0,0.0,0.0,0.0,0.0,0.0,0.0,0.0,0.0,0.0,0.0,0.0,0.0,0.0,0.0,0.0,0.0,0.0,0.0,0.0,0.0,0.0,0.0,0.0,0.0,0.0,0.0,0.0,0.0,0.0,0.0,0.0,0.0,0.0,nan,nan,4.3454231433506045,2.871729685048617,nan,0.9292018427290638,0.023229148420926986,0.0,0.0,0.0,0.0,0.0,0.0,0.0,0.0,0.0,0.0,0.0,0.0,0.0,0.0,0.0,0.0,0.0,0.0,0.0,0.0,0.0,0.0,0.0,0.0,0.0,0.19582245430809406,2.793733681462142,14.229765013054834,11.044386422976505,1.7362924281984338,0.929292246310374,0.023329790919159033,0.0,0.0,0.0,0.0,0.0,0.0,0.0,0.0,0.0,0.0,0.0,0.0,0.0,0.0,0.0,0.0,0.0,0.0,0.0,0.0,0.0,0.0,0.0,0.0,0.0,0.05400540054005402,3.051305130513052,14.17641764176418,10.976597659765979,1.7416741674167422,0.4045,0.01212,0.0,0.0,0.0,0.0,0.0,0.0,0.0,0.0,0.0,0.0,0.026109660574412538,10.71801566579633,19.007832898172328,0.2480417754569191,0.0,0.0,0.0,0.0,0.0,0.0,0.0,0.0,0.0,0.0,0.0,0.0,0.0,0.0,0.0,0.0,0.404,0.0118,0.0,0.0,0.0,0.0,0.0,0.0,0.0,0.0,0.0,0.0,0.013501350135013504,11.314131413141297,18.415841584158418,0.25652565256525656,0.0,0.0,0.0,0.0,0.0,0.0,0.0,0.0,0.0,0.0,0.0,0.0,0.0,0.0,0.0,0.0
94200,4583,2295,0.5007636919048658,1060,968,0.44250490944795984,1330,0.5804058476980144,0.3960000000000001,2.8964160839160837,3.044142791881433,6.389728096676738,2.2093765272265204,9470.466724852717,1614.9981161810997,7853.0,11083.0,11083.0,0.0,7853.0,0.0,27.98450796421558,20.747086790998246,32.83678756476684,19.005352233369862,0.13550076369190486,0.09753436613571896,0.09731616844861445,0.08793366790312022,0.08400610953523893,0.0691686668121318,0.07156884137028148,0.06589570150556404,0.05694959633427886,0.04887628191141174,0.04822168885009819,0.04233035129827624,0.03425703687540912,0.02967488544621427,0.015928431158629717,0.00850970979707615,0.006327732926030984,0.9295355060619218,0.023266465529080637,0.0,0.0,0.0,0.0,0.0,0.0,0.0,0.0,0.0,0.0,0.0,0.0,0.0,0.0,0.0,0.0,0.0,0.0,0.0,0.0,0.0,0.0,0.0,0.0,0.006545930613135503,0.09164302858389703,2.919485053458434,13.969015928431162,11.403011128082046,1.6102989308313336,4.229861813279407,2.8584888710646554,nan,nan,nan,4.275815217391305,2.8609081654385164,4.184615384615385,2.8553823088446455,0.9786707731416978,0.404,0.01186,0.0,0.0,0.0,0.0,0.0,0.0,0.0,0.0,0.0,0.0,0.019637791839406504,10.977525638228219,18.79991272092516,0.20292384900720056,0.0,0.0,0.0,0.0,0.0,0.0,0.0,0.0,0.0,0.0,0.0,0.0,0.0,0.0,0.0,0.0,nan,nan,4.229861813279407,2.8584888710646554,nan,0.404,0.06003,0.0,0.0,0.0,0.0,0.0,0.0,0.0,0.0,0.0,0.0,0.0,0.0,0.0,0.0,0.0,0.0,0.0,0.0,0.0,2.181976871045167e-05,1.0909884355225835e-05,0.0016255727689286493,0.0016801221907047786,0.0009491599389046476,0.011204451232816931,0.0018001309186122627,0.00025092734017019417,0.006480471307004146,0.0037966397556185904,0.012448178049312678,0.01815404756709579,0.007429631245908793,0.017739471961597208,0.026489199214488328,0.043890464761073535,0.061564477416539386,0.05787693650447305,0.07772201614662884,0.0415121099716343,0.0526183722452542,0.06677940213833733,0.044937813659175214,0.08510800785511674,0.05961160811695396,0.021121536111717215,0.034278856644119574,0.08181322277983853,0.030591315732053242,0.029587606371372463,0.04644337770019638,0.01632118699541785,0.024547239799258127,0.003152956578660266,0.0054658520619681435,0.0016910320750600043,0.0017455814968361336,0.0012219070477852935,0.0,0.0,0.0003163866463015492,0.0,0.0,0.0,0.0,0.0,0.0,0.0,0.0,0.0,0.0,0.0,0.0,0.0,0.0,0.0,0.0,0.0,0.0,0.0,0.0,0.0,0.0,0.0,0.0,0.0,0.0,0.0,0.0,0.0,0.0,0.0,0.0,0.0,0.0,0.0,0.0,0.0,0.0,0.0,0.0,0.0,nan,nan,4.229861813279407,2.8584888710646554,nan,0.9298641368974009,0.023406448819104534,0.0,0.0,0.0,0.0,0.0,0.0,0.0,0.0,0.0,0.0,0.0,0.0,0.0,0.0,0.0,0.0,0.0,0.0,0.0,0.0,0.0,0.0,0.0,0.0,0.0,0.11764705882352944,2.9019607843137263,13.908496732026148,11.28104575163399,1.7908496732026147,0.9292058697999357,0.02312051065115345,0.0,0.0,0.0,0.0,0.0,0.0,0.0,0.0,0.0,0.0,0.0,0.0,0.0,0.0,0.0,0.0,0.0,0.0,0.0,0.0,0.0,0.0,0.0,0.0,0.013111888111888115,0.06555944055944057,2.937062937062938,14.029720279720284,11.525349650349654,1.4291958041958046,0.404,0.01166,0.0,0.0,0.0,0.0,0.0,0.0,0.0,0.0,0.0,0.0,0.013071895424836605,11.215686274509789,18.614379084967325,0.15686274509803924,0.0,0.0,0.0,0.0,0.0,0.0,0.0,0.0,0.0,0.0,0.0,0.0,0.0,0.0,0.0,0.0,0.4043,0.01206,0.0,0.0,0.0,0.0,0.0,0.0,0.0,0.0,0.0,0.0,0.02622377622377623,10.738636363636347,18.98601398601399,0.24912587412587417,0.0,0.0,0.0,0.0,0.0,0.0,0.0,0.0,0.0,0.0,0.0,0.0,0.0,0.0,0.0,0.0
94300,4338,2225,0.5129091747349008,1020,916,0.446288612263716,1231,0.5675426463808206,0.3960000000000001,2.917652626597255,2.9924713512400403,6.420265780730897,1.9523700383303124,9509.69663439373,1614.4616411300194,7853.0,11083.0,11083.0,0.0,7853.0,0.0,28.095435684647303,21.00619290903779,33.11847168774052,19.215037995925933,0.1429230059935454,0.09797141539880129,0.0896726602120793,0.08506224066390042,0.08390963577685569,0.06800368833563854,0.0735361917934532,0.06846473029045644,0.05555555555555555,0.04933148916551406,0.04541263254956201,0.04103273397879207,0.035961272475795295,0.02581834946980175,0.018441678192715538,0.011756569847856155,0.00714615029967727,0.9287167249076539,0.02288626410846331,0.0,0.0,0.0,0.0,0.0,0.0,0.0,0.0,0.0,0.0,0.0,0.0,0.0,0.0,0.0,0.0,0.0,0.0,0.0,0.0,0.0,0.0,0.0,0.0,0.0,0.1244813278008299,2.9529737206085764,14.294605809128633,11.20331950207469,1.4246196403872757,4.1705756929637525,2.7527929648085214,nan,nan,nan,4.128847530422334,2.713049068888383,4.211714890613973,2.7908113081699595,1.0200703367177046,0.4048,0.01156,0.0,0.0,0.0,0.0,0.0,0.0,0.0,0.0,0.0,0.0,0.006915629322268328,10.18672199170123,19.591977869986174,0.21438450899031816,0.0,0.0,0.0,0.0,0.0,0.0,0.0,0.0,0.0,0.0,0.0,0.0,0.0,0.0,0.0,0.0,nan,nan,4.1705756929637525,2.7527929648085214,nan,0.4048,0.06015,0.0,0.0,0.0,0.0,0.0,0.0,0.0,0.0,0.0,0.0,0.0,0.0,0.0,0.0,0.0,0.0,0.0,1.152604887044721e-05,0.0,1.152604887044721e-05,1.152604887044721e-05,0.0021207929921622866,0.0012448132780082987,0.000979714153988013,0.010880590133702166,0.001590594744121715,0.00027662517289073305,0.006120331950207469,0.0042646380820654676,0.012494236975564777,0.018626094974642692,0.007618718303365606,0.018902720147533424,0.025587828492392807,0.03948824343015214,0.05935915168280313,0.05911710465652374,0.07538035961272475,0.04378745965882895,0.05326187183033656,0.06696634393729829,0.04268095896726602,0.08341401567542646,0.06147994467496542,0.02359382203780544,0.035673121254034115,0.08109727985246658,0.03148916551406178,0.030774550484094054,0.04664591977869986,0.016297833102812357,0.024573536191793453,0.0028008298755186722,0.00516366989396035,0.003077455048409405,0.0011641309359151683,0.0014638082065467958,0.0,0.0,0.0005071461502996773,0.0,0.0,0.0,0.0,0.0,0.0,0.0,0.0,0.0,0.0,0.0,0.0,0.0,0.0,0.0,0.0,0.0,0.0,0.0,0.0,0.0,0.0,0.0,0.0,0.0,0.0,0.0,0.0,0.0,0.0,0.0,0.0,0.0,0.0,0.0,0.0,0.0,0.0,0.0,0.0,0.0,nan,nan,4.1705756929637525,2.7527929648085214,nan,0.9283307218015864,0.02270014207874606,0.0,0.0,0.0,0.0,0.0,0.0,0.0,0.0,0.0,0.0,0.0,0.0,0.0,0.0,0.0,0.0,0.0,0.0,0.0,0.0,0.0,0.0,0.0,0.0,0.0,0.13483146067415733,2.993258426966293,14.319101123595509,11.271910112359555,1.2808988764044946,0.9291231881878244,0.023073650352690735,0.0,0.0,0.0,0.0,0.0,0.0,0.0,0.0,0.0,0.0,0.0,0.0,0.0,0.0,0.0,0.0,0.0,0.0,0.0,0.0,0.0,0.0,0.0,0.0,0.0,0.11358258400378611,2.910553715097019,14.268812115475631,11.131093232371038,1.5759583530525323,0.405,0.011406,0.0,0.0,0.0,0.0,0.0,0.0,0.0,0.0,0.0,0.0,0.013483146067415734,9.815730337078637,19.982022471910117,0.18876404494382026,0.0,0.0,0.0,0.0,0.0,0.0,0.0,0.0,0.0,0.0,0.0,0.0,0.0,0.0,0.0,0.0,0.4048,0.01171,0.0,0.0,0.0,0.0,0.0,0.0,0.0,0.0,0.0,0.0,0.0,10.577378135352564,19.18125887363938,0.24136299100804548,0.0,0.0,0.0,0.0,0.0,0.0,0.0,0.0,0.0,0.0,0.0,0.0,0.0,0.0,0.0,0.0
94400,4064,2119,0.5214074803149606,992,832,0.44881889763779526,1146,0.5639763779527559,0.4200000000000001,3.1089974293059126,3.0921488227276037,6.580246913580247,2.0202234869612856,9537.146161417322,1613.5190759210902,7853.0,11083.0,11083.0,0.0,7853.0,0.0,28.858267716535433,21.355449122774598,33.809731934731936,19.540129312294603,0.13631889763779528,0.09596456692913385,0.0843996062992126,0.09055118110236221,0.07627952755905512,0.07455708661417323,0.0703740157480315,0.0671751968503937,0.05856299212598425,0.05241141732283464,0.04330708661417323,0.040354330708661415,0.037155511811023625,0.030757874015748032,0.020177165354330708,0.012549212598425197,0.009104330708661417,0.9280117076242299,0.023508831606732606,0.0,0.0,0.0,0.0,0.0,0.0,0.0,0.0,0.0,0.0,0.0,0.0,0.0,0.0,0.0,0.0,0.0,0.0,0.0,0.0,0.0,0.0,0.0,0.0,0.0,0.09596456692913388,3.565452755905513,13.914862204724413,10.984251968503939,1.439468503937008,4.276261682242991,2.879566596206744,nan,nan,nan,4.296156744536549,2.821038732865326,4.256676557863502,2.935911627637345,0.9908103477082734,0.405,0.01166,0.0,0.0,0.0,0.0,0.0,0.0,0.0,0.0,0.0,0.0,0.007381889763779529,10.054133858267702,19.70964566929134,0.22883858267716542,0.0,0.0,0.0,0.0,0.0,0.0,0.0,0.0,0.0,0.0,0.0,0.0,0.0,0.0,0.0,0.0,nan,nan,4.276261682242991,2.879566596206744,nan,0.405,0.06006,0.0,0.0,0.0,0.0,0.0,0.0,0.0,0.0,0.0,0.0,0.0,0.0,0.0,0.0,0.0,0.0,0.0,0.0,0.0,9.84251968503937e-05,6.151574803149606e-05,0.0022883858267716537,0.0012303149606299212,0.0013533464566929134,0.010457677165354331,0.0017716535433070866,0.0001968503937007874,0.006126968503937008,0.0033464566929133858,0.013373523622047244,0.018024114173228346,0.007578740157480315,0.018356299212598425,0.024298720472440943,0.03810285433070866,0.05718503937007874,0.06077755905511811,0.07726377952755906,0.043848425196850394,0.05484744094488189,0.06894685039370078,0.0437376968503937,0.07946604330708662,0.06146653543307087,0.023646653543307087,0.036638779527559055,0.0797613188976378,0.032714074803149605,0.030499507874015747,0.04713336614173228,0.017002952755905514,0.02452017716535433,0.0024360236220472443,0.00531496062992126,0.0029896653543307087,0.0008612204724409449,0.001611712598425197,0.0,2.4606299212598425e-05,0.000639763779527559,0.0,0.0,0.0,0.0,0.0,0.0,0.0,0.0,0.0,0.0,0.0,0.0,0.0,0.0,0.0,0.0,0.0,0.0,0.0,0.0,0.0,0.0,0.0,0.0,0.0,0.0,0.0,0.0,0.0,0.0,0.0,0.0,0.0,0.0,0.0,0.0,0.0,0.0,0.0,0.0,0.0,nan,nan,4.276261682242991,2.879566596206744,nan,0.92796643762557,0.023657660439028044,0.0,0.0,0.0,0.0,0.0,0.0,0.0,0.0,0.0,0.0,0.0,0.0,0.0,0.0,0.0,0.0,0.0,0.0,0.0,0.0,0.0,0.0,0.0,0.0,0.0,0.1274185936762624,3.3695139216611616,14.32751297781973,10.632373761208118,1.5431807456347337,0.9280610274839524,0.02334550873165955,0.0,0.0,0.0,0.0,0.0,0.0,0.0,0.0,0.0,0.0,0.0,0.0,0.0,0.0,0.0,0.0,0.0,0.0,0.0,0.0,0.0,0.0,0.0,0.0,0.0,0.06169665809768639,3.7789203084832916,13.465295629820055,11.367609254498717,1.3264781491002573,0.4055,0.01169,0.0,0.0,0.0,0.0,0.0,0.0,0.0,0.0,0.0,0.0,0.014157621519584713,9.584709768758835,20.089664936290706,0.3114676734308637,0.0,0.0,0.0,0.0,0.0,0.0,0.0,0.0,0.0,0.0,0.0,0.0,0.0,0.0,0.0,0.0,0.4045,0.011604,0.0,0.0,0.0,0.0,0.0,0.0,0.0,0.0,0.0,0.0,0.0,10.565552699228776,19.295629820051417,0.13881748071979438,0.0,0.0,0.0,0.0,0.0,0.0,0.0,0.0,0.0,0.0,0.0,0.0,0.0,0.0,0.0,0.0
94500,4263,2202,0.5165376495425756,1077,876,0.458128078817734,1198,0.5620455078583158,0.38800000000000007,2.881125667151868,3.0454964952687003,6.476603119584055,2.1607552687013794,9521.416608022519,1614.1163731241215,7853.0,11083.0,11083.0,0.0,7853.0,0.0,27.987332864180154,20.673479516778848,32.80066722268557,18.912408595617617,0.13910391742904057,0.09805301430917195,0.08820079756040347,0.08632418484635233,0.08538587848932677,0.07506450856204551,0.0694346704198921,0.06403940886699508,0.06427398545625147,0.051606849636406285,0.049495660333098754,0.037532254281022755,0.03424818203143326,0.023692235514895615,0.0150129017124091,0.011025099695050434,0.00750645085620455,0.9276050918543531,0.023333370291836703,0.0,0.0,0.0,0.0,0.0,0.0,0.0,0.0,0.0,0.0,0.0,0.0,0.0,0.0,0.0,0.0,0.0,0.0,0.0,0.0,0.0,0.0,0.0,0.0,0.0,0.10555946516537652,3.4764250527797333,14.320900774102748,10.71076706544687,1.386347642505278,4.120187117668226,2.9354245596403294,nan,nan,nan,4.153681200857756,2.8623356480800597,4.087019579405366,3.0082745025305306,0.9839511945599908,0.4055,0.01131,0.0,0.0,0.0,0.0,0.0,0.0,0.0,0.0,0.0,0.0,0.0,9.444053483462337,20.3448275862069,0.21111893033075305,0.0,0.0,0.0,0.0,0.0,0.0,0.0,0.0,0.0,0.0,0.0,0.0,0.0,0.0,0.0,0.0,nan,nan,4.120187117668226,2.9354245596403294,nan,0.4055,0.06036,0.0,0.0,0.0,0.0,0.0,0.0,0.0,0.0,0.0,0.0,0.0,0.0,0.0,0.0,0.0,0.0,0.0,0.0,0.0,3.518648838845883e-05,0.0,0.002768003753225428,0.001266713581984518,0.0015716631480178279,0.010145437485338964,0.0018414262256626788,8.210180623973728e-05,0.005629838142153413,0.0037766830870279147,0.013687543983110485,0.016737039643443585,0.007987332864180154,0.016479005395261554,0.02504105090311987,0.04007741027445461,0.056263194933145674,0.06264367816091954,0.07905231057940418,0.03885761201032137,0.05471498944405348,0.06711236218625381,0.04306826178747361,0.07864180154820549,0.06149425287356322,0.023868167956837907,0.039291578700445695,0.07955665024630541,0.03342716396903589,0.03072953319258738,0.04597701149425287,0.01713581984517945,0.025815153647665963,0.0022050199390100866,0.0069786535303776685,0.0032136992728125733,0.0010438658221909453,0.001114238798967863,0.0,0.0,0.0006685432793807178,0.0,0.0,0.0,0.0,0.0,0.0,0.0,0.0,0.0,0.0,0.0,0.0,0.0,0.0,0.0,0.0,0.0,0.0,0.0,0.0,0.0,0.0,0.0,0.0,0.0,0.0,0.0,0.0,0.0,0.0,0.0,0.0,0.0,0.0,0.0,0.0,0.0,0.0,0.0,0.0,0.0,nan,nan,4.120187117668226,2.9354245596403294,nan,0.9269461199221667,0.023479783810444004,0.0,0.0,0.0,0.0,0.0,0.0,0.0,0.0,0.0,0.0,0.0,0.0,0.0,0.0,0.0,0.0,0.0,0.0,0.0,0.0,0.0,0.0,0.0,0.0,0.0,0.14986376021798367,3.5831062670299736,14.441416893732974,10.463215258855588,1.3623978201634879,0.9283091462913616,0.02315520535517008,0.0,0.0,0.0,0.0,0.0,0.0,0.0,0.0,0.0,0.0,0.0,0.0,0.0,0.0,0.0,0.0,0.0,0.0,0.0,0.0,0.0,0.0,0.0,0.0,0.0,0.05822416302765649,3.3624454148471625,14.192139737991269,10.975254730713248,1.41193595342067,0.4055,0.011086,0.0,0.0,0.0,0.0,0.0,0.0,0.0,0.0,0.0,0.0,0.0,9.509536784741131,20.313351498637605,0.17711171662125347,0.0,0.0,0.0,0.0,0.0,0.0,0.0,0.0,0.0,0.0,0.0,0.0,0.0,0.0,0.0,0.0,0.4055,0.01154,0.0,0.0,0.0,0.0,0.0,0.0,0.0,0.0,0.0,0.0,0.0,9.37409024745268,20.37845705967977,0.2474526928675401,0.0,0.0,0.0,0.0,0.0,0.0,0.0,0.0,0.0,0.0,0.0,0.0,0.0,0.0,0.0,0.0
94600,4032,2098,0.5203373015873016,982,813,0.44518849206349204,1127,0.5590277777777778,0.4080000000000001,3.0227507755946226,3.129487385450666,6.5371024734982335,2.197300322398754,9533.689484126984,1613.6635001372283,7853.0,11083.0,11083.0,0.0,7853.0,0.0,28.360119047619047,21.103128688941318,33.43849793021881,19.245194225046244,0.14260912698412698,0.09102182539682539,0.08630952380952381,0.09399801587301587,0.08680555555555555,0.06646825396825397,0.06969246031746032,0.061755952380952384,0.06101190476190476,0.053323412698412696,0.0441468253968254,0.04017857142857143,0.03373015873015873,0.031001984126984128,0.019345238095238096,0.011656746031746032,0.006944444444444444,0.928052653011585,0.023155086171251008,0.0,0.0,0.0,0.0,0.0,0.0,0.0,0.0,0.0,0.0,0.0,0.0,0.0,0.0,0.0,0.0,0.0,0.0,0.0,0.0,0.0,0.0,0.0,0.0,0.0,0.08184523809523811,3.1994047619047628,14.471726190476193,10.892857142857144,1.354166666666667,4.286476190476191,2.904746191994973,nan,nan,nan,4.257530120481928,2.917789833787382,4.316114109483423,2.8910295438692604,1.0137600879720527,0.405,0.0118,0.0,0.0,0.0,0.0,0.0,0.0,0.0,0.0,0.0,0.0,0.014880952380952385,10.14880952380951,19.627976190476193,0.2083333333333334,0.0,0.0,0.0,0.0,0.0,0.0,0.0,0.0,0.0,0.0,0.0,0.0,0.0,0.0,0.0,0.0,nan,nan,4.286476190476191,2.904746191994973,nan,0.405,0.06042,0.0,0.0,0.0,0.0,0.0,0.0,0.0,0.0,0.0,0.0,0.0,0.0,0.0,0.0,0.0,0.0,0.0,0.0,0.0,1.240079365079365e-05,0.0,0.0027653769841269843,0.001314484126984127,0.001525297619047619,0.009375,0.0019345238095238096,1.240079365079365e-05,0.004836309523809524,0.004389880952380952,0.01566220238095238,0.0166046626984127,0.008395337301587301,0.017819940476190475,0.02710813492063492,0.04025297619047619,0.05791170634920635,0.060069444444444446,0.07838541666666667,0.040190972222222225,0.05261656746031746,0.06860119047619048,0.0415922619047619,0.07808779761904762,0.059437003968253965,0.023561507936507936,0.04157986111111111,0.07698412698412699,0.03656994047619048,0.02924107142857143,0.04521329365079365,0.016939484126984126,0.027046130952380953,0.002194940476190476,0.00638640873015873,0.003025793650793651,0.0009300595238095238,0.0009424603174603175,0.0,0.0,0.0004836309523809524,0.0,0.0,0.0,0.0,0.0,0.0,0.0,0.0,0.0,0.0,0.0,0.0,0.0,0.0,0.0,0.0,0.0,0.0,0.0,0.0,0.0,0.0,0.0,0.0,0.0,0.0,0.0,0.0,0.0,0.0,0.0,0.0,0.0,0.0,0.0,0.0,0.0,0.0,0.0,0.0,0.0,nan,nan,4.286476190476191,2.904746191994973,nan,0.9272124388879316,0.02307869685014481,0.0,0.0,0.0,0.0,0.0,0.0,0.0,0.0,0.0,0.0,0.0,0.0,0.0,0.0,0.0,0.0,0.0,0.0,0.0,0.0,0.0,0.0,0.0,0.0,0.0,0.1143946615824595,3.2745471877979035,14.728312678741663,10.610104861773118,1.272640610104862,0.9289641159027044,0.02320329033396288,0.0,0.0,0.0,0.0,0.0,0.0,0.0,0.0,0.0,0.0,0.0,0.0,0.0,0.0,0.0,0.0,0.0,0.0,0.0,0.0,0.0,0.0,0.0,0.0,0.0,0.04653567735263703,3.117890382626681,14.193381592554296,11.199586349534645,1.4426059979317478,0.405,0.01188,0.0,0.0,0.0,0.0,0.0,0.0,0.0,0.0,0.0,0.0,0.014299332697807438,9.995233555767383,19.76167778836988,0.228789323164919,0.0,0.0,0.0,0.0,0.0,0.0,0.0,0.0,0.0,0.0,0.0,0.0,0.0,0.0,0.0,0.0,0.405,0.01173,0.0,0.0,0.0,0.0,0.0,0.0,0.0,0.0,0.0,0.0,0.01551189245087901,10.315408479834526,19.482936918304038,0.1861427094105481,0.0,0.0,0.0,0.0,0.0,0.0,0.0,0.0,0.0,0.0,0.0,0.0,0.0,0.0,0.0,0.0
94700,4036,2108,0.5222993062438057,968,792,0.4360753221010902,1114,0.5520317145688801,0.4120000000000001,3.034232365145228,3.1400356679182755,6.615384615384615,2.1179637956340978,9540.026759167493,1613.393053773267,7853.0,11083.0,11083.0,0.0,7853.0,0.0,28.14816650148662,21.251417468214974,33.13156342182891,19.54298886506107,0.1389990089197225,0.09861248761149653,0.10257680872150644,0.08597621407333994,0.07309217046580772,0.07259663032705649,0.0701189296333003,0.06442021803766106,0.052775024777006935,0.048810703666997024,0.049306243805748266,0.038156590683845394,0.03468780971258672,0.027254707631318136,0.02254707631318137,0.015113974231912785,0.004955401387512388,0.9277758322752149,0.02358898668088876,0.0,0.0,0.0,0.0,0.0,0.0,0.0,0.0,0.0,0.0,0.0,0.0,0.0,0.0,0.0,0.0,0.0,0.0,0.0,0.0,0.0,0.0,0.0,0.0,0.0,0.07433102081268585,3.5827552031714576,14.204658077304265,10.621902874132807,1.5163528245787912,4.31003861003861,2.892543936264355,nan,nan,nan,4.383096366508688,2.913605696286084,4.240181268882175,2.8705219106721946,0.9673940325112333,0.4043,0.01182,0.0,0.0,0.0,0.0,0.0,0.0,0.0,0.0,0.0,0.0,0.007433102081268584,11.023290386521293,18.79831516352825,0.17096134786917744,0.0,0.0,0.0,0.0,0.0,0.0,0.0,0.0,0.0,0.0,0.0,0.0,0.0,0.0,0.0,0.0,nan,nan,4.31003861003861,2.892543936264355,nan,0.4043,0.0612,0.0,0.0,0.0,0.0,0.0,0.0,0.0,0.0,0.0,0.0,0.0,0.0,0.0,0.0,0.0,0.0,0.0,0.0,0.0,0.0,2.477700693756194e-05,0.003939544103072349,0.0015113974231912785,0.001263627353815659,0.010480673934588701,0.0019697720515361745,3.716551040634292e-05,0.004397918731417245,0.004311199207135778,0.014506937561942518,0.01875619425173439,0.008337462834489594,0.019573835480673936,0.02726709613478692,0.04187314172447968,0.05957631318136769,0.05727205153617443,0.08191278493557978,0.03949454905847374,0.05282457879088206,0.06547324083250744,0.03992814667988107,0.07491328047571853,0.05661546085232904,0.022633795837462833,0.04540386521308226,0.07507433102081268,0.03676907829534192,0.03150396432111001,0.04561446977205154,0.016786422200198214,0.025681367690782952,0.0018830525272547076,0.007073835480673934,0.0032581764122893955,0.0007433102081268583,0.0007556987115956393,0.0,0.0,0.0005574826560951437,0.0,0.0,0.0,0.0,0.0,0.0,0.0,0.0,0.0,0.0,0.0,0.0,0.0,0.0,0.0,0.0,0.0,0.0,0.0,0.0,0.0,0.0,0.0,0.0,0.0,0.0,0.0,0.0,0.0,0.0,0.0,0.0,0.0,0.0,0.0,0.0,0.0,0.0,0.0,0.0,0.0,nan,nan,4.31003861003861,2.892543936264355,nan,0.9274122152314919,0.02334204258214555,0.0,0.0,0.0,0.0,0.0,0.0,0.0,0.0,0.0,0.0,0.0,0.0,0.0,0.0,0.0,0.0,0.0,0.0,0.0,0.0,0.0,0.0,0.0,0.0,0.0,0.08538899430740039,3.55787476280835,14.601518026565468,10.445920303605314,1.3092979127134727,0.928173396968248,0.02384971712124422,0.0,0.0,0.0,0.0,0.0,0.0,0.0,0.0,0.0,0.0,0.0,0.0,0.0,0.0,0.0,0.0,0.0,0.0,0.0,0.0,0.0,0.0,0.0,0.0,0.0,0.06224066390041495,3.6099585062240673,13.770746887966808,10.814315352697097,1.7427385892116187,0.4045,0.01179,0.0,0.0,0.0,0.0,0.0,0.0,0.0,0.0,0.0,0.0,0.0142314990512334,10.972485768500933,18.828273244781787,0.1850094876660342,0.0,0.0,0.0,0.0,0.0,0.0,0.0,0.0,0.0,0.0,0.0,0.0,0.0,0.0,0.0,0.0,0.404,0.011856,0.0,0.0,0.0,0.0,0.0,0.0,0.0,0.0,0.0,0.0,0.0,11.078838174273844,18.765560165975106,0.15560165975103737,0.0,0.0,0.0,0.0,0.0,0.0,0.0,0.0,0.0,0.0,0.0,0.0,0.0,0.0,0.0,0.0
94800,4093,2098,0.5125824578548742,994,825,0.44441729782555583,1159,0.5663327632543367,0.4040000000000001,2.979448621553885,3.0558836297605394,6.451724137931034,2.1381785173778125,9508.641338871244,1614.4885510819681,7853.0,11083.0,11083.0,0.0,7853.0,0.0,28.56413388712436,21.076631294454117,33.52640742890308,19.268327776131525,0.13755191790862448,0.0950403127290496,0.09235279745907647,0.08282433422917175,0.07769362325922306,0.08038113852919619,0.0718299535792817,0.059125335939408746,0.059125335939408746,0.05497190324945028,0.043488883459565114,0.03982408990960176,0.03909113119960909,0.029562667969704373,0.02003420473979966,0.010261421939897385,0.006840947959931591,0.9266077714446352,0.022959147307930996,0.0,0.0,0.0,0.0,0.0,0.0,0.0,0.0,0.0,0.0,0.0,0.0,0.0,0.0,0.0,0.0,0.0,0.0,0.0,0.0,0.0,0.0,0.0,0.0,0.0,0.10994380649890059,3.8040557048619603,14.39530906425605,10.495968727095041,1.194722697288053,4.28165857302951,2.8424992183773443,nan,nan,nan,4.169035153328347,2.7922049384599896,4.39058999253174,2.8857665479056216,1.0531429529987326,0.404,0.011505,0.0,0.0,0.0,0.0,0.0,0.0,0.0,0.0,0.0,0.0,0.021988761299780116,10.987051062790114,18.86635719521134,0.124602980698754,0.0,0.0,0.0,0.0,0.0,0.0,0.0,0.0,0.0,0.0,0.0,0.0,0.0,0.0,0.0,0.0,nan,nan,4.28165857302951,2.8424992183773443,nan,0.404,0.0614,0.0,0.0,0.0,0.0,0.0,0.0,0.0,0.0,0.0,0.0,0.0,0.0,0.0,0.0,0.0,0.0,0.0,0.0,0.0,0.0,0.0,0.0034082580014659176,0.0017224529684827755,0.0011605179574883948,0.011544099682384559,0.0015636452479843635,3.664793549963352e-05,0.0048497434644515025,0.004886391399951136,0.015428780845345711,0.01955778157830442,0.008612264842413878,0.020400684094795993,0.026325433667236747,0.04081358416809187,0.05928414365990716,0.0541900806254581,0.08567065721964329,0.03768629367212314,0.05283410701197166,0.06695577815783044,0.04016613730759834,0.07355240654776447,0.05342047397996579,0.02290495968727095,0.04549230393354508,0.07603225018323968,0.03722208648912778,0.03172489616418275,0.04701930124602981,0.016760322501832396,0.024871732225751283,0.001991204495480088,0.006327876862936721,0.0037869533349621305,0.0006596628389934034,0.0005008551184949914,0.0,0.0,0.0006352308819936477,0.0,0.0,0.0,0.0,0.0,0.0,0.0,0.0,0.0,0.0,0.0,0.0,0.0,0.0,0.0,0.0,0.0,0.0,0.0,0.0,0.0,0.0,0.0,0.0,0.0,0.0,0.0,0.0,0.0,0.0,0.0,0.0,0.0,0.0,0.0,0.0,0.0,0.0,0.0,0.0,0.0,nan,nan,4.28165857302951,2.8424992183773443,nan,0.9264745113392804,0.02298652574232469,0.0,0.0,0.0,0.0,0.0,0.0,0.0,0.0,0.0,0.0,0.0,0.0,0.0,0.0,0.0,0.0,0.0,0.0,0.0,0.0,0.0,0.0,0.0,0.0,0.0,0.07149666348903719,3.9037178265014307,14.342230695900861,10.481410867492851,1.201143946615825,0.9267479116456551,0.022929484618374192,0.0,0.0,0.0,0.0,0.0,0.0,0.0,0.0,0.0,0.0,0.0,0.0,0.0,0.0,0.0,0.0,0.0,0.0,0.0,0.0,0.0,0.0,0.0,0.0,0.0,0.15037593984962408,3.699248120300753,14.451127819548876,10.511278195488723,1.1879699248120303,0.4043,0.01149,0.0,0.0,0.0,0.0,0.0,0.0,0.0,0.0,0.0,0.0,0.014299332697807438,10.795996186844599,19.075309818875123,0.1143946615824595,0.0,0.0,0.0,0.0,0.0,0.0,0.0,0.0,0.0,0.0,0.0,0.0,0.0,0.0,0.0,0.0,0.4038,0.01151,0.0,0.0,0.0,0.0,0.0,0.0,0.0,0.0,0.0,0.0,0.03007518796992482,11.187969924812014,18.64661654135339,0.13533834586466167,0.0,0.0,0.0,0.0,0.0,0.0,0.0,0.0,0.0,0.0,0.0,0.0,0.0,0.0,0.0,0.0
94900,3748,1939,0.517342582710779,888,725,0.43036286019210246,1020,0.544290288153682,0.4160000000000001,2.945273631840796,3.079522955018795,6.496108949416342,2.1054368281088993,9524.016542155816,1614.0282361238,7853.0,11083.0,11083.0,0.0,7853.0,0.0,27.98452508004269,21.065970364037508,32.90380952380952,19.383726231826156,0.1363393810032017,0.10378868729989328,0.10138740661686232,0.08564567769477055,0.07470651013874066,0.07443970117395944,0.0688367129135539,0.059231590181430094,0.056029882604055496,0.05149413020277481,0.049893276414087515,0.0384204909284952,0.035218783351120594,0.028281750266808965,0.01840981856990395,0.011205976520811099,0.006670224119530417,0.9267664473491901,0.02316322044495415,0.0,0.0,0.0,0.0,0.0,0.0,0.0,0.0,0.0,0.0,0.0,0.0,0.0,0.0,0.0,0.0,0.0,0.0,0.0,0.0,0.0,0.0,0.0,0.0,0.0,0.1680896478121665,3.4178228388473864,14.615795090715052,10.621664887940236,1.1766275346851656,4.259119496855346,2.8521839916821867,nan,nan,nan,4.268971332209106,2.8662127453675987,4.2493744787322765,2.838205483697216,0.9954094670702114,0.4045,0.01175,0.0,0.0,0.0,0.0,0.0,0.0,0.0,0.0,0.0,0.0,0.0,10.421558164354307,19.410352187833514,0.1680896478121665,0.0,0.0,0.0,0.0,0.0,0.0,0.0,0.0,0.0,0.0,0.0,0.0,0.0,0.0,0.0,0.0,nan,nan,4.259119496855346,2.8521839916821867,nan,0.4045,0.06137,0.0,0.0,0.0,0.0,0.0,0.0,0.0,0.0,0.0,0.0,0.0,0.0,0.0,0.0,0.0,0.0,0.0,0.0,0.0,0.0,0.0,0.0030016008537886874,0.0012273212379935966,0.0010672358591248667,0.011606189967982924,0.0016275346851654215,2.6680896478121665e-05,0.005856456776947705,0.004495731056563501,0.01522145144076841,0.01823639274279616,0.009018143009605123,0.02133137673425827,0.02550693703308431,0.038540554962646745,0.05865795090715048,0.05461579509071505,0.08733991462113128,0.03695304162219851,0.053295090715048024,0.06672892209178229,0.038407150480256134,0.07230522945570972,0.05501600853788687,0.021264674493062966,0.048866061899679826,0.07856189967982924,0.03597918890074706,0.031296691568836715,0.046051227321237995,0.016848986125933833,0.026254002134471717,0.0020277481323372464,0.007177161152614728,0.003922091782283884,0.0005336179295624333,0.0005202774813233724,5.336179295624333e-05,0.0,0.000560298826040555,0.0,0.0,0.0,0.0,0.0,0.0,0.0,0.0,0.0,0.0,0.0,0.0,0.0,0.0,0.0,0.0,0.0,0.0,0.0,0.0,0.0,0.0,0.0,0.0,0.0,0.0,0.0,0.0,0.0,0.0,0.0,0.0,0.0,0.0,0.0,0.0,0.0,0.0,0.0,0.0,0.0,nan,nan,4.259119496855346,2.8521839916821867,nan,0.9267921344467879,0.023080265764947885,0.0,0.0,0.0,0.0,0.0,0.0,0.0,0.0,0.0,0.0,0.0,0.0,0.0,0.0,0.0,0.0,0.0,0.0,0.0,0.0,0.0,0.0,0.0,0.0,0.0,0.20113460546673548,3.1098504383702945,14.914904589994846,10.536358947911296,1.2377514182568337,0.9267389143020689,0.02325177636111429,0.0,0.0,0.0,0.0,0.0,0.0,0.0,0.0,0.0,0.0,0.0,0.0,0.0,0.0,0.0,0.0,0.0,0.0,0.0,0.0,0.0,0.0,0.0,0.0,0.0,0.1326699834162521,3.747927031509122,14.295190713101166,10.713101160862356,1.1111111111111114,0.4048,0.01152,0.0,0.0,0.0,0.0,0.0,0.0,0.0,0.0,0.0,0.0,0.0,10.16503352243423,19.664775657555445,0.17019082001031463,0.0,0.0,0.0,0.0,0.0,0.0,0.0,0.0,0.0,0.0,0.0,0.0,0.0,0.0,0.0,0.0,0.4045,0.01199,0.0,0.0,0.0,0.0,0.0,0.0,0.0,0.0,0.0,0.0,0.0,10.696517412935307,19.137645107794366,0.1658374792703151,0.0,0.0,0.0,0.0,0.0,0.0,0.0,0.0,0.0,0.0,0.0,0.0,0.0,0.0,0.0,0.0
95000,3820,1992,0.5214659685863874,927,775,0.4455497382198953,1100,0.5759162303664922,0.4120000000000001,2.9934354485776806,3.0567142104607483,6.527831094049904,2.0539024459451,9537.335078534032,1613.5109689384449,7853.0,11083.0,11083.0,0.0,7853.0,0.0,28.168848167539267,20.954526263425546,33.083359253499225,19.1985586204045,0.13455497382198953,0.10235602094240838,0.09214659685863874,0.08534031413612565,0.08272251308900523,0.07565445026178011,0.07041884816753927,0.06230366492146597,0.05549738219895288,0.05471204188481675,0.04554973821989529,0.041623036649214656,0.031675392670157065,0.028272251308900525,0.018848167539267015,0.011780104712041885,0.006544502617801047,0.9272945781496806,0.023183369233014842,0.0,0.0,0.0,0.0,0.0,0.0,0.0,0.0,0.0,0.0,0.0,0.0,0.0,0.0,0.0,0.0,0.0,0.0,0.0,0.0,0.0,0.0,0.0,0.0,0.0,0.14136125654450266,3.4712041884816762,14.308900523560213,10.814136125654452,1.2643979057591626,4.298429319371728,2.867026415103205,nan,nan,nan,4.306024096385542,2.8950039805865786,4.290791599353796,2.838592085462714,0.9964625146792533,0.4048,0.011955,0.0,0.0,0.0,0.0,0.0,0.0,0.0,0.0,0.0,0.0,0.023560209424083774,10.397905759162288,19.295811518324612,0.2827225130890053,0.0,0.0,0.0,0.0,0.0,0.0,0.0,0.0,0.0,0.0,0.0,0.0,0.0,0.0,0.0,0.0,nan,nan,4.298429319371728,2.867026415103205,nan,0.4048,0.0616,0.0,0.0,0.0,0.0,0.0,0.0,0.0,0.0,0.0,0.0,0.0,0.0,0.0,0.0,0.0,0.0,0.0,0.0,0.0,0.0,1.3089005235602094e-05,0.0026963350785340315,0.001112565445026178,0.0011256544502617801,0.012146596858638744,0.0016361256544502618,0.00019633507853403142,0.007159685863874345,0.004829842931937172,0.01556282722513089,0.017526178010471204,0.007761780104712042,0.021073298429319372,0.024764397905759163,0.03756544502617801,0.060418848167539264,0.05200261780104712,0.08865183246073298,0.037107329842931934,0.05418848167539267,0.06331151832460732,0.040222513089005235,0.07151832460732985,0.05552356020942408,0.02056282722513089,0.050929319371727746,0.07899214659685865,0.03583769633507854,0.02880890052356021,0.0475,0.01718586387434555,0.028075916230366493,0.0017801047120418849,0.006086387434554974,0.003952879581151833,0.0004973821989528796,0.000693717277486911,0.0,0.0,0.000981675392670157,0.0,0.0,0.0,0.0,0.0,0.0,0.0,0.0,0.0,0.0,0.0,0.0,0.0,0.0,0.0,0.0,0.0,0.0,0.0,0.0,0.0,0.0,0.0,0.0,0.0,0.0,0.0,0.0,0.0,0.0,0.0,0.0,0.0,0.0,0.0,0.0,0.0,0.0,0.0,0.0,0.0,nan,nan,4.298429319371728,2.867026415103205,nan,0.9272248225518499,0.02281712638179161,0.0,0.0,0.0,0.0,0.0,0.0,0.0,0.0,0.0,0.0,0.0,0.0,0.0,0.0,0.0,0.0,0.0,0.0,0.0,0.0,0.0,0.0,0.0,0.0,0.0,0.10542168674698799,3.3885542168674707,14.668674698795185,10.63253012048193,1.204819277108434,0.9273705919083672,0.023575757685939707,0.0,0.0,0.0,0.0,0.0,0.0,0.0,0.0,0.0,0.0,0.0,0.0,0.0,0.0,0.0,0.0,0.0,0.0,0.0,0.0,0.0,0.0,0.0,0.0,0.0,0.18052516411378558,3.561269146608316,13.916849015317291,11.01203501094092,1.329321663019694,0.4048,0.01206,0.0,0.0,0.0,0.0,0.0,0.0,0.0,0.0,0.0,0.0,0.03012048192771085,10.075301204819262,19.608433734939762,0.2861445783132531,0.0,0.0,0.0,0.0,0.0,0.0,0.0,0.0,0.0,0.0,0.0,0.0,0.0,0.0,0.0,0.0,0.4048,0.01183,0.0,0.0,0.0,0.0,0.0,0.0,0.0,0.0,0.0,0.0,0.016411378555798693,10.749452954048124,18.955142231947487,0.27899343544857774,0.0,0.0,0.0,0.0,0.0,0.0,0.0,0.0,0.0,0.0,0.0,0.0,0.0,0.0,0.0,0.0
95100,3978,2044,0.5138260432378079,1021,800,0.4577677224736048,1127,0.5666163901458019,0.4160000000000001,3.1282316442606,3.176812851360051,6.697952218430034,2.0980803604919687,9512.65811965812,1614.382436831063,7853.0,11083.0,11083.0,0.0,7853.0,0.0,28.210407239819006,20.66830194194644,33.0963316433045,18.822145304295503,0.13624937154348918,0.09502262443438914,0.08597285067873303,0.08924082453494218,0.08496732026143791,0.07516339869281045,0.07390648567119155,0.06636500754147813,0.06184012066365008,0.04600301659125189,0.048516842634489694,0.04751131221719457,0.030668677727501256,0.025892408245349424,0.014580191050779286,0.01282051282051282,0.005279034690799397,0.9272746899099191,0.023324815684429664,0.0,0.0,0.0,0.0,0.0,0.0,0.0,0.0,0.0,0.0,0.0,0.0,0.0,0.0,0.0,0.0,0.0,0.0,0.0,0.0,0.0,0.0,0.0,0.0,0.0,0.13574660633484165,3.6576168929110113,14.245852187028662,10.603318250377075,1.3574660633484166,4.320949827652241,2.948884335146263,nan,nan,nan,4.3880934438583274,2.950116786725994,4.251557632398754,2.9460024771863593,0.9688849352899099,0.4058,0.01218,0.0,0.0,0.0,0.0,0.0,0.0,0.0,0.0,0.0,0.0,0.022624434389140274,9.645550527903454,20.03770739064857,0.2941176470588236,0.0,0.0,0.0,0.0,0.0,0.0,0.0,0.0,0.0,0.0,0.0,0.0,0.0,0.0,0.0,0.0,nan,nan,4.320949827652241,2.948884335146263,nan,0.4058,0.06097,0.0,0.0,0.0,0.0,0.0,0.0,0.0,0.0,0.0,0.0,0.0,0.0,0.0,0.0,0.0,0.0,0.0,0.0,0.0,0.0,0.0,0.0020739064856711916,0.0009175465057817999,0.000992961287078934,0.010532931121166416,0.0018225238813474108,0.0004901960784313725,0.0057943690296631475,0.005266465560583208,0.014643036701860231,0.016666666666666666,0.00718954248366013,0.020864756158873805,0.025,0.03788335847159376,0.06229260935143288,0.05119406737053796,0.08684012066365007,0.038448969331322275,0.05759175465057818,0.0628456510809452,0.04218200100553042,0.06752136752136752,0.05566867772750126,0.019808949220713926,0.04748617395676219,0.08190045248868778,0.03766968325791855,0.03010306686777275,0.0480517848164907,0.017207139265962797,0.029097536450477628,0.00157114127702363,0.005982905982905983,0.004147812971342383,0.0005404725992961287,0.0008798391151332328,1.2569130216189039e-05,0.0,0.0008169934640522876,0.0,0.0,0.0,0.0,0.0,0.0,0.0,0.0,0.0,0.0,0.0,0.0,0.0,0.0,0.0,0.0,0.0,0.0,0.0,0.0,0.0,0.0,0.0,0.0,0.0,0.0,0.0,0.0,0.0,0.0,0.0,0.0,0.0,0.0,0.0,0.0,0.0,0.0,0.0,0.0,0.0,nan,nan,4.320949827652241,2.948884335146263,nan,0.9276704754381497,0.023635403750708817,0.0,0.0,0.0,0.0,0.0,0.0,0.0,0.0,0.0,0.0,0.0,0.0,0.0,0.0,0.0,0.0,0.0,0.0,0.0,0.0,0.0,0.0,0.0,0.0,0.0,0.1614481409001957,3.6839530332681028,14.04598825831703,10.626223091976518,1.4823874755381607,0.9268563933123477,0.022984595904411702,0.0,0.0,0.0,0.0,0.0,0.0,0.0,0.0,0.0,0.0,0.0,0.0,0.0,0.0,0.0,0.0,0.0,0.0,0.0,0.0,0.0,0.0,0.0,0.0,0.0,0.10858324715615308,3.6297828335056885,14.457083764219238,10.579110651499485,1.2254395036194419,0.4053,0.01225,0.0,0.0,0.0,0.0,0.0,0.0,0.0,0.0,0.0,0.0,0.029354207436399223,10.273972602739711,19.476516634050885,0.22015655577299417,0.0,0.0,0.0,0.0,0.0,0.0,0.0,0.0,0.0,0.0,0.0,0.0,0.0,0.0,0.0,0.0,0.4062,0.01207,0.0,0.0,0.0,0.0,0.0,0.0,0.0,0.0,0.0,0.0,0.01551189245087901,8.981385729058932,20.630816959669083,0.3722854188210962,0.0,0.0,0.0,0.0,0.0,0.0,0.0,0.0,0.0,0.0,0.0,0.0,0.0,0.0,0.0,0.0
95200,3979,2044,0.513696908771048,983,830,0.4556421211359638,1137,0.5715003769791405,0.4160000000000001,3.035142118863049,3.162572656347299,6.7569573283859,2.122920857802884,9512.241015330485,1614.3939211241247,7853.0,11083.0,11083.0,0.0,7853.0,0.0,27.6303091228952,20.666581989734574,32.44507462686567,18.97506135306655,0.13847700427243026,0.11183714501130937,0.09022367429002262,0.07439055038954512,0.08595124403116361,0.0819301331992963,0.07162603669263634,0.056546871073133956,0.056546871073133956,0.055541593365167126,0.052777079668258356,0.03769791404875597,0.027393817542096004,0.026137220407137472,0.01985423473234481,0.005529027393817542,0.007539582809751194,0.9262423259464752,0.023355647662466707,0.0,0.0,0.0,0.0,0.0,0.0,0.0,0.0,0.0,0.0,0.0,0.0,0.0,0.0,0.0,0.0,0.0,0.0,0.0,0.0,0.0,0.0,0.0,0.0,0.0,0.10555415933651674,3.9205830610706216,14.51369690877105,10.178436793164114,1.2817290776577033,4.361685524775654,2.973790932161571,nan,nan,nan,4.288819875776397,2.976168151865143,4.435294117647059,2.969572724887668,1.0341525748605018,0.406,0.01197,0.0,0.0,0.0,0.0,0.0,0.0,0.0,0.0,0.0,0.0,0.03015833123900478,9.04749937170142,20.56044232219151,0.36189997486805736,0.0,0.0,0.0,0.0,0.0,0.0,0.0,0.0,0.0,0.0,0.0,0.0,0.0,0.0,0.0,0.0,nan,nan,4.361685524775654,2.973790932161571,nan,0.406,0.06122,0.0,0.0,0.0,0.0,0.0,0.0,0.0,0.0,0.0,0.0,0.0,0.0,0.0,0.0,0.0,0.0,0.0,0.0,0.0,0.0,0.0,0.002299572756974114,0.0007162603669263635,0.0008042221663734606,0.010228700678562453,0.001671274189494848,0.00025131942699170643,0.006974114099019854,0.0052274440814274944,0.015255089218396582,0.01619753706961548,0.0069112842422719275,0.02133701935159588,0.024252324704699672,0.03808745916059311,0.06251570746418698,0.048554913294797684,0.08783613973360141,0.037660216134707214,0.05746418698165368,0.06054284996230209,0.04508670520231214,0.0673787383764765,0.05463684342799698,0.01818296054284996,0.04860517718019603,0.08243277205327972,0.037898969590349336,0.03017089721035436,0.0478637848705705,0.018145262628801208,0.02953003267152551,0.0012942950490072882,0.006873586328223172,0.0051269163106308115,0.00045237496858507165,0.0008544860517718019,0.0,0.0,0.0006785624528776074,0.0,0.0,0.0,0.0,0.0,0.0,0.0,0.0,0.0,0.0,0.0,0.0,0.0,0.0,0.0,0.0,0.0,0.0,0.0,0.0,0.0,0.0,0.0,0.0,0.0,0.0,0.0,0.0,0.0,0.0,0.0,0.0,0.0,0.0,0.0,0.0,0.0,0.0,0.0,0.0,0.0,nan,nan,4.361685524775654,2.973790932161571,nan,0.926169306477222,0.02299045659960358,0.0,0.0,0.0,0.0,0.0,0.0,0.0,0.0,0.0,0.0,0.0,0.0,0.0,0.0,0.0,0.0,0.0,0.0,0.0,0.0,0.0,0.0,0.0,0.0,0.0,0.07338551859099805,3.9481409001956957,14.500978473581217,10.273972602739727,1.2035225048923681,0.9263194586571489,0.023735064512430463,0.0,0.0,0.0,0.0,0.0,0.0,0.0,0.0,0.0,0.0,0.0,0.0,0.0,0.0,0.0,0.0,0.0,0.0,0.0,0.0,0.0,0.0,0.0,0.0,0.0,0.13953488372093026,3.8914728682170554,14.527131782945741,10.077519379844963,1.364341085271318,0.406,0.01177,0.0,0.0,0.0,0.0,0.0,0.0,0.0,0.0,0.0,0.0,0.04403131115459883,9.143835616438343,20.533268101761255,0.27886497064579263,0.0,0.0,0.0,0.0,0.0,0.0,0.0,0.0,0.0,0.0,0.0,0.0,0.0,0.0,0.0,0.0,0.4062,0.01218,0.0,0.0,0.0,0.0,0.0,0.0,0.0,0.0,0.0,0.0,0.015503875968992251,8.945736434108515,20.58914728682171,0.4496124031007753,0.0,0.0,0.0,0.0,0.0,0.0,0.0,0.0,0.0,0.0,0.0,0.0,0.0,0.0,0.0,0.0
95300,4133,2129,0.5151221872731672,993,864,0.44931042826034356,1176,0.5690781514638277,0.4000000000000001,2.9525948103792414,3.0937204206925673,6.664845173041894,2.1005383609687085,9516.844664892331,1614.2611928407237,7853.0,11083.0,11083.0,0.0,7853.0,0.0,27.954270505685944,20.870276440306004,32.78307030129125,19.16345159263873,0.13597870796031938,0.10065327849020082,0.09291071860633922,0.09339462859908057,0.07597386886039197,0.07428018388579724,0.07524800387127994,0.06387611904185822,0.057585289136220665,0.05250423421243649,0.041858214372126785,0.041858214372126785,0.032421969513670455,0.024195499637067505,0.01814662472780063,0.009194289862085652,0.009920154851197677,0.926142627293568,0.023037568169637108,0.0,0.0,0.0,0.0,0.0,0.0,0.0,0.0,0.0,0.0,0.0,0.0,0.0,0.0,0.0,0.0,0.0,0.0,0.0,0.0,0.0,0.0,0.0,0.0,0.0,0.13065569804016455,3.607548995886766,14.989112025163323,10.212920396806195,1.059762884103557,4.285232383808096,2.8941818643856325,nan,nan,nan,4.321589205397301,2.9295882696120787,4.2475618904726185,2.8585435539659887,0.9828703489836033,0.4062,0.01199,0.0,0.0,0.0,0.0,0.0,0.0,0.0,0.0,0.0,0.0,0.0,9.087829663682543,20.58553109121704,0.32663924510041137,0.0,0.0,0.0,0.0,0.0,0.0,0.0,0.0,0.0,0.0,0.0,0.0,0.0,0.0,0.0,0.0,nan,nan,4.285232383808096,2.8941818643856325,nan,0.4062,0.06137,0.0,0.0,0.0,0.0,0.0,0.0,0.0,0.0,0.0,0.0,0.0,0.0,0.0,0.0,0.0,0.0,0.0,0.0,0.0,0.0,0.0,0.0024800387127994193,0.0006895717396564239,0.0006653762400193564,0.009242680861359787,0.0023106702153399467,0.0002782482458262763,0.006811033147834503,0.00470602467940963,0.01657391725139124,0.015339946769900798,0.006702153399467699,0.02044519719332204,0.025127026373094604,0.041410597628841035,0.061287200580691995,0.04968545850471812,0.08617227195741592,0.035349624969755626,0.059170094362448585,0.06104524558432132,0.04594725381079119,0.06590854101137189,0.05285506895717396,0.01882409871763852,0.04777401403338979,0.08450278248245827,0.03570045971449311,0.030643600290345997,0.04787079603193806,0.018775707718364384,0.030147592547786112,0.0013065569804016452,0.0062303411565448824,0.0057948221630776675,0.00031454149528187757,0.0010525042342124365,0.0,0.0,0.0008589402371158965,0.0,0.0,0.0,0.0,0.0,0.0,0.0,0.0,0.0,0.0,0.0,0.0,0.0,0.0,0.0,0.0,0.0,0.0,0.0,0.0,0.0,0.0,0.0,0.0,0.0,0.0,0.0,0.0,0.0,0.0,0.0,0.0,0.0,0.0,0.0,0.0,0.0,0.0,0.0,0.0,0.0,nan,nan,4.285232383808096,2.8941818643856325,nan,0.9256866885049067,0.02302388445423478,0.0,0.0,0.0,0.0,0.0,0.0,0.0,0.0,0.0,0.0,0.0,0.0,0.0,0.0,0.0,0.0,0.0,0.0,0.0,0.0,0.0,0.0,0.0,0.0,0.0,0.16909347111319872,3.56505401596994,15.246594645373419,10.018788163457025,1.0004697040864257,0.9266270053779294,0.023042215273332115,0.0,0.0,0.0,0.0,0.0,0.0,0.0,0.0,0.0,0.0,0.0,0.0,0.0,0.0,0.0,0.0,0.0,0.0,0.0,0.0,0.0,0.0,0.0,0.0,0.0,0.08982035928143714,3.652694610778444,14.715568862275452,10.41916167664671,1.1227544910179643,0.4062,0.01198,0.0,0.0,0.0,0.0,0.0,0.0,0.0,0.0,0.0,0.0,0.0,8.919680601221216,20.742132456552376,0.33818694222639745,0.0,0.0,0.0,0.0,0.0,0.0,0.0,0.0,0.0,0.0,0.0,0.0,0.0,0.0,0.0,0.0,0.4062,0.01201,0.0,0.0,0.0,0.0,0.0,0.0,0.0,0.0,0.0,0.0,0.0,9.26646706586825,20.41916167664671,0.31437125748503,0.0,0.0,0.0,0.0,0.0,0.0,0.0,0.0,0.0,0.0,0.0,0.0,0.0,0.0,0.0,0.0
95400,3956,2027,0.5123862487360971,969,804,0.4481799797775531,1129,0.5707785642062689,0.4080000000000001,2.970969414204251,3.1079067953566213,6.558608058608058,2.1383574120042517,9508.007583417593,1614.5043800711983,7853.0,11083.0,11083.0,0.0,7853.0,0.0,27.938827098078868,20.86508249158437,32.98580917874396,19.05092917642933,0.14408493427704752,0.09908998988877654,0.08645096056622852,0.08771486349848331,0.08038422649140546,0.07735085945399393,0.07204246713852376,0.060414560161779575,0.055611729019211326,0.05637007077856421,0.047522750252780584,0.03614762386248736,0.03614762386248736,0.024519716885743174,0.018958543983822043,0.010616784630940344,0.006572295247724975,0.9265341301598371,0.02358730092417523,0.0,0.0,0.0,0.0,0.0,0.0,0.0,0.0,0.0,0.0,0.0,0.0,0.0,0.0,0.0,0.0,0.0,0.0,0.0,0.0,0.0,0.0,0.0,0.0,0.0,0.17441860465116282,3.6324570273003043,14.825581395348841,10.085945399393328,1.2815975733063703,4.257009345794392,2.901040058942425,nan,nan,nan,4.215625,2.876967736936756,4.298136645962733,2.9241863984926004,1.0195728144611373,0.407,0.01227,0.0,0.0,0.0,0.0,0.0,0.0,0.0,0.0,0.0,0.0,0.007583417593528818,8.796764408493415,20.78614762386249,0.40950455005055625,0.0,0.0,0.0,0.0,0.0,0.0,0.0,0.0,0.0,0.0,0.0,0.0,0.0,0.0,0.0,0.0,nan,nan,4.257009345794392,2.901040058942425,nan,0.407,0.0609,0.0,0.0,0.0,0.0,0.0,0.0,0.0,0.0,0.0,0.0,0.0,0.0,0.0,0.0,0.0,0.0,1.2639029322548029e-05,0.0,0.0,0.0,2.5278058645096057e-05,0.0025657229524772497,0.0005434782608695652,0.0011248736097067746,0.00846814964610718,0.0020980788675429725,0.00016430738119312436,0.005093528816986856,0.0042719919110212334,0.01481294236602629,0.015811425682507582,0.008354398382204246,0.019299797775530838,0.025176946410515672,0.03827098078867543,0.059896359959555105,0.05211071789686552,0.08770222446916077,0.036526794742163804,0.059453993933265926,0.059706774519716885,0.046587462082912035,0.06740394337714864,0.05533367037411527,0.017542972699696662,0.04853387259858443,0.08206521739130435,0.03479524772497472,0.03082659251769464,0.050101112234580386,0.02039939332659252,0.029714357937310414,0.0015040444893832153,0.005586450960566229,0.006028816986855409,0.0005434782608695652,0.0006066734074823053,2.5278058645096057e-05,0.0,0.000910010111223458,0.0,0.0,0.0,0.0,0.0,0.0,0.0,0.0,0.0,0.0,0.0,0.0,0.0,0.0,0.0,0.0,0.0,0.0,0.0,0.0,0.0,0.0,0.0,0.0,0.0,0.0,0.0,0.0,0.0,0.0,0.0,0.0,0.0,0.0,0.0,0.0,0.0,0.0,0.0,0.0,0.0,nan,nan,4.257009345794392,2.901040058942425,nan,0.9267090239957688,0.02313397008767394,0.0,0.0,0.0,0.0,0.0,0.0,0.0,0.0,0.0,0.0,0.0,0.0,0.0,0.0,0.0,0.0,0.0,0.0,0.0,0.0,0.0,0.0,0.0,0.0,0.0,0.1924025653675383,3.344844597927973,15.081401085347808,10.13813517513567,1.2432165762210166,0.9263503511005142,0.024053088567822515,0.0,0.0,0.0,0.0,0.0,0.0,0.0,0.0,0.0,0.0,0.0,0.0,0.0,0.0,0.0,0.0,0.0,0.0,0.0,0.0,0.0,0.0,0.0,0.0,0.0,0.15552099533437017,3.9346811819595655,14.55676516329705,10.031104199066876,1.3219284603421464,0.407,0.012215,0.0,0.0,0.0,0.0,0.0,0.0,0.0,0.0,0.0,0.0,0.0,8.924518993586569,20.720276270350276,0.35520473606314756,0.0,0.0,0.0,0.0,0.0,0.0,0.0,0.0,0.0,0.0,0.0,0.0,0.0,0.0,0.0,0.0,0.407,0.01233,0.0,0.0,0.0,0.0,0.0,0.0,0.0,0.0,0.0,0.0,0.015552099533437018,8.662519440124404,20.855365474339038,0.4665629860031105,0.0,0.0,0.0,0.0,0.0,0.0,0.0,0.0,0.0,0.0,0.0,0.0,0.0,0.0,0.0,0.0
95500,3940,2072,0.5258883248730964,999,765,0.44771573604060916,1077,0.5467005076142132,0.4440000000000001,3.2002141327623126,3.2480532725331868,6.856127886323268,2.2457168068437063,9551.619289340102,1612.8337838879293,7853.0,11083.0,11083.0,0.0,7853.0,0.0,28.116751269035532,20.78106990997113,33.14013317191284,18.922504428117968,0.14187817258883248,0.09365482233502538,0.08629441624365482,0.09416243654822334,0.0766497461928934,0.07741116751269035,0.066497461928934,0.06395939086294417,0.06218274111675127,0.05532994923857868,0.05279187817258883,0.03984771573604061,0.03071065989847716,0.023857868020304568,0.01852791878172589,0.008375634517766498,0.007868020304568528,0.9269756281285116,0.023279552751380578,0.0,0.0,0.0,0.0,0.0,0.0,0.0,0.0,0.0,0.0,0.0,0.0,0.0,0.0,0.0,0.0,0.0,0.0,0.0,0.0,0.0,0.0,0.0,0.0,0.0,0.17512690355329952,3.5634517766497473,14.634517766497465,10.35532994923858,1.271573604060914,4.4209905660377355,3.0321987414182088,nan,nan,nan,4.444709626093874,3.0394394187287457,4.397824397824398,3.024930587131705,0.9894514530276121,0.4065,0.01205,0.0,0.0,0.0,0.0,0.0,0.0,0.0,0.0,0.0,0.0,0.007614213197969545,8.802030456852778,20.862944162436552,0.3274111675126904,0.0,0.0,0.0,0.0,0.0,0.0,0.0,0.0,0.0,0.0,0.0,0.0,0.0,0.0,0.0,0.0,nan,nan,4.4209905660377355,3.0321987414182088,nan,0.4065,0.06158,0.0,0.0,0.0,0.0,0.0,0.0,0.0,0.0,0.0,0.0,0.0,0.0,0.0,0.0,0.0,0.0,0.0,0.0,0.0,0.0,0.0,0.002017766497461929,0.0007741116751269036,0.0010532994923857868,0.009847715736040609,0.002119289340101523,0.00019035532994923857,0.005685279187817259,0.005583756345177665,0.016713197969543146,0.014923857868020305,0.008591370558375635,0.018972081218274112,0.022931472081218273,0.03967005076142132,0.06040609137055838,0.054111675126903555,0.08906091370558375,0.03565989847715736,0.05559644670050761,0.058236040609137056,0.04350253807106599,0.06748730964467005,0.05694162436548223,0.01887055837563452,0.048464467005076145,0.08151015228426396,0.03302030456852792,0.030913705583756345,0.04821065989847716,0.02218274111675127,0.03181472081218274,0.001802030456852792,0.005228426395939087,0.005647208121827411,0.00034263959390862947,0.00048223350253807104,0.00017766497461928934,2.5380710659898476e-05,0.001230964467005076,0.0,0.0,0.0,0.0,0.0,0.0,0.0,0.0,0.0,0.0,0.0,0.0,0.0,0.0,0.0,0.0,0.0,0.0,0.0,0.0,0.0,0.0,0.0,0.0,0.0,0.0,0.0,0.0,0.0,0.0,0.0,0.0,0.0,0.0,0.0,0.0,0.0,0.0,0.0,0.0,0.0,nan,nan,4.4209905660377355,3.0321987414182088,nan,0.9274892384999047,0.023283972145429727,0.0,0.0,0.0,0.0,0.0,0.0,0.0,0.0,0.0,0.0,0.0,0.0,0.0,0.0,0.0,0.0,0.0,0.0,0.0,0.0,0.0,0.0,0.0,0.0,0.0,0.1447876447876448,3.4893822393822402,14.24710424710425,10.859073359073362,1.25965250965251,0.9264059275452534,0.02326138770181923,0.0,0.0,0.0,0.0,0.0,0.0,0.0,0.0,0.0,0.0,0.0,0.0,0.0,0.0,0.0,0.0,0.0,0.0,0.0,0.0,0.0,0.0,0.0,0.0,0.0,0.20877944325481804,3.645610278372592,15.064239828693793,9.796573875803,1.2847965738758031,0.4067,0.01203,0.0,0.0,0.0,0.0,0.0,0.0,0.0,0.0,0.0,0.0,0.014478764478764483,8.658301158301146,20.979729729729733,0.3474903474903475,0.0,0.0,0.0,0.0,0.0,0.0,0.0,0.0,0.0,0.0,0.0,0.0,0.0,0.0,0.0,0.0,0.4065,0.012085,0.0,0.0,0.0,0.0,0.0,0.0,0.0,0.0,0.0,0.0,0.0,8.961456102783712,20.733404710920773,0.3051391862955033,0.0,0.0,0.0,0.0,0.0,0.0,0.0,0.0,0.0,0.0,0.0,0.0,0.0,0.0,0.0,0.0
95600,4245,2165,0.5100117785630153,1011,893,0.448527679623086,1222,0.575736160188457,0.4200000000000001,3.0846153846153848,3.202996470577597,6.8951890034364265,2.1065299103612967,9500.338044758539,1614.676206197761,7853.0,11083.0,11083.0,0.0,7853.0,0.0,27.898939929328623,20.863489478573324,32.770500979568986,19.147371449319227,0.13616018845700825,0.10435806831566549,0.09469964664310954,0.08433451118963486,0.0812720848056537,0.07279151943462897,0.06925795053003533,0.06666666666666667,0.05700824499411072,0.051354534746760896,0.04711425206124853,0.04287396937573616,0.031566548881036514,0.027797408716136632,0.0160188457008245,0.008716136631330978,0.00800942285041225,0.9281280144926235,0.02318707016889947,0.0,0.0,0.0,0.0,0.0,0.0,0.0,0.0,0.0,0.0,0.0,0.0,0.0,0.0,0.0,0.0,0.0,0.0,0.0,0.0,0.0,0.0,0.0,0.0,0.0,0.13427561837455834,3.2155477031802127,14.282685512367495,10.855123674911663,1.5123674911660783,4.429041697147038,2.949200112827796,nan,nan,nan,4.406087602078693,2.963633837811254,4.451333813987023,2.9349428807678613,1.0102690223151676,0.406,0.01195,0.0,0.0,0.0,0.0,0.0,0.0,0.0,0.0,0.0,0.0,0.0,9.250883392226134,20.438162544169614,0.3109540636042403,0.0,0.0,0.0,0.0,0.0,0.0,0.0,0.0,0.0,0.0,0.0,0.0,0.0,0.0,0.0,0.0,nan,nan,4.429041697147038,2.949200112827796,nan,0.406,0.06134,0.0,0.0,0.0,0.0,0.0,0.0,0.0,0.0,0.0,0.0,0.0,0.0,0.0,0.0,0.0,0.0,0.0,0.0,0.0,0.0,0.0,0.0018256772673733805,0.00071849234393404,0.001071849234393404,0.010518256772673734,0.0020141342756183744,0.00035335689045936394,0.00486454652532391,0.005123674911660777,0.01712603062426384,0.014299175500588929,0.00872791519434629,0.018916372202591285,0.024428739693757362,0.03987043580683157,0.06108362779740872,0.056819787985865726,0.09084805653710247,0.03501766784452297,0.05752650176678445,0.05944640753828033,0.04098939929328622,0.06710247349823321,0.05538280329799764,0.018798586572438162,0.04736160188457008,0.08176678445229682,0.033286219081272085,0.02967020023557126,0.0469964664310954,0.022061248527679624,0.031755005889281505,0.0011189634864546525,0.005877502944640754,0.005312131919905772,0.00023557126030624264,0.0005300353356890459,1.1778563015312131e-05,0.0001884570082449941,0.0009540636042402827,0.0,0.0,0.0,0.0,0.0,0.0,0.0,0.0,0.0,0.0,0.0,0.0,0.0,0.0,0.0,0.0,0.0,0.0,0.0,0.0,0.0,0.0,0.0,0.0,0.0,0.0,0.0,0.0,0.0,0.0,0.0,0.0,0.0,0.0,0.0,0.0,0.0,0.0,0.0,0.0,0.0,nan,nan,4.429041697147038,2.949200112827796,nan,0.9278328788197894,0.02319116480849911,0.0,0.0,0.0,0.0,0.0,0.0,0.0,0.0,0.0,0.0,0.0,0.0,0.0,0.0,0.0,0.0,0.0,0.0,0.0,0.0,0.0,0.0,0.0,0.0,0.0,0.13856812933025406,3.3810623556581993,14.064665127020788,11.030023094688223,1.3856812933025406,0.9284352109982417,0.023178816322125265,0.0,0.0,0.0,0.0,0.0,0.0,0.0,0.0,0.0,0.0,0.0,0.0,0.0,0.0,0.0,0.0,0.0,0.0,0.0,0.0,0.0,0.0,0.0,0.0,0.0,0.12980769230769235,3.0432692307692317,14.509615384615389,10.673076923076925,1.6442307692307696,0.4058,0.01196,0.0,0.0,0.0,0.0,0.0,0.0,0.0,0.0,0.0,0.0,0.0,9.062355658198602,20.660508083140883,0.2771362586605081,0.0,0.0,0.0,0.0,0.0,0.0,0.0,0.0,0.0,0.0,0.0,0.0,0.0,0.0,0.0,0.0,0.406,0.01194,0.0,0.0,0.0,0.0,0.0,0.0,0.0,0.0,0.0,0.0,0.0,9.44711538461537,20.206730769230774,0.3461538461538462,0.0,0.0,0.0,0.0,0.0,0.0,0.0,0.0,0.0,0.0,0.0,0.0,0.0,0.0,0.0,0.0
95700,4418,2281,0.5162969669533726,1086,894,0.4481665912177456,1230,0.5568130375735627,0.4120000000000001,2.9920449227889563,3.1049995733998115,6.46129541864139,2.231223829042498,9520.639203259394,1614.1419126830876,7853.0,11083.0,11083.0,0.0,7853.0,0.0,27.972612041647803,20.8917085732868,32.90465930514409,19.138390985985712,0.13761883205070166,0.10208239022181982,0.09529198732458126,0.0866908103214124,0.08103214124038026,0.07537347215934811,0.058850158442734266,0.06790402897238569,0.06201901312811227,0.05183340878225441,0.04685377999094613,0.03961068356722499,0.03168854685377999,0.026029877772747848,0.020371208691715707,0.011090991398822997,0.005658669081032141,0.9281616758685027,0.023149624424463815,0.0,0.0,0.0,0.0,0.0,0.0,0.0,0.0,0.0,0.0,0.0,0.0,0.0,0.0,0.0,0.0,0.0,0.0,0.0,0.0,0.0,0.0,0.0,0.0,0.0,0.1358080579447714,3.2186509732910826,14.30737890448167,11.000452693526483,1.3377093707559984,4.22018994020401,2.896512700460634,nan,nan,nan,4.311173974540311,2.90138281561005,4.130160951714486,2.888866452308412,0.9580130554009652,0.4062,0.01218,0.0,0.0,0.0,0.0,0.0,0.0,0.0,0.0,0.0,0.0,0.013580805794477142,9.28927116342235,20.228610230873702,0.46853779990946137,0.0,0.0,0.0,0.0,0.0,0.0,0.0,0.0,0.0,0.0,0.0,0.0,0.0,0.0,0.0,0.0,nan,nan,4.22018994020401,2.896512700460634,nan,0.4062,0.06165,0.0,0.0,0.0,0.0,0.0,0.0,0.0,0.0,0.0,0.0,0.0,0.0,0.0,0.0,0.0,0.0,0.0,0.0,0.0,0.0,1.1317338162064282e-05,0.001641014033499321,0.0006564056133997284,0.000961973743775464,0.010344047080126755,0.0018334087822544137,0.0005092802172928927,0.005749207786328655,0.005104119511090991,0.018164327750113174,0.013094160253508375,0.008691715708465369,0.020518334087822544,0.025181077410593028,0.04022181982797646,0.058182435491172475,0.05700543232231779,0.08949751018560434,0.03673607967406066,0.05625848800362155,0.05909913988229968,0.039938886373924856,0.06347894975101856,0.0526935264825713,0.018673607967406067,0.04740832956088728,0.08636260751471254,0.03344273426889995,0.03255998189225894,0.04901539157990041,0.02212539610683567,0.030070167496604797,0.0011770031688546855,0.0064282480760525125,0.00568130375735627,0.00016976007243096425,0.0004979628791308285,1.1317338162064282e-05,4.526935264825713e-05,0.0007582616568583069,0.0,0.0,0.0,0.0,0.0,0.0,0.0,0.0,0.0,0.0,0.0,0.0,0.0,0.0,0.0,0.0,0.0,0.0,0.0,0.0,0.0,0.0,0.0,0.0,0.0,0.0,0.0,0.0,0.0,0.0,0.0,0.0,0.0,0.0,0.0,0.0,0.0,0.0,0.0,0.0,0.0,nan,nan,4.22018994020401,2.896512700460634,nan,0.9275502732896533,0.022781553760998385,0.0,0.0,0.0,0.0,0.0,0.0,0.0,0.0,0.0,0.0,0.0,0.0,0.0,0.0,0.0,0.0,0.0,0.0,0.0,0.0,0.0,0.0,0.0,0.0,0.0,0.14467338886453313,3.038141166155196,15.019728189390621,10.521701008329682,1.275756247259974,0.928814277310878,0.0235186166884281,0.0,0.0,0.0,0.0,0.0,0.0,0.0,0.0,0.0,0.0,0.0,0.0,0.0,0.0,0.0,0.0,0.0,0.0,0.0,0.0,0.0,0.0,0.0,0.0,0.0,0.12634534394010297,3.4113242863827806,13.54702854468882,11.511464670098272,1.403837154890033,0.406,0.012405,0.0,0.0,0.0,0.0,0.0,0.0,0.0,0.0,0.0,0.0,0.013152126260412103,9.508987286277934,20.043840420868044,0.4340201665935994,0.0,0.0,0.0,0.0,0.0,0.0,0.0,0.0,0.0,0.0,0.0,0.0,0.0,0.0,0.0,0.0,0.4065,0.01192,0.0,0.0,0.0,0.0,0.0,0.0,0.0,0.0,0.0,0.0,0.01403837154890033,9.054749649040698,20.42583060364998,0.5053813757604119,0.0,0.0,0.0,0.0,0.0,0.0,0.0,0.0,0.0,0.0,0.0,0.0,0.0,0.0,0.0,0.0
95800,4239,2209,0.5211134701580561,1043,843,0.4449162538334513,1206,0.5690021231422505,0.4240000000000001,3.10935960591133,3.180429856584489,6.828231292517007,2.1624703059359662,9536.196508610521,1613.5594926166605,7853.0,11083.0,11083.0,0.0,7853.0,0.0,28.57301250294881,21.178897128146204,33.59254066180595,19.336693848507696,0.1394196744515216,0.09483368719037509,0.09129511677282377,0.08091531021467327,0.08044350082566643,0.07879216796414248,0.06676102854446804,0.059919792403868834,0.06039160179287568,0.059919792403868834,0.046473224817173864,0.04269874970511913,0.03161122906345836,0.02594951639537627,0.020287803727294173,0.01179523472517103,0.008492569002123142,0.9286265700711032,0.02392898457314732,0.0,0.0,0.0,0.0,0.0,0.0,0.0,0.0,0.0,0.0,0.0,0.0,0.0,0.0,0.0,0.0,0.0,0.0,0.0,0.0,0.0,0.0,0.0,0.0,0.0,0.11323425336164192,3.4961075725406943,13.573956121726825,11.13234253361642,1.6843595187544236,4.370061616527727,2.942678611114241,nan,nan,nan,4.378864126527678,2.9365857762167105,4.356986100950987,2.94596431859741,0.995003721297459,0.406,0.0119,0.0,0.0,0.0,0.0,0.0,0.0,0.0,0.0,0.0,0.0,0.02830856334041048,9.023354564755826,20.651096956829445,0.29723991507431,0.0,0.0,0.0,0.0,0.0,0.0,0.0,0.0,0.0,0.0,0.0,0.0,0.0,0.0,0.0,0.0,nan,nan,4.370061616527727,2.942678611114241,nan,0.406,0.06082,0.0,0.0,0.0,0.0,0.0,0.0,0.0,0.0,0.0,0.0,0.0,0.0,0.0,0.0,0.0,0.0,0.0,0.0,0.0,0.0,0.0,0.001545175748997405,0.0005189903279075253,0.0009672092474640245,0.010721868365180466,0.001556970983722576,0.0005307855626326964,0.004387827317763623,0.00491861288039632,0.015640481245576786,0.012892191554611937,0.009306440198159944,0.019285208775654636,0.02551309271054494,0.04017456947393253,0.06106393017221043,0.05796178343949045,0.092344892663364,0.03618778013682472,0.054635527246992215,0.061264449162538336,0.03921915546119368,0.06397735314932768,0.05311394196744515,0.02107808445388063,0.047570181646614765,0.08822835574427931,0.031634819532908705,0.03280254777070064,0.046201934418494926,0.022823779193205943,0.027423920736022647,0.00148619957537155,0.006227883934890304,0.005425807973578675,0.00017692852087756547,0.0002948808681292758,0.0,4.718093890068412e-05,0.0008492569002123143,0.0,0.0,0.0,0.0,0.0,0.0,0.0,0.0,0.0,0.0,0.0,0.0,0.0,0.0,0.0,0.0,0.0,0.0,0.0,0.0,0.0,0.0,0.0,0.0,0.0,0.0,0.0,0.0,0.0,0.0,0.0,0.0,0.0,0.0,0.0,0.0,0.0,0.0,0.0,0.0,0.0,nan,nan,4.370061616527727,2.942678611114241,nan,0.928262138917145,0.023944831516478346,0.0,0.0,0.0,0.0,0.0,0.0,0.0,0.0,0.0,0.0,0.0,0.0,0.0,0.0,0.0,0.0,0.0,0.0,0.0,0.0,0.0,0.0,0.0,0.0,0.0,0.10864644635581713,3.7075599818922598,13.458578542326848,11.095518334087824,1.6296966953372571,0.9290231357947946,0.023905417120664945,0.0,0.0,0.0,0.0,0.0,0.0,0.0,0.0,0.0,0.0,0.0,0.0,0.0,0.0,0.0,0.0,0.0,0.0,0.0,0.0,0.0,0.0,0.0,0.0,0.0,0.1182266009852217,3.2660098522167496,13.699507389162566,11.17241379310345,1.7438423645320202,0.4058,0.01195,0.0,0.0,0.0,0.0,0.0,0.0,0.0,0.0,0.0,0.0,0.027161611588954283,9.438660027161598,20.262562245359895,0.2716161158895428,0.0,0.0,0.0,0.0,0.0,0.0,0.0,0.0,0.0,0.0,0.0,0.0,0.0,0.0,0.0,0.0,0.4065,0.011856,0.0,0.0,0.0,0.0,0.0,0.0,0.0,0.0,0.0,0.0,0.029556650246305424,8.571428571428559,21.07389162561577,0.32512315270935965,0.0,0.0,0.0,0.0,0.0,0.0,0.0,0.0,0.0,0.0,0.0,0.0,0.0,0.0,0.0,0.0
95900,4379,2253,0.5145010276318794,1049,892,0.44325188399177895,1236,0.564512445763873,0.4240000000000001,3.0493885230479774,3.1881877326126706,6.77906976744186,2.206008210403666,9514.83831925097,1614.320653355381,7853.0,11083.0,11083.0,0.0,7853.0,0.0,28.133820506965062,20.92963658101396,32.84770889487871,19.26189873115509,0.13267869376569993,0.09910938570449875,0.09796757250513816,0.09088833066910254,0.08312400091345055,0.06713861612240238,0.07376113267869376,0.06279972596483216,0.05503539620918018,0.054350308289563824,0.04749942909340032,0.038136560858643524,0.03174240694222425,0.026946791504909796,0.019639187029002057,0.013016670472710665,0.006165791276547157,0.928400080575331,0.023161683624713676,0.0,0.0,0.0,0.0,0.0,0.0,0.0,0.0,0.0,0.0,0.0,0.0,0.0,0.0,0.0,0.0,0.0,0.0,0.0,0.0,0.0,0.0,0.0,0.0,0.0,0.11646494633477966,3.0554921214889252,14.530714775062803,10.52295044530715,1.7743777118063488,4.43413597733711,2.9844823702507206,nan,nan,nan,4.3949044585987265,2.977343476490518,4.473423104181432,2.9910986969486455,1.0178658367485287,0.4053,0.011635,0.0,0.0,0.0,0.0,0.0,0.0,0.0,0.0,0.0,0.0,0.020552637588490526,9.680292304179023,20.09362868234757,0.20552637588490527,0.0,0.0,0.0,0.0,0.0,0.0,0.0,0.0,0.0,0.0,0.0,0.0,0.0,0.0,0.0,0.0,nan,nan,4.43413597733711,2.9844823702507206,nan,0.4053,0.06104,0.0,0.0,0.0,0.0,0.0,0.0,0.0,0.0,0.0,0.0,0.0,0.0,0.0,0.0,0.0,0.0,0.0,0.0,0.0,1.1418131993605846e-05,1.1418131993605846e-05,0.001255994519296643,0.0004909796757250513,0.0009248686914820736,0.011349623201644211,0.0018383192509705412,0.0005366522036994748,0.004167618177666134,0.005697647864809317,0.017641013930121033,0.014523863895866636,0.008369490751313085,0.01974195021694451,0.024617492578214203,0.04222425211235442,0.06076729846997031,0.05525234071705869,0.09448504224708838,0.03442566796072163,0.05561772094085408,0.06044759077414935,0.04150490979675725,0.05876912537108929,0.05326558575017127,0.023224480474994293,0.04867549668874172,0.09012331582553094,0.031354190454441655,0.033523635533226764,0.04359442795158712,0.020746745832381824,0.025496688741721854,0.001929664306919388,0.00607444622059831,0.005560630280886047,0.00033112582781456954,0.00010276318794245261,0.0,7.992692395524092e-05,0.0012445763873030371,0.0,0.0,0.0,0.0,0.0,0.0,0.0,0.0,0.0,0.0,0.0,0.0,0.0,0.0,0.0,0.0,0.0,0.0,0.0,0.0,0.0,0.0,0.0,0.0,0.0,0.0,0.0,0.0,0.0,0.0,0.0,0.0,0.0,0.0,0.0,0.0,0.0,0.0,0.0,0.0,0.0,nan,nan,4.43413597733711,2.9844823702507206,nan,0.9289005388697147,0.023734990496353244,0.0,0.0,0.0,0.0,0.0,0.0,0.0,0.0,0.0,0.0,0.0,0.0,0.0,0.0,0.0,0.0,0.0,0.0,0.0,0.0,0.0,0.0,0.0,0.0,0.0,0.10652463382157126,3.155792276964049,14.207723035952068,10.519307589880162,2.0106524633821574,0.9278697266067297,0.02252608750454128,0.0,0.0,0.0,0.0,0.0,0.0,0.0,0.0,0.0,0.0,0.0,0.0,0.0,0.0,0.0,0.0,0.0,0.0,0.0,0.0,0.0,0.0,0.0,0.0,0.0,0.12699905926622768,2.94920037629351,14.873000940733776,10.526810912511761,1.5239887111947323,0.4053,0.01165,0.0,0.0,0.0,0.0,0.0,0.0,0.0,0.0,0.0,0.0,0.0,9.720372836218361,20.0133155792277,0.26631158455392817,0.0,0.0,0.0,0.0,0.0,0.0,0.0,0.0,0.0,0.0,0.0,0.0,0.0,0.0,0.0,0.0,0.4053,0.01162,0.0,0.0,0.0,0.0,0.0,0.0,0.0,0.0,0.0,0.0,0.04233301975540923,9.637817497648152,20.178739416745064,0.1411100658513641,0.0,0.0,0.0,0.0,0.0,0.0,0.0,0.0,0.0,0.0,0.0,0.0,0.0,0.0,0.0,0.0
96000,4547,2366,0.5203430833516605,1138,928,0.4543655157246536,1291,0.5678469320431053,0.4040000000000001,2.9889958734525446,3.06072844977562,6.573717948717949,2.034403213049858,9533.708159225864,1613.662739797616,7853.0,11083.0,11083.0,0.0,7853.0,0.0,28.159445788431935,20.753803108827114,33.109395446218265,18.933597050722042,0.13635363976248074,0.09940620189135693,0.08884979107103584,0.08643061359137894,0.08269188475918188,0.07499450186936442,0.07037607213547394,0.06597756762700682,0.05608093248295579,0.058060259511766,0.04684407301517484,0.04134594237959094,0.034748185616890255,0.02133274686606554,0.01781394325929184,0.011656036947437871,0.007037607213547394,0.9272615304091801,0.023428026733758985,0.0,0.0,0.0,0.0,0.0,0.0,0.0,0.0,0.0,0.0,0.0,0.0,0.0,0.0,0.0,0.0,0.0,0.0,0.0,0.0,0.0,0.0,0.0,0.0,0.0,0.15174840554211572,3.542995381570267,14.369914229162088,10.582801847371895,1.3525401363536402,4.309996634129923,2.9305602661550214,nan,nan,nan,4.272546419098143,2.947257798193496,4.344049247606019,2.908540096237066,1.0167354129116681,0.405,0.01174,0.0,0.0,0.0,0.0,0.0,0.0,0.0,0.0,0.0,0.0,0.0,9.903232900813709,19.839454585440954,0.25731251374532665,0.0,0.0,0.0,0.0,0.0,0.0,0.0,0.0,0.0,0.0,0.0,0.0,0.0,0.0,0.0,0.0,nan,nan,4.309996634129923,2.9305602661550214,nan,0.405,0.061,0.0,0.0,0.0,0.0,0.0,0.0,0.0,0.0,0.0,0.0,0.0,0.0,0.0,0.0,0.0,0.0,0.0,0.0,0.0,1.0996261271167803e-05,0.0,0.0017154167583021773,0.0006817681988124037,0.001110622388387948,0.011447107983285684,0.0018033868484715197,0.0004948317572025511,0.0037057400483835497,0.004893336265669672,0.017539036727512645,0.014394106003958655,0.008346162304816362,0.019683307675390366,0.02252034308335166,0.04413899274246756,0.058994941719815265,0.057785352979986805,0.0967561029250055,0.034165383769518366,0.05479436991422916,0.06295359577743567,0.043127336705520124,0.05961073235100066,0.05076973828898174,0.02231141411919947,0.04630525621288762,0.09046624147789752,0.031108423136133715,0.03315372773257093,0.04106003958654058,0.022586320650978667,0.02607213547393886,0.0021992522542335605,0.0063778315372773255,0.005135254013635364,0.0005718055861007258,6.597756762700682e-05,0.0,0.0,0.0011436111722014516,0.0,0.0,0.0,0.0,0.0,0.0,0.0,0.0,0.0,0.0,0.0,0.0,0.0,0.0,0.0,0.0,0.0,0.0,0.0,0.0,0.0,0.0,0.0,0.0,0.0,0.0,0.0,0.0,0.0,0.0,0.0,0.0,0.0,0.0,0.0,0.0,0.0,0.0,0.0,0.0,0.0,nan,nan,4.309996634129923,2.9305602661550214,nan,0.9271620508481765,0.02307933583949236,0.0,0.0,0.0,0.0,0.0,0.0,0.0,0.0,0.0,0.0,0.0,0.0,0.0,0.0,0.0,0.0,0.0,0.0,0.0,0.0,0.0,0.0,0.0,0.0,0.0,0.15215553677092142,3.6136939983093836,14.302620456466613,10.765004226542692,1.1665257819103976,0.9273694481722864,0.02380004842349492,0.0,0.0,0.0,0.0,0.0,0.0,0.0,0.0,0.0,0.0,0.0,0.0,0.0,0.0,0.0,0.0,0.0,0.0,0.0,0.0,0.0,0.0,0.0,0.0,0.0,0.15130674002751035,3.466299862448419,14.442916093535079,10.385144429160936,1.554332874828061,0.4053,0.01173,0.0,0.0,0.0,0.0,0.0,0.0,0.0,0.0,0.0,0.0,0.0,9.61115807269652,20.160608622147087,0.22823330515638213,0.0,0.0,0.0,0.0,0.0,0.0,0.0,0.0,0.0,0.0,0.0,0.0,0.0,0.0,0.0,0.0,0.405,0.01175,0.0,0.0,0.0,0.0,0.0,0.0,0.0,0.0,0.0,0.0,0.0,10.22008253094909,19.491059147180195,0.28885832187070154,0.0,0.0,0.0,0.0,0.0,0.0,0.0,0.0,0.0,0.0,0.0,0.0,0.0,0.0,0.0,0.0
96100,4385,2251,0.5133409350057012,1064,873,0.441733181299886,1196,0.5454960091220068,0.4200000000000001,2.970477975632615,3.1867182862655343,6.748681898066784,2.222690745499531,9511.091220068414,1614.4250204803616,7853.0,11083.0,11083.0,0.0,7853.0,0.0,27.261801596351198,20.731620848974405,32.2551912568306,19.065831103673485,0.1443557582668187,0.10672748004561003,0.09418472063854048,0.08825541619156214,0.07913340935005701,0.07685290763968072,0.07274800456100342,0.061801596351197266,0.05017103762827822,0.05381984036488027,0.04264538198403649,0.03876852907639681,0.031242873432155073,0.02531356898517674,0.01710376282782212,0.011174458380843785,0.005701254275940707,0.9275459231645242,0.02286206741505431,0.0,0.0,0.0,0.0,0.0,0.0,0.0,0.0,0.0,0.0,0.0,0.0,0.0,0.0,0.0,0.0,0.0,0.0,0.0,0.0,0.0,0.0,0.0,0.0,0.0,0.09578107183580391,3.2565564424173328,14.80501710376283,10.494868871151654,1.3477765108323834,4.362386980108499,2.968605364554776,nan,nan,nan,4.331690140845071,2.9230475539373035,4.395833333333333,3.0164993540815823,1.0148078903159377,0.4053,0.01176,0.0,0.0,0.0,0.0,0.0,0.0,0.0,0.0,0.0,0.0,0.0136830102622577,9.88597491448117,19.847206385404792,0.25313568985176743,0.0,0.0,0.0,0.0,0.0,0.0,0.0,0.0,0.0,0.0,0.0,0.0,0.0,0.0,0.0,0.0,nan,nan,4.362386980108499,2.968605364554776,nan,0.4053,0.0605,0.0,0.0,0.0,0.0,0.0,0.0,0.0,0.0,0.0,0.0,0.0,0.0,0.0,0.0,0.0,0.0,0.0,0.0,0.0,2.280501710376283e-05,0.0,0.0008779931584948689,0.000992018244013683,0.0008323831242873432,0.009977194982896237,0.0007525655644241733,0.0002622576966932725,0.004150513112884835,0.005039908779931585,0.01749144811858609,0.013660205245153934,0.009247434435575826,0.019726339794754848,0.0225769669327252,0.047913340935005704,0.058358038768529075,0.05968072976054732,0.0985290763968073,0.0333751425313569,0.05508551881413911,0.060684150513112885,0.044150513112884836,0.058586088939566704,0.0503078677309008,0.02185860889395667,0.04392246294184721,0.09361459521094641,0.03088939566704675,0.033181299885974916,0.041755986316989735,0.022291904218928165,0.024253135689851768,0.002508551881413911,0.0064652223489167614,0.0044241733181299885,0.0008437856328392246,7.98175598631699e-05,6.841505131128849e-05,0.0,0.0015621436716077538,0.0,0.0,0.0,0.0,0.0,0.0,0.0,0.0,0.0,0.0,0.0,0.0,0.0,0.0,0.0,0.0,0.0,0.0,0.0,0.0,0.0,0.0,0.0,0.0,0.0,0.0,0.0,0.0,0.0,0.0,0.0,0.0,0.0,0.0,0.0,0.0,0.0,0.0,0.0,0.0,0.0,nan,nan,4.362386980108499,2.968605364554776,nan,0.9273734745689097,0.022844672872675827,0.0,0.0,0.0,0.0,0.0,0.0,0.0,0.0,0.0,0.0,0.0,0.0,0.0,0.0,0.0,0.0,0.0,0.0,0.0,0.0,0.0,0.0,0.0,0.0,0.0,0.06663705019991116,3.358507330075523,15.04664593513994,10.20879609062639,1.319413593958241,0.927727826533188,0.02287899268517039,0.0,0.0,0.0,0.0,0.0,0.0,0.0,0.0,0.0,0.0,0.0,0.0,0.0,0.0,0.0,0.0,0.0,0.0,0.0,0.0,0.0,0.0,0.0,0.0,0.0,0.12652296157450799,3.149015932521088,14.550140581068419,10.796626054358015,1.3776944704779759,0.405,0.011826,0.0,0.0,0.0,0.0,0.0,0.0,0.0,0.0,0.0,0.0,0.02665482007996447,9.995557529986659,19.764549089293652,0.21323856063971575,0.0,0.0,0.0,0.0,0.0,0.0,0.0,0.0,0.0,0.0,0.0,0.0,0.0,0.0,0.0,0.0,0.4055,0.011696,0.0,0.0,0.0,0.0,0.0,0.0,0.0,0.0,0.0,0.0,0.0,9.770384254920323,19.934395501405813,0.29522024367385197,0.0,0.0,0.0,0.0,0.0,0.0,0.0,0.0,0.0,0.0,0.0,0.0,0.0,0.0,0.0,0.0
96200,4476,2288,0.5111706881143878,1077,903,0.44235924932975873,1237,0.5527256478999106,0.4240000000000001,3.046617915904936,3.1866986014522984,6.76,2.1622210802783326,9504.081322609472,1614.5968964911183,7853.0,11083.0,11083.0,0.0,7853.0,0.0,27.82685433422699,20.969864394274456,32.73053414828594,19.274957499653187,0.14075067024128687,0.10277033065236818,0.09495084897229669,0.09115281501340483,0.07506702412868632,0.07439678284182305,0.06590705987488829,0.0612153708668454,0.058757819481680074,0.05630026809651475,0.04624664879356569,0.03708668453976765,0.03328865058087578,0.028150134048257374,0.014968722073279714,0.010723860589812333,0.008266309204647005,0.9276044688073517,0.023536964155558213,0.0,0.0,0.0,0.0,0.0,0.0,0.0,0.0,0.0,0.0,0.0,0.0,0.0,0.0,0.0,0.0,0.0,0.0,0.0,0.0,0.0,0.0,0.0,0.0,0.0,0.14745308310991959,3.572386058981234,14.168900804289548,10.656836461126007,1.454423592493298,4.426919032597266,2.94189629481181,nan,nan,nan,4.455119214586255,2.989418884380841,4.398738612473721,2.89335290809946,0.9873447601743313,0.4048,0.01193,0.0,0.0,0.0,0.0,0.0,0.0,0.0,0.0,0.0,0.0,0.02680965147453084,10.469168900804275,19.3029490616622,0.20107238605898128,0.0,0.0,0.0,0.0,0.0,0.0,0.0,0.0,0.0,0.0,0.0,0.0,0.0,0.0,0.0,0.0,nan,nan,4.426919032597266,2.94189629481181,nan,0.4048,0.06024,0.0,0.0,0.0,0.0,0.0,0.0,0.0,0.0,0.0,0.0,0.0,0.0,0.0,0.0,0.0,0.0,0.0,0.0,0.0,0.000145218945487042,0.0,0.0010723860589812334,0.00145218945487042,0.0006590705987488829,0.010031277926720285,0.0006925826630920465,0.00015638963360142984,0.0038203753351206435,0.005440125111706881,0.017292225201072386,0.013348972296693476,0.009416890080428954,0.021079088471849868,0.023000446827524574,0.044883824843610365,0.057272117962466486,0.05862377122430742,0.09987712243074173,0.03524352100089365,0.054535299374441466,0.06391867739052726,0.046592940125111705,0.058746648793565684,0.04921805183199285,0.023436103663985703,0.04325290437890974,0.09049374441465595,0.030630026809651476,0.03458445040214477,0.04165549597855228,0.021235478105451296,0.02370420017873101,0.0029602323503127794,0.004881590705987489,0.004054959785522788,0.0008936550491510277,1.1170688114387846e-05,3.351206434316354e-05,0.0,0.0016532618409294013,0.0,0.0,0.0,0.0,0.0,0.0,0.0,0.0,0.0,0.0,0.0,0.0,0.0,0.0,0.0,0.0,0.0,0.0,0.0,0.0,0.0,0.0,0.0,0.0,0.0,0.0,0.0,0.0,0.0,0.0,0.0,0.0,0.0,0.0,0.0,0.0,0.0,0.0,0.0,0.0,0.0,nan,nan,4.426919032597266,2.94189629481181,nan,0.9273001332018342,0.023731206000850893,0.0,0.0,0.0,0.0,0.0,0.0,0.0,0.0,0.0,0.0,0.0,0.0,0.0,0.0,0.0,0.0,0.0,0.0,0.0,0.0,0.0,0.0,0.0,0.0,0.0,0.1704545454545455,3.5795454545454555,14.1215034965035,10.594405594405597,1.5340909090909094,0.927922713718423,0.023327868830413722,0.0,0.0,0.0,0.0,0.0,0.0,0.0,0.0,0.0,0.0,0.0,0.0,0.0,0.0,0.0,0.0,0.0,0.0,0.0,0.0,0.0,0.0,0.0,0.0,0.0,0.12340036563071301,3.564899451553931,14.218464351005489,10.722120658135285,1.3711151736745888,0.4048,0.011986,0.0,0.0,0.0,0.0,0.0,0.0,0.0,0.0,0.0,0.0,0.03933566433566434,10.4632867132867,19.24825174825175,0.24912587412587417,0.0,0.0,0.0,0.0,0.0,0.0,0.0,0.0,0.0,0.0,0.0,0.0,0.0,0.0,0.0,0.0,0.4048,0.01188,0.0,0.0,0.0,0.0,0.0,0.0,0.0,0.0,0.0,0.0,0.01371115173674589,10.475319926873842,19.360146252285194,0.15082266910420478,0.0,0.0,0.0,0.0,0.0,0.0,0.0,0.0,0.0,0.0,0.0,0.0,0.0,0.0,0.0,0.0
96300,4617,2407,0.5213341996967727,1113,965,0.450075806800953,1318,0.5709335066060213,0.4200000000000001,3.0171945701357465,3.099507084322017,6.596059113300493,2.1298683408170977,9536.909465020575,1613.5292019763938,7853.0,11083.0,11083.0,0.0,7853.0,0.0,27.931557288282434,20.88783318276606,32.84948453608247,19.15848240826776,0.13840155945419103,0.10179770413688542,0.0918345245830626,0.09075157028373403,0.0825211176088369,0.07039202945635695,0.07104180203595409,0.059995668182802685,0.054147714966428416,0.05219839722763699,0.05176521550790557,0.042018626813948454,0.031189083820662766,0.026207494043751355,0.02079272254710851,0.009096816114359974,0.005847953216374269,0.9272915942601268,0.023422396453284627,0.0,0.0,0.0,0.0,0.0,0.0,0.0,0.0,0.0,0.0,0.0,0.0,0.0,0.0,0.0,0.0,0.0,0.0,0.0,0.0,0.0,0.0,0.0,0.0,0.0,0.18193632228719953,3.2098765432098775,14.827810266406761,10.435347628330087,1.3450292397660824,4.294669795507878,2.8652837390116845,nan,nan,nan,4.363453815261044,2.864364044202432,4.225134408602151,2.8654387498681864,0.9683004765227202,0.4048,0.011856,0.0,0.0,0.0,0.0,0.0,0.0,0.0,0.0,0.0,0.0,0.006497725795971411,10.259909031838843,19.506172839506178,0.2274204028589994,0.0,0.0,0.0,0.0,0.0,0.0,0.0,0.0,0.0,0.0,0.0,0.0,0.0,0.0,0.0,0.0,nan,nan,4.294669795507878,2.8652837390116845,nan,0.4048,0.06076,0.0,0.0,0.0,0.0,0.0,0.0,0.0,0.0,0.0,0.0,0.0,0.0,0.0,0.0,0.0,0.0,0.0,0.0,0.0,1.0829542993285683e-05,0.0,0.0014728178470868529,0.0014294996751137103,0.0004006930907515703,0.011208576998050682,0.0006281134936105696,0.00015161360190599956,0.0042884990253411305,0.00554472601256227,0.017446393762183234,0.013396144682694391,0.010385531730560971,0.02039202945635694,0.024496426250812216,0.04289581979640459,0.05821962313190383,0.05891271388347412,0.0956898418886723,0.03405891271388348,0.05632445310807884,0.06241065627030539,0.046296296296296294,0.0593783842321854,0.04816980723413472,0.02363006281134936,0.04322070608620316,0.09233268356075373,0.030322720381199913,0.03651721897335932,0.04302577431232402,0.019428200129954516,0.02183235867446394,0.0028265107212475634,0.005165692007797271,0.005328135152696556,0.0006930907515702837,0.0,0.0001841022308858566,7.580680095299978e-05,0.001808533679878709,0.0,0.0,0.0,0.0,0.0,0.0,0.0,0.0,0.0,0.0,0.0,0.0,0.0,0.0,0.0,0.0,0.0,0.0,0.0,0.0,0.0,0.0,0.0,0.0,0.0,0.0,0.0,0.0,0.0,0.0,0.0,0.0,0.0,0.0,0.0,0.0,0.0,0.0,0.0,0.0,0.0,nan,nan,4.294669795507878,2.8652837390116845,nan,0.926976094242939,0.02357788208050966,0.0,0.0,0.0,0.0,0.0,0.0,0.0,0.0,0.0,0.0,0.0,0.0,0.0,0.0,0.0,0.0,0.0,0.0,0.0,0.0,0.0,0.0,0.0,0.0,0.0,0.21188201080182806,3.2280847528043215,15.068550062318241,10.10801828001662,1.383464894058995,0.9276352180345027,0.023246997051309722,0.0,0.0,0.0,0.0,0.0,0.0,0.0,0.0,0.0,0.0,0.0,0.0,0.0,0.0,0.0,0.0,0.0,0.0,0.0,0.0,0.0,0.0,0.0,0.0,0.0,0.14932126696832582,3.190045248868779,14.56561085972851,10.791855203619912,1.30316742081448,0.4045,0.01175,0.0,0.0,0.0,0.0,0.0,0.0,0.0,0.0,0.0,0.0,0.01246364769422518,10.50685500623181,19.318653926049027,0.16202742002492734,0.0,0.0,0.0,0.0,0.0,0.0,0.0,0.0,0.0,0.0,0.0,0.0,0.0,0.0,0.0,0.0,0.405,0.01196,0.0,0.0,0.0,0.0,0.0,0.0,0.0,0.0,0.0,0.0,0.0,9.99095022624433,19.71040723981901,0.29864253393665163,0.0,0.0,0.0,0.0,0.0,0.0,0.0,0.0,0.0,0.0,0.0,0.0,0.0,0.0,0.0,0.0
96400,4763,2471,0.5187906781440269,1187,955,0.4497165651900063,1324,0.5559521310098677,0.4160000000000001,3.0161431064572426,3.1363991192158442,6.6274217585693,2.2145890205675562,9528.693890405208,1613.8591176640793,7853.0,11083.0,11083.0,0.0,7853.0,0.0,28.27650640352719,20.96069144826093,33.204188481675395,19.166994152190224,0.1398278395968927,0.09846735250892295,0.08964938064245223,0.08146126390930086,0.07915179508712997,0.07873189166491706,0.0705437749317657,0.06340541675414654,0.05899643082091119,0.054167541465462946,0.049338652110014695,0.038211211421373084,0.031912660088179716,0.0304429981104346,0.02057526768843166,0.008398068444257821,0.006718454755406256,0.9275907716930301,0.023218935452695634,0.0,0.0,0.0,0.0,0.0,0.0,0.0,0.0,0.0,0.0,0.0,0.0,0.0,0.0,0.0,0.0,0.0,0.0,0.0,0.0,0.0,0.0,0.0,0.0,0.0,0.0944782699979005,3.5586815032542525,14.108754986353143,10.896493806424525,1.3415914339701873,4.200451176281018,2.9006160995766357,nan,nan,nan,4.174603174603175,2.8819067901810267,4.229862475442043,2.9184863745579794,1.0132370188321242,0.4048,0.01166,0.0,0.0,0.0,0.0,0.0,0.0,0.0,0.0,0.0,0.0,0.012597102666386735,10.121771992441722,19.689271467562463,0.17635943732941428,0.0,0.0,0.0,0.0,0.0,0.0,0.0,0.0,0.0,0.0,0.0,0.0,0.0,0.0,0.0,0.0,nan,nan,4.200451176281018,2.9006160995766357,nan,0.4048,0.06076,0.0,0.0,0.0,0.0,0.0,0.0,0.0,0.0,0.0,0.0,0.0,0.0,0.0,0.0,0.0,0.0,0.0,0.0,0.0,3.1492756665966825e-05,0.0,0.0015536426621876969,0.0018160823010707537,0.0005038841066554692,0.01042410245643502,0.0005563720344320806,0.00010497585555322275,0.0040415704387990765,0.005889145496535797,0.01802435439848835,0.012618097837497375,0.010014696619777452,0.02001889565399958,0.026369934914969556,0.04239974805794667,0.05747428091538946,0.059048918748687805,0.09450976275456645,0.03326684862481629,0.058366575687591855,0.06236615578416964,0.04544404786899013,0.059195884946462315,0.04749107705227797,0.0239869829939114,0.0437329414234726,0.09428931345790469,0.032206592483728744,0.035523829519210584,0.042924627335712784,0.018948141927356707,0.020365315977325216,0.003149275666596683,0.004356498005458745,0.0054377493176569385,0.0006718454755406257,2.0995171110644552e-05,0.0002729372244383792,0.0,0.00258240604660928,0.0,0.0,0.0,0.0,0.0,0.0,0.0,0.0,0.0,0.0,0.0,0.0,0.0,0.0,0.0,0.0,0.0,0.0,0.0,0.0,0.0,0.0,0.0,0.0,0.0,0.0,0.0,0.0,0.0,0.0,0.0,0.0,0.0,0.0,0.0,0.0,0.0,0.0,0.0,0.0,0.0,nan,nan,4.200451176281018,2.9006160995766357,nan,0.9271558950855296,0.02323299976271593,0.0,0.0,0.0,0.0,0.0,0.0,0.0,0.0,0.0,0.0,0.0,0.0,0.0,0.0,0.0,0.0,0.0,0.0,0.0,0.0,0.0,0.0,0.0,0.0,0.0,0.08498583569405102,3.715095103197087,14.216916228247676,10.659651962768113,1.32335087009308,0.9280596111769451,0.023194631468915483,0.0,0.0,0.0,0.0,0.0,0.0,0.0,0.0,0.0,0.0,0.0,0.0,0.0,0.0,0.0,0.0,0.0,0.0,0.0,0.0,0.0,0.0,0.0,0.0,0.0,0.10471204188481678,3.3900523560209432,13.992146596858642,11.151832460732987,1.3612565445026181,0.4045,0.01138,0.0,0.0,0.0,0.0,0.0,0.0,0.0,0.0,0.0,0.0,0.012140833670578716,10.246863617968419,19.595305544314044,0.14569000404694457,0.0,0.0,0.0,0.0,0.0,0.0,0.0,0.0,0.0,0.0,0.0,0.0,0.0,0.0,0.0,0.0,0.4053,0.01194,0.0,0.0,0.0,0.0,0.0,0.0,0.0,0.0,0.0,0.0,0.013089005235602098,9.986910994764383,19.79057591623037,0.20942408376963356,0.0,0.0,0.0,0.0,0.0,0.0,0.0,0.0,0.0,0.0,0.0,0.0,0.0,0.0,0.0,0.0
96500,4640,2395,0.5161637931034483,1059,976,0.4385775862068966,1323,0.5702586206896552,0.4240000000000001,2.9567928730512247,3.1041899200191208,6.622331691297209,2.224337797067991,9520.209051724138,1614.1558830912415,7853.0,11083.0,11083.0,0.0,7853.0,0.0,27.825646551724137,21.090057042300483,33.13279625779626,19.252758132674025,0.14849137931034484,0.10107758620689655,0.08857758620689656,0.08685344827586207,0.07801724137931035,0.0747844827586207,0.0668103448275862,0.06400862068965517,0.05560344827586207,0.05517241379310345,0.04288793103448276,0.04310344827586207,0.03318965517241379,0.022629310344827586,0.01918103448275862,0.011853448275862068,0.007758620689655172,0.9281633176808727,0.023466733065685894,0.0,0.0,0.0,0.0,0.0,0.0,0.0,0.0,0.0,0.0,0.0,0.0,0.0,0.0,0.0,0.0,0.0,0.0,0.0,0.0,0.0,0.0,0.0,0.0,0.006465517241379312,0.11637931034482761,3.3491379310344835,13.939655172413795,11.114224137931037,1.474137931034483,4.260796221322537,2.841720015304786,nan,nan,nan,4.279701289884589,2.8010233641175417,4.242119382964454,2.8812391726803384,0.9912185677516878,0.405,0.01216,0.0,0.0,0.0,0.0,0.0,0.0,0.0,0.0,0.0,0.0,0.006465517241379312,10.493534482758605,19.17025862068966,0.32974137931034486,0.0,0.0,0.0,0.0,0.0,0.0,0.0,0.0,0.0,0.0,0.0,0.0,0.0,0.0,0.0,0.0,nan,nan,4.260796221322537,2.841720015304786,nan,0.405,0.06076,0.0,0.0,0.0,0.0,0.0,0.0,0.0,0.0,0.0,0.0,0.0,0.0,0.0,0.0,0.0,0.0,0.0,0.0,0.0,3.232758620689655e-05,0.0,0.0010991379310344828,0.001875,0.000668103448275862,0.010215517241379311,0.0007650862068965518,8.620689655172413e-05,0.0045474137931034485,0.0060452586206896555,0.017607758620689654,0.013071120689655172,0.009321120689655172,0.020991379310344827,0.024741379310344827,0.04283405172413793,0.058028017241379314,0.060926724137931036,0.09098060344827587,0.03195043103448276,0.05910560344827586,0.06264008620689655,0.04710129310344827,0.0578125,0.048071120689655175,0.024741379310344827,0.04452586206896552,0.09148706896551724,0.03363146551724138,0.03533405172413793,0.04370689655172414,0.01802801724137931,0.02025862068965517,0.003372844827586207,0.0046875,0.0066163793103448275,0.000646551724137931,0.0,0.0002586206896551724,0.0,0.0021875,0.0,0.0,0.0,0.0,0.0,0.0,0.0,0.0,0.0,0.0,0.0,0.0,0.0,0.0,0.0,0.0,0.0,0.0,0.0,0.0,0.0,0.0,0.0,0.0,0.0,0.0,0.0,0.0,0.0,0.0,0.0,0.0,0.0,0.0,0.0,0.0,0.0,0.0,0.0,0.0,0.0,nan,nan,4.260796221322537,2.841720015304786,nan,0.9282209198509725,0.023574234946506865,0.0,0.0,0.0,0.0,0.0,0.0,0.0,0.0,0.0,0.0,0.0,0.0,0.0,0.0,0.0,0.0,0.0,0.0,0.0,0.0,0.0,0.0,0.0,0.0,0.0,0.11273486430062633,3.344467640918581,14.079331941544888,10.87265135699374,1.5908141962421716,0.9281018668134388,0.023351346184713656,0.0,0.0,0.0,0.0,0.0,0.0,0.0,0.0,0.0,0.0,0.0,0.0,0.0,0.0,0.0,0.0,0.0,0.0,0.0,0.0,0.0,0.0,0.0,0.0,0.013363028953229402,0.12026726057906462,3.35412026726058,13.790645879732743,11.371937639198222,1.3496659242761695,0.4053,0.01231,0.0,0.0,0.0,0.0,0.0,0.0,0.0,0.0,0.0,0.0,0.0,10.058455114822532,19.540709812108563,0.4008350730688936,0.0,0.0,0.0,0.0,0.0,0.0,0.0,0.0,0.0,0.0,0.0,0.0,0.0,0.0,0.0,0.0,0.4048,0.011986,0.0,0.0,0.0,0.0,0.0,0.0,0.0,0.0,0.0,0.0,0.013363028953229402,10.95768374164809,18.77505567928731,0.2538975501113586,0.0,0.0,0.0,0.0,0.0,0.0,0.0,0.0,0.0,0.0,0.0,0.0,0.0,0.0,0.0,0.0
96600,4822,2510,0.5205309000414766,1197,963,0.44794690999585235,1386,0.5748652011613439,0.38400000000000006,2.9671280276816607,3.0514264157046496,6.443502824858757,2.0290058073786286,9534.31480713397,1613.637922941446,7853.0,11083.0,11083.0,0.0,7853.0,0.0,28.840107839070924,21.083683686249362,33.50206963720477,19.359432182178864,0.12857735379510576,0.0966403981750311,0.0904189133139776,0.08627125673994193,0.08585649108253837,0.07693902944836167,0.06781418498548321,0.05744504355039403,0.05848195769390294,0.055993363749481544,0.04749066777270842,0.044379925342181666,0.03878058896723351,0.027374533388635422,0.019493985897967647,0.009124844462878473,0.00891746163417669,0.9292335160685397,0.022744085111360356,0.0,0.0,0.0,0.0,0.0,0.0,0.0,0.0,0.0,0.0,0.0,0.0,0.0,0.0,0.0,0.0,0.0,0.0,0.0,0.0,0.0,0.0,0.0,0.0,0.0,0.05599336374948156,3.0671920364993785,14.054334301119871,11.242223143923686,1.5802571547075905,4.12694946974423,2.88916337240663,nan,nan,nan,4.085319949811794,2.8816466441859774,4.1681141439205955,2.8959886121257,1.0202662692582047,0.405,0.01203,0.0,0.0,0.0,0.0,0.0,0.0,0.0,0.0,0.0,0.0,0.012442969722107013,10.19701368726668,19.510576524263794,0.27996681874740775,0.0,0.0,0.0,0.0,0.0,0.0,0.0,0.0,0.0,0.0,0.0,0.0,0.0,0.0,0.0,0.0,nan,nan,4.12694946974423,2.88916337240663,nan,0.405,0.06067,0.0,0.0,0.0,0.0,0.0,0.0,0.0,0.0,0.0,0.0,0.0,0.0,0.0,0.0,0.0,0.0,0.0,0.0,1.0369141435089174e-05,6.221484861053504e-05,0.0,0.0005806719203649938,0.0018664454583160513,0.0005806719203649938,0.010348403152218997,0.0010887598506843634,0.00019701368726669433,0.005837826627955205,0.005848195769390294,0.01698465367067607,0.012308170883450851,0.009342596433015346,0.02210700953961012,0.024834093737038574,0.04317710493571132,0.05751762754043965,0.06439236831190377,0.08753629199502282,0.03179178763998341,0.0595810866860224,0.05980920779759436,0.0455931148900871,0.057994608046453754,0.04896308585649108,0.026140605557859808,0.04830982994608046,0.09169431771049358,0.03445665698880133,0.034498133554541684,0.04298009124844463,0.016186229780174203,0.019659892160929074,0.0028618830360846123,0.004220240564081294,0.007579842389050187,0.0008813770219825798,0.0,0.0004562422231439237,0.0,0.001721277478224803,0.0,0.0,0.0,0.0,0.0,0.0,0.0,0.0,0.0,0.0,0.0,0.0,0.0,0.0,0.0,0.0,0.0,0.0,0.0,0.0,0.0,0.0,0.0,0.0,0.0,0.0,0.0,0.0,0.0,0.0,0.0,0.0,0.0,0.0,0.0,0.0,0.0,0.0,0.0,0.0,0.0,nan,nan,4.12694946974423,2.88916337240663,nan,0.9292602366185283,0.022761230029911407,0.0,0.0,0.0,0.0,0.0,0.0,0.0,0.0,0.0,0.0,0.0,0.0,0.0,0.0,0.0,0.0,0.0,0.0,0.0,0.0,0.0,0.0,0.0,0.0,0.0,0.04780876494023906,3.03585657370518,14.270916334661358,11.007968127490043,1.6374501992031876,0.9292045071669516,0.02272542168665323,0.0,0.0,0.0,0.0,0.0,0.0,0.0,0.0,0.0,0.0,0.0,0.0,0.0,0.0,0.0,0.0,0.0,0.0,0.0,0.0,0.0,0.0,0.0,0.0,0.0,0.06487889273356402,3.1012110726643605,13.819204152249139,11.496539792387546,1.5181660899653984,0.4048,0.011955,0.0,0.0,0.0,0.0,0.0,0.0,0.0,0.0,0.0,0.0,0.011952191235059764,10.482071713147397,19.243027888446218,0.2629482071713148,0.0,0.0,0.0,0.0,0.0,0.0,0.0,0.0,0.0,0.0,0.0,0.0,0.0,0.0,0.0,0.0,0.4053,0.012115,0.0,0.0,0.0,0.0,0.0,0.0,0.0,0.0,0.0,0.0,0.012975778546712806,9.887543252595142,19.80103806228374,0.29844290657439454,0.0,0.0,0.0,0.0,0.0,0.0,0.0,0.0,0.0,0.0,0.0,0.0,0.0,0.0,0.0,0.0
96700,4490,2365,0.5267260579064588,1103,864,0.43808463251670376,1209,0.5385300668151448,0.4360000000000001,2.9769411764705884,3.091382338250265,6.558922558922559,2.1035634790757314,9554.325167037861,1612.6912182857216,7853.0,11083.0,11083.0,0.0,7853.0,0.0,27.761247216035635,20.91484515039359,32.651113467656415,19.249801098829444,0.13763919821826281,0.1044543429844098,0.09755011135857461,0.08574610244988864,0.08084632516703787,0.0755011135857461,0.06815144766146994,0.06414253897550111,0.05256124721603563,0.055456570155902,0.046993318485523385,0.0378619153674833,0.031180400890868598,0.02605790645879733,0.013808463251670379,0.013363028953229399,0.00868596881959911,0.9286711433151517,0.02316355627976923,0.0,0.0,0.0,0.0,0.0,0.0,0.0,0.0,0.0,0.0,0.0,0.0,0.0,0.0,0.0,0.0,0.0,0.0,0.0,0.0,0.0,0.0,0.0,0.0,0.006681514476614701,0.1469933184855234,3.080178173719377,13.937639198218266,11.305122494432075,1.523385300668152,4.2517507002801125,2.870939541999454,nan,nan,nan,4.237830319888734,2.8695153320775018,4.265867418899859,2.872314221434271,1.0066159088247453,0.4055,0.0118,0.0,0.0,0.0,0.0,0.0,0.0,0.0,0.0,0.0,0.0,0.006681514476614701,9.527839643652548,20.204899777282854,0.2605790645879733,0.0,0.0,0.0,0.0,0.0,0.0,0.0,0.0,0.0,0.0,0.0,0.0,0.0,0.0,0.0,0.0,nan,nan,4.2517507002801125,2.870939541999454,nan,0.4055,0.06055,0.0,0.0,0.0,0.0,0.0,0.0,0.0,0.0,0.0,0.0,0.0,0.0,0.0,0.0,0.0,0.0,0.0,0.0,0.0,3.3407572383073495e-05,0.0,0.00037861915367483297,0.0018485523385300669,0.0006681514476614699,0.010178173719376392,0.0013251670378619154,2.2271714922048998e-05,0.006915367483296214,0.005144766146993319,0.017271714922048997,0.012884187082405345,0.009220489977728286,0.023129175946547884,0.024220489977728285,0.03828507795100223,0.05557906458797327,0.06571269487750557,0.08575723830734966,0.03187082405345212,0.05908685968819599,0.0637305122494432,0.04455456570155902,0.057060133630289535,0.05151447661469933,0.02574610244988864,0.048674832962138086,0.09096881959910913,0.03536748329621381,0.03649220489977728,0.042817371937639195,0.017171492204899778,0.018719376391982182,0.0034521158129175947,0.003986636971046771,0.0075278396436525615,0.0008351893095768374,2.2271714922048998e-05,0.00041202672605790647,3.3407572383073495e-05,0.0013808463251670379,0.0,0.0,0.0,0.0,0.0,0.0,0.0,0.0,0.0,0.0,0.0,0.0,0.0,0.0,0.0,0.0,0.0,0.0,0.0,0.0,0.0,0.0,0.0,0.0,0.0,0.0,0.0,0.0,0.0,0.0,0.0,0.0,0.0,0.0,0.0,0.0,0.0,0.0,0.0,0.0,0.0,nan,nan,4.2517507002801125,2.870939541999454,nan,0.9288066164383677,0.023514039039901357,0.0,0.0,0.0,0.0,0.0,0.0,0.0,0.0,0.0,0.0,0.0,0.0,0.0,0.0,0.0,0.0,0.0,0.0,0.0,0.0,0.0,0.0,0.0,0.0,0.0,0.19027484143763218,3.285412262156449,13.49682875264271,11.365750528541229,1.6617336152219877,0.9285203696980195,0.02276619875416875,0.0,0.0,0.0,0.0,0.0,0.0,0.0,0.0,0.0,0.0,0.0,0.0,0.0,0.0,0.0,0.0,0.0,0.0,0.0,0.0,0.0,0.0,0.0,0.0,0.014117647058823533,0.09882352941176473,2.851764705882353,14.42823529411765,11.237647058823532,1.3694117647058826,0.4053,0.011826,0.0,0.0,0.0,0.0,0.0,0.0,0.0,0.0,0.0,0.0,0.0,9.780126849894279,19.94080338266385,0.2790697674418605,0.0,0.0,0.0,0.0,0.0,0.0,0.0,0.0,0.0,0.0,0.0,0.0,0.0,0.0,0.0,0.0,0.4058,0.011765,0.0,0.0,0.0,0.0,0.0,0.0,0.0,0.0,0.0,0.0,0.014117647058823533,9.247058823529398,20.49882352941177,0.24000000000000005,0.0,0.0,0.0,0.0,0.0,0.0,0.0,0.0,0.0,0.0,0.0,0.0,0.0,0.0,0.0,0.0
96800,4586,2358,0.5141735717400785,1094,938,0.44308765808983863,1273,0.5551679023113825,0.4160000000000001,2.9771095152603233,3.1393312379802563,6.55608214849921,2.2590030807863055,9513.780636720454,1614.3509944561217,7853.0,11083.0,11083.0,0.0,7853.0,0.0,28.085477540340165,21.024254952173187,32.96764172922599,19.31255082899953,0.1384648931530746,0.09790667248146533,0.09507195813344962,0.0907108591365024,0.07740950719581334,0.07457479284779764,0.06628870475359791,0.06694286960313998,0.05625817706061927,0.05342346271260358,0.04426515481901439,0.04012211077191452,0.03292629742695159,0.027474923680767552,0.01853467073702573,0.011993022241604884,0.007631923244657654,0.929333273469232,0.023226508510880275,0.0,0.0,0.0,0.0,0.0,0.0,0.0,0.0,0.0,0.0,0.0,0.0,0.0,0.0,0.0,0.0,0.0,0.0,0.0,0.0,0.0,0.0,0.0,0.0,0.0,0.09812472743131272,2.9502834714348025,14.162668992586134,11.140427387701704,1.6484954208460536,4.26601152151813,2.9252624853975937,nan,nan,nan,4.360622462787551,2.994219535609415,4.171079429735234,2.85124381615987,0.9565330329167844,0.405,0.01183,0.0,0.0,0.0,0.0,0.0,0.0,0.0,0.0,0.0,0.0,0.03270824247710424,10.08722197993893,19.638028783253382,0.24204099433057136,0.0,0.0,0.0,0.0,0.0,0.0,0.0,0.0,0.0,0.0,0.0,0.0,0.0,0.0,0.0,0.0,nan,nan,4.26601152151813,2.9252624853975937,nan,0.405,0.0607,0.0,0.0,0.0,0.0,0.0,0.0,0.0,0.0,0.0,0.0,0.0,0.0,0.0,0.0,0.0,0.0,0.0,0.0,0.0,2.1805494984736154e-05,0.0,0.0006759703445268207,0.001569995638901003,0.000719581334496293,0.010728303532490187,0.0019297863061491496,9.81247274313127e-05,0.006737897950283471,0.004949847361535107,0.016942869603139992,0.012625381596162232,0.010684692542520715,0.024345835150457917,0.02637374618403838,0.037897950283471434,0.0531072830353249,0.06579808111644134,0.08378761447884867,0.03089838639337113,0.06057566506759703,0.06629960750109028,0.04608591365023986,0.0556367204535543,0.04920409943305713,0.025436109899694723,0.047132577409507194,0.0892389882250327,0.040449193196685565,0.03640427387701701,0.04157217618839948,0.017324465765372873,0.018273004797208895,0.0033253379851722635,0.0032054077627562145,0.007501090274749237,0.0006323593545573484,6.541648495420846e-05,0.00026166593981683385,3.270824247710423e-05,0.0014500654164849541,0.0,0.0,0.0,0.0,0.0,0.0,0.0,0.0,0.0,0.0,0.0,0.0,0.0,0.0,0.0,0.0,0.0,0.0,0.0,0.0,0.0,0.0,0.0,0.0,0.0,0.0,0.0,0.0,0.0,0.0,0.0,0.0,0.0,0.0,0.0,0.0,0.0,0.0,0.0,0.0,0.0,nan,nan,4.26601152151813,2.9252624853975937,nan,0.928770009595727,0.023415000457993634,0.0,0.0,0.0,0.0,0.0,0.0,0.0,0.0,0.0,0.0,0.0,0.0,0.0,0.0,0.0,0.0,0.0,0.0,0.0,0.0,0.0,0.0,0.0,0.0,0.0,0.11450381679389315,3.155216284987278,14.122137404580156,11.081424936386771,1.5267175572519087,0.9299294028290727,0.023010324390103417,0.0,0.0,0.0,0.0,0.0,0.0,0.0,0.0,0.0,0.0,0.0,0.0,0.0,0.0,0.0,0.0,0.0,0.0,0.0,0.0,0.0,0.0,0.0,0.0,0.0,0.08078994614003591,2.7333931777378817,14.205565529622984,11.202872531418315,1.7773788150807903,0.405,0.011826,0.0,0.0,0.0,0.0,0.0,0.0,0.0,0.0,0.0,0.0,0.03816793893129772,10.101781170483447,19.64376590330789,0.21628498727735374,0.0,0.0,0.0,0.0,0.0,0.0,0.0,0.0,0.0,0.0,0.0,0.0,0.0,0.0,0.0,0.0,0.405,0.01185,0.0,0.0,0.0,0.0,0.0,0.0,0.0,0.0,0.0,0.0,0.02692998204667864,10.071813285457795,19.631956912028727,0.2692998204667864,0.0,0.0,0.0,0.0,0.0,0.0,0.0,0.0,0.0,0.0,0.0,0.0,0.0,0.0,0.0,0.0
96900,4565,2379,0.5211391018619934,1109,896,0.43921139101861995,1241,0.5437020810514787,0.4160000000000001,3.02195791399817,3.1881345964370964,6.653605015673981,2.2765145182546878,9536.279299014239,1613.5559913824263,7853.0,11083.0,11083.0,0.0,7853.0,0.0,28.290251916757942,21.27045071571291,33.328373792743406,19.510232012032382,0.13997809419496166,0.10230010952902518,0.095947426067908,0.08433734939759036,0.07710843373493977,0.06790799561883899,0.06374589266155531,0.0633077765607886,0.056736035049288064,0.05629791894852136,0.04906900328587076,0.046440306681270534,0.03044906900328587,0.02606790799561884,0.02190580503833516,0.011391018619934282,0.007009857612267251,0.928891768904662,0.02308055278682596,0.0,0.0,0.0,0.0,0.0,0.0,0.0,0.0,0.0,0.0,0.0,0.0,0.0,0.0,0.0,0.0,0.0,0.0,0.0,0.0,0.0,0.0,0.0,0.0,0.0,0.13143483023001098,2.825848849945236,14.365826944140201,11.079956188389927,1.5969331872946335,4.329239167519618,2.9744324009109824,nan,nan,nan,4.350597609561753,2.9358891658221076,4.308988764044944,3.0142504406526798,0.9904360620652757,0.4048,0.01196,0.0,0.0,0.0,0.0,0.0,0.0,0.0,0.0,0.0,0.0,0.032858707557502746,10.186199342825834,19.52464403066813,0.2562979189485214,0.0,0.0,0.0,0.0,0.0,0.0,0.0,0.0,0.0,0.0,0.0,0.0,0.0,0.0,0.0,0.0,nan,nan,4.329239167519618,2.9744324009109824,nan,0.4048,0.061,0.0,0.0,0.0,0.0,0.0,0.0,0.0,0.0,0.0,0.0,0.0,0.0,0.0,0.0,0.0,0.0,0.0,0.0,0.0,0.0,0.0,0.000547645125958379,0.0018619934282584885,0.0006133625410733844,0.011062431544359255,0.0023548740416210294,5.47645125958379e-05,0.007064622124863089,0.0050492880613362545,0.016276013143483023,0.013866374589266156,0.011281489594742606,0.024008762322015334,0.025169769989047096,0.03821467688937569,0.05373493975903614,0.06657174151150055,0.08419496166484118,0.03226725082146769,0.058948521358159915,0.06431544359255202,0.04492880613362541,0.05809419496166484,0.047097480832420595,0.02524644030668127,0.04460021905805038,0.08886089813800657,0.041960569550931,0.03619934282584885,0.044720700985761225,0.016867469879518072,0.017261774370208104,0.0038992332968236583,0.00348302300109529,0.007053669222343921,0.0004709748083242059,9.857612267250822e-05,0.00013143483023001095,4.381161007667032e-05,0.0015224534501642936,0.0,0.0,0.0,0.0,0.0,0.0,0.0,0.0,0.0,0.0,0.0,0.0,0.0,0.0,0.0,0.0,0.0,0.0,0.0,0.0,0.0,0.0,0.0,0.0,0.0,0.0,0.0,0.0,0.0,0.0,0.0,0.0,0.0,0.0,0.0,0.0,0.0,0.0,0.0,0.0,0.0,nan,nan,4.329239167519618,2.9744324009109824,nan,0.9293976679174977,0.02334017147519398,0.0,0.0,0.0,0.0,0.0,0.0,0.0,0.0,0.0,0.0,0.0,0.0,0.0,0.0,0.0,0.0,0.0,0.0,0.0,0.0,0.0,0.0,0.0,0.0,0.0,0.1261034047919294,2.7238335435056755,14.224464060529638,11.248423707440104,1.6771752837326612,0.9283412045169509,0.02278189073532358,0.0,0.0,0.0,0.0,0.0,0.0,0.0,0.0,0.0,0.0,0.0,0.0,0.0,0.0,0.0,0.0,0.0,0.0,0.0,0.0,0.0,0.0,0.0,0.0,0.0,0.13723696248856362,2.936870997255262,14.519670631290031,10.89661482159195,1.5096065873742,0.4048,0.01174,0.0,0.0,0.0,0.0,0.0,0.0,0.0,0.0,0.0,0.0,0.0,10.025220680958371,19.747793190416143,0.22698612862547293,0.0,0.0,0.0,0.0,0.0,0.0,0.0,0.0,0.0,0.0,0.0,0.0,0.0,0.0,0.0,0.0,0.4048,0.0122,0.0,0.0,0.0,0.0,0.0,0.0,0.0,0.0,0.0,0.0,0.06861848124428181,10.361390667886536,19.28179322964319,0.2881976212259836,0.0,0.0,0.0,0.0,0.0,0.0,0.0,0.0,0.0,0.0,0.0,0.0,0.0,0.0,0.0,0.0
97000,4546,2373,0.521997360316762,1131,934,0.45424549054113506,1284,0.5648922129344479,0.4080000000000001,2.985734008283479,3.106230675262456,6.610114192495922,2.0395027430322554,9539.051473823141,1613.4362981126833,7853.0,11083.0,11083.0,0.0,7853.0,0.0,28.383413990321163,20.939297542407747,33.281763631620144,19.142521577494968,0.13616366036075672,0.09370875494940607,0.09546854377474703,0.09128904531456225,0.07787065552133744,0.07039155301363836,0.0697316322041355,0.06511218653761548,0.05895292564892213,0.053453585569731635,0.04575450945886494,0.043334799824021115,0.03717553893532776,0.025736911570611528,0.01847778266608007,0.010558732952045754,0.006819181698196217,0.9292330394560054,0.023116310879906773,0.0,0.0,0.0,0.0,0.0,0.0,0.0,0.0,0.0,0.0,0.0,0.0,0.0,0.0,0.0,0.0,0.0,0.0,0.0,0.0,0.0,0.0,0.0,0.0,0.0,0.11218653761548616,2.9168499780026407,14.128904531456229,11.271447426308846,1.5706115266168064,4.1930060524546064,2.9240103899533536,nan,nan,nan,4.161943319838056,2.9383147192736025,4.2238605898123325,2.909404018805203,1.0148770094198893,0.4048,0.01212,0.0,0.0,0.0,0.0,0.0,0.0,0.0,0.0,0.0,0.0,0.026396832380114393,10.611526616805968,19.091509018917733,0.2705675318961725,0.0,0.0,0.0,0.0,0.0,0.0,0.0,0.0,0.0,0.0,0.0,0.0,0.0,0.0,0.0,0.0,nan,nan,4.1930060524546064,2.9240103899533536,nan,0.4048,0.06134,0.0,0.0,0.0,0.0,0.0,0.0,0.0,0.0,0.0,0.0,0.0,0.0,0.0,0.0,0.0,0.0,0.0,0.0,0.0,0.0,1.0998680158380994e-05,0.0007699076110866696,0.001869775626924769,0.0007149142102947647,0.011669599648042235,0.001913770347558293,6.599208095028597e-05,0.006896172459304883,0.005147382314122305,0.016641003079630446,0.013396392432908051,0.012802463704355477,0.025285965684117905,0.025395952485701714,0.03957325120985482,0.052705675318961726,0.06378134623845139,0.08181918169819621,0.03107127144742631,0.05791904971403432,0.0650461944566652,0.04798724153101628,0.058831940167179936,0.04431368235811703,0.02464804223493181,0.046062472503299604,0.08679058512978442,0.043609766827980644,0.03764848218213814,0.04453365596128465,0.018103827540695117,0.016201055873295206,0.003926528816542015,0.004113506379234492,0.006808183018037836,0.00047294324681038276,0.00010998680158380995,3.2996040475142986e-05,0.0,0.0013088429388473384,0.0,0.0,0.0,0.0,0.0,0.0,0.0,0.0,0.0,0.0,0.0,0.0,0.0,0.0,0.0,0.0,0.0,0.0,0.0,0.0,0.0,0.0,0.0,0.0,0.0,0.0,0.0,0.0,0.0,0.0,0.0,0.0,0.0,0.0,0.0,0.0,0.0,0.0,0.0,0.0,0.0,nan,nan,4.1930060524546064,2.9240103899533536,nan,0.9294263373634959,0.023406517409352238,0.0,0.0,0.0,0.0,0.0,0.0,0.0,0.0,0.0,0.0,0.0,0.0,0.0,0.0,0.0,0.0,0.0,0.0,0.0,0.0,0.0,0.0,0.0,0.0,0.0,0.15170670037926678,2.9329962073324913,13.99494310998736,11.40328697850822,1.517067003792668,0.9290219506688563,0.02279330172944723,0.0,0.0,0.0,0.0,0.0,0.0,0.0,0.0,0.0,0.0,0.0,0.0,0.0,0.0,0.0,0.0,0.0,0.0,0.0,0.0,0.0,0.0,0.0,0.0,0.0,0.06902899217671424,2.899217671421998,14.275195582144503,11.127473538886333,1.6290842153704561,0.4045,0.01215,0.0,0.0,0.0,0.0,0.0,0.0,0.0,0.0,0.0,0.0,0.02528445006321113,10.707964601769897,19.01390644753477,0.2528445006321113,0.0,0.0,0.0,0.0,0.0,0.0,0.0,0.0,0.0,0.0,0.0,0.0,0.0,0.0,0.0,0.0,0.4048,0.012085,0.0,0.0,0.0,0.0,0.0,0.0,0.0,0.0,0.0,0.0,0.027611596870685696,10.50621260929589,19.176254026691215,0.28992176714219975,0.0,0.0,0.0,0.0,0.0,0.0,0.0,0.0,0.0,0.0,0.0,0.0,0.0,0.0,0.0,0.0
97100,4568,2390,0.5232049036777583,1079,932,0.44023642732049034,1283,0.5617338003502627,0.4040000000000001,3.056473829201102,3.12445063814077,6.5625,2.1928505991061042,9542.95183887916,1613.2598122585935,7853.0,11083.0,11083.0,0.0,7853.0,0.0,27.76992119089317,20.892588635415915,32.69551616266945,19.178408597404218,0.14229422066549913,0.10507880910683012,0.09785464098073555,0.07946584938704028,0.07421190893169878,0.0781523642732049,0.06830122591943957,0.06085814360770578,0.05647985989492119,0.054947460595446584,0.050569176882662,0.04181260945709282,0.03152364273204904,0.023861646234676008,0.017075306479859893,0.010726795096322241,0.006786339754816112,0.9288780595161242,0.02362685061941376,0.0,0.0,0.0,0.0,0.0,0.0,0.0,0.0,0.0,0.0,0.0,0.0,0.0,0.0,0.0,0.0,0.0,0.0,0.0,0.0,0.0,0.0,0.0,0.0,0.0,0.13134851138353767,3.178633975481612,13.87040280210158,11.23686514886165,1.5827495621716292,4.301990391214825,2.8844272465682,nan,nan,nan,4.333564013840831,2.850511050559607,4.270932607215793,2.9170712792832836,0.9855473678420347,0.404,0.0121,0.0,0.0,0.0,0.0,0.0,0.0,0.0,0.0,0.0,0.0,0.013134851138353769,10.915061295971963,18.933887915936957,0.13791593695271456,0.0,0.0,0.0,0.0,0.0,0.0,0.0,0.0,0.0,0.0,0.0,0.0,0.0,0.0,0.0,0.0,nan,nan,4.301990391214825,2.8844272465682,nan,0.404,0.06165,0.0,0.0,0.0,0.0,0.0,0.0,0.0,0.0,0.0,0.0,0.0,0.0,0.0,0.0,0.0,0.0,0.0,0.0,0.0,0.0,0.0,0.000952276707530648,0.0017075306479859896,0.00040499124343257444,0.010803415061295972,0.002254816112084063,2.1891418563922943e-05,0.008493870402802101,0.005746497373029773,0.016768826619964972,0.012171628721541155,0.013955779334500876,0.02478108581436077,0.02552539404553415,0.04287434325744308,0.05595446584938704,0.06428415061295972,0.08381129597197898,0.029717600700525395,0.05823117338003503,0.062401488616462344,0.04607049036777583,0.05779334500875657,0.04248029772329247,0.025262697022767074,0.04419877408056042,0.08628502626970228,0.04211908931698774,0.03734676007005254,0.046256567425569176,0.017742994746059546,0.016692206654991243,0.004115586690017513,0.0033603327495621716,0.007092819614711033,0.0006676882661996497,0.00024080560420315238,5.4728546409807356e-05,0.0,0.0013572679509632223,0.0,0.0,0.0,0.0,0.0,0.0,0.0,0.0,0.0,0.0,0.0,0.0,0.0,0.0,0.0,0.0,0.0,0.0,0.0,0.0,0.0,0.0,0.0,0.0,0.0,0.0,0.0,0.0,0.0,0.0,0.0,0.0,0.0,0.0,0.0,0.0,0.0,0.0,0.0,0.0,0.0,nan,nan,4.301990391214825,2.8844272465682,nan,0.9288235387542757,0.023501560082336535,0.0,0.0,0.0,0.0,0.0,0.0,0.0,0.0,0.0,0.0,0.0,0.0,0.0,0.0,0.0,0.0,0.0,0.0,0.0,0.0,0.0,0.0,0.0,0.0,0.0,0.11297071129707115,3.0753138075313817,13.76987447698745,11.560669456066949,1.4811715481171552,0.9289378871657193,0.023763432474658234,0.0,0.0,0.0,0.0,0.0,0.0,0.0,0.0,0.0,0.0,0.0,0.0,0.0,0.0,0.0,0.0,0.0,0.0,0.0,0.0,0.0,0.0,0.0,0.0,0.0,0.15151515151515155,3.2920110192837475,13.98071625344353,10.88154269972452,1.6942148760330582,0.4038,0.01199,0.0,0.0,0.0,0.0,0.0,0.0,0.0,0.0,0.0,0.0,0.012552301255230129,11.221757322175716,18.6652719665272,0.10041841004184103,0.0,0.0,0.0,0.0,0.0,0.0,0.0,0.0,0.0,0.0,0.0,0.0,0.0,0.0,0.0,0.0,0.4043,0.01222,0.0,0.0,0.0,0.0,0.0,0.0,0.0,0.0,0.0,0.0,0.013774104683195596,10.5785123966942,19.22865013774105,0.17906336088154276,0.0,0.0,0.0,0.0,0.0,0.0,0.0,0.0,0.0,0.0,0.0,0.0,0.0,0.0,0.0,0.0
97200,4396,2326,0.5291173794358508,1106,876,0.45086442220200185,1224,0.556869881710646,0.4400000000000001,3.1053140096618357,3.158841708608596,6.655518394648829,2.2176838641324745,9562.049135577798,1612.2592099588296,7853.0,11083.0,11083.0,0.0,7853.0,0.0,28.401501364877163,20.90583088056698,33.104769560557344,19.178534713506846,0.13262056414922657,0.09918107370336669,0.09394904458598727,0.08030027297543221,0.08553230209281165,0.07393084622383986,0.0718835304822566,0.06505914467697907,0.05732484076433121,0.05595996360327571,0.04913557779799818,0.038444040036396725,0.03366696997270246,0.023202911737943584,0.019335759781619655,0.013876251137397634,0.0065969062784349405,0.9292794052474167,0.02342212580376705,0.0,0.0,0.0,0.0,0.0,0.0,0.0,0.0,0.0,0.0,0.0,0.0,0.0,0.0,0.0,0.0,0.0,0.0,0.0,0.0,0.0,0.0,0.0,0.0,0.0,0.11601455868971795,2.968607825295724,14.146951774340312,11.212465878070978,1.5559599636032762,4.283774373259053,2.9564930128726834,nan,nan,nan,4.345328719723184,3.0048036476860673,4.221443587946742,2.9054263595744745,0.9714900437303777,0.4036,0.011986,0.0,0.0,0.0,0.0,0.0,0.0,0.0,0.0,0.0,0.0,0.02047315741583258,11.526387625113724,18.275705186533216,0.17743403093721571,0.0,0.0,0.0,0.0,0.0,0.0,0.0,0.0,0.0,0.0,0.0,0.0,0.0,0.0,0.0,0.0,nan,nan,4.283774373259053,2.9564930128726834,nan,0.4036,0.06232,0.0,0.0,0.0,0.0,0.0,0.0,0.0,0.0,0.0,0.0,0.0,0.0,0.0,0.0,0.0,0.0,0.0,0.0,0.0,0.0,0.0,0.0011146496815286624,0.0024795268425841675,0.00037534121929026385,0.010464058234758872,0.002217925386715196,3.4121929026387626e-05,0.008894449499545041,0.006210191082802548,0.017788898999090082,0.012522747952684259,0.015582347588717016,0.02643312101910828,0.026103275705186533,0.04382393084622384,0.05375341219290264,0.06403548680618744,0.08204049135577798,0.02688808007279345,0.06122611464968153,0.06085077343039127,0.045575523202911736,0.05520928116469518,0.04189035486806188,0.02470427661510464,0.04522292993630573,0.08780709736123748,0.04200409463148316,0.03737488626023658,0.04477934485896269,0.0181073703366697,0.01641264786169245,0.0037534121929026385,0.004481346678798908,0.007199727024567789,0.000818926296633303,0.000545950864422202,5.6869881710646044e-05,1.1373976342129209e-05,0.001205641492265696,0.0,0.0,0.0,0.0,0.0,0.0,0.0,0.0,0.0,0.0,0.0,0.0,0.0,0.0,0.0,0.0,0.0,0.0,0.0,0.0,0.0,0.0,0.0,0.0,0.0,0.0,0.0,0.0,0.0,0.0,0.0,0.0,0.0,0.0,0.0,0.0,0.0,0.0,0.0,0.0,0.0,nan,nan,4.283774373259053,2.9564930128726834,nan,0.9295192152799867,0.023825453656262013,0.0,0.0,0.0,0.0,0.0,0.0,0.0,0.0,0.0,0.0,0.0,0.0,0.0,0.0,0.0,0.0,0.0,0.0,0.0,0.0,0.0,0.0,0.0,0.0,0.0,0.11607910576096304,3.0051590713671548,13.903697334479796,11.34995700773861,1.6251074806534829,0.929009937548983,0.0229574772505412,0.0,0.0,0.0,0.0,0.0,0.0,0.0,0.0,0.0,0.0,0.0,0.0,0.0,0.0,0.0,0.0,0.0,0.0,0.0,0.0,0.0,0.0,0.0,0.0,0.0,0.11594202898550728,2.9275362318840585,14.420289855072467,11.057971014492756,1.4782608695652175,0.4036,0.012054,0.0,0.0,0.0,0.0,0.0,0.0,0.0,0.0,0.0,0.0,0.025795356835769567,11.582115219260515,18.185726569217543,0.20636285468615653,0.0,0.0,0.0,0.0,0.0,0.0,0.0,0.0,0.0,0.0,0.0,0.0,0.0,0.0,0.0,0.0,0.4036,0.011894,0.0,0.0,0.0,0.0,0.0,0.0,0.0,0.0,0.0,0.0,0.01449275362318841,11.463768115942013,18.376811594202902,0.1449275362318841,0.0,0.0,0.0,0.0,0.0,0.0,0.0,0.0,0.0,0.0,0.0,0.0,0.0,0.0,0.0,0.0
97300,4683,2392,0.5107836856715781,1108,969,0.44351911168054664,1330,0.5680119581464873,0.4080000000000001,2.9746835443037973,3.151114180508015,6.674565560821485,2.245923287812412,9502.831304719197,1614.6243464693448,7853.0,11083.0,11083.0,0.0,7853.0,0.0,27.251975229553704,20.649948821722695,32.17321428571429,18.978084753021236,0.14285714285714285,0.10698270339525945,0.09331625026692292,0.08819133034379671,0.08071748878923767,0.0800768737988469,0.06213965406790519,0.06534272901985906,0.060858424087123636,0.05124919923126201,0.04356181934657271,0.03843689942344651,0.029468289557975657,0.021567371343156096,0.018577834721332478,0.010890454836643177,0.005765534913516977,0.9290198497529878,0.02306095989949374,0.0,0.0,0.0,0.0,0.0,0.0,0.0,0.0,0.0,0.0,0.0,0.0,0.0,0.0,0.0,0.0,0.0,0.0,0.0,0.0,0.0,0.0,0.0,0.0,0.0,0.06406149903907753,3.094170403587445,14.317745035233827,10.871236386931457,1.6527866752082003,4.354969574036511,2.880378348019975,nan,nan,nan,4.315151515151515,2.883893399323096,4.396739130434782,2.876571445275288,1.0189072423058132,0.4036,0.01201,0.0,0.0,0.0,0.0,0.0,0.0,0.0,0.0,0.0,0.0,0.01921844971172326,11.652786675208183,18.174247277386293,0.15374759769378607,0.0,0.0,0.0,0.0,0.0,0.0,0.0,0.0,0.0,0.0,0.0,0.0,0.0,0.0,0.0,0.0,nan,nan,4.354969574036511,2.880378348019975,nan,0.4036,0.06256,0.0,0.0,0.0,0.0,0.0,0.0,0.0,0.0,0.0,0.0,0.0,0.0,0.0,0.0,0.0,0.0,0.0,0.0,0.0,0.0,1.0676916506512919e-05,0.0011317531496903694,0.0032244287849669015,0.0005979073243647235,0.009075379030535981,0.0025411061285500747,1.0676916506512919e-05,0.009940209267563527,0.00625667307281657,0.01839632714072176,0.013645099295323511,0.015396113602391629,0.02567798419816357,0.026329276105060858,0.042632927610506084,0.05259449071108264,0.06400811445654495,0.08162502669229127,0.026713645099295323,0.06070894725603246,0.06067691650651292,0.0474375400384369,0.05482596626094384,0.041095451633568224,0.027557121503309846,0.04600683322656417,0.08624813153961136,0.04152252829382874,0.03642963912022208,0.04516335682254965,0.017574204569720264,0.016399743754003843,0.0034486440316036726,0.0039718129404228055,0.007783472133247918,0.0013773222293401665,0.0007367072389493914,4.2707666026051675e-05,0.0,0.001185137732222934,0.0,0.0,0.0,0.0,0.0,0.0,0.0,0.0,0.0,0.0,0.0,0.0,0.0,0.0,0.0,0.0,0.0,0.0,0.0,0.0,0.0,0.0,0.0,0.0,0.0,0.0,0.0,0.0,0.0,0.0,0.0,0.0,0.0,0.0,0.0,0.0,0.0,0.0,0.0,0.0,0.0,nan,nan,4.354969574036511,2.880378348019975,nan,0.9289415280107272,0.023379255820197346,0.0,0.0,0.0,0.0,0.0,0.0,0.0,0.0,0.0,0.0,0.0,0.0,0.0,0.0,0.0,0.0,0.0,0.0,0.0,0.0,0.0,0.0,0.0,0.0,0.0,0.06270903010033446,3.0978260869565224,14.423076923076927,10.673076923076927,1.743311036789298,0.9291016243525022,0.022723586593425812,0.0,0.0,0.0,0.0,0.0,0.0,0.0,0.0,0.0,0.0,0.0,0.0,0.0,0.0,0.0,0.0,0.0,0.0,0.0,0.0,0.0,0.0,0.0,0.0,0.0,0.06547359231776519,3.0903535573985166,14.207769532955044,11.07813182016587,1.5582714971628113,0.4038,0.01219,0.0,0.0,0.0,0.0,0.0,0.0,0.0,0.0,0.0,0.0,0.03762541806020067,11.199832775919715,18.586956521739133,0.1755852842809365,0.0,0.0,0.0,0.0,0.0,0.0,0.0,0.0,0.0,0.0,0.0,0.0,0.0,0.0,0.0,0.0,0.403,0.0118,0.0,0.0,0.0,0.0,0.0,0.0,0.0,0.0,0.0,0.0,0.0,12.125709297250092,17.743343518114365,0.13094718463553037,0.0,0.0,0.0,0.0,0.0,0.0,0.0,0.0,0.0,0.0,0.0,0.0,0.0,0.0,0.0,0.0
97400,4564,2359,0.5168711656441718,1076,936,0.44084136722173534,1277,0.5595968448729185,0.4320000000000001,2.9696145124716553,3.102114279540134,6.62248322147651,2.130026122674445,9522.493865030674,1614.080363139958,7853.0,11083.0,11083.0,0.0,7853.0,0.0,28.02760736196319,21.139371626193274,33.04623824451411,19.39108866734911,0.14198071866783524,0.10056967572304995,0.0950920245398773,0.08501314636283962,0.07559158632778265,0.07865907099035933,0.06638913234005259,0.06397896581945661,0.055872042068361084,0.05521472392638037,0.041849255039439086,0.03856266432953549,0.0352760736196319,0.026292725679228746,0.02081507449605609,0.011831726555652936,0.007011393514460999,0.9299032789484437,0.023345020465868734,0.0,0.0,0.0,0.0,0.0,0.0,0.0,0.0,0.0,0.0,0.0,0.0,0.0,0.0,0.0,0.0,0.0,0.0,0.0,0.0,0.0,0.0,0.0,0.0,0.0,0.10517090271691501,2.892199824715163,13.567046450482037,11.765994741454866,1.6695880806310257,4.296169630642955,2.829365088796207,nan,nan,nan,4.271232876712329,2.8328541903134825,4.3210382513661205,2.825662070232188,1.011660655387193,0.4028,0.01208,0.0,0.0,0.0,0.0,0.0,0.0,0.0,0.0,0.0,0.0,0.013146362839614376,12.074934268185784,17.714723926380373,0.19719544259421565,0.0,0.0,0.0,0.0,0.0,0.0,0.0,0.0,0.0,0.0,0.0,0.0,0.0,0.0,0.0,0.0,nan,nan,4.296169630642955,2.829365088796207,nan,0.4028,0.0624,0.0,0.0,0.0,0.0,0.0,0.0,0.0,0.0,0.0,0.0,0.0,0.0,0.0,0.0,0.0,0.0,0.0,0.0,0.0,0.0,6.573181419807186e-05,0.0010407537248028045,0.0030565293602103417,0.00032865907099035934,0.008961437335670465,0.002081507449605609,0.0,0.009399649430324277,0.006222611744084137,0.02025635407537248,0.01285056967572305,0.014263803680981594,0.027191060473269062,0.026446099912357583,0.04261612620508326,0.05462313759859772,0.06901840490797546,0.08483786152497809,0.02493426818580193,0.06138255915863278,0.060692375109553026,0.04486196319018405,0.05429447852760736,0.04065512708150745,0.025876424189307624,0.04471954425942156,0.08301928133216477,0.041049517966695884,0.03425723049956179,0.04882778264680105,0.018328220858895704,0.015074496056091149,0.004031551270815075,0.00387817703768624,0.007537248028045574,0.0013255915863277826,0.0007559158632778265,7.668711656441718e-05,0.0,0.001161262050832603,0.0,0.0,0.0,0.0,0.0,0.0,0.0,0.0,0.0,0.0,0.0,0.0,0.0,0.0,0.0,0.0,0.0,0.0,0.0,0.0,0.0,0.0,0.0,0.0,0.0,0.0,0.0,0.0,0.0,0.0,0.0,0.0,0.0,0.0,0.0,0.0,0.0,0.0,0.0,0.0,0.0,nan,nan,4.296169630642955,2.829365088796207,nan,0.9295993299239669,0.023216625425812952,0.0,0.0,0.0,0.0,0.0,0.0,0.0,0.0,0.0,0.0,0.0,0.0,0.0,0.0,0.0,0.0,0.0,0.0,0.0,0.0,0.0,0.0,0.0,0.0,0.0,0.1017380245866893,2.8613819415006367,14.027130139889787,11.394658753709201,1.6150911403136927,0.9302284561587569,0.02347724895298456,0.0,0.0,0.0,0.0,0.0,0.0,0.0,0.0,0.0,0.0,0.0,0.0,0.0,0.0,0.0,0.0,0.0,0.0,0.0,0.0,0.0,0.0,0.0,0.0,0.0,0.10884353741496601,2.925170068027212,13.074829931972792,12.163265306122453,1.7278911564625854,0.4028,0.0118,0.0,0.0,0.0,0.0,0.0,0.0,0.0,0.0,0.0,0.0,0.012717253073336163,12.259431962696041,17.52437473505723,0.2034760491733786,0.0,0.0,0.0,0.0,0.0,0.0,0.0,0.0,0.0,0.0,0.0,0.0,0.0,0.0,0.0,0.0,0.403,0.01236,0.0,0.0,0.0,0.0,0.0,0.0,0.0,0.0,0.0,0.0,0.013605442176870751,11.877551020408147,17.91836734693878,0.19047619047619052,0.0,0.0,0.0,0.0,0.0,0.0,0.0,0.0,0.0,0.0,0.0,0.0,0.0,0.0,0.0,0.0
97500,4554,2338,0.5133948177426438,1093,933,0.4448836187966623,1271,0.5581906016688626,0.4160000000000001,2.925541516245487,3.040543898340375,6.363636363636363,2.180397264583901,9511.26526130874,1614.4203656928657,7853.0,11083.0,11083.0,0.0,7853.0,0.0,28.000439174352216,20.911592139229,32.98717277486911,19.142113678759923,0.14053579270970576,0.10035133948177427,0.09003074220465525,0.0878348704435661,0.0836627140974967,0.0663153271848924,0.0764163372859025,0.06368028107158542,0.055994729907773384,0.049187527448397016,0.0461133069828722,0.04435660957400088,0.035792709705753184,0.024374176548089592,0.01756697408871322,0.011638120333772508,0.006148440931049627,0.9306595729902014,0.023212378658574572,0.0,0.0,0.0,0.0,0.0,0.0,0.0,0.0,0.0,0.0,0.0,0.0,0.0,0.0,0.0,0.0,0.0,0.0,0.0,0.0,0.0,0.0,0.0,0.0,0.0,0.09881422924901188,2.648221343873518,13.563899868247697,11.923583662714101,1.765480895915679,4.27624872579001,2.864739282011839,nan,nan,nan,4.35475051264525,2.809865016465514,4.198648648648649,2.915892763165675,0.9641536608025385,0.4023,0.01162,0.0,0.0,0.0,0.0,0.0,0.0,0.0,0.0,0.0,0.0,0.059288537549407126,12.667984189723303,17.173913043478265,0.09881422924901188,0.0,0.0,0.0,0.0,0.0,0.0,0.0,0.0,0.0,0.0,0.0,0.0,0.0,0.0,0.0,0.0,nan,nan,4.27624872579001,2.864739282011839,nan,0.4023,0.06238,0.0,0.0,0.0,0.0,0.0,0.0,0.0,0.0,0.0,0.0,0.0,0.0,0.0,0.0,0.0,0.0,0.0,0.0,1.0979358805445763e-05,0.0,0.0,0.0007356170399648661,0.0033047870004391743,0.00020860781730346948,0.007608695652173913,0.001976284584980237,3.293807641633728e-05,0.008465085638998683,0.006521739130434782,0.022057531840140535,0.012714097496706192,0.013998682476943346,0.026976284584980238,0.028271848924022836,0.04466403162055336,0.057685551163812035,0.07391304347826087,0.08440931049626701,0.024736495388669302,0.06058410188844972,0.05781730346947738,0.045015371102327624,0.05404040404040404,0.042753623188405795,0.02534036012296882,0.04106280193236715,0.08055555555555556,0.03832894158981116,0.034420289855072464,0.04808959156785244,0.017523056653491437,0.016304347826086956,0.004216073781291172,0.00417215634606939,0.007334211682037769,0.0015041721563460694,0.0008454106280193237,0.00013175230566534913,1.0979358805445763e-05,0.00165788317962231,0.0,0.0,0.0,0.0,0.0,0.0,0.0,0.0,0.0,0.0,0.0,0.0,0.0,0.0,0.0,0.0,0.0,0.0,0.0,0.0,0.0,0.0,0.0,0.0,0.0,0.0,0.0,0.0,0.0,0.0,0.0,0.0,0.0,0.0,0.0,0.0,0.0,0.0,0.0,0.0,0.0,nan,nan,4.27624872579001,2.864739282011839,nan,0.9304137702065721,0.023295163965608875,0.0,0.0,0.0,0.0,0.0,0.0,0.0,0.0,0.0,0.0,0.0,0.0,0.0,0.0,0.0,0.0,0.0,0.0,0.0,0.0,0.0,0.0,0.0,0.0,0.0,0.12831479897348164,2.7074422583404627,13.562874251497009,11.727972626176221,1.8733960650128318,0.9309189082375502,0.023121881745224147,0.0,0.0,0.0,0.0,0.0,0.0,0.0,0.0,0.0,0.0,0.0,0.0,0.0,0.0,0.0,0.0,0.0,0.0,0.0,0.0,0.0,0.0,0.0,0.0,0.0,0.0676895306859206,2.5857400722021664,13.564981949458486,12.129963898916971,1.6516245487364625,0.402,0.011505,0.0,0.0,0.0,0.0,0.0,0.0,0.0,0.0,0.0,0.0,0.06415739948674082,12.613344739093224,17.232677502138582,0.08982035928143715,0.0,0.0,0.0,0.0,0.0,0.0,0.0,0.0,0.0,0.0,0.0,0.0,0.0,0.0,0.0,0.0,0.4023,0.01174,0.0,0.0,0.0,0.0,0.0,0.0,0.0,0.0,0.0,0.0,0.054151624548736475,12.72563176895305,17.111913357400724,0.10830324909747295,0.0,0.0,0.0,0.0,0.0,0.0,0.0,0.0,0.0,0.0,0.0,0.0,0.0,0.0,0.0,0.0
97600,4635,2444,0.5272923408845739,1157,931,0.45048543689320386,1286,0.5549083063646171,0.4040000000000001,2.9890460976722957,3.0384525706172414,6.3359375,2.2011266424478513,9556.154261057174,1612.5922690678703,7853.0,11083.0,11083.0,0.0,7853.0,0.0,28.448975188781013,20.907185257463315,33.304902962206334,19.099277924245204,0.1348435814455232,0.09967637540453074,0.08802588996763754,0.08263214670981661,0.0854368932038835,0.07270765911542611,0.06709816612729234,0.07184466019417475,0.05782092772384034,0.04983818770226537,0.04681769147788565,0.04487594390507012,0.03365695792880259,0.02826321467098166,0.0209277238403452,0.010787486515641856,0.004746494066882417,0.9314404321591316,0.023246070739367786,0.0,0.0,0.0,0.0,0.0,0.0,0.0,0.0,0.0,0.0,0.0,0.0,0.0,0.0,0.0,0.0,0.0,0.0,0.0,0.0,0.0,0.0,0.0,0.0,0.0,0.07119741100323626,2.4401294498381882,13.572815533980586,11.864077669902915,2.051779935275081,4.136814276272307,2.858606680050689,nan,nan,nan,4.085901639344263,2.846654278357159,4.188540972684876,2.869774358129178,1.0251203632393573,0.4023,0.01198,0.0,0.0,0.0,0.0,0.0,0.0,0.0,0.0,0.0,0.0,0.051779935275080916,12.485436893203866,17.31391585760518,0.14886731391585764,0.0,0.0,0.0,0.0,0.0,0.0,0.0,0.0,0.0,0.0,0.0,0.0,0.0,0.0,0.0,0.0,nan,nan,4.136814276272307,2.858606680050689,nan,0.4023,0.06226,0.0,0.0,0.0,0.0,0.0,0.0,0.0,0.0,0.0,0.0,0.0,0.0,0.0,0.0,0.0,0.0,0.0,0.0,2.157497303128371e-05,0.0,0.0,0.0007335490830636461,0.0031930960086299894,0.0003775620280474649,0.007659115426105718,0.0018446601941747574,5.393743257820928e-05,0.00825242718446602,0.007432578209277238,0.02168284789644013,0.011294498381877023,0.013085221143473571,0.026375404530744335,0.028878101402373246,0.045242718446601944,0.05861920172599784,0.07374325782092772,0.08584681769147788,0.024282632146709816,0.061596548004314994,0.0580151024811219,0.0443042071197411,0.05221143473570658,0.04332254584681769,0.025911542610571738,0.041963322545846816,0.07950377562028048,0.03778856526429342,0.035188781014023736,0.048705501618122975,0.016699029126213592,0.016159654800431498,0.00413160733549083,0.004153182308522114,0.007055016181229773,0.0019525350593311759,0.000895361380798274,0.00017259978425026968,2.157497303128371e-05,0.0016289104638619201,0.0,0.0,0.0,0.0,0.0,0.0,0.0,0.0,0.0,0.0,0.0,0.0,0.0,0.0,0.0,0.0,0.0,0.0,0.0,0.0,0.0,0.0,0.0,0.0,0.0,0.0,0.0,0.0,0.0,0.0,0.0,0.0,0.0,0.0,0.0,0.0,0.0,0.0,0.0,0.0,0.0,nan,nan,4.136814276272307,2.858606680050689,nan,0.9310500129398854,0.023032835731670098,0.0,0.0,0.0,0.0,0.0,0.0,0.0,0.0,0.0,0.0,0.0,0.0,0.0,0.0,0.0,0.0,0.0,0.0,0.0,0.0,0.0,0.0,0.0,0.0,0.0,0.061374795417348624,2.5777414075286424,13.465630114566288,12.017184942716861,1.8780687397708677,0.9318759340175696,0.02347398372293073,0.0,0.0,0.0,0.0,0.0,0.0,0.0,0.0,0.0,0.0,0.0,0.0,0.0,0.0,0.0,0.0,0.0,0.0,0.0,0.0,0.0,0.0,0.0,0.0,0.0,0.08215426745778184,2.2866271109082614,13.69237790963031,11.693290734824284,2.2455499771793708,0.402,0.01205,0.0,0.0,0.0,0.0,0.0,0.0,0.0,0.0,0.0,0.0,0.07364975450081834,12.851882160392782,16.90261865793781,0.17184942716857615,0.0,0.0,0.0,0.0,0.0,0.0,0.0,0.0,0.0,0.0,0.0,0.0,0.0,0.0,0.0,0.0,0.4026,0.0119,0.0,0.0,0.0,0.0,0.0,0.0,0.0,0.0,0.0,0.0,0.027384755819260618,12.076677316293914,17.77270652670014,0.12323140118667278,0.0,0.0,0.0,0.0,0.0,0.0,0.0,0.0,0.0,0.0,0.0,0.0,0.0,0.0,0.0,0.0
97700,4642,2407,0.518526497199483,1146,926,0.44635932787591553,1322,0.5695820766910814,0.4080000000000001,2.970469798657718,3.0652888895106165,6.424846625766871,2.1397915315661558,9527.84058595433,1613.89098277196,7853.0,11083.0,11083.0,0.0,7853.0,0.0,28.62559241706161,20.97555705783376,33.53394589076059,19.136575476798505,0.13485566566135287,0.09801809564842741,0.09069366652305041,0.08573890564411892,0.07626023265833692,0.07324429125376992,0.06570443774235243,0.06699698405859543,0.05988797931925894,0.05622576475657044,0.05170185264971995,0.045023696682464455,0.03209823352003447,0.026066350710900472,0.02089616544592848,0.01034037052994399,0.0062473071951744934,0.9312860091304738,0.02316030689252735,0.0,0.0,0.0,0.0,0.0,0.0,0.0,0.0,0.0,0.0,0.0,0.0,0.0,0.0,0.0,0.0,0.0,0.0,0.0,0.0,0.0,0.0,0.0,0.0,0.0,0.09047824213700993,2.6238690219732876,13.403705299439899,11.99482981473503,1.8871176217147785,4.29221635883905,2.8742956178575807,nan,nan,nan,4.359416445623342,2.8676828563326313,4.225721784776903,2.879280643660582,0.9693319822700898,0.4023,0.01209,0.0,0.0,0.0,0.0,0.0,0.0,0.0,0.0,0.0,0.0,0.07109004739336494,12.77035760448081,17.00344679017665,0.15510555794915987,0.0,0.0,0.0,0.0,0.0,0.0,0.0,0.0,0.0,0.0,0.0,0.0,0.0,0.0,0.0,0.0,nan,nan,4.29221635883905,2.8742956178575807,nan,0.4023,0.06177,0.0,0.0,0.0,0.0,0.0,0.0,0.0,0.0,0.0,0.0,0.0,0.0,0.0,0.0,0.0,0.0,0.0,0.0,0.0,0.0,0.0,0.00043084877208099956,0.003069797501077122,0.00023696682464454977,0.006204222317966394,0.0018741921585523481,1.077121930202499e-05,0.008099956915122792,0.007701421800947867,0.02252261956053425,0.010814304179233089,0.013711762171477812,0.026723395088323998,0.027520465316673848,0.04460361912968548,0.06218224903059026,0.07549547608789314,0.08343386471348557,0.025290822921154674,0.060911245152951314,0.057798362774666094,0.04527143472641103,0.050075398535114175,0.042352434295562257,0.027735889702714348,0.04352649719948298,0.07838216286083585,0.040036622145626886,0.032615252046531665,0.049709177078845326,0.016716932356742785,0.015876777251184835,0.004028436018957346,0.004146919431279621,0.006915122791900043,0.001960361912968548,0.0005493321844032745,5.3856096510124945e-05,0.0,0.0014110297285652735,0.0,0.0,0.0,0.0,0.0,0.0,0.0,0.0,0.0,0.0,0.0,0.0,0.0,0.0,0.0,0.0,0.0,0.0,0.0,0.0,0.0,0.0,0.0,0.0,0.0,0.0,0.0,0.0,0.0,0.0,0.0,0.0,0.0,0.0,0.0,0.0,0.0,0.0,0.0,0.0,0.0,nan,nan,4.29221635883905,2.8742956178575807,nan,0.9308892034573034,0.0235282738267791,0.0,0.0,0.0,0.0,0.0,0.0,0.0,0.0,0.0,0.0,0.0,0.0,0.0,0.0,0.0,0.0,0.0,0.0,0.0,0.0,0.0,0.0,0.0,0.0,0.0,0.12463647694225179,2.704611549646864,13.660157872870796,11.566265060240967,1.944329040299128,0.931713351974018,0.02274962964450694,0.0,0.0,0.0,0.0,0.0,0.0,0.0,0.0,0.0,0.0,0.0,0.0,0.0,0.0,0.0,0.0,0.0,0.0,0.0,0.0,0.0,0.0,0.0,0.0,0.0,0.05369127516778525,2.536912751677853,13.127516778523493,12.456375838926178,1.8255033557046985,0.4026,0.01188,0.0,0.0,0.0,0.0,0.0,0.0,0.0,0.0,0.0,0.0,0.06231823847112589,12.363938512671357,17.411715828832573,0.16202742002492734,0.0,0.0,0.0,0.0,0.0,0.0,0.0,0.0,0.0,0.0,0.0,0.0,0.0,0.0,0.0,0.0,0.402,0.012314,0.0,0.0,0.0,0.0,0.0,0.0,0.0,0.0,0.0,0.0,0.08053691275167786,13.208053691275149,16.56375838926175,0.14765100671140943,0.0,0.0,0.0,0.0,0.0,0.0,0.0,0.0,0.0,0.0,0.0,0.0,0.0,0.0,0.0,0.0
97800,4781,2481,0.5189290943317297,1210,958,0.4534616189081782,1359,0.568500313741895,0.4040000000000001,3.048695652173913,3.130394202635531,6.60207100591716,2.1912808325876107,9529.140974691487,1613.8422417367115,7853.0,11083.0,11083.0,0.0,7853.0,0.0,28.25538590253085,20.803204213425744,32.96964461994077,19.086862197877707,0.13260824095377535,0.1020706965070069,0.08742940807362476,0.08805689186362686,0.08199121522693997,0.07822631248692742,0.07090566827023635,0.06483999163354946,0.05417276720351391,0.055636896046852125,0.047270445513490904,0.041204768876804014,0.0349299309767831,0.02760928676009203,0.01526877222338423,0.009412256850031374,0.00836645053336122,0.930510793164095,0.0232972807554102,0.0,0.0,0.0,0.0,0.0,0.0,0.0,0.0,0.0,0.0,0.0,0.0,0.0,0.0,0.0,0.0,0.0,0.0,0.0,0.0,0.0,0.0,0.0,0.0,0.0,0.05019870320016734,2.7923028655093085,13.754444676845852,11.602175277138677,1.8008784773060034,4.314606741573034,2.9509464919713175,nan,nan,nan,4.319121447028424,2.9476870893066467,4.30970625798212,2.955047683247658,0.9978201147706135,0.4028,0.01231,0.0,0.0,0.0,0.0,0.0,0.0,0.0,0.0,0.0,0.0,0.07529805480025101,12.330056473541083,17.44404936205815,0.15059610960050202,0.0,0.0,0.0,0.0,0.0,0.0,0.0,0.0,0.0,0.0,0.0,0.0,0.0,0.0,0.0,0.0,nan,nan,4.314606741573034,2.9509464919713175,nan,0.4028,0.0621,0.0,0.0,0.0,0.0,0.0,0.0,0.0,0.0,0.0,0.0,0.0,0.0,0.0,0.0,0.0,0.0,0.0,0.0,0.0,0.0,0.0,0.00037649027400125495,0.002698180297008994,9.412256850031374e-05,0.00568918636268563,0.002624973854842083,0.00012549675800041833,0.007550721606358502,0.008052708638360176,0.023175067977410584,0.011577075925538591,0.015038694833716795,0.02554904831625183,0.028257686676427526,0.044781426479815936,0.06184898556787283,0.07524576448441748,0.08054800250993516,0.022798577703409328,0.058753398870529175,0.059882869692532946,0.04554486509098515,0.050041832252666806,0.0431395105626438,0.02644844174858816,0.04403890399498013,0.07823677055009412,0.04045178832880151,0.034020079481280066,0.05016732901066723,0.015843965697552812,0.016283204350554276,0.004779334867182598,0.004925747751516419,0.007153315206023844,0.0018092449278393642,0.0008784773060029283,0.00017778707383392595,1.0458063166701527e-05,0.0013700062748379,0.0,1.0458063166701527e-05,0.0,0.0,0.0,0.0,0.0,0.0,0.0,0.0,0.0,0.0,0.0,0.0,0.0,0.0,0.0,0.0,0.0,0.0,0.0,0.0,0.0,0.0,0.0,0.0,0.0,0.0,0.0,0.0,0.0,0.0,0.0,0.0,0.0,0.0,0.0,0.0,0.0,0.0,0.0,nan,nan,4.314606741573034,2.9509464919713175,nan,0.9303785495727306,0.023175370015432708,0.0,0.0,0.0,0.0,0.0,0.0,0.0,0.0,0.0,0.0,0.0,0.0,0.0,0.0,0.0,0.0,0.0,0.0,0.0,0.0,0.0,0.0,0.0,0.0,0.0,0.036275695284159616,2.8778718258766633,13.833131801692868,11.46311970979444,1.7896009673518747,0.9306534437511278,0.023427237213161044,0.0,0.0,0.0,0.0,0.0,0.0,0.0,0.0,0.0,0.0,0.0,0.0,0.0,0.0,0.0,0.0,0.0,0.0,0.0,0.0,0.0,0.0,0.0,0.0,0.0,0.06521739130434784,2.7000000000000006,13.669565217391307,11.752173913043482,1.81304347826087,0.403,0.01199,0.0,0.0,0.0,0.0,0.0,0.0,0.0,0.0,0.0,0.0,0.012091898428053208,12.212817412333719,17.617896009673522,0.15719467956469171,0.0,0.0,0.0,0.0,0.0,0.0,0.0,0.0,0.0,0.0,0.0,0.0,0.0,0.0,0.0,0.0,0.4026,0.01264,0.0,0.0,0.0,0.0,0.0,0.0,0.0,0.0,0.0,0.0,0.14347826086956525,12.456521739130418,17.256521739130438,0.14347826086956525,0.0,0.0,0.0,0.0,0.0,0.0,0.0,0.0,0.0,0.0,0.0,0.0,0.0,0.0,0.0,0.0
97900,4803,2498,0.5200916094107849,1148,960,0.4388923589423277,1356,0.5646470955652717,0.3960000000000001,3.0268980477223426,3.12406739722497,6.544395924308588,2.2436700298346346,9532.895898396835,1613.6956101976814,7853.0,11083.0,11083.0,0.0,7853.0,0.0,28.10306058713304,20.94329705784173,32.95109903679921,19.234949549484764,0.13470747449510723,0.10139496148240683,0.09681449094316052,0.0822402665001041,0.08348948573808036,0.07495315427857589,0.07453674786591713,0.05829689777222569,0.055590256089943786,0.054132833645638145,0.04538829897980429,0.04059962523422861,0.03393712263168853,0.02560899437851343,0.02040391422027899,0.011867582760774516,0.006037892983551947,0.9310629558071801,0.023451318361713294,0.0,0.0,0.0,0.0,0.0,0.0,0.0,0.0,0.0,0.0,0.0,0.0,0.0,0.0,0.0,0.0,0.0,0.0,0.0,0.0,0.0,0.0,0.0,0.0,0.0,0.09993753903810121,2.6795752654590888,13.285446595877579,11.936289818863214,1.9987507807620242,4.304333764553687,2.9084023082990877,nan,nan,nan,4.266841072596469,2.9150978007527173,4.339308578745198,2.9015169388208704,1.016983877514011,0.4033,0.01218,0.0,0.0,0.0,0.0,0.0,0.0,0.0,0.0,0.0,0.0,0.03747657713928795,11.805121798875685,18.044971892567148,0.11242973141786386,0.0,0.0,0.0,0.0,0.0,0.0,0.0,0.0,0.0,0.0,0.0,0.0,0.0,0.0,0.0,0.0,nan,nan,4.304333764553687,2.9084023082990877,nan,0.4033,0.06232,0.0,0.0,0.0,0.0,0.0,0.0,0.0,0.0,0.0,0.0,0.0,0.0,0.0,0.0,0.0,0.0,0.0,0.0,0.0,0.0,0.0,0.00014574224443056422,0.0020924422236102435,0.0001561524047470331,0.005881740578804914,0.0032583801790547575,0.00016656256506350197,0.007307932542161149,0.007682698313554029,0.021965438267749323,0.011586508432229857,0.01656256506350198,0.02653549864667916,0.027035186341869664,0.04560691234645013,0.06272121590672497,0.07269414948990215,0.07955444513845514,0.022319383718509264,0.06049344159900062,0.05865084322298563,0.04620029148448886,0.04984384759525297,0.04135956693733084,0.025202998126171144,0.04491984176556319,0.07936706225275869,0.040266500104101606,0.034436810326879036,0.05064542993962107,0.015563189673120967,0.017593170934832397,0.004393087653549865,0.004778263585259213,0.00842181969602332,0.0017593170934832396,0.0011867582760774517,0.00014574224443056422,0.0,0.0014678326046221111,3.123048094940662e-05,0.0,0.0,0.0,0.0,0.0,0.0,0.0,0.0,0.0,0.0,0.0,0.0,0.0,0.0,0.0,0.0,0.0,0.0,0.0,0.0,0.0,0.0,0.0,0.0,0.0,0.0,0.0,0.0,0.0,0.0,0.0,0.0,0.0,0.0,0.0,0.0,0.0,0.0,0.0,0.0,nan,nan,4.304333764553687,2.9084023082990877,nan,0.93141786292422,0.023661531997097016,0.0,0.0,0.0,0.0,0.0,0.0,0.0,0.0,0.0,0.0,0.0,0.0,0.0,0.0,0.0,0.0,0.0,0.0,0.0,0.0,0.0,0.0,0.0,0.0,0.0,0.12009607686148921,2.510008006405125,13.546837469975983,11.637309847878306,2.1857485988791034,0.9306783319553946,0.0232152293955186,0.0,0.0,0.0,0.0,0.0,0.0,0.0,0.0,0.0,0.0,0.0,0.0,0.0,0.0,0.0,0.0,0.0,0.0,0.0,0.0,0.0,0.0,0.0,0.0,0.0,0.07809110629067247,2.863340563991324,13.002169197396967,12.260303687635577,1.7960954446854667,0.4036,0.01227,0.0,0.0,0.0,0.0,0.0,0.0,0.0,0.0,0.0,0.0,0.04803843074459569,11.38510808646916,18.458767013610892,0.10808646917534029,0.0,0.0,0.0,0.0,0.0,0.0,0.0,0.0,0.0,0.0,0.0,0.0,0.0,0.0,0.0,0.0,0.403,0.01206,0.0,0.0,0.0,0.0,0.0,0.0,0.0,0.0,0.0,0.0,0.02603036876355749,12.260303687635558,17.596529284164863,0.1171366594360087,0.0,0.0,0.0,0.0,0.0,0.0,0.0,0.0,0.0,0.0,0.0,0.0,0.0,0.0,0.0,0.0
98000,4647,2412,0.5190445448676565,1137,955,0.4501829137077685,1327,0.571121153432322,0.4120000000000001,3.028635346756152,3.1079149399857853,6.540247678018575,2.2111641724392896,9529.513879922531,1613.8280709471119,7853.0,11083.0,11083.0,0.0,7853.0,0.0,28.0152786744136,20.864343601402634,32.87464896604544,19.119776532283385,0.1394448030987734,0.09489993544222079,0.09705186141596729,0.08973531310522918,0.07876049063912201,0.07036797934151065,0.0705831719388853,0.06649451258876694,0.06111469765440069,0.05143103077254142,0.047557564019797716,0.035506778566817304,0.03572197116419195,0.024101570905960833,0.018506563374219926,0.012696363245104368,0.006025392726490208,0.9303749326687873,0.02347807205972756,0.0,0.0,0.0,0.0,0.0,0.0,0.0,0.0,0.0,0.0,0.0,0.0,0.0,0.0,0.0,0.0,0.0,0.0,0.0,0.0,0.0,0.0,0.0,0.0,0.0,0.07746933505487412,2.8340865074241455,13.544222078760495,11.652679147837318,1.8915429309231766,4.287516600265604,2.9131411413601964,nan,nan,nan,4.190380761523046,2.8748955408360013,4.384412153236459,2.948061195592225,1.0463040002223785,0.4028,0.01222,0.0,0.0,0.0,0.0,0.0,0.0,0.0,0.0,0.0,0.0,0.025823111684958044,12.233699160748854,17.572627501613947,0.1678502259522273,0.0,0.0,0.0,0.0,0.0,0.0,0.0,0.0,0.0,0.0,0.0,0.0,0.0,0.0,0.0,0.0,nan,nan,4.287516600265604,2.9131411413601964,nan,0.4028,0.0627,0.0,0.0,0.0,0.0,0.0,0.0,0.0,0.0,0.0,0.0,0.0,0.0,0.0,0.0,0.0,0.0,0.0,0.0,0.0,0.0,0.0,0.0003443081557994405,0.003109533032063697,0.00017215407789972025,0.006950720895201205,0.0032278889606197547,0.0002474714869808479,0.008102001291155585,0.006810845706907682,0.021530019367333765,0.012470411017860986,0.016139444803098774,0.028545298041747363,0.02560791908758339,0.04302775984506133,0.06507424144609425,0.07153001936733376,0.07745857542500538,0.021314826769959112,0.0604906391220142,0.06152356358941252,0.04491069507208952,0.053012696363245106,0.04148913277383258,0.025392726490208736,0.041951796858188076,0.08166559070367979,0.04000430385194749,0.03485044114482462,0.048773402194964496,0.015590703679793415,0.017462879276952874,0.003798149343662578,0.0046266408435549815,0.007994404992468259,0.0017753389283408651,0.0011835592855605767,0.0004841833440929632,3.227888960619755e-05,0.0012803959543791694,4.303851947493006e-05,0.0,0.0,0.0,0.0,0.0,0.0,0.0,0.0,0.0,0.0,0.0,0.0,0.0,0.0,0.0,0.0,0.0,0.0,0.0,0.0,0.0,0.0,0.0,0.0,0.0,0.0,0.0,0.0,0.0,0.0,0.0,0.0,0.0,0.0,0.0,0.0,0.0,0.0,0.0,0.0,nan,nan,4.287516600265604,2.9131411413601964,nan,0.9305052500014281,0.023471779671021716,0.0,0.0,0.0,0.0,0.0,0.0,0.0,0.0,0.0,0.0,0.0,0.0,0.0,0.0,0.0,0.0,0.0,0.0,0.0,0.0,0.0,0.0,0.0,0.0,0.0,0.08706467661691544,2.9228855721393043,13.395522388059705,11.641791044776122,1.9527363184079605,0.9302342949030916,0.023484049566645914,0.0,0.0,0.0,0.0,0.0,0.0,0.0,0.0,0.0,0.0,0.0,0.0,0.0,0.0,0.0,0.0,0.0,0.0,0.0,0.0,0.0,0.0,0.0,0.0,0.0,0.06711409395973156,2.7382550335570475,13.704697986577184,11.664429530201346,1.8255033557046985,0.4026,0.01223,0.0,0.0,0.0,0.0,0.0,0.0,0.0,0.0,0.0,0.0,0.02487562189054727,12.251243781094509,17.58706467661692,0.13681592039800997,0.0,0.0,0.0,0.0,0.0,0.0,0.0,0.0,0.0,0.0,0.0,0.0,0.0,0.0,0.0,0.0,0.4028,0.01222,0.0,0.0,0.0,0.0,0.0,0.0,0.0,0.0,0.0,0.0,0.026845637583892624,12.214765100671123,17.557046979865774,0.20134228187919467,0.0,0.0,0.0,0.0,0.0,0.0,0.0,0.0,0.0,0.0,0.0,0.0,0.0,0.0,0.0,0.0
98100,4705,2461,0.5230605738575983,1182,989,0.4614240170031881,1339,0.5691817215727949,0.4040000000000001,2.9197860962566846,3.048447304823879,6.519047619047619,2.127399272444901,9542.485653560043,1613.2814036657503,7853.0,11083.0,11083.0,0.0,7853.0,0.0,27.955791710945803,20.709841000779097,32.72761569416499,18.973758802296437,0.13602550478214664,0.09968119022316685,0.09202975557917109,0.08820403825717323,0.0871413390010627,0.0718384697130712,0.06992561105207226,0.06057385759829968,0.05908607863974495,0.0563230605738576,0.04994686503719448,0.038894792773645055,0.03273113708820404,0.023804463336875664,0.016790648246546226,0.00977683315621679,0.007226354941551541,0.9307678737245128,0.023299400637281094,0.0,0.0,0.0,0.0,0.0,0.0,0.0,0.0,0.0,0.0,0.0,0.0,0.0,0.0,0.0,0.0,0.0,0.0,0.0,0.0,0.0,0.0,0.0,0.0,0.0,0.08289054197662064,2.722635494155155,13.409139213602554,11.923485653560046,1.8618490967056327,4.091264667535854,2.857915532465452,nan,nan,nan,4.13847158719791,2.9019064009664377,4.044242029928432,2.8126250761708915,0.9772308314110526,0.4026,0.012184,0.0,0.0,0.0,0.0,0.0,0.0,0.0,0.0,0.0,0.0,0.0765143464399575,12.19766206163654,17.598299681190227,0.12752391073326252,0.0,0.0,0.0,0.0,0.0,0.0,0.0,0.0,0.0,0.0,0.0,0.0,0.0,0.0,0.0,0.0,nan,nan,4.091264667535854,2.857915532465452,nan,0.4026,0.0628,0.0,0.0,0.0,0.0,0.0,0.0,0.0,0.0,0.0,0.0,0.0,0.0,0.0,0.0,0.0,0.0,0.0,0.0,0.0,0.0,1.0626992561105207e-05,0.0004357066950053135,0.0034750265674814026,0.00036131774707757704,0.0071944739638682255,0.003390010626992561,0.0003294367693942614,0.008310308182784273,0.007003188097768331,0.020456960680127523,0.012518597236981933,0.01689691817215728,0.02995749202975558,0.024048884165781083,0.04294367693942614,0.06517534537725823,0.06992561105207226,0.07394261424017003,0.019872476089266736,0.06268862911795962,0.06279489904357068,0.04373007438894793,0.0551009564293305,0.041849096705632305,0.026344314558979808,0.04243358129649309,0.08376195536663124,0.03764080765143464,0.03444208289054198,0.04770456960680128,0.017098831030818277,0.017375132837407013,0.003931987247608927,0.004867162592986185,0.007205100956429331,0.0018065887353878852,0.001232731137088204,0.0006695005313496281,0.0,0.0009883103081827843,7.438894792773645e-05,1.0626992561105207e-05,0.0,0.0,0.0,0.0,0.0,0.0,0.0,0.0,0.0,0.0,0.0,0.0,0.0,0.0,0.0,0.0,0.0,0.0,0.0,0.0,0.0,0.0,0.0,0.0,0.0,0.0,0.0,0.0,0.0,0.0,0.0,0.0,0.0,0.0,0.0,0.0,0.0,0.0,0.0,nan,nan,4.091264667535854,2.857915532465452,nan,0.9308155856932726,0.022855129259409423,0.0,0.0,0.0,0.0,0.0,0.0,0.0,0.0,0.0,0.0,0.0,0.0,0.0,0.0,0.0,0.0,0.0,0.0,0.0,0.0,0.0,0.0,0.0,0.0,0.0,0.08533116619260465,2.4502234863876478,13.726127590410405,11.921982933766765,1.8163348232425847,0.9307155478978114,0.023776981858790125,0.0,0.0,0.0,0.0,0.0,0.0,0.0,0.0,0.0,0.0,0.0,0.0,0.0,0.0,0.0,0.0,0.0,0.0,0.0,0.0,0.0,0.0,0.0,0.0,0.0,0.08021390374331552,3.0213903743315518,13.061497326203211,11.925133689839575,1.9117647058823533,0.4026,0.01209,0.0,0.0,0.0,0.0,0.0,0.0,0.0,0.0,0.0,0.0,0.08533116619260465,12.25111743193822,17.541649735879727,0.1219016659894352,0.0,0.0,0.0,0.0,0.0,0.0,0.0,0.0,0.0,0.0,0.0,0.0,0.0,0.0,0.0,0.0,0.4028,0.012276,0.0,0.0,0.0,0.0,0.0,0.0,0.0,0.0,0.0,0.0,0.06684491978609627,12.139037433155062,17.660427807486634,0.13368983957219255,0.0,0.0,0.0,0.0,0.0,0.0,0.0,0.0,0.0,0.0,0.0,0.0,0.0,0.0,0.0,0.0
98200,4573,2410,0.5270063415700853,1145,902,0.447627378088782,1257,0.5497485239448939,0.4080000000000001,2.971798428109108,3.0828653944463618,6.573268921095008,2.1050955219050964,9555.230483271376,1612.6425030949179,7853.0,11083.0,11083.0,0.0,7853.0,0.0,27.994533129236824,20.713929724015802,32.891112266112266,18.92328708731809,0.13907719221517603,0.09359282746555872,0.09709162475399082,0.08921933085501858,0.07719221517603324,0.07697354034550623,0.06625847364968292,0.068882571616007,0.05838617975071069,0.050513885851738466,0.04679641373277936,0.04460966542750929,0.034331948392739994,0.02645965449376777,0.013557839492674393,0.011808440848458342,0.005248195932648152,0.9307546086027719,0.02357774315629317,0.0,0.0,0.0,0.0,0.0,0.0,0.0,0.0,0.0,0.0,0.0,0.0,0.0,0.0,0.0,0.0,0.0,0.0,0.0,0.0,0.0,0.0,0.0,0.0,0.0,0.11808440848458344,2.774983599387711,13.238574240104967,11.94620599169036,1.922151760332386,4.1252947120242505,2.875629611210618,nan,nan,nan,4.214859437751004,2.872110050973132,4.036635006784261,2.876237473003283,0.9577152136153224,0.403,0.01213,0.0,0.0,0.0,0.0,0.0,0.0,0.0,0.0,0.0,0.0,0.026240979663240765,11.736278154384413,18.040673518478027,0.19680734747430575,0.0,0.0,0.0,0.0,0.0,0.0,0.0,0.0,0.0,0.0,0.0,0.0,0.0,0.0,0.0,0.0,nan,nan,4.1252947120242505,2.875629611210618,nan,0.403,0.0628,0.0,0.0,0.0,0.0,0.0,0.0,0.0,0.0,0.0,0.0,0.0,0.0,0.0,0.0,0.0,0.0,0.0,0.0,0.0,0.0,0.0,0.000448283402580363,0.0033347911655368465,0.00029521102121145856,0.0074568117209709165,0.002613164224797726,0.0004045484364749617,0.008648589547343101,0.00654931117428384,0.018871637874480648,0.012836212551935271,0.018073474743057073,0.02928055980756615,0.02483052700634157,0.041515416575552154,0.06508856330636344,0.07087251257380275,0.07366061666302208,0.020107150666958232,0.06173190465777389,0.06098841023398207,0.044664334135141044,0.05485458123769954,0.04452219549529849,0.026284714629346163,0.04242291712223923,0.08317297179094686,0.036693636562431665,0.035272250164006126,0.04703695604635907,0.01691449814126394,0.01762519134047671,0.0043078941613820245,0.006177563962387929,0.007719221517603324,0.0019571397332167066,0.0012245790509512356,0.0007653619068445222,5.466870763175159e-05,0.0005685545593702165,0.00015307238136890445,0.0,0.0,0.0,0.0,0.0,0.0,0.0,0.0,0.0,0.0,0.0,0.0,0.0,0.0,0.0,0.0,0.0,0.0,0.0,0.0,0.0,0.0,0.0,0.0,0.0,0.0,0.0,0.0,0.0,0.0,0.0,0.0,0.0,0.0,0.0,0.0,0.0,0.0,0.0,0.0,nan,nan,4.1252947120242505,2.875629611210618,nan,0.930941594759953,0.023467126914944684,0.0,0.0,0.0,0.0,0.0,0.0,0.0,0.0,0.0,0.0,0.0,0.0,0.0,0.0,0.0,0.0,0.0,0.0,0.0,0.0,0.0,0.0,0.0,0.0,0.0,0.14937759336099588,2.6265560165975113,13.257261410788384,12.074688796680501,1.8921161825726145,0.9305462698885758,0.0236986453383777,0.0,0.0,0.0,0.0,0.0,0.0,0.0,0.0,0.0,0.0,0.0,0.0,0.0,0.0,0.0,0.0,0.0,0.0,0.0,0.0,0.0,0.0,0.0,0.0,0.0,0.08321775312066576,2.940360610263524,13.217753120665746,11.803051317614427,1.9556171983356454,0.4033,0.01208,0.0,0.0,0.0,0.0,0.0,0.0,0.0,0.0,0.0,0.0,0.02489626556016598,11.502074688796665,18.311203319502077,0.16182572614107887,0.0,0.0,0.0,0.0,0.0,0.0,0.0,0.0,0.0,0.0,0.0,0.0,0.0,0.0,0.0,0.0,0.4028,0.012184,0.0,0.0,0.0,0.0,0.0,0.0,0.0,0.0,0.0,0.0,0.02773925104022192,11.997226074895961,17.739251040221916,0.23578363384188633,0.0,0.0,0.0,0.0,0.0,0.0,0.0,0.0,0.0,0.0,0.0,0.0,0.0,0.0,0.0,0.0
98300,4492,2325,0.517586821015138,1096,901,0.4445681211041852,1245,0.5543187889581478,0.4200000000000001,3.019843101061375,3.1476617076010713,6.6900958466453675,2.1306670700363726,9524.805431878896,1614.0006638502514,7853.0,11083.0,11083.0,0.0,7853.0,0.0,28.01179875333927,20.96536162218086,33.03851261620186,19.175276077843765,0.14180765805877116,0.09817453250222619,0.09305431878895815,0.08726625111308994,0.07747105966162066,0.0763579697239537,0.06901157613535173,0.060552092609082814,0.060552092609082814,0.04786286731967943,0.05097951914514693,0.04096170970614425,0.03294746215494212,0.02804986642920748,0.018477292965271595,0.010463045414069456,0.006010685663401603,0.929691239673966,0.023245451346789032,0.0,0.0,0.0,0.0,0.0,0.0,0.0,0.0,0.0,0.0,0.0,0.0,0.0,0.0,0.0,0.0,0.0,0.0,0.0,0.0,0.0,0.0,0.0,0.0,0.0,0.13357079252003565,2.951914514692788,13.691006233303654,11.593944790739094,1.629563668744435,4.271034482758621,2.9100875029237536,nan,nan,nan,4.242926155969634,2.8578575702294056,4.299104066161268,2.961060033718438,1.0132403695295507,0.4036,0.012436,0.0,0.0,0.0,0.0,0.0,0.0,0.0,0.0,0.0,0.0,0.06010685663401604,11.667408726625094,18.018699910952808,0.2537845057880677,0.0,0.0,0.0,0.0,0.0,0.0,0.0,0.0,0.0,0.0,0.0,0.0,0.0,0.0,0.0,0.0,nan,nan,4.271034482758621,2.9100875029237536,nan,0.4036,0.0628,0.0,0.0,0.0,0.0,0.0,0.0,0.0,0.0,0.0,0.0,0.0,0.0,0.0,0.0,0.0,0.0,0.0,0.0,0.0,0.0,0.0,0.0005120213713268032,0.0027048085485307212,0.0002560106856634016,0.008047640249332145,0.0023040961709706142,0.00040071237756010683,0.009016028495102404,0.006522707034728406,0.01765360641139804,0.012455476402493322,0.01797640249332146,0.02994211932324132,0.023341495992876226,0.0407613535173642,0.06767586821015138,0.06872217275155833,0.07422083704363312,0.02005788067675868,0.06552760463045414,0.062054764024933214,0.042709260908281386,0.05368432769367765,0.04315449688334817,0.023942564559216385,0.04266473731077471,0.08312555654496884,0.039236420302760464,0.036398040961709704,0.04702804986642921,0.016829919857524488,0.017219501335707925,0.004430097951914515,0.006444790739091719,0.008370436331255565,0.0017475512021371327,0.0011464826357969725,0.0010796972395369546,1.1130899376669635e-05,0.00043410507569011575,0.0001558325912733749,0.0,3.33926981300089e-05,0.0,0.0,0.0,0.0,0.0,0.0,0.0,0.0,0.0,0.0,0.0,0.0,0.0,0.0,0.0,0.0,0.0,0.0,0.0,0.0,0.0,0.0,0.0,0.0,0.0,0.0,0.0,0.0,0.0,0.0,0.0,0.0,0.0,0.0,0.0,0.0,0.0,0.0,nan,nan,4.271034482758621,2.9100875029237536,nan,0.9303292059642012,0.02322728984415902,0.0,0.0,0.0,0.0,0.0,0.0,0.0,0.0,0.0,0.0,0.0,0.0,0.0,0.0,0.0,0.0,0.0,0.0,0.0,0.0,0.0,0.0,0.0,0.0,0.0,0.0774193548387097,2.967741935483872,13.432258064516132,11.793548387096777,1.7290322580645165,0.9290067580750752,0.023245459138748422,0.0,0.0,0.0,0.0,0.0,0.0,0.0,0.0,0.0,0.0,0.0,0.0,0.0,0.0,0.0,0.0,0.0,0.0,0.0,0.0,0.0,0.0,0.0,0.0,0.0,0.1938163359483157,2.934933087217352,13.968620212275038,11.379787724965393,1.522842639593909,0.4036,0.01243,0.0,0.0,0.0,0.0,0.0,0.0,0.0,0.0,0.0,0.0,0.051612903225806465,11.522580645161273,18.14193548387097,0.28387096774193554,0.0,0.0,0.0,0.0,0.0,0.0,0.0,0.0,0.0,0.0,0.0,0.0,0.0,0.0,0.0,0.0,0.4036,0.012436,0.0,0.0,0.0,0.0,0.0,0.0,0.0,0.0,0.0,0.0,0.06922011998154132,11.822796492847237,17.886479003230274,0.22150438394093222,0.0,0.0,0.0,0.0,0.0,0.0,0.0,0.0,0.0,0.0,0.0,0.0,0.0,0.0,0.0,0.0
98400,4464,2293,0.5136648745519713,1082,940,0.4529569892473118,1271,0.5694444444444444,0.4240000000000001,2.976508521418701,3.119588040350535,6.656514382402707,2.168561875646436,9512.137544802867,1614.396753322669,7853.0,11083.0,11083.0,0.0,7853.0,0.0,27.865591397849464,20.855500866834177,32.918050348152114,19.059170707495497,0.14269713261648745,0.10125448028673835,0.08490143369175628,0.0846774193548387,0.08400537634408602,0.08019713261648745,0.07459677419354839,0.060707885304659495,0.058019713261648745,0.0492831541218638,0.046370967741935484,0.03942652329749104,0.03225806451612903,0.0246415770609319,0.018145161290322582,0.011648745519713262,0.007168458781362007,0.930740217407865,0.023176680816905118,0.0,0.0,0.0,0.0,0.0,0.0,0.0,0.0,0.0,0.0,0.0,0.0,0.0,0.0,0.0,0.0,0.0,0.0,0.0,0.0,0.0,0.0,0.0,0.0,0.0,0.06720430107526883,2.7620967741935494,13.73655913978495,11.498655913978498,1.9354838709677424,4.301658604008293,2.942412732413949,nan,nan,nan,4.336827393431167,2.9816172402124654,4.267259056732741,2.903141545480459,0.9839587028979299,0.4043,0.01231,0.0,0.0,0.0,0.0,0.0,0.0,0.0,0.0,0.0,0.0,0.013440860215053767,10.900537634408586,18.81720430107527,0.2688172043010753,0.0,0.0,0.0,0.0,0.0,0.0,0.0,0.0,0.0,0.0,0.0,0.0,0.0,0.0,0.0,0.0,nan,nan,4.301658604008293,2.942412732413949,nan,0.4043,0.0631,0.0,0.0,0.0,0.0,0.0,0.0,0.0,0.0,0.0,0.0,0.0,0.0,0.0,0.0,0.0,0.0,0.0,0.0,0.0,0.0,1.1200716845878136e-05,0.0005040322580645161,0.002060931899641577,0.00011200716845878136,0.008400537634408602,0.0017585125448028674,0.00045922939068100357,0.007862903225806451,0.00678763440860215,0.018234767025089606,0.01382168458781362,0.017753136200716845,0.028405017921146955,0.02488799283154122,0.04099462365591398,0.07224462365591398,0.06491935483870968,0.06951164874551971,0.02073252688172043,0.06736111111111111,0.05956541218637993,0.037858422939068104,0.05301299283154122,0.043682795698924734,0.0247423835125448,0.046583781362007165,0.0814516129032258,0.041073028673835124,0.03523745519713262,0.04910394265232975,0.017999551971326164,0.01730510752688172,0.0045362903225806455,0.0077956989247311825,0.008098118279569893,0.0018593189964157706,0.001388888888888889,0.0008512544802867384,8.960573476702509e-05,0.0006944444444444445,0.000246415770609319,0.0,0.0,0.0,0.0,0.0,0.0,0.0,0.0,0.0,0.0,0.0,0.0,0.0,0.0,0.0,0.0,0.0,0.0,0.0,0.0,0.0,0.0,0.0,0.0,0.0,0.0,0.0,0.0,0.0,0.0,0.0,0.0,0.0,0.0,0.0,0.0,0.0,0.0,0.0,0.0,nan,nan,4.301658604008293,2.942412732413949,nan,0.9295619411651505,0.023527966821633887,0.0,0.0,0.0,0.0,0.0,0.0,0.0,0.0,0.0,0.0,0.0,0.0,0.0,0.0,0.0,0.0,0.0,0.0,0.0,0.0,0.0,0.0,0.0,0.0,0.0,0.10466637592673356,3.100741386829482,13.89446140427388,11.04230266027039,1.8578281726995207,0.9319847072395296,0.022733560170617763,0.0,0.0,0.0,0.0,0.0,0.0,0.0,0.0,0.0,0.0,0.0,0.0,0.0,0.0,0.0,0.0,0.0,0.0,0.0,0.0,0.0,0.0,0.0,0.0,0.0,0.027637033625057584,2.4044219253800097,13.569783509903274,11.980654076462462,2.0175034546292037,0.4045,0.01223,0.0,0.0,0.0,0.0,0.0,0.0,0.0,0.0,0.0,0.0,0.013083296990841695,10.859136502398588,18.866114260793722,0.2616659398168339,0.0,0.0,0.0,0.0,0.0,0.0,0.0,0.0,0.0,0.0,0.0,0.0,0.0,0.0,0.0,0.0,0.404,0.01238,0.0,0.0,0.0,0.0,0.0,0.0,0.0,0.0,0.0,0.0,0.013818516812528792,10.944265315522786,18.765545831414098,0.27637033625057583,0.0,0.0,0.0,0.0,0.0,0.0,0.0,0.0,0.0,0.0,0.0,0.0,0.0,0.0,0.0,0.0
98500,4606,2379,0.5165002171081199,1097,929,0.43986105080330007,1273,0.5527572731220147,0.4040000000000001,2.976650202065559,3.099950447226781,6.550793650793651,2.171194756742407,9521.295701259227,1614.120369807434,7853.0,11083.0,11083.0,0.0,7853.0,0.0,28.1048632218845,21.179568222408943,33.17582987551867,19.42430506925125,0.14285714285714285,0.1033434650455927,0.09227095093356491,0.08076422058184976,0.07989578810247504,0.07012592270950933,0.06817194963091619,0.06860616587060356,0.05145462440295267,0.05709943551888841,0.04819800260529744,0.03821102909248806,0.032783326096396004,0.025835866261398176,0.01997394702561876,0.012809379070777248,0.007598784194528876,0.9293483821299093,0.023216086283063347,0.0,0.0,0.0,0.0,0.0,0.0,0.0,0.0,0.0,0.0,0.0,0.0,0.0,0.0,0.0,0.0,0.0,0.0,0.0,0.0,0.0,0.0,0.0,0.0,0.0,0.11723838471558838,2.963525835866262,13.83412939643943,11.45679548415111,1.6283108988276165,4.26135593220339,2.879353421785793,nan,nan,nan,4.211615487316422,2.886125121676309,4.31267217630854,2.8714475995173676,1.0239947567142484,0.4048,0.012375,0.0,0.0,0.0,0.0,0.0,0.0,0.0,0.0,0.0,0.0,0.013026487190620932,10.688232739904457,19.01215805471125,0.2865827181936605,0.0,0.0,0.0,0.0,0.0,0.0,0.0,0.0,0.0,0.0,0.0,0.0,0.0,0.0,0.0,0.0,nan,nan,4.26135593220339,2.879353421785793,nan,0.4048,0.0634,0.0,0.0,0.0,0.0,0.0,0.0,0.0,0.0,0.0,0.0,0.0,0.0,0.0,0.0,0.0,0.0,0.0,0.0,0.0,0.0,0.0,0.0004342162396873643,0.0015414676508901434,0.0002496743378202345,0.008706035605731655,0.0022470690403821104,0.0005753365175857578,0.0075553625705601386,0.00705601389491967,0.016402518454190187,0.013145896656534954,0.017618323925314806,0.03178462874511507,0.02531480677377334,0.041369952236213633,0.0720581849761181,0.06553408597481546,0.06703213200173687,0.018617021276595744,0.06847590099869735,0.057707338254450714,0.0373643074250977,0.05356057316543639,0.04021927920104212,0.027181936604429007,0.04458315240990013,0.08409683022145029,0.042672600955275725,0.03466131133304386,0.050955275727312205,0.018280503690838036,0.01711897524967434,0.004418150238818932,0.008043855840208424,0.007598784194528876,0.0019322622666087712,0.0014003473729917498,0.0011506730351715155,0.00011940946591402518,0.0011723838471558836,4.342162396873643e-05,0.0,0.0,0.0,0.0,0.0,0.0,0.0,0.0,0.0,0.0,0.0,0.0,0.0,0.0,0.0,0.0,0.0,0.0,0.0,0.0,0.0,0.0,0.0,0.0,0.0,0.0,0.0,0.0,0.0,0.0,0.0,0.0,0.0,0.0,0.0,0.0,0.0,0.0,0.0,0.0,nan,nan,4.26135593220339,2.879353421785793,nan,0.9290833491495348,0.023094418512552978,0.0,0.0,0.0,0.0,0.0,0.0,0.0,0.0,0.0,0.0,0.0,0.0,0.0,0.0,0.0,0.0,0.0,0.0,0.0,0.0,0.0,0.0,0.0,0.0,0.0,0.1261034047919294,3.0643127364438847,13.606557377049183,11.715006305170242,1.4880201765447671,0.9296315044740096,0.023342033669715875,0.0,0.0,0.0,0.0,0.0,0.0,0.0,0.0,0.0,0.0,0.0,0.0,0.0,0.0,0.0,0.0,0.0,0.0,0.0,0.0,0.0,0.0,0.0,0.0,0.0,0.10776829815895826,2.855859901212394,14.077233947013923,11.180960933991921,1.7781769196228114,0.4048,0.01253,0.0,0.0,0.0,0.0,0.0,0.0,0.0,0.0,0.0,0.0,0.012610340479192942,10.655737704918018,19.04161412358134,0.29003783102143765,0.0,0.0,0.0,0.0,0.0,0.0,0.0,0.0,0.0,0.0,0.0,0.0,0.0,0.0,0.0,0.0,0.4048,0.0122,0.0,0.0,0.0,0.0,0.0,0.0,0.0,0.0,0.0,0.0,0.013471037269869783,10.72294566681633,18.980691513246523,0.28289178266726545,0.0,0.0,0.0,0.0,0.0,0.0,0.0,0.0,0.0,0.0,0.0,0.0,0.0,0.0,0.0,0.0
98600,4773,2452,0.5137230253509323,1163,974,0.4477267965640059,1342,0.5623297716320972,0.4200000000000001,2.986212839293408,3.110873676747911,6.580594679186229,2.167334448924027,9512.325371883511,1614.39160720297,7853.0,11083.0,11083.0,0.0,7853.0,0.0,27.69390320553111,20.7898798920456,32.69194194194194,19.031148934375853,0.14100146658286195,0.10161324114812487,0.09407081500104755,0.08799497171590195,0.0812905929184999,0.06851037083595223,0.07374816677142258,0.06746281164885816,0.05845380263984915,0.04776869893148963,0.04399748585795098,0.041483343808925204,0.03184579928765975,0.02765556253928347,0.016341923318667503,0.009428032683846637,0.007332914309658495,0.9276993866489289,0.02327058481859043,0.0,0.0,0.0,0.0,0.0,0.0,0.0,0.0,0.0,0.0,0.0,0.0,0.0,0.0,0.0,0.0,0.0,0.0,0.0,0.0,0.0,0.0,0.0,0.0,0.006285355122564427,0.09428032683846639,3.2935260842237595,14.481458202388438,10.766813324952864,1.357636706473916,4.310885910428245,2.8870729851251205,nan,nan,nan,4.260130718954248,2.9039603309665902,4.361674296926095,2.8691765446452786,1.0238357892446956,0.4048,0.01274,0.0,0.0,0.0,0.0,0.0,0.0,0.0,0.0,0.0,0.0,0.025141420490257707,10.578252671275912,19.006913890634824,0.3896920175989944,0.0,0.0,0.0,0.0,0.0,0.0,0.0,0.0,0.0,0.0,0.0,0.0,0.0,0.0,0.0,0.0,nan,nan,4.310885910428245,2.8870729851251205,nan,0.4048,0.0635,0.0,0.0,0.0,0.0,0.0,0.0,0.0,0.0,0.0,0.0,0.0,0.0,0.0,0.0,0.0,0.0,0.0,0.0,0.0,2.0951183741881417e-05,0.0,0.0002723653886444584,0.001403729310706055,0.00019903624554787347,0.008684265661009848,0.00280745862141211,0.00042949926670856904,0.0075948041064320135,0.007060548921014037,0.015252461764089672,0.013639220615964802,0.018877016551435154,0.03065158181437251,0.0248585795097423,0.041525246176408966,0.07116069557930023,0.06811229834485648,0.06824848103917872,0.01578671694950765,0.06898177247014456,0.05542635658914729,0.041231929604022624,0.05162371673999581,0.040634820867379004,0.02622040645296459,0.04230043997485858,0.08451707521474963,0.04490886235072281,0.03651791326209931,0.049308610936517915,0.017242824219568405,0.016802849360988897,0.005112088833019066,0.008118583699979049,0.008558558558558558,0.0020741671904462603,0.0017075214749633354,0.0010685103708359522,0.00011523151058034779,0.0009428032683846638,0.0,0.0,0.0,0.0,0.0,0.0,0.0,0.0,0.0,0.0,0.0,0.0,0.0,0.0,0.0,0.0,0.0,0.0,0.0,0.0,0.0,0.0,0.0,0.0,0.0,0.0,0.0,0.0,0.0,0.0,0.0,0.0,0.0,0.0,0.0,0.0,0.0,0.0,0.0,0.0,0.0,nan,nan,4.310885910428245,2.8870729851251205,nan,0.9273078103487488,0.023227274649210046,0.0,0.0,0.0,0.0,0.0,0.0,0.0,0.0,0.0,0.0,0.0,0.0,0.0,0.0,0.0,0.0,0.0,0.0,0.0,0.0,0.0,0.0,0.0,0.0,0.0,0.09787928221859708,3.3401305057096256,14.62071778140294,10.595432300163136,1.34584013050571,0.9281130639811314,0.023309107571155258,0.0,0.0,0.0,0.0,0.0,0.0,0.0,0.0,0.0,0.0,0.0,0.0,0.0,0.0,0.0,0.0,0.0,0.0,0.0,0.0,0.0,0.0,0.0,0.0,0.01292546316242999,0.09047824213700993,3.2442912537699273,14.334338647134858,10.947867298578203,1.370099095217579,0.4053,0.01274,0.0,0.0,0.0,0.0,0.0,0.0,0.0,0.0,0.0,0.0,0.012234910277324635,10.252854812398027,19.208809135399676,0.5261011419249593,0.0,0.0,0.0,0.0,0.0,0.0,0.0,0.0,0.0,0.0,0.0,0.0,0.0,0.0,0.0,0.0,0.4045,0.01272,0.0,0.0,0.0,0.0,0.0,0.0,0.0,0.0,0.0,0.0,0.03877638948728997,10.922016372253323,18.793623438173203,0.2455838000861698,0.0,0.0,0.0,0.0,0.0,0.0,0.0,0.0,0.0,0.0,0.0,0.0,0.0,0.0,0.0,0.0
98700,4742,2554,0.5385913116828343,1240,919,0.4552931252636019,1265,0.5335301560522986,0.4120000000000001,2.94926873857404,3.028156173747633,6.341346153846154,2.0810089350768832,9592.649936735555,1610.1824099374028,7853.0,11083.0,11083.0,0.0,7853.0,0.0,28.91670181358077,21.206005378463484,33.74496143319234,19.41920813410311,0.13053563897089834,0.09531843104175454,0.08941374947279629,0.08730493462673977,0.07950231969633066,0.07739350485027414,0.06769295655841417,0.06727119358920287,0.05461830451286377,0.05482918599746942,0.04850274145929987,0.03901307465204555,0.036060733867566426,0.03331927456769296,0.018346689160691692,0.013496415014761703,0.007380851961197807,0.9275805077966081,0.0234813255764697,0.0,0.0,0.0,0.0,0.0,0.0,0.0,0.0,0.0,0.0,0.0,0.0,0.0,0.0,0.0,0.0,0.0,0.0,0.0,0.0,0.0,0.0,0.0,0.0,0.00632644453816955,0.126528890763391,3.3783213833825396,14.405314213412066,10.527203711514131,1.5563053563897093,4.052698818268924,2.8637931114701036,nan,nan,nan,4.0966709346991035,2.8471971851366766,4.008922880815806,2.8795530998057233,0.9785806438247053,0.4045,0.01239,0.0,0.0,0.0,0.0,0.0,0.0,0.0,0.0,0.0,0.0,0.03163222269084775,10.951075495571473,18.745255166596376,0.27203711514129064,0.0,0.0,0.0,0.0,0.0,0.0,0.0,0.0,0.0,0.0,0.0,0.0,0.0,0.0,0.0,0.0,nan,nan,4.052698818268924,2.8637931114701036,nan,0.4045,0.0632,0.0,0.0,0.0,0.0,0.0,0.0,0.0,0.0,0.0,0.0,0.0,0.0,0.0,0.0,0.0,0.0,0.0,0.0,0.0,9.489666807254323e-05,0.0,0.00017924926191480387,0.001560522986081822,0.0002846900042176297,0.00812948123154787,0.002846900042176297,0.0005166596372838465,0.007243778996204133,0.007296499367355546,0.015795023196963305,0.014403205398566005,0.02107760438633488,0.027667650780261493,0.02430409110080135,0.04359974694221847,0.06891606916912695,0.06857865879375791,0.06856811471952763,0.01568958245466048,0.06790383804301982,0.05866722901729228,0.04194432728806411,0.05102277520033741,0.04028890763390974,0.02606495149725854,0.043325601012231124,0.08484816533108393,0.04684732180514551,0.03554407423028258,0.048481653310839305,0.015025305778152679,0.016765078026149304,0.005746520455504007,0.007338675664276676,0.00808730493462674,0.0015816111345423871,0.0016975959510754956,0.0010754955714888234,0.00011598481653310839,0.0008751581611134542,0.0,0.0,0.0,0.0,0.0,0.0,0.0,0.0,0.0,0.0,0.0,0.0,0.0,0.0,0.0,0.0,0.0,0.0,0.0,0.0,0.0,0.0,0.0,0.0,0.0,0.0,0.0,0.0,0.0,0.0,0.0,0.0,0.0,0.0,0.0,0.0,0.0,0.0,0.0,0.0,0.0,nan,nan,4.052698818268924,2.8637931114701036,nan,0.9276291373052351,0.023550388861070703,0.0,0.0,0.0,0.0,0.0,0.0,0.0,0.0,0.0,0.0,0.0,0.0,0.0,0.0,0.0,0.0,0.0,0.0,0.0,0.0,0.0,0.0,0.0,0.0,0.01174628034455756,0.12920908379013316,3.4886452623335953,14.224745497259205,10.524667188723575,1.6209866875489432,0.9275237437358068,0.023400324002468904,0.0,0.0,0.0,0.0,0.0,0.0,0.0,0.0,0.0,0.0,0.0,0.0,0.0,0.0,0.0,0.0,0.0,0.0,0.0,0.0,0.0,0.0,0.0,0.0,0.0,0.12340036563071301,3.249542961608776,14.616087751371118,10.530164533820843,1.4808043875685561,0.4045,0.01238,0.0,0.0,0.0,0.0,0.0,0.0,0.0,0.0,0.0,0.0,0.04698512137823024,10.924040720438512,18.77055599060298,0.2584181675802663,0.0,0.0,0.0,0.0,0.0,0.0,0.0,0.0,0.0,0.0,0.0,0.0,0.0,0.0,0.0,0.0,0.4045,0.012405,0.0,0.0,0.0,0.0,0.0,0.0,0.0,0.0,0.0,0.0,0.01371115173674589,10.98263254113344,18.71572212065814,0.2879341864716637,0.0,0.0,0.0,0.0,0.0,0.0,0.0,0.0,0.0,0.0,0.0,0.0,0.0,0.0,0.0,0.0
98800,4741,2424,0.5112845391267665,1109,1005,0.44589748998101664,1352,0.5703438093229276,0.4160000000000001,3.0164005179110918,3.158274632385379,6.786752827140549,2.213868525918508,9504.449061379455,1614.5886367507223,7853.0,11083.0,11083.0,0.0,7853.0,0.0,27.451170639105673,20.840825349927453,32.451539626451286,19.155499574787566,0.1432187302256908,0.10229909301835056,0.0991352035435562,0.08774520143429657,0.07994094072980384,0.07023834634043451,0.07087112423539338,0.06538704914574985,0.05568445475638051,0.048723897911832945,0.04640371229698376,0.03691204387260072,0.03585741404766927,0.02088167053364269,0.018350558953807213,0.01054629824931449,0.007804260704492723,0.927567658080403,0.022770320964548386,0.0,0.0,0.0,0.0,0.0,0.0,0.0,0.0,0.0,0.0,0.0,0.0,0.0,0.0,0.0,0.0,0.0,0.0,0.0,0.0,0.0,0.0,0.0,0.0,0.0,0.11390002109259652,3.265133937987767,14.585530478801944,10.662307530056953,1.373128032060747,4.410179640718563,2.9076063154011442,nan,nan,nan,4.458526874585269,2.9683307338461136,4.361815754339119,2.845357385690217,0.9783087277554773,0.4048,0.012405,0.0,0.0,0.0,0.0,0.0,0.0,0.0,0.0,0.0,0.0,0.018983336848766085,10.618013077409813,19.05294241721156,0.31006116852984605,0.0,0.0,0.0,0.0,0.0,0.0,0.0,0.0,0.0,0.0,0.0,0.0,0.0,0.0,0.0,0.0,nan,nan,4.410179640718563,2.9076063154011442,nan,0.4048,0.06323,0.0,0.0,0.0,0.0,0.0,0.0,0.0,0.0,0.0,0.0,0.0,0.0,0.0,0.0,0.0,0.0,0.0,0.0,0.0,8.437038599451593e-05,0.0,0.00027420375448217676,0.0021619911411094707,0.000495676017717781,0.007603881037755748,0.002573296772832736,0.0005167686142164101,0.007624973634254377,0.006275047458342122,0.01577726218097448,0.015249947268508753,0.01925754060324826,0.029160514659354566,0.024288124868171272,0.042195739295507274,0.06792870702383463,0.06855093862054419,0.0679814385150812,0.015576882514237504,0.07017506855093862,0.057055473528791395,0.04226956338325248,0.052003796667369755,0.04050833157561696,0.026429023412782113,0.04346129508542502,0.08362159881881459,0.04816494410461928,0.036321451170639105,0.047753638472896015,0.014300780426070449,0.016663151233916894,0.00631723265133938,0.008342121915207761,0.007361316178021515,0.002193630035857414,0.0012339168951697953,0.0012550094916684244,0.00013710187724108838,0.0008542501581944738,0.0,0.0,0.0,0.0,0.0,0.0,0.0,0.0,0.0,0.0,0.0,0.0,0.0,0.0,0.0,0.0,0.0,0.0,0.0,0.0,0.0,0.0,0.0,0.0,0.0,0.0,0.0,0.0,0.0,0.0,0.0,0.0,0.0,0.0,0.0,0.0,0.0,0.0,0.0,0.0,0.0,nan,nan,4.410179640718563,2.9076063154011442,nan,0.9272007714010307,0.022664129941303988,0.0,0.0,0.0,0.0,0.0,0.0,0.0,0.0,0.0,0.0,0.0,0.0,0.0,0.0,0.0,0.0,0.0,0.0,0.0,0.0,0.0,0.0,0.0,0.0,0.0,0.12376237623762379,3.3787128712871293,14.641089108910894,10.507425742574261,1.3490099009900993,0.9279514877354733,0.022874590892435626,0.0,0.0,0.0,0.0,0.0,0.0,0.0,0.0,0.0,0.0,0.0,0.0,0.0,0.0,0.0,0.0,0.0,0.0,0.0,0.0,0.0,0.0,0.0,0.0,0.0,0.10358221838584379,3.146309883470005,14.52740612861459,10.824341821320676,1.398359948208891,0.4048,0.012505,0.0,0.0,0.0,0.0,0.0,0.0,0.0,0.0,0.0,0.0,0.037128712871287134,10.420792079207907,19.245049504950497,0.29702970297029707,0.0,0.0,0.0,0.0,0.0,0.0,0.0,0.0,0.0,0.0,0.0,0.0,0.0,0.0,0.0,0.0,0.4045,0.0123,0.0,0.0,0.0,0.0,0.0,0.0,0.0,0.0,0.0,0.0,0.0,10.824341821320658,18.851963746223568,0.3236944324557618,0.0,0.0,0.0,0.0,0.0,0.0,0.0,0.0,0.0,0.0,0.0,0.0,0.0,0.0,0.0,0.0
98900,4815,2444,0.5075804776739357,1148,995,0.445067497403946,1378,0.5723779854620976,0.4080000000000001,2.91902150991143,3.0983085499832996,6.618604651162791,2.0880526680317457,9492.484942886813,1614.8143817701864,7853.0,11083.0,11083.0,0.0,7853.0,0.0,27.818691588785047,20.921257294988685,32.996007984031934,19.11138388615143,0.14537902388369678,0.10259605399792315,0.08868120456905504,0.08701973001038421,0.0778816199376947,0.07040498442367601,0.07102803738317758,0.06666666666666667,0.058566978193146414,0.04984423676012461,0.045067497403946,0.042782969885773625,0.032398753894081,0.026375908618899272,0.018483904465212878,0.011214953271028037,0.005607476635514018,0.9274581065554237,0.02301459706072031,0.0,0.0,0.0,0.0,0.0,0.0,0.0,0.0,0.0,0.0,0.0,0.0,0.0,0.0,0.0,0.0,0.0,0.0,0.0,0.0,0.0,0.0,0.0,0.0,0.0,0.12461059190031155,3.3707165109034274,14.598130841121499,10.647975077881624,1.2585669781931466,4.268237572627502,2.8450456738166476,nan,nan,nan,4.227595099935526,2.857304701035598,4.309831824062096,2.832836308363642,1.0194523652768508,0.405,0.01244,0.0,0.0,0.0,0.0,0.0,0.0,0.0,0.0,0.0,0.0,0.012461059190031156,10.398753894080981,19.31464174454829,0.2741433021806854,0.0,0.0,0.0,0.0,0.0,0.0,0.0,0.0,0.0,0.0,0.0,0.0,0.0,0.0,0.0,0.0,nan,nan,4.268237572627502,2.8450456738166476,nan,0.405,0.0632,0.0,0.0,0.0,0.0,0.0,0.0,0.0,0.0,0.0,0.0,0.0,0.0,0.0,0.0,0.0,0.0,0.0,0.0,0.0,7.268951194184839e-05,0.0,0.00023883696780893044,0.00221183800623053,0.0004153686396677051,0.007964693665628245,0.0029283489096573207,0.0003842159916926272,0.008359293873312565,0.007528556593977154,0.014610591900311526,0.013385254413291796,0.018359293873312563,0.029968847352024923,0.023146417445482865,0.04325025960539979,0.0678816199376947,0.06574247144340602,0.06749740394600208,0.016147455867082036,0.06836967808930426,0.057777777777777775,0.047123572170301144,0.05329179646936656,0.037808930425752854,0.02541017653167186,0.0443613707165109,0.08669781931464174,0.047601246105919,0.03541017653167186,0.046822429906542055,0.014911734164070612,0.016157840083073728,0.007300103842159917,0.008328141225337487,0.007393561786085151,0.002035306334371755,0.0008411214953271028,0.0011214953271028037,8.307372793354102e-05,0.001059190031152648,0.0,0.0,0.0,0.0,0.0,0.0,0.0,0.0,0.0,0.0,0.0,0.0,0.0,0.0,0.0,0.0,0.0,0.0,0.0,0.0,0.0,0.0,0.0,0.0,0.0,0.0,0.0,0.0,0.0,0.0,0.0,0.0,0.0,0.0,0.0,0.0,0.0,0.0,0.0,0.0,0.0,nan,nan,4.268237572627502,2.8450456738166476,nan,0.9280211170205508,0.023374964950089346,0.0,0.0,0.0,0.0,0.0,0.0,0.0,0.0,0.0,0.0,0.0,0.0,0.0,0.0,0.0,0.0,0.0,0.0,0.0,0.0,0.0,0.0,0.0,0.0,0.0,0.12274959083469725,3.4492635024549925,14.030278232405895,10.998363338788874,1.3993453355155487,0.9268777617318175,0.022622469468426443,0.0,0.0,0.0,0.0,0.0,0.0,0.0,0.0,0.0,0.0,0.0,0.0,0.0,0.0,0.0,0.0,0.0,0.0,0.0,0.0,0.0,0.0,0.0,0.0,0.0,0.126528890763391,3.289751159848166,15.18346689160692,10.286798819063687,1.1134542387178408,0.405,0.01241,0.0,0.0,0.0,0.0,0.0,0.0,0.0,0.0,0.0,0.0,0.012274959083469724,10.34779050736496,19.296235679214405,0.3436988543371523,0.0,0.0,0.0,0.0,0.0,0.0,0.0,0.0,0.0,0.0,0.0,0.0,0.0,0.0,0.0,0.0,0.4048,0.012474,0.0,0.0,0.0,0.0,0.0,0.0,0.0,0.0,0.0,0.0,0.0126528890763391,10.451286377056078,19.333614508646143,0.2024462252214256,0.0,0.0,0.0,0.0,0.0,0.0,0.0,0.0,0.0,0.0,0.0,0.0,0.0,0.0,0.0,0.0
99000,4921,2607,0.529770371875635,1234,992,0.4523470839260313,1393,0.566145092460882,0.4000000000000001,3.033707865168539,3.0939880077217556,6.603630862329803,2.1290268550126883,9564.1583011583,1612.1347899969003,7853.0,11083.0,11083.0,0.0,7853.0,0.0,28.216216216216218,20.762286368463307,33.041616550396924,18.96698193539232,0.13615118878276772,0.09571225360699046,0.09002235318024791,0.09327372485267223,0.07803292013818329,0.0727494411704938,0.07132696606380817,0.06665311928469823,0.05608616134931924,0.057508636456004875,0.045722414143466776,0.04328388538914855,0.0331233489128226,0.02702702702702703,0.017476122739280633,0.010363747205852468,0.005486689697216013,0.9286705063649537,0.02322535612719981,0.0,0.0,0.0,0.0,0.0,0.0,0.0,0.0,0.0,0.0,0.0,0.0,0.0,0.0,0.0,0.0,0.0,0.0,0.0,0.0,0.0,0.0,0.0,0.0,0.0060963218857955715,0.1463117252590937,2.9932940459256256,14.1800447063605,11.09530583214794,1.578947368421053,4.223394353087186,2.914712594487371,nan,nan,nan,4.238154613466334,2.9601493839158133,4.208770846201359,2.8689123538155004,0.9930668486771079,0.4048,0.012665,0.0,0.0,0.0,0.0,0.0,0.0,0.0,0.0,0.0,0.0,0.042674253200569,10.747815484657576,18.78886405202195,0.42064621011989445,0.0,0.0,0.0,0.0,0.0,0.0,0.0,0.0,0.0,0.0,0.0,0.0,0.0,0.0,0.0,0.0,nan,nan,4.223394353087186,2.914712594487371,nan,0.4048,0.0635,0.0,0.0,0.0,0.0,0.0,0.0,0.0,0.0,0.0,0.0,0.0,0.0,0.0,0.0,0.0,0.0,0.0,0.0,0.0,0.0,3.048160942897785e-05,2.03210729526519e-05,0.002245478561268035,0.00035561877667140827,0.008890469416785207,0.003302174354805934,0.0003657793131477342,0.007163178215809795,0.008290997764681975,0.013401747612273928,0.013361105466368624,0.01839057102214997,0.028916886811623653,0.024405608616134934,0.04485876854297907,0.06726275147327779,0.06579963422068685,0.06927453769559033,0.016470229628124364,0.06807559439138386,0.0593578540946962,0.046525096525096524,0.05315992684413737,0.037959764275553746,0.024070310912416175,0.044188173135541554,0.08794960373907743,0.04337533021743548,0.03326559642349116,0.046606380816907135,0.014722617354196301,0.01570818939239992,0.008992074781548466,0.01005893111156269,0.007894736842105263,0.0022861207071733385,0.0003454582401950823,0.0011379800853485065,6.09632188579557e-05,0.0014529567161146108,0.0,0.0,0.0,0.0,0.0,0.0,0.0,0.0,0.0,0.0,0.0,0.0,0.0,0.0,0.0,0.0,0.0,0.0,0.0,0.0,0.0,0.0,0.0,0.0,0.0,0.0,0.0,0.0,0.0,0.0,0.0,0.0,0.0,0.0,0.0,0.0,0.0,0.0,0.0,0.0,0.0,nan,nan,4.223394353087186,2.914712594487371,nan,0.9284122343213338,0.023356171150345426,0.0,0.0,0.0,0.0,0.0,0.0,0.0,0.0,0.0,0.0,0.0,0.0,0.0,0.0,0.0,0.0,0.0,0.0,0.0,0.0,0.0,0.0,0.0,0.0,0.011507479861910244,0.14959723820483317,3.1070195627157657,14.13118527042578,11.047180667433835,1.5535097813578829,0.9289614809620659,0.023073625990536577,0.0,0.0,0.0,0.0,0.0,0.0,0.0,0.0,0.0,0.0,0.0,0.0,0.0,0.0,0.0,0.0,0.0,0.0,0.0,0.0,0.0,0.0,0.0,0.0,0.0,0.1426101987899741,2.8651685393258437,14.235090751944687,11.149524632670703,1.607605877268799,0.405,0.01258,0.0,0.0,0.0,0.0,0.0,0.0,0.0,0.0,0.0,0.0,0.023014959723820488,10.609896432681227,18.952819332566175,0.4142692750287688,0.0,0.0,0.0,0.0,0.0,0.0,0.0,0.0,0.0,0.0,0.0,0.0,0.0,0.0,0.0,0.0,0.4048,0.01275,0.0,0.0,0.0,0.0,0.0,0.0,0.0,0.0,0.0,0.0,0.0648228176318064,10.90319792566982,18.604148660328438,0.4278305963699223,0.0,0.0,0.0,0.0,0.0,0.0,0.0,0.0,0.0,0.0,0.0,0.0,0.0,0.0,0.0,0.0
99100,4692,2480,0.5285592497868713,1151,957,0.4492753623188406,1305,0.5562659846547314,0.4240000000000001,3.0361663652802893,3.173915122050212,6.738916256157635,2.2777166009337586,9560.246376811594,1612.363360401474,7853.0,11083.0,11083.0,0.0,7853.0,0.0,28.102088661551576,20.862927486167344,32.85710685483871,19.17161709698955,0.1329923273657289,0.10720375106564364,0.08780903665814152,0.08780903665814152,0.07949701619778346,0.07352941176470588,0.06926683716965047,0.06777493606138107,0.06074168797953964,0.05051150895140665,0.04752770673486786,0.041986359761295826,0.03346121057118499,0.022591645353793693,0.019820971867007674,0.011082693947144074,0.00639386189258312,0.928912982306517,0.022999358300455863,0.0,0.0,0.0,0.0,0.0,0.0,0.0,0.0,0.0,0.0,0.0,0.0,0.0,0.0,0.0,0.0,0.0,0.0,0.0,0.0,0.0,0.0,0.0,0.0,0.0,0.07033248081841434,3.203324808184144,13.881074168797957,11.329923273657291,1.5153452685422,4.247854785478548,2.929471339465148,nan,nan,nan,4.325505544683627,2.948854381154539,4.168336673346693,2.907339795802043,0.963664623773259,0.4053,0.01307,0.0,0.0,0.0,0.0,0.0,0.0,0.0,0.0,0.0,0.0,0.03196930946291561,10.370843989769805,19.143222506393865,0.45396419437340163,0.0,0.0,0.0,0.0,0.0,0.0,0.0,0.0,0.0,0.0,0.0,0.0,0.0,0.0,0.0,0.0,nan,nan,4.247854785478548,2.929471339465148,nan,0.4053,0.0635,0.0,0.0,0.0,0.0,0.0,0.0,0.0,0.0,0.0,0.0,0.0,0.0,0.0,0.0,0.0,0.0,0.0,0.0,0.0,0.0,7.459505541346974e-05,3.19693094629156e-05,0.0020460358056265983,0.00042625745950554135,0.00987851662404092,0.002855924978687127,0.00044757033248081843,0.006543052003410059,0.008354646206308611,0.01272378516624041,0.013086104006820119,0.01852088661551577,0.028729752770673488,0.023657289002557546,0.047144075021312876,0.06736999147485082,0.06563299232736573,0.06554774083546462,0.016315004262574595,0.0668158567774936,0.05964407502131287,0.04681372549019608,0.05571184995737426,0.03781969309462915,0.023731884057971015,0.045257885763000855,0.08651960784313725,0.044948849104859336,0.03290707587382779,0.046749786871270245,0.014354219948849105,0.017561807331628303,0.009367007672634271,0.009782608695652175,0.007129156010230179,0.0025788576300085253,0.00033034953111679455,0.001054987212276215,1.0656436487638533e-05,0.0015238704177323104,0.0,0.0,0.0,0.0,0.0,0.0,0.0,0.0,0.0,0.0,0.0,0.0,0.0,0.0,0.0,0.0,0.0,0.0,0.0,0.0,0.0,0.0,0.0,0.0,0.0,0.0,0.0,0.0,0.0,0.0,0.0,0.0,0.0,0.0,0.0,0.0,0.0,0.0,0.0,0.0,0.0,nan,nan,4.247854785478548,2.929471339465148,nan,0.9289646149162323,0.02305986338554329,0.0,0.0,0.0,0.0,0.0,0.0,0.0,0.0,0.0,0.0,0.0,0.0,0.0,0.0,0.0,0.0,0.0,0.0,0.0,0.0,0.0,0.0,0.0,0.0,0.0,0.10887096774193551,3.2419354838709684,13.657258064516132,11.50403225806452,1.487903225806452,0.9288550940279935,0.022931194513700213,0.0,0.0,0.0,0.0,0.0,0.0,0.0,0.0,0.0,0.0,0.0,0.0,0.0,0.0,0.0,0.0,0.0,0.0,0.0,0.0,0.0,0.0,0.0,0.0,0.0,0.027124773960217004,3.160036166365281,14.13200723327306,11.134719710669081,1.5461121157323694,0.405,0.0131,0.0,0.0,0.0,0.0,0.0,0.0,0.0,0.0,0.0,0.0,0.02419354838709678,10.560483870967728,18.91935483870968,0.495967741935484,0.0,0.0,0.0,0.0,0.0,0.0,0.0,0.0,0.0,0.0,0.0,0.0,0.0,0.0,0.0,0.0,0.4053,0.01304,0.0,0.0,0.0,0.0,0.0,0.0,0.0,0.0,0.0,0.0,0.040687160940325505,10.158227848101252,19.394213381555158,0.40687160940325506,0.0,0.0,0.0,0.0,0.0,0.0,0.0,0.0,0.0,0.0,0.0,0.0,0.0,0.0,0.0,0.0
99200,4715,2427,0.5147401908801696,1112,975,0.4426299045599152,1294,0.5488865323435843,0.4240000000000001,2.945367132867133,3.1394018412999496,6.6314935064935066,2.241632719683988,9515.610816542949,1614.2980549291735,7853.0,11083.0,11083.0,0.0,7853.0,0.0,27.642629904559914,20.999484068747773,32.799898037216416,19.26088993797952,0.14167550371155885,0.10922587486744433,0.09522799575821846,0.08271474019088017,0.07571580063626723,0.0735949098621421,0.0704135737009544,0.06277836691410392,0.06341463414634146,0.049204665959703076,0.04114528101802757,0.03923647932131495,0.032873806998939555,0.023753976670201484,0.019088016967126194,0.013361611876988335,0.006574761399787911,0.9294541545030547,0.023233023934669025,0.0,0.0,0.0,0.0,0.0,0.0,0.0,0.0,0.0,0.0,0.0,0.0,0.0,0.0,0.0,0.0,0.0,0.0,0.0,0.0,0.0,0.0,0.0,0.0,0.0,0.11452810180275719,2.9904559915164377,14.004241781548254,11.31283138918346,1.577942735949099,4.312541918175721,2.893058769714772,nan,nan,nan,4.25853985264568,2.92667749103936,4.369623655913978,2.856645123871965,1.0260849509719359,0.4053,0.012505,0.0,0.0,0.0,0.0,0.0,0.0,0.0,0.0,0.0,0.0,0.057264050901378594,9.96394485683986,19.584305408271476,0.39448568398727474,0.0,0.0,0.0,0.0,0.0,0.0,0.0,0.0,0.0,0.0,0.0,0.0,0.0,0.0,0.0,0.0,nan,nan,4.312541918175721,2.893058769714772,nan,0.4053,0.06366,0.0,0.0,0.0,0.0,0.0,0.0,0.0,0.0,0.0,0.0,0.0,0.0,0.0,0.0,0.0,0.0,0.0,0.0,0.0,0.0,0.00012725344644750795,3.1813361611876987e-05,0.0026086956521739132,0.00047720042417815484,0.009766702014846236,0.0026935312831389184,0.00038176033934252384,0.007507953340402969,0.008674443266171792,0.01183457051961824,0.011983032873806998,0.01938494167550371,0.027709437963944858,0.023690349946977732,0.044899257688229055,0.06920466595970308,0.064135737009544,0.06625662778366914,0.01812301166489926,0.06826086956521739,0.056977730646871685,0.04673382820784729,0.05601272534464475,0.03752916224814422,0.0243796394485684,0.04312831389183457,0.08489925768822906,0.047433722163308586,0.03387062566277837,0.04652173913043478,0.015079533404029693,0.01812301166489926,0.009713679745493108,0.009427359490986215,0.007295864262990456,0.0028313891834570518,0.00024390243902439024,0.000975609756097561,0.0,0.001071049840933192,0.0,0.0,0.0,0.0,0.0,0.0,0.0,0.0,0.0,0.0,0.0,0.0,0.0,0.0,0.0,0.0,0.0,0.0,0.0,0.0,0.0,0.0,0.0,0.0,0.0,0.0,0.0,0.0,0.0,0.0,0.0,0.0,0.0,0.0,0.0,0.0,0.0,0.0,0.0,0.0,0.0,nan,nan,4.312541918175721,2.893058769714772,nan,0.9294605302280194,0.02317710727124654,0.0,0.0,0.0,0.0,0.0,0.0,0.0,0.0,0.0,0.0,0.0,0.0,0.0,0.0,0.0,0.0,0.0,0.0,0.0,0.0,0.0,0.0,0.0,0.0,0.0,0.14833127317676145,2.929542645241039,14.16563658838072,11.28553770086527,1.4709517923362179,0.929447391441652,0.023292189008749974,0.0,0.0,0.0,0.0,0.0,0.0,0.0,0.0,0.0,0.0,0.0,0.0,0.0,0.0,0.0,0.0,0.0,0.0,0.0,0.0,0.0,0.0,0.0,0.0,0.0,0.07867132867132869,3.055069930069931,13.833041958041962,11.34178321678322,1.691433566433567,0.4055,0.012566,0.0,0.0,0.0,0.0,0.0,0.0,0.0,0.0,0.0,0.0,0.061804697156983945,9.839307787391828,19.66625463535229,0.4326328800988876,0.0,0.0,0.0,0.0,0.0,0.0,0.0,0.0,0.0,0.0,0.0,0.0,0.0,0.0,0.0,0.0,0.405,0.012436,0.0,0.0,0.0,0.0,0.0,0.0,0.0,0.0,0.0,0.0,0.05244755244755246,10.096153846153832,19.497377622377627,0.3540209790209791,0.0,0.0,0.0,0.0,0.0,0.0,0.0,0.0,0.0,0.0,0.0,0.0,0.0,0.0,0.0,0.0
99300,4914,2551,0.5191290191290191,1216,1021,0.45522995522995524,1423,0.5791615791615792,0.4160000000000001,3.0177740160812525,3.0597971584047388,6.450437317784257,2.1154074757230563,9529.786731786731,1613.8176476216618,7853.0,11083.0,11083.0,0.0,7853.0,0.0,28.403947903947905,20.87335673654555,33.250421382133396,19.059992236628467,0.13553113553113552,0.0986975986975987,0.08424908424908426,0.08526658526658526,0.08221408221408222,0.07936507936507936,0.07468457468457468,0.06105006105006105,0.057997557997558,0.054334554334554336,0.05046805046805047,0.03683353683353684,0.037037037037037035,0.025234025234025233,0.02035002035002035,0.008750508750508751,0.007936507936507936,0.9294291198205114,0.02323134148192291,0.0,0.0,0.0,0.0,0.0,0.0,0.0,0.0,0.0,0.0,0.0,0.0,0.0,0.0,0.0,0.0,0.0,0.0,0.0,0.0,0.0,0.0,0.0,0.0,0.0,0.07326007326007328,2.9670329670329676,14.078144078144081,11.190476190476193,1.6910866910866915,4.191489361702128,2.8300665958427587,nan,nan,nan,4.172029702970297,2.902092082371488,4.210817455439459,2.75652989197467,1.009297094035919,0.405,0.01254,0.0,0.0,0.0,0.0,0.0,0.0,0.0,0.0,0.0,0.0,0.0,10.537240537240523,19.17582417582418,0.28693528693528697,0.0,0.0,0.0,0.0,0.0,0.0,0.0,0.0,0.0,0.0,0.0,0.0,0.0,0.0,0.0,0.0,nan,nan,4.191489361702128,2.8300665958427587,nan,0.405,0.0641,0.0,0.0,0.0,0.0,0.0,0.0,0.0,0.0,0.0,0.0,0.0,0.0,0.0,0.0,0.0,0.0,0.0,0.0,3.0525030525030525e-05,0.0,7.122507122507122e-05,0.0001221001221001221,0.0025946275946275945,0.0007427757427757428,0.009533984533984534,0.0033984533984533984,0.000407000407000407,0.007366707366707367,0.009706959706959707,0.012891737891737892,0.012006512006512007,0.020197395197395197,0.027574277574277575,0.024013024013024013,0.04504477004477005,0.06806064306064306,0.06563899063899063,0.06291208791208791,0.01695156695156695,0.06791819291819291,0.05721408221408222,0.046255596255596255,0.055382580382580385,0.042104192104192105,0.023565323565323565,0.04151404151404151,0.08249898249898249,0.04865689865689866,0.03493080993080993,0.04342694342694343,0.01504884004884005,0.02047212047212047,0.010754985754985754,0.007936507936507936,0.007794057794057794,0.0029304029304029304,0.00018315018315018315,0.0012311762311762312,0.0,0.0009157509157509158,0.0,0.0,0.0,0.0,0.0,0.0,0.0,0.0,0.0,0.0,0.0,0.0,0.0,0.0,0.0,0.0,0.0,0.0,0.0,0.0,0.0,0.0,0.0,0.0,0.0,0.0,0.0,0.0,0.0,0.0,0.0,0.0,0.0,0.0,0.0,0.0,0.0,0.0,0.0,0.0,0.0,nan,nan,4.191489361702128,2.8300665958427587,nan,0.929555435827413,0.022985590798076813,0.0,0.0,0.0,0.0,0.0,0.0,0.0,0.0,0.0,0.0,0.0,0.0,0.0,0.0,0.0,0.0,0.0,0.0,0.0,0.0,0.0,0.0,0.0,0.0,0.0,0.04704037632301059,2.7871422971383777,14.323794590356727,11.23088984711878,1.611132889063113,0.9292927541270681,0.023492996352338518,0.0,0.0,0.0,0.0,0.0,0.0,0.0,0.0,0.0,0.0,0.0,0.0,0.0,0.0,0.0,0.0,0.0,0.0,0.0,0.0,0.0,0.0,0.0,0.0,0.0,0.10156580617858657,3.161235717308507,13.812949640287773,11.146847228099876,1.7774016081252648,0.405,0.01239,0.0,0.0,0.0,0.0,0.0,0.0,0.0,0.0,0.0,0.0,0.0,10.51352410819285,19.19247353978832,0.2940023520188162,0.0,0.0,0.0,0.0,0.0,0.0,0.0,0.0,0.0,0.0,0.0,0.0,0.0,0.0,0.0,0.0,0.405,0.01271,0.0,0.0,0.0,0.0,0.0,0.0,0.0,0.0,0.0,0.0,0.0,10.562843842572985,19.15785019043589,0.27930596699111304,0.0,0.0,0.0,0.0,0.0,0.0,0.0,0.0,0.0,0.0,0.0,0.0,0.0,0.0,0.0,0.0
99400,4882,2541,0.5204834084391643,1254,970,0.4555510036870135,1364,0.5587873822204015,0.38800000000000007,3.008543357539513,3.065832509452234,6.498595505617978,2.115352719647276,9534.1614092585,1613.6442197476274,7853.0,11083.0,11083.0,0.0,7853.0,0.0,28.73084801310938,20.702988948233173,33.39499639162858,18.87721244913131,0.13252765260139288,0.08787382220401475,0.09115116755428103,0.08603031544448997,0.0809094633346989,0.07537894305612454,0.07722244981564932,0.06534207292093404,0.061859893486276116,0.05407619827939369,0.050389184760344125,0.044039328144203194,0.03441212617779599,0.024784924211388774,0.01700122900450635,0.010036870135190496,0.006964358869315854,0.9292088319096884,0.023184726361823213,0.0,0.0,0.0,0.0,0.0,0.0,0.0,0.0,0.0,0.0,0.0,0.0,0.0,0.0,0.0,0.0,0.0,0.0,0.0,0.0,0.0,0.0,0.0,0.0,0.0,0.09832036050798855,3.1032363785333885,13.936911102007377,11.263826300696438,1.597705858254814,4.0932098765432094,2.8549205204653347,nan,nan,nan,4.116152450090744,2.885147598722489,4.069313169502205,2.822894021421664,0.9886206156947598,0.4043,0.012314,0.0,0.0,0.0,0.0,0.0,0.0,0.0,0.0,0.0,0.0,0.012290045063498569,10.796804588283475,18.8897992625973,0.3011061040557149,0.0,0.0,0.0,0.0,0.0,0.0,0.0,0.0,0.0,0.0,0.0,0.0,0.0,0.0,0.0,0.0,nan,nan,4.0932098765432094,2.8549205204653347,nan,0.4043,0.0636,0.0,0.0,0.0,0.0,0.0,0.0,0.0,0.0,0.0,0.0,0.0,0.0,0.0,0.0,0.0,0.0,0.0,0.0,4.096681687832855e-05,0.0,9.217533797623924e-05,8.19336337566571e-05,0.0027140516181892666,0.001259729619008603,0.010180253994264645,0.003410487505120852,0.00025604260548955346,0.007455960671855797,0.010477263416632528,0.01322204014748054,0.011521917247029907,0.019029086439983613,0.027007374027038098,0.023873412535845965,0.04484842277755018,0.06688857025809095,0.06476853748463744,0.06303768947152806,0.017789840229414173,0.07005325686194183,0.05956575174108972,0.04700942236788202,0.058848832445718965,0.041202376075378945,0.024580090126997134,0.040874641540352315,0.08212822613682917,0.04836132732486686,0.033367472347398605,0.043906185989348624,0.014666120442441623,0.019192953707496928,0.010026628430970913,0.0066366243342892255,0.007097501024170422,0.0025297009422367883,0.0001331421548545678,0.0007783695206882425,1.0241704219582138e-05,0.0010753789430561246,0.0,0.0,0.0,0.0,0.0,0.0,0.0,0.0,0.0,0.0,0.0,0.0,0.0,0.0,0.0,0.0,0.0,0.0,0.0,0.0,0.0,0.0,0.0,0.0,0.0,0.0,0.0,0.0,0.0,0.0,0.0,0.0,0.0,0.0,0.0,0.0,0.0,0.0,0.0,0.0,0.0,nan,nan,4.0932098765432094,2.8549205204653347,nan,0.9286604564474211,0.02296773029455977,0.0,0.0,0.0,0.0,0.0,0.0,0.0,0.0,0.0,0.0,0.0,0.0,0.0,0.0,0.0,0.0,0.0,0.0,0.0,0.0,0.0,0.0,0.0,0.0,0.0,0.09445100354191266,3.1050767414403784,14.226682408500594,11.06257378984652,1.5112160566706025,0.929804057048356,0.023403447333358977,0.0,0.0,0.0,0.0,0.0,0.0,0.0,0.0,0.0,0.0,0.0,0.0,0.0,0.0,0.0,0.0,0.0,0.0,0.0,0.0,0.0,0.0,0.0,0.0,0.0,0.10252029047415637,3.10123878684323,13.622383596753528,11.482272533105514,1.69158479282358,0.404,0.01231,0.0,0.0,0.0,0.0,0.0,0.0,0.0,0.0,0.0,0.0,0.0,10.932703659976372,18.7603305785124,0.30696576151121613,0.0,0.0,0.0,0.0,0.0,0.0,0.0,0.0,0.0,0.0,0.0,0.0,0.0,0.0,0.0,0.0,0.4045,0.01232,0.0,0.0,0.0,0.0,0.0,0.0,0.0,0.0,0.0,0.0,0.025630072618539092,10.649295173002974,19.030328919265273,0.2947458351131995,0.0,0.0,0.0,0.0,0.0,0.0,0.0,0.0,0.0,0.0,0.0,0.0,0.0,0.0,0.0,0.0
99500,4659,2412,0.5177076625885383,1140,940,0.446447735565572,1309,0.5619231594762825,0.4240000000000001,2.9982198486871385,3.162277159115137,6.7888,2.209116239585414,9525.19575016098,1613.9868791794815,7853.0,11083.0,11083.0,0.0,7853.0,0.0,28.149817557415755,20.883703918691744,33.12008175779254,19.07966490991292,0.13844172569220864,0.09894827216140803,0.09143593045717965,0.08542605709379696,0.08220648207769908,0.07769907705516205,0.061815840309079204,0.06718179866924233,0.054518136939257354,0.054518136939257354,0.05258639192959862,0.03906417686198755,0.034986048508263576,0.026829791800815624,0.0180296200901481,0.0103026400515132,0.0060098733633827004,0.9303552732879088,0.023396465439513993,0.0,0.0,0.0,0.0,0.0,0.0,0.0,0.0,0.0,0.0,0.0,0.0,0.0,0.0,0.0,0.0,0.0,0.0,0.0,0.0,0.0,0.0,0.0,0.0,0.0,0.1352221506761108,2.7301996136509987,13.805537669027691,11.622665808113332,1.7063747585318743,4.297065611605671,2.9584073497068712,nan,nan,nan,4.257595772787318,2.949546866281158,4.336405529953917,2.9666898555918504,1.0185103897533714,0.404,0.01257,0.0,0.0,0.0,0.0,0.0,0.0,0.0,0.0,0.0,0.0,0.03219575016097876,11.00450740502252,18.679974243399876,0.28332260141661303,0.0,0.0,0.0,0.0,0.0,0.0,0.0,0.0,0.0,0.0,0.0,0.0,0.0,0.0,0.0,0.0,nan,nan,4.297065611605671,2.9584073497068712,nan,0.404,0.064,0.0,0.0,0.0,0.0,0.0,0.0,0.0,0.0,0.0,0.0,0.0,0.0,0.0,0.0,0.0,0.0,0.0,8.585533376261001e-05,0.0,0.0,0.000128783000643915,0.00018244258424554626,0.0023073620948701437,0.0012556342562781713,0.010624597553122988,0.003337626100021464,0.00028976175144880876,0.00887529512770981,0.011247048722901911,0.014466623738999785,0.011311440223223867,0.018104743507190383,0.027001502468340845,0.02381412320240395,0.045599914144666236,0.0643056449881949,0.06494955999141447,0.06244902339557845,0.01808327967374973,0.07066967160334836,0.058006009873363386,0.04452672247263361,0.057029405451813696,0.0440330543034986,0.025262931959647992,0.04253058596265293,0.08311869499892681,0.049667310581669885,0.03260356299635115,0.041360807040137365,0.015196394075981971,0.01878085426057094,0.008617729126421978,0.006685984116763254,0.008692852543464262,0.0027259068469628676,0.00020390641768619876,0.0007512341704228376,8.585533376261001e-05,0.0010195320884309937,1.0731916720326251e-05,0.0,0.0,0.0,0.0,0.0,0.0,0.0,0.0,0.0,0.0,0.0,0.0,0.0,0.0,0.0,0.0,0.0,0.0,0.0,0.0,0.0,0.0,0.0,0.0,0.0,0.0,0.0,0.0,0.0,0.0,0.0,0.0,0.0,0.0,0.0,0.0,0.0,0.0,0.0,0.0,nan,nan,4.297065611605671,2.9584073497068712,nan,0.9302432826452983,0.02390473698441786,0.0,0.0,0.0,0.0,0.0,0.0,0.0,0.0,0.0,0.0,0.0,0.0,0.0,0.0,0.0,0.0,0.0,0.0,0.0,0.0,0.0,0.0,0.0,0.0,0.0,0.17412935323383089,2.9104477611940305,13.507462686567168,11.66666666666667,1.7412935323383087,0.9304754875424601,0.02283767506141024,0.0,0.0,0.0,0.0,0.0,0.0,0.0,0.0,0.0,0.0,0.0,0.0,0.0,0.0,0.0,0.0,0.0,0.0,0.0,0.0,0.0,0.0,0.0,0.0,0.0,0.09345794392523367,2.5367156208277706,14.125500667556745,11.575433911882513,1.6688918558077441,0.404,0.01252,0.0,0.0,0.0,0.0,0.0,0.0,0.0,0.0,0.0,0.0,0.0373134328358209,11.106965174129337,18.507462686567166,0.34825870646766177,0.0,0.0,0.0,0.0,0.0,0.0,0.0,0.0,0.0,0.0,0.0,0.0,0.0,0.0,0.0,0.0,0.404,0.01263,0.0,0.0,0.0,0.0,0.0,0.0,0.0,0.0,0.0,0.0,0.026702269692923906,10.894526034712934,18.865153538050738,0.21361815754339125,0.0,0.0,0.0,0.0,0.0,0.0,0.0,0.0,0.0,0.0,0.0,0.0,0.0,0.0,0.0,0.0
99600,4947,2549,0.5152617748130179,1203,1042,0.4538103901354356,1442,0.5829795835860118,0.38000000000000006,2.9424520433694745,3.0059753101888522,6.350500715307582,2.1678913644756976,9517.295532646049,1614.2474873640483,7853.0,11083.0,11083.0,0.0,7853.0,0.0,28.55104103497069,20.909499477818947,33.69990342829551,18.93869229010897,0.14432989690721648,0.0899535071760663,0.085708510208207,0.08388922579341014,0.08085708510208207,0.07095209217707701,0.06913280776228017,0.06549423893268648,0.06347281180513442,0.05963210026278553,0.04487568223165555,0.04649282393369719,0.036385688295936934,0.026480695370931878,0.015767131594906003,0.01051142106327067,0.006064281382656155,0.9310952709230578,0.023272632129042674,0.0,0.0,0.0,0.0,0.0,0.0,0.0,0.0,0.0,0.0,0.0,0.0,0.0,0.0,0.0,0.0,0.0,0.0,0.0,0.0,0.0,0.0,0.0,0.0,0.0,0.08489993935718619,2.6500909642207406,13.3474833232262,12.13462704669497,1.78289872650091,4.154317207593387,2.786230694718686,nan,nan,nan,4.273567467652495,2.7962804319442136,4.034713763702801,2.7711122172342346,0.9441090597591764,0.404,0.012474,0.0,0.0,0.0,0.0,0.0,0.0,0.0,0.0,0.0,0.0,0.04851425106124925,11.26743480897512,18.45967252880534,0.22437841115827778,0.0,0.0,0.0,0.0,0.0,0.0,0.0,0.0,0.0,0.0,0.0,0.0,0.0,0.0,0.0,0.0,nan,nan,4.154317207593387,2.786230694718686,nan,0.404,0.06415,0.0,0.0,0.0,0.0,0.0,0.0,0.0,0.0,0.0,0.0,0.0,0.0,0.0,0.0,0.0,0.0,0.0,7.074994946432182e-05,0.0,1.0107135637760258e-05,0.00015160703456640388,0.0,0.0023145340610470993,0.0013442490398221144,0.01137052759248029,0.00312310491206792,0.0003840711542348898,0.008772993733575905,0.011400848999393571,0.014119668485951082,0.011127956337174045,0.018465736810187993,0.026278552658176673,0.025955124317768346,0.04598746715180918,0.06131999191429149,0.06511016777845159,0.06144127754194461,0.019314736203759855,0.07343844754396604,0.05708510208206994,0.0452698605215282,0.05528603193854861,0.043683040226399836,0.025045482110369922,0.04106529209621993,0.08566808166565595,0.05270871235091975,0.029654335961188598,0.04108550636749545,0.014827167980594299,0.016747523751768748,0.009581564584596726,0.00741863755811603,0.00817667273094805,0.0026278552658176675,0.0002931069334950475,0.0012229634121689913,6.0642813826561554e-05,0.0009904992925005053,0.0,0.0,0.0,0.0,0.0,0.0,0.0,0.0,0.0,0.0,0.0,0.0,0.0,0.0,0.0,0.0,0.0,0.0,0.0,0.0,0.0,0.0,0.0,0.0,0.0,0.0,0.0,0.0,0.0,0.0,0.0,0.0,0.0,0.0,0.0,0.0,0.0,0.0,0.0,0.0,0.0,nan,nan,4.154317207593387,2.786230694718686,nan,0.9316091974280123,0.023265356261711716,0.0,0.0,0.0,0.0,0.0,0.0,0.0,0.0,0.0,0.0,0.0,0.0,0.0,0.0,0.0,0.0,0.0,0.0,0.0,0.0,0.0,0.0,0.0,0.0,0.0,0.0588466065123578,2.5539427226363287,13.158101216163205,12.487249901922326,1.741859552765791,0.9305489829075744,0.02326792104108616,0.0,0.0,0.0,0.0,0.0,0.0,0.0,0.0,0.0,0.0,0.0,0.0,0.0,0.0,0.0,0.0,0.0,0.0,0.0,0.0,0.0,0.0,0.0,0.0,0.0,0.1125938281901585,2.752293577981652,13.548790658882405,11.759799833194332,1.82652210175146,0.404,0.01247,0.0,0.0,0.0,0.0,0.0,0.0,0.0,0.0,0.0,0.0,0.047077285209886244,11.392703020792451,18.27775598273833,0.2824637112593174,0.0,0.0,0.0,0.0,0.0,0.0,0.0,0.0,0.0,0.0,0.0,0.0,0.0,0.0,0.0,0.0,0.404,0.01249,0.0,0.0,0.0,0.0,0.0,0.0,0.0,0.0,0.0,0.0,0.050041701417848215,11.13427856547121,18.653044203502922,0.16263552960800673,0.0,0.0,0.0,0.0,0.0,0.0,0.0,0.0,0.0,0.0,0.0,0.0,0.0,0.0,0.0,0.0
99700,4774,2423,0.5075408462505236,1134,991,0.44511939673229994,1344,0.5630498533724341,0.4040000000000001,2.9685240323266693,3.0996268198147527,6.455489614243324,2.2184700426219033,9492.356933389192,1614.8163176646049,7853.0,11083.0,11083.0,0.0,7853.0,0.0,28.088814411395056,21.163765575448636,33.14353588397099,19.409007702498577,0.14222873900293256,0.0967741935483871,0.09426057813154587,0.08818600754084625,0.0789694176790951,0.07121910347716799,0.06954335986594051,0.06682027649769585,0.06263091746962715,0.05006284038542103,0.04294093003770423,0.036656891495601175,0.032467532467532464,0.02387934645999162,0.021156263091746962,0.012987012987012988,0.009216589861751152,0.9321919111062854,0.023185594914331975,0.0,0.0,0.0,0.0,0.0,0.0,0.0,0.0,0.0,0.0,0.0,0.0,0.0,0.0,0.0,0.0,0.0,0.0,0.0,0.0,0.0,0.0,0.0,0.0,0.0,0.07540846250523671,2.331378299120235,13.385002094679518,12.05278592375367,2.1554252199413493,4.309771986970684,2.8949246185969324,nan,nan,nan,4.338751625487646,2.9610069285021607,4.280678851174935,2.8267313248742467,0.9866153264059719,0.4045,0.012344,0.0,0.0,0.0,0.0,0.0,0.0,0.0,0.0,0.0,0.0,0.02513615416841224,10.764558022622523,18.88353581901969,0.32677000418935914,0.0,0.0,0.0,0.0,0.0,0.0,0.0,0.0,0.0,0.0,0.0,0.0,0.0,0.0,0.0,0.0,nan,nan,4.309771986970684,2.8949246185969324,nan,0.4045,0.0645,0.0,0.0,0.0,0.0,0.0,0.0,0.0,0.0,0.0,0.0,0.0,0.0,0.0,0.0,0.0,0.0,0.0,9.426057813154587e-05,0.0,0.0,6.284038542103058e-05,0.0,0.0028068705488060327,0.0014034352744030163,0.011426476749057394,0.0029849183074989525,0.00045035609551738584,0.009729786342689568,0.010735232509426058,0.013489736070381233,0.01129032258064516,0.016076665270213657,0.027639296187683283,0.024622957687473815,0.045276497695852534,0.0641705069124424,0.062128194386258905,0.06321742773355676,0.01953288646837034,0.07534562211981567,0.057467532467532466,0.043454126518642645,0.05149769585253456,0.04200879765395894,0.025377042312526184,0.043077084206116466,0.08494972769166317,0.05256598240469208,0.03180770842061165,0.03816506074570591,0.01443234185169669,0.02037075827398408,0.009541265186426477,0.008315877670716381,0.009069962295768747,0.002712609970674487,0.00017804775869291998,0.0013091746962714706,1.0473397570171764e-05,0.001204440720569753,0.0,0.0,0.0,0.0,0.0,0.0,0.0,0.0,0.0,0.0,0.0,0.0,0.0,0.0,0.0,0.0,0.0,0.0,0.0,0.0,0.0,0.0,0.0,0.0,0.0,0.0,0.0,0.0,0.0,0.0,0.0,0.0,0.0,0.0,0.0,0.0,0.0,0.0,0.0,0.0,0.0,nan,nan,4.309771986970684,2.8949246185969324,nan,0.9327694658548242,0.023333679114032863,0.0,0.0,0.0,0.0,0.0,0.0,0.0,0.0,0.0,0.0,0.0,0.0,0.0,0.0,0.0,0.0,0.0,0.0,0.0,0.0,0.0,0.0,0.0,0.0,0.0,0.07428807263722659,2.2286421791167976,13.24803962030541,12.183243912505162,2.265786215435411,0.9315966685900329,0.02301681934749415,0.0,0.0,0.0,0.0,0.0,0.0,0.0,0.0,0.0,0.0,0.0,0.0,0.0,0.0,0.0,0.0,0.0,0.0,0.0,0.0,0.0,0.0,0.0,0.0,0.0,0.07656316461080392,2.4372607401105917,13.526159081242028,11.918332624415145,2.0416843896214383,0.4045,0.01241,0.0,0.0,0.0,0.0,0.0,0.0,0.0,0.0,0.0,0.0,0.02476269087907553,10.685101114321075,18.94345852249278,0.3466776723070575,0.0,0.0,0.0,0.0,0.0,0.0,0.0,0.0,0.0,0.0,0.0,0.0,0.0,0.0,0.0,0.0,0.4045,0.01228,0.0,0.0,0.0,0.0,0.0,0.0,0.0,0.0,0.0,0.0,0.025521054870267977,10.846448319863873,18.821777966822633,0.3062526584432157,0.0,0.0,0.0,0.0,0.0,0.0,0.0,0.0,0.0,0.0,0.0,0.0,0.0,0.0,0.0,0.0
99800,4646,2455,0.5284115368058545,1189,915,0.452862677572105,1273,0.5479982780886784,0.4040000000000001,2.991784573254222,3.084971309291291,6.570300157977883,2.193312268983438,9559.76926388291,1612.3905861193773,7853.0,11083.0,11083.0,0.0,7853.0,0.0,28.473310374515712,21.116083389678437,33.49948770491803,19.28422016257171,0.14098148945329317,0.09944037882049074,0.08458889367197589,0.07899268187688334,0.0839431769263883,0.07490314248816186,0.07253551442100732,0.06500215238915195,0.05897546276366767,0.05015066724063711,0.04563065002152389,0.04476969436074042,0.03400774860094705,0.027120103314679293,0.018941024537236333,0.012699095996556177,0.007318123116659492,0.9327282972675534,0.02328061777881381,0.0,0.0,0.0,0.0,0.0,0.0,0.0,0.0,0.0,0.0,0.0,0.0,0.0,0.0,0.0,0.0,0.0,0.0,0.0,0.0,0.0,0.0,0.0,0.0,0.0,0.09685751183814036,2.221265604821352,12.978906586310808,12.488161859664231,2.214808437365476,4.0988543371522095,2.877655095928412,nan,nan,nan,4.144927536231884,2.8523290926861025,4.053350683148992,2.901733182302668,0.9779062836967848,0.404,0.01262,0.0,0.0,0.0,0.0,0.0,0.0,0.0,0.0,0.0,0.0,0.04520017219113217,11.241928540680139,18.402927249246666,0.3099440378820491,0.0,0.0,0.0,0.0,0.0,0.0,0.0,0.0,0.0,0.0,0.0,0.0,0.0,0.0,0.0,0.0,nan,nan,4.0988543371522095,2.877655095928412,nan,0.404,0.06445,0.0,0.0,0.0,0.0,0.0,0.0,0.0,0.0,0.0,0.0,0.0,0.0,0.0,0.0,0.0,0.0,0.0,0.00012914334911752045,0.0,0.0,0.0,0.0,0.0028842014636246234,0.001216099870856651,0.01133232888506242,0.0022922944468359878,0.0008071459319845028,0.008727938011192423,0.010804993542832543,0.013850624192854068,0.011956521739130435,0.017961687473095136,0.029057253551442102,0.023934567369780457,0.045200172191132156,0.0634739560912613,0.06403357727077055,0.06358157554885924,0.020221696082651744,0.07574257425742574,0.058577270770555315,0.044791218252260005,0.04964485578992682,0.04254197158846319,0.026065432630219543,0.04079853637537667,0.08180154972018941,0.050839431769263886,0.0327916487300904,0.038592337494619024,0.013807576409814894,0.02017864829961257,0.00871717606543263,0.008039173482565647,0.009201463624623332,0.003088678433060697,0.00026904864399483427,0.0012376237623762376,0.0,0.0018080068876452863,0.0,0.0,0.0,0.0,0.0,0.0,0.0,0.0,0.0,0.0,0.0,0.0,0.0,0.0,0.0,0.0,0.0,0.0,0.0,0.0,0.0,0.0,0.0,0.0,0.0,0.0,0.0,0.0,0.0,0.0,0.0,0.0,0.0,0.0,0.0,0.0,0.0,0.0,0.0,0.0,0.0,nan,nan,4.0988543371522095,2.877655095928412,nan,0.9321292488492433,0.02316313868721565,0.0,0.0,0.0,0.0,0.0,0.0,0.0,0.0,0.0,0.0,0.0,0.0,0.0,0.0,0.0,0.0,0.0,0.0,0.0,0.0,0.0,0.0,0.0,0.0,0.0,0.12219959266802446,2.24847250509165,13.454175152749494,12.012219959266805,2.162932790224033,0.9333995267823645,0.02339333487057781,0.0,0.0,0.0,0.0,0.0,0.0,0.0,0.0,0.0,0.0,0.0,0.0,0.0,0.0,0.0,0.0,0.0,0.0,0.0,0.0,0.0,0.0,0.0,0.0,0.0,0.06846188954815154,2.190780465540849,12.446371519853951,13.021451392058424,2.2729347329986314,0.4038,0.01252,0.0,0.0,0.0,0.0,0.0,0.0,0.0,0.0,0.0,0.0,0.04887983706720979,11.657841140529515,18.02443991853361,0.2688391038696538,0.0,0.0,0.0,0.0,0.0,0.0,0.0,0.0,0.0,0.0,0.0,0.0,0.0,0.0,0.0,0.0,0.4045,0.0127,0.0,0.0,0.0,0.0,0.0,0.0,0.0,0.0,0.0,0.0,0.04107713372889092,10.775901414879035,18.827019625741674,0.35600182565038807,0.0,0.0,0.0,0.0,0.0,0.0,0.0,0.0,0.0,0.0,0.0,0.0,0.0,0.0,0.0,0.0
99900,4664,2465,0.5285162950257289,1180,920,0.4502572898799314,1300,0.5574614065180102,0.4040000000000001,2.997726239199636,3.102536672188089,6.5604229607250755,2.1440154472444117,9560.107632933104,1612.371292213881,7853.0,11083.0,11083.0,0.0,7853.0,0.0,28.349699828473412,20.907471148470677,33.24535977625222,19.10160068409488,0.13786449399656947,0.09819897084048028,0.08983704974271012,0.08704974271012007,0.0782590051457976,0.0726843910806175,0.06796740994854203,0.06582332761578044,0.05981989708404803,0.055960548885077184,0.04909948542024014,0.04202401372212693,0.031946826758147515,0.02551457975986278,0.023799313893653515,0.007933104631217838,0.006217838765008576,0.9319477044876607,0.02338471905709528,0.0,0.0,0.0,0.0,0.0,0.0,0.0,0.0,0.0,0.0,0.0,0.0,0.0,0.0,0.0,0.0,0.0,0.0,0.0,0.0,0.0,0.0,0.0,0.0,0.006432246998284735,0.09648370497427104,2.4442538593481995,13.205403087478562,12.272727272727275,1.9746998284734139,4.188834154351396,2.937354705137333,nan,nan,nan,4.21741935483871,2.9664499992979936,4.159197324414715,2.9065847325025502,0.9861948681111837,0.403,0.01282,0.0,0.0,0.0,0.0,0.0,0.0,0.0,0.0,0.0,0.0,0.05789022298456262,12.04759862778729,17.6565180102916,0.2379931389365352,0.0,0.0,0.0,0.0,0.0,0.0,0.0,0.0,0.0,0.0,0.0,0.0,0.0,0.0,0.0,0.0,nan,nan,4.188834154351396,2.937354705137333,nan,0.403,0.06464,0.0,0.0,0.0,0.0,0.0,0.0,0.0,0.0,0.0,0.0,0.0,0.0,0.0,0.0,0.0,0.0,0.0,5.360205831903945e-05,0.0,0.0,0.0,0.0,0.002862349914236707,0.0011578044596912522,0.012349914236706689,0.002369210977701544,0.0007182675814751287,0.008822898799313894,0.010999142367066896,0.013293310463121783,0.013153945111492281,0.018621355060034307,0.032129073756432244,0.02398156089193825,0.043835763293310466,0.06352915951972556,0.0675171526586621,0.06343267581475129,0.019843481989708405,0.07486063464837049,0.05726843910806175,0.044532590051457974,0.04808104631217839,0.04272084048027444,0.025332332761578046,0.0400836192109777,0.08458404802744425,0.04965694682675815,0.03237564322469983,0.03881861063464837,0.013304030874785593,0.018224699828473412,0.00884433962264151,0.007364922813036021,0.008747855917667238,0.003108919382504288,0.00048241852487135507,0.0014472555746140653,1.072041166380789e-05,0.0014794168096054889,0.0,0.0,0.0,0.0,0.0,0.0,0.0,0.0,0.0,0.0,0.0,0.0,0.0,0.0,0.0,0.0,0.0,0.0,0.0,0.0,0.0,0.0,0.0,0.0,0.0,0.0,0.0,0.0,0.0,0.0,0.0,0.0,0.0,0.0,0.0,0.0,0.0,0.0,0.0,0.0,0.0,nan,nan,4.188834154351396,2.937354705137333,nan,0.9314818809046949,0.023778999588739348,0.0,0.0,0.0,0.0,0.0,0.0,0.0,0.0,0.0,0.0,0.0,0.0,0.0,0.0,0.0,0.0,0.0,0.0,0.0,0.0,0.0,0.0,0.0,0.0,0.012170385395537529,0.10953346855983775,2.5192697768762686,13.496957403651118,11.96348884381339,1.8985801217038543,0.9324698759892573,0.02292343845143105,0.0,0.0,0.0,0.0,0.0,0.0,0.0,0.0,0.0,0.0,0.0,0.0,0.0,0.0,0.0,0.0,0.0,0.0,0.0,0.0,0.0,0.0,0.0,0.0,0.0,0.08185538881309687,2.3601637107776265,12.878581173260576,12.619372442019102,2.0600272851296046,0.403,0.01292,0.0,0.0,0.0,0.0,0.0,0.0,0.0,0.0,0.0,0.0,0.048681541582150115,12.15821501014197,17.549695740365113,0.24340770791075056,0.0,0.0,0.0,0.0,0.0,0.0,0.0,0.0,0.0,0.0,0.0,0.0,0.0,0.0,0.0,0.0,0.4033,0.0127,0.0,0.0,0.0,0.0,0.0,0.0,0.0,0.0,0.0,0.0,0.06821282401091407,11.92360163710776,17.776261937244204,0.23192360163710782,0.0,0.0,0.0,0.0,0.0,0.0,0.0,0.0,0.0,0.0,0.0,0.0,0.0,0.0,0.0,0.0
100000,4534,2369,0.5224966916629907,1148,887,0.4488310542567269,1250,0.5513895015438907,0.4160000000000001,2.9750577367205544,3.104690120969215,6.417701863354037,2.24391454439404,9540.66431407146,1613.3644651660466,7853.0,11083.0,11083.0,0.0,7853.0,0.0,28.807454786060873,21.074117257432743,33.60015608740895,19.29588090102933,0.13233348037053375,0.09483899426554919,0.08822232024702249,0.08579620644022938,0.08579620644022938,0.0741067490074989,0.06859285399205999,0.06396118217909132,0.05580061755624173,0.05866784296426996,0.04521393912659903,0.04300838112042347,0.035068372298191444,0.02646669607410675,0.024481693868548742,0.011027790030877812,0.0066166740185266875,0.932473778606355,0.023113159336682457,0.0,0.0,0.0,0.0,0.0,0.0,0.0,0.0,0.0,0.0,0.0,0.0,0.0,0.0,0.0,0.0,0.0,0.0,0.0,0.0,0.0,0.0,0.0,0.0,0.0,0.08601676224084696,2.209969122187914,13.153947948831057,12.313630348478169,2.2364358182620205,4.168900804289544,2.899851733905039,nan,nan,nan,4.211576846307385,2.905327952954891,4.12559081701553,2.893640155195826,0.9795834120022656,0.4038,0.012505,0.0,0.0,0.0,0.0,0.0,0.0,0.0,0.0,0.0,0.0,0.026466696074106757,11.49316277018084,18.189236876929865,0.2911336568151743,0.0,0.0,0.0,0.0,0.0,0.0,0.0,0.0,0.0,0.0,0.0,0.0,0.0,0.0,0.0,0.0,nan,nan,4.168900804289544,2.899851733905039,nan,0.4038,0.06445,0.0,0.0,0.0,0.0,0.0,0.0,0.0,0.0,0.0,0.0,0.0,0.0,0.0,0.0,0.0,0.0,0.0,0.0,0.0,0.0,0.0,0.0,0.002756947507719453,0.0011910013233348037,0.012329069254521393,0.002646669607410675,0.0004631671812968681,0.007951036612262902,0.010410233789148654,0.011182179091310102,0.013597265108072342,0.0174459638288487,0.03542126157917953,0.023720776356418175,0.043570798411998235,0.060476400529333924,0.06811865902073225,0.06442434936038818,0.020985884428760475,0.07483458314953684,0.05707984119982355,0.041453462726069694,0.04928319364799294,0.043328187031318924,0.02586016762240847,0.04007498897220997,0.08555359505955007,0.05234891927657698,0.03355756506396118,0.03686590207322452,0.012516541685046317,0.016651962946625496,0.01103881782090869,0.007697397441552713,0.007774591971768857,0.00423467137185708,0.00047419497132774593,0.0011468901632112924,0.0,0.0015328628142920158,0.0,0.0,0.0,0.0,0.0,0.0,0.0,0.0,0.0,0.0,0.0,0.0,0.0,0.0,0.0,0.0,0.0,0.0,0.0,0.0,0.0,0.0,0.0,0.0,0.0,0.0,0.0,0.0,0.0,0.0,0.0,0.0,0.0,0.0,0.0,0.0,0.0,0.0,0.0,0.0,0.0,nan,nan,4.168900804289544,2.899851733905039,nan,0.9324747296061985,0.023366695088436557,0.0,0.0,0.0,0.0,0.0,0.0,0.0,0.0,0.0,0.0,0.0,0.0,0.0,0.0,0.0,0.0,0.0,0.0,0.0,0.0,0.0,0.0,0.0,0.0,0.0,0.1139721401435205,2.2161249472351208,13.119459687631915,12.22034613761081,2.330097087378641,0.9324727379972885,0.022832508312611858,0.0,0.0,0.0,0.0,0.0,0.0,0.0,0.0,0.0,0.0,0.0,0.0,0.0,0.0,0.0,0.0,0.0,0.0,0.0,0.0,0.0,0.0,0.0,0.0,0.0,0.05542725173210163,2.2032332563510395,13.191685912240189,12.415704387990765,2.133949191685913,0.4038,0.012505,0.0,0.0,0.0,0.0,0.0,0.0,0.0,0.0,0.0,0.0,0.05065428450823133,11.28324187420851,18.33685099197974,0.3292528493035037,0.0,0.0,0.0,0.0,0.0,0.0,0.0,0.0,0.0,0.0,0.0,0.0,0.0,0.0,0.0,0.0,0.4036,0.01251,0.0,0.0,0.0,0.0,0.0,0.0,0.0,0.0,0.0,0.0,0.0,11.722863741339475,18.027713625866053,0.24942263279445734,0.0,0.0,0.0,0.0,0.0,0.0,0.0,0.0,0.0,0.0,0.0,0.0,0.0,0.0,0.0,0.0