year,n,n_male,p_male,n_male_fertile,n_female_fertile,p_fertile,n_pairs,p_pair,birth_rate,m_children,sd_children,m_children_over_40,sd_children_over_40,m_energy,sd_energy,min_energy,max_energy,m_energy_male,sd_energy_male,m_energy_female,sd_energy_female,m_age,sd_age,m_age_over_5,sd_age_over_5,p_age_0-5,p_age_5-10,p_age_10-15,p_age_15-20,p_age_20-25,p_age_25-30,p_age_30-35,p_age_35-40,p_age_40-45,p_age_45-50,p_age_50-55,p_age_55-60,p_age_60-65,p_age_65-70,p_age_70-75,p_age_75-80,p_age_80-100,m_culture,sd_culture,pdf_culture_0-33,pdf_culture_33-67,pdf_culture_67-100,pdf_culture_100-133,pdf_culture_133-167,pdf_culture_167-200,pdf_culture_200-233,pdf_culture_233-267,pdf_culture_267-300,pdf_culture_300-333,pdf_culture_333-367,pdf_culture_367-400,pdf_culture_400-433,pdf_culture_433-467,pdf_culture_467-500,pdf_culture_500-533,pdf_culture_533-567,pdf_culture_567-600,pdf_culture_600-633,pdf_culture_633-667,pdf_culture_667-700,pdf_culture_700-733,pdf_culture_733-767,pdf_culture_767-800,pdf_culture_800-833,pdf_culture_833-867,pdf_culture_867-900,pdf_culture_900-933,pdf_culture_933-967,pdf_culture_967-1000,m_children_culture_over_750,sd_children_culture_over_750,m_children_culture_under_750,sd_children_culture_under_750,ratio_children_culture_under-over_750,m_children_culture_over_median,sd_children_culture_over_median,m_children_culture_under_median,sd_children_culture_under_median,ratio_children_culture_under-over_median,m_pheno,sd_pheno,pdf_pheno_0-33,pdf_pheno_33-67,pdf_pheno_67-100,pdf_pheno_100-133,pdf_pheno_133-167,pdf_pheno_167-200,pdf_pheno_200-233,pdf_pheno_233-267,pdf_pheno_267-300,pdf_pheno_300-333,pdf_pheno_333-367,pdf_pheno_367-400,pdf_pheno_400-433,pdf_pheno_433-467,pdf_pheno_467-500,pdf_pheno_500-533,pdf_pheno_533-567,pdf_pheno_567-600,pdf_pheno_600-633,pdf_pheno_633-667,pdf_pheno_667-700,pdf_pheno_700-733,pdf_pheno_733-767,pdf_pheno_767-800,pdf_pheno_800-833,pdf_pheno_833-867,pdf_pheno_867-900,pdf_pheno_900-933,pdf_pheno_933-967,pdf_pheno_967-1000,m_children_pheno_over_750,sd_children_pheno_over_750,m_children_pheno_under_750,sd_children_pheno_under_750,ratio_children_pheno_under-over,m_geno,sd_geno,p_geno_0,p_geno_1,p_geno_2,p_geno_3,p_geno_4,p_geno_5,p_geno_6,p_geno_7,p_geno_8,p_geno_9,p_geno_10,p_geno_11,p_geno_12,p_geno_13,p_geno_14,p_geno_15,p_geno_16,p_geno_17,p_geno_18,p_geno_19,p_geno_20,p_geno_21,p_geno_22,p_geno_23,p_geno_24,p_geno_25,p_geno_26,p_geno_27,p_geno_28,p_geno_29,p_geno_30,p_geno_31,p_geno_32,p_geno_33,p_geno_34,p_geno_35,p_geno_36,p_geno_37,p_geno_38,p_geno_39,p_geno_40,p_geno_41,p_geno_42,p_geno_43,p_geno_44,p_geno_45,p_geno_46,p_geno_47,p_geno_48,p_geno_49,p_geno_50,p_geno_51,p_geno_52,p_geno_53,p_geno_54,p_geno_55,p_geno_56,p_geno_57,p_geno_58,p_geno_59,p_geno_60,p_geno_61,p_geno_62,p_geno_63,p_geno_64,p_geno_65,p_geno_66,p_geno_67,p_geno_68,p_geno_69,p_geno_70,p_geno_71,p_geno_72,p_geno_73,p_geno_74,p_geno_75,p_geno_76,p_geno_77,p_geno_78,p_geno_79,p_geno_80,p_geno_81,p_geno_82,p_geno_83,p_geno_84,p_geno_85,p_geno_86,p_geno_87,p_geno_88,p_geno_89,p_geno_90,p_geno_91,p_geno_92,p_geno_93,p_geno_94,p_geno_95,p_geno_96,p_geno_97,p_geno_98,p_geno_99,p_geno_100,m_children_geno_over_750,sd_children_geno_over_750,m_children_geno_under_750,sd_children_geno_under_750,ratio_children_geno_under-over,male_m_culture,male_sd_culture,male_pdf_culture_0-33,male_pdf_culture_33-67,male_pdf_culture_67-100,male_pdf_culture_100-133,male_pdf_culture_133-167,male_pdf_culture_167-200,male_pdf_culture_200-233,male_pdf_culture_233-267,male_pdf_culture_267-300,male_pdf_culture_300-333,male_pdf_culture_333-367,male_pdf_culture_367-400,male_pdf_culture_400-433,male_pdf_culture_433-467,male_pdf_culture_467-500,male_pdf_culture_500-533,male_pdf_culture_533-567,male_pdf_culture_567-600,male_pdf_culture_600-633,male_pdf_culture_633-667,male_pdf_culture_667-700,male_pdf_culture_700-733,male_pdf_culture_733-767,male_pdf_culture_767-800,male_pdf_culture_800-833,male_pdf_culture_833-867,male_pdf_culture_867-900,male_pdf_culture_900-933,male_pdf_culture_933-967,male_pdf_culture_967-1000,female_m_culture,female_sd_culture,female_pdf_culture_0-33,female_pdf_culture_33-67,female_pdf_culture_67-100,female_pdf_culture_100-133,female_pdf_culture_133-167,female_pdf_culture_167-200,female_pdf_culture_200-233,female_pdf_culture_233-267,female_pdf_culture_267-300,female_pdf_culture_300-333,female_pdf_culture_333-367,female_pdf_culture_367-400,female_pdf_culture_400-433,female_pdf_culture_433-467,female_pdf_culture_467-500,female_pdf_culture_500-533,female_pdf_culture_533-567,female_pdf_culture_567-600,female_pdf_culture_600-633,female_pdf_culture_633-667,female_pdf_culture_667-700,female_pdf_culture_700-733,female_pdf_culture_733-767,female_pdf_culture_767-800,female_pdf_culture_800-833,female_pdf_culture_833-867,female_pdf_culture_867-900,female_pdf_culture_900-933,female_pdf_culture_933-967,female_pdf_culture_967-1000,male_m_pheno,male_sd_pheno,male_pdf_pheno_0-33,male_pdf_pheno_33-67,male_pdf_pheno_67-100,male_pdf_pheno_100-133,male_pdf_pheno_133-167,male_pdf_pheno_167-200,male_pdf_pheno_200-233,male_pdf_pheno_233-267,male_pdf_pheno_267-300,male_pdf_pheno_300-333,male_pdf_pheno_333-367,male_pdf_pheno_367-400,male_pdf_pheno_400-433,male_pdf_pheno_433-467,male_pdf_pheno_467-500,male_pdf_pheno_500-533,male_pdf_pheno_533-567,male_pdf_pheno_567-600,male_pdf_pheno_600-633,male_pdf_pheno_633-667,male_pdf_pheno_667-700,male_pdf_pheno_700-733,male_pdf_pheno_733-767,male_pdf_pheno_767-800,male_pdf_pheno_800-833,male_pdf_pheno_833-867,male_pdf_pheno_867-900,male_pdf_pheno_900-933,male_pdf_pheno_933-967,male_pdf_pheno_967-1000,female_m_pheno,female_sd_pheno,female_pdf_pheno_0-33,female_pdf_pheno_33-67,female_pdf_pheno_67-100,female_pdf_pheno_100-133,female_pdf_pheno_133-167,female_pdf_pheno_167-200,female_pdf_pheno_200-233,female_pdf_pheno_233-267,female_pdf_pheno_267-300,female_pdf_pheno_300-333,female_pdf_pheno_333-367,female_pdf_pheno_367-400,female_pdf_pheno_400-433,female_pdf_pheno_433-467,female_pdf_pheno_467-500,female_pdf_pheno_500-533,female_pdf_pheno_533-567,female_pdf_pheno_567-600,female_pdf_pheno_600-633,female_pdf_pheno_633-667,female_pdf_pheno_667-700,female_pdf_pheno_700-733,female_pdf_pheno_733-767,female_pdf_pheno_767-800,female_pdf_pheno_800-833,female_pdf_pheno_833-867,female_pdf_pheno_867-900,female_pdf_pheno_900-933,female_pdf_pheno_933-967,female_pdf_pheno_967-1000
100,861,455,0.5284552845528455,222,171,0.4564459930313589,230,0.5342624854819977,0.48200000000000004,3.0467980295566504,3.382842407253313,7.446601941747573,2.2543513709458756,8388.536585365853,505.87878127515654,7853.0,8866.4,8866.399999999998,1.8189894035458565e-12,7853.0,0.0,26.821138211382113,20.383502452317625,31.624133148404994,18.8051967056715,0.13821138211382114,0.11149825783972125,0.09872241579558652,0.09639953542392567,0.0859465737514518,0.06620209059233449,0.07665505226480836,0.06155632984901278,0.05807200929152149,0.0429732868757259,0.041811846689895474,0.036004645760743324,0.0313588850174216,0.022067363530778164,0.016260162601626018,0.011614401858304297,0.004645760743321719,0.9506304642049278,0.022799335179858358,0.0,0.0,0.0,0.0,0.0,0.0,0.0,0.0,0.0,0.0,0.0,0.0,0.0,0.0,0.0,0.0,0.0,0.0,0.0,0.0,0.0,0.0,0.0,0.0,0.0,0.0,0.348432055749129,5.783972125435541,16.864111498257845,7.003484320557492,4.410351201478743,3.2124129722086274,nan,nan,nan,4.375,3.197971553785857,4.447761194029851,3.2324547397394827,1.0166311300639659,0.3992,0.00771,0.0,0.0,0.0,0.0,0.0,0.0,0.0,0.0,0.0,0.0,0.0,16.480836236933776,13.519163763066205,0.0,0.0,0.0,0.0,0.0,0.0,0.0,0.0,0.0,0.0,0.0,0.0,0.0,0.0,0.0,0.0,0.0,nan,nan,4.410351201478743,3.2124129722086274,nan,0.3992,0.0362,0.0,0.0,0.0,0.0,0.0,0.0,0.0,0.0,0.0,0.0,0.0,0.0,0.0,0.0,0.0,0.0,0.0,0.0,0.0,0.0,0.0,0.0,0.0,0.0,0.0,0.0,0.0,0.00017421602787456446,0.0006968641114982578,0.0024390243902439024,0.0026713124274099884,0.004181184668989547,0.007955865272938444,0.016957026713124275,0.03501742160278746,0.04773519163763066,0.06742160278745644,0.09198606271777003,0.09552845528455285,0.09854819976771197,0.09767711962833914,0.10139372822299651,0.09372822299651568,0.07711962833914053,0.0491869918699187,0.04860627177700348,0.027119628339140535,0.017421602787456445,0.008304297328687572,0.005574912891986063,0.0015098722415795587,0.0004065040650406504,0.0005807200929152149,5.8072009291521487e-05,0.0,0.0,0.0,0.0,0.0,0.0,0.0,0.0,0.0,0.0,0.0,0.0,0.0,0.0,0.0,0.0,0.0,0.0,0.0,0.0,0.0,0.0,0.0,0.0,0.0,0.0,0.0,0.0,0.0,0.0,0.0,0.0,0.0,0.0,0.0,0.0,0.0,0.0,0.0,0.0,0.0,0.0,0.0,0.0,0.0,0.0,0.0,nan,nan,4.410351201478743,3.2124129722086274,nan,0.9500011170303428,0.022808810678151874,0.0,0.0,0.0,0.0,0.0,0.0,0.0,0.0,0.0,0.0,0.0,0.0,0.0,0.0,0.0,0.0,0.0,0.0,0.0,0.0,0.0,0.0,0.0,0.0,0.0,0.0,0.2637362637362638,6.395604395604397,16.219780219780223,7.120879120879123,0.951335767072997,0.022768048554982052,0.0,0.0,0.0,0.0,0.0,0.0,0.0,0.0,0.0,0.0,0.0,0.0,0.0,0.0,0.0,0.0,0.0,0.0,0.0,0.0,0.0,0.0,0.0,0.0,0.0,0.0,0.44334975369458135,5.098522167487686,17.58620689655173,6.871921182266011,0.3992,0.007565,0.0,0.0,0.0,0.0,0.0,0.0,0.0,0.0,0.0,0.0,0.0,16.615384615384592,13.384615384615387,0.0,0.0,0.0,0.0,0.0,0.0,0.0,0.0,0.0,0.0,0.0,0.0,0.0,0.0,0.0,0.0,0.0,0.3992,0.007866,0.0,0.0,0.0,0.0,0.0,0.0,0.0,0.0,0.0,0.0,0.0,16.33004926108372,13.669950738916258,0.0,0.0,0.0,0.0,0.0,0.0,0.0,0.0,0.0,0.0,0.0,0.0,0.0,0.0,0.0,0.0,0.0
200,1091,553,0.5068744271310724,252,222,0.4344637946837763,313,0.5737855178735105,0.438,3.12639405204461,3.1761791137998814,6.80379746835443,1.9371741808836391,8366.66654445463,506.6521067343563,7853.0,8866.4,8866.399999999998,1.8189894035458565e-12,7853.0,0.0,27.57011915673694,20.607176316787182,32.81878453038674,18.700260897609308,0.1457378551787351,0.09074243813015583,0.09807516040329972,0.09165902841429881,0.08249312557286893,0.06324472960586618,0.07791017415215398,0.06324472960586618,0.05316223648029331,0.054078826764436295,0.05041246562786435,0.04307974335472044,0.03299725022914757,0.02383134738771769,0.015582034830430797,0.007332722273143905,0.006416131989000917,0.9496295322637619,0.023083238953561586,0.0,0.0,0.0,0.0,0.0,0.0,0.0,0.0,0.0,0.0,0.0,0.0,0.0,0.0,0.0,0.0,0.0,0.0,0.0,0.0,0.0,0.0,0.0,0.0,0.0,0.0,0.5224564619615033,6.901924839596702,15.53620531622365,7.03941338221815,4.421203438395415,2.9338861515090917,nan,nan,nan,4.52542372881356,2.898602423047109,4.320699708454811,2.9676207116561653,0.9547613587971304,0.3992,0.007683,0.0,0.0,0.0,0.0,0.0,0.0,0.0,0.0,0.0,0.0,0.0,16.443629697525182,13.556370302474797,0.0,0.0,0.0,0.0,0.0,0.0,0.0,0.0,0.0,0.0,0.0,0.0,0.0,0.0,0.0,0.0,0.0,nan,nan,4.421203438395415,2.9338861515090917,nan,0.3992,0.036,0.0,0.0,0.0,0.0,0.0,0.0,0.0,0.0,0.0,0.0,0.0,0.0,0.0,0.0,0.0,0.0,0.0,0.0,0.0,0.0,0.0,0.0,0.0,0.0,0.0,0.0,0.0,0.00022914757103574703,0.00022914757103574703,0.002153987167736022,0.00307057745187901,0.00229147571035747,0.008707607699358386,0.01562786434463795,0.034555453712190654,0.04922089825847846,0.06810265811182402,0.0993583868010999,0.092025664527956,0.10109990834097159,0.09743354720439963,0.0963794683776352,0.09555453712190651,0.07653528872593951,0.047250229147571036,0.04766269477543538,0.03020164986251146,0.01562786434463795,0.007011915673693859,0.007241063244729606,0.0009165902841429881,0.00032080659945004584,0.0011915673693858844,0.0,0.0,0.0,0.0,0.0,0.0,0.0,0.0,0.0,0.0,0.0,0.0,0.0,0.0,0.0,0.0,0.0,0.0,0.0,0.0,0.0,0.0,0.0,0.0,0.0,0.0,0.0,0.0,0.0,0.0,0.0,0.0,0.0,0.0,0.0,0.0,0.0,0.0,0.0,0.0,0.0,0.0,0.0,0.0,0.0,0.0,0.0,0.0,nan,nan,4.421203438395415,2.9338861515090917,nan,0.9494228486988903,0.022698856758129337,0.0,0.0,0.0,0.0,0.0,0.0,0.0,0.0,0.0,0.0,0.0,0.0,0.0,0.0,0.0,0.0,0.0,0.0,0.0,0.0,0.0,0.0,0.0,0.0,0.0,0.0,0.5967450271247741,6.781193490054251,15.678119349005428,6.943942133815553,0.9498419783815575,0.02346988168231978,0.0,0.0,0.0,0.0,0.0,0.0,0.0,0.0,0.0,0.0,0.0,0.0,0.0,0.0,0.0,0.0,0.0,0.0,0.0,0.0,0.0,0.0,0.0,0.0,0.0,0.0,0.44609665427509304,7.026022304832716,15.39033457249071,7.137546468401489,0.399,0.007767,0.0,0.0,0.0,0.0,0.0,0.0,0.0,0.0,0.0,0.0,0.0,17.088607594936686,12.911392405063294,0.0,0.0,0.0,0.0,0.0,0.0,0.0,0.0,0.0,0.0,0.0,0.0,0.0,0.0,0.0,0.0,0.0,0.3994,0.00759,0.0,0.0,0.0,0.0,0.0,0.0,0.0,0.0,0.0,0.0,0.0,15.780669144981388,14.21933085501859,0.0,0.0,0.0,0.0,0.0,0.0,0.0,0.0,0.0,0.0,0.0,0.0,0.0,0.0,0.0,0.0,0.0
300,1110,577,0.5198198198198198,296,223,0.46756756756756757,306,0.5513513513513514,0.438,2.8405253283302065,3.0736563448573024,6.316546762589928,2.4642361935491155,8379.785405405406,506.3017543814167,7853.0,8866.4,8866.399999999998,1.8189894035458565e-12,7853.0,0.0,28.22252252252252,20.882598405356614,33.02985074626866,19.139014624268352,0.13153153153153152,0.10810810810810811,0.08558558558558559,0.08378378378378379,0.08828828828828829,0.06486486486486487,0.06306306306306306,0.07657657657657657,0.06486486486486487,0.06486486486486487,0.047747747747747746,0.027927927927927927,0.02702702702702703,0.024324324324324326,0.018018018018018018,0.010810810810810811,0.012612612612612612,0.9484149505426218,0.023967610921683338,0.0,0.0,0.0,0.0,0.0,0.0,0.0,0.0,0.0,0.0,0.0,0.0,0.0,0.0,0.0,0.0,0.0,0.0,0.0,0.0,0.0,0.0,0.0,0.0,0.0,0.027027027027027032,0.7027027027027029,7.054054054054055,15.351351351351354,6.864864864864867,4.081830790568655,2.8991777454413183,nan,nan,nan,4.082191780821918,2.9560869389477324,4.081460674157303,2.8396459070924602,0.99982090340095,0.3997,0.0083,0.0,0.0,0.0,0.0,0.0,0.0,0.0,0.0,0.0,0.0,0.0,15.594594594594572,14.405405405405409,0.0,0.0,0.0,0.0,0.0,0.0,0.0,0.0,0.0,0.0,0.0,0.0,0.0,0.0,0.0,0.0,0.0,nan,nan,4.081830790568655,2.8991777454413183,nan,0.3997,0.03635,0.0,0.0,0.0,0.0,0.0,0.0,0.0,0.0,0.0,0.0,0.0,0.0,0.0,0.0,0.0,0.0,0.0,0.0,0.0,0.0,0.0,0.0,0.0,0.0,0.0,0.0,0.0,0.0,0.0,0.0016666666666666668,0.0038288288288288288,0.0022522522522522522,0.008693693693693693,0.01936936936936937,0.029774774774774776,0.04972972972972973,0.06734234234234235,0.10175675675675676,0.08806306306306307,0.10391891891891891,0.09463963963963964,0.09702702702702702,0.09585585585585586,0.0786036036036036,0.044774774774774775,0.0481981981981982,0.026441441441441442,0.017252252252252253,0.008423423423423424,0.01036036036036036,0.00018018018018018018,0.00045045045045045046,0.0013963963963963964,0.0,0.0,0.0,0.0,0.0,0.0,0.0,0.0,0.0,0.0,0.0,0.0,0.0,0.0,0.0,0.0,0.0,0.0,0.0,0.0,0.0,0.0,0.0,0.0,0.0,0.0,0.0,0.0,0.0,0.0,0.0,0.0,0.0,0.0,0.0,0.0,0.0,0.0,0.0,0.0,0.0,0.0,0.0,0.0,0.0,0.0,0.0,0.0,nan,nan,4.081830790568655,2.8991777454413183,nan,0.9484624997995136,0.02317708940462298,0.0,0.0,0.0,0.0,0.0,0.0,0.0,0.0,0.0,0.0,0.0,0.0,0.0,0.0,0.0,0.0,0.0,0.0,0.0,0.0,0.0,0.0,0.0,0.0,0.0,0.05199306759098788,0.5199306759098787,7.019064124783363,15.857885615251304,6.551126516464473,0.9483634760187446,0.024794894297937915,0.0,0.0,0.0,0.0,0.0,0.0,0.0,0.0,0.0,0.0,0.0,0.0,0.0,0.0,0.0,0.0,0.0,0.0,0.0,0.0,0.0,0.0,0.0,0.0,0.0,0.0,0.9005628517823642,7.091932457786118,14.803001876172612,7.204502814258913,0.3997,0.008354,0.0,0.0,0.0,0.0,0.0,0.0,0.0,0.0,0.0,0.0,0.0,15.129982668977448,14.870017331022533,0.0,0.0,0.0,0.0,0.0,0.0,0.0,0.0,0.0,0.0,0.0,0.0,0.0,0.0,0.0,0.0,0.0,0.3997,0.00823,0.0,0.0,0.0,0.0,0.0,0.0,0.0,0.0,0.0,0.0,0.0,16.09756097560973,13.902439024390247,0.0,0.0,0.0,0.0,0.0,0.0,0.0,0.0,0.0,0.0,0.0,0.0,0.0,0.0,0.0,0.0,0.0
400,1178,618,0.5246179966044142,294,228,0.4431239388794567,321,0.5449915110356537,0.434,3.039285714285714,3.142773943703952,6.457831325301205,2.296152910504071,8384.647877758915,506.0854605650375,7853.0,8866.4,8866.4,0.0,7853.0,0.0,26.961799660441425,20.517483558321086,31.724974721941354,18.957277099565083,0.13837011884550085,0.11884550084889643,0.09507640067911714,0.08828522920203735,0.08149405772495756,0.06621392190152801,0.07555178268251274,0.057724957555178265,0.0636672325976231,0.04753820033955857,0.0466893039049236,0.03225806451612903,0.03310696095076401,0.027164685908319185,0.013582342954159592,0.006791171477079796,0.007640067911714771,0.949688886442492,0.022594154303663152,0.0,0.0,0.0,0.0,0.0,0.0,0.0,0.0,0.0,0.0,0.0,0.0,0.0,0.0,0.0,0.0,0.0,0.0,0.0,0.0,0.0,0.0,0.0,0.0,0.0,0.0,0.5602716468590833,6.366723259762311,16.273344651952463,6.7996604414261475,4.3261455525606465,2.925644761862758,nan,nan,nan,4.436314363143631,2.983583532922077,4.2171581769437,2.8630071873127947,0.9505994913208463,0.3997,0.0081,0.0,0.0,0.0,0.0,0.0,0.0,0.0,0.0,0.0,0.0,0.02546689303904924,15.152801358234274,14.821731748726659,0.0,0.0,0.0,0.0,0.0,0.0,0.0,0.0,0.0,0.0,0.0,0.0,0.0,0.0,0.0,0.0,0.0,nan,nan,4.3261455525606465,2.925644761862758,nan,0.3997,0.0371,0.0,0.0,0.0,0.0,0.0,0.0,0.0,0.0,0.0,0.0,0.0,0.0,0.0,0.0,0.0,0.0,0.0,0.0,0.0,0.0,0.0,0.0,0.0,0.0,0.0,0.0,0.0,0.0,0.0,0.0022071307300509336,0.002631578947368421,0.0028862478777589135,0.01031409168081494,0.02236842105263158,0.025721561969439727,0.05530560271646859,0.06952461799660442,0.10288624787775891,0.0803056027164686,0.09588285229202037,0.09248726655348048,0.09630730050933786,0.09770797962648557,0.08421052631578947,0.04422750424448217,0.04656196943972835,0.028395585738539897,0.017232597623089985,0.007937181663837011,0.011587436332767402,8.488964346349746e-05,0.0008064516129032258,0.0024193548387096775,0.0,0.0,0.0,0.0,0.0,0.0,0.0,0.0,0.0,0.0,0.0,0.0,0.0,0.0,0.0,0.0,0.0,0.0,0.0,0.0,0.0,0.0,0.0,0.0,0.0,0.0,0.0,0.0,0.0,0.0,0.0,0.0,0.0,0.0,0.0,0.0,0.0,0.0,0.0,0.0,0.0,0.0,0.0,0.0,0.0,0.0,0.0,0.0,nan,nan,4.3261455525606465,2.925644761862758,nan,0.9506534591654744,0.021925255588087698,0.0,0.0,0.0,0.0,0.0,0.0,0.0,0.0,0.0,0.0,0.0,0.0,0.0,0.0,0.0,0.0,0.0,0.0,0.0,0.0,0.0,0.0,0.0,0.0,0.0,0.0,0.3398058252427185,6.067961165048545,16.650485436893206,6.941747572815536,0.9486244115446295,0.023263687704856297,0.0,0.0,0.0,0.0,0.0,0.0,0.0,0.0,0.0,0.0,0.0,0.0,0.0,0.0,0.0,0.0,0.0,0.0,0.0,0.0,0.0,0.0,0.0,0.0,0.0,0.0,0.8035714285714288,6.696428571428573,15.857142857142861,6.642857142857144,0.3997,0.00827,0.0,0.0,0.0,0.0,0.0,0.0,0.0,0.0,0.0,0.0,0.04854368932038836,15.242718446601922,14.708737864077673,0.0,0.0,0.0,0.0,0.0,0.0,0.0,0.0,0.0,0.0,0.0,0.0,0.0,0.0,0.0,0.0,0.0,0.4,0.0079,0.0,0.0,0.0,0.0,0.0,0.0,0.0,0.0,0.0,0.0,0.0,15.053571428571406,14.946428571428575,0.0,0.0,0.0,0.0,0.0,0.0,0.0,0.0,0.0,0.0,0.0,0.0,0.0,0.0,0.0,0.0,0.0
500,1236,640,0.517799352750809,296,255,0.4457928802588997,349,0.5647249190938511,0.41,2.9328859060402683,2.9637959279307355,6.267045454545454,1.8956422269192408,8377.73786407767,506.3788359119241,7853.0,8866.4,8866.399999999998,1.8189894035458565e-12,7853.0,0.0,28.468446601941746,21.343806264856887,33.68798449612403,19.491588600478472,0.1423948220064725,0.09870550161812297,0.08656957928802589,0.08414239482200647,0.07686084142394822,0.07928802588996764,0.063915857605178,0.07119741100323625,0.054207119741100325,0.05177993527508091,0.04288025889967637,0.04288025889967637,0.03640776699029126,0.02750809061488673,0.0186084142394822,0.013754045307443365,0.00889967637540453,0.947684001527172,0.023883847094494176,0.0,0.0,0.0,0.0,0.0,0.0,0.0,0.0,0.0,0.0,0.0,0.0,0.0,0.0,0.0,0.0,0.0,0.0,0.0,0.0,0.0,0.0,0.0,0.0,0.0,0.0,0.6067961165048544,8.082524271844662,14.344660194174761,6.96601941747573,4.21712158808933,2.781765270017296,nan,nan,nan,4.329268292682927,2.716053800110043,4.101010101010101,2.8435464749944788,0.9472755726276854,0.401,0.00802,0.0,0.0,0.0,0.0,0.0,0.0,0.0,0.0,0.0,0.0,0.0,14.441747572815514,15.558252427184469,0.0,0.0,0.0,0.0,0.0,0.0,0.0,0.0,0.0,0.0,0.0,0.0,0.0,0.0,0.0,0.0,0.0,nan,nan,4.21712158808933,2.781765270017296,nan,0.401,0.03677,0.0,0.0,0.0,0.0,0.0,0.0,0.0,0.0,0.0,0.0,0.0,0.0,0.0,0.0,0.0,0.0,0.0,0.0,0.0,0.0,0.0,0.0,0.0,0.0,0.0,0.0,0.0,0.00016181229773462783,0.0,0.0023058252427184465,0.002710355987055016,0.002750809061488673,0.008980582524271844,0.0223705501618123,0.0218042071197411,0.05521844660194175,0.06573624595469256,0.09773462783171522,0.07831715210355987,0.09482200647249191,0.0965210355987055,0.09599514563106797,0.1040453074433657,0.08628640776699029,0.04826051779935275,0.04611650485436893,0.028681229773462782,0.019417475728155338,0.007726537216828479,0.012014563106796116,8.090614886731392e-05,0.0002831715210355987,0.0016585760517799353,0.0,0.0,0.0,0.0,0.0,0.0,0.0,0.0,0.0,0.0,0.0,0.0,0.0,0.0,0.0,0.0,0.0,0.0,0.0,0.0,0.0,0.0,0.0,0.0,0.0,0.0,0.0,0.0,0.0,0.0,0.0,0.0,0.0,0.0,0.0,0.0,0.0,0.0,0.0,0.0,0.0,0.0,0.0,0.0,0.0,0.0,0.0,0.0,nan,nan,4.21712158808933,2.781765270017296,nan,0.9474312777630984,0.024079359618234687,0.0,0.0,0.0,0.0,0.0,0.0,0.0,0.0,0.0,0.0,0.0,0.0,0.0,0.0,0.0,0.0,0.0,0.0,0.0,0.0,0.0,0.0,0.0,0.0,0.0,0.0,0.6093750000000002,8.390625000000002,13.921875000000004,7.078125000000002,0.9479553827503383,0.023669098427147487,0.0,0.0,0.0,0.0,0.0,0.0,0.0,0.0,0.0,0.0,0.0,0.0,0.0,0.0,0.0,0.0,0.0,0.0,0.0,0.0,0.0,0.0,0.0,0.0,0.0,0.0,0.604026845637584,7.751677852348995,14.798657718120808,6.845637583892619,0.401,0.008,0.0,0.0,0.0,0.0,0.0,0.0,0.0,0.0,0.0,0.0,0.0,13.82812499999998,16.171875000000004,0.0,0.0,0.0,0.0,0.0,0.0,0.0,0.0,0.0,0.0,0.0,0.0,0.0,0.0,0.0,0.0,0.0,0.4006,0.008026,0.0,0.0,0.0,0.0,0.0,0.0,0.0,0.0,0.0,0.0,0.0,15.100671140939577,14.899328859060406,0.0,0.0,0.0,0.0,0.0,0.0,0.0,0.0,0.0,0.0,0.0,0.0,0.0,0.0,0.0,0.0,0.0
600,1244,624,0.5016077170418006,303,257,0.45016077170418006,345,0.5546623794212219,0.414,2.9306451612903226,3.0764500231691123,6.471264367816092,2.2734807000122186,8361.32926045016,506.6973806034381,7853.0,8866.4,8866.4,0.0,7853.0,0.0,28.163183279742764,21.019319581149894,33.022878932316495,19.305073025605235,0.13745980707395497,0.10209003215434084,0.0819935691318328,0.09083601286173633,0.08762057877813505,0.07395498392282958,0.07234726688102894,0.06270096463022508,0.0594855305466238,0.04501607717041801,0.04260450160771704,0.04180064308681672,0.03536977491961415,0.03054662379421222,0.017684887459807074,0.00964630225080386,0.008842443729903537,0.9447072582421195,0.02346903872335804,0.0,0.0,0.0,0.0,0.0,0.0,0.0,0.0,0.0,0.0,0.0,0.0,0.0,0.0,0.0,0.0,0.0,0.0,0.0,0.0,0.0,0.0,0.0,0.0,0.0,0.0,0.8922829581993571,8.850482315112542,14.614147909967848,5.643086816720259,4.249075215782984,2.9687411353958044,nan,nan,nan,4.355769230769231,3.003742118753927,4.1367088607594935,2.9272260690868652,0.9497079945231508,0.402,0.00835,0.0,0.0,0.0,0.0,0.0,0.0,0.0,0.0,0.0,0.0,0.0,11.937299035369758,18.062700964630228,0.0,0.0,0.0,0.0,0.0,0.0,0.0,0.0,0.0,0.0,0.0,0.0,0.0,0.0,0.0,0.0,0.0,nan,nan,4.249075215782984,2.9687411353958044,nan,0.402,0.03674,0.0,0.0,0.0,0.0,0.0,0.0,0.0,0.0,0.0,0.0,0.0,0.0,0.0,0.0,0.0,0.0,0.0,0.0,0.0,0.0,0.0,0.0,0.0,0.0,0.0,0.0,0.0,4.019292604501608e-05,0.0,0.0016479099678456592,0.00409967845659164,0.0022508038585209,0.00635048231511254,0.02282958199356913,0.01567524115755627,0.05309485530546624,0.061856913183279745,0.10321543408360129,0.07781350482315112,0.0962620578778135,0.09087620578778136,0.09891479099678456,0.10759646302250804,0.0892684887459807,0.04533762057877813,0.04807073954983923,0.03054662379421222,0.018287781350482316,0.00972668810289389,0.012178456591639871,0.00040192926045016077,0.0006028938906752412,0.0029742765273311897,8.038585209003216e-05,0.0,0.0,0.0,0.0,0.0,0.0,0.0,0.0,0.0,0.0,0.0,0.0,0.0,0.0,0.0,0.0,0.0,0.0,0.0,0.0,0.0,0.0,0.0,0.0,0.0,0.0,0.0,0.0,0.0,0.0,0.0,0.0,0.0,0.0,0.0,0.0,0.0,0.0,0.0,0.0,0.0,0.0,0.0,0.0,0.0,0.0,0.0,nan,nan,4.249075215782984,2.9687411353958044,nan,0.9449790272002037,0.023997983288201016,0.0,0.0,0.0,0.0,0.0,0.0,0.0,0.0,0.0,0.0,0.0,0.0,0.0,0.0,0.0,0.0,0.0,0.0,0.0,0.0,0.0,0.0,0.0,0.0,0.0,0.0,0.7692307692307694,8.653846153846155,14.663461538461542,5.91346153846154,0.9444337359359187,0.022921108668558784,0.0,0.0,0.0,0.0,0.0,0.0,0.0,0.0,0.0,0.0,0.0,0.0,0.0,0.0,0.0,0.0,0.0,0.0,0.0,0.0,0.0,0.0,0.0,0.0,0.0,0.0,1.0161290322580647,9.048387096774196,14.564516129032262,5.370967741935486,0.4023,0.00823,0.0,0.0,0.0,0.0,0.0,0.0,0.0,0.0,0.0,0.0,0.0,11.442307692307676,18.55769230769231,0.0,0.0,0.0,0.0,0.0,0.0,0.0,0.0,0.0,0.0,0.0,0.0,0.0,0.0,0.0,0.0,0.0,0.4019,0.00845,0.0,0.0,0.0,0.0,0.0,0.0,0.0,0.0,0.0,0.0,0.0,12.435483870967724,17.56451612903226,0.0,0.0,0.0,0.0,0.0,0.0,0.0,0.0,0.0,0.0,0.0,0.0,0.0,0.0,0.0,0.0,0.0
700,1300,683,0.5253846153846153,298,273,0.43923076923076926,374,0.5753846153846154,0.422,2.8946515397082657,3.079222035997224,6.685185185185185,2.2179743350389862,8385.424769230769,506.04656529614294,7853.0,8866.4,8866.4,0.0,7853.0,0.0,28.091538461538462,21.261523697534674,32.983561643835614,19.605136409014428,0.13923076923076924,0.09923076923076923,0.09923076923076923,0.09153846153846154,0.07769230769230769,0.07076923076923076,0.06692307692307692,0.06307692307692307,0.05615384615384615,0.04846153846153846,0.040769230769230766,0.03923076923076923,0.04153846153846154,0.026923076923076925,0.019230769230769232,0.013076923076923076,0.006923076923076923,0.9446301755079857,0.023282658020421662,0.0,0.0,0.0,0.0,0.0,0.0,0.0,0.0,0.0,0.0,0.0,0.0,0.0,0.0,0.0,0.0,0.0,0.0,0.0,0.0,0.0,0.0,0.0,0.0,0.0,0.0,0.9461538461538463,8.423076923076925,15.692307692307695,4.93846153846154,4.221556886227545,2.9110592298299824,nan,nan,nan,4.0,2.8361026534435534,4.4394299287410925,2.966841880502291,1.1098574821852731,0.4014,0.00829,0.0,0.0,0.0,0.0,0.0,0.0,0.0,0.0,0.0,0.0,0.0,12.946153846153827,17.053846153846155,0.0,0.0,0.0,0.0,0.0,0.0,0.0,0.0,0.0,0.0,0.0,0.0,0.0,0.0,0.0,0.0,0.0,nan,nan,4.221556886227545,2.9110592298299824,nan,0.4014,0.03723,0.0,0.0,0.0,0.0,0.0,0.0,0.0,0.0,0.0,0.0,0.0,0.0,0.0,0.0,0.0,0.0,0.0,0.0,0.0,0.0,0.0,0.0,0.0,0.0,0.0,0.0,0.0,7.692307692307693e-05,0.0,0.0021153846153846153,0.0057692307692307696,0.002076923076923077,0.006076923076923077,0.023846153846153847,0.01780769230769231,0.050076923076923074,0.07003846153846154,0.1041923076923077,0.07476923076923077,0.09634615384615385,0.08753846153846154,0.09742307692307692,0.10796153846153846,0.08796153846153847,0.04280769230769231,0.048615384615384616,0.03226923076923077,0.017461538461538462,0.008461538461538461,0.01176923076923077,0.001,0.0008846153846153846,0.0021153846153846153,0.0,0.0,0.0,0.0005384615384615384,0.0,0.0,0.0,0.0,0.0,0.0,0.0,0.0,0.0,0.0,0.0,0.0,0.0,0.0,0.0,0.0,0.0,0.0,0.0,0.0,0.0,0.0,0.0,0.0,0.0,0.0,0.0,0.0,0.0,0.0,0.0,0.0,0.0,0.0,0.0,0.0,0.0,0.0,0.0,0.0,0.0,0.0,0.0,0.0,nan,nan,4.221556886227545,2.9110592298299824,nan,0.9443651238786354,0.022252106962049125,0.0,0.0,0.0,0.0,0.0,0.0,0.0,0.0,0.0,0.0,0.0,0.0,0.0,0.0,0.0,0.0,0.0,0.0,0.0,0.0,0.0,0.0,0.0,0.0,0.0,0.0,0.7906295754026356,8.389458272327966,16.647144948755493,4.17276720351391,0.9449235794996327,0.024369321654804182,0.0,0.0,0.0,0.0,0.0,0.0,0.0,0.0,0.0,0.0,0.0,0.0,0.0,0.0,0.0,0.0,0.0,0.0,0.0,0.0,0.0,0.0,0.0,0.0,0.0,0.0,1.1183144246353325,8.460291734197732,14.635332252836308,5.786061588330633,0.4016,0.008156,0.0,0.0,0.0,0.0,0.0,0.0,0.0,0.0,0.0,0.0,0.0,12.957540263543173,17.04245973645681,0.0,0.0,0.0,0.0,0.0,0.0,0.0,0.0,0.0,0.0,0.0,0.0,0.0,0.0,0.0,0.0,0.0,0.4014,0.00844,0.0,0.0,0.0,0.0,0.0,0.0,0.0,0.0,0.0,0.0,0.0,12.93354943273904,17.066450567260944,0.0,0.0,0.0,0.0,0.0,0.0,0.0,0.0,0.0,0.0,0.0,0.0,0.0,0.0,0.0,0.0,0.0
800,1319,711,0.5390447308567097,329,267,0.4518574677786202,355,0.5382865807429871,0.41,2.9309210526315788,2.9281693030717206,6.120481927710843,2.141936914021815,8399.26793025019,505.1527183889204,7853.0,8866.4,8866.399999999998,1.8189894035458565e-12,7853.0,0.0,28.259287338893103,20.955118719623716,33.151978417266186,19.17608943861619,0.133434420015163,0.09931766489764973,0.0887035633055345,0.09249431387414708,0.07429871114480667,0.07505686125852919,0.07657316148597422,0.07202426080363912,0.05913570887035633,0.05155420773313116,0.04397270659590599,0.03790750568612585,0.027293404094010616,0.026535253980288095,0.022744503411675512,0.012130401819560273,0.006823351023502654,0.9445235580092944,0.023213839032081372,0.0,0.0,0.0,0.0,0.0,0.0,0.0,0.0,0.0,0.0,0.0,0.0,0.0,0.0,0.0,0.0,0.0,0.0,0.0,0.0,0.0,0.0,0.0,0.0,0.0,0.022744503411675516,0.7278241091736165,9.166034874905232,14.692949203942383,5.390447308567098,4.1582054309327035,2.748145338364283,nan,nan,nan,4.148235294117647,2.7240373049490945,4.154394299287411,2.760841024116123,1.0014847289830684,0.4011,0.00837,0.0,0.0,0.0,0.0,0.0,0.0,0.0,0.0,0.0,0.0,0.0,13.646702047005288,16.353297952994694,0.0,0.0,0.0,0.0,0.0,0.0,0.0,0.0,0.0,0.0,0.0,0.0,0.0,0.0,0.0,0.0,0.0,nan,nan,4.1582054309327035,2.748145338364283,nan,0.4011,0.0384,0.0,0.0,0.0,0.0,0.0,0.0,0.0,0.0,0.0,0.0,0.0,0.0,0.0,0.0,0.0,0.0,0.0,0.0,0.0,0.0,0.0,0.0,0.0,0.0,0.0,0.0,0.0,0.0,0.00011372251705837755,0.0018953752843062926,0.0089461713419257,0.003070507960576194,0.006178923426838514,0.023540561031084154,0.020545868081880213,0.05489006823351023,0.07789992418498863,0.093972706595906,0.07475360121304019,0.09313874147081122,0.07873388931008339,0.09461713419257013,0.10598938589840788,0.09014404852160728,0.045905989385898405,0.050113722517058375,0.02971948445792267,0.016376042456406368,0.009287338893100834,0.015276724791508718,0.0018574677786201668,0.0009855951478392722,0.0009855951478392722,7.581501137225171e-05,0.0,0.0,0.0009855951478392722,0.0,0.0,0.0,0.0,0.0,0.0,0.0,0.0,0.0,0.0,0.0,0.0,0.0,0.0,0.0,0.0,0.0,0.0,0.0,0.0,0.0,0.0,0.0,0.0,0.0,0.0,0.0,0.0,0.0,0.0,0.0,0.0,0.0,0.0,0.0,0.0,0.0,0.0,0.0,0.0,0.0,0.0,0.0,0.0,nan,nan,4.1582054309327035,2.748145338364283,nan,0.9445180007677038,0.02367758969885285,0.0,0.0,0.0,0.0,0.0,0.0,0.0,0.0,0.0,0.0,0.0,0.0,0.0,0.0,0.0,0.0,0.0,0.0,0.0,0.0,0.0,0.0,0.0,0.0,0.0,0.04219409282700423,0.8016877637130804,9.113924050632914,14.599156118143462,5.443037974683546,0.9445300566914835,0.022659487648059386,0.0,0.0,0.0,0.0,0.0,0.0,0.0,0.0,0.0,0.0,0.0,0.0,0.0,0.0,0.0,0.0,0.0,0.0,0.0,0.0,0.0,0.0,0.0,0.0,0.0,0.0,0.6414473684210528,9.226973684210527,14.802631578947372,5.328947368421054,0.401,0.00859,0.0,0.0,0.0,0.0,0.0,0.0,0.0,0.0,0.0,0.0,0.0,14.092827004219389,15.907172995780593,0.0,0.0,0.0,0.0,0.0,0.0,0.0,0.0,0.0,0.0,0.0,0.0,0.0,0.0,0.0,0.0,0.0,0.4011,0.0081,0.0,0.0,0.0,0.0,0.0,0.0,0.0,0.0,0.0,0.0,0.0,13.12499999999998,16.875000000000004,0.0,0.0,0.0,0.0,0.0,0.0,0.0,0.0,0.0,0.0,0.0,0.0,0.0,0.0,0.0,0.0,0.0
900,1276,674,0.5282131661442007,320,263,0.45689655172413796,341,0.5344827586206896,0.43,3.0033222591362128,3.153859986812165,7.0,2.090076805438398,8388.291222570533,505.8927079845311,7853.0,8866.4,8866.399999999998,1.8189894035458565e-12,7853.0,0.0,27.646551724137932,20.67617916011364,32.46927374301676,18.984936840739095,0.13949843260188088,0.10815047021943573,0.09169278996865204,0.07523510971786834,0.08934169278996865,0.07836990595611286,0.06739811912225706,0.06347962382445141,0.05721003134796238,0.055642633228840124,0.04623824451410658,0.02821316614420063,0.03683385579937304,0.030564263322884012,0.019592476489028215,0.007053291536050157,0.0054858934169279,0.9450338943438097,0.02424955990952654,0.0,0.0,0.0,0.0,0.0,0.0,0.0,0.0,0.0,0.0,0.0,0.0,0.0,0.0,0.0,0.0,0.0,0.0,0.0,0.0,0.0,0.0,0.0,0.0,0.0,0.02351097178683386,0.9639498432601883,8.557993730407524,15.04702194357367,5.407523510971788,4.321078431372549,2.992612933594839,nan,nan,nan,4.344578313253012,2.9785276953251314,4.296758104738155,3.0069270755616992,0.9889931300423372,0.4014,0.00861,0.0,0.0,0.0,0.0,0.0,0.0,0.0,0.0,0.0,0.0,0.0,13.448275862068945,16.551724137931036,0.0,0.0,0.0,0.0,0.0,0.0,0.0,0.0,0.0,0.0,0.0,0.0,0.0,0.0,0.0,0.0,0.0,nan,nan,4.321078431372549,2.992612933594839,nan,0.4014,0.03833,0.0,0.0,0.0,0.0,0.0,0.0,0.0,0.0,0.0,0.0,0.0,0.0,0.0,0.0,0.0,0.0,0.0,0.0,0.0,0.0,0.0,0.0,0.0,0.0,0.0,0.0,0.0,0.0,0.0,0.0016849529780564264,0.006974921630094044,0.002860501567398119,0.00493730407523511,0.028252351097178684,0.020807210031347962,0.058307210031347964,0.07970219435736677,0.09271159874608151,0.07186520376175548,0.08385579937304075,0.07362852664576802,0.08887147335423197,0.11269592476489028,0.09584639498432602,0.04827586206896552,0.05411442006269593,0.028134796238244515,0.01731974921630094,0.010501567398119123,0.01598746081504702,0.0016457680250783699,0.00015673981191222572,0.0005094043887147336,0.0,0.0,0.0,0.0003526645768025078,0.0,0.0,0.0,0.0,0.0,0.0,0.0,0.0,0.0,0.0,0.0,0.0,0.0,0.0,0.0,0.0,0.0,0.0,0.0,0.0,0.0,0.0,0.0,0.0,0.0,0.0,0.0,0.0,0.0,0.0,0.0,0.0,0.0,0.0,0.0,0.0,0.0,0.0,0.0,0.0,0.0,0.0,0.0,0.0,nan,nan,4.321078431372549,2.992612933594839,nan,0.9445156131370839,0.02388762257343216,0.0,0.0,0.0,0.0,0.0,0.0,0.0,0.0,0.0,0.0,0.0,0.0,0.0,0.0,0.0,0.0,0.0,0.0,0.0,0.0,0.0,0.0,0.0,0.0,0.0,0.04451038575667657,0.8902077151335314,8.857566765578637,15.133531157270033,5.074183976261129,0.9456141626716056,0.024635545807354532,0.0,0.0,0.0,0.0,0.0,0.0,0.0,0.0,0.0,0.0,0.0,0.0,0.0,0.0,0.0,0.0,0.0,0.0,0.0,0.0,0.0,0.0,0.0,0.0,0.0,0.0,1.0465116279069768,8.222591362126247,14.950166112956813,5.780730897009969,0.4014,0.00881,0.0,0.0,0.0,0.0,0.0,0.0,0.0,0.0,0.0,0.0,0.0,13.442136498516302,16.55786350148368,0.0,0.0,0.0,0.0,0.0,0.0,0.0,0.0,0.0,0.0,0.0,0.0,0.0,0.0,0.0,0.0,0.0,0.4016,0.008385,0.0,0.0,0.0,0.0,0.0,0.0,0.0,0.0,0.0,0.0,0.0,13.45514950166111,16.544850498338874,0.0,0.0,0.0,0.0,0.0,0.0,0.0,0.0,0.0,0.0,0.0,0.0,0.0,0.0,0.0,0.0,0.0
1000,1373,689,0.5018208302986161,338,287,0.45520757465404227,394,0.5739257101238164,0.41,2.925438596491228,3.105173331042931,6.597883597883598,2.0255499657375093,8361.545229424615,506.69664013921624,7853.0,8866.4,8866.4,0.0,7853.0,0.0,27.420247632920614,20.634094448014636,32.53327495621716,18.863279767856017,0.1434814275309541,0.09905316824471959,0.08958485069191552,0.09613983976693372,0.0852148579752367,0.07283321194464676,0.07064821558630735,0.06045156591405681,0.05753823743627094,0.055353241077931534,0.04734158776402039,0.03495994173343044,0.02986161689730517,0.02039329934450109,0.01820830298616169,0.013109978150036417,0.005826656955571741,0.9435255945553679,0.022886651152193176,0.0,0.0,0.0,0.0,0.0,0.0,0.0,0.0,0.0,0.0,0.0,0.0,0.0,0.0,0.0,0.0,0.0,0.0,0.0,0.0,0.0,0.0,0.0,0.0,0.0,0.021849963583394034,0.9395484340859434,8.849235251274582,15.513474144209763,4.675892206846323,4.367647058823529,2.9017693747766726,nan,nan,nan,4.366822429906542,2.866748165297262,4.368421052631579,2.934259695914041,1.0003660837486974,0.4001,0.00831,0.0,0.0,0.0,0.0,0.0,0.0,0.0,0.0,0.0,0.0,0.0,14.573925710123795,15.426074289876187,0.0,0.0,0.0,0.0,0.0,0.0,0.0,0.0,0.0,0.0,0.0,0.0,0.0,0.0,0.0,0.0,0.0,nan,nan,4.367647058823529,2.9017693747766726,nan,0.4001,0.03815,0.0,0.0,0.0,0.0,0.0,0.0,0.0,0.0,0.0,0.0,0.0,0.0,0.0,0.0,0.0,0.0,0.0,0.0,0.0,0.0,0.0,0.0,0.0,0.0,0.0,0.0,0.0,0.0,0.0,0.0011289147851420247,0.009577567370721048,0.0016387472687545521,0.004552075746540422,0.02997086671522214,0.02002913328477786,0.06580480699198835,0.08361252731245448,0.08739985433357611,0.07447195921340131,0.08772760378732702,0.07436270939548434,0.08605243991260014,0.11864530225782957,0.08801893663510561,0.04836125273124545,0.05364166059723234,0.022177713037144938,0.016569555717407137,0.008703568827385287,0.014530225782957028,0.002112163146394756,0.00010924981791697014,0.0003641660597232338,0.0,0.0,0.00010924981791697014,0.0003277494537509104,0.0,0.0,0.0,0.0,0.0,0.0,0.0,0.0,0.0,0.0,0.0,0.0,0.0,0.0,0.0,0.0,0.0,0.0,0.0,0.0,0.0,0.0,0.0,0.0,0.0,0.0,0.0,0.0,0.0,0.0,0.0,0.0,0.0,0.0,0.0,0.0,0.0,0.0,0.0,0.0,0.0,0.0,0.0,0.0,nan,nan,4.367647058823529,2.9017693747766726,nan,0.9429698002528729,0.02241805657064698,0.0,0.0,0.0,0.0,0.0,0.0,0.0,0.0,0.0,0.0,0.0,0.0,0.0,0.0,0.0,0.0,0.0,0.0,0.0,0.0,0.0,0.0,0.0,0.0,0.0,0.0,0.8708272859216257,8.882438316400583,15.718432510885343,4.5283018867924545,0.9440854516817115,0.023335786312371667,0.0,0.0,0.0,0.0,0.0,0.0,0.0,0.0,0.0,0.0,0.0,0.0,0.0,0.0,0.0,0.0,0.0,0.0,0.0,0.0,0.0,0.0,0.0,0.0,0.0,0.04385964912280703,1.0087719298245617,8.815789473684212,15.307017543859653,4.824561403508773,0.4,0.00802,0.0,0.0,0.0,0.0,0.0,0.0,0.0,0.0,0.0,0.0,0.0,15.152394775036264,14.847605224963718,0.0,0.0,0.0,0.0,0.0,0.0,0.0,0.0,0.0,0.0,0.0,0.0,0.0,0.0,0.0,0.0,0.0,0.4001,0.00858,0.0,0.0,0.0,0.0,0.0,0.0,0.0,0.0,0.0,0.0,0.0,13.991228070175417,16.008771929824565,0.0,0.0,0.0,0.0,0.0,0.0,0.0,0.0,0.0,0.0,0.0,0.0,0.0,0.0,0.0,0.0,0.0
1100,1557,748,0.48041104688503533,349,342,0.44380218368657676,442,0.5677585099550417,0.39399999999999996,2.828182941903585,3.119601379587004,6.395555555555555,2.3473820458408134,8339.848554913295,506.31098163872497,7853.0,8866.4,8866.399999999998,1.8189894035458565e-12,7853.0,0.0,28.204881181759795,20.77041586668162,32.7191265060241,19.148481218413853,0.12588310854206808,0.10404624277456648,0.09377007064868337,0.09762363519588953,0.08220937700706486,0.06358381502890173,0.06936416184971098,0.06936416184971098,0.055876685934489405,0.05138086062941554,0.046242774566473986,0.04238921001926782,0.036608863198458574,0.028259473346178548,0.01991008349389852,0.008349389852280027,0.005138086062941554,0.9434762261353323,0.023371126089727124,0.0,0.0,0.0,0.0,0.0,0.0,0.0,0.0,0.0,0.0,0.0,0.0,0.0,0.0,0.0,0.0,0.0,0.0,0.0,0.0,0.0,0.0,0.0,0.0,0.0,0.019267822736030834,0.9248554913294799,9.075144508670522,14.971098265895955,5.009633911368017,4.225074037512339,2.9625305875516057,nan,nan,nan,4.19488188976378,2.99004473306588,4.255445544554456,2.9342793150141233,1.0144375113250415,0.3992,0.00831,0.0,0.0,0.0,0.0,0.0,0.0,0.0,0.0,0.0,0.0,0.0,15.934489402697471,14.065510597302508,0.0,0.0,0.0,0.0,0.0,0.0,0.0,0.0,0.0,0.0,0.0,0.0,0.0,0.0,0.0,0.0,0.0,nan,nan,4.225074037512339,2.9625305875516057,nan,0.3992,0.03757,0.0,0.0,0.0,0.0,0.0,0.0,0.0,0.0,0.0,0.0,0.0,0.0,0.0,0.0,0.0,0.0,0.0,0.0,0.0,0.0,0.0,0.0,0.0,0.0,0.0,0.0,0.0,0.0,3.2113037893384715e-05,0.0008349389852280026,0.009922928709055878,0.001477199743095697,0.005330764290301862,0.03044315992292871,0.021226718047527297,0.06541425818882467,0.08535645472061656,0.08705844572896596,0.07000642260757868,0.09081567116249196,0.07768143866409763,0.08770070648683366,0.12508028259473347,0.08856775850995505,0.043513166345536286,0.051862556197816316,0.020873474630700065,0.016666666666666666,0.007867694283879255,0.009987154784842646,0.0011881824020552345,0.0,0.0004174694926140013,0.0,0.0,0.0003853564547206166,0.00028901734104046245,0.0,0.0,0.0,0.0,0.0,0.0,0.0,0.0,0.0,0.0,0.0,0.0,0.0,0.0,0.0,0.0,0.0,0.0,0.0,0.0,0.0,0.0,0.0,0.0,0.0,0.0,0.0,0.0,0.0,0.0,0.0,0.0,0.0,0.0,0.0,0.0,0.0,0.0,0.0,0.0,0.0,0.0,0.0,0.0,nan,nan,4.225074037512339,2.9625305875516057,nan,0.9434616505143477,0.02323848580303891,0.0,0.0,0.0,0.0,0.0,0.0,0.0,0.0,0.0,0.0,0.0,0.0,0.0,0.0,0.0,0.0,0.0,0.0,0.0,0.0,0.0,0.0,0.0,0.0,0.0,0.0,1.002673796791444,9.224598930481285,14.87967914438503,4.893048128342247,0.9434897027292711,0.023493090726692513,0.0,0.0,0.0,0.0,0.0,0.0,0.0,0.0,0.0,0.0,0.0,0.0,0.0,0.0,0.0,0.0,0.0,0.0,0.0,0.0,0.0,0.0,0.0,0.0,0.0,0.03708281829419037,0.8529048207663784,8.936959208899879,15.055624227441287,5.11742892459827,0.399,0.00801,0.0,0.0,0.0,0.0,0.0,0.0,0.0,0.0,0.0,0.0,0.0,16.56417112299463,13.435828877005351,0.0,0.0,0.0,0.0,0.0,0.0,0.0,0.0,0.0,0.0,0.0,0.0,0.0,0.0,0.0,0.0,0.0,0.3994,0.00858,0.0,0.0,0.0,0.0,0.0,0.0,0.0,0.0,0.0,0.0,0.0,15.352286773794786,14.647713226205195,0.0,0.0,0.0,0.0,0.0,0.0,0.0,0.0,0.0,0.0,0.0,0.0,0.0,0.0,0.0,0.0,0.0
1200,1539,773,0.50227420402859,363,332,0.45159194282001297,445,0.5782975958414555,0.39399999999999996,2.8472584856396868,2.9351407514521863,6.216814159292035,1.9420545026149367,8362.004678362573,506.6947586640747,7853.0,8866.4,8866.4,0.0,7853.0,0.0,28.209876543209877,20.79734841330487,33.180201082753285,18.964920870529856,0.13905133203378817,0.09486679662118258,0.09876543209876543,0.07992202729044834,0.07862248213125406,0.07277452891487979,0.06432748538011696,0.07537361923326835,0.05912930474333983,0.05912930474333983,0.04613385315139701,0.037037037037037035,0.036387264457439894,0.024041585445094216,0.017543859649122806,0.011046133853151396,0.005847953216374269,0.9438865129400802,0.023197026267799903,0.0,0.0,0.0,0.0,0.0,0.0,0.0,0.0,0.0,0.0,0.0,0.0,0.0,0.0,0.0,0.0,0.0,0.0,0.0,0.0,0.0,0.0,0.0,0.0,0.0,0.0,1.0136452241715403,8.343079922027293,15.867446393762185,4.775828460038988,4.161676646706587,2.6954179318944913,nan,nan,nan,4.108949416342412,2.5718843614454205,4.217213114754099,2.818620538750711,1.0263482675111775,0.3987,0.008255,0.0,0.0,0.0,0.0,0.0,0.0,0.0,0.0,0.0,0.0,0.0,16.920077972709528,13.07992202729045,0.0,0.0,0.0,0.0,0.0,0.0,0.0,0.0,0.0,0.0,0.0,0.0,0.0,0.0,0.0,0.0,0.0,nan,nan,4.161676646706587,2.6954179318944913,nan,0.3987,0.03677,0.0,0.0,0.0,0.0,0.0,0.0,0.0,0.0,0.0,0.0,0.0,0.0,0.0,0.0,0.0,0.0,0.0,0.0,0.0,0.0,0.0,0.0,0.0,0.0,0.0,0.0,0.0,0.0,0.0,0.0004873294346978557,0.010721247563352826,0.0013645224171539962,0.006400259909031839,0.026250812215724496,0.02358674463937622,0.06549707602339182,0.08235867446393762,0.09161793372319688,0.07066276803118908,0.09340480831708901,0.07742040285899936,0.08914879792072775,0.1276803118908382,0.08531513970110462,0.048960363872644574,0.04697855750487329,0.021280051981806367,0.014554905782975958,0.00760233918128655,0.007569850552306693,0.0005523066926575699,6.49772579597141e-05,0.0001299545159194282,0.0,0.0,0.0003898635477582846,0.0,0.0,0.0,0.0,0.0,0.0,0.0,0.0,0.0,0.0,0.0,0.0,0.0,0.0,0.0,0.0,0.0,0.0,0.0,0.0,0.0,0.0,0.0,0.0,0.0,0.0,0.0,0.0,0.0,0.0,0.0,0.0,0.0,0.0,0.0,0.0,0.0,0.0,0.0,0.0,0.0,0.0,0.0,0.0,0.0,nan,nan,4.161676646706587,2.6954179318944913,nan,0.9440916446633975,0.022976821668171096,0.0,0.0,0.0,0.0,0.0,0.0,0.0,0.0,0.0,0.0,0.0,0.0,0.0,0.0,0.0,0.0,0.0,0.0,0.0,0.0,0.0,0.0,0.0,0.0,0.0,0.0,0.8538163001293663,8.693402328589912,15.485122897800778,4.96765847347995,0.943679506644879,0.023415322386499054,0.0,0.0,0.0,0.0,0.0,0.0,0.0,0.0,0.0,0.0,0.0,0.0,0.0,0.0,0.0,0.0,0.0,0.0,0.0,0.0,0.0,0.0,0.0,0.0,0.0,0.0,1.1749347258485643,7.989556135770236,16.253263707571808,4.582245430809401,0.3987,0.00836,0.0,0.0,0.0,0.0,0.0,0.0,0.0,0.0,0.0,0.0,0.0,16.95989650711511,13.040103492884867,0.0,0.0,0.0,0.0,0.0,0.0,0.0,0.0,0.0,0.0,0.0,0.0,0.0,0.0,0.0,0.0,0.0,0.3984,0.00815,0.0,0.0,0.0,0.0,0.0,0.0,0.0,0.0,0.0,0.0,0.0,16.879895561357678,13.1201044386423,0.0,0.0,0.0,0.0,0.0,0.0,0.0,0.0,0.0,0.0,0.0,0.0,0.0,0.0,0.0,0.0,0.0
1300,1409,735,0.5216465578424414,327,303,0.44712562100780695,408,0.5791341376863024,0.426,3.0178041543026706,3.0455947537026264,6.55614973262032,1.9043440739298383,8381.636621717531,506.2249249371486,7853.0,8866.4,8866.399999999998,1.8189894035458565e-12,7853.0,0.0,27.79559971611072,20.923890141421523,32.63490725126476,19.274814602026495,0.13555713271823988,0.1050390347764372,0.09226401703335699,0.09226401703335699,0.0858765081618169,0.07381121362668559,0.0688431511710433,0.060326472675656495,0.0525195173882186,0.0482611781405252,0.0482611781405252,0.042583392476934,0.028388928317955996,0.029808374733853796,0.017033356990773598,0.0127750177430802,0.0063875088715401,0.9432695804122833,0.02348907910237398,0.0,0.0,0.0,0.0,0.0,0.0,0.0,0.0,0.0,0.0,0.0,0.0,0.0,0.0,0.0,0.0,0.0,0.0,0.0,0.0,0.0,0.0,0.0,0.0,0.0,0.0,0.9794180269694821,9.02767920511001,14.968062455642302,5.024840312278212,4.2301762114537445,2.752430478183139,nan,nan,nan,4.3122171945701355,2.6521203107837636,4.15268817204301,2.8451653540718223,0.9630053368536258,0.3984,0.0079,0.0,0.0,0.0,0.0,0.0,0.0,0.0,0.0,0.0,0.0,0.0,17.395315826827513,12.604684173172465,0.0,0.0,0.0,0.0,0.0,0.0,0.0,0.0,0.0,0.0,0.0,0.0,0.0,0.0,0.0,0.0,0.0,nan,nan,4.2301762114537445,2.752430478183139,nan,0.3984,0.03662,0.0,0.0,0.0,0.0,0.0,0.0,0.0,0.0,0.0,0.0,0.0,0.0,0.0,0.0,0.0,0.0,0.0,0.0,0.0,0.0,0.0,0.0,0.0,0.0,0.0,0.0,0.0,0.0,0.0,0.00021291696238466998,0.009900638750887154,0.0013484740951029098,0.006458481192334989,0.027608232789212206,0.026295244854506742,0.06192334989354152,0.08314407381121362,0.08601845280340667,0.07757274662881476,0.09318665720369056,0.07824698367636622,0.08786373314407381,0.12682753726046841,0.08346344925479063,0.0539389638041164,0.047125621007806956,0.019552874378992193,0.012597586941092974,0.007239176721078779,0.006352022711142654,0.0022356281050390347,0.0,0.0007806955287437899,0.0,0.0,0.00010645848119233499,0.0,0.0,0.0,0.0,0.0,0.0,0.0,0.0,0.0,0.0,0.0,0.0,0.0,0.0,0.0,0.0,0.0,0.0,0.0,0.0,0.0,0.0,0.0,0.0,0.0,0.0,0.0,0.0,0.0,0.0,0.0,0.0,0.0,0.0,0.0,0.0,0.0,0.0,0.0,0.0,0.0,0.0,0.0,0.0,0.0,nan,nan,4.2301762114537445,2.752430478183139,nan,0.9432564235057961,0.023531469671622795,0.0,0.0,0.0,0.0,0.0,0.0,0.0,0.0,0.0,0.0,0.0,0.0,0.0,0.0,0.0,0.0,0.0,0.0,0.0,0.0,0.0,0.0,0.0,0.0,0.0,0.0,0.9387755102040818,8.897959183673471,15.06122448979592,5.102040816326532,0.9432839280773695,0.023442756208087567,0.0,0.0,0.0,0.0,0.0,0.0,0.0,0.0,0.0,0.0,0.0,0.0,0.0,0.0,0.0,0.0,0.0,0.0,0.0,0.0,0.0,0.0,0.0,0.0,0.0,0.0,1.023738872403561,9.169139465875373,14.866468842729972,4.940652818991099,0.3987,0.00802,0.0,0.0,0.0,0.0,0.0,0.0,0.0,0.0,0.0,0.0,0.0,16.938775510204056,13.06122448979592,0.0,0.0,0.0,0.0,0.0,0.0,0.0,0.0,0.0,0.0,0.0,0.0,0.0,0.0,0.0,0.0,0.0,0.3984,0.007767,0.0,0.0,0.0,0.0,0.0,0.0,0.0,0.0,0.0,0.0,0.0,17.89317507418395,12.106824925816026,0.0,0.0,0.0,0.0,0.0,0.0,0.0,0.0,0.0,0.0,0.0,0.0,0.0,0.0,0.0,0.0,0.0
1400,1378,736,0.5341074020319303,356,268,0.4528301886792453,370,0.5370101596516691,0.434,2.970404984423676,3.06584990851359,6.549707602339181,2.125214107383749,8394.264441219157,505.519722071461,7853.0,8866.4,8866.399999999998,1.8189894035458565e-12,7853.0,0.0,28.243831640058055,21.086456775353554,32.700593723494485,19.534951812348204,0.12772133526850507,0.09288824383164006,0.10740203193033382,0.08708272859216255,0.08490566037735849,0.08272859216255443,0.07039187227866474,0.059506531204644414,0.047895500725689405,0.05370101596516691,0.045718432510885344,0.038461538461538464,0.034107402031930335,0.023222060957910014,0.018142235123367198,0.016690856313497822,0.009433962264150943,0.9435918118766845,0.02360985724107565,0.0,0.0,0.0,0.0,0.0,0.0,0.0,0.0,0.0,0.0,0.0,0.0,0.0,0.0,0.0,0.0,0.0,0.0,0.0,0.0,0.0,0.0,0.0,0.0,0.0,0.0,1.0014513788098696,9.013062409288827,14.93468795355588,5.05079825834543,4.127777777777778,2.912102248577965,nan,nan,nan,4.136865342163356,2.9609356363815844,4.118568232662192,2.8617339136523303,0.9955770594428885,0.3994,0.00826,0.0,0.0,0.0,0.0,0.0,0.0,0.0,0.0,0.0,0.0,0.0,15.914368650217684,14.085631349782297,0.0,0.0,0.0,0.0,0.0,0.0,0.0,0.0,0.0,0.0,0.0,0.0,0.0,0.0,0.0,0.0,0.0,nan,nan,4.127777777777778,2.912102248577965,nan,0.3994,0.03644,0.0,0.0,0.0,0.0,0.0,0.0,0.0,0.0,0.0,0.0,0.0,0.0,0.0,0.0,0.0,0.0,0.0,0.0,0.0,0.0,0.0,0.0,0.0,0.0,0.0,0.0,0.0,0.0,0.0,0.000362844702467344,0.011248185776487663,0.0021770682148040637,0.007728592162554427,0.027358490566037737,0.022714078374455732,0.05322931785195936,0.08029753265602323,0.07866473149492018,0.07637880986937591,0.0964078374455733,0.07815674891146589,0.09263425253991292,0.13584905660377358,0.0838534107402032,0.0566400580551524,0.05156023222060958,0.01970246734397678,0.010123367198838896,0.0048621190130624095,0.006531204644412192,0.0023222060957910013,0.0,0.0009796806966618288,3.6284470246734395e-05,0.0,0.000181422351233672,0.0,0.0,0.0,0.0,0.0,0.0,0.0,0.0,0.0,0.0,0.0,0.0,0.0,0.0,0.0,0.0,0.0,0.0,0.0,0.0,0.0,0.0,0.0,0.0,0.0,0.0,0.0,0.0,0.0,0.0,0.0,0.0,0.0,0.0,0.0,0.0,0.0,0.0,0.0,0.0,0.0,0.0,0.0,0.0,0.0,nan,nan,4.127777777777778,2.912102248577965,nan,0.9437275816403006,0.023606504239059575,0.0,0.0,0.0,0.0,0.0,0.0,0.0,0.0,0.0,0.0,0.0,0.0,0.0,0.0,0.0,0.0,0.0,0.0,0.0,0.0,0.0,0.0,0.0,0.0,0.0,0.0,1.0597826086956526,8.926630434782611,14.918478260869568,5.095108695652175,0.9434361630511061,0.02361274013840075,0.0,0.0,0.0,0.0,0.0,0.0,0.0,0.0,0.0,0.0,0.0,0.0,0.0,0.0,0.0,0.0,0.0,0.0,0.0,0.0,0.0,0.0,0.0,0.0,0.0,0.0,0.9345794392523367,9.112149532710282,14.953271028037387,5.000000000000002,0.3994,0.00837,0.0,0.0,0.0,0.0,0.0,0.0,0.0,0.0,0.0,0.0,0.0,15.611413043478239,14.388586956521742,0.0,0.0,0.0,0.0,0.0,0.0,0.0,0.0,0.0,0.0,0.0,0.0,0.0,0.0,0.0,0.0,0.0,0.3997,0.00813,0.0,0.0,0.0,0.0,0.0,0.0,0.0,0.0,0.0,0.0,0.0,16.26168224299063,13.738317757009348,0.0,0.0,0.0,0.0,0.0,0.0,0.0,0.0,0.0,0.0,0.0,0.0,0.0,0.0,0.0,0.0,0.0
1500,1462,750,0.5129958960328317,345,315,0.45143638850889195,433,0.5923392612859097,0.414,3.109550561797753,3.1034266708553124,6.652582159624413,1.9648209845850484,8372.870041039672,506.5288145989458,7853.0,8866.4,8866.399999999998,1.8189894035458565e-12,7853.0,0.0,28.53967168262654,21.182472154307067,33.362974939369444,19.456645506540877,0.1326949384404925,0.10259917920656635,0.08344733242134063,0.08686730506155951,0.09165526675786594,0.07934336525307797,0.060191518467852256,0.05813953488372093,0.05540355677154583,0.05677154582763338,0.04377564979480164,0.05471956224350205,0.027359781121751026,0.023255813953488372,0.024623803009575923,0.010259917920656635,0.008891928864569083,0.9436183154338362,0.023372109901781585,0.0,0.0,0.0,0.0,0.0,0.0,0.0,0.0,0.0,0.0,0.0,0.0,0.0,0.0,0.0,0.0,0.0,0.0,0.0,0.0,0.0,0.0,0.0,0.0,0.0,0.0,1.0465116279069768,8.63885088919289,15.574555403556774,4.740082079343367,4.46089676746611,2.9419627046510723,nan,nan,nan,4.563169164882227,2.886461979921637,4.3638211382113825,2.9904577294158656,0.9563136891340758,0.399,0.008026,0.0,0.0,0.0,0.0,0.0,0.0,0.0,0.0,0.0,0.0,0.0,17.09302325581393,12.906976744186048,0.0,0.0,0.0,0.0,0.0,0.0,0.0,0.0,0.0,0.0,0.0,0.0,0.0,0.0,0.0,0.0,0.0,nan,nan,4.46089676746611,2.9419627046510723,nan,0.399,0.03677,0.0,0.0,0.0,0.0,0.0,0.0,0.0,0.0,0.0,0.0,0.0,0.0,0.0,0.0,0.0,0.0,0.0,0.0,0.0,0.0,0.0,0.0,0.0,0.0,0.0,0.0,0.0,6.839945280437756e-05,0.0,0.0003419972640218878,0.011080711354309165,0.0020861833105335157,0.010225718194254446,0.026538987688098495,0.021682626538987688,0.052393980848153214,0.08457592339261286,0.07845417236662107,0.0829343365253078,0.10218878248974009,0.079890560875513,0.0920998632010944,0.12458960328317373,0.08081395348837209,0.056258549931600545,0.04654582763337893,0.02045143638850889,0.00813953488372093,0.004753761969904241,0.008242134062927496,0.004069767441860465,3.419972640218878e-05,0.001265389876880985,6.839945280437756e-05,0.0,0.0002051983584131327,0.0,0.0,0.0,0.0,0.0,0.0,0.0,0.0,0.0,0.0,0.0,0.0,0.0,0.0,0.0,0.0,0.0,0.0,0.0,0.0,0.0,0.0,0.0,0.0,0.0,0.0,0.0,0.0,0.0,0.0,0.0,0.0,0.0,0.0,0.0,0.0,0.0,0.0,0.0,0.0,0.0,0.0,0.0,0.0,0.0,nan,nan,4.46089676746611,2.9419627046510723,nan,0.9426136196454366,0.02332596307716061,0.0,0.0,0.0,0.0,0.0,0.0,0.0,0.0,0.0,0.0,0.0,0.0,0.0,0.0,0.0,0.0,0.0,0.0,0.0,0.0,0.0,0.0,0.0,0.0,0.0,0.0,1.1600000000000004,9.000000000000002,15.240000000000002,4.600000000000001,0.9446766326266728,0.023373963704586158,0.0,0.0,0.0,0.0,0.0,0.0,0.0,0.0,0.0,0.0,0.0,0.0,0.0,0.0,0.0,0.0,0.0,0.0,0.0,0.0,0.0,0.0,0.0,0.0,0.0,0.0,0.9269662921348316,8.258426966292136,15.926966292134834,4.887640449438203,0.399,0.007965,0.0,0.0,0.0,0.0,0.0,0.0,0.0,0.0,0.0,0.0,0.0,17.039999999999974,12.960000000000003,0.0,0.0,0.0,0.0,0.0,0.0,0.0,0.0,0.0,0.0,0.0,0.0,0.0,0.0,0.0,0.0,0.0,0.399,0.008095,0.0,0.0,0.0,0.0,0.0,0.0,0.0,0.0,0.0,0.0,0.0,17.148876404494356,12.851123595505621,0.0,0.0,0.0,0.0,0.0,0.0,0.0,0.0,0.0,0.0,0.0,0.0,0.0,0.0,0.0,0.0,0.0
1600,1609,842,0.5233064014916097,406,330,0.4574269732753263,455,0.5655686761963953,0.41,3.0860495436766624,3.141246966319655,6.736363636363636,2.2163740770877958,8383.318707271595,506.1492335930367,7853.0,8866.4,8866.399999999998,1.8189894035458565e-12,7853.0,0.0,28.187694220012432,20.785197503694604,33.02430044182621,19.008102258300735,0.13362336855189558,0.09944064636420137,0.09633312616532007,0.08452454940957116,0.0764449968924798,0.07582349285270354,0.07768800497203232,0.06339341205717837,0.058421379738968306,0.05034182722187694,0.049098819142324425,0.03915475450590429,0.031696706028589185,0.0254816656308266,0.02175264139216905,0.010565568676196395,0.006215040397762586,0.9448581134924762,0.023473902036508117,0.0,0.0,0.0,0.0,0.0,0.0,0.0,0.0,0.0,0.0,0.0,0.0,0.0,0.0,0.0,0.0,0.0,0.0,0.0,0.0,0.0,0.0,0.0,0.0,0.0,0.03729024238657552,0.8203853325046614,8.353014294592917,15.382224984462404,5.407085146053451,4.167931688804554,2.885426985901611,nan,nan,nan,4.2556390977443606,2.8801998033719025,4.0806142034548945,2.8903885344278217,0.9588722421545954,0.398,0.007996,0.0,0.0,0.0,0.0,0.0,0.0,0.0,0.0,0.0,0.0,0.0,17.99254195152266,12.007458048477318,0.0,0.0,0.0,0.0,0.0,0.0,0.0,0.0,0.0,0.0,0.0,0.0,0.0,0.0,0.0,0.0,0.0,nan,nan,4.167931688804554,2.885426985901611,nan,0.398,0.03665,0.0,0.0,0.0,0.0,0.0,0.0,0.0,0.0,0.0,0.0,0.0,0.0,0.0,0.0,0.0,0.0,0.0,0.0,0.0,0.0,0.0,0.0,0.0,0.0,0.0,0.0,0.0,0.0001243008079552517,6.215040397762585e-05,0.00037290242386575515,0.01221255438160348,0.0018023617153511498,0.010876320696084525,0.027874456183965196,0.020665009322560598,0.053542573026724674,0.08949658172778123,0.07930391547545058,0.0841516469857054,0.09788688626476072,0.08393412057178372,0.08856432566811684,0.12936606587942823,0.07399005593536358,0.05696084524549409,0.04456183965195774,0.018396519577377254,0.00870105655686762,0.005531385954008701,0.007178371659415786,0.0032007458048477315,0.0,0.0011497824735860784,6.215040397762585e-05,0.0,3.1075201988812927e-05,0.0,0.0,0.0,0.0,0.0,0.0,0.0,0.0,0.0,0.0,0.0,0.0,0.0,0.0,0.0,0.0,0.0,0.0,0.0,0.0,0.0,0.0,0.0,0.0,0.0,0.0,0.0,0.0,0.0,0.0,0.0,0.0,0.0,0.0,0.0,0.0,0.0,0.0,0.0,0.0,0.0,0.0,0.0,0.0,0.0,nan,nan,4.167931688804554,2.885426985901611,nan,0.9452126128798143,0.023374382907575434,0.0,0.0,0.0,0.0,0.0,0.0,0.0,0.0,0.0,0.0,0.0,0.0,0.0,0.0,0.0,0.0,0.0,0.0,0.0,0.0,0.0,0.0,0.0,0.0,0.0,0.03562945368171022,0.9263657957244659,7.767220902612829,15.570071258907367,5.700712589073635,0.9444689498886446,0.023576532127494318,0.0,0.0,0.0,0.0,0.0,0.0,0.0,0.0,0.0,0.0,0.0,0.0,0.0,0.0,0.0,0.0,0.0,0.0,0.0,0.0,0.0,0.0,0.0,0.0,0.0,0.03911342894393743,0.7040417209908737,8.99608865710561,15.17601043024772,5.084745762711866,0.3977,0.008095,0.0,0.0,0.0,0.0,0.0,0.0,0.0,0.0,0.0,0.0,0.0,17.81472684085508,12.185273159144895,0.0,0.0,0.0,0.0,0.0,0.0,0.0,0.0,0.0,0.0,0.0,0.0,0.0,0.0,0.0,0.0,0.0,0.398,0.00788,0.0,0.0,0.0,0.0,0.0,0.0,0.0,0.0,0.0,0.0,0.0,18.187744458930872,11.812255541069103,0.0,0.0,0.0,0.0,0.0,0.0,0.0,0.0,0.0,0.0,0.0,0.0,0.0,0.0,0.0,0.0,0.0
1700,1625,830,0.5107692307692308,384,351,0.4523076923076923,480,0.5907692307692308,0.41,3.1723270440251574,3.1704990768311,6.694560669456067,2.2432632096811944,8370.613538461537,506.5824559518898,7853.0,8866.4,8866.399999999998,1.8189894035458565e-12,7853.0,0.0,28.577846153846153,21.10242279143888,33.40261627906977,19.323270225943933,0.1316923076923077,0.1003076923076923,0.08553846153846154,0.09107692307692308,0.0843076923076923,0.07015384615384615,0.06584615384615385,0.06769230769230769,0.06276923076923077,0.056615384615384616,0.03753846153846154,0.041846153846153845,0.04,0.02276923076923077,0.020307692307692308,0.014769230769230769,0.00676923076923077,0.9440130871992845,0.02383231012890372,0.0,0.0,0.0,0.0,0.0,0.0,0.0,0.0,0.0,0.0,0.0,0.0,0.0,0.0,0.0,0.0,0.0,0.0,0.0,0.0,0.0,0.0,0.0,0.0,0.0,0.03692307692307693,1.0153846153846158,8.584615384615386,14.880000000000003,5.483076923076924,4.481792717086835,2.9580627694923836,nan,nan,nan,4.448669201520913,2.916491090712836,4.511029411764706,2.999366913448218,1.0140177224736047,0.398,0.00808,0.0,0.0,0.0,0.0,0.0,0.0,0.0,0.0,0.0,0.0,0.0,17.833846153846128,12.166153846153849,0.0,0.0,0.0,0.0,0.0,0.0,0.0,0.0,0.0,0.0,0.0,0.0,0.0,0.0,0.0,0.0,0.0,nan,nan,4.481792717086835,2.9580627694923836,nan,0.398,0.03677,0.0,0.0,0.0,0.0,0.0,0.0,0.0,0.0,0.0,0.0,0.0,0.0,0.0,0.0,0.0,0.0,0.0,0.0,0.0,0.0,0.0,0.0,0.0,0.0,0.0,0.0,0.0,9.23076923076923e-05,6.153846153846154e-05,0.00033846153846153846,0.012061538461538462,0.0021846153846153847,0.012123076923076924,0.027753846153846153,0.022092307692307692,0.054707692307692304,0.08452307692307692,0.0800923076923077,0.08196923076923077,0.09492307692307693,0.08067692307692308,0.09175384615384616,0.13246153846153846,0.07335384615384616,0.057076923076923074,0.047846153846153844,0.01916923076923077,0.007846153846153846,0.005138461538461539,0.007784615384615385,0.0032,0.0,0.0007692307692307692,0.0,0.0,0.0,0.0,0.0,0.0,0.0,0.0,0.0,0.0,0.0,0.0,0.0,0.0,0.0,0.0,0.0,0.0,0.0,0.0,0.0,0.0,0.0,0.0,0.0,0.0,0.0,0.0,0.0,0.0,0.0,0.0,0.0,0.0,0.0,0.0,0.0,0.0,0.0,0.0,0.0,0.0,0.0,0.0,0.0,0.0,0.0,0.0,nan,nan,4.481792717086835,2.9580627694923836,nan,0.9443179730191288,0.023912877814623895,0.0,0.0,0.0,0.0,0.0,0.0,0.0,0.0,0.0,0.0,0.0,0.0,0.0,0.0,0.0,0.0,0.0,0.0,0.0,0.0,0.0,0.0,0.0,0.0,0.0,0.07228915662650603,0.7951807228915664,8.710843373493978,14.855421686746991,5.566265060240965,0.9436947787332834,0.02374372688404957,0.0,0.0,0.0,0.0,0.0,0.0,0.0,0.0,0.0,0.0,0.0,0.0,0.0,0.0,0.0,0.0,0.0,0.0,0.0,0.0,0.0,0.0,0.0,0.0,0.0,0.0,1.245283018867925,8.452830188679247,14.905660377358492,5.396226415094341,0.3982,0.00794,0.0,0.0,0.0,0.0,0.0,0.0,0.0,0.0,0.0,0.0,0.0,17.927710843373468,12.072289156626509,0.0,0.0,0.0,0.0,0.0,0.0,0.0,0.0,0.0,0.0,0.0,0.0,0.0,0.0,0.0,0.0,0.0,0.398,0.00821,0.0,0.0,0.0,0.0,0.0,0.0,0.0,0.0,0.0,0.0,0.0,17.735849056603747,12.26415094339623,0.0,0.0,0.0,0.0,0.0,0.0,0.0,0.0,0.0,0.0,0.0,0.0,0.0,0.0,0.0,0.0,0.0
1800,1509,766,0.5076209410205434,352,312,0.44002650762094103,420,0.5566600397614314,0.442,3.0269179004037685,3.1193102478913777,6.748768472906404,2.208567277513096,8367.423061630217,506.64113958408046,7853.0,8866.4,8866.399999999998,1.8189894035458565e-12,7853.0,0.0,28.69715043074884,21.388987798327733,33.812796208530806,19.548712452024272,0.13783962889330684,0.09874088800530152,0.09012591119946985,0.08217362491716368,0.07422133863485753,0.07886017229953611,0.07554671968190854,0.061630218687872766,0.05500331345261763,0.05036447978793903,0.04903909874088801,0.0390987408880053,0.03644797879390325,0.02584493041749503,0.02385685884691849,0.013253810470510271,0.007952286282306162,0.9456453879911272,0.022819075382351894,0.0,0.0,0.0,0.0,0.0,0.0,0.0,0.0,0.0,0.0,0.0,0.0,0.0,0.0,0.0,0.0,0.0,0.0,0.0,0.0,0.0,0.0,0.0,0.0,0.0,0.03976143141153082,0.4771371769383699,8.449304174950301,15.487077534791254,5.54671968190855,4.280612244897959,2.8276751164042335,nan,nan,nan,4.31275720164609,2.784606755840106,4.245436105476673,2.870887032861265,0.9843902420141524,0.3982,0.00813,0.0,0.0,0.0,0.0,0.0,0.0,0.0,0.0,0.0,0.0,0.0,17.793240556660013,12.206759443339962,0.0,0.0,0.0,0.0,0.0,0.0,0.0,0.0,0.0,0.0,0.0,0.0,0.0,0.0,0.0,0.0,0.0,nan,nan,4.280612244897959,2.8276751164042335,nan,0.3982,0.0366,0.0,0.0,0.0,0.0,0.0,0.0,0.0,0.0,0.0,0.0,0.0,0.0,0.0,0.0,0.0,0.0,0.0,0.0,0.0,0.0,0.0,0.0,0.0,0.0,0.0,0.0,0.0,0.00023194168323392977,0.0,0.00036447978793903245,0.00927766732935719,0.0029158383035122596,0.01318754141815772,0.024884029158383034,0.02339297548045063,0.053943008614976806,0.08923127899271041,0.07859509609012591,0.08223989396951624,0.09383697813121272,0.08151093439363817,0.09324055666003976,0.1317760106030484,0.07183565275016568,0.057720344599072236,0.05215374420145792,0.01620278330019881,0.007090788601722995,0.004208084824387011,0.007190192180251823,0.003512259774685222,0.0,0.0014579191517561298,0.0,0.0,0.0,0.0,0.0,0.0,0.0,0.0,0.0,0.0,0.0,0.0,0.0,0.0,0.0,0.0,0.0,0.0,0.0,0.0,0.0,0.0,0.0,0.0,0.0,0.0,0.0,0.0,0.0,0.0,0.0,0.0,0.0,0.0,0.0,0.0,0.0,0.0,0.0,0.0,0.0,0.0,0.0,0.0,0.0,0.0,0.0,0.0,nan,nan,4.280612244897959,2.8276751164042335,nan,0.9461902632881394,0.022978741890738303,0.0,0.0,0.0,0.0,0.0,0.0,0.0,0.0,0.0,0.0,0.0,0.0,0.0,0.0,0.0,0.0,0.0,0.0,0.0,0.0,0.0,0.0,0.0,0.0,0.0,0.03916449086161881,0.5091383812010445,8.146214099216712,15.352480417754572,5.953002610966059,0.945083645760291,0.022639563401310916,0.0,0.0,0.0,0.0,0.0,0.0,0.0,0.0,0.0,0.0,0.0,0.0,0.0,0.0,0.0,0.0,0.0,0.0,0.0,0.0,0.0,0.0,0.0,0.0,0.0,0.04037685060565277,0.4441453566621804,8.761776581426652,15.625841184387621,5.127860026917902,0.3977,0.00823,0.0,0.0,0.0,0.0,0.0,0.0,0.0,0.0,0.0,0.0,0.0,18.250652741514333,11.749347258485642,0.0,0.0,0.0,0.0,0.0,0.0,0.0,0.0,0.0,0.0,0.0,0.0,0.0,0.0,0.0,0.0,0.0,0.3984,0.00801,0.0,0.0,0.0,0.0,0.0,0.0,0.0,0.0,0.0,0.0,0.0,17.32166890982501,12.678331090174968,0.0,0.0,0.0,0.0,0.0,0.0,0.0,0.0,0.0,0.0,0.0,0.0,0.0,0.0,0.0,0.0,0.0
1900,1562,815,0.5217669654289373,369,308,0.4334186939820743,421,0.5390524967989757,0.45,2.9825970548862113,3.230703969960329,6.909547738693467,2.217305009240367,8381.758642765684,506.21962257436815,7853.0,8866.4,8866.399999999998,1.8189894035458565e-12,7853.0,0.0,27.365556978233034,20.864452904024816,32.408288564850345,19.17942086094876,0.14148527528809218,0.11139564660691421,0.10115236875800256,0.07810499359795134,0.08002560819462227,0.07426376440460948,0.06402048655569782,0.06402048655569782,0.056338028169014086,0.05377720870678617,0.04481434058898848,0.03969270166453265,0.03393085787451985,0.023047375160051217,0.019206145966709345,0.008962868117797696,0.005761843790012804,0.9447381138496301,0.022744423088537618,0.0,0.0,0.0,0.0,0.0,0.0,0.0,0.0,0.0,0.0,0.0,0.0,0.0,0.0,0.0,0.0,0.0,0.0,0.0,0.0,0.0,0.0,0.0,0.0,0.0,0.019206145966709352,0.768245838668374,8.450704225352116,15.672215108834829,5.089628681177978,4.339795918367347,2.9746973708507904,nan,nan,nan,4.350597609561753,2.9492030190618768,4.328451882845188,3.0011967816459033,0.9949097276503135,0.399,0.00784,0.0,0.0,0.0,0.0,0.0,0.0,0.0,0.0,0.0,0.0,0.0,16.70934699103711,13.29065300896287,0.0,0.0,0.0,0.0,0.0,0.0,0.0,0.0,0.0,0.0,0.0,0.0,0.0,0.0,0.0,0.0,0.0,nan,nan,4.339795918367347,2.9746973708507904,nan,0.399,0.03647,0.0,0.0,0.0,0.0,0.0,0.0,0.0,0.0,0.0,0.0,0.0,0.0,0.0,0.0,0.0,0.0,0.0,0.0,0.0,0.0,0.0,0.0,0.0,0.0,0.0,0.0,0.0,0.0002880921895006402,0.0,0.00022407170294494238,0.010403329065300896,0.0026248399487836106,0.01264404609475032,0.02471190781049936,0.021318822023047374,0.04724711907810499,0.08607554417413572,0.07906530089628681,0.08441101152368757,0.09420614596670934,0.08479513444302177,0.08652368758002561,0.1391485275288092,0.07045454545454545,0.05989116517285532,0.05592189500640205,0.016613316261203586,0.007266325224071703,0.004897567221510884,0.007106274007682458,0.0031049935979513446,0.0,0.001056338028169014,0.0,0.0,0.0,0.0,0.0,0.0,0.0,0.0,0.0,0.0,0.0,0.0,0.0,0.0,0.0,0.0,0.0,0.0,0.0,0.0,0.0,0.0,0.0,0.0,0.0,0.0,0.0,0.0,0.0,0.0,0.0,0.0,0.0,0.0,0.0,0.0,0.0,0.0,0.0,0.0,0.0,0.0,0.0,0.0,0.0,0.0,0.0,0.0,nan,nan,4.339795918367347,2.9746973708507904,nan,0.9440606120173917,0.022901537317269297,0.0,0.0,0.0,0.0,0.0,0.0,0.0,0.0,0.0,0.0,0.0,0.0,0.0,0.0,0.0,0.0,0.0,0.0,0.0,0.0,0.0,0.0,0.0,0.0,0.0,0.0,0.7361963190184051,9.202453987730063,14.907975460122701,5.153374233128836,0.9454772892087658,0.022548550724247593,0.0,0.0,0.0,0.0,0.0,0.0,0.0,0.0,0.0,0.0,0.0,0.0,0.0,0.0,0.0,0.0,0.0,0.0,0.0,0.0,0.0,0.0,0.0,0.0,0.0,0.04016064257028113,0.8032128514056226,7.630522088353415,16.50602409638555,5.020080321285142,0.399,0.00767,0.0,0.0,0.0,0.0,0.0,0.0,0.0,0.0,0.0,0.0,0.0,17.04294478527605,12.957055214723928,0.0,0.0,0.0,0.0,0.0,0.0,0.0,0.0,0.0,0.0,0.0,0.0,0.0,0.0,0.0,0.0,0.0,0.399,0.00804,0.0,0.0,0.0,0.0,0.0,0.0,0.0,0.0,0.0,0.0,0.0,16.345381526104394,13.654618473895585,0.0,0.0,0.0,0.0,0.0,0.0,0.0,0.0,0.0,0.0,0.0,0.0,0.0,0.0,0.0,0.0,0.0
2000,1801,931,0.5169350360910605,450,376,0.4586340921710161,507,0.5630205441421433,0.438,3.075862068965517,3.1985975920218026,6.945606694560669,2.1456318251258395,8376.86196557468,506.40927809195335,7853.0,8866.4,8866.399999999996,3.637978807091713e-12,7853.0,0.0,28.16657412548584,20.92287770932302,32.9507874015748,19.18225388762736,0.13492504164353136,0.09494725152692948,0.08995002776235425,0.08772903942254304,0.09161576901721266,0.07828983897834536,0.07107162687395892,0.06385341476957246,0.05441421432537479,0.049416990560799554,0.04441976679622432,0.036646307606885066,0.039422543031649084,0.026651860077734593,0.01776790671848973,0.010549694614103275,0.00832870627429206,0.9433444808881062,0.02351361212836906,0.0,0.0,0.0,0.0,0.0,0.0,0.0,0.0,0.0,0.0,0.0,0.0,0.0,0.0,0.0,0.0,0.0,0.0,0.0,0.0,0.0,0.0,0.0,0.0,0.0,0.0,1.1660188784008887,8.678511937812328,15.108273181565801,5.047196002220989,4.293469041560645,2.9655156459421033,nan,nan,nan,4.34412265758092,2.987904983326012,4.238578680203045,2.9425866603996065,0.9757041903055638,0.3992,0.007786,0.0,0.0,0.0,0.0,0.0,0.0,0.0,0.0,0.0,0.0,0.0,15.85785674625206,14.142143253747921,0.0,0.0,0.0,0.0,0.0,0.0,0.0,0.0,0.0,0.0,0.0,0.0,0.0,0.0,0.0,0.0,0.0,nan,nan,4.293469041560645,2.9655156459421033,nan,0.3992,0.0364,0.0,0.0,0.0,0.0,0.0,0.0,0.0,0.0,0.0,0.0,0.0,0.0,0.0,0.0,0.0,0.0,0.0,0.0,0.0,0.0,0.0,0.0,0.0,0.0,0.0,0.0,0.0,0.0002220988339811216,0.0,0.0001110494169905608,0.009244863964464186,0.003303720155469184,0.013659078289838979,0.022876179900055523,0.02109938922820655,0.047418101054969464,0.0846751804553026,0.077623542476402,0.0859800111049417,0.08870072182121044,0.08548028872848418,0.08797890061077179,0.14272626318711826,0.06907273736812881,0.06377012770682954,0.05694058856191005,0.015074958356468628,0.007523598001110494,0.005774569683509162,0.006218767351471405,0.0033870072182121042,0.0,0.0011382565241532482,0.0,0.0,0.0,0.0,0.0,0.0,0.0,0.0,0.0,0.0,0.0,0.0,0.0,0.0,0.0,0.0,0.0,0.0,0.0,0.0,0.0,0.0,0.0,0.0,0.0,0.0,0.0,0.0,0.0,0.0,0.0,0.0,0.0,0.0,0.0,0.0,0.0,0.0,0.0,0.0,0.0,0.0,0.0,0.0,0.0,0.0,0.0,0.0,nan,nan,4.293469041560645,2.9655156459421033,nan,0.9434709496452012,0.02378415213024456,0.0,0.0,0.0,0.0,0.0,0.0,0.0,0.0,0.0,0.0,0.0,0.0,0.0,0.0,0.0,0.0,0.0,0.0,0.0,0.0,0.0,0.0,0.0,0.0,0.0,0.0,0.9667024704618692,9.280343716433944,14.436090225563914,5.31686358754028,0.9432091447813757,0.023219849268192722,0.0,0.0,0.0,0.0,0.0,0.0,0.0,0.0,0.0,0.0,0.0,0.0,0.0,0.0,0.0,0.0,0.0,0.0,0.0,0.0,0.0,0.0,0.0,0.0,0.0,0.0,1.3793103448275865,8.034482758620692,15.827586206896555,4.7586206896551735,0.3994,0.00791,0.0,0.0,0.0,0.0,0.0,0.0,0.0,0.0,0.0,0.0,0.0,15.563909774436068,14.436090225563914,0.0,0.0,0.0,0.0,0.0,0.0,0.0,0.0,0.0,0.0,0.0,0.0,0.0,0.0,0.0,0.0,0.0,0.3992,0.007645,0.0,0.0,0.0,0.0,0.0,0.0,0.0,0.0,0.0,0.0,0.0,16.172413793103424,13.827586206896553,0.0,0.0,0.0,0.0,0.0,0.0,0.0,0.0,0.0,0.0,0.0,0.0,0.0,0.0,0.0,0.0,0.0
2100,2040,1036,0.5078431372549019,498,426,0.45294117647058824,589,0.5774509803921568,0.418,3.0388446215139444,3.1813520797828714,6.866425992779783,2.1158314730006875,8367.648235294115,506.63765706440455,7853.0,8866.4,8866.399999999998,1.8189894035458565e-12,7853.0,0.0,28.327450980392157,20.901604952274127,33.223255813953486,19.099011750998837,0.13970588235294118,0.09607843137254903,0.08137254901960785,0.09313725490196079,0.0857843137254902,0.0784313725490196,0.058333333333333334,0.06519607843137255,0.061274509803921566,0.050490196078431374,0.04656862745098039,0.04803921568627451,0.03529411764705882,0.025,0.01764705882352941,0.012254901960784314,0.005392156862745098,0.9414217908884964,0.023271524167518022,0.0,0.0,0.0,0.0,0.0,0.0,0.0,0.0,0.0,0.0,0.0,0.0,0.0,0.0,0.0,0.0,0.0,0.0,0.0,0.0,0.0,0.0,0.0,0.0,0.0,0.01470588235294118,0.9852941176470591,10.161764705882355,14.441176470588239,4.397058823529413,4.31142643764003,2.975269635957356,nan,nan,nan,4.1895522388059705,2.93840419317952,4.433482810164424,3.0067910144972596,1.0582235421482593,0.3997,0.008064,0.0,0.0,0.0,0.0,0.0,0.0,0.0,0.0,0.0,0.0,0.0,15.588235294117624,14.411764705882357,0.0,0.0,0.0,0.0,0.0,0.0,0.0,0.0,0.0,0.0,0.0,0.0,0.0,0.0,0.0,0.0,0.0,nan,nan,4.31142643764003,2.975269635957356,nan,0.3997,0.03674,0.0,0.0,0.0,0.0,0.0,0.0,0.0,0.0,0.0,0.0,0.0,0.0,0.0,0.0,0.0,0.0,0.0,0.0,0.0,0.0,0.0,0.0,0.0,0.0,0.0,0.0,0.0,7.352941176470588e-05,0.0,4.901960784313725e-05,0.012475490196078432,0.0027450980392156863,0.012818627450980393,0.021862745098039215,0.02200980392156863,0.04745098039215686,0.08276960784313725,0.07299019607843137,0.08007352941176471,0.09191176470588236,0.08691176470588236,0.08647058823529412,0.14477941176470588,0.07129901960784314,0.06661764705882353,0.05725490196078432,0.012622549019607843,0.009191176470588236,0.006299019607843137,0.007107843137254902,0.003235294117647059,0.0,0.0009313725490196079,4.901960784313725e-05,0.0,0.0,0.0,0.0,0.0,0.0,0.0,0.0,0.0,0.0,0.0,0.0,0.0,0.0,0.0,0.0,0.0,0.0,0.0,0.0,0.0,0.0,0.0,0.0,0.0,0.0,0.0,0.0,0.0,0.0,0.0,0.0,0.0,0.0,0.0,0.0,0.0,0.0,0.0,0.0,0.0,0.0,0.0,0.0,0.0,0.0,0.0,nan,nan,4.31142643764003,2.975269635957356,nan,0.9423329179466461,0.023773125012552247,0.0,0.0,0.0,0.0,0.0,0.0,0.0,0.0,0.0,0.0,0.0,0.0,0.0,0.0,0.0,0.0,0.0,0.0,0.0,0.0,0.0,0.0,0.0,0.0,0.0,0.028957528957528966,1.0714285714285716,9.700772200772203,14.160231660231664,5.03861003861004,0.9404816239241109,0.02270404281033292,0.0,0.0,0.0,0.0,0.0,0.0,0.0,0.0,0.0,0.0,0.0,0.0,0.0,0.0,0.0,0.0,0.0,0.0,0.0,0.0,0.0,0.0,0.0,0.0,0.0,0.0,0.8964143426294823,10.637450199203188,14.731075697211159,3.7350597609561764,0.3997,0.00798,0.0,0.0,0.0,0.0,0.0,0.0,0.0,0.0,0.0,0.0,0.0,15.868725868725845,14.131274131274134,0.0,0.0,0.0,0.0,0.0,0.0,0.0,0.0,0.0,0.0,0.0,0.0,0.0,0.0,0.0,0.0,0.0,0.3997,0.00815,0.0,0.0,0.0,0.0,0.0,0.0,0.0,0.0,0.0,0.0,0.0,15.298804780876472,14.701195219123509,0.0,0.0,0.0,0.0,0.0,0.0,0.0,0.0,0.0,0.0,0.0,0.0,0.0,0.0,0.0,0.0,0.0
2200,1882,1029,0.546758767268863,476,349,0.4383634431455898,503,0.5345377258235919,0.446,3.229777256740914,3.2168525422590735,6.7,2.2166875521154763,8407.085334750265,504.4794545376502,7853.0,8866.4,8866.399999999998,1.8189894035458565e-12,7853.0,0.0,29.692348565356003,21.535735936507052,34.62077596996245,19.614178899867778,0.13336875664187034,0.09351753453772582,0.09086078639744952,0.06535600425079703,0.07492029755579172,0.08129649309245483,0.0765143464399575,0.05526036131774708,0.062167906482465465,0.052072263549415514,0.049415515409139216,0.04782146652497343,0.038788522848034,0.03772582359192349,0.022316684378320937,0.01381509032943677,0.004782146652497344,0.9439660846616966,0.02357706155242481,0.0,0.0,0.0,0.0,0.0,0.0,0.0,0.0,0.0,0.0,0.0,0.0,0.0,0.0,0.0,0.0,0.0,0.0,0.0,0.0,0.0,0.0,0.0,0.0,0.0,0.04782146652497344,1.0680127523910736,8.145589798087144,15.812964930924553,4.925611052072265,4.2318725099601595,3.0109395629064646,nan,nan,nan,4.265905383360522,3.0663296503294912,4.1993769470404985,2.9567178250829524,0.9844046151188626,0.3992,0.008415,0.0,0.0,0.0,0.0,0.0,0.0,0.0,0.0,0.0,0.0,0.015940488841657816,15.876726886291156,14.107332624867167,0.0,0.0,0.0,0.0,0.0,0.0,0.0,0.0,0.0,0.0,0.0,0.0,0.0,0.0,0.0,0.0,0.0,nan,nan,4.2318725099601595,3.0109395629064646,nan,0.3992,0.03668,0.0,0.0,0.0,0.0,0.0,0.0,0.0,0.0,0.0,0.0,0.0,0.0,0.0,0.0,0.0,0.0,0.0,0.0,0.0,0.0,0.0,0.0,0.0,0.0,0.0,0.0,0.0,0.0001594048884165781,0.0,0.0,0.014452709883103081,0.002975557917109458,0.013336875664187035,0.021758767268862913,0.02226354941551541,0.04917640807651435,0.08299681190223167,0.06774707757704569,0.07393730074388948,0.0926673751328374,0.09091392136025504,0.09195005313496281,0.14667906482465462,0.07348565356004251,0.06477151965993624,0.05499468650371945,0.01248671625929862,0.008793836344314559,0.005340063761955367,0.005074388947927736,0.0022848034006376196,0.0,0.001461211477151966,0.0002922422954303932,0.0,0.0,0.0,0.0,0.0,0.0,0.0,0.0,0.0,0.0,0.0,0.0,0.0,0.0,0.0,0.0,0.0,0.0,0.0,0.0,0.0,0.0,0.0,0.0,0.0,0.0,0.0,0.0,0.0,0.0,0.0,0.0,0.0,0.0,0.0,0.0,0.0,0.0,0.0,0.0,0.0,0.0,0.0,0.0,0.0,0.0,0.0,nan,nan,4.2318725099601595,3.0109395629064646,nan,0.9442282269832808,0.023643675088670883,0.0,0.0,0.0,0.0,0.0,0.0,0.0,0.0,0.0,0.0,0.0,0.0,0.0,0.0,0.0,0.0,0.0,0.0,0.0,0.0,0.0,0.0,0.0,0.0,0.0,0.08746355685131196,0.9912536443148691,7.95918367346939,16.00583090379009,4.956268221574345,0.9436498543581677,0.023492559908264272,0.0,0.0,0.0,0.0,0.0,0.0,0.0,0.0,0.0,0.0,0.0,0.0,0.0,0.0,0.0,0.0,0.0,0.0,0.0,0.0,0.0,0.0,0.0,0.0,0.0,0.0,1.1606096131301291,8.370457209847599,15.580304806565069,4.888628370457211,0.3994,0.008575,0.0,0.0,0.0,0.0,0.0,0.0,0.0,0.0,0.0,0.0,0.029154518950437323,15.685131195335254,14.28571428571429,0.0,0.0,0.0,0.0,0.0,0.0,0.0,0.0,0.0,0.0,0.0,0.0,0.0,0.0,0.0,0.0,0.0,0.399,0.008224,0.0,0.0,0.0,0.0,0.0,0.0,0.0,0.0,0.0,0.0,0.0,16.1078546307151,13.89214536928488,0.0,0.0,0.0,0.0,0.0,0.0,0.0,0.0,0.0,0.0,0.0,0.0,0.0,0.0,0.0,0.0,0.0
2300,2053,1058,0.5153433999025816,505,417,0.44909887968826107,578,0.5630784218217243,0.426,3.1195979899497486,3.22626903693561,6.928571428571429,2.1234838528864275,8375.249001461276,506.4613692608322,7853.0,8866.4,8866.4,0.0,7853.0,0.0,27.543107647345348,20.528447644079154,32.386218876664735,18.77976143341045,0.14076960545543107,0.09839259620068193,0.09157330735509012,0.09400876765708718,0.08037018996590356,0.08085728202630298,0.0628348757915246,0.07014125669751584,0.058451047247929856,0.049196298100340964,0.050170482221139796,0.038480272771553824,0.028738431563565515,0.019970774476376036,0.01802240623477837,0.013638577691183634,0.00438382854359474,0.943938589653502,0.023516433476804464,0.0,0.0,0.0,0.0,0.0,0.0,0.0,0.0,0.0,0.0,0.0,0.0,0.0,0.0,0.0,0.0,0.0,0.0,0.0,0.0,0.0,0.0,0.0,0.0,0.0,0.0438382854359474,0.8037018996590358,8.972235752557236,15.284948855333662,4.8952752070141266,4.47249434815373,3.0458374678754776,nan,nan,nan,4.50521609538003,3.0776662301558435,4.43969465648855,3.0148153106197104,0.9854565380429431,0.3997,0.00821,0.0,0.0,0.0,0.0,0.0,0.0,0.0,0.0,0.0,0.0,0.0,15.211885046273725,14.788114953726257,0.0,0.0,0.0,0.0,0.0,0.0,0.0,0.0,0.0,0.0,0.0,0.0,0.0,0.0,0.0,0.0,0.0,nan,nan,4.47249434815373,3.0458374678754776,nan,0.3997,0.03677,0.0,0.0,0.0,0.0,0.0,0.0,0.0,0.0,0.0,0.0,0.0,0.0,0.0,0.0,0.0,0.0,0.0,0.0,0.0,0.0,0.0,0.0,0.0,0.0,0.0,0.0,0.0,2.4354603019970774e-05,0.0,0.0,0.014685825621042377,0.0034096444227959084,0.013321967851924015,0.020944958597174865,0.02101802240623478,0.053263516804676087,0.07459814905017048,0.06770579639551876,0.07515830491962981,0.09101315148563079,0.09013638577691184,0.0892596200681929,0.14595713589868486,0.07959084266926449,0.06777886020457867,0.05742815392109109,0.013102776424744276,0.00723331709693132,0.004943984413054067,0.004529956161714564,0.0029225523623964927,0.0,0.0016317584023380419,0.00034096444227959085,0.0,0.0,0.0,0.0,0.0,0.0,0.0,0.0,0.0,0.0,0.0,0.0,0.0,0.0,0.0,0.0,0.0,0.0,0.0,0.0,0.0,0.0,0.0,0.0,0.0,0.0,0.0,0.0,0.0,0.0,0.0,0.0,0.0,0.0,0.0,0.0,0.0,0.0,0.0,0.0,0.0,0.0,0.0,0.0,0.0,0.0,0.0,nan,nan,4.47249434815373,3.0458374678754776,nan,0.9443445019212697,0.023606257410945124,0.0,0.0,0.0,0.0,0.0,0.0,0.0,0.0,0.0,0.0,0.0,0.0,0.0,0.0,0.0,0.0,0.0,0.0,0.0,0.0,0.0,0.0,0.0,0.0,0.0,0.028355387523629497,0.8506616257088849,8.676748582230626,15.567107750472593,4.8771266540642735,0.943506976407976,0.02341282571371543,0.0,0.0,0.0,0.0,0.0,0.0,0.0,0.0,0.0,0.0,0.0,0.0,0.0,0.0,0.0,0.0,0.0,0.0,0.0,0.0,0.0,0.0,0.0,0.0,0.0,0.060301507537688454,0.7537688442211057,9.286432160804022,14.984924623115582,4.914572864321609,0.3994,0.00815,0.0,0.0,0.0,0.0,0.0,0.0,0.0,0.0,0.0,0.0,0.0,15.255198487712644,14.744801512287339,0.0,0.0,0.0,0.0,0.0,0.0,0.0,0.0,0.0,0.0,0.0,0.0,0.0,0.0,0.0,0.0,0.0,0.4,0.00827,0.0,0.0,0.0,0.0,0.0,0.0,0.0,0.0,0.0,0.0,0.0,15.16582914572862,14.83417085427136,0.0,0.0,0.0,0.0,0.0,0.0,0.0,0.0,0.0,0.0,0.0,0.0,0.0,0.0,0.0,0.0,0.0
2400,2015,1031,0.5116625310173697,476,408,0.43870967741935485,551,0.5468982630272953,0.418,2.8434959349593494,3.106820842262784,6.6923076923076925,2.095218563396756,8371.518808933002,506.5621440212494,7853.0,8866.4,8866.399999999998,1.8189894035458565e-12,7853.0,0.0,27.47394540942928,20.87476996065277,32.567599761762956,19.150419863729912,0.14540942928039702,0.10173697270471464,0.09826302729528535,0.08684863523573201,0.07990074441687345,0.07344913151364764,0.06650124069478908,0.06153846153846154,0.05657568238213399,0.054094292803970226,0.03771712158808933,0.044168734491315136,0.034739454094292806,0.025806451612903226,0.014392059553349877,0.014392059553349877,0.004466501240694789,0.9433095189832872,0.023704718100927977,0.0,0.0,0.0,0.0,0.0,0.0,0.0,0.0,0.0,0.0,0.0,0.0,0.0,0.0,0.0,0.0,0.0,0.0,0.0,0.0,0.0,0.0,0.0,0.0,0.0,0.029776674937965267,0.9975186104218364,9.260545905707199,14.605459057071965,5.1066997518610435,4.2399685287175455,2.845871524759607,nan,nan,nan,4.115987460815047,2.850346986494177,4.359177215189874,2.8344252347932466,1.0590841825175703,0.4001,0.00794,0.0,0.0,0.0,0.0,0.0,0.0,0.0,0.0,0.0,0.0,0.0,14.694789081885835,15.305210918114147,0.0,0.0,0.0,0.0,0.0,0.0,0.0,0.0,0.0,0.0,0.0,0.0,0.0,0.0,0.0,0.0,0.0,nan,nan,4.2399685287175455,2.845871524759607,nan,0.4001,0.03656,0.0,0.0,0.0,0.0,0.0,0.0,0.0,0.0,0.0,0.0,0.0,0.0,0.0,0.0,0.0,0.0,0.0,0.0,0.0,0.0,0.0,0.0,0.0,0.0,0.0,0.0,0.0,0.0,2.4813895781637717e-05,0.0,0.012580645161290323,0.0041191066997518615,0.014044665012406948,0.019528535980148882,0.019404466501240693,0.05260545905707196,0.07694789081885856,0.0635483870967742,0.07630272952853598,0.09109181141439206,0.08888337468982631,0.08893300248138958,0.14662531017369726,0.07893300248138958,0.06853598014888337,0.06272952853598016,0.01511166253101737,0.006972704714640198,0.00456575682382134,0.003945409429280397,0.002754342431761787,0.0,0.001588089330024814,0.00022332506203473945,0.0,0.0,0.0,0.0,0.0,0.0,0.0,0.0,0.0,0.0,0.0,0.0,0.0,0.0,0.0,0.0,0.0,0.0,0.0,0.0,0.0,0.0,0.0,0.0,0.0,0.0,0.0,0.0,0.0,0.0,0.0,0.0,0.0,0.0,0.0,0.0,0.0,0.0,0.0,0.0,0.0,0.0,0.0,0.0,0.0,0.0,0.0,nan,nan,4.2399685287175455,2.845871524759607,nan,0.9436313468894255,0.02398099726624888,0.0,0.0,0.0,0.0,0.0,0.0,0.0,0.0,0.0,0.0,0.0,0.0,0.0,0.0,0.0,0.0,0.0,0.0,0.0,0.0,0.0,0.0,0.0,0.0,0.0,0.029097963142580025,1.193016488845781,8.758486905916588,14.752667313288073,5.266731328806984,0.9429723192157784,0.023406998814102777,0.0,0.0,0.0,0.0,0.0,0.0,0.0,0.0,0.0,0.0,0.0,0.0,0.0,0.0,0.0,0.0,0.0,0.0,0.0,0.0,0.0,0.0,0.0,0.0,0.0,0.030487804878048787,0.7926829268292686,9.78658536585366,14.451219512195125,4.939024390243904,0.4,0.00789,0.0,0.0,0.0,0.0,0.0,0.0,0.0,0.0,0.0,0.0,0.0,15.189136760426749,14.810863239573234,0.0,0.0,0.0,0.0,0.0,0.0,0.0,0.0,0.0,0.0,0.0,0.0,0.0,0.0,0.0,0.0,0.0,0.4004,0.00799,0.0,0.0,0.0,0.0,0.0,0.0,0.0,0.0,0.0,0.0,0.0,14.176829268292662,15.823170731707322,0.0,0.0,0.0,0.0,0.0,0.0,0.0,0.0,0.0,0.0,0.0,0.0,0.0,0.0,0.0,0.0,0.0
2500,2174,1143,0.5257589696412144,540,451,0.4558417663293468,610,0.5611775528978841,0.422,2.9233753637245394,3.057633695434286,6.498281786941581,2.2158047888243395,8385.804139834408,506.02713749709665,7853.0,8866.4,8866.4,0.0,7853.0,0.0,28.056117755289787,20.560668788430302,32.80532898314301,18.783305497247216,0.13615455381784727,0.08647654093836246,0.10027598896044158,0.09107635694572216,0.08509659613615456,0.07083716651333946,0.07083716651333946,0.06991720331186753,0.05611775528978841,0.04829806807727691,0.04783808647654094,0.043698252069917204,0.03357865685372585,0.03403863845446182,0.014259429622815088,0.0078196872125115,0.0036798528058877645,0.9441555086746057,0.023590853836910664,0.0,0.0,0.0,0.0,0.0,0.0,0.0,0.0,0.0,0.0,0.0,0.0,0.0,0.0,0.0,0.0,0.0,0.0,0.0,0.0,0.0,0.0,0.0,0.0,0.0,0.0,0.9521619135234592,8.721251149954004,15.05519779208832,5.271389144434224,4.208362863217576,2.9284814783621007,nan,nan,nan,4.178217821782178,2.8566764782438017,4.238636363636363,2.998557676699894,1.0144603619129684,0.4004,0.00796,0.0,0.0,0.0,0.0,0.0,0.0,0.0,0.0,0.0,0.0,0.0,14.04783808647652,15.952161913523462,0.0,0.0,0.0,0.0,0.0,0.0,0.0,0.0,0.0,0.0,0.0,0.0,0.0,0.0,0.0,0.0,0.0,nan,nan,4.208362863217576,2.9284814783621007,nan,0.4004,0.03616,0.0,0.0,0.0,0.0,0.0,0.0,0.0,0.0,0.0,0.0,0.0,0.0,0.0,0.0,0.0,0.0,0.0,0.0,0.0,0.0,0.0,0.0,0.0,0.0,0.0,0.0,0.0,0.0,0.0001609935602575897,0.0,0.010832566697332107,0.004116835326586936,0.013270469181232751,0.02044618215271389,0.01973321067157314,0.049885004599816006,0.07787488500459981,0.06458141674333026,0.0750919963201472,0.09188132474701012,0.0874655013799448,0.08997240110395584,0.1501379944802208,0.07752989880404784,0.06890524379024839,0.06589236430542779,0.01609935602575897,0.005335786568537258,0.0031968721251149955,0.002828886844526219,0.0026908923643054277,0.0,0.0018629254829806807,0.00020699172033118675,0.0,0.0,0.0,0.0,0.0,0.0,0.0,0.0,0.0,0.0,0.0,0.0,0.0,0.0,0.0,0.0,0.0,0.0,0.0,0.0,0.0,0.0,0.0,0.0,0.0,0.0,0.0,0.0,0.0,0.0,0.0,0.0,0.0,0.0,0.0,0.0,0.0,0.0,0.0,0.0,0.0,0.0,0.0,0.0,0.0,0.0,0.0,nan,nan,4.208362863217576,2.9284814783621007,nan,0.9444105179291072,0.02372430982999775,0.0,0.0,0.0,0.0,0.0,0.0,0.0,0.0,0.0,0.0,0.0,0.0,0.0,0.0,0.0,0.0,0.0,0.0,0.0,0.0,0.0,0.0,0.0,0.0,0.0,0.0,0.9186351706036747,8.608923884514438,15.170603674540686,5.301837270341208,0.943872797153854,0.02343876947133677,0.0,0.0,0.0,0.0,0.0,0.0,0.0,0.0,0.0,0.0,0.0,0.0,0.0,0.0,0.0,0.0,0.0,0.0,0.0,0.0,0.0,0.0,0.0,0.0,0.0,0.0,0.9893307468477209,8.845780795344327,14.927255092143554,5.237633365664404,0.4006,0.007866,0.0,0.0,0.0,0.0,0.0,0.0,0.0,0.0,0.0,0.0,0.0,13.858267716535412,16.14173228346457,0.0,0.0,0.0,0.0,0.0,0.0,0.0,0.0,0.0,0.0,0.0,0.0,0.0,0.0,0.0,0.0,0.0,0.4001,0.00805,0.0,0.0,0.0,0.0,0.0,0.0,0.0,0.0,0.0,0.0,0.0,14.258001939864188,15.741998060135794,0.0,0.0,0.0,0.0,0.0,0.0,0.0,0.0,0.0,0.0,0.0,0.0,0.0,0.0,0.0,0.0,0.0
2600,2329,1219,0.523400601116359,592,470,0.45598969514813226,668,0.5736367539716617,0.40199999999999997,3.000900900900901,3.0424917329607197,6.453968253968254,2.14704118271216,8383.41416917132,506.1447699823776,7853.0,8866.4,8866.399999999998,1.8189894035458565e-12,7853.0,0.0,28.417346500644054,20.848534088451974,33.175278622087134,19.071844033848635,0.13353370545298412,0.09660798626019751,0.0888793473593817,0.08759124087591241,0.0785744954916273,0.08158007728638901,0.0695577501073422,0.06698153714040361,0.056247316444826105,0.054100472305710606,0.0476599398883641,0.041219407471017606,0.036066981537140406,0.026191498497209104,0.018892228424216402,0.010734220695577501,0.0055817947617003,0.9451428061649492,0.023470488877549312,0.0,0.0,0.0,0.0,0.0,0.0,0.0,0.0,0.0,0.0,0.0,0.0,0.0,0.0,0.0,0.0,0.0,0.0,0.0,0.0,0.0,0.0,0.0,0.0,0.0,0.02576212966938601,0.8759124087591242,8.127951910691285,15.534564190639763,5.435809360240448,4.234487263226649,2.8439513859472654,nan,nan,nan,4.231884057971015,2.880855074945984,4.237046632124352,2.8071938642722607,1.001219923344453,0.4,0.00809,0.0,0.0,0.0,0.0,0.0,0.0,0.0,0.0,0.0,0.0,0.0,15.379991412623422,14.62000858737656,0.0,0.0,0.0,0.0,0.0,0.0,0.0,0.0,0.0,0.0,0.0,0.0,0.0,0.0,0.0,0.0,0.0,nan,nan,4.234487263226649,2.8439513859472654,nan,0.4,0.0366,0.0,0.0,0.0,0.0,0.0,0.0,0.0,0.0,0.0,0.0,0.0,0.0,0.0,0.0,0.0,0.0,0.0,0.0,0.0,0.0,0.0,0.0,0.0,0.0,0.0,4.2936882782310004e-05,0.0,0.0,0.00023615285530270502,0.0,0.013009875483039932,0.0036711034778875054,0.012151137827393731,0.02303563761270932,0.021661657363675396,0.05032202662086732,0.07677114641477029,0.06547874624302276,0.07417346500644054,0.09328037784456848,0.08795620437956204,0.08857878917990554,0.1414555603263203,0.0804851867754401,0.06814083297552598,0.06857020180334908,0.013417775869471876,0.004894804637183341,0.0048518677544010305,0.00279089738085015,0.0035852297123228852,2.1468441391155002e-05,0.0014169171318162302,0.0,0.0,0.0,0.0,0.0,0.0,0.0,0.0,0.0,0.0,0.0,0.0,0.0,0.0,0.0,0.0,0.0,0.0,0.0,0.0,0.0,0.0,0.0,0.0,0.0,0.0,0.0,0.0,0.0,0.0,0.0,0.0,0.0,0.0,0.0,0.0,0.0,0.0,0.0,0.0,0.0,0.0,0.0,0.0,0.0,0.0,0.0,0.0,nan,nan,4.234487263226649,2.8439513859472654,nan,0.945115495402858,0.023152902354234374,0.0,0.0,0.0,0.0,0.0,0.0,0.0,0.0,0.0,0.0,0.0,0.0,0.0,0.0,0.0,0.0,0.0,0.0,0.0,0.0,0.0,0.0,0.0,0.0,0.0,0.049220672682526674,0.8367514356029534,7.899917965545531,16.02132895816243,5.192780968006565,0.9451727987946691,0.023814346664612438,0.0,0.0,0.0,0.0,0.0,0.0,0.0,0.0,0.0,0.0,0.0,0.0,0.0,0.0,0.0,0.0,0.0,0.0,0.0,0.0,0.0,0.0,0.0,0.0,0.0,0.0,0.9189189189189191,8.37837837837838,15.000000000000004,5.702702702702704,0.4,0.008095,0.0,0.0,0.0,0.0,0.0,0.0,0.0,0.0,0.0,0.0,0.0,15.283018867924508,14.716981132075475,0.0,0.0,0.0,0.0,0.0,0.0,0.0,0.0,0.0,0.0,0.0,0.0,0.0,0.0,0.0,0.0,0.0,0.4,0.00808,0.0,0.0,0.0,0.0,0.0,0.0,0.0,0.0,0.0,0.0,0.0,15.486486486486463,14.513513513513518,0.0,0.0,0.0,0.0,0.0,0.0,0.0,0.0,0.0,0.0,0.0,0.0,0.0,0.0,0.0,0.0,0.0
2700,2379,1214,0.5102984447246742,557,472,0.43253467843631777,665,0.5590584279108869,0.418,2.91931330472103,3.1293180228455926,6.6375,2.1403489785546657,8370.136443883985,506.59250945810106,7853.0,8866.4,8866.399999999998,1.8189894035458565e-12,7853.0,0.0,27.848675914249686,20.797301569081743,32.6993006993007,19.10281581177369,0.13787305590584278,0.10382513661202186,0.1008827238335435,0.08196721311475409,0.08280790248003363,0.07061790668348046,0.06263135771332493,0.05842791088692728,0.05842791088692728,0.0546448087431694,0.0487599831862127,0.04833963850357293,0.034047919293820936,0.02816309373686423,0.01639344262295082,0.008406893652795292,0.0037831021437578815,0.9444453883391561,0.023623388831968017,0.0,0.0,0.0,0.0,0.0,0.0,0.0,0.0,0.0,0.0,0.0,0.0,0.0,0.0,0.0,0.0,0.0,0.0,0.0,0.0,0.0,0.0,0.0,0.0,0.0,0.03783102143757882,0.9709962168978564,8.398486759142498,15.624211853720054,4.968474148802018,4.4295168762409,2.881080431405913,nan,nan,nan,4.5437908496732025,2.833917588327616,4.318120805369127,2.921708925579129,0.9503344119986716,0.3997,0.00749,0.0,0.0,0.0,0.0,0.0,0.0,0.0,0.0,0.0,0.0,0.0,15.081967213114734,14.918032786885249,0.0,0.0,0.0,0.0,0.0,0.0,0.0,0.0,0.0,0.0,0.0,0.0,0.0,0.0,0.0,0.0,0.0,nan,nan,4.4295168762409,2.881080431405913,nan,0.3997,0.03632,0.0,0.0,0.0,0.0,0.0,0.0,0.0,0.0,0.0,0.0,0.0,0.0,0.0,0.0,0.0,0.0,0.0,0.0,0.0,0.0,0.0,0.0,0.0,0.0,0.0,6.305170239596469e-05,0.0,0.00010508617065994115,0.00016813787305590584,0.0,0.012736443883984868,0.0048759983186212694,0.01246321984026902,0.01986128625472888,0.020491803278688523,0.051492223623371164,0.07620849096258932,0.07143757881462799,0.07301387137452711,0.09182429592265658,0.08509878100042034,0.08888188314417822,0.14688944934846573,0.08539302227826819,0.0635771332492644,0.06614123581336696,0.013324926439680538,0.004833963850357293,0.003930222782681799,0.002459016393442623,0.0035098781000420347,2.101723413198823e-05,0.0011979823455233291,0.0,0.0,0.0,0.0,0.0,0.0,0.0,0.0,0.0,0.0,0.0,0.0,0.0,0.0,0.0,0.0,0.0,0.0,0.0,0.0,0.0,0.0,0.0,0.0,0.0,0.0,0.0,0.0,0.0,0.0,0.0,0.0,0.0,0.0,0.0,0.0,0.0,0.0,0.0,0.0,0.0,0.0,0.0,0.0,0.0,0.0,0.0,0.0,nan,nan,4.4295168762409,2.881080431405913,nan,0.9441194758187409,0.02355832181117729,0.0,0.0,0.0,0.0,0.0,0.0,0.0,0.0,0.0,0.0,0.0,0.0,0.0,0.0,0.0,0.0,0.0,0.0,0.0,0.0,0.0,0.0,0.0,0.0,0.0,0.0741350906095552,0.9637561779242176,8.500823723228997,15.766062602965407,4.69522240527183,0.9447850087681553,0.023686231612699067,0.0,0.0,0.0,0.0,0.0,0.0,0.0,0.0,0.0,0.0,0.0,0.0,0.0,0.0,0.0,0.0,0.0,0.0,0.0,0.0,0.0,0.0,0.0,0.0,0.0,0.0,0.9785407725321891,8.291845493562233,15.476394849785411,5.253218884120172,0.4,0.00759,0.0,0.0,0.0,0.0,0.0,0.0,0.0,0.0,0.0,0.0,0.0,15.123558484349237,14.876441515650745,0.0,0.0,0.0,0.0,0.0,0.0,0.0,0.0,0.0,0.0,0.0,0.0,0.0,0.0,0.0,0.0,0.0,0.3997,0.007374,0.0,0.0,0.0,0.0,0.0,0.0,0.0,0.0,0.0,0.0,0.0,15.038626609442039,14.961373390557943,0.0,0.0,0.0,0.0,0.0,0.0,0.0,0.0,0.0,0.0,0.0,0.0,0.0,0.0,0.0,0.0,0.0
2800,2571,1340,0.5211979774406845,615,512,0.4383508362504862,714,0.5554259043173863,0.40199999999999997,3.0178716490658,3.0847238748408987,6.527932960893855,2.0395671783090075,8381.18203033839,506.2444195964439,7853.0,8866.4,8866.399999999998,1.8189894035458565e-12,7853.0,0.0,27.975884869700504,20.83535972902071,32.63836622303809,19.21090204795148,0.13302217036172695,0.10462854920264489,0.09801633605600933,0.08868144690781797,0.07273434461299105,0.073512252042007,0.07390120575651497,0.062232594321275765,0.06145468689225982,0.048619214313496695,0.051730844029560484,0.03695060287825749,0.035394788020225595,0.023337222870478413,0.01633605600933489,0.012057565149747181,0.007390120575651498,0.9454738811406121,0.02324470606722515,0.0,0.0,0.0,0.0,0.0,0.0,0.0,0.0,0.0,0.0,0.0,0.0,0.0,0.0,0.0,0.0,0.0,0.0,0.0,0.0,0.0,0.0,0.0,0.0,0.0,0.0,0.8868144690781798,8.424737456242708,15.075845974329058,5.61260210035006,4.2919975565058035,2.8392511475381528,nan,nan,nan,4.353733170134639,2.8749479509590232,4.230487804878049,2.801880423641927,0.9716920260290598,0.3997,0.00783,0.0,0.0,0.0,0.0,0.0,0.0,0.0,0.0,0.0,0.0,0.0,15.437572928821448,14.562427071178533,0.0,0.0,0.0,0.0,0.0,0.0,0.0,0.0,0.0,0.0,0.0,0.0,0.0,0.0,0.0,0.0,0.0,nan,nan,4.2919975565058035,2.8392511475381528,nan,0.3997,0.0365,0.0,0.0,0.0,0.0,0.0,0.0,0.0,0.0,0.0,0.0,0.0,0.0,0.0,0.0,0.0,0.0,0.0,0.0,0.0,0.0,0.0,0.0,0.0,0.0,0.0,0.0,0.0,1.9447685725398676e-05,0.0001750291715285881,0.00011668611435239207,0.014294049008168028,0.0054647996888370284,0.011376896149358226,0.01968105795410346,0.02133411124076235,0.048794243485025285,0.07703228315830417,0.07378451964216258,0.0749124854142357,0.08850641773628938,0.08661999222092572,0.08918708673667834,0.14801633605600933,0.0837417347335667,0.06373006612213146,0.061999222092570985,0.01398288603656165,0.005095293660054454,0.004336833916763905,0.002761571373006612,0.003072734344612991,3.889537145079735e-05,0.0018864255153636718,3.889537145079735e-05,0.0,0.0,0.0,0.0,0.0,0.0,0.0,0.0,0.0,0.0,0.0,0.0,0.0,0.0,0.0,0.0,0.0,0.0,0.0,0.0,0.0,0.0,0.0,0.0,0.0,0.0,0.0,0.0,0.0,0.0,0.0,0.0,0.0,0.0,0.0,0.0,0.0,0.0,0.0,0.0,0.0,0.0,0.0,0.0,0.0,0.0,0.0,nan,nan,4.2919975565058035,2.8392511475381528,nan,0.9456975085077001,0.023541300630844326,0.0,0.0,0.0,0.0,0.0,0.0,0.0,0.0,0.0,0.0,0.0,0.0,0.0,0.0,0.0,0.0,0.0,0.0,0.0,0.0,0.0,0.0,0.0,0.0,0.0,0.0,0.9626865671641792,8.619402985074629,14.641791044776122,5.776119402985076,0.9452304524875675,0.02291500567613822,0.0,0.0,0.0,0.0,0.0,0.0,0.0,0.0,0.0,0.0,0.0,0.0,0.0,0.0,0.0,0.0,0.0,0.0,0.0,0.0,0.0,0.0,0.0,0.0,0.0,0.0,0.8042242079610075,8.212835093419985,15.548334687246145,5.434606011372869,0.3992,0.00794,0.0,0.0,0.0,0.0,0.0,0.0,0.0,0.0,0.0,0.0,0.0,16.141791044776095,13.858208955223883,0.0,0.0,0.0,0.0,0.0,0.0,0.0,0.0,0.0,0.0,0.0,0.0,0.0,0.0,0.0,0.0,0.0,0.4001,0.00767,0.0,0.0,0.0,0.0,0.0,0.0,0.0,0.0,0.0,0.0,0.0,14.670999187652294,15.329000812347688,0.0,0.0,0.0,0.0,0.0,0.0,0.0,0.0,0.0,0.0,0.0,0.0,0.0,0.0,0.0,0.0,0.0
2900,2514,1286,0.5115354017501988,598,517,0.44351630867143993,697,0.5544948289578361,0.414,2.8843648208469057,3.0845284569540237,6.604361370716511,2.141966003843909,8371.38997613365,506.56513348037925,7853.0,8866.4,8866.4,0.0,7853.0,0.0,27.34049323786794,20.857230886813934,32.519405845711546,19.11800998358016,0.14916467780429593,0.10461416070007955,0.0879077167859984,0.08711217183770883,0.08711217183770883,0.07199681782020684,0.06881463802704853,0.05807478122513922,0.05847255369928401,0.05250596658711217,0.042561654733492445,0.03739061256961018,0.03579952267303103,0.02784407319013524,0.014319809069212411,0.008353221957040573,0.007955449482895784,0.9471190412459909,0.023196240926425072,0.0,0.0,0.0,0.0,0.0,0.0,0.0,0.0,0.0,0.0,0.0,0.0,0.0,0.0,0.0,0.0,0.0,0.0,0.0,0.0,0.0,0.0,0.0,0.0,0.0,0.0,0.6921241050119333,7.589498806682579,15.60859188544153,6.109785202863963,4.213032581453634,2.8572522293624334,nan,nan,nan,4.154430379746835,2.8367300424539192,4.270471464019852,2.8760664697666014,1.027931888048654,0.3994,0.007965,0.0,0.0,0.0,0.0,0.0,0.0,0.0,0.0,0.0,0.0,0.0,15.775656324582316,14.224343675417664,0.0,0.0,0.0,0.0,0.0,0.0,0.0,0.0,0.0,0.0,0.0,0.0,0.0,0.0,0.0,0.0,0.0,nan,nan,4.213032581453634,2.8572522293624334,nan,0.3994,0.03696,0.0,0.0,0.0,0.0,0.0,0.0,0.0,0.0,0.0,0.0,0.0,0.0,0.0,0.0,0.0,0.0,0.0,0.0,0.0,0.0,0.0,0.0,0.0,0.0,0.0,0.0,0.00011933174224343676,0.0,1.988862370723946e-05,9.94431185361973e-05,0.015413683373110582,0.005230708035003978,0.011614956245027844,0.019709626093874305,0.021957040572792363,0.04976133651551313,0.07861972951471759,0.07675019888623708,0.06887430389817024,0.08675417661097852,0.08532219570405727,0.0883054892601432,0.14940334128878283,0.08319411296738266,0.06712410501193318,0.06014319809069212,0.013166268894192522,0.004097056483691328,0.005290373906125696,0.003023070803500398,0.003023070803500398,0.0,0.0028440731901352425,0.00013922036595067621,0.0,0.0,0.0,0.0,0.0,0.0,0.0,0.0,0.0,0.0,0.0,0.0,0.0,0.0,0.0,0.0,0.0,0.0,0.0,0.0,0.0,0.0,0.0,0.0,0.0,0.0,0.0,0.0,0.0,0.0,0.0,0.0,0.0,0.0,0.0,0.0,0.0,0.0,0.0,0.0,0.0,0.0,0.0,0.0,0.0,0.0,0.0,nan,nan,4.213032581453634,2.8572522293624334,nan,0.9468545462721799,0.022915715444575473,0.0,0.0,0.0,0.0,0.0,0.0,0.0,0.0,0.0,0.0,0.0,0.0,0.0,0.0,0.0,0.0,0.0,0.0,0.0,0.0,0.0,0.0,0.0,0.0,0.0,0.0,0.7231726283048213,7.651632970451012,15.53654743390358,6.088646967340592,0.9473960286534182,0.023483231292017986,0.0,0.0,0.0,0.0,0.0,0.0,0.0,0.0,0.0,0.0,0.0,0.0,0.0,0.0,0.0,0.0,0.0,0.0,0.0,0.0,0.0,0.0,0.0,0.0,0.0,0.0,0.6596091205211728,7.524429967426712,15.684039087947886,6.131921824104236,0.3997,0.0079,0.0,0.0,0.0,0.0,0.0,0.0,0.0,0.0,0.0,0.0,0.0,15.723172628304798,14.276827371695182,0.0,0.0,0.0,0.0,0.0,0.0,0.0,0.0,0.0,0.0,0.0,0.0,0.0,0.0,0.0,0.0,0.0,0.3994,0.008026,0.0,0.0,0.0,0.0,0.0,0.0,0.0,0.0,0.0,0.0,0.0,15.83061889250812,14.16938110749186,0.0,0.0,0.0,0.0,0.0,0.0,0.0,0.0,0.0,0.0,0.0,0.0,0.0,0.0,0.0,0.0,0.0
3000,2521,1319,0.5232050773502578,629,471,0.43633478778262597,680,0.539468464894883,0.426,2.9608985024958403,3.0722257251874545,6.411931818181818,2.172444872171436,8383.21602538675,506.1540146536521,7853.0,8866.4,8866.399999999998,1.8189894035458565e-12,7853.0,0.0,28.82546608488695,21.294214147490926,33.85101367279585,19.471723236757075,0.13407378024593417,0.09837366124553748,0.09123363744545815,0.08211027370091234,0.07695358984529949,0.08171360571201904,0.06505355017850059,0.05791352637842126,0.057120190400634666,0.054343514478381594,0.05593018643395478,0.042443474811582706,0.03768345894486315,0.02459341531138437,0.02023006743355811,0.009123363744545815,0.011106703689012296,0.9459598633279312,0.02343571366136627,0.0,0.0,0.0,0.0,0.0,0.0,0.0,0.0,0.0,0.0,0.0,0.0,0.0,0.0,0.0,0.0,0.0,0.0,0.0,0.0,0.0,0.0,0.0,0.0,0.0,0.011900039666798892,0.7378024593415313,8.211027370091236,15.24395081316938,5.79531931773106,4.1818738518064915,2.8543950346952256,nan,nan,nan,4.2327272727272724,2.894784518831811,4.127633209417596,2.8125787951358037,0.9751710761081089,0.4,0.008255,0.0,0.0,0.0,0.0,0.0,0.0,0.0,0.0,0.0,0.0,0.0,15.232050773502555,14.767949226497425,0.0,0.0,0.0,0.0,0.0,0.0,0.0,0.0,0.0,0.0,0.0,0.0,0.0,0.0,0.0,0.0,0.0,nan,nan,4.1818738518064915,2.8543950346952256,nan,0.4,0.03683,0.0,0.0,0.0,0.0,0.0,0.0,0.0,0.0,0.0,0.0,0.0,0.0,0.0,0.0,0.0,0.0,0.0,0.0,0.0,0.0,0.0,0.0,0.0,0.0,0.0,0.0,0.0,0.0,3.966679888932963e-05,0.0001190003966679889,0.015172550575168585,0.005156683855612852,0.01243554145180484,0.0200119000396668,0.020051566838556127,0.05025783419278064,0.0779650932169774,0.07304641015470052,0.0660650535501785,0.08581911939706466,0.08762395874652916,0.08843712812376041,0.15204284014280048,0.08873462911543038,0.06543038476794923,0.06120587068623562,0.012911543038476796,0.0038278460928203094,0.0046608488694962315,0.0029750099166997225,0.0032130107100357,0.0,0.002776675922253074,0.0,1.9833399444664816e-05,0.0,0.0,0.0,0.0,0.0,0.0,0.0,0.0,0.0,0.0,0.0,0.0,0.0,0.0,0.0,0.0,0.0,0.0,0.0,0.0,0.0,0.0,0.0,0.0,0.0,0.0,0.0,0.0,0.0,0.0,0.0,0.0,0.0,0.0,0.0,0.0,0.0,0.0,0.0,0.0,0.0,0.0,0.0,0.0,0.0,0.0,nan,nan,4.1818738518064915,2.8543950346952256,nan,0.9454006742039262,0.02377970351775181,0.0,0.0,0.0,0.0,0.0,0.0,0.0,0.0,0.0,0.0,0.0,0.0,0.0,0.0,0.0,0.0,0.0,0.0,0.0,0.0,0.0,0.0,0.0,0.0,0.0,0.0,0.841546626231994,8.460955269143291,14.76118271417741,5.93631539044731,0.9465734826744892,0.02303672000854484,0.0,0.0,0.0,0.0,0.0,0.0,0.0,0.0,0.0,0.0,0.0,0.0,0.0,0.0,0.0,0.0,0.0,0.0,0.0,0.0,0.0,0.0,0.0,0.0,0.0,0.024958402662229623,0.6239600665557405,7.93677204658902,15.773710482529122,5.640599001663895,0.4001,0.00811,0.0,0.0,0.0,0.0,0.0,0.0,0.0,0.0,0.0,0.0,0.0,14.806671721000736,15.193328278999244,0.0,0.0,0.0,0.0,0.0,0.0,0.0,0.0,0.0,0.0,0.0,0.0,0.0,0.0,0.0,0.0,0.0,0.3997,0.00841,0.0,0.0,0.0,0.0,0.0,0.0,0.0,0.0,0.0,0.0,0.0,15.698835274542407,14.301164725457573,0.0,0.0,0.0,0.0,0.0,0.0,0.0,0.0,0.0,0.0,0.0,0.0,0.0,0.0,0.0,0.0,0.0
3100,2423,1243,0.5130004127115146,574,480,0.43499793644242674,670,0.5530334296326868,0.446,3.023728813559322,3.184886927351933,6.552631578947368,2.2585462329755726,8372.874618241849,506.5286955683571,7853.0,8866.4,8866.4,0.0,7853.0,0.0,27.937267849773008,21.074582734620584,33.149727317798714,19.25432920239554,0.14486174164259183,0.09863805200165085,0.09244737928188196,0.09286009079653322,0.07057366900536526,0.0680973999174577,0.070160957490714,0.06768468840280643,0.06190672719768882,0.052414362360709864,0.04209657449442839,0.045810978126289724,0.028477094510936857,0.02765167148163434,0.01692117210070161,0.010317787866281469,0.009079653322327692,0.945173349082347,0.023337395296684302,0.0,0.0,0.0,0.0,0.0,0.0,0.0,0.0,0.0,0.0,0.0,0.0,0.0,0.0,0.0,0.0,0.0,0.0,0.0,0.0,0.0,0.0,0.0,0.0,0.0,0.02476269087907553,0.8171687990094926,8.134543953776312,15.51382583574082,5.509698720594306,4.294117647058823,2.9107802296473544,nan,nan,nan,4.284427284427284,2.9452624459193912,4.303896103896104,2.875532319254251,1.0045440891340562,0.3992,0.008125,0.0,0.0,0.0,0.0,0.0,0.0,0.0,0.0,0.0,0.0,0.0,15.92241023524554,14.077589764754439,0.0,0.0,0.0,0.0,0.0,0.0,0.0,0.0,0.0,0.0,0.0,0.0,0.0,0.0,0.0,0.0,0.0,nan,nan,4.294117647058823,2.9107802296473544,nan,0.3992,0.03696,0.0,0.0,0.0,0.0,0.0,0.0,0.0,0.0,0.0,0.0,0.0,0.0,0.0,0.0,0.0,0.0,0.0,0.0,0.0,0.0,0.0,0.0,0.0,0.0,0.0,0.0,0.0,0.0,0.0,0.00022699133305819234,0.014878250103177879,0.004312835328105654,0.013165497317375156,0.023483285183656624,0.019583161370202228,0.05575732562938506,0.08004539826661164,0.07125464300453983,0.06741642591828312,0.0868551382583574,0.08710276516714817,0.08532810565414775,0.1499380932728023,0.08749484110606685,0.05959554271564177,0.06285596368138671,0.014857614527445316,0.0038794882377218326,0.004808089145687164,0.0024349979364424266,0.00224927775484936,0.0,0.002331820057779612,0.0,0.00014444903012794056,0.0,0.0,0.0,0.0,0.0,0.0,0.0,0.0,0.0,0.0,0.0,0.0,0.0,0.0,0.0,0.0,0.0,0.0,0.0,0.0,0.0,0.0,0.0,0.0,0.0,0.0,0.0,0.0,0.0,0.0,0.0,0.0,0.0,0.0,0.0,0.0,0.0,0.0,0.0,0.0,0.0,0.0,0.0,0.0,0.0,0.0,nan,nan,4.294117647058823,2.9107802296473544,nan,0.9441699528061183,0.023150711323086638,0.0,0.0,0.0,0.0,0.0,0.0,0.0,0.0,0.0,0.0,0.0,0.0,0.0,0.0,0.0,0.0,0.0,0.0,0.0,0.0,0.0,0.0,0.0,0.0,0.0,0.024135156878519717,0.8688656476267097,8.761061946902656,15.422365245374097,4.9235720032180215,0.9462303165156962,0.02348612812948269,0.0,0.0,0.0,0.0,0.0,0.0,0.0,0.0,0.0,0.0,0.0,0.0,0.0,0.0,0.0,0.0,0.0,0.0,0.0,0.0,0.0,0.0,0.0,0.0,0.0,0.025423728813559327,0.7627118644067798,7.474576271186442,15.610169491525427,6.1271186440677985,0.399,0.00814,0.0,0.0,0.0,0.0,0.0,0.0,0.0,0.0,0.0,0.0,0.0,16.21882542236522,13.781174577634758,0.0,0.0,0.0,0.0,0.0,0.0,0.0,0.0,0.0,0.0,0.0,0.0,0.0,0.0,0.0,0.0,0.0,0.3992,0.00811,0.0,0.0,0.0,0.0,0.0,0.0,0.0,0.0,0.0,0.0,0.0,15.610169491525403,14.38983050847458,0.0,0.0,0.0,0.0,0.0,0.0,0.0,0.0,0.0,0.0,0.0,0.0,0.0,0.0,0.0,0.0,0.0
3200,2734,1384,0.5062179956108266,659,563,0.44696415508412585,787,0.5757132406730066,0.40199999999999997,2.96,3.12408090187842,6.686327077747989,2.1110587588621668,8366.00131675201,506.6608169250812,7853.0,8866.4,8866.399999999998,1.8189894035458565e-12,7853.0,0.0,27.584491587417702,20.697935381519027,32.34446854663774,19.056970098004978,0.1393562545720556,0.10095098756400878,0.09912216532553036,0.08888076079005121,0.07863935625457205,0.08266276517922458,0.06949524506217995,0.05815654718361375,0.04645208485735187,0.0548646671543526,0.051207022677395755,0.03950256035113387,0.03621068032187271,0.019385515727871252,0.019385515727871252,0.010241404535479151,0.005486466715435259,0.9444345221653766,0.023689100837849777,0.0,0.0,0.0,0.0,0.0,0.0,0.0,0.0,0.0,0.0,0.0,0.0,0.0,0.0,0.0,0.0,0.0,0.0,0.0,0.0,0.0,0.0,0.0,0.0,0.0,0.021945866861741044,0.8668617410387712,8.855157278712511,14.890270665691297,5.365764447695685,4.377207977207977,2.9624707020406436,nan,nan,nan,4.412823397075366,3.026224675310696,4.340646651270208,2.895108010101907,0.9836438625998508,0.3987,0.008224,0.0,0.0,0.0,0.0,0.0,0.0,0.0,0.0,0.0,0.0,0.010972933430870522,16.865398683247964,13.123628383321144,0.0,0.0,0.0,0.0,0.0,0.0,0.0,0.0,0.0,0.0,0.0,0.0,0.0,0.0,0.0,0.0,0.0,nan,nan,4.377207977207977,2.9624707020406436,nan,0.3987,0.03738,0.0,0.0,0.0,0.0,0.0,0.0,0.0,0.0,0.0,0.0,0.0,0.0,0.0,0.0,0.0,0.0,0.0,0.0,0.0,0.0,0.0,0.0,0.0,0.0,0.0,0.0,0.0,3.65764447695684e-05,1.82882223847842e-05,0.0005303584491587418,0.01563643013899049,0.0034198975859546453,0.014008778346744697,0.025822970007315288,0.02212874908558888,0.05594367227505487,0.07860277980980249,0.07286027798098024,0.06483174835405998,0.08511338697878566,0.08774689100219459,0.0865764447695684,0.14220921726408192,0.087033650329188,0.06325896122896854,0.06302121433796636,0.014923189465983906,0.00400512070226774,0.0047000731528895395,0.003145574250182882,0.002304316020482809,0.0,0.0020665691294806145,0.0,5.48646671543526e-05,0.0,0.0,0.0,0.0,0.0,0.0,0.0,0.0,0.0,0.0,0.0,0.0,0.0,0.0,0.0,0.0,0.0,0.0,0.0,0.0,0.0,0.0,0.0,0.0,0.0,0.0,0.0,0.0,0.0,0.0,0.0,0.0,0.0,0.0,0.0,0.0,0.0,0.0,0.0,0.0,0.0,0.0,0.0,0.0,0.0,0.0,nan,nan,4.377207977207977,2.9624707020406436,nan,0.9443736588851565,0.023624522031508492,0.0,0.0,0.0,0.0,0.0,0.0,0.0,0.0,0.0,0.0,0.0,0.0,0.0,0.0,0.0,0.0,0.0,0.0,0.0,0.0,0.0,0.0,0.0,0.0,0.0,0.04335260115606938,0.7586705202312141,8.995664739884395,14.84826589595376,5.354046242774568,0.9444969182985801,0.0237549619477965,0.0,0.0,0.0,0.0,0.0,0.0,0.0,0.0,0.0,0.0,0.0,0.0,0.0,0.0,0.0,0.0,0.0,0.0,0.0,0.0,0.0,0.0,0.0,0.0,0.0,0.0,0.977777777777778,8.711111111111112,14.933333333333335,5.377777777777779,0.3987,0.00828,0.0,0.0,0.0,0.0,0.0,0.0,0.0,0.0,0.0,0.0,0.02167630057803469,16.647398843930613,13.330924855491332,0.0,0.0,0.0,0.0,0.0,0.0,0.0,0.0,0.0,0.0,0.0,0.0,0.0,0.0,0.0,0.0,0.0,0.3987,0.00817,0.0,0.0,0.0,0.0,0.0,0.0,0.0,0.0,0.0,0.0,0.0,17.088888888888864,12.911111111111113,0.0,0.0,0.0,0.0,0.0,0.0,0.0,0.0,0.0,0.0,0.0,0.0,0.0,0.0,0.0,0.0,0.0
3300,2814,1460,0.5188343994314144,675,583,0.4470504619758351,790,0.5614783226723525,0.40199999999999997,2.9431314623338256,3.04576383574486,6.455012853470437,2.18340476373545,8378.786780383796,506.34038434098915,7853.0,8866.4,8866.399999999998,1.8189894035458565e-12,7853.0,0.0,28.350746268656717,21.213109736058758,33.504672897196265,19.36022655824646,0.1435678749111585,0.09737029140014215,0.08564321250888415,0.08848614072494669,0.0806680881307747,0.0749822316986496,0.06361051883439943,0.05863539445628998,0.060056858564321254,0.05614783226723525,0.05223880597014925,0.03837953091684435,0.031982942430703626,0.02914001421464108,0.01847903340440654,0.01457000710732054,0.006041222459132907,0.9424896913804988,0.022715446169433533,0.0,0.0,0.0,0.0,0.0,0.0,0.0,0.0,0.0,0.0,0.0,0.0,0.0,0.0,0.0,0.0,0.0,0.0,0.0,0.0,0.0,0.0,0.0,0.0,0.0,0.02132196162046909,0.863539445628998,9.552238805970152,15.191897654584224,4.371002132196163,4.192560175054704,2.8185671921420754,nan,nan,nan,4.1906873614190685,2.775646740287584,4.19438444924406,2.8597547809688812,1.0008822151370746,0.399,0.0081,0.0,0.0,0.0,0.0,0.0,0.0,0.0,0.0,0.0,0.0,0.0,16.311300639658825,13.688699360341154,0.0,0.0,0.0,0.0,0.0,0.0,0.0,0.0,0.0,0.0,0.0,0.0,0.0,0.0,0.0,0.0,0.0,nan,nan,4.192560175054704,2.8185671921420754,nan,0.399,0.03726,0.0,0.0,0.0,0.0,0.0,0.0,0.0,0.0,0.0,0.0,0.0,0.0,0.0,0.0,0.0,0.0,0.0,0.0,0.0,0.0,0.0,0.0,0.0,0.0,0.0,0.0,0.0,3.5536602700781806e-05,3.5536602700781806e-05,0.00028429282160625445,0.014339019189765458,0.004033404406538735,0.013823738450604122,0.02601279317697228,0.023329779673063256,0.05769367448471926,0.07725657427149965,0.06958066808813078,0.06389481165600569,0.08662046908315565,0.0878820184790334,0.08388415067519545,0.13967661691542288,0.09127576403695807,0.06529850746268656,0.06305970149253731,0.017146410803127222,0.0039090262970859985,0.004459843638948116,0.002594171997157072,0.0020788912579957357,3.5536602700781806e-05,0.0017057569296375266,0.0,5.3304904051172706e-05,0.0,0.0,0.0,0.0,0.0,0.0,0.0,0.0,0.0,0.0,0.0,0.0,0.0,0.0,0.0,0.0,0.0,0.0,0.0,0.0,0.0,0.0,0.0,0.0,0.0,0.0,0.0,0.0,0.0,0.0,0.0,0.0,0.0,0.0,0.0,0.0,0.0,0.0,0.0,0.0,0.0,0.0,0.0,0.0,0.0,0.0,nan,nan,4.192560175054704,2.8185671921420754,nan,0.9425940380112766,0.023000284048173697,0.0,0.0,0.0,0.0,0.0,0.0,0.0,0.0,0.0,0.0,0.0,0.0,0.0,0.0,0.0,0.0,0.0,0.0,0.0,0.0,0.0,0.0,0.0,0.0,0.0,0.020547945205479458,0.8219178082191783,9.616438356164386,14.938356164383563,4.602739726027399,0.9423771758111225,0.02240370747568056,0.0,0.0,0.0,0.0,0.0,0.0,0.0,0.0,0.0,0.0,0.0,0.0,0.0,0.0,0.0,0.0,0.0,0.0,0.0,0.0,0.0,0.0,0.0,0.0,0.0,0.02215657311669129,0.9084194977843428,9.483013293943873,15.46528803545052,4.12112259970458,0.3987,0.008125,0.0,0.0,0.0,0.0,0.0,0.0,0.0,0.0,0.0,0.0,0.0,16.212328767123264,13.787671232876715,0.0,0.0,0.0,0.0,0.0,0.0,0.0,0.0,0.0,0.0,0.0,0.0,0.0,0.0,0.0,0.0,0.0,0.3992,0.00806,0.0,0.0,0.0,0.0,0.0,0.0,0.0,0.0,0.0,0.0,0.0,16.418020679468217,13.58197932053176,0.0,0.0,0.0,0.0,0.0,0.0,0.0,0.0,0.0,0.0,0.0,0.0,0.0,0.0,0.0,0.0,0.0
3400,2638,1353,0.5128885519332828,622,528,0.4359363153904473,749,0.5678544351781653,0.43,3.027237354085603,3.1244045898281647,6.584,2.1033966181710317,8372.76125852919,506.53163131795975,7853.0,8866.4,8866.399999999998,1.8189894035458565e-12,7853.0,0.0,28.633813495072026,21.058965051391386,33.354464285714286,19.339016762903626,0.13115996967399546,0.09590598938589841,0.09476876421531463,0.08718726307808947,0.07960576194086429,0.07467778620166793,0.07164518574677786,0.06368460955269144,0.05496588324488249,0.05420773313115997,0.05420773313115997,0.039423805913570885,0.030326004548900682,0.027293404094010616,0.02084912812736922,0.012509476876421531,0.0075815011372251705,0.9428402569322897,0.023218073633427806,0.0,0.0,0.0,0.0,0.0,0.0,0.0,0.0,0.0,0.0,0.0,0.0,0.0,0.0,0.0,0.0,0.0,0.0,0.0,0.0,0.0,0.0,0.0,0.0,0.0,0.022744503411675516,0.8756633813495074,9.029567854435179,15.693707354056105,4.3783169067475365,4.3358644859813085,2.8563625814292593,nan,nan,nan,4.3676814988290396,2.8842924380360673,4.304195804195804,2.8279336099797776,0.9854646693788786,0.3987,0.007996,0.0,0.0,0.0,0.0,0.0,0.0,0.0,0.0,0.0,0.0,0.0,16.978771796815746,13.021228203184233,0.0,0.0,0.0,0.0,0.0,0.0,0.0,0.0,0.0,0.0,0.0,0.0,0.0,0.0,0.0,0.0,0.0,nan,nan,4.3358644859813085,2.8563625814292593,nan,0.3987,0.0368,0.0,0.0,0.0,0.0,0.0,0.0,0.0,0.0,0.0,0.0,0.0,0.0,0.0,0.0,0.0,0.0,0.0,0.0,0.0,0.0,0.0,0.0,0.0,0.0,1.8953752843062928e-05,0.0,1.8953752843062928e-05,1.8953752843062928e-05,1.8953752843062928e-05,0.0003411675511751327,0.013286580742987112,0.004492039423805914,0.012433661865049279,0.026762699014404853,0.024052312357846852,0.05959059893858984,0.07769143290371494,0.06402577710386656,0.06815769522365428,0.08766110689916604,0.08919636087945414,0.08525398028809704,0.1416603487490523,0.08949962092494314,0.06448066717210008,0.06158074298711145,0.01664139499620925,0.004264594389689159,0.003582259287338893,0.0021607278241091736,0.0018764215314632296,0.0,0.0012130401819560274,0.0,1.8953752843062928e-05,0.0,0.0,0.0,0.0,0.0,0.0,0.0,0.0,0.0,0.0,0.0,0.0,0.0,0.0,0.0,0.0,0.0,0.0,0.0,0.0,0.0,0.0,0.0,0.0,0.0,0.0,0.0,0.0,0.0,0.0,0.0,0.0,0.0,0.0,0.0,0.0,0.0,0.0,0.0,0.0,0.0,0.0,0.0,0.0,0.0,0.0,nan,nan,4.3358644859813085,2.8563625814292593,nan,0.9432113037581631,0.02337855913004177,0.0,0.0,0.0,0.0,0.0,0.0,0.0,0.0,0.0,0.0,0.0,0.0,0.0,0.0,0.0,0.0,0.0,0.0,0.0,0.0,0.0,0.0,0.0,0.0,0.0,0.0221729490022173,0.9312638580931265,8.847006651884701,15.43237250554324,4.76718403547672,0.9424495749436463,0.023041430910005267,0.0,0.0,0.0,0.0,0.0,0.0,0.0,0.0,0.0,0.0,0.0,0.0,0.0,0.0,0.0,0.0,0.0,0.0,0.0,0.0,0.0,0.0,0.0,0.0,0.0,0.023346303501945533,0.8171206225680936,9.221789883268483,15.968871595330743,3.96887159533074,0.3987,0.007935,0.0,0.0,0.0,0.0,0.0,0.0,0.0,0.0,0.0,0.0,0.0,16.629711751662946,13.370288248337031,0.0,0.0,0.0,0.0,0.0,0.0,0.0,0.0,0.0,0.0,0.0,0.0,0.0,0.0,0.0,0.0,0.0,0.3984,0.00806,0.0,0.0,0.0,0.0,0.0,0.0,0.0,0.0,0.0,0.0,0.0,17.3463035019455,12.653696498054478,0.0,0.0,0.0,0.0,0.0,0.0,0.0,0.0,0.0,0.0,0.0,0.0,0.0,0.0,0.0,0.0,0.0
3500,2946,1486,0.5044127630685675,697,634,0.4517990495587237,856,0.5811269517990496,0.40199999999999997,2.9821917808219176,3.0479655224811544,6.507281553398058,2.1011890735175243,8364.171894093686,506.68026620662334,7853.0,8866.4,8866.399999999998,1.8189894035458565e-12,7853.0,0.0,28.03122878479294,20.972884629076702,33.11647727272727,19.163615109991618,0.14392396469789545,0.09164969450101833,0.09572301425661914,0.08282416836388323,0.08316361167684996,0.07841140529531568,0.07399864222674814,0.05668703326544467,0.0560081466395112,0.05295315682281059,0.052613713509843854,0.038357094365241005,0.031907671418873046,0.027155465037338764,0.015274949083503055,0.010183299389002037,0.009164969450101833,0.9428494174668195,0.023055269034114735,0.0,0.0,0.0,0.0,0.0,0.0,0.0,0.0,0.0,0.0,0.0,0.0,0.0,0.0,0.0,0.0,0.0,0.0,0.0,0.0,0.0,0.0,0.0,0.0,0.0,0.0,0.9572301425661917,9.480651731160899,14.796334012219962,4.765784114052955,4.333333333333333,2.883381502487815,nan,nan,nan,4.461939520333681,2.9402036476346867,4.204994797086369,2.819697333772409,0.9424141178793707,0.3992,0.00813,0.0,0.0,0.0,0.0,0.0,0.0,0.0,0.0,0.0,0.0,0.0,16.079429735234193,13.920570264765786,0.0,0.0,0.0,0.0,0.0,0.0,0.0,0.0,0.0,0.0,0.0,0.0,0.0,0.0,0.0,0.0,0.0,nan,nan,4.333333333333333,2.883381502487815,nan,0.3992,0.03653,0.0,0.0,0.0,0.0,0.0,0.0,0.0,0.0,0.0,0.0,0.0,0.0,0.0,0.0,0.0,0.0,0.0,0.0,0.0,0.0,0.0,0.0,0.0,0.0,0.0,0.0,5.0916496945010185e-05,0.0,1.697216564833673e-05,0.0005261371350984386,0.01306856754921928,0.005040733197556008,0.01031907671418873,0.025797691785471828,0.024558723693143245,0.05363204344874406,0.07612016293279023,0.06788866259334692,0.06897488119484046,0.08564154786150713,0.09046164290563476,0.08839103869653768,0.14115750169721655,0.09231160896130346,0.062152070604209096,0.06259334691106586,0.01720977596741344,0.005515953835709436,0.0036659877800407333,0.002291242362525458,0.0015444670739986422,0.0,0.0010013577732518669,6.788866259334691e-05,0.0,0.0,0.0,0.0,0.0,0.0,0.0,0.0,0.0,0.0,0.0,0.0,0.0,0.0,0.0,0.0,0.0,0.0,0.0,0.0,0.0,0.0,0.0,0.0,0.0,0.0,0.0,0.0,0.0,0.0,0.0,0.0,0.0,0.0,0.0,0.0,0.0,0.0,0.0,0.0,0.0,0.0,0.0,0.0,0.0,0.0,0.0,nan,nan,4.333333333333333,2.883381502487815,nan,0.9430127523308006,0.023340902758786766,0.0,0.0,0.0,0.0,0.0,0.0,0.0,0.0,0.0,0.0,0.0,0.0,0.0,0.0,0.0,0.0,0.0,0.0,0.0,0.0,0.0,0.0,0.0,0.0,0.0,0.0,0.8681022880215344,9.528936742934054,14.818304172274566,4.784656796769853,0.9426831738997812,0.0227596645079926,0.0,0.0,0.0,0.0,0.0,0.0,0.0,0.0,0.0,0.0,0.0,0.0,0.0,0.0,0.0,0.0,0.0,0.0,0.0,0.0,0.0,0.0,0.0,0.0,0.0,0.0,1.0479452054794522,9.43150684931507,14.773972602739729,4.746575342465754,0.3992,0.00819,0.0,0.0,0.0,0.0,0.0,0.0,0.0,0.0,0.0,0.0,0.0,16.271870794078037,13.72812920592194,0.0,0.0,0.0,0.0,0.0,0.0,0.0,0.0,0.0,0.0,0.0,0.0,0.0,0.0,0.0,0.0,0.0,0.3994,0.00807,0.0,0.0,0.0,0.0,0.0,0.0,0.0,0.0,0.0,0.0,0.0,15.883561643835595,14.116438356164386,0.0,0.0,0.0,0.0,0.0,0.0,0.0,0.0,0.0,0.0,0.0,0.0,0.0,0.0,0.0,0.0,0.0
3600,2971,1535,0.5166610568832043,726,597,0.44530461124200604,854,0.574890609222484,0.38599999999999995,3.011142061281337,3.0494784392427396,6.444700460829493,2.02243910497146,8376.584315045438,506.41861133398936,7853.0,8866.4,8866.399999999998,1.8189894035458565e-12,7853.0,0.0,28.524402558061258,20.973039551347743,33.55386463756508,19.084901945286816,0.1393470212049815,0.09390777515987883,0.08751262201279031,0.08111746886570179,0.0841467519353753,0.07741501178054527,0.07001009761023225,0.06260518343991922,0.061258835408953216,0.05419050824638169,0.05048805116122518,0.038370918882531135,0.03096600471221811,0.03163917872770111,0.021541568495456076,0.009424436216762033,0.006058566139347021,0.9416916761804374,0.023389127745412425,0.0,0.0,0.0,0.0,0.0,0.0,0.0,0.0,0.0,0.0,0.0,0.0,0.0,0.0,0.0,0.0,0.0,0.0,0.0,0.0,0.0,0.0,0.0,0.0,0.0,0.010097610232245037,1.1208347357791992,10.026926960619322,14.611242006058568,4.230898687310671,4.233419023136247,2.8076307848265007,nan,nan,nan,4.223834196891191,2.840793112176261,4.242857142857143,2.77455640874467,1.0045037151268752,0.3997,0.00805,0.0,0.0,0.0,0.0,0.0,0.0,0.0,0.0,0.0,0.0,0.0,15.550319757657332,14.449680242342648,0.0,0.0,0.0,0.0,0.0,0.0,0.0,0.0,0.0,0.0,0.0,0.0,0.0,0.0,0.0,0.0,0.0,nan,nan,4.233419023136247,2.8076307848265007,nan,0.3997,0.03668,0.0,0.0,0.0,0.0,0.0,0.0,0.0,0.0,0.0,0.0,0.0,0.0,0.0,0.0,0.0,0.0,0.0,0.0,0.0,0.0,0.0,0.0,0.0,0.0,0.0,0.0,0.00018512285425782566,0.0,3.3658700774150116e-05,0.0005217098619993268,0.012790306294177045,0.007034668461797375,0.010484685291147761,0.022096937058229554,0.024200605856613936,0.05454392460451027,0.07371255469538876,0.06502860989565802,0.07401548300235611,0.08384382362840795,0.09081117468865701,0.09013800067317401,0.13901043419724,0.09481656008078088,0.06129249410972736,0.06176371592056547,0.017822282059912486,0.005991248737798721,0.003719286435543588,0.002524402558061259,0.0025075732076741838,0.0,0.0011107371255469538,0.0,0.0,0.0,0.0,0.0,0.0,0.0,0.0,0.0,0.0,0.0,0.0,0.0,0.0,0.0,0.0,0.0,0.0,0.0,0.0,0.0,0.0,0.0,0.0,0.0,0.0,0.0,0.0,0.0,0.0,0.0,0.0,0.0,0.0,0.0,0.0,0.0,0.0,0.0,0.0,0.0,0.0,0.0,0.0,0.0,0.0,0.0,0.0,nan,nan,4.233419023136247,2.8076307848265007,nan,0.9412602831564043,0.02376322102974111,0.0,0.0,0.0,0.0,0.0,0.0,0.0,0.0,0.0,0.0,0.0,0.0,0.0,0.0,0.0,0.0,0.0,0.0,0.0,0.0,0.0,0.0,0.0,0.0,0.0,0.019543973941368083,1.2117263843648212,10.006514657980459,14.521172638436484,4.241042345276874,0.9421528100884392,0.022973555668585978,0.0,0.0,0.0,0.0,0.0,0.0,0.0,0.0,0.0,0.0,0.0,0.0,0.0,0.0,0.0,0.0,0.0,0.0,0.0,0.0,0.0,0.0,0.0,0.0,0.0,0.0,1.0236768802228413,10.048746518105853,14.707520891364904,4.220055710306407,0.3997,0.008095,0.0,0.0,0.0,0.0,0.0,0.0,0.0,0.0,0.0,0.0,0.0,15.322475570032552,14.677524429967429,0.0,0.0,0.0,0.0,0.0,0.0,0.0,0.0,0.0,0.0,0.0,0.0,0.0,0.0,0.0,0.0,0.0,0.3994,0.007996,0.0,0.0,0.0,0.0,0.0,0.0,0.0,0.0,0.0,0.0,0.0,15.793871866295241,14.206128133704738,0.0,0.0,0.0,0.0,0.0,0.0,0.0,0.0,0.0,0.0,0.0,0.0,0.0,0.0,0.0,0.0,0.0
3700,2737,1463,0.5345268542199488,683,553,0.4515893313847278,755,0.5516989404457435,0.40599999999999997,3.0196232339089484,3.0675940054163218,6.533333333333333,2.05993527406405,8394.689514066495,505.4904785506749,7853.0,8866.4,8866.399999999998,1.8189894035458565e-12,7853.0,0.0,28.132261600292292,20.912156176715325,32.7885443583118,19.284858315298607,0.12933869199853854,0.10010960906101571,0.09389842893679211,0.08841797588600658,0.09316770186335403,0.0730727073438071,0.07343807088052612,0.0650347095359883,0.05334307636097917,0.043112897332846185,0.04822798684691268,0.037632444282060654,0.034709535988308365,0.027767628790646693,0.01936426744610888,0.010595542564852027,0.00876872488125685,0.9408506534157942,0.02383995304113769,0.0,0.0,0.0,0.0,0.0,0.0,0.0,0.0,0.0,0.0,0.0,0.0,0.0,0.0,0.0,0.0,0.0,0.0,0.0,0.0,0.0,0.0,0.0,0.0,0.0,0.04384362440628426,1.315308732188528,9.908659115820244,14.446474241870664,4.2857142857142865,4.214606741573034,2.863173793396151,nan,nan,nan,4.26510067114094,2.91991755057734,4.168361581920904,2.801919060738699,0.9773184511506133,0.3997,0.00798,0.0,0.0,0.0,0.0,0.0,0.0,0.0,0.0,0.0,0.0,0.0,15.213737668980615,14.786262331019367,0.0,0.0,0.0,0.0,0.0,0.0,0.0,0.0,0.0,0.0,0.0,0.0,0.0,0.0,0.0,0.0,0.0,nan,nan,4.214606741573034,2.863173793396151,nan,0.3997,0.03702,0.0,0.0,0.0,0.0,0.0,0.0,0.0,0.0,0.0,0.0,0.0,0.0,0.0,0.0,0.0,0.0,0.0,0.0,0.0,0.0,0.0,0.0,0.0,0.0,0.0,3.653635367190354e-05,0.000401899890390939,0.0,0.0,0.00038363171355498723,0.013189623675557179,0.007289002557544757,0.011490683229813664,0.020588235294117647,0.02393131165509682,0.055845816587504565,0.0738217025940811,0.06571063207891853,0.07153818048958714,0.08226160029229083,0.0938253562294483,0.09077457069784435,0.13419802703690173,0.0938253562294483,0.058896602119108514,0.06702594081110705,0.017464377055169893,0.0068322981366459624,0.003744976251370113,0.002868103763244428,0.00319693094629156,3.653635367190354e-05,0.0008220679576178298,0.0,0.0,0.0,0.0,0.0,0.0,0.0,0.0,0.0,0.0,0.0,0.0,0.0,0.0,0.0,0.0,0.0,0.0,0.0,0.0,0.0,0.0,0.0,0.0,0.0,0.0,0.0,0.0,0.0,0.0,0.0,0.0,0.0,0.0,0.0,0.0,0.0,0.0,0.0,0.0,0.0,0.0,0.0,0.0,0.0,0.0,0.0,0.0,nan,nan,4.214606741573034,2.863173793396151,nan,0.9413660544283327,0.02352934339254737,0.0,0.0,0.0,0.0,0.0,0.0,0.0,0.0,0.0,0.0,0.0,0.0,0.0,0.0,0.0,0.0,0.0,0.0,0.0,0.0,0.0,0.0,0.0,0.0,0.0,0.020505809979494194,1.1073137388926866,10.150375939849626,14.251537935748464,4.470266575529735,0.9402587918134836,0.02417817459162924,0.0,0.0,0.0,0.0,0.0,0.0,0.0,0.0,0.0,0.0,0.0,0.0,0.0,0.0,0.0,0.0,0.0,0.0,0.0,0.0,0.0,0.0,0.0,0.0,0.0,0.0706436420722135,1.5541601255886974,9.631083202511775,14.670329670329673,4.073783359497646,0.4,0.008125,0.0,0.0,0.0,0.0,0.0,0.0,0.0,0.0,0.0,0.0,0.0,14.84620642515377,15.153793574846208,0.0,0.0,0.0,0.0,0.0,0.0,0.0,0.0,0.0,0.0,0.0,0.0,0.0,0.0,0.0,0.0,0.0,0.3994,0.007805,0.0,0.0,0.0,0.0,0.0,0.0,0.0,0.0,0.0,0.0,0.0,15.635792778649899,14.364207221350082,0.0,0.0,0.0,0.0,0.0,0.0,0.0,0.0,0.0,0.0,0.0,0.0,0.0,0.0,0.0,0.0,0.0
3800,2723,1447,0.5313991920675726,696,534,0.45170767535806094,744,0.5464561145795079,0.418,3.1089341692789967,3.157299616804599,6.62962962962963,2.1517484880783537,8391.519941241277,505.6998925641585,7853.0,8866.4,8866.399999999998,1.8189894035458565e-12,7853.0,0.0,28.34373852368711,20.90474927669885,33.11583514099783,19.16651626607177,0.13661402864487698,0.09731913330885053,0.0918105031215571,0.07895703268453912,0.085200146896805,0.07895703268453912,0.06757253029746603,0.06536907822254866,0.05875872199779655,0.059493206022769,0.04443628351083364,0.03672420124862284,0.038560411311053984,0.019096584649283876,0.02130003672420125,0.011384502387073081,0.008446566287183254,0.9414189173550979,0.023480304489369858,0.0,0.0,0.0,0.0,0.0,0.0,0.0,0.0,0.0,0.0,0.0,0.0,0.0,0.0,0.0,0.0,0.0,0.0,0.0,0.0,0.0,0.0,0.0,0.0,0.0,0.05508630187293427,1.1898641204553804,9.838413514506062,14.674990818949691,4.241645244215939,4.222471910112359,2.9241248689498467,nan,nan,nan,4.343468468468468,2.9232375372959707,4.102017937219731,2.920032166977018,0.9444106632748566,0.4001,0.00812,0.0,0.0,0.0,0.0,0.0,0.0,0.0,0.0,0.0,0.0,0.0,14.851266984943056,15.148733015056925,0.0,0.0,0.0,0.0,0.0,0.0,0.0,0.0,0.0,0.0,0.0,0.0,0.0,0.0,0.0,0.0,0.0,nan,nan,4.222471910112359,2.9241248689498467,nan,0.4001,0.03732,0.0,0.0,0.0,0.0,0.0,0.0,0.0,0.0,0.0,0.0,0.0,0.0,0.0,0.0,0.0,0.0,0.0,0.0,0.0,0.0,0.0,0.0,0.0,0.0,0.0,0.00023870730811604847,0.00029379360998898276,0.0,0.0,0.0004223283143591627,0.014010282776349614,0.006959236136614029,0.012100624311421226,0.01990451707675358,0.02506426735218509,0.05738156445097319,0.06722365038560411,0.06437752478883585,0.07067572530297465,0.07917737789203085,0.09425266250459052,0.09034153507161219,0.134373852368711,0.09801689313257436,0.05930958501652589,0.07155710613294161,0.01487330150569225,0.007565185457216306,0.004241645244215938,0.003396988615497613,0.00374586852735953,0.0,0.0004957767168564084,0.0,0.0,0.0,0.0,0.0,0.0,0.0,0.0,0.0,0.0,0.0,0.0,0.0,0.0,0.0,0.0,0.0,0.0,0.0,0.0,0.0,0.0,0.0,0.0,0.0,0.0,0.0,0.0,0.0,0.0,0.0,0.0,0.0,0.0,0.0,0.0,0.0,0.0,0.0,0.0,0.0,0.0,0.0,0.0,0.0,0.0,0.0,0.0,nan,nan,4.222471910112359,2.9241248689498467,nan,0.94128377328845,0.023062966963326867,0.0,0.0,0.0,0.0,0.0,0.0,0.0,0.0,0.0,0.0,0.0,0.0,0.0,0.0,0.0,0.0,0.0,0.0,0.0,0.0,0.0,0.0,0.0,0.0,0.0,0.06219765031098826,1.0988251554941262,9.868693849343472,15.031098825155496,3.939184519695923,0.941572172421273,0.023943847803053142,0.0,0.0,0.0,0.0,0.0,0.0,0.0,0.0,0.0,0.0,0.0,0.0,0.0,0.0,0.0,0.0,0.0,0.0,0.0,0.0,0.0,0.0,0.0,0.0,0.0,0.04702194357366772,1.2931034482758623,9.804075235109721,14.271159874608154,4.584639498432603,0.4004,0.00798,0.0,0.0,0.0,0.0,0.0,0.0,0.0,0.0,0.0,0.0,0.0,14.533517622667569,15.466482377332415,0.0,0.0,0.0,0.0,0.0,0.0,0.0,0.0,0.0,0.0,0.0,0.0,0.0,0.0,0.0,0.0,0.0,0.4001,0.008255,0.0,0.0,0.0,0.0,0.0,0.0,0.0,0.0,0.0,0.0,0.0,15.211598746081481,14.788401253918499,0.0,0.0,0.0,0.0,0.0,0.0,0.0,0.0,0.0,0.0,0.0,0.0,0.0,0.0,0.0,0.0,0.0
3900,2537,1286,0.5068979109184075,579,538,0.4402837997635002,720,0.5675995270003942,0.458,3.037569944044764,3.2255021746514094,6.9154078549848945,2.255326973661604,8366.690342924714,506.65177894269226,7853.0,8866.4,8866.4,0.0,7853.0,0.0,27.27236893969255,20.756758904744007,32.599236641221374,18.910286373161917,0.15214820654316122,0.10130074891604257,0.09302325581395349,0.08316909735908554,0.08316909735908554,0.07449743791880173,0.06464327946393378,0.06030744974379188,0.05754828537642885,0.052424122979897514,0.053212455656286954,0.043358297201419,0.0260149783208514,0.022861647615293655,0.017737485218762318,0.010248324793062672,0.0043358297201418995,0.9401030588864246,0.023247116898134967,0.0,0.0,0.0,0.0,0.0,0.0,0.0,0.0,0.0,0.0,0.0,0.0,0.0,0.0,0.0,0.0,0.0,0.0,0.0,0.0,0.0,0.0,0.0,0.0,0.0,0.023649980291683095,1.2061489948758377,10.181316515569574,14.662987780843519,3.9258967284193935,4.45159275452842,2.91676093296741,nan,nan,nan,4.4875,2.914591523695902,4.4125,2.918877138558593,0.9832869080779943,0.4,0.008545,0.0,0.0,0.0,0.0,0.0,0.0,0.0,0.0,0.0,0.0,0.0,14.94678754434369,15.05321245565629,0.0,0.0,0.0,0.0,0.0,0.0,0.0,0.0,0.0,0.0,0.0,0.0,0.0,0.0,0.0,0.0,0.0,nan,nan,4.45159275452842,2.91676093296741,nan,0.4,0.03714,0.0,0.0,0.0,0.0,0.0,0.0,0.0,0.0,0.0,0.0,0.0,0.0,0.0,0.0,0.0,0.0,0.0,0.0,0.0,0.0,0.0,0.0,0.0,0.0,0.0,0.00013795821836815137,0.0004532912889239259,0.0,0.0,0.0004927079227433977,0.014367363027197478,0.006011036657469452,0.010859282617264486,0.02158060701616082,0.025029562475364604,0.054631454473787935,0.07195506503744581,0.06639731966890028,0.07148206543161215,0.07465510445407962,0.09054000788332676,0.09357508868742609,0.1337997635001971,0.10311391407173827,0.06314544737879385,0.06363815530153726,0.01560898699251084,0.00660228616476153,0.004473787938510051,0.0029956641702798582,0.004256996452502956,1.970831690973591e-05,0.00017737485218762317,0.0,0.0,0.0,0.0,0.0,0.0,0.0,0.0,0.0,0.0,0.0,0.0,0.0,0.0,0.0,0.0,0.0,0.0,0.0,0.0,0.0,0.0,0.0,0.0,0.0,0.0,0.0,0.0,0.0,0.0,0.0,0.0,0.0,0.0,0.0,0.0,0.0,0.0,0.0,0.0,0.0,0.0,0.0,0.0,0.0,0.0,0.0,0.0,nan,nan,4.45159275452842,2.91676093296741,nan,0.9398770642873844,0.022956027538640126,0.0,0.0,0.0,0.0,0.0,0.0,0.0,0.0,0.0,0.0,0.0,0.0,0.0,0.0,0.0,0.0,0.0,0.0,0.0,0.0,0.0,0.0,0.0,0.0,0.0,0.023328149300155525,1.0730948678071541,10.474339035769832,14.603421461897359,3.825816485225506,0.9403353762760056,0.023540337545443782,0.0,0.0,0.0,0.0,0.0,0.0,0.0,0.0,0.0,0.0,0.0,0.0,0.0,0.0,0.0,0.0,0.0,0.0,0.0,0.0,0.0,0.0,0.0,0.0,0.0,0.02398081534772183,1.3429256594724224,9.880095923261393,14.724220623501202,4.028776978417267,0.4001,0.00861,0.0,0.0,0.0,0.0,0.0,0.0,0.0,0.0,0.0,0.0,0.0,14.906687402799355,15.093312597200624,0.0,0.0,0.0,0.0,0.0,0.0,0.0,0.0,0.0,0.0,0.0,0.0,0.0,0.0,0.0,0.0,0.0,0.4,0.00848,0.0,0.0,0.0,0.0,0.0,0.0,0.0,0.0,0.0,0.0,0.0,14.988009592326119,15.011990407673864,0.0,0.0,0.0,0.0,0.0,0.0,0.0,0.0,0.0,0.0,0.0,0.0,0.0,0.0,0.0,0.0,0.0
4000,2892,1455,0.5031120331950207,672,627,0.4491701244813278,822,0.5684647302904564,0.41,2.869867780097425,3.0794021592236356,6.547803617571059,2.093342241300194,8362.853734439834,506.6901853786817,7853.0,8866.4,8866.399999999998,1.8189894035458565e-12,7853.0,0.0,27.140041493775932,20.146320593843537,31.83135002051703,18.470703270362442,0.13692946058091288,0.10304287690179806,0.0995850622406639,0.09336099585062241,0.08298755186721991,0.07192254495159059,0.07053941908713693,0.06293222683264177,0.05843706777316736,0.04910096818810512,0.05186721991701245,0.03872752420470263,0.0318118948824343,0.02247579529737206,0.015560165975103735,0.007607192254495159,0.0031120331950207467,0.9397493118979294,0.023245527725258,0.0,0.0,0.0,0.0,0.0,0.0,0.0,0.0,0.0,0.0,0.0,0.0,0.0,0.0,0.0,0.0,0.0,0.0,0.0,0.0,0.0,0.0,0.0,0.0,0.0,0.010373443983402493,1.4211618257261414,10.32157676348548,14.481327800829877,3.7655601659751046,4.20892274211099,2.8437524508381866,nan,nan,nan,4.177117711771177,2.834737382342147,4.240043057050592,2.8522025931131116,1.0150642978295992,0.3992,0.00829,0.0,0.0,0.0,0.0,0.0,0.0,0.0,0.0,0.0,0.0,0.0,16.286307053941886,13.713692946058094,0.0,0.0,0.0,0.0,0.0,0.0,0.0,0.0,0.0,0.0,0.0,0.0,0.0,0.0,0.0,0.0,0.0,nan,nan,4.20892274211099,2.8437524508381866,nan,0.3992,0.03757,0.0,0.0,0.0,0.0,0.0,0.0,0.0,0.0,0.0,0.0,0.0,0.0,0.0,0.0,0.0,0.0,0.0,0.0,0.0,0.0,0.0,0.0,0.0,0.0,0.0,0.0002074688796680498,0.00038035961272475796,0.0,1.7289073305670816e-05,0.0006396957123098202,0.015577455048409405,0.006396957123098202,0.01312240663900415,0.021542185338865837,0.02562240663900415,0.05964730290456432,0.06970954356846473,0.0704356846473029,0.06919087136929461,0.0754149377593361,0.08756915629322268,0.09050829875518672,0.13177731673582296,0.1078838174273859,0.06039073305670816,0.059007607192254494,0.017254495159059476,0.005982019363762103,0.0047199170124481325,0.002558782849239281,0.00425311203319502,0.0,0.00019017980636237898,0.0,0.0,0.0,0.0,0.0,0.0,0.0,0.0,0.0,0.0,0.0,0.0,0.0,0.0,0.0,0.0,0.0,0.0,0.0,0.0,0.0,0.0,0.0,0.0,0.0,0.0,0.0,0.0,0.0,0.0,0.0,0.0,0.0,0.0,0.0,0.0,0.0,0.0,0.0,0.0,0.0,0.0,0.0,0.0,0.0,0.0,0.0,0.0,nan,nan,4.20892274211099,2.8437524508381866,nan,0.9383583459247838,0.023232100478965973,0.0,0.0,0.0,0.0,0.0,0.0,0.0,0.0,0.0,0.0,0.0,0.0,0.0,0.0,0.0,0.0,0.0,0.0,0.0,0.0,0.0,0.0,0.0,0.0,0.0,0.020618556701030934,1.5876288659793818,10.865979381443301,14.000000000000002,3.5257731958762895,0.9411577012444339,0.023174206797539027,0.0,0.0,0.0,0.0,0.0,0.0,0.0,0.0,0.0,0.0,0.0,0.0,0.0,0.0,0.0,0.0,0.0,0.0,0.0,0.0,0.0,0.0,0.0,0.0,0.0,0.0,1.2526096033402927,9.770354906054282,14.968684759916496,4.008350730688936,0.3992,0.00836,0.0,0.0,0.0,0.0,0.0,0.0,0.0,0.0,0.0,0.0,0.0,16.412371134020596,13.587628865979385,0.0,0.0,0.0,0.0,0.0,0.0,0.0,0.0,0.0,0.0,0.0,0.0,0.0,0.0,0.0,0.0,0.0,0.3992,0.008224,0.0,0.0,0.0,0.0,0.0,0.0,0.0,0.0,0.0,0.0,0.0,16.158663883089748,13.841336116910233,0.0,0.0,0.0,0.0,0.0,0.0,0.0,0.0,0.0,0.0,0.0,0.0,0.0,0.0,0.0,0.0,0.0
4100,2953,1532,0.5187944463257704,709,593,0.4409075516423976,807,0.5465628174737555,0.426,2.9866291344123854,3.132399299571986,6.760925449871466,1.9979205557632935,8378.746291906535,506.34190895541207,7853.0,8866.4,8866.399999999998,1.8189894035458565e-12,7853.0,0.0,27.96241110734846,20.902275541230654,32.87313733387032,19.17029516669368,0.1391804944124619,0.1026075177785303,0.10023704707077548,0.07822553335590925,0.08161192008127328,0.07314595326786319,0.0653572637995259,0.05824585167626143,0.05926176769387064,0.055875380968506604,0.04740941415509651,0.04774805282763291,0.03420250592617677,0.02031832035218422,0.020995597697257028,0.008465966813410091,0.007111412123264477,0.9403149101680067,0.023503746662419354,0.0,0.0,0.0,0.0,0.0,0.0,0.0,0.0,0.0,0.0,0.0,0.0,0.0,0.0,0.0,0.0,0.0,0.0,0.0,0.0,0.0,0.0,0.0,0.0,0.0,0.0,1.2800541821876061,10.220115137148666,14.507280731459534,3.9925499492041996,4.348195329087049,2.9044939066154525,nan,nan,nan,4.385909568874869,2.8886396268884793,4.3111587982832615,2.9213150274841233,0.9829566092465551,0.399,0.00832,0.0,0.0,0.0,0.0,0.0,0.0,0.0,0.0,0.0,0.0,0.0,16.58990856755839,13.410091432441588,0.0,0.0,0.0,0.0,0.0,0.0,0.0,0.0,0.0,0.0,0.0,0.0,0.0,0.0,0.0,0.0,0.0,nan,nan,4.348195329087049,2.9044939066154525,nan,0.399,0.03787,0.0,0.0,0.0,0.0,0.0,0.0,0.0,0.0,0.0,0.0,0.0,0.0,0.0,0.0,0.0,0.0,0.0,0.0,0.0,0.0,0.0,0.0,0.0,0.0,0.0,0.00028784287165594313,0.00044023027429732477,0.0,1.6931933626820183e-05,0.0003894344734168642,0.016423975618015577,0.006721977649847613,0.013765662038604808,0.0221469691838808,0.028208601422282424,0.05849983068066373,0.06760921097189299,0.0675245513037589,0.0739078902810701,0.07753132407720961,0.08755502878428717,0.08760582458516762,0.13218760582458516,0.10541821876058245,0.05789028107009821,0.05821198780900779,0.017981713511683033,0.007128344056891297,0.005130375888926515,0.001760921097189299,0.005350491026075177,0.0,0.0003047748052827633,0.0,0.0,0.0,0.0,0.0,0.0,0.0,0.0,0.0,0.0,0.0,0.0,0.0,0.0,0.0,0.0,0.0,0.0,0.0,0.0,0.0,0.0,0.0,0.0,0.0,0.0,0.0,0.0,0.0,0.0,0.0,0.0,0.0,0.0,0.0,0.0,0.0,0.0,0.0,0.0,0.0,0.0,0.0,0.0,0.0,0.0,0.0,0.0,nan,nan,4.348195329087049,2.9044939066154525,nan,0.9411093360761438,0.02351453104070931,0.0,0.0,0.0,0.0,0.0,0.0,0.0,0.0,0.0,0.0,0.0,0.0,0.0,0.0,0.0,0.0,0.0,0.0,0.0,0.0,0.0,0.0,0.0,0.0,0.0,0.0,1.2140992167101832,9.908616187989558,14.569190600522196,4.308093994778069,0.939458428471127,0.023462000413817487,0.0,0.0,0.0,0.0,0.0,0.0,0.0,0.0,0.0,0.0,0.0,0.0,0.0,0.0,0.0,0.0,0.0,0.0,0.0,0.0,0.0,0.0,0.0,0.0,0.0,0.0,1.3511611541168194,10.555946516537652,14.440534834623508,3.652357494722027,0.3987,0.00834,0.0,0.0,0.0,0.0,0.0,0.0,0.0,0.0,0.0,0.0,0.0,16.89947780678849,13.100522193211491,0.0,0.0,0.0,0.0,0.0,0.0,0.0,0.0,0.0,0.0,0.0,0.0,0.0,0.0,0.0,0.0,0.0,0.399,0.00831,0.0,0.0,0.0,0.0,0.0,0.0,0.0,0.0,0.0,0.0,0.0,16.256157635467957,13.743842364532023,0.0,0.0,0.0,0.0,0.0,0.0,0.0,0.0,0.0,0.0,0.0,0.0,0.0,0.0,0.0,0.0,0.0
4200,3227,1658,0.513789897737837,762,659,0.4403470715835141,907,0.5621320111558723,0.38599999999999995,2.950286806883365,3.075440075453198,6.494407158836689,2.1889165687015626,8373.674682367522,506.50725389941516,7853.0,8866.4,8866.399999999998,1.8189894035458565e-12,7853.0,0.0,28.152773473814687,20.950630967180093,33.075534266764926,19.20532039359219,0.1382088627207933,0.10226216299969011,0.08831732259064146,0.08676789587852494,0.08088007437248218,0.07716145026340254,0.06848466067555005,0.06321660985435389,0.05980787108769755,0.04803222807561203,0.04462348930895569,0.04369383328168577,0.038735667802912925,0.02479082739386427,0.017663464518128294,0.008986674930275797,0.00836690424542919,0.9414891860490249,0.023472728393203336,0.0,0.0,0.0,0.0,0.0,0.0,0.0,0.0,0.0,0.0,0.0,0.0,0.0,0.0,0.0,0.0,0.0,0.0,0.0,0.0,0.0,0.0,0.0,0.0,0.0,0.009296560272699103,1.162070034087388,9.603346761698173,14.790827393864273,4.434459250077473,4.31957773512476,2.9013830533172023,nan,nan,nan,4.332679097154073,2.878334655435301,4.307042253521127,2.9232108501219987,0.9940829119678433,0.3984,0.00823,0.0,0.0,0.0,0.0,0.0,0.0,0.0,0.0,0.0,0.0,0.0,17.3287883483111,12.671211651688877,0.0,0.0,0.0,0.0,0.0,0.0,0.0,0.0,0.0,0.0,0.0,0.0,0.0,0.0,0.0,0.0,0.0,nan,nan,4.31957773512476,2.9013830533172023,nan,0.3984,0.03857,0.0,0.0,0.0,0.0,0.0,0.0,0.0,0.0,0.0,0.0,0.0,0.0,0.0,0.0,0.0,0.0,0.0,0.0,0.0,0.0,0.0,0.0,0.0,0.0,1.5494267121165168e-05,0.0003873566780291292,0.0003563681437867989,0.0,4.6482801363495507e-05,0.00046482801363495507,0.01994112178493957,0.006120235512860242,0.014518128292531763,0.023427331887201735,0.03153083359157112,0.05887821506042764,0.06397582894329099,0.06639293461419275,0.07440347071583514,0.07396963123644251,0.09104431360396653,0.08289432909823366,0.1333591571118686,0.10805701890300588,0.0531143476913542,0.05785559343043074,0.018562132011155873,0.00785559343043074,0.003951038115897118,0.001642392314843508,0.006461109389525876,0.0,0.0007747133560582584,0.0,0.0,0.0,0.0,0.0,0.0,0.0,0.0,0.0,0.0,0.0,0.0,0.0,0.0,0.0,0.0,0.0,0.0,0.0,0.0,0.0,0.0,0.0,0.0,0.0,0.0,0.0,0.0,0.0,0.0,0.0,0.0,0.0,0.0,0.0,0.0,0.0,0.0,0.0,0.0,0.0,0.0,0.0,0.0,0.0,0.0,0.0,0.0,nan,nan,4.31957773512476,2.9013830533172023,nan,0.9414869929395338,0.02353898859678025,0.0,0.0,0.0,0.0,0.0,0.0,0.0,0.0,0.0,0.0,0.0,0.0,0.0,0.0,0.0,0.0,0.0,0.0,0.0,0.0,0.0,0.0,0.0,0.0,0.0,0.0,1.2123039806996383,9.589867310012066,14.819059107358266,4.3787696019300375,0.9414915035605202,0.02340250555272287,0.0,0.0,0.0,0.0,0.0,0.0,0.0,0.0,0.0,0.0,0.0,0.0,0.0,0.0,0.0,0.0,0.0,0.0,0.0,0.0,0.0,0.0,0.0,0.0,0.0,0.019120458891013388,1.1089866156787767,9.617590822179734,14.760994263862335,4.493307839388146,0.3984,0.00821,0.0,0.0,0.0,0.0,0.0,0.0,0.0,0.0,0.0,0.0,0.0,17.1170084439083,12.882991556091678,0.0,0.0,0.0,0.0,0.0,0.0,0.0,0.0,0.0,0.0,0.0,0.0,0.0,0.0,0.0,0.0,0.0,0.3982,0.00825,0.0,0.0,0.0,0.0,0.0,0.0,0.0,0.0,0.0,0.0,0.0,17.552581261950262,12.447418738049716,0.0,0.0,0.0,0.0,0.0,0.0,0.0,0.0,0.0,0.0,0.0,0.0,0.0,0.0,0.0,0.0,0.0
4300,2769,1418,0.5120982304080895,696,550,0.4499819429396894,751,0.5424340917298663,0.45,2.917098445595855,3.0989975965718193,6.456756756756757,2.2599976728689932,8371.960346695556,506.5516497840122,7853.0,8866.4,8866.399999999998,1.8189894035458565e-12,7853.0,0.0,28.07114481762369,20.96652463093607,33.166666666666664,19.13701242813848,0.14012278801011196,0.10328638497652583,0.09353557240881184,0.07836764174792343,0.08197905381003973,0.07258938244853738,0.0628385698808234,0.0628385698808234,0.06464427591188154,0.06067172264355363,0.04550379198266522,0.03611412062116288,0.03972553268327916,0.023474178403755867,0.014084507042253521,0.014084507042253521,0.0061394005055976884,0.9422946585864959,0.023047855521184824,0.0,0.0,0.0,0.0,0.0,0.0,0.0,0.0,0.0,0.0,0.0,0.0,0.0,0.0,0.0,0.0,0.0,0.0,0.0,0.0,0.0,0.0,0.0,0.0,0.0,0.0,0.877573131094258,9.54496208017335,15.26543878656555,4.3120260021668475,4.156162855549359,2.890092544158673,nan,nan,nan,4.07760532150776,2.9264008958839973,4.237078651685393,2.8519609663115086,1.0391095551441611,0.3982,0.008385,0.0,0.0,0.0,0.0,0.0,0.0,0.0,0.0,0.0,0.0,0.0,17.323943661971803,12.676056338028172,0.0,0.0,0.0,0.0,0.0,0.0,0.0,0.0,0.0,0.0,0.0,0.0,0.0,0.0,0.0,0.0,0.0,nan,nan,4.156162855549359,2.890092544158673,nan,0.3982,0.03873,0.0,0.0,0.0,0.0,0.0,0.0,0.0,0.0,0.0,0.0,0.0,0.0,0.0,0.0,0.0,0.0,0.0,0.0,0.0,0.0,0.0,0.0,0.0,0.0,0.0,0.00036114120621162876,0.0004514265077645359,1.8057060310581436e-05,0.0,0.0006681112314915132,0.021812928855182375,0.0060852293246659445,0.015041531238714337,0.024900686168291802,0.029198266522210185,0.05491152040447815,0.06821957385337667,0.06572769953051644,0.07269772481040086,0.07555074033947273,0.09196460816179126,0.07999277717587577,0.13669194655110148,0.10911881545684363,0.05021668472372698,0.05803539183820874,0.017479234380642833,0.009010473094980138,0.0037016973636691945,0.0018237630913687252,0.005453232213795594,0.0,0.000866738894907909,0.0,0.0,0.0,0.0,0.0,0.0,0.0,0.0,0.0,0.0,0.0,0.0,0.0,0.0,0.0,0.0,0.0,0.0,0.0,0.0,0.0,0.0,0.0,0.0,0.0,0.0,0.0,0.0,0.0,0.0,0.0,0.0,0.0,0.0,0.0,0.0,0.0,0.0,0.0,0.0,0.0,0.0,0.0,0.0,0.0,0.0,0.0,0.0,nan,nan,4.156162855549359,2.890092544158673,nan,0.9421015180889071,0.02315030621704509,0.0,0.0,0.0,0.0,0.0,0.0,0.0,0.0,0.0,0.0,0.0,0.0,0.0,0.0,0.0,0.0,0.0,0.0,0.0,0.0,0.0,0.0,0.0,0.0,0.0,0.0,0.9520451339915376,9.49929478138223,15.275035260930892,4.2736248236953465,0.9424973774803382,0.022938082685455236,0.0,0.0,0.0,0.0,0.0,0.0,0.0,0.0,0.0,0.0,0.0,0.0,0.0,0.0,0.0,0.0,0.0,0.0,0.0,0.0,0.0,0.0,0.0,0.0,0.0,0.0,0.7994078460399706,9.592894152479648,15.25536639526277,4.352331606217617,0.3982,0.00862,0.0,0.0,0.0,0.0,0.0,0.0,0.0,0.0,0.0,0.0,0.0,17.22143864598023,12.778561354019748,0.0,0.0,0.0,0.0,0.0,0.0,0.0,0.0,0.0,0.0,0.0,0.0,0.0,0.0,0.0,0.0,0.0,0.398,0.00813,0.0,0.0,0.0,0.0,0.0,0.0,0.0,0.0,0.0,0.0,0.0,17.431532198371553,12.568467801628426,0.0,0.0,0.0,0.0,0.0,0.0,0.0,0.0,0.0,0.0,0.0,0.0,0.0,0.0,0.0,0.0,0.0
4400,3278,1680,0.5125076266015863,779,680,0.44508846857840145,937,0.5716900549115315,0.40199999999999997,3.040050062578223,3.122993653403072,6.616883116883117,2.1163087155261473,8372.375228798046,506.5414381616937,7853.0,8866.4,8866.399999999998,1.8189894035458565e-12,7853.0,0.0,28.10158633312996,20.98219102895488,33.10759723736823,19.185771786581775,0.13971934106162295,0.09853569249542404,0.09579011592434411,0.08450274557657109,0.07840146430750458,0.07413056741915802,0.06497864551555826,0.06650396583282489,0.057962172056131786,0.060097620500305066,0.04728492983526541,0.0387431360585723,0.03050640634533252,0.02471018913971934,0.019524100061012812,0.011592434411226357,0.007016473459426479,0.9412694032632992,0.023324732172488045,0.0,0.0,0.0,0.0,0.0,0.0,0.0,0.0,0.0,0.0,0.0,0.0,0.0,0.0,0.0,0.0,0.0,0.0,0.0,0.0,0.0,0.0,0.0,0.0,0.0,0.027455765710799274,1.1531421598535696,9.627821842586945,14.771201952410008,4.420378279438683,4.379441023211748,2.861981284654504,nan,nan,nan,4.285444234404537,2.8513578898286878,4.473884140550807,2.8695162100995146,1.0439720822017544,0.3994,0.008514,0.0,0.0,0.0,0.0,0.0,0.0,0.0,0.0,0.0,0.0,0.0,15.915192190359953,14.084807809640026,0.0,0.0,0.0,0.0,0.0,0.0,0.0,0.0,0.0,0.0,0.0,0.0,0.0,0.0,0.0,0.0,0.0,nan,nan,4.379441023211748,2.861981284654504,nan,0.3994,0.03848,0.0,0.0,0.0,0.0,0.0,0.0,0.0,0.0,0.0,0.0,0.0,0.0,0.0,0.0,0.0,0.0,0.0,0.0,0.0,0.0,0.0,0.0,0.0,0.0,0.0,0.00016778523489932885,0.00044234289200732155,1.525320317266626e-05,0.0,0.0004881025015253203,0.02083587553386211,0.005155582672361196,0.015848078096400244,0.023550945698596705,0.027028676021964612,0.05228798047589994,0.06603111653447225,0.062172056131787674,0.06783099450884686,0.07763880414887127,0.0948901769371568,0.08104026845637584,0.14121415497254425,0.11238560097620501,0.04836790726052471,0.06084502745576571,0.019920683343502135,0.010051860890787065,0.004057352043929225,0.0019066503965832825,0.004789505796217205,0.0,0.0010372178157413057,0.0,0.0,0.0,0.0,0.0,0.0,0.0,0.0,0.0,0.0,0.0,0.0,0.0,0.0,0.0,0.0,0.0,0.0,0.0,0.0,0.0,0.0,0.0,0.0,0.0,0.0,0.0,0.0,0.0,0.0,0.0,0.0,0.0,0.0,0.0,0.0,0.0,0.0,0.0,0.0,0.0,0.0,0.0,0.0,0.0,0.0,0.0,0.0,nan,nan,4.379441023211748,2.861981284654504,nan,0.9413175097888424,0.02371454992621871,0.0,0.0,0.0,0.0,0.0,0.0,0.0,0.0,0.0,0.0,0.0,0.0,0.0,0.0,0.0,0.0,0.0,0.0,0.0,0.0,0.0,0.0,0.0,0.0,0.0,0.017857142857142863,1.3571428571428574,9.35714285714286,14.678571428571432,4.589285714285715,0.9412188281926405,0.022907650650783623,0.0,0.0,0.0,0.0,0.0,0.0,0.0,0.0,0.0,0.0,0.0,0.0,0.0,0.0,0.0,0.0,0.0,0.0,0.0,0.0,0.0,0.0,0.0,0.0,0.0,0.037546933667083865,0.9386733416770965,9.91239048811014,14.868585732165208,4.242803504380476,0.3994,0.00864,0.0,0.0,0.0,0.0,0.0,0.0,0.0,0.0,0.0,0.0,0.0,15.678571428571408,14.321428571428573,0.0,0.0,0.0,0.0,0.0,0.0,0.0,0.0,0.0,0.0,0.0,0.0,0.0,0.0,0.0,0.0,0.0,0.3994,0.008385,0.0,0.0,0.0,0.0,0.0,0.0,0.0,0.0,0.0,0.0,0.0,16.163954943679578,13.836045056320403,0.0,0.0,0.0,0.0,0.0,0.0,0.0,0.0,0.0,0.0,0.0,0.0,0.0,0.0,0.0,0.0,0.0
4500,3083,1563,0.5069737268893935,736,613,0.4375608173856633,846,0.5488160882257541,0.434,2.8967105263157893,3.092518939293533,6.503529411764706,2.2060050161973543,8366.76717482971,506.65071305577584,7853.0,8866.4,8866.399999999998,1.8189894035458565e-12,7853.0,0.0,28.01329873499838,20.933272535457636,33.02747678018576,19.153375660862427,0.1391501783976646,0.10379500486539085,0.09049626986701265,0.0859552384041518,0.08206292572169964,0.06746675316250406,0.06876419072332143,0.06454751865066494,0.05903340901719105,0.056762893285760625,0.04735647096983458,0.0405449237755433,0.03211157963023029,0.025948751216347713,0.01719104768083036,0.013298734998378203,0.005514109633473889,0.9411716275775042,0.023314950718336877,0.0,0.0,0.0,0.0,0.0,0.0,0.0,0.0,0.0,0.0,0.0,0.0,0.0,0.0,0.0,0.0,0.0,0.0,0.0,0.0,0.0,0.0,0.0,0.0,0.0,0.0,1.1774245864417778,9.740512487836526,14.956211482322416,4.125851443399288,4.278088459583121,2.8403446102786205,nan,nan,nan,4.347474747474747,2.919884577570149,4.206967213114754,2.7569198747236623,0.9676806554329942,0.3994,0.008064,0.0,0.0,0.0,0.0,0.0,0.0,0.0,0.0,0.0,0.0,0.0,15.617904638339256,14.382095361660722,0.0,0.0,0.0,0.0,0.0,0.0,0.0,0.0,0.0,0.0,0.0,0.0,0.0,0.0,0.0,0.0,0.0,nan,nan,4.278088459583121,2.8403446102786205,nan,0.3994,0.03824,0.0,0.0,0.0,0.0,0.0,0.0,0.0,0.0,0.0,0.0,0.0,0.0,0.0,0.0,0.0,0.0,0.0,0.0,0.0,0.0,0.0,0.0,0.0,0.0,0.0,0.00017839766461239052,0.0002757054816736945,0.0,0.0,0.00012974375608173857,0.02075900097307817,0.00363282517028868,0.015001621796951022,0.024910801167693803,0.028786895880635745,0.05230295167045086,0.06783976646123906,0.057654881608822574,0.06728835549789167,0.0798734998378203,0.09122607849497243,0.08340901719104768,0.13937722997080765,0.11642880311385015,0.04967564060979565,0.060460590334090174,0.019818358741485565,0.01041193642555952,0.0038760947129419395,0.0016866688290626014,0.004346415828738242,0.0,0.0006487187804086928,0.0,0.0,0.0,0.0,0.0,0.0,0.0,0.0,0.0,0.0,0.0,0.0,0.0,0.0,0.0,0.0,0.0,0.0,0.0,0.0,0.0,0.0,0.0,0.0,0.0,0.0,0.0,0.0,0.0,0.0,0.0,0.0,0.0,0.0,0.0,0.0,0.0,0.0,0.0,0.0,0.0,0.0,0.0,0.0,0.0,0.0,0.0,0.0,nan,nan,4.278088459583121,2.8403446102786205,nan,0.9410206901668663,0.023459513267437563,0.0,0.0,0.0,0.0,0.0,0.0,0.0,0.0,0.0,0.0,0.0,0.0,0.0,0.0,0.0,0.0,0.0,0.0,0.0,0.0,0.0,0.0,0.0,0.0,0.0,0.0,1.2476007677543188,9.673704414587334,14.875239923224571,4.203454894433782,0.9413268349280483,0.023164332206221674,0.0,0.0,0.0,0.0,0.0,0.0,0.0,0.0,0.0,0.0,0.0,0.0,0.0,0.0,0.0,0.0,0.0,0.0,0.0,0.0,0.0,0.0,0.0,0.0,0.0,0.0,1.1052631578947372,9.809210526315791,15.03947368421053,4.046052631578949,0.3994,0.00819,0.0,0.0,0.0,0.0,0.0,0.0,0.0,0.0,0.0,0.0,0.0,15.719769673704391,14.280230326295587,0.0,0.0,0.0,0.0,0.0,0.0,0.0,0.0,0.0,0.0,0.0,0.0,0.0,0.0,0.0,0.0,0.0,0.3997,0.00794,0.0,0.0,0.0,0.0,0.0,0.0,0.0,0.0,0.0,0.0,0.0,15.513157894736821,14.486842105263161,0.0,0.0,0.0,0.0,0.0,0.0,0.0,0.0,0.0,0.0,0.0,0.0,0.0,0.0,0.0,0.0,0.0
4600,3443,1764,0.5123438861458031,855,699,0.4513505663665408,962,0.5588149869300029,0.40599999999999997,2.9416319237641453,3.0846967979102984,6.575107296137339,2.1156839439574378,8372.209294220156,506.54556316101844,7853.0,8866.4,8866.399999999998,1.8189894035458565e-12,7853.0,0.0,27.633459192564622,20.709990247468774,32.596253902185225,18.97783397255929,0.13970374673250072,0.1051408655242521,0.08684286959047342,0.09148997966889341,0.08277664827185593,0.07783909381353471,0.06796398489689225,0.06476909671797851,0.051408655242521056,0.05779843160034853,0.04501887888469358,0.03717688062735986,0.031367993029334885,0.027592216090618647,0.017136218414173687,0.009584664536741214,0.006389776357827476,0.9402108407803064,0.023348200796802474,0.0,0.0,0.0,0.0,0.0,0.0,0.0,0.0,0.0,0.0,0.0,0.0,0.0,0.0,0.0,0.0,0.0,0.0,0.0,0.0,0.0,0.0,0.0,0.0,0.0,0.01742666279407494,1.2547197211733956,10.316584374092363,14.385710136508862,4.025559105431311,4.2078626299141435,2.8573861756856243,nan,nan,nan,4.183510638297872,2.890282891543532,4.228782287822878,2.8201407270079772,1.010821449600383,0.3994,0.008095,0.0,0.0,0.0,0.0,0.0,0.0,0.0,0.0,0.0,0.0,0.0,15.727563171652605,14.272436828347374,0.0,0.0,0.0,0.0,0.0,0.0,0.0,0.0,0.0,0.0,0.0,0.0,0.0,0.0,0.0,0.0,0.0,nan,nan,4.2078626299141435,2.8573861756856243,nan,0.3994,0.0384,0.0,0.0,0.0,0.0,0.0,0.0,0.0,0.0,0.0,0.0,0.0,0.0,0.0,0.0,0.0,0.0,0.0,0.0,0.0,0.0,0.0,0.0,0.0,0.0,0.0,0.0001887888469358118,0.000130699970955562,0.0,4.356665698518734e-05,0.000130699970955562,0.02037467325007261,0.003717688062735986,0.016540807435376125,0.025617194307290155,0.030612837641591634,0.05296253267499274,0.06580017426662794,0.056549520766773165,0.06700551844321813,0.08122277083938426,0.08732210281731048,0.08636363636363636,0.1419982573337206,0.11613418530351438,0.047574789427824574,0.05920708684286959,0.01858844031367993,0.01051408655242521,0.003645076967760674,0.0027737438280569272,0.004429276793494046,7.261109497531223e-05,0.0004792332268370607,0.0,0.0,0.0,0.0,0.0,0.0,0.0,0.0,0.0,0.0,0.0,0.0,0.0,0.0,0.0,0.0,0.0,0.0,0.0,0.0,0.0,0.0,0.0,0.0,0.0,0.0,0.0,0.0,0.0,0.0,0.0,0.0,0.0,0.0,0.0,0.0,0.0,0.0,0.0,0.0,0.0,0.0,0.0,0.0,0.0,0.0,0.0,0.0,nan,nan,4.2078626299141435,2.8573861756856243,nan,0.9405307164267888,0.02340766784190197,0.0,0.0,0.0,0.0,0.0,0.0,0.0,0.0,0.0,0.0,0.0,0.0,0.0,0.0,0.0,0.0,0.0,0.0,0.0,0.0,0.0,0.0,0.0,0.0,0.0,0.01700680272108844,1.2585034013605445,10.204081632653063,14.455782312925175,4.064625850340137,0.9398747713101485,0.02328082566185541,0.0,0.0,0.0,0.0,0.0,0.0,0.0,0.0,0.0,0.0,0.0,0.0,0.0,0.0,0.0,0.0,0.0,0.0,0.0,0.0,0.0,0.0,0.0,0.0,0.0,0.017867778439547354,1.2507444907683147,10.434782608695654,14.312090530077429,3.98451459201906,0.3994,0.00799,0.0,0.0,0.0,0.0,0.0,0.0,0.0,0.0,0.0,0.0,0.0,15.544217687074807,14.455782312925175,0.0,0.0,0.0,0.0,0.0,0.0,0.0,0.0,0.0,0.0,0.0,0.0,0.0,0.0,0.0,0.0,0.0,0.3992,0.008194,0.0,0.0,0.0,0.0,0.0,0.0,0.0,0.0,0.0,0.0,0.0,15.920190589636665,14.079809410363314,0.0,0.0,0.0,0.0,0.0,0.0,0.0,0.0,0.0,0.0,0.0,0.0,0.0,0.0,0.0,0.0,0.0
4700,3286,1758,0.5349969567863664,813,658,0.44765672550213026,903,0.5496043822276324,0.438,3.075916230366492,3.1203178240085707,6.62929061784897,2.1658600693549874,8395.165916007303,505.45727693026896,7853.0,8866.4,8866.399999999998,1.8189894035458565e-12,7853.0,0.0,28.015216068167984,20.844606933730507,32.96957624049257,19.05024375644785,0.14090079123554475,0.09890444309190505,0.08764455264759587,0.08855751673767498,0.08551430310407791,0.07029823493609251,0.06360316494217894,0.06634205721241632,0.06421180766889836,0.05356055995130858,0.04808277541083384,0.040474741326841146,0.03377967133292757,0.02525867315885575,0.014303104077906269,0.010955569080949483,0.007608034083992696,0.9398180264854895,0.023437921156920047,0.0,0.0,0.0,0.0,0.0,0.0,0.0,0.0,0.0,0.0,0.0,0.0,0.0,0.0,0.0,0.0,0.0,0.0,0.0,0.0,0.0,0.0,0.0,0.0,0.0,0.04564820450395619,1.2507608034083995,10.407790626902012,14.433962264150946,3.8618381010346936,4.214454416627302,2.8515993983049963,nan,nan,nan,4.244859813084112,2.964564352949272,4.1833810888252145,2.7309802164500225,0.9855169011543329,0.3994,0.0081,0.0,0.0,0.0,0.0,0.0,0.0,0.0,0.0,0.0,0.0,0.0,15.812538040170399,14.187461959829582,0.0,0.0,0.0,0.0,0.0,0.0,0.0,0.0,0.0,0.0,0.0,0.0,0.0,0.0,0.0,0.0,0.0,nan,nan,4.214454416627302,2.8515993983049963,nan,0.3994,0.03775,0.0,0.0,0.0,0.0,0.0,0.0,0.0,0.0,0.0,0.0,0.0,0.0,0.0,0.0,0.0,0.0,0.0,0.0,0.0,0.0,0.0,0.0,0.0,0.0,0.0,0.00015216068167985393,9.129640900791235e-05,7.608034083992696e-05,0.0,0.00015216068167985393,0.017574558734023128,0.004397443700547779,0.017604990870359098,0.025106512477175897,0.02942787583688375,0.05079123554473524,0.06412051125989045,0.0602099817407182,0.06758977480219111,0.0832318928788801,0.08765976871576385,0.08788800973828363,0.14663724893487523,0.1146835057821059,0.04726110772976263,0.0567711503347535,0.017650639074863056,0.010620815581253804,0.004017041996348144,0.0024650030432136335,0.0033931832014607428,0.0,0.000426049908703591,0.0,0.0,0.0,0.0,0.0,0.0,0.0,0.0,0.0,0.0,0.0,0.0,0.0,0.0,0.0,0.0,0.0,0.0,0.0,0.0,0.0,0.0,0.0,0.0,0.0,0.0,0.0,0.0,0.0,0.0,0.0,0.0,0.0,0.0,0.0,0.0,0.0,0.0,0.0,0.0,0.0,0.0,0.0,0.0,0.0,0.0,0.0,0.0,nan,nan,4.214454416627302,2.8515993983049963,nan,0.9401882430866988,0.023692097976340976,0.0,0.0,0.0,0.0,0.0,0.0,0.0,0.0,0.0,0.0,0.0,0.0,0.0,0.0,0.0,0.0,0.0,0.0,0.0,0.0,0.0,0.0,0.0,0.0,0.0,0.03412969283276451,1.262798634812287,10.460750853242322,14.044368600682597,4.197952218430035,0.9393920835634176,0.023134703274775858,0.0,0.0,0.0,0.0,0.0,0.0,0.0,0.0,0.0,0.0,0.0,0.0,0.0,0.0,0.0,0.0,0.0,0.0,0.0,0.0,0.0,0.0,0.0,0.0,0.0,0.05890052356020943,1.2369109947643981,10.346858638743457,14.882198952879584,3.4751308900523568,0.3992,0.008026,0.0,0.0,0.0,0.0,0.0,0.0,0.0,0.0,0.0,0.0,0.0,16.177474402730354,13.822525597269626,0.0,0.0,0.0,0.0,0.0,0.0,0.0,0.0,0.0,0.0,0.0,0.0,0.0,0.0,0.0,0.0,0.0,0.3997,0.00818,0.0,0.0,0.0,0.0,0.0,0.0,0.0,0.0,0.0,0.0,0.0,15.392670157068041,14.60732984293194,0.0,0.0,0.0,0.0,0.0,0.0,0.0,0.0,0.0,0.0,0.0,0.0,0.0,0.0,0.0,0.0,0.0
4800,3743,1927,0.514827678332888,906,793,0.4539139727491317,1071,0.5722682340368688,0.40199999999999997,2.9801762114537445,3.1109518019930773,6.700623700623701,2.202290346680176,8374.726369222548,506.4771448229303,7853.0,8866.4,8866.399999999998,1.8189894035458565e-12,7853.0,0.0,27.385786802030456,20.763061153996603,32.53890675241158,19.004930755386304,0.14720812182741116,0.10392733101790008,0.09056906224953246,0.0846914239914507,0.08148543948704248,0.07213465134918515,0.07774512423189954,0.061180870959123695,0.06278386321132781,0.050761421319796954,0.04141063318193962,0.03633449104995993,0.029655356665776116,0.022709056906224954,0.016029922522041145,0.015495591771306438,0.005877638258081752,0.9393896511013164,0.023384824025578455,0.0,0.0,0.0,0.0,0.0,0.0,0.0,0.0,0.0,0.0,0.0,0.0,0.0,0.0,0.0,0.0,0.0,0.0,0.0,0.0,0.0,0.0,0.0,0.0,0.0,0.01602992252204115,1.3384985305904358,10.740048089767567,14.242586160833559,3.662837296286402,4.377572448551029,2.875519226619716,nan,nan,nan,4.373209772535804,2.8756403734667364,4.378038558256496,2.873485549620511,1.0011041742728686,0.3997,0.008156,0.0,0.0,0.0,0.0,0.0,0.0,0.0,0.0,0.0,0.0,0.008014961261020574,15.717339032861318,14.274646005877642,0.0,0.0,0.0,0.0,0.0,0.0,0.0,0.0,0.0,0.0,0.0,0.0,0.0,0.0,0.0,0.0,0.0,nan,nan,4.377572448551029,2.875519226619716,nan,0.3997,0.03802,0.0,0.0,0.0,0.0,0.0,0.0,0.0,0.0,0.0,0.0,0.0,0.0,0.0,0.0,0.0,0.0,0.0,0.0,0.0,0.0,0.0,0.0,0.0,0.0,0.0,0.0002671653753673524,6.67913438418381e-05,8.014961261020572e-05,4.007480630510286e-05,0.00017365749398877905,0.017245524979962595,0.0037670317926796685,0.017606198236708524,0.025687950841570932,0.02862676997061181,0.05068127170718675,0.06536200908362276,0.06115415442158696,0.06429334758215335,0.0827544750200374,0.08956719209190489,0.0923724285332621,0.14346780657226824,0.11158161902217473,0.04548490515629174,0.056719209190488916,0.018340903018968742,0.012757146673791077,0.004381512156024579,0.0028185947101255675,0.003753673523911301,1.335826876836762e-05,0.0009350788137857333,0.0,0.0,0.0,0.0,0.0,0.0,0.0,0.0,0.0,0.0,0.0,0.0,0.0,0.0,0.0,0.0,0.0,0.0,0.0,0.0,0.0,0.0,0.0,0.0,0.0,0.0,0.0,0.0,0.0,0.0,0.0,0.0,0.0,0.0,0.0,0.0,0.0,0.0,0.0,0.0,0.0,0.0,0.0,0.0,0.0,0.0,0.0,0.0,nan,nan,4.377572448551029,2.875519226619716,nan,0.9398386600912081,0.023080809807839667,0.0,0.0,0.0,0.0,0.0,0.0,0.0,0.0,0.0,0.0,0.0,0.0,0.0,0.0,0.0,0.0,0.0,0.0,0.0,0.0,0.0,0.0,0.0,0.0,0.0,0.0,1.2454592631032695,10.539699014011418,14.462895692786718,3.7519460300986,0.9389131971786726,0.023693853824292985,0.0,0.0,0.0,0.0,0.0,0.0,0.0,0.0,0.0,0.0,0.0,0.0,0.0,0.0,0.0,0.0,0.0,0.0,0.0,0.0,0.0,0.0,0.0,0.0,0.0,0.03303964757709252,1.4372246696035245,10.95264317180617,14.008810572687228,3.5682819383259923,0.3994,0.0081,0.0,0.0,0.0,0.0,0.0,0.0,0.0,0.0,0.0,0.0,0.01556824078879087,16.253243383497644,13.731188375713549,0.0,0.0,0.0,0.0,0.0,0.0,0.0,0.0,0.0,0.0,0.0,0.0,0.0,0.0,0.0,0.0,0.0,0.3997,0.0082,0.0,0.0,0.0,0.0,0.0,0.0,0.0,0.0,0.0,0.0,0.0,15.148678414096894,14.851321585903088,0.0,0.0,0.0,0.0,0.0,0.0,0.0,0.0,0.0,0.0,0.0,0.0,0.0,0.0,0.0,0.0,0.0
4900,3848,1952,0.5072765072765073,886,784,0.433991683991684,1079,0.5608108108108109,0.426,3.009493670886076,3.148892136062951,6.682835820895522,2.1213564415603754,8367.074012474011,506.64634010326466,7853.0,8866.4,8866.399999999998,1.8189894035458565e-12,7853.0,0.0,27.774428274428274,21.0286793309247,32.979375,19.241123267870172,0.1437110187110187,0.10031185031185032,0.0945945945945946,0.0880977130977131,0.08082120582120582,0.07198544698544698,0.06860706860706861,0.056392931392931396,0.056652806652806656,0.057432432432432436,0.04573804573804574,0.037681912681912684,0.037162162162162164,0.027806652806652808,0.014553014553014554,0.011694386694386695,0.006756756756756757,0.9396086257733327,0.023579102952167176,0.0,0.0,0.0,0.0,0.0,0.0,0.0,0.0,0.0,0.0,0.0,0.0,0.0,0.0,0.0,0.0,0.0,0.0,0.0,0.0,0.0,0.0,0.0,0.0,0.0,0.023388773388773394,1.3409563409563412,10.75883575883576,13.924116424116427,3.9527027027027035,4.345179738562091,2.8801866486553855,nan,nan,nan,4.245114006514658,2.88814558529447,4.445901639344262,2.8686304363736217,1.047298525439239,0.3994,0.007996,0.0,0.0,0.0,0.0,0.0,0.0,0.0,0.0,0.0,0.0,0.007796257796257798,15.865384615384592,14.12681912681913,0.0,0.0,0.0,0.0,0.0,0.0,0.0,0.0,0.0,0.0,0.0,0.0,0.0,0.0,0.0,0.0,0.0,nan,nan,4.345179738562091,2.8801866486553855,nan,0.3994,0.0379,0.0,0.0,0.0,0.0,0.0,0.0,0.0,0.0,0.0,0.0,0.0,0.0,0.0,0.0,0.0,0.0,0.0,0.0,0.0,0.0,0.0,0.0,0.0,0.0,0.0,0.0006626819126819127,0.00010395010395010396,3.8981288981288983e-05,0.0,7.796257796257797e-05,0.016554054054054055,0.0037162162162162164,0.015995322245322244,0.027897609147609147,0.02813149688149688,0.04996101871101871,0.06281185031185031,0.06103170478170478,0.07066008316008315,0.0833549896049896,0.09576403326403327,0.08734407484407485,0.13994282744282743,0.11092775467775468,0.04684251559251559,0.05617203742203742,0.01782744282744283,0.012227130977130978,0.004002079002079002,0.0032484407484407486,0.0035992723492723495,0.0,0.0010784823284823285,0.0,2.598752598752599e-05,0.0,0.0,0.0,0.0,0.0,0.0,0.0,0.0,0.0,0.0,0.0,0.0,0.0,0.0,0.0,0.0,0.0,0.0,0.0,0.0,0.0,0.0,0.0,0.0,0.0,0.0,0.0,0.0,0.0,0.0,0.0,0.0,0.0,0.0,0.0,0.0,0.0,0.0,0.0,0.0,0.0,0.0,0.0,0.0,0.0,0.0,nan,nan,4.345179738562091,2.8801866486553855,nan,0.93993056812858,0.023557770177937875,0.0,0.0,0.0,0.0,0.0,0.0,0.0,0.0,0.0,0.0,0.0,0.0,0.0,0.0,0.0,0.0,0.0,0.0,0.0,0.0,0.0,0.0,0.0,0.0,0.0,0.030737704918032793,1.32172131147541,10.389344262295085,14.369877049180332,3.8883196721311486,0.9392771745721499,0.023596457113612787,0.0,0.0,0.0,0.0,0.0,0.0,0.0,0.0,0.0,0.0,0.0,0.0,0.0,0.0,0.0,0.0,0.0,0.0,0.0,0.0,0.0,0.0,0.0,0.0,0.0,0.015822784810126587,1.3607594936708862,11.139240506329116,13.465189873417726,4.018987341772153,0.3994,0.00801,0.0,0.0,0.0,0.0,0.0,0.0,0.0,0.0,0.0,0.0,0.0,15.599385245901617,14.400614754098365,0.0,0.0,0.0,0.0,0.0,0.0,0.0,0.0,0.0,0.0,0.0,0.0,0.0,0.0,0.0,0.0,0.0,0.3992,0.00799,0.0,0.0,0.0,0.0,0.0,0.0,0.0,0.0,0.0,0.0,0.015822784810126587,16.13924050632909,13.844936708860763,0.0,0.0,0.0,0.0,0.0,0.0,0.0,0.0,0.0,0.0,0.0,0.0,0.0,0.0,0.0,0.0,0.0
5000,4060,2089,0.5145320197044335,955,830,0.4396551724137931,1157,0.5699507389162561,0.41,2.9406392694063928,3.066823402331152,6.530973451327434,2.0371366181641033,8374.426748768472,506.4859453831962,7853.0,8866.4,8866.399999999998,1.8189894035458565e-12,7853.0,0.0,28.50320197044335,21.232636826232298,33.43980128579778,19.472733406167663,0.1352216748768473,0.10443349753694581,0.08866995073891626,0.08399014778325123,0.08201970443349754,0.06970443349753695,0.07241379310344828,0.056403940886699505,0.05665024630541872,0.054187192118226604,0.054679802955665026,0.037684729064039406,0.037684729064039406,0.02857142857142857,0.017487684729064038,0.012561576354679803,0.007635467980295567,0.9396839169592693,0.022806841846308996,0.0,0.0,0.0,0.0,0.0,0.0,0.0,0.0,0.0,0.0,0.0,0.0,0.0,0.0,0.0,0.0,0.0,0.0,0.0,0.0,0.0,0.0,0.0,0.0,0.0,0.014778325123152712,1.2487684729064041,10.514778325123155,14.652709359605915,3.5689655172413803,4.266034155597723,2.8697539420023364,nan,nan,nan,4.2326656394453,2.942664088721388,4.298429319371728,2.7967721941082786,1.015537178111486,0.399,0.00801,0.0,0.0,0.0,0.0,0.0,0.0,0.0,0.0,0.0,0.0,0.0,16.869458128078794,13.130541871921185,0.0,0.0,0.0,0.0,0.0,0.0,0.0,0.0,0.0,0.0,0.0,0.0,0.0,0.0,0.0,0.0,0.0,nan,nan,4.266034155597723,2.8697539420023364,nan,0.399,0.0374,0.0,0.0,0.0,0.0,0.0,0.0,0.0,0.0,0.0,0.0,0.0,0.0,0.0,0.0,0.0,0.0,0.0,0.0,0.0,0.0,0.0,0.0,0.0,0.0,0.0,0.0003817733990147783,6.157635467980295e-05,3.694581280788177e-05,8.620689655172413e-05,0.00017241379310344826,0.016588669950738915,0.003620689655172414,0.015751231527093595,0.027894088669950738,0.02706896551724138,0.050492610837438424,0.06621921182266009,0.058460591133004926,0.07338669950738916,0.08389162561576355,0.09884236453201971,0.08897783251231527,0.14114532019704434,0.11028325123152709,0.04502463054187192,0.05282019704433497,0.01770935960591133,0.010751231527093596,0.0034975369458128077,0.0024753694581280787,0.003435960591133005,0.0,0.0008497536945812808,2.4630541871921184e-05,4.926108374384237e-05,0.0,0.0,0.0,0.0,0.0,0.0,0.0,0.0,0.0,0.0,0.0,0.0,0.0,0.0,0.0,0.0,0.0,0.0,0.0,0.0,0.0,0.0,0.0,0.0,0.0,0.0,0.0,0.0,0.0,0.0,0.0,0.0,0.0,0.0,0.0,0.0,0.0,0.0,0.0,0.0,0.0,0.0,0.0,0.0,0.0,0.0,nan,nan,4.266034155597723,2.8697539420023364,nan,0.9392371682700728,0.023129337399503555,0.0,0.0,0.0,0.0,0.0,0.0,0.0,0.0,0.0,0.0,0.0,0.0,0.0,0.0,0.0,0.0,0.0,0.0,0.0,0.0,0.0,0.0,0.0,0.0,0.0,0.014360938247965537,1.493537577788416,10.497845859262807,14.461464815701296,3.5327908089995224,0.9401574116379764,0.022450282681925823,0.0,0.0,0.0,0.0,0.0,0.0,0.0,0.0,0.0,0.0,0.0,0.0,0.0,0.0,0.0,0.0,0.0,0.0,0.0,0.0,0.0,0.0,0.0,0.0,0.0,0.015220700152207006,0.9893455098934554,10.532724505327247,14.855403348554038,3.60730593607306,0.399,0.00805,0.0,0.0,0.0,0.0,0.0,0.0,0.0,0.0,0.0,0.0,0.0,16.787936811871685,13.212063188128294,0.0,0.0,0.0,0.0,0.0,0.0,0.0,0.0,0.0,0.0,0.0,0.0,0.0,0.0,0.0,0.0,0.0,0.399,0.007965,0.0,0.0,0.0,0.0,0.0,0.0,0.0,0.0,0.0,0.0,0.0,16.955859969558574,13.044140030441405,0.0,0.0,0.0,0.0,0.0,0.0,0.0,0.0,0.0,0.0,0.0,0.0,0.0,0.0,0.0,0.0,0.0
5100,4307,2248,0.5219410262363594,1051,917,0.4569305781286278,1232,0.572091943348038,0.38199999999999995,2.8348712967459933,2.945667643077597,6.257769652650823,2.047272443721914,8381.935035987928,506.2119054058443,7853.0,8866.4,8866.4,0.0,7853.0,0.0,27.780589737636404,20.61665803778269,32.632928847214565,18.851134150729308,0.13745066171348966,0.09472951009983747,0.09635477130253077,0.08799628511725098,0.087299744601811,0.07220803343394475,0.06988623171581147,0.06710006965405155,0.06175992570234502,0.05177617831437195,0.041328070582772235,0.0410958904109589,0.03668446714650569,0.0213605758068261,0.017645693057812863,0.00812630601346645,0.007197585326213141,0.9395609045626532,0.023405232400341206,0.0,0.0,0.0,0.0,0.0,0.0,0.0,0.0,0.0,0.0,0.0,0.0,0.0,0.0,0.0,0.0,0.0,0.0,0.0,0.0,0.0,0.0,0.0,0.0,0.0,0.048757836080798714,1.2885999535639658,10.54562340376132,14.41838866960762,3.6986301369863024,4.171981368685059,2.830418340791325,nan,nan,nan,4.241889985895628,2.8291789783796073,4.102769679300292,2.8287504420804694,0.9672032261426124,0.399,0.00809,0.0,0.0,0.0,0.0,0.0,0.0,0.0,0.0,0.0,0.0,0.0,16.598560482934733,13.401439517065246,0.0,0.0,0.0,0.0,0.0,0.0,0.0,0.0,0.0,0.0,0.0,0.0,0.0,0.0,0.0,0.0,0.0,nan,nan,4.171981368685059,2.830418340791325,nan,0.399,0.0371,0.0,0.0,0.0,0.0,0.0,0.0,0.0,0.0,0.0,0.0,0.0,0.0,0.0,0.0,0.0,0.0,0.0,0.0,0.0,0.0,0.0,0.0,0.0,0.0,0.0,0.00012769909449732994,0.00015091711167866263,0.0,4.643603436266543e-05,0.00011609008590666357,0.014836312978871604,0.003482702577199907,0.015973995820756908,0.02978871604364987,0.027327606222428604,0.04729510099837474,0.06631065706988623,0.06025075458555839,0.07341537032737404,0.08756675179939633,0.09851404690039471,0.08883213373577896,0.13959832830276295,0.10928720687253309,0.045066171348966795,0.05410958904109589,0.01800557232412352,0.009414905967030415,0.00363361968887857,0.002762944044578593,0.0032040863710239144,0.0,0.0008706756442999768,1.1609008590666358e-05,0.0,0.0,0.0,0.0,0.0,0.0,0.0,0.0,0.0,0.0,0.0,0.0,0.0,0.0,0.0,0.0,0.0,0.0,0.0,0.0,0.0,0.0,0.0,0.0,0.0,0.0,0.0,0.0,0.0,0.0,0.0,0.0,0.0,0.0,0.0,0.0,0.0,0.0,0.0,0.0,0.0,0.0,0.0,0.0,0.0,0.0,0.0,nan,nan,4.171981368685059,2.830418340791325,nan,0.9397496753421967,0.023148333514546655,0.0,0.0,0.0,0.0,0.0,0.0,0.0,0.0,0.0,0.0,0.0,0.0,0.0,0.0,0.0,0.0,0.0,0.0,0.0,0.0,0.0,0.0,0.0,0.0,0.0,0.02669039145907474,1.2544483985765127,10.462633451957297,14.439501779359434,3.8167259786476877,0.9393548061107767,0.023680812368438522,0.0,0.0,0.0,0.0,0.0,0.0,0.0,0.0,0.0,0.0,0.0,0.0,0.0,0.0,0.0,0.0,0.0,0.0,0.0,0.0,0.0,0.0,0.0,0.0,0.0,0.07285089849441478,1.3258863525983489,10.636231180184557,14.39533754249636,3.5696940262263244,0.399,0.00807,0.0,0.0,0.0,0.0,0.0,0.0,0.0,0.0,0.0,0.0,0.0,16.5080071174377,13.49199288256228,0.0,0.0,0.0,0.0,0.0,0.0,0.0,0.0,0.0,0.0,0.0,0.0,0.0,0.0,0.0,0.0,0.0,0.399,0.008095,0.0,0.0,0.0,0.0,0.0,0.0,0.0,0.0,0.0,0.0,0.0,16.69742593491984,13.30257406508014,0.0,0.0,0.0,0.0,0.0,0.0,0.0,0.0,0.0,0.0,0.0,0.0,0.0,0.0,0.0,0.0,0.0
5200,3955,2019,0.5104930467762326,934,802,0.4389380530973451,1079,0.545638432364096,0.422,2.9710743801652892,3.103781698054542,6.580223880597015,2.2035209160544444,8370.333653603033,506.5884082872904,7853.0,8866.4,8866.399999999998,1.8189894035458565e-12,7853.0,0.0,27.933501896333755,21.0841520882172,33.10864946889226,19.298793498500505,0.14437420986093552,0.1034134007585335,0.09254108723135272,0.07964601769911504,0.08217446270543616,0.06902654867256637,0.07357774968394437,0.06245259165613148,0.059671302149178256,0.051074589127686476,0.04475347661188369,0.04197218710493047,0.029582806573957017,0.02781289506953224,0.017951959544879898,0.012389380530973451,0.007585335018963337,0.9381017093561995,0.02379966840372874,0.0,0.0,0.0,0.0,0.0,0.0,0.0,0.0,0.0,0.0,0.0,0.0,0.0,0.0,0.0,0.0,0.0,0.0,0.0,0.0,0.0,0.0,0.0,0.0,0.0,0.030341340075853356,1.6005056890012648,11.135271807838182,13.699115044247792,3.534766118836916,4.253968253968254,2.829651691888047,nan,nan,nan,4.3644338118022326,2.8915062530605637,4.144549763033176,2.7626697074769053,0.9496191125239545,0.3987,0.008194,0.0,0.0,0.0,0.0,0.0,0.0,0.0,0.0,0.0,0.0,0.0,16.778761061946877,13.221238938053101,0.0,0.0,0.0,0.0,0.0,0.0,0.0,0.0,0.0,0.0,0.0,0.0,0.0,0.0,0.0,0.0,0.0,nan,nan,4.253968253968254,2.829651691888047,nan,0.3987,0.0373,0.0,0.0,0.0,0.0,0.0,0.0,0.0,0.0,0.0,0.0,0.0,0.0,0.0,0.0,0.0,0.0,0.0,0.0,0.0,0.0,0.0,0.0,0.0,0.0,0.0,0.0,0.00021491782553729457,1.2642225031605563e-05,2.5284450063211126e-05,0.00018963337547408344,0.01581542351453856,0.0037673830594184576,0.016573957016434892,0.02900126422250316,0.027218710493046777,0.046839443742098606,0.0672692793931732,0.062060682680151705,0.07252844500632111,0.09010113780025285,0.09917825537294564,0.08671302149178256,0.13780025284450062,0.1056763590391909,0.04561314791403287,0.05458912768647282,0.01868520859671302,0.008950695322376738,0.00438685208596713,0.0028950695322376738,0.0027054361567635903,2.5284450063211126e-05,0.001125158027812895,3.792667509481669e-05,0.0,0.0,0.0,0.0,0.0,0.0,0.0,0.0,0.0,0.0,0.0,0.0,0.0,0.0,0.0,0.0,0.0,0.0,0.0,0.0,0.0,0.0,0.0,0.0,0.0,0.0,0.0,0.0,0.0,0.0,0.0,0.0,0.0,0.0,0.0,0.0,0.0,0.0,0.0,0.0,0.0,0.0,0.0,0.0,0.0,0.0,0.0,nan,nan,4.253968253968254,2.829651691888047,nan,0.9376071845617195,0.023821891339897493,0.0,0.0,0.0,0.0,0.0,0.0,0.0,0.0,0.0,0.0,0.0,0.0,0.0,0.0,0.0,0.0,0.0,0.0,0.0,0.0,0.0,0.0,0.0,0.0,0.0,0.029717682020802383,1.6790490341753348,11.084695393759288,13.893016344725115,3.313521545319466,0.9386174353686246,0.023765511601542548,0.0,0.0,0.0,0.0,0.0,0.0,0.0,0.0,0.0,0.0,0.0,0.0,0.0,0.0,0.0,0.0,0.0,0.0,0.0,0.0,0.0,0.0,0.0,0.0,0.0,0.03099173553719009,1.5185950413223144,11.188016528925623,13.496900826446284,3.765495867768596,0.399,0.008095,0.0,0.0,0.0,0.0,0.0,0.0,0.0,0.0,0.0,0.0,0.0,16.641901931649308,13.358098068350673,0.0,0.0,0.0,0.0,0.0,0.0,0.0,0.0,0.0,0.0,0.0,0.0,0.0,0.0,0.0,0.0,0.0,0.3987,0.008286,0.0,0.0,0.0,0.0,0.0,0.0,0.0,0.0,0.0,0.0,0.0,16.92148760330576,13.078512396694219,0.0,0.0,0.0,0.0,0.0,0.0,0.0,0.0,0.0,0.0,0.0,0.0,0.0,0.0,0.0,0.0,0.0
5300,3985,2068,0.5189460476787955,966,791,0.4409033877038896,1096,0.5500627352572146,0.40199999999999997,2.961398017736046,3.044886205567925,6.430088495575221,2.127979845359685,8378.89992471769,506.33610664343774,7853.0,8866.4,8866.399999999998,1.8189894035458565e-12,7853.0,0.0,28.33350062735257,21.097287805292286,33.16221033868093,19.39664347563616,0.13324968632371392,0.10489335006273526,0.09209535759096613,0.08130489335006273,0.08030112923462986,0.07979924717691343,0.07252195734002509,0.057214554579673775,0.05570890840652447,0.0506900878293601,0.04767879548306148,0.04140526976160602,0.037390213299874527,0.029611041405269763,0.01982434127979925,0.009535759096612296,0.006775407779171894,0.9387360555015812,0.0231165156637205,0.0,0.0,0.0,0.0,0.0,0.0,0.0,0.0,0.0,0.0,0.0,0.0,0.0,0.0,0.0,0.0,0.0,0.0,0.0,0.0,0.0,0.0,0.0,0.0,0.0,0.030112923462986205,1.490589711417817,10.622333751568384,14.43161856963614,3.425345043914681,4.186046511627907,2.87644117396724,nan,nan,nan,4.205905205905206,2.9121340232040587,4.166279969064192,2.8403307170287104,0.990578666208316,0.3987,0.0077,0.0,0.0,0.0,0.0,0.0,0.0,0.0,0.0,0.0,0.0,0.0,17.013801756587178,12.986198243412801,0.0,0.0,0.0,0.0,0.0,0.0,0.0,0.0,0.0,0.0,0.0,0.0,0.0,0.0,0.0,0.0,0.0,nan,nan,4.186046511627907,2.87644117396724,nan,0.3987,0.03772,0.0,0.0,0.0,0.0,0.0,0.0,0.0,0.0,0.0,0.0,0.0,0.0,0.0,0.0,0.0,0.0,0.0,0.0,0.0,0.0,0.0,0.0,0.0,0.0,0.0,0.0,5.018820577164366e-05,0.0,0.0002383939774153074,0.0003136762860727729,0.016248431618569637,0.004027603513174404,0.017051442910915936,0.028469259723964867,0.029573400250941028,0.04986198243412798,0.06511919698870765,0.059924717691342534,0.07452948557089084,0.08519447929736512,0.09698870765370138,0.08658720200752823,0.13730238393977415,0.10646173149309912,0.04642409033877039,0.054642409033877036,0.02027603513174404,0.008795483061480551,0.004429109159347553,0.003400250941028858,0.002998745294855709,0.0,0.0010790464240903388,1.2547051442910916e-05,0.0,0.0,0.0,0.0,0.0,0.0,0.0,0.0,0.0,0.0,0.0,0.0,0.0,0.0,0.0,0.0,0.0,0.0,0.0,0.0,0.0,0.0,0.0,0.0,0.0,0.0,0.0,0.0,0.0,0.0,0.0,0.0,0.0,0.0,0.0,0.0,0.0,0.0,0.0,0.0,0.0,0.0,0.0,0.0,0.0,0.0,0.0,nan,nan,4.186046511627907,2.87644117396724,nan,0.9384010867062574,0.023570453501799968,0.0,0.0,0.0,0.0,0.0,0.0,0.0,0.0,0.0,0.0,0.0,0.0,0.0,0.0,0.0,0.0,0.0,0.0,0.0,0.0,0.0,0.0,0.0,0.0,0.0,0.04352030947775629,1.6392649903288206,10.430367504835592,14.492263056092847,3.394584139264991,0.9390974094237147,0.022611044813581595,0.0,0.0,0.0,0.0,0.0,0.0,0.0,0.0,0.0,0.0,0.0,0.0,0.0,0.0,0.0,0.0,0.0,0.0,0.0,0.0,0.0,0.0,0.0,0.0,0.0,0.015649452269170583,1.3302034428794995,10.829420970266042,14.366197183098596,3.458528951486699,0.3987,0.00765,0.0,0.0,0.0,0.0,0.0,0.0,0.0,0.0,0.0,0.0,0.0,17.263056092843303,12.736943907156677,0.0,0.0,0.0,0.0,0.0,0.0,0.0,0.0,0.0,0.0,0.0,0.0,0.0,0.0,0.0,0.0,0.0,0.3987,0.00776,0.0,0.0,0.0,0.0,0.0,0.0,0.0,0.0,0.0,0.0,0.0,16.744913928012494,13.255086071987485,0.0,0.0,0.0,0.0,0.0,0.0,0.0,0.0,0.0,0.0,0.0,0.0,0.0,0.0,0.0,0.0,0.0
5400,3824,1968,0.5146443514644351,935,776,0.44743723849372385,1075,0.5622384937238494,0.414,3.0107758620689653,3.1267912523814383,6.76908023483366,2.114506538553583,8374.540585774057,506.4826226178768,7853.0,8866.4,8866.399999999998,1.8189894035458565e-12,7853.0,0.0,27.805439330543933,20.737924643773738,32.71348489567113,19.00758266388418,0.13938284518828453,0.1051255230125523,0.09335774058577406,0.0794979079497908,0.07975941422594142,0.08185146443514645,0.06459205020920503,0.06773012552301255,0.05282426778242678,0.05674686192468619,0.05256276150627615,0.038964435146443516,0.031119246861924688,0.023535564853556484,0.015690376569037656,0.009152719665271966,0.008106694560669456,0.9397135004245337,0.02337491137080273,0.0,0.0,0.0,0.0,0.0,0.0,0.0,0.0,0.0,0.0,0.0,0.0,0.0,0.0,0.0,0.0,0.0,0.0,0.0,0.0,0.0,0.0,0.0,0.0,0.0,0.03138075313807532,1.0747907949790798,10.896966527196655,14.066422594142264,3.930439330543934,4.34908350305499,2.8377607590158354,nan,nan,nan,4.4281098546042,2.846802159261154,4.2686935086277735,2.826267390847433,0.9639990083329413,0.399,0.00801,0.0,0.0,0.0,0.0,0.0,0.0,0.0,0.0,0.0,0.0,0.0,16.474895397489515,13.525104602510464,0.0,0.0,0.0,0.0,0.0,0.0,0.0,0.0,0.0,0.0,0.0,0.0,0.0,0.0,0.0,0.0,0.0,nan,nan,4.34908350305499,2.8377607590158354,nan,0.399,0.03745,0.0,0.0,0.0,0.0,0.0,0.0,0.0,0.0,0.0,0.0,0.0,0.0,0.0,0.0,0.0,0.0,0.0,0.0,0.0,0.0,0.0,0.0,0.0,0.0,0.0,0.0,0.0,1.307531380753138e-05,0.0003922594142259414,0.00037918410041841004,0.015389644351464435,0.003922594142259414,0.015664225941422593,0.029393305439330542,0.02973326359832636,0.04590742677824268,0.06601725941422594,0.05984571129707113,0.07404550209205021,0.0872515690376569,0.09667887029288703,0.08951359832635983,0.1380491631799163,0.10589696652719666,0.047607217573221755,0.05360878661087866,0.018854602510460252,0.00947960251046025,0.004955543933054393,0.0035957112970711295,0.0029419456066945605,1.307531380753138e-05,0.0008498953974895398,0.0,0.0,0.0,0.0,0.0,0.0,0.0,0.0,0.0,0.0,0.0,0.0,0.0,0.0,0.0,0.0,0.0,0.0,0.0,0.0,0.0,0.0,0.0,0.0,0.0,0.0,0.0,0.0,0.0,0.0,0.0,0.0,0.0,0.0,0.0,0.0,0.0,0.0,0.0,0.0,0.0,0.0,0.0,0.0,0.0,0.0,0.0,0.0,nan,nan,4.34908350305499,2.8377607590158354,nan,0.9402206775437041,0.023275598827708823,0.0,0.0,0.0,0.0,0.0,0.0,0.0,0.0,0.0,0.0,0.0,0.0,0.0,0.0,0.0,0.0,0.0,0.0,0.0,0.0,0.0,0.0,0.0,0.0,0.0,0.015243902439024393,1.0975609756097564,10.54878048780488,14.22256097560976,4.115853658536587,0.9391757177895513,0.023467788085270003,0.0,0.0,0.0,0.0,0.0,0.0,0.0,0.0,0.0,0.0,0.0,0.0,0.0,0.0,0.0,0.0,0.0,0.0,0.0,0.0,0.0,0.0,0.0,0.0,0.0,0.048491379310344834,1.0506465517241381,11.26616379310345,13.900862068965521,3.7338362068965525,0.399,0.008064,0.0,0.0,0.0,0.0,0.0,0.0,0.0,0.0,0.0,0.0,0.0,16.478658536585343,13.521341463414638,0.0,0.0,0.0,0.0,0.0,0.0,0.0,0.0,0.0,0.0,0.0,0.0,0.0,0.0,0.0,0.0,0.0,0.399,0.00795,0.0,0.0,0.0,0.0,0.0,0.0,0.0,0.0,0.0,0.0,0.0,16.47090517241377,13.52909482758621,0.0,0.0,0.0,0.0,0.0,0.0,0.0,0.0,0.0,0.0,0.0,0.0,0.0,0.0,0.0,0.0,0.0
5500,4110,2100,0.5109489051094891,984,838,0.44330900243309,1155,0.5620437956204379,0.38999999999999996,2.9507462686567165,3.067898618051985,6.517667844522968,2.120622000874146,8370.795620437955,506.57850053777116,7853.0,8866.4,8866.399999999998,1.8189894035458565e-12,7853.0,0.0,28.320924574209247,21.11142781875784,33.23325635103926,19.357368524311774,0.13795620437956205,0.09878345498783454,0.09440389294403893,0.08588807785888078,0.07664233576642336,0.07566909975669099,0.06642335766423357,0.06277372262773723,0.056447688564476885,0.05669099756690998,0.049878345498783457,0.04063260340632603,0.031386861313868614,0.026277372262773723,0.021167883211678833,0.012408759124087591,0.006569343065693431,0.9370013392609692,0.023875103249470536,0.0,0.0,0.0,0.0,0.0,0.0,0.0,0.0,0.0,0.0,0.0,0.0,0.0,0.0,0.0,0.0,0.0,0.0,0.0,0.0,0.0,0.0,0.0,0.0,0.0,0.05109489051094892,1.8467153284671538,11.087591240875915,13.795620437956208,3.218978102189782,4.314543404735062,2.8703493450684,nan,nan,nan,4.258982035928144,2.881178886865653,4.370566037735849,2.8582950552728996,1.0261996882979076,0.3994,0.008095,0.0,0.0,0.0,0.0,0.0,0.0,0.0,0.0,0.0,0.0,0.0,16.021897810218952,13.978102189781026,0.0,0.0,0.0,0.0,0.0,0.0,0.0,0.0,0.0,0.0,0.0,0.0,0.0,0.0,0.0,0.0,0.0,nan,nan,4.314543404735062,2.8703493450684,nan,0.3994,0.03754,0.0,0.0,0.0,0.0,0.0,0.0,0.0,0.0,0.0,0.0,0.0,0.0,0.0,0.0,0.0,0.0,0.0,0.0,0.0,0.0,0.0,0.0,0.0,0.0,0.0,4.8661800486618005e-05,0.0,2.4330900243309002e-05,0.0005352798053527981,0.00029197080291970805,0.016034063260340632,0.003467153284671533,0.014549878345498783,0.027712895377128954,0.02846715328467153,0.04537712895377129,0.06683698296836983,0.06250608272506082,0.07586374695863747,0.08626520681265207,0.09581508515815085,0.08784671532846715,0.14049878345498784,0.1049756690997567,0.047019464720194644,0.050523114355231144,0.02081508515815085,0.010900243309002433,0.004927007299270073,0.003929440389294404,0.0030535279805352796,4.8661800486618005e-05,0.0016666666666666668,0.0,0.0,0.0,0.0,0.0,0.0,0.0,0.0,0.0,0.0,0.0,0.0,0.0,0.0,0.0,0.0,0.0,0.0,0.0,0.0,0.0,0.0,0.0,0.0,0.0,0.0,0.0,0.0,0.0,0.0,0.0,0.0,0.0,0.0,0.0,0.0,0.0,0.0,0.0,0.0,0.0,0.0,0.0,0.0,0.0,0.0,0.0,0.0,nan,nan,4.314543404735062,2.8703493450684,nan,0.9371353697776794,0.024136724725463698,0.0,0.0,0.0,0.0,0.0,0.0,0.0,0.0,0.0,0.0,0.0,0.0,0.0,0.0,0.0,0.0,0.0,0.0,0.0,0.0,0.0,0.0,0.0,0.0,0.0,0.042857142857142864,1.828571428571429,10.957142857142859,13.800000000000004,3.3714285714285723,0.936861307377839,0.02359785632018213,0.0,0.0,0.0,0.0,0.0,0.0,0.0,0.0,0.0,0.0,0.0,0.0,0.0,0.0,0.0,0.0,0.0,0.0,0.0,0.0,0.0,0.0,0.0,0.0,0.0,0.059701492537313446,1.8656716417910453,11.223880597014928,13.791044776119406,3.0597014925373145,0.3994,0.00816,0.0,0.0,0.0,0.0,0.0,0.0,0.0,0.0,0.0,0.0,0.0,15.985714285714261,14.014285714285718,0.0,0.0,0.0,0.0,0.0,0.0,0.0,0.0,0.0,0.0,0.0,0.0,0.0,0.0,0.0,0.0,0.0,0.3994,0.008026,0.0,0.0,0.0,0.0,0.0,0.0,0.0,0.0,0.0,0.0,0.0,16.05970149253729,13.94029850746269,0.0,0.0,0.0,0.0,0.0,0.0,0.0,0.0,0.0,0.0,0.0,0.0,0.0,0.0,0.0,0.0,0.0
5600,4127,2054,0.4976980857765932,952,850,0.4366367821662224,1195,0.5791131572570875,0.38199999999999995,2.8924264351181863,3.0286468805679267,6.329011345218801,2.110485782496741,8357.367240126,506.69463015841217,7853.0,8866.4,8866.399999999998,1.8189894035458565e-12,7853.0,0.0,28.45650593651563,21.15809817070095,33.246708643388665,19.45734431031164,0.1332687181972377,0.10176883935061788,0.0932881027380664,0.08626120668766658,0.08044584443905985,0.07487278895081173,0.0656651320571844,0.054761327841046765,0.05984976980857766,0.059607463048219046,0.04652289798885389,0.0467652047492125,0.03174218560697843,0.025684516598013084,0.021322994911558032,0.009449963653985946,0.008723043372910104,0.9374110549507807,0.023617248530063886,0.0,0.0,0.0,0.0,0.0,0.0,0.0,0.0,0.0,0.0,0.0,0.0,0.0,0.0,0.0,0.0,0.0,0.0,0.0,0.0,0.0,0.0,0.0,0.0,0.0,0.036346014053792106,1.7446086745820213,10.954688635812941,14.204022292221957,3.060334383329296,4.272083488632128,2.842058008019217,nan,nan,nan,4.4426106526631655,2.9021113605069924,4.100074128984433,2.769029448457498,0.9228974694252363,0.399,0.00833,0.0,0.0,0.0,0.0,0.0,0.0,0.0,0.0,0.0,0.0,0.0,16.35570632420642,13.644293675793557,0.0,0.0,0.0,0.0,0.0,0.0,0.0,0.0,0.0,0.0,0.0,0.0,0.0,0.0,0.0,0.0,0.0,nan,nan,4.272083488632128,2.842058008019217,nan,0.399,0.03757,0.0,0.0,0.0,0.0,0.0,0.0,0.0,0.0,0.0,0.0,0.0,0.0,0.0,0.0,0.0,0.0,0.0,0.0,0.0,0.0,0.0,0.0,0.0,0.0,0.0,0.0001090380421613763,0.0,1.21153380179307e-05,0.0005573055488248122,0.00047249818269929733,0.017131087957354012,0.004058638236006784,0.016537436394475406,0.0268354737097165,0.02767143203295372,0.045190210806881514,0.06545917131087957,0.06241822146837897,0.07329779500848074,0.08918100314998788,0.09933365640901382,0.08805427671432033,0.13811485340441,0.10751150957111703,0.04531136418706082,0.04794039253695178,0.020487036588320816,0.010661497455779016,0.0057790162345529444,0.003670947419433002,0.002786527744124061,0.0001332687181972377,0.0012842258299006542,0.0,0.0,0.0,0.0,0.0,0.0,0.0,0.0,0.0,0.0,0.0,0.0,0.0,0.0,0.0,0.0,0.0,0.0,0.0,0.0,0.0,0.0,0.0,0.0,0.0,0.0,0.0,0.0,0.0,0.0,0.0,0.0,0.0,0.0,0.0,0.0,0.0,0.0,0.0,0.0,0.0,0.0,0.0,0.0,0.0,0.0,0.0,0.0,nan,nan,4.272083488632128,2.842058008019217,nan,0.9370623690592164,0.023540635525766594,0.0,0.0,0.0,0.0,0.0,0.0,0.0,0.0,0.0,0.0,0.0,0.0,0.0,0.0,0.0,0.0,0.0,0.0,0.0,0.0,0.0,0.0,0.0,0.0,0.0,0.029211295034079852,1.7380720545277513,11.42161635832522,13.75851996105161,3.0525803310613444,0.9377565449755144,0.023687853226737818,0.0,0.0,0.0,0.0,0.0,0.0,0.0,0.0,0.0,0.0,0.0,0.0,0.0,0.0,0.0,0.0,0.0,0.0,0.0,0.0,0.0,0.0,0.0,0.0,0.0,0.043415340086830685,1.7510853835021711,10.492040520984084,14.645441389290886,3.0680173661360355,0.399,0.008316,0.0,0.0,0.0,0.0,0.0,0.0,0.0,0.0,0.0,0.0,0.0,16.02239532619277,13.977604673807209,0.0,0.0,0.0,0.0,0.0,0.0,0.0,0.0,0.0,0.0,0.0,0.0,0.0,0.0,0.0,0.0,0.0,0.3987,0.00835,0.0,0.0,0.0,0.0,0.0,0.0,0.0,0.0,0.0,0.0,0.0,16.6859623733719,13.314037626628078,0.0,0.0,0.0,0.0,0.0,0.0,0.0,0.0,0.0,0.0,0.0,0.0,0.0,0.0,0.0,0.0,0.0
5700,4130,2115,0.5121065375302664,1055,847,0.4605326876513317,1168,0.5656174334140436,0.39799999999999996,2.9017369727047146,3.070918899716015,6.429553264604811,2.2401413200422917,8371.968765133171,506.55144595796673,7853.0,8866.4,8866.399999999998,1.8189894035458565e-12,7853.0,0.0,28.107506053268764,20.692562602273185,33.08102652825836,18.840848585369713,0.13777239709443098,0.09394673123486683,0.09152542372881356,0.08280871670702179,0.09007263922518159,0.0774818401937046,0.06876513317191284,0.06368038740920097,0.06053268765133172,0.05351089588377724,0.04891041162227603,0.03946731234866828,0.03171912832929782,0.024455205811138015,0.019612590799031476,0.010653753026634382,0.005084745762711864,0.9374947679389187,0.023652105037608787,0.0,0.0,0.0,0.0,0.0,0.0,0.0,0.0,0.0,0.0,0.0,0.0,0.0,0.0,0.0,0.0,0.0,0.0,0.0,0.0,0.0,0.0,0.0,0.0,0.0,0.007263922518159808,1.590799031476998,11.65859564164649,13.416464891041166,3.3268765133171923,4.158554572271386,2.910147890159036,nan,nan,nan,4.106227106227106,2.896201512528093,4.211581291759465,2.923257395853416,1.0256571745319663,0.3987,0.00816,0.0,0.0,0.0,0.0,0.0,0.0,0.0,0.0,0.0,0.0,0.0,17.07021791767552,12.92978208232446,0.0,0.0,0.0,0.0,0.0,0.0,0.0,0.0,0.0,0.0,0.0,0.0,0.0,0.0,0.0,0.0,0.0,nan,nan,4.158554572271386,2.910147890159036,nan,0.3987,0.03763,0.0,0.0,0.0,0.0,0.0,0.0,0.0,0.0,0.0,0.0,0.0,0.0,0.0,0.0,0.0,0.0,0.0,0.0,0.0,0.0,0.0,0.0,0.0,0.0,0.0,8.474576271186441e-05,0.0,0.0,0.00021791767554479418,0.00020581113801452784,0.01761501210653753,0.004043583535108959,0.016658595641646488,0.02526634382566586,0.031246973365617433,0.045048426150121064,0.06650121065375303,0.06274818401937046,0.07434624697336562,0.08891041162227603,0.09811138014527845,0.08698547215496368,0.13796610169491524,0.10662227602905569,0.045823244552058114,0.04677966101694915,0.020447941888619856,0.010932203389830508,0.00576271186440678,0.0026876513317191284,0.0032566585956416466,0.00020581113801452784,0.0015254237288135593,0.0,0.0,0.0,0.0,0.0,0.0,0.0,0.0,0.0,0.0,0.0,0.0,0.0,0.0,0.0,0.0,0.0,0.0,0.0,0.0,0.0,0.0,0.0,0.0,0.0,0.0,0.0,0.0,0.0,0.0,0.0,0.0,0.0,0.0,0.0,0.0,0.0,0.0,0.0,0.0,0.0,0.0,0.0,0.0,0.0,0.0,0.0,0.0,nan,nan,4.158554572271386,2.910147890159036,nan,0.9372141835255544,0.023491272494382966,0.0,0.0,0.0,0.0,0.0,0.0,0.0,0.0,0.0,0.0,0.0,0.0,0.0,0.0,0.0,0.0,0.0,0.0,0.0,0.0,0.0,0.0,0.0,0.0,0.0,0.0,1.617021276595745,11.574468085106385,13.744680851063833,3.0638297872340434,0.9377892771370654,0.023816195728260783,0.0,0.0,0.0,0.0,0.0,0.0,0.0,0.0,0.0,0.0,0.0,0.0,0.0,0.0,0.0,0.0,0.0,0.0,0.0,0.0,0.0,0.0,0.0,0.0,0.0,0.014888337468982634,1.5632754342431767,11.746898263027298,13.071960297766752,3.602977667493797,0.3987,0.00826,0.0,0.0,0.0,0.0,0.0,0.0,0.0,0.0,0.0,0.0,0.0,16.950354609929054,13.049645390070925,0.0,0.0,0.0,0.0,0.0,0.0,0.0,0.0,0.0,0.0,0.0,0.0,0.0,0.0,0.0,0.0,0.0,0.3987,0.00806,0.0,0.0,0.0,0.0,0.0,0.0,0.0,0.0,0.0,0.0,0.0,17.196029776674912,12.803970223325067,0.0,0.0,0.0,0.0,0.0,0.0,0.0,0.0,0.0,0.0,0.0,0.0,0.0,0.0,0.0,0.0,0.0
5800,4152,2117,0.5098747591522158,1017,848,0.4491811175337187,1179,0.5679190751445087,0.38599999999999995,2.9734643734643735,3.067028996911403,6.449419568822554,2.1375608365064878,8369.707080924854,506.60117284838884,7853.0,8866.4,8866.399999999998,1.8189894035458565e-12,7853.0,0.0,28.17533718689788,20.729752259490937,33.11458034947007,18.900197467138373,0.13463391136801542,0.09947013487475916,0.09152215799614644,0.0838150289017341,0.08116570327552987,0.07947976878612717,0.0708092485549133,0.06358381502890173,0.0575626204238921,0.05346820809248555,0.04696531791907514,0.04431599229287091,0.03588631984585742,0.026493256262042388,0.016377649325626204,0.008429672447013488,0.006021194605009634,0.9369858808399165,0.023442892387167773,0.0,0.0,0.0,0.0,0.0,0.0,0.0,0.0,0.0,0.0,0.0,0.0,0.0,0.0,0.0,0.0,0.0,0.0,0.0,0.0,0.0,0.0,0.0,0.0,0.0,0.06502890173410406,1.5679190751445091,11.531791907514453,13.6849710982659,3.1502890173410414,4.2284339133654205,2.838491986085834,nan,nan,nan,4.2461311717022845,2.8208341884156516,4.210565476190476,2.856098577605224,0.9916239762565908,0.3984,0.00824,0.0,0.0,0.0,0.0,0.0,0.0,0.0,0.0,0.0,0.0,0.0,17.29768786127165,12.702312138728328,0.0,0.0,0.0,0.0,0.0,0.0,0.0,0.0,0.0,0.0,0.0,0.0,0.0,0.0,0.0,0.0,0.0,nan,nan,4.2284339133654205,2.838491986085834,nan,0.3984,0.0377,0.0,0.0,0.0,0.0,0.0,0.0,0.0,0.0,0.0,0.0,0.0,0.0,0.0,0.0,0.0,0.0,0.0,0.0,0.0,0.0,0.0,0.0,0.0,0.0,0.0,9.633911368015414e-05,0.0,0.0,0.0003733140655105973,2.4084778420038536e-05,0.01759393063583815,0.003492292870905588,0.017015895953757226,0.0243135838150289,0.03244219653179191,0.046242774566473986,0.07265173410404624,0.0621266859344894,0.07501204238921001,0.08678949903660886,0.09650770712909441,0.08282755298651252,0.13728323699421965,0.11047687861271677,0.04513487475915222,0.04533959537572255,0.019653179190751446,0.011849710982658959,0.005118015414258189,0.002107418111753372,0.0033598265895953758,0.000180635838150289,0.00197495183044316,1.2042389210019268e-05,0.0,0.0,0.0,0.0,0.0,0.0,0.0,0.0,0.0,0.0,0.0,0.0,0.0,0.0,0.0,0.0,0.0,0.0,0.0,0.0,0.0,0.0,0.0,0.0,0.0,0.0,0.0,0.0,0.0,0.0,0.0,0.0,0.0,0.0,0.0,0.0,0.0,0.0,0.0,0.0,0.0,0.0,0.0,0.0,0.0,0.0,0.0,nan,nan,4.2284339133654205,2.838491986085834,nan,0.9373525622941775,0.023488345571961184,0.0,0.0,0.0,0.0,0.0,0.0,0.0,0.0,0.0,0.0,0.0,0.0,0.0,0.0,0.0,0.0,0.0,0.0,0.0,0.0,0.0,0.0,0.0,0.0,0.0,0.07085498346717053,1.5871516296646202,11.039206424185169,14.043457723193201,3.259329239489845,0.9366044240150171,0.023389414077254127,0.0,0.0,0.0,0.0,0.0,0.0,0.0,0.0,0.0,0.0,0.0,0.0,0.0,0.0,0.0,0.0,0.0,0.0,0.0,0.0,0.0,0.0,0.0,0.0,0.0,0.058968058968058984,1.5479115479115484,12.044226044226045,13.312039312039316,3.0368550368550378,0.3984,0.00839,0.0,0.0,0.0,0.0,0.0,0.0,0.0,0.0,0.0,0.0,0.0,17.359470949456753,12.640529050543226,0.0,0.0,0.0,0.0,0.0,0.0,0.0,0.0,0.0,0.0,0.0,0.0,0.0,0.0,0.0,0.0,0.0,0.3984,0.00808,0.0,0.0,0.0,0.0,0.0,0.0,0.0,0.0,0.0,0.0,0.0,17.233415233415208,12.76658476658477,0.0,0.0,0.0,0.0,0.0,0.0,0.0,0.0,0.0,0.0,0.0,0.0,0.0,0.0,0.0,0.0,0.0
5900,4109,2124,0.5169140910197129,992,843,0.4465806765636408,1138,0.5539060598685812,0.40599999999999997,3.014609571788413,3.1723439928984147,6.720508166969147,2.20581571584218,8376.840739839376,506.4099969765196,7853.0,8866.4,8866.4,0.0,7853.0,0.0,27.48600632757362,20.64166836651025,32.330049261083744,18.977980452944255,0.13798977853492334,0.10732538330494037,0.09759065466050133,0.08298856169384278,0.08152835239717693,0.0798247748844001,0.06814310051107325,0.05889510829885617,0.05938184473107812,0.05500121684108056,0.04088586030664395,0.03796544171331224,0.03650523241664638,0.02433682161109759,0.015818934047213434,0.010464833292771964,0.00535410075444147,0.935988785446517,0.02311090360096545,0.0,0.0,0.0,0.0,0.0,0.0,0.0,0.0,0.0,0.0,0.0,0.0,0.0,0.0,0.0,0.0,0.0,0.0,0.0,0.0,0.0,0.0,0.0,0.0,0.0,0.08031151131662206,1.6938427841323926,11.856899488926748,13.623752737892435,2.7451934777318088,4.319540229885058,2.9261342856364196,nan,nan,nan,4.337662337662338,2.925971432028871,4.298461538461538,2.925510727676704,0.990962690004606,0.399,0.008064,0.0,0.0,0.0,0.0,0.0,0.0,0.0,0.0,0.0,0.0,0.0,16.741299586274007,13.25870041372597,0.0,0.0,0.0,0.0,0.0,0.0,0.0,0.0,0.0,0.0,0.0,0.0,0.0,0.0,0.0,0.0,0.0,nan,nan,4.319540229885058,2.9261342856364196,nan,0.399,0.0377,0.0,0.0,0.0,0.0,0.0,0.0,0.0,0.0,0.0,0.0,0.0,0.0,0.0,0.0,0.0,0.0,0.0,0.0,0.0,0.0,0.0,0.0,0.0,0.0,0.0,1.2168410805548795e-05,0.0,0.0,0.000474568021416403,0.0,0.01546605013385252,0.0038817230469700655,0.01719396446824045,0.023764906303236796,0.031357994645899244,0.04620345582866878,0.07434899002190314,0.06312971525918715,0.0751399367242638,0.08435142370406425,0.09716476028230712,0.08292771963981505,0.13634704307617426,0.1111706011194938,0.04402531029447554,0.046617181796057436,0.020747140423460694,0.01141396933560477,0.006120710635191044,0.0018617668532489658,0.003796544171331224,0.00015818934047213433,0.00232416646385982,0.0,0.0,0.0,0.0,0.0,0.0,0.0,0.0,0.0,0.0,0.0,0.0,0.0,0.0,0.0,0.0,0.0,0.0,0.0,0.0,0.0,0.0,0.0,0.0,0.0,0.0,0.0,0.0,0.0,0.0,0.0,0.0,0.0,0.0,0.0,0.0,0.0,0.0,0.0,0.0,0.0,0.0,0.0,0.0,0.0,0.0,0.0,0.0,nan,nan,4.319540229885058,2.9261342856364196,nan,0.9361363412521204,0.022938620112639047,0.0,0.0,0.0,0.0,0.0,0.0,0.0,0.0,0.0,0.0,0.0,0.0,0.0,0.0,0.0,0.0,0.0,0.0,0.0,0.0,0.0,0.0,0.0,0.0,0.0,0.07062146892655369,1.7090395480225993,11.822033898305088,13.771186440677969,2.627118644067797,0.9358308970177504,0.023292804932914534,0.0,0.0,0.0,0.0,0.0,0.0,0.0,0.0,0.0,0.0,0.0,0.0,0.0,0.0,0.0,0.0,0.0,0.0,0.0,0.0,0.0,0.0,0.0,0.0,0.0,0.09068010075566751,1.6775818639798494,11.89420654911839,13.465994962216628,2.8715365239294717,0.399,0.00799,0.0,0.0,0.0,0.0,0.0,0.0,0.0,0.0,0.0,0.0,0.0,16.709039548022574,13.290960451977405,0.0,0.0,0.0,0.0,0.0,0.0,0.0,0.0,0.0,0.0,0.0,0.0,0.0,0.0,0.0,0.0,0.0,0.3987,0.00814,0.0,0.0,0.0,0.0,0.0,0.0,0.0,0.0,0.0,0.0,0.0,16.775818639798462,13.224181360201515,0.0,0.0,0.0,0.0,0.0,0.0,0.0,0.0,0.0,0.0,0.0,0.0,0.0,0.0,0.0,0.0,0.0
6000,4156,2119,0.5098652550529356,1003,851,0.44610202117420594,1180,0.5678537054860443,0.39799999999999996,2.9823269513991164,3.0735832470520217,6.440734557595993,2.206246284023471,8369.697449470643,506.60136301048544,7853.0,8866.4,8866.4,0.0,7853.0,0.0,28.671318575553418,21.204246566839526,33.43079977311401,19.49187633586458,0.13137632338787295,0.09793070259865255,0.09263715110683349,0.09239653512993262,0.07747834456207892,0.07001924927815206,0.06544754571703561,0.06231953801732435,0.06713185755534168,0.05076997112608277,0.045957651588065446,0.043551491819056785,0.03681424446583253,0.026467757459095284,0.019249278152069296,0.011308950914340712,0.009143407122232916,0.9351605261399036,0.02316652215577703,0.0,0.0,0.0,0.0,0.0,0.0,0.0,0.0,0.0,0.0,0.0,0.0,0.0,0.0,0.0,0.0,0.0,0.0,0.0,0.0,0.0,0.0,0.0,0.0,0.0,0.05052935514918192,1.9706448508180947,11.917709335899907,13.527430221366702,2.5336862367661217,4.26294528094014,2.887518645665522,nan,nan,nan,4.1625,2.881621211891585,4.363169479090242,2.8899135325926815,1.0482088838655237,0.399,0.00835,0.0,0.0,0.0,0.0,0.0,0.0,0.0,0.0,0.0,0.0,0.0,16.602502406159743,13.397497593840235,0.0,0.0,0.0,0.0,0.0,0.0,0.0,0.0,0.0,0.0,0.0,0.0,0.0,0.0,0.0,0.0,0.0,nan,nan,4.26294528094014,2.887518645665522,nan,0.399,0.03815,0.0,0.0,0.0,0.0,0.0,0.0,0.0,0.0,0.0,0.0,0.0,0.0,0.0,0.0,0.0,0.0,0.0,0.0,0.0,0.0,0.0,0.0,0.0,0.0,0.0,0.0,0.0,0.0,0.0005774783445620789,1.203079884504331e-05,0.01548363811357074,0.003970163618864293,0.016217516843118382,0.024915784408084698,0.032471126082771896,0.04889316650625602,0.07640760346487006,0.060526948989412896,0.07705726660250241,0.08435996150144369,0.09157844080846968,0.08225457170356111,0.13196583253128008,0.1107194417709336,0.044128970163618865,0.04823147256977863,0.023014918190567855,0.01210298363811357,0.006183830606352262,0.0024181905678537056,0.003825794032723773,0.00013233878729547642,0.002550529355149182,0.0,0.0,0.0,0.0,0.0,0.0,0.0,0.0,0.0,0.0,0.0,0.0,0.0,0.0,0.0,0.0,0.0,0.0,0.0,0.0,0.0,0.0,0.0,0.0,0.0,0.0,0.0,0.0,0.0,0.0,0.0,0.0,0.0,0.0,0.0,0.0,0.0,0.0,0.0,0.0,0.0,0.0,0.0,0.0,0.0,0.0,0.0,0.0,nan,nan,4.26294528094014,2.887518645665522,nan,0.9353970849834674,0.023311382467996737,0.0,0.0,0.0,0.0,0.0,0.0,0.0,0.0,0.0,0.0,0.0,0.0,0.0,0.0,0.0,0.0,0.0,0.0,0.0,0.0,0.0,0.0,0.0,0.0,0.0,0.05663048607833885,1.9537517697026903,11.580934403020294,13.761208117036341,2.647475224162341,0.9349144445544783,0.02301228248595949,0.0,0.0,0.0,0.0,0.0,0.0,0.0,0.0,0.0,0.0,0.0,0.0,0.0,0.0,0.0,0.0,0.0,0.0,0.0,0.0,0.0,0.0,0.0,0.0,0.0,0.04418262150220914,1.9882179675994114,12.268041237113406,13.284241531664216,2.415316642120766,0.399,0.0083,0.0,0.0,0.0,0.0,0.0,0.0,0.0,0.0,0.0,0.0,0.0,16.33789523360073,13.66210476639925,0.0,0.0,0.0,0.0,0.0,0.0,0.0,0.0,0.0,0.0,0.0,0.0,0.0,0.0,0.0,0.0,0.0,0.3987,0.00839,0.0,0.0,0.0,0.0,0.0,0.0,0.0,0.0,0.0,0.0,0.0,16.877761413843864,13.122238586156115,0.0,0.0,0.0,0.0,0.0,0.0,0.0,0.0,0.0,0.0,0.0,0.0,0.0,0.0,0.0,0.0,0.0
6100,3984,2085,0.5233433734939759,973,799,0.44477911646586343,1090,0.5471887550200804,0.434,2.945234333859926,3.1442671966047633,6.704633204633205,2.114396725808524,8383.356174698794,506.14748384104405,7853.0,8866.4,8866.399999999998,1.8189894035458565e-12,7853.0,0.0,27.566265060240966,20.95411477993923,32.82445520581114,19.152284016709604,0.1488453815261044,0.10491967871485944,0.09086345381526105,0.08308232931726908,0.07756024096385543,0.07555220883534136,0.06827309236947791,0.05948795180722891,0.061746987951807226,0.053714859437751006,0.04643574297188755,0.0356425702811245,0.03162650602409638,0.02610441767068273,0.01957831325301205,0.009036144578313253,0.007530120481927711,0.9354508127194332,0.023400861940781843,0.0,0.0,0.0,0.0,0.0,0.0,0.0,0.0,0.0,0.0,0.0,0.0,0.0,0.0,0.0,0.0,0.0,0.0,0.0,0.0,0.0,0.0,0.0,0.0,0.0,0.03012048192771085,1.9051204819277112,11.724397590361448,13.516566265060245,2.823795180722892,4.320284697508897,2.9333285745551954,nan,nan,nan,4.265673981191223,2.913719643909519,4.375897845171588,2.9521256041268376,1.0258397300089923,0.399,0.00844,0.0,0.0,0.0,0.0,0.0,0.0,0.0,0.0,0.0,0.0,0.0,16.49849397590359,13.50150602409639,0.0,0.0,0.0,0.0,0.0,0.0,0.0,0.0,0.0,0.0,0.0,0.0,0.0,0.0,0.0,0.0,0.0,nan,nan,4.320284697508897,2.9333285745551954,nan,0.399,0.03845,0.0,0.0,0.0,0.0,0.0,0.0,0.0,0.0,0.0,0.0,0.0,0.0,0.0,0.0,0.0,0.0,0.0,0.0,0.0,0.0,0.0,0.0,0.0,0.0,1.2550200803212852e-05,0.0,0.0,2.5100401606425704e-05,0.0005773092369477912,5.020080321285141e-05,0.015838353413654617,0.0038905622489959837,0.01585090361445783,0.02562751004016064,0.03278112449799197,0.04836847389558233,0.07688253012048193,0.06350401606425703,0.07576556224899599,0.07649347389558232,0.09088855421686746,0.08451305220883534,0.1359437751004016,0.11029116465863453,0.046071787148594376,0.04796686746987952,0.020306224899598393,0.011571285140562248,0.005522088353413655,0.002622991967871486,0.00493222891566265,0.00015060240963855423,0.0035015060240963856,1.2550200803212852e-05,0.0,3.765060240963856e-05,0.0,0.0,0.0,0.0,0.0,0.0,0.0,0.0,0.0,0.0,0.0,0.0,0.0,0.0,0.0,0.0,0.0,0.0,0.0,0.0,0.0,0.0,0.0,0.0,0.0,0.0,0.0,0.0,0.0,0.0,0.0,0.0,0.0,0.0,0.0,0.0,0.0,0.0,0.0,0.0,0.0,0.0,0.0,0.0,0.0,nan,nan,4.320284697508897,2.9333285745551954,nan,0.9355362065690312,0.023231772181946407,0.0,0.0,0.0,0.0,0.0,0.0,0.0,0.0,0.0,0.0,0.0,0.0,0.0,0.0,0.0,0.0,0.0,0.0,0.0,0.0,0.0,0.0,0.0,0.0,0.0,0.04316546762589929,1.6690647482014394,12.000000000000004,13.56834532374101,2.719424460431655,0.93535705485929,0.023584761179710655,0.0,0.0,0.0,0.0,0.0,0.0,0.0,0.0,0.0,0.0,0.0,0.0,0.0,0.0,0.0,0.0,0.0,0.0,0.0,0.0,0.0,0.0,0.0,0.0,0.0,0.015797788309636653,2.164296998420222,11.4218009478673,13.45971563981043,2.9383886255924176,0.399,0.00843,0.0,0.0,0.0,0.0,0.0,0.0,0.0,0.0,0.0,0.0,0.0,16.330935251798536,13.669064748201443,0.0,0.0,0.0,0.0,0.0,0.0,0.0,0.0,0.0,0.0,0.0,0.0,0.0,0.0,0.0,0.0,0.0,0.3987,0.00844,0.0,0.0,0.0,0.0,0.0,0.0,0.0,0.0,0.0,0.0,0.0,16.68246445497628,13.3175355450237,0.0,0.0,0.0,0.0,0.0,0.0,0.0,0.0,0.0,0.0,0.0,0.0,0.0,0.0,0.0,0.0,0.0
6200,4479,2281,0.5092654610404108,1062,938,0.44652824291136417,1314,0.5867381111855325,0.39799999999999996,2.903093721565059,3.0348565692845892,6.357827476038339,2.131404704640561,8369.089618218351,506.61299338816156,7853.0,8866.4,8866.4,0.0,7853.0,0.0,28.20942174592543,20.89842733032972,33.01981505944518,19.15486158370151,0.13686090645233312,0.09667336459031034,0.0933244027684751,0.087073007367716,0.08126814020986828,0.07635632953784327,0.06809555704398303,0.06095110515740121,0.06072784103594552,0.05380665327081938,0.04643893726278187,0.04197365483366823,0.03549899531145345,0.02589863808885912,0.016744809109176157,0.01183299843715115,0.00647465952221478,0.9364582040022995,0.02356938444794269,0.0,0.0,0.0,0.0,0.0,0.0,0.0,0.0,0.0,0.0,0.0,0.0,0.0,0.0,0.0,0.0,0.0,0.0,0.0,0.0,0.0,0.0,0.0,0.0,0.0,0.06028131279303417,1.835231078365707,11.500334896182187,13.549899531145348,3.0542531815137317,4.328394210889042,2.896446188478352,nan,nan,nan,4.41809458533242,2.9402272812405297,4.237699237699237,2.848626027327626,0.9591689711143634,0.3987,0.00814,0.0,0.0,0.0,0.0,0.0,0.0,0.0,0.0,0.0,0.0,0.0,17.06630944407231,12.933690555927665,0.0,0.0,0.0,0.0,0.0,0.0,0.0,0.0,0.0,0.0,0.0,0.0,0.0,0.0,0.0,0.0,0.0,nan,nan,4.328394210889042,2.896446188478352,nan,0.3987,0.03854,0.0,0.0,0.0,0.0,0.0,0.0,0.0,0.0,0.0,0.0,0.0,0.0,0.0,0.0,0.0,0.0,0.0,0.0,0.0,0.0,0.0,0.0,0.0,0.0,0.0,0.0,0.0,3.348961821835231e-05,0.00037954900647465953,0.00021210091538289796,0.015014512167894619,0.004409466398749721,0.01599687430229962,0.02516186648805537,0.035130609511051576,0.049229738780977896,0.07894619334672918,0.06577361018084393,0.07611073900424202,0.07484929671801742,0.08696137530698816,0.08540968966287117,0.13663764233087744,0.10668676043759767,0.04460817146684528,0.04912926992632284,0.0195914266577361,0.01226836347398973,0.006106273721812904,0.0029917392275061396,0.005079258763116767,0.00022326412145568208,0.003025228845724492,0.0,0.0,3.348961821835231e-05,0.0,0.0,0.0,0.0,0.0,0.0,0.0,0.0,0.0,0.0,0.0,0.0,0.0,0.0,0.0,0.0,0.0,0.0,0.0,0.0,0.0,0.0,0.0,0.0,0.0,0.0,0.0,0.0,0.0,0.0,0.0,0.0,0.0,0.0,0.0,0.0,0.0,0.0,0.0,0.0,0.0,0.0,0.0,0.0,0.0,nan,nan,4.328394210889042,2.896446188478352,nan,0.9373251838623459,0.023671860926089396,0.0,0.0,0.0,0.0,0.0,0.0,0.0,0.0,0.0,0.0,0.0,0.0,0.0,0.0,0.0,0.0,0.0,0.0,0.0,0.0,0.0,0.0,0.0,0.0,0.0,0.06576063130206052,1.7755370451556338,11.034633932485756,13.88864533099518,3.2354230600613776,0.9355584855943078,0.02342866678969699,0.0,0.0,0.0,0.0,0.0,0.0,0.0,0.0,0.0,0.0,0.0,0.0,0.0,0.0,0.0,0.0,0.0,0.0,0.0,0.0,0.0,0.0,0.0,0.0,0.0,0.05459508644222021,1.8971792538671524,11.983621474067338,13.198362147406737,2.866242038216561,0.3987,0.0081,0.0,0.0,0.0,0.0,0.0,0.0,0.0,0.0,0.0,0.0,0.0,16.861025865848287,13.138974134151692,0.0,0.0,0.0,0.0,0.0,0.0,0.0,0.0,0.0,0.0,0.0,0.0,0.0,0.0,0.0,0.0,0.0,0.3984,0.00818,0.0,0.0,0.0,0.0,0.0,0.0,0.0,0.0,0.0,0.0,0.0,17.279344858962666,12.72065514103731,0.0,0.0,0.0,0.0,0.0,0.0,0.0,0.0,0.0,0.0,0.0,0.0,0.0,0.0,0.0,0.0,0.0
6300,4349,2252,0.5178201885490917,1043,914,0.4499885031041619,1224,0.5628880202345367,0.414,2.9303767286599904,3.0397019250612325,6.392982456140351,2.253251813831361,8377.758979075648,506.3780833278086,7853.0,8866.4,8866.4,0.0,7853.0,0.0,28.247873074269947,21.077258233224157,33.23727422003284,19.296971093701252,0.1395723154748218,0.102322372959301,0.08990572545412738,0.07702920211542884,0.08185789836744078,0.07518969878132904,0.07335019544722925,0.06691193377787998,0.05794435502414348,0.0542653483559439,0.039319383766383074,0.04092894918372039,0.03679006668199586,0.025523108760634627,0.017475281673948035,0.0133363991722235,0.008277765003449069,0.9350995350415802,0.023573357651841802,0.0,0.0,0.0,0.0,0.0,0.0,0.0,0.0,0.0,0.0,0.0,0.0,0.0,0.0,0.0,0.0,0.0,0.0,0.0,0.0,0.0,0.0,0.0,0.0,0.0,0.0551851000229938,1.8280064382616699,12.451138192687978,12.892618992871927,2.7730512761554387,4.194040439872295,2.842742474183403,nan,nan,nan,4.313159746657283,2.906427625641942,4.072961373390558,2.7712707016454385,0.9443103461556507,0.3984,0.00822,0.0,0.0,0.0,0.0,0.0,0.0,0.0,0.0,0.0,0.0,0.0,17.210853069671167,12.789146930328815,0.0,0.0,0.0,0.0,0.0,0.0,0.0,0.0,0.0,0.0,0.0,0.0,0.0,0.0,0.0,0.0,0.0,nan,nan,4.194040439872295,2.842742474183403,nan,0.3984,0.03818,0.0,0.0,0.0,0.0,0.0,0.0,0.0,0.0,0.0,0.0,0.0,0.0,0.0,0.0,0.0,0.0,0.0,0.0,0.0,0.0,0.0,0.0,0.0,0.0,0.0,0.0,1.1496895838123707e-05,1.1496895838123707e-05,0.0002989192917912164,0.00010347206254311336,0.014198666360082778,0.003793975626580823,0.015796734881581974,0.024051506093354793,0.036272706369280296,0.04832145320763394,0.08027132674177972,0.06700390894458497,0.07602897217751207,0.07676477351115199,0.08881352034950564,0.08534145780639227,0.1373419176822258,0.10642676477351115,0.04328581283053576,0.045366750977236144,0.022062543113359392,0.01085306967118878,0.0070590940446079555,0.0024258450218441023,0.004736721085306967,0.00025293170843872155,0.003104161876293401,0.0,0.0,0.0,0.0,0.0,0.0,0.0,0.0,0.0,0.0,0.0,0.0,0.0,0.0,0.0,0.0,0.0,0.0,0.0,0.0,0.0,0.0,0.0,0.0,0.0,0.0,0.0,0.0,0.0,0.0,0.0,0.0,0.0,0.0,0.0,0.0,0.0,0.0,0.0,0.0,0.0,0.0,0.0,0.0,0.0,0.0,0.0,0.0,nan,nan,4.194040439872295,2.842742474183403,nan,0.9353736556444456,0.02366544026386485,0.0,0.0,0.0,0.0,0.0,0.0,0.0,0.0,0.0,0.0,0.0,0.0,0.0,0.0,0.0,0.0,0.0,0.0,0.0,0.0,0.0,0.0,0.0,0.0,0.0,0.066607460035524,1.785079928952043,12.362344582593254,12.895204262877446,2.8907637655417413,0.9348051527823275,0.023470501499414813,0.0,0.0,0.0,0.0,0.0,0.0,0.0,0.0,0.0,0.0,0.0,0.0,0.0,0.0,0.0,0.0,0.0,0.0,0.0,0.0,0.0,0.0,0.0,0.0,0.0,0.042918454935622324,1.874105865522175,12.546494992846927,12.889842632331906,2.6466380543633767,0.3984,0.00814,0.0,0.0,0.0,0.0,0.0,0.0,0.0,0.0,0.0,0.0,0.0,17.171403197158057,12.828596802841922,0.0,0.0,0.0,0.0,0.0,0.0,0.0,0.0,0.0,0.0,0.0,0.0,0.0,0.0,0.0,0.0,0.0,0.3984,0.00829,0.0,0.0,0.0,0.0,0.0,0.0,0.0,0.0,0.0,0.0,0.0,17.253218884120148,12.746781115879832,0.0,0.0,0.0,0.0,0.0,0.0,0.0,0.0,0.0,0.0,0.0,0.0,0.0,0.0,0.0,0.0,0.0
6400,4363,2192,0.5024066009626403,980,887,0.42791657116662846,1219,0.5587898235159294,0.414,3.0280976508521418,3.117186577959991,6.527243589743589,2.2157423580087765,8362.13884941554,506.6941306286547,7853.0,8866.4,8866.399999999998,1.8189894035458565e-12,7853.0,0.0,28.31056612422645,21.040459495967234,33.064140730717185,19.354130157848317,0.13476965390786155,0.09970203988081595,0.09580563832225533,0.09145083658033464,0.06898922759569104,0.0806784322713729,0.06967682787073115,0.06257162502865,0.05569562227824891,0.045840018336007336,0.046986018794407516,0.045840018336007336,0.04056841622736649,0.025212010084804035,0.018106807242722896,0.011001604400641761,0.007105202842081137,0.934257955895961,0.023125744100802273,0.0,0.0,0.0,0.0,0.0,0.0,0.0,0.0,0.0,0.0,0.0,0.0,0.0,0.0,0.0,0.0,0.0,0.0,0.0,0.0,0.0,0.0,0.0,0.0,0.0,0.06188402475360991,1.8702727481090997,12.768737107494847,12.679349071739631,2.6197570479028194,4.438936781609195,2.8553249340069957,nan,nan,nan,4.507132667617689,2.862072894003157,4.3697539797395075,2.8467941850349323,0.9695197150806758,0.3982,0.00821,0.0,0.0,0.0,0.0,0.0,0.0,0.0,0.0,0.0,0.0,0.0,17.760715104286014,12.239284895713961,0.0,0.0,0.0,0.0,0.0,0.0,0.0,0.0,0.0,0.0,0.0,0.0,0.0,0.0,0.0,0.0,0.0,nan,nan,4.438936781609195,2.8553249340069957,nan,0.3982,0.0381,0.0,0.0,0.0,0.0,0.0,0.0,0.0,0.0,0.0,0.0,0.0,0.0,0.0,0.0,0.0,0.0,0.0,0.0,0.0,0.0,0.0,0.0,0.0,0.0,0.0,0.0,0.0,0.0,0.0004698601879440752,5.730002292000917e-05,0.01450836580334632,0.004228741691496677,0.014279165711666285,0.023470089388035756,0.035422874169149667,0.04691725876690351,0.0837038734815494,0.06955076782030713,0.07604859041943617,0.08119413247765299,0.09186339674535869,0.08496447398578959,0.13415081366032547,0.09948429979371992,0.04486591794636718,0.042894797157918864,0.02273664909465964,0.011219344487737795,0.007162502865001146,0.0024639009855603944,0.005294522117808847,0.000206280082512033,0.002819161127664451,0.0,0.0,0.0,0.0,2.2920009168003668e-05,0.0,0.0,0.0,0.0,0.0,0.0,0.0,0.0,0.0,0.0,0.0,0.0,0.0,0.0,0.0,0.0,0.0,0.0,0.0,0.0,0.0,0.0,0.0,0.0,0.0,0.0,0.0,0.0,0.0,0.0,0.0,0.0,0.0,0.0,0.0,0.0,0.0,0.0,0.0,0.0,0.0,0.0,0.0,nan,nan,4.438936781609195,2.8553249340069957,nan,0.9343013053175306,0.023308870490782018,0.0,0.0,0.0,0.0,0.0,0.0,0.0,0.0,0.0,0.0,0.0,0.0,0.0,0.0,0.0,0.0,0.0,0.0,0.0,0.0,0.0,0.0,0.0,0.0,0.0,0.06843065693430658,1.9297445255474457,12.810218978102194,12.372262773722632,2.8193430656934315,0.9342141871570937,0.02293928008303888,0.0,0.0,0.0,0.0,0.0,0.0,0.0,0.0,0.0,0.0,0.0,0.0,0.0,0.0,0.0,0.0,0.0,0.0,0.0,0.0,0.0,0.0,0.0,0.0,0.0,0.05527406725011517,1.8102257024412718,12.726853984339018,12.989405803777064,2.4182404421925385,0.3982,0.00823,0.0,0.0,0.0,0.0,0.0,0.0,0.0,0.0,0.0,0.0,0.0,17.846715328467127,12.15328467153285,0.0,0.0,0.0,0.0,0.0,0.0,0.0,0.0,0.0,0.0,0.0,0.0,0.0,0.0,0.0,0.0,0.0,0.3982,0.00819,0.0,0.0,0.0,0.0,0.0,0.0,0.0,0.0,0.0,0.0,0.0,17.673883003224294,12.326116996775683,0.0,0.0,0.0,0.0,0.0,0.0,0.0,0.0,0.0,0.0,0.0,0.0,0.0,0.0,0.0,0.0,0.0
6500,4667,2361,0.5058924362545533,1129,973,0.4503964002571245,1347,0.5772444825369617,0.39799999999999996,2.893755420641804,3.0282688128081907,6.444954128440367,2.1092190057956435,8365.671394900364,506.6648127144254,7853.0,8866.4,8866.4,0.0,7853.0,0.0,28.200557103064067,20.866489583039044,33.22656449553001,19.01751587112985,0.14056138847225197,0.09492179130062138,0.09042211270623526,0.08313691879151489,0.08249410756374545,0.07328047996571674,0.076065995286051,0.06470966359545746,0.05656738804371116,0.055710306406685235,0.04971073494750375,0.03706878080137133,0.029997857295907437,0.028926505249625027,0.02078422969787872,0.009427898007285194,0.006213841868437969,0.9344459943248241,0.02339034841063789,0.0,0.0,0.0,0.0,0.0,0.0,0.0,0.0,0.0,0.0,0.0,0.0,0.0,0.0,0.0,0.0,0.0,0.0,0.0,0.0,0.0,0.0,0.0,0.0,0.0,0.07713734733233342,2.1405613884722525,12.168416541675597,13.03621169916435,2.577673023355475,4.21042216358839,2.8045236886022087,nan,nan,nan,4.191264063534083,2.790705558691828,4.227631578947369,2.818085328178958,1.0086769802288764,0.3982,0.008354,0.0,0.0,0.0,0.0,0.0,0.0,0.0,0.0,0.0,0.0,0.006428112277694452,18.056567388043685,11.937004499678597,0.0,0.0,0.0,0.0,0.0,0.0,0.0,0.0,0.0,0.0,0.0,0.0,0.0,0.0,0.0,0.0,0.0,nan,nan,4.21042216358839,2.8045236886022087,nan,0.3982,0.03824,0.0,0.0,0.0,0.0,0.0,0.0,0.0,0.0,0.0,0.0,0.0,0.0,0.0,0.0,0.0,0.0,0.0,0.0,0.0,0.0,0.0,0.0,0.0,0.0,0.0,0.0,6.42811227769445e-05,0.0,0.0003964002571244911,0.0,0.01503106920934219,0.00456395971716306,0.01479537175916006,0.02395543175487465,0.032751232054853224,0.04905721019927148,0.08701521319905721,0.06873794728947932,0.07395543175487465,0.07772659095778874,0.09044353974716092,0.08589029355046068,0.13545103921148488,0.09783586886650954,0.04614313263338333,0.04508249410756374,0.022766230983501178,0.01075637454467538,0.006588815084636812,0.0020891364902506965,0.006213841868437969,0.00011784872509106492,0.002539104349689308,0.0,0.0,0.0,0.0,3.214056138847225e-05,0.0,0.0,0.0,0.0,0.0,0.0,0.0,0.0,0.0,0.0,0.0,0.0,0.0,0.0,0.0,0.0,0.0,0.0,0.0,0.0,0.0,0.0,0.0,0.0,0.0,0.0,0.0,0.0,0.0,0.0,0.0,0.0,0.0,0.0,0.0,0.0,0.0,0.0,0.0,0.0,0.0,0.0,0.0,nan,nan,4.21042216358839,2.8045236886022087,nan,0.9350004854064935,0.023368884208443973,0.0,0.0,0.0,0.0,0.0,0.0,0.0,0.0,0.0,0.0,0.0,0.0,0.0,0.0,0.0,0.0,0.0,0.0,0.0,0.0,0.0,0.0,0.0,0.0,0.0,0.06353240152477765,2.020330368487929,11.96950444726811,13.30368487928844,2.6429479034307506,0.9338782781739909,0.023398694217720513,0.0,0.0,0.0,0.0,0.0,0.0,0.0,0.0,0.0,0.0,0.0,0.0,0.0,0.0,0.0,0.0,0.0,0.0,0.0,0.0,0.0,0.0,0.0,0.0,0.0,0.09106678230702518,2.263660017346054,12.372072853425848,12.762359063313099,2.5108412836079794,0.398,0.008316,0.0,0.0,0.0,0.0,0.0,0.0,0.0,0.0,0.0,0.0,0.0,18.068614993646737,11.931385006353244,0.0,0.0,0.0,0.0,0.0,0.0,0.0,0.0,0.0,0.0,0.0,0.0,0.0,0.0,0.0,0.0,0.0,0.3982,0.00839,0.0,0.0,0.0,0.0,0.0,0.0,0.0,0.0,0.0,0.0,0.013009540329575025,18.04423243712053,11.942758022549873,0.0,0.0,0.0,0.0,0.0,0.0,0.0,0.0,0.0,0.0,0.0,0.0,0.0,0.0,0.0,0.0,0.0
6600,4502,2377,0.5279875610839627,1162,905,0.45912927587738783,1252,0.5561972456685917,0.426,3.0263529411764707,3.094018839844851,6.521462639109698,2.171853572453284,8388.062594402487,505.9055773943986,7853.0,8866.4,8866.4,0.0,7853.0,0.0,28.54597956463794,21.00662025828349,33.415505913272014,19.193489404465968,0.13616170590848511,0.09129275877387828,0.08996001776988005,0.08596179475788539,0.08618391825855176,0.07752110173256331,0.07085739671257218,0.0639715681919147,0.05442025766326077,0.05597512216792536,0.04642381163927144,0.03931585961794758,0.038427365615282094,0.024211461572634384,0.018880497556641493,0.011994669035984007,0.008440693025322079,0.9351586701206925,0.023395810421545853,0.0,0.0,0.0,0.0,0.0,0.0,0.0,0.0,0.0,0.0,0.0,0.0,0.0,0.0,0.0,0.0,0.0,0.0,0.0,0.0,0.0,0.0,0.0,0.0,0.0,0.02665482007996447,1.952465570857397,12.35450910706353,12.780986228342963,2.8853842736561535,4.136880856760375,2.905875949980494,nan,nan,nan,4.079017264276229,2.8740258405655412,4.195681511470985,2.9367204207651683,1.0286010672758104,0.3984,0.008224,0.0,0.0,0.0,0.0,0.0,0.0,0.0,0.0,0.0,0.0,0.0,17.578853842736535,12.421146157263442,0.0,0.0,0.0,0.0,0.0,0.0,0.0,0.0,0.0,0.0,0.0,0.0,0.0,0.0,0.0,0.0,0.0,nan,nan,4.136880856760375,2.905875949980494,nan,0.3984,0.0385,0.0,0.0,0.0,0.0,0.0,0.0,0.0,0.0,0.0,0.0,0.0,0.0,0.0,0.0,0.0,0.0,0.0,0.0,0.0,0.0,0.0,0.0,0.0,0.0,0.0,0.0,6.663705019991116e-05,0.0,0.000655264326965793,5.553087516659262e-05,0.014426921368280764,0.004731230564193692,0.014826743669480232,0.02445579742336739,0.03434029320302088,0.04951132829853398,0.08405153265215459,0.06791426032874279,0.07216792536650378,0.07955353176366059,0.08831630386494892,0.08586183918258551,0.13581741448245224,0.09641270546423812,0.04702354509107064,0.04915593069746779,0.02174589071523767,0.010450910706352732,0.006708129720124389,0.0021101732563305197,0.00639715681919147,9.995557529986672e-05,0.003109729009329187,0.0,0.0,0.0,0.0,3.331852509995558e-05,0.0,0.0,0.0,0.0,0.0,0.0,0.0,0.0,0.0,0.0,0.0,0.0,0.0,0.0,0.0,0.0,0.0,0.0,0.0,0.0,0.0,0.0,0.0,0.0,0.0,0.0,0.0,0.0,0.0,0.0,0.0,0.0,0.0,0.0,0.0,0.0,0.0,0.0,0.0,0.0,0.0,0.0,0.0,nan,nan,4.136880856760375,2.905875949980494,nan,0.9347783710006711,0.023259183077252072,0.0,0.0,0.0,0.0,0.0,0.0,0.0,0.0,0.0,0.0,0.0,0.0,0.0,0.0,0.0,0.0,0.0,0.0,0.0,0.0,0.0,0.0,0.0,0.0,0.0,0.025241901556583936,1.9941102229701309,12.557846024400508,12.595708876735383,2.827092974337401,0.9355840682422414,0.023540422122626418,0.0,0.0,0.0,0.0,0.0,0.0,0.0,0.0,0.0,0.0,0.0,0.0,0.0,0.0,0.0,0.0,0.0,0.0,0.0,0.0,0.0,0.0,0.0,0.0,0.0,0.028235294117647067,1.9058823529411768,12.127058823529415,12.98823529411765,2.9505882352941186,0.3982,0.008286,0.0,0.0,0.0,0.0,0.0,0.0,0.0,0.0,0.0,0.0,0.0,17.644089188052142,12.355910811947837,0.0,0.0,0.0,0.0,0.0,0.0,0.0,0.0,0.0,0.0,0.0,0.0,0.0,0.0,0.0,0.0,0.0,0.3984,0.00815,0.0,0.0,0.0,0.0,0.0,0.0,0.0,0.0,0.0,0.0,0.0,17.505882352941153,12.494117647058827,0.0,0.0,0.0,0.0,0.0,0.0,0.0,0.0,0.0,0.0,0.0,0.0,0.0,0.0,0.0,0.0,0.0
6700,4888,2534,0.5184124386252046,1159,1005,0.44271685761047463,1387,0.5675122749590835,0.40599999999999997,2.981733220050977,3.1313780810830596,6.686520376175548,2.236524984226804,8378.359165302783,506.3563227117869,7853.0,8866.4,8866.399999999998,1.8189894035458565e-12,7853.0,0.0,27.678600654664486,20.77340575315478,32.663245356793745,19.033681316623216,0.14136661211129295,0.10167757774140752,0.09390343698854337,0.08633387888707038,0.07958265139116202,0.07590016366612111,0.07099018003273322,0.06648936170212766,0.05319148936170213,0.051759410801963994,0.0484860883797054,0.03866612111292962,0.03539279869067103,0.023117839607201308,0.014934533551554828,0.010229132569558102,0.007978723404255319,0.9345083225963549,0.02322974345864333,0.0,0.0,0.0,0.0,0.0,0.0,0.0,0.0,0.0,0.0,0.0,0.0,0.0,0.0,0.0,0.0,0.0,0.0,0.0,0.0,0.0,0.0,0.0,0.0,0.0,0.03682487725040917,2.0130932896890346,12.373158756137483,13.042144026186582,2.5347790507364985,4.385011257639112,2.922398364071771,nan,nan,nan,4.394037589112119,2.970412003367065,4.376117496807152,2.8742778308253922,0.9959217253058165,0.3982,0.00824,0.0,0.0,0.0,0.0,0.0,0.0,0.0,0.0,0.0,0.0,0.0,17.614566284779023,12.385433715220952,0.0,0.0,0.0,0.0,0.0,0.0,0.0,0.0,0.0,0.0,0.0,0.0,0.0,0.0,0.0,0.0,0.0,nan,nan,4.385011257639112,2.922398364071771,nan,0.3982,0.03854,0.0,0.0,0.0,0.0,0.0,0.0,0.0,0.0,0.0,0.0,0.0,0.0,0.0,0.0,0.0,0.0,0.0,0.0,0.0,0.0,0.0,0.0,0.0,0.0,1.0229132569558102e-05,0.0,0.00011252045826513912,6.13747954173486e-05,0.0007467266775777414,0.0001227495908346972,0.013778641571194763,0.004234860883797054,0.014627659574468085,0.025122749590834697,0.0338379705400982,0.049283960720130936,0.08633387888707038,0.06705196399345335,0.07234042553191489,0.08234451718494272,0.08556669394435353,0.08961743044189853,0.13448240589198035,0.09305441898527005,0.04507978723404255,0.05157528641571195,0.021583469721767595,0.009748363338788871,0.006976268412438625,0.002618657937806874,0.006229541734860884,0.0001227495908346972,0.003304009819967267,1.0229132569558102e-05,1.0229132569558102e-05,1.0229132569558102e-05,0.0,0.0,0.0,0.0,0.0,0.0,0.0,0.0,0.0,0.0,0.0,0.0,0.0,0.0,0.0,0.0,0.0,0.0,0.0,0.0,0.0,0.0,0.0,0.0,0.0,0.0,0.0,0.0,0.0,0.0,0.0,0.0,0.0,0.0,0.0,0.0,0.0,0.0,0.0,0.0,0.0,0.0,0.0,0.0,0.0,nan,nan,4.385011257639112,2.922398364071771,nan,0.9347709947292882,0.02341375139767085,0.0,0.0,0.0,0.0,0.0,0.0,0.0,0.0,0.0,0.0,0.0,0.0,0.0,0.0,0.0,0.0,0.0,0.0,0.0,0.0,0.0,0.0,0.0,0.0,0.0,0.047355958958168916,2.0718232044198897,12.06393054459353,13.188634569850043,2.6282557221783747,0.934225565083673,0.023026673590297756,0.0,0.0,0.0,0.0,0.0,0.0,0.0,0.0,0.0,0.0,0.0,0.0,0.0,0.0,0.0,0.0,0.0,0.0,0.0,0.0,0.0,0.0,0.0,0.0,0.0,0.025488530161427363,1.9498725573491933,12.70603228547154,12.884451996601532,2.434154630416313,0.3984,0.00826,0.0,0.0,0.0,0.0,0.0,0.0,0.0,0.0,0.0,0.0,0.0,17.509865824782928,12.490134175217051,0.0,0.0,0.0,0.0,0.0,0.0,0.0,0.0,0.0,0.0,0.0,0.0,0.0,0.0,0.0,0.0,0.0,0.3982,0.008224,0.0,0.0,0.0,0.0,0.0,0.0,0.0,0.0,0.0,0.0,0.0,17.7272727272727,12.272727272727275,0.0,0.0,0.0,0.0,0.0,0.0,0.0,0.0,0.0,0.0,0.0,0.0,0.0,0.0,0.0,0.0,0.0
6800,4880,2529,0.5182377049180328,1197,996,0.44938524590163936,1352,0.5540983606557377,0.40599999999999997,2.944279030199915,3.0942724048508725,6.498447204968944,2.1428048197770813,8378.182090163935,506.36281690421544,7853.0,8866.4,8866.399999999998,1.8189894035458565e-12,7853.0,0.0,28.11188524590164,21.067625844905493,33.17723378212974,19.290015445758726,0.13995901639344263,0.09979508196721311,0.09241803278688525,0.08790983606557377,0.07807377049180328,0.0680327868852459,0.07172131147540983,0.06823770491803278,0.05983606557377049,0.048975409836065575,0.04610655737704918,0.041188524590163936,0.031762295081967214,0.026024590163934425,0.021721311475409837,0.010450819672131148,0.00778688524590164,0.9354862463156708,0.023668126952928928,0.0,0.0,0.0,0.0,0.0,0.0,0.0,0.0,0.0,0.0,0.0,0.0,0.0,0.0,0.0,0.0,0.0,0.0,0.0,0.0,0.0,0.0,0.0,0.0,0.0,0.0737704918032787,1.9180327868852463,11.73565573770492,13.524590163934429,2.747950819672132,4.2060126582278485,2.8876036755727994,nan,nan,nan,4.089084065244667,2.842073886993665,4.325031928480204,2.928430981435128,1.0577018861610072,0.3977,0.0083,0.0,0.0,0.0,0.0,0.0,0.0,0.0,0.0,0.0,0.0,0.006147540983606559,18.086065573770465,11.907786885245905,0.0,0.0,0.0,0.0,0.0,0.0,0.0,0.0,0.0,0.0,0.0,0.0,0.0,0.0,0.0,0.0,0.0,nan,nan,4.2060126582278485,2.8876036755727994,nan,0.3977,0.0387,0.0,0.0,0.0,0.0,0.0,0.0,0.0,0.0,0.0,0.0,0.0,0.0,0.0,0.0,0.0,0.0,0.0,0.0,0.0,0.0,0.0,0.0,0.0,0.0,1.0245901639344262e-05,0.0,0.00011270491803278689,6.147540983606557e-05,0.0011885245901639345,0.000194672131147541,0.01382172131147541,0.0037704918032786887,0.014866803278688525,0.027899590163934427,0.034375,0.05036885245901639,0.08570696721311476,0.06769467213114753,0.07506147540983607,0.07910860655737705,0.08398565573770492,0.09353483606557376,0.13221311475409836,0.0904405737704918,0.04306352459016394,0.05168032786885246,0.02276639344262295,0.009139344262295082,0.0070389344262295084,0.0022233606557377048,0.006198770491803279,0.00035860655737704917,0.0031045081967213113,0.0,1.0245901639344262e-05,0.0,0.0,0.0,0.0,0.0,0.0,0.0,0.0,0.0,0.0,0.0,0.0,0.0,0.0,0.0,0.0,0.0,0.0,0.0,0.0,0.0,0.0,0.0,0.0,0.0,0.0,0.0,0.0,0.0,0.0,0.0,0.0,0.0,0.0,0.0,0.0,0.0,0.0,0.0,0.0,0.0,0.0,0.0,0.0,0.0,0.0,nan,nan,4.2060126582278485,2.8876036755727994,nan,0.9353426848772063,0.023540802283971138,0.0,0.0,0.0,0.0,0.0,0.0,0.0,0.0,0.0,0.0,0.0,0.0,0.0,0.0,0.0,0.0,0.0,0.0,0.0,0.0,0.0,0.0,0.0,0.0,0.0,0.08303677342823253,1.969157769869514,11.601423487544487,13.760379596678533,2.5860023724792414,0.9356406771442018,0.023803364734122916,0.0,0.0,0.0,0.0,0.0,0.0,0.0,0.0,0.0,0.0,0.0,0.0,0.0,0.0,0.0,0.0,0.0,0.0,0.0,0.0,0.0,0.0,0.0,0.0,0.0,0.06380263717566995,1.8630370055295622,11.880051042109743,13.270948532539348,2.9221607826456832,0.3975,0.008224,0.0,0.0,0.0,0.0,0.0,0.0,0.0,0.0,0.0,0.0,0.011862396204033218,18.422301304863556,11.565836298932387,0.0,0.0,0.0,0.0,0.0,0.0,0.0,0.0,0.0,0.0,0.0,0.0,0.0,0.0,0.0,0.0,0.0,0.398,0.00838,0.0,0.0,0.0,0.0,0.0,0.0,0.0,0.0,0.0,0.0,0.0,17.72437260740108,12.275627392598897,0.0,0.0,0.0,0.0,0.0,0.0,0.0,0.0,0.0,0.0,0.0,0.0,0.0,0.0,0.0,0.0,0.0
6900,4813,2468,0.5127778932059007,1200,1002,0.4575109079576148,1428,0.5933928942447538,0.37799999999999995,3.0643923240938165,3.0325369029626343,6.257534246575342,2.140152203537548,8372.64911697486,506.5345105415536,7853.0,8866.4,8866.399999999998,1.8189894035458565e-12,7853.0,0.0,29.340120506960314,21.18420307069182,34.1016825164594,19.310768464404557,0.1329731975898608,0.08414710159983378,0.08934136713068772,0.08664034905464367,0.07500519426553086,0.07417411178059423,0.07251194681072097,0.07168086432578434,0.05838354456679826,0.05360482027841263,0.052565967172241844,0.04467068356534386,0.03428215250363598,0.026802410139206315,0.022023685850820693,0.01412840224392271,0.007064201121961355,0.9357431026672143,0.023374439678403795,0.0,0.0,0.0,0.0,0.0,0.0,0.0,0.0,0.0,0.0,0.0,0.0,0.0,0.0,0.0,0.0,0.0,0.0,0.0,0.0,0.0,0.0,0.0,0.0,0.0,0.043631830459173085,1.8263037606482446,11.948888427176401,13.338873883232914,2.8423020984832754,4.176797284788646,2.8129869817112203,nan,nan,nan,4.223926380368098,2.7903500309448,4.12911235257604,2.834909697387689,0.9775531059838699,0.3972,0.00854,0.0,0.0,0.0,0.0,0.0,0.0,0.0,0.0,0.0,0.0,0.0,18.661957199251997,11.338042800747978,0.0,0.0,0.0,0.0,0.0,0.0,0.0,0.0,0.0,0.0,0.0,0.0,0.0,0.0,0.0,0.0,0.0,nan,nan,4.176797284788646,2.8129869817112203,nan,0.3972,0.03906,0.0,0.0,0.0,0.0,0.0,0.0,0.0,0.0,0.0,0.0,0.0,0.0,0.0,0.0,0.0,0.0,0.0,0.0,0.0,0.0,0.0,0.0,0.0,0.0,0.0,0.0,0.00020777062123415748,6.233118637024725e-05,0.0017244961562435071,0.00014543943486391024,0.014169956368169541,0.003926864741325577,0.014263453147724911,0.028900893413671306,0.03569499272802826,0.05306461666320382,0.08715977560772907,0.06907334302929566,0.07579472262622065,0.07716600872636609,0.0800955744857677,0.0937980469561604,0.13321213380428007,0.08849989611468938,0.04132557656347392,0.047434032827758155,0.023945564097236652,0.011250779139829628,0.006378558071888635,0.002378973613131103,0.0064305007271971745,0.0006025348015790568,0.003220444629129441,7.271971743195512e-05,0.0,0.0,0.0,0.0,0.0,0.0,0.0,0.0,0.0,0.0,0.0,0.0,0.0,0.0,0.0,0.0,0.0,0.0,0.0,0.0,0.0,0.0,0.0,0.0,0.0,0.0,0.0,0.0,0.0,0.0,0.0,0.0,0.0,0.0,0.0,0.0,0.0,0.0,0.0,0.0,0.0,0.0,0.0,0.0,0.0,0.0,0.0,nan,nan,4.176797284788646,2.8129869817112203,nan,0.9359947052486906,0.023427835892284088,0.0,0.0,0.0,0.0,0.0,0.0,0.0,0.0,0.0,0.0,0.0,0.0,0.0,0.0,0.0,0.0,0.0,0.0,0.0,0.0,0.0,0.0,0.0,0.0,0.0,0.048622366288492716,1.7868719611021073,11.81523500810373,13.517017828200975,2.832252836304701,0.9354783030206969,0.023315178357670323,0.0,0.0,0.0,0.0,0.0,0.0,0.0,0.0,0.0,0.0,0.0,0.0,0.0,0.0,0.0,0.0,0.0,0.0,0.0,0.0,0.0,0.0,0.0,0.0,0.0,0.03837953091684435,1.8678038379530921,12.089552238805974,13.151385927505334,2.852878464818764,0.397,0.00862,0.0,0.0,0.0,0.0,0.0,0.0,0.0,0.0,0.0,0.0,0.0,18.914100486223635,11.08589951377634,0.0,0.0,0.0,0.0,0.0,0.0,0.0,0.0,0.0,0.0,0.0,0.0,0.0,0.0,0.0,0.0,0.0,0.3975,0.008446,0.0,0.0,0.0,0.0,0.0,0.0,0.0,0.0,0.0,0.0,0.0,18.396588486140697,11.603411513859278,0.0,0.0,0.0,0.0,0.0,0.0,0.0,0.0,0.0,0.0,0.0,0.0,0.0,0.0,0.0,0.0,0.0
7000,4403,2256,0.5123779241426301,1023,900,0.4367476720417897,1225,0.5564387917329093,0.438,2.9571495109455053,3.0880614922141447,6.589743589743589,2.1600642842359017,8372.243788326143,506.5447101435655,7853.0,8866.4,8866.4,0.0,7853.0,0.0,28.069270951623892,21.218373332493552,33.192443598804026,19.456517196334644,0.1410401998637293,0.10992505110152169,0.08675902793549853,0.08267090620031796,0.08335225982284805,0.07063365886895298,0.06677265500794913,0.062230297524415175,0.05314558255734726,0.05541676129911424,0.04406086759027936,0.04178968884851238,0.03861003861003861,0.02589143765614354,0.018169429934135818,0.011810129457188281,0.007722007722007722,0.9366590190875972,0.02319117504799455,0.0,0.0,0.0,0.0,0.0,0.0,0.0,0.0,0.0,0.0,0.0,0.0,0.0,0.0,0.0,0.0,0.0,0.0,0.0,0.0,0.0,0.0,0.0,0.0,0.0,0.04769475357710653,1.53304565069271,11.671587553940498,13.960935725641612,2.7867363161480814,4.27958894401134,2.8454400042115364,nan,nan,nan,4.348703170028818,2.8280740161810822,4.214235868806699,2.8609590948268373,0.9690787584333497,0.397,0.00832,0.0,0.0,0.0,0.0,0.0,0.0,0.0,0.0,0.0,0.0,0.0,19.336815807404015,10.663184192595958,0.0,0.0,0.0,0.0,0.0,0.0,0.0,0.0,0.0,0.0,0.0,0.0,0.0,0.0,0.0,0.0,0.0,nan,nan,4.27958894401134,2.8454400042115364,nan,0.397,0.03903,0.0,0.0,0.0,0.0,0.0,0.0,0.0,0.0,0.0,0.0,0.0,0.0,0.0,0.0,0.0,0.0,0.0,0.0,0.0,0.0,0.0,0.0,0.0,0.0,0.0,0.0,0.00018169429934135816,0.00019305019305019305,0.0019532137179196,0.0003179650238473768,0.01447876447876448,0.0037020213490801725,0.014887576652282535,0.028560072677719737,0.03637292754939814,0.05070406540994776,0.08896207131501249,0.07206450147626618,0.07245060186236657,0.07595957301839655,0.0807290483761072,0.09976152623211447,0.1266636384283443,0.09012037247331366,0.040858505564387915,0.04795593913240972,0.02405178287531229,0.010719963661140131,0.006802180331592096,0.0019305019305019305,0.0060299795593913245,0.0005791505791505791,0.0028276175334998863,0.00018169429934135816,0.0,0.0,0.0,0.0,0.0,0.0,0.0,0.0,0.0,0.0,0.0,0.0,0.0,0.0,0.0,0.0,0.0,0.0,0.0,0.0,0.0,0.0,0.0,0.0,0.0,0.0,0.0,0.0,0.0,0.0,0.0,0.0,0.0,0.0,0.0,0.0,0.0,0.0,0.0,0.0,0.0,0.0,0.0,0.0,0.0,0.0,0.0,nan,nan,4.27958894401134,2.8454400042115364,nan,0.9372755224347538,0.023132796478065897,0.0,0.0,0.0,0.0,0.0,0.0,0.0,0.0,0.0,0.0,0.0,0.0,0.0,0.0,0.0,0.0,0.0,0.0,0.0,0.0,0.0,0.0,0.0,0.0,0.0,0.06648936170212767,1.3563829787234045,11.476063829787238,14.228723404255323,2.872340425531916,0.9360112167815025,0.023234741269798583,0.0,0.0,0.0,0.0,0.0,0.0,0.0,0.0,0.0,0.0,0.0,0.0,0.0,0.0,0.0,0.0,0.0,0.0,0.0,0.0,0.0,0.0,0.0,0.0,0.0,0.027945971122496513,1.7186772240335355,11.877037727061019,13.679552864462044,2.6967862133209133,0.3972,0.0083,0.0,0.0,0.0,0.0,0.0,0.0,0.0,0.0,0.0,0.0,0.0,19.29521276595742,10.704787234042556,0.0,0.0,0.0,0.0,0.0,0.0,0.0,0.0,0.0,0.0,0.0,0.0,0.0,0.0,0.0,0.0,0.0,0.397,0.00835,0.0,0.0,0.0,0.0,0.0,0.0,0.0,0.0,0.0,0.0,0.0,19.3805309734513,10.619469026548675,0.0,0.0,0.0,0.0,0.0,0.0,0.0,0.0,0.0,0.0,0.0,0.0,0.0,0.0,0.0,0.0,0.0
7100,4675,2450,0.5240641711229946,1140,906,0.4376470588235294,1275,0.5454545454545454,0.414,2.947865168539326,3.155587330046629,6.7344262295081965,2.251038758098037,8384.086631016044,506.11281571176124,7853.0,8866.4,8866.399999999998,1.8189894035458565e-12,7853.0,0.0,28.09197860962567,21.130247722456467,33.25249935913868,19.329137514910023,0.14524064171122994,0.09946524064171124,0.0906951871657754,0.08213903743315508,0.08235294117647059,0.07850267379679145,0.062245989304812836,0.06010695187165775,0.055828877005347596,0.05668449197860963,0.04556149732620321,0.038502673796791446,0.035935828877005346,0.031657754010695184,0.020106951871657754,0.008342245989304813,0.0066310160427807486,0.937736682432858,0.02334016833754319,0.0,0.0,0.0,0.0,0.0,0.0,0.0,0.0,0.0,0.0,0.0,0.0,0.0,0.0,0.0,0.0,0.0,0.0,0.0,0.0,0.0,0.0,0.0,0.0,0.0,0.02566844919786097,1.5529411764705887,11.191443850267383,13.970053475935831,3.259893048128343,4.267221297836938,2.908386021581059,nan,nan,nan,4.20945945945946,2.9146725243210665,4.32327868852459,2.9011725844829805,1.0270389179801596,0.3977,0.008644,0.0,0.0,0.0,0.0,0.0,0.0,0.0,0.0,0.0,0.0,0.0,18.26310160427805,11.736898395721928,0.0,0.0,0.0,0.0,0.0,0.0,0.0,0.0,0.0,0.0,0.0,0.0,0.0,0.0,0.0,0.0,0.0,nan,nan,4.267221297836938,2.908386021581059,nan,0.3977,0.03906,0.0,0.0,0.0,0.0,0.0,0.0,0.0,0.0,0.0,0.0,0.0,0.0,0.0,0.0,0.0,0.0,0.0,0.0,0.0,0.0,0.0,0.0,1.0695187165775402e-05,0.0,0.0,0.0,0.00027807486631016044,4.2780748663101606e-05,0.002181818181818182,0.0005240641711229947,0.014128342245989306,0.0037754010695187166,0.01429946524064171,0.027636363636363636,0.03586096256684492,0.0485668449197861,0.08690909090909091,0.07222459893048129,0.07281283422459893,0.07496256684491978,0.08240641711229947,0.09668449197860962,0.12775401069518716,0.09397860962566845,0.044213903743315505,0.047572192513368985,0.021903743315508022,0.011903743315508022,0.0072834224598930485,0.002160427807486631,0.006342245989304813,0.0005989304812834224,0.002609625668449198,0.0003636363636363636,0.0,1.0695187165775402e-05,0.0,0.0,0.0,0.0,0.0,0.0,0.0,0.0,0.0,0.0,0.0,0.0,0.0,0.0,0.0,0.0,0.0,0.0,0.0,0.0,0.0,0.0,0.0,0.0,0.0,0.0,0.0,0.0,0.0,0.0,0.0,0.0,0.0,0.0,0.0,0.0,0.0,0.0,0.0,0.0,0.0,0.0,0.0,0.0,0.0,nan,nan,4.267221297836938,2.908386021581059,nan,0.937193386895316,0.02327913527139674,0.0,0.0,0.0,0.0,0.0,0.0,0.0,0.0,0.0,0.0,0.0,0.0,0.0,0.0,0.0,0.0,0.0,0.0,0.0,0.0,0.0,0.0,0.0,0.0,0.0,0.024489795918367353,1.5673469387755106,11.52244897959184,13.861224489795921,3.024489795918368,0.9383349179685786,0.023392597151755883,0.0,0.0,0.0,0.0,0.0,0.0,0.0,0.0,0.0,0.0,0.0,0.0,0.0,0.0,0.0,0.0,0.0,0.0,0.0,0.0,0.0,0.0,0.0,0.0,0.0,0.026966292134831468,1.5370786516853936,10.826966292134832,14.089887640449442,3.5191011235955063,0.3975,0.00856,0.0,0.0,0.0,0.0,0.0,0.0,0.0,0.0,0.0,0.0,0.0,18.62448979591834,11.375510204081635,0.0,0.0,0.0,0.0,0.0,0.0,0.0,0.0,0.0,0.0,0.0,0.0,0.0,0.0,0.0,0.0,0.0,0.398,0.00873,0.0,0.0,0.0,0.0,0.0,0.0,0.0,0.0,0.0,0.0,0.0,17.865168539325815,12.13483146067416,0.0,0.0,0.0,0.0,0.0,0.0,0.0,0.0,0.0,0.0,0.0,0.0,0.0,0.0,0.0,0.0,0.0
7200,4676,2439,0.5215996578272027,1115,942,0.4399059024807528,1292,0.5526090675791274,0.418,2.984354045596781,3.1157417090756447,6.6078125,2.1383992762914388,8381.589093242088,506.2269822886162,7853.0,8866.4,8866.4,0.0,7853.0,0.0,28.25213857998289,21.229074276957697,33.26904458598726,19.48343009153599,0.14093242087254063,0.09687767322497862,0.0955945252352438,0.08575705731394354,0.07848588537211292,0.07356715141146279,0.0688622754491018,0.06073567151411463,0.0611633875106929,0.05239520958083832,0.04576561163387511,0.038280581693755346,0.03357570573139435,0.027801539777587682,0.017750213857998288,0.01240376390076989,0.010051325919589392,0.9377986816283064,0.023472346602839304,0.0,0.0,0.0,0.0,0.0,0.0,0.0,0.0,0.0,0.0,0.0,0.0,0.0,0.0,0.0,0.0,0.0,0.0,0.0,0.0,0.0,0.0,0.0,0.0,0.0,0.07057313943541489,1.4756201881950388,11.105645851154836,14.101796407185631,3.2463644140290855,4.2831946755407655,2.903093841739939,nan,nan,nan,4.255333333333334,2.892427738461623,4.310963455149501,2.913420556242251,1.013073035050016,0.3982,0.0083,0.0,0.0,0.0,0.0,0.0,0.0,0.0,0.0,0.0,0.0,0.006415739948674082,17.2711719418306,12.722412318220705,0.0,0.0,0.0,0.0,0.0,0.0,0.0,0.0,0.0,0.0,0.0,0.0,0.0,0.0,0.0,0.0,0.0,nan,nan,4.2831946755407655,2.903093841739939,nan,0.3982,0.03903,0.0,0.0,0.0,0.0,0.0,0.0,0.0,0.0,0.0,0.0,0.0,0.0,0.0,0.0,0.0,0.0,0.0,0.0,0.0,0.0,0.0,0.0,4.2771599657827206e-05,0.0,0.0,0.0,0.00043840889649272884,0.0,0.0016787852865697177,0.0003956372968349016,0.013312660393498717,0.0032827202737382376,0.013847305389221557,0.025545337895637298,0.03770316509837468,0.04782934131736527,0.08594952951240377,0.07385585970915312,0.07261548331907614,0.07151411462788708,0.08095594525235243,0.0966103507271172,0.12906330196749358,0.09393712574850299,0.04703806672369547,0.04816082121471343,0.023823781009409753,0.012446535500427717,0.007335329341317366,0.0020102651839178786,0.0071535500427715995,0.0006522668947818648,0.0025021385799828912,0.000213857998289136,6.415739948674081e-05,0.0,2.1385799828913603e-05,0.0,0.0,0.0,0.0,0.0,0.0,0.0,0.0,0.0,0.0,0.0,0.0,0.0,0.0,0.0,0.0,0.0,0.0,0.0,0.0,0.0,0.0,0.0,0.0,0.0,0.0,0.0,0.0,0.0,0.0,0.0,0.0,0.0,0.0,0.0,0.0,0.0,0.0,0.0,0.0,0.0,0.0,0.0,0.0,nan,nan,4.2831946755407655,2.903093841739939,nan,0.9374932533114012,0.02362723914253528,0.0,0.0,0.0,0.0,0.0,0.0,0.0,0.0,0.0,0.0,0.0,0.0,0.0,0.0,0.0,0.0,0.0,0.0,0.0,0.0,0.0,0.0,0.0,0.0,0.0,0.061500615006150075,1.574415744157442,11.180811808118085,13.997539975399757,3.185731857318574,0.9381316899720398,0.02329773180222158,0.0,0.0,0.0,0.0,0.0,0.0,0.0,0.0,0.0,0.0,0.0,0.0,0.0,0.0,0.0,0.0,0.0,0.0,0.0,0.0,0.0,0.0,0.0,0.0,0.0,0.08046490835940993,1.367903442109969,11.023692445239163,14.215467143495756,3.3124720607957094,0.3984,0.008415,0.0,0.0,0.0,0.0,0.0,0.0,0.0,0.0,0.0,0.0,0.012300123001230016,17.318573185731832,12.669126691266916,0.0,0.0,0.0,0.0,0.0,0.0,0.0,0.0,0.0,0.0,0.0,0.0,0.0,0.0,0.0,0.0,0.0,0.3982,0.008156,0.0,0.0,0.0,0.0,0.0,0.0,0.0,0.0,0.0,0.0,0.0,17.219490388913698,12.780509611086279,0.0,0.0,0.0,0.0,0.0,0.0,0.0,0.0,0.0,0.0,0.0,0.0,0.0,0.0,0.0,0.0,0.0
7300,4855,2485,0.5118434603501545,1166,993,0.4446961894953656,1367,0.5631307929969104,0.41,3.0025316455696203,3.0748733163247257,6.540059347181009,2.039454455777348,8371.702162718846,506.55783291749634,7853.0,8866.4,8866.4,0.0,7853.0,0.0,28.157569515962926,20.909704650536433,33.18614931237721,19.07582905487852,0.14088568486096809,0.09618949536560246,0.08795056642636458,0.09227600411946447,0.07868177136972193,0.0733264675592173,0.0698249227600412,0.06323377960865087,0.05829042224510814,0.050669412976313076,0.04737384140061792,0.04757981462409887,0.03460350154479917,0.026570545829042225,0.016477857878475798,0.010092687950566427,0.005973223480947477,0.9369992398945605,0.023551229124071208,0.0,0.0,0.0,0.0,0.0,0.0,0.0,0.0,0.0,0.0,0.0,0.0,0.0,0.0,0.0,0.0,0.0,0.0,0.0,0.0,0.0,0.0,0.0,0.0,0.0,0.03707518022657055,1.7363542739443876,11.406797116374875,13.520082389289396,3.299691040164779,4.269035532994923,2.8418474694019986,nan,nan,nan,4.302931596091205,2.8511540389160133,4.236858379715523,2.8326093047665766,0.9846446045213214,0.3984,0.00838,0.0,0.0,0.0,0.0,0.0,0.0,0.0,0.0,0.0,0.0,0.0,17.01132852729143,12.988671472708551,0.0,0.0,0.0,0.0,0.0,0.0,0.0,0.0,0.0,0.0,0.0,0.0,0.0,0.0,0.0,0.0,0.0,nan,nan,4.269035532994923,2.8418474694019986,nan,0.3984,0.0393,0.0,0.0,0.0,0.0,0.0,0.0,0.0,0.0,0.0,0.0,0.0,0.0,0.0,0.0,0.0,0.0,0.0,0.0,0.0,0.0,0.0,0.0,0.0,0.0,0.0,0.0,0.0003707518022657055,1.0298661174047373e-05,0.001709577754891864,0.0005664263645726056,0.01184346035015448,0.003439752832131823,0.014922760041194645,0.025592173017507724,0.034212152420185375,0.051637487126673536,0.08633367662203914,0.07507723995880536,0.07577754891864058,0.07084449021627189,0.07705458290422246,0.09320288362512873,0.1284346035015448,0.09605561277033986,0.047538619979402674,0.046395468589083416,0.023264675592173018,0.012214212152420186,0.008177136972193615,0.002811534500514933,0.008815653964984552,0.0005046343975283214,0.0028733264675592173,0.00022657054582904222,9.268795056642637e-05,0.0,0.0,0.0,0.0,0.0,0.0,0.0,0.0,0.0,0.0,0.0,0.0,0.0,0.0,0.0,0.0,0.0,0.0,0.0,0.0,0.0,0.0,0.0,0.0,0.0,0.0,0.0,0.0,0.0,0.0,0.0,0.0,0.0,0.0,0.0,0.0,0.0,0.0,0.0,0.0,0.0,0.0,0.0,0.0,0.0,0.0,nan,nan,4.269035532994923,2.8418474694019986,nan,0.9376392345313335,0.023499169995396148,0.0,0.0,0.0,0.0,0.0,0.0,0.0,0.0,0.0,0.0,0.0,0.0,0.0,0.0,0.0,0.0,0.0,0.0,0.0,0.0,0.0,0.0,0.0,0.0,0.0,0.012072434607645878,1.5573440643863183,11.39637826961771,13.593561368209258,3.440643863179075,0.9363281906657078,0.023587048860318642,0.0,0.0,0.0,0.0,0.0,0.0,0.0,0.0,0.0,0.0,0.0,0.0,0.0,0.0,0.0,0.0,0.0,0.0,0.0,0.0,0.0,0.0,0.0,0.0,0.0,0.06329113924050635,1.9240506329113929,11.417721518987344,13.443037974683547,3.151898734177216,0.3984,0.00838,0.0,0.0,0.0,0.0,0.0,0.0,0.0,0.0,0.0,0.0,0.0,17.10663983903418,12.893360160965798,0.0,0.0,0.0,0.0,0.0,0.0,0.0,0.0,0.0,0.0,0.0,0.0,0.0,0.0,0.0,0.0,0.0,0.3987,0.00838,0.0,0.0,0.0,0.0,0.0,0.0,0.0,0.0,0.0,0.0,0.0,16.911392405063268,13.088607594936711,0.0,0.0,0.0,0.0,0.0,0.0,0.0,0.0,0.0,0.0,0.0,0.0,0.0,0.0,0.0,0.0,0.0
7400,4747,2511,0.5289656625236991,1194,950,0.45165367600589845,1296,0.5460290709922057,0.40199999999999997,2.962432915921288,3.108563707025142,6.586261980830671,2.198547971676354,8389.053802401517,505.8490330964096,7853.0,8866.4,8866.4,0.0,7853.0,0.0,27.56182852327786,20.593452583393848,32.516356316054356,18.847428881688106,0.14072045502422584,0.10301242890246472,0.09648198862439436,0.08426374552348852,0.08236781124921003,0.06972824942068676,0.07183484305877397,0.06319780914261638,0.0594059405940594,0.056246050136928585,0.04592374131030124,0.03834000421318728,0.03391615757320413,0.02380450811038551,0.014956814830419211,0.010532968190436065,0.005266484095218032,0.9375069568552468,0.023578649342826143,0.0,0.0,0.0,0.0,0.0,0.0,0.0,0.0,0.0,0.0,0.0,0.0,0.0,0.0,0.0,0.0,0.0,0.0,0.0,0.0,0.0,0.0,0.0,0.0,0.0,0.044238466399831484,1.529386981251317,11.533600168527494,13.64440699389088,3.248367389930483,4.262446422683811,2.919238947537561,nan,nan,nan,4.306270627062706,2.905541584689222,4.2187088274044795,2.9321924811607385,0.9796664429058533,0.3984,0.008446,0.0,0.0,0.0,0.0,0.0,0.0,0.0,0.0,0.0,0.0,0.0,17.09500737307771,12.90499262692227,0.0,0.0,0.0,0.0,0.0,0.0,0.0,0.0,0.0,0.0,0.0,0.0,0.0,0.0,0.0,0.0,0.0,nan,nan,4.262446422683811,2.919238947537561,nan,0.3984,0.03934,0.0,0.0,0.0,0.0,0.0,0.0,0.0,0.0,0.0,0.0,0.0,0.0,0.0,0.0,0.0,0.0,0.0,0.0,0.0,0.0,0.0,0.0,0.0,0.0,0.0,0.0,0.00032652201390351803,0.0,0.0015378133558036655,0.0004529176321887508,0.011954918896144934,0.004002527912365704,0.014461765325468718,0.025121129134190016,0.035001053296819046,0.050421318727617445,0.08617021276595745,0.07899726142827049,0.07638508531704234,0.07153991994944175,0.07537392037076047,0.08787655361280809,0.12797556351379819,0.0976932799662945,0.050115862650094795,0.04453338950916368,0.023425321255529808,0.01271329260585633,0.008658099852538445,0.002591110174847272,0.00965873183062987,0.000484516536760059,0.0021697914472298295,0.00013692858647566884,0.00022119233199915735,0.0,0.0,0.0,0.0,0.0,0.0,0.0,0.0,0.0,0.0,0.0,0.0,0.0,0.0,0.0,0.0,0.0,0.0,0.0,0.0,0.0,0.0,0.0,0.0,0.0,0.0,0.0,0.0,0.0,0.0,0.0,0.0,0.0,0.0,0.0,0.0,0.0,0.0,0.0,0.0,0.0,0.0,0.0,0.0,0.0,0.0,nan,nan,4.262446422683811,2.919238947537561,nan,0.9378960516432849,0.02369332057809759,0.0,0.0,0.0,0.0,0.0,0.0,0.0,0.0,0.0,0.0,0.0,0.0,0.0,0.0,0.0,0.0,0.0,0.0,0.0,0.0,0.0,0.0,0.0,0.0,0.0,0.05973715651135007,1.5292712066905618,11.350059737156514,13.703703703703706,3.357228195937874,0.9370700082806653,0.02344150909455863,0.0,0.0,0.0,0.0,0.0,0.0,0.0,0.0,0.0,0.0,0.0,0.0,0.0,0.0,0.0,0.0,0.0,0.0,0.0,0.0,0.0,0.0,0.0,0.0,0.0,0.02683363148479428,1.529516994633274,11.739713774597499,13.577817531305907,3.126118067978534,0.3984,0.00851,0.0,0.0,0.0,0.0,0.0,0.0,0.0,0.0,0.0,0.0,0.0,17.10872162485063,12.891278375149346,0.0,0.0,0.0,0.0,0.0,0.0,0.0,0.0,0.0,0.0,0.0,0.0,0.0,0.0,0.0,0.0,0.0,0.3987,0.00836,0.0,0.0,0.0,0.0,0.0,0.0,0.0,0.0,0.0,0.0,0.0,17.07960644007153,12.920393559928447,0.0,0.0,0.0,0.0,0.0,0.0,0.0,0.0,0.0,0.0,0.0,0.0,0.0,0.0,0.0,0.0,0.0
7500,4797,2474,0.5157390035438816,1159,981,0.4461121534292266,1337,0.5574317281634354,0.414,2.981058975462764,3.1593608797845536,6.660465116279069,2.228999101159346,8375.64990619137,506.4489021535009,7853.0,8866.4,8866.4,0.0,7853.0,0.0,27.638524077548468,20.89920019630439,32.79734468937876,19.121022199226523,0.14446529080675422,0.09818636647904941,0.09339170314780071,0.08838857619345425,0.08505315822388994,0.07296226808421931,0.07379612257661038,0.0579528872211799,0.05711903272878883,0.051490514905149054,0.04648738795080259,0.03710652491140296,0.0300187617260788,0.028142589118198873,0.016260162601626018,0.011673962893475089,0.0075046904315197,0.9370644030432813,0.023262481826720277,0.0,0.0,0.0,0.0,0.0,0.0,0.0,0.0,0.0,0.0,0.0,0.0,0.0,0.0,0.0,0.0,0.0,0.0,0.0,0.0,0.0,0.0,0.0,0.0,0.0,0.02501563477173234,1.7260787992495312,11.425891181988746,13.783614759224518,3.0393996247654793,4.266016260162601,2.920763832559775,nan,nan,nan,4.30718954248366,2.9135272644916834,4.225242718446602,2.927341873219778,0.9809744095938243,0.3984,0.00847,0.0,0.0,0.0,0.0,0.0,0.0,0.0,0.0,0.0,0.0,0.01250781738586617,17.28580362726702,12.701688555347095,0.0,0.0,0.0,0.0,0.0,0.0,0.0,0.0,0.0,0.0,0.0,0.0,0.0,0.0,0.0,0.0,0.0,nan,nan,4.266016260162601,2.920763832559775,nan,0.3984,0.03937,0.0,0.0,0.0,0.0,0.0,0.0,0.0,0.0,0.0,0.0,0.0,0.0,0.0,0.0,0.0,0.0,0.0,0.0,0.0,0.0,0.0,0.0,0.0,0.0,0.0,0.0,0.00013550135501355014,3.1269543464665416e-05,0.0014279758182197207,0.0004481967896602043,0.012528663748175944,0.0036272670419011882,0.015113612674588285,0.026568688763810716,0.03290598290598291,0.05202209714404837,0.08648113404210965,0.07853867000208464,0.07742338961851157,0.06730248071711487,0.07720450281425892,0.0873358348968105,0.12781947050239734,0.09770690014592454,0.052157598499061916,0.043287471336251826,0.02481759432978945,0.011851156973108193,0.007556806337294142,0.002209714404836356,0.010485720241817802,0.0005420054200542005,0.0020846362309776944,0.00019804044194288097,0.00017719407963310402,1.0423181154888472e-05,0.0,0.0,0.0,0.0,0.0,0.0,0.0,0.0,0.0,0.0,0.0,0.0,0.0,0.0,0.0,0.0,0.0,0.0,0.0,0.0,0.0,0.0,0.0,0.0,0.0,0.0,0.0,0.0,0.0,0.0,0.0,0.0,0.0,0.0,0.0,0.0,0.0,0.0,0.0,0.0,0.0,0.0,0.0,0.0,0.0,nan,nan,4.266016260162601,2.920763832559775,nan,0.9371348526705247,0.023133444806487914,0.0,0.0,0.0,0.0,0.0,0.0,0.0,0.0,0.0,0.0,0.0,0.0,0.0,0.0,0.0,0.0,0.0,0.0,0.0,0.0,0.0,0.0,0.0,0.0,0.0,0.04850444624090543,1.6127728375101054,11.374292643492323,13.90864995957963,3.055780113177042,0.9369893740386323,0.023398890830959397,0.0,0.0,0.0,0.0,0.0,0.0,0.0,0.0,0.0,0.0,0.0,0.0,0.0,0.0,0.0,0.0,0.0,0.0,0.0,0.0,0.0,0.0,0.0,0.0,0.0,0.0,1.8467498923805428,11.480843736547572,13.650452001721915,3.021954369349979,0.3982,0.00859,0.0,0.0,0.0,0.0,0.0,0.0,0.0,0.0,0.0,0.0,0.012126111560226357,17.77687954729181,12.210994341147941,0.0,0.0,0.0,0.0,0.0,0.0,0.0,0.0,0.0,0.0,0.0,0.0,0.0,0.0,0.0,0.0,0.0,0.3984,0.00835,0.0,0.0,0.0,0.0,0.0,0.0,0.0,0.0,0.0,0.0,0.012914334911752048,16.76280671545413,13.224278949634098,0.0,0.0,0.0,0.0,0.0,0.0,0.0,0.0,0.0,0.0,0.0,0.0,0.0,0.0,0.0,0.0,0.0
7600,4784,2517,0.5261287625418061,1197,953,0.44941471571906355,1313,0.5489130434782609,0.414,3.0679311865902075,3.100687815698528,6.542600896860987,2.1456793846200903,8386.178887959866,506.0076664363977,7853.0,8866.4,8866.4,0.0,7853.0,0.0,28.588837792642142,21.072052712193496,33.442768850432635,19.288211563347538,0.13294314381270902,0.10388795986622074,0.09009197324414715,0.07922240802675586,0.0802675585284281,0.07169732441471571,0.06856187290969899,0.06459030100334448,0.06626254180602006,0.05330267558528428,0.048494983277591976,0.03971571906354515,0.03407190635451505,0.02968227424749164,0.017140468227424748,0.012959866220735786,0.007107023411371237,0.9370705145707099,0.023267749104698837,0.0,0.0,0.0,0.0,0.0,0.0,0.0,0.0,0.0,0.0,0.0,0.0,0.0,0.0,0.0,0.0,0.0,0.0,0.0,0.0,0.0,0.0,0.0,0.0,0.0,0.056438127090301014,1.6492474916387965,11.519648829431441,13.758361204013381,3.016304347826088,4.241698595146871,2.88465100466827,nan,nan,nan,4.2661962796664525,2.8770540024689812,4.217418944691672,2.891955952526111,0.9885665516124368,0.3984,0.00828,0.0,0.0,0.0,0.0,0.0,0.0,0.0,0.0,0.0,0.0,0.0,17.23244147157188,12.767558528428097,0.0,0.0,0.0,0.0,0.0,0.0,0.0,0.0,0.0,0.0,0.0,0.0,0.0,0.0,0.0,0.0,0.0,nan,nan,4.241698595146871,2.88465100466827,nan,0.3984,0.03952,0.0,0.0,0.0,0.0,0.0,0.0,0.0,0.0,0.0,0.0,0.0,0.0,0.0,0.0,0.0,0.0,0.0,0.0,0.0,0.0,0.0,1.0451505016722408e-05,0.0,0.0,0.0,0.0,0.00012541806020066888,5.225752508361204e-05,0.001254180602006689,0.0004076086956521739,0.011622073578595318,0.0033653846153846156,0.01654473244147157,0.02730978260869565,0.03277591973244147,0.05487040133779264,0.08454222408026756,0.07871028428093646,0.07819816053511705,0.06421404682274247,0.0754180602006689,0.08859740802675585,0.12907608695652173,0.09689590301003345,0.05100334448160535,0.04433528428093646,0.02526128762541806,0.012855351170568562,0.006929347826086956,0.0019335284280936455,0.010033444816053512,0.0005539297658862876,0.0028637123745819397,0.00018812709030100334,5.225752508361204e-05,0.0,0.0,0.0,0.0,0.0,0.0,0.0,0.0,0.0,0.0,0.0,0.0,0.0,0.0,0.0,0.0,0.0,0.0,0.0,0.0,0.0,0.0,0.0,0.0,0.0,0.0,0.0,0.0,0.0,0.0,0.0,0.0,0.0,0.0,0.0,0.0,0.0,0.0,0.0,0.0,0.0,0.0,0.0,0.0,0.0,0.0,nan,nan,4.241698595146871,2.88465100466827,nan,0.9370855263741091,0.023412166640537378,0.0,0.0,0.0,0.0,0.0,0.0,0.0,0.0,0.0,0.0,0.0,0.0,0.0,0.0,0.0,0.0,0.0,0.0,0.0,0.0,0.0,0.0,0.0,0.0,0.0,0.0595947556615018,1.5852205005959479,11.656734207389752,13.480333730631708,3.218116805721097,0.9370538472971519,0.02310633667912413,0.0,0.0,0.0,0.0,0.0,0.0,0.0,0.0,0.0,0.0,0.0,0.0,0.0,0.0,0.0,0.0,0.0,0.0,0.0,0.0,0.0,0.0,0.0,0.0,0.0,0.052933392148213514,1.7203352448169391,11.367445963828851,14.067048963387741,2.7922364358182628,0.3984,0.00835,0.0,0.0,0.0,0.0,0.0,0.0,0.0,0.0,0.0,0.0,0.0,17.294398092967793,12.705601907032184,0.0,0.0,0.0,0.0,0.0,0.0,0.0,0.0,0.0,0.0,0.0,0.0,0.0,0.0,0.0,0.0,0.0,0.3984,0.0082,0.0,0.0,0.0,0.0,0.0,0.0,0.0,0.0,0.0,0.0,0.0,17.1636524040582,12.836347595941776,0.0,0.0,0.0,0.0,0.0,0.0,0.0,0.0,0.0,0.0,0.0,0.0,0.0,0.0,0.0,0.0,0.0
7700,4768,2518,0.5281040268456376,1230,952,0.4576342281879195,1305,0.5473993288590604,0.414,2.9546666666666668,3.0773275563204012,6.389230769230769,2.2175955847527278,8388.18062080537,505.89894666676327,7853.0,8866.4,8866.399999999998,1.8189894035458565e-12,7853.0,0.0,28.47630033557047,20.92039743718873,33.24573125463994,19.147656812559784,0.13276006711409397,0.09375,0.09395973154362416,0.08598993288590603,0.08305369127516779,0.07613255033557047,0.07529362416107382,0.062290268456375836,0.05914429530201342,0.050335570469798654,0.047818791946308725,0.040268456375838924,0.032508389261744965,0.028733221476510067,0.018875838926174497,0.011954697986577181,0.007130872483221477,0.9370134985761954,0.02370379092524907,0.0,0.0,0.0,0.0,0.0,0.0,0.0,0.0,0.0,0.0,0.0,0.0,0.0,0.0,0.0,0.0,0.0,0.0,0.0,0.0,0.0,0.0,0.0,0.0,0.0,0.04404362416107384,1.8435402684563762,11.136744966442956,13.754194630872487,3.2214765100671148,4.098918575063613,2.9188688336715543,nan,nan,nan,4.111251580278129,2.9357230991636007,4.0864276568501925,2.90164555131358,0.9939619546643611,0.3987,0.008606,0.0,0.0,0.0,0.0,0.0,0.0,0.0,0.0,0.0,0.0,0.012583892617449667,16.812080536912728,13.175335570469802,0.0,0.0,0.0,0.0,0.0,0.0,0.0,0.0,0.0,0.0,0.0,0.0,0.0,0.0,0.0,0.0,0.0,nan,nan,4.098918575063613,2.9188688336715543,nan,0.3987,0.03912,0.0,0.0,0.0,0.0,0.0,0.0,0.0,0.0,0.0,0.0,0.0,0.0,0.0,0.0,0.0,0.0,0.0,0.0,0.0,0.0,0.0,0.0,0.0,0.0,0.0,0.0,0.00011535234899328859,0.0,0.001153523489932886,0.0007130872483221476,0.01050755033557047,0.0033976510067114094,0.014964345637583892,0.027244127516778523,0.032634228187919466,0.05509647651006711,0.08350461409395973,0.07448615771812081,0.07913171140939597,0.06771182885906041,0.08117659395973155,0.08708053691275168,0.1317428691275168,0.09502936241610738,0.051226929530201346,0.04458892617449665,0.024716862416107384,0.011241610738255034,0.0074559563758389265,0.00194001677852349,0.008598993288590604,0.000776006711409396,0.0034186241610738256,0.00019924496644295301,0.00014681208053691274,0.0,0.0,0.0,0.0,0.0,0.0,0.0,0.0,0.0,0.0,0.0,0.0,0.0,0.0,0.0,0.0,0.0,0.0,0.0,0.0,0.0,0.0,0.0,0.0,0.0,0.0,0.0,0.0,0.0,0.0,0.0,0.0,0.0,0.0,0.0,0.0,0.0,0.0,0.0,0.0,0.0,0.0,0.0,0.0,0.0,0.0,nan,nan,4.098918575063613,2.9188688336715543,nan,0.9374327148067468,0.023805899033344267,0.0,0.0,0.0,0.0,0.0,0.0,0.0,0.0,0.0,0.0,0.0,0.0,0.0,0.0,0.0,0.0,0.0,0.0,0.0,0.0,0.0,0.0,0.0,0.0,0.0,0.0476568705321684,1.8943606036536937,10.687053216838764,14.094519459888804,3.276409849086577,0.9365443490346272,0.023580160738194696,0.0,0.0,0.0,0.0,0.0,0.0,0.0,0.0,0.0,0.0,0.0,0.0,0.0,0.0,0.0,0.0,0.0,0.0,0.0,0.0,0.0,0.0,0.0,0.0,0.0,0.04000000000000001,1.786666666666667,11.640000000000004,13.373333333333337,3.160000000000001,0.3987,0.00873,0.0,0.0,0.0,0.0,0.0,0.0,0.0,0.0,0.0,0.0,0.0119142176330421,16.44162033359807,13.546465448768867,0.0,0.0,0.0,0.0,0.0,0.0,0.0,0.0,0.0,0.0,0.0,0.0,0.0,0.0,0.0,0.0,0.0,0.3984,0.00846,0.0,0.0,0.0,0.0,0.0,0.0,0.0,0.0,0.0,0.0,0.013333333333333336,17.22666666666664,12.760000000000003,0.0,0.0,0.0,0.0,0.0,0.0,0.0,0.0,0.0,0.0,0.0,0.0,0.0,0.0,0.0,0.0,0.0
7800,4863,2575,0.5295085338268558,1270,974,0.46144355336212217,1365,0.5613818630475016,0.422,3.0437062937062938,3.1403385364522123,6.6,2.131778040026752,8389.603948180136,505.8168086207096,7853.0,8866.4,8866.4,0.0,7853.0,0.0,28.278223318938927,20.68011093412913,33.08538068596449,18.864758479070503,0.13612996092946741,0.09253547193090685,0.09459181575159367,0.08307629035574748,0.08348755911988484,0.0783466995681678,0.06518609911577215,0.06641990540818425,0.061690314620604564,0.05737199259716225,0.047295907875796836,0.044005757762697925,0.032078963602714373,0.026732469668928643,0.014600041126876413,0.00987045033929673,0.00658030022619782,0.9366941036276922,0.02326734718055313,0.0,0.0,0.0,0.0,0.0,0.0,0.0,0.0,0.0,0.0,0.0,0.0,0.0,0.0,0.0,0.0,0.0,0.0,0.0,0.0,0.0,0.0,0.0,0.0,0.0,0.02467612584824183,1.7643429981492909,11.505243676742754,13.73843306600864,2.9673041332510803,4.211152882205514,2.9561161141583105,nan,nan,nan,4.221526908635795,2.9379885793821687,4.200251098556183,2.97500783622284,0.9949601623914588,0.3984,0.008575,0.0,0.0,0.0,0.0,0.0,0.0,0.0,0.0,0.0,0.0,0.0,17.316471314003678,12.683528685996302,0.0,0.0,0.0,0.0,0.0,0.0,0.0,0.0,0.0,0.0,0.0,0.0,0.0,0.0,0.0,0.0,0.0,nan,nan,4.211152882205514,2.9561161141583105,nan,0.3984,0.03934,0.0,0.0,0.0,0.0,0.0,0.0,0.0,0.0,0.0,0.0,0.0,0.0,0.0,0.0,0.0,0.0,0.0,0.0,0.0,0.0,0.0,0.0,0.0,0.0,0.0,0.0,0.0001747892247583796,3.0845157310302283e-05,0.0013469052025498664,0.0009356364384125026,0.010826650215916101,0.0029919802590993214,0.015299198025909932,0.02925149084927,0.03270614846802385,0.055788607855233395,0.08237713345671396,0.07443964630886284,0.07718486530947974,0.06669751182397697,0.08129755295085338,0.08894715196380835,0.1321509356364384,0.09422167386387004,0.04979436561793132,0.04507505654945507,0.02493316882582768,0.011505243676742752,0.007228048529714168,0.0018301460004112688,0.008143121529919802,0.0009253547193090684,0.0036602920008225377,0.00013366234834464322,0.00010281719103434094,0.0,0.0,0.0,0.0,0.0,0.0,0.0,0.0,0.0,0.0,0.0,0.0,0.0,0.0,0.0,0.0,0.0,0.0,0.0,0.0,0.0,0.0,0.0,0.0,0.0,0.0,0.0,0.0,0.0,0.0,0.0,0.0,0.0,0.0,0.0,0.0,0.0,0.0,0.0,0.0,0.0,0.0,0.0,0.0,0.0,0.0,nan,nan,4.211152882205514,2.9561161141583105,nan,0.9367949160557348,0.023126353904960595,0.0,0.0,0.0,0.0,0.0,0.0,0.0,0.0,0.0,0.0,0.0,0.0,0.0,0.0,0.0,0.0,0.0,0.0,0.0,0.0,0.0,0.0,0.0,0.0,0.0,0.023300970873786412,1.5495145631067964,11.76699029126214,13.689320388349518,2.970873786407768,0.9365806455847684,0.023424492372224524,0.0,0.0,0.0,0.0,0.0,0.0,0.0,0.0,0.0,0.0,0.0,0.0,0.0,0.0,0.0,0.0,0.0,0.0,0.0,0.0,0.0,0.0,0.0,0.0,0.0,0.02622377622377623,2.0061188811188817,11.210664335664339,13.793706293706297,2.9632867132867142,0.3982,0.008514,0.0,0.0,0.0,0.0,0.0,0.0,0.0,0.0,0.0,0.0,0.0,17.52233009708735,12.477669902912623,0.0,0.0,0.0,0.0,0.0,0.0,0.0,0.0,0.0,0.0,0.0,0.0,0.0,0.0,0.0,0.0,0.0,0.3987,0.00864,0.0,0.0,0.0,0.0,0.0,0.0,0.0,0.0,0.0,0.0,0.0,17.084790209790185,12.915209790209794,0.0,0.0,0.0,0.0,0.0,0.0,0.0,0.0,0.0,0.0,0.0,0.0,0.0,0.0,0.0,0.0,0.0
7900,4928,2529,0.513189935064935,1209,1047,0.4577922077922078,1446,0.5868506493506493,0.38199999999999995,2.9587328053355564,3.0214541016852032,6.38385269121813,2.1079157168915112,8373.066680194805,506.5236636728531,7853.0,8866.4,8866.399999999998,1.8189894035458565e-12,7853.0,0.0,28.73701298701299,20.98301129856426,33.430002384927256,19.216092668225052,0.13169642857142858,0.0945616883116883,0.08989448051948051,0.0854301948051948,0.08076298701298701,0.07853084415584416,0.07142857142857142,0.06392045454545454,0.05742694805194805,0.056006493506493504,0.04971590909090909,0.036931818181818184,0.03794642857142857,0.024147727272727272,0.021915584415584416,0.01278409090909091,0.006899350649350649,0.9359718701112774,0.023481330527159373,0.0,0.0,0.0,0.0,0.0,0.0,0.0,0.0,0.0,0.0,0.0,0.0,0.0,0.0,0.0,0.0,0.0,0.0,0.0,0.0,0.0,0.0,0.0,0.0,0.0,0.06087662337662339,1.8750000000000004,11.651785714285717,13.386769480519483,3.0255681818181825,4.158778625954199,2.827532850330093,nan,nan,nan,4.1761433868974045,2.814714902860425,4.141822570911286,2.8398908255295456,0.9917816959796448,0.3982,0.00837,0.0,0.0,0.0,0.0,0.0,0.0,0.0,0.0,0.0,0.0,0.0,17.59943181818179,12.400568181818185,0.0,0.0,0.0,0.0,0.0,0.0,0.0,0.0,0.0,0.0,0.0,0.0,0.0,0.0,0.0,0.0,0.0,nan,nan,4.158778625954199,2.827532850330093,nan,0.3982,0.03937,0.0,0.0,0.0,0.0,0.0,0.0,0.0,0.0,0.0,0.0,0.0,0.0,0.0,0.0,0.0,0.0,0.0,0.0,0.0,0.0,0.0,0.0,0.0,0.0,0.0,0.0,0.0,3.0438311688311688e-05,0.0011262175324675324,0.001166801948051948,0.010765016233766234,0.0027698863636363637,0.015817775974025974,0.030286120129870128,0.03219358766233766,0.0559862012987013,0.08363433441558442,0.0760247564935065,0.07896712662337663,0.06733969155844156,0.08050933441558442,0.08615056818181818,0.1301542207792208,0.0940137987012987,0.05062905844155844,0.04352678571428571,0.025892857142857145,0.01033887987012987,0.007731331168831169,0.0024959415584415584,0.007873376623376623,0.0008116883116883117,0.003520698051948052,7.102272727272727e-05,0.00017248376623376624,0.0,0.0,0.0,0.0,0.0,0.0,0.0,0.0,0.0,0.0,0.0,0.0,0.0,0.0,0.0,0.0,0.0,0.0,0.0,0.0,0.0,0.0,0.0,0.0,0.0,0.0,0.0,0.0,0.0,0.0,0.0,0.0,0.0,0.0,0.0,0.0,0.0,0.0,0.0,0.0,0.0,0.0,0.0,0.0,0.0,0.0,nan,nan,4.158778625954199,2.827532850330093,nan,0.936314297599159,0.023131202979646024,0.0,0.0,0.0,0.0,0.0,0.0,0.0,0.0,0.0,0.0,0.0,0.0,0.0,0.0,0.0,0.0,0.0,0.0,0.0,0.0,0.0,0.0,0.0,0.0,0.0,0.04744958481613287,1.7200474495848166,11.61328588374852,13.4994068801898,3.1198102016607363,0.9356108867361825,0.023839540310549315,0.0,0.0,0.0,0.0,0.0,0.0,0.0,0.0,0.0,0.0,0.0,0.0,0.0,0.0,0.0,0.0,0.0,0.0,0.0,0.0,0.0,0.0,0.0,0.0,0.0,0.07503126302626095,2.038349312213423,11.692371821592333,13.268028345143813,2.9262192580241777,0.3982,0.00846,0.0,0.0,0.0,0.0,0.0,0.0,0.0,0.0,0.0,0.0,0.0,17.307236061684435,12.692763938315542,0.0,0.0,0.0,0.0,0.0,0.0,0.0,0.0,0.0,0.0,0.0,0.0,0.0,0.0,0.0,0.0,0.0,0.3982,0.00828,0.0,0.0,0.0,0.0,0.0,0.0,0.0,0.0,0.0,0.0,0.0,17.907461442267586,12.092538557732391,0.0,0.0,0.0,0.0,0.0,0.0,0.0,0.0,0.0,0.0,0.0,0.0,0.0,0.0,0.0,0.0,0.0
8000,4941,2533,0.512649261283141,1229,992,0.44950414895770086,1404,0.5683060109289617,0.39799999999999996,2.9244186046511627,3.0409882788023594,6.385714285714286,2.1639438673922413,8372.518761384335,506.53782618534154,7853.0,8866.4,8866.399999999998,1.8189894035458565e-12,7853.0,0.0,28.221007893139042,21.01799356040293,33.25265444015444,19.213068612332858,0.14005262092693788,0.0951224448492208,0.08864602307225258,0.0880388585306618,0.08581258854482898,0.07366929771301356,0.07043108682452945,0.06274033596437968,0.058287795992714025,0.052216150576806314,0.045334952438777575,0.039870471564460636,0.03400121432908318,0.02853673345476624,0.016798218984011334,0.012548067192875935,0.007893139040680024,0.9353005387140801,0.023157889277996686,0.0,0.0,0.0,0.0,0.0,0.0,0.0,0.0,0.0,0.0,0.0,0.0,0.0,0.0,0.0,0.0,0.0,0.0,0.0,0.0,0.0,0.0,0.0,0.0,0.0,0.04250151791135399,1.8882817243472985,12.094717668488164,13.369763205828782,2.6047358834244085,4.196139476961394,2.8629135531700496,nan,nan,nan,4.172900061312078,2.887343380705775,4.2201138519924095,2.837291246755659,1.0113143832794036,0.3984,0.00838,0.0,0.0,0.0,0.0,0.0,0.0,0.0,0.0,0.0,0.0,0.0,17.07346690953246,12.926533090467519,0.0,0.0,0.0,0.0,0.0,0.0,0.0,0.0,0.0,0.0,0.0,0.0,0.0,0.0,0.0,0.0,0.0,nan,nan,4.196139476961394,2.8629135531700496,nan,0.3984,0.03928,0.0,0.0,0.0,0.0,0.0,0.0,0.0,0.0,0.0,0.0,0.0,0.0,0.0,0.0,0.0,0.0,0.0,0.0,0.0,0.0,0.0,0.0,0.0,0.0,0.0,0.0,0.0,6.071645415907711e-05,0.0010422991297308237,0.0013357619914996963,0.009734871483505363,0.0020744788504351345,0.016160696215341025,0.03169398907103825,0.02955879376644404,0.05361262902246509,0.08536733454766242,0.08006476421776969,0.07986237603723942,0.06630236794171221,0.07717061323618701,0.08403157255616273,0.1352054240032382,0.09038656142481279,0.05217567294070026,0.04381704108480065,0.025885448289819875,0.01142481279093301,0.008368751264926129,0.002782837482291034,0.007518720906699049,0.000748836267961951,0.0033090467516697026,3.0358227079538556e-05,0.00026310463468933414,1.0119409026512851e-05,0.0,0.0,0.0,0.0,0.0,0.0,0.0,0.0,0.0,0.0,0.0,0.0,0.0,0.0,0.0,0.0,0.0,0.0,0.0,0.0,0.0,0.0,0.0,0.0,0.0,0.0,0.0,0.0,0.0,0.0,0.0,0.0,0.0,0.0,0.0,0.0,0.0,0.0,0.0,0.0,0.0,0.0,0.0,0.0,0.0,nan,nan,4.196139476961394,2.8629135531700496,nan,0.9351929825753785,0.0230333527553101,0.0,0.0,0.0,0.0,0.0,0.0,0.0,0.0,0.0,0.0,0.0,0.0,0.0,0.0,0.0,0.0,0.0,0.0,0.0,0.0,0.0,0.0,0.0,0.0,0.0,0.059218318199763136,1.8712988551125151,12.139755230951444,13.43071456770628,2.4990130280300047,0.9354136781241015,0.023287635709339165,0.0,0.0,0.0,0.0,0.0,0.0,0.0,0.0,0.0,0.0,0.0,0.0,0.0,0.0,0.0,0.0,0.0,0.0,0.0,0.0,0.0,0.0,0.0,0.0,0.0,0.02491694352159469,1.9061461794019938,12.047342192691033,13.305647840531565,2.7159468438538212,0.3982,0.00841,0.0,0.0,0.0,0.0,0.0,0.0,0.0,0.0,0.0,0.0,0.0,17.398341887090382,12.601658112909597,0.0,0.0,0.0,0.0,0.0,0.0,0.0,0.0,0.0,0.0,0.0,0.0,0.0,0.0,0.0,0.0,0.0,0.3987,0.00835,0.0,0.0,0.0,0.0,0.0,0.0,0.0,0.0,0.0,0.0,0.0,16.731727574750806,13.268272425249172,0.0,0.0,0.0,0.0,0.0,0.0,0.0,0.0,0.0,0.0,0.0,0.0,0.0,0.0,0.0,0.0,0.0
8100,4825,2468,0.5115025906735752,1155,954,0.4370984455958549,1340,0.555440414507772,0.418,2.9609673313534155,3.123155136012252,6.508196721311475,2.1430596808945817,8371.356725388601,506.56589971415815,7853.0,8866.4,8866.399999999998,1.8189894035458565e-12,7853.0,0.0,28.18424870466321,21.190413332015712,33.17082201925451,19.473062058393918,0.1382383419689119,0.10424870466321244,0.09264248704663212,0.08455958549222797,0.07958549222797927,0.07440414507772021,0.0694300518134715,0.058031088082901555,0.05575129533678756,0.05284974093264249,0.04849740932642487,0.039585492227979274,0.038134715025906735,0.025906735751295335,0.01782383419689119,0.011606217616580311,0.008704663212435234,0.9353407084262433,0.023443950934730284,0.0,0.0,0.0,0.0,0.0,0.0,0.0,0.0,0.0,0.0,0.0,0.0,0.0,0.0,0.0,0.0,0.0,0.0,0.0,0.0,0.0,0.0,0.0,0.0,0.0,0.08082901554404147,1.8652849740932647,12.087046632124355,13.287046632124355,2.6797927461139905,4.318649517684888,2.8972333142434605,nan,nan,nan,4.368286445012788,2.866807465329499,4.270550161812298,2.9266004702057833,0.977625944536656,0.3982,0.00871,0.0,0.0,0.0,0.0,0.0,0.0,0.0,0.0,0.0,0.0,0.0,17.40310880829013,12.596891191709847,0.0,0.0,0.0,0.0,0.0,0.0,0.0,0.0,0.0,0.0,0.0,0.0,0.0,0.0,0.0,0.0,0.0,nan,nan,4.318649517684888,2.8972333142434605,nan,0.3982,0.0396,0.0,0.0,0.0,0.0,0.0,0.0,0.0,0.0,0.0,0.0,0.0,0.0,0.0,0.0,0.0,0.0,0.0,0.0,0.0,0.0,0.0,0.0,0.0,0.0,0.0,4.145077720207254e-05,0.0,0.00010362694300518135,0.0011398963730569949,0.0012642487046632125,0.00883937823834197,0.0022901554404145077,0.01833160621761658,0.033305699481865285,0.029419689119170984,0.05712953367875648,0.08202072538860104,0.0794922279792746,0.07889119170984456,0.06726424870466322,0.08,0.08017616580310881,0.1317720207253886,0.08928497409326425,0.054393782383419687,0.044953367875647667,0.025865284974093263,0.010082901554404146,0.008632124352331606,0.002766839378238342,0.008186528497409326,0.0004870466321243523,0.0035025906735751296,0.0,0.0003523316062176166,1.0362694300518135e-05,0.0,0.0,0.0,0.0,0.0,0.0,0.0,0.0,0.0,0.0,0.0,0.0,0.0,0.0,0.0,0.0,0.0,0.0,0.0,0.0,0.0,0.0,0.0,0.0,0.0,0.0,0.0,0.0,0.0,0.0,0.0,0.0,0.0,0.0,0.0,0.0,0.0,0.0,0.0,0.0,0.0,0.0,0.0,0.0,0.0,nan,nan,4.318649517684888,2.8972333142434605,nan,0.9345826743777412,0.02343068476398448,0.0,0.0,0.0,0.0,0.0,0.0,0.0,0.0,0.0,0.0,0.0,0.0,0.0,0.0,0.0,0.0,0.0,0.0,0.0,0.0,0.0,0.0,0.0,0.0,0.0,0.08508914100486226,1.9448946515397085,12.410858995137767,13.067260940032417,2.491896272285252,0.9361344411507673,0.023431565875842792,0.0,0.0,0.0,0.0,0.0,0.0,0.0,0.0,0.0,0.0,0.0,0.0,0.0,0.0,0.0,0.0,0.0,0.0,0.0,0.0,0.0,0.0,0.0,0.0,0.0,0.07636826474331779,1.7819261773440818,11.747984726347054,13.51718285956725,2.8765379719983035,0.398,0.00862,0.0,0.0,0.0,0.0,0.0,0.0,0.0,0.0,0.0,0.0,0.0,17.66207455429495,12.337925445705027,0.0,0.0,0.0,0.0,0.0,0.0,0.0,0.0,0.0,0.0,0.0,0.0,0.0,0.0,0.0,0.0,0.0,0.3984,0.008804,0.0,0.0,0.0,0.0,0.0,0.0,0.0,0.0,0.0,0.0,0.0,17.13194739075093,12.868052609249048,0.0,0.0,0.0,0.0,0.0,0.0,0.0,0.0,0.0,0.0,0.0,0.0,0.0,0.0,0.0,0.0,0.0
8200,4835,2544,0.5261633919338159,1210,947,0.44612202688728025,1321,0.5464322647362978,0.422,2.9903972064600612,3.0929009222083352,6.58125,2.093059587661087,8386.213981385728,506.00582881136563,7853.0,8866.4,8866.399999999998,1.8189894035458565e-12,7853.0,0.0,27.95532574974147,20.803598996376966,32.98,18.98823144301052,0.13981385729058945,0.1015511892450879,0.09100310237849017,0.08521199586349534,0.0798345398138573,0.07321613236814892,0.06825232678386763,0.06742502585315409,0.057290589451913135,0.05253360910031024,0.04632885211995864,0.04136504653567735,0.03660806618407446,0.0281282316442606,0.01737331954498449,0.008893485005170631,0.005170630816959669,0.933746309906645,0.023259289093124285,0.0,0.0,0.0,0.0,0.0,0.0,0.0,0.0,0.0,0.0,0.0,0.0,0.0,0.0,0.0,0.0,0.0,0.0,0.0,0.0,0.0,0.0,0.0,0.0,0.0,0.037228541882109625,2.258531540847984,12.477766287487077,12.893485005170634,2.332988624612203,4.108933161953727,2.829794181321888,nan,nan,nan,3.9916344916344917,2.815073789970737,4.225930680359435,2.8395782019341422,1.0586968043331553,0.3982,0.00854,0.0,0.0,0.0,0.0,0.0,0.0,0.0,0.0,0.0,0.0,0.0,17.47259565667009,12.52740434332989,0.0,0.0,0.0,0.0,0.0,0.0,0.0,0.0,0.0,0.0,0.0,0.0,0.0,0.0,0.0,0.0,0.0,nan,nan,4.108933161953727,2.829794181321888,nan,0.3982,0.03967,0.0,0.0,0.0,0.0,0.0,0.0,0.0,0.0,0.0,0.0,0.0,0.0,0.0,0.0,0.0,0.0,0.0,0.0,0.0,0.0,0.0,0.0,0.0,0.0,0.0,0.00011375387797311272,0.0,8.27300930713547e-05,0.000827300930713547,0.000858324715615305,0.009183040330920373,0.0028852119958634953,0.019596690796277145,0.033050672182006205,0.030868665977249226,0.05565667011375388,0.07692864529472596,0.08076525336091003,0.07894519131334023,0.07183040330920372,0.07840744570837642,0.07680455015511893,0.1358841778697001,0.08860392967942089,0.051354705274043434,0.04629782833505688,0.027776628748707344,0.009648397104446742,0.007849017580144778,0.00250258531540848,0.00921406411582213,0.00036194415718717685,0.0030196483971044468,5.170630816959669e-05,0.0005997931747673216,3.1023784901758014e-05,0.0,0.0,0.0,0.0,0.0,0.0,0.0,0.0,0.0,0.0,0.0,0.0,0.0,0.0,0.0,0.0,0.0,0.0,0.0,0.0,0.0,0.0,0.0,0.0,0.0,0.0,0.0,0.0,0.0,0.0,0.0,0.0,0.0,0.0,0.0,0.0,0.0,0.0,0.0,0.0,0.0,0.0,0.0,0.0,0.0,nan,nan,4.108933161953727,2.829794181321888,nan,0.9333258117051244,0.023361986415790313,0.0,0.0,0.0,0.0,0.0,0.0,0.0,0.0,0.0,0.0,0.0,0.0,0.0,0.0,0.0,0.0,0.0,0.0,0.0,0.0,0.0,0.0,0.0,0.0,0.0,0.04716981132075473,2.2287735849056607,12.688679245283021,12.735849056603776,2.299528301886793,0.9342132446184163,0.023135763223344166,0.0,0.0,0.0,0.0,0.0,0.0,0.0,0.0,0.0,0.0,0.0,0.0,0.0,0.0,0.0,0.0,0.0,0.0,0.0,0.0,0.0,0.0,0.0,0.0,0.0,0.026189436927106072,2.2915757311217813,12.24356176342209,13.068529026625932,2.3701440419030995,0.3982,0.00856,0.0,0.0,0.0,0.0,0.0,0.0,0.0,0.0,0.0,0.0,0.0,17.429245283018844,12.570754716981135,0.0,0.0,0.0,0.0,0.0,0.0,0.0,0.0,0.0,0.0,0.0,0.0,0.0,0.0,0.0,0.0,0.0,0.3982,0.00851,0.0,0.0,0.0,0.0,0.0,0.0,0.0,0.0,0.0,0.0,0.0,17.520733304233932,12.479266695766045,0.0,0.0,0.0,0.0,0.0,0.0,0.0,0.0,0.0,0.0,0.0,0.0,0.0,0.0,0.0,0.0,0.0
8300,4876,2627,0.5387612797374898,1270,961,0.45754716981132076,1334,0.5471698113207547,0.422,3.138728323699422,3.2040934219742874,6.714501510574018,2.3075604051490433,8398.980680885972,505.17513607573187,7853.0,8866.4,8866.399999999998,1.8189894035458565e-12,7853.0,0.0,28.7266201804758,20.975642074534978,33.55084745762712,19.15112462343526,0.13392124692370797,0.09290401968826907,0.08695652173913043,0.08962264150943396,0.07916324856439705,0.0734208367514356,0.07239540607054963,0.0660377358490566,0.06501230516817064,0.05393765381460213,0.04593929450369155,0.039581624282198524,0.03773584905660377,0.024815422477440525,0.017227235438884332,0.01435602953240361,0.00697292863002461,0.9342529321787688,0.023351502782907523,0.0,0.0,0.0,0.0,0.0,0.0,0.0,0.0,0.0,0.0,0.0,0.0,0.0,0.0,0.0,0.0,0.0,0.0,0.0,0.0,0.0,0.0,0.0,0.0,0.0,0.049220672682526674,2.024200164068909,12.649712879409355,12.766611977030356,2.5102543068088603,4.158320373250389,2.9864606310972,nan,nan,nan,4.107365792759051,2.9389898095948332,4.208927464352139,3.0320249182834824,1.0247267170048826,0.3984,0.008385,0.0,0.0,0.0,0.0,0.0,0.0,0.0,0.0,0.0,0.0,0.0,17.43027071369973,12.56972928630025,0.0,0.0,0.0,0.0,0.0,0.0,0.0,0.0,0.0,0.0,0.0,0.0,0.0,0.0,0.0,0.0,0.0,nan,nan,4.158320373250389,2.9864606310972,nan,0.3984,0.03958,0.0,0.0,0.0,0.0,0.0,0.0,0.0,0.0,0.0,0.0,0.0,0.0,0.0,0.0,0.0,0.0,0.0,0.0,0.0,0.0,0.0,0.0,0.0,0.0,0.0,0.00011279737489745693,0.0,0.00018457752255947497,0.0009228876127973749,0.0011587366694011485,0.009382690730106644,0.0032301066447908123,0.019749794913863822,0.029624692370795735,0.03165504511894996,0.053158326497128795,0.0767329778506973,0.08122436423297785,0.0816447908121411,0.07517432321575061,0.0786402789171452,0.07404634946677605,0.13234208367514355,0.09127358490566037,0.051281788351107464,0.04568293683347006,0.0301681706316653,0.009300656275635767,0.00773174733388023,0.0022969647251845776,0.009844134536505332,0.00010254306808859722,0.0030352748154224775,0.0,0.00027686628383921246,2.0508613617719442e-05,0.0,0.0,0.0,0.0,0.0,0.0,0.0,0.0,0.0,0.0,0.0,0.0,0.0,0.0,0.0,0.0,0.0,0.0,0.0,0.0,0.0,0.0,0.0,0.0,0.0,0.0,0.0,0.0,0.0,0.0,0.0,0.0,0.0,0.0,0.0,0.0,0.0,0.0,0.0,0.0,0.0,0.0,0.0,0.0,0.0,nan,nan,4.158320373250389,2.9864606310972,nan,0.9340054166149085,0.023451866228191634,0.0,0.0,0.0,0.0,0.0,0.0,0.0,0.0,0.0,0.0,0.0,0.0,0.0,0.0,0.0,0.0,0.0,0.0,0.0,0.0,0.0,0.0,0.0,0.0,0.0,0.057099352874000774,2.0327369623144276,12.835934526075373,12.59611724400457,2.4781119147316337,0.9345420488467371,0.023230382697751063,0.0,0.0,0.0,0.0,0.0,0.0,0.0,0.0,0.0,0.0,0.0,0.0,0.0,0.0,0.0,0.0,0.0,0.0,0.0,0.0,0.0,0.0,0.0,0.0,0.0,0.04001778568252557,2.014228546020454,12.432192085371279,12.965762561138288,2.5477990217874615,0.3984,0.0084,0.0,0.0,0.0,0.0,0.0,0.0,0.0,0.0,0.0,0.0,0.0,17.495241720593807,12.50475827940617,0.0,0.0,0.0,0.0,0.0,0.0,0.0,0.0,0.0,0.0,0.0,0.0,0.0,0.0,0.0,0.0,0.0,0.3984,0.00838,0.0,0.0,0.0,0.0,0.0,0.0,0.0,0.0,0.0,0.0,0.0,17.354379724321895,12.645620275678082,0.0,0.0,0.0,0.0,0.0,0.0,0.0,0.0,0.0,0.0,0.0,0.0,0.0,0.0,0.0,0.0,0.0
8400,4724,2456,0.5198983911939035,1146,937,0.4409398814563929,1280,0.541913632514818,0.438,2.9347442680776012,3.1814845563384764,6.688188976377953,2.3187905540559863,8379.865029635901,506.29858935195847,7853.0,8866.4,8866.4,0.0,7853.0,0.0,27.733911939034716,21.009254277731657,32.64021164021164,19.34289792746569,0.140770533446232,0.10203217612193057,0.09949195596951736,0.08530906011854361,0.07959356477561388,0.07726502963590177,0.06710414902624894,0.06117696867061812,0.0548264182895851,0.05334462320067739,0.04762912785774767,0.03450465707027942,0.03175275190516511,0.0277307366638442,0.018204911092294666,0.011854360711261643,0.007408975444538527,0.9350410252304828,0.023585706249116815,0.0,0.0,0.0,0.0,0.0,0.0,0.0,0.0,0.0,0.0,0.0,0.0,0.0,0.0,0.0,0.0,0.0,0.0,0.0,0.0,0.0,0.0,0.0,0.0,0.0,0.025402201524132098,2.0575783234547,12.021591871295515,13.234546994072822,2.6608806096528372,4.299900033322226,3.0069391018801594,nan,nan,nan,4.343521594684385,2.9949458350997786,4.2560160427807485,3.018320381416843,0.9798537776327102,0.3982,0.00869,0.0,0.0,0.0,0.0,0.0,0.0,0.0,0.0,0.0,0.0,0.0063505503810330245,17.48941574936492,12.504233700254025,0.0,0.0,0.0,0.0,0.0,0.0,0.0,0.0,0.0,0.0,0.0,0.0,0.0,0.0,0.0,0.0,0.0,nan,nan,4.299900033322226,3.0069391018801594,nan,0.3982,0.03973,0.0,0.0,0.0,0.0,0.0,0.0,0.0,0.0,0.0,0.0,0.0,0.0,0.0,0.0,0.0,0.0,0.0,0.0,0.0,0.0,0.0,0.0,0.0,0.0,0.0,0.0001375952582557155,0.0,0.00023285351397121085,0.0011642675698560541,0.0014817950889077054,0.007906435224386114,0.0031646909398814565,0.018829381879762914,0.03167866215071973,0.03193268416596105,0.054487722269263336,0.07487298899237933,0.08438823031329382,0.08396486028789162,0.0778259949195597,0.07924428450465706,0.07623835732430144,0.12581498729889923,0.08573243014394581,0.05097375105842506,0.045057154953429296,0.031033022861981372,0.008933107535986452,0.00867908552074513,0.002466130397967824,0.009811600338696021,6.350550381033023e-05,0.0035139712108382725,0.0,0.00034928027095681627,2.1168501270110077e-05,0.0,0.0,0.0,0.0,0.0,0.0,0.0,0.0,0.0,0.0,0.0,0.0,0.0,0.0,0.0,0.0,0.0,0.0,0.0,0.0,0.0,0.0,0.0,0.0,0.0,0.0,0.0,0.0,0.0,0.0,0.0,0.0,0.0,0.0,0.0,0.0,0.0,0.0,0.0,0.0,0.0,0.0,0.0,0.0,0.0,nan,nan,4.299900033322226,3.0069391018801594,nan,0.9353135965206336,0.023907506525037356,0.0,0.0,0.0,0.0,0.0,0.0,0.0,0.0,0.0,0.0,0.0,0.0,0.0,0.0,0.0,0.0,0.0,0.0,0.0,0.0,0.0,0.0,0.0,0.0,0.0,0.03664495114006515,2.0521172638436487,11.934039087947886,13.118892508143325,2.858306188925082,0.9347458598474977,0.02322859793477158,0.0,0.0,0.0,0.0,0.0,0.0,0.0,0.0,0.0,0.0,0.0,0.0,0.0,0.0,0.0,0.0,0.0,0.0,0.0,0.0,0.0,0.0,0.0,0.0,0.0,0.01322751322751323,2.0634920634920637,12.116402116402119,13.359788359788363,2.4470899470899474,0.3982,0.008514,0.0,0.0,0.0,0.0,0.0,0.0,0.0,0.0,0.0,0.0,0.0,17.614006514657955,12.385993485342022,0.0,0.0,0.0,0.0,0.0,0.0,0.0,0.0,0.0,0.0,0.0,0.0,0.0,0.0,0.0,0.0,0.0,0.3982,0.00888,0.0,0.0,0.0,0.0,0.0,0.0,0.0,0.0,0.0,0.0,0.01322751322751323,17.35449735449733,12.632275132275135,0.0,0.0,0.0,0.0,0.0,0.0,0.0,0.0,0.0,0.0,0.0,0.0,0.0,0.0,0.0,0.0,0.0
8500,4874,2514,0.5157981124333196,1194,1027,0.45568321707016823,1460,0.599097250718096,0.3379999999999999,2.8813559322033897,2.8593275596984773,5.990450204638472,1.96105783166736,8375.709807139927,506.4470121101932,7853.0,8866.4,8866.4,0.0,7853.0,0.0,29.48543290931473,21.18791331024512,34.18885151369534,19.332565606109313,0.12617972917521542,0.09089043906442347,0.08699220352892902,0.08309396799343455,0.08165777595404186,0.07324579400902749,0.07139926138695117,0.06606483381206402,0.06503898235535495,0.06032006565449323,0.04349610176446451,0.04267542059909725,0.03672548215018465,0.030365203118588428,0.02051702913418137,0.013746409519901519,0.007591300779647107,0.9352456730777825,0.023128520842572636,0.0,0.0,0.0,0.0,0.0,0.0,0.0,0.0,0.0,0.0,0.0,0.0,0.0,0.0,0.0,0.0,0.0,0.0,0.0,0.0,0.0,0.0,0.0,0.0,0.0,0.02462043496101765,1.9450143619203943,11.805498563807964,13.732047599507593,2.4928190398030368,3.9884287454323997,2.6671617145476674,nan,nan,nan,3.986026731470231,2.67891712662764,3.990842490842491,2.65529427572493,1.0012081603302454,0.398,0.00877,0.0,0.0,0.0,0.0,0.0,0.0,0.0,0.0,0.0,0.0,0.0,17.862125564218275,12.137874435781702,0.0,0.0,0.0,0.0,0.0,0.0,0.0,0.0,0.0,0.0,0.0,0.0,0.0,0.0,0.0,0.0,0.0,nan,nan,3.9884287454323997,2.6671617145476674,nan,0.398,0.03983,0.0,0.0,0.0,0.0,0.0,0.0,0.0,0.0,0.0,0.0,0.0,0.0,0.0,0.0,0.0,0.0,0.0,0.0,0.0,0.0,0.0,0.0,0.0,0.0,0.0,0.00017439474764054165,0.0,0.0003795650389823554,0.0011592121460812475,0.0013541239228559705,0.008411981945014363,0.0032416906032006567,0.017326631103816166,0.03254000820681165,0.03357611817808781,0.0548420188756668,0.0736869101354124,0.08729995896594173,0.08451990151826015,0.08018054985638079,0.07707221994255233,0.07652851867049651,0.11991177677472302,0.08258104226508002,0.052646696758309394,0.04742511284366024,0.0323758719737382,0.00882232252769799,0.00822732868280673,0.001856791136643414,0.010566270004103406,4.1034058268362744e-05,0.00299548625359048,0.0,0.00023594583504308575,2.0517029134181372e-05,0.0,0.0,0.0,0.0,0.0,0.0,0.0,0.0,0.0,0.0,0.0,0.0,0.0,0.0,0.0,0.0,0.0,0.0,0.0,0.0,0.0,0.0,0.0,0.0,0.0,0.0,0.0,0.0,0.0,0.0,0.0,0.0,0.0,0.0,0.0,0.0,0.0,0.0,0.0,0.0,0.0,0.0,0.0,0.0,0.0,nan,nan,3.9884287454323997,2.6671617145476674,nan,0.9361540842786514,0.023409801570058807,0.0,0.0,0.0,0.0,0.0,0.0,0.0,0.0,0.0,0.0,0.0,0.0,0.0,0.0,0.0,0.0,0.0,0.0,0.0,0.0,0.0,0.0,0.0,0.0,0.0,0.011933174224343679,2.0525059665871126,11.32458233890215,13.973747016706447,2.637231503579953,0.9342779841968569,0.022785268536593253,0.0,0.0,0.0,0.0,0.0,0.0,0.0,0.0,0.0,0.0,0.0,0.0,0.0,0.0,0.0,0.0,0.0,0.0,0.0,0.0,0.0,0.0,0.0,0.0,0.0,0.03813559322033899,1.8305084745762716,12.317796610169495,13.474576271186443,2.338983050847458,0.398,0.00883,0.0,0.0,0.0,0.0,0.0,0.0,0.0,0.0,0.0,0.0,0.0,17.589498806682553,12.410501193317426,0.0,0.0,0.0,0.0,0.0,0.0,0.0,0.0,0.0,0.0,0.0,0.0,0.0,0.0,0.0,0.0,0.0,0.3977,0.008705,0.0,0.0,0.0,0.0,0.0,0.0,0.0,0.0,0.0,0.0,0.0,18.15254237288133,11.847457627118647,0.0,0.0,0.0,0.0,0.0,0.0,0.0,0.0,0.0,0.0,0.0,0.0,0.0,0.0,0.0,0.0,0.0
8600,4301,2210,0.5138339920948617,1037,880,0.4457102999302488,1211,0.563124854684957,0.41,2.9631755141080824,3.142264040030292,6.7379310344827585,2.1925286603094247,8373.719367588932,506.5060190485462,7853.0,8866.4,8866.4,0.0,7853.0,0.0,27.91536851894908,20.837750750626725,32.64815832875206,19.17005036137972,0.13903743315508021,0.09369913973494536,0.10044175773076029,0.08718902580795164,0.08160892815624274,0.07533131829807022,0.07579632643571263,0.05905603348058591,0.056033480585910254,0.05161590327830737,0.04161822831899558,0.04696582190188328,0.030225528946756567,0.025342943501511277,0.016042780748663103,0.01278772378516624,0.007207626133457335,0.9350105602916965,0.023299072954155044,0.0,0.0,0.0,0.0,0.0,0.0,0.0,0.0,0.0,0.0,0.0,0.0,0.0,0.0,0.0,0.0,0.0,0.0,0.0,0.0,0.0,0.0,0.0,0.0,0.0,0.04882585445245293,1.9111834457103003,12.018135317368058,13.308532899325742,2.7133224831434553,4.248644741597398,2.912836414975123,nan,nan,nan,4.194909090909091,2.929941279416099,4.302659956865564,2.895692052779236,1.0256861027548805,0.398,0.008484,0.0,0.0,0.0,0.0,0.0,0.0,0.0,0.0,0.0,0.0,0.0,17.94698907230874,12.053010927691238,0.0,0.0,0.0,0.0,0.0,0.0,0.0,0.0,0.0,0.0,0.0,0.0,0.0,0.0,0.0,0.0,0.0,nan,nan,4.248644741597398,2.912836414975123,nan,0.398,0.03992,0.0,0.0,0.0,0.0,0.0,0.0,0.0,0.0,0.0,0.0,0.0,0.0,0.0,0.0,0.0,0.0,0.0,0.0,0.0,0.0,0.0,0.0,0.0,1.1625203441060218e-05,0.0,6.97512206463613e-05,0.0,0.0004998837479655894,0.001116019530341781,0.0012438967681934433,0.008602650546384562,0.0030109276912345965,0.01699604743083004,0.032550569634968614,0.03400372006510114,0.056370611485701,0.07290165077888863,0.08923506161357823,0.08303882817949314,0.07817949314112997,0.07824924436177633,0.08074866310160428,0.11932108811904209,0.07665659149035108,0.050279004882585444,0.048732852824924434,0.03295745175540572,0.01061381074168798,0.008777028598000464,0.0016740292955126715,0.010950941641478727,0.0,0.0028946756568239943,0.0,0.0003138804929086259,0.0,0.0,0.0,0.0,0.0,0.0,0.0,0.0,0.0,0.0,0.0,0.0,0.0,0.0,0.0,0.0,0.0,0.0,0.0,0.0,0.0,0.0,0.0,0.0,0.0,0.0,0.0,0.0,0.0,0.0,0.0,0.0,0.0,0.0,0.0,0.0,0.0,0.0,0.0,0.0,0.0,0.0,0.0,0.0,0.0,0.0,nan,nan,4.248644741597398,2.912836414975123,nan,0.9350599767126109,0.02339593031218924,0.0,0.0,0.0,0.0,0.0,0.0,0.0,0.0,0.0,0.0,0.0,0.0,0.0,0.0,0.0,0.0,0.0,0.0,0.0,0.0,0.0,0.0,0.0,0.0,0.0,0.05429864253393667,1.9276018099547516,11.932126696832583,13.303167420814482,2.782805429864254,0.9349583315541447,0.023196149347120387,0.0,0.0,0.0,0.0,0.0,0.0,0.0,0.0,0.0,0.0,0.0,0.0,0.0,0.0,0.0,0.0,0.0,0.0,0.0,0.0,0.0,0.0,0.0,0.0,0.0,0.04304160688665711,1.893830703012913,12.109038737446202,13.3142037302726,2.639885222381636,0.398,0.00849,0.0,0.0,0.0,0.0,0.0,0.0,0.0,0.0,0.0,0.0,0.0,17.809954751131194,12.190045248868781,0.0,0.0,0.0,0.0,0.0,0.0,0.0,0.0,0.0,0.0,0.0,0.0,0.0,0.0,0.0,0.0,0.0,0.398,0.00847,0.0,0.0,0.0,0.0,0.0,0.0,0.0,0.0,0.0,0.0,0.0,18.09182209469151,11.908177905308468,0.0,0.0,0.0,0.0,0.0,0.0,0.0,0.0,0.0,0.0,0.0,0.0,0.0,0.0,0.0,0.0,0.0
8700,4045,2100,0.519159456118665,978,822,0.44499381953028433,1139,0.5631644004944376,0.426,3.063753213367609,3.093246196415886,6.497373029772329,2.1545967881933086,8379.116192830656,506.3278596482349,7853.0,8866.4,8866.399999999998,1.8189894035458565e-12,7853.0,0.0,28.599505562422745,21.185572434087813,33.511280398476416,19.41435862308045,0.1342398022249691,0.10160692212608158,0.08702101359703338,0.08677379480840544,0.07935723114956737,0.07243510506798517,0.06996291718170582,0.06254635352286773,0.0580964153275649,0.05760197775030902,0.04993819530284302,0.04029666254635352,0.030902348578491966,0.027935723114956738,0.0207663782447466,0.011866501854140914,0.00865265760197775,0.9352689179118691,0.023490841088929,0.0,0.0,0.0,0.0,0.0,0.0,0.0,0.0,0.0,0.0,0.0,0.0,0.0,0.0,0.0,0.0,0.0,0.0,0.0,0.0,0.0,0.0,0.0,0.0,0.0,0.03708281829419036,2.0766378244746604,11.777503090234859,13.601977750309027,2.506798516687269,4.289274924471299,2.8847719393288602,nan,nan,nan,4.286370597243492,2.881915067064885,4.29082774049217,2.8882462807181226,1.0010398408507992,0.3977,0.00874,0.0,0.0,0.0,0.0,0.0,0.0,0.0,0.0,0.0,0.0,0.0,18.48949320148329,11.510506798516689,0.0,0.0,0.0,0.0,0.0,0.0,0.0,0.0,0.0,0.0,0.0,0.0,0.0,0.0,0.0,0.0,0.0,nan,nan,4.289274924471299,2.8847719393288602,nan,0.3977,0.0397,0.0,0.0,0.0,0.0,0.0,0.0,0.0,0.0,0.0,0.0,0.0,0.0,0.0,0.0,0.0,0.0,0.0,0.0,0.0,0.0,0.0,0.0,0.0,0.0,0.0,0.0,1.2360939431396786e-05,0.0006304079110012361,0.0013844252163164401,0.0013349814585908529,0.009134734239802225,0.0034981458590852906,0.016242274412855376,0.03069221260815822,0.03257107540173053,0.05776266996291718,0.07064276885043264,0.09427688504326329,0.08375772558714463,0.07678615574783683,0.08243510506798517,0.0830407911001236,0.11944375772558714,0.07409147095179233,0.04749072929542645,0.04847960444993819,0.03187886279357231,0.010519159456118666,0.007898640296662547,0.001903584672435105,0.011297898640296662,3.708281829419036e-05,0.002435105067985167,0.0,0.00032138442521631645,0.0,0.0,0.0,0.0,0.0,0.0,0.0,0.0,0.0,0.0,0.0,0.0,0.0,0.0,0.0,0.0,0.0,0.0,0.0,0.0,0.0,0.0,0.0,0.0,0.0,0.0,0.0,0.0,0.0,0.0,0.0,0.0,0.0,0.0,0.0,0.0,0.0,0.0,0.0,0.0,0.0,0.0,0.0,0.0,0.0,0.0,nan,nan,4.289274924471299,2.8847719393288602,nan,0.9350527883995147,0.023519624798153144,0.0,0.0,0.0,0.0,0.0,0.0,0.0,0.0,0.0,0.0,0.0,0.0,0.0,0.0,0.0,0.0,0.0,0.0,0.0,0.0,0.0,0.0,0.0,0.0,0.0,0.057142857142857155,2.1428571428571432,11.814285714285718,13.357142857142861,2.628571428571429,0.9355022711128685,0.0234574883103039,0.0,0.0,0.0,0.0,0.0,0.0,0.0,0.0,0.0,0.0,0.0,0.0,0.0,0.0,0.0,0.0,0.0,0.0,0.0,0.0,0.0,0.0,0.0,0.0,0.0,0.015424164524421597,2.0051413881748075,11.737789203084835,13.866323907455017,2.375321336760926,0.3975,0.008705,0.0,0.0,0.0,0.0,0.0,0.0,0.0,0.0,0.0,0.0,0.0,18.8285714285714,11.171428571428573,0.0,0.0,0.0,0.0,0.0,0.0,0.0,0.0,0.0,0.0,0.0,0.0,0.0,0.0,0.0,0.0,0.0,0.3977,0.00878,0.0,0.0,0.0,0.0,0.0,0.0,0.0,0.0,0.0,0.0,0.0,18.123393316195347,11.87660668380463,0.0,0.0,0.0,0.0,0.0,0.0,0.0,0.0,0.0,0.0,0.0,0.0,0.0,0.0,0.0,0.0,0.0
8800,4257,2196,0.5158562367864693,987,855,0.43269908386187456,1190,0.5590791637303265,0.422,3.096069868995633,3.1353873974271678,6.692691029900332,2.094189017753413,8375.768710359407,506.44514663227375,7853.0,8866.4,8866.4,0.0,7853.0,0.0,28.29574817946911,21.219152757582012,33.32456631225518,19.444664884415033,0.14047451256753582,0.09842612168193564,0.09748649283533005,0.0819826168663378,0.07845900869156683,0.06929762743716232,0.07211651397697909,0.0610758750293634,0.05802208127789523,0.0509748649283533,0.046276720695325346,0.0411087620389946,0.03570589617101245,0.0307728447263331,0.021141649048625793,0.009631195677707306,0.007047216349541931,0.9343752603814275,0.023379556686090756,0.0,0.0,0.0,0.0,0.0,0.0,0.0,0.0,0.0,0.0,0.0,0.0,0.0,0.0,0.0,0.0,0.0,0.0,0.0,0.0,0.0,0.0,0.0,0.0,0.0,0.056377730796335464,2.1141649048625797,12.21282593375617,13.114869626497537,2.501761804087386,4.43580337490829,2.8626074640532657,nan,nan,nan,4.502218934911243,2.902762577147232,4.370451237263464,2.8210118659388432,0.9707327210087405,0.3975,0.00864,0.0,0.0,0.0,0.0,0.0,0.0,0.0,0.0,0.0,0.0,0.0,18.484848484848456,11.515151515151517,0.0,0.0,0.0,0.0,0.0,0.0,0.0,0.0,0.0,0.0,0.0,0.0,0.0,0.0,0.0,0.0,0.0,nan,nan,4.43580337490829,2.8626074640532657,nan,0.3975,0.03983,0.0,0.0,0.0,0.0,0.0,0.0,0.0,0.0,0.0,0.0,0.0,0.0,0.0,0.0,0.0,0.0,0.0,0.0,0.0,0.0,0.0,0.0,0.0,0.0,1.1745360582569884e-05,0.0,1.1745360582569884e-05,0.000822175240779892,0.000916138125440451,0.0016091143998120743,0.007986845196147521,0.0033356824054498473,0.015832746065304205,0.03238195912614517,0.03463706835799859,0.05904392764857881,0.07066008926474043,0.09109701667841202,0.08679821470519145,0.07668545924359878,0.08085506225041109,0.08321587972750763,0.11686633779657035,0.0733615221987315,0.047275076344843785,0.04916607939863754,0.032346723044397466,0.011616161616161616,0.007434813248766737,0.0017970401691331924,0.010312426591496358,0.00011745360582569885,0.0033826638477801266,0.0,0.00042283298097251583,0.0,0.0,0.0,0.0,0.0,0.0,0.0,0.0,0.0,0.0,0.0,0.0,0.0,0.0,0.0,0.0,0.0,0.0,0.0,0.0,0.0,0.0,0.0,0.0,0.0,0.0,0.0,0.0,0.0,0.0,0.0,0.0,0.0,0.0,0.0,0.0,0.0,0.0,0.0,0.0,0.0,0.0,0.0,0.0,0.0,0.0,nan,nan,4.43580337490829,2.8626074640532657,nan,0.9349557795376943,0.023403920876793445,0.0,0.0,0.0,0.0,0.0,0.0,0.0,0.0,0.0,0.0,0.0,0.0,0.0,0.0,0.0,0.0,0.0,0.0,0.0,0.0,0.0,0.0,0.0,0.0,0.0,0.05464480874316941,2.0355191256830607,12.062841530054648,13.142076502732245,2.704918032786886,0.9337567159529163,0.02333768396944622,0.0,0.0,0.0,0.0,0.0,0.0,0.0,0.0,0.0,0.0,0.0,0.0,0.0,0.0,0.0,0.0,0.0,0.0,0.0,0.0,0.0,0.0,0.0,0.0,0.0,0.05822416302765649,2.1979621542940326,12.372634643377005,13.085880640465797,2.285298398835517,0.3975,0.00866,0.0,0.0,0.0,0.0,0.0,0.0,0.0,0.0,0.0,0.0,0.0,18.538251366120193,11.461748633879784,0.0,0.0,0.0,0.0,0.0,0.0,0.0,0.0,0.0,0.0,0.0,0.0,0.0,0.0,0.0,0.0,0.0,0.3975,0.008606,0.0,0.0,0.0,0.0,0.0,0.0,0.0,0.0,0.0,0.0,0.0,18.427947598253247,11.572052401746726,0.0,0.0,0.0,0.0,0.0,0.0,0.0,0.0,0.0,0.0,0.0,0.0,0.0,0.0,0.0,0.0,0.0
8900,4435,2344,0.5285231116121759,1103,858,0.4421645997745209,1218,0.5492671927846674,0.426,3.118125298900048,3.168609717590091,6.630818619582665,2.1668331229032045,8388.60532130778,505.8748584384224,7853.0,8866.4,8866.4,0.0,7853.0,0.0,28.629086809470124,21.2221770785954,33.375498272654795,19.53354821745203,0.13167981961668546,0.10146561443066517,0.09086809470124013,0.08748590755355129,0.07711386696730553,0.07395715896279594,0.07305524239007892,0.060879368658399095,0.0588500563697858,0.05276211950394589,0.049379932356257046,0.03337091319052988,0.037880496054115,0.031116121758737316,0.01939120631341601,0.012852311161217588,0.007891770011273957,0.9338979157412335,0.022965385966723987,0.0,0.0,0.0,0.0,0.0,0.0,0.0,0.0,0.0,0.0,0.0,0.0,0.0,0.0,0.0,0.0,0.0,0.0,0.0,0.0,0.0,0.0,0.0,0.0,0.0,0.06087936865839911,2.1375422773393464,12.527621195039462,13.075535512965054,2.1984216459977457,4.319888734353269,2.9287851514374683,nan,nan,nan,4.342361111111111,2.929995256469215,4.300348432055749,2.926218121028492,0.9903249227827089,0.3975,0.00886,0.0,0.0,0.0,0.0,0.0,0.0,0.0,0.0,0.0,0.0,0.006764374295377679,18.12852311161215,11.86471251409245,0.0,0.0,0.0,0.0,0.0,0.0,0.0,0.0,0.0,0.0,0.0,0.0,0.0,0.0,0.0,0.0,0.0,nan,nan,4.319888734353269,2.9287851514374683,nan,0.3975,0.03992,0.0,0.0,0.0,0.0,0.0,0.0,0.0,0.0,0.0,0.0,0.0,0.0,0.0,0.0,0.0,0.0,0.0,0.0,0.0,0.0,0.0,0.0,0.0,0.0,0.0,0.0,0.0,0.0008680947012401353,0.0004847801578354002,0.0016798196166854565,0.008241262683201803,0.0028974069898534387,0.015896279594137544,0.033291995490417135,0.032919954904171364,0.06267192784667418,0.06971815107102593,0.09219842164599774,0.08543404735062007,0.0766065388951522,0.0806651634723788,0.08181510710259302,0.11394588500563697,0.07182638105975198,0.049582863585118375,0.05103720405862458,0.03358511837655017,0.011037204058624578,0.008478015783540023,0.0018714768883878242,0.009673055242390078,0.00019165727170236753,0.003032694475760992,0.0,0.0003269447576099211,0.0,2.2547914317925593e-05,0.0,0.0,0.0,0.0,0.0,0.0,0.0,0.0,0.0,0.0,0.0,0.0,0.0,0.0,0.0,0.0,0.0,0.0,0.0,0.0,0.0,0.0,0.0,0.0,0.0,0.0,0.0,0.0,0.0,0.0,0.0,0.0,0.0,0.0,0.0,0.0,0.0,0.0,0.0,0.0,0.0,0.0,0.0,0.0,nan,nan,4.319888734353269,2.9287851514374683,nan,0.933693451431831,0.02278796850496364,0.0,0.0,0.0,0.0,0.0,0.0,0.0,0.0,0.0,0.0,0.0,0.0,0.0,0.0,0.0,0.0,0.0,0.0,0.0,0.0,0.0,0.0,0.0,0.0,0.0,0.03839590443686008,2.162969283276451,12.606655290102392,13.080204778157,2.1117747440273043,0.9341271191564603,0.023160508770698,0.0,0.0,0.0,0.0,0.0,0.0,0.0,0.0,0.0,0.0,0.0,0.0,0.0,0.0,0.0,0.0,0.0,0.0,0.0,0.0,0.0,0.0,0.0,0.0,0.0,0.08608321377331422,2.1090387374461983,12.439024390243906,13.07030129124821,2.295552367288379,0.3975,0.00898,0.0,0.0,0.0,0.0,0.0,0.0,0.0,0.0,0.0,0.0,0.012798634812286692,18.250853242320794,11.736348122866897,0.0,0.0,0.0,0.0,0.0,0.0,0.0,0.0,0.0,0.0,0.0,0.0,0.0,0.0,0.0,0.0,0.0,0.3977,0.00873,0.0,0.0,0.0,0.0,0.0,0.0,0.0,0.0,0.0,0.0,0.0,17.991391678622644,12.008608321377334,0.0,0.0,0.0,0.0,0.0,0.0,0.0,0.0,0.0,0.0,0.0,0.0,0.0,0.0,0.0,0.0,0.0
9000,4349,2340,0.5380547252241895,1124,859,0.4559668889399862,1177,0.5412738560588641,0.45,3.043802887008462,3.1745429466038697,6.733333333333333,2.231932003407868,8398.264658542194,505.2303010623213,7853.0,8866.4,8866.4,0.0,7853.0,0.0,28.145550701310647,20.853786264488605,33.21059857221307,18.99623847050547,0.1393423775580593,0.09404460795585191,0.0924350425385146,0.08852609795355254,0.080018395033341,0.07679926419866635,0.06829156127845482,0.06323292710968038,0.06231317544263049,0.05127615543803173,0.045987583352494824,0.044148080018395035,0.03426074959760864,0.025982984594159576,0.016095654173373188,0.008737640836974018,0.008507702920211543,0.9336691393773291,0.02322363225399036,0.0,0.0,0.0,0.0,0.0,0.0,0.0,0.0,0.0,0.0,0.0,0.0,0.0,0.0,0.0,0.0,0.0,0.0,0.0,0.0,0.0,0.0,0.0,0.0,0.01379627500574845,0.06208323752586803,2.0349505633478966,12.851230167854682,12.789146930328815,2.2487928259369974,4.174250440917108,2.964214567262534,nan,nan,nan,4.217360621030346,2.9425279374156976,4.13408609738885,2.9841410559093804,0.9802543507362785,0.3975,0.00883,0.0,0.0,0.0,0.0,0.0,0.0,0.0,0.0,0.0,0.0,0.0,18.44561968268565,11.554380317314328,0.0,0.0,0.0,0.0,0.0,0.0,0.0,0.0,0.0,0.0,0.0,0.0,0.0,0.0,0.0,0.0,0.0,nan,nan,4.174250440917108,2.964214567262534,nan,0.3975,0.04013,0.0,0.0,0.0,0.0,0.0,0.0,0.0,0.0,0.0,0.0,0.0,0.0,0.0,0.0,0.0,0.0,0.0,0.0,0.0,0.0,0.0,0.0,0.0,0.0,0.0,0.0,0.0,0.0006323292710968039,0.0003449068751437112,0.0015060933547942055,0.007967348815819729,0.0024258450218441023,0.01746378477810991,0.03728443320303518,0.03293860657622442,0.06255461025523108,0.06923430673718096,0.09007817889169924,0.08537594849390664,0.07891469303288112,0.07821338238675557,0.07817889169924121,0.11379627500574845,0.07141871694642446,0.048689353874453896,0.05377098183490458,0.03496206024373419,0.011014026212922511,0.007840882961600367,0.0027937456886640605,0.00915152908714647,0.00020694412508622673,0.0030811680846171536,0.0,0.0001609565417337319,0.0,0.0,0.0,0.0,0.0,0.0,0.0,0.0,0.0,0.0,0.0,0.0,0.0,0.0,0.0,0.0,0.0,0.0,0.0,0.0,0.0,0.0,0.0,0.0,0.0,0.0,0.0,0.0,0.0,0.0,0.0,0.0,0.0,0.0,0.0,0.0,0.0,0.0,0.0,0.0,0.0,0.0,0.0,0.0,0.0,0.0,nan,nan,4.174250440917108,2.964214567262534,nan,0.93352166391336,0.023643629731003847,0.0,0.0,0.0,0.0,0.0,0.0,0.0,0.0,0.0,0.0,0.0,0.0,0.0,0.0,0.0,0.0,0.0,0.0,0.0,0.0,0.0,0.0,0.0,0.0,0.025641025641025647,0.07692307692307694,2.166666666666667,12.743589743589746,12.615384615384619,2.3717948717948723,0.9338409126902647,0.02272344593438932,0.0,0.0,0.0,0.0,0.0,0.0,0.0,0.0,0.0,0.0,0.0,0.0,0.0,0.0,0.0,0.0,0.0,0.0,0.0,0.0,0.0,0.0,0.0,0.0,0.0,0.044798407167745156,1.8815331010452967,12.976605276256848,12.991538078646096,2.1055251368840224,0.3975,0.00885,0.0,0.0,0.0,0.0,0.0,0.0,0.0,0.0,0.0,0.0,0.0,18.49999999999997,11.500000000000004,0.0,0.0,0.0,0.0,0.0,0.0,0.0,0.0,0.0,0.0,0.0,0.0,0.0,0.0,0.0,0.0,0.0,0.3975,0.00881,0.0,0.0,0.0,0.0,0.0,0.0,0.0,0.0,0.0,0.0,0.0,18.382279741164734,11.617720258835243,0.0,0.0,0.0,0.0,0.0,0.0,0.0,0.0,0.0,0.0,0.0,0.0,0.0,0.0,0.0,0.0,0.0
9100,4522,2354,0.5205661211853162,1153,927,0.4599734630694383,1263,0.5586023883237505,0.442,3.055350553505535,3.2131646535984393,6.866220735785953,2.141834325767264,8380.541707209199,506.27118547336454,7853.0,8866.4,8866.4,0.0,7853.0,0.0,28.03892083149049,20.693478889231415,33.284347595003986,18.7096345416116,0.14927023440955328,0.09066784608580274,0.08646616541353383,0.08359133126934984,0.08027421494913754,0.07430340557275542,0.06811145510835913,0.07275541795665634,0.06191950464396285,0.05550641309155241,0.04732419283502875,0.0400265369305617,0.0329500221141088,0.0254312251216276,0.01614329942503317,0.011057054400707651,0.004201680672268907,0.9332067166504107,0.023264970182628453,0.0,0.0,0.0,0.0,0.0,0.0,0.0,0.0,0.0,0.0,0.0,0.0,0.0,0.0,0.0,0.0,0.0,0.0,0.0,0.0,0.0,0.0,0.0,0.0,0.0,0.0928792569659443,2.2689075630252105,12.61167624944715,12.750995134896067,2.275541795665635,4.275955360162326,2.9668909329380133,nan,nan,nan,4.3790760869565215,3.0086464555030017,4.1737373737373735,2.921322489776951,0.9531091241299122,0.3965,0.0088,0.0,0.0,0.0,0.0,0.0,0.0,0.0,0.0,0.0,0.0,0.013268465280849184,19.730207872622703,10.25652366209642,0.0,0.0,0.0,0.0,0.0,0.0,0.0,0.0,0.0,0.0,0.0,0.0,0.0,0.0,0.0,0.0,0.0,nan,nan,4.275955360162326,2.9668909329380133,nan,0.3965,0.04028,0.0,0.0,0.0,0.0,0.0,0.0,0.0,0.0,0.0,0.0,0.0,0.0,0.0,0.0,0.0,0.0,0.0,0.0,0.0,0.0,0.0,0.0,0.0,0.0,0.0,0.0,0.0,0.0005639097744360903,0.00035382574082264487,0.0021118973905351612,0.009774436090225564,0.002465723131357806,0.018011941618752764,0.03773772666961522,0.03300530738611234,0.061709420610349404,0.06910659000442282,0.09237063246351172,0.09055727554179567,0.08282839451570102,0.07652587350729766,0.07670278637770898,0.11102388323750553,0.0677797434763379,0.047877045555064134,0.05059708093763821,0.03555948695267581,0.009829721362229102,0.006943830163644405,0.0032507739938080495,0.009984520123839009,0.00017691287041132243,0.0030849181777974346,0.0,6.634232640424591e-05,0.0,0.0,0.0,0.0,0.0,0.0,0.0,0.0,0.0,0.0,0.0,0.0,0.0,0.0,0.0,0.0,0.0,0.0,0.0,0.0,0.0,0.0,0.0,0.0,0.0,0.0,0.0,0.0,0.0,0.0,0.0,0.0,0.0,0.0,0.0,0.0,0.0,0.0,0.0,0.0,0.0,0.0,0.0,0.0,0.0,0.0,nan,nan,4.275955360162326,2.9668909329380133,nan,0.9333653119325436,0.023346164861124667,0.0,0.0,0.0,0.0,0.0,0.0,0.0,0.0,0.0,0.0,0.0,0.0,0.0,0.0,0.0,0.0,0.0,0.0,0.0,0.0,0.0,0.0,0.0,0.0,0.0,0.06372132540356841,2.3067119796091764,12.60407816482583,12.60407816482583,2.4214103653355994,0.9330345149464713,0.02317525849210011,0.0,0.0,0.0,0.0,0.0,0.0,0.0,0.0,0.0,0.0,0.0,0.0,0.0,0.0,0.0,0.0,0.0,0.0,0.0,0.0,0.0,0.0,0.0,0.0,0.0,0.1245387453874539,2.2278597785977863,12.619926199261997,12.910516605166055,2.1171586715867163,0.3967,0.00876,0.0,0.0,0.0,0.0,0.0,0.0,0.0,0.0,0.0,0.0,0.0,19.5879354290569,10.412064570943077,0.0,0.0,0.0,0.0,0.0,0.0,0.0,0.0,0.0,0.0,0.0,0.0,0.0,0.0,0.0,0.0,0.0,0.3965,0.00884,0.0,0.0,0.0,0.0,0.0,0.0,0.0,0.0,0.0,0.0,0.027675276752767534,19.88468634686344,10.087638376383765,0.0,0.0,0.0,0.0,0.0,0.0,0.0,0.0,0.0,0.0,0.0,0.0,0.0,0.0,0.0,0.0,0.0
9200,4838,2451,0.5066143034311699,1158,995,0.44501860272840016,1403,0.5799917321207111,0.39799999999999996,2.9790532048596563,3.0978290613384623,6.44950213371266,2.1214736704683537,8366.402935097147,506.65566281359503,7853.0,8866.4,8866.4,0.0,7853.0,0.0,28.293096320793715,20.92550809633871,32.98416565164434,19.241601111696024,0.13166597767672591,0.09921455146754857,0.09776767259198016,0.08763952046300125,0.07854485324514263,0.07503100454733361,0.06696982224059529,0.0628358825961141,0.0597354278627532,0.051260851591566764,0.050227366680446466,0.0413393964448119,0.034518396031417944,0.028317486564696154,0.01756924348904506,0.009921455146754857,0.007441091360066143,0.9320418319090086,0.023708377501774614,0.0,0.0,0.0,0.0,0.0,0.0,0.0,0.0,0.0,0.0,0.0,0.0,0.0,0.0,0.0,0.0,0.0,0.0,0.0,0.0,0.0,0.0,0.0,0.0,0.0,0.08681273253410503,2.461761058288549,13.195535345183963,12.060768912773877,2.1951219512195124,4.294024157660521,2.9129687688623536,nan,nan,nan,4.35673624288425,2.886291265088829,4.230670926517572,2.9383144627704465,0.9710642762520734,0.3962,0.008675,0.0,0.0,0.0,0.0,0.0,0.0,0.0,0.0,0.0,0.0,0.0,19.923522116577068,10.076477883422903,0.0,0.0,0.0,0.0,0.0,0.0,0.0,0.0,0.0,0.0,0.0,0.0,0.0,0.0,0.0,0.0,0.0,nan,nan,4.294024157660521,2.9129687688623536,nan,0.3962,0.04016,0.0,0.0,0.0,0.0,0.0,0.0,0.0,0.0,0.0,0.0,0.0,0.0,0.0,0.0,0.0,0.0,0.0,0.0,0.0,0.0,0.0,0.0,0.0,0.0,0.0,0.0,0.0,0.00086812732534105,0.0003927242662257131,0.0016639107069036793,0.010407193054981397,0.0020359652749069863,0.01812732534105002,0.0388900372054568,0.03243075651095494,0.06197809011988425,0.06934683753617198,0.09527697395618023,0.08851798263745349,0.07910293509714758,0.07666391070690368,0.07522736668044647,0.11590533278214138,0.07068003307151716,0.048305084745762714,0.048708143861099625,0.032833815626291854,0.010737908226539892,0.00645928069450186,0.0025217031831335263,0.009714758164530797,9.30136420008268e-05,0.003028110789582472,7.234394377842083e-05,1.0334849111202977e-05,0.0,0.0,0.0,0.0,0.0,0.0,0.0,0.0,0.0,0.0,0.0,0.0,0.0,0.0,0.0,0.0,0.0,0.0,0.0,0.0,0.0,0.0,0.0,0.0,0.0,0.0,0.0,0.0,0.0,0.0,0.0,0.0,0.0,0.0,0.0,0.0,0.0,0.0,0.0,0.0,0.0,0.0,0.0,0.0,0.0,0.0,nan,nan,4.294024157660521,2.9129687688623536,nan,0.9323967717122856,0.023700697709095362,0.0,0.0,0.0,0.0,0.0,0.0,0.0,0.0,0.0,0.0,0.0,0.0,0.0,0.0,0.0,0.0,0.0,0.0,0.0,0.0,0.0,0.0,0.0,0.0,0.0,0.0856793145654835,2.325581395348838,13.37821297429621,11.872705018359856,2.337821297429621,0.9316773754960082,0.023710732360364657,0.0,0.0,0.0,0.0,0.0,0.0,0.0,0.0,0.0,0.0,0.0,0.0,0.0,0.0,0.0,0.0,0.0,0.0,0.0,0.0,0.0,0.0,0.0,0.0,0.0,0.08797653958944283,2.6015919564306667,13.007959782153334,12.253875157100966,2.0485965647255973,0.3962,0.008675,0.0,0.0,0.0,0.0,0.0,0.0,0.0,0.0,0.0,0.0,0.0,20.048959608323102,9.951040391676868,0.0,0.0,0.0,0.0,0.0,0.0,0.0,0.0,0.0,0.0,0.0,0.0,0.0,0.0,0.0,0.0,0.0,0.3962,0.008675,0.0,0.0,0.0,0.0,0.0,0.0,0.0,0.0,0.0,0.0,0.0,19.794721407624607,10.205278592375368,0.0,0.0,0.0,0.0,0.0,0.0,0.0,0.0,0.0,0.0,0.0,0.0,0.0,0.0,0.0,0.0,0.0
9300,4717,2449,0.519185923256307,1125,972,0.444562221751113,1331,0.5643417426330295,0.40599999999999997,2.9611992945326278,3.065178608512175,6.437106918238993,2.173483812143594,8379.143014627942,506.3268303992763,7853.0,8866.4,8866.399999999998,1.8189894035458565e-12,7853.0,0.0,27.499046003815984,20.728799129651343,32.44697544925335,19.017134112820493,0.14479542081831673,0.10112359550561797,0.09073563705745177,0.09349162603349587,0.07695569217723129,0.07822768708925164,0.0714437142251431,0.059359762560949755,0.05702777188891244,0.05236379054483782,0.04706381174475302,0.03752384990460038,0.028407886368454528,0.02671189315242739,0.019503921984312063,0.009327962688149248,0.005935976256094976,0.9315699669474233,0.023030435424320254,0.0,0.0,0.0,0.0,0.0,0.0,0.0,0.0,0.0,0.0,0.0,0.0,0.0,0.0,0.0,0.0,0.0,0.0,0.0,0.0,0.0,0.0,0.0,0.0,0.0,0.06995972016111937,2.416790332838669,13.3623065507738,12.147551409794364,2.003391986432055,4.2718511133266865,2.80622828334253,nan,nan,nan,4.243189368770764,2.7744674375717793,4.302727877578177,2.837030441679103,1.0140315464696457,0.3962,0.00865,0.0,0.0,0.0,0.0,0.0,0.0,0.0,0.0,0.0,0.0,0.019079923680305283,20.180199279202856,9.800720797116814,0.0,0.0,0.0,0.0,0.0,0.0,0.0,0.0,0.0,0.0,0.0,0.0,0.0,0.0,0.0,0.0,0.0,nan,nan,4.2718511133266865,2.80622828334253,nan,0.3962,0.04004,0.0,0.0,0.0,0.0,0.0,0.0,0.0,0.0,0.0,0.0,0.0,0.0,0.0,0.0,0.0,0.0,0.0,0.0,0.0,0.0,0.0,0.0,0.0,0.0,0.0,0.0,0.0,0.0009433962264150943,0.0008161967352130591,0.0020457918168327325,0.009847360610557557,0.0024485902056391776,0.01692813228747085,0.03784184863260547,0.03216027135891456,0.061977952088191644,0.07311850752596989,0.09515581937672249,0.08802204791180836,0.07589569641721433,0.07621369514521942,0.07580029679881281,0.11857112571549713,0.0718253126987492,0.04792240831036676,0.049173203307186775,0.031206275174899302,0.011288954844180623,0.007292770828916684,0.0022895908416366334,0.008903964384142463,4.2399830400678394e-05,0.0022683909264362943,0.0,0.0,0.0,0.0,0.0,0.0,0.0,0.0,0.0,0.0,0.0,0.0,0.0,0.0,0.0,0.0,0.0,0.0,0.0,0.0,0.0,0.0,0.0,0.0,0.0,0.0,0.0,0.0,0.0,0.0,0.0,0.0,0.0,0.0,0.0,0.0,0.0,0.0,0.0,0.0,0.0,0.0,0.0,0.0,0.0,0.0,0.0,0.0,nan,nan,4.2718511133266865,2.80622828334253,nan,0.9315805744034459,0.023180876083757924,0.0,0.0,0.0,0.0,0.0,0.0,0.0,0.0,0.0,0.0,0.0,0.0,0.0,0.0,0.0,0.0,0.0,0.0,0.0,0.0,0.0,0.0,0.0,0.0,0.0,0.048999591670069426,2.5479787668436105,13.15639036341364,12.213148223764804,2.0334830543078812,0.9315585129528029,0.022866871820941086,0.0,0.0,0.0,0.0,0.0,0.0,0.0,0.0,0.0,0.0,0.0,0.0,0.0,0.0,0.0,0.0,0.0,0.0,0.0,0.0,0.0,0.0,0.0,0.0,0.0,0.09259259259259262,2.2751322751322753,13.584656084656087,12.07671957671958,1.9708994708994714,0.396,0.008644,0.0,0.0,0.0,0.0,0.0,0.0,0.0,0.0,0.0,0.0,0.012249897917517356,20.261331155573675,9.726418946508781,0.0,0.0,0.0,0.0,0.0,0.0,0.0,0.0,0.0,0.0,0.0,0.0,0.0,0.0,0.0,0.0,0.0,0.3962,0.00865,0.0,0.0,0.0,0.0,0.0,0.0,0.0,0.0,0.0,0.0,0.02645502645502646,20.092592592592563,9.880952380952383,0.0,0.0,0.0,0.0,0.0,0.0,0.0,0.0,0.0,0.0,0.0,0.0,0.0,0.0,0.0,0.0,0.0
9400,4694,2382,0.5074563272262462,1099,977,0.44226672347677887,1353,0.5764806135492118,0.41,3.0025951557093427,3.1013715314185575,6.533532041728763,2.1006689478370952,8367.256242011079,506.6436550541908,7853.0,8866.4,8866.4,0.0,7853.0,0.0,28.066893907115467,20.98876175497415,32.95470647773279,19.274433022397762,0.13826161056668088,0.09884959522795057,0.09757136770345122,0.08287175117170856,0.08628035790370686,0.07435023434171283,0.06625479335321688,0.061567959096719214,0.05517682147422241,0.051768214742224115,0.05006391137622497,0.04111631870472944,0.03110353642948445,0.023647209203238175,0.022795057520238603,0.012356199403493822,0.005965061780997018,0.9310022173127978,0.022827050586263282,0.0,0.0,0.0,0.0,0.0,0.0,0.0,0.0,0.0,0.0,0.0,0.0,0.0,0.0,0.0,0.0,0.0,0.0,0.0,0.0,0.0,0.0,0.0,0.0,0.0,0.057520238602471255,2.4861525351512572,13.593949723050706,12.079250106518964,1.7831273966766088,4.3487450462351385,2.8362233498235714,nan,nan,nan,4.358081471747701,2.8311953797845657,4.339309428950863,2.8412645279989586,0.9956925902100427,0.3962,0.008514,0.0,0.0,0.0,0.0,0.0,0.0,0.0,0.0,0.0,0.0,0.012782275244993611,19.98508734554748,10.0021303792075,0.0,0.0,0.0,0.0,0.0,0.0,0.0,0.0,0.0,0.0,0.0,0.0,0.0,0.0,0.0,0.0,0.0,nan,nan,4.3487450462351385,2.8362233498235714,nan,0.3962,0.04004,0.0,0.0,0.0,0.0,0.0,0.0,0.0,0.0,0.0,0.0,0.0,0.0,0.0,0.0,0.0,0.0,0.0,0.0,0.0,0.0,0.0,0.0,0.0,0.0,0.0,0.0,0.0,0.0011184490839369408,0.0005112910097997443,0.0018960374946740519,0.009213890072432894,0.0031103536429484446,0.014795483596080102,0.040999147848317,0.034086067319982954,0.06048146570089476,0.07215594375798892,0.09566467831273967,0.08632296548785684,0.07576693651469962,0.07513847464848743,0.0734128674904133,0.12307200681721346,0.07132509586706434,0.048561994034938216,0.049371538133787814,0.03129527055815935,0.010066041755432466,0.009075415423945462,0.002098423519386451,0.007871751171708564,2.1303792074989347e-05,0.0025671069450362164,0.0,0.0,0.0,0.0,0.0,0.0,0.0,0.0,0.0,0.0,0.0,0.0,0.0,0.0,0.0,0.0,0.0,0.0,0.0,0.0,0.0,0.0,0.0,0.0,0.0,0.0,0.0,0.0,0.0,0.0,0.0,0.0,0.0,0.0,0.0,0.0,0.0,0.0,0.0,0.0,0.0,0.0,0.0,0.0,0.0,0.0,0.0,0.0,nan,nan,4.3487450462351385,2.8362233498235714,nan,0.9307131548071989,0.022828627158387578,0.0,0.0,0.0,0.0,0.0,0.0,0.0,0.0,0.0,0.0,0.0,0.0,0.0,0.0,0.0,0.0,0.0,0.0,0.0,0.0,0.0,0.0,0.0,0.0,0.0,0.06297229219143578,2.405541561712847,13.979848866498743,11.813602015113354,1.7380352644836277,0.9313000317108673,0.022821597211807723,0.0,0.0,0.0,0.0,0.0,0.0,0.0,0.0,0.0,0.0,0.0,0.0,0.0,0.0,0.0,0.0,0.0,0.0,0.0,0.0,0.0,0.0,0.0,0.0,0.0,0.05190311418685122,2.569204152249135,13.196366782006924,12.35294117647059,1.8295847750865055,0.3962,0.00855,0.0,0.0,0.0,0.0,0.0,0.0,0.0,0.0,0.0,0.0,0.025188916876574312,19.899244332493677,10.075566750629724,0.0,0.0,0.0,0.0,0.0,0.0,0.0,0.0,0.0,0.0,0.0,0.0,0.0,0.0,0.0,0.0,0.0,0.3962,0.008484,0.0,0.0,0.0,0.0,0.0,0.0,0.0,0.0,0.0,0.0,0.0,20.073529411764678,9.926470588235295,0.0,0.0,0.0,0.0,0.0,0.0,0.0,0.0,0.0,0.0,0.0,0.0,0.0,0.0,0.0,0.0,0.0
9500,4680,2463,0.5262820512820513,1146,922,0.44188034188034186,1279,0.5465811965811965,0.414,3.0117275597654487,3.162826417031099,6.710651828298887,2.241868767069243,8386.334230769231,505.9995135880381,7853.0,8866.4,8866.399999999998,1.8189894035458565e-12,7853.0,0.0,27.773076923076925,20.87599226206282,32.632808532249875,19.192980567962397,0.13867521367521368,0.10106837606837607,0.09444444444444444,0.09081196581196581,0.0841880341880342,0.07735042735042735,0.06474358974358975,0.05534188034188034,0.06025641025641026,0.05576923076923077,0.04487179487179487,0.0405982905982906,0.031196581196581197,0.023504273504273504,0.018803418803418803,0.009615384615384616,0.00876068376068376,0.9299355741749462,0.023411571101486447,0.0,0.0,0.0,0.0,0.0,0.0,0.0,0.0,0.0,0.0,0.0,0.0,0.0,0.0,0.0,0.0,0.0,0.0,0.0,0.0,0.0,0.0,0.0,0.0,0.0,0.07051282051282053,2.9807692307692317,13.583333333333336,11.698717948717952,1.666666666666667,4.276723276723277,2.9662909674503286,nan,nan,nan,4.230872483221477,2.957254742935068,4.321877065432915,2.9744723403197546,1.021509649031574,0.3965,0.008545,0.0,0.0,0.0,0.0,0.0,0.0,0.0,0.0,0.0,0.0,0.0,19.833333333333304,10.166666666666668,0.0,0.0,0.0,0.0,0.0,0.0,0.0,0.0,0.0,0.0,0.0,0.0,0.0,0.0,0.0,0.0,0.0,nan,nan,4.276723276723277,2.9662909674503286,nan,0.3965,0.04013,0.0,0.0,0.0,0.0,0.0,0.0,0.0,0.0,0.0,0.0,0.0,0.0,0.0,0.0,0.0,0.0,0.0,0.0,0.0,0.0,0.0,0.0,0.0,0.0,0.0,0.0,0.0,0.0009401709401709402,0.0007051282051282052,0.00233974358974359,0.008397435897435898,0.0028525641025641028,0.01514957264957265,0.0383974358974359,0.03574786324786325,0.05919871794871795,0.07393162393162393,0.09536324786324786,0.09224358974358975,0.07455128205128204,0.0710042735042735,0.06945512820512821,0.12544871794871795,0.07096153846153846,0.04786324786324787,0.05144230769230769,0.03081196581196581,0.010341880341880341,0.009423076923076923,0.002542735042735043,0.008173076923076924,2.1367521367521368e-05,0.00266025641025641,1.0683760683760684e-05,0.0,0.0,2.1367521367521368e-05,0.0,0.0,0.0,0.0,0.0,0.0,0.0,0.0,0.0,0.0,0.0,0.0,0.0,0.0,0.0,0.0,0.0,0.0,0.0,0.0,0.0,0.0,0.0,0.0,0.0,0.0,0.0,0.0,0.0,0.0,0.0,0.0,0.0,0.0,0.0,0.0,0.0,0.0,0.0,0.0,0.0,0.0,0.0,0.0,nan,nan,4.276723276723277,2.9662909674503286,nan,0.9302729944896272,0.023202566491294922,0.0,0.0,0.0,0.0,0.0,0.0,0.0,0.0,0.0,0.0,0.0,0.0,0.0,0.0,0.0,0.0,0.0,0.0,0.0,0.0,0.0,0.0,0.0,0.0,0.0,0.036540803897685756,2.886723507917175,13.556638246041416,11.790499390986605,1.7295980511571258,0.9295607134464575,0.023635952864610506,0.0,0.0,0.0,0.0,0.0,0.0,0.0,0.0,0.0,0.0,0.0,0.0,0.0,0.0,0.0,0.0,0.0,0.0,0.0,0.0,0.0,0.0,0.0,0.0,0.0,0.10825439783491207,3.085250338294994,13.612990527740193,11.596752368064957,1.5967523680649531,0.3965,0.00862,0.0,0.0,0.0,0.0,0.0,0.0,0.0,0.0,0.0,0.0,0.0,19.76857490864796,10.231425091352012,0.0,0.0,0.0,0.0,0.0,0.0,0.0,0.0,0.0,0.0,0.0,0.0,0.0,0.0,0.0,0.0,0.0,0.3965,0.00846,0.0,0.0,0.0,0.0,0.0,0.0,0.0,0.0,0.0,0.0,0.0,19.905277401894423,10.09472259810555,0.0,0.0,0.0,0.0,0.0,0.0,0.0,0.0,0.0,0.0,0.0,0.0,0.0,0.0,0.0,0.0,0.0
9600,4679,2390,0.5107929044667664,1134,944,0.44411198974139776,1329,0.5680701004488139,0.414,2.9755351681957185,3.0852621081278104,6.439169139465875,2.1188730609791553,8370.63752938662,506.5819385360246,7853.0,8866.4,8866.399999999998,1.8189894035458565e-12,7853.0,0.0,28.01367813635392,20.892058784122067,32.9072662601626,19.16877298552437,0.13635392177815772,0.10130369737123317,0.09275486215003206,0.09147253686685189,0.07864928403505023,0.07800812139346014,0.06518486856165848,0.05813207950416756,0.059200683906817694,0.053643941013036975,0.05300277837144689,0.03782859585381492,0.031630690318444114,0.026287668305193416,0.018593716606112417,0.0115409275486215,0.006411626415900834,0.9295037178484694,0.023301140527644773,0.0,0.0,0.0,0.0,0.0,0.0,0.0,0.0,0.0,0.0,0.0,0.0,0.0,0.0,0.0,0.0,0.0,0.0,0.0,0.0,0.0,0.0,0.0,0.0,0.0,0.10258602265441336,2.9237016456507807,13.951699081000218,11.329343876896775,1.6926693737978205,4.251574411667219,2.8861994914861913,nan,nan,nan,4.331329325317301,2.9322864305036966,4.171165240289664,2.837895658630236,0.9630219563099363,0.3965,0.008804,0.0,0.0,0.0,0.0,0.0,0.0,0.0,0.0,0.0,0.0,0.0,19.52981406283391,10.470185937166063,0.0,0.0,0.0,0.0,0.0,0.0,0.0,0.0,0.0,0.0,0.0,0.0,0.0,0.0,0.0,0.0,0.0,nan,nan,4.251574411667219,2.8861994914861913,nan,0.3965,0.04013,0.0,0.0,0.0,0.0,0.0,0.0,0.0,0.0,0.0,0.0,0.0,0.0,0.0,0.0,0.0,0.0,0.0,0.0,0.0,0.0,0.0,0.0,0.0,0.0,1.0686044026501389e-05,0.0,0.0,0.0007480230818550972,0.0008869416541996153,0.0010686044026501388,0.008976276982261167,0.0030668946356058988,0.015836717247275058,0.037337037828595855,0.03807437486642445,0.060643299850395384,0.07487711049369523,0.09025432784783073,0.0892391536653131,0.07706774951912802,0.07122248343663176,0.06970506518486856,0.12553964522333833,0.07254755289591792,0.0484718957042103,0.05107929044667664,0.030038469758495404,0.010418892925838854,0.00930754434708271,0.0027356272707843555,0.007704637743107501,0.0,0.0031096388117119044,0.0,3.205813207950417e-05,0.0,0.0,0.0,0.0,0.0,0.0,0.0,0.0,0.0,0.0,0.0,0.0,0.0,0.0,0.0,0.0,0.0,0.0,0.0,0.0,0.0,0.0,0.0,0.0,0.0,0.0,0.0,0.0,0.0,0.0,0.0,0.0,0.0,0.0,0.0,0.0,0.0,0.0,0.0,0.0,0.0,0.0,0.0,0.0,0.0,0.0,nan,nan,4.251574411667219,2.8861994914861913,nan,0.9299635578149532,0.02367292791217295,0.0,0.0,0.0,0.0,0.0,0.0,0.0,0.0,0.0,0.0,0.0,0.0,0.0,0.0,0.0,0.0,0.0,0.0,0.0,0.0,0.0,0.0,0.0,0.0,0.0,0.0878661087866109,2.93723849372385,13.76987447698745,11.397489539748957,1.8075313807531384,0.9290235878703583,0.022896656462364988,0.0,0.0,0.0,0.0,0.0,0.0,0.0,0.0,0.0,0.0,0.0,0.0,0.0,0.0,0.0,0.0,0.0,0.0,0.0,0.0,0.0,0.0,0.0,0.0,0.0,0.11795543905635651,2.9095674967234606,14.14154652686763,11.258191349934473,1.572739187418087,0.3967,0.00881,0.0,0.0,0.0,0.0,0.0,0.0,0.0,0.0,0.0,0.0,0.0,19.217573221757295,10.78242677824268,0.0,0.0,0.0,0.0,0.0,0.0,0.0,0.0,0.0,0.0,0.0,0.0,0.0,0.0,0.0,0.0,0.0,0.3962,0.0088,0.0,0.0,0.0,0.0,0.0,0.0,0.0,0.0,0.0,0.0,0.0,19.855832241153312,10.14416775884666,0.0,0.0,0.0,0.0,0.0,0.0,0.0,0.0,0.0,0.0,0.0,0.0,0.0,0.0,0.0,0.0,0.0
9700,4793,2497,0.5209680784477363,1162,980,0.4469017316920509,1364,0.5691633632380555,0.41,2.982142857142857,3.14890804708545,6.699236641221374,2.266836790685202,8380.949050698935,506.2542521741362,7853.0,8866.4,8866.4,0.0,7853.0,0.0,28.029626538702274,20.68988426445619,32.692667322834644,19.008203403413653,0.13123304819528478,0.09972877112455665,0.09305236803672022,0.09388691842269976,0.08470686417692468,0.08032547465053202,0.062174003755476735,0.06071354058001252,0.05487168787815564,0.0557062382641352,0.05090757354475276,0.03984978093052368,0.02983517629876904,0.02837471312330482,0.019611934070519508,0.01022324222824953,0.004798664719382432,0.9304281998819781,0.02307130904093062,0.0,0.0,0.0,0.0,0.0,0.0,0.0,0.0,0.0,0.0,0.0,0.0,0.0,0.0,0.0,0.0,0.0,0.0,0.0,0.0,0.0,0.0,0.0,0.0,0.0,0.09388691842269979,2.6976841226789077,13.682453578134783,11.748383058627168,1.7775923221364494,4.219111969111969,2.9529659603540797,nan,nan,nan,4.250647668393782,2.995895222059997,4.18937939859245,2.9100333524917903,0.9855861330834594,0.3962,0.00877,0.0,0.0,0.0,0.0,0.0,0.0,0.0,0.0,0.0,0.0,0.012518255789693306,19.83517629876901,10.15230544544127,0.0,0.0,0.0,0.0,0.0,0.0,0.0,0.0,0.0,0.0,0.0,0.0,0.0,0.0,0.0,0.0,0.0,nan,nan,4.219111969111969,2.9529659603540797,nan,0.3962,0.04028,0.0,0.0,0.0,0.0,0.0,0.0,0.0,0.0,0.0,0.0,0.0,0.0,0.0,0.0,0.0,0.0,0.0,0.0,0.0,0.0,0.0,0.0,0.0,0.0,0.0,0.0,2.0863759649488838e-05,0.0013144168579177968,0.0010849155017734196,0.0010640517421239308,0.00951387440016691,0.0030252451491758815,0.015063634466930941,0.035843939077821824,0.040287919883162944,0.06184018360108492,0.07524514917588149,0.09245775088670978,0.08809722511996662,0.08080534112247027,0.06802628833715836,0.06633632380554975,0.12418109743375756,0.07361777592322137,0.04914458585437096,0.050865846025453784,0.029209263509284374,0.010035468391404132,0.009326100563321511,0.0027540162737325264,0.007510953473815982,2.0863759649488838e-05,0.0030356770290006258,0.0,0.0002712288754433549,0.0,0.0,0.0,0.0,0.0,0.0,0.0,0.0,0.0,0.0,0.0,0.0,0.0,0.0,0.0,0.0,0.0,0.0,0.0,0.0,0.0,0.0,0.0,0.0,0.0,0.0,0.0,0.0,0.0,0.0,0.0,0.0,0.0,0.0,0.0,0.0,0.0,0.0,0.0,0.0,0.0,0.0,0.0,0.0,0.0,0.0,nan,nan,4.219111969111969,2.9529659603540797,nan,0.9306444868976516,0.023182789910572512,0.0,0.0,0.0,0.0,0.0,0.0,0.0,0.0,0.0,0.0,0.0,0.0,0.0,0.0,0.0,0.0,0.0,0.0,0.0,0.0,0.0,0.0,0.0,0.0,0.0,0.08410092110532641,2.7032438926712063,13.6483780536644,11.67801361633961,1.8862635162194636,0.930192978332267,0.0229471400272507,0.0,0.0,0.0,0.0,0.0,0.0,0.0,0.0,0.0,0.0,0.0,0.0,0.0,0.0,0.0,0.0,0.0,0.0,0.0,0.0,0.0,0.0,0.0,0.0,0.0,0.1045296167247387,2.6916376306620218,13.719512195121954,11.824912891986067,1.6594076655052268,0.3962,0.008804,0.0,0.0,0.0,0.0,0.0,0.0,0.0,0.0,0.0,0.0,0.0,19.643572286744064,10.35642771325591,0.0,0.0,0.0,0.0,0.0,0.0,0.0,0.0,0.0,0.0,0.0,0.0,0.0,0.0,0.0,0.0,0.0,0.396,0.00874,0.0,0.0,0.0,0.0,0.0,0.0,0.0,0.0,0.0,0.0,0.026132404181184676,20.043554006968613,9.930313588850176,0.0,0.0,0.0,0.0,0.0,0.0,0.0,0.0,0.0,0.0,0.0,0.0,0.0,0.0,0.0,0.0,0.0
9800,5028,2644,0.5258552108194113,1237,993,0.44351630867143993,1381,0.5493237867939539,0.40599999999999997,2.98993288590604,3.1473701596205994,6.681681681681682,2.188736014259118,8385.90167064439,506.0220968055078,7853.0,8866.4,8866.399999999998,1.8189894035458565e-12,7853.0,0.0,27.773667462211616,20.79300201248795,32.72522522522522,19.04221892213285,0.1426014319809069,0.10103420843277645,0.09427207637231504,0.0881066030230708,0.07517899761336516,0.07239459029435164,0.07060461416070007,0.06424025457438345,0.060859188544152745,0.049124900556881464,0.049920445505171045,0.041964996022275255,0.031424025457438345,0.0256563245823389,0.0147175815433572,0.010540970564836914,0.0073587907716786,0.9297992791461869,0.02334258074195313,0.0,0.0,0.0,0.0,0.0,0.0,0.0,0.0,0.0,0.0,0.0,0.0,0.0,0.0,0.0,0.0,0.0,0.0,0.0,0.0,0.0,0.0,0.0,0.0,0.0,0.14319809069212414,2.750596658711218,13.896181384248212,11.443914081145588,1.7661097852028642,4.231487243310516,2.920209046387589,nan,nan,nan,4.2573391630231106,2.925258442415767,4.2058276503409795,2.914961855032898,0.9879005381742823,0.3958,0.0089,0.0,0.0,0.0,0.0,0.0,0.0,0.0,0.0,0.0,0.0,0.0,20.566825775656294,9.433174224343677,0.0,0.0,0.0,0.0,0.0,0.0,0.0,0.0,0.0,0.0,0.0,0.0,0.0,0.0,0.0,0.0,0.0,nan,nan,4.231487243310516,2.920209046387589,nan,0.3958,0.0404,0.0,0.0,0.0,0.0,0.0,0.0,0.0,0.0,0.0,0.0,0.0,0.0,0.0,0.0,0.0,0.0,0.0,0.0,0.0,0.0,0.0,0.0,0.0,0.0,0.0,0.0,5.966587112171838e-05,0.001660700079554495,0.0009049323786793954,0.0008552108194112968,0.009815035799522673,0.0034108989657915673,0.015990453460620526,0.036256961018297534,0.03927008750994431,0.06232100238663484,0.07736674622116149,0.09402346857597454,0.08812649164677805,0.08087708830548926,0.06791964996022275,0.06592084327764519,0.12220564836913285,0.07355807478122514,0.04953261734287987,0.048090692124105015,0.028152346857597453,0.009844868735083532,0.010083532219570406,0.002754574383452665,0.007149960222752586,2.983293556085919e-05,0.0036694510739856802,0.0,0.00012927605409705648,1.988862370723946e-05,0.0,0.0,0.0,0.0,0.0,0.0,0.0,0.0,0.0,0.0,0.0,0.0,0.0,0.0,0.0,0.0,0.0,0.0,0.0,0.0,0.0,0.0,0.0,0.0,0.0,0.0,0.0,0.0,0.0,0.0,0.0,0.0,0.0,0.0,0.0,0.0,0.0,0.0,0.0,0.0,0.0,0.0,0.0,0.0,0.0,nan,nan,4.231487243310516,2.920209046387589,nan,0.9296695864146488,0.022839310825449738,0.0,0.0,0.0,0.0,0.0,0.0,0.0,0.0,0.0,0.0,0.0,0.0,0.0,0.0,0.0,0.0,0.0,0.0,0.0,0.0,0.0,0.0,0.0,0.0,0.0,0.15885022692889567,2.5529500756429657,14.273827534039338,11.346444780635403,1.6679273827534042,0.9299431162192517,0.023887516945876024,0.0,0.0,0.0,0.0,0.0,0.0,0.0,0.0,0.0,0.0,0.0,0.0,0.0,0.0,0.0,0.0,0.0,0.0,0.0,0.0,0.0,0.0,0.0,0.0,0.0,0.12583892617449666,2.9697986577181217,13.477348993288594,11.552013422818796,1.8750000000000004,0.3958,0.00888,0.0,0.0,0.0,0.0,0.0,0.0,0.0,0.0,0.0,0.0,0.0,20.40090771558242,9.599092284417551,0.0,0.0,0.0,0.0,0.0,0.0,0.0,0.0,0.0,0.0,0.0,0.0,0.0,0.0,0.0,0.0,0.0,0.3958,0.008934,0.0,0.0,0.0,0.0,0.0,0.0,0.0,0.0,0.0,0.0,0.0,20.750838926174467,9.249161073825505,0.0,0.0,0.0,0.0,0.0,0.0,0.0,0.0,0.0,0.0,0.0,0.0,0.0,0.0,0.0,0.0,0.0
9900,4674,2422,0.5181857081728712,1157,955,0.45186136071887034,1316,0.5631151048352588,0.426,3.0,3.134917654959182,6.658022690437601,2.233835429385779,8378.129396662387,506.3647374557792,7853.0,8866.4,8866.4,0.0,7853.0,0.0,27.611039794608473,20.72783921278391,32.575331971399386,18.979538314575315,0.1405648267008986,0.10141206675224647,0.09435173299101413,0.08600770218228498,0.08707744972186564,0.07081728712023963,0.07616602481814291,0.06482670089858793,0.05241762943945229,0.04835258878904578,0.043859649122807015,0.036799315361574665,0.03936670945656825,0.025459991442019683,0.017329910141206675,0.009627727856225931,0.005562687205819427,0.9306432958668401,0.022991243530870818,0.0,0.0,0.0,0.0,0.0,0.0,0.0,0.0,0.0,0.0,0.0,0.0,0.0,0.0,0.0,0.0,0.0,0.0,0.0,0.0,0.0,0.0,0.0,0.0,0.0,0.08985879332477538,2.5866495507060336,13.863928112965343,11.649550706033379,1.8100128369704753,4.2664015904572565,2.934101339377872,nan,nan,nan,4.24640522875817,2.9276800725201317,4.286962365591398,2.9405474434874974,1.0095509341780573,0.3958,0.00842,0.0,0.0,0.0,0.0,0.0,0.0,0.0,0.0,0.0,0.0,0.006418485237483955,20.924261874197658,9.069319640564828,0.0,0.0,0.0,0.0,0.0,0.0,0.0,0.0,0.0,0.0,0.0,0.0,0.0,0.0,0.0,0.0,0.0,nan,nan,4.2664015904572565,2.934101339377872,nan,0.3958,0.04016,0.0,0.0,0.0,0.0,0.0,0.0,0.0,0.0,0.0,0.0,0.0,0.0,0.0,0.0,0.0,0.0,0.0,0.0,0.0,0.0,0.0,0.0,0.0,0.0,0.0,0.0,6.418485237483954e-05,0.0014976465554129225,0.0007809157038938811,0.001433461703038083,0.00915703893881044,0.002524604193410355,0.015318784766795036,0.036949080017115964,0.03921694480102696,0.060515618314077875,0.07772785622593067,0.09605263157894736,0.08885323063756953,0.08192126658108687,0.06645271715875053,0.0650834403080873,0.12340607616602482,0.07752460419341035,0.048234916559691914,0.04722935387248609,0.027685066324347453,0.008675652545999144,0.010119811724433034,0.0021287976037655115,0.008076593923833975,5.348737697903295e-05,0.0031878476679503636,0.0,0.0001069747539580659,2.1394950791613178e-05,0.0,0.0,0.0,0.0,0.0,0.0,0.0,0.0,0.0,0.0,0.0,0.0,0.0,0.0,0.0,0.0,0.0,0.0,0.0,0.0,0.0,0.0,0.0,0.0,0.0,0.0,0.0,0.0,0.0,0.0,0.0,0.0,0.0,0.0,0.0,0.0,0.0,0.0,0.0,0.0,0.0,0.0,0.0,0.0,0.0,nan,nan,4.2664015904572565,2.934101339377872,nan,0.9307355571639725,0.022994165062125153,0.0,0.0,0.0,0.0,0.0,0.0,0.0,0.0,0.0,0.0,0.0,0.0,0.0,0.0,0.0,0.0,0.0,0.0,0.0,0.0,0.0,0.0,0.0,0.0,0.0,0.03715937241948803,2.7250206440957894,13.488852188274157,11.92815854665566,1.8208092485549137,0.930544069906958,0.022987687771327196,0.0,0.0,0.0,0.0,0.0,0.0,0.0,0.0,0.0,0.0,0.0,0.0,0.0,0.0,0.0,0.0,0.0,0.0,0.0,0.0,0.0,0.0,0.0,0.0,0.0,0.14653641207815277,2.437833037300178,14.267317939609239,11.34991119005329,1.798401420959148,0.3958,0.00841,0.0,0.0,0.0,0.0,0.0,0.0,0.0,0.0,0.0,0.0,0.0,21.180842279108145,8.819157720891827,0.0,0.0,0.0,0.0,0.0,0.0,0.0,0.0,0.0,0.0,0.0,0.0,0.0,0.0,0.0,0.0,0.0,0.396,0.008446,0.0,0.0,0.0,0.0,0.0,0.0,0.0,0.0,0.0,0.0,0.013321492007104798,20.648312611012404,9.338365896980463,0.0,0.0,0.0,0.0,0.0,0.0,0.0,0.0,0.0,0.0,0.0,0.0,0.0,0.0,0.0,0.0,0.0
10000,4858,2487,0.5119390695759571,1207,990,0.4522437216961713,1360,0.5599011939069576,0.414,2.9417967102488403,3.1115875693977357,6.548435171385991,2.266248124487608,8371.799053108274,506.5555279669574,7853.0,8866.4,8866.4,0.0,7853.0,0.0,28.445039110745164,21.131310463251264,33.30221788934926,19.397902915977948,0.1323589954713874,0.1037463976945245,0.09077809798270893,0.08275010292301359,0.08151502675998354,0.07616303005351997,0.07636887608069164,0.05599011939069576,0.055166735282009056,0.055166735282009056,0.04878550843968711,0.038081515026759986,0.03684643886372993,0.026348291477974475,0.020378756689995885,0.011939069575957185,0.007616303005351997,0.9303436350091193,0.023298416531015553,0.0,0.0,0.0,0.0,0.0,0.0,0.0,0.0,0.0,0.0,0.0,0.0,0.0,0.0,0.0,0.0,0.0,0.0,0.0,0.0,0.0,0.0,0.0,0.0,0.0,0.11115685467270484,2.8777274598600253,13.31412103746398,11.94936187731577,1.747632770687526,4.23700688791484,2.9480784411640495,nan,nan,nan,4.287671232876712,2.9880517451823474,4.185768261964736,2.9061948906202515,0.9762334924071109,0.3953,0.00848,0.0,0.0,0.0,0.0,0.0,0.0,0.0,0.0,0.0,0.0,0.012350761630300537,21.379168382050196,8.608480856319474,0.0,0.0,0.0,0.0,0.0,0.0,0.0,0.0,0.0,0.0,0.0,0.0,0.0,0.0,0.0,0.0,0.0,nan,nan,4.23700688791484,2.9480784411640495,nan,0.3953,0.04016,0.0,0.0,0.0,0.0,0.0,0.0,0.0,0.0,0.0,0.0,0.0,0.0,0.0,0.0,0.0,0.0,0.0,0.0,0.0,0.0,0.0,0.0,0.0,0.0,0.0,0.0,9.263071222725402e-05,0.0018731988472622477,0.0004116920543433512,0.0011630300535199671,0.008532317826265953,0.0026862906545903663,0.017260189378344996,0.039316591189790036,0.041076574722107864,0.057883902840675176,0.08148414985590778,0.09615067929188967,0.08645533141210375,0.08125771922601893,0.06495471387402223,0.06441951420337587,0.12375463153561136,0.0797550432276657,0.04842527789213668,0.046346233017702756,0.025957184026348293,0.008449979415397282,0.008861671469740633,0.0023672293124742693,0.007750102923013586,4.1169205434335116e-05,0.0029744750926307124,0.0,0.0002984767393989296,0.0,0.0,0.0,0.0,0.0,0.0,0.0,0.0,0.0,0.0,0.0,0.0,0.0,0.0,0.0,0.0,0.0,0.0,0.0,0.0,0.0,0.0,0.0,0.0,0.0,0.0,0.0,0.0,0.0,0.0,0.0,0.0,0.0,0.0,0.0,0.0,0.0,0.0,0.0,0.0,0.0,0.0,0.0,0.0,0.0,0.0,nan,nan,4.23700688791484,2.9480784411640495,nan,0.9299855428763936,0.023451580164611484,0.0,0.0,0.0,0.0,0.0,0.0,0.0,0.0,0.0,0.0,0.0,0.0,0.0,0.0,0.0,0.0,0.0,0.0,0.0,0.0,0.0,0.0,0.0,0.0,0.0,0.13268998793727385,2.9312424607961405,13.34137515078408,11.833534378769604,1.7611580217129075,0.9307192466219786,0.02313071349635675,0.0,0.0,0.0,0.0,0.0,0.0,0.0,0.0,0.0,0.0,0.0,0.0,0.0,0.0,0.0,0.0,0.0,0.0,0.0,0.0,0.0,0.0,0.0,0.0,0.0,0.0885702235343737,2.8215942640236196,13.285533530156055,12.070856178827501,1.7334458034584568,0.3953,0.00843,0.0,0.0,0.0,0.0,0.0,0.0,0.0,0.0,0.0,0.0,0.02412545235223161,21.170084439083205,8.805790108564537,0.0,0.0,0.0,0.0,0.0,0.0,0.0,0.0,0.0,0.0,0.0,0.0,0.0,0.0,0.0,0.0,0.0,0.3953,0.008514,0.0,0.0,0.0,0.0,0.0,0.0,0.0,0.0,0.0,0.0,0.0,21.59848165331081,8.401518346689162,0.0,0.0,0.0,0.0,0.0,0.0,0.0,0.0,0.0,0.0,0.0,0.0,0.0,0.0,0.0,0.0,0.0
10100,4935,2575,0.5217831813576495,1208,979,0.443161094224924,1370,0.5552178318135765,0.418,3.0415254237288134,3.1577138874692787,6.711111111111111,2.1266097751591544,8381.775075987842,506.2189062254894,7853.0,8866.4,8866.4,0.0,7853.0,0.0,27.894224924012157,20.84010039029747,32.785490479633644,19.124442386223077,0.1353596757852077,0.10658561296859169,0.09341438703140831,0.08976697061803444,0.0767983789260385,0.06808510638297872,0.07821681864235056,0.05795339412360689,0.05997973657548126,0.05268490374873354,0.04559270516717325,0.04356636271529889,0.035663627152988854,0.020263424518743668,0.01762917933130699,0.012360688956433637,0.0060790273556231,0.9305674578885056,0.023354982355442463,0.0,0.0,0.0,0.0,0.0,0.0,0.0,0.0,0.0,0.0,0.0,0.0,0.0,0.0,0.0,0.0,0.0,0.0,0.0,0.0,0.0,0.0,0.0,0.0,0.0,0.10334346504559273,2.9544072948328273,13.100303951367785,11.97568389057751,1.866261398176292,4.281654562677613,2.909364698011337,nan,nan,nan,4.270537368746139,2.9313226784413637,4.294764059469942,2.8865185590343003,1.0056729841310148,0.3948,0.00851,0.0,0.0,0.0,0.0,0.0,0.0,0.0,0.0,0.0,0.0,0.006079027355623102,21.76899696048629,8.224924012158056,0.0,0.0,0.0,0.0,0.0,0.0,0.0,0.0,0.0,0.0,0.0,0.0,0.0,0.0,0.0,0.0,0.0,nan,nan,4.281654562677613,2.909364698011337,nan,0.3948,0.04025,0.0,0.0,0.0,0.0,0.0,0.0,0.0,0.0,0.0,0.0,0.0,0.0,0.0,0.0,0.0,0.0,0.0,0.0,0.0,0.0,0.0,0.0,0.0,0.0,0.0,0.0,0.00017223910840932118,0.001702127659574468,0.0002127659574468085,0.001458966565349544,0.009371833839918946,0.0039209726443769,0.017487335359675785,0.041063829787234045,0.03910840932117528,0.05947315096251266,0.08231003039513678,0.09661600810536981,0.08570415400202634,0.0790273556231003,0.06309017223910841,0.06544072948328268,0.1219756838905775,0.08015197568389058,0.049098277608915906,0.048247213779128675,0.024903748733535968,0.008429584599797365,0.008652482269503546,0.0026950354609929076,0.0068186423505572444,5.0658561296859166e-05,0.002522796352583587,0.0,0.0002938196555217832,0.0,0.0,0.0,0.0,0.0,0.0,0.0,0.0,0.0,0.0,0.0,0.0,0.0,0.0,0.0,0.0,0.0,0.0,0.0,0.0,0.0,0.0,0.0,0.0,0.0,0.0,0.0,0.0,0.0,0.0,0.0,0.0,0.0,0.0,0.0,0.0,0.0,0.0,0.0,0.0,0.0,0.0,0.0,0.0,0.0,0.0,nan,nan,4.281654562677613,2.909364698011337,nan,0.9308041457990999,0.023669193569269192,0.0,0.0,0.0,0.0,0.0,0.0,0.0,0.0,0.0,0.0,0.0,0.0,0.0,0.0,0.0,0.0,0.0,0.0,0.0,0.0,0.0,0.0,0.0,0.0,0.0,0.08155339805825244,2.9592233009708746,13.176699029126217,11.755339805825246,2.027184466019418,0.9303092073080903,0.023004473131312285,0.0,0.0,0.0,0.0,0.0,0.0,0.0,0.0,0.0,0.0,0.0,0.0,0.0,0.0,0.0,0.0,0.0,0.0,0.0,0.0,0.0,0.0,0.0,0.0,0.0,0.12711864406779663,2.949152542372882,13.016949152542376,12.216101694915258,1.6906779661016953,0.3948,0.00846,0.0,0.0,0.0,0.0,0.0,0.0,0.0,0.0,0.0,0.0,0.011650485436893206,22.00776699029123,7.9805825242718464,0.0,0.0,0.0,0.0,0.0,0.0,0.0,0.0,0.0,0.0,0.0,0.0,0.0,0.0,0.0,0.0,0.0,0.395,0.008545,0.0,0.0,0.0,0.0,0.0,0.0,0.0,0.0,0.0,0.0,0.0,21.508474576271155,8.491525423728815,0.0,0.0,0.0,0.0,0.0,0.0,0.0,0.0,0.0,0.0,0.0,0.0,0.0,0.0,0.0,0.0,0.0
10200,5005,2608,0.5210789210789211,1229,1013,0.44795204795204796,1392,0.5562437562437562,0.414,2.9465999165623695,3.128133125355402,6.647865853658536,2.136948835014113,8381.06137862138,506.24952494140075,7853.0,8866.4,8866.399999999998,1.8189894035458565e-12,7853.0,0.0,27.557042957042956,20.549324030951084,32.59176836563771,18.748084734799072,0.14025974025974025,0.10469530469530469,0.09150849150849151,0.08591408591408592,0.07912087912087912,0.07592407592407592,0.07212787212787213,0.06153846153846154,0.060939060939060936,0.053346653346653346,0.045754245754245755,0.04155844155844156,0.034765234765234763,0.021378621378621378,0.017182817182817185,0.00959040959040959,0.004395604395604396,0.9306080115663183,0.023620812274587545,0.0,0.0,0.0,0.0,0.0,0.0,0.0,0.0,0.0,0.0,0.0,0.0,0.0,0.0,0.0,0.0,0.0,0.0,0.0,0.0,0.0,0.0,0.0,0.0,0.0,0.1198801198801199,2.8171828171828177,13.30669330669331,11.922077922077925,1.8341658341658345,4.244750861798809,2.8743590064905598,nan,nan,nan,4.31556106633602,2.9288292125442044,4.172370088719899,2.815752733721067,0.966819846732538,0.3945,0.00894,0.0,0.0,0.0,0.0,0.0,0.0,0.0,0.0,0.0,0.0,0.03596403596403597,21.896103896103863,8.06793206793207,0.0,0.0,0.0,0.0,0.0,0.0,0.0,0.0,0.0,0.0,0.0,0.0,0.0,0.0,0.0,0.0,0.0,nan,nan,4.244750861798809,2.8743590064905598,nan,0.3945,0.0403,0.0,0.0,0.0,0.0,0.0,0.0,0.0,0.0,0.0,0.0,0.0,0.0,0.0,0.0,0.0,0.0,0.0,0.0,0.0,0.0,0.0,0.0,0.0,0.0,0.0,0.0,0.00014985014985014985,0.0015484515484515485,7.992007992007992e-05,0.0015984015984015984,0.01008991008991009,0.004905094905094905,0.016613386613386613,0.043696303696303694,0.03698301698301698,0.06114885114885115,0.0818981018981019,0.09877122877122878,0.08237762237762238,0.0804995004995005,0.061238761238761236,0.06575424575424575,0.12078921078921079,0.08243756243756244,0.04955044955044955,0.045714285714285714,0.024945054945054945,0.008811188811188812,0.008801198801198801,0.0027072927072927075,0.006093906093906094,5.994005994005994e-05,0.0025374625374625375,0.0,0.00014985014985014985,0.0,1.998001998001998e-05,2.997002997002997e-05,0.0,0.0,0.0,0.0,0.0,0.0,0.0,0.0,0.0,0.0,0.0,0.0,0.0,0.0,0.0,0.0,0.0,0.0,0.0,0.0,0.0,0.0,0.0,0.0,0.0,0.0,0.0,0.0,0.0,0.0,0.0,0.0,0.0,0.0,0.0,0.0,0.0,0.0,0.0,0.0,0.0,0.0,0.0,nan,nan,4.244750861798809,2.8743590064905598,nan,0.9302448586223682,0.023777807927179623,0.0,0.0,0.0,0.0,0.0,0.0,0.0,0.0,0.0,0.0,0.0,0.0,0.0,0.0,0.0,0.0,0.0,0.0,0.0,0.0,0.0,0.0,0.0,0.0,0.0,0.10352760736196322,2.9217791411042953,13.458588957055218,11.64110429447853,1.8750000000000004,0.9310031316655349,0.023442413408015474,0.0,0.0,0.0,0.0,0.0,0.0,0.0,0.0,0.0,0.0,0.0,0.0,0.0,0.0,0.0,0.0,0.0,0.0,0.0,0.0,0.0,0.0,0.0,0.0,0.0,0.13767209011264084,2.7033792240300385,13.141426783479352,12.227784730913646,1.7897371714643309,0.3945,0.008965,0.0,0.0,0.0,0.0,0.0,0.0,0.0,0.0,0.0,0.0,0.05751533742331289,21.855828220858864,8.086656441717793,0.0,0.0,0.0,0.0,0.0,0.0,0.0,0.0,0.0,0.0,0.0,0.0,0.0,0.0,0.0,0.0,0.0,0.3945,0.00892,0.0,0.0,0.0,0.0,0.0,0.0,0.0,0.0,0.0,0.0,0.012515644555694622,21.939924906132635,8.047559449311642,0.0,0.0,0.0,0.0,0.0,0.0,0.0,0.0,0.0,0.0,0.0,0.0,0.0,0.0,0.0,0.0,0.0
10300,4787,2493,0.5207854606225193,1165,944,0.4405682055567161,1319,0.5510758303739294,0.40199999999999997,3.011333914559721,3.095804267391132,6.561270801815431,2.0495999877347657,8380.763985794862,506.26198603335183,7853.0,8866.4,8866.4,0.0,7853.0,0.0,28.324838103196157,21.15205960164607,33.37901819087964,19.367680049088108,0.14038019636515564,0.09964487152705244,0.09170670566116566,0.08314184249007729,0.07833716315019845,0.07436808021725506,0.06831000626697305,0.0674744098600376,0.05765615207854606,0.05264257363693336,0.044077710465844994,0.042197618550240235,0.03446835178608732,0.029663672446208482,0.014622937121370378,0.011907248798830166,0.009400459578023814,0.9294607775530587,0.023489350280352445,0.0,0.0,0.0,0.0,0.0,0.0,0.0,0.0,0.0,0.0,0.0,0.0,0.0,0.0,0.0,0.0,0.0,0.0,0.0,0.0,0.0,0.0,0.0,0.0,0.0,0.10027156883225405,3.1084186337998756,13.718404010862756,11.28055149362858,1.792354292876541,4.331278390655418,2.8442574386644504,nan,nan,nan,4.329244673983215,2.847091458249776,4.335509138381201,2.8410397260707767,1.0014470109383358,0.3943,0.00868,0.0,0.0,0.0,0.0,0.0,0.0,0.0,0.0,0.0,0.0,0.012533946104031756,22.373093795696644,7.614372258199292,0.0,0.0,0.0,0.0,0.0,0.0,0.0,0.0,0.0,0.0,0.0,0.0,0.0,0.0,0.0,0.0,0.0,nan,nan,4.331278390655418,2.8442574386644504,nan,0.3943,0.04034,0.0,0.0,0.0,0.0,0.0,0.0,0.0,0.0,0.0,0.0,0.0,0.0,0.0,0.0,0.0,0.0,0.0,0.0,0.0,0.0,0.0,0.0,0.0,0.0,0.0,0.0,1.0444955086693127e-05,0.0010862753290160853,0.00010444955086693127,0.0023292249843325672,0.010894088155420931,0.005389596824733654,0.017557969500731147,0.04657405473156465,0.03512638395654899,0.06041362022143305,0.08302694798412368,0.09789011907248799,0.078284938374765,0.08298516816377689,0.061729684562356384,0.06463338207645707,0.11955295592228954,0.08231669103822853,0.0518174221850846,0.04789011907248799,0.023971171923960727,0.0076039273031125966,0.009003551284729476,0.0016607478587842071,0.005013578441612701,2.0889910173386254e-05,0.002882807603927303,1.0444955086693127e-05,0.00020889910173386254,0.0,0.0,1.0444955086693127e-05,0.0,0.0,0.0,0.0,0.0,0.0,0.0,0.0,0.0,0.0,0.0,0.0,0.0,0.0,0.0,0.0,0.0,0.0,0.0,0.0,0.0,0.0,0.0,0.0,0.0,0.0,0.0,0.0,0.0,0.0,0.0,0.0,0.0,0.0,0.0,0.0,0.0,0.0,0.0,0.0,0.0,0.0,0.0,nan,nan,4.331278390655418,2.8442574386644504,nan,0.9297688887198671,0.02364609346650131,0.0,0.0,0.0,0.0,0.0,0.0,0.0,0.0,0.0,0.0,0.0,0.0,0.0,0.0,0.0,0.0,0.0,0.0,0.0,0.0,0.0,0.0,0.0,0.0,0.0,0.13237063778580027,2.9723225030084244,13.83874849578821,11.095066185318895,1.9614921780986767,0.9291259383469327,0.02331319848523412,0.0,0.0,0.0,0.0,0.0,0.0,0.0,0.0,0.0,0.0,0.0,0.0,0.0,0.0,0.0,0.0,0.0,0.0,0.0,0.0,0.0,0.0,0.0,0.0,0.0,0.06538796861377508,3.256320836965999,13.587619877942462,11.482127288578905,1.608544027898867,0.394,0.00869,0.0,0.0,0.0,0.0,0.0,0.0,0.0,0.0,0.0,0.0,0.02406738868832732,22.394705174488536,7.581227436823106,0.0,0.0,0.0,0.0,0.0,0.0,0.0,0.0,0.0,0.0,0.0,0.0,0.0,0.0,0.0,0.0,0.0,0.3943,0.00867,0.0,0.0,0.0,0.0,0.0,0.0,0.0,0.0,0.0,0.0,0.0,22.349607672188284,7.6503923278116845,0.0,0.0,0.0,0.0,0.0,0.0,0.0,0.0,0.0,0.0,0.0,0.0,0.0,0.0,0.0,0.0,0.0
10400,4537,2347,0.5173021820586291,1092,919,0.4432444346484461,1275,0.5620454044522812,0.426,2.9552511415525116,3.132362713640397,6.623548922056385,2.1905668429376393,8377.234031298214,506.3965321232295,7853.0,8866.4,8866.4,0.0,7853.0,0.0,28.125854088604804,21.01586424566868,33.170391795950565,19.209664183221392,0.1419440158695173,0.09609874366321358,0.09323341415031959,0.08595988538681948,0.08331496583645581,0.0692087282345162,0.07317610756006171,0.061053559620894864,0.05466167070751598,0.05730659025787966,0.04364117258100066,0.04121666299316729,0.03724928366762178,0.027110425391227683,0.017412387039894204,0.011240908089045624,0.006171478950848578,0.9287832449363774,0.022944717962837,0.0,0.0,0.0,0.0,0.0,0.0,0.0,0.0,0.0,0.0,0.0,0.0,0.0,0.0,0.0,0.0,0.0,0.0,0.0,0.0,0.0,0.0,0.0,0.0,0.006612298875909192,0.07273528763500112,3.0747189772977745,14.315627066343401,11.029314525016535,1.5009918448313868,4.245751189666893,2.9117615807299955,nan,nan,nan,4.284253578732106,2.969794111930798,4.207598371777476,2.853319961388797,0.9821076867776544,0.3943,0.008606,0.0,0.0,0.0,0.0,0.0,0.0,0.0,0.0,0.0,0.0,0.006612298875909192,22.614062155609403,7.379325545514659,0.0,0.0,0.0,0.0,0.0,0.0,0.0,0.0,0.0,0.0,0.0,0.0,0.0,0.0,0.0,0.0,0.0,nan,nan,4.245751189666893,2.9117615807299955,nan,0.3943,0.0404,0.0,0.0,0.0,0.0,0.0,0.0,0.0,0.0,0.0,0.0,0.0,0.0,0.0,0.0,0.0,0.0,0.0,0.0,0.0,0.0,0.0,0.0,0.0,0.0,0.0,0.0,6.612298875909191e-05,0.0013114392770553229,9.918448313863787e-05,0.00242450958783337,0.010491514216442583,0.005488208067004629,0.01930791271765484,0.049184483138637866,0.03305047388141944,0.059003746969363016,0.0814414811549482,0.09476526338990522,0.07672470795679964,0.08264271545073837,0.06226581441481155,0.06493277496142826,0.1236059069869958,0.08577253691866872,0.05155389023583866,0.047729777385937845,0.022547939166850342,0.006722503857174344,0.008673132025567555,0.0017743001983689664,0.005400044081992506,3.3061494379545955e-05,0.0028322680185144367,0.0,8.816398501212254e-05,1.1020498126515318e-05,0.0,5.5102490632576594e-05,0.0,0.0,0.0,0.0,0.0,0.0,0.0,0.0,0.0,0.0,0.0,0.0,0.0,0.0,0.0,0.0,0.0,0.0,0.0,0.0,0.0,0.0,0.0,0.0,0.0,0.0,0.0,0.0,0.0,0.0,0.0,0.0,0.0,0.0,0.0,0.0,0.0,0.0,0.0,0.0,0.0,0.0,0.0,nan,nan,4.245751189666893,2.9117615807299955,nan,0.9291494119964765,0.02282960641785464,0.0,0.0,0.0,0.0,0.0,0.0,0.0,0.0,0.0,0.0,0.0,0.0,0.0,0.0,0.0,0.0,0.0,0.0,0.0,0.0,0.0,0.0,0.0,0.0,0.0,0.06391137622496805,2.9271410311035373,14.507882403067748,10.86493395824457,1.6361312313591823,0.9283908275436593,0.023060990802810037,0.0,0.0,0.0,0.0,0.0,0.0,0.0,0.0,0.0,0.0,0.0,0.0,0.0,0.0,0.0,0.0,0.0,0.0,0.0,0.0,0.0,0.0,0.0,0.0,0.013698630136986304,0.08219178082191782,3.232876712328768,14.109589041095894,11.205479452054796,1.3561643835616441,0.394,0.00846,0.0,0.0,0.0,0.0,0.0,0.0,0.0,0.0,0.0,0.0,0.0,23.059224541968437,6.940775458031531,0.0,0.0,0.0,0.0,0.0,0.0,0.0,0.0,0.0,0.0,0.0,0.0,0.0,0.0,0.0,0.0,0.0,0.3945,0.00875,0.0,0.0,0.0,0.0,0.0,0.0,0.0,0.0,0.0,0.0,0.013698630136986304,22.13698630136983,7.849315068493152,0.0,0.0,0.0,0.0,0.0,0.0,0.0,0.0,0.0,0.0,0.0,0.0,0.0,0.0,0.0,0.0,0.0
10500,4389,2252,0.5131009341535657,1048,887,0.4408749145591251,1228,0.5595807701070858,0.418,3.046794571829668,3.170798598814324,6.7040650406504065,2.1670630672025046,8372.976486671223,506.52603575894165,7853.0,8866.4,8866.4,0.0,7853.0,0.0,28.040783777625883,20.97709857860334,33.13429583219831,19.155223315469872,0.14490772385509226,0.09911141490088858,0.09409888357256778,0.07906128958760537,0.07792207792207792,0.07473228525860105,0.06971975393028025,0.06447938026885396,0.05764411027568922,0.05468215994531784,0.041695146958304855,0.0430622009569378,0.038049669628617,0.026657552973342446,0.01799954431533379,0.011164274322169059,0.005012531328320802,0.9279155293502903,0.023240709227225213,0.0,0.0,0.0,0.0,0.0,0.0,0.0,0.0,0.0,0.0,0.0,0.0,0.0,0.0,0.0,0.0,0.0,0.0,0.0,0.0,0.0,0.0,0.0,0.0,0.006835269993164732,0.11619958988380044,3.315105946684895,14.149008885850995,11.018455228981546,1.3943950786056052,4.390408525754885,2.921223923535661,nan,nan,nan,4.3885754583921015,2.8911731483576295,4.39226914817466,2.9514123751937604,1.0008416603104078,0.394,0.00867,0.0,0.0,0.0,0.0,0.0,0.0,0.0,0.0,0.0,0.0,0.013670539986329463,22.282980177716986,7.703349282296652,0.0,0.0,0.0,0.0,0.0,0.0,0.0,0.0,0.0,0.0,0.0,0.0,0.0,0.0,0.0,0.0,0.0,nan,nan,4.390408525754885,2.921223923535661,nan,0.394,0.0404,0.0,0.0,0.0,0.0,0.0,0.0,0.0,0.0,0.0,0.0,0.0,0.0,0.0,0.0,0.0,0.0,0.0,0.0,0.0,0.0,0.0,0.0,2.27842333105491e-05,0.0,0.0,4.55684666210982e-05,0.00023923444976076556,0.001367053998632946,0.0,0.0019366598313966736,0.010013670539986329,0.004898610161768057,0.01782866256550467,0.04987468671679198,0.03364092048302575,0.06296422875370244,0.08413078149920256,0.09128503075871497,0.07652084757347916,0.08380041011619958,0.062406015037593986,0.06406926406926407,0.12314878104351788,0.08341307814992026,0.05266575529733424,0.047186147186147186,0.02286397812713602,0.006721348826611985,0.009022556390977444,0.0019024834814308498,0.0050580997949419,2.27842333105491e-05,0.00252904989747095,0.0,3.417634996582365e-05,0.0001367053998632946,4.55684666210982e-05,0.0002050580997949419,0.0,0.0,0.0,0.0,0.0,0.0,0.0,0.0,0.0,0.0,0.0,0.0,0.0,0.0,0.0,0.0,0.0,0.0,0.0,0.0,0.0,0.0,0.0,0.0,0.0,0.0,0.0,0.0,0.0,0.0,0.0,0.0,0.0,0.0,0.0,0.0,0.0,0.0,0.0,0.0,0.0,0.0,0.0,nan,nan,4.390408525754885,2.921223923535661,nan,0.9276459400755473,0.023245804046078376,0.0,0.0,0.0,0.0,0.0,0.0,0.0,0.0,0.0,0.0,0.0,0.0,0.0,0.0,0.0,0.0,0.0,0.0,0.0,0.0,0.0,0.0,0.0,0.0,0.013321492007104798,0.10657193605683839,3.3969804618117236,14.253996447602134,10.750444049733572,1.4786856127886328,0.9281996262369169,0.023231953840252506,0.0,0.0,0.0,0.0,0.0,0.0,0.0,0.0,0.0,0.0,0.0,0.0,0.0,0.0,0.0,0.0,0.0,0.0,0.0,0.0,0.0,0.0,0.0,0.0,0.0,0.12634534394010297,3.228825456247076,14.038371548900331,11.300889096864765,1.3055685540477306,0.394,0.008705,0.0,0.0,0.0,0.0,0.0,0.0,0.0,0.0,0.0,0.0,0.013321492007104798,22.499999999999968,7.486678507992897,0.0,0.0,0.0,0.0,0.0,0.0,0.0,0.0,0.0,0.0,0.0,0.0,0.0,0.0,0.0,0.0,0.0,0.394,0.00862,0.0,0.0,0.0,0.0,0.0,0.0,0.0,0.0,0.0,0.0,0.01403837154890033,22.054281703322385,7.9316799251286865,0.0,0.0,0.0,0.0,0.0,0.0,0.0,0.0,0.0,0.0,0.0,0.0,0.0,0.0,0.0,0.0,0.0
10600,4483,2326,0.5188489850546509,1088,920,0.4479143430738345,1264,0.5639080972563015,0.41,2.9313861845155307,3.076059858607417,6.489430894308943,2.1252188030110117,8378.801561454384,506.3398269443203,7853.0,8866.4,8866.4,0.0,7853.0,0.0,28.59312960071381,21.079012148450353,33.51983077736647,19.25801056957213,0.1365157260762882,0.09681017175998216,0.0887798349319652,0.08186482266339505,0.08275708231095248,0.07918804372072273,0.06468882444791434,0.06401962971224627,0.061119785857684586,0.05175105955833147,0.04862815079188044,0.043274592906535805,0.03412893151907205,0.031006022752621012,0.018514387686816864,0.009591791211242472,0.0073611420923488735,0.9279287674186114,0.023226352948938912,0.0,0.0,0.0,0.0,0.0,0.0,0.0,0.0,0.0,0.0,0.0,0.0,0.0,0.0,0.0,0.0,0.0,0.0,0.0,0.0,0.0,0.0,0.0,0.0,0.0,0.09368726299353114,3.3125139415569937,14.240463975016732,10.881106401962972,1.4722284184697751,4.189748811948404,2.9221007712289544,nan,nan,nan,4.136798905608755,2.889747930973891,4.241402562373567,2.953628793480404,1.0252861352827638,0.3938,0.00848,0.0,0.0,0.0,0.0,0.0,0.0,0.0,0.0,0.0,0.0,0.03345973678340398,22.960071380771772,7.006468882444793,0.0,0.0,0.0,0.0,0.0,0.0,0.0,0.0,0.0,0.0,0.0,0.0,0.0,0.0,0.0,0.0,0.0,nan,nan,4.189748811948404,2.9221007712289544,nan,0.3938,0.0407,0.0,0.0,0.0,0.0,0.0,0.0,0.0,0.0,0.0,0.0,0.0,0.0,0.0,0.0,0.0,0.0,0.0,0.0,0.0,0.0,0.0,0.0,7.807271916127593e-05,0.0,0.0,0.00012268570153914788,0.0002565246486727638,0.0015056881552531786,7.807271916127593e-05,0.0013606959625250949,0.009502565246486728,0.005532009814856123,0.019942003122908766,0.05221949587329913,0.032757082310952486,0.06404193620343519,0.08455275485166183,0.09222618782065581,0.07459290653580192,0.08264554985500781,0.06202319875083649,0.062469328574615214,0.12235110417131385,0.08439660941333928,0.05057996877091234,0.0468993977247379,0.024180236448806604,0.006256970778496542,0.008610305598929288,0.0026321659602944456,0.005186259201427615,0.0,0.002297568592460406,0.0,8.922596475574392e-05,0.0003569038590229757,0.0,0.0002565246486727638,0.0,0.0,0.0,0.0,0.0,0.0,0.0,0.0,0.0,0.0,0.0,0.0,0.0,0.0,0.0,0.0,0.0,0.0,0.0,0.0,0.0,0.0,0.0,0.0,0.0,0.0,0.0,0.0,0.0,0.0,0.0,0.0,0.0,0.0,0.0,0.0,0.0,0.0,0.0,0.0,0.0,0.0,0.0,nan,nan,4.189748811948404,2.9221007712289544,nan,0.9281826764985803,0.023314478399243027,0.0,0.0,0.0,0.0,0.0,0.0,0.0,0.0,0.0,0.0,0.0,0.0,0.0,0.0,0.0,0.0,0.0,0.0,0.0,0.0,0.0,0.0,0.0,0.0,0.0,0.05159071367153913,3.404987102321583,14.277730008598455,10.601891659501293,1.6638005159071372,0.9276549646740552,0.023127823184939347,0.0,0.0,0.0,0.0,0.0,0.0,0.0,0.0,0.0,0.0,0.0,0.0,0.0,0.0,0.0,0.0,0.0,0.0,0.0,0.0,0.0,0.0,0.0,0.0,0.0,0.13908205841446455,3.2127955493741314,14.200278164116833,11.18219749652295,1.2656467315716275,0.3938,0.00847,0.0,0.0,0.0,0.0,0.0,0.0,0.0,0.0,0.0,0.0,0.025795356835769567,23.125537403267376,6.8486672398968205,0.0,0.0,0.0,0.0,0.0,0.0,0.0,0.0,0.0,0.0,0.0,0.0,0.0,0.0,0.0,0.0,0.0,0.3938,0.00847,0.0,0.0,0.0,0.0,0.0,0.0,0.0,0.0,0.0,0.0,0.04172461752433937,22.78164116828926,7.176634214186372,0.0,0.0,0.0,0.0,0.0,0.0,0.0,0.0,0.0,0.0,0.0,0.0,0.0,0.0,0.0,0.0,0.0
10700,4585,2355,0.5136314067611778,1134,960,0.45670665212649947,1312,0.5723009814612868,0.39399999999999996,2.9291479820627804,3.0655620324034984,6.478672985781991,2.1558407695995054,8373.514067611777,506.5116598223747,7853.0,8866.4,8866.399999999998,1.8189894035458565e-12,7853.0,0.0,28.040785169029444,20.738226012374476,32.79159143667784,19.02253937712043,0.1332606324972737,0.10032715376226826,0.08985823336968375,0.09312977099236641,0.0861504907306434,0.06892039258451473,0.06608505997818975,0.06913849509269357,0.061068702290076333,0.05430752453653217,0.04340239912758997,0.04122137404580153,0.03489640130861505,0.023991275899672846,0.01613958560523446,0.011777535441657579,0.0063249727371864775,0.9271214981765498,0.023103776756184493,0.0,0.0,0.0,0.0,0.0,0.0,0.0,0.0,0.0,0.0,0.0,0.0,0.0,0.0,0.0,0.0,0.0,0.0,0.0,0.0,0.0,0.0,0.0,0.0,0.0,0.1112322791712105,3.565976008724101,14.591057797164671,10.416575790621593,1.3151581243184298,4.156908665105386,2.9048366950392057,nan,nan,nan,4.23607427055703,2.9250085084192037,4.073648648648649,2.881086072583273,0.9616565689045338,0.393,0.00862,0.0,0.0,0.0,0.0,0.0,0.0,0.0,0.0,0.0,0.0,0.026172300981461293,23.640130861504872,6.333696837513633,0.0,0.0,0.0,0.0,0.0,0.0,0.0,0.0,0.0,0.0,0.0,0.0,0.0,0.0,0.0,0.0,0.0,nan,nan,4.156908665105386,2.9048366950392057,nan,0.393,0.04086,0.0,0.0,0.0,0.0,0.0,0.0,0.0,0.0,0.0,0.0,0.0,0.0,0.0,0.0,0.0,0.0,0.0,0.0,0.0,0.0,0.0,0.0,0.0,0.0,0.0,4.362050163576881e-05,0.0003053435114503817,0.0018538713195201744,1.0905125408942203e-05,0.001723009814612868,0.009716466739367503,0.006968375136314067,0.021613958560523446,0.052639040348964015,0.031264994547437294,0.06514721919302072,0.08479825517993457,0.09474372955288986,0.0758669574700109,0.08371864776444929,0.05965103598691385,0.06282442748091603,0.12164667393675027,0.08129770992366413,0.046990185387131955,0.04661941112322792,0.025921483097055616,0.0053980370774263904,0.008298800436205017,0.0021701199563794985,0.005965103598691385,0.0,0.0021155943293347875,0.0,0.0003053435114503817,0.00011995637949836423,0.0,0.0002617230098146129,0.0,0.0,0.0,0.0,0.0,0.0,0.0,0.0,0.0,0.0,0.0,0.0,0.0,0.0,0.0,0.0,0.0,0.0,0.0,0.0,0.0,0.0,0.0,0.0,0.0,0.0,0.0,0.0,0.0,0.0,0.0,0.0,0.0,0.0,0.0,0.0,0.0,0.0,0.0,0.0,0.0,0.0,0.0,nan,nan,4.156908665105386,2.9048366950392057,nan,0.9273480389275115,0.02314460366699984,0.0,0.0,0.0,0.0,0.0,0.0,0.0,0.0,0.0,0.0,0.0,0.0,0.0,0.0,0.0,0.0,0.0,0.0,0.0,0.0,0.0,0.0,0.0,0.0,0.0,0.11464968152866245,3.4140127388535038,14.356687898089175,10.751592356687901,1.3630573248407647,0.9268822589530004,0.02305816665424839,0.0,0.0,0.0,0.0,0.0,0.0,0.0,0.0,0.0,0.0,0.0,0.0,0.0,0.0,0.0,0.0,0.0,0.0,0.0,0.0,0.0,0.0,0.0,0.0,0.0,0.10762331838565024,3.72645739910314,14.838565022421529,10.062780269058297,1.2645739910313902,0.3933,0.00859,0.0,0.0,0.0,0.0,0.0,0.0,0.0,0.0,0.0,0.0,0.02547770700636943,23.082802547770665,6.8917197452229315,0.0,0.0,0.0,0.0,0.0,0.0,0.0,0.0,0.0,0.0,0.0,0.0,0.0,0.0,0.0,0.0,0.0,0.3928,0.00864,0.0,0.0,0.0,0.0,0.0,0.0,0.0,0.0,0.0,0.0,0.02690582959641256,24.22869955156947,5.744394618834082,0.0,0.0,0.0,0.0,0.0,0.0,0.0,0.0,0.0,0.0,0.0,0.0,0.0,0.0,0.0,0.0,0.0
10800,4389,2329,0.5306447938026886,1081,872,0.4449760765550239,1211,0.5518341307814992,0.418,3.058252427184466,3.1411000568826966,6.715242881072027,2.1801569295560346,8390.755434039645,505.7474172120003,7853.0,8866.4,8866.400000000001,1.8189894035458565e-12,7853.0,0.0,28.39052175894281,21.05145994358766,33.360487144790255,19.225250023436292,0.14035087719298245,0.09660514923672818,0.08931419457735247,0.09022556390977443,0.0733652312599681,0.07290954659375712,0.07063112326270221,0.06220095693779904,0.06265664160401002,0.05263157894736842,0.04647983595352016,0.042606516290726815,0.037366142629300526,0.028935976304397357,0.017316017316017316,0.010025062656641603,0.006379585326953748,0.926615176480081,0.023253722973562815,0.0,0.0,0.0,0.0,0.0,0.0,0.0,0.0,0.0,0.0,0.0,0.0,0.0,0.0,0.0,0.0,0.0,0.0,0.0,0.0,0.0,0.0,0.0,0.0,0.0,0.10252904989747097,3.8277511961722497,14.237867395762136,10.567327409432675,1.2645249487354753,4.207778556412054,2.865337106349444,nan,nan,nan,4.264747191011236,2.8650830807645216,4.150454863540937,2.8653784086939695,0.9732006793483113,0.393,0.00885,0.0,0.0,0.0,0.0,0.0,0.0,0.0,0.0,0.0,0.0,0.027341079972658926,23.349282296650685,6.623376623376625,0.0,0.0,0.0,0.0,0.0,0.0,0.0,0.0,0.0,0.0,0.0,0.0,0.0,0.0,0.0,0.0,0.0,nan,nan,4.207778556412054,2.865337106349444,nan,0.393,0.04092,0.0,0.0,0.0,0.0,0.0,0.0,0.0,0.0,0.0,0.0,0.0,0.0,0.0,0.0,0.0,0.0,0.0,0.0,0.0,0.0,0.0,0.0,0.0,0.0,0.0,0.0001367053998632946,0.00035315561631351104,0.001594896331738437,7.974481658692185e-05,0.0015721120984278879,0.010309865573023469,0.006823877876509455,0.02098427887901572,0.053349282296650716,0.03147641831852358,0.06344269765322397,0.08808384597858282,0.09416723627249943,0.0761904761904762,0.08251310093415357,0.06082251082251082,0.0632034632034632,0.12017543859649123,0.07984734563681932,0.04652540442014126,0.0461950330371383,0.02709045340624288,0.00620870357712463,0.007917521075415813,0.00252904989747095,0.005582137161084529,1.139211665527455e-05,0.001970836181362497,0.0,0.0003873319662793347,0.00010252904989747096,0.0,0.00035315561631351104,0.0,0.0,0.0,0.0,0.0,0.0,0.0,0.0,0.0,0.0,0.0,0.0,0.0,0.0,0.0,0.0,0.0,0.0,0.0,0.0,0.0,0.0,0.0,0.0,0.0,0.0,0.0,0.0,0.0,0.0,0.0,0.0,0.0,0.0,0.0,0.0,0.0,0.0,0.0,0.0,0.0,0.0,0.0,nan,nan,4.207778556412054,2.865337106349444,nan,0.9262170698213803,0.0229655936210879,0.0,0.0,0.0,0.0,0.0,0.0,0.0,0.0,0.0,0.0,0.0,0.0,0.0,0.0,0.0,0.0,0.0,0.0,0.0,0.0,0.0,0.0,0.0,0.0,0.0,0.11592958351223703,3.851438385573208,14.336625161013314,10.613997423787037,1.0820094461142122,0.9270652689112043,0.023567137965617248,0.0,0.0,0.0,0.0,0.0,0.0,0.0,0.0,0.0,0.0,0.0,0.0,0.0,0.0,0.0,0.0,0.0,0.0,0.0,0.0,0.0,0.0,0.0,0.0,0.0,0.08737864077669905,3.8009708737864085,14.126213592233013,10.514563106796118,1.4708737864077672,0.393,0.0089,0.0,0.0,0.0,0.0,0.0,0.0,0.0,0.0,0.0,0.0,0.02576212966938601,23.32760841562899,6.64662945470159,0.0,0.0,0.0,0.0,0.0,0.0,0.0,0.0,0.0,0.0,0.0,0.0,0.0,0.0,0.0,0.0,0.0,0.3933,0.00878,0.0,0.0,0.0,0.0,0.0,0.0,0.0,0.0,0.0,0.0,0.029126213592233018,23.373786407766953,6.597087378640778,0.0,0.0,0.0,0.0,0.0,0.0,0.0,0.0,0.0,0.0,0.0,0.0,0.0,0.0,0.0,0.0,0.0
10900,4250,2179,0.5127058823529411,1070,841,0.4496470588235294,1166,0.5487058823529412,0.426,3.0507001448575566,3.176573813111359,6.692939244663383,2.250188694423737,8372.57614117647,506.5363708445854,7853.0,8866.4,8866.4,0.0,7853.0,0.0,28.916,21.308087456616644,33.78410669630453,19.515934533689755,0.13294117647058823,0.0988235294117647,0.08917647058823529,0.08352941176470588,0.07576470588235294,0.07364705882352941,0.06823529411764706,0.06964705882352941,0.059294117647058824,0.05223529411764706,0.04941176470588235,0.04258823529411765,0.03317647058823529,0.03011764705882353,0.021411764705882352,0.011294117647058824,0.008705882352941176,0.9270892011277816,0.02245630764058463,0.0,0.0,0.0,0.0,0.0,0.0,0.0,0.0,0.0,0.0,0.0,0.0,0.0,0.0,0.0,0.0,0.0,0.0,0.0,0.0,0.0,0.0,0.0,0.0,0.0,0.14117647058823532,3.2470588235294127,14.872941176470592,10.722352941176473,1.0164705882352942,4.297461565963532,2.930643395305255,nan,nan,nan,4.316796598157335,2.919349645620268,4.277777777777778,2.941965794922856,0.9909611631003848,0.3926,0.00868,0.0,0.0,0.0,0.0,0.0,0.0,0.0,0.0,0.0,0.0,0.007058823529411767,23.887058823529376,6.105882352941178,0.0,0.0,0.0,0.0,0.0,0.0,0.0,0.0,0.0,0.0,0.0,0.0,0.0,0.0,0.0,0.0,0.0,nan,nan,4.297461565963532,2.930643395305255,nan,0.3926,0.0406,0.0,0.0,0.0,0.0,0.0,0.0,0.0,0.0,0.0,0.0,0.0,0.0,0.0,0.0,0.0,0.0,0.0,0.0,0.0,0.0,0.0,0.0,0.0,0.0,0.0,2.3529411764705884e-05,0.0005529411764705882,0.0016470588235294118,0.0002705882352941176,0.0016352941176470588,0.010423529411764706,0.006282352941176471,0.019776470588235295,0.054411764705882354,0.03275294117647059,0.06343529411764706,0.09010588235294117,0.09416470588235294,0.07723529411764705,0.08281176470588235,0.05991764705882353,0.06269411764705882,0.11965882352941176,0.08278823529411765,0.0442235294117647,0.04802352941176471,0.024258823529411763,0.005188235294117647,0.007858823529411765,0.0023411764705882354,0.005364705882352942,7.058823529411764e-05,0.0014588235294117648,0.0,0.00037647058823529414,3.529411764705882e-05,0.0,0.00021176470588235295,0.0,0.0,0.0,0.0,0.0,0.0,0.0,0.0,0.0,0.0,0.0,0.0,0.0,0.0,0.0,0.0,0.0,0.0,0.0,0.0,0.0,0.0,0.0,0.0,0.0,0.0,0.0,0.0,0.0,0.0,0.0,0.0,0.0,0.0,0.0,0.0,0.0,0.0,0.0,0.0,0.0,0.0,0.0,nan,nan,4.297461565963532,2.930643395305255,nan,0.9274652276689057,0.022681231581268498,0.0,0.0,0.0,0.0,0.0,0.0,0.0,0.0,0.0,0.0,0.0,0.0,0.0,0.0,0.0,0.0,0.0,0.0,0.0,0.0,0.0,0.0,0.0,0.0,0.0,0.22028453418999547,3.0426801284993124,14.882973841211568,10.807709958696652,1.0463515374024783,0.926693565283692,0.022210324216064666,0.0,0.0,0.0,0.0,0.0,0.0,0.0,0.0,0.0,0.0,0.0,0.0,0.0,0.0,0.0,0.0,0.0,0.0,0.0,0.0,0.0,0.0,0.0,0.0,0.0,0.05794302269435057,3.4620956059874466,14.862385321100922,10.632544664413329,0.9850313858039597,0.3923,0.00881,0.0,0.0,0.0,0.0,0.0,0.0,0.0,0.0,0.0,0.0,0.0,23.87333639284072,6.126663607159249,0.0,0.0,0.0,0.0,0.0,0.0,0.0,0.0,0.0,0.0,0.0,0.0,0.0,0.0,0.0,0.0,0.0,0.3928,0.008545,0.0,0.0,0.0,0.0,0.0,0.0,0.0,0.0,0.0,0.0,0.014485755673587642,23.90149686141957,6.0840173829068105,0.0,0.0,0.0,0.0,0.0,0.0,0.0,0.0,0.0,0.0,0.0,0.0,0.0,0.0,0.0,0.0,0.0
11000,4251,2214,0.5208186309103741,1043,855,0.44648318042813456,1198,0.5636320865678663,0.43,3.055964653902798,3.17510721966746,6.764705882352941,2.2189807192776487,8380.797600564572,506.2605863094791,7853.0,8866.4,8866.400000000001,1.8189894035458565e-12,7853.0,0.0,28.351211479651848,21.00475823624014,33.202785515320336,19.248082581096327,0.13549752999294284,0.10091743119266056,0.08986120912726417,0.0839802399435427,0.07715831569042578,0.08209832980475182,0.06469066102093625,0.06986591390261115,0.05410491649023759,0.055516349094330744,0.04681251470242296,0.04281345565749235,0.032462949894142556,0.027052458245118795,0.01834862385321101,0.011526699600094096,0.007292401787814632,0.9273089525756262,0.023288835689944703,0.0,0.0,0.0,0.0,0.0,0.0,0.0,0.0,0.0,0.0,0.0,0.0,0.0,0.0,0.0,0.0,0.0,0.0,0.0,0.0,0.0,0.0,0.0,0.0,0.0,0.12702893436838394,3.5920959774170793,14.234297812279467,10.741002117148907,1.3055751587861681,4.325656711047139,2.941573352455141,nan,nan,nan,4.523979957050823,2.948914444411242,4.126719768283852,2.920975113258234,0.912187898147554,0.3926,0.00871,0.0,0.0,0.0,0.0,0.0,0.0,0.0,0.0,0.0,0.0,0.07762879322512352,24.227240649258963,5.6951305575158795,0.0,0.0,0.0,0.0,0.0,0.0,0.0,0.0,0.0,0.0,0.0,0.0,0.0,0.0,0.0,0.0,0.0,nan,nan,4.325656711047139,2.941573352455141,nan,0.3926,0.04028,0.0,0.0,0.0,0.0,0.0,0.0,0.0,0.0,0.0,0.0,0.0,0.0,0.0,0.0,0.0,0.0,0.0,0.0,0.0,0.0,0.0,0.0,0.0,0.0,0.0,3.5285815102328866e-05,0.0006351446718419196,0.0011291460832745237,0.00016466713714420136,0.0018583862620559868,0.009574217831098564,0.00672782874617737,0.021147965184662432,0.052717007762879325,0.034215478710891555,0.06305575158786168,0.09162549988238061,0.09318983768525053,0.0755469301340861,0.08268642672312397,0.057504116678428606,0.06565513996706657,0.1259350741002117,0.07949894142554693,0.04434250764525994,0.04694189602446483,0.025488120442248883,0.004069630675135262,0.0072335920959774175,0.002058339214302517,0.004987061867795813,0.0,0.0016466713714420136,0.0,0.00018819101387908727,0.0,0.0,0.00014114326040931546,0.0,0.0,0.0,0.0,0.0,0.0,0.0,0.0,0.0,0.0,0.0,0.0,0.0,0.0,0.0,0.0,0.0,0.0,0.0,0.0,0.0,0.0,0.0,0.0,0.0,0.0,0.0,0.0,0.0,0.0,0.0,0.0,0.0,0.0,0.0,0.0,0.0,0.0,0.0,0.0,0.0,0.0,0.0,nan,nan,4.325656711047139,2.941573352455141,nan,0.9272079836062299,0.023010242261738676,0.0,0.0,0.0,0.0,0.0,0.0,0.0,0.0,0.0,0.0,0.0,0.0,0.0,0.0,0.0,0.0,0.0,0.0,0.0,0.0,0.0,0.0,0.0,0.0,0.0,0.10840108401084013,3.5230352303523045,14.417344173441737,10.799457994579948,1.1517615176151763,0.9274186949900803,0.02358741519883973,0.0,0.0,0.0,0.0,0.0,0.0,0.0,0.0,0.0,0.0,0.0,0.0,0.0,0.0,0.0,0.0,0.0,0.0,0.0,0.0,0.0,0.0,0.0,0.0,0.0,0.1472754050073638,3.6671575846833586,14.03534609720177,10.677466863033874,1.472754050073638,0.3926,0.00882,0.0,0.0,0.0,0.0,0.0,0.0,0.0,0.0,0.0,0.0,0.04065040650406505,24.295392953929504,5.663956639566397,0.0,0.0,0.0,0.0,0.0,0.0,0.0,0.0,0.0,0.0,0.0,0.0,0.0,0.0,0.0,0.0,0.0,0.3926,0.00859,0.0,0.0,0.0,0.0,0.0,0.0,0.0,0.0,0.0,0.0,0.11782032400589104,24.153166421207622,5.729013254786452,0.0,0.0,0.0,0.0,0.0,0.0,0.0,0.0,0.0,0.0,0.0,0.0,0.0,0.0,0.0,0.0,0.0
11100,4697,2453,0.522248243559719,1166,959,0.4524164360229934,1317,0.5607834788162657,0.39799999999999996,2.97192513368984,3.088795178083041,6.57345971563981,2.1206999512265527,8382.24637002342,506.1981343295991,7853.0,8866.4,8866.399999999998,1.8189894035458565e-12,7853.0,0.0,27.917394081328506,20.713234864526214,32.90655154900965,18.896497178836356,0.13966361507345115,0.09644453906748988,0.09474132424952098,0.08643815201192251,0.08068980200127741,0.07387694272940175,0.07132212050244838,0.06238024270811156,0.061954439003619334,0.053864168618266976,0.04492229082393017,0.04300617415371514,0.03193527783691718,0.02576112412177986,0.015116031509474133,0.011496700021290185,0.006387055567383436,0.9272759696486557,0.023297738259939495,0.0,0.0,0.0,0.0,0.0,0.0,0.0,0.0,0.0,0.0,0.0,0.0,0.0,0.0,0.0,0.0,0.0,0.0,0.0,0.0,0.0,0.0,0.0,0.0,0.0,0.12135405578028531,3.468171173089207,14.434745582286569,10.615286352991275,1.3604428358526723,4.232642316551497,2.920044640909159,nan,nan,nan,4.188034188034188,2.862648234188691,4.278180619644035,2.976573859934521,1.0215247602007185,0.393,0.0086,0.0,0.0,0.0,0.0,0.0,0.0,0.0,0.0,0.0,0.0,0.025548222269533752,23.65126676602083,6.323185011709604,0.0,0.0,0.0,0.0,0.0,0.0,0.0,0.0,0.0,0.0,0.0,0.0,0.0,0.0,0.0,0.0,0.0,nan,nan,4.232642316551497,2.920044640909159,nan,0.393,0.0401,0.0,0.0,0.0,0.0,0.0,0.0,0.0,0.0,0.0,0.0,0.0,0.0,0.0,0.0,0.0,0.0,0.0,0.0,0.0,0.0,0.0,0.0,0.0,0.0,0.0,0.0,0.0006812859271875665,0.0010751543538428784,0.00018096657440919736,0.0020545028741750055,0.00842026825633383,0.00637641047477113,0.01945922929529487,0.0509261230572706,0.03464977645305514,0.06048541622312114,0.09270811156057057,0.0949648711943794,0.07558015754737066,0.08166915052160954,0.06048541622312114,0.06477538854588034,0.12538854588034917,0.08165850542899723,0.04379391100702576,0.047168405365126675,0.02650628060464126,0.004194166489248457,0.007462209921226315,0.001990632318501171,0.0048541622312114115,0.00010645092612305727,0.0020012774111134767,0.0,0.00029806259314456036,0.0,0.0,8.516074089844582e-05,0.0,0.0,0.0,0.0,0.0,0.0,0.0,0.0,0.0,0.0,0.0,0.0,0.0,0.0,0.0,0.0,0.0,0.0,0.0,0.0,0.0,0.0,0.0,0.0,0.0,0.0,0.0,0.0,0.0,0.0,0.0,0.0,0.0,0.0,0.0,0.0,0.0,0.0,0.0,0.0,0.0,0.0,0.0,nan,nan,4.232642316551497,2.920044640909159,nan,0.9272821173102235,0.023602813022662334,0.0,0.0,0.0,0.0,0.0,0.0,0.0,0.0,0.0,0.0,0.0,0.0,0.0,0.0,0.0,0.0,0.0,0.0,0.0,0.0,0.0,0.0,0.0,0.0,0.0,0.1345291479820628,3.6567468406033434,14.150020383204243,10.55442315532002,1.5042804728903387,0.9272692494107653,0.022959610686999143,0.0,0.0,0.0,0.0,0.0,0.0,0.0,0.0,0.0,0.0,0.0,0.0,0.0,0.0,0.0,0.0,0.0,0.0,0.0,0.0,0.0,0.0,0.0,0.0,0.0,0.10695187165775404,3.262032085561498,14.745989304812838,10.681818181818183,1.2032085561497328,0.3928,0.00862,0.0,0.0,0.0,0.0,0.0,0.0,0.0,0.0,0.0,0.0,0.024459845087647786,23.8238891153689,6.151651039543418,0.0,0.0,0.0,0.0,0.0,0.0,0.0,0.0,0.0,0.0,0.0,0.0,0.0,0.0,0.0,0.0,0.0,0.3933,0.00857,0.0,0.0,0.0,0.0,0.0,0.0,0.0,0.0,0.0,0.0,0.02673796791443851,23.462566844919753,6.510695187165777,0.0,0.0,0.0,0.0,0.0,0.0,0.0,0.0,0.0,0.0,0.0,0.0,0.0,0.0,0.0,0.0,0.0
11200,4606,2394,0.5197568389057751,1123,892,0.4374728614850195,1284,0.5575336517585757,0.41,3.0384267631103072,3.1219729444075663,6.521870286576169,2.130519760703024,8379.721580547113,506.30428233661553,7853.0,8866.4,8866.399999999998,1.8189894035458565e-12,7853.0,0.0,28.052323056882326,20.933420033097473,33.010082730093075,19.178343086144515,0.14003473729917498,0.09900130264871906,0.09140251845419019,0.08727746417716023,0.08532349109856709,0.07468519322622666,0.06513243595310464,0.06057316543638732,0.05449413808076422,0.057750759878419454,0.04646113764654798,0.04038211029092488,0.03517151541467651,0.027789839339991317,0.01932262266608771,0.00911854103343465,0.0060790273556231,0.9283657495969283,0.02326001450088524,0.0,0.0,0.0,0.0,0.0,0.0,0.0,0.0,0.0,0.0,0.0,0.0,0.0,0.0,0.0,0.0,0.0,0.0,0.0,0.0,0.0,0.0,0.0,0.0,0.0,0.10421189752496746,3.2631350412505435,14.309596178897094,10.838037342596616,1.4850195397307864,4.298322147651007,2.8959466935573226,nan,nan,nan,4.220053835800807,2.90322167496837,4.376171352074967,2.8865880717912296,1.0369942001568173,0.3933,0.00867,0.0,0.0,0.0,0.0,0.0,0.0,0.0,0.0,0.0,0.0,0.03256621797655233,23.21320017368646,6.754233608336953,0.0,0.0,0.0,0.0,0.0,0.0,0.0,0.0,0.0,0.0,0.0,0.0,0.0,0.0,0.0,0.0,0.0,nan,nan,4.298322147651007,2.8959466935573226,nan,0.3933,0.04037,0.0,0.0,0.0,0.0,0.0,0.0,0.0,0.0,0.0,0.0,0.0,0.0,0.0,0.0,0.0,0.0,0.0,0.0,0.0,0.0,0.0,0.0,0.0,0.0,0.0,0.0,0.0006513243595310464,0.0008358662613981763,0.00011940946591402518,0.001975683890577508,0.008336951801997394,0.006904038211029092,0.021602257924446373,0.05197568389057751,0.03491098567086409,0.05569908814589666,0.09015414676508901,0.09430091185410334,0.07653061224489796,0.0809379070777247,0.06098567086409032,0.06696699956578377,0.1226769431176726,0.0828593139383413,0.041923577941815025,0.04957663916630482,0.027149370386452452,0.004526704298740773,0.009726443768996961,0.0015740338688666957,0.00462440295267043,9.769865392965696e-05,0.0020733825445071645,0.0,0.00022796352583586625,0.0,2.1710811984368215e-05,5.427702996092054e-05,0.0,0.0,0.0,0.0,0.0,0.0,0.0,0.0,0.0,0.0,0.0,0.0,0.0,0.0,0.0,0.0,0.0,0.0,0.0,0.0,0.0,0.0,0.0,0.0,0.0,0.0,0.0,0.0,0.0,0.0,0.0,0.0,0.0,0.0,0.0,0.0,0.0,0.0,0.0,0.0,0.0,0.0,0.0,nan,nan,4.298322147651007,2.8959466935573226,nan,0.92880719442017,0.023078844221960854,0.0,0.0,0.0,0.0,0.0,0.0,0.0,0.0,0.0,0.0,0.0,0.0,0.0,0.0,0.0,0.0,0.0,0.0,0.0,0.0,0.0,0.0,0.0,0.0,0.0,0.11278195488721807,3.145363408521304,14.147869674185467,11.090225563909778,1.503759398496241,0.9278879833641793,0.02344515039007222,0.0,0.0,0.0,0.0,0.0,0.0,0.0,0.0,0.0,0.0,0.0,0.0,0.0,0.0,0.0,0.0,0.0,0.0,0.0,0.0,0.0,0.0,0.0,0.0,0.0,0.09493670886075951,3.3905967450271257,14.48462929475588,10.565099457504523,1.4647377938517183,0.3933,0.00873,0.0,0.0,0.0,0.0,0.0,0.0,0.0,0.0,0.0,0.0,0.025062656641604016,23.220551378446082,6.754385964912283,0.0,0.0,0.0,0.0,0.0,0.0,0.0,0.0,0.0,0.0,0.0,0.0,0.0,0.0,0.0,0.0,0.0,0.3933,0.008606,0.0,0.0,0.0,0.0,0.0,0.0,0.0,0.0,0.0,0.0,0.040687160940325505,23.20524412296561,6.754068716094034,0.0,0.0,0.0,0.0,0.0,0.0,0.0,0.0,0.0,0.0,0.0,0.0,0.0,0.0,0.0,0.0,0.0
11300,4725,2417,0.5115343915343915,1105,984,0.44211640211640213,1352,0.5722751322751323,0.40599999999999997,2.903379549393414,3.0068850542423124,6.407633587786259,2.1380457053723556,8371.388952380952,506.5651571044298,7853.0,8866.4,8866.4,0.0,7853.0,0.0,27.99089947089947,21.061726408268914,33.09040263357812,19.282290248032588,0.14285714285714285,0.10137566137566137,0.09354497354497354,0.08486772486772487,0.07746031746031747,0.07534391534391534,0.06433862433862433,0.06031746031746032,0.06243386243386243,0.05037037037037037,0.052698412698412696,0.04126984126984127,0.028783068783068782,0.02708994708994709,0.01650793650793651,0.013544973544973546,0.0071957671957671955,0.9297755974688858,0.022940604231062846,0.0,0.0,0.0,0.0,0.0,0.0,0.0,0.0,0.0,0.0,0.0,0.0,0.0,0.0,0.0,0.0,0.0,0.0,0.0,0.0,0.0,0.0,0.0,0.0,0.0,0.1396825396825397,2.7047619047619054,14.165079365079368,11.390476190476194,1.6000000000000003,4.2988771466314395,2.7849209569677744,nan,nan,nan,4.355271994627267,2.7828339183441675,4.241222366710013,2.7841164878024007,0.9738134316162235,0.3936,0.00875,0.0,0.0,0.0,0.0,0.0,0.0,0.0,0.0,0.0,0.0,0.06984126984126986,22.869841269841235,7.060317460317462,0.0,0.0,0.0,0.0,0.0,0.0,0.0,0.0,0.0,0.0,0.0,0.0,0.0,0.0,0.0,0.0,0.0,nan,nan,4.2988771466314395,2.7849209569677744,nan,0.3936,0.04016,0.0,0.0,0.0,0.0,0.0,0.0,0.0,0.0,0.0,0.0,0.0,0.0,0.0,0.0,0.0,0.0,0.0,0.0,0.0,0.0,0.0,0.0,0.0,0.0,0.0,0.0,0.0005925925925925926,0.0007195767195767196,2.1164021164021164e-05,0.0014285714285714286,0.007301587301587302,0.006507936507936508,0.023185185185185184,0.05219047619047619,0.032857142857142856,0.05717460317460318,0.08824338624338625,0.09593650793650793,0.07255026455026455,0.0853968253968254,0.058,0.06722751322751323,0.12742857142857142,0.07902645502645503,0.043873015873015876,0.04908994708994709,0.027724867724867725,0.005915343915343915,0.010402116402116402,0.001142857142857143,0.003915343915343915,5.291005291005291e-05,0.0017248677248677248,1.0582010582010582e-05,0.00033862433862433863,0.0,2.1164021164021164e-05,0.0,0.0,0.0,0.0,0.0,0.0,0.0,0.0,0.0,0.0,0.0,0.0,0.0,0.0,0.0,0.0,0.0,0.0,0.0,0.0,0.0,0.0,0.0,0.0,0.0,0.0,0.0,0.0,0.0,0.0,0.0,0.0,0.0,0.0,0.0,0.0,0.0,0.0,0.0,0.0,0.0,0.0,0.0,0.0,nan,nan,4.2988771466314395,2.7849209569677744,nan,0.9297782808825849,0.022800537828135913,0.0,0.0,0.0,0.0,0.0,0.0,0.0,0.0,0.0,0.0,0.0,0.0,0.0,0.0,0.0,0.0,0.0,0.0,0.0,0.0,0.0,0.0,0.0,0.0,0.0,0.12412081092263139,2.668597434836575,14.23665701282582,11.46876292925114,1.5018618121638398,0.9297727873255103,0.02308637430019542,0.0,0.0,0.0,0.0,0.0,0.0,0.0,0.0,0.0,0.0,0.0,0.0,0.0,0.0,0.0,0.0,0.0,0.0,0.0,0.0,0.0,0.0,0.0,0.0,0.0,0.15597920277296362,2.7426343154246107,14.090121317157715,11.308492201039865,1.702772963604853,0.3936,0.00864,0.0,0.0,0.0,0.0,0.0,0.0,0.0,0.0,0.0,0.0,0.06206040546131569,22.88787753413319,7.0500620604054625,0.0,0.0,0.0,0.0,0.0,0.0,0.0,0.0,0.0,0.0,0.0,0.0,0.0,0.0,0.0,0.0,0.0,0.3936,0.00886,0.0,0.0,0.0,0.0,0.0,0.0,0.0,0.0,0.0,0.0,0.07798960138648181,22.850953206239137,7.071057192374352,0.0,0.0,0.0,0.0,0.0,0.0,0.0,0.0,0.0,0.0,0.0,0.0,0.0,0.0,0.0,0.0,0.0
11400,4640,2397,0.5165948275862069,1152,919,0.44633620689655173,1292,0.5568965517241379,0.426,2.972804279982167,3.0890586155361266,6.540625,2.0535577930447926,8376.517198275862,506.4208445968137,7853.0,8866.4,8866.4,0.0,7853.0,0.0,28.17801724137931,20.99615604062947,33.18048780487805,19.20133257218542,0.1396551724137931,0.10129310344827586,0.09116379310344827,0.08448275862068966,0.07629310344827586,0.0771551724137931,0.06853448275862069,0.06594827586206897,0.05538793103448276,0.05344827586206897,0.047844827586206895,0.04008620689655172,0.034698275862068965,0.028879310344827585,0.01810344827586207,0.011422413793103449,0.005603448275862069,0.9300028212882322,0.023205289327506273,0.0,0.0,0.0,0.0,0.0,0.0,0.0,0.0,0.0,0.0,0.0,0.0,0.0,0.0,0.0,0.0,0.0,0.0,0.0,0.0,0.0,0.0,0.0,0.0,0.0,0.14224137931034486,2.812500000000001,13.784482758620692,11.46336206896552,1.7974137931034486,4.161546085232904,2.904151247989604,nan,nan,nan,4.101241018941868,2.8625498768684836,4.223262032085562,2.944839418154896,1.0297522170923705,0.3938,0.00832,0.0,0.0,0.0,0.0,0.0,0.0,0.0,0.0,0.0,0.0,0.04525862068965519,23.32112068965514,6.633620689655174,0.0,0.0,0.0,0.0,0.0,0.0,0.0,0.0,0.0,0.0,0.0,0.0,0.0,0.0,0.0,0.0,0.0,nan,nan,4.161546085232904,2.904151247989604,nan,0.3938,0.03986,0.0,0.0,0.0,0.0,0.0,0.0,0.0,0.0,0.0,0.0,0.0,0.0,0.0,0.0,0.0,0.0,0.0,0.0,0.0,0.0,0.0,0.0,0.0,0.0,0.0,0.0,0.0003125,0.0007219827586206896,1.0775862068965516e-05,0.0012176724137931035,0.006950431034482759,0.00634698275862069,0.02255387931034483,0.05179956896551724,0.032823275862068964,0.05685344827586207,0.08497844827586207,0.09701508620689656,0.0762823275862069,0.08644396551724139,0.05913793103448276,0.0666271551724138,0.12796336206896552,0.07752155172413792,0.04357758620689655,0.05048491379310345,0.027079741379310344,0.0049245689655172415,0.012004310344827586,0.0008943965517241379,0.0036961206896551726,6.46551724137931e-05,0.0010344827586206897,1.0775862068965516e-05,0.000668103448275862,0.0,0.0,0.0,0.0,0.0,0.0,0.0,0.0,0.0,0.0,0.0,0.0,0.0,0.0,0.0,0.0,0.0,0.0,0.0,0.0,0.0,0.0,0.0,0.0,0.0,0.0,0.0,0.0,0.0,0.0,0.0,0.0,0.0,0.0,0.0,0.0,0.0,0.0,0.0,0.0,0.0,0.0,0.0,0.0,0.0,0.0,nan,nan,4.161546085232904,2.904151247989604,nan,0.9301914959138863,0.023364601171222125,0.0,0.0,0.0,0.0,0.0,0.0,0.0,0.0,0.0,0.0,0.0,0.0,0.0,0.0,0.0,0.0,0.0,0.0,0.0,0.0,0.0,0.0,0.0,0.0,0.0,0.12515644555694622,2.9536921151439306,13.554443053817275,11.576971214017526,1.7897371714643309,0.9298011926312134,0.023032113190067607,0.0,0.0,0.0,0.0,0.0,0.0,0.0,0.0,0.0,0.0,0.0,0.0,0.0,0.0,0.0,0.0,0.0,0.0,0.0,0.0,0.0,0.0,0.0,0.0,0.0,0.16049933125278648,2.661613909942042,14.030316540347751,11.34195274186358,1.805617476593848,0.3938,0.00822,0.0,0.0,0.0,0.0,0.0,0.0,0.0,0.0,0.0,0.0,0.03754693366708386,23.34167709637043,6.620775969962454,0.0,0.0,0.0,0.0,0.0,0.0,0.0,0.0,0.0,0.0,0.0,0.0,0.0,0.0,0.0,0.0,0.0,0.3936,0.008446,0.0,0.0,0.0,0.0,0.0,0.0,0.0,0.0,0.0,0.0,0.05349977708426216,23.299152920196132,6.647347302719574,0.0,0.0,0.0,0.0,0.0,0.0,0.0,0.0,0.0,0.0,0.0,0.0,0.0,0.0,0.0,0.0,0.0
11500,4779,2489,0.5208202552835322,1154,976,0.44569993722536094,1352,0.565808746599707,0.414,2.952401746724891,3.062936042597851,6.530326594090202,2.149237135959336,8380.799246704331,506.26051770655545,7853.0,8866.4,8866.400000000001,1.8189894035458565e-12,7853.0,0.0,27.693032015065913,20.733013593825522,32.727158948685855,18.950370616339875,0.1431261770244821,0.1006486712701402,0.0914417242100858,0.08286252354048965,0.0857920066959615,0.07407407407407407,0.07260933249633815,0.06110064867127014,0.0583804143126177,0.052312199204854574,0.04666248169073028,0.039966520192508896,0.030759573132454487,0.024691358024691357,0.02092487968194183,0.009416195856873822,0.0052312199204854574,0.9301432456948264,0.023217268928088286,0.0,0.0,0.0,0.0,0.0,0.0,0.0,0.0,0.0,0.0,0.0,0.0,0.0,0.0,0.0,0.0,0.0,0.0,0.0,0.0,0.0,0.0,0.0,0.0,0.0,0.07532956685499059,2.8374136848713127,13.923414940364095,11.337099811676087,1.826741996233522,4.229342875731946,2.8228614796309865,nan,nan,nan,4.223452768729642,2.82846808831151,4.2373211963589075,2.8169533389813273,1.0032836705862906,0.3938,0.008446,0.0,0.0,0.0,0.0,0.0,0.0,0.0,0.0,0.0,0.0,0.0251098556183302,23.182674199623317,6.792215944758319,0.0,0.0,0.0,0.0,0.0,0.0,0.0,0.0,0.0,0.0,0.0,0.0,0.0,0.0,0.0,0.0,0.0,nan,nan,4.229342875731946,2.8228614796309865,nan,0.3938,0.03976,0.0,0.0,0.0,0.0,0.0,0.0,0.0,0.0,0.0,0.0,0.0,0.0,0.0,0.0,0.0,0.0,0.0,0.0,0.0,0.0,0.0,0.0,0.0,0.0,1.0462439840970914e-05,0.0,7.32370788867964e-05,0.000742833228708935,5.2312199204854574e-05,0.0014961288972588408,0.006685499058380414,0.006204226825695752,0.023613726721071353,0.05233312408453651,0.03271604938271605,0.056361163423310316,0.08290437329985352,0.09584641138313454,0.0786356978447374,0.08482946223059218,0.06069261351747227,0.06891609123247541,0.126260724000837,0.07870893492362419,0.04290646578782172,0.049487340447792426,0.027830089976982633,0.005105670642393806,0.011655157982841599,0.0005649717514124294,0.0036409290646578782,7.32370788867964e-05,0.0011299435028248588,9.416195856873823e-05,0.0004289600334798075,0.0,0.0,0.0,0.0,0.0,0.0,0.0,0.0,0.0,0.0,0.0,0.0,0.0,0.0,0.0,0.0,0.0,0.0,0.0,0.0,0.0,0.0,0.0,0.0,0.0,0.0,0.0,0.0,0.0,0.0,0.0,0.0,0.0,0.0,0.0,0.0,0.0,0.0,0.0,0.0,0.0,0.0,0.0,0.0,0.0,0.0,nan,nan,4.229342875731946,2.8228614796309865,nan,0.9301643514307496,0.0232708829898448,0.0,0.0,0.0,0.0,0.0,0.0,0.0,0.0,0.0,0.0,0.0,0.0,0.0,0.0,0.0,0.0,0.0,0.0,0.0,0.0,0.0,0.0,0.0,0.0,0.0,0.08437123342707917,3.0253113700281244,13.619927681799922,11.378063479308963,1.8923262354359185,0.9301203058796679,0.023158833246569036,0.0,0.0,0.0,0.0,0.0,0.0,0.0,0.0,0.0,0.0,0.0,0.0,0.0,0.0,0.0,0.0,0.0,0.0,0.0,0.0,0.0,0.0,0.0,0.0,0.0,0.06550218340611355,2.6331877729257647,14.253275109170309,11.292576419213978,1.7554585152838431,0.3938,0.00852,0.0,0.0,0.0,0.0,0.0,0.0,0.0,0.0,0.0,0.0,0.02410606669345119,23.12977099236638,6.846122940940138,0.0,0.0,0.0,0.0,0.0,0.0,0.0,0.0,0.0,0.0,0.0,0.0,0.0,0.0,0.0,0.0,0.0,0.3938,0.008354,0.0,0.0,0.0,0.0,0.0,0.0,0.0,0.0,0.0,0.0,0.02620087336244542,23.240174672489047,6.733624454148473,0.0,0.0,0.0,0.0,0.0,0.0,0.0,0.0,0.0,0.0,0.0,0.0,0.0,0.0,0.0,0.0,0.0
11600,4916,2542,0.5170870626525631,1188,1016,0.4483319772172498,1383,0.5626525630593979,0.414,2.951137320977254,3.09470917971406,6.533434650455927,2.150763078583395,8377.016029292106,506.40403348468175,7853.0,8866.4,8866.4,0.0,7853.0,0.0,27.834418226200164,20.89324066241445,32.77761627906977,19.153272104326472,0.14300244100895038,0.09743694060211554,0.09336859235150528,0.08950366151342555,0.07790886899918634,0.07851912123677787,0.06651749389747763,0.06468673718470301,0.057973962571196094,0.05126118795768918,0.04373474369406021,0.04129373474369406,0.03458096013018715,0.026037428803905614,0.01403580146460537,0.011391375101708706,0.008746948738812042,0.9305644072683193,0.022809897555139663,0.0,0.0,0.0,0.0,0.0,0.0,0.0,0.0,0.0,0.0,0.0,0.0,0.0,0.0,0.0,0.0,0.0,0.0,0.0,0.0,0.0,0.0,0.0,0.0,0.0,0.07323026851098455,2.7217249796582594,13.626932465419042,12.021969080553298,1.556143205858422,4.338072669826224,2.928115183643625,nan,nan,nan,4.298311444652908,3.0033028973525346,4.378671775223499,2.848723990895618,1.0186957905692384,0.394,0.00864,0.0,0.0,0.0,0.0,0.0,0.0,0.0,0.0,0.0,0.0,0.036615134255492274,22.487794955248138,7.47558991049634,0.0,0.0,0.0,0.0,0.0,0.0,0.0,0.0,0.0,0.0,0.0,0.0,0.0,0.0,0.0,0.0,0.0,nan,nan,4.338072669826224,2.928115183643625,nan,0.394,0.03983,0.0,0.0,0.0,0.0,0.0,0.0,0.0,0.0,0.0,0.0,0.0,0.0,0.0,0.0,0.0,0.0,0.0,0.0,0.0,0.0,0.0,0.0,0.0,0.0,0.0,0.0,0.0002542717656631408,0.000772986167615948,5.085435313262815e-05,0.0012815296989422294,0.007404393816110659,0.0069568755085435315,0.022284377542717657,0.04922701383238405,0.030949959316517495,0.05858421480878763,0.08058380797396257,0.09689788445890968,0.07933279088689991,0.0852013832384052,0.05961147274206672,0.07052481692432873,0.1280105777054516,0.07711554109031733,0.04409072416598861,0.05014239218877136,0.025915378356387308,0.005044751830756713,0.013598454027664767,0.0004373474369406021,0.0037123677786818554,0.00012205044751830757,0.0013222131814483319,0.0001322213181448332,0.0004373474369406021,0.0,0.0,0.0,0.0,0.0,0.0,0.0,0.0,0.0,0.0,0.0,0.0,0.0,0.0,0.0,0.0,0.0,0.0,0.0,0.0,0.0,0.0,0.0,0.0,0.0,0.0,0.0,0.0,0.0,0.0,0.0,0.0,0.0,0.0,0.0,0.0,0.0,0.0,0.0,0.0,0.0,0.0,0.0,0.0,0.0,0.0,nan,nan,4.338072669826224,2.928115183643625,nan,0.9307493489150641,0.022419857467337594,0.0,0.0,0.0,0.0,0.0,0.0,0.0,0.0,0.0,0.0,0.0,0.0,0.0,0.0,0.0,0.0,0.0,0.0,0.0,0.0,0.0,0.0,0.0,0.0,0.0,0.05900865460267507,2.549173878835563,13.890637293469712,11.97875688434304,1.5224232887490168,0.9303663779229001,0.023218643983363003,0.0,0.0,0.0,0.0,0.0,0.0,0.0,0.0,0.0,0.0,0.0,0.0,0.0,0.0,0.0,0.0,0.0,0.0,0.0,0.0,0.0,0.0,0.0,0.0,0.0,0.08845829823083406,2.906486941870262,13.34456613310868,12.068239258635218,1.592249368155013,0.394,0.00868,0.0,0.0,0.0,0.0,0.0,0.0,0.0,0.0,0.0,0.0,0.05900865460267507,22.482297403619167,7.458693941778129,0.0,0.0,0.0,0.0,0.0,0.0,0.0,0.0,0.0,0.0,0.0,0.0,0.0,0.0,0.0,0.0,0.0,0.394,0.00858,0.0,0.0,0.0,0.0,0.0,0.0,0.0,0.0,0.0,0.0,0.012636899747262008,22.493681550126336,7.493681550126371,0.0,0.0,0.0,0.0,0.0,0.0,0.0,0.0,0.0,0.0,0.0,0.0,0.0,0.0,0.0,0.0,0.0
11700,4696,2442,0.5200170357751278,1117,957,0.4416524701873935,1286,0.5477001703577513,0.418,2.972049689440994,3.1216989045661734,6.652246256239601,2.2268664581020032,8379.985264054514,506.29378631604635,7853.0,8866.4,8866.4,0.0,7853.0,0.0,27.60647359454855,20.78625280377361,32.59623217922607,19.069972612914118,0.1411839863713799,0.108603066439523,0.09433560477001704,0.08134582623509369,0.07495741056218058,0.07942930153321977,0.06686541737649063,0.06473594548551959,0.06132879045996593,0.053023850085178875,0.04557069846678024,0.035562180579216354,0.034071550255536626,0.024488926746166952,0.017248722316865417,0.013415672913117547,0.0038330494037478705,0.929894014431427,0.022514564234802775,0.0,0.0,0.0,0.0,0.0,0.0,0.0,0.0,0.0,0.0,0.0,0.0,0.0,0.0,0.0,0.0,0.0,0.0,0.0,0.0,0.0,0.0,0.0,0.0,0.0,0.038330494037478714,2.7470187393526415,13.977853492333905,11.658858603066443,1.5779386712095405,4.26514131897712,2.8610173251497226,nan,nan,nan,4.158520475561427,2.84982502949253,4.3758573388203015,2.8684019748132945,1.0522630258853138,0.394,0.00846,0.0,0.0,0.0,0.0,0.0,0.0,0.0,0.0,0.0,0.0,0.019165247018739357,22.678875638841532,7.301959114139695,0.0,0.0,0.0,0.0,0.0,0.0,0.0,0.0,0.0,0.0,0.0,0.0,0.0,0.0,0.0,0.0,0.0,nan,nan,4.26514131897712,2.8610173251497226,nan,0.394,0.03998,0.0,0.0,0.0,0.0,0.0,0.0,0.0,0.0,0.0,0.0,0.0,0.0,0.0,0.0,0.0,0.0,0.0,0.0,0.0,0.0,0.0,0.0,0.0,0.0,0.0,0.0,0.00020229982964224872,0.0008943781942078365,0.00015971039182282793,0.0013948040885860306,0.006580068143100511,0.006537478705281091,0.021699318568994888,0.05324744463373084,0.02846039182282794,0.058901192504258945,0.08111158432708689,0.09862649063032368,0.07874787052810903,0.0849552810902896,0.05852853492333901,0.06852640545144804,0.125809199318569,0.07881175468483816,0.04509156729131175,0.04911626916524702,0.02723594548551959,0.004429301533219762,0.014948892674616696,0.0005643100511073253,0.003534923339011925,9.582623509369676e-05,0.0012989778534923339,0.00015971039182282793,0.0003300681431005111,0.0,0.0,0.0,0.0,0.0,0.0,0.0,0.0,0.0,0.0,0.0,0.0,0.0,0.0,0.0,0.0,0.0,0.0,0.0,0.0,0.0,0.0,0.0,0.0,0.0,0.0,0.0,0.0,0.0,0.0,0.0,0.0,0.0,0.0,0.0,0.0,0.0,0.0,0.0,0.0,0.0,0.0,0.0,0.0,0.0,0.0,nan,nan,4.26514131897712,2.8610173251497226,nan,0.930343483238314,0.022753665325874105,0.0,0.0,0.0,0.0,0.0,0.0,0.0,0.0,0.0,0.0,0.0,0.0,0.0,0.0,0.0,0.0,0.0,0.0,0.0,0.0,0.0,0.0,0.0,0.0,0.0,0.024570024570024575,2.727272727272728,13.636363636363638,11.91646191646192,1.6953316953316957,0.9294070566557314,0.022242372748362205,0.0,0.0,0.0,0.0,0.0,0.0,0.0,0.0,0.0,0.0,0.0,0.0,0.0,0.0,0.0,0.0,0.0,0.0,0.0,0.0,0.0,0.0,0.0,0.0,0.0,0.05323868677905946,2.7684117125110923,14.347826086956525,11.37976929902396,1.4507542147293704,0.394,0.00844,0.0,0.0,0.0,0.0,0.0,0.0,0.0,0.0,0.0,0.0,0.012285012285012288,22.862407862407828,7.125307125307127,0.0,0.0,0.0,0.0,0.0,0.0,0.0,0.0,0.0,0.0,0.0,0.0,0.0,0.0,0.0,0.0,0.0,0.3943,0.00848,0.0,0.0,0.0,0.0,0.0,0.0,0.0,0.0,0.0,0.0,0.02661934338952973,22.48003549245782,7.493345164152619,0.0,0.0,0.0,0.0,0.0,0.0,0.0,0.0,0.0,0.0,0.0,0.0,0.0,0.0,0.0,0.0,0.0
11800,4683,2422,0.5171898355754858,1147,967,0.4514200298953662,1335,0.5701473414477899,0.434,3.060592658115878,3.1108588976142975,6.658346333853354,2.074350394383747,8377.120179372198,506.4004614439448,7853.0,8866.4,8866.4,0.0,7853.0,0.0,28.28144351911168,20.81734243839182,33.0390920554855,19.06845001065047,0.1323937646807602,0.0965193252188768,0.10121716848174248,0.08392056374119154,0.07666026051676277,0.0723894939141576,0.07089472560324578,0.0687593423019432,0.05872304078582106,0.05530642750373692,0.04740550928891736,0.04185351270553064,0.03544736280162289,0.022848601323937647,0.019218449711723255,0.00790091821481956,0.008541533205210335,0.9304113790644252,0.023064760637018223,0.0,0.0,0.0,0.0,0.0,0.0,0.0,0.0,0.0,0.0,0.0,0.0,0.0,0.0,0.0,0.0,0.0,0.0,0.0,0.0,0.0,0.0,0.0,0.0,0.0,0.10249839846252405,2.677770659833441,13.811659192825115,11.678411274823834,1.7296604740550934,4.308070866141732,2.8774009406851317,nan,nan,nan,4.298657718120805,2.9293810551146455,4.317919075144508,2.8274766691489335,1.0044807840695267,0.3948,0.00876,0.0,0.0,0.0,0.0,0.0,0.0,0.0,0.0,0.0,0.0,0.025624599615631013,22.10762331838562,7.866752081998721,0.0,0.0,0.0,0.0,0.0,0.0,0.0,0.0,0.0,0.0,0.0,0.0,0.0,0.0,0.0,0.0,0.0,nan,nan,4.308070866141732,2.8774009406851317,nan,0.3948,0.04004,0.0,0.0,0.0,0.0,0.0,0.0,0.0,0.0,0.0,0.0,0.0,0.0,0.0,0.0,0.0,0.0,0.0,0.0,0.0,0.0,0.0,0.0,0.0,0.0,0.0,0.0,0.0003736920777279522,0.0009822763185991885,0.00019218449711723255,0.0018898142216527867,0.007911595131326074,0.006139226991244928,0.021481956011103993,0.05242366004697843,0.027856075165492204,0.05666239590006406,0.07596626094383942,0.09596412556053811,0.08134742686312194,0.08427290198590646,0.06111467008327995,0.0685991885543455,0.12645739910313902,0.08162502669229127,0.042526158445440956,0.05129190689728806,0.02893444373265001,0.00523168908819133,0.016271620755925687,0.00046978432628656846,0.002370275464445868,0.00020286141362374545,0.0012278453982489856,2.1353833013025838e-05,0.00019218449711723255,0.0,0.0,0.0,0.0,0.0,0.0,0.0,0.0,0.0,0.0,0.0,0.0,0.0,0.0,0.0,0.0,0.0,0.0,0.0,0.0,0.0,0.0,0.0,0.0,0.0,0.0,0.0,0.0,0.0,0.0,0.0,0.0,0.0,0.0,0.0,0.0,0.0,0.0,0.0,0.0,0.0,0.0,0.0,0.0,0.0,0.0,nan,nan,4.308070866141732,2.8774009406851317,nan,0.9304606515105158,0.023315142720142006,0.0,0.0,0.0,0.0,0.0,0.0,0.0,0.0,0.0,0.0,0.0,0.0,0.0,0.0,0.0,0.0,0.0,0.0,0.0,0.0,0.0,0.0,0.0,0.0,0.0,0.06193228736581339,2.8736581337737412,13.649876135425272,11.556564822460778,1.8579686209744017,0.9303585980540616,0.02279338039082945,0.0,0.0,0.0,0.0,0.0,0.0,0.0,0.0,0.0,0.0,0.0,0.0,0.0,0.0,0.0,0.0,0.0,0.0,0.0,0.0,0.0,0.0,0.0,0.0,0.0,0.14595311808934103,2.4679345422379484,13.984962406015041,11.808934099955774,1.5922158337019021,0.3945,0.00873,0.0,0.0,0.0,0.0,0.0,0.0,0.0,0.0,0.0,0.0,0.02477291494632536,22.246077621800133,7.729149463253511,0.0,0.0,0.0,0.0,0.0,0.0,0.0,0.0,0.0,0.0,0.0,0.0,0.0,0.0,0.0,0.0,0.0,0.3948,0.008804,0.0,0.0,0.0,0.0,0.0,0.0,0.0,0.0,0.0,0.0,0.02653693056169837,21.959310039805363,8.014153029632908,0.0,0.0,0.0,0.0,0.0,0.0,0.0,0.0,0.0,0.0,0.0,0.0,0.0,0.0,0.0,0.0,0.0
11900,4909,2532,0.5157873293949888,1163,1021,0.4448971277245875,1377,0.5610103890812793,0.43,3.0164072360117795,3.1341054215439352,6.720858895705521,2.1886476197420315,8375.69887960888,506.4473574333865,7853.0,8866.4,8866.4,0.0,7853.0,0.0,27.74882868201263,20.937282329749895,32.75839416058394,19.20422376874332,0.14300264819718883,0.10327969036463638,0.09085353432470972,0.088816459564066,0.07577918109594622,0.07720513342839683,0.07251986147891627,0.06355673253208392,0.05337135872886535,0.05113057649215726,0.04237115502138929,0.044000814829904256,0.03177836626604196,0.027907924220818905,0.018741087797922183,0.008352006518639234,0.007333469138317376,0.9301793252433432,0.023391377571397937,0.0,0.0,0.0,0.0,0.0,0.0,0.0,0.0,0.0,0.0,0.0,0.0,0.0,0.0,0.0,0.0,0.0,0.0,0.0,0.0,0.0,0.0,0.0,0.0,0.0,0.10389081279282952,2.792829496842535,13.664697494398048,11.562436341413733,1.8761458545528624,4.331749049429658,2.876616685760492,nan,nan,nan,4.422932330827067,2.8847451897797183,4.2379730596536245,2.866129201046829,0.9581817542438285,0.3948,0.00851,0.0,0.0,0.0,0.0,0.0,0.0,0.0,0.0,0.0,0.0,0.012222448563862297,22.140965573436514,7.846811977999594,0.0,0.0,0.0,0.0,0.0,0.0,0.0,0.0,0.0,0.0,0.0,0.0,0.0,0.0,0.0,0.0,0.0,nan,nan,4.331749049429658,2.876616685760492,nan,0.3948,0.0403,0.0,0.0,0.0,0.0,0.0,0.0,0.0,0.0,0.0,0.0,0.0,0.0,0.0,0.0,0.0,0.0,0.0,0.0,0.0,0.0,0.0,0.0,0.0,0.0,0.0,0.0,0.0005907516805866775,0.0007740884090446119,0.0002444489712772459,0.002261152984314524,0.007822367080871868,0.007832552454675087,0.020319820737421064,0.05299449989814626,0.029333876553269505,0.05362599307394581,0.07461804848237931,0.09657771440211856,0.08172743939702587,0.08278671827256061,0.06460582603381544,0.0680892238745162,0.12430230189447952,0.0809737217355877,0.04206559380729273,0.05278060704827867,0.028814422489305356,0.0048380525565288246,0.017641067427174577,0.000264819718883683,0.002026889386840497,0.00036667345691586883,0.0015583621918924425,0.0,0.00016296598085149724,0.0,0.0,0.0,0.0,0.0,0.0,0.0,0.0,0.0,0.0,0.0,0.0,0.0,0.0,0.0,0.0,0.0,0.0,0.0,0.0,0.0,0.0,0.0,0.0,0.0,0.0,0.0,0.0,0.0,0.0,0.0,0.0,0.0,0.0,0.0,0.0,0.0,0.0,0.0,0.0,0.0,0.0,0.0,0.0,0.0,0.0,nan,nan,4.331749049429658,2.876616685760492,nan,0.9304510689742193,0.023291298332298052,0.0,0.0,0.0,0.0,0.0,0.0,0.0,0.0,0.0,0.0,0.0,0.0,0.0,0.0,0.0,0.0,0.0,0.0,0.0,0.0,0.0,0.0,0.0,0.0,0.0,0.09478672985781993,2.654028436018958,13.590047393364932,11.907582938388629,1.7535545023696686,0.9298898615805,0.02349405697138821,0.0,0.0,0.0,0.0,0.0,0.0,0.0,0.0,0.0,0.0,0.0,0.0,0.0,0.0,0.0,0.0,0.0,0.0,0.0,0.0,0.0,0.0,0.0,0.0,0.0,0.11358855700462771,2.9406815313420287,13.744215397559952,11.194783340344976,2.0067311737484226,0.3948,0.008545,0.0,0.0,0.0,0.0,0.0,0.0,0.0,0.0,0.0,0.0,0.01184834123222749,22.286729857819875,7.701421800947869,0.0,0.0,0.0,0.0,0.0,0.0,0.0,0.0,0.0,0.0,0.0,0.0,0.0,0.0,0.0,0.0,0.0,0.3945,0.00848,0.0,0.0,0.0,0.0,0.0,0.0,0.0,0.0,0.0,0.0,0.012620950778291968,21.98569625578457,8.001682793437107,0.0,0.0,0.0,0.0,0.0,0.0,0.0,0.0,0.0,0.0,0.0,0.0,0.0,0.0,0.0,0.0,0.0
12000,4602,2365,0.5139069969578444,1113,945,0.4471968709256845,1295,0.5627987831377662,0.39799999999999996,2.937863209655789,2.9662354873705667,6.212893553223388,2.0333682352130493,8373.79335071708,506.503965893225,7853.0,8866.4,8866.399999999998,1.8189894035458565e-12,7853.0,0.0,28.842242503259452,21.16781455166833,33.6082395087001,19.402877406718265,0.13233376792698825,0.09734897870491091,0.09061277705345502,0.0823554976097349,0.08039982616253803,0.0767057800956106,0.06931768796175576,0.06192959582790091,0.06106040851803564,0.05128205128205128,0.046284224250325946,0.049109083007388095,0.032811820947414166,0.028900478053020425,0.020860495436766623,0.011951325510647544,0.006736201651455889,0.9285815897738089,0.02310274677036383,0.0,0.0,0.0,0.0,0.0,0.0,0.0,0.0,0.0,0.0,0.0,0.0,0.0,0.0,0.0,0.0,0.0,0.0,0.0,0.0,0.0,0.0,0.0,0.0,0.0,0.11082138200782271,3.0964797913950464,14.29595827900913,10.925684485006522,1.5710560625814867,4.084372948128693,2.741986243497738,nan,nan,nan,4.0852713178294575,2.766393956164212,4.0834445927903875,2.7165331497589205,0.9995528509866413,0.3938,0.00873,0.0,0.0,0.0,0.0,0.0,0.0,0.0,0.0,0.0,0.0,0.026075619295958283,22.750977835723567,7.222946544980445,0.0,0.0,0.0,0.0,0.0,0.0,0.0,0.0,0.0,0.0,0.0,0.0,0.0,0.0,0.0,0.0,0.0,nan,nan,4.084372948128693,2.741986243497738,nan,0.3938,0.0402,0.0,0.0,0.0,0.0,0.0,0.0,0.0,0.0,0.0,0.0,0.0,0.0,0.0,0.0,0.0,0.0,0.0,0.0,0.0,0.0,0.0,0.0,0.0,0.0,0.0,0.0,0.0005323772272924815,0.0007714037375054324,0.0003911342894393742,0.0019122120817036071,0.007942199043893958,0.008518035636679704,0.020099956540634508,0.055943068231203825,0.02830291177748805,0.05417209908735333,0.07974793568013908,0.09554541503694046,0.08299652325076054,0.0854954367666232,0.06496088657105606,0.0656671012603216,0.11699261190786614,0.08244241634072143,0.044350282485875706,0.05071707953063885,0.02693394176445024,0.004584963059539331,0.01727509778357236,0.000434593654932638,0.00171664493698392,0.00044545849630595394,0.0010321599304650153,0.0,6.51890482398957e-05,0.0,1.086484137331595e-05,0.0,0.0,0.0,0.0,0.0,0.0,0.0,0.0,0.0,0.0,0.0,0.0,0.0,0.0,0.0,0.0,0.0,0.0,0.0,0.0,0.0,0.0,0.0,0.0,0.0,0.0,0.0,0.0,0.0,0.0,0.0,0.0,0.0,0.0,0.0,0.0,0.0,0.0,0.0,0.0,0.0,0.0,0.0,0.0,nan,nan,4.084372948128693,2.741986243497738,nan,0.9281394084966712,0.023129456816992685,0.0,0.0,0.0,0.0,0.0,0.0,0.0,0.0,0.0,0.0,0.0,0.0,0.0,0.0,0.0,0.0,0.0,0.0,0.0,0.0,0.0,0.0,0.0,0.0,0.0,0.12684989429175478,3.158562367864694,14.270613107822413,10.909090909090912,1.5348837209302328,0.9290490724382839,0.023065258151428937,0.0,0.0,0.0,0.0,0.0,0.0,0.0,0.0,0.0,0.0,0.0,0.0,0.0,0.0,0.0,0.0,0.0,0.0,0.0,0.0,0.0,0.0,0.0,0.0,0.0,0.0938757264193116,3.0308448815377744,14.32275368797497,10.943227536879752,1.609298167188199,0.394,0.0086,0.0,0.0,0.0,0.0,0.0,0.0,0.0,0.0,0.0,0.0,0.0,22.934460887949225,7.065539112050741,0.0,0.0,0.0,0.0,0.0,0.0,0.0,0.0,0.0,0.0,0.0,0.0,0.0,0.0,0.0,0.0,0.0,0.3938,0.00886,0.0,0.0,0.0,0.0,0.0,0.0,0.0,0.0,0.0,0.0,0.05364327223960663,22.55699597675455,7.389360751005813,0.0,0.0,0.0,0.0,0.0,0.0,0.0,0.0,0.0,0.0,0.0,0.0,0.0,0.0,0.0,0.0,0.0
12100,4356,2278,0.5229568411386594,1042,858,0.4361799816345271,1178,0.5408631772268135,0.43,2.9605389797882578,3.1378931674743966,6.532534246575342,2.3566365955207687,8382.964462809918,506.16563965777624,7853.0,8866.4,8866.399999999998,1.8189894035458565e-12,7853.0,0.0,28.06313131313131,21.0850938892367,33.096111719605695,19.31169977755923,0.14095500459136823,0.09963269054178145,0.09687786960514233,0.07966023875114785,0.0844811753902663,0.06887052341597796,0.0709366391184573,0.06634527089072544,0.05532598714416896,0.05234159779614325,0.04453627180899908,0.03879706152433425,0.029614325068870524,0.03535353535353535,0.019742883379247015,0.011937557392102846,0.004591368227731864,0.9286023124135668,0.02335762124622908,0.0,0.0,0.0,0.0,0.0,0.0,0.0,0.0,0.0,0.0,0.0,0.0,0.0,0.0,0.0,0.0,0.0,0.0,0.0,0.0,0.0,0.0,0.0,0.0,0.0,0.10330578512396697,3.2575757575757582,14.13223140495868,10.929752066115704,1.5771349862258957,4.261073100468131,2.9032981383247947,nan,nan,nan,4.204240282685513,2.929076188895759,4.320117474302497,2.875082681720375,1.027561981196509,0.3933,0.0088,0.0,0.0,0.0,0.0,0.0,0.0,0.0,0.0,0.0,0.0,0.020661157024793392,23.092286501377377,6.887052341597798,0.0,0.0,0.0,0.0,0.0,0.0,0.0,0.0,0.0,0.0,0.0,0.0,0.0,0.0,0.0,0.0,0.0,nan,nan,4.261073100468131,2.9032981383247947,nan,0.3933,0.04022,0.0,0.0,0.0,0.0,0.0,0.0,0.0,0.0,0.0,0.0,0.0,0.0,0.0,0.0,0.0,0.0,0.0,0.0,0.0,0.0,0.0,0.0,0.0,0.0,0.0,0.0,0.0004017447199265381,0.0008953168044077135,0.0004591368227731864,0.0024793388429752068,0.008207070707070708,0.008023415977961433,0.021395775941230488,0.05674931129476584,0.0296831955922865,0.053960055096418734,0.08124426078971533,0.09498393021120294,0.08356290174471992,0.08335629017447199,0.06044536271808999,0.0664485766758494,0.12215335169880624,0.08398760330578513,0.042458677685950415,0.049403122130394855,0.02508034894398531,0.004258494031221304,0.01697658402203857,0.00041322314049586776,0.0012052341597796144,0.0005280073461891644,0.0011019283746556473,0.0,0.0001377410468319559,0.0,0.0,0.0,0.0,0.0,0.0,0.0,0.0,0.0,0.0,0.0,0.0,0.0,0.0,0.0,0.0,0.0,0.0,0.0,0.0,0.0,0.0,0.0,0.0,0.0,0.0,0.0,0.0,0.0,0.0,0.0,0.0,0.0,0.0,0.0,0.0,0.0,0.0,0.0,0.0,0.0,0.0,0.0,0.0,0.0,0.0,nan,nan,4.261073100468131,2.9032981383247947,nan,0.9283590809465815,0.023264460207093995,0.0,0.0,0.0,0.0,0.0,0.0,0.0,0.0,0.0,0.0,0.0,0.0,0.0,0.0,0.0,0.0,0.0,0.0,0.0,0.0,0.0,0.0,0.0,0.0,0.0,0.13169446883230906,3.239683933274803,14.236172080772612,10.89113257243196,1.5013169446883234,0.9288689540313688,0.02345642580032906,0.0,0.0,0.0,0.0,0.0,0.0,0.0,0.0,0.0,0.0,0.0,0.0,0.0,0.0,0.0,0.0,0.0,0.0,0.0,0.0,0.0,0.0,0.0,0.0,0.0,0.07218479307025988,3.2771896053897986,14.018286814244469,10.972088546679501,1.6602502406159774,0.3933,0.00883,0.0,0.0,0.0,0.0,0.0,0.0,0.0,0.0,0.0,0.0,0.026338893766461816,23.37576821773482,6.597892888498684,0.0,0.0,0.0,0.0,0.0,0.0,0.0,0.0,0.0,0.0,0.0,0.0,0.0,0.0,0.0,0.0,0.0,0.3936,0.00875,0.0,0.0,0.0,0.0,0.0,0.0,0.0,0.0,0.0,0.0,0.014436958614051976,22.78152069297398,7.204042348411936,0.0,0.0,0.0,0.0,0.0,0.0,0.0,0.0,0.0,0.0,0.0,0.0,0.0,0.0,0.0,0.0,0.0
12200,4498,2363,0.5253445975989328,1103,866,0.43775011116051576,1219,0.5420186749666518,0.426,3.073536299765808,3.2261704156460884,6.81311475409836,2.1866566597175776,8385.38421520676,506.04862522213494,7853.0,8866.4,8866.399999999998,1.8189894035458565e-12,7853.0,0.0,28.385282347710092,21.150140333464922,33.291436100131754,19.38102566709592,0.13917296576256113,0.09448643841707426,0.10071142730102267,0.0855935971542908,0.07469986660738105,0.07003112494441974,0.06558470431302801,0.06358381502890173,0.06202756780791463,0.05091151622943531,0.05157847932414406,0.04090706980880391,0.03801689639839929,0.025566918630502446,0.02023121387283237,0.009559804357492218,0.007336594041796354,0.9283477002750666,0.02317652305791762,0.0,0.0,0.0,0.0,0.0,0.0,0.0,0.0,0.0,0.0,0.0,0.0,0.0,0.0,0.0,0.0,0.0,0.0,0.0,0.0,0.0,0.0,0.0,0.0,0.0,0.09337483325922635,3.2281013783903965,14.333036905291245,10.864828812805692,1.4806580702534464,4.348380427291523,3.0160829744252062,nan,nan,nan,4.324949014276003,3.0072057548816167,4.37246680642907,3.0249920089496363,1.010986902272424,0.3933,0.00882,0.0,0.0,0.0,0.0,0.0,0.0,0.0,0.0,0.0,0.0,0.06002667852378836,23.28368163628276,6.656291685193421,0.0,0.0,0.0,0.0,0.0,0.0,0.0,0.0,0.0,0.0,0.0,0.0,0.0,0.0,0.0,0.0,0.0,nan,nan,4.348380427291523,3.0160829744252062,nan,0.3933,0.04034,0.0,0.0,0.0,0.0,0.0,0.0,0.0,0.0,0.0,0.0,0.0,0.0,0.0,0.0,0.0,0.0,0.0,0.0,0.0,0.0,0.0,0.0,0.0,0.0,0.0,4.44642063139173e-05,0.0005446865273454869,0.001267229879946643,0.0001889728768341485,0.0025455758114717652,0.008926189417518897,0.00838150289017341,0.02026456202756781,0.057192085371276125,0.030746998666073812,0.0550022232103157,0.07874610938194754,0.09208537127612272,0.08472654513116941,0.08400400177856825,0.06056024899955536,0.06560693641618497,0.12557803468208092,0.08288128056914185,0.04014006224988884,0.050455758114717655,0.025233437083148066,0.00493552690084482,0.01724099599822143,0.00024455313472654513,0.001133837261004891,0.000411293908403735,0.0008448199199644287,0.0,6.669630947087594e-05,0.0,0.0,0.0,0.0,0.0,0.0,0.0,0.0,0.0,0.0,0.0,0.0,0.0,0.0,0.0,0.0,0.0,0.0,0.0,0.0,0.0,0.0,0.0,0.0,0.0,0.0,0.0,0.0,0.0,0.0,0.0,0.0,0.0,0.0,0.0,0.0,0.0,0.0,0.0,0.0,0.0,0.0,0.0,0.0,0.0,0.0,nan,nan,4.348380427291523,3.0160829744252062,nan,0.9282024874305805,0.022973651871319667,0.0,0.0,0.0,0.0,0.0,0.0,0.0,0.0,0.0,0.0,0.0,0.0,0.0,0.0,0.0,0.0,0.0,0.0,0.0,0.0,0.0,0.0,0.0,0.0,0.0,0.07617435463393991,3.1739314430808303,14.435040203131615,10.867541261108762,1.4473127380448587,0.928508420627067,0.023397957870934884,0.0,0.0,0.0,0.0,0.0,0.0,0.0,0.0,0.0,0.0,0.0,0.0,0.0,0.0,0.0,0.0,0.0,0.0,0.0,0.0,0.0,0.0,0.0,0.0,0.0,0.1124121779859485,3.288056206088994,14.220140515222486,10.861826697892273,1.5175644028103048,0.3933,0.00908,0.0,0.0,0.0,0.0,0.0,0.0,0.0,0.0,0.0,0.0,0.07617435463393991,23.08082945408376,6.842996191282269,0.0,0.0,0.0,0.0,0.0,0.0,0.0,0.0,0.0,0.0,0.0,0.0,0.0,0.0,0.0,0.0,0.0,0.3933,0.00853,0.0,0.0,0.0,0.0,0.0,0.0,0.0,0.0,0.0,0.0,0.042154566744730684,23.508196721311442,6.449648711943795,0.0,0.0,0.0,0.0,0.0,0.0,0.0,0.0,0.0,0.0,0.0,0.0,0.0,0.0,0.0,0.0,0.0
12300,4645,2397,0.5160387513455328,1122,937,0.4432723358449946,1305,0.5618945102260495,0.40599999999999997,2.8945729537366547,3.054080593171828,6.564668769716088,2.1134422489147546,8375.953670613562,506.4392443241199,7853.0,8866.4,8866.4,0.0,7853.0,0.0,27.778902045209904,20.940244741098425,32.83316168898043,19.18050665182801,0.1448869752421959,0.10204520990312163,0.08805166846071044,0.0861141011840689,0.08675995694294941,0.0736275565123789,0.06759956942949408,0.060279870828848225,0.05683530678148547,0.05016146393972013,0.04930032292787944,0.04133476856835307,0.02992465016146394,0.02691065662002153,0.018729817007534982,0.010333692142088267,0.007104413347685684,0.9284347286650387,0.023229609368166714,0.0,0.0,0.0,0.0,0.0,0.0,0.0,0.0,0.0,0.0,0.0,0.0,0.0,0.0,0.0,0.0,0.0,0.0,0.0,0.0,0.0,0.0,0.0,0.0,0.0,0.10333692142088269,3.1646932185145324,14.215285252960175,10.966630785791176,1.5500538213132404,4.237327962403491,2.8649359591230033,nan,nan,nan,4.194630872483222,2.9053938552886254,4.280913978494624,2.823977828798685,1.0205698924731184,0.3936,0.00849,0.0,0.0,0.0,0.0,0.0,0.0,0.0,0.0,0.0,0.0,0.019375672766415504,23.250807319698566,6.729817007534986,0.0,0.0,0.0,0.0,0.0,0.0,0.0,0.0,0.0,0.0,0.0,0.0,0.0,0.0,0.0,0.0,0.0,nan,nan,4.237327962403491,2.8649359591230033,nan,0.3936,0.04034,0.0,0.0,0.0,0.0,0.0,0.0,0.0,0.0,0.0,0.0,0.0,0.0,0.0,0.0,0.0,0.0,0.0,0.0,0.0,0.0,0.0,0.0,0.0,0.0,0.0,0.0,0.0003767491926803014,0.0012809472551130248,0.00016146393972012917,0.002303552206673843,0.00852529601722282,0.008579117330462863,0.01868675995694295,0.0596232508073197,0.030226049515608183,0.052508073196986006,0.08185145317545749,0.0901291711517761,0.08368137782561895,0.08410118406889128,0.06166846071044133,0.06497308934337997,0.12680301399354144,0.0831216361679225,0.042120559741657695,0.04945102260495156,0.02479009687836383,0.004564047362755651,0.01659849300322928,0.00016146393972012917,0.0010871905274488698,0.0009903121636167923,0.0015285252960172229,0.0,7.534983853606028e-05,1.0764262648008611e-05,2.1528525296017223e-05,0.0,0.0,0.0,0.0,0.0,0.0,0.0,0.0,0.0,0.0,0.0,0.0,0.0,0.0,0.0,0.0,0.0,0.0,0.0,0.0,0.0,0.0,0.0,0.0,0.0,0.0,0.0,0.0,0.0,0.0,0.0,0.0,0.0,0.0,0.0,0.0,0.0,0.0,0.0,0.0,0.0,0.0,0.0,0.0,nan,nan,4.237327962403491,2.8649359591230033,nan,0.9289633679200969,0.02279917835310973,0.0,0.0,0.0,0.0,0.0,0.0,0.0,0.0,0.0,0.0,0.0,0.0,0.0,0.0,0.0,0.0,0.0,0.0,0.0,0.0,0.0,0.0,0.0,0.0,0.0,0.1126408010012516,2.9662077596996252,14.00500625782228,11.389236545682106,1.526908635794744,0.9278710505981462,0.02366694805548389,0.0,0.0,0.0,0.0,0.0,0.0,0.0,0.0,0.0,0.0,0.0,0.0,0.0,0.0,0.0,0.0,0.0,0.0,0.0,0.0,0.0,0.0,0.0,0.0,0.0,0.09341637010676158,3.3763345195729544,14.439501779359434,10.516014234875447,1.5747330960854096,0.3938,0.00844,0.0,0.0,0.0,0.0,0.0,0.0,0.0,0.0,0.0,0.0,0.0,23.304130162703345,6.695869837296622,0.0,0.0,0.0,0.0,0.0,0.0,0.0,0.0,0.0,0.0,0.0,0.0,0.0,0.0,0.0,0.0,0.0,0.3936,0.008545,0.0,0.0,0.0,0.0,0.0,0.0,0.0,0.0,0.0,0.0,0.0400355871886121,23.19395017793591,6.766014234875446,0.0,0.0,0.0,0.0,0.0,0.0,0.0,0.0,0.0,0.0,0.0,0.0,0.0,0.0,0.0,0.0,0.0
12400,4360,2283,0.5236238532110091,1071,838,0.4378440366972477,1179,0.5408256880733945,0.434,3.0,3.1624299086776593,6.557755775577558,2.28262144036728,8383.640412844037,506.1341192143214,7853.0,8866.4,8866.399999999998,1.8189894035458565e-12,7853.0,0.0,28.39059633027523,21.165153410983,33.32516339869281,19.41634586190394,0.1371559633027523,0.09701834862385321,0.10206422018348624,0.08371559633027523,0.07362385321100917,0.07362385321100917,0.06697247706422019,0.06169724770642202,0.056651376146788994,0.05481651376146789,0.04839449541284404,0.04518348623853211,0.034403669724770644,0.025917431192660552,0.0194954128440367,0.012385321100917432,0.006880733944954129,0.9288474174404363,0.023136769250312994,0.0,0.0,0.0,0.0,0.0,0.0,0.0,0.0,0.0,0.0,0.0,0.0,0.0,0.0,0.0,0.0,0.0,0.0,0.0,0.0,0.0,0.0,0.0,0.0,0.0,0.10321100917431195,2.951834862385322,14.305045871559637,11.057339449541287,1.58256880733945,4.214641080312722,2.928814085951499,nan,nan,nan,4.290530846484936,2.899974645806843,4.140140845070422,2.954956682296235,0.9649483929155941,0.3936,0.0084,0.0,0.0,0.0,0.0,0.0,0.0,0.0,0.0,0.0,0.0,0.02064220183486239,23.27064220183483,6.7087155963302765,0.0,0.0,0.0,0.0,0.0,0.0,0.0,0.0,0.0,0.0,0.0,0.0,0.0,0.0,0.0,0.0,0.0,nan,nan,4.214641080312722,2.928814085951499,nan,0.3936,0.04037,0.0,0.0,0.0,0.0,0.0,0.0,0.0,0.0,0.0,0.0,0.0,0.0,0.0,0.0,0.0,0.0,0.0,0.0,0.0,0.0,0.0,0.0,0.0,0.0,0.0,0.0,0.0003096330275229358,0.0014449541284403669,0.00016055045871559632,0.003348623853211009,0.007729357798165137,0.007626146788990826,0.018681192660550457,0.061238532110091747,0.033486238532110094,0.050045871559633026,0.08131880733944954,0.08923165137614679,0.0821559633027523,0.08211009174311927,0.062029816513761465,0.06488532110091744,0.13075688073394495,0.08342889908256881,0.04204128440366973,0.048795871559633025,0.02368119266055046,0.004690366972477064,0.01754587155963303,0.00017201834862385322,0.0010206422018348624,0.0008486238532110092,0.0011238532110091743,2.293577981651376e-05,6.880733944954129e-05,0.0,0.0,0.0,0.0,0.0,0.0,0.0,0.0,0.0,0.0,0.0,0.0,0.0,0.0,0.0,0.0,0.0,0.0,0.0,0.0,0.0,0.0,0.0,0.0,0.0,0.0,0.0,0.0,0.0,0.0,0.0,0.0,0.0,0.0,0.0,0.0,0.0,0.0,0.0,0.0,0.0,0.0,0.0,0.0,0.0,0.0,nan,nan,4.214641080312722,2.928814085951499,nan,0.9292093972547818,0.022708183373487664,0.0,0.0,0.0,0.0,0.0,0.0,0.0,0.0,0.0,0.0,0.0,0.0,0.0,0.0,0.0,0.0,0.0,0.0,0.0,0.0,0.0,0.0,0.0,0.0,0.0,0.09198423127463866,2.890932982917215,14.139290407358741,11.406044678055194,1.4717477003942185,0.9284495359208644,0.023592478115605043,0.0,0.0,0.0,0.0,0.0,0.0,0.0,0.0,0.0,0.0,0.0,0.0,0.0,0.0,0.0,0.0,0.0,0.0,0.0,0.0,0.0,0.0,0.0,0.0,0.0,0.11555127587867119,3.018777082330285,14.4872412132884,10.67404910929225,1.7043813192104,0.3938,0.008415,0.0,0.0,0.0,0.0,0.0,0.0,0.0,0.0,0.0,0.0,0.013140604467805522,23.12746386333768,6.859395532194482,0.0,0.0,0.0,0.0,0.0,0.0,0.0,0.0,0.0,0.0,0.0,0.0,0.0,0.0,0.0,0.0,0.0,0.3933,0.008385,0.0,0.0,0.0,0.0,0.0,0.0,0.0,0.0,0.0,0.0,0.028887818969667797,23.428021184400542,6.543090996629756,0.0,0.0,0.0,0.0,0.0,0.0,0.0,0.0,0.0,0.0,0.0,0.0,0.0,0.0,0.0,0.0,0.0
12500,4637,2413,0.5203795557472504,1188,932,0.4571921500970455,1280,0.5520810869096399,0.41,3.0719424460431655,3.1862514629540386,6.804724409448819,2.1428459355673257,8380.352641794265,506.27893338249584,7853.0,8866.4,8866.399999999998,1.8189894035458565e-12,7853.0,0.0,28.475307310761266,20.925370449860505,33.153299492385784,19.213609595333146,0.12896269139529867,0.10286823377183524,0.08992883329739056,0.08324347638559414,0.08324347638559414,0.07742074617209403,0.07289195600603839,0.06405003234850119,0.05952124218244555,0.051541945223204655,0.04464093163683416,0.040543454819926675,0.03558335130472288,0.028897994392926462,0.018115160664222557,0.01229243045072245,0.006254043562648264,0.9301734253304617,0.023291328444138126,0.0,0.0,0.0,0.0,0.0,0.0,0.0,0.0,0.0,0.0,0.0,0.0,0.0,0.0,0.0,0.0,0.0,0.0,0.0,0.0,0.0,0.0,0.0,0.0,0.0064697002372223434,0.08410610308389047,2.8854863058011655,13.476385594134141,11.833081733879666,1.714470562863921,4.228777450016388,2.9635783943301934,nan,nan,nan,4.226353555120679,2.968024343537487,4.2312252964426875,2.9590797185271236,1.0011527055790461,0.3933,0.00846,0.0,0.0,0.0,0.0,0.0,0.0,0.0,0.0,0.0,0.0,0.0064697002372223434,23.588527064912626,6.4050032348501205,0.0,0.0,0.0,0.0,0.0,0.0,0.0,0.0,0.0,0.0,0.0,0.0,0.0,0.0,0.0,0.0,0.0,nan,nan,4.228777450016388,2.9635783943301934,nan,0.3933,0.0406,0.0,0.0,0.0,0.0,0.0,0.0,0.0,0.0,0.0,0.0,0.0,0.0,0.0,0.0,0.0,0.0,0.0,0.0,0.0,0.0,0.0,0.0,0.0,0.0,0.0,1.0782833728703903e-05,0.00012939400474444685,0.0018546474013370713,0.00012939400474444685,0.0035906836316584,0.007806771619581626,0.008173387966357559,0.018913090360146646,0.06321975415139099,0.033523830062540436,0.05124002587880095,0.07977140392495148,0.08931421177485444,0.08065559629070519,0.07903817123139961,0.05885270649126591,0.06965710588742721,0.1351304722881173,0.08320034505067932,0.0403170153116239,0.046916109553590685,0.022298900150959672,0.005003234850118611,0.017759327151175328,0.0003450506793185249,0.0009596722018546474,0.000668535691179642,0.0011753288764287254,0.0,0.0003450506793185249,0.0,0.0,0.0,0.0,0.0,0.0,0.0,0.0,0.0,0.0,0.0,0.0,0.0,0.0,0.0,0.0,0.0,0.0,0.0,0.0,0.0,0.0,0.0,0.0,0.0,0.0,0.0,0.0,0.0,0.0,0.0,0.0,0.0,0.0,0.0,0.0,0.0,0.0,0.0,0.0,0.0,0.0,0.0,0.0,0.0,0.0,nan,nan,4.228777450016388,2.9635783943301934,nan,0.9295126939778302,0.02291485755653762,0.0,0.0,0.0,0.0,0.0,0.0,0.0,0.0,0.0,0.0,0.0,0.0,0.0,0.0,0.0,0.0,0.0,0.0,0.0,0.0,0.0,0.0,0.0,0.0,0.0,0.08702859510982182,3.1205967675093254,13.315375051802738,11.97264815582263,1.5043514297554914,0.9308903069644094,0.02367217703049782,0.0,0.0,0.0,0.0,0.0,0.0,0.0,0.0,0.0,0.0,0.0,0.0,0.0,0.0,0.0,0.0,0.0,0.0,0.0,0.0,0.0,0.0,0.0,0.0,0.013489208633093528,0.08093525179856116,2.6303956834532376,13.651079136690651,11.681654676258995,1.942446043165468,0.3933,0.00842,0.0,0.0,0.0,0.0,0.0,0.0,0.0,0.0,0.0,0.0,0.012432656444260259,23.684210526315756,6.303356817239952,0.0,0.0,0.0,0.0,0.0,0.0,0.0,0.0,0.0,0.0,0.0,0.0,0.0,0.0,0.0,0.0,0.0,0.3933,0.008514,0.0,0.0,0.0,0.0,0.0,0.0,0.0,0.0,0.0,0.0,0.0,23.484712230215795,6.515287769784174,0.0,0.0,0.0,0.0,0.0,0.0,0.0,0.0,0.0,0.0,0.0,0.0,0.0,0.0,0.0,0.0,0.0
12600,4464,2266,0.5076164874551972,1075,888,0.4397401433691756,1242,0.5564516129032258,0.422,3.0059144676979073,3.206065332924589,6.821371610845295,2.2299947505730167,8367.418548387099,506.6412083622846,7853.0,8866.4,8866.4,0.0,7853.0,0.0,27.912858422939067,21.13058425442517,33.054496644295305,19.359696161998205,0.14717741935483872,0.09744623655913978,0.09184587813620072,0.08445340501792115,0.0871415770609319,0.07168458781362007,0.06630824372759857,0.06137992831541219,0.05353942652329749,0.05510752688172043,0.04278673835125448,0.044802867383512544,0.030913978494623656,0.029121863799283155,0.017025089605734768,0.011200716845878136,0.008064516129032258,0.9303348577284257,0.02329203408632569,0.0,0.0,0.0,0.0,0.0,0.0,0.0,0.0,0.0,0.0,0.0,0.0,0.0,0.0,0.0,0.0,0.0,0.0,0.0,0.0,0.0,0.0,0.0,0.0,0.0,0.047043010752688186,3.017473118279571,13.299731182795702,11.888440860215058,1.7473118279569897,4.414081561519693,2.9766180186881583,nan,nan,nan,4.389901823281908,3.0115735830594956,4.437976437976438,2.941470972804647,1.0109511821971886,0.3936,0.008484,0.0,0.0,0.0,0.0,0.0,0.0,0.0,0.0,0.0,0.0,0.03360215053763441,23.212365591397816,6.754032258064518,0.0,0.0,0.0,0.0,0.0,0.0,0.0,0.0,0.0,0.0,0.0,0.0,0.0,0.0,0.0,0.0,0.0,nan,nan,4.414081561519693,2.9766180186881583,nan,0.3936,0.04053,0.0,0.0,0.0,0.0,0.0,0.0,0.0,0.0,0.0,0.0,0.0,0.0,0.0,0.0,0.0,0.0,0.0,0.0,0.0,0.0,0.0,0.0,0.0,0.0,0.0,0.0,0.00014560931899641578,0.00132168458781362,0.00020161290322580645,0.00330421146953405,0.007493279569892473,0.010058243727598566,0.018346774193548385,0.06191756272401434,0.03503584229390681,0.050873655913978494,0.0797155017921147,0.08715277777777777,0.0763888888888889,0.08010752688172043,0.058635752688172046,0.07063172043010753,0.13989695340501793,0.08174283154121864,0.041554659498207885,0.048353494623655915,0.02122535842293907,0.004581093189964158,0.0181339605734767,0.0004256272401433692,0.0007168458781362007,0.0005488351254480287,0.0012656810035842293,0.0,0.00022401433691756272,0.0,0.0,0.0,0.0,0.0,0.0,0.0,0.0,0.0,0.0,0.0,0.0,0.0,0.0,0.0,0.0,0.0,0.0,0.0,0.0,0.0,0.0,0.0,0.0,0.0,0.0,0.0,0.0,0.0,0.0,0.0,0.0,0.0,0.0,0.0,0.0,0.0,0.0,0.0,0.0,0.0,0.0,0.0,0.0,0.0,0.0,nan,nan,4.414081561519693,2.9766180186881583,nan,0.9299524194722878,0.022891652444404553,0.0,0.0,0.0,0.0,0.0,0.0,0.0,0.0,0.0,0.0,0.0,0.0,0.0,0.0,0.0,0.0,0.0,0.0,0.0,0.0,0.0,0.0,0.0,0.0,0.0,0.026478375992939104,3.0052956751985884,13.583406884377762,11.782877316857903,1.601941747572816,0.9307291275593669,0.023691259626945932,0.0,0.0,0.0,0.0,0.0,0.0,0.0,0.0,0.0,0.0,0.0,0.0,0.0,0.0,0.0,0.0,0.0,0.0,0.0,0.0,0.0,0.0,0.0,0.0,0.0,0.06824385805277526,3.030027297543222,13.007279344858967,11.997270245677893,1.8971792538671524,0.3933,0.0085,0.0,0.0,0.0,0.0,0.0,0.0,0.0,0.0,0.0,0.0,0.05295675198587821,23.327449249779313,6.619593998234777,0.0,0.0,0.0,0.0,0.0,0.0,0.0,0.0,0.0,0.0,0.0,0.0,0.0,0.0,0.0,0.0,0.0,0.3938,0.00847,0.0,0.0,0.0,0.0,0.0,0.0,0.0,0.0,0.0,0.0,0.013648771610555053,23.093721565059113,6.892629663330302,0.0,0.0,0.0,0.0,0.0,0.0,0.0,0.0,0.0,0.0,0.0,0.0,0.0,0.0,0.0,0.0,0.0
12700,4652,2449,0.5264402407566638,1168,935,0.45206362854686155,1295,0.556749785038693,0.414,3.029505220154335,3.118122548178747,6.619582664526485,2.230260690408056,8386.494539982803,505.99104994763474,7853.0,8866.4,8866.399999999998,1.8189894035458565e-12,7853.0,0.0,28.528804815133277,21.009912188760897,33.377320111873885,19.220838822563504,0.13521066208082544,0.09931212381771282,0.09114359415305245,0.08168529664660361,0.07781599312123817,0.07265692175408427,0.07459157351676698,0.06599312123817713,0.05717970765262253,0.057394668959587274,0.04729148753224419,0.03998280309544282,0.03310404127257094,0.029664660361134996,0.017841788478073946,0.012682717110920035,0.006448839208942391,0.9315174360753951,0.022729115372588038,0.0,0.0,0.0,0.0,0.0,0.0,0.0,0.0,0.0,0.0,0.0,0.0,0.0,0.0,0.0,0.0,0.0,0.0,0.0,0.0,0.0,0.0,0.0,0.0,0.0,0.07093723129836631,2.521496130696475,13.15563198624248,12.53654342218401,1.7153912295786762,4.248439040420638,2.8871979421396845,nan,nan,nan,4.289595758780649,2.9211468935845235,4.207953063885268,2.8528289412108183,0.9809672753596276,0.3938,0.00848,0.0,0.0,0.0,0.0,0.0,0.0,0.0,0.0,0.0,0.0,0.03224419604471196,23.093293207222665,6.87446259673259,0.0,0.0,0.0,0.0,0.0,0.0,0.0,0.0,0.0,0.0,0.0,0.0,0.0,0.0,0.0,0.0,0.0,nan,nan,4.248439040420638,2.8871979421396845,nan,0.3938,0.04065,0.0,0.0,0.0,0.0,0.0,0.0,0.0,0.0,0.0,0.0,0.0,0.0,0.0,0.0,0.0,0.0,0.0,0.0,0.0,0.0,0.0,0.0,0.0,0.0,0.0,0.0,0.00015047291487532244,0.001150042992261393,0.0002579535683576956,0.0027300085984522785,0.008007308684436802,0.010350386930352536,0.018142734307824593,0.06496130696474635,0.034125107480653484,0.048344797936371454,0.08142734307824591,0.08428632846087704,0.07477429062768702,0.08022355975924333,0.0594475494411006,0.07046431642304385,0.14519561478933793,0.07523645743766122,0.04242261392949269,0.04990326741186586,0.022581685296646604,0.004374462596732588,0.018142734307824593,0.000677128116938951,0.00048366294067067925,0.0006556319862424763,0.0008598452278589854,1.0748065348237317e-05,0.0006126397248495271,0.0,0.0,0.0,0.0,0.0,0.0,0.0,0.0,0.0,0.0,0.0,0.0,0.0,0.0,0.0,0.0,0.0,0.0,0.0,0.0,0.0,0.0,0.0,0.0,0.0,0.0,0.0,0.0,0.0,0.0,0.0,0.0,0.0,0.0,0.0,0.0,0.0,0.0,0.0,0.0,0.0,0.0,0.0,0.0,0.0,0.0,nan,nan,4.248439040420638,2.8871979421396845,nan,0.9320675230551954,0.02243378195257745,0.0,0.0,0.0,0.0,0.0,0.0,0.0,0.0,0.0,0.0,0.0,0.0,0.0,0.0,0.0,0.0,0.0,0.0,0.0,0.0,0.0,0.0,0.0,0.0,0.0,0.06124948958758678,2.4867292772560234,12.727643936300534,13.07064107799102,1.6537362188648432,0.9309059231323488,0.023037575342831323,0.0,0.0,0.0,0.0,0.0,0.0,0.0,0.0,0.0,0.0,0.0,0.0,0.0,0.0,0.0,0.0,0.0,0.0,0.0,0.0,0.0,0.0,0.0,0.0,0.0,0.08170676350431232,2.5601452564684526,13.631411711302773,11.942805265546985,1.7839310031774858,0.3936,0.00847,0.0,0.0,0.0,0.0,0.0,0.0,0.0,0.0,0.0,0.0,0.024499795835034713,23.360555328705562,6.614944875459373,0.0,0.0,0.0,0.0,0.0,0.0,0.0,0.0,0.0,0.0,0.0,0.0,0.0,0.0,0.0,0.0,0.0,0.394,0.00849,0.0,0.0,0.0,0.0,0.0,0.0,0.0,0.0,0.0,0.0,0.04085338175215616,22.796187017703097,7.162959600544713,0.0,0.0,0.0,0.0,0.0,0.0,0.0,0.0,0.0,0.0,0.0,0.0,0.0,0.0,0.0,0.0,0.0
12800,4778,2498,0.5228128924236082,1196,969,0.4531184596065299,1312,0.5491837588949351,0.414,3.007017543859649,3.1331481645056054,6.668246445497631,2.1930277833844003,8382.818585182085,506.17232344249965,7853.0,8866.4,8866.4,0.0,7853.0,0.0,27.842193386354122,20.912117601555103,32.84382808595702,19.169053754098478,0.14043532858936794,0.10046044370029301,0.0950188363331938,0.08748430305567183,0.0768103809125157,0.0730431142737547,0.07115948095437422,0.06969443281707828,0.057346169945583926,0.05295102553369611,0.04625366262034324,0.03557974047718711,0.029510255336961073,0.025742988698200082,0.01946421096693177,0.010464629552113856,0.00858099623273336,0.9318358721769021,0.022965993898693495,0.0,0.0,0.0,0.0,0.0,0.0,0.0,0.0,0.0,0.0,0.0,0.0,0.0,0.0,0.0,0.0,0.0,0.0,0.0,0.0,0.0,0.0,0.0,0.0,0.0,0.01883633319380494,2.480117203850984,13.348681456676436,12.07408957722897,2.078275429049812,4.225429776192021,2.89441879666125,nan,nan,nan,4.28821243523316,2.865140840826647,4.162443144899285,2.9221420856838467,0.9706709282169607,0.3938,0.00851,0.0,0.0,0.0,0.0,0.0,0.0,0.0,0.0,0.0,0.0,0.025115110925073257,22.829635830891554,7.145249058183341,0.0,0.0,0.0,0.0,0.0,0.0,0.0,0.0,0.0,0.0,0.0,0.0,0.0,0.0,0.0,0.0,0.0,nan,nan,4.225429776192021,2.89441879666125,nan,0.3938,0.04053,0.0,0.0,0.0,0.0,0.0,0.0,0.0,0.0,0.0,0.0,0.0,0.0,0.0,0.0,0.0,0.0,0.0,0.0,0.0,0.0,0.0,0.0,0.0,0.0,0.0,0.0,5.2323147760569277e-05,0.0011929677689409795,0.00038719129342821266,0.002888237756383424,0.008539137714524905,0.010527417329426539,0.018197990791125995,0.06233779824194224,0.03177061532021767,0.05070113017999163,0.08121598995395563,0.08577856843867727,0.07466513185433235,0.08433444956048555,0.05676015069066555,0.06923398911678527,0.14370029300962747,0.07759522812892423,0.04341774801172039,0.047488488907492674,0.023786102971954794,0.004259104227710339,0.017957304311427374,0.0009313520301381331,0.000502302218501465,0.0005755546253662621,0.0006069485140226036,0.0,0.0005964838844704898,0.0,0.0,0.0,0.0,0.0,0.0,0.0,0.0,0.0,0.0,0.0,0.0,0.0,0.0,0.0,0.0,0.0,0.0,0.0,0.0,0.0,0.0,0.0,0.0,0.0,0.0,0.0,0.0,0.0,0.0,0.0,0.0,0.0,0.0,0.0,0.0,0.0,0.0,0.0,0.0,0.0,0.0,0.0,0.0,0.0,0.0,nan,nan,4.225429776192021,2.89441879666125,nan,0.9318565827212016,0.02285648967560196,0.0,0.0,0.0,0.0,0.0,0.0,0.0,0.0,0.0,0.0,0.0,0.0,0.0,0.0,0.0,0.0,0.0,0.0,0.0,0.0,0.0,0.0,0.0,0.0,0.0,0.012009607686148923,2.5700560448358694,13.102481985588474,12.297838270616497,2.017614091273019,0.9318131814138931,0.023085350641845703,0.0,0.0,0.0,0.0,0.0,0.0,0.0,0.0,0.0,0.0,0.0,0.0,0.0,0.0,0.0,0.0,0.0,0.0,0.0,0.0,0.0,0.0,0.0,0.0,0.0,0.026315789473684216,2.3815789473684212,13.618421052631582,11.828947368421057,2.1447368421052637,0.3936,0.00868,0.0,0.0,0.0,0.0,0.0,0.0,0.0,0.0,0.0,0.0,0.024019215372297845,23.130504403522785,6.845476381104885,0.0,0.0,0.0,0.0,0.0,0.0,0.0,0.0,0.0,0.0,0.0,0.0,0.0,0.0,0.0,0.0,0.0,0.394,0.008316,0.0,0.0,0.0,0.0,0.0,0.0,0.0,0.0,0.0,0.0,0.026315789473684216,22.499999999999968,7.473684210526318,0.0,0.0,0.0,0.0,0.0,0.0,0.0,0.0,0.0,0.0,0.0,0.0,0.0,0.0,0.0,0.0,0.0
12900,5006,2509,0.5011985617259289,1185,1056,0.4476628046344387,1472,0.588094286855773,0.40199999999999997,2.9803764517420905,3.076910175798127,6.491689750692521,2.127660510985189,8360.914622453056,506.6985441979247,7853.0,8866.4,8866.4,0.0,7853.0,0.0,28.41590091889732,21.306554290885952,33.53255425709516,19.498407270402787,0.14262884538553736,0.09848182181382341,0.08509788254095085,0.08629644426687974,0.07790651218537754,0.07890531362365162,0.06951658010387535,0.0659208949260887,0.05393527766679984,0.0519376747902517,0.04314822213343987,0.041550139832201356,0.033359968038353977,0.027566919696364364,0.02217339192968438,0.014582500998801439,0.006991610067918498,0.9329831233226534,0.022837715055906826,0.0,0.0,0.0,0.0,0.0,0.0,0.0,0.0,0.0,0.0,0.0,0.0,0.0,0.0,0.0,0.0,0.0,0.0,0.0,0.0,0.0,0.0,0.0,0.0,0.0,0.07790651218537757,2.145425489412705,13.076308429884142,12.62684778266081,2.073511785856972,4.268031784841075,2.8431885814175555,nan,nan,nan,4.180708180708181,2.913748972717736,4.355569155446757,2.76788877569047,1.0418256829179011,0.394,0.00868,0.0,0.0,0.0,0.0,0.0,0.0,0.0,0.0,0.0,0.0,0.011985617259288857,22.778665601278433,7.209348781462246,0.0,0.0,0.0,0.0,0.0,0.0,0.0,0.0,0.0,0.0,0.0,0.0,0.0,0.0,0.0,0.0,0.0,nan,nan,4.268031784841075,2.8431885814175555,nan,0.394,0.0405,0.0,0.0,0.0,0.0,0.0,0.0,0.0,0.0,0.0,0.0,0.0,0.0,0.0,0.0,0.0,0.0,0.0,0.0,0.0,0.0,0.0,0.0,0.0,0.0,0.0,0.0,8.98921294446664e-05,0.001418298042349181,0.00039952057530962844,0.0026368357970435476,0.009059129045145825,0.010257690771074711,0.019157011586096683,0.0587095485417499,0.032550938873351976,0.04846184578505793,0.08540751098681582,0.08556731921693968,0.07358170195765082,0.08455852976428287,0.05747103475829005,0.06779864163004394,0.14252896524170994,0.0761286456252497,0.04770275669196963,0.04713343987215342,0.02499001198561726,0.003635637235317619,0.01756891729924091,0.0008489812225329604,0.0005093887335197762,0.0006392329204954055,0.0006492209348781462,0.0,0.0005393527766679984,0.0,0.0,0.0,0.0,0.0,0.0,0.0,0.0,0.0,0.0,0.0,0.0,0.0,0.0,0.0,0.0,0.0,0.0,0.0,0.0,0.0,0.0,0.0,0.0,0.0,0.0,0.0,0.0,0.0,0.0,0.0,0.0,0.0,0.0,0.0,0.0,0.0,0.0,0.0,0.0,0.0,0.0,0.0,0.0,0.0,0.0,nan,nan,4.268031784841075,2.8431885814175555,nan,0.932780585924721,0.022835770661476004,0.0,0.0,0.0,0.0,0.0,0.0,0.0,0.0,0.0,0.0,0.0,0.0,0.0,0.0,0.0,0.0,0.0,0.0,0.0,0.0,0.0,0.0,0.0,0.0,0.0,0.07174172977281787,2.1522518931845362,13.045037863690716,12.7102431247509,2.020725388601037,0.9331866340681129,0.02283785952914044,0.0,0.0,0.0,0.0,0.0,0.0,0.0,0.0,0.0,0.0,0.0,0.0,0.0,0.0,0.0,0.0,0.0,0.0,0.0,0.0,0.0,0.0,0.0,0.0,0.0,0.08410092110532641,2.1385662795354428,13.10772927513016,12.543051661994395,2.126551862234682,0.394,0.00868,0.0,0.0,0.0,0.0,0.0,0.0,0.0,0.0,0.0,0.0,0.023913909924272624,22.825827022718183,7.150259067357514,0.0,0.0,0.0,0.0,0.0,0.0,0.0,0.0,0.0,0.0,0.0,0.0,0.0,0.0,0.0,0.0,0.0,0.394,0.00869,0.0,0.0,0.0,0.0,0.0,0.0,0.0,0.0,0.0,0.0,0.0,22.731277533039616,7.268722466960354,0.0,0.0,0.0,0.0,0.0,0.0,0.0,0.0,0.0,0.0,0.0,0.0,0.0,0.0,0.0,0.0,0.0
13000,4809,2485,0.5167394468704513,1143,982,0.44187980869203575,1360,0.5656061551258058,0.41,2.881669535283993,3.0517946472418824,6.422118380062305,2.1812732852315104,8376.663755458516,506.41595650289645,7853.0,8866.4,8866.4,0.0,7853.0,0.0,28.175920149719275,21.056278111301275,33.29410301069918,19.24606816071831,0.1405697650239135,0.09461426491994178,0.09503015179871076,0.0892077354959451,0.08068205448118111,0.07111665626949469,0.07007693907257226,0.05967976710334789,0.05635267207319609,0.05572884175504263,0.045955500103971716,0.042628405073819924,0.036805988771054274,0.023289665211062592,0.018922852983988356,0.013516323559991682,0.005822416302765648,0.9337387720545505,0.023376828097020012,0.0,0.0,0.0,0.0,0.0,0.0,0.0,0.0,0.0,0.0,0.0,0.0,0.0,0.0,0.0,0.0,0.0,0.0,0.0,0.0,0.0,0.0,0.0,0.0,0.0,0.06862133499688086,2.0960698689956336,12.757330006238305,12.68247036805989,2.3955084217092955,4.185769478428847,2.863486127878846,nan,nan,nan,4.19701879455606,2.8412417627983455,4.172215108834827,2.8845335875577316,0.9940901656782176,0.3945,0.00859,0.0,0.0,0.0,0.0,0.0,0.0,0.0,0.0,0.0,0.0,0.01871490954460387,21.97130380536491,8.009981285090458,0.0,0.0,0.0,0.0,0.0,0.0,0.0,0.0,0.0,0.0,0.0,0.0,0.0,0.0,0.0,0.0,0.0,nan,nan,4.185769478428847,2.863486127878846,nan,0.3948,0.04047,0.0,0.0,0.0,0.0,0.0,0.0,0.0,0.0,0.0,0.0,0.0,0.0,0.0,0.0,0.0,0.0,0.0,0.0,0.0,0.0,0.0,0.0,0.0,0.0,0.0,0.0,5.198585984612185e-05,0.001289249324183822,0.0003950925348305261,0.0021418174256602205,0.0082761488875026,0.009866916198793927,0.01917238511124974,0.059128716988979,0.030702848825119568,0.04688084840923269,0.08128509045539613,0.08990434601788314,0.07170929507174048,0.08477854023705553,0.056882927843626536,0.06981700977334165,0.14339779579954254,0.07815554169265959,0.048419629860677896,0.04474942815554169,0.027438136826783116,0.003670201705136203,0.018049490538573507,0.0009669369931378665,0.0008733624454148472,0.0004782699105843211,0.0006342274901226866,0.0,0.0008837596173840715,0.0,0.0,0.0,0.0,0.0,0.0,0.0,0.0,0.0,0.0,0.0,0.0,0.0,0.0,0.0,0.0,0.0,0.0,0.0,0.0,0.0,0.0,0.0,0.0,0.0,0.0,0.0,0.0,0.0,0.0,0.0,0.0,0.0,0.0,0.0,0.0,0.0,0.0,0.0,0.0,0.0,0.0,0.0,0.0,0.0,0.0,nan,nan,4.185769478428847,2.863486127878846,nan,0.9340045005262977,0.023452071711633656,0.0,0.0,0.0,0.0,0.0,0.0,0.0,0.0,0.0,0.0,0.0,0.0,0.0,0.0,0.0,0.0,0.0,0.0,0.0,0.0,0.0,0.0,0.0,0.0,0.0,0.04828973843058351,2.160965794768612,12.591549295774652,12.784708249496985,2.4144869215291753,0.9334546346826521,0.023292749421585712,0.0,0.0,0.0,0.0,0.0,0.0,0.0,0.0,0.0,0.0,0.0,0.0,0.0,0.0,0.0,0.0,0.0,0.0,0.0,0.0,0.0,0.0,0.0,0.0,0.0,0.09036144578313256,2.0266781411359727,12.934595524956974,12.573149741824444,2.375215146299484,0.3945,0.00851,0.0,0.0,0.0,0.0,0.0,0.0,0.0,0.0,0.0,0.0,0.012072434607645878,22.23742454728367,7.750503018108653,0.0,0.0,0.0,0.0,0.0,0.0,0.0,0.0,0.0,0.0,0.0,0.0,0.0,0.0,0.0,0.0,0.0,0.3948,0.00868,0.0,0.0,0.0,0.0,0.0,0.0,0.0,0.0,0.0,0.0,0.025817555938037872,21.686746987951775,8.287435456110156,0.0,0.0,0.0,0.0,0.0,0.0,0.0,0.0,0.0,0.0,0.0,0.0,0.0,0.0,0.0,0.0,0.0
13100,4806,2471,0.5141489804411152,1174,964,0.44486059092800667,1320,0.5493133583021224,0.418,2.961027837259101,3.1260084305715696,6.642424242424243,2.14533041928211,8374.038576779025,506.4970831267953,7853.0,8866.4,8866.4,0.0,7853.0,0.0,28.141073657927592,21.011581294456022,33.03162836669138,19.292668426012565,0.1348314606741573,0.10445276737411568,0.0957136912193092,0.08364544319600499,0.07615480649188515,0.07719517270079068,0.0690803162713275,0.060965459841864335,0.059092800665834375,0.05222638368705784,0.04827299209321681,0.04431960049937578,0.03245942571785269,0.024760715771951727,0.01768622555139409,0.011652101539741989,0.00749063670411985,0.9333543688790579,0.023147137579402975,0.0,0.0,0.0,0.0,0.0,0.0,0.0,0.0,0.0,0.0,0.0,0.0,0.0,0.0,0.0,0.0,0.0,0.0,0.0,0.0,0.0,0.0,0.0,0.0,0.0,0.05617977528089889,2.2222222222222228,12.97128589263421,12.496878901373286,2.2534332084893887,4.291249596383597,2.915409100642283,nan,nan,nan,4.198314970836034,2.917233263736603,4.383526383526384,2.910662318474404,1.0441156544892267,0.3948,0.008766,0.0,0.0,0.0,0.0,0.0,0.0,0.0,0.0,0.0,0.0,0.03121098626716605,21.666666666666636,8.302122347066168,0.0,0.0,0.0,0.0,0.0,0.0,0.0,0.0,0.0,0.0,0.0,0.0,0.0,0.0,0.0,0.0,0.0,nan,nan,4.291249596383597,2.915409100642283,nan,0.3948,0.04016,0.0,0.0,0.0,0.0,0.0,0.0,0.0,0.0,0.0,0.0,0.0,0.0,0.0,0.0,0.0,0.0,0.0,0.0,0.0,0.0,0.0,0.0,0.0,0.0,3.121098626716604e-05,0.0,1.0403662089055348e-05,0.0010819808572617561,0.00022888056595921763,0.002028714107365793,0.008780690803162714,0.009228048272992093,0.019121930919683727,0.05854140657511444,0.028485226799833542,0.047815230961298374,0.07911985018726592,0.09159384103204328,0.0723886808156471,0.08985642946317103,0.059311277569704536,0.07191011235955057,0.13910736579275906,0.07778818143986684,0.04441323345817728,0.04567207657095298,0.02786100707449022,0.0042342904702455265,0.017186849771119433,0.001466916354556804,0.0010715771951727007,0.00034332084893882645,0.0006970453599667083,0.0,0.0006242197253433209,0.0,0.0,0.0,0.0,0.0,0.0,0.0,0.0,0.0,0.0,0.0,0.0,0.0,0.0,0.0,0.0,0.0,0.0,0.0,0.0,0.0,0.0,0.0,0.0,0.0,0.0,0.0,0.0,0.0,0.0,0.0,0.0,0.0,0.0,0.0,0.0,0.0,0.0,0.0,0.0,0.0,0.0,0.0,0.0,0.0,0.0,nan,nan,4.291249596383597,2.915409100642283,nan,0.9331750822954938,0.02290753036484455,0.0,0.0,0.0,0.0,0.0,0.0,0.0,0.0,0.0,0.0,0.0,0.0,0.0,0.0,0.0,0.0,0.0,0.0,0.0,0.0,0.0,0.0,0.0,0.0,0.0,0.08498583569405102,2.1974908943747473,13.099959530554434,12.395791177660868,2.221772561715905,0.9335440978503584,0.02339653225242498,0.0,0.0,0.0,0.0,0.0,0.0,0.0,0.0,0.0,0.0,0.0,0.0,0.0,0.0,0.0,0.0,0.0,0.0,0.0,0.0,0.0,0.0,0.0,0.0,0.0,0.025695931477516067,2.248394004282656,12.835117773019276,12.603854389721631,2.2869379014989297,0.3945,0.00884,0.0,0.0,0.0,0.0,0.0,0.0,0.0,0.0,0.0,0.0,0.024281667341157432,21.719951436665287,8.255766895993526,0.0,0.0,0.0,0.0,0.0,0.0,0.0,0.0,0.0,0.0,0.0,0.0,0.0,0.0,0.0,0.0,0.0,0.3948,0.00869,0.0,0.0,0.0,0.0,0.0,0.0,0.0,0.0,0.0,0.0,0.038543897216274096,21.610278372590976,8.35117773019272,0.0,0.0,0.0,0.0,0.0,0.0,0.0,0.0,0.0,0.0,0.0,0.0,0.0,0.0,0.0,0.0,0.0
13200,4905,2623,0.5347604485219164,1256,995,0.45891946992864424,1358,0.5537206931702344,0.41,2.978965819456617,3.0699549337185825,6.5927099841521395,2.0983453091268243,8394.926238532109,505.47403703739195,7853.0,8866.4,8866.399999999998,1.8189894035458565e-12,7853.0,0.0,28.02691131498471,20.689099237502084,33.06012658227848,18.8291280592028,0.13944954128440368,0.09296636085626911,0.09133537206931702,0.08950050968399592,0.08053007135575943,0.07930682976554536,0.07054026503567788,0.06279306829765545,0.060958205912334355,0.05361875637104995,0.04872579001019368,0.036289500509684,0.03384301732925586,0.027522935779816515,0.01712538226299694,0.00835881753312946,0.007135575942915392,0.9326636636415145,0.023226682800313356,0.0,0.0,0.0,0.0,0.0,0.0,0.0,0.0,0.0,0.0,0.0,0.0,0.0,0.0,0.0,0.0,0.0,0.0,0.0,0.0,0.0,0.0,0.0,0.0,0.0,0.0795107033639144,2.3119266055045875,13.009174311926609,12.50152905198777,2.0978593272171255,4.149109096592685,2.9119556597913,nan,nan,nan,4.154562383612663,2.852739322608417,4.143667296786389,2.971747225621397,0.9973775609028647,0.3945,0.0085,0.0,0.0,0.0,0.0,0.0,0.0,0.0,0.0,0.0,0.0,0.006116207951070338,22.110091743119234,7.883792048929665,0.0,0.0,0.0,0.0,0.0,0.0,0.0,0.0,0.0,0.0,0.0,0.0,0.0,0.0,0.0,0.0,0.0,nan,nan,4.149109096592685,2.9119556597913,nan,0.3945,0.04028,0.0,0.0,0.0,0.0,0.0,0.0,0.0,0.0,0.0,0.0,0.0,0.0,0.0,0.0,0.0,0.0,0.0,0.0,0.0,0.0,0.0,0.0,0.0,0.0,0.0,0.0,0.0,0.0008562691131498471,0.00021406727828746178,0.0017737003058103976,0.009011213047910296,0.008623853211009174,0.019001019367991846,0.0580835881753313,0.02817533129459735,0.05169215086646279,0.07971457696228339,0.09247706422018348,0.06973496432212029,0.09285423037716616,0.05966360856269113,0.07123343527013251,0.13587155963302752,0.07398572884811416,0.04517838939857288,0.04730886850152905,0.02707441386340469,0.0049337410805300715,0.01743119266055046,0.0018552497451580021,0.0012436289500509683,0.00032619775739041793,0.0010193679918450561,0.0,0.0006625891946992864,0.0,0.0,0.0,0.0,0.0,0.0,0.0,0.0,0.0,0.0,0.0,0.0,0.0,0.0,0.0,0.0,0.0,0.0,0.0,0.0,0.0,0.0,0.0,0.0,0.0,0.0,0.0,0.0,0.0,0.0,0.0,0.0,0.0,0.0,0.0,0.0,0.0,0.0,0.0,0.0,0.0,0.0,0.0,0.0,0.0,0.0,nan,nan,4.149109096592685,2.9119556597913,nan,0.9325359425742891,0.022941145465673933,0.0,0.0,0.0,0.0,0.0,0.0,0.0,0.0,0.0,0.0,0.0,0.0,0.0,0.0,0.0,0.0,0.0,0.0,0.0,0.0,0.0,0.0,0.0,0.0,0.0,0.08006099885627146,2.173084254670225,13.484559664506293,12.249332825009533,2.0129622569576826,0.9328104701092325,0.02354975617884435,0.0,0.0,0.0,0.0,0.0,0.0,0.0,0.0,0.0,0.0,0.0,0.0,0.0,0.0,0.0,0.0,0.0,0.0,0.0,0.0,0.0,0.0,0.0,0.0,0.0,0.07887817703768625,2.4715162138475026,12.462751971954429,12.79141104294479,2.1954425942156006,0.3948,0.00853,0.0,0.0,0.0,0.0,0.0,0.0,0.0,0.0,0.0,0.0,0.011437285550895923,21.94815097216924,8.040411742279833,0.0,0.0,0.0,0.0,0.0,0.0,0.0,0.0,0.0,0.0,0.0,0.0,0.0,0.0,0.0,0.0,0.0,0.3945,0.00847,0.0,0.0,0.0,0.0,0.0,0.0,0.0,0.0,0.0,0.0,0.0,22.296231375985947,7.703768624014025,0.0,0.0,0.0,0.0,0.0,0.0,0.0,0.0,0.0,0.0,0.0,0.0,0.0,0.0,0.0,0.0,0.0
13300,4606,2404,0.5219279201042119,1102,935,0.44224924012158057,1277,0.5544941380807642,0.426,3.011353315168029,3.103037989220162,6.650741350906095,2.074381734925988,8381.921754233608,506.2124886238791,7853.0,8866.4,8866.399999999998,1.8189894035458565e-12,7853.0,0.0,28.372123317412072,21.33413934653549,33.260422027792075,19.647710824293707,0.13677811550151975,0.09813287016934433,0.09574468085106383,0.09096830221450282,0.07598784194528875,0.07142857142857142,0.07164567954841511,0.06534954407294832,0.05579678679982631,0.04732957012592271,0.04559270516717325,0.03994789405123752,0.03343465045592705,0.028875379939209727,0.019539730785931395,0.013677811550151976,0.009769865392965697,0.9325580729824328,0.023228765693061332,0.0,0.0,0.0,0.0,0.0,0.0,0.0,0.0,0.0,0.0,0.0,0.0,0.0,0.0,0.0,0.0,0.0,0.0,0.0,0.0,0.0,0.0,0.0,0.0,0.0,0.06513243595310465,2.435953104646114,12.889709075119413,12.557533651758579,2.051671732522797,4.250587051325058,2.8699773578267425,nan,nan,nan,4.262129380053908,2.90818990294009,4.2391449565798265,2.8315412744665456,0.994607290998334,0.3945,0.00869,0.0,0.0,0.0,0.0,0.0,0.0,0.0,0.0,0.0,0.0,0.006513243595310466,21.845419018671265,8.148067737733394,0.0,0.0,0.0,0.0,0.0,0.0,0.0,0.0,0.0,0.0,0.0,0.0,0.0,0.0,0.0,0.0,0.0,nan,nan,4.250587051325058,2.8699773578267425,nan,0.3945,0.0403,0.0,0.0,0.0,0.0,0.0,0.0,0.0,0.0,0.0,0.0,0.0,0.0,0.0,0.0,0.0,0.0,0.0,0.0,0.0,0.0,0.0,0.0,0.0,0.0,1.0855405992184108e-05,0.0,1.0855405992184108e-05,0.000705601389491967,0.00026052974381241857,0.0019431176726009552,0.009552757273122015,0.008000434216239687,0.02153712548849327,0.05588363004776379,0.02872340425531915,0.05134607034303083,0.07835432045158489,0.09181502388189318,0.0710377768128528,0.09245549283543204,0.06172383847155884,0.07179765523230569,0.13570343030829354,0.07154798089448546,0.045788102475032566,0.04725358228397742,0.027225358228397743,0.005112896222318715,0.016380807642205817,0.002540165002171081,0.0015957446808510637,0.0002822405557967868,0.0009552757273122015,0.0,0.0004559270516717325,0.0,0.0,0.0,0.0,0.0,0.0,0.0,0.0,0.0,0.0,0.0,0.0,0.0,0.0,0.0,0.0,0.0,0.0,0.0,0.0,0.0,0.0,0.0,0.0,0.0,0.0,0.0,0.0,0.0,0.0,0.0,0.0,0.0,0.0,0.0,0.0,0.0,0.0,0.0,0.0,0.0,0.0,0.0,0.0,0.0,0.0,nan,nan,4.250587051325058,2.8699773578267425,nan,0.9325014158909809,0.023171526645249466,0.0,0.0,0.0,0.0,0.0,0.0,0.0,0.0,0.0,0.0,0.0,0.0,0.0,0.0,0.0,0.0,0.0,0.0,0.0,0.0,0.0,0.0,0.0,0.0,0.0,0.049916805324459246,2.4209650582362734,12.96589018302829,12.441763727121467,2.121464226289518,0.932619927500076,0.023290937570232456,0.0,0.0,0.0,0.0,0.0,0.0,0.0,0.0,0.0,0.0,0.0,0.0,0.0,0.0,0.0,0.0,0.0,0.0,0.0,0.0,0.0,0.0,0.0,0.0,0.0,0.08174386920980928,2.452316076294278,12.806539509536789,12.683923705722075,1.9754768392370576,0.3945,0.00863,0.0,0.0,0.0,0.0,0.0,0.0,0.0,0.0,0.0,0.0,0.0,21.938435940099804,8.061564059900167,0.0,0.0,0.0,0.0,0.0,0.0,0.0,0.0,0.0,0.0,0.0,0.0,0.0,0.0,0.0,0.0,0.0,0.3945,0.00874,0.0,0.0,0.0,0.0,0.0,0.0,0.0,0.0,0.0,0.0,0.01362397820163488,21.743869209809233,8.242506811989102,0.0,0.0,0.0,0.0,0.0,0.0,0.0,0.0,0.0,0.0,0.0,0.0,0.0,0.0,0.0,0.0,0.0
13400,4689,2447,0.5218596715717637,1131,917,0.436766901258264,1304,0.5561953508210706,0.426,3.0414808206958073,3.092474699929414,6.521739130434782,2.0607350289358655,8381.852591170824,506.2155200153568,7853.0,8866.4,8866.4,0.0,7853.0,0.0,29.006611217743654,21.470959199408977,33.805074101984424,19.74620900409605,0.13009170398805717,0.10279377265941565,0.09127745788014502,0.0838131797824696,0.0746427809767541,0.07613563659628919,0.06525911708253358,0.06269993602047345,0.05672851354233312,0.054809127745788014,0.04926423544465771,0.04073363190445724,0.035188739603326934,0.034122414160801876,0.021326508850501174,0.012582640221795692,0.008530603540200469,0.9325719997048454,0.02346537465586121,0.0,0.0,0.0,0.0,0.0,0.0,0.0,0.0,0.0,0.0,0.0,0.0,0.0,0.0,0.0,0.0,0.0,0.0,0.0,0.0,0.0,0.0,0.0,0.0,0.0,0.07677543186180423,2.4696097248880364,12.827895073576459,12.399232245681386,2.226487523992323,4.209672184355728,2.859841351763442,nan,nan,nan,4.258808456117873,2.7836165443195187,4.15921052631579,2.935207229821169,0.9766136629932232,0.3948,0.008545,0.0,0.0,0.0,0.0,0.0,0.0,0.0,0.0,0.0,0.0,0.031989763275751766,21.84900831733842,8.119001919385799,0.0,0.0,0.0,0.0,0.0,0.0,0.0,0.0,0.0,0.0,0.0,0.0,0.0,0.0,0.0,0.0,0.0,nan,nan,4.209672184355728,2.859841351763442,nan,0.3948,0.0402,0.0,0.0,0.0,0.0,0.0,0.0,0.0,0.0,0.0,0.0,0.0,0.0,0.0,0.0,0.0,0.0,0.0,0.0,0.0,0.0,0.0,0.0,0.0,0.0,0.0,2.1326508850501173e-05,0.0,0.0005651524845382811,0.0002345915973555129,0.0017487737257410962,0.008861164427383238,0.007677543186180422,0.020899978673491148,0.05650458519940286,0.029654510556621883,0.05233525271912988,0.0762849221582427,0.09092557048411175,0.0707613563659629,0.09414587332053743,0.06278524205587545,0.07471742375773086,0.13341863936873533,0.0726167626359565,0.04380464917892941,0.04543612710599275,0.028428236297718065,0.0046385156749840055,0.017157176370228195,0.003241629345276178,0.0010663254425250586,0.0004691831947110258,0.0010023459159735552,0.0,0.0005971422478140328,0.0,0.0,0.0,0.0,0.0,0.0,0.0,0.0,0.0,0.0,0.0,0.0,0.0,0.0,0.0,0.0,0.0,0.0,0.0,0.0,0.0,0.0,0.0,0.0,0.0,0.0,0.0,0.0,0.0,0.0,0.0,0.0,0.0,0.0,0.0,0.0,0.0,0.0,0.0,0.0,0.0,0.0,0.0,0.0,0.0,0.0,nan,nan,4.209672184355728,2.859841351763442,nan,0.932532411353365,0.023407435782721607,0.0,0.0,0.0,0.0,0.0,0.0,0.0,0.0,0.0,0.0,0.0,0.0,0.0,0.0,0.0,0.0,0.0,0.0,0.0,0.0,0.0,0.0,0.0,0.0,0.0,0.08581937065794853,2.3784225582345733,12.983244789538213,12.247650183898655,2.3048630976706175,0.9326152078654487,0.023528372376677018,0.0,0.0,0.0,0.0,0.0,0.0,0.0,0.0,0.0,0.0,0.0,0.0,0.0,0.0,0.0,0.0,0.0,0.0,0.0,0.0,0.0,0.0,0.0,0.0,0.0,0.06690454950936665,2.5691347011596792,12.65834076717217,12.564674397859058,2.140945584299733,0.3948,0.00851,0.0,0.0,0.0,0.0,0.0,0.0,0.0,0.0,0.0,0.0,0.03677973028197794,22.031058438904747,7.932161830813242,0.0,0.0,0.0,0.0,0.0,0.0,0.0,0.0,0.0,0.0,0.0,0.0,0.0,0.0,0.0,0.0,0.0,0.3948,0.00858,0.0,0.0,0.0,0.0,0.0,0.0,0.0,0.0,0.0,0.0,0.026761819803746662,21.65031222123101,8.322925958965211,0.0,0.0,0.0,0.0,0.0,0.0,0.0,0.0,0.0,0.0,0.0,0.0,0.0,0.0,0.0,0.0,0.0
13500,5082,2673,0.525974025974026,1239,1004,0.4413616686343959,1410,0.5548996458087367,0.40599999999999997,3.090078870900789,3.1959301696435856,6.701908957415565,2.130295946554159,8386.022077922078,506.01584778924064,7853.0,8866.4,8866.399999999998,1.8189894035458565e-12,7853.0,0.0,27.988980716253444,20.818651495297825,32.80933488914819,19.112058096094188,0.13597009051554507,0.10173160173160173,0.09937032664305391,0.08382526564344746,0.07536402990948446,0.0755608028335301,0.06985438803620622,0.06473829201101929,0.05726092089728453,0.05332546241637151,0.046831955922865015,0.04309327036599764,0.03345139708776072,0.024203069657615112,0.018890200708382526,0.011216056670602124,0.005312868949232586,0.9318826025464036,0.02305131875634469,0.0,0.0,0.0,0.0,0.0,0.0,0.0,0.0,0.0,0.0,0.0,0.0,0.0,0.0,0.0,0.0,0.0,0.0,0.0,0.0,0.0,0.0,0.0,0.0,0.0,0.08264462809917357,2.497048406139316,13.081463990554903,12.402597402597406,1.9362455726092094,4.425184729064039,2.960839435518162,nan,nan,nan,4.476075105996366,2.9333196214574726,4.372573575453976,2.9881124026923604,0.9768767216609626,0.3948,0.00854,0.0,0.0,0.0,0.0,0.0,0.0,0.0,0.0,0.0,0.0,0.023612750885478165,21.965761511216026,8.010625737898467,0.0,0.0,0.0,0.0,0.0,0.0,0.0,0.0,0.0,0.0,0.0,0.0,0.0,0.0,0.0,0.0,0.0,nan,nan,4.425184729064039,2.960839435518162,nan,0.3948,0.04037,0.0,0.0,0.0,0.0,0.0,0.0,0.0,0.0,0.0,0.0,0.0,0.0,0.0,0.0,0.0,0.0,0.0,0.0,0.0,0.0,0.0,0.0,0.0,0.0,0.0,4.919323101141283e-05,0.0,0.0005903187721369539,0.0003246753246753247,0.0017414403778040141,0.009425423061786698,0.008441558441558441,0.020425029515938605,0.05594254230617867,0.030617866981503344,0.04922274695001968,0.08029319165682802,0.09124360487996852,0.07041519086973633,0.09036796536796536,0.06353797717434082,0.07336678473042109,0.13474025974025974,0.07400629673356945,0.04398858717040535,0.04355568673750492,0.02825659189295553,0.005371900826446281,0.01783746556473829,0.0030499803227075953,0.0009838646202282567,0.0006395120031483668,0.0010625737898465172,9.838646202282566e-06,0.00048209366391184575,9.838646202282566e-06,0.0,0.0,0.0,0.0,0.0,0.0,0.0,0.0,0.0,0.0,0.0,0.0,0.0,0.0,0.0,0.0,0.0,0.0,0.0,0.0,0.0,0.0,0.0,0.0,0.0,0.0,0.0,0.0,0.0,0.0,0.0,0.0,0.0,0.0,0.0,0.0,0.0,0.0,0.0,0.0,0.0,0.0,0.0,0.0,0.0,nan,nan,4.425184729064039,2.960839435518162,nan,0.931984034585364,0.023137006223771704,0.0,0.0,0.0,0.0,0.0,0.0,0.0,0.0,0.0,0.0,0.0,0.0,0.0,0.0,0.0,0.0,0.0,0.0,0.0,0.0,0.0,0.0,0.0,0.0,0.0,0.08978675645342314,2.4579124579124585,13.243546576879913,12.166105499438835,2.0426487093153765,0.9317700546675571,0.0229553419848259,0.0,0.0,0.0,0.0,0.0,0.0,0.0,0.0,0.0,0.0,0.0,0.0,0.0,0.0,0.0,0.0,0.0,0.0,0.0,0.0,0.0,0.0,0.0,0.0,0.0,0.07471980074719801,2.5404732254047326,12.901618929016193,12.665006226650066,1.8181818181818186,0.3945,0.008484,0.0,0.0,0.0,0.0,0.0,0.0,0.0,0.0,0.0,0.0,0.033670033670033676,22.17732884399548,7.789001122334457,0.0,0.0,0.0,0.0,0.0,0.0,0.0,0.0,0.0,0.0,0.0,0.0,0.0,0.0,0.0,0.0,0.0,0.395,0.00858,0.0,0.0,0.0,0.0,0.0,0.0,0.0,0.0,0.0,0.0,0.012453300124533004,21.731008717310058,8.256537982565382,0.0,0.0,0.0,0.0,0.0,0.0,0.0,0.0,0.0,0.0,0.0,0.0,0.0,0.0,0.0,0.0,0.0
13600,4434,2327,0.524808299503834,1081,901,0.447000451059991,1239,0.5588633288227334,0.422,3.0673943996203135,3.1318464627717386,6.653716216216216,2.145868053550951,8384.840730717186,506.07591689291615,7853.0,8866.4,8866.4,0.0,7853.0,0.0,28.514884979702302,21.0770089476085,33.39893190921228,19.284352392296977,0.13599458728010824,0.09562471808750564,0.08953540820929183,0.08908434821831304,0.08231844835363103,0.06630581867388363,0.07307171853856563,0.06991429860171403,0.05412719891745602,0.05345060893098782,0.04668470906630582,0.04262516914749662,0.03382949932341001,0.03067207938655841,0.018718989625620207,0.010825439783491205,0.007216959855660803,0.9324565906754796,0.02345373182445389,0.0,0.0,0.0,0.0,0.0,0.0,0.0,0.0,0.0,0.0,0.0,0.0,0.0,0.0,0.0,0.0,0.0,0.0,0.0,0.0,0.0,0.0,0.0,0.0,0.0,0.054127198917456036,2.3071718538565635,13.152909336941816,12.104194857916106,2.3815967523680652,4.204827586206896,2.9055435964657526,nan,nan,nan,4.289400278940028,2.9730189405398764,4.122100954979536,2.8355499897272,0.9609970361633319,0.3945,0.00863,0.0,0.0,0.0,0.0,0.0,0.0,0.0,0.0,0.0,0.0,0.020297699594046013,22.178619756427572,7.80108254397835,0.0,0.0,0.0,0.0,0.0,0.0,0.0,0.0,0.0,0.0,0.0,0.0,0.0,0.0,0.0,0.0,0.0,nan,nan,4.204827586206896,2.9055435964657526,nan,0.3945,0.0405,0.0,0.0,0.0,0.0,0.0,0.0,0.0,0.0,0.0,0.0,0.0,0.0,0.0,0.0,0.0,0.0,0.0,0.0,0.0,0.0,0.0,0.0,1.1276499774470005e-05,0.0,0.0,7.893549842129003e-05,4.510599909788002e-05,0.0004961659900766802,0.00034957149300857013,0.0013306269733874606,0.009607577807848443,0.008468651330626973,0.021335137573297247,0.05515336039693279,0.03198015336039693,0.04903022101939558,0.08239738385205232,0.0879341452413171,0.0712449255751015,0.09354984212900316,0.06153585926928282,0.07472936400541272,0.13328822733423545,0.07129003157419937,0.042388362652232746,0.04209517365809653,0.029984212900315742,0.006258457374830852,0.01973387460532251,0.0031123139377537213,0.0005412719891745603,0.0009021199819576004,0.0008795669824086603,0.0,0.0002480829950383401,0.0,0.0,0.0,0.0,0.0,0.0,0.0,0.0,0.0,0.0,0.0,0.0,0.0,0.0,0.0,0.0,0.0,0.0,0.0,0.0,0.0,0.0,0.0,0.0,0.0,0.0,0.0,0.0,0.0,0.0,0.0,0.0,0.0,0.0,0.0,0.0,0.0,0.0,0.0,0.0,0.0,0.0,0.0,0.0,0.0,0.0,nan,nan,4.204827586206896,2.9055435964657526,nan,0.9322360421282363,0.023447008072870066,0.0,0.0,0.0,0.0,0.0,0.0,0.0,0.0,0.0,0.0,0.0,0.0,0.0,0.0,0.0,0.0,0.0,0.0,0.0,0.0,0.0,0.0,0.0,0.0,0.0,0.05156854318865493,2.359260850880963,13.446497636441773,11.822088525999144,2.320584443489472,0.9327001675475419,0.02345874595961294,0.0,0.0,0.0,0.0,0.0,0.0,0.0,0.0,0.0,0.0,0.0,0.0,0.0,0.0,0.0,0.0,0.0,0.0,0.0,0.0,0.0,0.0,0.0,0.0,0.0,0.056953013763645005,2.2496440436639777,12.828666350261038,12.415757000474612,2.448979591836735,0.3945,0.00854,0.0,0.0,0.0,0.0,0.0,0.0,0.0,0.0,0.0,0.0,0.0,22.36785560807904,7.63214439192093,0.0,0.0,0.0,0.0,0.0,0.0,0.0,0.0,0.0,0.0,0.0,0.0,0.0,0.0,0.0,0.0,0.0,0.3948,0.00873,0.0,0.0,0.0,0.0,0.0,0.0,0.0,0.0,0.0,0.0,0.042714760322733754,21.969625059326024,7.987660180351212,0.0,0.0,0.0,0.0,0.0,0.0,0.0,0.0,0.0,0.0,0.0,0.0,0.0,0.0,0.0,0.0,0.0
13700,4628,2367,0.5114520311149524,1103,919,0.4369057908383751,1275,0.5509939498703543,0.414,2.931003980539584,3.129183559385035,6.718446601941747,2.1334937649796166,8371.305488331893,506.56707615139976,7853.0,8866.4,8866.4,0.0,7853.0,0.0,27.5395419187554,20.823110643436856,32.542798034652186,19.132948947679598,0.1436905790838375,0.10112359550561797,0.10090751944684528,0.08167675021607605,0.08254105445116681,0.07411408815903198,0.07044079515989628,0.06309420916162489,0.04883318928262748,0.0557476231633535,0.046672428694900604,0.037381158167675024,0.032627484874675886,0.026577355229040624,0.019662921348314606,0.009075194468452896,0.0058340535868625755,0.932507775653099,0.023311445925593616,0.0,0.0,0.0,0.0,0.0,0.0,0.0,0.0,0.0,0.0,0.0,0.0,0.0,0.0,0.0,0.0,0.0,0.0,0.0,0.0,0.0,0.0,0.0,0.0,0.0,0.08426966292134834,2.5021607605877274,12.543215211754541,12.796024200518586,2.074330164217805,4.2908285032390046,2.8759393897627956,nan,nan,nan,4.254109589041096,2.8660417722086735,4.3272233536999325,2.8852550616690813,1.0171866199326842,0.3945,0.008545,0.0,0.0,0.0,0.0,0.0,0.0,0.0,0.0,0.0,0.0,0.0,22.2212618841832,7.778738115816769,0.0,0.0,0.0,0.0,0.0,0.0,0.0,0.0,0.0,0.0,0.0,0.0,0.0,0.0,0.0,0.0,0.0,nan,nan,4.2908285032390046,2.8759393897627956,nan,0.3945,0.04053,0.0,0.0,0.0,0.0,0.0,0.0,0.0,0.0,0.0,0.0,0.0,0.0,0.0,0.0,0.0,0.0,0.0,0.0,0.0,0.0,0.0,0.0,0.0,1.0803802938634399e-05,0.0,9.72342264477096e-05,7.562662057044079e-05,0.0003997407087294728,0.00030250648228176316,0.0013504753673292999,0.009431719965427831,0.008859118409680207,0.02227744165946413,0.05765989628349179,0.02910544511668107,0.05044295592048401,0.08353500432152118,0.08200086430423509,0.07247191011235955,0.09442523768366465,0.06321305099394987,0.07436257562662058,0.13124459809853067,0.07147796024200519,0.04510587726879862,0.04078435609334486,0.029515989628349178,0.00665514261019879,0.01996542783059637,0.0033707865168539327,0.00054019014693172,0.0005509939498703544,0.0004969749351771824,0.0,0.00027009507346586,0.0,0.0,0.0,0.0,0.0,0.0,0.0,0.0,0.0,0.0,0.0,0.0,0.0,0.0,0.0,0.0,0.0,0.0,0.0,0.0,0.0,0.0,0.0,0.0,0.0,0.0,0.0,0.0,0.0,0.0,0.0,0.0,0.0,0.0,0.0,0.0,0.0,0.0,0.0,0.0,0.0,0.0,0.0,0.0,0.0,0.0,nan,nan,4.2908285032390046,2.8759393897627956,nan,0.9327276584766664,0.02284336320868231,0.0,0.0,0.0,0.0,0.0,0.0,0.0,0.0,0.0,0.0,0.0,0.0,0.0,0.0,0.0,0.0,0.0,0.0,0.0,0.0,0.0,0.0,0.0,0.0,0.0,0.038022813688212934,2.3954372623574147,12.61089987325729,12.927756653992398,2.0278833967046896,0.9322775843026415,0.023789430968431134,0.0,0.0,0.0,0.0,0.0,0.0,0.0,0.0,0.0,0.0,0.0,0.0,0.0,0.0,0.0,0.0,0.0,0.0,0.0,0.0,0.0,0.0,0.0,0.0,0.0,0.13268465280849184,2.6138876603272894,12.472357363998235,12.658115877930122,2.1229544449358695,0.3948,0.00866,0.0,0.0,0.0,0.0,0.0,0.0,0.0,0.0,0.0,0.0,0.0,21.799746514575382,8.20025348542459,0.0,0.0,0.0,0.0,0.0,0.0,0.0,0.0,0.0,0.0,0.0,0.0,0.0,0.0,0.0,0.0,0.0,0.3943,0.008415,0.0,0.0,0.0,0.0,0.0,0.0,0.0,0.0,0.0,0.0,0.0,22.66253869969037,7.337461300309599,0.0,0.0,0.0,0.0,0.0,0.0,0.0,0.0,0.0,0.0,0.0,0.0,0.0,0.0,0.0,0.0,0.0
13800,4714,2396,0.508273228680526,1146,966,0.4480271531607976,1347,0.5714891811624947,0.414,2.9508196721311477,3.108922382280322,6.628834355828221,2.073857847427112,8368.084089944843,506.6306317582826,7853.0,8866.4,8866.399999999998,1.8189894035458565e-12,7853.0,0.0,27.88481120067883,20.92942487810015,33.00406607369759,19.11931329905445,0.1440390326686466,0.09885447602885024,0.09376325837929571,0.08103521425540942,0.08400509121764956,0.07679253288078065,0.06915570640644887,0.060882477725922785,0.05621552821383114,0.053245651251591,0.047305897327110734,0.03669919389053882,0.03648705982180738,0.02460755197284684,0.021213406873143825,0.009970301230377598,0.0057276198557488335,0.9326430553089121,0.023308841488657455,0.0,0.0,0.0,0.0,0.0,0.0,0.0,0.0,0.0,0.0,0.0,0.0,0.0,0.0,0.0,0.0,0.0,0.0,0.0,0.0,0.0,0.0,0.0,0.0,0.0,0.06364022061943149,2.42469240560034,12.766228256257959,12.537123462028005,2.208315655494273,4.335632183908046,2.899237423549568,nan,nan,nan,4.297191378184193,2.8945970889907726,4.374504623513871,2.903404811080667,1.017991576014552,0.3945,0.008545,0.0,0.0,0.0,0.0,0.0,0.0,0.0,0.0,0.0,0.0,0.0127280441238863,22.006788290199374,7.980483665676709,0.0,0.0,0.0,0.0,0.0,0.0,0.0,0.0,0.0,0.0,0.0,0.0,0.0,0.0,0.0,0.0,0.0,nan,nan,4.335632183908046,2.899237423549568,nan,0.3945,0.04025,0.0,0.0,0.0,0.0,0.0,0.0,0.0,0.0,0.0,0.0,0.0,0.0,0.0,0.0,0.0,0.0,0.0,0.0,0.0,0.0,0.0,0.0,0.0,0.0,0.0,2.1213406873143828e-05,8.485362749257531e-05,0.00021213406873143826,0.0003075943996605855,0.0020470937632583795,0.007891387356809504,0.00836868901145524,0.02212558336868901,0.05777471361900721,0.03143826898599915,0.050212134068731436,0.08232923207467119,0.08140644887568943,0.0728892660161222,0.09400721255833687,0.062335596096733135,0.07739711497666525,0.13328383538396266,0.06972846839202376,0.044866355536699196,0.040994908782350445,0.029179041154009332,0.007000424268137463,0.019314806957997456,0.003182011030971574,0.0005303351718285957,0.00027577428935086977,0.0006364022061943148,0.0,0.0001591005515485787,0.0,0.0,0.0,0.0,0.0,0.0,0.0,0.0,0.0,0.0,0.0,0.0,0.0,0.0,0.0,0.0,0.0,0.0,0.0,0.0,0.0,0.0,0.0,0.0,0.0,0.0,0.0,0.0,0.0,0.0,0.0,0.0,0.0,0.0,0.0,0.0,0.0,0.0,0.0,0.0,0.0,0.0,0.0,0.0,0.0,0.0,nan,nan,4.335632183908046,2.899237423549568,nan,0.93312950079051,0.023520445375959164,0.0,0.0,0.0,0.0,0.0,0.0,0.0,0.0,0.0,0.0,0.0,0.0,0.0,0.0,0.0,0.0,0.0,0.0,0.0,0.0,0.0,0.0,0.0,0.0,0.0,0.0626043405676127,2.4791318864774627,12.333055091819702,12.934056761268785,2.1911519198664444,0.9321402410837574,0.023077304326387195,0.0,0.0,0.0,0.0,0.0,0.0,0.0,0.0,0.0,0.0,0.0,0.0,0.0,0.0,0.0,0.0,0.0,0.0,0.0,0.0,0.0,0.0,0.0,0.0,0.0,0.0647109577221743,2.368421052631579,13.213977566867992,12.126833477135465,2.226056945642796,0.3945,0.008514,0.0,0.0,0.0,0.0,0.0,0.0,0.0,0.0,0.0,0.0,0.0,21.72370617696157,8.276293823038399,0.0,0.0,0.0,0.0,0.0,0.0,0.0,0.0,0.0,0.0,0.0,0.0,0.0,0.0,0.0,0.0,0.0,0.3945,0.008575,0.0,0.0,0.0,0.0,0.0,0.0,0.0,0.0,0.0,0.0,0.02588438308886972,22.299396031061228,7.674719585849872,0.0,0.0,0.0,0.0,0.0,0.0,0.0,0.0,0.0,0.0,0.0,0.0,0.0,0.0,0.0,0.0,0.0
13900,4944,2514,0.508495145631068,1164,1033,0.4443770226537217,1436,0.580906148867314,0.39799999999999996,2.97201646090535,3.0555957653476553,6.435825105782793,2.1581772994197608,8368.308980582524,506.62686017751724,7853.0,8866.4,8866.4,0.0,7853.0,0.0,27.90109223300971,20.756849739417632,32.81054405392393,19.008891681745386,0.13794498381877024,0.10012135922330097,0.09122168284789645,0.0889967637540453,0.08191747572815535,0.07928802588996764,0.06796116504854369,0.06229773462783172,0.05339805825242718,0.05339805825242718,0.049352750809061485,0.040655339805825245,0.03539644012944984,0.024676375404530743,0.017597087378640776,0.009506472491909385,0.006270226537216829,0.9316914032867425,0.023035934423635874,0.0,0.0,0.0,0.0,0.0,0.0,0.0,0.0,0.0,0.0,0.0,0.0,0.0,0.0,0.0,0.0,0.0,0.0,0.0,0.0,0.0,0.0,0.0,0.0,0.0,0.10315533980582527,2.469660194174758,13.38592233009709,12.0995145631068,1.9417475728155345,4.286295369211515,2.838092383686445,nan,nan,nan,4.306930693069307,2.8421511663918038,4.265189873417722,2.833779674291757,0.9903084533682526,0.3945,0.00882,0.0,0.0,0.0,0.0,0.0,0.0,0.0,0.0,0.0,0.0,0.018203883495145633,21.9417475728155,8.040048543689322,0.0,0.0,0.0,0.0,0.0,0.0,0.0,0.0,0.0,0.0,0.0,0.0,0.0,0.0,0.0,0.0,0.0,nan,nan,4.286295369211515,2.838092383686445,nan,0.3945,0.0404,0.0,0.0,0.0,0.0,0.0,0.0,0.0,0.0,0.0,0.0,0.0,0.0,0.0,0.0,0.0,0.0,0.0,0.0,0.0,0.0,0.0,0.0,0.0,0.0,0.0,1.011326860841424e-05,0.0,0.00017192556634304206,0.00031351132686084144,0.0011326860841423948,0.00868729773462783,0.007493932038834952,0.0223705501618123,0.05978964401294498,0.02986448220064725,0.0502123786407767,0.08344457928802589,0.0855076860841424,0.07051982200647249,0.09211165048543689,0.061872977346278314,0.07614279935275081,0.13237257281553397,0.07114684466019418,0.044073624595469256,0.03847087378640777,0.030784789644012944,0.007605177993527508,0.020620954692556634,0.003812702265372168,0.0006877022653721682,0.0003539644012944984,0.0003337378640776699,0.0,9.101941747572816e-05,0.0,0.0,0.0,0.0,0.0,0.0,0.0,0.0,0.0,0.0,0.0,0.0,0.0,0.0,0.0,0.0,0.0,0.0,0.0,0.0,0.0,0.0,0.0,0.0,0.0,0.0,0.0,0.0,0.0,0.0,0.0,0.0,0.0,0.0,0.0,0.0,0.0,0.0,0.0,0.0,0.0,0.0,0.0,0.0,0.0,0.0,nan,nan,4.286295369211515,2.838092383686445,nan,0.9318877396217489,0.023089375655858675,0.0,0.0,0.0,0.0,0.0,0.0,0.0,0.0,0.0,0.0,0.0,0.0,0.0,0.0,0.0,0.0,0.0,0.0,0.0,0.0,0.0,0.0,0.0,0.0,0.0,0.13126491646778046,2.2792362768496424,13.62768496420048,11.90930787589499,2.0525059665871126,0.9314882800166989,0.022978749578096487,0.0,0.0,0.0,0.0,0.0,0.0,0.0,0.0,0.0,0.0,0.0,0.0,0.0,0.0,0.0,0.0,0.0,0.0,0.0,0.0,0.0,0.0,0.0,0.0,0.0,0.07407407407407408,2.6666666666666674,13.135802469135806,12.2962962962963,1.8271604938271608,0.3948,0.0089,0.0,0.0,0.0,0.0,0.0,0.0,0.0,0.0,0.0,0.0,0.035799522673031034,21.801909307875864,8.162291169451075,0.0,0.0,0.0,0.0,0.0,0.0,0.0,0.0,0.0,0.0,0.0,0.0,0.0,0.0,0.0,0.0,0.0,0.3945,0.00873,0.0,0.0,0.0,0.0,0.0,0.0,0.0,0.0,0.0,0.0,0.0,22.086419753086385,7.913580246913582,0.0,0.0,0.0,0.0,0.0,0.0,0.0,0.0,0.0,0.0,0.0,0.0,0.0,0.0,0.0,0.0,0.0
14000,4923,2502,0.5082266910420475,1175,1055,0.45297582774730855,1428,0.5801340645947592,0.41,2.88517141676993,3.0904095199798642,6.592307692307692,2.2487471857292993,8368.036928702011,506.6314100209514,7853.0,8866.4,8866.4,0.0,7853.0,0.0,27.6691042047532,20.744139209611564,32.56652152878568,19.03047492708872,0.136299004671948,0.10582977859029047,0.09262644728823888,0.09079829372333943,0.08247003859435303,0.08023562868169815,0.0627666057282145,0.05971968312004875,0.055453991468616695,0.053828966077594964,0.050985171643306924,0.03635994312411132,0.031281738777168396,0.024172252691448303,0.023359739995937438,0.009140767824497258,0.004671947999187487,0.9313473067897717,0.023398710312936635,0.0,0.0,0.0,0.0,0.0,0.0,0.0,0.0,0.0,0.0,0.0,0.0,0.0,0.0,0.0,0.0,0.0,0.0,0.0,0.0,0.0,0.0,0.0,0.0,0.0,0.10359536867763561,2.620353443022548,13.278488726386353,12.029250457038394,1.9683120048750766,4.271527341294783,2.89874159269497,nan,nan,nan,4.232165206508135,2.926601773416762,4.308275426405559,2.8682990343661614,1.0179837544575017,0.3945,0.00879,0.0,0.0,0.0,0.0,0.0,0.0,0.0,0.0,0.0,0.0,0.012187690432663014,22.053625837903684,7.9341864716636215,0.0,0.0,0.0,0.0,0.0,0.0,0.0,0.0,0.0,0.0,0.0,0.0,0.0,0.0,0.0,0.0,0.0,nan,nan,4.271527341294783,2.89874159269497,nan,0.3945,0.04056,0.0,0.0,0.0,0.0,0.0,0.0,0.0,0.0,0.0,0.0,0.0,0.0,0.0,0.0,0.0,0.0,0.0,0.0,0.0,0.0,0.0,0.0,0.0,0.0,0.0,0.0,0.0,0.0002437538086532602,8.125126955108673e-05,0.0007211050172658948,0.009729839528742637,0.00808450132033313,0.021430022344099128,0.059679057485273204,0.031647369490148285,0.0512187690432663,0.08022547227300426,0.08510054844606947,0.07017062766605728,0.09257566524476946,0.06042047531992687,0.0756754011781434,0.1346435100548446,0.07055657119642494,0.046059313426772296,0.0373044891326427,0.031007515742433475,0.00742433475523055,0.020922201909404834,0.0035039609993906154,0.0005484460694698354,0.0004367255738370912,0.00031484866951046113,0.0,0.0002742230347349177,0.0,0.0,0.0,0.0,0.0,0.0,0.0,0.0,0.0,0.0,0.0,0.0,0.0,0.0,0.0,0.0,0.0,0.0,0.0,0.0,0.0,0.0,0.0,0.0,0.0,0.0,0.0,0.0,0.0,0.0,0.0,0.0,0.0,0.0,0.0,0.0,0.0,0.0,0.0,0.0,0.0,0.0,0.0,0.0,0.0,0.0,nan,nan,4.271527341294783,2.89874159269497,nan,0.9312391746625436,0.023328333996552823,0.0,0.0,0.0,0.0,0.0,0.0,0.0,0.0,0.0,0.0,0.0,0.0,0.0,0.0,0.0,0.0,0.0,0.0,0.0,0.0,0.0,0.0,0.0,0.0,0.0,0.0839328537170264,2.62589928057554,13.237410071942449,12.098321342925662,1.9544364508393288,0.9314590567205131,0.023470696051896993,0.0,0.0,0.0,0.0,0.0,0.0,0.0,0.0,0.0,0.0,0.0,0.0,0.0,0.0,0.0,0.0,0.0,0.0,0.0,0.0,0.0,0.0,0.0,0.0,0.0,0.12391573729863695,2.61462205700124,13.320941759603473,11.957868649318467,1.9826517967781911,0.3945,0.00884,0.0,0.0,0.0,0.0,0.0,0.0,0.0,0.0,0.0,0.0,0.02398081534772183,22.12230215827335,7.853717026378899,0.0,0.0,0.0,0.0,0.0,0.0,0.0,0.0,0.0,0.0,0.0,0.0,0.0,0.0,0.0,0.0,0.0,0.3948,0.00872,0.0,0.0,0.0,0.0,0.0,0.0,0.0,0.0,0.0,0.0,0.0,21.982651796778157,8.017348203221811,0.0,0.0,0.0,0.0,0.0,0.0,0.0,0.0,0.0,0.0,0.0,0.0,0.0,0.0,0.0,0.0,0.0
14100,4608,2378,0.5160590277777778,1064,971,0.4416232638888889,1305,0.56640625,0.418,2.9542600896860987,3.054463361316828,6.384251968503937,2.2350967565890794,8375.974218750001,506.43858443455605,7853.0,8866.4,8866.399999999998,1.8189894035458565e-12,7853.0,0.0,28.05425347222222,21.14774435449261,33.1643728901584,19.37917880793553,0.142578125,0.09895833333333333,0.095703125,0.08355034722222222,0.08138020833333333,0.06966145833333333,0.07313368055555555,0.05837673611111111,0.057291666666666664,0.053385416666666664,0.04513888888888889,0.042317708333333336,0.03537326388888889,0.025173611111111112,0.018012152777777776,0.011067708333333334,0.008897569444444444,0.9316878420973403,0.02303854246481154,0.0,0.0,0.0,0.0,0.0,0.0,0.0,0.0,0.0,0.0,0.0,0.0,0.0,0.0,0.0,0.0,0.0,0.0,0.0,0.0,0.0,0.0,0.0,0.0,0.0,0.08463541666666669,2.467447916666667,13.235677083333336,12.21354166666667,1.998697916666667,4.263211382113822,2.793386786899634,nan,nan,nan,4.331970006816633,2.806571629705094,4.1952861952861955,2.7786302130462053,0.9684476551510384,0.3943,0.00869,0.0,0.0,0.0,0.0,0.0,0.0,0.0,0.0,0.0,0.0,0.04557291666666668,22.252604166666636,7.701822916666668,0.0,0.0,0.0,0.0,0.0,0.0,0.0,0.0,0.0,0.0,0.0,0.0,0.0,0.0,0.0,0.0,0.0,nan,nan,4.263211382113822,2.793386786899634,nan,0.3943,0.0407,0.0,0.0,0.0,0.0,0.0,0.0,0.0,0.0,0.0,0.0,0.0,0.0,0.0,0.0,0.0,0.0,0.0,0.0,0.0,0.0,0.0,0.0,0.0,0.0,0.0,0.0,0.0,0.0003255208333333333,0.00011935763888888888,0.0005533854166666667,0.008919270833333333,0.008626302083333334,0.021516927083333335,0.06245659722222222,0.032703993055555554,0.05163845486111111,0.08213975694444445,0.08366970486111111,0.07059461805555556,0.0947265625,0.05802951388888889,0.07618272569444444,0.13138020833333333,0.07055121527777777,0.04575737847222222,0.03529730902777778,0.03058810763888889,0.007921006944444444,0.020279947916666666,0.004177517361111111,0.0005316840277777777,0.0006727430555555556,0.00037977430555555556,0.0,0.00026041666666666666,0.0,0.0,0.0,0.0,0.0,0.0,0.0,0.0,0.0,0.0,0.0,0.0,0.0,0.0,0.0,0.0,0.0,0.0,0.0,0.0,0.0,0.0,0.0,0.0,0.0,0.0,0.0,0.0,0.0,0.0,0.0,0.0,0.0,0.0,0.0,0.0,0.0,0.0,0.0,0.0,0.0,0.0,0.0,0.0,0.0,0.0,nan,nan,4.263211382113822,2.793386786899634,nan,0.9312723457211702,0.023234943202730958,0.0,0.0,0.0,0.0,0.0,0.0,0.0,0.0,0.0,0.0,0.0,0.0,0.0,0.0,0.0,0.0,0.0,0.0,0.0,0.0,0.0,0.0,0.0,0.0,0.0,0.07569386038687974,2.598822539949538,13.397813288477716,11.84608915054668,2.081581160639193,0.9321309140177586,0.022818911568121217,0.0,0.0,0.0,0.0,0.0,0.0,0.0,0.0,0.0,0.0,0.0,0.0,0.0,0.0,0.0,0.0,0.0,0.0,0.0,0.0,0.0,0.0,0.0,0.0,0.0,0.09417040358744397,2.3273542600896864,13.0627802690583,12.605381165919285,1.9103139013452919,0.3943,0.00881,0.0,0.0,0.0,0.0,0.0,0.0,0.0,0.0,0.0,0.0,0.05046257359125317,22.001682085786346,7.9478553406223735,0.0,0.0,0.0,0.0,0.0,0.0,0.0,0.0,0.0,0.0,0.0,0.0,0.0,0.0,0.0,0.0,0.0,0.3943,0.00855,0.0,0.0,0.0,0.0,0.0,0.0,0.0,0.0,0.0,0.0,0.04035874439461884,22.520179372197276,7.4394618834080735,0.0,0.0,0.0,0.0,0.0,0.0,0.0,0.0,0.0,0.0,0.0,0.0,0.0,0.0,0.0,0.0,0.0
14200,4806,2450,0.509779442363712,1107,1021,0.4427798585101956,1375,0.5722014148980441,0.422,2.9151103565365024,3.1107883686854096,6.743089430894309,2.142640317129191,8369.610486891386,506.6030716937823,7853.0,8866.4,8866.399999999998,1.8189894035458565e-12,7853.0,0.0,27.247191011235955,20.796921173861993,32.50264018104099,19.02310059157546,0.1491885143570537,0.10278818143986683,0.09404910528506034,0.0869746150645027,0.07865168539325842,0.07969205160216396,0.06491885143570537,0.06512692467748647,0.05493133583021224,0.05056179775280899,0.04369538077403246,0.03682896379525593,0.0359966708281315,0.025384935497295046,0.016229712858926344,0.008739076154806492,0.006242197253433208,0.9321307774836254,0.02281472982309661,0.0,0.0,0.0,0.0,0.0,0.0,0.0,0.0,0.0,0.0,0.0,0.0,0.0,0.0,0.0,0.0,0.0,0.0,0.0,0.0,0.0,0.0,0.0,0.0,0.0,0.04993757802746568,2.384519350811486,13.12734082397004,12.496878901373286,1.9413233458177281,4.388304862023653,2.917561109819224,nan,nan,nan,4.387741505662891,2.9207081227864,4.3888528839922225,2.914496392524448,1.000253291659934,0.3945,0.00888,0.0,0.0,0.0,0.0,0.0,0.0,0.0,0.0,0.0,0.0,0.01872659176029963,21.87265917602993,8.108614232209739,0.0,0.0,0.0,0.0,0.0,0.0,0.0,0.0,0.0,0.0,0.0,0.0,0.0,0.0,0.0,0.0,0.0,nan,nan,4.388304862023653,2.917561109819224,nan,0.3945,0.04102,0.0,0.0,0.0,0.0,0.0,0.0,0.0,0.0,0.0,0.0,0.0,0.0,0.0,0.0,0.0,0.0,0.0,0.0,0.0,0.0,0.0,0.0,0.0,0.0,2.0807324178110695e-05,0.0,0.0,0.00038493549729504785,0.0005826050769870995,0.000749063670411985,0.010258010819808573,0.00881190178942988,0.021296296296296296,0.05984186433624636,0.03297960882230545,0.04929255097794424,0.08185601331668747,0.0809404910528506,0.06946525176862256,0.09345609654598419,0.05920724094881398,0.07561381606325426,0.13410320432792344,0.06941323345817728,0.05038493549729505,0.034966708281315026,0.030181023720349563,0.007344985434873075,0.023272992093216812,0.003714107365792759,0.0007386600083229296,0.0006346233874323762,0.0002600915522263837,0.00010403662089055348,0.00012484394506866417,0.0,0.0,0.0,0.0,0.0,0.0,0.0,0.0,0.0,0.0,0.0,0.0,0.0,0.0,0.0,0.0,0.0,0.0,0.0,0.0,0.0,0.0,0.0,0.0,0.0,0.0,0.0,0.0,0.0,0.0,0.0,0.0,0.0,0.0,0.0,0.0,0.0,0.0,0.0,0.0,0.0,0.0,0.0,0.0,0.0,0.0,nan,nan,4.388304862023653,2.917561109819224,nan,0.9314436045714787,0.02315786475378581,0.0,0.0,0.0,0.0,0.0,0.0,0.0,0.0,0.0,0.0,0.0,0.0,0.0,0.0,0.0,0.0,0.0,0.0,0.0,0.0,0.0,0.0,0.0,0.0,0.0,0.07346938775510205,2.5959183673469397,13.08979591836735,12.379591836734697,1.8612244897959187,0.9328453673116217,0.02243002503945372,0.0,0.0,0.0,0.0,0.0,0.0,0.0,0.0,0.0,0.0,0.0,0.0,0.0,0.0,0.0,0.0,0.0,0.0,0.0,0.0,0.0,0.0,0.0,0.0,0.0,0.02546689303904924,2.1646859083191856,13.166383701188458,12.618845500848899,2.0246179966044147,0.3948,0.0089,0.0,0.0,0.0,0.0,0.0,0.0,0.0,0.0,0.0,0.0,0.012244897959183676,21.94285714285711,8.044897959183675,0.0,0.0,0.0,0.0,0.0,0.0,0.0,0.0,0.0,0.0,0.0,0.0,0.0,0.0,0.0,0.0,0.0,0.3945,0.00885,0.0,0.0,0.0,0.0,0.0,0.0,0.0,0.0,0.0,0.0,0.02546689303904924,21.799660441426116,8.174872665534807,0.0,0.0,0.0,0.0,0.0,0.0,0.0,0.0,0.0,0.0,0.0,0.0,0.0,0.0,0.0,0.0,0.0
14300,4804,2501,0.5206078268109908,1164,979,0.4460865945045795,1332,0.5545378850957535,0.418,3.012158054711246,3.0971853914286256,6.537555228276878,2.1162086940187534,8380.583971690257,506.2694438008681,7853.0,8866.4,8866.4,0.0,7853.0,0.0,28.42714404662781,21.054326365487917,33.272167487684726,19.29666153855439,0.1355120732722731,0.09408825978351373,0.09492089925062448,0.09304746044962531,0.07785179017485429,0.06973355537052456,0.06890091590341382,0.06307243963363864,0.06390507910074937,0.050999167360532886,0.04537885095753539,0.03996669442131557,0.03684429641965029,0.026228143213988343,0.020191507077435472,0.012281432139883431,0.007077435470441299,0.931903075901396,0.023168555832471703,0.0,0.0,0.0,0.0,0.0,0.0,0.0,0.0,0.0,0.0,0.0,0.0,0.0,0.0,0.0,0.0,0.0,0.0,0.0,0.0,0.0,0.0,0.0,0.0,0.0,0.05620316402997503,2.447960033305579,13.126561199000836,12.314737718567864,2.054537885095754,4.219942289195255,2.8912710716261687,nan,nan,nan,4.209032258064516,2.869221941109909,4.230720203951561,2.912849194681339,1.0051527155311035,0.395,0.00862,0.0,0.0,0.0,0.0,0.0,0.0,0.0,0.0,0.0,0.0,0.018734388009991675,21.325978351373823,8.655287260616154,0.0,0.0,0.0,0.0,0.0,0.0,0.0,0.0,0.0,0.0,0.0,0.0,0.0,0.0,0.0,0.0,0.0,nan,nan,4.219942289195255,2.8912710716261687,nan,0.395,0.04114,0.0,0.0,0.0,0.0,0.0,0.0,0.0,0.0,0.0,0.0,0.0,0.0,0.0,0.0,0.0,0.0,0.0,0.0,0.0,0.0,0.0,0.0,0.0,0.0,4.1631973355537055e-05,0.0,3.1223980016652786e-05,0.00027060782681099084,0.0004787676935886761,0.0007389675270607827,0.010970024979184013,0.008825978351373855,0.021013738551207327,0.0608451290591174,0.030360116569525395,0.04625312239800167,0.08457535387177352,0.07913197335553705,0.0699104912572856,0.09110116569525395,0.060512073272273106,0.07402164862614488,0.13447127393838468,0.06789134054954205,0.05438176519567028,0.03834304746044963,0.030599500416319734,0.0070878434637801834,0.022200249791840133,0.003986261448792673,0.0005203996669442131,0.0007701915070774354,0.00033305578684429644,2.0815986677768527e-05,0.0003122398001665279,0.0,0.0,0.0,0.0,0.0,0.0,0.0,0.0,0.0,0.0,0.0,0.0,0.0,0.0,0.0,0.0,0.0,0.0,0.0,0.0,0.0,0.0,0.0,0.0,0.0,0.0,0.0,0.0,0.0,0.0,0.0,0.0,0.0,0.0,0.0,0.0,0.0,0.0,0.0,0.0,0.0,0.0,0.0,0.0,0.0,0.0,nan,nan,4.219942289195255,2.8912710716261687,nan,0.931601891299335,0.02276227556702495,0.0,0.0,0.0,0.0,0.0,0.0,0.0,0.0,0.0,0.0,0.0,0.0,0.0,0.0,0.0,0.0,0.0,0.0,0.0,0.0,0.0,0.0,0.0,0.0,0.0,0.05997600959616155,2.3390643742503,13.39864054378249,12.343062774890047,1.859256297481008,0.9322301547940379,0.0235974921552278,0.0,0.0,0.0,0.0,0.0,0.0,0.0,0.0,0.0,0.0,0.0,0.0,0.0,0.0,0.0,0.0,0.0,0.0,0.0,0.0,0.0,0.0,0.0,0.0,0.0,0.05210594876248373,2.5662179765523234,12.831089882761619,12.283977420755539,2.266608771168042,0.395,0.00868,0.0,0.0,0.0,0.0,0.0,0.0,0.0,0.0,0.0,0.0,0.01199520191923231,21.231507397041153,8.756497401039585,0.0,0.0,0.0,0.0,0.0,0.0,0.0,0.0,0.0,0.0,0.0,0.0,0.0,0.0,0.0,0.0,0.0,0.395,0.00855,0.0,0.0,0.0,0.0,0.0,0.0,0.0,0.0,0.0,0.0,0.026052974381241864,21.4285714285714,8.54537559704733,0.0,0.0,0.0,0.0,0.0,0.0,0.0,0.0,0.0,0.0,0.0,0.0,0.0,0.0,0.0,0.0,0.0
14400,5006,2599,0.5191769876148622,1236,1007,0.4480623252097483,1407,0.5621254494606472,0.422,3.0012463647694223,3.1635252630751247,6.697503671071953,2.191187045862848,8379.1339592489,506.32717804588754,7853.0,8866.4,8866.4,0.0,7853.0,0.0,27.887335197762685,20.931677650279287,32.83016175071361,19.199443574252268,0.13963244107071515,0.0998801438274071,0.0912904514582501,0.09568517778665601,0.07890531362365162,0.07251298441869757,0.06272473032361167,0.06532161406312426,0.05952856572113464,0.055733120255693165,0.04434678385936876,0.03995205753096284,0.034758290051937674,0.024970035956851776,0.015781062724730323,0.010787055533359968,0.008190171793847383,0.93166510830438,0.023098555021027808,0.0,0.0,0.0,0.0,0.0,0.0,0.0,0.0,0.0,0.0,0.0,0.0,0.0,0.0,0.0,0.0,0.0,0.0,0.0,0.0,0.0,0.0,0.0,0.0,0.0,0.047942469037155426,2.4450659208949266,13.435876947662807,12.009588493807435,2.061526168597683,4.320608317815021,2.9233860672141327,nan,nan,nan,4.315059861373661,2.909523080391838,4.325993883792049,2.936769456032101,1.0025339213752893,0.3948,0.00879,0.0,0.0,0.0,0.0,0.0,0.0,0.0,0.0,0.0,0.0,0.005992808629644428,21.921693967239282,8.072313224131044,0.0,0.0,0.0,0.0,0.0,0.0,0.0,0.0,0.0,0.0,0.0,0.0,0.0,0.0,0.0,0.0,0.0,nan,nan,4.320608317815021,2.9233860672141327,nan,0.3948,0.0414,0.0,0.0,0.0,0.0,0.0,0.0,0.0,0.0,0.0,0.0,0.0,0.0,0.0,0.0,0.0,0.0,0.0,0.0,0.0,0.0,0.0,0.0,0.0,0.0,5.992808629644427e-05,0.0,0.0,0.0002896524170994806,0.000449460647223332,0.0008789452656811826,0.011266480223731522,0.009888134238913304,0.021144626448262087,0.06095685177786656,0.032510986815821014,0.04718337994406712,0.08600679184978026,0.07559928086296444,0.06964642429085098,0.09104075109868158,0.061246504194966044,0.07275269676388334,0.1340291650019976,0.06919696364362765,0.052566919696364366,0.03767479025169796,0.02917499001198562,0.00673192169396724,0.023661606072712744,0.003825409508589692,0.0007291250499400719,0.0005992808629644426,0.0003695565321614063,7.990411506192568e-05,0.0004394726328405913,0.0,0.0,0.0,0.0,0.0,0.0,0.0,0.0,0.0,0.0,0.0,0.0,0.0,0.0,0.0,0.0,0.0,0.0,0.0,0.0,0.0,0.0,0.0,0.0,0.0,0.0,0.0,0.0,0.0,0.0,0.0,0.0,0.0,0.0,0.0,0.0,0.0,0.0,0.0,0.0,0.0,0.0,0.0,0.0,0.0,0.0,nan,nan,4.320608317815021,2.9233860672141327,nan,0.9318888839183748,0.023043311568101132,0.0,0.0,0.0,0.0,0.0,0.0,0.0,0.0,0.0,0.0,0.0,0.0,0.0,0.0,0.0,0.0,0.0,0.0,0.0,0.0,0.0,0.0,0.0,0.0,0.0,0.03462870334744133,2.3432089265101967,13.401308195459794,12.050788764909584,2.17006540977299,0.9314234827037268,0.023155629058259467,0.0,0.0,0.0,0.0,0.0,0.0,0.0,0.0,0.0,0.0,0.0,0.0,0.0,0.0,0.0,0.0,0.0,0.0,0.0,0.0,0.0,0.0,0.0,0.0,0.0,0.06231823847112589,2.555047777316162,13.47320315745742,11.965101786456172,1.944329040299128,0.3948,0.008766,0.0,0.0,0.0,0.0,0.0,0.0,0.0,0.0,0.0,0.0,0.0,21.954597922277767,8.045402077722203,0.0,0.0,0.0,0.0,0.0,0.0,0.0,0.0,0.0,0.0,0.0,0.0,0.0,0.0,0.0,0.0,0.0,0.3948,0.00881,0.0,0.0,0.0,0.0,0.0,0.0,0.0,0.0,0.0,0.0,0.01246364769422518,21.88616535105938,8.101371001246367,0.0,0.0,0.0,0.0,0.0,0.0,0.0,0.0,0.0,0.0,0.0,0.0,0.0,0.0,0.0,0.0,0.0
14500,4551,2351,0.5165897604921995,1095,899,0.43814546253570646,1268,0.5572401669962646,0.426,2.9977272727272726,3.0717916474949654,6.279940119760479,2.235616432829592,8376.512063282795,506.4210150933461,7853.0,8866.4,8866.4,0.0,7853.0,0.0,28.423643155350472,21.297813018598617,33.398380355276906,19.567044872071353,0.13667325862447813,0.1043726653482751,0.09338606899582509,0.08196000878927708,0.07734563832124808,0.07361019556141507,0.07009448472863107,0.05888815644913206,0.055592177543397056,0.05647110525159306,0.04987914744012305,0.03845308723357504,0.035816304108987035,0.02790595473522303,0.015381234893430015,0.014722039112283015,0.009448472863107009,0.9313212100738119,0.023342057572844348,0.0,0.0,0.0,0.0,0.0,0.0,0.0,0.0,0.0,0.0,0.0,0.0,0.0,0.0,0.0,0.0,0.0,0.0,0.0,0.0,0.0,0.0,0.0,0.0,0.0,0.11865524060646014,2.518127883981543,13.322346736980887,12.135794330916285,1.9050758075148324,4.221882432891607,2.8363514998241066,nan,nan,nan,4.190767141887305,2.8278743505054975,4.253061224489796,2.8444792243003025,1.014864601275469,0.395,0.00903,0.0,0.0,0.0,0.0,0.0,0.0,0.0,0.0,0.0,0.0,0.006591957811470008,21.52274225444954,8.47066578773896,0.0,0.0,0.0,0.0,0.0,0.0,0.0,0.0,0.0,0.0,0.0,0.0,0.0,0.0,0.0,0.0,0.0,nan,nan,4.221882432891607,2.8363514998241066,nan,0.395,0.04193,0.0,0.0,0.0,0.0,0.0,0.0,0.0,0.0,0.0,0.0,0.0,0.0,0.0,0.0,0.0,0.0,0.0,0.0,0.0,0.0,0.0,0.0,0.0,0.0,6.591957811470006e-05,0.0,0.0,0.00037354427598330035,0.0005053834322127005,0.000966820479015601,0.013403647549989014,0.00947044605581191,0.02017139090309822,0.05956932542298396,0.03361898483849703,0.04891232696110745,0.08456383212480774,0.07704900021973193,0.06820479015600966,0.0880685563612393,0.05955833882663151,0.07248956273346517,0.1335420786640299,0.07228081740276862,0.053482751043726656,0.03388266315095583,0.02988354207866403,0.0071742474181498575,0.025181278839815423,0.004098000439463854,0.0013843111404087014,0.0007361019556141507,0.0004065040650406504,0.00017578554163920018,0.0007800483410239508,0.0,0.0,0.0,0.0,0.0,0.0,0.0,0.0,0.0,0.0,0.0,0.0,0.0,0.0,0.0,0.0,0.0,0.0,0.0,0.0,0.0,0.0,0.0,0.0,0.0,0.0,0.0,0.0,0.0,0.0,0.0,0.0,0.0,0.0,0.0,0.0,0.0,0.0,0.0,0.0,0.0,0.0,0.0,0.0,0.0,0.0,nan,nan,4.221882432891607,2.8363514998241066,nan,0.9320804731788052,0.02326916583310888,0.0,0.0,0.0,0.0,0.0,0.0,0.0,0.0,0.0,0.0,0.0,0.0,0.0,0.0,0.0,0.0,0.0,0.0,0.0,0.0,0.0,0.0,0.0,0.0,0.0,0.08932369204593792,2.4117396852403234,13.079540621012338,12.41599319438537,2.003402807316036,0.9305098339102486,0.023392478336046976,0.0,0.0,0.0,0.0,0.0,0.0,0.0,0.0,0.0,0.0,0.0,0.0,0.0,0.0,0.0,0.0,0.0,0.0,0.0,0.0,0.0,0.0,0.0,0.0,0.0,0.15000000000000002,2.6318181818181823,13.581818181818186,11.83636363636364,1.8000000000000005,0.395,0.009,0.0,0.0,0.0,0.0,0.0,0.0,0.0,0.0,0.0,0.0,0.012760527435133989,21.59081242024667,8.396427052318163,0.0,0.0,0.0,0.0,0.0,0.0,0.0,0.0,0.0,0.0,0.0,0.0,0.0,0.0,0.0,0.0,0.0,0.3948,0.00906,0.0,0.0,0.0,0.0,0.0,0.0,0.0,0.0,0.0,0.0,0.0,21.44999999999997,8.550000000000002,0.0,0.0,0.0,0.0,0.0,0.0,0.0,0.0,0.0,0.0,0.0,0.0,0.0,0.0,0.0,0.0,0.0
14600,4879,2460,0.5042016806722689,1182,1009,0.4490674318507891,1397,0.5726583316253331,0.38999999999999996,2.9458453906572966,3.0873935719766608,6.538123167155425,2.135961051922152,8363.957983193277,506.68210899845826,7853.0,8866.4,8866.399999999998,1.8189894035458565e-12,7853.0,0.0,27.74543963927034,20.67493973450986,32.50558523555124,18.989333753224486,0.1371182619389219,0.101250256200041,0.09838081574093052,0.08505841360934618,0.07706497233039557,0.07747489239598278,0.07337569174011067,0.06517729042836647,0.06087312973970076,0.05001024800163968,0.04406640705062513,0.03730272596843615,0.033408485345357654,0.02541504406640705,0.01844640295142447,0.009223201475712236,0.006353761016601763,0.9310612037890904,0.02312746045736563,0.0,0.0,0.0,0.0,0.0,0.0,0.0,0.0,0.0,0.0,0.0,0.0,0.0,0.0,0.0,0.0,0.0,0.0,0.0,0.0,0.0,0.0,0.0,0.0,0.0,0.061488009838081586,2.6747284279565493,13.422832547653211,11.916376306620212,1.9245747079319537,4.209035952911231,2.8434418843335534,nan,nan,nan,4.14367816091954,2.8208166636511027,4.276015228426396,2.863977809475679,1.0319371008962455,0.395,0.00893,0.0,0.0,0.0,0.0,0.0,0.0,0.0,0.0,0.0,0.0,0.0061488009838081585,21.237958598073345,8.755892600942818,0.0,0.0,0.0,0.0,0.0,0.0,0.0,0.0,0.0,0.0,0.0,0.0,0.0,0.0,0.0,0.0,0.0,nan,nan,4.209035952911231,2.8434418843335534,nan,0.395,0.04193,0.0,0.0,0.0,0.0,0.0,0.0,0.0,0.0,0.0,0.0,0.0,0.0,0.0,0.0,0.0,0.0,0.0,0.0,0.0,0.0,0.0,0.0,0.0,1.0248001639680263e-05,9.223201475712236e-05,0.0,0.0,0.0004714080754252921,0.000625128100020496,0.001096536175445788,0.012553802008608322,0.010288993646238984,0.01866161098585776,0.0593461774953884,0.03236318917811027,0.05101455216232834,0.08238368518138962,0.07926829268292683,0.0694712031153925,0.08465874154539865,0.060002049600327935,0.07064972330395573,0.13652387784382045,0.0725353556056569,0.05490879278540685,0.033346997335519574,0.028171756507481042,0.009305185488829679,0.024379995900799343,0.004478376716540274,0.0010452961672473868,0.000860832137733142,0.0002971920475507276,0.00013322402131584342,0.001055544168887067,0.0,0.0,0.0,0.0,0.0,0.0,0.0,0.0,0.0,0.0,0.0,0.0,0.0,0.0,0.0,0.0,0.0,0.0,0.0,0.0,0.0,0.0,0.0,0.0,0.0,0.0,0.0,0.0,0.0,0.0,0.0,0.0,0.0,0.0,0.0,0.0,0.0,0.0,0.0,0.0,0.0,0.0,0.0,0.0,0.0,0.0,nan,nan,4.209035952911231,2.8434418843335534,nan,0.9309694993544401,0.023016208128897826,0.0,0.0,0.0,0.0,0.0,0.0,0.0,0.0,0.0,0.0,0.0,0.0,0.0,0.0,0.0,0.0,0.0,0.0,0.0,0.0,0.0,0.0,0.0,0.0,0.0,0.07317073170731708,2.5609756097560985,13.646341463414638,11.804878048780491,1.9146341463414638,0.9311544625361925,0.023239681115635444,0.0,0.0,0.0,0.0,0.0,0.0,0.0,0.0,0.0,0.0,0.0,0.0,0.0,0.0,0.0,0.0,0.0,0.0,0.0,0.0,0.0,0.0,0.0,0.0,0.0,0.0496072757337743,2.7904092600248043,13.195535345183963,12.029764365440268,1.9346837536171975,0.395,0.00889,0.0,0.0,0.0,0.0,0.0,0.0,0.0,0.0,0.0,0.0,0.0,21.280487804878017,8.719512195121952,0.0,0.0,0.0,0.0,0.0,0.0,0.0,0.0,0.0,0.0,0.0,0.0,0.0,0.0,0.0,0.0,0.0,0.3953,0.00895,0.0,0.0,0.0,0.0,0.0,0.0,0.0,0.0,0.0,0.0,0.012401818933443574,21.194708557255034,8.792889623811494,0.0,0.0,0.0,0.0,0.0,0.0,0.0,0.0,0.0,0.0,0.0,0.0,0.0,0.0,0.0,0.0,0.0
14700,4886,2489,0.5094146541137945,1173,995,0.44371674171101105,1385,0.5669259107654523,0.40199999999999997,2.994993742177722,3.1356443198067456,6.672992700729927,2.177774382878181,8369.240810478917,506.6101686064001,7853.0,8866.4,8866.400000000001,1.8189894035458565e-12,7853.0,0.0,28.23925501432665,21.168028002499025,33.30549450549451,19.377723614929906,0.14121981170691772,0.10028653295128939,0.0865738845681539,0.08329922226770364,0.08493655341792877,0.07449856733524356,0.07306590257879657,0.062218583708555056,0.053622595169873104,0.05157593123209169,0.046049938600081865,0.03970528039295947,0.03479328694228408,0.030495292672943104,0.01882930822758903,0.01125665165779779,0.00757265656979124,0.9308659014304642,0.022781854003903115,0.0,0.0,0.0,0.0,0.0,0.0,0.0,0.0,0.0,0.0,0.0,0.0,0.0,0.0,0.0,0.0,0.0,0.0,0.0,0.0,0.0,0.0,0.0,0.0,0.0,0.11051985264019651,2.5910765452312736,13.563241915677448,12.058943921408108,1.6762177650429804,4.296904611497157,2.9104832447553233,nan,nan,nan,4.287066246056782,2.8989702139906766,4.3067678684376975,2.921946617029297,1.0045955955075423,0.3955,0.00869,0.0,0.0,0.0,0.0,0.0,0.0,0.0,0.0,0.0,0.0,0.0,20.863692181743726,9.136307818256244,0.0,0.0,0.0,0.0,0.0,0.0,0.0,0.0,0.0,0.0,0.0,0.0,0.0,0.0,0.0,0.0,0.0,nan,nan,4.296904611497157,2.9104832447553233,nan,0.3955,0.04208,0.0,0.0,0.0,0.0,0.0,0.0,0.0,0.0,0.0,0.0,0.0,0.0,0.0,0.0,0.0,0.0,0.0,0.0,0.0,0.0,0.0,0.0,0.0,0.0,0.00019443307408923454,0.0,0.0,0.0003683995088006549,0.0005423659435120753,0.0013610315186246419,0.012177650429799427,0.01174785100286533,0.018256242325010233,0.05670282439623414,0.030659025787965616,0.05242529676627098,0.0813548915268113,0.0803315595579206,0.06588211215718379,0.08516168645108473,0.06024355300859599,0.07195047073270569,0.1352333196889071,0.0747134670487106,0.055126893164142446,0.03242939009414654,0.029993860008186657,0.009158821121571839,0.025818665575112566,0.0051268931641424475,0.0009209987720016373,0.0007060990585345886,0.0003274662300450266,5.116659844453541e-05,0.001023331968890708,0.0,0.0,0.0,1.0233319688907081e-05,0.0,0.0,0.0,0.0,0.0,0.0,0.0,0.0,0.0,0.0,0.0,0.0,0.0,0.0,0.0,0.0,0.0,0.0,0.0,0.0,0.0,0.0,0.0,0.0,0.0,0.0,0.0,0.0,0.0,0.0,0.0,0.0,0.0,0.0,0.0,0.0,0.0,0.0,0.0,0.0,0.0,0.0,nan,nan,4.296904611497157,2.9104832447553233,nan,0.9302576656033112,0.0228523750218629,0.0,0.0,0.0,0.0,0.0,0.0,0.0,0.0,0.0,0.0,0.0,0.0,0.0,0.0,0.0,0.0,0.0,0.0,0.0,0.0,0.0,0.0,0.0,0.0,0.0,0.13258336681398153,2.6998794696665334,13.692245881880275,11.811972679791083,1.663318601848132,0.9314974821454344,0.022691146680684622,0.0,0.0,0.0,0.0,0.0,0.0,0.0,0.0,0.0,0.0,0.0,0.0,0.0,0.0,0.0,0.0,0.0,0.0,0.0,0.0,0.0,0.0,0.0,0.0,0.0,0.08760951188986235,2.478097622027535,13.429286608260329,12.315394242803507,1.689612015018774,0.3958,0.00875,0.0,0.0,0.0,0.0,0.0,0.0,0.0,0.0,0.0,0.0,0.0,20.719164323021264,9.280835676978707,0.0,0.0,0.0,0.0,0.0,0.0,0.0,0.0,0.0,0.0,0.0,0.0,0.0,0.0,0.0,0.0,0.0,0.3955,0.008644,0.0,0.0,0.0,0.0,0.0,0.0,0.0,0.0,0.0,0.0,0.0,21.013767209011235,8.986232790988737,0.0,0.0,0.0,0.0,0.0,0.0,0.0,0.0,0.0,0.0,0.0,0.0,0.0,0.0,0.0,0.0,0.0
14800,4929,2521,0.5114627713532157,1205,973,0.4418746195982958,1410,0.5721241631162508,0.40599999999999997,2.9667774086378738,3.0388775325923025,6.442600276625173,2.103927668465689,8371.31637248935,506.5668266775752,7853.0,8866.4,8866.4,0.0,7853.0,0.0,28.19091093528099,20.944822896591614,33.09971098265896,19.166537150771962,0.13958206532765266,0.09413674173260296,0.09352809900588355,0.08744167173868939,0.08236964901602759,0.07608034083992696,0.06674781903022925,0.06187867721647393,0.05883546358287685,0.05335767904240211,0.05153175086224386,0.036924325420977885,0.035909920876445525,0.026374518157841347,0.018462162710488943,0.009129640900791236,0.007709474538445932,0.9297206899558199,0.023155080471046318,0.0,0.0,0.0,0.0,0.0,0.0,0.0,0.0,0.0,0.0,0.0,0.0,0.0,0.0,0.0,0.0,0.0,0.0,0.0,0.0,0.0,0.0,0.0,0.0,0.0,0.06086427267194158,2.994522215459526,13.810103469263545,11.466828971393795,1.6676810712111994,4.300909946658299,2.82911636233637,nan,nan,nan,4.324675324675325,2.79991888019093,4.277246653919694,2.8593988352241824,0.9890330100655148,0.3958,0.00872,0.0,0.0,0.0,0.0,0.0,0.0,0.0,0.0,0.0,0.0,0.0060864272671941584,20.61472915398658,9.379184418746197,0.0,0.0,0.0,0.0,0.0,0.0,0.0,0.0,0.0,0.0,0.0,0.0,0.0,0.0,0.0,0.0,0.0,nan,nan,4.300909946658299,2.82911636233637,nan,0.3958,0.04184,0.0,0.0,0.0,0.0,0.0,0.0,0.0,0.0,0.0,0.0,0.0,0.0,0.0,0.0,0.0,0.0,0.0,0.0,0.0,0.0,0.0,0.0,0.0,0.0,9.129640900791235e-05,0.0,0.0,0.00033475349969567863,0.0005173463177115034,0.0016331913166970989,0.011706228443903429,0.01148305944410631,0.017204301075268817,0.056390748630553864,0.029945222154595254,0.05356055995130858,0.08074660174477581,0.0821566240616758,0.06432339216879691,0.08276526678839521,0.06088456076283222,0.07283424629742341,0.1402312842361534,0.07511665652262123,0.05476770135930209,0.03229864069791032,0.028646784337593833,0.007608034083992696,0.026394806248731993,0.004940150131872591,0.0011868533171028605,0.0007303712720632988,0.0005173463177115034,0.0,0.0009738283627510651,0.0,0.0,0.0,0.0,1.0144045445323596e-05,0.0,0.0,0.0,0.0,0.0,0.0,0.0,0.0,0.0,0.0,0.0,0.0,0.0,0.0,0.0,0.0,0.0,0.0,0.0,0.0,0.0,0.0,0.0,0.0,0.0,0.0,0.0,0.0,0.0,0.0,0.0,0.0,0.0,0.0,0.0,0.0,0.0,0.0,0.0,0.0,0.0,nan,nan,4.300909946658299,2.82911636233637,nan,0.9294718711066936,0.023422408511622236,0.0,0.0,0.0,0.0,0.0,0.0,0.0,0.0,0.0,0.0,0.0,0.0,0.0,0.0,0.0,0.0,0.0,0.0,0.0,0.0,0.0,0.0,0.0,0.0,0.0,0.07140023800079334,3.284410948036494,13.42324474414915,11.554938516461725,1.666005553351845,0.9299811851047598,0.02286895931098877,0.0,0.0,0.0,0.0,0.0,0.0,0.0,0.0,0.0,0.0,0.0,0.0,0.0,0.0,0.0,0.0,0.0,0.0,0.0,0.0,0.0,0.0,0.0,0.0,0.0,0.04983388704318938,2.691029900332227,14.21511627906977,11.374584717607977,1.6694352159468442,0.3958,0.00866,0.0,0.0,0.0,0.0,0.0,0.0,0.0,0.0,0.0,0.0,0.0,20.741769139230435,9.258230860769537,0.0,0.0,0.0,0.0,0.0,0.0,0.0,0.0,0.0,0.0,0.0,0.0,0.0,0.0,0.0,0.0,0.0,0.3958,0.00879,0.0,0.0,0.0,0.0,0.0,0.0,0.0,0.0,0.0,0.0,0.012458471760797346,20.4817275747508,9.505813953488374,0.0,0.0,0.0,0.0,0.0,0.0,0.0,0.0,0.0,0.0,0.0,0.0,0.0,0.0,0.0,0.0,0.0
14900,4846,2427,0.5008254230293026,1157,1011,0.4473792818819645,1390,0.5736690053652497,0.39399999999999996,2.885903265812319,3.008635037299483,6.31524926686217,2.148183918121811,8360.536483697895,506.6993095466215,7853.0,8866.4,8866.4,0.0,7853.0,0.0,28.110400330169213,20.96849205507726,33.04907975460123,19.208945922346363,0.140321914981428,0.09616178291374329,0.0926537350392076,0.08439950474618242,0.07903425505571605,0.07965332232769294,0.07139909203466777,0.0660338423442014,0.05674783326454808,0.05076351630210483,0.04560462236896409,0.04312835328105654,0.029508873297565002,0.024969046636401156,0.019191085431283533,0.012587701196863392,0.007841518778373916,0.9311390729099082,0.023452390263658134,0.0,0.0,0.0,0.0,0.0,0.0,0.0,0.0,0.0,0.0,0.0,0.0,0.0,0.0,0.0,0.0,0.0,0.0,0.0,0.0,0.0,0.0,0.0,0.0,0.0,0.07428807263722659,2.6991333058192333,13.229467602146103,12.065621130829554,1.9314898885678915,4.248328557784145,2.8335048953580344,nan,nan,nan,4.142307692307693,2.793583271547321,4.352941176470588,2.8685141977027317,1.0508493090829645,0.396,0.00882,0.0,0.0,0.0,0.0,0.0,0.0,0.0,0.0,0.0,0.0,0.0,20.31159719356167,9.688402806438301,0.0,0.0,0.0,0.0,0.0,0.0,0.0,0.0,0.0,0.0,0.0,0.0,0.0,0.0,0.0,0.0,0.0,nan,nan,4.248328557784145,2.8335048953580344,nan,0.396,0.04208,0.0,0.0,0.0,0.0,0.0,0.0,0.0,0.0,0.0,0.0,0.0,0.0,0.0,0.0,0.0,0.0,0.0,0.0,0.0,0.0,0.0,0.0,0.0,0.0,0.0001341312422616591,0.0,0.0,0.0002063557573256294,0.0006500206355757325,0.001692117210070161,0.01129797771357821,0.011566240198101527,0.020398266611638464,0.05599463475030953,0.029746182418489475,0.05263103590590178,0.07852868345026827,0.07858027238959966,0.06377424680148576,0.08244944283945523,0.06262897234832852,0.07407139909203467,0.140249690466364,0.07558811390837804,0.05353900123813454,0.03320264135369377,0.0293437886917045,0.0076867519603796945,0.026527032604209657,0.00533429632686752,0.0015992571192736276,0.0008460586050350805,0.0005468427569129178,1.0317787866281469e-05,0.0011762278167560874,0.0,0.0,0.0,0.0,0.0,0.0,0.0,0.0,0.0,0.0,0.0,0.0,0.0,0.0,0.0,0.0,0.0,0.0,0.0,0.0,0.0,0.0,0.0,0.0,0.0,0.0,0.0,0.0,0.0,0.0,0.0,0.0,0.0,0.0,0.0,0.0,0.0,0.0,0.0,0.0,0.0,0.0,0.0,0.0,0.0,0.0,nan,nan,4.248328557784145,2.8335048953580344,nan,0.930995797000896,0.023395046171505063,0.0,0.0,0.0,0.0,0.0,0.0,0.0,0.0,0.0,0.0,0.0,0.0,0.0,0.0,0.0,0.0,0.0,0.0,0.0,0.0,0.0,0.0,0.0,0.0,0.0,0.07416563658838073,2.6576019777503097,13.374536464771326,11.977750309023488,1.9159456118665021,0.9312828226540886,0.02350890591536681,0.0,0.0,0.0,0.0,0.0,0.0,0.0,0.0,0.0,0.0,0.0,0.0,0.0,0.0,0.0,0.0,0.0,0.0,0.0,0.0,0.0,0.0,0.0,0.0,0.0,0.07441091360066145,2.7408019842910303,13.083918974782971,12.153782554774704,1.947085572550641,0.396,0.00884,0.0,0.0,0.0,0.0,0.0,0.0,0.0,0.0,0.0,0.0,0.0,20.30902348578489,9.690976514215082,0.0,0.0,0.0,0.0,0.0,0.0,0.0,0.0,0.0,0.0,0.0,0.0,0.0,0.0,0.0,0.0,0.0,0.396,0.0088,0.0,0.0,0.0,0.0,0.0,0.0,0.0,0.0,0.0,0.0,0.0,20.31417941298054,9.685820587019432,0.0,0.0,0.0,0.0,0.0,0.0,0.0,0.0,0.0,0.0,0.0,0.0,0.0,0.0,0.0,0.0,0.0
15000,4741,2445,0.5157139843914786,1120,990,0.4450537861210715,1353,0.5707656612529002,0.414,2.8967770034843205,3.0064199708066215,6.388083735909823,2.096493437559259,8375.624551782324,506.4497000201816,7853.0,8866.4,8866.399999999998,1.8189894035458565e-12,7853.0,0.0,28.145327989875554,20.937925496858483,33.205438066465256,19.100059595991688,0.14174224847078676,0.095338536173803,0.08816705336426914,0.09238557266399494,0.07909723686985869,0.07023834634043451,0.07530056950010547,0.0641214933558321,0.05758278844125712,0.052309639316599876,0.046825564226956336,0.039654081417422486,0.030795190887998314,0.030795190887998314,0.019194262813752375,0.010757224214300781,0.005695001054629825,0.9314707701303264,0.023409849781774014,0.0,0.0,0.0,0.0,0.0,0.0,0.0,0.0,0.0,0.0,0.0,0.0,0.0,0.0,0.0,0.0,0.0,0.0,0.0,0.0,0.0,0.0,0.0,0.0,0.0,0.08858890529424175,2.6133727061801317,13.123813541446955,12.07973001476482,2.0944948323138584,4.180718954248366,2.812963827740535,nan,nan,nan,4.214935064935065,2.8519595101844435,4.1441737985516784,2.772410147106114,0.983211777810751,0.396,0.00912,0.0,0.0,0.0,0.0,0.0,0.0,0.0,0.0,0.0,0.0,0.0,20.331153765028443,9.668846234971527,0.0,0.0,0.0,0.0,0.0,0.0,0.0,0.0,0.0,0.0,0.0,0.0,0.0,0.0,0.0,0.0,0.0,nan,nan,4.180718954248366,2.812963827740535,nan,0.396,0.04236,0.0,0.0,0.0,0.0,0.0,0.0,0.0,0.0,0.0,0.0,0.0,0.0,0.0,0.0,0.0,0.0,0.0,0.0,0.0,0.0,0.0,0.0,0.0,0.0,0.00024256485973423329,0.0,1.054629824931449e-05,0.0005695001054629824,0.0009386205441889897,0.00176123180763552,0.013109048723897912,0.011210715039021303,0.020681290866905715,0.056559797511073616,0.028917949799620334,0.05183505589538072,0.07902341278211347,0.07435140265766715,0.06345707656612529,0.08282008015186669,0.06644167897068129,0.07588061590381776,0.13546720101244464,0.07565914364058215,0.05306897279055052,0.03367433031006117,0.030288968572031217,0.009217464669900866,0.026407930816283485,0.004682556422695634,0.0015608521408985445,0.0007276945792026999,0.000537861210715039,0.0,0.0008964353511917317,0.0,0.0,0.0,0.0,0.0,0.0,0.0,0.0,0.0,0.0,0.0,0.0,0.0,0.0,0.0,0.0,0.0,0.0,0.0,0.0,0.0,0.0,0.0,0.0,0.0,0.0,0.0,0.0,0.0,0.0,0.0,0.0,0.0,0.0,0.0,0.0,0.0,0.0,0.0,0.0,0.0,0.0,0.0,0.0,0.0,0.0,nan,nan,4.180718954248366,2.812963827740535,nan,0.9310393642550353,0.023075266193779073,0.0,0.0,0.0,0.0,0.0,0.0,0.0,0.0,0.0,0.0,0.0,0.0,0.0,0.0,0.0,0.0,0.0,0.0,0.0,0.0,0.0,0.0,0.0,0.0,0.0,0.04907975460122701,2.723926380368099,13.496932515337427,11.619631901840494,2.110429447852761,0.9319301722928207,0.02375235386209495,0.0,0.0,0.0,0.0,0.0,0.0,0.0,0.0,0.0,0.0,0.0,0.0,0.0,0.0,0.0,0.0,0.0,0.0,0.0,0.0,0.0,0.0,0.0,0.0,0.0,0.13066202090592338,2.4956445993031364,12.726480836236936,12.56968641114983,2.0775261324041816,0.3958,0.0091,0.0,0.0,0.0,0.0,0.0,0.0,0.0,0.0,0.0,0.0,0.0,20.34355828220856,9.656441717791413,0.0,0.0,0.0,0.0,0.0,0.0,0.0,0.0,0.0,0.0,0.0,0.0,0.0,0.0,0.0,0.0,0.0,0.396,0.00915,0.0,0.0,0.0,0.0,0.0,0.0,0.0,0.0,0.0,0.0,0.0,20.31794425087105,9.68205574912892,0.0,0.0,0.0,0.0,0.0,0.0,0.0,0.0,0.0,0.0,0.0,0.0,0.0,0.0,0.0,0.0,0.0
15100,4709,2519,0.5349331068167339,1232,916,0.45614780208112127,1277,0.5423656827351879,0.418,3.0397260273972604,3.1389105980085845,6.66295707472178,2.1115726626013087,8395.101210448078,505.46181289867064,7853.0,8866.4,8866.4,0.0,7853.0,0.0,28.58292631131875,20.828409727802516,33.21715282971827,19.07603871419611,0.1314504141006583,0.09195158207687407,0.09534933106816734,0.0885538330855808,0.07836058611170099,0.07602463368018687,0.06944149500955617,0.06689318326608622,0.06009768528349968,0.05415162454873646,0.04799320450201741,0.04077298789551922,0.04034826927160756,0.023996602251008706,0.016351667020598853,0.009768528349968147,0.00849437247823317,0.9308225584399753,0.02290820545029805,0.0,0.0,0.0,0.0,0.0,0.0,0.0,0.0,0.0,0.0,0.0,0.0,0.0,0.0,0.0,0.0,0.0,0.0,0.0,0.0,0.0,0.0,0.0,0.0,0.0,0.07007857294542368,2.752176682947548,13.525164578466768,11.811424930983227,1.8411552346570401,4.1004830917874395,2.9356298254269615,nan,nan,nan,4.194282001299545,2.953935897239086,4.008301404853129,2.914587883362718,0.9556585378882985,0.3962,0.00894,0.0,0.0,0.0,0.0,0.0,0.0,0.0,0.0,0.0,0.0,0.019112338076024638,19.832236143554866,10.148651518369082,0.0,0.0,0.0,0.0,0.0,0.0,0.0,0.0,0.0,0.0,0.0,0.0,0.0,0.0,0.0,0.0,0.0,nan,nan,4.1004830917874395,2.9356298254269615,nan,0.3962,0.0422,0.0,0.0,0.0,0.0,0.0,0.0,0.0,0.0,0.0,0.0,0.0,0.0,0.0,0.0,0.0,0.0,0.0,0.0,0.0,0.0,0.0,0.0,0.0,0.0,0.00025483117434699513,0.0,0.0,0.0008069653854321512,0.0008812911446166914,0.0021448290507538755,0.012858356338925462,0.011562964535994903,0.018910596729666596,0.05478870248460395,0.02859418135485241,0.051401571458908474,0.07775536207262689,0.07304098534720747,0.06396262476109578,0.08503928647271183,0.06801868761945211,0.07426205139095349,0.13448715226162666,0.07711828413675939,0.05603100445954555,0.034880016988744954,0.02874283287322149,0.009545551072414525,0.02655553196007645,0.0047249946910172015,0.001879379910809089,0.0008069653854321512,0.0002335952431514122,0.0,0.0007114036950520281,0.0,0.0,0.0,0.0,0.0,0.0,0.0,0.0,0.0,0.0,0.0,0.0,0.0,0.0,0.0,0.0,0.0,0.0,0.0,0.0,0.0,0.0,0.0,0.0,0.0,0.0,0.0,0.0,0.0,0.0,0.0,0.0,0.0,0.0,0.0,0.0,0.0,0.0,0.0,0.0,0.0,0.0,0.0,0.0,0.0,0.0,nan,nan,4.1004830917874395,2.9356298254269615,nan,0.9309222984522191,0.022886725098483524,0.0,0.0,0.0,0.0,0.0,0.0,0.0,0.0,0.0,0.0,0.0,0.0,0.0,0.0,0.0,0.0,0.0,0.0,0.0,0.0,0.0,0.0,0.0,0.0,0.0,0.08336641524414452,2.6439063120285833,13.743549027391825,11.695117109964274,1.8340611353711793,0.9307078346542027,0.022932351435117116,0.0,0.0,0.0,0.0,0.0,0.0,0.0,0.0,0.0,0.0,0.0,0.0,0.0,0.0,0.0,0.0,0.0,0.0,0.0,0.0,0.0,0.0,0.0,0.0,0.0,0.054794520547945216,2.876712328767124,13.273972602739729,11.945205479452058,1.8493150684931512,0.3962,0.00889,0.0,0.0,0.0,0.0,0.0,0.0,0.0,0.0,0.0,0.0,0.011909487892020646,19.948392219134547,10.039698292973405,0.0,0.0,0.0,0.0,0.0,0.0,0.0,0.0,0.0,0.0,0.0,0.0,0.0,0.0,0.0,0.0,0.0,0.3965,0.009,0.0,0.0,0.0,0.0,0.0,0.0,0.0,0.0,0.0,0.0,0.027397260273972608,19.69863013698627,10.273972602739727,0.0,0.0,0.0,0.0,0.0,0.0,0.0,0.0,0.0,0.0,0.0,0.0,0.0,0.0,0.0,0.0,0.0
15200,4637,2448,0.5279275393573432,1166,921,0.4500754798361009,1276,0.5503558335130472,0.434,3.0383736866148925,3.2296576078890595,7.016447368421052,2.1831575418400466,8388.00176838473,505.90898381655256,7853.0,8866.4,8866.399999999998,1.8189894035458565e-12,7853.0,0.0,27.25533750269571,20.52869082400945,32.15345005149331,18.835420210961825,0.14211774854431744,0.1013586370498167,0.0983394436057796,0.08971317662281647,0.07914599956868665,0.0776364028466681,0.07073538926029761,0.05865861548414923,0.06059952555531594,0.05412982531809359,0.04464093163683416,0.04119042484364891,0.027172740996333836,0.021134354108259652,0.017036877291352167,0.009488893681259434,0.006901013586370498,0.9312071321158155,0.023283369659011812,0.0,0.0,0.0,0.0,0.0,0.0,0.0,0.0,0.0,0.0,0.0,0.0,0.0,0.0,0.0,0.0,0.0,0.0,0.0,0.0,0.0,0.0,0.0,0.0,0.0,0.07763640284666812,2.6137588958378264,13.230536985119693,12.221263748113007,1.8568039680828126,4.32371903630811,3.0410142901531274,nan,nan,nan,4.300207039337474,3.0469536923352596,4.346461949265688,3.0350848124303873,1.0107564378889395,0.396,0.00869,0.0,0.0,0.0,0.0,0.0,0.0,0.0,0.0,0.0,0.0,0.0,20.217813241319792,9.782186758680183,0.0,0.0,0.0,0.0,0.0,0.0,0.0,0.0,0.0,0.0,0.0,0.0,0.0,0.0,0.0,0.0,0.0,nan,nan,4.32371903630811,3.0410142901531274,nan,0.396,0.04202,0.0,0.0,0.0,0.0,0.0,0.0,0.0,0.0,0.0,0.0,0.0,0.0,0.0,0.0,0.0,0.0,0.0,0.0,0.0,0.0,0.0,0.0,0.0,0.0,0.00015095967220185466,1.0782833728703903e-05,0.0,0.0009596722018546474,0.0009920207030407592,0.00265257709726116,0.013349148156135433,0.012260081949536338,0.017877938322191072,0.0544209618287686,0.029685141255121845,0.04987060599525555,0.07700021565667457,0.07318309251671339,0.06371576450291136,0.08513047228811732,0.0690748328660772,0.07324778951908562,0.13808496872978218,0.07669829631227086,0.056351089066206596,0.03450506793185249,0.028304938537847747,0.00870174681906405,0.026913952986844944,0.004194522320465819,0.001552728056933362,0.0004960103515203796,0.00019409100711667026,0.0,0.00042053051541945225,0.0,0.0,0.0,0.0,0.0,0.0,0.0,0.0,0.0,0.0,0.0,0.0,0.0,0.0,0.0,0.0,0.0,0.0,0.0,0.0,0.0,0.0,0.0,0.0,0.0,0.0,0.0,0.0,0.0,0.0,0.0,0.0,0.0,0.0,0.0,0.0,0.0,0.0,0.0,0.0,0.0,0.0,0.0,0.0,0.0,0.0,nan,nan,4.32371903630811,3.0410142901531274,nan,0.9313168353553302,0.022889595934383406,0.0,0.0,0.0,0.0,0.0,0.0,0.0,0.0,0.0,0.0,0.0,0.0,0.0,0.0,0.0,0.0,0.0,0.0,0.0,0.0,0.0,0.0,0.0,0.0,0.0,0.06127450980392158,2.512254901960785,13.394607843137258,12.254901960784316,1.7769607843137258,0.9310844489132885,0.0237153901849615,0.0,0.0,0.0,0.0,0.0,0.0,0.0,0.0,0.0,0.0,0.0,0.0,0.0,0.0,0.0,0.0,0.0,0.0,0.0,0.0,0.0,0.0,0.0,0.0,0.0,0.09593421653723164,2.7272727272727275,13.047053449063503,12.183645500228419,1.9460941068981275,0.3962,0.00873,0.0,0.0,0.0,0.0,0.0,0.0,0.0,0.0,0.0,0.0,0.0,20.073529411764675,9.926470588235295,0.0,0.0,0.0,0.0,0.0,0.0,0.0,0.0,0.0,0.0,0.0,0.0,0.0,0.0,0.0,0.0,0.0,0.396,0.00864,0.0,0.0,0.0,0.0,0.0,0.0,0.0,0.0,0.0,0.0,0.0,20.379168570123316,9.620831429876658,0.0,0.0,0.0,0.0,0.0,0.0,0.0,0.0,0.0,0.0,0.0,0.0,0.0,0.0,0.0,0.0,0.0
15300,4871,2534,0.5202217203859577,1172,968,0.4393348388421269,1352,0.5551221515089304,0.418,2.9614890885750964,3.0995833928498415,6.516616314199395,2.2202437267695467,8380.192691439128,506.28543293045715,7853.0,8866.4,8866.399999999998,1.8189894035458565e-12,7853.0,0.0,28.18332991172244,20.914698474385116,33.024324981756266,19.17016939605054,0.13487990145760623,0.09690002052966537,0.09648942722233628,0.08971463765140628,0.08006569492917265,0.07595976185588175,0.06610552247998358,0.06364196263600903,0.05543009648942722,0.05276123999178813,0.048450010264832685,0.04249640730856087,0.03428454116197906,0.027099158283719976,0.016629028946828165,0.012728392527201806,0.006364196263600903,0.9307686152998561,0.023246457807327942,0.0,0.0,0.0,0.0,0.0,0.0,0.0,0.0,0.0,0.0,0.0,0.0,0.0,0.0,0.0,0.0,0.0,0.0,0.0,0.0,0.0,0.0,0.0,0.0,0.0,0.05543009648942723,2.814617121740916,13.327858755902282,12.071443235475265,1.7306507903921169,4.274992015330565,2.8765859427971954,nan,nan,nan,4.399491094147582,2.880477368118225,4.148908857509627,2.868027141141112,0.9430429039914885,0.3962,0.00897,0.0,0.0,0.0,0.0,0.0,0.0,0.0,0.0,0.0,0.0,0.00615889960993636,20.09033052761237,9.903510572777666,0.0,0.0,0.0,0.0,0.0,0.0,0.0,0.0,0.0,0.0,0.0,0.0,0.0,0.0,0.0,0.0,0.0,nan,nan,4.274992015330565,2.8765859427971954,nan,0.3962,0.04245,0.0,0.0,0.0,0.0,0.0,0.0,0.0,0.0,0.0,0.0,0.0,0.0,0.0,0.0,0.0,0.0,0.0,0.0,0.0,0.0,0.0,0.0,0.0,0.0,0.00015397249024840895,0.0,1.0264832683227263e-05,0.0009135701088072264,0.0012317799219872716,0.0036850749332785876,0.014288647095052351,0.012471771710121125,0.017676041880517347,0.05480394169575036,0.02798193389447752,0.05275097515910491,0.07459453910901252,0.0707862861835352,0.06290289468281667,0.08361732703756929,0.07144323547526175,0.07057072469718743,0.13872921371381647,0.07775610757544651,0.05679531923629645,0.03485937179223979,0.029388215972079655,0.008160541983165674,0.02652432765345925,0.004588380209402587,0.00206323136932868,0.0006056251283104086,0.0002566208170806816,5.1324163416136314e-05,0.0003182098131800452,0.0,0.0,2.0529665366454526e-05,0.0,0.0,0.0,0.0,0.0,0.0,0.0,0.0,0.0,0.0,0.0,0.0,0.0,0.0,0.0,0.0,0.0,0.0,0.0,0.0,0.0,0.0,0.0,0.0,0.0,0.0,0.0,0.0,0.0,0.0,0.0,0.0,0.0,0.0,0.0,0.0,0.0,0.0,0.0,0.0,0.0,0.0,0.0,nan,nan,4.274992015330565,2.8765859427971954,nan,0.9305201757114142,0.023197056809839144,0.0,0.0,0.0,0.0,0.0,0.0,0.0,0.0,0.0,0.0,0.0,0.0,0.0,0.0,0.0,0.0,0.0,0.0,0.0,0.0,0.0,0.0,0.0,0.0,0.0,0.0828729281767956,2.888713496448304,13.38989739542226,12.075769534333073,1.5627466456195742,0.9310379973782094,0.02329691116720376,0.0,0.0,0.0,0.0,0.0,0.0,0.0,0.0,0.0,0.0,0.0,0.0,0.0,0.0,0.0,0.0,0.0,0.0,0.0,0.0,0.0,0.0,0.0,0.0,0.0,0.02567394094993582,2.734274711168165,13.260590500641852,12.066752246469836,1.9127086007702185,0.3962,0.009026,0.0,0.0,0.0,0.0,0.0,0.0,0.0,0.0,0.0,0.0,0.011838989739542229,19.972375690607706,10.015785319652727,0.0,0.0,0.0,0.0,0.0,0.0,0.0,0.0,0.0,0.0,0.0,0.0,0.0,0.0,0.0,0.0,0.0,0.396,0.00891,0.0,0.0,0.0,0.0,0.0,0.0,0.0,0.0,0.0,0.0,0.0,20.218228498074428,9.781771501925547,0.0,0.0,0.0,0.0,0.0,0.0,0.0,0.0,0.0,0.0,0.0,0.0,0.0,0.0,0.0,0.0,0.0
15400,5127,2629,0.5127755022430271,1252,1075,0.4538716598400624,1473,0.5746050321825629,0.35799999999999993,2.9683746997598077,3.059229927729032,6.431880108991826,2.1062040203341943,8372.646693973082,506.53457247770086,7853.0,8866.4,8866.399999999998,1.8189894035458565e-12,7853.0,0.0,28.225082894480202,20.72351475139324,33.0180013847219,18.95371088251219,0.13497171835381314,0.09381704700604641,0.09596255119953188,0.08230934269553344,0.08230934269553344,0.07723815096547688,0.07333723425004876,0.06163448410376438,0.06768090501267798,0.05246732982250829,0.04720109225668032,0.03452311293153891,0.03647357128925297,0.025746050321825628,0.016578896040569533,0.010142383460113126,0.0076067875950848445,0.9304071968355583,0.023329537913479456,0.0,0.0,0.0,0.0,0.0,0.0,0.0,0.0,0.0,0.0,0.0,0.0,0.0,0.0,0.0,0.0,0.0,0.0,0.0,0.0,0.0,0.0,0.0,0.0,0.0,0.07021650087770627,2.8145114101813933,13.703920421299008,11.609128145114104,1.8022235225277945,4.234975961538462,2.8273777858031144,nan,nan,nan,4.2746268656716415,2.802735512549853,4.194797338173019,2.851568513424914,0.9813247962904759,0.3958,0.0087,0.0,0.0,0.0,0.0,0.0,0.0,0.0,0.0,0.0,0.0,0.02925687536571095,20.813341135166734,9.157401989467527,0.0,0.0,0.0,0.0,0.0,0.0,0.0,0.0,0.0,0.0,0.0,0.0,0.0,0.0,0.0,0.0,0.0,nan,nan,4.234975961538462,2.8273777858031144,nan,0.3958,0.0427,0.0,0.0,0.0,0.0,0.0,0.0,0.0,0.0,0.0,0.0,0.0,0.0,0.0,0.0,0.0,0.0,0.0,0.0,0.0,0.0,0.0,0.0,0.0,0.0,9.752291788570315e-05,0.0,5.8513750731421886e-05,0.0013165593914569924,0.0011995318899941487,0.005197971523307978,0.01240491515506144,0.012921786619855666,0.020021455041934855,0.05372537546323386,0.02979325141408231,0.05219426565242832,0.07387361029842013,0.06902672127950069,0.06266822703335284,0.08551784669397308,0.07257655549054028,0.07081139067680906,0.13822898381119564,0.07505363760483713,0.056319485078993564,0.03545933294324166,0.029442168909693776,0.0071289252974449,0.027247903257265456,0.003920421299005266,0.0022527794031597425,0.0007509264677199142,0.00018529354398283597,8.777062609713282e-05,0.0004876145894285157,0.0,0.0,2.9256875365710943e-05,0.0,0.0,0.0,0.0,0.0,0.0,0.0,0.0,0.0,0.0,0.0,0.0,0.0,0.0,0.0,0.0,0.0,0.0,0.0,0.0,0.0,0.0,0.0,0.0,0.0,0.0,0.0,0.0,0.0,0.0,0.0,0.0,0.0,0.0,0.0,0.0,0.0,0.0,0.0,0.0,0.0,0.0,0.0,nan,nan,4.234975961538462,2.8273777858031144,nan,0.930877322772466,0.023123077129812604,0.0,0.0,0.0,0.0,0.0,0.0,0.0,0.0,0.0,0.0,0.0,0.0,0.0,0.0,0.0,0.0,0.0,0.0,0.0,0.0,0.0,0.0,0.0,0.0,0.0,0.04564473183720047,2.658805629516927,13.898820844427542,11.536705971852419,1.860022822365919,0.9299124165760984,0.02353473004082148,0.0,0.0,0.0,0.0,0.0,0.0,0.0,0.0,0.0,0.0,0.0,0.0,0.0,0.0,0.0,0.0,0.0,0.0,0.0,0.0,0.0,0.0,0.0,0.0,0.0,0.09607686148919138,2.9783827061649326,13.498799039231388,11.685348278622902,1.7413931144915937,0.396,0.00873,0.0,0.0,0.0,0.0,0.0,0.0,0.0,0.0,0.0,0.0,0.022822365918600235,20.483073411943675,9.494104222137699,0.0,0.0,0.0,0.0,0.0,0.0,0.0,0.0,0.0,0.0,0.0,0.0,0.0,0.0,0.0,0.0,0.0,0.3955,0.00866,0.0,0.0,0.0,0.0,0.0,0.0,0.0,0.0,0.0,0.0,0.03602882305844676,21.160928742994365,8.803042433947159,0.0,0.0,0.0,0.0,0.0,0.0,0.0,0.0,0.0,0.0,0.0,0.0,0.0,0.0,0.0,0.0,0.0
15500,4025,2119,0.5264596273291925,1006,802,0.44919254658385094,1102,0.5475776397515528,0.426,3.057187827911857,3.1435376946273985,6.609841827768014,2.146393094047106,8386.514186335402,505.99000920094267,7853.0,8866.4,8866.4,0.0,7853.0,0.0,28.720993788819875,21.20450951701322,33.462123427902895,19.480124225258532,0.13217391304347825,0.10062111801242236,0.08720496894409938,0.08645962732919255,0.08397515527950311,0.07627329192546584,0.06658385093167701,0.054409937888198756,0.06509316770186335,0.05391304347826087,0.04596273291925466,0.04124223602484472,0.03527950310559006,0.030559006211180125,0.02062111801242236,0.011428571428571429,0.008198757763975155,0.9291074726596382,0.02287738106066598,0.0,0.0,0.0,0.0,0.0,0.0,0.0,0.0,0.0,0.0,0.0,0.0,0.0,0.0,0.0,0.0,0.0,0.0,0.0,0.0,0.0,0.0,0.0,0.0,0.0,0.11925465838509319,2.8844720496894416,14.004968944099382,11.545341614906834,1.4459627329192548,4.063749528479819,2.895399277885621,nan,nan,nan,4.041384499623777,2.935053686878882,4.088569265707797,2.8546199318421346,1.0116753964114062,0.396,0.009224,0.0,0.0,0.0,0.0,0.0,0.0,0.0,0.0,0.0,0.0,0.014906832298136649,20.01242236024842,9.972670807453419,0.0,0.0,0.0,0.0,0.0,0.0,0.0,0.0,0.0,0.0,0.0,0.0,0.0,0.0,0.0,0.0,0.0,nan,nan,4.063749528479819,2.895399277885621,nan,0.396,0.0427,0.0,0.0,0.0,0.0,0.0,0.0,0.0,0.0,0.0,0.0,0.0,0.0,0.0,0.0,0.0,0.0,0.0,0.0,0.0,0.0,0.0,0.0,0.0,0.0,7.453416149068323e-05,1.2422360248447205e-05,6.211180124223603e-05,0.001391304347826087,0.0017763975155279503,0.004683229813664596,0.01137888198757764,0.013975155279503106,0.019900621118012423,0.05077018633540373,0.03,0.05233540372670807,0.07299378881987578,0.07126708074534162,0.06299378881987577,0.08490683229813664,0.07618633540372671,0.0702360248447205,0.1368944099378882,0.07402484472049689,0.05583850931677019,0.03737888198757764,0.02874534161490683,0.007763975155279503,0.026285714285714287,0.0034161490683229812,0.002124223602484472,0.0011180124223602484,0.00019875776397515528,0.00023602484472049688,0.001031055900621118,0.0,0.0,0.0,0.0,0.0,0.0,0.0,0.0,0.0,0.0,0.0,0.0,0.0,0.0,0.0,0.0,0.0,0.0,0.0,0.0,0.0,0.0,0.0,0.0,0.0,0.0,0.0,0.0,0.0,0.0,0.0,0.0,0.0,0.0,0.0,0.0,0.0,0.0,0.0,0.0,0.0,0.0,0.0,0.0,0.0,0.0,nan,nan,4.063749528479819,2.895399277885621,nan,0.9293480237287528,0.023046780329909304,0.0,0.0,0.0,0.0,0.0,0.0,0.0,0.0,0.0,0.0,0.0,0.0,0.0,0.0,0.0,0.0,0.0,0.0,0.0,0.0,0.0,0.0,0.0,0.0,0.0,0.1274185936762624,2.7748938178386036,14.08683341198679,11.396885323265693,1.6139688532326573,0.9288400394406173,0.022684572142393243,0.0,0.0,0.0,0.0,0.0,0.0,0.0,0.0,0.0,0.0,0.0,0.0,0.0,0.0,0.0,0.0,0.0,0.0,0.0,0.0,0.0,0.0,0.0,0.0,0.0,0.1101783840503673,3.0062959076600215,13.913955928646384,11.710388247639036,1.2591815320041975,0.396,0.00923,0.0,0.0,0.0,0.0,0.0,0.0,0.0,0.0,0.0,0.0,0.014157621519584713,20.10382255781026,9.882019820670129,0.0,0.0,0.0,0.0,0.0,0.0,0.0,0.0,0.0,0.0,0.0,0.0,0.0,0.0,0.0,0.0,0.0,0.396,0.00922,0.0,0.0,0.0,0.0,0.0,0.0,0.0,0.0,0.0,0.0,0.01573976915005247,19.91080797481634,10.07345225603358,0.0,0.0,0.0,0.0,0.0,0.0,0.0,0.0,0.0,0.0,0.0,0.0,0.0,0.0,0.0,0.0,0.0
15600,4027,2035,0.5053389620064564,941,844,0.44325800844300967,1151,0.5716414204122175,0.40599999999999997,2.9407630522088355,3.089122160577696,6.549822064056939,2.1563054035200655,8365.110504097342,506.6711127007464,7853.0,8866.4,8866.399999999998,1.8189894035458565e-12,7853.0,0.0,27.850260740004966,20.807612043519526,32.67491895078102,19.115872305654907,0.1370747454680904,0.10702756394338217,0.09063819220263224,0.0891482493171095,0.0779736776756891,0.07623541097591259,0.06754407747703005,0.06183262974919295,0.05810777253538614,0.05363794387881798,0.04444996275142786,0.043208343680158925,0.03749689595232183,0.020362552768810528,0.021355848025825675,0.007698038241867395,0.006208095356344674,0.9292054415370798,0.022824372622562077,0.0,0.0,0.0,0.0,0.0,0.0,0.0,0.0,0.0,0.0,0.0,0.0,0.0,0.0,0.0,0.0,0.0,0.0,0.0,0.0,0.0,0.0,0.0,0.0,0.0,0.10429600198659054,2.9649863421902163,14.035261981624041,11.383163645393594,1.5122920288055626,4.308227114716106,2.8980377721348254,nan,nan,nan,4.251134644478063,2.9551134300211626,4.36650868878357,2.8367844378110525,1.0271395883579857,0.3953,0.00908,0.0,0.0,0.0,0.0,0.0,0.0,0.0,0.0,0.0,0.0,0.01489942885522722,20.99329525701512,8.991805314129627,0.0,0.0,0.0,0.0,0.0,0.0,0.0,0.0,0.0,0.0,0.0,0.0,0.0,0.0,0.0,0.0,0.0,nan,nan,4.308227114716106,2.8980377721348254,nan,0.3953,0.0428,0.0,0.0,0.0,0.0,0.0,0.0,0.0,0.0,0.0,0.0,0.0,0.0,0.0,0.0,0.0,0.0,0.0,0.0,0.0,0.0,0.0,0.0,0.0,0.0,0.00011174571641420412,0.0,4.966476285075739e-05,0.001651353364787683,0.0019369257511795382,0.004531909610131612,0.010404767817233672,0.015545070772287062,0.02093369754159424,0.05311646386888503,0.03285324062577601,0.051750682890489196,0.06989073752172834,0.07457164142041221,0.062143034517010184,0.0839086168363546,0.07601191954308419,0.07080953563446735,0.1381177054879563,0.07238639185497889,0.0547802334243854,0.036441519741743235,0.02547802334243854,0.007822200148994289,0.02619816240377452,0.004072510553762106,0.002036255276881053,0.0013161162155450707,0.000285572386391855,9.932952570151477e-05,0.0007449714427613609,0.0,0.0,0.0,0.0,0.0,0.0,0.0,0.0,0.0,0.0,0.0,0.0,0.0,0.0,0.0,0.0,0.0,0.0,0.0,0.0,0.0,0.0,0.0,0.0,0.0,0.0,0.0,0.0,0.0,0.0,0.0,0.0,0.0,0.0,0.0,0.0,0.0,0.0,0.0,0.0,0.0,0.0,0.0,0.0,0.0,0.0,nan,nan,4.308227114716106,2.8980377721348254,nan,0.9285271525675893,0.023035048629115783,0.0,0.0,0.0,0.0,0.0,0.0,0.0,0.0,0.0,0.0,0.0,0.0,0.0,0.0,0.0,0.0,0.0,0.0,0.0,0.0,0.0,0.0,0.0,0.0,0.0,0.10319410319410323,3.3022113022113033,13.960687960687965,11.159705159705162,1.4742014742014744,0.9298983722865342,0.022586097262154072,0.0,0.0,0.0,0.0,0.0,0.0,0.0,0.0,0.0,0.0,0.0,0.0,0.0,0.0,0.0,0.0,0.0,0.0,0.0,0.0,0.0,0.0,0.0,0.0,0.0,0.10542168674698799,2.620481927710844,14.111445783132535,11.611445783132531,1.5512048192771088,0.3953,0.00907,0.0,0.0,0.0,0.0,0.0,0.0,0.0,0.0,0.0,0.0,0.014742014742014746,21.140049140049108,8.845208845208846,0.0,0.0,0.0,0.0,0.0,0.0,0.0,0.0,0.0,0.0,0.0,0.0,0.0,0.0,0.0,0.0,0.0,0.3953,0.00908,0.0,0.0,0.0,0.0,0.0,0.0,0.0,0.0,0.0,0.0,0.015060240963855425,20.843373493975875,9.141566265060243,0.0,0.0,0.0,0.0,0.0,0.0,0.0,0.0,0.0,0.0,0.0,0.0,0.0,0.0,0.0,0.0,0.0
15700,4177,2162,0.5175963610246589,1040,870,0.45726598036868565,1185,0.5673928656930811,0.39799999999999996,3.099255583126551,3.121855152746023,6.65358361774744,2.1050392465120917,8377.532152262389,506.38612179412144,7853.0,8866.4,8866.399999999998,1.8189894035458565e-12,7853.0,0.0,28.449604979650466,21.032765356500054,33.34988649262202,19.239393277234754,0.13622216902082834,0.09648072779506824,0.0900167584390711,0.08522863299018434,0.0749341632750778,0.08067991381374193,0.07206128800574575,0.07182188173330141,0.05554225520708642,0.051711754847977014,0.04620541058175724,0.03830500359109409,0.03255925305242997,0.025855877423988507,0.023940627244433806,0.010294469715106535,0.008139813263107493,0.9295277362210003,0.022844687176850353,0.0,0.0,0.0,0.0,0.0,0.0,0.0,0.0,0.0,0.0,0.0,0.0,0.0,0.0,0.0,0.0,0.0,0.0,0.0,0.0,0.0,0.0,0.0,0.0,0.0,0.09336844625329187,2.8656930811587267,13.969355997127128,11.59923389992818,1.4723485755326793,4.238773274917853,2.862674288340512,nan,nan,nan,4.275584795321637,2.846602639610768,4.202042304886944,2.8781520990280454,0.9827994311994083,0.3958,0.00915,0.0,0.0,0.0,0.0,0.0,0.0,0.0,0.0,0.0,0.0,0.014364376346660285,20.440507541297553,9.54512808235576,0.0,0.0,0.0,0.0,0.0,0.0,0.0,0.0,0.0,0.0,0.0,0.0,0.0,0.0,0.0,0.0,0.0,nan,nan,4.238773274917853,2.862674288340512,nan,0.3958,0.04266,0.0,0.0,0.0,0.0,0.0,0.0,0.0,0.0,0.0,0.0,0.0,0.0,0.0,0.0,0.0,0.0,0.0,0.0,0.0,0.0,0.0,0.0,0.0,0.0,0.00013167344984438593,3.591094086665071e-05,0.0,0.0011850610485994732,0.0022743595882212114,0.004943739525975581,0.010342350969595404,0.015465645199904237,0.019786928417524538,0.05049078285851089,0.0337084031601628,0.05331577687335408,0.06706966722528131,0.07146277232463491,0.06365812784294948,0.08522863299018434,0.07497007421594445,0.07218099114196792,0.13600670337562845,0.07815417763945415,0.057792674168063204,0.036222169020828344,0.022192961455590136,0.009564280584151305,0.024778549197988987,0.0038424706727316254,0.0020349533157768733,0.0015082595163993296,0.00029925784055542256,0.00021546564519990424,0.0011371797941106057,0.0,0.0,0.0,0.0,0.0,0.0,0.0,0.0,0.0,0.0,0.0,0.0,0.0,0.0,0.0,0.0,0.0,0.0,0.0,0.0,0.0,0.0,0.0,0.0,0.0,0.0,0.0,0.0,0.0,0.0,0.0,0.0,0.0,0.0,0.0,0.0,0.0,0.0,0.0,0.0,0.0,0.0,0.0,0.0,0.0,0.0,nan,nan,4.238773274917853,2.862674288340512,nan,0.9292130512456779,0.022472231363875005,0.0,0.0,0.0,0.0,0.0,0.0,0.0,0.0,0.0,0.0,0.0,0.0,0.0,0.0,0.0,0.0,0.0,0.0,0.0,0.0,0.0,0.0,0.0,0.0,0.0,0.09713228492136913,2.8307123034227573,14.16743755781684,11.572617946345979,1.3320999074930622,0.9298653783632567,0.023232937119254334,0.0,0.0,0.0,0.0,0.0,0.0,0.0,0.0,0.0,0.0,0.0,0.0,0.0,0.0,0.0,0.0,0.0,0.0,0.0,0.0,0.0,0.0,0.0,0.0,0.0,0.08933002481389579,2.9032258064516134,13.756823821339953,11.627791563275435,1.6228287841191071,0.3958,0.0092,0.0,0.0,0.0,0.0,0.0,0.0,0.0,0.0,0.0,0.0,0.013876040703052732,20.59204440333022,9.3940795559667,0.0,0.0,0.0,0.0,0.0,0.0,0.0,0.0,0.0,0.0,0.0,0.0,0.0,0.0,0.0,0.0,0.0,0.3958,0.00909,0.0,0.0,0.0,0.0,0.0,0.0,0.0,0.0,0.0,0.0,0.014888337468982634,20.277915632754315,9.707196029776677,0.0,0.0,0.0,0.0,0.0,0.0,0.0,0.0,0.0,0.0,0.0,0.0,0.0,0.0,0.0,0.0,0.0
15800,4119,2160,0.5243991260014567,990,843,0.4450109249817917,1150,0.5583879582422918,0.43,3.023481368044921,3.1295753525395487,6.6521739130434785,2.213765150974081,8384.426074289877,506.0963458178801,7853.0,8866.4,8866.4,0.0,7853.0,0.0,28.104879825200292,21.040479903981062,33.167826086956524,19.23841137115267,0.14275309541150766,0.09298373391599903,0.09419762078174314,0.08642874484098081,0.08327263899004612,0.0755037630492838,0.06627822286962855,0.06433600388443797,0.05486768633163389,0.048555474629764506,0.04709881039087157,0.0441854819130857,0.03738771546491867,0.02864773003156106,0.01529497450837582,0.01043942704539937,0.007768875940762321,0.9296341465641845,0.023259405567807936,0.0,0.0,0.0,0.0,0.0,0.0,0.0,0.0,0.0,0.0,0.0,0.0,0.0,0.0,0.0,0.0,0.0,0.0,0.0,0.0,0.0,0.0,0.0,0.0,0.0,0.08011653313911145,3.1172614712308824,13.627093954843412,11.49308084486526,1.6824471959213405,4.251787730523146,2.9051337379686384,nan,nan,nan,4.229446935724963,2.865776592631266,4.273141122913505,2.945080154022974,1.0103309458311132,0.3953,0.00893,0.0,0.0,0.0,0.0,0.0,0.0,0.0,0.0,0.0,0.0,0.014566642388929355,21.019664967225022,8.965768390386017,0.0,0.0,0.0,0.0,0.0,0.0,0.0,0.0,0.0,0.0,0.0,0.0,0.0,0.0,0.0,0.0,0.0,nan,nan,4.251787730523146,2.9051337379686384,nan,0.3953,0.0428,0.0,0.0,0.0,0.0,0.0,0.0,0.0,0.0,0.0,0.0,0.0,0.0,0.0,0.0,0.0,0.0,0.0,0.0,0.0,0.0,0.0,0.0,0.0,0.0,0.00016994416120417577,0.00012138868657441127,0.0,0.001141053653799466,0.0026462733673221655,0.004491381403253216,0.011167759164845836,0.016120417577081814,0.01960427288176742,0.0506190823015295,0.03584607914542365,0.05205146880310755,0.0711944646758922,0.07110949259529012,0.06338917212915757,0.08370963826171401,0.07573440155377519,0.06951930080116533,0.1375091041514931,0.07719106579266813,0.05724690458849235,0.034923525127458124,0.023318766690944404,0.008048069919883468,0.02458120903131828,0.0033381888807963098,0.0019786355911629036,0.0010924981791697013,0.0005462490895848507,0.0001456664238892935,0.001444525370235494,0.0,0.0,0.0,0.0,0.0,0.0,0.0,0.0,0.0,0.0,0.0,0.0,0.0,0.0,0.0,0.0,0.0,0.0,0.0,0.0,0.0,0.0,0.0,0.0,0.0,0.0,0.0,0.0,0.0,0.0,0.0,0.0,0.0,0.0,0.0,0.0,0.0,0.0,0.0,0.0,0.0,0.0,0.0,0.0,0.0,0.0,nan,nan,4.251787730523146,2.9051337379686384,nan,0.9294162798258994,0.023306937966381013,0.0,0.0,0.0,0.0,0.0,0.0,0.0,0.0,0.0,0.0,0.0,0.0,0.0,0.0,0.0,0.0,0.0,0.0,0.0,0.0,0.0,0.0,0.0,0.0,0.0,0.09722222222222225,3.1388888888888897,13.66666666666667,11.40277777777778,1.6944444444444449,0.9298743671638251,0.023204512320421436,0.0,0.0,0.0,0.0,0.0,0.0,0.0,0.0,0.0,0.0,0.0,0.0,0.0,0.0,0.0,0.0,0.0,0.0,0.0,0.0,0.0,0.0,0.0,0.0,0.0,0.061255742725880566,3.093415007656968,13.583460949464015,11.592649310872897,1.6692189892802456,0.395,0.00896,0.0,0.0,0.0,0.0,0.0,0.0,0.0,0.0,0.0,0.0,0.013888888888888892,21.208333333333304,8.77777777777778,0.0,0.0,0.0,0.0,0.0,0.0,0.0,0.0,0.0,0.0,0.0,0.0,0.0,0.0,0.0,0.0,0.0,0.3953,0.00887,0.0,0.0,0.0,0.0,0.0,0.0,0.0,0.0,0.0,0.0,0.015313935681470141,20.811638591117887,9.173047473200615,0.0,0.0,0.0,0.0,0.0,0.0,0.0,0.0,0.0,0.0,0.0,0.0,0.0,0.0,0.0,0.0,0.0
15900,4540,2357,0.5191629955947137,1112,965,0.45748898678414096,1267,0.5581497797356828,0.40199999999999997,2.929912963811269,3.030783933598536,6.47457627118644,2.1412489006073527,8379.119779735684,506.32772208819193,7853.0,8866.4,8866.4,0.0,7853.0,0.0,27.60330396475771,20.673327377438348,32.66209443418623,18.87052151267767,0.14625550660792952,0.10066079295154184,0.08876651982378854,0.08259911894273128,0.08259911894273128,0.0762114537444934,0.06960352422907488,0.06894273127753305,0.06299559471365639,0.0486784140969163,0.042731277533039645,0.04140969162995595,0.031938325991189426,0.02488986784140969,0.01629955947136564,0.00881057268722467,0.006607929515418502,0.9303641255862912,0.023715507916430317,0.0,0.0,0.0,0.0,0.0,0.0,0.0,0.0,0.0,0.0,0.0,0.0,0.0,0.0,0.0,0.0,0.0,0.0,0.0,0.0,0.0,0.0,0.0,0.0,0.0,0.09251101321585906,2.9669603524229085,13.453744493392074,11.52422907488987,1.9625550660792956,4.219379051518253,2.85101089830067,nan,nan,nan,4.244774106540795,2.885093995522116,4.193370165745856,2.8154389314615713,0.9878900644640357,0.395,0.00925,0.0,0.0,0.0,0.0,0.0,0.0,0.0,0.0,0.0,0.0,0.026431718061674016,21.03964757709248,8.933920704845816,0.0,0.0,0.0,0.0,0.0,0.0,0.0,0.0,0.0,0.0,0.0,0.0,0.0,0.0,0.0,0.0,0.0,nan,nan,4.219379051518253,2.85101089830067,nan,0.395,0.04306,0.0,0.0,0.0,0.0,0.0,0.0,0.0,0.0,0.0,0.0,0.0,0.0,0.0,0.0,0.0,0.0,0.0,0.0,0.0,0.0,0.0,0.0,0.0,0.0,0.00016519823788546255,0.00013215859030837003,3.303964757709251e-05,0.001552863436123348,0.002378854625550661,0.004052863436123348,0.011024229074889869,0.015374449339207048,0.017852422907488986,0.053524229074889865,0.03977973568281938,0.05325991189427313,0.07120044052863436,0.06912995594713657,0.06190528634361234,0.08343612334801762,0.07742290748898678,0.06620044052863436,0.13669603524229074,0.07634361233480176,0.05683920704845815,0.03483480176211454,0.023898678414096916,0.008766519823788546,0.025715859030837004,0.0030286343612334803,0.0020044052863436124,0.0007819383259911895,0.0011894273127753304,0.0002092511013215859,0.0012665198237885463,0.0,0.0,0.0,0.0,0.0,0.0,0.0,0.0,0.0,0.0,0.0,0.0,0.0,0.0,0.0,0.0,0.0,0.0,0.0,0.0,0.0,0.0,0.0,0.0,0.0,0.0,0.0,0.0,0.0,0.0,0.0,0.0,0.0,0.0,0.0,0.0,0.0,0.0,0.0,0.0,0.0,0.0,0.0,0.0,0.0,0.0,nan,nan,4.219379051518253,2.85101089830067,nan,0.9304362226200145,0.023662075443279557,0.0,0.0,0.0,0.0,0.0,0.0,0.0,0.0,0.0,0.0,0.0,0.0,0.0,0.0,0.0,0.0,0.0,0.0,0.0,0.0,0.0,0.0,0.0,0.0,0.0,0.06364022061943149,2.927450148493849,13.580823080186681,11.429783623249897,1.998302927450149,0.9302862819268842,0.023772818999797923,0.0,0.0,0.0,0.0,0.0,0.0,0.0,0.0,0.0,0.0,0.0,0.0,0.0,0.0,0.0,0.0,0.0,0.0,0.0,0.0,0.0,0.0,0.0,0.0,0.0,0.12368300503893727,3.009619789280807,13.316536875858914,11.626202473660104,1.9239578561612465,0.395,0.00914,0.0,0.0,0.0,0.0,0.0,0.0,0.0,0.0,0.0,0.0,0.0254560882477726,21.243105642766196,8.731438268986,0.0,0.0,0.0,0.0,0.0,0.0,0.0,0.0,0.0,0.0,0.0,0.0,0.0,0.0,0.0,0.0,0.0,0.395,0.00935,0.0,0.0,0.0,0.0,0.0,0.0,0.0,0.0,0.0,0.0,0.02748511223087495,20.819972514887738,9.152542372881358,0.0,0.0,0.0,0.0,0.0,0.0,0.0,0.0,0.0,0.0,0.0,0.0,0.0,0.0,0.0,0.0,0.0
16000,4662,2418,0.5186615186615187,1151,949,0.45045045045045046,1289,0.5529815529815529,0.414,3.0031194295900177,3.176687739276037,6.711568938193344,2.2376640336870053,8378.611583011583,506.34695815023497,7853.0,8866.4,8866.399999999998,1.8189894035458565e-12,7853.0,0.0,27.465036465036466,20.856930270631526,32.57382118010822,19.134608407692,0.14607464607464607,0.10231660231660232,0.09352209352209352,0.08344058344058344,0.0858000858000858,0.0725010725010725,0.07443157443157443,0.06156156156156156,0.05555555555555555,0.05169455169455169,0.0444015444015444,0.03582153582153582,0.03003003003003003,0.02702702702702703,0.018018018018018018,0.009438009438009438,0.008365508365508366,0.9311321348603935,0.023380062018817368,0.0,0.0,0.0,0.0,0.0,0.0,0.0,0.0,0.0,0.0,0.0,0.0,0.0,0.0,0.0,0.0,0.0,0.0,0.0,0.0,0.0,0.0,0.0,0.0,0.0,0.11583011583011585,2.638352638352639,13.371943371943376,11.962676962676966,1.9111969111969116,4.277740416946873,2.9791128073468016,nan,nan,nan,4.160477453580902,2.95379588273558,4.398362892223738,3.0001541650863004,1.0571774372766014,0.395,0.00944,0.0,0.0,0.0,0.0,0.0,0.0,0.0,0.0,0.0,0.0,0.038610038610038616,21.02316602316599,8.93822393822394,0.0,0.0,0.0,0.0,0.0,0.0,0.0,0.0,0.0,0.0,0.0,0.0,0.0,0.0,0.0,0.0,0.0,nan,nan,4.277740416946873,2.9791128073468016,nan,0.395,0.04318,0.0,0.0,0.0,0.0,0.0,0.0,0.0,0.0,0.0,0.0,0.0,0.0,0.0,0.0,0.0,0.0,0.0,0.0,0.0,0.0,0.0,0.0,0.0,0.0,0.00033247533247533247,0.00023595023595023596,0.0,0.0014264264264264265,0.002638352638352638,0.0037752037752037753,0.011175461175461176,0.015615615615615615,0.017031317031317033,0.052938652938652936,0.04157014157014157,0.052552552552552555,0.07254397254397255,0.07005577005577006,0.05864435864435864,0.0870978120978121,0.07843200343200343,0.06488631488631488,0.13623981123981124,0.07505362505362505,0.0527992277992278,0.03627198627198627,0.024163449163449164,0.009084084084084084,0.02739167739167739,0.0025096525096525097,0.0018876018876018876,0.001051051051051051,0.0010403260403260403,0.00020377520377520378,0.0013513513513513514,0.0,0.0,0.0,0.0,0.0,0.0,0.0,0.0,0.0,0.0,0.0,0.0,0.0,0.0,0.0,0.0,0.0,0.0,0.0,0.0,0.0,0.0,0.0,0.0,0.0,0.0,0.0,0.0,0.0,0.0,0.0,0.0,0.0,0.0,0.0,0.0,0.0,0.0,0.0,0.0,0.0,0.0,0.0,0.0,0.0,0.0,nan,nan,4.277740416946873,2.9791128073468016,nan,0.9315933984503261,0.0232451654486922,0.0,0.0,0.0,0.0,0.0,0.0,0.0,0.0,0.0,0.0,0.0,0.0,0.0,0.0,0.0,0.0,0.0,0.0,0.0,0.0,0.0,0.0,0.0,0.0,0.0,0.09925558312655089,2.5558312655086857,13.18858560794045,12.220843672456578,1.9354838709677422,0.9306351048423644,0.023514427008548548,0.0,0.0,0.0,0.0,0.0,0.0,0.0,0.0,0.0,0.0,0.0,0.0,0.0,0.0,0.0,0.0,0.0,0.0,0.0,0.0,0.0,0.0,0.0,0.0,0.0,0.13368983957219255,2.7272727272727275,13.569518716577543,11.684491978609628,1.8850267379679149,0.395,0.00948,0.0,0.0,0.0,0.0,0.0,0.0,0.0,0.0,0.0,0.0,0.03722084367245658,20.96774193548384,8.995037220843674,0.0,0.0,0.0,0.0,0.0,0.0,0.0,0.0,0.0,0.0,0.0,0.0,0.0,0.0,0.0,0.0,0.0,0.395,0.00939,0.0,0.0,0.0,0.0,0.0,0.0,0.0,0.0,0.0,0.0,0.04010695187165776,21.08288770053473,8.877005347593585,0.0,0.0,0.0,0.0,0.0,0.0,0.0,0.0,0.0,0.0,0.0,0.0,0.0,0.0,0.0,0.0,0.0
16100,4877,2537,0.5201968423210991,1216,1006,0.45560795571047774,1393,0.5712528193561616,0.38999999999999996,2.95982905982906,3.0674904085712953,6.45925925925926,2.0967804701952097,8380.167480008202,506.2864527736385,7853.0,8866.4,8866.4,0.0,7853.0,0.0,28.559975394709863,20.96773792932078,33.524829600778965,19.105740631243144,0.13819971293828173,0.0937051466065204,0.08652860364978471,0.08611851548082838,0.08140250153783063,0.07197047365183515,0.07238056182079147,0.06540906294853394,0.061718269427927006,0.05700225548492926,0.04757022759893377,0.03916342013532909,0.033832273938896866,0.026860775066639326,0.01968423210990363,0.01168751281525528,0.006766454787779373,0.9301453827956135,0.02321509616951316,0.0,0.0,0.0,0.0,0.0,0.0,0.0,0.0,0.0,0.0,0.0,0.0,0.0,0.0,0.0,0.0,0.0,0.0,0.0,0.0,0.0,0.0,0.0,0.0,0.0,0.07996719294648352,2.805003075661268,13.846627024810337,11.527578429362316,1.7408242772196025,4.158125,2.845170730268221,nan,nan,nan,4.110972568578553,2.8138691605357384,4.20564263322884,2.876403756118698,1.0230286296176918,0.3948,0.009315,0.0,0.0,0.0,0.0,0.0,0.0,0.0,0.0,0.0,0.0,0.03690793520606931,21.388148451917132,8.57494361287677,0.0,0.0,0.0,0.0,0.0,0.0,0.0,0.0,0.0,0.0,0.0,0.0,0.0,0.0,0.0,0.0,0.0,nan,nan,4.158125,2.845170730268221,nan,0.3948,0.04337,0.0,0.0,0.0,0.0,0.0,0.0,0.0,0.0,0.0,0.0,0.0,0.0,0.0,0.0,0.0,0.0,0.0,0.0,0.0,0.0,0.0,1.0252204223908141e-05,0.0,0.0,0.0003588271478367849,0.0002050440844781628,6.151322534344884e-05,0.0018966577814230059,0.003280705351650605,0.004459708837400041,0.011667008406807464,0.016731597293418086,0.016711092884970268,0.05031781833094115,0.042628665163010046,0.053393479598113594,0.06953044904654501,0.07087348779987697,0.05666393274554029,0.08909165470576173,0.07961861800287062,0.06390198892761943,0.13597498462169366,0.0765737133483699,0.052460529013737954,0.03600574123436539,0.022800902193971705,0.009749846216936642,0.027086323559565306,0.0029526348164855445,0.002029936436333812,0.0007176542956735698,0.0012097600984211606,3.075661267172442e-05,0.0010047160139429977,0.0,0.0,0.0,0.0,0.0,0.0,0.0,0.0,0.0,0.0,0.0,0.0,0.0,0.0,0.0,0.0,0.0,0.0,0.0,0.0,0.0,0.0,0.0,0.0,0.0,0.0,0.0,0.0,0.0,0.0,0.0,0.0,0.0,0.0,0.0,0.0,0.0,0.0,0.0,0.0,0.0,0.0,0.0,0.0,0.0,0.0,nan,nan,4.158125,2.845170730268221,nan,0.9297836659506263,0.023041337549576123,0.0,0.0,0.0,0.0,0.0,0.0,0.0,0.0,0.0,0.0,0.0,0.0,0.0,0.0,0.0,0.0,0.0,0.0,0.0,0.0,0.0,0.0,0.0,0.0,0.0,0.09459992116673238,2.7433977138352392,14.178163184864015,11.257390618841153,1.726448561292866,0.9305375518707129,0.023395707960251366,0.0,0.0,0.0,0.0,0.0,0.0,0.0,0.0,0.0,0.0,0.0,0.0,0.0,0.0,0.0,0.0,0.0,0.0,0.0,0.0,0.0,0.0,0.0,0.0,0.0,0.06410256410256411,2.8717948717948727,13.48717948717949,11.820512820512823,1.7564102564102568,0.3948,0.00937,0.0,0.0,0.0,0.0,0.0,0.0,0.0,0.0,0.0,0.0,0.04729996058336619,21.37958218368148,8.573117855735122,0.0,0.0,0.0,0.0,0.0,0.0,0.0,0.0,0.0,0.0,0.0,0.0,0.0,0.0,0.0,0.0,0.0,0.3948,0.009254,0.0,0.0,0.0,0.0,0.0,0.0,0.0,0.0,0.0,0.0,0.025641025641025647,21.397435897435866,8.576923076923078,0.0,0.0,0.0,0.0,0.0,0.0,0.0,0.0,0.0,0.0,0.0,0.0,0.0,0.0,0.0,0.0,0.0
16200,4695,2395,0.5101171458998935,1095,970,0.4398296059637913,1328,0.5657082002129925,0.414,2.991304347826087,3.107482280683786,6.533541341653666,2.1689659287155556,8369.952715654952,506.5962611604023,7853.0,8866.4,8866.399999999998,1.8189894035458565e-12,7853.0,0.0,27.866027689030883,20.98767187919402,32.9,19.237723358027583,0.1422790202342918,0.10117145899893504,0.09286474973375931,0.08583599574014909,0.08221512247071353,0.07582534611288605,0.0630457933972311,0.06730564430244941,0.05729499467518637,0.05047923322683706,0.04046858359957402,0.04238551650692226,0.037486687965921195,0.027689030883919063,0.01703940362087327,0.00873269435569755,0.007880724174653887,0.9315215517029849,0.022932605866599214,0.0,0.0,0.0,0.0,0.0,0.0,0.0,0.0,0.0,0.0,0.0,0.0,0.0,0.0,0.0,0.0,0.0,0.0,0.0,0.0,0.0,0.0,0.0,0.0,0.0,0.044728434504792344,2.5559105431309908,13.354632587859427,12.166134185303518,1.8785942492012784,4.268284574468085,2.8374920533915025,nan,nan,nan,4.13395225464191,2.7822073041259023,4.403333333333333,2.8857100031399936,1.0651630841621216,0.395,0.00927,0.0,0.0,0.0,0.0,0.0,0.0,0.0,0.0,0.0,0.0,0.01916932907348243,21.156549520766742,8.824281150159745,0.0,0.0,0.0,0.0,0.0,0.0,0.0,0.0,0.0,0.0,0.0,0.0,0.0,0.0,0.0,0.0,0.0,nan,nan,4.268284574468085,2.8374920533915025,nan,0.395,0.04333,0.0,0.0,0.0,0.0,0.0,0.0,0.0,0.0,0.0,0.0,0.0,0.0,0.0,0.0,0.0,0.0,0.0,0.0,0.0,0.0,0.0,0.0,6.389776357827476e-05,0.0,0.0001384451544195953,0.00026624068157614486,2.1299254526091586e-05,0.001490947816826411,0.00268370607028754,0.0046645367412140575,0.011703940362087327,0.01667731629392971,0.0154419595314164,0.05251331203407881,0.0407667731629393,0.05559105431309904,0.06930777422790202,0.06759318423855165,0.05710330138445154,0.08889243876464324,0.08091586794462194,0.061682641107561234,0.13624068157614483,0.07788072417465389,0.05288604898828541,0.03670926517571885,0.02020234291799787,0.010212992545260915,0.03056443024494143,0.003461128860489883,0.0019169329073482429,0.0007454739084132055,0.0011608093716719914,5.3248136315228964e-05,0.0004366347177848775,0.0,1.0649627263045793e-05,0.0,0.0,0.0,0.0,0.0,0.0,0.0,0.0,0.0,0.0,0.0,0.0,0.0,0.0,0.0,0.0,0.0,0.0,0.0,0.0,0.0,0.0,0.0,0.0,0.0,0.0,0.0,0.0,0.0,0.0,0.0,0.0,0.0,0.0,0.0,0.0,0.0,0.0,0.0,0.0,0.0,0.0,0.0,0.0,nan,nan,4.268284574468085,2.8374920533915025,nan,0.9314366655708106,0.022602599143007295,0.0,0.0,0.0,0.0,0.0,0.0,0.0,0.0,0.0,0.0,0.0,0.0,0.0,0.0,0.0,0.0,0.0,0.0,0.0,0.0,0.0,0.0,0.0,0.0,0.0,0.03757828810020877,2.4300626304801676,13.678496868475994,12.125260960334032,1.7286012526096037,0.9316099440014881,0.023270941030720263,0.0,0.0,0.0,0.0,0.0,0.0,0.0,0.0,0.0,0.0,0.0,0.0,0.0,0.0,0.0,0.0,0.0,0.0,0.0,0.0,0.0,0.0,0.0,0.0,0.0,0.05217391304347827,2.6869565217391314,13.017391304347829,12.208695652173915,2.0347826086956524,0.3953,0.009315,0.0,0.0,0.0,0.0,0.0,0.0,0.0,0.0,0.0,0.0,0.012526096033402925,20.931106471816253,9.056367432150315,0.0,0.0,0.0,0.0,0.0,0.0,0.0,0.0,0.0,0.0,0.0,0.0,0.0,0.0,0.0,0.0,0.0,0.395,0.009224,0.0,0.0,0.0,0.0,0.0,0.0,0.0,0.0,0.0,0.0,0.026086956521739136,21.391304347826054,8.582608695652176,0.0,0.0,0.0,0.0,0.0,0.0,0.0,0.0,0.0,0.0,0.0,0.0,0.0,0.0,0.0,0.0,0.0
16300,4772,2429,0.509010896898575,1184,980,0.45347862531433364,1342,0.5624476110645432,0.414,2.850618864703372,3.032454737329243,6.528301886792453,2.0537167434491748,8368.831642917015,506.6177090248977,7853.0,8866.4,8866.4,0.0,7853.0,0.0,28.01487845766974,20.79555585355891,32.99076154806492,18.990125945870385,0.1399832355406538,0.09744341994970662,0.08989941324392288,0.08801341156747695,0.07984073763621123,0.07879295892707461,0.07145850796311819,0.06139983235540654,0.0643336127409891,0.04840737636211232,0.04233025984911987,0.04526404023470243,0.0337384744341995,0.025146689019279127,0.01592623637887678,0.010896898575020955,0.007124895222129086,0.9311066910886805,0.02313009376578322,0.0,0.0,0.0,0.0,0.0,0.0,0.0,0.0,0.0,0.0,0.0,0.0,0.0,0.0,0.0,0.0,0.0,0.0,0.0,0.0,0.0,0.0,0.0,0.0,0.0,0.044006705783738484,2.61525565800503,13.541492036881813,11.89438390611903,1.9048616932103943,4.161978661493696,2.8393708343140394,nan,nan,nan,4.178412698412698,2.839054842920191,4.144927536231884,2.839598120309911,0.9919861524943349,0.3953,0.009346,0.0,0.0,0.0,0.0,0.0,0.0,0.0,0.0,0.0,0.0,0.01886001676445935,20.928331936295024,9.052808046940488,0.0,0.0,0.0,0.0,0.0,0.0,0.0,0.0,0.0,0.0,0.0,0.0,0.0,0.0,0.0,0.0,0.0,nan,nan,4.161978661493696,2.8393708343140394,nan,0.3953,0.0436,0.0,0.0,0.0,0.0,0.0,0.0,0.0,0.0,0.0,0.0,0.0,0.0,0.0,0.0,0.0,0.0,0.0,0.0,0.0,0.0,0.0,0.0,4.191114836546522e-05,0.0,0.00015716680637049455,0.0003038558256496228,8.382229673093043e-05,0.0012154233025984912,0.003038558256496228,0.003918692372170998,0.01269907795473596,0.01876571668063705,0.015025146689019279,0.05303855825649623,0.04090528080469405,0.053918692372171,0.06835708298407377,0.06514040234702431,0.05719823973176865,0.08861064543168483,0.08002933780385582,0.06092833193629506,0.13680846605196983,0.08130762782900251,0.0509639564124057,0.037740989103101426,0.021280385582564964,0.01025775356244761,0.030312238055322717,0.0032062028499580887,0.0021793797150041912,0.0005658005029337804,0.0015297569153394804,1.0477787091366304e-05,0.00046102263202011734,0.0,0.0,0.0,0.0,0.0,0.0,0.0,0.0,0.0,0.0,0.0,0.0,0.0,0.0,0.0,0.0,0.0,0.0,0.0,0.0,0.0,0.0,0.0,0.0,0.0,0.0,0.0,0.0,0.0,0.0,0.0,0.0,0.0,0.0,0.0,0.0,0.0,0.0,0.0,0.0,0.0,0.0,0.0,0.0,0.0,0.0,nan,nan,4.161978661493696,2.8393708343140394,nan,0.9309659884171311,0.02318093505961653,0.0,0.0,0.0,0.0,0.0,0.0,0.0,0.0,0.0,0.0,0.0,0.0,0.0,0.0,0.0,0.0,0.0,0.0,0.0,0.0,0.0,0.0,0.0,0.0,0.0,0.037052284890901614,2.581309180732813,13.56113627006999,11.869081926718817,1.951420337587485,0.9312525582628987,0.023076362392809847,0.0,0.0,0.0,0.0,0.0,0.0,0.0,0.0,0.0,0.0,0.0,0.0,0.0,0.0,0.0,0.0,0.0,0.0,0.0,0.0,0.0,0.0,0.0,0.0,0.0,0.05121638924455827,2.6504481434058906,13.521126760563384,11.920614596670937,1.8565941101152372,0.3953,0.00928,0.0,0.0,0.0,0.0,0.0,0.0,0.0,0.0,0.0,0.0,0.0,20.440510498147354,9.559489501852616,0.0,0.0,0.0,0.0,0.0,0.0,0.0,0.0,0.0,0.0,0.0,0.0,0.0,0.0,0.0,0.0,0.0,0.395,0.00941,0.0,0.0,0.0,0.0,0.0,0.0,0.0,0.0,0.0,0.0,0.0384122919334187,21.4340588988476,8.527528809218952,0.0,0.0,0.0,0.0,0.0,0.0,0.0,0.0,0.0,0.0,0.0,0.0,0.0,0.0,0.0,0.0,0.0
16400,4688,2461,0.524957337883959,1157,925,0.4441126279863481,1309,0.5584470989761092,0.422,3.015267175572519,3.1127214759743134,6.482115085536547,2.2268488652262333,8384.991766211604,506.0683911902594,7853.0,8866.4,8866.4,0.0,7853.0,0.0,28.26151877133106,21.05106833962136,33.235473230144635,19.26917384991546,0.14035836177474403,0.09918941979522185,0.09172354948805461,0.0840443686006826,0.07700511945392491,0.07700511945392491,0.0693259385665529,0.06292662116040956,0.05183447098976109,0.06100682593856655,0.04927474402730375,0.03924914675767918,0.03348976109215017,0.024957337883959044,0.019411262798634813,0.011945392491467578,0.007252559726962458,0.9300013270368959,0.023040272796784698,0.0,0.0,0.0,0.0,0.0,0.0,0.0,0.0,0.0,0.0,0.0,0.0,0.0,0.0,0.0,0.0,0.0,0.0,0.0,0.0,0.0,0.0,0.0,0.0,0.0,0.12158703071672357,2.7261092150170656,13.649744027303758,11.973122866894201,1.5294368600682597,4.197234112611129,2.887807574431339,nan,nan,nan,4.188358404185743,2.9057297515216427,4.206233421750663,2.869493504905004,1.0042677860488387,0.395,0.00938,0.0,0.0,0.0,0.0,0.0,0.0,0.0,0.0,0.0,0.0,0.012798634812286692,21.053754266211573,8.93344709897611,0.0,0.0,0.0,0.0,0.0,0.0,0.0,0.0,0.0,0.0,0.0,0.0,0.0,0.0,0.0,0.0,0.0,nan,nan,4.197234112611129,2.887807574431339,nan,0.395,0.0435,0.0,0.0,0.0,0.0,0.0,0.0,0.0,0.0,0.0,0.0,0.0,0.0,0.0,0.0,0.0,0.0,0.0,0.0,0.0,0.0,0.0,0.0,5.332764505119454e-05,0.0,0.0001386518771331058,8.532423208191126e-05,8.532423208191126e-05,0.0011518771331058021,0.002655716723549488,0.0038609215017064847,0.013545221843003413,0.019613907849829353,0.016296928327645052,0.05029863481228669,0.038545221843003415,0.05848976109215017,0.06897397610921502,0.06583831058020478,0.05700725255972696,0.08572952218430034,0.08155930034129692,0.061849402730375425,0.13765998293515358,0.08149530716723549,0.050277303754266214,0.034833617747440274,0.020819112627986348,0.009737627986348123,0.032305887372013654,0.003114334470989761,0.0017598122866894197,0.0005652730375426622,0.0011412116040955631,0.0,0.0005119453924914676,0.0,0.0,0.0,0.0,0.0,0.0,0.0,0.0,0.0,0.0,0.0,0.0,0.0,0.0,0.0,0.0,0.0,0.0,0.0,0.0,0.0,0.0,0.0,0.0,0.0,0.0,0.0,0.0,0.0,0.0,0.0,0.0,0.0,0.0,0.0,0.0,0.0,0.0,0.0,0.0,0.0,0.0,0.0,0.0,0.0,0.0,nan,nan,4.197234112611129,2.887807574431339,nan,0.9300824607692565,0.022994794348545105,0.0,0.0,0.0,0.0,0.0,0.0,0.0,0.0,0.0,0.0,0.0,0.0,0.0,0.0,0.0,0.0,0.0,0.0,0.0,0.0,0.0,0.0,0.0,0.0,0.0,0.1219016659894352,2.657456318569688,13.6407964242178,12.00731409995937,1.5725314912637143,0.9299116682513819,0.02309009407504411,0.0,0.0,0.0,0.0,0.0,0.0,0.0,0.0,0.0,0.0,0.0,0.0,0.0,0.0,0.0,0.0,0.0,0.0,0.0,0.0,0.0,0.0,0.0,0.0,0.0,0.12123933542882805,2.801975752132915,13.65963179164796,11.935339021104628,1.4818140996856761,0.3953,0.00918,0.0,0.0,0.0,0.0,0.0,0.0,0.0,0.0,0.0,0.0,0.012190166598943522,20.906135717188107,9.081674116212923,0.0,0.0,0.0,0.0,0.0,0.0,0.0,0.0,0.0,0.0,0.0,0.0,0.0,0.0,0.0,0.0,0.0,0.3948,0.00958,0.0,0.0,0.0,0.0,0.0,0.0,0.0,0.0,0.0,0.0,0.013471037269869783,21.216883700044875,8.769645262685229,0.0,0.0,0.0,0.0,0.0,0.0,0.0,0.0,0.0,0.0,0.0,0.0,0.0,0.0,0.0,0.0,0.0
16500,4839,2589,0.5350278983261004,1213,950,0.44699318040917546,1317,0.5443273403595784,0.418,2.986222222222222,3.0988580612784795,6.51033386327504,2.2389750486558615,8395.19727216367,505.4550758167714,7853.0,8866.4,8866.4,0.0,7853.0,0.0,28.358338499690017,21.15865066205107,33.2667320421672,19.41963655117876,0.1370117792932424,0.1031204794379004,0.09113453192808431,0.08204174416201694,0.08018185575532134,0.07088241372184335,0.06778259971068402,0.06984914238479024,0.054350072328993596,0.05579665220086795,0.04773713577185369,0.03905765654060756,0.035131225459805744,0.0243852035544534,0.020252118206240958,0.013639181649101054,0.007646207894193015,0.9276993362389706,0.023312794882280427,0.0,0.0,0.0,0.0,0.0,0.0,0.0,0.0,0.0,0.0,0.0,0.0,0.0,0.0,0.0,0.0,0.0,0.0,0.0,0.0,0.0,0.0,0.0,0.0,0.0,0.19218846869187853,3.279603223806572,14.457532548047121,10.719156850588968,1.3515189088654684,4.204140127388535,2.949152214266345,nan,nan,nan,4.253521126760563,2.9791857580425725,4.155259822560203,2.918296087691012,0.9768988324562068,0.3945,0.00919,0.0,0.0,0.0,0.0,0.0,0.0,0.0,0.0,0.0,0.0,0.018598884066955985,21.47551146931181,8.505889646621204,0.0,0.0,0.0,0.0,0.0,0.0,0.0,0.0,0.0,0.0,0.0,0.0,0.0,0.0,0.0,0.0,0.0,nan,nan,4.204140127388535,2.949152214266345,nan,0.3945,0.04358,0.0,0.0,0.0,0.0,0.0,0.0,0.0,0.0,0.0,0.0,0.0,0.0,0.0,0.0,0.0,0.0,0.0,0.0,0.0,0.0,0.0,0.0,1.0332713370531101e-05,0.0,4.1330853482124403e-05,6.199628022318661e-05,0.00020665426741062204,0.001229592891093201,0.0026968381897086173,0.00356478611283323,0.01293655713990494,0.02074808844802645,0.017059309774746848,0.05004133085348213,0.039739615623062614,0.05963008886133499,0.07078941930150857,0.06660467038644348,0.05729489563959496,0.0850175656127299,0.08211407315561066,0.06269890473238272,0.13128745608596817,0.0811634635255218,0.05024798512089275,0.03341599504029758,0.021554040090927876,0.00995040297582145,0.03292002479851209,0.003451126265757388,0.001332920024798512,0.000712957222566646,0.0008576152097540814,0.0,0.0004236412481917752,0.0,0.00019632155404009094,0.0,0.0,0.0,0.0,0.0,0.0,0.0,0.0,0.0,0.0,0.0,0.0,0.0,0.0,0.0,0.0,0.0,0.0,0.0,0.0,0.0,0.0,0.0,0.0,0.0,0.0,0.0,0.0,0.0,0.0,0.0,0.0,0.0,0.0,0.0,0.0,0.0,0.0,0.0,0.0,0.0,0.0,0.0,0.0,nan,nan,4.204140127388535,2.949152214266345,nan,0.9274927868995947,0.023361766505172687,0.0,0.0,0.0,0.0,0.0,0.0,0.0,0.0,0.0,0.0,0.0,0.0,0.0,0.0,0.0,0.0,0.0,0.0,0.0,0.0,0.0,0.0,0.0,0.0,0.0,0.20857473928157594,3.3024333719582857,14.35689455388181,10.77636152954809,1.3557358053302437,0.9279370056788127,0.023254047299421734,0.0,0.0,0.0,0.0,0.0,0.0,0.0,0.0,0.0,0.0,0.0,0.0,0.0,0.0,0.0,0.0,0.0,0.0,0.0,0.0,0.0,0.0,0.0,0.0,0.0,0.1733333333333334,3.2533333333333343,14.573333333333336,10.653333333333334,1.346666666666667,0.3948,0.009315,0.0,0.0,0.0,0.0,0.0,0.0,0.0,0.0,0.0,0.0,0.0,21.147161066048636,8.852838933951334,0.0,0.0,0.0,0.0,0.0,0.0,0.0,0.0,0.0,0.0,0.0,0.0,0.0,0.0,0.0,0.0,0.0,0.3943,0.009056,0.0,0.0,0.0,0.0,0.0,0.0,0.0,0.0,0.0,0.0,0.04000000000000001,21.8533333333333,8.10666666666667,0.0,0.0,0.0,0.0,0.0,0.0,0.0,0.0,0.0,0.0,0.0,0.0,0.0,0.0,0.0,0.0,0.0
16600,4826,2505,0.5190634065478658,1210,954,0.4484044757563199,1350,0.5594695399917116,0.38199999999999995,2.971563981042654,3.006822862045204,6.302593659942363,2.1109210097110083,8379.018856195607,506.33158285385804,7853.0,8866.4,8866.4,0.0,7853.0,0.0,29.03108164111065,21.09084477861714,33.89190511127415,19.227971786222895,0.13240779113137174,0.09324492333195193,0.08827186075424782,0.08454206382096975,0.07853294653957729,0.07231661831744716,0.06837961044343141,0.06692913385826772,0.0613344384583506,0.05677579776212184,0.05263157894736842,0.044550352258599255,0.036469125569830084,0.023207625362619146,0.020928305014504767,0.011603812681309573,0.007874015748031496,0.927888147474274,0.0230463778273935,0.0,0.0,0.0,0.0,0.0,0.0,0.0,0.0,0.0,0.0,0.0,0.0,0.0,0.0,0.0,0.0,0.0,0.0,0.0,0.0,0.0,0.0,0.0,0.0,0.0,0.15540820555325324,3.114380439287195,14.664318276004977,10.704517198508084,1.3613758806464986,4.128165051578618,2.7971680141345674,nan,nan,nan,4.141809290953545,2.7737747845340834,4.113883557261676,2.8213753976090805,0.993257600306981,0.395,0.00933,0.0,0.0,0.0,0.0,0.0,0.0,0.0,0.0,0.0,0.0,0.049730625777041036,21.029838375466195,8.920430998756736,0.0,0.0,0.0,0.0,0.0,0.0,0.0,0.0,0.0,0.0,0.0,0.0,0.0,0.0,0.0,0.0,0.0,nan,nan,4.128165051578618,2.7971680141345674,nan,0.395,0.04355,0.0,0.0,0.0,0.0,0.0,0.0,0.0,0.0,0.0,0.0,0.0,0.0,0.0,0.0,0.0,0.0,0.0,0.0,0.0,0.0,0.0,0.0,0.0,0.0,7.252382925818484e-05,0.0001346871114794861,0.00022793203481143805,0.0005801906340654787,0.003046000828843763,0.00356402818068794,0.011728139245752176,0.02158101947782843,0.016038126813095733,0.04682967260671363,0.04065478657273104,0.06168669705760464,0.0675714877745545,0.06850393700787402,0.058775383340240364,0.08423124740986324,0.0825528387898881,0.06089929548280149,0.13196228760878576,0.07905097389142146,0.05210319104848736,0.033101947782842936,0.02315582262743473,0.009997927890592624,0.034127641939494406,0.0045171985080812264,0.0013157894736842105,0.0006941566514711977,0.0009013675922088687,0.0,0.0002590136759220887,0.0,0.0001346871114794861,0.0,0.0,0.0,0.0,0.0,0.0,0.0,0.0,0.0,0.0,0.0,0.0,0.0,0.0,0.0,0.0,0.0,0.0,0.0,0.0,0.0,0.0,0.0,0.0,0.0,0.0,0.0,0.0,0.0,0.0,0.0,0.0,0.0,0.0,0.0,0.0,0.0,0.0,0.0,0.0,0.0,0.0,0.0,0.0,nan,nan,4.128165051578618,2.7971680141345674,nan,0.9273760414171124,0.02292423835182069,0.0,0.0,0.0,0.0,0.0,0.0,0.0,0.0,0.0,0.0,0.0,0.0,0.0,0.0,0.0,0.0,0.0,0.0,0.0,0.0,0.0,0.0,0.0,0.0,0.0,0.1317365269461078,3.3293413173652704,14.742514970059883,10.610778443113775,1.1856287425149703,0.9284408513403617,0.023164778335922096,0.0,0.0,0.0,0.0,0.0,0.0,0.0,0.0,0.0,0.0,0.0,0.0,0.0,0.0,0.0,0.0,0.0,0.0,0.0,0.0,0.0,0.0,0.0,0.0,0.0,0.18095648427401986,2.882378285221888,14.579922447221028,10.805687203791472,1.5510555794915988,0.395,0.009476,0.0,0.0,0.0,0.0,0.0,0.0,0.0,0.0,0.0,0.0,0.08383233532934134,20.9580838323353,8.958083832335332,0.0,0.0,0.0,0.0,0.0,0.0,0.0,0.0,0.0,0.0,0.0,0.0,0.0,0.0,0.0,0.0,0.0,0.395,0.00917,0.0,0.0,0.0,0.0,0.0,0.0,0.0,0.0,0.0,0.0,0.01292546316242999,21.107281344248136,8.879793192589403,0.0,0.0,0.0,0.0,0.0,0.0,0.0,0.0,0.0,0.0,0.0,0.0,0.0,0.0,0.0,0.0,0.0
16700,4654,2433,0.5227761065749893,1139,951,0.4490760636012033,1289,0.553932101418135,0.40599999999999997,3.0058532192705987,3.1217904839004205,6.607476635514018,2.137443997244001,8382.781306403092,506.1740247135626,7853.0,8866.4,8866.399999999998,1.8189894035458565e-12,7853.0,0.0,28.178341211860765,21.00963607675811,33.13110145668285,19.24437478557002,0.14030941125913193,0.09518693596905888,0.09282337773957886,0.08508809626128062,0.08379888268156424,0.07692307692307693,0.06875805758487323,0.06295659647614955,0.057370004297378596,0.05199828104856038,0.0446927374301676,0.039321014181349374,0.0350236355822948,0.030511388053287496,0.015470562956596476,0.012032660077352814,0.007735281478298238,0.9270120372729185,0.023206990846058866,0.0,0.0,0.0,0.0,0.0,0.0,0.0,0.0,0.0,0.0,0.0,0.0,0.0,0.0,0.0,0.0,0.0,0.0,0.0,0.0,0.0,0.0,0.0,0.0,0.0,0.14181349376880106,3.6549204984959185,14.278040395358834,10.642458100558663,1.2827675118177913,4.224166391548366,2.918435104629453,nan,nan,nan,4.165680473372781,2.892808708278005,4.2831564986737405,2.942879300554167,1.0282009208463951,0.3953,0.0093,0.0,0.0,0.0,0.0,0.0,0.0,0.0,0.0,0.0,0.0,0.045122475290073065,20.730554361839246,9.22432316287065,0.0,0.0,0.0,0.0,0.0,0.0,0.0,0.0,0.0,0.0,0.0,0.0,0.0,0.0,0.0,0.0,0.0,nan,nan,4.224166391548366,2.918435104629453,nan,0.3953,0.04395,0.0,0.0,0.0,0.0,0.0,0.0,0.0,0.0,0.0,0.0,0.0,0.0,0.0,0.0,0.0,0.0,0.0,0.0,0.0,0.0,0.0,0.0,0.0,0.0,5.371723248818221e-05,0.0001504082509669102,0.00016115169746454662,0.001042114310270735,0.00316931671680275,0.004061022776106575,0.01099054576708208,0.021991834980661797,0.01709282337773958,0.046959604641168884,0.038364847443059735,0.06419209282337773,0.06524495058014611,0.07059518693596906,0.055264288783841854,0.08384185646755479,0.08041469703480876,0.06396648044692738,0.12756768371293511,0.0805436183927804,0.05325526428878384,0.033702191663085516,0.0236140954018049,0.010560807907176622,0.03493768801031371,0.004888268156424581,0.0010636012032660077,0.0005694026643747314,0.0012247529007305543,0.0,0.0002900730554361839,0.0,0.00022561237645036527,0.0,0.0,0.0,0.0,0.0,0.0,0.0,0.0,0.0,0.0,0.0,0.0,0.0,0.0,0.0,0.0,0.0,0.0,0.0,0.0,0.0,0.0,0.0,0.0,0.0,0.0,0.0,0.0,0.0,0.0,0.0,0.0,0.0,0.0,0.0,0.0,0.0,0.0,0.0,0.0,0.0,0.0,0.0,0.0,nan,nan,4.224166391548366,2.918435104629453,nan,0.9271614625774388,0.023326161186544004,0.0,0.0,0.0,0.0,0.0,0.0,0.0,0.0,0.0,0.0,0.0,0.0,0.0,0.0,0.0,0.0,0.0,0.0,0.0,0.0,0.0,0.0,0.0,0.0,0.0,0.13563501849568435,3.6251541307028368,14.118372379778055,10.752157829839707,1.3686806411837242,0.9268483489496866,0.023074628489730596,0.0,0.0,0.0,0.0,0.0,0.0,0.0,0.0,0.0,0.0,0.0,0.0,0.0,0.0,0.0,0.0,0.0,0.0,0.0,0.0,0.0,0.0,0.0,0.0,0.0,0.1485817199459703,3.6875281404772635,14.452949122017113,10.522287257991897,1.1886537595677624,0.3955,0.009346,0.0,0.0,0.0,0.0,0.0,0.0,0.0,0.0,0.0,0.0,0.03699136868064119,20.530209617755826,9.432799013563503,0.0,0.0,0.0,0.0,0.0,0.0,0.0,0.0,0.0,0.0,0.0,0.0,0.0,0.0,0.0,0.0,0.0,0.395,0.00923,0.0,0.0,0.0,0.0,0.0,0.0,0.0,0.0,0.0,0.0,0.054029716343989204,20.950022512381782,8.995947771274203,0.0,0.0,0.0,0.0,0.0,0.0,0.0,0.0,0.0,0.0,0.0,0.0,0.0,0.0,0.0,0.0,0.0
16800,4385,2249,0.512884834663626,1036,917,0.44538198403648804,1243,0.5669327251995439,0.434,2.9864232209737827,3.1458466668920178,6.7894736842105265,2.179142291476273,8372.757491448117,506.53172844065966,7853.0,8866.4,8866.400000000001,1.8189894035458565e-12,7853.0,0.0,27.429418472063855,20.732121090949285,32.451789128653374,19.01050429725494,0.14207525655644243,0.10513112884834663,0.09076396807297606,0.09122006841505131,0.08255416191562144,0.07639680729760548,0.06887115165336374,0.0629418472063854,0.05176738882554162,0.05153933865450399,0.04264538198403649,0.04241733181299886,0.0314709236031927,0.026225769669327253,0.019384264538198404,0.010946408209806158,0.0036488027366020524,0.9262774827678771,0.02303947660162451,0.0,0.0,0.0,0.0,0.0,0.0,0.0,0.0,0.0,0.0,0.0,0.0,0.0,0.0,0.0,0.0,0.0,0.0,0.0,0.0,0.0,0.0,0.0,0.0,0.00684150513112885,0.1094640820980616,3.6123147092360326,14.859749144811861,10.200684150513114,1.2109464082098063,4.329859863456702,2.8792434131515066,nan,nan,nan,4.420827389443652,2.876154093265597,4.23768115942029,2.8804740677295504,0.9585719563580585,0.395,0.00943,0.0,0.0,0.0,0.0,0.0,0.0,0.0,0.0,0.0,0.0,0.06157354618015965,21.085518814139082,8.852907639680732,0.0,0.0,0.0,0.0,0.0,0.0,0.0,0.0,0.0,0.0,0.0,0.0,0.0,0.0,0.0,0.0,0.0,nan,nan,4.329859863456702,2.8792434131515066,nan,0.395,0.04398,0.0,0.0,0.0,0.0,0.0,0.0,0.0,0.0,0.0,0.0,0.0,0.0,0.0,0.0,0.0,0.0,0.0,0.0,0.0,0.0,0.0,0.0,0.0,0.0,0.0,1.1402508551881415e-05,4.561003420752566e-05,0.0011630558722919042,0.002748004561003421,0.004675028506271379,0.009475484606613455,0.022212086659064996,0.017377423033067274,0.04787913340935006,0.03935005701254276,0.069327251995439,0.06500570125427595,0.07148232611174458,0.05253135689851767,0.0815279361459521,0.07945267958950969,0.06418472063854049,0.1295667046750285,0.0790193842645382,0.054640820980615734,0.03197263397947549,0.021265678449258838,0.00992018244013683,0.03610034207525656,0.005416191562143672,0.0010148232611174458,0.0005017103762827822,0.0013797035347776511,0.0,0.00020524515393386544,0.0,0.0005473204104903079,0.0,0.0,0.0,0.0,0.0,0.0,0.0,0.0,0.0,0.0,0.0,0.0,0.0,0.0,0.0,0.0,0.0,0.0,0.0,0.0,0.0,0.0,0.0,0.0,0.0,0.0,0.0,0.0,0.0,0.0,0.0,0.0,0.0,0.0,0.0,0.0,0.0,0.0,0.0,0.0,0.0,0.0,0.0,0.0,nan,nan,4.329859863456702,2.8792434131515066,nan,0.9259510548605607,0.02334051130497004,0.0,0.0,0.0,0.0,0.0,0.0,0.0,0.0,0.0,0.0,0.0,0.0,0.0,0.0,0.0,0.0,0.0,0.0,0.0,0.0,0.0,0.0,0.0,0.0,0.013339261894175192,0.14673188083592711,3.5749221876389514,14.966651845264565,10.071142730102268,1.2272120942641176,0.9266211795672942,0.0227131360846682,0.0,0.0,0.0,0.0,0.0,0.0,0.0,0.0,0.0,0.0,0.0,0.0,0.0,0.0,0.0,0.0,0.0,0.0,0.0,0.0,0.0,0.0,0.0,0.0,0.0,0.07022471910112361,3.6516853932584277,14.747191011235959,10.337078651685395,1.1938202247191014,0.3948,0.00947,0.0,0.0,0.0,0.0,0.0,0.0,0.0,0.0,0.0,0.0,0.05335704757670077,21.276122721209397,8.670520231213874,0.0,0.0,0.0,0.0,0.0,0.0,0.0,0.0,0.0,0.0,0.0,0.0,0.0,0.0,0.0,0.0,0.0,0.3953,0.009384,0.0,0.0,0.0,0.0,0.0,0.0,0.0,0.0,0.0,0.0,0.07022471910112361,20.88483146067413,9.04494382022472,0.0,0.0,0.0,0.0,0.0,0.0,0.0,0.0,0.0,0.0,0.0,0.0,0.0,0.0,0.0,0.0,0.0
16900,4712,2379,0.504881154499151,1153,946,0.4454584040747029,1345,0.5708828522920204,0.414,3.0167166738105444,3.1337076231708045,6.713245997088792,2.063232389104654,8364.64656196944,506.6758544914908,7853.0,8866.4,8866.399999999998,1.8189894035458565e-12,7853.0,0.0,27.737903225806452,20.81311514375585,32.648976497346474,19.09761993749301,0.14134125636672326,0.09847198641765705,0.09274193548387097,0.08764855687606112,0.08764855687606112,0.07703735144312394,0.06727504244482173,0.060696095076400676,0.055178268251273345,0.053268251273344655,0.045415959252971136,0.040110356536502544,0.031196943972835314,0.02567911714770798,0.020161290322580645,0.00933786078098472,0.006791171477079796,0.9266189803924342,0.02311165671631751,0.0,0.0,0.0,0.0,0.0,0.0,0.0,0.0,0.0,0.0,0.0,0.0,0.0,0.0,0.0,0.0,0.0,0.0,0.0,0.0,0.0,0.0,0.0,0.0,0.00636672325976231,0.17190152801358238,3.6035653650254678,14.471561969439731,10.517826825127338,1.228777589134126,4.35016393442623,2.9437360514045103,nan,nan,nan,4.3475409836065575,2.9198925736682453,4.3527868852459015,2.967385630344035,1.0012066365007541,0.3948,0.00928,0.0,0.0,0.0,0.0,0.0,0.0,0.0,0.0,0.0,0.0,0.01910016977928693,21.252122241086557,8.728777589134127,0.0,0.0,0.0,0.0,0.0,0.0,0.0,0.0,0.0,0.0,0.0,0.0,0.0,0.0,0.0,0.0,0.0,nan,nan,4.35016393442623,2.9437360514045103,nan,0.3948,0.0445,0.0,0.0,0.0,0.0,0.0,0.0,0.0,0.0,0.0,0.0,0.0,0.0,0.0,0.0,0.0,0.0,0.0,0.0,0.0,0.0,0.0,0.0,0.0,0.0,0.0,0.0,0.0,0.0008701188455008489,0.0035441426146010186,0.005135823429541596,0.009719864176570458,0.0212330220713073,0.019556451612903227,0.047495755517826824,0.042200764006791174,0.07150891341256367,0.064696519524618,0.068919779286927,0.054541595925297115,0.07496816638370118,0.07643251273344652,0.06503607809847199,0.1295946519524618,0.0823641765704584,0.05167657045840408,0.030623938879456705,0.0228883701188455,0.011353989813242784,0.036269100169779286,0.005602716468590832,0.0008276740237691002,0.0006048387096774194,0.0015598471986417656,0.0,0.00038200339558573855,0.0,0.0003926146010186757,0.0,0.0,0.0,0.0,0.0,0.0,0.0,0.0,0.0,0.0,0.0,0.0,0.0,0.0,0.0,0.0,0.0,0.0,0.0,0.0,0.0,0.0,0.0,0.0,0.0,0.0,0.0,0.0,0.0,0.0,0.0,0.0,0.0,0.0,0.0,0.0,0.0,0.0,0.0,0.0,0.0,0.0,0.0,0.0,nan,nan,4.35016393442623,2.9437360514045103,nan,0.9266907105730481,0.023265840099614046,0.0,0.0,0.0,0.0,0.0,0.0,0.0,0.0,0.0,0.0,0.0,0.0,0.0,0.0,0.0,0.0,0.0,0.0,0.0,0.0,0.0,0.0,0.0,0.0,0.0,0.13871374527112235,3.6443883984867598,14.716267339218161,10.214375788146281,1.28625472887768,0.9265458359005009,0.022953135954194383,0.0,0.0,0.0,0.0,0.0,0.0,0.0,0.0,0.0,0.0,0.0,0.0,0.0,0.0,0.0,0.0,0.0,0.0,0.0,0.0,0.0,0.0,0.0,0.0,0.012858979854264898,0.20574367766823837,3.5619374196313767,14.222031718816977,10.827261037291045,1.1701671667381057,0.3948,0.009155,0.0,0.0,0.0,0.0,0.0,0.0,0.0,0.0,0.0,0.0,0.025220680958385883,21.51324085750312,8.461538461538463,0.0,0.0,0.0,0.0,0.0,0.0,0.0,0.0,0.0,0.0,0.0,0.0,0.0,0.0,0.0,0.0,0.0,0.395,0.0094,0.0,0.0,0.0,0.0,0.0,0.0,0.0,0.0,0.0,0.0,0.012858979854264898,20.985855122160277,9.001285897985428,0.0,0.0,0.0,0.0,0.0,0.0,0.0,0.0,0.0,0.0,0.0,0.0,0.0,0.0,0.0,0.0,0.0
17000,4736,2450,0.5173141891891891,1174,933,0.4448902027027027,1344,0.5675675675675675,0.39399999999999996,3.021872265966754,3.0877305232498755,6.489795918367347,2.038059362281087,8377.246199324325,506.39611065772505,7853.0,8866.4,8866.399999999998,1.8189894035458565e-12,7853.0,0.0,28.324324324324323,21.01675368258079,33.27288688236769,19.21579628731533,0.13809121621621623,0.1011402027027027,0.09037162162162163,0.08614864864864864,0.07284628378378379,0.07749155405405406,0.06883445945945946,0.059966216216216214,0.06123310810810811,0.05912162162162162,0.04814189189189189,0.03927364864864865,0.03526182432432432,0.025760135135135136,0.02005912162162162,0.00950168918918919,0.006756756756756757,0.9260561436892966,0.02351860458348902,0.0,0.0,0.0,0.0,0.0,0.0,0.0,0.0,0.0,0.0,0.0,0.0,0.0,0.0,0.0,0.0,0.0,0.0,0.0,0.0,0.0,0.0,0.0,0.0,0.0,0.1583614864864865,3.7880067567567575,14.879645270270274,9.888091216216218,1.2858952702702704,4.249512670565302,2.8591800255983055,nan,nan,nan,4.214468629961588,2.844582087558232,4.285620052770448,2.873696391059499,1.016882655693064,0.3945,0.009476,0.0,0.0,0.0,0.0,0.0,0.0,0.0,0.0,0.0,0.0,0.038006756756756764,21.657516891891863,8.304476351351353,0.0,0.0,0.0,0.0,0.0,0.0,0.0,0.0,0.0,0.0,0.0,0.0,0.0,0.0,0.0,0.0,0.0,nan,nan,4.249512670565302,2.8591800255983055,nan,0.3945,0.0445,0.0,0.0,0.0,0.0,0.0,0.0,0.0,0.0,0.0,0.0,0.0,0.0,0.0,0.0,0.0,0.0,0.0,0.0,0.0,0.0,0.0,0.0,0.0,0.0,0.0,0.0,2.1114864864864866e-05,0.0007918074324324325,0.0027766047297297296,0.006820101351351351,0.009037162162162162,0.01996410472972973,0.01948902027027027,0.05086570945945946,0.041385135135135136,0.07160050675675676,0.06841216216216216,0.06926731418918919,0.05542652027027027,0.0753272804054054,0.07320523648648648,0.0655299831081081,0.128515625,0.08182010135135136,0.05066511824324324,0.03012035472972973,0.022371199324324326,0.011138091216216216,0.03599028716216216,0.005869932432432432,0.0006967905405405406,0.0004856418918918919,0.001731418918918919,0.0,0.0003800675675675676,0.0,0.0002956081081081081,0.0,0.0,0.0,0.0,0.0,0.0,0.0,0.0,0.0,0.0,0.0,0.0,0.0,0.0,0.0,0.0,0.0,0.0,0.0,0.0,0.0,0.0,0.0,0.0,0.0,0.0,0.0,0.0,0.0,0.0,0.0,0.0,0.0,0.0,0.0,0.0,0.0,0.0,0.0,0.0,0.0,0.0,0.0,0.0,nan,nan,4.249512670565302,2.8591800255983055,nan,0.9262956080144765,0.02346511409854367,0.0,0.0,0.0,0.0,0.0,0.0,0.0,0.0,0.0,0.0,0.0,0.0,0.0,0.0,0.0,0.0,0.0,0.0,0.0,0.0,0.0,0.0,0.0,0.0,0.0,0.11020408163265308,3.661224489795919,14.98775510204082,9.906122448979593,1.3346938775510209,0.9257994999462121,0.023573097350232743,0.0,0.0,0.0,0.0,0.0,0.0,0.0,0.0,0.0,0.0,0.0,0.0,0.0,0.0,0.0,0.0,0.0,0.0,0.0,0.0,0.0,0.0,0.0,0.0,0.0,0.20997375328083995,3.9238845144356964,14.763779527559059,9.868766404199476,1.2335958005249346,0.3945,0.00955,0.0,0.0,0.0,0.0,0.0,0.0,0.0,0.0,0.0,0.0,0.036734693877551024,21.73469387755099,8.22857142857143,0.0,0.0,0.0,0.0,0.0,0.0,0.0,0.0,0.0,0.0,0.0,0.0,0.0,0.0,0.0,0.0,0.0,0.3945,0.009384,0.0,0.0,0.0,0.0,0.0,0.0,0.0,0.0,0.0,0.0,0.03937007874015749,21.574803149606268,8.385826771653544,0.0,0.0,0.0,0.0,0.0,0.0,0.0,0.0,0.0,0.0,0.0,0.0,0.0,0.0,0.0,0.0,0.0
17100,4597,2345,0.5101152925821187,1136,930,0.44942353708940613,1284,0.5586251903415271,0.40199999999999997,3.003552397868561,3.1070289004585487,6.503125,2.204396796036276,8369.95083750272,506.5962991677818,7853.0,8866.4,8866.4,0.0,7853.0,0.0,28.20143571894714,20.95361664681635,33.145887221934814,19.17625735776196,0.13943876441157277,0.09788992821405264,0.0926691320426365,0.08418533826408528,0.07874700891886012,0.06961061561888188,0.07570154448553404,0.06743528388079183,0.05851642375462258,0.05481835979986948,0.0443767674570372,0.041331303023711116,0.03262997607135088,0.026974113552316728,0.016750054383293453,0.010224059169023277,0.008701326952360235,0.9258980504424514,0.023337228775841833,0.0,0.0,0.0,0.0,0.0,0.0,0.0,0.0,0.0,0.0,0.0,0.0,0.0,0.0,0.0,0.0,0.0,0.0,0.0,0.0,0.0,0.0,0.0,0.0,0.0,0.15662388514248426,3.8829671524907554,14.631281270393739,10.174026539047206,1.1551011529258215,4.295010114632501,2.876701241047042,nan,nan,nan,4.356435643564357,2.865007358341336,4.230875258442453,2.8874662949896805,0.9711781843242904,0.3943,0.00946,0.0,0.0,0.0,0.0,0.0,0.0,0.0,0.0,0.0,0.0,0.02610398085708071,21.738090058733924,8.229279965194694,0.006525995214270178,0.0,0.0,0.0,0.0,0.0,0.0,0.0,0.0,0.0,0.0,0.0,0.0,0.0,0.0,0.0,0.0,nan,nan,4.295010114632501,2.876701241047042,nan,0.3943,0.04468,0.0,0.0,0.0,0.0,0.0,0.0,0.0,0.0,0.0,0.0,0.0,0.0,0.0,0.0,0.0,0.0,0.0,0.0,0.0,0.0,0.0,0.0,0.0,0.0,0.0,0.0,0.0,0.00045681966499891235,0.0036001740265390473,0.006993691537959539,0.009049380030454645,0.019055906025668916,0.018990646073526213,0.05250163149880357,0.042669132042636504,0.06942571242114423,0.07149227757232977,0.06844681313900369,0.05236023493582771,0.07797476615183815,0.07377637589732434,0.06542310202305851,0.12654992386338917,0.0799543180335001,0.050913639329997824,0.03026974113552317,0.022362410267565802,0.011616271481400913,0.036763106373721995,0.0055362192734391994,0.0006525995214270176,0.0007939960844028715,0.0016858820970197955,5.438329345225147e-05,0.00026103980857080706,0.0,0.00036980639547531,0.0,0.0,0.0,0.0,0.0,0.0,0.0,0.0,0.0,0.0,0.0,0.0,0.0,0.0,0.0,0.0,0.0,0.0,0.0,0.0,0.0,0.0,0.0,0.0,0.0,0.0,0.0,0.0,0.0,0.0,0.0,0.0,0.0,0.0,0.0,0.0,0.0,0.0,0.0,0.0,0.0,0.0,0.0,0.0,nan,nan,4.295010114632501,2.876701241047042,nan,0.9258587142551886,0.023420434905122717,0.0,0.0,0.0,0.0,0.0,0.0,0.0,0.0,0.0,0.0,0.0,0.0,0.0,0.0,0.0,0.0,0.0,0.0,0.0,0.0,0.0,0.0,0.0,0.0,0.0,0.17910447761194034,3.9658848614072504,14.366737739872072,10.452025586353946,1.0362473347547976,0.9259390110814973,0.023250199315218132,0.0,0.0,0.0,0.0,0.0,0.0,0.0,0.0,0.0,0.0,0.0,0.0,0.0,0.0,0.0,0.0,0.0,0.0,0.0,0.0,0.0,0.0,0.0,0.0,0.0,0.133214920071048,3.7966252220248675,14.90674955595027,9.88454706927176,1.2788632326820606,0.3943,0.009346,0.0,0.0,0.0,0.0,0.0,0.0,0.0,0.0,0.0,0.0,0.0,21.825159914712124,8.174840085287848,0.0,0.0,0.0,0.0,0.0,0.0,0.0,0.0,0.0,0.0,0.0,0.0,0.0,0.0,0.0,0.0,0.0,0.3945,0.00958,0.0,0.0,0.0,0.0,0.0,0.0,0.0,0.0,0.0,0.0,0.053285968028419194,21.64742451154526,8.285968028419184,0.013321492007104798,0.0,0.0,0.0,0.0,0.0,0.0,0.0,0.0,0.0,0.0,0.0,0.0,0.0,0.0,0.0,0.0
17200,4713,2454,0.5206874602164226,1185,956,0.45427540844472736,1313,0.5571822618289837,0.38999999999999996,2.965028773793714,3.090793514236246,6.585055643879174,2.0326036945498545,8380.664672183322,506.2661084056937,7853.0,8866.4,8866.399999999998,1.8189894035458565e-12,7853.0,0.0,28.17589645660938,21.008950947402113,33.06725440806046,19.277850689909137,0.13812858052196053,0.096965839168258,0.09357097390197326,0.08847867600254615,0.08317419902397624,0.07129217059197963,0.06598769361340971,0.06577551453426692,0.05983450031826862,0.05240823254827074,0.043708890303416084,0.0428601739868449,0.035221727137704224,0.0244005941014216,0.0182474008062805,0.011457670273711012,0.008487163165711862,0.9256224993710404,0.0228911354434766,0.0,0.0,0.0,0.0,0.0,0.0,0.0,0.0,0.0,0.0,0.0,0.0,0.0,0.0,0.0,0.0,0.0,0.0,0.0,0.0,0.0,0.0,0.0,0.0,0.0,0.14640356460852963,3.819223424570338,14.8631444939529,10.159134309357098,1.0120942075111397,4.236179260713118,2.9072163029116562,nan,nan,nan,4.200913242009133,2.895901992574055,4.271175311884439,2.919021390915953,1.016725427502926,0.3948,0.00944,0.0,0.0,0.0,0.0,0.0,0.0,0.0,0.0,0.0,0.0,0.04455760661998728,21.24124761298533,8.714194780394655,0.0,0.0,0.0,0.0,0.0,0.0,0.0,0.0,0.0,0.0,0.0,0.0,0.0,0.0,0.0,0.0,0.0,nan,nan,4.236179260713118,2.9072163029116562,nan,0.3948,0.04468,0.0,0.0,0.0,0.0,0.0,0.0,0.0,0.0,0.0,0.0,0.0,0.0,0.0,0.0,0.0,0.0,0.0,0.0,0.0,0.0,0.0,0.0,0.0,0.0,0.0,0.0,1.0608953957139827e-05,0.0001273074474856779,0.004179927859113091,0.0074580946318692975,0.007171652875026522,0.01953108423509442,0.019244642478251646,0.0502121790791428,0.043804370889030345,0.06891576490558031,0.07037980055166561,0.06545724591555273,0.05346912794398472,0.0783152981116062,0.07124973477615107,0.06842775302355188,0.12971568003394865,0.0796732442181201,0.05046679397411415,0.03047952471886272,0.022215149586250794,0.013505198387438999,0.036420538934861024,0.005665181413112667,0.0005728835136855506,0.0008699342244854657,0.0019838743899851475,0.0,0.0002970507107999151,0.0,0.00018035221727137705,0.0,0.0,0.0,0.0,0.0,0.0,0.0,0.0,0.0,0.0,0.0,0.0,0.0,0.0,0.0,0.0,0.0,0.0,0.0,0.0,0.0,0.0,0.0,0.0,0.0,0.0,0.0,0.0,0.0,0.0,0.0,0.0,0.0,0.0,0.0,0.0,0.0,0.0,0.0,0.0,0.0,0.0,0.0,0.0,nan,nan,4.236179260713118,2.9072163029116562,nan,0.9260020422663452,0.02307051835779292,0.0,0.0,0.0,0.0,0.0,0.0,0.0,0.0,0.0,0.0,0.0,0.0,0.0,0.0,0.0,0.0,0.0,0.0,0.0,0.0,0.0,0.0,0.0,0.0,0.0,0.17114914425427877,3.6674816625916877,14.816625916870418,10.110024449877754,1.2347188264058682,0.9252101938088102,0.022687467157333087,0.0,0.0,0.0,0.0,0.0,0.0,0.0,0.0,0.0,0.0,0.0,0.0,0.0,0.0,0.0,0.0,0.0,0.0,0.0,0.0,0.0,0.0,0.0,0.0,0.0,0.11952191235059763,3.984063745019921,14.913678618857904,10.212483399734397,0.7702523240371848,0.3948,0.00941,0.0,0.0,0.0,0.0,0.0,0.0,0.0,0.0,0.0,0.0,0.07334963325183375,21.381418092909506,8.545232273838632,0.0,0.0,0.0,0.0,0.0,0.0,0.0,0.0,0.0,0.0,0.0,0.0,0.0,0.0,0.0,0.0,0.0,0.395,0.00947,0.0,0.0,0.0,0.0,0.0,0.0,0.0,0.0,0.0,0.0,0.013280212483399738,21.08897742363875,8.897742363877823,0.0,0.0,0.0,0.0,0.0,0.0,0.0,0.0,0.0,0.0,0.0,0.0,0.0,0.0,0.0,0.0,0.0
17300,4409,2290,0.5193921524155137,1104,888,0.4518031299614425,1219,0.5529598548423679,0.414,2.958942897593204,3.0825842470951503,6.405940594059406,2.147274968850164,8379.352007257881,506.31876185930145,7853.0,8866.4,8866.399999999998,1.8189894035458565e-12,7853.0,0.0,28.717169426173736,21.199910936032776,33.73241713823767,19.35161112667709,0.13608528010886822,0.09775459287820368,0.08913585847130868,0.08550691766840554,0.0728056248582445,0.07462009525969608,0.07552733046042187,0.0612383760489907,0.061011567248809254,0.05602177364481742,0.048537083238829666,0.039237922431390335,0.03266046722612837,0.029258335223406668,0.01905193921524155,0.014742572011794058,0.006804264005443411,0.9251646583219265,0.02314811738653644,0.0,0.0,0.0,0.0,0.0,0.0,0.0,0.0,0.0,0.0,0.0,0.0,0.0,0.0,0.0,0.0,0.0,0.0,0.0,0.0,0.0,0.0,0.0,0.0,0.013608528010886826,0.1633023361306419,3.9600816511680663,14.95577228396462,9.777727375822183,1.1295078249036066,4.080661840744571,2.8371352594247004,nan,nan,nan,4.028846153846154,2.802911121771638,4.130193905817174,2.869449784830481,1.0251555279355278,0.3945,0.00954,0.0,0.0,0.0,0.0,0.0,0.0,0.0,0.0,0.0,0.0,0.07484690405987754,21.62395100929913,8.301202086640963,0.0,0.0,0.0,0.0,0.0,0.0,0.0,0.0,0.0,0.0,0.0,0.0,0.0,0.0,0.0,0.0,0.0,nan,nan,4.080661840744571,2.8371352594247004,nan,0.3945,0.04446,0.0,0.0,0.0,0.0,0.0,0.0,0.0,0.0,0.0,0.0,0.0,0.0,0.0,0.0,0.0,0.0,0.0,0.0,0.0,0.0,0.0,0.0,0.0,0.0,0.0,0.0,3.402132002721705e-05,0.0002721705602177364,0.003799047403039238,0.007926967566341574,0.006826944885461556,0.01952823769562259,0.021127239736901792,0.04694942163755954,0.046178271716942616,0.07012928101610343,0.067555001134044,0.06546836017237469,0.05497845316398276,0.08166250850533001,0.07097981401678385,0.06850759809480608,0.12915627126332502,0.07900884554320707,0.05006804264005443,0.029246994783397595,0.022386028577908824,0.013188931730551145,0.035370832388296664,0.005806305284645044,0.0005670220004536176,0.0009752778407802222,0.0018598321614878657,0.0,0.0003515536402812429,0.0,9.072352007257881e-05,0.0,0.0,0.0,0.0,0.0,0.0,0.0,0.0,0.0,0.0,0.0,0.0,0.0,0.0,0.0,0.0,0.0,0.0,0.0,0.0,0.0,0.0,0.0,0.0,0.0,0.0,0.0,0.0,0.0,0.0,0.0,0.0,0.0,0.0,0.0,0.0,0.0,0.0,0.0,0.0,0.0,0.0,0.0,0.0,nan,nan,4.080661840744571,2.8371352594247004,nan,0.9255922567375883,0.0230866282768575,0.0,0.0,0.0,0.0,0.0,0.0,0.0,0.0,0.0,0.0,0.0,0.0,0.0,0.0,0.0,0.0,0.0,0.0,0.0,0.0,0.0,0.0,0.0,0.0,0.01310043668122271,0.1441048034934498,3.838427947598254,14.764192139737995,10.087336244541486,1.1528384279475985,0.9247025533800364,0.023205528562463378,0.0,0.0,0.0,0.0,0.0,0.0,0.0,0.0,0.0,0.0,0.0,0.0,0.0,0.0,0.0,0.0,0.0,0.0,0.0,0.0,0.0,0.0,0.0,0.0,0.014157621519584713,0.18404907975460127,4.091552619159982,15.162812647475228,9.443133553563003,1.1042944785276076,0.3945,0.0094,0.0,0.0,0.0,0.0,0.0,0.0,0.0,0.0,0.0,0.0,0.03930131004366813,21.69432314410477,8.26637554585153,0.0,0.0,0.0,0.0,0.0,0.0,0.0,0.0,0.0,0.0,0.0,0.0,0.0,0.0,0.0,0.0,0.0,0.3945,0.009674,0.0,0.0,0.0,0.0,0.0,0.0,0.0,0.0,0.0,0.0,0.1132609721566777,21.547899952807896,8.338839075035395,0.0,0.0,0.0,0.0,0.0,0.0,0.0,0.0,0.0,0.0,0.0,0.0,0.0,0.0,0.0,0.0,0.0
17400,4507,2339,0.518970490348347,1096,921,0.44752607055691146,1255,0.556911471045041,0.40199999999999997,2.8588560885608856,3.0247144632932788,6.310402684563758,2.25384663854041,8378.924694919015,506.33516676730113,7853.0,8866.4,8866.4,0.0,7853.0,0.0,28.232527179942313,20.90430780125301,33.14413702239789,19.122710026249504,0.13734191258043044,0.09607277568227202,0.09562902152207677,0.08054138007543821,0.08187264255602396,0.07632571555358332,0.07432882183270469,0.06279121366762813,0.05879742622587087,0.05325049922343022,0.043266030619037055,0.043709784779232305,0.033503439094741516,0.025737741291324605,0.01908142888839583,0.012425116485467052,0.005325049922343022,0.9257711985700009,0.023057898567585684,0.0,0.0,0.0,0.0,0.0,0.0,0.0,0.0,0.0,0.0,0.0,0.0,0.0,0.0,0.0,0.0,0.0,0.0,0.0,0.0,0.0,0.0,0.0,0.0,0.0,0.13978256046150436,3.794098069669404,14.923452407366323,10.044375416019527,1.0982915464832486,4.122275204359673,2.8378705511108175,nan,nan,nan,4.114697802197802,2.8455968332228507,4.127112914131169,2.8293954385635565,1.003017259718742,0.3945,0.009575,0.0,0.0,0.0,0.0,0.0,0.0,0.0,0.0,0.0,0.0,0.06656312402928778,21.400044375415987,8.533392500554694,0.0,0.0,0.0,0.0,0.0,0.0,0.0,0.0,0.0,0.0,0.0,0.0,0.0,0.0,0.0,0.0,0.0,nan,nan,4.122275204359673,2.8378705511108175,nan,0.3945,0.04404,0.0,0.0,0.0,0.0,0.0,0.0,0.0,0.0,0.0,0.0,0.0,0.0,0.0,0.0,0.0,0.0,0.0,0.0,0.0,0.0,0.0,0.0,0.0,0.0,0.0,1.1093854004881296e-05,2.2187708009762593e-05,0.0005768804082538273,0.002784557355225205,0.00805413800754382,0.006556467716884846,0.01806079431994675,0.021854892389616153,0.046738406922564896,0.04643887286443311,0.06959174617262037,0.06760594630574662,0.06515420457066785,0.054559573996006215,0.08446860439316618,0.06864876858220546,0.07001331262480585,0.1327379631684047,0.08442422897714666,0.04551808298202795,0.02788994896827158,0.021544264477479477,0.012613712003550033,0.03526736188151764,0.005358331484357666,0.00041047259818060796,0.0009984468604393166,0.0017750166407810074,0.0,0.0002662524961171511,0.0,5.546927002440648e-05,0.0,0.0,0.0,0.0,0.0,0.0,0.0,0.0,0.0,0.0,0.0,0.0,0.0,0.0,0.0,0.0,0.0,0.0,0.0,0.0,0.0,0.0,0.0,0.0,0.0,0.0,0.0,0.0,0.0,0.0,0.0,0.0,0.0,0.0,0.0,0.0,0.0,0.0,0.0,0.0,0.0,0.0,0.0,0.0,nan,nan,4.122275204359673,2.8378705511108175,nan,0.9260323814165393,0.02338072051276735,0.0,0.0,0.0,0.0,0.0,0.0,0.0,0.0,0.0,0.0,0.0,0.0,0.0,0.0,0.0,0.0,0.0,0.0,0.0,0.0,0.0,0.0,0.0,0.0,0.0,0.1282599401453613,3.6554082941427968,15.27575887131253,9.657973492945706,1.2825994014536128,0.9254894150469136,0.02270109781160086,0.0,0.0,0.0,0.0,0.0,0.0,0.0,0.0,0.0,0.0,0.0,0.0,0.0,0.0,0.0,0.0,0.0,0.0,0.0,0.0,0.0,0.0,0.0,0.0,0.0,0.15221402214022142,3.9437269372693735,14.543357933579339,10.461254612546128,0.8994464944649448,0.3945,0.00936,0.0,0.0,0.0,0.0,0.0,0.0,0.0,0.0,0.0,0.0,0.05130397605814452,21.598973920478805,8.34972210346302,0.0,0.0,0.0,0.0,0.0,0.0,0.0,0.0,0.0,0.0,0.0,0.0,0.0,0.0,0.0,0.0,0.0,0.3948,0.009796,0.0,0.0,0.0,0.0,0.0,0.0,0.0,0.0,0.0,0.0,0.0830258302583026,21.185424354243512,8.731549815498157,0.0,0.0,0.0,0.0,0.0,0.0,0.0,0.0,0.0,0.0,0.0,0.0,0.0,0.0,0.0,0.0,0.0
17500,4629,2389,0.5160941888096782,1075,985,0.4450205227910996,1342,0.5798228559084035,0.41,2.9334821428571427,3.025567305074912,6.4887096774193544,2.1420976182320404,8376.009850939728,506.43743815235825,7853.0,8866.4,8866.399999999998,1.8189894035458565e-12,7853.0,0.0,27.997407647440053,20.87450786512854,32.96424897119341,19.08146677085684,0.1436595376971268,0.09440483905811191,0.0922445452581551,0.084899546338302,0.08036292935839275,0.07993087059840139,0.06783322531864333,0.06783322531864333,0.052711168718945774,0.05530352127889393,0.047310434219053794,0.03802117087923958,0.0356448476992871,0.024411319939511775,0.016850291639662993,0.01101749837977965,0.0075610282998487795,0.9258393301487896,0.02319092042386219,0.0,0.0,0.0,0.0,0.0,0.0,0.0,0.0,0.0,0.0,0.0,0.0,0.0,0.0,0.0,0.0,0.0,0.0,0.0,0.0,0.0,0.0,0.0,0.0,0.006480881399870384,0.11665586519766691,3.8626053143227486,15.009721322099809,9.760207388204797,1.2443292287751135,4.241989319092123,2.836884994116939,nan,nan,nan,4.167664670658683,2.8592798695797814,4.316811788345613,2.812176664347748,1.035786736571433,0.395,0.009476,0.0,0.0,0.0,0.0,0.0,0.0,0.0,0.0,0.0,0.0,0.06480881399870383,20.959170447180785,8.97602073882048,0.0,0.0,0.0,0.0,0.0,0.0,0.0,0.0,0.0,0.0,0.0,0.0,0.0,0.0,0.0,0.0,0.0,nan,nan,4.241989319092123,2.836884994116939,nan,0.395,0.04416,0.0,0.0,0.0,0.0,0.0,0.0,0.0,0.0,0.0,0.0,0.0,0.0,0.0,0.0,0.0,0.0,0.0,0.0,0.0,0.0,0.0,0.0,0.0,0.0,0.0,0.0,6.480881399870383e-05,0.0006912940159861741,0.0034024627349319506,0.008014689997839707,0.006254050550874919,0.016871894577662562,0.019734283862605315,0.046532728451069344,0.04668394901706632,0.0679952473536401,0.06889176928062217,0.06721754158565565,0.053704903866925904,0.08414344350831714,0.07081443076258372,0.07235904082955281,0.1298444588464031,0.0816050982933679,0.044221214085115576,0.028505076690429898,0.024162886152516744,0.01243249081875135,0.03574206092028516,0.005659969755886801,0.000745301360985094,0.001101749837977965,0.002430330524951393,7.561028299848779e-05,9.721322099805573e-05,0.0,0.0,0.0,0.0,0.0,0.0,0.0,0.0,0.0,0.0,0.0,0.0,0.0,0.0,0.0,0.0,0.0,0.0,0.0,0.0,0.0,0.0,0.0,0.0,0.0,0.0,0.0,0.0,0.0,0.0,0.0,0.0,0.0,0.0,0.0,0.0,0.0,0.0,0.0,0.0,0.0,0.0,0.0,0.0,0.0,0.0,nan,nan,4.241989319092123,2.836884994116939,nan,0.9258054666261685,0.023119217047963797,0.0,0.0,0.0,0.0,0.0,0.0,0.0,0.0,0.0,0.0,0.0,0.0,0.0,0.0,0.0,0.0,0.0,0.0,0.0,0.0,0.0,0.0,0.0,0.0,0.0,0.050230221850146514,3.9681875261615747,15.018836333193809,9.719547928003351,1.2431979907911261,0.9258754462003708,0.023267095535515883,0.0,0.0,0.0,0.0,0.0,0.0,0.0,0.0,0.0,0.0,0.0,0.0,0.0,0.0,0.0,0.0,0.0,0.0,0.0,0.0,0.0,0.0,0.0,0.0,0.013392857142857146,0.18750000000000006,3.750000000000001,15.000000000000004,9.80357142857143,1.2455357142857144,0.395,0.009476,0.0,0.0,0.0,0.0,0.0,0.0,0.0,0.0,0.0,0.0,0.07534533277521976,20.94600251151106,8.97865215571369,0.0,0.0,0.0,0.0,0.0,0.0,0.0,0.0,0.0,0.0,0.0,0.0,0.0,0.0,0.0,0.0,0.0,0.395,0.009476,0.0,0.0,0.0,0.0,0.0,0.0,0.0,0.0,0.0,0.0,0.05357142857142858,20.973214285714256,8.973214285714286,0.0,0.0,0.0,0.0,0.0,0.0,0.0,0.0,0.0,0.0,0.0,0.0,0.0,0.0,0.0,0.0,0.0
17600,4788,2499,0.5219298245614035,1208,949,0.45050125313283207,1326,0.5538847117794486,0.43,2.980777632153779,3.175316705450079,6.859872611464968,2.1971568157380426,8381.923684210527,506.2124038979198,7853.0,8866.4,8866.4,0.0,7853.0,0.0,27.493316624895574,20.71335772913711,32.485128717820544,19.00482952839427,0.14118629908103592,0.10338345864661654,0.0941938178780284,0.08834586466165413,0.08333333333333333,0.07289055973266499,0.07226399331662489,0.06390977443609022,0.053467000835421885,0.053467000835421885,0.046992481203007516,0.03717627401837928,0.02944862155388471,0.02506265664160401,0.017752715121136173,0.00960735171261487,0.007518796992481203,0.9253127797006465,0.02283198699274889,0.0,0.0,0.0,0.0,0.0,0.0,0.0,0.0,0.0,0.0,0.0,0.0,0.0,0.0,0.0,0.0,0.0,0.0,0.0,0.0,0.0,0.0,0.0,0.0,0.0,0.14411027568922308,3.9974937343358405,14.824561403508776,10.150375939849626,0.8834586466165415,4.224065040650406,2.9737397651596322,nan,nan,nan,4.223162003903709,2.9143549582731576,4.224967490247074,3.0319239073923834,1.0004275200292332,0.3948,0.00953,0.0,0.0,0.0,0.0,0.0,0.0,0.0,0.0,0.0,0.0,0.03132832080200502,21.165413533834556,8.80325814536341,0.0,0.0,0.0,0.0,0.0,0.0,0.0,0.0,0.0,0.0,0.0,0.0,0.0,0.0,0.0,0.0,0.0,nan,nan,4.224065040650406,2.9737397651596322,nan,0.3948,0.0443,0.0,0.0,0.0,0.0,0.0,0.0,0.0,0.0,0.0,0.0,0.0,0.0,0.0,0.0,0.0,0.0,0.0,0.0,0.0,0.0,0.0,0.0,0.0,0.0,1.0442773600668338e-05,0.0,7.309941520467836e-05,0.0007832080200501253,0.004302422723475355,0.00753968253968254,0.006725146198830409,0.015559732664995822,0.01814954051796157,0.048266499582289055,0.04757727652464495,0.06917293233082707,0.06866123642439433,0.07185672514619883,0.0539578111946533,0.08303049289891395,0.07237886382623225,0.06970551378446116,0.1218671679197995,0.08104636591478696,0.046188387635756056,0.029720133667502088,0.02517752715121136,0.011319966583124478,0.03701963241436926,0.005336257309941521,0.0009085213032581454,0.000898078529657477,0.0026942355889724313,7.309941520467836e-05,0.0,0.0,0.0,0.0,0.0,0.0,0.0,0.0,0.0,0.0,0.0,0.0,0.0,0.0,0.0,0.0,0.0,0.0,0.0,0.0,0.0,0.0,0.0,0.0,0.0,0.0,0.0,0.0,0.0,0.0,0.0,0.0,0.0,0.0,0.0,0.0,0.0,0.0,0.0,0.0,0.0,0.0,0.0,0.0,0.0,0.0,0.0,nan,nan,4.224065040650406,2.9737397651596322,nan,0.9250451324939155,0.0229622104593875,0.0,0.0,0.0,0.0,0.0,0.0,0.0,0.0,0.0,0.0,0.0,0.0,0.0,0.0,0.0,0.0,0.0,0.0,0.0,0.0,0.0,0.0,0.0,0.0,0.0,0.18007202881152465,4.0816326530612255,14.873949579831935,9.963985594237698,0.9003601440576232,0.9256049816969859,0.022685357693008844,0.0,0.0,0.0,0.0,0.0,0.0,0.0,0.0,0.0,0.0,0.0,0.0,0.0,0.0,0.0,0.0,0.0,0.0,0.0,0.0,0.0,0.0,0.0,0.0,0.0,0.10484927916120579,3.9056356487549158,14.770642201834866,10.353866317169071,0.8650065530799478,0.3948,0.009445,0.0,0.0,0.0,0.0,0.0,0.0,0.0,0.0,0.0,0.0,0.03601440576230493,20.996398559423742,8.967587034813928,0.0,0.0,0.0,0.0,0.0,0.0,0.0,0.0,0.0,0.0,0.0,0.0,0.0,0.0,0.0,0.0,0.0,0.3948,0.00962,0.0,0.0,0.0,0.0,0.0,0.0,0.0,0.0,0.0,0.0,0.026212319790301447,21.34993446920049,8.623853211009177,0.0,0.0,0.0,0.0,0.0,0.0,0.0,0.0,0.0,0.0,0.0,0.0,0.0,0.0,0.0,0.0,0.0
17700,4754,2497,0.5252419015565839,1197,965,0.4547749263777871,1366,0.5746739587715608,0.36199999999999993,2.8759415152857777,2.8924958770728577,6.034175334323923,2.0178306092124814,8385.280143037442,506.05389661792333,7853.0,8866.4,8866.4,0.0,7853.0,0.0,29.203828355069415,20.95535596678233,34.09057071960298,18.99102531729972,0.13420277660917124,0.08582246529238537,0.09002944888514935,0.07846024400504838,0.08056373580143038,0.0702566259991586,0.07488430795119899,0.07383256205300799,0.058897770298695834,0.05532183424484644,0.05006310475389146,0.04901135885570046,0.034707614640302906,0.027345393352965923,0.019772822885990745,0.01072780816154817,0.006100126209507783,0.9235044527966584,0.023001910011771536,0.0,0.0,0.0,0.0,0.0,0.0,0.0,0.0,0.0,0.0,0.0,0.0,0.0,0.0,0.0,0.0,0.0,0.0,0.0,0.0,0.0,0.0,0.0,0.0,0.0,0.20824568784181746,4.2911232646192685,15.416491375683638,9.156499789650821,0.9276398822044596,3.983008181246067,2.724563835497846,nan,nan,nan,4.1138519924098675,2.7102899291248135,3.8534752661239824,2.7324567897540293,0.9367073179185141,0.395,0.00968,0.0,0.0,0.0,0.0,0.0,0.0,0.0,0.0,0.0,0.0,0.05048380311316787,20.742532604122815,9.194362641985698,0.012620950778291968,0.0,0.0,0.0,0.0,0.0,0.0,0.0,0.0,0.0,0.0,0.0,0.0,0.0,0.0,0.0,0.0,nan,nan,3.983008181246067,2.724563835497846,nan,0.395,0.0443,0.0,0.0,0.0,0.0,0.0,0.0,0.0,0.0,0.0,0.0,0.0,0.0,0.0,0.0,0.0,0.0,0.0,0.0,0.0,0.0,0.0,0.0,0.0,0.0,1.051745898190997e-05,6.310475389145982e-05,8.413967185527976e-05,0.0009465713083718974,0.0041754312158182585,0.00718342448464451,0.00735170382835507,0.014819099705511148,0.018289861169541437,0.046897349600336556,0.04713925115692049,0.06736432477913336,0.06992006731173749,0.07061421960454355,0.05394404711821624,0.08324568784181742,0.07333824148085823,0.07096129575094658,0.12333824148085823,0.08064787547328565,0.04640302902818679,0.029070256625999158,0.023737904922170802,0.012137147665124106,0.038167858645351285,0.004911653344551957,0.0009465713083718974,0.001041228439209087,0.003186790071518721,6.310475389145982e-05,0.0,0.0,0.0,0.0,0.0,0.0,0.0,0.0,0.0,0.0,0.0,0.0,0.0,0.0,0.0,0.0,0.0,0.0,0.0,0.0,0.0,0.0,0.0,0.0,0.0,0.0,0.0,0.0,0.0,0.0,0.0,0.0,0.0,0.0,0.0,0.0,0.0,0.0,0.0,0.0,0.0,0.0,0.0,0.0,0.0,0.0,0.0,nan,nan,3.983008181246067,2.724563835497846,nan,0.9237366493673481,0.023474950329475937,0.0,0.0,0.0,0.0,0.0,0.0,0.0,0.0,0.0,0.0,0.0,0.0,0.0,0.0,0.0,0.0,0.0,0.0,0.0,0.0,0.0,0.0,0.0,0.0,0.0,0.20424509411293557,4.445334401281539,15.210252302763319,9.07088506207449,1.0692831397677214,0.923247565407641,0.02246417051173684,0.0,0.0,0.0,0.0,0.0,0.0,0.0,0.0,0.0,0.0,0.0,0.0,0.0,0.0,0.0,0.0,0.0,0.0,0.0,0.0,0.0,0.0,0.0,0.0,0.0,0.2126716880815242,4.120513956579531,15.644661054497123,9.251218431546302,0.7709348692955252,0.395,0.00967,0.0,0.0,0.0,0.0,0.0,0.0,0.0,0.0,0.0,0.0,0.04805766920304366,20.91710052062472,9.022827392871447,0.012014417300760916,0.0,0.0,0.0,0.0,0.0,0.0,0.0,0.0,0.0,0.0,0.0,0.0,0.0,0.0,0.0,0.0,0.3953,0.0097,0.0,0.0,0.0,0.0,0.0,0.0,0.0,0.0,0.0,0.0,0.05316792202038105,20.549401860877243,9.384138236597254,0.013291980505095263,0.0,0.0,0.0,0.0,0.0,0.0,0.0,0.0,0.0,0.0,0.0,0.0,0.0,0.0,0.0,0.0
17800,4308,2151,0.49930362116991645,1020,896,0.4447539461467038,1245,0.5779944289693594,0.418,2.9847009735744088,3.1429026926150736,6.63036303630363,2.144607682637798,8358.994289693594,506.69950855804393,7853.0,8866.4,8866.4,0.0,7853.0,0.0,28.155756731662024,20.89397388408362,33.052094818081585,19.128728561027298,0.1371866295264624,0.09586815227483751,0.09563602599814298,0.08913649025069638,0.08008356545961003,0.07079851439182916,0.06917363045496751,0.06197771587743733,0.06313834726090993,0.05338904363974002,0.04456824512534819,0.0403899721448468,0.035283194057567316,0.031569173630454965,0.016480965645311048,0.009749303621169917,0.005571030640668524,0.9230449769296575,0.022911293158850942,0.0,0.0,0.0,0.0,0.0,0.0,0.0,0.0,0.0,0.0,0.0,0.0,0.0,0.0,0.0,0.0,0.0,0.0,0.0,0.0,0.0,0.0,0.0,0.0,0.0,0.19498607242339838,4.603064066852369,15.424791086350979,8.920612813370475,0.8565459610027857,4.414520743919885,2.913424754047253,nan,nan,nan,4.4635010630758325,2.908097434891235,4.364620938628159,2.917996744466451,0.977846958463692,0.3953,0.00959,0.0,0.0,0.0,0.0,0.0,0.0,0.0,0.0,0.0,0.0,0.013927576601671312,20.598885793871837,9.387186629526465,0.0,0.0,0.0,0.0,0.0,0.0,0.0,0.0,0.0,0.0,0.0,0.0,0.0,0.0,0.0,0.0,0.0,nan,nan,4.414520743919885,2.913424754047253,nan,0.3953,0.04404,0.0,0.0,0.0,0.0,0.0,0.0,0.0,0.0,0.0,0.0,0.0,0.0,0.0,0.0,0.0,0.0,0.0,0.0,0.0,0.0,0.0,0.0,0.0,0.0,0.0,0.00010445682451253482,0.0,0.0010909935004642525,0.004050603528319405,0.00831012070566388,0.007845868152274837,0.012778551532033427,0.018639740018570102,0.04493964716805943,0.04440575673166203,0.06652739090064995,0.07032265552460538,0.07422237697307335,0.05602367688022284,0.08574744661095636,0.07127437325905292,0.07274837511606314,0.12195914577530176,0.0813602599814299,0.04503249767873723,0.029213091922005573,0.024512534818941504,0.01288300835654596,0.03629294336118849,0.003922934076137419,0.0014391829155060354,0.0011142061281337048,0.003110492107706592,0.00011606313834726091,1.160631383472609e-05,0.0,0.0,0.0,0.0,0.0,0.0,0.0,0.0,0.0,0.0,0.0,0.0,0.0,0.0,0.0,0.0,0.0,0.0,0.0,0.0,0.0,0.0,0.0,0.0,0.0,0.0,0.0,0.0,0.0,0.0,0.0,0.0,0.0,0.0,0.0,0.0,0.0,0.0,0.0,0.0,0.0,0.0,0.0,0.0,0.0,0.0,nan,nan,4.414520743919885,2.913424754047253,nan,0.9221328040545954,0.022953949464085993,0.0,0.0,0.0,0.0,0.0,0.0,0.0,0.0,0.0,0.0,0.0,0.0,0.0,0.0,0.0,0.0,0.0,0.0,0.0,0.0,0.0,0.0,0.0,0.0,0.0,0.20920502092050214,4.853556485355649,15.592747559274759,8.591352859135288,0.7531380753138077,0.9239546124670978,0.022832414959141102,0.0,0.0,0.0,0.0,0.0,0.0,0.0,0.0,0.0,0.0,0.0,0.0,0.0,0.0,0.0,0.0,0.0,0.0,0.0,0.0,0.0,0.0,0.0,0.0,0.0,0.18080667593880395,4.353268428372741,15.257301808066762,9.248956884561894,0.9596662030598055,0.3953,0.00966,0.0,0.0,0.0,0.0,0.0,0.0,0.0,0.0,0.0,0.0,0.027894002789400286,20.488145048814474,9.483960948396097,0.0,0.0,0.0,0.0,0.0,0.0,0.0,0.0,0.0,0.0,0.0,0.0,0.0,0.0,0.0,0.0,0.0,0.395,0.00953,0.0,0.0,0.0,0.0,0.0,0.0,0.0,0.0,0.0,0.0,0.0,20.70931849791374,9.290681502086233,0.0,0.0,0.0,0.0,0.0,0.0,0.0,0.0,0.0,0.0,0.0,0.0,0.0,0.0,0.0,0.0,0.0
17900,4379,2278,0.5202100936286823,1084,876,0.44759077414934917,1235,0.5640557204841288,0.40199999999999997,2.9762018086625415,3.086937217576815,6.4959481361426255,2.1012614372752756,8380.180908883307,506.2859097104259,7853.0,8866.4,8866.399999999998,1.8189894035458565e-12,7853.0,0.0,28.36469513587577,21.023027978434794,33.29609544468546,19.236896995424765,0.13701758392327015,0.09796757250513816,0.09134505594884677,0.08540762731217173,0.08015528659511303,0.0796985613153688,0.06371317652432062,0.0607444622059831,0.06005937428636675,0.05457867092943595,0.05115323133135419,0.03996346197762046,0.03334094542132907,0.02763187942452615,0.021009362868234755,0.008677780315140443,0.007535967115779858,0.9223723024721967,0.022750467998441132,0.0,0.0,0.0,0.0,0.0,0.0,0.0,0.0,0.0,0.0,0.0,0.0,0.0,0.0,0.0,0.0,0.0,0.0,0.0,0.0,0.0,0.0,0.0,0.0,0.006850879196163509,0.26033340945421335,4.590089061429551,15.709065996802927,8.673213062343002,0.7604475907741496,4.2194181563266735,2.8804089601698357,nan,nan,nan,4.177809388335704,2.860376738722109,4.257261410788382,2.898501873158703,1.0190176274376004,0.395,0.009254,0.0,0.0,0.0,0.0,0.0,0.0,0.0,0.0,0.0,0.0,0.013701758392327018,21.162365836949046,8.8239324046586,0.0,0.0,0.0,0.0,0.0,0.0,0.0,0.0,0.0,0.0,0.0,0.0,0.0,0.0,0.0,0.0,0.0,nan,nan,4.2194181563266735,2.8804089601698357,nan,0.395,0.04425,0.0,0.0,0.0,0.0,0.0,0.0,0.0,0.0,0.0,0.0,0.0,0.0,0.0,0.0,0.0,0.0,0.0,0.0,0.0,0.0,0.0,0.0,0.0,0.0,9.134505594884677e-05,3.425439598081754e-05,0.0,0.0014615208951815483,0.0037794016898835352,0.009020324274948619,0.008289563827357843,0.012240237497145466,0.01931947933318109,0.04552409225850651,0.04602649006622517,0.06494633477963005,0.07105503539620918,0.07296186343914135,0.0544987440054807,0.0851450102763188,0.07126056177209408,0.07264215574332039,0.12357844256679608,0.08243891299383421,0.04360584608358073,0.030200959123087463,0.02424069422242521,0.012240237497145466,0.035361954784197305,0.0036994747659282942,0.0012902489152774605,0.0011646494633477964,0.003733729161909112,7.992692395524092e-05,0.0,6.850879196163508e-05,0.0,0.0,0.0,0.0,0.0,0.0,0.0,0.0,0.0,0.0,0.0,0.0,0.0,0.0,0.0,0.0,0.0,0.0,0.0,0.0,0.0,0.0,0.0,0.0,0.0,0.0,0.0,0.0,0.0,0.0,0.0,0.0,0.0,0.0,0.0,0.0,0.0,0.0,0.0,0.0,0.0,0.0,0.0,0.0,0.0,nan,nan,4.2194181563266735,2.8804089601698357,nan,0.9225448037680039,0.02276620665481536,0.0,0.0,0.0,0.0,0.0,0.0,0.0,0.0,0.0,0.0,0.0,0.0,0.0,0.0,0.0,0.0,0.0,0.0,0.0,0.0,0.0,0.0,0.0,0.0,0.0,0.22388059701492544,4.543459174714663,15.921861281826166,8.467954345917473,0.8428446005267781,0.9221852687016832,0.02273191207353929,0.0,0.0,0.0,0.0,0.0,0.0,0.0,0.0,0.0,0.0,0.0,0.0,0.0,0.0,0.0,0.0,0.0,0.0,0.0,0.0,0.0,0.0,0.0,0.0,0.014278914802475015,0.2998572108519753,4.64064731080438,15.478343645882916,8.895763921941935,0.6711089957163257,0.395,0.00939,0.0,0.0,0.0,0.0,0.0,0.0,0.0,0.0,0.0,0.0,0.013169446883230908,21.018437225636493,8.968393327480248,0.0,0.0,0.0,0.0,0.0,0.0,0.0,0.0,0.0,0.0,0.0,0.0,0.0,0.0,0.0,0.0,0.0,0.395,0.00911,0.0,0.0,0.0,0.0,0.0,0.0,0.0,0.0,0.0,0.0,0.014278914802475015,21.31841980009516,8.667301285102335,0.0,0.0,0.0,0.0,0.0,0.0,0.0,0.0,0.0,0.0,0.0,0.0,0.0,0.0,0.0,0.0,0.0
18000,4287,2226,0.5192442267319805,1039,883,0.4483321670165617,1224,0.5710286913925823,0.40599999999999997,3.0087336244541483,3.1012231543788684,6.533772652388797,2.2004408950996766,8379.202099370188,506.3245580851823,7853.0,8866.4,8866.4,0.0,7853.0,0.0,28.362724515978538,20.99487848606557,33.06542056074766,19.30738898331647,0.13412642873804526,0.09563797527408444,0.09307207837648705,0.08817354793561931,0.086074177746676,0.07441101003032424,0.06904595288080242,0.05971541870772102,0.06111499883368323,0.053883834849545134,0.04432003732213669,0.04058782365290413,0.03615581992069046,0.022626545369722417,0.021226965243760207,0.012362957779332866,0.0074644273384651275,0.9223806090863235,0.02349150991863088,0.0,0.0,0.0,0.0,0.0,0.0,0.0,0.0,0.0,0.0,0.0,0.0,0.0,0.0,0.0,0.0,0.0,0.0,0.0,0.0,0.0,0.0,0.0,0.0,0.006997900629811058,0.3428971308607418,4.611616515045487,15.479356193142062,8.7333799860042,0.8257522743177049,4.245626561942164,2.853122888993999,nan,nan,nan,4.308908045977011,2.872177467591019,4.181107954545454,2.8327951422387168,0.9703404922853072,0.395,0.00954,0.0,0.0,0.0,0.0,0.0,0.0,0.0,0.0,0.0,0.0,0.04898530440867741,20.699790062981076,9.251224632610219,0.0,0.0,0.0,0.0,0.0,0.0,0.0,0.0,0.0,0.0,0.0,0.0,0.0,0.0,0.0,0.0,0.0,nan,nan,4.245626561942164,2.853122888993999,nan,0.395,0.04416,0.0,0.0,0.0,0.0,0.0,0.0,0.0,0.0,0.0,0.0,0.0,0.0,0.0,0.0,0.0,0.0,0.0,0.0,0.0,0.0,0.0,0.0,0.0,0.0,1.166316771635176e-05,1.166316771635176e-05,0.0,0.0017261488220200606,0.0027991602519244225,0.009785397714019128,0.00794261721483555,0.01218801026358759,0.018381152320970377,0.04573128061581525,0.04715418707721017,0.06501049685094472,0.06833449965010496,0.07544903195707954,0.054292045719617446,0.08451131327268487,0.0705038488453464,0.07140191275950548,0.12666200139958012,0.08364823886167483,0.043550268252857474,0.03185211103335666,0.022416608350828086,0.012992768836015862,0.03322836482388617,0.003557266153487287,0.0017844646606018195,0.0007464427338465127,0.004023792862141357,0.00012829484487986937,0.0,0.0001749475157452764,0.0,0.0,0.0,0.0,0.0,0.0,0.0,0.0,0.0,0.0,0.0,0.0,0.0,0.0,0.0,0.0,0.0,0.0,0.0,0.0,0.0,0.0,0.0,0.0,0.0,0.0,0.0,0.0,0.0,0.0,0.0,0.0,0.0,0.0,0.0,0.0,0.0,0.0,0.0,0.0,0.0,0.0,0.0,0.0,0.0,nan,nan,4.245626561942164,2.853122888993999,nan,0.92240284695244,0.023304357842138503,0.0,0.0,0.0,0.0,0.0,0.0,0.0,0.0,0.0,0.0,0.0,0.0,0.0,0.0,0.0,0.0,0.0,0.0,0.0,0.0,0.0,0.0,0.0,0.0,0.0,0.2964959568733154,4.838274932614556,15.215633423180597,8.840970350404314,0.8086253369272239,0.9223565908961363,0.023691961010495317,0.0,0.0,0.0,0.0,0.0,0.0,0.0,0.0,0.0,0.0,0.0,0.0,0.0,0.0,0.0,0.0,0.0,0.0,0.0,0.0,0.0,0.0,0.0,0.0,0.014556040756914123,0.3930131004366813,4.366812227074237,15.764192139737995,8.61717612809316,0.8442503639010192,0.395,0.009544,0.0,0.0,0.0,0.0,0.0,0.0,0.0,0.0,0.0,0.0,0.09433962264150945,20.633423180592963,9.2722371967655,0.0,0.0,0.0,0.0,0.0,0.0,0.0,0.0,0.0,0.0,0.0,0.0,0.0,0.0,0.0,0.0,0.0,0.3953,0.009514,0.0,0.0,0.0,0.0,0.0,0.0,0.0,0.0,0.0,0.0,0.0,20.77147016011642,9.228529839883553,0.0,0.0,0.0,0.0,0.0,0.0,0.0,0.0,0.0,0.0,0.0,0.0,0.0,0.0,0.0,0.0,0.0
18100,4183,2096,0.5010757829309108,959,902,0.44489600765001197,1184,0.5661008845326321,0.422,2.9702922855773837,3.0953663471470088,6.5947826086956525,2.1767883593580413,8360.790198422184,506.69882718178854,7853.0,8866.4,8866.4,0.0,7853.0,0.0,27.933301458283527,21.001954482017926,33.060423825887746,19.198831897074474,0.14152522113315802,0.09419077217308153,0.094668897920153,0.08964857757590246,0.08582357159933063,0.0719579249342577,0.0712407363136505,0.06024384413100645,0.0580922782691848,0.05331102079847,0.04470475735118336,0.037054745398039685,0.031317236433181926,0.027253167583074348,0.01912502988285919,0.012909395170929955,0.006932823332536457,0.9222073285396721,0.023119959486442826,0.0,0.0,0.0,0.0,0.0,0.0,0.0,0.0,0.0,0.0,0.0,0.0,0.0,0.0,0.0,0.0,0.0,0.0,0.0,0.0,0.0,0.0,0.0,0.0,0.007171886206072199,0.22950035859431037,4.841023189098734,15.347836480994506,8.850107578293093,0.724360506813292,4.356428306780289,2.916468041155034,nan,nan,nan,4.371156661786237,2.9214739320975647,4.344594594594595,2.909912524752681,0.9939233321413861,0.3948,0.00945,0.0,0.0,0.0,0.0,0.0,0.0,0.0,0.0,0.0,0.0,0.03585943103036099,21.278986373416178,8.685154195553432,0.0,0.0,0.0,0.0,0.0,0.0,0.0,0.0,0.0,0.0,0.0,0.0,0.0,0.0,0.0,0.0,0.0,nan,nan,4.356428306780289,2.916468041155034,nan,0.3948,0.04413,0.0,0.0,0.0,0.0,0.0,0.0,0.0,0.0,0.0,0.0,0.0,0.0,0.0,0.0,0.0,0.0,0.0,0.0,0.0,0.0,0.0,0.0,0.0,0.0,1.1953143676786996e-05,0.0,0.0,0.0013985178101840784,0.002581879034185991,0.009335405211570643,0.008642122878316998,0.013471192923738943,0.01917284245756634,0.045421945971790584,0.04685632321300502,0.06237150370547454,0.06850346641166627,0.07733683958881185,0.055271336361463065,0.08781974659335405,0.0711331580205594,0.07219698780779345,0.12367917762371504,0.08307434855366962,0.042780301219220655,0.030623954099928283,0.02207745637102558,0.011403299067654794,0.03418599091561081,0.003920631125986135,0.0016375806837198184,0.0006454697585464977,0.004028209419077217,0.00015539086779823094,4.781257470714798e-05,0.00021515658618216592,0.0,0.0,0.0,0.0,0.0,0.0,0.0,0.0,0.0,0.0,0.0,0.0,0.0,0.0,0.0,0.0,0.0,0.0,0.0,0.0,0.0,0.0,0.0,0.0,0.0,0.0,0.0,0.0,0.0,0.0,0.0,0.0,0.0,0.0,0.0,0.0,0.0,0.0,0.0,0.0,0.0,0.0,0.0,0.0,0.0,nan,nan,4.356428306780289,2.916468041155034,nan,0.9223689148842379,0.022963069126049514,0.0,0.0,0.0,0.0,0.0,0.0,0.0,0.0,0.0,0.0,0.0,0.0,0.0,0.0,0.0,0.0,0.0,0.0,0.0,0.0,0.0,0.0,0.0,0.0,0.0,0.28625954198473286,4.6087786259542,15.486641221374049,8.959923664122138,0.6583969465648856,0.9220450453685126,0.023275333073915896,0.0,0.0,0.0,0.0,0.0,0.0,0.0,0.0,0.0,0.0,0.0,0.0,0.0,0.0,0.0,0.0,0.0,0.0,0.0,0.0,0.0,0.0,0.0,0.0,0.014374700527072357,0.17249640632486826,5.074269286056541,15.208433157642553,8.739817920459991,0.7906085289889796,0.395,0.00935,0.0,0.0,0.0,0.0,0.0,0.0,0.0,0.0,0.0,0.0,0.02862595419847329,21.068702290076306,8.902671755725192,0.0,0.0,0.0,0.0,0.0,0.0,0.0,0.0,0.0,0.0,0.0,0.0,0.0,0.0,0.0,0.0,0.0,0.3945,0.00954,0.0,0.0,0.0,0.0,0.0,0.0,0.0,0.0,0.0,0.0,0.043124101581217066,21.490177287973136,8.466698610445617,0.0,0.0,0.0,0.0,0.0,0.0,0.0,0.0,0.0,0.0,0.0,0.0,0.0,0.0,0.0,0.0,0.0
18200,4555,2359,0.5178924259055983,1096,935,0.44588364434687155,1280,0.562019758507135,0.40199999999999997,2.943078324225865,3.030347776404555,6.314285714285714,2.2303005095304513,8377.832184412733,506.37546730506455,7853.0,8866.4,8866.4,0.0,7853.0,0.0,28.037541163556533,20.844037337500623,32.94805533803184,19.08584696647321,0.13830954994511527,0.09835345773874862,0.09066959385290889,0.08869374313940724,0.08079034028540066,0.07530186608122942,0.07025246981339188,0.06761800219538969,0.05773874862788145,0.05422612513721185,0.043249176728869375,0.04149286498353458,0.030735455543358946,0.025905598243688256,0.018880351262349066,0.010318331503841932,0.007464324917672887,0.9207034265301491,0.023142270430245915,0.0,0.0,0.0,0.0,0.0,0.0,0.0,0.0,0.0,0.0,0.0,0.0,0.0,0.0,0.0,0.0,0.0,0.0,0.0,0.0,0.0,0.0,0.0,0.0,0.0,0.2568605927552141,5.367727771679474,15.576289791437983,8.061470911086719,0.7376509330406149,4.266280259120355,2.8334273669149064,nan,nan,nan,4.238289205702648,2.802307323117229,4.294520547945205,2.8642047073737875,1.013267462297499,0.3945,0.00914,0.0,0.0,0.0,0.0,0.0,0.0,0.0,0.0,0.0,0.0,0.03951701427003294,21.819978046103152,8.140504939626785,0.0,0.0,0.0,0.0,0.0,0.0,0.0,0.0,0.0,0.0,0.0,0.0,0.0,0.0,0.0,0.0,0.0,nan,nan,4.266280259120355,2.8334273669149064,nan,0.3945,0.04382,0.0,0.0,0.0,0.0,0.0,0.0,0.0,0.0,0.0,0.0,0.0,0.0,0.0,0.0,0.0,0.0,0.0,0.0,0.0,0.0,0.0,0.0,0.0,0.0,0.0,1.0976948408342481e-05,0.0,0.0014928649835345773,0.0033589462129527993,0.008605927552140505,0.00840834248079034,0.012381997804610318,0.01836443468715697,0.04487376509330406,0.04810098792535675,0.062228320526893525,0.07090010976948408,0.07770581778265642,0.054456641053787044,0.08907793633369923,0.07553238199780461,0.07360043907793633,0.1217563117453348,0.08068057080131723,0.04424807903402854,0.02920965971459934,0.019429198682766192,0.010329308452250274,0.03323819978046103,0.004906695938529089,0.0018770581778265643,0.0009220636663007683,0.003721185510428101,0.0002854006586169045,3.2930845225027445e-05,0.0002195389681668496,4.3907793633369924e-05,0.0,0.0,0.0,0.0,0.0,0.0,0.0,0.0,0.0,0.0,0.0,0.0,0.0,0.0,0.0,0.0,0.0,0.0,0.0,0.0,0.0,0.0,0.0,0.0,0.0,0.0,0.0,0.0,0.0,0.0,0.0,0.0,0.0,0.0,0.0,0.0,0.0,0.0,0.0,0.0,0.0,0.0,0.0,0.0,nan,nan,4.266280259120355,2.8334273669149064,nan,0.9202678405970727,0.023086087377258202,0.0,0.0,0.0,0.0,0.0,0.0,0.0,0.0,0.0,0.0,0.0,0.0,0.0,0.0,0.0,0.0,0.0,0.0,0.0,0.0,0.0,0.0,0.0,0.0,0.0,0.24162780839338707,5.557439593047903,15.693090292496823,7.71937261551505,0.7884696905468421,0.9211713442059813,0.023193360014948265,0.0,0.0,0.0,0.0,0.0,0.0,0.0,0.0,0.0,0.0,0.0,0.0,0.0,0.0,0.0,0.0,0.0,0.0,0.0,0.0,0.0,0.0,0.0,0.0,0.0,0.273224043715847,5.163934426229509,15.450819672131152,8.428961748633881,0.6830601092896176,0.395,0.00919,0.0,0.0,0.0,0.0,0.0,0.0,0.0,0.0,0.0,0.0,0.025434506146672326,21.479440440864742,8.495125052988556,0.0,0.0,0.0,0.0,0.0,0.0,0.0,0.0,0.0,0.0,0.0,0.0,0.0,0.0,0.0,0.0,0.0,0.394,0.00906,0.0,0.0,0.0,0.0,0.0,0.0,0.0,0.0,0.0,0.0,0.05464480874316941,22.185792349726743,7.759562841530056,0.0,0.0,0.0,0.0,0.0,0.0,0.0,0.0,0.0,0.0,0.0,0.0,0.0,0.0,0.0,0.0,0.0
18300,4734,2413,0.5097169412758766,1155,997,0.4545838614279679,1362,0.5754119138149556,0.40599999999999997,3.0641964670400688,3.135695637175406,6.768645357686453,2.0260232750545892,8369.547148288973,506.60430680223664,7853.0,8866.4,8866.399999999998,1.8189894035458565e-12,7853.0,0.0,28.317912970004226,20.896371250243384,33.27208835341366,19.06207530453829,0.1396282213772708,0.09569074778200254,0.090198563582594,0.08217152513730461,0.07921419518377694,0.07836924376848331,0.07351077313054499,0.06252640473172792,0.06273764258555133,0.05154203633291086,0.04583861427967892,0.0407689057879172,0.03379805661174482,0.026404731727925644,0.0204900718208703,0.011406844106463879,0.005703422053231939,0.919770887407211,0.022919756416979842,0.0,0.0,0.0,0.0,0.0,0.0,0.0,0.0,0.0,0.0,0.0,0.0,0.0,0.0,0.0,0.0,0.0,0.0,0.0,0.0,0.0,0.0,0.0,0.0,0.006337135614702156,0.27883396704689484,5.551330798479089,16.064638783269967,7.446134347275033,0.6527249683143221,4.291760904684976,2.845938630610038,nan,nan,nan,4.298843187660668,2.876645378922864,4.284600389863548,2.8145340126578513,0.9966868301132726,0.3948,0.00937,0.0,0.0,0.0,0.0,0.0,0.0,0.0,0.0,0.0,0.0,0.019011406844106467,21.495564005069678,8.485424588086186,0.0,0.0,0.0,0.0,0.0,0.0,0.0,0.0,0.0,0.0,0.0,0.0,0.0,0.0,0.0,0.0,0.0,nan,nan,4.291760904684976,2.845938630610038,nan,0.3948,0.04364,0.0,0.0,0.0,0.0,0.0,0.0,0.0,0.0,0.0,0.0,0.0,0.0,0.0,0.0,0.0,0.0,0.0,0.0,0.0,0.0,0.0,0.0,0.0,0.0,0.0,0.0,7.39332488381918e-05,0.0011195606252640473,0.0037177862272919308,0.008227714406421631,0.00817490494296578,0.01062526404731728,0.016930713983945925,0.04917617237008872,0.04706379383185467,0.05987536966624419,0.06848331220954795,0.08215040135192227,0.05615758343895226,0.08683988170680186,0.07821081537811576,0.0715568229826785,0.12446134347275031,0.07966835656949725,0.043726235741444866,0.029615547106041404,0.01841994085340093,0.008291085762568652,0.034643008027038444,0.005027460920997043,0.0019750739332488384,0.0009928179129700043,0.004013519222644698,0.0007076468103084072,0.0,5.280946345585129e-05,2.1123785382340516e-05,0.0,0.0,0.0,0.0,0.0,0.0,0.0,0.0,0.0,0.0,0.0,0.0,0.0,0.0,0.0,0.0,0.0,0.0,0.0,0.0,0.0,0.0,0.0,0.0,0.0,0.0,0.0,0.0,0.0,0.0,0.0,0.0,0.0,0.0,0.0,0.0,0.0,0.0,0.0,0.0,0.0,0.0,0.0,0.0,nan,nan,4.291760904684976,2.845938630610038,nan,0.9196377271100095,0.023176032934583028,0.0,0.0,0.0,0.0,0.0,0.0,0.0,0.0,0.0,0.0,0.0,0.0,0.0,0.0,0.0,0.0,0.0,0.0,0.0,0.0,0.0,0.0,0.0,0.0,0.012432656444260259,0.2983837546622462,5.669291338582679,15.90136759220887,7.397430584334854,0.7210940737670951,0.9199093259238621,0.02264941744826482,0.0,0.0,0.0,0.0,0.0,0.0,0.0,0.0,0.0,0.0,0.0,0.0,0.0,0.0,0.0,0.0,0.0,0.0,0.0,0.0,0.0,0.0,0.0,0.0,0.0,0.2585092632485998,5.428694528220596,16.234381732012068,7.496768634209394,0.5816458423093496,0.3948,0.00937,0.0,0.0,0.0,0.0,0.0,0.0,0.0,0.0,0.0,0.0,0.0,21.620389556568558,8.379610443431414,0.0,0.0,0.0,0.0,0.0,0.0,0.0,0.0,0.0,0.0,0.0,0.0,0.0,0.0,0.0,0.0,0.0,0.3945,0.00937,0.0,0.0,0.0,0.0,0.0,0.0,0.0,0.0,0.0,0.0,0.03877638948728997,21.365790607496738,8.595433003015943,0.0,0.0,0.0,0.0,0.0,0.0,0.0,0.0,0.0,0.0,0.0,0.0,0.0,0.0,0.0,0.0,0.0
18400,4870,2456,0.504312114989733,1150,1028,0.44722792607802875,1411,0.5794661190965092,0.40199999999999997,2.9221209610604806,3.092562552366241,6.5222551928783385,2.1502074194705103,8364.069897330597,506.68115614982156,7853.0,8866.4,8866.4,0.0,7853.0,0.0,27.995687885010266,20.88400992440646,33.03236087276293,19.076314966094923,0.1402464065708419,0.09835728952772074,0.08850102669404518,0.08809034907597536,0.08254620123203285,0.07535934291581109,0.07371663244353183,0.0673511293634497,0.052566735112936344,0.04476386036960986,0.04763860369609856,0.04661190965092402,0.03162217659137577,0.028336755646817247,0.01868583162217659,0.011293634496919919,0.00431211498973306,0.9196643301838477,0.02277571937430683,0.0,0.0,0.0,0.0,0.0,0.0,0.0,0.0,0.0,0.0,0.0,0.0,0.0,0.0,0.0,0.0,0.0,0.0,0.0,0.0,0.0,0.0,0.0,0.0,0.0,0.26488706365503084,5.630390143737168,15.67145790554415,7.835728952772075,0.5975359342915812,4.244141861937935,2.8841230022703224,nan,nan,nan,4.253196930946292,2.894316462439381,4.235257214554579,2.874058521810096,0.9957820630732654,0.3953,0.009415,0.0,0.0,0.0,0.0,0.0,0.0,0.0,0.0,0.0,0.0,0.036960985626283374,20.64271047227923,9.320328542094458,0.0,0.0,0.0,0.0,0.0,0.0,0.0,0.0,0.0,0.0,0.0,0.0,0.0,0.0,0.0,0.0,0.0,nan,nan,4.244141861937935,2.8841230022703224,nan,0.3953,0.0438,0.0,0.0,0.0,0.0,0.0,0.0,0.0,0.0,0.0,0.0,0.0,0.0,0.0,0.0,0.0,0.0,0.0,0.0,0.0,0.0,0.0,0.0,0.0,0.0,0.0,2.0533880903490758e-05,6.160164271047228e-05,0.0012731006160164272,0.0033983572895277207,0.00799794661190965,0.008757700205338809,0.010451745379876797,0.01669404517453799,0.04742299794661191,0.04539014373716632,0.06051334702258727,0.06798767967145791,0.07930184804928131,0.055328542094455854,0.08609856262833676,0.07851129363449692,0.07047227926078029,0.12782340862422997,0.08009240246406571,0.04388090349075975,0.031201232032854208,0.019609856262833677,0.009117043121149897,0.036119096509240244,0.004958932238193018,0.00162217659137577,0.0008008213552361396,0.004486652977412731,0.0005544147843942505,0.0,3.080082135523614e-05,1.0266940451745379e-05,1.0266940451745379e-05,0.0,0.0,0.0,0.0,0.0,0.0,0.0,0.0,0.0,0.0,0.0,0.0,0.0,0.0,0.0,0.0,0.0,0.0,0.0,0.0,0.0,0.0,0.0,0.0,0.0,0.0,0.0,0.0,0.0,0.0,0.0,0.0,0.0,0.0,0.0,0.0,0.0,0.0,0.0,0.0,0.0,0.0,0.0,nan,nan,4.244141861937935,2.8841230022703224,nan,0.920141934547634,0.022624296754836046,0.0,0.0,0.0,0.0,0.0,0.0,0.0,0.0,0.0,0.0,0.0,0.0,0.0,0.0,0.0,0.0,0.0,0.0,0.0,0.0,0.0,0.0,0.0,0.0,0.0,0.2565146579804561,5.472312703583063,15.916123778501632,7.744299674267102,0.6107491856677525,0.9191784162163833,0.022918538412632167,0.0,0.0,0.0,0.0,0.0,0.0,0.0,0.0,0.0,0.0,0.0,0.0,0.0,0.0,0.0,0.0,0.0,0.0,0.0,0.0,0.0,0.0,0.0,0.0,0.0,0.2734051367025684,5.791217895608949,15.42253521126761,7.928748964374484,0.5840927920463961,0.3955,0.00937,0.0,0.0,0.0,0.0,0.0,0.0,0.0,0.0,0.0,0.0,0.04885993485342021,20.460097719869676,9.491042345276874,0.0,0.0,0.0,0.0,0.0,0.0,0.0,0.0,0.0,0.0,0.0,0.0,0.0,0.0,0.0,0.0,0.0,0.3953,0.00946,0.0,0.0,0.0,0.0,0.0,0.0,0.0,0.0,0.0,0.0,0.02485501242750622,20.828500414250176,9.146644573322288,0.0,0.0,0.0,0.0,0.0,0.0,0.0,0.0,0.0,0.0,0.0,0.0,0.0,0.0,0.0,0.0,0.0
18500,4875,2546,0.5222564102564102,1223,1012,0.4584615384615385,1405,0.5764102564102564,0.39399999999999996,2.9454701588664665,3.0167753898424623,6.385074626865672,2.095001423526983,8382.254646153846,506.1977656379714,7853.0,8866.4,8866.399999999998,1.8189894035458565e-12,7853.0,0.0,28.304615384615385,20.805002584579956,33.204235637779945,18.986617322895917,0.13702564102564102,0.09743589743589744,0.08615384615384615,0.08738461538461538,0.08533333333333333,0.07425641025641026,0.06584615384615385,0.06605128205128205,0.06297435897435898,0.054564102564102566,0.048,0.041025641025641026,0.03405128205128205,0.02317948717948718,0.019282051282051283,0.011076923076923076,0.006358974358974359,0.9201387290832324,0.022835371227394107,0.0,0.0,0.0,0.0,0.0,0.0,0.0,0.0,0.0,0.0,0.0,0.0,0.0,0.0,0.0,0.0,0.0,0.0,0.0,0.0,0.0,0.0,0.0,0.0,0.0,0.2892307692307693,5.415384615384617,15.753846153846156,7.969230769230771,0.5723076923076924,4.134813888020019,2.7818671544968665,nan,nan,nan,4.180555555555555,2.8213159932524867,4.088709677419355,2.7422702685706413,0.9780302218411746,0.3953,0.00945,0.0,0.0,0.0,0.0,0.0,0.0,0.0,0.0,0.0,0.0,0.07384615384615385,20.886153846153817,9.040000000000001,0.0,0.0,0.0,0.0,0.0,0.0,0.0,0.0,0.0,0.0,0.0,0.0,0.0,0.0,0.0,0.0,0.0,nan,nan,4.134813888020019,2.7818671544968665,nan,0.3953,0.04398,0.0,0.0,0.0,0.0,0.0,0.0,0.0,0.0,0.0,0.0,0.0,0.0,0.0,0.0,0.0,0.0,0.0,0.0,0.0,0.0,0.0,0.0,0.0,0.0,0.0,4.1025641025641023e-05,0.00010256410256410256,0.0015487179487179486,0.0031897435897435896,0.008533333333333334,0.008543589743589744,0.010276923076923078,0.019148717948717947,0.047005128205128206,0.04678974358974359,0.059107692307692306,0.06833846153846154,0.07781538461538462,0.05874871794871795,0.08539487179487179,0.07444102564102564,0.06860512820512821,0.12853333333333333,0.07976410256410256,0.04354871794871795,0.032492307692307695,0.02122051282051282,0.009261538461538462,0.03566153846153846,0.004543589743589743,0.0015794871794871795,0.0007794871794871795,0.0046256410256410255,0.00033846153846153846,0.0,1.0256410256410256e-05,1.0256410256410256e-05,0.0,0.0,0.0,0.0,0.0,0.0,0.0,0.0,0.0,0.0,0.0,0.0,0.0,0.0,0.0,0.0,0.0,0.0,0.0,0.0,0.0,0.0,0.0,0.0,0.0,0.0,0.0,0.0,0.0,0.0,0.0,0.0,0.0,0.0,0.0,0.0,0.0,0.0,0.0,0.0,0.0,0.0,0.0,0.0,nan,nan,4.134813888020019,2.7818671544968665,nan,0.9201858414034157,0.022851725540552866,0.0,0.0,0.0,0.0,0.0,0.0,0.0,0.0,0.0,0.0,0.0,0.0,0.0,0.0,0.0,0.0,0.0,0.0,0.0,0.0,0.0,0.0,0.0,0.0,0.0,0.31814611154752565,5.396700706991361,15.659858601728203,8.04791830322074,0.577376276512176,0.9200872271651616,0.022817368429608513,0.0,0.0,0.0,0.0,0.0,0.0,0.0,0.0,0.0,0.0,0.0,0.0,0.0,0.0,0.0,0.0,0.0,0.0,0.0,0.0,0.0,0.0,0.0,0.0,0.0,0.2576212966938601,5.435809360240448,15.856590811507088,7.883211678832119,0.5667668527264922,0.3953,0.00948,0.0,0.0,0.0,0.0,0.0,0.0,0.0,0.0,0.0,0.0,0.058915946582875106,20.79732914375488,9.143754909662217,0.0,0.0,0.0,0.0,0.0,0.0,0.0,0.0,0.0,0.0,0.0,0.0,0.0,0.0,0.0,0.0,0.0,0.395,0.009415,0.0,0.0,0.0,0.0,0.0,0.0,0.0,0.0,0.0,0.0,0.09016745384285103,20.983254615714866,8.926577930442251,0.0,0.0,0.0,0.0,0.0,0.0,0.0,0.0,0.0,0.0,0.0,0.0,0.0,0.0,0.0,0.0,0.0
18600,4928,2584,0.5243506493506493,1257,1000,0.45799512987012986,1367,0.554788961038961,0.38999999999999996,2.9974402730375425,3.1204478545531877,6.602086438152012,2.1441206754562363,8384.376948051948,506.0987435618086,7853.0,8866.4,8866.4,0.0,7853.0,0.0,28.241071428571427,20.5409177837188,32.97413173652695,18.73108279223259,0.1341314935064935,0.09598214285714286,0.08948863636363637,0.08563311688311688,0.08421266233766234,0.07589285714285714,0.06960227272727272,0.06371753246753246,0.06615259740259741,0.05458603896103896,0.048092532467532464,0.04586038961038961,0.029829545454545456,0.024147727272727272,0.017248376623376624,0.010957792207792208,0.004464285714285714,0.920212664653535,0.022971577026118135,0.0,0.0,0.0,0.0,0.0,0.0,0.0,0.0,0.0,0.0,0.0,0.0,0.0,0.0,0.0,0.0,0.0,0.0,0.0,0.0,0.0,0.0,0.0,0.0,0.0,0.3043831168831169,5.405844155844157,15.919237012987017,7.67654220779221,0.6939935064935067,4.200186219739292,2.939693876829474,nan,nan,nan,4.1126322339763535,2.902117498892901,4.287306501547987,2.9740560105241496,1.0424726203642936,0.3945,0.00949,0.0,0.0,0.0,0.0,0.0,0.0,0.0,0.0,0.0,0.0,0.030438311688311695,21.258116883116852,8.711444805194807,0.0,0.0,0.0,0.0,0.0,0.0,0.0,0.0,0.0,0.0,0.0,0.0,0.0,0.0,0.0,0.0,0.0,nan,nan,4.200186219739292,2.939693876829474,nan,0.3945,0.04398,0.0,0.0,0.0,0.0,0.0,0.0,0.0,0.0,0.0,0.0,0.0,0.0,0.0,0.0,0.0,0.0,0.0,0.0,0.0,0.0,0.0,0.0,0.0,0.0,0.0,0.0,0.0,0.0012175324675324675,0.003236607142857143,0.00817775974025974,0.007518262987012987,0.010531655844155843,0.021205357142857144,0.05084212662337662,0.048609983766233766,0.061525974025974026,0.06767451298701299,0.07582183441558442,0.05794439935064935,0.08148336038961039,0.07310267857142858,0.07266639610389611,0.13004261363636363,0.0773133116883117,0.04330357142857143,0.03285308441558442,0.019419642857142858,0.008634334415584416,0.034577922077922076,0.005144074675324676,0.001471185064935065,0.0008116883116883117,0.0045251623376623374,0.0003246753246753247,1.0146103896103896e-05,1.0146103896103896e-05,0.0,0.0,0.0,0.0,0.0,0.0,0.0,0.0,0.0,0.0,0.0,0.0,0.0,0.0,0.0,0.0,0.0,0.0,0.0,0.0,0.0,0.0,0.0,0.0,0.0,0.0,0.0,0.0,0.0,0.0,0.0,0.0,0.0,0.0,0.0,0.0,0.0,0.0,0.0,0.0,0.0,0.0,0.0,0.0,0.0,nan,nan,4.200186219739292,2.939693876829474,nan,0.9205441091544119,0.02315185678387605,0.0,0.0,0.0,0.0,0.0,0.0,0.0,0.0,0.0,0.0,0.0,0.0,0.0,0.0,0.0,0.0,0.0,0.0,0.0,0.0,0.0,0.0,0.0,0.0,0.0,0.27863777089783287,5.375386996904026,15.835913312693501,7.7321981424148625,0.7778637770897835,0.9198472838556401,0.02276559345555576,0.0,0.0,0.0,0.0,0.0,0.0,0.0,0.0,0.0,0.0,0.0,0.0,0.0,0.0,0.0,0.0,0.0,0.0,0.0,0.0,0.0,0.0,0.0,0.0,0.0,0.33276450511945405,5.439419795221845,16.01109215017065,7.615187713310582,0.6015358361774745,0.3945,0.009445,0.0,0.0,0.0,0.0,0.0,0.0,0.0,0.0,0.0,0.0,0.03482972136222911,21.443498452012353,8.521671826625388,0.0,0.0,0.0,0.0,0.0,0.0,0.0,0.0,0.0,0.0,0.0,0.0,0.0,0.0,0.0,0.0,0.0,0.3948,0.009544,0.0,0.0,0.0,0.0,0.0,0.0,0.0,0.0,0.0,0.0,0.025597269624573385,21.053754266211573,8.920648464163824,0.0,0.0,0.0,0.0,0.0,0.0,0.0,0.0,0.0,0.0,0.0,0.0,0.0,0.0,0.0,0.0,0.0
18700,4661,2401,0.5151255095473074,1137,935,0.4445397983265394,1309,0.5616820424801545,0.41,2.9234513274336282,3.090218444583101,6.5829383886255926,2.0390716433760123,8375.028191375242,506.46810022859665,7853.0,8866.4,8866.4,0.0,7853.0,0.0,28.20832439390689,20.97032934743844,33.10282514634767,19.197997548188148,0.138167775155546,0.09611671315168419,0.09826217549881999,0.08345848530358292,0.08109847672173354,0.07122934992490881,0.07015661875134091,0.06178931559751127,0.05642565972967174,0.057498390903239646,0.04634198669813345,0.04119287706500751,0.037545591074876636,0.026603733104484016,0.018236429950654366,0.008581849388543231,0.0072945719802617465,0.9208852301414268,0.023031234678166684,0.0,0.0,0.0,0.0,0.0,0.0,0.0,0.0,0.0,0.0,0.0,0.0,0.0,0.0,0.0,0.0,0.0,0.0,0.0,0.0,0.0,0.0,0.0,0.0,0.0,0.3346921261531861,5.24565543874705,15.492383608667671,8.264320961167133,0.6629478652649647,4.246774727092292,2.869063780695835,nan,nan,nan,4.246318607764391,2.819580934847308,4.24803664921466,2.917382696819866,1.000404595511775,0.3953,0.00938,0.0,0.0,0.0,0.0,0.0,0.0,0.0,0.0,0.0,0.0,0.019309161124222273,20.73160266037328,9.249088178502468,0.0,0.0,0.0,0.0,0.0,0.0,0.0,0.0,0.0,0.0,0.0,0.0,0.0,0.0,0.0,0.0,0.0,nan,nan,4.246774727092292,2.869063780695835,nan,0.3953,0.04398,0.0,0.0,0.0,0.0,0.0,0.0,0.0,0.0,0.0,0.0,0.0,0.0,0.0,0.0,0.0,0.0,0.0,0.0,0.0,0.0,0.0,0.0,0.0,0.0,0.0,0.0,0.00010727311735679038,0.0011692769791890152,0.003078738468139884,0.007627118644067797,0.007069298433812487,0.010319673889723236,0.021014803690195236,0.05009654580562111,0.04766144604162197,0.05970821712078953,0.06886934134305943,0.0758420939712508,0.05862475863548595,0.0785561038403776,0.071390259600944,0.07466208968032612,0.13113065865694057,0.07761210040763784,0.0434992490881785,0.034799399270542805,0.020499892726882643,0.009268397339626689,0.03535721948079811,0.004333833941214332,0.0015661875134091398,0.0011907316026603732,0.004612744046341987,0.00032181935207037116,0.0,1.0727311735679038e-05,0.0,0.0,0.0,0.0,0.0,0.0,0.0,0.0,0.0,0.0,0.0,0.0,0.0,0.0,0.0,0.0,0.0,0.0,0.0,0.0,0.0,0.0,0.0,0.0,0.0,0.0,0.0,0.0,0.0,0.0,0.0,0.0,0.0,0.0,0.0,0.0,0.0,0.0,0.0,0.0,0.0,0.0,0.0,0.0,0.0,nan,nan,4.246774727092292,2.869063780695835,nan,0.9203285589559731,0.022949761519331216,0.0,0.0,0.0,0.0,0.0,0.0,0.0,0.0,0.0,0.0,0.0,0.0,0.0,0.0,0.0,0.0,0.0,0.0,0.0,0.0,0.0,0.0,0.0,0.0,0.0,0.31236984589754274,5.497709287796753,15.556018325697629,7.946688879633488,0.6872136609745941,0.9214766316973002,0.023102786411173436,0.0,0.0,0.0,0.0,0.0,0.0,0.0,0.0,0.0,0.0,0.0,0.0,0.0,0.0,0.0,0.0,0.0,0.0,0.0,0.0,0.0,0.0,0.0,0.0,0.0,0.3584070796460178,4.9778761061946915,15.42477876106195,8.601769911504427,0.6371681415929205,0.3953,0.00922,0.0,0.0,0.0,0.0,0.0,0.0,0.0,0.0,0.0,0.0,0.012494793835901711,20.516451478550575,9.471053727613496,0.0,0.0,0.0,0.0,0.0,0.0,0.0,0.0,0.0,0.0,0.0,0.0,0.0,0.0,0.0,0.0,0.0,0.3953,0.009544,0.0,0.0,0.0,0.0,0.0,0.0,0.0,0.0,0.0,0.0,0.026548672566371688,20.960176991150412,9.013274336283187,0.0,0.0,0.0,0.0,0.0,0.0,0.0,0.0,0.0,0.0,0.0,0.0,0.0,0.0,0.0,0.0,0.0
18800,4724,2390,0.5059271803556308,1102,978,0.4403048264182896,1322,0.5596951735817104,0.426,3.0167095115681235,3.1583697057806295,6.685271317829457,2.202574278774366,8365.706604572397,506.6643965205279,7853.0,8866.4,8866.399999999998,1.8189894035458565e-12,7853.0,0.0,27.58107535986452,20.881160192929613,32.745736828709596,19.107624022178683,0.14500423370025403,0.10266723116003387,0.09314140558848434,0.08869602032176122,0.07917019475021168,0.07197290431837426,0.06541066892464013,0.06795088907705335,0.057366638441998304,0.05270956816257409,0.04191363251481795,0.03895004233700254,0.03746824724809483,0.021380186282811176,0.017993226079593565,0.01143099068585944,0.006773920406435224,0.9214147270533314,0.02274953895603825,0.0,0.0,0.0,0.0,0.0,0.0,0.0,0.0,0.0,0.0,0.0,0.0,0.0,0.0,0.0,0.0,0.0,0.0,0.0,0.0,0.0,0.0,0.0,0.0,0.0,0.22861981371718887,5.074089754445386,15.66680779000847,8.306519898391196,0.7239627434377648,4.347463284379172,2.8665984643816245,nan,nan,nan,4.267333333333333,2.9484232320946657,4.427807486631016,2.779821678070211,1.037605253858229,0.3953,0.00932,0.0,0.0,0.0,0.0,0.0,0.0,0.0,0.0,0.0,0.0,0.0,20.645639288738327,9.354360711261645,0.0,0.0,0.0,0.0,0.0,0.0,0.0,0.0,0.0,0.0,0.0,0.0,0.0,0.0,0.0,0.0,0.0,nan,nan,4.347463284379172,2.8665984643816245,nan,0.3953,0.0439,0.0,0.0,0.0,0.0,0.0,0.0,0.0,0.0,0.0,0.0,0.0,0.0,0.0,0.0,0.0,0.0,0.0,0.0,0.0,0.0,0.0,0.0,0.0,0.0,0.0,1.0584250635055039e-05,7.408975444538526e-05,0.0008890770533446232,0.0028895004233700254,0.006562235393734124,0.008499153259949196,0.010679508890770533,0.019697290431837426,0.05353513971210838,0.04860287891617274,0.058562658763759524,0.06821549534292973,0.07237510584250635,0.05901778154106689,0.0778259949195597,0.0701735817104149,0.07430143945808637,0.1307895850973751,0.0804826418289585,0.04445385266723116,0.035393734123624045,0.022777307366638442,0.009430567315834039,0.03300169348010161,0.005006350550381033,0.001375952582557155,0.0007303132938187976,0.004360711261642676,0.000275190516511431,1.0584250635055039e-05,0.0,0.0,0.0,0.0,0.0,0.0,0.0,0.0,0.0,0.0,0.0,0.0,0.0,0.0,0.0,0.0,0.0,0.0,0.0,0.0,0.0,0.0,0.0,0.0,0.0,0.0,0.0,0.0,0.0,0.0,0.0,0.0,0.0,0.0,0.0,0.0,0.0,0.0,0.0,0.0,0.0,0.0,0.0,0.0,0.0,0.0,nan,nan,4.347463284379172,2.8665984643816245,nan,0.9214123827393583,0.022538219605393622,0.0,0.0,0.0,0.0,0.0,0.0,0.0,0.0,0.0,0.0,0.0,0.0,0.0,0.0,0.0,0.0,0.0,0.0,0.0,0.0,0.0,0.0,0.0,0.0,0.0,0.2761506276150628,4.832635983263599,15.841004184100422,8.347280334728035,0.7029288702928872,0.921417127614769,0.02296391320662697,0.0,0.0,0.0,0.0,0.0,0.0,0.0,0.0,0.0,0.0,0.0,0.0,0.0,0.0,0.0,0.0,0.0,0.0,0.0,0.0,0.0,0.0,0.0,0.0,0.0,0.17994858611825199,5.321336760925451,15.488431876606686,8.264781491002573,0.7455012853470439,0.3955,0.0094,0.0,0.0,0.0,0.0,0.0,0.0,0.0,0.0,0.0,0.0,0.0,20.535564853556455,9.464435146443517,0.0,0.0,0.0,0.0,0.0,0.0,0.0,0.0,0.0,0.0,0.0,0.0,0.0,0.0,0.0,0.0,0.0,0.3953,0.00924,0.0,0.0,0.0,0.0,0.0,0.0,0.0,0.0,0.0,0.0,0.0,20.75835475578403,9.24164524421594,0.0,0.0,0.0,0.0,0.0,0.0,0.0,0.0,0.0,0.0,0.0,0.0,0.0,0.0,0.0,0.0,0.0
18900,4928,2552,0.5178571428571429,1191,996,0.4437905844155844,1397,0.5669642857142857,0.40599999999999997,2.9423400673400675,2.999095022679554,6.260992907801419,2.20893649355834,8377.796428571428,506.37674637858225,7853.0,8866.4,8866.4,0.0,7853.0,0.0,28.010957792207794,20.969062555876086,33.06834706737761,19.167771705619547,0.14143668831168832,0.10186688311688312,0.09070616883116883,0.08299512987012987,0.08340097402597403,0.07224025974025974,0.06939935064935066,0.06168831168831169,0.061079545454545456,0.04971590909090909,0.04768668831168831,0.03997564935064935,0.037134740259740256,0.02556818181818182,0.017248376623376624,0.013189935064935064,0.004667207792207792,0.9208679824172483,0.023132569213569803,0.0,0.0,0.0,0.0,0.0,0.0,0.0,0.0,0.0,0.0,0.0,0.0,0.0,0.0,0.0,0.0,0.0,0.0,0.0,0.0,0.0,0.0,0.0,0.0,0.0,0.3043831168831169,5.089285714285716,15.608766233766236,8.267045454545457,0.7305194805194807,4.177155443675267,2.7884991195243454,nan,nan,nan,4.097328244274809,2.696962382621142,4.255292652552926,2.8731299091327194,1.0385530274512031,0.3962,0.00932,0.0,0.0,0.0,0.0,0.0,0.0,0.0,0.0,0.0,0.0,0.012175324675324678,19.74228896103893,10.245535714285717,0.0,0.0,0.0,0.0,0.0,0.0,0.0,0.0,0.0,0.0,0.0,0.0,0.0,0.0,0.0,0.0,0.0,nan,nan,4.177155443675267,2.7884991195243454,nan,0.3962,0.04404,0.0,0.0,0.0,0.0,0.0,0.0,0.0,0.0,0.0,0.0,0.0,0.0,0.0,0.0,0.0,0.0,0.0,0.0,0.0,0.0,1.0146103896103896e-05,0.0,0.0,0.0,0.0,0.0,0.00019277597402597404,0.000679788961038961,0.00330762987012987,0.007092126623376624,0.0073965097402597406,0.010298295454545454,0.018455762987012986,0.04903612012987013,0.048153409090909094,0.06020698051948052,0.06427556818181818,0.07232142857142858,0.06293628246753247,0.07795251623376623,0.06779626623376624,0.07223011363636364,0.13165584415584416,0.08166599025974026,0.048995535714285714,0.03505478896103896,0.023234577922077924,0.01020698051948052,0.03361404220779221,0.0045251623376623374,0.002019074675324675,0.0010247564935064934,0.005377435064935065,0.0002333603896103896,0.0,0.0,0.0,5.0730519480519484e-05,0.0,0.0,0.0,0.0,0.0,0.0,0.0,0.0,0.0,0.0,0.0,0.0,0.0,0.0,0.0,0.0,0.0,0.0,0.0,0.0,0.0,0.0,0.0,0.0,0.0,0.0,0.0,0.0,0.0,0.0,0.0,0.0,0.0,0.0,0.0,0.0,0.0,0.0,0.0,0.0,0.0,0.0,0.0,nan,nan,4.177155443675267,2.7884991195243454,nan,0.9201774498838989,0.02316718640580238,0.0,0.0,0.0,0.0,0.0,0.0,0.0,0.0,0.0,0.0,0.0,0.0,0.0,0.0,0.0,0.0,0.0,0.0,0.0,0.0,0.0,0.0,0.0,0.0,0.0,0.340909090909091,5.336990595611287,15.364420062695928,8.334639498432603,0.6230407523510973,0.9216096655086234,0.02307232145334346,0.0,0.0,0.0,0.0,0.0,0.0,0.0,0.0,0.0,0.0,0.0,0.0,0.0,0.0,0.0,0.0,0.0,0.0,0.0,0.0,0.0,0.0,0.0,0.0,0.0,0.2651515151515152,4.823232323232324,15.871212121212125,8.194444444444446,0.8459595959595961,0.3962,0.00929,0.0,0.0,0.0,0.0,0.0,0.0,0.0,0.0,0.0,0.0,0.0,19.925548589341663,10.07445141065831,0.0,0.0,0.0,0.0,0.0,0.0,0.0,0.0,0.0,0.0,0.0,0.0,0.0,0.0,0.0,0.0,0.0,0.3962,0.00936,0.0,0.0,0.0,0.0,0.0,0.0,0.0,0.0,0.0,0.0,0.02525252525252526,19.54545454545452,10.429292929292933,0.0,0.0,0.0,0.0,0.0,0.0,0.0,0.0,0.0,0.0,0.0,0.0,0.0,0.0,0.0,0.0,0.0
19000,4856,2531,0.5212108731466227,1190,998,0.45057660626029655,1365,0.5621911037891268,0.38999999999999996,2.9105376344086022,3.019605601816094,6.4548238897396635,2.0986093640820203,8381.195098846789,506.24386487696484,7853.0,8866.4,8866.399999999998,1.8189894035458565e-12,7853.0,0.0,28.51812191103789,21.062101267848327,33.55972528820211,19.217056051584823,0.13756177924217464,0.09534596375617792,0.09225700164744646,0.08546128500823723,0.07825370675453047,0.07166392092257001,0.07186985172981879,0.06672158154859967,0.05827841845140033,0.05045304777594728,0.05127677100494234,0.042215815485996705,0.03542009884678748,0.025741350906095552,0.01771004942339374,0.012355848434925865,0.007413509060955519,0.9217493396982722,0.022773024317931764,0.0,0.0,0.0,0.0,0.0,0.0,0.0,0.0,0.0,0.0,0.0,0.0,0.0,0.0,0.0,0.0,0.0,0.0,0.0,0.0,0.0,0.0,0.0,0.0,0.0,0.2532948929159803,4.670510708401978,16.155271828665573,8.123970345963757,0.7969522240527185,4.1516677155443675,2.8259171036583464,nan,nan,nan,4.0298982188295165,2.765839737817332,4.270859277708593,2.8785261784934244,1.059793336157523,0.3965,0.00936,0.0,0.0,0.0,0.0,0.0,0.0,0.0,0.0,0.0,0.0,0.03088962108731467,19.083607907742973,10.88550247116969,0.0,0.0,0.0,0.0,0.0,0.0,0.0,0.0,0.0,0.0,0.0,0.0,0.0,0.0,0.0,0.0,0.0,nan,nan,4.1516677155443675,2.8259171036583464,nan,0.3965,0.04428,0.0,0.0,0.0,0.0,0.0,0.0,0.0,0.0,0.0,0.0,0.0,0.0,0.0,0.0,0.0,0.0,0.0,0.0,0.0,0.0,0.0,0.0,0.0,1.029654036243822e-05,0.0,1.029654036243822e-05,0.0003912685337726524,0.001029654036243822,0.0037376441515650743,0.006600082372322899,0.007094316309719934,0.010626029654036244,0.018822075782537067,0.0487335255354201,0.04549011532125206,0.05914332784184514,0.0662479406919275,0.07107701812191104,0.06125411861614498,0.08240321252059309,0.07069604612850082,0.07290980230642505,0.12637973640856673,0.07845963756177925,0.050442751235584844,0.033546128500823724,0.023352553542009883,0.012891268533772652,0.03526565074135091,0.004633443163097199,0.002285831960461285,0.000936985172981878,0.005436573311367381,9.266886326194399e-05,0.0,0.0,0.0,0.0,0.0,0.0,0.0,0.0,0.0,0.0,0.0,0.0,0.0,0.0,0.0,0.0,0.0,0.0,0.0,0.0,0.0,0.0,0.0,0.0,0.0,0.0,0.0,0.0,0.0,0.0,0.0,0.0,0.0,0.0,0.0,0.0,0.0,0.0,0.0,0.0,0.0,0.0,0.0,0.0,0.0,0.0,0.0,nan,nan,4.1516677155443675,2.8259171036583464,nan,0.9219046767310916,0.022932641050082567,0.0,0.0,0.0,0.0,0.0,0.0,0.0,0.0,0.0,0.0,0.0,0.0,0.0,0.0,0.0,0.0,0.0,0.0,0.0,0.0,0.0,0.0,0.0,0.0,0.0,0.2607664954563414,4.812327143421573,15.88305017779534,8.190438561833268,0.853417621493481,0.921580239470287,0.022596769638021832,0.0,0.0,0.0,0.0,0.0,0.0,0.0,0.0,0.0,0.0,0.0,0.0,0.0,0.0,0.0,0.0,0.0,0.0,0.0,0.0,0.0,0.0,0.0,0.0,0.0,0.2451612903225807,4.516129032258065,16.451612903225808,8.051612903225807,0.7354838709677421,0.3965,0.0093,0.0,0.0,0.0,0.0,0.0,0.0,0.0,0.0,0.0,0.0,0.011853022520742792,19.41525088897666,10.57289608850257,0.0,0.0,0.0,0.0,0.0,0.0,0.0,0.0,0.0,0.0,0.0,0.0,0.0,0.0,0.0,0.0,0.0,0.3965,0.00942,0.0,0.0,0.0,0.0,0.0,0.0,0.0,0.0,0.0,0.0,0.051612903225806465,18.722580645161262,11.225806451612906,0.0,0.0,0.0,0.0,0.0,0.0,0.0,0.0,0.0,0.0,0.0,0.0,0.0,0.0,0.0,0.0,0.0
19100,4827,2449,0.5073544644706858,1133,1004,0.44271804433395484,1367,0.5663973482494303,0.39799999999999996,2.952901597981497,3.0835522983552828,6.4948301329394384,2.19615344722532,8367.153014294592,506.64518410612027,7853.0,8866.4,8866.399999999998,1.8189894035458565e-12,7853.0,0.0,28.07271597265382,20.884152114680624,32.967273622047244,19.12805638816737,0.1379738968303294,0.10171949451004765,0.09426144603273255,0.08556038947586493,0.07437331675989227,0.07499482079966853,0.06981562046819971,0.060907395898073334,0.06567226020302465,0.05075616324839445,0.049720323182100686,0.039569090532421795,0.035840066293764246,0.02403148953801533,0.01595193702092397,0.01305158483530143,0.00580070437124508,0.9224603653497422,0.023132167804668487,0.0,0.0,0.0,0.0,0.0,0.0,0.0,0.0,0.0,0.0,0.0,0.0,0.0,0.0,0.0,0.0,0.0,0.0,0.0,0.0,0.0,0.0,0.0,0.0,0.0,0.2361715351149783,4.866376631448105,15.382224984462402,8.582970789310131,0.932256059664388,4.28709990300679,2.859409415764184,nan,nan,nan,4.340286831812255,2.8857391427719983,4.2374839537869065,2.8311637900964963,0.9763142663125736,0.3962,0.00941,0.0,0.0,0.0,0.0,0.0,0.0,0.0,0.0,0.0,0.0,0.012430080795525173,19.596022374145406,10.391547545059046,0.0,0.0,0.0,0.0,0.0,0.0,0.0,0.0,0.0,0.0,0.0,0.0,0.0,0.0,0.0,0.0,0.0,nan,nan,4.28709990300679,2.859409415764184,nan,0.3962,0.0443,0.0,0.0,0.0,0.0,0.0,0.0,0.0,0.0,0.0,0.0,0.0,0.0,0.0,0.0,0.0,0.0,0.0,0.0,0.0,0.0,0.0,0.0,0.0,0.0,0.0,0.0,0.0003003936192251916,0.0014087424901595195,0.0036875906360058007,0.006349699606380775,0.006391133209032525,0.010627719080174021,0.01969131966024446,0.04916096954630205,0.04663351978454527,0.056256474000414336,0.07012637248808784,0.07085146053449347,0.06449140252744977,0.07989434431323804,0.06925626683240108,0.07178371659415786,0.12318210068365444,0.08226641806505075,0.05217526413921691,0.031675989227263314,0.022757406256474,0.01252330640149161,0.0340687797804019,0.005044541122850632,0.0024238657551274084,0.0011808576755748912,0.005583177957323389,7.250880464056349e-05,0.00013465920861818935,0.0,0.0,0.0,0.0,0.0,0.0,0.0,0.0,0.0,0.0,0.0,0.0,0.0,0.0,0.0,0.0,0.0,0.0,0.0,0.0,0.0,0.0,0.0,0.0,0.0,0.0,0.0,0.0,0.0,0.0,0.0,0.0,0.0,0.0,0.0,0.0,0.0,0.0,0.0,0.0,0.0,0.0,0.0,0.0,0.0,0.0,nan,nan,4.28709990300679,2.859409415764184,nan,0.9229695250083593,0.023446819594821578,0.0,0.0,0.0,0.0,0.0,0.0,0.0,0.0,0.0,0.0,0.0,0.0,0.0,0.0,0.0,0.0,0.0,0.0,0.0,0.0,0.0,0.0,0.0,0.0,0.0,0.20824826459779505,4.8999591670069425,15.165373621886488,8.6116782360147,1.1147407104940794,0.9219360036996356,0.022791697990298274,0.0,0.0,0.0,0.0,0.0,0.0,0.0,0.0,0.0,0.0,0.0,0.0,0.0,0.0,0.0,0.0,0.0,0.0,0.0,0.0,0.0,0.0,0.0,0.0,0.0,0.26492851135407913,4.831791421362491,15.605550883095042,8.553406223717412,0.7443229604709842,0.396,0.00928,0.0,0.0,0.0,0.0,0.0,0.0,0.0,0.0,0.0,0.0,0.024499795835034713,19.91833401388319,10.05716619028175,0.0,0.0,0.0,0.0,0.0,0.0,0.0,0.0,0.0,0.0,0.0,0.0,0.0,0.0,0.0,0.0,0.0,0.3965,0.00952,0.0,0.0,0.0,0.0,0.0,0.0,0.0,0.0,0.0,0.0,0.0,19.264087468460865,10.735912531539112,0.0,0.0,0.0,0.0,0.0,0.0,0.0,0.0,0.0,0.0,0.0,0.0,0.0,0.0,0.0,0.0,0.0
19200,4900,2518,0.5138775510204082,1184,1018,0.4493877551020408,1434,0.5853061224489796,0.39799999999999996,3.0188916876574305,3.0507978801147964,6.409883720930233,2.1358011373035373,8373.76351020408,506.50479531860265,7853.0,8866.4,8866.399999999998,1.8189894035458565e-12,7853.0,0.0,28.696734693877552,21.20104612241374,33.64619105199516,19.368914982412036,0.13755102040816328,0.0953061224489796,0.08795918367346939,0.08408163265306122,0.0763265306122449,0.07571428571428572,0.07306122448979592,0.06653061224489797,0.05897959183673469,0.054693877551020405,0.045714285714285714,0.041428571428571426,0.03510204081632653,0.026734693877551022,0.017551020408163264,0.012857142857142857,0.010408163265306122,0.922663490699262,0.023105810935817674,0.0,0.0,0.0,0.0,0.0,0.0,0.0,0.0,0.0,0.0,0.0,0.0,0.0,0.0,0.0,0.0,0.0,0.0,0.0,0.0,0.0,0.0,0.0,0.0,0.0,0.1469387755102041,4.769387755102041,15.336734693877554,8.902040816326531,0.8448979591836736,4.3224907063197024,2.8267446814361623,nan,nan,nan,4.2523133867982725,2.8032108831256735,4.393279402613565,2.8485356250075737,1.0331504296585796,0.3962,0.00938,0.0,0.0,0.0,0.0,0.0,0.0,0.0,0.0,0.0,0.0,0.012244897959183676,19.512244897959157,10.475510204081635,0.0,0.0,0.0,0.0,0.0,0.0,0.0,0.0,0.0,0.0,0.0,0.0,0.0,0.0,0.0,0.0,0.0,nan,nan,4.3224907063197024,2.8267446814361623,nan,0.3962,0.04416,0.0,0.0,0.0,0.0,0.0,0.0,0.0,0.0,0.0,0.0,0.0,0.0,0.0,0.0,0.0,0.0,0.0,0.0,0.0,0.0,0.0,0.0,0.0,0.0,0.0,0.0,0.00046938775510204083,0.001846938775510204,0.003969387755102041,0.0060918367346938776,0.006010204081632653,0.010306122448979592,0.01930612244897959,0.049581632653061224,0.04648979591836735,0.05386734693877551,0.07041836734693878,0.07225510204081632,0.06478571428571428,0.07648979591836735,0.07260204081632653,0.0705,0.12246938775510204,0.0841734693877551,0.053806122448979594,0.030693877551020408,0.02519387755102041,0.012918367346938776,0.03195918367346939,0.005173469387755102,0.0019591836734693877,0.0016836734693877551,0.004795918367346939,6.122448979591836e-05,0.00012244897959183673,0.0,0.0,0.0,0.0,0.0,0.0,0.0,0.0,0.0,0.0,0.0,0.0,0.0,0.0,0.0,0.0,0.0,0.0,0.0,0.0,0.0,0.0,0.0,0.0,0.0,0.0,0.0,0.0,0.0,0.0,0.0,0.0,0.0,0.0,0.0,0.0,0.0,0.0,0.0,0.0,0.0,0.0,0.0,0.0,0.0,0.0,nan,nan,4.3224907063197024,2.8267446814361623,nan,0.9228759068312202,0.02331529405309305,0.0,0.0,0.0,0.0,0.0,0.0,0.0,0.0,0.0,0.0,0.0,0.0,0.0,0.0,0.0,0.0,0.0,0.0,0.0,0.0,0.0,0.0,0.0,0.0,0.0,0.1548848292295473,4.741858617950755,15.202541699761719,8.935663224781575,0.96505162827641,0.9224389466941106,0.022880138304889466,0.0,0.0,0.0,0.0,0.0,0.0,0.0,0.0,0.0,0.0,0.0,0.0,0.0,0.0,0.0,0.0,0.0,0.0,0.0,0.0,0.0,0.0,0.0,0.0,0.0,0.13853904282115873,4.798488664987406,15.478589420654915,8.866498740554158,0.7178841309823679,0.3965,0.00942,0.0,0.0,0.0,0.0,0.0,0.0,0.0,0.0,0.0,0.0,0.0119142176330421,19.050833995234285,10.937251787132649,0.0,0.0,0.0,0.0,0.0,0.0,0.0,0.0,0.0,0.0,0.0,0.0,0.0,0.0,0.0,0.0,0.0,0.3962,0.00932,0.0,0.0,0.0,0.0,0.0,0.0,0.0,0.0,0.0,0.0,0.012594458438287156,19.99999999999997,9.987405541561714,0.0,0.0,0.0,0.0,0.0,0.0,0.0,0.0,0.0,0.0,0.0,0.0,0.0,0.0,0.0,0.0,0.0
19300,4725,2445,0.5174603174603175,1142,995,0.4522751322751323,1362,0.5765079365079365,0.414,2.9464912280701756,3.0534329206321607,6.516025641025641,2.168332598046894,8377.394285714287,506.390957910053,7853.0,8866.4,8866.399999999998,1.8189894035458565e-12,7853.0,0.0,27.910476190476192,20.818221218295225,33.06977924384674,18.935887308021275,0.1456084656084656,0.0982010582010582,0.08846560846560847,0.08634920634920636,0.08126984126984127,0.07026455026455027,0.06708994708994709,0.06793650793650793,0.06010582010582011,0.05502645502645503,0.044232804232804235,0.04486772486772487,0.035555555555555556,0.021164021164021163,0.0182010582010582,0.009523809523809525,0.006137566137566138,0.9225423538243329,0.022751726811447447,0.0,0.0,0.0,0.0,0.0,0.0,0.0,0.0,0.0,0.0,0.0,0.0,0.0,0.0,0.0,0.0,0.0,0.0,0.0,0.0,0.0,0.0,0.0,0.0,0.0,0.19047619047619052,4.634920634920635,15.77777777777778,8.622222222222224,0.7746031746031748,4.138717030283296,2.7891791271894157,nan,nan,nan,4.095364238410596,2.759723034100755,4.180769230769231,2.817643937228757,1.0208540650811027,0.3962,0.009445,0.0,0.0,0.0,0.0,0.0,0.0,0.0,0.0,0.0,0.0,0.01904761904761905,19.65714285714283,10.31746031746032,0.006349206349206351,0.0,0.0,0.0,0.0,0.0,0.0,0.0,0.0,0.0,0.0,0.0,0.0,0.0,0.0,0.0,0.0,nan,nan,4.138717030283296,2.7891791271894157,nan,0.3962,0.04428,0.0,0.0,0.0,0.0,0.0,0.0,0.0,0.0,0.0,0.0,0.0,0.0,0.0,0.0,0.0,0.0,0.0,0.0,0.0,0.0,0.0,0.0,1.0582010582010582e-05,0.0,0.0,0.0,0.0005396825396825396,0.002328042328042328,0.004148148148148148,0.006402116402116402,0.006126984126984127,0.009735449735449736,0.018952380952380953,0.05308994708994709,0.04196825396825397,0.054158730158730156,0.07475132275132275,0.06968253968253968,0.06361904761904762,0.07587301587301587,0.07269841269841269,0.07092063492063493,0.12191534391534392,0.08212698412698413,0.0584021164021164,0.027132275132275133,0.026349206349206348,0.01344973544973545,0.032634920634920635,0.005142857142857143,0.0017777777777777779,0.0017037037037037038,0.0042116402116402114,7.407407407407407e-05,7.407407407407407e-05,0.0,0.0,0.0,0.0,0.0,0.0,0.0,0.0,0.0,0.0,0.0,0.0,0.0,0.0,0.0,0.0,0.0,0.0,0.0,0.0,0.0,0.0,0.0,0.0,0.0,0.0,0.0,0.0,0.0,0.0,0.0,0.0,0.0,0.0,0.0,0.0,0.0,0.0,0.0,0.0,0.0,0.0,0.0,0.0,0.0,0.0,nan,nan,4.138717030283296,2.7891791271894157,nan,0.9226283443486032,0.02285198268999172,0.0,0.0,0.0,0.0,0.0,0.0,0.0,0.0,0.0,0.0,0.0,0.0,0.0,0.0,0.0,0.0,0.0,0.0,0.0,0.0,0.0,0.0,0.0,0.0,0.0,0.19631901840490804,4.429447852760737,15.791411042944787,8.773006134969327,0.8098159509202456,0.9224501403015957,0.022643359485860045,0.0,0.0,0.0,0.0,0.0,0.0,0.0,0.0,0.0,0.0,0.0,0.0,0.0,0.0,0.0,0.0,0.0,0.0,0.0,0.0,0.0,0.0,0.0,0.0,0.0,0.18421052631578952,4.855263157894738,15.763157894736846,8.460526315789476,0.7368421052631581,0.3962,0.00948,0.0,0.0,0.0,0.0,0.0,0.0,0.0,0.0,0.0,0.0,0.024539877300613504,19.55828220858893,10.404907975460125,0.012269938650306752,0.0,0.0,0.0,0.0,0.0,0.0,0.0,0.0,0.0,0.0,0.0,0.0,0.0,0.0,0.0,0.0,0.3962,0.0094,0.0,0.0,0.0,0.0,0.0,0.0,0.0,0.0,0.0,0.0,0.013157894736842108,19.763157894736814,10.223684210526317,0.0,0.0,0.0,0.0,0.0,0.0,0.0,0.0,0.0,0.0,0.0,0.0,0.0,0.0,0.0,0.0,0.0
19400,4680,2439,0.5211538461538462,1126,919,0.43696581196581197,1309,0.5594017094017094,0.41,3.0553324408746096,3.150907646894064,6.732198142414861,2.1050838796366635,8381.137307692306,506.2463153830407,7853.0,8866.4,8866.4,0.0,7853.0,0.0,28.686324786324786,21.2108237406698,33.57814871016692,19.433689128763067,0.1358974358974359,0.09786324786324786,0.09081196581196581,0.08311965811965812,0.07756410256410257,0.07478632478632478,0.07521367521367521,0.06047008547008547,0.050213675213675216,0.054914529914529914,0.05128205128205128,0.04230769230769231,0.038461538461538464,0.029273504273504274,0.02094017094017094,0.009401709401709401,0.007478632478632479,0.9224848655044523,0.02290278627915649,0.0,0.0,0.0,0.0,0.0,0.0,0.0,0.0,0.0,0.0,0.0,0.0,0.0,0.0,0.0,0.0,0.0,0.0,0.0,0.0,0.0,0.0,0.0,0.0,0.012820512820512824,0.24358974358974364,4.544871794871796,15.544871794871797,8.935897435897438,0.7179487179487182,4.319750246467302,2.9344847015140636,nan,nan,nan,4.3936170212765955,2.96443667321424,4.247563352826511,2.9031002633002436,0.9667577606917482,0.396,0.0097,0.0,0.0,0.0,0.0,0.0,0.0,0.0,0.0,0.0,0.0,0.03846153846153847,19.66666666666664,10.294871794871796,0.0,0.0,0.0,0.0,0.0,0.0,0.0,0.0,0.0,0.0,0.0,0.0,0.0,0.0,0.0,0.0,0.0,nan,nan,4.319750246467302,2.9344847015140636,nan,0.396,0.0443,0.0,0.0,0.0,0.0,0.0,0.0,0.0,0.0,0.0,0.0,0.0,0.0,0.0,0.0,0.0,0.0,0.0,0.0,0.0,0.0,0.0,0.0,0.0,0.0,2.1367521367521368e-05,0.0,0.0007585470085470085,0.0024893162393162392,0.004284188034188034,0.005598290598290598,0.006944444444444444,0.009978632478632479,0.019658119658119658,0.05382478632478632,0.03799145299145299,0.057777777777777775,0.07277777777777777,0.0702991452991453,0.06786324786324786,0.07433760683760683,0.07158119658119658,0.06773504273504273,0.12436965811965812,0.08467948717948717,0.05673076923076923,0.027542735042735043,0.025363247863247864,0.01311965811965812,0.031452991452991456,0.004358974358974359,0.0020833333333333333,0.0015811965811965813,0.004636752136752137,0.00011752136752136752,4.2735042735042735e-05,0.0,0.0,0.0,0.0,0.0,0.0,0.0,0.0,0.0,0.0,0.0,0.0,0.0,0.0,0.0,0.0,0.0,0.0,0.0,0.0,0.0,0.0,0.0,0.0,0.0,0.0,0.0,0.0,0.0,0.0,0.0,0.0,0.0,0.0,0.0,0.0,0.0,0.0,0.0,0.0,0.0,0.0,0.0,0.0,0.0,0.0,nan,nan,4.319750246467302,2.9344847015140636,nan,0.9223065556146512,0.022862926961938274,0.0,0.0,0.0,0.0,0.0,0.0,0.0,0.0,0.0,0.0,0.0,0.0,0.0,0.0,0.0,0.0,0.0,0.0,0.0,0.0,0.0,0.0,0.0,0.0,0.012300123001230016,0.22140221402214028,4.661746617466175,15.731857318573189,8.63468634686347,0.738007380073801,0.9226789296817056,0.022944513906039538,0.0,0.0,0.0,0.0,0.0,0.0,0.0,0.0,0.0,0.0,0.0,0.0,0.0,0.0,0.0,0.0,0.0,0.0,0.0,0.0,0.0,0.0,0.0,0.0,0.013386880856760378,0.26773761713520755,4.4176706827309244,15.341365461847392,9.26372155287818,0.6961178045515397,0.396,0.00981,0.0,0.0,0.0,0.0,0.0,0.0,0.0,0.0,0.0,0.0,0.04920049200492006,19.53259532595323,10.418204182041823,0.0,0.0,0.0,0.0,0.0,0.0,0.0,0.0,0.0,0.0,0.0,0.0,0.0,0.0,0.0,0.0,0.0,0.396,0.009575,0.0,0.0,0.0,0.0,0.0,0.0,0.0,0.0,0.0,0.0,0.026773761713520756,19.812583668005324,10.160642570281126,0.0,0.0,0.0,0.0,0.0,0.0,0.0,0.0,0.0,0.0,0.0,0.0,0.0,0.0,0.0,0.0,0.0
19500,4824,2498,0.5178275290215588,1195,968,0.44838308457711445,1348,0.5588723051409619,0.418,3.0756663800515907,3.145284225955188,6.677372262773723,2.157891397818271,8377.766417910449,506.3778179816774,7853.0,8866.4,8866.4,0.0,7853.0,0.0,28.070066334991708,20.821869072457407,32.88749692950135,19.090950100223772,0.13453565505804313,0.09888059701492537,0.09266169154228855,0.08519900497512438,0.08706467661691543,0.07773631840796019,0.06840796019900497,0.06571310116086236,0.05804311774461028,0.05140961857379768,0.04249585406301824,0.04228855721393035,0.03233830845771144,0.026119402985074626,0.01927860696517413,0.010364842454394693,0.007462686567164179,0.9224364647694291,0.022827084906822913,0.0,0.0,0.0,0.0,0.0,0.0,0.0,0.0,0.0,0.0,0.0,0.0,0.0,0.0,0.0,0.0,0.0,0.0,0.0,0.0,0.0,0.0,0.0,0.0,0.012437810945273634,0.23009950248756222,4.651741293532339,15.472636815920401,8.893034825870648,0.7400497512437813,4.327790214262872,2.9073209661118913,nan,nan,nan,4.325728770595691,2.925628138972885,4.329890251775339,2.888550233951712,1.0009620300763968,0.3965,0.009415,0.0,0.0,0.0,0.0,0.0,0.0,0.0,0.0,0.0,0.0,0.0373134328358209,19.490049751243752,10.472636815920401,0.0,0.0,0.0,0.0,0.0,0.0,0.0,0.0,0.0,0.0,0.0,0.0,0.0,0.0,0.0,0.0,0.0,nan,nan,4.327790214262872,2.9073209661118913,nan,0.3965,0.04425,0.0,0.0,0.0,0.0,0.0,0.0,0.0,0.0,0.0,0.0,0.0,0.0,0.0,0.0,0.0,0.0,0.0,0.0,0.0,0.0,2.0729684908789386e-05,0.0,0.0,0.0,3.109452736318408e-05,0.0,0.0007359038142620233,0.0026533996683250414,0.004311774461028192,0.005140961857379768,0.007379767827529022,0.009349087893864013,0.018604892205638473,0.053524046434494196,0.03488805970149254,0.05646766169154229,0.07252280265339967,0.07229477611940298,0.06524668325041459,0.07742537313432836,0.07163142620232173,0.06807628524046434,0.12438847429519072,0.08832918739635158,0.058115671641791045,0.025321310116086234,0.027280265339966834,0.013038971807628525,0.030213515754560532,0.003213101160862355,0.001482172470978441,0.0023113598673300166,0.005628109452736318,0.0001658374792703151,0.00020729684908789387,0.0,0.0,0.0,0.0,0.0,0.0,0.0,0.0,0.0,0.0,0.0,0.0,0.0,0.0,0.0,0.0,0.0,0.0,0.0,0.0,0.0,0.0,0.0,0.0,0.0,0.0,0.0,0.0,0.0,0.0,0.0,0.0,0.0,0.0,0.0,0.0,0.0,0.0,0.0,0.0,0.0,0.0,0.0,0.0,0.0,0.0,nan,nan,4.327790214262872,2.9073209661118913,nan,0.9222862316285065,0.023152622870738427,0.0,0.0,0.0,0.0,0.0,0.0,0.0,0.0,0.0,0.0,0.0,0.0,0.0,0.0,0.0,0.0,0.0,0.0,0.0,0.0,0.0,0.0,0.0,0.0,0.012009607686148923,0.25220176140912737,4.5756605284227385,15.624499599679746,8.827061649319457,0.7085668534827864,0.9225978071537904,0.022471104781875424,0.0,0.0,0.0,0.0,0.0,0.0,0.0,0.0,0.0,0.0,0.0,0.0,0.0,0.0,0.0,0.0,0.0,0.0,0.0,0.0,0.0,0.0,0.0,0.0,0.012897678417884783,0.20636285468615653,4.733447979363715,15.309544282029238,8.963886500429924,0.773860705073087,0.3965,0.009415,0.0,0.0,0.0,0.0,0.0,0.0,0.0,0.0,0.0,0.0,0.04803843074459569,19.395516413130476,10.556445156124903,0.0,0.0,0.0,0.0,0.0,0.0,0.0,0.0,0.0,0.0,0.0,0.0,0.0,0.0,0.0,0.0,0.0,0.3965,0.00941,0.0,0.0,0.0,0.0,0.0,0.0,0.0,0.0,0.0,0.0,0.025795356835769567,19.591573516766953,10.38263112639725,0.0,0.0,0.0,0.0,0.0,0.0,0.0,0.0,0.0,0.0,0.0,0.0,0.0,0.0,0.0,0.0,0.0
19600,4965,2570,0.5176233635448136,1206,1039,0.4521651560926485,1415,0.5699899295065458,0.40599999999999997,3.0609603340292275,3.115393780840569,6.631578947368421,2.1168904063048055,8377.559516616315,506.3851574308152,7853.0,8866.4,8866.399999999998,1.8189894035458565e-12,7853.0,0.0,27.771198388721047,20.966890320260426,33.029597282872395,19.131509361373467,0.1474320241691843,0.1015105740181269,0.08902316213494461,0.07895266868076536,0.08298086606243706,0.07613293051359517,0.07210473313192346,0.06445115810674723,0.06002014098690836,0.046928499496475325,0.047129909365558914,0.03927492447129909,0.03121852970795569,0.024974823766364552,0.018731117824773415,0.012084592145015106,0.007049345417925478,0.9205295819050116,0.023037043050360313,0.0,0.0,0.0,0.0,0.0,0.0,0.0,0.0,0.0,0.0,0.0,0.0,0.0,0.0,0.0,0.0,0.0,0.0,0.0,0.0,0.0,0.0,0.0,0.0,0.0,0.35045317220543815,5.3172205438066475,15.56495468277946,8.108761329305137,0.6586102719033234,4.3283395755305865,2.864206481049631,nan,nan,nan,4.319041614123582,2.852905527985462,4.337453646477132,2.8752116393348,1.0042629902646323,0.3965,0.00952,0.0,0.0,0.0,0.0,0.0,0.0,0.0,0.0,0.0,0.0,0.03625377643504532,19.299093655589093,10.664652567975834,0.0,0.0,0.0,0.0,0.0,0.0,0.0,0.0,0.0,0.0,0.0,0.0,0.0,0.0,0.0,0.0,0.0,nan,nan,4.3283395755305865,2.864206481049631,nan,0.3965,0.04388,0.0,0.0,0.0,0.0,0.0,0.0,0.0,0.0,0.0,0.0,0.0,0.0,0.0,0.0,0.0,0.0,0.0,0.0,0.0,0.0,0.0,0.0,0.0,0.0,0.0,0.0,0.0007955689828801611,0.0025981873111782477,0.004008056394763344,0.005095669687814703,0.008227593152064451,0.008056394763343404,0.01948640483383686,0.04964753272910372,0.03472306143001007,0.059123867069486406,0.07136958710976837,0.07333333333333333,0.06649546827794561,0.07721047331319235,0.07384692849949648,0.06711983887210474,0.1261631419939577,0.08692849949647533,0.0570392749244713,0.024783484390735147,0.02800604229607251,0.015599194360523665,0.02907351460221551,0.002205438066465257,0.0017724068479355488,0.0017220543806646526,0.005065458207452165,0.00032225579053373615,0.00018126888217522659,0.0,0.0,0.0,0.0,0.0,0.0,0.0,0.0,0.0,0.0,0.0,0.0,0.0,0.0,0.0,0.0,0.0,0.0,0.0,0.0,0.0,0.0,0.0,0.0,0.0,0.0,0.0,0.0,0.0,0.0,0.0,0.0,0.0,0.0,0.0,0.0,0.0,0.0,0.0,0.0,0.0,0.0,0.0,0.0,0.0,0.0,nan,nan,4.3283395755305865,2.864206481049631,nan,0.9207353272326726,0.023054393236242834,0.0,0.0,0.0,0.0,0.0,0.0,0.0,0.0,0.0,0.0,0.0,0.0,0.0,0.0,0.0,0.0,0.0,0.0,0.0,0.0,0.0,0.0,0.0,0.0,0.0,0.3735408560311285,5.101167315175099,15.49027237354086,8.428015564202337,0.6070038910505838,0.9203088029939098,0.023016364985204,0.0,0.0,0.0,0.0,0.0,0.0,0.0,0.0,0.0,0.0,0.0,0.0,0.0,0.0,0.0,0.0,0.0,0.0,0.0,0.0,0.0,0.0,0.0,0.0,0.0,0.3256784968684761,5.549060542797497,15.645093945720253,7.766179540709814,0.7139874739039668,0.3965,0.009514,0.0,0.0,0.0,0.0,0.0,0.0,0.0,0.0,0.0,0.0,0.023346303501945533,19.35408560311281,10.622568093385217,0.0,0.0,0.0,0.0,0.0,0.0,0.0,0.0,0.0,0.0,0.0,0.0,0.0,0.0,0.0,0.0,0.0,0.3965,0.00954,0.0,0.0,0.0,0.0,0.0,0.0,0.0,0.0,0.0,0.0,0.0501043841336117,19.240083507306863,10.709812108559502,0.0,0.0,0.0,0.0,0.0,0.0,0.0,0.0,0.0,0.0,0.0,0.0,0.0,0.0,0.0,0.0,0.0
19700,4864,2451,0.50390625,1160,1034,0.4510690789473684,1414,0.5814144736842105,0.418,2.9179444674678825,3.097915358897083,6.67076923076923,2.160322132455327,8363.658593749999,506.6845365072061,7853.0,8866.4,8866.4,0.0,7853.0,0.0,27.87027138157895,20.7598915332524,32.92207472959685,18.939744916050856,0.14041940789473684,0.10135690789473684,0.08634868421052631,0.0912828947368421,0.07709703947368421,0.0795641447368421,0.07113486842105263,0.06517269736842106,0.05674342105263158,0.04666940789473684,0.04810855263157895,0.04523026315789474,0.032689144736842105,0.024671052631578948,0.01850328947368421,0.009868421052631578,0.005139802631578948,0.9204090777662044,0.022859374037626407,0.0,0.0,0.0,0.0,0.0,0.0,0.0,0.0,0.0,0.0,0.0,0.0,0.0,0.0,0.0,0.0,0.0,0.0,0.0,0.0,0.0,0.0,0.0,0.0,0.0,0.2713815789473685,5.242598684210527,15.838815789473687,8.073601973684212,0.5736019736842106,4.323286802030457,2.8846021919962324,nan,nan,nan,4.283775447254781,2.8338161658534657,4.365120836054866,2.9368375279110004,1.018989181342877,0.3965,0.00913,0.0,0.0,0.0,0.0,0.0,0.0,0.0,0.0,0.0,0.0,0.04934210526315791,19.45312499999997,10.497532894736844,0.0,0.0,0.0,0.0,0.0,0.0,0.0,0.0,0.0,0.0,0.0,0.0,0.0,0.0,0.0,0.0,0.0,nan,nan,4.323286802030457,2.8846021919962324,nan,0.3965,0.04413,0.0,0.0,0.0,0.0,0.0,0.0,0.0,0.0,0.0,0.0,0.0,0.0,0.0,0.0,0.0,0.0,0.0,0.0,0.0,0.0,0.0,0.0,0.0,5.139802631578947e-05,0.0,0.0,0.0007709703947368421,0.0024979440789473684,0.0048930921052631575,0.005016447368421053,0.008922697368421053,0.007144325657894737,0.019397615131578946,0.04956825657894737,0.035094572368421055,0.05811060855263158,0.0710217927631579,0.07410567434210526,0.06678659539473684,0.07386924342105264,0.07386924342105264,0.06927425986842105,0.12749794407894738,0.08752055921052632,0.05495476973684211,0.023807565789473684,0.02945106907894737,0.015296052631578948,0.02935855263157895,0.0020662006578947368,0.0013980263157894737,0.0017064144736842106,0.006106085526315789,0.0003597861842105263,6.167763157894737e-05,2.055921052631579e-05,0.0,0.0,0.0,0.0,0.0,0.0,0.0,0.0,0.0,0.0,0.0,0.0,0.0,0.0,0.0,0.0,0.0,0.0,0.0,0.0,0.0,0.0,0.0,0.0,0.0,0.0,0.0,0.0,0.0,0.0,0.0,0.0,0.0,0.0,0.0,0.0,0.0,0.0,0.0,0.0,0.0,0.0,0.0,0.0,0.0,nan,nan,4.323286802030457,2.8846021919962324,nan,0.9204330188262128,0.023130495689834878,0.0,0.0,0.0,0.0,0.0,0.0,0.0,0.0,0.0,0.0,0.0,0.0,0.0,0.0,0.0,0.0,0.0,0.0,0.0,0.0,0.0,0.0,0.0,0.0,0.0,0.29375764993880055,5.348837209302327,15.630354957160346,8.066095471236231,0.6609547123623013,0.9203847596816289,0.02258062440506655,0.0,0.0,0.0,0.0,0.0,0.0,0.0,0.0,0.0,0.0,0.0,0.0,0.0,0.0,0.0,0.0,0.0,0.0,0.0,0.0,0.0,0.0,0.0,0.0,0.0,0.2486531288852052,5.134687111479487,16.050559469539994,8.081226688769169,0.4848736013261501,0.3962,0.00925,0.0,0.0,0.0,0.0,0.0,0.0,0.0,0.0,0.0,0.0,0.06119951040391678,19.92656058751527,10.012239902080784,0.0,0.0,0.0,0.0,0.0,0.0,0.0,0.0,0.0,0.0,0.0,0.0,0.0,0.0,0.0,0.0,0.0,0.3967,0.00901,0.0,0.0,0.0,0.0,0.0,0.0,0.0,0.0,0.0,0.0,0.037297969332780775,18.972233733941124,10.99046829672607,0.0,0.0,0.0,0.0,0.0,0.0,0.0,0.0,0.0,0.0,0.0,0.0,0.0,0.0,0.0,0.0,0.0
19800,4719,2432,0.5153634244543336,1164,953,0.4486119940665395,1346,0.570459843187116,0.37799999999999995,2.983384346305203,2.9320663268377434,6.075208913649025,2.0495052459099656,8375.26929434202,506.46074583692194,7853.0,8866.4,8866.4,0.0,7853.0,0.0,29.31532104259377,21.158113742311127,34.10363726955655,19.294074405084707,0.13032422123331214,0.0945115490570036,0.08624708624708624,0.08200890019071837,0.07692307692307693,0.07416825598643781,0.07056579783852511,0.0675990675990676,0.059546514091968636,0.05679169315532952,0.04852723034541216,0.04598431871159144,0.04174613265522356,0.02733630006357279,0.01949565585929222,0.01144310235219326,0.0067810976901886,0.9209113809915386,0.022640127070978407,0.0,0.0,0.0,0.0,0.0,0.0,0.0,0.0,0.0,0.0,0.0,0.0,0.0,0.0,0.0,0.0,0.0,0.0,0.0,0.0,0.0,0.0,0.0,0.0,0.0,0.17800381436745077,5.384615384615386,15.518118245390976,8.289891926255564,0.6293706293706295,4.082802547770701,2.6605439399780675,nan,nan,nan,4.03020767778477,2.6641868882688904,4.138709677419355,2.6553873928365666,1.0269221857306925,0.3967,0.00922,0.0,0.0,0.0,0.0,0.0,0.0,0.0,0.0,0.0,0.0,0.006357279084551813,19.17991099809279,10.813731722822634,0.0,0.0,0.0,0.0,0.0,0.0,0.0,0.0,0.0,0.0,0.0,0.0,0.0,0.0,0.0,0.0,0.0,nan,nan,4.082802547770701,2.6605439399780675,nan,0.3967,0.0439,0.0,0.0,0.0,0.0,0.0,0.0,0.0,0.0,0.0,0.0,0.0,0.0,0.0,0.0,0.0,0.0,0.0,0.0,0.0,0.0,0.0,0.0,0.0,1.0595465140919687e-05,0.0,0.0,0.000879423606696334,0.0017164653528289893,0.005170586988768807,0.0041746132655223565,0.01010807374443738,0.005456664547573638,0.018700995973723246,0.05174825174825175,0.03479550752278025,0.05793600339054884,0.07051282051282051,0.07359610086882815,0.06641237550328459,0.07401991947446493,0.07522780250052977,0.06961220597584233,0.1275482093663912,0.08857808857808858,0.05578512396694215,0.022822631913541003,0.027315109133290952,0.014960796778978597,0.03109769018859928,0.002860775588048315,0.001388005933460479,0.0017376562831108286,0.005615596524687434,0.0001589319771137953,5.2977325704598435e-05,0.0,0.0,0.0,0.0,0.0,0.0,0.0,0.0,0.0,0.0,0.0,0.0,0.0,0.0,0.0,0.0,0.0,0.0,0.0,0.0,0.0,0.0,0.0,0.0,0.0,0.0,0.0,0.0,0.0,0.0,0.0,0.0,0.0,0.0,0.0,0.0,0.0,0.0,0.0,0.0,0.0,0.0,0.0,0.0,0.0,0.0,nan,nan,4.082802547770701,2.6605439399780675,nan,0.9208217282828531,0.02242891736478386,0.0,0.0,0.0,0.0,0.0,0.0,0.0,0.0,0.0,0.0,0.0,0.0,0.0,0.0,0.0,0.0,0.0,0.0,0.0,0.0,0.0,0.0,0.0,0.0,0.0,0.1480263157894737,5.291940789473686,15.752467105263161,8.215460526315791,0.5921052631578948,0.9210067178465989,0.022862201565612923,0.0,0.0,0.0,0.0,0.0,0.0,0.0,0.0,0.0,0.0,0.0,0.0,0.0,0.0,0.0,0.0,0.0,0.0,0.0,0.0,0.0,0.0,0.0,0.0,0.0,0.20988194140795807,5.483165719282905,15.268911237428949,8.369042413642328,0.6689986882378663,0.3967,0.0094,0.0,0.0,0.0,0.0,0.0,0.0,0.0,0.0,0.0,0.0,0.0,18.84868421052629,11.151315789473687,0.0,0.0,0.0,0.0,0.0,0.0,0.0,0.0,0.0,0.0,0.0,0.0,0.0,0.0,0.0,0.0,0.0,0.3965,0.00902,0.0,0.0,0.0,0.0,0.0,0.0,0.0,0.0,0.0,0.0,0.01311762133799738,19.532138172278064,10.45474420638391,0.0,0.0,0.0,0.0,0.0,0.0,0.0,0.0,0.0,0.0,0.0,0.0,0.0,0.0,0.0,0.0,0.0
19900,4478,2330,0.5203215721304154,1136,905,0.4557838320678875,1251,0.5587315765966949,0.438,3.0563314711359406,3.1658224807326705,6.774834437086093,2.134305679648144,8380.293881196963,506.2813269885086,7853.0,8866.4,8866.4,0.0,7853.0,0.0,27.888343010272443,20.7638531999925,33.068060021436224,18.85854940122303,0.1462706565430996,0.09021884769986602,0.09178204555605181,0.0850826261723984,0.09044216167932112,0.0770433229120143,0.06185797230906655,0.0643144260830728,0.059401518535060295,0.056498436802143816,0.044439481911567665,0.03930326038410004,0.034613666815542656,0.02590442161679321,0.01786511835640911,0.008485931219294328,0.006476105404198303,0.9219374057303161,0.022757303255120043,0.0,0.0,0.0,0.0,0.0,0.0,0.0,0.0,0.0,0.0,0.0,0.0,0.0,0.0,0.0,0.0,0.0,0.0,0.0,0.0,0.0,0.0,0.0,0.0,0.0,0.19428316212594912,4.749888343010273,15.750334970969186,8.555158552925414,0.7503349709691829,4.362603305785124,2.9811840326576777,nan,nan,nan,4.308743169398907,2.9077868050180276,4.417361111111111,3.0530228613328445,1.025208729655464,0.3965,0.0093,0.0,0.0,0.0,0.0,0.0,0.0,0.0,0.0,0.0,0.0,0.006699419383653418,19.4685127288968,10.52478785171952,0.0,0.0,0.0,0.0,0.0,0.0,0.0,0.0,0.0,0.0,0.0,0.0,0.0,0.0,0.0,0.0,0.0,nan,nan,4.362603305785124,2.9811840326576777,nan,0.3965,0.04422,0.0,0.0,0.0,0.0,0.0,0.0,0.0,0.0,0.0,0.0,0.0,0.0,0.0,0.0,0.0,0.0,0.0,0.0,0.0,0.0,0.0,0.0,0.0,5.582849486377847e-05,0.0,0.0,0.0012617239839213935,0.0018423403305046896,0.004399285395265744,0.004522108083966057,0.011612326931665922,0.005259044216167932,0.020087092451987493,0.05256811076373381,0.03332961143367575,0.057994640464493076,0.06835640911121037,0.07616123269316659,0.0668825368468066,0.0724542206342117,0.07360428762840554,0.06989727556945065,0.12574810183117463,0.089213934792318,0.056308619919606964,0.022331397945511387,0.027668602054488612,0.0150960250111657,0.030560518088432336,0.003037070120589549,0.002121482804823582,0.0019651630192050024,0.005292541313086199,0.00016748548459133542,0.0001786511835640911,2.233139794551139e-05,0.0,0.0,0.0,0.0,0.0,0.0,0.0,0.0,0.0,0.0,0.0,0.0,0.0,0.0,0.0,0.0,0.0,0.0,0.0,0.0,0.0,0.0,0.0,0.0,0.0,0.0,0.0,0.0,0.0,0.0,0.0,0.0,0.0,0.0,0.0,0.0,0.0,0.0,0.0,0.0,0.0,0.0,0.0,0.0,0.0,nan,nan,4.362603305785124,2.9811840326576777,nan,0.9214761140776294,0.022643158303350515,0.0,0.0,0.0,0.0,0.0,0.0,0.0,0.0,0.0,0.0,0.0,0.0,0.0,0.0,0.0,0.0,0.0,0.0,0.0,0.0,0.0,0.0,0.0,0.0,0.0,0.19313304721030047,4.7896995708154515,15.965665236051505,8.38197424892704,0.6695278969957084,0.9224377826161446,0.022869957996888002,0.0,0.0,0.0,0.0,0.0,0.0,0.0,0.0,0.0,0.0,0.0,0.0,0.0,0.0,0.0,0.0,0.0,0.0,0.0,0.0,0.0,0.0,0.0,0.0,0.0,0.19553072625698328,4.706703910614526,15.516759776536317,8.743016759776538,0.8379888268156427,0.3962,0.00932,0.0,0.0,0.0,0.0,0.0,0.0,0.0,0.0,0.0,0.0,0.012875536480686699,19.583690987124434,10.403433476394852,0.0,0.0,0.0,0.0,0.0,0.0,0.0,0.0,0.0,0.0,0.0,0.0,0.0,0.0,0.0,0.0,0.0,0.3967,0.00926,0.0,0.0,0.0,0.0,0.0,0.0,0.0,0.0,0.0,0.0,0.0,19.343575418994387,10.656424581005588,0.0,0.0,0.0,0.0,0.0,0.0,0.0,0.0,0.0,0.0,0.0,0.0,0.0,0.0,0.0,0.0,0.0
20000,4663,2453,0.5260561870040746,1210,932,0.4593609264422046,1304,0.559296590177997,0.39399999999999996,2.9452488687782807,3.042561964710835,6.350769230769231,2.20350232248734,8386.10533990993,506.01150977447236,7853.0,8866.4,8866.399999999998,1.8189894035458565e-12,7853.0,0.0,28.623847308599615,21.009042037823804,33.648993117512106,19.103683340825786,0.14068196440060046,0.09135749517478019,0.08470941453999571,0.08492386875402101,0.08149260132961612,0.07741797126313532,0.07098434484237615,0.06390735577954107,0.05876045464293373,0.05983272571306026,0.048895560797769674,0.0383873043105297,0.03345485738794767,0.0268067767531632,0.020587604546429338,0.010293802273214669,0.007505897490885696,0.9211214685578114,0.023710620099779114,0.0,0.0,0.0,0.0,0.0,0.0,0.0,0.0,0.0,0.0,0.0,0.0,0.0,0.0,0.0,0.0,0.0,0.0,0.0,0.0,0.0,0.0,0.0,0.0,0.0,0.33454857387947684,5.076131245978984,15.427836156980488,8.383015226249197,0.7784687969118596,4.1053652230122815,2.872177287609566,nan,nan,nan,4.135834411384217,2.8768913317236673,4.074983839689722,2.868064341496846,0.9852869903284813,0.3965,0.00925,0.0,0.0,0.0,0.0,0.0,0.0,0.0,0.0,0.0,0.0,0.006433626420759169,19.49388805490025,10.499678318678964,0.0,0.0,0.0,0.0,0.0,0.0,0.0,0.0,0.0,0.0,0.0,0.0,0.0,0.0,0.0,0.0,0.0,nan,nan,4.1053652230122815,2.872177287609566,nan,0.3965,0.04398,0.0,0.0,0.0,0.0,0.0,0.0,0.0,0.0,0.0,0.0,0.0,0.0,0.0,0.0,0.0,0.0,0.0,0.0,0.0,0.0,0.0,0.0,4.289084280506112e-05,0.0,0.0,1.072271070126528e-05,0.0013510615483594253,0.0016191293158910572,0.003935234827364358,0.004321252412609907,0.011859318035599399,0.005007505897490886,0.019086425048252198,0.054353420544713704,0.03060261634141111,0.05729144327686039,0.06861462577739652,0.07661376796054042,0.06850739867038387,0.07486596611623418,0.07591679176495818,0.0721745657302166,0.12078061333905211,0.09132532704267639,0.05299163628565301,0.022871541925798843,0.026399313746515118,0.014432768603903067,0.031782114518550286,0.0035384945314175425,0.002123096718850525,0.0015226249195796698,0.005951104439202231,3.216813210379584e-05,7.505897490885696e-05,0.0,0.0,0.0,0.0,0.0,0.0,0.0,0.0,0.0,0.0,0.0,0.0,0.0,0.0,0.0,0.0,0.0,0.0,0.0,0.0,0.0,0.0,0.0,0.0,0.0,0.0,0.0,0.0,0.0,0.0,0.0,0.0,0.0,0.0,0.0,0.0,0.0,0.0,0.0,0.0,0.0,0.0,0.0,0.0,0.0,0.0,nan,nan,4.1053652230122815,2.872177287609566,nan,0.9205409198258295,0.024141971483684597,0.0,0.0,0.0,0.0,0.0,0.0,0.0,0.0,0.0,0.0,0.0,0.0,0.0,0.0,0.0,0.0,0.0,0.0,0.0,0.0,0.0,0.0,0.0,0.0,0.0,0.4402772115776601,5.283326538931922,15.311863024867511,8.145128414186711,0.8194048104362007,0.9217658513811379,0.023205458238901047,0.0,0.0,0.0,0.0,0.0,0.0,0.0,0.0,0.0,0.0,0.0,0.0,0.0,0.0,0.0,0.0,0.0,0.0,0.0,0.0,0.0,0.0,0.0,0.0,0.0,0.21719457013574667,4.846153846153847,15.556561085972854,8.647058823529413,0.733031674208145,0.3965,0.00915,0.0,0.0,0.0,0.0,0.0,0.0,0.0,0.0,0.0,0.0,0.0,19.5189563799429,10.481043620057076,0.0,0.0,0.0,0.0,0.0,0.0,0.0,0.0,0.0,0.0,0.0,0.0,0.0,0.0,0.0,0.0,0.0,0.3965,0.00935,0.0,0.0,0.0,0.0,0.0,0.0,0.0,0.0,0.0,0.0,0.013574660633484167,19.46606334841626,10.520361990950228,0.0,0.0,0.0,0.0,0.0,0.0,0.0,0.0,0.0,0.0,0.0,0.0,0.0,0.0,0.0,0.0,0.0
20100,4491,2447,0.5448675128033845,1181,884,0.4598085059006903,1227,0.5464261857047428,0.426,3.1149706457925634,3.1608835602915684,6.730902777777778,2.222552465695706,8405.16873747495,504.6558073701658,7853.0,8866.4,8866.4,0.0,7853.0,0.0,28.252950345134714,20.74745907833209,33.153236459709376,18.905613592912978,0.1398352260075707,0.09196170118013805,0.08773101759073702,0.08617234468937876,0.08149632598530394,0.08016032064128256,0.07592963705188154,0.0674682698730795,0.054553551547539526,0.04965486528612781,0.04809619238476954,0.04097083054998887,0.036517479403250945,0.02404809619238477,0.018258739701625473,0.0111333778668448,0.006012024048096192,0.9224251033574429,0.023323840512434756,0.0,0.0,0.0,0.0,0.0,0.0,0.0,0.0,0.0,0.0,0.0,0.0,0.0,0.0,0.0,0.0,0.0,0.0,0.0,0.0,0.0,0.0,0.0,0.0,0.0,0.24048096192384774,4.943219772879092,15.203740814963263,8.790915163660657,0.8216432865731464,4.1465721040189125,2.9950081009529828,nan,nan,nan,4.159029649595688,2.993531773942058,4.134146341463414,2.997451381786242,0.9940170399759731,0.3958,0.009445,0.0,0.0,0.0,0.0,0.0,0.0,0.0,0.0,0.0,0.0,0.033400133600534405,20.06680026720104,9.8997995991984,0.0,0.0,0.0,0.0,0.0,0.0,0.0,0.0,0.0,0.0,0.0,0.0,0.0,0.0,0.0,0.0,0.0,nan,nan,4.1465721040189125,2.9950081009529828,nan,0.3958,0.04382,0.0,0.0,0.0,0.0,0.0,0.0,0.0,0.0,0.0,0.0,0.0,0.0,0.0,0.0,0.0,0.0,0.0,0.0,0.0,0.0,0.0,0.0,1.11333778668448e-05,0.0,0.0,6.68002672010688e-05,0.001681140057893565,0.001959474504564685,0.0037742150968603874,0.00475395234914273,0.010966377198842128,0.005455355154753952,0.018258739701625473,0.05613449120463149,0.031485192607437096,0.059352037408149635,0.06510799376530839,0.07908038298819862,0.07104208416833667,0.07575150300601202,0.07715430861723446,0.07144288577154309,0.1201514139389891,0.0877755511022044,0.052716544199510135,0.022678690714762858,0.026241371632153194,0.014684925406368293,0.029625918503674013,0.004141616566466266,0.0016366065464261856,0.0012135381874860832,0.0056112224448897794,4.45335114673792e-05,0.0,0.0,0.0,0.0,0.0,0.0,0.0,0.0,0.0,0.0,0.0,0.0,0.0,0.0,0.0,0.0,0.0,0.0,0.0,0.0,0.0,0.0,0.0,0.0,0.0,0.0,0.0,0.0,0.0,0.0,0.0,0.0,0.0,0.0,0.0,0.0,0.0,0.0,0.0,0.0,0.0,0.0,0.0,0.0,0.0,0.0,0.0,nan,nan,4.1465721040189125,2.9950081009529828,nan,0.9227589278938237,0.023468725796726465,0.0,0.0,0.0,0.0,0.0,0.0,0.0,0.0,0.0,0.0,0.0,0.0,0.0,0.0,0.0,0.0,0.0,0.0,0.0,0.0,0.0,0.0,0.0,0.0,0.0,0.26971802206783824,4.8181446669391095,15.128729055986925,8.937474458520638,0.8459337964854926,0.9220254611654057,0.023142864653153912,0.0,0.0,0.0,0.0,0.0,0.0,0.0,0.0,0.0,0.0,0.0,0.0,0.0,0.0,0.0,0.0,0.0,0.0,0.0,0.0,0.0,0.0,0.0,0.0,0.0,0.20547945205479456,5.092954990215265,15.293542074363996,8.615459882583172,0.7925636007827791,0.3958,0.009384,0.0,0.0,0.0,0.0,0.0,0.0,0.0,0.0,0.0,0.0,0.04903964037597059,19.959133633019995,9.991826726604007,0.0,0.0,0.0,0.0,0.0,0.0,0.0,0.0,0.0,0.0,0.0,0.0,0.0,0.0,0.0,0.0,0.0,0.3958,0.00952,0.0,0.0,0.0,0.0,0.0,0.0,0.0,0.0,0.0,0.0,0.014677103718199611,20.195694716242635,9.789628180039141,0.0,0.0,0.0,0.0,0.0,0.0,0.0,0.0,0.0,0.0,0.0,0.0,0.0,0.0,0.0,0.0,0.0
20200,4464,2331,0.5221774193548387,1112,892,0.4489247311827957,1238,0.5546594982078853,0.426,3.0759493670886076,3.21255858750742,6.845,2.192633500306576,8382.174596774195,506.20132605499685,7853.0,8866.4,8866.4,0.0,7853.0,0.0,27.877464157706093,20.86358004807781,32.85653219342773,19.105553209696286,0.13978494623655913,0.09968637992831542,0.09587813620071685,0.08848566308243727,0.07616487455197132,0.0721326164874552,0.0721326164874552,0.06922043010752688,0.05936379928315412,0.04614695340501792,0.04457885304659498,0.04077060931899642,0.034050179211469536,0.0264336917562724,0.01747311827956989,0.012096774193548387,0.005600358422939068,0.9223858248509172,0.02307021346377033,0.0,0.0,0.0,0.0,0.0,0.0,0.0,0.0,0.0,0.0,0.0,0.0,0.0,0.0,0.0,0.0,0.0,0.0,0.0,0.0,0.0,0.0,0.0,0.0,0.0067204301075268836,0.29569892473118287,4.596774193548388,15.658602150537638,8.696236559139786,0.7459677419354841,4.335416666666666,2.9610895317902464,nan,nan,nan,4.371663244353183,2.9258678791449784,4.298097251585624,2.996463132687052,0.9831720815040859,0.396,0.009514,0.0,0.0,0.0,0.0,0.0,0.0,0.0,0.0,0.0,0.0,0.013440860215053767,19.966397849462336,10.020161290322582,0.0,0.0,0.0,0.0,0.0,0.0,0.0,0.0,0.0,0.0,0.0,0.0,0.0,0.0,0.0,0.0,0.0,nan,nan,4.335416666666666,2.9610895317902464,nan,0.396,0.04373,0.0,0.0,0.0,0.0,0.0,0.0,0.0,0.0,0.0,0.0,0.0,0.0,0.0,0.0,0.0,0.0,0.0,0.0,0.0,0.0,0.0,0.0,0.0,0.0,3.360215053763441e-05,0.0,0.0016689068100358424,0.0018369175627240143,0.0036066308243727597,0.00474910394265233,0.011738351254480287,0.00456989247311828,0.02097894265232975,0.05311379928315412,0.033288530465949824,0.05771729390681003,0.06217517921146953,0.07877464157706093,0.07121415770609318,0.07519041218637992,0.07719534050179211,0.0721326164874552,0.12202060931899641,0.08981854838709677,0.05175851254480287,0.022927867383512546,0.02886424731182796,0.014560931899641577,0.027307347670250896,0.004603494623655914,0.0012880824372759857,0.0009520609318996416,0.005846774193548387,1.1200716845878136e-05,0.0,4.4802867383512545e-05,0.0,1.1200716845878136e-05,0.0,0.0,0.0,0.0,0.0,0.0,0.0,0.0,0.0,0.0,0.0,0.0,0.0,0.0,0.0,0.0,0.0,0.0,0.0,0.0,0.0,0.0,0.0,0.0,0.0,0.0,0.0,0.0,0.0,0.0,0.0,0.0,0.0,0.0,0.0,0.0,0.0,0.0,0.0,0.0,0.0,0.0,0.0,nan,nan,4.335416666666666,2.9610895317902464,nan,0.9223674532938597,0.02302438972645534,0.0,0.0,0.0,0.0,0.0,0.0,0.0,0.0,0.0,0.0,0.0,0.0,0.0,0.0,0.0,0.0,0.0,0.0,0.0,0.0,0.0,0.0,0.0,0.0,0.0,0.28314028314028317,4.56885456885457,15.714285714285717,8.661518661518663,0.7722007722007724,0.9224059017845794,0.02312017032869586,0.0,0.0,0.0,0.0,0.0,0.0,0.0,0.0,0.0,0.0,0.0,0.0,0.0,0.0,0.0,0.0,0.0,0.0,0.0,0.0,0.0,0.0,0.0,0.0,0.01406469760900141,0.309423347398031,4.627285513361463,15.597749648382564,8.734177215189876,0.7172995780590719,0.3962,0.0095,0.0,0.0,0.0,0.0,0.0,0.0,0.0,0.0,0.0,0.0,0.025740025740025745,19.76833976833974,10.205920205920208,0.0,0.0,0.0,0.0,0.0,0.0,0.0,0.0,0.0,0.0,0.0,0.0,0.0,0.0,0.0,0.0,0.0,0.3958,0.00952,0.0,0.0,0.0,0.0,0.0,0.0,0.0,0.0,0.0,0.0,0.0,20.18284106891699,9.817158931082984,0.0,0.0,0.0,0.0,0.0,0.0,0.0,0.0,0.0,0.0,0.0,0.0,0.0,0.0,0.0,0.0,0.0
20300,4681,2392,0.511001922666097,1094,982,0.4434949797051912,1336,0.5708182012390515,0.40599999999999997,3.022280471821756,3.1564605501836205,6.77511961722488,2.1466534416274303,8370.849348429821,506.5773208796365,7853.0,8866.4,8866.4,0.0,7853.0,0.0,27.837427900021364,20.97696767793942,32.95674430509342,19.185765520684377,0.1446272164067507,0.09805597094637898,0.09314249092074343,0.08780175176244392,0.08117923520615253,0.07626575518051698,0.06686605426190985,0.062379833368938264,0.058320871608630635,0.04828028199102756,0.043580431531723994,0.04293954283272805,0.032898953215124975,0.027771843623157447,0.01794488357188635,0.01217688528092288,0.005767998290963469,0.923004893697854,0.02302971752586073,0.0,0.0,0.0,0.0,0.0,0.0,0.0,0.0,0.0,0.0,0.0,0.0,0.0,0.0,0.0,0.0,0.0,0.0,0.0,0.0,0.0,0.0,0.0,0.0,0.006408886989959412,0.25635547959837646,4.531083101901304,15.336466566972872,9.14548173467208,0.7242042298654136,4.322440813604535,2.9080151469882645,nan,nan,nan,4.38855622089155,2.9494615549967897,4.25685618729097,2.86500827061444,0.9699901227256411,0.3955,0.00923,0.0,0.0,0.0,0.0,0.0,0.0,0.0,0.0,0.0,0.0,0.02563554795983765,20.764793847468457,9.209570604571674,0.0,0.0,0.0,0.0,0.0,0.0,0.0,0.0,0.0,0.0,0.0,0.0,0.0,0.0,0.0,0.0,0.0,nan,nan,4.322440813604535,2.9080151469882645,nan,0.3955,0.04385,0.0,0.0,0.0,0.0,0.0,0.0,0.0,0.0,0.0,0.0,0.0,0.0,0.0,0.0,0.0,0.0,0.0,0.0,0.0,0.0,0.0,0.0,0.0,0.0,0.0,0.0,0.0014633625293740654,0.0014954069643238624,0.0037278359324930573,0.005426190984832301,0.012337107455671865,0.004870754112369152,0.02315744499038667,0.05132450331125828,0.03353984191412091,0.060681478316599015,0.06465498825037386,0.07679982909634693,0.07010254219183935,0.0748771629993591,0.07732322153386029,0.0706900234992523,0.1261482589190344,0.08763084810937834,0.049839777825251015,0.02097842341380047,0.029149754325998718,0.013180944242683188,0.0271629993591113,0.004593035676137578,0.0013565477462080752,0.0011001922666096988,0.006302072206793421,1.0681478316599017e-05,1.0681478316599017e-05,6.40888698995941e-05,0.0,0.0,0.0,0.0,0.0,0.0,0.0,0.0,0.0,0.0,0.0,0.0,0.0,0.0,0.0,0.0,0.0,0.0,0.0,0.0,0.0,0.0,0.0,0.0,0.0,0.0,0.0,0.0,0.0,0.0,0.0,0.0,0.0,0.0,0.0,0.0,0.0,0.0,0.0,0.0,0.0,0.0,0.0,0.0,0.0,nan,nan,4.322440813604535,2.9080151469882645,nan,0.9223892146777548,0.0225295895873064,0.0,0.0,0.0,0.0,0.0,0.0,0.0,0.0,0.0,0.0,0.0,0.0,0.0,0.0,0.0,0.0,0.0,0.0,0.0,0.0,0.0,0.0,0.0,0.0,0.012541806020066893,0.2006688963210703,4.552675585284281,15.664715719063548,8.99247491638796,0.576923076923077,0.9236482769289929,0.023523788152931234,0.0,0.0,0.0,0.0,0.0,0.0,0.0,0.0,0.0,0.0,0.0,0.0,0.0,0.0,0.0,0.0,0.0,0.0,0.0,0.0,0.0,0.0,0.0,0.0,0.0,0.31454783748361737,4.508519003931848,14.993446920052428,9.305373525557014,0.8781127129750985,0.3955,0.00927,0.0,0.0,0.0,0.0,0.0,0.0,0.0,0.0,0.0,0.0,0.050167224080267574,20.819397993311007,9.130434782608697,0.0,0.0,0.0,0.0,0.0,0.0,0.0,0.0,0.0,0.0,0.0,0.0,0.0,0.0,0.0,0.0,0.0,0.3955,0.009186,0.0,0.0,0.0,0.0,0.0,0.0,0.0,0.0,0.0,0.0,0.0,20.70773263433811,9.292267365661862,0.0,0.0,0.0,0.0,0.0,0.0,0.0,0.0,0.0,0.0,0.0,0.0,0.0,0.0,0.0,0.0,0.0
20400,4665,2411,0.5168274383708468,1136,950,0.44715969989281884,1324,0.5676312968917471,0.38999999999999996,2.979148181011535,3.015342310217045,6.262848751835536,2.1506922948595055,8376.752926045016,506.41296163635366,7853.0,8866.4,8866.4,0.0,7853.0,0.0,28.79635584137192,21.11282679087935,33.6909229208925,19.278269691871134,0.13440514469453377,0.0977491961414791,0.0872454448017149,0.08488745980707396,0.07481243301178993,0.07416934619506967,0.0720257234726688,0.06688102893890675,0.0645230439442658,0.04930332261521972,0.050589496248660236,0.041157556270096464,0.035798499464094316,0.02658092175777063,0.020793140407288316,0.012004287245444802,0.00707395498392283,0.9226493798012647,0.023122111185115996,0.0,0.0,0.0,0.0,0.0,0.0,0.0,0.0,0.0,0.0,0.0,0.0,0.0,0.0,0.0,0.0,0.0,0.0,0.0,0.0,0.0,0.0,0.0,0.0,0.0,0.1993569131832798,4.752411575562702,15.524115755627014,8.69453376205788,0.829581993569132,4.2216427640156455,2.838968156869698,nan,nan,nan,4.237166991552956,2.8846611043350756,4.205497382198953,2.79297382069402,0.9925257585039393,0.396,0.00914,0.0,0.0,0.0,0.0,0.0,0.0,0.0,0.0,0.0,0.0,0.012861736334405148,20.11575562700962,9.87138263665595,0.0,0.0,0.0,0.0,0.0,0.0,0.0,0.0,0.0,0.0,0.0,0.0,0.0,0.0,0.0,0.0,0.0,nan,nan,4.2216427640156455,2.838968156869698,nan,0.396,0.044,0.0,0.0,0.0,0.0,0.0,0.0,0.0,0.0,0.0,0.0,0.0,0.0,0.0,0.0,0.0,0.0,0.0,0.0,0.0,0.0,0.0,0.0,0.0,1.0718113612004287e-05,1.0718113612004287e-05,2.1436227224008573e-05,0.0012433011789924973,0.001039657020364416,0.005016077170418007,0.004994640943193998,0.012668810289389067,0.0046302250803858525,0.02305466237942122,0.05187566988210075,0.029967845659163987,0.05857449088960343,0.0670203644158628,0.07886387995712754,0.06687031082529475,0.07232583065380493,0.07472668810289389,0.07079314040728832,0.13006430868167201,0.0895069667738478,0.049807073954983926,0.01834941050375134,0.03219721329046088,0.0130010718113612,0.030986066452304395,0.0039013933547695605,0.001232583065380493,0.00127545551982851,0.005948553054662379,0.0,1.0718113612004287e-05,1.0718113612004287e-05,0.0,0.0,0.0,0.0,0.0,0.0,0.0,0.0,0.0,0.0,0.0,0.0,0.0,0.0,0.0,0.0,0.0,0.0,0.0,0.0,0.0,0.0,0.0,0.0,0.0,0.0,0.0,0.0,0.0,0.0,0.0,0.0,0.0,0.0,0.0,0.0,0.0,0.0,0.0,0.0,0.0,0.0,0.0,0.0,0.0,nan,nan,4.2216427640156455,2.838968156869698,nan,0.9221217342305115,0.023052287074914742,0.0,0.0,0.0,0.0,0.0,0.0,0.0,0.0,0.0,0.0,0.0,0.0,0.0,0.0,0.0,0.0,0.0,0.0,0.0,0.0,0.0,0.0,0.0,0.0,0.0,0.21153048527581922,4.715885524678558,15.852343425964333,8.423890501866447,0.7963500622148488,0.9232137779694484,0.023183277050126568,0.0,0.0,0.0,0.0,0.0,0.0,0.0,0.0,0.0,0.0,0.0,0.0,0.0,0.0,0.0,0.0,0.0,0.0,0.0,0.0,0.0,0.0,0.0,0.0,0.0,0.18633540372670812,4.791481810115351,15.173025732031947,8.984028393966284,0.8651286601597162,0.396,0.00902,0.0,0.0,0.0,0.0,0.0,0.0,0.0,0.0,0.0,0.0,0.012442969722107013,20.194939858979648,9.792617171298218,0.0,0.0,0.0,0.0,0.0,0.0,0.0,0.0,0.0,0.0,0.0,0.0,0.0,0.0,0.0,0.0,0.0,0.396,0.009254,0.0,0.0,0.0,0.0,0.0,0.0,0.0,0.0,0.0,0.0,0.013309671694764866,20.031055900621087,9.955634427684119,0.0,0.0,0.0,0.0,0.0,0.0,0.0,0.0,0.0,0.0,0.0,0.0,0.0,0.0,0.0,0.0,0.0
20500,4473,2310,0.5164319248826291,1089,929,0.45115135255980326,1278,0.5714285714285714,0.41,2.9195561719833565,3.079018130230792,6.533333333333333,2.1209576936991312,8376.352112676057,506.4262998141228,7853.0,8866.4,8866.4,0.0,7853.0,0.0,28.317013190252627,20.878345607133383,32.99920969441517,19.188989900754137,0.13190252626872345,0.09389671361502347,0.096579476861167,0.09322602280348759,0.08383635144198524,0.0706460988151129,0.0706460988151129,0.06505700871898056,0.054773082942097026,0.05030181086519115,0.04896042924211938,0.04426559356136821,0.033981667784484686,0.02481556002682763,0.018108651911468814,0.010507489380728817,0.008495416946121171,0.9226197831161118,0.023187002960344996,0.0,0.0,0.0,0.0,0.0,0.0,0.0,0.0,0.0,0.0,0.0,0.0,0.0,0.0,0.0,0.0,0.0,0.0,0.0,0.0,0.0,0.0,0.0,0.0,0.0,0.2213279678068411,4.621059691482228,15.526492287055671,8.779342723004696,0.8517773306505703,4.16313269493844,2.91202432542356,nan,nan,nan,4.212765957446808,2.945634434052274,4.115279672578445,2.8778589480823182,0.9768593162181157,0.3962,0.009056,0.0,0.0,0.0,0.0,0.0,0.0,0.0,0.0,0.0,0.0,0.013413816230717643,19.79208584842385,10.194500335345408,0.0,0.0,0.0,0.0,0.0,0.0,0.0,0.0,0.0,0.0,0.0,0.0,0.0,0.0,0.0,0.0,0.0,nan,nan,4.16313269493844,2.91202432542356,nan,0.3962,0.04358,0.0,0.0,0.0,0.0,0.0,0.0,0.0,0.0,0.0,0.0,0.0,0.0,0.0,0.0,0.0,0.0,0.0,0.0,0.0,0.0,0.0,0.0,0.0,0.0,5.58909009613235e-05,0.0,0.0014084507042253522,0.0012743125419181758,0.004426559356136821,0.004493628437290409,0.012363067292644758,0.005030181086519115,0.022892913033758105,0.048871003800581264,0.029722781131231835,0.060406885758998434,0.06457634697071317,0.07955510842834787,0.06762799016320144,0.07056785155376705,0.07661524703778225,0.07320590207914152,0.12785602503912363,0.09344958640733289,0.05137491616364856,0.018041582830315223,0.03212608987256874,0.012351889112452493,0.030807064609881512,0.0038452939861390568,0.0009501453163424994,0.0013637379834562932,0.004728370221327968,0.0,0.0,1.11781801922647e-05,0.0,0.0,0.0,0.0,0.0,0.0,0.0,0.0,0.0,0.0,0.0,0.0,0.0,0.0,0.0,0.0,0.0,0.0,0.0,0.0,0.0,0.0,0.0,0.0,0.0,0.0,0.0,0.0,0.0,0.0,0.0,0.0,0.0,0.0,0.0,0.0,0.0,0.0,0.0,0.0,0.0,0.0,0.0,0.0,0.0,nan,nan,4.16313269493844,2.91202432542356,nan,0.9227127980102192,0.023267252450365674,0.0,0.0,0.0,0.0,0.0,0.0,0.0,0.0,0.0,0.0,0.0,0.0,0.0,0.0,0.0,0.0,0.0,0.0,0.0,0.0,0.0,0.0,0.0,0.0,0.0,0.25974025974025977,4.662337662337663,15.480519480519483,8.701298701298702,0.8961038961038963,0.9225204468214341,0.023100578218647725,0.0,0.0,0.0,0.0,0.0,0.0,0.0,0.0,0.0,0.0,0.0,0.0,0.0,0.0,0.0,0.0,0.0,0.0,0.0,0.0,0.0,0.0,0.0,0.0,0.0,0.1803051317614425,4.576976421636616,15.575589459084608,8.862690707350904,0.8044382801664357,0.3962,0.009026,0.0,0.0,0.0,0.0,0.0,0.0,0.0,0.0,0.0,0.0,0.01298701298701299,19.805194805194777,10.181818181818183,0.0,0.0,0.0,0.0,0.0,0.0,0.0,0.0,0.0,0.0,0.0,0.0,0.0,0.0,0.0,0.0,0.0,0.3962,0.00908,0.0,0.0,0.0,0.0,0.0,0.0,0.0,0.0,0.0,0.0,0.01386962552011096,19.778085991678196,10.208044382801665,0.0,0.0,0.0,0.0,0.0,0.0,0.0,0.0,0.0,0.0,0.0,0.0,0.0,0.0,0.0,0.0,0.0
20600,4300,2237,0.5202325581395348,1051,876,0.44813953488372094,1181,0.5493023255813954,0.43,3.1027629665535628,3.1500074441579393,6.624161073825503,2.116494854871969,8380.203674418604,506.2849882579333,7853.0,8866.4,8866.4,0.0,7853.0,0.0,28.399767441860465,21.246131247104085,33.58569838619922,19.382051321731776,0.143953488372093,0.09790697674418605,0.08558139534883721,0.08139534883720931,0.08488372093023255,0.0755813953488372,0.06953488372093024,0.06279069767441861,0.05581395348837209,0.05023255813953489,0.04372093023255814,0.04534883720930233,0.03302325581395349,0.031395348837209305,0.022558139534883722,0.009534883720930233,0.006744186046511628,0.9227586574471274,0.0228651008163176,0.0,0.0,0.0,0.0,0.0,0.0,0.0,0.0,0.0,0.0,0.0,0.0,0.0,0.0,0.0,0.0,0.0,0.0,0.0,0.0,0.0,0.0,0.0,0.0,0.0,0.22325581395348842,4.562790697674419,15.600000000000003,8.734883720930235,0.8790697674418607,4.298682805268779,2.9072774920776716,nan,nan,nan,4.304589707927677,2.897242191166482,4.292487235594456,2.9177532770353194,0.9971884725015877,0.3962,0.00919,0.0,0.0,0.0,0.0,0.0,0.0,0.0,0.0,0.0,0.0,0.027906976744186053,19.54186046511625,10.430232558139537,0.0,0.0,0.0,0.0,0.0,0.0,0.0,0.0,0.0,0.0,0.0,0.0,0.0,0.0,0.0,0.0,0.0,nan,nan,4.298682805268779,2.9072774920776716,nan,0.3962,0.0432,0.0,0.0,0.0,0.0,0.0,0.0,0.0,0.0,0.0,0.0,0.0,0.0,0.0,0.0,0.0,0.0,0.0,0.0,0.0,0.0,0.0,0.0,0.0,0.0,5.8139534883720933e-05,0.0,0.001558139534883721,0.0014651162790697675,0.004127906976744186,0.004558139534883721,0.010848837209302326,0.004581395348837209,0.02566279069767442,0.04737209302325581,0.03025581395348837,0.05752325581395349,0.0642906976744186,0.08039534883720931,0.06819767441860465,0.07291860465116279,0.07794186046511628,0.06904651162790698,0.1310232558139535,0.09503488372093023,0.051709302325581394,0.018569767441860466,0.03255813953488372,0.011023255813953489,0.029267441860465118,0.0032093023255813954,0.0009883720930232557,0.0013604651162790699,0.004430232558139535,2.325581395348837e-05,0.0,0.0,0.0,0.0,0.0,0.0,0.0,0.0,0.0,0.0,0.0,0.0,0.0,0.0,0.0,0.0,0.0,0.0,0.0,0.0,0.0,0.0,0.0,0.0,0.0,0.0,0.0,0.0,0.0,0.0,0.0,0.0,0.0,0.0,0.0,0.0,0.0,0.0,0.0,0.0,0.0,0.0,0.0,0.0,0.0,0.0,0.0,nan,nan,4.298682805268779,2.9072774920776716,nan,0.9220357931081238,0.02303854032459215,0.0,0.0,0.0,0.0,0.0,0.0,0.0,0.0,0.0,0.0,0.0,0.0,0.0,0.0,0.0,0.0,0.0,0.0,0.0,0.0,0.0,0.0,0.0,0.0,0.0,0.3084488153777381,4.868126955744302,15.422440768886906,8.58292355833706,0.8180599016540011,0.92354249047008,0.02264947753314083,0.0,0.0,0.0,0.0,0.0,0.0,0.0,0.0,0.0,0.0,0.0,0.0,0.0,0.0,0.0,0.0,0.0,0.0,0.0,0.0,0.0,0.0,0.0,0.0,0.0,0.13087736306349979,4.231701405719827,15.792535142995641,8.899660688317985,0.945225399903054,0.3962,0.00934,0.0,0.0,0.0,0.0,0.0,0.0,0.0,0.0,0.0,0.0,0.026821636119803316,19.137237371479635,10.835940992400538,0.0,0.0,0.0,0.0,0.0,0.0,0.0,0.0,0.0,0.0,0.0,0.0,0.0,0.0,0.0,0.0,0.0,0.396,0.00903,0.0,0.0,0.0,0.0,0.0,0.0,0.0,0.0,0.0,0.0,0.02908385845855551,19.980610761027602,9.990305380513817,0.0,0.0,0.0,0.0,0.0,0.0,0.0,0.0,0.0,0.0,0.0,0.0,0.0,0.0,0.0,0.0,0.0
20700,4552,2338,0.5136203866432337,1079,939,0.44332161687170474,1275,0.5601933216168717,0.41,3.029810298102981,3.1360330092933073,6.6978998384491115,2.189159394071023,8373.502899824254,506.5119642776876,7853.0,8866.4,8866.4,0.0,7853.0,0.0,27.747144112478033,20.9071823314139,32.65071895424837,19.210287008113262,0.13862038664323376,0.10061511423550087,0.09644112478031634,0.09028998242530756,0.08084358523725835,0.07381370826010544,0.070298769771529,0.06678383128295255,0.05711775043936731,0.04701230228471002,0.042838312829525486,0.036687170474516695,0.03383128295254833,0.027021089630931458,0.01845342706502636,0.012302284710017574,0.007029876977152899,0.921568849148566,0.02322836563515559,0.0,0.0,0.0,0.0,0.0,0.0,0.0,0.0,0.0,0.0,0.0,0.0,0.0,0.0,0.0,0.0,0.0,0.0,0.0,0.0,0.0,0.0,0.0,0.0,0.0065905096660808455,0.25702987697715296,5.140597539543059,15.547012302284713,8.231546572934976,0.8172231985940248,4.30437756497948,2.886184837509236,nan,nan,nan,4.2430034129692835,2.899863570403064,4.366004112405758,2.871064526871664,1.0289890644585642,0.3965,0.00886,0.0,0.0,0.0,0.0,0.0,0.0,0.0,0.0,0.0,0.0,0.0065905096660808455,19.745166959578178,10.248242530755713,0.0,0.0,0.0,0.0,0.0,0.0,0.0,0.0,0.0,0.0,0.0,0.0,0.0,0.0,0.0,0.0,0.0,nan,nan,4.30437756497948,2.886184837509236,nan,0.3965,0.04324,0.0,0.0,0.0,0.0,0.0,0.0,0.0,0.0,0.0,0.0,0.0,0.0,0.0,0.0,0.0,0.0,0.0,0.0,0.0,0.0,0.0,0.0,1.0984182776801407e-05,0.0,3.295254833040422e-05,0.0,0.0016366432337434095,0.0019661687170474517,0.003086555360281195,0.005283391915641476,0.009973637961335676,0.004536467486818981,0.02710896309314587,0.04775922671353251,0.02922891036906854,0.05595342706502636,0.0632798769771529,0.08043717047451669,0.06614674868189807,0.07293497363796134,0.08085456942003515,0.0687939367311072,0.13267794376098418,0.09536467486818981,0.05026362038664323,0.01868409490333919,0.03277680140597539,0.011994727592267135,0.02898725834797891,0.002724077328646749,0.0014169595782073815,0.0011753075571177504,0.004909929701230229,0.0,0.0,0.0,0.0,0.0,0.0,0.0,0.0,0.0,0.0,0.0,0.0,0.0,0.0,0.0,0.0,0.0,0.0,0.0,0.0,0.0,0.0,0.0,0.0,0.0,0.0,0.0,0.0,0.0,0.0,0.0,0.0,0.0,0.0,0.0,0.0,0.0,0.0,0.0,0.0,0.0,0.0,0.0,0.0,0.0,0.0,0.0,0.0,nan,nan,4.30437756497948,2.886184837509236,nan,0.9215556597026421,0.02370779926551947,0.0,0.0,0.0,0.0,0.0,0.0,0.0,0.0,0.0,0.0,0.0,0.0,0.0,0.0,0.0,0.0,0.0,0.0,0.0,0.0,0.0,0.0,0.0,0.0,0.012831479897348164,0.34644995722840044,5.094097519247221,15.3721129170231,8.263473053892216,0.9110350727117196,0.9215827772987782,0.022711087564774673,0.0,0.0,0.0,0.0,0.0,0.0,0.0,0.0,0.0,0.0,0.0,0.0,0.0,0.0,0.0,0.0,0.0,0.0,0.0,0.0,0.0,0.0,0.0,0.0,0.0,0.1626016260162602,5.189701897018971,15.731707317073173,8.197831978319785,0.718157181571816,0.3967,0.00898,0.0,0.0,0.0,0.0,0.0,0.0,0.0,0.0,0.0,0.0,0.012831479897348164,19.6963216424294,10.290846877673227,0.0,0.0,0.0,0.0,0.0,0.0,0.0,0.0,0.0,0.0,0.0,0.0,0.0,0.0,0.0,0.0,0.0,0.3962,0.008736,0.0,0.0,0.0,0.0,0.0,0.0,0.0,0.0,0.0,0.0,0.0,19.796747967479646,10.203252032520327,0.0,0.0,0.0,0.0,0.0,0.0,0.0,0.0,0.0,0.0,0.0,0.0,0.0,0.0,0.0,0.0,0.0
20800,4616,2390,0.5177642980935875,1090,956,0.44324090121317156,1283,0.5558925476603119,0.418,2.9236298292902068,3.1161274454849632,6.658703071672355,2.268549104940513,8377.702339688041,506.38010008861545,7853.0,8866.4,8866.399999999998,1.8189894035458565e-12,7853.0,0.0,27.832755632582323,21.15496839752835,33.1229444009397,19.340477171313132,0.15077989601386482,0.09878682842287695,0.09033795493934142,0.08232235701906412,0.08102253032928942,0.07430675909878683,0.07040727902946274,0.06239168110918544,0.059358752166377815,0.048310225303292896,0.04419410745233969,0.037045060658578856,0.03401213171577123,0.02772963604852686,0.0201473136915078,0.00996533795493934,0.00888214904679376,0.9205723902149259,0.022954414869243236,0.0,0.0,0.0,0.0,0.0,0.0,0.0,0.0,0.0,0.0,0.0,0.0,0.0,0.0,0.0,0.0,0.0,0.0,0.0,0.0,0.0,0.0,0.0,0.0,0.0,0.2924610051993068,5.173310225303294,15.9813691507799,7.922443674176778,0.630415944540728,4.264476803250931,2.8672186244252353,nan,nan,nan,4.24597855227882,2.8431666198966283,4.283367556468172,2.8914523694277805,1.0088057449487788,0.3967,0.00903,0.0,0.0,0.0,0.0,0.0,0.0,0.0,0.0,0.0,0.0,0.019497400346620453,19.445407279029435,10.535095320623919,0.0,0.0,0.0,0.0,0.0,0.0,0.0,0.0,0.0,0.0,0.0,0.0,0.0,0.0,0.0,0.0,0.0,nan,nan,4.264476803250931,2.8672186244252353,nan,0.3967,0.04333,0.0,0.0,0.0,0.0,0.0,0.0,0.0,0.0,0.0,0.0,0.0,0.0,0.0,0.0,0.0,0.0,0.0,0.0,0.0,0.0,0.0,0.0,4.3327556325823225e-05,0.0,1.0831889081455806e-05,1.0831889081455806e-05,0.001288994800693241,0.0019064124783362219,0.003184575389948007,0.005827556325823224,0.009770363951473137,0.00544844020797227,0.026722270363951472,0.04619800693240901,0.02895363951473137,0.0564449740034662,0.06364818024263431,0.07935441941074524,0.06487218370883882,0.07138214904679376,0.08492201039861352,0.0687716637781629,0.1306109185441941,0.09760615251299827,0.04938258232235702,0.016800259965337953,0.03370883882149047,0.011806759098786828,0.031076689774696707,0.0035961871750433277,0.0010940207972270364,0.0009857019064124783,0.004473570190641248,7.582322357019064e-05,2.1663778162911613e-05,0.0,0.0,0.0,0.0,0.0,0.0,0.0,0.0,0.0,0.0,0.0,0.0,0.0,0.0,0.0,0.0,0.0,0.0,0.0,0.0,0.0,0.0,0.0,0.0,0.0,0.0,0.0,0.0,0.0,0.0,0.0,0.0,0.0,0.0,0.0,0.0,0.0,0.0,0.0,0.0,0.0,0.0,0.0,0.0,0.0,0.0,nan,nan,4.264476803250931,2.8672186244252353,nan,0.9202384028724048,0.022974038690715192,0.0,0.0,0.0,0.0,0.0,0.0,0.0,0.0,0.0,0.0,0.0,0.0,0.0,0.0,0.0,0.0,0.0,0.0,0.0,0.0,0.0,0.0,0.0,0.0,0.0,0.2761506276150628,5.510460251046027,15.853556485355652,7.757322175732219,0.6025104602510462,0.9209309839923855,0.022927911210737992,0.0,0.0,0.0,0.0,0.0,0.0,0.0,0.0,0.0,0.0,0.0,0.0,0.0,0.0,0.0,0.0,0.0,0.0,0.0,0.0,0.0,0.0,0.0,0.0,0.0,0.3099730458221025,4.811320754716982,16.11859838274933,8.099730458221027,0.6603773584905661,0.3967,0.00897,0.0,0.0,0.0,0.0,0.0,0.0,0.0,0.0,0.0,0.0,0.0,19.44351464435144,10.556485355648539,0.0,0.0,0.0,0.0,0.0,0.0,0.0,0.0,0.0,0.0,0.0,0.0,0.0,0.0,0.0,0.0,0.0,0.3965,0.00909,0.0,0.0,0.0,0.0,0.0,0.0,0.0,0.0,0.0,0.0,0.04043126684636119,19.4474393530997,10.51212938005391,0.0,0.0,0.0,0.0,0.0,0.0,0.0,0.0,0.0,0.0,0.0,0.0,0.0,0.0,0.0,0.0,0.0
20900,4671,2416,0.5172339970027832,1164,932,0.4487261828302291,1320,0.565189466923571,0.39399999999999996,3.0084257206208425,3.10916247777737,6.549777117384844,2.1902738084471767,8377.16493256262,506.39891995400507,7853.0,8866.4,8866.4,0.0,7853.0,0.0,28.650610147719973,21.072545965863384,33.57320477036285,19.25281612662998,0.1370156283451081,0.09312780989081568,0.08948833226289873,0.08499250695782487,0.08349389852280026,0.07364590023549561,0.07236137871976023,0.06615285806037251,0.05523442517662171,0.05138086062941554,0.048811817597944764,0.04067651466495397,0.036608863198458574,0.028687647184757012,0.019053735816741597,0.012202954399486191,0.007064868336544637,0.9206204288931226,0.022549933221480117,0.0,0.0,0.0,0.0,0.0,0.0,0.0,0.0,0.0,0.0,0.0,0.0,0.0,0.0,0.0,0.0,0.0,0.0,0.0,0.0,0.0,0.0,0.0,0.0,0.0,0.28901734104046245,5.157353885677586,16.101477199743098,7.835581245985872,0.6165703275529866,4.196886149854039,2.9178108035843677,nan,nan,nan,4.18241469816273,2.897560825273892,4.209884467265725,2.937995065671085,1.006567920946496,0.3967,0.009315,0.0,0.0,0.0,0.0,0.0,0.0,0.0,0.0,0.0,0.0,0.006422607578676944,19.29351316634551,10.70006422607579,0.0,0.0,0.0,0.0,0.0,0.0,0.0,0.0,0.0,0.0,0.0,0.0,0.0,0.0,0.0,0.0,0.0,nan,nan,4.196886149854039,2.9178108035843677,nan,0.3967,0.0433,0.0,0.0,0.0,0.0,0.0,0.0,0.0,0.0,0.0,0.0,0.0,0.0,0.0,0.0,0.0,0.0,0.0,0.0,0.0,0.0,0.0,0.0,2.1408691928923143e-05,0.0,0.0,0.0,0.001123956326268465,0.0016377649325626203,0.0035431385142367803,0.004592164418754014,0.010672232926568187,0.0050524512952258615,0.027285377863412546,0.04499036608863199,0.030336116463284095,0.05585527724256048,0.06569257118390066,0.08020766431171056,0.06618497109826589,0.06871119674587883,0.08460715050310426,0.06918218796831514,0.12943695140226932,0.0974095482766003,0.04829800899165061,0.016174266752301436,0.034521515735388565,0.012791693427531578,0.031010490259045172,0.003650181973881396,0.000899165061014772,0.000899165061014772,0.0050417469492614,7.4930421751231e-05,7.4930421751231e-05,2.1408691928923143e-05,0.0,0.0,0.0,0.0,0.0,0.0,0.0,0.0,0.0,0.0,0.0,0.0,0.0,0.0,0.0,0.0,0.0,0.0,0.0,0.0,0.0,0.0,0.0,0.0,0.0,0.0,0.0,0.0,0.0,0.0,0.0,0.0,0.0,0.0,0.0,0.0,0.0,0.0,0.0,0.0,0.0,0.0,0.0,0.0,0.0,nan,nan,4.196886149854039,2.9178108035843677,nan,0.920792439126021,0.022668883717878435,0.0,0.0,0.0,0.0,0.0,0.0,0.0,0.0,0.0,0.0,0.0,0.0,0.0,0.0,0.0,0.0,0.0,0.0,0.0,0.0,0.0,0.0,0.0,0.0,0.0,0.33526490066225173,5.078642384105961,15.670529801324506,8.25745033112583,0.6581125827814571,0.9204361376635516,0.022420325480744994,0.0,0.0,0.0,0.0,0.0,0.0,0.0,0.0,0.0,0.0,0.0,0.0,0.0,0.0,0.0,0.0,0.0,0.0,0.0,0.0,0.0,0.0,0.0,0.0,0.0,0.23946784922394684,5.241685144124169,16.563192904656322,7.383592017738361,0.5720620842572063,0.3965,0.00929,0.0,0.0,0.0,0.0,0.0,0.0,0.0,0.0,0.0,0.0,0.01241721854304636,19.259105960264872,10.728476821192055,0.0,0.0,0.0,0.0,0.0,0.0,0.0,0.0,0.0,0.0,0.0,0.0,0.0,0.0,0.0,0.0,0.0,0.397,0.00933,0.0,0.0,0.0,0.0,0.0,0.0,0.0,0.0,0.0,0.0,0.0,19.330376940133007,10.669623059866964,0.0,0.0,0.0,0.0,0.0,0.0,0.0,0.0,0.0,0.0,0.0,0.0,0.0,0.0,0.0,0.0,0.0
21000,4496,2271,0.5051156583629893,1062,942,0.445729537366548,1260,0.5604982206405694,0.414,2.9519101123595504,3.0775631964064143,6.3765822784810124,2.167938638299706,8364.884208185053,506.6734786679622,7853.0,8866.4,8866.4,0.0,7853.0,0.0,28.051156583629894,20.910131347468006,32.86403162055336,19.20479628496033,0.1338967971530249,0.10409252669039146,0.09185943060498221,0.0898576512455516,0.08251779359430605,0.06605871886120997,0.07050711743772242,0.06983985765124555,0.05738434163701068,0.053158362989323846,0.042704626334519574,0.041370106761565835,0.034919928825622774,0.027802491103202848,0.01846085409252669,0.007562277580071174,0.00800711743772242,0.9207472573051037,0.02337280745295139,0.0,0.0,0.0,0.0,0.0,0.0,0.0,0.0,0.0,0.0,0.0,0.0,0.0,0.0,0.0,0.0,0.0,0.0,0.0,0.0,0.0,0.0,0.0,0.0,0.006672597864768685,0.2602313167259787,5.484875444839859,15.306939501779363,8.247330960854095,0.6939501779359433,4.235192837465565,2.8819976100825793,nan,nan,nan,4.192970365265334,2.857271943988893,4.277357192016518,2.9058671753936927,1.0201257865903957,0.397,0.00915,0.0,0.0,0.0,0.0,0.0,0.0,0.0,0.0,0.0,0.0,0.0,19.076957295373635,10.923042704626337,0.0,0.0,0.0,0.0,0.0,0.0,0.0,0.0,0.0,0.0,0.0,0.0,0.0,0.0,0.0,0.0,0.0,nan,nan,4.235192837465565,2.8819976100825793,nan,0.397,0.0434,0.0,0.0,0.0,0.0,0.0,0.0,0.0,0.0,0.0,0.0,0.0,0.0,0.0,0.0,0.0,0.0,0.0,0.0,0.0,0.0,0.0,0.0,0.0,0.0,0.0,0.0,0.0007673487544483986,0.0017348754448398577,0.004081405693950178,0.004403914590747331,0.010331405693950179,0.00576067615658363,0.028569839857651245,0.046697064056939505,0.02937055160142349,0.05323620996441281,0.06197731316725979,0.07815836298932384,0.06965080071174377,0.07021797153024911,0.08203959074733096,0.0688612099644128,0.13146129893238434,0.09894350533807829,0.04878781138790036,0.015858540925266906,0.03423042704626335,0.012477758007117437,0.031105427046263345,0.004426156583629893,0.0010008896797153025,0.000567170818505338,0.005115658362989324,0.00012233096085409253,0.0,4.448398576512456e-05,0.0,0.0,0.0,0.0,0.0,0.0,0.0,0.0,0.0,0.0,0.0,0.0,0.0,0.0,0.0,0.0,0.0,0.0,0.0,0.0,0.0,0.0,0.0,0.0,0.0,0.0,0.0,0.0,0.0,0.0,0.0,0.0,0.0,0.0,0.0,0.0,0.0,0.0,0.0,0.0,0.0,0.0,0.0,0.0,0.0,nan,nan,4.235192837465565,2.8819976100825793,nan,0.9206262939252395,0.023209150378158894,0.0,0.0,0.0,0.0,0.0,0.0,0.0,0.0,0.0,0.0,0.0,0.0,0.0,0.0,0.0,0.0,0.0,0.0,0.0,0.0,0.0,0.0,0.0,0.0,0.0,0.21136063408190228,5.561426684280055,15.389696169088511,8.12417437252312,0.7133421400264203,0.9208707215009111,0.02353803360288375,0.0,0.0,0.0,0.0,0.0,0.0,0.0,0.0,0.0,0.0,0.0,0.0,0.0,0.0,0.0,0.0,0.0,0.0,0.0,0.0,0.0,0.0,0.0,0.0,0.013483146067415734,0.3101123595505618,5.406741573033709,15.222471910112363,8.37303370786517,0.6741573033707866,0.3972,0.00917,0.0,0.0,0.0,0.0,0.0,0.0,0.0,0.0,0.0,0.0,0.0,18.480845442536303,11.519154557463676,0.0,0.0,0.0,0.0,0.0,0.0,0.0,0.0,0.0,0.0,0.0,0.0,0.0,0.0,0.0,0.0,0.0,0.3965,0.00911,0.0,0.0,0.0,0.0,0.0,0.0,0.0,0.0,0.0,0.0,0.0,19.685393258426938,10.314606741573035,0.0,0.0,0.0,0.0,0.0,0.0,0.0,0.0,0.0,0.0,0.0,0.0,0.0,0.0,0.0,0.0,0.0
21100,4608,2360,0.5121527777777778,1092,937,0.4403211805555556,1305,0.56640625,0.39799999999999996,2.9270462633451957,3.0993366575318846,6.665056360708535,2.1106019178804583,8372.015625,506.550308835025,7853.0,8866.4,8866.399999999998,1.8189894035458565e-12,7853.0,0.0,27.52517361111111,20.709627934996085,32.52738126135479,18.963214908527345,0.14322916666666666,0.10221354166666667,0.09266493055555555,0.087890625,0.07921006944444445,0.07855902777777778,0.06380208333333333,0.06684027777777778,0.059027777777777776,0.052300347222222224,0.046875,0.03732638888888889,0.033854166666666664,0.024088541666666668,0.015625,0.009982638888888888,0.006510416666666667,0.9205237813940685,0.022982428132511997,0.0,0.0,0.0,0.0,0.0,0.0,0.0,0.0,0.0,0.0,0.0,0.0,0.0,0.0,0.0,0.0,0.0,0.0,0.0,0.0,0.0,0.0,0.0,0.0,0.0,0.27343750000000006,5.397135416666668,15.51432291666667,8.183593750000002,0.6315104166666667,4.309921581997954,2.894042064101859,nan,nan,nan,4.257759784075573,2.845734047461569,4.363197794624397,2.9416089544132675,1.0247637292604368,0.397,0.00914,0.0,0.0,0.0,0.0,0.0,0.0,0.0,0.0,0.0,0.0,0.013020833333333336,18.96484374999997,11.02213541666667,0.0,0.0,0.0,0.0,0.0,0.0,0.0,0.0,0.0,0.0,0.0,0.0,0.0,0.0,0.0,0.0,0.0,nan,nan,4.309921581997954,2.894042064101859,nan,0.397,0.04337,0.0,0.0,0.0,0.0,0.0,0.0,0.0,0.0,0.0,0.0,0.0,0.0,0.0,0.0,0.0,0.0,0.0,0.0,0.0,0.0,0.0,0.0,0.0,0.0,0.0,0.0,0.0008355034722222222,0.001877170138888889,0.0037651909722222223,0.004633246527777778,0.009581163194444445,0.005902777777777778,0.027083333333333334,0.04775390625,0.029296875,0.05381944444444445,0.061089409722222224,0.081640625,0.07003038194444444,0.06908637152777777,0.08285590277777778,0.07245008680555555,0.12550998263888888,0.10024956597222222,0.04679904513888889,0.01593967013888889,0.03501519097222222,0.01261935763888889,0.03156467013888889,0.00341796875,0.0012912326388888889,0.00048828125,0.005088975694444445,0.00016276041666666666,1.0850694444444445e-05,0.00011935763888888888,2.170138888888889e-05,0.0,0.0,0.0,0.0,0.0,0.0,0.0,0.0,0.0,0.0,0.0,0.0,0.0,0.0,0.0,0.0,0.0,0.0,0.0,0.0,0.0,0.0,0.0,0.0,0.0,0.0,0.0,0.0,0.0,0.0,0.0,0.0,0.0,0.0,0.0,0.0,0.0,0.0,0.0,0.0,0.0,0.0,0.0,0.0,nan,nan,4.309921581997954,2.894042064101859,nan,0.9202846778146291,0.022881171998171895,0.0,0.0,0.0,0.0,0.0,0.0,0.0,0.0,0.0,0.0,0.0,0.0,0.0,0.0,0.0,0.0,0.0,0.0,0.0,0.0,0.0,0.0,0.0,0.0,0.0,0.2415254237288136,5.644067796610171,15.49576271186441,8.021186440677967,0.5974576271186441,0.9207747976073591,0.023085586800453573,0.0,0.0,0.0,0.0,0.0,0.0,0.0,0.0,0.0,0.0,0.0,0.0,0.0,0.0,0.0,0.0,0.0,0.0,0.0,0.0,0.0,0.0,0.0,0.0,0.0,0.30693950177935947,5.137900355871887,15.533807829181498,8.354092526690392,0.6672597864768685,0.3967,0.009224,0.0,0.0,0.0,0.0,0.0,0.0,0.0,0.0,0.0,0.0,0.012711864406779664,18.92796610169489,11.059322033898308,0.0,0.0,0.0,0.0,0.0,0.0,0.0,0.0,0.0,0.0,0.0,0.0,0.0,0.0,0.0,0.0,0.0,0.397,0.00905,0.0,0.0,0.0,0.0,0.0,0.0,0.0,0.0,0.0,0.0,0.01334519572953737,19.003558718861186,10.983096085409256,0.0,0.0,0.0,0.0,0.0,0.0,0.0,0.0,0.0,0.0,0.0,0.0,0.0,0.0,0.0,0.0,0.0
21200,4427,2198,0.4964987576236729,1067,943,0.45403207589789923,1283,0.5796250282358256,0.422,2.905338716913414,3.0811534716219633,6.6096345514950166,2.130019621359771,8356.15184097583,506.68757688297336,7853.0,8866.4,8866.399999999998,1.8189894035458565e-12,7853.0,0.0,28.328213236955047,20.906549880648967,33.321774193548386,19.062911101086744,0.13779082900384007,0.09487237406821776,0.0871922295007906,0.08741811610571493,0.08335215721707703,0.07680144567427151,0.07386491981025525,0.06437768240343347,0.058504630675400945,0.050372712898125144,0.04427377456516828,0.04133724870115202,0.0379489496272871,0.024847526541676077,0.019652134628416536,0.010842557036367743,0.006550711542805511,0.9196783737078569,0.022759174729858615,0.0,0.0,0.0,0.0,0.0,0.0,0.0,0.0,0.0,0.0,0.0,0.0,0.0,0.0,0.0,0.0,0.0,0.0,0.0,0.0,0.0,0.0,0.0,0.0,0.0,0.32527671109103234,5.55681048113847,15.667494917551393,7.935396430991644,0.5150214592274679,4.2900447812607645,2.888786109377339,nan,nan,nan,4.282068965517241,2.91010531781257,4.299586776859504,2.8676834979951384,1.0040909689879662,0.3967,0.00886,0.0,0.0,0.0,0.0,0.0,0.0,0.0,0.0,0.0,0.0,0.006776598147729841,19.44206008583688,10.551163316015362,0.0,0.0,0.0,0.0,0.0,0.0,0.0,0.0,0.0,0.0,0.0,0.0,0.0,0.0,0.0,0.0,0.0,nan,nan,4.2900447812607645,2.888786109377339,nan,0.3967,0.0436,0.0,0.0,0.0,0.0,0.0,0.0,0.0,0.0,0.0,0.0,0.0,0.0,0.0,0.0,0.0,0.0,0.0,0.0,0.0,0.0,0.0,0.0,0.0,0.0,0.0,0.0,0.0011746103456065056,0.0030042918454935624,0.003456065055342218,0.004178902191100068,0.009340411113620961,0.0057714027558165805,0.026982154958210977,0.04856562005873052,0.030155861757397786,0.05365936299977411,0.0619832843912356,0.08615315111813869,0.06600406595888864,0.07012649649875763,0.07952337926360967,0.06974248927038626,0.12475717189970635,0.10004517732098486,0.047718545290264286,0.015710413372487013,0.03660492432798735,0.013022362773887509,0.0322340185227016,0.0033770047436187034,0.0014569686017619156,0.00032753557714027557,0.004811384684888186,0.00011294330246216399,0.0,0.0,0.0,0.0,0.0,0.0,0.0,0.0,0.0,0.0,0.0,0.0,0.0,0.0,0.0,0.0,0.0,0.0,0.0,0.0,0.0,0.0,0.0,0.0,0.0,0.0,0.0,0.0,0.0,0.0,0.0,0.0,0.0,0.0,0.0,0.0,0.0,0.0,0.0,0.0,0.0,0.0,0.0,0.0,0.0,0.0,0.0,nan,nan,4.2900447812607645,2.888786109377339,nan,0.9203278794410122,0.02266779122244745,0.0,0.0,0.0,0.0,0.0,0.0,0.0,0.0,0.0,0.0,0.0,0.0,0.0,0.0,0.0,0.0,0.0,0.0,0.0,0.0,0.0,0.0,0.0,0.0,0.0,0.3139217470427662,5.295723384895361,15.61419472247498,8.161965423111921,0.6141947224749773,0.9190379010288637,0.02283084272931927,0.0,0.0,0.0,0.0,0.0,0.0,0.0,0.0,0.0,0.0,0.0,0.0,0.0,0.0,0.0,0.0,0.0,0.0,0.0,0.0,0.0,0.0,0.0,0.0,0.0,0.33647375504710636,5.814266487213999,15.72005383580081,7.711978465679679,0.41722745625841196,0.3967,0.00891,0.0,0.0,0.0,0.0,0.0,0.0,0.0,0.0,0.0,0.0,0.013648771610555053,19.517743403093693,10.468607825295726,0.0,0.0,0.0,0.0,0.0,0.0,0.0,0.0,0.0,0.0,0.0,0.0,0.0,0.0,0.0,0.0,0.0,0.3967,0.008804,0.0,0.0,0.0,0.0,0.0,0.0,0.0,0.0,0.0,0.0,0.0,19.36742934051141,10.632570659488561,0.0,0.0,0.0,0.0,0.0,0.0,0.0,0.0,0.0,0.0,0.0,0.0,0.0,0.0,0.0,0.0,0.0
21300,4851,2527,0.5209235209235209,1212,988,0.45351473922902497,1384,0.5706039991754277,0.39399999999999996,3.0253872633390704,3.0582062897411455,6.43952802359882,2.163324168647456,8380.903896103895,506.25614543431965,7853.0,8866.4,8866.4,0.0,7853.0,0.0,28.656153370439085,21.069460684501244,33.68970588235294,19.178707860740058,0.14058956916099774,0.09358895073180787,0.08822923108637394,0.07647907647907648,0.07977736549165121,0.08018965161822304,0.06926406926406926,0.06885178313749743,0.05875077303648732,0.05813234384662956,0.04452690166975881,0.041022469593898166,0.03525046382189239,0.0282415996701711,0.017934446505875078,0.009894867037724181,0.00927643784786642,0.9199013276165035,0.022806871472481817,0.0,0.0,0.0,0.0,0.0,0.0,0.0,0.0,0.0,0.0,0.0,0.0,0.0,0.0,0.0,0.0,0.0,0.0,0.0,0.0,0.0,0.0,0.0,0.0,0.006184291898577614,0.3092145949288807,5.3988868274582575,15.998763141620287,7.693259121830552,0.593692022263451,4.218818380743983,2.842364012064621,nan,nan,nan,4.230234029095509,2.851832839791964,4.209647495361781,2.8327890086913894,0.9951334764005646,0.3972,0.00901,0.0,0.0,0.0,0.0,0.0,0.0,0.0,0.0,0.0,0.0,0.006184291898577614,18.843537414965958,11.15027829313544,0.0,0.0,0.0,0.0,0.0,0.0,0.0,0.0,0.0,0.0,0.0,0.0,0.0,0.0,0.0,0.0,0.0,nan,nan,4.218818380743983,2.842364012064621,nan,0.3972,0.0434,0.0,0.0,0.0,0.0,0.0,0.0,0.0,0.0,0.0,0.0,0.0,0.0,0.0,0.0,0.0,0.0,0.0,0.0,0.0,0.0,0.0,0.0,0.0,0.0,8.245722531436817e-05,4.1228612657184085e-05,0.0012059369202226345,0.002896310039167182,0.002968460111317254,0.004081632653061225,0.008637394351680067,0.0048958977530406105,0.026674912389198103,0.04596990311276026,0.030179344465058752,0.051875901875901874,0.062213976499690786,0.08901257472686044,0.06756338899196042,0.07130488559059987,0.0790146361574933,0.07217068645640075,0.12327355184498041,0.09989692846835704,0.046536796536796536,0.01591424448567306,0.03566274994846423,0.013852813852813853,0.033024118738404454,0.003751803751803752,0.0017728303442589156,0.0007111935683364255,0.004761904761904762,5.1535765821480104e-05,0.0,0.0,0.0,0.0,0.0,0.0,0.0,0.0,0.0,0.0,0.0,0.0,0.0,0.0,0.0,0.0,0.0,0.0,0.0,0.0,0.0,0.0,0.0,0.0,0.0,0.0,0.0,0.0,0.0,0.0,0.0,0.0,0.0,0.0,0.0,0.0,0.0,0.0,0.0,0.0,0.0,0.0,0.0,0.0,0.0,0.0,0.0,nan,nan,4.218818380743983,2.842364012064621,nan,0.9197319891314097,0.022797152756348988,0.0,0.0,0.0,0.0,0.0,0.0,0.0,0.0,0.0,0.0,0.0,0.0,0.0,0.0,0.0,0.0,0.0,0.0,0.0,0.0,0.0,0.0,0.0,0.0,0.011871784724970323,0.3324099722991691,5.330431341511676,16.086268302334787,7.6335575781559175,0.6054610209734864,0.920085457716259,0.02281600817569005,0.0,0.0,0.0,0.0,0.0,0.0,0.0,0.0,0.0,0.0,0.0,0.0,0.0,0.0,0.0,0.0,0.0,0.0,0.0,0.0,0.0,0.0,0.0,0.0,0.0,0.2839931153184166,5.473321858864029,15.903614457831328,7.75817555938038,0.5808950086058521,0.397,0.00892,0.0,0.0,0.0,0.0,0.0,0.0,0.0,0.0,0.0,0.0,0.011871784724970323,18.947368421052605,11.040759794222401,0.0,0.0,0.0,0.0,0.0,0.0,0.0,0.0,0.0,0.0,0.0,0.0,0.0,0.0,0.0,0.0,0.0,0.3972,0.00911,0.0,0.0,0.0,0.0,0.0,0.0,0.0,0.0,0.0,0.0,0.0,18.730636833046443,11.269363166953532,0.0,0.0,0.0,0.0,0.0,0.0,0.0,0.0,0.0,0.0,0.0,0.0,0.0,0.0,0.0,0.0,0.0
21400,4679,2406,0.5142124385552469,1117,974,0.4468903611882881,1308,0.5590938234665527,0.418,2.9186097668279807,3.102582748719892,6.58112582781457,2.238667130368247,8374.102885231887,506.4952585138354,7853.0,8866.4,8866.4,0.0,7853.0,0.0,27.563368241077153,20.743453566147902,32.53714577482767,19.012913965103095,0.14362043171617866,0.10023509296858303,0.09638811711904254,0.08677067749519128,0.07779440051293011,0.07758067963240009,0.06881812353066895,0.06240649711476811,0.05834580038469758,0.055781149818337254,0.04253045522547553,0.03953836289805514,0.03291301560162428,0.023509296858303056,0.0192348792477025,0.007480230818550973,0.007052789057490917,0.9192124831164386,0.02282732908560913,0.0,0.0,0.0,0.0,0.0,0.0,0.0,0.0,0.0,0.0,0.0,0.0,0.0,0.0,0.0,0.0,0.0,0.0,0.0,0.0,0.0,0.0,0.0,0.0,0.006411626415900835,0.33981620004274427,5.7127591365676444,15.990596281256682,7.424663389613166,0.5257533661038685,4.236736064472801,2.8385065144463364,nan,nan,nan,4.224299065420561,2.82661340366716,4.249324324324324,2.8504384826658478,1.0059241210236785,0.397,0.009026,0.0,0.0,0.0,0.0,0.0,0.0,0.0,0.0,0.0,0.0,0.03205813207950417,18.702714255182702,11.265227612737768,0.0,0.0,0.0,0.0,0.0,0.0,0.0,0.0,0.0,0.0,0.0,0.0,0.0,0.0,0.0,0.0,0.0,nan,nan,4.236736064472801,2.8385065144463364,nan,0.397,0.04337,0.0,0.0,0.0,0.0,0.0,0.0,0.0,0.0,0.0,0.0,0.0,0.0,0.0,0.0,0.0,0.0,0.0,0.0,0.0,0.0,0.0,0.0,0.0,0.0,8.548835221201111e-05,6.411626415900834e-05,0.0010258602265441335,0.0030348365035263946,0.002778371446890361,0.00423167343449455,0.009200683906817697,0.0052468476170121825,0.025796110279974353,0.046569779867493055,0.029888865142124386,0.052799743534943364,0.061348578756144474,0.08979482795469117,0.07086984398375722,0.0715751228895063,0.07957896986535584,0.06992947210942509,0.12157512288950631,0.09668732635178456,0.047905535370805725,0.017354135499038255,0.03686685189142979,0.014832229108783929,0.03082923701645651,0.0030562085915793974,0.0016242786920282113,0.0006091045095105792,0.004808719811925625,3.205813207950417e-05,0.0,0.0,0.0,0.0,0.0,0.0,0.0,0.0,0.0,0.0,0.0,0.0,0.0,0.0,0.0,0.0,0.0,0.0,0.0,0.0,0.0,0.0,0.0,0.0,0.0,0.0,0.0,0.0,0.0,0.0,0.0,0.0,0.0,0.0,0.0,0.0,0.0,0.0,0.0,0.0,0.0,0.0,0.0,0.0,0.0,0.0,0.0,nan,nan,4.236736064472801,2.8385065144463364,nan,0.9190229072931501,0.02275466268038825,0.0,0.0,0.0,0.0,0.0,0.0,0.0,0.0,0.0,0.0,0.0,0.0,0.0,0.0,0.0,0.0,0.0,0.0,0.0,0.0,0.0,0.0,0.0,0.0,0.012468827930174566,0.3615960099750624,5.773067331670824,16.05985037406484,7.331670822942645,0.46134663341645893,0.9194131515857883,0.022902286660513443,0.0,0.0,0.0,0.0,0.0,0.0,0.0,0.0,0.0,0.0,0.0,0.0,0.0,0.0,0.0,0.0,0.0,0.0,0.0,0.0,0.0,0.0,0.0,0.0,0.0,0.31676198856137266,5.648922129344481,15.917289925208978,7.523097228332602,0.5939287285525738,0.397,0.00915,0.0,0.0,0.0,0.0,0.0,0.0,0.0,0.0,0.0,0.0,0.024937655860349132,18.753117206982516,11.22194513715711,0.0,0.0,0.0,0.0,0.0,0.0,0.0,0.0,0.0,0.0,0.0,0.0,0.0,0.0,0.0,0.0,0.0,0.3967,0.008896,0.0,0.0,0.0,0.0,0.0,0.0,0.0,0.0,0.0,0.0,0.03959524857017158,18.649362076550787,11.311042674879017,0.0,0.0,0.0,0.0,0.0,0.0,0.0,0.0,0.0,0.0,0.0,0.0,0.0,0.0,0.0,0.0,0.0
21500,4566,2373,0.5197109067017083,1097,915,0.4406482698204117,1283,0.5619798510731494,0.418,3.035111719106247,3.1301234442009687,6.55993690851735,2.132156680355394,8379.67503285151,506.3061209017533,7853.0,8866.4,8866.399999999998,1.8189894035458565e-12,7853.0,0.0,28.3850197109067,21.09804996951228,33.18198291483303,19.39302260905498,0.13293911519929916,0.10490582566798072,0.0900131406044678,0.08453788874288218,0.08169075777485764,0.07402540516863776,0.06811213315812527,0.06438896189224705,0.057599649583880856,0.04862023653088042,0.052124397722295226,0.04402102496714849,0.03175646079719667,0.02890932982917214,0.01686377573368375,0.00985545335085414,0.009636443276390714,0.9193743291884935,0.02265506505214796,0.0,0.0,0.0,0.0,0.0,0.0,0.0,0.0,0.0,0.0,0.0,0.0,0.0,0.0,0.0,0.0,0.0,0.0,0.0,0.0,0.0,0.0,0.0,0.0,0.019710906701708282,0.22339027595269387,5.51905387647832,16.09067017082786,7.555847568988175,0.5913272010512485,4.2661263086795005,2.8913858757685573,nan,nan,nan,4.301075268817204,2.906601482338145,4.23082145281738,2.875502341785125,0.9836659877800409,0.3972,0.009224,0.0,0.0,0.0,0.0,0.0,0.0,0.0,0.0,0.0,0.0,0.032851511169513806,18.70565045992113,11.261498028909333,0.0,0.0,0.0,0.0,0.0,0.0,0.0,0.0,0.0,0.0,0.0,0.0,0.0,0.0,0.0,0.0,0.0,nan,nan,4.2661263086795005,2.8913858757685573,nan,0.3972,0.04324,0.0,0.0,0.0,0.0,0.0,0.0,0.0,0.0,0.0,0.0,0.0,0.0,0.0,0.0,0.0,0.0,0.0,0.0,0.0,0.0,0.0,0.0,0.0,0.0,7.665352606219886e-05,0.0,0.0016425755584756898,0.002879982479194043,0.002628120893561104,0.004281646955759965,0.008190976784932106,0.005442400350416119,0.024726237406920717,0.04520367936925099,0.03081471747700394,0.05098554533508541,0.06109286027157249,0.08923565484012265,0.07117827420061323,0.0718791064388962,0.08291721419185283,0.06708278580814718,0.12109067017082786,0.09790845378887429,0.049978098992553656,0.017860271572492335,0.03718791064388962,0.015494962768287341,0.02932544897065265,0.0035151116951379763,0.0018068331143232589,0.0007446342531756461,0.004763469119579501,1.0950503723171266e-05,5.475251861585633e-05,0.0,0.0,0.0,0.0,0.0,0.0,0.0,0.0,0.0,0.0,0.0,0.0,0.0,0.0,0.0,0.0,0.0,0.0,0.0,0.0,0.0,0.0,0.0,0.0,0.0,0.0,0.0,0.0,0.0,0.0,0.0,0.0,0.0,0.0,0.0,0.0,0.0,0.0,0.0,0.0,0.0,0.0,0.0,0.0,0.0,0.0,nan,nan,4.2661263086795005,2.8913858757685573,nan,0.9194949710364086,0.02229428297100823,0.0,0.0,0.0,0.0,0.0,0.0,0.0,0.0,0.0,0.0,0.0,0.0,0.0,0.0,0.0,0.0,0.0,0.0,0.0,0.0,0.0,0.0,0.0,0.0,0.02528445006321113,0.22756005056890016,5.47408343868521,16.08091024020228,7.623261694058156,0.5689001264222504,0.9192437851369191,0.02303838481984718,0.0,0.0,0.0,0.0,0.0,0.0,0.0,0.0,0.0,0.0,0.0,0.0,0.0,0.0,0.0,0.0,0.0,0.0,0.0,0.0,0.0,0.0,0.0,0.0,0.013679890560875516,0.21887824897400826,5.567715458276335,16.101231190150482,7.482900136798907,0.6155950752393982,0.3975,0.00916,0.0,0.0,0.0,0.0,0.0,0.0,0.0,0.0,0.0,0.0,0.02528445006321113,18.520859671302123,11.453855878634643,0.0,0.0,0.0,0.0,0.0,0.0,0.0,0.0,0.0,0.0,0.0,0.0,0.0,0.0,0.0,0.0,0.0,0.397,0.00929,0.0,0.0,0.0,0.0,0.0,0.0,0.0,0.0,0.0,0.0,0.041039671682626545,18.905608755129933,11.053351573187417,0.0,0.0,0.0,0.0,0.0,0.0,0.0,0.0,0.0,0.0,0.0,0.0,0.0,0.0,0.0,0.0,0.0
21600,4477,2325,0.5193209738664284,1130,886,0.4503015412106321,1222,0.5459012731740005,0.43,2.9842007434944238,3.1514927442916423,6.682274247491639,2.2088421076575138,8379.27987491624,506.3215564226594,7853.0,8866.4,8866.4,0.0,7853.0,0.0,28.562430198793834,21.037814432267897,33.18830317335431,19.360337261607068,0.12821085548358277,0.09828009828009827,0.10096046459682824,0.08443153897699353,0.07773062318516864,0.07281661827116373,0.0687960687960688,0.0687960687960688,0.05673442037078401,0.05539423721241903,0.04712977440250168,0.036855036855036855,0.036408309135581865,0.027473754746482018,0.021889658253294617,0.011614920705829796,0.006477551932097387,0.9179523851633444,0.023227422854892384,0.0,0.0,0.0,0.0,0.0,0.0,0.0,0.0,0.0,0.0,0.0,0.0,0.0,0.0,0.0,0.0,0.0,0.0,0.0,0.0,0.0,0.0,0.0,0.0,0.006700915791824884,0.3752512843421935,6.184945275854369,15.700245700245704,7.149877149877152,0.5829796738887649,4.255734337555632,2.9700067749105727,nan,nan,nan,4.355908776779544,2.9484990828746884,4.159538357094365,2.987585593007909,0.9549186106164598,0.398,0.00911,0.0,0.0,0.0,0.0,0.0,0.0,0.0,0.0,0.0,0.0,0.0,17.76412776412774,12.23587223587224,0.0,0.0,0.0,0.0,0.0,0.0,0.0,0.0,0.0,0.0,0.0,0.0,0.0,0.0,0.0,0.0,0.0,nan,nan,4.255734337555632,2.9700067749105727,nan,0.398,0.0436,0.0,0.0,0.0,0.0,0.0,0.0,0.0,0.0,0.0,0.0,0.0,0.0,0.0,0.0,0.0,0.0,0.0,0.0,0.0,0.0,0.0,0.0,2.233638597274961e-05,0.0,6.700915791824883e-05,3.350457895912441e-05,0.0016975653339289703,0.0030600848782666966,0.0031941031941031942,0.004143399597945053,0.007516193879830243,0.005785123966942148,0.02508376144739781,0.04319857047129774,0.029718561536743356,0.04956444047353138,0.059548805003350455,0.08866428411882957,0.07040428858610677,0.07425731516640607,0.08233191869555506,0.06584766584766585,0.12224704042885862,0.09634800089345544,0.049854813491177125,0.017723922269376816,0.040741568014295286,0.016394907303998212,0.030947062765244584,0.0038418583873129327,0.0016417243689970963,0.0006142506142506142,0.005394237212419031,0.0,0.00011168192986374804,0.0,0.0,0.0,0.0,0.0,0.0,0.0,0.0,0.0,0.0,0.0,0.0,0.0,0.0,0.0,0.0,0.0,0.0,0.0,0.0,0.0,0.0,0.0,0.0,0.0,0.0,0.0,0.0,0.0,0.0,0.0,0.0,0.0,0.0,0.0,0.0,0.0,0.0,0.0,0.0,0.0,0.0,0.0,0.0,0.0,0.0,nan,nan,4.255734337555632,2.9700067749105727,nan,0.9174208530046607,0.02281511174349601,0.0,0.0,0.0,0.0,0.0,0.0,0.0,0.0,0.0,0.0,0.0,0.0,0.0,0.0,0.0,0.0,0.0,0.0,0.0,0.0,0.0,0.0,0.0,0.0,0.012903225806451616,0.34838709677419366,6.193548387096776,16.14193548387097,6.748387096774195,0.5548387096774194,0.9185266473701009,0.023651387340293626,0.0,0.0,0.0,0.0,0.0,0.0,0.0,0.0,0.0,0.0,0.0,0.0,0.0,0.0,0.0,0.0,0.0,0.0,0.0,0.0,0.0,0.0,0.0,0.0,0.0,0.4042750929368031,6.17565055762082,15.22304832713755,7.583643122676581,0.6133828996282529,0.3977,0.00912,0.0,0.0,0.0,0.0,0.0,0.0,0.0,0.0,0.0,0.0,0.0,17.703225806451588,12.29677419354839,0.0,0.0,0.0,0.0,0.0,0.0,0.0,0.0,0.0,0.0,0.0,0.0,0.0,0.0,0.0,0.0,0.0,0.3982,0.0091,0.0,0.0,0.0,0.0,0.0,0.0,0.0,0.0,0.0,0.0,0.0,17.829925650557595,12.170074349442382,0.0,0.0,0.0,0.0,0.0,0.0,0.0,0.0,0.0,0.0,0.0,0.0,0.0,0.0,0.0,0.0,0.0
21700,4721,2504,0.5303961025206524,1173,958,0.4513874179199322,1299,0.5503071383181529,0.41,2.9945872801082545,3.1186096626458824,6.593388429752066,2.1772579440450897,8390.50341029443,505.76282970798957,7853.0,8866.4,8866.4,0.0,7853.0,0.0,28.122643507731414,20.948014600380116,33.117840020186726,19.15065026781558,0.1417072654098708,0.09108239779707689,0.09341241262444397,0.0906587587375556,0.0785850455411989,0.07731412836263503,0.07032408388053378,0.06439313704723576,0.058462190213937726,0.04808303325566617,0.04575301842829909,0.04278754501165007,0.0347384028807456,0.02478288498199534,0.019911035797500528,0.010379156958271553,0.007625503071383181,0.9188784340432427,0.022678500215564848,0.0,0.0,0.0,0.0,0.0,0.0,0.0,0.0,0.0,0.0,0.0,0.0,0.0,0.0,0.0,0.0,0.0,0.0,0.0,0.0,0.0,0.0,0.0,0.0,0.0,0.3113747087481466,5.70006354585893,16.026265621690325,7.4666384240627,0.4956576996399069,4.247553816046967,2.921181762177402,nan,nan,nan,4.300193673337637,2.8879896374181695,4.195250659630607,2.9541578637357206,0.9755957471502491,0.398,0.00924,0.0,0.0,0.0,0.0,0.0,0.0,0.0,0.0,0.0,0.0,0.01270917178563864,17.494174962931556,12.493115865282782,0.0,0.0,0.0,0.0,0.0,0.0,0.0,0.0,0.0,0.0,0.0,0.0,0.0,0.0,0.0,0.0,0.0,nan,nan,4.247553816046967,2.921181762177402,nan,0.398,0.0439,0.0,0.0,0.0,0.0,0.0,0.0,0.0,0.0,0.0,0.0,0.0,0.0,0.0,0.0,0.0,0.0,0.0,0.0,0.0,0.0,0.0,0.0,8.472781190425757e-05,1.0590976488032197e-05,3.177292946409659e-05,6.354585892819318e-05,0.0014509637788604108,0.0032620207583139165,0.003653886888371108,0.00400338911247617,0.007773776742215632,0.006396949798771446,0.0248358398644355,0.04331709383605169,0.02901927557720822,0.05175810209701334,0.05935183223893243,0.0872378733319212,0.06969921626773988,0.07817199745816564,0.07657276000847278,0.06673374285109088,0.12234696038974793,0.09488455835628044,0.04899385723363694,0.018449481042152088,0.043115865282779074,0.01697733531031561,0.02984537174327473,0.0034950222410506247,0.0019169667443338276,0.0005719127303537386,0.005454352891336581,0.00014827367083245074,0.0003600932005930947,1.0590976488032197e-05,0.0,0.0,0.0,0.0,0.0,0.0,0.0,0.0,0.0,0.0,0.0,0.0,0.0,0.0,0.0,0.0,0.0,0.0,0.0,0.0,0.0,0.0,0.0,0.0,0.0,0.0,0.0,0.0,0.0,0.0,0.0,0.0,0.0,0.0,0.0,0.0,0.0,0.0,0.0,0.0,0.0,0.0,0.0,0.0,0.0,nan,nan,4.247553816046967,2.921181762177402,nan,0.9182251170277596,0.022665997359054686,0.0,0.0,0.0,0.0,0.0,0.0,0.0,0.0,0.0,0.0,0.0,0.0,0.0,0.0,0.0,0.0,0.0,0.0,0.0,0.0,0.0,0.0,0.0,0.0,0.0,0.29952076677316297,5.870607028753995,16.04233226837061,7.356230031948884,0.43130990415335474,0.9196163257016865,0.022669983209562424,0.0,0.0,0.0,0.0,0.0,0.0,0.0,0.0,0.0,0.0,0.0,0.0,0.0,0.0,0.0,0.0,0.0,0.0,0.0,0.0,0.0,0.0,0.0,0.0,0.0,0.3247631935047362,5.507442489851151,16.008119079837623,7.591339648173209,0.5683355886332884,0.398,0.0092,0.0,0.0,0.0,0.0,0.0,0.0,0.0,0.0,0.0,0.0,0.01198083067092652,17.408146964856204,12.579872204472846,0.0,0.0,0.0,0.0,0.0,0.0,0.0,0.0,0.0,0.0,0.0,0.0,0.0,0.0,0.0,0.0,0.0,0.398,0.009285,0.0,0.0,0.0,0.0,0.0,0.0,0.0,0.0,0.0,0.0,0.013531799729364009,17.591339648173182,12.395128552097432,0.0,0.0,0.0,0.0,0.0,0.0,0.0,0.0,0.0,0.0,0.0,0.0,0.0,0.0,0.0,0.0,0.0
21800,4750,2455,0.5168421052631579,1103,951,0.43242105263157893,1320,0.5557894736842105,0.43,3.1015250544662307,3.227830008395387,6.848998459167951,2.2174548664501352,8376.767789473684,506.4124609075904,7853.0,8866.4,8866.399999999998,1.8189894035458565e-12,7853.0,0.0,27.71242105263158,20.99780022141615,32.584272476834464,19.36382320110294,0.1383157894736842,0.10926315789473684,0.1,0.08378947368421052,0.07747368421052632,0.068,0.07263157894736842,0.05852631578947368,0.05536842105263158,0.05410526315789474,0.04989473684210526,0.03536842105263158,0.03621052631578947,0.02631578947368421,0.017052631578947368,0.01136842105263158,0.00631578947368421,0.918436963194295,0.023486191058913152,0.0,0.0,0.0,0.0,0.0,0.0,0.0,0.0,0.0,0.0,0.0,0.0,0.0,0.0,0.0,0.0,0.0,0.0,0.0,0.0,0.0,0.0,0.0,0.0,0.0,0.4547368421052633,5.987368421052633,15.86526315789474,7.073684210526317,0.6189473684210527,4.525824725091636,2.9738529879720756,nan,nan,nan,4.446524064171123,2.9034970991032747,4.604651162790698,3.040126706777658,1.035561957236152,0.398,0.009315,0.0,0.0,0.0,0.0,0.0,0.0,0.0,0.0,0.0,0.0,0.012631578947368424,17.797894736842082,12.183157894736846,0.006315789473684212,0.0,0.0,0.0,0.0,0.0,0.0,0.0,0.0,0.0,0.0,0.0,0.0,0.0,0.0,0.0,0.0,nan,nan,4.525824725091636,2.9738529879720756,nan,0.398,0.04373,0.0,0.0,0.0,0.0,0.0,0.0,0.0,0.0,0.0,0.0,0.0,0.0,0.0,0.0,0.0,0.0,0.0,0.0,0.0,0.0,0.0,0.0,0.0001368421052631579,0.0,1.0526315789473684e-05,0.0,0.0012210526315789474,0.002957894736842105,0.0037368421052631578,0.003631578947368421,0.007294736842105264,0.00728421052631579,0.025157894736842105,0.04296842105263158,0.028705263157894737,0.04876842105263158,0.06074736842105263,0.0892421052631579,0.07030526315789473,0.08186315789473685,0.07730526315789474,0.06510526315789474,0.1207578947368421,0.09312631578947368,0.04872631578947369,0.0188,0.043042105263157895,0.015810526315789473,0.031094736842105262,0.004263157894736842,0.0016842105263157896,0.0004526315789473684,0.0054631578947368425,0.00010526315789473685,0.00022105263157894738,1.0526315789473684e-05,0.0,0.0,0.0,0.0,0.0,0.0,0.0,0.0,0.0,0.0,0.0,0.0,0.0,0.0,0.0,0.0,0.0,0.0,0.0,0.0,0.0,0.0,0.0,0.0,0.0,0.0,0.0,0.0,0.0,0.0,0.0,0.0,0.0,0.0,0.0,0.0,0.0,0.0,0.0,0.0,0.0,0.0,0.0,0.0,0.0,nan,nan,4.525824725091636,2.9738529879720756,nan,0.9186152040594221,0.023234755093090753,0.0,0.0,0.0,0.0,0.0,0.0,0.0,0.0,0.0,0.0,0.0,0.0,0.0,0.0,0.0,0.0,0.0,0.0,0.0,0.0,0.0,0.0,0.0,0.0,0.0,0.3665987780040734,6.134419551934829,15.73930753564155,7.185336048879838,0.574338085539715,0.9182462959507711,0.023750729329631282,0.0,0.0,0.0,0.0,0.0,0.0,0.0,0.0,0.0,0.0,0.0,0.0,0.0,0.0,0.0,0.0,0.0,0.0,0.0,0.0,0.0,0.0,0.0,0.0,0.0,0.5490196078431373,5.830065359477126,16.000000000000004,6.954248366013074,0.6666666666666667,0.3977,0.009384,0.0,0.0,0.0,0.0,0.0,0.0,0.0,0.0,0.0,0.0,0.012219959266802447,17.963340122199565,12.024439918533607,0.0,0.0,0.0,0.0,0.0,0.0,0.0,0.0,0.0,0.0,0.0,0.0,0.0,0.0,0.0,0.0,0.0,0.398,0.009254,0.0,0.0,0.0,0.0,0.0,0.0,0.0,0.0,0.0,0.0,0.013071895424836605,17.62091503267971,12.35294117647059,0.013071895424836605,0.0,0.0,0.0,0.0,0.0,0.0,0.0,0.0,0.0,0.0,0.0,0.0,0.0,0.0,0.0,0.0
21900,4839,2490,0.5145691258524488,1170,977,0.4436867121306055,1383,0.5716057036577805,0.37399999999999994,2.9067688378033205,3.0016727545568105,6.2727272727272725,2.1352148748974824,8374.464352138872,506.4848506183765,7853.0,8866.4,8866.4,0.0,7853.0,0.0,28.68030584831577,20.966778321180573,33.40608272506083,19.20376868890332,0.1314321140731556,0.09402769167183303,0.09402769167183303,0.0882413721843356,0.07584211613969828,0.07646207894193015,0.06984914238479024,0.06034304608390163,0.06013639181649101,0.05992973754908039,0.046910518702211204,0.04339739615623062,0.03802438520355445,0.025625129158917133,0.017152304195081628,0.010539367637941723,0.008059516429014259,0.9179551512353995,0.022884813655327987,0.0,0.0,0.0,0.0,0.0,0.0,0.0,0.0,0.0,0.0,0.0,0.0,0.0,0.0,0.0,0.0,0.0,0.0,0.0,0.0,0.0,0.0,0.0,0.0,0.0,0.41537507749535035,5.877247365158092,16.156230626162433,7.086174829510231,0.4649721016738997,4.122313527180784,2.8021384659953807,nan,nan,nan,4.144662034112445,2.822376116884492,4.099367088607595,2.7823357102417496,0.9890714984401499,0.3982,0.00932,0.0,0.0,0.0,0.0,0.0,0.0,0.0,0.0,0.0,0.0,0.018598884066955985,17.61934283942961,12.362058276503413,0.0,0.0,0.0,0.0,0.0,0.0,0.0,0.0,0.0,0.0,0.0,0.0,0.0,0.0,0.0,0.0,0.0,nan,nan,4.122313527180784,2.8021384659953807,nan,0.3982,0.04395,0.0,0.0,0.0,0.0,0.0,0.0,0.0,0.0,0.0,0.0,0.0,0.0,0.0,0.0,0.0,0.0,0.0,0.0,0.0,0.0,0.0,0.0,0.00016532341392849761,0.0,0.0,0.0,0.0010952676172762967,0.0028001653234139283,0.003854102087208101,0.0023971895019632154,0.007945856581938417,0.0074705517668939864,0.02540814217813598,0.043604050423641245,0.027970655094027692,0.04838809671419715,0.06061169663153544,0.09032858028518288,0.07082041744162017,0.07905558999793345,0.07895226286422814,0.06422814631122133,0.11876420748088448,0.09005992973754907,0.04987600743955363,0.0191361851622236,0.0448853068815871,0.016170696424881174,0.03331266790659227,0.004195081628435627,0.002035544533994627,0.0006406282289729283,0.005620996073568919,4.1330853482124403e-05,0.00016532341392849761,0.0,0.0,0.0,0.0,0.0,0.0,0.0,0.0,0.0,0.0,0.0,0.0,0.0,0.0,0.0,0.0,0.0,0.0,0.0,0.0,0.0,0.0,0.0,0.0,0.0,0.0,0.0,0.0,0.0,0.0,0.0,0.0,0.0,0.0,0.0,0.0,0.0,0.0,0.0,0.0,0.0,0.0,0.0,0.0,0.0,0.0,nan,nan,4.122313527180784,2.8021384659953807,nan,0.9179497367646321,0.022739075001984906,0.0,0.0,0.0,0.0,0.0,0.0,0.0,0.0,0.0,0.0,0.0,0.0,0.0,0.0,0.0,0.0,0.0,0.0,0.0,0.0,0.0,0.0,0.0,0.0,0.0,0.39759036144578325,5.710843373493978,16.457831325301207,6.927710843373496,0.5060240963855422,0.9179608907127137,0.023038292380256842,0.0,0.0,0.0,0.0,0.0,0.0,0.0,0.0,0.0,0.0,0.0,0.0,0.0,0.0,0.0,0.0,0.0,0.0,0.0,0.0,0.0,0.0,0.0,0.0,0.0,0.434227330779055,6.053639846743296,15.83652618135377,7.254150702426566,0.4214559386973181,0.3982,0.00926,0.0,0.0,0.0,0.0,0.0,0.0,0.0,0.0,0.0,0.0,0.01204819277108434,17.831325301204792,12.1566265060241,0.0,0.0,0.0,0.0,0.0,0.0,0.0,0.0,0.0,0.0,0.0,0.0,0.0,0.0,0.0,0.0,0.0,0.3982,0.00939,0.0,0.0,0.0,0.0,0.0,0.0,0.0,0.0,0.0,0.0,0.025542784163473824,17.394636015325645,12.579821200510859,0.0,0.0,0.0,0.0,0.0,0.0,0.0,0.0,0.0,0.0,0.0,0.0,0.0,0.0,0.0,0.0,0.0
22000,4509,2301,0.5103127079174984,1089,932,0.44821468174761586,1272,0.5642049234863606,0.414,2.9719202898550723,3.0841356470328063,6.582664526484751,2.1137373718569314,8370.150898203594,506.59221147461193,7853.0,8866.4,8866.4,0.0,7853.0,0.0,27.67309824794855,20.71435565573566,32.61841757078592,18.981166123518154,0.1377245508982036,0.10357063650476823,0.0962519405633178,0.08560656464848082,0.07850964737192283,0.07917498336660013,0.06897316478154801,0.06409403415391439,0.05588822355289421,0.05389221556886228,0.04856952761144378,0.043912175648702596,0.023952095808383235,0.023952095808383235,0.018407629186072298,0.010423597249944556,0.007096917276557995,0.9168452301795268,0.023278352865655015,0.0,0.0,0.0,0.0,0.0,0.0,0.0,0.0,0.0,0.0,0.0,0.0,0.0,0.0,0.0,0.0,0.0,0.0,0.0,0.0,0.0,0.0,0.0,0.0,0.0,0.41916167664670667,6.959414504324686,15.628742514970064,6.440452428476382,0.552228875582169,4.2815734989648035,2.8866459163281903,nan,nan,nan,4.261474269819193,2.8455471979455433,4.302947224126114,2.926808483753792,1.0097320672802466,0.3984,0.0093,0.0,0.0,0.0,0.0,0.0,0.0,0.0,0.0,0.0,0.0,0.006653359946773122,16.98602794411175,13.007318695941454,0.0,0.0,0.0,0.0,0.0,0.0,0.0,0.0,0.0,0.0,0.0,0.0,0.0,0.0,0.0,0.0,0.0,nan,nan,4.2815734989648035,2.8866459163281903,nan,0.3984,0.04376,0.0,0.0,0.0,0.0,0.0,0.0,0.0,0.0,0.0,0.0,0.0,0.0,0.0,0.0,0.0,0.0,0.0,0.0,0.0,0.0,0.0,0.0,6.65335994677312e-05,0.0,0.0,0.0,0.0009092925260589932,0.003703703703703704,0.003603903304502107,0.0018740297183410955,0.00843867819915724,0.008006209802616989,0.023430915945886005,0.042426258593923266,0.0267243291195387,0.04464404524284764,0.060301618984253715,0.09174983366600133,0.07571523619427811,0.07825460190729652,0.0812375249500998,0.06522510534486582,0.11806387225548902,0.0903637170104236,0.04904635174096252,0.01828565092038146,0.045209580838323354,0.016833000665335995,0.03222444000887115,0.004734974495453537,0.0020514526502550456,0.0005988023952095808,0.006220891550232867,1.1088933244621867e-05,4.435573297848747e-05,0.0,0.0,0.0,0.0,0.0,0.0,0.0,0.0,0.0,0.0,0.0,0.0,0.0,0.0,0.0,0.0,0.0,0.0,0.0,0.0,0.0,0.0,0.0,0.0,0.0,0.0,0.0,0.0,0.0,0.0,0.0,0.0,0.0,0.0,0.0,0.0,0.0,0.0,0.0,0.0,0.0,0.0,0.0,0.0,0.0,0.0,nan,nan,4.2815734989648035,2.8866459163281903,nan,0.9164435255791715,0.02309058444168884,0.0,0.0,0.0,0.0,0.0,0.0,0.0,0.0,0.0,0.0,0.0,0.0,0.0,0.0,0.0,0.0,0.0,0.0,0.0,0.0,0.0,0.0,0.0,0.0,0.0,0.3911342894393743,7.275097783572361,15.462842242503262,6.323337679269884,0.547588005215124,0.9172638544029947,0.02346511547052742,0.0,0.0,0.0,0.0,0.0,0.0,0.0,0.0,0.0,0.0,0.0,0.0,0.0,0.0,0.0,0.0,0.0,0.0,0.0,0.0,0.0,0.0,0.0,0.0,0.0,0.4483695652173914,6.630434782608697,15.801630434782613,6.562500000000002,0.5570652173913044,0.3984,0.009224,0.0,0.0,0.0,0.0,0.0,0.0,0.0,0.0,0.0,0.0,0.0,16.89700130378094,13.10299869621904,0.0,0.0,0.0,0.0,0.0,0.0,0.0,0.0,0.0,0.0,0.0,0.0,0.0,0.0,0.0,0.0,0.0,0.3984,0.00937,0.0,0.0,0.0,0.0,0.0,0.0,0.0,0.0,0.0,0.0,0.013586956521739134,17.078804347826065,12.907608695652177,0.0,0.0,0.0,0.0,0.0,0.0,0.0,0.0,0.0,0.0,0.0,0.0,0.0,0.0,0.0,0.0,0.0
22100,4485,2301,0.5130434782608696,1098,907,0.44704570791527315,1268,0.5654403567447046,0.418,2.9812271062271063,3.029633126714965,6.464342313787639,2.065085080560316,8372.918260869566,506.5275585588448,7853.0,8866.4,8866.4,0.0,7853.0,0.0,27.846822742474917,20.630916865416093,32.57953046689528,18.92661536237367,0.13534002229654404,0.10144927536231885,0.09253065774804906,0.0882943143812709,0.08272017837235228,0.0778149386845039,0.073355629877369,0.060423634336677814,0.05618729096989967,0.05239687848383501,0.049498327759197325,0.04013377926421405,0.03032329988851728,0.028093645484949834,0.0169453734671126,0.009810479375696768,0.0046822742474916385,0.9166520939888629,0.022885074857962685,0.0,0.0,0.0,0.0,0.0,0.0,0.0,0.0,0.0,0.0,0.0,0.0,0.0,0.0,0.0,0.0,0.0,0.0,0.0,0.0,0.0,0.0,0.0,0.0,0.0,0.3745819397993312,6.642140468227426,15.785953177257529,6.769230769230771,0.42809364548494994,4.288773747841105,2.8343187444270104,nan,nan,nan,4.2986741102582,2.7432805022514817,4.277891854893908,2.9214184513533232,0.995165426633599,0.399,0.00917,0.0,0.0,0.0,0.0,0.0,0.0,0.0,0.0,0.0,0.0,0.020066889632107027,16.481605351170547,13.498327759197327,0.0,0.0,0.0,0.0,0.0,0.0,0.0,0.0,0.0,0.0,0.0,0.0,0.0,0.0,0.0,0.0,0.0,nan,nan,4.288773747841105,2.8343187444270104,nan,0.399,0.04398,0.0,0.0,0.0,0.0,0.0,0.0,0.0,0.0,0.0,0.0,0.0,0.0,0.0,0.0,0.0,0.0,0.0,0.0,0.0,0.0,0.0,0.0,2.229654403567447e-05,0.0,0.0,0.0,0.0008361204013377926,0.0041025641025641026,0.0036566332218506132,0.0012709030100334449,0.008773690078037905,0.007435897435897436,0.023968784838350056,0.04230769230769231,0.028283166109253067,0.04331103678929766,0.058037904124860644,0.09136008918617615,0.07798216276477146,0.07795986622073578,0.07931995540691193,0.0641025641025641,0.11595317725752509,0.09348940914158306,0.04998885172798216,0.01745819397993311,0.04537346711259755,0.01830546265328874,0.03241917502787068,0.004860646599777034,0.0022965440356744705,0.0006354515050167224,0.006376811594202898,1.1148272017837235e-05,0.00010033444816053512,0.0,0.0,0.0,0.0,0.0,0.0,0.0,0.0,0.0,0.0,0.0,0.0,0.0,0.0,0.0,0.0,0.0,0.0,0.0,0.0,0.0,0.0,0.0,0.0,0.0,0.0,0.0,0.0,0.0,0.0,0.0,0.0,0.0,0.0,0.0,0.0,0.0,0.0,0.0,0.0,0.0,0.0,0.0,0.0,0.0,0.0,nan,nan,4.288773747841105,2.8343187444270104,nan,0.916433763188002,0.02312102672020881,0.0,0.0,0.0,0.0,0.0,0.0,0.0,0.0,0.0,0.0,0.0,0.0,0.0,0.0,0.0,0.0,0.0,0.0,0.0,0.0,0.0,0.0,0.0,0.0,0.0,0.45632333767926997,6.649282920469362,15.736636245110825,6.753585397653196,0.4041720990873534,0.9168821210826273,0.022631543507237777,0.0,0.0,0.0,0.0,0.0,0.0,0.0,0.0,0.0,0.0,0.0,0.0,0.0,0.0,0.0,0.0,0.0,0.0,0.0,0.0,0.0,0.0,0.0,0.0,0.0,0.2884615384615385,6.634615384615386,15.837912087912091,6.785714285714287,0.4532967032967034,0.399,0.00916,0.0,0.0,0.0,0.0,0.0,0.0,0.0,0.0,0.0,0.0,0.03911342894393743,16.310299869621883,13.650586701434163,0.0,0.0,0.0,0.0,0.0,0.0,0.0,0.0,0.0,0.0,0.0,0.0,0.0,0.0,0.0,0.0,0.0,0.3987,0.00918,0.0,0.0,0.0,0.0,0.0,0.0,0.0,0.0,0.0,0.0,0.0,16.662087912087888,13.337912087912091,0.0,0.0,0.0,0.0,0.0,0.0,0.0,0.0,0.0,0.0,0.0,0.0,0.0,0.0,0.0,0.0,0.0
22200,4317,2225,0.5154042158906648,1071,872,0.45008107482047716,1211,0.561037757702108,0.43,3.051147227533461,3.1199358390665557,6.578333333333333,2.137100190029055,8375.3106323836,506.459473360489,7853.0,8866.4,8866.4,0.0,7853.0,0.0,27.900625434329395,20.832079378401282,33.06892718176765,18.964969506637587,0.14431318044938615,0.09589993050729674,0.09219365299976835,0.0838545286078295,0.08130646282140375,0.07458883483900858,0.06949270326615706,0.0650914987259671,0.06370164466064397,0.05489923558026407,0.04215890664813528,0.03961084086170952,0.03335649756775538,0.023859161454713923,0.018299745193421358,0.011350474866805653,0.006022700949733611,0.9166705464913609,0.02283312252292314,0.0,0.0,0.0,0.0,0.0,0.0,0.0,0.0,0.0,0.0,0.0,0.0,0.0,0.0,0.0,0.0,0.0,0.0,0.0,0.0,0.0,0.0,0.0,0.0,0.0,0.45170257123002094,6.414176511466298,16.1501042390549,6.525364836692149,0.4586518415566367,4.3004307250538405,2.8584417038942864,nan,nan,nan,4.317460317460317,2.8274470891735692,4.285203716940672,2.8890866746076975,0.9925288020855234,0.3997,0.00937,0.0,0.0,0.0,0.0,0.0,0.0,0.0,0.0,0.0,0.0,0.006949270326615707,15.621959694232082,14.371091035441282,0.0,0.0,0.0,0.0,0.0,0.0,0.0,0.0,0.0,0.0,0.0,0.0,0.0,0.0,0.0,0.0,0.0,nan,nan,4.3004307250538405,2.8584417038942864,nan,0.3997,0.04413,0.0,0.0,0.0,0.0,0.0,0.0,0.0,0.0,0.0,0.0,0.0,0.0,0.0,0.0,0.0,0.0,0.0,0.0,0.0,0.0,0.0,0.0,1.1582117211026175e-05,0.0,0.0,0.0,0.0004169562195969423,0.0034630530460968267,0.004204308547602502,0.001123465369469539,0.00890664813527913,0.007366226546212648,0.024113968033356498,0.04199675700718091,0.029001621496409544,0.04345610377577021,0.05859393097058142,0.08804725503822099,0.07768126013435256,0.07245772527217975,0.07791290247857309,0.06443131804493861,0.11652768126013435,0.09413944869122076,0.05233958767662729,0.018728283530229328,0.046618021774380354,0.018068102849200834,0.03647208709752143,0.005246699096594858,0.002177438035672921,0.0006833449154505444,0.005698401667824878,0.0,0.00011582117211026175,0.0,0.0,0.0,0.0,0.0,0.0,0.0,0.0,0.0,0.0,0.0,0.0,0.0,0.0,0.0,0.0,0.0,0.0,0.0,0.0,0.0,0.0,0.0,0.0,0.0,0.0,0.0,0.0,0.0,0.0,0.0,0.0,0.0,0.0,0.0,0.0,0.0,0.0,0.0,0.0,0.0,0.0,0.0,0.0,0.0,0.0,nan,nan,4.3004307250538405,2.8584417038942864,nan,0.916311701683516,0.023010135363037004,0.0,0.0,0.0,0.0,0.0,0.0,0.0,0.0,0.0,0.0,0.0,0.0,0.0,0.0,0.0,0.0,0.0,0.0,0.0,0.0,0.0,0.0,0.0,0.0,0.0,0.5123595505617978,6.364044943820226,16.355056179775286,6.269662921348316,0.49887640449438214,0.9170522050465498,0.022637095968105963,0.0,0.0,0.0,0.0,0.0,0.0,0.0,0.0,0.0,0.0,0.0,0.0,0.0,0.0,0.0,0.0,0.0,0.0,0.0,0.0,0.0,0.0,0.0,0.0,0.0,0.38718929254302115,6.467495219885279,15.932122370936906,6.79732313575526,0.4158699808795412,0.3994,0.00939,0.0,0.0,0.0,0.0,0.0,0.0,0.0,0.0,0.0,0.0,0.013483146067415734,15.640449438202225,14.34606741573034,0.0,0.0,0.0,0.0,0.0,0.0,0.0,0.0,0.0,0.0,0.0,0.0,0.0,0.0,0.0,0.0,0.0,0.3997,0.00934,0.0,0.0,0.0,0.0,0.0,0.0,0.0,0.0,0.0,0.0,0.0,15.602294455066898,14.397705544933082,0.0,0.0,0.0,0.0,0.0,0.0,0.0,0.0,0.0,0.0,0.0,0.0,0.0,0.0,0.0,0.0,0.0
22300,4567,2343,0.5130282461134223,1104,950,0.44974819356251367,1292,0.5657981169257719,0.414,3.029226618705036,3.137518112374572,6.631661442006269,2.1314338113755813,8372.902824611343,506.527961145564,7853.0,8866.4,8866.4,0.0,7853.0,0.0,28.03897525728049,20.846898619363664,32.72539395505037,19.18449153663041,0.13225312021020363,0.09853295379899278,0.10378804466827239,0.08539522662579374,0.08189183271294066,0.07291438581125466,0.06831618130063499,0.06349901467046201,0.05736807532296913,0.051675060214582874,0.048828552660389754,0.04247865119334355,0.031092620976571055,0.026494416465951392,0.01664112108605211,0.012699802934092402,0.006130939347492884,0.9166777495980811,0.022712388806031034,0.0,0.0,0.0,0.0,0.0,0.0,0.0,0.0,0.0,0.0,0.0,0.0,0.0,0.0,0.0,0.0,0.0,0.0,0.0,0.0,0.0,0.0,0.0,0.0,0.00656886358659952,0.3547186336763741,6.641121086052115,15.962338515436832,6.634552222465515,0.4007006787825707,4.342934598441206,2.917883847796194,nan,nan,nan,4.39142091152815,2.9610304284435522,4.292181069958848,2.8728819196306987,0.977401428018712,0.3992,0.00965,0.0,0.0,0.0,0.0,0.0,0.0,0.0,0.0,0.0,0.0,0.00656886358659952,16.014889424129603,13.978541712283779,0.0,0.0,0.0,0.0,0.0,0.0,0.0,0.0,0.0,0.0,0.0,0.0,0.0,0.0,0.0,0.0,0.0,nan,nan,4.342934598441206,2.917883847796194,nan,0.3992,0.04465,0.0,0.0,0.0,0.0,0.0,0.0,0.0,0.0,0.0,0.0,0.0,0.0,0.0,0.0,0.0,0.0,0.0,0.0,0.0,0.0,0.0,0.0,0.00010948105977665864,5.474052988832932e-05,0.0,7.663674184366105e-05,0.0007006787825706152,0.004193124589446026,0.004324501861178017,0.0011386030216772498,0.009524852200569301,0.007849791985986425,0.025563827457849794,0.04288373111451719,0.028552660389752575,0.04112108605211298,0.06203196846945479,0.08839500766367418,0.07497262973505583,0.07192905627326472,0.07466608276768119,0.06612656010510182,0.11451718852638494,0.09356251368513248,0.054904751477994305,0.018338077512590322,0.04469016860083205,0.019629954017954893,0.03654477775344865,0.004839062842128311,0.002572804904751478,0.0007554193124589446,0.005298883293190278,0.0,0.0001204291657543245,0.0,0.0,1.0948105977665863e-05,0.0,0.0,0.0,0.0,0.0,0.0,0.0,0.0,0.0,0.0,0.0,0.0,0.0,0.0,0.0,0.0,0.0,0.0,0.0,0.0,0.0,0.0,0.0,0.0,0.0,0.0,0.0,0.0,0.0,0.0,0.0,0.0,0.0,0.0,0.0,0.0,0.0,0.0,0.0,0.0,0.0,0.0,0.0,nan,nan,4.342934598441206,2.917883847796194,nan,0.9167446215794832,0.022353705849869804,0.0,0.0,0.0,0.0,0.0,0.0,0.0,0.0,0.0,0.0,0.0,0.0,0.0,0.0,0.0,0.0,0.0,0.0,0.0,0.0,0.0,0.0,0.0,0.0,0.0,0.2816901408450705,6.555697823303459,16.27400768245839,6.4532650448143425,0.4353393085787453,0.9166072994845805,0.02308402661596947,0.0,0.0,0.0,0.0,0.0,0.0,0.0,0.0,0.0,0.0,0.0,0.0,0.0,0.0,0.0,0.0,0.0,0.0,0.0,0.0,0.0,0.0,0.0,0.0,0.013489208633093528,0.4316546762589929,6.731115107913671,15.6339928057554,6.8255395683453255,0.3642086330935253,0.399,0.00961,0.0,0.0,0.0,0.0,0.0,0.0,0.0,0.0,0.0,0.0,0.0,16.145966709346965,13.854033290653012,0.0,0.0,0.0,0.0,0.0,0.0,0.0,0.0,0.0,0.0,0.0,0.0,0.0,0.0,0.0,0.0,0.0,0.3994,0.00969,0.0,0.0,0.0,0.0,0.0,0.0,0.0,0.0,0.0,0.0,0.013489208633093528,15.876798561151055,14.10971223021583,0.0,0.0,0.0,0.0,0.0,0.0,0.0,0.0,0.0,0.0,0.0,0.0,0.0,0.0,0.0,0.0,0.0
22400,4802,2501,0.5208246563931695,1197,964,0.45002082465639315,1330,0.5539358600583091,0.40599999999999997,2.9521946979574096,3.1135780513668894,6.595348837209302,2.1707663229146057,8380.80370678884,506.2603318054562,7853.0,8866.4,8866.4,0.0,7853.0,0.0,28.261141191170346,20.717856980505886,32.893872549019605,19.022800089331177,0.12932111620158268,0.1022490628904623,0.09162848812994585,0.09037900874635568,0.0807996668054977,0.07330279050395669,0.07205331112036652,0.06330695543523532,0.05789254477301124,0.053727613494377345,0.05268638067471887,0.03894210745522699,0.031445231153685964,0.02790503956684715,0.020616409829237816,0.00812161599333611,0.005622657226155768,0.9159157953129268,0.02251836921211149,0.0,0.0,0.0,0.0,0.0,0.0,0.0,0.0,0.0,0.0,0.0,0.0,0.0,0.0,0.0,0.0,0.0,0.0,0.0,0.0,0.0,0.0,0.0,0.0,0.0,0.4060807996668056,6.872136609745941,16.087047063723453,6.297376093294462,0.3373594335693462,4.219878555449025,2.921729763526081,nan,nan,nan,4.211734693877551,2.9411428868100016,4.228058936579116,2.902075845724156,1.0038758952992208,0.399,0.00969,0.0,0.0,0.0,0.0,0.0,0.0,0.0,0.0,0.0,0.0,0.04373177842565599,16.249479383590145,13.706788837984176,0.0,0.0,0.0,0.0,0.0,0.0,0.0,0.0,0.0,0.0,0.0,0.0,0.0,0.0,0.0,0.0,0.0,nan,nan,4.219878555449025,2.921729763526081,nan,0.399,0.04492,0.0,0.0,0.0,0.0,0.0,0.0,0.0,0.0,0.0,0.0,0.0,0.0,0.0,0.0,0.0,0.0,0.0,0.0,0.0,0.0,0.0,0.0,8.329862557267805e-05,2.0824656393169513e-05,0.0,1.0412328196584756e-05,0.000385256143273636,0.0058309037900874635,0.004362765514369013,0.0011453561016243233,0.00941274468971262,0.008350687213660975,0.02552061640982924,0.04337775926697209,0.026499375260308204,0.04120158267388588,0.06247396917950854,0.0896813827571845,0.0739067055393586,0.0729487713452728,0.0741774260724698,0.06736776343190337,0.11353602665556019,0.09333610995418576,0.05360266555601832,0.018263223656809664,0.04362765514369013,0.0191274468971262,0.0374323198667222,0.005289462723865056,0.0021032902957101207,0.000812161599333611,0.005862140774677217,5.2061640982923784e-05,9.371095376926281e-05,0.0,0.0,8.329862557267805e-05,0.0,2.0824656393169513e-05,0.0,0.0,0.0,0.0,0.0,0.0,0.0,0.0,0.0,0.0,0.0,0.0,0.0,0.0,0.0,0.0,0.0,0.0,0.0,0.0,0.0,0.0,0.0,0.0,0.0,0.0,0.0,0.0,0.0,0.0,0.0,0.0,0.0,0.0,0.0,0.0,0.0,0.0,0.0,0.0,0.0,nan,nan,4.219878555449025,2.921729763526081,nan,0.9162809036579765,0.021973971119575567,0.0,0.0,0.0,0.0,0.0,0.0,0.0,0.0,0.0,0.0,0.0,0.0,0.0,0.0,0.0,0.0,0.0,0.0,0.0,0.0,0.0,0.0,0.0,0.0,0.0,0.347860855657737,6.513394642143144,16.445421831267495,6.4294282287085185,0.2638944422231108,0.9155189522138527,0.023088989323521113,0.0,0.0,0.0,0.0,0.0,0.0,0.0,0.0,0.0,0.0,0.0,0.0,0.0,0.0,0.0,0.0,0.0,0.0,0.0,0.0,0.0,0.0,0.0,0.0,0.0,0.4693611473272491,7.262059973924382,15.697522816166886,6.153846153846155,0.41720990873533254,0.399,0.00976,0.0,0.0,0.0,0.0,0.0,0.0,0.0,0.0,0.0,0.0,0.02399040383846462,16.24150339864052,13.734506197520995,0.0,0.0,0.0,0.0,0.0,0.0,0.0,0.0,0.0,0.0,0.0,0.0,0.0,0.0,0.0,0.0,0.0,0.399,0.009605,0.0,0.0,0.0,0.0,0.0,0.0,0.0,0.0,0.0,0.0,0.06518904823989571,16.258148631029965,13.67666232073012,0.0,0.0,0.0,0.0,0.0,0.0,0.0,0.0,0.0,0.0,0.0,0.0,0.0,0.0,0.0,0.0,0.0
22500,4878,2536,0.5198851988519885,1206,978,0.44772447724477243,1373,0.5629356293562936,0.414,3.0405636208368914,3.162490077619542,6.642647058823529,2.2505434753090316,8379.851660516604,506.2991216449258,7853.0,8866.4,8866.399999999998,1.8189894035458565e-12,7853.0,0.0,27.90180401804018,20.689825357752174,32.84102564102564,18.903143058953955,0.13899138991389914,0.09553095530955309,0.0965559655596556,0.08528085280852808,0.08261582615826159,0.07872078720787208,0.06765067650676507,0.062320623206232065,0.06211562115621156,0.05063550635506355,0.04551045510455105,0.03895038950389504,0.03833538335383354,0.026035260352603527,0.015170151701517014,0.00943009430094301,0.006150061500615006,0.9163334740141759,0.022986042299966314,0.0,0.0,0.0,0.0,0.0,0.0,0.0,0.0,0.0,0.0,0.0,0.0,0.0,0.0,0.0,0.0,0.0,0.0,0.0,0.0,0.0,0.0,0.0,0.0,0.0,0.44280442804428055,6.924969249692499,15.750307503075033,6.469864698646988,0.4120541205412055,4.3251825976500475,2.920727440851489,nan,nan,nan,4.257450856055802,2.8904621928499745,4.393129770992366,2.9492145201660853,1.0318685804073522,0.3992,0.00947,0.0,0.0,0.0,0.0,0.0,0.0,0.0,0.0,0.0,0.0,0.030750307503075038,15.916359163591611,14.046740467404677,0.006150061500615008,0.0,0.0,0.0,0.0,0.0,0.0,0.0,0.0,0.0,0.0,0.0,0.0,0.0,0.0,0.0,0.0,nan,nan,4.3251825976500475,2.920727440851489,nan,0.3992,0.04477,0.0,0.0,0.0,0.0,0.0,0.0,0.0,0.0,0.0,0.0,0.0,0.0,0.0,0.0,0.0,0.0,0.0,0.0,0.0,0.0,0.0,0.0,8.200082000820008e-05,0.0,0.0,0.0,0.0005535055350553505,0.005453054530545305,0.004315293152931529,0.0013837638376383763,0.008927839278392784,0.007687576875768758,0.026271012710127103,0.04100041000410004,0.027511275112751126,0.042097170971709716,0.06179786797867979,0.08559860598605987,0.07532800328003281,0.07209922099220992,0.07445674456744568,0.07199671996719967,0.11296637966379663,0.0965559655596556,0.052870028700287,0.018439934399343993,0.04081590815908159,0.018337433374333745,0.038222632226322266,0.005412054120541206,0.002808528085280853,0.0009225092250922509,0.005637556375563756,0.00025625256252562525,7.175071750717508e-05,2.050020500205002e-05,0.0,0.0,0.0,0.0001025010250102501,0.0,0.0,0.0,0.0,0.0,0.0,0.0,0.0,0.0,0.0,0.0,0.0,0.0,0.0,0.0,0.0,0.0,0.0,0.0,0.0,0.0,0.0,0.0,0.0,0.0,0.0,0.0,0.0,0.0,0.0,0.0,0.0,0.0,0.0,0.0,0.0,0.0,0.0,0.0,0.0,0.0,nan,nan,4.3251825976500475,2.920727440851489,nan,0.9159968449772344,0.0230915342605284,0.0,0.0,0.0,0.0,0.0,0.0,0.0,0.0,0.0,0.0,0.0,0.0,0.0,0.0,0.0,0.0,0.0,0.0,0.0,0.0,0.0,0.0,0.0,0.0,0.0,0.5086750788643534,7.121451104100948,15.638801261829656,6.364353312302841,0.3667192429022083,0.9166979877791988,0.022865675238509287,0.0,0.0,0.0,0.0,0.0,0.0,0.0,0.0,0.0,0.0,0.0,0.0,0.0,0.0,0.0,0.0,0.0,0.0,0.0,0.0,0.0,0.0,0.0,0.0,0.0,0.3714773697694279,6.712211784799319,15.871050384286937,6.58411614005124,0.46114432109308295,0.3992,0.0093,0.0,0.0,0.0,0.0,0.0,0.0,0.0,0.0,0.0,0.0,0.011829652996845429,16.02917981072553,13.958990536277605,0.0,0.0,0.0,0.0,0.0,0.0,0.0,0.0,0.0,0.0,0.0,0.0,0.0,0.0,0.0,0.0,0.0,0.3992,0.00965,0.0,0.0,0.0,0.0,0.0,0.0,0.0,0.0,0.0,0.0,0.05123825789923144,15.794192997438065,14.141759180187877,0.01280956447480786,0.0,0.0,0.0,0.0,0.0,0.0,0.0,0.0,0.0,0.0,0.0,0.0,0.0,0.0,0.0,0.0
22600,4971,2548,0.5125729229531282,1235,1032,0.45604506135586403,1424,0.5729229531281432,0.39799999999999996,2.9323153115971934,3.070965553521057,6.4418938307030125,2.25996809951441,8372.4414001207,506.5397780263304,7853.0,8866.4,8866.399999999998,1.8189894035458565e-12,7853.0,0.0,27.80285656809495,20.66336402042665,32.71192528735632,18.893812756283836,0.1396097364715349,0.1036008851337759,0.09293904646952324,0.07845503922751962,0.08569704284852142,0.07543753771876886,0.0687990343995172,0.06175819754576544,0.06376986521826594,0.05391269362301348,0.04687185676926172,0.03862401931200966,0.032790183061758196,0.023134178233755784,0.02031784349225508,0.010259505129752565,0.0040233353450010055,0.916853981619029,0.022892236214920272,0.0,0.0,0.0,0.0,0.0,0.0,0.0,0.0,0.0,0.0,0.0,0.0,0.0,0.0,0.0,0.0,0.0,0.0,0.0,0.0,0.0,0.0,0.0,0.0,0.00603500301750151,0.5069402534701268,6.493663246831625,16.071213035606522,6.523838261919132,0.3983101991550997,4.1579436358005575,2.832007952818204,nan,nan,nan,4.1032138442521635,2.8088861386556676,4.212911235257604,2.853985576775678,1.02673450499274,0.399,0.00944,0.0,0.0,0.0,0.0,0.0,0.0,0.0,0.0,0.0,0.0,0.01207000603500302,16.391068195534075,13.596861798430902,0.0,0.0,0.0,0.0,0.0,0.0,0.0,0.0,0.0,0.0,0.0,0.0,0.0,0.0,0.0,0.0,0.0,nan,nan,4.1579436358005575,2.832007952818204,nan,0.399,0.04468,0.0,0.0,0.0,0.0,0.0,0.0,0.0,0.0,0.0,0.0,0.0,0.0,0.0,0.0,0.0,0.0,0.0,0.0,0.0,0.0,0.0,0.0,0.0003621001810500905,0.0,1.0058338362502514e-05,1.0058338362502514e-05,0.0005029169181251257,0.004646952323476162,0.0040836853751760206,0.0017099175216254276,0.0083987125326896,0.007855562261114463,0.028092939046469523,0.04075638704486019,0.02676523838261919,0.04244618788976061,0.0660229330114665,0.08696439348219674,0.07306376986521827,0.07057936028968015,0.07544759605713136,0.06993562663447998,0.11327700663850332,0.09276805471736069,0.055733252866626434,0.018094950714142025,0.04165157915912291,0.01932206799436733,0.038010460671897,0.004496077248038624,0.002655401327700664,0.0009253671293502313,0.005089519211426272,0.00011064172198752767,1.0058338362502514e-05,0.0,0.0,0.0,0.0,0.0002011667672500503,0.0,0.0,0.0,0.0,0.0,0.0,0.0,0.0,0.0,0.0,0.0,0.0,0.0,0.0,0.0,0.0,0.0,0.0,0.0,0.0,0.0,0.0,0.0,0.0,0.0,0.0,0.0,0.0,0.0,0.0,0.0,0.0,0.0,0.0,0.0,0.0,0.0,0.0,0.0,0.0,0.0,nan,nan,4.1579436358005575,2.832007952818204,nan,0.9170967876162597,0.023113410247551404,0.0,0.0,0.0,0.0,0.0,0.0,0.0,0.0,0.0,0.0,0.0,0.0,0.0,0.0,0.0,0.0,0.0,0.0,0.0,0.0,0.0,0.0,0.0,0.0,0.0,0.4945054945054946,6.546310832025119,15.659340659340662,6.8759811616954485,0.4238618524332811,0.9165986495179378,0.022654516179805736,0.0,0.0,0.0,0.0,0.0,0.0,0.0,0.0,0.0,0.0,0.0,0.0,0.0,0.0,0.0,0.0,0.0,0.0,0.0,0.0,0.0,0.0,0.0,0.0,0.012381345439537766,0.5200165084605861,6.438299628559638,16.50433347090384,6.153528683450269,0.371440363186133,0.399,0.009605,0.0,0.0,0.0,0.0,0.0,0.0,0.0,0.0,0.0,0.0,0.01177394034536892,16.342229199372035,13.645996860282578,0.0,0.0,0.0,0.0,0.0,0.0,0.0,0.0,0.0,0.0,0.0,0.0,0.0,0.0,0.0,0.0,0.0,0.399,0.009254,0.0,0.0,0.0,0.0,0.0,0.0,0.0,0.0,0.0,0.0,0.012381345439537766,16.442426743706125,13.545191910854316,0.0,0.0,0.0,0.0,0.0,0.0,0.0,0.0,0.0,0.0,0.0,0.0,0.0,0.0,0.0,0.0,0.0
22700,4682,2414,0.5155916275096113,1138,948,0.4455360956856044,1308,0.558735583084152,0.422,3.013227513227513,3.106828342879246,6.561643835616438,2.210998322919678,8375.50055531824,506.45358370894667,7853.0,8866.4,8866.399999999998,1.8189894035458565e-12,7853.0,0.0,28.216146945749678,21.17231262095719,33.34516211386265,19.344803691829743,0.14566424604869713,0.0963263562580094,0.0888509184109355,0.0830841520717642,0.08287056813327638,0.07155061939342161,0.07411362665527553,0.059162750961127726,0.06258009397693294,0.047202050405809486,0.04463904314395557,0.039085860743272104,0.040794532251174714,0.02797949594190517,0.01687313114053823,0.011319948739854762,0.007902605724049551,0.9161250934240299,0.02260283461634482,0.0,0.0,0.0,0.0,0.0,0.0,0.0,0.0,0.0,0.0,0.0,0.0,0.0,0.0,0.0,0.0,0.0,0.0,0.0,0.0,0.0,0.0,0.0,0.0,0.012815036309269546,0.4164886800512602,6.5677061085006425,16.281503630926956,6.356258009397695,0.36522853481418205,4.236435383097665,2.8900151822925113,nan,nan,nan,4.288686605981795,2.924474450351187,4.1829673985362605,2.8533324898569052,0.975349281223282,0.399,0.00952,0.0,0.0,0.0,0.0,0.0,0.0,0.0,0.0,0.0,0.0,0.019222554463904317,16.191798376762044,13.782571550619396,0.006407518154634773,0.0,0.0,0.0,0.0,0.0,0.0,0.0,0.0,0.0,0.0,0.0,0.0,0.0,0.0,0.0,0.0,nan,nan,4.236435383097665,2.8900151822925113,nan,0.399,0.04477,0.0,0.0,0.0,0.0,0.0,0.0,0.0,0.0,0.0,0.0,0.0,0.0,0.0,0.0,0.0,0.0,0.0,0.0,0.0,0.0,0.0,0.0,0.00027765912003417344,0.0,3.2037590773173855e-05,2.135839384878257e-05,0.0008863733447244767,0.004720205040580948,0.003855190089705254,0.0016659547202050407,0.008682187099530116,0.007571550619393422,0.02822511747116617,0.04023921401110637,0.026932934643314824,0.04041008116189663,0.06822938914993593,0.08408799658265699,0.07294959419051687,0.07497864160615121,0.07639897479709526,0.06907304570696284,0.11206749252456215,0.09022853481418197,0.05938701409653994,0.018101238786843228,0.040879965826569845,0.018571123451516448,0.036234515164459635,0.005158052114480991,0.0026804784280222128,0.0010252029047415634,0.00598035027765912,6.407518154634771e-05,5.339598462195643e-05,0.0,0.0,0.0,0.0,0.00033105510465612987,0.0,0.0,0.0,0.0,0.0,0.0,0.0,0.0,0.0,0.0,0.0,0.0,0.0,0.0,0.0,0.0,0.0,0.0,0.0,0.0,0.0,0.0,0.0,0.0,0.0,0.0,0.0,0.0,0.0,0.0,0.0,0.0,0.0,0.0,0.0,0.0,0.0,0.0,0.0,0.0,0.0,nan,nan,4.236435383097665,2.8900151822925113,nan,0.915940324111526,0.022467317601558626,0.0,0.0,0.0,0.0,0.0,0.0,0.0,0.0,0.0,0.0,0.0,0.0,0.0,0.0,0.0,0.0,0.0,0.0,0.0,0.0,0.0,0.0,0.0,0.0,0.01242750621375311,0.45981772990886505,6.462303231151617,16.379453189726597,6.3256006628003325,0.3603976801988402,0.9163217570573564,0.022744539395435248,0.0,0.0,0.0,0.0,0.0,0.0,0.0,0.0,0.0,0.0,0.0,0.0,0.0,0.0,0.0,0.0,0.0,0.0,0.0,0.0,0.0,0.0,0.0,0.0,0.01322751322751323,0.37037037037037046,6.679894179894181,16.17724867724868,6.38888888888889,0.37037037037037046,0.3992,0.00934,0.0,0.0,0.0,0.0,0.0,0.0,0.0,0.0,0.0,0.0,0.01242750621375311,16.21789560894778,13.769676884838445,0.0,0.0,0.0,0.0,0.0,0.0,0.0,0.0,0.0,0.0,0.0,0.0,0.0,0.0,0.0,0.0,0.0,0.399,0.009705,0.0,0.0,0.0,0.0,0.0,0.0,0.0,0.0,0.0,0.0,0.02645502645502646,16.164021164021143,13.7962962962963,0.01322751322751323,0.0,0.0,0.0,0.0,0.0,0.0,0.0,0.0,0.0,0.0,0.0,0.0,0.0,0.0,0.0,0.0
22800,4807,2498,0.5196588308716455,1232,965,0.4570418140212191,1355,0.5637611816101519,0.414,3.0095279341706367,3.077727755301084,6.47953216374269,2.1475926445893196,8379.622259205325,506.3082001984124,7853.0,8866.4,8866.4,0.0,7853.0,0.0,28.753692531724568,20.904084064899333,33.59346597887497,19.03761797356366,0.133763261909715,0.09174121073434574,0.08550031204493447,0.08591637195756188,0.08466819221967964,0.07634699396713127,0.07218639484085708,0.0611608071562305,0.061368837112544206,0.05471187851050551,0.05471187851050551,0.04160599126274184,0.03494903266070314,0.024131474932390266,0.019762845849802372,0.009569377990430622,0.007905138339920948,0.9172989407894094,0.023251873954546264,0.0,0.0,0.0,0.0,0.0,0.0,0.0,0.0,0.0,0.0,0.0,0.0,0.0,0.0,0.0,0.0,0.0,0.0,0.0,0.0,0.0,0.0,0.0,0.0,0.0,0.4680674017058457,6.365716663199502,15.970459746203456,6.659038901601832,0.5367172872893697,4.164430577223089,2.917179470689666,nan,nan,nan,4.159119496855346,2.878760080672355,4.171623296158612,2.954367982800521,1.003006357310176,0.3992,0.00945,0.0,0.0,0.0,0.0,0.0,0.0,0.0,0.0,0.0,0.0,0.0,15.864364468483437,14.135635531516542,0.0,0.0,0.0,0.0,0.0,0.0,0.0,0.0,0.0,0.0,0.0,0.0,0.0,0.0,0.0,0.0,0.0,nan,nan,4.164430577223089,2.917179470689666,nan,0.3992,0.04468,0.0,0.0,0.0,0.0,0.0,0.0,0.0,0.0,0.0,0.0,0.0,0.0,0.0,0.0,0.0,0.0,0.0,0.0,0.0,0.0,0.0,0.0,7.281048470979821e-05,0.0,0.0,0.0,0.0009881422924901185,0.004670272519242771,0.0036821302267526523,0.0016018306636155606,0.009538173496983566,0.006521739130434782,0.028375286041189933,0.039598502184314543,0.025878926565425422,0.041241938839192846,0.06932598294154359,0.08323278552111504,0.06869149157478677,0.07936342833368006,0.07655502392344497,0.06920116496775536,0.11111920116496775,0.0902017890576243,0.06140004160599126,0.018556272103182857,0.040732265446224256,0.018233825670896608,0.03475140420220512,0.005668816309548575,0.0031204493447056377,0.001404202205117537,0.005804035781152486,5.200748907842729e-05,1.040149781568546e-05,0.0,0.0,0.0,0.0,0.0004056584148117329,0.0,0.0,0.0,0.0,0.0,0.0,0.0,0.0,0.0,0.0,0.0,0.0,0.0,0.0,0.0,0.0,0.0,0.0,0.0,0.0,0.0,0.0,0.0,0.0,0.0,0.0,0.0,0.0,0.0,0.0,0.0,0.0,0.0,0.0,0.0,0.0,0.0,0.0,0.0,0.0,0.0,nan,nan,4.164430577223089,2.917179470689666,nan,0.9172933637093696,0.02322670655266472,0.0,0.0,0.0,0.0,0.0,0.0,0.0,0.0,0.0,0.0,0.0,0.0,0.0,0.0,0.0,0.0,0.0,0.0,0.0,0.0,0.0,0.0,0.0,0.0,0.0,0.48038430744595684,6.35308246597278,15.876701361088873,6.785428342674141,0.5044035228182547,0.9173049743736188,0.023279069253869415,0.0,0.0,0.0,0.0,0.0,0.0,0.0,0.0,0.0,0.0,0.0,0.0,0.0,0.0,0.0,0.0,0.0,0.0,0.0,0.0,0.0,0.0,0.0,0.0,0.0,0.45474231268947607,6.379385015158078,16.071892594196626,6.522304027717628,0.5716760502381985,0.3992,0.00934,0.0,0.0,0.0,0.0,0.0,0.0,0.0,0.0,0.0,0.0,0.0,15.864691753402699,14.135308246597281,0.0,0.0,0.0,0.0,0.0,0.0,0.0,0.0,0.0,0.0,0.0,0.0,0.0,0.0,0.0,0.0,0.0,0.3992,0.009575,0.0,0.0,0.0,0.0,0.0,0.0,0.0,0.0,0.0,0.0,0.0,15.864010394109982,14.135989605889998,0.0,0.0,0.0,0.0,0.0,0.0,0.0,0.0,0.0,0.0,0.0,0.0,0.0,0.0,0.0,0.0,0.0
22900,4762,2528,0.5308693826123477,1220,934,0.4523309533809324,1289,0.5413691726165477,0.418,2.985228290062668,3.0860903560287873,6.5616,2.140608661105528,8390.983032339354,505.7333901253256,7853.0,8866.4,8866.399999999998,1.8189894035458565e-12,7853.0,0.0,28.485090298194034,20.893861099081555,33.42173479561316,19.048322509087907,0.1369172616547669,0.09344813103737926,0.09218815623687526,0.08315833683326333,0.07790844183116338,0.07748845023099538,0.06740865182696346,0.07076858462830743,0.05858882822343553,0.055228895422091556,0.05081898362032759,0.03926921461570768,0.034019319613607726,0.025409491810163796,0.020579588408231837,0.01007979840403192,0.006719865602687947,0.9169612068280809,0.022944606571972982,0.0,0.0,0.0,0.0,0.0,0.0,0.0,0.0,0.0,0.0,0.0,0.0,0.0,0.0,0.0,0.0,0.0,0.0,0.0,0.0,0.0,0.0,0.0,0.0,0.0,0.42839143217135667,6.3691726165476705,16.127677446451074,6.602267954640909,0.4724905501889963,4.1531791907514455,2.920259748061831,nan,nan,nan,4.24658425504229,2.944459257159377,4.062143310082435,2.8935795758818585,0.9565672234712277,0.3992,0.009636,0.0,0.0,0.0,0.0,0.0,0.0,0.0,0.0,0.0,0.0,0.012599748005039902,15.863082738345211,14.12431751364973,0.0,0.0,0.0,0.0,0.0,0.0,0.0,0.0,0.0,0.0,0.0,0.0,0.0,0.0,0.0,0.0,0.0,nan,nan,4.1531791907514455,2.920259748061831,nan,0.3992,0.04477,0.0,0.0,0.0,0.0,0.0,0.0,0.0,0.0,0.0,0.0,0.0,0.0,0.0,0.0,0.0,0.0,0.0,0.0,0.0,0.0,0.0,0.0,0.0,0.0,0.0,0.0,0.0009659806803863923,0.004829903401931962,0.00371692566148677,0.0012074758504829904,0.009418311633767325,0.007339353212935741,0.02973540529189416,0.03798824023519529,0.026826963460730786,0.04238765224695506,0.06857412851742965,0.08288534229315414,0.07101007979840403,0.07749895002099957,0.0747480050398992,0.06536119277614448,0.1123057538849223,0.09329063418731626,0.062053758924821505,0.017786644267114658,0.04119067618647627,0.017965140697186056,0.03369382612347753,0.006016379672406552,0.002897942041159177,0.0013439731205375893,0.0065623687526249475,3.149937001259975e-05,3.149937001259975e-05,2.0999580008399833e-05,0.0,0.0,0.0,0.0003149937001259975,0.0,0.0,0.0,0.0,0.0,0.0,0.0,0.0,0.0,0.0,0.0,0.0,0.0,0.0,0.0,0.0,0.0,0.0,0.0,0.0,0.0,0.0,0.0,0.0,0.0,0.0,0.0,0.0,0.0,0.0,0.0,0.0,0.0,0.0,0.0,0.0,0.0,0.0,0.0,0.0,0.0,nan,nan,4.1531791907514455,2.920259748061831,nan,0.9170369741188574,0.022748123904568488,0.0,0.0,0.0,0.0,0.0,0.0,0.0,0.0,0.0,0.0,0.0,0.0,0.0,0.0,0.0,0.0,0.0,0.0,0.0,0.0,0.0,0.0,0.0,0.0,0.0,0.40348101265822794,6.360759493670887,16.222310126582283,6.5387658227848116,0.47468354430379756,0.9168754683719113,0.023164638091924893,0.0,0.0,0.0,0.0,0.0,0.0,0.0,0.0,0.0,0.0,0.0,0.0,0.0,0.0,0.0,0.0,0.0,0.0,0.0,0.0,0.0,0.0,0.0,0.0,0.0,0.4565801253357208,6.378692927484335,16.0205908683975,6.674127126230977,0.4700089525514773,0.3992,0.009605,0.0,0.0,0.0,0.0,0.0,0.0,0.0,0.0,0.0,0.0,0.02373417721518988,15.842563291139218,14.133702531645573,0.0,0.0,0.0,0.0,0.0,0.0,0.0,0.0,0.0,0.0,0.0,0.0,0.0,0.0,0.0,0.0,0.0,0.3992,0.009674,0.0,0.0,0.0,0.0,0.0,0.0,0.0,0.0,0.0,0.0,0.0,15.886302596239906,14.113697403760074,0.0,0.0,0.0,0.0,0.0,0.0,0.0,0.0,0.0,0.0,0.0,0.0,0.0,0.0,0.0,0.0,0.0
23000,4626,2399,0.5185905750108085,1133,941,0.44833549502810205,1317,0.569390402075227,0.40599999999999997,3.0116748989672204,3.0995818230214915,6.643879173290938,2.196336353586971,8378.539688715953,506.3496382235163,7853.0,8866.4,8866.399999999998,1.8189894035458565e-12,7853.0,0.0,28.364029399048853,20.886238787950955,33.288244353182755,19.07109591992838,0.13683527885862518,0.09749243406830956,0.09100734976221357,0.08430609597924774,0.07717250324254216,0.07652399481193256,0.07392996108949416,0.06614785992217899,0.056636402939904885,0.051664504971897965,0.05101599654128837,0.041936878512753996,0.03199308257674016,0.025507998270644185,0.019671422395157803,0.01124081279723303,0.006917423259835711,0.9167484779843406,0.02253726634774775,0.0,0.0,0.0,0.0,0.0,0.0,0.0,0.0,0.0,0.0,0.0,0.0,0.0,0.0,0.0,0.0,0.0,0.0,0.0,0.0,0.0,0.0,0.0,0.0,0.0064850843060959805,0.3955901426718548,6.342412451361869,16.48508430609598,6.27756160830091,0.4928664072632945,4.287043189368771,2.8801067419994624,nan,nan,nan,4.309285237140949,2.8789658175276784,4.265036351619299,2.881066165358627,0.9897317343627485,0.3987,0.00985,0.0,0.0,0.0,0.0,0.0,0.0,0.0,0.0,0.0,0.0,0.012970168612191961,16.744487678339794,13.216601815823608,0.025940337224383922,0.0,0.0,0.0,0.0,0.0,0.0,0.0,0.0,0.0,0.0,0.0,0.0,0.0,0.0,0.0,0.0,nan,nan,4.287043189368771,2.8801067419994624,nan,0.3987,0.0447,0.0,0.0,0.0,0.0,0.0,0.0,0.0,0.0,0.0,0.0,0.0,0.0,0.0,0.0,0.0,0.0,0.0,0.0,0.0,0.0,0.0,0.0,0.0,0.0,0.0,0.0,0.000832252485948984,0.004766536964980545,0.003501945525291829,0.0010268050151318634,0.010722006052745352,0.006744487678339819,0.02948551664504972,0.0404885430177259,0.02590791180285344,0.04409857328145266,0.0699956766104626,0.08363597060095114,0.07237354085603113,0.07641591007349763,0.0730760916558582,0.0659641158668396,0.10972762645914397,0.09638996973627324,0.060765239948119325,0.018223086900129703,0.037970168612191955,0.01704496325118893,0.03378728923476005,0.00648508430609598,0.002680501513186338,0.001415910073497622,0.006204063986165153,3.2425421530479896e-05,1.08084738434933e-05,0.0,0.0,0.0,2.16169476869866e-05,0.00020536100302637268,0.0,0.0,0.0,0.0,0.0,0.0,0.0,0.0,0.0,0.0,0.0,0.0,0.0,0.0,0.0,0.0,0.0,0.0,0.0,0.0,0.0,0.0,0.0,0.0,0.0,0.0,0.0,0.0,0.0,0.0,0.0,0.0,0.0,0.0,0.0,0.0,0.0,0.0,0.0,0.0,0.0,nan,nan,4.287043189368771,2.8801067419994624,nan,0.916814356756588,0.022547284418034906,0.0,0.0,0.0,0.0,0.0,0.0,0.0,0.0,0.0,0.0,0.0,0.0,0.0,0.0,0.0,0.0,0.0,0.0,0.0,0.0,0.0,0.0,0.0,0.0,0.0,0.36265110462692796,6.340141725719051,16.506877865777412,6.277615673197167,0.5127136306794499,0.9166775111344881,0.02252625399901937,0.0,0.0,0.0,0.0,0.0,0.0,0.0,0.0,0.0,0.0,0.0,0.0,0.0,0.0,0.0,0.0,0.0,0.0,0.0,0.0,0.0,0.0,0.0,0.0,0.013471037269869783,0.43107319263583305,6.344858554108668,16.461607543780875,6.277503367759319,0.47148630444544243,0.3987,0.00993,0.0,0.0,0.0,0.0,0.0,0.0,0.0,0.0,0.0,0.0,0.012505210504376826,16.731971654856167,13.230512713630683,0.025010421008753652,0.0,0.0,0.0,0.0,0.0,0.0,0.0,0.0,0.0,0.0,0.0,0.0,0.0,0.0,0.0,0.0,0.3987,0.00975,0.0,0.0,0.0,0.0,0.0,0.0,0.0,0.0,0.0,0.0,0.013471037269869783,16.757970363717984,13.201616524472387,0.026942074539739565,0.0,0.0,0.0,0.0,0.0,0.0,0.0,0.0,0.0,0.0,0.0,0.0,0.0,0.0,0.0,0.0
23100,4631,2368,0.5113366443532714,1084,983,0.44633988339451525,1326,0.5726624919023969,0.43,2.9323906319045516,3.094094825125372,6.664440734557596,2.1346777417630887,8371.188555387605,506.5697415905393,7853.0,8866.4,8866.399999999998,1.8189894035458565e-12,7853.0,0.0,27.943208810192182,20.80639520930846,32.83525789068514,19.048499311938073,0.1377672209026128,0.09825091772835241,0.09479594040164112,0.08659036925070179,0.08032822284603758,0.07795292593392356,0.07104297128050097,0.06370114446123948,0.05657525372489743,0.05463182897862233,0.041459727920535525,0.04340315266681062,0.03584538976462967,0.023537033038220686,0.0166270783847981,0.009501187648456057,0.007989635068019866,0.9166374709404872,0.023223299289751347,0.0,0.0,0.0,0.0,0.0,0.0,0.0,0.0,0.0,0.0,0.0,0.0,0.0,0.0,0.0,0.0,0.0,0.0,0.0,0.0,0.0,0.0,0.0,0.0,0.006478082487583677,0.4923342690563594,6.860289354351114,15.456704815374652,6.8084646944504446,0.37572878427985323,4.210174029451138,2.8316207149489867,nan,nan,nan,3.9939839572192515,2.857458793946278,4.426559356136821,2.7895931265812233,1.1083067442310768,0.3984,0.00978,0.0,0.0,0.0,0.0,0.0,0.0,0.0,0.0,0.0,0.0,0.0,16.881882962643033,13.111638954869361,0.006478082487583677,0.0,0.0,0.0,0.0,0.0,0.0,0.0,0.0,0.0,0.0,0.0,0.0,0.0,0.0,0.0,0.0,nan,nan,4.210174029451138,2.8316207149489867,nan,0.3984,0.0448,0.0,0.0,0.0,0.0,0.0,0.0,0.0,0.0,0.0,0.0,0.0,0.0,0.0,0.0,0.0,0.0,0.0,0.0,0.0,0.0,0.0,0.0,0.0,0.0,0.0,1.0796804145972792e-05,0.0008097603109479594,0.004286331245951199,0.004016411142301879,0.0009825091772835241,0.012157201468365363,0.006877564240984669,0.029561649751673504,0.03873893327575038,0.025566832217663572,0.046534225869142735,0.06695098250917729,0.08819909306845174,0.06919671777153963,0.07536169293889008,0.07661412221982293,0.0677391492118333,0.1077413085726625,0.09224789462319154,0.06078600734182682,0.018052256532066508,0.03744331677823364,0.01800906931548262,0.03425825955517167,0.007341826819261499,0.0029907147484344635,0.0016195206218959188,0.005765493413949471,1.0796804145972792e-05,0.0,0.0,0.0,0.0,0.0,0.00012956164975167351,0.0,0.0,0.0,0.0,0.0,0.0,0.0,0.0,0.0,0.0,0.0,0.0,0.0,0.0,0.0,0.0,0.0,0.0,0.0,0.0,0.0,0.0,0.0,0.0,0.0,0.0,0.0,0.0,0.0,0.0,0.0,0.0,0.0,0.0,0.0,0.0,0.0,0.0,0.0,0.0,0.0,nan,nan,4.210174029451138,2.8316207149489867,nan,0.9172111235911379,0.023369566229263943,0.0,0.0,0.0,0.0,0.0,0.0,0.0,0.0,0.0,0.0,0.0,0.0,0.0,0.0,0.0,0.0,0.0,0.0,0.0,0.0,0.0,0.0,0.0,0.0,0.012668918918918921,0.5194256756756758,6.600506756756758,15.63344594594595,6.853885135135137,0.38006756756756765,0.9160372016180209,0.02305397489677235,0.0,0.0,0.0,0.0,0.0,0.0,0.0,0.0,0.0,0.0,0.0,0.0,0.0,0.0,0.0,0.0,0.0,0.0,0.0,0.0,0.0,0.0,0.0,0.0,0.0,0.46398585947856835,7.132125497127708,15.271763146266021,6.760936809544853,0.3711886875828547,0.3984,0.009575,0.0,0.0,0.0,0.0,0.0,0.0,0.0,0.0,0.0,0.0,0.0,17.052364864864842,12.947635135135139,0.0,0.0,0.0,0.0,0.0,0.0,0.0,0.0,0.0,0.0,0.0,0.0,0.0,0.0,0.0,0.0,0.0,0.3987,0.00998,0.0,0.0,0.0,0.0,0.0,0.0,0.0,0.0,0.0,0.0,0.0,16.703490941228434,13.2832523199293,0.013256738842244811,0.0,0.0,0.0,0.0,0.0,0.0,0.0,0.0,0.0,0.0,0.0,0.0,0.0,0.0,0.0,0.0
23200,4659,2420,0.5194247692637906,1124,921,0.4389353938613436,1276,0.5477570294054518,0.434,2.9933005806163466,3.130402396534546,6.568,2.2102886689299206,8379.385061171924,506.3174778403935,7853.0,8866.4,8866.399999999998,1.8189894035458565e-12,7853.0,0.0,28.216570079416183,21.196190438747756,33.3707605344296,19.386094393792167,0.14273449238033914,0.10667525220004292,0.08542605709379696,0.07941618373041426,0.08134792874007298,0.07362094870143808,0.06482077699077055,0.06653788366602276,0.05795235028976175,0.054732775273663874,0.04679115690062245,0.03906417686198755,0.033698218501824424,0.0300493668169135,0.019317450096587252,0.0094440867138871,0.008370895041854474,0.9170297730964354,0.022988175026695284,0.0,0.0,0.0,0.0,0.0,0.0,0.0,0.0,0.0,0.0,0.0,0.0,0.0,0.0,0.0,0.0,0.0,0.0,0.0,0.0,0.0,0.0,0.0,0.0,0.0,0.3992273019961366,6.452028332260143,15.917578879587898,6.754668383773343,0.4764971023824856,4.272818455366099,2.892327214711012,nan,nan,nan,4.189655172413793,2.913855884307885,4.3603238866396765,2.8665301859047956,1.0407357424901287,0.3982,0.009705,0.0,0.0,0.0,0.0,0.0,0.0,0.0,0.0,0.0,0.0,0.019317450096587252,16.889890534449428,13.090792015453964,0.0,0.0,0.0,0.0,0.0,0.0,0.0,0.0,0.0,0.0,0.0,0.0,0.0,0.0,0.0,0.0,0.0,nan,nan,4.272818455366099,2.892327214711012,nan,0.3982,0.04465,0.0,0.0,0.0,0.0,0.0,0.0,0.0,0.0,0.0,0.0,0.0,0.0,0.0,0.0,0.0,0.0,0.0,0.0,0.0,0.0,0.0,0.0,0.0,1.0731916720326251e-05,0.0,0.0,0.0010088001717106676,0.00540888602704443,0.0031981111826572227,0.0005687915861772913,0.012663661729984975,0.00635329469843314,0.029577162481219145,0.03962223653144452,0.024769263790512985,0.04796093582313801,0.06380124490233956,0.08868855977677613,0.06917793517922301,0.07817128139085641,0.07578879587894398,0.06614080274737068,0.11194462330972312,0.09202618587679759,0.06013092938398798,0.018437432925520497,0.03688559776776132,0.01789010517278386,0.03315089074908779,0.007394290620304786,0.002500536595836016,0.0007619660871431638,0.00583816269585748,1.0731916720326251e-05,0.0,0.0,0.0,0.0,0.0,0.00011805108392358875,0.0,0.0,0.0,0.0,0.0,0.0,0.0,0.0,0.0,0.0,0.0,0.0,0.0,0.0,0.0,0.0,0.0,0.0,0.0,0.0,0.0,0.0,0.0,0.0,0.0,0.0,0.0,0.0,0.0,0.0,0.0,0.0,0.0,0.0,0.0,0.0,0.0,0.0,0.0,0.0,0.0,nan,nan,4.272818455366099,2.892327214711012,nan,0.9168026849011744,0.023361916295871372,0.0,0.0,0.0,0.0,0.0,0.0,0.0,0.0,0.0,0.0,0.0,0.0,0.0,0.0,0.0,0.0,0.0,0.0,0.0,0.0,0.0,0.0,0.0,0.0,0.0,0.43388429752066127,6.780991735537191,15.582644628099176,6.719008264462811,0.4834710743801654,0.9172752190243192,0.022574695718360478,0.0,0.0,0.0,0.0,0.0,0.0,0.0,0.0,0.0,0.0,0.0,0.0,0.0,0.0,0.0,0.0,0.0,0.0,0.0,0.0,0.0,0.0,0.0,0.0,0.0,0.3617686467172846,6.096471639124611,16.279589102277807,6.793211255024566,0.46895935685573925,0.398,0.00982,0.0,0.0,0.0,0.0,0.0,0.0,0.0,0.0,0.0,0.0,0.03719008264462811,17.219008264462786,12.743801652892564,0.0,0.0,0.0,0.0,0.0,0.0,0.0,0.0,0.0,0.0,0.0,0.0,0.0,0.0,0.0,0.0,0.0,0.3987,0.00956,0.0,0.0,0.0,0.0,0.0,0.0,0.0,0.0,0.0,0.0,0.0,16.53416703885661,13.46583296114337,0.0,0.0,0.0,0.0,0.0,0.0,0.0,0.0,0.0,0.0,0.0,0.0,0.0,0.0,0.0,0.0,0.0
23300,4752,2496,0.5252525252525253,1146,936,0.43813131313131315,1315,0.5534511784511784,0.422,3.030141843971631,3.1062701370417627,6.6055469953775034,2.11714697070308,8385.290909090909,506.0533522978586,7853.0,8866.4,8866.4,0.0,7853.0,0.0,28.71675084175084,21.243224046602464,33.599452327607665,19.471218099494916,0.13425925925925927,0.09785353535353536,0.09427609427609428,0.08186026936026936,0.08122895622895623,0.07218013468013468,0.07091750841750842,0.0603956228956229,0.05597643097643098,0.05324074074074074,0.049663299663299666,0.04292929292929293,0.03535353535353535,0.028409090909090908,0.02377946127946128,0.010732323232323232,0.006944444444444444,0.9177825845627472,0.022756385379222654,0.0,0.0,0.0,0.0,0.0,0.0,0.0,0.0,0.0,0.0,0.0,0.0,0.0,0.0,0.0,0.0,0.0,0.0,0.0,0.0,0.0,0.0,0.0,0.0,0.006313131313131315,0.29040404040404044,6.477272727272728,15.839646464646467,6.982323232323234,0.40404040404040414,4.18433773767322,2.8637869687082844,nan,nan,nan,4.139846743295019,2.8621337193329253,4.229668184775536,2.8647598750484926,1.0216968035413374,0.3984,0.009674,0.0,0.0,0.0,0.0,0.0,0.0,0.0,0.0,0.0,0.0,0.01262626262626263,16.976010101010075,13.005050505050509,0.006313131313131315,0.0,0.0,0.0,0.0,0.0,0.0,0.0,0.0,0.0,0.0,0.0,0.0,0.0,0.0,0.0,0.0,nan,nan,4.18433773767322,2.8637869687082844,nan,0.3984,0.04462,0.0,0.0,0.0,0.0,0.0,0.0,0.0,0.0,0.0,0.0,0.0,0.0,0.0,0.0,0.0,0.0,0.0,0.0,0.0,0.0,0.0,0.0,0.0,0.0,1.0521885521885522e-05,4.208754208754209e-05,0.000726010101010101,0.005755471380471381,0.0028724747474747473,0.0006944444444444445,0.012752525252525253,0.006313131313131313,0.027767255892255892,0.03941498316498317,0.02558922558922559,0.048621632996632996,0.06496212121212121,0.08944654882154882,0.06574074074074074,0.07839856902356902,0.07523148148148148,0.06660353535353536,0.11136363636363636,0.09363425925925926,0.0601010101010101,0.01879208754208754,0.037626262626262626,0.017497895622895623,0.033712121212121214,0.0073968855218855215,0.0020412457912457912,0.0002946127946127946,0.006439393939393939,4.208754208754209e-05,0.0,2.1043771043771045e-05,0.0,0.0,0.0,9.46969696969697e-05,0.0,0.0,0.0,0.0,0.0,0.0,0.0,0.0,0.0,0.0,0.0,0.0,0.0,0.0,0.0,0.0,0.0,0.0,0.0,0.0,0.0,0.0,0.0,0.0,0.0,0.0,0.0,0.0,0.0,0.0,0.0,0.0,0.0,0.0,0.0,0.0,0.0,0.0,0.0,0.0,0.0,nan,nan,4.18433773767322,2.8637869687082844,nan,0.9177511480804055,0.022783978698377606,0.0,0.0,0.0,0.0,0.0,0.0,0.0,0.0,0.0,0.0,0.0,0.0,0.0,0.0,0.0,0.0,0.0,0.0,0.0,0.0,0.0,0.0,0.0,0.0,0.012019230769230772,0.2884615384615385,6.502403846153848,15.949519230769234,6.85096153846154,0.3966346153846155,0.9178173653517209,0.022725766890133108,0.0,0.0,0.0,0.0,0.0,0.0,0.0,0.0,0.0,0.0,0.0,0.0,0.0,0.0,0.0,0.0,0.0,0.0,0.0,0.0,0.0,0.0,0.0,0.0,0.0,0.29255319148936176,6.449468085106385,15.718085106382983,7.127659574468087,0.41223404255319157,0.3982,0.00966,0.0,0.0,0.0,0.0,0.0,0.0,0.0,0.0,0.0,0.0,0.012019230769230772,17.139423076923055,12.848557692307695,0.0,0.0,0.0,0.0,0.0,0.0,0.0,0.0,0.0,0.0,0.0,0.0,0.0,0.0,0.0,0.0,0.0,0.3984,0.00968,0.0,0.0,0.0,0.0,0.0,0.0,0.0,0.0,0.0,0.0,0.013297872340425535,16.79521276595742,13.178191489361705,0.013297872340425535,0.0,0.0,0.0,0.0,0.0,0.0,0.0,0.0,0.0,0.0,0.0,0.0,0.0,0.0,0.0,0.0
23400,4698,2433,0.5178799489144317,1188,967,0.45870583226905065,1307,0.556406981694338,0.414,2.9443708609271524,3.131058593422088,6.667736757624398,2.1915573846444922,8377.819540229886,506.3759199071944,7853.0,8866.4,8866.399999999998,1.8189894035458565e-12,7853.0,0.0,27.915283099191146,20.417326898770245,32.620377358490565,18.662053446802453,0.13452532992762878,0.0940825883354619,0.09472115793954874,0.08641975308641975,0.08663260962111537,0.08109833971902937,0.06853980417198809,0.06619838229033631,0.06279267773520647,0.04704129416773095,0.04831843337590464,0.044912728820774794,0.030864197530864196,0.02149851000425713,0.016177096636866752,0.010004257130693913,0.006172839506172839,0.9176523098543686,0.023132776556753568,0.0,0.0,0.0,0.0,0.0,0.0,0.0,0.0,0.0,0.0,0.0,0.0,0.0,0.0,0.0,0.0,0.0,0.0,0.0,0.0,0.0,0.0,0.0,0.0,0.0,0.4469987228607919,6.41123882503193,15.42784163473819,7.222222222222224,0.4916985951468711,4.183066361556064,2.9618630127923598,nan,nan,nan,4.1144538914323086,2.9684376946948676,4.251633986928105,2.95368617763788,1.0333410214613055,0.3984,0.00935,0.0,0.0,0.0,0.0,0.0,0.0,0.0,0.0,0.0,0.0,0.006385696040868456,17.037037037037013,12.943805874840361,0.012771392081736912,0.0,0.0,0.0,0.0,0.0,0.0,0.0,0.0,0.0,0.0,0.0,0.0,0.0,0.0,0.0,0.0,nan,nan,4.183066361556064,2.9618630127923598,nan,0.3984,0.04425,0.0,0.0,0.0,0.0,0.0,0.0,0.0,0.0,0.0,0.0,0.0,0.0,0.0,0.0,0.0,0.0,0.0,0.0,0.0,0.0,0.0,0.0,0.0,0.0,0.0,0.0,0.0005747126436781609,0.004970200085142614,0.0025329927628778203,0.0009046402724563644,0.01305874840357599,0.006119625372498935,0.025776926351638994,0.03843124733929332,0.025574712643678162,0.047871434653043846,0.06874201787994891,0.09244359301830567,0.06976372924648787,0.07601106853980417,0.07357386121753938,0.0685291613452533,0.1082907620263942,0.09125159642401022,0.06130268199233716,0.018933588761174968,0.03876117496807152,0.017198808003405706,0.033450404427415925,0.007130693912303108,0.0019902085994040015,0.00041507024265644954,0.006162196679438059,2.1285653469561517e-05,5.321413367390379e-05,6.385696040868455e-05,1.0642826734780758e-05,0.0,0.0,8.514261387824607e-05,0.0,0.0,0.0,0.0,0.0,0.0,0.0,0.0,0.0,0.0,0.0,0.0,0.0,0.0,0.0,0.0,0.0,0.0,0.0,0.0,0.0,0.0,0.0,0.0,0.0,0.0,0.0,0.0,0.0,0.0,0.0,0.0,0.0,0.0,0.0,0.0,0.0,0.0,0.0,0.0,0.0,nan,nan,4.183066361556064,2.9618630127923598,nan,0.9178980699890786,0.022806550038030938,0.0,0.0,0.0,0.0,0.0,0.0,0.0,0.0,0.0,0.0,0.0,0.0,0.0,0.0,0.0,0.0,0.0,0.0,0.0,0.0,0.0,0.0,0.0,0.0,0.0,0.39457459926017274,6.276202219482123,15.598027127003702,7.287299630086315,0.4438964241676943,0.9173883211533755,0.02347528489125147,0.0,0.0,0.0,0.0,0.0,0.0,0.0,0.0,0.0,0.0,0.0,0.0,0.0,0.0,0.0,0.0,0.0,0.0,0.0,0.0,0.0,0.0,0.0,0.0,0.0,0.5033112582781458,6.556291390728479,15.245033112582785,7.152317880794704,0.5430463576158941,0.3984,0.00941,0.0,0.0,0.0,0.0,0.0,0.0,0.0,0.0,0.0,0.0,0.012330456226880398,16.880394574599237,13.094944512946983,0.012330456226880398,0.0,0.0,0.0,0.0,0.0,0.0,0.0,0.0,0.0,0.0,0.0,0.0,0.0,0.0,0.0,0.0,0.3984,0.00931,0.0,0.0,0.0,0.0,0.0,0.0,0.0,0.0,0.0,0.0,0.0,17.205298013245006,12.781456953642387,0.013245033112582785,0.0,0.0,0.0,0.0,0.0,0.0,0.0,0.0,0.0,0.0,0.0,0.0,0.0,0.0,0.0,0.0
23500,4750,2486,0.5233684210526316,1187,945,0.4488421052631579,1322,0.5566315789473684,0.40599999999999997,2.991166077738516,3.07013306141949,6.395245170876672,2.1869750814209166,8383.381557894738,506.14629685070105,7853.0,8866.4,8866.4,0.0,7853.0,0.0,28.584,20.93335783661545,33.31845238095238,19.167204360618182,0.132,0.09578947368421052,0.09284210526315789,0.08610526315789474,0.07852631578947368,0.0751578947368421,0.06694736842105263,0.06631578947368422,0.06442105263157895,0.059789473684210524,0.044,0.04231578947368421,0.03242105263157895,0.02526315789473684,0.019157894736842106,0.010105263157894737,0.008842105263157894,0.916595492250041,0.02283983429204702,0.0,0.0,0.0,0.0,0.0,0.0,0.0,0.0,0.0,0.0,0.0,0.0,0.0,0.0,0.0,0.0,0.0,0.0,0.0,0.0,0.0,0.0,0.0,0.0,0.012631578947368424,0.4357894736842106,6.562105263157896,16.067368421052635,6.448421052631581,0.4736842105263159,4.202959150852364,2.860481101348423,nan,nan,nan,4.17786308381318,2.8494484389225248,4.228331177231565,2.8713690266070158,1.0120798820846764,0.3987,0.00935,0.0,0.0,0.0,0.0,0.0,0.0,0.0,0.0,0.0,0.0,0.006315789473684212,16.705263157894713,13.282105263157899,0.006315789473684212,0.0,0.0,0.0,0.0,0.0,0.0,0.0,0.0,0.0,0.0,0.0,0.0,0.0,0.0,0.0,0.0,nan,nan,4.202959150852364,2.860481101348423,nan,0.3987,0.0441,0.0,0.0,0.0,0.0,0.0,0.0,0.0,0.0,0.0,0.0,0.0,0.0,0.0,0.0,0.0,0.0,0.0,0.0,0.0,0.0,0.0,0.0,0.0,0.0,0.0,0.0,0.0003578947368421053,0.004431578947368421,0.0026,0.0006,0.013873684210526316,0.006378947368421053,0.024147368421052633,0.03912631578947368,0.025705263157894738,0.04623157894736842,0.06381052631578947,0.09322105263157894,0.07294736842105264,0.0776421052631579,0.07132631578947368,0.06874736842105263,0.10985263157894737,0.09057894736842105,0.06250526315789473,0.01996842105263158,0.0428,0.016873684210526315,0.03077894736842105,0.0063894736842105265,0.002105263157894737,0.0003473684210526316,0.00628421052631579,3.157894736842105e-05,4.210526315789474e-05,7.368421052631579e-05,0.0,0.0,0.0,0.00022105263157894738,0.0,0.0,0.0,0.0,0.0,0.0,0.0,0.0,0.0,0.0,0.0,0.0,0.0,0.0,0.0,0.0,0.0,0.0,0.0,0.0,0.0,0.0,0.0,0.0,0.0,0.0,0.0,0.0,0.0,0.0,0.0,0.0,0.0,0.0,0.0,0.0,0.0,0.0,0.0,0.0,0.0,nan,nan,4.202959150852364,2.860481101348423,nan,0.9167109702684567,0.023126129290627684,0.0,0.0,0.0,0.0,0.0,0.0,0.0,0.0,0.0,0.0,0.0,0.0,0.0,0.0,0.0,0.0,0.0,0.0,0.0,0.0,0.0,0.0,0.0,0.0,0.0,0.38616251005631547,6.721641190667741,15.808527755430413,6.540627514078843,0.5430410297666936,0.916468690857028,0.02252059228189455,0.0,0.0,0.0,0.0,0.0,0.0,0.0,0.0,0.0,0.0,0.0,0.0,0.0,0.0,0.0,0.0,0.0,0.0,0.0,0.0,0.0,0.0,0.0,0.0,0.026501766784452305,0.4902826855123676,6.386925795053005,16.35159010600707,6.347173144876327,0.39752650176678456,0.3987,0.00922,0.0,0.0,0.0,0.0,0.0,0.0,0.0,0.0,0.0,0.0,0.0,16.749798873692654,13.250201126307324,0.0,0.0,0.0,0.0,0.0,0.0,0.0,0.0,0.0,0.0,0.0,0.0,0.0,0.0,0.0,0.0,0.0,0.399,0.00949,0.0,0.0,0.0,0.0,0.0,0.0,0.0,0.0,0.0,0.0,0.013250883392226152,16.656360424028247,13.317137809187283,0.013250883392226152,0.0,0.0,0.0,0.0,0.0,0.0,0.0,0.0,0.0,0.0,0.0,0.0,0.0,0.0,0.0,0.0
23600,4565,2354,0.5156626506024097,1084,950,0.4455640744797371,1263,0.5533406352683461,0.43,3.0,3.150097095988708,6.705785123966942,2.205039214458411,8375.57253012048,506.4513330889497,7853.0,8866.4,8866.4,0.0,7853.0,0.0,27.87929901423877,20.99688859105875,32.89089481946625,19.27779991683765,0.14085432639649506,0.10470974808324206,0.08849945235487404,0.0882803943044907,0.0828039430449069,0.0751369112814896,0.06506024096385542,0.06462212486308871,0.05585980284775466,0.04928806133625411,0.050164293537787515,0.03964950711938664,0.03307776560788609,0.02475355969331873,0.019496166484118293,0.010076670317634174,0.007667031763417305,0.9170880703257575,0.022863505350795586,0.0,0.0,0.0,0.0,0.0,0.0,0.0,0.0,0.0,0.0,0.0,0.0,0.0,0.0,0.0,0.0,0.0,0.0,0.0,0.0,0.0,0.0,0.0,0.0,0.0,0.4008762322015335,6.3023001095290265,16.113910186199345,6.676889375684558,0.5060240963855422,4.217865666553017,2.912157747740215,nan,nan,nan,4.246922024623803,2.8894190135828177,4.191836734693878,2.9332601305974557,0.9870293615916329,0.3992,0.00908,0.0,0.0,0.0,0.0,0.0,0.0,0.0,0.0,0.0,0.0,0.006571741511500549,16.01533406352681,13.978094194961669,0.0,0.0,0.0,0.0,0.0,0.0,0.0,0.0,0.0,0.0,0.0,0.0,0.0,0.0,0.0,0.0,0.0,nan,nan,4.217865666553017,2.912157747740215,nan,0.3992,0.04367,0.0,0.0,0.0,0.0,0.0,0.0,0.0,0.0,0.0,0.0,0.0,0.0,0.0,0.0,0.0,0.0,0.0,0.0,0.0,0.0,0.0,0.0,0.0,0.0,0.0,1.095290251916758e-05,0.0003833515881708653,0.003921139101861993,0.002891566265060241,0.0004271631982475356,0.011336254107338444,0.006900328587075575,0.02593647316538883,0.03782037239868565,0.02533406352683461,0.04581599123767798,0.06253012048192771,0.09192771084337349,0.07043811610076671,0.07855421686746988,0.07362541073384447,0.07061336254107338,0.11109529025191676,0.09285870755750274,0.06483023001095291,0.021445783132530122,0.040657174151150055,0.015695509309967142,0.029583789704271633,0.006659364731653889,0.0017305585980284775,0.00035049288061336255,0.005805038335158817,6.571741511500547e-05,1.095290251916758e-05,0.0003723986856516977,0.0,1.095290251916758e-05,0.0,0.00036144578313253013,0.0,0.0,0.0,0.0,0.0,0.0,0.0,0.0,0.0,0.0,0.0,0.0,0.0,0.0,0.0,0.0,0.0,0.0,0.0,0.0,0.0,0.0,0.0,0.0,0.0,0.0,0.0,0.0,0.0,0.0,0.0,0.0,0.0,0.0,0.0,0.0,0.0,0.0,0.0,0.0,0.0,nan,nan,4.217865666553017,2.912157747740215,nan,0.91719042543344,0.023475169333245848,0.0,0.0,0.0,0.0,0.0,0.0,0.0,0.0,0.0,0.0,0.0,0.0,0.0,0.0,0.0,0.0,0.0,0.0,0.0,0.0,0.0,0.0,0.0,0.0,0.0,0.4333050127442652,6.563296516567546,15.497026338147837,6.996601529311811,0.5097706032285473,0.9169790952359859,0.02219324163755894,0.0,0.0,0.0,0.0,0.0,0.0,0.0,0.0,0.0,0.0,0.0,0.0,0.0,0.0,0.0,0.0,0.0,0.0,0.0,0.0,0.0,0.0,0.0,0.0,0.0,0.36635006784260526,6.024423337856176,16.770691994572594,6.3364993215739505,0.5020352781546813,0.3992,0.00908,0.0,0.0,0.0,0.0,0.0,0.0,0.0,0.0,0.0,0.0,0.0,16.248937977909915,13.751062022090062,0.0,0.0,0.0,0.0,0.0,0.0,0.0,0.0,0.0,0.0,0.0,0.0,0.0,0.0,0.0,0.0,0.0,0.3992,0.00909,0.0,0.0,0.0,0.0,0.0,0.0,0.0,0.0,0.0,0.0,0.0135685210312076,15.766621438263206,14.219810040705566,0.0,0.0,0.0,0.0,0.0,0.0,0.0,0.0,0.0,0.0,0.0,0.0,0.0,0.0,0.0,0.0,0.0
23700,4893,2507,0.5123646024933579,1141,996,0.43674637236868996,1389,0.5677498467198038,0.39799999999999996,2.976110645431685,3.1143099339914646,6.607038123167156,2.143901607160627,8372.230288166767,506.54504427391015,7853.0,8866.4,8866.4,0.0,7853.0,0.0,27.827713059472718,20.996373330962776,32.76484907497566,19.301702177880316,0.14224402207234826,0.09973431432658901,0.10075618230124668,0.07929695483343552,0.08256693235234008,0.07377886777028408,0.06969139587165338,0.06151645207439199,0.05845084815041897,0.05109339873288371,0.045370938074800735,0.03923973022685469,0.03372164316370325,0.02575107296137339,0.018393623543838136,0.010014306151645207,0.008379317392192928,0.9172737190213253,0.023109540907375527,0.0,0.0,0.0,0.0,0.0,0.0,0.0,0.0,0.0,0.0,0.0,0.0,0.0,0.0,0.0,0.0,0.0,0.0,0.0,0.0,0.0,0.0,0.0,0.0,0.006131207847946047,0.41692213366033115,6.339668914776213,15.959534028203558,6.7381974248927055,0.5395462906192521,4.336433611289288,2.8651587087764825,nan,nan,nan,4.3780332056194124,2.87813401199095,4.294458762886598,2.851391451943599,0.9809105050584033,0.399,0.009315,0.0,0.0,0.0,0.0,0.0,0.0,0.0,0.0,0.0,0.0,0.006131207847946047,16.247700797056996,13.74003678724709,0.006131207847946047,0.0,0.0,0.0,0.0,0.0,0.0,0.0,0.0,0.0,0.0,0.0,0.0,0.0,0.0,0.0,0.0,nan,nan,4.336433611289288,2.8651587087764825,nan,0.399,0.04382,0.0,0.0,0.0,0.0,0.0,0.0,0.0,0.0,0.0,0.0,0.0,0.0,0.0,0.0,0.0,0.0,0.0,0.0,0.0,0.0,0.0,0.0,0.0,0.0,2.0437359493153485e-05,2.0437359493153485e-05,0.00031677907214387903,0.003842223584712855,0.002861230329041488,0.00043940322910279993,0.010586552217453506,0.007010014306151645,0.027345187001839362,0.03778867770284079,0.025832822399346006,0.0474964234620887,0.06289597384017985,0.09234620886981403,0.07208256693235233,0.07927651747394236,0.07312487226650317,0.06927243000204374,0.11052524013897405,0.09001634988759452,0.06343756386674841,0.02239934600449622,0.03886163907623135,0.01662579194768036,0.029286736153688944,0.006539955037809115,0.0023605150214592273,0.00043940322910279993,0.006182301246678929,0.0,3.0656039239730225e-05,0.0003678724708767627,0.0,0.0,0.0,0.0003678724708767627,0.0,0.0,0.0,0.0,0.0,0.0,0.0,0.0,0.0,0.0,0.0,0.0,0.0,0.0,0.0,0.0,0.0,0.0,0.0,0.0,0.0,0.0,0.0,0.0,0.0,0.0,0.0,0.0,0.0,0.0,0.0,0.0,0.0,0.0,0.0,0.0,0.0,0.0,0.0,0.0,0.0,nan,nan,4.336433611289288,2.8651587087764825,nan,0.9170931721285229,0.023168189043452053,0.0,0.0,0.0,0.0,0.0,0.0,0.0,0.0,0.0,0.0,0.0,0.0,0.0,0.0,0.0,0.0,0.0,0.0,0.0,0.0,0.0,0.0,0.0,0.0,0.011966493817311531,0.3948942959712805,6.569605105704031,15.712006382130038,6.844834463502195,0.4666932588751497,0.9174634218965372,0.02304623400907,0.0,0.0,0.0,0.0,0.0,0.0,0.0,0.0,0.0,0.0,0.0,0.0,0.0,0.0,0.0,0.0,0.0,0.0,0.0,0.0,0.0,0.0,0.0,0.0,0.0,0.44006705783738487,6.09807208717519,16.21961441743504,6.626152556580052,0.6160938809723387,0.399,0.00926,0.0,0.0,0.0,0.0,0.0,0.0,0.0,0.0,0.0,0.0,0.011966493817311531,16.118867171918605,13.857199840446752,0.011966493817311531,0.0,0.0,0.0,0.0,0.0,0.0,0.0,0.0,0.0,0.0,0.0,0.0,0.0,0.0,0.0,0.0,0.399,0.009384,0.0,0.0,0.0,0.0,0.0,0.0,0.0,0.0,0.0,0.0,0.0,16.38306789606033,13.616932103939652,0.0,0.0,0.0,0.0,0.0,0.0,0.0,0.0,0.0,0.0,0.0,0.0,0.0,0.0,0.0,0.0,0.0
23800,4794,2493,0.5200250312891114,1170,941,0.4403420942845223,1322,0.5515227367542762,0.422,2.955236853541938,3.106706474345116,6.477544910179641,2.2416388805375336,8379.993366708384,506.2934616086196,7853.0,8866.4,8866.4,0.0,7853.0,0.0,28.0546516478932,21.059136004969766,33.07491289198606,19.309086697046155,0.14184397163120568,0.09824780976220275,0.09428452231956612,0.08176887776387151,0.08677513558614935,0.07154776804338757,0.06967042136003337,0.061535252398831876,0.0636211931581143,0.04735085523571131,0.04526491447642887,0.040884438881935756,0.03254067584480601,0.026491447642886943,0.01835627868168544,0.0114726741760534,0.008343763037129746,0.9166856083861977,0.02324260490277167,0.0,0.0,0.0,0.0,0.0,0.0,0.0,0.0,0.0,0.0,0.0,0.0,0.0,0.0,0.0,0.0,0.0,0.0,0.0,0.0,0.0,0.0,0.0,0.0,0.0,0.3692115143929913,6.708385481852317,15.719649561952444,6.764705882352943,0.43804755944931173,4.227905471026222,2.855399010986874,nan,nan,nan,4.2474093264248705,2.8783056730440886,4.208414239482201,2.832187921709099,0.9908190890150226,0.3987,0.00945,0.0,0.0,0.0,0.0,0.0,0.0,0.0,0.0,0.0,0.0,0.031289111389236554,16.28911138923652,13.679599499374222,0.0,0.0,0.0,0.0,0.0,0.0,0.0,0.0,0.0,0.0,0.0,0.0,0.0,0.0,0.0,0.0,0.0,nan,nan,4.227905471026222,2.855399010986874,nan,0.3987,0.0441,0.0,0.0,0.0,0.0,0.0,0.0,0.0,0.0,0.0,0.0,0.0,0.0,0.0,0.0,0.0,0.0,0.0,0.0,0.0,0.0,0.0,0.0,0.0,0.0,4.171881518564873e-05,0.00016687526074259492,0.00014601585314977055,0.0035252398831873174,0.0029411764705882353,0.000458906967042136,0.010784313725490196,0.00831247392574051,0.02762828535669587,0.03995619524405507,0.0245723821443471,0.048362536503963285,0.061587400917813936,0.08839173967459324,0.07447851481017939,0.07966207759699624,0.07146433041301627,0.07306007509386733,0.10708176887776387,0.09045682102628286,0.062296620775969966,0.020817688777638715,0.03997705465164789,0.015644555694618274,0.03198790154359616,0.00673758865248227,0.0023258239465999164,0.00015644555694618273,0.006080517313308302,0.0,0.0,0.0005319148936170213,0.0,0.0,0.0,0.00036503963287442637,0.0,0.0,0.0,0.0,0.0,0.0,0.0,0.0,0.0,0.0,0.0,0.0,0.0,0.0,0.0,0.0,0.0,0.0,0.0,0.0,0.0,0.0,0.0,0.0,0.0,0.0,0.0,0.0,0.0,0.0,0.0,0.0,0.0,0.0,0.0,0.0,0.0,0.0,0.0,0.0,0.0,nan,nan,4.227905471026222,2.855399010986874,nan,0.9173519625703924,0.023407813956099578,0.0,0.0,0.0,0.0,0.0,0.0,0.0,0.0,0.0,0.0,0.0,0.0,0.0,0.0,0.0,0.0,0.0,0.0,0.0,0.0,0.0,0.0,0.0,0.0,0.0,0.4091456077015645,6.522262334536705,15.643802647412759,6.931407942238269,0.4933814681107101,0.9159636522883283,0.02304053425450318,0.0,0.0,0.0,0.0,0.0,0.0,0.0,0.0,0.0,0.0,0.0,0.0,0.0,0.0,0.0,0.0,0.0,0.0,0.0,0.0,0.0,0.0,0.0,0.0,0.0,0.32594524119947854,6.910039113428946,15.80182529335072,6.584093872229467,0.37809647979139516,0.3987,0.00934,0.0,0.0,0.0,0.0,0.0,0.0,0.0,0.0,0.0,0.0,0.03610108303249098,16.438026474127533,13.525872442839955,0.0,0.0,0.0,0.0,0.0,0.0,0.0,0.0,0.0,0.0,0.0,0.0,0.0,0.0,0.0,0.0,0.0,0.399,0.00957,0.0,0.0,0.0,0.0,0.0,0.0,0.0,0.0,0.0,0.0,0.026075619295958283,16.127770534550173,13.846153846153848,0.0,0.0,0.0,0.0,0.0,0.0,0.0,0.0,0.0,0.0,0.0,0.0,0.0,0.0,0.0,0.0,0.0
23900,5058,2568,0.5077105575326216,1194,1052,0.44404903123764333,1456,0.575721629102412,0.38999999999999996,2.967871485943775,3.1034007592705075,6.612303290414879,2.0963672481364695,8367.51387900356,506.6397470539768,7853.0,8866.4,8866.399999999998,1.8189894035458565e-12,7853.0,0.0,27.697706603400555,20.78957821971617,32.66698135473212,19.05828179438895,0.1423487544483986,0.10102807433768288,0.08837485172004746,0.08936338473705022,0.0881771451166469,0.0753262158956109,0.06504547251878212,0.05970739422696718,0.060695927243969945,0.054369315935152235,0.04151838671411625,0.045472518782127325,0.029062870699881376,0.023922499011466983,0.01759588770264927,0.010676156583629894,0.0073151443258204826,0.917661141953293,0.022709577235377504,0.0,0.0,0.0,0.0,0.0,0.0,0.0,0.0,0.0,0.0,0.0,0.0,0.0,0.0,0.0,0.0,0.0,0.0,0.0,0.0,0.0,0.0,0.0,0.0,0.005931198102016609,0.43297746144721244,5.925266903914592,16.476868327402137,6.660735468564652,0.49822064056939513,4.302038295243978,2.8915227499077205,nan,nan,nan,4.244785276073619,2.893755777515771,4.360074626865671,2.8880992724222887,1.027160231506149,0.3987,0.009575,0.0,0.0,0.0,0.0,0.0,0.0,0.0,0.0,0.0,0.0,0.011862396204033218,16.90391459074731,13.08422301304864,0.0,0.0,0.0,0.0,0.0,0.0,0.0,0.0,0.0,0.0,0.0,0.0,0.0,0.0,0.0,0.0,0.0,nan,nan,4.302038295243978,2.8915227499077205,nan,0.3987,0.0446,0.0,0.0,0.0,0.0,0.0,0.0,0.0,0.0,0.0,0.0,0.0,0.0,0.0,0.0,0.0,0.0,0.0,0.0,0.0,0.0,0.0,0.0,0.0,0.0,1.9770660340055357e-05,0.00017793594306049823,9.885330170027679e-05,0.0035587188612099642,0.0037663107947805458,0.0005239224990114669,0.011555950968762357,0.00804665875840253,0.02807433768287861,0.039541320680110716,0.024752866745749308,0.050672202451561885,0.060340055357848955,0.0874258600237248,0.07652234084618426,0.08010083036773429,0.07154013444049032,0.07065045472518783,0.10911427441676552,0.08740608936338473,0.06138790035587188,0.018989719256623173,0.03835508105970739,0.016498616053776196,0.03296757611704231,0.007394226967180704,0.001996836694345591,0.00020759193357058124,0.0072162910241202055,0.0,2.9655990510083035e-05,0.0007908264136022143,0.0,0.0,0.0,0.000276789244760775,0.0,0.0,0.0,0.0,0.0,0.0,0.0,0.0,0.0,0.0,0.0,0.0,0.0,0.0,0.0,0.0,0.0,0.0,0.0,0.0,0.0,0.0,0.0,0.0,0.0,0.0,0.0,0.0,0.0,0.0,0.0,0.0,0.0,0.0,0.0,0.0,0.0,0.0,0.0,0.0,0.0,nan,nan,4.302038295243978,2.8915227499077205,nan,0.9176864693887137,0.02249933897461982,0.0,0.0,0.0,0.0,0.0,0.0,0.0,0.0,0.0,0.0,0.0,0.0,0.0,0.0,0.0,0.0,0.0,0.0,0.0,0.0,0.0,0.0,0.0,0.0,0.011682242990654209,0.4789719626168225,5.7242990654205625,16.62383177570094,6.693925233644861,0.46728971962616833,0.917635021128329,0.02292435242458934,0.0,0.0,0.0,0.0,0.0,0.0,0.0,0.0,0.0,0.0,0.0,0.0,0.0,0.0,0.0,0.0,0.0,0.0,0.0,0.0,0.0,0.0,0.0,0.0,0.0,0.38554216867469887,6.132530120481929,16.32530120481928,6.626506024096387,0.5301204819277109,0.3984,0.00962,0.0,0.0,0.0,0.0,0.0,0.0,0.0,0.0,0.0,0.0,0.0,17.032710280373806,12.967289719626171,0.0,0.0,0.0,0.0,0.0,0.0,0.0,0.0,0.0,0.0,0.0,0.0,0.0,0.0,0.0,0.0,0.0,0.3987,0.00952,0.0,0.0,0.0,0.0,0.0,0.0,0.0,0.0,0.0,0.0,0.02409638554216868,16.771084337349375,13.204819277108436,0.0,0.0,0.0,0.0,0.0,0.0,0.0,0.0,0.0,0.0,0.0,0.0,0.0,0.0,0.0,0.0,0.0
24000,4600,2403,0.5223913043478261,1114,946,0.44782608695652176,1310,0.5695652173913044,0.41,2.9726900318616294,3.087582232547892,6.548543689320389,2.221199597654832,8382.391347826086,506.1916561282252,7853.0,8866.4,8866.399999999998,1.8189894035458565e-12,7853.0,0.0,28.345434782608695,21.082756729913267,33.410316226023845,19.24374680075644,0.14,0.10086956521739131,0.08478260869565217,0.08543478260869565,0.07891304347826086,0.07804347826086956,0.06913043478260869,0.06021739130434783,0.06108695652173913,0.05326086956521739,0.044782608695652176,0.03978260869565217,0.03826086956521739,0.028478260869565217,0.019782608695652175,0.01108695652173913,0.00608695652173913,0.9178441813588143,0.02236330716445554,0.0,0.0,0.0,0.0,0.0,0.0,0.0,0.0,0.0,0.0,0.0,0.0,0.0,0.0,0.0,0.0,0.0,0.0,0.0,0.0,0.0,0.0,0.0,0.0,0.006521739130434784,0.35217391304347834,5.90217391304348,16.486956521739135,6.78913043478261,0.46304347826086967,4.26068090787717,2.875092626995006,nan,nan,nan,4.279255319148936,2.8129536000596826,4.241957104557641,2.936281945883314,0.9912839473671058,0.3984,0.0094,0.0,0.0,0.0,0.0,0.0,0.0,0.0,0.0,0.0,0.0,0.013043478260869568,16.976086956521712,13.010869565217394,0.0,0.0,0.0,0.0,0.0,0.0,0.0,0.0,0.0,0.0,0.0,0.0,0.0,0.0,0.0,0.0,0.0,nan,nan,4.26068090787717,2.875092626995006,nan,0.3984,0.04498,0.0,0.0,0.0,0.0,0.0,0.0,0.0,0.0,0.0,0.0,0.0,0.0,0.0,0.0,0.0,0.0,0.0,0.0,0.0,0.0,0.0,0.0,0.0,0.0,0.0,9.782608695652174e-05,0.0001956521739130435,0.003608695652173913,0.004369565217391304,0.00075,0.011880434782608695,0.010141304347826088,0.02691304347826087,0.04070652173913043,0.025478260869565218,0.049391304347826084,0.06041304347826087,0.08348913043478261,0.07752173913043478,0.08016304347826086,0.07167391304347825,0.07,0.10707608695652174,0.08970652173913043,0.06110869565217391,0.01991304347826087,0.03698913043478261,0.01591304347826087,0.033630434782608694,0.007184782608695652,0.0023478260869565218,0.00042391304347826086,0.007891304347826087,3.260869565217391e-05,5.4347826086956524e-05,0.000608695652173913,0.0,0.0,0.0,0.00032608695652173916,0.0,0.0,0.0,0.0,0.0,0.0,0.0,0.0,0.0,0.0,0.0,0.0,0.0,0.0,0.0,0.0,0.0,0.0,0.0,0.0,0.0,0.0,0.0,0.0,0.0,0.0,0.0,0.0,0.0,0.0,0.0,0.0,0.0,0.0,0.0,0.0,0.0,0.0,0.0,0.0,0.0,nan,nan,4.26068090787717,2.875092626995006,nan,0.9183134388239047,0.022814196519102735,0.0,0.0,0.0,0.0,0.0,0.0,0.0,0.0,0.0,0.0,0.0,0.0,0.0,0.0,0.0,0.0,0.0,0.0,0.0,0.0,0.0,0.0,0.0,0.0,0.0,0.38701622971285904,5.805243445692885,16.229712858926344,7.066167290886393,0.5118601747815232,0.9173309243316806,0.021847956127294108,0.0,0.0,0.0,0.0,0.0,0.0,0.0,0.0,0.0,0.0,0.0,0.0,0.0,0.0,0.0,0.0,0.0,0.0,0.0,0.0,0.0,0.0,0.0,0.0,0.013654984069185257,0.31406463359126086,6.008192990441513,16.768320436959492,6.486117432862996,0.40964952207555766,0.3987,0.00945,0.0,0.0,0.0,0.0,0.0,0.0,0.0,0.0,0.0,0.0,0.0,16.629213483146042,13.370786516853936,0.0,0.0,0.0,0.0,0.0,0.0,0.0,0.0,0.0,0.0,0.0,0.0,0.0,0.0,0.0,0.0,0.0,0.3982,0.00934,0.0,0.0,0.0,0.0,0.0,0.0,0.0,0.0,0.0,0.0,0.027309968138370513,17.35548475193443,12.617205279927177,0.0,0.0,0.0,0.0,0.0,0.0,0.0,0.0,0.0,0.0,0.0,0.0,0.0,0.0,0.0,0.0,0.0
24100,4407,2326,0.5277966870887225,1071,891,0.4452008168822328,1221,0.5541184479237576,0.43,3.0490148966842865,3.117050232683101,6.7020547945205475,2.1084295648359404,8387.869162695713,505.91638466551206,7853.0,8866.4,8866.4,0.0,7853.0,0.0,28.274563194917178,21.076388552624053,33.30159588855829,19.2882181280889,0.13818924438393465,0.10415248468345814,0.08940322214658498,0.08259587020648967,0.0785114590424325,0.07374631268436578,0.0717041071023372,0.058770138416156116,0.06353528477422282,0.04923984570002269,0.05014749262536873,0.04379396414794645,0.03358293623780349,0.025867937372362152,0.016564556387565238,0.012933968686181076,0.007261175402768323,0.9168548171607334,0.02312098726875035,0.0,0.0,0.0,0.0,0.0,0.0,0.0,0.0,0.0,0.0,0.0,0.0,0.0,0.0,0.0,0.0,0.0,0.0,0.0,0.0,0.0,0.0,0.0,0.0,0.0,0.4833219877467666,6.3716814159292054,16.06535057862492,6.637168141592922,0.44247787610619477,4.262364082777973,2.8548267302582992,nan,nan,nan,4.191988950276243,2.7990511257027433,4.3323823109843085,2.9088764054671334,1.0334908708904909,0.3984,0.00952,0.0,0.0,0.0,0.0,0.0,0.0,0.0,0.0,0.0,0.0,0.0,16.943498978897185,13.056501021102795,0.0,0.0,0.0,0.0,0.0,0.0,0.0,0.0,0.0,0.0,0.0,0.0,0.0,0.0,0.0,0.0,0.0,nan,nan,4.262364082777973,2.8548267302582992,nan,0.3984,0.04523,0.0,0.0,0.0,0.0,0.0,0.0,0.0,0.0,0.0,0.0,0.0,0.0,0.0,0.0,0.0,0.0,0.0,0.0,0.0,0.0,0.0,0.0,0.0,0.0,0.0,9.076469253460405e-05,0.0005672793283412752,0.0025981393238030405,0.004776491944633538,0.0006466984343090538,0.011322895393691855,0.010800998411617881,0.028658951667801226,0.04041297935103245,0.025357385976855003,0.04964828681642841,0.06319491717721806,0.08233492171545269,0.076333106421602,0.07889720898570456,0.06954844565464034,0.07300884955752213,0.10518493306103925,0.088166553210801,0.06229861583843885,0.020263217608350353,0.036861810755616065,0.01549807125028364,0.033299296573632856,0.007442704787837531,0.0027796687088722486,0.0004992058089403222,0.008134785568413887,1.1345586566825506e-05,5.672793283412752e-05,0.0009189925119128659,0.0,0.0,0.0,0.0003857499432720672,0.0,0.0,0.0,0.0,0.0,0.0,0.0,0.0,0.0,0.0,0.0,0.0,0.0,0.0,0.0,0.0,0.0,0.0,0.0,0.0,0.0,0.0,0.0,0.0,0.0,0.0,0.0,0.0,0.0,0.0,0.0,0.0,0.0,0.0,0.0,0.0,0.0,0.0,0.0,0.0,0.0,nan,nan,4.262364082777973,2.8548267302582992,nan,0.9168286077287416,0.02297504365251397,0.0,0.0,0.0,0.0,0.0,0.0,0.0,0.0,0.0,0.0,0.0,0.0,0.0,0.0,0.0,0.0,0.0,0.0,0.0,0.0,0.0,0.0,0.0,0.0,0.0,0.5417024935511608,6.203783319002581,16.134995700773864,6.642304385210664,0.477214101461737,0.9168841122778948,0.023282995502169383,0.0,0.0,0.0,0.0,0.0,0.0,0.0,0.0,0.0,0.0,0.0,0.0,0.0,0.0,0.0,0.0,0.0,0.0,0.0,0.0,0.0,0.0,0.0,0.0,0.0,0.4180682364247959,6.559346468044211,15.98750600672754,6.63142719846228,0.4036520903411822,0.3987,0.00975,0.0,0.0,0.0,0.0,0.0,0.0,0.0,0.0,0.0,0.0,0.0,16.779879621668076,13.220120378331904,0.0,0.0,0.0,0.0,0.0,0.0,0.0,0.0,0.0,0.0,0.0,0.0,0.0,0.0,0.0,0.0,0.0,0.3984,0.009254,0.0,0.0,0.0,0.0,0.0,0.0,0.0,0.0,0.0,0.0,0.0,17.12638154733299,12.87361845266699,0.0,0.0,0.0,0.0,0.0,0.0,0.0,0.0,0.0,0.0,0.0,0.0,0.0,0.0,0.0,0.0,0.0
24200,4759,2411,0.5066190376129439,1105,998,0.4418995587308258,1383,0.5812145408699306,0.38199999999999995,2.8551959114139693,3.003459576054221,6.342635658914729,2.2040405177059883,8366.407732716956,506.655599319496,7853.0,8866.4,8866.4,0.0,7853.0,0.0,28.10485396091616,20.909990704381066,32.97432061829968,19.165397972321582,0.13532254675351965,0.10254255095608321,0.09077537297751628,0.08657280941374239,0.07942845135532675,0.07522588779155284,0.07606640050430763,0.06282832527841983,0.05442319815087203,0.050430762765286824,0.044967430132380755,0.044126917419625974,0.034461021222945996,0.02962807312460601,0.016179869720529524,0.01197730615675562,0.005043076276528682,0.9170742921279142,0.023008630527384978,0.0,0.0,0.0,0.0,0.0,0.0,0.0,0.0,0.0,0.0,0.0,0.0,0.0,0.0,0.0,0.0,0.0,0.0,0.0,0.0,0.0,0.0,0.0,0.0,0.0,0.4160537928136164,6.555999159487289,15.86677873502837,6.726202983820132,0.43496532885059896,4.22515477354187,2.7992119434862497,nan,nan,nan,4.247563352826511,2.802194253304163,4.202746893394376,2.7969370875966573,0.9894489014737562,0.3982,0.00955,0.0,0.0,0.0,0.0,0.0,0.0,0.0,0.0,0.0,0.0,0.02521538138264342,17.266232401765052,12.708552216852283,0.0,0.0,0.0,0.0,0.0,0.0,0.0,0.0,0.0,0.0,0.0,0.0,0.0,0.0,0.0,0.0,0.0,nan,nan,4.22515477354187,2.7992119434862497,nan,0.3982,0.04523,0.0,0.0,0.0,0.0,0.0,0.0,0.0,0.0,0.0,0.0,0.0,0.0,0.0,0.0,0.0,0.0,0.0,0.0,0.0,0.0,0.0,0.0,0.0,0.0,0.0,0.0001891153603698256,0.0004517755831056945,0.0037192687539399035,0.005704980037823072,0.0003362050851019122,0.010086152553057365,0.011084261399453666,0.027999579743643623,0.03843244379071233,0.025436015969741543,0.050031519226728306,0.06432023534355957,0.0827064509350704,0.08036352174826644,0.07656020172305106,0.07142256776633747,0.07378650977096028,0.10464383273797016,0.0870350914057575,0.06528682496322757,0.017692792603488126,0.03439798276948939,0.01628493380962387,0.03194998949359109,0.006524479932758983,0.0026055894095398193,0.0006724101702038244,0.0088569027106535,3.1519226728304264e-05,0.00010506408909434755,0.0009665896196679975,0.0,0.0,0.0,0.00031519226728304265,0.0,0.0,0.0,0.0,0.0,0.0,0.0,0.0,0.0,0.0,0.0,0.0,0.0,0.0,0.0,0.0,0.0,0.0,0.0,0.0,0.0,0.0,0.0,0.0,0.0,0.0,0.0,0.0,0.0,0.0,0.0,0.0,0.0,0.0,0.0,0.0,0.0,0.0,0.0,0.0,0.0,nan,nan,4.22515477354187,2.7992119434862497,nan,0.9168137896115331,0.023270941240063514,0.0,0.0,0.0,0.0,0.0,0.0,0.0,0.0,0.0,0.0,0.0,0.0,0.0,0.0,0.0,0.0,0.0,0.0,0.0,0.0,0.0,0.0,0.0,0.0,0.0,0.42306097055163844,6.793861468270428,15.541269182911657,6.744089589382001,0.49771878888428045,0.917341784277401,0.02273302651039798,0.0,0.0,0.0,0.0,0.0,0.0,0.0,0.0,0.0,0.0,0.0,0.0,0.0,0.0,0.0,0.0,0.0,0.0,0.0,0.0,0.0,0.0,0.0,0.0,0.0,0.4088586030664396,6.311754684838162,16.20102214650767,6.707836456558775,0.37052810902896094,0.3982,0.00941,0.0,0.0,0.0,0.0,0.0,0.0,0.0,0.0,0.0,0.0,0.012442969722107013,17.519701368726647,12.467855661551226,0.0,0.0,0.0,0.0,0.0,0.0,0.0,0.0,0.0,0.0,0.0,0.0,0.0,0.0,0.0,0.0,0.0,0.3982,0.0097,0.0,0.0,0.0,0.0,0.0,0.0,0.0,0.0,0.0,0.0,0.038330494037478714,17.005962521294695,12.955706984667806,0.0,0.0,0.0,0.0,0.0,0.0,0.0,0.0,0.0,0.0,0.0,0.0,0.0,0.0,0.0,0.0,0.0
24300,4509,2391,0.5302727877578177,1140,883,0.44865823907740077,1226,0.5438012863162563,0.40599999999999997,2.95561850802644,3.0615212309058535,6.535655058043118,2.1026649032304383,8390.378443113772,505.7704253197441,7853.0,8866.4,8866.399999999998,1.8189894035458565e-12,7853.0,0.0,28.430472388556222,21.01205946491574,33.33806892922915,19.22935539137173,0.13683743623863384,0.09957862053670437,0.09447771124417831,0.07784431137724551,0.07518296739853626,0.07784431137724551,0.07207806609004214,0.06941672211133289,0.05433577289864715,0.05588822355289421,0.04746063428698159,0.044799290308272344,0.03260146373918829,0.023730317143490796,0.01752051452650255,0.012197826569084054,0.008205810601020182,0.9165593955965734,0.022867956715764158,0.0,0.0,0.0,0.0,0.0,0.0,0.0,0.0,0.0,0.0,0.0,0.0,0.0,0.0,0.0,0.0,0.0,0.0,0.0,0.0,0.0,0.0,0.0,0.0,0.0,0.492348636061211,6.540252827677979,16.04790419161677,6.5335994677312055,0.3858948769128411,4.241473396998636,2.9101504648636825,nan,nan,nan,4.2211604095563136,2.913818323094726,4.264665757162346,2.905199470017045,1.0103064900133956,0.3977,0.00965,0.0,0.0,0.0,0.0,0.0,0.0,0.0,0.0,0.0,0.0,0.019960079840319365,17.864271457085803,12.109115103127083,0.006653359946773122,0.0,0.0,0.0,0.0,0.0,0.0,0.0,0.0,0.0,0.0,0.0,0.0,0.0,0.0,0.0,0.0,nan,nan,4.241473396998636,2.9101504648636825,nan,0.3977,0.04535,0.0,0.0,0.0,0.0,0.0,0.0,0.0,0.0,0.0,0.0,0.0,0.0,0.0,0.0,0.0,0.0,0.0,0.0,0.0,0.0,0.0,0.0,0.0,0.0,0.0,0.00021068973164781548,0.00021068973164781548,0.003748059436682191,0.0063317808826790865,0.0005100909292526059,0.010301618984253715,0.010079840319361277,0.029729430028831227,0.039343535151918387,0.02570414726103349,0.049667332002661345,0.06658904413395432,0.08180306054557551,0.08246839654025283,0.07719006431581282,0.06897316478154801,0.0749500998003992,0.10469061876247505,0.08589487691284098,0.06339543135950322,0.01584608560656465,0.03454202705699712,0.01479263694832557,0.032357507207806606,0.006830782878687071,0.0028055001108893323,0.0005433577289864715,0.008993124861388334,1.1088933244621867e-05,0.00012197826569084055,0.0010201818585052118,3.32667997338656e-05,0.0,0.0,0.00031049013084941227,0.0,0.0,0.0,0.0,0.0,0.0,0.0,0.0,0.0,0.0,0.0,0.0,0.0,0.0,0.0,0.0,0.0,0.0,0.0,0.0,0.0,0.0,0.0,0.0,0.0,0.0,0.0,0.0,0.0,0.0,0.0,0.0,0.0,0.0,0.0,0.0,0.0,0.0,0.0,0.0,0.0,nan,nan,4.241473396998636,2.9101504648636825,nan,0.9160227826179096,0.022626852245147062,0.0,0.0,0.0,0.0,0.0,0.0,0.0,0.0,0.0,0.0,0.0,0.0,0.0,0.0,0.0,0.0,0.0,0.0,0.0,0.0,0.0,0.0,0.0,0.0,0.0,0.5018820577164367,6.599749058971144,16.336260978670015,6.210790464240905,0.35131744040150575,0.9171651754039317,0.02312215948421072,0.0,0.0,0.0,0.0,0.0,0.0,0.0,0.0,0.0,0.0,0.0,0.0,0.0,0.0,0.0,0.0,0.0,0.0,0.0,0.0,0.0,0.0,0.0,0.0,0.0,0.48158640226628907,6.473087818696886,15.722379603399437,6.89801699716714,0.4249291784702551,0.3977,0.009476,0.0,0.0,0.0,0.0,0.0,0.0,0.0,0.0,0.0,0.0,0.012547051442910918,17.741530740276012,12.245922208281057,0.0,0.0,0.0,0.0,0.0,0.0,0.0,0.0,0.0,0.0,0.0,0.0,0.0,0.0,0.0,0.0,0.0,0.3977,0.00984,0.0,0.0,0.0,0.0,0.0,0.0,0.0,0.0,0.0,0.0,0.028328611898017005,18.002832861189773,11.954674220963176,0.014164305949008502,0.0,0.0,0.0,0.0,0.0,0.0,0.0,0.0,0.0,0.0,0.0,0.0,0.0,0.0,0.0,0.0
24400,4608,2342,0.5082465277777778,1104,920,0.4392361111111111,1285,0.5577256944444444,0.414,3.0745807590467784,3.1733107446261677,6.664212076583211,2.195671318352118,8368.057031249999,506.6310788223383,7853.0,8866.4,8866.4,0.0,7853.0,0.0,28.151475694444443,20.965436741286393,33.01544401544402,19.234441126436476,0.1365017361111111,0.10438368055555555,0.091796875,0.08333333333333333,0.0763888888888889,0.078125,0.06749131944444445,0.064453125,0.05946180555555555,0.056206597222222224,0.04513888888888889,0.041015625,0.03125,0.026041666666666668,0.020399305555555556,0.01171875,0.006293402777777778,0.9163118224435797,0.022730909407666717,0.0,0.0,0.0,0.0,0.0,0.0,0.0,0.0,0.0,0.0,0.0,0.0,0.0,0.0,0.0,0.0,0.0,0.0,0.0,0.0,0.0,0.0,0.0,0.0,0.013020833333333336,0.33203125000000006,6.927083333333335,15.794270833333336,6.516927083333335,0.41666666666666674,4.367353835755322,2.908174863090871,nan,nan,nan,4.379635873229939,2.9024677345927,4.355013550135501,2.913845662441963,0.9943779976675825,0.398,0.010025,0.0,0.0,0.0,0.0,0.0,0.0,0.0,0.0,0.0,0.0,0.05208333333333334,17.389322916666643,12.558593750000004,0.0,0.0,0.0,0.0,0.0,0.0,0.0,0.0,0.0,0.0,0.0,0.0,0.0,0.0,0.0,0.0,0.0,nan,nan,4.367353835755322,2.908174863090871,nan,0.398,0.04538,0.0,0.0,0.0,0.0,0.0,0.0,0.0,0.0,0.0,0.0,0.0,0.0,0.0,0.0,0.0,0.0,0.0,0.0,0.0,0.0,1.0850694444444445e-05,0.0,0.0,0.0,0.0,0.00016276041666666666,5.425347222222222e-05,0.0034071180555555556,0.008452690972222222,0.0004123263888888889,0.009494357638888888,0.009038628472222223,0.028244357638888887,0.04063585069444445,0.02488064236111111,0.04887152777777778,0.06463758680555555,0.08179253472222223,0.08323567708333333,0.07898220486111111,0.068359375,0.07735460069444444,0.10460069444444445,0.08442925347222222,0.0661892361111111,0.014518229166666667,0.03282335069444445,0.014626736111111111,0.03301866319444444,0.007552083333333333,0.0030924479166666665,0.0006076388888888889,0.008843315972222222,2.170138888888889e-05,9.765625e-05,0.0010091145833333334,7.595486111111111e-05,0.0,4.340277777777778e-05,0.00042317708333333335,0.0,0.0,0.0,0.0,0.0,0.0,0.0,0.0,0.0,0.0,0.0,0.0,0.0,0.0,0.0,0.0,0.0,0.0,0.0,0.0,0.0,0.0,0.0,0.0,0.0,0.0,0.0,0.0,0.0,0.0,0.0,0.0,0.0,0.0,0.0,0.0,0.0,0.0,0.0,0.0,0.0,nan,nan,4.367353835755322,2.908174863090871,nan,0.9157585581330333,0.02254837610875923,0.0,0.0,0.0,0.0,0.0,0.0,0.0,0.0,0.0,0.0,0.0,0.0,0.0,0.0,0.0,0.0,0.0,0.0,0.0,0.0,0.0,0.0,0.0,0.0,0.0,0.28181041844577287,7.263023057216056,15.832621690862513,6.1870196413321965,0.43552519214346724,0.916883642838681,0.0229039969183326,0.0,0.0,0.0,0.0,0.0,0.0,0.0,0.0,0.0,0.0,0.0,0.0,0.0,0.0,0.0,0.0,0.0,0.0,0.0,0.0,0.0,0.0,0.0,0.0,0.026478375992939104,0.38393645189761705,6.579876434245368,15.754633715798768,6.857899382171229,0.3971756398940866,0.398,0.01003,0.0,0.0,0.0,0.0,0.0,0.0,0.0,0.0,0.0,0.0,0.06404782237403929,17.216054654141736,12.719897523484205,0.0,0.0,0.0,0.0,0.0,0.0,0.0,0.0,0.0,0.0,0.0,0.0,0.0,0.0,0.0,0.0,0.0,0.398,0.010025,0.0,0.0,0.0,0.0,0.0,0.0,0.0,0.0,0.0,0.0,0.03971756398940866,17.568402471315068,12.391879964695502,0.0,0.0,0.0,0.0,0.0,0.0,0.0,0.0,0.0,0.0,0.0,0.0,0.0,0.0,0.0,0.0,0.0
24500,4691,2413,0.5143892560221701,1159,958,0.45128970368791305,1315,0.5606480494564059,0.414,3.002194907813872,3.058615907018099,6.5,2.10195045580395,8374.282072052867,506.49013136945206,7853.0,8866.4,8866.399999999998,1.8189894035458565e-12,7853.0,0.0,28.171818375612876,20.99866261635227,33.06781376518219,19.252108472722632,0.13771050948625027,0.10147090172671072,0.09635472180771691,0.07290556384566191,0.08164570454060968,0.07738222127478149,0.07951396290769559,0.060967810701342995,0.05457258580260072,0.05286719249626945,0.04540609678107013,0.040289916862076315,0.03538691110637391,0.026433596248134725,0.01811980387976977,0.012364101470901726,0.006608399062033681,0.9158475845258034,0.022926269302106464,0.0,0.0,0.0,0.0,0.0,0.0,0.0,0.0,0.0,0.0,0.0,0.0,0.0,0.0,0.0,0.0,0.0,0.0,0.0,0.0,0.0,0.0,0.0,0.0,0.0,0.49243231720315506,6.810914517160522,16.11596674483053,6.152206352590068,0.42848006821573237,4.251805646749836,2.824121375922636,nan,nan,nan,4.202482037883736,2.813751638121144,4.302509907529722,2.834428184366732,1.0238020933211074,0.3977,0.00957,0.0,0.0,0.0,0.0,0.0,0.0,0.0,0.0,0.0,0.0,0.0,18.0217437646557,11.97825623534428,0.0,0.0,0.0,0.0,0.0,0.0,0.0,0.0,0.0,0.0,0.0,0.0,0.0,0.0,0.0,0.0,0.0,nan,nan,4.251805646749836,2.824121375922636,nan,0.3977,0.0455,0.0,0.0,0.0,0.0,0.0,0.0,0.0,0.0,0.0,0.0,0.0,0.0,0.0,0.0,0.0,0.0,0.0,0.0,0.0,0.0,3.197612449371136e-05,0.0,0.0,0.0,0.0,0.00010658708164570453,0.000117245789810275,0.002973779577915157,0.008985290982732893,0.00021317416329140907,0.009763376678746535,0.008612236196972926,0.030622468556810913,0.043380942229801746,0.024760179066297166,0.04831592410999787,0.06327009166489021,0.08270091664890215,0.08162438712428054,0.08002558089959497,0.06334470262204221,0.07567682796845022,0.10551055212108293,0.08814751652099766,0.06755489234704753,0.012726497548497123,0.032828821146877,0.015540396503943722,0.031496482626305694,0.0074824131315284585,0.0032509059901939885,0.00024515028778512046,0.009432956725644853,1.0658708164570453e-05,5.329354082285227e-05,0.0008846727776593477,3.197612449371136e-05,0.0,4.2634832658281814e-05,0.00023449157962055,0.0,0.0,0.0,0.0,0.0,0.0,0.0,0.0,0.0,0.0,0.0,0.0,0.0,0.0,0.0,0.0,0.0,0.0,0.0,0.0,0.0,0.0,0.0,0.0,0.0,0.0,0.0,0.0,0.0,0.0,0.0,0.0,0.0,0.0,0.0,0.0,0.0,0.0,0.0,0.0,0.0,nan,nan,4.251805646749836,2.824121375922636,nan,0.9155565109729173,0.022954868755503434,0.0,0.0,0.0,0.0,0.0,0.0,0.0,0.0,0.0,0.0,0.0,0.0,0.0,0.0,0.0,0.0,0.0,0.0,0.0,0.0,0.0,0.0,0.0,0.0,0.0,0.5097389142146707,6.937422295897225,16.013261500207214,6.092001657687527,0.44757563199336936,0.9161559078283117,0.022891899829675336,0.0,0.0,0.0,0.0,0.0,0.0,0.0,0.0,0.0,0.0,0.0,0.0,0.0,0.0,0.0,0.0,0.0,0.0,0.0,0.0,0.0,0.0,0.0,0.0,0.0,0.47410008779631263,6.67690956979807,16.224758560140476,6.215978928884988,0.40825285338015815,0.3977,0.0093,0.0,0.0,0.0,0.0,0.0,0.0,0.0,0.0,0.0,0.0,0.0,17.965188561956044,12.034811438043931,0.0,0.0,0.0,0.0,0.0,0.0,0.0,0.0,0.0,0.0,0.0,0.0,0.0,0.0,0.0,0.0,0.0,0.3975,0.00984,0.0,0.0,0.0,0.0,0.0,0.0,0.0,0.0,0.0,0.0,0.0,18.081650570676008,11.918349429323971,0.0,0.0,0.0,0.0,0.0,0.0,0.0,0.0,0.0,0.0,0.0,0.0,0.0,0.0,0.0,0.0,0.0
24600,4870,2509,0.5151950718685832,1163,1003,0.44476386036960985,1404,0.5765913757700205,0.40199999999999997,2.96569250317662,3.0291692955733085,6.431111111111111,2.0611203953070327,8375.098685831623,506.4659618124981,7853.0,8866.4,8866.4,0.0,7853.0,0.0,27.905544147843944,20.7260143169825,32.802442002442,18.962318366859783,0.13798767967145792,0.1,0.09075975359342915,0.08829568788501027,0.08275154004106776,0.07597535934291581,0.06919917864476385,0.06509240246406571,0.05605749486652977,0.05462012320328542,0.0459958932238193,0.040451745379876794,0.03223819301848049,0.02731006160164271,0.01868583162217659,0.010061601642710472,0.004517453798767967,0.914964154356559,0.023129259699079977,0.0,0.0,0.0,0.0,0.0,0.0,0.0,0.0,0.0,0.0,0.0,0.0,0.0,0.0,0.0,0.0,0.0,0.0,0.0,0.0,0.0,0.0,0.0,0.0,0.006160164271047229,0.5975359342915812,7.312114989733061,15.665297741273104,6.049281314168379,0.36960985626283377,4.321882951653944,2.849057612425651,nan,nan,nan,4.24967824967825,2.8739191174053467,4.392452830188679,2.822763425208221,1.0335965624035746,0.3984,0.00967,0.0,0.0,0.0,0.0,0.0,0.0,0.0,0.0,0.0,0.0,0.012320328542094458,17.01437371663242,12.967145790554417,0.006160164271047229,0.0,0.0,0.0,0.0,0.0,0.0,0.0,0.0,0.0,0.0,0.0,0.0,0.0,0.0,0.0,0.0,nan,nan,4.321882951653944,2.849057612425651,nan,0.3984,0.04578,0.0,0.0,0.0,0.0,0.0,0.0,0.0,0.0,0.0,0.0,0.0,0.0,0.0,0.0,0.0,0.0,0.0,0.0,0.0,0.0,9.240246406570841e-05,0.0,0.0,0.0,0.0,3.080082135523614e-05,8.213552361396303e-05,0.002618069815195072,0.009774127310061602,0.00032854209445585213,0.010410677618069816,0.008593429158110883,0.02959958932238193,0.04134496919917865,0.022926078028747434,0.04833675564681725,0.06224845995893224,0.07915811088295688,0.08211498973305954,0.08032854209445585,0.06332648870636551,0.07672484599589323,0.10195071868583162,0.0941170431211499,0.06817248459958933,0.013418891170431211,0.03273100616016427,0.016406570841889116,0.030092402464065707,0.009209445585215605,0.004106776180698152,0.00043121149897330595,0.00973305954825462,3.080082135523614e-05,0.00012320328542094456,0.0011190965092402463,6.160164271047228e-05,0.0,8.213552361396303e-05,0.00017453798767967145,0.0,0.0,0.0,0.0,0.0,0.0,0.0,0.0,0.0,0.0,0.0,0.0,0.0,0.0,0.0,0.0,0.0,0.0,0.0,0.0,0.0,0.0,0.0,0.0,0.0,0.0,0.0,0.0,0.0,0.0,0.0,0.0,0.0,0.0,0.0,0.0,0.0,0.0,0.0,0.0,0.0,nan,nan,4.321882951653944,2.849057612425651,nan,0.914840817166401,0.02378794142380024,0.0,0.0,0.0,0.0,0.0,0.0,0.0,0.0,0.0,0.0,0.0,0.0,0.0,0.0,0.0,0.0,0.0,0.0,0.0,0.0,0.0,0.0,0.0,0.0,0.011956954962136312,0.6935033878039061,7.413312076524513,15.245117576723798,6.181745715424474,0.45436428856117983,0.9150952229758331,0.022407333871149862,0.0,0.0,0.0,0.0,0.0,0.0,0.0,0.0,0.0,0.0,0.0,0.0,0.0,0.0,0.0,0.0,0.0,0.0,0.0,0.0,0.0,0.0,0.0,0.0,0.0,0.49555273189326565,7.204574332909785,16.11181702668361,5.908513341804322,0.27954256670902167,0.3984,0.00976,0.0,0.0,0.0,0.0,0.0,0.0,0.0,0.0,0.0,0.0,0.023913909924272624,17.038660821044218,12.925468314069354,0.011956954962136312,0.0,0.0,0.0,0.0,0.0,0.0,0.0,0.0,0.0,0.0,0.0,0.0,0.0,0.0,0.0,0.0,0.3984,0.00956,0.0,0.0,0.0,0.0,0.0,0.0,0.0,0.0,0.0,0.0,0.0,16.988564167725514,13.011435832274463,0.0,0.0,0.0,0.0,0.0,0.0,0.0,0.0,0.0,0.0,0.0,0.0,0.0,0.0,0.0,0.0,0.0
24700,4866,2521,0.5180846691327579,1157,1009,0.44512946979038226,1399,0.5750102753801891,0.414,3.0153518123667378,3.0655557613090334,6.5517751479289945,2.0217705162672304,8378.027003699139,506.36845373246905,7853.0,8866.4,8866.4,0.0,7853.0,0.0,28.63810110974106,20.97676329773714,33.386589203582666,19.195749253607634,0.13234689683518291,0.09330045211672831,0.09515002055076038,0.08692971639950678,0.07912042745581586,0.07295519934237567,0.07172215371968763,0.06720098643649815,0.05528154541718044,0.05137690094533498,0.0509658857377723,0.04541718043567612,0.035552815454171806,0.02466091245376079,0.02055076037813399,0.011302918207973694,0.006165228113440197,0.9140149871851259,0.02279947062334261,0.0,0.0,0.0,0.0,0.0,0.0,0.0,0.0,0.0,0.0,0.0,0.0,0.0,0.0,0.0,0.0,0.0,0.0,0.0,0.0,0.0,0.0,0.0,0.0,0.0,0.49938347718865606,7.6695437731196066,15.819975339087549,5.678175092478424,0.3329223181257707,4.242452830188679,2.8175142300358047,nan,nan,nan,4.195091252359975,2.790517264370381,4.28975487115022,2.8434342206989247,1.022565330071662,0.3984,0.00968,0.0,0.0,0.0,0.0,0.0,0.0,0.0,0.0,0.0,0.0,0.030826140567200993,16.96054254007396,13.00863131935882,0.0,0.0,0.0,0.0,0.0,0.0,0.0,0.0,0.0,0.0,0.0,0.0,0.0,0.0,0.0,0.0,0.0,nan,nan,4.242452830188679,2.8175142300358047,nan,0.3984,0.04572,0.0,0.0,0.0,0.0,0.0,0.0,0.0,0.0,0.0,0.0,0.0,0.0,0.0,0.0,0.0,0.0,0.0,0.0,0.0,0.0,0.00014385532264693795,0.0,0.0,0.0,0.0,6.165228113440197e-05,3.0826140567200985e-05,0.0026715988491574187,0.010809699958898479,0.0004418413481298808,0.010275380189066995,0.00813810110974106,0.031247431154952734,0.039169749280723386,0.022287299630086313,0.04866420057542129,0.06098438142211262,0.07929510891903001,0.08446362515413071,0.07871968762844225,0.060275380189066995,0.07948006576243322,0.10392519523222359,0.0966707768187423,0.06722153719687629,0.012166050143855323,0.03271681052198931,0.015926839293053843,0.029593094944512947,0.00916563912864776,0.004120427455815865,0.0005137690094533497,0.009032059186189888,7.192766132346897e-05,0.0002157829839704069,0.0012741471434443074,0.0,0.0,5.1376900945334976e-05,0.0001746814632141389,0.0,0.0,0.0,0.0,0.0,0.0,0.0,0.0,0.0,0.0,0.0,0.0,0.0,0.0,0.0,0.0,0.0,0.0,0.0,0.0,0.0,0.0,0.0,0.0,0.0,0.0,0.0,0.0,0.0,0.0,0.0,0.0,0.0,0.0,0.0,0.0,0.0,0.0,0.0,0.0,0.0,nan,nan,4.242452830188679,2.8175142300358047,nan,0.9142583449508216,0.022784719119335318,0.0,0.0,0.0,0.0,0.0,0.0,0.0,0.0,0.0,0.0,0.0,0.0,0.0,0.0,0.0,0.0,0.0,0.0,0.0,0.0,0.0,0.0,0.0,0.0,0.0,0.46410154700515677,7.639825466084888,15.600952003173347,5.914319714399049,0.38080126933756453,0.9137533646148405,0.022812423157236163,0.0,0.0,0.0,0.0,0.0,0.0,0.0,0.0,0.0,0.0,0.0,0.0,0.0,0.0,0.0,0.0,0.0,0.0,0.0,0.0,0.0,0.0,0.0,0.0,0.0,0.537313432835821,7.701492537313435,16.055437100213222,5.4243070362473365,0.28144989339019194,0.3984,0.00969,0.0,0.0,0.0,0.0,0.0,0.0,0.0,0.0,0.0,0.0,0.023800079333597783,16.969456564855193,13.006743355811189,0.0,0.0,0.0,0.0,0.0,0.0,0.0,0.0,0.0,0.0,0.0,0.0,0.0,0.0,0.0,0.0,0.0,0.3982,0.009674,0.0,0.0,0.0,0.0,0.0,0.0,0.0,0.0,0.0,0.0,0.03837953091684435,16.950959488272897,13.010660980810238,0.0,0.0,0.0,0.0,0.0,0.0,0.0,0.0,0.0,0.0,0.0,0.0,0.0,0.0,0.0,0.0,0.0
24800,4905,2581,0.526197757390418,1185,1009,0.4472986748216106,1399,0.5704383282364933,0.418,3.030550774526678,3.07527694168769,6.465773809523809,2.168227275971419,8386.248807339449,506.00400277947665,7853.0,8866.4,8866.4,0.0,7853.0,0.0,28.652395514780835,21.164268612996736,33.58381642512077,19.344548943841943,0.1396534148827727,0.08644240570846075,0.09704383282364934,0.09031600407747196,0.07196738022426095,0.07420998980632008,0.0691131498470948,0.06625891946992865,0.05728848114169215,0.05423037716615698,0.0491335372069317,0.04097859327217125,0.03486238532110092,0.030988786952089703,0.01712538226299694,0.01345565749235474,0.0069317023445463815,0.9141229573132187,0.02271970555820903,0.0,0.0,0.0,0.0,0.0,0.0,0.0,0.0,0.0,0.0,0.0,0.0,0.0,0.0,0.0,0.0,0.0,0.0,0.0,0.0,0.0,0.0,0.0,0.0,0.006116207951070338,0.470948012232416,7.633027522935781,15.914373088685018,5.6513761467889925,0.3241590214067279,4.252487562189055,2.8730920610274278,nan,nan,nan,4.255372945638432,2.8585300884767637,4.24969400244798,2.887117892079741,0.9986654652217328,0.3982,0.00955,0.0,0.0,0.0,0.0,0.0,0.0,0.0,0.0,0.0,0.0,0.018348623853211014,17.211009174311904,12.764525993883796,0.006116207951070338,0.0,0.0,0.0,0.0,0.0,0.0,0.0,0.0,0.0,0.0,0.0,0.0,0.0,0.0,0.0,0.0,nan,nan,4.252487562189055,2.8730920610274278,nan,0.3982,0.04578,0.0,0.0,0.0,0.0,0.0,0.0,0.0,0.0,0.0,0.0,0.0,0.0,0.0,0.0,0.0,0.0,0.0,0.0,0.0,0.0,6.116207951070337e-05,0.0,0.0,0.0,2.038735983690112e-05,8.154943934760448e-05,2.038735983690112e-05,0.0021916411824668704,0.011610601427115189,0.0003669724770642202,0.009673802242609582,0.008674821610601426,0.03126401630988787,0.03893985728848114,0.021080530071355758,0.049877675840978596,0.0626809378185525,0.08215086646279307,0.08329255861365953,0.07692150866462794,0.06077471967380224,0.07876656472986748,0.10466870540265036,0.09243628950050968,0.0663710499490316,0.013221202854230377,0.03560652395514781,0.01620795107033639,0.02836901121304791,0.009215086646279307,0.0042711518858307845,0.00046890927624872576,0.009062181447502548,0.0001834862385321101,4.077471967380224e-05,0.0009174311926605505,4.077471967380224e-05,0.0,0.00014271151885830784,0.00032619775739041793,0.0,0.0,0.0,0.0,0.0,0.0,0.0,0.0,0.0,0.0,0.0,0.0,0.0,0.0,0.0,0.0,0.0,0.0,0.0,0.0,0.0,0.0,0.0,0.0,0.0,0.0,0.0,0.0,0.0,0.0,0.0,0.0,0.0,0.0,0.0,0.0,0.0,0.0,0.0,0.0,0.0,nan,nan,4.252487562189055,2.8730920610274278,nan,0.9140579566296012,0.022761041152735688,0.0,0.0,0.0,0.0,0.0,0.0,0.0,0.0,0.0,0.0,0.0,0.0,0.0,0.0,0.0,0.0,0.0,0.0,0.0,0.0,0.0,0.0,0.0,0.0,0.0,0.406819062378923,7.8806664083688505,15.703215807826426,5.660596667958157,0.34870205346764827,0.9141951461103,0.022673492146977683,0.0,0.0,0.0,0.0,0.0,0.0,0.0,0.0,0.0,0.0,0.0,0.0,0.0,0.0,0.0,0.0,0.0,0.0,0.0,0.0,0.0,0.0,0.0,0.0,0.012908777969018936,0.5421686746987953,7.358003442340793,16.148881239242687,5.641135972461275,0.2969018932874355,0.3982,0.00958,0.0,0.0,0.0,0.0,0.0,0.0,0.0,0.0,0.0,0.0,0.034870205346764827,17.295621851995325,12.669507942657887,0.0,0.0,0.0,0.0,0.0,0.0,0.0,0.0,0.0,0.0,0.0,0.0,0.0,0.0,0.0,0.0,0.0,0.3984,0.00951,0.0,0.0,0.0,0.0,0.0,0.0,0.0,0.0,0.0,0.0,0.0,17.11703958691908,12.87005163511188,0.012908777969018936,0.0,0.0,0.0,0.0,0.0,0.0,0.0,0.0,0.0,0.0,0.0,0.0,0.0,0.0,0.0,0.0
24900,5037,2607,0.5175699821322216,1224,1017,0.444907683144729,1427,0.5666071074052015,0.40599999999999997,3.0267489711934155,3.1283425788896593,6.588652482269503,2.1729181672352342,8377.505419892792,506.387062455629,7853.0,8866.4,8866.4,0.0,7853.0,0.0,27.751240817947192,20.643293914250087,32.5932043416706,18.923386208805425,0.13718483224141353,0.10204486797697042,0.09370657137184832,0.08854476871153465,0.08159618820726623,0.07444907683144729,0.06908874329958309,0.06511812586857256,0.05975779233670836,0.052213619217788367,0.04546356958507048,0.04089735953940838,0.034345840778241016,0.023823704586063133,0.014889815366289458,0.011514790549930515,0.005360333531864205,0.9147031033159794,0.022861235851450813,0.0,0.0,0.0,0.0,0.0,0.0,0.0,0.0,0.0,0.0,0.0,0.0,0.0,0.0,0.0,0.0,0.0,0.0,0.0,0.0,0.0,0.0,0.0,0.0,0.0,0.5539011316259679,7.373436569386541,15.86658725431805,5.896366885050627,0.3097081596188208,4.330147965474723,2.9325237070709,nan,nan,nan,4.257213014119092,2.978460401630117,4.4037151702786375,2.8835798302003504,1.0344126910431002,0.3982,0.009514,0.0,0.0,0.0,0.0,0.0,0.0,0.0,0.0,0.0,0.0,0.01786777843954735,17.415128052412125,12.561048243001789,0.005955926146515785,0.0,0.0,0.0,0.0,0.0,0.0,0.0,0.0,0.0,0.0,0.0,0.0,0.0,0.0,0.0,0.0,nan,nan,4.330147965474723,2.9325237070709,nan,0.3982,0.04608,0.0,0.0,0.0,0.0,0.0,0.0,0.0,0.0,0.0,0.0,0.0,0.0,0.0,0.0,0.0,0.0,0.0,0.0,0.0,0.0,6.948580504268414e-05,0.0,0.0,0.0,1.985308715505261e-05,0.0,2.9779630732578915e-05,0.0024816358943815764,0.011197141155449673,0.00047647409172126264,0.01042287075640262,0.009489775660115147,0.032380385149890806,0.036420488385944014,0.02060750446694461,0.045761365892396266,0.06846337105419893,0.08315465554893786,0.08537820131030376,0.07503474290252134,0.062219575143934884,0.07879690291840381,0.10426841373833631,0.08889219773674806,0.06414532459797498,0.012150089338892198,0.036738137780424854,0.017957117331745088,0.027774468929918604,0.008963668850506253,0.004099662497518364,0.0004963271788763153,0.010174707166964463,0.00016875124081794718,4.9632717887631524e-05,0.0012408179471907882,0.0,0.0,0.00010919197935278935,0.0003672821123684733,0.0,0.0,0.0,0.0,0.0,0.0,0.0,0.0,0.0,0.0,0.0,0.0,0.0,0.0,0.0,0.0,0.0,0.0,0.0,0.0,0.0,0.0,0.0,0.0,0.0,0.0,0.0,0.0,0.0,0.0,0.0,0.0,0.0,0.0,0.0,0.0,0.0,0.0,0.0,0.0,0.0,nan,nan,4.330147965474723,2.9325237070709,nan,0.9147038050981879,0.02278881782776789,0.0,0.0,0.0,0.0,0.0,0.0,0.0,0.0,0.0,0.0,0.0,0.0,0.0,0.0,0.0,0.0,0.0,0.0,0.0,0.0,0.0,0.0,0.0,0.0,0.0,0.5178365937859609,7.399309551208287,15.776754890678944,6.006904487917147,0.29919447640966634,0.9147023504163012,0.022938674534098383,0.0,0.0,0.0,0.0,0.0,0.0,0.0,0.0,0.0,0.0,0.0,0.0,0.0,0.0,0.0,0.0,0.0,0.0,0.0,0.0,0.0,0.0,0.0,0.0,0.0,0.5925925925925927,7.3456790123456805,15.962962962962965,5.7777777777777795,0.32098765432098775,0.398,0.00947,0.0,0.0,0.0,0.0,0.0,0.0,0.0,0.0,0.0,0.0,0.03452243958573073,17.721518987341746,12.23245109321059,0.011507479861910244,0.0,0.0,0.0,0.0,0.0,0.0,0.0,0.0,0.0,0.0,0.0,0.0,0.0,0.0,0.0,0.0,0.3984,0.00956,0.0,0.0,0.0,0.0,0.0,0.0,0.0,0.0,0.0,0.0,0.0,17.086419753086396,12.913580246913583,0.0,0.0,0.0,0.0,0.0,0.0,0.0,0.0,0.0,0.0,0.0,0.0,0.0,0.0,0.0,0.0,0.0
25000,4213,2223,0.5276525041538096,1047,828,0.44505103251839545,1181,0.56064562069784,0.414,2.971859296482412,3.0300359153885004,6.266998341625207,2.2208171097942295,8387.723047709469,505.92449910739896,7853.0,8866.4,8866.4,0.0,7853.0,0.0,29.198670780916213,21.364217554815752,34.008382229673096,19.570605288941742,0.13126038452409208,0.09257061476382625,0.09067173035841443,0.0856871587942084,0.07595537621647282,0.07500593401376691,0.07120816520294328,0.0645620697840019,0.06005221932114883,0.05055779729408972,0.05103251839544268,0.04272489912176596,0.035841443152148114,0.03109423213861856,0.019700925706147638,0.013054830287206266,0.009019700925706147,0.915574410919223,0.02271364984973621,0.0,0.0,0.0,0.0,0.0,0.0,0.0,0.0,0.0,0.0,0.0,0.0,0.0,0.0,0.0,0.0,0.0,0.0,0.0,0.0,0.0,0.0,0.0,0.0,0.0,0.4201281746973654,7.078091621172563,16.043199620223124,6.116781390932829,0.34179919297412775,4.116061803808839,2.851550002911608,nan,nan,nan,4.147588192944564,2.844005786423144,4.0847092605886575,2.8597265803433016,0.9848396394649619,0.398,0.00987,0.0,0.0,0.0,0.0,0.0,0.0,0.0,0.0,0.0,0.0,0.014241633040588658,17.403275575599313,12.582482791360079,0.0,0.0,0.0,0.0,0.0,0.0,0.0,0.0,0.0,0.0,0.0,0.0,0.0,0.0,0.0,0.0,0.0,nan,nan,4.116061803808839,2.851550002911608,nan,0.398,0.04614,0.0,0.0,0.0,0.0,0.0,0.0,0.0,0.0,0.0,0.0,0.0,0.0,0.0,0.0,0.0,0.0,0.0,0.0,0.0,0.0,0.00013054830287206266,0.0,0.0,0.0,3.5604082601471636e-05,0.0,4.747211013529551e-05,0.002836458580583907,0.011215286019463566,0.0004509850462853074,0.012924281984334204,0.008841680512698789,0.0312603845240921,0.036909565630192265,0.020080702587230003,0.044244006646095416,0.06936862093520058,0.08277949204842155,0.08590078328981723,0.07787799667695229,0.05956563019226205,0.08179444576311418,0.10291953477332068,0.08531924994065987,0.061832423451222404,0.01285307381913126,0.03750296700688346,0.01936862093520057,0.029385236173747924,0.008723000237360551,0.004604794683123665,0.0003797768810823641,0.009328269641585568,0.00023736055067647758,1.1868027533823878e-05,0.000973178257773558,0.0,0.0,0.00011868027533823879,0.00017802041300735816,0.0,0.0,0.0,0.0,0.0,0.0,0.0,0.0,0.0,0.0,0.0,0.0,0.0,0.0,0.0,0.0,0.0,0.0,0.0,0.0,0.0,0.0,0.0,0.0,0.0,0.0,0.0,0.0,0.0,0.0,0.0,0.0,0.0,0.0,0.0,0.0,0.0,0.0,0.0,0.0,0.0,nan,nan,4.116061803808839,2.851550002911608,nan,0.915512011574562,0.02271829038013481,0.0,0.0,0.0,0.0,0.0,0.0,0.0,0.0,0.0,0.0,0.0,0.0,0.0,0.0,0.0,0.0,0.0,0.0,0.0,0.0,0.0,0.0,0.0,0.0,0.0,0.4183535762483132,7.152496626180838,15.951417004048587,6.140350877192984,0.3373819163292848,0.9156441163178065,0.022708262105705312,0.0,0.0,0.0,0.0,0.0,0.0,0.0,0.0,0.0,0.0,0.0,0.0,0.0,0.0,0.0,0.0,0.0,0.0,0.0,0.0,0.0,0.0,0.0,0.0,0.0,0.4221105527638192,6.994974874371861,16.145728643216085,6.090452261306534,0.3467336683417086,0.3977,0.00987,0.0,0.0,0.0,0.0,0.0,0.0,0.0,0.0,0.0,0.0,0.026990553306342785,17.43589743589741,12.537112010796225,0.0,0.0,0.0,0.0,0.0,0.0,0.0,0.0,0.0,0.0,0.0,0.0,0.0,0.0,0.0,0.0,0.0,0.3982,0.009865,0.0,0.0,0.0,0.0,0.0,0.0,0.0,0.0,0.0,0.0,0.0,17.366834170854247,12.633165829145732,0.0,0.0,0.0,0.0,0.0,0.0,0.0,0.0,0.0,0.0,0.0,0.0,0.0,0.0,0.0,0.0,0.0
25100,4256,2140,0.5028195488721805,989,903,0.44454887218045114,1206,0.5667293233082706,0.418,2.9499054820415878,3.162478657257152,6.786596119929453,2.1517304182422987,8362.557330827067,506.69194355204075,7853.0,8866.4,8866.399999999998,1.8189894035458565e-12,7853.0,0.0,27.246475563909776,20.6965434208428,32.13464235624124,19.06771995722567,0.14097744360902256,0.10784774436090226,0.09468984962406016,0.09609962406015038,0.07612781954887218,0.06954887218045112,0.07330827067669173,0.06132518796992481,0.0549812030075188,0.05568609022556391,0.044642857142857144,0.03618421052631579,0.03171992481203008,0.024201127819548873,0.014332706766917292,0.010808270676691729,0.007518796992481203,0.9157438084371108,0.02255606424877498,0.0,0.0,0.0,0.0,0.0,0.0,0.0,0.0,0.0,0.0,0.0,0.0,0.0,0.0,0.0,0.0,0.0,0.0,0.0,0.0,0.0,0.0,0.0,0.0,0.014097744360902258,0.45112781954887227,6.9783834586466185,16.057330827067673,6.153665413533837,0.3453947368421053,4.439388287952257,2.9530960113946216,nan,nan,nan,4.487878787878788,2.9613426086681836,4.39235855988244,2.944313006600973,0.9787159518981803,0.3975,0.00992,0.0,0.0,0.0,0.0,0.0,0.0,0.0,0.0,0.0,0.0,0.03524436090225565,17.875939849624032,12.081766917293237,0.007048872180451129,0.0,0.0,0.0,0.0,0.0,0.0,0.0,0.0,0.0,0.0,0.0,0.0,0.0,0.0,0.0,0.0,nan,nan,4.439388287952257,2.9530960113946216,nan,0.3975,0.04654,0.0,0.0,0.0,0.0,0.0,0.0,0.0,0.0,0.0,0.0,0.0,0.0,0.0,0.0,0.0,0.0,0.0,0.0,0.0,0.0,0.00015272556390977444,0.0,0.0,0.0,0.0,0.0,1.174812030075188e-05,0.0037359022556390977,0.011195958646616542,0.000387687969924812,0.013851033834586466,0.010714285714285714,0.029323308270676692,0.038028665413533835,0.020653195488721805,0.04375,0.07196898496240602,0.08082706766917293,0.08358787593984962,0.08152020676691729,0.059480733082706766,0.08073308270676692,0.10284304511278196,0.08582001879699248,0.05978618421052632,0.012476503759398495,0.036019736842105264,0.018961466165413533,0.030086936090225565,0.007366071428571428,0.004299812030075188,0.0007048872180451127,0.009962406015037594,0.00027020676691729323,0.0,0.000975093984962406,0.0,0.0,8.223684210526316e-05,0.00042293233082706767,0.0,0.0,0.0,0.0,0.0,0.0,0.0,0.0,0.0,0.0,0.0,0.0,0.0,0.0,0.0,0.0,0.0,0.0,0.0,0.0,0.0,0.0,0.0,0.0,0.0,0.0,0.0,0.0,0.0,0.0,0.0,0.0,0.0,0.0,0.0,0.0,0.0,0.0,0.0,0.0,0.0,nan,nan,4.439388287952257,2.9530960113946216,nan,0.9156820578274326,0.022967466388443308,0.0,0.0,0.0,0.0,0.0,0.0,0.0,0.0,0.0,0.0,0.0,0.0,0.0,0.0,0.0,0.0,0.0,0.0,0.0,0.0,0.0,0.0,0.0,0.0,0.01401869158878505,0.46261682242990665,7.345794392523366,15.54672897196262,6.2803738317757025,0.3504672897196262,0.9158062594317758,0.022132044159367353,0.0,0.0,0.0,0.0,0.0,0.0,0.0,0.0,0.0,0.0,0.0,0.0,0.0,0.0,0.0,0.0,0.0,0.0,0.0,0.0,0.0,0.0,0.0,0.0,0.014177693761814748,0.4395085066162572,6.606805293005673,16.57372400756144,6.0255198487712684,0.3402646502835539,0.3972,0.00994,0.0,0.0,0.0,0.0,0.0,0.0,0.0,0.0,0.0,0.0,0.0560747663551402,18.23831775700932,11.691588785046733,0.01401869158878505,0.0,0.0,0.0,0.0,0.0,0.0,0.0,0.0,0.0,0.0,0.0,0.0,0.0,0.0,0.0,0.0,0.3977,0.009895,0.0,0.0,0.0,0.0,0.0,0.0,0.0,0.0,0.0,0.0,0.014177693761814748,17.509451795841187,12.476370510396979,0.0,0.0,0.0,0.0,0.0,0.0,0.0,0.0,0.0,0.0,0.0,0.0,0.0,0.0,0.0,0.0,0.0
25200,4434,2299,0.5184934596301308,1041,900,0.43775372124492556,1252,0.5647271087054578,0.40599999999999997,2.9779859484777518,3.0655573465906345,6.389154704944179,2.131650397287925,8378.441271989173,506.3532904250032,7853.0,8866.4,8866.4,0.0,7853.0,0.0,27.981732070365357,20.95374505265232,33.10342965163381,19.130882168988226,0.14208389715832206,0.09923319801533605,0.09246729815065403,0.08840775823184484,0.07848443843031123,0.07397383852052324,0.06224627875507442,0.06134415877311682,0.06314839873703203,0.056833558863328824,0.04645917907081642,0.03834009923319801,0.03856562922868741,0.02368064952638701,0.018718989625620207,0.009923319801533603,0.006089309878213802,0.9163367480752056,0.02296374230336228,0.0,0.0,0.0,0.0,0.0,0.0,0.0,0.0,0.0,0.0,0.0,0.0,0.0,0.0,0.0,0.0,0.0,0.0,0.0,0.0,0.0,0.0,0.0,0.0,0.0,0.40595399188092024,6.8335588633288245,15.8660351826793,6.468200270635996,0.4262516914749663,4.289676966292135,2.8657959964732367,nan,nan,nan,4.291495198902607,2.8625478282304715,4.287769784172662,2.8691978783252794,0.9991319075153813,0.3972,0.009895,0.0,0.0,0.0,0.0,0.0,0.0,0.0,0.0,0.0,0.0,0.040595399188092025,18.322056833558836,11.637347767253049,0.0,0.0,0.0,0.0,0.0,0.0,0.0,0.0,0.0,0.0,0.0,0.0,0.0,0.0,0.0,0.0,0.0,nan,nan,4.289676966292135,2.8657959964732367,nan,0.3972,0.04617,0.0,0.0,0.0,0.0,0.0,0.0,0.0,0.0,0.0,0.0,0.0,0.0,0.0,0.0,0.0,0.0,0.0,0.0,0.0,0.0,4.510599909788002e-05,0.0,0.0,0.0,0.0,0.0,5.638249887235002e-05,0.0039354984212900315,0.012640956247180875,0.00030446549391069014,0.013238610735227785,0.010340550293188994,0.02598105548037889,0.04047135769057285,0.020647271087054577,0.04232070365358593,0.07123364907532702,0.08294993234100136,0.08152909336941813,0.08623139377537213,0.05887460532250789,0.08043527289129454,0.1072958953540821,0.08667117726657646,0.05772440234551195,0.011862877762742445,0.036513306269733876,0.017219215155615697,0.02967974740640505,0.005931438881371222,0.004014433919711321,0.0006765899864682003,0.009325665313486694,0.00023680649526387009,0.0,0.0009810554803788903,0.0,4.510599909788002e-05,0.00014659449706811006,0.00043978349120433015,0.0,0.0,0.0,0.0,0.0,0.0,0.0,0.0,0.0,0.0,0.0,0.0,0.0,0.0,0.0,0.0,0.0,0.0,0.0,0.0,0.0,0.0,0.0,0.0,0.0,0.0,0.0,0.0,0.0,0.0,0.0,0.0,0.0,0.0,0.0,0.0,0.0,0.0,0.0,0.0,0.0,nan,nan,4.289676966292135,2.8657959964732367,nan,0.9165645742115637,0.022843269132646924,0.0,0.0,0.0,0.0,0.0,0.0,0.0,0.0,0.0,0.0,0.0,0.0,0.0,0.0,0.0,0.0,0.0,0.0,0.0,0.0,0.0,0.0,0.0,0.0,0.0,0.2870813397129187,6.8508046976946515,15.998260113092652,6.420182688125274,0.44367116137451074,0.9160914214768511,0.023090253447459557,0.0,0.0,0.0,0.0,0.0,0.0,0.0,0.0,0.0,0.0,0.0,0.0,0.0,0.0,0.0,0.0,0.0,0.0,0.0,0.0,0.0,0.0,0.0,0.0,0.0,0.5339578454332554,6.814988290398128,15.723653395784547,6.519906323185014,0.40749414519906335,0.397,0.00986,0.0,0.0,0.0,0.0,0.0,0.0,0.0,0.0,0.0,0.0,0.039147455415398005,18.294910830795974,11.665941713788607,0.0,0.0,0.0,0.0,0.0,0.0,0.0,0.0,0.0,0.0,0.0,0.0,0.0,0.0,0.0,0.0,0.0,0.3972,0.009926,0.0,0.0,0.0,0.0,0.0,0.0,0.0,0.0,0.0,0.0,0.042154566744730684,18.351288056206062,11.606557377049183,0.0,0.0,0.0,0.0,0.0,0.0,0.0,0.0,0.0,0.0,0.0,0.0,0.0,0.0,0.0,0.0,0.0
25300,4413,2299,0.5209607976433266,1063,896,0.44391570360299115,1232,0.5583503285746657,0.414,2.9640491958372754,3.1377449840756015,6.718260869565217,2.194205119367857,8380.94167233175,506.2545618130769,7853.0,8866.4,8866.4,0.0,7853.0,0.0,28.03149784726943,21.164075943373362,33.12632149634047,19.415790706445456,0.14230682075685475,0.10333106730115568,0.09268071606616814,0.0849762066621346,0.07840471334692953,0.07115341037842737,0.06934058463630184,0.06390210740992522,0.0527985497394063,0.056197598005891684,0.04509404033537276,0.041241785633355996,0.03467029231815092,0.02583276682528892,0.01699524133242692,0.012236573759347382,0.008837525492861998,0.9159910929411035,0.023103562605787165,0.0,0.0,0.0,0.0,0.0,0.0,0.0,0.0,0.0,0.0,0.0,0.0,0.0,0.0,0.0,0.0,0.0,0.0,0.0,0.0,0.0,0.0,0.0,0.0,0.0,0.44187627464310003,7.049626104690688,15.649218218898712,6.485384092454114,0.3738953093133924,4.2667371388301625,2.8625476405343813,nan,nan,nan,4.269908386187456,2.8691974367409516,4.266572637517631,2.854639598560842,0.9992187774612176,0.3972,0.00952,0.0,0.0,0.0,0.0,0.0,0.0,0.0,0.0,0.0,0.0,0.02719238613188308,18.504418762746404,11.461590754588718,0.00679809653297077,0.0,0.0,0.0,0.0,0.0,0.0,0.0,0.0,0.0,0.0,0.0,0.0,0.0,0.0,0.0,0.0,nan,nan,4.2667371388301625,2.8625476405343813,nan,0.3972,0.0459,0.0,0.0,0.0,0.0,0.0,0.0,0.0,0.0,0.0,0.0,0.0,0.0,0.0,0.0,0.0,0.0,0.0,0.0,0.0,0.0,0.00010197144799456152,0.0,0.0,0.0,0.0,0.0,3.399048266485384e-05,0.003988216632676184,0.011398141853614322,0.00045320643553138455,0.013086335825968728,0.011953319737140268,0.02539089055064582,0.039791525039655565,0.02139134375708135,0.04202356673464763,0.0714253342397462,0.08301608882846137,0.08323136188533878,0.08518014955812372,0.05844096986177204,0.07952639927486971,0.10576705189213687,0.08616587355540449,0.05958531611148878,0.013822796283707228,0.0386585089508271,0.015533650577838206,0.02932245637888058,0.005823702696578292,0.004033537276229323,0.0007251302968502152,0.008803535010197145,0.0001812825742125538,0.0,0.0008837525492861999,0.0,7.931112621799229e-05,1.1330160888284613e-05,0.0001699524133242692,0.0,0.0,0.0,0.0,0.0,0.0,0.0,0.0,0.0,0.0,0.0,0.0,0.0,0.0,0.0,0.0,0.0,0.0,0.0,0.0,0.0,0.0,0.0,0.0,0.0,0.0,0.0,0.0,0.0,0.0,0.0,0.0,0.0,0.0,0.0,0.0,0.0,0.0,0.0,0.0,0.0,nan,nan,4.2667371388301625,2.8625476405343813,nan,0.9161833059844788,0.023041302715133147,0.0,0.0,0.0,0.0,0.0,0.0,0.0,0.0,0.0,0.0,0.0,0.0,0.0,0.0,0.0,0.0,0.0,0.0,0.0,0.0,0.0,0.0,0.0,0.0,0.0,0.4175728577642454,7.163984341017835,15.554588951718141,6.472379295345804,0.3914745541539801,0.9157820589833363,0.023169271121985694,0.0,0.0,0.0,0.0,0.0,0.0,0.0,0.0,0.0,0.0,0.0,0.0,0.0,0.0,0.0,0.0,0.0,0.0,0.0,0.0,0.0,0.0,0.0,0.0,0.0,0.46830652790917704,6.925260170293285,15.752128666035954,6.499526963103124,0.35477767265846744,0.3975,0.009445,0.0,0.0,0.0,0.0,0.0,0.0,0.0,0.0,0.0,0.0,0.013049151805132669,18.595041322314025,11.378860374075689,0.013049151805132669,0.0,0.0,0.0,0.0,0.0,0.0,0.0,0.0,0.0,0.0,0.0,0.0,0.0,0.0,0.0,0.0,0.397,0.00959,0.0,0.0,0.0,0.0,0.0,0.0,0.0,0.0,0.0,0.0,0.04257332071901609,18.405865657521257,11.5515610217597,0.0,0.0,0.0,0.0,0.0,0.0,0.0,0.0,0.0,0.0,0.0,0.0,0.0,0.0,0.0,0.0,0.0
25400,4471,2329,0.5209125475285171,1090,912,0.4477745470811899,1209,0.5408186088123462,0.434,2.876283846872082,3.0415896517183727,6.457960644007156,2.1833497737621115,8380.8927756654,506.2566110774218,7853.0,8866.4,8866.400000000001,1.8189894035458565e-12,7853.0,0.0,27.573249832252294,20.641445738898458,32.49426819514796,18.891640004362714,0.14247371952583315,0.10243793334824423,0.09595168866025498,0.08499217177365243,0.07537463654663386,0.07716394542607918,0.07090136434802058,0.06441511966003131,0.06195481995079401,0.05345560277342876,0.04160143144710356,0.03891746812793558,0.03220755983001566,0.023932006262581077,0.02035338850369045,0.009170208007157236,0.00469693580854395,0.9156928463180549,0.023037364332886695,0.0,0.0,0.0,0.0,0.0,0.0,0.0,0.0,0.0,0.0,0.0,0.0,0.0,0.0,0.0,0.0,0.0,0.0,0.0,0.0,0.0,0.0,0.0,0.0,0.00670990829791993,0.5300827555356744,6.73003802281369,16.009841198836952,6.387832699619773,0.3354954148959965,4.18780658724597,2.848753133932907,nan,nan,nan,4.154949784791966,2.852235002532848,4.219178082191781,2.8450706004792554,1.015458260803754,0.397,0.00957,0.0,0.0,0.0,0.0,0.0,0.0,0.0,0.0,0.0,0.0,0.01341981659583986,18.646835159919455,11.333035115186762,0.00670990829791993,0.0,0.0,0.0,0.0,0.0,0.0,0.0,0.0,0.0,0.0,0.0,0.0,0.0,0.0,0.0,0.0,nan,nan,4.18780658724597,2.848753133932907,nan,0.397,0.0454,0.0,0.0,0.0,0.0,0.0,0.0,0.0,0.0,0.0,0.0,0.0,0.0,0.0,0.0,0.0,0.0,0.0,0.0,0.0,0.0,3.354954148959964e-05,0.0,0.0,0.0,0.0,2.236636099306643e-05,0.00013419816595839856,0.003489152314918363,0.011462760008946544,0.0003914113173786625,0.01336390069335719,0.011250279579512414,0.02446879892641467,0.038816819503466785,0.020386938045180047,0.044307761127264596,0.07090136434802058,0.08469022590024602,0.08887273540594945,0.08276671885484231,0.05758219637664952,0.08230820845448446,0.10628494743905166,0.08490270632968017,0.06017669425184523,0.013061954819950794,0.03702751062402147,0.015108476850816371,0.028450011183180496,0.004797584433012749,0.0034779691344218296,0.0008611048982330575,0.009248490270632967,0.00036904495638559606,2.236636099306643e-05,0.0007269067322746589,3.354954148959964e-05,0.00012301498546186536,0.0,7.82822634757325e-05,0.0,0.0,0.0,0.0,0.0,0.0,0.0,0.0,0.0,0.0,0.0,0.0,0.0,0.0,0.0,0.0,0.0,0.0,0.0,0.0,0.0,0.0,0.0,0.0,0.0,0.0,0.0,0.0,0.0,0.0,0.0,0.0,0.0,0.0,0.0,0.0,0.0,0.0,0.0,0.0,0.0,nan,nan,4.18780658724597,2.848753133932907,nan,0.9157765031168009,0.022857358959272822,0.0,0.0,0.0,0.0,0.0,0.0,0.0,0.0,0.0,0.0,0.0,0.0,0.0,0.0,0.0,0.0,0.0,0.0,0.0,0.0,0.0,0.0,0.0,0.0,0.012881064834693005,0.5152425933877202,6.595105195362819,16.346071275225423,6.157148990983256,0.3735508802060971,0.9156018861479898,0.023231159965766784,0.0,0.0,0.0,0.0,0.0,0.0,0.0,0.0,0.0,0.0,0.0,0.0,0.0,0.0,0.0,0.0,0.0,0.0,0.0,0.0,0.0,0.0,0.0,0.0,0.0,0.546218487394958,6.876750700280113,15.644257703081236,6.638655462184875,0.2941176470588236,0.3972,0.009514,0.0,0.0,0.0,0.0,0.0,0.0,0.0,0.0,0.0,0.0,0.0,18.44568484328035,11.541434091884932,0.012881064834693005,0.0,0.0,0.0,0.0,0.0,0.0,0.0,0.0,0.0,0.0,0.0,0.0,0.0,0.0,0.0,0.0,0.3967,0.00961,0.0,0.0,0.0,0.0,0.0,0.0,0.0,0.0,0.0,0.0,0.028011204481792725,18.865546218487367,11.106442577030814,0.0,0.0,0.0,0.0,0.0,0.0,0.0,0.0,0.0,0.0,0.0,0.0,0.0,0.0,0.0,0.0,0.0
25500,4724,2406,0.5093141405588484,1137,991,0.4504657070279424,1378,0.5834038950042337,0.39799999999999996,2.9620362381363243,3.058296061715195,6.5,2.0394522693390957,8369.138950042337,506.61207666428373,7853.0,8866.4,8866.4,0.0,7853.0,0.0,27.95596951735817,20.824764015156628,32.893729539158905,19.03573991399897,0.140770533446232,0.09843353090601185,0.09419983065198984,0.08022861981371719,0.0825571549534293,0.07324301439458086,0.07091447925486875,0.06773920406435224,0.06414055884843353,0.04953429297205758,0.04805249788314987,0.03640982218458933,0.03471634208298052,0.023708721422523286,0.018204911092294666,0.010584250635055038,0.006562235393734124,0.9152420739139367,0.02283142892041696,0.0,0.0,0.0,0.0,0.0,0.0,0.0,0.0,0.0,0.0,0.0,0.0,0.0,0.0,0.0,0.0,0.0,0.0,0.0,0.0,0.0,0.0,0.0,0.0,0.012701100762066049,0.4699407281964438,7.144369178662152,15.882726502963592,6.096528365791704,0.3937341236240475,4.33398885611275,2.8342537319114274,nan,nan,nan,4.318181818181818,2.790832699275961,4.3496412263535555,2.8765185504504878,1.0072853366292445,0.3977,0.00975,0.0,0.0,0.0,0.0,0.0,0.0,0.0,0.0,0.0,0.0,0.03175275190516512,17.851397121083803,12.116850127011011,0.0,0.0,0.0,0.0,0.0,0.0,0.0,0.0,0.0,0.0,0.0,0.0,0.0,0.0,0.0,0.0,0.0,nan,nan,4.33398885611275,2.8342537319114274,nan,0.3977,0.04608,0.0,0.0,0.0,0.0,0.0,0.0,0.0,0.0,0.0,0.0,0.0,0.0,0.0,0.0,0.0,0.0,0.0,0.0,0.0,0.0,0.0,0.0,0.0,0.0,0.0,0.0,0.00017993226079593565,0.004043183742591025,0.012933954276037257,0.00037044877222692634,0.01230948348856901,0.010743014394580863,0.024947078746824725,0.03899237933954276,0.01934801016088061,0.04133149872988992,0.07036409822184589,0.08199618966977137,0.08846316680779001,0.0836367485182049,0.058414479254868756,0.07904318374259102,0.1061917866215072,0.0858276883996613,0.06183319220999153,0.012902201524132092,0.03787044877222693,0.017273497036409822,0.029741744284504656,0.004752328535139712,0.003376375952582557,0.0008996613039796782,0.010171464860287891,0.0006773920406435225,0.00012701100762066046,0.0009525825571549535,0.00012701100762066046,6.350550381033023e-05,0.0,9.525825571549534e-05,0.0,0.0,0.0,0.0,0.0,0.0,0.0,0.0,0.0,0.0,0.0,0.0,0.0,0.0,0.0,0.0,0.0,0.0,0.0,0.0,0.0,0.0,0.0,0.0,0.0,0.0,0.0,0.0,0.0,0.0,0.0,0.0,0.0,0.0,0.0,0.0,0.0,0.0,0.0,0.0,0.0,nan,nan,4.33398885611275,2.8342537319114274,nan,0.9150383752381316,0.0229649314033617,0.0,0.0,0.0,0.0,0.0,0.0,0.0,0.0,0.0,0.0,0.0,0.0,0.0,0.0,0.0,0.0,0.0,0.0,0.0,0.0,0.0,0.0,0.0,0.0,0.024937655860349132,0.5236907730673318,7.032418952618455,16.009975062344143,6.084788029925188,0.3241895261845387,0.9154535057577622,0.022690093415943784,0.0,0.0,0.0,0.0,0.0,0.0,0.0,0.0,0.0,0.0,0.0,0.0,0.0,0.0,0.0,0.0,0.0,0.0,0.0,0.0,0.0,0.0,0.0,0.0,0.0,0.41415012942191554,7.260569456427957,15.750647109577224,6.108714408973254,0.465918895599655,0.3975,0.00978,0.0,0.0,0.0,0.0,0.0,0.0,0.0,0.0,0.0,0.0,0.0374064837905237,17.905236907730647,12.057356608478806,0.0,0.0,0.0,0.0,0.0,0.0,0.0,0.0,0.0,0.0,0.0,0.0,0.0,0.0,0.0,0.0,0.0,0.3977,0.00971,0.0,0.0,0.0,0.0,0.0,0.0,0.0,0.0,0.0,0.0,0.02588438308886972,17.795513373597903,12.178602243313204,0.0,0.0,0.0,0.0,0.0,0.0,0.0,0.0,0.0,0.0,0.0,0.0,0.0,0.0,0.0,0.0,0.0
25600,4795,2501,0.521584984358707,1195,974,0.45234619395203335,1341,0.559332638164755,0.40199999999999997,2.9777680906713164,3.058273482295647,6.42245199409158,2.082202393859753,8381.574223149111,506.22762504788557,7853.0,8866.4,8866.4,0.0,7853.0,0.0,28.586444212721585,21.172231400006904,33.552091066567684,19.352928175363388,0.13931178310740355,0.09447340980187696,0.08967674661105318,0.08300312825860272,0.0821689259645464,0.07445255474452554,0.0629822732012513,0.06923879040667362,0.06319082377476538,0.0529718456725756,0.04671532846715328,0.04004171011470282,0.03441084462982273,0.02794577685088634,0.017309697601668405,0.012095933263816475,0.010010427528675704,0.9145905713965423,0.023294345741127348,0.0,0.0,0.0,0.0,0.0,0.0,0.0,0.0,0.0,0.0,0.0,0.0,0.0,0.0,0.0,0.0,0.0,0.0,0.0,0.0,0.0,0.0,0.0,0.0,0.012513034410844634,0.5380604796663192,7.388946819603755,15.797705943691348,5.906152241918667,0.35662148070907207,4.144356120826709,2.876828226129137,nan,nan,nan,4.116529449018366,2.880406894302464,4.172413793103448,2.872942461686666,1.0135755968169762,0.3977,0.00948,0.0,0.0,0.0,0.0,0.0,0.0,0.0,0.0,0.0,0.0,0.006256517205422317,17.82481751824815,12.162669447340983,0.006256517205422317,0.0,0.0,0.0,0.0,0.0,0.0,0.0,0.0,0.0,0.0,0.0,0.0,0.0,0.0,0.0,0.0,nan,nan,4.144356120826709,2.876828226129137,nan,0.3977,0.04584,0.0,0.0,0.0,0.0,0.0,0.0,0.0,0.0,0.0,0.0,0.0,0.0,0.0,0.0,0.0,0.0,0.0,0.0,0.0,0.0,0.0,0.0,0.0,0.0,0.0,1.0427528675703859e-05,0.0002502606882168926,0.002950990615224192,0.012586027111574557,0.0005630865484880083,0.013336809176225234,0.012095933263816475,0.02467153284671533,0.03950990615224192,0.01952033368091762,0.03890510948905109,0.06686131386861315,0.08247132429614182,0.08924921793534932,0.08283628779979145,0.05862356621480709,0.08129301355578727,0.10880083420229406,0.08481751824817518,0.06116788321167883,0.012575599582898852,0.0389155370177268,0.01775808133472367,0.03091762252346194,0.004244004171011471,0.0032012513034410843,0.0009489051094890511,0.00916579770594369,0.0004483837330552659,0.00014598540145985403,0.0010427528675703858,0.00010427528675703858,0.0,0.0,1.0427528675703859e-05,0.0,0.0,0.0,0.0,0.0,0.0,0.0,0.0,0.0,0.0,0.0,0.0,0.0,0.0,0.0,0.0,0.0,0.0,0.0,0.0,0.0,0.0,0.0,0.0,0.0,0.0,0.0,0.0,0.0,0.0,0.0,0.0,0.0,0.0,0.0,0.0,0.0,0.0,0.0,0.0,0.0,nan,nan,4.144356120826709,2.876828226129137,nan,0.9148904094930554,0.023440627910212845,0.0,0.0,0.0,0.0,0.0,0.0,0.0,0.0,0.0,0.0,0.0,0.0,0.0,0.0,0.0,0.0,0.0,0.0,0.0,0.0,0.0,0.0,0.0,0.0,0.01199520191923231,0.5877648940423832,7.389044382247103,15.533786485405841,6.1055577768892455,0.3718512594962016,0.9142636772904483,0.023129381345805354,0.0,0.0,0.0,0.0,0.0,0.0,0.0,0.0,0.0,0.0,0.0,0.0,0.0,0.0,0.0,0.0,0.0,0.0,0.0,0.0,0.0,0.0,0.0,0.0,0.013077593722755016,0.4838709677419356,7.388840453356584,16.08544027898867,5.688753269398433,0.34001743679163043,0.398,0.00961,0.0,0.0,0.0,0.0,0.0,0.0,0.0,0.0,0.0,0.0,0.0,17.656937225109928,12.331067572970815,0.01199520191923231,0.0,0.0,0.0,0.0,0.0,0.0,0.0,0.0,0.0,0.0,0.0,0.0,0.0,0.0,0.0,0.0,0.3977,0.00934,0.0,0.0,0.0,0.0,0.0,0.0,0.0,0.0,0.0,0.0,0.013077593722755016,18.007846556233627,11.979075850043595,0.0,0.0,0.0,0.0,0.0,0.0,0.0,0.0,0.0,0.0,0.0,0.0,0.0,0.0,0.0,0.0,0.0
25700,4732,2505,0.529374471682164,1157,938,0.4427303465765004,1300,0.5494505494505495,0.40599999999999997,2.977997305792546,3.111599016013206,6.587677725118484,2.2034669961068056,8389.468089602706,505.82482228673314,7853.0,8866.4,8866.4,0.0,7853.0,0.0,28.34171597633136,21.10151591860246,32.97886623570363,19.49279281077771,0.12848689771766694,0.1058748943364328,0.09699915469146238,0.08622147083685545,0.07819103972950127,0.07417582417582418,0.07121724429416737,0.060228233305156385,0.05705832628909552,0.055156382079459006,0.04649196956889264,0.037827557058326286,0.03254437869822485,0.029797125950972104,0.018808114961961116,0.013313609467455622,0.0076077768385460695,0.913921002704817,0.022808584285323594,0.0,0.0,0.0,0.0,0.0,0.0,0.0,0.0,0.0,0.0,0.0,0.0,0.0,0.0,0.0,0.0,0.0,0.0,0.0,0.0,0.0,0.0,0.0,0.0,0.0,0.6086221470836857,7.303465765004228,16.160185967878277,5.566356720202876,0.3613693998309384,4.264194289465047,2.9427489608076165,nan,nan,nan,4.258769027134348,2.9621281846207688,4.26953125,2.923549994773495,1.0025270736208236,0.3975,0.00975,0.0,0.0,0.0,0.0,0.0,0.0,0.0,0.0,0.0,0.0,0.006339814032121726,17.973372781065063,12.020287404902792,0.0,0.0,0.0,0.0,0.0,0.0,0.0,0.0,0.0,0.0,0.0,0.0,0.0,0.0,0.0,0.0,0.0,nan,nan,4.264194289465047,2.9427489608076165,nan,0.3975,0.04578,0.0,0.0,0.0,0.0,0.0,0.0,0.0,0.0,0.0,0.0,0.0,0.0,0.0,0.0,0.0,0.0,0.0,0.0,0.0,0.0,0.0,0.0,0.0,0.0,0.0,2.113271344040575e-05,0.00010566356720202873,0.0034023668639053253,0.013503803888419274,0.0002641589180050719,0.013387573964497041,0.011601859678782757,0.0246301775147929,0.03994082840236687,0.01892434488588335,0.039158918005071854,0.06462383770076077,0.0867286559594252,0.08960270498732037,0.08251267962806424,0.05717455621301775,0.08263947590870668,0.10602282333051564,0.0882185122569738,0.059763313609467454,0.012404902789518174,0.03943364327979713,0.0172865595942519,0.03076923076923077,0.0038672865595942517,0.002874049027895182,0.0008347421808960271,0.008569315300084531,0.0006445477599323754,0.00017962806424344887,0.0008558748943364328,5.283178360101437e-05,0.0,0.0,0.0,0.0,0.0,0.0,0.0,0.0,0.0,0.0,0.0,0.0,0.0,0.0,0.0,0.0,0.0,0.0,0.0,0.0,0.0,0.0,0.0,0.0,0.0,0.0,0.0,0.0,0.0,0.0,0.0,0.0,0.0,0.0,0.0,0.0,0.0,0.0,0.0,0.0,0.0,0.0,0.0,0.0,nan,nan,4.264194289465047,2.9427489608076165,nan,0.9143973524223069,0.022698631971610674,0.0,0.0,0.0,0.0,0.0,0.0,0.0,0.0,0.0,0.0,0.0,0.0,0.0,0.0,0.0,0.0,0.0,0.0,0.0,0.0,0.0,0.0,0.0,0.0,0.0,0.5988023952095809,7.041916167664672,16.179640718562876,5.808383233532935,0.3712574850299402,0.913385189484201,0.02291980412110628,0.0,0.0,0.0,0.0,0.0,0.0,0.0,0.0,0.0,0.0,0.0,0.0,0.0,0.0,0.0,0.0,0.0,0.0,0.0,0.0,0.0,0.0,0.0,0.0,0.0,0.61966771441401,7.597665020206557,16.138302649304,5.294117647058824,0.3502469690166144,0.3975,0.00974,0.0,0.0,0.0,0.0,0.0,0.0,0.0,0.0,0.0,0.0,0.01197604790419162,18.011976047904167,11.976047904191619,0.0,0.0,0.0,0.0,0.0,0.0,0.0,0.0,0.0,0.0,0.0,0.0,0.0,0.0,0.0,0.0,0.0,0.3975,0.00976,0.0,0.0,0.0,0.0,0.0,0.0,0.0,0.0,0.0,0.0,0.0,17.929950606196652,12.070049393803327,0.0,0.0,0.0,0.0,0.0,0.0,0.0,0.0,0.0,0.0,0.0,0.0,0.0,0.0,0.0,0.0,0.0
25800,4589,2334,0.5086075397690129,1067,956,0.44083678361298756,1299,0.5661364131619089,0.40599999999999997,2.942350332594235,3.077023466214573,6.507788161993769,2.165454151207399,8368.422880801918,506.6249118929263,7853.0,8866.4,8866.400000000001,1.8189894035458565e-12,7853.0,0.0,27.795598169535847,20.942169805363633,32.98272251308901,19.121989614806303,0.14512965787753324,0.1006755284375681,0.09043364567443887,0.08607539769012856,0.08193506210503378,0.07430812813249074,0.06406624536936152,0.06493789496622358,0.059054260187404665,0.05447809980387884,0.042492917847025496,0.0383525822619307,0.03573763347134452,0.028546524297232513,0.018958378731749836,0.009806057964698191,0.005011985181956853,0.9134152507594947,0.022592426244985912,0.0,0.0,0.0,0.0,0.0,0.0,0.0,0.0,0.0,0.0,0.0,0.0,0.0,0.0,0.0,0.0,0.0,0.0,0.0,0.0,0.0,0.0,0.0,0.0,0.0,0.5622139899760298,7.864458487687951,15.885813902811073,5.4260187404663345,0.2614948790586185,4.312351139843484,2.842063719132265,nan,nan,nan,4.2893470790378005,2.8268697099794626,4.336480107889414,2.857021779733929,1.010988392401714,0.3972,0.00941,0.0,0.0,0.0,0.0,0.0,0.0,0.0,0.0,0.0,0.0,0.02614948790586185,18.53998692525602,11.433863586838095,0.0,0.0,0.0,0.0,0.0,0.0,0.0,0.0,0.0,0.0,0.0,0.0,0.0,0.0,0.0,0.0,0.0,nan,nan,4.312351139843484,2.842063719132265,nan,0.3972,0.0456,0.0,0.0,0.0,0.0,0.0,0.0,0.0,0.0,0.0,0.0,0.0,0.0,0.0,0.0,0.0,0.0,0.0,0.0,0.0,0.0,0.0,0.0,0.0,0.0,0.0,4.3582479843103074e-05,0.00013074743952930923,0.0030180867291348876,0.013401612551754195,0.00021791239921551536,0.014567443887557202,0.011309653519285248,0.023785138374373502,0.038396164741773806,0.020516452386140773,0.039126171279145784,0.06571148398343865,0.08678361298757899,0.09412726084114185,0.08460448899542385,0.05563303551972107,0.08070385704946612,0.10501198518195685,0.0878622793636958,0.058346044889954235,0.013870124210067553,0.03802571366310743,0.016321638701242102,0.031041621268250164,0.003769884506428416,0.00262584441054696,0.0008280671170189584,0.008171714970581827,0.000751797777293528,0.0004031379385487034,0.0008825452168228372,0.0,1.0895619960775769e-05,0.0,0.0,0.0,0.0,0.0,0.0,0.0,0.0,0.0,0.0,0.0,0.0,0.0,0.0,0.0,0.0,0.0,0.0,0.0,0.0,0.0,0.0,0.0,0.0,0.0,0.0,0.0,0.0,0.0,0.0,0.0,0.0,0.0,0.0,0.0,0.0,0.0,0.0,0.0,0.0,0.0,0.0,0.0,nan,nan,4.312351139843484,2.842063719132265,nan,0.9137369574342105,0.022617842261149185,0.0,0.0,0.0,0.0,0.0,0.0,0.0,0.0,0.0,0.0,0.0,0.0,0.0,0.0,0.0,0.0,0.0,0.0,0.0,0.0,0.0,0.0,0.0,0.0,0.0,0.6041131105398458,7.7506426735218525,15.84832904884319,5.475578406169667,0.32133676092544994,0.9130822736513853,0.02256125901890305,0.0,0.0,0.0,0.0,0.0,0.0,0.0,0.0,0.0,0.0,0.0,0.0,0.0,0.0,0.0,0.0,0.0,0.0,0.0,0.0,0.0,0.0,0.0,0.0,0.0,0.5188470066518848,7.982261640798228,15.924611973392464,5.374722838137473,0.1995565410199557,0.3972,0.00944,0.0,0.0,0.0,0.0,0.0,0.0,0.0,0.0,0.0,0.0,0.051413881748071995,18.5218508997429,11.426735218509,0.0,0.0,0.0,0.0,0.0,0.0,0.0,0.0,0.0,0.0,0.0,0.0,0.0,0.0,0.0,0.0,0.0,0.3975,0.00938,0.0,0.0,0.0,0.0,0.0,0.0,0.0,0.0,0.0,0.0,0.0,18.55875831485585,11.441241685144128,0.0,0.0,0.0,0.0,0.0,0.0,0.0,0.0,0.0,0.0,0.0,0.0,0.0,0.0,0.0,0.0,0.0
25900,4706,2410,0.5121121971950702,1126,945,0.4400764980875478,1336,0.5677858053548661,0.40199999999999997,3.005226480836237,3.0963011316464923,6.488789237668161,2.1942872966712,8371.974500637483,506.5513070105537,7853.0,8866.4,8866.399999999998,1.8189894035458565e-12,7853.0,0.0,28.193157671058223,20.8892787724271,33.271943176052766,19.01156205735866,0.14300892477688057,0.09966000849978751,0.08478538036549087,0.08499787505312367,0.07819804504887377,0.07904802379940501,0.06821079473013175,0.05949851253718657,0.060985975350616235,0.05121121971950701,0.04951126221844454,0.046323841903952404,0.033999150021249466,0.03059923501912452,0.01551211219719507,0.010837229069273268,0.003612409689757756,0.9138381535253067,0.022518255784006375,0.0,0.0,0.0,0.0,0.0,0.0,0.0,0.0,0.0,0.0,0.0,0.0,0.0,0.0,0.0,0.0,0.0,0.0,0.0,0.0,0.0,0.0,0.0,0.0,0.006374840628984277,0.5609859753506163,7.356566085847855,16.20484487887803,5.628984275393116,0.24224394390140253,4.343667546174142,2.8428437684095957,nan,nan,nan,4.385894876912841,2.880658072801348,4.302158273381295,2.804556098601227,0.9809077495285324,0.3972,0.00955,0.0,0.0,0.0,0.0,0.0,0.0,0.0,0.0,0.0,0.0,0.0,18.684657883552884,11.302592435189123,0.012749681257968553,0.0,0.0,0.0,0.0,0.0,0.0,0.0,0.0,0.0,0.0,0.0,0.0,0.0,0.0,0.0,0.0,nan,nan,4.343667546174142,2.8428437684095957,nan,0.3972,0.04556,0.0,0.0,0.0,0.0,0.0,0.0,0.0,0.0,0.0,0.0,0.0,0.0,0.0,0.0,0.0,0.0,0.0,0.0,0.0,0.0,0.0,0.0,0.0,0.0,0.0,0.0001274968125796855,0.00011687207819804505,0.0027199320016999574,0.014481512962175945,0.00026561835954101146,0.014524011899702507,0.009509137271568211,0.02318317042073948,0.038610284742881425,0.02130259243518912,0.037675308117297066,0.07022949426264344,0.08439226519337016,0.09026774330641733,0.08454101147471313,0.057692307692307696,0.0830854228644284,0.10602422439439015,0.08499787505312367,0.057968550786230345,0.016043348916277095,0.03974713132171696,0.016117722056948575,0.029749256268593285,0.003283042923926902,0.0021461963450913725,0.0006374840628984276,0.007745431364215895,0.0008606034849128771,0.00045686357841053974,0.0014768380790480238,2.1249468763280918e-05,0.0,0.0,0.0,0.0,0.0,0.0,0.0,0.0,0.0,0.0,0.0,0.0,0.0,0.0,0.0,0.0,0.0,0.0,0.0,0.0,0.0,0.0,0.0,0.0,0.0,0.0,0.0,0.0,0.0,0.0,0.0,0.0,0.0,0.0,0.0,0.0,0.0,0.0,0.0,0.0,0.0,0.0,0.0,0.0,nan,nan,4.343667546174142,2.8428437684095957,nan,0.9142009264947962,0.022897682085880066,0.0,0.0,0.0,0.0,0.0,0.0,0.0,0.0,0.0,0.0,0.0,0.0,0.0,0.0,0.0,0.0,0.0,0.0,0.0,0.0,0.0,0.0,0.0,0.0,0.0,0.5975103734439835,7.356846473029047,15.908713692946062,5.813278008298757,0.32365145228215775,0.9134573683090742,0.022106585225931202,0.0,0.0,0.0,0.0,0.0,0.0,0.0,0.0,0.0,0.0,0.0,0.0,0.0,0.0,0.0,0.0,0.0,0.0,0.0,0.0,0.0,0.0,0.0,0.0,0.013066202090592338,0.5226480836236935,7.356271777003486,16.515679442508713,5.435540069686413,0.15679442508710803,0.3972,0.009544,0.0,0.0,0.0,0.0,0.0,0.0,0.0,0.0,0.0,0.0,0.0,18.896265560165947,11.091286307053945,0.01244813278008299,0.0,0.0,0.0,0.0,0.0,0.0,0.0,0.0,0.0,0.0,0.0,0.0,0.0,0.0,0.0,0.0,0.3975,0.00955,0.0,0.0,0.0,0.0,0.0,0.0,0.0,0.0,0.0,0.0,0.0,18.462543554006942,11.524390243902442,0.013066202090592338,0.0,0.0,0.0,0.0,0.0,0.0,0.0,0.0,0.0,0.0,0.0,0.0,0.0,0.0,0.0,0.0
26000,4745,2451,0.5165437302423603,1163,963,0.4480505795574289,1340,0.5648050579557429,0.41,2.983435047951177,3.094372266900807,6.601246105919003,2.1781694431867553,8376.46541622761,506.4225615222083,7853.0,8866.4,8866.4,0.0,7853.0,0.0,28.236880927291885,21.065514474400445,33.14961220915687,19.316300696022658,0.13972602739726028,0.10158061116965227,0.08724973656480506,0.08472075869336143,0.08240252897787144,0.07818756585879874,0.06659641728134878,0.060906217070600635,0.05922023182297155,0.05247629083245522,0.04952581664910432,0.037934668071654375,0.03582718651211802,0.027608008429926237,0.01559536354056902,0.011380400421496312,0.009062170706006322,0.9147414060488139,0.023191831582799506,0.0,0.0,0.0,0.0,0.0,0.0,0.0,0.0,0.0,0.0,0.0,0.0,0.0,0.0,0.0,0.0,0.0,0.0,0.0,0.0,0.0,0.0,0.0,0.0,0.006322444678609064,0.5690200210748156,7.302423603793469,15.856691253951531,5.867228661749211,0.398314014752371,4.3054203180785455,2.89968601646049,nan,nan,nan,4.279250161603103,2.883132401323271,4.330724070450098,2.9166864667614347,1.0120287215991393,0.3972,0.00982,0.0,0.0,0.0,0.0,0.0,0.0,0.0,0.0,0.0,0.0,0.01896733403582719,18.347734457323472,11.633298208640678,0.0,0.0,0.0,0.0,0.0,0.0,0.0,0.0,0.0,0.0,0.0,0.0,0.0,0.0,0.0,0.0,0.0,nan,nan,4.3054203180785455,2.89968601646049,nan,0.3972,0.0454,0.0,0.0,0.0,0.0,0.0,0.0,0.0,0.0,0.0,0.0,0.0,0.0,0.0,0.0,0.0,0.0,0.0,0.0,0.0,0.0,0.0,0.0,0.0,0.0,0.0,0.00021074815595363542,0.0001685985247629083,0.0025289778714436247,0.013403582718651212,0.0002212855637513172,0.0141622760800843,0.00970495258166491,0.024625922023182298,0.03806111696522656,0.02112750263435195,0.03635405690200211,0.07128556375131717,0.08795574288724974,0.0923709167544784,0.08211801896733403,0.057344573234984195,0.08276080084299263,0.10460484720758693,0.08516332982086407,0.0590200210748156,0.01743940990516333,0.039304531085353006,0.015584826132771339,0.027660695468914646,0.0029083245521601686,0.0017702845100105375,0.0005690200210748156,0.008282402528977871,0.0010748155953635406,0.0006006322444678609,0.0016016859852476292,0.0,1.053740779768177e-05,0.0,0.0,0.0,0.0,0.0,0.0,0.0,0.0,0.0,0.0,0.0,0.0,0.0,0.0,0.0,0.0,0.0,0.0,0.0,0.0,0.0,0.0,0.0,0.0,0.0,0.0,0.0,0.0,0.0,0.0,0.0,0.0,0.0,0.0,0.0,0.0,0.0,0.0,0.0,0.0,0.0,0.0,0.0,nan,nan,4.3054203180785455,2.89968601646049,nan,0.9146217813495712,0.023530910035834778,0.0,0.0,0.0,0.0,0.0,0.0,0.0,0.0,0.0,0.0,0.0,0.0,0.0,0.0,0.0,0.0,0.0,0.0,0.0,0.0,0.0,0.0,0.0,0.0,0.0,0.5752753977968177,7.454100367197064,15.728274173806613,5.789473684210527,0.4528763769889842,0.9148692177915532,0.022823288296195388,0.0,0.0,0.0,0.0,0.0,0.0,0.0,0.0,0.0,0.0,0.0,0.0,0.0,0.0,0.0,0.0,0.0,0.0,0.0,0.0,0.0,0.0,0.0,0.0,0.013077593722755016,0.5623365300784656,7.140366172624239,15.993897122929384,5.950305143853533,0.34001743679163043,0.3972,0.00979,0.0,0.0,0.0,0.0,0.0,0.0,0.0,0.0,0.0,0.0,0.012239902080783356,18.34761321909422,11.640146878824972,0.0,0.0,0.0,0.0,0.0,0.0,0.0,0.0,0.0,0.0,0.0,0.0,0.0,0.0,0.0,0.0,0.0,0.397,0.00986,0.0,0.0,0.0,0.0,0.0,0.0,0.0,0.0,0.0,0.0,0.02615518744551003,18.347863993025257,11.62598081952921,0.0,0.0,0.0,0.0,0.0,0.0,0.0,0.0,0.0,0.0,0.0,0.0,0.0,0.0,0.0,0.0,0.0
26100,4807,2456,0.5109215727064698,1126,1000,0.4422716871229457,1340,0.5575202829207406,0.418,2.9940450871969375,3.1037577306727178,6.657364341085271,2.1113490009209,8370.767921780738,506.57910646557,7853.0,8866.4,8866.4,0.0,7853.0,0.0,27.63033076763054,20.860319325404106,32.51907829534192,19.200506444190324,0.13958810068649885,0.10235073850634491,0.09590180986061993,0.09465363012273767,0.07738714374869982,0.0746827543166216,0.0703141252340337,0.061368837112544206,0.05575202829207406,0.04951112960266278,0.04722280008321198,0.03619721239858539,0.03328479301019347,0.023715415019762844,0.018930726024547536,0.011441647597254004,0.007697108383607239,0.9147517912621456,0.022646608215514834,0.0,0.0,0.0,0.0,0.0,0.0,0.0,0.0,0.0,0.0,0.0,0.0,0.0,0.0,0.0,0.0,0.0,0.0,0.0,0.0,0.0,0.0,0.0,0.0,0.0,0.46182650301643446,7.345537757437072,16.03910963178698,5.791553983773665,0.36197212398585404,4.331916285153695,2.8763545715900873,nan,nan,nan,4.340172071475844,2.9067974780844112,4.322121604139715,2.846388901892007,0.9958410710361558,0.397,0.00962,0.0,0.0,0.0,0.0,0.0,0.0,0.0,0.0,0.0,0.0,0.04992718951529022,18.59163719575616,11.358435614728524,0.0,0.0,0.0,0.0,0.0,0.0,0.0,0.0,0.0,0.0,0.0,0.0,0.0,0.0,0.0,0.0,0.0,nan,nan,4.331916285153695,2.8763545715900873,nan,0.397,0.04535,0.0,0.0,0.0,0.0,0.0,0.0,0.0,0.0,0.0,0.0,0.0,0.0,0.0,0.0,0.0,0.0,0.0,0.0,0.0,0.0,0.0,0.0,0.0,0.0,0.0,2.080299563137092e-05,0.00023923444976076556,0.003151653838152694,0.013064281256500936,0.0004784688995215311,0.01291866028708134,0.011077595173705013,0.02462034532972748,0.040201789057624296,0.019461202413147492,0.03541710006240899,0.07325774911587268,0.08964010817557728,0.09423757021011026,0.07637819846057832,0.05747867692947785,0.08169336384439359,0.10577283128770543,0.08552111504056584,0.058695652173913045,0.018057000208029958,0.04008737258165176,0.01671520698980653,0.02597254004576659,0.0023715415019762848,0.0022987310172664865,0.00043686290825878924,0.007499479925109216,0.001133763261909715,0.000520074890784273,0.0015810276679841897,0.0,0.0,0.0,0.0,0.0,0.0,0.0,0.0,0.0,0.0,0.0,0.0,0.0,0.0,0.0,0.0,0.0,0.0,0.0,0.0,0.0,0.0,0.0,0.0,0.0,0.0,0.0,0.0,0.0,0.0,0.0,0.0,0.0,0.0,0.0,0.0,0.0,0.0,0.0,0.0,0.0,0.0,0.0,0.0,0.0,nan,nan,4.331916285153695,2.8763545715900873,nan,0.9147909940599619,0.022501176965716893,0.0,0.0,0.0,0.0,0.0,0.0,0.0,0.0,0.0,0.0,0.0,0.0,0.0,0.0,0.0,0.0,0.0,0.0,0.0,0.0,0.0,0.0,0.0,0.0,0.0,0.46416938110749195,7.353420195439741,16.087133550488602,5.8143322475570045,0.2809446254071662,0.9147108375950095,0.022797471898275436,0.0,0.0,0.0,0.0,0.0,0.0,0.0,0.0,0.0,0.0,0.0,0.0,0.0,0.0,0.0,0.0,0.0,0.0,0.0,0.0,0.0,0.0,0.0,0.0,0.0,0.4593789876648236,7.337303275202043,15.988940876222888,5.767758400680563,0.4466184602296896,0.397,0.00959,0.0,0.0,0.0,0.0,0.0,0.0,0.0,0.0,0.0,0.0,0.012214983713355053,18.542345276872936,11.445439739413684,0.0,0.0,0.0,0.0,0.0,0.0,0.0,0.0,0.0,0.0,0.0,0.0,0.0,0.0,0.0,0.0,0.0,0.397,0.00966,0.0,0.0,0.0,0.0,0.0,0.0,0.0,0.0,0.0,0.0,0.08932369204593792,18.643130582730723,11.267545725223313,0.0,0.0,0.0,0.0,0.0,0.0,0.0,0.0,0.0,0.0,0.0,0.0,0.0,0.0,0.0,0.0,0.0
26200,4675,2386,0.5103743315508021,1126,964,0.4470588235294118,1349,0.5771122994652407,0.38999999999999996,2.9030144167758847,2.9229563363522963,6.138571428571429,2.0204520609537475,8370.213347593583,506.59091930509015,7853.0,8866.4,8866.399999999998,1.8189894035458565e-12,7853.0,0.0,29.261604278074866,21.29883659280573,34.13622603430878,19.447232791702277,0.13262032085561498,0.09754010695187165,0.08449197860962566,0.07764705882352942,0.08342245989304813,0.07550802139037432,0.06887700534759358,0.061390374331550805,0.06096256684491978,0.05197860962566845,0.05262032085561497,0.04641711229946524,0.03807486631016043,0.027807486631016044,0.01946524064171123,0.013262032085561497,0.007914438502673796,0.9148348483682316,0.022965704886116742,0.0,0.0,0.0,0.0,0.0,0.0,0.0,0.0,0.0,0.0,0.0,0.0,0.0,0.0,0.0,0.0,0.0,0.0,0.0,0.0,0.0,0.0,0.0,0.0,0.0064171122994652425,0.5262032085561499,7.321925133689841,15.721925133689842,6.10909090909091,0.31443850267379686,4.055697823303457,2.7208064314174174,nan,nan,nan,3.991031390134529,2.7400597167611083,4.115877080665813,2.695140294857123,1.0312815606612094,0.397,0.009735,0.0,0.0,0.0,0.0,0.0,0.0,0.0,0.0,0.0,0.0,0.02566844919786097,18.48770053475933,11.486631016042784,0.0,0.0,0.0,0.0,0.0,0.0,0.0,0.0,0.0,0.0,0.0,0.0,0.0,0.0,0.0,0.0,0.0,nan,nan,4.055697823303457,2.7208064314174174,nan,0.3972,0.04517,0.0,0.0,0.0,0.0,0.0,0.0,0.0,0.0,0.0,0.0,0.0,0.0,0.0,0.0,0.0,0.0,0.0,0.0,0.0,0.0,0.0,0.0,0.0,0.0,0.0,0.0,0.0002459893048128342,0.00360427807486631,0.0126951871657754,0.00032085561497326203,0.012470588235294117,0.010641711229946524,0.02427807486631016,0.04313368983957219,0.018106951871657753,0.03559358288770054,0.06898395721925134,0.09242780748663101,0.09438502673796792,0.07305882352941176,0.0573903743315508,0.08412834224598931,0.10366844919786096,0.08996791443850267,0.06010695187165775,0.018,0.03972192513368984,0.015422459893048128,0.026042780748663102,0.0022566844919786094,0.003058823529411765,0.00027807486631016044,0.006994652406417112,0.0011016042780748663,0.0004919786096256684,0.0014224598930481283,0.0,0.0,0.0,0.0,0.0,0.0,0.0,0.0,0.0,0.0,0.0,0.0,0.0,0.0,0.0,0.0,0.0,0.0,0.0,0.0,0.0,0.0,0.0,0.0,0.0,0.0,0.0,0.0,0.0,0.0,0.0,0.0,0.0,0.0,0.0,0.0,0.0,0.0,0.0,0.0,0.0,0.0,0.0,0.0,0.0,nan,nan,4.055697823303457,2.7208064314174174,nan,0.9149562289059312,0.02295135764511371,0.0,0.0,0.0,0.0,0.0,0.0,0.0,0.0,0.0,0.0,0.0,0.0,0.0,0.0,0.0,0.0,0.0,0.0,0.0,0.0,0.0,0.0,0.0,0.0,0.012573344509639567,0.5532271584241409,6.990779547359599,15.905280804694051,6.236378876781226,0.3017602682313496,0.9147083241380214,0.022979968126574046,0.0,0.0,0.0,0.0,0.0,0.0,0.0,0.0,0.0,0.0,0.0,0.0,0.0,0.0,0.0,0.0,0.0,0.0,0.0,0.0,0.0,0.0,0.0,0.0,0.0,0.49803407601572747,7.667103538663174,15.530799475753607,5.97640891218873,0.32765399737876805,0.397,0.00976,0.0,0.0,0.0,0.0,0.0,0.0,0.0,0.0,0.0,0.0,0.0377200335289187,18.621123218776166,11.34115674769489,0.0,0.0,0.0,0.0,0.0,0.0,0.0,0.0,0.0,0.0,0.0,0.0,0.0,0.0,0.0,0.0,0.0,0.3972,0.00972,0.0,0.0,0.0,0.0,0.0,0.0,0.0,0.0,0.0,0.0,0.013106159895150724,18.348623853210984,11.638269986893842,0.0,0.0,0.0,0.0,0.0,0.0,0.0,0.0,0.0,0.0,0.0,0.0,0.0,0.0,0.0,0.0,0.0
26300,4475,2310,0.5162011173184358,1060,919,0.4422346368715084,1267,0.5662569832402234,0.418,3.0369515011547343,3.120745149952236,6.4784,2.1967096849606684,8376.118212290503,506.43393676291464,7853.0,8866.4,8866.4,0.0,7853.0,0.0,28.086927374301677,20.778884776862892,32.839186691312385,19.045392559312546,0.1336312849162011,0.09944134078212291,0.09452513966480447,0.09675977653631285,0.07217877094972067,0.07240223463687151,0.06748603351955307,0.06659217877094972,0.06100558659217877,0.04871508379888268,0.055195530726256985,0.039329608938547485,0.030167597765363128,0.03106145251396648,0.016312849162011173,0.00871508379888268,0.006480446927374301,0.9141345957271214,0.02282455612666763,0.0,0.0,0.0,0.0,0.0,0.0,0.0,0.0,0.0,0.0,0.0,0.0,0.0,0.0,0.0,0.0,0.0,0.0,0.0,0.0,0.0,0.0,0.0,0.0,0.013407821229050283,0.5497206703910615,7.575418994413409,15.747486033519555,5.772067039106147,0.34189944134078215,4.308065074420215,2.880558847586428,nan,nan,nan,4.221220527045769,2.9336668666088923,4.394609536973047,2.823986256868647,1.0410755630548931,0.3975,0.00946,0.0,0.0,0.0,0.0,0.0,0.0,0.0,0.0,0.0,0.0,0.013407821229050283,17.959776536312823,12.02011173184358,0.006703910614525141,0.0,0.0,0.0,0.0,0.0,0.0,0.0,0.0,0.0,0.0,0.0,0.0,0.0,0.0,0.0,0.0,nan,nan,4.308065074420215,2.880558847586428,nan,0.3975,0.045,0.0,0.0,0.0,0.0,0.0,0.0,0.0,0.0,0.0,0.0,0.0,0.0,0.0,0.0,0.0,0.0,0.0,0.0,0.0,0.0,0.0,0.0,0.0,0.0,0.0,0.0,0.0002905027932960894,0.0034078212290502793,0.010983240223463687,0.00015642458100558658,0.012458100558659218,0.010145251396648045,0.02459217877094972,0.04384357541899441,0.017899441340782123,0.03650279329608939,0.06372067039106145,0.09829050279329608,0.09358659217877095,0.06798882681564246,0.05958659217877095,0.08550837988826816,0.10508379888268156,0.08964245810055865,0.06127374301675978,0.01829050279329609,0.036972067039106146,0.016011173184357543,0.027787709497206704,0.002212290502793296,0.003687150837988827,0.0005363128491620112,0.006067039106145251,0.001240223463687151,0.0002458100558659218,0.001988826815642458,0.0,0.0,0.0,0.0,0.0,0.0,0.0,0.0,0.0,0.0,0.0,0.0,0.0,0.0,0.0,0.0,0.0,0.0,0.0,0.0,0.0,0.0,0.0,0.0,0.0,0.0,0.0,0.0,0.0,0.0,0.0,0.0,0.0,0.0,0.0,0.0,0.0,0.0,0.0,0.0,0.0,0.0,0.0,0.0,0.0,nan,nan,4.308065074420215,2.880558847586428,nan,0.9141602499918504,0.02276954250792628,0.0,0.0,0.0,0.0,0.0,0.0,0.0,0.0,0.0,0.0,0.0,0.0,0.0,0.0,0.0,0.0,0.0,0.0,0.0,0.0,0.0,0.0,0.0,0.0,0.02597402597402598,0.42857142857142866,7.675324675324677,15.623376623376627,5.909090909090911,0.3376623376623378,0.9141072232783805,0.022883076703154474,0.0,0.0,0.0,0.0,0.0,0.0,0.0,0.0,0.0,0.0,0.0,0.0,0.0,0.0,0.0,0.0,0.0,0.0,0.0,0.0,0.0,0.0,0.0,0.0,0.0,0.6789838337182449,7.468822170900695,15.879907621247117,5.625866050808315,0.34642032332563516,0.3975,0.00934,0.0,0.0,0.0,0.0,0.0,0.0,0.0,0.0,0.0,0.0,0.0,18.077922077922054,11.922077922077925,0.0,0.0,0.0,0.0,0.0,0.0,0.0,0.0,0.0,0.0,0.0,0.0,0.0,0.0,0.0,0.0,0.0,0.3975,0.00959,0.0,0.0,0.0,0.0,0.0,0.0,0.0,0.0,0.0,0.0,0.027713625866050817,17.83371824480367,12.124711316397232,0.013856812933025408,0.0,0.0,0.0,0.0,0.0,0.0,0.0,0.0,0.0,0.0,0.0,0.0,0.0,0.0,0.0,0.0
26400,4326,2235,0.5166435506241331,1040,882,0.444290337494221,1231,0.5691169671752196,0.414,3.0052606408417026,3.081465405441218,6.539763113367174,2.1002036670377233,8376.566574202496,506.41920251375876,7853.0,8866.4,8866.4,0.0,7853.0,0.0,28.006934812760054,20.84085278236394,32.92085737840066,19.071258219086555,0.1396208969024503,0.09916782246879334,0.09500693481276005,0.0811373092926491,0.08183079056865465,0.07558945908460471,0.0638002773925104,0.07212205270457697,0.058714748035136384,0.048774849745723534,0.05339805825242718,0.038372630605640314,0.03305594082293111,0.026121128062875636,0.016181229773462782,0.010171058714748035,0.006934812760055479,0.9143645995836042,0.023247316276323222,0.0,0.0,0.0,0.0,0.0,0.0,0.0,0.0,0.0,0.0,0.0,0.0,0.0,0.0,0.0,0.0,0.0,0.0,0.0,0.0,0.0,0.0,0.0,0.0,0.01386962552011096,0.5894590846047157,7.343966712898753,16.06102635228849,5.638002773925105,0.35367545076282947,4.259126700071582,2.8500079913705902,nan,nan,nan,4.163755458515284,2.8748970011084882,4.351408450704225,2.8226507348937435,1.045068206828807,0.3975,0.009636,0.0,0.0,0.0,0.0,0.0,0.0,0.0,0.0,0.0,0.0,0.02080443828016644,18.418862690707325,11.560332871012486,0.0,0.0,0.0,0.0,0.0,0.0,0.0,0.0,0.0,0.0,0.0,0.0,0.0,0.0,0.0,0.0,0.0,nan,nan,4.259126700071582,2.8500079913705902,nan,0.3975,0.04584,0.0,0.0,0.0,0.0,0.0,0.0,0.0,0.0,0.0,0.0,0.0,0.0,0.0,0.0,0.0,0.0,0.0,0.0,0.0,0.0,0.0,0.0,0.0,0.0,0.0,0.0,0.0003698566805362922,0.0033402681460933887,0.012679149329634766,5.779010633379565e-05,0.01102635228848821,0.00985899214054554,0.027300046232085068,0.04481044845122515,0.01846971798428109,0.03932038834951456,0.0608298659269533,0.09812760055478502,0.09308830328247804,0.06701340730466944,0.05921174294960703,0.07950762829403606,0.10891123439667129,0.08595700416088765,0.06115349052242256,0.0170249653259362,0.038765603328710124,0.01726768377253814,0.028166897827092002,0.0020920018492834027,0.003999075358298659,0.0008090614886731392,0.006460933888118354,0.0013754045307443365,0.00028895053166897827,0.0027045769764216365,0.0,1.1558021266759131e-05,0.0,0.0,0.0,0.0,0.0,0.0,0.0,0.0,0.0,0.0,0.0,0.0,0.0,0.0,0.0,0.0,0.0,0.0,0.0,0.0,0.0,0.0,0.0,0.0,0.0,0.0,0.0,0.0,0.0,0.0,0.0,0.0,0.0,0.0,0.0,0.0,0.0,0.0,0.0,0.0,0.0,0.0,0.0,nan,nan,4.259126700071582,2.8500079913705902,nan,0.9145633310279591,0.02337302758692577,0.0,0.0,0.0,0.0,0.0,0.0,0.0,0.0,0.0,0.0,0.0,0.0,0.0,0.0,0.0,0.0,0.0,0.0,0.0,0.0,0.0,0.0,0.0,0.0,0.013422818791946312,0.6442953020134229,7.100671140939599,15.959731543624164,6.000000000000002,0.2818791946308725,0.914152182186123,0.023110302199064157,0.0,0.0,0.0,0.0,0.0,0.0,0.0,0.0,0.0,0.0,0.0,0.0,0.0,0.0,0.0,0.0,0.0,0.0,0.0,0.0,0.0,0.0,0.0,0.0,0.01434720229555237,0.5308464849354377,7.604017216642756,16.16929698708752,5.251076040172167,0.43041606886657113,0.3972,0.00951,0.0,0.0,0.0,0.0,0.0,0.0,0.0,0.0,0.0,0.0,0.026845637583892624,18.65771812080534,11.315436241610742,0.0,0.0,0.0,0.0,0.0,0.0,0.0,0.0,0.0,0.0,0.0,0.0,0.0,0.0,0.0,0.0,0.0,0.3977,0.00978,0.0,0.0,0.0,0.0,0.0,0.0,0.0,0.0,0.0,0.0,0.01434720229555237,18.16355810616927,11.822094691535154,0.0,0.0,0.0,0.0,0.0,0.0,0.0,0.0,0.0,0.0,0.0,0.0,0.0,0.0,0.0,0.0,0.0
26500,4619,2395,0.5185105001082485,1129,955,0.4511799090712275,1300,0.5628924009525872,0.39799999999999996,2.91636690647482,3.1036098329003985,6.592169657422512,2.1379971167083522,8378.4585408097,506.3526509723147,7853.0,8866.4,8866.399999999998,1.8189894035458565e-12,7853.0,0.0,28.26607490798874,20.75991896745782,32.98799182422075,19.02502477284841,0.13357869668759473,0.09439272569820308,0.09590820523922927,0.09114526953886122,0.07988742151980949,0.0718770296600996,0.07317601212383633,0.058670707945442734,0.06473262610954753,0.051309807317601215,0.04827884823554882,0.040268456375838924,0.03680450313920762,0.027928122970339902,0.016453777873998703,0.009958865555315003,0.005628924009525871,0.9140110484808909,0.023076279396505674,0.0,0.0,0.0,0.0,0.0,0.0,0.0,0.0,0.0,0.0,0.0,0.0,0.0,0.0,0.0,0.0,0.0,0.0,0.0,0.0,0.0,0.0,0.0,0.0,0.0064949123186836995,0.6689759688244211,7.391210218662049,15.80212167135744,5.851915999134013,0.2792812297033991,4.205579541680505,2.9624992738270888,nan,nan,nan,4.232202262142382,2.991667449002984,4.179045092838196,2.932898755390726,0.9874398325005203,0.3977,0.00984,0.0,0.0,0.0,0.0,0.0,0.0,0.0,0.0,0.0,0.0,0.025979649274734798,17.97791729811645,11.996103052608794,0.0,0.0,0.0,0.0,0.0,0.0,0.0,0.0,0.0,0.0,0.0,0.0,0.0,0.0,0.0,0.0,0.0,nan,nan,4.205579541680505,2.9624992738270888,nan,0.3977,0.04626,0.0,0.0,0.0,0.0,0.0,0.0,0.0,0.0,0.0,0.0,0.0,0.0,0.0,0.0,0.0,0.0,0.0,0.0,0.0,0.0,0.0,0.0,0.0,0.0,0.0,1.0824853864472829e-05,0.0002814462004762936,0.002987659666594501,0.012199610305260879,0.0001407231002381468,0.011495994804070144,0.009980515263043948,0.02987659666594501,0.04586490582377138,0.017774410045464387,0.0397596882442087,0.06011041350941762,0.0942628274518294,0.09144836544706647,0.06647542758172764,0.061799090712275385,0.08272353323230136,0.10583459623295086,0.08611171249188136,0.05922277549253085,0.017341415890885472,0.039088547304611386,0.01782853431478675,0.027711625893050443,0.0021974453344879843,0.004492314353756225,0.0008551634552933535,0.006646460272786318,0.0016020783719419788,0.0007036155011907339,0.003171682182290539,0.0,0.0,0.0,0.0,0.0,0.0,0.0,0.0,0.0,0.0,0.0,0.0,0.0,0.0,0.0,0.0,0.0,0.0,0.0,0.0,0.0,0.0,0.0,0.0,0.0,0.0,0.0,0.0,0.0,0.0,0.0,0.0,0.0,0.0,0.0,0.0,0.0,0.0,0.0,0.0,0.0,0.0,0.0,0.0,0.0,nan,nan,4.205579541680505,2.9624992738270888,nan,0.9141430475268831,0.023088722685885354,0.0,0.0,0.0,0.0,0.0,0.0,0.0,0.0,0.0,0.0,0.0,0.0,0.0,0.0,0.0,0.0,0.0,0.0,0.0,0.0,0.0,0.0,0.0,0.0,0.012526096033402925,0.6388308977035492,7.3402922755741145,15.820459290187895,5.912317327766181,0.2755741127348644,0.9138689002276753,0.023062026983280335,0.0,0.0,0.0,0.0,0.0,0.0,0.0,0.0,0.0,0.0,0.0,0.0,0.0,0.0,0.0,0.0,0.0,0.0,0.0,0.0,0.0,0.0,0.0,0.0,0.0,0.7014388489208635,7.446043165467628,15.782374100719428,5.7868705035971235,0.2832733812949641,0.3977,0.00986,0.0,0.0,0.0,0.0,0.0,0.0,0.0,0.0,0.0,0.0,0.02505219206680585,17.94989561586636,12.02505219206681,0.0,0.0,0.0,0.0,0.0,0.0,0.0,0.0,0.0,0.0,0.0,0.0,0.0,0.0,0.0,0.0,0.0,0.3977,0.00983,0.0,0.0,0.0,0.0,0.0,0.0,0.0,0.0,0.0,0.0,0.026978417266187056,18.00809352517983,11.96492805755396,0.0,0.0,0.0,0.0,0.0,0.0,0.0,0.0,0.0,0.0,0.0,0.0,0.0,0.0,0.0,0.0,0.0
26600,4536,2392,0.527336860670194,1112,871,0.43716931216931215,1255,0.5533509700176367,0.40599999999999997,2.986940298507463,3.083692235357783,6.383177570093458,2.1558217628416685,8387.403174603174,505.94211538169645,7853.0,8866.4,8866.4,0.0,7853.0,0.0,28.61441798941799,21.148101558508476,33.466510294500914,19.37463088047655,0.1353615520282187,0.09567901234567901,0.0958994708994709,0.08333333333333333,0.08179012345679013,0.0736331569664903,0.0650352733686067,0.06084656084656084,0.0582010582010582,0.05423280423280423,0.0496031746031746,0.04409171075837742,0.03791887125220458,0.025793650793650792,0.020943562610229276,0.01146384479717813,0.006172839506172839,0.913626809402433,0.022758976199084326,0.0,0.0,0.0,0.0,0.0,0.0,0.0,0.0,0.0,0.0,0.0,0.0,0.0,0.0,0.0,0.0,0.0,0.0,0.0,0.0,0.0,0.0,0.0,0.0,0.019841269841269844,0.5092592592592594,7.75793650793651,15.932539682539685,5.416666666666668,0.36375661375661383,4.233367105707531,2.8596426358398883,nan,nan,nan,4.242486338797814,2.8745298201570013,4.224448897795591,2.8449800121323614,0.9957483797090236,0.3975,0.00967,0.0,0.0,0.0,0.0,0.0,0.0,0.0,0.0,0.0,0.0,0.02645502645502646,18.227513227513203,11.739417989417992,0.006613756613756615,0.0,0.0,0.0,0.0,0.0,0.0,0.0,0.0,0.0,0.0,0.0,0.0,0.0,0.0,0.0,0.0,nan,nan,4.233367105707531,2.8596426358398883,nan,0.3975,0.04642,0.0,0.0,0.0,0.0,0.0,0.0,0.0,0.0,0.0,0.0,0.0,0.0,0.0,0.0,0.0,0.0,0.0,0.0,0.0,0.0,0.0,0.0,0.0,0.0,4.409171075837743e-05,0.0,0.000462962962962963,0.0029431216931216932,0.013205467372134039,0.00015432098765432098,0.01078042328042328,0.011287477954144622,0.029089506172839508,0.04478615520282187,0.019279100529100528,0.041005291005291,0.062026014109347445,0.09465388007054673,0.08736772486772487,0.06415343915343916,0.06244488536155203,0.08032407407407408,0.1076168430335097,0.08853615520282188,0.05919312169312169,0.016986331569664902,0.038414902998236335,0.02013888888888889,0.02555114638447972,0.0026785714285714286,0.004133597883597883,0.000837742504409171,0.0066027336860670196,0.001576278659611993,0.0006503527336860671,0.003031305114638448,0.0,1.1022927689594357e-05,2.2045855379188714e-05,1.1022927689594357e-05,0.0,0.0,0.0,0.0,0.0,0.0,0.0,0.0,0.0,0.0,0.0,0.0,0.0,0.0,0.0,0.0,0.0,0.0,0.0,0.0,0.0,0.0,0.0,0.0,0.0,0.0,0.0,0.0,0.0,0.0,0.0,0.0,0.0,0.0,0.0,0.0,0.0,0.0,0.0,0.0,0.0,nan,nan,4.233367105707531,2.8596426358398883,nan,0.9135061102517472,0.023028571193380303,0.0,0.0,0.0,0.0,0.0,0.0,0.0,0.0,0.0,0.0,0.0,0.0,0.0,0.0,0.0,0.0,0.0,0.0,0.0,0.0,0.0,0.0,0.0,0.0,0.012541806020066893,0.576923076923077,7.876254180602008,15.802675585284284,5.342809364548496,0.38879598662207365,0.9137614700220414,0.022453611192342696,0.0,0.0,0.0,0.0,0.0,0.0,0.0,0.0,0.0,0.0,0.0,0.0,0.0,0.0,0.0,0.0,0.0,0.0,0.0,0.0,0.0,0.0,0.0,0.0,0.02798507462686568,0.433768656716418,7.6259328358208975,16.077425373134332,5.499067164179105,0.3358208955223881,0.3972,0.00991,0.0,0.0,0.0,0.0,0.0,0.0,0.0,0.0,0.0,0.0,0.03762541806020067,18.624581939799302,11.325250836120404,0.012541806020066893,0.0,0.0,0.0,0.0,0.0,0.0,0.0,0.0,0.0,0.0,0.0,0.0,0.0,0.0,0.0,0.0,0.3977,0.009384,0.0,0.0,0.0,0.0,0.0,0.0,0.0,0.0,0.0,0.0,0.01399253731343284,17.784514925373106,12.201492537313436,0.0,0.0,0.0,0.0,0.0,0.0,0.0,0.0,0.0,0.0,0.0,0.0,0.0,0.0,0.0,0.0,0.0
26700,4694,2397,0.5106518960374947,1139,1001,0.455901150404772,1354,0.5769066893907115,0.39799999999999996,2.9682194166303875,3.087229867230307,6.614420062695925,2.0908620919365233,8370.494631444397,506.58500365879314,7853.0,8866.4,8866.4,0.0,7853.0,0.0,27.78334043459736,20.67019747718027,32.67198986058302,18.92150120438458,0.14124414145717937,0.09586706433745207,0.09437579889220281,0.0884107371112058,0.0850021303792075,0.07605453770771198,0.06582871751171708,0.06327226246271836,0.06263314870046868,0.051768214742224115,0.041968470387729016,0.039412015338730295,0.03493821900298253,0.026629740093736684,0.019386450788240306,0.007669365146996165,0.005538985939497231,0.9134044605440214,0.022934295610356713,0.0,0.0,0.0,0.0,0.0,0.0,0.0,0.0,0.0,0.0,0.0,0.0,0.0,0.0,0.0,0.0,0.0,0.0,0.0,0.0,0.0,0.0,0.0,0.0,0.0,0.6263314870046869,7.746058798466128,15.850021303792078,5.445249254367279,0.3323391563698339,4.2986544141778795,2.90796493898166,nan,nan,nan,4.3649538866930175,2.9606349631836313,4.2328319162851535,2.8531890798389594,0.9697311875823819,0.3975,0.00968,0.0,0.0,0.0,0.0,0.0,0.0,0.0,0.0,0.0,0.0,0.012782275244993611,18.163613123135892,11.817213463996595,0.006391137622496806,0.0,0.0,0.0,0.0,0.0,0.0,0.0,0.0,0.0,0.0,0.0,0.0,0.0,0.0,0.0,0.0,nan,nan,4.2986544141778795,2.90796493898166,nan,0.3975,0.0465,0.0,0.0,0.0,0.0,0.0,0.0,0.0,0.0,0.0,0.0,0.0,0.0,0.0,0.0,0.0,0.0,0.0,0.0,0.0,0.0,0.0,0.0,0.0,0.0,5.325948018747337e-05,1.0651896037494674e-05,0.0006284618662121857,0.0031210055389859397,0.013623775031955688,0.00039412015338730294,0.010236472092032382,0.012569237324243716,0.029590967192160204,0.0438005965061781,0.01850234341712825,0.039177673625905414,0.061408180656156795,0.09417341286749041,0.09057307200681722,0.06331487004686834,0.06254793353216873,0.07725820195994887,0.10956540264167022,0.08765445249254367,0.06355986365573071,0.015935236472092034,0.03938005965061781,0.0188005965061781,0.023689816787388154,0.002961227098423519,0.0046016190881976995,0.0008521516829995739,0.006976991904559011,0.0012675756284618663,0.0007669365146996165,0.0029505752023860246,0.0,0.0,5.325948018747337e-05,0.0,0.0,0.0,0.0,0.0,0.0,0.0,0.0,0.0,0.0,0.0,0.0,0.0,0.0,0.0,0.0,0.0,0.0,0.0,0.0,0.0,0.0,0.0,0.0,0.0,0.0,0.0,0.0,0.0,0.0,0.0,0.0,0.0,0.0,0.0,0.0,0.0,0.0,0.0,0.0,0.0,0.0,nan,nan,4.2986544141778795,2.90796493898166,nan,0.9135951453017154,0.02296968374951242,0.0,0.0,0.0,0.0,0.0,0.0,0.0,0.0,0.0,0.0,0.0,0.0,0.0,0.0,0.0,0.0,0.0,0.0,0.0,0.0,0.0,0.0,0.0,0.0,0.0,0.6132665832290364,7.872340425531917,15.919899874843557,5.206508135168963,0.38798498122653324,0.9132054743166846,0.022895615274339896,0.0,0.0,0.0,0.0,0.0,0.0,0.0,0.0,0.0,0.0,0.0,0.0,0.0,0.0,0.0,0.0,0.0,0.0,0.0,0.0,0.0,0.0,0.0,0.0,0.0,0.6399651719634306,7.614279494993471,15.777100565955598,5.69438397910318,0.2742707879843274,0.3975,0.009766,0.0,0.0,0.0,0.0,0.0,0.0,0.0,0.0,0.0,0.0,0.012515644555694622,18.322903629536892,11.664580725907387,0.0,0.0,0.0,0.0,0.0,0.0,0.0,0.0,0.0,0.0,0.0,0.0,0.0,0.0,0.0,0.0,0.0,0.3975,0.00958,0.0,0.0,0.0,0.0,0.0,0.0,0.0,0.0,0.0,0.0,0.013060513713539402,17.997387897257266,11.976491075315632,0.013060513713539402,0.0,0.0,0.0,0.0,0.0,0.0,0.0,0.0,0.0,0.0,0.0,0.0,0.0,0.0,0.0,0.0
26800,4790,2496,0.5210855949895616,1179,982,0.4511482254697286,1362,0.5686847599164927,0.40199999999999997,2.952048823016565,3.0239328256958284,6.3966817496229265,2.106039831178786,8381.068141962422,506.2492395145632,7853.0,8866.4,8866.4,0.0,7853.0,0.0,28.101043841336118,20.84786875146342,32.821005917159766,19.165517826146615,0.1315240083507307,0.10167014613778706,0.09331941544885178,0.08413361169102296,0.08935281837160751,0.07661795407098121,0.06597077244258873,0.0674321503131524,0.059498956158663886,0.05093945720250522,0.04196242171189979,0.04091858037578288,0.03361169102296451,0.024634655532359082,0.01816283924843424,0.014613778705636743,0.005636743215031315,0.9129030342390742,0.022961673705557736,0.0,0.0,0.0,0.0,0.0,0.0,0.0,0.0,0.0,0.0,0.0,0.0,0.0,0.0,0.0,0.0,0.0,0.0,0.0,0.0,0.0,0.0,0.0,0.0,0.0,0.676409185803758,7.716075156576202,16.052192066805848,5.235908141962423,0.3194154488517746,4.160897435897436,2.8520814198367552,nan,nan,nan,4.175606641123882,2.873749178032859,4.146074646074646,2.830001188695633,0.9929274959096033,0.397,0.01008,0.0,0.0,0.0,0.0,0.0,0.0,0.0,0.0,0.0,0.0,0.0062630480167014625,18.513569937369493,11.480167014613782,0.0,0.0,0.0,0.0,0.0,0.0,0.0,0.0,0.0,0.0,0.0,0.0,0.0,0.0,0.0,0.0,0.0,nan,nan,4.160897435897436,2.8520814198367552,nan,0.397,0.04678,0.0,0.0,0.0,0.0,0.0,0.0,0.0,0.0,0.0,0.0,0.0,0.0,0.0,0.0,0.0,0.0,0.0,0.0,0.0,0.0,0.0,0.0,0.0,0.0,6.263048016701462e-05,0.0,0.0008663883089770355,0.0033924843423799585,0.014968684759916492,0.00010438413361169103,0.009906054279749478,0.012473903966597076,0.02957202505219207,0.04248434237995825,0.02096033402922756,0.03861169102296451,0.06395615866388309,0.09639874739039667,0.08643006263048017,0.06425887265135699,0.06193110647181629,0.0772651356993737,0.11133611691022964,0.08711899791231732,0.061085594989561585,0.016064718162839248,0.03892484342379958,0.016816283924843425,0.023695198329853864,0.0032881002087682674,0.004269311064718163,0.001221294363256785,0.007045929018789144,0.0009916492693110648,0.0008768267223382046,0.003559498956158664,0.0,0.0,6.263048016701462e-05,0.0,0.0,0.0,0.0,0.0,0.0,0.0,0.0,0.0,0.0,0.0,0.0,0.0,0.0,0.0,0.0,0.0,0.0,0.0,0.0,0.0,0.0,0.0,0.0,0.0,0.0,0.0,0.0,0.0,0.0,0.0,0.0,0.0,0.0,0.0,0.0,0.0,0.0,0.0,0.0,0.0,0.0,nan,nan,4.160897435897436,2.8520814198367552,nan,0.9128518080195556,0.022545566841632916,0.0,0.0,0.0,0.0,0.0,0.0,0.0,0.0,0.0,0.0,0.0,0.0,0.0,0.0,0.0,0.0,0.0,0.0,0.0,0.0,0.0,0.0,0.0,0.0,0.0,0.528846153846154,7.836538461538463,16.286057692307697,5.012019230769233,0.3365384615384616,0.9129587712242173,0.02340589212775328,0.0,0.0,0.0,0.0,0.0,0.0,0.0,0.0,0.0,0.0,0.0,0.0,0.0,0.0,0.0,0.0,0.0,0.0,0.0,0.0,0.0,0.0,0.0,0.0,0.0,0.836965998256321,7.585004359197909,15.797733217088059,5.479511769834352,0.30078465562336537,0.397,0.01012,0.0,0.0,0.0,0.0,0.0,0.0,0.0,0.0,0.0,0.0,0.0,18.617788461538435,11.382211538461542,0.0,0.0,0.0,0.0,0.0,0.0,0.0,0.0,0.0,0.0,0.0,0.0,0.0,0.0,0.0,0.0,0.0,0.397,0.01004,0.0,0.0,0.0,0.0,0.0,0.0,0.0,0.0,0.0,0.0,0.013077593722755016,18.40017436791628,11.586748038360945,0.0,0.0,0.0,0.0,0.0,0.0,0.0,0.0,0.0,0.0,0.0,0.0,0.0,0.0,0.0,0.0,0.0
26900,4892,2515,0.5141046606704824,1190,1004,0.44848732624693377,1387,0.5670482420278005,0.39799999999999996,3.002103491796382,3.0713701967325515,6.490674318507891,2.102191717886888,8373.993663123467,506.49835260789604,7853.0,8866.4,8866.399999999998,1.8189894035458565e-12,7853.0,0.0,28.46708912510221,21.039802356169133,33.364098837209305,19.24728008223174,0.13511856091578087,0.10057236304170074,0.08994276369582993,0.08524121013900245,0.080335241210139,0.07542927228127555,0.06500408830744071,0.06418642681929682,0.05928045789043336,0.051921504497138185,0.04905968928863451,0.04660670482420278,0.032297628781684386,0.03025347506132461,0.017988552739165987,0.01062959934587081,0.006132461161079314,0.9134511654360413,0.022582858154397444,0.0,0.0,0.0,0.0,0.0,0.0,0.0,0.0,0.0,0.0,0.0,0.0,0.0,0.0,0.0,0.0,0.0,0.0,0.0,0.0,0.0,0.0,0.0,0.0,0.0,0.6377759607522487,7.542927228127557,16.16516762060507,5.421095666394114,0.23303352412101394,4.211267605633803,2.82490568575219,nan,nan,nan,4.209907120743034,2.8332219170057833,4.2126582278481015,2.816379176886863,1.0006534840380474,0.3967,0.0101,0.0,0.0,0.0,0.0,0.0,0.0,0.0,0.0,0.0,0.0,0.036794766966475885,18.86958299264102,11.069092395748163,0.024529844644317258,0.0,0.0,0.0,0.0,0.0,0.0,0.0,0.0,0.0,0.0,0.0,0.0,0.0,0.0,0.0,0.0,nan,nan,4.211267605633803,2.82490568575219,nan,0.3967,0.04706,0.0,0.0,0.0,0.0,0.0,0.0,0.0,0.0,0.0,0.0,0.0,0.0,0.0,0.0,0.0,0.0,0.0,0.0,0.0,0.0,0.0,0.0,1.0220768601798855e-05,0.0,9.19869174161897e-05,0.0,0.0010322976287816844,0.002964022894521668,0.01581152902698283,9.19869174161897e-05,0.01080335241210139,0.013879803761242846,0.031142681929681112,0.04367334423548651,0.01938879803761243,0.039441946034341785,0.06315412919051512,0.09354047424366313,0.08435200327064596,0.0652391659852821,0.06053761242845462,0.07973221586263286,0.10810506950122649,0.08980989370400654,0.06260220768601799,0.01679272281275552,0.03779640228945216,0.016291905151267376,0.023098937040065413,0.0034341782502044153,0.003883892068683565,0.0008994276369582993,0.005948487326246934,0.00169664758789861,0.0008789860997547016,0.0037816843826655763,1.0220768601798855e-05,0.0,8.176614881439084e-05,0.0,0.0,0.0,0.0,0.0,0.0,0.0,0.0,0.0,0.0,0.0,0.0,0.0,0.0,0.0,0.0,0.0,0.0,0.0,0.0,0.0,0.0,0.0,0.0,0.0,0.0,0.0,0.0,0.0,0.0,0.0,0.0,0.0,0.0,0.0,0.0,0.0,0.0,0.0,0.0,0.0,0.0,nan,nan,4.211267605633803,2.82490568575219,nan,0.9129909210366236,0.022750805650132013,0.0,0.0,0.0,0.0,0.0,0.0,0.0,0.0,0.0,0.0,0.0,0.0,0.0,0.0,0.0,0.0,0.0,0.0,0.0,0.0,0.0,0.0,0.0,0.0,0.0,0.6679920477137179,7.753479125248511,16.079522862823065,5.248508946322069,0.25049701789264417,0.9139381299562498,0.02239349297447997,0.0,0.0,0.0,0.0,0.0,0.0,0.0,0.0,0.0,0.0,0.0,0.0,0.0,0.0,0.0,0.0,0.0,0.0,0.0,0.0,0.0,0.0,0.0,0.0,0.0,0.6058056373580144,7.320151451409341,16.255784602440052,5.603702145561634,0.21455616323096344,0.3965,0.01012,0.0,0.0,0.0,0.0,0.0,0.0,0.0,0.0,0.0,0.0,0.03578528827037774,18.85884691848904,11.069582504970182,0.03578528827037774,0.0,0.0,0.0,0.0,0.0,0.0,0.0,0.0,0.0,0.0,0.0,0.0,0.0,0.0,0.0,0.0,0.3967,0.010086,0.0,0.0,0.0,0.0,0.0,0.0,0.0,0.0,0.0,0.0,0.0378628523348759,18.880942364324753,11.068573832562056,0.012620950778291968,0.0,0.0,0.0,0.0,0.0,0.0,0.0,0.0,0.0,0.0,0.0,0.0,0.0,0.0,0.0,0.0
27000,4570,2419,0.5293216630196936,1146,878,0.4428884026258206,1259,0.5509846827133479,0.414,3.0808926080892607,3.089846653367463,6.4546805349182765,2.053832628055145,8389.414573304159,505.82796891171574,7853.0,8866.4,8866.4,0.0,7853.0,0.0,29.193654266958426,21.389539233365884,34.0885847107438,19.5584167869445,0.13194748358862143,0.09737417943107221,0.08271334792122538,0.08490153172866521,0.08490153172866521,0.07177242888402625,0.06739606126914661,0.061706783369803064,0.06061269146608315,0.054048140043763675,0.0487964989059081,0.04310722100656455,0.03960612691466083,0.028446389496717725,0.02100656455142232,0.014223194748358862,0.007439824945295405,0.9143653809372132,0.023232169258599555,0.0,0.0,0.0,0.0,0.0,0.0,0.0,0.0,0.0,0.0,0.0,0.0,0.0,0.0,0.0,0.0,0.0,0.0,0.0,0.0,0.0,0.0,0.0,0.0,0.01969365426695843,0.6170678336980308,7.3129102844638965,15.886214442013133,5.796498905908098,0.3676148796498907,4.177483443708609,2.8728501247245504,nan,nan,nan,4.181638044914135,2.8785465217201445,4.173306772908367,2.8671059917233914,0.998007653480219,0.3965,0.010086,0.0,0.0,0.0,0.0,0.0,0.0,0.0,0.0,0.0,0.0,0.05251641137855581,19.194748358862117,10.746170678336982,0.006564551422319476,0.0,0.0,0.0,0.0,0.0,0.0,0.0,0.0,0.0,0.0,0.0,0.0,0.0,0.0,0.0,0.0,nan,nan,4.177483443708609,2.8728501247245504,nan,0.3965,0.04694,0.0,0.0,0.0,0.0,0.0,0.0,0.0,0.0,0.0,0.0,0.0,0.0,0.0,0.0,0.0,0.0,0.0,0.0,0.0,0.0,0.0,0.0,0.0,0.0,0.00012035010940919038,1.0940919037199125e-05,0.0009190371991247265,0.0030196936542669583,0.015087527352297594,0.00029540481400437636,0.0100109409190372,0.013107221006564551,0.032461706783369806,0.0462800875273523,0.018282275711159736,0.04158643326039387,0.06251641137855579,0.09260393873085339,0.08269146608315099,0.06621444201312911,0.06293216630196936,0.07538293216630197,0.10925601750547045,0.09061269146608315,0.06172866520787746,0.016641137855579868,0.03881838074398249,0.01810722100656455,0.02140043763676149,0.003041575492341357,0.00324945295404814,0.001148796498905908,0.006115973741794311,0.001575492341356674,0.0009956236323851203,0.003708971553610503,6.564551422319475e-05,1.0940919037199125e-05,0.0,0.0,0.0,0.0,0.0,0.0,0.0,0.0,0.0,0.0,0.0,0.0,0.0,0.0,0.0,0.0,0.0,0.0,0.0,0.0,0.0,0.0,0.0,0.0,0.0,0.0,0.0,0.0,0.0,0.0,0.0,0.0,0.0,0.0,0.0,0.0,0.0,0.0,0.0,0.0,0.0,0.0,0.0,nan,nan,4.177483443708609,2.8728501247245504,nan,0.9150493335704165,0.022791236488887222,0.0,0.0,0.0,0.0,0.0,0.0,0.0,0.0,0.0,0.0,0.0,0.0,0.0,0.0,0.0,0.0,0.0,0.0,0.0,0.0,0.0,0.0,0.0,0.0,0.0,0.582885489871848,6.932616783794958,16.171971889210422,5.952873088052916,0.35965274906986366,0.913596212448269,0.02369467492262851,0.0,0.0,0.0,0.0,0.0,0.0,0.0,0.0,0.0,0.0,0.0,0.0,0.0,0.0,0.0,0.0,0.0,0.0,0.0,0.0,0.0,0.0,0.0,0.0,0.041841004184100423,0.6555090655509067,7.740585774058579,15.564853556485359,5.620641562064157,0.37656903765690386,0.3962,0.00999,0.0,0.0,0.0,0.0,0.0,0.0,0.0,0.0,0.0,0.0,0.07441091360066145,19.495659363373267,10.417527904092603,0.012401818933443574,0.0,0.0,0.0,0.0,0.0,0.0,0.0,0.0,0.0,0.0,0.0,0.0,0.0,0.0,0.0,0.0,0.3967,0.01019,0.0,0.0,0.0,0.0,0.0,0.0,0.0,0.0,0.0,0.0,0.027894002789400286,18.85634588563456,11.115760111576012,0.0,0.0,0.0,0.0,0.0,0.0,0.0,0.0,0.0,0.0,0.0,0.0,0.0,0.0,0.0,0.0,0.0
27100,4529,2341,0.516891145948333,1125,916,0.4506513579156547,1265,0.5586222124089203,0.426,3.0388482632541134,3.2117313738170834,6.807443365695793,2.2332025853570987,8376.81748730404,506.41078348352323,7853.0,8866.4,8866.4,0.0,7853.0,0.0,27.688010598366084,20.839799206101997,32.77175350436392,19.055120030713248,0.14462353720468094,0.1046588650916317,0.08368293221461691,0.08898211525723118,0.08567012585559726,0.07264296754250386,0.06712298520644734,0.061382203576948555,0.05961580922941047,0.052108633252373596,0.048575844557297417,0.04084786928681828,0.031795098255685585,0.022300728637668358,0.01832634135570766,0.011702362552439833,0.005961580922941047,0.9142133516042957,0.023078773861533623,0.0,0.0,0.0,0.0,0.0,0.0,0.0,0.0,0.0,0.0,0.0,0.0,0.0,0.0,0.0,0.0,0.0,0.0,0.0,0.0,0.0,0.0,0.0,0.0,0.006623978803267831,0.5299183042614265,7.60432766615147,15.553102230072867,5.935085007727977,0.3709428129829986,4.323630136986301,2.994353677405716,nan,nan,nan,4.206779661016949,2.9513492695329653,4.442906574394463,3.0329835930483897,1.0561300881920763,0.396,0.01003,0.0,0.0,0.0,0.0,0.0,0.0,0.0,0.0,0.0,0.0,0.026495915213071323,19.600353278869477,10.373150805917422,0.0,0.0,0.0,0.0,0.0,0.0,0.0,0.0,0.0,0.0,0.0,0.0,0.0,0.0,0.0,0.0,0.0,nan,nan,4.323630136986301,2.994353677405716,nan,0.396,0.04736,0.0,0.0,0.0,0.0,0.0,0.0,0.0,0.0,0.0,0.0,0.0,0.0,0.0,0.0,0.0,0.0,0.0,0.0,0.0,0.0,0.0,0.0,0.0,0.0,0.00018767939942592184,1.103996467211305e-05,0.000916317067785383,0.004040627069993376,0.016052108633252373,0.00032015897549127843,0.011073084566129389,0.013016118348421285,0.034135570766173545,0.045054095826893355,0.01733274453521749,0.042415544270258336,0.06388827555751822,0.09011923161845882,0.07998454404945904,0.06884521969529697,0.06275115919629057,0.07678295429454626,0.10977036873482005,0.09056083020534335,0.060741885625966,0.01559947008169574,0.03576948553764628,0.01853610068447781,0.021274011923161845,0.003289909472289689,0.0030028703908147494,0.0012695959372930007,0.007065577390152351,0.0014462353720468095,0.0011812762199160962,0.003334069330978141,0.00023183925811437405,0.0,0.0,0.0,0.0,0.0,0.0,0.0,0.0,0.0,0.0,0.0,0.0,0.0,0.0,0.0,0.0,0.0,0.0,0.0,0.0,0.0,0.0,0.0,0.0,0.0,0.0,0.0,0.0,0.0,0.0,0.0,0.0,0.0,0.0,0.0,0.0,0.0,0.0,0.0,0.0,0.0,0.0,0.0,0.0,nan,nan,4.323630136986301,2.994353677405716,nan,0.9140057948754925,0.02291955670191387,0.0,0.0,0.0,0.0,0.0,0.0,0.0,0.0,0.0,0.0,0.0,0.0,0.0,0.0,0.0,0.0,0.0,0.0,0.0,0.0,0.0,0.0,0.0,0.0,0.012815036309269546,0.5510465612985904,7.419906023067067,15.77530969671081,5.907731738573261,0.3331909440410082,0.9144354221262924,0.02324586509544521,0.0,0.0,0.0,0.0,0.0,0.0,0.0,0.0,0.0,0.0,0.0,0.0,0.0,0.0,0.0,0.0,0.0,0.0,0.0,0.0,0.0,0.0,0.0,0.0,0.0,0.507312614259598,7.801645338208411,15.31535648994516,5.964351005484462,0.4113345521023767,0.3958,0.01014,0.0,0.0,0.0,0.0,0.0,0.0,0.0,0.0,0.0,0.0,0.038445108927808634,19.69671080734726,10.264844083724906,0.0,0.0,0.0,0.0,0.0,0.0,0.0,0.0,0.0,0.0,0.0,0.0,0.0,0.0,0.0,0.0,0.0,0.3962,0.0099,0.0,0.0,0.0,0.0,0.0,0.0,0.0,0.0,0.0,0.0,0.01371115173674589,19.497257769652624,10.489031078610605,0.0,0.0,0.0,0.0,0.0,0.0,0.0,0.0,0.0,0.0,0.0,0.0,0.0,0.0,0.0,0.0,0.0
27200,4796,2496,0.5204336947456214,1251,972,0.463511259382819,1359,0.5667222685571309,0.38999999999999996,2.9230434782608694,3.0428375412528137,6.344360902255639,2.2344336563179503,8380.407506255213,506.2766923182324,7853.0,8866.4,8866.4,0.0,7853.0,0.0,28.279816513761467,20.715891036051094,33.146528292562394,18.87711492607972,0.13698915763135946,0.09466221851542952,0.0884070058381985,0.08590492076730609,0.08444537114261885,0.07527105921601335,0.06984987489574646,0.06943286071726439,0.05525437864887406,0.05650542118432027,0.04920767306088407,0.0389908256880734,0.03732276897414512,0.02522935779816514,0.01688907422852377,0.010216847372810676,0.005421184320266889,0.9140105664953776,0.02289529227736779,0.0,0.0,0.0,0.0,0.0,0.0,0.0,0.0,0.0,0.0,0.0,0.0,0.0,0.0,0.0,0.0,0.0,0.0,0.0,0.0,0.0,0.0,0.0,0.0,0.0,0.6255212677231027,7.437447873227692,15.95704753961635,5.642201834862387,0.33778148457047547,4.056342461441612,2.8803063250450314,nan,nan,nan,4.006277463904582,2.8551488962815625,4.10669191919192,2.904516800516078,1.025064278795476,0.3958,0.00984,0.0,0.0,0.0,0.0,0.0,0.0,0.0,0.0,0.0,0.0,0.04378648874061719,20.04795663052541,9.908256880733946,0.0,0.0,0.0,0.0,0.0,0.0,0.0,0.0,0.0,0.0,0.0,0.0,0.0,0.0,0.0,0.0,0.0,nan,nan,4.056342461441612,2.8803063250450314,nan,0.3958,0.04752,0.0,0.0,0.0,0.0,0.0,0.0,0.0,0.0,0.0,0.0,0.0,0.0,0.0,0.0,0.0,0.0,0.0,0.0,0.0,0.0,0.0,0.0,1.042535446205171e-05,0.0,0.00023978315262718932,0.0,0.0015012510425354462,0.0045558798999165975,0.016451209341117597,0.00047956630525437864,0.00969557964970809,0.013500834028356964,0.03577981651376147,0.04383861551292744,0.015033361134278566,0.043119266055045874,0.06517931609674729,0.08992910758965805,0.08343411175979984,0.06811926605504587,0.06257297748123436,0.07738740617180984,0.1094557964970809,0.08891784820683903,0.05767306088407006,0.01634695579649708,0.034799833194328604,0.019422435362802335,0.022018348623853212,0.0031484570475396162,0.0028982485404503754,0.0015221017514595496,0.006755629691409508,0.0012093411175979982,0.0015533778148457047,0.0033152627189324438,0.00013552960800667223,0.0,0.0,0.0,0.0,0.0,0.0,0.0,0.0,0.0,0.0,0.0,0.0,0.0,0.0,0.0,0.0,0.0,0.0,0.0,0.0,0.0,0.0,0.0,0.0,0.0,0.0,0.0,0.0,0.0,0.0,0.0,0.0,0.0,0.0,0.0,0.0,0.0,0.0,0.0,0.0,0.0,0.0,0.0,0.0,nan,nan,4.056342461441612,2.8803063250450314,nan,0.9135773599577638,0.022625363409151934,0.0,0.0,0.0,0.0,0.0,0.0,0.0,0.0,0.0,0.0,0.0,0.0,0.0,0.0,0.0,0.0,0.0,0.0,0.0,0.0,0.0,0.0,0.0,0.0,0.0,0.637019230769231,7.536057692307693,16.165865384615387,5.396634615384617,0.264423076923077,0.9144806897640229,0.023175507894249683,0.0,0.0,0.0,0.0,0.0,0.0,0.0,0.0,0.0,0.0,0.0,0.0,0.0,0.0,0.0,0.0,0.0,0.0,0.0,0.0,0.0,0.0,0.0,0.0,0.0,0.6130434782608697,7.330434782608697,15.730434782608699,5.908695652173915,0.4173913043478262,0.3955,0.009735,0.0,0.0,0.0,0.0,0.0,0.0,0.0,0.0,0.0,0.0,0.024038461538461543,20.46874999999997,9.50721153846154,0.0,0.0,0.0,0.0,0.0,0.0,0.0,0.0,0.0,0.0,0.0,0.0,0.0,0.0,0.0,0.0,0.0,0.396,0.00995,0.0,0.0,0.0,0.0,0.0,0.0,0.0,0.0,0.0,0.0,0.06521739130434784,19.591304347826057,10.343478260869567,0.0,0.0,0.0,0.0,0.0,0.0,0.0,0.0,0.0,0.0,0.0,0.0,0.0,0.0,0.0,0.0,0.0
27300,4680,2368,0.505982905982906,1129,963,0.44700854700854703,1328,0.5675213675213675,0.414,2.9234429065743943,3.077393391185239,6.530959752321982,2.135821854038434,8365.763076923078,506.6637238822458,7853.0,8866.4,8866.399999999998,1.8189894035458565e-12,7853.0,0.0,28.446153846153845,21.081326198010636,33.298507462686565,19.33872485655841,0.1346153846153846,0.09957264957264957,0.09294871794871795,0.08183760683760684,0.08162393162393163,0.07243589743589744,0.075,0.06324786324786325,0.05705128205128205,0.05384615384615385,0.04700854700854701,0.04123931623931624,0.03397435897435897,0.024786324786324785,0.02094017094017094,0.012393162393162393,0.007478632478632479,0.9142827854579331,0.023213941949435515,0.0,0.0,0.0,0.0,0.0,0.0,0.0,0.0,0.0,0.0,0.0,0.0,0.0,0.0,0.0,0.0,0.0,0.0,0.0,0.0,0.0,0.0,0.0,0.0,0.006410256410256412,0.49358974358974367,7.647435897435899,15.679487179487182,5.775641025641027,0.3974358974358975,4.287734297928313,2.860751223555719,nan,nan,nan,4.246042216358839,2.85987921739004,4.329180327868852,2.8610156943902694,1.0195801424653068,0.3958,0.01,0.0,0.0,0.0,0.0,0.0,0.0,0.0,0.0,0.0,0.0,0.044871794871794886,19.85897435897433,10.096153846153848,0.0,0.0,0.0,0.0,0.0,0.0,0.0,0.0,0.0,0.0,0.0,0.0,0.0,0.0,0.0,0.0,0.0,nan,nan,4.287734297928313,2.860751223555719,nan,0.3958,0.04718,0.0,0.0,0.0,0.0,0.0,0.0,0.0,0.0,0.0,0.0,0.0,0.0,0.0,0.0,0.0,0.0,0.0,0.0,0.0,0.0,0.0,0.0,0.0,4.2735042735042735e-05,0.000576923076923077,0.0,0.0008653846153846154,0.005405982905982906,0.01564102564102564,0.0003418803418803419,0.008995726495726495,0.013002136752136751,0.03681623931623931,0.04330128205128205,0.01518162393162393,0.04126068376068376,0.06616452991452991,0.09082264957264957,0.08549145299145298,0.06835470085470086,0.06256410256410257,0.0759508547008547,0.11241452991452991,0.08837606837606837,0.055053418803418804,0.015993589743589744,0.03634615384615385,0.019070512820512822,0.022243589743589743,0.003920940170940171,0.002702991452991453,0.001452991452991453,0.005993589743589743,0.0009615384615384616,0.0011965811965811966,0.0033974358974358976,8.547008547008547e-05,0.0,0.0,1.0683760683760684e-05,0.0,0.0,0.0,0.0,0.0,0.0,0.0,0.0,0.0,0.0,0.0,0.0,0.0,0.0,0.0,0.0,0.0,0.0,0.0,0.0,0.0,0.0,0.0,0.0,0.0,0.0,0.0,0.0,0.0,0.0,0.0,0.0,0.0,0.0,0.0,0.0,0.0,0.0,0.0,0.0,0.0,nan,nan,4.287734297928313,2.860751223555719,nan,0.9140733515189307,0.02294140984020822,0.0,0.0,0.0,0.0,0.0,0.0,0.0,0.0,0.0,0.0,0.0,0.0,0.0,0.0,0.0,0.0,0.0,0.0,0.0,0.0,0.0,0.0,0.0,0.0,0.012668918918918921,0.3547297297297298,7.728040540540542,15.950168918918923,5.599662162162164,0.3547297297297298,0.9144972921913058,0.02348786187091896,0.0,0.0,0.0,0.0,0.0,0.0,0.0,0.0,0.0,0.0,0.0,0.0,0.0,0.0,0.0,0.0,0.0,0.0,0.0,0.0,0.0,0.0,0.0,0.0,0.0,0.6358131487889275,7.5648788927335655,15.4022491349481,5.955882352941178,0.4411764705882354,0.3958,0.010025,0.0,0.0,0.0,0.0,0.0,0.0,0.0,0.0,0.0,0.0,0.038006756756756764,19.750844594594568,10.211148648648651,0.0,0.0,0.0,0.0,0.0,0.0,0.0,0.0,0.0,0.0,0.0,0.0,0.0,0.0,0.0,0.0,0.0,0.3958,0.00997,0.0,0.0,0.0,0.0,0.0,0.0,0.0,0.0,0.0,0.0,0.05190311418685122,19.969723183390975,9.978373702422147,0.0,0.0,0.0,0.0,0.0,0.0,0.0,0.0,0.0,0.0,0.0,0.0,0.0,0.0,0.0,0.0,0.0
27400,4717,2417,0.5124019503921984,1145,933,0.44053423786304857,1311,0.5558617765528938,0.438,3.0017391304347827,3.1440760752134604,6.62557781201849,2.1820162176279796,8372.268136527453,506.5441066128666,7853.0,8866.4,8866.4,0.0,7853.0,0.0,27.98325206699173,21.084009138772743,33.303626149131766,19.187478816594243,0.15051939792240832,0.0981556073775705,0.08734365062539749,0.08310366758532965,0.07801568793724825,0.07483570065719737,0.06911172355310578,0.06465974136103456,0.055119779520881915,0.052575789696841214,0.047275810896756414,0.04536781852872589,0.03095187619249523,0.02565189739241043,0.018867924528301886,0.012295950816196735,0.006147975408098368,0.913111549275948,0.023098362683909794,0.0,0.0,0.0,0.0,0.0,0.0,0.0,0.0,0.0,0.0,0.0,0.0,0.0,0.0,0.0,0.0,0.0,0.0,0.0,0.0,0.0,0.0,0.0,0.0,0.012719949120203522,0.6868772524909902,7.771888912444352,15.919016323934708,5.304218783124869,0.3052787788848845,4.361800728235684,2.9130368089891667,nan,nan,nan,4.270216962524655,2.8639936196255733,4.454302868579052,2.959997897978274,1.0431092629882583,0.3962,0.00994,0.0,0.0,0.0,0.0,0.0,0.0,0.0,0.0,0.0,0.0,0.031799872800508805,19.576001695993188,10.392198431206277,0.0,0.0,0.0,0.0,0.0,0.0,0.0,0.0,0.0,0.0,0.0,0.0,0.0,0.0,0.0,0.0,0.0,nan,nan,4.361800728235684,2.9130368089891667,nan,0.3962,0.04663,0.0,0.0,0.0,0.0,0.0,0.0,0.0,0.0,0.0,0.0,0.0,0.0,0.0,0.0,0.0,0.0,0.0,0.0,0.0,0.0,0.0,0.0,0.0,1.0599957600169599e-05,0.0005511977952088192,0.0,0.0006359974560101759,0.004632181471274115,0.014733941064235744,0.0004875980496078016,0.009327962688149248,0.013557345770616918,0.035827856688573245,0.04062963748145008,0.014203943184227264,0.04186983252066992,0.06498834004663981,0.0906932372270511,0.08467246131015475,0.06886792452830189,0.06416154335382658,0.07662709349162604,0.11682213271146916,0.08850964596141615,0.05381598473606106,0.017638329446682213,0.036665253338986646,0.0195251218995124,0.021613313546745814,0.0041869832520669914,0.0023107907568369725,0.002162391350434598,0.004928980284078864,0.0009433962264150943,0.001505193979224083,0.0028619885520457917,3.17998728005088e-05,0.0,0.0,0.0,0.0,0.0,0.0,0.0,0.0,0.0,0.0,0.0,0.0,0.0,0.0,0.0,0.0,0.0,0.0,0.0,0.0,0.0,0.0,0.0,0.0,0.0,0.0,0.0,0.0,0.0,0.0,0.0,0.0,0.0,0.0,0.0,0.0,0.0,0.0,0.0,0.0,0.0,0.0,0.0,0.0,nan,nan,4.361800728235684,2.9130368089891667,nan,0.9123001163490163,0.023177360619239286,0.0,0.0,0.0,0.0,0.0,0.0,0.0,0.0,0.0,0.0,0.0,0.0,0.0,0.0,0.0,0.0,0.0,0.0,0.0,0.0,0.0,0.0,0.0,0.0,0.012412081092263138,0.7323127844435252,8.030616466694251,15.688870500620608,5.312370707488624,0.2234174596607365,0.9139642594430758,0.022984204949421178,0.0,0.0,0.0,0.0,0.0,0.0,0.0,0.0,0.0,0.0,0.0,0.0,0.0,0.0,0.0,0.0,0.0,0.0,0.0,0.0,0.0,0.0,0.0,0.0,0.013043478260869568,0.6391304347826088,7.500000000000002,16.160869565217393,5.295652173913044,0.39130434782608703,0.396,0.01002,0.0,0.0,0.0,0.0,0.0,0.0,0.0,0.0,0.0,0.0,0.04964832436905255,19.49937939594536,10.450972279685564,0.0,0.0,0.0,0.0,0.0,0.0,0.0,0.0,0.0,0.0,0.0,0.0,0.0,0.0,0.0,0.0,0.0,0.3962,0.009865,0.0,0.0,0.0,0.0,0.0,0.0,0.0,0.0,0.0,0.0,0.013043478260869568,19.656521739130405,10.330434782608696,0.0,0.0,0.0,0.0,0.0,0.0,0.0,0.0,0.0,0.0,0.0,0.0,0.0,0.0,0.0,0.0,0.0
27500,5037,2552,0.5066507841969426,1220,1070,0.4546356958507048,1455,0.577724836212031,0.36999999999999994,2.8559356136820924,3.009202849696745,6.399696048632219,2.172598048060026,8366.439904705181,506.65517236535237,7853.0,8866.4,8866.4,0.0,7853.0,0.0,27.672424061941634,20.516593611057154,32.54786102576223,18.76069337011077,0.13877307921381773,0.1034345840778241,0.08953742306928728,0.08576533650982728,0.08258884256501886,0.07663291641850307,0.07206670637284097,0.06948580504268413,0.05558864403414731,0.052213619217788367,0.043478260869565216,0.04169148302561048,0.034345840778241016,0.023823704586063133,0.017669247567996822,0.006551518761167362,0.006352987889616835,0.9135260287792834,0.022885325239519843,0.0,0.0,0.0,0.0,0.0,0.0,0.0,0.0,0.0,0.0,0.0,0.0,0.0,0.0,0.0,0.0,0.0,0.0,0.0,0.0,0.0,0.0,0.0,0.0,0.0,0.524121500893389,8.004764740917214,15.634306134603934,5.533055390113164,0.303752233472305,4.229447852760736,2.8182345018474537,nan,nan,nan,4.261059190031153,2.841351988245584,4.19770253929867,2.795785313599673,0.9851312436868497,0.396,0.00982,0.0,0.0,0.0,0.0,0.0,0.0,0.0,0.0,0.0,0.0,0.04764740917212628,19.72007147111373,10.232281119714118,0.0,0.0,0.0,0.0,0.0,0.0,0.0,0.0,0.0,0.0,0.0,0.0,0.0,0.0,0.0,0.0,0.0,nan,nan,4.229447852760736,2.8182345018474537,nan,0.396,0.04694,0.0,0.0,0.0,0.0,0.0,0.0,0.0,0.0,0.0,0.0,0.0,0.0,0.0,0.0,0.0,0.0,0.0,0.0,0.0,0.0,0.0,0.0,0.0,0.0,0.0005658129839189994,9.926543577526305e-06,0.0006253722453841572,0.005012904506650784,0.016507841969426246,0.0006750049632717887,0.01031367877704983,0.012904506650784197,0.03635100258090133,0.03896168354179075,0.012011117728806829,0.04400436767917411,0.06260671034345841,0.09006352987889617,0.08693666865197539,0.06956521739130435,0.06339090728608299,0.0754715108199325,0.11737145126067103,0.09066904903712528,0.053454437164979156,0.01612070676990272,0.0353583482231487,0.02066706372840977,0.021083978558665874,0.003801866190192575,0.0026503871351995236,0.0024816358943815764,0.004883859440142942,0.001042287075640262,0.0014095691880087354,0.0030275957911455233,0.0,0.0,0.0,0.0,0.0,0.0,0.0,0.0,0.0,0.0,0.0,0.0,0.0,0.0,0.0,0.0,0.0,0.0,0.0,0.0,0.0,0.0,0.0,0.0,0.0,0.0,0.0,0.0,0.0,0.0,0.0,0.0,0.0,0.0,0.0,0.0,0.0,0.0,0.0,0.0,0.0,0.0,0.0,0.0,0.0,nan,nan,4.229447852760736,2.8182345018474537,nan,0.9133030120108195,0.02312651359319595,0.0,0.0,0.0,0.0,0.0,0.0,0.0,0.0,0.0,0.0,0.0,0.0,0.0,0.0,0.0,0.0,0.0,0.0,0.0,0.0,0.0,0.0,0.0,0.0,0.0,0.505485893416928,8.240595611285269,15.564263322884015,5.32523510971787,0.36442006269592486,0.9137550584747038,0.02263267219789765,0.0,0.0,0.0,0.0,0.0,0.0,0.0,0.0,0.0,0.0,0.0,0.0,0.0,0.0,0.0,0.0,0.0,0.0,0.0,0.0,0.0,0.0,0.0,0.0,0.0,0.5432595573440645,7.762575452716299,15.706237424547286,5.746478873239438,0.24144869215291756,0.3962,0.009895,0.0,0.0,0.0,0.0,0.0,0.0,0.0,0.0,0.0,0.0,0.04702194357366772,19.302507836990568,10.65047021943574,0.0,0.0,0.0,0.0,0.0,0.0,0.0,0.0,0.0,0.0,0.0,0.0,0.0,0.0,0.0,0.0,0.0,0.3958,0.009735,0.0,0.0,0.0,0.0,0.0,0.0,0.0,0.0,0.0,0.0,0.04828973843058351,20.148893360160937,9.802816901408452,0.0,0.0,0.0,0.0,0.0,0.0,0.0,0.0,0.0,0.0,0.0,0.0,0.0,0.0,0.0,0.0,0.0
27600,4279,2215,0.5176443094180884,1047,848,0.44286048142089274,1210,0.5655526992287918,0.40199999999999997,3.018410852713178,3.022469181849677,6.191222570532916,2.1344578743903564,8377.580743164292,506.3844083538636,7853.0,8866.4,8866.4,0.0,7853.0,0.0,29.006309885487262,21.390737324572846,34.005817174515236,19.542686270292926,0.13835008179481187,0.09418088338396821,0.08670250058424865,0.0824959102594064,0.07899041832203786,0.07758822154709044,0.0630988548726338,0.06356625379761627,0.06356625379761627,0.05328347744800187,0.04580509464828231,0.04183220378593129,0.03809301238607151,0.03271792474877308,0.01939705538677261,0.011451273662070577,0.008880579574666978,0.9127301168124178,0.022793980762507368,0.0,0.0,0.0,0.0,0.0,0.0,0.0,0.0,0.0,0.0,0.0,0.0,0.0,0.0,0.0,0.0,0.0,0.0,0.0,0.0,0.0,0.0,0.0,0.0,0.0,0.6029446132273897,8.11871932694555,15.725636831035292,5.272259873802291,0.2804393549894836,4.306028368794326,2.8457319988228496,nan,nan,nan,4.256894049346879,2.8234272252825585,4.354614850798057,2.866421433237462,1.0229558923286264,0.3965,0.00987,0.0,0.0,0.0,0.0,0.0,0.0,0.0,0.0,0.0,0.0,0.028043935498948357,18.894601542416424,11.077354522084601,0.0,0.0,0.0,0.0,0.0,0.0,0.0,0.0,0.0,0.0,0.0,0.0,0.0,0.0,0.0,0.0,0.0,nan,nan,4.306028368794326,2.8457319988228496,nan,0.3965,0.0463,0.0,0.0,0.0,0.0,0.0,0.0,0.0,0.0,0.0,0.0,0.0,0.0,0.0,0.0,0.0,0.0,0.0,0.0,0.0,0.0,0.0,0.0,0.0,0.0,0.00024538443561579807,0.0,0.0002804393549894835,0.004440289787333489,0.016674456648749707,0.0010282776349614395,0.009499883150268755,0.011696658097686375,0.034120121523720494,0.037473708810469734,0.011755082963309184,0.043830334190231364,0.0627015657863987,0.09010282776349614,0.09026641738724,0.06579808366440758,0.06565786398691283,0.07945781724702033,0.11770273428371114,0.08976396354288385,0.0548025239541949,0.01818181818181818,0.034050011684973125,0.019864454311755084,0.022014489366674456,0.0038560411311053984,0.0030965178780088805,0.0021032951624211263,0.005269922879177378,0.0005141388174807198,0.0010165926618368778,0.0027342837111474644,0.0,0.0,0.0,0.0,0.0,0.0,0.0,0.0,0.0,0.0,0.0,0.0,0.0,0.0,0.0,0.0,0.0,0.0,0.0,0.0,0.0,0.0,0.0,0.0,0.0,0.0,0.0,0.0,0.0,0.0,0.0,0.0,0.0,0.0,0.0,0.0,0.0,0.0,0.0,0.0,0.0,0.0,0.0,0.0,0.0,nan,nan,4.306028368794326,2.8457319988228496,nan,0.9126327089208512,0.02292038547333997,0.0,0.0,0.0,0.0,0.0,0.0,0.0,0.0,0.0,0.0,0.0,0.0,0.0,0.0,0.0,0.0,0.0,0.0,0.0,0.0,0.0,0.0,0.0,0.0,0.0,0.6230248306997743,7.990970654627541,15.9548532731377,5.119638826185103,0.31151241534988716,0.9128346509596174,0.022657078106110347,0.0,0.0,0.0,0.0,0.0,0.0,0.0,0.0,0.0,0.0,0.0,0.0,0.0,0.0,0.0,0.0,0.0,0.0,0.0,0.0,0.0,0.0,0.0,0.0,0.0,0.5813953488372094,8.255813953488374,15.4796511627907,5.436046511627908,0.247093023255814,0.3965,0.00986,0.0,0.0,0.0,0.0,0.0,0.0,0.0,0.0,0.0,0.0,0.04063205417607224,18.704288939051892,11.255079006772013,0.0,0.0,0.0,0.0,0.0,0.0,0.0,0.0,0.0,0.0,0.0,0.0,0.0,0.0,0.0,0.0,0.0,0.3965,0.00989,0.0,0.0,0.0,0.0,0.0,0.0,0.0,0.0,0.0,0.0,0.014534883720930236,19.098837209302296,10.886627906976745,0.0,0.0,0.0,0.0,0.0,0.0,0.0,0.0,0.0,0.0,0.0,0.0,0.0,0.0,0.0,0.0,0.0
27700,4238,2200,0.5191127890514393,989,847,0.43322321849929213,1173,0.5535630014157622,0.39799999999999996,2.9666339548577034,3.105578499404239,6.585365853658536,2.1645372211700455,8379.068900424729,506.32967096185143,7853.0,8866.4,8866.4,0.0,7853.0,0.0,27.792118924020766,20.69260774488414,32.3364797334814,19.12117026476175,0.1316658801321378,0.10358659745162813,0.1024067956583294,0.08942897593204342,0.07833883907503539,0.0752713544124587,0.06890042472864559,0.060641812175554505,0.05781028787163756,0.05356300141576215,0.049551675318546484,0.037753657385559226,0.033978291647003306,0.021000471920717318,0.019584709768758847,0.009202453987730062,0.0073147711184521,0.9117839711350391,0.02289193866415345,0.0,0.0,0.0,0.0,0.0,0.0,0.0,0.0,0.0,0.0,0.0,0.0,0.0,0.0,0.0,0.0,0.0,0.0,0.0,0.0,0.0,0.0,0.0,0.0,0.014157621519584713,0.714959886739028,8.480415290231242,15.552147239263807,5.011798017932988,0.2265219443133554,4.341408870667164,2.9136708805516722,nan,nan,nan,4.366985998526161,2.8955332373532716,4.315233785822021,2.9318853906378903,0.9881492148768953,0.3962,0.00992,0.0,0.0,0.0,0.0,0.0,0.0,0.0,0.0,0.0,0.0,0.03539405379896178,19.34638980651248,10.618216139688535,0.0,0.0,0.0,0.0,0.0,0.0,0.0,0.0,0.0,0.0,0.0,0.0,0.0,0.0,0.0,0.0,0.0,nan,nan,4.341408870667164,2.9136708805516722,nan,0.3962,0.04608,0.0,0.0,0.0,0.0,0.0,0.0,0.0,0.0,0.0,0.0,0.0,0.0,0.0,0.0,0.0,0.0,0.0,0.0,0.0,0.0,0.0,0.0,0.0,0.0,0.00029495044832468146,0.0,0.00027135441245870696,0.004011326097215668,0.01643463898065125,0.0008966493629070316,0.008600755073147712,0.010559226050023596,0.035960358659745166,0.04005427088249174,0.011255309108069845,0.04193015573383672,0.063886267107126,0.09111609249646059,0.09559933931099575,0.06589193015573383,0.06634025483718735,0.08114676734308636,0.11293062765455404,0.08795422369042001,0.04989381783860312,0.018168947616800376,0.03575979235488438,0.019089193015573384,0.023442661632845682,0.0043652666352052855,0.003433223218499292,0.0026309579990561587,0.004058518168947617,0.0004365266635205286,0.0012387918829636622,0.002347805568664464,0.0,0.0,0.0,0.0,0.0,0.0,0.0,0.0,0.0,0.0,0.0,0.0,0.0,0.0,0.0,0.0,0.0,0.0,0.0,0.0,0.0,0.0,0.0,0.0,0.0,0.0,0.0,0.0,0.0,0.0,0.0,0.0,0.0,0.0,0.0,0.0,0.0,0.0,0.0,0.0,0.0,0.0,0.0,0.0,0.0,nan,nan,4.341408870667164,2.9136708805516722,nan,0.911362758603963,0.022792230462297194,0.0,0.0,0.0,0.0,0.0,0.0,0.0,0.0,0.0,0.0,0.0,0.0,0.0,0.0,0.0,0.0,0.0,0.0,0.0,0.0,0.0,0.0,0.0,0.0,0.01363636363636364,0.7227272727272729,8.550000000000002,15.709090909090913,4.75909090909091,0.2454545454545455,0.9122386657220692,0.022990427450651656,0.0,0.0,0.0,0.0,0.0,0.0,0.0,0.0,0.0,0.0,0.0,0.0,0.0,0.0,0.0,0.0,0.0,0.0,0.0,0.0,0.0,0.0,0.0,0.0,0.01472031403336605,0.7065750736015702,8.405299313052014,15.38272816486752,5.284592737978411,0.20608439646712468,0.3962,0.00995,0.0,0.0,0.0,0.0,0.0,0.0,0.0,0.0,0.0,0.0,0.040909090909090916,19.431818181818155,10.52727272727273,0.0,0.0,0.0,0.0,0.0,0.0,0.0,0.0,0.0,0.0,0.0,0.0,0.0,0.0,0.0,0.0,0.0,0.3965,0.00988,0.0,0.0,0.0,0.0,0.0,0.0,0.0,0.0,0.0,0.0,0.0294406280667321,19.254170755642757,10.716388616290482,0.0,0.0,0.0,0.0,0.0,0.0,0.0,0.0,0.0,0.0,0.0,0.0,0.0,0.0,0.0,0.0,0.0
27800,4040,2067,0.5116336633663366,954,856,0.44801980198019803,1165,0.5767326732673267,0.43,2.9589457678661937,3.1358556693694712,6.698884758364312,2.272029426601667,8371.489554455446,506.56282572425494,7853.0,8866.4,8866.399999999998,1.8189894035458565e-12,7853.0,0.0,28.17920792079208,21.032661149178793,33.18396226415094,19.23832045483972,0.14034653465346536,0.09975247524752476,0.08712871287128712,0.09331683168316832,0.07623762376237624,0.07326732673267326,0.06930693069306931,0.06262376237623762,0.05816831683168317,0.055693069306930694,0.042821782178217825,0.04232673267326733,0.03341584158415842,0.02797029702970297,0.019306930693069307,0.011386138613861386,0.006930693069306931,0.9123879088771225,0.022265320324962534,0.0,0.0,0.0,0.0,0.0,0.0,0.0,0.0,0.0,0.0,0.0,0.0,0.0,0.0,0.0,0.0,0.0,0.0,0.0,0.0,0.0,0.0,0.0,0.0,0.007425742574257427,0.6534653465346536,7.849009900990101,16.403465346534656,4.81930693069307,0.2673267326732674,4.2598095238095235,2.862354003247903,nan,nan,nan,4.222306525037936,2.83403659476341,4.297628156082632,2.890136068373553,1.017838977487315,0.397,0.00951,0.0,0.0,0.0,0.0,0.0,0.0,0.0,0.0,0.0,0.0,0.007425742574257427,18.7277227722772,11.264851485148517,0.0,0.0,0.0,0.0,0.0,0.0,0.0,0.0,0.0,0.0,0.0,0.0,0.0,0.0,0.0,0.0,0.0,nan,nan,4.2598095238095235,2.862354003247903,nan,0.397,0.04602,0.0,0.0,0.0,0.0,0.0,0.0,0.0,0.0,0.0,0.0,0.0,0.0,0.0,0.0,0.0,0.0,0.0,0.0,0.0,0.0,0.0,0.0,0.0,1.2376237623762377e-05,0.00028465346534653464,0.0,0.0003712871287128713,0.0041212871287128715,0.014938118811881188,0.000853960396039604,0.00938118811881188,0.009331683168316831,0.03462871287128713,0.042413366336633666,0.010037128712871287,0.041064356435643566,0.0625990099009901,0.08821782178217821,0.09525990099009901,0.06602722772277228,0.06726485148514852,0.08117574257425743,0.11448019801980198,0.09209158415841584,0.04862623762376238,0.017475247524752477,0.03569306930693069,0.020297029702970298,0.025012376237623764,0.004232673267326733,0.0037004950495049503,0.001707920792079208,0.003997524752475248,0.0007301980198019802,0.001448019801980198,0.0024504950495049505,0.0,7.425742574257426e-05,0.0,0.0,0.0,0.0,0.0,0.0,0.0,0.0,0.0,0.0,0.0,0.0,0.0,0.0,0.0,0.0,0.0,0.0,0.0,0.0,0.0,0.0,0.0,0.0,0.0,0.0,0.0,0.0,0.0,0.0,0.0,0.0,0.0,0.0,0.0,0.0,0.0,0.0,0.0,0.0,0.0,0.0,0.0,nan,nan,4.2598095238095235,2.862354003247903,nan,0.9121526711276607,0.022373307638651925,0.0,0.0,0.0,0.0,0.0,0.0,0.0,0.0,0.0,0.0,0.0,0.0,0.0,0.0,0.0,0.0,0.0,0.0,0.0,0.0,0.0,0.0,0.0,0.0,0.014513788098693763,0.6821480406386068,7.866473149492019,16.31349782293179,4.8766328011611035,0.24673439767779395,0.9126343541017233,0.022148943896305368,0.0,0.0,0.0,0.0,0.0,0.0,0.0,0.0,0.0,0.0,0.0,0.0,0.0,0.0,0.0,0.0,0.0,0.0,0.0,0.0,0.0,0.0,0.0,0.0,0.0,0.6234161175874304,7.8307146477445535,16.497719209325904,4.7592498732894075,0.2889001520527117,0.397,0.0095,0.0,0.0,0.0,0.0,0.0,0.0,0.0,0.0,0.0,0.0,0.014513788098693763,18.621190130624065,11.364296081277216,0.0,0.0,0.0,0.0,0.0,0.0,0.0,0.0,0.0,0.0,0.0,0.0,0.0,0.0,0.0,0.0,0.0,0.397,0.009514,0.0,0.0,0.0,0.0,0.0,0.0,0.0,0.0,0.0,0.0,0.0,18.839330968068904,11.160669031931072,0.0,0.0,0.0,0.0,0.0,0.0,0.0,0.0,0.0,0.0,0.0,0.0,0.0,0.0,0.0,0.0,0.0
27900,4135,2203,0.5327690447400242,996,818,0.43869407496977025,1155,0.558645707376058,0.414,3.0232919254658386,3.0636748275463264,6.412068965517242,2.118276591803273,8392.90814993954,505.6106296129392,7853.0,8866.4,8866.4,0.0,7853.0,0.0,28.823216444981863,21.073911338675273,33.6490727532097,19.248716425231006,0.1334945586457074,0.09987908101571946,0.08730350665054414,0.08222490931076179,0.08053204353083435,0.07666263603385731,0.06747279322853689,0.05344619105199516,0.05997581620314389,0.06021765417170496,0.05392986698911729,0.044014510278113664,0.03700120918984281,0.027569528415961306,0.023216444981862153,0.007738814993954051,0.00532043530834341,0.9125593449645636,0.02292135347553712,0.0,0.0,0.0,0.0,0.0,0.0,0.0,0.0,0.0,0.0,0.0,0.0,0.0,0.0,0.0,0.0,0.0,0.0,0.0,0.0,0.0,0.0,0.0,0.0,0.0,0.7037484885126966,7.886336154776302,15.9540507859734,5.187424425634825,0.2684401451027812,4.161992619926199,2.8527118734908834,nan,nan,nan,4.244625648628614,2.8588325070126754,4.079411764705882,2.8452002319453005,0.9610769246573934,0.397,0.009514,0.0,0.0,0.0,0.0,0.0,0.0,0.0,0.0,0.0,0.0,0.029020556227327698,18.652962515114844,11.318016928657801,0.0,0.0,0.0,0.0,0.0,0.0,0.0,0.0,0.0,0.0,0.0,0.0,0.0,0.0,0.0,0.0,0.0,nan,nan,4.161992619926199,2.8527118734908834,nan,0.397,0.04544,0.0,0.0,0.0,0.0,0.0,0.0,0.0,0.0,0.0,0.0,0.0,0.0,0.0,0.0,0.0,0.0,0.0,0.0,0.0,0.0,0.0,0.0,0.0,2.4183796856106408e-05,0.0003385731559854897,4.8367593712212815e-05,0.000532043530834341,0.003857315598548972,0.013083434099153567,0.0007617896009673519,0.010024183796856106,0.010145102781136638,0.03350665054413543,0.04441354292623942,0.010918984280532043,0.04019347037484885,0.060241837968561064,0.09094316807738816,0.09151148730350665,0.06186215235792019,0.06889963724304715,0.08155985489721887,0.12053204353083434,0.09344619105199517,0.04968561064087062,0.018101571946795646,0.03532043530834341,0.020931076178960097,0.022889963724304716,0.004171704957678356,0.002950423216444982,0.0014510278113663846,0.004002418379685611,0.0007376058041112455,0.0008464328899637243,0.0020193470374848853,0.0,4.8367593712212815e-05,0.0,0.0,0.0,0.0,0.0,0.0,0.0,0.0,0.0,0.0,0.0,0.0,0.0,0.0,0.0,0.0,0.0,0.0,0.0,0.0,0.0,0.0,0.0,0.0,0.0,0.0,0.0,0.0,0.0,0.0,0.0,0.0,0.0,0.0,0.0,0.0,0.0,0.0,0.0,0.0,0.0,0.0,0.0,nan,nan,4.161992619926199,2.8527118734908834,nan,0.912891763505533,0.022662332350666572,0.0,0.0,0.0,0.0,0.0,0.0,0.0,0.0,0.0,0.0,0.0,0.0,0.0,0.0,0.0,0.0,0.0,0.0,0.0,0.0,0.0,0.0,0.0,0.0,0.0,0.6536541080344985,7.7076713572401285,16.164321379936453,5.188379482523832,0.2859736722650931,0.9121802983570296,0.02320737127387663,0.0,0.0,0.0,0.0,0.0,0.0,0.0,0.0,0.0,0.0,0.0,0.0,0.0,0.0,0.0,0.0,0.0,0.0,0.0,0.0,0.0,0.0,0.0,0.0,0.0,0.7608695652173915,8.090062111801243,15.714285714285719,5.186335403726709,0.24844720496894415,0.3967,0.00933,0.0,0.0,0.0,0.0,0.0,0.0,0.0,0.0,0.0,0.0,0.013617793917385386,18.819791193826575,11.166591012256017,0.0,0.0,0.0,0.0,0.0,0.0,0.0,0.0,0.0,0.0,0.0,0.0,0.0,0.0,0.0,0.0,0.0,0.3972,0.00971,0.0,0.0,0.0,0.0,0.0,0.0,0.0,0.0,0.0,0.0,0.04658385093167702,18.46273291925463,11.490683229813666,0.0,0.0,0.0,0.0,0.0,0.0,0.0,0.0,0.0,0.0,0.0,0.0,0.0,0.0,0.0,0.0,0.0
28000,4075,2087,0.5121472392638037,985,851,0.4505521472392638,1156,0.5673619631901841,0.40199999999999997,2.937625754527163,3.0353604854183827,6.481481481481482,2.0648889587371424,8372.010012269939,506.5504452647472,7853.0,8866.4,8866.399999999998,1.8189894035458565e-12,7853.0,0.0,28.179386503067484,20.80928219306213,32.969521044992746,19.058368824927637,0.1361963190184049,0.09521472392638036,0.09325153374233129,0.08858895705521472,0.08171779141104295,0.07803680981595092,0.06503067484662577,0.06331288343558282,0.06404907975460122,0.053987730061349694,0.046134969325153374,0.04049079754601227,0.03067484662576687,0.027239263803680983,0.017914110429447853,0.011042944785276074,0.007116564417177914,0.913418708988494,0.02323475448923083,0.0,0.0,0.0,0.0,0.0,0.0,0.0,0.0,0.0,0.0,0.0,0.0,0.0,0.0,0.0,0.0,0.0,0.0,0.0,0.0,0.0,0.0,0.0,0.0,0.007361963190184051,0.6036809815950921,7.877300613496934,15.460122699386506,5.705521472392639,0.34601226993865036,4.188301886792453,2.805320911820665,nan,nan,nan,4.299622641509434,2.8337653877297093,4.076283987915408,2.7730488795791453,0.9480562197626673,0.3972,0.00965,0.0,0.0,0.0,0.0,0.0,0.0,0.0,0.0,0.0,0.0,0.029447852760736203,18.375460122699362,11.587730061349696,0.007361963190184051,0.0,0.0,0.0,0.0,0.0,0.0,0.0,0.0,0.0,0.0,0.0,0.0,0.0,0.0,0.0,0.0,nan,nan,4.188301886792453,2.805320911820665,nan,0.3972,0.04578,0.0,0.0,0.0,0.0,0.0,0.0,0.0,0.0,0.0,0.0,0.0,0.0,0.0,0.0,0.0,0.0,0.0,0.0,0.0,0.0,0.0,0.0,0.0,1.2269938650306748e-05,0.0004539877300613497,4.907975460122699e-05,0.0005153374233128835,0.003263803680981595,0.013312883435582823,0.0008343558282208589,0.009754601226993865,0.010368098159509202,0.03250306748466258,0.044895705521472394,0.010809815950920246,0.040932515337423314,0.0600122699386503,0.08938650306748466,0.09495705521472393,0.05876073619631902,0.06679754601226993,0.0821963190184049,0.12069938650306748,0.09484662576687117,0.049079754601226995,0.018085889570552148,0.035607361963190184,0.02117791411042945,0.022503067484662576,0.004564417177914111,0.00252760736196319,0.002343558282208589,0.004319018404907975,0.0008957055214723926,0.0010920245398773007,0.002380368098159509,0.0,1.2269938650306748e-05,4.907975460122699e-05,0.0,0.0,0.0,0.0,0.0,0.0,0.0,0.0,0.0,0.0,0.0,0.0,0.0,0.0,0.0,0.0,0.0,0.0,0.0,0.0,0.0,0.0,0.0,0.0,0.0,0.0,0.0,0.0,0.0,0.0,0.0,0.0,0.0,0.0,0.0,0.0,0.0,0.0,0.0,0.0,0.0,0.0,nan,nan,4.188301886792453,2.805320911820665,nan,0.9132445788177852,0.02258564483826479,0.0,0.0,0.0,0.0,0.0,0.0,0.0,0.0,0.0,0.0,0.0,0.0,0.0,0.0,0.0,0.0,0.0,0.0,0.0,0.0,0.0,0.0,0.0,0.0,0.014374700527072357,0.5031145184475324,7.963584091998085,15.697172975563012,5.563009103977001,0.2587446094873024,0.9136015106314864,0.023895860952037256,0.0,0.0,0.0,0.0,0.0,0.0,0.0,0.0,0.0,0.0,0.0,0.0,0.0,0.0,0.0,0.0,0.0,0.0,0.0,0.0,0.0,0.0,0.0,0.0,0.0,0.7092555331991953,7.7867203219315915,15.211267605633806,5.85513078470825,0.43762575452716307,0.397,0.00998,0.0,0.0,0.0,0.0,0.0,0.0,0.0,0.0,0.0,0.0,0.05749880210828943,18.356492573071368,11.571633924293245,0.014374700527072357,0.0,0.0,0.0,0.0,0.0,0.0,0.0,0.0,0.0,0.0,0.0,0.0,0.0,0.0,0.0,0.0,0.3975,0.009285,0.0,0.0,0.0,0.0,0.0,0.0,0.0,0.0,0.0,0.0,0.0,18.395372233400376,11.604627766599599,0.0,0.0,0.0,0.0,0.0,0.0,0.0,0.0,0.0,0.0,0.0,0.0,0.0,0.0,0.0,0.0,0.0
28100,4080,2112,0.5176470588235295,966,838,0.442156862745098,1146,0.5617647058823529,0.422,3.029979674796748,3.146106058752664,6.665461121157324,2.127538503938246,8377.583529411764,506.3843099620864,7853.0,8866.4,8866.399999999998,1.8189894035458565e-12,7853.0,0.0,28.124019607843138,21.04216848214528,33.05772594752187,19.31989842869671,0.13504901960784313,0.10318627450980392,0.09730392156862745,0.08823529411764706,0.0769607843137255,0.06715686274509804,0.06764705882352941,0.06764705882352941,0.05759803921568627,0.052941176470588235,0.04485294117647059,0.04387254901960784,0.0321078431372549,0.030147058823529412,0.01715686274509804,0.013235294117647059,0.004901960784313725,0.9135633889220509,0.02228084767071383,0.0,0.0,0.0,0.0,0.0,0.0,0.0,0.0,0.0,0.0,0.0,0.0,0.0,0.0,0.0,0.0,0.0,0.0,0.0,0.0,0.0,0.0,0.0,0.0,0.0,0.5000000000000001,7.669117647058825,16.34558823529412,5.23529411764706,0.25000000000000006,4.303734756097561,2.906896459663923,nan,nan,nan,4.303146584804297,2.9825865943485437,4.304314912944739,2.830255243368761,1.0002715055407518,0.3972,0.00974,0.0,0.0,0.0,0.0,0.0,0.0,0.0,0.0,0.0,0.0,0.01470588235294118,18.389705882352917,11.588235294117649,0.00735294117647059,0.0,0.0,0.0,0.0,0.0,0.0,0.0,0.0,0.0,0.0,0.0,0.0,0.0,0.0,0.0,0.0,nan,nan,4.303734756097561,2.906896459663923,nan,0.3972,0.04572,0.0,0.0,0.0,0.0,0.0,0.0,0.0,0.0,0.0,0.0,0.0,0.0,0.0,0.0,0.0,0.0,0.0,0.0,0.0,0.0,0.0,0.0,0.0,0.00011029411764705883,0.00037990196078431374,8.57843137254902e-05,0.00035539215686274507,0.003639705882352941,0.012475490196078432,0.0006495098039215686,0.007916666666666667,0.010575980392156863,0.03236519607843137,0.046556372549019606,0.010906862745098039,0.041164215686274507,0.06115196078431372,0.08964460784313726,0.09666666666666666,0.05743872549019608,0.06795343137254901,0.08346813725490196,0.12126225490196078,0.09150735294117647,0.049448529411764704,0.018272058823529412,0.033455882352941176,0.018676470588235294,0.023848039215686276,0.0043995098039215684,0.002928921568627451,0.0036274509803921567,0.00463235294117647,0.000588235294117647,0.00125,0.0025122549019607845,0.0,0.0,7.352941176470588e-05,0.0,0.0,1.2254901960784313e-05,0.0,0.0,0.0,0.0,0.0,0.0,0.0,0.0,0.0,0.0,0.0,0.0,0.0,0.0,0.0,0.0,0.0,0.0,0.0,0.0,0.0,0.0,0.0,0.0,0.0,0.0,0.0,0.0,0.0,0.0,0.0,0.0,0.0,0.0,0.0,0.0,0.0,0.0,0.0,nan,nan,4.303734756097561,2.906896459663923,nan,0.9136468574235385,0.0221785878241303,0.0,0.0,0.0,0.0,0.0,0.0,0.0,0.0,0.0,0.0,0.0,0.0,0.0,0.0,0.0,0.0,0.0,0.0,0.0,0.0,0.0,0.0,0.0,0.0,0.0,0.3977272727272728,7.75568181818182,16.377840909090914,5.227272727272728,0.2414772727272728,0.9134738129692349,0.02238972424735595,0.0,0.0,0.0,0.0,0.0,0.0,0.0,0.0,0.0,0.0,0.0,0.0,0.0,0.0,0.0,0.0,0.0,0.0,0.0,0.0,0.0,0.0,0.0,0.0,0.0,0.6097560975609757,7.576219512195124,16.310975609756103,5.243902439024391,0.2591463414634147,0.3972,0.00973,0.0,0.0,0.0,0.0,0.0,0.0,0.0,0.0,0.0,0.0,0.0,18.664772727272698,11.321022727272728,0.014204545454545458,0.0,0.0,0.0,0.0,0.0,0.0,0.0,0.0,0.0,0.0,0.0,0.0,0.0,0.0,0.0,0.0,0.3975,0.00976,0.0,0.0,0.0,0.0,0.0,0.0,0.0,0.0,0.0,0.0,0.030487804878048787,18.094512195121926,11.875000000000002,0.0,0.0,0.0,0.0,0.0,0.0,0.0,0.0,0.0,0.0,0.0,0.0,0.0,0.0,0.0,0.0,0.0
28200,4337,2199,0.5070325109522712,1026,907,0.4456997924832834,1242,0.5727461378833295,0.414,2.9766136576239477,3.131871728727357,6.704201680672269,2.169281140195355,8366.82674659903,506.6498785975508,7853.0,8866.4,8866.4,0.0,7853.0,0.0,28.243716854968874,21.15672378533827,33.35970231532525,19.348381444451203,0.1418030896933364,0.09845515333179618,0.09015448466682038,0.08669587272308046,0.07931750057643533,0.06778879409730228,0.07101683191145954,0.06755821996771962,0.059257551302743836,0.04957343786027208,0.04634540004611483,0.042656213972792255,0.0341249711782338,0.02743832142033664,0.017523633848282223,0.011759280608715702,0.00853124279455845,0.9139166228887203,0.023655202977427004,0.0,0.0,0.0,0.0,0.0,0.0,0.0,0.0,0.0,0.0,0.0,0.0,0.0,0.0,0.0,0.0,0.0,0.0,0.0,0.0,0.0,0.0,0.0,0.0,0.006917223887479827,0.5741295826608256,7.913304127276922,15.439243716854973,5.637537468296058,0.42886788102374923,4.341272662637754,2.9230186056340726,nan,nan,nan,4.395167022032694,2.969195930650452,4.288967971530249,2.8754302173617843,0.975837311763108,0.3977,0.00977,0.0,0.0,0.0,0.0,0.0,0.0,0.0,0.0,0.0,0.0,0.041503343324878955,17.87410652524784,12.077472907539777,0.006917223887479827,0.0,0.0,0.0,0.0,0.0,0.0,0.0,0.0,0.0,0.0,0.0,0.0,0.0,0.0,0.0,0.0,nan,nan,4.341272662637754,2.9230186056340726,nan,0.3977,0.04575,0.0,0.0,0.0,0.0,0.0,0.0,0.0,0.0,0.0,0.0,0.0,0.0,0.0,0.0,0.0,0.0,0.0,0.0,0.0,0.0,0.0,0.0,0.0,0.0,0.000564906617477519,9.222965183306433e-05,0.00024210283606179386,0.0034931980631773113,0.01030666359234494,0.0007493659211436477,0.007424486972561679,0.01156329259857044,0.03329490431173622,0.048466682038275304,0.009661056029513488,0.04097302282683883,0.0628775651371916,0.08926677426792713,0.09794789024671433,0.05468065483052802,0.06679732534009684,0.0816808854046576,0.12067097071708555,0.09169933133502421,0.0511182845284759,0.01966797325340097,0.03230343555453078,0.020140650219045424,0.02308047037122435,0.004980401198985474,0.002547844131888402,0.003631542540926908,0.00564906617477519,0.00042656213972792255,0.0013142725386211668,0.0026516024902005996,0.0,2.3057412958266083e-05,0.0,0.0,0.0,1.1528706479133041e-05,0.0,0.0,0.0,0.0,0.0,0.0,0.0,0.0,0.0,0.0,0.0,0.0,0.0,0.0,0.0,0.0,0.0,0.0,0.0,0.0,0.0,0.0,0.0,0.0,0.0,0.0,0.0,0.0,0.0,0.0,0.0,0.0,0.0,0.0,0.0,0.0,0.0,0.0,0.0,nan,nan,4.341272662637754,2.9230186056340726,nan,0.9144488611834979,0.02386285452072534,0.0,0.0,0.0,0.0,0.0,0.0,0.0,0.0,0.0,0.0,0.0,0.0,0.0,0.0,0.0,0.0,0.0,0.0,0.0,0.0,0.0,0.0,0.0,0.0,0.013642564802182814,0.6139154160982265,7.830832196452935,15.37517053206003,5.648021828103685,0.5184174624829468,0.9133691991234183,0.023427096979812087,0.0,0.0,0.0,0.0,0.0,0.0,0.0,0.0,0.0,0.0,0.0,0.0,0.0,0.0,0.0,0.0,0.0,0.0,0.0,0.0,0.0,0.0,0.0,0.0,0.0,0.5332086061739945,7.998129092609918,15.505144995322734,5.626753975678205,0.3367633302151544,0.3975,0.00981,0.0,0.0,0.0,0.0,0.0,0.0,0.0,0.0,0.0,0.0,0.013642564802182814,18.04911323328783,11.92360163710778,0.013642564802182814,0.0,0.0,0.0,0.0,0.0,0.0,0.0,0.0,0.0,0.0,0.0,0.0,0.0,0.0,0.0,0.0,0.398,0.00972,0.0,0.0,0.0,0.0,0.0,0.0,0.0,0.0,0.0,0.0,0.07015902712815716,17.69410664172121,12.235734331150612,0.0,0.0,0.0,0.0,0.0,0.0,0.0,0.0,0.0,0.0,0.0,0.0,0.0,0.0,0.0,0.0,0.0
28300,4338,2255,0.5198248040571692,1079,861,0.4472106961733518,1191,0.5491009681881052,0.418,2.9068650984157465,3.0461273612028408,6.418088737201365,2.175165546006847,8379.790456431536,506.30155397783676,7853.0,8866.4,8866.4,0.0,7853.0,0.0,28.976486860304288,21.17473028824749,33.67686062246279,19.410905878009174,0.12932226832641772,0.09336099585062241,0.09612724757952974,0.08736745043798985,0.07261410788381743,0.07468879668049792,0.06961733517750116,0.06708160442600276,0.05763024435223606,0.055094513600737666,0.04933148916551406,0.0417242969110189,0.036191793453204245,0.028123559243891195,0.0239741816505302,0.011756569847856155,0.00599354541263255,0.9128854017809493,0.02282179544769169,0.0,0.0,0.0,0.0,0.0,0.0,0.0,0.0,0.0,0.0,0.0,0.0,0.0,0.0,0.0,0.0,0.0,0.0,0.0,0.0,0.0,0.0,0.0,0.0,0.0,0.6708160442600277,7.6556016597510395,16.237897648686033,5.2005532503457825,0.23513139695712315,4.08608573436402,2.822701180056199,nan,nan,nan,4.141843971631205,2.8366436072193757,4.031337047353761,2.8078667138059386,0.9733193898576717,0.3975,0.009834,0.0,0.0,0.0,0.0,0.0,0.0,0.0,0.0,0.0,0.0,0.02766251728907331,18.28492392807743,11.687413554633475,0.0,0.0,0.0,0.0,0.0,0.0,0.0,0.0,0.0,0.0,0.0,0.0,0.0,0.0,0.0,0.0,0.0,nan,nan,4.08608573436402,2.822701180056199,nan,0.3975,0.04623,0.0,0.0,0.0,0.0,0.0,0.0,0.0,0.0,0.0,0.0,0.0,0.0,0.0,0.0,0.0,0.0,0.0,0.0,0.0,0.0,0.0,0.0,0.0,0.0,0.0005878284923928077,0.0002650991240202858,0.0004149377593360996,0.003722913785154449,0.0099124020285846,0.0010834485938220379,0.008333333333333333,0.010569386814200093,0.034013370216689716,0.05161364684186261,0.009935454126325495,0.041424619640387274,0.06474181650530199,0.08438220378054404,0.09511295527893038,0.0586675887505763,0.06612494236975565,0.08010603964960812,0.12142692485016136,0.08951129552789304,0.04993084370677732,0.018902720147533424,0.031189488243430152,0.0227293683725219,0.02223374827109267,0.006189488243430152,0.0029391424619640387,0.00396496081143384,0.005555555555555556,0.00049562010142923,0.0013600737667127708,0.002558782849239281,0.0,0.0,0.0,0.0,0.0,0.0,0.0,0.0,0.0,0.0,0.0,0.0,0.0,0.0,0.0,0.0,0.0,0.0,0.0,0.0,0.0,0.0,0.0,0.0,0.0,0.0,0.0,0.0,0.0,0.0,0.0,0.0,0.0,0.0,0.0,0.0,0.0,0.0,0.0,0.0,0.0,0.0,0.0,0.0,0.0,nan,nan,4.08608573436402,2.822701180056199,nan,0.9128110884298506,0.022471627768684225,0.0,0.0,0.0,0.0,0.0,0.0,0.0,0.0,0.0,0.0,0.0,0.0,0.0,0.0,0.0,0.0,0.0,0.0,0.0,0.0,0.0,0.0,0.0,0.0,0.0,0.6518847006651886,7.609756097560977,16.376940133037696,5.188470066518848,0.17294900221729495,0.9129658514241216,0.0231946507848811,0.0,0.0,0.0,0.0,0.0,0.0,0.0,0.0,0.0,0.0,0.0,0.0,0.0,0.0,0.0,0.0,0.0,0.0,0.0,0.0,0.0,0.0,0.0,0.0,0.0,0.6913106096975518,7.705232837253963,16.087373979836777,5.213634181469036,0.3024483917426789,0.3975,0.00985,0.0,0.0,0.0,0.0,0.0,0.0,0.0,0.0,0.0,0.0,0.01330376940133038,18.13303769401328,11.85365853658537,0.0,0.0,0.0,0.0,0.0,0.0,0.0,0.0,0.0,0.0,0.0,0.0,0.0,0.0,0.0,0.0,0.0,0.3972,0.00981,0.0,0.0,0.0,0.0,0.0,0.0,0.0,0.0,0.0,0.0,0.043206913106096985,18.44935189630338,11.507441190590496,0.0,0.0,0.0,0.0,0.0,0.0,0.0,0.0,0.0,0.0,0.0,0.0,0.0,0.0,0.0,0.0,0.0
28400,4406,2305,0.5231502496595551,1083,873,0.4439400817067635,1205,0.5469813890149796,0.40599999999999997,3.0185625892432175,3.1287063548742804,6.608482871125612,2.1341761437408286,8383.160463004993,506.15659303775857,7853.0,8866.4,8866.4,0.0,7853.0,0.0,28.520199727644123,21.206438901679324,33.588267099216004,19.365342037609494,0.14094416704493873,0.09668633681343622,0.09214707217430776,0.08783477076713572,0.070812528370404,0.07149341806627327,0.0678620063549705,0.06536541080344985,0.06150703586019065,0.05333635950975942,0.04902405810258738,0.04244212437585111,0.03154788924194281,0.029505220154335,0.0206536541080345,0.012029051293690422,0.006808896958692692,0.9116117445057866,0.022682247516151617,0.0,0.0,0.0,0.0,0.0,0.0,0.0,0.0,0.0,0.0,0.0,0.0,0.0,0.0,0.0,0.0,0.0,0.0,0.0,0.0,0.0,0.0,0.0,0.0,0.006808896958692693,0.7421697684975036,8.21833862914208,16.055379028597372,4.7866545619609635,0.19064911484339542,4.274851761423091,2.9286014149496573,nan,nan,nan,4.309641097818438,2.939665148816084,4.240663900414938,2.9172839452695594,0.9839946770884432,0.397,0.009766,0.0,0.0,0.0,0.0,0.0,0.0,0.0,0.0,0.0,0.0,0.027235587834770772,18.81298229686788,11.15297321833863,0.006808896958692693,0.0,0.0,0.0,0.0,0.0,0.0,0.0,0.0,0.0,0.0,0.0,0.0,0.0,0.0,0.0,0.0,nan,nan,4.274851761423091,2.9286014149496573,nan,0.397,0.04596,0.0,0.0,0.0,0.0,0.0,0.0,0.0,0.0,0.0,0.0,0.0,0.0,0.0,0.0,0.0,0.0,0.0,0.0,0.0,0.0,0.0,0.0,0.0,5.6740807989105766e-05,0.0006922378574670903,0.00010213345438039038,0.0002156150703586019,0.0035860190649114844,0.010803449841125738,0.0009872900590104402,0.008579210167952791,0.009770767135724013,0.03234226055379029,0.05229232864275987,0.009759418974126192,0.04251021334543804,0.06468452110758058,0.08472537448933273,0.09875170222423968,0.06126872446663641,0.06730594643667726,0.0831025873808443,0.11552428506581934,0.0871765773944621,0.051305038583749435,0.019269178393100318,0.02894916023604176,0.021345891965501587,0.021822514752610076,0.006615978211529732,0.0029618701770313207,0.003710848842487517,0.00600317748524739,0.0004312301407172038,0.0009078529278256923,0.002439854743531548,0.0,0.0,0.0,0.0,0.0,0.0,0.0,0.0,0.0,0.0,0.0,0.0,0.0,0.0,0.0,0.0,0.0,0.0,0.0,0.0,0.0,0.0,0.0,0.0,0.0,0.0,0.0,0.0,0.0,0.0,0.0,0.0,0.0,0.0,0.0,0.0,0.0,0.0,0.0,0.0,0.0,0.0,0.0,0.0,0.0,nan,nan,4.274851761423091,2.9286014149496573,nan,0.911386453122741,0.02294127821256193,0.0,0.0,0.0,0.0,0.0,0.0,0.0,0.0,0.0,0.0,0.0,0.0,0.0,0.0,0.0,0.0,0.0,0.0,0.0,0.0,0.0,0.0,0.0,0.0,0.0,0.8329718004338397,8.355748373101953,15.917570498915405,4.646420824295012,0.24728850325379614,0.9118589109207891,0.022392012091494603,0.0,0.0,0.0,0.0,0.0,0.0,0.0,0.0,0.0,0.0,0.0,0.0,0.0,0.0,0.0,0.0,0.0,0.0,0.0,0.0,0.0,0.0,0.0,0.0,0.014278914802475015,0.6425511661113756,8.067586863398384,16.206568300809142,4.940504521656355,0.12851023322227514,0.397,0.009766,0.0,0.0,0.0,0.0,0.0,0.0,0.0,0.0,0.0,0.0,0.013015184381778745,19.05422993492405,10.932754880694146,0.0,0.0,0.0,0.0,0.0,0.0,0.0,0.0,0.0,0.0,0.0,0.0,0.0,0.0,0.0,0.0,0.0,0.397,0.00978,0.0,0.0,0.0,0.0,0.0,0.0,0.0,0.0,0.0,0.0,0.04283674440742504,18.548310328415013,11.394574012375061,0.014278914802475015,0.0,0.0,0.0,0.0,0.0,0.0,0.0,0.0,0.0,0.0,0.0,0.0,0.0,0.0,0.0,0.0
28500,4332,2225,0.5136195752539243,1043,902,0.4489843028624192,1246,0.5752539242843951,0.41,3.0370194589463693,3.1537949569329924,6.706375838926174,2.1796864852958424,8373.502077562327,506.5119866843857,7853.0,8866.4,8866.4,0.0,7853.0,0.0,28.032548476454295,20.802041563505064,32.94074074074074,19.02059529214293,0.13988919667590027,0.09718374884579871,0.0886426592797784,0.09349030470914127,0.08287165281625115,0.06555863342566944,0.07132963988919667,0.0641735918744229,0.05863342566943675,0.05678670360110803,0.04778393351800554,0.04039704524469068,0.03624192059095106,0.022622345337026777,0.016851338873499537,0.011542012927054479,0.006001846722068329,0.9113184319858956,0.02251494864352005,0.0,0.0,0.0,0.0,0.0,0.0,0.0,0.0,0.0,0.0,0.0,0.0,0.0,0.0,0.0,0.0,0.0,0.0,0.0,0.0,0.0,0.0,0.0,0.0,0.013850415512465377,0.5955678670360112,8.704986149584489,15.754847645429367,4.729916897506926,0.20083102493074798,4.264097073518915,2.8891344458840966,nan,nan,nan,4.267585206671501,2.885821037291388,4.26071679550246,2.8923377668353525,0.9983905626164643,0.3972,0.00962,0.0,0.0,0.0,0.0,0.0,0.0,0.0,0.0,0.0,0.0,0.04155124653739613,18.2686980609418,11.682825484764546,0.0069252077562326885,0.0,0.0,0.0,0.0,0.0,0.0,0.0,0.0,0.0,0.0,0.0,0.0,0.0,0.0,0.0,0.0,nan,nan,4.264097073518915,2.8891344458840966,nan,0.3972,0.0459,0.0,0.0,0.0,0.0,0.0,0.0,0.0,0.0,0.0,0.0,0.0,0.0,0.0,0.0,0.0,0.0,0.0,0.0,0.0,0.0,0.0,0.0,0.0,1.1542012927054478e-05,0.00077331486611265,0.0003231763619575254,0.00012696214219759926,0.0027931671283471836,0.009810710987996307,0.000796398891966759,0.009579870729455217,0.010110803324099723,0.031636657433056325,0.05214681440443213,0.00984533702677747,0.04165512465373961,0.06462373037857802,0.08739612188365652,0.09778393351800554,0.0599145891043398,0.06523545706371191,0.08514542936288089,0.11466989843028624,0.08528393351800553,0.05250461680517082,0.021225761772853187,0.030505540166204985,0.02017543859649123,0.022841643582640812,0.0060710987996306556,0.003404893813481071,0.003878116343490305,0.006198060941828255,0.0007271468144044322,0.0005886426592797783,0.00221606648199446,0.0,0.0,0.0,0.0,0.0,0.0,0.0,0.0,0.0,0.0,0.0,0.0,0.0,0.0,0.0,0.0,0.0,0.0,0.0,0.0,0.0,0.0,0.0,0.0,0.0,0.0,0.0,0.0,0.0,0.0,0.0,0.0,0.0,0.0,0.0,0.0,0.0,0.0,0.0,0.0,0.0,0.0,0.0,0.0,0.0,nan,nan,4.264097073518915,2.8891344458840966,nan,0.9112592126278395,0.022505797567028456,0.0,0.0,0.0,0.0,0.0,0.0,0.0,0.0,0.0,0.0,0.0,0.0,0.0,0.0,0.0,0.0,0.0,0.0,0.0,0.0,0.0,0.0,0.0,0.0,0.0,0.6337078651685394,8.791011235955057,15.694382022471913,4.692134831460675,0.18876404494382026,0.9113809678528509,0.022524439161779517,0.0,0.0,0.0,0.0,0.0,0.0,0.0,0.0,0.0,0.0,0.0,0.0,0.0,0.0,0.0,0.0,0.0,0.0,0.0,0.0,0.0,0.0,0.0,0.0,0.028476506881822503,0.5552918841955388,8.614143331751308,15.8186995728524,4.769814902705269,0.2135738016136688,0.397,0.00965,0.0,0.0,0.0,0.0,0.0,0.0,0.0,0.0,0.0,0.0,0.026966292134831468,18.552808988764017,11.420224719101126,0.0,0.0,0.0,0.0,0.0,0.0,0.0,0.0,0.0,0.0,0.0,0.0,0.0,0.0,0.0,0.0,0.0,0.3975,0.00959,0.0,0.0,0.0,0.0,0.0,0.0,0.0,0.0,0.0,0.0,0.056953013763645005,17.968675842429967,11.960132890365452,0.014238253440911251,0.0,0.0,0.0,0.0,0.0,0.0,0.0,0.0,0.0,0.0,0.0,0.0,0.0,0.0,0.0,0.0
28600,4481,2319,0.5175184110689578,1082,899,0.442088819459942,1276,0.5695157330952912,0.40599999999999997,2.9648473635522663,3.0385534132778154,6.389324960753532,2.11722672259526,8377.453157777281,506.38889737921266,7853.0,8866.4,8866.400000000001,1.8189894035458565e-12,7853.0,0.0,28.776389198839546,21.18549620069437,33.60669125395153,19.406647408994857,0.1325596964963178,0.09729970988618612,0.09439857174737781,0.08167819683106449,0.08011604552555233,0.06985047980361526,0.07230528899799152,0.06516402588707877,0.05467529569292569,0.05779959830395001,0.04753403258201294,0.04686453916536487,0.035036822137915646,0.025217585360410622,0.01874581566614595,0.01182771702744923,0.00892657888864093,0.9118773884550851,0.022892859641699563,0.0,0.0,0.0,0.0,0.0,0.0,0.0,0.0,0.0,0.0,0.0,0.0,0.0,0.0,0.0,0.0,0.0,0.0,0.0,0.0,0.0,0.0,0.0,0.0,0.006694934166480698,0.7029680874804733,8.44900691809864,15.746485159562601,4.847132336532025,0.24771256415978582,4.162235855487389,2.8223216627617185,nan,nan,nan,4.219945355191257,2.824461068041618,4.103471749489449,2.81954091224175,0.9723992620997982,0.3972,0.01004,0.0,0.0,0.0,0.0,0.0,0.0,0.0,0.0,0.0,0.0,0.033474670832403484,18.02945771033249,11.937067618835085,0.0,0.0,0.0,0.0,0.0,0.0,0.0,0.0,0.0,0.0,0.0,0.0,0.0,0.0,0.0,0.0,0.0,nan,nan,4.162235855487389,2.8223216627617185,nan,0.3972,0.04614,0.0,0.0,0.0,0.0,0.0,0.0,0.0,0.0,0.0,0.0,0.0,0.0,0.0,0.0,0.0,0.0,0.0,0.0,0.0,0.0,0.0,0.0,0.0,0.0,0.000970765454139701,0.0006360187458156662,0.0002008480249944209,0.0024994420888194598,0.009529122963624192,0.000836866770810087,0.010064717696942647,0.010254407498326266,0.030227627761660342,0.05229859406382504,0.00990850256639143,0.04288105333630886,0.06410399464405267,0.0875027895559027,0.09976567730417317,0.05711894666369114,0.0663914304842669,0.08649854943093059,0.11371345681767463,0.08293907609908503,0.051305512162463734,0.021312207096630217,0.030227627761660342,0.021490738674403036,0.022483820575764337,0.0070519973220263335,0.0030908279401919213,0.004206650301272038,0.006505244365097076,0.0005690694041508592,0.0010823476902477125,0.0023320687346574426,0.0,0.0,0.0,0.0,0.0,0.0,0.0,0.0,0.0,0.0,0.0,0.0,0.0,0.0,0.0,0.0,0.0,0.0,0.0,0.0,0.0,0.0,0.0,0.0,0.0,0.0,0.0,0.0,0.0,0.0,0.0,0.0,0.0,0.0,0.0,0.0,0.0,0.0,0.0,0.0,0.0,0.0,0.0,0.0,0.0,nan,nan,4.162235855487389,2.8223216627617185,nan,0.9115753844926562,0.022649442075930743,0.0,0.0,0.0,0.0,0.0,0.0,0.0,0.0,0.0,0.0,0.0,0.0,0.0,0.0,0.0,0.0,0.0,0.0,0.0,0.0,0.0,0.0,0.0,0.0,0.0,0.6856403622250972,8.589909443725745,15.8732212160414,4.592496765847349,0.25873221216041403,0.912201323325054,0.023146729426406207,0.0,0.0,0.0,0.0,0.0,0.0,0.0,0.0,0.0,0.0,0.0,0.0,0.0,0.0,0.0,0.0,0.0,0.0,0.0,0.0,0.0,0.0,0.0,0.0,0.013876040703052732,0.7215541165587421,8.297872340425533,15.610545790934323,5.120259019426458,0.23589269195189644,0.3972,0.00987,0.0,0.0,0.0,0.0,0.0,0.0,0.0,0.0,0.0,0.0,0.051746442432082804,18.331177231565306,11.617076326002591,0.0,0.0,0.0,0.0,0.0,0.0,0.0,0.0,0.0,0.0,0.0,0.0,0.0,0.0,0.0,0.0,0.0,0.3975,0.01021,0.0,0.0,0.0,0.0,0.0,0.0,0.0,0.0,0.0,0.0,0.013876040703052732,17.705827937095254,12.280296022201668,0.0,0.0,0.0,0.0,0.0,0.0,0.0,0.0,0.0,0.0,0.0,0.0,0.0,0.0,0.0,0.0,0.0
28700,4696,2424,0.5161839863713799,1135,1011,0.456984667802385,1357,0.57793867120954,0.414,2.913732394366197,3.0698364660657775,6.513821138211382,2.3148978520810455,8376.100851788755,506.4344992796236,7853.0,8866.4,8866.4,0.0,7853.0,0.0,27.223168654173765,20.424134140203037,32.2293952538913,18.648483959423665,0.1460817717206133,0.0977427597955707,0.09433560477001704,0.08603066439522998,0.08666950596252129,0.07495741056218058,0.07389267461669506,0.06431005110732538,0.05898637137989778,0.05281090289608177,0.04045996592844974,0.0379045996592845,0.03236797274275979,0.022998296422487224,0.016183986371379896,0.008943781942078365,0.005323679727427598,0.9113971051812375,0.023081041295511414,0.0,0.0,0.0,0.0,0.0,0.0,0.0,0.0,0.0,0.0,0.0,0.0,0.0,0.0,0.0,0.0,0.0,0.0,0.0,0.0,0.0,0.0,0.0,0.0,0.012776831345826238,0.7921635434412267,8.413543441226578,15.56856899488927,4.970187393526406,0.24275979557069852,4.236666666666666,2.880854425725504,nan,nan,nan,4.160290237467018,2.854202275271195,4.314690026954178,2.90575687508853,1.0371127447062842,0.3975,0.00989,0.0,0.0,0.0,0.0,0.0,0.0,0.0,0.0,0.0,0.0,0.012776831345826238,18.130323679727404,11.850511073253836,0.006388415672913119,0.0,0.0,0.0,0.0,0.0,0.0,0.0,0.0,0.0,0.0,0.0,0.0,0.0,0.0,0.0,0.0,nan,nan,4.236666666666666,2.880854425725504,nan,0.3975,0.04587,0.0,0.0,0.0,0.0,0.0,0.0,0.0,0.0,0.0,0.0,0.0,0.0,0.0,0.0,0.0,0.0,0.0,0.0,0.0,0.0,0.0,0.0,1.0647359454855195e-05,0.0,0.0006068994889267461,0.00042589437819420784,0.0003087734241908007,0.002108177172061329,0.009444207836456558,0.0005004258943781942,0.010381175468483815,0.009976575809199318,0.02967419080068143,0.05096890971039182,0.009635860306643953,0.04336669505962521,0.06396933560477001,0.08689310051107325,0.10198040885860307,0.05817717206132879,0.07066652470187393,0.08547700170357751,0.11396933560477002,0.08328364565587734,0.05055366269165247,0.01979344122657581,0.028822402044293014,0.021933560477001703,0.021592844974446336,0.006771720613287905,0.002864139693356048,0.004589011925042589,0.006942078364565588,0.0008411413969335605,0.001032793867120954,0.0024169505962521294,0.0,0.0,0.0,2.129471890971039e-05,0.0,0.0,0.0,0.0,0.0,0.0,0.0,0.0,0.0,0.0,0.0,0.0,0.0,0.0,0.0,0.0,0.0,0.0,0.0,0.0,0.0,0.0,0.0,0.0,0.0,0.0,0.0,0.0,0.0,0.0,0.0,0.0,0.0,0.0,0.0,0.0,0.0,0.0,0.0,0.0,0.0,nan,nan,4.236666666666666,2.880854425725504,nan,0.9114885107174565,0.02316263519025295,0.0,0.0,0.0,0.0,0.0,0.0,0.0,0.0,0.0,0.0,0.0,0.0,0.0,0.0,0.0,0.0,0.0,0.0,0.0,0.0,0.0,0.0,0.0,0.0,0.0,0.816831683168317,8.11881188118812,16.002475247524757,4.740099009900991,0.3217821782178219,0.9112995844859053,0.022993268773486588,0.0,0.0,0.0,0.0,0.0,0.0,0.0,0.0,0.0,0.0,0.0,0.0,0.0,0.0,0.0,0.0,0.0,0.0,0.0,0.0,0.0,0.0,0.0,0.0,0.02640845070422536,0.7658450704225354,8.72799295774648,15.105633802816905,5.215669014084508,0.15845070422535215,0.3975,0.00991,0.0,0.0,0.0,0.0,0.0,0.0,0.0,0.0,0.0,0.0,0.0,17.933168316831654,12.054455445544557,0.012376237623762379,0.0,0.0,0.0,0.0,0.0,0.0,0.0,0.0,0.0,0.0,0.0,0.0,0.0,0.0,0.0,0.0,0.3972,0.00986,0.0,0.0,0.0,0.0,0.0,0.0,0.0,0.0,0.0,0.0,0.02640845070422536,18.340669014084483,11.632922535211272,0.0,0.0,0.0,0.0,0.0,0.0,0.0,0.0,0.0,0.0,0.0,0.0,0.0,0.0,0.0,0.0,0.0
28800,4622,2383,0.5155776720034617,1120,944,0.4465599307659022,1293,0.5594980527909996,0.43,2.9857079053148725,3.056088940584059,6.389324960753532,2.1466806217713743,8375.486412808308,506.45402473536086,7853.0,8866.4,8866.399999999998,1.8189894035458565e-12,7853.0,0.0,28.14582431847685,20.984755312347925,33.09593621399177,19.19938977800553,0.14041540458675897,0.09606231068801385,0.08870618779749026,0.08978797057550844,0.0845954132410212,0.07485936823885764,0.07074859368238857,0.060147122457810474,0.05603634790134141,0.050843790566854175,0.049329294677628734,0.03829511034184336,0.036347901341410645,0.027260926006057985,0.018173950670705322,0.012115967113803548,0.006274340112505409,0.9107301318119326,0.022426408125371798,0.0,0.0,0.0,0.0,0.0,0.0,0.0,0.0,0.0,0.0,0.0,0.0,0.0,0.0,0.0,0.0,0.0,0.0,0.0,0.0,0.0,0.0,0.0,0.0,0.019472090004327133,0.720467330160104,8.8273474686283,15.77239290350498,4.4396365209865865,0.22068368671570754,4.150548354935195,2.8308231757178994,nan,nan,nan,4.134081902245707,2.8305025406556235,4.167224080267559,2.8310502417878713,1.0080168169875514,0.3967,0.00951,0.0,0.0,0.0,0.0,0.0,0.0,0.0,0.0,0.0,0.0,0.01298139333621809,19.251406317611394,10.729121592384253,0.006490696668109045,0.0,0.0,0.0,0.0,0.0,0.0,0.0,0.0,0.0,0.0,0.0,0.0,0.0,0.0,0.0,0.0,nan,nan,4.150548354935195,2.8308231757178994,nan,0.3967,0.04608,0.0,0.0,0.0,0.0,0.0,0.0,0.0,0.0,0.0,0.0,0.0,0.0,0.0,0.0,0.0,0.0,0.0,0.0,0.0,0.0,0.0,0.0,1.081782778018174e-05,0.0,0.0003461704889658157,0.0006490696668109044,0.00018390307226308957,0.0023907399394201643,0.010536564257897015,0.0006057983556901775,0.009995672868887927,0.00969277369104284,0.03269147555170922,0.05178494158372999,0.010125486802250108,0.045943314582431845,0.06408481176979662,0.08735395932496755,0.09969710082215491,0.05901125054089139,0.06943963652098659,0.08307009952401558,0.11319774989182173,0.08336218087408048,0.053061445261791435,0.01815231501514496,0.027964084811769797,0.02065123323236694,0.019785807009952402,0.0075075724794461274,0.0030506274340112507,0.004197317178710515,0.006771960190393769,0.0009844223279965383,0.0013738641280830808,0.0021960190393768932,0.0,0.0,2.163565556036348e-05,0.00010817827780181739,0.0,0.0,0.0,0.0,0.0,0.0,0.0,0.0,0.0,0.0,0.0,0.0,0.0,0.0,0.0,0.0,0.0,0.0,0.0,0.0,0.0,0.0,0.0,0.0,0.0,0.0,0.0,0.0,0.0,0.0,0.0,0.0,0.0,0.0,0.0,0.0,0.0,0.0,0.0,0.0,0.0,nan,nan,4.150548354935195,2.8308231757178994,nan,0.9108119156497695,0.02228018542915562,0.0,0.0,0.0,0.0,0.0,0.0,0.0,0.0,0.0,0.0,0.0,0.0,0.0,0.0,0.0,0.0,0.0,0.0,0.0,0.0,0.0,0.0,0.0,0.0,0.012589173310952584,0.6546370121695344,8.787242971044902,15.761644985312634,4.58245908518674,0.20142677297524134,0.9106430880935025,0.02258066951420507,0.0,0.0,0.0,0.0,0.0,0.0,0.0,0.0,0.0,0.0,0.0,0.0,0.0,0.0,0.0,0.0,0.0,0.0,0.0,0.0,0.0,0.0,0.0,0.0,0.02679767753461367,0.7905314872711033,8.870031263957125,15.783832067887452,4.287628405538188,0.24117909781152305,0.3965,0.00944,0.0,0.0,0.0,0.0,0.0,0.0,0.0,0.0,0.0,0.0,0.025178346621905167,19.525807805287425,10.436424674779692,0.012589173310952584,0.0,0.0,0.0,0.0,0.0,0.0,0.0,0.0,0.0,0.0,0.0,0.0,0.0,0.0,0.0,0.0,0.3967,0.00957,0.0,0.0,0.0,0.0,0.0,0.0,0.0,0.0,0.0,0.0,0.0,18.959356855739145,11.040643144260834,0.0,0.0,0.0,0.0,0.0,0.0,0.0,0.0,0.0,0.0,0.0,0.0,0.0,0.0,0.0,0.0,0.0
28900,4705,2410,0.512221041445271,1168,988,0.4582359192348565,1349,0.573432518597237,0.40599999999999997,3.002178649237473,3.0901480322681367,6.595384615384615,2.118993285590754,8372.084803400638,506.5486221921124,7853.0,8866.4,8866.399999999998,1.8189894035458565e-12,7853.0,0.0,28.361317747077578,20.84738206502016,33.204779874213834,19.04309121610124,0.13517534537725823,0.09521785334750266,0.09373007438894793,0.08097768331562168,0.08416578108395324,0.07481402763018066,0.0718384697130712,0.06524973432518598,0.06461211477151967,0.05483528161530287,0.04017003188097768,0.03953241232731137,0.036131774707757705,0.03400637619553666,0.011052072263549416,0.009989373007438894,0.008501594048884165,0.911051503745453,0.022969256651730025,0.0,0.0,0.0,0.0,0.0,0.0,0.0,0.0,0.0,0.0,0.0,0.0,0.0,0.0,0.0,0.0,0.0,0.0,0.0,0.0,0.0,0.0,0.0,0.0,0.012752391073326251,0.7715196599362383,8.639744952178535,15.58342189160468,4.743889479277366,0.2486716259298619,4.18598643848886,2.841574725405173,nan,nan,nan,4.255844155844156,2.831318058738469,4.116323907455013,2.850826941404852,0.9672167863107598,0.3967,0.009544,0.0,0.0,0.0,0.0,0.0,0.0,0.0,0.0,0.0,0.0,0.019128586609989374,18.85441020191283,11.126461211477155,0.0,0.0,0.0,0.0,0.0,0.0,0.0,0.0,0.0,0.0,0.0,0.0,0.0,0.0,0.0,0.0,0.0,nan,nan,4.18598643848886,2.841574725405173,nan,0.397,0.04617,0.0,0.0,0.0,0.0,0.0,0.0,0.0,0.0,0.0,0.0,0.0,0.0,0.0,0.0,0.0,0.0,0.0,0.0,0.0,0.0,0.0,0.0,1.0626992561105207e-05,0.0,7.438894792773645e-05,0.0006482465462274177,2.1253985122210414e-05,0.002911795961742827,0.010913921360255048,0.0004144527098831031,0.010563230605738575,0.009638682252922423,0.03278427205100956,0.04865037194473964,0.010382571732199787,0.046195536663124336,0.06800212539851222,0.08615302869287991,0.09607863974495218,0.05801275239107333,0.07110520722635494,0.08045696068012752,0.11563230605738575,0.08575982996811903,0.051477151965993624,0.018480340063761955,0.02844845908607864,0.020903294367693944,0.020053134962805527,0.00769394261424017,0.003028692879914984,0.003846971307120085,0.00691817215727949,0.0005844845908607864,0.0017747077577045696,0.0022954303931987247,0.0,0.0,2.1253985122210414e-05,6.376195536663124e-05,0.0,0.0,0.0,0.0,0.0,0.0,0.0,0.0,0.0,0.0,0.0,0.0,0.0,0.0,0.0,0.0,0.0,0.0,0.0,0.0,0.0,0.0,0.0,0.0,0.0,0.0,0.0,0.0,0.0,0.0,0.0,0.0,0.0,0.0,0.0,0.0,0.0,0.0,0.0,0.0,0.0,nan,nan,4.18598643848886,2.841574725405173,nan,0.9107052069729294,0.023091793930315907,0.0,0.0,0.0,0.0,0.0,0.0,0.0,0.0,0.0,0.0,0.0,0.0,0.0,0.0,0.0,0.0,0.0,0.0,0.0,0.0,0.0,0.0,0.0,0.0,0.01244813278008299,0.8215767634854774,8.962655601659753,15.174273858921165,4.767634854771785,0.2614107883817428,0.9114151530795627,0.022834219042732407,0.0,0.0,0.0,0.0,0.0,0.0,0.0,0.0,0.0,0.0,0.0,0.0,0.0,0.0,0.0,0.0,0.0,0.0,0.0,0.0,0.0,0.0,0.0,0.0,0.013071895424836605,0.7189542483660133,8.300653594771243,16.01307189542484,4.718954248366014,0.23529411764705888,0.397,0.00946,0.0,0.0,0.0,0.0,0.0,0.0,0.0,0.0,0.0,0.0,0.0,18.52282157676346,11.477178423236518,0.0,0.0,0.0,0.0,0.0,0.0,0.0,0.0,0.0,0.0,0.0,0.0,0.0,0.0,0.0,0.0,0.0,0.3967,0.00962,0.0,0.0,0.0,0.0,0.0,0.0,0.0,0.0,0.0,0.0,0.03921568627450981,19.202614379084938,10.758169934640526,0.0,0.0,0.0,0.0,0.0,0.0,0.0,0.0,0.0,0.0,0.0,0.0,0.0,0.0,0.0,0.0,0.0
29000,4510,2294,0.5086474501108648,1072,916,0.4407982261640798,1287,0.5707317073170731,0.40199999999999997,2.9864620938628157,3.028563916541562,6.374021909233177,2.0645334908233512,8368.46332594235,506.6242139085221,7853.0,8866.4,8866.399999999998,1.8189894035458565e-12,7853.0,0.0,28.18070953436807,21.05082921366841,33.22739291380222,19.237242725837547,0.1434589800443459,0.09844789356984479,0.08669623059866963,0.08758314855875832,0.07605321507760532,0.07738359201773835,0.07117516629711752,0.06252771618625277,0.06008869179600887,0.04944567627494457,0.04966740576496674,0.03835920177383592,0.032815964523281595,0.02926829268292683,0.021286031042128603,0.009977827050997782,0.005764966740576497,0.9104487049738214,0.02294564274322685,0.0,0.0,0.0,0.0,0.0,0.0,0.0,0.0,0.0,0.0,0.0,0.0,0.0,0.0,0.0,0.0,0.0,0.0,0.0,0.0,0.0,0.0,0.0,0.0,0.03325942350332595,0.7982261640798228,8.866962305986698,15.665188470066521,4.436807095343681,0.1995565410199557,4.29553264604811,2.7336418770871354,nan,nan,nan,4.31608005521049,2.7089345992508482,4.275154004106776,2.7577763972670297,0.990517772937435,0.3975,0.00955,0.0,0.0,0.0,0.0,0.0,0.0,0.0,0.0,0.0,0.0,0.03325942350332595,18.079822616407956,11.886917960088695,0.0,0.0,0.0,0.0,0.0,0.0,0.0,0.0,0.0,0.0,0.0,0.0,0.0,0.0,0.0,0.0,0.0,nan,nan,4.29553264604811,2.7336418770871354,nan,0.3975,0.04596,0.0,0.0,0.0,0.0,0.0,0.0,0.0,0.0,0.0,0.0,0.0,0.0,0.0,0.0,0.0,0.0,0.0,0.0,0.0,0.0,0.0,0.0,0.0,0.0,5.543237250554324e-05,0.0006984478935698448,0.0,0.0023835920177383593,0.010964523281596453,0.0006319290465631929,0.00975609756097561,0.010764966740576497,0.03022172949002217,0.0475609756097561,0.010875831485587583,0.04638580931263858,0.06813747228381374,0.08503325942350333,0.09484478935698448,0.058736141906873617,0.07046563192904656,0.07868070953436807,0.11562084257206208,0.08605321507760533,0.053126385809312636,0.021751662971175166,0.030753880266075388,0.022416851441241684,0.019390243902439024,0.0071840354767184035,0.0028492239467849223,0.004246119733924612,0.0056651884700665185,0.0005432372505543237,0.0019290465631929047,0.002228381374722838,0.0,0.0,3.325942350332594e-05,1.1086474501108647e-05,0.0,0.0,0.0,0.0,0.0,0.0,0.0,0.0,0.0,0.0,0.0,0.0,0.0,0.0,0.0,0.0,0.0,0.0,0.0,0.0,0.0,0.0,0.0,0.0,0.0,0.0,0.0,0.0,0.0,0.0,0.0,0.0,0.0,0.0,0.0,0.0,0.0,0.0,0.0,0.0,0.0,nan,nan,4.29553264604811,2.7336418770871354,nan,0.9101171254228277,0.022446894332154504,0.0,0.0,0.0,0.0,0.0,0.0,0.0,0.0,0.0,0.0,0.0,0.0,0.0,0.0,0.0,0.0,0.0,0.0,0.0,0.0,0.0,0.0,0.0,0.0,0.02615518744551003,0.797733217088056,8.971229293809941,15.836965998256325,4.22406277244987,0.14385353095030518,0.9107919556461948,0.023445835810704297,0.0,0.0,0.0,0.0,0.0,0.0,0.0,0.0,0.0,0.0,0.0,0.0,0.0,0.0,0.0,0.0,0.0,0.0,0.0,0.0,0.0,0.0,0.0,0.0,0.040613718411552355,0.7987364620938631,8.759025270758125,15.487364620938632,4.657039711191336,0.25722021660649824,0.3972,0.00967,0.0,0.0,0.0,0.0,0.0,0.0,0.0,0.0,0.0,0.0,0.05231037489102006,18.347863993025257,11.5998256320837,0.0,0.0,0.0,0.0,0.0,0.0,0.0,0.0,0.0,0.0,0.0,0.0,0.0,0.0,0.0,0.0,0.0,0.3977,0.00943,0.0,0.0,0.0,0.0,0.0,0.0,0.0,0.0,0.0,0.0,0.013537906137184119,17.802346570397084,12.184115523465707,0.0,0.0,0.0,0.0,0.0,0.0,0.0,0.0,0.0,0.0,0.0,0.0,0.0,0.0,0.0,0.0,0.0
29100,4543,2341,0.5152982610609729,1160,902,0.45388509795289456,1266,0.5573409641206252,0.41,2.98047229791099,3.0610025715978857,6.399096385542169,2.131674301590002,8375.20325775919,506.46277158232664,7853.0,8866.4,8866.4,0.0,7853.0,0.0,28.737398195025314,21.08698020881138,33.707985386221296,19.202471866798646,0.13889500330178298,0.09222980409421087,0.08716707021791767,0.08672683248954435,0.07770195905789126,0.07418005723090469,0.06669601584855822,0.06867708562623817,0.05899185560202509,0.05789126128109179,0.046224961479198766,0.042923178516398854,0.03631961259079903,0.02773497688751926,0.020471054369359455,0.010125467752586397,0.007043803653973145,0.9090165817183911,0.022945907811688086,0.0,0.0,0.0,0.0,0.0,0.0,0.0,0.0,0.0,0.0,0.0,0.0,0.0,0.0,0.0,0.0,0.0,0.0,0.0,0.0,0.0,0.0,0.0,0.0,0.0,1.0763812458727715,9.44309927360775,15.029716046665202,4.318732115342286,0.1320713185119965,4.120493991989319,2.899375057478627,nan,nan,nan,4.113696808510638,2.8975822007671463,4.127345844504021,2.901165094785409,1.0033179489468318,0.3977,0.00966,0.0,0.0,0.0,0.0,0.0,0.0,0.0,0.0,0.0,0.0,0.019810697776799474,17.7900066035659,12.176975566806078,0.013207131851199651,0.0,0.0,0.0,0.0,0.0,0.0,0.0,0.0,0.0,0.0,0.0,0.0,0.0,0.0,0.0,0.0,nan,nan,4.120493991989319,2.899375057478627,nan,0.3977,0.04596,0.0,0.0,0.0,0.0,0.0,0.0,0.0,0.0,0.0,0.0,0.0,0.0,0.0,0.0,0.0,0.0,0.0,0.0,0.0,0.0,0.0,0.0,0.0,0.0,1.100594320933304e-05,0.001100594320933304,0.0,0.001639885538190623,0.01147919876733436,0.00048426150121065375,0.010664758969843716,0.01010345586616773,0.03162007484041383,0.04586176535329078,0.010004402377283733,0.044287915474356156,0.07070217917675545,0.08226942548976447,0.09177856042262822,0.057054809597182475,0.07213295179396874,0.07960598723310587,0.11725731895223421,0.09036979969183359,0.05322474136033458,0.021989874532247412,0.029495927801012546,0.022936385648250054,0.020140876073079465,0.006592559982390491,0.002773497688751926,0.00449042482940788,0.004919656614571869,0.0008914813999559762,0.0018930222320052829,0.002223200528285274,0.0,0.0,0.0,0.0,0.0,0.0,0.0,0.0,0.0,0.0,0.0,0.0,0.0,0.0,0.0,0.0,0.0,0.0,0.0,0.0,0.0,0.0,0.0,0.0,0.0,0.0,0.0,0.0,0.0,0.0,0.0,0.0,0.0,0.0,0.0,0.0,0.0,0.0,0.0,0.0,0.0,0.0,0.0,0.0,0.0,nan,nan,4.120493991989319,2.899375057478627,nan,0.9086756302168715,0.022676356790360716,0.0,0.0,0.0,0.0,0.0,0.0,0.0,0.0,0.0,0.0,0.0,0.0,0.0,0.0,0.0,0.0,0.0,0.0,0.0,0.0,0.0,0.0,0.0,0.0,0.0,0.9995728321230245,9.662537377189237,14.980777445536098,4.254592054677489,0.10252029047415637,0.9093790555898976,0.02322355516449322,0.0,0.0,0.0,0.0,0.0,0.0,0.0,0.0,0.0,0.0,0.0,0.0,0.0,0.0,0.0,0.0,0.0,0.0,0.0,0.0,0.0,0.0,0.0,0.0,0.0,1.1580381471389647,9.209809264305179,15.081743869209813,4.386920980926432,0.16348773841961856,0.3977,0.00959,0.0,0.0,0.0,0.0,0.0,0.0,0.0,0.0,0.0,0.0,0.038445108927808634,17.646304997864135,12.315249893208033,0.0,0.0,0.0,0.0,0.0,0.0,0.0,0.0,0.0,0.0,0.0,0.0,0.0,0.0,0.0,0.0,0.0,0.3975,0.009735,0.0,0.0,0.0,0.0,0.0,0.0,0.0,0.0,0.0,0.0,0.0,17.94277929155311,12.0299727520436,0.02724795640326976,0.0,0.0,0.0,0.0,0.0,0.0,0.0,0.0,0.0,0.0,0.0,0.0,0.0,0.0,0.0,0.0
29200,4751,2443,0.5142075352557356,1163,979,0.45085245211534414,1356,0.5708271942748895,0.38999999999999996,2.9302426343154244,3.0642858789709875,6.5375,2.095046240539812,8374.097916228164,506.49539978985655,7853.0,8866.4,8866.399999999998,1.8189894035458565e-12,7853.0,0.0,27.812881498631867,20.684755599681132,32.80452261306532,18.88413440721576,0.14228583456114502,0.09703220374657967,0.09134918964428541,0.08735003157230056,0.0810355714586403,0.07598400336771206,0.07535255735634604,0.06146074510629341,0.0545148389812671,0.05493580298884446,0.046727004841086085,0.04230688276152389,0.03199326457587876,0.02504735845085245,0.016417596295516732,0.010313618185645128,0.00589349610608293,0.9079554674625898,0.022939658256533924,0.0,0.0,0.0,0.0,0.0,0.0,0.0,0.0,0.0,0.0,0.0,0.0,0.0,0.0,0.0,0.0,0.0,0.0,0.0,0.0,0.0,0.0,0.0,0.0,0.01894338034098085,1.0229425384129658,9.926331298673965,15.041043990738794,3.813933908650811,0.17680488318248794,4.172168284789644,2.8755416809246994,nan,nan,nan,4.122956180510137,2.8728088858718634,4.220371556694427,2.8774000855077753,1.0236275555497747,0.3982,0.00964,0.0,0.0,0.0,0.0,0.0,0.0,0.0,0.0,0.0,0.0,0.0,17.055356766996397,12.944643233003582,0.0,0.0,0.0,0.0,0.0,0.0,0.0,0.0,0.0,0.0,0.0,0.0,0.0,0.0,0.0,0.0,0.0,nan,nan,4.172168284789644,2.8755416809246994,nan,0.3982,0.04593,0.0,0.0,0.0,0.0,0.0,0.0,0.0,0.0,0.0,0.0,0.0,0.0,0.0,0.0,0.0,0.0,0.0,0.0,0.0,0.0,0.0,0.0,0.0,1.0524100189433804e-05,0.0,0.0008524521153441381,0.0,0.0020101031361818567,0.011081877499473794,0.0005472532098505578,0.010471479688486635,0.010050515680909282,0.02957272153230899,0.04363291938539255,0.010513576089244369,0.04421174489581141,0.06980635655651442,0.0827825720900863,0.09188591875394654,0.05630393601347085,0.07287939381182909,0.08123552936223953,0.11716480740896654,0.0901915386234477,0.05484108608713955,0.021479688486634393,0.029709534834771626,0.023426647021679646,0.0193327720479899,0.007482635234687434,0.0026415491475478845,0.005430435697747843,0.005177857293201431,0.0007682593138286677,0.002199536939591665,0.002304777941486003,0.0,0.0,0.0,0.0,0.0,0.0,0.0,0.0,0.0,0.0,0.0,0.0,0.0,0.0,0.0,0.0,0.0,0.0,0.0,0.0,0.0,0.0,0.0,0.0,0.0,0.0,0.0,0.0,0.0,0.0,0.0,0.0,0.0,0.0,0.0,0.0,0.0,0.0,0.0,0.0,0.0,0.0,0.0,0.0,0.0,nan,nan,4.172168284789644,2.8755416809246994,nan,0.9081074397338496,0.022699889252331677,0.0,0.0,0.0,0.0,0.0,0.0,0.0,0.0,0.0,0.0,0.0,0.0,0.0,0.0,0.0,0.0,0.0,0.0,0.0,0.0,0.0,0.0,0.0,0.0,0.024559967253377002,0.957838722881703,9.909946786737619,15.165779778960298,3.7945149406467467,0.14735980352026198,0.9077946059986871,0.023189666320518873,0.0,0.0,0.0,0.0,0.0,0.0,0.0,0.0,0.0,0.0,0.0,0.0,0.0,0.0,0.0,0.0,0.0,0.0,0.0,0.0,0.0,0.0,0.0,0.0,0.01299826689774697,1.0918544194107453,9.943674176776431,14.909012131715775,3.834488734835356,0.20797227036395152,0.398,0.009605,0.0,0.0,0.0,0.0,0.0,0.0,0.0,0.0,0.0,0.0,0.0,17.413016782644267,12.586983217355714,0.0,0.0,0.0,0.0,0.0,0.0,0.0,0.0,0.0,0.0,0.0,0.0,0.0,0.0,0.0,0.0,0.0,0.3987,0.00967,0.0,0.0,0.0,0.0,0.0,0.0,0.0,0.0,0.0,0.0,0.0,16.676776429809333,13.323223570190644,0.0,0.0,0.0,0.0,0.0,0.0,0.0,0.0,0.0,0.0,0.0,0.0,0.0,0.0,0.0,0.0,0.0
29300,4526,2383,0.5265134776844896,1081,896,0.43680954485196644,1256,0.5550154661953159,0.41,2.9920671955202987,3.1026056773221864,6.532231404958678,2.241834213465978,8386.568758285463,505.98711429066776,7853.0,8866.4,8866.399999999998,1.8189894035458565e-12,7853.0,0.0,28.241935483870968,21.108656051107346,33.226578947368424,19.369807728893274,0.1391957578435705,0.10207688908528502,0.0905877154220062,0.08108705258506407,0.0830755634114008,0.07755192222713213,0.06716747680070703,0.06098099867432612,0.05589924878479894,0.0552364118426867,0.047724259832081305,0.042642509942554134,0.032037118868758284,0.02496685815289439,0.019443216968625717,0.011489173663278833,0.008837825894829872,0.908827318904993,0.02251877227820528,0.0,0.0,0.0,0.0,0.0,0.0,0.0,0.0,0.0,0.0,0.0,0.0,0.0,0.0,0.0,0.0,0.0,0.0,0.0,0.0,0.0,0.0,0.0,0.0,0.019885108263367215,0.9147149801148919,9.339372514361468,15.821917808219181,3.7715422006186485,0.1325673884224481,4.212692967409948,2.85150680038829,nan,nan,nan,4.219178082191781,2.837597746032149,4.206185567010309,2.865381034723995,0.9969206051680279,0.398,0.009705,0.0,0.0,0.0,0.0,0.0,0.0,0.0,0.0,0.0,0.0,0.026513477684489622,17.66460450729118,12.295625276182063,0.013256738842244811,0.0,0.0,0.0,0.0,0.0,0.0,0.0,0.0,0.0,0.0,0.0,0.0,0.0,0.0,0.0,0.0,nan,nan,4.212692967409948,2.85150680038829,nan,0.398,0.0463,0.0,0.0,0.0,0.0,0.0,0.0,0.0,0.0,0.0,0.0,0.0,0.0,0.0,0.0,0.0,0.0,0.0,0.0,0.0,0.0,0.0,0.0,0.0,0.0,0.0,0.0010826336721166594,2.209456473707468e-05,0.0025519222271321255,0.011235086168802474,0.0004750331418471056,0.009566946531153336,0.010760053026955369,0.029628811312417146,0.046155545735749,0.010980998674326116,0.04794520547945205,0.06797392841361025,0.07903225806451612,0.09142730888201503,0.05840698188245692,0.07353071144498453,0.07856827220503756,0.11927750773309766,0.08783694211224038,0.055059655324790104,0.021862571807335394,0.027054794520547945,0.023254529385771102,0.01848210340256297,0.007644719399027839,0.002761820592134335,0.006142288996906761,0.005788775961113566,0.00048608042421564293,0.0024966858152894386,0.0024966858152894386,0.0,0.0,0.0,0.0,0.0,0.0,0.0,1.104728236853734e-05,0.0,0.0,0.0,0.0,0.0,0.0,0.0,0.0,0.0,0.0,0.0,0.0,0.0,0.0,0.0,0.0,0.0,0.0,0.0,0.0,0.0,0.0,0.0,0.0,0.0,0.0,0.0,0.0,0.0,0.0,0.0,0.0,0.0,0.0,0.0,0.0,0.0,nan,nan,4.212692967409948,2.85150680038829,nan,0.9086101664448305,0.022308681413918816,0.0,0.0,0.0,0.0,0.0,0.0,0.0,0.0,0.0,0.0,0.0,0.0,0.0,0.0,0.0,0.0,0.0,0.0,0.0,0.0,0.0,0.0,0.0,0.0,0.012589173310952584,0.9567771716323963,9.315988250104912,15.950482584976923,3.6634494334872016,0.10071338648762067,0.9090687908193968,0.022747679576114746,0.0,0.0,0.0,0.0,0.0,0.0,0.0,0.0,0.0,0.0,0.0,0.0,0.0,0.0,0.0,0.0,0.0,0.0,0.0,0.0,0.0,0.0,0.0,0.0,0.027998133457769487,0.8679421371908541,9.365375641623894,15.678954736350914,3.891740550629959,0.16798880074661693,0.398,0.00987,0.0,0.0,0.0,0.0,0.0,0.0,0.0,0.0,0.0,0.0,0.0,17.461183382291207,12.52622744439782,0.012589173310952584,0.0,0.0,0.0,0.0,0.0,0.0,0.0,0.0,0.0,0.0,0.0,0.0,0.0,0.0,0.0,0.0,0.3977,0.00952,0.0,0.0,0.0,0.0,0.0,0.0,0.0,0.0,0.0,0.0,0.055996266915538974,17.89080727951467,12.03919738684088,0.013999066728884743,0.0,0.0,0.0,0.0,0.0,0.0,0.0,0.0,0.0,0.0,0.0,0.0,0.0,0.0,0.0,0.0
29400,4509,2352,0.5216234198270127,1114,915,0.44998891106675537,1245,0.552228875582169,0.418,3.033843300880853,3.1452644816818047,6.737541528239203,2.135964603283815,8381.613173652693,506.2259404855372,7853.0,8866.4,8866.4,0.0,7853.0,0.0,27.383455311599025,20.527399783862148,32.429141185854824,18.737125269574555,0.14349079618540697,0.1026835218451985,0.09603016189842536,0.0813927700155245,0.08205810601020182,0.07296518074961189,0.07451763140385895,0.06365047682412951,0.06098913284542027,0.049013084941228656,0.05012197826569084,0.03992015968063872,0.029940119760479042,0.023286759813705923,0.014637391882900865,0.009092925260589932,0.006209802616988246,0.9098679560545835,0.02252223486386034,0.0,0.0,0.0,0.0,0.0,0.0,0.0,0.0,0.0,0.0,0.0,0.0,0.0,0.0,0.0,0.0,0.0,0.0,0.0,0.0,0.0,0.0,0.0,0.0,0.013306719893546244,0.7252162341982703,9.261477045908185,15.442448436460415,4.324683965402529,0.23286759813705926,4.325200418264203,2.907520087671954,nan,nan,nan,4.309608540925267,2.959792274703285,4.340163934426229,2.8563750912039008,1.0070900624060861,0.3977,0.00986,0.0,0.0,0.0,0.0,0.0,0.0,0.0,0.0,0.0,0.0,0.013306719893546244,17.977378576180946,12.009314703925485,0.0,0.0,0.0,0.0,0.0,0.0,0.0,0.0,0.0,0.0,0.0,0.0,0.0,0.0,0.0,0.0,0.0,nan,nan,4.325200418264203,2.907520087671954,nan,0.3977,0.04684,0.0,0.0,0.0,0.0,0.0,0.0,0.0,0.0,0.0,0.0,0.0,0.0,0.0,0.0,0.0,0.0,0.0,0.0,0.0,0.0,0.0,0.0,0.0,0.0,0.0,0.0011865158571745399,8.871146595697493e-05,0.0018629407850964737,0.012441783100465734,0.0006542470614326902,0.008915502328675981,0.011887336438234641,0.02944111776447106,0.046285207363051674,0.010434686183189178,0.04934575293856731,0.06644488800177423,0.0834220447992903,0.09241516966067864,0.05645375914836993,0.07236637835440231,0.07826569084054114,0.11526946107784432,0.08654912397427368,0.054668440895985805,0.02357507207806609,0.02690175205145265,0.023131514748281214,0.018851186515857175,0.008460856065646484,0.0031381681082279884,0.005189620758483034,0.0053448658239077405,0.00046573519627411843,0.003115990241738745,0.003426480372588157,0.0,0.0,0.0,0.0,0.0,0.0,0.0,0.0,0.0,0.0,0.0,0.0,0.0,0.0,0.0,0.0,0.0,0.0,0.0,0.0,0.0,0.0,0.0,0.0,0.0,0.0,0.0,0.0,0.0,0.0,0.0,0.0,0.0,0.0,0.0,0.0,0.0,0.0,0.0,0.0,0.0,0.0,0.0,0.0,0.0,nan,nan,4.325200418264203,2.907520087671954,nan,0.9104419970238695,0.022287513269171187,0.0,0.0,0.0,0.0,0.0,0.0,0.0,0.0,0.0,0.0,0.0,0.0,0.0,0.0,0.0,0.0,0.0,0.0,0.0,0.0,0.0,0.0,0.0,0.0,0.0,0.7397959183673471,8.852040816326532,15.727040816326534,4.451530612244898,0.22959183673469394,0.9092420198655426,0.022758923860889818,0.0,0.0,0.0,0.0,0.0,0.0,0.0,0.0,0.0,0.0,0.0,0.0,0.0,0.0,0.0,0.0,0.0,0.0,0.0,0.0,0.0,0.0,0.0,0.0,0.027816411682892915,0.7093184979137692,9.707927677329627,15.132127955493745,4.1863699582753835,0.23643949930458977,0.3977,0.0101,0.0,0.0,0.0,0.0,0.0,0.0,0.0,0.0,0.0,0.0,0.02551020408163266,17.997448979591812,11.977040816326534,0.0,0.0,0.0,0.0,0.0,0.0,0.0,0.0,0.0,0.0,0.0,0.0,0.0,0.0,0.0,0.0,0.0,0.398,0.009575,0.0,0.0,0.0,0.0,0.0,0.0,0.0,0.0,0.0,0.0,0.0,17.955493741307343,12.044506258692632,0.0,0.0,0.0,0.0,0.0,0.0,0.0,0.0,0.0,0.0,0.0,0.0,0.0,0.0,0.0,0.0,0.0
29500,4477,2288,0.5110565110565111,1061,941,0.44717444717444715,1262,0.5637703819522001,0.426,2.8725445408862496,3.068834180657606,6.59556313993174,2.119770603921293,8370.904668304669,506.5761003128575,7853.0,8866.4,8866.399999999998,1.8189894035458565e-12,7853.0,0.0,27.558856377038197,20.746121334975673,32.644349223352975,18.962665203072227,0.14496314496314497,0.10006700915791825,0.09314272950636587,0.09247263792718338,0.07773062318516864,0.06946616037525129,0.07058297967388877,0.06231851686397141,0.058074603529148984,0.05785123966942149,0.0455662273844092,0.03819522001340183,0.029037301764574492,0.02702702702702703,0.016082197900379718,0.012955103864194774,0.004467277194549922,0.9097145561237859,0.022712416999455316,0.0,0.0,0.0,0.0,0.0,0.0,0.0,0.0,0.0,0.0,0.0,0.0,0.0,0.0,0.0,0.0,0.0,0.0,0.0,0.0,0.0,0.0,0.0,0.0,0.006700915791824884,0.8577172213535852,9.374581192763012,15.144069689524239,4.482912664730847,0.13401831583649768,4.246666666666667,2.845593289560306,nan,nan,nan,4.2985283812193416,2.8490186792821808,4.19620253164557,2.8416061272330353,0.9761951438960267,0.3984,0.010056,0.0,0.0,0.0,0.0,0.0,0.0,0.0,0.0,0.0,0.0,0.026803663167299537,16.691981237435762,13.25441143622962,0.026803663167299537,0.0,0.0,0.0,0.0,0.0,0.0,0.0,0.0,0.0,0.0,0.0,0.0,0.0,0.0,0.0,0.0,nan,nan,4.246666666666667,2.845593289560306,nan,0.3984,0.04684,0.0,0.0,0.0,0.0,0.0,0.0,0.0,0.0,0.0,0.0,0.0,0.0,0.0,0.0,0.0,0.0,0.0,0.0,0.0,0.0,0.0,0.0,0.0,0.0,0.0,0.0010833147196783561,4.467277194549922e-05,0.0019209291936564663,0.013022113022113022,0.0007259325441143623,0.0074938574938574936,0.011145856600402055,0.029215992852356487,0.0443265579629216,0.009928523564887201,0.04969845878936788,0.0656913111458566,0.08118159481795846,0.09481795845432209,0.05649988831807014,0.07073933437569802,0.07759660486933215,0.11747822202367657,0.08907750725932544,0.05469064105427742,0.02596604869332142,0.026602635693544784,0.020962698235425507,0.018807236989055173,0.009247263792718338,0.0033504578959124413,0.005550591914228278,0.005472414563323654,0.0002680366316729953,0.003071253071253071,0.004288586106767925,1.1168192986374804e-05,0.0,0.0,2.233638597274961e-05,0.0,0.0,0.0,0.0,0.0,0.0,0.0,0.0,0.0,0.0,0.0,0.0,0.0,0.0,0.0,0.0,0.0,0.0,0.0,0.0,0.0,0.0,0.0,0.0,0.0,0.0,0.0,0.0,0.0,0.0,0.0,0.0,0.0,0.0,0.0,0.0,0.0,0.0,0.0,0.0,0.0,nan,nan,4.246666666666667,2.845593289560306,nan,0.9101457507512369,0.023075314453834293,0.0,0.0,0.0,0.0,0.0,0.0,0.0,0.0,0.0,0.0,0.0,0.0,0.0,0.0,0.0,0.0,0.0,0.0,0.0,0.0,0.0,0.0,0.0,0.0,0.013111888111888115,0.9047202797202799,8.981643356643358,15.288461538461542,4.694055944055945,0.11800699300699304,0.9092638602317769,0.022317900474496333,0.0,0.0,0.0,0.0,0.0,0.0,0.0,0.0,0.0,0.0,0.0,0.0,0.0,0.0,0.0,0.0,0.0,0.0,0.0,0.0,0.0,0.0,0.0,0.0,0.0,0.8085883965280952,9.785290086797627,14.99314755596163,4.262220191868434,0.15075376884422112,0.3984,0.00998,0.0,0.0,0.0,0.0,0.0,0.0,0.0,0.0,0.0,0.0,0.03933566433566434,16.78321678321676,13.177447552447555,0.0,0.0,0.0,0.0,0.0,0.0,0.0,0.0,0.0,0.0,0.0,0.0,0.0,0.0,0.0,0.0,0.0,0.3987,0.01013,0.0,0.0,0.0,0.0,0.0,0.0,0.0,0.0,0.0,0.0,0.013704888076747376,16.596619460941046,13.334856098675198,0.054819552306989504,0.0,0.0,0.0,0.0,0.0,0.0,0.0,0.0,0.0,0.0,0.0,0.0,0.0,0.0,0.0,0.0
29600,4663,2392,0.512974479948531,1103,962,0.44284795196225607,1332,0.5713060261634141,0.418,3.0537208278291503,3.1208906796817426,6.595808383233533,2.0673061905384755,8372.84833797984,506.52937842574113,7853.0,8866.4,8866.4,0.0,7853.0,0.0,28.06133390521124,21.013830083869017,33.06496163682864,19.260175174714185,0.1383229680463221,0.10208020587604547,0.09628994209736222,0.0842805061119451,0.07934805918936307,0.07119879905640146,0.06455071842161698,0.06733862320394596,0.06347844735149046,0.04825219815569376,0.0458932018014154,0.042247480162985206,0.03173922367574523,0.028522410465365643,0.019086425048252198,0.010937164915290586,0.0064336264207591675,0.9092233915352499,0.022371100397667085,0.0,0.0,0.0,0.0,0.0,0.0,0.0,0.0,0.0,0.0,0.0,0.0,0.0,0.0,0.0,0.0,0.0,0.0,0.0,0.0,0.0,0.0,0.0,0.0,0.012867252841518339,0.8042033025948961,9.553935234827366,15.3313317606691,4.156122667810423,0.14153978125670172,4.4036605657237935,2.889614183193463,nan,nan,nan,4.363095238095238,2.788114977631992,4.443699731903485,2.9890630371629796,1.0184741541061193,0.3984,0.00993,0.0,0.0,0.0,0.0,0.0,0.0,0.0,0.0,0.0,0.0,0.025734505683036677,16.746729573236088,13.214668668239334,0.012867252841518339,0.0,0.0,0.0,0.0,0.0,0.0,0.0,0.0,0.0,0.0,0.0,0.0,0.0,0.0,0.0,0.0,nan,nan,4.4036605657237935,2.889614183193463,nan,0.3984,0.04697,0.0,0.0,0.0,0.0,0.0,0.0,0.0,0.0,0.0,0.0,0.0,0.0,0.0,0.0,0.0,0.0,0.0,0.0,0.0,0.0,0.0,0.0,0.0,0.0,0.0,0.0009328758310100793,3.216813210379584e-05,0.0019300879262277503,0.014036028307956252,0.0003645721638430195,0.007066266352133819,0.011430409607548788,0.029004932446922583,0.04555007505897491,0.009103581385374223,0.04835942526270641,0.06769247265708771,0.07969118593180356,0.09530345271284581,0.05989706197726785,0.07138108513832297,0.07419043534205447,0.11608406605189792,0.08868754021016513,0.05225176924726571,0.02717134891700622,0.027686039030666954,0.02237829723354064,0.020137250696976194,0.007891915076131246,0.003366931160197298,0.005264850954321253,0.0053506326399313745,0.0001072271070126528,0.002830795625134034,0.004814497104868111,1.072271070126528e-05,0.0,0.0,0.0,0.0,0.0,0.0,0.0,0.0,0.0,0.0,0.0,0.0,0.0,0.0,0.0,0.0,0.0,0.0,0.0,0.0,0.0,0.0,0.0,0.0,0.0,0.0,0.0,0.0,0.0,0.0,0.0,0.0,0.0,0.0,0.0,0.0,0.0,0.0,0.0,0.0,0.0,0.0,0.0,0.0,nan,nan,4.4036605657237935,2.889614183193463,nan,0.9091255289057026,0.022049342467229775,0.0,0.0,0.0,0.0,0.0,0.0,0.0,0.0,0.0,0.0,0.0,0.0,0.0,0.0,0.0,0.0,0.0,0.0,0.0,0.0,0.0,0.0,0.0,0.0,0.0,0.7399665551839467,9.581939799331105,15.514214046822746,4.063545150501673,0.10033444816053515,0.9093264683339628,0.022704615586648436,0.0,0.0,0.0,0.0,0.0,0.0,0.0,0.0,0.0,0.0,0.0,0.0,0.0,0.0,0.0,0.0,0.0,0.0,0.0,0.0,0.0,0.0,0.0,0.0,0.026420079260237785,0.871862615587847,9.524438573315722,15.138705416116252,4.253632760898284,0.18494055482166452,0.3987,0.00991,0.0,0.0,0.0,0.0,0.0,0.0,0.0,0.0,0.0,0.0,0.012541806020066893,16.655518394648805,13.31939799331104,0.012541806020066893,0.0,0.0,0.0,0.0,0.0,0.0,0.0,0.0,0.0,0.0,0.0,0.0,0.0,0.0,0.0,0.0,0.3984,0.009964,0.0,0.0,0.0,0.0,0.0,0.0,0.0,0.0,0.0,0.0,0.039630118890356676,16.84280052840156,13.104359313077943,0.013210039630118893,0.0,0.0,0.0,0.0,0.0,0.0,0.0,0.0,0.0,0.0,0.0,0.0,0.0,0.0,0.0,0.0
29700,4791,2507,0.5232728031726154,1192,994,0.45627217699853895,1356,0.5660613650594866,0.414,2.960595446584939,3.053697307550945,6.488888888888889,2.157828943535396,8383.284658735127,506.15082127005127,7853.0,8866.4,8866.4,0.0,7853.0,0.0,27.778751826341058,20.513271240878723,32.676353700943864,18.706503041823,0.14026299311208515,0.0928824879983302,0.09329993738259236,0.08849926946357754,0.09037779169275725,0.06762680025046963,0.07201001878522229,0.06971404717178042,0.05865163848883323,0.0509288248799833,0.04717178042162388,0.04111876434982258,0.03214360258818618,0.02609058651638489,0.013149655604257984,0.010018785222291797,0.006053016071801294,0.9083870980764973,0.023098429862075404,0.0,0.0,0.0,0.0,0.0,0.0,0.0,0.0,0.0,0.0,0.0,0.0,0.0,0.0,0.0,0.0,0.0,0.0,0.0,0.0,0.0,0.0,0.0,0.0,0.01252348152786475,1.0644959298685037,9.83719474013776,14.990607388854105,3.9386349405134635,0.15654351909830935,4.155548428479794,2.869491767862909,nan,nan,nan,4.113534316869789,2.9597366986192086,4.197562540089801,2.775679072833153,1.0204272571339466,0.3982,0.00996,0.0,0.0,0.0,0.0,0.0,0.0,0.0,0.0,0.0,0.0,0.018785222291797122,17.313713212272987,12.667501565435193,0.0,0.0,0.0,0.0,0.0,0.0,0.0,0.0,0.0,0.0,0.0,0.0,0.0,0.0,0.0,0.0,0.0,nan,nan,4.155548428479794,2.869491767862909,nan,0.3982,0.0469,0.0,0.0,0.0,0.0,0.0,0.0,0.0,0.0,0.0,0.0,0.0,0.0,0.0,0.0,0.0,0.0,0.0,0.0,0.0,0.0,0.0,0.0,0.0,2.087246921310791e-05,0.0,0.0010018785222291797,0.0,0.0014715090795241078,0.014005426841995409,0.0002713420997704028,0.007430599039866416,0.010676268002504697,0.03222709246503861,0.04556460029221457,0.008714255896472553,0.04771446462116469,0.06616572740555207,0.08318722604884157,0.09479231893132957,0.058265497808390736,0.07181173032769776,0.07378417866833646,0.11203297850135671,0.09046128156960968,0.053924024212064284,0.026873304111876436,0.027322062199958256,0.023210185764975997,0.019119181799206846,0.008641202254226675,0.003757044458359424,0.005760801502817783,0.00524942600709664,0.00017741598831141724,0.002504696305572949,0.0038614068044249637,0.0,0.0,0.0,0.0,0.0,0.0,0.0,0.0,0.0,0.0,0.0,0.0,0.0,0.0,0.0,0.0,0.0,0.0,0.0,0.0,0.0,0.0,0.0,0.0,0.0,0.0,0.0,0.0,0.0,0.0,0.0,0.0,0.0,0.0,0.0,0.0,0.0,0.0,0.0,0.0,0.0,0.0,0.0,0.0,0.0,nan,nan,4.155548428479794,2.869491767862909,nan,0.9087561267421784,0.02318582255843269,0.0,0.0,0.0,0.0,0.0,0.0,0.0,0.0,0.0,0.0,0.0,0.0,0.0,0.0,0.0,0.0,0.0,0.0,0.0,0.0,0.0,0.0,0.0,0.0,0.011966493817311531,1.01715197447148,9.585161547666535,15.221380135620267,3.9728759473474278,0.1914639010769845,0.9079820390288341,0.022995305563168974,0.0,0.0,0.0,0.0,0.0,0.0,0.0,0.0,0.0,0.0,0.0,0.0,0.0,0.0,0.0,0.0,0.0,0.0,0.0,0.0,0.0,0.0,0.0,0.0,0.013134851138353769,1.1164623467600703,10.113835376532402,14.737302977232927,3.901050788091069,0.11821366024518391,0.3982,0.009796,0.0,0.0,0.0,0.0,0.0,0.0,0.0,0.0,0.0,0.0,0.023932987634623062,17.698444355803723,12.27762265656163,0.0,0.0,0.0,0.0,0.0,0.0,0.0,0.0,0.0,0.0,0.0,0.0,0.0,0.0,0.0,0.0,0.0,0.3984,0.01012,0.0,0.0,0.0,0.0,0.0,0.0,0.0,0.0,0.0,0.0,0.013134851138353769,16.891418563922915,13.095446584938708,0.0,0.0,0.0,0.0,0.0,0.0,0.0,0.0,0.0,0.0,0.0,0.0,0.0,0.0,0.0,0.0,0.0
29800,4698,2475,0.5268199233716475,1188,928,0.4504044274159217,1274,0.5423584504044274,0.434,3.0562303193882143,3.196233951937496,6.794498381877022,2.1784845592559234,8386.879310344828,505.97052788594254,7853.0,8866.4,8866.4,0.0,7853.0,0.0,28.34014474244359,21.098304487721627,33.282932996207336,19.33140608395094,0.13984674329501914,0.09514687100893997,0.08939974457215837,0.08407833120476799,0.08492975734355045,0.07492550021285653,0.07109408258833547,0.06449553001277139,0.05789697743720732,0.05108556832694764,0.04704129416773095,0.04171988080034057,0.031715623669646656,0.025755640698169435,0.02022137079608344,0.011919965942954448,0.008727117922520221,0.9092860009478426,0.02277788561901169,0.0,0.0,0.0,0.0,0.0,0.0,0.0,0.0,0.0,0.0,0.0,0.0,0.0,0.0,0.0,0.0,0.0,0.0,0.0,0.0,0.0,0.0,0.0,0.0,0.006385696040868456,0.881226053639847,9.50830140485313,15.197956577266925,4.233716475095786,0.17241379310344832,4.231699346405229,2.985735431425591,nan,nan,nan,4.232296492389146,2.9830165566222284,4.231116849580374,2.988385108555613,0.9997212759524543,0.398,0.00998,0.0,0.0,0.0,0.0,0.0,0.0,0.0,0.0,0.0,0.0,0.012771392081736912,17.688378033205595,12.28607918263091,0.012771392081736912,0.0,0.0,0.0,0.0,0.0,0.0,0.0,0.0,0.0,0.0,0.0,0.0,0.0,0.0,0.0,0.0,nan,nan,4.231699346405229,2.985735431425591,nan,0.398,0.047,0.0,0.0,0.0,0.0,0.0,0.0,0.0,0.0,0.0,0.0,0.0,0.0,0.0,0.0,0.0,0.0,0.0,0.0,0.0,0.0,0.0,0.0,0.0,0.0,0.0,0.0007769263516389953,0.0,0.0012664963814389102,0.01474031502767135,0.0001277139208173691,0.008908045977011494,0.010578969774372074,0.029044274159216687,0.04700936568752661,0.010632183908045977,0.049095359727543635,0.06656023839931886,0.0847381864623244,0.09303959131545339,0.058386547467007235,0.07008301404853129,0.0764367816091954,0.11323967645806726,0.08850574712643679,0.05071306939123031,0.02697956577266922,0.02738399318859089,0.022647935291613453,0.018763303533418475,0.008386547467007238,0.0030970625798212004,0.006875266070668369,0.005161770966368668,6.385696040868455e-05,0.0034163473818646234,0.003331204767986377,0.0,0.0,0.0,0.0,0.0,0.0,1.0642826734780758e-05,0.0,0.0,0.0,0.0,0.0,0.0,0.0,0.0,0.0,0.0,0.0,0.0,0.0,0.0,0.0,0.0,0.0,0.0,0.0,0.0,0.0,0.0,0.0,0.0,0.0,0.0,0.0,0.0,0.0,0.0,0.0,0.0,0.0,0.0,0.0,0.0,0.0,0.0,nan,nan,4.231699346405229,2.985735431425591,nan,0.9094380521292639,0.02287532004659213,0.0,0.0,0.0,0.0,0.0,0.0,0.0,0.0,0.0,0.0,0.0,0.0,0.0,0.0,0.0,0.0,0.0,0.0,0.0,0.0,0.0,0.0,0.0,0.0,0.0,0.9212121212121214,9.345454545454547,15.224242424242426,4.3515151515151524,0.15757575757575762,0.9091167131952482,0.022667713423665435,0.0,0.0,0.0,0.0,0.0,0.0,0.0,0.0,0.0,0.0,0.0,0.0,0.0,0.0,0.0,0.0,0.0,0.0,0.0,0.0,0.0,0.0,0.0,0.0,0.013495276653171392,0.8367071524966264,9.68960863697706,15.168690958164646,4.102564102564103,0.18893387314439952,0.3977,0.00996,0.0,0.0,0.0,0.0,0.0,0.0,0.0,0.0,0.0,0.0,0.02424242424242425,17.672727272727247,12.290909090909095,0.012121212121212125,0.0,0.0,0.0,0.0,0.0,0.0,0.0,0.0,0.0,0.0,0.0,0.0,0.0,0.0,0.0,0.0,0.3982,0.01001,0.0,0.0,0.0,0.0,0.0,0.0,0.0,0.0,0.0,0.0,0.0,17.70580296896084,12.280701754385968,0.013495276653171392,0.0,0.0,0.0,0.0,0.0,0.0,0.0,0.0,0.0,0.0,0.0,0.0,0.0,0.0,0.0,0.0
29900,4962,2531,0.5100765820233777,1216,1035,0.45364772269246273,1441,0.580814187827489,0.36199999999999993,2.944467297408474,3.0771983633895164,6.5,2.1693525881142683,8369.91160822249,506.5970914420158,7853.0,8866.4,8866.399999999998,1.8189894035458565e-12,7853.0,0.0,28.547359935509874,20.82043229934555,33.44924767136374,18.95573240607999,0.13845223700120918,0.09290608625554211,0.08786779524385328,0.08544941555824265,0.0769850866586054,0.07638049173720274,0.07335751713018944,0.06388553002821443,0.05763804917372027,0.05804111245465538,0.051189036678758564,0.044538492543329304,0.034058847239016525,0.023982265215638857,0.02015316404675534,0.008464328899637243,0.006650544135429262,0.9089961581319534,0.022435391121019107,0.0,0.0,0.0,0.0,0.0,0.0,0.0,0.0,0.0,0.0,0.0,0.0,0.0,0.0,0.0,0.0,0.0,0.0,0.0,0.0,0.0,0.0,0.0,0.0,0.012091898428053208,0.9008464328899639,9.304715840386942,15.82224909310762,3.8089480048367603,0.1511487303506651,4.147820786345626,2.8881045861894927,nan,nan,nan,4.172755417956656,2.9285401680753873,4.1236494597839135,2.848150577384435,0.9882317669611248,0.398,0.00998,0.0,0.0,0.0,0.0,0.0,0.0,0.0,0.0,0.0,0.0,0.018137847642079808,17.58766626360336,12.376058041112458,0.018137847642079808,0.0,0.0,0.0,0.0,0.0,0.0,0.0,0.0,0.0,0.0,0.0,0.0,0.0,0.0,0.0,0.0,nan,nan,4.147820786345626,2.8881045861894927,nan,0.398,0.04678,0.0,0.0,0.0,0.0,0.0,0.0,0.0,0.0,0.0,0.0,0.0,0.0,0.0,0.0,0.0,0.0,0.0,0.0,0.0,0.0,0.0,0.0,0.0,0.0,0.0,0.0011386537686416767,0.0,0.0014913341394598952,0.013704151551793631,0.00015114873035066505,0.008323256751309956,0.010308343409915356,0.027176541717049578,0.04897218863361548,0.009582829504232164,0.048911729141475214,0.0684602982668279,0.08974203950020153,0.0920999596936719,0.05561265618702136,0.07372027408303104,0.07521160822249093,0.10926037887948407,0.08615477629987908,0.05073559048770657,0.03005844417573559,0.027539298669891174,0.022954453849254333,0.019810560257960498,0.008968158000806126,0.0025292220878677953,0.006197097944377267,0.004554615074566707,0.0,0.0029826682789197904,0.0036174929463925836,2.015316404675534e-05,1.007658202337767e-05,0.0,0.0,0.0,0.0,0.0,0.0,0.0,0.0,0.0,0.0,0.0,0.0,0.0,0.0,0.0,0.0,0.0,0.0,0.0,0.0,0.0,0.0,0.0,0.0,0.0,0.0,0.0,0.0,0.0,0.0,0.0,0.0,0.0,0.0,0.0,0.0,0.0,0.0,0.0,0.0,0.0,0.0,0.0,nan,nan,4.147820786345626,2.8881045861894927,nan,0.9088972501489119,0.02227558002553081,0.0,0.0,0.0,0.0,0.0,0.0,0.0,0.0,0.0,0.0,0.0,0.0,0.0,0.0,0.0,0.0,0.0,0.0,0.0,0.0,0.0,0.0,0.0,0.0,0.0,0.8652706440142238,9.565389174239433,15.563018569735286,3.875938364282893,0.1303832477281707,0.9090991347280366,0.022600115471791474,0.0,0.0,0.0,0.0,0.0,0.0,0.0,0.0,0.0,0.0,0.0,0.0,0.0,0.0,0.0,0.0,0.0,0.0,0.0,0.0,0.0,0.0,0.0,0.0,0.024681201151789393,0.9378856437679969,9.033319621554917,16.092143150966685,3.7392019744960927,0.17276840806252575,0.398,0.00991,0.0,0.0,0.0,0.0,0.0,0.0,0.0,0.0,0.0,0.0,0.011853022520742792,17.471355195574844,12.504938759383645,0.011853022520742792,0.0,0.0,0.0,0.0,0.0,0.0,0.0,0.0,0.0,0.0,0.0,0.0,0.0,0.0,0.0,0.0,0.3977,0.010056,0.0,0.0,0.0,0.0,0.0,0.0,0.0,0.0,0.0,0.0,0.024681201151789393,17.708761826408857,12.241875771287539,0.024681201151789393,0.0,0.0,0.0,0.0,0.0,0.0,0.0,0.0,0.0,0.0,0.0,0.0,0.0,0.0,0.0,0.0
30000,4421,2318,0.5243157656638769,1108,898,0.4537434969463922,1210,0.5473874688984393,0.426,3.0014265335235377,3.161901391430407,6.683673469387755,2.2772026286093,8384.341596923774,506.1004660154406,7853.0,8866.4,8866.399999999998,1.8189894035458565e-12,7853.0,0.0,28.177561637638544,20.91307292921787,33.0687432867884,19.153854444896712,0.13662067405564352,0.0974892558244741,0.09522732413481112,0.08731056322099072,0.07577471160370956,0.07916760913820403,0.0653698258312599,0.06650079167609138,0.06242931463469803,0.05179823569328206,0.04546482696222574,0.03980999773806831,0.0325718163311468,0.028047952951820856,0.019000226193168965,0.011309658448314861,0.006107215562090025,0.909245596916744,0.022436625173631094,0.0,0.0,0.0,0.0,0.0,0.0,0.0,0.0,0.0,0.0,0.0,0.0,0.0,0.0,0.0,0.0,0.0,0.0,0.0,0.0,0.0,0.0,0.0,0.0,0.013571590137977835,0.7057226871748475,9.52725627686044,15.390183216466866,4.220764532911107,0.14250169644876728,4.205923344947736,2.950184503953002,nan,nan,nan,4.137062937062937,2.8761298375060838,4.2703266157053505,3.017650525701738,1.0322121467982845,0.398,0.00985,0.0,0.0,0.0,0.0,0.0,0.0,0.0,0.0,0.0,0.0,0.013571590137977835,17.568423433612278,12.404433386111743,0.013571590137977835,0.0,0.0,0.0,0.0,0.0,0.0,0.0,0.0,0.0,0.0,0.0,0.0,0.0,0.0,0.0,0.0,nan,nan,4.205923344947736,2.950184503953002,nan,0.398,0.04703,0.0,0.0,0.0,0.0,0.0,0.0,0.0,0.0,0.0,0.0,0.0,0.0,0.0,0.0,0.0,0.0,0.0,0.0,0.0,0.0,0.0,0.0,0.0,0.0,0.0,0.0010970368694865416,0.00012440624293146347,0.0013232300384528387,0.014408504863153133,0.00030536077810450126,0.007317349016059715,0.008685817688305814,0.027527708663198373,0.05161728115810903,0.010257860212621579,0.04973987785568876,0.06793711829902736,0.08919927618185931,0.09197014250169645,0.058041167156751866,0.07080977154489934,0.07449672019904999,0.10549649400588103,0.08335218276408052,0.05072381814069215,0.03259443564804343,0.028839629043202895,0.025096132096810678,0.020142501696448767,0.008776294955892333,0.0030422981225966977,0.006129834878986655,0.004331599185704592,0.0,0.0034381361682877176,0.003166704365528161,1.130965844831486e-05,0.0,0.0,0.0,0.0,0.0,0.0,0.0,0.0,0.0,0.0,0.0,0.0,0.0,0.0,0.0,0.0,0.0,0.0,0.0,0.0,0.0,0.0,0.0,0.0,0.0,0.0,0.0,0.0,0.0,0.0,0.0,0.0,0.0,0.0,0.0,0.0,0.0,0.0,0.0,0.0,0.0,0.0,0.0,0.0,nan,nan,4.205923344947736,2.950184503953002,nan,0.9084598565790754,0.0227378139461428,0.0,0.0,0.0,0.0,0.0,0.0,0.0,0.0,0.0,0.0,0.0,0.0,0.0,0.0,0.0,0.0,0.0,0.0,0.0,0.0,0.0,0.0,0.0,0.0,0.01294219154443486,0.8283002588438311,9.74547023295945,15.129421915444352,4.115616911130285,0.1682484900776532,0.9101116673412405,0.02206749916326116,0.0,0.0,0.0,0.0,0.0,0.0,0.0,0.0,0.0,0.0,0.0,0.0,0.0,0.0,0.0,0.0,0.0,0.0,0.0,0.0,0.0,0.0,0.0,0.0,0.014265335235378035,0.5706134094151214,9.2867332382311,15.67760342368046,4.3366619115549225,0.11412268188302428,0.3977,0.00977,0.0,0.0,0.0,0.0,0.0,0.0,0.0,0.0,0.0,0.0,0.02588438308886972,17.78257118205347,12.178602243313204,0.01294219154443486,0.0,0.0,0.0,0.0,0.0,0.0,0.0,0.0,0.0,0.0,0.0,0.0,0.0,0.0,0.0,0.0,0.3982,0.009926,0.0,0.0,0.0,0.0,0.0,0.0,0.0,0.0,0.0,0.0,0.0,17.332382310984283,12.653352353780317,0.014265335235378035,0.0,0.0,0.0,0.0,0.0,0.0,0.0,0.0,0.0,0.0,0.0,0.0,0.0,0.0,0.0,0.0
30100,4232,2230,0.526937618147448,1038,851,0.44636105860113423,1150,0.5434782608695652,0.45,3.1408591408591406,3.275577727926354,7.0462633451957295,2.150393969128507,8386.998582230624,505.96410683782466,7853.0,8866.4,8866.4,0.0,7853.0,0.0,28.254253308128543,21.1210639862946,33.331454340473506,19.287785283225066,0.14295841209829868,0.09924385633270322,0.08766540642722118,0.0862476370510397,0.07348771266540642,0.07821361058601134,0.0671077504725898,0.06167296786389414,0.06167296786389414,0.05174858223062382,0.04891304347826087,0.0444234404536862,0.03520793950850662,0.023629489603024575,0.017485822306238186,0.012051039697542534,0.0082703213610586,0.9100826429115126,0.022240336964501634,0.0,0.0,0.0,0.0,0.0,0.0,0.0,0.0,0.0,0.0,0.0,0.0,0.0,0.0,0.0,0.0,0.0,0.0,0.0,0.0,0.0,0.0,0.0,0.0,0.007088846880907374,0.6309073724007562,9.109168241965975,15.879017013232518,4.161153119092629,0.21266540642722123,4.32051282051282,3.009542289445386,nan,nan,nan,4.3056379821958455,3.0248816284237887,4.335021707670044,2.994433445002174,1.006824476557412,0.3975,0.01006,0.0,0.0,0.0,0.0,0.0,0.0,0.0,0.0,0.0,0.0,0.007088846880907374,18.24669187145555,11.74621928166352,0.0,0.0,0.0,0.0,0.0,0.0,0.0,0.0,0.0,0.0,0.0,0.0,0.0,0.0,0.0,0.0,0.0,nan,nan,4.32051282051282,3.009542289445386,nan,0.3975,0.0473,0.0,0.0,0.0,0.0,0.0,0.0,0.0,0.0,0.0,0.0,0.0,0.0,0.0,0.0,0.0,0.0,0.0,0.0,0.0,0.0,0.0,0.0,0.0,0.0,0.0,0.0010160680529300568,0.00012996219281663515,0.0012878071833648393,0.015264650283553876,0.0003662570888468809,0.008341209829867675,0.009487240075614366,0.02794187145557656,0.052351134215500944,0.009995274102079395,0.050484404536862,0.06853733459357278,0.08917769376181474,0.09141068052930057,0.05754962192816635,0.0650047258979206,0.07338137996219282,0.10704158790170132,0.08694470699432892,0.050578922495274105,0.030931001890359168,0.02954867674858223,0.024043005671077505,0.019813327032136105,0.009180056710775047,0.003036389413988658,0.00625,0.004926748582230624,2.3629489603024576e-05,0.003438090737240076,0.002516540642722117,0.0,0.0,0.0,0.0,0.0,0.0,0.0,0.0,0.0,0.0,0.0,0.0,0.0,0.0,0.0,0.0,0.0,0.0,0.0,0.0,0.0,0.0,0.0,0.0,0.0,0.0,0.0,0.0,0.0,0.0,0.0,0.0,0.0,0.0,0.0,0.0,0.0,0.0,0.0,0.0,0.0,0.0,0.0,0.0,0.0,nan,nan,4.32051282051282,3.009542289445386,nan,0.9107183966401446,0.022046531251407177,0.0,0.0,0.0,0.0,0.0,0.0,0.0,0.0,0.0,0.0,0.0,0.0,0.0,0.0,0.0,0.0,0.0,0.0,0.0,0.0,0.0,0.0,0.0,0.0,0.0,0.5650224215246638,8.757847533632289,16.21076233183857,4.251121076233185,0.2152466367713005,0.909374485661338,0.022433043174238432,0.0,0.0,0.0,0.0,0.0,0.0,0.0,0.0,0.0,0.0,0.0,0.0,0.0,0.0,0.0,0.0,0.0,0.0,0.0,0.0,0.0,0.0,0.0,0.0,0.01498501498501499,0.7042957042957044,9.500499500499503,15.509490509490513,4.060939060939062,0.20979020979020985,0.3975,0.00995,0.0,0.0,0.0,0.0,0.0,0.0,0.0,0.0,0.0,0.0,0.0,18.255605381165893,11.744394618834084,0.0,0.0,0.0,0.0,0.0,0.0,0.0,0.0,0.0,0.0,0.0,0.0,0.0,0.0,0.0,0.0,0.0,0.3975,0.01018,0.0,0.0,0.0,0.0,0.0,0.0,0.0,0.0,0.0,0.0,0.01498501498501499,18.23676323676321,11.74825174825175,0.0,0.0,0.0,0.0,0.0,0.0,0.0,0.0,0.0,0.0,0.0,0.0,0.0,0.0,0.0,0.0,0.0
30200,4629,2416,0.5219269820695615,1156,952,0.4553899330308922,1307,0.564700799308706,0.414,2.9873474920921828,3.1358491370141404,6.733668341708543,2.1905282882127004,8381.920803629293,506.2125303526852,7853.0,8866.4,8866.4,0.0,7853.0,0.0,27.581767120328365,20.62169565376264,32.52358855375097,18.871702844508732,0.14236336141715272,0.10455821991790884,0.09332469215813351,0.08252322315834953,0.08036292935839275,0.07647440051847051,0.06869734283862605,0.060056167638798875,0.06264852019874703,0.05811190321883776,0.0440699935191186,0.03802117087923958,0.02894793691942104,0.029812054439403757,0.015770144739684598,0.008857204579822855,0.005400734499891985,0.9100664583775002,0.023063801916209433,0.0,0.0,0.0,0.0,0.0,0.0,0.0,0.0,0.0,0.0,0.0,0.0,0.0,0.0,0.0,0.0,0.0,0.0,0.0,0.0,0.0,0.0,0.0,0.0,0.006480881399870384,0.8489954633830202,8.96305897602074,15.418016850291643,4.56254050550875,0.2009073233959819,4.289233884576443,2.9107042638884533,nan,nan,nan,4.204286671131949,2.9807029029940995,4.375510204081633,2.8352396588939817,1.0407259414838104,0.3975,0.01004,0.0,0.0,0.0,0.0,0.0,0.0,0.0,0.0,0.0,0.0,0.012961762799740768,18.09462086843808,11.892417368762155,0.0,0.0,0.0,0.0,0.0,0.0,0.0,0.0,0.0,0.0,0.0,0.0,0.0,0.0,0.0,0.0,0.0,nan,nan,4.289233884576443,2.9107042638884533,nan,0.3975,0.04752,0.0,0.0,0.0,0.0,0.0,0.0,0.0,0.0,0.0,0.0,0.0,0.0,0.0,0.0,0.0,0.0,0.0,0.0,0.0,0.0,0.0,0.0,0.0,1.0801468999783971e-05,0.0,0.0008533160509829337,0.00020522791099589544,0.0006480881399870382,0.01458198314970836,0.0004212572909915749,0.00827392525383452,0.01128753510477425,0.029660833873406782,0.053229639230935405,0.011265932166774682,0.04897386044502052,0.0685353208036293,0.0871354504212573,0.09388636854612227,0.05581119032188377,0.06263771872974724,0.07181896737956361,0.10941888096781162,0.08750270036724994,0.04931950745301361,0.03074098077338518,0.029855260315402896,0.023579606826528408,0.020760423417584793,0.008176712032836465,0.00367249945992655,0.006016418232879671,0.00519550658889609,0.0,0.0038453229639230937,0.002657161373946857,2.1602937999567942e-05,0.0,0.0,0.0,0.0,0.0,0.0,0.0,0.0,0.0,0.0,0.0,0.0,0.0,0.0,0.0,0.0,0.0,0.0,0.0,0.0,0.0,0.0,0.0,0.0,0.0,0.0,0.0,0.0,0.0,0.0,0.0,0.0,0.0,0.0,0.0,0.0,0.0,0.0,0.0,0.0,0.0,0.0,0.0,0.0,nan,nan,4.289233884576443,2.9107042638884533,nan,0.9104576024245348,0.022821041488554163,0.0,0.0,0.0,0.0,0.0,0.0,0.0,0.0,0.0,0.0,0.0,0.0,0.0,0.0,0.0,0.0,0.0,0.0,0.0,0.0,0.0,0.0,0.0,0.0,0.0,0.7450331125827816,8.90314569536424,15.434602649006626,4.74337748344371,0.17384105960264906,0.9096394344201413,0.023318456123638517,0.0,0.0,0.0,0.0,0.0,0.0,0.0,0.0,0.0,0.0,0.0,0.0,0.0,0.0,0.0,0.0,0.0,0.0,0.0,0.0,0.0,0.0,0.0,0.0,0.013556258472661549,0.9624943515589699,9.02846814279259,15.399909624943518,4.365115228197018,0.23045639403524631,0.3975,0.010124,0.0,0.0,0.0,0.0,0.0,0.0,0.0,0.0,0.0,0.0,0.02483443708609272,18.21605960264898,11.759105960264904,0.0,0.0,0.0,0.0,0.0,0.0,0.0,0.0,0.0,0.0,0.0,0.0,0.0,0.0,0.0,0.0,0.0,0.3975,0.00994,0.0,0.0,0.0,0.0,0.0,0.0,0.0,0.0,0.0,0.0,0.0,17.962042476276523,12.037957523723456,0.0,0.0,0.0,0.0,0.0,0.0,0.0,0.0,0.0,0.0,0.0,0.0,0.0,0.0,0.0,0.0,0.0
30300,4694,2427,0.5170430336599915,1145,964,0.44929697486152537,1336,0.5692373242437154,0.39799999999999996,2.944419938244376,3.049871960130245,6.4399375975039,2.181305337596073,8376.971410311035,506.4055572225365,7853.0,8866.4,8866.4,0.0,7853.0,0.0,28.35918193438432,20.957086935254342,33.1528582221103,19.219302020322445,0.13314870046868343,0.0950149126544525,0.09608010225820196,0.08968896463570515,0.08052833404345973,0.07435023434171283,0.06902428632296549,0.06178099701746911,0.05965061780997018,0.0524073285044738,0.049211759693225395,0.0423945462292288,0.03365999147848317,0.027907967618236044,0.015551768214742225,0.010864933958244567,0.008734554750745633,0.9104423994808741,0.022992762379202333,0.0,0.0,0.0,0.0,0.0,0.0,0.0,0.0,0.0,0.0,0.0,0.0,0.0,0.0,0.0,0.0,0.0,0.0,0.0,0.0,0.0,0.0,0.0,0.0,0.025564550489987223,0.856412441414572,8.730293992330637,15.62633148700469,4.5632722624627196,0.198125266297401,4.1452295669163135,2.833903432715633,nan,nan,nan,4.175889328063241,2.8209686276688557,4.115260785576304,2.846170744505361,0.9854812860868952,0.3977,0.01001,0.0,0.0,0.0,0.0,0.0,0.0,0.0,0.0,0.0,0.0,0.019173412867490417,17.69066893907113,12.283766510438861,0.006391137622496806,0.0,0.0,0.0,0.0,0.0,0.0,0.0,0.0,0.0,0.0,0.0,0.0,0.0,0.0,0.0,0.0,nan,nan,4.1452295669163135,2.833903432715633,nan,0.3977,0.04727,0.0,0.0,0.0,0.0,0.0,0.0,0.0,0.0,0.0,0.0,0.0,0.0,0.0,0.0,0.0,0.0,0.0,0.0,0.0,0.0,0.0,0.0,3.195568811248402e-05,0.0,1.0651896037494674e-05,0.0010012782275244994,9.586706433745207e-05,0.0007882403067746059,0.012324243715381338,0.000916063059224542,0.007999573924158501,0.012175117170856413,0.02693864507882403,0.05230080954409885,0.01077971878994461,0.052045164039198975,0.06870472944184065,0.08505538985939497,0.09446101406050277,0.05705155517682147,0.06369833830421814,0.07162334895611419,0.11426288879420538,0.08495952279505752,0.047305070302513845,0.029644226672347677,0.03033659991478483,0.02413719642096293,0.020728589688964634,0.007871751171708564,0.0038772901576480615,0.007147422241158927,0.005144865786109927,6.391137622496804e-05,0.0037707711972731145,0.0026949296974861526,5.325948018747337e-05,0.0,0.0,0.0,0.0,0.0,0.0,0.0,0.0,0.0,0.0,0.0,0.0,0.0,0.0,0.0,0.0,0.0,0.0,0.0,0.0,0.0,0.0,0.0,0.0,0.0,0.0,0.0,0.0,0.0,0.0,0.0,0.0,0.0,0.0,0.0,0.0,0.0,0.0,0.0,0.0,0.0,0.0,0.0,0.0,nan,nan,4.1452295669163135,2.833903432715633,nan,0.9103278109552834,0.022879388420878534,0.0,0.0,0.0,0.0,0.0,0.0,0.0,0.0,0.0,0.0,0.0,0.0,0.0,0.0,0.0,0.0,0.0,0.0,0.0,0.0,0.0,0.0,0.0,0.0,0.02472187886279358,0.8776266996291721,8.640296662546355,15.599505562422747,4.73423980222497,0.12360939431396789,0.9105650754189459,0.023112892014451755,0.0,0.0,0.0,0.0,0.0,0.0,0.0,0.0,0.0,0.0,0.0,0.0,0.0,0.0,0.0,0.0,0.0,0.0,0.0,0.0,0.0,0.0,0.0,0.0,0.026466696074106757,0.8337009263343628,8.826643140714602,15.655050727834146,4.380238200264667,0.27790030877812094,0.398,0.01005,0.0,0.0,0.0,0.0,0.0,0.0,0.0,0.0,0.0,0.0,0.02472187886279358,17.416563658838047,12.54635352286774,0.01236093943139679,0.0,0.0,0.0,0.0,0.0,0.0,0.0,0.0,0.0,0.0,0.0,0.0,0.0,0.0,0.0,0.0,0.3977,0.00996,0.0,0.0,0.0,0.0,0.0,0.0,0.0,0.0,0.0,0.0,0.013233348037053378,17.98411998235551,12.002646669607413,0.0,0.0,0.0,0.0,0.0,0.0,0.0,0.0,0.0,0.0,0.0,0.0,0.0,0.0,0.0,0.0,0.0
30400,4597,2334,0.5077224276702197,1099,960,0.4479008048727431,1307,0.5686317163367414,0.40199999999999997,2.904993371630579,3.0381703083131737,6.343949044585988,2.211617777749079,8367.525908201002,506.63956138543836,7853.0,8866.4,8866.400000000001,1.8189894035458565e-12,7853.0,0.0,27.727648466391123,20.673513817572275,32.752016653656,18.886383056787672,0.14009136393299979,0.10332825755927778,0.09223406569501849,0.0848379377855123,0.08288013922123123,0.06852294974983685,0.07657167718077007,0.06330215357842071,0.05895149010224059,0.05460082662606047,0.046117032847509246,0.03806830541657603,0.03067217750706983,0.023276049597563627,0.021535784207091582,0.009136393299978247,0.005873395692843159,0.9102246332018173,0.022433606141748705,0.0,0.0,0.0,0.0,0.0,0.0,0.0,0.0,0.0,0.0,0.0,0.0,0.0,0.0,0.0,0.0,0.0,0.0,0.0,0.0,0.0,0.0,0.0,0.0,0.0,0.7243854687839898,9.2342832281923,15.401348705677618,4.483358712203612,0.15662388514248426,4.250338753387534,2.8326158621270046,nan,nan,nan,4.262449528936743,2.8288606683311337,4.23806275579809,2.83636443922111,0.9942786951556619,0.3972,0.01012,0.0,0.0,0.0,0.0,0.0,0.0,0.0,0.0,0.0,0.0,0.019577985642810533,18.403306504241872,11.570589514901025,0.006525995214270178,0.0,0.0,0.0,0.0,0.0,0.0,0.0,0.0,0.0,0.0,0.0,0.0,0.0,0.0,0.0,0.0,nan,nan,4.250338753387534,2.8326158621270046,nan,0.3972,0.04724,0.0,0.0,0.0,0.0,0.0,0.0,0.0,0.0,0.0,0.0,0.0,0.0,0.0,0.0,0.0,0.0,0.0,0.0,0.0,0.0,0.0,0.0,0.0,0.0,0.0,0.001185555797259082,5.438329345225147e-05,0.0006852294974983685,0.012051337829018925,0.000891886012616924,0.009745486186643464,0.012170981074613878,0.027963889493147705,0.052414618229279966,0.010767892103545791,0.05348053078094409,0.0685120730911464,0.08145529693278225,0.09871655427452687,0.05635196867522297,0.06369371329127692,0.0721883837285186,0.11392212312377638,0.08541440069610616,0.04719382205786382,0.02771372634326735,0.029725908201000652,0.0222101370458995,0.021361757668044375,0.008331520556884926,0.0038938438111812052,0.0061779421361757665,0.005405699369153796,0.00013051990428540353,0.003480530780944094,0.0025016314988035677,0.00020665651511855558,0.0,0.0,0.0,0.0,0.0,0.0,0.0,0.0,0.0,0.0,0.0,0.0,0.0,0.0,0.0,0.0,0.0,0.0,0.0,0.0,0.0,0.0,0.0,0.0,0.0,0.0,0.0,0.0,0.0,0.0,0.0,0.0,0.0,0.0,0.0,0.0,0.0,0.0,0.0,0.0,0.0,0.0,0.0,0.0,nan,nan,4.250338753387534,2.8326158621270046,nan,0.9101045713684144,0.023000889612555732,0.0,0.0,0.0,0.0,0.0,0.0,0.0,0.0,0.0,0.0,0.0,0.0,0.0,0.0,0.0,0.0,0.0,0.0,0.0,0.0,0.0,0.0,0.0,0.0,0.0,0.7840616966580979,9.473007712082264,14.871465295629823,4.665809768637533,0.20565552699228798,0.9103484618890302,0.02183239788046195,0.0,0.0,0.0,0.0,0.0,0.0,0.0,0.0,0.0,0.0,0.0,0.0,0.0,0.0,0.0,0.0,0.0,0.0,0.0,0.0,0.0,0.0,0.0,0.0,0.0,0.6628369421122405,8.988068935041982,15.947856827220507,4.295183384887318,0.10605391073795849,0.3972,0.01005,0.0,0.0,0.0,0.0,0.0,0.0,0.0,0.0,0.0,0.0,0.03856041131105399,18.406169665809742,11.55526992287918,0.0,0.0,0.0,0.0,0.0,0.0,0.0,0.0,0.0,0.0,0.0,0.0,0.0,0.0,0.0,0.0,0.0,0.3972,0.01019,0.0,0.0,0.0,0.0,0.0,0.0,0.0,0.0,0.0,0.0,0.0,18.400353513035768,11.586389748121965,0.013256738842244811,0.0,0.0,0.0,0.0,0.0,0.0,0.0,0.0,0.0,0.0,0.0,0.0,0.0,0.0,0.0,0.0
30500,4749,2472,0.5205306380290587,1154,934,0.4396715097915351,1324,0.5575910718045904,0.40599999999999997,3.0294246815985946,3.0698949430004405,6.466476462196861,2.0771366624504757,8380.505748578647,506.27266450607607,7853.0,8866.4,8866.4,0.0,7853.0,0.0,28.602863760791745,21.116333915321153,33.492645225629516,19.3263031069354,0.13560749631501368,0.09707306801431881,0.09180880185302169,0.08507054116656138,0.08149084017687934,0.0724363023794483,0.06780374815750684,0.06106548747104654,0.05811749842072015,0.058749210360075806,0.04611497157296273,0.04148241735102127,0.03853442830069488,0.024847336281322383,0.01958307012002527,0.015371657190987577,0.004843124868393346,0.9105779007626322,0.022666659133270838,0.0,0.0,0.0,0.0,0.0,0.0,0.0,0.0,0.0,0.0,0.0,0.0,0.0,0.0,0.0,0.0,0.0,0.0,0.0,0.0,0.0,0.0,0.0,0.0,0.006317119393556539,0.7391029690461152,9.210360075805434,15.2621604548326,4.548325963360709,0.23373341756159197,4.269615757184372,2.8494611334938247,nan,nan,nan,4.230225080385852,2.82405598958254,4.312134977287475,2.8731411987191366,1.0193630115053245,0.3972,0.00992,0.0,0.0,0.0,0.0,0.0,0.0,0.0,0.0,0.0,0.0,0.025268477574226157,18.250157927984812,11.724573594440939,0.0,0.0,0.0,0.0,0.0,0.0,0.0,0.0,0.0,0.0,0.0,0.0,0.0,0.0,0.0,0.0,0.0,nan,nan,4.269615757184372,2.8494611334938247,nan,0.3972,0.04742,0.0,0.0,0.0,0.0,0.0,0.0,0.0,0.0,0.0,0.0,0.0,0.0,0.0,0.0,0.0,0.0,0.0,0.0,0.0,0.0,0.0,0.0,0.0,0.0,2.1057064645188462e-05,0.0014739945251631922,7.369972625815961e-05,0.0006948831332912192,0.013950305327437355,0.0010423246999368288,0.010033691303432301,0.011907770056854075,0.026710886502421562,0.053495472731101286,0.010886502421562434,0.052368919772583705,0.06708780795957044,0.08126974099810487,0.09607285744367235,0.05655927563697621,0.06317119393556538,0.07130974942093073,0.11737207833228049,0.0861128658664982,0.04694672562644767,0.026668772373131186,0.030027374184038745,0.023983996630869656,0.022541587702674247,0.00773847125710676,0.0034112444725205304,0.00649610444304064,0.005074752579490419,0.0001052853232259423,0.003158559696778269,0.0022320488523899767,0.0,0.0,0.0,0.0,0.0,0.0,0.0,0.0,0.0,0.0,0.0,0.0,0.0,0.0,0.0,0.0,0.0,0.0,0.0,0.0,0.0,0.0,0.0,0.0,0.0,0.0,0.0,0.0,0.0,0.0,0.0,0.0,0.0,0.0,0.0,0.0,0.0,0.0,0.0,0.0,0.0,0.0,0.0,0.0,0.0,nan,nan,4.269615757184372,2.8494611334938247,nan,0.9100427445518546,0.02238414941605656,0.0,0.0,0.0,0.0,0.0,0.0,0.0,0.0,0.0,0.0,0.0,0.0,0.0,0.0,0.0,0.0,0.0,0.0,0.0,0.0,0.0,0.0,0.0,0.0,0.0,0.7160194174757284,9.356796116504857,15.4247572815534,4.283980582524273,0.21844660194174761,0.9111588872154397,0.022955309106030157,0.0,0.0,0.0,0.0,0.0,0.0,0.0,0.0,0.0,0.0,0.0,0.0,0.0,0.0,0.0,0.0,0.0,0.0,0.0,0.0,0.0,0.0,0.0,0.0,0.013175230566534918,0.7641633728590252,9.051383399209488,15.08563899868248,4.835309617918314,0.25032938076416344,0.3972,0.009796,0.0,0.0,0.0,0.0,0.0,0.0,0.0,0.0,0.0,0.0,0.03640776699029127,18.31310679611648,11.650485436893208,0.0,0.0,0.0,0.0,0.0,0.0,0.0,0.0,0.0,0.0,0.0,0.0,0.0,0.0,0.0,0.0,0.0,0.3972,0.010056,0.0,0.0,0.0,0.0,0.0,0.0,0.0,0.0,0.0,0.0,0.013175230566534918,18.181818181818155,11.805006587615287,0.0,0.0,0.0,0.0,0.0,0.0,0.0,0.0,0.0,0.0,0.0,0.0,0.0,0.0,0.0,0.0,0.0
30600,4449,2312,0.5196673409755002,1082,911,0.4479658350191054,1248,0.5610249494268374,0.422,2.9798783341132427,3.0612324346396016,6.422110552763819,2.129645632597452,8379.630883344573,506.30786078146656,7853.0,8866.4,8866.399999999998,1.8189894035458565e-12,7853.0,0.0,28.44571813890762,21.090175232338844,33.5625,19.20037383887551,0.14227916385704653,0.09687570240503483,0.08676106990334907,0.07889413351314903,0.0815913688469319,0.07484828051247472,0.07080242751180041,0.06743088334457181,0.06248595189930321,0.04720161834120027,0.048325466396943136,0.040233760395594516,0.038660373117554506,0.02405034839289728,0.02247696111485727,0.010564171723982918,0.006518318723308609,0.9116649898981132,0.022792581732775336,0.0,0.0,0.0,0.0,0.0,0.0,0.0,0.0,0.0,0.0,0.0,0.0,0.0,0.0,0.0,0.0,0.0,0.0,0.0,0.0,0.0,0.0,0.0,0.0,0.013486176668914366,0.6608226567768039,8.469318948078222,15.637221847606208,4.996628455832772,0.22252191503708704,4.187586206896552,2.853428252872763,nan,nan,nan,4.230240549828179,2.851402189073648,4.14196675900277,2.854007341390735,0.9791326782045541,0.3977,0.01012,0.0,0.0,0.0,0.0,0.0,0.0,0.0,0.0,0.0,0.0,0.03371544167228591,17.916385704652704,12.04315576534053,0.006743088334457183,0.0,0.0,0.0,0.0,0.0,0.0,0.0,0.0,0.0,0.0,0.0,0.0,0.0,0.0,0.0,0.0,nan,nan,4.187586206896552,2.853428252872763,nan,0.3977,0.04697,0.0,0.0,0.0,0.0,0.0,0.0,0.0,0.0,0.0,0.0,0.0,0.0,0.0,0.0,0.0,0.0,0.0,0.0,0.0,0.0,0.0,0.0,0.0,0.0,0.0,0.001168801977972578,8.990784445942908e-05,0.0005057316250842886,0.012249943807597212,0.0016295796808271522,0.010395594515621488,0.010642841087884918,0.02679253764890987,0.053337828725556306,0.010856372218476061,0.04860642841087885,0.07007192627556755,0.07870307934367274,0.09785345021353113,0.05740615868734547,0.062126320521465495,0.07583726680152843,0.11727354461676781,0.08848055742863564,0.0445830523713194,0.027882670262980445,0.028871656552034164,0.02447741065407957,0.02372443245673185,0.007192627556754327,0.0028882895032591592,0.005697909642616318,0.004506630703528883,0.00013486176668914363,0.0030343897505057315,0.0029781973477185884,0.0,0.0,0.0,0.0,0.0,0.0,0.0,0.0,0.0,0.0,0.0,0.0,0.0,0.0,0.0,0.0,0.0,0.0,0.0,0.0,0.0,0.0,0.0,0.0,0.0,0.0,0.0,0.0,0.0,0.0,0.0,0.0,0.0,0.0,0.0,0.0,0.0,0.0,0.0,0.0,0.0,0.0,0.0,0.0,0.0,nan,nan,4.187586206896552,2.853428252872763,nan,0.9114799965624166,0.022659537332730028,0.0,0.0,0.0,0.0,0.0,0.0,0.0,0.0,0.0,0.0,0.0,0.0,0.0,0.0,0.0,0.0,0.0,0.0,0.0,0.0,0.0,0.0,0.0,0.0,0.0,0.6098615916955018,8.875432525951558,15.4022491349481,4.891868512110728,0.2205882352941177,0.9118651324306964,0.022933971614684134,0.0,0.0,0.0,0.0,0.0,0.0,0.0,0.0,0.0,0.0,0.0,0.0,0.0,0.0,0.0,0.0,0.0,0.0,0.0,0.0,0.0,0.0,0.0,0.0,0.02807674309780066,0.7159569489939168,8.029948525970989,15.891436593355174,5.10996724379972,0.2246139447824053,0.3975,0.01004,0.0,0.0,0.0,0.0,0.0,0.0,0.0,0.0,0.0,0.0,0.038927335640138415,17.932525951557068,12.028546712802772,0.0,0.0,0.0,0.0,0.0,0.0,0.0,0.0,0.0,0.0,0.0,0.0,0.0,0.0,0.0,0.0,0.0,0.3977,0.01021,0.0,0.0,0.0,0.0,0.0,0.0,0.0,0.0,0.0,0.0,0.02807674309780066,17.89892372484789,12.058961160505385,0.01403837154890033,0.0,0.0,0.0,0.0,0.0,0.0,0.0,0.0,0.0,0.0,0.0,0.0,0.0,0.0,0.0,0.0
30700,4940,2535,0.5131578947368421,1179,995,0.44008097165991905,1371,0.5550607287449393,0.38999999999999996,2.891060291060291,3.0936497090576554,6.508005822416303,2.143235514046604,8373.034210526315,506.52451947525674,7853.0,8866.4,8866.399999999998,1.8189894035458565e-12,7853.0,0.0,27.720647773279353,20.934834760823428,32.588731037803996,19.28602528144173,0.13724696356275304,0.10506072874493927,0.09959514170040486,0.08380566801619434,0.08178137651821862,0.07692307692307693,0.0665991902834008,0.0597165991902834,0.05931174089068826,0.05121457489878543,0.046356275303643724,0.03825910931174089,0.029959514170040485,0.02631578947368421,0.018218623481781375,0.01174089068825911,0.007894736842105263,0.9113605413239012,0.022511905139719908,0.0,0.0,0.0,0.0,0.0,0.0,0.0,0.0,0.0,0.0,0.0,0.0,0.0,0.0,0.0,0.0,0.0,0.0,0.0,0.0,0.0,0.0,0.0,0.0,0.006072874493927127,0.668016194331984,8.659919028340083,15.710526315789476,4.736842105263158,0.21862348178137656,4.189480354879595,2.9032067159732824,nan,nan,nan,4.15891959798995,2.904336705179533,4.220588235294118,2.901725505139342,1.0148280426805973,0.3977,0.01004,0.0,0.0,0.0,0.0,0.0,0.0,0.0,0.0,0.0,0.0,0.03643724696356276,17.453441295546533,12.504048582995955,0.006072874493927127,0.0,0.0,0.0,0.0,0.0,0.0,0.0,0.0,0.0,0.0,0.0,0.0,0.0,0.0,0.0,0.0,nan,nan,4.189480354879595,2.9032067159732824,nan,0.3977,0.04684,0.0,0.0,0.0,0.0,0.0,0.0,0.0,0.0,0.0,0.0,0.0,0.0,0.0,0.0,0.0,0.0,0.0,0.0,0.0,0.0,0.0,0.0,0.0,0.0,7.085020242914979e-05,0.001346153846153846,2.0242914979757085e-05,0.0006477732793522267,0.01152834008097166,0.002105263157894737,0.009767206477732793,0.011497975708502025,0.023937246963562753,0.05547570850202429,0.010708502024291498,0.04802631578947368,0.07026315789473685,0.07845141700404858,0.0937246963562753,0.0573582995951417,0.06299595141700405,0.0801417004048583,0.11723684210526315,0.0886842105263158,0.04296558704453441,0.030394736842105263,0.02744939271255061,0.026012145748987855,0.023431174089068824,0.007216599190283401,0.0021963562753036436,0.006882591093117409,0.003603238866396761,0.00014170040485829958,0.0031680161943319837,0.0025506072874493927,0.0,0.0,0.0,0.0,0.0,0.0,0.0,0.0,0.0,0.0,0.0,0.0,0.0,0.0,0.0,0.0,0.0,0.0,0.0,0.0,0.0,0.0,0.0,0.0,0.0,0.0,0.0,0.0,0.0,0.0,0.0,0.0,0.0,0.0,0.0,0.0,0.0,0.0,0.0,0.0,0.0,0.0,0.0,0.0,0.0,nan,nan,4.189480354879595,2.9032067159732824,nan,0.9121183706928757,0.02249502121716353,0.0,0.0,0.0,0.0,0.0,0.0,0.0,0.0,0.0,0.0,0.0,0.0,0.0,0.0,0.0,0.0,0.0,0.0,0.0,0.0,0.0,0.0,0.0,0.0,0.011834319526627222,0.5798816568047338,8.307692307692308,16.000000000000004,4.840236686390533,0.26035502958579887,0.9105617482052524,0.022502075959109292,0.0,0.0,0.0,0.0,0.0,0.0,0.0,0.0,0.0,0.0,0.0,0.0,0.0,0.0,0.0,0.0,0.0,0.0,0.0,0.0,0.0,0.0,0.0,0.0,0.0,0.7609147609147611,9.031185031185032,15.405405405405409,4.627858627858629,0.17463617463617467,0.3982,0.009964,0.0,0.0,0.0,0.0,0.0,0.0,0.0,0.0,0.0,0.0,0.035502958579881665,17.278106508875712,12.674556213017754,0.011834319526627222,0.0,0.0,0.0,0.0,0.0,0.0,0.0,0.0,0.0,0.0,0.0,0.0,0.0,0.0,0.0,0.0,0.3975,0.0101,0.0,0.0,0.0,0.0,0.0,0.0,0.0,0.0,0.0,0.0,0.03742203742203743,17.638253638253612,12.324324324324328,0.0,0.0,0.0,0.0,0.0,0.0,0.0,0.0,0.0,0.0,0.0,0.0,0.0,0.0,0.0,0.0,0.0
30800,4607,2324,0.5044497503798567,1089,949,0.44237030605600175,1328,0.576514000434122,0.39399999999999996,2.9868593955321945,2.9966842372549882,6.368035190615836,1.988464964166488,8364.209377034946,506.6799340005054,7853.0,8866.4,8866.4,0.0,7853.0,0.0,28.218580421098327,21.028198426071217,33.32252205500778,19.198361650373794,0.1408725851964402,0.10440633818102887,0.0894291295854135,0.07532016496635555,0.07618840894291296,0.0824831777729542,0.07097894508356849,0.061211200347297594,0.062079444323855,0.050575211634469285,0.047102235728239635,0.04080746689819839,0.03364445409159974,0.027132624267419143,0.020837855437377904,0.01107011070110701,0.005860646841762535,0.9104537801238496,0.02286732925111975,0.0,0.0,0.0,0.0,0.0,0.0,0.0,0.0,0.0,0.0,0.0,0.0,0.0,0.0,0.0,0.0,0.0,0.0,0.0,0.0,0.0,0.0,0.0,0.0,0.013023659648361193,0.7879314087258522,8.914695029303235,15.426524853483832,4.642934664640765,0.21489038419795967,4.284850520658381,2.725638529626156,nan,nan,nan,4.295439074200136,2.680867776788256,4.2727272727272725,2.768544170155664,0.9947125774384095,0.3977,0.010025,0.0,0.0,0.0,0.0,0.0,0.0,0.0,0.0,0.0,0.0,0.019535489472541787,17.777295420012997,12.203169090514438,0.0,0.0,0.0,0.0,0.0,0.0,0.0,0.0,0.0,0.0,0.0,0.0,0.0,0.0,0.0,0.0,0.0,nan,nan,4.284850520658381,2.725638529626156,nan,0.3977,0.04694,0.0,0.0,0.0,0.0,0.0,0.0,0.0,0.0,0.0,0.0,0.0,0.0,0.0,0.0,0.0,0.0,0.0,0.0,0.0,0.0,0.0,0.0,0.0,0.0,6.511829824180595e-05,0.001334925113957022,6.511829824180595e-05,0.000857390926850445,0.010939874104623399,0.0022031690905144345,0.009811156935098762,0.011102669850227915,0.025146516171044065,0.056544388973301496,0.010256131973084436,0.047699153462122855,0.07115259387887997,0.07643802908617321,0.09271760364662471,0.06014760147601476,0.06217712177121771,0.08157152159756892,0.11582374647275885,0.08780117212936835,0.03980898632515737,0.029976123290644672,0.028879965270240938,0.027555893205990882,0.02392012155415672,0.00755372259604949,0.002821792923811591,0.006142826134143694,0.003928803993922292,0.00016279574560451487,0.003299327110918168,0.0020837855437377904,1.0853049706967659e-05,0.0,0.0,0.0,0.0,0.0,0.0,0.0,0.0,0.0,0.0,0.0,0.0,0.0,0.0,0.0,0.0,0.0,0.0,0.0,0.0,0.0,0.0,0.0,0.0,0.0,0.0,0.0,0.0,0.0,0.0,0.0,0.0,0.0,0.0,0.0,0.0,0.0,0.0,0.0,0.0,0.0,0.0,0.0,0.0,nan,nan,4.284850520658381,2.725638529626156,nan,0.9111737640455955,0.022905651616989115,0.0,0.0,0.0,0.0,0.0,0.0,0.0,0.0,0.0,0.0,0.0,0.0,0.0,0.0,0.0,0.0,0.0,0.0,0.0,0.0,0.0,0.0,0.0,0.0,0.012908777969018936,0.7228915662650605,8.571428571428573,15.477624784853704,5.021514629948365,0.19363166953528405,0.9097208661360539,0.02280491760262198,0.0,0.0,0.0,0.0,0.0,0.0,0.0,0.0,0.0,0.0,0.0,0.0,0.0,0.0,0.0,0.0,0.0,0.0,0.0,0.0,0.0,0.0,0.0,0.0,0.013140604467805522,0.8541392904073589,9.264126149802893,15.37450722733246,4.257555847568989,0.23653088042049938,0.398,0.00994,0.0,0.0,0.0,0.0,0.0,0.0,0.0,0.0,0.0,0.0,0.0,17.69793459552493,12.302065404475046,0.0,0.0,0.0,0.0,0.0,0.0,0.0,0.0,0.0,0.0,0.0,0.0,0.0,0.0,0.0,0.0,0.0,0.3977,0.01009,0.0,0.0,0.0,0.0,0.0,0.0,0.0,0.0,0.0,0.0,0.039421813403416564,17.858081471747674,12.102496714848886,0.0,0.0,0.0,0.0,0.0,0.0,0.0,0.0,0.0,0.0,0.0,0.0,0.0,0.0,0.0,0.0,0.0
30900,4384,2253,0.5139142335766423,1074,879,0.4454835766423358,1232,0.5620437956204379,0.40599999999999997,2.990145471609573,3.083142662767779,6.491883116883117,2.045727022667834,8373.80068430657,506.5037617847337,7853.0,8866.4,8866.4,0.0,7853.0,0.0,28.31660583941606,20.988833879083458,33.274674620390456,19.18921053981681,0.1375456204379562,0.09397810218978102,0.09990875912408759,0.08371350364963503,0.07687043795620438,0.06957116788321167,0.0750456204379562,0.06318430656934307,0.06204379562043796,0.05474452554744526,0.045164233576642336,0.03900547445255474,0.03398722627737226,0.02509124087591241,0.021897810218978103,0.012089416058394161,0.0061587591240875915,0.910479831828797,0.022357081076078932,0.0,0.0,0.0,0.0,0.0,0.0,0.0,0.0,0.0,0.0,0.0,0.0,0.0,0.0,0.0,0.0,0.0,0.0,0.0,0.0,0.0,0.0,0.0,0.0,0.013686131386861318,0.7458941605839419,8.923357664233578,15.622718978102194,4.536952554744526,0.15739051094890513,4.24031007751938,2.815573105481119,nan,nan,nan,4.12789880534083,2.8035619369622773,4.353356890459364,2.823090249107881,1.054618123105835,0.3977,0.010315,0.0,0.0,0.0,0.0,0.0,0.0,0.0,0.0,0.0,0.0,0.04105839416058395,17.655109489051068,12.296989051094894,0.006843065693430659,0.0,0.0,0.0,0.0,0.0,0.0,0.0,0.0,0.0,0.0,0.0,0.0,0.0,0.0,0.0,0.0,nan,nan,4.24031007751938,2.815573105481119,nan,0.3977,0.04697,0.0,0.0,0.0,0.0,0.0,0.0,0.0,0.0,0.0,0.0,0.0,0.0,0.0,0.0,0.0,0.0,0.0,0.0,0.0,0.0,0.0,0.0,0.0,0.0,5.702554744525547e-05,0.001083485401459854,0.00017107664233576643,0.0005930656934306569,0.010355839416058395,0.0018590328467153285,0.009854014598540146,0.011587591240875912,0.025775547445255474,0.05558850364963504,0.010218978102189781,0.050353558394160586,0.07239963503649635,0.07465784671532846,0.09283759124087591,0.06281934306569344,0.061108576642335766,0.08050866788321168,0.11625228102189782,0.08565237226277372,0.03869753649635037,0.0328125,0.029231295620437955,0.026950273722627736,0.02198905109489051,0.007447536496350365,0.0024406934306569344,0.005269160583941606,0.004767335766423358,0.0002737226277372263,0.003398722627737226,0.002988138686131387,0.0,0.0,0.0,0.0,0.0,0.0,0.0,0.0,0.0,0.0,0.0,0.0,0.0,0.0,0.0,0.0,0.0,0.0,0.0,0.0,0.0,0.0,0.0,0.0,0.0,0.0,0.0,0.0,0.0,0.0,0.0,0.0,0.0,0.0,0.0,0.0,0.0,0.0,0.0,0.0,0.0,0.0,0.0,0.0,0.0,nan,nan,4.24031007751938,2.815573105481119,nan,0.9102951809135587,0.022423333036557032,0.0,0.0,0.0,0.0,0.0,0.0,0.0,0.0,0.0,0.0,0.0,0.0,0.0,0.0,0.0,0.0,0.0,0.0,0.0,0.0,0.0,0.0,0.0,0.0,0.013315579227696408,0.7856191744340881,9.001331557922772,15.499334221038618,4.527296937416779,0.17310252996005332,0.9106750540305951,0.022285158183454362,0.0,0.0,0.0,0.0,0.0,0.0,0.0,0.0,0.0,0.0,0.0,0.0,0.0,0.0,0.0,0.0,0.0,0.0,0.0,0.0,0.0,0.0,0.0,0.0,0.014077897700610046,0.7038948850305022,8.840919755983109,15.75316752698264,4.547160957297044,0.14077897700610045,0.398,0.010315,0.0,0.0,0.0,0.0,0.0,0.0,0.0,0.0,0.0,0.0,0.026631158455392816,17.549933422103837,12.410119840213053,0.013315579227696408,0.0,0.0,0.0,0.0,0.0,0.0,0.0,0.0,0.0,0.0,0.0,0.0,0.0,0.0,0.0,0.0,0.3977,0.01031,0.0,0.0,0.0,0.0,0.0,0.0,0.0,0.0,0.0,0.0,0.056311590802440185,17.766306898169844,12.17738151102769,0.0,0.0,0.0,0.0,0.0,0.0,0.0,0.0,0.0,0.0,0.0,0.0,0.0,0.0,0.0,0.0,0.0
31000,4279,2243,0.524187894367843,1100,843,0.4540780556204721,1167,0.5454545454545454,0.414,3.005893909626719,3.119896955086151,6.466777408637873,2.22856551010849,8384.212012152371,506.1067587577168,7853.0,8866.4,8866.4,0.0,7853.0,0.0,28.48212199111942,20.723230872882212,33.18442058904487,18.941203288065367,0.13040430007010984,0.09418088338396821,0.09207758822154709,0.08997429305912596,0.07875671885954662,0.08413180649684505,0.0663706473475111,0.06146295863519514,0.05959336293526525,0.05819116616031783,0.047440990885720964,0.042299602710913764,0.03435382098621173,0.02944613227389577,0.01565786398691283,0.00934797849964945,0.006309885487263379,0.9098629677343045,0.022452772157004294,0.0,0.0,0.0,0.0,0.0,0.0,0.0,0.0,0.0,0.0,0.0,0.0,0.0,0.0,0.0,0.0,0.0,0.0,0.0,0.0,0.0,0.0,0.0,0.0,0.007010983874737089,0.708109371348446,9.170366908156113,15.578406169665813,4.374853937835944,0.16125262911895305,4.117584369449379,2.8752684374618642,nan,nan,nan,4.123748211731044,2.8702997355321274,4.111503175723359,2.880149188756706,0.9970306053185181,0.3977,0.01001,0.0,0.0,0.0,0.0,0.0,0.0,0.0,0.0,0.0,0.0,0.021032951624211267,17.716756251460595,12.255199813040434,0.007010983874737089,0.0,0.0,0.0,0.0,0.0,0.0,0.0,0.0,0.0,0.0,0.0,0.0,0.0,0.0,0.0,0.0,nan,nan,4.117584369449379,2.8752684374618642,nan,0.3977,0.04785,0.0,0.0,0.0,0.0,0.0,0.0,0.0,0.0,0.0,0.0,0.0,0.0,0.0,0.0,0.0,0.0,0.0,0.0,0.0,0.0,0.0,0.0,0.0,0.0,0.0,0.0009347978499649451,0.0002570694087403599,0.0006309885487263379,0.011346108903949522,0.0017878008880579574,0.010387941107735452,0.012444496377658331,0.027681701332086937,0.05732647814910026,0.009721897639635428,0.050280439354989485,0.07157046038794111,0.07455012853470437,0.09187894367842954,0.05856508530030381,0.05874035989717224,0.08011217574199579,0.1143491469969619,0.08500817948118719,0.03953026408039261,0.03205188128067305,0.030579574666978266,0.028896938537041363,0.024304744099088574,0.007501752745968684,0.0027109137648983405,0.0047674690348212196,0.004802523954194906,0.00014021967749474175,0.00302640803926151,0.004089740593596635,0.0,0.0,2.3369946249123625e-05,0.0,0.0,0.0,0.0,0.0,0.0,0.0,0.0,0.0,0.0,0.0,0.0,0.0,0.0,0.0,0.0,0.0,0.0,0.0,0.0,0.0,0.0,0.0,0.0,0.0,0.0,0.0,0.0,0.0,0.0,0.0,0.0,0.0,0.0,0.0,0.0,0.0,0.0,0.0,0.0,0.0,0.0,nan,nan,4.117584369449379,2.8752684374618642,nan,0.9092892806975372,0.02239598275881727,0.0,0.0,0.0,0.0,0.0,0.0,0.0,0.0,0.0,0.0,0.0,0.0,0.0,0.0,0.0,0.0,0.0,0.0,0.0,0.0,0.0,0.0,0.0,0.0,0.01337494427106554,0.7222469906375392,9.201961658493092,15.8359340169416,4.07935800267499,0.14712438698172092,0.9104949814982873,0.022498240785527646,0.0,0.0,0.0,0.0,0.0,0.0,0.0,0.0,0.0,0.0,0.0,0.0,0.0,0.0,0.0,0.0,0.0,0.0,0.0,0.0,0.0,0.0,0.0,0.0,0.0,0.6925343811394893,9.13555992141454,15.294695481335957,4.700392927308449,0.17681728880157174,0.398,0.00996,0.0,0.0,0.0,0.0,0.0,0.0,0.0,0.0,0.0,0.0,0.01337494427106554,17.895675434685664,12.077574676772183,0.01337494427106554,0.0,0.0,0.0,0.0,0.0,0.0,0.0,0.0,0.0,0.0,0.0,0.0,0.0,0.0,0.0,0.0,0.3977,0.01007,0.0,0.0,0.0,0.0,0.0,0.0,0.0,0.0,0.0,0.0,0.029469548133595293,17.51964636542237,12.450884086444011,0.0,0.0,0.0,0.0,0.0,0.0,0.0,0.0,0.0,0.0,0.0,0.0,0.0,0.0,0.0,0.0,0.0
31100,4274,2199,0.514506317267197,1015,875,0.4422087037903603,1206,0.5643425362657931,0.414,3.010602409638554,3.07087105471607,6.494271685761047,2.118707087645873,8374.400701918576,506.48670205949236,7853.0,8866.4,8866.4,0.0,7853.0,0.0,28.343004211511463,21.16046695329078,33.156656518128976,19.474804579226,0.13242863827795975,0.10271408516612072,0.08820776789892372,0.09499298081422555,0.0772110435189518,0.07908282639213851,0.06481048198408984,0.06036499766027141,0.059897051941974734,0.048900327562002806,0.04679457182966776,0.04234908750584932,0.03743565746373421,0.02737482452035564,0.016144127281235376,0.010996724379971923,0.010294805802526907,0.90992446208201,0.022401476587633203,0.0,0.0,0.0,0.0,0.0,0.0,0.0,0.0,0.0,0.0,0.0,0.0,0.0,0.0,0.0,0.0,0.0,0.0,0.0,0.0,0.0,0.0,0.0,0.0,0.035095928872250826,0.7440336920917175,9.265325222274218,15.414131960692563,4.422087037903604,0.11932615816565281,4.2140287769784175,2.8131022378524984,nan,nan,nan,4.295487627365357,2.8325453168178156,4.134423897581792,2.79167552987862,0.9625039707349003,0.397,0.010345,0.0,0.0,0.0,0.0,0.0,0.0,0.0,0.0,0.0,0.0,0.04211511464670099,18.20074871314925,11.750116986429578,0.007019185774450165,0.0,0.0,0.0,0.0,0.0,0.0,0.0,0.0,0.0,0.0,0.0,0.0,0.0,0.0,0.0,0.0,nan,nan,4.2140287769784175,2.8131022378524984,nan,0.397,0.04767,0.0,0.0,0.0,0.0,0.0,0.0,0.0,0.0,0.0,0.0,0.0,0.0,0.0,0.0,0.0,0.0,0.0,0.0,0.0,0.0,0.0,0.0,1.169864295741694e-05,3.509592887225082e-05,0.0,0.00114646700982686,0.0004328497894244268,0.0012751520823584463,0.011605053813757604,0.0022344408048666354,0.011324286382779597,0.013371548900327561,0.026860084230229293,0.05363827795975667,0.00986195601310248,0.053275620028076745,0.07223912026204961,0.07284744969583529,0.09727421619092186,0.05823584464202153,0.057428638277959757,0.08268600842302293,0.11114880673841834,0.08351661207299953,0.03955311183902667,0.031282171268132895,0.030697239120262048,0.028930744033692092,0.024262985493682734,0.0078731867103416,0.002456715021057557,0.004141319606925597,0.004036031820308844,8.189050070191858e-05,0.0025620028076743097,0.003673373888628919,0.0,0.0,0.0,0.0,0.0,0.0,0.0,0.0,0.0,0.0,0.0,0.0,0.0,0.0,0.0,0.0,0.0,0.0,0.0,0.0,0.0,0.0,0.0,0.0,0.0,0.0,0.0,0.0,0.0,0.0,0.0,0.0,0.0,0.0,0.0,0.0,0.0,0.0,0.0,0.0,0.0,0.0,0.0,0.0,0.0,nan,nan,4.2140287769784175,2.8131022378524984,nan,0.910423361344357,0.022127149507997084,0.0,0.0,0.0,0.0,0.0,0.0,0.0,0.0,0.0,0.0,0.0,0.0,0.0,0.0,0.0,0.0,0.0,0.0,0.0,0.0,0.0,0.0,0.0,0.0,0.02728512960436563,0.7230559345156892,9.045020463847205,15.511596180081858,4.583901773533425,0.10914051841746251,0.909395749080612,0.02267660094248448,0.0,0.0,0.0,0.0,0.0,0.0,0.0,0.0,0.0,0.0,0.0,0.0,0.0,0.0,0.0,0.0,0.0,0.0,0.0,0.0,0.0,0.0,0.0,0.0,0.04337349397590362,0.7662650602409641,9.498795180722894,15.310843373493979,4.250602409638555,0.13012048192771086,0.3972,0.010376,0.0,0.0,0.0,0.0,0.0,0.0,0.0,0.0,0.0,0.0,0.02728512960436563,18.18553888130966,11.787175989085952,0.0,0.0,0.0,0.0,0.0,0.0,0.0,0.0,0.0,0.0,0.0,0.0,0.0,0.0,0.0,0.0,0.0,0.397,0.01031,0.0,0.0,0.0,0.0,0.0,0.0,0.0,0.0,0.0,0.0,0.057831325301204835,18.216867469879492,11.710843373493978,0.014457831325301209,0.0,0.0,0.0,0.0,0.0,0.0,0.0,0.0,0.0,0.0,0.0,0.0,0.0,0.0,0.0,0.0
31200,4389,2307,0.5256322624743678,1107,865,0.44930508088402826,1217,0.554568238778765,0.418,2.941402497598463,3.1073377803243765,6.451612903225806,2.2620629164397656,8385.675734791525,506.03374512184485,7853.0,8866.4,8866.399999999998,1.8189894035458565e-12,7853.0,0.0,27.895648211437685,20.789323979934597,33.02730748225014,18.930910555341363,0.14331282752335384,0.09455456823877877,0.09022556390977443,0.09022556390977443,0.08088402825244931,0.07655502392344497,0.07199817726133516,0.05832763727500569,0.06311232627022101,0.04875825928457508,0.04602415128730918,0.042150831624515835,0.0355434039644566,0.025518341307814992,0.016404647983595352,0.009569377990430622,0.00683526999316473,0.9099750216905172,0.022748701381395287,0.0,0.0,0.0,0.0,0.0,0.0,0.0,0.0,0.0,0.0,0.0,0.0,0.0,0.0,0.0,0.0,0.0,0.0,0.0,0.0,0.0,0.0,0.0,0.0,0.013670539986329463,0.7860560492139441,9.3028024606972,15.379357484620646,4.360902255639099,0.15721120984278883,4.134527572883737,2.9259372026890667,nan,nan,nan,4.116666666666666,2.949858753680702,4.155049786628734,2.900948874356845,1.0093238348085993,0.3967,0.010086,0.0,0.0,0.0,0.0,0.0,0.0,0.0,0.0,0.0,0.0,0.027341079972658926,18.803827751196145,11.16883116883117,0.0,0.0,0.0,0.0,0.0,0.0,0.0,0.0,0.0,0.0,0.0,0.0,0.0,0.0,0.0,0.0,0.0,nan,nan,4.134527572883737,2.9259372026890667,nan,0.3967,0.04773,0.0,0.0,0.0,0.0,0.0,0.0,0.0,0.0,0.0,0.0,0.0,0.0,0.0,0.0,0.0,0.0,0.0,0.0,0.0,0.0,0.0,0.0,1.139211665527455e-05,0.0002050580997949419,0.0,0.0009683299156983368,0.0005923900660742766,0.0010822510822510823,0.01154021417179312,0.002346776030986557,0.01251993620414673,0.013704716336295284,0.028446115288220553,0.05336067441330599,0.00901116427432217,0.052073365231259966,0.07034632034632035,0.0742652084757348,0.09775575301891092,0.06076555023923445,0.05811118705855548,0.08347003873319662,0.10709728867623604,0.08431305536568695,0.039291410344041926,0.031966279334700386,0.02980177717019822,0.028070175438596492,0.02406015037593985,0.008999772157666895,0.0019138755980861245,0.0035885167464114833,0.003964456596035544,0.00026201868307131466,0.001993620414673046,0.003998632946001367,2.27842333105491e-05,3.417634996582365e-05,0.0,0.0,4.55684666210982e-05,0.0,0.0,0.0,0.0,0.0,0.0,0.0,0.0,0.0,0.0,0.0,0.0,0.0,0.0,0.0,0.0,0.0,0.0,0.0,0.0,0.0,0.0,0.0,0.0,0.0,0.0,0.0,0.0,0.0,0.0,0.0,0.0,0.0,0.0,0.0,0.0,0.0,0.0,0.0,0.0,nan,nan,4.134527572883737,2.9259372026890667,nan,0.9100145295578833,0.022498642858419824,0.0,0.0,0.0,0.0,0.0,0.0,0.0,0.0,0.0,0.0,0.0,0.0,0.0,0.0,0.0,0.0,0.0,0.0,0.0,0.0,0.0,0.0,0.0,0.0,0.0,0.9102730819245776,8.985695708712615,15.669700910273084,4.265279583875163,0.1690507152145644,0.9099312442409431,0.023022532428639338,0.0,0.0,0.0,0.0,0.0,0.0,0.0,0.0,0.0,0.0,0.0,0.0,0.0,0.0,0.0,0.0,0.0,0.0,0.0,0.0,0.0,0.0,0.0,0.0,0.028818443804034588,0.6484149855907783,9.654178674351586,15.057636887608073,4.466858789625361,0.14409221902017294,0.3965,0.010025,0.0,0.0,0.0,0.0,0.0,0.0,0.0,0.0,0.0,0.0,0.013003901170351108,19.024707412223638,10.962288686605985,0.0,0.0,0.0,0.0,0.0,0.0,0.0,0.0,0.0,0.0,0.0,0.0,0.0,0.0,0.0,0.0,0.0,0.397,0.010155,0.0,0.0,0.0,0.0,0.0,0.0,0.0,0.0,0.0,0.0,0.04322766570605188,18.559077809798243,11.397694524495678,0.0,0.0,0.0,0.0,0.0,0.0,0.0,0.0,0.0,0.0,0.0,0.0,0.0,0.0,0.0,0.0,0.0
31300,4548,2409,0.5296833773087071,1109,888,0.43909410729991205,1220,0.5364995602462621,0.426,2.9527816736792896,3.1288543093182697,6.645378151260505,2.2611719984515677,8389.781134564644,505.806302198088,7853.0,8866.4,8866.399999999998,1.8189894035458565e-12,7853.0,0.0,27.961301671064206,20.874279142142115,32.69960988296489,19.22401002955261,0.13236587510993844,0.10070360598065084,0.10466138962181179,0.08685136323658751,0.07805628847845207,0.07036059806508356,0.07453825857519789,0.06376429199648197,0.05343007915567282,0.051671064204045734,0.04507475813544415,0.04617414248021108,0.030343007915567283,0.026385224274406333,0.01802990325417766,0.010114335971855761,0.007475813544415127,0.9102357582974665,0.02251723433455745,0.0,0.0,0.0,0.0,0.0,0.0,0.0,0.0,0.0,0.0,0.0,0.0,0.0,0.0,0.0,0.0,0.0,0.0,0.0,0.0,0.0,0.0,0.0,0.0,0.01978891820580475,0.7981530343007918,8.82585751978892,15.798153034300794,4.340369393139842,0.2176781002638523,4.286749482401656,2.9661485101339493,nan,nan,nan,4.232622161046112,2.959391795642228,4.341176470588235,2.9719333006062896,1.0256470588235294,0.3967,0.01043,0.0,0.0,0.0,0.0,0.0,0.0,0.0,0.0,0.0,0.0,0.02638522427440634,18.65435356200525,11.306068601583117,0.01319261213720317,0.0,0.0,0.0,0.0,0.0,0.0,0.0,0.0,0.0,0.0,0.0,0.0,0.0,0.0,0.0,0.0,nan,nan,4.286749482401656,2.9661485101339493,nan,0.3967,0.04803,0.0,0.0,0.0,0.0,0.0,0.0,0.0,0.0,0.0,0.0,0.0,0.0,0.0,0.0,0.0,0.0,0.0,0.0,0.0,0.0,0.0,3.2981530343007914e-05,0.0,0.0004507475813544415,3.2981530343007914e-05,0.0014951627088830256,0.0006156552330694811,0.000901495162708883,0.01252198768689534,0.0021987686895338612,0.011906332453825857,0.014028144239226034,0.02799032541776605,0.053221196130167105,0.008586191732629728,0.050538698328935795,0.07082233948988566,0.07188874230430958,0.0974934036939314,0.06741424802110818,0.056244503078276165,0.08212401055408972,0.10831134564643799,0.08602682497801231,0.039302990325417765,0.03213500439753738,0.027583553210202286,0.02767150395778364,0.021591908531222514,0.008784080914687775,0.0025725593667546174,0.0034520668425681617,0.00474934036939314,8.795074758135444e-05,0.002704485488126649,0.0044415127528584,1.0993843447669305e-05,6.596306068601583e-05,0.0,0.0,0.0,0.0,0.0,0.0,0.0,0.0,0.0,0.0,0.0,0.0,0.0,0.0,0.0,0.0,0.0,0.0,0.0,0.0,0.0,0.0,0.0,0.0,0.0,0.0,0.0,0.0,0.0,0.0,0.0,0.0,0.0,0.0,0.0,0.0,0.0,0.0,0.0,0.0,0.0,0.0,0.0,nan,nan,4.286749482401656,2.9661485101339493,nan,0.910488144225132,0.02296119394455031,0.0,0.0,0.0,0.0,0.0,0.0,0.0,0.0,0.0,0.0,0.0,0.0,0.0,0.0,0.0,0.0,0.0,0.0,0.0,0.0,0.0,0.0,0.0,0.0,0.012453300124533004,0.7845579078455792,8.866749688667499,15.46699875466999,4.64508094645081,0.22415940224159406,0.9099515143985668,0.022003048011891357,0.0,0.0,0.0,0.0,0.0,0.0,0.0,0.0,0.0,0.0,0.0,0.0,0.0,0.0,0.0,0.0,0.0,0.0,0.0,0.0,0.0,0.0,0.0,0.0,0.02805049088359047,0.8134642356241236,8.779803646563817,16.171107994389907,3.997194950911642,0.21037868162692852,0.3967,0.01049,0.0,0.0,0.0,0.0,0.0,0.0,0.0,0.0,0.0,0.0,0.02490660024906601,18.754669987546674,11.207970112079703,0.012453300124533004,0.0,0.0,0.0,0.0,0.0,0.0,0.0,0.0,0.0,0.0,0.0,0.0,0.0,0.0,0.0,0.0,0.3967,0.010376,0.0,0.0,0.0,0.0,0.0,0.0,0.0,0.0,0.0,0.0,0.02805049088359047,18.541374474053267,11.41654978962132,0.014025245441795234,0.0,0.0,0.0,0.0,0.0,0.0,0.0,0.0,0.0,0.0,0.0,0.0,0.0,0.0,0.0,0.0
31400,4638,2395,0.5163863734368263,1143,944,0.44997843898232,1317,0.5679172056921087,0.418,3.0419081587160055,3.155224854834537,6.695924764890282,2.1242772713029154,8376.30595084088,506.4278155834947,7853.0,8866.4,8866.399999999998,1.8189894035458565e-12,7853.0,0.0,27.786114704614057,20.69070274795368,32.66974358974359,18.93749929165499,0.13863734368262182,0.09831824062095731,0.09292798620094868,0.09529969814575248,0.07675722294092281,0.0752479517033204,0.06921086675291074,0.06446744286330315,0.05648986632169038,0.05304010349288486,0.04570935748167314,0.040965933592065545,0.03428201811125485,0.02910737386804657,0.016170763260025874,0.008193186718413108,0.00517464424320828,0.9108848663279084,0.0227958433481221,0.0,0.0,0.0,0.0,0.0,0.0,0.0,0.0,0.0,0.0,0.0,0.0,0.0,0.0,0.0,0.0,0.0,0.0,0.0,0.0,0.0,0.0,0.0,0.0,0.0,0.73738680465718,8.771021992238035,15.614489003880987,4.598965071151359,0.27813712807244506,4.273060273060273,2.95577856045832,nan,nan,nan,4.105610561056106,2.8867630427243176,4.443548387096774,3.0148889118646633,1.0823112229021885,0.3967,0.01015,0.0,0.0,0.0,0.0,0.0,0.0,0.0,0.0,0.0,0.0,0.058214747736093156,18.835705045278107,11.106080206985773,0.0,0.0,0.0,0.0,0.0,0.0,0.0,0.0,0.0,0.0,0.0,0.0,0.0,0.0,0.0,0.0,0.0,nan,nan,4.273060273060273,2.95577856045832,nan,0.3967,0.04803,0.0,0.0,0.0,0.0,0.0,0.0,0.0,0.0,0.0,0.0,0.0,0.0,0.0,0.0,0.0,0.0,0.0,0.0,0.0,0.0,0.0,8.6244070720138e-05,0.0,0.00036653730056058646,0.0,0.001854247520482967,0.0005390254420008624,0.0008193186718413109,0.013507977576541612,0.002641224665804226,0.010899094437257438,0.01340017248814144,0.02825571366968521,0.05253341957740405,0.007956015523932729,0.05086244070720138,0.07054764984907287,0.07132384648555412,0.09807028891763692,0.07238033635187581,0.05708279430789133,0.08167313497197068,0.10278137128072445,0.08685855972401897,0.039445881845623115,0.03211513583441138,0.028945666235446314,0.026250539025442002,0.020666235446313064,0.010036653730056059,0.0029322984044846917,0.0033527382492453644,0.004764984907287624,2.15610176800345e-05,0.0027166882276843467,0.004236739974126779,3.234152652005175e-05,4.3122035360069e-05,0.0,0.0,0.0,0.0,0.0,0.0,0.0,0.0,0.0,0.0,0.0,0.0,0.0,0.0,0.0,0.0,0.0,0.0,0.0,0.0,0.0,0.0,0.0,0.0,0.0,0.0,0.0,0.0,0.0,0.0,0.0,0.0,0.0,0.0,0.0,0.0,0.0,0.0,0.0,0.0,0.0,0.0,0.0,nan,nan,4.273060273060273,2.95577856045832,nan,0.9110672052070841,0.022811827638566852,0.0,0.0,0.0,0.0,0.0,0.0,0.0,0.0,0.0,0.0,0.0,0.0,0.0,0.0,0.0,0.0,0.0,0.0,0.0,0.0,0.0,0.0,0.0,0.0,0.0,0.7390396659707726,8.617954070981213,15.782881002087686,4.509394572025053,0.3507306889352819,0.9106901710021724,0.022777152121739815,0.0,0.0,0.0,0.0,0.0,0.0,0.0,0.0,0.0,0.0,0.0,0.0,0.0,0.0,0.0,0.0,0.0,0.0,0.0,0.0,0.0,0.0,0.0,0.0,0.0,0.7356219349086047,8.93446277307178,15.434685688809633,4.694605439144004,0.2006241640659831,0.3967,0.01013,0.0,0.0,0.0,0.0,0.0,0.0,0.0,0.0,0.0,0.0,0.08768267223382048,18.663883089770327,11.248434237995827,0.0,0.0,0.0,0.0,0.0,0.0,0.0,0.0,0.0,0.0,0.0,0.0,0.0,0.0,0.0,0.0,0.0,0.3965,0.01016,0.0,0.0,0.0,0.0,0.0,0.0,0.0,0.0,0.0,0.0,0.02674988854213108,19.019170753455167,10.954079358002677,0.0,0.0,0.0,0.0,0.0,0.0,0.0,0.0,0.0,0.0,0.0,0.0,0.0,0.0,0.0,0.0,0.0
31500,4866,2521,0.5180846691327579,1201,985,0.449239621866009,1351,0.5552815454171804,0.39799999999999996,2.905330490405117,3.0256179385318727,6.479938271604938,1.9844064936378523,8378.027003699139,506.368453732469,7853.0,8866.4,8866.4,0.0,7853.0,0.0,28.181257706535142,20.961153130189025,32.983702262223304,19.25700855556907,0.13563501849568435,0.10131524866420058,0.09309494451294698,0.08508014796547472,0.08179202630497329,0.07172215371968763,0.06925606247431156,0.06884504726674887,0.05877517468146321,0.04849979449239622,0.04726674886970818,0.04192355117139334,0.035758323057953144,0.024455404849979448,0.016235100698725854,0.012741471434443074,0.007603781339909577,0.910612956001785,0.022708145158442637,0.0,0.0,0.0,0.0,0.0,0.0,0.0,0.0,0.0,0.0,0.0,0.0,0.0,0.0,0.0,0.0,0.0,0.0,0.0,0.0,0.0,0.0,0.0,0.0,0.0,0.8508014796547474,8.532675709001234,15.819975339087549,4.580764488286067,0.21578298397040696,4.191563590231525,2.8702955879647543,nan,nan,nan,4.127767235926629,2.8462822404405363,4.255725190839694,2.8928267950148263,1.0309993145445229,0.3962,0.010315,0.0,0.0,0.0,0.0,0.0,0.0,0.0,0.0,0.0,0.0,0.04932182490752159,19.37114673242907,10.57336621454994,0.006165228113440199,0.0,0.0,0.0,0.0,0.0,0.0,0.0,0.0,0.0,0.0,0.0,0.0,0.0,0.0,0.0,0.0,nan,nan,4.191563590231525,2.8702955879647543,nan,0.3962,0.04785,0.0,0.0,0.0,0.0,0.0,0.0,0.0,0.0,0.0,0.0,0.0,0.0,0.0,0.0,0.0,0.0,0.0,0.0,0.0,0.0,0.0,7.192766132346897e-05,0.0,0.0004315659679408138,0.0,0.0013974517057131113,0.0007706535141800247,0.0005651459103986848,0.013553226469379367,0.002507192766132347,0.010850801479654747,0.01207357172215372,0.028853267570900124,0.055322646937936704,0.007757912042745582,0.04919852034525277,0.07306822852445541,0.0737875051376901,0.09924989724619811,0.06994451294697904,0.06088162762022195,0.07829839704069051,0.10068845047266749,0.08391903000411015,0.04054665022605836,0.032038635429510895,0.030219893136046033,0.025154130702836005,0.021013152486642005,0.010388409371146733,0.0032470201397451705,0.0032572955199342375,0.004952733251130292,1.0275380189066995e-05,0.002096177558569667,0.0036477599671187835,0.0002260583641594739,0.0,0.0,0.0,1.0275380189066995e-05,0.0,0.0,0.0,0.0,0.0,0.0,0.0,0.0,0.0,0.0,0.0,0.0,0.0,0.0,0.0,0.0,0.0,0.0,0.0,0.0,0.0,0.0,0.0,0.0,0.0,0.0,0.0,0.0,0.0,0.0,0.0,0.0,0.0,0.0,0.0,0.0,0.0,0.0,0.0,0.0,nan,nan,4.191563590231525,2.8702955879647543,nan,0.9100613430443855,0.022962671986698182,0.0,0.0,0.0,0.0,0.0,0.0,0.0,0.0,0.0,0.0,0.0,0.0,0.0,0.0,0.0,0.0,0.0,0.0,0.0,0.0,0.0,0.0,0.0,0.0,0.0,0.9044030146767158,8.675128917096393,15.815152717175726,4.3673145577151935,0.23800079333597784,0.9112059693346654,0.022416158823409655,0.0,0.0,0.0,0.0,0.0,0.0,0.0,0.0,0.0,0.0,0.0,0.0,0.0,0.0,0.0,0.0,0.0,0.0,0.0,0.0,0.0,0.0,0.0,0.0,0.0,0.7931769722814501,8.37953091684435,15.825159914712156,4.810234541577826,0.1918976545842218,0.3965,0.01032,0.0,0.0,0.0,0.0,0.0,0.0,0.0,0.0,0.0,0.0,0.023800079333597783,18.992463308211,10.983736612455377,0.0,0.0,0.0,0.0,0.0,0.0,0.0,0.0,0.0,0.0,0.0,0.0,0.0,0.0,0.0,0.0,0.0,0.396,0.01031,0.0,0.0,0.0,0.0,0.0,0.0,0.0,0.0,0.0,0.0,0.0767590618336887,19.778251599147094,10.13219616204691,0.012793176972281453,0.0,0.0,0.0,0.0,0.0,0.0,0.0,0.0,0.0,0.0,0.0,0.0,0.0,0.0,0.0,0.0
31600,4627,2389,0.5163172682083423,1124,945,0.447157985735898,1270,0.548951804625027,0.422,2.910634495084897,3.1127262560124156,6.558620689655172,2.2579388283732102,8376.235919602334,506.4301070857705,7853.0,8866.4,8866.399999999998,1.8189894035458565e-12,7853.0,0.0,27.877026150853684,20.926792172242664,32.761366555355764,19.22316992298578,0.14069591527987896,0.10309055543548735,0.09444564512643182,0.08299113896693322,0.07780419278149989,0.07348173762697212,0.07304949211151934,0.06915928247244435,0.05359844391614437,0.04625027015344716,0.04711476118435271,0.04236006051437216,0.035444132267127726,0.025286362653987465,0.017938188891290254,0.010157769613140263,0.007132051004970824,0.9101883889223655,0.022628181568572058,0.0,0.0,0.0,0.0,0.0,0.0,0.0,0.0,0.0,0.0,0.0,0.0,0.0,0.0,0.0,0.0,0.0,0.0,0.0,0.0,0.0,0.0,0.0,0.0,0.0064836827317916595,0.7910092932785824,8.811324832504864,15.826669548303439,4.363518478495786,0.20099416468554143,4.282249915796564,2.8889561358597478,nan,nan,nan,4.405387205387205,2.87634692820925,4.156439649359407,2.895541018389553,0.9434901986087924,0.3965,0.01053,0.0,0.0,0.0,0.0,0.0,0.0,0.0,0.0,0.0,0.0,0.03890209639074995,19.036092500540278,10.925005403068946,0.0,0.0,0.0,0.0,0.0,0.0,0.0,0.0,0.0,0.0,0.0,0.0,0.0,0.0,0.0,0.0,0.0,nan,nan,4.282249915796564,2.8889561358597478,nan,0.3965,0.04825,0.0,0.0,0.0,0.0,0.0,0.0,0.0,0.0,0.0,0.0,0.0,0.0,0.0,0.0,0.0,0.0,0.0,0.0,0.0,0.0,0.0,0.0001080613788631943,0.0,0.0004322455154527772,0.0,0.0016641452344931921,0.00038902096390749946,0.0004322455154527772,0.013226712772854981,0.0024962178517397883,0.011130322022909013,0.012070456019018802,0.03266695483034363,0.05379295439809812,0.007142857142857143,0.048606008212664795,0.0710179381888913,0.07500540306894316,0.09931921331316187,0.07138534687702615,0.05741301059001513,0.07509185217203372,0.10230170736978604,0.0845364166846769,0.04077155824508321,0.03193213745407392,0.03110006483682732,0.0261940782364383,0.01918089474821699,0.012286578776745192,0.00397665874216555,0.002917657229306246,0.004949211151934299,1.0806137886319429e-05,0.0020207477847417332,0.004257618327209855,0.00014047979252215258,0.0,0.0,0.0,3.241841365895829e-05,0.0,0.0,0.0,0.0,0.0,0.0,0.0,0.0,0.0,0.0,0.0,0.0,0.0,0.0,0.0,0.0,0.0,0.0,0.0,0.0,0.0,0.0,0.0,0.0,0.0,0.0,0.0,0.0,0.0,0.0,0.0,0.0,0.0,0.0,0.0,0.0,0.0,0.0,0.0,0.0,nan,nan,4.282249915796564,2.8889561358597478,nan,0.9104589605840393,0.022536699590871158,0.0,0.0,0.0,0.0,0.0,0.0,0.0,0.0,0.0,0.0,0.0,0.0,0.0,0.0,0.0,0.0,0.0,0.0,0.0,0.0,0.0,0.0,0.0,0.0,0.012557555462536629,0.6906655504395146,8.79028882377564,15.872750104646299,4.457932189200503,0.17580577647551282,0.909899561531955,0.022721874452486523,0.0,0.0,0.0,0.0,0.0,0.0,0.0,0.0,0.0,0.0,0.0,0.0,0.0,0.0,0.0,0.0,0.0,0.0,0.0,0.0,0.0,0.0,0.0,0.0,0.0,0.898123324396783,8.833780160857911,15.777479892761397,4.262734584450403,0.2278820375335121,0.3965,0.01041,0.0,0.0,0.0,0.0,0.0,0.0,0.0,0.0,0.0,0.0,0.050230221850146514,19.225617413143546,10.724152365006281,0.0,0.0,0.0,0.0,0.0,0.0,0.0,0.0,0.0,0.0,0.0,0.0,0.0,0.0,0.0,0.0,0.0,0.3967,0.01067,0.0,0.0,0.0,0.0,0.0,0.0,0.0,0.0,0.0,0.0,0.02680965147453084,18.833780160857884,11.139410187667563,0.0,0.0,0.0,0.0,0.0,0.0,0.0,0.0,0.0,0.0,0.0,0.0,0.0,0.0,0.0,0.0,0.0
31700,4603,2339,0.5081468607429936,1099,965,0.4484032152943732,1344,0.5839669780577884,0.38999999999999996,2.933303886925795,3.033159562049802,6.38368580060423,2.146642079033702,8367.95602867695,506.63273481930196,7853.0,8866.4,8866.4,0.0,7853.0,0.0,27.983271779274386,20.928063955951227,32.893336776859506,19.190681844349463,0.13925700630023896,0.0971105800564849,0.09537258309797958,0.08494460134694765,0.08190310666956332,0.0764718661742342,0.0701716271996524,0.0651748859439496,0.06104714316749946,0.04844666521833587,0.04214642624375407,0.04214642624375407,0.03171844449272214,0.02606995437757984,0.017814468824679557,0.012600477949163589,0.007603736693460786,0.9098437862657294,0.02230870396245781,0.0,0.0,0.0,0.0,0.0,0.0,0.0,0.0,0.0,0.0,0.0,0.0,0.0,0.0,0.0,0.0,0.0,0.0,0.0,0.0,0.0,0.0,0.0,0.00651748859439494,0.006517488594394961,0.7820986313273953,9.26135129263524,15.785357375624596,3.9691505539865313,0.1890071692374539,4.194099899430104,2.806451558712757,nan,nan,nan,4.21514745308311,2.807966652381209,4.173038229376258,2.8047765305274863,0.9900100235696258,0.3965,0.01021,0.0,0.0,0.0,0.0,0.0,0.0,0.0,0.0,0.0,0.0,0.013034977188789923,18.92026938952854,11.066695633282645,0.0,0.0,0.0,0.0,0.0,0.0,0.0,0.0,0.0,0.0,0.0,0.0,0.0,0.0,0.0,0.0,0.0,nan,nan,4.194099899430104,2.806451558712757,nan,0.3965,0.04813,0.0,0.0,0.0,0.0,0.0,0.0,0.0,0.0,0.0,0.0,0.0,0.0,0.0,0.0,0.0,0.0,0.0,0.0,0.0,0.0,3.25874429719748e-05,0.0001303497718878992,0.0,0.0004779491635889637,0.0,0.0016076471866174234,0.00022811210080382358,0.0006300238974581794,0.012893764935911363,0.003095807082337606,0.010873343471648925,0.011177492939387357,0.03291331740169455,0.054583966978057785,0.007907886161199218,0.04618726917227895,0.07364762111666305,0.07502715620247664,0.09928307625461655,0.07269172278948512,0.05660438844232023,0.07339778405387791,0.10166195959157072,0.0825874429719748,0.04058222898109928,0.033988703019769716,0.03156636975885292,0.027894851184010427,0.018151205735389964,0.012915489897892679,0.004029980447534217,0.0023028459700195525,0.005224853356506626,1.0862480990658266e-05,0.0018140343254399304,0.0037801433847490765,9.77623289159244e-05,0.0,0.0,0.0,0.0,0.0,0.0,0.0,0.0,0.0,0.0,0.0,0.0,0.0,0.0,0.0,0.0,0.0,0.0,0.0,0.0,0.0,0.0,0.0,0.0,0.0,0.0,0.0,0.0,0.0,0.0,0.0,0.0,0.0,0.0,0.0,0.0,0.0,0.0,0.0,0.0,0.0,0.0,0.0,0.0,nan,nan,4.194099899430104,2.806451558712757,nan,0.9096167415520634,0.022442425757896057,0.0,0.0,0.0,0.0,0.0,0.0,0.0,0.0,0.0,0.0,0.0,0.0,0.0,0.0,0.0,0.0,0.0,0.0,0.0,0.0,0.0,0.0,0.0,0.012825994014536088,0.01282599401453613,0.7439076528430956,9.491235570756736,15.67336468576315,3.8991021804189834,0.16673792218896968,0.9100783523369593,0.02216726309119825,0.0,0.0,0.0,0.0,0.0,0.0,0.0,0.0,0.0,0.0,0.0,0.0,0.0,0.0,0.0,0.0,0.0,0.0,0.0,0.0,0.0,0.0,0.0,0.0,0.0,0.8215547703180214,9.023851590106009,15.901060070671381,4.0415194346289764,0.21201413427561844,0.3965,0.01018,0.0,0.0,0.0,0.0,0.0,0.0,0.0,0.0,0.0,0.0,0.01282599401453613,18.91834117144076,11.068832834544681,0.0,0.0,0.0,0.0,0.0,0.0,0.0,0.0,0.0,0.0,0.0,0.0,0.0,0.0,0.0,0.0,0.0,0.3965,0.01024,0.0,0.0,0.0,0.0,0.0,0.0,0.0,0.0,0.0,0.0,0.013250883392226152,18.922261484098915,11.064487632508838,0.0,0.0,0.0,0.0,0.0,0.0,0.0,0.0,0.0,0.0,0.0,0.0,0.0,0.0,0.0,0.0,0.0
31800,4429,2317,0.5231429216527432,1082,900,0.4475050801535335,1223,0.5522691352449763,0.41,2.944602272727273,3.054780659833338,6.407345575959933,2.1428951128985374,8383.15303680289,506.1569371891707,7853.0,8866.4,8866.399999999998,1.8189894035458565e-12,7853.0,0.0,28.417701512756828,21.136907378121013,33.318875502008034,19.38796614912182,0.13818017611198916,0.09686159403928651,0.09753894784375705,0.08579814856626779,0.07225107247685708,0.07428313389026868,0.06750959584556333,0.06412282682321066,0.06276811921426959,0.05080153533529013,0.04628584330548657,0.03928652065929104,0.037706028448859785,0.030029351998193725,0.019869044931135695,0.008805599458116957,0.007902461052156242,0.9102468800937706,0.02319101524521584,0.0,0.0,0.0,0.0,0.0,0.0,0.0,0.0,0.0,0.0,0.0,0.0,0.0,0.0,0.0,0.0,0.0,0.0,0.0,0.0,0.0,0.0,0.0,0.0,0.020320614134116056,0.8805599458116958,8.724317001580493,15.633325807179954,4.497629261684354,0.24384736960939268,4.231304347826087,2.8629679102634884,nan,nan,nan,4.253618194348725,2.9037712241458657,4.210119465917076,2.820985294557343,0.9897737111221123,0.3962,0.01006,0.0,0.0,0.0,0.0,0.0,0.0,0.0,0.0,0.0,0.0,0.04741476631293747,19.263942199141994,10.68186949650034,0.006773538044705353,0.0,0.0,0.0,0.0,0.0,0.0,0.0,0.0,0.0,0.0,0.0,0.0,0.0,0.0,0.0,0.0,nan,nan,4.231304347826087,2.8629679102634884,nan,0.3962,0.0483,0.0,0.0,0.0,0.0,0.0,0.0,0.0,0.0,0.0,0.0,0.0,0.0,0.0,0.0,0.0,0.0,0.0,0.0,0.0,0.0,4.5156920298035674e-05,1.1289230074508918e-05,0.0,0.0005193045834274103,2.2578460149017837e-05,0.0021901106344547304,0.0002935199819372319,0.00041770151275683,0.013016482275908783,0.0033980582524271844,0.012327839241363738,0.01127794084443441,0.033743508692707154,0.052517498306615486,0.007687965680740574,0.04488597877624746,0.07344773086475502,0.07608941070219011,0.1000112892300745,0.07422668773989614,0.05869270715737187,0.07143824791149243,0.10408670128697223,0.0783585459471664,0.03903815759765184,0.03342741025062091,0.03214043802212689,0.026484533754797923,0.01816437118988485,0.013535786859336194,0.004402799729058478,0.0035448182433958004,0.0054978550462858435,1.1289230074508918e-05,0.0013208399187175435,0.0034883720930232558,0.00023707383156468728,0.0,0.0,0.0,0.0,0.0,0.0,0.0,0.0,0.0,0.0,0.0,0.0,0.0,0.0,0.0,0.0,0.0,0.0,0.0,0.0,0.0,0.0,0.0,0.0,0.0,0.0,0.0,0.0,0.0,0.0,0.0,0.0,0.0,0.0,0.0,0.0,0.0,0.0,0.0,0.0,0.0,0.0,0.0,0.0,nan,nan,4.231304347826087,2.8629679102634884,nan,0.9094759251570259,0.02305657014415282,0.0,0.0,0.0,0.0,0.0,0.0,0.0,0.0,0.0,0.0,0.0,0.0,0.0,0.0,0.0,0.0,0.0,0.0,0.0,0.0,0.0,0.0,0.0,0.0,0.03884333189469142,0.984031074665516,8.726801899007338,15.783340526542947,4.2857142857142865,0.18126888217522663,0.9110926673042051,0.02330830437411099,0.0,0.0,0.0,0.0,0.0,0.0,0.0,0.0,0.0,0.0,0.0,0.0,0.0,0.0,0.0,0.0,0.0,0.0,0.0,0.0,0.0,0.0,0.0,0.0,0.0,0.7670454545454548,8.72159090909091,15.468750000000004,4.730113636363638,0.31250000000000006,0.3962,0.010216,0.0,0.0,0.0,0.0,0.0,0.0,0.0,0.0,0.0,0.0,0.012947777298230474,19.072075960293454,10.902028485110058,0.012947777298230474,0.0,0.0,0.0,0.0,0.0,0.0,0.0,0.0,0.0,0.0,0.0,0.0,0.0,0.0,0.0,0.0,0.396,0.00989,0.0,0.0,0.0,0.0,0.0,0.0,0.0,0.0,0.0,0.0,0.08522727272727273,19.47443181818179,10.44034090909091,0.0,0.0,0.0,0.0,0.0,0.0,0.0,0.0,0.0,0.0,0.0,0.0,0.0,0.0,0.0,0.0,0.0
31900,4487,2331,0.5195007800312013,1118,885,0.446400713171384,1247,0.5558279474036104,0.418,3.037105751391466,3.164112857690239,6.606741573033708,2.196104710506227,8379.462090483621,506.3144771579389,7853.0,8866.4,8866.4,0.0,7853.0,0.0,28.437931802986405,21.014701169818498,33.28514903719335,19.252153417431877,0.13661689324715845,0.09226654780476934,0.10430131490973925,0.08134611098729663,0.07577445954981056,0.07020280811232449,0.06997994205482505,0.06752841542233118,0.05816804100735458,0.057945174949855134,0.04969913082237575,0.03766436371740584,0.03320704256741698,0.028081123244929798,0.016937820369957654,0.0124804992199688,0.0078003120124804995,0.910811506854364,0.022695821376608603,0.0,0.0,0.0,0.0,0.0,0.0,0.0,0.0,0.0,0.0,0.0,0.0,0.0,0.0,0.0,0.0,0.0,0.0,0.0,0.0,0.0,0.0,0.0,0.0,0.020057945174949857,0.6819701359482951,8.865611767327838,15.725429017160689,4.466235792288836,0.2406953420993983,4.331043956043956,2.9278687459775687,nan,nan,nan,4.336571825121443,2.891246770297632,4.3231292517006805,2.9627521684854825,0.9969001843015972,0.3962,0.01052,0.0,0.0,0.0,0.0,0.0,0.0,0.0,0.0,0.0,0.0,0.06685981724983286,19.362603075551565,10.563851125473592,0.006685981724983287,0.0,0.0,0.0,0.0,0.0,0.0,0.0,0.0,0.0,0.0,0.0,0.0,0.0,0.0,0.0,0.0,nan,nan,4.331043956043956,2.9278687459775687,nan,0.3962,0.0488,0.0,0.0,0.0,0.0,0.0,0.0,0.0,0.0,0.0,0.0,0.0,0.0,0.0,0.0,0.0,0.0,0.0,0.0,0.0,0.0,8.914642299977714e-05,0.0,0.0,0.00041230220637396926,7.800312012480499e-05,0.0025072431468687317,0.00046801872074883,0.0003008691776242478,0.01337196344996657,0.004301314909739247,0.012279919768219301,0.011299309115221751,0.033663917985290844,0.05267439268999331,0.007922888344105193,0.04604412747938489,0.07285491419656787,0.07604189881880989,0.10206151103186985,0.06970135948295075,0.055482505014486296,0.0705593938043236,0.10476933363048807,0.08105638511254736,0.04057276576777357,0.0327613104524181,0.03110095832404725,0.02535101404056162,0.017049253398707376,0.015255181635836862,0.004446177847113884,0.003978159126365055,0.006485402273233787,0.00014486293737463784,0.0006797414753733006,0.004156451972364609,4.457321149988857e-05,0.0,3.3429908624916424e-05,0.0,0.0,0.0,0.0,0.0,0.0,0.0,0.0,0.0,0.0,0.0,0.0,0.0,0.0,0.0,0.0,0.0,0.0,0.0,0.0,0.0,0.0,0.0,0.0,0.0,0.0,0.0,0.0,0.0,0.0,0.0,0.0,0.0,0.0,0.0,0.0,0.0,0.0,0.0,0.0,0.0,0.0,nan,nan,4.331043956043956,2.9278687459775687,nan,0.9108303923148651,0.022368835434408825,0.0,0.0,0.0,0.0,0.0,0.0,0.0,0.0,0.0,0.0,0.0,0.0,0.0,0.0,0.0,0.0,0.0,0.0,0.0,0.0,0.0,0.0,0.0,0.0,0.012870012870012873,0.6692406692406694,8.519948519948521,16.26769626769627,4.2599742599742605,0.27027027027027034,0.910791088483108,0.023044111585605907,0.0,0.0,0.0,0.0,0.0,0.0,0.0,0.0,0.0,0.0,0.0,0.0,0.0,0.0,0.0,0.0,0.0,0.0,0.0,0.0,0.0,0.0,0.0,0.0,0.027829313543599264,0.6957328385899816,9.239332096474955,15.139146567717999,4.689239332096475,0.2087198515769945,0.3962,0.01068,0.0,0.0,0.0,0.0,0.0,0.0,0.0,0.0,0.0,0.0,0.09009009009009011,19.31788931788929,10.579150579150582,0.012870012870012873,0.0,0.0,0.0,0.0,0.0,0.0,0.0,0.0,0.0,0.0,0.0,0.0,0.0,0.0,0.0,0.0,0.396,0.010345,0.0,0.0,0.0,0.0,0.0,0.0,0.0,0.0,0.0,0.0,0.04174397031539889,19.410946196660454,10.547309833024121,0.0,0.0,0.0,0.0,0.0,0.0,0.0,0.0,0.0,0.0,0.0,0.0,0.0,0.0,0.0,0.0,0.0
32000,4940,2534,0.5129554655870445,1207,1030,0.452834008097166,1419,0.5744939271255061,0.38999999999999996,2.99334995843724,3.1020260989006196,6.56160458452722,2.2231688974970987,8372.82906882591,506.5298782419101,7853.0,8866.4,8866.399999999998,1.8189894035458565e-12,7853.0,0.0,27.825303643724695,20.786373597550636,32.7527114967462,19.031479813938013,0.13765182186234817,0.1020242914979757,0.09210526315789473,0.08643724696356275,0.08279352226720647,0.07246963562753037,0.07894736842105263,0.06356275303643724,0.057692307692307696,0.046761133603238865,0.045748987854251015,0.03906882591093117,0.034817813765182185,0.024696356275303644,0.01720647773279352,0.009919028340080972,0.008097165991902834,0.9118644616261184,0.022797181777643054,0.0,0.0,0.0,0.0,0.0,0.0,0.0,0.0,0.0,0.0,0.0,0.0,0.0,0.0,0.0,0.0,0.0,0.0,0.0,0.0,0.0,0.0,0.0,0.0,0.006072874493927127,0.7348178137651824,8.301619433198383,15.831983805668019,4.8643724696356285,0.2611336032388664,4.2189552705661555,2.889624819147699,nan,nan,nan,4.195799876466955,2.9436683067493488,4.242712294043092,2.8329092195119627,1.011180804365636,0.3962,0.01038,0.0,0.0,0.0,0.0,0.0,0.0,0.0,0.0,0.0,0.0,0.04858299595141702,19.372469635627503,10.566801619433202,0.012145748987854255,0.0,0.0,0.0,0.0,0.0,0.0,0.0,0.0,0.0,0.0,0.0,0.0,0.0,0.0,0.0,0.0,nan,nan,4.2189552705661555,2.889624819147699,nan,0.3962,0.0491,0.0,0.0,0.0,0.0,0.0,0.0,0.0,0.0,0.0,0.0,0.0,0.0,0.0,0.0,0.0,0.0,0.0,0.0,0.0,0.0,0.00015182186234817814,0.0,0.0,0.00039473684210526315,0.0002125506072874494,0.0022368421052631577,0.000576923076923077,0.00048582995951417006,0.01354251012145749,0.004352226720647773,0.012813765182186234,0.010101214574898786,0.03288461538461539,0.05430161943319838,0.008491902834008098,0.04433198380566802,0.07554655870445344,0.07325910931174089,0.10408906882591093,0.06618421052631579,0.05602226720647773,0.06715587044534413,0.10706477732793522,0.07909919028340082,0.04318825910931174,0.03196356275303644,0.03279352226720648,0.025526315789473685,0.01675101214574899,0.015131578947368421,0.005829959514170041,0.0036842105263157894,0.00708502024291498,0.00020242914979757084,0.00046558704453441294,0.0038866396761133605,1.0121457489878542e-05,0.0,0.00018218623481781377,0.0,0.0,0.0,0.0,0.0,0.0,0.0,0.0,0.0,0.0,0.0,0.0,0.0,0.0,0.0,0.0,0.0,0.0,0.0,0.0,0.0,0.0,0.0,0.0,0.0,0.0,0.0,0.0,0.0,0.0,0.0,0.0,0.0,0.0,0.0,0.0,0.0,0.0,0.0,0.0,0.0,0.0,nan,nan,4.2189552705661555,2.889624819147699,nan,0.9120091742056039,0.022293108155730452,0.0,0.0,0.0,0.0,0.0,0.0,0.0,0.0,0.0,0.0,0.0,0.0,0.0,0.0,0.0,0.0,0.0,0.0,0.0,0.0,0.0,0.0,0.0,0.0,0.011838989739542229,0.6156274664561959,8.239936858721391,16.065509076558804,4.830307813733229,0.23677979479084457,0.9117120502892873,0.023315321546082495,0.0,0.0,0.0,0.0,0.0,0.0,0.0,0.0,0.0,0.0,0.0,0.0,0.0,0.0,0.0,0.0,0.0,0.0,0.0,0.0,0.0,0.0,0.0,0.0,0.0,0.860349127182045,8.366583541147135,15.586034912718208,4.900249376558604,0.28678304239401503,0.396,0.010445,0.0,0.0,0.0,0.0,0.0,0.0,0.0,0.0,0.0,0.0,0.047355958958168916,19.593528018942354,10.335438042620366,0.023677979479084458,0.0,0.0,0.0,0.0,0.0,0.0,0.0,0.0,0.0,0.0,0.0,0.0,0.0,0.0,0.0,0.0,0.3965,0.010315,0.0,0.0,0.0,0.0,0.0,0.0,0.0,0.0,0.0,0.0,0.049875311720698264,19.139650872817928,10.81047381546135,0.0,0.0,0.0,0.0,0.0,0.0,0.0,0.0,0.0,0.0,0.0,0.0,0.0,0.0,0.0,0.0,0.0
32100,4705,2449,0.520510095642933,1153,965,0.4501594048884166,1351,0.5742826780021254,0.40199999999999997,3.0336879432624113,3.0936505350664687,6.532724505327245,2.180425727192825,8380.48493092455,506.2735195983112,7853.0,8866.4,8866.399999999998,1.8189894035458565e-12,7853.0,0.0,28.463761955366632,20.971556423734427,33.29806484041217,19.184115375990217,0.13666312433581296,0.09373007438894793,0.08650371944739639,0.09075451647183846,0.08289054197662062,0.077577045696068,0.06503719447396387,0.06843783209351753,0.0561105207226355,0.054622741764080766,0.05079702444208289,0.03910733262486716,0.03400637619553666,0.0257173219978746,0.017853347502656748,0.013177470775770457,0.007013815090329437,0.9114490707039706,0.022845033766737768,0.0,0.0,0.0,0.0,0.0,0.0,0.0,0.0,0.0,0.0,0.0,0.0,0.0,0.0,0.0,0.0,0.0,0.0,0.0,0.0,0.0,0.0,0.0,0.0,0.0,0.8161530286928801,8.429330499468652,15.679064824654626,4.839532412327312,0.23591923485653565,4.291977914907437,2.8713065635315256,nan,nan,nan,4.2094682230869,2.8675180955832453,4.375651041666667,2.8734426657283563,1.039478340201818,0.3962,0.01049,0.0,0.0,0.0,0.0,0.0,0.0,0.0,0.0,0.0,0.0,0.006376195536663126,19.3262486716259,10.660998937300747,0.006376195536663126,0.0,0.0,0.0,0.0,0.0,0.0,0.0,0.0,0.0,0.0,0.0,0.0,0.0,0.0,0.0,0.0,nan,nan,4.291977914907437,2.8713065635315256,nan,0.3962,0.0498,0.0,0.0,0.0,0.0,0.0,0.0,0.0,0.0,0.0,0.0,0.0,0.0,0.0,0.0,0.0,0.0,0.0,0.0,0.0,0.0,3.188097768331562e-05,0.0,0.0,0.00035069075451647184,8.501594048884166e-05,0.002401700318809777,0.0008607863974495217,0.0009139213602550478,0.01350690754516472,0.004282678002125399,0.014229543039319873,0.00944739638682253,0.0334750265674814,0.05412327311370882,0.008799149840595112,0.046195536663124336,0.07524973432518597,0.07311370882040383,0.10267800212539852,0.06544102019128586,0.05725823591923486,0.06536663124335813,0.10515409139213602,0.07883103081827843,0.042380446333687566,0.03129649309245484,0.033687566418703505,0.023783209351753452,0.01818278427205101,0.015015940488841658,0.005377258235919235,0.003676939426142402,0.008607863974495217,0.0004888416578108395,0.00039319872476089267,0.00487778958554729,1.0626992561105207e-05,0.0,0.0004250797024442083,0.0,0.0,0.0,0.0,0.0,0.0,0.0,0.0,0.0,0.0,0.0,0.0,0.0,0.0,0.0,0.0,0.0,0.0,0.0,0.0,0.0,0.0,0.0,0.0,0.0,0.0,0.0,0.0,0.0,0.0,0.0,0.0,0.0,0.0,0.0,0.0,0.0,0.0,0.0,0.0,0.0,0.0,nan,nan,4.291977914907437,2.8713065635315256,nan,0.9110893805010458,0.022753732850866383,0.0,0.0,0.0,0.0,0.0,0.0,0.0,0.0,0.0,0.0,0.0,0.0,0.0,0.0,0.0,0.0,0.0,0.0,0.0,0.0,0.0,0.0,0.0,0.0,0.0,0.7839934667211108,8.734177215189876,15.410371580236834,4.912209064924459,0.15924867292772565,0.911839532276206,0.022937350164818827,0.0,0.0,0.0,0.0,0.0,0.0,0.0,0.0,0.0,0.0,0.0,0.0,0.0,0.0,0.0,0.0,0.0,0.0,0.0,0.0,0.0,0.0,0.0,0.0,0.0,0.8510638297872343,8.098404255319151,15.970744680851068,4.760638297872341,0.31914893617021284,0.3965,0.0104,0.0,0.0,0.0,0.0,0.0,0.0,0.0,0.0,0.0,0.0,0.012249897917517356,19.465087790935048,10.510412413229894,0.012249897917517356,0.0,0.0,0.0,0.0,0.0,0.0,0.0,0.0,0.0,0.0,0.0,0.0,0.0,0.0,0.0,0.0,0.3962,0.0106,0.0,0.0,0.0,0.0,0.0,0.0,0.0,0.0,0.0,0.0,0.0,19.17553191489359,10.824468085106385,0.0,0.0,0.0,0.0,0.0,0.0,0.0,0.0,0.0,0.0,0.0,0.0,0.0,0.0,0.0,0.0,0.0
32200,4586,2369,0.5165721761883995,1102,918,0.4404709986916703,1270,0.5538595726122983,0.43,3.0216508795669825,3.1587783017880495,6.678456591639871,2.1798888280777287,8376.494243349323,506.4216063620544,7853.0,8866.4,8866.399999999998,1.8189894035458565e-12,7853.0,0.0,27.89751417357174,21.036092546716272,32.97678058961649,19.2802727053892,0.14413432184910596,0.0992150021805495,0.09703445268207589,0.08242477104230266,0.0793720017444396,0.07740950719581334,0.06389010030527693,0.06279982555604012,0.06301788050588748,0.04862625381596162,0.04470126471870912,0.03859572612298299,0.033580462276493674,0.02703881378107283,0.02006105538595726,0.010248582642825993,0.007849978194505015,0.9113349000335623,0.0232914380825924,0.0,0.0,0.0,0.0,0.0,0.0,0.0,0.0,0.0,0.0,0.0,0.0,0.0,0.0,0.0,0.0,0.0,0.0,0.0,0.0,0.0,0.0,0.0,0.0,0.006541648495420847,0.856955952900131,8.425643262102051,15.588748364587879,4.821194941125165,0.30091583078935896,4.282697547683924,2.893745076997616,nan,nan,nan,4.206703910614525,2.8597104546436367,4.355053191489362,2.9239475279332283,1.0352649684948152,0.3967,0.010506,0.0,0.0,0.0,0.0,0.0,0.0,0.0,0.0,0.0,0.0,0.02616659398168339,18.66986480593107,11.303968600087225,0.0,0.0,0.0,0.0,0.0,0.0,0.0,0.0,0.0,0.0,0.0,0.0,0.0,0.0,0.0,0.0,0.0,nan,nan,4.282697547683924,2.893745076997616,nan,0.3967,0.04974,0.0,0.0,0.0,0.0,0.0,0.0,0.0,0.0,0.0,0.0,0.0,0.0,0.0,0.0,0.0,0.0,0.0,0.0,0.0,0.0,0.00016354121238552116,0.0,1.0902747492368077e-05,3.270824247710423e-05,9.81247274313127e-05,0.0027583951155691236,0.0011774967291757522,0.0007740950719581335,0.0141735717400785,0.004197557784561709,0.013061491495856956,0.009616223288268643,0.033002616659398167,0.05143916266899259,0.010532054077627561,0.04750327082424771,0.07219799389446141,0.06917793283907545,0.10333624073266463,0.06587440034888792,0.059943305713039685,0.06789140863497602,0.10752289576973398,0.07930658525948539,0.04310946358482338,0.02980811164413432,0.0314217182730048,0.023713475795900565,0.018491059747056258,0.01569995638901003,0.0051569995638901,0.003412559965111208,0.008940252943741823,0.00056694286960314,0.0004797208896641954,0.004971652856519843,0.0,0.0,0.0004361098996947231,0.0,0.0,0.0,0.0,0.0,0.0,0.0,0.0,0.0,0.0,0.0,0.0,0.0,0.0,0.0,0.0,0.0,0.0,0.0,0.0,0.0,0.0,0.0,0.0,0.0,0.0,0.0,0.0,0.0,0.0,0.0,0.0,0.0,0.0,0.0,0.0,0.0,0.0,0.0,0.0,0.0,0.0,nan,nan,4.282697547683924,2.893745076997616,nan,0.9111275740342082,0.023091162377868235,0.0,0.0,0.0,0.0,0.0,0.0,0.0,0.0,0.0,0.0,0.0,0.0,0.0,0.0,0.0,0.0,0.0,0.0,0.0,0.0,0.0,0.0,0.0,0.0,0.0,0.8611228366399326,8.509919797382864,15.652173913043482,4.634867032503166,0.34191642043056153,0.9115564405353531,0.02350153760920539,0.0,0.0,0.0,0.0,0.0,0.0,0.0,0.0,0.0,0.0,0.0,0.0,0.0,0.0,0.0,0.0,0.0,0.0,0.0,0.0,0.0,0.0,0.0,0.0,0.013531799729364009,0.8525033829499326,8.335588633288229,15.520974289580517,5.020297699594047,0.25710419485791614,0.3967,0.01042,0.0,0.0,0.0,0.0,0.0,0.0,0.0,0.0,0.0,0.0,0.025327142254115666,18.438159560996173,11.536513296749687,0.0,0.0,0.0,0.0,0.0,0.0,0.0,0.0,0.0,0.0,0.0,0.0,0.0,0.0,0.0,0.0,0.0,0.3965,0.01058,0.0,0.0,0.0,0.0,0.0,0.0,0.0,0.0,0.0,0.0,0.027063599458728018,18.917456021650853,11.055480378890394,0.0,0.0,0.0,0.0,0.0,0.0,0.0,0.0,0.0,0.0,0.0,0.0,0.0,0.0,0.0,0.0,0.0
32300,4895,2513,0.5133810010214505,1220,1021,0.4578140960163432,1410,0.5760980592441267,0.39399999999999996,2.9462636439966414,3.012088835787086,6.416309012875536,2.0368051496929604,8373.260306435139,506.51851702517746,7853.0,8866.4,8866.399999999998,1.8189894035458565e-12,7853.0,0.0,28.316241062308478,20.651159035927744,32.895228961879646,18.925938096574583,0.13074565883554648,0.0972420837589377,0.09417773237997958,0.08008171603677222,0.08702757916241062,0.0794688457609806,0.06843718079673136,0.06394279877425944,0.060674157303370786,0.05597548518896833,0.04862104187946885,0.042492339121552605,0.03289070480081716,0.023289070480081716,0.018386108273748723,0.009805924412665985,0.006741573033707865,0.9115066349810794,0.02272192639408623,0.0,0.0,0.0,0.0,0.0,0.0,0.0,0.0,0.0,0.0,0.0,0.0,0.0,0.0,0.0,0.0,0.0,0.0,0.0,0.0,0.0,0.0,0.0,0.0,0.012257405515832485,0.7048008171603679,8.414708886619,15.793667007150157,4.86006128702758,0.2145045965270685,4.171073094867807,2.8432293753434266,nan,nan,nan,4.199131513647643,2.8375231641820857,4.142322097378277,2.8494858552157707,0.9864711509785467,0.3965,0.010666,0.0,0.0,0.0,0.0,0.0,0.0,0.0,0.0,0.0,0.0,0.06128702757916242,18.980592441266573,10.951991828396325,0.0061287027579162425,0.0,0.0,0.0,0.0,0.0,0.0,0.0,0.0,0.0,0.0,0.0,0.0,0.0,0.0,0.0,0.0,nan,nan,4.171073094867807,2.8432293753434266,nan,0.3965,0.04987,0.0,0.0,0.0,0.0,0.0,0.0,0.0,0.0,0.0,0.0,0.0,0.0,0.0,0.0,0.0,0.0,0.0,0.0,0.0,0.0,0.00021450459652706843,0.0,0.0,4.0858018386108277e-05,9.193054136874361e-05,0.0027477017364657816,0.0011235955056179776,0.0006537282941777324,0.014453524004085802,0.003850868232890705,0.013125638406537283,0.011848825331971399,0.03275791624106231,0.05172625127681307,0.012114402451481102,0.04683350357507661,0.07156281920326864,0.0695505617977528,0.10063329928498468,0.06419816138917263,0.05900919305413688,0.07059244126659857,0.10873340143003064,0.08113381001021451,0.0432073544433095,0.028764044943820226,0.031481103166496424,0.022175689479060266,0.017926455566905006,0.014392236976506639,0.005240040858018386,0.0034014300306435138,0.009765066394279877,0.0006435137895812053,0.0005005107252298264,0.004954034729315628,0.0,0.0,0.0005515832482124617,0.0,0.0,0.0,0.0,0.0,0.0,0.0,0.0,0.0,0.0,0.0,0.0,0.0,0.0,0.0,0.0,0.0,0.0,0.0,0.0,0.0,0.0,0.0,0.0,0.0,0.0,0.0,0.0,0.0,0.0,0.0,0.0,0.0,0.0,0.0,0.0,0.0,0.0,0.0,0.0,0.0,0.0,nan,nan,4.171073094867807,2.8432293753434266,nan,0.9117733809846452,0.02314885024090517,0.0,0.0,0.0,0.0,0.0,0.0,0.0,0.0,0.0,0.0,0.0,0.0,0.0,0.0,0.0,0.0,0.0,0.0,0.0,0.0,0.0,0.0,0.0,0.0,0.023875845602865108,0.6923995224830881,8.51173895742141,15.531237564663751,4.95423796259451,0.2865101472343813,0.9112252190671579,0.022259185706232407,0.0,0.0,0.0,0.0,0.0,0.0,0.0,0.0,0.0,0.0,0.0,0.0,0.0,0.0,0.0,0.0,0.0,0.0,0.0,0.0,0.0,0.0,0.0,0.0,0.0,0.7178841309823679,8.312342569269523,16.07052896725441,4.760705289672545,0.13853904282115873,0.3965,0.010544,0.0,0.0,0.0,0.0,0.0,0.0,0.0,0.0,0.0,0.0,0.047751691205730216,18.909669717469136,11.042578591325112,0.0,0.0,0.0,0.0,0.0,0.0,0.0,0.0,0.0,0.0,0.0,0.0,0.0,0.0,0.0,0.0,0.0,0.3962,0.01078,0.0,0.0,0.0,0.0,0.0,0.0,0.0,0.0,0.0,0.0,0.07556675062972293,19.055415617128435,10.85642317380353,0.012594458438287156,0.0,0.0,0.0,0.0,0.0,0.0,0.0,0.0,0.0,0.0,0.0,0.0,0.0,0.0,0.0,0.0
32400,4763,2474,0.5194205332773462,1158,942,0.4408985933235356,1317,0.5530128070543775,0.40199999999999997,2.965487112276103,3.0804186794427144,6.493975903614458,2.112062282168003,8379.380768423263,506.3176447194683,7853.0,8866.4,8866.4,0.0,7853.0,0.0,28.280285534327106,21.063498466016917,33.202095808383234,19.333971931744586,0.13436909510812514,0.10539575897543565,0.09321855973126181,0.08545034642032333,0.07558261599832039,0.07390300230946882,0.06739449926516901,0.06508503044299811,0.06025614108754986,0.054167541465462946,0.04178039051018266,0.04262019735460844,0.03548183917698929,0.029393239554902372,0.018055847155154313,0.010917488977535167,0.006928406466512702,0.9108783710210633,0.022497435140622763,0.0,0.0,0.0,0.0,0.0,0.0,0.0,0.0,0.0,0.0,0.0,0.0,0.0,0.0,0.0,0.0,0.0,0.0,0.0,0.0,0.0,0.0,0.0,0.0,0.0188956539995801,0.6928406466512704,8.597522569808946,16.08650010497586,4.37749317656939,0.2267478479949612,4.299056296778392,2.9071859790377226,nan,nan,nan,4.332673267326733,2.9250632751912944,4.269107257546564,2.8882242767417545,0.9853286860425112,0.3962,0.01074,0.0,0.0,0.0,0.0,0.0,0.0,0.0,0.0,0.0,0.0,0.0377913079991602,19.223178668906122,10.726432920428305,0.012597102666386735,0.0,0.0,0.0,0.0,0.0,0.0,0.0,0.0,0.0,0.0,0.0,0.0,0.0,0.0,0.0,0.0,nan,nan,4.299056296778392,2.9071859790377226,nan,0.3962,0.05017,0.0,0.0,0.0,0.0,0.0,0.0,0.0,0.0,0.0,0.0,0.0,0.0,0.0,0.0,0.0,0.0,0.0,0.0,0.0,1.0497585555322276e-05,0.00018895653999580098,0.0,2.0995171110644552e-05,0.0,0.0,0.003359227377703128,0.0009237875288683603,0.0009237875288683603,0.013426411925257191,0.0037896283854713417,0.015148015956330044,0.012481629225278186,0.032206592483728744,0.053705647701028765,0.0127230736930506,0.047165651900062985,0.07206592483728742,0.06784589544404787,0.0977430191056057,0.0634788998530338,0.05774721813982784,0.07033382322065924,0.10681293302540416,0.0828889355448247,0.04583245853453705,0.02927776611379383,0.0304429981104346,0.022065924837287424,0.01720554272517321,0.012565609909720764,0.0069808943942893135,0.0034956959899223178,0.010665546924207433,0.0008712996010917489,0.0004933865211001469,0.0047134159143397015,0.0,1.0497585555322276e-05,0.0003884106655469242,0.0,0.0,0.0,0.0,0.0,0.0,0.0,0.0,0.0,0.0,0.0,0.0,0.0,0.0,0.0,0.0,0.0,0.0,0.0,0.0,0.0,0.0,0.0,0.0,0.0,0.0,0.0,0.0,0.0,0.0,0.0,0.0,0.0,0.0,0.0,0.0,0.0,0.0,0.0,0.0,0.0,0.0,nan,nan,4.299056296778392,2.9071859790377226,nan,0.9108499064740386,0.022436764088273272,0.0,0.0,0.0,0.0,0.0,0.0,0.0,0.0,0.0,0.0,0.0,0.0,0.0,0.0,0.0,0.0,0.0,0.0,0.0,0.0,0.0,0.0,0.0,0.0,0.024252223120452714,0.715440582053355,8.633791430881166,16.127728375101054,4.232012934518998,0.2667744543249798,0.9109091361103333,0.022562785873037238,0.0,0.0,0.0,0.0,0.0,0.0,0.0,0.0,0.0,0.0,0.0,0.0,0.0,0.0,0.0,0.0,0.0,0.0,0.0,0.0,0.0,0.0,0.0,0.0,0.013106159895150724,0.6684141546526868,8.558322411533423,16.041939711664487,4.53473132372215,0.18348623853211013,0.3965,0.01087,0.0,0.0,0.0,0.0,0.0,0.0,0.0,0.0,0.0,0.0,0.06063055780113178,19.062247372675802,10.864995957962817,0.012126111560226357,0.0,0.0,0.0,0.0,0.0,0.0,0.0,0.0,0.0,0.0,0.0,0.0,0.0,0.0,0.0,0.0,0.396,0.010605,0.0,0.0,0.0,0.0,0.0,0.0,0.0,0.0,0.0,0.0,0.013106159895150724,19.39711664482304,10.576671035386633,0.013106159895150724,0.0,0.0,0.0,0.0,0.0,0.0,0.0,0.0,0.0,0.0,0.0,0.0,0.0,0.0,0.0,0.0
32500,4882,2503,0.5126997132322818,1174,990,0.44326095862351494,1388,0.5686194182712003,0.40199999999999997,3.0294241277847833,3.1600131630832857,6.606232294617564,2.2419299967539486,8372.569889389595,506.53652972623735,7853.0,8866.4,8866.4,0.0,7853.0,0.0,28.37914789020893,21.025117132645498,33.24144625090997,19.272656102101813,0.13662433428922574,0.09586235149528882,0.08992216304793117,0.09156083572306432,0.07947562474395739,0.07496927488734126,0.06820975010241705,0.06390823433019255,0.0608357230643179,0.05100368701351905,0.04506349856616141,0.03789430561245391,0.040352314625153624,0.024580090126997134,0.021097910692339204,0.013928717738631708,0.004711183941007784,0.9101944090107922,0.0232632155407613,0.0,0.0,0.0,0.0,0.0,0.0,0.0,0.0,0.0,0.0,0.0,0.0,0.0,0.0,0.0,0.0,0.0,0.0,0.0,0.0,0.0,0.0,0.0,0.0,0.006145022531749284,0.9156083572306434,8.977877918885705,15.350266284309711,4.510446538303975,0.23965587873822208,4.302201257861635,2.934429358087954,nan,nan,nan,4.3530895334174025,2.964934822248288,4.2515683814303635,2.9028736983048673,0.9766783680400574,0.396,0.01061,0.0,0.0,0.0,0.0,0.0,0.0,0.0,0.0,0.0,0.0,0.0737402703809914,19.516591560835696,10.39737812371979,0.012290045063498569,0.0,0.0,0.0,0.0,0.0,0.0,0.0,0.0,0.0,0.0,0.0,0.0,0.0,0.0,0.0,0.0,nan,nan,4.302201257861635,2.934429358087954,nan,0.396,0.05054,0.0,0.0,0.0,0.0,0.0,0.0,0.0,0.0,0.0,0.0,0.0,0.0,0.0,0.0,0.0,0.0,0.0,0.0,0.0,0.0,0.00019459238017206063,0.0,0.0,7.169192953707497e-05,1.0241704219582138e-05,0.0039532978287587055,0.0009217533797623924,0.000891028267103646,0.014963129864809504,0.0038816058992216305,0.016058992216304795,0.011859893486276116,0.03122695616550594,0.05471118394100778,0.012556329373207702,0.04760344121261778,0.07093404342482588,0.0674313805817288,0.09688652191724703,0.06603850880786563,0.05905366653011061,0.06876280213027448,0.10409668168783286,0.0816468660385088,0.04613887750921753,0.028512904547316673,0.03040761982793937,0.02462105694387546,0.01623310118803769,0.011747234739860713,0.007875870544858665,0.00397378123719787,0.010487505120852109,0.0007886112249078246,0.00047111839410077835,0.004578041786153216,0.0,0.0,0.00040966816878328555,0.0,0.0,0.0,0.0,0.0,0.0,0.0,0.0,0.0,0.0,0.0,0.0,0.0,0.0,0.0,0.0,0.0,0.0,0.0,0.0,0.0,0.0,0.0,0.0,0.0,0.0,0.0,0.0,0.0,0.0,0.0,0.0,0.0,0.0,0.0,0.0,0.0,0.0,0.0,0.0,0.0,0.0,nan,nan,4.302201257861635,2.934429358087954,nan,0.910417946324175,0.02342990893547171,0.0,0.0,0.0,0.0,0.0,0.0,0.0,0.0,0.0,0.0,0.0,0.0,0.0,0.0,0.0,0.0,0.0,0.0,0.0,0.0,0.0,0.0,0.0,0.0,0.011985617259288857,0.9588493807431084,8.605673192169398,15.569316819816223,4.614462644826209,0.2397123451857771,0.9099592203199989,0.023084197640654423,0.0,0.0,0.0,0.0,0.0,0.0,0.0,0.0,0.0,0.0,0.0,0.0,0.0,0.0,0.0,0.0,0.0,0.0,0.0,0.0,0.0,0.0,0.0,0.0,0.0,0.870113493064313,9.369482976040354,15.119798234552336,4.4010088272383365,0.23959646910466587,0.3958,0.010574,0.0,0.0,0.0,0.0,0.0,0.0,0.0,0.0,0.0,0.0,0.083899320815022,19.9680383539752,9.924091090691174,0.023971234518577713,0.0,0.0,0.0,0.0,0.0,0.0,0.0,0.0,0.0,0.0,0.0,0.0,0.0,0.0,0.0,0.0,0.3962,0.01065,0.0,0.0,0.0,0.0,0.0,0.0,0.0,0.0,0.0,0.0,0.0630517023959647,19.041614123581308,10.895334174022702,0.0,0.0,0.0,0.0,0.0,0.0,0.0,0.0,0.0,0.0,0.0,0.0,0.0,0.0,0.0,0.0,0.0
32600,4778,2476,0.5182084554206781,1159,972,0.4460025115110925,1358,0.5684386772708246,0.422,2.9943527367506517,3.0714717268578187,6.520833333333333,2.1573891343436693,8378.152448723313,506.36389793913355,7853.0,8866.4,8866.4,0.0,7853.0,0.0,28.79133528673085,21.12559346634624,33.737416315397965,19.26756365356199,0.135203013813311,0.0960652992884052,0.08811218082879867,0.08183340309753034,0.07994976977814985,0.07806613645876936,0.07367099204688154,0.05922980326496442,0.05839263290079531,0.049602344077019675,0.05190456257848472,0.04583507743825869,0.037463373796567605,0.027835914608622853,0.018627040602762664,0.010883214734198409,0.007325240686479699,0.9098495422122168,0.022855810998818723,0.0,0.0,0.0,0.0,0.0,0.0,0.0,0.0,0.0,0.0,0.0,0.0,0.0,0.0,0.0,0.0,0.0,0.0,0.0,0.0,0.0,0.0,0.0,0.0,0.012557555462536629,0.778568438677271,9.286312264545836,15.357890330682297,4.351192967768942,0.2134784428631227,4.242135367016206,2.8792836230330674,nan,nan,nan,4.207115628970775,2.8644160804922656,4.277177368086459,2.8936599775728546,1.0166531527284939,0.3953,0.010475,0.0,0.0,0.0,0.0,0.0,0.0,0.0,0.0,0.0,0.0,0.05650899958141483,20.249058183340278,9.694432817078276,0.0,0.0,0.0,0.0,0.0,0.0,0.0,0.0,0.0,0.0,0.0,0.0,0.0,0.0,0.0,0.0,0.0,nan,nan,4.242135367016206,2.8792836230330674,nan,0.3953,0.05032,0.0,0.0,0.0,0.0,0.0,0.0,0.0,0.0,0.0,0.0,0.0,0.0,0.0,0.0,0.0,0.0,0.0,0.0,0.0,0.0,5.2323147760569277e-05,1.0464629552113855e-05,2.092925910422771e-05,0.0,5.2323147760569277e-05,0.003997488488907493,0.0006383424026789452,0.0016429468396818752,0.014640016743407284,0.0037777312683131017,0.015163248221012976,0.01289242360820427,0.03145667643365425,0.05686479698618669,0.012997069903725409,0.04807450816241105,0.0727291753871913,0.0663876098786103,0.09760359983256593,0.06401213897028045,0.05976349937212223,0.06942235244872332,0.10352658015906237,0.08298451234826287,0.04502930096274592,0.028401004604437004,0.03017999162829636,0.023964001674340728,0.015215571368773545,0.011866889912097112,0.006822938467978233,0.0037777312683131017,0.009449560485558811,0.0008894935119296777,0.0007115948095437421,0.004625366262034324,0.0,2.092925910422771e-05,0.00033486814566764336,0.0,0.0,0.0,0.0,0.0,0.0,0.0,0.0,0.0,0.0,0.0,0.0,0.0,0.0,0.0,0.0,0.0,0.0,0.0,0.0,0.0,0.0,0.0,0.0,0.0,0.0,0.0,0.0,0.0,0.0,0.0,0.0,0.0,0.0,0.0,0.0,0.0,0.0,0.0,0.0,0.0,0.0,nan,nan,4.242135367016206,2.8792836230330674,nan,0.9093860334600886,0.022748262651762583,0.0,0.0,0.0,0.0,0.0,0.0,0.0,0.0,0.0,0.0,0.0,0.0,0.0,0.0,0.0,0.0,0.0,0.0,0.0,0.0,0.0,0.0,0.0,0.0,0.012116316639741522,0.7996768982229404,9.511308562197094,15.181744749596126,4.277059773828757,0.21809369951534738,0.9103480859438716,0.022960484281368515,0.0,0.0,0.0,0.0,0.0,0.0,0.0,0.0,0.0,0.0,0.0,0.0,0.0,0.0,0.0,0.0,0.0,0.0,0.0,0.0,0.0,0.0,0.0,0.0,0.013032145960034755,0.7558644656820158,9.04430929626412,15.547350130321464,4.4309296264118165,0.20851433536055608,0.3953,0.01052,0.0,0.0,0.0,0.0,0.0,0.0,0.0,0.0,0.0,0.0,0.04846526655896609,20.34329563812598,9.608239095315026,0.0,0.0,0.0,0.0,0.0,0.0,0.0,0.0,0.0,0.0,0.0,0.0,0.0,0.0,0.0,0.0,0.0,0.3953,0.01043,0.0,0.0,0.0,0.0,0.0,0.0,0.0,0.0,0.0,0.0,0.06516072980017378,20.147697654213697,9.787141615986101,0.0,0.0,0.0,0.0,0.0,0.0,0.0,0.0,0.0,0.0,0.0,0.0,0.0,0.0,0.0,0.0,0.0
32700,4999,2567,0.513502700540108,1163,1026,0.4378875775155031,1408,0.5633126625325064,0.422,2.995065789473684,3.1155080046840986,6.623718887262079,2.076958496088667,8373.383636727345,506.5152002515955,7853.0,8866.4,8866.4,0.0,7853.0,0.0,27.71514302860572,21.10790329357317,32.952071290944126,19.3368593276605,0.14562912582516505,0.09941988397679535,0.09501900380076016,0.08761752350470094,0.08361672334466894,0.06941388277655532,0.0690138027605521,0.0628125625125025,0.05761152230446089,0.05061012202440488,0.03980796159231846,0.04100820164032806,0.03180636127225445,0.027005401080216044,0.021204240848169634,0.011002200440088018,0.007401480296059212,0.9095562831786519,0.022791618971576756,0.0,0.0,0.0,0.0,0.0,0.0,0.0,0.0,0.0,0.0,0.0,0.0,0.0,0.0,0.0,0.0,0.0,0.0,0.0,0.0,0.0,0.0,0.0,0.0,0.006001200240048011,0.8341668333666735,9.349869973994801,15.20704140828166,4.452890578115624,0.15003000600120026,4.3514276749294005,2.910353988805588,nan,nan,nan,4.36992385786802,2.8733121718396646,4.336024844720497,2.944962069270987,0.9922426535907513,0.3953,0.01076,0.0,0.0,0.0,0.0,0.0,0.0,0.0,0.0,0.0,0.0,0.08401680336067216,20.20604120824162,9.703940788157633,0.006001200240048011,0.0,0.0,0.0,0.0,0.0,0.0,0.0,0.0,0.0,0.0,0.0,0.0,0.0,0.0,0.0,0.0,nan,nan,4.3514276749294005,2.910353988805588,nan,0.3953,0.0505,0.0,0.0,0.0,0.0,0.0,0.0,0.0,0.0,0.0,0.0,0.0,0.0,0.0,0.0,0.0,0.0,0.0,0.0,0.0,0.0,1.0002000400080016e-05,0.0001200240048009602,3.000600120024005e-05,0.0,0.00010002000400080016,0.004100820164032806,0.000620124024804961,0.0022704540908181636,0.014262852570514102,0.0033206641328265654,0.014982996599319865,0.01257251450290058,0.03270654130826165,0.05692138427685537,0.011832366473294659,0.04956991398279656,0.074624924984997,0.06592318463692738,0.09521904380876176,0.06374274854970995,0.06182236447289458,0.07069413882776555,0.10542108421684337,0.08060612122424485,0.04298859771954391,0.027925585117023404,0.028185637127425486,0.024524904980996198,0.014042808561712342,0.012332466493298659,0.007511502300460092,0.004000800160032006,0.010332066413282657,0.0007601520304060812,0.0011102220444088819,0.004320864172834567,1.0002000400080016e-05,6.00120024004801e-05,0.00042008401680336066,0.0,0.0,0.0,0.0,0.0,0.0,0.0,0.0,0.0,0.0,0.0,0.0,0.0,0.0,0.0,0.0,0.0,0.0,0.0,0.0,0.0,0.0,0.0,0.0,0.0,0.0,0.0,0.0,0.0,0.0,0.0,0.0,0.0,0.0,0.0,0.0,0.0,0.0,0.0,0.0,0.0,0.0,nan,nan,4.3514276749294005,2.910353988805588,nan,0.9101562523451769,0.023018878361873753,0.0,0.0,0.0,0.0,0.0,0.0,0.0,0.0,0.0,0.0,0.0,0.0,0.0,0.0,0.0,0.0,0.0,0.0,0.0,0.0,0.0,0.0,0.0,0.0,0.0,0.86482275029217,9.010518114530582,15.333073626801717,4.5929100116867945,0.19867549668874177,0.9089230098026363,0.02253193609522262,0.0,0.0,0.0,0.0,0.0,0.0,0.0,0.0,0.0,0.0,0.0,0.0,0.0,0.0,0.0,0.0,0.0,0.0,0.0,0.0,0.0,0.0,0.0,0.0,0.012335526315789477,0.8018092105263159,9.708059210526317,15.07401315789474,4.305098684210527,0.09868421052631582,0.3955,0.01063,0.0,0.0,0.0,0.0,0.0,0.0,0.0,0.0,0.0,0.0,0.08180755746007014,19.949357226334214,9.96883521620569,0.0,0.0,0.0,0.0,0.0,0.0,0.0,0.0,0.0,0.0,0.0,0.0,0.0,0.0,0.0,0.0,0.0,0.395,0.010895,0.0,0.0,0.0,0.0,0.0,0.0,0.0,0.0,0.0,0.0,0.08634868421052634,20.476973684210495,9.42434210526316,0.012335526315789477,0.0,0.0,0.0,0.0,0.0,0.0,0.0,0.0,0.0,0.0,0.0,0.0,0.0,0.0,0.0,0.0
32800,4606,2335,0.5069474598349978,1113,926,0.44268345636126794,1292,0.5610073816760747,0.38999999999999996,2.912373403786878,3.003121985350635,6.28955223880597,2.035442254804651,8366.740555796787,506.651083660217,7853.0,8866.4,8866.4,0.0,7853.0,0.0,28.761615284411636,21.175046624787804,33.57366128619011,19.413212220191173,0.1328701693443335,0.09943551888840643,0.08966565349544073,0.08662613981762918,0.07729049066435084,0.0705601389491967,0.07251411202778985,0.059053408597481545,0.06361267911419888,0.054277029960920535,0.05058619192357794,0.04298740772904907,0.03300043421623969,0.02735562310030395,0.02040816326530612,0.013026487190620929,0.006730351715154147,0.9089751200628343,0.02234211735473624,0.0,0.0,0.0,0.0,0.0,0.0,0.0,0.0,0.0,0.0,0.0,0.0,0.0,0.0,0.0,0.0,0.0,0.0,0.0,0.0,0.0,0.0,0.0,0.0,0.039079461571862796,0.8923143725575339,9.294398610508035,15.716456795484154,3.91445940078159,0.14329135909683025,4.148050231328487,2.7752132931232696,nan,nan,nan,4.128373930217248,2.7869212892167274,4.1678832116788325,2.7632200842263903,1.009570179961752,0.396,0.01075,0.0,0.0,0.0,0.0,0.0,0.0,0.0,0.0,0.0,0.0,0.039079461571862796,19.78072079895785,10.167173252279637,0.013026487190620932,0.0,0.0,0.0,0.0,0.0,0.0,0.0,0.0,0.0,0.0,0.0,0.0,0.0,0.0,0.0,0.0,nan,nan,4.148050231328487,2.7752132931232696,nan,0.396,0.0505,0.0,0.0,0.0,0.0,0.0,0.0,0.0,0.0,0.0,0.0,0.0,0.0,0.0,0.0,0.0,0.0,0.0,2.1710811984368215e-05,0.0,0.0,0.0,2.1710811984368215e-05,1.0855405992184108e-05,3.256621797655232e-05,9.769865392965696e-05,0.0031480677377333914,0.0006947459834997829,0.0023664785062961356,0.01344984802431611,0.0033868866695614414,0.014003473729917499,0.012331741207121147,0.03277247069040382,0.057327399044724274,0.012668258792878855,0.048697351280937905,0.07135258358662613,0.06393834129396439,0.09702561875814156,0.06546895353886235,0.06130047763786366,0.07214502822405558,0.10254016500217109,0.07913590968302214,0.0435084672166739,0.0299174989144594,0.029190186712983065,0.02577073382544507,0.014709075119409465,0.013797221016066001,0.008521493703864524,0.003755970473295701,0.009921841076856274,0.0006296135475466782,0.0012592270950933565,0.004656969170646982,4.342162396873643e-05,0.0,0.00037993920972644377,0.0,0.0,0.0,0.0,0.0,0.0,0.0,0.0,0.0,0.0,0.0,0.0,0.0,0.0,0.0,0.0,0.0,0.0,0.0,0.0,0.0,0.0,0.0,0.0,0.0,0.0,0.0,0.0,0.0,0.0,0.0,0.0,0.0,0.0,0.0,0.0,0.0,0.0,0.0,0.0,0.0,0.0,nan,nan,4.148050231328487,2.7752132931232696,nan,0.9089159102460301,0.022294114290521163,0.0,0.0,0.0,0.0,0.0,0.0,0.0,0.0,0.0,0.0,0.0,0.0,0.0,0.0,0.0,0.0,0.0,0.0,0.0,0.0,0.0,0.0,0.0,0.0,0.05139186295503213,0.9250535331905784,9.160599571734476,15.970021413276234,3.7644539614561037,0.12847965738758033,0.9090359984962282,0.022391202661916045,0.0,0.0,0.0,0.0,0.0,0.0,0.0,0.0,0.0,0.0,0.0,0.0,0.0,0.0,0.0,0.0,0.0,0.0,0.0,0.0,0.0,0.0,0.0,0.0,0.026420079260237785,0.858652575957728,9.43196829590489,15.455746367239104,4.068692206076619,0.1585204755614267,0.3962,0.010574,0.0,0.0,0.0,0.0,0.0,0.0,0.0,0.0,0.0,0.0,0.012847965738758033,19.798715203426095,10.175588865096362,0.012847965738758033,0.0,0.0,0.0,0.0,0.0,0.0,0.0,0.0,0.0,0.0,0.0,0.0,0.0,0.0,0.0,0.0,0.396,0.01093,0.0,0.0,0.0,0.0,0.0,0.0,0.0,0.0,0.0,0.0,0.06605019815059446,19.76221928665783,10.158520475561428,0.013210039630118893,0.0,0.0,0.0,0.0,0.0,0.0,0.0,0.0,0.0,0.0,0.0,0.0,0.0,0.0,0.0,0.0
32900,4350,2197,0.5050574712643678,1029,883,0.4395402298850575,1273,0.585287356321839,0.39399999999999996,3.0455178820250812,3.0958926723513502,6.454135338345865,2.183620201566896,8364.82524137931,506.6740785759655,7853.0,8866.4,8866.399999999998,1.8189894035458565e-12,7853.0,0.0,28.968735632183908,21.401695861723102,34.01146288209607,19.543350638819682,0.13609195402298851,0.09379310344827586,0.09195402298850575,0.08436781609195403,0.07471264367816093,0.07586206896551724,0.06896551724137931,0.06114942528735632,0.058850574712643676,0.0535632183908046,0.05149425287356322,0.04298850574712643,0.03402298850574713,0.028505747126436783,0.0232183908045977,0.011954022988505748,0.008505747126436782,0.9086011267256463,0.02285419521621514,0.0,0.0,0.0,0.0,0.0,0.0,0.0,0.0,0.0,0.0,0.0,0.0,0.0,0.0,0.0,0.0,0.0,0.0,0.0,0.0,0.0,0.0,0.0,0.0,0.013793103448275865,0.910344827586207,9.868965517241381,15.068965517241383,3.9379310344827596,0.20000000000000004,4.364082777972641,2.856320999382474,nan,nan,nan,4.303072625698324,2.892205195722954,4.425651867512332,2.8183064942328757,1.0284864450304545,0.396,0.01058,0.0,0.0,0.0,0.0,0.0,0.0,0.0,0.0,0.0,0.0,0.08965517241379313,19.579310344827558,10.310344827586208,0.020689655172413796,0.0,0.0,0.0,0.0,0.0,0.0,0.0,0.0,0.0,0.0,0.0,0.0,0.0,0.0,0.0,0.0,nan,nan,4.364082777972641,2.856320999382474,nan,0.396,0.0504,0.0,0.0,0.0,0.0,0.0,0.0,0.0,0.0,0.0,0.0,0.0,0.0,0.0,0.0,0.0,0.0,0.0,0.00011494252873563218,0.0,0.0,0.0,0.0,0.0,0.0,1.1494252873563218e-05,0.0031839080459770113,0.0009310344827586207,0.002195402298850575,0.013850574712643678,0.0034942528735632185,0.014724137931034482,0.012091954022988505,0.031758620689655175,0.056632183908045974,0.01306896551724138,0.048563218390804595,0.07091954022988506,0.06134482758620689,0.09924137931034482,0.06855172413793104,0.05935632183908046,0.07020689655172414,0.101,0.08386206896551725,0.04424137931034483,0.03028735632183908,0.02735632183908046,0.02647126436781609,0.014597701149425288,0.011873563218390804,0.009977011494252874,0.004264367816091954,0.009827586206896551,0.0003793103448275862,0.000839080459770115,0.004264367816091954,0.0001839080459770115,0.0,0.0003333333333333333,0.0,0.0,0.0,0.0,0.0,0.0,0.0,0.0,0.0,0.0,0.0,0.0,0.0,0.0,0.0,0.0,0.0,0.0,0.0,0.0,0.0,0.0,0.0,0.0,0.0,0.0,0.0,0.0,0.0,0.0,0.0,0.0,0.0,0.0,0.0,0.0,0.0,0.0,0.0,0.0,0.0,0.0,nan,nan,4.364082777972641,2.856320999382474,nan,0.9091796167720487,0.022856871880420522,0.0,0.0,0.0,0.0,0.0,0.0,0.0,0.0,0.0,0.0,0.0,0.0,0.0,0.0,0.0,0.0,0.0,0.0,0.0,0.0,0.0,0.0,0.0,0.0,0.0,0.8739189804278564,9.763313609467458,15.170687300864818,3.959945380063724,0.23213472917614936,0.9080108143095078,0.022836361941324674,0.0,0.0,0.0,0.0,0.0,0.0,0.0,0.0,0.0,0.0,0.0,0.0,0.0,0.0,0.0,0.0,0.0,0.0,0.0,0.0,0.0,0.0,0.0,0.0,0.027868091035764056,0.9475150952159779,9.976776590803532,14.965164886205299,3.91546679052485,0.16720854621458434,0.3958,0.010475,0.0,0.0,0.0,0.0,0.0,0.0,0.0,0.0,0.0,0.0,0.10923987255348205,19.59490213928081,10.282203004096496,0.013654984069185257,0.0,0.0,0.0,0.0,0.0,0.0,0.0,0.0,0.0,0.0,0.0,0.0,0.0,0.0,0.0,0.0,0.3962,0.01069,0.0,0.0,0.0,0.0,0.0,0.0,0.0,0.0,0.0,0.0,0.06967022758941013,19.563399907106337,10.339061774268464,0.027868091035764056,0.0,0.0,0.0,0.0,0.0,0.0,0.0,0.0,0.0,0.0,0.0,0.0,0.0,0.0,0.0,0.0
33000,4367,2320,0.5312571559422945,1102,852,0.4474467597893291,1216,0.5569040531257156,0.414,3.0351734245236934,3.0938320151670236,6.557239057239057,2.0745994185783045,8391.37600183192,505.70892903719226,7853.0,8866.4,8866.4,0.0,7853.0,0.0,28.35676665903366,20.95337140403924,33.23989145183175,19.158128925421927,0.13670712159377146,0.09983970689260362,0.08495534692008244,0.0906801007556675,0.0817494847721548,0.06984199679413786,0.07052896725440806,0.06663613464621021,0.06068239065720174,0.055873597435310285,0.04442408976414014,0.0409892374627891,0.03297458209297,0.027936798717655142,0.017632241813602016,0.011220517517746737,0.0073276849095488894,0.9091520392433413,0.02295813264251931,0.0,0.0,0.0,0.0,0.0,0.0,0.0,0.0,0.0,0.0,0.0,0.0,0.0,0.0,0.0,0.0,0.0,0.0,0.0,0.0,0.0,0.0,0.0,0.0,0.01373940920540417,0.8312342569269523,9.679413785207238,15.030913670712163,4.259216853675293,0.18548202427295632,4.200349650349651,2.9198021564807073,nan,nan,nan,4.247183098591549,2.949604739859984,4.154166666666667,2.889369284309486,0.978099264909081,0.3955,0.01089,0.0,0.0,0.0,0.0,0.0,0.0,0.0,0.0,0.0,0.0,0.10304556904053128,19.626746049919824,10.263338676436915,0.006869704602702085,0.0,0.0,0.0,0.0,0.0,0.0,0.0,0.0,0.0,0.0,0.0,0.0,0.0,0.0,0.0,0.0,nan,nan,4.200349650349651,2.9198021564807073,nan,0.3955,0.05063,0.0,0.0,0.0,0.0,0.0,0.0,0.0,0.0,0.0,0.0,0.0,0.0,0.0,0.0,0.0,0.0,0.0,0.00018319212273872223,0.0,0.0,0.0,0.0,0.0,0.0,0.0,0.0032173116555988092,0.001305243874513396,0.0020265628577971146,0.014220288527593314,0.0042706663613464625,0.014621021296084268,0.01237691779253492,0.032528051293794366,0.05722463934050836,0.01312113579116098,0.05033203572246393,0.07094114953057018,0.060430501488436,0.10309136707121594,0.06592626517059766,0.058861918937485685,0.07171971605220975,0.09498511564002748,0.08407373482940234,0.043622624227158235,0.03226471261735745,0.02697504007327685,0.025074421799862606,0.014621021296084268,0.012365468284863752,0.009983970689260362,0.003595145408747424,0.010419051980764827,0.0004579803068468056,0.0007327684909548889,0.003847034577513167,0.00016029310739638195,0.0,0.00042363178383329514,0.0,0.0,0.0,0.0,0.0,0.0,0.0,0.0,0.0,0.0,0.0,0.0,0.0,0.0,0.0,0.0,0.0,0.0,0.0,0.0,0.0,0.0,0.0,0.0,0.0,0.0,0.0,0.0,0.0,0.0,0.0,0.0,0.0,0.0,0.0,0.0,0.0,0.0,0.0,0.0,0.0,0.0,nan,nan,4.200349650349651,2.9198021564807073,nan,0.9089056932720645,0.02255138655395243,0.0,0.0,0.0,0.0,0.0,0.0,0.0,0.0,0.0,0.0,0.0,0.0,0.0,0.0,0.0,0.0,0.0,0.0,0.0,0.0,0.0,0.0,0.0,0.0,0.012931034482758624,0.6724137931034485,9.956896551724139,15.193965517241383,3.918103448275863,0.24568965517241384,0.9094312393671138,0.02340744866218083,0.0,0.0,0.0,0.0,0.0,0.0,0.0,0.0,0.0,0.0,0.0,0.0,0.0,0.0,0.0,0.0,0.0,0.0,0.0,0.0,0.0,0.0,0.0,0.0,0.01465559355153884,1.01123595505618,9.36492427943332,14.846116267708846,4.645823155837812,0.11724474841231072,0.3955,0.01072,0.0,0.0,0.0,0.0,0.0,0.0,0.0,0.0,0.0,0.0,0.09051724137931037,19.823275862068936,10.073275862068968,0.012931034482758624,0.0,0.0,0.0,0.0,0.0,0.0,0.0,0.0,0.0,0.0,0.0,0.0,0.0,0.0,0.0,0.0,0.3955,0.01108,0.0,0.0,0.0,0.0,0.0,0.0,0.0,0.0,0.0,0.0,0.11724474841231072,19.40400586223739,10.47874938935027,0.0,0.0,0.0,0.0,0.0,0.0,0.0,0.0,0.0,0.0,0.0,0.0,0.0,0.0,0.0,0.0,0.0
33100,4384,2273,0.5184762773722628,1088,886,0.45027372262773724,1217,0.5552007299270073,0.434,3.067266698247276,3.2087079623591053,6.808080808080808,2.2630546131329314,8378.423859489052,506.35393460092126,7853.0,8866.4,8866.399999999998,1.8189894035458565e-12,7853.0,0.0,27.72125912408759,20.597437226810932,32.5511917659805,18.85231797275579,0.13982664233576642,0.09945255474452555,0.09603102189781022,0.08667883211678833,0.0770985401459854,0.07436131386861314,0.07322080291970803,0.06478102189781022,0.05930656934306569,0.05474452554744526,0.04562043795620438,0.04447992700729927,0.02668795620437956,0.02531934306569343,0.017107664233576642,0.009124087591240875,0.0061587591240875915,0.9096121974969215,0.023121641331100236,0.0,0.0,0.0,0.0,0.0,0.0,0.0,0.0,0.0,0.0,0.0,0.0,0.0,0.0,0.0,0.0,0.0,0.0,0.0,0.0,0.0,0.0,0.0,0.0,0.006843065693430659,0.8690693430656936,9.36815693430657,14.96578467153285,4.536952554744526,0.25319343065693434,4.388277087033748,2.9961854460217903,nan,nan,nan,4.339702760084926,2.997633257877396,4.437232524964337,2.9939282901260613,1.0224738352535239,0.3953,0.010704,0.0,0.0,0.0,0.0,0.0,0.0,0.0,0.0,0.0,0.0,0.1163321167883212,20.09808394160581,9.771897810218979,0.013686131386861318,0.0,0.0,0.0,0.0,0.0,0.0,0.0,0.0,0.0,0.0,0.0,0.0,0.0,0.0,0.0,0.0,nan,nan,4.388277087033748,2.9961854460217903,nan,0.3953,0.0508,0.0,0.0,0.0,0.0,0.0,0.0,0.0,0.0,0.0,0.0,0.0,0.0,0.0,0.0,0.0,0.0,0.0,5.702554744525547e-05,0.0,0.0,0.0,0.0,0.0,0.0,1.1405109489051094e-05,0.004105839416058394,0.001790602189781022,0.001790602189781022,0.015294251824817518,0.0036268248175182483,0.0150889598540146,0.012842153284671533,0.03349680656934306,0.05431113138686131,0.014723996350364964,0.049520985401459855,0.07143020072992701,0.055234945255474455,0.10426551094890511,0.06961678832116788,0.05758439781021898,0.06897810218978102,0.08990647810218978,0.09021441605839416,0.04332801094890511,0.03552691605839416,0.028558394160583943,0.02480611313868613,0.0140625,0.011541970802919709,0.008838959854014599,0.003353102189781022,0.01011633211678832,0.0006614963503649635,0.0006272810218978102,0.0037636861313868615,0.00017107664233576643,0.0,0.0007527372262773722,0.0,0.0,0.0,0.0,0.0,0.0,0.0,0.0,0.0,0.0,0.0,0.0,0.0,0.0,0.0,0.0,0.0,0.0,0.0,0.0,0.0,0.0,0.0,0.0,0.0,0.0,0.0,0.0,0.0,0.0,0.0,0.0,0.0,0.0,0.0,0.0,0.0,0.0,0.0,0.0,0.0,0.0,nan,nan,4.388277087033748,2.9961854460217903,nan,0.9097271062338662,0.022712923620263423,0.0,0.0,0.0,0.0,0.0,0.0,0.0,0.0,0.0,0.0,0.0,0.0,0.0,0.0,0.0,0.0,0.0,0.0,0.0,0.0,0.0,0.0,0.0,0.0,0.013198416190057197,0.6863176418829743,9.59524857017158,15.085789705235374,4.355477342718874,0.26396832380114393,0.9094884705622577,0.023553169386563058,0.0,0.0,0.0,0.0,0.0,0.0,0.0,0.0,0.0,0.0,0.0,0.0,0.0,0.0,0.0,0.0,0.0,0.0,0.0,0.0,0.0,0.0,0.0,0.0,0.0,1.0658455708195171,9.123638086215065,14.836570345807678,4.732354334438655,0.24159166271909052,0.395,0.01075,0.0,0.0,0.0,0.0,0.0,0.0,0.0,0.0,0.0,0.0,0.13198416190057197,20.338759348878106,9.516058073031237,0.013198416190057197,0.0,0.0,0.0,0.0,0.0,0.0,0.0,0.0,0.0,0.0,0.0,0.0,0.0,0.0,0.0,0.0,0.3955,0.01064,0.0,0.0,0.0,0.0,0.0,0.0,0.0,0.0,0.0,0.0,0.09947891994315493,19.838938891520577,10.047370914258646,0.01421127427759356,0.0,0.0,0.0,0.0,0.0,0.0,0.0,0.0,0.0,0.0,0.0,0.0,0.0,0.0,0.0,0.0
33200,4542,2338,0.5147512109202994,1111,915,0.4460590048436812,1297,0.5711140466754734,0.426,3.058076225045372,3.1415896310304006,6.608895705521473,2.1767272969572877,8374.648877146632,506.47943795583126,7853.0,8866.4,8866.4,0.0,7853.0,0.0,28.396521356230735,21.00943815626401,33.20463420984119,19.27568366120616,0.13188022897402024,0.10325847644209599,0.09225011008366359,0.08366358432408631,0.08300308234258036,0.07067371202113606,0.06957287538529282,0.06649053280493175,0.05746367239101717,0.0543813298106561,0.044033465433729636,0.040290620871862616,0.03830911492734478,0.029502421840598855,0.018273888154997798,0.009907529722589167,0.007045354469396741,0.9093396061582746,0.022496619882500506,0.0,0.0,0.0,0.0,0.0,0.0,0.0,0.0,0.0,0.0,0.0,0.0,0.0,0.0,0.0,0.0,0.0,0.0,0.0,0.0,0.0,0.0,0.0,0.0,0.013210039630118893,0.9247027741083226,9.134742404227215,15.75957727873184,3.989431968295906,0.17833553500660507,4.312521093486332,2.932737089038628,nan,nan,nan,4.365951742627346,2.8998232298585473,4.258327668252889,2.964764236658514,0.9753492295107936,0.3953,0.01063,0.0,0.0,0.0,0.0,0.0,0.0,0.0,0.0,0.0,0.0,0.07265521796565391,20.1585204755614,9.755614266842802,0.013210039630118893,0.0,0.0,0.0,0.0,0.0,0.0,0.0,0.0,0.0,0.0,0.0,0.0,0.0,0.0,0.0,0.0,nan,nan,4.312521093486332,2.932737089038628,nan,0.3953,0.05075,0.0,0.0,0.0,0.0,0.0,0.0,0.0,0.0,0.0,0.0,0.0,0.0,0.0,0.0,0.0,0.0,0.0,0.0,0.0,0.0,0.0,0.0,0.0,0.0,0.0,0.0037098194627917217,0.002201673271686482,0.0016512549537648614,0.016292382210479964,0.003170409511228534,0.014729194187582563,0.013320123293703214,0.03226552179656539,0.05352267723469837,0.015752972258916777,0.05068251871422281,0.07324966974900925,0.055416116248348746,0.10304931748128578,0.07037648612945839,0.05585645090268604,0.07057463672391018,0.08955306032584764,0.0904887714663144,0.04406649053280493,0.03633861734918538,0.028357551739321883,0.022919418758256274,0.012560546014971379,0.011459709379128137,0.008399383531483928,0.0024988991633641566,0.010127697049757816,0.0009797446059004844,0.0006825187142228094,0.004502421840598855,9.907529722589168e-05,0.0,0.0011448701012769704,0.0,0.0,0.0,0.0,0.0,0.0,0.0,0.0,0.0,0.0,0.0,0.0,0.0,0.0,0.0,0.0,0.0,0.0,0.0,0.0,0.0,0.0,0.0,0.0,0.0,0.0,0.0,0.0,0.0,0.0,0.0,0.0,0.0,0.0,0.0,0.0,0.0,0.0,0.0,0.0,0.0,0.0,nan,nan,4.312521093486332,2.932737089038628,nan,0.9094129829349632,0.022081145844345958,0.0,0.0,0.0,0.0,0.0,0.0,0.0,0.0,0.0,0.0,0.0,0.0,0.0,0.0,0.0,0.0,0.0,0.0,0.0,0.0,0.0,0.0,0.0,0.0,0.012831479897348164,0.8212147134302825,9.02053036783576,16.308810949529516,3.6313088109495304,0.20530367835757063,0.9092617681800994,0.022928870105579573,0.0,0.0,0.0,0.0,0.0,0.0,0.0,0.0,0.0,0.0,0.0,0.0,0.0,0.0,0.0,0.0,0.0,0.0,0.0,0.0,0.0,0.0,0.0,0.0,0.013611615245009078,1.03448275862069,9.255898366606171,15.176950998185122,4.369328493647914,0.14972776769509985,0.3955,0.010635,0.0,0.0,0.0,0.0,0.0,0.0,0.0,0.0,0.0,0.0,0.06415739948674082,19.77331052181349,10.136869118905048,0.02566295979469633,0.0,0.0,0.0,0.0,0.0,0.0,0.0,0.0,0.0,0.0,0.0,0.0,0.0,0.0,0.0,0.0,0.3948,0.0106,0.0,0.0,0.0,0.0,0.0,0.0,0.0,0.0,0.0,0.0,0.08166969147005446,20.56715063520868,9.351179673321235,0.0,0.0,0.0,0.0,0.0,0.0,0.0,0.0,0.0,0.0,0.0,0.0,0.0,0.0,0.0,0.0,0.0
33300,4543,2354,0.5181598062953995,1142,904,0.45036319612590797,1244,0.5476557340964121,0.422,2.982640475102787,3.113458336509631,6.602291325695581,2.2292347083362727,8378.10314769976,506.365692118592,7853.0,8866.4,8866.4,0.0,7853.0,0.0,28.41602465331279,21.028631119157403,33.32819843342037,19.240083095913274,0.13669381465991637,0.0988333700198107,0.09068897204490425,0.08386528725511776,0.0836451683909311,0.07109839313229144,0.06933744221879815,0.06933744221879815,0.05524983491085186,0.05238828967642527,0.04424389170151882,0.04468412942989214,0.03631961259079903,0.0275148580233326,0.0162887959498129,0.012766894122826326,0.007043803653973145,0.9094282353525248,0.022521735671566654,0.0,0.0,0.0,0.0,0.0,0.0,0.0,0.0,0.0,0.0,0.0,0.0,0.0,0.0,0.0,0.0,0.0,0.0,0.0,0.0,0.0,0.0,0.0,0.0,0.0,1.0103455866167732,9.000660356592562,15.775918996257982,4.0545894783182925,0.1584855822143958,4.2115513767629285,2.8893125727867726,nan,nan,nan,4.2272727272727275,2.8478923669550693,4.196143617021277,2.9292564993439236,0.9926361244566461,0.3953,0.01064,0.0,0.0,0.0,0.0,0.0,0.0,0.0,0.0,0.0,0.0,0.11226062073519703,20.19370460048423,9.687431212854943,0.0066035659255998256,0.0,0.0,0.0,0.0,0.0,0.0,0.0,0.0,0.0,0.0,0.0,0.0,0.0,0.0,0.0,0.0,nan,nan,4.2115513767629285,2.8893125727867726,nan,0.3953,0.05112,0.0,0.0,0.0,0.0,0.0,0.0,0.0,0.0,0.0,0.0,0.0,0.0,0.0,0.0,0.0,0.0,0.0,0.0,0.0,0.0,0.0,0.0,0.0,0.0,4.402377283733216e-05,0.0031917235307065816,0.002696456086286595,0.001694915254237288,0.017279330838652872,0.003092670041822584,0.013812458727712964,0.014747963900506273,0.03191723530706581,0.05348888399735857,0.015991635483160908,0.04982390490865067,0.07666740039621396,0.05702179176755448,0.09884437596302004,0.06973365617433414,0.05308166409861325,0.07369579572969404,0.08789346246973366,0.08969843715606428,0.042273827867048204,0.03689192163768435,0.028340303764032578,0.024092009685230023,0.014758969843715606,0.010290556900726392,0.007528065155183799,0.0020801232665639447,0.01212854941668501,0.0011556240369799693,0.0004952674444199868,0.004270305965221219,5.5029716046665196e-05,0.0,0.0011996478098173014,0.0,0.0,2.201188641866608e-05,0.0,0.0,0.0,0.0,0.0,0.0,0.0,0.0,0.0,0.0,0.0,0.0,0.0,0.0,0.0,0.0,0.0,0.0,0.0,0.0,0.0,0.0,0.0,0.0,0.0,0.0,0.0,0.0,0.0,0.0,0.0,0.0,0.0,0.0,0.0,0.0,0.0,0.0,0.0,nan,nan,4.2115513767629285,2.8893125727867726,nan,0.9089678469966201,0.02280117931256378,0.0,0.0,0.0,0.0,0.0,0.0,0.0,0.0,0.0,0.0,0.0,0.0,0.0,0.0,0.0,0.0,0.0,0.0,0.0,0.0,0.0,0.0,0.0,0.0,0.0,1.0832625318606628,9.290569243840274,15.420560747663554,4.078164825828378,0.12744265080713682,0.9099233263483217,0.022206658116586158,0.0,0.0,0.0,0.0,0.0,0.0,0.0,0.0,0.0,0.0,0.0,0.0,0.0,0.0,0.0,0.0,0.0,0.0,0.0,0.0,0.0,0.0,0.0,0.0,0.0,0.9319323892188216,8.688899040657835,16.158063042485157,4.029237094563729,0.19186843307446327,0.3953,0.01052,0.0,0.0,0.0,0.0,0.0,0.0,0.0,0.0,0.0,0.0,0.08920985556499578,20.199660152931152,9.711129991503824,0.0,0.0,0.0,0.0,0.0,0.0,0.0,0.0,0.0,0.0,0.0,0.0,0.0,0.0,0.0,0.0,0.0,0.395,0.01077,0.0,0.0,0.0,0.0,0.0,0.0,0.0,0.0,0.0,0.0,0.13704888076747376,20.18730013704885,9.6619460941069,0.013704888076747376,0.0,0.0,0.0,0.0,0.0,0.0,0.0,0.0,0.0,0.0,0.0,0.0,0.0,0.0,0.0,0.0
33400,4720,2441,0.5171610169491525,1163,949,0.44745762711864406,1326,0.561864406779661,0.40199999999999997,3.0381746379991226,3.0834295630572246,6.453879941434846,2.1191786918974267,8377.090974576273,506.4014652459917,7853.0,8866.4,8866.4,0.0,7853.0,0.0,28.35635593220339,21.000124138666752,33.24742527003266,19.22234218593149,0.13686440677966102,0.09491525423728814,0.08898305084745763,0.08961864406779661,0.08389830508474576,0.07944915254237288,0.06546610169491525,0.06313559322033899,0.05508474576271186,0.05699152542372881,0.047245762711864404,0.03622881355932203,0.03559322033898305,0.02902542372881356,0.01885593220338983,0.013771186440677966,0.004872881355932204,0.9086923259294639,0.022714957947318794,0.0,0.0,0.0,0.0,0.0,0.0,0.0,0.0,0.0,0.0,0.0,0.0,0.0,0.0,0.0,0.0,0.0,0.0,0.0,0.0,0.0,0.0,0.0,0.0,0.019067796610169496,0.9661016949152544,9.641949152542374,15.082627118644071,4.15042372881356,0.1398305084745763,4.232708468002586,2.855632675557397,nan,nan,nan,4.247277386290839,2.8887720225273785,4.217873450750163,2.8214108081078733,0.9930769919488697,0.3955,0.0106,0.0,0.0,0.0,0.0,0.0,0.0,0.0,0.0,0.0,0.0,0.08898305084745765,19.855932203389802,10.042372881355934,0.012711864406779664,0.0,0.0,0.0,0.0,0.0,0.0,0.0,0.0,0.0,0.0,0.0,0.0,0.0,0.0,0.0,0.0,nan,nan,4.232708468002586,2.855632675557397,nan,0.3955,0.05148,0.0,0.0,0.0,0.0,0.0,0.0,0.0,0.0,0.0,0.0,0.0,0.0,0.0,0.0,0.0,0.0,0.0,0.0,0.0,0.0,0.0,0.0,0.0,0.0,4.2372881355932206e-05,0.0030614406779661016,0.0034533898305084748,0.0020021186440677967,0.01826271186440678,0.0038135593220338985,0.013940677966101695,0.013908898305084745,0.03191737288135593,0.052171610169491525,0.0175,0.04708686440677966,0.07596398305084746,0.05534957627118644,0.09842161016949152,0.0678177966101695,0.051588983050847456,0.07609110169491526,0.08694915254237288,0.09334745762711864,0.04130296610169491,0.03823093220338983,0.028209745762711864,0.02395127118644068,0.015233050847457626,0.010879237288135593,0.007531779661016949,0.002351694915254237,0.013654661016949152,0.0009110169491525423,0.0003177966101694915,0.0038877118644067795,0.0,0.0,0.000847457627118644,0.0,0.0,0.0,0.0,0.0,0.0,0.0,0.0,0.0,0.0,0.0,0.0,0.0,0.0,0.0,0.0,0.0,0.0,0.0,0.0,0.0,0.0,0.0,0.0,0.0,0.0,0.0,0.0,0.0,0.0,0.0,0.0,0.0,0.0,0.0,0.0,0.0,0.0,0.0,0.0,0.0,0.0,nan,nan,4.232708468002586,2.855632675557397,nan,0.9085179471373802,0.02250618528813294,0.0,0.0,0.0,0.0,0.0,0.0,0.0,0.0,0.0,0.0,0.0,0.0,0.0,0.0,0.0,0.0,0.0,0.0,0.0,0.0,0.0,0.0,0.0,0.0,0.0,0.9217533797623927,9.881196231052849,15.03072511265875,4.043424825891029,0.12290045063498568,0.9088791002302433,0.0229349928408636,0.0,0.0,0.0,0.0,0.0,0.0,0.0,0.0,0.0,0.0,0.0,0.0,0.0,0.0,0.0,0.0,0.0,0.0,0.0,0.0,0.0,0.0,0.0,0.0,0.039491004826678375,1.0136024572180784,9.385695480473894,15.138218516893378,4.265028521281264,0.1579640193067135,0.3953,0.010704,0.0,0.0,0.0,0.0,0.0,0.0,0.0,0.0,0.0,0.0,0.0737402703809914,19.90987300286765,9.991806636624336,0.024580090126997137,0.0,0.0,0.0,0.0,0.0,0.0,0.0,0.0,0.0,0.0,0.0,0.0,0.0,0.0,0.0,0.0,0.3955,0.01048,0.0,0.0,0.0,0.0,0.0,0.0,0.0,0.0,0.0,0.0,0.10530934620447567,19.798157086441392,10.096533567354104,0.0,0.0,0.0,0.0,0.0,0.0,0.0,0.0,0.0,0.0,0.0,0.0,0.0,0.0,0.0,0.0,0.0
33500,4565,2374,0.5200438116100766,1100,936,0.44600219058050383,1289,0.5647316538882804,0.40599999999999997,2.9639434048379734,3.0880987615678364,6.474603174603175,2.251311311282245,8380.012398685652,506.29269840640103,7853.0,8866.4,8866.399999999998,1.8189894035458565e-12,7853.0,0.0,28.05936473165389,20.87732337632991,33.12693012300445,19.04071753046453,0.1430449069003286,0.09704271631982475,0.08893756845564074,0.08806133625410734,0.08039430449069003,0.07579408543263964,0.06856516976998905,0.05739320920043812,0.06221248630887185,0.05717415115005477,0.04950711938663746,0.03964950711938664,0.03066812705366922,0.02497261774370208,0.018400876232201532,0.01248630887185104,0.005695509309967141,0.9094306217879873,0.022595668408616685,0.0,0.0,0.0,0.0,0.0,0.0,0.0,0.0,0.0,0.0,0.0,0.0,0.0,0.0,0.0,0.0,0.0,0.0,0.0,0.0,0.0,0.0,0.0,0.0,0.013143483023001098,0.742606790799562,9.456736035049289,15.331872946330781,4.31106243154436,0.14457831325301207,4.189637656620386,2.8539219699084217,nan,nan,nan,4.152246814218645,2.8466790249237017,4.227241615331964,2.861693924501526,1.0180612580293908,0.396,0.01093,0.0,0.0,0.0,0.0,0.0,0.0,0.0,0.0,0.0,0.0,0.12486308871851043,19.294633077765578,10.580503833515884,0.0,0.0,0.0,0.0,0.0,0.0,0.0,0.0,0.0,0.0,0.0,0.0,0.0,0.0,0.0,0.0,0.0,nan,nan,4.189637656620386,2.8539219699084217,nan,0.396,0.0513,0.0,0.0,0.0,0.0,0.0,0.0,0.0,0.0,0.0,0.0,0.0,0.0,0.0,0.0,0.0,0.0,0.0,0.0,0.0,0.0,0.0,0.0,0.0,0.0,1.095290251916758e-05,0.002924424972617744,0.0027163198247535597,0.0016538882803943044,0.016571741511500548,0.0038444687842278205,0.013373493975903615,0.01501642935377875,0.032037239868565166,0.05136911281489595,0.01981380065717415,0.04737130339539978,0.07403066812705367,0.05491785323110624,0.10092004381161007,0.0644249726177437,0.05193866374589266,0.07591456736035049,0.08822562979189486,0.09304490690032859,0.04076670317634173,0.038992332968236586,0.028619934282584886,0.02384446878422782,0.015410733844468784,0.0115881708652793,0.009222343921139102,0.0022343921139101864,0.01303395399780942,0.0007228915662650603,0.0005805038335158818,0.003767798466593647,0.0,3.285870755750274e-05,0.0010624315443592551,0.0,0.0,0.0,0.0,0.0,0.0,0.0,0.0,0.0,0.0,0.0,0.0,0.0,0.0,0.0,0.0,0.0,0.0,0.0,0.0,0.0,0.0,0.0,0.0,0.0,0.0,0.0,0.0,0.0,0.0,0.0,0.0,0.0,0.0,0.0,0.0,0.0,0.0,0.0,0.0,0.0,0.0,nan,nan,4.189637656620386,2.8539219699084217,nan,0.909653917268835,0.022402726899672,0.0,0.0,0.0,0.0,0.0,0.0,0.0,0.0,0.0,0.0,0.0,0.0,0.0,0.0,0.0,0.0,0.0,0.0,0.0,0.0,0.0,0.0,0.0,0.0,0.0,0.8087615838247685,9.300758213984837,15.265374894692505,4.511373209772537,0.11373209772535807,0.909188675885873,0.022800414071199544,0.0,0.0,0.0,0.0,0.0,0.0,0.0,0.0,0.0,0.0,0.0,0.0,0.0,0.0,0.0,0.0,0.0,0.0,0.0,0.0,0.0,0.0,0.0,0.0,0.027384755819260618,0.670926517571885,9.625741670470106,15.403925148334098,4.094020994979462,0.17800091282519404,0.3958,0.010864,0.0,0.0,0.0,0.0,0.0,0.0,0.0,0.0,0.0,0.0,0.15164279696714408,19.726200505475962,10.122156697556868,0.0,0.0,0.0,0.0,0.0,0.0,0.0,0.0,0.0,0.0,0.0,0.0,0.0,0.0,0.0,0.0,0.0,0.3962,0.010994,0.0,0.0,0.0,0.0,0.0,0.0,0.0,0.0,0.0,0.0,0.09584664536741216,18.827019625741645,11.077133728890919,0.0,0.0,0.0,0.0,0.0,0.0,0.0,0.0,0.0,0.0,0.0,0.0,0.0,0.0,0.0,0.0,0.0
33600,4562,2379,0.5214818062253398,1112,914,0.4441034633932486,1262,0.553266111354669,0.41,3.00229042601924,3.079120689091118,6.482649842271293,2.088087418348191,8381.469662428759,506.2321323244285,7853.0,8866.4,8866.399999999998,1.8189894035458565e-12,7853.0,0.0,27.86760192897852,20.810506146172052,32.78455920709442,19.058691205336487,0.14248136782113108,0.10214818062253397,0.0933800964489259,0.08044717229285402,0.0797895659798334,0.07299430074528715,0.07058307759754494,0.06773345024112232,0.056992547128452434,0.05392371766768961,0.046470846120122755,0.04384042086804033,0.02893467777290662,0.026742656729504603,0.017536168347216132,0.009425690486628672,0.00657606313020605,0.9102644411188006,0.02246958071223761,0.0,0.0,0.0,0.0,0.0,0.0,0.0,0.0,0.0,0.0,0.0,0.0,0.0,0.0,0.0,0.0,0.0,0.0,0.0,0.0,0.0,0.0,0.0,0.0,0.026304252520824207,0.6247259973695748,9.14072775098641,15.539237176676899,4.432266549758879,0.23673827268741784,4.248117727583847,2.8516308150074114,nan,nan,nan,4.322161422708619,2.8648611708036182,4.173972602739726,2.836384317974098,0.9657141866126726,0.3962,0.010994,0.0,0.0,0.0,0.0,0.0,0.0,0.0,0.0,0.0,0.0,0.12494519947391497,19.221832529592255,10.653222270933803,0.0,0.0,0.0,0.0,0.0,0.0,0.0,0.0,0.0,0.0,0.0,0.0,0.0,0.0,0.0,0.0,0.0,nan,nan,4.248117727583847,2.8516308150074114,nan,0.3962,0.05188,0.0,0.0,0.0,0.0,0.0,0.0,0.0,0.0,0.0,0.0,0.0,0.0,0.0,0.0,0.0,0.0,0.0,0.0,0.0,0.0,0.0,0.0,0.0,0.0,0.0,0.0019180184129767646,0.0024112231477422183,0.0020385795703638755,0.01811705392371767,0.003792196405085489,0.013437088996054362,0.01715256466462078,0.030962297238053486,0.05287154756685664,0.01964050854888207,0.04875054800526085,0.07039675580885577,0.054734765453748356,0.10166593599298553,0.06384261288908373,0.05129329241560719,0.07441911442349847,0.08536825953529154,0.09139631740464708,0.04067295046032442,0.03887549320473477,0.030732135028496272,0.0233669443226655,0.01676896098202543,0.012242437527400262,0.010872424375274003,0.0031236299868478735,0.01310828583954406,0.00048224462954844365,0.000537045155633494,0.004044278825076721,1.0960105217010084e-05,0.0,0.0009425690486628671,0.0,0.0,0.0,1.0960105217010084e-05,0.0,0.0,0.0,0.0,0.0,0.0,0.0,0.0,0.0,0.0,0.0,0.0,0.0,0.0,0.0,0.0,0.0,0.0,0.0,0.0,0.0,0.0,0.0,0.0,0.0,0.0,0.0,0.0,0.0,0.0,0.0,0.0,0.0,0.0,0.0,0.0,0.0,0.0,nan,nan,4.248117727583847,2.8516308150074114,nan,0.9104881158342076,0.02241617696433307,0.0,0.0,0.0,0.0,0.0,0.0,0.0,0.0,0.0,0.0,0.0,0.0,0.0,0.0,0.0,0.0,0.0,0.0,0.0,0.0,0.0,0.0,0.0,0.0,0.03783102143757882,0.5422446406052964,9.129886506935689,15.61160151324086,4.438839848675915,0.23959646910466587,0.9100206838361834,0.022525106106757106,0.0,0.0,0.0,0.0,0.0,0.0,0.0,0.0,0.0,0.0,0.0,0.0,0.0,0.0,0.0,0.0,0.0,0.0,0.0,0.0,0.0,0.0,0.0,0.0,0.013742556115437475,0.7146129180027487,9.152542372881358,15.460375629867158,4.425103069170866,0.23362345396243706,0.3962,0.010994,0.0,0.0,0.0,0.0,0.0,0.0,0.0,0.0,0.0,0.0,0.10088272383354353,19.003783102143732,10.895334174022702,0.0,0.0,0.0,0.0,0.0,0.0,0.0,0.0,0.0,0.0,0.0,0.0,0.0,0.0,0.0,0.0,0.0,0.396,0.010994,0.0,0.0,0.0,0.0,0.0,0.0,0.0,0.0,0.0,0.0,0.15116811726981222,19.45945945945943,10.38937242327073,0.0,0.0,0.0,0.0,0.0,0.0,0.0,0.0,0.0,0.0,0.0,0.0,0.0,0.0,0.0,0.0,0.0
33700,4479,2322,0.5184192900200938,1128,919,0.4570216566197812,1246,0.5563741906675598,0.41,2.930922577654149,3.0638929019224617,6.440456769983687,2.130749269720634,8378.366108506363,506.35606680796116,7853.0,8866.4,8866.399999999998,1.8189894035458565e-12,7853.0,0.0,28.132395624023218,20.901893383039994,33.16422677668353,19.057927413704736,0.14288903773163653,0.09354766688993078,0.09019870506809556,0.08573342263898191,0.0846171020317035,0.07367716008037509,0.06541638758651484,0.06318374637195803,0.06385353873632507,0.0560392944853762,0.04375976780531369,0.044429560169680735,0.03281982585398526,0.023889260995757982,0.01830765795936593,0.010716677829872739,0.006921187765126144,0.9096678075686074,0.02245125312607853,0.0,0.0,0.0,0.0,0.0,0.0,0.0,0.0,0.0,0.0,0.0,0.0,0.0,0.0,0.0,0.0,0.0,0.0,0.0,0.0,0.0,0.0,0.0,0.0,0.02009377093101139,0.7970529135967852,9.189551239115875,15.519089082384465,4.367046215673142,0.10716677829872742,4.187885010266941,2.8646068357687424,nan,nan,nan,4.136457615437629,2.827328165769961,4.240816326530612,2.8997713984972964,1.025229005297554,0.396,0.01091,0.0,0.0,0.0,0.0,0.0,0.0,0.0,0.0,0.0,0.0,0.06697923643670463,19.189551239115843,10.709979906229071,0.033489618218352314,0.0,0.0,0.0,0.0,0.0,0.0,0.0,0.0,0.0,0.0,0.0,0.0,0.0,0.0,0.0,0.0,nan,nan,4.187885010266941,2.8646068357687424,nan,0.396,0.05225,0.0,0.0,0.0,0.0,0.0,0.0,0.0,0.0,0.0,0.0,0.0,0.0,0.0,0.0,0.0,0.0,0.0,0.0,0.0,0.0,0.0,0.0,0.0,0.0,0.0,0.0025117213663764233,0.002880107166778299,0.0024224157177941503,0.01817369948649252,0.0037173476222371066,0.012391158740790355,0.017202500558160305,0.03204956463496316,0.052902433578923866,0.020897521768251843,0.04926322839919625,0.067269479794597,0.055894172806430005,0.09981022549676268,0.0628488501897745,0.05043536503683858,0.07742799732083054,0.08724045545880776,0.08703951774949766,0.04091315025675374,0.039305648582272826,0.03095557043983032,0.022973878097789686,0.01738111185532485,0.011620897521768252,0.01164322393391382,0.00323732976110739,0.013306541638758652,0.00046885465505693236,0.0006363027461486939,0.004398303192676937,0.0,0.0,0.0007814244250948872,0.0,0.0,0.0,0.0,0.0,0.0,0.0,0.0,0.0,0.0,0.0,0.0,0.0,0.0,0.0,0.0,0.0,0.0,0.0,0.0,0.0,0.0,0.0,0.0,0.0,0.0,0.0,0.0,0.0,0.0,0.0,0.0,0.0,0.0,0.0,0.0,0.0,0.0,0.0,0.0,0.0,0.0,nan,nan,4.187885010266941,2.8646068357687424,nan,0.9088798198691737,0.022266017199810105,0.0,0.0,0.0,0.0,0.0,0.0,0.0,0.0,0.0,0.0,0.0,0.0,0.0,0.0,0.0,0.0,0.0,0.0,0.0,0.0,0.0,0.0,0.0,0.0,0.025839793281653752,0.8656330749354008,9.392764857881138,15.697674418604654,3.9018087855297163,0.11627906976744189,0.9105160724912245,0.022618303741357784,0.0,0.0,0.0,0.0,0.0,0.0,0.0,0.0,0.0,0.0,0.0,0.0,0.0,0.0,0.0,0.0,0.0,0.0,0.0,0.0,0.0,0.0,0.0,0.0,0.013908205841446458,0.7232267037552158,8.970792767732965,15.326842837273995,4.867872044506259,0.0973574408901252,0.3962,0.01086,0.0,0.0,0.0,0.0,0.0,0.0,0.0,0.0,0.0,0.0,0.051679586563307504,19.224806201550358,10.658914728682173,0.06459948320413438,0.0,0.0,0.0,0.0,0.0,0.0,0.0,0.0,0.0,0.0,0.0,0.0,0.0,0.0,0.0,0.0,0.396,0.01097,0.0,0.0,0.0,0.0,0.0,0.0,0.0,0.0,0.0,0.0,0.08344923504867874,19.15159944367174,10.764951321279556,0.0,0.0,0.0,0.0,0.0,0.0,0.0,0.0,0.0,0.0,0.0,0.0,0.0,0.0,0.0,0.0,0.0
33800,4496,2356,0.5240213523131673,1124,895,0.4490658362989324,1269,0.5645017793594306,0.40599999999999997,3.0037383177570094,3.083871981586156,6.488782051282051,2.2560181176954566,8384.043238434164,506.114904683252,7853.0,8866.4,8866.4,0.0,7853.0,0.0,28.30849644128114,20.873800578387403,33.0089121887287,19.159260082693,0.13322953736654805,0.10164590747330961,0.08874555160142349,0.08162811387900355,0.08763345195729537,0.07651245551601424,0.07006227758007118,0.06783807829181494,0.05738434163701068,0.05115658362989324,0.04737544483985765,0.03847864768683274,0.03692170818505338,0.025355871886120998,0.016236654804270462,0.01201067615658363,0.007784697508896797,0.9098407660753489,0.023032053348110364,0.0,0.0,0.0,0.0,0.0,0.0,0.0,0.0,0.0,0.0,0.0,0.0,0.0,0.0,0.0,0.0,0.0,0.0,0.0,0.0,0.0,0.0,0.0,0.0,0.02001779359430605,0.8540925266903917,9.174822064056942,15.400355871886124,4.283807829181495,0.26690391459074736,4.190881252126574,2.8753102776521406,nan,nan,nan,4.2124915139171755,2.8392662004089613,4.169167803547067,2.9109154297168076,0.9897154189564593,0.3958,0.011055,0.0,0.0,0.0,0.0,0.0,0.0,0.0,0.0,0.0,0.0,0.10676156583629896,19.66414590747328,10.19572953736655,0.03336298932384342,0.0,0.0,0.0,0.0,0.0,0.0,0.0,0.0,0.0,0.0,0.0,0.0,0.0,0.0,0.0,0.0,nan,nan,4.190881252126574,2.8753102776521406,nan,0.396,0.05246,0.0,0.0,0.0,0.0,0.0,0.0,0.0,0.0,0.0,0.0,0.0,0.0,0.0,0.0,0.0,0.0,0.0,0.0,0.0,0.0,0.0,0.0,0.0,0.0,2.224199288256228e-05,0.0024466192170818505,0.002557829181494662,0.0019906583629893237,0.01895017793594306,0.004259341637010676,0.01231094306049822,0.017548932384341638,0.03349644128113879,0.05246886120996441,0.02089635231316726,0.04685275800711744,0.06931717081850534,0.052980427046263344,0.1067838078291815,0.06221085409252669,0.04855427046263345,0.0763567615658363,0.08801156583629893,0.08633229537366548,0.04018016014234876,0.039679715302491106,0.02968193950177936,0.02247553380782918,0.015369217081850534,0.011832740213523131,0.01093193950177936,0.0037032918149466194,0.015202402135231316,0.00043371886120996444,0.0009119217081850534,0.004326067615658363,3.336298932384342e-05,1.112099644128114e-05,0.0008563167259786477,0.0,2.224199288256228e-05,0.0,0.0,0.0,0.0,0.0,0.0,0.0,0.0,0.0,0.0,0.0,0.0,0.0,0.0,0.0,0.0,0.0,0.0,0.0,0.0,0.0,0.0,0.0,0.0,0.0,0.0,0.0,0.0,0.0,0.0,0.0,0.0,0.0,0.0,0.0,0.0,0.0,0.0,0.0,0.0,nan,nan,4.190881252126574,2.8753102776521406,nan,0.9100767687494362,0.022752184948837094,0.0,0.0,0.0,0.0,0.0,0.0,0.0,0.0,0.0,0.0,0.0,0.0,0.0,0.0,0.0,0.0,0.0,0.0,0.0,0.0,0.0,0.0,0.0,0.0,0.0,0.8786078098471989,8.989813242784383,15.547538200339561,4.35483870967742,0.22920203735144318,0.9095809425706062,0.023333528388529357,0.0,0.0,0.0,0.0,0.0,0.0,0.0,0.0,0.0,0.0,0.0,0.0,0.0,0.0,0.0,0.0,0.0,0.0,0.0,0.0,0.0,0.0,0.0,0.0,0.042056074766355145,0.827102803738318,9.378504672897199,15.23831775700935,4.205607476635515,0.30841121495327106,0.3962,0.01108,0.0,0.0,0.0,0.0,0.0,0.0,0.0,0.0,0.0,0.0,0.11460101867572159,19.176570458404047,10.657894736842108,0.05093378607809848,0.0,0.0,0.0,0.0,0.0,0.0,0.0,0.0,0.0,0.0,0.0,0.0,0.0,0.0,0.0,0.0,0.3955,0.01102,0.0,0.0,0.0,0.0,0.0,0.0,0.0,0.0,0.0,0.0,0.09813084112149535,20.20093457943922,9.68691588785047,0.01401869158878505,0.0,0.0,0.0,0.0,0.0,0.0,0.0,0.0,0.0,0.0,0.0,0.0,0.0,0.0,0.0,0.0
33900,4502,2380,0.5286539315859617,1130,911,0.4533540648600622,1243,0.552199022656597,0.414,3.0367577756833177,3.1663830423563892,6.718909710391823,2.221399754476939,8388.737894269214,505.8672658874161,7853.0,8866.4,8866.399999999998,1.8189894035458565e-12,7853.0,0.0,28.20546423811639,20.93015264052548,33.20259190690294,19.10756045642553,0.14060417592181254,0.09751221679253665,0.08996001776988005,0.08196357174589071,0.08329631274988894,0.0759662372278987,0.07085739671257218,0.06597067969791204,0.05708573967125722,0.051088405153265216,0.047090182141270545,0.03931585961794758,0.03553976010661928,0.025544202576632608,0.020435362061306087,0.012661039537983119,0.005108840515326522,0.9096687826671795,0.02289398066284708,0.0,0.0,0.0,0.0,0.0,0.0,0.0,0.0,0.0,0.0,0.0,0.0,0.0,0.0,0.0,0.0,0.0,0.0,0.0,0.0,0.0,0.0,0.0,0.0,0.013327410039982234,0.8063083074189251,9.102621057307864,15.626388271879168,4.338071968014217,0.11328298533984898,4.291325136612022,2.999117564803058,nan,nan,nan,4.35625,2.9711861349654805,4.228494623655914,3.024575842025563,0.9706730843399515,0.3953,0.01096,0.0,0.0,0.0,0.0,0.0,0.0,0.0,0.0,0.0,0.0,0.1266103953798312,19.91115059973342,9.955575299866728,0.006663705019991117,0.0,0.0,0.0,0.0,0.0,0.0,0.0,0.0,0.0,0.0,0.0,0.0,0.0,0.0,0.0,0.0,nan,nan,4.291325136612022,2.999117564803058,nan,0.3953,0.0524,0.0,0.0,0.0,0.0,0.0,0.0,0.0,0.0,0.0,0.0,0.0,0.0,0.0,0.0,0.0,0.0,0.0,0.0,0.0,0.0,0.0,0.0,0.0,0.0,1.1106175033318526e-05,0.002476677032430031,0.0021879164815637496,0.002476677032430031,0.01896934695690804,0.004709018214127054,0.012250111061750333,0.017803198578409597,0.03356286095068858,0.052965348733896044,0.0221235006663705,0.04586850288760551,0.07234562416703687,0.053853842736561526,0.10907374500222124,0.060217681030653045,0.04782318969346957,0.07471123944913372,0.08897156819191471,0.08802754331408263,0.03893824966681475,0.038971568191914704,0.02575521990226566,0.02252332296756997,0.016537094624611285,0.01159484673478454,0.009451354953354064,0.003942692136828076,0.015448689471346068,0.00045535317636605954,0.0009440248778320746,0.003631719235895158,4.4424700133274104e-05,0.0,0.0013216348289649044,1.1106175033318526e-05,0.0,0.0,0.0,0.0,0.0,0.0,0.0,0.0,0.0,0.0,0.0,0.0,0.0,0.0,0.0,0.0,0.0,0.0,0.0,0.0,0.0,0.0,0.0,0.0,0.0,0.0,0.0,0.0,0.0,0.0,0.0,0.0,0.0,0.0,0.0,0.0,0.0,0.0,0.0,0.0,0.0,nan,nan,4.291325136612022,2.999117564803058,nan,0.9096257210529151,0.022711477829826826,0.0,0.0,0.0,0.0,0.0,0.0,0.0,0.0,0.0,0.0,0.0,0.0,0.0,0.0,0.0,0.0,0.0,0.0,0.0,0.0,0.0,0.0,0.0,0.0,0.0,0.8697478991596641,8.924369747899162,15.731092436974793,4.38655462184874,0.08823529411764708,0.9097170798594271,0.02309686163905758,0.0,0.0,0.0,0.0,0.0,0.0,0.0,0.0,0.0,0.0,0.0,0.0,0.0,0.0,0.0,0.0,0.0,0.0,0.0,0.0,0.0,0.0,0.0,0.0,0.028275212064090487,0.7351555136663527,9.30254476908577,15.508953817153632,4.283694627709709,0.14137606032045244,0.3953,0.01096,0.0,0.0,0.0,0.0,0.0,0.0,0.0,0.0,0.0,0.0,0.11344537815126053,19.7394957983193,10.147058823529413,0.0,0.0,0.0,0.0,0.0,0.0,0.0,0.0,0.0,0.0,0.0,0.0,0.0,0.0,0.0,0.0,0.0,0.3953,0.010956,0.0,0.0,0.0,0.0,0.0,0.0,0.0,0.0,0.0,0.0,0.14137606032045244,20.103675777568306,9.740810556079172,0.014137606032045244,0.0,0.0,0.0,0.0,0.0,0.0,0.0,0.0,0.0,0.0,0.0,0.0,0.0,0.0,0.0,0.0
34000,4692,2344,0.49957374254049447,1072,970,0.4352088661551577,1336,0.5694799658994032,0.39799999999999996,2.8100511073253833,3.0017940968316013,6.283783783783784,2.1655800687879516,8359.268030690535,506.6998158698259,7853.0,8866.4,8866.4,0.0,7853.0,0.0,27.829710144927535,21.016378839868622,32.73471975653056,19.34574379308711,0.13832054560954818,0.10571184995737426,0.09420289855072464,0.08780903665814152,0.0763000852514919,0.0748081841432225,0.07182438192668372,0.06180733162830349,0.05733162830349531,0.049232736572890026,0.049019607843137254,0.035379369138959935,0.03473998294970162,0.026214833759590793,0.017476555839727195,0.011295822676896846,0.008525149190110827,0.909986568178159,0.022655882306151193,0.0,0.0,0.0,0.0,0.0,0.0,0.0,0.0,0.0,0.0,0.0,0.0,0.0,0.0,0.0,0.0,0.0,0.0,0.0,0.0,0.0,0.0,0.0,0.0,0.0,0.8503836317135551,8.82992327365729,15.971867007672637,4.143222506393863,0.2046035805626599,4.32519237203078,2.857606110827564,nan,nan,nan,4.311320754716981,2.807403790936457,4.338870431893688,2.906194104422634,1.006390078294816,0.396,0.011154,0.0,0.0,0.0,0.0,0.0,0.0,0.0,0.0,0.0,0.0,0.07033248081841434,19.1176470588235,10.799232736572893,0.012787723785166244,0.0,0.0,0.0,0.0,0.0,0.0,0.0,0.0,0.0,0.0,0.0,0.0,0.0,0.0,0.0,0.0,nan,nan,4.32519237203078,2.857606110827564,nan,0.396,0.05298,0.0,0.0,0.0,0.0,0.0,0.0,0.0,0.0,0.0,0.0,0.0,0.0,0.0,0.0,0.0,0.0,0.0,0.0,0.0,0.0,0.0,1.0656436487638533e-05,0.0,3.19693094629156e-05,0.0,0.0027280477408354645,0.0024509803921568627,0.0020886615515771528,0.018190537084398977,0.005200341005967605,0.013267263427109974,0.018009377664109122,0.03278985507246377,0.053868286445012785,0.02085464620630861,0.045023444160272805,0.06902173913043479,0.055061807331628305,0.10476342710997442,0.05894075021312873,0.049019607843137254,0.07980605285592497,0.08941815856777494,0.08612531969309463,0.03889599317988065,0.03904518329070759,0.024957374254049446,0.022975277067348678,0.01735933503836317,0.011828644501278773,0.009633418584825235,0.004901960784313725,0.016517476555839728,0.0005967604433077579,0.0011295822676896845,0.0038682864450127878,0.0,1.0656436487638533e-05,0.0015878090366581415,2.1312872975277067e-05,0.0,0.0,0.0,0.0,0.0,0.0,0.0,0.0,0.0,0.0,0.0,0.0,0.0,0.0,0.0,0.0,0.0,0.0,0.0,0.0,0.0,0.0,0.0,0.0,0.0,0.0,0.0,0.0,0.0,0.0,0.0,0.0,0.0,0.0,0.0,0.0,0.0,0.0,0.0,0.0,0.0,nan,nan,4.32519237203078,2.857606110827564,nan,0.9100562916629957,0.02287549655505648,0.0,0.0,0.0,0.0,0.0,0.0,0.0,0.0,0.0,0.0,0.0,0.0,0.0,0.0,0.0,0.0,0.0,0.0,0.0,0.0,0.0,0.0,0.0,0.0,0.0,0.9343003412969285,8.690273037542664,16.100682593856657,4.005972696245735,0.26877133105802054,0.9099169634726831,0.022434281808257912,0.0,0.0,0.0,0.0,0.0,0.0,0.0,0.0,0.0,0.0,0.0,0.0,0.0,0.0,0.0,0.0,0.0,0.0,0.0,0.0,0.0,0.0,0.0,0.0,0.0,0.7666098807495743,8.969335604770018,15.843270868824535,4.280238500851789,0.1405451448040886,0.3958,0.01113,0.0,0.0,0.0,0.0,0.0,0.0,0.0,0.0,0.0,0.0,0.10238907849829354,18.980375426621134,10.904436860068262,0.012798634812286692,0.0,0.0,0.0,0.0,0.0,0.0,0.0,0.0,0.0,0.0,0.0,0.0,0.0,0.0,0.0,0.0,0.396,0.01118,0.0,0.0,0.0,0.0,0.0,0.0,0.0,0.0,0.0,0.0,0.038330494037478714,19.25468483816011,10.694207836456561,0.012776831345826238,0.0,0.0,0.0,0.0,0.0,0.0,0.0,0.0,0.0,0.0,0.0,0.0,0.0,0.0,0.0,0.0
34100,4628,2342,0.5060501296456352,1099,939,0.4403630077787381,1318,0.5695764909248056,0.414,2.9426946631671043,3.078833916533509,6.518348623853211,2.1895218280820936,8365.831201382885,506.6629040788385,7853.0,8866.4,8866.4,0.0,7853.0,0.0,28.006266205704407,20.931612822682673,32.96834791559444,19.173847149489756,0.1423941227312014,0.09507346585998272,0.09636992221261884,0.08383751080380294,0.08016421780466725,0.0792999135695765,0.06914433880726016,0.05704407951598963,0.057476231633535005,0.05337078651685393,0.05099394987035436,0.03932584269662921,0.033707865168539325,0.02571305099394987,0.018798617113223854,0.009291270527225583,0.007994814174589455,0.9106821579956864,0.022344423020969454,0.0,0.0,0.0,0.0,0.0,0.0,0.0,0.0,0.0,0.0,0.0,0.0,0.0,0.0,0.0,0.0,0.0,0.0,0.0,0.0,0.0,0.0,0.0,0.0,0.006482281763180641,0.6871218668971479,8.887208297320658,15.726015557476234,4.505185825410545,0.1879861711322386,4.280442804428044,2.8441309364129683,nan,nan,nan,4.306825712392313,2.8092599525891004,4.253396739130435,2.8791891757905326,0.9875943497996347,0.396,0.0108,0.0,0.0,0.0,0.0,0.0,0.0,0.0,0.0,0.0,0.0,0.07130509939498705,19.511668107173698,10.410544511668109,0.006482281763180641,0.0,0.0,0.0,0.0,0.0,0.0,0.0,0.0,0.0,0.0,0.0,0.0,0.0,0.0,0.0,0.0,nan,nan,4.280442804428044,2.8441309364129683,nan,0.396,0.05267,0.0,0.0,0.0,0.0,0.0,0.0,0.0,0.0,0.0,0.0,0.0,0.0,0.0,0.0,0.0,0.0,0.0,0.0,0.0,0.0,0.0,0.0,7.562662057044079e-05,0.0,0.0,0.002679343128781331,0.0021715643906655142,0.002409248055315471,0.0165514261019879,0.005434312878133103,0.013105012964563527,0.01874459809853068,0.033805099394987034,0.054245894554883316,0.02085133967156439,0.04409031979256698,0.06705920484010372,0.05751944684528954,0.10125324114088159,0.059982713915298184,0.049773120138288676,0.07932152117545375,0.09052506482281764,0.08595505617977528,0.04015773552290406,0.040838375108038026,0.02549697493517718,0.02337942955920484,0.015265773552290406,0.012219101123595505,0.010123163353500431,0.00466724286949006,0.01618409680207433,0.0005509939498703544,0.0005509939498703544,0.0033167675021607604,0.0,3.24114088159032e-05,0.0016637856525496975,0.0,0.0,0.0,0.0,0.0,0.0,0.0,0.0,0.0,0.0,0.0,0.0,0.0,0.0,0.0,0.0,0.0,0.0,0.0,0.0,0.0,0.0,0.0,0.0,0.0,0.0,0.0,0.0,0.0,0.0,0.0,0.0,0.0,0.0,0.0,0.0,0.0,0.0,0.0,0.0,0.0,0.0,nan,nan,4.280442804428044,2.8441309364129683,nan,0.9101622329625586,0.02239904808136677,0.0,0.0,0.0,0.0,0.0,0.0,0.0,0.0,0.0,0.0,0.0,0.0,0.0,0.0,0.0,0.0,0.0,0.0,0.0,0.0,0.0,0.0,0.0,0.0,0.0,0.7173356105892401,9.32536293766012,15.281810418445776,4.508966695132366,0.16652433817250217,0.9112148196000543,0.022275739707423917,0.0,0.0,0.0,0.0,0.0,0.0,0.0,0.0,0.0,0.0,0.0,0.0,0.0,0.0,0.0,0.0,0.0,0.0,0.0,0.0,0.0,0.0,0.0,0.0,0.013123359580052497,0.6561679790026248,8.438320209973755,16.181102362204726,4.501312335958006,0.20997375328083995,0.396,0.0107,0.0,0.0,0.0,0.0,0.0,0.0,0.0,0.0,0.0,0.0,0.07685738684884715,19.43210930828349,10.491033304867637,0.0,0.0,0.0,0.0,0.0,0.0,0.0,0.0,0.0,0.0,0.0,0.0,0.0,0.0,0.0,0.0,0.0,0.396,0.0109,0.0,0.0,0.0,0.0,0.0,0.0,0.0,0.0,0.0,0.0,0.06561679790026248,19.593175853018344,10.328083989501314,0.013123359580052497,0.0,0.0,0.0,0.0,0.0,0.0,0.0,0.0,0.0,0.0,0.0,0.0,0.0,0.0,0.0,0.0
34200,4795,2467,0.5144942648592283,1178,973,0.44859228362877995,1337,0.5576642335766423,0.41,2.8672680412371134,3.0283586495467274,6.361464968152866,2.228559363077419,8374.38848800834,506.4870564190448,7853.0,8866.4,8866.4,0.0,7853.0,0.0,28.12075078206465,21.054064599056098,33.0791956305859,19.322613446828353,0.137851929092805,0.1013555787278415,0.09635036496350365,0.0794577685088634,0.07966631908237748,0.07799791449426485,0.06944734098018769,0.06590198123044838,0.05526590198123045,0.05067778936392075,0.04734098018769552,0.03691345151199166,0.03232533889468196,0.031908237747653806,0.02002085505735141,0.011470281543274244,0.006047966631908238,0.9105798126758698,0.022405856938925276,0.0,0.0,0.0,0.0,0.0,0.0,0.0,0.0,0.0,0.0,0.0,0.0,0.0,0.0,0.0,0.0,0.0,0.0,0.0,0.0,0.0,0.0,0.0,0.0,0.0,0.7632950990615226,8.633993743482796,15.904066736183527,4.535974973931179,0.16266944734098024,4.115755627009646,2.8165980240403177,nan,nan,nan,4.12952380952381,2.796548569259393,4.101694915254237,2.8378765673451216,0.9932609919319532,0.3962,0.01115,0.0,0.0,0.0,0.0,0.0,0.0,0.0,0.0,0.0,0.0,0.10010427528675707,19.0448383733055,10.830031282586031,0.025026068821689267,0.0,0.0,0.0,0.0,0.0,0.0,0.0,0.0,0.0,0.0,0.0,0.0,0.0,0.0,0.0,0.0,nan,nan,4.115755627009646,2.8165980240403177,nan,0.3962,0.05298,0.0,0.0,0.0,0.0,0.0,0.0,0.0,0.0,0.0,0.0,0.0,0.0,0.0,0.0,0.0,0.0,0.0,0.0,0.0,0.0,0.0,0.0,0.00014598540145985403,0.0,2.0855057351407717e-05,0.0024087591240875912,0.002669447340980188,0.0026068821689259644,0.015547445255474452,0.005672575599582899,0.012586027111574557,0.019697601668404587,0.03644421272158498,0.054264859228362876,0.021147028154327424,0.04302398331595412,0.06580813347236705,0.05680917622523462,0.10004171011470281,0.05882168925964546,0.0467466110531804,0.07888425443169969,0.09238790406673618,0.08612095933263816,0.042116788321167886,0.04273201251303441,0.025495307612095935,0.023420229405630866,0.014723670490093847,0.012148070907194995,0.010302398331595412,0.004191866527632951,0.016204379562043795,0.0004275286757038582,0.00045881126173096974,0.0036809176225234617,3.128258602711157e-05,4.1710114702815434e-05,0.0021689259645464023,0.0,0.0,0.0,0.0,0.0,0.0,0.0,0.0,0.0,0.0,0.0,0.0,0.0,0.0,0.0,0.0,0.0,0.0,0.0,0.0,0.0,0.0,0.0,0.0,0.0,0.0,0.0,0.0,0.0,0.0,0.0,0.0,0.0,0.0,0.0,0.0,0.0,0.0,0.0,0.0,0.0,0.0,nan,nan,4.115755627009646,2.8165980240403177,nan,0.9095869391226411,0.02182574951144421,0.0,0.0,0.0,0.0,0.0,0.0,0.0,0.0,0.0,0.0,0.0,0.0,0.0,0.0,0.0,0.0,0.0,0.0,0.0,0.0,0.0,0.0,0.0,0.0,0.0,0.7539521686258616,8.96230239156871,16.25861370085124,3.9156870693149584,0.10944466963923796,0.9116319686276806,0.022957828048796525,0.0,0.0,0.0,0.0,0.0,0.0,0.0,0.0,0.0,0.0,0.0,0.0,0.0,0.0,0.0,0.0,0.0,0.0,0.0,0.0,0.0,0.0,0.0,0.0,0.0,0.77319587628866,8.286082474226806,15.52835051546392,5.193298969072166,0.21907216494845366,0.3962,0.011215,0.0,0.0,0.0,0.0,0.0,0.0,0.0,0.0,0.0,0.0,0.1337657073368464,18.933927847588137,10.920145926226189,0.012160518848804218,0.0,0.0,0.0,0.0,0.0,0.0,0.0,0.0,0.0,0.0,0.0,0.0,0.0,0.0,0.0,0.0,0.396,0.01107,0.0,0.0,0.0,0.0,0.0,0.0,0.0,0.0,0.0,0.0,0.06443298969072166,19.16237113402059,10.73453608247423,0.038659793814433,0.0,0.0,0.0,0.0,0.0,0.0,0.0,0.0,0.0,0.0,0.0,0.0,0.0,0.0,0.0,0.0
34300,4687,2405,0.513121399615959,1155,944,0.44783443567313846,1318,0.5624066567100491,0.422,2.9360210341805435,3.0288315902938745,6.360182370820668,2.1450575048850506,8372.997226370813,506.5254917285439,7853.0,8866.4,8866.399999999998,1.8189894035458565e-12,7853.0,0.0,28.587369319394067,21.08933304966191,33.50455005055612,19.270039128473883,0.13590783016855132,0.09771708982291444,0.09152976317473864,0.0815020268828675,0.08256880733944955,0.07168764668231278,0.06891401749519949,0.06464689566887134,0.06336675912097291,0.04800512054619159,0.04885854491145722,0.04395135481117986,0.03755067207168765,0.0270962235971837,0.018561979944527417,0.012161297205035204,0.005973970556859398,0.9110585246890853,0.02264946585336271,0.0,0.0,0.0,0.0,0.0,0.0,0.0,0.0,0.0,0.0,0.0,0.0,0.0,0.0,0.0,0.0,0.0,0.0,0.0,0.0,0.0,0.0,0.0,0.0,0.0,0.7808832942180501,8.551312139961597,15.732878173671862,4.755707275442715,0.179219116705782,4.152272727272727,2.8046566154905026,nan,nan,nan,4.119974059662775,2.8200234564710525,4.184655396618986,2.788789310351249,1.015699452477015,0.3967,0.01103,0.0,0.0,0.0,0.0,0.0,0.0,0.0,0.0,0.0,0.0,0.03840409643695328,18.86281203328352,11.07318113932153,0.025602730957968858,0.0,0.0,0.0,0.0,0.0,0.0,0.0,0.0,0.0,0.0,0.0,0.0,0.0,0.0,0.0,0.0,nan,nan,4.152272727272727,2.8046566154905026,nan,0.3967,0.05377,0.0,0.0,0.0,0.0,0.0,0.0,0.0,0.0,0.0,0.0,0.0,0.0,0.0,0.0,0.0,0.0,0.0,0.0,0.0,0.0,0.0,0.0,7.467463196074248e-05,0.0,0.0,0.002506934072967783,0.00301898869212716,0.00300832088756134,0.01652442927245573,0.005899295924898656,0.012982718156603372,0.018305952634947727,0.036473223810539794,0.05344570087475997,0.01961809259654363,0.04305525922765095,0.06611905269895456,0.05349903989758908,0.10317900576061446,0.05991039044164711,0.04637294644762108,0.07409857051418818,0.08960955835289097,0.09214849583955621,0.038926818860678475,0.042703221676978875,0.026018775336035842,0.02377853637721357,0.014326861531896736,0.012929379133774269,0.011414550885427779,0.004117772562406656,0.01840196287604011,0.00034136974610625133,0.00044804779176445486,0.0040857691487091955,2.1335609131640708e-05,0.00012801365478984426,0.002506934072967783,0.0,0.0,0.0,0.0,0.0,0.0,0.0,0.0,0.0,0.0,0.0,0.0,0.0,0.0,0.0,0.0,0.0,0.0,0.0,0.0,0.0,0.0,0.0,0.0,0.0,0.0,0.0,0.0,0.0,0.0,0.0,0.0,0.0,0.0,0.0,0.0,0.0,0.0,0.0,0.0,0.0,0.0,nan,nan,4.152272727272727,2.8046566154905026,nan,0.9114821939607172,0.023064575105957767,0.0,0.0,0.0,0.0,0.0,0.0,0.0,0.0,0.0,0.0,0.0,0.0,0.0,0.0,0.0,0.0,0.0,0.0,0.0,0.0,0.0,0.0,0.0,0.0,0.0,0.785862785862786,8.382536382536385,15.580041580041582,5.027027027027028,0.22453222453222457,0.9106120196065811,0.02219483316922773,0.0,0.0,0.0,0.0,0.0,0.0,0.0,0.0,0.0,0.0,0.0,0.0,0.0,0.0,0.0,0.0,0.0,0.0,0.0,0.0,0.0,0.0,0.0,0.0,0.0,0.7756354075372482,8.729184925503946,15.89395267309378,4.4697633654688875,0.13146362839614376,0.3965,0.01106,0.0,0.0,0.0,0.0,0.0,0.0,0.0,0.0,0.0,0.0,0.024948024948024953,19.222453222453197,10.727650727650731,0.024948024948024953,0.0,0.0,0.0,0.0,0.0,0.0,0.0,0.0,0.0,0.0,0.0,0.0,0.0,0.0,0.0,0.0,0.3967,0.010994,0.0,0.0,0.0,0.0,0.0,0.0,0.0,0.0,0.0,0.0,0.052585451358457505,18.483786152497782,11.437335670464508,0.026292725679228753,0.0,0.0,0.0,0.0,0.0,0.0,0.0,0.0,0.0,0.0,0.0,0.0,0.0,0.0,0.0,0.0
34400,4881,2492,0.5105511165744725,1220,989,0.4525711944273714,1374,0.56299938537185,0.39799999999999996,2.935537881958979,3.0661790027292275,6.4694485842026825,2.1470263968330006,8370.39250153657,506.5871696074529,7853.0,8866.4,8866.4,0.0,7853.0,0.0,27.965171071501743,20.785447917486355,33.09175662414132,18.904605852264748,0.14382298709280886,0.0958819913952059,0.09014546199549273,0.0860479409956976,0.07600901454619954,0.07600901454619954,0.07539438639623028,0.06945298094652735,0.056955541897152226,0.05019463224749027,0.04855562384757222,0.03954107764802295,0.03318992009834051,0.023970497848801474,0.01843884449907806,0.010448678549477565,0.00594140544970293,0.9112181400842438,0.022980119696429747,0.0,0.0,0.0,0.0,0.0,0.0,0.0,0.0,0.0,0.0,0.0,0.0,0.0,0.0,0.0,0.0,0.0,0.0,0.0,0.0,0.0,0.0,0.0,0.0,0.006146281499692687,0.8666256914566689,8.481868469575907,15.685310387215738,4.683466502765827,0.2765826674861709,4.184659090909091,2.853923315870961,nan,nan,nan,4.192259675405743,2.851153918004814,4.176883780332056,2.8567326754678293,0.9963323132954071,0.3967,0.01146,0.0,0.0,0.0,0.0,0.0,0.0,0.0,0.0,0.0,0.0,0.07990165949600495,18.383527965580797,11.505838967424712,0.030731407498463436,0.0,0.0,0.0,0.0,0.0,0.0,0.0,0.0,0.0,0.0,0.0,0.0,0.0,0.0,0.0,0.0,nan,nan,4.184659090909091,2.853923315870961,nan,0.3967,0.05405,0.0,0.0,0.0,0.0,0.0,0.0,0.0,0.0,0.0,0.0,0.0,0.0,0.0,0.0,0.0,0.0,0.0,0.0,0.0,0.0,0.0,0.0,5.121901249743905e-05,0.0,5.121901249743905e-05,0.0026121696373693913,0.0030321655398483915,0.004589223519770539,0.01389059618930547,0.006310182339684491,0.012097930751895103,0.01814177422659291,0.03873181725056341,0.053779963122311,0.01837738168408113,0.045615652530219215,0.0641979102642901,0.052325343167383735,0.104619954927269,0.0612579389469371,0.04767465683261627,0.07181929932390904,0.08844499078057776,0.0913439868879328,0.038147920508092605,0.04278836304036058,0.024769514443761523,0.023304650686334766,0.015683261626715836,0.013286211841835689,0.011135013316943249,0.004148740012292563,0.019913952059004304,0.0004199959024790002,0.0003687768899815612,0.004937512804753124,1.024380249948781e-05,0.00014341323499282934,0.0019770538824011473,0.0,0.0,0.0,0.0,0.0,0.0,0.0,0.0,0.0,0.0,0.0,0.0,0.0,0.0,0.0,0.0,0.0,0.0,0.0,0.0,0.0,0.0,0.0,0.0,0.0,0.0,0.0,0.0,0.0,0.0,0.0,0.0,0.0,0.0,0.0,0.0,0.0,0.0,0.0,0.0,0.0,0.0,nan,nan,4.184659090909091,2.853923315870961,nan,0.9105397067712934,0.022824727858238372,0.0,0.0,0.0,0.0,0.0,0.0,0.0,0.0,0.0,0.0,0.0,0.0,0.0,0.0,0.0,0.0,0.0,0.0,0.0,0.0,0.0,0.0,0.0,0.0,0.012038523274478333,0.9149277688603533,8.824237560192618,15.722311396468703,4.321829855537722,0.20465489566613165,0.9119258235567731,0.023119894965694797,0.0,0.0,0.0,0.0,0.0,0.0,0.0,0.0,0.0,0.0,0.0,0.0,0.0,0.0,0.0,0.0,0.0,0.0,0.0,0.0,0.0,0.0,0.0,0.0,0.0,0.8162411050648809,8.1247383842612,15.646714106320639,5.060694851402261,0.35161155295102564,0.3972,0.01168,0.0,0.0,0.0,0.0,0.0,0.0,0.0,0.0,0.0,0.0,0.08426966292134834,17.937399678972685,11.93017656500803,0.04815409309791333,0.0,0.0,0.0,0.0,0.0,0.0,0.0,0.0,0.0,0.0,0.0,0.0,0.0,0.0,0.0,0.0,0.3965,0.01121,0.0,0.0,0.0,0.0,0.0,0.0,0.0,0.0,0.0,0.0,0.07534533277521976,18.848890749267447,11.063206362494771,0.012557555462536629,0.0,0.0,0.0,0.0,0.0,0.0,0.0,0.0,0.0,0.0,0.0,0.0,0.0,0.0,0.0,0.0
34500,4909,2537,0.5168058667753107,1209,990,0.44795273986555306,1379,0.5618252189855367,0.39799999999999996,3.0438448566610457,3.092682991167434,6.511363636363637,2.1426105475978794,8376.731065390099,506.4136972986395,7853.0,8866.4,8866.4,0.0,7853.0,0.0,28.46180484823793,20.98954569300309,33.35691861869114,19.19680652853188,0.1352617641067427,0.10002037074760643,0.09227948665716032,0.07985333061723365,0.07557547361988184,0.07679771847626808,0.07516805866775311,0.06498268486453453,0.05887146058260338,0.052556528824607866,0.05072316154002852,0.041556325117131795,0.03463027093094317,0.024648604603788957,0.01833367284579344,0.011000203707476064,0.007740884090446119,0.9109767303614442,0.022629047506658704,0.0,0.0,0.0,0.0,0.0,0.0,0.0,0.0,0.0,0.0,0.0,0.0,0.0,0.0,0.0,0.0,0.0,0.0,0.0,0.0,0.0,0.0,0.0,0.0,0.012222448563862297,0.7333469138317378,8.702383377469955,15.742513750254638,4.620085557139948,0.1894479527398656,4.247029393370857,2.8385164000067467,nan,nan,nan,4.2114784778540235,2.8501030172588195,4.2827586206896555,2.826373315827089,1.01692520648282,0.3967,0.01136,0.0,0.0,0.0,0.0,0.0,0.0,0.0,0.0,0.0,0.0,0.09777958851089838,18.559788144224868,11.311876145854557,0.03055612140965574,0.0,0.0,0.0,0.0,0.0,0.0,0.0,0.0,0.0,0.0,0.0,0.0,0.0,0.0,0.0,0.0,nan,nan,4.247029393370857,2.8385164000067467,nan,0.3967,0.05502,0.0,0.0,0.0,0.0,0.0,0.0,0.0,0.0,0.0,0.0,0.0,0.0,0.0,0.0,0.0,0.0,0.0,0.0,0.0,0.0,0.0,1.0185373803218578e-05,6.111224281931147e-05,0.0,0.0,0.003564880831126502,0.0024750458341821144,0.006111224281931147,0.015430841311876145,0.006966795681401508,0.012497453656549196,0.01867997555510287,0.039478508861275206,0.052556528824607866,0.019382766347524952,0.04482583010796496,0.06122428193114687,0.050193522102261155,0.10505194540639641,0.06086779384803422,0.04142391525768996,0.07325320839274801,0.08918313302098187,0.09373599511102057,0.039284986759014054,0.04116928091260949,0.02456712161336321,0.025331024648604605,0.015176206966795681,0.01210022407822367,0.01088816459564066,0.004359339987777552,0.020869830922794867,0.000509268690160929,0.00033611733550621307,0.005713994703605623,1.0185373803218578e-05,0.00018333672845793442,0.0025259727031982076,0.0,0.0,0.0,0.0,0.0,0.0,0.0,0.0,0.0,0.0,0.0,0.0,0.0,0.0,0.0,0.0,0.0,0.0,0.0,0.0,0.0,0.0,0.0,0.0,0.0,0.0,0.0,0.0,0.0,0.0,0.0,0.0,0.0,0.0,0.0,0.0,0.0,0.0,0.0,0.0,0.0,0.0,nan,nan,4.247029393370857,2.8385164000067467,nan,0.9108186319065131,0.022940784601805493,0.0,0.0,0.0,0.0,0.0,0.0,0.0,0.0,0.0,0.0,0.0,0.0,0.0,0.0,0.0,0.0,0.0,0.0,0.0,0.0,0.0,0.0,0.0,0.0,0.011824990145841548,0.756799369333859,8.809617658651952,15.502562081198269,4.682696097753253,0.23649980291683095,0.9111458263901796,0.022289559858879957,0.0,0.0,0.0,0.0,0.0,0.0,0.0,0.0,0.0,0.0,0.0,0.0,0.0,0.0,0.0,0.0,0.0,0.0,0.0,0.0,0.0,0.0,0.0,0.0,0.01264755480607083,0.7082630691399665,8.587689713322092,15.999156829679599,4.553119730185498,0.13912310286677912,0.397,0.011345,0.0,0.0,0.0,0.0,0.0,0.0,0.0,0.0,0.0,0.0,0.08277493102089084,18.529759558533677,11.363815530153728,0.023649980291683095,0.0,0.0,0.0,0.0,0.0,0.0,0.0,0.0,0.0,0.0,0.0,0.0,0.0,0.0,0.0,0.0,0.3965,0.011375,0.0,0.0,0.0,0.0,0.0,0.0,0.0,0.0,0.0,0.0,0.11382799325463747,18.591905564924087,11.256323777403038,0.037942664418212486,0.0,0.0,0.0,0.0,0.0,0.0,0.0,0.0,0.0,0.0,0.0,0.0,0.0,0.0,0.0,0.0
34600,4830,2455,0.5082815734989649,1174,1017,0.45362318840579713,1380,0.5714285714285714,0.40599999999999997,2.925894736842105,3.0882430688139757,6.532724505327245,2.2382949122851166,8368.092546583852,506.63049174110876,7853.0,8866.4,8866.399999999998,1.8189894035458565e-12,7853.0,0.0,27.881780538302277,20.67759760688887,32.663803680981594,18.970286168404318,0.13374741200828158,0.10745341614906832,0.09440993788819876,0.08219461697722567,0.07349896480331262,0.07971014492753623,0.07122153209109731,0.06749482401656315,0.06190476190476191,0.055279503105590065,0.0432712215320911,0.038302277432712216,0.028985507246376812,0.02753623188405797,0.02008281573498965,0.009730848861283644,0.005175983436853002,0.9120017848399855,0.022581574762973143,0.0,0.0,0.0,0.0,0.0,0.0,0.0,0.0,0.0,0.0,0.0,0.0,0.0,0.0,0.0,0.0,0.0,0.0,0.0,0.0,0.0,0.0,0.0,0.0,0.01863354037267081,0.7142857142857145,8.142857142857144,15.96273291925466,4.975155279503106,0.18633540372670812,4.326935380678183,2.9154140646860207,nan,nan,nan,4.3829236739974125,2.918836224628814,4.272151898734177,2.911019513819543,0.9747265105435415,0.3967,0.011154,0.0,0.0,0.0,0.0,0.0,0.0,0.0,0.0,0.0,0.0,0.09937888198757766,18.47826086956519,11.416149068322984,0.006211180124223604,0.0,0.0,0.0,0.0,0.0,0.0,0.0,0.0,0.0,0.0,0.0,0.0,0.0,0.0,0.0,0.0,nan,nan,4.326935380678183,2.9154140646860207,nan,0.3967,0.05527,0.0,0.0,0.0,0.0,0.0,0.0,0.0,0.0,0.0,0.0,0.0,0.0,0.0,0.0,0.0,0.0,0.0,0.0,0.0,0.0,0.0,0.0,0.00010351966873706004,0.0,4.1407867494824014e-05,0.0032712215320910972,0.002846790890269151,0.00546583850931677,0.015238095238095238,0.008291925465838509,0.012660455486542443,0.019026915113871636,0.03870600414078675,0.05420289855072464,0.018146997929606626,0.0465527950310559,0.0582815734989648,0.04974120082815735,0.10372670807453416,0.06195652173913044,0.04132505175983437,0.07380952380952381,0.09192546583850932,0.09280538302277433,0.038685300207039336,0.03917184265010352,0.02365424430641822,0.024575569358178055,0.015434782608695652,0.012484472049689442,0.012577639751552796,0.004285714285714286,0.02230848861283644,0.0004865424430641822,0.00019668737060041407,0.005496894409937888,1.0351966873706003e-05,0.0002380952380952381,0.002256728778467909,0.0,0.0,0.0,0.0,1.0351966873706003e-05,0.0,0.0,0.0,0.0,0.0,0.0,0.0,0.0,0.0,0.0,0.0,0.0,0.0,0.0,0.0,0.0,0.0,0.0,0.0,0.0,0.0,0.0,0.0,0.0,0.0,0.0,0.0,0.0,0.0,0.0,0.0,0.0,0.0,0.0,0.0,0.0,0.0,nan,nan,4.326935380678183,2.9154140646860207,nan,0.9118635493237714,0.02277316817475036,0.0,0.0,0.0,0.0,0.0,0.0,0.0,0.0,0.0,0.0,0.0,0.0,0.0,0.0,0.0,0.0,0.0,0.0,0.0,0.0,0.0,0.0,0.0,0.0,0.012219959266802447,0.7209775967413444,8.407331975560083,15.629327902240329,4.985743380855398,0.24439918533604893,0.91214467671043,0.02238090644603704,0.0,0.0,0.0,0.0,0.0,0.0,0.0,0.0,0.0,0.0,0.0,0.0,0.0,0.0,0.0,0.0,0.0,0.0,0.0,0.0,0.0,0.0,0.0,0.0,0.02526315789473685,0.7073684210526318,7.8694736842105275,16.307368421052633,4.9642105263157905,0.12631578947368424,0.3967,0.01113,0.0,0.0,0.0,0.0,0.0,0.0,0.0,0.0,0.0,0.0,0.07331975560081468,18.501018329938873,11.425661914460289,0.0,0.0,0.0,0.0,0.0,0.0,0.0,0.0,0.0,0.0,0.0,0.0,0.0,0.0,0.0,0.0,0.0,0.3967,0.01118,0.0,0.0,0.0,0.0,0.0,0.0,0.0,0.0,0.0,0.0,0.12631578947368424,18.454736842105234,11.406315789473688,0.012631578947368424,0.0,0.0,0.0,0.0,0.0,0.0,0.0,0.0,0.0,0.0,0.0,0.0,0.0,0.0,0.0,0.0
34700,4879,2472,0.5066612010657922,1162,1013,0.44578807132609144,1367,0.5603607296577168,0.39399999999999996,2.8770253427503114,3.0141336848506346,6.391304347826087,2.083298893746585,8366.450461160075,506.6550318255273,7853.0,8866.4,8866.4,0.0,7853.0,0.0,27.864111498257838,20.757764647948385,32.7982905982906,19.00619645782534,0.1369133019061283,0.10739905718384915,0.08772289403566305,0.08628817380610782,0.08136913301906128,0.07378561180569788,0.06968641114982578,0.06517729042836647,0.06087312973970076,0.05349456855913097,0.042631686821069895,0.03955728632916581,0.03361344537815126,0.030334084853453576,0.017011682721869235,0.008403361344537815,0.005738880918220947,0.9125300643995762,0.02280130287842655,0.0,0.0,0.0,0.0,0.0,0.0,0.0,0.0,0.0,0.0,0.0,0.0,0.0,0.0,0.0,0.0,0.0,0.0,0.0,0.0,0.0,0.0,0.0,0.0,0.012297601967616317,0.7317073170731709,7.907358065177292,15.765525722484119,5.361754457880715,0.22135683541709372,4.140390150303806,2.7648120574153157,nan,nan,nan,4.119845360824742,2.7585047452732385,4.158195679796696,2.7700532882330924,1.009308679237484,0.397,0.01142,0.0,0.0,0.0,0.0,0.0,0.0,0.0,0.0,0.0,0.0,0.0737856118056979,18.188153310104504,11.731912277105968,0.0061488009838081585,0.0,0.0,0.0,0.0,0.0,0.0,0.0,0.0,0.0,0.0,0.0,0.0,0.0,0.0,0.0,0.0,nan,nan,4.140390150303806,2.7648120574153157,nan,0.397,0.0553,0.0,0.0,0.0,0.0,0.0,0.0,0.0,0.0,0.0,0.0,0.0,0.0,0.0,0.0,0.0,0.0,0.0,0.0,0.0,0.0,0.0,0.0,7.173601147776183e-05,0.0,7.173601147776183e-05,0.0030334084853453577,0.0033408485345357655,0.006220536995285919,0.014531666325066611,0.008628817380610781,0.012564050010248002,0.018651362984218076,0.03860422217667555,0.054457880713260916,0.018425906948145113,0.04483500717360115,0.0596023775363804,0.05009223201475712,0.10121951219512196,0.06411149825783972,0.041278950604632096,0.0713363394138143,0.09024390243902439,0.0953269112523058,0.040284894445583114,0.03905513424882148,0.022924779667964745,0.025630252100840335,0.01481861037097766,0.013178930108628818,0.013424882147981144,0.003709776593564255,0.021695019471203114,0.0006661201065792171,0.00013322402131584342,0.005328960852633737,4.099200655872105e-05,5.124000819840131e-05,0.002367288378766141,4.099200655872105e-05,0.0,0.0,0.0,0.0,0.0,0.0,0.0,0.0,0.0,0.0,0.0,0.0,0.0,0.0,0.0,0.0,0.0,0.0,0.0,0.0,0.0,0.0,0.0,0.0,0.0,0.0,0.0,0.0,0.0,0.0,0.0,0.0,0.0,0.0,0.0,0.0,0.0,0.0,0.0,0.0,0.0,nan,nan,4.140390150303806,2.7648120574153157,nan,0.9126396724851772,0.022505023661606276,0.0,0.0,0.0,0.0,0.0,0.0,0.0,0.0,0.0,0.0,0.0,0.0,0.0,0.0,0.0,0.0,0.0,0.0,0.0,0.0,0.0,0.0,0.0,0.0,0.01213592233009709,0.6553398058252429,7.645631067961166,16.17718446601942,5.25485436893204,0.2548543689320389,0.9124174963947544,0.023101086923410053,0.0,0.0,0.0,0.0,0.0,0.0,0.0,0.0,0.0,0.0,0.0,0.0,0.0,0.0,0.0,0.0,0.0,0.0,0.0,0.0,0.0,0.0,0.0,0.0,0.01246364769422518,0.8101371001246367,8.176152887411718,15.342750311591196,5.471541337764854,0.1869547154133777,0.397,0.0113,0.0,0.0,0.0,0.0,0.0,0.0,0.0,0.0,0.0,0.0,0.08495145631067963,18.167475728155313,11.747572815533983,0.0,0.0,0.0,0.0,0.0,0.0,0.0,0.0,0.0,0.0,0.0,0.0,0.0,0.0,0.0,0.0,0.0,0.397,0.01154,0.0,0.0,0.0,0.0,0.0,0.0,0.0,0.0,0.0,0.0,0.06231823847112589,18.209389281262954,11.715828832571669,0.01246364769422518,0.0,0.0,0.0,0.0,0.0,0.0,0.0,0.0,0.0,0.0,0.0,0.0,0.0,0.0,0.0,0.0
34800,4636,2429,0.5239430543572045,1217,890,0.45448662640207077,1219,0.5258843830888698,0.414,2.9587675577707295,3.1665194492748294,6.631160572337043,2.2913500344940374,8383.963891285592,506.11871490756084,7853.0,8866.4,8866.4,0.0,7853.0,0.0,28.297454702329595,20.82380586844634,33.065527791942884,19.088845653758945,0.13395168248490077,0.10094909404659189,0.09232096635030199,0.08239861949956859,0.0815358067299396,0.07614322691975842,0.06578947368421052,0.067946505608283,0.06190681622088007,0.05220017256255392,0.0498274374460742,0.037748058671268334,0.036022433132010354,0.026531492666091457,0.019413287316652286,0.008843830888697153,0.0064710957722174285,0.9136777777832268,0.02309240319512199,0.0,0.0,0.0,0.0,0.0,0.0,0.0,0.0,0.0,0.0,0.0,0.0,0.0,0.0,0.0,0.0,0.0,0.0,0.0,0.0,0.0,0.0,0.0,0.0,0.0,0.6276962899050907,7.65530629853322,15.99007765314927,5.371009490940468,0.3559102674719587,4.141862777593636,2.986062127712151,nan,nan,nan,4.066489361702128,2.9326834735903233,4.216787838730998,3.0363401096818974,1.0369602533439208,0.397,0.01143,0.0,0.0,0.0,0.0,0.0,0.0,0.0,0.0,0.0,0.0,0.11000862812769631,18.21613459879204,11.647972389991375,0.02588438308886972,0.0,0.0,0.0,0.0,0.0,0.0,0.0,0.0,0.0,0.0,0.0,0.0,0.0,0.0,0.0,0.0,nan,nan,4.141862777593636,2.986062127712151,nan,0.397,0.05606,0.0,0.0,0.0,0.0,0.0,0.0,0.0,0.0,0.0,0.0,0.0,0.0,0.0,0.0,0.0,0.0,0.0,0.0,0.0,0.0,0.0,0.0,5.392579810181191e-05,1.0785159620362381e-05,6.47109577221743e-05,0.002610008628127696,0.004314063848144953,0.006136755823986195,0.01499137187230371,0.009652717860224331,0.013556945642795514,0.019046591889559965,0.03898835202761001,0.0541846419327006,0.017525884383088868,0.04514667817083693,0.058099654874892145,0.050571613459879206,0.10110008628127697,0.06419327006039689,0.040066867989646246,0.07034081104400346,0.08999137187230372,0.09288179465056083,0.03895599654874892,0.04017471958584987,0.024439171699741156,0.02359792924935289,0.015293356341673857,0.013664797238999138,0.013999137187230372,0.004626833477135462,0.022443917169974115,0.0006363244176013805,0.0002372735116479724,0.005770060396893874,5.392579810181191e-05,6.47109577221743e-05,0.002372735116479724,0.00014020707506471095,0.0,0.0,0.0,0.0,0.0,0.0,0.0,0.0,0.0,0.0,0.0,0.0,0.0,0.0,0.0,0.0,0.0,0.0,0.0,0.0,0.0,0.0,0.0,0.0,0.0,0.0,0.0,0.0,0.0,0.0,0.0,0.0,0.0,0.0,0.0,0.0,0.0,0.0,0.0,0.0,0.0,nan,nan,4.141862777593636,2.986062127712151,nan,0.9134471238076614,0.02277756367962601,0.0,0.0,0.0,0.0,0.0,0.0,0.0,0.0,0.0,0.0,0.0,0.0,0.0,0.0,0.0,0.0,0.0,0.0,0.0,0.0,0.0,0.0,0.0,0.0,0.0,0.6545903664059286,7.6574722107863336,16.216550020584606,5.162618361465626,0.30876904075751344,0.9139316330195878,0.023431398650938025,0.0,0.0,0.0,0.0,0.0,0.0,0.0,0.0,0.0,0.0,0.0,0.0,0.0,0.0,0.0,0.0,0.0,0.0,0.0,0.0,0.0,0.0,0.0,0.0,0.0,0.598096964204803,7.6529225192569115,15.740824648844589,5.6003624830086105,0.40779338468509296,0.397,0.011314,0.0,0.0,0.0,0.0,0.0,0.0,0.0,0.0,0.0,0.0,0.08645533141210376,17.908604363935748,11.992589543021822,0.012350761630300537,0.0,0.0,0.0,0.0,0.0,0.0,0.0,0.0,0.0,0.0,0.0,0.0,0.0,0.0,0.0,0.0,0.3967,0.011536,0.0,0.0,0.0,0.0,0.0,0.0,0.0,0.0,0.0,0.0,0.1359311282283643,18.5545990031717,11.268690530131403,0.04077933846850929,0.0,0.0,0.0,0.0,0.0,0.0,0.0,0.0,0.0,0.0,0.0,0.0,0.0,0.0,0.0,0.0
34900,4856,2504,0.515650741350906,1227,936,0.44542833607907745,1336,0.5502471169686985,0.422,3.0187074829931975,3.167730098297248,6.634110787172012,2.1507208797505566,8375.56046128501,506.45171119054044,7853.0,8866.4,8866.4,0.0,7853.0,0.0,27.975906095551895,20.767651336965983,32.804443359375,19.020229510896616,0.1377677100494234,0.10028830313014828,0.09163920922570017,0.085667215815486,0.07866556836902801,0.07907742998352553,0.07084019769357495,0.06280889621087314,0.05971993410214168,0.057454695222405275,0.045098846787479406,0.03706754530477759,0.02985996705107084,0.02985996705107084,0.017092257001647446,0.01029654036243822,0.006795716639209226,0.913497881635508,0.02267047338688418,0.0,0.0,0.0,0.0,0.0,0.0,0.0,0.0,0.0,0.0,0.0,0.0,0.0,0.0,0.0,0.0,0.0,0.0,0.0,0.0,0.0,0.0,0.0,0.0,0.024711696869851734,0.4200988467874795,7.944810543657333,15.889621087314666,5.424217462932456,0.2965403624382208,4.34752,2.9763114503693995,nan,nan,nan,4.3401273885350315,2.959640619270713,4.354983922829582,2.9930303686268993,1.0034230641095458,0.397,0.01171,0.0,0.0,0.0,0.0,0.0,0.0,0.0,0.0,0.0,0.0,0.09266886326194401,18.19398682042831,11.66392092257002,0.04942339373970347,0.0,0.0,0.0,0.0,0.0,0.0,0.0,0.0,0.0,0.0,0.0,0.0,0.0,0.0,0.0,0.0,nan,nan,4.34752,2.9763114503693995,nan,0.397,0.05612,0.0,0.0,0.0,0.0,0.0,0.0,0.0,0.0,0.0,0.0,0.0,0.0,0.0,0.0,0.0,0.0,0.0,0.0,0.0,0.0,0.0,0.0,0.0,1.029654036243822e-05,9.266886326194399e-05,0.0029654036243822075,0.0034287479406919273,0.005426276771004942,0.015084431630971994,0.009060955518945634,0.012180807248764415,0.019254530477759473,0.039569604612850084,0.05282125205930807,0.018513179571663922,0.045974052718286654,0.06152182866556837,0.04972199341021417,0.10583813838550248,0.06487850082372323,0.04159802306425041,0.06639209225700164,0.08612026359143328,0.0907845963756178,0.03862232289950577,0.04063014827018122,0.02367174629324547,0.022878912685337725,0.01653624382207578,0.014518121911037891,0.01348846787479407,0.004911449752883031,0.02327018121911038,0.0006589785831960461,0.0005457166392092257,0.005766062602965404,2.059308072487644e-05,0.0004427512355848435,0.0027388797364085666,6.177924217462933e-05,0.0,0.0,0.0,0.0,0.0,0.0,0.0,0.0,0.0,0.0,0.0,0.0,0.0,0.0,0.0,0.0,0.0,0.0,0.0,0.0,0.0,0.0,0.0,0.0,0.0,0.0,0.0,0.0,0.0,0.0,0.0,0.0,0.0,0.0,0.0,0.0,0.0,0.0,0.0,0.0,0.0,nan,nan,4.34752,2.9763114503693995,nan,0.9133162748175688,0.02239022535250902,0.0,0.0,0.0,0.0,0.0,0.0,0.0,0.0,0.0,0.0,0.0,0.0,0.0,0.0,0.0,0.0,0.0,0.0,0.0,0.0,0.0,0.0,0.0,0.0,0.03594249201277956,0.4193290734824282,8.146964856230033,15.754792332268373,5.427316293929714,0.21565495207667737,0.9136912249484841,0.022963495990463864,0.0,0.0,0.0,0.0,0.0,0.0,0.0,0.0,0.0,0.0,0.0,0.0,0.0,0.0,0.0,0.0,0.0,0.0,0.0,0.0,0.0,0.0,0.0,0.0,0.01275510204081633,0.4209183673469389,7.729591836734696,16.033163265306126,5.42091836734694,0.3826530612244899,0.3972,0.01177,0.0,0.0,0.0,0.0,0.0,0.0,0.0,0.0,0.0,0.0,0.10782747603833868,18.019169329073456,11.801118210862622,0.07188498402555912,0.0,0.0,0.0,0.0,0.0,0.0,0.0,0.0,0.0,0.0,0.0,0.0,0.0,0.0,0.0,0.0,0.397,0.011635,0.0,0.0,0.0,0.0,0.0,0.0,0.0,0.0,0.0,0.0,0.07653061224489797,18.380102040816297,11.517857142857146,0.02551020408163266,0.0,0.0,0.0,0.0,0.0,0.0,0.0,0.0,0.0,0.0,0.0,0.0,0.0,0.0,0.0,0.0
35000,4759,2474,0.5198571128388317,1216,1001,0.4658541710443371,1357,0.5702878756041185,0.41,2.9426695842450767,3.0127003027218255,6.381172839506172,2.077529065863874,8379.82319815087,506.3002536995025,7853.0,8866.4,8866.4,0.0,7853.0,0.0,29.04496743013238,20.874113001653253,33.74389943307863,18.99733976882237,0.13006934229880227,0.0905652447993276,0.0897247320865728,0.08005883588989283,0.08089934860264761,0.07963857953351544,0.07354486236604328,0.06513973523849548,0.06366883799117462,0.04811935280521118,0.05337255725992856,0.046858583736079006,0.0342508930447573,0.026476150451775583,0.022903971422567768,0.009665896196679975,0.005043076276528682,0.9134689996186914,0.02284223260509664,0.0,0.0,0.0,0.0,0.0,0.0,0.0,0.0,0.0,0.0,0.0,0.0,0.0,0.0,0.0,0.0,0.0,0.0,0.0,0.0,0.0,0.0,0.0,0.0,0.006303845345660855,0.605169153183442,7.570918260138686,16.09371716747216,5.427610842613996,0.29628073124606014,4.105956112852665,2.8588632917573955,nan,nan,nan,4.102117061021171,2.8977223848948377,4.110549589387239,2.8196644807253803,1.0020556527862639,0.3972,0.01133,0.0,0.0,0.0,0.0,0.0,0.0,0.0,0.0,0.0,0.0,0.11346921622189537,17.99747846186171,11.844925404496745,0.04412691741962598,0.0,0.0,0.0,0.0,0.0,0.0,0.0,0.0,0.0,0.0,0.0,0.0,0.0,0.0,0.0,0.0,nan,nan,4.105956112852665,2.8588632917573955,nan,0.3972,0.05603,0.0,0.0,0.0,0.0,0.0,0.0,0.0,0.0,0.0,0.0,0.0,0.0,0.0,0.0,0.0,0.0,0.0,0.0,0.0,0.0,0.0,0.0,1.0506408909434756e-05,0.0,3.1519226728304264e-05,0.0031098970371926877,0.003046858583736079,0.0056944736289136376,0.016516074805631435,0.00793233872662324,0.011662113889472579,0.01917419625971843,0.0384219373818029,0.05234292918680395,0.018102542550956082,0.047625551586467745,0.056482454297121246,0.054822441689430554,0.10718638369405337,0.06518176087413322,0.04061777684387476,0.06717797856692583,0.08519646984660643,0.09025005253204454,0.04103803320025216,0.04058625761714646,0.02287245219583946,0.021391048539609162,0.016232401765076697,0.01577011977306157,0.0133011136793444,0.005053582685438117,0.022830426560201723,0.00048329480983399874,0.0005778524900189115,0.005904601807102333,0.0,0.00038873712964908596,0.0028052111788190795,0.00017860895146039083,0.0,0.0,0.0,0.0,0.0,0.0,0.0,0.0,0.0,0.0,0.0,0.0,0.0,0.0,0.0,0.0,0.0,0.0,0.0,0.0,0.0,0.0,0.0,0.0,0.0,0.0,0.0,0.0,0.0,0.0,0.0,0.0,0.0,0.0,0.0,0.0,0.0,0.0,0.0,0.0,0.0,nan,nan,4.105956112852665,2.8588632917573955,nan,0.9136012543230743,0.022910459444264047,0.0,0.0,0.0,0.0,0.0,0.0,0.0,0.0,0.0,0.0,0.0,0.0,0.0,0.0,0.0,0.0,0.0,0.0,0.0,0.0,0.0,0.0,0.0,0.0,0.012126111560226357,0.6305578011317706,7.42118027485853,16.164106709781734,5.4810024252223135,0.29102667744543254,0.9133258056849306,0.02276726578756962,0.0,0.0,0.0,0.0,0.0,0.0,0.0,0.0,0.0,0.0,0.0,0.0,0.0,0.0,0.0,0.0,0.0,0.0,0.0,0.0,0.0,0.0,0.0,0.0,0.0,0.5776805251641138,7.733041575492343,16.017505470459522,5.369803063457331,0.3019693654266959,0.3972,0.01142,0.0,0.0,0.0,0.0,0.0,0.0,0.0,0.0,0.0,0.0,0.1333872271624899,17.789005658852034,12.01697655618432,0.06063055780113178,0.0,0.0,0.0,0.0,0.0,0.0,0.0,0.0,0.0,0.0,0.0,0.0,0.0,0.0,0.0,0.0,0.397,0.01122,0.0,0.0,0.0,0.0,0.0,0.0,0.0,0.0,0.0,0.0,0.09190371991247268,18.223194748358836,11.65864332603939,0.026258205689277905,0.0,0.0,0.0,0.0,0.0,0.0,0.0,0.0,0.0,0.0,0.0,0.0,0.0,0.0,0.0,0.0
35100,4651,2424,0.5211782412384434,1156,945,0.4517308105783702,1263,0.5431090088153085,0.434,2.9196228109564437,3.1346530287672043,6.62751677852349,2.3698712637536796,8381.162029671039,506.2452679111176,7853.0,8866.4,8866.4,0.0,7853.0,0.0,27.66566329821544,20.791038387653444,32.78901212277534,18.97908526679321,0.14534508707804772,0.10148355192431735,0.09094818318641153,0.08385293485271984,0.08363792732745647,0.0748226187916577,0.06837239303375618,0.05762201677058697,0.06063212212427435,0.05504192646742636,0.04536658783057407,0.039346377123199314,0.035261234143195014,0.025800903031606107,0.018705654697914426,0.00967533863685229,0.0040851429800043,0.9130849385487088,0.022783204094076526,0.0,0.0,0.0,0.0,0.0,0.0,0.0,0.0,0.0,0.0,0.0,0.0,0.0,0.0,0.0,0.0,0.0,0.0,0.0,0.0,0.0,0.0,0.0,0.0,0.012900451515803057,0.6385723500322512,7.901526553429371,15.91270694474307,5.218232638142336,0.31606106213717483,4.2220361687876755,2.962355352834651,nan,nan,nan,4.266932270916334,2.999412650238174,4.175118323191345,2.9240607738654445,0.9784824454911556,0.3967,0.011185,0.0,0.0,0.0,0.0,0.0,0.0,0.0,0.0,0.0,0.0,0.07095248333691681,18.563749731240566,11.365297785422493,0.0,0.0,0.0,0.0,0.0,0.0,0.0,0.0,0.0,0.0,0.0,0.0,0.0,0.0,0.0,0.0,0.0,nan,nan,4.2220361687876755,2.962355352834651,nan,0.3967,0.05585,0.0,0.0,0.0,0.0,0.0,0.0,0.0,0.0,0.0,0.0,0.0,0.0,0.0,0.0,0.0,0.0,0.0,0.0,0.0,0.0,0.0,0.0,0.0,0.0,0.0,0.0028488497097398408,0.002558589550634272,0.005203182111373898,0.016200817028596,0.008632552139324876,0.012190926682433885,0.020748226187916576,0.03855084927972479,0.053106858740055905,0.018189636637282305,0.045474091593205763,0.058815308535798756,0.05531068587400559,0.10804128144485058,0.06458826058912062,0.042399483981939365,0.0687164050741776,0.08539023865835305,0.08661578155235433,0.03955063427219953,0.04020640722425285,0.022554289400129005,0.021178241238443345,0.016426574930122555,0.014663513222962804,0.013384218447645667,0.005407439260374113,0.022801548054181896,0.0006987744571059987,0.0011610406364222748,0.005299935497742421,2.150075252633842e-05,0.00010750376263169211,0.0027735970758976563,0.00018275639647387658,0.0,0.0,0.0,0.0,0.0,0.0,0.0,0.0,0.0,0.0,0.0,0.0,0.0,0.0,0.0,0.0,0.0,0.0,0.0,0.0,0.0,0.0,0.0,0.0,0.0,0.0,0.0,0.0,0.0,0.0,0.0,0.0,0.0,0.0,0.0,0.0,0.0,0.0,0.0,0.0,0.0,nan,nan,4.2220361687876755,2.962355352834651,nan,0.9132707736673135,0.022988318169941038,0.0,0.0,0.0,0.0,0.0,0.0,0.0,0.0,0.0,0.0,0.0,0.0,0.0,0.0,0.0,0.0,0.0,0.0,0.0,0.0,0.0,0.0,0.0,0.0,0.0,0.5693069306930694,7.90841584158416,15.779702970297032,5.371287128712873,0.3712871287128714,0.9128826644905598,0.022556085791890543,0.0,0.0,0.0,0.0,0.0,0.0,0.0,0.0,0.0,0.0,0.0,0.0,0.0,0.0,0.0,0.0,0.0,0.0,0.0,0.0,0.0,0.0,0.0,0.0,0.026942074539739565,0.7139649753030985,7.894027840143693,16.05747642568478,5.051638976201168,0.2559497081275259,0.3967,0.01109,0.0,0.0,0.0,0.0,0.0,0.0,0.0,0.0,0.0,0.0,0.061881188118811895,18.589108910891063,11.349009900990103,0.0,0.0,0.0,0.0,0.0,0.0,0.0,0.0,0.0,0.0,0.0,0.0,0.0,0.0,0.0,0.0,0.0,0.3967,0.01129,0.0,0.0,0.0,0.0,0.0,0.0,0.0,0.0,0.0,0.0,0.08082622361921869,18.536147283340792,11.383026493039967,0.0,0.0,0.0,0.0,0.0,0.0,0.0,0.0,0.0,0.0,0.0,0.0,0.0,0.0,0.0,0.0,0.0
35200,4940,2503,0.5066801619433199,1173,1039,0.4477732793522267,1425,0.5769230769230769,0.40199999999999997,2.9839967172753386,3.0841285547349027,6.438122332859175,2.181344125239307,8366.46967611336,506.6547754490428,7853.0,8866.4,8866.4,0.0,7853.0,0.0,28.251012145748987,21.19205003782127,33.412448534754176,19.35018835387455,0.14412955465587043,0.09939271255060729,0.08582995951417004,0.08198380566801619,0.0874493927125506,0.07024291497975708,0.07105263157894737,0.061133603238866394,0.05789473684210526,0.05465587044534413,0.044534412955465584,0.04068825910931174,0.03461538461538462,0.026923076923076925,0.019838056680161944,0.012550607287449392,0.00708502024291498,0.9137979185653602,0.02335957304179467,0.0,0.0,0.0,0.0,0.0,0.0,0.0,0.0,0.0,0.0,0.0,0.0,0.0,0.0,0.0,0.0,0.0,0.0,0.0,0.0,0.0,0.0,0.0,0.0,0.006072874493927127,0.6376518218623484,7.688259109311742,15.740890688259112,5.62348178137652,0.3036437246963563,4.315051417887192,2.877930065784269,nan,nan,nan,4.228536133415688,2.8988977512330245,4.403144654088051,2.853728034704136,1.0412929002291198,0.396,0.01165,0.0,0.0,0.0,0.0,0.0,0.0,0.0,0.0,0.0,0.0,0.1396761133603239,18.80769230769228,11.03441295546559,0.01821862348178138,0.0,0.0,0.0,0.0,0.0,0.0,0.0,0.0,0.0,0.0,0.0,0.0,0.0,0.0,0.0,0.0,nan,nan,4.315051417887192,2.877930065784269,nan,0.396,0.0562,0.0,0.0,0.0,0.0,0.0,0.0,0.0,0.0,0.0,0.0,0.0,0.0,0.0,0.0,0.0,0.0,0.0,0.0,0.0,0.0,0.0,0.0,0.0,0.0,1.0121457489878542e-05,0.0038866396761133605,0.002854251012145749,0.005597165991902834,0.016700404858299597,0.00841093117408907,0.013006072874493927,0.021265182186234816,0.04142712550607287,0.05393724696356275,0.018157894736842106,0.04501012145748988,0.05640688259109312,0.055951417004048584,0.10559716599190283,0.06448380566801619,0.04243927125506073,0.07222672064777327,0.08423076923076923,0.0850506072874494,0.037176113360323886,0.038147773279352225,0.024625506072874493,0.02097165991902834,0.016417004048582998,0.015182186234817813,0.012530364372469635,0.006751012145748988,0.021791497975708504,0.0008906882591093117,0.0010425101214574899,0.005060728744939271,6.072874493927126e-05,0.00012145748987854252,0.0024696356275303645,0.00011133603238866397,0.0,0.0,0.0,0.0,0.0,0.0,0.0,0.0,0.0,0.0,0.0,0.0,0.0,0.0,0.0,0.0,0.0,0.0,0.0,0.0,0.0,0.0,0.0,0.0,0.0,0.0,0.0,0.0,0.0,0.0,0.0,0.0,0.0,0.0,0.0,0.0,0.0,0.0,0.0,0.0,0.0,nan,nan,4.315051417887192,2.877930065784269,nan,0.9139790349705811,0.02336286840559447,0.0,0.0,0.0,0.0,0.0,0.0,0.0,0.0,0.0,0.0,0.0,0.0,0.0,0.0,0.0,0.0,0.0,0.0,0.0,0.0,0.0,0.0,0.0,0.0,0.0,0.7191370355573314,7.491010787055535,15.737115461446267,5.789053136236518,0.2636835797043548,0.9136118970789966,0.02335472585787569,0.0,0.0,0.0,0.0,0.0,0.0,0.0,0.0,0.0,0.0,0.0,0.0,0.0,0.0,0.0,0.0,0.0,0.0,0.0,0.0,0.0,0.0,0.0,0.0,0.012310217480508825,0.5539597866228971,7.890849405006157,15.744768157570787,5.453426343865409,0.3446860894542471,0.396,0.01166,0.0,0.0,0.0,0.0,0.0,0.0,0.0,0.0,0.0,0.0,0.167798641630044,18.85337594886134,10.954854174990015,0.023971234518577713,0.0,0.0,0.0,0.0,0.0,0.0,0.0,0.0,0.0,0.0,0.0,0.0,0.0,0.0,0.0,0.0,0.396,0.011635,0.0,0.0,0.0,0.0,0.0,0.0,0.0,0.0,0.0,0.0,0.11079195732457943,18.760771440295418,11.11612638489947,0.012310217480508825,0.0,0.0,0.0,0.0,0.0,0.0,0.0,0.0,0.0,0.0,0.0,0.0,0.0,0.0,0.0,0.0
35300,4593,2375,0.5170912257783584,1135,912,0.4456782059655998,1284,0.5591116917047682,0.43,2.924706943192065,3.0595550973677788,6.504777070063694,2.1403708488681135,8377.020248203788,506.40388920520644,7853.0,8866.4,8866.399999999998,1.8189894035458565e-12,7853.0,0.0,28.793816677552798,21.144932075831786,33.6002567394095,19.355724125352555,0.1325930764206401,0.0942738950576965,0.09645112127150011,0.08251687350315698,0.07772697583278902,0.07685608534726758,0.06618767689962987,0.06575223165686915,0.059220553015458303,0.056390158937513604,0.04136729806226867,0.043979969518833005,0.037883736120182886,0.033964728935336384,0.017635532331809273,0.010450685826257348,0.006749401262791204,0.9143124187846551,0.022589544183046057,0.0,0.0,0.0,0.0,0.0,0.0,0.0,0.0,0.0,0.0,0.0,0.0,0.0,0.0,0.0,0.0,0.0,0.0,0.0,0.0,0.0,0.0,0.0,0.0,0.0,0.5029392553886349,7.322011757021556,16.18549967341607,5.689092096668846,0.3004572175048988,4.127284812229977,2.84729614773617,nan,nan,nan,4.171957671957672,2.877261131224616,4.084224598930481,2.81580096845291,0.9789707662623475,0.3962,0.011635,0.0,0.0,0.0,0.0,0.0,0.0,0.0,0.0,0.0,0.0,0.15676028739386025,18.732854343566267,11.103853690398436,0.0065316786414108445,0.0,0.0,0.0,0.0,0.0,0.0,0.0,0.0,0.0,0.0,0.0,0.0,0.0,0.0,0.0,0.0,nan,nan,4.127284812229977,2.84729614773617,nan,0.3962,0.05624,0.0,0.0,0.0,0.0,0.0,0.0,0.0,0.0,0.0,0.0,0.0,0.0,0.0,0.0,0.0,0.0,0.0,0.0,0.0,0.0,0.0,0.0,0.0,3.2658393207054215e-05,9.797517962116264e-05,0.004659264097539735,0.0021119094273895057,0.005377748748094927,0.016405399521010233,0.00836054866100588,0.013890703244067059,0.022490746788591334,0.04177008491182234,0.05250381014587416,0.017994774657086873,0.04098628347485304,0.05733725234051818,0.05387546266057043,0.10733725234051818,0.0627694317439582,0.04482908774221642,0.07179403440017418,0.08332244720226431,0.08941868060091443,0.03719790986283475,0.037600696712388415,0.024243413890703246,0.019725669497060744,0.01681907250163292,0.016231221423905942,0.011582843457435228,0.007544088830829523,0.022937078162421076,0.0007293707816242108,0.000925321140866536,0.004779011539298933,1.0886131069018071e-05,7.62029174831265e-05,0.0022316568691487047,0.0,0.0,0.0,0.0,0.0,0.0,0.0,0.0,0.0,0.0,0.0,0.0,0.0,0.0,0.0,0.0,0.0,0.0,0.0,0.0,0.0,0.0,0.0,0.0,0.0,0.0,0.0,0.0,0.0,0.0,0.0,0.0,0.0,0.0,0.0,0.0,0.0,0.0,0.0,0.0,0.0,0.0,nan,nan,4.127284812229977,2.84729614773617,nan,0.914571213722229,0.02239437858181965,0.0,0.0,0.0,0.0,0.0,0.0,0.0,0.0,0.0,0.0,0.0,0.0,0.0,0.0,0.0,0.0,0.0,0.0,0.0,0.0,0.0,0.0,0.0,0.0,0.0,0.505263157894737,7.124210526315791,16.42105263157895,5.633684210526317,0.31578947368421056,0.9140353051792726,0.022793414673396992,0.0,0.0,0.0,0.0,0.0,0.0,0.0,0.0,0.0,0.0,0.0,0.0,0.0,0.0,0.0,0.0,0.0,0.0,0.0,0.0,0.0,0.0,0.0,0.0,0.0,0.5004508566275925,7.533814247069434,15.933273219116325,5.748422001803428,0.28403967538322816,0.396,0.01164,0.0,0.0,0.0,0.0,0.0,0.0,0.0,0.0,0.0,0.0,0.2147368421052632,18.9094736842105,10.863157894736846,0.012631578947368424,0.0,0.0,0.0,0.0,0.0,0.0,0.0,0.0,0.0,0.0,0.0,0.0,0.0,0.0,0.0,0.0,0.3965,0.011635,0.0,0.0,0.0,0.0,0.0,0.0,0.0,0.0,0.0,0.0,0.0946798917944094,18.54373309287644,11.361587015329128,0.0,0.0,0.0,0.0,0.0,0.0,0.0,0.0,0.0,0.0,0.0,0.0,0.0,0.0,0.0,0.0,0.0
35400,4620,2446,0.5294372294372295,1145,882,0.43874458874458877,1244,0.5385281385281385,0.414,2.967801287948482,3.076287480013133,6.5512195121951216,2.052219336193604,8389.531688311688,505.8210754530441,7853.0,8866.4,8866.4,0.0,7853.0,0.0,28.503030303030304,20.919082185298482,33.010894350139345,19.291245394170538,0.12359307359307359,0.10541125541125541,0.09978354978354978,0.08311688311688312,0.07662337662337662,0.07316017316017316,0.07337662337662337,0.06385281385281386,0.06082251082251082,0.05216450216450216,0.05,0.03744588744588745,0.031385281385281384,0.03225108225108225,0.01948051948051948,0.011471861471861472,0.006060606060606061,0.9135365802101243,0.02278507928174385,0.0,0.0,0.0,0.0,0.0,0.0,0.0,0.0,0.0,0.0,0.0,0.0,0.0,0.0,0.0,0.0,0.0,0.0,0.0,0.0,0.0,0.0,0.0,0.0,0.01298701298701299,0.5519480519480521,7.70779220779221,15.935064935064938,5.487012987012989,0.30519480519480524,4.238670694864048,2.8803664037158194,nan,nan,nan,4.203219315895372,2.8057410420348647,4.274193548387097,2.952824535378384,1.0168856838431726,0.3958,0.01132,0.0,0.0,0.0,0.0,0.0,0.0,0.0,0.0,0.0,0.0,0.10389610389610392,19.38961038961036,10.500000000000002,0.006493506493506495,0.0,0.0,0.0,0.0,0.0,0.0,0.0,0.0,0.0,0.0,0.0,0.0,0.0,0.0,0.0,0.0,nan,nan,4.238670694864048,2.8803664037158194,nan,0.3958,0.0563,0.0,0.0,0.0,0.0,0.0,0.0,0.0,0.0,0.0,0.0,0.0,0.0,0.0,0.0,0.0,0.0,0.0,0.0,0.0,0.0,0.0,0.0,0.0,1.0822510822510823e-05,0.0002922077922077922,0.0056168831168831165,0.0020887445887445887,0.005487012987012987,0.016926406926406925,0.007445887445887446,0.014783549783549784,0.02332251082251082,0.03988095238095238,0.05374458874458875,0.018041125541125542,0.03771645021645022,0.05946969696969697,0.05583333333333333,0.1073051948051948,0.06273809523809523,0.04522727272727273,0.0708982683982684,0.08508658008658009,0.08628787878787879,0.03945887445887446,0.03677489177489177,0.02462121212121212,0.0187012987012987,0.01682900432900433,0.015183982683982683,0.010303030303030303,0.00817099567099567,0.02332251082251082,0.0006493506493506494,0.001158008658008658,0.004361471861471861,0.00012987012987012987,0.0,0.002132034632034632,0.0,0.0,0.0,0.0,0.0,0.0,0.0,0.0,0.0,0.0,0.0,0.0,0.0,0.0,0.0,0.0,0.0,0.0,0.0,0.0,0.0,0.0,0.0,0.0,0.0,0.0,0.0,0.0,0.0,0.0,0.0,0.0,0.0,0.0,0.0,0.0,0.0,0.0,0.0,0.0,0.0,0.0,nan,nan,4.238670694864048,2.8803664037158194,nan,0.9129670370531588,0.023116730298872356,0.0,0.0,0.0,0.0,0.0,0.0,0.0,0.0,0.0,0.0,0.0,0.0,0.0,0.0,0.0,0.0,0.0,0.0,0.0,0.0,0.0,0.0,0.0,0.0,0.012264922322158629,0.6868356500408832,7.898609975470157,15.711365494685204,5.408830744071956,0.28209321340964844,0.9141773817565535,0.022388751459917037,0.0,0.0,0.0,0.0,0.0,0.0,0.0,0.0,0.0,0.0,0.0,0.0,0.0,0.0,0.0,0.0,0.0,0.0,0.0,0.0,0.0,0.0,0.0,0.0,0.01379944802207912,0.4001839926402945,7.4931002759889624,16.186752529898808,5.574977000919964,0.3311867525298989,0.3958,0.01128,0.0,0.0,0.0,0.0,0.0,0.0,0.0,0.0,0.0,0.0,0.11038430089942766,19.46443172526571,10.412919051512677,0.012264922322158629,0.0,0.0,0.0,0.0,0.0,0.0,0.0,0.0,0.0,0.0,0.0,0.0,0.0,0.0,0.0,0.0,0.3958,0.01137,0.0,0.0,0.0,0.0,0.0,0.0,0.0,0.0,0.0,0.0,0.09659613615455384,19.305427782888657,10.597976080956764,0.0,0.0,0.0,0.0,0.0,0.0,0.0,0.0,0.0,0.0,0.0,0.0,0.0,0.0,0.0,0.0,0.0
35500,4576,2419,0.5286276223776224,1151,892,0.4464597902097902,1256,0.548951048951049,0.426,3.0588780713954566,3.1157192264496567,6.5476190476190474,2.188741549192366,8388.71123251748,505.86879562572,7853.0,8866.4,8866.4,0.0,7853.0,0.0,28.18006993006993,20.770219435040286,32.913806451612906,19.041761990542643,0.13286713286713286,0.10161713286713286,0.09353146853146853,0.08041958041958042,0.08304195804195805,0.08041958041958042,0.06774475524475525,0.06512237762237762,0.05638111888111888,0.05944055944055944,0.049169580419580416,0.034527972027972025,0.03212412587412587,0.029283216783216784,0.018575174825174824,0.009178321678321678,0.006555944055944056,0.9142243406129675,0.023027266957865097,0.0,0.0,0.0,0.0,0.0,0.0,0.0,0.0,0.0,0.0,0.0,0.0,0.0,0.0,0.0,0.0,0.0,0.0,0.0,0.0,0.0,0.0,0.0,0.0,0.013111888111888115,0.5638111888111889,7.381993006993008,16.003059440559444,5.756118881118883,0.28190559440559443,4.252361673414305,2.8839002041351858,nan,nan,nan,4.320641282565131,2.914970937656255,4.182685753237901,2.8501593753656107,0.9680705894553396,0.396,0.0113,0.0,0.0,0.0,0.0,0.0,0.0,0.0,0.0,0.0,0.0,0.11800699300699304,19.26791958041955,10.614073426573428,0.0,0.0,0.0,0.0,0.0,0.0,0.0,0.0,0.0,0.0,0.0,0.0,0.0,0.0,0.0,0.0,0.0,nan,nan,4.252361673414305,2.8839002041351858,nan,0.396,0.05643,0.0,0.0,0.0,0.0,0.0,0.0,0.0,0.0,0.0,0.0,0.0,0.0,0.0,0.0,0.0,0.0,0.0,0.0,0.0,0.0,0.0,0.0,0.0,3.277972027972028e-05,0.0004589160839160839,0.00663243006993007,0.0022180944055944056,0.0057692307692307696,0.015679632867132868,0.008129370629370629,0.014401223776223776,0.024071241258741258,0.03912805944055944,0.05260052447552448,0.01869536713286713,0.03708479020979021,0.0557145979020979,0.05720061188811189,0.10454545454545454,0.06530812937062937,0.04579326923076923,0.07666083916083916,0.08320585664335664,0.08457167832167832,0.039685314685314686,0.0361451048951049,0.025098339160839162,0.01888111888111888,0.01817089160839161,0.014018793706293706,0.009353146853146853,0.00844624125874126,0.023721590909090907,0.000513548951048951,0.0012237762237762239,0.004490821678321678,0.0003277972027972028,0.0,0.002021416083916084,0.0,0.0,0.0,0.0,0.0,0.0,0.0,0.0,0.0,0.0,0.0,0.0,0.0,0.0,0.0,0.0,0.0,0.0,0.0,0.0,0.0,0.0,0.0,0.0,0.0,0.0,0.0,0.0,0.0,0.0,0.0,0.0,0.0,0.0,0.0,0.0,0.0,0.0,0.0,0.0,0.0,0.0,nan,nan,4.252361673414305,2.8839002041351858,nan,0.9144880132962968,0.023104877014682893,0.0,0.0,0.0,0.0,0.0,0.0,0.0,0.0,0.0,0.0,0.0,0.0,0.0,0.0,0.0,0.0,0.0,0.0,0.0,0.0,0.0,0.0,0.0,0.0,0.0,0.582885489871848,7.267465894997935,15.899131872674662,5.9900785448532465,0.26043819760231507,0.9139286409277688,0.022936312163136748,0.0,0.0,0.0,0.0,0.0,0.0,0.0,0.0,0.0,0.0,0.0,0.0,0.0,0.0,0.0,0.0,0.0,0.0,0.0,0.0,0.0,0.0,0.0,0.0,0.027816411682892915,0.5424200278164117,7.510431154381086,16.119610570236443,5.49374130737135,0.305980528511822,0.3962,0.011375,0.0,0.0,0.0,0.0,0.0,0.0,0.0,0.0,0.0,0.0,0.12401818933443574,18.98718478710208,10.888797023563459,0.0,0.0,0.0,0.0,0.0,0.0,0.0,0.0,0.0,0.0,0.0,0.0,0.0,0.0,0.0,0.0,0.0,0.3955,0.0112,0.0,0.0,0.0,0.0,0.0,0.0,0.0,0.0,0.0,0.0,0.11126564673157166,19.58275382475658,10.305980528511824,0.0,0.0,0.0,0.0,0.0,0.0,0.0,0.0,0.0,0.0,0.0,0.0,0.0,0.0,0.0,0.0,0.0
35600,4626,2406,0.5201037613488976,1137,932,0.4472546476437527,1285,0.5555555555555556,0.418,3.0405405405405403,3.1547441288679394,6.751211631663974,2.0579985380645174,8380.073151750974,506.29025735019997,7853.0,8866.4,8866.4,0.0,7853.0,0.0,28.122784262862083,21.049682128541626,33.184305627258645,19.258468062039007,0.1422395157803718,0.09554690877648075,0.09316904453091224,0.0832252485948984,0.07890185905750108,0.08063121487246001,0.07133592736705577,0.06420233463035019,0.056204063986165155,0.051664504971897965,0.04582792909641158,0.0399913532209252,0.029615218331171637,0.02572416774751405,0.02291396454820579,0.010808473843493299,0.00799827064418504,0.9141431085047039,0.023068619163493526,0.0,0.0,0.0,0.0,0.0,0.0,0.0,0.0,0.0,0.0,0.0,0.0,0.0,0.0,0.0,0.0,0.0,0.0,0.0,0.0,0.0,0.0,0.0,0.0,0.0064850843060959805,0.5642023346303503,7.730220492866409,15.765239948119328,5.557717250324256,0.3761348897535669,4.310634015431064,2.925460703773451,nan,nan,nan,4.366666666666666,2.915285387211497,4.25388251181634,2.934640277002706,0.9741715675915285,0.3955,0.011635,0.0,0.0,0.0,0.0,0.0,0.0,0.0,0.0,0.0,0.0,0.17509727626459148,19.52010376134887,10.29182879377432,0.012970168612191961,0.0,0.0,0.0,0.0,0.0,0.0,0.0,0.0,0.0,0.0,0.0,0.0,0.0,0.0,0.0,0.0,nan,nan,4.310634015431064,2.925460703773451,nan,0.3955,0.05658,0.0,0.0,0.0,0.0,0.0,0.0,0.0,0.0,0.0,0.0,0.0,0.0,0.0,0.0,0.0,0.0,0.0,0.0,0.0,0.0,0.0,0.0,4.32338953739732e-05,4.32338953739732e-05,0.00043233895373973193,0.007987462170341547,0.0022373540856031127,0.005231301340250756,0.01585603112840467,0.008517077388672719,0.014440121054907048,0.023616515348032857,0.040045395590142675,0.0511240812797233,0.0178988326848249,0.03914829226113273,0.05627972330306961,0.055004323389537396,0.10634457414613056,0.06355382619974059,0.0475789018590575,0.07395157803718115,0.0861219195849546,0.08352788586251621,0.038575443147427585,0.037408127972330306,0.02464332036316472,0.017477302204928664,0.018050151318633807,0.015012970168612192,0.00927367055771725,0.00835495028102032,0.02401642888024211,0.0005079982706441851,0.0009187202766969304,0.004561175961954172,0.00028102031993082574,0.0,0.0019347168179853005,0.0,0.0,0.0,0.0,0.0,0.0,0.0,0.0,0.0,0.0,0.0,0.0,0.0,0.0,0.0,0.0,0.0,0.0,0.0,0.0,0.0,0.0,0.0,0.0,0.0,0.0,0.0,0.0,0.0,0.0,0.0,0.0,0.0,0.0,0.0,0.0,0.0,0.0,0.0,0.0,0.0,0.0,nan,nan,4.310634015431064,2.925460703773451,nan,0.9145834923087808,0.023153499245322364,0.0,0.0,0.0,0.0,0.0,0.0,0.0,0.0,0.0,0.0,0.0,0.0,0.0,0.0,0.0,0.0,0.0,0.0,0.0,0.0,0.0,0.0,0.0,0.0,0.0,0.5860349127182046,7.5685785536159615,15.798004987531176,5.673316708229428,0.374064837905237,0.9136658276792045,0.022966740237797063,0.0,0.0,0.0,0.0,0.0,0.0,0.0,0.0,0.0,0.0,0.0,0.0,0.0,0.0,0.0,0.0,0.0,0.0,0.0,0.0,0.0,0.0,0.0,0.0,0.013513513513513516,0.5405405405405407,7.905405405405407,15.729729729729733,5.432432432432433,0.37837837837837845,0.3955,0.01151,0.0,0.0,0.0,0.0,0.0,0.0,0.0,0.0,0.0,0.0,0.1870324189526185,19.576059850374037,10.224438902743145,0.012468827930174566,0.0,0.0,0.0,0.0,0.0,0.0,0.0,0.0,0.0,0.0,0.0,0.0,0.0,0.0,0.0,0.0,0.3958,0.011765,0.0,0.0,0.0,0.0,0.0,0.0,0.0,0.0,0.0,0.0,0.1621621621621622,19.45945945945943,10.364864864864867,0.013513513513513516,0.0,0.0,0.0,0.0,0.0,0.0,0.0,0.0,0.0,0.0,0.0,0.0,0.0,0.0,0.0,0.0
35700,4838,2445,0.5053741215378256,1142,1025,0.447912360479537,1392,0.5754443985117818,0.41,2.9080651901379024,3.1053230885462457,6.6049004594180705,2.1718173695952765,8365.146134766432,506.67073096450486,7853.0,8866.4,8866.399999999998,1.8189894035458565e-12,7853.0,0.0,27.415874328234807,20.710904342188137,32.45047052996533,18.973428371720768,0.14220752377015294,0.10644894584539066,0.08929309632079371,0.09032658123191402,0.08226539892517569,0.08019842910293509,0.062422488631665975,0.06324927656056221,0.05787515502273667,0.047540305911533694,0.04878048780487805,0.03782554774700289,0.037205456800330716,0.02128978916907813,0.016329061595700703,0.010954940057875156,0.005787515502273667,0.913342588348988,0.022628318235441792,0.0,0.0,0.0,0.0,0.0,0.0,0.0,0.0,0.0,0.0,0.0,0.0,0.0,0.0,0.0,0.0,0.0,0.0,0.0,0.0,0.0,0.0,0.0,0.0,0.012401818933443574,0.5766845804051262,7.732534105002069,16.140967341876813,5.2025630425795795,0.33484911120297656,4.267660401814647,2.8896822123603805,nan,nan,nan,4.269453376205788,2.9608483875185567,4.265839320705421,2.815558550620899,0.999153508615293,0.3962,0.01146,0.0,0.0,0.0,0.0,0.0,0.0,0.0,0.0,0.0,0.0,0.11161637040099216,18.918974782968142,10.913600661430346,0.05580818520049608,0.0,0.0,0.0,0.0,0.0,0.0,0.0,0.0,0.0,0.0,0.0,0.0,0.0,0.0,0.0,0.0,nan,nan,4.267660401814647,2.8896822123603805,nan,0.3962,0.0567,0.0,0.0,0.0,0.0,0.0,0.0,0.0,0.0,0.0,0.0,0.0,0.0,0.0,0.0,0.0,0.0,0.0,0.0,0.0,0.0,1.0334849111202977e-05,2.0669698222405953e-05,1.0334849111202977e-05,0.0,0.0003927242662257131,0.00801984291029351,0.002211657709797437,0.005394791236047954,0.0156262918561389,0.008278214138073585,0.014489458453906572,0.02158949979330302,0.03863166597767673,0.053017775940471266,0.0180549813972716,0.04007854485324514,0.053451839603141794,0.053152128978916906,0.10752377015295576,0.06475816453079786,0.04975196362133113,0.07476229847044233,0.08640967341876808,0.0808908639933857,0.03694708557255064,0.03686440677966102,0.02507234394377842,0.01872674658949979,0.0177139313766019,0.017031831335262506,0.009993799090533278,0.00826787928896238,0.024245556014882184,0.0003513848697809012,0.0012608515915667631,0.004981397271599835,0.00033071517155849525,0.0,0.0016845804051260852,0.0,0.0,0.0,0.0,0.0,0.0,0.0,0.0,0.0,0.0,0.0,0.0,0.0,0.0,0.0,0.0,0.0,0.0,0.0,0.0,0.0,0.0,0.0,0.0,0.0,0.0,0.0,0.0,0.0,0.0,0.0,0.0,0.0,0.0,0.0,0.0,0.0,0.0,0.0,0.0,0.0,0.0,nan,nan,4.267660401814647,2.8896822123603805,nan,0.9134267986917788,0.022766955905408257,0.0,0.0,0.0,0.0,0.0,0.0,0.0,0.0,0.0,0.0,0.0,0.0,0.0,0.0,0.0,0.0,0.0,0.0,0.0,0.0,0.0,0.0,0.0,0.0,0.012269938650306752,0.588957055214724,7.828220858895707,16.036809815950924,5.116564417177916,0.41717791411042954,0.9132565481115772,0.022485459408100126,0.0,0.0,0.0,0.0,0.0,0.0,0.0,0.0,0.0,0.0,0.0,0.0,0.0,0.0,0.0,0.0,0.0,0.0,0.0,0.0,0.0,0.0,0.0,0.0,0.012536564981195155,0.564145424153782,7.63476807354785,16.24738821562892,5.290430422064356,0.2507312996239031,0.396,0.011375,0.0,0.0,0.0,0.0,0.0,0.0,0.0,0.0,0.0,0.0,0.11042944785276076,18.90797546012267,10.932515337423316,0.04907975460122701,0.0,0.0,0.0,0.0,0.0,0.0,0.0,0.0,0.0,0.0,0.0,0.0,0.0,0.0,0.0,0.0,0.3962,0.01155,0.0,0.0,0.0,0.0,0.0,0.0,0.0,0.0,0.0,0.0,0.11282908483075639,18.930213121604652,10.894274968658591,0.06268282490597578,0.0,0.0,0.0,0.0,0.0,0.0,0.0,0.0,0.0,0.0,0.0,0.0,0.0,0.0,0.0,0.0
35800,4641,2352,0.5067873303167421,1098,938,0.43869855634561516,1345,0.5796164619694032,0.38599999999999995,2.871559633027523,2.9746444535796073,6.1982248520710055,2.1509038521966084,8366.578280542986,506.65331268706,7853.0,8866.4,8866.4,0.0,7853.0,0.0,28.226028873087696,21.020136331031797,33.21595280841241,19.224875469385143,0.14070243482008188,0.09760827407886231,0.09092867916397328,0.08640379228614523,0.07972419737125619,0.07627666451195864,0.06442577030812324,0.06464124111182935,0.05386770092652446,0.056884292178409825,0.05063563887093299,0.0392156862745098,0.03878474466709761,0.024348200818789054,0.015944839474251238,0.012712777418659772,0.00689506571859513,0.913165606331964,0.022887134708711232,0.0,0.0,0.0,0.0,0.0,0.0,0.0,0.0,0.0,0.0,0.0,0.0,0.0,0.0,0.0,0.0,0.0,0.0,0.0,0.0,0.0,0.0,0.0,0.0,0.0,0.6981254040077571,7.840982546864901,15.817711700064644,5.410471881060118,0.2327084680025857,4.220514533912462,2.7676753540154926,nan,nan,nan,4.231179213857429,2.8027279008263126,4.210596914822267,2.7326518308539094,0.9951355643439178,0.396,0.011505,0.0,0.0,0.0,0.0,0.0,0.0,0.0,0.0,0.0,0.0,0.08403361344537817,19.09502262443436,10.80801551389787,0.012928248222365872,0.0,0.0,0.0,0.0,0.0,0.0,0.0,0.0,0.0,0.0,0.0,0.0,0.0,0.0,0.0,0.0,nan,nan,4.220514533912462,2.7676753540154926,nan,0.396,0.05658,0.0,0.0,0.0,0.0,0.0,0.0,0.0,0.0,0.0,0.0,0.0,0.0,0.0,0.0,0.0,0.0,0.0,0.0,0.0,0.0,0.0,0.0,6.464124111182935e-05,5.3867700926524454e-05,0.0006571859513035984,0.007552251669898729,0.0026071967248437835,0.0055052790346908,0.01570782159017453,0.006765783236371472,0.015449256625727215,0.021396250808015514,0.03776125834949364,0.052143934496875675,0.019564748976513682,0.039420383538030596,0.0555160525748761,0.05429864253393665,0.11074121956474897,0.06422107304460245,0.049622926093514326,0.07276449041154924,0.08499245852187029,0.08223443223443223,0.035412626589097176,0.037438052143934496,0.024262012497306615,0.018961430726136607,0.01777634130575307,0.016257272139625082,0.010202542555483732,0.007918552036199095,0.02336780866192631,0.000495582848524025,0.0015082956259426848,0.005375996552467141,0.00038784744667097606,3.2320620555914674e-05,0.0015621633268692093,0.0,0.0,0.0,0.0,0.0,0.0,0.0,0.0,0.0,0.0,0.0,0.0,0.0,0.0,0.0,0.0,0.0,0.0,0.0,0.0,0.0,0.0,0.0,0.0,0.0,0.0,0.0,0.0,0.0,0.0,0.0,0.0,0.0,0.0,0.0,0.0,0.0,0.0,0.0,0.0,0.0,0.0,nan,nan,4.220514533912462,2.7676753540154926,nan,0.9127226370279076,0.02317745455182492,0.0,0.0,0.0,0.0,0.0,0.0,0.0,0.0,0.0,0.0,0.0,0.0,0.0,0.0,0.0,0.0,0.0,0.0,0.0,0.0,0.0,0.0,0.0,0.0,0.0,0.7142857142857145,8.214285714285715,15.625000000000004,5.216836734693878,0.22959183673469394,0.9136207674517284,0.02257588536022999,0.0,0.0,0.0,0.0,0.0,0.0,0.0,0.0,0.0,0.0,0.0,0.0,0.0,0.0,0.0,0.0,0.0,0.0,0.0,0.0,0.0,0.0,0.0,0.0,0.0,0.6815203145478377,7.457404980340762,16.015727391874183,5.60943643512451,0.23591087811271302,0.3962,0.01165,0.0,0.0,0.0,0.0,0.0,0.0,0.0,0.0,0.0,0.0,0.10204081632653064,18.89030612244895,10.98214285714286,0.02551020408163266,0.0,0.0,0.0,0.0,0.0,0.0,0.0,0.0,0.0,0.0,0.0,0.0,0.0,0.0,0.0,0.0,0.3958,0.01135,0.0,0.0,0.0,0.0,0.0,0.0,0.0,0.0,0.0,0.0,0.06553079947575362,19.305373525556984,10.629095674967235,0.0,0.0,0.0,0.0,0.0,0.0,0.0,0.0,0.0,0.0,0.0,0.0,0.0,0.0,0.0,0.0,0.0
35900,4571,2347,0.5134543863487202,1072,942,0.4406038066068694,1280,0.5600525049223365,0.39399999999999996,2.9379496402877696,3.0228028058772365,6.362916006339145,2.1251986891537653,8373.334675125792,506.5165205935675,7853.0,8866.4,8866.4,0.0,7853.0,0.0,27.862393349376504,20.860006994240724,32.745251105906846,19.164622304389795,0.1387005031721724,0.09800918836140889,0.09647779479326186,0.08160140013126231,0.09275869612776198,0.07306935025158609,0.07000656311529206,0.06344344782323343,0.051411069787792606,0.0568803325311748,0.0444104134762634,0.037190986654998905,0.033471887989499016,0.0266900021877051,0.018157952308028878,0.009625902428352658,0.008094508860205645,0.9129833070513613,0.023034074272062173,0.0,0.0,0.0,0.0,0.0,0.0,0.0,0.0,0.0,0.0,0.0,0.0,0.0,0.0,0.0,0.0,0.0,0.0,0.0,0.0,0.0,0.0,0.0,0.0,0.006563115292058632,0.6760008750820391,7.849485889302124,15.843360315029537,5.302997155983374,0.32159264931087295,4.222601570501878,2.8017981701066974,nan,nan,nan,4.2420907840440165,2.8454921085400606,4.204206241519675,2.7586712827870477,0.9910693701636847,0.396,0.01155,0.0,0.0,0.0,0.0,0.0,0.0,0.0,0.0,0.0,0.0,0.17064099759352444,19.151170422227054,10.6453730037191,0.03281557646029316,0.0,0.0,0.0,0.0,0.0,0.0,0.0,0.0,0.0,0.0,0.0,0.0,0.0,0.0,0.0,0.0,nan,nan,4.222601570501878,2.8017981701066974,nan,0.396,0.05692,0.0,0.0,0.0,0.0,0.0,0.0,0.0,0.0,0.0,0.0,0.0,0.0,0.0,0.0,0.0,0.0,0.0,0.0,0.0,0.0,0.0,0.0,6.56311529205863e-05,2.1877050973528767e-05,0.0006125574272588055,0.0077663530956027125,0.003051848610807263,0.006508422664624809,0.014624808575803982,0.006628746444979217,0.016900021877050975,0.02138481732662437,0.036469043972872456,0.05299715598337344,0.0182126449354627,0.038602056442791514,0.05487858236709692,0.05694596368409539,0.10415663968497046,0.06732662437103479,0.05188142638372347,0.07148326405600525,0.08803325311747977,0.08162327718223583,0.033701597024721065,0.03481732662437104,0.025497702909647778,0.020400350032815578,0.017348501422008313,0.016462480857580397,0.01005250492233647,0.0077991686720630055,0.023791292933712536,0.0006453730037190987,0.001509516517173485,0.005578647998249836,0.0004703565959308685,0.0,0.0017501640778823015,0.0,0.0,0.0,0.0,0.0,0.0,0.0,0.0,0.0,0.0,0.0,0.0,0.0,0.0,0.0,0.0,0.0,0.0,0.0,0.0,0.0,0.0,0.0,0.0,0.0,0.0,0.0,0.0,0.0,0.0,0.0,0.0,0.0,0.0,0.0,0.0,0.0,0.0,0.0,0.0,0.0,0.0,nan,nan,4.222601570501878,2.8017981701066974,nan,0.9133235996816836,0.022968886655734717,0.0,0.0,0.0,0.0,0.0,0.0,0.0,0.0,0.0,0.0,0.0,0.0,0.0,0.0,0.0,0.0,0.0,0.0,0.0,0.0,0.0,0.0,0.0,0.0,0.0,0.7030251384746486,7.515977844056244,15.901150404772052,5.624201107797189,0.2556455048998722,0.9126241942800635,0.023097231169933164,0.0,0.0,0.0,0.0,0.0,0.0,0.0,0.0,0.0,0.0,0.0,0.0,0.0,0.0,0.0,0.0,0.0,0.0,0.0,0.0,0.0,0.0,0.0,0.0,0.013489208633093528,0.6474820143884893,8.201438848920866,15.782374100719428,4.964028776978418,0.39118705035971235,0.396,0.011475,0.0,0.0,0.0,0.0,0.0,0.0,0.0,0.0,0.0,0.0,0.11504047720494251,19.58244567533018,10.251384746484876,0.051129100979974446,0.0,0.0,0.0,0.0,0.0,0.0,0.0,0.0,0.0,0.0,0.0,0.0,0.0,0.0,0.0,0.0,0.396,0.011635,0.0,0.0,0.0,0.0,0.0,0.0,0.0,0.0,0.0,0.0,0.22931654676258997,18.6960431654676,11.061151079136694,0.013489208633093528,0.0,0.0,0.0,0.0,0.0,0.0,0.0,0.0,0.0,0.0,0.0,0.0,0.0,0.0,0.0,0.0
36000,4348,2261,0.5200091996320148,1053,875,0.44342226310947563,1190,0.547378104875805,0.442,2.990416866315285,3.122004714005459,6.608620689655172,2.1408010491369187,8379.977322907085,506.2941044252063,7853.0,8866.4,8866.4,0.0,7853.0,0.0,28.11522539098436,21.227820136893147,33.411015776363136,19.383385913721014,0.14466421343146274,0.10234590616375346,0.09130634774609016,0.08348666053357866,0.07313707451701931,0.07612695492180313,0.06623735050597976,0.06416743330266789,0.062557497700092,0.047608095676172954,0.04921803127874885,0.039788408463661454,0.03265869365225391,0.02828886844526219,0.017249310027598896,0.013339466421343146,0.0078196872125115,0.9123692481530952,0.02266385505478999,0.0,0.0,0.0,0.0,0.0,0.0,0.0,0.0,0.0,0.0,0.0,0.0,0.0,0.0,0.0,0.0,0.0,0.0,0.0,0.0,0.0,0.0,0.0,0.0,0.00689972401103956,0.6278748850045999,8.038178472861087,15.814167433302671,5.298988040478382,0.21389144434222637,4.2518918918918915,2.8754899350703726,nan,nan,nan,4.227659574468085,2.8938576766843225,4.276923076923077,2.856176787928172,1.0116526654020364,0.3962,0.01201,0.0,0.0,0.0,0.0,0.0,0.0,0.0,0.0,0.0,0.0,0.23459061637534503,18.65685372585094,11.060257589696414,0.04829806807727692,0.0,0.0,0.0,0.0,0.0,0.0,0.0,0.0,0.0,0.0,0.0,0.0,0.0,0.0,0.0,0.0,nan,nan,4.2518918918918915,2.8754899350703726,nan,0.3962,0.05637,0.0,0.0,0.0,0.0,0.0,0.0,0.0,0.0,0.0,0.0,0.0,0.0,0.0,0.0,0.0,0.0,0.0,0.0,0.0,0.0,0.0,0.0,4.599816007359705e-05,1.1499540018399263e-05,0.0007129714811407544,0.006600735970561177,0.0031853725850965963,0.006129254829806808,0.015340386384544618,0.006324747010119596,0.017099816007359707,0.020837166513339465,0.03698252069917203,0.05083946642134315,0.017053817847286108,0.03844296228150874,0.053886844526218954,0.0578541858325667,0.103196872125115,0.0702391904323827,0.05280588776448942,0.06971021159153634,0.09204231830726771,0.08218721251149955,0.03599356025758969,0.03394664213431463,0.02549448022079117,0.019123735050597977,0.016513339466421344,0.016708831646734132,0.009188132474701013,0.008521159153633854,0.023171573137074516,0.0009314627414903404,0.001356945722171113,0.005876264949402024,0.00034498620055197794,0.0,0.0012764489420423184,0.0,0.0,2.2999080036798526e-05,0.0,0.0,0.0,0.0,0.0,0.0,0.0,0.0,0.0,0.0,0.0,0.0,0.0,0.0,0.0,0.0,0.0,0.0,0.0,0.0,0.0,0.0,0.0,0.0,0.0,0.0,0.0,0.0,0.0,0.0,0.0,0.0,0.0,0.0,0.0,0.0,0.0,0.0,0.0,nan,nan,4.2518918918918915,2.8754899350703726,nan,0.9129898471676212,0.022418982657357745,0.0,0.0,0.0,0.0,0.0,0.0,0.0,0.0,0.0,0.0,0.0,0.0,0.0,0.0,0.0,0.0,0.0,0.0,0.0,0.0,0.0,0.0,0.0,0.0,0.013268465280849184,0.5307386112339674,8.014153029632908,15.77620521892968,5.479876160990714,0.1857585139318886,0.9116969077736782,0.02290722540642619,0.0,0.0,0.0,0.0,0.0,0.0,0.0,0.0,0.0,0.0,0.0,0.0,0.0,0.0,0.0,0.0,0.0,0.0,0.0,0.0,0.0,0.0,0.0,0.0,0.0,0.7331097268806901,8.064206995687591,15.855294681360808,5.103018687110686,0.24436990896023006,0.396,0.011986,0.0,0.0,0.0,0.0,0.0,0.0,0.0,0.0,0.0,0.0,0.23883237505528532,18.934099955771757,10.760725342768689,0.06634232640424592,0.0,0.0,0.0,0.0,0.0,0.0,0.0,0.0,0.0,0.0,0.0,0.0,0.0,0.0,0.0,0.0,0.3965,0.01203,0.0,0.0,0.0,0.0,0.0,0.0,0.0,0.0,0.0,0.0,0.2299952084331577,18.356492573071368,11.384762817441304,0.028749401054144714,0.0,0.0,0.0,0.0,0.0,0.0,0.0,0.0,0.0,0.0,0.0,0.0,0.0,0.0,0.0,0.0
36100,4948,2538,0.5129345189975748,1193,1026,0.448464025869038,1422,0.5747776879547292,0.39799999999999996,2.9502074688796682,3.020402606799983,6.443959243085881,2.05937782285372,8372.807841552143,506.5304279999808,7853.0,8866.4,8866.399999999998,1.8189894035458565e-12,7853.0,0.0,28.050727566693613,20.81366433756883,33.12998308770234,18.96008745836377,0.14248181083265965,0.09781729991915926,0.09033953112368634,0.07983023443815683,0.08144704931285368,0.07295877122069523,0.07720291026677445,0.06305578011317704,0.06184316895715441,0.054163298302344384,0.04527081649151172,0.04042037186742118,0.03112368633791431,0.02667744543249798,0.019805982215036377,0.009498787388843978,0.006063055780113177,0.9121206995090748,0.023068710759648853,0.0,0.0,0.0,0.0,0.0,0.0,0.0,0.0,0.0,0.0,0.0,0.0,0.0,0.0,0.0,0.0,0.0,0.0,0.0,0.0,0.0,0.0,0.0,0.0,0.012126111560226357,0.6366208569118837,8.439773645917544,15.551738075990302,5.0687146321746175,0.29102667744543254,4.215418091389493,2.8314870673076467,nan,nan,nan,4.1796778190830235,2.8268816514697446,4.2514036182158454,2.8356614543840752,1.0171606047732544,0.3965,0.01206,0.0,0.0,0.0,0.0,0.0,0.0,0.0,0.0,0.0,0.0,0.1940177849636217,18.310428455941768,11.477364591754247,0.018189167340339533,0.0,0.0,0.0,0.0,0.0,0.0,0.0,0.0,0.0,0.0,0.0,0.0,0.0,0.0,0.0,0.0,nan,nan,4.215418091389493,2.8314870673076467,nan,0.3965,0.05685,0.0,0.0,0.0,0.0,0.0,0.0,0.0,0.0,0.0,0.0,0.0,0.0,0.0,0.0,0.0,0.0,0.0,0.0,5.052546483427647e-05,0.0,0.0,0.0,0.0,0.0,0.0011014551333872271,0.006810832659660469,0.0037388843977364593,0.0056992724333063864,0.014551333872271624,0.006345998383185125,0.015693209377526274,0.02134195634599838,0.03929870654810024,0.050949878738884395,0.018007275666936134,0.037429264349232015,0.05513338722716249,0.054698868229587715,0.10302142279708973,0.07207962813257882,0.05225343573160873,0.06701697655618431,0.09043047696038803,0.08226556184316895,0.03589329021827001,0.035964025869038,0.025596200485044462,0.020028294260307195,0.01522837510105093,0.016653193209377526,0.009114793856103476,0.008791430881164106,0.024242118027485854,0.0006366208569118836,0.0015460792239288602,0.0069725141471301535,7.073565076798707e-05,4.0420371867421184e-05,0.0012833468067906225,0.0,0.0,2.0210185933710592e-05,0.0,0.0,0.0,0.0,0.0,0.0,0.0,0.0,0.0,0.0,0.0,0.0,0.0,0.0,0.0,0.0,0.0,0.0,0.0,0.0,0.0,0.0,0.0,0.0,0.0,0.0,0.0,0.0,0.0,0.0,0.0,0.0,0.0,0.0,0.0,0.0,0.0,0.0,0.0,nan,nan,4.215418091389493,2.8314870673076467,nan,0.9115275840903945,0.022993267190481607,0.0,0.0,0.0,0.0,0.0,0.0,0.0,0.0,0.0,0.0,0.0,0.0,0.0,0.0,0.0,0.0,0.0,0.0,0.0,0.0,0.0,0.0,0.0,0.0,0.011820330969267143,0.66193853427896,8.557919621749411,15.685579196217496,4.822695035460994,0.2600472813238771,0.9127453164935606,0.02313146014318102,0.0,0.0,0.0,0.0,0.0,0.0,0.0,0.0,0.0,0.0,0.0,0.0,0.0,0.0,0.0,0.0,0.0,0.0,0.0,0.0,0.0,0.0,0.0,0.0,0.01244813278008299,0.6099585062240664,8.315352697095436,15.410788381742742,5.32780082987552,0.32365145228215775,0.3965,0.011894,0.0,0.0,0.0,0.0,0.0,0.0,0.0,0.0,0.0,0.0,0.15366430260047287,18.061465721040165,11.773049645390074,0.011820330969267143,0.0,0.0,0.0,0.0,0.0,0.0,0.0,0.0,0.0,0.0,0.0,0.0,0.0,0.0,0.0,0.0,0.3962,0.01223,0.0,0.0,0.0,0.0,0.0,0.0,0.0,0.0,0.0,0.0,0.2365145228215768,18.57261410788379,11.165975103734443,0.02489626556016598,0.0,0.0,0.0,0.0,0.0,0.0,0.0,0.0,0.0,0.0,0.0,0.0,0.0,0.0,0.0,0.0
36200,4803,2491,0.5186341869664793,1174,959,0.44409743910056215,1355,0.564230689152613,0.39799999999999996,2.9658304498269894,3.032572637498163,6.409221902017291,2.0532468769008294,8378.583885071832,506.34799188363905,7853.0,8866.4,8866.4,0.0,7853.0,0.0,28.439516968561318,21.04627017240257,33.15378955114055,19.34517014743523,0.13283364563814282,0.09952113262544243,0.09785550697480741,0.08203206329377473,0.07911721840516343,0.07495315427857589,0.0730793254216115,0.05850510097855507,0.06079533624817822,0.05142619196335624,0.04705392463043931,0.042265250884863624,0.03352071621902977,0.03039766812408911,0.01811367895065584,0.011867582760774516,0.006662502602540079,0.9117042456297683,0.022855451917680375,0.0,0.0,0.0,0.0,0.0,0.0,0.0,0.0,0.0,0.0,0.0,0.0,0.0,0.0,0.0,0.0,0.0,0.0,0.0,0.0,0.0,0.0,0.0,0.0,0.0,0.6995627732667085,8.326046221111806,15.765146783260466,4.965646470955654,0.24359775140537168,4.195332480818414,2.823090071057431,nan,nan,nan,4.203007518796992,2.8540330655568513,4.18733681462141,2.790467072815434,0.996271549811534,0.3965,0.01188,0.0,0.0,0.0,0.0,0.0,0.0,0.0,0.0,0.0,0.0,0.1499063085571518,18.607120549656436,11.193004372267335,0.049968769519050604,0.0,0.0,0.0,0.0,0.0,0.0,0.0,0.0,0.0,0.0,0.0,0.0,0.0,0.0,0.0,0.0,nan,nan,4.195332480818414,2.823090071057431,nan,0.3965,0.0569,0.0,0.0,0.0,0.0,0.0,0.0,0.0,0.0,0.0,0.0,0.0,0.0,0.0,0.0,0.0,0.0,0.0,0.0,5.205080158234437e-05,2.0820320632937746e-05,5.205080158234437e-05,0.0,0.0,4.164064126587549e-05,0.0007807620237351655,0.0070268582136164895,0.004924005829689777,0.00572558817405788,0.013710181136789507,0.006141994586716636,0.013626899854257756,0.022975223818446803,0.040193628981886324,0.04966687486987299,0.01707266291900895,0.038600874453466584,0.05724547158026234,0.05523631063918384,0.10148865292525505,0.06885280033312513,0.05239433687278784,0.06741619820945242,0.08885071830106184,0.08672704559650218,0.03408286487611909,0.03579013116801999,0.02521340828648761,0.02088278159483656,0.015542369352488029,0.017530709972933583,0.00915053091817614,0.008900687070580887,0.024151571934207788,0.0003643556110764106,0.0014261919633562358,0.007235061419945867,3.123048094940662e-05,0.0,0.0008744534665833854,0.0,0.0,0.0,0.0,0.0,0.0,0.0,0.0,0.0,0.0,0.0,0.0,0.0,0.0,0.0,0.0,0.0,0.0,0.0,0.0,0.0,0.0,0.0,0.0,0.0,0.0,0.0,0.0,0.0,0.0,0.0,0.0,0.0,0.0,0.0,0.0,0.0,0.0,0.0,0.0,0.0,0.0,nan,nan,4.195332480818414,2.823090071057431,nan,0.9118433988558533,0.02287254751943014,0.0,0.0,0.0,0.0,0.0,0.0,0.0,0.0,0.0,0.0,0.0,0.0,0.0,0.0,0.0,0.0,0.0,0.0,0.0,0.0,0.0,0.0,0.0,0.0,0.0,0.686471296668005,8.382175832998797,15.644319550381375,5.070252910477722,0.21678040947410682,0.9115543188623904,0.022836069479745764,0.0,0.0,0.0,0.0,0.0,0.0,0.0,0.0,0.0,0.0,0.0,0.0,0.0,0.0,0.0,0.0,0.0,0.0,0.0,0.0,0.0,0.0,0.0,0.0,0.0,0.7136678200692044,8.265570934256058,15.895328719723187,4.852941176470589,0.2724913494809689,0.3965,0.011894,0.0,0.0,0.0,0.0,0.0,0.0,0.0,0.0,0.0,0.0,0.14452027298273787,18.414291449217156,11.405058209554399,0.03613006824568447,0.0,0.0,0.0,0.0,0.0,0.0,0.0,0.0,0.0,0.0,0.0,0.0,0.0,0.0,0.0,0.0,0.3965,0.011856,0.0,0.0,0.0,0.0,0.0,0.0,0.0,0.0,0.0,0.0,0.15570934256055366,18.814878892733535,10.964532871972322,0.06487889273356402,0.0,0.0,0.0,0.0,0.0,0.0,0.0,0.0,0.0,0.0,0.0,0.0,0.0,0.0,0.0,0.0
36300,4862,2453,0.504524886877828,1169,1005,0.4471410941999177,1398,0.5750719868366927,0.39799999999999996,2.99252801992528,3.098082904877708,6.61271676300578,2.130906647281852,8364.285520361991,506.6792506142417,7853.0,8866.4,8866.399999999998,1.8189894035458565e-12,7853.0,0.0,27.939942410530644,20.8624437610759,32.98746620791349,19.058822687553054,0.1423282599753188,0.09954751131221719,0.09152612093788565,0.08432743726861373,0.07856849033319621,0.08062525709584534,0.06375976964212259,0.06561085972850679,0.057589469354175235,0.05429864253393665,0.04751131221719457,0.0427807486631016,0.02900041135335253,0.027560674619498148,0.017688194158782394,0.012340600575894693,0.0049362402303578775,0.9123602179233452,0.02256152449326999,0.0,0.0,0.0,0.0,0.0,0.0,0.0,0.0,0.0,0.0,0.0,0.0,0.0,0.0,0.0,0.0,0.0,0.0,0.0,0.0,0.0,0.0,0.0,0.0,0.012340600575894697,0.6046894282188401,8.021390374331553,15.900863842040316,5.232414644179352,0.22830111065405187,4.348171701112878,2.878225472743505,nan,nan,nan,4.4035420619860846,2.9156972453598318,4.292199488491049,2.838746440157819,0.9747152242608946,0.397,0.01184,0.0,0.0,0.0,0.0,0.0,0.0,0.0,0.0,0.0,0.0,0.11106540518305226,17.949403537638805,11.91484985602633,0.024681201151789393,0.0,0.0,0.0,0.0,0.0,0.0,0.0,0.0,0.0,0.0,0.0,0.0,0.0,0.0,0.0,0.0,nan,nan,4.348171701112878,2.878225472743505,nan,0.397,0.05685,0.0,0.0,0.0,0.0,0.0,0.0,0.0,0.0,0.0,0.0,0.0,0.0,0.0,0.0,0.0,0.0,0.0,0.0,5.141916906622789e-05,0.0,6.170300287947346e-05,0.0,0.0,0.00017482517482517483,0.0008124228712464007,0.00623200329082682,0.005409296585767174,0.005573837926779103,0.01270053475935829,0.005851501439736734,0.014541341011929247,0.0219765528589058,0.03942821883998355,0.04902303578774167,0.01806869600987248,0.03816330728095434,0.05771287535993418,0.05586178527354998,0.10208761826408885,0.0654566022213081,0.051522007404360345,0.0659090909090909,0.09176264911559029,0.08668243521184697,0.03524269847799259,0.03590086384204031,0.02619292472233649,0.02319004524886878,0.012957630604689428,0.018109831345125463,0.00941999177293295,0.009903331962155492,0.024969148498560263,0.00035993418346359524,0.0009563965446318387,0.006643356643356644,7.198683669271904e-05,2.0567667626491154e-05,0.00097696421225833,2.0567667626491154e-05,0.0,0.0,0.0,0.0,0.0,0.0,0.0,0.0,0.0,0.0,0.0,0.0,0.0,0.0,0.0,0.0,0.0,0.0,0.0,0.0,0.0,0.0,0.0,0.0,0.0,0.0,0.0,0.0,0.0,0.0,0.0,0.0,0.0,0.0,0.0,0.0,0.0,0.0,0.0,0.0,0.0,nan,nan,4.348171701112878,2.878225472743505,nan,0.9128355526506197,0.02240455575157974,0.0,0.0,0.0,0.0,0.0,0.0,0.0,0.0,0.0,0.0,0.0,0.0,0.0,0.0,0.0,0.0,0.0,0.0,0.0,0.0,0.0,0.0,0.0,0.0,0.012229922543823893,0.5992662046473707,7.88830004076641,16.106807990216065,5.087647778230739,0.30574806359559725,0.9118762012832439,0.02271002493670077,0.0,0.0,0.0,0.0,0.0,0.0,0.0,0.0,0.0,0.0,0.0,0.0,0.0,0.0,0.0,0.0,0.0,0.0,0.0,0.0,0.0,0.0,0.0,0.0,0.012453300124533004,0.6102117061021172,8.156911581569117,15.691158156911584,5.379825653798258,0.14943960149439603,0.397,0.01179,0.0,0.0,0.0,0.0,0.0,0.0,0.0,0.0,0.0,0.0,0.11006930289441502,18.100285364859328,11.765185487158584,0.024459845087647786,0.0,0.0,0.0,0.0,0.0,0.0,0.0,0.0,0.0,0.0,0.0,0.0,0.0,0.0,0.0,0.0,0.397,0.01189,0.0,0.0,0.0,0.0,0.0,0.0,0.0,0.0,0.0,0.0,0.11207970112079703,17.79576587795763,12.067247820672481,0.02490660024906601,0.0,0.0,0.0,0.0,0.0,0.0,0.0,0.0,0.0,0.0,0.0,0.0,0.0,0.0,0.0,0.0
36400,4865,2520,0.5179856115107914,1192,1013,0.45323741007194246,1363,0.5603288797533402,0.40599999999999997,2.8865671641791044,3.056526929761072,6.49763779527559,2.2289245514842606,8377.926618705036,506.3720770052206,7853.0,8866.4,8866.399999999998,1.8189894035458565e-12,7853.0,0.0,28.144295991778005,20.89430507152972,33.19042944785276,19.072880736013,0.1393627954779034,0.1001027749229188,0.08961973278520041,0.09105858170606372,0.07297019527235354,0.07153134635149024,0.07173689619732786,0.06207605344295992,0.06598150051387461,0.054881808838643374,0.04501541623843782,0.039671120246659815,0.03473792394655704,0.027338129496402876,0.016855087358684483,0.010277492291880781,0.0067831449126413155,0.9127265495729593,0.022690836039350237,0.0,0.0,0.0,0.0,0.0,0.0,0.0,0.0,0.0,0.0,0.0,0.0,0.0,0.0,0.0,0.0,0.0,0.0,0.0,0.0,0.0,0.0,0.0,0.0,0.01233299075025694,0.6289825282631039,7.911613566289827,16.04522096608428,5.087358684480988,0.31449126413155193,4.184318684792918,2.8640578081255774,nan,nan,nan,4.182747603833866,2.83696888433292,4.187226048841578,2.8907274524556867,1.0010706945366743,0.396,0.01146,0.0,0.0,0.0,0.0,0.0,0.0,0.0,0.0,0.0,0.0,0.15416238437821175,18.90647482014386,10.933196300102779,0.00616649537512847,0.0,0.0,0.0,0.0,0.0,0.0,0.0,0.0,0.0,0.0,0.0,0.0,0.0,0.0,0.0,0.0,nan,nan,4.184318684792918,2.8640578081255774,nan,0.396,0.05667,0.0,0.0,0.0,0.0,0.0,0.0,0.0,0.0,0.0,0.0,0.0,0.0,0.0,0.0,0.0,0.0,0.0,0.0,0.00010277492291880781,0.0,1.0277492291880782e-05,0.0,1.0277492291880782e-05,5.1387461459403907e-05,0.0008735868448098664,0.006628982528263104,0.0060739979445015415,0.0066906474820143886,0.01274409044193217,0.006094552929085303,0.014049331963001028,0.022076053442959917,0.04177800616649537,0.04623843782117163,0.017944501541623845,0.03916752312435766,0.05815005138746146,0.05565262076053443,0.10436793422404933,0.068879753340185,0.050811921891058584,0.06359712230215828,0.09184994861253853,0.08591983556012334,0.03471736896197328,0.037420349434737925,0.025323741007194246,0.023761562178828365,0.013114080164439877,0.015858170606372044,0.008602261048304213,0.01014388489208633,0.022384378211716342,0.00023638232271325796,0.0011408016443987667,0.006372045220966085,0.00013360739979445015,1.0277492291880782e-05,0.0010174717368961973,0.0,0.0,0.0,0.0,0.0,0.0,0.0,0.0,0.0,0.0,0.0,0.0,0.0,0.0,0.0,0.0,0.0,0.0,0.0,0.0,0.0,0.0,0.0,0.0,0.0,0.0,0.0,0.0,0.0,0.0,0.0,0.0,0.0,0.0,0.0,0.0,0.0,0.0,0.0,0.0,0.0,0.0,nan,nan,4.184318684792918,2.8640578081255774,nan,0.913159899129754,0.02264313839069566,0.0,0.0,0.0,0.0,0.0,0.0,0.0,0.0,0.0,0.0,0.0,0.0,0.0,0.0,0.0,0.0,0.0,0.0,0.0,0.0,0.0,0.0,0.0,0.0,0.011904761904761908,0.5714285714285715,7.880952380952382,16.023809523809526,5.202380952380953,0.3095238095238096,0.9122608604970008,0.02273277499867859,0.0,0.0,0.0,0.0,0.0,0.0,0.0,0.0,0.0,0.0,0.0,0.0,0.0,0.0,0.0,0.0,0.0,0.0,0.0,0.0,0.0,0.0,0.0,0.0,0.012793176972281453,0.6908315565031985,7.944562899786782,16.068230277185503,4.963752665245203,0.3198294243070363,0.3962,0.01145,0.0,0.0,0.0,0.0,0.0,0.0,0.0,0.0,0.0,0.0,0.10714285714285716,18.65476190476188,11.22619047619048,0.011904761904761908,0.0,0.0,0.0,0.0,0.0,0.0,0.0,0.0,0.0,0.0,0.0,0.0,0.0,0.0,0.0,0.0,0.3958,0.01146,0.0,0.0,0.0,0.0,0.0,0.0,0.0,0.0,0.0,0.0,0.20469083155650325,19.176972281449867,10.618336886993607,0.0,0.0,0.0,0.0,0.0,0.0,0.0,0.0,0.0,0.0,0.0,0.0,0.0,0.0,0.0,0.0,0.0
36500,4850,2557,0.5272164948453608,1222,962,0.4503092783505155,1337,0.551340206185567,0.43,3.0793720017444395,3.1389923060812657,6.62844702467344,2.1187128244265554,8387.281195876289,505.948779654654,7853.0,8866.4,8866.4,0.0,7853.0,0.0,28.370721649484537,20.956210813125796,33.265346050379065,19.172978531783336,0.13463917525773195,0.10103092783505155,0.088659793814433,0.08412371134020619,0.08288659793814433,0.0731958762886598,0.06969072164948453,0.06494845360824743,0.06103092783505155,0.0554639175257732,0.04721649484536083,0.03649484536082474,0.03525773195876289,0.026804123711340205,0.022061855670103093,0.009896907216494845,0.006597938144329897,0.9126480319327915,0.02264978162760437,0.0,0.0,0.0,0.0,0.0,0.0,0.0,0.0,0.0,0.0,0.0,0.0,0.0,0.0,0.0,0.0,0.0,0.0,0.0,0.0,0.0,0.0,0.0,0.0,0.00618556701030928,0.5690721649484537,8.183505154639176,15.71134020618557,5.251546391752579,0.2783505154639176,4.258451816745656,2.897216969011792,nan,nan,nan,4.294927989981215,2.9087660266115805,4.221301020408164,2.8849327692090334,0.9828572283994514,0.3965,0.011696,0.0,0.0,0.0,0.0,0.0,0.0,0.0,0.0,0.0,0.0,0.11752577319587632,18.247422680412345,11.610309278350519,0.02474226804123712,0.0,0.0,0.0,0.0,0.0,0.0,0.0,0.0,0.0,0.0,0.0,0.0,0.0,0.0,0.0,0.0,nan,nan,4.258451816745656,2.897216969011792,nan,0.3965,0.0565,0.0,0.0,0.0,0.0,0.0,0.0,0.0,0.0,0.0,0.0,0.0,0.0,0.0,0.0,0.0,0.0,0.0,0.0,9.278350515463917e-05,0.0,0.0,0.0,0.0,3.0927835051546395e-05,0.0008144329896907217,0.006556701030927835,0.005041237113402062,0.006752577319587629,0.013948453608247422,0.005989690721649485,0.01322680412371134,0.021742268041237113,0.04355670103092783,0.04508247422680412,0.015989690721649484,0.038618556701030926,0.056628865979381444,0.054948453608247426,0.10355670103092783,0.06747422680412371,0.05338144329896907,0.06337113402061856,0.09283505154639175,0.08745360824742268,0.03544329896907217,0.040845360824742265,0.02584536082474227,0.02363917525773196,0.01234020618556701,0.01627835051546392,0.007587628865979382,0.01,0.022061855670103093,0.0003092783505154639,0.0013814432989690721,0.005845360824742268,0.00012371134020618558,8.247422680412371e-05,0.0011134020618556702,0.0,1.0309278350515464e-05,0.0,0.0,0.0,0.0,0.0,0.0,0.0,0.0,0.0,0.0,0.0,0.0,0.0,0.0,0.0,0.0,0.0,0.0,0.0,0.0,0.0,0.0,0.0,0.0,0.0,0.0,0.0,0.0,0.0,0.0,0.0,0.0,0.0,0.0,0.0,0.0,0.0,0.0,0.0,0.0,nan,nan,4.258451816745656,2.897216969011792,nan,0.9130721426728091,0.022992178060502848,0.0,0.0,0.0,0.0,0.0,0.0,0.0,0.0,0.0,0.0,0.0,0.0,0.0,0.0,0.0,0.0,0.0,0.0,0.0,0.0,0.0,0.0,0.0,0.0,0.01173249902229175,0.5396949550254205,8.03676183026985,15.674618693781778,5.490809542432539,0.24638247946812675,0.9121750920452096,0.022252223592215428,0.0,0.0,0.0,0.0,0.0,0.0,0.0,0.0,0.0,0.0,0.0,0.0,0.0,0.0,0.0,0.0,0.0,0.0,0.0,0.0,0.0,0.0,0.0,0.0,0.0,0.6018316615787179,8.347143480157001,15.7522895769734,4.984736153510686,0.31399912778020067,0.3965,0.011734,0.0,0.0,0.0,0.0,0.0,0.0,0.0,0.0,0.0,0.0,0.16425498631208452,18.255768478685933,11.556511536957375,0.0234649980445835,0.0,0.0,0.0,0.0,0.0,0.0,0.0,0.0,0.0,0.0,0.0,0.0,0.0,0.0,0.0,0.0,0.3965,0.01165,0.0,0.0,0.0,0.0,0.0,0.0,0.0,0.0,0.0,0.0,0.06541648495420847,18.238116005233294,11.670300915830792,0.02616659398168339,0.0,0.0,0.0,0.0,0.0,0.0,0.0,0.0,0.0,0.0,0.0,0.0,0.0,0.0,0.0,0.0
36600,5168,2626,0.5081269349845201,1240,1130,0.45859133126934987,1537,0.5948142414860681,0.3419999999999999,2.8784421715184894,2.9774551936135136,6.351540616246498,2.1344064523451256,8367.935835913313,506.6330634757357,7853.0,8866.4,8866.399999999998,1.8189894035458565e-12,7853.0,0.0,28.51122291021672,20.80662175176953,33.26100844170659,19.0098105388854,0.1346749226006192,0.08958978328173374,0.09558823529411764,0.08281733746130031,0.08475232198142414,0.07527089783281733,0.0733359133126935,0.0673374613003096,0.05495356037151703,0.0516640866873065,0.047987616099071206,0.04508513931888545,0.03521671826625387,0.026702786377708978,0.01838235294117647,0.011803405572755417,0.004837461300309598,0.9130095098017723,0.022970338474101692,0.0,0.0,0.0,0.0,0.0,0.0,0.0,0.0,0.0,0.0,0.0,0.0,0.0,0.0,0.0,0.0,0.0,0.0,0.0,0.0,0.0,0.0,0.0,0.0,0.0,0.603715170278638,8.103715170278639,15.655959752321984,5.328947368421054,0.3076625386996905,4.082163742690058,2.7679193944835028,nan,nan,nan,4.068904593639576,2.7148479495200197,4.095238095238095,2.819212020820657,1.0064718896677212,0.3965,0.01159,0.0,0.0,0.0,0.0,0.0,0.0,0.0,0.0,0.0,0.0,0.1335139318885449,18.6629256965944,11.197755417956659,0.005804953560371518,0.0,0.0,0.0,0.0,0.0,0.0,0.0,0.0,0.0,0.0,0.0,0.0,0.0,0.0,0.0,0.0,nan,nan,4.082163742690058,2.7679193944835028,nan,0.3965,0.05655,0.0,0.0,0.0,0.0,0.0,0.0,0.0,0.0,0.0,0.0,0.0,0.0,0.0,0.0,0.0,0.0,0.0,0.0,1.934984520123839e-05,0.0,9.674922600619196e-06,0.0,0.0,9.674922600619196e-05,0.0005611455108359133,0.006656346749226006,0.00456656346749226,0.006685371517027864,0.01489938080495356,0.006037151702786378,0.013061145510835913,0.023732585139318887,0.04439821981424149,0.04494001547987616,0.01548955108359133,0.03593266253869969,0.05839783281733746,0.054585913312693496,0.10402476780185758,0.06409636222910217,0.05172213622291022,0.0637577399380805,0.09309210526315789,0.08484907120743033,0.039512383900928795,0.04275348297213622,0.02630611455108359,0.02489357585139319,0.011397058823529411,0.01574109907120743,0.006704721362229102,0.009578173374613003,0.022523219814241487,0.00028057275541795663,0.0011319659442724458,0.0066756965944272445,0.00012577399380804953,2.9024767801857583e-05,0.0007352941176470588,0.0,0.0,0.0,0.0,0.0,0.0,0.0,0.0,0.0,0.0,0.0,0.0,0.0,0.0,0.0,0.0,0.0,0.0,0.0,0.0,0.0,0.0,0.0,0.0,0.0,0.0,0.0,0.0,0.0,0.0,0.0,0.0,0.0,0.0,0.0,0.0,0.0,0.0,0.0,0.0,0.0,0.0,nan,nan,4.082163742690058,2.7679193944835028,nan,0.9133617989860776,0.023290892849886176,0.0,0.0,0.0,0.0,0.0,0.0,0.0,0.0,0.0,0.0,0.0,0.0,0.0,0.0,0.0,0.0,0.0,0.0,0.0,0.0,0.0,0.0,0.0,0.0,0.0,0.6283320639756285,8.111195734958113,15.285605483625288,5.654988575780656,0.31987814166031997,0.9126455792754209,0.022628666008041032,0.0,0.0,0.0,0.0,0.0,0.0,0.0,0.0,0.0,0.0,0.0,0.0,0.0,0.0,0.0,0.0,0.0,0.0,0.0,0.0,0.0,0.0,0.0,0.0,0.0,0.5782848151062157,8.09598741148702,16.038552321007085,4.992132179386312,0.29504327301337535,0.3965,0.01164,0.0,0.0,0.0,0.0,0.0,0.0,0.0,0.0,0.0,0.0,0.13709063214013711,18.58720487433356,11.264280274181267,0.011424219345011427,0.0,0.0,0.0,0.0,0.0,0.0,0.0,0.0,0.0,0.0,0.0,0.0,0.0,0.0,0.0,0.0,0.3965,0.011536,0.0,0.0,0.0,0.0,0.0,0.0,0.0,0.0,0.0,0.0,0.12981904012588516,18.74114870180957,11.12903225806452,0.0,0.0,0.0,0.0,0.0,0.0,0.0,0.0,0.0,0.0,0.0,0.0,0.0,0.0,0.0,0.0,0.0
36700,4206,2181,0.5185449358059915,1041,872,0.4548264384213029,1170,0.5563480741797432,0.3940000000000001,2.84,2.9842516691276826,6.200339558573854,2.2772067347703273,8378.49343794579,506.3513569550076,7853.0,8866.4,8866.4,0.0,7853.0,0.0,28.640513552068473,21.206132626721534,33.56410256410256,19.420519301136125,0.13480741797432239,0.09676652401331431,0.0905848787446505,0.08226343319067998,0.08440323347598669,0.07608178792201617,0.06823585354255825,0.061103185924869234,0.06490727532097004,0.04969091773656681,0.0475511174512601,0.039229671897289584,0.03637660485021398,0.02615311459819306,0.020922491678554447,0.012125534950071327,0.00879695672848312,0.9133579362816205,0.02330216261069393,0.0,0.0,0.0,0.0,0.0,0.0,0.0,0.0,0.0,0.0,0.0,0.0,0.0,0.0,0.0,0.0,0.0,0.0,0.0,0.0,0.0,0.0,0.0,0.0,0.0,0.6490727532097005,7.931526390870187,15.24964336661912,5.9129814550641955,0.2567760342368046,4.049369369369369,2.8143926358294986,nan,nan,nan,4.1625835189309575,2.818882429433368,3.942577030812325,2.805967445087306,0.947146648921741,0.3955,0.01143,0.0,0.0,0.0,0.0,0.0,0.0,0.0,0.0,0.0,0.0,0.1283880171184023,19.422253922967162,10.406562054208276,0.0427960057061341,0.0,0.0,0.0,0.0,0.0,0.0,0.0,0.0,0.0,0.0,0.0,0.0,0.0,0.0,0.0,0.0,nan,nan,4.049369369369369,2.8143926358294986,nan,0.3955,0.05646,0.0,0.0,0.0,0.0,0.0,0.0,0.0,0.0,0.0,0.0,0.0,0.0,0.0,0.0,0.0,0.0,0.0,0.0,0.0,0.0,1.1887779362815025e-05,0.0,0.0,1.1887779362815025e-05,0.0004992867332382311,0.005361388492629577,0.00456490727532097,0.008000475511174512,0.016856871136471708,0.006241084165477888,0.012672372800760818,0.02442938659058488,0.04407988587731812,0.046790299572039944,0.014705183071802188,0.035461245839277226,0.062256300523062295,0.05509985734664764,0.10635996195910603,0.06553732762719924,0.05030908226343319,0.06409890632429863,0.09253447456015217,0.08072990965287684,0.03869472182596291,0.039158345221112695,0.027139800285306704,0.02376367094626724,0.012624821683309558,0.015299572039942939,0.005979553019495958,0.009486447931526391,0.02263433190679981,0.0003804089396100808,0.0011650023775558725,0.006324298621017594,0.0001783166904422254,3.566333808844508e-05,0.0005230622919638611,0.0,0.0,0.0,0.0,0.0,0.0,0.0,0.0,0.0,0.0,0.0,0.0,0.0,0.0,0.0,0.0,0.0,0.0,0.0,0.0,0.0,0.0,0.0,0.0,0.0,0.0,0.0,0.0,0.0,0.0,0.0,0.0,0.0,0.0,0.0,0.0,0.0,0.0,0.0,0.0,0.0,0.0,nan,nan,4.049369369369369,2.8143926358294986,nan,0.9130126943505177,0.023200626705929053,0.0,0.0,0.0,0.0,0.0,0.0,0.0,0.0,0.0,0.0,0.0,0.0,0.0,0.0,0.0,0.0,0.0,0.0,0.0,0.0,0.0,0.0,0.0,0.0,0.0,0.7427785419532327,7.771664374140304,15.488308115543331,5.790921595598351,0.20632737276478685,0.9137297746281565,0.023405332579784305,0.0,0.0,0.0,0.0,0.0,0.0,0.0,0.0,0.0,0.0,0.0,0.0,0.0,0.0,0.0,0.0,0.0,0.0,0.0,0.0,0.0,0.0,0.0,0.0,0.0,0.5481481481481483,8.103703703703706,14.992592592592596,6.044444444444445,0.31111111111111117,0.3955,0.011566,0.0,0.0,0.0,0.0,0.0,0.0,0.0,0.0,0.0,0.0,0.15130674002751035,19.25722145804674,10.536451169188448,0.05502063273727649,0.0,0.0,0.0,0.0,0.0,0.0,0.0,0.0,0.0,0.0,0.0,0.0,0.0,0.0,0.0,0.0,0.3955,0.01128,0.0,0.0,0.0,0.0,0.0,0.0,0.0,0.0,0.0,0.0,0.10370370370370373,19.599999999999973,10.26666666666667,0.029629629629629638,0.0,0.0,0.0,0.0,0.0,0.0,0.0,0.0,0.0,0.0,0.0,0.0,0.0,0.0,0.0,0.0
36800,3967,2060,0.5192840937736325,949,794,0.43937484245021424,1099,0.5540710864633224,0.4060000000000001,2.904562139486104,3.058821203914641,6.58745247148289,2.0411532127341907,8379.242500630196,506.3230003358711,7853.0,8866.4,8866.399999999998,1.8189894035458565e-12,7853.0,0.0,27.98512730022687,21.09176729127505,33.04308526664658,19.35170151572574,0.1426770859591631,0.10108394252583816,0.09251323418200151,0.08394252583816486,0.08116964960927653,0.07461557852281321,0.06957398537937988,0.06150743634988656,0.05722208217796824,0.05293672800604991,0.045122258633728256,0.04083690446180993,0.030501638517771615,0.02898916057474162,0.016637257373329974,0.011091504915553314,0.009579026972523318,0.9131097035561877,0.023001283156893648,0.0,0.0,0.0,0.0,0.0,0.0,0.0,0.0,0.0,0.0,0.0,0.0,0.0,0.0,0.0,0.0,0.0,0.0,0.0,0.0,0.0,0.0,0.0,0.0,0.007562389715149989,0.657927905218049,7.9102596420468885,15.654146710360477,5.490294933198892,0.2798084194605496,4.211538461538462,2.801447594039032,nan,nan,nan,4.2564302416212,2.817470611615346,4.166139240506329,2.7854604929575415,0.9787871535560556,0.3948,0.01153,0.0,0.0,0.0,0.0,0.0,0.0,0.0,0.0,0.0,0.0,0.15124779430299978,20.229392488026186,9.573985379379886,0.04537433829089993,0.0,0.0,0.0,0.0,0.0,0.0,0.0,0.0,0.0,0.0,0.0,0.0,0.0,0.0,0.0,0.0,nan,nan,4.211538461538462,2.801447594039032,nan,0.3948,0.05713,0.0,0.0,0.0,0.0,0.0,0.0,0.0,0.0,0.0,0.0,0.0,0.0,0.0,0.0,0.0,0.0,0.0,0.0,0.0,0.0,8.822788001008319e-05,0.0,0.0,0.0,0.0005419712629190825,0.00608772372069574,0.0043483740862112425,0.009226115452482985,0.017368288379127805,0.006465843206453239,0.013145954121502395,0.024338290899924377,0.04504663473657676,0.048008570708343835,0.01567935467607764,0.03585833123266952,0.06134358457272498,0.06070078144693723,0.10374338290899925,0.06502394756743131,0.04702546004537434,0.0603478699268969,0.09073607259894126,0.08105621376354928,0.038971514998739604,0.036891857827073354,0.027363246785984372,0.023304764305520545,0.014986135618855558,0.016914544996218805,0.0046130577262414926,0.008797580035291151,0.02259894126543988,0.0005545752457776658,0.0012982102344340813,0.007020418452230905,0.00023947567431308294,0.0,0.00026468364003024954,0.0,0.0,0.0,0.0,0.0,0.0,0.0,0.0,0.0,0.0,0.0,0.0,0.0,0.0,0.0,0.0,0.0,0.0,0.0,0.0,0.0,0.0,0.0,0.0,0.0,0.0,0.0,0.0,0.0,0.0,0.0,0.0,0.0,0.0,0.0,0.0,0.0,0.0,0.0,0.0,0.0,0.0,nan,nan,4.211538461538462,2.801447594039032,nan,0.9138018108108669,0.023200388093499176,0.0,0.0,0.0,0.0,0.0,0.0,0.0,0.0,0.0,0.0,0.0,0.0,0.0,0.0,0.0,0.0,0.0,0.0,0.0,0.0,0.0,0.0,0.0,0.0,0.0,0.6699029126213594,7.776699029126215,15.320388349514566,5.956310679611652,0.27669902912621364,0.9123620680319932,0.022760615155446348,0.0,0.0,0.0,0.0,0.0,0.0,0.0,0.0,0.0,0.0,0.0,0.0,0.0,0.0,0.0,0.0,0.0,0.0,0.0,0.0,0.0,0.0,0.0,0.0,0.01573151546932355,0.6449921342422654,8.054535920293658,16.01468274777137,4.986890403775565,0.28316727844782386,0.3948,0.01156,0.0,0.0,0.0,0.0,0.0,0.0,0.0,0.0,0.0,0.0,0.18932038834951462,20.315533980582497,9.436893203883496,0.058252427184466035,0.0,0.0,0.0,0.0,0.0,0.0,0.0,0.0,0.0,0.0,0.0,0.0,0.0,0.0,0.0,0.0,0.395,0.01149,0.0,0.0,0.0,0.0,0.0,0.0,0.0,0.0,0.0,0.0,0.11012060828526485,20.136339800734106,9.722076560041952,0.0314630309386471,0.0,0.0,0.0,0.0,0.0,0.0,0.0,0.0,0.0,0.0,0.0,0.0,0.0,0.0,0.0,0.0
36900,3783,1940,0.5128205128205128,872,789,0.43906952154374834,1082,0.5720327782183452,0.4220000000000001,2.9148128052088986,3.0206043753549303,6.400394477317554,2.1601190344075336,8372.692307692305,506.5334045656102,7853.0,8866.4,8866.399999999998,1.8189894035458565e-12,7853.0,0.0,27.935500925191647,21.039583945003255,33.01518026565465,19.281637721955803,0.1422151731430082,0.10177108115252445,0.09304784562516522,0.08485329103885805,0.07586571504097277,0.07560137457044673,0.06819984139571768,0.0689928628072958,0.05286809410520751,0.05313243457573354,0.046788263283108644,0.04414485857784827,0.028284430346286017,0.02458366375892149,0.020089875759978854,0.012688342585249802,0.006872852233676976,0.9130965110614695,0.023004227124040263,0.0,0.0,0.0,0.0,0.0,0.0,0.0,0.0,0.0,0.0,0.0,0.0,0.0,0.0,0.0,0.0,0.0,0.0,0.0,0.0,0.0,0.0,0.0,0.0,0.0,0.618556701030928,8.049167327517845,15.4639175257732,5.62252180808882,0.24583663758921498,4.288548987184787,2.771331473196649,nan,nan,nan,4.261728395061728,2.7886853061846804,4.315876974231089,2.7545725228610163,1.012705779005557,0.3943,0.01132,0.0,0.0,0.0,0.0,0.0,0.0,0.0,0.0,0.0,0.0,0.19825535289452817,20.832672482156987,8.953211736716893,0.015860428231562255,0.0,0.0,0.0,0.0,0.0,0.0,0.0,0.0,0.0,0.0,0.0,0.0,0.0,0.0,0.0,0.0,nan,nan,4.288548987184787,2.771331473196649,nan,0.3943,0.05762,0.0,0.0,0.0,0.0,0.0,0.0,0.0,0.0,0.0,0.0,0.0,0.0,0.0,0.0,0.0,0.0,0.0,0.0,0.0,0.0,0.00013217023526301876,0.0,0.0,1.3217023526301877e-05,0.00031720856463124506,0.007996299233412635,0.0056304520222045995,0.008670367433254032,0.016085117631509382,0.007348665080623843,0.014393338620142743,0.02513877874702617,0.042704203013481365,0.04849325931800159,0.016851704996034892,0.039333862014274384,0.061022997620935764,0.05939730372720063,0.10309278350515463,0.06537139836108909,0.04961670631773724,0.056872852233676975,0.0909066878139043,0.07735923869944489,0.039056304520222046,0.03527623579169971,0.028984932593180017,0.02352630187681734,0.014882368490615912,0.016032249537404175,0.00408406026962728,0.00831350779804388,0.022561459159397303,0.0005022468939994713,0.002035421623050489,0.007454401268834259,0.0002643404705260375,0.0,0.0002775574940523394,0.0,0.0,0.0,0.0,0.0,0.0,0.0,0.0,0.0,0.0,0.0,0.0,0.0,0.0,0.0,0.0,0.0,0.0,0.0,0.0,0.0,0.0,0.0,0.0,0.0,0.0,0.0,0.0,0.0,0.0,0.0,0.0,0.0,0.0,0.0,0.0,0.0,0.0,0.0,0.0,0.0,0.0,nan,nan,4.288548987184787,2.771331473196649,nan,0.9131541263811367,0.023175771257716398,0.0,0.0,0.0,0.0,0.0,0.0,0.0,0.0,0.0,0.0,0.0,0.0,0.0,0.0,0.0,0.0,0.0,0.0,0.0,0.0,0.0,0.0,0.0,0.0,0.0,0.6340206185567011,8.11855670103093,15.355670103092788,5.644329896907218,0.2474226804123712,0.9130358633565566,0.022822104260151833,0.0,0.0,0.0,0.0,0.0,0.0,0.0,0.0,0.0,0.0,0.0,0.0,0.0,0.0,0.0,0.0,0.0,0.0,0.0,0.0,0.0,0.0,0.0,0.0,0.0,0.6022788931090615,7.976125881714598,15.577862181226266,5.599565925122085,0.24416711882799788,0.3938,0.01094,0.0,0.0,0.0,0.0,0.0,0.0,0.0,0.0,0.0,0.0,0.2010309278350516,21.309278350515434,8.474226804123713,0.0154639175257732,0.0,0.0,0.0,0.0,0.0,0.0,0.0,0.0,0.0,0.0,0.0,0.0,0.0,0.0,0.0,0.0,0.3945,0.011696,0.0,0.0,0.0,0.0,0.0,0.0,0.0,0.0,0.0,0.0,0.19533369506239828,20.330982094411258,9.457406402604452,0.016277807921866526,0.0,0.0,0.0,0.0,0.0,0.0,0.0,0.0,0.0,0.0,0.0,0.0,0.0,0.0,0.0,0.0
37000,3930,1974,0.5022900763358779,896,857,0.4460559796437659,1139,0.5796437659033079,0.4060000000000001,2.90439672801636,3.0633330375001018,6.444852941176471,2.272091542692262,8362.020763358778,506.6946852468776,7853.0,8866.4,8866.399999999998,1.8189894035458565e-12,7853.0,0.0,28.20737913486005,21.1501718061892,33.33556434438698,19.32660752959568,0.14478371501272264,0.09567430025445292,0.08829516539440203,0.08854961832061069,0.0811704834605598,0.07506361323155217,0.06870229007633588,0.06055979643765903,0.054707379134860054,0.048091603053435114,0.05267175572519084,0.04020356234096692,0.035114503816793895,0.026463104325699746,0.020610687022900764,0.013740458015267175,0.0055979643765903305,0.9121598994003908,0.022794977289255284,0.0,0.0,0.0,0.0,0.0,0.0,0.0,0.0,0.0,0.0,0.0,0.0,0.0,0.0,0.0,0.0,0.0,0.0,0.0,0.0,0.0,0.0,0.0,0.0,0.007633587786259543,0.5038167938931298,8.755725190839696,15.343511450381683,5.114503816793894,0.2748091603053436,4.3050117462803446,2.8498990797809696,nan,nan,nan,4.351121423047177,2.8470403451553765,4.257731958762887,2.852053410187388,0.9785366908425902,0.3943,0.0118,0.0,0.0,0.0,0.0,0.0,0.0,0.0,0.0,0.0,0.0,0.25954198473282447,20.221374045801497,9.496183206106872,0.02290076335877863,0.0,0.0,0.0,0.0,0.0,0.0,0.0,0.0,0.0,0.0,0.0,0.0,0.0,0.0,0.0,0.0,nan,nan,4.3050117462803446,2.8498990797809696,nan,0.3943,0.05807,0.0,0.0,0.0,0.0,0.0,0.0,0.0,0.0,0.0,0.0,0.0,0.0,0.0,0.0,0.0,0.0,0.0,0.0,0.0,0.0,0.00013994910941475826,0.0,0.0,0.0,0.00044529262086513997,0.008905852417302799,0.005012722646310433,0.007748091603053435,0.01569974554707379,0.008244274809160306,0.013867684478371502,0.027455470737913486,0.04421119592875318,0.04702290076335878,0.016501272264631044,0.03533078880407125,0.061997455470737914,0.06197201017811705,0.10198473282442748,0.06862595419847328,0.05017811704834606,0.056272264631043255,0.08732824427480916,0.07592875318066158,0.03895674300254453,0.03432569974554708,0.028689567430025445,0.024974554707379134,0.013918575063613232,0.016806615776081425,0.003880407124681934,0.008244274809160306,0.023091603053435116,0.000559796437659033,0.002633587786259542,0.00851145038167939,0.0003816793893129771,0.0,0.00013994910941475826,1.272264631043257e-05,0.0,0.0,0.0,0.0,0.0,0.0,0.0,0.0,0.0,0.0,0.0,0.0,0.0,0.0,0.0,0.0,0.0,0.0,0.0,0.0,0.0,0.0,0.0,0.0,0.0,0.0,0.0,0.0,0.0,0.0,0.0,0.0,0.0,0.0,0.0,0.0,0.0,0.0,0.0,0.0,0.0,nan,nan,4.3050117462803446,2.8498990797809696,nan,0.9117410245154283,0.02277961273670004,0.0,0.0,0.0,0.0,0.0,0.0,0.0,0.0,0.0,0.0,0.0,0.0,0.0,0.0,0.0,0.0,0.0,0.0,0.0,0.0,0.0,0.0,0.0,0.0,0.015197568389057755,0.5471124620060791,8.844984802431613,15.410334346504563,4.863221884498481,0.31914893617021284,0.9125826289622087,0.022802672992128428,0.0,0.0,0.0,0.0,0.0,0.0,0.0,0.0,0.0,0.0,0.0,0.0,0.0,0.0,0.0,0.0,0.0,0.0,0.0,0.0,0.0,0.0,0.0,0.0,0.0,0.4601226993865032,8.665644171779142,15.276073619631905,5.368098159509203,0.2300613496932516,0.3945,0.01175,0.0,0.0,0.0,0.0,0.0,0.0,0.0,0.0,0.0,0.0,0.24316109422492407,20.227963525835836,9.498480243161096,0.03039513677811551,0.0,0.0,0.0,0.0,0.0,0.0,0.0,0.0,0.0,0.0,0.0,0.0,0.0,0.0,0.0,0.0,0.394,0.01186,0.0,0.0,0.0,0.0,0.0,0.0,0.0,0.0,0.0,0.0,0.2760736196319019,20.214723926380337,9.493865030674849,0.015337423312883439,0.0,0.0,0.0,0.0,0.0,0.0,0.0,0.0,0.0,0.0,0.0,0.0,0.0,0.0,0.0,0.0
37100,3773,2019,0.5351179432812085,959,754,0.45401537238271933,1024,0.5428041346408693,0.4260000000000001,3.0114025085518814,3.1449015724980427,6.652977412731006,2.237607066829826,8395.288523721176,505.44865909343065,7853.0,8866.4,8866.399999999998,1.8189894035458565e-12,7853.0,0.0,28.54624966869865,20.950911158105754,33.444758317639675,19.10507813392614,0.1349059104161145,0.09011396766498807,0.09673999469917838,0.08931884442088524,0.07580174927113703,0.07235621521335807,0.06599522926053539,0.0707659687251524,0.060694407633183144,0.05883912006360986,0.04558706599522926,0.04187649085608269,0.032335011926848664,0.028624436787702094,0.016962629207527165,0.011661807580174927,0.0074211502782931356,0.9118449115449858,0.02239127362861475,0.0,0.0,0.0,0.0,0.0,0.0,0.0,0.0,0.0,0.0,0.0,0.0,0.0,0.0,0.0,0.0,0.0,0.0,0.0,0.0,0.0,0.0,0.0,0.0,0.00795123244102836,0.6917572223694674,8.213623111582297,15.942221044261865,4.937715345878612,0.2067320434667374,4.131930392553622,2.928736113305363,nan,nan,nan,4.081715210355987,2.928040251051054,4.182333873581848,2.9297522143753083,1.0246510738844725,0.3938,0.01188,0.0,0.0,0.0,0.0,0.0,0.0,0.0,0.0,0.0,0.0,0.29419560031804937,20.705009276437817,9.000795123244105,0.0,0.0,0.0,0.0,0.0,0.0,0.0,0.0,0.0,0.0,0.0,0.0,0.0,0.0,0.0,0.0,0.0,nan,nan,4.131930392553622,2.928736113305363,nan,0.3938,0.05847,0.0,0.0,0.0,0.0,0.0,0.0,0.0,0.0,0.0,0.0,0.0,0.0,0.0,0.0,0.0,0.0,0.0,0.0,0.0,0.0,5.30082162735224e-05,3.97561622051418e-05,0.0,0.0,0.0003180492976411344,0.009978796713490591,0.00486350384309568,0.006003180492976412,0.01659157169361251,0.008759607739199576,0.014696527961834084,0.028889477869069705,0.04778690697058044,0.04912536443148688,0.015372382719321495,0.03641664457990989,0.058666843360720915,0.06388815266366286,0.09884707129605089,0.06523986217863768,0.05441293400477074,0.05591041611449775,0.08191094619666048,0.07973760932944607,0.03884177047442353,0.03256029684601113,0.027113702623906704,0.02499337397296581,0.01392790882586801,0.016737344288364698,0.00463821892393321,0.007805459846276173,0.023535648025443945,0.0005698383249403658,0.002676914921812881,0.008309037900874635,0.0005433342168036046,5.30082162735224e-05,0.0001722767028889478,1.32520540683806e-05,0.0,0.0,0.0,0.0,0.0,0.0,0.0,0.0,0.0,0.0,0.0,0.0,0.0,0.0,0.0,0.0,0.0,0.0,0.0,0.0,0.0,0.0,0.0,0.0,0.0,0.0,0.0,0.0,0.0,0.0,0.0,0.0,0.0,0.0,0.0,0.0,0.0,0.0,0.0,0.0,0.0,nan,nan,4.131930392553622,2.928736113305363,nan,0.9117362650093789,0.022242474258852347,0.0,0.0,0.0,0.0,0.0,0.0,0.0,0.0,0.0,0.0,0.0,0.0,0.0,0.0,0.0,0.0,0.0,0.0,0.0,0.0,0.0,0.0,0.0,0.0,0.0,0.7429420505200596,8.291233283803866,15.854383358098072,4.933135215453196,0.1783060921248143,0.9119699727510236,0.022560691386285834,0.0,0.0,0.0,0.0,0.0,0.0,0.0,0.0,0.0,0.0,0.0,0.0,0.0,0.0,0.0,0.0,0.0,0.0,0.0,0.0,0.0,0.0,0.0,0.0,0.017103762827822125,0.6328392246294186,8.12428734321551,16.043329532497154,4.942987457240594,0.23945267958950975,0.3938,0.01203,0.0,0.0,0.0,0.0,0.0,0.0,0.0,0.0,0.0,0.0,0.3566121842496286,20.564635958395215,9.078751857355128,0.0,0.0,0.0,0.0,0.0,0.0,0.0,0.0,0.0,0.0,0.0,0.0,0.0,0.0,0.0,0.0,0.0,0.3936,0.0117,0.0,0.0,0.0,0.0,0.0,0.0,0.0,0.0,0.0,0.0,0.22234891676168764,20.866590649942957,8.911060433295328,0.0,0.0,0.0,0.0,0.0,0.0,0.0,0.0,0.0,0.0,0.0,0.0,0.0,0.0,0.0,0.0,0.0
37200,4019,2058,0.5120676785269968,967,855,0.4533466036327445,1152,0.5732769345608361,0.4100000000000001,2.961754207037226,3.1266102686974304,6.638888888888889,2.278150376029306,8371.929385419257,506.5523982099651,7853.0,8866.4,8866.399999999998,1.8189894035458565e-12,7853.0,0.0,27.603881562577754,20.652707011530264,32.477333333333334,18.949695715332837,0.13884050758895247,0.1045036078626524,0.08733515799950237,0.0918138840507589,0.084349340631998,0.07738243344115452,0.06767852699676537,0.06245334660363275,0.06120925603383926,0.05075889524757402,0.04229907937297835,0.04105498880318487,0.0323463548146305,0.027121174421497887,0.012938541925852202,0.012938541925852202,0.004976362279173924,0.9121813709891889,0.02255119694387175,0.0,0.0,0.0,0.0,0.0,0.0,0.0,0.0,0.0,0.0,0.0,0.0,0.0,0.0,0.0,0.0,0.0,0.0,0.0,0.0,0.0,0.0,0.0,0.0,0.007464543418760888,0.7464543418760887,8.203533217218215,15.854690221448125,5.016173177407316,0.1716844986315004,4.240884406516679,2.915902386487338,nan,nan,nan,4.1929961089494165,2.879436953848979,4.291021671826625,2.950648752114332,1.0233784054003736,0.3938,0.01187,0.0,0.0,0.0,0.0,0.0,0.0,0.0,0.0,0.0,0.0,0.2985817367504355,20.624533466036297,9.069420253794478,0.007464543418760888,0.0,0.0,0.0,0.0,0.0,0.0,0.0,0.0,0.0,0.0,0.0,0.0,0.0,0.0,0.0,0.0,nan,nan,4.240884406516679,2.915902386487338,nan,0.3938,0.05798,0.0,0.0,0.0,0.0,0.0,0.0,0.0,0.0,0.0,0.0,0.0,0.0,0.0,0.0,0.0,0.0,0.0,0.0,0.0,0.0,0.0001244090569793481,4.976362279173924e-05,0.0,7.464543418760885e-05,0.0004976362279173924,0.010276188106494152,0.00424234884299577,0.005747698432445882,0.016260263747200795,0.008497138591689475,0.014083105250062204,0.028228415028614083,0.04651654640457825,0.048855436675789995,0.01536451853694949,0.038890271211744216,0.05676785269967654,0.06147051505349589,0.10059716347350087,0.06735506344861907,0.055573525752674796,0.057377457078875344,0.08138840507588953,0.07709629261010202,0.04132868872853944,0.03207265488927594,0.025553620303558098,0.025155511321224185,0.016546404578253297,0.018648917641204278,0.005200298581736751,0.008559343120179148,0.021473003234635482,0.000584722567802936,0.0018163722318984823,0.007053993530729037,0.00044787260512565313,0.0,0.00013684996267728292,8.708633988554367e-05,0.0,0.0,0.0,0.0,0.0,0.0,0.0,0.0,0.0,0.0,0.0,0.0,0.0,0.0,0.0,0.0,0.0,0.0,0.0,0.0,0.0,0.0,0.0,0.0,0.0,0.0,0.0,0.0,0.0,0.0,0.0,0.0,0.0,0.0,0.0,0.0,0.0,0.0,0.0,0.0,0.0,nan,nan,4.240884406516679,2.915902386487338,nan,0.91267190298719,0.02222999261139478,0.0,0.0,0.0,0.0,0.0,0.0,0.0,0.0,0.0,0.0,0.0,0.0,0.0,0.0,0.0,0.0,0.0,0.0,0.0,0.0,0.0,0.0,0.0,0.0,0.0,0.6413994169096211,8.192419825072887,15.962099125364436,4.9708454810495635,0.2332361516034986,0.9116665750422811,0.022872130438937165,0.0,0.0,0.0,0.0,0.0,0.0,0.0,0.0,0.0,0.0,0.0,0.0,0.0,0.0,0.0,0.0,0.0,0.0,0.0,0.0,0.0,0.0,0.0,0.0,0.015298317185109642,0.8567057623661399,8.215196328403877,15.741968383477822,5.063742988271291,0.10708822029576749,0.3938,0.01179,0.0,0.0,0.0,0.0,0.0,0.0,0.0,0.0,0.0,0.0,0.2769679300291546,20.77259475218656,8.950437317784258,0.0,0.0,0.0,0.0,0.0,0.0,0.0,0.0,0.0,0.0,0.0,0.0,0.0,0.0,0.0,0.0,0.0,0.3938,0.01196,0.0,0.0,0.0,0.0,0.0,0.0,0.0,0.0,0.0,0.0,0.32126466088730243,20.469148393676665,9.194288628250895,0.015298317185109642,0.0,0.0,0.0,0.0,0.0,0.0,0.0,0.0,0.0,0.0,0.0,0.0,0.0,0.0,0.0,0.0
37300,4247,2152,0.5067106192606545,1011,858,0.4400753473039793,1197,0.5636920178949847,0.4060000000000001,2.9513126491646777,3.0791495191755542,6.523076923076923,2.137151415686315,8366.500541558747,506.6543620995556,7853.0,8866.4,8866.399999999998,1.8189894035458565e-12,7853.0,0.0,28.35177772545326,21.189116963036042,33.26906957250629,19.453930261695202,0.13774429008712033,0.10383800329644455,0.09159406639981163,0.08523663762655992,0.07228631975512126,0.07628914527902049,0.0666352719566753,0.06828349423122204,0.05392041441017189,0.05439133506004238,0.049211207911466916,0.03885095361431599,0.03272898516599953,0.028726159642100305,0.02048504826936661,0.012008476571697669,0.007770190722863198,0.9126652989467229,0.02294793758803343,0.0,0.0,0.0,0.0,0.0,0.0,0.0,0.0,0.0,0.0,0.0,0.0,0.0,0.0,0.0,0.0,0.0,0.0,0.0,0.0,0.0,0.0,0.0,0.0,0.0,0.6639981163174006,8.052743112785498,15.971273840357902,5.001177301624677,0.31080762891452796,4.363036303630363,2.830927863858871,nan,nan,nan,4.411935953420669,2.818999307615154,4.313609467455621,2.8431675583131035,0.9777135282553653,0.3938,0.01203,0.0,0.0,0.0,0.0,0.0,0.0,0.0,0.0,0.0,0.0,0.2896161996703556,20.51330350835881,9.175888862726632,0.02119142924417236,0.0,0.0,0.0,0.0,0.0,0.0,0.0,0.0,0.0,0.0,0.0,0.0,0.0,0.0,0.0,0.0,nan,nan,4.363036303630363,2.830927863858871,nan,0.3938,0.0578,0.0,0.0,0.0,0.0,0.0,0.0,0.0,0.0,0.0,0.0,0.0,0.0,0.0,0.0,0.0,0.0,0.0,0.0,0.0,0.0,3.531904874028726e-05,2.354603249352484e-05,0.0,0.0001177301624676242,0.00042382858488344713,0.009453732046150224,0.004367789027548858,0.005274311278549565,0.016011302095596893,0.008099835177772545,0.013927478219919943,0.029373675535672238,0.04513774429008712,0.05091829526724747,0.014763362373440076,0.042371085472097954,0.05384977631269131,0.06089004002825524,0.10210736990817047,0.06903696727101484,0.05473275253119849,0.05978337650105957,0.07842006121968448,0.07692488815634566,0.039698610784082884,0.03277607723098658,0.026324464327760772,0.0255945373204615,0.016623498940428538,0.017329879915234284,0.004344242995055333,0.00963032728985166,0.021191429244172357,0.0004709206498704968,0.001989639745702849,0.007122674829291265,0.0005768777960913586,2.354603249352484e-05,0.00024723334118201083,1.177301624676242e-05,0.0,0.0,0.0,0.0,0.0,0.0,0.0,0.0,0.0,0.0,0.0,0.0,0.0,0.0,0.0,0.0,0.0,0.0,0.0,0.0,0.0,0.0,0.0,0.0,0.0,0.0,0.0,0.0,0.0,0.0,0.0,0.0,0.0,0.0,0.0,0.0,0.0,0.0,0.0,0.0,0.0,nan,nan,4.363036303630363,2.830927863858871,nan,0.9125474082880747,0.02275799448380717,0.0,0.0,0.0,0.0,0.0,0.0,0.0,0.0,0.0,0.0,0.0,0.0,0.0,0.0,0.0,0.0,0.0,0.0,0.0,0.0,0.0,0.0,0.0,0.0,0.0,0.6830855018587362,8.169144981412641,15.864312267657995,4.976765799256507,0.30669144981412644,0.9127863971316444,0.023140800091510615,0.0,0.0,0.0,0.0,0.0,0.0,0.0,0.0,0.0,0.0,0.0,0.0,0.0,0.0,0.0,0.0,0.0,0.0,0.0,0.0,0.0,0.0,0.0,0.0,0.0,0.6443914081145585,7.933174224343677,16.08114558472554,5.026252983293557,0.3150357995226731,0.3936,0.01207,0.0,0.0,0.0,0.0,0.0,0.0,0.0,0.0,0.0,0.0,0.30669144981412644,20.757434944237886,8.92193308550186,0.013940520446096658,0.0,0.0,0.0,0.0,0.0,0.0,0.0,0.0,0.0,0.0,0.0,0.0,0.0,0.0,0.0,0.0,0.394,0.012,0.0,0.0,0.0,0.0,0.0,0.0,0.0,0.0,0.0,0.0,0.27207637231503584,20.262529832935535,9.43675417661098,0.02863961813842483,0.0,0.0,0.0,0.0,0.0,0.0,0.0,0.0,0.0,0.0,0.0,0.0,0.0,0.0,0.0,0.0
37400,4258,2191,0.5145608266791921,1053,879,0.45373414748708313,1221,0.5735086895255989,0.4100000000000001,2.9627479438800193,3.0437967079714032,6.412563667232598,2.162634935037649,8374.455941756692,506.48509571642177,7853.0,8866.4,8866.4,0.0,7853.0,0.0,28.35274776890559,20.89646676728616,33.2807359910789,19.069461300603855,0.1369187411930484,0.09816815406294034,0.08384217942696101,0.09206200093940817,0.07656176608736497,0.07679661813057774,0.07045561296383279,0.06575857209957726,0.060122123062470646,0.05331141380930014,0.04650070455612964,0.04532644434006576,0.02959135744480977,0.029356505401596993,0.017848755284170972,0.011507750117426021,0.0058713010803193985,0.9117776535804869,0.02294885993807053,0.0,0.0,0.0,0.0,0.0,0.0,0.0,0.0,0.0,0.0,0.0,0.0,0.0,0.0,0.0,0.0,0.0,0.0,0.0,0.0,0.0,0.0,0.0,0.0,0.00704556129638328,0.7679661813057775,8.39830906528887,15.676373884452799,4.910756223579146,0.23954908407703152,4.215335005374418,2.8174854340674704,nan,nan,nan,4.21779359430605,2.810422285634111,4.212842712842713,2.8246251969773404,0.9988261916206567,0.3945,0.01183,0.0,0.0,0.0,0.0,0.0,0.0,0.0,0.0,0.0,0.0,0.29591357444809774,20.009394081728484,9.680601221230626,0.01409112259276656,0.0,0.0,0.0,0.0,0.0,0.0,0.0,0.0,0.0,0.0,0.0,0.0,0.0,0.0,0.0,0.0,nan,nan,4.215335005374418,2.8174854340674704,nan,0.3945,0.05743,0.0,0.0,0.0,0.0,0.0,0.0,0.0,0.0,0.0,0.0,0.0,0.0,0.0,0.0,0.0,0.0,0.0,0.0,0.0,0.0,0.0,3.522780648191639e-05,2.3485204321277596e-05,0.00010568341944574918,0.00032879286049788633,0.008231564114607797,0.004767496477219352,0.005366369187411931,0.015453264443400658,0.006904650070455613,0.013503992484734616,0.029180366369187413,0.04660638797557539,0.04872005636449037,0.01608736496007515,0.04303663691874119,0.051127289807421324,0.059887271019257865,0.10204321277595114,0.07016204790981681,0.058431188351338655,0.05772663222170033,0.07716063879755754,0.0765735086895256,0.040018788163457025,0.0345349929544387,0.026820103334899013,0.025352278064819163,0.01815406294034758,0.018130577736026304,0.004943635509628934,0.01023954908407703,0.021688586190699858,0.0007045561296383278,0.0018670737435415687,0.005436824800375763,0.0002700798496946923,0.0,0.00029356505401596995,0.0,5.871301080319399e-05,0.0,0.0,0.0,2.3485204321277596e-05,0.0,0.0,0.0,0.0,0.0,0.0,0.0,0.0,0.0,0.0,0.0,0.0,0.0,0.0,0.0,0.0,0.0,0.0,0.0,0.0,0.0,0.0,0.0,0.0,0.0,0.0,0.0,0.0,0.0,0.0,0.0,0.0,0.0,0.0,0.0,0.0,nan,nan,4.215335005374418,2.8174854340674704,nan,0.9119417526742629,0.022790214871348323,0.0,0.0,0.0,0.0,0.0,0.0,0.0,0.0,0.0,0.0,0.0,0.0,0.0,0.0,0.0,0.0,0.0,0.0,0.0,0.0,0.0,0.0,0.0,0.0,0.0,0.753080785029667,8.46188954815153,15.677772706526703,4.833409402099499,0.27384755819260614,0.9116037101288839,0.023114561584610893,0.0,0.0,0.0,0.0,0.0,0.0,0.0,0.0,0.0,0.0,0.0,0.0,0.0,0.0,0.0,0.0,0.0,0.0,0.0,0.0,0.0,0.0,0.0,0.0,0.014513788098693763,0.7837445573294632,8.33091436865022,15.674891146589264,4.992743105950654,0.20319303338171268,0.3945,0.01186,0.0,0.0,0.0,0.0,0.0,0.0,0.0,0.0,0.0,0.0,0.27384755819260614,19.68963943404835,10.036513007759016,0.0,0.0,0.0,0.0,0.0,0.0,0.0,0.0,0.0,0.0,0.0,0.0,0.0,0.0,0.0,0.0,0.0,0.3945,0.011795,0.0,0.0,0.0,0.0,0.0,0.0,0.0,0.0,0.0,0.0,0.3193033381712628,20.34833091436862,9.303338171262702,0.029027576197387526,0.0,0.0,0.0,0.0,0.0,0.0,0.0,0.0,0.0,0.0,0.0,0.0,0.0,0.0,0.0,0.0
37500,4436,2278,0.5135256988277728,1068,890,0.44138863841298465,1226,0.5527502254283138,0.4220000000000001,3.1000926784059315,3.1993091803462486,6.78021978021978,2.1178877725972045,8373.406943192065,506.51457008493776,7853.0,8866.4,8866.399999999998,1.8189894035458565e-12,7853.0,0.0,28.06199278629396,20.933328145043767,32.95262312633833,19.187794835135907,0.13976555455365194,0.09490532010820558,0.09558160504959423,0.08431018935978359,0.08318304779080253,0.07844905320108206,0.07146077547339946,0.058160504959422904,0.05793507664562669,0.05410279531109107,0.04440937781785392,0.03944995491433724,0.032010820559062216,0.030883678990081154,0.018935978358881875,0.009242560865644725,0.007213706041478809,0.9122532782412737,0.022958366220310063,0.0,0.0,0.0,0.0,0.0,0.0,0.0,0.0,0.0,0.0,0.0,0.0,0.0,0.0,0.0,0.0,0.0,0.0,0.0,0.0,0.0,0.0,0.0,0.0,0.013525698827772771,0.6221821460775474,8.352119026149685,15.520739404869255,5.2073940486925165,0.28403967538322816,4.312150837988827,2.9575049615105695,nan,nan,nan,4.252653927813164,2.9091945594916346,4.370089593383873,3.002670748738418,1.0276146772260628,0.3945,0.01157,0.0,0.0,0.0,0.0,0.0,0.0,0.0,0.0,0.0,0.0,0.1961226330027052,20.30883678990078,9.488277727682599,0.006762849413886386,0.0,0.0,0.0,0.0,0.0,0.0,0.0,0.0,0.0,0.0,0.0,0.0,0.0,0.0,0.0,0.0,nan,nan,4.312150837988827,2.9575049615105695,nan,0.3945,0.05743,0.0,0.0,0.0,0.0,0.0,0.0,0.0,0.0,0.0,0.0,0.0,0.0,0.0,0.0,0.0,0.0,0.0,0.0,0.0,0.0,0.0,4.508566275924256e-05,0.0,0.00015779981965734896,0.00012398557258791703,0.008160504959422903,0.00403516681695221,0.005883678990081154,0.016343552750225428,0.0071686203787195675,0.012725428313796213,0.029080252479711452,0.046438232642019836,0.049616771866546436,0.016602795311091073,0.04194093778178539,0.048782687105500454,0.06017808836789901,0.10235572587917043,0.07113390441839496,0.05759693417493237,0.0603809738503156,0.07806582506762849,0.07692741208295761,0.037229486023444544,0.034817403065825064,0.02626239855725879,0.02445897204688909,0.019927862939585213,0.01829350766456267,0.005410279531109108,0.010189359783588819,0.02108881875563571,0.0005297565374211001,0.001961226330027051,0.005387736699729486,0.0002930568079350766,0.0,0.0003719567177637511,0.0,3.381424706943192e-05,0.0,0.0,0.0,0.0,0.0,0.0,0.0,0.0,0.0,0.0,0.0,0.0,0.0,0.0,0.0,0.0,0.0,0.0,0.0,0.0,0.0,0.0,0.0,0.0,0.0,0.0,0.0,0.0,0.0,0.0,0.0,0.0,0.0,0.0,0.0,0.0,0.0,0.0,0.0,0.0,nan,nan,4.312150837988827,2.9575049615105695,nan,0.9123387183402064,0.022875302361964448,0.0,0.0,0.0,0.0,0.0,0.0,0.0,0.0,0.0,0.0,0.0,0.0,0.0,0.0,0.0,0.0,0.0,0.0,0.0,0.0,0.0,0.0,0.0,0.0,0.026338893766461816,0.6321334503950835,8.28358208955224,15.724319578577703,5.043898156277437,0.28972783143107994,0.9121630870710378,0.023045380518311114,0.0,0.0,0.0,0.0,0.0,0.0,0.0,0.0,0.0,0.0,0.0,0.0,0.0,0.0,0.0,0.0,0.0,0.0,0.0,0.0,0.0,0.0,0.0,0.0,0.0,0.6116774791473588,8.424467099165897,15.305838739573682,5.379981464318814,0.278035217794254,0.3945,0.01168,0.0,0.0,0.0,0.0,0.0,0.0,0.0,0.0,0.0,0.0,0.21071115013169453,20.359964881474948,9.429323968393328,0.0,0.0,0.0,0.0,0.0,0.0,0.0,0.0,0.0,0.0,0.0,0.0,0.0,0.0,0.0,0.0,0.0,0.3945,0.01147,0.0,0.0,0.0,0.0,0.0,0.0,0.0,0.0,0.0,0.0,0.18072289156626511,20.25486561631137,9.550509731232625,0.0139017608897127,0.0,0.0,0.0,0.0,0.0,0.0,0.0,0.0,0.0,0.0,0.0,0.0,0.0,0.0,0.0,0.0
37600,4721,2429,0.5145096377886041,1123,972,0.44376191484854904,1355,0.5740309256513451,0.4020000000000001,2.9629144851657943,3.0630266923408653,6.508474576271187,2.1472035024875438,8374.40406693497,506.48660437919943,7853.0,8866.4,8866.4,0.0,7853.0,0.0,28.219656852361787,21.181482562029167,33.32067830928879,19.389000974540156,0.14107180682058887,0.09870790086846007,0.08748146579114595,0.09214149544588011,0.08027960177928405,0.07201864011861894,0.07159500105909765,0.06354585892819319,0.052107604321118405,0.04998940902351197,0.0472357551366236,0.04257572548188943,0.03367930523194238,0.027960177928404998,0.019911035797500528,0.01080279601779284,0.008896420249947044,0.9126016035395087,0.023045179015633938,0.0,0.0,0.0,0.0,0.0,0.0,0.0,0.0,0.0,0.0,0.0,0.0,0.0,0.0,0.0,0.0,0.0,0.0,0.0,0.0,0.0,0.0,0.0,0.0,0.01270917178563864,0.6926498623173059,7.943232366024149,15.810209701334466,5.293370048718494,0.24782884981995346,4.2820012995451595,2.9125896245413574,nan,nan,nan,4.2002609262883235,2.9140234854683946,4.363106796116504,2.908896863538586,1.0387704175254855,0.3943,0.011536,0.0,0.0,0.0,0.0,0.0,0.0,0.0,0.0,0.0,0.0,0.24782884981995346,20.31561109934333,9.42385087905105,0.01270917178563864,0.0,0.0,0.0,0.0,0.0,0.0,0.0,0.0,0.0,0.0,0.0,0.0,0.0,0.0,0.0,0.0,nan,nan,4.2820012995451595,2.9125896245413574,nan,0.3943,0.05652,0.0,0.0,0.0,0.0,0.0,0.0,0.0,0.0,0.0,0.0,0.0,0.0,0.0,0.0,0.0,0.0,0.0,0.0,0.0,0.0,0.0,0.0,0.00010590976488032197,0.00013768269434441855,3.177292946409659e-05,0.00723363694132599,0.00400338911247617,0.005464943867824613,0.016543105274306292,0.006968862529125186,0.011703029019275578,0.030682058885829273,0.045456471086634184,0.0500317729294641,0.017273882651980512,0.04231095106968862,0.0487502647744122,0.05761491209489515,0.10456471086634188,0.07160559203558568,0.05638635882228341,0.06204194026689261,0.07649862317305656,0.07930523194238509,0.039461978394407966,0.035543317093836055,0.026625714890912942,0.025037068417708114,0.020429993645414108,0.01586528277907223,0.0052743062910400335,0.010771023088328745,0.020144037280237236,0.0003177292946409659,0.0017898750264774411,0.003558568099978818,0.00018004660029654734,0.0,0.0002647744122008049,0.0,2.1181952976064393e-05,0.0,0.0,0.0,0.0,0.0,0.0,0.0,0.0,0.0,0.0,0.0,0.0,0.0,0.0,0.0,0.0,0.0,0.0,0.0,0.0,0.0,0.0,0.0,0.0,0.0,0.0,0.0,0.0,0.0,0.0,0.0,0.0,0.0,0.0,0.0,0.0,0.0,0.0,0.0,0.0,nan,nan,4.2820012995451595,2.9125896245413574,nan,0.9131025904340968,0.022780373082978752,0.0,0.0,0.0,0.0,0.0,0.0,0.0,0.0,0.0,0.0,0.0,0.0,0.0,0.0,0.0,0.0,0.0,0.0,0.0,0.0,0.0,0.0,0.0,0.0,0.012350761630300537,0.5804857966241252,7.58336764100453,16.377109921778512,5.137916838205024,0.30876904075751344,0.9120706710931934,0.023310783213687583,0.0,0.0,0.0,0.0,0.0,0.0,0.0,0.0,0.0,0.0,0.0,0.0,0.0,0.0,0.0,0.0,0.0,0.0,0.0,0.0,0.0,0.0,0.0,0.0,0.013089005235602098,0.8115183246073301,8.324607329842934,15.209424083769637,5.458115183246075,0.18324607329842937,0.3943,0.01186,0.0,0.0,0.0,0.0,0.0,0.0,0.0,0.0,0.0,0.0,0.2717167558666118,20.415808974886755,9.300123507616304,0.012350761630300537,0.0,0.0,0.0,0.0,0.0,0.0,0.0,0.0,0.0,0.0,0.0,0.0,0.0,0.0,0.0,0.0,0.3945,0.01116,0.0,0.0,0.0,0.0,0.0,0.0,0.0,0.0,0.0,0.0,0.22251308900523564,20.209424083769605,9.554973821989531,0.013089005235602098,0.0,0.0,0.0,0.0,0.0,0.0,0.0,0.0,0.0,0.0,0.0,0.0,0.0,0.0,0.0,0.0
37700,4694,2425,0.5166169578184917,1137,959,0.4465274818917767,1342,0.5717937792927141,0.4100000000000001,3.0401057734684884,3.12423461756974,6.626153846153846,2.0998737634641773,8376.53962505326,506.42009935237115,7853.0,8866.4,8866.4,0.0,7853.0,0.0,28.37920749893481,21.228779026061407,33.51795263559969,19.402406952583274,0.14145717937792926,0.09884959522795057,0.09352364720920324,0.08074137196420964,0.0717937792927141,0.07775884107371112,0.07158074137196421,0.06476352790796762,0.06263314870046868,0.04985087345547507,0.04473796335747763,0.04345973583297827,0.02812100553898594,0.0293992330634853,0.020025564550489986,0.013634426927993182,0.007669365146996165,0.9124054276643533,0.02258729008130934,0.0,0.0,0.0,0.0,0.0,0.0,0.0,0.0,0.0,0.0,0.0,0.0,0.0,0.0,0.0,0.0,0.0,0.0,0.0,0.0,0.0,0.0,0.0,0.0,0.025564550489987223,0.6838517256071582,8.059224541968472,15.94588836812953,5.068172134639966,0.2172986791648914,4.313589996709444,2.8462954993245964,nan,nan,nan,4.3048941798941796,2.8668009131389978,4.322200392927308,2.825818541599175,1.0040201250739116,0.3943,0.01158,0.0,0.0,0.0,0.0,0.0,0.0,0.0,0.0,0.0,0.0,0.2236898167873882,20.5347251810822,9.235193864507885,0.006391137622496806,0.0,0.0,0.0,0.0,0.0,0.0,0.0,0.0,0.0,0.0,0.0,0.0,0.0,0.0,0.0,0.0,nan,nan,4.313589996709444,2.8462954993245964,nan,0.3943,0.05676,0.0,0.0,0.0,0.0,0.0,0.0,0.0,0.0,0.0,0.0,0.0,0.0,0.0,0.0,0.0,0.0,0.0,0.0,0.0,0.0,0.0,1.0651896037494674e-05,9.586706433745207e-05,8.521516829995739e-05,4.2607584149978694e-05,0.007701320835108649,0.004207498934810396,0.005336599914784832,0.01608436301661696,0.008010225820195995,0.013293566254793353,0.031007669365146998,0.044865786109927565,0.051629740093736685,0.018491691521090755,0.03974222411589263,0.04610140605027695,0.05918193438432041,0.104005112910098,0.07185769066893907,0.05461227098423519,0.06095014912654453,0.07747123988069876,0.07772688538559863,0.038783553472518106,0.037782275244993606,0.025607158074137198,0.02463783553472518,0.022571367703451216,0.017564976565828717,0.004569663400085215,0.010311035364294844,0.02010012782275245,0.0004154239454622923,0.001438005965061781,0.0031955688112484024,0.0001597784405624201,0.0,0.00022368981678738816,0.0,0.00012782275244993608,0.0,0.0,0.0,0.0,0.0,0.0,0.0,0.0,0.0,0.0,0.0,0.0,0.0,0.0,0.0,0.0,0.0,0.0,0.0,0.0,0.0,0.0,0.0,0.0,0.0,0.0,0.0,0.0,0.0,0.0,0.0,0.0,0.0,0.0,0.0,0.0,0.0,0.0,0.0,0.0,nan,nan,4.313589996709444,2.8462954993245964,nan,0.9121801894718838,0.02257290814491317,0.0,0.0,0.0,0.0,0.0,0.0,0.0,0.0,0.0,0.0,0.0,0.0,0.0,0.0,0.0,0.0,0.0,0.0,0.0,0.0,0.0,0.0,0.0,0.0,0.02474226804123712,0.729896907216495,8.090721649484538,15.995876288659797,4.923711340206187,0.23505154639175263,0.9126461516029775,0.0226001692555245,0.0,0.0,0.0,0.0,0.0,0.0,0.0,0.0,0.0,0.0,0.0,0.0,0.0,0.0,0.0,0.0,0.0,0.0,0.0,0.0,0.0,0.0,0.0,0.0,0.026443367122080216,0.6346408109299252,8.025561921551345,15.89246364037021,5.222565006610843,0.19832525341560164,0.3943,0.01157,0.0,0.0,0.0,0.0,0.0,0.0,0.0,0.0,0.0,0.0,0.23505154639175263,20.301030927835022,9.45154639175258,0.01237113402061856,0.0,0.0,0.0,0.0,0.0,0.0,0.0,0.0,0.0,0.0,0.0,0.0,0.0,0.0,0.0,0.0,0.394,0.01157,0.0,0.0,0.0,0.0,0.0,0.0,0.0,0.0,0.0,0.0,0.21154693697664173,20.784486557955017,9.003966505068314,0.0,0.0,0.0,0.0,0.0,0.0,0.0,0.0,0.0,0.0,0.0,0.0,0.0,0.0,0.0,0.0,0.0
37800,4482,2316,0.5167336010709505,1126,919,0.45626952253458275,1263,0.5635876840696118,0.4180000000000001,2.9316712834718377,3.0780766012607477,6.578414839797639,2.1125992038729775,8376.657831325303,506.41615491287644,7853.0,8866.4,8866.4,0.0,7853.0,0.0,28.226684515841143,20.923969847399917,33.19984076433121,19.10300412053027,0.1398929049531459,0.09393128067826863,0.09170013386880857,0.08701472556894244,0.07920571173583221,0.0783132530120482,0.07050423917893797,0.061356537260151715,0.06180276662204373,0.050200803212851405,0.04752342704149933,0.040160642570281124,0.036590807675145026,0.025881302989736725,0.0178491744756805,0.011825078090138332,0.006247211066488175,0.9129161091055098,0.02302440298249208,0.0,0.0,0.0,0.0,0.0,0.0,0.0,0.0,0.0,0.0,0.0,0.0,0.0,0.0,0.0,0.0,0.0,0.0,0.0,0.0,0.0,0.0,0.0,0.0,0.0,0.7228915662650605,7.831325301204821,15.97724230254351,5.147255689424365,0.32128514056224905,4.146898432174506,2.8442701688420806,nan,nan,nan,4.122435020519836,2.8386963698590577,4.171195652173913,2.8495874386331574,1.0118281140664114,0.3945,0.01174,0.0,0.0,0.0,0.0,0.0,0.0,0.0,0.0,0.0,0.0,0.20080321285140568,20.120481927710813,9.672021419009372,0.006693440428380189,0.0,0.0,0.0,0.0,0.0,0.0,0.0,0.0,0.0,0.0,0.0,0.0,0.0,0.0,0.0,0.0,nan,nan,4.146898432174506,2.8442701688420806,nan,0.3945,0.05707,0.0,0.0,0.0,0.0,0.0,0.0,0.0,0.0,0.0,0.0,0.0,0.0,0.0,0.0,0.0,0.0,0.0,0.0,0.0,0.0,0.0,0.0,0.00018964747880410531,0.00011155734047300312,1.1155734047300312e-05,0.007440874609549309,0.004796965640339134,0.0051874163319946456,0.014937527889335118,0.008857652833556448,0.013487282463186078,0.03279785809906292,0.04468987059348505,0.052576974564926375,0.018373493975903616,0.03908969210174029,0.04352967425256582,0.059560464078536365,0.09905176260597948,0.06971218206157966,0.05582329317269076,0.06287371709058456,0.07793395805443998,0.07788933511825077,0.03886657742079429,0.04035029004908523,0.02537929495760821,0.024408746095493084,0.02294734493529674,0.018183846497099507,0.004819277108433735,0.009817045961624275,0.020269968763944667,0.0006358768406961178,0.0013833110218652387,0.0036256135653726014,7.809013833110218e-05,2.2311468094600625e-05,0.0002788933511825078,0.0,1.1155734047300312e-05,0.0,0.0,0.0,0.0,0.0,0.0,0.0,0.0,0.0,0.0,0.0,0.0,0.0,0.0,0.0,0.0,0.0,0.0,0.0,0.0,0.0,0.0,0.0,0.0,0.0,0.0,0.0,0.0,0.0,0.0,0.0,0.0,0.0,0.0,0.0,0.0,0.0,0.0,0.0,0.0,nan,nan,4.146898432174506,2.8442701688420806,nan,0.9126266906092616,0.023045860397435582,0.0,0.0,0.0,0.0,0.0,0.0,0.0,0.0,0.0,0.0,0.0,0.0,0.0,0.0,0.0,0.0,0.0,0.0,0.0,0.0,0.0,0.0,0.0,0.0,0.0,0.6735751295336789,8.0699481865285,15.841968911917101,5.090673575129535,0.32383419689119175,0.9132255704339081,0.02299740843532046,0.0,0.0,0.0,0.0,0.0,0.0,0.0,0.0,0.0,0.0,0.0,0.0,0.0,0.0,0.0,0.0,0.0,0.0,0.0,0.0,0.0,0.0,0.0,0.0,0.0,0.7756232686980612,7.576177285318561,16.1218836565097,5.2077562326869815,0.31855955678670367,0.3943,0.011696,0.0,0.0,0.0,0.0,0.0,0.0,0.0,0.0,0.0,0.0,0.20725388601036274,20.323834196891163,9.4559585492228,0.012953367875647671,0.0,0.0,0.0,0.0,0.0,0.0,0.0,0.0,0.0,0.0,0.0,0.0,0.0,0.0,0.0,0.0,0.3948,0.01179,0.0,0.0,0.0,0.0,0.0,0.0,0.0,0.0,0.0,0.0,0.1939058171745153,19.903047091412713,9.903047091412745,0.0,0.0,0.0,0.0,0.0,0.0,0.0,0.0,0.0,0.0,0.0,0.0,0.0,0.0,0.0,0.0,0.0
37900,4654,2314,0.4972067039106145,1105,975,0.44692737430167595,1359,0.584013751611517,0.3940000000000001,2.945726495726496,3.0528190184456476,6.321727019498607,2.1922505506929815,8356.86927374302,506.69209288172027,7853.0,8866.4,8866.4,0.0,7853.0,0.0,28.615384615384617,21.02435579065431,33.44063926940639,19.212829786608573,0.1364417705199828,0.09003008165019338,0.09325311559948432,0.08831113021057155,0.08057584873227332,0.07198109153416415,0.06983240223463687,0.060593038246669534,0.061452513966480445,0.05393210141813494,0.05006446067898582,0.04748603351955307,0.03545337344220026,0.024709926944563816,0.017619252256123763,0.010528577567683713,0.007735281478298238,0.9126829068497828,0.02291399588005149,0.0,0.0,0.0,0.0,0.0,0.0,0.0,0.0,0.0,0.0,0.0,0.0,0.0,0.0,0.0,0.0,0.0,0.0,0.0,0.0,0.0,0.0,0.0,0.0,0.006446067898581867,0.7026214009454235,7.754619681993986,16.050709067468848,5.247099269445639,0.23850451224752905,4.268213002286834,2.882474000288628,nan,nan,nan,4.29177545691906,2.8833473859411782,4.244604316546763,2.8814053945062192,0.9890089449353066,0.3943,0.012215,0.0,0.0,0.0,0.0,0.0,0.0,0.0,0.0,0.0,0.0,0.22561237645036533,20.24709926944561,9.507950150408252,0.0193382036957456,0.0,0.0,0.0,0.0,0.0,0.0,0.0,0.0,0.0,0.0,0.0,0.0,0.0,0.0,0.0,0.0,nan,nan,4.268213002286834,2.882474000288628,nan,0.3943,0.05777,0.0,0.0,0.0,0.0,0.0,0.0,0.0,0.0,0.0,0.0,0.0,0.0,0.0,0.0,0.0,0.0,0.0,0.0,0.0,0.0,0.0,0.0,0.0005586592178770949,6.446067898581865e-05,3.2230339492909325e-05,0.007165878813923506,0.005113880532874946,0.006198968629136227,0.014965620971207563,0.010313708637730984,0.015148259561667383,0.03124194241512677,0.044402664374731414,0.052793296089385475,0.016942415126772668,0.038633433605500644,0.04564890416845724,0.06367640739149119,0.0959926944563816,0.07121830683283198,0.05282552642887838,0.06305328749462828,0.07618177911474001,0.07639664804469273,0.037118607649333904,0.03958960034379029,0.024785131070047272,0.023044692737430168,0.024204984959174905,0.01844649763644177,0.005350236355822948,0.011452513966480447,0.021035668242372154,0.000999140524280189,0.0017834121186076494,0.0032982380747743874,1.0743446497636441e-05,0.0,0.0002578427159432746,0.0,5.371723248818221e-05,0.0,0.0,0.0,0.0,0.0,0.0,0.0,0.0,0.0,0.0,0.0,0.0,0.0,0.0,0.0,0.0,0.0,0.0,0.0,0.0,0.0,0.0,0.0,0.0,0.0,0.0,0.0,0.0,0.0,0.0,0.0,0.0,0.0,0.0,0.0,0.0,0.0,0.0,0.0,0.0,nan,nan,4.268213002286834,2.882474000288628,nan,0.9123858559358295,0.022629438458338286,0.0,0.0,0.0,0.0,0.0,0.0,0.0,0.0,0.0,0.0,0.0,0.0,0.0,0.0,0.0,0.0,0.0,0.0,0.0,0.0,0.0,0.0,0.0,0.0,0.012964563526361283,0.6871218668971479,7.68798617113224,16.348314606741575,5.0302506482281775,0.23336214347450307,0.9129766571980257,0.023188216500022108,0.0,0.0,0.0,0.0,0.0,0.0,0.0,0.0,0.0,0.0,0.0,0.0,0.0,0.0,0.0,0.0,0.0,0.0,0.0,0.0,0.0,0.0,0.0,0.0,0.0,0.7179487179487182,7.820512820512822,15.756410256410259,5.4615384615384635,0.24358974358974364,0.394,0.01227,0.0,0.0,0.0,0.0,0.0,0.0,0.0,0.0,0.0,0.0,0.24632670700086434,20.35436473638718,9.373379429559206,0.025929127052722566,0.0,0.0,0.0,0.0,0.0,0.0,0.0,0.0,0.0,0.0,0.0,0.0,0.0,0.0,0.0,0.0,0.3945,0.01216,0.0,0.0,0.0,0.0,0.0,0.0,0.0,0.0,0.0,0.0,0.20512820512820518,20.141025641025614,9.641025641025642,0.012820512820512824,0.0,0.0,0.0,0.0,0.0,0.0,0.0,0.0,0.0,0.0,0.0,0.0,0.0,0.0,0.0,0.0
38000,4586,2367,0.5161360662887048,1075,982,0.4485390318360227,1318,0.5747928477976451,0.3940000000000001,2.963497070752591,3.037548054038123,6.473515248796148,2.1310639102134745,8376.052289576974,506.43606963326636,7853.0,8866.4,8866.4,0.0,7853.0,0.0,28.086349760139555,20.95253397050611,33.05922077922078,19.18951619662016,0.13977322285215873,0.09986916703009158,0.0935455734845181,0.08853030963802878,0.07544701264718709,0.07326646314871348,0.06672481465329264,0.06454426515481901,0.06301788050588748,0.05211513301351941,0.0453554295682512,0.04121238552115133,0.035761011774967294,0.026384648931530745,0.016354121238552115,0.011120802442215439,0.006977758395115569,0.9126413111935211,0.02298940815490827,0.0,0.0,0.0,0.0,0.0,0.0,0.0,0.0,0.0,0.0,0.0,0.0,0.0,0.0,0.0,0.0,0.0,0.0,0.0,0.0,0.0,0.0,0.0,0.0,0.0,0.7130396860008724,7.921936327954646,15.896205843872659,5.194068905364152,0.2747492368076756,4.185397039030955,2.7889446133541833,nan,nan,nan,4.236559139784946,2.8063305910543455,4.134097035040432,2.7704537916392797,0.97581478238264,0.3948,0.012115,0.0,0.0,0.0,0.0,0.0,0.0,0.0,0.0,0.0,0.0,0.2485826428259922,20.00436109899692,9.694723070213696,0.05233318796336678,0.0,0.0,0.0,0.0,0.0,0.0,0.0,0.0,0.0,0.0,0.0,0.0,0.0,0.0,0.0,0.0,nan,nan,4.185397039030955,2.7889446133541833,nan,0.3948,0.05795,0.0,0.0,0.0,0.0,0.0,0.0,0.0,0.0,0.0,0.0,0.0,0.0,0.0,0.0,0.0,0.0,0.0,0.0,0.0,0.0,0.0,0.0,0.00044701264718709113,0.0,6.541648495420846e-05,0.006705189707806368,0.004742695159180113,0.00623637156563454,0.015329262974269516,0.010444832097688617,0.014838639337112953,0.033068033144352374,0.04422154382904492,0.05317269952027911,0.015601831661578717,0.036698648059310945,0.044025294374182296,0.06403183602267772,0.09639119058002617,0.07096598342782381,0.053325337985172264,0.06341037941561273,0.07672263410379415,0.07484736153510685,0.036894897514173575,0.03901003052769298,0.025032708242477105,0.02466201482773659,0.024247710423026602,0.018218491059747058,0.0056694286960314,0.012876144788486699,0.021772786742259048,0.0012211077191452246,0.0016027038813781072,0.0033471434801569996,4.361098996947231e-05,0.0,8.722197993894462e-05,0.0,2.1805494984736154e-05,0.0,0.0,0.0,0.0,0.0,0.0,0.0,0.0,0.0,0.0,0.0,0.0,0.0,0.0,0.0,0.0,0.0,0.0,0.0,0.0,0.0,0.0,0.0,0.0,0.0,0.0,0.0,0.0,0.0,0.0,0.0,0.0,0.0,0.0,0.0,0.0,0.0,0.0,0.0,0.0,nan,nan,4.185397039030955,2.7889446133541833,nan,0.9127813503618325,0.022830842616825508,0.0,0.0,0.0,0.0,0.0,0.0,0.0,0.0,0.0,0.0,0.0,0.0,0.0,0.0,0.0,0.0,0.0,0.0,0.0,0.0,0.0,0.0,0.0,0.0,0.0,0.6717363751584285,7.908745247148291,15.944233206590624,5.234474017743981,0.24081115335868192,0.91249193187338,0.023156419254519885,0.0,0.0,0.0,0.0,0.0,0.0,0.0,0.0,0.0,0.0,0.0,0.0,0.0,0.0,0.0,0.0,0.0,0.0,0.0,0.0,0.0,0.0,0.0,0.0,0.0,0.7570977917981074,7.936007210455162,15.84497521406039,5.150968904912124,0.31095087877422267,0.3948,0.01209,0.0,0.0,0.0,0.0,0.0,0.0,0.0,0.0,0.0,0.0,0.2281368821292776,20.278833967046864,9.442332065906212,0.05069708491761725,0.0,0.0,0.0,0.0,0.0,0.0,0.0,0.0,0.0,0.0,0.0,0.0,0.0,0.0,0.0,0.0,0.3948,0.012146,0.0,0.0,0.0,0.0,0.0,0.0,0.0,0.0,0.0,0.0,0.27039206849932407,19.71158179360069,9.963947724200091,0.05407841369986482,0.0,0.0,0.0,0.0,0.0,0.0,0.0,0.0,0.0,0.0,0.0,0.0,0.0,0.0,0.0,0.0
38100,4487,2333,0.5199465121462001,1075,918,0.4441720525963896,1278,0.5696456429685759,0.4020000000000001,2.9433611884865365,3.0362320012723507,6.346774193548387,2.0495646856404286,8379.91379540896,506.29664474018057,7853.0,8866.4,8866.4,0.0,7853.0,0.0,28.28459995542679,21.009159738684097,33.152139461172744,19.25787938898212,0.136394027189659,0.09806106529975485,0.093603744149766,0.0900378872297749,0.08045464675729887,0.06752841542233118,0.0681970135948295,0.06373969244484065,0.061956763984845106,0.052150657454869624,0.047024738132382435,0.04078448852239804,0.03632716737240918,0.025406730554936485,0.019835079117450412,0.012034767104969913,0.006463115667483842,0.9125130261428005,0.02308996064413996,0.0,0.0,0.0,0.0,0.0,0.0,0.0,0.0,0.0,0.0,0.0,0.0,0.0,0.0,0.0,0.0,0.0,0.0,0.0,0.0,0.0,0.0,0.0,0.0,0.020057945174949857,0.7354579897481616,7.9763761979050605,15.691999108535773,5.3086694896367295,0.26743926899933146,4.290278254895225,2.8534402431270673,nan,nan,nan,4.286105407255304,2.7953721337289346,4.294685990338165,2.911765368020364,1.0020019533510156,0.395,0.01192,0.0,0.0,0.0,0.0,0.0,0.0,0.0,0.0,0.0,0.0,0.22732337864943175,19.870737686650294,9.875195007800313,0.026743926899933147,0.0,0.0,0.0,0.0,0.0,0.0,0.0,0.0,0.0,0.0,0.0,0.0,0.0,0.0,0.0,0.0,nan,nan,4.290278254895225,2.8534402431270673,nan,0.395,0.05862,0.0,0.0,0.0,0.0,0.0,0.0,0.0,0.0,0.0,0.0,0.0,0.0,0.0,0.0,0.0,0.0,0.0,0.0,0.0,0.0,0.0,6.685981724983285e-05,0.0006685981724983285,0.0,7.800312012480499e-05,0.006975707599732561,0.0043793180298640514,0.005137062625362157,0.016558948072208604,0.011466458658346335,0.015154891909962113,0.034811678181412974,0.04364831736126588,0.053064408290617336,0.015890349899710273,0.03532427011366169,0.043258301760641854,0.06258078894584355,0.096801872074883,0.07062625362157343,0.054981056385112546,0.06138845553822153,0.07453755293068866,0.07518386449743704,0.0352796969021618,0.03926899933140183,0.02486070871406285,0.023969244484065077,0.025061288165812348,0.019879652328950302,0.00592823712948518,0.014854022732337865,0.02175172721194562,0.001170046801872075,0.0012369066191219077,0.003844439491865389,0.00014486293737463784,0.0,0.00016714954312458213,0.0,0.0,0.0,0.0,0.0,0.0,0.0,0.0,0.0,0.0,0.0,0.0,0.0,0.0,0.0,0.0,0.0,0.0,0.0,0.0,0.0,0.0,0.0,0.0,0.0,0.0,0.0,0.0,0.0,0.0,0.0,0.0,0.0,0.0,0.0,0.0,0.0,0.0,0.0,0.0,0.0,0.0,nan,nan,4.290278254895225,2.8534402431270673,nan,0.912381642655758,0.023019920177177775,0.0,0.0,0.0,0.0,0.0,0.0,0.0,0.0,0.0,0.0,0.0,0.0,0.0,0.0,0.0,0.0,0.0,0.0,0.0,0.0,0.0,0.0,0.0,0.0,0.03857693956279469,0.7072438919845694,7.959708529789972,15.713673381911704,5.323617659665668,0.257179597085298,0.9126553277562034,0.02316474205413011,0.0,0.0,0.0,0.0,0.0,0.0,0.0,0.0,0.0,0.0,0.0,0.0,0.0,0.0,0.0,0.0,0.0,0.0,0.0,0.0,0.0,0.0,0.0,0.0,0.0,0.7660167130919222,7.994428969359333,15.668523676880227,5.292479108635098,0.27855153203342625,0.3945,0.01169,0.0,0.0,0.0,0.0,0.0,0.0,0.0,0.0,0.0,0.0,0.19288469781397347,20.098585512216,9.695670810115733,0.012858979854264898,0.0,0.0,0.0,0.0,0.0,0.0,0.0,0.0,0.0,0.0,0.0,0.0,0.0,0.0,0.0,0.0,0.3953,0.01218,0.0,0.0,0.0,0.0,0.0,0.0,0.0,0.0,0.0,0.0,0.26462395543175493,19.623955431754847,10.069637883008358,0.041782729805013935,0.0,0.0,0.0,0.0,0.0,0.0,0.0,0.0,0.0,0.0,0.0,0.0,0.0,0.0,0.0,0.0
38200,4656,2347,0.5040807560137457,1081,933,0.4325601374570447,1342,0.5764604810996563,0.4100000000000001,3.0337808575140754,3.1502964514419762,6.663755458515284,2.092937980443071,8363.83543814433,506.6831240048894,7853.0,8866.4,8866.4,0.0,7853.0,0.0,28.227878006872853,21.063045711340955,33.06332655137334,19.34935571417271,0.13638316151202748,0.10051546391752578,0.09471649484536082,0.08848797250859107,0.0781786941580756,0.07345360824742268,0.06765463917525773,0.05777491408934708,0.058848797250859106,0.05369415807560137,0.0506872852233677,0.04252577319587629,0.03350515463917526,0.028780068728522335,0.016967353951890033,0.010309278350515464,0.007517182130584193,0.9120059829986177,0.0228072010879583,0.0,0.0,0.0,0.0,0.0,0.0,0.0,0.0,0.0,0.0,0.0,0.0,0.0,0.0,0.0,0.0,0.0,0.0,0.0,0.0,0.0,0.0,0.0,0.0,0.012886597938144333,0.7216494845360827,8.27319587628866,15.934278350515466,4.800257731958764,0.2577319587628866,4.468613628734475,2.916530157892336,nan,nan,nan,4.484646194926569,2.9488459038311237,4.452397029034437,2.883384376543408,0.9928089832529898,0.3953,0.01211,0.0,0.0,0.0,0.0,0.0,0.0,0.0,0.0,0.0,0.0,0.20618556701030932,19.57474226804121,10.17396907216495,0.04510309278350517,0.0,0.0,0.0,0.0,0.0,0.0,0.0,0.0,0.0,0.0,0.0,0.0,0.0,0.0,0.0,0.0,nan,nan,4.468613628734475,2.916530157892336,nan,0.3953,0.05878,0.0,0.0,0.0,0.0,0.0,0.0,0.0,0.0,0.0,0.0,0.0,0.0,0.0,0.0,0.0,0.0,0.0,0.0,0.0,0.0,0.0,6.443298969072165e-05,0.0005369415807560138,1.0738831615120276e-05,0.0002577319587628866,0.006003006872852234,0.00506872852233677,0.004800257731958763,0.01879295532646048,0.012295962199312714,0.01521692439862543,0.034879725085910654,0.038831615120274915,0.05308204467353952,0.016698883161512027,0.0365442439862543,0.04412585910652921,0.06241408934707904,0.09381443298969072,0.07227233676975946,0.054510309278350516,0.060255584192439864,0.0733569587628866,0.0764819587628866,0.03572809278350515,0.03745704467353952,0.025934278350515465,0.025740979381443298,0.025493986254295532,0.019791666666666666,0.0059707903780068725,0.014916237113402063,0.021832044673539518,0.0014819587628865979,0.0011490549828178695,0.004048539518900344,3.2216494845360825e-05,6.443298969072165e-05,3.2216494845360825e-05,1.0738831615120276e-05,0.0,0.0,0.0,0.0,0.0,0.0,0.0,0.0,0.0,0.0,0.0,0.0,0.0,0.0,0.0,0.0,0.0,0.0,0.0,0.0,0.0,0.0,0.0,0.0,0.0,0.0,0.0,0.0,0.0,0.0,0.0,0.0,0.0,0.0,0.0,0.0,0.0,0.0,0.0,0.0,0.0,nan,nan,4.468613628734475,2.916530157892336,nan,0.9115461093799379,0.023144753436618065,0.0,0.0,0.0,0.0,0.0,0.0,0.0,0.0,0.0,0.0,0.0,0.0,0.0,0.0,0.0,0.0,0.0,0.0,0.0,0.0,0.0,0.0,0.0,0.0,0.012782275244993611,0.8436301661695784,8.46186621218577,15.696634000852155,4.729441840647636,0.2556455048998722,0.9124734249141837,0.02244924257515329,0.0,0.0,0.0,0.0,0.0,0.0,0.0,0.0,0.0,0.0,0.0,0.0,0.0,0.0,0.0,0.0,0.0,0.0,0.0,0.0,0.0,0.0,0.0,0.0,0.012992637505413601,0.5976613252490256,8.08142052836726,16.175833694239934,4.872239064530101,0.259852750108272,0.3953,0.011955,0.0,0.0,0.0,0.0,0.0,0.0,0.0,0.0,0.0,0.0,0.17895185342991057,19.480187473370233,10.315296122709844,0.025564550489987223,0.0,0.0,0.0,0.0,0.0,0.0,0.0,0.0,0.0,0.0,0.0,0.0,0.0,0.0,0.0,0.0,0.395,0.01226,0.0,0.0,0.0,0.0,0.0,0.0,0.0,0.0,0.0,0.0,0.23386747509744482,19.67085318319616,10.0303161541793,0.064963187527068,0.0,0.0,0.0,0.0,0.0,0.0,0.0,0.0,0.0,0.0,0.0,0.0,0.0,0.0,0.0,0.0
38300,4748,2468,0.5197978096040438,1207,940,0.4521903959561921,1329,0.5598146588037068,0.3940000000000001,3.0539473684210527,3.094162902532017,6.511111111111111,2.114733733932501,8379.763100252738,506.30263875299767,7853.0,8866.4,8866.399999999998,1.8189894035458565e-12,7853.0,0.0,28.713774220724517,21.044072675449012,33.45835399107585,19.26130560918899,0.13268744734625104,0.09288121314237574,0.09140690817186184,0.08614153327716934,0.08171861836562763,0.07961246840775063,0.06486941870261162,0.06844987363100252,0.05581297388374052,0.05328559393428812,0.04844144903117102,0.04296545914069082,0.03559393428812131,0.02653748946925021,0.020008424599831508,0.012636899747262006,0.0069502948609941025,0.9120902516631991,0.02247512395529972,0.0,0.0,0.0,0.0,0.0,0.0,0.0,0.0,0.0,0.0,0.0,0.0,0.0,0.0,0.0,0.0,0.0,0.0,0.0,0.0,0.0,0.0,0.0,0.0,0.0,0.5812973883740523,8.270850884582984,15.960404380791916,4.9726200505476,0.21482729570345413,4.194010831474992,2.8500178793463267,nan,nan,nan,4.198867212083071,2.826107490882111,4.1890322580645165,2.874314902763742,0.9976577125396459,0.3955,0.012375,0.0,0.0,0.0,0.0,0.0,0.0,0.0,0.0,0.0,0.0,0.22114574557708513,18.89216512215667,10.867733782645328,0.01895534962089301,0.0,0.0,0.0,0.0,0.0,0.0,0.0,0.0,0.0,0.0,0.0,0.0,0.0,0.0,0.0,0.0,nan,nan,4.194010831474992,2.8500178793463267,nan,0.3955,0.05905,0.0,0.0,0.0,0.0,0.0,0.0,0.0,0.0,0.0,0.0,0.0,0.0,0.0,0.0,0.0,0.0,0.0,0.0,0.0,0.0,0.0,0.00013689974726200505,0.00035804549283909015,2.106149957877001e-05,0.0003053917438921651,0.005296967144060657,0.005960404380791913,0.005244313395113732,0.019955770850884583,0.012320977253580456,0.015532855939342881,0.0347620050547599,0.038374052232518954,0.047967565290648696,0.018176074136478516,0.03530960404380792,0.04327085088458298,0.06357413647851727,0.09386057287278854,0.07282013479359731,0.05446503791069924,0.06100463352990733,0.07076663858466722,0.07864363942712721,0.03709983150800337,0.03524641954507161,0.02716933445661331,0.025958298230834037,0.02405223251895535,0.019608256107834877,0.007150379106992418,0.01574347093513058,0.02348357203032856,0.0013795282224094356,0.0011689132266217354,0.0037068239258635214,7.371524852569503e-05,3.159224936815501e-05,0.0,0.0,0.0,0.0,0.0,0.0,0.0,0.0,0.0,0.0,0.0,0.0,0.0,0.0,0.0,0.0,0.0,0.0,0.0,0.0,0.0,0.0,0.0,0.0,0.0,0.0,0.0,0.0,0.0,0.0,0.0,0.0,0.0,0.0,0.0,0.0,0.0,0.0,0.0,0.0,0.0,0.0,0.0,nan,nan,4.194010831474992,2.8500178793463267,nan,0.9121264921353354,0.022667995566190494,0.0,0.0,0.0,0.0,0.0,0.0,0.0,0.0,0.0,0.0,0.0,0.0,0.0,0.0,0.0,0.0,0.0,0.0,0.0,0.0,0.0,0.0,0.0,0.0,0.0,0.49837925445705034,8.496758508914102,15.729335494327394,5.020259319286874,0.25526742301458677,0.9120510229416061,0.02226439935820453,0.0,0.0,0.0,0.0,0.0,0.0,0.0,0.0,0.0,0.0,0.0,0.0,0.0,0.0,0.0,0.0,0.0,0.0,0.0,0.0,0.0,0.0,0.0,0.0,0.0,0.6710526315789475,8.026315789473685,16.210526315789476,4.921052631578948,0.17105263157894743,0.3958,0.0124,0.0,0.0,0.0,0.0,0.0,0.0,0.0,0.0,0.0,0.0,0.1823338735818477,18.573743922204187,11.207455429497571,0.036466774716369534,0.0,0.0,0.0,0.0,0.0,0.0,0.0,0.0,0.0,0.0,0.0,0.0,0.0,0.0,0.0,0.0,0.3953,0.01234,0.0,0.0,0.0,0.0,0.0,0.0,0.0,0.0,0.0,0.0,0.26315789473684215,19.23684210526313,10.500000000000002,0.0,0.0,0.0,0.0,0.0,0.0,0.0,0.0,0.0,0.0,0.0,0.0,0.0,0.0,0.0,0.0,0.0
38400,4567,2362,0.5171885263849354,1102,903,0.43901904970440114,1281,0.5609809502955989,0.3980000000000001,2.9292517006802723,3.0527459305831726,6.358346094946401,2.119025973830443,8377.118852638492,506.4005070818534,7853.0,8866.4,8866.4,0.0,7853.0,0.0,28.740310926209766,21.141261198473295,33.49290688676812,19.402308846727454,0.13269104444931026,0.09546748412524633,0.09327786292971316,0.08824173417998686,0.0812349463542807,0.06919202977884827,0.06656448434420845,0.0645938252682286,0.05758703744252244,0.05758703744252244,0.04926647689949639,0.03963214363915043,0.040726954236917016,0.026494416465951392,0.01751696956426538,0.01051018173855923,0.009415371140792644,0.9116570632672294,0.023201461804360977,0.0,0.0,0.0,0.0,0.0,0.0,0.0,0.0,0.0,0.0,0.0,0.0,0.0,0.0,0.0,0.0,0.0,0.0,0.0,0.0,0.0,0.0,0.0,0.0,0.00656886358659952,0.7619881760455444,8.60521129844537,15.351434201883077,5.005474052988833,0.2693234070505803,4.185197588747489,2.861188291109318,nan,nan,nan,4.190060443250504,2.860209981461581,4.179812834224599,2.863030810088223,0.9975543052028254,0.3955,0.01196,0.0,0.0,0.0,0.0,0.0,0.0,0.0,0.0,0.0,0.0,0.21020363477118464,19.12196190059117,10.64812787387782,0.019706590759798557,0.0,0.0,0.0,0.0,0.0,0.0,0.0,0.0,0.0,0.0,0.0,0.0,0.0,0.0,0.0,0.0,nan,nan,4.185197588747489,2.861188291109318,nan,0.3955,0.05902,0.0,0.0,0.0,0.0,0.0,0.0,0.0,0.0,0.0,0.0,0.0,0.0,0.0,0.0,0.0,0.0,0.0,0.0,0.0,0.0,1.0948105977665863e-05,0.00014232537770965623,0.0003612874972629735,0.0,0.0003941318151959711,0.004795270418217648,0.006196627983358879,0.005780599956207576,0.021534924458068753,0.01286402452375739,0.015502518064374863,0.03420188307422816,0.03629297131596234,0.04694547843223122,0.018885482811473616,0.03616159404423035,0.041569958397197286,0.0651412305671119,0.09034377052769871,0.07293628202320998,0.05371140792642873,0.06044449310269323,0.0718086271075104,0.08194657324282899,0.03802277206043354,0.03635865995182833,0.027304576308298665,0.02572804904751478,0.022859645281366324,0.019498576746222903,0.006984891613750821,0.01583096124370484,0.023626012699802933,0.0014889424129625574,0.0010181738559229252,0.003142106415590103,7.663674184366105e-05,8.75848478213269e-05,0.0,0.0,0.0,0.0,0.0,0.0,0.0,0.0,0.0,0.0,0.0,0.0,0.0,0.0,0.0,0.0,0.0,0.0,0.0,0.0,0.0,0.0,0.0,0.0,0.0,0.0,0.0,0.0,0.0,0.0,0.0,0.0,0.0,0.0,0.0,0.0,0.0,0.0,0.0,0.0,0.0,0.0,0.0,nan,nan,4.185197588747489,2.861188291109318,nan,0.911561477421503,0.02301350959865589,0.0,0.0,0.0,0.0,0.0,0.0,0.0,0.0,0.0,0.0,0.0,0.0,0.0,0.0,0.0,0.0,0.0,0.0,0.0,0.0,0.0,0.0,0.0,0.0,0.012701100762066049,0.787468247248095,8.54784081287045,15.533446232006778,4.813717188823032,0.3048264182895851,0.9117594549985699,0.02340068883634032,0.0,0.0,0.0,0.0,0.0,0.0,0.0,0.0,0.0,0.0,0.0,0.0,0.0,0.0,0.0,0.0,0.0,0.0,0.0,0.0,0.0,0.0,0.0,0.0,0.0,0.7346938775510207,8.666666666666668,15.156462585034017,5.2108843537414975,0.23129251700680278,0.3955,0.01195,0.0,0.0,0.0,0.0,0.0,0.0,0.0,0.0,0.0,0.0,0.21591871295512283,19.28027095681623,10.491109229466558,0.012701100762066049,0.0,0.0,0.0,0.0,0.0,0.0,0.0,0.0,0.0,0.0,0.0,0.0,0.0,0.0,0.0,0.0,0.3955,0.011986,0.0,0.0,0.0,0.0,0.0,0.0,0.0,0.0,0.0,0.0,0.20408163265306128,18.952380952380928,10.816326530612246,0.027210884353741503,0.0,0.0,0.0,0.0,0.0,0.0,0.0,0.0,0.0,0.0,0.0,0.0,0.0,0.0,0.0,0.0
38500,4418,2256,0.5106382978723404,1079,913,0.450882752376641,1261,0.5708465368945224,0.4020000000000001,3.017113783533765,3.091300106849151,6.544740973312402,2.072460857697567,8370.480851063829,506.5852971122823,7853.0,8866.4,8866.4,0.0,7853.0,0.0,28.35921231326392,20.95849943386768,32.99068901303538,19.2849474380841,0.13150746944318698,0.09687641466727026,0.09597102761430512,0.09370755998189226,0.0755998189225894,0.0740153915799004,0.06790402897238569,0.06654594839293798,0.055454956994114984,0.054549569941149845,0.05024898143956542,0.042326844726120416,0.031914893617021274,0.028746038931643278,0.01403349932095971,0.011770031688546853,0.00882752376641014,0.9121613249810048,0.022738209756379437,0.0,0.0,0.0,0.0,0.0,0.0,0.0,0.0,0.0,0.0,0.0,0.0,0.0,0.0,0.0,0.0,0.0,0.0,0.0,0.0,0.0,0.0,0.0,0.0,0.013580805794477142,0.6586690810321414,8.365776369397919,15.543232231779088,5.147125396106836,0.2716161158895428,4.225459590704127,2.82213214661285,nan,nan,nan,4.260509993108201,2.8220270760190016,4.189944134078212,2.821794566917405,0.9834372271995288,0.3953,0.01202,0.0,0.0,0.0,0.0,0.0,0.0,0.0,0.0,0.0,0.0,0.2105024898143957,19.216840199185125,10.552286102308738,0.02037120869171571,0.0,0.0,0.0,0.0,0.0,0.0,0.0,0.0,0.0,0.0,0.0,0.0,0.0,0.0,0.0,0.0,nan,nan,4.225459590704127,2.82213214661285,nan,0.3953,0.05807,0.0,0.0,0.0,0.0,0.0,0.0,0.0,0.0,0.0,0.0,0.0,0.0,0.0,0.0,0.0,0.0,0.0,0.0,0.0,0.0,0.0,0.0,0.000995925758261657,0.0,0.0003961068356722499,0.004560887279311906,0.0061453146220009055,0.00560208239022182,0.02111815301041195,0.011272068809416025,0.016183793571751925,0.03312584880036216,0.03486871887732006,0.044782707107288364,0.0185038478949751,0.03559302851969217,0.04162516976007243,0.07039384336803983,0.09196468990493437,0.0756337709370756,0.056009506564056136,0.06053644182888185,0.07213671344499774,0.08103214124038026,0.0391014033499321,0.03806020823902218,0.02804436396559529,0.024535989135355363,0.021016296966953372,0.018424626527840653,0.006360344047080127,0.013750565866908104,0.022974196468990495,0.0010525124490719782,0.001278859212313264,0.0028746038931643275,1.1317338162064282e-05,3.395201448619285e-05,0.0,0.0,0.0,0.0,0.0,0.0,0.0,0.0,0.0,0.0,0.0,0.0,0.0,0.0,0.0,0.0,0.0,0.0,0.0,0.0,0.0,0.0,0.0,0.0,0.0,0.0,0.0,0.0,0.0,0.0,0.0,0.0,0.0,0.0,0.0,0.0,0.0,0.0,0.0,0.0,0.0,0.0,0.0,nan,nan,4.225459590704127,2.82213214661285,nan,0.9118001861035401,0.022447701701165335,0.0,0.0,0.0,0.0,0.0,0.0,0.0,0.0,0.0,0.0,0.0,0.0,0.0,0.0,0.0,0.0,0.0,0.0,0.0,0.0,0.0,0.0,0.0,0.0,0.0,0.6914893617021278,8.417553191489363,15.611702127659578,5.079787234042554,0.19946808510638303,0.912538165548794,0.02303140653815178,0.0,0.0,0.0,0.0,0.0,0.0,0.0,0.0,0.0,0.0,0.0,0.0,0.0,0.0,0.0,0.0,0.0,0.0,0.0,0.0,0.0,0.0,0.0,0.0,0.027752081406105463,0.6244218316373729,8.311748381128586,15.471785383903796,5.217391304347827,0.34690101757631825,0.3953,0.01205,0.0,0.0,0.0,0.0,0.0,0.0,0.0,0.0,0.0,0.0,0.19946808510638303,19.095744680851034,10.678191489361703,0.02659574468085107,0.0,0.0,0.0,0.0,0.0,0.0,0.0,0.0,0.0,0.0,0.0,0.0,0.0,0.0,0.0,0.0,0.3953,0.011986,0.0,0.0,0.0,0.0,0.0,0.0,0.0,0.0,0.0,0.0,0.2220166512488437,19.343200740055476,10.420906567992601,0.013876040703052732,0.0,0.0,0.0,0.0,0.0,0.0,0.0,0.0,0.0,0.0,0.0,0.0,0.0,0.0,0.0,0.0
38600,4140,2190,0.5289855072463768,1072,799,0.45193236714975843,1132,0.5468599033816425,0.4420000000000001,3.003076923076923,3.114233785541143,6.399286987522282,2.2231001281251923,8389.073913043478,505.8478656992771,7853.0,8866.4,8866.4,0.0,7853.0,0.0,28.89855072463768,20.961578558815145,33.55168507504956,19.16846359133948,0.1280193236714976,0.09154589371980676,0.09565217391304348,0.08526570048309179,0.07753623188405798,0.07729468599033816,0.06884057971014493,0.06666666666666667,0.06207729468599034,0.0533816425120773,0.04927536231884058,0.04178743961352657,0.03719806763285024,0.030917874396135265,0.015942028985507246,0.011352657004830917,0.007246376811594203,0.9122971032696645,0.02308458099185802,0.0,0.0,0.0,0.0,0.0,0.0,0.0,0.0,0.0,0.0,0.0,0.0,0.0,0.0,0.0,0.0,0.0,0.0,0.0,0.0,0.0,0.0,0.0,0.0,0.02173913043478261,0.6376811594202899,8.123188405797103,15.913043478260873,4.934782608695653,0.3695652173913044,4.12486308871851,2.90530207506454,nan,nan,nan,4.086145010768126,2.9148803320399446,4.1649331352154535,2.894810754538713,1.019281773955574,0.3962,0.01177,0.0,0.0,0.0,0.0,0.0,0.0,0.0,0.0,0.0,0.0,0.1739130434782609,18.42753623188403,11.39130434782609,0.007246376811594205,0.0,0.0,0.0,0.0,0.0,0.0,0.0,0.0,0.0,0.0,0.0,0.0,0.0,0.0,0.0,0.0,nan,nan,4.12486308871851,2.90530207506454,nan,0.3962,0.05783,0.0,0.0,0.0,0.0,0.0,0.0,0.0,0.0,0.0,0.0,0.0,0.0,0.0,0.0,0.0,0.0,0.0,0.0,0.0,0.0,0.0,1.2077294685990338e-05,0.0010869565217391304,1.2077294685990338e-05,0.0006038647342995169,0.004408212560386473,0.0058091787439613525,0.0050603864734299515,0.021038647342995168,0.010507246376811594,0.014625603864734299,0.03107487922705314,0.035108695652173914,0.04188405797101449,0.019504830917874395,0.03752415458937198,0.04057971014492753,0.0681280193236715,0.09295893719806764,0.0758816425120773,0.05564009661835749,0.059444444444444446,0.0746256038647343,0.08070048309178744,0.03931159420289855,0.04045893719806763,0.029033816425120772,0.024951690821256037,0.02314009661835749,0.01847826086956522,0.0062681159420289855,0.013442028985507247,0.023768115942028985,0.0010869565217391304,0.001678743961352657,0.0021618357487922703,0.0,0.0,0.0,0.0,0.0,0.0,0.0,0.0,0.0,0.0,0.0,0.0,0.0,0.0,0.0,0.0,0.0,0.0,0.0,0.0,0.0,0.0,0.0,0.0,0.0,0.0,0.0,0.0,0.0,0.0,0.0,0.0,0.0,0.0,0.0,0.0,0.0,0.0,0.0,0.0,0.0,0.0,0.0,0.0,0.0,nan,nan,4.12486308871851,2.90530207506454,nan,0.9122537131723204,0.023118598399523575,0.0,0.0,0.0,0.0,0.0,0.0,0.0,0.0,0.0,0.0,0.0,0.0,0.0,0.0,0.0,0.0,0.0,0.0,0.0,0.0,0.0,0.0,0.0,0.0,0.027397260273972608,0.6027397260273973,8.328767123287673,15.671232876712333,4.972602739726028,0.39726027397260283,0.9123458336866819,0.023046219572524135,0.0,0.0,0.0,0.0,0.0,0.0,0.0,0.0,0.0,0.0,0.0,0.0,0.0,0.0,0.0,0.0,0.0,0.0,0.0,0.0,0.0,0.0,0.0,0.0,0.015384615384615389,0.6769230769230771,7.8923076923076945,16.184615384615388,4.892307692307694,0.33846153846153854,0.396,0.01173,0.0,0.0,0.0,0.0,0.0,0.0,0.0,0.0,0.0,0.0,0.16438356164383564,18.71232876712326,11.109589041095893,0.013698630136986304,0.0,0.0,0.0,0.0,0.0,0.0,0.0,0.0,0.0,0.0,0.0,0.0,0.0,0.0,0.0,0.0,0.3967,0.01181,0.0,0.0,0.0,0.0,0.0,0.0,0.0,0.0,0.0,0.0,0.18461538461538465,18.107692307692282,11.707692307692309,0.0,0.0,0.0,0.0,0.0,0.0,0.0,0.0,0.0,0.0,0.0,0.0,0.0,0.0,0.0,0.0,0.0
38700,4572,2335,0.5107174103237095,1107,912,0.4416010498687664,1266,0.5538057742782152,0.4140000000000001,3.005811354492624,3.220056478511869,6.851373182552504,2.2060008966566187,8370.561023622047,506.5835845799597,7853.0,8866.4,8866.4,0.0,7853.0,0.0,27.389326334208224,20.688187291832502,32.49290220820189,18.939599108620904,0.1447944006999125,0.1052055993000875,0.08902012248468942,0.09055118110236221,0.08114610673665791,0.07458442694663167,0.06780402449693788,0.0636482939632546,0.05971128608923885,0.048775153105861765,0.046587926509186355,0.04024496937882765,0.031496062992125984,0.023622047244094488,0.01815398075240595,0.008311461067366578,0.006342957130358705,0.9124770223546842,0.02294074314141526,0.0,0.0,0.0,0.0,0.0,0.0,0.0,0.0,0.0,0.0,0.0,0.0,0.0,0.0,0.0,0.0,0.0,0.0,0.0,0.0,0.0,0.0,0.0,0.0,0.006561679790026248,0.6561679790026248,8.162729658792653,15.793963254593178,5.091863517060368,0.2887139107611549,4.438687392055268,2.98741557498243,nan,nan,nan,4.433032616238723,2.9598032981638625,4.444291609353508,3.014520980234418,1.0025397947837202,0.3965,0.01163,0.0,0.0,0.0,0.0,0.0,0.0,0.0,0.0,0.0,0.0,0.14435695538057744,18.038057742782126,11.804461942257221,0.013123359580052497,0.0,0.0,0.0,0.0,0.0,0.0,0.0,0.0,0.0,0.0,0.0,0.0,0.0,0.0,0.0,0.0,nan,nan,4.438687392055268,2.98741557498243,nan,0.3965,0.05786,0.0,0.0,0.0,0.0,0.0,0.0,0.0,0.0,0.0,0.0,0.0,0.0,0.0,0.0,0.0,0.0,0.0,0.0,0.0,0.0,0.0,0.0,0.0007764654418197726,8.748906386701662e-05,0.0008311461067366579,0.0040026246719160104,0.006353893263342082,0.005971128608923884,0.019488188976377954,0.011406386701662292,0.012882764654418198,0.03261154855643045,0.03268810148731409,0.04138232720909886,0.02174103237095363,0.03981846019247594,0.040474628171478566,0.06812117235345581,0.09342738407699037,0.07139107611548556,0.054276027996500435,0.05866141732283465,0.0783902012248469,0.08147419072615923,0.04225721784776903,0.03577209098862642,0.029910323709536307,0.025721784776902887,0.02193788276465442,0.019400699912510935,0.0064523184601924756,0.013713910761154855,0.023972003499562553,0.0010717410323709535,0.001563867016622922,0.001957567804024497,1.0936132983377077e-05,0.0,0.0,0.0,0.0,0.0,0.0,0.0,0.0,0.0,0.0,0.0,0.0,0.0,0.0,0.0,0.0,0.0,0.0,0.0,0.0,0.0,0.0,0.0,0.0,0.0,0.0,0.0,0.0,0.0,0.0,0.0,0.0,0.0,0.0,0.0,0.0,0.0,0.0,0.0,0.0,0.0,0.0,0.0,0.0,nan,nan,4.438687392055268,2.98741557498243,nan,0.9127708020251109,0.023062383522294897,0.0,0.0,0.0,0.0,0.0,0.0,0.0,0.0,0.0,0.0,0.0,0.0,0.0,0.0,0.0,0.0,0.0,0.0,0.0,0.0,0.0,0.0,0.0,0.0,0.0,0.6295503211991436,8.248394004282657,15.54603854389722,5.241970021413277,0.33404710920770886,0.9121703725869388,0.02280904623733456,0.0,0.0,0.0,0.0,0.0,0.0,0.0,0.0,0.0,0.0,0.0,0.0,0.0,0.0,0.0,0.0,0.0,0.0,0.0,0.0,0.0,0.0,0.0,0.0,0.013410818059901658,0.6839517210549845,8.073312472060797,16.05274921770228,4.93518104604381,0.24139472507822982,0.3965,0.01171,0.0,0.0,0.0,0.0,0.0,0.0,0.0,0.0,0.0,0.0,0.1927194860813705,17.922912205567428,11.884368308351181,0.0,0.0,0.0,0.0,0.0,0.0,0.0,0.0,0.0,0.0,0.0,0.0,0.0,0.0,0.0,0.0,0.0,0.3965,0.01154,0.0,0.0,0.0,0.0,0.0,0.0,0.0,0.0,0.0,0.0,0.0938757264193116,18.158247653106812,11.72105498435405,0.026821636119803316,0.0,0.0,0.0,0.0,0.0,0.0,0.0,0.0,0.0,0.0,0.0,0.0,0.0,0.0,0.0,0.0
38800,4561,2401,0.5264196448147336,1176,903,0.4558210918658189,1238,0.5428634071475553,0.4340000000000001,2.9967592592592593,3.15795419263558,6.599343185550082,2.2577142840996554,8386.47366805525,505.99215477996006,7853.0,8866.4,8866.4,0.0,7853.0,0.0,28.555799166849376,20.858235904968517,33.307930767243604,19.047324077529957,0.13461960096470071,0.08572681429511073,0.09690857268142951,0.09142731857048893,0.07849155886866915,0.07476430607322955,0.0705985529489147,0.06687130015347512,0.05678579258934444,0.05064678798509099,0.05283928962946722,0.044946283709712785,0.03354527515895637,0.02762552071914054,0.016005262003946502,0.012278009208506906,0.00591975443981583,0.9123468339194909,0.023190617494724418,0.0,0.0,0.0,0.0,0.0,0.0,0.0,0.0,0.0,0.0,0.0,0.0,0.0,0.0,0.0,0.0,0.0,0.0,0.0,0.0,0.0,0.0,0.0,0.0,0.013155009866257403,0.815610611707959,8.064021048015787,15.549221661916249,5.281736461302347,0.27625520719140545,4.130710236745582,2.981255298827018,nan,nan,nan,4.201058201058201,3.0244679346321273,4.059179556153329,2.9349357999802517,0.9662278792354901,0.3965,0.011894,0.0,0.0,0.0,0.0,0.0,0.0,0.0,0.0,0.0,0.0,0.1644376233282175,18.397281297960948,11.405393554045169,0.03288752466564351,0.0,0.0,0.0,0.0,0.0,0.0,0.0,0.0,0.0,0.0,0.0,0.0,0.0,0.0,0.0,0.0,nan,nan,4.130710236745582,2.981255298827018,nan,0.3965,0.05795,0.0,0.0,0.0,0.0,0.0,0.0,0.0,0.0,0.0,0.0,0.0,0.0,0.0,0.0,0.0,0.0,0.0,0.0,0.0,0.0,0.0,0.0,0.0008331506248629686,0.0,0.0005152378864284148,0.0044398158298618725,0.006796755097566323,0.007684718263538698,0.018767814075860558,0.01118175838631879,0.011225608419206315,0.02895198421398816,0.03327121245340934,0.04306073229554922,0.02190309142731857,0.04167945625959219,0.0419096689322517,0.06887743915807937,0.09320324490243367,0.07185924139443105,0.05431922823942118,0.05994299495724622,0.07610173207629906,0.07867792150844113,0.03900460425345319,0.037645253233939927,0.030311335233501425,0.02593729445297084,0.023821530366147776,0.02022582766937075,0.005272966454724841,0.013790835343126508,0.02299934224950669,0.0016114887086165315,0.0018526638894979172,0.0022144266608199958,0.00010962508221881167,0.0,0.0,0.0,0.0,0.0,0.0,0.0,0.0,0.0,0.0,0.0,0.0,0.0,0.0,0.0,0.0,0.0,0.0,0.0,0.0,0.0,0.0,0.0,0.0,0.0,0.0,0.0,0.0,0.0,0.0,0.0,0.0,0.0,0.0,0.0,0.0,0.0,0.0,0.0,0.0,0.0,0.0,0.0,0.0,nan,nan,4.130710236745582,2.981255298827018,nan,0.91282043376102,0.02348089577835243,0.0,0.0,0.0,0.0,0.0,0.0,0.0,0.0,0.0,0.0,0.0,0.0,0.0,0.0,0.0,0.0,0.0,0.0,0.0,0.0,0.0,0.0,0.0,0.0,0.012494793835901711,0.8121615993336112,7.909204498125782,15.456059975010415,5.497709287796753,0.31236984589754274,0.9118203926141615,0.022852110952443543,0.0,0.0,0.0,0.0,0.0,0.0,0.0,0.0,0.0,0.0,0.0,0.0,0.0,0.0,0.0,0.0,0.0,0.0,0.0,0.0,0.0,0.0,0.0,0.0,0.013888888888888892,0.8194444444444446,8.236111111111112,15.65277777777778,5.041666666666668,0.23611111111111116,0.3965,0.01217,0.0,0.0,0.0,0.0,0.0,0.0,0.0,0.0,0.0,0.0,0.21241149521032907,18.21740941274466,11.520199916701378,0.049979175343606845,0.0,0.0,0.0,0.0,0.0,0.0,0.0,0.0,0.0,0.0,0.0,0.0,0.0,0.0,0.0,0.0,0.3965,0.01158,0.0,0.0,0.0,0.0,0.0,0.0,0.0,0.0,0.0,0.0,0.11111111111111113,18.597222222222197,11.27777777777778,0.013888888888888892,0.0,0.0,0.0,0.0,0.0,0.0,0.0,0.0,0.0,0.0,0.0,0.0,0.0,0.0,0.0,0.0
38900,4878,2483,0.509020090200902,1134,1020,0.44157441574415746,1396,0.5723657236572366,0.4060000000000001,2.9620041753653443,3.0978167529145586,6.557057057057057,2.2111958608143762,8368.840959409596,506.61754101202615,7853.0,8866.4,8866.4,0.0,7853.0,0.0,27.95469454694547,21.02038774626813,33.04857703631011,19.244032133478928,0.14247642476424766,0.1035260352603526,0.09040590405904059,0.08384583845838459,0.07872078720787208,0.07462074620746208,0.07195571955719557,0.06252562525625256,0.06027060270602706,0.04817548175481755,0.042845428454284545,0.03977039770397704,0.037515375153751536,0.02890528905289053,0.017425174251742517,0.011275112751127511,0.005740057400574006,0.9113615628953545,0.022797257019848215,0.0,0.0,0.0,0.0,0.0,0.0,0.0,0.0,0.0,0.0,0.0,0.0,0.0,0.0,0.0,0.0,0.0,0.0,0.0,0.0,0.0,0.0,0.0,0.0,0.006150061500615008,0.738007380073801,8.48708487084871,15.67035670356704,4.846248462484626,0.2521525215252153,4.344220300992635,2.8577639822148506,nan,nan,nan,4.395213454075033,2.8370498063754908,4.29422954977806,2.877049046645877,0.97702411831595,0.3962,0.01182,0.0,0.0,0.0,0.0,0.0,0.0,0.0,0.0,0.0,0.0,0.14760147601476017,18.407134071340685,11.426814268142685,0.018450184501845022,0.0,0.0,0.0,0.0,0.0,0.0,0.0,0.0,0.0,0.0,0.0,0.0,0.0,0.0,0.0,0.0,nan,nan,4.344220300992635,2.8577639822148506,nan,0.3962,0.058,0.0,0.0,0.0,0.0,0.0,0.0,0.0,0.0,0.0,0.0,0.0,0.0,0.0,0.0,0.0,0.0,0.0,0.0,0.0,0.0,1.025010250102501e-05,0.0,0.0006150061500615006,2.050020500205002e-05,0.0005125051250512505,0.00558630586305863,0.006867568675686757,0.007123821238212382,0.017804428044280445,0.010598605986059861,0.01119311193111931,0.02995079950799508,0.03551660516605166,0.043480934809348094,0.021730217302173022,0.04066215662156621,0.04007790077900779,0.06734317343173432,0.09427019270192702,0.07628126281262812,0.05383353833538335,0.06008610086100861,0.07954079540795408,0.07727552275522755,0.03626486264862649,0.03667486674866749,0.028628536285362854,0.027265272652726526,0.023042230422304223,0.01859368593685937,0.005545305453054531,0.013847888478884789,0.022591225912259122,0.002316523165231652,0.0016297662976629767,0.002993029930299303,0.00022550225502255023,0.0,0.0,0.0,0.0,0.0,0.0,0.0,0.0,0.0,0.0,0.0,0.0,0.0,0.0,0.0,0.0,0.0,0.0,0.0,0.0,0.0,0.0,0.0,0.0,0.0,0.0,0.0,0.0,0.0,0.0,0.0,0.0,0.0,0.0,0.0,0.0,0.0,0.0,0.0,0.0,0.0,0.0,0.0,0.0,nan,nan,4.344220300992635,2.8577639822148506,nan,0.9113641621074607,0.022727641392257164,0.0,0.0,0.0,0.0,0.0,0.0,0.0,0.0,0.0,0.0,0.0,0.0,0.0,0.0,0.0,0.0,0.0,0.0,0.0,0.0,0.0,0.0,0.0,0.0,0.0,0.7128473620620219,8.530004027386228,15.634313330648412,4.893274265002014,0.22956101490132907,0.9113588681798389,0.022869206500551947,0.0,0.0,0.0,0.0,0.0,0.0,0.0,0.0,0.0,0.0,0.0,0.0,0.0,0.0,0.0,0.0,0.0,0.0,0.0,0.0,0.0,0.0,0.0,0.0,0.012526096033402925,0.7640918580375785,8.442588726513572,15.707724425887267,4.79749478079332,0.2755741127348644,0.3965,0.011696,0.0,0.0,0.0,0.0,0.0,0.0,0.0,0.0,0.0,0.0,0.1812323801852598,18.21989528795809,11.574708014498594,0.02416431735803464,0.0,0.0,0.0,0.0,0.0,0.0,0.0,0.0,0.0,0.0,0.0,0.0,0.0,0.0,0.0,0.0,0.396,0.01193,0.0,0.0,0.0,0.0,0.0,0.0,0.0,0.0,0.0,0.0,0.11273486430062633,18.601252609603314,11.273486430062633,0.012526096033402925,0.0,0.0,0.0,0.0,0.0,0.0,0.0,0.0,0.0,0.0,0.0,0.0,0.0,0.0,0.0,0.0
39000,4801,2482,0.5169756300770673,1186,971,0.4492813997083941,1359,0.5661320558217038,0.4100000000000001,2.971108236308754,3.0542785753990636,6.473841554559043,2.126349822658083,8376.903103520099,506.40788227403857,7853.0,8866.4,8866.4,0.0,7853.0,0.0,28.422620287440118,21.02907353276618,33.3970297029703,19.204586165580267,0.13872109977088107,0.09477192251614247,0.08831493438866903,0.0868569048114976,0.08164965632159966,0.07581753801291398,0.06915225994584462,0.06686107061028952,0.0535305144761508,0.05623828369089773,0.04644865652988961,0.0439491772547386,0.033951260154134556,0.02624453238908561,0.018121224744844823,0.011664236617371381,0.007706727765048948,0.9125505996058321,0.022625315459433668,0.0,0.0,0.0,0.0,0.0,0.0,0.0,0.0,0.0,0.0,0.0,0.0,0.0,0.0,0.0,0.0,0.0,0.0,0.0,0.0,0.0,0.0,0.0,0.0,0.012497396375755055,0.6436159133513853,7.829618829410541,15.921682982711937,5.392626536138306,0.19995834201208088,4.176058580070041,2.843562052518042,nan,nan,nan,4.209829867674858,2.828329840648208,4.141017385705087,2.8594594196999674,0.9836543318536107,0.3955,0.01207,0.0,0.0,0.0,0.0,0.0,0.0,0.0,0.0,0.0,0.0,0.22495313476359097,19.171006040408223,10.58529473026453,0.01874609456363258,0.0,0.0,0.0,0.0,0.0,0.0,0.0,0.0,0.0,0.0,0.0,0.0,0.0,0.0,0.0,0.0,nan,nan,4.176058580070041,2.843562052518042,nan,0.3955,0.0579,0.0,0.0,0.0,0.0,0.0,0.0,0.0,0.0,0.0,0.0,0.0,0.0,0.0,0.0,0.0,0.0,0.0,0.0,0.0,0.0,0.0,0.0,0.0005311393459695897,0.0,0.0007394292855655072,0.005613413872109977,0.007321391376796501,0.007092272443240992,0.017433867944178297,0.011518433659654239,0.012643199333472193,0.029525098937721306,0.03571131014372006,0.0414184544886482,0.021630910227036036,0.04256404915642575,0.041782961882941054,0.06854821912101645,0.09825036450739429,0.07387002707769215,0.05231201832951468,0.05743595084357426,0.08243074359508436,0.0752447406790252,0.03552384919808373,0.03780462403665903,0.02782753593001458,0.026681941262237035,0.02244324099146011,0.0181837117267236,0.005873776296604874,0.012768173297229743,0.022536971464278275,0.0022911893355550927,0.0014372005832118308,0.002905644657363049,0.00010414496979795876,0.0,0.0,0.0,0.0,0.0,0.0,0.0,0.0,0.0,0.0,0.0,0.0,0.0,0.0,0.0,0.0,0.0,0.0,0.0,0.0,0.0,0.0,0.0,0.0,0.0,0.0,0.0,0.0,0.0,0.0,0.0,0.0,0.0,0.0,0.0,0.0,0.0,0.0,0.0,0.0,0.0,0.0,0.0,0.0,nan,nan,4.176058580070041,2.843562052518042,nan,0.9125102525944675,0.022808815670454955,0.0,0.0,0.0,0.0,0.0,0.0,0.0,0.0,0.0,0.0,0.0,0.0,0.0,0.0,0.0,0.0,0.0,0.0,0.0,0.0,0.0,0.0,0.0,0.0,0.012087026591458504,0.6647864625302178,7.808219178082194,15.90652699435939,5.451248992747786,0.15713134568896056,0.9125937825649553,0.02242717345266607,0.0,0.0,0.0,0.0,0.0,0.0,0.0,0.0,0.0,0.0,0.0,0.0,0.0,0.0,0.0,0.0,0.0,0.0,0.0,0.0,0.0,0.0,0.0,0.0,0.012936610608020701,0.6209573091849936,7.852522639068566,15.937904269081503,5.3298835705045295,0.24579560155239333,0.3958,0.01208,0.0,0.0,0.0,0.0,0.0,0.0,0.0,0.0,0.0,0.0,0.16921837228041905,19.097502014504407,10.709105560032235,0.02417405318291701,0.0,0.0,0.0,0.0,0.0,0.0,0.0,0.0,0.0,0.0,0.0,0.0,0.0,0.0,0.0,0.0,0.3955,0.01206,0.0,0.0,0.0,0.0,0.0,0.0,0.0,0.0,0.0,0.0,0.28460543337645544,19.24967658473477,10.452781371280725,0.012936610608020701,0.0,0.0,0.0,0.0,0.0,0.0,0.0,0.0,0.0,0.0,0.0,0.0,0.0,0.0,0.0,0.0
39100,4682,2454,0.5241349850491243,1131,980,0.4508756941478001,1310,0.5595899188381034,0.4100000000000001,2.9573608617594256,3.047422114644388,6.444805194805195,2.1457158224290476,8384.158393848782,506.1093527789598,7853.0,8866.4,8866.399999999998,1.8189894035458565e-12,7853.0,0.0,27.747330200768904,20.76390385900338,32.77125351033955,18.98026495561541,0.14310123878684322,0.09461768475010679,0.09739427595044853,0.08415207176420333,0.08351131994873985,0.0756087142246903,0.07518154634771465,0.06129859034600598,0.05852199914566424,0.047202050405809486,0.04613413071337035,0.03972661255873558,0.037590773173857325,0.02050405809483127,0.017300299017513884,0.011319948739854762,0.006834686031610423,0.9125601677291671,0.022924763606913867,0.0,0.0,0.0,0.0,0.0,0.0,0.0,0.0,0.0,0.0,0.0,0.0,0.0,0.0,0.0,0.0,0.0,0.0,0.0,0.0,0.0,0.0,0.0,0.0,0.0,0.7112345151644598,7.996582656984196,15.865014950875697,5.145237078171722,0.28193079880393,4.224333333333333,2.8244187405946417,nan,nan,nan,4.323924731182796,2.8468842947831567,4.126322751322752,2.798676032706041,0.9543003192365953,0.3958,0.01175,0.0,0.0,0.0,0.0,0.0,0.0,0.0,0.0,0.0,0.0,0.16018795386586931,19.434002563007233,10.392994446817601,0.012815036309269546,0.0,0.0,0.0,0.0,0.0,0.0,0.0,0.0,0.0,0.0,0.0,0.0,0.0,0.0,0.0,0.0,nan,nan,4.224333333333333,2.8244187405946417,nan,0.3958,0.05792,0.0,0.0,0.0,0.0,0.0,0.0,0.0,0.0,0.0,0.0,0.0,0.0,0.0,0.0,0.0,0.0,0.0,0.0,0.0,0.0,0.0,0.0,0.0003203759077317386,9.611277231952157e-05,0.001046561298590346,0.005467748825288338,0.007240495514737291,0.008575395130286203,0.016403246475865014,0.011651003844510894,0.014812046134130714,0.028032891926527127,0.033340452797949595,0.042834258863733446,0.022223408799658267,0.04250320375907732,0.04161683041435284,0.06476932934643315,0.09743699273814609,0.07423109782144383,0.052605724049551474,0.05947244767193507,0.08279581375480564,0.07713583938487825,0.03546561298590346,0.037569414780008546,0.027851345578812473,0.026121315677061083,0.02160401537804357,0.019222554463904314,0.004933788979068774,0.013765484835540368,0.022372917556599745,0.002349423323366083,0.0010358821016659546,0.00299017513882956,7.4754378470739e-05,2.135839384878257e-05,0.0,1.0679196924391286e-05,0.0,0.0,0.0,0.0,0.0,0.0,0.0,0.0,0.0,0.0,0.0,0.0,0.0,0.0,0.0,0.0,0.0,0.0,0.0,0.0,0.0,0.0,0.0,0.0,0.0,0.0,0.0,0.0,0.0,0.0,0.0,0.0,0.0,0.0,0.0,0.0,0.0,0.0,0.0,0.0,0.0,nan,nan,4.224333333333333,2.8244187405946417,nan,0.9120673287808653,0.022609355506753418,0.0,0.0,0.0,0.0,0.0,0.0,0.0,0.0,0.0,0.0,0.0,0.0,0.0,0.0,0.0,0.0,0.0,0.0,0.0,0.0,0.0,0.0,0.0,0.0,0.0,0.7334963325183376,8.031784841075796,16.136919315403425,4.841075794621028,0.25672371638141817,0.9131029984199808,0.023255133488619507,0.0,0.0,0.0,0.0,0.0,0.0,0.0,0.0,0.0,0.0,0.0,0.0,0.0,0.0,0.0,0.0,0.0,0.0,0.0,0.0,0.0,0.0,0.0,0.0,0.0,0.6867145421903053,7.957809694793538,15.565529622980254,5.480251346499103,0.30969479353680435,0.396,0.0118,0.0,0.0,0.0,0.0,0.0,0.0,0.0,0.0,0.0,0.0,0.09779951100244501,19.376528117359385,10.51344743276284,0.012224938875305626,0.0,0.0,0.0,0.0,0.0,0.0,0.0,0.0,0.0,0.0,0.0,0.0,0.0,0.0,0.0,0.0,0.3955,0.01168,0.0,0.0,0.0,0.0,0.0,0.0,0.0,0.0,0.0,0.0,0.22890484739676845,19.497307001795303,10.260323159784562,0.01346499102333932,0.0,0.0,0.0,0.0,0.0,0.0,0.0,0.0,0.0,0.0,0.0,0.0,0.0,0.0,0.0,0.0
39200,4811,2551,0.5302431926834338,1202,922,0.44148825607981707,1306,0.5429224693410933,0.4100000000000001,3.0623893805309734,3.1701178823832104,6.65,2.29431114637131,8390.348451465394,505.77224362629204,7853.0,8866.4,8866.399999999998,1.8189894035458565e-12,7853.0,0.0,28.517148202037,21.128598022363725,33.41695416461311,19.371281665511507,0.13344419039700686,0.10663063812097277,0.09083350654749532,0.08147994180004157,0.07482851797963001,0.06983995011432134,0.07399709000207857,0.06568281022656412,0.05861567241737684,0.05799210143421326,0.04822282269798379,0.040532113905632924,0.03034712118062773,0.02743712325919767,0.019746414466846808,0.012263562668883808,0.008106422781126586,0.9124169036470364,0.02241971949898469,0.0,0.0,0.0,0.0,0.0,0.0,0.0,0.0,0.0,0.0,0.0,0.0,0.0,0.0,0.0,0.0,0.0,0.0,0.0,0.0,0.0,0.0,0.0,0.0,0.0062357098316358365,0.6360424028268552,7.944294325504055,16.2003741425899,5.019746414466848,0.19330700478071092,4.300256904303147,2.959926084545342,nan,nan,nan,4.210492227979275,2.9559142026208503,4.388535031847134,2.961213560680398,1.0422855082559566,0.3958,0.01166,0.0,0.0,0.0,0.0,0.0,0.0,0.0,0.0,0.0,0.0,0.11847848680108088,19.199750571606707,10.644356682602373,0.037414258989815014,0.0,0.0,0.0,0.0,0.0,0.0,0.0,0.0,0.0,0.0,0.0,0.0,0.0,0.0,0.0,0.0,nan,nan,4.300256904303147,2.959926084545342,nan,0.3958,0.05838,0.0,0.0,0.0,0.0,0.0,0.0,0.0,0.0,0.0,0.0,0.0,0.0,0.0,0.0,0.0,0.0,0.0,0.0,0.0,0.0,0.0,0.0,0.000550821035127832,0.0001974641446684681,0.0008833922261484099,0.00465599667428809,0.007108709208064851,0.009239243400540428,0.01801080856370817,0.011712741633755975,0.01543338183329869,0.026979837871544378,0.03563708168779879,0.04149864892953648,0.023030554978175015,0.041561006027852836,0.04033464976096446,0.06424859696528788,0.09540636042402827,0.0748596965287882,0.052930783620868845,0.055965495738931614,0.0844315111203492,0.07908958636458117,0.03477447516108917,0.036323009769278734,0.02892330076907088,0.025576803159426315,0.023446268966950738,0.020515485346081896,0.004624818125129911,0.012294741218041987,0.021523591768863023,0.0024631053834961547,0.0017667844522968198,0.003782997297859073,0.00010392849719393057,6.235709831635835e-05,0.0,5.1964248596965285e-05,0.0,0.0,0.0,0.0,0.0,0.0,0.0,0.0,0.0,0.0,0.0,0.0,0.0,0.0,0.0,0.0,0.0,0.0,0.0,0.0,0.0,0.0,0.0,0.0,0.0,0.0,0.0,0.0,0.0,0.0,0.0,0.0,0.0,0.0,0.0,0.0,0.0,0.0,0.0,0.0,0.0,nan,nan,4.300256904303147,2.959926084545342,nan,0.9123670274442152,0.02232587606697685,0.0,0.0,0.0,0.0,0.0,0.0,0.0,0.0,0.0,0.0,0.0,0.0,0.0,0.0,0.0,0.0,0.0,0.0,0.0,0.0,0.0,0.0,0.0,0.0,0.0,0.670325362602901,7.8087024696197584,16.370050960407685,4.950999607996866,0.19992159937279502,0.9124732019626989,0.022525043912378837,0.0,0.0,0.0,0.0,0.0,0.0,0.0,0.0,0.0,0.0,0.0,0.0,0.0,0.0,0.0,0.0,0.0,0.0,0.0,0.0,0.0,0.0,0.0,0.0,0.013274336283185844,0.597345132743363,8.097345132743364,16.008849557522126,5.097345132743364,0.1858407079646018,0.3955,0.01159,0.0,0.0,0.0,0.0,0.0,0.0,0.0,0.0,0.0,0.0,0.08232065856526855,19.54527636221087,10.337122696981579,0.035280282242257946,0.0,0.0,0.0,0.0,0.0,0.0,0.0,0.0,0.0,0.0,0.0,0.0,0.0,0.0,0.0,0.0,0.396,0.01173,0.0,0.0,0.0,0.0,0.0,0.0,0.0,0.0,0.0,0.0,0.15929203539823011,18.80973451327431,10.99115044247788,0.03982300884955753,0.0,0.0,0.0,0.0,0.0,0.0,0.0,0.0,0.0,0.0,0.0,0.0,0.0,0.0,0.0,0.0
39300,4993,2575,0.5157220108151412,1234,1024,0.4522331263769277,1441,0.577208091327859,0.4220000000000001,3.0392886683209266,3.1559459536056744,6.777777777777778,2.0204445627928123,8375.632685760063,506.4494441940586,7853.0,8866.4,8866.4,0.0,7853.0,0.0,27.920288403765273,20.97267386924843,32.972714217328864,19.200093304863287,0.14219907871019427,0.1047466453034248,0.08071299819747647,0.09172841978770278,0.08191468055277389,0.07450430602843981,0.06408972561586221,0.0654916883637092,0.061486080512717804,0.05307430402563589,0.048868415782094936,0.03544962948127378,0.031644302022831965,0.02623673142399359,0.018225515722010813,0.01341878630082115,0.006208692169036651,0.9127532373132673,0.02308250295356032,0.0,0.0,0.0,0.0,0.0,0.0,0.0,0.0,0.0,0.0,0.0,0.0,0.0,0.0,0.0,0.0,0.0,0.0,0.0,0.0,0.0,0.0,0.0,0.0,0.006008411776487083,0.7810935309433208,7.762868015221311,15.958341678349692,5.251351892649711,0.24033647105948333,4.3985217123498614,2.9276415374908287,nan,nan,nan,4.414990859232176,2.9261050793369825,4.3816936488169365,2.929115001277154,0.9924581473717864,0.3965,0.01209,0.0,0.0,0.0,0.0,0.0,0.0,0.0,0.0,0.0,0.0,0.15621870618866418,18.37372321249747,11.43400761065492,0.036050470658922494,0.0,0.0,0.0,0.0,0.0,0.0,0.0,0.0,0.0,0.0,0.0,0.0,0.0,0.0,0.0,0.0,nan,nan,4.3985217123498614,2.9276415374908287,nan,0.3965,0.05862,0.0,0.0,0.0,0.0,0.0,0.0,0.0,0.0,0.0,0.0,0.0,0.0,0.0,0.0,0.0,0.0,0.0,0.0,0.0,0.0,0.0,0.0,0.0005607850991387943,0.0002403364710594833,0.0012617664730622871,0.003815341478069297,0.0073302623673142395,0.00864209893851392,0.017404366112557582,0.011365912277188063,0.017194071700380533,0.026416983777288204,0.03635089124774685,0.03972561586220709,0.022892048868415782,0.04063689164830763,0.038914480272381334,0.06539154816743441,0.09393150410574805,0.07245143200480673,0.05425595834167835,0.056979771680352495,0.08322651712397357,0.07985179250951333,0.03542960144201883,0.03736230723012217,0.03125375525736031,0.02211095533747246,0.02440416583216503,0.02232124974964951,0.0041157620668936514,0.01196675345483677,0.023212497496495094,0.002904065691968756,0.0015722010815141197,0.0040957340276386945,0.0002303224514320048,0.00016022431403965552,0.0,2.002803925495694e-05,0.0,0.0,0.0,0.0,0.0,0.0,0.0,0.0,0.0,0.0,0.0,0.0,0.0,0.0,0.0,0.0,0.0,0.0,0.0,0.0,0.0,0.0,0.0,0.0,0.0,0.0,0.0,0.0,0.0,0.0,0.0,0.0,0.0,0.0,0.0,0.0,0.0,0.0,0.0,0.0,0.0,nan,nan,4.3985217123498614,2.9276415374908287,nan,0.9128569110620369,0.0230924734607214,0.0,0.0,0.0,0.0,0.0,0.0,0.0,0.0,0.0,0.0,0.0,0.0,0.0,0.0,0.0,0.0,0.0,0.0,0.0,0.0,0.0,0.0,0.0,0.0,0.0,0.7689320388349516,7.642718446601943,16.03106796116505,5.359223300970875,0.1980582524271845,0.9126428320597182,0.02307136810798171,0.0,0.0,0.0,0.0,0.0,0.0,0.0,0.0,0.0,0.0,0.0,0.0,0.0,0.0,0.0,0.0,0.0,0.0,0.0,0.0,0.0,0.0,0.0,0.0,0.012406947890818861,0.7940446650124071,7.890818858560795,15.880893300248141,5.136476426799009,0.2853598014888338,0.3965,0.01231,0.0,0.0,0.0,0.0,0.0,0.0,0.0,0.0,0.0,0.0,0.13980582524271848,18.477669902912595,11.335922330097091,0.046601941747572824,0.0,0.0,0.0,0.0,0.0,0.0,0.0,0.0,0.0,0.0,0.0,0.0,0.0,0.0,0.0,0.0,0.3965,0.01186,0.0,0.0,0.0,0.0,0.0,0.0,0.0,0.0,0.0,0.0,0.17369727047146408,18.263027295285333,11.538461538461542,0.024813895781637722,0.0,0.0,0.0,0.0,0.0,0.0,0.0,0.0,0.0,0.0,0.0,0.0,0.0,0.0,0.0,0.0
39400,4830,2459,0.5091097308488612,1120,1002,0.43933747412008284,1389,0.5751552795031056,0.4060000000000001,2.9936735554618306,3.087430135767313,6.5022091310751104,2.155838285507467,8368.931801242235,506.6158937951154,7853.0,8866.4,8866.4,0.0,7853.0,0.0,28.270186335403725,21.047154033881675,33.11546947781319,19.31293889332272,0.13850931677018632,0.0979296066252588,0.09296066252587992,0.08757763975155279,0.07536231884057971,0.07763975155279502,0.06956521739130435,0.06252587991718427,0.0577639751552795,0.05300207039337474,0.04699792960662526,0.037267080745341616,0.038923395445134575,0.02836438923395445,0.018426501035196687,0.009523809523809525,0.007660455486542443,0.9128149738346321,0.022601682718556663,0.0,0.0,0.0,0.0,0.0,0.0,0.0,0.0,0.0,0.0,0.0,0.0,0.0,0.0,0.0,0.0,0.0,0.0,0.0,0.0,0.0,0.0,0.0,0.0,0.0,0.6770186335403728,7.621118012422362,16.434782608695656,5.086956521739131,0.1801242236024845,4.2349165596919125,2.838622826330091,nan,nan,nan,4.270700636942675,2.8468277382954272,4.198576972833118,2.8298031406053163,0.9831119831988062,0.3962,0.0121,0.0,0.0,0.0,0.0,0.0,0.0,0.0,0.0,0.0,0.0,0.19875776397515532,18.571428571428545,11.211180124223606,0.01863354037267081,0.0,0.0,0.0,0.0,0.0,0.0,0.0,0.0,0.0,0.0,0.0,0.0,0.0,0.0,0.0,0.0,nan,nan,4.2349165596919125,2.838622826330091,nan,0.3962,0.0579,0.0,0.0,0.0,0.0,0.0,0.0,0.0,0.0,0.0,0.0,0.0,0.0,0.0,0.0,0.0,0.0,0.0,0.0,0.0,0.0,0.0,0.0,0.00035196687370600414,0.00015527950310559007,0.0010351966873706005,0.002732919254658385,0.007515527950310559,0.0072049689440993785,0.016583850931677017,0.012018633540372671,0.01875776397515528,0.023768115942028985,0.036542443064182195,0.04380952380952381,0.022888198757763975,0.04038302277432712,0.0394824016563147,0.06440993788819875,0.0960351966873706,0.07503105590062112,0.05616977225672878,0.05646997929606625,0.08075569358178054,0.07761904761904762,0.03475155279503105,0.039285714285714285,0.03164596273291925,0.02303312629399586,0.027080745341614906,0.019409937888198756,0.0032815734989648034,0.011749482401656314,0.020900621118012424,0.0033436853002070392,0.0014078674948240165,0.0036438923395445133,0.00045548654244306416,0.0002380952380952381,0.0,5.175983436853002e-05,0.0,0.0,0.0,0.0,0.0,0.0,0.0,0.0,0.0,0.0,0.0,0.0,0.0,0.0,0.0,0.0,0.0,0.0,0.0,0.0,0.0,0.0,0.0,0.0,0.0,0.0,0.0,0.0,0.0,0.0,0.0,0.0,0.0,0.0,0.0,0.0,0.0,0.0,0.0,0.0,0.0,nan,nan,4.2349165596919125,2.838622826330091,nan,0.9125574733145405,0.022551016140839975,0.0,0.0,0.0,0.0,0.0,0.0,0.0,0.0,0.0,0.0,0.0,0.0,0.0,0.0,0.0,0.0,0.0,0.0,0.0,0.0,0.0,0.0,0.0,0.0,0.0,0.6466043106954048,7.6494509963399775,16.531110207401387,5.026433509556732,0.14640097600650673,0.9130820315229093,0.022651018004872164,0.0,0.0,0.0,0.0,0.0,0.0,0.0,0.0,0.0,0.0,0.0,0.0,0.0,0.0,0.0,0.0,0.0,0.0,0.0,0.0,0.0,0.0,0.0,0.0,0.0,0.7085617882749896,7.59173344580346,16.33487979755378,5.149725854070013,0.2150991142977647,0.3962,0.01227,0.0,0.0,0.0,0.0,0.0,0.0,0.0,0.0,0.0,0.0,0.24400162667751124,18.287921919479437,11.443676291175278,0.024400162667751125,0.0,0.0,0.0,0.0,0.0,0.0,0.0,0.0,0.0,0.0,0.0,0.0,0.0,0.0,0.0,0.0,0.3962,0.011925,0.0,0.0,0.0,0.0,0.0,0.0,0.0,0.0,0.0,0.0,0.1518346689160692,18.865457612821565,10.970054829186001,0.0126528890763391,0.0,0.0,0.0,0.0,0.0,0.0,0.0,0.0,0.0,0.0,0.0,0.0,0.0,0.0,0.0,0.0
39500,4749,2503,0.5270583280690672,1233,928,0.4550431669825226,1307,0.5504316698252264,0.4100000000000001,3.0195903829029387,3.14159311690394,6.615037593984963,2.036305671568092,8387.120909665193,505.95749200217716,7853.0,8866.4,8866.4,0.0,7853.0,0.0,28.400505369551485,20.860112443953323,33.04777227722772,19.138795936232153,0.1301326595072647,0.09875763318593388,0.09286165508528112,0.09138766056011792,0.08170141082333122,0.06654032427879554,0.07033059591492946,0.065698041692988,0.062118340703305956,0.05432722678458623,0.04843124868393346,0.03937671088650242,0.03158559696778269,0.033059591492945885,0.017266793009054537,0.010739102969046115,0.005685407454200884,0.912324387466413,0.023032860484827063,0.0,0.0,0.0,0.0,0.0,0.0,0.0,0.0,0.0,0.0,0.0,0.0,0.0,0.0,0.0,0.0,0.0,0.0,0.0,0.0,0.0,0.0,0.0,0.0,0.012634238787113079,0.6506632975363237,8.30701200252685,15.451674036639295,5.3569172457359455,0.22109917877447888,4.165384615384616,2.9802050748175777,nan,nan,nan,4.181818181818182,2.972167481270946,4.150931278098908,2.9880441649502916,0.9926140012845216,0.3962,0.01186,0.0,0.0,0.0,0.0,0.0,0.0,0.0,0.0,0.0,0.0,0.1579279848389135,18.648136449778875,11.193935565382189,0.0,0.0,0.0,0.0,0.0,0.0,0.0,0.0,0.0,0.0,0.0,0.0,0.0,0.0,0.0,0.0,0.0,nan,nan,4.165384615384616,2.9802050748175777,nan,0.3962,0.05792,0.0,0.0,0.0,0.0,0.0,0.0,0.0,0.0,0.0,0.0,0.0,0.0,0.0,0.0,0.0,0.0,0.0,0.0,0.0,0.0,0.0,0.0,0.00029479890503263844,0.00029479890503263844,0.0011160244261949883,0.002790061065487471,0.007917456306590862,0.006527690040008423,0.016908822910086333,0.011381343440724364,0.020172667930090545,0.022067803748157505,0.0366814066119183,0.04392503684986313,0.022162560539060856,0.0414297746894083,0.03930301116024426,0.06522425773847125,0.09711518214360917,0.0762792166771952,0.05742261528742893,0.057580543272267845,0.08018530216887766,0.07374184038744999,0.032596336070751734,0.03895556959359865,0.03199620972836387,0.023952411033901874,0.02814276689829438,0.019393556538218573,0.0030427458412297325,0.010644346178142767,0.020709623078542853,0.0036218151189724153,0.0010633817645820172,0.0044956833017477365,0.0006106548747104654,8.422825858075385e-05,0.0,0.0001684565171615077,0.0,0.0,0.0,0.0,0.0,0.0,0.0,0.0,0.0,0.0,0.0,0.0,0.0,0.0,0.0,0.0,0.0,0.0,0.0,0.0,0.0,0.0,0.0,0.0,0.0,0.0,0.0,0.0,0.0,0.0,0.0,0.0,0.0,0.0,0.0,0.0,0.0,0.0,0.0,0.0,0.0,nan,nan,4.165384615384616,2.9802050748175777,nan,0.9121113846266788,0.023026875707173287,0.0,0.0,0.0,0.0,0.0,0.0,0.0,0.0,0.0,0.0,0.0,0.0,0.0,0.0,0.0,0.0,0.0,0.0,0.0,0.0,0.0,0.0,0.0,0.0,0.011985617259288857,0.6232520974830206,8.497802636835798,15.377546943667602,5.225729125049941,0.2636835797043548,0.9125617632935966,0.02303720800459591,0.0,0.0,0.0,0.0,0.0,0.0,0.0,0.0,0.0,0.0,0.0,0.0,0.0,0.0,0.0,0.0,0.0,0.0,0.0,0.0,0.0,0.0,0.0,0.0,0.013357079252003565,0.6812110418521817,8.09439002671416,15.534283170080146,5.5031166518254695,0.17364203027604636,0.396,0.01197,0.0,0.0,0.0,0.0,0.0,0.0,0.0,0.0,0.0,0.0,0.167798641630044,18.44586496204552,11.386336396324413,0.0,0.0,0.0,0.0,0.0,0.0,0.0,0.0,0.0,0.0,0.0,0.0,0.0,0.0,0.0,0.0,0.0,0.3962,0.011734,0.0,0.0,0.0,0.0,0.0,0.0,0.0,0.0,0.0,0.0,0.1469278717720392,18.87355298308101,10.97951914514693,0.0,0.0,0.0,0.0,0.0,0.0,0.0,0.0,0.0,0.0,0.0,0.0,0.0,0.0,0.0,0.0,0.0
39600,4913,2536,0.5161815591288419,1174,997,0.4418888662731529,1400,0.5699165479340526,0.39000000000000007,3.018931426167438,3.0889320303061494,6.491525423728813,2.0894370989806252,8376.098392021167,506.43457893307396,7853.0,8866.4,8866.399999999998,1.8189894035458565e-12,7853.0,0.0,28.26480765316507,20.915181979036387,32.97623619779165,19.217534845951196,0.13270913901892936,0.09871768776714838,0.09362914716059434,0.09118664766944841,0.07714227559535924,0.07449623447995116,0.07083248524323224,0.06452269489110524,0.056177488296356604,0.05231019743537554,0.05190311418685121,0.04050478322817016,0.03154895176063505,0.027274577651129655,0.019336454304905354,0.011398330958681051,0.00630979035212701,0.911827581867336,0.022835638748550147,0.0,0.0,0.0,0.0,0.0,0.0,0.0,0.0,0.0,0.0,0.0,0.0,0.0,0.0,0.0,0.0,0.0,0.0,0.0,0.0,0.0,0.0,0.0,0.0,0.00610624872786485,0.653368613881539,8.359454508446978,15.735802971707717,4.976592713209852,0.26867494402605335,4.270380862448851,2.8304708552749744,nan,nan,nan,4.271527341294783,2.806419437993699,4.2675078864353315,2.854469808969146,0.9990590122599488,0.3958,0.01166,0.0,0.0,0.0,0.0,0.0,0.0,0.0,0.0,0.0,0.0,0.1831874618359455,19.02707103602684,10.771422755953596,0.01831874618359455,0.0,0.0,0.0,0.0,0.0,0.0,0.0,0.0,0.0,0.0,0.0,0.0,0.0,0.0,0.0,0.0,nan,nan,4.270380862448851,2.8304708552749744,nan,0.3958,0.0579,0.0,0.0,0.0,0.0,0.0,0.0,0.0,0.0,0.0,0.0,0.0,0.0,0.0,0.0,0.0,0.0,0.0,0.0,0.0,0.0,0.0,1.0177081213108081e-05,0.00023407286790148586,0.00039690616731121516,0.0008955831467535111,0.002910645226948911,0.007673519234683492,0.006503154895176063,0.017809892122939142,0.010451862405862,0.021341339303887645,0.02243028699369021,0.036942804803582335,0.04298799104416853,0.02158558925300224,0.042010991247710155,0.04005699165479341,0.06366782006920416,0.10043761449216365,0.07583960920008141,0.05885406065540403,0.057693873397109706,0.07856706696519439,0.0768267860777529,0.03183391003460208,0.03709546102177896,0.03021575412171789,0.023844901282312234,0.02709139018929371,0.018725829432118868,0.003734988805210666,0.00996336250763281,0.020557704050478322,0.003796051292489314,0.0014146142886220232,0.00455933238347242,0.0006716873600651333,6.106248727864848e-05,0.0,0.0003053124363932424,0.0,0.0,0.0,0.0,0.0,0.0,0.0,0.0,0.0,0.0,0.0,0.0,0.0,0.0,0.0,0.0,0.0,0.0,0.0,0.0,0.0,0.0,0.0,0.0,0.0,0.0,0.0,0.0,0.0,0.0,0.0,0.0,0.0,0.0,0.0,0.0,0.0,0.0,0.0,0.0,0.0,nan,nan,4.270380862448851,2.8304708552749744,nan,0.9118790050222294,0.022530777259777902,0.0,0.0,0.0,0.0,0.0,0.0,0.0,0.0,0.0,0.0,0.0,0.0,0.0,0.0,0.0,0.0,0.0,0.0,0.0,0.0,0.0,0.0,0.0,0.0,0.0,0.6624605678233441,8.316246056782337,15.828075709779183,4.9802839116719255,0.2129337539432177,0.9117727189641767,0.02315634197657363,0.0,0.0,0.0,0.0,0.0,0.0,0.0,0.0,0.0,0.0,0.0,0.0,0.0,0.0,0.0,0.0,0.0,0.0,0.0,0.0,0.0,0.0,0.0,0.0,0.012620950778291968,0.6436684896928903,8.40555321834245,15.637358014303747,4.972654606647035,0.32814472023559116,0.396,0.01149,0.0,0.0,0.0,0.0,0.0,0.0,0.0,0.0,0.0,0.0,0.1301261829652997,18.998422712933724,10.835962145110413,0.035488958990536286,0.0,0.0,0.0,0.0,0.0,0.0,0.0,0.0,0.0,0.0,0.0,0.0,0.0,0.0,0.0,0.0,0.3958,0.011826,0.0,0.0,0.0,0.0,0.0,0.0,0.0,0.0,0.0,0.0,0.23979806478754737,19.05763567522084,10.702566259991588,0.0,0.0,0.0,0.0,0.0,0.0,0.0,0.0,0.0,0.0,0.0,0.0,0.0,0.0,0.0,0.0,0.0
39700,4395,2282,0.519226393629124,1014,890,0.43321956769055747,1242,0.5651877133105802,0.4420000000000001,3.067203028868907,3.1495653716412453,6.624390243902439,2.255340237646439,8379.184027303754,506.3252538438374,7853.0,8866.4,8866.399999999998,1.8189894035458565e-12,7853.0,0.0,28.389306029579068,21.174420018347597,33.36299702461455,19.406732753556565,0.13697383390216156,0.0994311717861206,0.09533560864618885,0.08600682593856655,0.07940841865756541,0.07167235494880546,0.059385665529010236,0.06666666666666667,0.06416382252559727,0.0459613196814562,0.04732650739476678,0.049829351535836175,0.034129692832764506,0.02434584755403868,0.022070534698521046,0.00955631399317406,0.007736063708759955,0.9117830015964746,0.02278028021682126,0.0,0.0,0.0,0.0,0.0,0.0,0.0,0.0,0.0,0.0,0.0,0.0,0.0,0.0,0.0,0.0,0.0,0.0,0.0,0.0,0.0,0.0,0.0,0.0,0.0,0.7440273037542664,8.08873720136519,16.006825938566557,4.955631399317407,0.20477815699658708,4.320240622788393,2.868008267286395,nan,nan,nan,4.330520393811533,2.8260212690310524,4.30982905982906,2.909879081177731,0.9952219751667625,0.396,0.01171,0.0,0.0,0.0,0.0,0.0,0.0,0.0,0.0,0.0,0.0,0.17064846416382254,18.655290102389053,11.153583617747442,0.020477815699658706,0.0,0.0,0.0,0.0,0.0,0.0,0.0,0.0,0.0,0.0,0.0,0.0,0.0,0.0,0.0,0.0,nan,nan,4.320240622788393,2.868008267286395,nan,0.396,0.05765,0.0,0.0,0.0,0.0,0.0,0.0,0.0,0.0,0.0,0.0,0.0,0.0,0.0,0.0,0.0,0.0,0.0,0.0,0.0,0.0,0.0,0.0,6.825938566552901e-05,0.0005574516496018203,0.0010011376564277588,0.0026052332195676906,0.006860068259385665,0.006564277588168373,0.019385665529010238,0.009715585893060296,0.022946530147895335,0.020614334470989763,0.036496018202502846,0.041467576791808874,0.020830489192263935,0.0421160409556314,0.04267349260523322,0.061160409556313994,0.10151308304891922,0.07394766780432309,0.0580773606370876,0.05465301478953356,0.0822184300341297,0.07930602957906713,0.034459613196814565,0.037417519908987486,0.029283276450511944,0.023822525597269623,0.02806598407281001,0.0184641638225256,0.004584755403868032,0.009726962457337883,0.018680318543799774,0.0038907849829351534,0.001012514220705347,0.004971558589306029,0.0002161547212741752,0.00013651877133105802,0.0,0.0004891922639362913,0.0,0.0,0.0,0.0,0.0,0.0,0.0,0.0,0.0,0.0,0.0,0.0,0.0,0.0,0.0,0.0,0.0,0.0,0.0,0.0,0.0,0.0,0.0,0.0,0.0,0.0,0.0,0.0,0.0,0.0,0.0,0.0,0.0,0.0,0.0,0.0,0.0,0.0,0.0,0.0,0.0,nan,nan,4.320240622788393,2.868008267286395,nan,0.9120367355089664,0.02267602348505686,0.0,0.0,0.0,0.0,0.0,0.0,0.0,0.0,0.0,0.0,0.0,0.0,0.0,0.0,0.0,0.0,0.0,0.0,0.0,0.0,0.0,0.0,0.0,0.0,0.0,0.6704645048203332,8.137598597721299,16.170026292725684,4.798422436459247,0.2234881682734444,0.9115089737742759,0.02288918328292696,0.0,0.0,0.0,0.0,0.0,0.0,0.0,0.0,0.0,0.0,0.0,0.0,0.0,0.0,0.0,0.0,0.0,0.0,0.0,0.0,0.0,0.0,0.0,0.0,0.0,0.8234737340274494,8.035967818267867,15.83057264552769,5.125414103170848,0.18457169900615245,0.3962,0.01162,0.0,0.0,0.0,0.0,0.0,0.0,0.0,0.0,0.0,0.0,0.06573181419807188,18.680981595092,11.240140227870292,0.013146362839614376,0.0,0.0,0.0,0.0,0.0,0.0,0.0,0.0,0.0,0.0,0.0,0.0,0.0,0.0,0.0,0.0,0.3958,0.01181,0.0,0.0,0.0,0.0,0.0,0.0,0.0,0.0,0.0,0.0,0.2839564600094653,18.62754377662089,11.060104117368672,0.028395646000946528,0.0,0.0,0.0,0.0,0.0,0.0,0.0,0.0,0.0,0.0,0.0,0.0,0.0,0.0,0.0,0.0
39800,4695,2469,0.5258785942492012,1166,932,0.4468583599574015,1288,0.5486687965921193,0.4020000000000001,2.9829290206648698,3.041148712397802,6.4296875,2.126042368426309,8385.925367412141,506.02086923772026,7853.0,8866.4,8866.4,0.0,7853.0,0.0,28.144834930777424,20.946341062020597,33.0822993162826,19.173464485331625,0.13865814696485623,0.09989350372736955,0.08966986155484558,0.08541001064962726,0.08519701810436635,0.07476038338658147,0.06389776357827476,0.06900958466453674,0.055378061767838126,0.05410010649627263,0.04771033013844515,0.04046858359957402,0.03237486687965921,0.025346112886048988,0.019808306709265176,0.011714589989350373,0.006602768903088392,0.9113171847356648,0.023249324610733473,0.0,0.0,0.0,0.0,0.0,0.0,0.0,0.0,0.0,0.0,0.0,0.0,0.0,0.0,0.0,0.0,0.0,0.0,0.0,0.0,0.0,0.0,0.0,0.0,0.0,0.8178913738019171,8.677316293929714,15.284345047923326,4.9520766773162945,0.26837060702875404,4.187828947368421,2.8339895205028447,nan,nan,nan,4.167210973220118,2.846519640414061,4.208747514910537,2.8210658529338253,1.0099674679197543,0.3955,0.01227,0.0,0.0,0.0,0.0,0.0,0.0,0.0,0.0,0.0,0.0,0.18530351437699685,19.22044728434502,10.562300319488822,0.031948881789137386,0.0,0.0,0.0,0.0,0.0,0.0,0.0,0.0,0.0,0.0,0.0,0.0,0.0,0.0,0.0,0.0,nan,nan,4.187828947368421,2.8339895205028447,nan,0.3955,0.05783,0.0,0.0,0.0,0.0,0.0,0.0,0.0,0.0,0.0,0.0,0.0,0.0,0.0,0.0,0.0,0.0,0.0,0.0,0.0,0.0,0.0,0.0,6.389776357827476e-05,0.00037273695420660276,0.0011714589989350373,0.0023003194888178914,0.007358892438764643,0.006272630457933972,0.020159744408945687,0.009488817891373801,0.020820021299254525,0.02258785942492013,0.03625133120340788,0.0446751863684771,0.02047923322683706,0.04624068157614483,0.0416506922257721,0.06186368477103301,0.09989350372736955,0.07463258785942492,0.0576038338658147,0.053855165069222576,0.08119275825346113,0.07701810436634718,0.035505857294994676,0.03694355697550586,0.029020234291799788,0.021405750798722045,0.029350372736954206,0.017124600638977635,0.004952076677316294,0.01073482428115016,0.017071352502662406,0.004920127795527156,0.0010223642172523962,0.004909478168264111,0.00014909478168264112,0.00019169329073482429,0.0,0.0007454739084132055,0.0,0.0,0.0,0.0,0.0,0.0,0.0,0.0,0.0,0.0,0.0,0.0,0.0,0.0,0.0,0.0,0.0,0.0,0.0,0.0,0.0,0.0,0.0,0.0,0.0,0.0,0.0,0.0,0.0,0.0,0.0,0.0,0.0,0.0,0.0,0.0,0.0,0.0,0.0,0.0,0.0,nan,nan,4.187828947368421,2.8339895205028447,nan,0.9112663244418936,0.02375645608794635,0.0,0.0,0.0,0.0,0.0,0.0,0.0,0.0,0.0,0.0,0.0,0.0,0.0,0.0,0.0,0.0,0.0,0.0,0.0,0.0,0.0,0.0,0.0,0.0,0.0,0.86269744835966,8.869987849331714,14.981773997569869,4.9574726609963555,0.32806804374240595,0.9113735971639313,0.022673435089640058,0.0,0.0,0.0,0.0,0.0,0.0,0.0,0.0,0.0,0.0,0.0,0.0,0.0,0.0,0.0,0.0,0.0,0.0,0.0,0.0,0.0,0.0,0.0,0.0,0.0,0.7681940700808627,8.463611859838277,15.619946091644207,4.946091644204852,0.20215633423180598,0.3955,0.012146,0.0,0.0,0.0,0.0,0.0,0.0,0.0,0.0,0.0,0.0,0.20656136087484817,19.283110571081384,10.486026731470234,0.02430133657351155,0.0,0.0,0.0,0.0,0.0,0.0,0.0,0.0,0.0,0.0,0.0,0.0,0.0,0.0,0.0,0.0,0.3958,0.01241,0.0,0.0,0.0,0.0,0.0,0.0,0.0,0.0,0.0,0.0,0.16172506738544476,19.15094339622639,10.646900269541781,0.04043126684636119,0.0,0.0,0.0,0.0,0.0,0.0,0.0,0.0,0.0,0.0,0.0,0.0,0.0,0.0,0.0,0.0
39900,4590,2415,0.5261437908496732,1123,915,0.4440087145969499,1261,0.5494553376906318,0.3940000000000001,2.9222988505747125,3.033140211541867,6.207006369426751,2.2927083155825985,8386.19411764706,506.0068692518942,7853.0,8866.4,8866.4,0.0,7853.0,0.0,28.702614379084967,21.06225376046051,33.49383033419023,19.296191879777414,0.13115468409586056,0.10174291938997822,0.08867102396514161,0.08387799564270153,0.07973856209150326,0.07276688453159041,0.06797385620915032,0.06775599128540305,0.058387799564270156,0.05359477124183006,0.04923747276688453,0.04422657952069717,0.03812636165577342,0.026143790849673203,0.01699346405228758,0.01241830065359477,0.00718954248366013,0.912496193704522,0.022569529340919665,0.0,0.0,0.0,0.0,0.0,0.0,0.0,0.0,0.0,0.0,0.0,0.0,0.0,0.0,0.0,0.0,0.0,0.0,0.0,0.0,0.0,0.0,0.0,0.0,0.006535947712418303,0.5816993464052289,8.039215686274511,16.08496732026144,5.013071895424837,0.27450980392156865,4.106004696410601,2.8215696795465015,nan,nan,nan,4.180880330123796,2.8234901472360088,4.034708578912901,2.8178912500538535,0.9650380447013256,0.3953,0.01224,0.0,0.0,0.0,0.0,0.0,0.0,0.0,0.0,0.0,0.0,0.2614379084967321,19.091503267973827,10.627450980392158,0.019607843137254905,0.0,0.0,0.0,0.0,0.0,0.0,0.0,0.0,0.0,0.0,0.0,0.0,0.0,0.0,0.0,0.0,nan,nan,4.106004696410601,2.8215696795465015,nan,0.3953,0.05832,0.0,0.0,0.0,0.0,0.0,0.0,0.0,0.0,0.0,0.0,0.0,0.0,0.0,0.0,0.0,0.0,0.0,0.0,0.0,0.0,0.0,0.0,2.1786492374727668e-05,0.0008061002178649237,0.0011220043572984749,0.00289760348583878,0.007592592592592593,0.006427015250544663,0.021525054466230938,0.00837690631808279,0.019901960784313725,0.025152505446623095,0.03671023965141612,0.0444880174291939,0.02206971677559913,0.04657952069716775,0.03873638344226579,0.06290849673202614,0.09437908496732027,0.07379084967320261,0.05718954248366013,0.05431372549019608,0.08222222222222222,0.07857298474945534,0.03622004357298475,0.03571895424836601,0.02929193899782135,0.021655773420479304,0.02801742919389978,0.017908496732026144,0.00508714596949891,0.01059912854030501,0.017766884531590414,0.005413943355119826,0.00065359477124183,0.004869281045751634,0.00011982570806100218,0.00013071895424836603,0.0,0.0007625272331154684,0.0,0.0,0.0,0.0,0.0,0.0,0.0,0.0,0.0,0.0,0.0,0.0,0.0,0.0,0.0,0.0,0.0,0.0,0.0,0.0,0.0,0.0,0.0,0.0,0.0,0.0,0.0,0.0,0.0,0.0,0.0,0.0,0.0,0.0,0.0,0.0,0.0,0.0,0.0,0.0,0.0,nan,nan,4.106004696410601,2.8215696795465015,nan,0.9124466593467918,0.02252849691418787,0.0,0.0,0.0,0.0,0.0,0.0,0.0,0.0,0.0,0.0,0.0,0.0,0.0,0.0,0.0,0.0,0.0,0.0,0.0,0.0,0.0,0.0,0.0,0.0,0.0,0.6459627329192549,7.826086956521741,16.36024844720497,4.906832298136647,0.26086956521739135,0.9125511939224156,0.02261487514362393,0.0,0.0,0.0,0.0,0.0,0.0,0.0,0.0,0.0,0.0,0.0,0.0,0.0,0.0,0.0,0.0,0.0,0.0,0.0,0.0,0.0,0.0,0.0,0.0,0.013793103448275865,0.510344827586207,8.27586206896552,15.77931034482759,5.131034482758621,0.2896551724137932,0.3953,0.01224,0.0,0.0,0.0,0.0,0.0,0.0,0.0,0.0,0.0,0.0,0.24844720496894415,19.242236024844694,10.484472049689444,0.024844720496894415,0.0,0.0,0.0,0.0,0.0,0.0,0.0,0.0,0.0,0.0,0.0,0.0,0.0,0.0,0.0,0.0,0.3955,0.01224,0.0,0.0,0.0,0.0,0.0,0.0,0.0,0.0,0.0,0.0,0.2758620689655173,18.924137931034455,10.786206896551725,0.013793103448275865,0.0,0.0,0.0,0.0,0.0,0.0,0.0,0.0,0.0,0.0,0.0,0.0,0.0,0.0,0.0,0.0
40000,4474,2342,0.5234689316048279,1129,889,0.451050514081359,1240,0.5543138131426018,0.4180000000000001,3.0675422138836774,3.161852972854932,6.680194805194805,2.169744126029737,8383.483415288332,506.14152087852125,7853.0,8866.4,8866.4,0.0,7853.0,0.0,28.303755029056774,20.86023372642395,33.45347593582888,18.928439011864963,0.14282521233795262,0.09342869915064819,0.08672329012069736,0.08471166741171211,0.0809119356280733,0.07800625838176128,0.06548949485918641,0.06437192668752793,0.059901654000894054,0.05565489494859186,0.05565489494859186,0.04135002235136343,0.030397854269110416,0.02592758158247653,0.016540008940545373,0.013634331694233347,0.004470272686633884,0.9127269162228985,0.02273333577610472,0.0,0.0,0.0,0.0,0.0,0.0,0.0,0.0,0.0,0.0,0.0,0.0,0.0,0.0,0.0,0.0,0.0,0.0,0.0,0.0,0.0,0.0,0.0,0.0,0.013410818059901658,0.6437192668752795,7.966025927581584,15.972284309342873,5.136343316942335,0.2682163611980331,4.275238744884038,2.9689664953948443,nan,nan,nan,4.316770186335404,2.989468803950691,4.23465947403911,2.9482315239311756,0.9809786695256068,0.3955,0.01231,0.0,0.0,0.0,0.0,0.0,0.0,0.0,0.0,0.0,0.0,0.3084488153777381,18.915958873491256,10.728654447921325,0.0469378632096558,0.0,0.0,0.0,0.0,0.0,0.0,0.0,0.0,0.0,0.0,0.0,0.0,0.0,0.0,0.0,0.0,nan,nan,4.275238744884038,2.9689664953948443,nan,0.3955,0.05832,0.0,0.0,0.0,0.0,0.0,0.0,0.0,0.0,0.0,0.0,0.0,0.0,0.0,0.0,0.0,0.0,0.0,0.0,0.0,0.0,0.0,0.0,0.0,0.0009387572641931158,0.0011846222619579794,0.0028833258828788555,0.006437192668752794,0.005755476084041126,0.022641931157800627,0.007711220384443451,0.018082253017434064,0.027458649977648637,0.035985695127402774,0.04499329459097005,0.02092087617344658,0.0482454179704962,0.03820965578900313,0.06167858739383102,0.09395395619132767,0.07562583817612874,0.05715243629861422,0.05514081358962897,0.0850134108180599,0.0814371926687528,0.033057666517657576,0.031940098345999104,0.02971613768439875,0.022530174340634777,0.026139919535091642,0.019009834599910593,0.0047049620026821636,0.009801072865444791,0.017758158247653106,0.005956638354939652,0.0010616897630755476,0.005420205632543585,0.00012293249888243183,7.822977201609298e-05,0.0,0.0012516763522574877,0.0,0.0,0.0,0.0,0.0,0.0,0.0,0.0,0.0,0.0,0.0,0.0,0.0,0.0,0.0,0.0,0.0,0.0,0.0,0.0,0.0,0.0,0.0,0.0,0.0,0.0,0.0,0.0,0.0,0.0,0.0,0.0,0.0,0.0,0.0,0.0,0.0,0.0,0.0,0.0,0.0,nan,nan,4.275238744884038,2.9689664953948443,nan,0.9125526027736452,0.022689798100720117,0.0,0.0,0.0,0.0,0.0,0.0,0.0,0.0,0.0,0.0,0.0,0.0,0.0,0.0,0.0,0.0,0.0,0.0,0.0,0.0,0.0,0.0,0.0,0.0,0.02561912894961572,0.6148590947907772,8.300597779675492,15.717335610589243,5.098206660973528,0.24338172502134933,0.9129183993833822,0.022779528589502947,0.0,0.0,0.0,0.0,0.0,0.0,0.0,0.0,0.0,0.0,0.0,0.0,0.0,0.0,0.0,0.0,0.0,0.0,0.0,0.0,0.0,0.0,0.0,0.0,0.0,0.675422138836773,7.598499061913698,16.252345215759853,5.178236397748594,0.29549718574108824,0.396,0.012596,0.0,0.0,0.0,0.0,0.0,0.0,0.0,0.0,0.0,0.0,0.3458582408198122,18.509820666097326,11.054654141759183,0.08966695132365501,0.0,0.0,0.0,0.0,0.0,0.0,0.0,0.0,0.0,0.0,0.0,0.0,0.0,0.0,0.0,0.0,0.3953,0.01196,0.0,0.0,0.0,0.0,0.0,0.0,0.0,0.0,0.0,0.0,0.26735459662288935,19.3621013133208,10.370544090056287,0.0,0.0,0.0,0.0,0.0,0.0,0.0,0.0,0.0,0.0,0.0,0.0,0.0,0.0,0.0,0.0,0.0
40100,4563,2371,0.5196142888450581,1101,956,0.45079991233837385,1313,0.5754985754985755,0.4020000000000001,3.0474452554744524,3.1587459465794705,6.787128712871287,2.101994810829258,8379.577120315582,506.3099743121398,7853.0,8866.4,8866.399999999998,1.8189894035458565e-12,7853.0,0.0,27.83541529695376,20.783847325270454,32.791851658396446,19.011570927690617,0.13850536927460005,0.10190664036817883,0.08875739644970414,0.09248301555993864,0.0784571553802323,0.07341661187815034,0.07407407407407407,0.06223975454744685,0.05982905982905983,0.05391190006574622,0.047337278106508875,0.0381328073635766,0.030681569143107604,0.02388779311856235,0.01818978742055665,0.011834319526627219,0.006355467893929432,0.9132664587684245,0.022641746618056853,0.0,0.0,0.0,0.0,0.0,0.0,0.0,0.0,0.0,0.0,0.0,0.0,0.0,0.0,0.0,0.0,0.0,0.0,0.0,0.0,0.0,0.0,0.0,0.0,0.006574621959237345,0.6771860618014466,7.836949375410915,15.739644970414204,5.516107823800133,0.22353714661406973,4.367921329264157,2.96193812151024,nan,nan,nan,4.364492266308003,2.903566111038434,4.373716632443532,3.0198919253370367,1.0021135026877555,0.396,0.0119,0.0,0.0,0.0,0.0,0.0,0.0,0.0,0.0,0.0,0.0,0.13806706114398423,18.685075608152506,11.163708086785013,0.01314924391847469,0.0,0.0,0.0,0.0,0.0,0.0,0.0,0.0,0.0,0.0,0.0,0.0,0.0,0.0,0.0,0.0,nan,nan,4.367921329264157,2.96193812151024,nan,0.396,0.05844,0.0,0.0,0.0,0.0,0.0,0.0,0.0,0.0,0.0,0.0,0.0,0.0,0.0,0.0,0.0,0.0,0.0,0.0,0.0,0.0,0.0,0.0,0.0,0.0005259697567389875,0.0010081087004163928,0.002980495288187596,0.006662283585360508,0.006322594784133245,0.02207977207977208,0.0074293228139381984,0.019690992767915846,0.02467674775367083,0.034538680692526844,0.04358974358974359,0.02210168748630287,0.04697567389875082,0.0378807801884725,0.06632697786543941,0.09274600043830813,0.0759807144422529,0.057221126451895685,0.05233399079552926,0.08411133026517642,0.08403462634231865,0.03308130615822923,0.03252246329169406,0.030210387902695594,0.022715318869165023,0.02564102564102564,0.01811308349769888,0.005117247424939733,0.009489371027832566,0.01911023449484988,0.007045803199649353,0.001205347359193513,0.004941924172693403,2.1915406530791147e-05,6.574621959237344e-05,0.0,0.001490247644093798,1.0957703265395573e-05,0.0,0.0,0.0,0.0,0.0,0.0,0.0,0.0,0.0,0.0,0.0,0.0,0.0,0.0,0.0,0.0,0.0,0.0,0.0,0.0,0.0,0.0,0.0,0.0,0.0,0.0,0.0,0.0,0.0,0.0,0.0,0.0,0.0,0.0,0.0,0.0,0.0,0.0,0.0,0.0,nan,nan,4.367921329264157,2.96193812151024,nan,0.9132045838009301,0.022706717214825842,0.0,0.0,0.0,0.0,0.0,0.0,0.0,0.0,0.0,0.0,0.0,0.0,0.0,0.0,0.0,0.0,0.0,0.0,0.0,0.0,0.0,0.0,0.0,0.0,0.0126528890763391,0.7085617882749896,7.882749894559259,15.626318009278789,5.529312526360187,0.2404048924504429,0.9133333864818959,0.022571068976516513,0.0,0.0,0.0,0.0,0.0,0.0,0.0,0.0,0.0,0.0,0.0,0.0,0.0,0.0,0.0,0.0,0.0,0.0,0.0,0.0,0.0,0.0,0.0,0.0,0.0,0.6432481751824819,7.787408759124089,15.862226277372265,5.501824817518249,0.20529197080291975,0.3958,0.01192,0.0,0.0,0.0,0.0,0.0,0.0,0.0,0.0,0.0,0.0,0.1518346689160692,18.81484605651621,11.033319274567695,0.0,0.0,0.0,0.0,0.0,0.0,0.0,0.0,0.0,0.0,0.0,0.0,0.0,0.0,0.0,0.0,0.0,0.3962,0.011894,0.0,0.0,0.0,0.0,0.0,0.0,0.0,0.0,0.0,0.0,0.12317518248175185,18.544708029197054,11.304744525547449,0.027372262773722636,0.0,0.0,0.0,0.0,0.0,0.0,0.0,0.0,0.0,0.0,0.0,0.0,0.0,0.0,0.0,0.0
40200,4493,2348,0.5225906966392165,1130,915,0.45515245938125976,1242,0.5528600044513688,0.4140000000000001,2.9864801864801866,3.109996509146507,6.5704918032786885,2.189194347077727,8382.593411974183,506.18255766885153,7853.0,8866.4,8866.4,0.0,7853.0,0.0,28.18406409971066,21.12053934109296,33.270600744284955,19.316363120985667,0.14266636990874693,0.09815268194969953,0.08813710215891386,0.081682617404852,0.081682617404852,0.07767638548853772,0.07233474293345203,0.06632539505898064,0.06076118406409971,0.04740707767638549,0.04117516136211885,0.042288003561095036,0.03138215001112842,0.029824170932561764,0.01736033830402849,0.011573558869352326,0.009570442911195192,0.9129614904307322,0.023137097417526398,0.0,0.0,0.0,0.0,0.0,0.0,0.0,0.0,0.0,0.0,0.0,0.0,0.0,0.0,0.0,0.0,0.0,0.0,0.0,0.0,0.0,0.0,0.0,0.0,0.020031159581571336,0.7211217449365682,7.872245715557535,15.564210994880929,5.561985310482975,0.2604050745604274,4.226434426229508,2.8948367673557187,nan,nan,nan,4.29291553133515,2.933649362849231,4.1624400274160385,2.852617055762697,0.9696067851867255,0.3958,0.012215,0.0,0.0,0.0,0.0,0.0,0.0,0.0,0.0,0.0,0.0,0.2604050745604274,18.855998219452456,10.850211440017807,0.03338526596928556,0.0,0.0,0.0,0.0,0.0,0.0,0.0,0.0,0.0,0.0,0.0,0.0,0.0,0.0,0.0,0.0,nan,nan,4.226434426229508,2.8948367673557187,nan,0.3958,0.05853,0.0,0.0,0.0,0.0,0.0,0.0,0.0,0.0,0.0,0.0,0.0,0.0,0.0,0.0,0.0,0.0,0.0,0.0,0.0,0.0,0.0,3.3385265969285556e-05,1.1128421989761852e-05,0.0005230358335188071,0.0011907411529045182,0.002615179167594035,0.006098375250389494,0.007033162697529491,0.022924549298909414,0.007867794346761629,0.019608279545960384,0.02469396839528155,0.03712441575784554,0.0429111951925217,0.020709993322946808,0.04702871132873358,0.04004006231916314,0.06491208546628088,0.09035165813487647,0.07832183396394392,0.05954818606721567,0.05006677053193857,0.08617849988871577,0.08513242822167817,0.028889383485421766,0.03259514800801246,0.029468061428889383,0.02277987981304251,0.02434898731359893,0.017582906743823727,0.005352770977075451,0.009781882929000668,0.018517694190963722,0.007367015357222346,0.0014689517026485644,0.005219229913198308,0.0,0.00014466948586690408,0.0,0.0015579790785666592,0.0,0.0,0.0,0.0,0.0,0.0,0.0,0.0,0.0,0.0,0.0,0.0,0.0,0.0,0.0,0.0,0.0,0.0,0.0,0.0,0.0,0.0,0.0,0.0,0.0,0.0,0.0,0.0,0.0,0.0,0.0,0.0,0.0,0.0,0.0,0.0,0.0,0.0,0.0,0.0,0.0,nan,nan,4.226434426229508,2.8948367673557187,nan,0.9128855845591075,0.02324745537085382,0.0,0.0,0.0,0.0,0.0,0.0,0.0,0.0,0.0,0.0,0.0,0.0,0.0,0.0,0.0,0.0,0.0,0.0,0.0,0.0,0.0,0.0,0.0,0.0,0.038330494037478714,0.6771720613287907,8.074957410562183,15.536626916524705,5.391822827938673,0.2810902896081772,0.9130445799349627,0.023015401698153685,0.0,0.0,0.0,0.0,0.0,0.0,0.0,0.0,0.0,0.0,0.0,0.0,0.0,0.0,0.0,0.0,0.0,0.0,0.0,0.0,0.0,0.0,0.0,0.0,0.0,0.7692307692307695,7.650349650349652,15.594405594405599,5.74825174825175,0.23776223776223782,0.3955,0.012276,0.0,0.0,0.0,0.0,0.0,0.0,0.0,0.0,0.0,0.0,0.29386712095400347,18.922487223168627,10.732538330494041,0.05110732538330495,0.0,0.0,0.0,0.0,0.0,0.0,0.0,0.0,0.0,0.0,0.0,0.0,0.0,0.0,0.0,0.0,0.3958,0.01214,0.0,0.0,0.0,0.0,0.0,0.0,0.0,0.0,0.0,0.0,0.22377622377622383,18.783216783216755,10.97902097902098,0.01398601398601399,0.0,0.0,0.0,0.0,0.0,0.0,0.0,0.0,0.0,0.0,0.0,0.0,0.0,0.0,0.0,0.0
40300,4741,2467,0.5203543556211769,1141,978,0.4469521198059481,1337,0.5640160303733389,0.4060000000000001,3.078715919085312,3.1805055556440602,6.849206349206349,2.165631475477473,8380.3271039865,506.27997450139173,7853.0,8866.4,8866.4,0.0,7853.0,0.0,27.340856359417845,20.630492154151383,32.439290240811154,18.868632039310597,0.14532798987555368,0.10229909301835056,0.09259649862898123,0.0871124235393377,0.08331575616958448,0.07361316178021514,0.07002742037544822,0.06686353090065388,0.058426492301202275,0.050200379666736974,0.04471630457709344,0.03501371018772411,0.03353722843282008,0.025522041763341066,0.014553891584053997,0.009913520354355622,0.0069605568445475635,0.9131066562052744,0.022683283188281472,0.0,0.0,0.0,0.0,0.0,0.0,0.0,0.0,0.0,0.0,0.0,0.0,0.0,0.0,0.0,0.0,0.0,0.0,0.0,0.0,0.0,0.0,0.0,0.0,0.006327778949588696,0.6391056739084582,7.903395908036281,15.775152921324619,5.4165787808479235,0.2594389369331365,4.40265780730897,2.933367365137037,nan,nan,nan,4.360535117056856,2.900198536844438,4.447159841479524,2.963925864557575,1.0198656178880026,0.3955,0.01179,0.0,0.0,0.0,0.0,0.0,0.0,0.0,0.0,0.0,0.0,0.1392111368909513,19.356675806791788,10.472474161569293,0.03163889474794348,0.0,0.0,0.0,0.0,0.0,0.0,0.0,0.0,0.0,0.0,0.0,0.0,0.0,0.0,0.0,0.0,nan,nan,4.40265780730897,2.933367365137037,nan,0.3955,0.05902,0.0,0.0,0.0,0.0,0.0,0.0,0.0,0.0,0.0,0.0,0.0,0.0,0.0,0.0,0.0,0.0,0.0,0.0,0.0,0.0,0.0,0.0001160092807424594,0.0,0.0005905927019616115,0.0012655557899177389,0.0027420375448217677,0.006433241932081839,0.00713984391478591,0.024245939675174015,0.007688251423750263,0.02008015186669479,0.02473106939464248,0.040097025943893694,0.042353933769246996,0.020639105673908458,0.046530267875975535,0.039147859101455386,0.06282429867116641,0.09010757224214301,0.07886521830837376,0.05558953807213668,0.04904028685931238,0.08722843282008015,0.08358995992406665,0.03029951487028053,0.03358995992406665,0.031006116852984603,0.022368698586796035,0.02519510651761232,0.016937354988399073,0.005557899177388736,0.00930183505589538,0.018002531111579834,0.007414047669268087,0.0018139632988820923,0.006180130774098291,0.0,0.0001160092807424594,0.0,0.001075722421430078,9.491668424383042e-05,0.0,0.0,0.0,0.0,0.0,0.0,0.0,0.0,0.0,0.0,0.0,0.0,0.0,0.0,0.0,0.0,0.0,0.0,0.0,0.0,0.0,0.0,0.0,0.0,0.0,0.0,0.0,0.0,0.0,0.0,0.0,0.0,0.0,0.0,0.0,0.0,0.0,0.0,0.0,0.0,nan,nan,4.40265780730897,2.933367365137037,nan,0.9131665511028845,0.022416020195116904,0.0,0.0,0.0,0.0,0.0,0.0,0.0,0.0,0.0,0.0,0.0,0.0,0.0,0.0,0.0,0.0,0.0,0.0,0.0,0.0,0.0,0.0,0.0,0.0,0.012160518848804218,0.5715443858937982,7.600324280502636,15.991082286177546,5.618159708147549,0.20672882042967172,0.913041677879679,0.022969536274550454,0.0,0.0,0.0,0.0,0.0,0.0,0.0,0.0,0.0,0.0,0.0,0.0,0.0,0.0,0.0,0.0,0.0,0.0,0.0,0.0,0.0,0.0,0.0,0.0,0.0,0.7124010554089711,8.232189973614778,15.540897097625333,5.197889182058049,0.316622691292876,0.3955,0.011566,0.0,0.0,0.0,0.0,0.0,0.0,0.0,0.0,0.0,0.0,0.10944466963923796,19.517632752330737,10.336441021483587,0.03648155654641265,0.0,0.0,0.0,0.0,0.0,0.0,0.0,0.0,0.0,0.0,0.0,0.0,0.0,0.0,0.0,0.0,0.3953,0.01202,0.0,0.0,0.0,0.0,0.0,0.0,0.0,0.0,0.0,0.0,0.17150395778364122,19.182058047493374,10.62005277044855,0.02638522427440634,0.0,0.0,0.0,0.0,0.0,0.0,0.0,0.0,0.0,0.0,0.0,0.0,0.0,0.0,0.0,0.0
40400,4765,2435,0.5110178384050367,1178,958,0.4482686253934942,1313,0.5511017838405037,0.4020000000000001,2.839914163090129,3.0994453319945143,6.527472527472527,2.254863653394392,8370.865477439664,506.5769656365597,7853.0,8866.4,8866.399999999998,1.8189894035458565e-12,7853.0,0.0,28.2199370409234,20.95966999282189,33.0270740188773,19.244885959692652,0.13515215110178383,0.09989506820566632,0.09611752360965373,0.08226652675760755,0.08100734522560336,0.07492130115424973,0.06946484784889821,0.06253934942287513,0.06379853095487933,0.053515215110178385,0.04428121720881427,0.04260230849947534,0.030430220356768102,0.026442812172088142,0.01762854144805876,0.011752360965372508,0.008184679958027283,0.9127618994567727,0.022273347623744097,0.0,0.0,0.0,0.0,0.0,0.0,0.0,0.0,0.0,0.0,0.0,0.0,0.0,0.0,0.0,0.0,0.0,0.0,0.0,0.0,0.0,0.0,0.0,0.0,0.006295907660020988,0.5351521511017839,8.014690451206716,16.092339979013644,5.131164742917105,0.22035676810073457,4.090203685741998,2.896748524041235,nan,nan,nan,4.098837209302325,2.9618458683158035,4.081553398058253,2.8299970006782122,0.9957832403773326,0.3945,0.01173,0.0,0.0,0.0,0.0,0.0,0.0,0.0,0.0,0.0,0.0,0.2896117523609654,19.939139559286435,9.764952780692552,0.006295907660020988,0.0,0.0,0.0,0.0,0.0,0.0,0.0,0.0,0.0,0.0,0.0,0.0,0.0,0.0,0.0,0.0,nan,nan,4.090203685741998,2.896748524041235,nan,0.3945,0.05838,0.0,0.0,0.0,0.0,0.0,0.0,0.0,0.0,0.0,0.0,0.0,0.0,0.0,0.0,0.0,0.0,0.0,0.0,0.0,0.0,0.0,0.00025183630640083945,0.0,0.0008919202518363064,0.001017838405036726,0.0032633788037775445,0.006306400839454354,0.006002098635886674,0.023326337880377756,0.007911857292759707,0.020346274921301154,0.024826862539349424,0.041217208814270725,0.042738719832109126,0.020377754459601258,0.045760755508919206,0.042329485834207765,0.06564533053515215,0.09205666316894019,0.08012591815320041,0.05362014690451207,0.04895068205666317,0.08501573976915006,0.08389296956977964,0.03230849947534103,0.032948583420776494,0.030430220356768102,0.02204616998950682,0.022749213011542497,0.017869884575026234,0.005655823714585519,0.0074711437565582375,0.01776495278069255,0.006726128016789087,0.001657922350472193,0.005225603357817419,1.0493179433368311e-05,4.1972717733473244e-05,0.0,0.0011752360965372507,4.1972717733473244e-05,0.0,0.0,0.0,0.0,0.0,0.0,0.0,0.0,0.0,0.0,0.0,0.0,0.0,0.0,0.0,0.0,0.0,0.0,0.0,0.0,0.0,0.0,0.0,0.0,0.0,0.0,0.0,0.0,0.0,0.0,0.0,0.0,0.0,0.0,0.0,0.0,0.0,0.0,0.0,0.0,nan,nan,4.090203685741998,2.896748524041235,nan,0.9125543236732483,0.02206858585309189,0.0,0.0,0.0,0.0,0.0,0.0,0.0,0.0,0.0,0.0,0.0,0.0,0.0,0.0,0.0,0.0,0.0,0.0,0.0,0.0,0.0,0.0,0.0,0.0,0.012320328542094458,0.5297741273100617,8.06981519507187,16.41067761806982,4.792607802874744,0.18480492813141688,0.9129788295138036,0.02248329652432363,0.0,0.0,0.0,0.0,0.0,0.0,0.0,0.0,0.0,0.0,0.0,0.0,0.0,0.0,0.0,0.0,0.0,0.0,0.0,0.0,0.0,0.0,0.0,0.0,0.0,0.5407725321888412,7.957081545064379,15.759656652360517,5.484978540772533,0.25751072961373395,0.3943,0.01186,0.0,0.0,0.0,0.0,0.0,0.0,0.0,0.0,0.0,0.0,0.36960985626283377,20.119096509240215,9.511293634496921,0.0,0.0,0.0,0.0,0.0,0.0,0.0,0.0,0.0,0.0,0.0,0.0,0.0,0.0,0.0,0.0,0.0,0.3948,0.0116,0.0,0.0,0.0,0.0,0.0,0.0,0.0,0.0,0.0,0.0,0.20600858369098718,19.751072961373364,10.030042918454937,0.012875536480686699,0.0,0.0,0.0,0.0,0.0,0.0,0.0,0.0,0.0,0.0,0.0,0.0,0.0,0.0,0.0,0.0
40500,4820,2509,0.520539419087137,1181,973,0.4468879668049793,1334,0.5535269709543569,0.4220000000000001,3.0809173517957595,3.122056793509917,6.604135893648449,2.100119015934522,8380.514647302904,506.27229872634297,7853.0,8866.4,8866.4,0.0,7853.0,0.0,28.194398340248963,20.970532817019855,33.091088133924174,19.203183572731568,0.13734439834024897,0.09585062240663901,0.09564315352697095,0.08506224066390042,0.08049792531120332,0.07116182572614108,0.07095435684647303,0.06639004149377593,0.06618257261410788,0.05062240663900415,0.044605809128630707,0.03921161825726141,0.032157676348547715,0.026348547717842324,0.018464730290456432,0.011825726141078838,0.007676348547717842,0.912802927437165,0.023091238639464697,0.0,0.0,0.0,0.0,0.0,0.0,0.0,0.0,0.0,0.0,0.0,0.0,0.0,0.0,0.0,0.0,0.0,0.0,0.0,0.0,0.0,0.0,0.0,0.0,0.01244813278008299,0.6473029045643155,8.072614107883819,15.547717842323655,5.470954356846475,0.2489626556016598,4.358496627047864,2.872486415785239,nan,nan,nan,4.3947540983606554,2.876286088142808,4.32367758186398,2.868401388538478,0.9838269639424904,0.3938,0.011986,0.0,0.0,0.0,0.0,0.0,0.0,0.0,0.0,0.0,0.0,0.2551867219917013,20.937759336099553,8.794605809128631,0.01244813278008299,0.0,0.0,0.0,0.0,0.0,0.0,0.0,0.0,0.0,0.0,0.0,0.0,0.0,0.0,0.0,0.0,nan,nan,4.358496627047864,2.872486415785239,nan,0.3938,0.05807,0.0,0.0,0.0,0.0,0.0,0.0,0.0,0.0,0.0,0.0,0.0,0.0,0.0,0.0,0.0,0.0,0.0,0.0,0.0,0.0,0.0,0.00021784232365145228,0.0,0.0012240663900414937,0.0012344398340248962,0.00274896265560166,0.0063174273858921165,0.0062344398340248965,0.02399377593360996,0.00737551867219917,0.01929460580912863,0.026255186721991702,0.042033195020746886,0.04359958506224067,0.020736514522821575,0.046618257261410785,0.0441701244813278,0.06544605809128631,0.09108921161825727,0.0792116182572614,0.05504149377593361,0.049201244813278006,0.0850207468879668,0.08559128630705394,0.03179460580912863,0.03162863070539419,0.028340248962655603,0.02136929460580913,0.022136929460580913,0.01870331950207469,0.005539419087136929,0.006213692946058091,0.01812240663900415,0.005985477178423237,0.0013174273858921161,0.005238589211618257,0.0,2.074688796680498e-05,0.0,0.0009232365145228216,0.0,0.0,1.037344398340249e-05,0.0,0.0,0.0,0.0,0.0,0.0,0.0,0.0,0.0,0.0,0.0,0.0,0.0,0.0,0.0,0.0,0.0,0.0,0.0,0.0,0.0,0.0,0.0,0.0,0.0,0.0,0.0,0.0,0.0,0.0,0.0,0.0,0.0,0.0,0.0,0.0,0.0,0.0,nan,nan,4.358496627047864,2.872486415785239,nan,0.9128856796959853,0.023536241101774543,0.0,0.0,0.0,0.0,0.0,0.0,0.0,0.0,0.0,0.0,0.0,0.0,0.0,0.0,0.0,0.0,0.0,0.0,0.0,0.0,0.0,0.0,0.0,0.0,0.023913909924272624,0.6695894778796335,8.130729374252692,15.36468712634516,5.452371462734159,0.3587086488640894,0.9127130851968446,0.02259784739259987,0.0,0.0,0.0,0.0,0.0,0.0,0.0,0.0,0.0,0.0,0.0,0.0,0.0,0.0,0.0,0.0,0.0,0.0,0.0,0.0,0.0,0.0,0.0,0.0,0.0,0.6231068801384683,8.009519688446561,15.746430116832544,5.491129381220253,0.1298139333621809,0.3938,0.011894,0.0,0.0,0.0,0.0,0.0,0.0,0.0,0.0,0.0,0.0,0.23913909924272622,20.99641291351133,8.740534077321643,0.023913909924272624,0.0,0.0,0.0,0.0,0.0,0.0,0.0,0.0,0.0,0.0,0.0,0.0,0.0,0.0,0.0,0.0,0.3938,0.01209,0.0,0.0,0.0,0.0,0.0,0.0,0.0,0.0,0.0,0.0,0.2726092600605799,20.874080484638654,8.853310255300737,0.0,0.0,0.0,0.0,0.0,0.0,0.0,0.0,0.0,0.0,0.0,0.0,0.0,0.0,0.0,0.0,0.0
40600,4977,2548,0.5119549929676512,1209,1047,0.45328511151295964,1422,0.5714285714285714,0.4100000000000001,2.939069575957184,3.077092502632605,6.5291479820627805,2.1646299318654716,8371.815189873418,506.55514228396777,7853.0,8866.4,8866.399999999998,1.8189894035458565e-12,7853.0,0.0,27.822382961623468,20.739837154508095,32.57720675707828,19.06257584536822,0.13562386980108498,0.09805103475989552,0.09724733775366687,0.08579465541490858,0.08900944343982319,0.07574844283705043,0.07092626079967852,0.06248744223427768,0.05786618444846293,0.04822182037371911,0.04902551737994776,0.03475989551938919,0.03375527426160337,0.02531645569620253,0.017882258388587504,0.0108499095840868,0.007434197307615029,0.913289760415133,0.022927000237755332,0.0,0.0,0.0,0.0,0.0,0.0,0.0,0.0,0.0,0.0,0.0,0.0,0.0,0.0,0.0,0.0,0.0,0.0,0.0,0.0,0.0,0.0,0.0,0.0,0.0,0.6449668474984932,7.799879445449067,15.84086799276673,5.382760699216397,0.331525015069319,4.2249533291848165,2.8553794656151976,nan,nan,nan,4.265547263681592,2.874403606582988,4.185046728971963,2.836350724778844,0.9811277358487995,0.3936,0.01221,0.0,0.0,0.0,0.0,0.0,0.0,0.0,0.0,0.0,0.0,0.3254972875226041,20.783604581072908,8.878842676311033,0.01205545509342978,0.0,0.0,0.0,0.0,0.0,0.0,0.0,0.0,0.0,0.0,0.0,0.0,0.0,0.0,0.0,0.0,nan,nan,4.2249533291848165,2.8553794656151976,nan,0.3936,0.0583,0.0,0.0,0.0,0.0,0.0,0.0,0.0,0.0,0.0,0.0,0.0,0.0,0.0,0.0,0.0,0.0,0.0,0.0,0.0,0.0,0.0,0.00016073940124573035,0.0,0.0009644364074743822,0.0014165159734779989,0.0029837251356238698,0.006459714687562789,0.006610407876230661,0.023467952581876634,0.007544705645971469,0.018635724331926864,0.026481816355234077,0.042415109503717095,0.04592123769338959,0.020514366083986338,0.04564998995378742,0.04653405666063894,0.06993168575447056,0.09058669881454691,0.0797870202933494,0.05233072131806309,0.048784408278079165,0.08369499698613622,0.08493068113321278,0.029355033152501507,0.031193490054249547,0.02471368294153104,0.02277476391400442,0.021287924452481413,0.019891500904159132,0.006268836648583484,0.005555555555555556,0.019349005424954793,0.00612818967249347,0.001024713682941531,0.005445047217199116,8.036970062286517e-05,1.0046212577858147e-05,0.0,0.001024713682941531,0.0,0.0,9.041591320072333e-05,0.0,0.0,0.0,0.0,0.0,0.0,0.0,0.0,0.0,0.0,0.0,0.0,0.0,0.0,0.0,0.0,0.0,0.0,0.0,0.0,0.0,0.0,0.0,0.0,0.0,0.0,0.0,0.0,0.0,0.0,0.0,0.0,0.0,0.0,0.0,0.0,0.0,0.0,nan,nan,4.2249533291848165,2.8553794656151976,nan,0.9128428541322705,0.022581775655150228,0.0,0.0,0.0,0.0,0.0,0.0,0.0,0.0,0.0,0.0,0.0,0.0,0.0,0.0,0.0,0.0,0.0,0.0,0.0,0.0,0.0,0.0,0.0,0.0,0.0,0.6357927786499217,7.782574568288855,16.130298273155418,5.192307692307693,0.2590266875981162,0.9137585612421126,0.023274417170926837,0.0,0.0,0.0,0.0,0.0,0.0,0.0,0.0,0.0,0.0,0.0,0.0,0.0,0.0,0.0,0.0,0.0,0.0,0.0,0.0,0.0,0.0,0.0,0.0,0.0,0.6545903664059286,7.81803211198024,15.537258130918076,5.582544256895844,0.4075751337999178,0.3936,0.01227,0.0,0.0,0.0,0.0,0.0,0.0,0.0,0.0,0.0,0.0,0.282574568288854,20.569073783359467,9.13657770800628,0.01177394034536892,0.0,0.0,0.0,0.0,0.0,0.0,0.0,0.0,0.0,0.0,0.0,0.0,0.0,0.0,0.0,0.0,0.3933,0.012146,0.0,0.0,0.0,0.0,0.0,0.0,0.0,0.0,0.0,0.0,0.37052284890901616,21.00864553314118,8.608480856319474,0.012350761630300537,0.0,0.0,0.0,0.0,0.0,0.0,0.0,0.0,0.0,0.0,0.0,0.0,0.0,0.0,0.0,0.0
40700,4657,2382,0.5114880824565171,1047,959,0.4307494094910887,1326,0.5694653210221172,0.4140000000000001,2.9432967032967032,3.0737231084032257,6.488188976377953,2.226066555776044,8371.342022761433,506.5662378268236,7853.0,8866.4,8866.4,0.0,7853.0,0.0,27.839596306635173,21.17956592988957,33.0562871159308,19.418420782539666,0.1447283659007945,0.10543268198410995,0.09276358170496027,0.08095340347863432,0.08310070861069357,0.07558514064848615,0.06356023190895427,0.06377496242216019,0.054756280867511276,0.05196478419583423,0.042087180588361604,0.04230191110156753,0.032209576980888985,0.02855915825638823,0.020184668241357097,0.010521795147090401,0.00751556796220743,0.9133286384494872,0.023166529182062415,0.0,0.0,0.0,0.0,0.0,0.0,0.0,0.0,0.0,0.0,0.0,0.0,0.0,0.0,0.0,0.0,0.0,0.0,0.0,0.0,0.0,0.0,0.0,0.0,0.006441915396177798,0.637749624221602,8.129697229976381,15.518574189392316,5.372557440412284,0.33497960060124554,4.344850948509485,2.853167173188956,nan,nan,nan,4.411246612466124,2.89651848141282,4.278455284552845,2.8075772037070674,0.9698970972200891,0.3933,0.01175,0.0,0.0,0.0,0.0,0.0,0.0,0.0,0.0,0.0,0.0,0.21902512347004513,21.155250161047853,8.612840884689716,0.012883830792355597,0.0,0.0,0.0,0.0,0.0,0.0,0.0,0.0,0.0,0.0,0.0,0.0,0.0,0.0,0.0,0.0,nan,nan,4.344850948509485,2.853167173188956,nan,0.3933,0.05814,0.0,0.0,0.0,0.0,0.0,0.0,0.0,0.0,0.0,0.0,0.0,0.0,0.0,0.0,0.0,0.0,0.0,0.0,0.0,0.0,0.0,0.00013957483358385226,0.0,0.0007622933218810393,0.0013313291818767446,0.0030491732875241573,0.006495598024479279,0.00622718488297187,0.024210865363968218,0.008460382220313506,0.01845608761004939,0.027968649345071935,0.040036504187245005,0.04729439553360532,0.018488297187030277,0.04672535967360962,0.047466179944170066,0.06743611767232123,0.08982177367403908,0.08060983465750483,0.05182520936225037,0.04862572471548207,0.0839166845608761,0.08657934292462958,0.030749409491088682,0.029815331758642902,0.02722782907451149,0.022299763796435473,0.020345716126261543,0.020689284947391025,0.006119819626368907,0.005593729869014387,0.017876315224393386,0.005915825638823277,0.0013313291818767446,0.004788490444492162,0.00023620356452651921,0.0,0.0,0.001073652566029633,0.0,0.0,1.0736525660296328e-05,0.0,0.0,0.0,0.0,0.0,0.0,0.0,0.0,0.0,0.0,0.0,0.0,0.0,0.0,0.0,0.0,0.0,0.0,0.0,0.0,0.0,0.0,0.0,0.0,0.0,0.0,0.0,0.0,0.0,0.0,0.0,0.0,0.0,0.0,0.0,0.0,0.0,0.0,nan,nan,4.344850948509485,2.853167173188956,nan,0.9130589771831266,0.023040059750084524,0.0,0.0,0.0,0.0,0.0,0.0,0.0,0.0,0.0,0.0,0.0,0.0,0.0,0.0,0.0,0.0,0.0,0.0,0.0,0.0,0.0,0.0,0.0,0.0,0.012594458438287156,0.6801007556675065,8.14861460957179,15.566750629722925,5.3148614609571805,0.27707808564231745,0.9136109826852987,0.023294866116106587,0.0,0.0,0.0,0.0,0.0,0.0,0.0,0.0,0.0,0.0,0.0,0.0,0.0,0.0,0.0,0.0,0.0,0.0,0.0,0.0,0.0,0.0,0.0,0.0,0.0,0.5934065934065935,8.109890109890111,15.468131868131872,5.432967032967035,0.3956043956043957,0.3933,0.0118,0.0,0.0,0.0,0.0,0.0,0.0,0.0,0.0,0.0,0.0,0.21410579345088165,20.856423173803496,8.916876574307306,0.012594458438287156,0.0,0.0,0.0,0.0,0.0,0.0,0.0,0.0,0.0,0.0,0.0,0.0,0.0,0.0,0.0,0.0,0.3933,0.011696,0.0,0.0,0.0,0.0,0.0,0.0,0.0,0.0,0.0,0.0,0.2241758241758242,21.468131868131834,8.294505494505495,0.01318681318681319,0.0,0.0,0.0,0.0,0.0,0.0,0.0,0.0,0.0,0.0,0.0,0.0,0.0,0.0,0.0,0.0
40800,4670,2345,0.5021413276231264,1086,960,0.4381156316916488,1331,0.5700214132762312,0.4100000000000001,2.857204301075269,3.0089895298121485,6.442040185471407,2.0569843726579093,8361.870021413277,506.69535325189804,7853.0,8866.4,8866.4,0.0,7853.0,0.0,27.966809421841543,21.039444221763134,32.92882653061225,19.32417555467419,0.13854389721627408,0.10278372591006424,0.09978586723768737,0.08222698072805139,0.0828693790149893,0.06745182012847965,0.06488222698072806,0.06466809421841542,0.058886509635974305,0.05460385438972163,0.04518201284796574,0.041541755888650965,0.03511777301927195,0.025267665952890792,0.019057815845824413,0.009635974304068522,0.007494646680942184,0.9130265513630444,0.02324718997121631,0.0,0.0,0.0,0.0,0.0,0.0,0.0,0.0,0.0,0.0,0.0,0.0,0.0,0.0,0.0,0.0,0.0,0.0,0.0,0.0,0.0,0.0,0.0,0.0,0.012847965738758033,0.6937901498929339,7.805139186295505,15.835117773019276,5.325481798715205,0.3276231263383298,4.238525963149079,2.790638184861422,nan,nan,nan,4.300731869594145,2.7752433248764135,4.175438596491228,2.804756174125852,0.9708669880145908,0.393,0.01183,0.0,0.0,0.0,0.0,0.0,0.0,0.0,0.0,0.0,0.0,0.385438972162741,21.24411134903637,8.36402569593148,0.006423982869379017,0.0,0.0,0.0,0.0,0.0,0.0,0.0,0.0,0.0,0.0,0.0,0.0,0.0,0.0,0.0,0.0,nan,nan,4.238525963149079,2.790638184861422,nan,0.393,0.05835,0.0,0.0,0.0,0.0,0.0,0.0,0.0,0.0,0.0,0.0,0.0,0.0,0.0,0.0,0.0,0.0,0.0,0.0,0.0,0.0,0.0,7.494646680942184e-05,1.0706638115631692e-05,0.0006209850107066382,0.0014453961456102784,0.0029978586723768737,0.007248394004282655,0.007505353319057816,0.025160599571734475,0.008907922912205567,0.017805139186295504,0.027644539614561026,0.03860813704496788,0.04663811563169165,0.0171627408993576,0.046027837259100646,0.04908993576017131,0.06898286937901499,0.09040685224839401,0.08340471092077088,0.05016059957173447,0.04947537473233405,0.08375802997858672,0.08438972162740899,0.03013918629550321,0.028950749464668094,0.02774089935760171,0.022794432548179873,0.019325481798715204,0.017858672376873663,0.006873661670235546,0.005910064239828694,0.0186830835117773,0.006723768736616702,0.0016488222698072806,0.004143468950749464,0.0005032119914346895,0.0,6.423982869379015e-05,0.0011134903640256958,0.0,0.0,0.0,0.0,0.0,0.0,0.0,0.0,0.0,0.0,0.0,0.0,0.0,0.0,0.0,0.0,0.0,0.0,0.0,0.0,0.0,0.0,0.0,0.0,0.0,0.0,0.0,0.0,0.0,0.0,0.0,0.0,0.0,0.0,0.0,0.0,0.0,0.0,0.0,0.0,0.0,nan,nan,4.238525963149079,2.790638184861422,nan,0.9122571000920684,0.02309598593115044,0.0,0.0,0.0,0.0,0.0,0.0,0.0,0.0,0.0,0.0,0.0,0.0,0.0,0.0,0.0,0.0,0.0,0.0,0.0,0.0,0.0,0.0,0.0,0.0,0.0,0.8059701492537316,7.982942430703626,15.889125799573565,5.0149253731343295,0.3070362473347548,0.9138026215696847,0.023373060592256904,0.0,0.0,0.0,0.0,0.0,0.0,0.0,0.0,0.0,0.0,0.0,0.0,0.0,0.0,0.0,0.0,0.0,0.0,0.0,0.0,0.0,0.0,0.0,0.0,0.025806451612903233,0.5806451612903227,7.625806451612905,15.780645161290325,5.638709677419357,0.34838709677419366,0.3933,0.01192,0.0,0.0,0.0,0.0,0.0,0.0,0.0,0.0,0.0,0.0,0.3582089552238807,20.76332622601276,8.878464818763328,0.0,0.0,0.0,0.0,0.0,0.0,0.0,0.0,0.0,0.0,0.0,0.0,0.0,0.0,0.0,0.0,0.0,0.3926,0.01174,0.0,0.0,0.0,0.0,0.0,0.0,0.0,0.0,0.0,0.0,0.4129032258064517,21.729032258064485,7.845161290322582,0.012903225806451616,0.0,0.0,0.0,0.0,0.0,0.0,0.0,0.0,0.0,0.0,0.0,0.0,0.0,0.0,0.0,0.0
40900,4569,2296,0.5025169621361348,1055,982,0.4458305975049245,1303,0.5703655066754213,0.4180000000000001,2.915090189177299,3.065253980509467,6.4825949367088604,2.1115297353495888,8362.250689428758,506.6935799706148,7853.0,8866.4,8866.4,0.0,7853.0,0.0,27.81637119719851,21.048355126760622,32.898376113148245,19.298491880892485,0.14335740862333116,0.10264828189975925,0.08645217771941344,0.08907857299190194,0.08382578244692493,0.07288246881155613,0.07222586999343401,0.05975049244911359,0.05953162617640621,0.05252790544977019,0.040271394178157144,0.04136572554169402,0.031079010724447364,0.02538848763405559,0.019916830816371196,0.012037644998905668,0.007660319544758153,0.9131316722652588,0.022696037839031184,0.0,0.0,0.0,0.0,0.0,0.0,0.0,0.0,0.0,0.0,0.0,0.0,0.0,0.0,0.0,0.0,0.0,0.0,0.0,0.0,0.0,0.0,0.0,0.0,0.0,0.5909389363099148,7.925147734734079,15.8634274458306,5.377544320420224,0.2429415627051872,4.300713557594292,2.853238141205149,nan,nan,nan,4.281292059219381,2.8124913541660197,4.318681318681318,2.8942121890327104,1.008733171889412,0.3928,0.01182,0.0,0.0,0.0,0.0,0.0,0.0,0.0,0.0,0.0,0.0,0.4005252790544978,21.746552856204826,7.846355876559424,0.006565988181221275,0.0,0.0,0.0,0.0,0.0,0.0,0.0,0.0,0.0,0.0,0.0,0.0,0.0,0.0,0.0,0.0,nan,nan,4.300713557594292,2.853238141205149,nan,0.3928,0.05823,0.0,0.0,0.0,0.0,0.0,0.0,0.0,0.0,0.0,0.0,0.0,0.0,0.0,0.0,0.0,0.0,0.0,0.0,1.094331363536879e-05,0.0,0.0,8.754650908295032e-05,0.0,0.0005033924272269643,0.0017071569271175312,0.0024184723134165025,0.00886408404464872,0.007572773035675202,0.025640183847669074,0.008448238126504706,0.01754213175749617,0.027500547165681767,0.036003501860363316,0.046169840227620926,0.017498358502954694,0.04821623987743489,0.05039395929087328,0.06978551105274677,0.08827971109652002,0.08711971985117094,0.04866491573648501,0.049671700590938936,0.08298314729700153,0.08303786386517838,0.030783541256292405,0.029503173560954256,0.02705187130663165,0.023462464434230685,0.018724009630116,0.018133070693806083,0.006642591376668856,0.005296563799518495,0.019205515430072227,0.005810899540380827,0.0017947034362004815,0.004114685926898665,0.00025169621361348214,2.188662727073758e-05,2.188662727073758e-05,0.0010615014226307727,0.0,0.0,0.0,0.0,0.0,0.0,0.0,0.0,0.0,0.0,0.0,0.0,0.0,0.0,0.0,0.0,0.0,0.0,0.0,0.0,0.0,0.0,0.0,0.0,0.0,0.0,0.0,0.0,0.0,0.0,0.0,0.0,0.0,0.0,0.0,0.0,0.0,0.0,0.0,0.0,0.0,nan,nan,4.300713557594292,2.853238141205149,nan,0.9130180004322155,0.022920606994715577,0.0,0.0,0.0,0.0,0.0,0.0,0.0,0.0,0.0,0.0,0.0,0.0,0.0,0.0,0.0,0.0,0.0,0.0,0.0,0.0,0.0,0.0,0.0,0.0,0.0,0.6794425087108016,8.035714285714286,15.574912891986067,5.474738675958189,0.23519163763066206,0.913246494319226,0.02246633366332049,0.0,0.0,0.0,0.0,0.0,0.0,0.0,0.0,0.0,0.0,0.0,0.0,0.0,0.0,0.0,0.0,0.0,0.0,0.0,0.0,0.0,0.0,0.0,0.0,0.0,0.5015398152221734,7.81346238451386,16.15486141663001,5.2793664760228785,0.2507699076110867,0.3926,0.01196,0.0,0.0,0.0,0.0,0.0,0.0,0.0,0.0,0.0,0.0,0.4181184668989548,21.72909407665502,7.852787456445995,0.0,0.0,0.0,0.0,0.0,0.0,0.0,0.0,0.0,0.0,0.0,0.0,0.0,0.0,0.0,0.0,0.0,0.393,0.01165,0.0,0.0,0.0,0.0,0.0,0.0,0.0,0.0,0.0,0.0,0.3827540695116587,21.764188297404278,7.8398592168939745,0.013198416190057197,0.0,0.0,0.0,0.0,0.0,0.0,0.0,0.0,0.0,0.0,0.0,0.0,0.0,0.0,0.0,0.0
41000,4680,2388,0.5102564102564102,1086,999,0.44551282051282054,1361,0.5816239316239317,0.4060000000000001,2.932809773123909,3.0545971923387465,6.459752321981425,2.186524151330644,8370.093846153844,506.59338523329535,7853.0,8866.4,8866.399999999998,1.8189894035458565e-12,7853.0,0.0,28.431837606837608,21.134814799832082,33.41920731707317,19.340001223865873,0.13696581196581198,0.0955128205128205,0.0920940170940171,0.09145299145299145,0.07884615384615384,0.0732905982905983,0.06538461538461539,0.06431623931623931,0.05790598290598291,0.05363247863247863,0.04871794871794872,0.04551282051282051,0.03076923076923077,0.024786324786324785,0.019230769230769232,0.013675213675213675,0.007905982905982906,0.9120634222641969,0.022560162569604483,0.0,0.0,0.0,0.0,0.0,0.0,0.0,0.0,0.0,0.0,0.0,0.0,0.0,0.0,0.0,0.0,0.0,0.0,0.0,0.0,0.0,0.0,0.0,0.0,0.012820512820512824,0.6474358974358976,7.942307692307694,16.282051282051285,4.865384615384616,0.25000000000000006,4.207269155206287,2.861333502436551,nan,nan,nan,4.136869679109365,2.84831482446561,4.277668631303209,2.8725684173908967,1.0340351432642076,0.3923,0.01143,0.0,0.0,0.0,0.0,0.0,0.0,0.0,0.0,0.0,0.0,0.29487179487179493,22.10897435897433,7.596153846153848,0.0,0.0,0.0,0.0,0.0,0.0,0.0,0.0,0.0,0.0,0.0,0.0,0.0,0.0,0.0,0.0,0.0,nan,nan,4.207269155206287,2.861333502436551,nan,0.3923,0.05795,0.0,0.0,0.0,0.0,0.0,0.0,0.0,0.0,0.0,0.0,0.0,0.0,0.0,0.0,0.0,0.0,0.0,0.0,3.205128205128205e-05,0.0,1.0683760683760684e-05,6.41025641025641e-05,0.0,0.0004487179487179487,0.0016025641025641025,0.002745726495726496,0.009401709401709401,0.007371794871794872,0.02560897435897436,0.00858974358974359,0.015886752136752138,0.028685897435897435,0.03524572649572649,0.04846153846153846,0.016079059829059827,0.04885683760683761,0.051944444444444446,0.06875,0.08751068376068376,0.08612179487179487,0.04947649572649573,0.049241452991452994,0.08568376068376068,0.08072649572649572,0.03210470085470085,0.030021367521367522,0.027264957264957264,0.022724358974358976,0.018824786324786326,0.01745726495726496,0.006303418803418804,0.005256410256410256,0.019893162393162394,0.006121794871794871,0.0009615384615384616,0.0033226495726495727,0.0002884615384615385,5.341880341880342e-05,0.0,0.0008547008547008547,0.0,0.0,0.0,0.0,0.0,0.0,0.0,0.0,0.0,0.0,0.0,0.0,0.0,0.0,0.0,0.0,0.0,0.0,0.0,0.0,0.0,0.0,0.0,0.0,0.0,0.0,0.0,0.0,0.0,0.0,0.0,0.0,0.0,0.0,0.0,0.0,0.0,0.0,0.0,0.0,0.0,nan,nan,4.207269155206287,2.861333502436551,nan,0.9125404260565887,0.022436729462299885,0.0,0.0,0.0,0.0,0.0,0.0,0.0,0.0,0.0,0.0,0.0,0.0,0.0,0.0,0.0,0.0,0.0,0.0,0.0,0.0,0.0,0.0,0.0,0.0,0.0,0.577889447236181,7.851758793969851,16.34422110552764,4.987437185929649,0.23869346733668345,0.9115664392553698,0.02267738122444981,0.0,0.0,0.0,0.0,0.0,0.0,0.0,0.0,0.0,0.0,0.0,0.0,0.0,0.0,0.0,0.0,0.0,0.0,0.0,0.0,0.0,0.0,0.0,0.0,0.026178010471204195,0.7198952879581154,8.036649214659688,16.217277486910998,4.738219895287959,0.26178010471204194,0.3923,0.011665,0.0,0.0,0.0,0.0,0.0,0.0,0.0,0.0,0.0,0.0,0.33919597989949757,21.746231155778865,7.91457286432161,0.0,0.0,0.0,0.0,0.0,0.0,0.0,0.0,0.0,0.0,0.0,0.0,0.0,0.0,0.0,0.0,0.0,0.3923,0.01118,0.0,0.0,0.0,0.0,0.0,0.0,0.0,0.0,0.0,0.0,0.24869109947643983,22.486910994764365,7.264397905759164,0.0,0.0,0.0,0.0,0.0,0.0,0.0,0.0,0.0,0.0,0.0,0.0,0.0,0.0,0.0,0.0,0.0
41100,4749,2498,0.5260054748368077,1184,960,0.4514634659928406,1356,0.5710675931775111,0.4020000000000001,2.9915593069746778,3.0494837650985325,6.484398216939079,2.0506535693125048,8386.053948199622,506.0141889456179,7853.0,8866.4,8866.4,0.0,7853.0,0.0,28.838702884817856,21.12109719616379,33.66227634194831,19.325736823329386,0.13160665403242788,0.09749420930722258,0.08865024215624343,0.08675510633817646,0.07980627500526427,0.07222573173299641,0.07096230785428512,0.06190777005685408,0.05853863971362392,0.05622236260265319,0.05137923773425984,0.04190355864392504,0.03621815118972415,0.027584754685196885,0.02021478205938092,0.010317961676142346,0.0082122552116235,0.912987332089019,0.023040087264140544,0.0,0.0,0.0,0.0,0.0,0.0,0.0,0.0,0.0,0.0,0.0,0.0,0.0,0.0,0.0,0.0,0.0,0.0,0.0,0.0,0.0,0.0,0.0,0.0,0.0,0.6822488945041063,7.915350600126344,15.641187618445992,5.420088439671511,0.34112444725205315,4.198336532309661,2.8704726711320445,nan,nan,nan,4.24189364461738,2.8647386290572907,4.158559696778269,2.874419550964056,0.9803545409619463,0.3918,0.01188,0.0,0.0,0.0,0.0,0.0,0.0,0.0,0.0,0.0,0.0,0.4611497157296274,22.26152874289321,7.277321541377134,0.0,0.0,0.0,0.0,0.0,0.0,0.0,0.0,0.0,0.0,0.0,0.0,0.0,0.0,0.0,0.0,0.0,nan,nan,4.198336532309661,2.8704726711320445,nan,0.3918,0.0582,0.0,0.0,0.0,0.0,0.0,0.0,0.0,0.0,0.0,0.0,0.0,0.0,0.0,0.0,0.0,0.0,0.0,0.0,0.00014739945251631922,0.0,0.0,4.2114129290376924e-05,1.0528532322594231e-05,8.422825858075385e-05,0.001600336913034323,0.002979574647294167,0.009486207622657401,0.007970098968203833,0.026721415034744157,0.009380922299431459,0.015961255001052853,0.028363866077068856,0.0361339229311434,0.047073068014318806,0.01607706885660139,0.04855759107180459,0.053842914297746895,0.07322594230364288,0.08710254790482207,0.0843124868393346,0.04925247420509581,0.0470835965466414,0.08330174773636555,0.07958517582648979,0.032733206990945465,0.030248473362813225,0.026268688144872605,0.02187829016635081,0.018772373131185512,0.01808801853021689,0.006906717203621815,0.0043377553169088225,0.02147820593809223,0.006043377553169089,0.0006948831332912192,0.0030111602442619498,0.00027374184038745,6.317119393556538e-05,0.0,0.0009054537797431038,0.0,0.0,0.0,0.0,0.0,0.0,0.0,0.0,0.0,0.0,0.0,0.0,0.0,0.0,0.0,0.0,0.0,0.0,0.0,0.0,0.0,0.0,0.0,0.0,0.0,0.0,0.0,0.0,0.0,0.0,0.0,0.0,0.0,0.0,0.0,0.0,0.0,0.0,0.0,0.0,0.0,nan,nan,4.198336532309661,2.8704726711320445,nan,0.9130457937240218,0.02326574601967054,0.0,0.0,0.0,0.0,0.0,0.0,0.0,0.0,0.0,0.0,0.0,0.0,0.0,0.0,0.0,0.0,0.0,0.0,0.0,0.0,0.0,0.0,0.0,0.0,0.0,0.756605284227382,7.79423538831065,15.564451561249003,5.5364291433146535,0.34827862289831873,0.9129224555167237,0.02278687581691364,0.0,0.0,0.0,0.0,0.0,0.0,0.0,0.0,0.0,0.0,0.0,0.0,0.0,0.0,0.0,0.0,0.0,0.0,0.0,0.0,0.0,0.0,0.0,0.0,0.0,0.5997334517992005,8.049755664149268,15.726343847179034,5.290981785872946,0.3331852509995558,0.3918,0.012024,0.0,0.0,0.0,0.0,0.0,0.0,0.0,0.0,0.0,0.0,0.624499599679744,21.965572457966342,7.409927942353884,0.0,0.0,0.0,0.0,0.0,0.0,0.0,0.0,0.0,0.0,0.0,0.0,0.0,0.0,0.0,0.0,0.0,0.392,0.01172,0.0,0.0,0.0,0.0,0.0,0.0,0.0,0.0,0.0,0.0,0.27987561083962686,22.589960017769847,7.130164371390495,0.0,0.0,0.0,0.0,0.0,0.0,0.0,0.0,0.0,0.0,0.0,0.0,0.0,0.0,0.0,0.0,0.0
41200,4651,2406,0.5173081057837025,1074,957,0.43668028380993335,1288,0.5538593850784778,0.4220000000000001,2.9407572383073495,3.1342010709419212,6.698019801980198,2.1355615517989817,8377.240034401204,506.3963242295548,7853.0,8866.4,8866.4,0.0,7853.0,0.0,27.361427649967748,20.884100524652773,32.53521491455204,19.152341855309125,0.14792517738120833,0.10707374758116533,0.09202322081272844,0.0870780477316706,0.0829929047516663,0.07310255858955063,0.06579230273059557,0.0559019565684799,0.05826703934637712,0.05138679853794883,0.04536658783057407,0.03999139969898947,0.0354762416684584,0.0245108578800258,0.017200602021070738,0.010750376263169211,0.005160180606321221,0.9125338335289439,0.022993498802851804,0.0,0.0,0.0,0.0,0.0,0.0,0.0,0.0,0.0,0.0,0.0,0.0,0.0,0.0,0.0,0.0,0.0,0.0,0.0,0.0,0.0,0.0,0.0,0.0,0.0,0.7482261879165772,7.946678133734682,15.738550849279727,5.282734895721351,0.28380993334766724,4.308873720136519,2.9090578376554714,nan,nan,nan,4.372203389830508,2.9380796609734388,4.243466299862448,2.8785375855211095,0.9705555578069641,0.392,0.01155,0.0,0.0,0.0,0.0,0.0,0.0,0.0,0.0,0.0,0.0,0.3612126424424856,22.575790152655312,7.062997204902173,0.0,0.0,0.0,0.0,0.0,0.0,0.0,0.0,0.0,0.0,0.0,0.0,0.0,0.0,0.0,0.0,0.0,nan,nan,4.308873720136519,2.9090578376554714,nan,0.392,0.0585,0.0,0.0,0.0,0.0,0.0,0.0,0.0,0.0,0.0,0.0,0.0,0.0,0.0,0.0,0.0,0.0,0.0,0.0,6.450225757901526e-05,0.0,2.150075252633842e-05,0.0,0.0,2.150075252633842e-05,0.002128574500107504,0.003999139969898946,0.009718340141904966,0.008890561169640937,0.024489357127499462,0.010266609331326596,0.01674908621801763,0.0295742850999785,0.03391743711029886,0.045484841969468934,0.01714685013975489,0.047677918727155454,0.05225757901526554,0.07209202322081273,0.08576650182756397,0.08526123414319502,0.05151580305310686,0.04922597290905182,0.08357342506987744,0.07907976779187272,0.03090733175661148,0.030466566329821542,0.02794022790797678,0.021425499892496237,0.017598365942808,0.01825413889486132,0.006815738550849279,0.004396903891636207,0.021339496882390882,0.006783487422059772,0.0006557729520533219,0.0027950978284239946,0.0005052676843689529,0.0003117609116319071,0.0,0.0008815308535798753,0.0,0.0,0.0,0.0,0.0,0.0,0.0,0.0,0.0,0.0,0.0,0.0,0.0,0.0,0.0,0.0,0.0,0.0,0.0,0.0,0.0,0.0,0.0,0.0,0.0,0.0,0.0,0.0,0.0,0.0,0.0,0.0,0.0,0.0,0.0,0.0,0.0,0.0,0.0,0.0,0.0,nan,nan,4.308873720136519,2.9090578376554714,nan,0.911557540681495,0.022991396559297776,0.0,0.0,0.0,0.0,0.0,0.0,0.0,0.0,0.0,0.0,0.0,0.0,0.0,0.0,0.0,0.0,0.0,0.0,0.0,0.0,0.0,0.0,0.0,0.0,0.0,0.7605985037406485,8.291770573566087,15.685785536159605,4.950124688279303,0.31172069825436416,0.9135801411418447,0.022949691265299742,0.0,0.0,0.0,0.0,0.0,0.0,0.0,0.0,0.0,0.0,0.0,0.0,0.0,0.0,0.0,0.0,0.0,0.0,0.0,0.0,0.0,0.0,0.0,0.0,0.0,0.7349665924276171,7.57683741648107,15.795100222717153,5.639198218262808,0.2538975501113586,0.3918,0.01149,0.0,0.0,0.0,0.0,0.0,0.0,0.0,0.0,0.0,0.0,0.374064837905237,22.680798004987498,6.945137157107234,0.0,0.0,0.0,0.0,0.0,0.0,0.0,0.0,0.0,0.0,0.0,0.0,0.0,0.0,0.0,0.0,0.0,0.392,0.01161,0.0,0.0,0.0,0.0,0.0,0.0,0.0,0.0,0.0,0.0,0.34743875278396447,22.463251670378586,7.1893095768374184,0.0,0.0,0.0,0.0,0.0,0.0,0.0,0.0,0.0,0.0,0.0,0.0,0.0,0.0,0.0,0.0,0.0
41300,4818,2438,0.5060190950601909,1112,1009,0.4402241594022416,1385,0.5749273557492736,0.4060000000000001,2.907563025210084,2.976071508579571,6.331360946745562,2.013921646029126,8365.799750933997,506.6632836890226,7853.0,8866.4,8866.399999999998,1.8189894035458565e-12,7853.0,0.0,28.242839352428394,21.154337469288937,33.10974409448819,19.457119305457212,0.13636363636363635,0.10107928601079286,0.09194686591946866,0.08904109589041095,0.08073889580738895,0.07638024076380241,0.06787048567870485,0.0589456205894562,0.056247405562474054,0.04960564549605646,0.0502283105022831,0.041718555417185554,0.030925695309256953,0.029887920298879204,0.019717725197177252,0.013075965130759652,0.0062266500622665,0.9114078404795535,0.02248395256528318,0.0,0.0,0.0,0.0,0.0,0.0,0.0,0.0,0.0,0.0,0.0,0.0,0.0,0.0,0.0,0.0,0.0,0.0,0.0,0.0,0.0,0.0,0.0,0.0,0.006226650062266502,0.7222914072229143,8.486924034869242,15.890410958904113,4.638854296388543,0.25529265255292655,4.234329797492768,2.7538099949248114,nan,nan,nan,4.25031847133758,2.7357767490913805,4.218040233614536,2.771967124644051,0.9924056896110927,0.3918,0.01144,0.0,0.0,0.0,0.0,0.0,0.0,0.0,0.0,0.0,0.0,0.47322540473225416,22.447073474470702,7.073474470734746,0.006226650062266502,0.0,0.0,0.0,0.0,0.0,0.0,0.0,0.0,0.0,0.0,0.0,0.0,0.0,0.0,0.0,0.0,nan,nan,4.234329797492768,2.7538099949248114,nan,0.3918,0.059,0.0,0.0,0.0,0.0,0.0,0.0,0.0,0.0,0.0,0.0,0.0,0.0,0.0,0.0,0.0,0.0,0.0,0.0,0.00015566625155666251,0.0,1.0377750103777502e-05,4.1511000415110007e-05,4.1511000415110007e-05,8.302200083022001e-05,0.0024491490244914903,0.005002075550020755,0.010097550850975509,0.008416355334163553,0.02504151100041511,0.009703196347031963,0.017995018679950188,0.025965130759651307,0.03550228310502283,0.047301784973017846,0.016261934412619344,0.046201743462017435,0.055136986301369866,0.070568700705687,0.0829804898298049,0.0864362806143628,0.0523972602739726,0.04922166874221669,0.08318804483188044,0.07810294728102947,0.028756745537567456,0.0324719800747198,0.025633042756330427,0.021212121212121213,0.01872146118721461,0.019779991697799915,0.008520132835201328,0.003787878787878788,0.020693233706932337,0.006465338314653383,0.00099626400996264,0.0029472810294728104,0.00046699875466998757,0.0002801992528019925,2.0755500207555003e-05,0.0009443752594437526,0.0,0.0,0.0,0.0,0.0,0.0,0.0,0.0,0.0,0.0,0.0,0.0,0.0,0.0,0.0,0.0,0.0,0.0,0.0,0.0,0.0,0.0,0.0,0.0,0.0,0.0,0.0,0.0,0.0,0.0,0.0,0.0,0.0,0.0,0.0,0.0,0.0,0.0,0.0,0.0,0.0,nan,nan,4.234329797492768,2.7538099949248114,nan,0.9115865135945875,0.02257768794103904,0.0,0.0,0.0,0.0,0.0,0.0,0.0,0.0,0.0,0.0,0.0,0.0,0.0,0.0,0.0,0.0,0.0,0.0,0.0,0.0,0.0,0.0,0.0,0.0,0.012305168170631669,0.7629204265791635,8.305988515176375,15.972108285479905,4.626743232157507,0.31993437243642336,0.9112248131457497,0.022386047383175407,0.0,0.0,0.0,0.0,0.0,0.0,0.0,0.0,0.0,0.0,0.0,0.0,0.0,0.0,0.0,0.0,0.0,0.0,0.0,0.0,0.0,0.0,0.0,0.0,0.0,0.6806722689075633,8.672268907563026,15.806722689075633,4.651260504201681,0.1890756302521009,0.3916,0.01149,0.0,0.0,0.0,0.0,0.0,0.0,0.0,0.0,0.0,0.0,0.46759639048400337,22.592288761279704,6.940114848236261,0.0,0.0,0.0,0.0,0.0,0.0,0.0,0.0,0.0,0.0,0.0,0.0,0.0,0.0,0.0,0.0,0.0,0.3923,0.01136,0.0,0.0,0.0,0.0,0.0,0.0,0.0,0.0,0.0,0.0,0.47899159663865554,22.298319327731058,7.210084033613447,0.012605042016806726,0.0,0.0,0.0,0.0,0.0,0.0,0.0,0.0,0.0,0.0,0.0,0.0,0.0,0.0,0.0,0.0
41400,4704,2415,0.5133928571428571,1121,974,0.4453656462585034,1323,0.5625,0.4060000000000001,2.9571865443425076,3.07683776957196,6.580696202531645,2.0344674347725835,8373.27232142857,506.51819522208615,7853.0,8866.4,8866.4,0.0,7853.0,0.0,28.203018707482993,20.921729730139678,33.28027418126428,19.068565752936173,0.14158163265306123,0.10012755102040816,0.08758503401360544,0.08035714285714286,0.08078231292517007,0.07695578231292517,0.07185374149659864,0.06441326530612244,0.059098639455782316,0.046556122448979595,0.05335884353741496,0.042091836734693876,0.03571428571428571,0.0274234693877551,0.015731292517006803,0.008928571428571428,0.00744047619047619,0.9118239381762386,0.022843022571497874,0.0,0.0,0.0,0.0,0.0,0.0,0.0,0.0,0.0,0.0,0.0,0.0,0.0,0.0,0.0,0.0,0.0,0.0,0.0,0.0,0.0,0.0,0.0,0.0,0.0,0.6887755102040818,8.48214285714286,15.688775510204085,4.872448979591837,0.2678571428571429,4.281352593565331,2.857520564728197,nan,nan,nan,4.260754467240238,2.853500264418879,4.301628664495114,2.86132767164482,1.0095931829841749,0.3916,0.011856,0.0,0.0,0.0,0.0,0.0,0.0,0.0,0.0,0.0,0.0,0.4145408163265307,22.264030612244866,7.3150510204081645,0.006377551020408165,0.0,0.0,0.0,0.0,0.0,0.0,0.0,0.0,0.0,0.0,0.0,0.0,0.0,0.0,0.0,0.0,nan,nan,4.281352593565331,2.857520564728197,nan,0.3916,0.05875,0.0,0.0,0.0,0.0,0.0,0.0,0.0,0.0,0.0,0.0,0.0,0.0,0.0,0.0,0.0,0.0,0.0,0.0,0.00025510204081632655,0.0,0.0,5.314625850340136e-05,4.2517006802721085e-05,9.566326530612244e-05,0.002625425170068027,0.004443027210884354,0.0101828231292517,0.00855654761904762,0.02497874149659864,0.009683248299319727,0.017006802721088437,0.025616496598639456,0.0365327380952381,0.0477359693877551,0.014625850340136054,0.04739583333333333,0.05678146258503401,0.06903698979591837,0.08616071428571428,0.08730867346938775,0.05001062925170068,0.05074404761904762,0.08180272108843538,0.07748724489795919,0.030622874149659866,0.03157950680272109,0.026105442176870747,0.01965348639455782,0.018494897959183673,0.02072704081632653,0.008917942176870749,0.0034545068027210884,0.02000425170068027,0.00547406462585034,0.001094812925170068,0.0032100340136054424,0.0003720238095238095,0.00017006802721088434,2.1258503401360543e-05,0.0009353741496598639,0.0,0.0,0.0,0.0,0.0,0.0,0.0,0.0,0.0,0.0,0.0,0.0,0.0,0.0,0.0,0.0,0.0,0.0,0.0,0.0,0.0,0.0,0.0,0.0,0.0,0.0,0.0,0.0,0.0,0.0,0.0,0.0,0.0,0.0,0.0,0.0,0.0,0.0,0.0,0.0,0.0,nan,nan,4.281352593565331,2.857520564728197,nan,0.9112721808948873,0.022799992161623754,0.0,0.0,0.0,0.0,0.0,0.0,0.0,0.0,0.0,0.0,0.0,0.0,0.0,0.0,0.0,0.0,0.0,0.0,0.0,0.0,0.0,0.0,0.0,0.0,0.0,0.7080745341614909,8.67080745341615,15.739130434782611,4.621118012422361,0.26086956521739135,0.9124060674180313,0.022873910061356858,0.0,0.0,0.0,0.0,0.0,0.0,0.0,0.0,0.0,0.0,0.0,0.0,0.0,0.0,0.0,0.0,0.0,0.0,0.0,0.0,0.0,0.0,0.0,0.0,0.0,0.6684141546526868,8.283093053735257,15.635648754914813,5.137614678899084,0.2752293577981652,0.3916,0.01186,0.0,0.0,0.0,0.0,0.0,0.0,0.0,0.0,0.0,0.0,0.4347826086956523,22.310559006211147,7.242236024844722,0.012422360248447208,0.0,0.0,0.0,0.0,0.0,0.0,0.0,0.0,0.0,0.0,0.0,0.0,0.0,0.0,0.0,0.0,0.3918,0.01185,0.0,0.0,0.0,0.0,0.0,0.0,0.0,0.0,0.0,0.0,0.39318479685452173,22.21494102228044,7.391874180865008,0.0,0.0,0.0,0.0,0.0,0.0,0.0,0.0,0.0,0.0,0.0,0.0,0.0,0.0,0.0,0.0,0.0
41500,4760,2474,0.5197478991596639,1147,996,0.45021008403361346,1363,0.5726890756302521,0.4020000000000001,2.9973753280839897,3.0599138429284984,6.4597875569044,2.14132132362558,8379.712521008401,506.30464051091616,7853.0,8866.4,8866.4,0.0,7853.0,0.0,28.681932773109242,20.98533124248519,33.62201195219124,19.111268696012097,0.1361344537815126,0.09012605042016807,0.08991596638655462,0.09012605042016807,0.07857142857142857,0.07626050420168068,0.06785714285714285,0.06491596638655463,0.05588235294117647,0.056932773109243696,0.05126050420168067,0.041176470588235294,0.041176470588235294,0.025,0.015336134453781512,0.011764705882352941,0.007563025210084034,0.9108033579562892,0.022829308120204995,0.0,0.0,0.0,0.0,0.0,0.0,0.0,0.0,0.0,0.0,0.0,0.0,0.0,0.0,0.0,0.0,0.0,0.0,0.0,0.0,0.0,0.0,0.0,0.0,0.018907563025210086,0.8130252100840338,8.703781512605044,15.655462184873953,4.607142857142858,0.20168067226890762,4.221405750798722,2.87500886592307,nan,nan,nan,4.180064308681672,2.811046422497061,4.262222222222222,2.936221762117359,1.019654700854701,0.3916,0.01179,0.0,0.0,0.0,0.0,0.0,0.0,0.0,0.0,0.0,0.0,0.346638655462185,22.588235294117613,7.058823529411766,0.006302521008403363,0.0,0.0,0.0,0.0,0.0,0.0,0.0,0.0,0.0,0.0,0.0,0.0,0.0,0.0,0.0,0.0,nan,nan,4.221405750798722,2.87500886592307,nan,0.3916,0.05838,0.0,0.0,0.0,0.0,0.0,0.0,0.0,0.0,0.0,0.0,0.0,0.0,0.0,0.0,0.0,0.0,0.0,0.0,0.0002941176470588235,0.0,0.0,0.00011554621848739496,6.302521008403361e-05,3.1512605042016806e-05,0.002342436974789916,0.0046743697478991595,0.009453781512605041,0.00846638655462185,0.023109243697478993,0.00953781512605042,0.01672268907563025,0.027237394957983194,0.03593487394957983,0.04883403361344538,0.016218487394957983,0.0475,0.05851890756302521,0.07065126050420167,0.08550420168067227,0.08902310924369748,0.047563025210084035,0.0510609243697479,0.07728991596638655,0.08012605042016807,0.031985294117647056,0.029380252100840335,0.02616596638655462,0.021376050420168068,0.01852941176470588,0.020777310924369748,0.00796218487394958,0.004233193277310925,0.01841386554621849,0.0051575630252100844,0.0009033613445378151,0.0030567226890756303,0.0004201680672268908,0.00025210084033613445,0.0,0.0011134453781512605,0.0,0.0,0.0,0.0,0.0,0.0,0.0,0.0,0.0,0.0,0.0,0.0,0.0,0.0,0.0,0.0,0.0,0.0,0.0,0.0,0.0,0.0,0.0,0.0,0.0,0.0,0.0,0.0,0.0,0.0,0.0,0.0,0.0,0.0,0.0,0.0,0.0,0.0,0.0,0.0,0.0,nan,nan,4.221405750798722,2.87500886592307,nan,0.9103728533513911,0.022889771338086444,0.0,0.0,0.0,0.0,0.0,0.0,0.0,0.0,0.0,0.0,0.0,0.0,0.0,0.0,0.0,0.0,0.0,0.0,0.0,0.0,0.0,0.0,0.0,0.0,0.012126111560226357,0.8124494745351659,9.009700889248183,15.363783346806793,4.571544058205336,0.23039611964430076,0.9112692671393681,0.02275451608026666,0.0,0.0,0.0,0.0,0.0,0.0,0.0,0.0,0.0,0.0,0.0,0.0,0.0,0.0,0.0,0.0,0.0,0.0,0.0,0.0,0.0,0.0,0.0,0.0,0.026246719160104993,0.8136482939632548,8.372703412073493,15.971128608923888,4.645669291338583,0.17060367454068245,0.3914,0.011696,0.0,0.0,0.0,0.0,0.0,0.0,0.0,0.0,0.0,0.0,0.2789005658852062,22.57881972514144,7.130153597413098,0.012126111560226357,0.0,0.0,0.0,0.0,0.0,0.0,0.0,0.0,0.0,0.0,0.0,0.0,0.0,0.0,0.0,0.0,0.3916,0.01188,0.0,0.0,0.0,0.0,0.0,0.0,0.0,0.0,0.0,0.0,0.4199475065616799,22.59842519685036,6.981627296587928,0.0,0.0,0.0,0.0,0.0,0.0,0.0,0.0,0.0,0.0,0.0,0.0,0.0,0.0,0.0,0.0,0.0
41600,4654,2444,0.5251396648044693,1185,943,0.45724108293940696,1279,0.5496347228190803,0.4220000000000001,3.001809954751131,3.1342504902812895,6.633116883116883,2.2494892694456943,8385.176536312849,506.0591231244625,7853.0,8866.4,8866.4,0.0,7853.0,0.0,27.708422862054146,20.74588578316656,32.8624871001032,18.90118583614466,0.14782982380747745,0.0923936398796734,0.08852599914052428,0.09303824666953159,0.0842286205414697,0.07541899441340782,0.06725397507520413,0.06768371293510958,0.05371723248818221,0.050709067468844,0.050494198538891276,0.039965620971207566,0.028792436613665665,0.02621400945423292,0.017404383326171037,0.00923936398796734,0.007090674688440051,0.9112057091726681,0.022436304778447644,0.0,0.0,0.0,0.0,0.0,0.0,0.0,0.0,0.0,0.0,0.0,0.0,0.0,0.0,0.0,0.0,0.0,0.0,0.0,0.0,0.0,0.0,0.0,0.0,0.0,0.6446067898581866,8.747314138375593,15.567253975075207,4.795874516544909,0.24495058014611093,4.217362491716369,2.940395863621519,nan,nan,nan,4.250326797385621,2.926007433525521,4.183467741935484,2.954733912029119,0.9842696671015363,0.3914,0.012215,0.0,0.0,0.0,0.0,0.0,0.0,0.0,0.0,0.0,0.0,0.5543618392780405,22.419424151267695,7.019767941555653,0.006446067898581867,0.0,0.0,0.0,0.0,0.0,0.0,0.0,0.0,0.0,0.0,0.0,0.0,0.0,0.0,0.0,0.0,nan,nan,4.217362491716369,2.940395863621519,nan,0.3914,0.05832,0.0,0.0,0.0,0.0,0.0,0.0,0.0,0.0,0.0,0.0,0.0,0.0,0.0,0.0,0.0,0.0,0.0,0.0,0.00026858616244091106,2.1486892995272882e-05,0.0,0.00022561237645036527,6.446067898581865e-05,0.0,0.002503223033949291,0.004469273743016759,0.009228620541469704,0.00912118607649334,0.023238074774387624,0.01032445208422862,0.016072195960464115,0.026890846583584014,0.03596905887408681,0.04741082939406962,0.01615814353244521,0.04692737430167598,0.06142028362698754,0.07249677696605071,0.08619467125053717,0.08518478727975935,0.0517404383326171,0.05146110872367855,0.07807262569832402,0.0775354533734422,0.03155350236355823,0.02717017619252256,0.026686721100128923,0.019585302965191235,0.01781263429308122,0.02161581435324452,0.009432746024924795,0.0038354103996562096,0.01836055006446068,0.0057692307692307696,0.0006231198968629136,0.002986678126342931,0.0002578427159432746,0.0002578427159432746,1.0743446497636441e-05,0.001042114310270735,0.0,0.0,0.0,0.0,0.0,0.0,0.0,0.0,0.0,0.0,0.0,0.0,0.0,0.0,0.0,0.0,0.0,0.0,0.0,0.0,0.0,0.0,0.0,0.0,0.0,0.0,0.0,0.0,0.0,0.0,0.0,0.0,0.0,0.0,0.0,0.0,0.0,0.0,0.0,0.0,0.0,nan,nan,4.217362491716369,2.940395863621519,nan,0.9115706207611752,0.022430842608512847,0.0,0.0,0.0,0.0,0.0,0.0,0.0,0.0,0.0,0.0,0.0,0.0,0.0,0.0,0.0,0.0,0.0,0.0,0.0,0.0,0.0,0.0,0.0,0.0,0.0,0.5646481178396073,8.629296235679217,15.748772504091656,4.8486088379705405,0.20867430441898532,0.9108021598865543,0.022435433605254986,0.0,0.0,0.0,0.0,0.0,0.0,0.0,0.0,0.0,0.0,0.0,0.0,0.0,0.0,0.0,0.0,0.0,0.0,0.0,0.0,0.0,0.0,0.0,0.0,0.0,0.733031674208145,8.877828054298645,15.366515837104076,4.737556561085974,0.28506787330316746,0.3914,0.01213,0.0,0.0,0.0,0.0,0.0,0.0,0.0,0.0,0.0,0.0,0.47872340425531923,22.450900163666088,7.058101472995092,0.012274959083469724,0.0,0.0,0.0,0.0,0.0,0.0,0.0,0.0,0.0,0.0,0.0,0.0,0.0,0.0,0.0,0.0,0.391,0.01231,0.0,0.0,0.0,0.0,0.0,0.0,0.0,0.0,0.0,0.0,0.6380090497737557,22.38461538461535,6.977375565610862,0.0,0.0,0.0,0.0,0.0,0.0,0.0,0.0,0.0,0.0,0.0,0.0,0.0,0.0,0.0,0.0,0.0
41700,4919,2537,0.5157552348038219,1182,1006,0.44480585484854646,1391,0.5655621061191299,0.4060000000000001,2.9710327455919394,3.0966112717558163,6.611028315946348,2.1367127943448865,8375.666354950192,506.4483838552595,7853.0,8866.4,8866.4,0.0,7853.0,0.0,27.798942874568002,20.75305268806843,32.76048484848485,18.98638337610183,0.14128887985362878,0.10205326285830453,0.09005895507216914,0.0904655417767839,0.07745476722911161,0.07338890018296401,0.07521854035373043,0.06017483228298435,0.05590567188452938,0.051026631429152265,0.04818052449684895,0.041471843870705426,0.037202683472250454,0.024801788981500306,0.015653588127668226,0.010367960967676356,0.005285627159991868,0.9106324441332623,0.02269575678428812,0.0,0.0,0.0,0.0,0.0,0.0,0.0,0.0,0.0,0.0,0.0,0.0,0.0,0.0,0.0,0.0,0.0,0.0,0.0,0.0,0.0,0.0,0.0,0.0,0.006098800569221388,0.8050416751372232,8.513925594633056,15.765399471437288,4.720471640577354,0.18906281764586302,4.326886493341788,2.8938074846472728,nan,nan,nan,4.343415248897291,2.849494885466642,4.31014677728143,2.937909760826163,0.9923404810018321,0.3918,0.01199,0.0,0.0,0.0,0.0,0.0,0.0,0.0,0.0,0.0,0.0,0.45741004269160407,22.205732872535034,7.330758284204108,0.006098800569221388,0.0,0.0,0.0,0.0,0.0,0.0,0.0,0.0,0.0,0.0,0.0,0.0,0.0,0.0,0.0,0.0,nan,nan,4.326886493341788,2.8938074846472728,nan,0.3918,0.05865,0.0,0.0,0.0,0.0,0.0,0.0,0.0,0.0,0.0,0.0,0.0,0.0,0.0,0.0,0.0,0.0,0.0,0.0,0.0002744460256149624,0.0,0.0,0.00038625736938402113,0.0001321406789997967,2.0329335230737956e-05,0.0026021549095344584,0.004807887782069527,0.008863590160601748,0.009107542183370603,0.02307379548688758,0.010286643626753406,0.01600935149420614,0.025106729009961373,0.03689774344378939,0.04737751575523481,0.016578572880666803,0.04543606424069933,0.05973775157552348,0.07360235820288677,0.0835840618011791,0.08311648709087213,0.05280544826184184,0.05020329335230738,0.08201870298841228,0.07843057532018703,0.033340109778410246,0.027658060581418988,0.024608660296808294,0.020115877210815206,0.016914006911973978,0.02154909534458223,0.010469607643830047,0.0048383817849156335,0.01809310835535678,0.006312258589144135,0.0009859727586907909,0.003110388290302907,0.00014230534661516567,0.0003252693636918073,5.0823338076844885e-05,0.0010266314291522667,0.0,0.0,0.0,0.0,0.0,0.0,0.0,0.0,0.0,0.0,0.0,0.0,0.0,0.0,0.0,0.0,0.0,0.0,0.0,0.0,0.0,0.0,0.0,0.0,0.0,0.0,0.0,0.0,0.0,0.0,0.0,0.0,0.0,0.0,0.0,0.0,0.0,0.0,0.0,0.0,0.0,nan,nan,4.326886493341788,2.8938074846472728,nan,0.9105893496833639,0.021978650212519567,0.0,0.0,0.0,0.0,0.0,0.0,0.0,0.0,0.0,0.0,0.0,0.0,0.0,0.0,0.0,0.0,0.0,0.0,0.0,0.0,0.0,0.0,0.0,0.0,0.011824990145841548,0.733149389042176,8.49034292471423,16.011036657469454,4.647221127315728,0.10642491131257392,0.9106783427979944,0.02343532053941997,0.0,0.0,0.0,0.0,0.0,0.0,0.0,0.0,0.0,0.0,0.0,0.0,0.0,0.0,0.0,0.0,0.0,0.0,0.0,0.0,0.0,0.0,0.0,0.0,0.0,0.8816120906801009,8.539042821158692,15.50377833753149,4.798488664987406,0.27707808564231745,0.3916,0.01193,0.0,0.0,0.0,0.0,0.0,0.0,0.0,0.0,0.0,0.0,0.496649586125345,22.27828143476544,7.225068979109185,0.0,0.0,0.0,0.0,0.0,0.0,0.0,0.0,0.0,0.0,0.0,0.0,0.0,0.0,0.0,0.0,0.0,0.392,0.01206,0.0,0.0,0.0,0.0,0.0,0.0,0.0,0.0,0.0,0.0,0.41561712846347615,22.128463476070497,7.443324937027709,0.012594458438287156,0.0,0.0,0.0,0.0,0.0,0.0,0.0,0.0,0.0,0.0,0.0,0.0,0.0,0.0,0.0,0.0
41800,4980,2518,0.5056224899598394,1183,1048,0.44799196787148593,1444,0.5799196787148594,0.4020000000000001,2.891145410235581,2.9725816492113246,6.283727399165508,2.1169294459091486,8365.397831325301,506.6679629877819,7853.0,8866.4,8866.399999999998,1.8189894035458565e-12,7853.0,0.0,27.91726907630522,20.94515651163953,32.93047230879885,19.194819669027392,0.13855421686746988,0.0963855421686747,0.09618473895582329,0.09377510040160643,0.08092369477911647,0.07208835341365462,0.07088353413654619,0.059839357429718874,0.056626506024096385,0.05321285140562249,0.04477911646586345,0.03955823293172691,0.03493975903614458,0.025903614457831327,0.018072289156626505,0.010642570281124497,0.007630522088353414,0.9104555409596148,0.02232507569815914,0.0,0.0,0.0,0.0,0.0,0.0,0.0,0.0,0.0,0.0,0.0,0.0,0.0,0.0,0.0,0.0,0.0,0.0,0.0,0.0,0.0,0.0,0.0,0.0,0.00602409638554217,0.740963855421687,8.789156626506026,15.873493975903617,4.427710843373495,0.1626506024096386,4.189708617482951,2.800999418997873,nan,nan,nan,4.203293223559215,2.8697437702125117,4.176684881602914,2.7334071583008126,0.9936696441240019,0.3916,0.0119,0.0,0.0,0.0,0.0,0.0,0.0,0.0,0.0,0.0,0.0,0.4397590361445784,22.379518072289123,7.174698795180724,0.00602409638554217,0.0,0.0,0.0,0.0,0.0,0.0,0.0,0.0,0.0,0.0,0.0,0.0,0.0,0.0,0.0,0.0,nan,nan,4.189708617482951,2.800999418997873,nan,0.3916,0.05887,0.0,0.0,0.0,0.0,0.0,0.0,0.0,0.0,0.0,0.0,0.0,0.0,0.0,0.0,0.0,0.0,0.0,0.0,9.036144578313253e-05,0.0,0.0,0.0002710843373493976,6.0240963855421684e-05,0.00034136546184738954,0.0031927710843373492,0.0049899598393574295,0.011265060240963855,0.008985943775100402,0.023704819277108435,0.010943775100401607,0.014497991967871486,0.024929718875502008,0.0360140562248996,0.04821285140562249,0.016455823293172692,0.04188755020080321,0.0606425702811245,0.07272088353413654,0.08336345381526104,0.0836144578313253,0.050150602409638555,0.05328313253012048,0.08140562248995983,0.07789156626506025,0.03443775100401606,0.027238955823293172,0.025451807228915664,0.02153614457831325,0.015251004016064258,0.021706827309236947,0.010441767068273093,0.005642570281124498,0.01892570281124498,0.006255020080321285,0.0006526104417670683,0.0025301204819277107,0.00014056224899598393,0.00017068273092369477,0.0,0.0007028112449799197,0.0,0.0,0.0,0.0,0.0,0.0,0.0,0.0,0.0,0.0,0.0,0.0,0.0,0.0,0.0,0.0,0.0,0.0,0.0,0.0,0.0,0.0,0.0,0.0,0.0,0.0,0.0,0.0,0.0,0.0,0.0,0.0,0.0,0.0,0.0,0.0,0.0,0.0,0.0,0.0,0.0,nan,nan,4.189708617482951,2.800999418997873,nan,0.9108453504238174,0.022235607897809134,0.0,0.0,0.0,0.0,0.0,0.0,0.0,0.0,0.0,0.0,0.0,0.0,0.0,0.0,0.0,0.0,0.0,0.0,0.0,0.0,0.0,0.0,0.0,0.0,0.0119142176330421,0.7863383637807786,8.447180301826847,15.941223193010329,4.65845909451946,0.1548848292295473,0.9100568649925709,0.022409196383554087,0.0,0.0,0.0,0.0,0.0,0.0,0.0,0.0,0.0,0.0,0.0,0.0,0.0,0.0,0.0,0.0,0.0,0.0,0.0,0.0,0.0,0.0,0.0,0.0,0.0,0.6945572705117792,9.138911454102358,15.80422420796101,4.191714053614948,0.17059301380991068,0.3918,0.011856,0.0,0.0,0.0,0.0,0.0,0.0,0.0,0.0,0.0,0.0,0.40508339952343136,22.23193010325652,7.351072279586975,0.0119142176330421,0.0,0.0,0.0,0.0,0.0,0.0,0.0,0.0,0.0,0.0,0.0,0.0,0.0,0.0,0.0,0.0,0.3914,0.01194,0.0,0.0,0.0,0.0,0.0,0.0,0.0,0.0,0.0,0.0,0.4752233956133226,22.530463038180308,6.994313566206338,0.0,0.0,0.0,0.0,0.0,0.0,0.0,0.0,0.0,0.0,0.0,0.0,0.0,0.0,0.0,0.0,0.0
41900,4639,2426,0.5229575339512826,1175,891,0.4453546022849752,1255,0.541064884673421,0.4300000000000001,3.0569362855851785,3.1838403849650816,6.69969040247678,2.270329533124893,8382.965164906229,506.1656073874298,7853.0,8866.4,8866.4,0.0,7853.0,0.0,28.746928217288207,21.169894949994735,33.47818366311517,19.43885301512514,0.1323561112308687,0.09700366458288424,0.09484802759215348,0.07954300495796508,0.07566285837464971,0.079327441258892,0.0767406768700151,0.06100452683768053,0.058633326147876696,0.0541064884673421,0.045268376805345976,0.03923259323129985,0.03190342746281526,0.03255011856003449,0.023927570597111446,0.011856003449019185,0.00603578357404613,0.9097397805776388,0.02312678005824066,0.0,0.0,0.0,0.0,0.0,0.0,0.0,0.0,0.0,0.0,0.0,0.0,0.0,0.0,0.0,0.0,0.0,0.0,0.0,0.0,0.0,0.0,0.0,0.0,0.025867643888769137,1.002371200689804,8.94373787454193,15.527053244233674,4.287561974563484,0.2134080620823454,4.251898316275999,2.9644532979603264,nan,nan,nan,4.263815789473684,2.975692076557575,4.242705570291777,2.951999924664796,0.9950489842375408,0.3916,0.01152,0.0,0.0,0.0,0.0,0.0,0.0,0.0,0.0,0.0,0.0,0.45915067902565215,22.61478766975638,6.919594740245744,0.006466910972192284,0.0,0.0,0.0,0.0,0.0,0.0,0.0,0.0,0.0,0.0,0.0,0.0,0.0,0.0,0.0,0.0,nan,nan,4.251898316275999,2.9644532979603264,nan,0.3916,0.05872,0.0,0.0,0.0,0.0,0.0,0.0,0.0,0.0,0.0,0.0,0.0,0.0,0.0,0.0,0.0,0.0,0.0,0.0,0.0,2.155636990730761e-05,0.0,0.00026945462384134514,4.311273981461522e-05,0.00025867643888769133,0.0026622116835524896,0.004408277646044406,0.01181289070920457,0.009107566285837466,0.024714378098728174,0.01164043974994611,0.014367320543220522,0.024779047208450096,0.03442552274197025,0.049525759862039234,0.015024789825393403,0.04166846303082561,0.06391463677516707,0.07112524250916145,0.08246389308040526,0.08136451821513258,0.052823884457857295,0.05274843716318172,0.08553567579219659,0.07586764388876913,0.03418840267298987,0.028680750161672774,0.02418624703599914,0.02158870446216857,0.014841560681181289,0.020607889631386076,0.010476395774951498,0.006617805561543436,0.01809657253718474,0.00563699073076094,0.0006251347273119207,0.002769993533089028,0.0002155636990730761,0.0002047855141194223,0.0,0.0006898038370338435,0.0,0.0,0.0,0.0,0.0,0.0,0.0,0.0,0.0,0.0,0.0,0.0,0.0,0.0,0.0,0.0,0.0,0.0,0.0,0.0,0.0,0.0,0.0,0.0,0.0,0.0,0.0,0.0,0.0,0.0,0.0,0.0,0.0,0.0,0.0,0.0,0.0,0.0,0.0,0.0,0.0,nan,nan,4.251898316275999,2.9644532979603264,nan,0.9093104004122852,0.022801039292544078,0.0,0.0,0.0,0.0,0.0,0.0,0.0,0.0,0.0,0.0,0.0,0.0,0.0,0.0,0.0,0.0,0.0,0.0,0.0,0.0,0.0,0.0,0.0,0.0,0.024732069249793907,0.9892827699917561,9.200329760923331,15.54410552349547,4.068425391591097,0.17312448474855735,0.910210488341375,0.023469656713946307,0.0,0.0,0.0,0.0,0.0,0.0,0.0,0.0,0.0,0.0,0.0,0.0,0.0,0.0,0.0,0.0,0.0,0.0,0.0,0.0,0.0,0.0,0.0,0.0,0.027112516945323097,1.0167193854496162,8.662449164030729,15.508359692724811,4.527790329868957,0.2575689109805694,0.3916,0.01164,0.0,0.0,0.0,0.0,0.0,0.0,0.0,0.0,0.0,0.0,0.45754328112118725,22.666941467436075,6.863149216817809,0.012366034624896953,0.0,0.0,0.0,0.0,0.0,0.0,0.0,0.0,0.0,0.0,0.0,0.0,0.0,0.0,0.0,0.0,0.3914,0.011375,0.0,0.0,0.0,0.0,0.0,0.0,0.0,0.0,0.0,0.0,0.46091278807049263,22.55761409850878,6.981473113420697,0.0,0.0,0.0,0.0,0.0,0.0,0.0,0.0,0.0,0.0,0.0,0.0,0.0,0.0,0.0,0.0,0.0
42000,4859,2565,0.5278863963778555,1245,984,0.458736365507306,1360,0.5597859641901626,0.4020000000000001,3.02615518744551,3.1353116316174043,6.701996927803379,2.158890952406768,8387.960074089318,505.91131457249116,7853.0,8866.4,8866.4,0.0,7853.0,0.0,28.06606297592097,20.76744187576135,32.898681640625,19.033462469409724,0.13315497015846883,0.09816834739658366,0.0932290594772587,0.08870137888454414,0.08396789462852439,0.08232146532208273,0.06770940522741305,0.05885984770528915,0.05968306235850998,0.0512451121629965,0.04630582424367154,0.04239555464087261,0.03395760444535913,0.025519654249845647,0.017081704054332167,0.010495986828565548,0.007203128215682239,0.9097008376510135,0.022469403425491356,0.0,0.0,0.0,0.0,0.0,0.0,0.0,0.0,0.0,0.0,0.0,0.0,0.0,0.0,0.0,0.0,0.0,0.0,0.0,0.0,0.0,0.0,0.0,0.0,0.012348219798312413,0.7717637373945259,9.106812101255404,15.632846264663513,4.297180489812719,0.17904918707553,4.180327868852459,2.9645261046094014,nan,nan,nan,4.19390402075227,2.9681647106491322,4.167484662576687,2.961022527653913,0.9937005334302228,0.3926,0.01143,0.0,0.0,0.0,0.0,0.0,0.0,0.0,0.0,0.0,0.0,0.3148796048569665,21.948960691500275,7.72998559374357,0.006174109899156207,0.0,0.0,0.0,0.0,0.0,0.0,0.0,0.0,0.0,0.0,0.0,0.0,0.0,0.0,0.0,0.0,nan,nan,4.180327868852459,2.9645261046094014,nan,0.3928,0.0589,0.0,0.0,0.0,0.0,0.0,0.0,0.0,0.0,0.0,0.0,0.0,0.0,0.0,0.0,0.0,0.0,0.0,0.0,0.0,6.174109899156205e-05,0.0,3.0870549495781024e-05,1.0290183165260341e-05,0.00018522329697468615,0.0029327022020991973,0.004126363449269397,0.011854291006379913,0.009230294299238526,0.02317349248816629,0.011195719283803252,0.014251903683885573,0.02377032311175139,0.03496604239555464,0.049269396995266515,0.014128421485902449,0.041736982918295945,0.0602490224325993,0.07186663922617822,0.08070590656513686,0.08210537147561227,0.05378678740481581,0.05199629553406051,0.08311380942580777,0.07680592714550319,0.03352541675241819,0.03157028195101873,0.025427042601358304,0.02316320230500103,0.017966659806544556,0.02047746449886808,0.010897303972010702,0.006606297592097139,0.01779172669273513,0.006431364478287713,0.0006482815394114015,0.002685737806132949,0.00021609384647046717,0.0001749331138094258,0.0,0.0008540852027166083,1.0290183165260341e-05,0.0,0.0,0.0,0.0,0.0,0.0,0.0,0.0,0.0,0.0,0.0,0.0,0.0,0.0,0.0,0.0,0.0,0.0,0.0,0.0,0.0,0.0,0.0,0.0,0.0,0.0,0.0,0.0,0.0,0.0,0.0,0.0,0.0,0.0,0.0,0.0,0.0,0.0,0.0,0.0,nan,nan,4.180327868852459,2.9645261046094014,nan,0.9101525525135836,0.02254788960877127,0.0,0.0,0.0,0.0,0.0,0.0,0.0,0.0,0.0,0.0,0.0,0.0,0.0,0.0,0.0,0.0,0.0,0.0,0.0,0.0,0.0,0.0,0.0,0.0,0.01169590643274854,0.8070175438596493,8.631578947368423,16.09356725146199,4.210526315789474,0.24561403508771934,0.909195759785934,0.022370520865263345,0.0,0.0,0.0,0.0,0.0,0.0,0.0,0.0,0.0,0.0,0.0,0.0,0.0,0.0,0.0,0.0,0.0,0.0,0.0,0.0,0.0,0.0,0.0,0.0,0.013077593722755016,0.732345248474281,9.638186573670446,15.117698343504799,4.394071490845685,0.10462074978204013,0.3926,0.01147,0.0,0.0,0.0,0.0,0.0,0.0,0.0,0.0,0.0,0.0,0.3157894736842106,22.011695906432717,7.672514619883042,0.0,0.0,0.0,0.0,0.0,0.0,0.0,0.0,0.0,0.0,0.0,0.0,0.0,0.0,0.0,0.0,0.0,0.3928,0.011375,0.0,0.0,0.0,0.0,0.0,0.0,0.0,0.0,0.0,0.0,0.31386224934612034,21.878814298169104,7.79424585876199,0.013077593722755016,0.0,0.0,0.0,0.0,0.0,0.0,0.0,0.0,0.0,0.0,0.0,0.0,0.0,0.0,0.0,0.0
42100,4692,2469,0.5262148337595908,1168,924,0.4458653026427962,1276,0.5439045183290707,0.4380000000000001,3.011246063877643,3.144354153831233,6.672496025437202,2.1235803005559926,8386.266112531968,506.00309452110923,7853.0,8866.4,8866.4,0.0,7853.0,0.0,28.232736572890026,21.122929342377443,33.255524511049025,19.348080526276473,0.13981244671781756,0.09867860187553282,0.09569479965899404,0.08312020460358056,0.08077578857630009,0.07438192668371696,0.06479113384484228,0.0654305200341006,0.056692242114237,0.051577152600170505,0.04603580562659847,0.043478260869565216,0.032821824381926684,0.028132992327365727,0.020460358056265986,0.010869565217391304,0.007246376811594203,0.9102635294173583,0.022529934809942656,0.0,0.0,0.0,0.0,0.0,0.0,0.0,0.0,0.0,0.0,0.0,0.0,0.0,0.0,0.0,0.0,0.0,0.0,0.0,0.0,0.0,0.0,0.0,0.0,0.0,0.8887468030690538,8.76598465473146,15.799232736572893,4.373401534526855,0.1726342710997443,4.205718041406507,2.9313102629035575,nan,nan,nan,4.240447957839262,2.9667943262109238,4.171147540983607,2.895143530155089,0.9836572886768861,0.3933,0.01162,0.0,0.0,0.0,0.0,0.0,0.0,0.0,0.0,0.0,0.0,0.31969309462915607,21.25319693094626,8.414322250639387,0.012787723785166244,0.0,0.0,0.0,0.0,0.0,0.0,0.0,0.0,0.0,0.0,0.0,0.0,0.0,0.0,0.0,0.0,nan,nan,4.205718041406507,2.9313102629035575,nan,0.3933,0.05887,0.0,0.0,0.0,0.0,0.0,0.0,0.0,0.0,0.0,0.0,0.0,0.0,0.0,0.0,0.0,0.0,0.0,0.0,0.0,6.39386189258312e-05,1.0656436487638533e-05,3.19693094629156e-05,0.0,1.0656436487638533e-05,0.003676470588235294,0.004347826086956522,0.010667092924126173,0.00829070758738278,0.0238384484228474,0.010443307757885763,0.013459079283887468,0.02405157715260017,0.034985080988917304,0.04833759590792839,0.013192668371696505,0.041741261722080134,0.058098891730605284,0.07167519181585678,0.08178815004262574,0.08069053708439898,0.05244032395566922,0.055029838022165385,0.08191602728047741,0.07995524296675192,0.03433503836317135,0.03253410059676044,0.024808184143222507,0.023774509803921567,0.0180306905370844,0.019863597612958226,0.01118925831202046,0.007171781756180733,0.018861892583120203,0.005967604433077579,0.0008312020460358057,0.0027706734867860186,5.328218243819267e-05,0.00023444160272804773,0.0,0.000820545609548167,1.0656436487638533e-05,0.0,0.0,0.0,0.0,0.0,0.0,0.0,0.0,0.0,0.0,0.0,0.0,0.0,0.0,0.0,0.0,0.0,0.0,0.0,0.0,0.0,0.0,0.0,0.0,0.0,0.0,0.0,0.0,0.0,0.0,0.0,0.0,0.0,0.0,0.0,0.0,0.0,0.0,0.0,0.0,nan,nan,4.205718041406507,2.9313102629035575,nan,0.9101846247561406,0.02311149364180639,0.0,0.0,0.0,0.0,0.0,0.0,0.0,0.0,0.0,0.0,0.0,0.0,0.0,0.0,0.0,0.0,0.0,0.0,0.0,0.0,0.0,0.0,0.0,0.0,0.0,0.9599027946537061,8.894289185905226,15.370595382746053,4.532199270959904,0.24301336573511548,0.9103511657684814,0.021865564025916384,0.0,0.0,0.0,0.0,0.0,0.0,0.0,0.0,0.0,0.0,0.0,0.0,0.0,0.0,0.0,0.0,0.0,0.0,0.0,0.0,0.0,0.0,0.0,0.0,0.0,0.8097165991902836,8.623481781376519,16.2753036437247,4.197031039136303,0.09446693657219976,0.3938,0.01183,0.0,0.0,0.0,0.0,0.0,0.0,0.0,0.0,0.0,0.0,0.35236938031591747,20.619684082624516,9.015795868772784,0.012150668286755775,0.0,0.0,0.0,0.0,0.0,0.0,0.0,0.0,0.0,0.0,0.0,0.0,0.0,0.0,0.0,0.0,0.393,0.01136,0.0,0.0,0.0,0.0,0.0,0.0,0.0,0.0,0.0,0.0,0.28340080971659926,21.95681511470982,7.7462887989203795,0.013495276653171392,0.0,0.0,0.0,0.0,0.0,0.0,0.0,0.0,0.0,0.0,0.0,0.0,0.0,0.0,0.0,0.0
42200,5002,2639,0.5275889644142343,1267,1027,0.45861655337864854,1407,0.5625749700119952,0.4060000000000001,2.9936521371138385,3.0717822659632867,6.599700149925037,2.044526807139594,8387.658656537385,505.92806161017035,7853.0,8866.4,8866.399999999998,1.8189894035458565e-12,7853.0,0.0,27.824670131947222,20.7617298742228,32.89356613250418,18.935088686759613,0.14254298280687724,0.10195921631347461,0.0859656137544982,0.08496601359456217,0.08036785285885646,0.07836865253898441,0.07217113154738104,0.06457417033186726,0.06117552978808476,0.05037984806077569,0.04418232706917233,0.040983606557377046,0.030987604958016793,0.02538984406237505,0.020191923230707717,0.010995601759296281,0.004798080767692923,0.9097508293111436,0.022756360136500738,0.0,0.0,0.0,0.0,0.0,0.0,0.0,0.0,0.0,0.0,0.0,0.0,0.0,0.0,0.0,0.0,0.0,0.0,0.0,0.0,0.0,0.0,0.0,0.0,0.0,0.9476209516193524,9.038384646141544,15.635745701719316,4.210315873650541,0.16793282686925234,4.19060773480663,2.8668332961917757,nan,nan,nan,4.2484737484737485,2.8922310977961856,4.132098765432099,2.83972382418657,0.9726078140218104,0.393,0.01203,0.0,0.0,0.0,0.0,0.0,0.0,0.0,0.0,0.0,0.0,0.3778488604558178,21.135545781687295,8.474610155937626,0.01199520191923231,0.0,0.0,0.0,0.0,0.0,0.0,0.0,0.0,0.0,0.0,0.0,0.0,0.0,0.0,0.0,0.0,nan,nan,4.19060773480663,2.8668332961917757,nan,0.393,0.05908,0.0,0.0,0.0,0.0,0.0,0.0,0.0,0.0,0.0,0.0,0.0,0.0,0.0,0.0,0.0,0.0,0.0,0.0,0.0,0.0003598560575769692,1.9992003198720512e-05,7.996801279488205e-05,1.9992003198720512e-05,0.00010995601759296281,0.0035085965613754497,0.004138344662135146,0.010885645741703318,0.007057177129148341,0.02456017592962815,0.010255897640943623,0.014564174330267892,0.025239904038384647,0.03553578568572571,0.047301079568172734,0.014204318272690924,0.043882447021191526,0.05629748100759696,0.07180127948820472,0.08274690123950419,0.08071771291483407,0.050209916033586564,0.05236905237904838,0.0809876049580168,0.0788484606157537,0.034666133546581365,0.03416633346661335,0.026299480207916833,0.023320671731307478,0.01838264694122351,0.01987205117952819,0.011505397840863655,0.006907237105157937,0.01906237504998001,0.00585765693722511,0.0005397840863654538,0.0022890843662534987,0.00012994802079168333,0.0003598560575769692,0.0,0.000859656137544982,7.996801279488205e-05,0.0,0.0,0.0,0.0,0.0,0.0,0.0,0.0,0.0,0.0,0.0,0.0,0.0,0.0,0.0,0.0,0.0,0.0,0.0,0.0,0.0,0.0,0.0,0.0,0.0,0.0,0.0,0.0,0.0,0.0,0.0,0.0,0.0,0.0,0.0,0.0,0.0,0.0,0.0,0.0,nan,nan,4.19060773480663,2.8668332961917757,nan,0.9096183891366856,0.02276095951014812,0.0,0.0,0.0,0.0,0.0,0.0,0.0,0.0,0.0,0.0,0.0,0.0,0.0,0.0,0.0,0.0,0.0,0.0,0.0,0.0,0.0,0.0,0.0,0.0,0.0,0.8866995073891627,9.287608942781358,15.36945812807882,4.274346343311861,0.1818870784388026,0.9098987385876542,0.02275031113764991,0.0,0.0,0.0,0.0,0.0,0.0,0.0,0.0,0.0,0.0,0.0,0.0,0.0,0.0,0.0,0.0,0.0,0.0,0.0,0.0,0.0,0.0,0.0,0.0,0.0,1.0156580617858657,8.760050782903091,15.933135844265767,4.138806601777403,0.15234870926787983,0.393,0.01196,0.0,0.0,0.0,0.0,0.0,0.0,0.0,0.0,0.0,0.0,0.4092459264873059,21.09890109890107,8.491852974611596,0.0,0.0,0.0,0.0,0.0,0.0,0.0,0.0,0.0,0.0,0.0,0.0,0.0,0.0,0.0,0.0,0.0,0.3933,0.012115,0.0,0.0,0.0,0.0,0.0,0.0,0.0,0.0,0.0,0.0,0.3427845958527297,21.176470588235265,8.455353364367332,0.025391451544646643,0.0,0.0,0.0,0.0,0.0,0.0,0.0,0.0,0.0,0.0,0.0,0.0,0.0,0.0,0.0,0.0
42300,4723,2441,0.5168325217023079,1135,933,0.43785729409273766,1319,0.558543298750794,0.4220000000000001,3.0477651183172654,3.119571084623217,6.7024539877300615,2.0642576443157474,8376.75807749312,506.4127881405036,7853.0,8866.4,8866.4,0.0,7853.0,0.0,28.181029006987085,20.996366100192244,33.12660458092122,19.221059049204783,0.13804785094219776,0.09760745289011222,0.09591361422824476,0.08553885242430659,0.08088079610417108,0.07347025195850096,0.0645775989836968,0.06711835697649798,0.055261486343425786,0.05123861952149058,0.04954478085962312,0.04319288587762016,0.033453313571882276,0.029006987084480202,0.0177853059496083,0.011645140800338767,0.005716705483802668,0.9105225478646212,0.022913896420408572,0.0,0.0,0.0,0.0,0.0,0.0,0.0,0.0,0.0,0.0,0.0,0.0,0.0,0.0,0.0,0.0,0.0,0.0,0.0,0.0,0.0,0.0,0.0,0.0,0.0,0.8320982426423885,9.03874655939022,15.308066906627147,4.598771966970147,0.2223163243701038,4.36396694214876,2.813913036577281,nan,nan,nan,4.340983606557377,2.8147956306549515,4.389593062041361,2.812399597409462,1.0111977975246338,0.3928,0.01166,0.0,0.0,0.0,0.0,0.0,0.0,0.0,0.0,0.0,0.0,0.2604276942621216,21.742536523396115,7.997035782341733,0.0,0.0,0.0,0.0,0.0,0.0,0.0,0.0,0.0,0.0,0.0,0.0,0.0,0.0,0.0,0.0,0.0,nan,nan,4.36396694214876,2.813913036577281,nan,0.3928,0.05862,0.0,0.0,0.0,0.0,0.0,0.0,0.0,0.0,0.0,0.0,0.0,0.0,0.0,0.0,0.0,0.0,0.0,0.0,0.0,0.0004234596654668643,0.0,0.0001482108829134025,0.0,0.0001270378996400593,0.002985390641541393,0.004509845437222104,0.00862799068388736,0.006701249206013127,0.025280542028371798,0.009083209824264239,0.013540122803302985,0.026201566800762226,0.03783612110946433,0.0481367774719458,0.01403768791022655,0.046432352318441665,0.05745289011221681,0.0711412237984332,0.08261698073258522,0.08293457548168537,0.04717340673300868,0.05232902816006775,0.08156891806055473,0.07741901333897946,0.03507304679229303,0.03769849671818759,0.024486555155621426,0.023734914249417743,0.017690027524878256,0.019182722845648953,0.011549862375608724,0.007241160279483379,0.016747829769214483,0.005356764768155833,0.0004234596654668643,0.002339614651704425,4.2345966546686426e-05,0.00035994071564683465,0.0,0.0011433410967605336,0.00022231632437010374,0.0,0.0,0.0,0.0,0.0,0.0,0.0,0.0,0.0,0.0,0.0,0.0,0.0,0.0,0.0,0.0,0.0,0.0,0.0,0.0,0.0,0.0,0.0,0.0,0.0,0.0,0.0,0.0,0.0,0.0,0.0,0.0,0.0,0.0,0.0,0.0,0.0,0.0,0.0,0.0,nan,nan,4.36396694214876,2.813913036577281,nan,0.9103389684902943,0.02301904590564175,0.0,0.0,0.0,0.0,0.0,0.0,0.0,0.0,0.0,0.0,0.0,0.0,0.0,0.0,0.0,0.0,0.0,0.0,0.0,0.0,0.0,0.0,0.0,0.0,0.0,0.8111429741909055,9.242113887750923,15.129045473166737,4.54731667349447,0.27038099139696853,0.9107189182645913,0.02279924760752812,0.0,0.0,0.0,0.0,0.0,0.0,0.0,0.0,0.0,0.0,0.0,0.0,0.0,0.0,0.0,0.0,0.0,0.0,0.0,0.0,0.0,0.0,0.0,0.0,0.0,0.8545135845749344,8.821209465381246,15.49956178790535,4.653812445223489,0.1709027169149869,0.3928,0.01165,0.0,0.0,0.0,0.0,0.0,0.0,0.0,0.0,0.0,0.0,0.18435067595247853,21.802539942646423,8.013109381401067,0.0,0.0,0.0,0.0,0.0,0.0,0.0,0.0,0.0,0.0,0.0,0.0,0.0,0.0,0.0,0.0,0.0,0.3928,0.01168,0.0,0.0,0.0,0.0,0.0,0.0,0.0,0.0,0.0,0.0,0.3418054338299738,21.67835232252407,7.979842243645926,0.0,0.0,0.0,0.0,0.0,0.0,0.0,0.0,0.0,0.0,0.0,0.0,0.0,0.0,0.0,0.0,0.0
42400,4847,2529,0.5217660408500103,1181,1003,0.4505879925727254,1387,0.5723127707860532,0.39000000000000007,2.96548748921484,3.036109900857521,6.441578148710167,2.0651383235720804,8381.7577057974,506.21966340211947,7853.0,8866.4,8866.399999999998,1.8189894035458565e-12,7853.0,0.0,28.409531669073655,20.971475413685077,33.166747809152874,19.233541236807312,0.13451619558489789,0.10006189395502373,0.08830204250051578,0.08953992160099031,0.08004951516401898,0.06932122962657314,0.07014648236022282,0.06663915824221167,0.05714875180524036,0.05756137817206519,0.05075304311945533,0.04208788941613369,0.02970909841138849,0.028058592944089127,0.017949246956880546,0.008871466886734063,0.009284093253558903,0.9101014844358447,0.0227960603596662,0.0,0.0,0.0,0.0,0.0,0.0,0.0,0.0,0.0,0.0,0.0,0.0,0.0,0.0,0.0,0.0,0.0,0.0,0.0,0.0,0.0,0.0,0.0,0.0,0.0,0.8293789973179289,9.055085619971118,15.52919331545286,4.394470806684548,0.1918712605735507,4.234661606578115,2.8408046610157887,nan,nan,nan,4.2536741214057505,2.7977959574782676,4.216030056355667,2.8822073776730823,0.9911502235536456,0.392,0.01156,0.0,0.0,0.0,0.0,0.0,0.0,0.0,0.0,0.0,0.0,0.30328037961625753,22.257066226531844,7.433463998349496,0.006189395502372603,0.0,0.0,0.0,0.0,0.0,0.0,0.0,0.0,0.0,0.0,0.0,0.0,0.0,0.0,0.0,0.0,nan,nan,4.234661606578115,2.8408046610157887,nan,0.392,0.0581,0.0,0.0,0.0,0.0,0.0,0.0,0.0,0.0,0.0,0.0,0.0,0.0,0.0,0.0,0.0,0.0,0.0,0.0,0.0,0.0003610480709717351,0.0,7.220961419434702e-05,0.0,0.00014441922838869404,0.00308438209201568,0.005879925727253972,0.009284093253558903,0.0064885496183206106,0.024107695481741284,0.00914998968434083,0.013389725603466062,0.02552094078811636,0.03739426449350113,0.04893748710542604,0.014245925314627605,0.048225706622653186,0.05494120074272746,0.0734784402723334,0.0800082525273365,0.08386630905714876,0.05192902826490613,0.054250051578295856,0.08284505879925727,0.07513926139880338,0.03369094285124819,0.037610893336084174,0.023602228182380853,0.02243655869610068,0.016597895605529194,0.01913554776150196,0.012193109139674025,0.008314421291520529,0.015607592325149577,0.0049205694243862185,0.0004332576851660821,0.0018155560140292965,5.1578295853105015e-05,0.00016505054672993604,0.0,0.0005054672993604291,0.00017536620590055704,0.0,0.0,0.0,0.0,0.0,0.0,0.0,0.0,0.0,0.0,0.0,0.0,0.0,0.0,0.0,0.0,0.0,0.0,0.0,0.0,0.0,0.0,0.0,0.0,0.0,0.0,0.0,0.0,0.0,0.0,0.0,0.0,0.0,0.0,0.0,0.0,0.0,0.0,0.0,0.0,nan,nan,4.234661606578115,2.8408046610157887,nan,0.9100691631359751,0.02272285845721059,0.0,0.0,0.0,0.0,0.0,0.0,0.0,0.0,0.0,0.0,0.0,0.0,0.0,0.0,0.0,0.0,0.0,0.0,0.0,0.0,0.0,0.0,0.0,0.0,0.0,0.7947805456702256,9.217081850533809,15.456702253855282,4.3060498220640575,0.22538552787663113,0.9101367478385066,0.022875606303135804,0.0,0.0,0.0,0.0,0.0,0.0,0.0,0.0,0.0,0.0,0.0,0.0,0.0,0.0,0.0,0.0,0.0,0.0,0.0,0.0,0.0,0.0,0.0,0.0,0.0,0.8671268334771357,8.878343399482313,15.608283002588442,4.4909404659188965,0.1553062985332183,0.3923,0.01149,0.0,0.0,0.0,0.0,0.0,0.0,0.0,0.0,0.0,0.0,0.34400948991696334,22.135231316725946,7.508896797153026,0.011862396204033218,0.0,0.0,0.0,0.0,0.0,0.0,0.0,0.0,0.0,0.0,0.0,0.0,0.0,0.0,0.0,0.0,0.392,0.01162,0.0,0.0,0.0,0.0,0.0,0.0,0.0,0.0,0.0,0.0,0.2588438308886972,22.389991371872274,7.351164797239001,0.0,0.0,0.0,0.0,0.0,0.0,0.0,0.0,0.0,0.0,0.0,0.0,0.0,0.0,0.0,0.0,0.0
42500,4751,2454,0.5165228372974111,1160,980,0.4504314881077668,1348,0.5674594822142707,0.3980000000000001,2.884632128863735,3.0685413155158616,6.434915773353752,2.1549771161569407,8376.444243317197,506.42326202074713,7853.0,8866.4,8866.399999999998,1.8189894035458565e-12,7853.0,0.0,28.485371500736687,20.939141316934908,33.21582733812949,19.19735359547422,0.13302462639444326,0.09450641970111555,0.09997895179962113,0.08503472953062513,0.07619448537150074,0.07282677331088191,0.06840665123131973,0.0633550831403915,0.06209219111765944,0.05493580298884446,0.0492527888865502,0.04441170279941065,0.035150494632708904,0.0246263944432751,0.01768048831824879,0.011576510208377183,0.0069459061250263104,0.91014160611358,0.022501543433284858,0.0,0.0,0.0,0.0,0.0,0.0,0.0,0.0,0.0,0.0,0.0,0.0,0.0,0.0,0.0,0.0,0.0,0.0,0.0,0.0,0.0,0.0,0.0,0.0,0.012628920227320567,0.8208798147758368,8.90970322037466,15.80509366449169,4.24331719637971,0.20837718375078937,4.114368556701031,2.8721915441397385,nan,nan,nan,4.025673940949936,2.8513642256998266,4.202588996763754,2.890850385408667,1.0439466927547716,0.392,0.01149,0.0,0.0,0.0,0.0,0.0,0.0,0.0,0.0,0.0,0.0,0.32835192591033474,22.631025047358417,7.034308566617556,0.0063144601136602835,0.0,0.0,0.0,0.0,0.0,0.0,0.0,0.0,0.0,0.0,0.0,0.0,0.0,0.0,0.0,0.0,nan,nan,4.114368556701031,2.8721915441397385,nan,0.392,0.0573,0.0,0.0,0.0,0.0,0.0,0.0,0.0,0.0,0.0,0.0,0.0,0.0,0.0,0.0,0.0,0.0,0.0,0.0,0.0,0.0006314460113660282,0.0,1.0524100189433804e-05,0.0,4.2096400757735216e-05,0.0026415491475478845,0.00506209219111766,0.009818985476741739,0.006914333824458009,0.02321616501789097,0.007945695643022522,0.012649968427699432,0.02415280993475058,0.03552936223952852,0.0501262892022732,0.015175752473163544,0.04737949905283098,0.0559776889075984,0.07589981056619659,0.08458219322247948,0.0864554830561987,0.0514628499263313,0.05359924226478636,0.08034098084613765,0.07779414860029467,0.03218269837928857,0.03816038728688697,0.0231635445169438,0.021374447484740055,0.01701747000631446,0.018553988633971796,0.011229214902125868,0.007945695643022522,0.015617764681119764,0.004672700484108608,0.00023153020416754368,0.0018311934329614818,0.00013681330246263944,0.00016838560303094086,0.0,0.0002841507051147127,2.1048200378867608e-05,0.0,0.0,0.0,0.0,0.0,0.0,0.0,0.0,0.0,0.0,0.0,0.0,0.0,0.0,0.0,0.0,0.0,0.0,0.0,0.0,0.0,0.0,0.0,0.0,0.0,0.0,0.0,0.0,0.0,0.0,0.0,0.0,0.0,0.0,0.0,0.0,0.0,0.0,0.0,0.0,nan,nan,4.114368556701031,2.8721915441397385,nan,0.9098959527029288,0.022447302533059044,0.0,0.0,0.0,0.0,0.0,0.0,0.0,0.0,0.0,0.0,0.0,0.0,0.0,0.0,0.0,0.0,0.0,0.0,0.0,0.0,0.0,0.0,0.0,0.0,0.012224938875305626,0.8679706601466994,9.046454767726162,15.84352078239609,4.034229828850856,0.19559902200489002,0.9104040499401964,0.02255639194599456,0.0,0.0,0.0,0.0,0.0,0.0,0.0,0.0,0.0,0.0,0.0,0.0,0.0,0.0,0.0,0.0,0.0,0.0,0.0,0.0,0.0,0.0,0.0,0.0,0.013060513713539402,0.7705703090988247,8.763604701784939,15.764040052242057,4.466695690030475,0.22202873313016983,0.3923,0.01143,0.0,0.0,0.0,0.0,0.0,0.0,0.0,0.0,0.0,0.0,0.28117359413202936,22.432762836185788,7.273838630806847,0.012224938875305626,0.0,0.0,0.0,0.0,0.0,0.0,0.0,0.0,0.0,0.0,0.0,0.0,0.0,0.0,0.0,0.0,0.3918,0.01156,0.0,0.0,0.0,0.0,0.0,0.0,0.0,0.0,0.0,0.0,0.3787548976926427,22.842838484980376,6.77840661732695,0.0,0.0,0.0,0.0,0.0,0.0,0.0,0.0,0.0,0.0,0.0,0.0,0.0,0.0,0.0,0.0,0.0
42600,4510,2352,0.5215077605321508,1159,889,0.4541019955654102,1237,0.5485587583148559,0.4140000000000001,2.946709916589435,3.12890139342124,6.656910569105691,2.1769704204500138,8381.495964523281,506.2310005624899,7853.0,8866.4,8866.4,0.0,7853.0,0.0,28.235033259423503,20.817999550028077,33.0891167192429,19.045029306378176,0.13592017738359202,0.09844789356984479,0.08580931263858094,0.08802660753880266,0.08381374722838138,0.082039911308204,0.06674057649667406,0.0647450110864745,0.056762749445676275,0.054988913525498895,0.04611973392461197,0.03747228381374723,0.03813747228381375,0.02638580931263858,0.017516629711751663,0.011086474501108648,0.00598669623059867,0.9092717154723842,0.022520708520772648,0.0,0.0,0.0,0.0,0.0,0.0,0.0,0.0,0.0,0.0,0.0,0.0,0.0,0.0,0.0,0.0,0.0,0.0,0.0,0.0,0.0,0.0,0.0,0.0,0.0,0.8847006651884702,9.172949002217296,15.59866962305987,4.197339246119735,0.14634146341463417,4.113520840393087,2.9197425949726163,nan,nan,nan,4.14887831407206,2.908810738273166,4.078378378378378,2.9301448294742474,0.9830074708495157,0.393,0.01131,0.0,0.0,0.0,0.0,0.0,0.0,0.0,0.0,0.0,0.0,0.17960088691796014,21.63192904656316,8.181818181818183,0.00665188470066519,0.0,0.0,0.0,0.0,0.0,0.0,0.0,0.0,0.0,0.0,0.0,0.0,0.0,0.0,0.0,0.0,nan,nan,4.113520840393087,2.9197425949726163,nan,0.393,0.05707,0.0,0.0,0.0,0.0,0.0,0.0,0.0,0.0,0.0,0.0,0.0,0.0,0.0,0.0,0.0,0.0,0.0,0.0,0.0,0.0005764966740576497,0.0,0.0,9.977827050997783e-05,2.2172949002217295e-05,0.002317073170731707,0.005310421286031042,0.008736141906873614,0.006895787139689579,0.02335920177383592,0.007549889135254989,0.011274944567627494,0.022749445676274946,0.034412416851441245,0.0476940133037694,0.014290465631929046,0.04613082039911308,0.05828159645232816,0.07600886917960088,0.08605321507760533,0.08978935698447893,0.050354767184035476,0.0501219512195122,0.08252771618625278,0.07824833702882483,0.033492239467849225,0.03824833702882483,0.022760532150776055,0.02187361419068736,0.018215077605321508,0.02056541019955654,0.011707317073170732,0.006973392461197339,0.016130820399113083,0.004146341463414634,0.00026607538802660754,0.0023503325942350333,0.00012195121951219512,0.00013303769401330377,0.0,0.00015521064301552106,5.543237250554324e-05,0.0,0.0,0.0,0.0,0.0,0.0,0.0,0.0,0.0,0.0,0.0,0.0,0.0,0.0,0.0,0.0,0.0,0.0,0.0,0.0,0.0,0.0,0.0,0.0,0.0,0.0,0.0,0.0,0.0,0.0,0.0,0.0,0.0,0.0,0.0,0.0,0.0,0.0,0.0,0.0,nan,nan,4.113520840393087,2.9197425949726163,nan,0.909154377801686,0.022709102468728686,0.0,0.0,0.0,0.0,0.0,0.0,0.0,0.0,0.0,0.0,0.0,0.0,0.0,0.0,0.0,0.0,0.0,0.0,0.0,0.0,0.0,0.0,0.0,0.0,0.0,0.9056122448979593,9.132653061224492,15.586734693877554,4.221938775510205,0.15306122448979595,0.9093996015713102,0.022312864127131102,0.0,0.0,0.0,0.0,0.0,0.0,0.0,0.0,0.0,0.0,0.0,0.0,0.0,0.0,0.0,0.0,0.0,0.0,0.0,0.0,0.0,0.0,0.0,0.0,0.0,0.8619091751621875,9.216867469879519,15.611677479147362,4.17052826691381,0.139017608897127,0.3933,0.01127,0.0,0.0,0.0,0.0,0.0,0.0,0.0,0.0,0.0,0.0,0.1275510204081633,21.37755102040813,8.48214285714286,0.01275510204081633,0.0,0.0,0.0,0.0,0.0,0.0,0.0,0.0,0.0,0.0,0.0,0.0,0.0,0.0,0.0,0.0,0.3928,0.01133,0.0,0.0,0.0,0.0,0.0,0.0,0.0,0.0,0.0,0.0,0.2363299351251159,21.90917516218718,7.854494902687676,0.0,0.0,0.0,0.0,0.0,0.0,0.0,0.0,0.0,0.0,0.0,0.0,0.0,0.0,0.0,0.0,0.0
42700,4529,2372,0.5237359240450431,1121,931,0.45308015014351954,1288,0.5687789799072643,0.4180000000000001,3.0166898470097356,3.1388364830120508,6.749163879598663,2.209879982038931,8383.753985427245,506.1287343997233,7853.0,8866.4,8866.4,0.0,7853.0,0.0,28.024729520865534,20.722046963524228,32.84820727558231,18.96160641198595,0.13557076617354824,0.10024287922278649,0.08986531243100022,0.09096930889821153,0.08412453080150144,0.070214175314639,0.06977257672775447,0.06778538308677412,0.0543166261867962,0.05895341134908368,0.046147052329432545,0.0401854714064915,0.03378229189666593,0.023625524398321926,0.018988739236034443,0.007948774563921396,0.007507175977036874,0.9089642579546562,0.02284451324493671,0.0,0.0,0.0,0.0,0.0,0.0,0.0,0.0,0.0,0.0,0.0,0.0,0.0,0.0,0.0,0.0,0.0,0.0,0.0,0.0,0.0,0.0,0.0,0.0,0.026495915213071323,0.9339810112607642,9.412673879443588,15.394126738794439,4.040627069993377,0.1920953852947671,4.283769989792447,2.9509622555341686,nan,nan,nan,4.248125426039537,2.9616593785675045,4.31611148878314,2.938296809814633,1.0160037795322314,0.3928,0.01146,0.0,0.0,0.0,0.0,0.0,0.0,0.0,0.0,0.0,0.0,0.23183925811437409,21.839258114374,7.915654669905058,0.013247957606535661,0.0,0.0,0.0,0.0,0.0,0.0,0.0,0.0,0.0,0.0,0.0,0.0,0.0,0.0,0.0,0.0,nan,nan,4.283769989792447,2.9509622555341686,nan,0.3928,0.05728,0.0,0.0,0.0,0.0,0.0,0.0,0.0,0.0,0.0,0.0,0.0,0.0,0.0,0.0,0.0,0.0,0.0,0.0,0.0,0.000673437844998896,2.20799293442261e-05,0.0,0.00022079929344226098,0.0,0.0018988739236034445,0.004736144844336498,0.008379333186133804,0.00622654007507176,0.026451755354382867,0.007175977036873482,0.011205564142194745,0.022896886729962464,0.03562596599690881,0.0495804813424597,0.014208434533009495,0.04539633473172886,0.06056524619121219,0.07556855818061382,0.0862883638772356,0.08785603886067564,0.04587105321262972,0.047847206888937954,0.082910134687569,0.07952086553323029,0.035648045926253036,0.038253477588871716,0.02357032457496136,0.021097372488408036,0.018767939942592182,0.02002649591521307,0.010852285272687128,0.007396776330315743,0.01553323029366306,0.004537425480238463,8.83197173769044e-05,0.0023404725104879663,0.00036431883417973064,0.00016559947008169574,0.0,0.00023183925811437405,0.0,0.0,0.0,0.0,0.0,0.0,0.0,0.0,0.0,0.0,0.0,0.0,0.0,0.0,0.0,0.0,0.0,0.0,0.0,0.0,0.0,0.0,0.0,0.0,0.0,0.0,0.0,0.0,0.0,0.0,0.0,0.0,0.0,0.0,0.0,0.0,0.0,0.0,0.0,0.0,0.0,nan,nan,4.283769989792447,2.9509622555341686,nan,0.9095028466709951,0.022565288905157126,0.0,0.0,0.0,0.0,0.0,0.0,0.0,0.0,0.0,0.0,0.0,0.0,0.0,0.0,0.0,0.0,0.0,0.0,0.0,0.0,0.0,0.0,0.0,0.0,0.02529510961214166,0.7967959527824623,9.422428330522767,15.442664418212482,4.110455311973019,0.20236087689713328,0.9083719851520805,0.023133209165287452,0.0,0.0,0.0,0.0,0.0,0.0,0.0,0.0,0.0,0.0,0.0,0.0,0.0,0.0,0.0,0.0,0.0,0.0,0.0,0.0,0.0,0.0,0.0,0.0,0.027816411682892915,1.0848400556328235,9.401947148817804,15.340751043115441,3.96383866481224,0.18080667593880395,0.3926,0.01132,0.0,0.0,0.0,0.0,0.0,0.0,0.0,0.0,0.0,0.0,0.29089376053962906,21.968802698144994,7.727655986509276,0.01264755480607083,0.0,0.0,0.0,0.0,0.0,0.0,0.0,0.0,0.0,0.0,0.0,0.0,0.0,0.0,0.0,0.0,0.3933,0.011604,0.0,0.0,0.0,0.0,0.0,0.0,0.0,0.0,0.0,0.0,0.16689847009735748,21.696801112656438,8.12239221140473,0.013908205841446458,0.0,0.0,0.0,0.0,0.0,0.0,0.0,0.0,0.0,0.0,0.0,0.0,0.0,0.0,0.0,0.0
42800,4443,2293,0.5160927301372946,1080,913,0.4485707855052892,1275,0.5739365293720459,0.4140000000000001,3.012093023255814,3.118562995056757,6.616504854368932,2.187827331213825,8376.008372721135,506.43748575632554,7853.0,8866.4,8866.399999999998,1.8189894035458565e-12,7853.0,0.0,28.263110510916047,20.989185257523527,33.40468497576737,19.112235171417172,0.14202115687598468,0.09453072248480757,0.08800360117038038,0.08890389376547378,0.08215169930227324,0.07697501688048616,0.06279540850776502,0.06662165203691199,0.05356740940805762,0.05356740940805762,0.049516092730137296,0.04276389826693675,0.038037362142696374,0.025658338960162053,0.019356290794508214,0.01012829169480081,0.0054017555705604325,0.9100107258299356,0.02265760129072528,0.0,0.0,0.0,0.0,0.0,0.0,0.0,0.0,0.0,0.0,0.0,0.0,0.0,0.0,0.0,0.0,0.0,0.0,0.0,0.0,0.0,0.0,0.0,0.0,0.020256583389601623,0.8237677245104661,8.852126941255909,15.82714382174207,4.287643484132344,0.1890614449696152,4.254476584022038,2.890860360534099,nan,nan,nan,4.228433402346446,2.8891874466738012,4.277166437414031,2.8906363470467973,1.01152508043299,0.3918,0.01123,0.0,0.0,0.0,0.0,0.0,0.0,0.0,0.0,0.0,0.0,0.3308575286968265,22.484807562457767,7.1843349088453765,0.0,0.0,0.0,0.0,0.0,0.0,0.0,0.0,0.0,0.0,0.0,0.0,0.0,0.0,0.0,0.0,0.0,nan,nan,4.254476584022038,2.890860360534099,nan,0.3918,0.0571,0.0,0.0,0.0,0.0,0.0,0.0,0.0,0.0,0.0,0.0,0.0,0.0,0.0,0.0,0.0,0.0,0.0,0.0,0.0,0.0007202340760747243,0.0,0.0,0.00019131217645734864,0.0,0.0013616925500787756,0.0047152824668017105,0.00716857978843124,0.007213594418185911,0.026727436416835473,0.007146072473553905,0.013819491334683772,0.024229124465451272,0.035876659914472205,0.05201440468152149,0.014202115687598469,0.044834571235651585,0.05823767724510466,0.07672743641683547,0.08860004501462976,0.0894890839522845,0.04535223947783029,0.04787305874409183,0.08612424037812288,0.07652487058293946,0.035302723385100154,0.036191762322754895,0.020357866306549628,0.02007652487058294,0.018320954310150798,0.019131217645734864,0.011501237902318254,0.006729687148323205,0.015338735088903894,0.0047152824668017105,0.00015755120414134594,0.0018793607922574836,0.0005514292144947108,0.00045014629754670267,0.0,0.00014629754670267837,0.0,0.0,0.0,0.0,0.0,0.0,0.0,0.0,0.0,0.0,0.0,0.0,0.0,0.0,0.0,0.0,0.0,0.0,0.0,0.0,0.0,0.0,0.0,0.0,0.0,0.0,0.0,0.0,0.0,0.0,0.0,0.0,0.0,0.0,0.0,0.0,0.0,0.0,0.0,0.0,0.0,nan,nan,4.254476584022038,2.890860360534099,nan,0.9099892020953362,0.022669207288221336,0.0,0.0,0.0,0.0,0.0,0.0,0.0,0.0,0.0,0.0,0.0,0.0,0.0,0.0,0.0,0.0,0.0,0.0,0.0,0.0,0.0,0.0,0.0,0.0,0.013083296990841695,0.8896641953772353,8.582642825992151,16.013955516790233,4.278238116005234,0.22241604884430882,0.9100336811431619,0.022645194260529827,0.0,0.0,0.0,0.0,0.0,0.0,0.0,0.0,0.0,0.0,0.0,0.0,0.0,0.0,0.0,0.0,0.0,0.0,0.0,0.0,0.0,0.0,0.0,0.0,0.027906976744186053,0.7534883720930234,9.139534883720932,15.627906976744189,4.297674418604652,0.1534883720930233,0.3918,0.011185,0.0,0.0,0.0,0.0,0.0,0.0,0.0,0.0,0.0,0.0,0.3401657217618841,22.568687309201888,7.091146969036199,0.0,0.0,0.0,0.0,0.0,0.0,0.0,0.0,0.0,0.0,0.0,0.0,0.0,0.0,0.0,0.0,0.0,0.3918,0.01128,0.0,0.0,0.0,0.0,0.0,0.0,0.0,0.0,0.0,0.0,0.32093023255813957,22.39534883720927,7.28372093023256,0.0,0.0,0.0,0.0,0.0,0.0,0.0,0.0,0.0,0.0,0.0,0.0,0.0,0.0,0.0,0.0,0.0
42900,4781,2446,0.5116084501150387,1192,1004,0.45931813428153107,1371,0.5735201840619117,0.38600000000000007,2.883511777301927,3.0392377047342687,6.4371165644171775,2.154472370442864,8371.46400334658,506.5634197464928,7853.0,8866.4,8866.4,0.0,7853.0,0.0,28.13490901485045,20.64580627666346,33.058911260253545,18.789577753979362,0.1376281112737921,0.09621418113365404,0.09035766576030119,0.08240953775360803,0.08094540891026981,0.07885379627692951,0.07216063585024053,0.06881405563689605,0.061284250156870945,0.0527086383601757,0.044342187826814476,0.042250575193474166,0.03513909224011713,0.02342606149341142,0.016942062330056473,0.010458063166701528,0.006065676636686885,0.9093315617306615,0.02298150138623108,0.0,0.0,0.0,0.0,0.0,0.0,0.0,0.0,0.0,0.0,0.0,0.0,0.0,0.0,0.0,0.0,0.0,0.0,0.0,0.0,0.0,0.0,0.0,0.0,0.006274837900020917,0.8659276302028867,9.493829742731648,15.191382555950641,4.235515582514119,0.20706965070069028,4.084610472541507,2.8322951796947744,nan,nan,nan,4.1238881829733165,2.85356748613315,4.044929396662388,2.8100835009948204,0.9808533154131257,0.3923,0.01131,0.0,0.0,0.0,0.0,0.0,0.0,0.0,0.0,0.0,0.0,0.2949173813009831,22.13135327337374,7.573729345325248,0.0,0.0,0.0,0.0,0.0,0.0,0.0,0.0,0.0,0.0,0.0,0.0,0.0,0.0,0.0,0.0,0.0,nan,nan,4.084610472541507,2.8322951796947744,nan,0.3923,0.05713,0.0,0.0,0.0,0.0,0.0,0.0,0.0,0.0,0.0,0.0,0.0,0.0,0.0,0.0,0.0,0.0,0.0,0.0,0.0,0.0006065676636686886,0.0,1.0458063166701527e-05,7.320644216691069e-05,1.0458063166701527e-05,0.001610541727672035,0.004622463919682075,0.007791257059192637,0.0071219410165237395,0.025977828906086593,0.00719514745869065,0.015352436728717842,0.02252666806107509,0.033403053754444675,0.05333612215017779,0.013522275674545075,0.04734365195565781,0.057404308722024684,0.0739907969044133,0.08668688558878895,0.09006483999163355,0.04604685212298682,0.04690441330265635,0.08989751098096632,0.07891654465592972,0.033591298891445305,0.035170466429617235,0.01967161681656557,0.020905668270236353,0.019953984522066513,0.017966952520393223,0.01218364358920728,0.007613469985358712,0.015226939970717423,0.004151851077180507,0.0001150386948337168,0.0017569546120058566,0.0007006902321690024,0.0003032838318343443,0.0,0.0002300773896674336,4.1832252666806106e-05,0.0,0.0,0.0,0.0,0.0,0.0,0.0,0.0,0.0,0.0,0.0,0.0,0.0,0.0,0.0,0.0,0.0,0.0,0.0,0.0,0.0,0.0,0.0,0.0,0.0,0.0,0.0,0.0,0.0,0.0,0.0,0.0,0.0,0.0,0.0,0.0,0.0,0.0,0.0,0.0,nan,nan,4.084610472541507,2.8322951796947744,nan,0.9094576393105608,0.022780969825319276,0.0,0.0,0.0,0.0,0.0,0.0,0.0,0.0,0.0,0.0,0.0,0.0,0.0,0.0,0.0,0.0,0.0,0.0,0.0,0.0,0.0,0.0,0.0,0.0,0.0,0.6991005723630419,9.640228945216682,15.085854456255113,4.403107113654948,0.1717089125102208,0.9091994907411824,0.02318897096976055,0.0,0.0,0.0,0.0,0.0,0.0,0.0,0.0,0.0,0.0,0.0,0.0,0.0,0.0,0.0,0.0,0.0,0.0,0.0,0.0,0.0,0.0,0.0,0.0,0.012847965738758033,1.0406852248394005,9.34047109207709,15.301927194860816,4.059957173447538,0.2441113490364026,0.392,0.01117,0.0,0.0,0.0,0.0,0.0,0.0,0.0,0.0,0.0,0.0,0.23303352412101394,22.174979558462763,7.591986917416191,0.0,0.0,0.0,0.0,0.0,0.0,0.0,0.0,0.0,0.0,0.0,0.0,0.0,0.0,0.0,0.0,0.0,0.3926,0.01146,0.0,0.0,0.0,0.0,0.0,0.0,0.0,0.0,0.0,0.0,0.35974304068522495,22.085653104925022,7.554603854389724,0.0,0.0,0.0,0.0,0.0,0.0,0.0,0.0,0.0,0.0,0.0,0.0,0.0,0.0,0.0,0.0,0.0
43000,4527,2334,0.5155732273028496,1087,921,0.44356085707974374,1270,0.5610779765849349,0.4140000000000001,2.9316005471956226,3.0502509806866414,6.402261712439419,2.2069199560498984,8375.481908548709,506.45416511522546,7853.0,8866.4,8866.400000000001,1.8189894035458565e-12,7853.0,0.0,27.56814667550254,20.76938882066075,32.78611332801277,18.931247579255896,0.1488844709520654,0.09675281643472498,0.09498564170532361,0.08968411751711951,0.07532582284073337,0.07068698917605479,0.07223326706428099,0.060525734481996905,0.06096752816434725,0.05323613872321626,0.04970178926441352,0.03799425668212945,0.03180914512922465,0.02385685884691849,0.017450850452838524,0.008614976805831677,0.00728959575878065,0.9088803224540426,0.022461741158440234,0.0,0.0,0.0,0.0,0.0,0.0,0.0,0.0,0.0,0.0,0.0,0.0,0.0,0.0,0.0,0.0,0.0,0.0,0.0,0.0,0.0,0.0,0.0,0.0,0.01988071570576541,0.8283631544068922,9.43008614976806,15.632869449966869,3.9363817097415517,0.15241882041086816,4.276580958999305,2.862001027374681,nan,nan,nan,4.310632383599722,2.8691824634742344,4.244089012517385,2.85477478128872,0.9845629677595547,0.392,0.01126,0.0,0.0,0.0,0.0,0.0,0.0,0.0,0.0,0.0,0.0,0.29158383035122604,22.491716368455897,7.203445990722335,0.013253810470510274,0.0,0.0,0.0,0.0,0.0,0.0,0.0,0.0,0.0,0.0,0.0,0.0,0.0,0.0,0.0,0.0,nan,nan,4.276580958999305,2.862001027374681,nan,0.392,0.05707,0.0,0.0,0.0,0.0,0.0,0.0,0.0,0.0,0.0,0.0,0.0,0.0,0.0,0.0,0.0,0.0,0.0,0.0,0.0,0.0005964214711729623,0.0,0.0,0.0002208968411751712,6.626905235255136e-05,0.001778219571460128,0.0056770488182019,0.008239452175833885,0.006604815551137619,0.026275679257786615,0.008040645018776231,0.014479787939032472,0.022498343273691185,0.03180914512922465,0.05006626905235255,0.012922465208747515,0.04963552021206097,0.05611884250055224,0.0780649436713055,0.08452617627567925,0.08991605920035343,0.04962447537000221,0.047967749061188426,0.08870112657389,0.08029600176717473,0.033487961122155956,0.034481996907444225,0.019063397393417274,0.020289374861939474,0.01878727634194831,0.017307267506074663,0.011917384581400486,0.008394079964656506,0.014943671305500332,0.004075546719681909,1.104484205875856e-05,0.0016346366246962668,0.0009056770488182019,0.0003534349458802739,0.0,0.0001656726308813784,5.52242102937928e-05,0.0,0.0,0.0,0.0,0.0,0.0,0.0,0.0,0.0,0.0,0.0,0.0,0.0,0.0,0.0,0.0,0.0,0.0,0.0,0.0,0.0,0.0,0.0,0.0,0.0,0.0,0.0,0.0,0.0,0.0,0.0,0.0,0.0,0.0,0.0,0.0,0.0,0.0,0.0,0.0,nan,nan,4.276580958999305,2.862001027374681,nan,0.9087412668888448,0.022419189666618846,0.0,0.0,0.0,0.0,0.0,0.0,0.0,0.0,0.0,0.0,0.0,0.0,0.0,0.0,0.0,0.0,0.0,0.0,0.0,0.0,0.0,0.0,0.0,0.0,0.012853470437017999,0.9640102827763498,9.30591259640103,15.796915167095118,3.740359897172237,0.17994858611825199,0.9090283186643351,0.02250599636084873,0.0,0.0,0.0,0.0,0.0,0.0,0.0,0.0,0.0,0.0,0.0,0.0,0.0,0.0,0.0,0.0,0.0,0.0,0.0,0.0,0.0,0.0,0.0,0.0,0.027359781121751033,0.6839945280437758,9.562243502051984,15.458276333789334,4.145006839945281,0.12311901504787964,0.3923,0.01127,0.0,0.0,0.0,0.0,0.0,0.0,0.0,0.0,0.0,0.0,0.2956298200514139,22.455012853470407,7.236503856041133,0.012853470437017999,0.0,0.0,0.0,0.0,0.0,0.0,0.0,0.0,0.0,0.0,0.0,0.0,0.0,0.0,0.0,0.0,0.3918,0.011246,0.0,0.0,0.0,0.0,0.0,0.0,0.0,0.0,0.0,0.0,0.28727770177838585,22.530779753761937,7.16826265389877,0.013679890560875516,0.0,0.0,0.0,0.0,0.0,0.0,0.0,0.0,0.0,0.0,0.0,0.0,0.0,0.0,0.0,0.0
43100,4736,2416,0.5101351351351351,1110,986,0.44256756756756754,1355,0.5722128378378378,0.3980000000000001,3.0017241379310344,3.094767072696255,6.535552193645991,2.1212898637397535,8369.970945945946,506.5958918796867,7853.0,8866.4,8866.4,0.0,7853.0,0.0,28.2972972972973,21.046639235298432,33.161371028271205,19.30399471821187,0.13471283783783783,0.10325168918918919,0.08614864864864864,0.09100506756756757,0.08150337837837837,0.07326858108108109,0.06841216216216216,0.06587837837837837,0.056587837837837836,0.04983108108108108,0.046875,0.04307432432432432,0.033150337837837836,0.02956081081081081,0.018581081081081082,0.010557432432432432,0.007601351351351352,0.908697639994726,0.022586047833402165,0.0,0.0,0.0,0.0,0.0,0.0,0.0,0.0,0.0,0.0,0.0,0.0,0.0,0.0,0.0,0.0,0.0,0.0,0.0,0.0,0.0,0.0,0.0,0.0,0.019003378378378382,0.9375000000000002,9.533361486486488,15.335726351351354,4.041385135135136,0.13302364864864868,4.229363784665579,2.843254646547835,nan,nan,nan,4.209592641261498,2.829140175218704,4.248865845755023,2.856974673890574,1.0093294548523717,0.392,0.011345,0.0,0.0,0.0,0.0,0.0,0.0,0.0,0.0,0.0,0.0,0.32305743243243246,22.385979729729694,7.2909628378378395,0.0,0.0,0.0,0.0,0.0,0.0,0.0,0.0,0.0,0.0,0.0,0.0,0.0,0.0,0.0,0.0,0.0,nan,nan,4.229363784665579,2.843254646547835,nan,0.392,0.05743,0.0,0.0,0.0,0.0,0.0,0.0,0.0,0.0,0.0,0.0,0.0,0.0,0.0,0.0,0.0,0.0,0.0,0.0,0.0,0.0006545608108108108,0.0,0.0,5.2787162162162165e-05,0.0001583614864864865,0.0015202702702702704,0.005605996621621622,0.009037162162162162,0.006999577702702702,0.028631756756756756,0.008308699324324324,0.013597972972972973,0.022381756756756757,0.03260135135135135,0.04643158783783784,0.013640202702702702,0.04972550675675676,0.05754856418918919,0.07681587837837837,0.08350929054054054,0.08908361486486487,0.049588260135135134,0.04769847972972973,0.08827069256756757,0.08246410472972973,0.03221072635135135,0.033984375,0.019298986486486487,0.020840371621621622,0.018380489864864864,0.017641469594594596,0.011138091216216216,0.00832981418918919,0.01584670608108108,0.005152027027027027,1.0557432432432433e-05,0.0018581081081081082,0.0006967905405405406,9.50168918918919e-05,2.1114864864864866e-05,0.00016891891891891893,0.0,0.0,0.0,0.0,0.0,0.0,0.0,0.0,0.0,0.0,0.0,0.0,0.0,0.0,0.0,0.0,0.0,0.0,0.0,0.0,0.0,0.0,0.0,0.0,0.0,0.0,0.0,0.0,0.0,0.0,0.0,0.0,0.0,0.0,0.0,0.0,0.0,0.0,0.0,0.0,0.0,nan,nan,4.229363784665579,2.843254646547835,nan,0.9090226914067536,0.02247361141378873,0.0,0.0,0.0,0.0,0.0,0.0,0.0,0.0,0.0,0.0,0.0,0.0,0.0,0.0,0.0,0.0,0.0,0.0,0.0,0.0,0.0,0.0,0.0,0.0,0.02483443708609272,0.9437086092715233,9.325331125827816,15.422185430463578,4.122516556291392,0.1614238410596027,0.908359138179442,0.022697597481896255,0.0,0.0,0.0,0.0,0.0,0.0,0.0,0.0,0.0,0.0,0.0,0.0,0.0,0.0,0.0,0.0,0.0,0.0,0.0,0.0,0.0,0.0,0.0,0.0,0.012931034482758624,0.9310344827586209,9.750000000000002,15.245689655172416,3.956896551724139,0.10344827586206899,0.392,0.01128,0.0,0.0,0.0,0.0,0.0,0.0,0.0,0.0,0.0,0.0,0.33526490066225173,22.562086092715198,7.102649006622518,0.0,0.0,0.0,0.0,0.0,0.0,0.0,0.0,0.0,0.0,0.0,0.0,0.0,0.0,0.0,0.0,0.0,0.392,0.011406,0.0,0.0,0.0,0.0,0.0,0.0,0.0,0.0,0.0,0.0,0.31034482758620696,22.20258620689652,7.487068965517243,0.0,0.0,0.0,0.0,0.0,0.0,0.0,0.0,0.0,0.0,0.0,0.0,0.0,0.0,0.0,0.0,0.0
43200,4469,2335,0.5224882524054598,1088,892,0.4430521369433878,1241,0.5553815171179235,0.4020000000000001,2.957825679475164,3.0123305103578812,6.319286871961102,2.0865007526867028,8382.489594987694,506.18724239188083,7853.0,8866.4,8866.4,0.0,7853.0,0.0,28.377936898635042,21.06175144755377,33.189153439153436,19.33226430604234,0.13358693219959722,0.09800850302081003,0.0957708659655404,0.08950548221078541,0.0785410606399642,0.07026180353546654,0.06578652942492727,0.06891922130230477,0.05840232714253748,0.05101812486014769,0.049004251510405016,0.04206757663906914,0.03513090176773327,0.02662788095770866,0.016782277914522265,0.012307003803982993,0.00827925710449765,0.9081032318566357,0.022670467020239435,0.0,0.0,0.0,0.0,0.0,0.0,0.0,0.0,0.0,0.0,0.0,0.0,0.0,0.0,0.0,0.0,0.0,0.0,0.0,0.0,0.0,0.0,0.0,0.0,0.02685164466323563,0.9599462967106738,10.19691206086373,14.828820765271876,3.839785186842695,0.14768404564779594,4.176572218382861,2.780297175303659,nan,nan,nan,4.217213114754099,2.7790844294582904,4.13296011196641,2.780862518393278,0.9800216397665733,0.3916,0.011406,0.0,0.0,0.0,0.0,0.0,0.0,0.0,0.0,0.0,0.0,0.40277466994853445,22.723204296263113,6.874021033788321,0.0,0.0,0.0,0.0,0.0,0.0,0.0,0.0,0.0,0.0,0.0,0.0,0.0,0.0,0.0,0.0,0.0,nan,nan,4.176572218382861,2.780297175303659,nan,0.3916,0.05786,0.0,0.0,0.0,0.0,0.0,0.0,0.0,0.0,0.0,0.0,0.0,0.0,0.0,0.0,0.0,0.0,0.0,0.0,0.0,0.000693667487133587,0.0,0.0,6.712911165808905e-05,0.0003468337435667935,0.0010293130454240322,0.006220631013649586,0.008670843589169837,0.005773103602595659,0.0316066234056836,0.00864846721861714,0.014309688968449318,0.02220854777355113,0.03508614902662788,0.04676661445513538,0.013090176773327366,0.05034683374356679,0.05710449765048109,0.07604609532333856,0.07932423360930857,0.09337659431640188,0.04892593421347057,0.04541284403669725,0.0896173640635489,0.07842917878720071,0.03324009845603043,0.034526739762810475,0.0196464533452674,0.020698142761244126,0.017453569031103153,0.018147236518236742,0.01005817856343701,0.008402327142537481,0.016166927724323116,0.005101812486014768,1.1188185276348177e-05,0.002405459834414858,0.0005817856343701052,0.0,0.00011188185276348176,0.0003468337435667935,0.0,0.0,0.0,0.0,0.0,0.0,0.0,0.0,0.0,0.0,0.0,0.0,0.0,0.0,0.0,0.0,0.0,0.0,0.0,0.0,0.0,0.0,0.0,0.0,0.0,0.0,0.0,0.0,0.0,0.0,0.0,0.0,0.0,0.0,0.0,0.0,0.0,0.0,0.0,0.0,0.0,nan,nan,4.176572218382861,2.780297175303659,nan,0.9078315830588085,0.02293067374308569,0.0,0.0,0.0,0.0,0.0,0.0,0.0,0.0,0.0,0.0,0.0,0.0,0.0,0.0,0.0,0.0,0.0,0.0,0.0,0.0,0.0,0.0,0.0,0.0,0.025695931477516067,1.0406852248394005,10.201284796573878,14.749464668094221,3.8158458244111357,0.16702355460385443,0.9084004670688787,0.022378508323648485,0.0,0.0,0.0,0.0,0.0,0.0,0.0,0.0,0.0,0.0,0.0,0.0,0.0,0.0,0.0,0.0,0.0,0.0,0.0,0.0,0.0,0.0,0.0,0.0,0.028116213683224,0.8716026241799439,10.192127460168699,14.915651358950331,3.8659793814433,0.12652296157450799,0.3916,0.01137,0.0,0.0,0.0,0.0,0.0,0.0,0.0,0.0,0.0,0.0,0.37259100642398296,22.74089935760168,6.886509635974305,0.0,0.0,0.0,0.0,0.0,0.0,0.0,0.0,0.0,0.0,0.0,0.0,0.0,0.0,0.0,0.0,0.0,0.3916,0.011444,0.0,0.0,0.0,0.0,0.0,0.0,0.0,0.0,0.0,0.0,0.43580131208997197,22.70384254920334,6.860356138706656,0.0,0.0,0.0,0.0,0.0,0.0,0.0,0.0,0.0,0.0,0.0,0.0,0.0,0.0,0.0,0.0,0.0
43300,4355,2317,0.5320321469575201,1068,858,0.44225028702640645,1196,0.5492537313432836,0.3940000000000001,2.979882237487733,3.011441640076779,6.368866328257191,2.043348807547587,8392.16137772675,505.65912327978526,7853.0,8866.4,8866.399999999998,1.8189894035458565e-12,7853.0,0.0,28.548335246842708,21.00686332233023,33.42103832563197,19.205324047455225,0.13639494833524685,0.0989667049368542,0.09001148105625717,0.08289322617680826,0.0764638346727899,0.078300803673938,0.0679678530424799,0.06636050516647532,0.06061997703788748,0.04776119402985075,0.045005740528128585,0.046842709529276695,0.03949483352468427,0.02663605051664753,0.021814006888633754,0.009414466130884041,0.005051664753157291,0.9084799617494699,0.022468039986913328,0.0,0.0,0.0,0.0,0.0,0.0,0.0,0.0,0.0,0.0,0.0,0.0,0.0,0.0,0.0,0.0,0.0,0.0,0.0,0.0,0.0,0.0,0.0,0.0,0.020665901262916193,0.9919632606199772,9.375430539609646,15.699196326062001,3.788748564867969,0.12399540757749715,4.168369144064812,2.7948223368810923,nan,nan,nan,4.188343994314144,2.8283126436892654,4.146750524109015,2.761315882287458,0.9900692325507184,0.391,0.01143,0.0,0.0,0.0,0.0,0.0,0.0,0.0,0.0,0.0,0.0,0.3650975889781861,23.09758897818596,6.530424799081517,0.0068886337543053976,0.0,0.0,0.0,0.0,0.0,0.0,0.0,0.0,0.0,0.0,0.0,0.0,0.0,0.0,0.0,0.0,nan,nan,4.168369144064812,2.7948223368810923,nan,0.391,0.0579,0.0,0.0,0.0,0.0,0.0,0.0,0.0,0.0,0.0,0.0,0.0,0.0,0.0,0.0,0.0,0.0,0.0,0.0,0.0,0.0014695752009184844,0.0,0.0,0.0001148105625717566,0.00024110218140068886,0.001354764638346728,0.004948335246842709,0.009161882893226177,0.007083811710677382,0.03297359357060849,0.007921928817451206,0.013157290470723306,0.02156142365097589,0.034695752009184844,0.04590126291618829,0.013432835820895522,0.05208955223880597,0.05856486796785304,0.0735820895522388,0.08293915040183697,0.09001148105625717,0.04880597014925373,0.046567164179104475,0.09041331802525833,0.07510907003444317,0.03458094144661309,0.033639494833524686,0.020895522388059702,0.02225028702640643,0.017898966704936854,0.017715269804822045,0.00965556831228473,0.007543053960964409,0.016406429391504017,0.0047876004592422505,3.444316877152698e-05,0.001791044776119403,0.00025258323765786454,0.0,8.036739380022962e-05,0.0003673938002296211,0.0,0.0,0.0,0.0,0.0,0.0,0.0,0.0,0.0,0.0,0.0,0.0,0.0,0.0,0.0,0.0,0.0,0.0,0.0,0.0,0.0,0.0,0.0,0.0,0.0,0.0,0.0,0.0,0.0,0.0,0.0,0.0,0.0,0.0,0.0,0.0,0.0,0.0,0.0,0.0,0.0,nan,nan,4.168369144064812,2.7948223368810923,nan,0.9079777067418648,0.022265757963145616,0.0,0.0,0.0,0.0,0.0,0.0,0.0,0.0,0.0,0.0,0.0,0.0,0.0,0.0,0.0,0.0,0.0,0.0,0.0,0.0,0.0,0.0,0.0,0.0,0.012947777298230474,0.9451877427708245,9.801467414760468,15.420802762192494,3.754855416486837,0.06473888649115236,0.9090509749254371,0.022682318898709492,0.0,0.0,0.0,0.0,0.0,0.0,0.0,0.0,0.0,0.0,0.0,0.0,0.0,0.0,0.0,0.0,0.0,0.0,0.0,0.0,0.0,0.0,0.0,0.0,0.0294406280667321,1.0451422963689894,8.891069676153093,16.01570166830226,3.827281648675173,0.19136408243375863,0.3914,0.01147,0.0,0.0,0.0,0.0,0.0,0.0,0.0,0.0,0.0,0.0,0.33664220975399234,22.95640914976259,6.694000863185154,0.012947777298230474,0.0,0.0,0.0,0.0,0.0,0.0,0.0,0.0,0.0,0.0,0.0,0.0,0.0,0.0,0.0,0.0,0.391,0.011375,0.0,0.0,0.0,0.0,0.0,0.0,0.0,0.0,0.0,0.0,0.3974484789008833,23.258096172718318,6.344455348380767,0.0,0.0,0.0,0.0,0.0,0.0,0.0,0.0,0.0,0.0,0.0,0.0,0.0,0.0,0.0,0.0,0.0
43400,4267,2281,0.5345676119053199,1064,840,0.44621513944223107,1167,0.5469885165221468,0.4220000000000001,3.015105740181269,3.1149144867420175,6.618374558303887,2.1157197710138096,8394.730817904849,505.4876178472792,7853.0,8866.4,8866.4,0.0,7853.0,0.0,28.843918443871573,21.194967198931277,33.602153506350085,19.464232606682664,0.12913053667682212,0.10311694398875088,0.09163346613545817,0.07944691820951488,0.08155612842746661,0.07499414108272791,0.06679165690180455,0.06421373330208577,0.05530817904851183,0.05319896883056011,0.055776892430278883,0.043355987813452075,0.035153503632528706,0.028357159596906493,0.016639325052730254,0.012655261307710336,0.008671197562690415,0.9073710094326297,0.02272860392582334,0.0,0.0,0.0,0.0,0.0,0.0,0.0,0.0,0.0,0.0,0.0,0.0,0.0,0.0,0.0,0.0,0.0,0.0,0.0,0.0,0.0,0.0,0.0,0.0,0.014061401453011487,1.0897586126083902,10.17342395125381,14.88399343801266,3.6559643777829867,0.18279821888914935,4.20564084255623,2.9289790978703443,nan,nan,nan,4.236209335219236,2.9164589370133176,4.1767676767676765,2.941185368226277,0.9859681961518355,0.391,0.011154,0.0,0.0,0.0,0.0,0.0,0.0,0.0,0.0,0.0,0.0,0.3304429341457699,23.180220295289395,6.489336770564801,0.0,0.0,0.0,0.0,0.0,0.0,0.0,0.0,0.0,0.0,0.0,0.0,0.0,0.0,0.0,0.0,0.0,nan,nan,4.20564084255623,2.9289790978703443,nan,0.391,0.05786,0.0,0.0,0.0,0.0,0.0,0.0,0.0,0.0,0.0,0.0,0.0,0.0,0.0,0.0,0.0,0.0,0.0,0.0,0.0,0.001347550972580267,0.0,0.0,3.515350363252871e-05,5.858917272088118e-05,0.0009491445980782751,0.005343332552144363,0.009561752988047808,0.007405671431919381,0.03261073353644246,0.0073353644246543235,0.014002812280290603,0.022099835950316383,0.03557534567611905,0.045289430513241156,0.013733302085774548,0.053316147176001874,0.058940707757206466,0.07120928052495899,0.08161471760018749,0.08914928521209281,0.052191235059760956,0.04934380126552613,0.08523552847433795,0.07472463088821187,0.03592688071244434,0.03177876728380595,0.02275603468479025,0.02117412702132646,0.020318725099601594,0.016674478556362785,0.00952659948441528,0.008917272088118116,0.013909069603937193,0.004968361846730724,0.0003515350363252871,0.0019217248652449027,0.00023435669088352472,3.515350363252871e-05,8.202484180923365e-05,0.0003515350363252871,0.0,0.0,0.0,0.0,0.0,0.0,0.0,0.0,0.0,0.0,0.0,0.0,0.0,0.0,0.0,0.0,0.0,0.0,0.0,0.0,0.0,0.0,0.0,0.0,0.0,0.0,0.0,0.0,0.0,0.0,0.0,0.0,0.0,0.0,0.0,0.0,0.0,0.0,0.0,0.0,0.0,nan,nan,4.20564084255623,2.9289790978703443,nan,0.9070146848684024,0.02230624697513164,0.0,0.0,0.0,0.0,0.0,0.0,0.0,0.0,0.0,0.0,0.0,0.0,0.0,0.0,0.0,0.0,0.0,0.0,0.0,0.0,0.0,0.0,0.0,0.0,0.026304252520824207,0.9338009644892593,10.587461639631742,14.782989916703203,3.485313459009207,0.18412976764576944,0.9077802623686834,0.023197462073846462,0.0,0.0,0.0,0.0,0.0,0.0,0.0,0.0,0.0,0.0,0.0,0.0,0.0,0.0,0.0,0.0,0.0,0.0,0.0,0.0,0.0,0.0,0.0,0.0,0.0,1.2688821752265864,9.697885196374624,15.000000000000004,3.851963746223566,0.1812688821752266,0.3909,0.01123,0.0,0.0,0.0,0.0,0.0,0.0,0.0,0.0,0.0,0.0,0.3945637878123631,22.950460324419083,6.654975887768524,0.0,0.0,0.0,0.0,0.0,0.0,0.0,0.0,0.0,0.0,0.0,0.0,0.0,0.0,0.0,0.0,0.0,0.3914,0.01106,0.0,0.0,0.0,0.0,0.0,0.0,0.0,0.0,0.0,0.0,0.2567975830815711,23.44410876132927,6.299093655589125,0.0,0.0,0.0,0.0,0.0,0.0,0.0,0.0,0.0,0.0,0.0,0.0,0.0,0.0,0.0,0.0,0.0
43500,4414,2290,0.5188038060715904,1058,890,0.44132306298142276,1230,0.5573176257362936,0.4180000000000001,3.0386064030131825,3.151452768972205,6.697115384615385,2.1962069602675007,8378.755777072949,506.3415520773955,7853.0,8866.4,8866.399999999998,1.8189894035458565e-12,7853.0,0.0,28.256456728590848,21.33998679641238,33.35426251691475,19.591962605765133,0.1425011327594019,0.09764386044404169,0.09447213411871319,0.08291798821930221,0.08201178069777978,0.07680108744902582,0.06547349342999546,0.05754417761667422,0.058676937018577256,0.054825555052106935,0.04802899864068872,0.0348889895786135,0.031717263253285,0.029904848210240146,0.02242863615768011,0.011327594019030359,0.008835523334843678,0.9078155444199865,0.02287333672553724,0.0,0.0,0.0,0.0,0.0,0.0,0.0,0.0,0.0,0.0,0.0,0.0,0.0,0.0,0.0,0.0,0.0,0.0,0.0,0.0,0.0,0.0,0.0,0.0,0.04077933846850929,0.9922972360670596,9.950158586316268,14.959220661531495,3.928409605799729,0.1291345718169461,4.354225352112676,2.94154609244954,nan,nan,nan,4.3331029716655145,2.9244630299569203,4.376166547020818,2.9590273048876075,1.009938276481519,0.3909,0.011215,0.0,0.0,0.0,0.0,0.0,0.0,0.0,0.0,0.0,0.0,0.47575894879927516,23.271409152695934,6.2392387856819225,0.013593112822836434,0.0,0.0,0.0,0.0,0.0,0.0,0.0,0.0,0.0,0.0,0.0,0.0,0.0,0.0,0.0,0.0,nan,nan,4.354225352112676,2.94154609244954,nan,0.3909,0.05746,0.0,0.0,0.0,0.0,0.0,0.0,0.0,0.0,0.0,0.0,0.0,0.0,0.0,0.0,0.0,0.0,0.0,0.0,0.0,0.001359311282283643,1.1327594019030359e-05,0.0,0.0,5.663797009515179e-05,0.0012913457181694607,0.0053806071590394204,0.008608971454463071,0.007759401903035795,0.031128228364295425,0.006196193928409606,0.014193475305845039,0.023550067965564116,0.03385817852288174,0.04774580879021296,0.013389216130493884,0.054236520163117356,0.058608971454463074,0.06941549614861803,0.08373357498867241,0.08952197553239692,0.05573176257362936,0.05220888083371092,0.08266878115088355,0.07279111916628908,0.03471907566832805,0.0329859537834164,0.022949705482555507,0.02059356592659719,0.02151110104213865,0.01425011327594019,0.008914816492976891,0.008960126869053012,0.012426370638876303,0.006445400996828274,0.0002152242863615768,0.001993656547349343,0.00018124150430448574,0.0,0.00016991391028545538,0.00020389669234254645,0.0,0.0,0.0,0.0,0.0,0.0,3.398278205709107e-05,0.0,0.0,0.0,0.0,0.0,0.0,0.0,0.0,0.0,0.0,0.0,0.0,0.0,0.0,0.0,0.0,0.0,0.0,0.0,0.0,0.0,0.0,0.0,0.0,0.0,0.0,0.0,0.0,0.0,0.0,0.0,0.0,0.0,0.0,nan,nan,4.354225352112676,2.94154609244954,nan,0.9076490079471639,0.02261902004782847,0.0,0.0,0.0,0.0,0.0,0.0,0.0,0.0,0.0,0.0,0.0,0.0,0.0,0.0,0.0,0.0,0.0,0.0,0.0,0.0,0.0,0.0,0.0,0.0,0.03930131004366813,0.9825327510917032,9.995633187772928,15.065502183406117,3.799126637554586,0.11790393013100439,0.9079950964551861,0.023143056453158638,0.0,0.0,0.0,0.0,0.0,0.0,0.0,0.0,0.0,0.0,0.0,0.0,0.0,0.0,0.0,0.0,0.0,0.0,0.0,0.0,0.0,0.0,0.0,0.0,0.04237288135593221,1.0028248587570623,9.901129943502827,14.844632768361585,4.067796610169492,0.14124293785310738,0.3909,0.01115,0.0,0.0,0.0,0.0,0.0,0.0,0.0,0.0,0.0,0.0,0.48471615720524025,23.39737991266372,6.104803493449784,0.01310043668122271,0.0,0.0,0.0,0.0,0.0,0.0,0.0,0.0,0.0,0.0,0.0,0.0,0.0,0.0,0.0,0.0,0.3909,0.01129,0.0,0.0,0.0,0.0,0.0,0.0,0.0,0.0,0.0,0.0,0.4661016949152543,23.135593220338947,6.384180790960453,0.014124293785310738,0.0,0.0,0.0,0.0,0.0,0.0,0.0,0.0,0.0,0.0,0.0,0.0,0.0,0.0,0.0,0.0
43600,4416,2306,0.5221920289855072,1101,895,0.4519927536231884,1236,0.5597826086956522,0.4140000000000001,3.0099526066350712,3.124190207514608,6.648556876061121,2.164010014657813,8382.189402173914,506.20066850001274,7853.0,8866.4,8866.4,0.0,7853.0,0.0,28.04778079710145,20.76101352475689,32.774417982338775,19.06470282645781,0.13383152173913043,0.10235507246376811,0.09669384057971014,0.08491847826086957,0.07789855072463768,0.0745018115942029,0.06793478260869565,0.06793478260869565,0.059782608695652176,0.05389492753623189,0.04461050724637681,0.043478260869565216,0.030344202898550724,0.029438405797101448,0.015172101449275362,0.010643115942028986,0.006567028985507246,0.9089015692040541,0.02273606031301922,0.0,0.0,0.0,0.0,0.0,0.0,0.0,0.0,0.0,0.0,0.0,0.0,0.0,0.0,0.0,0.0,0.0,0.0,0.0,0.0,0.0,0.0,0.0,0.0,0.027173913043478267,0.910326086956522,9.347826086956523,15.66576086956522,3.8451086956521747,0.203804347826087,4.250175192711983,2.909844520586738,nan,nan,nan,4.248045486851457,2.914614320068243,4.25224602626123,2.9051975681103728,1.000988816956592,0.3914,0.011116,0.0,0.0,0.0,0.0,0.0,0.0,0.0,0.0,0.0,0.0,0.37364130434782616,23.08423913043475,6.542119565217393,0.0,0.0,0.0,0.0,0.0,0.0,0.0,0.0,0.0,0.0,0.0,0.0,0.0,0.0,0.0,0.0,0.0,nan,nan,4.250175192711983,2.909844520586738,nan,0.3914,0.0569,0.0,0.0,0.0,0.0,0.0,0.0,0.0,0.0,0.0,0.0,0.0,0.0,0.0,0.0,0.0,0.0,0.0,0.0,0.0,0.0015625,0.0,0.0,0.0,7.925724637681159e-05,0.0013020833333333333,0.005502717391304348,0.007914402173913043,0.008559782608695651,0.029370471014492753,0.006125452898550724,0.01297554347826087,0.021139039855072463,0.03323143115942029,0.047203351449275364,0.014288949275362318,0.054540307971014494,0.05381567028985507,0.07025588768115942,0.08848505434782608,0.09106657608695652,0.05952219202898551,0.051268115942028986,0.08278985507246377,0.07274682971014493,0.03365036231884058,0.03404664855072464,0.022950634057971014,0.021761775362318842,0.02212409420289855,0.013971920289855073,0.008548460144927536,0.00918251811594203,0.011628170289855072,0.00613677536231884,0.0003509963768115942,0.0013247282608695652,0.00026041666666666666,0.0,0.00028306159420289856,0.0,0.0,0.0,0.0,0.0,0.0,0.0,3.3967391304347826e-05,0.0,0.0,0.0,0.0,0.0,0.0,0.0,0.0,0.0,0.0,0.0,0.0,0.0,0.0,0.0,0.0,0.0,0.0,0.0,0.0,0.0,0.0,0.0,0.0,0.0,0.0,0.0,0.0,0.0,0.0,0.0,0.0,0.0,0.0,nan,nan,4.250175192711983,2.909844520586738,nan,0.9093465103548916,0.022622626837179756,0.0,0.0,0.0,0.0,0.0,0.0,0.0,0.0,0.0,0.0,0.0,0.0,0.0,0.0,0.0,0.0,0.0,0.0,0.0,0.0,0.0,0.0,0.0,0.0,0.02601908065915005,0.8456201214223766,9.119687771032092,15.728534258456204,4.111014744145708,0.16912402428447534,0.9084152970268828,0.022849480324873966,0.0,0.0,0.0,0.0,0.0,0.0,0.0,0.0,0.0,0.0,0.0,0.0,0.0,0.0,0.0,0.0,0.0,0.0,0.0,0.0,0.0,0.0,0.0,0.0,0.028436018957345977,0.9810426540284363,9.597156398104268,15.59715639810427,3.5545023696682474,0.2417061611374408,0.3914,0.0109,0.0,0.0,0.0,0.0,0.0,0.0,0.0,0.0,0.0,0.0,0.3122289679098006,23.32610581092798,6.361665221162188,0.0,0.0,0.0,0.0,0.0,0.0,0.0,0.0,0.0,0.0,0.0,0.0,0.0,0.0,0.0,0.0,0.0,0.3914,0.01133,0.0,0.0,0.0,0.0,0.0,0.0,0.0,0.0,0.0,0.0,0.44075829383886267,22.819905213270108,6.739336492890997,0.0,0.0,0.0,0.0,0.0,0.0,0.0,0.0,0.0,0.0,0.0,0.0,0.0,0.0,0.0,0.0,0.0
43700,4574,2365,0.5170529077393966,1077,977,0.4490599038041102,1302,0.5693047660690861,0.4100000000000001,2.93662290629244,3.0726179522559507,6.6256323777403034,2.220132619839817,8376.981416703104,506.40521584669074,7853.0,8866.4,8866.399999999998,1.8189894035458565e-12,7853.0,0.0,27.573021425448186,20.571412568200973,32.38051948051948,18.87197839552888,0.1386095321381723,0.10494097070397901,0.0924792304328815,0.08285964145168342,0.08395277656318322,0.08220376038478355,0.0660253607345868,0.06471359860078706,0.05640577175338872,0.05203323130738959,0.048097944905990384,0.04022737210319195,0.03323130738959335,0.02229995627459554,0.017271534761696544,0.009838216003498032,0.004809794490599038,0.9098734997040223,0.02234366489809309,0.0,0.0,0.0,0.0,0.0,0.0,0.0,0.0,0.0,0.0,0.0,0.0,0.0,0.0,0.0,0.0,0.0,0.0,0.0,0.0,0.0,0.0,0.0,0.0,0.00655881066899869,0.8723218189768257,8.880629645824225,15.787057280279846,4.2697857455181465,0.18364669873196332,4.254427792915531,2.878733356052511,nan,nan,nan,4.302989130434782,2.9046049981940794,4.205601092896175,2.8516501395628375,0.9773673521855336,0.3916,0.01145,0.0,0.0,0.0,0.0,0.0,0.0,0.0,0.0,0.0,0.0,0.37385220813292536,22.68692610406643,6.932662877131615,0.00655881066899869,0.0,0.0,0.0,0.0,0.0,0.0,0.0,0.0,0.0,0.0,0.0,0.0,0.0,0.0,0.0,0.0,nan,nan,4.254427792915531,2.878733356052511,nan,0.3916,0.05685,0.0,0.0,0.0,0.0,0.0,0.0,0.0,0.0,0.0,0.0,0.0,0.0,0.0,0.0,0.0,0.0,0.0,0.0,0.0,0.0016069086139046786,0.0,0.0,0.0,3.279405334499344e-05,0.0011368605159597727,0.005290773939658942,0.007684739833843463,0.008668561434193266,0.028563620463489287,0.005181460428508964,0.014965019676432007,0.0189986882378662,0.033766943594228244,0.04810887625710538,0.015478793178836905,0.05571709663314386,0.053793178836904244,0.06836466987319632,0.08977918670747705,0.08985570616528203,0.058570179274158286,0.050721469173589856,0.08136204634892873,0.0765085264538697,0.03305640577175339,0.03459772627896808,0.023163533012680367,0.020682116309575862,0.02140358548316572,0.01344556187144731,0.009182334936598164,0.009094884127678182,0.012986445124617402,0.005673371228683865,0.000644949715784871,0.00130083078268474,0.0002404897245299519,0.0,0.00034980323567993004,0.0,0.0,0.0,0.0,0.0,0.0,0.0,2.1862702229995627e-05,0.0,0.0,0.0,0.0,0.0,0.0,0.0,0.0,0.0,0.0,0.0,0.0,0.0,0.0,0.0,0.0,0.0,0.0,0.0,0.0,0.0,0.0,0.0,0.0,0.0,0.0,0.0,0.0,0.0,0.0,0.0,0.0,0.0,0.0,nan,nan,4.254427792915531,2.878733356052511,nan,0.9099711847103675,0.0222067009862708,0.0,0.0,0.0,0.0,0.0,0.0,0.0,0.0,0.0,0.0,0.0,0.0,0.0,0.0,0.0,0.0,0.0,0.0,0.0,0.0,0.0,0.0,0.0,0.0,0.012684989429175479,0.875264270613108,8.917547568710361,15.691331923890067,4.350951374207189,0.15221987315010574,0.9097689161639562,0.02248890635937263,0.0,0.0,0.0,0.0,0.0,0.0,0.0,0.0,0.0,0.0,0.0,0.0,0.0,0.0,0.0,0.0,0.0,0.0,0.0,0.0,0.0,0.0,0.0,0.0,0.0,0.8691715708465371,8.84110457220462,15.889542779538257,4.182888184698959,0.21729289271163427,0.3916,0.01145,0.0,0.0,0.0,0.0,0.0,0.0,0.0,0.0,0.0,0.0,0.38054968287526436,22.655391120507367,6.964059196617337,0.0,0.0,0.0,0.0,0.0,0.0,0.0,0.0,0.0,0.0,0.0,0.0,0.0,0.0,0.0,0.0,0.0,0.3914,0.011444,0.0,0.0,0.0,0.0,0.0,0.0,0.0,0.0,0.0,0.0,0.36668175645088286,22.72068809416022,6.899049343594388,0.013580805794477142,0.0,0.0,0.0,0.0,0.0,0.0,0.0,0.0,0.0,0.0,0.0,0.0,0.0,0.0,0.0,0.0
43800,4656,2384,0.5120274914089347,1167,969,0.4587628865979381,1337,0.5743127147766323,0.4020000000000001,2.984154929577465,3.062252402858675,6.444272445820434,2.160543235226759,8371.888659793814,506.5533797858134,7853.0,8866.4,8866.399999999998,1.8189894035458565e-12,7853.0,0.0,28.33848797250859,20.893294517365476,33.37845445240532,19.009595068641485,0.1404639175257732,0.09321305841924399,0.08698453608247422,0.08440721649484537,0.07989690721649484,0.08054123711340207,0.0740979381443299,0.06486254295532647,0.057345360824742266,0.0547680412371134,0.043599656357388314,0.042310996563573885,0.03457903780068729,0.02813573883161512,0.01675257731958763,0.010738831615120275,0.007302405498281787,0.9101778670146907,0.022772827519815363,0.0,0.0,0.0,0.0,0.0,0.0,0.0,0.0,0.0,0.0,0.0,0.0,0.0,0.0,0.0,0.0,0.0,0.0,0.0,0.0,0.0,0.0,0.0,0.0,0.012886597938144333,0.7603092783505156,9.020618556701033,15.380154639175261,4.67139175257732,0.154639175257732,4.17193096711169,2.8542826568689446,nan,nan,nan,4.19044502617801,2.8808789763364326,4.153596889176928,2.8275789205068698,0.9912066291835617,0.3909,0.01082,0.0,0.0,0.0,0.0,0.0,0.0,0.0,0.0,0.0,0.0,0.3994845360824743,23.737113402061823,5.8634020618556715,0.0,0.0,0.0,0.0,0.0,0.0,0.0,0.0,0.0,0.0,0.0,0.0,0.0,0.0,0.0,0.0,0.0,nan,nan,4.17193096711169,2.8542826568689446,nan,0.3909,0.05682,0.0,0.0,0.0,0.0,0.0,0.0,0.0,0.0,0.0,0.0,0.0,0.0,0.0,0.0,0.0,0.0,0.0,0.0,0.0,0.0015893470790378007,0.0,0.0,0.0,0.0,0.0008161512027491409,0.005176116838487972,0.006185567010309278,0.008687714776632303,0.030229810996563574,0.005358676975945017,0.015968642611683848,0.020446735395189004,0.03512671821305842,0.0492590206185567,0.015367268041237113,0.05757087628865979,0.05672250859106529,0.06455111683848798,0.08562070446735395,0.0896692439862543,0.06087843642611684,0.05080541237113402,0.08227018900343643,0.0749463058419244,0.029961340206185568,0.03458977663230241,0.023249570446735396,0.02079037800687285,0.0226159793814433,0.014304123711340206,0.009117268041237114,0.008515893470790377,0.011791237113402062,0.0053264604810996565,0.00032216494845360824,0.0014712199312714776,0.00039733676975945017,1.0738831615120276e-05,0.0002577319587628866,0.0,0.0,0.0,0.0,0.0,0.0,0.0,3.2216494845360825e-05,0.0,0.0,0.0,0.0,0.0,0.0,0.0,0.0,0.0,0.0,0.0,0.0,0.0,0.0,0.0,0.0,0.0,0.0,0.0,0.0,0.0,0.0,0.0,0.0,0.0,0.0,0.0,0.0,0.0,0.0,0.0,0.0,0.0,0.0,nan,nan,4.17193096711169,2.8542826568689446,nan,0.9102991925890014,0.022996885832109334,0.0,0.0,0.0,0.0,0.0,0.0,0.0,0.0,0.0,0.0,0.0,0.0,0.0,0.0,0.0,0.0,0.0,0.0,0.0,0.0,0.0,0.0,0.0,0.0,0.025167785234899334,0.7424496644295304,9.135906040268457,15.302013422818796,4.593120805369129,0.20134228187919467,0.9100505606022099,0.02253462677142547,0.0,0.0,0.0,0.0,0.0,0.0,0.0,0.0,0.0,0.0,0.0,0.0,0.0,0.0,0.0,0.0,0.0,0.0,0.0,0.0,0.0,0.0,0.0,0.0,0.0,0.7790492957746481,8.899647887323946,15.462147887323948,4.753521126760564,0.10563380281690143,0.391,0.010796,0.0,0.0,0.0,0.0,0.0,0.0,0.0,0.0,0.0,0.0,0.36493288590604034,23.55704697986574,6.07802013422819,0.0,0.0,0.0,0.0,0.0,0.0,0.0,0.0,0.0,0.0,0.0,0.0,0.0,0.0,0.0,0.0,0.0,0.3906,0.01083,0.0,0.0,0.0,0.0,0.0,0.0,0.0,0.0,0.0,0.0,0.4357394366197184,23.926056338028133,5.638204225352114,0.0,0.0,0.0,0.0,0.0,0.0,0.0,0.0,0.0,0.0,0.0,0.0,0.0,0.0,0.0,0.0,0.0
43900,4613,2387,0.5174506828528073,1161,938,0.4550184261868632,1318,0.5714285714285714,0.3980000000000001,2.97214734950584,3.0616804703686387,6.422664624808576,2.121625169343704,8377.384522003036,506.3912989788864,7853.0,8866.4,8866.4,0.0,7853.0,0.0,27.93258183394754,20.72365234505279,32.925542916235784,18.90038489592294,0.1411229135053111,0.09538261435074788,0.094515499674832,0.08497723823975721,0.08259267288098851,0.07240407543897681,0.07088662475612399,0.06741816605246044,0.054628224582701064,0.057229568610448735,0.04443962714068936,0.04140472577498374,0.03446780836765662,0.027314112291350532,0.017775850856275744,0.007587253414264037,0.0058530240624322565,0.9100075732361798,0.022543086092222046,0.0,0.0,0.0,0.0,0.0,0.0,0.0,0.0,0.0,0.0,0.0,0.0,0.0,0.0,0.0,0.0,0.0,0.0,0.0,0.0,0.0,0.0,0.0,0.0,0.013006720138738352,0.8909603295035771,8.9876436158682,15.491003685237375,4.448298287448516,0.16908736180359857,4.222110888443554,2.823184873871906,nan,nan,nan,4.162618083670715,2.800834780351293,4.28259430840503,2.843401481614224,1.0288222994093459,0.3916,0.0111,0.0,0.0,0.0,0.0,0.0,0.0,0.0,0.0,0.0,0.0,0.30565792326035124,23.086928246260534,6.600910470409714,0.006503360069369176,0.0,0.0,0.0,0.0,0.0,0.0,0.0,0.0,0.0,0.0,0.0,0.0,0.0,0.0,0.0,0.0,nan,nan,4.222110888443554,2.823184873871906,nan,0.3916,0.05652,0.0,0.0,0.0,0.0,0.0,0.0,0.0,0.0,0.0,0.0,0.0,0.0,0.0,0.0,0.0,0.0,0.0,0.0,0.0,0.0011164101452417082,0.0,4.3355733795794494e-05,1.0838933448948623e-05,2.1677866897897247e-05,0.001148926945588554,0.00511597658790375,0.006655105137654454,0.008638629958812052,0.029416865380446564,0.005679601127249079,0.01534792976371125,0.018101018859744203,0.034207673964881856,0.048558421851289835,0.016106655105137653,0.05739215261218296,0.054454801647517884,0.06439410362020377,0.08766529373509646,0.08892261001517451,0.06309343160632994,0.051192282679384346,0.08338391502276175,0.07815954910036853,0.030500758725341425,0.03369824409278127,0.022772599176241057,0.020171255148493387,0.02140689356167353,0.014264036418816389,0.00912638196401474,0.009549100368523737,0.01133752438760026,0.005701278994146976,0.00040104053761109905,0.0015933232169954477,0.00043355733795794494,0.0,0.00021677866897897247,0.0,0.0,0.0,0.0,0.0,0.0,0.0,0.0,0.0,0.0,0.0,0.0,0.0,0.0,0.0,0.0,0.0,0.0,0.0,0.0,0.0,0.0,0.0,0.0,0.0,0.0,0.0,0.0,0.0,0.0,0.0,0.0,0.0,0.0,0.0,0.0,0.0,0.0,0.0,0.0,0.0,0.0,nan,nan,4.222110888443554,2.823184873871906,nan,0.9101912194732646,0.022240325242627725,0.0,0.0,0.0,0.0,0.0,0.0,0.0,0.0,0.0,0.0,0.0,0.0,0.0,0.0,0.0,0.0,0.0,0.0,0.0,0.0,0.0,0.0,0.0,0.0,0.0,0.84206116464181,9.149560117302054,15.358190196899878,4.4993715961457905,0.15081692501047342,0.9098106444096201,0.022861651429584327,0.0,0.0,0.0,0.0,0.0,0.0,0.0,0.0,0.0,0.0,0.0,0.0,0.0,0.0,0.0,0.0,0.0,0.0,0.0,0.0,0.0,0.0,0.0,0.0,0.02695417789757413,0.9433962264150946,8.81401617250674,15.633423180592995,4.393530997304583,0.1886792452830189,0.3914,0.011,0.0,0.0,0.0,0.0,0.0,0.0,0.0,0.0,0.0,0.0,0.33933808127356524,23.18810222036025,6.472559698366151,0.0,0.0,0.0,0.0,0.0,0.0,0.0,0.0,0.0,0.0,0.0,0.0,0.0,0.0,0.0,0.0,0.0,0.3916,0.0112,0.0,0.0,0.0,0.0,0.0,0.0,0.0,0.0,0.0,0.0,0.2695417789757413,22.978436657681907,6.7385444743935325,0.013477088948787064,0.0,0.0,0.0,0.0,0.0,0.0,0.0,0.0,0.0,0.0,0.0,0.0,0.0,0.0,0.0,0.0
44000,4705,2454,0.5215727948990436,1104,975,0.44187035069075453,1361,0.5785334750265675,0.39000000000000007,2.9613505108840514,3.0030073401591473,6.2017673048600885,2.2480093891917377,8381.561870350692,506.22815866442016,7853.0,8866.4,8866.399999999998,1.8189894035458565e-12,7853.0,0.0,28.956216790648245,21.302641769683277,33.88534070907719,19.474900291236874,0.1341126461211477,0.09861849096705633,0.0869287991498406,0.0820403825717322,0.08246546227417641,0.07460148777895856,0.0671625929861849,0.05951115834218916,0.061211477151965996,0.051647183846971305,0.05100956429330499,0.04165781083953241,0.03953241232731137,0.030818278427205102,0.020616365568544102,0.011477151965993623,0.006588735387885228,0.9108166660183168,0.022466446412226934,0.0,0.0,0.0,0.0,0.0,0.0,0.0,0.0,0.0,0.0,0.0,0.0,0.0,0.0,0.0,0.0,0.0,0.0,0.0,0.0,0.0,0.0,0.0,0.0,0.006376195536663126,0.7715196599362383,8.614240170031882,15.959617428267803,4.476089266737514,0.17215727948990442,4.146498870603421,2.8023804886116537,nan,nan,nan,4.160550458715596,2.751821169592937,4.1328671328671325,2.850506113728943,0.9933462348015821,0.3916,0.0111,0.0,0.0,0.0,0.0,0.0,0.0,0.0,0.0,0.0,0.0,0.3251859723698194,22.833156216790613,6.841657810839534,0.0,0.0,0.0,0.0,0.0,0.0,0.0,0.0,0.0,0.0,0.0,0.0,0.0,0.0,0.0,0.0,0.0,nan,nan,4.146498870603421,2.8023804886116537,nan,0.3916,0.056,0.0,0.0,0.0,0.0,0.0,0.0,0.0,0.0,0.0,0.0,0.0,0.0,0.0,0.0,0.0,0.0,0.0,0.0,0.0,0.0011583421891604676,1.0626992561105207e-05,0.0,0.0,0.0,0.0010626992561105207,0.005781083953241233,0.00589798087141339,0.009330499468650373,0.028076514346439957,0.0057173219978746016,0.013719447396386822,0.01730074388947928,0.03332624867162593,0.04718384697130712,0.01731137088204038,0.05973432518597237,0.055823591923485655,0.06473963868225292,0.08834218916046759,0.08684378320935175,0.06435706695005314,0.05077577045696068,0.08276301806588736,0.07987247608926673,0.030435706695005314,0.034824654622741764,0.022444208289054197,0.02,0.02312433581296493,0.014941551540913922,0.008012752391073326,0.008947927736450584,0.010669500531349628,0.005132837407013815,0.000616365568544102,0.0011902231668437832,0.0002763018065887354,8.501594048884166e-05,0.0001700318809776833,0.0,0.0,0.0,0.0,0.0,0.0,0.0,0.0,0.0,0.0,0.0,0.0,0.0,0.0,0.0,0.0,0.0,0.0,0.0,0.0,0.0,0.0,0.0,0.0,0.0,0.0,0.0,0.0,0.0,0.0,0.0,0.0,0.0,0.0,0.0,0.0,0.0,0.0,0.0,0.0,0.0,0.0,nan,nan,4.146498870603421,2.8023804886116537,nan,0.9108087430907734,0.02224727800319392,0.0,0.0,0.0,0.0,0.0,0.0,0.0,0.0,0.0,0.0,0.0,0.0,0.0,0.0,0.0,0.0,0.0,0.0,0.0,0.0,0.0,0.0,0.0,0.0,0.012224938875305626,0.6723716381418094,8.814180929095356,15.916870415647924,4.400977995110026,0.1833740831295844,0.9108253034524312,0.022702966268239887,0.0,0.0,0.0,0.0,0.0,0.0,0.0,0.0,0.0,0.0,0.0,0.0,0.0,0.0,0.0,0.0,0.0,0.0,0.0,0.0,0.0,0.0,0.0,0.0,0.0,0.8796090626388274,8.396268325188807,16.006219458018663,4.5579742336739235,0.1599289204797868,0.3916,0.01098,0.0,0.0,0.0,0.0,0.0,0.0,0.0,0.0,0.0,0.0,0.3300733496332519,22.970660146699235,6.699266503667483,0.0,0.0,0.0,0.0,0.0,0.0,0.0,0.0,0.0,0.0,0.0,0.0,0.0,0.0,0.0,0.0,0.0,0.3916,0.01122,0.0,0.0,0.0,0.0,0.0,0.0,0.0,0.0,0.0,0.0,0.3198578409595736,22.683251888049725,6.996890270990672,0.0,0.0,0.0,0.0,0.0,0.0,0.0,0.0,0.0,0.0,0.0,0.0,0.0,0.0,0.0,0.0,0.0
44100,4355,2279,0.5233065442020666,1100,858,0.44959816303099887,1191,0.5469575200918485,0.4020000000000001,2.9908477842003856,3.1320355182257513,6.592905405405405,2.259697645817095,8383.318851894373,506.14922684440745,7853.0,8866.4,8866.4,0.0,7853.0,0.0,28.5451205510907,20.840743698106714,33.127390250471315,19.142714222036748,0.1272101033295063,0.10057405281285878,0.09207807118254879,0.08610792192881746,0.08450057405281286,0.07072330654420207,0.0730195177956372,0.06567164179104477,0.059931113662456945,0.05120551090700345,0.046842709529276695,0.044316877152698046,0.03145809414466131,0.029621125143513203,0.021354764638346728,0.011021814006888633,0.004362801377726751,0.9102754139599105,0.02291695499325314,0.0,0.0,0.0,0.0,0.0,0.0,0.0,0.0,0.0,0.0,0.0,0.0,0.0,0.0,0.0,0.0,0.0,0.0,0.0,0.0,0.0,0.0,0.0,0.0,0.0,0.9024110218140071,8.872560275545352,15.50631458094145,4.560275545350173,0.15843857634902414,4.1736232900736585,2.933320500505513,nan,nan,nan,4.114245416078984,2.906814648057741,4.2304469273743015,2.9582703540087003,1.0282436995229276,0.392,0.011154,0.0,0.0,0.0,0.0,0.0,0.0,0.0,0.0,0.0,0.0,0.2755453501722159,22.463834672789865,7.260619977037889,0.0,0.0,0.0,0.0,0.0,0.0,0.0,0.0,0.0,0.0,0.0,0.0,0.0,0.0,0.0,0.0,0.0,nan,nan,4.1736232900736585,2.933320500505513,nan,0.392,0.0557,0.0,0.0,0.0,0.0,0.0,0.0,0.0,0.0,0.0,0.0,0.0,0.0,0.0,0.0,0.0,0.0,0.0,1.148105625717566e-05,0.0,0.001148105625717566,0.0,0.0,0.0,2.296211251435132e-05,0.000574052812858783,0.006211251435132032,0.005694603903559127,0.009667049368541906,0.025970149253731343,0.005683122847301952,0.013559127439724455,0.01685419058553387,0.032456946039035595,0.04634902411021814,0.017887485648679678,0.0569345579793341,0.06079219288174512,0.06537313432835822,0.08649827784156143,0.08469575200918485,0.060470723306544204,0.05181400688863375,0.08756601607347876,0.08440872560275545,0.03160734787600459,0.034052812858783005,0.021412169919632608,0.019115958668197475,0.0225947187141217,0.01502870264064294,0.007600459242250287,0.009954075774971297,0.010574052812858782,0.005051664753157291,0.0005510907003444317,0.0012055109070034443,0.00035591274397244545,5.74052812858783e-05,0.00019517795637198624,0.0,0.0,0.0,0.0,0.0,0.0,0.0,0.0,0.0,0.0,0.0,0.0,0.0,0.0,0.0,0.0,0.0,0.0,0.0,0.0,0.0,0.0,0.0,0.0,0.0,0.0,0.0,0.0,0.0,0.0,0.0,0.0,0.0,0.0,0.0,0.0,0.0,0.0,0.0,0.0,0.0,0.0,nan,nan,4.1736232900736585,2.933320500505513,nan,0.9108894383138395,0.02292399232498411,0.0,0.0,0.0,0.0,0.0,0.0,0.0,0.0,0.0,0.0,0.0,0.0,0.0,0.0,0.0,0.0,0.0,0.0,0.0,0.0,0.0,0.0,0.0,0.0,0.0,0.8424747696358054,8.635366388767004,15.5857832382624,4.752084247476964,0.18429135585783243,0.9096013477255154,0.022890269217602583,0.0,0.0,0.0,0.0,0.0,0.0,0.0,0.0,0.0,0.0,0.0,0.0,0.0,0.0,0.0,0.0,0.0,0.0,0.0,0.0,0.0,0.0,0.0,0.0,0.0,0.9682080924855494,9.132947976878615,15.419075144508675,4.34971098265896,0.1300578034682081,0.3923,0.01119,0.0,0.0,0.0,0.0,0.0,0.0,0.0,0.0,0.0,0.0,0.3027643703378675,22.37823606845104,7.318999561211059,0.0,0.0,0.0,0.0,0.0,0.0,0.0,0.0,0.0,0.0,0.0,0.0,0.0,0.0,0.0,0.0,0.0,0.392,0.0111,0.0,0.0,0.0,0.0,0.0,0.0,0.0,0.0,0.0,0.0,0.2456647398843931,22.55780346820806,7.196531791907516,0.0,0.0,0.0,0.0,0.0,0.0,0.0,0.0,0.0,0.0,0.0,0.0,0.0,0.0,0.0,0.0,0.0
44200,4274,2256,0.5278427702386523,1076,873,0.4560131024801123,1203,0.5629386991109031,0.4100000000000001,3.008424182358771,3.082034709874969,6.62962962962963,2.026379044536821,8387.915863359849,505.91378223454046,7853.0,8866.4,8866.4,0.0,7853.0,0.0,27.815161441272814,20.6093189707165,32.70704539125592,18.845927445288332,0.13851193261581657,0.10248011230697239,0.09124941506785213,0.0795507721104352,0.08540009358914366,0.08072063640617688,0.06832007487131493,0.06527842770238652,0.061534861956013105,0.05334581188582124,0.04539073467477773,0.038137576041179226,0.030416471689284044,0.02503509592887225,0.018483855872718766,0.010996724379971923,0.005147402901263453,0.9116458634544768,0.022620424016675012,0.0,0.0,0.0,0.0,0.0,0.0,0.0,0.0,0.0,0.0,0.0,0.0,0.0,0.0,0.0,0.0,0.0,0.0,0.0,0.0,0.0,0.0,0.0,0.0,0.01403837154890033,0.7159569489939168,8.430042115114649,15.758072063640622,4.843238184370614,0.23865231633130563,4.246198406951485,2.9334018061195066,nan,nan,nan,4.195936139332366,2.933354707851688,4.296242774566474,2.9325929636063472,1.0239056629803878,0.3918,0.011154,0.0,0.0,0.0,0.0,0.0,0.0,0.0,0.0,0.0,0.0,0.3018249883013571,22.707065980346247,6.991109031352365,0.0,0.0,0.0,0.0,0.0,0.0,0.0,0.0,0.0,0.0,0.0,0.0,0.0,0.0,0.0,0.0,0.0,nan,nan,4.246198406951485,2.9334018061195066,nan,0.3918,0.05585,0.0,0.0,0.0,0.0,0.0,0.0,0.0,0.0,0.0,0.0,0.0,0.0,0.0,0.0,0.0,0.0,0.0,0.0,0.0,0.0011347683668694432,0.0,0.0,0.0,0.00015208235844642022,0.00057323350491343,0.005814225549836219,0.005790828263921385,0.010376696303228825,0.02545624707533926,0.0053345811885821244,0.015079550772110435,0.01700982686008423,0.03284978942442677,0.04728591483387927,0.017208703790360318,0.05846981750116986,0.06051708001871783,0.06511464670098269,0.08426532522227421,0.08488535329901731,0.06054047730463266,0.05473795039775386,0.08693261581656528,0.08155124005615348,0.03145765091249415,0.032510528778661674,0.020659803462798314,0.01972391202620496,0.022683668694431447,0.015114646700982686,0.00844642021525503,0.009756668226485727,0.01142957416939635,0.005182498830135704,0.00035095928872250817,0.0011113710809546092,0.00030416471689284044,0.00015208235844642022,3.509592887225082e-05,0.0,0.0,0.0,0.0,0.0,0.0,0.0,0.0,0.0,0.0,0.0,0.0,0.0,0.0,0.0,0.0,0.0,0.0,0.0,0.0,0.0,0.0,0.0,0.0,0.0,0.0,0.0,0.0,0.0,0.0,0.0,0.0,0.0,0.0,0.0,0.0,0.0,0.0,0.0,0.0,0.0,0.0,nan,nan,4.246198406951485,2.9334018061195066,nan,0.9116486550856989,0.022368283825581654,0.0,0.0,0.0,0.0,0.0,0.0,0.0,0.0,0.0,0.0,0.0,0.0,0.0,0.0,0.0,0.0,0.0,0.0,0.0,0.0,0.0,0.0,0.0,0.0,0.013297872340425535,0.6648936170212767,8.617021276595747,15.465425531914898,5.039893617021278,0.19946808510638303,0.9116427425823079,0.022899014325015794,0.0,0.0,0.0,0.0,0.0,0.0,0.0,0.0,0.0,0.0,0.0,0.0,0.0,0.0,0.0,0.0,0.0,0.0,0.0,0.0,0.0,0.0,0.0,0.0,0.014866204162537169,0.7730426164519328,8.221010901883055,16.085232903865215,4.623389494549059,0.2824578790882062,0.392,0.011,0.0,0.0,0.0,0.0,0.0,0.0,0.0,0.0,0.0,0.0,0.2792553191489362,22.81914893617018,6.9015957446808525,0.0,0.0,0.0,0.0,0.0,0.0,0.0,0.0,0.0,0.0,0.0,0.0,0.0,0.0,0.0,0.0,0.0,0.3918,0.011314,0.0,0.0,0.0,0.0,0.0,0.0,0.0,0.0,0.0,0.0,0.3270564915758177,22.581764122893922,7.091179385530229,0.0,0.0,0.0,0.0,0.0,0.0,0.0,0.0,0.0,0.0,0.0,0.0,0.0,0.0,0.0,0.0,0.0
44300,4412,2294,0.5199456029011786,1073,898,0.44673617407071625,1225,0.5553037171350861,0.4060000000000001,3.0018885741265344,3.1646650733213533,6.785095320623917,2.1947439260179444,8379.912873980054,506.2966815272111,7853.0,8866.4,8866.399999999998,1.8189894035458565e-12,7853.0,0.0,27.68993653671804,20.785830096860586,32.7438958220293,19.008210220686564,0.14392565729827742,0.09836808703535811,0.0899818676337262,0.08816863100634632,0.08318223028105168,0.08182230281051678,0.06550317316409791,0.0643699002719855,0.057796917497733455,0.047597461468721666,0.04805077062556664,0.04079782411604715,0.031958295557570265,0.02243880326382593,0.01813236627379873,0.011332728921124207,0.00657298277425204,0.9117443961304961,0.022482562358853226,0.0,0.0,0.0,0.0,0.0,0.0,0.0,0.0,0.0,0.0,0.0,0.0,0.0,0.0,0.0,0.0,0.0,0.0,0.0,0.0,0.0,0.0,0.0,0.0,0.013599274705349051,0.6187669990933818,8.336355394378968,15.958748866727111,4.7801450589301915,0.2923844061650046,4.3959588798298475,2.9798278400739853,nan,nan,nan,4.430183356840621,3.0020665369830426,4.361368496079829,2.956778960170486,0.9844668143013686,0.392,0.01135,0.0,0.0,0.0,0.0,0.0,0.0,0.0,0.0,0.0,0.0,0.38757932910244797,22.34360834088845,7.255213055303718,0.013599274705349051,0.0,0.0,0.0,0.0,0.0,0.0,0.0,0.0,0.0,0.0,0.0,0.0,0.0,0.0,0.0,0.0,nan,nan,4.3959588798298475,2.9798278400739853,nan,0.392,0.05606,0.0,0.0,0.0,0.0,0.0,0.0,0.0,0.0,0.0,0.0,0.0,0.0,0.0,0.0,0.0,0.0,0.0,0.0,0.0,0.001371260199456029,0.0,6.799637352674524e-05,0.0,0.00024932003626473257,0.00022665457842248413,0.006029011786038078,0.006187669990933817,0.010437443336355394,0.025203989120580236,0.0055303717135086125,0.013293291024478694,0.017180417044424297,0.033306890299184044,0.04696282864913871,0.017441069809610153,0.055054397098821393,0.059904805077062556,0.06778105167724388,0.08421350861287398,0.08650271985494107,0.0625,0.05662964641885766,0.08495013599274705,0.07838848594741614,0.031131006346328195,0.031561650045330916,0.021475521305530373,0.018948322756119674,0.023674070716228467,0.016523118766999093,0.007536264732547597,0.01042611060743427,0.012726654578422484,0.004510426110607434,0.00043064369900271983,0.001042611060743427,0.0003739800543970988,0.00015865820489573888,6.799637352674524e-05,0.0,0.0,0.0,0.0,0.0,0.0,0.0,0.0,0.0,0.0,0.0,0.0,0.0,0.0,0.0,0.0,0.0,0.0,0.0,0.0,0.0,0.0,0.0,0.0,0.0,0.0,0.0,0.0,0.0,0.0,0.0,0.0,0.0,0.0,0.0,0.0,0.0,0.0,0.0,0.0,0.0,0.0,nan,nan,4.3959588798298475,2.9798278400739853,nan,0.9119404076542559,0.022706317023465258,0.0,0.0,0.0,0.0,0.0,0.0,0.0,0.0,0.0,0.0,0.0,0.0,0.0,0.0,0.0,0.0,0.0,0.0,0.0,0.0,0.0,0.0,0.0,0.0,0.02615518744551003,0.6408020924149957,8.26503923278117,15.980819529206629,4.734088927637315,0.35309503051438546,0.9115320965858762,0.022235725499979143,0.0,0.0,0.0,0.0,0.0,0.0,0.0,0.0,0.0,0.0,0.0,0.0,0.0,0.0,0.0,0.0,0.0,0.0,0.0,0.0,0.0,0.0,0.0,0.0,0.0,0.594900849858357,8.41359773371105,15.934844192634564,4.830028328611899,0.22662889518413604,0.392,0.01123,0.0,0.0,0.0,0.0,0.0,0.0,0.0,0.0,0.0,0.0,0.30078465562336537,22.611159546643385,7.074978204010463,0.013077593722755016,0.0,0.0,0.0,0.0,0.0,0.0,0.0,0.0,0.0,0.0,0.0,0.0,0.0,0.0,0.0,0.0,0.392,0.01148,0.0,0.0,0.0,0.0,0.0,0.0,0.0,0.0,0.0,0.0,0.48158640226628907,22.0538243626062,7.450424929178472,0.014164305949008502,0.0,0.0,0.0,0.0,0.0,0.0,0.0,0.0,0.0,0.0,0.0,0.0,0.0,0.0,0.0,0.0
44400,4263,2214,0.5193525686136523,1027,863,0.4433497536945813,1190,0.5582922824302134,0.4180000000000001,3.022938018545632,3.0806565944245197,6.413379073756432,2.1936191744963804,8379.311893033077,506.32031724162437,7853.0,8866.4,8866.400000000001,1.8189894035458565e-12,7853.0,0.0,28.65728360309641,21.322750706967895,33.60011123470523,19.551242958216456,0.1360544217687075,0.10204081632653061,0.09195402298850575,0.07858315740089139,0.07952146375791697,0.07389162561576355,0.06779263429509735,0.06357025568848229,0.05606380483227774,0.05348346235045742,0.050668543279380716,0.04316209242317617,0.03260614590663852,0.02979122683556181,0.02040816326530612,0.011494252873563218,0.008913910391742904,0.9119034008103974,0.02269197766607065,0.0,0.0,0.0,0.0,0.0,0.0,0.0,0.0,0.0,0.0,0.0,0.0,0.0,0.0,0.0,0.0,0.0,0.0,0.0,0.0,0.0,0.0,0.0,0.0,0.007037297677691768,0.5911330049261084,8.43771991555243,15.812807881773402,4.890921885995779,0.26038001407459543,4.26978417266187,2.8479237590903344,nan,nan,nan,4.2532561505065125,2.845434603105806,4.284180386542591,2.8503827351720297,1.0072707203473734,0.3926,0.0115,0.0,0.0,0.0,0.0,0.0,0.0,0.0,0.0,0.0,0.0,0.31667839549612953,22.047853624208273,7.6354679802955685,0.0,0.0,0.0,0.0,0.0,0.0,0.0,0.0,0.0,0.0,0.0,0.0,0.0,0.0,0.0,0.0,0.0,nan,nan,4.26978417266187,2.8479237590903344,nan,0.3926,0.0566,0.0,0.0,0.0,0.0,0.0,0.0,0.0,0.0,0.0,0.0,0.0,0.0,0.0,0.0,0.0,0.0,0.0,0.0,0.0,0.001325357729298616,0.0,0.00016420361247947455,0.0,0.00036359371334740794,0.00018766127140511376,0.006427398545625147,0.006826178747361013,0.010262725779967159,0.026002814919071075,0.005512549847525217,0.011423879896786301,0.01654937837203847,0.03278207834858081,0.04795918367346939,0.017569786535303777,0.05486746422707014,0.05810462115880835,0.06470795214637579,0.0861834388927985,0.09064039408866995,0.06306591602158104,0.05554773633591368,0.08425991086089608,0.07390335444522636,0.03169129720853859,0.030647431386347644,0.022108843537414966,0.019247009148486982,0.025134881538822425,0.017405582922824302,0.006732348111658457,0.010978184377199156,0.014285714285714285,0.004714989444053483,0.0005043396669012432,0.0010790523105794043,0.0006216279615294393,8.210180623973728e-05,0.00012901712409101572,0.0,0.0,0.0,0.0,0.0,0.0,0.0,0.0,0.0,0.0,0.0,0.0,0.0,0.0,0.0,0.0,0.0,0.0,0.0,0.0,0.0,0.0,0.0,0.0,0.0,0.0,0.0,0.0,0.0,0.0,0.0,0.0,0.0,0.0,0.0,0.0,0.0,0.0,0.0,0.0,0.0,0.0,nan,nan,4.26978417266187,2.8479237590903344,nan,0.9119222423410028,0.022875085309229062,0.0,0.0,0.0,0.0,0.0,0.0,0.0,0.0,0.0,0.0,0.0,0.0,0.0,0.0,0.0,0.0,0.0,0.0,0.0,0.0,0.0,0.0,0.0,0.0,0.013550135501355016,0.6639566395663957,8.414634146341465,15.69105691056911,4.9593495934959355,0.2574525745257453,0.9118830420262294,0.02249243167779499,0.0,0.0,0.0,0.0,0.0,0.0,0.0,0.0,0.0,0.0,0.0,0.0,0.0,0.0,0.0,0.0,0.0,0.0,0.0,0.0,0.0,0.0,0.0,0.0,0.0,0.5124450951683749,8.462664714494878,15.944363103953151,4.816983894582724,0.26354319180087854,0.3928,0.01125,0.0,0.0,0.0,0.0,0.0,0.0,0.0,0.0,0.0,0.0,0.2574525745257453,22.168021680216768,7.574525745257454,0.0,0.0,0.0,0.0,0.0,0.0,0.0,0.0,0.0,0.0,0.0,0.0,0.0,0.0,0.0,0.0,0.0,0.392,0.01174,0.0,0.0,0.0,0.0,0.0,0.0,0.0,0.0,0.0,0.0,0.3806734992679357,21.91800878477303,7.701317715959006,0.0,0.0,0.0,0.0,0.0,0.0,0.0,0.0,0.0,0.0,0.0,0.0,0.0,0.0,0.0,0.0,0.0
44500,4368,2256,0.5164835164835165,1065,898,0.4494047619047619,1237,0.5663919413919414,0.4100000000000001,2.988162878787879,3.070101425254431,6.478896103896104,2.117385382809532,8376.404395604397,506.4245779654574,7853.0,8866.4,8866.4,0.0,7853.0,0.0,28.59180402930403,21.173327453743,33.72501365374112,19.26392684062493,0.1407967032967033,0.09638278388278389,0.0853937728937729,0.08470695970695971,0.07875457875457875,0.07142857142857142,0.07211538461538461,0.06341575091575091,0.06227106227106227,0.05448717948717949,0.048534798534798536,0.038232600732600736,0.03502747252747253,0.029304029304029304,0.020604395604395604,0.01098901098901099,0.007554945054945055,0.9125940446015243,0.022852562093051816,0.0,0.0,0.0,0.0,0.0,0.0,0.0,0.0,0.0,0.0,0.0,0.0,0.0,0.0,0.0,0.0,0.0,0.0,0.0,0.0,0.0,0.0,0.0,0.0,0.00686813186813187,0.6868131868131869,8.063186813186816,15.769230769230772,5.2129120879120885,0.26098901098901106,4.262312259867272,2.849098214031211,nan,nan,nan,4.2709632709632706,2.8901166640785125,4.253521126760563,2.806774048514204,0.9959161099976461,0.3916,0.01135,0.0,0.0,0.0,0.0,0.0,0.0,0.0,0.0,0.0,0.0,0.4120879120879122,22.77472527472524,6.806318681318683,0.00686813186813187,0.0,0.0,0.0,0.0,0.0,0.0,0.0,0.0,0.0,0.0,0.0,0.0,0.0,0.0,0.0,0.0,nan,nan,4.262312259867272,2.849098214031211,nan,0.3916,0.0564,0.0,0.0,0.0,0.0,0.0,0.0,0.0,0.0,0.0,0.0,0.0,0.0,0.0,0.0,0.0,0.0,0.0,0.0,0.0,0.0016025641025641025,0.0,0.00016025641025641026,0.0,0.0003205128205128205,0.00013736263736263736,0.006891025641025641,0.00641025641025641,0.01163003663003663,0.02757554945054945,0.005311355311355312,0.010966117216117215,0.015831043956043955,0.03381410256410256,0.04449404761904762,0.016804029304029303,0.0544757326007326,0.06138965201465201,0.06650641025641026,0.09081959706959707,0.09305173992673993,0.059661172161172164,0.058619505494505494,0.08531364468864469,0.07022664835164835,0.03231456043956044,0.02851419413919414,0.01949404761904762,0.01746794871794872,0.02590430402930403,0.016597985347985348,0.006101190476190476,0.011252289377289377,0.013610347985347986,0.004727564102564102,0.00035485347985347984,0.0007898351648351648,0.0006753663003663004,0.00010302197802197802,6.868131868131868e-05,0.0,0.0,0.0,1.1446886446886447e-05,0.0,0.0,0.0,0.0,0.0,0.0,0.0,0.0,0.0,0.0,0.0,0.0,0.0,0.0,0.0,0.0,0.0,0.0,0.0,0.0,0.0,0.0,0.0,0.0,0.0,0.0,0.0,0.0,0.0,0.0,0.0,0.0,0.0,0.0,0.0,0.0,0.0,0.0,nan,nan,4.262312259867272,2.849098214031211,nan,0.9122582175207476,0.023091187746700083,0.0,0.0,0.0,0.0,0.0,0.0,0.0,0.0,0.0,0.0,0.0,0.0,0.0,0.0,0.0,0.0,0.0,0.0,0.0,0.0,0.0,0.0,0.0,0.0,0.0,0.8111702127659577,8.125000000000002,15.558510638297875,5.239361702127661,0.2659574468085107,0.9129527689832629,0.02258936879816843,0.0,0.0,0.0,0.0,0.0,0.0,0.0,0.0,0.0,0.0,0.0,0.0,0.0,0.0,0.0,0.0,0.0,0.0,0.0,0.0,0.0,0.0,0.0,0.0,0.014204545454545458,0.5539772727272728,7.997159090909093,15.994318181818185,5.184659090909092,0.25568181818181823,0.3916,0.01171,0.0,0.0,0.0,0.0,0.0,0.0,0.0,0.0,0.0,0.0,0.4521276595744682,22.420212765957416,7.1143617021276615,0.013297872340425535,0.0,0.0,0.0,0.0,0.0,0.0,0.0,0.0,0.0,0.0,0.0,0.0,0.0,0.0,0.0,0.0,0.3916,0.010956,0.0,0.0,0.0,0.0,0.0,0.0,0.0,0.0,0.0,0.0,0.36931818181818193,23.153409090909058,6.477272727272729,0.0,0.0,0.0,0.0,0.0,0.0,0.0,0.0,0.0,0.0,0.0,0.0,0.0,0.0,0.0,0.0,0.0
44600,4386,2371,0.5405836753305974,1129,834,0.4475604195166439,1176,0.5362517099863201,0.4300000000000001,3.069478908188586,3.1980354509969167,6.820033955857386,2.157202016998111,8400.827496580026,505.0281368647292,7853.0,8866.4,8866.399999999998,1.8189894035458565e-12,7853.0,0.0,28.362745098039216,20.91397637432715,33.22393300918422,19.133719782666574,0.1354309165526676,0.09849521203830369,0.08823529411764706,0.08777929776561788,0.08230734154126768,0.07250341997264022,0.07660738714090287,0.05859553123575011,0.058823529411764705,0.05722754217966256,0.047879616963064295,0.037163702690378476,0.033287733698130414,0.027131782945736434,0.0196078431372549,0.012539899680802553,0.006383948928408573,0.9136673729549083,0.023306979935637264,0.0,0.0,0.0,0.0,0.0,0.0,0.0,0.0,0.0,0.0,0.0,0.0,0.0,0.0,0.0,0.0,0.0,0.0,0.0,0.0,0.0,0.0,0.0,0.0,0.013679890560875516,0.8002735978112178,7.421340629274967,15.779753761969907,5.656634746922026,0.32831737346101236,4.204975473020323,2.997142375757566,nan,nan,nan,4.21358543417367,3.037563205250926,4.196353436185134,2.9560859130907793,0.9959103717587453,0.3918,0.01122,0.0,0.0,0.0,0.0,0.0,0.0,0.0,0.0,0.0,0.0,0.26675786593707257,22.934336525307764,6.792065663474694,0.006839945280437758,0.0,0.0,0.0,0.0,0.0,0.0,0.0,0.0,0.0,0.0,0.0,0.0,0.0,0.0,0.0,0.0,nan,nan,4.204975473020323,2.997142375757566,nan,0.3918,0.05612,0.0,0.0,0.0,0.0,0.0,0.0,0.0,0.0,0.0,0.0,0.0,0.0,0.0,0.0,0.0,0.0,0.0,0.0,0.0,0.000980392156862745,0.0,0.00025079799361605107,0.0,0.00013679890560875513,4.5599635202918376e-05,0.0061901504787961695,0.0054035567715458276,0.010237118103055175,0.027485180118559053,0.005802553579571363,0.010202918376652987,0.016792065663474694,0.036502507979936163,0.04610123119015048,0.01712266301869585,0.05318057455540356,0.05999772001823985,0.07244642042863657,0.08730050159598723,0.09345645234838121,0.05939352485180119,0.0578203374373005,0.08858869129046967,0.067875056999544,0.03060875512995896,0.027154582763337893,0.018581851345189238,0.018661650706794347,0.026538987688098495,0.016814865481076153,0.005551755585955312,0.010522115823073415,0.014477884176926584,0.004742362061103511,0.0003875968992248062,0.0011627906976744186,0.0012311901504787962,7.979936160510716e-05,0.0001709986320109439,0.0,0.0,0.0,0.0,0.0,0.0,0.0,0.0,0.0,0.0,0.0,0.0,0.0,0.0,0.0,0.0,0.0,0.0,0.0,0.0,0.0,0.0,0.0,0.0,0.0,0.0,0.0,0.0,0.0,0.0,0.0,0.0,0.0,0.0,0.0,0.0,0.0,0.0,0.0,0.0,0.0,0.0,nan,nan,4.204975473020323,2.997142375757566,nan,0.9138725615663903,0.023249266351258704,0.0,0.0,0.0,0.0,0.0,0.0,0.0,0.0,0.0,0.0,0.0,0.0,0.0,0.0,0.0,0.0,0.0,0.0,0.0,0.0,0.0,0.0,0.0,0.0,0.0126528890763391,0.8603964571910588,7.098270771826235,15.929987347110927,5.757064529734291,0.3416280050611557,0.9134259326582215,0.0233724008215559,0.0,0.0,0.0,0.0,0.0,0.0,0.0,0.0,0.0,0.0,0.0,0.0,0.0,0.0,0.0,0.0,0.0,0.0,0.0,0.0,0.0,0.0,0.0,0.0,0.014888337468982634,0.729528535980149,7.8014888337469,15.6029776674938,5.538461538461539,0.3126550868486353,0.3918,0.011116,0.0,0.0,0.0,0.0,0.0,0.0,0.0,0.0,0.0,0.0,0.2024462252214256,22.851117671868376,6.933783213833827,0.0126528890763391,0.0,0.0,0.0,0.0,0.0,0.0,0.0,0.0,0.0,0.0,0.0,0.0,0.0,0.0,0.0,0.0,0.3918,0.01136,0.0,0.0,0.0,0.0,0.0,0.0,0.0,0.0,0.0,0.0,0.34243176178660056,23.032258064516096,6.625310173697272,0.0,0.0,0.0,0.0,0.0,0.0,0.0,0.0,0.0,0.0,0.0,0.0,0.0,0.0,0.0,0.0,0.0
44700,4728,2402,0.5080372250423012,1105,988,0.4426818950930626,1347,0.5697969543147208,0.3980000000000001,3.02536543422184,3.15012067897108,6.7725856697819315,2.0586408984035294,8367.844923857869,506.6345331847695,7853.0,8866.4,8866.4,0.0,7853.0,0.0,27.974407783417934,20.89937368687788,32.98738329548322,19.109914679360255,0.141497461928934,0.09961928934010152,0.09496615905245347,0.08439086294416244,0.07571912013536379,0.07212351945854484,0.06747038917089679,0.06747038917089679,0.06345177664974619,0.05266497461928934,0.047800338409475465,0.037859560067681895,0.03468697123519458,0.024746192893401017,0.018401015228426396,0.01015228426395939,0.006979695431472081,0.913172643499326,0.02338760179489402,0.0,0.0,0.0,0.0,0.0,0.0,0.0,0.0,0.0,0.0,0.0,0.0,0.0,0.0,0.0,0.0,0.0,0.0,0.0,0.0,0.0,0.0,0.0,0.0,0.012690355329949242,0.7170050761421322,7.912436548223352,15.526649746192897,5.431472081218276,0.39974619289340113,4.372898120672601,2.890646387903725,nan,nan,nan,4.360289283366207,2.875062412233438,4.38558201058201,2.9061836199201614,1.0058006993509103,0.392,0.01119,0.0,0.0,0.0,0.0,0.0,0.0,0.0,0.0,0.0,0.0,0.3299492385786803,22.214467005076113,7.4492385786802044,0.006345177664974621,0.0,0.0,0.0,0.0,0.0,0.0,0.0,0.0,0.0,0.0,0.0,0.0,0.0,0.0,0.0,0.0,nan,nan,4.372898120672601,2.890646387903725,nan,0.392,0.05643,0.0,0.0,0.0,0.0,0.0,0.0,0.0,0.0,0.0,0.0,0.0,0.0,0.0,0.0,0.0,0.0,0.0,0.0,0.0,0.0009200507614213198,0.0,0.00022208121827411168,0.0,7.402707275803723e-05,5.287648054145516e-05,0.005826988155668358,0.0055203045685279185,0.01013113367174281,0.030784686971235195,0.005668358714043993,0.01015228426395939,0.017956852791878173,0.03606175972927242,0.044934433164128595,0.017502115059221657,0.04851945854483926,0.05666243654822335,0.07035744500846024,0.08682318104906937,0.0991751269035533,0.05600676818950931,0.06013113367174281,0.09040820642978004,0.0682741116751269,0.032053722504230116,0.026417089678511,0.01999788494077834,0.0188663282571912,0.023857868020304568,0.01739636209813875,0.0061971235194585444,0.011209813874788494,0.013610406091370559,0.004885786802030457,0.0003066835871404399,0.000983502538071066,0.001321912013536379,0.00042301184433164127,0.0003066835871404399,0.0,0.0,0.0,0.0,0.0,0.0,0.0,0.0,0.0,0.0,0.0,0.0,0.0,0.0,0.0,0.0,0.0,0.0,0.0,0.0,0.0,0.0,0.0,0.0,0.0,0.0,0.0,0.0,0.0,0.0,0.0,0.0,0.0,0.0,0.0,0.0,0.0,0.0,0.0,0.0,0.0,0.0,nan,nan,4.372898120672601,2.890646387903725,nan,0.912577959867838,0.023409579028047394,0.0,0.0,0.0,0.0,0.0,0.0,0.0,0.0,0.0,0.0,0.0,0.0,0.0,0.0,0.0,0.0,0.0,0.0,0.0,0.0,0.0,0.0,0.0,0.0,0.012489592006661119,0.7868442964196505,7.993338884263116,15.699417152373025,5.0582847626977525,0.44962531223980023,0.9137867578943536,0.023348993564169675,0.0,0.0,0.0,0.0,0.0,0.0,0.0,0.0,0.0,0.0,0.0,0.0,0.0,0.0,0.0,0.0,0.0,0.0,0.0,0.0,0.0,0.0,0.0,0.0,0.012897678417884783,0.6448839208942392,7.8288907996560635,15.348237317282893,5.816852966466038,0.3482373172828892,0.3918,0.011475,0.0,0.0,0.0,0.0,0.0,0.0,0.0,0.0,0.0,0.0,0.3746877601998336,22.456286427976654,7.156536219816821,0.012489592006661119,0.0,0.0,0.0,0.0,0.0,0.0,0.0,0.0,0.0,0.0,0.0,0.0,0.0,0.0,0.0,0.0,0.3923,0.01089,0.0,0.0,0.0,0.0,0.0,0.0,0.0,0.0,0.0,0.0,0.28374892519346523,21.96474634565775,7.751504729148754,0.0,0.0,0.0,0.0,0.0,0.0,0.0,0.0,0.0,0.0,0.0,0.0,0.0,0.0,0.0,0.0,0.0
44800,4704,2430,0.5165816326530612,1128,947,0.4411139455782313,1322,0.5620748299319728,0.4100000000000001,2.9481090589270007,3.077843542912746,6.541538461538462,2.0929840535753517,8376.503826530612,506.4212884683353,7853.0,8866.4,8866.4,0.0,7853.0,0.0,28.215348639455783,21.069445285136208,33.041289023162136,19.37719372371279,0.13520408163265307,0.10310374149659864,0.09438775510204081,0.08524659863945579,0.0784438775510204,0.07461734693877552,0.06866496598639456,0.059736394557823126,0.05952380952380952,0.05654761904761905,0.04591836734693878,0.04124149659863945,0.03380102040816327,0.02572278911564626,0.017006802721088437,0.013605442176870748,0.007227891156462585,0.9118390207742753,0.023313477942652476,0.0,0.0,0.0,0.0,0.0,0.0,0.0,0.0,0.0,0.0,0.0,0.0,0.0,0.0,0.0,0.0,0.0,0.0,0.0,0.0,0.0,0.0,0.0,0.0,0.006377551020408165,0.6951530612244899,8.405612244897961,15.618622448979595,5.031887755102042,0.24234693877551025,4.2886259040105195,2.855527786638151,nan,nan,nan,4.2792674950948335,2.826316668757381,4.298083278255122,2.8847164831299454,1.004396963541507,0.3914,0.010925,0.0,0.0,0.0,0.0,0.0,0.0,0.0,0.0,0.0,0.0,0.2678571428571429,23.32270408163262,6.409438775510206,0.0,0.0,0.0,0.0,0.0,0.0,0.0,0.0,0.0,0.0,0.0,0.0,0.0,0.0,0.0,0.0,0.0,nan,nan,4.2886259040105195,2.855527786638151,nan,0.3914,0.05637,0.0,0.0,0.0,0.0,0.0,0.0,0.0,0.0,0.0,0.0,0.0,0.0,0.0,0.0,0.0,0.0,0.0,0.0,2.1258503401360543e-05,0.0010841836734693877,0.0,0.00020195578231292516,0.0,0.00011692176870748299,2.1258503401360543e-05,0.004868197278911564,0.005612244897959183,0.009523809523809525,0.032259778911564625,0.006016156462585034,0.010799319727891157,0.01916454081632653,0.036989795918367346,0.04625850340136054,0.018622448979591838,0.05092474489795919,0.054485544217687074,0.06715561224489795,0.08752125850340137,0.1025829081632653,0.054549319727891156,0.06095875850340136,0.08962585034013605,0.06528486394557823,0.034715136054421766,0.025584608843537415,0.019674744897959184,0.018154761904761906,0.023416241496598638,0.015476190476190477,0.005654761904761905,0.011096938775510204,0.013169642857142857,0.003964710884353742,0.00042517006802721087,0.0015093537414965987,0.0014243197278911565,0.000744047619047619,0.0003295068027210884,0.0,0.0,1.0629251700680271e-05,0.0,0.0,0.0,0.0,0.0,0.0,0.0,0.0,0.0,0.0,0.0,0.0,0.0,0.0,0.0,0.0,0.0,0.0,0.0,0.0,0.0,0.0,0.0,0.0,0.0,0.0,0.0,0.0,0.0,0.0,0.0,0.0,0.0,0.0,0.0,0.0,0.0,0.0,0.0,nan,nan,4.2886259040105195,2.855527786638151,nan,0.911755204323388,0.02293246452028973,0.0,0.0,0.0,0.0,0.0,0.0,0.0,0.0,0.0,0.0,0.0,0.0,0.0,0.0,0.0,0.0,0.0,0.0,0.0,0.0,0.0,0.0,0.0,0.0,0.0,0.5185185185185186,8.790123456790125,15.604938271604942,4.8271604938271615,0.2592592592592593,0.9119285871663845,0.023713536882798706,0.0,0.0,0.0,0.0,0.0,0.0,0.0,0.0,0.0,0.0,0.0,0.0,0.0,0.0,0.0,0.0,0.0,0.0,0.0,0.0,0.0,0.0,0.0,0.0,0.01319261213720317,0.8839050131926124,7.994722955145121,15.633245382585756,5.250659630606861,0.22427440633245388,0.391,0.01088,0.0,0.0,0.0,0.0,0.0,0.0,0.0,0.0,0.0,0.0,0.32098765432098775,23.580246913580215,6.098765432098767,0.0,0.0,0.0,0.0,0.0,0.0,0.0,0.0,0.0,0.0,0.0,0.0,0.0,0.0,0.0,0.0,0.0,0.3916,0.01098,0.0,0.0,0.0,0.0,0.0,0.0,0.0,0.0,0.0,0.0,0.21108179419525072,23.0474934036939,6.74142480211082,0.0,0.0,0.0,0.0,0.0,0.0,0.0,0.0,0.0,0.0,0.0,0.0,0.0,0.0,0.0,0.0,0.0
44900,4816,2480,0.5149501661129569,1205,967,0.45099667774086377,1332,0.553156146179402,0.4260000000000001,2.9122431506849313,3.1017981035399966,6.559322033898305,2.0992206719213815,8374.85049833887,506.47344688550425,7853.0,8866.4,8866.4,0.0,7853.0,0.0,28.007475083056477,20.883067755336235,33.04784333168072,19.067800162406307,0.14223421926910298,0.09572259136212624,0.09156976744186046,0.08617109634551495,0.08450996677740864,0.07786544850498339,0.06769102990033223,0.06208471760797342,0.05191029900332226,0.055024916943521594,0.050664451827242524,0.03903654485049834,0.03446843853820598,0.025539867109634552,0.01910299003322259,0.009759136212624584,0.006644518272425249,0.9107025310248632,0.022984414336417052,0.0,0.0,0.0,0.0,0.0,0.0,0.0,0.0,0.0,0.0,0.0,0.0,0.0,0.0,0.0,0.0,0.0,0.0,0.0,0.0,0.0,0.0,0.0,0.0,0.006229235880398673,0.7661960132890367,8.963870431893689,15.355066445182727,4.678156146179402,0.23048172757475088,4.193982074263764,2.9236138941357157,nan,nan,nan,4.222712933753943,2.910915206649947,4.164392462638077,2.9363409075319113,0.9861888619873527,0.3916,0.01137,0.0,0.0,0.0,0.0,0.0,0.0,0.0,0.0,0.0,0.0,0.342607973421927,22.742940199335514,6.914451827242527,0.0,0.0,0.0,0.0,0.0,0.0,0.0,0.0,0.0,0.0,0.0,0.0,0.0,0.0,0.0,0.0,0.0,nan,nan,4.193982074263764,2.9236138941357157,nan,0.3916,0.05704,0.0,0.0,0.0,0.0,0.0,0.0,0.0,0.0,0.0,0.0,0.0,0.0,0.0,0.0,0.0,0.0,0.0,0.0,4.152823920265781e-05,0.0011524086378737542,0.0,0.0003426079734219269,3.114617940199335e-05,0.0002387873754152824,2.0764119601328905e-05,0.0044227574750830565,0.006198089700996678,0.011441029900332226,0.031073504983388706,0.006945598006644518,0.010465116279069767,0.01618563122923588,0.03747923588039867,0.047674418604651166,0.019113372093023256,0.05060215946843854,0.05604235880398671,0.06430647840531561,0.08675249169435216,0.10179609634551495,0.05355066445182724,0.05824335548172758,0.08832018272425249,0.0653031561461794,0.0367421096345515,0.02556063122923588,0.020732973421926912,0.017971345514950166,0.02524916943521595,0.015822259136212626,0.0058554817275747505,0.011389119601328903,0.014348006644518272,0.003934800664451827,0.00046719269102990036,0.0017960963455149503,0.0015261627906976744,0.0005917774086378738,0.00026993355481727576,0.0,0.0,0.0,0.0,0.0,0.0,0.0,0.0,0.0,0.0,0.0,0.0,0.0,0.0,0.0,0.0,0.0,0.0,0.0,0.0,0.0,0.0,0.0,0.0,0.0,0.0,0.0,0.0,0.0,0.0,0.0,0.0,0.0,0.0,0.0,0.0,0.0,0.0,0.0,0.0,0.0,0.0,nan,nan,4.193982074263764,2.9236138941357157,nan,0.9110723755532696,0.023322820736198395,0.0,0.0,0.0,0.0,0.0,0.0,0.0,0.0,0.0,0.0,0.0,0.0,0.0,0.0,0.0,0.0,0.0,0.0,0.0,0.0,0.0,0.0,0.0,0.0,0.01209677419354839,0.7500000000000002,8.806451612903228,15.25403225806452,4.899193548387098,0.27822580645161293,0.9103098878611441,0.022612988573484673,0.0,0.0,0.0,0.0,0.0,0.0,0.0,0.0,0.0,0.0,0.0,0.0,0.0,0.0,0.0,0.0,0.0,0.0,0.0,0.0,0.0,0.0,0.0,0.0,0.0,0.7833904109589043,9.130993150684933,15.46232876712329,4.443493150684932,0.17979452054794526,0.3918,0.011314,0.0,0.0,0.0,0.0,0.0,0.0,0.0,0.0,0.0,0.0,0.3629032258064517,22.512096774193516,7.125000000000002,0.0,0.0,0.0,0.0,0.0,0.0,0.0,0.0,0.0,0.0,0.0,0.0,0.0,0.0,0.0,0.0,0.0,0.3914,0.011406,0.0,0.0,0.0,0.0,0.0,0.0,0.0,0.0,0.0,0.0,0.3210616438356165,22.988013698630102,6.690924657534248,0.0,0.0,0.0,0.0,0.0,0.0,0.0,0.0,0.0,0.0,0.0,0.0,0.0,0.0,0.0,0.0,0.0
45000,4912,2556,0.5203583061889251,1173,983,0.43892508143322473,1369,0.5574104234527687,0.4220000000000001,2.9966044142614603,3.1184845718995886,6.557427258805513,2.2774937454992825,8380.331107491857,506.2798113727815,7853.0,8866.4,8866.399999999998,1.8189894035458565e-12,7853.0,0.0,28.181188925081432,21.078527086205916,33.11124546553809,19.327514061019965,0.1390472312703583,0.09670195439739414,0.09385179153094463,0.09242671009771987,0.07919381107491856,0.07166123778501629,0.06473941368078176,0.0629071661237785,0.058835504885993484,0.054967426710097717,0.044381107491856676,0.04132736156351791,0.03623778501628665,0.02707654723127036,0.018526058631921825,0.011400651465798045,0.006718241042345277,0.9099403427191782,0.022409775683082424,0.0,0.0,0.0,0.0,0.0,0.0,0.0,0.0,0.0,0.0,0.0,0.0,0.0,0.0,0.0,0.0,0.0,0.0,0.0,0.0,0.0,0.0,0.0,0.0,0.006107491856677526,0.7573289902280133,9.069625407166125,15.781758957654725,4.17141693811075,0.2137622149837134,4.2763739734680986,2.9025645299748577,nan,nan,nan,4.244245524296675,2.907866811324625,4.307740324594257,2.897034949411511,1.0149602090487224,0.3918,0.011444,0.0,0.0,0.0,0.0,0.0,0.0,0.0,0.0,0.0,0.0,0.3786644951140066,22.310667752442964,7.310667752442998,0.0,0.0,0.0,0.0,0.0,0.0,0.0,0.0,0.0,0.0,0.0,0.0,0.0,0.0,0.0,0.0,0.0,nan,nan,4.2763739734680986,2.9025645299748577,nan,0.3918,0.0571,0.0,0.0,0.0,0.0,0.0,0.0,0.0,0.0,0.0,0.0,0.0,0.0,0.0,0.0,0.0,0.0,0.0,0.0,0.0,0.00124185667752443,0.0,0.00029519543973941366,5.0895765472312706e-05,0.000376628664495114,6.107491856677525e-05,0.0044584690553745926,0.005893729641693811,0.01061685667752443,0.031076954397394135,0.006993078175895766,0.00949714983713355,0.015289087947882736,0.03846701954397394,0.048737785016286644,0.01930985342019544,0.05275855048859935,0.05561889250814332,0.06428135179153094,0.08680781758957655,0.09938925081433225,0.051811889250814334,0.05862174267100977,0.08768322475570033,0.06639861563517915,0.03834486970684039,0.02519340390879479,0.020368485342019543,0.018719462540716613,0.025671824104234527,0.013650244299674267,0.006229641693811075,0.01278501628664495,0.014118485342019545,0.004030944625407166,0.00064128664495114,0.0023106677524429966,0.0012113192182410424,0.0007634364820846906,0.0002239413680781759,0.0,0.0,0.0,0.0,0.0,0.0,0.0,0.0,0.0,0.0,0.0,0.0,0.0,0.0,0.0,0.0,0.0,0.0,0.0,0.0,0.0,0.0,0.0,0.0,0.0,0.0,0.0,0.0,0.0,0.0,0.0,0.0,0.0,0.0,0.0,0.0,0.0,0.0,0.0,0.0,0.0,0.0,nan,nan,4.2763739734680986,2.9025645299748577,nan,0.9097664016932948,0.02246947566000788,0.0,0.0,0.0,0.0,0.0,0.0,0.0,0.0,0.0,0.0,0.0,0.0,0.0,0.0,0.0,0.0,0.0,0.0,0.0,0.0,0.0,0.0,0.0,0.0,0.011737089201877937,0.73943661971831,9.201877934272302,15.680751173708924,4.15492957746479,0.21126760563380287,0.9101290495367326,0.022343296036626003,0.0,0.0,0.0,0.0,0.0,0.0,0.0,0.0,0.0,0.0,0.0,0.0,0.0,0.0,0.0,0.0,0.0,0.0,0.0,0.0,0.0,0.0,0.0,0.0,0.0,0.7767402376910019,8.92614601018676,15.891341256366726,4.1893039049236,0.21646859083191855,0.392,0.01139,0.0,0.0,0.0,0.0,0.0,0.0,0.0,0.0,0.0,0.0,0.32863849765258224,22.382629107981188,7.288732394366199,0.0,0.0,0.0,0.0,0.0,0.0,0.0,0.0,0.0,0.0,0.0,0.0,0.0,0.0,0.0,0.0,0.0,0.3918,0.01149,0.0,0.0,0.0,0.0,0.0,0.0,0.0,0.0,0.0,0.0,0.4329371816638371,22.23259762308995,7.334465195246182,0.0,0.0,0.0,0.0,0.0,0.0,0.0,0.0,0.0,0.0,0.0,0.0,0.0,0.0,0.0,0.0,0.0
45100,4916,2485,0.5054922701383239,1175,1030,0.4485353946297803,1407,0.5724165988608625,0.4140000000000001,2.9354175236528177,3.0732762590941007,6.52810650887574,2.071383629968629,8365.265866558177,506.66942983513064,7853.0,8866.4,8866.4,0.0,7853.0,0.0,27.915378356387308,20.854189818680155,32.88385063045587,19.093453896057923,0.13893409275834012,0.10252237591537836,0.09153783563873068,0.08787632221318145,0.08279088689991863,0.07119609438567942,0.06204231082180635,0.06529698942229455,0.06509357200976404,0.05370219690805533,0.04983726606997559,0.03824247355573637,0.03030919446704638,0.025223759153783564,0.01790073230268511,0.010577705451586655,0.006916192026037429,0.9106230810223992,0.02283671581392761,0.0,0.0,0.0,0.0,0.0,0.0,0.0,0.0,0.0,0.0,0.0,0.0,0.0,0.0,0.0,0.0,0.0,0.0,0.0,0.0,0.0,0.0,0.0,0.0,0.0061025223759153795,0.7139951179820995,8.964605370219692,15.59804719283971,4.442636289666396,0.2746135069161921,4.271293375394322,2.852896458162673,nan,nan,nan,4.307006369426752,2.8232455157137233,4.23625,2.881264642045225,0.9835717982845312,0.3918,0.01139,0.0,0.0,0.0,0.0,0.0,0.0,0.0,0.0,0.0,0.0,0.2929210740439382,22.713588283157005,6.98738812042311,0.0061025223759153795,0.0,0.0,0.0,0.0,0.0,0.0,0.0,0.0,0.0,0.0,0.0,0.0,0.0,0.0,0.0,0.0,nan,nan,4.271293375394322,2.852896458162673,nan,0.3918,0.05682,0.0,0.0,0.0,0.0,0.0,0.0,0.0,0.0,0.0,0.0,0.0,0.0,0.0,0.0,0.0,0.0,0.0,0.0,0.0,0.0009560618388934093,1.017087062652563e-05,0.0001322213181448332,4.068348250610252e-05,0.00037632221318144836,6.102522375915378e-05,0.004698942229454842,0.00605166802278275,0.01049633848657445,0.03160089503661513,0.006031326281529699,0.00959113100081367,0.016375101708706267,0.04109031733116355,0.046165581773799834,0.0185720097640358,0.053376729048006506,0.05552278275020342,0.06106590724165989,0.0862693246541904,0.10343775427176566,0.05126118795768918,0.05715012205044752,0.08834418226200162,0.06761594792514239,0.03828315703824248,0.025915378356387308,0.021318144833197723,0.019416192026037428,0.025335638730675347,0.012438974776240846,0.006885679414157852,0.011950772986167616,0.013425549227013833,0.0038751017087062653,0.000854353132628153,0.0022070789259560617,0.0010577705451586656,0.0005187144019528072,0.00022375915378356387,0.0,0.0,0.0,0.0,0.0,0.0,0.0,0.0,0.0,0.0,0.0,0.0,0.0,0.0,0.0,0.0,0.0,0.0,0.0,0.0,0.0,0.0,0.0,0.0,0.0,0.0,0.0,0.0,0.0,0.0,0.0,0.0,0.0,0.0,0.0,0.0,0.0,0.0,0.0,0.0,0.0,0.0,nan,nan,4.271293375394322,2.852896458162673,nan,0.9103649899273571,0.022619091281913008,0.0,0.0,0.0,0.0,0.0,0.0,0.0,0.0,0.0,0.0,0.0,0.0,0.0,0.0,0.0,0.0,0.0,0.0,0.0,0.0,0.0,0.0,0.0,0.0,0.012072434607645878,0.7243460764587527,9.01810865191147,15.657947686116703,4.430583501006037,0.15694164989939643,0.9108869051158501,0.023054065423367374,0.0,0.0,0.0,0.0,0.0,0.0,0.0,0.0,0.0,0.0,0.0,0.0,0.0,0.0,0.0,0.0,0.0,0.0,0.0,0.0,0.0,0.0,0.0,0.0,0.0,0.7034142328259977,8.90991361579597,15.536816125051422,4.454956807897985,0.3948992184286303,0.3918,0.01133,0.0,0.0,0.0,0.0,0.0,0.0,0.0,0.0,0.0,0.0,0.24144869215291756,22.70824949698186,7.038229376257546,0.012072434607645878,0.0,0.0,0.0,0.0,0.0,0.0,0.0,0.0,0.0,0.0,0.0,0.0,0.0,0.0,0.0,0.0,0.3916,0.01146,0.0,0.0,0.0,0.0,0.0,0.0,0.0,0.0,0.0,0.0,0.3455368161250515,22.719045660222097,6.935417523652819,0.0,0.0,0.0,0.0,0.0,0.0,0.0,0.0,0.0,0.0,0.0,0.0,0.0,0.0,0.0,0.0,0.0
45200,4870,2492,0.5117043121149897,1167,1000,0.44496919917864475,1396,0.573305954825462,0.39000000000000007,2.9491169049621533,2.9865723569033986,6.311688311688312,2.1220600831846137,8371.56114989733,506.5611543763624,7853.0,8866.4,8866.4,0.0,7853.0,0.0,28.4,20.971021366789085,33.34609756097561,19.15846553991578,0.13655030800821355,0.10102669404517454,0.08993839835728953,0.07967145790554415,0.07967145790554415,0.07679671457905544,0.07063655030800821,0.06694045174537988,0.05728952772073922,0.05071868583162217,0.053388090349075976,0.042299794661190965,0.03141683778234086,0.02792607802874743,0.015605749486652977,0.012525667351129364,0.0075975359342915815,0.9107057420380061,0.02286402405542328,0.0,0.0,0.0,0.0,0.0,0.0,0.0,0.0,0.0,0.0,0.0,0.0,0.0,0.0,0.0,0.0,0.0,0.0,0.0,0.0,0.0,0.0,0.0,0.0,0.012320328542094458,0.7638603696098565,8.975359342915812,15.332648870636554,4.675564681724847,0.24024640657084192,4.25205047318612,2.786040669021154,nan,nan,nan,4.260291323622546,2.7355493160958293,4.2438717787555,2.835238631127657,0.9961459103099352,0.3914,0.0111,0.0,0.0,0.0,0.0,0.0,0.0,0.0,0.0,0.0,0.0,0.3018480492813142,23.23613963039011,6.462012320328544,0.0,0.0,0.0,0.0,0.0,0.0,0.0,0.0,0.0,0.0,0.0,0.0,0.0,0.0,0.0,0.0,0.0,nan,nan,4.25205047318612,2.786040669021154,nan,0.3914,0.05685,0.0,0.0,0.0,0.0,0.0,0.0,0.0,0.0,0.0,0.0,0.0,0.0,0.0,0.0,0.0,0.0,0.0,3.080082135523614e-05,0.0,0.0007597535934291581,9.240246406570841e-05,0.0001540041067761807,1.0266940451745379e-05,0.000893223819301848,8.213552361396303e-05,0.005195071868583162,0.006765913757700206,0.010102669404517454,0.031437371663244354,0.0066016427104722795,0.010349075975359343,0.016878850102669405,0.04151950718685832,0.04397330595482546,0.018172484599589322,0.05347022587268994,0.05420944558521561,0.06303901437371663,0.08647843942505133,0.10101642710472279,0.051817248459958935,0.05658110882956879,0.08675564681724846,0.06822381930184805,0.0390041067761807,0.02631416837782341,0.02222792607802875,0.020944558521560575,0.025698151950718687,0.011878850102669404,0.007114989733059548,0.011519507186858317,0.012597535934291582,0.00404517453798768,0.0008213552361396304,0.00148870636550308,0.0012114989733059548,0.00043121149897330595,9.240246406570841e-05,0.0,0.0,0.0,0.0,0.0,0.0,0.0,0.0,0.0,0.0,0.0,0.0,0.0,0.0,0.0,0.0,0.0,0.0,0.0,0.0,0.0,0.0,0.0,0.0,0.0,0.0,0.0,0.0,0.0,0.0,0.0,0.0,0.0,0.0,0.0,0.0,0.0,0.0,0.0,0.0,0.0,0.0,nan,nan,4.25205047318612,2.786040669021154,nan,0.9096161939359209,0.022679319466724312,0.0,0.0,0.0,0.0,0.0,0.0,0.0,0.0,0.0,0.0,0.0,0.0,0.0,0.0,0.0,0.0,0.0,0.0,0.0,0.0,0.0,0.0,0.0,0.0,0.024077046548956666,0.6741573033707867,9.703049759229536,15.072231139646872,4.321829855537722,0.20465489566613165,0.91184752247131,0.023000679185243924,0.0,0.0,0.0,0.0,0.0,0.0,0.0,0.0,0.0,0.0,0.0,0.0,0.0,0.0,0.0,0.0,0.0,0.0,0.0,0.0,0.0,0.0,0.0,0.0,0.0,0.8578637510513039,8.212783851976452,15.605550883095042,5.046257359125316,0.27754415475189237,0.3914,0.01105,0.0,0.0,0.0,0.0,0.0,0.0,0.0,0.0,0.0,0.0,0.33707865168539336,23.47512038523271,6.187800963081863,0.0,0.0,0.0,0.0,0.0,0.0,0.0,0.0,0.0,0.0,0.0,0.0,0.0,0.0,0.0,0.0,0.0,0.3916,0.01114,0.0,0.0,0.0,0.0,0.0,0.0,0.0,0.0,0.0,0.0,0.26492851135407913,22.98570227081578,6.749369217830111,0.0,0.0,0.0,0.0,0.0,0.0,0.0,0.0,0.0,0.0,0.0,0.0,0.0,0.0,0.0,0.0,0.0
45300,4773,2486,0.520846427823172,1142,989,0.446469725539493,1362,0.5707102451288498,0.4020000000000001,3.0459116746829906,3.1105684186749,6.633281972265023,2.117038192347228,8380.825769956004,506.2594116100617,7853.0,8866.4,8866.4,0.0,7853.0,0.0,27.984496124031008,20.829150735623177,33.01050788091068,19.027925165906556,0.13890634820867379,0.10370835952231301,0.09134716111460298,0.08317619945526922,0.07207207207207207,0.07772889168238005,0.07563377330819192,0.0664152524617641,0.05866331447726796,0.05531112507856694,0.043159438508275715,0.03855017808506181,0.0339409176618479,0.026608003352189397,0.018227529855436832,0.010266080033521894,0.006285355122564425,0.9109148639516712,0.022601896823078577,0.0,0.0,0.0,0.0,0.0,0.0,0.0,0.0,0.0,0.0,0.0,0.0,0.0,0.0,0.0,0.0,0.0,0.0,0.0,0.0,0.0,0.0,0.0,0.0,0.012570710245128854,0.6976744186046514,8.711502199874294,15.600251414204905,4.7831552482715285,0.1948460087994972,4.366275277234181,2.8799457793503764,nan,nan,nan,4.39198949441891,2.8672743435906063,4.341763942931258,2.892910337677037,0.9885642824165504,0.3918,0.01112,0.0,0.0,0.0,0.0,0.0,0.0,0.0,0.0,0.0,0.0,0.30169704588309243,22.501571338780607,7.196731615336268,0.0,0.0,0.0,0.0,0.0,0.0,0.0,0.0,0.0,0.0,0.0,0.0,0.0,0.0,0.0,0.0,0.0,nan,nan,4.366275277234181,2.8799457793503764,nan,0.3918,0.05658,0.0,0.0,0.0,0.0,0.0,0.0,0.0,0.0,0.0,0.0,0.0,0.0,0.0,0.0,0.0,0.0,0.0,7.332914309658496e-05,0.0,0.00048187722606327256,2.0951183741881417e-05,4.1902367483762834e-05,1.0475591870940709e-05,0.0010580347789650114,0.00017808506180599205,0.005552063691598576,0.005573014875340457,0.008830923947203017,0.029059291849989524,0.006966268594175571,0.011020322648229625,0.018531322019694114,0.04205950136182694,0.044280326838466375,0.01774565262937356,0.05295411690760528,0.05680913471611146,0.06331447726796564,0.0865179132620993,0.10043997485857951,0.05115231510580348,0.05643201340875759,0.0840456735805573,0.06843704169285565,0.04130525874711921,0.027267965640058664,0.021862560234653258,0.021967316153362663,0.024753823591032894,0.011418395139325372,0.006599622878692646,0.01196312591661429,0.013262099308610937,0.0037188351141839516,0.0007123402472239682,0.0013094489838675885,0.0016341923318667505,0.0003666457154829248,0.0001257071024512885,1.0475591870940709e-05,0.0,0.0001361826943222292,0.0,0.0,0.0,0.0,0.0,0.0,0.0,0.0,0.0,0.0,0.0,0.0,0.0,0.0,0.0,0.0,0.0,0.0,0.0,0.0,0.0,0.0,0.0,0.0,0.0,0.0,0.0,0.0,0.0,0.0,0.0,0.0,0.0,0.0,0.0,0.0,0.0,0.0,0.0,nan,nan,4.366275277234181,2.8799457793503764,nan,0.9113365356613338,0.022572652609504598,0.0,0.0,0.0,0.0,0.0,0.0,0.0,0.0,0.0,0.0,0.0,0.0,0.0,0.0,0.0,0.0,0.0,0.0,0.0,0.0,0.0,0.0,0.0,0.0,0.012067578439259858,0.591311343523733,8.833467417538216,15.374094931617059,4.971842316975062,0.21721641190667743,0.9104565010875607,0.022624730100163835,0.0,0.0,0.0,0.0,0.0,0.0,0.0,0.0,0.0,0.0,0.0,0.0,0.0,0.0,0.0,0.0,0.0,0.0,0.0,0.0,0.0,0.0,0.0,0.0,0.01311762133799738,0.8132925229558375,8.578924355050285,15.846086576300834,4.578049846961085,0.17052907739396594,0.3918,0.011154,0.0,0.0,0.0,0.0,0.0,0.0,0.0,0.0,0.0,0.0,0.2896218825422366,22.28881737731292,7.4215607401448125,0.0,0.0,0.0,0.0,0.0,0.0,0.0,0.0,0.0,0.0,0.0,0.0,0.0,0.0,0.0,0.0,0.0,0.3918,0.01109,0.0,0.0,0.0,0.0,0.0,0.0,0.0,0.0,0.0,0.0,0.3148229121119371,22.73283777874942,6.952339309138611,0.0,0.0,0.0,0.0,0.0,0.0,0.0,0.0,0.0,0.0,0.0,0.0,0.0,0.0,0.0,0.0,0.0
45400,4683,2425,0.5178304505658766,1127,965,0.4467221866325005,1331,0.5684390348067478,0.4060000000000001,2.9636846767050486,3.0663624135938736,6.484520123839009,2.210776169418075,8377.76937860346,506.3777123421652,7853.0,8866.4,8866.4,0.0,7853.0,0.0,28.38629083920564,21.094057382572277,33.20701842968947,19.3589920791747,0.13687806961349563,0.09630578688874653,0.09118086696562033,0.08541533205210335,0.0830664104206705,0.07580610719624173,0.07431133888532991,0.063634422378817,0.05530642750373692,0.05146273756139227,0.038650437753576766,0.04591074097800555,0.034806747811232115,0.028187059577194105,0.02007260303224429,0.011103993166773437,0.00790091821481956,0.9120576130307793,0.022897801655358693,0.0,0.0,0.0,0.0,0.0,0.0,0.0,0.0,0.0,0.0,0.0,0.0,0.0,0.0,0.0,0.0,0.0,0.0,0.0,0.0,0.0,0.0,0.0,0.0,0.012812299807815506,0.6982703395259451,8.21268417680974,15.983344010249843,4.791800128122999,0.3010890454836644,4.195161817587447,2.8459688227983237,nan,nan,nan,4.218689162881246,2.821455498586772,4.169413315754779,2.870468918377588,0.9883196307611314,0.3916,0.01101,0.0,0.0,0.0,0.0,0.0,0.0,0.0,0.0,0.0,0.0,0.29468289557975663,23.26713645099292,6.431774503523384,0.006406149903907753,0.0,0.0,0.0,0.0,0.0,0.0,0.0,0.0,0.0,0.0,0.0,0.0,0.0,0.0,0.0,0.0,nan,nan,4.195161817587447,2.8459688227983237,nan,0.3916,0.05615,0.0,0.0,0.0,0.0,0.0,0.0,0.0,0.0,0.0,0.0,0.0,0.0,0.0,0.0,0.0,0.0,0.0,9.609224855861628e-05,0.0,0.00036301516122143925,1.0676916506512919e-05,9.609224855861628e-05,1.0676916506512919e-05,0.0012812299807815502,0.00012812299807815503,0.006139226991244928,0.00592568866111467,0.008915225282938288,0.027888105915011743,0.0056160580824257955,0.010143070681187274,0.016848174247277387,0.04235532778133675,0.04788597053171044,0.017072389493914156,0.053502028614136235,0.05957719410634209,0.06177663890668375,0.08779628443305573,0.09973307708733718,0.051078368567157806,0.056085842408712366,0.08309844117019005,0.07106555626734999,0.04119154388212684,0.026756352765321376,0.023638693145419602,0.0216527866752082,0.022474909246209696,0.01192611573777493,0.006342088404868674,0.011733931240657698,0.011712577407644672,0.004163997437540038,0.0006085842408712364,0.0012171684817424728,0.001708306641042067,0.0001708306641042067,5.3384582532564594e-05,6.406149903907751e-05,0.0,9.609224855861628e-05,0.0,0.0,0.0,0.0,0.0,0.0,0.0,0.0,0.0,0.0,0.0,0.0,0.0,0.0,0.0,0.0,0.0,0.0,0.0,0.0,0.0,0.0,0.0,0.0,0.0,0.0,0.0,0.0,0.0,0.0,0.0,0.0,0.0,0.0,0.0,0.0,0.0,0.0,0.0,nan,nan,4.195161817587447,2.8459688227983237,nan,0.9123931725000598,0.02268741291049073,0.0,0.0,0.0,0.0,0.0,0.0,0.0,0.0,0.0,0.0,0.0,0.0,0.0,0.0,0.0,0.0,0.0,0.0,0.0,0.0,0.0,0.0,0.0,0.0,0.01237113402061856,0.6309278350515465,8.33814432989691,15.612371134020622,5.183505154639176,0.22268041237113406,0.9116972358328141,0.02311619457974271,0.0,0.0,0.0,0.0,0.0,0.0,0.0,0.0,0.0,0.0,0.0,0.0,0.0,0.0,0.0,0.0,0.0,0.0,0.0,0.0,0.0,0.0,0.0,0.0,0.013286093888396815,0.7705934455270153,8.077945084145263,16.38175376439327,4.371124889282552,0.3852967227635076,0.3916,0.01096,0.0,0.0,0.0,0.0,0.0,0.0,0.0,0.0,0.0,0.0,0.24742268041237117,23.406185567010276,6.3340206185567025,0.01237113402061856,0.0,0.0,0.0,0.0,0.0,0.0,0.0,0.0,0.0,0.0,0.0,0.0,0.0,0.0,0.0,0.0,0.3916,0.01106,0.0,0.0,0.0,0.0,0.0,0.0,0.0,0.0,0.0,0.0,0.3454384410983172,23.11780336581042,6.536758193091233,0.0,0.0,0.0,0.0,0.0,0.0,0.0,0.0,0.0,0.0,0.0,0.0,0.0,0.0,0.0,0.0,0.0
45500,4456,2356,0.5287253141831239,1091,921,0.45152603231597843,1249,0.5605924596050269,0.4140000000000001,2.889047619047619,3.0119719924738195,6.43804537521815,2.077491191892604,8388.810233393178,505.86310827317163,7853.0,8866.4,8866.4,0.0,7853.0,0.0,27.844928186714544,20.789477843332996,32.894045064377686,18.97228854880415,0.14340215439856374,0.09582585278276481,0.09201077199281867,0.08886894075403949,0.07675044883303411,0.07966786355475763,0.07383303411131059,0.061714542190305206,0.05430879712746858,0.055206463195691204,0.04847396768402154,0.036579892280071816,0.03254039497307002,0.025359066427289047,0.018402154398563735,0.009874326750448833,0.00718132854578097,0.9118326462577875,0.022775813934175278,0.0,0.0,0.0,0.0,0.0,0.0,0.0,0.0,0.0,0.0,0.0,0.0,0.0,0.0,0.0,0.0,0.0,0.0,0.0,0.0,0.0,0.0,0.0,0.0,0.00673249551166966,0.6193895870736087,8.449281867145423,15.760771992818675,4.9483842010772,0.21543985637342913,4.035294117647059,2.7716059077651134,nan,nan,nan,4.069134078212291,2.7758631108100404,4.002057613168724,2.7670154258787742,0.983515788923565,0.3916,0.011086,0.0,0.0,0.0,0.0,0.0,0.0,0.0,0.0,0.0,0.0,0.316427289048474,23.011669658886863,6.6651705565529635,0.00673249551166966,0.0,0.0,0.0,0.0,0.0,0.0,0.0,0.0,0.0,0.0,0.0,0.0,0.0,0.0,0.0,0.0,nan,nan,4.035294117647059,2.7716059077651134,nan,0.3916,0.0556,0.0,0.0,0.0,0.0,0.0,0.0,0.0,0.0,0.0,0.0,0.0,0.0,0.0,0.0,0.0,0.0,0.0,0.0,0.0,0.000381508078994614,0.0,0.00014587073608617594,1.1220825852782766e-05,0.0012455116696588869,0.00026929982046678633,0.006418312387791741,0.005464542190305207,0.008471723518850987,0.028601885098743268,0.005318671454219031,0.010412926391382405,0.017953321364452424,0.03960951526032316,0.04817100538599641,0.01736983842010772,0.052333931777378814,0.05929084380610413,0.061501346499102334,0.0847060143626571,0.10100987432675045,0.05159335727109515,0.05677737881508079,0.0876907540394973,0.0723294434470377,0.038341561938958706,0.02678411131059246,0.02614452423698384,0.023204667863554757,0.021846947935368042,0.012073608617594255,0.005879712746858169,0.011557450628366248,0.01051391382405745,0.0039385098743267505,0.0006283662477558348,0.0006732495511669659,0.00105475763016158,8.976660682226212e-05,6.732495511669658e-05,0.00011220825852782765,0.0,1.1220825852782766e-05,0.0,0.0,0.0,0.0,0.0,0.0,0.0,0.0,0.0,0.0,0.0,0.0,0.0,0.0,0.0,0.0,0.0,0.0,0.0,0.0,0.0,0.0,0.0,0.0,0.0,0.0,0.0,0.0,0.0,0.0,0.0,0.0,0.0,0.0,0.0,0.0,0.0,0.0,0.0,nan,nan,4.035294117647059,2.7716059077651134,nan,0.9123595866717791,0.022491255158994253,0.0,0.0,0.0,0.0,0.0,0.0,0.0,0.0,0.0,0.0,0.0,0.0,0.0,0.0,0.0,0.0,0.0,0.0,0.0,0.0,0.0,0.0,0.0,0.0,0.01273344651952462,0.6239388794567063,7.945670628183363,16.247877758913415,4.991511035653651,0.1782682512733447,0.9112414692980902,0.023076570572516428,0.0,0.0,0.0,0.0,0.0,0.0,0.0,0.0,0.0,0.0,0.0,0.0,0.0,0.0,0.0,0.0,0.0,0.0,0.0,0.0,0.0,0.0,0.0,0.0,0.0,0.6142857142857144,9.014285714285716,15.214285714285717,4.900000000000001,0.2571428571428572,0.3914,0.01097,0.0,0.0,0.0,0.0,0.0,0.0,0.0,0.0,0.0,0.0,0.34380305602716477,23.27674023769097,6.366723259762311,0.01273344651952462,0.0,0.0,0.0,0.0,0.0,0.0,0.0,0.0,0.0,0.0,0.0,0.0,0.0,0.0,0.0,0.0,0.3918,0.011215,0.0,0.0,0.0,0.0,0.0,0.0,0.0,0.0,0.0,0.0,0.28571428571428575,22.714285714285683,7.000000000000002,0.0,0.0,0.0,0.0,0.0,0.0,0.0,0.0,0.0,0.0,0.0,0.0,0.0,0.0,0.0,0.0,0.0
45600,4457,2343,0.5256899259591653,1085,893,0.44379627552165135,1230,0.5519407673322863,0.4300000000000001,3.08561967833491,3.1028950712502223,6.53074433656958,2.1489501680131737,8385.734170967018,506.03074209188105,7853.0,8866.4,8866.4,0.0,7853.0,0.0,28.156383217410813,20.996233520672828,33.22749196141479,19.176954641321856,0.1388826564954005,0.09939421135292797,0.08929773390172761,0.08503477675566525,0.08301548126542517,0.07695759479470496,0.06955351133049137,0.06371999102535338,0.05407224590531748,0.05698900605788647,0.0453219654476105,0.04038590980480144,0.03230872784384115,0.027148306035449855,0.018173659412160648,0.013013237603769351,0.006730984967466906,0.9113781623891686,0.023239810882172696,0.0,0.0,0.0,0.0,0.0,0.0,0.0,0.0,0.0,0.0,0.0,0.0,0.0,0.0,0.0,0.0,0.0,0.0,0.0,0.0,0.0,0.0,0.0,0.0,0.0067309849674669076,0.8077181960960289,8.4002692393987,15.427417545434151,5.129010545209783,0.22885348889387486,4.238227146814404,2.8495334046655083,nan,nan,nan,4.264951321279555,2.8411898752506923,4.213250517598344,2.857931898128852,0.9878777505798825,0.3918,0.010925,0.0,0.0,0.0,0.0,0.0,0.0,0.0,0.0,0.0,0.0,0.289432353601077,22.844962979582647,6.8521426968813115,0.013461969934933815,0.0,0.0,0.0,0.0,0.0,0.0,0.0,0.0,0.0,0.0,0.0,0.0,0.0,0.0,0.0,0.0,nan,nan,4.238227146814404,2.8495334046655083,nan,0.3918,0.05548,0.0,0.0,0.0,0.0,0.0,0.0,0.0,0.0,0.0,0.0,0.0,0.0,0.0,0.0,0.0,0.0,0.0,0.0,0.0,0.00025802109041956473,0.0,0.0002131478573031187,0.0,0.0009199012788871438,0.000504823872560018,0.005373569665694414,0.005295041507740633,0.007606013013237604,0.0266098272380525,0.005216513349786852,0.009793583127664348,0.019497419789095805,0.04215840251290105,0.0521426968813103,0.016973300426295714,0.052109041956472965,0.058851245232218984,0.06158851245232219,0.08571909356069105,0.09934933811981153,0.05094233789544537,0.05599057662104555,0.08530401615436392,0.07121382095579987,0.03920798743549473,0.02653129908009872,0.027821404532196545,0.023199461521202603,0.022750729190038142,0.011543639219205743,0.005261386582903298,0.012362575723580883,0.010949068880412834,0.004061027597038367,0.0008974646623289208,0.0007067534215840251,0.0008638097374915862,4.487323311644604e-05,0.0001234013910702266,4.487323311644604e-05,0.0,0.0,0.0,0.0,0.0,0.0,0.0,0.0,0.0,0.0,0.0,0.0,0.0,0.0,0.0,0.0,0.0,0.0,0.0,0.0,0.0,0.0,0.0,0.0,0.0,0.0,0.0,0.0,0.0,0.0,0.0,0.0,0.0,0.0,0.0,0.0,0.0,0.0,0.0,0.0,0.0,nan,nan,4.238227146814404,2.8495334046655083,nan,0.911605861112698,0.023443368139272346,0.0,0.0,0.0,0.0,0.0,0.0,0.0,0.0,0.0,0.0,0.0,0.0,0.0,0.0,0.0,0.0,0.0,0.0,0.0,0.0,0.0,0.0,0.0,0.0,0.012804097311139568,0.8834827144686301,8.117797695262485,15.556978233034574,5.198463508322664,0.2304737516005122,0.9111257980990883,0.02300946707268504,0.0,0.0,0.0,0.0,0.0,0.0,0.0,0.0,0.0,0.0,0.0,0.0,0.0,0.0,0.0,0.0,0.0,0.0,0.0,0.0,0.0,0.0,0.0,0.0,0.0,0.7237464522232735,8.71333964049196,15.283822138126776,5.052034058656576,0.22705771050141915,0.3914,0.01088,0.0,0.0,0.0,0.0,0.0,0.0,0.0,0.0,0.0,0.0,0.2688860435339309,23.1498079385403,6.555697823303459,0.025608194622279135,0.0,0.0,0.0,0.0,0.0,0.0,0.0,0.0,0.0,0.0,0.0,0.0,0.0,0.0,0.0,0.0,0.392,0.01097,0.0,0.0,0.0,0.0,0.0,0.0,0.0,0.0,0.0,0.0,0.31220435193945134,22.507095553453137,7.180700094607381,0.0,0.0,0.0,0.0,0.0,0.0,0.0,0.0,0.0,0.0,0.0,0.0,0.0,0.0,0.0,0.0,0.0
45700,4912,2519,0.5128257328990228,1171,1051,0.4523615635179153,1419,0.5777687296416938,0.3980000000000001,2.9481821980777267,3.1179336884894857,6.724191063174114,2.12535873897797,8372.697597719869,506.5332688516246,7853.0,8866.4,8866.4,0.0,7853.0,0.0,27.87459283387622,20.721742803978042,32.737058538945334,18.982302649904142,0.13802931596091206,0.09690553745928339,0.09079804560260586,0.09161237785016287,0.08469055374592833,0.07736156351791532,0.06718241042345277,0.06718241042345277,0.05435667752442997,0.0500814332247557,0.04743485342019544,0.03908794788273615,0.035627035830618894,0.026669381107491858,0.016693811074918567,0.009975570032573289,0.0063110749185667754,0.9114558029834922,0.02285005298796451,0.0,0.0,0.0,0.0,0.0,0.0,0.0,0.0,0.0,0.0,0.0,0.0,0.0,0.0,0.0,0.0,0.0,0.0,0.0,0.0,0.0,0.0,0.0,0.0,0.03053745928338763,0.7145765472312705,8.48941368078176,15.64739413680782,4.904315960912053,0.2137622149837134,4.246618433469645,2.9308187216910646,nan,nan,nan,4.189897698209719,2.9025740828908906,4.301547987616099,2.956877498091333,1.0266474977310514,0.392,0.011154,0.0,0.0,0.0,0.0,0.0,0.0,0.0,0.0,0.0,0.0,0.1893322475570033,22.7626221498371,7.041938110749187,0.006107491856677526,0.0,0.0,0.0,0.0,0.0,0.0,0.0,0.0,0.0,0.0,0.0,0.0,0.0,0.0,0.0,0.0,nan,nan,4.246618433469645,2.9308187216910646,nan,0.392,0.05536,0.0,0.0,0.0,0.0,0.0,0.0,0.0,0.0,0.0,0.0,0.0,0.0,0.0,0.0,0.0,0.0,0.0,0.0,0.0,0.00019340390879478826,0.0,0.00020358306188925082,1.0179153094462541e-05,0.0010688110749185668,0.0004478827361563518,0.0050183224755700325,0.005659609120521172,0.006423045602605863,0.025987377850162866,0.0052219055374592835,0.009303745928338762,0.021986970684039087,0.04133754071661238,0.051109527687296416,0.016357899022801305,0.0535321661237785,0.0594564332247557,0.06384364820846905,0.08410016286644952,0.09656962540716613,0.05246335504885993,0.05523208469055375,0.08318403908794789,0.07002239413680782,0.04000407166123778,0.028471091205211727,0.029855456026058633,0.021936074918566775,0.025132328990228013,0.011410830618892509,0.004774022801302931,0.011482084690553746,0.011828175895765472,0.004081840390879479,0.0012113192182410424,0.0003969869706840391,0.0004987785016286645,5.0895765472312706e-05,0.00011197068403908795,2.0358306188925082e-05,0.0,0.0,0.0,0.0,0.0,0.0,0.0,0.0,0.0,0.0,0.0,0.0,0.0,0.0,0.0,0.0,0.0,0.0,0.0,0.0,0.0,0.0,0.0,0.0,0.0,0.0,0.0,0.0,0.0,0.0,0.0,0.0,0.0,0.0,0.0,0.0,0.0,0.0,0.0,0.0,0.0,nan,nan,4.246618433469645,2.9308187216910646,nan,0.9112942234870696,0.022823315645472967,0.0,0.0,0.0,0.0,0.0,0.0,0.0,0.0,0.0,0.0,0.0,0.0,0.0,0.0,0.0,0.0,0.0,0.0,0.0,0.0,0.0,0.0,0.0,0.0,0.03572846367606194,0.6669313219531562,8.443826915442637,15.768161969035335,4.859071059944423,0.22628026994839226,0.9116258902177121,0.022876931470433223,0.0,0.0,0.0,0.0,0.0,0.0,0.0,0.0,0.0,0.0,0.0,0.0,0.0,0.0,0.0,0.0,0.0,0.0,0.0,0.0,0.0,0.0,0.0,0.0,0.02507312996239031,0.7647304638529044,8.5374007521939,15.520267446719602,4.951943167572086,0.20058503969912247,0.392,0.011154,0.0,0.0,0.0,0.0,0.0,0.0,0.0,0.0,0.0,0.0,0.16673283048828905,22.78285033743546,7.050416832076222,0.0,0.0,0.0,0.0,0.0,0.0,0.0,0.0,0.0,0.0,0.0,0.0,0.0,0.0,0.0,0.0,0.0,0.392,0.011154,0.0,0.0,0.0,0.0,0.0,0.0,0.0,0.0,0.0,0.0,0.21312160468031763,22.741328875887973,7.0330129544504825,0.012536564981195155,0.0,0.0,0.0,0.0,0.0,0.0,0.0,0.0,0.0,0.0,0.0,0.0,0.0,0.0,0.0,0.0
45800,4758,2440,0.5128205128205128,1148,963,0.4436738125262715,1350,0.5674653215636822,0.4100000000000001,3.0,3.09735616058353,6.455357142857143,2.1980310163051513,8372.692307692309,506.5334045656103,7853.0,8866.4,8866.399999999998,1.8189894035458565e-12,7853.0,0.0,28.42622950819672,21.23284910603379,33.53261414952333,19.41170820650184,0.13892391761244222,0.09415720891130727,0.09478772593526692,0.08532997057587222,0.08280790248003363,0.06830601092896176,0.07040773434216058,0.06935687263556116,0.053593947036569986,0.05191256830601093,0.046027742749054225,0.04329550231189575,0.03362757461118117,0.02669188734762505,0.019966372425388818,0.011559478772593527,0.009247583018074821,0.911828495289609,0.022744750548003956,0.0,0.0,0.0,0.0,0.0,0.0,0.0,0.0,0.0,0.0,0.0,0.0,0.0,0.0,0.0,0.0,0.0,0.0,0.0,0.0,0.0,0.0,0.0,0.0,0.0,0.7061790668348047,8.329129886506937,15.731399747793194,4.993694829760404,0.23959646910466587,4.244752986761382,2.8766749966755336,nan,nan,nan,4.181643132220796,2.84783040107955,4.308641975308642,2.9041874566648156,1.0303705598665944,0.392,0.01114,0.0,0.0,0.0,0.0,0.0,0.0,0.0,0.0,0.0,0.0,0.2522068095838588,22.553593947036536,7.194199243379573,0.0,0.0,0.0,0.0,0.0,0.0,0.0,0.0,0.0,0.0,0.0,0.0,0.0,0.0,0.0,0.0,0.0,nan,nan,4.244752986761382,2.8766749966755336,nan,0.392,0.05573,0.0,0.0,0.0,0.0,0.0,0.0,0.0,0.0,0.0,0.0,0.0,0.0,0.0,0.0,0.0,0.0,0.0,0.0,0.0,0.00012610340479192938,0.0,0.00031525851197982345,0.0,0.0011559478772593527,0.0006725514922236234,0.004361076082387558,0.0057692307692307696,0.007072299285414039,0.02467423287095418,0.005254308532997058,0.008764186633039092,0.021364018495166035,0.043043295502311896,0.05354140395124002,0.01710802858343842,0.05740857503152585,0.05763976460697772,0.061727616645649436,0.08210382513661202,0.09443043295502312,0.05176544766708701,0.05668348045397226,0.08276586801176965,0.0701975620008407,0.03815678856662463,0.02864649012189996,0.029655317360235394,0.02194199243379571,0.025735603194619587,0.012221521647751156,0.005254308532997058,0.011443883984867592,0.011675073560319462,0.004613282891971417,0.0013976460697772174,0.0003993274485077764,0.0005779739386296763,8.406893652795292e-05,0.00025220680958385876,0.0,0.0,0.0,0.0,0.0,0.0,0.0,0.0,0.0,0.0,0.0,0.0,0.0,0.0,0.0,0.0,0.0,0.0,0.0,0.0,0.0,0.0,0.0,0.0,0.0,0.0,0.0,0.0,0.0,0.0,0.0,0.0,0.0,0.0,0.0,0.0,0.0,0.0,0.0,0.0,0.0,0.0,nan,nan,4.244752986761382,2.8766749966755336,nan,0.9118954302834683,0.02271540230498856,0.0,0.0,0.0,0.0,0.0,0.0,0.0,0.0,0.0,0.0,0.0,0.0,0.0,0.0,0.0,0.0,0.0,0.0,0.0,0.0,0.0,0.0,0.0,0.0,0.0,0.7008196721311477,8.385245901639346,15.627049180327871,4.979508196721312,0.30737704918032793,0.911758037401336,0.02277539006166882,0.0,0.0,0.0,0.0,0.0,0.0,0.0,0.0,0.0,0.0,0.0,0.0,0.0,0.0,0.0,0.0,0.0,0.0,0.0,0.0,0.0,0.0,0.0,0.0,0.0,0.7118205349439174,8.270060396893875,15.841242450388268,5.008628127696291,0.1682484900776532,0.3923,0.01126,0.0,0.0,0.0,0.0,0.0,0.0,0.0,0.0,0.0,0.0,0.30737704918032793,22.327868852458984,7.364754098360657,0.0,0.0,0.0,0.0,0.0,0.0,0.0,0.0,0.0,0.0,0.0,0.0,0.0,0.0,0.0,0.0,0.0,0.392,0.011,0.0,0.0,0.0,0.0,0.0,0.0,0.0,0.0,0.0,0.0,0.19413287316652292,22.791199309749754,7.014667817083694,0.0,0.0,0.0,0.0,0.0,0.0,0.0,0.0,0.0,0.0,0.0,0.0,0.0,0.0,0.0,0.0,0.0
45900,4808,2469,0.5135191347753744,1157,965,0.4413477537437604,1363,0.5669717138103162,0.4180000000000001,2.9888841385207354,3.1521019126213057,6.697289156626506,2.2185401421140836,8373.400291181362,506.5147500532888,7853.0,8866.4,8866.4,0.0,7853.0,0.0,28.432196339434277,21.24020717883233,33.466567607726596,19.449831240185087,0.13872712146422628,0.10232945091514144,0.08860232945091515,0.08361064891846921,0.07945091514143095,0.07321131447587355,0.06613976705490848,0.06780366056572379,0.0555324459234609,0.05428452579034942,0.04742096505823627,0.03556572379367721,0.039101497504159734,0.03119800332778702,0.01684692179700499,0.011647254575707155,0.008527454242928452,0.9119385314637334,0.0228344272648617,0.0,0.0,0.0,0.0,0.0,0.0,0.0,0.0,0.0,0.0,0.0,0.0,0.0,0.0,0.0,0.0,0.0,0.0,0.0,0.0,0.0,0.0,0.0,0.0,0.012479201331114811,0.6676372712146424,8.049084858569053,16.04201331114809,5.054076539101498,0.17470881863560736,4.305394990366088,2.935102448877795,nan,nan,nan,4.312867406923579,2.8929446950375306,4.298168035375869,2.9752893325389413,0.9965917404453212,0.3926,0.01104,0.0,0.0,0.0,0.0,0.0,0.0,0.0,0.0,0.0,0.0,0.262063227953411,22.281613976705458,7.4563227953411,0.0,0.0,0.0,0.0,0.0,0.0,0.0,0.0,0.0,0.0,0.0,0.0,0.0,0.0,0.0,0.0,0.0,nan,nan,4.305394990366088,2.935102448877795,nan,0.3926,0.05554,0.0,0.0,0.0,0.0,0.0,0.0,0.0,0.0,0.0,0.0,0.0,0.0,0.0,0.0,0.0,0.0,0.0,0.0,0.0,0.0001559900166389351,0.0,0.00014559068219633942,1.0399334442595674e-05,0.0006759567387687189,0.0009671381031613977,0.003733361064891847,0.006863560732113145,0.00701955074875208,0.023783277870216307,0.005563643926788686,0.008205074875207987,0.018635607321131446,0.042439683860232946,0.05217346089850249,0.016670133111480866,0.05731073211314476,0.057778702163061565,0.06456946755407654,0.08490016638935108,0.09451955074875208,0.05085274542429285,0.0600977537437604,0.08213394342762063,0.06879159733777038,0.03789517470881863,0.029627703826955076,0.02745424292845258,0.021765806988352746,0.024563227953410982,0.012843178036605658,0.006582778702163061,0.012281613976705491,0.011075291181364393,0.004991680532445923,0.0012375207986688851,0.0004367720465890183,0.0008735440931780367,0.0,0.00037437603993344424,0.0,0.0,0.0,0.0,0.0,0.0,0.0,0.0,0.0,0.0,0.0,0.0,0.0,0.0,0.0,0.0,0.0,0.0,0.0,0.0,0.0,0.0,0.0,0.0,0.0,0.0,0.0,0.0,0.0,0.0,0.0,0.0,0.0,0.0,0.0,0.0,0.0,0.0,0.0,0.0,0.0,0.0,nan,nan,4.305394990366088,2.935102448877795,nan,0.9119512313239823,0.02294145569471284,0.0,0.0,0.0,0.0,0.0,0.0,0.0,0.0,0.0,0.0,0.0,0.0,0.0,0.0,0.0,0.0,0.0,0.0,0.0,0.0,0.0,0.0,0.0,0.0,0.012150668286755775,0.7654921020656138,7.776427703523695,16.0996354799514,5.151883353584449,0.1944106925880924,0.9119251257540477,0.022720895598792566,0.0,0.0,0.0,0.0,0.0,0.0,0.0,0.0,0.0,0.0,0.0,0.0,0.0,0.0,0.0,0.0,0.0,0.0,0.0,0.0,0.0,0.0,0.0,0.0,0.01282599401453613,0.5643437366395897,8.336896109448483,15.981188542112017,4.9508336896109455,0.15391192817443355,0.3928,0.010994,0.0,0.0,0.0,0.0,0.0,0.0,0.0,0.0,0.0,0.0,0.26731470230862703,22.187120291616008,7.545565006075336,0.0,0.0,0.0,0.0,0.0,0.0,0.0,0.0,0.0,0.0,0.0,0.0,0.0,0.0,0.0,0.0,0.0,0.3926,0.01109,0.0,0.0,0.0,0.0,0.0,0.0,0.0,0.0,0.0,0.0,0.2565198802907226,22.38135955536551,7.362120564343738,0.0,0.0,0.0,0.0,0.0,0.0,0.0,0.0,0.0,0.0,0.0,0.0,0.0,0.0,0.0,0.0,0.0
46000,4923,2565,0.5210237659963437,1259,986,0.4560227503554743,1379,0.560227503554743,0.4140000000000001,2.997879558948261,3.0811053361357486,6.514836795252226,2.1021225785814712,8381.005484460695,506.2518803243055,7853.0,8866.4,8866.4,0.0,7853.0,0.0,28.648182002843793,20.810417140310097,33.24285714285714,19.061193972211143,0.12837700589071704,0.09303270363599431,0.09831403615681494,0.08897014015843997,0.07556368068251067,0.06886045094454601,0.07414178346536665,0.06946983546617916,0.0591102985984156,0.05687588868576071,0.05017265894779606,0.03920373755839935,0.034938045906967294,0.02681291895185862,0.019703432866138532,0.010562665041641276,0.005890717042453788,0.9116431881372652,0.022740577840669178,0.0,0.0,0.0,0.0,0.0,0.0,0.0,0.0,0.0,0.0,0.0,0.0,0.0,0.0,0.0,0.0,0.0,0.0,0.0,0.0,0.0,0.0,0.0,0.0,0.012187690432663014,0.7251675807434493,8.324192565508838,15.807434491163928,4.881170018281536,0.24984765386959176,4.2673697270471465,2.8994484424196614,nan,nan,nan,4.1575682382134,2.867198949941308,4.376784605834885,2.9280945838809305,1.0527270642503483,0.3926,0.01108,0.0,0.0,0.0,0.0,0.0,0.0,0.0,0.0,0.0,0.0,0.20109689213893972,22.175502742230314,7.617306520414383,0.006093845216331507,0.0,0.0,0.0,0.0,0.0,0.0,0.0,0.0,0.0,0.0,0.0,0.0,0.0,0.0,0.0,0.0,nan,nan,4.2673697270471465,2.8994484424196614,nan,0.3926,0.05533,0.0,0.0,0.0,0.0,0.0,0.0,0.0,0.0,0.0,0.0,0.0,0.0,0.0,0.0,0.0,0.0,0.0,0.0,0.0,0.00010156408693885842,0.0,0.00034531789559211863,3.0469226081657524e-05,0.000639853747714808,0.0008328255128986391,0.0036258379037172454,0.008348567946374163,0.007444647572618322,0.022242535039609993,0.005413365833841154,0.00820637822465976,0.018474507414178346,0.041336583384115375,0.0520820637822466,0.01555961811903311,0.05811497054641479,0.058358724355068045,0.06463538492788949,0.08534430225472273,0.09412959577493399,0.05013203331302052,0.06055250863294739,0.08088563883810684,0.07440585009140768,0.03769043266301036,0.03085516961202519,0.02520820637822466,0.021765183830997358,0.023877716839325616,0.011466585415397116,0.006429006703229738,0.012370505789152955,0.012015031484866951,0.004407881373146455,0.0010867357302457852,0.00022344099126548852,0.0010054844606946984,5.078204346942921e-05,0.0003046922608165753,0.0,0.0,0.0,0.0,0.0,0.0,0.0,0.0,0.0,0.0,0.0,0.0,0.0,0.0,0.0,0.0,0.0,0.0,0.0,0.0,0.0,0.0,0.0,0.0,0.0,0.0,0.0,0.0,0.0,0.0,0.0,0.0,0.0,0.0,0.0,0.0,0.0,0.0,0.0,0.0,0.0,0.0,nan,nan,4.2673697270471465,2.8994484424196614,nan,0.9115958266788059,0.022844540069295774,0.0,0.0,0.0,0.0,0.0,0.0,0.0,0.0,0.0,0.0,0.0,0.0,0.0,0.0,0.0,0.0,0.0,0.0,0.0,0.0,0.0,0.0,0.0,0.0,0.02339181286549708,0.6666666666666669,8.444444444444446,15.684210526315793,4.912280701754387,0.2690058479532164,0.9116947072810091,0.02262683418637595,0.0,0.0,0.0,0.0,0.0,0.0,0.0,0.0,0.0,0.0,0.0,0.0,0.0,0.0,0.0,0.0,0.0,0.0,0.0,0.0,0.0,0.0,0.0,0.0,0.0,0.7888040712468195,8.193384223918576,15.941475826972013,4.84732824427481,0.2290076335877863,0.3926,0.01117,0.0,0.0,0.0,0.0,0.0,0.0,0.0,0.0,0.0,0.0,0.2339181286549708,22.175438596491198,7.578947368421054,0.01169590643274854,0.0,0.0,0.0,0.0,0.0,0.0,0.0,0.0,0.0,0.0,0.0,0.0,0.0,0.0,0.0,0.0,0.3926,0.01098,0.0,0.0,0.0,0.0,0.0,0.0,0.0,0.0,0.0,0.0,0.16539440203562344,22.17557251908394,7.659033078880409,0.0,0.0,0.0,0.0,0.0,0.0,0.0,0.0,0.0,0.0,0.0,0.0,0.0,0.0,0.0,0.0,0.0
46100,4881,2539,0.520180290923991,1199,1002,0.4509321860274534,1357,0.5560335996721983,0.4180000000000001,3.0563620836891547,3.191213398827225,6.833860759493671,2.136762079208569,8380.150706822371,506.287130579541,7853.0,8866.4,8866.399999999998,1.8189894035458565e-12,7853.0,0.0,27.76562179881172,20.790867375453384,32.7570939334638,19.029831575542776,0.1407498463429625,0.10161852079491908,0.08830157754558492,0.09219422249539029,0.07949190739602541,0.07314074984634296,0.07355050194632247,0.06637984019668101,0.05552140954722393,0.048760499897561975,0.04671173939766441,0.041589838147920506,0.034828928498258555,0.02048760499897562,0.018643720549067815,0.010653554599467322,0.007375537799631223,0.9121639609117045,0.022931483149575837,0.0,0.0,0.0,0.0,0.0,0.0,0.0,0.0,0.0,0.0,0.0,0.0,0.0,0.0,0.0,0.0,0.0,0.0,0.0,0.0,0.0,0.0,0.0,0.0,0.006146281499692687,0.7191149354640445,8.205285802089737,15.636140135218197,5.16902274124155,0.2642901044867855,4.271337579617835,2.94259409268765,nan,nan,nan,4.241291956934769,2.9668922296697753,4.301729660474055,2.9174951444600437,1.0142498333415757,0.392,0.01114,0.0,0.0,0.0,0.0,0.0,0.0,0.0,0.0,0.0,0.0,0.30731407498463437,22.606023355869667,7.080516287645976,0.006146281499692687,0.0,0.0,0.0,0.0,0.0,0.0,0.0,0.0,0.0,0.0,0.0,0.0,0.0,0.0,0.0,0.0,nan,nan,4.271337579617835,2.94259409268765,nan,0.392,0.05472,0.0,0.0,0.0,0.0,0.0,0.0,0.0,0.0,0.0,0.0,0.0,0.0,0.0,0.0,0.0,0.0,0.0,0.0,0.0,9.21942224953903e-05,0.0,0.0003380454824830977,8.195041999590248e-05,0.0005634091374718296,0.0008399918049580004,0.003247285392337636,0.007744314689612784,0.007006760909649662,0.022300758041384962,0.004753124359762344,0.006658471624667077,0.019514443761524277,0.040534726490473266,0.05691456668715427,0.015468141774226592,0.06061257938946937,0.058481868469575905,0.06642081540667896,0.08382503585330875,0.09056545789797173,0.048094652735095264,0.06341938127432903,0.08267772997336612,0.07539438639623028,0.03948985863552551,0.031499692685925014,0.022649047326367546,0.020180290923990984,0.022341733251382914,0.012989141569350543,0.005029707027248515,0.01281499692685925,0.011790616676910469,0.0037389879123130507,0.0008399918049580004,0.00016390083999180495,0.0006658471624667076,2.048760499897562e-05,0.0002253636549887318,0.0,1.024380249948781e-05,0.0,0.0,0.0,0.0,0.0,0.0,0.0,0.0,0.0,0.0,0.0,0.0,0.0,0.0,0.0,0.0,0.0,0.0,0.0,0.0,0.0,0.0,0.0,0.0,0.0,0.0,0.0,0.0,0.0,0.0,0.0,0.0,0.0,0.0,0.0,0.0,0.0,0.0,0.0,0.0,nan,nan,4.271337579617835,2.94259409268765,nan,0.9119724396787886,0.022570970999441817,0.0,0.0,0.0,0.0,0.0,0.0,0.0,0.0,0.0,0.0,0.0,0.0,0.0,0.0,0.0,0.0,0.0,0.0,0.0,0.0,0.0,0.0,0.0,0.0,0.011815675462780626,0.7680189050807407,8.188263095706972,15.762111067349354,5.068924773532888,0.20086648286727063,0.9123715921714711,0.023314246447742347,0.0,0.0,0.0,0.0,0.0,0.0,0.0,0.0,0.0,0.0,0.0,0.0,0.0,0.0,0.0,0.0,0.0,0.0,0.0,0.0,0.0,0.0,0.0,0.0,0.0,0.6660973526900087,8.223740392826645,15.499573014517509,5.277540563620838,0.33304867634500435,0.392,0.01104,0.0,0.0,0.0,0.0,0.0,0.0,0.0,0.0,0.0,0.0,0.283576211106735,22.79243796770379,6.912170145726665,0.011815675462780626,0.0,0.0,0.0,0.0,0.0,0.0,0.0,0.0,0.0,0.0,0.0,0.0,0.0,0.0,0.0,0.0,0.3923,0.011246,0.0,0.0,0.0,0.0,0.0,0.0,0.0,0.0,0.0,0.0,0.33304867634500435,22.40392826643891,7.263023057216056,0.0,0.0,0.0,0.0,0.0,0.0,0.0,0.0,0.0,0.0,0.0,0.0,0.0,0.0,0.0,0.0,0.0
46200,4950,2594,0.5240404040404041,1222,1016,0.45212121212121215,1415,0.5717171717171717,0.4020000000000001,2.9987266553480474,3.0600245915408073,6.503639010189229,2.0516407686253175,8384.062545454546,506.11397568035505,7853.0,8866.4,8866.4,0.0,7853.0,0.0,28.7979797979798,21.2563857537617,33.75832335329341,19.441428376243767,0.13616161616161615,0.09676767676767677,0.08646464646464647,0.08828282828282828,0.07313131313131313,0.07878787878787878,0.06848484848484848,0.06767676767676768,0.058383838383838385,0.0503030303030303,0.048484848484848485,0.04040404040404041,0.037171717171717175,0.028888888888888888,0.020404040404040404,0.012323232323232323,0.00787878787878788,0.9126931711037953,0.02302704806627996,0.0,0.0,0.0,0.0,0.0,0.0,0.0,0.0,0.0,0.0,0.0,0.0,0.0,0.0,0.0,0.0,0.0,0.0,0.0,0.0,0.0,0.0,0.0,0.0,0.0,0.6909090909090911,8.006060606060608,15.703030303030307,5.333333333333335,0.2666666666666667,4.171655467318265,2.8284017272834783,nan,nan,nan,4.207896360271437,2.783238245377069,4.136116152450091,2.871557105323545,0.9829415456856176,0.3923,0.01051,0.0,0.0,0.0,0.0,0.0,0.0,0.0,0.0,0.0,0.0,0.18787878787878792,22.9333333333333,6.878787878787881,0.0,0.0,0.0,0.0,0.0,0.0,0.0,0.0,0.0,0.0,0.0,0.0,0.0,0.0,0.0,0.0,0.0,nan,nan,4.171655467318265,2.8284017272834783,nan,0.3923,0.055,0.0,0.0,0.0,0.0,0.0,0.0,0.0,0.0,0.0,0.0,0.0,0.0,0.0,0.0,0.0,0.0,0.0,0.0,0.0,0.00010101010101010101,0.0,0.00022222222222222223,6.0606060606060605e-05,0.0005454545454545455,0.0009696969696969697,0.0027373737373737376,0.007131313131313132,0.0067777777777777775,0.02190909090909091,0.004464646464646465,0.006757575757575757,0.02,0.0445959595959596,0.05723232323232323,0.015404040404040404,0.060626262626262625,0.0585959595959596,0.06647474747474748,0.08087878787878788,0.08721212121212121,0.04806060606060606,0.06362626262626263,0.08508080808080808,0.07574747474747474,0.036848484848484846,0.03205050505050505,0.02313131313131313,0.019686868686868687,0.023373737373737373,0.013252525252525252,0.004787878787878788,0.012565656565656566,0.013,0.0038888888888888888,0.0006868686868686869,0.00047474747474747476,0.0006464646464646465,0.0,0.00039393939393939396,0.0,0.0,0.0,0.0,0.0,0.0,0.0,0.0,0.0,0.0,0.0,0.0,0.0,0.0,0.0,0.0,0.0,0.0,0.0,0.0,0.0,0.0,0.0,0.0,0.0,0.0,0.0,0.0,0.0,0.0,0.0,0.0,0.0,0.0,0.0,0.0,0.0,0.0,0.0,0.0,0.0,0.0,nan,nan,4.171655467318265,2.8284017272834783,nan,0.9127148264357009,0.023237536902160034,0.0,0.0,0.0,0.0,0.0,0.0,0.0,0.0,0.0,0.0,0.0,0.0,0.0,0.0,0.0,0.0,0.0,0.0,0.0,0.0,0.0,0.0,0.0,0.0,0.0,0.7170393215111798,8.014649190439478,15.624518118735546,5.285273708558213,0.3585196607555899,0.9126693281789384,0.02279302396114599,0.0,0.0,0.0,0.0,0.0,0.0,0.0,0.0,0.0,0.0,0.0,0.0,0.0,0.0,0.0,0.0,0.0,0.0,0.0,0.0,0.0,0.0,0.0,0.0,0.0,0.6621392190152803,7.996604414261462,15.78947368421053,5.386247877758915,0.16553480475382007,0.3926,0.0106,0.0,0.0,0.0,0.0,0.0,0.0,0.0,0.0,0.0,0.0,0.1734772552043177,22.748650732459488,7.077872012336162,0.0,0.0,0.0,0.0,0.0,0.0,0.0,0.0,0.0,0.0,0.0,0.0,0.0,0.0,0.0,0.0,0.0,0.3923,0.01042,0.0,0.0,0.0,0.0,0.0,0.0,0.0,0.0,0.0,0.0,0.20373514431239392,23.136672325976196,6.659592529711377,0.0,0.0,0.0,0.0,0.0,0.0,0.0,0.0,0.0,0.0,0.0,0.0,0.0,0.0,0.0,0.0,0.0
46300,4806,2497,0.5195588847274241,1167,965,0.44361215147732,1349,0.5613816063254266,0.4300000000000001,3.0844521437851884,3.202054601882236,6.776934749620637,2.230363446839738,8379.520973782772,506.3121754395232,7853.0,8866.4,8866.4,0.0,7853.0,0.0,28.27257594673325,21.20054120685463,33.357426726279186,19.406818538790358,0.14128173116937162,0.10216396171452351,0.09155222638368705,0.08322929671244278,0.07677902621722846,0.071993341656263,0.06970453599667083,0.06304619225967541,0.05493133583021224,0.05056179775280899,0.04910528506034124,0.04390345401581357,0.03911776945484811,0.02663337494798169,0.01893466500208073,0.009987515605493134,0.0070744902205576365,0.9118233957342242,0.022834014561244887,0.0,0.0,0.0,0.0,0.0,0.0,0.0,0.0,0.0,0.0,0.0,0.0,0.0,0.0,0.0,0.0,0.0,0.0,0.0,0.0,0.0,0.0,0.0,0.0,0.00624219725343321,0.7053682896379527,8.458177278402,15.543071161048692,5.0374531835206,0.2496878901373284,4.302952503209243,2.9546211078913656,nan,nan,nan,4.322143318269852,2.9350897371508164,4.283982131461391,2.97368032878957,0.9911707724620903,0.3926,0.010765,0.0,0.0,0.0,0.0,0.0,0.0,0.0,0.0,0.0,0.0,0.19975031210986272,22.37827715355802,7.421972534332086,0.0,0.0,0.0,0.0,0.0,0.0,0.0,0.0,0.0,0.0,0.0,0.0,0.0,0.0,0.0,0.0,0.0,nan,nan,4.302952503209243,2.9546211078913656,nan,0.3926,0.055,0.0,0.0,0.0,0.0,0.0,0.0,0.0,0.0,0.0,0.0,0.0,0.0,0.0,0.0,0.0,0.0,0.0,0.0,0.0,6.242197253433208e-05,0.0,0.0002184769038701623,7.282563462338743e-05,0.00045776113191843527,0.0006450270495214315,0.002455264253017062,0.00686641697877653,0.007397003745318352,0.02128589263420724,0.004806491885143571,0.007428214731585518,0.02186849771119434,0.04369538077403246,0.05708489388264669,0.016292134831460674,0.06227632126508531,0.05713691219309197,0.06322305451518935,0.07786100707449022,0.08585101955888473,0.05001040366208905,0.06260923845193508,0.08535164377861007,0.0775176862255514,0.040043695380774035,0.03227215980024969,0.022815230961298377,0.020224719101123594,0.023668331252600917,0.011849771119434041,0.005420307948397836,0.011308780690803162,0.013535164377861007,0.004223886808156471,0.000780274656679151,0.00040574282147315855,0.0005201831044527674,0.0,0.00045776113191843527,0.0,0.0,0.0,0.0,0.0,0.0,0.0,0.0,0.0,0.0,0.0,0.0,0.0,0.0,0.0,0.0,0.0,0.0,0.0,0.0,0.0,0.0,0.0,0.0,0.0,0.0,0.0,0.0,0.0,0.0,0.0,0.0,0.0,0.0,0.0,0.0,0.0,0.0,0.0,0.0,0.0,0.0,nan,nan,4.302952503209243,2.9546211078913656,nan,0.9122170878020008,0.02285307564541191,0.0,0.0,0.0,0.0,0.0,0.0,0.0,0.0,0.0,0.0,0.0,0.0,0.0,0.0,0.0,0.0,0.0,0.0,0.0,0.0,0.0,0.0,0.0,0.0,0.0,0.6848217861433722,8.109731678013619,15.774929915899081,5.142170604725672,0.288346015218262,0.9113976490502752,0.022805736065334165,0.0,0.0,0.0,0.0,0.0,0.0,0.0,0.0,0.0,0.0,0.0,0.0,0.0,0.0,0.0,0.0,0.0,0.0,0.0,0.0,0.0,0.0,0.0,0.0,0.012992637505413601,0.7275877003031618,8.834993503681249,15.29233434387181,4.924209614551755,0.20788220008661762,0.3928,0.01078,0.0,0.0,0.0,0.0,0.0,0.0,0.0,0.0,0.0,0.0,0.20424509411293557,22.226672006407657,7.569082899479377,0.0,0.0,0.0,0.0,0.0,0.0,0.0,0.0,0.0,0.0,0.0,0.0,0.0,0.0,0.0,0.0,0.0,0.3923,0.010735,0.0,0.0,0.0,0.0,0.0,0.0,0.0,0.0,0.0,0.0,0.19488956258120405,22.542226071892564,7.262884365526204,0.0,0.0,0.0,0.0,0.0,0.0,0.0,0.0,0.0,0.0,0.0,0.0,0.0,0.0,0.0,0.0,0.0
46400,4972,2561,0.5150844730490748,1169,1030,0.4422767497988737,1403,0.5643604183427192,0.37800000000000006,2.9328079635006223,3.0001461937341176,6.3520923520923525,1.9978666349479361,8374.986604987933,506.469357126315,7853.0,8866.4,8866.4,0.0,7853.0,0.0,28.477272727272727,21.124694115939086,33.41274767247553,19.349046987031365,0.13596138374899436,0.09774738535800483,0.09533386967015285,0.08507642799678197,0.08004827031375704,0.07280772325020113,0.06536604987932422,0.06174577634754626,0.058930008045052294,0.05329847144006436,0.0502815768302494,0.04424778761061947,0.03419147224456959,0.025945293644408687,0.02011263073209976,0.010659694288012871,0.008246178600160902,0.9124965207023382,0.02277373986370674,0.0,0.0,0.0,0.0,0.0,0.0,0.0,0.0,0.0,0.0,0.0,0.0,0.0,0.0,0.0,0.0,0.0,0.0,0.0,0.0,0.0,0.0,0.0,0.0,0.0,0.6576830249396622,7.916331456154467,16.1283185840708,5.008045052292841,0.2896218825422366,4.123839009287925,2.7240736429972086,nan,nan,nan,4.1518357187305535,2.697685297491125,4.096118299445472,2.749671525253106,0.9865800520396992,0.392,0.010994,0.0,0.0,0.0,0.0,0.0,0.0,0.0,0.0,0.0,0.0,0.253419147224457,22.662912308929975,7.077634754625906,0.006033789219629929,0.0,0.0,0.0,0.0,0.0,0.0,0.0,0.0,0.0,0.0,0.0,0.0,0.0,0.0,0.0,0.0,nan,nan,4.123839009287925,2.7240736429972086,nan,0.392,0.0549,0.0,0.0,0.0,0.0,0.0,0.0,0.0,0.0,0.0,0.0,0.0,0.0,0.0,0.0,0.0,0.0,0.0,0.0,0.0,5.0281576830249393e-05,1.0056315366049879e-05,0.00046259050683829445,0.00014078841512469832,0.000492759452936444,0.0005430410297666935,0.0024436846339501205,0.006969026548672566,0.008296460176991151,0.02141995172968624,0.00501810136765889,0.007582461786001609,0.022264682220434432,0.044770716009654064,0.05795454545454545,0.016059935639581656,0.06170555108608206,0.05271520514883347,0.060770313757039424,0.08012872083668544,0.08823411102172164,0.05264481094127112,0.06191673370876911,0.08704746580852775,0.07461786001609011,0.0418342719227675,0.031496379726468224,0.022817779565567176,0.01916733708769107,0.02413515687851971,0.012127916331456155,0.0048672566371681415,0.01070997586484312,0.013002815768302494,0.0037308930008045052,0.00046259050683829445,0.000492759452936444,0.00032180209171359613,0.0,0.0005732099758648431,0.0,0.0,0.0,0.0,0.0,0.0,0.0,0.0,0.0,0.0,0.0,0.0,0.0,0.0,0.0,0.0,0.0,0.0,0.0,0.0,0.0,0.0,0.0,0.0,0.0,0.0,0.0,0.0,0.0,0.0,0.0,0.0,0.0,0.0,0.0,0.0,0.0,0.0,0.0,0.0,0.0,0.0,nan,nan,4.123839009287925,2.7240736429972086,nan,0.9126595516355649,0.022869225622815802,0.0,0.0,0.0,0.0,0.0,0.0,0.0,0.0,0.0,0.0,0.0,0.0,0.0,0.0,0.0,0.0,0.0,0.0,0.0,0.0,0.0,0.0,0.0,0.0,0.0,0.6325654041390084,7.801639984381103,16.0718469347911,5.2128074970714575,0.281140179617337,0.9123233468242821,0.02267058896936328,0.0,0.0,0.0,0.0,0.0,0.0,0.0,0.0,0.0,0.0,0.0,0.0,0.0,0.0,0.0,0.0,0.0,0.0,0.0,0.0,0.0,0.0,0.0,0.0,0.0,0.6843633347158857,8.03815844048113,16.188303608461222,4.790543343011199,0.29863127333056827,0.3918,0.01101,0.0,0.0,0.0,0.0,0.0,0.0,0.0,0.0,0.0,0.0,0.281140179617337,22.85435376805932,6.8527918781725905,0.011714174150722376,0.0,0.0,0.0,0.0,0.0,0.0,0.0,0.0,0.0,0.0,0.0,0.0,0.0,0.0,0.0,0.0,0.392,0.01097,0.0,0.0,0.0,0.0,0.0,0.0,0.0,0.0,0.0,0.0,0.22397345499792623,22.45956034840312,7.316466196598923,0.0,0.0,0.0,0.0,0.0,0.0,0.0,0.0,0.0,0.0,0.0,0.0,0.0,0.0,0.0,0.0,0.0
46500,4714,2428,0.5150615188799321,1123,967,0.443360203648706,1341,0.5689435723377174,0.4140000000000001,2.956692913385827,3.061538034210772,6.47583081570997,2.08690105941792,8374.963343232925,506.47005869385185,7853.0,8866.4,8866.399999999998,1.8189894035458565e-12,7853.0,0.0,28.65952481968604,21.274358558156553,33.634852681944096,19.484211149209514,0.13597793805685193,0.10118795078489605,0.08888417479847263,0.08506576156130674,0.07764106915570641,0.07064064488756894,0.07191344929995758,0.06173101400084854,0.057912600763682646,0.05366991938905388,0.04369961815867628,0.04666949512091642,0.037547730165464574,0.029062367416207043,0.01972846839202376,0.011455239711497667,0.007212558336868901,0.9125505848663259,0.02285608283683712,0.0,0.0,0.0,0.0,0.0,0.0,0.0,0.0,0.0,0.0,0.0,0.0,0.0,0.0,0.0,0.0,0.0,0.0,0.0,0.0,0.0,0.0,0.0,0.0,0.0,0.6936784047518033,8.20322443784472,15.59821807382266,5.282138311412814,0.22274077216801022,4.189951377633712,2.832017023082613,nan,nan,nan,4.150881776616591,2.811303384702028,4.228442728442729,2.851753601646946,1.0186854157743221,0.3923,0.01108,0.0,0.0,0.0,0.0,0.0,0.0,0.0,0.0,0.0,0.0,0.23546881629189653,22.40135765803985,7.363173525668224,0.0,0.0,0.0,0.0,0.0,0.0,0.0,0.0,0.0,0.0,0.0,0.0,0.0,0.0,0.0,0.0,0.0,nan,nan,4.189951377633712,2.832017023082613,nan,0.3926,0.0553,0.0,0.0,0.0,0.0,0.0,0.0,0.0,0.0,0.0,0.0,0.0,0.0,0.0,0.0,0.0,0.0,0.0,0.0,0.0,8.485362749257531e-05,0.0,0.00047730165464573613,3.182011030971574e-05,0.0006470089096308867,0.0004985150615188799,0.002831989817564701,0.006661009758167162,0.00898387781077641,0.02201951633432329,0.004635129401781926,0.007265591854051761,0.022528638099278745,0.0458845990666101,0.054359355112431056,0.014997878659312685,0.06166737378022911,0.05298048366567671,0.05957785320322444,0.08154433602036487,0.08404751803139585,0.05669282986847688,0.06143402630462452,0.08570216376750106,0.07483029274501485,0.04058124734832414,0.03210649130250318,0.023759015697921087,0.01995120916419177,0.025265167585914298,0.01286593126856173,0.0050063640220619435,0.011402206194314807,0.01335383962664404,0.0037335596096733136,0.0003924480271531608,0.00036062791684344505,0.00011667373780229105,3.182011030971574e-05,0.0006894357233771744,0.0,0.0,0.0,0.0,0.0,0.0,0.0,0.0,0.0,0.0,0.0,0.0,0.0,0.0,0.0,0.0,0.0,0.0,0.0,0.0,0.0,0.0,0.0,0.0,0.0,0.0,0.0,0.0,0.0,0.0,0.0,0.0,0.0,0.0,0.0,0.0,0.0,0.0,0.0,0.0,0.0,0.0,nan,nan,4.189951377633712,2.832017023082613,nan,0.9126247113579776,0.02320290873833319,0.0,0.0,0.0,0.0,0.0,0.0,0.0,0.0,0.0,0.0,0.0,0.0,0.0,0.0,0.0,0.0,0.0,0.0,0.0,0.0,0.0,0.0,0.0,0.0,0.0,0.7660626029654038,8.19192751235585,15.135914332784187,5.733113673805603,0.17298187808896215,0.9124718538419468,0.022481586865501998,0.0,0.0,0.0,0.0,0.0,0.0,0.0,0.0,0.0,0.0,0.0,0.0,0.0,0.0,0.0,0.0,0.0,0.0,0.0,0.0,0.0,0.0,0.0,0.0,0.0,0.6167979002624673,8.215223097112862,16.08923884514436,4.803149606299214,0.27559055118110243,0.3926,0.01099,0.0,0.0,0.0,0.0,0.0,0.0,0.0,0.0,0.0,0.0,0.18533772652388802,22.314662273476078,7.500000000000002,0.0,0.0,0.0,0.0,0.0,0.0,0.0,0.0,0.0,0.0,0.0,0.0,0.0,0.0,0.0,0.0,0.0,0.392,0.01116,0.0,0.0,0.0,0.0,0.0,0.0,0.0,0.0,0.0,0.0,0.2887139107611549,22.493438320209943,7.217847769028873,0.0,0.0,0.0,0.0,0.0,0.0,0.0,0.0,0.0,0.0,0.0,0.0,0.0,0.0,0.0,0.0,0.0
46600,4721,2502,0.5299724634611311,1172,938,0.4469392077949587,1312,0.5558144460919296,0.4020000000000001,2.954033348355115,3.071867977526535,6.4984227129337535,2.1144308220984573,8390.074094471509,505.7887942462106,7853.0,8866.4,8866.4,0.0,7853.0,0.0,27.952128786274095,20.822848384641233,32.902395964691046,19.043080033432922,0.139800889642025,0.10061427663630587,0.0906587587375556,0.08599872908282144,0.07943232366024147,0.0732895572971828,0.0694768057614912,0.06862952764244863,0.061215844100826096,0.05634399491633128,0.04088116924380428,0.04172844736284685,0.033043846642660454,0.02478288498199534,0.014615547553484431,0.010379156958271553,0.00910823977970769,0.9114143157808288,0.022768921079720363,0.0,0.0,0.0,0.0,0.0,0.0,0.0,0.0,0.0,0.0,0.0,0.0,0.0,0.0,0.0,0.0,0.0,0.0,0.0,0.0,0.0,0.0,0.0,0.0,0.019063757678457957,0.6799406905316672,8.540563439949166,15.59415378097861,4.931158652827792,0.2351196780343148,4.179124135660191,2.8676523246701855,nan,nan,nan,4.240885416666667,2.9189208992429596,4.115922718187875,2.8128179822654666,0.9705338187191549,0.3916,0.011314,0.0,0.0,0.0,0.0,0.0,0.0,0.0,0.0,0.0,0.0,0.3304384664266046,22.762126668078764,6.894725693708962,0.01270917178563864,0.0,0.0,0.0,0.0,0.0,0.0,0.0,0.0,0.0,0.0,0.0,0.0,0.0,0.0,0.0,0.0,nan,nan,4.179124135660191,2.8676523246701855,nan,0.3916,0.05508,0.0,0.0,0.0,0.0,0.0,0.0,0.0,0.0,0.0,0.0,0.0,0.0,0.0,0.0,0.0,0.0,0.0,0.0,0.0,0.00020122855327261174,3.177292946409659e-05,0.0007625503071383181,2.1181952976064393e-05,0.0007731412836263504,6.354585892819318e-05,0.0031031561109934338,0.0059203558568099975,0.009373014191908493,0.02251641601355645,0.005221351408599873,0.007180682058885829,0.02434865494598602,0.044969286168184706,0.05582503706841771,0.017242109722516417,0.060008472781190425,0.053103156110993435,0.06076043211184071,0.08107392501588646,0.08202711289980937,0.05565558144460919,0.06183012073713196,0.0891124761703029,0.07323660241474264,0.04140012709171786,0.031667019699216266,0.02372378733319212,0.019879262868036433,0.024369836898962084,0.012327896632069476,0.004363482313069265,0.011438254607074773,0.012126668078796865,0.0027748358398644356,0.000593094683329803,0.00020122855327261174,6.354585892819318e-05,8.472781190425757e-05,0.0006248676127938996,0.0,0.0,0.0,0.0,0.0,0.0,0.0,0.0,0.0,0.0,0.0,0.0,0.0,0.0,0.0,0.0,0.0,0.0,0.0,0.0,0.0,0.0,0.0,0.0,0.0,0.0,0.0,0.0,0.0,0.0,0.0,0.0,0.0,0.0,0.0,0.0,0.0,0.0,0.0,0.0,0.0,0.0,nan,nan,4.179124135660191,2.8676523246701855,nan,0.9113440652974218,0.022818047159652365,0.0,0.0,0.0,0.0,0.0,0.0,0.0,0.0,0.0,0.0,0.0,0.0,0.0,0.0,0.0,0.0,0.0,0.0,0.0,0.0,0.0,0.0,0.0,0.0,0.011990407673860915,0.7194244604316549,8.441247002398082,15.815347721822544,4.772182254196643,0.23980815347721826,0.9114935256544133,0.022713141652650395,0.0,0.0,0.0,0.0,0.0,0.0,0.0,0.0,0.0,0.0,0.0,0.0,0.0,0.0,0.0,0.0,0.0,0.0,0.0,0.0,0.0,0.0,0.0,0.0,0.02703920684993241,0.6354213609734115,8.65254619197837,15.344749887336642,5.110410094637225,0.22983325822442546,0.3918,0.01124,0.0,0.0,0.0,0.0,0.0,0.0,0.0,0.0,0.0,0.0,0.275779376498801,22.589928057553927,7.134292565947244,0.0,0.0,0.0,0.0,0.0,0.0,0.0,0.0,0.0,0.0,0.0,0.0,0.0,0.0,0.0,0.0,0.0,0.3914,0.01139,0.0,0.0,0.0,0.0,0.0,0.0,0.0,0.0,0.0,0.0,0.39206849932401994,22.956286615592578,6.62460567823344,0.02703920684993241,0.0,0.0,0.0,0.0,0.0,0.0,0.0,0.0,0.0,0.0,0.0,0.0,0.0,0.0,0.0,0.0
46700,4455,2289,0.5138047138047138,1113,934,0.4594837261503928,1261,0.5661054994388328,0.4060000000000001,2.964450600184672,3.0683400049642175,6.527182866556837,2.1087803742269053,8373.689696969695,506.50683941946517,7853.0,8866.4,8866.399999999998,1.8189894035458565e-12,7853.0,0.0,28.101234567901233,20.747627577706975,33.0807486631016,18.912164081395936,0.1409652076318743,0.09831649831649832,0.08282828282828283,0.08641975308641975,0.0877665544332211,0.07519640852974187,0.06868686868686869,0.06442199775533108,0.06127946127946128,0.055218855218855216,0.045342312008978675,0.036139169472502806,0.0372615039281706,0.027609427609427608,0.015039281705948373,0.010774410774410775,0.006734006734006734,0.9120727389749854,0.02305270498088613,0.0,0.0,0.0,0.0,0.0,0.0,0.0,0.0,0.0,0.0,0.0,0.0,0.0,0.0,0.0,0.0,0.0,0.0,0.0,0.0,0.0,0.0,0.0,0.0,0.013468013468013471,0.6936026936026938,8.235690235690237,15.703703703703708,5.1178451178451185,0.23569023569023573,4.1206185567010305,2.8402278892279806,nan,nan,nan,4.162517289073306,2.8494750234827686,4.079234972677596,2.8304560378049173,0.979992319403855,0.3914,0.01075,0.0,0.0,0.0,0.0,0.0,0.0,0.0,0.0,0.0,0.0,0.22222222222222227,23.575757575757542,6.202020202020203,0.0,0.0,0.0,0.0,0.0,0.0,0.0,0.0,0.0,0.0,0.0,0.0,0.0,0.0,0.0,0.0,0.0,nan,nan,4.1206185567010305,2.8402278892279806,nan,0.3914,0.05475,0.0,0.0,0.0,0.0,0.0,0.0,0.0,0.0,0.0,0.0,0.0,0.0,0.0,0.0,0.0,0.0,0.0,0.0,0.0,0.0004264870931537598,0.0,0.0006285072951739618,0.0,0.000819304152637486,0.0,0.0032210998877665546,0.00468013468013468,0.009405162738496071,0.022570145903479236,0.0061054994388327725,0.007519640852974186,0.024017957351290684,0.044287317620650954,0.056318742985409655,0.01744107744107744,0.061459034792368125,0.05148148148148148,0.06322109988776656,0.08347923681257015,0.08444444444444445,0.054343434343434346,0.05914702581369248,0.08781144781144781,0.07483726150392817,0.03931537598204265,0.032895622895622895,0.025005611672278338,0.017744107744107743,0.02414141414141414,0.012267115600448934,0.003782267115600449,0.011548821548821548,0.011481481481481481,0.0025813692480359147,0.0008529741863075196,0.00013468013468013467,0.00010101010101010101,0.00014590347923681258,0.0003367003367003367,0.0,0.0,0.0,0.0,0.0,0.0,0.0,0.0,0.0,0.0,0.0,0.0,0.0,0.0,0.0,0.0,0.0,0.0,0.0,0.0,0.0,0.0,0.0,0.0,0.0,0.0,0.0,0.0,0.0,0.0,0.0,0.0,0.0,0.0,0.0,0.0,0.0,0.0,0.0,0.0,0.0,0.0,nan,nan,4.1206185567010305,2.8402278892279806,nan,0.9124884366624582,0.02252002669211743,0.0,0.0,0.0,0.0,0.0,0.0,0.0,0.0,0.0,0.0,0.0,0.0,0.0,0.0,0.0,0.0,0.0,0.0,0.0,0.0,0.0,0.0,0.0,0.0,0.0,0.5242463958060289,8.296199213630407,15.806028833551773,5.190039318479686,0.18348623853211013,0.9116334351861466,0.023594612474883904,0.0,0.0,0.0,0.0,0.0,0.0,0.0,0.0,0.0,0.0,0.0,0.0,0.0,0.0,0.0,0.0,0.0,0.0,0.0,0.0,0.0,0.0,0.0,0.0,0.027700831024930754,0.8725761772853188,8.171745152354573,15.595567867036014,5.041551246537397,0.2908587257617729,0.3914,0.01077,0.0,0.0,0.0,0.0,0.0,0.0,0.0,0.0,0.0,0.0,0.22280471821756231,23.486238532110058,6.290956749672348,0.0,0.0,0.0,0.0,0.0,0.0,0.0,0.0,0.0,0.0,0.0,0.0,0.0,0.0,0.0,0.0,0.0,0.391,0.01072,0.0,0.0,0.0,0.0,0.0,0.0,0.0,0.0,0.0,0.0,0.22160664819944603,23.67036011080329,6.108033240997232,0.0,0.0,0.0,0.0,0.0,0.0,0.0,0.0,0.0,0.0,0.0,0.0,0.0,0.0,0.0,0.0,0.0
46800,4146,2243,0.5410033767486734,1064,805,0.4507959479015919,1100,0.5306319343945972,0.4300000000000001,3.0966894377299004,3.1277082132261547,6.533094812164579,2.2313178863161105,8401.252821997105,504.9933197420305,7853.0,8866.4,8866.4,0.0,7853.0,0.0,28.424023154848047,20.90851692270029,33.302458547741566,19.112288926480993,0.1345875542691751,0.09671972986010613,0.0964785335262904,0.08176555716353111,0.07525325615050651,0.07766521948866377,0.06705258080077182,0.0713941148094549,0.059334298118668596,0.053304389773275444,0.049686444766039554,0.04052098408104197,0.03545586107091172,0.02580800771828268,0.016401350699469366,0.009889049686444766,0.008683068017366137,0.9123933484918877,0.022458850745634456,0.0,0.0,0.0,0.0,0.0,0.0,0.0,0.0,0.0,0.0,0.0,0.0,0.0,0.0,0.0,0.0,0.0,0.0,0.0,0.0,0.0,0.0,0.0,0.0,0.0,0.6729377713458756,8.04630969609262,15.955137481910278,5.072358900144718,0.25325615050651235,4.204747774480712,2.9306385220741196,nan,nan,nan,4.164056674123788,2.8917723203326164,4.245018450184502,2.968053007073176,1.0194430053183055,0.391,0.01094,0.0,0.0,0.0,0.0,0.0,0.0,0.0,0.0,0.0,0.0,0.41244573082489155,23.451519536903003,6.136034732272071,0.0,0.0,0.0,0.0,0.0,0.0,0.0,0.0,0.0,0.0,0.0,0.0,0.0,0.0,0.0,0.0,0.0,nan,nan,4.204747774480712,2.9306385220741196,nan,0.391,0.05573,0.0,0.0,0.0,0.0,0.0,0.0,0.0,0.0,0.0,0.0,0.0,0.0,0.0,0.0,0.0,0.0,0.0,0.0,0.0,0.0004220935841775205,0.0,0.0006874095513748191,0.0,0.0009165460684997588,0.0,0.004196816208393632,0.004401833092136999,0.008984563434635794,0.023408104196816208,0.008610709117221418,0.00817655571635311,0.02549445248432224,0.04460926193921853,0.05499276410998553,0.01786058851905451,0.0624095513748191,0.05183309213699952,0.06143270622286541,0.08027013989387362,0.08491316931982634,0.051941630487216596,0.05744090689821515,0.08476845151953691,0.07655571635311144,0.038145200192957064,0.03422575976845152,0.023142788229618908,0.019187168355041005,0.02528943560057887,0.0135552339604438,0.003822961890979257,0.012506029908345394,0.011480945489628558,0.002653159671972986,0.0010250844187168354,0.0,0.0003738543174143753,0.000120598166907863,0.0001447178002894356,0.0,0.0,0.0,0.0,0.0,0.0,0.0,0.0,0.0,0.0,0.0,0.0,0.0,0.0,0.0,0.0,0.0,0.0,0.0,0.0,0.0,0.0,0.0,0.0,0.0,0.0,0.0,0.0,0.0,0.0,0.0,0.0,0.0,0.0,0.0,0.0,0.0,0.0,0.0,0.0,0.0,0.0,nan,nan,4.204747774480712,2.9306385220741196,nan,0.9121310228064184,0.022646055443955305,0.0,0.0,0.0,0.0,0.0,0.0,0.0,0.0,0.0,0.0,0.0,0.0,0.0,0.0,0.0,0.0,0.0,0.0,0.0,0.0,0.0,0.0,0.0,0.0,0.0,0.6821221578243425,8.078466339723587,15.8359340169416,5.109228711547036,0.29424877396344185,0.9127025426655647,0.0222322017147083,0.0,0.0,0.0,0.0,0.0,0.0,0.0,0.0,0.0,0.0,0.0,0.0,0.0,0.0,0.0,0.0,0.0,0.0,0.0,0.0,0.0,0.0,0.0,0.0,0.0,0.6621124540199685,8.008407777193906,16.095638465580667,5.028901734104047,0.20493956910141886,0.3909,0.0108,0.0,0.0,0.0,0.0,0.0,0.0,0.0,0.0,0.0,0.0,0.41462327240303176,23.794025858225556,5.791350869371379,0.0,0.0,0.0,0.0,0.0,0.0,0.0,0.0,0.0,0.0,0.0,0.0,0.0,0.0,0.0,0.0,0.0,0.3914,0.01109,0.0,0.0,0.0,0.0,0.0,0.0,0.0,0.0,0.0,0.0,0.4098791382028377,23.047819232790296,6.542301629006833,0.0,0.0,0.0,0.0,0.0,0.0,0.0,0.0,0.0,0.0,0.0,0.0,0.0,0.0,0.0,0.0,0.0
46900,4195,2173,0.5179976162097736,1000,854,0.44195470798569725,1161,0.5535160905840286,0.4460000000000001,3.059347181008902,3.1732747704357314,6.7718360071301245,2.200629876170506,8377.938784266986,506.3716389653573,7853.0,8866.4,8866.4,0.0,7853.0,0.0,27.536352800953516,20.960336037791205,32.906177829099306,19.128383772826304,0.14946364719904648,0.10226460071513707,0.08915375446960667,0.08772348033373063,0.0769964243146603,0.07794994040524433,0.0700834326579261,0.06126340882002384,0.05292014302741359,0.05172824791418355,0.05029797377830751,0.03909415971394517,0.030750893921334923,0.0266984505363528,0.016209773539928488,0.008581644815256258,0.008820023837902265,0.9123055040481122,0.022678388450129035,0.0,0.0,0.0,0.0,0.0,0.0,0.0,0.0,0.0,0.0,0.0,0.0,0.0,0.0,0.0,0.0,0.0,0.0,0.0,0.0,0.0,0.0,0.0,0.0,0.014302741358760432,0.5649582836710371,8.209773539928488,15.954707985697262,4.97735399284863,0.27890345649582843,4.3974503187101615,2.888809503198418,nan,nan,nan,4.410958904109589,2.868779378607018,4.383875739644971,2.909097199665859,0.9938600279319344,0.3916,0.01117,0.0,0.0,0.0,0.0,0.0,0.0,0.0,0.0,0.0,0.0,0.32896305125148995,22.72705601907029,6.94398092967819,0.0,0.0,0.0,0.0,0.0,0.0,0.0,0.0,0.0,0.0,0.0,0.0,0.0,0.0,0.0,0.0,0.0,nan,nan,4.3974503187101615,2.888809503198418,nan,0.3918,0.05597,0.0,0.0,0.0,0.0,0.0,0.0,0.0,0.0,0.0,0.0,0.0,0.0,0.0,0.0,0.0,0.0,0.0,0.0,0.0,0.000500595947556615,0.0,0.0008104886769964244,0.0,0.0014183551847437425,1.1918951132300358e-05,0.004219308700834327,0.003373063170441001,0.00800953516090584,0.023516090584028607,0.00797377830750894,0.009272943980929678,0.025852205005959476,0.0432896305125149,0.055864123957091776,0.01809296781883194,0.06072705601907032,0.04858164481525626,0.06102502979737783,0.0799284862932062,0.08489868891537544,0.05021454112038141,0.06070321811680572,0.08723480333730632,0.0732181168057211,0.03710369487485101,0.03597139451728248,0.02499404052443385,0.020178784266984506,0.024898688915375448,0.015470798569725865,0.004266984505363528,0.011787842669845054,0.011883194278903457,0.0025387365911799763,0.00133492252681764,1.1918951132300358e-05,0.0004052443384982122,0.0002502979737783075,0.000166865315852205,0.0,0.0,0.0,0.0,0.0,0.0,0.0,0.0,0.0,0.0,0.0,0.0,0.0,0.0,0.0,0.0,0.0,0.0,0.0,0.0,0.0,0.0,0.0,0.0,0.0,0.0,0.0,0.0,0.0,0.0,0.0,0.0,0.0,0.0,0.0,0.0,0.0,0.0,0.0,0.0,0.0,0.0,nan,nan,4.3974503187101615,2.888809503198418,nan,0.9125059973354226,0.022948228917491917,0.0,0.0,0.0,0.0,0.0,0.0,0.0,0.0,0.0,0.0,0.0,0.0,0.0,0.0,0.0,0.0,0.0,0.0,0.0,0.0,0.0,0.0,0.0,0.0,0.027611596870685696,0.538426138978371,8.33870225494708,15.780027611596873,4.9976990335941105,0.31753336401288546,0.912090038215607,0.02238276870082182,0.0,0.0,0.0,0.0,0.0,0.0,0.0,0.0,0.0,0.0,0.0,0.0,0.0,0.0,0.0,0.0,0.0,0.0,0.0,0.0,0.0,0.0,0.0,0.0,0.0,0.5934718100890208,8.071216617210684,16.142433234421368,4.955489614243325,0.23738872403560837,0.392,0.01124,0.0,0.0,0.0,0.0,0.0,0.0,0.0,0.0,0.0,0.0,0.31753336401288546,22.29636447307866,7.386102162908423,0.0,0.0,0.0,0.0,0.0,0.0,0.0,0.0,0.0,0.0,0.0,0.0,0.0,0.0,0.0,0.0,0.0,0.3914,0.011086,0.0,0.0,0.0,0.0,0.0,0.0,0.0,0.0,0.0,0.0,0.341246290801187,23.189910979228454,6.468842729970328,0.0,0.0,0.0,0.0,0.0,0.0,0.0,0.0,0.0,0.0,0.0,0.0,0.0,0.0,0.0,0.0,0.0
47000,4395,2310,0.5255972696245734,1065,882,0.44300341296928325,1256,0.5715585893060295,0.4220000000000001,3.102158273381295,3.112536751607186,6.542857142857143,2.1764770052070412,8385.640273037543,506.03556419953094,7853.0,8866.4,8866.4,0.0,7853.0,0.0,28.713310580204777,21.08215023007224,33.56236559139785,19.272853569893535,0.1353811149032992,0.09260523321956769,0.08782707622298067,0.09215017064846416,0.08054607508532423,0.07121729237770194,0.07007963594994311,0.06302616609783845,0.06257110352673492,0.051194539249146756,0.05028441410693971,0.04209328782707622,0.0348122866894198,0.027758816837315133,0.01888509670079636,0.011376564277588168,0.008191126279863481,0.9111219545273244,0.02283313311631858,0.0,0.0,0.0,0.0,0.0,0.0,0.0,0.0,0.0,0.0,0.0,0.0,0.0,0.0,0.0,0.0,0.0,0.0,0.0,0.0,0.0,0.0,0.0,0.0,0.006825938566552903,0.696245733788396,8.846416382252562,15.460750853242324,4.784982935153584,0.20477815699658708,4.246527777777778,2.871009626770028,nan,nan,nan,4.212576896787423,2.84876111806371,4.281580804516584,2.8933829624741274,1.0163804505935035,0.3926,0.01122,0.0,0.0,0.0,0.0,0.0,0.0,0.0,0.0,0.0,0.0,0.22525597269624578,22.225255972696214,7.542662116040957,0.006825938566552903,0.0,0.0,0.0,0.0,0.0,0.0,0.0,0.0,0.0,0.0,0.0,0.0,0.0,0.0,0.0,0.0,nan,nan,4.246527777777778,2.871009626770028,nan,0.3926,0.05637,0.0,0.0,0.0,0.0,0.0,0.0,0.0,0.0,0.0,0.0,0.0,0.0,0.0,0.0,0.0,0.0,0.0,0.0,0.0,0.0006370875995449374,0.0,0.0008532423208191126,0.0,0.0013651877133105802,3.4129692832764505e-05,0.003879408418657565,0.0037542662116040954,0.0061433447098976105,0.024562002275312855,0.008020477815699659,0.008555176336746302,0.026018202502844142,0.04149032992036405,0.05739476678043231,0.018179749715585895,0.06073947667804323,0.048213879408418654,0.059715585893060294,0.08096700796359499,0.08303754266211603,0.04860068259385666,0.05648464163822525,0.08827076222980659,0.07476678043230944,0.03949943117178612,0.036973833902161544,0.02378839590443686,0.02155858930602958,0.02714448236632537,0.015563139931740614,0.00378839590443686,0.011763367463026166,0.013333333333333334,0.002445961319681456,0.0012059158134243458,2.2753128555176338e-05,0.0004323094425483504,0.00034129692832764505,0.0004550625711035267,0.0,0.0,0.0,0.0,0.0,0.0,0.0,0.0,0.0,0.0,0.0,0.0,0.0,0.0,0.0,0.0,0.0,0.0,0.0,0.0,0.0,0.0,0.0,0.0,0.0,0.0,0.0,0.0,0.0,0.0,0.0,0.0,0.0,0.0,0.0,0.0,0.0,0.0,0.0,0.0,0.0,0.0,nan,nan,4.246527777777778,2.871009626770028,nan,0.9112034802312975,0.022815352282825788,0.0,0.0,0.0,0.0,0.0,0.0,0.0,0.0,0.0,0.0,0.0,0.0,0.0,0.0,0.0,0.0,0.0,0.0,0.0,0.0,0.0,0.0,0.0,0.0,0.0,0.6753246753246755,9.038961038961041,14.961038961038964,5.155844155844156,0.1688311688311689,0.9110316310855124,0.022852476979617977,0.0,0.0,0.0,0.0,0.0,0.0,0.0,0.0,0.0,0.0,0.0,0.0,0.0,0.0,0.0,0.0,0.0,0.0,0.0,0.0,0.0,0.0,0.0,0.0,0.014388489208633098,0.7194244604316548,8.633093525179858,16.01438848920864,4.374100719424462,0.24460431654676265,0.3923,0.01128,0.0,0.0,0.0,0.0,0.0,0.0,0.0,0.0,0.0,0.0,0.28571428571428575,22.337662337662305,7.363636363636365,0.01298701298701299,0.0,0.0,0.0,0.0,0.0,0.0,0.0,0.0,0.0,0.0,0.0,0.0,0.0,0.0,0.0,0.0,0.3926,0.01116,0.0,0.0,0.0,0.0,0.0,0.0,0.0,0.0,0.0,0.0,0.15827338129496404,22.1007194244604,7.741007194244606,0.0,0.0,0.0,0.0,0.0,0.0,0.0,0.0,0.0,0.0,0.0,0.0,0.0,0.0,0.0,0.0,0.0
47100,4547,2343,0.5152848031669233,1057,948,0.4409500769738289,1298,0.5709258851990323,0.4220000000000001,3.1075317604355717,3.2205326810791277,6.8309636650868875,2.2459066195422,8375.189619529361,506.4631888763837,7853.0,8866.4,8866.4,0.0,7853.0,0.0,27.80470639982406,20.723098116155047,32.45289384894887,19.096030219965716,0.13239498570486036,0.10644380910490434,0.09478777215746646,0.09016934242357598,0.07895315592698482,0.07785352979986805,0.06751704420497032,0.06333846492192655,0.055421156806685724,0.052782054101605455,0.04420497031009457,0.04684407301517484,0.031009456784693204,0.02573125137453266,0.01561469100505828,0.010996261271167804,0.005937981086430614,0.9118297561357539,0.022907421437598243,0.0,0.0,0.0,0.0,0.0,0.0,0.0,0.0,0.0,0.0,0.0,0.0,0.0,0.0,0.0,0.0,0.0,0.0,0.0,0.0,0.0,0.0,0.0,0.0,0.006597756762700684,0.6927644600835717,8.319771277765561,15.709258851990327,5.014295139652519,0.25731251374532665,4.371526586620926,2.9151898105950904,nan,nan,nan,4.297829036635007,2.862077536376592,4.446527777777778,2.96763591831492,1.0345985705516092,0.392,0.01121,0.0,0.0,0.0,0.0,0.0,0.0,0.0,0.0,0.0,0.0,0.23751924345722458,22.5775236419617,7.178359357818343,0.006597756762700684,0.0,0.0,0.0,0.0,0.0,0.0,0.0,0.0,0.0,0.0,0.0,0.0,0.0,0.0,0.0,0.0,nan,nan,4.371526586620926,2.9151898105950904,nan,0.392,0.05637,0.0,0.0,0.0,0.0,0.0,0.0,0.0,0.0,0.0,0.0,0.0,0.0,0.0,0.0,0.0,0.0,0.0,0.0,0.0,0.0008687046404222564,0.0,0.0009786672531339345,1.0996261271167803e-05,0.0016934242357598416,9.896635144051023e-05,0.00390367275126457,0.0041785792830437655,0.00625687266329448,0.02278425335385969,0.007532438970749945,0.00841213987244337,0.02687486254673411,0.04239058720035188,0.05956674730591599,0.018088849791071036,0.06054541455904992,0.04926325049483176,0.05924785572905212,0.08103144930723553,0.08212007917308116,0.047822740268308774,0.057730371673630966,0.08913569386408621,0.07697382889817463,0.03676050142951397,0.03699142291620849,0.02056300857708379,0.02077193754123598,0.0277325709258852,0.015119859247855728,0.004035627886518583,0.014086210688365956,0.012128876182098087,0.002408181218385749,0.0010336485594897734,1.0996261271167803e-05,0.00040686166703320873,9.896635144051023e-05,0.00034088409940620187,0.0,0.0,0.0,0.0,0.0,0.0,0.0,0.0,0.0,0.0,0.0,0.0,0.0,0.0,0.0,0.0,0.0,0.0,0.0,0.0,0.0,0.0,0.0,0.0,0.0,0.0,0.0,0.0,0.0,0.0,0.0,0.0,0.0,0.0,0.0,0.0,0.0,0.0,0.0,0.0,0.0,0.0,nan,nan,4.371526586620926,2.9151898105950904,nan,0.9114363196819092,0.02306521782824832,0.0,0.0,0.0,0.0,0.0,0.0,0.0,0.0,0.0,0.0,0.0,0.0,0.0,0.0,0.0,0.0,0.0,0.0,0.0,0.0,0.0,0.0,0.0,0.0,0.0,0.7426376440460949,8.399487836107555,15.774647887323948,4.878361075544175,0.20486555697823308,0.9122480055056985,0.022731006229734906,0.0,0.0,0.0,0.0,0.0,0.0,0.0,0.0,0.0,0.0,0.0,0.0,0.0,0.0,0.0,0.0,0.0,0.0,0.0,0.0,0.0,0.0,0.0,0.0,0.013611615245009078,0.6397459165154266,8.235027223230492,15.63974591651543,5.15880217785844,0.3130671506352088,0.392,0.01143,0.0,0.0,0.0,0.0,0.0,0.0,0.0,0.0,0.0,0.0,0.21766965428937265,22.394366197183068,7.37516005121639,0.012804097311139568,0.0,0.0,0.0,0.0,0.0,0.0,0.0,0.0,0.0,0.0,0.0,0.0,0.0,0.0,0.0,0.0,0.3918,0.01097,0.0,0.0,0.0,0.0,0.0,0.0,0.0,0.0,0.0,0.0,0.2586206896551725,22.772232304900147,6.969147005444648,0.0,0.0,0.0,0.0,0.0,0.0,0.0,0.0,0.0,0.0,0.0,0.0,0.0,0.0,0.0,0.0,0.0
47200,4709,2454,0.5211297515396051,1165,921,0.44298152473985986,1309,0.555956678700361,0.3980000000000001,2.934368070953437,3.0796007512205947,6.510108864696734,2.1796044172810842,8381.112890210234,506.24734876623717,7853.0,8866.4,8866.399999999998,1.8189894035458565e-12,7853.0,0.0,28.239116585262263,20.901343534496448,33.11735079325107,19.121852858548518,0.13675939689955405,0.10214482905075388,0.09471225313229985,0.07963474198343598,0.07241452537693778,0.07602463368018687,0.0762369929921427,0.06285835633892546,0.05946060734763219,0.05436398386069229,0.046719048630282436,0.04332129963898917,0.034826927160756,0.02357188362709705,0.021023571883627096,0.010617965597791464,0.005308982798895732,0.9122349251402642,0.022736396359704387,0.0,0.0,0.0,0.0,0.0,0.0,0.0,0.0,0.0,0.0,0.0,0.0,0.0,0.0,0.0,0.0,0.0,0.0,0.0,0.0,0.0,0.0,0.0,0.0,0.0,0.6498194945848377,8.180080696538544,15.850499044383099,5.090252707581228,0.22934805691229565,4.229427254772877,2.8800401167694205,nan,nan,nan,4.178145695364239,2.886263287860678,4.278978388998035,2.8735812200715043,1.0241333598648015,0.3923,0.01129,0.0,0.0,0.0,0.0,0.0,0.0,0.0,0.0,0.0,0.0,0.2994266298577193,22.265873858568668,7.421957952856235,0.01274155871734976,0.0,0.0,0.0,0.0,0.0,0.0,0.0,0.0,0.0,0.0,0.0,0.0,0.0,0.0,0.0,0.0,nan,nan,4.229427254772877,2.8800401167694205,nan,0.3923,0.05655,0.0,0.0,0.0,0.0,0.0,0.0,0.0,0.0,0.0,0.0,0.0,0.0,0.0,0.0,0.0,0.0,0.0,0.0,0.0,0.001146740284561478,0.0,0.001146740284561478,0.0,0.001921851773200255,0.00014865151836908049,0.003939265236780633,0.004109152686345296,0.005892970906774262,0.02234019961775324,0.006997239328944574,0.008834147377362498,0.027840305797409218,0.04250371628795923,0.056922913569760036,0.018602675727330643,0.059885325971543855,0.05197494160118921,0.05658313867063071,0.0787215969420259,0.0832023784242939,0.046538543215119986,0.05654066680823954,0.09215332342323211,0.0761308133361648,0.03604799320450202,0.03960501167976216,0.02162879592270121,0.020598853259715437,0.03004884264174984,0.0143023996602251,0.004247186239116585,0.012507963474198344,0.012900828201316628,0.0017094924612444256,0.0014758972180930134,2.1235931195582926e-05,0.000573370142280739,8.49437247823317e-05,0.00015926948396687195,1.0617965597791463e-05,0.0,0.0,0.0,0.0,0.0,0.0,0.0,0.0,0.0,0.0,0.0,0.0,0.0,0.0,0.0,0.0,0.0,0.0,0.0,0.0,0.0,0.0,0.0,0.0,0.0,0.0,0.0,0.0,0.0,0.0,0.0,0.0,0.0,0.0,0.0,0.0,0.0,0.0,0.0,0.0,0.0,nan,nan,4.229427254772877,2.8800401167694205,nan,0.9118994298074531,0.022764103037445495,0.0,0.0,0.0,0.0,0.0,0.0,0.0,0.0,0.0,0.0,0.0,0.0,0.0,0.0,0.0,0.0,0.0,0.0,0.0,0.0,0.0,0.0,0.0,0.0,0.0,0.7090464547677263,8.30073349633252,15.794621026894868,5.000000000000001,0.19559902200489002,0.9126000273782768,0.02270057290433228,0.0,0.0,0.0,0.0,0.0,0.0,0.0,0.0,0.0,0.0,0.0,0.0,0.0,0.0,0.0,0.0,0.0,0.0,0.0,0.0,0.0,0.0,0.0,0.0,0.0,0.5853658536585367,8.04878048780488,15.911308203991133,5.188470066518848,0.2660753880266076,0.392,0.01135,0.0,0.0,0.0,0.0,0.0,0.0,0.0,0.0,0.0,0.0,0.3300733496332519,22.444987775061094,7.212713936430319,0.012224938875305626,0.0,0.0,0.0,0.0,0.0,0.0,0.0,0.0,0.0,0.0,0.0,0.0,0.0,0.0,0.0,0.0,0.3926,0.01122,0.0,0.0,0.0,0.0,0.0,0.0,0.0,0.0,0.0,0.0,0.2660753880266076,22.070953436807063,7.649667405764968,0.01330376940133038,0.0,0.0,0.0,0.0,0.0,0.0,0.0,0.0,0.0,0.0,0.0,0.0,0.0,0.0,0.0,0.0
47300,4547,2298,0.5053881680228722,1091,924,0.44314932922806244,1292,0.568286782493952,0.4100000000000001,3.0044464206313917,3.1418201780231167,6.60790273556231,2.1965844257564515,8365.160369474379,506.67057775758315,7853.0,8866.4,8866.399999999998,1.8189894035458565e-12,7853.0,0.0,27.78293380250715,20.822913926076478,32.74278972207656,19.071916146662808,0.14119199472179458,0.09874642621508688,0.09654717396085331,0.08731031449307236,0.07983285682867824,0.0760941279964812,0.06927644600835715,0.05872003518803607,0.05850010996261271,0.052122278425335386,0.05190235319991203,0.03760721354739389,0.032109082911809986,0.023751924345722455,0.02067297118979547,0.009676709918627667,0.005937981086430614,0.9117613071684316,0.022854051288669013,0.0,0.0,0.0,0.0,0.0,0.0,0.0,0.0,0.0,0.0,0.0,0.0,0.0,0.0,0.0,0.0,0.0,0.0,0.0,0.0,0.0,0.0,0.0,0.0,0.006597756762700684,0.7257532438970752,8.29997800747746,15.893996041345945,4.789971409720696,0.28370354079612936,4.293493150684932,2.8778485810467056,nan,nan,nan,4.28932584269663,2.8223125022078386,4.298996655518395,2.930105354411114,1.002254623028519,0.392,0.01132,0.0,0.0,0.0,0.0,0.0,0.0,0.0,0.0,0.0,0.0,0.4024631625247417,22.64350120958871,6.947437871123819,0.006597756762700684,0.0,0.0,0.0,0.0,0.0,0.0,0.0,0.0,0.0,0.0,0.0,0.0,0.0,0.0,0.0,0.0,nan,nan,4.293493150684932,2.8778485810467056,nan,0.392,0.057,0.0,0.0,0.0,0.0,0.0,0.0,0.0,0.0,0.0,0.0,0.0,0.0,0.0,0.0,0.0,0.0,2.1992522542335606e-05,0.0,1.0996261271167803e-05,0.0012205850010996262,0.0,0.0017374092808445129,5.4981306355839013e-05,0.0016384429294040027,6.597756762700682e-05,0.00465141851770398,0.004398504508467121,0.005432153067956895,0.023004178579283045,0.006465801627446668,0.009445788431933142,0.029041126017154167,0.04202771057840334,0.05760941279964812,0.019331427314712997,0.061875962172861225,0.05089069716296459,0.05641082032109083,0.07779854849351221,0.08240598196613151,0.0481196393226303,0.05480536617550033,0.08833296679129096,0.07519243457224543,0.03665053881680229,0.03648559489773477,0.02247635803826699,0.022355399164284143,0.03142731471299758,0.015108862986584561,0.004574444688805806,0.012788651858368154,0.012491752804046624,0.0013195513525401364,0.0017154167583021773,2.1992522542335606e-05,0.00040686166703320873,2.1992522542335606e-05,0.00016494391906751705,0.0,0.0,0.0,0.0,0.0,0.0,0.0,0.0,0.0,0.0,0.0,0.0,0.0,0.0,0.0,0.0,0.0,0.0,0.0,0.0,0.0,0.0,0.0,0.0,0.0,0.0,0.0,0.0,0.0,0.0,0.0,0.0,0.0,0.0,0.0,0.0,0.0,0.0,0.0,0.0,0.0,0.0,nan,nan,4.293493150684932,2.8778485810467056,nan,0.9118297819576645,0.022542499674307423,0.0,0.0,0.0,0.0,0.0,0.0,0.0,0.0,0.0,0.0,0.0,0.0,0.0,0.0,0.0,0.0,0.0,0.0,0.0,0.0,0.0,0.0,0.0,0.0,0.0,0.6005221932114884,8.485639686684074,15.939947780678855,4.660574412532638,0.31331592689295046,0.9116913404873924,0.023167854688123803,0.0,0.0,0.0,0.0,0.0,0.0,0.0,0.0,0.0,0.0,0.0,0.0,0.0,0.0,0.0,0.0,0.0,0.0,0.0,0.0,0.0,0.0,0.0,0.0,0.013339261894175192,0.8537127612272123,8.110271231658517,15.847043130280127,4.922187638950645,0.25344597598932866,0.3918,0.01114,0.0,0.0,0.0,0.0,0.0,0.0,0.0,0.0,0.0,0.0,0.36553524804177556,22.81984334203652,6.814621409921672,0.0,0.0,0.0,0.0,0.0,0.0,0.0,0.0,0.0,0.0,0.0,0.0,0.0,0.0,0.0,0.0,0.0,0.392,0.01149,0.0,0.0,0.0,0.0,0.0,0.0,0.0,0.0,0.0,0.0,0.4401956425077813,22.463317029790986,7.083148065807027,0.013339261894175192,0.0,0.0,0.0,0.0,0.0,0.0,0.0,0.0,0.0,0.0,0.0,0.0,0.0,0.0,0.0,0.0
47400,4487,2333,0.5199465121462001,1104,886,0.4435034544238912,1249,0.5567194116336082,0.4100000000000001,2.98050139275766,3.095147087951058,6.4525316455696204,2.2027657921518817,8379.91379540896,506.2966447401805,7853.0,8866.4,8866.4,0.0,7853.0,0.0,28.067305549364832,20.9324620695113,32.98913331566393,19.1891594820859,0.1357254290171607,0.10675284154223312,0.09070648540227323,0.08290617338979274,0.07822598618230443,0.07577445954981056,0.07064854022732338,0.061065299754847334,0.06373969244484065,0.055270782259861824,0.04724760418988188,0.0358814352574103,0.034989971027412525,0.0249609984399376,0.01805215065745487,0.009583240472476042,0.008468910184978827,0.9121483684462854,0.022488172396821226,0.0,0.0,0.0,0.0,0.0,0.0,0.0,0.0,0.0,0.0,0.0,0.0,0.0,0.0,0.0,0.0,0.0,0.0,0.0,0.0,0.0,0.0,0.0,0.0,0.0,0.7087140628482285,7.8627145085803445,16.2803655003343,4.940940494762648,0.2072654334744819,4.276137547759639,2.8687553199307194,nan,nan,nan,4.3028455284552845,2.8538981149286466,4.24679029957204,2.8846846504159296,0.9869725212042719,0.3923,0.01162,0.0,0.0,0.0,0.0,0.0,0.0,0.0,0.0,0.0,0.0,0.4145308669489638,22.083797637619757,7.488299531981281,0.013371963449966573,0.0,0.0,0.0,0.0,0.0,0.0,0.0,0.0,0.0,0.0,0.0,0.0,0.0,0.0,0.0,0.0,nan,nan,4.276137547759639,2.8687553199307194,nan,0.3923,0.05722,0.0,0.0,0.0,0.0,0.0,0.0,0.0,0.0,0.0,0.0,0.0,0.0,0.0,0.0,0.0,0.0,0.0001337196344996657,0.0,0.0,0.0016937820369957656,1.1143302874972142e-05,0.0014263427679964342,2.2286605749944284e-05,0.0013037664363717406,0.00010028972587474928,0.005226209048361934,0.004134165366614664,0.005894807220860263,0.023267216402941833,0.006886561176732783,0.009806106529975486,0.02761310452418097,0.04250055716514375,0.05823490082460441,0.01913305103632717,0.059917539558725204,0.04635613995988411,0.05404501894361489,0.07946289280142635,0.08319589926454202,0.047827055939380435,0.05573880098061065,0.09108535770002228,0.07520615110318699,0.035201693782037,0.03956986850902607,0.024526409627813685,0.021261421885446847,0.03163583686204591,0.015010028972587476,0.004713617116113216,0.012257633162469356,0.011265879206596835,0.0015377757967461555,0.0021618007577445955,0.0,0.00037887229774905283,0.00012257633162469355,0.0001337196344996657,0.0,0.0,0.0,0.0,0.0,0.0,0.0,0.0,0.0,0.0,0.0,0.0,0.0,0.0,0.0,0.0,0.0,0.0,0.0,0.0,0.0,0.0,0.0,0.0,0.0,0.0,0.0,0.0,0.0,0.0,0.0,0.0,0.0,0.0,0.0,0.0,0.0,0.0,0.0,0.0,0.0,0.0,nan,nan,4.276137547759639,2.8687553199307194,nan,0.9121962148285812,0.02223775884775658,0.0,0.0,0.0,0.0,0.0,0.0,0.0,0.0,0.0,0.0,0.0,0.0,0.0,0.0,0.0,0.0,0.0,0.0,0.0,0.0,0.0,0.0,0.0,0.0,0.0,0.7072438919845694,7.8054007715387925,16.266609515645094,5.040720102871839,0.1800257179597086,0.9120965459718677,0.0227561737475628,0.0,0.0,0.0,0.0,0.0,0.0,0.0,0.0,0.0,0.0,0.0,0.0,0.0,0.0,0.0,0.0,0.0,0.0,0.0,0.0,0.0,0.0,0.0,0.0,0.0,0.7103064066852369,7.924791086350977,16.295264623955436,4.832869080779945,0.23676880222841232,0.392,0.01155,0.0,0.0,0.0,0.0,0.0,0.0,0.0,0.0,0.0,0.0,0.39862837548221186,22.156022288898384,7.419631375910846,0.025717959708529796,0.0,0.0,0.0,0.0,0.0,0.0,0.0,0.0,0.0,0.0,0.0,0.0,0.0,0.0,0.0,0.0,0.3926,0.01168,0.0,0.0,0.0,0.0,0.0,0.0,0.0,0.0,0.0,0.0,0.43175487465181067,22.00557103064064,7.562674094707522,0.0,0.0,0.0,0.0,0.0,0.0,0.0,0.0,0.0,0.0,0.0,0.0,0.0,0.0,0.0,0.0,0.0
47500,4321,2285,0.5288127748206434,1100,854,0.452210136542467,1167,0.540152742420736,0.4180000000000001,3.06188605108055,3.1763958116768194,6.664983164983165,2.266849238722561,8388.89886600324,505.85800005942843,7853.0,8866.4,8866.4,0.0,7853.0,0.0,28.401064568386946,21.065825987964303,33.32298819005768,19.290905068734137,0.1381624623929646,0.09858828974774357,0.08794260587826892,0.08863688960888683,0.079379773200648,0.07012265679240916,0.07266836380467484,0.06549409858828975,0.06086554038417033,0.04883128905345985,0.047905577412635965,0.04003702846563296,0.03563989817171951,0.026382781763480675,0.020134228187919462,0.0111085396898866,0.00809997685720898,0.9134854028082038,0.022757114002329833,0.0,0.0,0.0,0.0,0.0,0.0,0.0,0.0,0.0,0.0,0.0,0.0,0.0,0.0,0.0,0.0,0.0,0.0,0.0,0.0,0.0,0.0,0.0,0.0,0.006942837306179127,0.5901411710252258,7.775977782920622,15.864383244619304,5.450127285350614,0.3124276787780607,4.267305644302449,2.958937943876458,nan,nan,nan,4.272403982930299,2.982961247737446,4.2631205673758865,2.935643304214084,0.9978271213135502,0.3926,0.01126,0.0,0.0,0.0,0.0,0.0,0.0,0.0,0.0,0.0,0.0,0.27077065494098596,22.210136542466987,7.512149965285815,0.006942837306179127,0.0,0.0,0.0,0.0,0.0,0.0,0.0,0.0,0.0,0.0,0.0,0.0,0.0,0.0,0.0,0.0,nan,nan,4.267305644302449,2.958937943876458,nan,0.3926,0.05695,0.0,0.0,0.0,0.0,0.0,0.0,0.0,0.0,0.0,0.0,0.0,0.0,0.0,0.0,0.0,0.0,0.0003355704697986577,0.0,0.0,0.0013538532747049295,0.0,0.0015852811849109002,1.1571395510298542e-05,0.001689423744503587,0.0,0.0047905577412635965,0.0032862763249247857,0.005253413561675538,0.023952788706317982,0.00619069659800972,0.009245545012728534,0.025850497570006944,0.041529738486461465,0.05923397361721824,0.019000231427910207,0.06176810923397362,0.04866928951631567,0.05340199028002777,0.07867391807451979,0.08285119185373756,0.04871557509835686,0.05703540847026151,0.09220087942605878,0.075387641749595,0.030814626243925017,0.04055774126359639,0.025376070354084703,0.023443647303864844,0.02962277250636427,0.015077528349919,0.004235130756769266,0.013584818329090488,0.010506827123351076,0.002279564915528813,0.0020828511918537375,1.1571395510298542e-05,0.0002429993057162694,5.785697755149271e-05,9.257116408238833e-05,0.0,0.0,0.0,0.0,0.0,0.0,0.0,0.0,0.0,0.0,0.0,0.0,0.0,0.0,0.0,0.0,0.0,0.0,0.0,0.0,0.0,0.0,0.0,0.0,0.0,0.0,0.0,0.0,0.0,0.0,0.0,0.0,0.0,0.0,0.0,0.0,0.0,0.0,0.0,0.0,0.0,0.0,nan,nan,4.267305644302449,2.958937943876458,nan,0.913097439970438,0.02260577434491519,0.0,0.0,0.0,0.0,0.0,0.0,0.0,0.0,0.0,0.0,0.0,0.0,0.0,0.0,0.0,0.0,0.0,0.0,0.0,0.0,0.0,0.0,0.0,0.0,0.013129102844638953,0.5776805251641138,7.706783369803065,16.148796498905913,5.264770240700219,0.2888402625820569,0.9139208129674841,0.022917952389659303,0.0,0.0,0.0,0.0,0.0,0.0,0.0,0.0,0.0,0.0,0.0,0.0,0.0,0.0,0.0,0.0,0.0,0.0,0.0,0.0,0.0,0.0,0.0,0.0,0.0,0.6041257367387034,7.853634577603145,15.545186640471517,5.658153241650296,0.33889980353634586,0.3926,0.0113,0.0,0.0,0.0,0.0,0.0,0.0,0.0,0.0,0.0,0.0,0.275711159737418,22.22757111597371,7.496717724288842,0.0,0.0,0.0,0.0,0.0,0.0,0.0,0.0,0.0,0.0,0.0,0.0,0.0,0.0,0.0,0.0,0.0,0.3926,0.011215,0.0,0.0,0.0,0.0,0.0,0.0,0.0,0.0,0.0,0.0,0.2652259332023576,22.190569744597216,7.529469548133597,0.014734774066797646,0.0,0.0,0.0,0.0,0.0,0.0,0.0,0.0,0.0,0.0,0.0,0.0,0.0,0.0,0.0,0.0
47600,4347,2298,0.52864044168392,1104,879,0.4561766735679779,1200,0.5521048999309869,0.4460000000000001,3.0419716935090286,3.1865988326479684,6.7617391304347825,2.303252241607247,8388.724223602485,505.8680504284421,7853.0,8866.4,8866.399999999998,1.8189894035458565e-12,7853.0,0.0,28.37037037037037,21.018125667078348,33.16580592552324,19.281190306687062,0.13641591902461467,0.09753853232114101,0.0874166091557396,0.08856682769726248,0.08465608465608465,0.07660455486542443,0.066482631700023,0.06579250057510927,0.05452035886818495,0.05567057740970784,0.04853922245226593,0.038187255578559925,0.034966643662295835,0.025304807913503567,0.019093627789279963,0.013572578789970095,0.006671267540832759,0.9135202930416215,0.022848259295953608,0.0,0.0,0.0,0.0,0.0,0.0,0.0,0.0,0.0,0.0,0.0,0.0,0.0,0.0,0.0,0.0,0.0,0.0,0.0,0.0,0.0,0.0,0.0,0.0,0.013802622498274675,0.552104899930987,7.867494824016565,15.67977915804003,5.603864734299518,0.28295376121463084,4.235686687741482,3.0107438008098635,nan,nan,nan,4.243319268635724,3.035167935611521,4.228230337078652,2.9871947143685778,0.9964440734713033,0.3928,0.01108,0.0,0.0,0.0,0.0,0.0,0.0,0.0,0.0,0.0,0.0,0.26915113871635615,21.9461697722567,7.7777777777777795,0.006901311249137338,0.0,0.0,0.0,0.0,0.0,0.0,0.0,0.0,0.0,0.0,0.0,0.0,0.0,0.0,0.0,0.0,nan,nan,4.235686687741482,3.0107438008098635,nan,0.3928,0.05743,0.0,0.0,0.0,0.0,0.0,0.0,0.0,0.0,0.0,0.0,0.0,0.0,1.1502185415228894e-05,0.0,0.0,0.0,0.0006671267540832758,0.0,0.0,0.0014262709914883828,0.0,0.0015297906602254427,4.6008741660915574e-05,0.0012077294685990338,0.0,0.004359328272371751,0.003462157809983897,0.004646882907752473,0.02357948010121923,0.0064527260179434096,0.01028295376121463,0.025304807913503567,0.04219001610305958,0.06048999309868875,0.019162640901771336,0.05965033356337704,0.04880377271681619,0.053577179664136186,0.07813434552564988,0.07881297446514837,0.050425580860363466,0.05572808833678399,0.09270761444674488,0.07525879917184265,0.031216931216931216,0.04115481941568898,0.02486772486772487,0.023337934207499425,0.03058431101909363,0.016413618587531632,0.0039452495974235105,0.014320220841959972,0.010582010582010581,0.0023119392684610076,0.00291005291005291,0.0,0.0003450655624568668,8.051529790660226e-05,1.1502185415228894e-05,0.0,0.0,0.0,0.0,0.0,0.0,0.0,0.0,0.0,0.0,0.0,0.0,0.0,0.0,0.0,0.0,0.0,0.0,0.0,0.0,0.0,0.0,0.0,0.0,0.0,0.0,0.0,0.0,0.0,0.0,0.0,0.0,0.0,0.0,0.0,0.0,0.0,0.0,0.0,0.0,0.0,0.0,nan,nan,4.235686687741482,3.0107438008098635,nan,0.9134556519871073,0.022879758266029646,0.0,0.0,0.0,0.0,0.0,0.0,0.0,0.0,0.0,0.0,0.0,0.0,0.0,0.0,0.0,0.0,0.0,0.0,0.0,0.0,0.0,0.0,0.0,0.0,0.0,0.5483028720626633,8.01566579634465,15.665796344647523,5.456919060052221,0.31331592689295046,0.913592789451223,0.022812662841137848,0.0,0.0,0.0,0.0,0.0,0.0,0.0,0.0,0.0,0.0,0.0,0.0,0.0,0.0,0.0,0.0,0.0,0.0,0.0,0.0,0.0,0.0,0.0,0.0,0.029282576866764283,0.5563689604685214,7.701317715959006,15.695461200585655,5.768667642752563,0.2489019033674964,0.393,0.01105,0.0,0.0,0.0,0.0,0.0,0.0,0.0,0.0,0.0,0.0,0.2872062663185379,21.788511749347226,7.924281984334205,0.0,0.0,0.0,0.0,0.0,0.0,0.0,0.0,0.0,0.0,0.0,0.0,0.0,0.0,0.0,0.0,0.0,0.3928,0.01111,0.0,0.0,0.0,0.0,0.0,0.0,0.0,0.0,0.0,0.0,0.2489019033674964,22.122986822840378,7.613469985358713,0.014641288433382142,0.0,0.0,0.0,0.0,0.0,0.0,0.0,0.0,0.0,0.0,0.0,0.0,0.0,0.0,0.0,0.0
47700,4813,2514,0.5223353417826719,1160,992,0.4471223768959069,1341,0.5572408061500104,0.4220000000000001,3.056546324488908,3.1712503230572016,6.793528505392912,2.0993552534795654,8382.33463536256,506.19419522748757,7853.0,8866.4,8866.4,0.0,7853.0,0.0,27.661541658009558,20.84500821830524,32.733881005725664,19.08904046746233,0.14149179306046125,0.10139206316226886,0.0943278620403075,0.09536671514647829,0.07687512985663827,0.07355079991689176,0.06586328693122792,0.06025348015790567,0.05838354456679826,0.05609806773322252,0.04238520673176813,0.04280074797423644,0.03386661126116767,0.022439227093289008,0.017037190941200913,0.009557448576771245,0.0083108248493663,0.9132115100466881,0.022735437783144307,0.0,0.0,0.0,0.0,0.0,0.0,0.0,0.0,0.0,0.0,0.0,0.0,0.0,0.0,0.0,0.0,0.0,0.0,0.0,0.0,0.0,0.0,0.0,0.0,0.0062331186370247265,0.5921462705173489,7.891128194473303,15.78848950758363,5.441512570122586,0.28049033866611267,4.371753246753247,2.9649107284072693,nan,nan,nan,4.314621409921671,2.972716720444716,4.430510665804784,2.9557477336340816,1.0268596580957532,0.3926,0.01125,0.0,0.0,0.0,0.0,0.0,0.0,0.0,0.0,0.0,0.0,0.29918969457718686,22.10263868688964,7.591938499896116,0.0062331186370247265,0.0,0.0,0.0,0.0,0.0,0.0,0.0,0.0,0.0,0.0,0.0,0.0,0.0,0.0,0.0,0.0,nan,nan,4.371753246753247,2.9649107284072693,nan,0.3926,0.05737,0.0,0.0,0.0,0.0,0.0,0.0,0.0,0.0,0.0,0.0,0.0,0.0,8.3108248493663e-05,0.0,0.0,0.0,0.00031165593185123624,0.0,1.0388531061707875e-05,0.0014543943486391025,0.0,0.0012258466652815291,0.0,0.0012777893205900685,6.233118637024725e-05,0.005412424683149802,0.0029815084147101598,0.005163099937668813,0.021670475794722626,0.006534386037814253,0.011032619987533764,0.02580511115728236,0.04256181175981716,0.06247662580511116,0.020205692915021816,0.05890297111988365,0.04764180344899231,0.05616039891959277,0.07819447330147516,0.07865156866819031,0.052181591522958655,0.05353210056098068,0.09398504051527114,0.0729690421774361,0.028661957199252026,0.04279035944317473,0.023758570538125908,0.021587367546228965,0.03064616663203823,0.01613338873883233,0.004633284853521712,0.01505298150841471,0.010710575524620819,0.0019842094327862042,0.0028880116351547892,5.194265530853937e-05,0.0005402036152088095,1.0388531061707875e-05,6.233118637024725e-05,0.0,0.0,0.0,0.0,0.0,0.0,0.0,0.0,0.0,0.0,0.0,0.0,0.0,0.0,0.0,0.0,0.0,0.0,0.0,0.0,0.0,0.0,0.0,0.0,0.0,0.0,0.0,0.0,0.0,0.0,0.0,0.0,0.0,0.0,0.0,0.0,0.0,0.0,0.0,0.0,0.0,0.0,nan,nan,4.371753246753247,2.9649107284072693,nan,0.9133327566353974,0.022954563001596803,0.0,0.0,0.0,0.0,0.0,0.0,0.0,0.0,0.0,0.0,0.0,0.0,0.0,0.0,0.0,0.0,0.0,0.0,0.0,0.0,0.0,0.0,0.0,0.0,0.0,0.6324582338902149,7.899761336515515,15.584725536992844,5.632458233890216,0.2505966587112172,0.913078924607795,0.022492628785551905,0.0,0.0,0.0,0.0,0.0,0.0,0.0,0.0,0.0,0.0,0.0,0.0,0.0,0.0,0.0,0.0,0.0,0.0,0.0,0.0,0.0,0.0,0.0,0.0,0.013049151805132669,0.5480643758155721,7.881687690300132,16.011309264897786,5.2327098738582,0.31317964332318404,0.3926,0.01152,0.0,0.0,0.0,0.0,0.0,0.0,0.0,0.0,0.0,0.0,0.39379474940334136,21.69451073985677,7.899761336515515,0.011933174224343679,0.0,0.0,0.0,0.0,0.0,0.0,0.0,0.0,0.0,0.0,0.0,0.0,0.0,0.0,0.0,0.0,0.3926,0.01096,0.0,0.0,0.0,0.0,0.0,0.0,0.0,0.0,0.0,0.0,0.19573727707699004,22.548934319269215,7.255328403653764,0.0,0.0,0.0,0.0,0.0,0.0,0.0,0.0,0.0,0.0,0.0,0.0,0.0,0.0,0.0,0.0,0.0
47800,4926,2544,0.5164433617539586,1185,1004,0.44437677628907835,1378,0.5594803085667884,0.4180000000000001,2.9193954659949624,3.0931877107417396,6.535714285714286,2.2699011427527966,8376.363702801464,506.4259185793558,7853.0,8866.4,8866.399999999998,1.8189894035458565e-12,7853.0,0.0,27.52456354039789,20.796915117456294,32.57066407200195,19.07135726646591,0.1431181485992692,0.10393828664230613,0.09460008120178644,0.08241981323589119,0.08302882663418595,0.07714169711733658,0.07003654080389768,0.06414941128704832,0.053796183516037356,0.05156313438895656,0.04486398700771417,0.04202192448233861,0.033698741372310194,0.020097442143727162,0.016240357287860333,0.01075923670320747,0.008526187576126675,0.9135575143486515,0.02275224731704624,0.0,0.0,0.0,0.0,0.0,0.0,0.0,0.0,0.0,0.0,0.0,0.0,0.0,0.0,0.0,0.0,0.0,0.0,0.0,0.0,0.0,0.0,0.0,0.0,0.006090133982947626,0.6151035322777102,7.679658952496957,15.937880633373938,5.4567600487210735,0.30450669914738127,4.302846178445795,2.869076031029818,nan,nan,nan,4.318867924528302,2.893424986476648,4.286271958360443,2.8435730749093904,0.9924526596465857,0.3923,0.0114,0.0,0.0,0.0,0.0,0.0,0.0,0.0,0.0,0.0,0.0,0.31059683313032893,22.393422655298384,7.289890377588309,0.006090133982947626,0.0,0.0,0.0,0.0,0.0,0.0,0.0,0.0,0.0,0.0,0.0,0.0,0.0,0.0,0.0,0.0,nan,nan,4.302846178445795,2.869076031029818,nan,0.3923,0.05774,0.0,0.0,0.0,0.0,0.0,0.0,0.0,0.0,0.0,0.0,0.0,0.0,8.120178643930166e-05,0.0,0.0,0.0,0.0004060089321965083,0.0,0.0,0.0012687779131140885,0.0,0.0010556232237109216,0.0,0.0014819326025172553,0.0001218026796589525,0.005694275274056029,0.0037657328461226146,0.004933008526187576,0.023101908241981325,0.007186358099878197,0.011672756800649614,0.027263499796995536,0.041595615103532275,0.06198741372310191,0.022584246853430776,0.05476045473000406,0.04722898903775883,0.05505481120584653,0.07835972391392611,0.07798416565164433,0.05179658952496955,0.05338002436053593,0.09593991067803492,0.0712444173771823,0.029486398700771417,0.04205237515225335,0.024868047097036133,0.022056435241575315,0.030501421031262688,0.015083231831100285,0.00460820138043037,0.01585464880227365,0.009987819732034105,0.001664636622005684,0.0033191230207064554,5.075111652456354e-05,0.00043645960211124643,8.120178643930166e-05,0.0,0.0,0.0,0.0,0.0,0.0,0.0,0.0,0.0,0.0,0.0,0.0,0.0,0.0,0.0,0.0,0.0,0.0,0.0,0.0,0.0,0.0,0.0,0.0,0.0,0.0,0.0,0.0,0.0,0.0,0.0,0.0,0.0,0.0,0.0,0.0,0.0,0.0,0.0,0.0,0.0,0.0,0.0,nan,nan,4.302846178445795,2.869076031029818,nan,0.9137447296448473,0.023036308279608467,0.0,0.0,0.0,0.0,0.0,0.0,0.0,0.0,0.0,0.0,0.0,0.0,0.0,0.0,0.0,0.0,0.0,0.0,0.0,0.0,0.0,0.0,0.0,0.0,0.011792452830188682,0.6132075471698115,7.8183962264150955,15.601415094339625,5.613207547169813,0.34198113207547176,0.9133575665260142,0.02244317301376899,0.0,0.0,0.0,0.0,0.0,0.0,0.0,0.0,0.0,0.0,0.0,0.0,0.0,0.0,0.0,0.0,0.0,0.0,0.0,0.0,0.0,0.0,0.0,0.0,0.0,0.6171284634760706,7.53148614609572,16.29722921914358,5.289672544080606,0.2644836272040303,0.3926,0.011406,0.0,0.0,0.0,0.0,0.0,0.0,0.0,0.0,0.0,0.0,0.30660377358490576,22.240566037735817,7.452830188679247,0.0,0.0,0.0,0.0,0.0,0.0,0.0,0.0,0.0,0.0,0.0,0.0,0.0,0.0,0.0,0.0,0.0,0.392,0.01139,0.0,0.0,0.0,0.0,0.0,0.0,0.0,0.0,0.0,0.0,0.3148614609571789,22.556675062972257,7.115869017632243,0.012594458438287156,0.0,0.0,0.0,0.0,0.0,0.0,0.0,0.0,0.0,0.0,0.0,0.0,0.0,0.0,0.0,0.0
47900,4547,2368,0.5207829338025072,1099,901,0.4398504508467121,1270,0.5586100725753244,0.3940000000000001,2.911427260211106,2.9396488428915926,6.050595238095238,2.1186107595435066,8380.761425115461,506.2620925687659,7853.0,8866.4,8866.399999999998,1.8189894035458565e-12,7853.0,0.0,28.99912029909831,21.5134022930653,34.06687565308255,19.66594635765903,0.13745326588959753,0.09654717396085331,0.08467121178799208,0.08533098746426215,0.0785133054761381,0.07521442709478778,0.07169562348801407,0.06135913789311634,0.057180558610072575,0.05014295139652518,0.049043325269408404,0.039146690125357375,0.03760721354739389,0.032109082911809986,0.02221244776775896,0.012755663074554651,0.009016934242357598,0.9134910182033184,0.023022949311603022,0.0,0.0,0.0,0.0,0.0,0.0,0.0,0.0,0.0,0.0,0.0,0.0,0.0,0.0,0.0,0.0,0.0,0.0,0.0,0.0,0.0,0.0,0.0,0.0,0.006597756762700684,0.5542115680668573,7.91730811524082,15.85440950076974,5.232021112821641,0.4354519463382451,4.0196863530196865,2.702452482062991,nan,nan,nan,4.039811066126855,2.7095885056290476,4.0,2.6953082325861852,0.9901453148488392,0.392,0.01147,0.0,0.0,0.0,0.0,0.0,0.0,0.0,0.0,0.0,0.0,0.32988783813503414,22.64350120958871,7.000219925225425,0.026391027050802734,0.0,0.0,0.0,0.0,0.0,0.0,0.0,0.0,0.0,0.0,0.0,0.0,0.0,0.0,0.0,0.0,nan,nan,4.0196863530196865,2.702452482062991,nan,0.392,0.05826,0.0,0.0,0.0,0.0,0.0,0.0,0.0,0.0,0.0,0.0,0.0,0.0,0.00012095887398284583,0.0,0.0,0.0,0.0003958654057620409,0.0,0.0,0.0013305476138113042,0.0,0.0008467121178799208,0.0,0.0019353419837255333,0.00025291400923685946,0.006784693204310534,0.00435451946338245,0.005025291400923686,0.024334726193094347,0.00815922586320651,0.01080932482955795,0.027435671871563667,0.042775456344842755,0.05738948757422476,0.023455025291400925,0.05411260171541676,0.04438091049043325,0.0570705959973609,0.07837035407961293,0.0758522102485155,0.054233560589399606,0.05435451946338245,0.100065977567627,0.06985924785572906,0.0287222344402903,0.03960853309874643,0.02397184957114581,0.02426874862546734,0.02793050362876622,0.014251154607433472,0.003892676489993402,0.016637343303276885,0.010501429513965252,0.0018253793710138553,0.004288541895755443,9.896635144051023e-05,0.00024191774796569166,4.398504508467121e-05,1.0996261271167803e-05,0.0,0.0,0.0,0.0,0.0,0.0,0.0,0.0,0.0,0.0,0.0,0.0,0.0,0.0,0.0,0.0,0.0,0.0,0.0,0.0,0.0,0.0,0.0,0.0,0.0,0.0,0.0,0.0,0.0,0.0,0.0,0.0,0.0,0.0,0.0,0.0,0.0,0.0,0.0,0.0,0.0,0.0,nan,nan,4.0196863530196865,2.702452482062991,nan,0.9136802349239588,0.023180501591612262,0.0,0.0,0.0,0.0,0.0,0.0,0.0,0.0,0.0,0.0,0.0,0.0,0.0,0.0,0.0,0.0,0.0,0.0,0.0,0.0,0.0,0.0,0.0,0.0,0.0,0.6081081081081082,7.829391891891893,15.684121621621625,5.396959459459461,0.481418918918919,0.9132853893852935,0.02284872306396247,0.0,0.0,0.0,0.0,0.0,0.0,0.0,0.0,0.0,0.0,0.0,0.0,0.0,0.0,0.0,0.0,0.0,0.0,0.0,0.0,0.0,0.0,0.0,0.0,0.013767783386874717,0.49564020192748975,8.012849931161085,16.039467645709045,5.05277650298302,0.38549793483249206,0.3918,0.01134,0.0,0.0,0.0,0.0,0.0,0.0,0.0,0.0,0.0,0.0,0.329391891891892,22.981418918918884,6.663851351351353,0.025337837837837843,0.0,0.0,0.0,0.0,0.0,0.0,0.0,0.0,0.0,0.0,0.0,0.0,0.0,0.0,0.0,0.0,0.3923,0.011604,0.0,0.0,0.0,0.0,0.0,0.0,0.0,0.0,0.0,0.0,0.3304268012849932,22.27627351996325,7.365764111977973,0.027535566773749433,0.0,0.0,0.0,0.0,0.0,0.0,0.0,0.0,0.0,0.0,0.0,0.0,0.0,0.0,0.0,0.0
48000,4246,2233,0.5259067357512953,1082,857,0.45666509656146964,1159,0.54592557701366,0.4260000000000001,3.009935419771485,3.1384512819039476,6.578313253012048,2.2286225792331305,8385.953886010364,506.0193904084652,7853.0,8866.4,8866.400000000001,1.8189894035458565e-12,7853.0,0.0,28.43193593970796,21.040636665897402,33.47195737521032,19.180919019725216,0.1413094677343382,0.09514837494112105,0.08549222797927461,0.08478568064060292,0.08290155440414508,0.07489401789919925,0.0760715967969854,0.06217616580310881,0.05723033443240697,0.047103155911446065,0.05228450306170514,0.039566650965614694,0.03579839849269901,0.025200188412623645,0.022138483278379653,0.011540273198304286,0.006358926048045219,0.9132181063778716,0.022508355186096025,0.0,0.0,0.0,0.0,0.0,0.0,0.0,0.0,0.0,0.0,0.0,0.0,0.0,0.0,0.0,0.0,0.0,0.0,0.0,0.0,0.0,0.0,0.0,0.0,0.007065473386716912,0.5652378709373529,7.899199246349507,15.635892604804525,5.7018370230805475,0.19076778144135662,4.152057245080501,2.968551665000705,nan,nan,nan,4.204657727593507,2.9699327493458805,4.097968069666183,2.9661582164507325,0.9746258399994934,0.3923,0.011734,0.0,0.0,0.0,0.0,0.0,0.0,0.0,0.0,0.0,0.0,0.4168629298162978,22.037211493170012,7.545925577013661,0.0,0.0,0.0,0.0,0.0,0.0,0.0,0.0,0.0,0.0,0.0,0.0,0.0,0.0,0.0,0.0,0.0,nan,nan,4.152057245080501,2.968551665000705,nan,0.3923,0.05807,0.0,0.0,0.0,0.0,0.0,0.0,0.0,0.0,0.0,0.0,0.0,0.0,0.00030617051342439944,0.0,0.0,0.0,0.00032972209138012245,0.0,0.0,0.0011069241639189826,0.0,0.0009420631182289214,1.1775788977861516e-05,0.001731040979745643,0.0006594441827602449,0.008207724917569477,0.004121526142251531,0.005063589260480453,0.023304286387187942,0.007242110221384833,0.011540273198304286,0.027555346208195948,0.04089731512011305,0.05420395666509656,0.022727272727272728,0.05473386716910033,0.043217145548751765,0.059267545925577016,0.08138247762600094,0.07152614225153085,0.05673575129533679,0.05282618935468676,0.10257889778615167,0.07282147903909562,0.02826189354686764,0.040273198304286384,0.023410268487988696,0.02491756947715497,0.027802637776731042,0.013765897315120113,0.0034974093264248706,0.01576778144135657,0.009561940650023552,0.0024493641073951955,0.004922279792746114,0.0002237399905793688,0.00010598210080075365,0.0,0.0,0.0,0.0,0.0,0.0,0.0,0.0,0.0,0.0,0.0,0.0,0.0,0.0,0.0,0.0,0.0,0.0,0.0,0.0,0.0,0.0,0.0,0.0,0.0,0.0,0.0,0.0,0.0,0.0,0.0,0.0,0.0,0.0,0.0,0.0,0.0,0.0,0.0,0.0,0.0,0.0,0.0,0.0,nan,nan,4.152057245080501,2.968551665000705,nan,0.9129869399239438,0.022420511493351607,0.0,0.0,0.0,0.0,0.0,0.0,0.0,0.0,0.0,0.0,0.0,0.0,0.0,0.0,0.0,0.0,0.0,0.0,0.0,0.0,0.0,0.0,0.0,0.0,0.0,0.6045678459471564,8.047469771607703,15.624720107478732,5.548589341692791,0.17465293327362297,0.9134745369251249,0.0226026341657339,0.0,0.0,0.0,0.0,0.0,0.0,0.0,0.0,0.0,0.0,0.0,0.0,0.0,0.0,0.0,0.0,0.0,0.0,0.0,0.0,0.0,0.0,0.0,0.0,0.014903129657228021,0.5216095380029807,7.734724292101343,15.648286140089422,5.8718330849478395,0.2086438152011923,0.3923,0.01171,0.0,0.0,0.0,0.0,0.0,0.0,0.0,0.0,0.0,0.0,0.4567845947156293,22.006269592476457,7.5369458128078834,0.0,0.0,0.0,0.0,0.0,0.0,0.0,0.0,0.0,0.0,0.0,0.0,0.0,0.0,0.0,0.0,0.0,0.3923,0.01176,0.0,0.0,0.0,0.0,0.0,0.0,0.0,0.0,0.0,0.0,0.3725782414307005,22.071535022354663,7.555886736214607,0.0,0.0,0.0,0.0,0.0,0.0,0.0,0.0,0.0,0.0,0.0,0.0,0.0,0.0,0.0,0.0,0.0
48100,4521,2360,0.5220084052200841,1136,916,0.45388188453881884,1288,0.5697854456978545,0.39000000000000007,2.903285515964831,3.0663484270383075,6.488372093023256,2.188166075014825,8382.003317850033,506.2089015543683,7853.0,8866.4,8866.399999999998,1.8189894035458565e-12,7853.0,0.0,28.201946472019465,20.732646972619612,32.921430435917515,18.993695464217105,0.1342623313426233,0.10218978102189781,0.0898031408980314,0.08294625082946251,0.0809555408095554,0.07542579075425791,0.07409865074098651,0.06480867064808671,0.055739880557398806,0.05618226056182261,0.047777040477770406,0.043353240433532406,0.03185136031851361,0.026100420261004204,0.0207918602079186,0.0081840300818403,0.005529750055297501,0.912564630214157,0.023322500749087285,0.0,0.0,0.0,0.0,0.0,0.0,0.0,0.0,0.0,0.0,0.0,0.0,0.0,0.0,0.0,0.0,0.0,0.0,0.0,0.0,0.0,0.0,0.0,0.0,0.0,0.7564698075646983,8.062375580623758,15.441274054412744,5.441274054412742,0.29860650298606506,4.208557951482479,2.897037165034376,nan,nan,nan,4.180714767363453,2.8987834826462473,4.237196765498652,2.895822199645067,1.0135101295539517,0.392,0.01162,0.0,0.0,0.0,0.0,0.0,0.0,0.0,0.0,0.0,0.0,0.4246848042468481,22.123424021234207,7.4386197743862,0.013271400132714004,0.0,0.0,0.0,0.0,0.0,0.0,0.0,0.0,0.0,0.0,0.0,0.0,0.0,0.0,0.0,0.0,nan,nan,4.208557951482479,2.897037165034376,nan,0.392,0.05804,0.0,0.0,0.0,0.0,0.0,0.0,0.0,0.0,0.0,0.0,0.0,0.0,0.00045343950453439504,0.0,0.0,0.0,0.0005087370050873701,0.0,0.0,0.0013160805131608052,0.0,0.000674629506746295,2.2119000221190002e-05,0.0020902455209024554,0.00044238000442380006,0.007266091572660916,0.003174076531740765,0.005120548551205486,0.024751161247511613,0.007166556071665561,0.010893607608936077,0.02549214775492148,0.042247290422472904,0.05671311656713116,0.024010174740101746,0.055651404556514045,0.04143994691439947,0.06038487060384871,0.0798606502986065,0.06950895819508958,0.057752709577527095,0.051238664012386644,0.10225613802256138,0.07510506525105065,0.028821057288210574,0.04263437292634373,0.022627737226277374,0.025823932758239326,0.02458526874585269,0.014189338641893387,0.0037381110373811105,0.014443707144437072,0.009986728599867286,0.0022119000221190004,0.004877239548772396,0.00042026100420261006,8.847600088476001e-05,1.1059500110595001e-05,0.0,0.0,0.0,0.0,0.0,0.0,0.0,0.0,0.0,0.0,0.0,0.0,0.0,0.0,0.0,0.0,0.0,0.0,0.0,0.0,0.0,0.0,0.0,0.0,0.0,0.0,0.0,0.0,0.0,0.0,0.0,0.0,0.0,0.0,0.0,0.0,0.0,0.0,0.0,0.0,0.0,0.0,0.0,nan,nan,4.208557951482479,2.897037165034376,nan,0.9124672654826762,0.023230581490290593,0.0,0.0,0.0,0.0,0.0,0.0,0.0,0.0,0.0,0.0,0.0,0.0,0.0,0.0,0.0,0.0,0.0,0.0,0.0,0.0,0.0,0.0,0.0,0.0,0.0,0.8262711864406782,7.93220338983051,15.559322033898308,5.453389830508476,0.22881355932203395,0.9126709609713504,0.023422010132836034,0.0,0.0,0.0,0.0,0.0,0.0,0.0,0.0,0.0,0.0,0.0,0.0,0.0,0.0,0.0,0.0,0.0,0.0,0.0,0.0,0.0,0.0,0.0,0.0,0.0,0.6802406293382695,8.204534937528923,15.312355391022678,5.428042572882926,0.37482646922720975,0.3923,0.01162,0.0,0.0,0.0,0.0,0.0,0.0,0.0,0.0,0.0,0.0,0.47033898305084754,21.889830508474546,7.614406779661018,0.025423728813559327,0.0,0.0,0.0,0.0,0.0,0.0,0.0,0.0,0.0,0.0,0.0,0.0,0.0,0.0,0.0,0.0,0.3918,0.01161,0.0,0.0,0.0,0.0,0.0,0.0,0.0,0.0,0.0,0.0,0.37482646922720975,22.378528459046702,7.246645071726054,0.0,0.0,0.0,0.0,0.0,0.0,0.0,0.0,0.0,0.0,0.0,0.0,0.0,0.0,0.0,0.0,0.0
48200,4454,2286,0.5132465199820386,1120,921,0.4582397844634037,1276,0.572968118545128,0.4020000000000001,2.922970479704797,3.0771248673580107,6.532894736842105,2.1556772142594918,8373.124023349797,506.5221471930955,7853.0,8866.4,8866.4,0.0,7853.0,0.0,28.37629097440503,20.92112830163118,33.05232558139535,19.216949054293387,0.1329142343960485,0.10574764256847777,0.08688819039066008,0.08105074090704985,0.07925460260440054,0.07566232599910193,0.07790749887741356,0.06376290974405029,0.0552312528064661,0.056353839245621914,0.051414458913336326,0.03771890435563539,0.029636281993713515,0.028738212842388863,0.019083969465648856,0.011899416255051639,0.00673551863493489,0.91359207669769,0.022587193121048867,0.0,0.0,0.0,0.0,0.0,0.0,0.0,0.0,0.0,0.0,0.0,0.0,0.0,0.0,0.0,0.0,0.0,0.0,0.0,0.0,0.0,0.0,0.0,0.0,0.006735518634934891,0.5321059721598564,7.732375392905255,16.003592276605303,5.415356982487652,0.309833857207005,4.181007884813164,2.881526982352158,nan,nan,nan,4.174931129476584,2.8974159063984564,4.18703071672355,2.865679411084061,1.0028981525375444,0.3926,0.01123,0.0,0.0,0.0,0.0,0.0,0.0,0.0,0.0,0.0,0.0,0.24921418949259097,22.065559048046666,7.685226762460711,0.0,0.0,0.0,0.0,0.0,0.0,0.0,0.0,0.0,0.0,0.0,0.0,0.0,0.0,0.0,0.0,0.0,nan,nan,4.181007884813164,2.881526982352158,nan,0.3926,0.0576,0.0,0.0,0.0,0.0,0.0,0.0,0.0,0.0,0.0,0.0,0.0,0.0,0.0001796138302649304,0.0,0.0,0.0,0.0007633587786259542,0.0,0.0,0.0015491692860350246,0.0,0.00016838796587337226,0.0,0.0022339470139200717,0.00019083969465648855,0.006365065110013471,0.0028401436910642118,0.006207903008531657,0.02439380332285586,0.00625280646609789,0.0101930848675348,0.024910193084867534,0.04151324651998204,0.057128423888639424,0.022968118545127973,0.05788055680287382,0.038684328693309386,0.061169735069600356,0.07929950606196677,0.07003816793893129,0.05990121239335429,0.05154916928603503,0.10290749887741356,0.07753704535249215,0.0276829815895824,0.038931297709923665,0.02457341715312079,0.026380781320161653,0.0265828468792097,0.013998652896273013,0.00388414907947912,0.014784463403682084,0.008632689717108217,0.0020094297260889087,0.004995509654243377,0.0006960035922766053,0.0,2.24517287831163e-05,0.0,0.0,0.0,0.0,0.0,0.0,0.0,0.0,0.0,0.0,0.0,0.0,0.0,0.0,0.0,0.0,0.0,0.0,0.0,0.0,0.0,0.0,0.0,0.0,0.0,0.0,0.0,0.0,0.0,0.0,0.0,0.0,0.0,0.0,0.0,0.0,0.0,0.0,0.0,0.0,0.0,0.0,0.0,nan,nan,4.181007884813164,2.881526982352158,nan,0.9139082821335379,0.022714992153555956,0.0,0.0,0.0,0.0,0.0,0.0,0.0,0.0,0.0,0.0,0.0,0.0,0.0,0.0,0.0,0.0,0.0,0.0,0.0,0.0,0.0,0.0,0.0,0.0,0.0,0.47244094488188987,7.769028871391078,15.7742782152231,5.682414698162731,0.3018372703412074,0.913258660818378,0.022446826241322246,0.0,0.0,0.0,0.0,0.0,0.0,0.0,0.0,0.0,0.0,0.0,0.0,0.0,0.0,0.0,0.0,0.0,0.0,0.0,0.0,0.0,0.0,0.0,0.0,0.013837638376383767,0.595018450184502,7.693726937269374,16.245387453874542,5.133763837638377,0.31826568265682664,0.3926,0.01116,0.0,0.0,0.0,0.0,0.0,0.0,0.0,0.0,0.0,0.0,0.2624671916010499,22.296587926509154,7.440944881889766,0.0,0.0,0.0,0.0,0.0,0.0,0.0,0.0,0.0,0.0,0.0,0.0,0.0,0.0,0.0,0.0,0.0,0.3928,0.011314,0.0,0.0,0.0,0.0,0.0,0.0,0.0,0.0,0.0,0.0,0.23523985239852405,21.821955719557167,7.942804428044282,0.0,0.0,0.0,0.0,0.0,0.0,0.0,0.0,0.0,0.0,0.0,0.0,0.0,0.0,0.0,0.0,0.0
48300,4481,2284,0.509707654541397,1101,906,0.4478910957375586,1273,0.5681767462619951,0.38600000000000007,2.8852981338188437,3.0249377059022464,6.353125,2.104382981867844,8369.537737112254,506.6044896450386,7853.0,8866.4,8866.4,0.0,7853.0,0.0,28.499665253291678,21.0740411062218,33.45109992048768,19.279125019704573,0.1365766569962062,0.09774603883061816,0.09149743360856952,0.08725730863646508,0.07386744030350369,0.07609908502566391,0.07230528899799152,0.06605668377594287,0.05690694041508592,0.049096183887525104,0.04864985494309306,0.04440972997098862,0.035036822137915646,0.026110243249274717,0.01896898013836197,0.01182771702744923,0.007587592055344789,0.9136359755733774,0.022662216448816993,0.0,0.0,0.0,0.0,0.0,0.0,0.0,0.0,0.0,0.0,0.0,0.0,0.0,0.0,0.0,0.0,0.0,0.0,0.0,0.0,0.0,0.0,0.0,0.0,0.0,0.5623744699843786,7.397902253961171,16.23521535371569,5.543405489846018,0.2611024324927472,4.182843472317156,2.840314858784178,nan,nan,nan,4.197923875432526,2.7963636510556946,4.168129642133693,2.88247583288216,0.9929026265880625,0.3928,0.01118,0.0,0.0,0.0,0.0,0.0,0.0,0.0,0.0,0.0,0.0,0.2343226958268244,21.899129658558326,7.859852711448339,0.006694934166480698,0.0,0.0,0.0,0.0,0.0,0.0,0.0,0.0,0.0,0.0,0.0,0.0,0.0,0.0,0.0,0.0,nan,nan,4.182843472317156,2.840314858784178,nan,0.3928,0.05695,0.0,0.0,0.0,0.0,0.0,0.0,0.0,0.0,0.0,0.0,0.0,0.0,7.810756527560812e-05,0.0,0.0,0.0,0.0007252845347020755,0.0,0.0,0.0017183664360633788,0.0,0.0001673733541620174,0.0,0.00172952465967418,0.00018968980138361972,0.00653871903592948,0.0025440749832626648,0.006192814103994644,0.02384512385628208,0.005634902923454586,0.008681097969203303,0.023164472216023208,0.042311983932158,0.057051997322026336,0.02355501004240125,0.05752064271367998,0.03986833296139255,0.0606337871010935,0.07956929256862308,0.06968310644945325,0.06212898906494086,0.051584467752733766,0.10456371345681767,0.07910064717696942,0.028141039946440526,0.038049542512831956,0.02345458602990404,0.02606561035483151,0.0279067172506137,0.013813880830171836,0.0037826378040615935,0.014650747600981924,0.008803838428922116,0.0016848917652309752,0.0040950680651640255,0.0007364427583128766,0.0,3.347467083240348e-05,0.0,0.0,0.0,0.0,0.0,0.0,0.0,0.0,0.0,0.0,0.0,0.0,0.0,0.0,0.0,0.0,0.0,0.0,0.0,0.0,0.0,0.0,0.0,0.0,0.0,0.0,0.0,0.0,0.0,0.0,0.0,0.0,0.0,0.0,0.0,0.0,0.0,0.0,0.0,0.0,0.0,0.0,0.0,nan,nan,4.182843472317156,2.840314858784178,nan,0.9136214596847311,0.022838621026882524,0.0,0.0,0.0,0.0,0.0,0.0,0.0,0.0,0.0,0.0,0.0,0.0,0.0,0.0,0.0,0.0,0.0,0.0,0.0,0.0,0.0,0.0,0.0,0.0,0.0,0.5779334500875658,7.381786339754818,16.221541155866902,5.556042031523645,0.26269702276707535,0.9136510662832855,0.02247734869411794,0.0,0.0,0.0,0.0,0.0,0.0,0.0,0.0,0.0,0.0,0.0,0.0,0.0,0.0,0.0,0.0,0.0,0.0,0.0,0.0,0.0,0.0,0.0,0.0,0.0,0.5461993627674102,7.4146563495675935,16.249431042330453,5.530268548020028,0.25944469731451986,0.393,0.01126,0.0,0.0,0.0,0.0,0.0,0.0,0.0,0.0,0.0,0.0,0.2495621716287216,21.869527145358987,7.867775831873907,0.013134851138353769,0.0,0.0,0.0,0.0,0.0,0.0,0.0,0.0,0.0,0.0,0.0,0.0,0.0,0.0,0.0,0.0,0.3928,0.0111,0.0,0.0,0.0,0.0,0.0,0.0,0.0,0.0,0.0,0.0,0.2184797451069641,21.929904415111483,7.851615839781522,0.0,0.0,0.0,0.0,0.0,0.0,0.0,0.0,0.0,0.0,0.0,0.0,0.0,0.0,0.0,0.0,0.0
48400,4195,2181,0.5199046483909416,1006,850,0.44243146603098926,1164,0.5549463647199047,0.4220000000000001,2.9856007944389273,3.0720075841927863,6.450261780104712,2.166632753419508,8379.87137067938,506.2983367589853,7853.0,8866.4,8866.4,0.0,7853.0,0.0,28.485816448152562,21.11642004999734,33.330138144911196,19.361316084892945,0.13444576877234804,0.10441001191895113,0.08939213349225268,0.08486293206197855,0.07461263408820024,0.06555423122765197,0.07485101311084624,0.0734207389749702,0.05935637663885578,0.051489868891537546,0.044815256257449344,0.0400476758045292,0.03504171632896305,0.027890345649582836,0.02097735399284863,0.012157330154946364,0.0066746126340882,0.9136217625831676,0.022404094436408204,0.0,0.0,0.0,0.0,0.0,0.0,0.0,0.0,0.0,0.0,0.0,0.0,0.0,0.0,0.0,0.0,0.0,0.0,0.0,0.0,0.0,0.0,0.0,0.0,0.0,0.5363528009535162,7.773539928486295,15.940405244338502,5.535160905840287,0.2145411203814065,4.2394833948339485,2.827486025410914,nan,nan,nan,4.257777777777778,2.806380736733021,4.222958057395143,2.848575248822475,0.9918220907243289,0.3933,0.01122,0.0,0.0,0.0,0.0,0.0,0.0,0.0,0.0,0.0,0.0,0.24314660309892736,21.63289630512512,8.116805721096545,0.007151370679380216,0.0,0.0,0.0,0.0,0.0,0.0,0.0,0.0,0.0,0.0,0.0,0.0,0.0,0.0,0.0,0.0,nan,nan,4.2394833948339485,2.827486025410914,nan,0.3933,0.057,0.0,0.0,0.0,0.0,0.0,0.0,0.0,0.0,0.0,0.0,0.0,0.0,2.3837902264600716e-05,0.0,0.0,0.0,0.0006078665077473182,0.0,0.0,0.002097735399284863,0.0,0.0001430274135876043,0.0,0.0015733015494636471,0.0003098927294398093,0.006543504171632897,0.002240762812872467,0.006197854588796186,0.02297973778307509,0.006948748510131109,0.008831942789034566,0.023790226460071513,0.041418355184743745,0.05369487485101311,0.022729439809296783,0.05790226460071514,0.041525625744934444,0.05933253873659118,0.08269368295589988,0.06489868891537545,0.06239570917759237,0.05174016686531585,0.1065315852205006,0.08144219308700834,0.02756853396901073,0.03965435041716329,0.0233134684147795,0.026615017878426697,0.026138259833134683,0.013575685339690106,0.0031227651966626935,0.015089392133492252,0.009058402860548272,0.0019785458879618594,0.004147794994040524,0.0011084624553039332,1.1918951132300358e-05,0.0,1.1918951132300358e-05,0.0,0.0,1.1918951132300358e-05,0.0,0.0,0.0,0.0,0.0,0.0,0.0,0.0,0.0,0.0,0.0,0.0,0.0,0.0,0.0,0.0,0.0,0.0,0.0,0.0,0.0,0.0,0.0,0.0,0.0,0.0,0.0,0.0,0.0,0.0,0.0,0.0,0.0,0.0,0.0,0.0,0.0,0.0,0.0,nan,nan,4.2394833948339485,2.827486025410914,nan,0.913711663918012,0.02261115250068619,0.0,0.0,0.0,0.0,0.0,0.0,0.0,0.0,0.0,0.0,0.0,0.0,0.0,0.0,0.0,0.0,0.0,0.0,0.0,0.0,0.0,0.0,0.0,0.0,0.0,0.5502063273727649,7.922971114167814,15.653370013755161,5.667125171939479,0.20632737276478685,0.9135244066689197,0.022177276046756934,0.0,0.0,0.0,0.0,0.0,0.0,0.0,0.0,0.0,0.0,0.0,0.0,0.0,0.0,0.0,0.0,0.0,0.0,0.0,0.0,0.0,0.0,0.0,0.0,0.0,0.5213505461767628,7.611717974180737,16.251241310824234,5.392254220456803,0.22343594836146977,0.3936,0.01124,0.0,0.0,0.0,0.0,0.0,0.0,0.0,0.0,0.0,0.0,0.15130674002751035,21.499312242090753,8.349381017881708,0.0,0.0,0.0,0.0,0.0,0.0,0.0,0.0,0.0,0.0,0.0,0.0,0.0,0.0,0.0,0.0,0.0,0.393,0.011215,0.0,0.0,0.0,0.0,0.0,0.0,0.0,0.0,0.0,0.0,0.34260178748758696,21.777557100297884,7.864945382323736,0.014895729890764651,0.0,0.0,0.0,0.0,0.0,0.0,0.0,0.0,0.0,0.0,0.0,0.0,0.0,0.0,0.0,0.0
48500,4259,2178,0.5113876496830242,1039,885,0.4517492369100728,1217,0.5714956562573374,0.4180000000000001,2.889956751561749,3.1097033188763956,6.686486486486486,2.1399034450932337,8371.240244188777,506.56856669562825,7853.0,8866.4,8866.4,0.0,7853.0,0.0,27.48649917821085,20.756936869387854,32.64352243861135,18.949781137210266,0.14674806292556938,0.09837990138530171,0.09133599436487438,0.09250997886827894,0.08217891523831886,0.07184785160835877,0.06996947640291148,0.059403615872270485,0.06057760037567504,0.05376849025592862,0.04155905142052125,0.03709791030758394,0.03310636299600845,0.029349612585113878,0.017844564451749236,0.009626672927917352,0.0046959380136182205,0.9132141714981672,0.023016875962430905,0.0,0.0,0.0,0.0,0.0,0.0,0.0,0.0,0.0,0.0,0.0,0.0,0.0,0.0,0.0,0.0,0.0,0.0,0.0,0.0,0.0,0.0,0.0,0.0,0.021131721061281996,0.6762150739610239,7.790561164592629,15.876966424043205,5.33223761446349,0.3028880018783753,4.24544792425346,2.9136997214300844,nan,nan,nan,4.286545454545455,2.8906244799865517,4.2042304886943835,2.936082459083777,0.9807968988725444,0.3936,0.011444,0.0,0.0,0.0,0.0,0.0,0.0,0.0,0.0,0.0,0.0,0.24653674571495662,21.117633247241105,8.628786100023481,0.007043907020427332,0.0,0.0,0.0,0.0,0.0,0.0,0.0,0.0,0.0,0.0,0.0,0.0,0.0,0.0,0.0,0.0,nan,nan,4.24544792425346,2.9136997214300844,nan,0.3936,0.0571,0.0,0.0,0.0,0.0,0.0,0.0,0.0,0.0,0.0,0.0,0.0,0.0,3.521953510213665e-05,0.0,0.0,0.0,0.0006222117868044142,0.0,0.0,0.0020544728809579714,1.1739845034045551e-05,8.217891523831886e-05,0.0,0.0018196759802770602,4.6959380136182205e-05,0.006820849964780465,0.002430147922047429,0.004942474759333177,0.023996243249589107,0.0071378257806996945,0.00767785865226579,0.02411364169992956,0.04071378257806997,0.05432026297252876,0.024054942474759332,0.05876966424043203,0.041394693590044614,0.05518901150504813,0.0828363465602254,0.06485090396806763,0.06088283634656023,0.053240197229396574,0.10557642639117164,0.08026532049776942,0.029009157079126557,0.038988025358065274,0.02184785160835877,0.030042263442122564,0.028246067151913596,0.013970415590514205,0.0029349612585113875,0.01607184785160836,0.007760037567504109,0.0022892697816388826,0.004132425451984034,0.0008217891523831885,0.0,0.0,0.0,0.0,0.0,0.0,0.0,0.0,0.0,0.0,0.0,0.0,0.0,0.0,0.0,0.0,0.0,0.0,0.0,0.0,0.0,0.0,0.0,0.0,0.0,0.0,0.0,0.0,0.0,0.0,0.0,0.0,0.0,0.0,0.0,0.0,0.0,0.0,0.0,0.0,0.0,0.0,0.0,0.0,0.0,nan,nan,4.24544792425346,2.9136997214300844,nan,0.9131803931557224,0.022949574887035314,0.0,0.0,0.0,0.0,0.0,0.0,0.0,0.0,0.0,0.0,0.0,0.0,0.0,0.0,0.0,0.0,0.0,0.0,0.0,0.0,0.0,0.0,0.0,0.0,0.0,0.7300275482093666,7.796143250688707,15.867768595041326,5.330578512396695,0.2754820936639119,0.9132495243236572,0.02308705104141329,0.0,0.0,0.0,0.0,0.0,0.0,0.0,0.0,0.0,0.0,0.0,0.0,0.0,0.0,0.0,0.0,0.0,0.0,0.0,0.0,0.0,0.0,0.0,0.0,0.043248438250840945,0.619894281595387,7.784718885151372,15.886592984142244,5.333974050937051,0.33157135992311393,0.3938,0.01139,0.0,0.0,0.0,0.0,0.0,0.0,0.0,0.0,0.0,0.0,0.16528925619834714,21.198347107437986,8.636363636363638,0.0,0.0,0.0,0.0,0.0,0.0,0.0,0.0,0.0,0.0,0.0,0.0,0.0,0.0,0.0,0.0,0.0,0.3936,0.011505,0.0,0.0,0.0,0.0,0.0,0.0,0.0,0.0,0.0,0.0,0.33157135992311393,21.03315713599228,8.620855358000963,0.01441614608361365,0.0,0.0,0.0,0.0,0.0,0.0,0.0,0.0,0.0,0.0,0.0,0.0,0.0,0.0,0.0,0.0
48600,4532,2343,0.5169902912621359,1102,937,0.4499117387466902,1306,0.5763459841129744,0.38600000000000007,2.9524897213339423,3.0254787501969727,6.4185667752443,2.148186243041297,8376.917961165049,506.40737732908144,7853.0,8866.4,8866.4,0.0,7853.0,0.0,27.89783759929391,20.86356987285419,32.97861103776076,19.059420014376343,0.1414386584289497,0.10216240070609002,0.08737864077669903,0.08693733451015004,0.08097969991173874,0.07590467784642542,0.06663724624889673,0.07127096204766108,0.054060017652250665,0.05648720211827008,0.04523389232127096,0.03795233892321271,0.031112091791703444,0.026037069726390114,0.018093556928508385,0.010370697263901147,0.00794351279788173,0.9135663961269954,0.022954287494755775,0.0,0.0,0.0,0.0,0.0,0.0,0.0,0.0,0.0,0.0,0.0,0.0,0.0,0.0,0.0,0.0,0.0,0.0,0.0,0.0,0.0,0.0,0.0,0.0,0.0,0.562665489849956,7.771403353927627,15.70167696381289,5.699470432480143,0.26478375992939107,4.289815447710184,2.789752541248387,nan,nan,nan,4.281124497991968,2.7998766121746375,4.298882681564246,2.7791218585503117,1.0041480184892093,0.3936,0.01159,0.0,0.0,0.0,0.0,0.0,0.0,0.0,0.0,0.0,0.0,0.23830538393645195,21.076787290379496,8.665048543689322,0.01985878199470433,0.0,0.0,0.0,0.0,0.0,0.0,0.0,0.0,0.0,0.0,0.0,0.0,0.0,0.0,0.0,0.0,nan,nan,4.289815447710184,2.789752541248387,nan,0.3936,0.05725,0.0,0.0,0.0,0.0,0.0,0.0,0.0,0.0,0.0,0.0,0.0,0.0,0.00018755516328331862,0.0,0.0,0.0,0.0005075022065313328,0.0,3.3097969991173875e-05,0.002383053839364519,9.929390997352162e-05,0.0,1.1032656663724624e-05,0.0016548984995586938,1.1032656663724624e-05,0.007116063548102383,0.002228596646072374,0.004710944395410415,0.02483451015004413,0.0066306266548985,0.008572374227714034,0.023609885260370698,0.04103045013239188,0.05329876434245366,0.02444836716681377,0.05889232127096205,0.04019196822594881,0.056542365401588704,0.08203883495145631,0.06339364518976169,0.06412180052956752,0.05167696381288614,0.10550529567519859,0.07957855251544572,0.02955648720211827,0.039585172109443956,0.021414386584289496,0.03058252427184466,0.028486319505736983,0.014022506619593998,0.0026368049426301853,0.016118711385701676,0.0069726390114739625,0.002085172109443954,0.00455648720211827,0.0006509267431597528,2.206531332744925e-05,0.0,0.0,0.0,0.0,0.0,0.0,0.0,0.0,0.0,0.0,0.0,0.0,0.0,0.0,0.0,0.0,0.0,0.0,0.0,0.0,0.0,0.0,0.0,0.0,0.0,0.0,0.0,0.0,0.0,0.0,0.0,0.0,0.0,0.0,0.0,0.0,0.0,0.0,0.0,0.0,0.0,0.0,0.0,0.0,nan,nan,4.289815447710184,2.789752541248387,nan,0.913909755809359,0.022628305754985138,0.0,0.0,0.0,0.0,0.0,0.0,0.0,0.0,0.0,0.0,0.0,0.0,0.0,0.0,0.0,0.0,0.0,0.0,0.0,0.0,0.0,0.0,0.0,0.0,0.0,0.4609475032010244,7.784891165172857,15.761843790012808,5.710627400768248,0.2816901408450705,0.9131988804870786,0.023292542003266792,0.0,0.0,0.0,0.0,0.0,0.0,0.0,0.0,0.0,0.0,0.0,0.0,0.0,0.0,0.0,0.0,0.0,0.0,0.0,0.0,0.0,0.0,0.0,0.0,0.0,0.6715395157606214,7.756966651439015,15.637277295568756,5.6875285518501615,0.24668798538145276,0.3933,0.01159,0.0,0.0,0.0,0.0,0.0,0.0,0.0,0.0,0.0,0.0,0.2688860435339309,21.510883482714437,8.194622279129323,0.025608194622279135,0.0,0.0,0.0,0.0,0.0,0.0,0.0,0.0,0.0,0.0,0.0,0.0,0.0,0.0,0.0,0.0,0.3938,0.01158,0.0,0.0,0.0,0.0,0.0,0.0,0.0,0.0,0.0,0.0,0.20557332115121066,20.61215166742802,9.168570123343994,0.013704888076747376,0.0,0.0,0.0,0.0,0.0,0.0,0.0,0.0,0.0,0.0,0.0,0.0,0.0,0.0,0.0,0.0
48700,4258,2182,0.5124471582902771,1036,882,0.4504462188821043,1221,0.5735086895255989,0.4060000000000001,3.0289017341040463,3.059955316581725,6.397745571658615,2.1672265511464364,8372.313950211366,506.5429678320142,7853.0,8866.4,8866.399999999998,1.8189894035458565e-12,7853.0,0.0,28.395490840770314,20.890227271371185,33.190396891479324,19.123199243360446,0.1338656646312823,0.09816815406294034,0.09394081728511038,0.08642555190230156,0.07632691404415218,0.07538750587130108,0.0674025364020667,0.06387975575387506,0.0615312353217473,0.05753875058713011,0.04908407703147017,0.03734147487083138,0.0380460310004697,0.027007984969469233,0.017613903240958198,0.009628933771723814,0.006810709253170503,0.914108326355019,0.02278387229936019,0.0,0.0,0.0,0.0,0.0,0.0,0.0,0.0,0.0,0.0,0.0,0.0,0.0,0.0,0.0,0.0,0.0,0.0,0.0,0.0,0.0,0.0,0.0,0.0,0.0,0.5636449037106623,7.355565993424144,16.148426491310477,5.594175669328324,0.33818694222639745,4.238112263139078,2.7982716735913873,nan,nan,nan,4.269559032716927,2.817446803611535,4.206326383896477,2.7783936222085845,0.9851898876825667,0.394,0.0114,0.0,0.0,0.0,0.0,0.0,0.0,0.0,0.0,0.0,0.0,0.27477689055894794,20.95349929544384,8.771723813997184,0.0,0.0,0.0,0.0,0.0,0.0,0.0,0.0,0.0,0.0,0.0,0.0,0.0,0.0,0.0,0.0,0.0,nan,nan,4.238112263139078,2.7982716735913873,nan,0.394,0.05768,0.0,0.0,0.0,0.0,0.0,0.0,0.0,0.0,0.0,0.0,0.0,0.0,0.00012916862376702678,0.0,0.0,0.0,0.00038750587130108034,0.0,4.697040864255519e-05,0.0032174729920150303,0.00012916862376702678,2.3485204321277596e-05,3.522780648191639e-05,0.00185533114138093,9.394081728511038e-05,0.007891028651949272,0.001221230624706435,0.003992484734617191,0.025434476279943635,0.006458431188351339,0.007480037576326914,0.02214654767496477,0.043294974166275244,0.053287928604978864,0.023085955847815875,0.05740958196336308,0.039560826679192106,0.055519023015500234,0.08019023015500235,0.06218882104274307,0.06379755753875059,0.05435650540159699,0.10595349929544387,0.07834664161578206,0.031106153123532175,0.0426139032409582,0.020455612963832786,0.02871066228276186,0.030988727101925788,0.013269140441521842,0.0021136683889149835,0.019351808360732737,0.006681540629403476,0.0021019257867543445,0.004661813057773603,0.0003640206669798027,0.0,4.697040864255519e-05,0.0,0.0,0.0,0.0,0.0,0.0,0.0,0.0,0.0,0.0,0.0,0.0,0.0,0.0,0.0,0.0,0.0,0.0,0.0,0.0,0.0,0.0,0.0,0.0,0.0,0.0,0.0,0.0,0.0,0.0,0.0,0.0,0.0,0.0,0.0,0.0,0.0,0.0,0.0,0.0,0.0,0.0,0.0,nan,nan,4.238112263139078,2.7982716735913873,nan,0.9143148904869471,0.022778910054040404,0.0,0.0,0.0,0.0,0.0,0.0,0.0,0.0,0.0,0.0,0.0,0.0,0.0,0.0,0.0,0.0,0.0,0.0,0.0,0.0,0.0,0.0,0.0,0.0,0.0,0.5637030247479378,7.314390467461046,16.099908340971588,5.705774518790102,0.31622364802933095,0.9138912151142352,0.022787068487514908,0.0,0.0,0.0,0.0,0.0,0.0,0.0,0.0,0.0,0.0,0.0,0.0,0.0,0.0,0.0,0.0,0.0,0.0,0.0,0.0,0.0,0.0,0.0,0.0,0.0,0.5635838150289019,7.39884393063584,16.199421965317924,5.476878612716764,0.3612716763005781,0.394,0.01117,0.0,0.0,0.0,0.0,0.0,0.0,0.0,0.0,0.0,0.0,0.233730522456462,21.24197983501372,8.52428964252979,0.0,0.0,0.0,0.0,0.0,0.0,0.0,0.0,0.0,0.0,0.0,0.0,0.0,0.0,0.0,0.0,0.0,0.394,0.011635,0.0,0.0,0.0,0.0,0.0,0.0,0.0,0.0,0.0,0.0,0.31791907514450873,20.65028901734101,9.031791907514453,0.0,0.0,0.0,0.0,0.0,0.0,0.0,0.0,0.0,0.0,0.0,0.0,0.0,0.0,0.0,0.0,0.0
48800,4477,2290,0.511503238775966,1081,954,0.45454545454545453,1299,0.5802993075720349,0.3980000000000001,2.995427526291724,3.0774155775692376,6.585987261146497,2.043459617909981,8371.357382175564,506.56588460022914,7853.0,8866.4,8866.399999999998,1.8189894035458565e-12,7853.0,0.0,28.267813267813267,20.86203385414715,33.09227921734532,19.097088319220735,0.13781550145186508,0.09962028143846326,0.08108108108108109,0.09224927406745588,0.08264462809917356,0.07169979897252625,0.0743801652892562,0.0681259772168863,0.06164842528478892,0.04444940808577172,0.04735313826222917,0.04243913334822426,0.03551485369667188,0.02501675228947956,0.016305561760107213,0.012955103864194774,0.006700915791824883,0.9132486943264532,0.023053268171400992,0.0,0.0,0.0,0.0,0.0,0.0,0.0,0.0,0.0,0.0,0.0,0.0,0.0,0.0,0.0,0.0,0.0,0.0,0.0,0.0,0.0,0.0,0.0,0.0,0.0,0.6566897475988386,7.752959571141391,15.90127317400045,5.407639044002681,0.2814384632566451,4.19421768707483,2.8515481951169828,nan,nan,nan,4.248140635564571,2.8920085721351954,4.136986301369863,2.8080855297298375,0.9738345917119252,0.3943,0.01176,0.0,0.0,0.0,0.0,0.0,0.0,0.0,0.0,0.0,0.0,0.18092472637927187,20.410989501898563,9.394683940138487,0.013401831583649769,0.0,0.0,0.0,0.0,0.0,0.0,0.0,0.0,0.0,0.0,0.0,0.0,0.0,0.0,0.0,0.0,nan,nan,4.19421768707483,2.8515481951169828,nan,0.3943,0.0581,0.0,0.0,0.0,0.0,0.0,0.0,0.0,0.0,0.0,0.0,0.0,0.0,1.1168192986374804e-05,0.0,0.0,0.0,0.00034621398257761893,0.0,0.00018985928076837167,0.003529148983694438,0.00018985928076837167,0.0,0.0,0.0022001340183158366,0.0002457002457002457,0.007784230511503239,0.0011168192986374804,0.003886531159258432,0.02605539423721242,0.007069466160375251,0.006991288809470628,0.021677462586553495,0.044929640384185836,0.05180924726379272,0.024346660710297074,0.056801429528702256,0.03880947062765244,0.05156354701809247,0.07961804779986598,0.06186062095153004,0.06336832700469064,0.05804109895018986,0.10538306901943266,0.08056734420370784,0.03003127094036185,0.042539647085101634,0.019723028813937903,0.02592137592137592,0.03242126423944606,0.013558186285459012,0.0017869108778199687,0.021979003797185617,0.0064105427741791374,0.0021331248603975875,0.004846995756086665,0.00017869108778199687,0.0,2.233638597274961e-05,5.584096493187402e-05,0.0,0.0,0.0,0.0,0.0,0.0,0.0,0.0,0.0,0.0,0.0,0.0,0.0,0.0,0.0,0.0,0.0,0.0,0.0,0.0,0.0,0.0,0.0,0.0,0.0,0.0,0.0,0.0,0.0,0.0,0.0,0.0,0.0,0.0,0.0,0.0,0.0,0.0,0.0,0.0,0.0,0.0,nan,nan,4.19421768707483,2.8515481951169828,nan,0.9132616143559785,0.022724443279489734,0.0,0.0,0.0,0.0,0.0,0.0,0.0,0.0,0.0,0.0,0.0,0.0,0.0,0.0,0.0,0.0,0.0,0.0,0.0,0.0,0.0,0.0,0.0,0.0,0.0,0.48471615720524025,7.83406113537118,16.04803493449782,5.423580786026203,0.20960698689956336,0.9132351658090261,0.023392618555381273,0.0,0.0,0.0,0.0,0.0,0.0,0.0,0.0,0.0,0.0,0.0,0.0,0.0,0.0,0.0,0.0,0.0,0.0,0.0,0.0,0.0,0.0,0.0,0.0,0.0,0.8367626886145407,7.668038408779151,15.747599451303158,5.390946502057614,0.3566529492455419,0.3943,0.01171,0.0,0.0,0.0,0.0,0.0,0.0,0.0,0.0,0.0,0.0,0.15720524017467252,20.397379912663727,9.432314410480352,0.01310043668122271,0.0,0.0,0.0,0.0,0.0,0.0,0.0,0.0,0.0,0.0,0.0,0.0,0.0,0.0,0.0,0.0,0.394,0.0118,0.0,0.0,0.0,0.0,0.0,0.0,0.0,0.0,0.0,0.0,0.20576131687242805,20.425240054869654,9.35528120713306,0.013717421124828535,0.0,0.0,0.0,0.0,0.0,0.0,0.0,0.0,0.0,0.0,0.0,0.0,0.0,0.0,0.0,0.0
48900,4487,2280,0.5081346110987297,1033,897,0.43013149097392467,1246,0.5553822152886115,0.4060000000000001,2.932487539646579,3.083709086862807,6.466876971608833,2.1925470317512694,8367.943614887452,506.63293696086043,7853.0,8866.4,8866.399999999998,1.8189894035458565e-12,7853.0,0.0,28.100512591932247,21.188087978123892,32.96377578001058,19.532478730364918,0.1379540895921551,0.10073545798974816,0.10028972587474927,0.08223757521729441,0.08446623579228883,0.07243146868731892,0.06619121907733452,0.061956763984845106,0.05259638956986851,0.048584800534878535,0.0530421216848674,0.03699576554490751,0.03454423891241364,0.027635391129930912,0.0218408736349454,0.0109204368174727,0.007577445954981056,0.9131305222790784,0.0231529353862172,0.0,0.0,0.0,0.0,0.0,0.0,0.0,0.0,0.0,0.0,0.0,0.0,0.0,0.0,0.0,0.0,0.0,0.0,0.0,0.0,0.0,0.0,0.0,0.0,0.013371963449966573,0.6418542455983954,8.170269667929576,15.13706262536216,5.763316246935593,0.27412525072431476,4.319971870604782,2.8627061247099843,nan,nan,nan,4.414012738853503,2.8623532635009967,4.225174825174825,2.8600813850093,0.9572185390367208,0.3945,0.01186,0.0,0.0,0.0,0.0,0.0,0.0,0.0,0.0,0.0,0.0,0.26743926899933146,19.90416759527521,9.815021172275465,0.013371963449966573,0.0,0.0,0.0,0.0,0.0,0.0,0.0,0.0,0.0,0.0,0.0,0.0,0.0,0.0,0.0,0.0,nan,nan,4.319971870604782,2.8627061247099843,nan,0.3945,0.0584,0.0,0.0,0.0,0.0,0.0,0.0,0.0,0.0,0.0,0.0,0.0,0.0,0.0,0.0,0.0,0.0,0.0003677289948740807,0.0,0.00016714954312458213,0.0037218631602406954,0.00010028972587474928,0.0,0.0,0.0013706262536215734,0.0005683084466235793,0.007900601738355249,0.001259193224871852,0.004078448852239804,0.025785602852685535,0.006752841542233118,0.006206819701359483,0.022776911076443057,0.04737018052150657,0.050066859817249836,0.026309338087809227,0.05364386004011589,0.03793180298640517,0.05197236460887007,0.07902830398930243,0.06077557388009806,0.06214620013371963,0.057310006685981726,0.10747715622910631,0.07762424782705594,0.03402050367728995,0.04100735457989748,0.020024515266324937,0.02649877423668375,0.032393581457544014,0.013806552262090484,0.0020280811232449296,0.02361265879206597,0.006719411633608201,0.0019055047916202363,0.004780476933363049,0.0004234455092489414,2.2286605749944284e-05,0.0,4.457321149988857e-05,0.0,0.0,0.0,0.0,0.0,0.0,0.0,0.0,0.0,0.0,0.0,0.0,0.0,0.0,0.0,0.0,0.0,0.0,0.0,0.0,0.0,0.0,0.0,0.0,0.0,0.0,0.0,0.0,0.0,0.0,0.0,0.0,0.0,0.0,0.0,0.0,0.0,0.0,0.0,0.0,0.0,0.0,nan,nan,4.319971870604782,2.8627061247099843,nan,0.9131376666196606,0.023452373763004013,0.0,0.0,0.0,0.0,0.0,0.0,0.0,0.0,0.0,0.0,0.0,0.0,0.0,0.0,0.0,0.0,0.0,0.0,0.0,0.0,0.0,0.0,0.0,0.0,0.026315789473684216,0.723684210526316,8.144736842105265,14.868421052631582,5.960526315789475,0.27631578947368424,0.9131231416281824,0.02283946790635681,0.0,0.0,0.0,0.0,0.0,0.0,0.0,0.0,0.0,0.0,0.0,0.0,0.0,0.0,0.0,0.0,0.0,0.0,0.0,0.0,0.0,0.0,0.0,0.0,0.0,0.5573176257362937,8.196647032170368,15.414589941096514,5.559583144540101,0.2718622564567286,0.3943,0.012146,0.0,0.0,0.0,0.0,0.0,0.0,0.0,0.0,0.0,0.0,0.27631578947368424,19.99999999999997,9.710526315789476,0.013157894736842108,0.0,0.0,0.0,0.0,0.0,0.0,0.0,0.0,0.0,0.0,0.0,0.0,0.0,0.0,0.0,0.0,0.395,0.011566,0.0,0.0,0.0,0.0,0.0,0.0,0.0,0.0,0.0,0.0,0.2582691436338922,19.805165382872648,9.922972360670595,0.013593112822836434,0.0,0.0,0.0,0.0,0.0,0.0,0.0,0.0,0.0,0.0,0.0,0.0,0.0,0.0,0.0,0.0
49000,4476,2300,0.5138516532618409,1075,913,0.44414655942806075,1257,0.561662198391421,0.4060000000000001,2.9246323529411766,3.051762366454214,6.439868204283361,2.1398991452070577,8373.73726541555,506.5055233456524,7853.0,8866.4,8866.399999999998,1.8189894035458565e-12,7853.0,0.0,28.29356568364611,21.099630965370434,33.218567639257294,19.344523349639175,0.1389633601429848,0.10210008936550491,0.0933869526362824,0.08020554066130474,0.07573726541554959,0.07350312779267203,0.07171581769436998,0.06344950848972297,0.0632260947274352,0.05250223413762288,0.044682752457551385,0.03932082216264522,0.03686327077747989,0.027256478999106343,0.017873100983020553,0.012064343163538873,0.0071492403932082215,0.9131058934573301,0.022797849128525487,0.0,0.0,0.0,0.0,0.0,0.0,0.0,0.0,0.0,0.0,0.0,0.0,0.0,0.0,0.0,0.0,0.0,0.0,0.0,0.0,0.0,0.0,0.0,0.0,0.01340482573726542,0.6501340482573728,7.54691689008043,16.15951742627346,5.402144772117963,0.2278820375335121,4.26532732940769,2.850431530822373,nan,nan,nan,4.243988684582744,2.858376101007058,4.285811269517991,2.8426336066779014,1.0098545467586133,0.395,0.01138,0.0,0.0,0.0,0.0,0.0,0.0,0.0,0.0,0.0,0.0,0.1541554959785523,19.939678284182275,9.892761394101878,0.01340482573726542,0.0,0.0,0.0,0.0,0.0,0.0,0.0,0.0,0.0,0.0,0.0,0.0,0.0,0.0,0.0,0.0,nan,nan,4.26532732940769,2.850431530822373,nan,0.395,0.0585,0.0,0.0,0.0,0.0,0.0,0.0,0.0,0.0,0.0,0.0,0.0,0.0,0.0,0.0,0.0,0.0,0.00034629133154602326,0.0,0.00013404825737265417,0.0035746201966041107,0.0002569258266309205,0.0,1.1170688114387846e-05,0.0012957998212689901,0.0003798033958891868,0.007774798927613941,0.0010388739946380697,0.004010277033065237,0.026306970509383378,0.006758266309204647,0.008031724754244862,0.02115728328865058,0.04677167113494191,0.04833556747095621,0.027569258266309203,0.05573056300268096,0.035980786416443256,0.04911751563896336,0.07589365504915102,0.0645218945487042,0.06648793565683646,0.05402144772117962,0.10700402144772118,0.07783735478105451,0.03341152815013405,0.04013628239499553,0.01981680071492404,0.0286751563896336,0.03484137622877569,0.01306970509383378,0.0020889186773905273,0.022765862377122432,0.00783065236818588,0.0016197497765862378,0.004546470062555853,0.0007484361036639857,7.819481680071492e-05,0.0,2.234137622877569e-05,0.0,0.0,0.0,0.0,0.0,0.0,0.0,0.0,0.0,0.0,0.0,0.0,0.0,0.0,0.0,0.0,0.0,0.0,0.0,0.0,0.0,0.0,0.0,0.0,0.0,0.0,0.0,0.0,0.0,0.0,0.0,0.0,0.0,0.0,0.0,0.0,0.0,0.0,0.0,0.0,0.0,0.0,nan,nan,4.26532732940769,2.850431530822373,nan,0.9127553527769835,0.022764435756180004,0.0,0.0,0.0,0.0,0.0,0.0,0.0,0.0,0.0,0.0,0.0,0.0,0.0,0.0,0.0,0.0,0.0,0.0,0.0,0.0,0.0,0.0,0.0,0.0,0.013043478260869568,0.6913043478260872,7.591304347826089,16.21304347826087,5.321739130434783,0.1695652173913044,0.9134764098014463,0.022827262316859307,0.0,0.0,0.0,0.0,0.0,0.0,0.0,0.0,0.0,0.0,0.0,0.0,0.0,0.0,0.0,0.0,0.0,0.0,0.0,0.0,0.0,0.0,0.0,0.0,0.013786764705882356,0.6066176470588236,7.500000000000002,16.10294117647059,5.4871323529411775,0.28952205882352944,0.395,0.011536,0.0,0.0,0.0,0.0,0.0,0.0,0.0,0.0,0.0,0.0,0.1565217391304348,19.656521739130405,10.160869565217393,0.026086956521739136,0.0,0.0,0.0,0.0,0.0,0.0,0.0,0.0,0.0,0.0,0.0,0.0,0.0,0.0,0.0,0.0,0.3948,0.011215,0.0,0.0,0.0,0.0,0.0,0.0,0.0,0.0,0.0,0.0,0.1516544117647059,20.238970588235265,9.609375000000002,0.0,0.0,0.0,0.0,0.0,0.0,0.0,0.0,0.0,0.0,0.0,0.0,0.0,0.0,0.0,0.0,0.0
49100,4498,2349,0.5222321031569587,1102,911,0.4475322365495776,1247,0.5544686527345487,0.4140000000000001,3.003722661703118,3.1587418652956014,6.699346405228758,2.1498896987065925,8382.230013339262,506.1988626013817,7853.0,8866.4,8866.4,0.0,7853.0,0.0,27.906402845709206,20.890223116950057,32.878579003181336,19.147183377164204,0.1398399288572699,0.10071142730102267,0.09493108048021343,0.08737216540684749,0.0840373499333037,0.06869719875500223,0.06336149399733215,0.06647398843930635,0.05913739439751001,0.05380168963983993,0.04557581147176523,0.04157403290351267,0.03423743886171632,0.025344597598932858,0.019341929746554024,0.008892841262783458,0.006669630947087594,0.913212043675066,0.02268136019683946,0.0,0.0,0.0,0.0,0.0,0.0,0.0,0.0,0.0,0.0,0.0,0.0,0.0,0.0,0.0,0.0,0.0,0.0,0.0,0.0,0.0,0.0,0.0,0.0,0.006669630947087596,0.6136060471320588,7.803468208092487,16.067140951534018,5.222321031569587,0.2867941307247666,4.21907394609537,2.9701990885280036,nan,nan,nan,4.295911295911296,3.0257208641086413,4.142660234321158,2.9119243581531196,0.9643262974875676,0.3948,0.01146,0.0,0.0,0.0,0.0,0.0,0.0,0.0,0.0,0.0,0.0,0.24010671409515344,20.122276567363244,9.637616718541576,0.0,0.0,0.0,0.0,0.0,0.0,0.0,0.0,0.0,0.0,0.0,0.0,0.0,0.0,0.0,0.0,0.0,nan,nan,4.21907394609537,2.9701990885280036,nan,0.3948,0.05856,0.0,0.0,0.0,0.0,0.0,0.0,0.0,0.0,0.0,0.0,0.0,0.0,0.0,0.0,0.0,0.0,0.000411293908403735,0.0,0.00011116051578479324,0.004190751445086705,0.0001778568252556692,0.0,4.44642063139173e-05,0.00098932859048466,0.00030013339261894176,0.007414406402845709,0.0011004891062694532,0.0033459315251222767,0.027856825255669185,0.007103156958648288,0.008303690529124054,0.020920409070698087,0.04685415740329035,0.047421076033792794,0.028145842596709648,0.058281458425967096,0.034726545131169406,0.04752112049799911,0.07453312583370386,0.06357269897732326,0.06885282347710094,0.0523121387283237,0.10733659404179635,0.07960204535349044,0.03318141396176078,0.03916184971098266,0.021087149844375278,0.029690973766118275,0.03403734993330369,0.011649622054246331,0.0022454424188528234,0.022921298354824367,0.00852601156069364,0.001300578034682081,0.004068474877723433,0.0005224544241885283,0.00010004446420631391,0.0,7.781236104935527e-05,0.0,0.0,0.0,0.0,0.0,0.0,0.0,0.0,0.0,0.0,0.0,0.0,0.0,0.0,0.0,0.0,0.0,0.0,0.0,0.0,0.0,0.0,0.0,0.0,0.0,0.0,0.0,0.0,0.0,0.0,0.0,0.0,0.0,0.0,0.0,0.0,0.0,0.0,0.0,0.0,0.0,0.0,nan,nan,4.21907394609537,2.9701990885280036,nan,0.9128561430202742,0.02297664692769314,0.0,0.0,0.0,0.0,0.0,0.0,0.0,0.0,0.0,0.0,0.0,0.0,0.0,0.0,0.0,0.0,0.0,0.0,0.0,0.0,0.0,0.0,0.0,0.0,0.012771392081736912,0.6768837803320564,8.045977011494255,15.708812260536401,5.287356321839082,0.26819923371647514,0.9136010667733006,0.02234764779770469,0.0,0.0,0.0,0.0,0.0,0.0,0.0,0.0,0.0,0.0,0.0,0.0,0.0,0.0,0.0,0.0,0.0,0.0,0.0,0.0,0.0,0.0,0.0,0.0,0.0,0.544439274080968,7.538389948813403,16.458818054909262,5.151233131689159,0.3071195905072127,0.3945,0.01169,0.0,0.0,0.0,0.0,0.0,0.0,0.0,0.0,0.0,0.0,0.24265644955300134,20.16602809706255,9.59131545338442,0.0,0.0,0.0,0.0,0.0,0.0,0.0,0.0,0.0,0.0,0.0,0.0,0.0,0.0,0.0,0.0,0.0,0.395,0.01121,0.0,0.0,0.0,0.0,0.0,0.0,0.0,0.0,0.0,0.0,0.2373196835737553,20.074453234062325,9.688227082363891,0.0,0.0,0.0,0.0,0.0,0.0,0.0,0.0,0.0,0.0,0.0,0.0,0.0,0.0,0.0,0.0,0.0
49200,4474,2294,0.5127402771569066,1080,929,0.44903889137237374,1245,0.5565489494859186,0.4140000000000001,2.94954128440367,3.088633314733679,6.548494983277592,2.1217513611645438,8372.61099687081,506.5354836137364,7853.0,8866.4,8866.399999999998,1.8189894035458565e-12,7853.0,0.0,27.781180151989272,20.75396443199093,32.57487410548635,19.065610614429154,0.13723737147966025,0.10259275815824766,0.09879302637460885,0.08225301743406348,0.08314707197139025,0.07554760840411265,0.06839517210549843,0.06526598122485472,0.058113544926240504,0.047608404112650875,0.047384890478319175,0.041797049620026824,0.035091640590075995,0.023692445239159587,0.01631649530621368,0.0116227089852481,0.005140813589628967,0.9127533754361331,0.02299776004031038,0.0,0.0,0.0,0.0,0.0,0.0,0.0,0.0,0.0,0.0,0.0,0.0,0.0,0.0,0.0,0.0,0.0,0.0,0.0,0.0,0.0,0.0,0.0,0.0,0.013410818059901658,0.6437192668752795,7.898971837282076,15.771122038444348,5.364327223960663,0.3084488153777381,4.240817740817741,2.8649210427991214,nan,nan,nan,4.140507196710075,2.838368762896038,4.343377715487036,2.8882169968253377,1.0489965381386501,0.3945,0.01181,0.0,0.0,0.0,0.0,0.0,0.0,0.0,0.0,0.0,0.0,0.2883325882878856,19.894948591864075,9.810013410818062,0.006705409029950829,0.0,0.0,0.0,0.0,0.0,0.0,0.0,0.0,0.0,0.0,0.0,0.0,0.0,0.0,0.0,0.0,nan,nan,4.240817740817741,2.8649210427991214,nan,0.3945,0.05905,0.0,0.0,0.0,0.0,0.0,0.0,0.0,0.0,0.0,0.0,0.0,0.0,0.0,0.0,0.0,0.0,0.0004135002235136343,0.0,0.0002011622708985248,0.00448144836835047,0.0002905677246312025,0.0,0.0,0.0011846222619579794,0.0005140813589628967,0.007878855610192222,0.0007822977201609299,0.00367679928475637,0.029179704962002683,0.007510058113544926,0.007822977201609299,0.019412159141707644,0.04717255252570407,0.045887349128296825,0.027548055431381314,0.061622708985248104,0.038869021010281626,0.04485918641037103,0.0721502011622709,0.0637460885113992,0.06943451050514081,0.049161823871256144,0.10041350022351364,0.08367232901206974,0.034599910594546264,0.038891372373714796,0.022429593205185516,0.02964908359409924,0.03582923558337059,0.01164506034868127,0.002670987930263746,0.02182610639248994,0.008482342422887796,0.001396960214573089,0.00367679928475637,0.0005699597675458203,0.00022351363433169424,0.0,0.00022351363433169424,0.0,0.0,0.0,0.0,0.0,0.0,0.0,0.0,0.0,0.0,0.0,0.0,0.0,0.0,0.0,0.0,0.0,0.0,0.0,0.0,0.0,0.0,0.0,0.0,0.0,0.0,0.0,0.0,0.0,0.0,0.0,0.0,0.0,0.0,0.0,0.0,0.0,0.0,0.0,0.0,0.0,0.0,nan,nan,4.240817740817741,2.8649210427991214,nan,0.9128453311654102,0.022808165190370364,0.0,0.0,0.0,0.0,0.0,0.0,0.0,0.0,0.0,0.0,0.0,0.0,0.0,0.0,0.0,0.0,0.0,0.0,0.0,0.0,0.0,0.0,0.0,0.0,0.0,0.6408020924149957,7.755013077593724,15.915431560592854,5.387968613775067,0.30078465562336537,0.9126566110127563,0.02319520252345922,0.0,0.0,0.0,0.0,0.0,0.0,0.0,0.0,0.0,0.0,0.0,0.0,0.0,0.0,0.0,0.0,0.0,0.0,0.0,0.0,0.0,0.0,0.0,0.0,0.02752293577981652,0.6467889908256882,8.050458715596331,15.619266055045875,5.339449541284404,0.31651376146788995,0.3948,0.01176,0.0,0.0,0.0,0.0,0.0,0.0,0.0,0.0,0.0,0.0,0.27462946817785533,19.786399302528306,9.938971229293811,0.0,0.0,0.0,0.0,0.0,0.0,0.0,0.0,0.0,0.0,0.0,0.0,0.0,0.0,0.0,0.0,0.0,0.3943,0.01186,0.0,0.0,0.0,0.0,0.0,0.0,0.0,0.0,0.0,0.0,0.3027522935779817,20.009174311926575,9.674311926605506,0.01376146788990826,0.0,0.0,0.0,0.0,0.0,0.0,0.0,0.0,0.0,0.0,0.0,0.0,0.0,0.0,0.0,0.0
49300,4344,2310,0.5317679558011049,1087,857,0.44751381215469616,1208,0.5561694290976059,0.4260000000000001,3.015732546705998,3.073461159630432,6.43594009983361,2.236359537977027,8391.89364640884,505.67623943675903,7853.0,8866.4,8866.4,0.0,7853.0,0.0,28.96731123388582,21.24252310339243,33.96451965065502,19.36105032091725,0.13397790055248618,0.09576427255985268,0.089548802946593,0.0817219152854512,0.08034069981583794,0.07251381215469613,0.070902394106814,0.061694290976058934,0.05939226519337017,0.05501841620626151,0.051335174953959485,0.04281767955801105,0.03729281767955801,0.025552486187845305,0.023250460405156537,0.01289134438305709,0.005985267034990792,0.91148022821595,0.022792297627616323,0.0,0.0,0.0,0.0,0.0,0.0,0.0,0.0,0.0,0.0,0.0,0.0,0.0,0.0,0.0,0.0,0.0,0.0,0.0,0.0,0.0,0.0,0.0,0.0,0.0069060773480663,0.7527624309392267,8.439226519337018,15.77348066298343,4.7859116022099455,0.2417127071823205,4.137439109255393,2.850283626991374,nan,nan,nan,4.056643356643357,2.8274889262471516,4.217451523545706,2.8704387183870836,1.039640696202441,0.3945,0.01185,0.0,0.0,0.0,0.0,0.0,0.0,0.0,0.0,0.0,0.0,0.2140883977900553,20.35220994475135,9.399171270718234,0.0345303867403315,0.0,0.0,0.0,0.0,0.0,0.0,0.0,0.0,0.0,0.0,0.0,0.0,0.0,0.0,0.0,0.0,nan,nan,4.137439109255393,2.850283626991374,nan,0.3945,0.05896,0.0,0.0,0.0,0.0,0.0,0.0,0.0,0.0,0.0,0.0,0.0,0.0,0.0,0.0,0.0,0.0,0.00023020257826887662,0.0,4.604051565377532e-05,0.004293278084714549,0.00014963167587476978,0.0,2.302025782688766e-05,0.0011625230202578268,0.0004834254143646409,0.007895948434622468,0.0015308471454880295,0.0039019337016574585,0.03031767955801105,0.008206721915285452,0.007884438305709025,0.017771639042357273,0.045752762430939224,0.045476519337016574,0.027497697974217312,0.0634208103130755,0.03944521178637201,0.043588858195211785,0.0691413443830571,0.0651243093922652,0.07076427255985267,0.0486072744014733,0.09957412523020258,0.08547421731123389,0.03522099447513812,0.03824815837937385,0.02527624309392265,0.03001841620626151,0.033298802946593,0.010600828729281768,0.0025897790055248618,0.02151243093922652,0.009610957642725598,0.0013351749539594843,0.0032228360957642726,0.0006560773480662984,0.0004719152854511971,0.0,0.00017265193370165745,0.0,0.0,0.0,0.0,0.0,0.0,0.0,0.0,0.0,0.0,0.0,0.0,0.0,0.0,0.0,0.0,0.0,0.0,0.0,0.0,0.0,0.0,0.0,0.0,0.0,0.0,0.0,0.0,0.0,0.0,0.0,0.0,0.0,0.0,0.0,0.0,0.0,0.0,0.0,0.0,0.0,0.0,nan,nan,4.137439109255393,2.850283626991374,nan,0.9117885866206445,0.022535776572572698,0.0,0.0,0.0,0.0,0.0,0.0,0.0,0.0,0.0,0.0,0.0,0.0,0.0,0.0,0.0,0.0,0.0,0.0,0.0,0.0,0.0,0.0,0.0,0.0,0.0,0.6883116883116885,8.246753246753249,15.974025974025977,4.870129870129871,0.22077922077922082,0.9111300276678455,0.023075172719229257,0.0,0.0,0.0,0.0,0.0,0.0,0.0,0.0,0.0,0.0,0.0,0.0,0.0,0.0,0.0,0.0,0.0,0.0,0.0,0.0,0.0,0.0,0.0,0.0,0.01474926253687316,0.825958702064897,8.657817109144544,15.54572271386431,4.690265486725664,0.2654867256637169,0.3948,0.011856,0.0,0.0,0.0,0.0,0.0,0.0,0.0,0.0,0.0,0.0,0.19480519480519484,20.103896103896076,9.662337662337665,0.03896103896103897,0.0,0.0,0.0,0.0,0.0,0.0,0.0,0.0,0.0,0.0,0.0,0.0,0.0,0.0,0.0,0.0,0.3943,0.01182,0.0,0.0,0.0,0.0,0.0,0.0,0.0,0.0,0.0,0.0,0.23598820058997055,20.634218289085517,9.10029498525074,0.02949852507374632,0.0,0.0,0.0,0.0,0.0,0.0,0.0,0.0,0.0,0.0,0.0,0.0,0.0,0.0,0.0,0.0
49400,4507,2330,0.5169735966274683,1106,903,0.44575105391613046,1251,0.5551364544042601,0.4340000000000001,3.0629306384933392,3.2131718533238116,6.856451612903226,2.1894999405330373,8376.901042822277,506.40795227348684,7853.0,8866.4,8866.4,0.0,7853.0,0.0,27.451741735078766,20.740198022890386,32.678351618945676,18.92659636451846,0.14621699578433547,0.10339471932549367,0.088972709119148,0.08320390503660972,0.08608830707787886,0.07166629687153317,0.07077878855114267,0.06656312402928777,0.05879742622587087,0.051697359662746835,0.045928555580208565,0.04237852229864655,0.02618149545151986,0.02285333925005547,0.015975149767029066,0.010428222764588418,0.008875083203905036,0.9118304402727179,0.022091710225784662,0.0,0.0,0.0,0.0,0.0,0.0,0.0,0.0,0.0,0.0,0.0,0.0,0.0,0.0,0.0,0.0,0.0,0.0,0.0,0.0,0.0,0.0,0.0,0.0,0.0,0.6190370534723764,8.267140004437543,16.24805857554915,4.712669181273575,0.1530951852673619,4.388985709306379,2.941386983853278,nan,nan,nan,4.389958734525447,2.995169586370189,4.3879858657243815,2.8850774538986936,0.9995505951375923,0.395,0.01162,0.0,0.0,0.0,0.0,0.0,0.0,0.0,0.0,0.0,0.0,0.2196583092966497,19.749278899489653,10.024406478810741,0.006656312402928779,0.0,0.0,0.0,0.0,0.0,0.0,0.0,0.0,0.0,0.0,0.0,0.0,0.0,0.0,0.0,0.0,nan,nan,4.388985709306379,2.941386983853278,nan,0.395,0.0592,0.0,0.0,0.0,0.0,0.0,0.0,0.0,0.0,0.0,0.0,0.0,0.0,0.0,0.0,0.0,0.0,0.00016640781007321945,0.0,2.2187708009762593e-05,0.004215664521854893,0.00027734635012203237,0.0,0.0,0.000976259152429554,0.0005325049922343022,0.006722875526958065,0.0014422010206345684,0.003716441091635234,0.028966052806745062,0.007599289993343687,0.008076325715553584,0.018637674728200576,0.04841357887730197,0.04879076991346794,0.026092744619480808,0.06274683825160861,0.03963834035944087,0.043787441757266475,0.06831595296205902,0.06680718881739517,0.06941424450854226,0.05153095185267362,0.09718216108276015,0.08020856445529177,0.03573330374972265,0.037441757266474376,0.024151320168626582,0.030696694031506544,0.03423563345906368,0.011249167960949633,0.0024184601730641224,0.02191036165964056,0.0107943199467495,0.0013423563345906367,0.0036942533836254714,0.0006656312402928778,0.0010206345684490791,2.2187708009762593e-05,0.0003439094741513202,0.0,0.0,0.0,0.0,0.0,0.0,0.0,0.0,0.0,0.0,0.0,0.0,0.0,0.0,0.0,0.0,0.0,0.0,0.0,0.0,0.0,0.0,0.0,0.0,0.0,0.0,0.0,0.0,0.0,0.0,0.0,0.0,0.0,0.0,0.0,0.0,0.0,0.0,0.0,0.0,0.0,0.0,nan,nan,4.388985709306379,2.941386983853278,nan,0.9110429276468416,0.02219779883935429,0.0,0.0,0.0,0.0,0.0,0.0,0.0,0.0,0.0,0.0,0.0,0.0,0.0,0.0,0.0,0.0,0.0,0.0,0.0,0.0,0.0,0.0,0.0,0.0,0.0,0.6180257510729614,8.665236051502147,16.210300429184553,4.32618025751073,0.1802575107296138,0.9126732994451071,0.02194631301196206,0.0,0.0,0.0,0.0,0.0,0.0,0.0,0.0,0.0,0.0,0.0,0.0,0.0,0.0,0.0,0.0,0.0,0.0,0.0,0.0,0.0,0.0,0.0,0.0,0.0,0.6201194304088196,7.8410656867248525,16.28847037207166,5.126320624712909,0.12402388608176391,0.3948,0.01161,0.0,0.0,0.0,0.0,0.0,0.0,0.0,0.0,0.0,0.0,0.15450643776824036,19.815450643776796,10.01716738197425,0.012875536480686699,0.0,0.0,0.0,0.0,0.0,0.0,0.0,0.0,0.0,0.0,0.0,0.0,0.0,0.0,0.0,0.0,0.395,0.011635,0.0,0.0,0.0,0.0,0.0,0.0,0.0,0.0,0.0,0.0,0.2893890675241158,19.678456591639844,10.032154340836014,0.0,0.0,0.0,0.0,0.0,0.0,0.0,0.0,0.0,0.0,0.0,0.0,0.0,0.0,0.0,0.0,0.0
49500,4552,2367,0.5199912126537786,1087,934,0.4439806678383128,1291,0.5672231985940246,0.4100000000000001,2.9789473684210526,3.076524501927442,6.5910543130990416,2.1085971534450434,8379.95909490334,506.29483413688644,7853.0,8866.4,8866.4,0.0,7853.0,0.0,28.419595782073813,21.062415468199777,33.3822454308094,19.270957820606004,0.1366432337434095,0.09424428822495606,0.09534270650263621,0.08567662565905097,0.0819420035149385,0.07623022847100176,0.07139718804920914,0.05755711775043937,0.06063268892794376,0.04635325131810193,0.05184534270650264,0.04173989455184534,0.0351493848857645,0.027680140597539545,0.018233743409490334,0.012521968365553603,0.006810193321616872,0.9122915414468056,0.023067469856553797,0.0,0.0,0.0,0.0,0.0,0.0,0.0,0.0,0.0,0.0,0.0,0.0,0.0,0.0,0.0,0.0,0.0,0.0,0.0,0.0,0.0,0.0,0.0,0.0,0.013181019332161691,0.639279437609842,8.244727592267138,15.692003514938492,5.127416520210897,0.2833919156414763,4.217611336032388,2.8366837788315546,nan,nan,nan,4.1277027027027025,2.763035956226068,4.307277628032345,2.905506599454309,1.0435048108508547,0.3955,0.0117,0.0,0.0,0.0,0.0,0.0,0.0,0.0,0.0,0.0,0.0,0.17135325131810197,19.184973637961306,10.637082601054484,0.0065905096660808455,0.0,0.0,0.0,0.0,0.0,0.0,0.0,0.0,0.0,0.0,0.0,0.0,0.0,0.0,0.0,0.0,nan,nan,4.217611336032388,2.8366837788315546,nan,0.3955,0.05893,0.0,0.0,0.0,0.0,0.0,0.0,0.0,0.0,0.0,0.0,0.0,0.0,0.0,0.0,0.0,0.0,0.00010984182776801405,0.0,0.00013181019332161688,0.0038005272407732864,0.0002746045694200352,3.295254833040422e-05,0.0,0.0007798769771528998,0.00070298769771529,0.005525043936731107,0.00140597539543058,0.0035039543057996487,0.028613796133567664,0.00866652021089631,0.008611599297012303,0.017684534270650264,0.04590289982425307,0.04861599297012302,0.026362038664323375,0.06681678383128295,0.03801625659050967,0.041750878734622146,0.06898066783831283,0.06582820738137082,0.06849736379613357,0.04992311072056239,0.09733084358523726,0.08133787346221441,0.040224077328646746,0.03724736379613357,0.024154217926186293,0.030755711775043937,0.0343914762741652,0.01086335676625659,0.0019661687170474517,0.022781195079086117,0.011511423550087873,0.0012851493848857645,0.003976274165202109,0.00020869947275922672,0.001164323374340949,1.0984182776801407e-05,0.00025263620386643235,0.0,0.0,0.0,0.0,0.0,0.0,0.0,0.0,0.0,0.0,0.0,0.0,0.0,0.0,0.0,0.0,0.0,0.0,0.0,0.0,0.0,0.0,0.0,0.0,0.0,0.0,0.0,0.0,0.0,0.0,0.0,0.0,0.0,0.0,0.0,0.0,0.0,0.0,0.0,0.0,0.0,0.0,nan,nan,4.217611336032388,2.8366837788315546,nan,0.9126953552632479,0.023139693059415004,0.0,0.0,0.0,0.0,0.0,0.0,0.0,0.0,0.0,0.0,0.0,0.0,0.0,0.0,0.0,0.0,0.0,0.0,0.0,0.0,0.0,0.0,0.0,0.0,0.0,0.6083650190114069,8.08618504435995,15.880861850443603,5.069708491761724,0.35487959442332073,0.9118540918799778,0.022980969318454766,0.0,0.0,0.0,0.0,0.0,0.0,0.0,0.0,0.0,0.0,0.0,0.0,0.0,0.0,0.0,0.0,0.0,0.0,0.0,0.0,0.0,0.0,0.0,0.0,0.027459954233409616,0.6727688787185355,8.416475972540047,15.487414187643024,5.189931350114417,0.20594965675057214,0.3955,0.01186,0.0,0.0,0.0,0.0,0.0,0.0,0.0,0.0,0.0,0.0,0.16476552598225608,19.138149556400478,10.684410646387835,0.012674271229404312,0.0,0.0,0.0,0.0,0.0,0.0,0.0,0.0,0.0,0.0,0.0,0.0,0.0,0.0,0.0,0.0,0.3958,0.01152,0.0,0.0,0.0,0.0,0.0,0.0,0.0,0.0,0.0,0.0,0.17848970251716254,19.235697940503407,10.585812356979407,0.0,0.0,0.0,0.0,0.0,0.0,0.0,0.0,0.0,0.0,0.0,0.0,0.0,0.0,0.0,0.0,0.0
49600,4810,2432,0.5056133056133056,1133,1013,0.4461538461538462,1399,0.5817047817047817,0.4020000000000001,3.028174936921783,3.1096523728941996,6.525862068965517,2.156097502606305,8365.388523908523,506.6680675706156,7853.0,8866.4,8866.4,0.0,7853.0,0.0,27.89064449064449,20.97332470222309,33.054849164796806,19.140363401469166,0.1471933471933472,0.09812889812889813,0.08877338877338878,0.08752598752598753,0.0812889812889813,0.0683991683991684,0.07318087318087318,0.061330561330561334,0.060291060291060294,0.048232848232848236,0.047193347193347196,0.04407484407484408,0.03180873180873181,0.027234927234927236,0.017463617463617465,0.014553014553014554,0.0033264033264033266,0.9126881839207949,0.02292528790266805,0.0,0.0,0.0,0.0,0.0,0.0,0.0,0.0,0.0,0.0,0.0,0.0,0.0,0.0,0.0,0.0,0.0,0.0,0.0,0.0,0.0,0.0,0.0,0.0,0.0,0.6985446985446987,7.970893970893973,15.785862785862788,5.307692307692309,0.23700623700623705,4.371943371943372,2.8979885549716946,nan,nan,nan,4.35,2.927204407113661,4.39405684754522,2.8680753392836658,1.0101280109299358,0.3962,0.01182,0.0,0.0,0.0,0.0,0.0,0.0,0.0,0.0,0.0,0.0,0.18711018711018715,18.455301455301427,11.332640332640336,0.024948024948024953,0.0,0.0,0.0,0.0,0.0,0.0,0.0,0.0,0.0,0.0,0.0,0.0,0.0,0.0,0.0,0.0,nan,nan,4.371943371943372,2.8979885549716946,nan,0.3962,0.05908,0.0,0.0,0.0,0.0,0.0,0.0,0.0,0.0,0.0,0.0,0.0,0.0,0.0,0.0,0.0,0.0,0.00015592515592515593,0.0,0.00012474012474012475,0.003128898128898129,0.0002494802494802495,7.276507276507276e-05,0.0,0.0009771309771309771,0.0008835758835758836,0.005571725571725572,0.001476091476091476,0.003232848232848233,0.026995841995841995,0.008575883575883576,0.008014553014553014,0.01817047817047817,0.04633056133056133,0.04734927234927235,0.028513513513513514,0.06823284823284824,0.03705821205821206,0.041164241164241167,0.0670997920997921,0.06367983367983368,0.06811850311850312,0.04776507276507277,0.09916839916839917,0.07874220374220374,0.04367983367983368,0.03983367983367983,0.023180873180873182,0.03341995841995842,0.03383575883575884,0.00922037422037422,0.002318087318087318,0.024313929313929315,0.0112993762993763,0.0018607068607068608,0.004345114345114345,0.0002702702702702703,0.0012577962577962577,0.0,0.00029106029106029104,2.079002079002079e-05,0.0,0.0,0.0,0.0,0.0,0.0,0.0,0.0,0.0,0.0,0.0,0.0,0.0,0.0,0.0,0.0,0.0,0.0,0.0,0.0,0.0,0.0,0.0,0.0,0.0,0.0,0.0,0.0,0.0,0.0,0.0,0.0,0.0,0.0,0.0,0.0,0.0,0.0,0.0,0.0,0.0,nan,nan,4.371943371943372,2.8979885549716946,nan,0.9138507520730951,0.022945805486270364,0.0,0.0,0.0,0.0,0.0,0.0,0.0,0.0,0.0,0.0,0.0,0.0,0.0,0.0,0.0,0.0,0.0,0.0,0.0,0.0,0.0,0.0,0.0,0.0,0.0,0.5921052631578948,7.512335526315791,16.04851973684211,5.600328947368422,0.24671052631578952,0.9114992159870715,0.022843169401915914,0.0,0.0,0.0,0.0,0.0,0.0,0.0,0.0,0.0,0.0,0.0,0.0,0.0,0.0,0.0,0.0,0.0,0.0,0.0,0.0,0.0,0.0,0.0,0.0,0.0,0.8074011774600507,8.439865433137092,15.517241379310349,5.008410428931876,0.22708158116063923,0.3962,0.01186,0.0,0.0,0.0,0.0,0.0,0.0,0.0,0.0,0.0,0.0,0.19736842105263164,18.54029605263155,11.262335526315793,0.0,0.0,0.0,0.0,0.0,0.0,0.0,0.0,0.0,0.0,0.0,0.0,0.0,0.0,0.0,0.0,0.0,0.3965,0.01177,0.0,0.0,0.0,0.0,0.0,0.0,0.0,0.0,0.0,0.0,0.1766190075693861,18.36837678721612,11.404541631623216,0.05046257359125317,0.0,0.0,0.0,0.0,0.0,0.0,0.0,0.0,0.0,0.0,0.0,0.0,0.0,0.0,0.0,0.0
49700,4667,2419,0.5183201199914291,1137,941,0.4452539104349689,1347,0.5772444825369617,0.37400000000000005,2.88211743772242,2.896015264679149,5.923928077455049,2.0902249093978518,8378.265609599315,506.359761572941,7853.0,8866.4,8866.4,0.0,7853.0,0.0,29.60595671737733,21.45459451889668,34.26427855711423,19.685771657266706,0.12320548532247697,0.09770730662095564,0.08506535247482323,0.0865652453396186,0.07820869937861581,0.07242339832869081,0.06578101564173988,0.06556674523248339,0.06170987786586672,0.059352903364045424,0.04949646453824727,0.04499678594386115,0.03899721448467967,0.02699807156631669,0.018212984786800942,0.015213199057210199,0.010499250053567602,0.9136717271339927,0.023101272319056322,0.0,0.0,0.0,0.0,0.0,0.0,0.0,0.0,0.0,0.0,0.0,0.0,0.0,0.0,0.0,0.0,0.0,0.0,0.0,0.0,0.0,0.0,0.0,0.0,0.006428112277694452,0.597814441825584,7.623741161345619,15.948146560959934,5.502464109706451,0.32140561388472255,4.082959641255606,2.7714288535171234,nan,nan,nan,4.145244215938304,2.7984083346986304,4.019169329073482,2.7428006162550247,0.9695856551997423,0.3962,0.01176,0.0,0.0,0.0,0.0,0.0,0.0,0.0,0.0,0.0,0.0,0.16070280694236128,18.300835654596074,11.532033426183848,0.006428112277694452,0.0,0.0,0.0,0.0,0.0,0.0,0.0,0.0,0.0,0.0,0.0,0.0,0.0,0.0,0.0,0.0,nan,nan,4.082959641255606,2.7714288535171234,nan,0.3962,0.05887,0.0,0.0,0.0,0.0,0.0,0.0,0.0,0.0,0.0,0.0,0.0,0.0,0.0,0.0,0.0,0.0,2.142704092564817e-05,0.0,4.285408185129634e-05,0.0031176344546818085,0.000257124491107778,0.000257124491107778,1.0713520462824084e-05,0.0015106063852581958,0.0009213627598028712,0.005271052067709449,0.0017677308763659738,0.0028390829226483823,0.026590957788729375,0.006803085493893293,0.00718877223055496,0.019102206985215343,0.04726805228197986,0.0467966573816156,0.026451682022712662,0.07020569959288622,0.03643668309406471,0.04286479537175916,0.06708806513820441,0.06403471180629955,0.07165202485536748,0.04811442039854296,0.1003535461752732,0.0766445253910435,0.04321834154703236,0.0408827940861367,0.021394900364259697,0.030254981787015214,0.03475466038140133,0.009277908720805656,0.0029140775658881507,0.024201842725519607,0.00988857938718663,0.002410542104135419,0.005238911506320977,0.0002464109706449539,0.0013820441397043067,0.0,0.0002785515320334262,4.285408185129634e-05,0.0,0.0,0.0,0.0,0.0,0.0,0.0,0.0,0.0,0.0,0.0,0.0,0.0,0.0,0.0,0.0,0.0,0.0,0.0,0.0,0.0,0.0,0.0,0.0,0.0,0.0,0.0,0.0,0.0,0.0,0.0,0.0,0.0,0.0,0.0,0.0,0.0,0.0,0.0,0.0,0.0,nan,nan,4.082959641255606,2.7714288535171234,nan,0.9139612767015326,0.022963638890232053,0.0,0.0,0.0,0.0,0.0,0.0,0.0,0.0,0.0,0.0,0.0,0.0,0.0,0.0,0.0,0.0,0.0,0.0,0.0,0.0,0.0,0.0,0.0,0.0,0.012401818933443574,0.5208763952046301,7.441091360066144,16.085159156676315,5.630425795783383,0.31004547333608934,0.9133601522212351,0.023244436608908767,0.0,0.0,0.0,0.0,0.0,0.0,0.0,0.0,0.0,0.0,0.0,0.0,0.0,0.0,0.0,0.0,0.0,0.0,0.0,0.0,0.0,0.0,0.0,0.0,0.0,0.6806049822064058,7.820284697508899,15.800711743772245,5.364768683274022,0.3336298932384342,0.3962,0.0118,0.0,0.0,0.0,0.0,0.0,0.0,0.0,0.0,0.0,0.0,0.18602728400165364,18.18106655642825,11.62050434063663,0.012401818933443574,0.0,0.0,0.0,0.0,0.0,0.0,0.0,0.0,0.0,0.0,0.0,0.0,0.0,0.0,0.0,0.0,0.3965,0.011696,0.0,0.0,0.0,0.0,0.0,0.0,0.0,0.0,0.0,0.0,0.13345195729537368,18.429715302491076,11.436832740213527,0.0,0.0,0.0,0.0,0.0,0.0,0.0,0.0,0.0,0.0,0.0,0.0,0.0,0.0,0.0,0.0,0.0
49800,4535,2313,0.5100330760749724,1069,955,0.4463065049614112,1306,0.5759647188533628,0.3940000000000001,2.9806480648064806,3.0547190821614185,6.4447852760736195,2.1396821441092637,8369.867519294377,506.59797823461383,7853.0,8866.4,8866.399999999998,1.8189894035458565e-12,7853.0,0.0,27.927673649393604,20.800158366780085,32.91351209253418,18.999685546393685,0.1439911797133407,0.09371554575523705,0.09349503858875413,0.08577728776185226,0.08004410143329659,0.08004410143329659,0.06968026460859977,0.06085997794928335,0.056670341786108046,0.05248070562293274,0.050055126791620726,0.03902976846747519,0.03572216097023153,0.026901874310915105,0.01631753031973539,0.007276736493936053,0.007938257993384785,0.9118828483952708,0.022729424688757473,0.0,0.0,0.0,0.0,0.0,0.0,0.0,0.0,0.0,0.0,0.0,0.0,0.0,0.0,0.0,0.0,0.0,0.0,0.0,0.0,0.0,0.0,0.0,0.0,0.0,0.7938257993384787,8.183020948180818,15.863285556780598,4.934950385887542,0.22491730981256897,4.274122059324923,2.841992229228134,nan,nan,nan,4.306262904335857,2.822180484893222,4.242567567567567,2.8609578630387538,0.985208674392788,0.3958,0.01202,0.0,0.0,0.0,0.0,0.0,0.0,0.0,0.0,0.0,0.0,0.21168687982359433,18.906284454244734,10.882028665931646,0.0,0.0,0.0,0.0,0.0,0.0,0.0,0.0,0.0,0.0,0.0,0.0,0.0,0.0,0.0,0.0,0.0,nan,nan,4.274122059324923,2.841992229228134,nan,0.3958,0.0587,0.0,0.0,0.0,0.0,0.0,0.0,0.0,0.0,0.0,0.0,0.0,0.0,0.0,0.0,0.0,0.0,0.0,0.0,6.615214994487321e-05,0.0019735391400220507,5.5126791620727676e-05,0.0005181918412348401,0.0,0.002083792723263506,0.0008930540242557884,0.005226019845644984,0.002613009922822492,0.003009922822491731,0.02674751929437707,0.005832414553472988,0.007839029768467475,0.01884233737596472,0.04733186328555678,0.04923925027563396,0.02846747519294377,0.07350606394707827,0.03631753031973539,0.04199558985667034,0.06746416758544653,0.0603638368246968,0.07063947078280045,0.049570011025358324,0.10153252480705623,0.07555678059536935,0.0419845644983462,0.03983461962513782,0.02034178610804851,0.028654906284454246,0.035788313120176406,0.010926130099228226,0.0036714443219404633,0.023153252480705624,0.008169790518191842,0.002039691289966924,0.005887541345093715,0.00020948180815876516,0.0011356119073869901,0.0,0.000330760749724366,0.00018743109151047409,0.0,0.0,0.0,0.0,0.0,0.0,0.0,0.0,0.0,0.0,0.0,0.0,0.0,0.0,0.0,0.0,0.0,0.0,0.0,0.0,0.0,0.0,0.0,0.0,0.0,0.0,0.0,0.0,0.0,0.0,0.0,0.0,0.0,0.0,0.0,0.0,0.0,0.0,0.0,0.0,0.0,nan,nan,4.274122059324923,2.841992229228134,nan,0.9120370890740651,0.022707311186387295,0.0,0.0,0.0,0.0,0.0,0.0,0.0,0.0,0.0,0.0,0.0,0.0,0.0,0.0,0.0,0.0,0.0,0.0,0.0,0.0,0.0,0.0,0.0,0.0,0.0,0.687418936446174,8.287937743190662,15.797665369649808,5.006485084306097,0.22049286640726334,0.9117222909290011,0.0227513102504557,0.0,0.0,0.0,0.0,0.0,0.0,0.0,0.0,0.0,0.0,0.0,0.0,0.0,0.0,0.0,0.0,0.0,0.0,0.0,0.0,0.0,0.0,0.0,0.0,0.0,0.9045904590459048,8.073807380738076,15.931593159315934,4.860486048604861,0.22952295229522957,0.3955,0.01198,0.0,0.0,0.0,0.0,0.0,0.0,0.0,0.0,0.0,0.0,0.22049286640726334,18.93644617380023,10.84306095979248,0.0,0.0,0.0,0.0,0.0,0.0,0.0,0.0,0.0,0.0,0.0,0.0,0.0,0.0,0.0,0.0,0.0,0.396,0.012054,0.0,0.0,0.0,0.0,0.0,0.0,0.0,0.0,0.0,0.0,0.20252025202520257,18.874887488748847,10.922592259225924,0.0,0.0,0.0,0.0,0.0,0.0,0.0,0.0,0.0,0.0,0.0,0.0,0.0,0.0,0.0,0.0,0.0
49900,4430,2309,0.5212189616252821,1054,902,0.4415349887133183,1233,0.5566591422121896,0.4180000000000001,2.891089108910891,3.0375491982215554,6.470796460176991,2.1863486923611335,8381.20329571106,506.2435167718817,7853.0,8866.4,8866.400000000001,1.8189894035458565e-12,7853.0,0.0,27.78510158013544,20.892390185264546,32.669889873757725,19.216085337855645,0.1381489841986456,0.10293453724604966,0.10067720090293454,0.0855530474040632,0.07742663656884875,0.07674943566591422,0.06636568848758465,0.062076749435665914,0.056659142212189616,0.05033860045146727,0.04424379232505643,0.0417607223476298,0.0381489841986456,0.02415349887133183,0.019864559819413093,0.00925507900677201,0.0056433408577878106,0.9125991356830295,0.022851670152387878,0.0,0.0,0.0,0.0,0.0,0.0,0.0,0.0,0.0,0.0,0.0,0.0,0.0,0.0,0.0,0.0,0.0,0.0,0.0,0.0,0.0,0.0,0.0,0.0,0.006772009029345374,0.6027088036117383,8.2686230248307,15.602708803611742,5.309255079006773,0.2099322799097066,4.331448763250884,2.9085654582216223,nan,nan,nan,4.40667139815472,2.9485747707577303,4.25686136523575,2.8663945778494395,0.9660038111800887,0.3955,0.012,0.0,0.0,0.0,0.0,0.0,0.0,0.0,0.0,0.0,0.0,0.1828442437923251,19.40180586907446,10.388261851015804,0.027088036117381496,0.0,0.0,0.0,0.0,0.0,0.0,0.0,0.0,0.0,0.0,0.0,0.0,0.0,0.0,0.0,0.0,nan,nan,4.331448763250884,2.9085654582216223,nan,0.3955,0.05914,0.0,0.0,0.0,0.0,0.0,0.0,0.0,0.0,0.0,0.0,0.0,0.0,0.0,0.0,0.0,0.0,0.0,0.0,2.257336343115124e-05,0.0022686230248307,1.128668171557562e-05,0.0006094808126410836,0.0,0.002381489841986456,0.000891647855530474,0.005349887133182844,0.002799097065462754,0.002889390519187359,0.028239277652370203,0.0062189616252821675,0.009006772009029345,0.016523702031602708,0.04966139954853273,0.04655756207674944,0.028916478555304742,0.07566591422121896,0.03601580135440181,0.042404063205417605,0.06707674943566591,0.05864559819413093,0.06732505643340858,0.05654627539503386,0.09816027088036118,0.07234762979683973,0.042381489841986454,0.03893905191873589,0.020733634311512414,0.030383747178329572,0.03607223476297968,0.011151241534988714,0.003927765237020316,0.021896162528216703,0.007821670428893906,0.0019187358916478556,0.006309255079006772,0.0002257336343115124,0.0012076749435665913,1.128668171557562e-05,0.00040632054176072233,7.900677200902934e-05,0.0,0.0,0.0,0.0,0.0,0.0,0.0,0.0,0.0,0.0,0.0,0.0,0.0,0.0,0.0,0.0,0.0,0.0,0.0,0.0,0.0,0.0,0.0,0.0,0.0,0.0,0.0,0.0,0.0,0.0,0.0,0.0,0.0,0.0,0.0,0.0,0.0,0.0,0.0,0.0,0.0,nan,nan,4.331448763250884,2.9085654582216223,nan,0.9128938161898299,0.022388958594253775,0.0,0.0,0.0,0.0,0.0,0.0,0.0,0.0,0.0,0.0,0.0,0.0,0.0,0.0,0.0,0.0,0.0,0.0,0.0,0.0,0.0,0.0,0.0,0.0,0.0,0.46773495019488964,8.263317453443051,15.7600692940667,5.3009961022087495,0.20788220008661762,0.9122783354519112,0.023340741712936038,0.0,0.0,0.0,0.0,0.0,0.0,0.0,0.0,0.0,0.0,0.0,0.0,0.0,0.0,0.0,0.0,0.0,0.0,0.0,0.0,0.0,0.0,0.0,0.0,0.014144271570014147,0.7496463932107499,8.274398868458276,15.431400282885434,5.318246110325319,0.21216407355021222,0.3958,0.01191,0.0,0.0,0.0,0.0,0.0,0.0,0.0,0.0,0.0,0.0,0.129926375054136,19.24209614551751,10.614984841922912,0.012992637505413601,0.0,0.0,0.0,0.0,0.0,0.0,0.0,0.0,0.0,0.0,0.0,0.0,0.0,0.0,0.0,0.0,0.3953,0.0121,0.0,0.0,0.0,0.0,0.0,0.0,0.0,0.0,0.0,0.0,0.2404526166902405,19.57567185289955,10.141442715700142,0.04243281471004244,0.0,0.0,0.0,0.0,0.0,0.0,0.0,0.0,0.0,0.0,0.0,0.0,0.0,0.0,0.0,0.0
50000,4540,2348,0.5171806167400881,1066,951,0.44427312775330396,1297,0.5713656387665198,0.4100000000000001,2.988594890510949,3.0726242136834823,6.5056,2.128748139165364,8377.110837004406,506.4007827351828,7853.0,8866.4,8866.4,0.0,7853.0,0.0,28.244933920704845,21.213159999260455,33.31598317560463,19.437409243048208,0.14008810572687225,0.1013215859030837,0.09185022026431718,0.08392070484581497,0.07841409691629955,0.07180616740088105,0.06585903083700441,0.06894273127753305,0.0618942731277533,0.04911894273127753,0.04559471365638767,0.04251101321585903,0.03303964757709251,0.026651982378854626,0.019603524229074888,0.009251101321585903,0.01013215859030837,0.9114748555526859,0.022749783377487332,0.0,0.0,0.0,0.0,0.0,0.0,0.0,0.0,0.0,0.0,0.0,0.0,0.0,0.0,0.0,0.0,0.0,0.0,0.0,0.0,0.0,0.0,0.0,0.0,0.013215859030837008,0.6607929515418504,8.64977973568282,15.627753303964761,4.784140969162997,0.26431718061674014,4.306330837304289,2.812878958444984,nan,nan,nan,4.274226804123711,2.8259455134131337,4.337828725556305,2.799642088734622,1.014880333764982,0.3953,0.011536,0.0,0.0,0.0,0.0,0.0,0.0,0.0,0.0,0.0,0.0,0.1916299559471366,19.519823788546226,10.275330396475773,0.013215859030837008,0.0,0.0,0.0,0.0,0.0,0.0,0.0,0.0,0.0,0.0,0.0,0.0,0.0,0.0,0.0,0.0,nan,nan,4.306330837304289,2.812878958444984,nan,0.3953,0.05933,0.0,0.0,0.0,0.0,0.0,0.0,0.0,0.0,0.0,0.0,0.0,0.0,0.0,0.0,0.0,0.0,0.0,0.0,0.0,0.002224669603524229,0.0,0.0006387665198237885,0.0,0.0033590308370044053,0.0007048458149779736,0.006211453744493392,0.003039647577092511,0.0037444933920704844,0.026211453744493393,0.007268722466960352,0.009383259911894273,0.01618942731277533,0.04722466960352423,0.04513215859030837,0.02856828193832599,0.07905286343612335,0.034559471365638764,0.04412995594713656,0.06801762114537445,0.059394273127753305,0.06305066079295155,0.05800660792951542,0.09911894273127753,0.07137665198237886,0.041795154185022027,0.040341409691629956,0.020363436123348018,0.03091409691629956,0.03487885462555066,0.010627753303964758,0.004394273127753304,0.021861233480176212,0.007940528634361234,0.0017731277533039648,0.006189427312775331,5.506607929515419e-05,0.0015859030837004405,0.0,0.0006167400881057269,5.506607929515419e-05,0.0,0.0,0.0,0.0,0.0,0.0,0.0,0.0,0.0,0.0,0.0,0.0,0.0,0.0,0.0,0.0,0.0,0.0,0.0,0.0,0.0,0.0,0.0,0.0,0.0,0.0,0.0,0.0,0.0,0.0,0.0,0.0,0.0,0.0,0.0,0.0,0.0,0.0,0.0,0.0,0.0,nan,nan,4.306330837304289,2.812878958444984,nan,0.9121303291804137,0.022325972395907206,0.0,0.0,0.0,0.0,0.0,0.0,0.0,0.0,0.0,0.0,0.0,0.0,0.0,0.0,0.0,0.0,0.0,0.0,0.0,0.0,0.0,0.0,0.0,0.0,0.012776831345826238,0.5238500851788758,8.547700170357754,15.600511073253836,5.072402044293016,0.24275979557069852,0.9107727332543718,0.02317461129006636,0.0,0.0,0.0,0.0,0.0,0.0,0.0,0.0,0.0,0.0,0.0,0.0,0.0,0.0,0.0,0.0,0.0,0.0,0.0,0.0,0.0,0.0,0.0,0.0,0.013686131386861318,0.8074817518248177,8.759124087591243,15.656934306569346,4.47536496350365,0.28740875912408764,0.3955,0.0115,0.0,0.0,0.0,0.0,0.0,0.0,0.0,0.0,0.0,0.0,0.2044293015332198,19.331345826235065,10.438671209540036,0.025553662691652476,0.0,0.0,0.0,0.0,0.0,0.0,0.0,0.0,0.0,0.0,0.0,0.0,0.0,0.0,0.0,0.0,0.395,0.01158,0.0,0.0,0.0,0.0,0.0,0.0,0.0,0.0,0.0,0.0,0.17791970802919713,19.721715328467123,10.100364963503651,0.0,0.0,0.0,0.0,0.0,0.0,0.0,0.0,0.0,0.0,0.0,0.0,0.0,0.0,0.0,0.0,0.0
50100,4600,2394,0.5204347826086957,1153,920,0.45065217391304346,1277,0.5552173913043478,0.4100000000000001,2.9365367180417046,3.087358715023869,6.54983388704319,2.118187725747998,8380.408608695652,506.27664722549696,7853.0,8866.4,8866.399999999998,1.8189894035458565e-12,7853.0,0.0,28.10608695652174,20.763608578708805,33.043669250646,18.92776708696398,0.14130434782608695,0.09347826086956522,0.09217391304347826,0.08456521739130435,0.08326086956521739,0.08,0.06652173913043478,0.06239130434782609,0.057608695652173914,0.051304347826086956,0.04804347826086956,0.04760869565217391,0.03282608695652174,0.028695652173913042,0.01565217391304348,0.008913043478260869,0.005652173913043478,0.9115003435767215,0.022971422178210625,0.0,0.0,0.0,0.0,0.0,0.0,0.0,0.0,0.0,0.0,0.0,0.0,0.0,0.0,0.0,0.0,0.0,0.0,0.0,0.0,0.0,0.0,0.0,0.0,0.0,0.8347826086956524,8.55,15.319565217391307,5.086956521739131,0.2086956521739131,4.190380761523046,2.9075881976128857,nan,nan,nan,4.151881720430108,2.9283186682069084,4.228419654714475,2.886455023399875,1.0184345170306148,0.3948,0.01169,0.0,0.0,0.0,0.0,0.0,0.0,0.0,0.0,0.0,0.0,0.2152173913043479,19.793478260869538,9.978260869565219,0.013043478260869568,0.0,0.0,0.0,0.0,0.0,0.0,0.0,0.0,0.0,0.0,0.0,0.0,0.0,0.0,0.0,0.0,nan,nan,4.190380761523046,2.9075881976128857,nan,0.3948,0.05975,0.0,0.0,0.0,0.0,0.0,0.0,0.0,0.0,0.0,0.0,0.0,0.0,0.0,0.0,0.0,0.0,3.260869565217391e-05,0.0,0.0,0.002032608695652174,0.0,0.0005434782608695652,6.521739130434782e-05,0.0035108695652173913,0.0009673913043478261,0.006423913043478261,0.0026195652173913045,0.0033260869565217392,0.027217391304347825,0.007521739130434782,0.00957608695652174,0.017576086956521738,0.049217391304347824,0.0466304347826087,0.029163043478260868,0.07540217391304348,0.03626086956521739,0.04467391304347826,0.06626086956521739,0.059771739130434785,0.06303260869565218,0.05727173913043478,0.09784782608695652,0.07046739130434783,0.04006521739130435,0.04167391304347826,0.01933695652173913,0.031217391304347825,0.0345,0.010565217391304348,0.0041739130434782605,0.022597826086956523,0.007815217391304348,0.0013260869565217392,0.00675,0.00017391304347826088,0.0016956521739130434,0.0,0.0005652173913043478,0.00013043478260869564,0.0,0.0,0.0,0.0,0.0,0.0,0.0,0.0,0.0,0.0,0.0,0.0,0.0,0.0,0.0,0.0,0.0,0.0,0.0,0.0,0.0,0.0,0.0,0.0,0.0,0.0,0.0,0.0,0.0,0.0,0.0,0.0,0.0,0.0,0.0,0.0,0.0,0.0,0.0,0.0,0.0,nan,nan,4.190380761523046,2.9075881976128857,nan,0.9111748357912651,0.02293301557529016,0.0,0.0,0.0,0.0,0.0,0.0,0.0,0.0,0.0,0.0,0.0,0.0,0.0,0.0,0.0,0.0,0.0,0.0,0.0,0.0,0.0,0.0,0.0,0.0,0.0,0.8897243107769426,8.446115288220552,15.313283208020053,5.162907268170428,0.18796992481203012,0.911853591826215,0.023007819333386012,0.0,0.0,0.0,0.0,0.0,0.0,0.0,0.0,0.0,0.0,0.0,0.0,0.0,0.0,0.0,0.0,0.0,0.0,0.0,0.0,0.0,0.0,0.0,0.0,0.0,0.7751586582048959,8.662737987307345,15.32638259292838,5.004533091568451,0.23118766999093388,0.3948,0.01148,0.0,0.0,0.0,0.0,0.0,0.0,0.0,0.0,0.0,0.0,0.20050125313283212,19.874686716791953,9.912280701754387,0.012531328320802008,0.0,0.0,0.0,0.0,0.0,0.0,0.0,0.0,0.0,0.0,0.0,0.0,0.0,0.0,0.0,0.0,0.395,0.0119,0.0,0.0,0.0,0.0,0.0,0.0,0.0,0.0,0.0,0.0,0.23118766999093388,19.705349048050742,10.049864007252948,0.013599274705349051,0.0,0.0,0.0,0.0,0.0,0.0,0.0,0.0,0.0,0.0,0.0,0.0,0.0,0.0,0.0,0.0
50200,4427,2319,0.5238310368195166,1103,875,0.44680370454032076,1238,0.5592952337926361,0.4100000000000001,2.9867172675521823,3.018257857608413,6.308294209702661,2.0303896342341003,8383.8503727129,506.12414435376223,7853.0,8866.4,8866.400000000001,1.8189894035458565e-12,7853.0,0.0,29.04337022814547,21.319154858586455,34.11916264090177,19.4092372203537,0.13756494239891576,0.09012875536480687,0.09216173480912582,0.08086740456290942,0.07702733227919584,0.07250960018070929,0.06844364129207138,0.0661847752428281,0.06708832166252542,0.05240569234244409,0.04946916647842783,0.040885475491303364,0.035012423763270836,0.030494691664784277,0.015586175739778631,0.015360289134854304,0.008809577592048791,0.9122899989524921,0.022947770535130575,0.0,0.0,0.0,0.0,0.0,0.0,0.0,0.0,0.0,0.0,0.0,0.0,0.0,0.0,0.0,0.0,0.0,0.0,0.0,0.0,0.0,0.0,0.0,0.0,0.0,0.7115428055116334,8.14547097357127,15.850463067540097,4.953693245990514,0.33882990738649205,4.191358024691358,2.823404427116512,nan,nan,nan,4.1283459162663005,2.826849321339596,4.254283755997259,2.8185545912595384,1.030505641311389,0.3945,0.01162,0.0,0.0,0.0,0.0,0.0,0.0,0.0,0.0,0.0,0.0,0.2507341314660041,20.29591145245084,9.446577817935397,0.006776598147729841,0.0,0.0,0.0,0.0,0.0,0.0,0.0,0.0,0.0,0.0,0.0,0.0,0.0,0.0,0.0,0.0,nan,nan,4.191358024691358,2.823404427116512,nan,0.3945,0.05988,0.0,0.0,0.0,0.0,0.0,0.0,0.0,0.0,0.0,0.0,0.0,0.0,0.0,0.0,0.0,0.0,1.12943302462164e-05,0.0,0.0,0.001897447481364355,1.12943302462164e-05,0.00045177320984865596,1.12943302462164e-05,0.0033544160831262704,0.0005873051728032528,0.005805285746555229,0.002778405240569234,0.003873955274452225,0.029749265868533995,0.007612378585949853,0.009058052857465552,0.015676530381748363,0.05036141856787892,0.04789925457420375,0.03077704992093969,0.07467811158798283,0.03819742489270386,0.045538739552744525,0.06659137113169189,0.05919358482042015,0.06257058956403885,0.056720126496498754,0.0942173029139372,0.06808222272419245,0.039948046080867404,0.04033205330923876,0.02151569911904224,0.031477298396205104,0.03396205105037271,0.010989383329568557,0.004867856336119268,0.02302913937203524,0.007431669302010391,0.0014230856110232664,0.0071944883668398464,0.00032753557714027557,0.0014795572622543483,0.0,0.0002484752654167608,6.77659814772984e-05,0.0,0.0,0.0,0.0,0.0,0.0,0.0,0.0,0.0,0.0,0.0,0.0,0.0,0.0,0.0,0.0,0.0,0.0,0.0,0.0,0.0,0.0,0.0,0.0,0.0,0.0,0.0,0.0,0.0,0.0,0.0,0.0,0.0,0.0,0.0,0.0,0.0,0.0,0.0,0.0,0.0,nan,nan,4.191358024691358,2.823404427116512,nan,0.9124410114395254,0.02317056047990749,0.0,0.0,0.0,0.0,0.0,0.0,0.0,0.0,0.0,0.0,0.0,0.0,0.0,0.0,0.0,0.0,0.0,0.0,0.0,0.0,0.0,0.0,0.0,0.0,0.0,0.73738680465718,8.098318240620959,15.730918499353173,5.1099611901681765,0.3234152652005175,0.912123870889195,0.022698994279400964,0.0,0.0,0.0,0.0,0.0,0.0,0.0,0.0,0.0,0.0,0.0,0.0,0.0,0.0,0.0,0.0,0.0,0.0,0.0,0.0,0.0,0.0,0.0,0.0,0.0,0.6831119544592031,8.197343453510438,15.981973434535108,4.7817836812144225,0.35578747628083496,0.3943,0.01169,0.0,0.0,0.0,0.0,0.0,0.0,0.0,0.0,0.0,0.0,0.27166882276843474,20.465717981888716,9.249676584734802,0.012936610608020701,0.0,0.0,0.0,0.0,0.0,0.0,0.0,0.0,0.0,0.0,0.0,0.0,0.0,0.0,0.0,0.0,0.3948,0.01152,0.0,0.0,0.0,0.0,0.0,0.0,0.0,0.0,0.0,0.0,0.2277039848197344,20.10910815939276,9.663187855787479,0.0,0.0,0.0,0.0,0.0,0.0,0.0,0.0,0.0,0.0,0.0,0.0,0.0,0.0,0.0,0.0,0.0
50300,4608,2405,0.5219184027777778,1144,943,0.4529079861111111,1310,0.5685763888888888,0.3940000000000001,2.9269178393100317,3.0009253960941438,6.364485981308412,2.1226820894610525,8381.912109375,506.21291192255546,7853.0,8866.4,8866.399999999998,1.8189894035458565e-12,7853.0,0.0,28.39865451388889,20.780927167803558,33.08329075114972,19.03035822813219,0.1325954861111111,0.09461805555555555,0.09027777777777778,0.0876736111111111,0.08116319444444445,0.08072916666666667,0.07139756944444445,0.06640625,0.055121527777777776,0.05577256944444445,0.048828125,0.037543402777777776,0.036675347222222224,0.02734375,0.014973958333333334,0.011501736111111112,0.007378472222222222,0.9122848156839609,0.022741855483022863,0.0,0.0,0.0,0.0,0.0,0.0,0.0,0.0,0.0,0.0,0.0,0.0,0.0,0.0,0.0,0.0,0.0,0.0,0.0,0.0,0.0,0.0,0.0,0.0,0.0,0.6770833333333335,8.255208333333336,15.722656250000004,5.110677083333334,0.23437500000000006,4.123844121532365,2.82600670355108,nan,nan,nan,4.121452145214522,2.805658215693329,4.126239259748844,2.846234313894216,1.0011615116142694,0.3953,0.0119,0.0,0.0,0.0,0.0,0.0,0.0,0.0,0.0,0.0,0.0,0.16927083333333337,19.68749999999997,10.136718750000002,0.006510416666666668,0.0,0.0,0.0,0.0,0.0,0.0,0.0,0.0,0.0,0.0,0.0,0.0,0.0,0.0,0.0,0.0,nan,nan,4.123844121532365,2.82600670355108,nan,0.3953,0.05975,0.0,0.0,0.0,0.0,0.0,0.0,0.0,0.0,0.0,0.0,0.0,0.0,0.0,0.0,0.0,0.0,0.0,0.0,0.0,0.0018663194444444445,1.0850694444444445e-05,0.0006510416666666666,0.0,0.0036024305555555558,0.0003363715277777778,0.004871961805555556,0.003125,0.003298611111111111,0.028591579861111112,0.007931857638888888,0.009071180555555556,0.015342881944444444,0.05078125,0.047797309027777776,0.03015407986111111,0.07180989583333333,0.036219618055555555,0.04810112847222222,0.06706814236111111,0.058116319444444446,0.06212022569444445,0.05789930555555556,0.09603949652777778,0.06930338541666667,0.04025607638888889,0.040690104166666664,0.020779079861111112,0.030490451388888888,0.03526475694444445,0.011469184027777777,0.005023871527777778,0.02345920138888889,0.008463541666666666,0.0008680555555555555,0.007183159722222222,0.0003146701388888889,0.0013237847222222223,0.0,0.00030381944444444445,0.0,0.0,0.0,0.0,0.0,0.0,0.0,0.0,0.0,0.0,0.0,0.0,0.0,0.0,0.0,0.0,0.0,0.0,0.0,0.0,0.0,0.0,0.0,0.0,0.0,0.0,0.0,0.0,0.0,0.0,0.0,0.0,0.0,0.0,0.0,0.0,0.0,0.0,0.0,0.0,0.0,0.0,nan,nan,4.123844121532365,2.82600670355108,nan,0.9128351373137159,0.02289633884352528,0.0,0.0,0.0,0.0,0.0,0.0,0.0,0.0,0.0,0.0,0.0,0.0,0.0,0.0,0.0,0.0,0.0,0.0,0.0,0.0,0.0,0.0,0.0,0.0,0.0,0.6361746361746363,7.933471933471935,15.891891891891895,5.3388773388773405,0.19958419958419962,0.9116840333328212,0.022556675690928507,0.0,0.0,0.0,0.0,0.0,0.0,0.0,0.0,0.0,0.0,0.0,0.0,0.0,0.0,0.0,0.0,0.0,0.0,0.0,0.0,0.0,0.0,0.0,0.0,0.0,0.7217430776214255,8.606445755787565,15.537902859736725,4.861552428506583,0.27235587834770775,0.3955,0.01185,0.0,0.0,0.0,0.0,0.0,0.0,0.0,0.0,0.0,0.0,0.14968814968814972,19.44698544698542,10.403326403326407,0.0,0.0,0.0,0.0,0.0,0.0,0.0,0.0,0.0,0.0,0.0,0.0,0.0,0.0,0.0,0.0,0.0,0.395,0.01196,0.0,0.0,0.0,0.0,0.0,0.0,0.0,0.0,0.0,0.0,0.19064911484339542,19.95006808896956,9.845665002269634,0.013617793917385386,0.0,0.0,0.0,0.0,0.0,0.0,0.0,0.0,0.0,0.0,0.0,0.0,0.0,0.0,0.0,0.0
50400,4473,2312,0.5168790520903197,1097,914,0.4495864073328862,1244,0.5562262463670914,0.4140000000000001,3.063859324386858,3.146374143578784,6.68312101910828,2.0580512560710242,8376.805231388329,506.4111976044285,7853.0,8866.4,8866.399999999998,1.8189894035458565e-12,7853.0,0.0,28.300916610775765,20.99381364938844,33.12351229833377,19.24814859874626,0.13480885311871227,0.09702660406885759,0.09412027721886877,0.08607198748043818,0.08338922423429465,0.07534093449586407,0.07154035323049407,0.0632684998882182,0.05611446456516879,0.048513302034428794,0.0447127207690588,0.04426559356136821,0.03465235859602057,0.031746031746031744,0.016543706684551754,0.010731052984574111,0.007154035323049408,0.9124307042796047,0.02313033368597697,0.0,0.0,0.0,0.0,0.0,0.0,0.0,0.0,0.0,0.0,0.0,0.0,0.0,0.0,0.0,0.0,0.0,0.0,0.0,0.0,0.0,0.0,0.0,0.0,0.0,0.7444668008048292,8.269617706237426,15.325285043594906,5.399061032863851,0.261569416498994,4.329331046312179,2.9769752337245547,nan,nan,nan,4.29354614850798,2.9951186263368714,4.364314789687924,2.958712149467072,1.0164825621367868,0.3953,0.01215,0.0,0.0,0.0,0.0,0.0,0.0,0.0,0.0,0.0,0.0,0.24144869215291756,19.20858484238763,10.536552649228707,0.013413816230717643,0.0,0.0,0.0,0.0,0.0,0.0,0.0,0.0,0.0,0.0,0.0,0.0,0.0,0.0,0.0,0.0,nan,nan,4.329331046312179,2.9769752337245547,nan,0.3953,0.0597,0.0,0.0,0.0,0.0,0.0,0.0,0.0,0.0,0.0,0.0,0.0,0.0,0.0,0.0,0.0,0.0,1.11781801922647e-05,0.0,0.0,0.0014978761457634696,0.0,0.000816007154035323,2.23563603845294e-05,0.003867650346523586,0.0003018108651911469,0.004147104851330204,0.003129890453834116,0.0034428794992175274,0.02899619941873463,0.008327744243237201,0.009434384082271405,0.016163648558014755,0.049586407332886204,0.04723898949251062,0.02994634473507713,0.07373127654817796,0.035188911245249276,0.04804381846635368,0.06778448468589314,0.058841940532081374,0.06124524927341829,0.05739995528727923,0.09624413145539906,0.06766152470377823,0.041158059467918624,0.04061032863849765,0.019058797227811314,0.03175720992622401,0.034719427677174154,0.011435278336686788,0.005823831880169908,0.024636709143751396,0.008271853342275877,0.0008048289738430583,0.007679409792085848,0.0001341381623071764,0.0006930471719204113,0.0,0.0001453163424994411,0.0,0.0,0.0,0.0,0.0,0.0,0.0,0.0,0.0,0.0,0.0,0.0,0.0,0.0,0.0,0.0,0.0,0.0,0.0,0.0,0.0,0.0,0.0,0.0,0.0,0.0,0.0,0.0,0.0,0.0,0.0,0.0,0.0,0.0,0.0,0.0,0.0,0.0,0.0,0.0,0.0,0.0,nan,nan,4.329331046312179,2.9769752337245547,nan,0.9127021238568744,0.022951735054931213,0.0,0.0,0.0,0.0,0.0,0.0,0.0,0.0,0.0,0.0,0.0,0.0,0.0,0.0,0.0,0.0,0.0,0.0,0.0,0.0,0.0,0.0,0.0,0.0,0.0,0.7136678200692044,8.019031141868513,15.532006920415228,5.488754325259517,0.2465397923875433,0.9121403192436733,0.023316399303365848,0.0,0.0,0.0,0.0,0.0,0.0,0.0,0.0,0.0,0.0,0.0,0.0,0.0,0.0,0.0,0.0,0.0,0.0,0.0,0.0,0.0,0.0,0.0,0.0,0.0,0.7774178621008795,8.537714021286444,15.104118463674228,5.303100416473855,0.27764923646459977,0.3953,0.01212,0.0,0.0,0.0,0.0,0.0,0.0,0.0,0.0,0.0,0.0,0.2335640138408305,18.996539792387516,10.743944636678204,0.02595155709342561,0.0,0.0,0.0,0.0,0.0,0.0,0.0,0.0,0.0,0.0,0.0,0.0,0.0,0.0,0.0,0.0,0.395,0.01218,0.0,0.0,0.0,0.0,0.0,0.0,0.0,0.0,0.0,0.0,0.2498843128181398,19.435446552521952,10.314669134659882,0.0,0.0,0.0,0.0,0.0,0.0,0.0,0.0,0.0,0.0,0.0,0.0,0.0,0.0,0.0,0.0,0.0
50500,4505,2350,0.5216426193118757,1098,911,0.44594894561598225,1236,0.548723640399556,0.4060000000000001,2.9647331786542925,3.081666445976723,6.5141430948419305,2.244657100092294,8381.632630410655,506.2250978796581,7853.0,8866.4,8866.4,0.0,7853.0,0.0,28.42819089900111,21.1197369686257,33.17936632626342,19.425340212838673,0.13362930077691454,0.10011098779134295,0.09478357380688124,0.08346281908990011,0.0781354051054384,0.07258601553829079,0.07458379578246394,0.06503884572697004,0.0634850166481687,0.046392896781354054,0.047502774694783576,0.04039955604883463,0.03240843507214206,0.02597114317425083,0.019311875693673698,0.013096559378468368,0.009100998890122086,0.9131985595435335,0.022528759641681675,0.0,0.0,0.0,0.0,0.0,0.0,0.0,0.0,0.0,0.0,0.0,0.0,0.0,0.0,0.0,0.0,0.0,0.0,0.0,0.0,0.0,0.0,0.0,0.0,0.013318534961154276,0.5926748057713652,7.718091009988902,16.095449500554942,5.314095449500556,0.26637069922308554,4.191423670668954,2.8379434483519,nan,nan,nan,4.196527777777778,2.8312961596542388,4.183853459972863,2.843638394096935,0.9969798084330503,0.396,0.01156,0.0,0.0,0.0,0.0,0.0,0.0,0.0,0.0,0.0,0.0,0.11320754716981135,18.94561598224193,10.941176470588239,0.0,0.0,0.0,0.0,0.0,0.0,0.0,0.0,0.0,0.0,0.0,0.0,0.0,0.0,0.0,0.0,0.0,nan,nan,4.191423670668954,2.8379434483519,nan,0.396,0.0597,0.0,0.0,0.0,0.0,0.0,0.0,0.0,0.0,0.0,0.0,0.0,0.0,0.0,0.0,0.0,0.0,0.0,0.0,0.0,0.0010099889012208658,2.2197558268590455e-05,0.0005993340732519423,1.1098779134295228e-05,0.004073251942286349,0.00015538290788013318,0.004528301886792453,0.0028856825749167593,0.0029744728079911208,0.027425083240843508,0.009389567147613763,0.010199778024417313,0.015593784683684794,0.04607103218645949,0.049578246392896784,0.029711431742508326,0.07148723640399555,0.034872364039955604,0.04887902330743618,0.06701442841287458,0.06113207547169811,0.06168701442841287,0.05663706992230855,0.0934850166481687,0.06984461709211987,0.04109877913429523,0.041009988901220866,0.019034406215316314,0.030432852386237514,0.03588235294117647,0.012097669256381798,0.005205327413984461,0.027447280799112097,0.009367369589345172,0.0008546059933407325,0.007314095449500555,0.00026637069922308545,0.0006548279689234185,0.0,6.659267480577136e-05,0.0,0.0,0.0,0.0,0.0,0.0,0.0,0.0,0.0,0.0,0.0,0.0,0.0,0.0,0.0,0.0,0.0,0.0,0.0,0.0,0.0,0.0,0.0,0.0,0.0,0.0,0.0,0.0,0.0,0.0,0.0,0.0,0.0,0.0,0.0,0.0,0.0,0.0,0.0,0.0,0.0,0.0,nan,nan,4.191423670668954,2.8379434483519,nan,0.9127544261546845,0.022158692998828288,0.0,0.0,0.0,0.0,0.0,0.0,0.0,0.0,0.0,0.0,0.0,0.0,0.0,0.0,0.0,0.0,0.0,0.0,0.0,0.0,0.0,0.0,0.0,0.0,0.012765957446808513,0.5872340425531916,7.838297872340427,16.187234042553193,5.131914893617022,0.24255319148936175,0.9136828813364777,0.022915695348975744,0.0,0.0,0.0,0.0,0.0,0.0,0.0,0.0,0.0,0.0,0.0,0.0,0.0,0.0,0.0,0.0,0.0,0.0,0.0,0.0,0.0,0.0,0.0,0.0,0.01392111368909513,0.5986078886310906,7.587006960556846,15.995359628770306,5.512761020881672,0.29234338747099775,0.3962,0.01129,0.0,0.0,0.0,0.0,0.0,0.0,0.0,0.0,0.0,0.0,0.08936170212765959,18.995744680851036,10.91489361702128,0.0,0.0,0.0,0.0,0.0,0.0,0.0,0.0,0.0,0.0,0.0,0.0,0.0,0.0,0.0,0.0,0.0,0.3958,0.01184,0.0,0.0,0.0,0.0,0.0,0.0,0.0,0.0,0.0,0.0,0.1392111368909513,18.89095127610206,10.969837587006962,0.0,0.0,0.0,0.0,0.0,0.0,0.0,0.0,0.0,0.0,0.0,0.0,0.0,0.0,0.0,0.0,0.0
50600,4459,2300,0.5158107198923525,1071,901,0.4422516259250953,1231,0.5521417358152052,0.4220000000000001,3.0717924965261694,3.2168696260977176,6.756137479541735,2.2490821857631285,8375.72258353891,506.4466080612432,7853.0,8866.4,8866.399999999998,1.8189894035458565e-12,7853.0,0.0,27.894819466248038,20.931276556062066,32.86253008825889,19.210154751879664,0.13859609777977125,0.10607759587351424,0.09060327427674367,0.08499663601704419,0.08432383942588025,0.07445615608880915,0.06436420722135008,0.06638259699484189,0.0576362413097107,0.050011213276519396,0.046871495851087686,0.03902220228750841,0.03453689167974882,0.025566270464229646,0.018838304552590265,0.011437542049786947,0.006279434850863423,0.9139610030747871,0.022849622084200216,0.0,0.0,0.0,0.0,0.0,0.0,0.0,0.0,0.0,0.0,0.0,0.0,0.0,0.0,0.0,0.0,0.0,0.0,0.0,0.0,0.0,0.0,0.0,0.0,0.0,0.5247813411078718,7.656425207445618,15.777080062794353,5.752410854451672,0.28930253420049346,4.385394828791055,3.029664050205588,nan,nan,nan,4.399718508092892,3.014970842619552,4.370833333333334,3.0450295337009643,0.9934347675410536,0.396,0.011734,0.0,0.0,0.0,0.0,0.0,0.0,0.0,0.0,0.0,0.0,0.12783135232114826,18.912312177618276,10.939672572325636,0.020183897734918146,0.0,0.0,0.0,0.0,0.0,0.0,0.0,0.0,0.0,0.0,0.0,0.0,0.0,0.0,0.0,0.0,nan,nan,4.385394828791055,3.029664050205588,nan,0.396,0.06,0.0,0.0,0.0,0.0,0.0,0.0,0.0,0.0,0.0,0.0,0.0,0.0,0.0,0.0,0.0,0.0,0.0,0.0,1.1213276519398968e-05,0.0010204081632653062,3.36398295581969e-05,0.0005158107198923526,0.0,0.004384391119084997,0.00017941242431038348,0.004765642520744562,0.0030836510428347164,0.0033527696793002916,0.02684458398744113,0.00987889661359049,0.01172908723929132,0.014980937429917022,0.0456828885400314,0.05119982058757569,0.027786499215070645,0.06942139493159902,0.03497420946400538,0.04609777977124916,0.06684234133213725,0.06142632877326755,0.06454361964566047,0.05514689392240413,0.09361964566046199,0.06970172684458399,0.04396725723256335,0.03948194662480377,0.017145099798161024,0.032137250504597446,0.035916124691634896,0.012413097106974658,0.005393586005830904,0.027461314196008075,0.01001345593182328,0.0008634222919937205,0.006929804888988563,0.0004148912312177618,0.0006279434850863422,0.0,0.0,1.1213276519398968e-05,0.0,0.0,0.0,0.0,0.0,0.0,0.0,0.0,0.0,0.0,0.0,0.0,0.0,0.0,0.0,0.0,0.0,0.0,0.0,0.0,0.0,0.0,0.0,0.0,0.0,0.0,0.0,0.0,0.0,0.0,0.0,0.0,0.0,0.0,0.0,0.0,0.0,0.0,0.0,0.0,0.0,nan,nan,4.385394828791055,3.029664050205588,nan,0.9137855416795482,0.02272449934323631,0.0,0.0,0.0,0.0,0.0,0.0,0.0,0.0,0.0,0.0,0.0,0.0,0.0,0.0,0.0,0.0,0.0,0.0,0.0,0.0,0.0,0.0,0.0,0.0,0.0,0.5347826086956523,7.7086956521739145,15.69130434782609,5.804347826086958,0.26086956521739135,0.914147923505102,0.022980693234732848,0.0,0.0,0.0,0.0,0.0,0.0,0.0,0.0,0.0,0.0,0.0,0.0,0.0,0.0,0.0,0.0,0.0,0.0,0.0,0.0,0.0,0.0,0.0,0.0,0.0,0.5141269106067625,7.600741083835111,15.868457619268183,5.6970819823992604,0.3195924038906902,0.396,0.011696,0.0,0.0,0.0,0.0,0.0,0.0,0.0,0.0,0.0,0.0,0.11739130434782612,19.108695652173886,10.734782608695655,0.0391304347826087,0.0,0.0,0.0,0.0,0.0,0.0,0.0,0.0,0.0,0.0,0.0,0.0,0.0,0.0,0.0,0.0,0.396,0.01177,0.0,0.0,0.0,0.0,0.0,0.0,0.0,0.0,0.0,0.0,0.13895321908290878,18.70310328855949,11.157943492357575,0.0,0.0,0.0,0.0,0.0,0.0,0.0,0.0,0.0,0.0,0.0,0.0,0.0,0.0,0.0,0.0,0.0
50700,4633,2372,0.5119792790848262,1118,949,0.4461472048348802,1321,0.570256853011008,0.4020000000000001,3.0437859354268024,3.099461738120629,6.594761171032357,2.085396500408505,8371.839801424563,506.55455305561316,7853.0,8866.4,8866.4,0.0,7853.0,0.0,28.22490826678178,20.838403907167002,32.901806156194354,19.15340006251613,0.13144830563349882,0.10360457586876753,0.09605007554500324,0.07986186056550831,0.08094107489747464,0.075545003237643,0.06971724584502483,0.06496870278437297,0.06237858838765379,0.05201813080077704,0.048996330671271314,0.04014677314914742,0.03345564429095618,0.02460608676883229,0.01705158644506799,0.01208720051802288,0.007122814590977768,0.9144676849390759,0.022754286063227477,0.0,0.0,0.0,0.0,0.0,0.0,0.0,0.0,0.0,0.0,0.0,0.0,0.0,0.0,0.0,0.0,0.0,0.0,0.0,0.0,0.0,0.0,0.0,0.0,0.006475285991797973,0.5244981653356358,7.239369738830133,15.90330239585582,6.041441830347509,0.28491258363911076,4.396321070234114,2.864227500479995,nan,nan,nan,4.409485637942551,2.857794753126287,4.383121232417951,2.8706023945985106,0.994020979386407,0.396,0.01152,0.0,0.0,0.0,0.0,0.0,0.0,0.0,0.0,0.0,0.0,0.12950571983595946,18.920785668033645,10.917332182171382,0.032376429958989865,0.0,0.0,0.0,0.0,0.0,0.0,0.0,0.0,0.0,0.0,0.0,0.0,0.0,0.0,0.0,0.0,nan,nan,4.396321070234114,2.864227500479995,nan,0.396,0.0601,0.0,0.0,0.0,0.0,0.0,0.0,0.0,0.0,0.0,0.0,0.0,0.0,0.0,0.0,0.0,0.0,0.0,1.0792143319663286e-05,0.0,0.00151090006475286,0.0,0.00025901143967191884,0.0,0.00440319447442262,0.00020505072307360243,0.004252104467947334,0.002805957263112454,0.0029678394129074035,0.027368875458666092,0.009971940427368875,0.012918195553636953,0.01399740988560328,0.04749622274983812,0.051467731491474204,0.026527088279732356,0.06739693503129722,0.03739477660263328,0.04802503777250162,0.06285344269371897,0.06305849341679258,0.06520612993740557,0.05738182603064969,0.09137707748758904,0.0690481329592057,0.04149579106410533,0.03906755881718109,0.017817828620764083,0.031685732786531404,0.037966760198575436,0.011849773364990287,0.006442909561838981,0.026915605439240233,0.00959421541118066,0.0013166414849989207,0.006960932441182819,0.0004316857327865314,0.0005396071659831643,1.0792143319663286e-05,0.0,0.0,0.0,0.0,0.0,0.0,0.0,0.0,0.0,0.0,0.0,0.0,0.0,0.0,0.0,0.0,0.0,0.0,0.0,0.0,0.0,0.0,0.0,0.0,0.0,0.0,0.0,0.0,0.0,0.0,0.0,0.0,0.0,0.0,0.0,0.0,0.0,0.0,0.0,0.0,0.0,0.0,0.0,nan,nan,4.396321070234114,2.864227500479995,nan,0.9140047050045071,0.022814429719445365,0.0,0.0,0.0,0.0,0.0,0.0,0.0,0.0,0.0,0.0,0.0,0.0,0.0,0.0,0.0,0.0,0.0,0.0,0.0,0.0,0.0,0.0,0.0,0.0,0.01264755480607083,0.5438448566610457,7.436762225969647,15.86003372681282,5.8558178752107946,0.29089376053962906,0.9149533940964386,0.02268086262773789,0.0,0.0,0.0,0.0,0.0,0.0,0.0,0.0,0.0,0.0,0.0,0.0,0.0,0.0,0.0,0.0,0.0,0.0,0.0,0.0,0.0,0.0,0.0,0.0,0.0,0.504201680672269,7.032286598850068,15.94869526758072,6.236178681999117,0.27863777089783287,0.396,0.01141,0.0,0.0,0.0,0.0,0.0,0.0,0.0,0.0,0.0,0.0,0.13912310286677912,19.021922428330495,10.801011804384489,0.037942664418212486,0.0,0.0,0.0,0.0,0.0,0.0,0.0,0.0,0.0,0.0,0.0,0.0,0.0,0.0,0.0,0.0,0.396,0.011635,0.0,0.0,0.0,0.0,0.0,0.0,0.0,0.0,0.0,0.0,0.11941618752764266,18.814683768244112,11.039363113666523,0.02653693056169837,0.0,0.0,0.0,0.0,0.0,0.0,0.0,0.0,0.0,0.0,0.0,0.0,0.0,0.0,0.0,0.0
50800,4673,2414,0.516584635138027,1143,973,0.452814038091162,1322,0.5658035523218489,0.4100000000000001,2.923417441345728,3.0044788182260525,6.322884012539185,2.140622874450832,8376.506869248877,506.421187497177,7853.0,8866.4,8866.399999999998,1.8189894035458565e-12,7853.0,0.0,28.308581211213355,21.096656418141944,33.28455077627895,19.319301134956213,0.14016691632784078,0.0992938155360582,0.08688208859405093,0.08517012625722234,0.08046222983094371,0.07832227690990798,0.07126043227049005,0.06248662529424353,0.05906270062058635,0.05307083244168628,0.0423710678365076,0.040017119623368284,0.03402525144446822,0.028033383265568156,0.018617590413010913,0.013481703402525145,0.007275839931521507,0.9135578521665862,0.022705170292466246,0.0,0.0,0.0,0.0,0.0,0.0,0.0,0.0,0.0,0.0,0.0,0.0,0.0,0.0,0.0,0.0,0.0,0.0,0.0,0.0,0.0,0.0,0.0,0.0,0.0,0.6419858763107212,7.64605178686069,15.998288037663174,5.450460089878025,0.26321420928739575,4.14431295200526,2.8099830611765575,nan,nan,nan,4.212696335078534,2.8110051223432464,4.075297225891678,2.807262721398551,0.9673845209200689,0.3965,0.011536,0.0,0.0,0.0,0.0,0.0,0.0,0.0,0.0,0.0,0.0,0.179756045367002,18.636849989300206,11.170554247806551,0.012839717526214427,0.0,0.0,0.0,0.0,0.0,0.0,0.0,0.0,0.0,0.0,0.0,0.0,0.0,0.0,0.0,0.0,nan,nan,4.14431295200526,2.8099830611765575,nan,0.3965,0.06046,0.0,0.0,0.0,0.0,0.0,0.0,0.0,0.0,0.0,0.0,0.0,0.0,0.0,0.0,0.0,0.0,0.0,0.0,0.0,0.0014444682216991226,1.0699764605178687e-05,0.0002888936443398245,0.0,0.004889792424566659,0.00021399529210357372,0.0037663171410228973,0.003006633854055211,0.0025679435052428845,0.02785148726728012,0.00969398673229189,0.013032313289107639,0.01474427562593623,0.04878022683500963,0.05024609458591911,0.024224267066124544,0.06748341536486198,0.037031885298523436,0.04874812754119409,0.062315429060560666,0.06362080034239247,0.06377059704686497,0.055735073828375774,0.09233896854269207,0.06904558099721807,0.03993152150652686,0.03764177188101862,0.019441472287609673,0.03252728439974321,0.04022041515086668,0.012058634710036379,0.0065910549967900705,0.028525572437406378,0.009137598972822599,0.0010164776374919752,0.006772950995078108,0.0005028889364433982,0.0007061844639417933,7.48983522362508e-05,0.0,0.0,0.0,0.0,0.0,0.0,0.0,0.0,0.0,0.0,0.0,0.0,0.0,0.0,0.0,0.0,0.0,0.0,0.0,0.0,0.0,0.0,0.0,0.0,0.0,0.0,0.0,0.0,0.0,0.0,0.0,0.0,0.0,0.0,0.0,0.0,0.0,0.0,0.0,0.0,0.0,0.0,0.0,nan,nan,4.14431295200526,2.8099830611765575,nan,0.9141074885439063,0.022657267152069508,0.0,0.0,0.0,0.0,0.0,0.0,0.0,0.0,0.0,0.0,0.0,0.0,0.0,0.0,0.0,0.0,0.0,0.0,0.0,0.0,0.0,0.0,0.0,0.0,0.0,0.6213753106876554,7.369511184755594,16.093620546810275,5.642087821043912,0.2734051367025684,0.9129705028018892,0.022741571026326225,0.0,0.0,0.0,0.0,0.0,0.0,0.0,0.0,0.0,0.0,0.0,0.0,0.0,0.0,0.0,0.0,0.0,0.0,0.0,0.0,0.0,0.0,0.0,0.0,0.0,0.6640106241699868,7.941567065073043,15.896414342629486,5.245683930942896,0.252324037184595,0.3965,0.01155,0.0,0.0,0.0,0.0,0.0,0.0,0.0,0.0,0.0,0.0,0.19884009942004977,18.7033968516984,11.097763048881527,0.0,0.0,0.0,0.0,0.0,0.0,0.0,0.0,0.0,0.0,0.0,0.0,0.0,0.0,0.0,0.0,0.0,0.3962,0.01153,0.0,0.0,0.0,0.0,0.0,0.0,0.0,0.0,0.0,0.0,0.15936254980079684,18.5657370517928,11.248339973439577,0.026560424966799476,0.0,0.0,0.0,0.0,0.0,0.0,0.0,0.0,0.0,0.0,0.0,0.0,0.0,0.0,0.0,0.0
50900,4879,2522,0.5169092027054725,1231,970,0.4511170321787252,1352,0.5542119286739086,0.4020000000000001,2.965634280865507,3.0836324843565173,6.44206008583691,2.205599400938379,8376.835786021726,506.41016462687384,7853.0,8866.4,8866.4,0.0,7853.0,0.0,28.29268292682927,20.748002710496916,33.0884419675309,18.950771665352992,0.13547858167657306,0.08833777413404387,0.10063537610166018,0.08813281410125026,0.07686001229760196,0.0784996925599508,0.06886657101865136,0.06517729042836647,0.05697888911662226,0.054519368723098996,0.046935847509735604,0.04406640705062513,0.03648288583726173,0.023570403771264604,0.021520803443328552,0.008813281410125025,0.005124000819840131,0.9135286851138408,0.022906216970931863,0.0,0.0,0.0,0.0,0.0,0.0,0.0,0.0,0.0,0.0,0.0,0.0,0.0,0.0,0.0,0.0,0.0,0.0,0.0,0.0,0.0,0.0,0.0,0.0,0.0061488009838081585,0.5718384914941588,7.667554826808773,15.685591309694612,5.835212133633943,0.23365443738471003,4.228445563247325,2.91931290360656,nan,nan,nan,4.203125,2.909787833223412,4.2536461636017755,2.929583817007909,1.0120199050948462,0.3965,0.01185,0.0,0.0,0.0,0.0,0.0,0.0,0.0,0.0,0.0,0.0,0.15372002459520395,18.341873334699706,11.467513834802217,0.03689280590284895,0.0,0.0,0.0,0.0,0.0,0.0,0.0,0.0,0.0,0.0,0.0,0.0,0.0,0.0,0.0,0.0,nan,nan,4.228445563247325,2.91931290360656,nan,0.3965,0.0603,0.0,0.0,0.0,0.0,0.0,0.0,0.0,0.0,0.0,0.0,0.0,0.0,0.0,0.0,0.0,0.0,0.0,0.0,4.099200655872105e-05,0.0015064562410329987,0.0,0.00017421602787456446,0.0,0.004878048780487805,0.00013322402131584342,0.0030641524902643986,0.0028182004509120723,0.0016499282639885222,0.028253740520598484,0.01093461774953884,0.012779258044681286,0.013424882147981144,0.04802213568354171,0.051772904283664684,0.02493338798934208,0.06636605861856938,0.03642139782742365,0.05148596023775364,0.062225865956138555,0.059817585570813694,0.06460340233654438,0.05701988112318098,0.09152490264398443,0.06984013117442099,0.0398749743799959,0.04100225456036073,0.01948145111703218,0.03236318917811027,0.03983398237343718,0.011529001844640296,0.005574912891986063,0.028222996515679444,0.007942201270752203,0.001291248206599713,0.008095921295347407,0.0005636400901824144,0.0004509120721459315,7.173601147776183e-05,0.0,0.0,1.0248001639680263e-05,0.0,0.0,0.0,0.0,0.0,0.0,0.0,0.0,0.0,0.0,0.0,0.0,0.0,0.0,0.0,0.0,0.0,0.0,0.0,0.0,0.0,0.0,0.0,0.0,0.0,0.0,0.0,0.0,0.0,0.0,0.0,0.0,0.0,0.0,0.0,0.0,0.0,0.0,0.0,0.0,nan,nan,4.228445563247325,2.91931290360656,nan,0.9134699781200036,0.022890785527085573,0.0,0.0,0.0,0.0,0.0,0.0,0.0,0.0,0.0,0.0,0.0,0.0,0.0,0.0,0.0,0.0,0.0,0.0,0.0,0.0,0.0,0.0,0.0,0.0,0.011895321173671692,0.5352894528152261,7.684377478191912,15.67803330689929,5.793021411578114,0.2973830293417923,0.9135915018463215,0.022922550666053844,0.0,0.0,0.0,0.0,0.0,0.0,0.0,0.0,0.0,0.0,0.0,0.0,0.0,0.0,0.0,0.0,0.0,0.0,0.0,0.0,0.0,0.0,0.0,0.0,0.0,0.6109461179465423,7.649554518455665,15.693678404751806,5.88035638523547,0.1654645736105219,0.3965,0.01198,0.0,0.0,0.0,0.0,0.0,0.0,0.0,0.0,0.0,0.0,0.17842981760507537,18.21173671689133,11.586042823156228,0.023790642347343384,0.0,0.0,0.0,0.0,0.0,0.0,0.0,0.0,0.0,0.0,0.0,0.0,0.0,0.0,0.0,0.0,0.3965,0.01171,0.0,0.0,0.0,0.0,0.0,0.0,0.0,0.0,0.0,0.0,0.12728044123886298,18.481120067882873,11.340687314382693,0.0509121764955452,0.0,0.0,0.0,0.0,0.0,0.0,0.0,0.0,0.0,0.0,0.0,0.0,0.0,0.0,0.0,0.0
51000,4790,2473,0.5162839248434238,1185,990,0.45407098121085593,1373,0.5732776617954071,0.4100000000000001,3.079844626672421,3.132536918536304,6.553440702781844,2.187679936744552,8376.202129436324,506.4312092713744,7853.0,8866.4,8866.399999999998,1.8189894035458565e-12,7853.0,0.0,28.57098121085595,21.01791345718201,33.37268917919645,19.24335605528335,0.13173277661795407,0.09937369519832985,0.09248434237995824,0.08100208768267224,0.07578288100208769,0.07807933194154489,0.08037578288100208,0.05970772442588727,0.061377870563674324,0.05511482254697286,0.04551148225469728,0.037995824634655534,0.031732776617954074,0.027766179540709812,0.022338204592901877,0.012526096033402923,0.007098121085594989,0.9128790487327257,0.022972264061860075,0.0,0.0,0.0,0.0,0.0,0.0,0.0,0.0,0.0,0.0,0.0,0.0,0.0,0.0,0.0,0.0,0.0,0.0,0.0,0.0,0.0,0.0,0.0,0.0,0.0062630480167014625,0.6012526096033404,7.860125260960335,15.901878914405014,5.379958246346557,0.2505219206680585,4.316290885995554,2.9018546361740887,nan,nan,nan,4.312972292191436,2.91260752612627,4.319666880204997,2.8908708089103863,1.0015521982428872,0.3958,0.011604,0.0,0.0,0.0,0.0,0.0,0.0,0.0,0.0,0.0,0.0,0.14405010438413363,19.108559498956133,10.734864300626308,0.012526096033402925,0.0,0.0,0.0,0.0,0.0,0.0,0.0,0.0,0.0,0.0,0.0,0.0,0.0,0.0,0.0,0.0,nan,nan,4.316290885995554,2.9018546361740887,nan,0.3958,0.0602,0.0,0.0,0.0,0.0,0.0,0.0,0.0,0.0,0.0,0.0,0.0,0.0,0.0,0.0,0.0,0.0,0.0,2.0876826722338206e-05,1.0438413361169103e-05,0.0012004175365344467,0.0,0.00026096033402922753,2.0876826722338206e-05,0.004384133611691023,9.394572025052193e-05,0.003173277661795407,0.0030167014613778705,0.001544885177453027,0.02755741127348643,0.01163883089770355,0.014478079331941545,0.01325678496868476,0.04828810020876827,0.053079331941544884,0.025887265135699375,0.06964509394572026,0.03758872651356994,0.05098121085594989,0.06364300626304802,0.05647181628392484,0.06780793319415448,0.053903966597077246,0.0919937369519833,0.0662526096033403,0.040866388308977035,0.0395615866388309,0.01989561586638831,0.030375782881002088,0.03917536534446764,0.011492693110647182,0.005511482254697286,0.029133611691022965,0.006993736951983298,0.0013987473903966598,0.0081419624217119,0.0008037578288100208,0.00031315240083507306,0.00013569937369519832,0.0,0.0,0.0,0.0,0.0,0.0,0.0,0.0,0.0,0.0,0.0,0.0,0.0,0.0,0.0,0.0,0.0,0.0,0.0,0.0,0.0,0.0,0.0,0.0,0.0,0.0,0.0,0.0,0.0,0.0,0.0,0.0,0.0,0.0,0.0,0.0,0.0,0.0,0.0,0.0,0.0,0.0,0.0,nan,nan,4.316290885995554,2.9018546361740887,nan,0.9126274591990439,0.022915984029591087,0.0,0.0,0.0,0.0,0.0,0.0,0.0,0.0,0.0,0.0,0.0,0.0,0.0,0.0,0.0,0.0,0.0,0.0,0.0,0.0,0.0,0.0,0.0,0.0,0.0,0.5701577031945007,8.03073190456935,16.097856854023455,5.0101091791346555,0.2911443590780429,0.9131475773977215,0.023029149429946775,0.0,0.0,0.0,0.0,0.0,0.0,0.0,0.0,0.0,0.0,0.0,0.0,0.0,0.0,0.0,0.0,0.0,0.0,0.0,0.0,0.0,0.0,0.0,0.0,0.012947777298230474,0.6344410876132931,7.678031937850671,15.692706085455333,5.774708675010792,0.20716443677168758,0.3955,0.01178,0.0,0.0,0.0,0.0,0.0,0.0,0.0,0.0,0.0,0.0,0.13344116457743632,19.20339668418922,10.638900121310153,0.024262029923170246,0.0,0.0,0.0,0.0,0.0,0.0,0.0,0.0,0.0,0.0,0.0,0.0,0.0,0.0,0.0,0.0,0.396,0.01142,0.0,0.0,0.0,0.0,0.0,0.0,0.0,0.0,0.0,0.0,0.15537332757876568,19.0073370738023,10.837289598618908,0.0,0.0,0.0,0.0,0.0,0.0,0.0,0.0,0.0,0.0,0.0,0.0,0.0,0.0,0.0,0.0,0.0
51100,4913,2544,0.5178098921229392,1229,1005,0.45471198860166906,1419,0.5776511296560146,0.35400000000000004,2.876319121992402,2.9756831781700384,6.230876216968011,2.0890051095394506,8377.748544677384,506.37845534247225,7853.0,8866.4,8866.399999999998,1.8189894035458565e-12,7853.0,0.0,28.908609810706288,20.92167926097049,33.5715651135006,19.14596398661982,0.12863830653368613,0.09098310604518624,0.09139018929371057,0.08711581518420516,0.08711581518420516,0.07307144311011601,0.06615102788520252,0.06452269489110524,0.06452269489110524,0.054752696926521474,0.04640749033177285,0.042540199470791774,0.03663749236718909,0.03134541013637289,0.018725829432118868,0.009566456340321597,0.006513331976389172,0.9126792712413486,0.0224541507649277,0.0,0.0,0.0,0.0,0.0,0.0,0.0,0.0,0.0,0.0,0.0,0.0,0.0,0.0,0.0,0.0,0.0,0.0,0.0,0.0,0.0,0.0,0.0,0.0,0.0122124974557297,0.5739873804192959,7.901485853857115,16.169346631386123,5.062080195399961,0.2808874414817831,4.049371358478994,2.8028904349502763,nan,nan,nan,4.074954296160877,2.7753354153371714,4.020382952439777,2.8284628688521414,0.9866081090105691,0.3962,0.011795,0.0,0.0,0.0,0.0,0.0,0.0,0.0,0.0,0.0,0.0,0.1465499694687564,18.795033584367978,11.021778953796055,0.0366374923671891,0.0,0.0,0.0,0.0,0.0,0.0,0.0,0.0,0.0,0.0,0.0,0.0,0.0,0.0,0.0,0.0,nan,nan,4.049371358478994,2.8028904349502763,nan,0.3962,0.06006,0.0,0.0,0.0,0.0,0.0,0.0,0.0,0.0,0.0,0.0,0.0,0.0,0.0,0.0,0.0,0.0,0.0,0.0,4.0708324852432325e-05,0.001139833095868105,7.123956849175656e-05,0.00028495827396702623,0.0,0.004060655404030124,0.00012212497455729696,0.003439853450030531,0.002554447384490128,0.0014146142886220232,0.025493588438835743,0.011337268471402403,0.014085080398941583,0.013403215957663342,0.04907388560960717,0.0552920822308162,0.026887848565031548,0.0678811316914309,0.03668837777325463,0.04992876043150824,0.0639629554243843,0.05614695705271728,0.07036433950742926,0.05341949928760432,0.09463667820069205,0.06491960105841645,0.041807449623448,0.03849989822918787,0.019153266843069408,0.029554243842865865,0.03933441888866273,0.01054345613677997,0.006716873600651333,0.029778139629554244,0.006492977813962956,0.0009769997964583757,0.0094443313657643,0.0006106248727864848,0.00035619784245878285,8.141664970486465e-05,0.0,0.0,0.0,0.0,0.0,0.0,0.0,0.0,0.0,0.0,0.0,0.0,0.0,0.0,0.0,0.0,0.0,0.0,0.0,0.0,0.0,0.0,0.0,0.0,0.0,0.0,0.0,0.0,0.0,0.0,0.0,0.0,0.0,0.0,0.0,0.0,0.0,0.0,0.0,0.0,0.0,0.0,0.0,nan,nan,4.049371358478994,2.8028904349502763,nan,0.9124311390537886,0.022896201592987553,0.0,0.0,0.0,0.0,0.0,0.0,0.0,0.0,0.0,0.0,0.0,0.0,0.0,0.0,0.0,0.0,0.0,0.0,0.0,0.0,0.0,0.0,0.0,0.0,0.023584905660377364,0.6485849056603775,8.018867924528303,15.884433962264154,5.129716981132077,0.294811320754717,0.9129457331599441,0.021966422230047397,0.0,0.0,0.0,0.0,0.0,0.0,0.0,0.0,0.0,0.0,0.0,0.0,0.0,0.0,0.0,0.0,0.0,0.0,0.0,0.0,0.0,0.0,0.0,0.0,0.0,0.4938792739552555,7.775432672013509,16.47530603630224,4.9894470240607856,0.2659349936682145,0.396,0.01171,0.0,0.0,0.0,0.0,0.0,0.0,0.0,0.0,0.0,0.0,0.1297169811320755,19.162735849056574,10.672169811320758,0.035377358490566044,0.0,0.0,0.0,0.0,0.0,0.0,0.0,0.0,0.0,0.0,0.0,0.0,0.0,0.0,0.0,0.0,0.3962,0.01188,0.0,0.0,0.0,0.0,0.0,0.0,0.0,0.0,0.0,0.0,0.16462642465175184,18.400168847615,11.39721401435205,0.0379907133811735,0.0,0.0,0.0,0.0,0.0,0.0,0.0,0.0,0.0,0.0,0.0,0.0,0.0,0.0,0.0,0.0
51200,4491,2324,0.5174794032509463,1079,923,0.4457804497884658,1263,0.5624582498329993,0.4100000000000001,2.91047531149054,3.077722041188772,6.525252525252525,2.205793264594392,8377.413627254507,506.3902817091656,7853.0,8866.4,8866.4,0.0,7853.0,0.0,27.916722333556002,20.79029143140816,32.90066401062417,19.008230888869203,0.1393898908928969,0.10220440881763528,0.0895123580494322,0.08773101759073702,0.08149632598530394,0.07214428857715431,0.06635493208639501,0.06880427521710086,0.05856156757960365,0.056557559563571586,0.04676018704074816,0.037630817189935425,0.03206412825651302,0.026052104208416832,0.01781340458695168,0.009352037408149633,0.007570696949454465,0.9128719076656918,0.02261901851968963,0.0,0.0,0.0,0.0,0.0,0.0,0.0,0.0,0.0,0.0,0.0,0.0,0.0,0.0,0.0,0.0,0.0,0.0,0.0,0.0,0.0,0.0,0.0,0.0,0.006680026720106882,0.5744822979291918,8.036072144288578,15.791583166332668,5.3640614562458255,0.22712090848363398,4.249050086355786,2.8927540282501862,nan,nan,nan,4.243375174337517,2.875625220254088,4.2534246575342465,2.910094956403041,1.0023682759086459,0.3962,0.01174,0.0,0.0,0.0,0.0,0.0,0.0,0.0,0.0,0.0,0.0,0.12024048096192387,18.764195056780203,11.095524382097532,0.020040080160320644,0.0,0.0,0.0,0.0,0.0,0.0,0.0,0.0,0.0,0.0,0.0,0.0,0.0,0.0,0.0,0.0,nan,nan,4.249050086355786,2.8927540282501862,nan,0.3962,0.06024,0.0,0.0,0.0,0.0,0.0,0.0,0.0,0.0,0.0,0.0,0.0,0.0,0.0,0.0,0.0,0.0,0.0,0.0,0.0,0.0009240703629481184,4.45335114673792e-05,0.0002894678245379648,0.0,0.003841015364061456,0.00011133377866844801,0.0036072144288577155,0.002460476508572701,0.0011467379202850145,0.024493431307058562,0.011979514584725006,0.01623246492985972,0.013293253173012692,0.047639723892228904,0.05734802939211757,0.02599643731908261,0.0681919394344244,0.039367624137163215,0.046314851926074374,0.06491872634157203,0.05676909374304164,0.07211088844355378,0.048185259407704295,0.09661545312847918,0.06487419283010465,0.04031396125584502,0.03717434869739479,0.020953017145401914,0.028768648407926964,0.038977955911823646,0.010142507236695613,0.007581830327321309,0.029837452683144066,0.007314629258517034,0.0007459363170786017,0.010120240480961924,0.0006234691605433089,0.00047873524827432643,0.0002004008016032064,1.11333778668448e-05,0.0,0.0,0.0,0.0,0.0,0.0,0.0,0.0,0.0,0.0,0.0,0.0,0.0,0.0,0.0,0.0,0.0,0.0,0.0,0.0,0.0,0.0,0.0,0.0,0.0,0.0,0.0,0.0,0.0,0.0,0.0,0.0,0.0,0.0,0.0,0.0,0.0,0.0,0.0,0.0,0.0,0.0,nan,nan,4.249050086355786,2.8927540282501862,nan,0.9129468104874205,0.022751182294478058,0.0,0.0,0.0,0.0,0.0,0.0,0.0,0.0,0.0,0.0,0.0,0.0,0.0,0.0,0.0,0.0,0.0,0.0,0.0,0.0,0.0,0.0,0.0,0.0,0.012908777969018936,0.593803786574871,7.938898450946645,16.00688468158348,5.228055077452669,0.2194492254733219,0.9127915781051484,0.022476138413273738,0.0,0.0,0.0,0.0,0.0,0.0,0.0,0.0,0.0,0.0,0.0,0.0,0.0,0.0,0.0,0.0,0.0,0.0,0.0,0.0,0.0,0.0,0.0,0.0,0.0,0.5537609598523305,8.140286109829258,15.560682971850488,5.509921550530688,0.2353484079372405,0.3958,0.01162,0.0,0.0,0.0,0.0,0.0,0.0,0.0,0.0,0.0,0.0,0.12908777969018936,19.25989672977622,10.598106712564547,0.012908777969018936,0.0,0.0,0.0,0.0,0.0,0.0,0.0,0.0,0.0,0.0,0.0,0.0,0.0,0.0,0.0,0.0,0.3967,0.01184,0.0,0.0,0.0,0.0,0.0,0.0,0.0,0.0,0.0,0.0,0.11075219197046611,18.232579603137953,11.628980156898942,0.027688047992616528,0.0,0.0,0.0,0.0,0.0,0.0,0.0,0.0,0.0,0.0,0.0,0.0,0.0,0.0,0.0,0.0
51300,4753,2429,0.5110456553755522,1108,984,0.44014306753629284,1360,0.5722701451714707,0.3980000000000001,2.9879518072289155,3.12226904081856,6.676970633693972,2.122044034595792,8370.893667157583,506.5763435214529,7853.0,8866.4,8866.4,0.0,7853.0,0.0,28.161792552072374,21.184662832041262,33.06773306673332,19.503924228719946,0.13591415947822427,0.10772143909110035,0.08857563644014307,0.08541973490427099,0.08037029244687566,0.08015989901115085,0.06459078476751526,0.06416999789606564,0.055333473595623815,0.05112560488112771,0.04502419524510835,0.04481380180938355,0.03050704818009678,0.022512097622554177,0.020618556701030927,0.014306753629286767,0.008836524300441826,0.913730121526672,0.022764436741640526,0.0,0.0,0.0,0.0,0.0,0.0,0.0,0.0,0.0,0.0,0.0,0.0,0.0,0.0,0.0,0.0,0.0,0.0,0.0,0.0,0.0,0.0,0.0,0.0,0.025247212286976652,0.5680622764569746,7.391121397012415,16.341258152745638,5.390279823269515,0.2840311382284873,4.32258064516129,2.8889879325554593,nan,nan,nan,4.247879973907371,2.89609197617275,4.3993485342019545,2.8795809671333004,1.0356574482388816,0.3967,0.011795,0.0,0.0,0.0,0.0,0.0,0.0,0.0,0.0,0.0,0.0,0.1199242583631391,17.912897117609905,11.935619608668212,0.03155901535872081,0.0,0.0,0.0,0.0,0.0,0.0,0.0,0.0,0.0,0.0,0.0,0.0,0.0,0.0,0.0,0.0,nan,nan,4.32258064516129,2.8889879325554593,nan,0.3967,0.05997,0.0,0.0,0.0,0.0,0.0,0.0,0.0,0.0,0.0,0.0,0.0,0.0,0.0,0.0,0.0,0.0,0.0,0.0,0.0,0.0008731327582579423,0.0,0.00010519671786240269,5.2598358931201344e-05,0.0036082474226804126,6.311803071744161e-05,0.004197349042709867,0.0025142015569114243,0.0007363770250368188,0.022448979591836733,0.011760993057016621,0.017893961708394697,0.012581527456343363,0.045181990321901955,0.0571323374710709,0.02575215653271618,0.06868293709236271,0.03762886597938144,0.04568693456764149,0.06837786661056175,0.0576267620450242,0.06917736166631601,0.05002103934357248,0.09634967389017463,0.0683147485798443,0.0405954134231012,0.038175888912265935,0.020576478013885968,0.030191458026509573,0.03642962339575005,0.01019356196086682,0.00780559646539028,0.02848727119713865,0.007142857142857143,0.0008626130864717021,0.011561119293078057,0.0006522196507468967,0.0004628655585945718,9.467704607616242e-05,0.0,0.0,0.0,0.0,0.0,0.0,0.0,0.0,0.0,0.0,0.0,0.0,0.0,0.0,0.0,0.0,0.0,0.0,0.0,0.0,0.0,0.0,0.0,0.0,0.0,0.0,0.0,0.0,0.0,0.0,0.0,0.0,0.0,0.0,0.0,0.0,0.0,0.0,0.0,0.0,0.0,0.0,0.0,nan,nan,4.32258064516129,2.8889879325554593,nan,0.9141823272245713,0.023450751494823625,0.0,0.0,0.0,0.0,0.0,0.0,0.0,0.0,0.0,0.0,0.0,0.0,0.0,0.0,0.0,0.0,0.0,0.0,0.0,0.0,0.0,0.0,0.0,0.0,0.024701523260601075,0.5804857966241252,7.57101687937423,15.697818032111984,5.73075339645945,0.3952243721696172,0.9132574848484459,0.02201434192932783,0.0,0.0,0.0,0.0,0.0,0.0,0.0,0.0,0.0,0.0,0.0,0.0,0.0,0.0,0.0,0.0,0.0,0.0,0.0,0.0,0.0,0.0,0.0,0.0,0.025817555938037872,0.5550774526678142,7.203098106712566,17.013769363166958,5.034423407917385,0.16781411359724618,0.3965,0.011925,0.0,0.0,0.0,0.0,0.0,0.0,0.0,0.0,0.0,0.0,0.14820913956360646,18.192671881432663,11.609715932482507,0.04940304652120215,0.0,0.0,0.0,0.0,0.0,0.0,0.0,0.0,0.0,0.0,0.0,0.0,0.0,0.0,0.0,0.0,0.3972,0.01165,0.0,0.0,0.0,0.0,0.0,0.0,0.0,0.0,0.0,0.0,0.09036144578313256,17.62048192771082,12.276247848537007,0.012908777969018936,0.0,0.0,0.0,0.0,0.0,0.0,0.0,0.0,0.0,0.0,0.0,0.0,0.0,0.0,0.0,0.0
51400,4618,2399,0.5194889562581204,1109,932,0.4419662191424859,1292,0.559549588566479,0.4220000000000001,2.938711131140153,3.0649911368053555,6.472312703583062,2.2174277567970195,8379.450108271978,506.31494469672225,7853.0,8866.4,8866.399999999998,1.8189894035458565e-12,7853.0,0.0,28.25682113469034,21.007399396223068,33.22024729520866,19.230017754392737,0.13772195755738414,0.10524036379385016,0.09181463837158943,0.07990472065829364,0.07557384148982244,0.07405803378085751,0.06994369857080987,0.0682113469034214,0.051754006063230835,0.057384148982243394,0.048722390645301,0.04417496751840624,0.0346470333477696,0.024902555218709398,0.018189692507579038,0.01061065396275444,0.00714595062797748,0.9137698401357767,0.02299076899553403,0.0,0.0,0.0,0.0,0.0,0.0,0.0,0.0,0.0,0.0,0.0,0.0,0.0,0.0,0.0,0.0,0.0,0.0,0.0,0.0,0.0,0.0,0.0,0.0,0.006496318752706801,0.6951061065396278,7.327847553053271,16.26678215677783,5.385448245993938,0.3183196188826332,4.217114093959731,2.862774688980688,nan,nan,nan,4.1511400651465795,2.838421305597365,4.28719723183391,2.8867689039901063,1.0327758554402153,0.3967,0.011665,0.0,0.0,0.0,0.0,0.0,0.0,0.0,0.0,0.0,0.0,0.17540060632308363,18.040277176266756,11.777825898657431,0.006496318752706801,0.0,0.0,0.0,0.0,0.0,0.0,0.0,0.0,0.0,0.0,0.0,0.0,0.0,0.0,0.0,0.0,nan,nan,4.217114093959731,2.862774688980688,nan,0.3967,0.06052,0.0,0.0,0.0,0.0,0.0,0.0,0.0,0.0,0.0,0.0,0.0,0.0,0.0,0.0,0.0,0.0,0.0,0.0,0.0,0.0008228670420095279,0.0,9.7444781290602e-05,0.00011909917713295799,0.0036271113035946296,0.00010827197921177999,0.0035513209181463837,0.002631009094846254,0.000877003031615418,0.02468601126028584,0.011032914681680382,0.019932871372888697,0.013035946297098311,0.04569077522737116,0.05666955391944565,0.025119099177132957,0.06905586834127328,0.038339107838891294,0.04641619748809008,0.06507145950627978,0.05808791684711997,0.06620831528800346,0.04979428323949762,0.09466219142485925,0.0692940666955392,0.0397141619748809,0.03888046773495019,0.020084452143785188,0.030489389346037246,0.03668254655695106,0.010058466868774362,0.009246427024686012,0.02911433521004764,0.006831961888263317,0.0011260285838025118,0.01189909051537462,0.00044391511476829797,0.00046556951061065395,0.0,0.0,0.0,3.2481593763533996e-05,0.0,0.0,0.0,0.0,0.0,0.0,0.0,0.0,0.0,0.0,0.0,0.0,0.0,0.0,0.0,0.0,0.0,0.0,0.0,0.0,0.0,0.0,0.0,0.0,0.0,0.0,0.0,0.0,0.0,0.0,0.0,0.0,0.0,0.0,0.0,0.0,0.0,0.0,0.0,0.0,nan,nan,4.217114093959731,2.862774688980688,nan,0.9133090198462384,0.02292959739795744,0.0,0.0,0.0,0.0,0.0,0.0,0.0,0.0,0.0,0.0,0.0,0.0,0.0,0.0,0.0,0.0,0.0,0.0,0.0,0.0,0.0,0.0,0.0,0.0,0.012505210504376826,0.6627761567319719,7.490621092121719,16.131721550646105,5.427261358899543,0.27511463109629014,0.9142680410707035,0.023046356699134705,0.0,0.0,0.0,0.0,0.0,0.0,0.0,0.0,0.0,0.0,0.0,0.0,0.0,0.0,0.0,0.0,0.0,0.0,0.0,0.0,0.0,0.0,0.0,0.0,0.0,0.7300585849481751,7.151870211807122,16.41279855790897,5.34024335286165,0.36502929247408755,0.397,0.01167,0.0,0.0,0.0,0.0,0.0,0.0,0.0,0.0,0.0,0.0,0.17507294706127557,18.057523968320105,11.754897874114217,0.012505210504376826,0.0,0.0,0.0,0.0,0.0,0.0,0.0,0.0,0.0,0.0,0.0,0.0,0.0,0.0,0.0,0.0,0.3965,0.01164,0.0,0.0,0.0,0.0,0.0,0.0,0.0,0.0,0.0,0.0,0.17575484452456067,18.02163136547992,11.802613789995497,0.0,0.0,0.0,0.0,0.0,0.0,0.0,0.0,0.0,0.0,0.0,0.0,0.0,0.0,0.0,0.0,0.0
51500,4705,2537,0.5392136025504782,1220,913,0.4533475026567481,1309,0.5564293304994686,0.4180000000000001,3.1489852398523985,3.1117618322887677,6.542857142857143,2.0879275516154396,8399.439064824654,505.13928448187613,7853.0,8866.4,8866.4,0.0,7853.0,0.0,28.69883103081828,21.130374325685917,33.7505055611729,19.2386477825425,0.1381509032943677,0.08969181721572794,0.0867162592986185,0.09096705632306057,0.08331562167906482,0.06992561105207226,0.06588735387885228,0.0667375132837407,0.06567481402763017,0.051647183846971305,0.0461211477151966,0.04399574920297556,0.03740701381509033,0.026567481402763018,0.016153028692879916,0.010626992561105207,0.010414452709883103,0.9138241939792978,0.02289284431027459,0.0,0.0,0.0,0.0,0.0,0.0,0.0,0.0,0.0,0.0,0.0,0.0,0.0,0.0,0.0,0.0,0.0,0.0,0.0,0.0,0.0,0.0,0.0,0.0,0.0,0.5228480340063762,7.664187035069077,15.921360255047825,5.521785334750267,0.3698193411264613,4.200836820083682,2.897268939442219,nan,nan,nan,4.211924821775762,2.892511683434845,4.192578374920026,2.900904828192799,0.9954067444993998,0.3967,0.01158,0.0,0.0,0.0,0.0,0.0,0.0,0.0,0.0,0.0,0.0,0.10839532412327314,18.095642933049923,11.78958554729012,0.006376195536663126,0.0,0.0,0.0,0.0,0.0,0.0,0.0,0.0,0.0,0.0,0.0,0.0,0.0,0.0,0.0,0.0,nan,nan,4.200836820083682,2.897268939442219,nan,0.3967,0.0602,0.0,0.0,0.0,0.0,0.0,0.0,0.0,0.0,0.0,0.0,0.0,0.0,0.0,0.0,0.0,0.0,0.0,0.0,0.0,0.00047821466524973434,1.0626992561105207e-05,9.564293304994687e-05,0.00011689691817215728,0.003953241232731137,0.0001594048884165781,0.0024867162592986185,0.0019659936238044635,0.0009139213602550478,0.0251009564293305,0.011710945802337938,0.020637619553666314,0.012327311370882041,0.04353878852284803,0.05705632306057386,0.024739638682252922,0.07,0.04085015940488842,0.04579171094580234,0.06507970244420828,0.058320935175345374,0.06722635494155155,0.04977683315621679,0.09430393198724761,0.06871413390010626,0.03780021253985122,0.041339001062699256,0.020765143464399574,0.029766206163655686,0.0365249734325186,0.009829968119022316,0.009309245483528161,0.029436769394261424,0.005079702444208289,0.0014133900106269926,0.012136025504782147,0.0006588735387885228,0.00046758767268862913,3.188097768331562e-05,0.0,0.0,8.501594048884166e-05,0.0,0.0,0.0,0.0,0.0,0.0,0.0,0.0,0.0,0.0,0.0,0.0,0.0,0.0,0.0,0.0,0.0,0.0,0.0,0.0,0.0,0.0,0.0,0.0,0.0,0.0,0.0,0.0,0.0,0.0,0.0,0.0,0.0,0.0,0.0,0.0,0.0,0.0,0.0,0.0,nan,nan,4.200836820083682,2.897268939442219,nan,0.9136299894792995,0.02256509015474492,0.0,0.0,0.0,0.0,0.0,0.0,0.0,0.0,0.0,0.0,0.0,0.0,0.0,0.0,0.0,0.0,0.0,0.0,0.0,0.0,0.0,0.0,0.0,0.0,0.0,0.4256996452502957,7.958218368151361,15.82183681513599,5.510445407962162,0.28379976350019714,0.9140514526584932,0.023268464167975414,0.0,0.0,0.0,0.0,0.0,0.0,0.0,0.0,0.0,0.0,0.0,0.0,0.0,0.0,0.0,0.0,0.0,0.0,0.0,0.0,0.0,0.0,0.0,0.0,0.0,0.6365313653136533,7.320110701107013,16.037822878228784,5.535055350553506,0.4704797047970481,0.3967,0.011734,0.0,0.0,0.0,0.0,0.0,0.0,0.0,0.0,0.0,0.0,0.13007489160425703,18.03310997240833,11.83681513598739,0.0,0.0,0.0,0.0,0.0,0.0,0.0,0.0,0.0,0.0,0.0,0.0,0.0,0.0,0.0,0.0,0.0,0.397,0.01139,0.0,0.0,0.0,0.0,0.0,0.0,0.0,0.0,0.0,0.0,0.0830258302583026,18.168819188191854,11.734317343173435,0.013837638376383767,0.0,0.0,0.0,0.0,0.0,0.0,0.0,0.0,0.0,0.0,0.0,0.0,0.0,0.0,0.0,0.0
51600,4784,2443,0.5106605351170569,1138,973,0.4412625418060201,1341,0.56061872909699,0.4100000000000001,2.917129431866724,3.0836219120454564,6.60030627871363,2.086447165516899,8370.503386287626,506.58481702940935,7853.0,8866.4,8866.399999999998,1.8189894035458565e-12,7853.0,0.0,27.942516722408026,20.846855549656613,32.730445544554456,19.148155142102972,0.13649665551839466,0.09928929765886288,0.10221571906354515,0.08152173913043478,0.08068561872909699,0.074623745819398,0.06897993311036789,0.0629180602006689,0.05831939799331104,0.050794314381270904,0.04933110367892977,0.04285117056856187,0.03177257525083612,0.027801003344481604,0.016722408026755852,0.00898829431438127,0.006688963210702341,0.9153417976056054,0.02300373977295651,0.0,0.0,0.0,0.0,0.0,0.0,0.0,0.0,0.0,0.0,0.0,0.0,0.0,0.0,0.0,0.0,0.0,0.0,0.0,0.0,0.0,0.0,0.0,0.0,0.018812709030100336,0.5079431438127091,6.885451505016724,16.059782608695656,6.189381270903011,0.3386287625418061,4.290143603133159,2.843908240185476,nan,nan,nan,4.20664928292047,2.8663734221801667,4.373856209150326,2.81872291209001,1.039748244977003,0.398,0.011566,0.0,0.0,0.0,0.0,0.0,0.0,0.0,0.0,0.0,0.0,0.07525083612040134,17.23244147157188,12.654682274247495,0.03762541806020067,0.0,0.0,0.0,0.0,0.0,0.0,0.0,0.0,0.0,0.0,0.0,0.0,0.0,0.0,0.0,0.0,nan,nan,4.290143603133159,2.843908240185476,nan,0.398,0.06067,0.0,0.0,0.0,0.0,0.0,0.0,0.0,0.0,0.0,0.0,0.0,0.0,0.0,0.0,0.0,0.0,0.0,0.0,0.0,0.0004912207357859532,0.0,0.00019857859531772576,6.270903010033444e-05,0.0036789297658862876,0.00025083612040133777,0.0024456521739130437,0.0015572742474916387,0.0008674749163879599,0.024749163879598662,0.012008779264214047,0.02062081939799331,0.012301421404682274,0.042955685618729096,0.05613503344481605,0.0263064381270903,0.06599080267558528,0.04088628762541806,0.045547658862876254,0.06559364548494984,0.05772366220735786,0.0647366220735786,0.05184991638795987,0.09198369565217392,0.06526964882943144,0.03883779264214047,0.04312290969899665,0.02035953177257525,0.03229515050167224,0.03792851170568562,0.01089046822742475,0.009375,0.032692307692307694,0.0057169732441471575,0.001536371237458194,0.011705685618729096,0.0008988294314381271,0.0002717391304347826,5.225752508361204e-05,0.0,0.0,0.00010451505016722408,0.0,0.0,0.0,0.0,0.0,0.0,0.0,0.0,0.0,0.0,0.0,0.0,0.0,0.0,0.0,0.0,0.0,0.0,0.0,0.0,0.0,0.0,0.0,0.0,0.0,0.0,0.0,0.0,0.0,0.0,0.0,0.0,0.0,0.0,0.0,0.0,0.0,0.0,0.0,0.0,nan,nan,4.290143603133159,2.843908240185476,nan,0.9149604341410927,0.023346028536823018,0.0,0.0,0.0,0.0,0.0,0.0,0.0,0.0,0.0,0.0,0.0,0.0,0.0,0.0,0.0,0.0,0.0,0.0,0.0,0.0,0.0,0.0,0.0,0.0,0.012279983626688501,0.564879246827671,7.0487106017192,15.902578796561608,6.090871878837496,0.3806794924273435,0.9157397775047104,0.02263416929249579,0.0,0.0,0.0,0.0,0.0,0.0,0.0,0.0,0.0,0.0,0.0,0.0,0.0,0.0,0.0,0.0,0.0,0.0,0.0,0.0,0.0,0.0,0.0,0.0,0.025630072618539092,0.4485262708244341,6.715079026057242,16.223835967535244,6.292182827851347,0.2947458351131995,0.3977,0.011444,0.0,0.0,0.0,0.0,0.0,0.0,0.0,0.0,0.0,0.0,0.07367990176013099,17.400736799017576,12.501023331968893,0.024559967253377002,0.0,0.0,0.0,0.0,0.0,0.0,0.0,0.0,0.0,0.0,0.0,0.0,0.0,0.0,0.0,0.0,0.398,0.011696,0.0,0.0,0.0,0.0,0.0,0.0,0.0,0.0,0.0,0.0,0.07689021785561727,17.056813327637737,12.815036309269546,0.051260145237078183,0.0,0.0,0.0,0.0,0.0,0.0,0.0,0.0,0.0,0.0,0.0,0.0,0.0,0.0,0.0,0.0
51700,4825,2493,0.5166839378238341,1135,1006,0.44373056994818655,1384,0.573678756476684,0.4100000000000001,2.96483704974271,3.0577010050966393,6.500775193798449,2.145573995733449,8376.607502590674,506.4178377152075,7853.0,8866.4,8866.4,0.0,7853.0,0.0,27.776373056994817,20.90871205251594,32.933067927345114,19.105350828349394,0.14487046632124354,0.09699481865284974,0.09575129533678757,0.08435233160621762,0.07626943005181347,0.08704663212435233,0.060932642487046634,0.06466321243523317,0.05906735751295337,0.0522279792746114,0.04207253886010363,0.03896373056994819,0.03585492227979275,0.023626943005181346,0.01927461139896373,0.012020725388601036,0.006010362694300518,0.9160105190252393,0.022955128308592972,0.0,0.0,0.0,0.0,0.0,0.0,0.0,0.0,0.0,0.0,0.0,0.0,0.0,0.0,0.0,0.0,0.0,0.0,0.0,0.0,0.0,0.0,0.0,0.0,0.012435233160621765,0.4849740932642488,6.659067357512955,16.178238341968914,6.2176165803108825,0.4476683937823835,4.325868224602401,2.8487131485223007,nan,nan,nan,4.414154652686763,2.8714546502293397,4.24002574002574,2.824268609433357,0.9605521495367101,0.3984,0.011604,0.0,0.0,0.0,0.0,0.0,0.0,0.0,0.0,0.0,0.0,0.09326424870466324,16.787564766839353,13.088082901554408,0.03108808290155441,0.0,0.0,0.0,0.0,0.0,0.0,0.0,0.0,0.0,0.0,0.0,0.0,0.0,0.0,0.0,0.0,nan,nan,4.325868224602401,2.8487131485223007,nan,0.3984,0.0609,0.0,0.0,0.0,0.0,0.0,0.0,0.0,0.0,0.0,0.0,0.0,0.0,0.0,0.0,0.0,0.0,0.0,0.0,0.0,0.0004870466321243523,0.0,0.00029015544041450776,0.00014507772020725388,0.003367875647668394,0.0006321243523316062,0.001989637305699482,0.0016994818652849742,0.0009637305699481865,0.02688082901554404,0.010082901554404146,0.019243523316062175,0.011419689119170984,0.04293264248704663,0.0552020725388601,0.026839378238341968,0.06675647668393782,0.041036269430051814,0.04681865284974093,0.06570984455958549,0.05643523316062176,0.06246632124352332,0.05133678756476684,0.09201036269430052,0.06495336787564766,0.03952331606217616,0.04364766839378238,0.018797927461139896,0.03440414507772021,0.03921243523316062,0.011730569948186529,0.009523316062176166,0.03053886010362694,0.00666321243523316,0.0023626943005181345,0.01205181347150259,0.0012642487046632125,0.00043523316062176164,8.290155440414508e-05,0.0,0.0,6.217616580310881e-05,0.0,0.0,0.0,0.0,0.0,0.0,0.0,0.0,0.0,0.0,0.0,0.0,0.0,0.0,0.0,0.0,0.0,0.0,0.0,0.0,0.0,0.0,0.0,0.0,0.0,0.0,0.0,0.0,0.0,0.0,0.0,0.0,0.0,0.0,0.0,0.0,0.0,0.0,0.0,0.0,nan,nan,4.325868224602401,2.8487131485223007,nan,0.9159924639452427,0.022486820627872085,0.0,0.0,0.0,0.0,0.0,0.0,0.0,0.0,0.0,0.0,0.0,0.0,0.0,0.0,0.0,0.0,0.0,0.0,0.0,0.0,0.0,0.0,0.0,0.0,0.0,0.5054151624548737,6.51022864019254,16.654632972322506,5.88447653429603,0.44524669073405543,0.9160298206180487,0.023445409444764167,0.0,0.0,0.0,0.0,0.0,0.0,0.0,0.0,0.0,0.0,0.0,0.0,0.0,0.0,0.0,0.0,0.0,0.0,0.0,0.0,0.0,0.0,0.0,0.0,0.02572898799313894,0.46312178387650094,6.81818181818182,15.668953687821615,6.5737564322469995,0.45025728987993147,0.3982,0.01152,0.0,0.0,0.0,0.0,0.0,0.0,0.0,0.0,0.0,0.0,0.14440433212996392,17.268351383874823,12.539109506618535,0.04813477737665464,0.0,0.0,0.0,0.0,0.0,0.0,0.0,0.0,0.0,0.0,0.0,0.0,0.0,0.0,0.0,0.0,0.3987,0.01168,0.0,0.0,0.0,0.0,0.0,0.0,0.0,0.0,0.0,0.0,0.03859348198970841,16.273584905660353,13.674957118353348,0.01286449399656947,0.0,0.0,0.0,0.0,0.0,0.0,0.0,0.0,0.0,0.0,0.0,0.0,0.0,0.0,0.0,0.0
51800,4767,2483,0.5208726662471156,1150,965,0.4436752674638137,1322,0.5546465282148102,0.4300000000000001,3.01707530647986,3.1223120883675386,6.720706260032102,2.071515480809178,8380.852359974828,506.25830133193386,7853.0,8866.4,8866.4,0.0,7853.0,0.0,27.568072162785818,20.705896338706385,32.59829274416269,18.93813857647625,0.14306691839731486,0.1000629326620516,0.09376966645689112,0.09041325781413888,0.07887560310467799,0.07614852108244179,0.06901615271659324,0.06754772393538913,0.05202433396265995,0.04908747640025173,0.04698972099853157,0.04153555695405916,0.035452066289070695,0.024124187119781832,0.01804069645479337,0.008600797147052653,0.005244388504300398,0.913693061521625,0.02261042744039791,0.0,0.0,0.0,0.0,0.0,0.0,0.0,0.0,0.0,0.0,0.0,0.0,0.0,0.0,0.0,0.0,0.0,0.0,0.0,0.0,0.0,0.0,0.0,0.0,0.0,0.5223410950283198,7.627438640654502,16.0037759597231,5.531780994336062,0.31466331025802396,4.329485488126649,2.914901438283658,nan,nan,nan,4.409090909090909,2.8947189630173806,4.247319034852547,2.933322841566341,0.963309471822227,0.399,0.01168,0.0,0.0,0.0,0.0,0.0,0.0,0.0,0.0,0.0,0.0,0.11327879169288864,16.08558842039016,13.782252989301451,0.018879798615481436,0.0,0.0,0.0,0.0,0.0,0.0,0.0,0.0,0.0,0.0,0.0,0.0,0.0,0.0,0.0,0.0,nan,nan,4.329485488126649,2.914901438283658,nan,0.399,0.06125,0.0,0.0,0.0,0.0,0.0,0.0,0.0,0.0,0.0,0.0,0.0,0.0,0.0,0.0,0.0,0.0,0.0,0.0,0.0,0.0005873715124816446,0.0,0.0006607929515418502,9.439899307740717e-05,0.0031256555485630376,0.000566393958464443,0.0020977554017201595,0.0016152716593245229,0.0005873715124816446,0.028907069435703796,0.009544787077826725,0.019750367107195303,0.011369834277323264,0.04109502831969793,0.052664149360184605,0.026012166981329975,0.06938325991189427,0.03869309838472834,0.04762953639605622,0.06585903083700441,0.05707992448080554,0.06149569960142647,0.050440528634361236,0.08965806586951962,0.06549192364170338,0.03919655968114118,0.04505978602894902,0.01987623243129851,0.0368260960771974,0.039353891336270194,0.012198447661002728,0.00961820851688693,0.02945248584015104,0.006093979441997063,0.0022865533878749737,0.013981539752464862,0.0012586532410320957,0.0002936857562408223,6.293266205160478e-05,1.0488777008600797e-05,0.0,2.0977554017201594e-05,0.0,0.0,0.0,0.0,0.0,0.0,0.0,0.0,0.0,0.0,0.0,0.0,0.0,0.0,0.0,0.0,0.0,0.0,0.0,0.0,0.0,0.0,0.0,0.0,0.0,0.0,0.0,0.0,0.0,0.0,0.0,0.0,0.0,0.0,0.0,0.0,0.0,0.0,0.0,0.0,nan,nan,4.329485488126649,2.914901438283658,nan,0.9137813585014819,0.02281463982434724,0.0,0.0,0.0,0.0,0.0,0.0,0.0,0.0,0.0,0.0,0.0,0.0,0.0,0.0,0.0,0.0,0.0,0.0,0.0,0.0,0.0,0.0,0.0,0.0,0.0,0.5436971405557794,7.587595650422877,16.020942408376968,5.509464357631899,0.33830044301248496,0.913597071416115,0.02238591406773042,0.0,0.0,0.0,0.0,0.0,0.0,0.0,0.0,0.0,0.0,0.0,0.0,0.0,0.0,0.0,0.0,0.0,0.0,0.0,0.0,0.0,0.0,0.0,0.0,0.0,0.4991243432574432,7.670753064798601,15.985113835376536,5.556042031523645,0.2889667250437829,0.399,0.01187,0.0,0.0,0.0,0.0,0.0,0.0,0.0,0.0,0.0,0.0,0.16915022150624248,15.851792186870698,13.942811115585988,0.03624647603705196,0.0,0.0,0.0,0.0,0.0,0.0,0.0,0.0,0.0,0.0,0.0,0.0,0.0,0.0,0.0,0.0,0.3987,0.01147,0.0,0.0,0.0,0.0,0.0,0.0,0.0,0.0,0.0,0.0,0.052539404553415076,16.339754816112062,13.607705779334504,0.0,0.0,0.0,0.0,0.0,0.0,0.0,0.0,0.0,0.0,0.0,0.0,0.0,0.0,0.0,0.0,0.0
51900,4954,2551,0.514937424303593,1230,995,0.44913201453371016,1396,0.5635849818328623,0.3940000000000001,2.9313358302122348,3.0341152503604465,6.319268635724332,2.1190071513757767,8374.83758578926,506.47383298298104,7853.0,8866.4,8866.399999999998,1.8189894035458565e-12,7853.0,0.0,28.309245054501414,21.00328826638603,33.3649494463168,19.16248803455288,0.14008881711748083,0.10234154218813081,0.08296326201049657,0.08700040371417037,0.07690754945498587,0.07287040775131207,0.07125555106984255,0.06802583770690351,0.057529269277351636,0.050464271295922486,0.050464271295922486,0.043802987484860716,0.0320952765442067,0.027452563584981833,0.019983851433185304,0.010496568429551878,0.006257569640694388,0.9136981511842738,0.023031279500035164,0.0,0.0,0.0,0.0,0.0,0.0,0.0,0.0,0.0,0.0,0.0,0.0,0.0,0.0,0.0,0.0,0.0,0.0,0.0,0.0,0.0,0.0,0.0,0.0,0.018167137666532097,0.5934598304400486,7.672587807832056,16.041582559547845,5.316915623738395,0.3572870407751313,4.195423623995053,2.8329327231228048,nan,nan,nan,4.243977764051884,2.8245623429835214,4.146749226006192,2.840466149490314,0.9770902338675629,0.3994,0.011826,0.0,0.0,0.0,0.0,0.0,0.0,0.0,0.0,0.0,0.0,0.0847799757771498,15.641905530884111,14.212757367783611,0.060557125555107,0.0,0.0,0.0,0.0,0.0,0.0,0.0,0.0,0.0,0.0,0.0,0.0,0.0,0.0,0.0,0.0,nan,nan,4.195423623995053,2.8329327231228048,nan,0.3994,0.06177,0.0,0.0,0.0,0.0,0.0,0.0,0.0,0.0,0.0,0.0,0.0,0.0,0.0,0.0,0.0,0.0,0.0,0.0,2.0185708518368996e-05,0.0007569640694388373,1.0092854259184498e-05,0.0004945498587000404,0.00017157852240613645,0.0038857488897860314,0.0002825999192571659,0.0028058134840532904,0.0013928138877674606,0.0006459426725878079,0.027341542188130803,0.008003633427533307,0.019216794509487285,0.011526039563988696,0.043883730318934194,0.05448122729107792,0.024626564392410174,0.06928744448930158,0.037696810658054095,0.044670972951150585,0.0641299959628583,0.057852240613645536,0.06136455389584174,0.05223052079127977,0.08770690351231328,0.06747073072264836,0.03844368187323375,0.04655833669761809,0.019691158659668955,0.03485062575696407,0.038251917642309244,0.01346386758175212,0.010294711344368187,0.029127977392006458,0.007105369398465886,0.0028461849010900284,0.015744852644327817,0.0011606782398062173,0.0003734356075898264,6.0557125555106984e-05,5.0464271295922484e-05,0.0,1.0092854259184498e-05,1.0092854259184498e-05,0.0,0.0,0.0,0.0,0.0,0.0,0.0,0.0,0.0,0.0,0.0,0.0,0.0,0.0,0.0,0.0,0.0,0.0,0.0,0.0,0.0,0.0,0.0,0.0,0.0,0.0,0.0,0.0,0.0,0.0,0.0,0.0,0.0,0.0,0.0,0.0,0.0,0.0,0.0,nan,nan,4.195423623995053,2.8329327231228048,nan,0.9129645563209351,0.022775940751175658,0.0,0.0,0.0,0.0,0.0,0.0,0.0,0.0,0.0,0.0,0.0,0.0,0.0,0.0,0.0,0.0,0.0,0.0,0.0,0.0,0.0,0.0,0.0,0.0,0.035280282242257946,0.5880047040376324,7.9027832222657795,16.20540964327715,4.97451979615837,0.2940023520188162,0.9144769279201775,0.023273993401630867,0.0,0.0,0.0,0.0,0.0,0.0,0.0,0.0,0.0,0.0,0.0,0.0,0.0,0.0,0.0,0.0,0.0,0.0,0.0,0.0,0.0,0.0,0.0,0.0,0.0,0.5992509363295881,7.42821473158552,15.867665418227219,5.680399500624222,0.42446941323345827,0.3994,0.01186,0.0,0.0,0.0,0.0,0.0,0.0,0.0,0.0,0.0,0.0,0.07056056448451589,15.47628381027046,14.370834966679736,0.08232065856526855,0.0,0.0,0.0,0.0,0.0,0.0,0.0,0.0,0.0,0.0,0.0,0.0,0.0,0.0,0.0,0.0,0.3992,0.01179,0.0,0.0,0.0,0.0,0.0,0.0,0.0,0.0,0.0,0.0,0.09987515605493136,15.817727840199726,14.044943820224722,0.03745318352059926,0.0,0.0,0.0,0.0,0.0,0.0,0.0,0.0,0.0,0.0,0.0,0.0,0.0,0.0,0.0,0.0
52000,4599,2418,0.5257664709719504,1132,937,0.44988040878451835,1300,0.5653402913676886,0.4220000000000001,3.0710683172856488,3.1086090108014703,6.5587761674718195,2.0847983911020056,8385.811741682975,506.0267452875208,7853.0,8866.4,8866.399999999998,1.8189894035458565e-12,7853.0,0.0,28.707110241356816,21.12341929428397,33.851438942183044,19.167681636523664,0.14068275712111328,0.09197651663405088,0.08393128941074146,0.09045444661883018,0.07545118504022613,0.07740813220265275,0.06523157208088715,0.06501413350728419,0.06327462491846053,0.051532941943900845,0.04805392476625353,0.04500978473581213,0.03870406610132637,0.02826701456838443,0.0167427701674277,0.011306805827353772,0.006958034355294629,0.9133919386481119,0.022796766385873687,0.0,0.0,0.0,0.0,0.0,0.0,0.0,0.0,0.0,0.0,0.0,0.0,0.0,0.0,0.0,0.0,0.0,0.0,0.0,0.0,0.0,0.0,0.0,0.0,0.0,0.6784083496412265,7.606001304631444,15.805609915198959,5.629484670580562,0.2804957599478148,4.24370026525199,2.8545580091146268,nan,nan,nan,4.184717607973422,2.8570189264631,4.303311258278145,2.851638711373581,1.0283397020813922,0.4001,0.011696,0.0,0.0,0.0,0.0,0.0,0.0,0.0,0.0,0.0,0.0,0.09132420091324203,14.768427919112828,15.101108936725378,0.039138943248532294,0.0,0.0,0.0,0.0,0.0,0.0,0.0,0.0,0.0,0.0,0.0,0.0,0.0,0.0,0.0,0.0,nan,nan,4.24370026525199,2.8545580091146268,nan,0.4001,0.06204,0.0,0.0,0.0,0.0,0.0,0.0,0.0,0.0,0.0,0.0,0.0,0.0,0.0,0.0,0.0,0.0,0.0,0.0,0.0,0.0006414437921287236,0.0,0.0003696455751250272,0.00010871928680147858,0.004087845183735595,7.610350076103501e-05,0.0035116329636877583,0.0013916068710589258,0.00035877364644487935,0.027853881278538814,0.006729723853011524,0.018460534898891063,0.011459012828875842,0.04404218308327897,0.05518590998043053,0.025646879756468798,0.06671015438138726,0.03647532072189606,0.04447706023048489,0.06463361600347901,0.05717547292889759,0.060600130463144164,0.05400086975429441,0.08470319634703197,0.06704718417047184,0.039986953685583825,0.04537943031093716,0.02056968906283975,0.035464231354642314,0.04132420091324201,0.0129484670580561,0.010078277886497065,0.02973472494020439,0.007479886931941727,0.0030223961730811047,0.016253533376821047,0.0015003261578604044,0.00034790171776473145,9.784735812133073e-05,2.1743857360295716e-05,0.0,4.348771472059143e-05,0.0,0.0,0.0,0.0,0.0,0.0,0.0,0.0,0.0,0.0,0.0,0.0,0.0,0.0,0.0,0.0,0.0,0.0,0.0,0.0,0.0,0.0,0.0,0.0,0.0,0.0,0.0,0.0,0.0,0.0,0.0,0.0,0.0,0.0,0.0,0.0,0.0,0.0,0.0,0.0,nan,nan,4.24370026525199,2.8545580091146268,nan,0.9137808664265105,0.022544129049885613,0.0,0.0,0.0,0.0,0.0,0.0,0.0,0.0,0.0,0.0,0.0,0.0,0.0,0.0,0.0,0.0,0.0,0.0,0.0,0.0,0.0,0.0,0.0,0.0,0.0,0.5707196029776676,7.51861042183623,15.756823821339953,5.893300248138959,0.2605459057071961,0.9129607477411116,0.023065959284741974,0.0,0.0,0.0,0.0,0.0,0.0,0.0,0.0,0.0,0.0,0.0,0.0,0.0,0.0,0.0,0.0,0.0,0.0,0.0,0.0,0.0,0.0,0.0,0.0,0.0,0.7977991746905091,7.702888583218709,15.859697386519949,5.337001375515819,0.3026134800550207,0.4,0.0118,0.0,0.0,0.0,0.0,0.0,0.0,0.0,0.0,0.0,0.0,0.11166253101736975,14.764267990074421,15.099255583126554,0.024813895781637722,0.0,0.0,0.0,0.0,0.0,0.0,0.0,0.0,0.0,0.0,0.0,0.0,0.0,0.0,0.0,0.0,0.4001,0.01157,0.0,0.0,0.0,0.0,0.0,0.0,0.0,0.0,0.0,0.0,0.06877579092159561,14.773039889958714,15.103163686382397,0.05502063273727649,0.0,0.0,0.0,0.0,0.0,0.0,0.0,0.0,0.0,0.0,0.0,0.0,0.0,0.0,0.0,0.0
52100,4603,2427,0.5272648272865522,1131,948,0.45166195959157074,1290,0.5605040191179665,0.4220000000000001,3.0450367647058822,3.1367123452563592,6.7301324503311255,2.106836706916136,8387.33017597219,505.946107185089,7853.0,8866.4,8866.4,0.0,7853.0,0.0,28.147295242233326,20.98254622551722,33.18605856439492,19.16926154609341,0.14142950249837064,0.09689333043667174,0.0914620899413426,0.08516185096676081,0.07603736693460786,0.08451010210732131,0.0658266348033891,0.06148164240712579,0.060612643927873126,0.05605040191179665,0.043449923962633065,0.04192917662394091,0.03215294373234847,0.025200955898327177,0.018900716923745384,0.009993482511405605,0.008907234412339779,0.9130847398648955,0.022648476111221796,0.0,0.0,0.0,0.0,0.0,0.0,0.0,0.0,0.0,0.0,0.0,0.0,0.0,0.0,0.0,0.0,0.0,0.0,0.0,0.0,0.0,0.0,0.0,0.0,0.0,0.5800564849011515,7.9057136650010875,15.824462307190965,5.409515533347818,0.28025200955898333,4.310056799198129,2.954961357147206,nan,nan,nan,4.36096256684492,2.96245221693721,4.259185036740147,2.946578034725366,0.9766616822445218,0.4004,0.012146,0.0,0.0,0.0,0.0,0.0,0.0,0.0,0.0,0.0,0.0,0.10427981751031938,14.592656962850294,15.205300890723445,0.09776232891592442,0.0,0.0,0.0,0.0,0.0,0.0,0.0,0.0,0.0,0.0,0.0,0.0,0.0,0.0,0.0,0.0,nan,nan,4.310056799198129,2.954961357147206,nan,0.4004,0.0619,0.0,0.0,0.0,0.0,0.0,0.0,0.0,0.0,0.0,0.0,0.0,0.0,0.0,0.0,0.0,0.0,0.0,0.0,0.0,0.0007929611123180534,0.0,7.603736693460787e-05,8.689984792526613e-05,0.004029980447534217,0.0,0.002769932652617858,0.0014012600477949163,0.00030414946773843146,0.02794916358896372,0.006256789050619161,0.01929176623940908,0.012263741038453183,0.041961764066912884,0.054247230067347385,0.02738431457744949,0.06639148381490333,0.0369867477731914,0.04449272213773626,0.06664132087768847,0.053877905713665,0.05821203562893765,0.05597436454486204,0.08457527699326527,0.06525092331088421,0.04149467738431458,0.045893982185531174,0.02104062567890506,0.03579187486421899,0.0423745383445579,0.01290462741690202,0.009884857701499022,0.031446882467955684,0.008049098414077775,0.003269606778188138,0.015077123615033673,0.0013360851618509668,0.0001955246578318488,0.0,2.1724961981316532e-05,0.0,0.0,0.0,0.0,0.0,0.0,0.0,0.0,0.0,0.0,0.0,0.0,0.0,0.0,0.0,0.0,0.0,0.0,0.0,0.0,0.0,0.0,0.0,0.0,0.0,0.0,0.0,0.0,0.0,0.0,0.0,0.0,0.0,0.0,0.0,0.0,0.0,0.0,0.0,0.0,0.0,0.0,nan,nan,4.310056799198129,2.954961357147206,nan,0.9132947065135703,0.022860706386150946,0.0,0.0,0.0,0.0,0.0,0.0,0.0,0.0,0.0,0.0,0.0,0.0,0.0,0.0,0.0,0.0,0.0,0.0,0.0,0.0,0.0,0.0,0.0,0.0,0.0,0.5809641532756491,7.787391841779977,15.772558714462303,5.550061804697158,0.3090234857849197,0.9128505537176833,0.022407073370743397,0.0,0.0,0.0,0.0,0.0,0.0,0.0,0.0,0.0,0.0,0.0,0.0,0.0,0.0,0.0,0.0,0.0,0.0,0.0,0.0,0.0,0.0,0.0,0.0,0.0,0.5790441176470589,8.037683823529413,15.882352941176475,5.2527573529411775,0.24816176470588241,0.4006,0.01209,0.0,0.0,0.0,0.0,0.0,0.0,0.0,0.0,0.0,0.0,0.09888751545117432,14.511742892459806,15.315203955500621,0.07416563658838073,0.0,0.0,0.0,0.0,0.0,0.0,0.0,0.0,0.0,0.0,0.0,0.0,0.0,0.0,0.0,0.0,0.4004,0.0122,0.0,0.0,0.0,0.0,0.0,0.0,0.0,0.0,0.0,0.0,0.11029411764705885,14.682904411764683,15.082720588235297,0.12408088235294121,0.0,0.0,0.0,0.0,0.0,0.0,0.0,0.0,0.0,0.0,0.0,0.0,0.0,0.0,0.0,0.0
52200,4532,2363,0.5214033539276258,1087,934,0.44593998234774934,1286,0.5675198587819947,0.4180000000000001,2.996311664361457,3.094334454101257,6.589198036006547,2.2017284933638877,8381.390158870257,506.2355449868992,7853.0,8866.4,8866.399999999998,1.8189894035458565e-12,7853.0,0.0,27.998676081200355,20.80124915655759,32.87994757536042,19.047399082100306,0.13768755516328332,0.1059135039717564,0.088261253309797,0.08009708737864078,0.0853927625772286,0.073477493380406,0.07127096204766108,0.06398940864960283,0.05670785525154457,0.052515445719329215,0.05185348631950574,0.04280670785525154,0.03155339805825243,0.027140335392762577,0.01500441306266549,0.009929390997352162,0.006398940864960283,0.9137675602117262,0.023047411021417066,0.0,0.0,0.0,0.0,0.0,0.0,0.0,0.0,0.0,0.0,0.0,0.0,0.0,0.0,0.0,0.0,0.0,0.0,0.0,0.0,0.0,0.0,0.0,0.0,0.0,0.6685789938217124,7.453662842012358,16.019417475728158,5.580317740511917,0.2780229479258606,4.230848153214774,2.852937712219047,nan,nan,nan,4.226158038147139,2.8350323455107285,4.235576923076923,2.870869837384433,1.002228711005307,0.401,0.0118,0.0,0.0,0.0,0.0,0.0,0.0,0.0,0.0,0.0,0.0,0.046337157987643436,14.19902912621357,15.655339805825246,0.09929390997352165,0.0,0.0,0.0,0.0,0.0,0.0,0.0,0.0,0.0,0.0,0.0,0.0,0.0,0.0,0.0,0.0,nan,nan,4.230848153214774,2.852937712219047,nan,0.401,0.06195,0.0,0.0,0.0,0.0,0.0,0.0,0.0,0.0,0.0,0.0,0.0,0.0,0.0,0.0,0.0,0.0,0.0,2.206531332744925e-05,0.0,0.0006619593998234775,0.0,0.0,0.00018755516328331862,0.004236540158870256,6.619593998234775e-05,0.00353045013239188,0.001180494263018535,0.00037511032656663724,0.026467343336275376,0.005284642541924095,0.02054280670785525,0.011529126213592233,0.04143865842894969,0.054655781112091795,0.025154457193292144,0.06871138570167697,0.03578993821712268,0.04655781112091792,0.06446381288614299,0.05469991173874669,0.05732568402471315,0.05817519858781995,0.08316416593115622,0.06638349514563106,0.03964033539276258,0.04482568402471315,0.023609885260370698,0.03776478375992939,0.040180935569285085,0.012709620476610768,0.010216240070609003,0.032215357458075904,0.008462047661076787,0.00293468667255075,0.015015445719329215,0.0012797881729920565,0.00041924095322153575,7.722859664607238e-05,4.41306266548985e-05,0.0,0.0,0.0,0.0,0.0,0.0,0.0,0.0,0.0,0.0,0.0,0.0,0.0,0.0,0.0,0.0,0.0,0.0,0.0,0.0,0.0,0.0,0.0,0.0,0.0,0.0,0.0,0.0,0.0,0.0,0.0,0.0,0.0,0.0,0.0,0.0,0.0,0.0,0.0,0.0,0.0,0.0,nan,nan,4.230848153214774,2.852937712219047,nan,0.9138681274876976,0.022965133832030353,0.0,0.0,0.0,0.0,0.0,0.0,0.0,0.0,0.0,0.0,0.0,0.0,0.0,0.0,0.0,0.0,0.0,0.0,0.0,0.0,0.0,0.0,0.0,0.0,0.0,0.6855691917054594,7.325433770630556,16.25052898857385,5.471857807871351,0.26661024121878973,0.913657997983455,0.023136216715764206,0.0,0.0,0.0,0.0,0.0,0.0,0.0,0.0,0.0,0.0,0.0,0.0,0.0,0.0,0.0,0.0,0.0,0.0,0.0,0.0,0.0,0.0,0.0,0.0,0.0,0.6500691562932228,7.593360995850624,15.767634854771787,5.698478561549103,0.2904564315352698,0.401,0.01181,0.0,0.0,0.0,0.0,0.0,0.0,0.0,0.0,0.0,0.0,0.07617435463393991,14.003385526872599,15.806178586542535,0.11426153195090988,0.0,0.0,0.0,0.0,0.0,0.0,0.0,0.0,0.0,0.0,0.0,0.0,0.0,0.0,0.0,0.0,0.401,0.01179,0.0,0.0,0.0,0.0,0.0,0.0,0.0,0.0,0.0,0.0,0.013831258644536656,14.412171507607171,15.491009681881055,0.08298755186721993,0.0,0.0,0.0,0.0,0.0,0.0,0.0,0.0,0.0,0.0,0.0,0.0,0.0,0.0,0.0,0.0
52300,4532,2363,0.5214033539276258,1088,897,0.4379964695498676,1280,0.5648720211827007,0.4180000000000001,3.0590133702166895,3.120925839435619,6.565284178187404,2.1040431499122905,8381.390158870257,506.2355449868992,7853.0,8866.4,8866.399999999998,1.8189894035458565e-12,7853.0,0.0,28.682921447484553,21.1757938446582,33.5845953002611,19.36348809774246,0.13768755516328332,0.09311562224183584,0.09907325684024713,0.0794351279788173,0.07965578111209179,0.06729920564872022,0.06531332744924978,0.06597528684907325,0.06310679611650485,0.056266548984995585,0.04964695498676081,0.04523389232127096,0.03353927625772286,0.024271844660194174,0.02030008826125331,0.01323918799646955,0.006840247131509268,0.915596454244005,0.02268669168005451,0.0,0.0,0.0,0.0,0.0,0.0,0.0,0.0,0.0,0.0,0.0,0.0,0.0,0.0,0.0,0.0,0.0,0.0,0.0,0.0,0.0,0.0,0.0,0.0,0.006619593998234776,0.43689320388349523,7.063106796116506,16.019417475728158,6.1893203883495165,0.2846425419240954,4.319482288828338,2.8496812296679317,nan,nan,nan,4.342050929112181,2.790580050588299,4.297370195549561,2.9062515155645543,0.98970976289959,0.4001,0.012,0.0,0.0,0.0,0.0,0.0,0.0,0.0,0.0,0.0,0.0,0.05957634598411299,14.62930273609883,15.25816416593116,0.05295675198587821,0.0,0.0,0.0,0.0,0.0,0.0,0.0,0.0,0.0,0.0,0.0,0.0,0.0,0.0,0.0,0.0,nan,nan,4.319482288828338,2.8496812296679317,nan,0.4001,0.06216,0.0,0.0,0.0,0.0,0.0,0.0,0.0,0.0,0.0,0.0,0.0,0.0,0.0,0.0,0.0,0.0,0.0,0.0,3.3097969991173875e-05,0.001268755516328332,0.0,1.1032656663724624e-05,0.0001323918799646955,0.004589585172109444,0.0,0.0032766990291262137,0.001059135039717564,0.0004964695498676081,0.026555604589585172,0.004799205648720212,0.021624007060900265,0.012411738746690203,0.03966240070609003,0.05334289496910856,0.027041041482789057,0.07142541924095322,0.03663945278022948,0.04811341571050309,0.059432921447484556,0.056123124448367166,0.057932480141218004,0.06120917917034422,0.08144307149161518,0.0669792586054722,0.03742277140335393,0.04344660194174757,0.023863636363636365,0.0374558693733451,0.03924315975286849,0.012941306266548986,0.00880406001765225,0.03245807590467785,0.00866063548102383,0.0032656663724624888,0.015346425419240953,0.0007612533097969991,0.0005957634598411297,4.41306266548985e-05,8.8261253309797e-05,0.0,0.0,0.0,0.0,0.0,0.0,0.0,0.0,0.0,0.0,0.0,0.0,0.0,0.0,0.0,0.0,0.0,0.0,0.0,0.0,0.0,0.0,0.0,0.0,0.0,0.0,0.0,0.0,0.0,0.0,0.0,0.0,0.0,0.0,0.0,0.0,0.0,0.0,0.0,0.0,0.0,0.0,nan,nan,4.319482288828338,2.8496812296679317,nan,0.9153164320964708,0.02310209842986954,0.0,0.0,0.0,0.0,0.0,0.0,0.0,0.0,0.0,0.0,0.0,0.0,0.0,0.0,0.0,0.0,0.0,0.0,0.0,0.0,0.0,0.0,0.0,0.0,0.0,0.5713076597545494,7.147693609818029,15.79348286077021,6.170122725349134,0.317393144308083,0.9159015221714479,0.022221278951110666,0.0,0.0,0.0,0.0,0.0,0.0,0.0,0.0,0.0,0.0,0.0,0.0,0.0,0.0,0.0,0.0,0.0,0.0,0.0,0.0,0.0,0.0,0.0,0.0,0.013831258644536656,0.2904564315352698,6.970954356846475,16.265560165975106,6.210235131396959,0.2489626556016598,0.4001,0.011955,0.0,0.0,0.0,0.0,0.0,0.0,0.0,0.0,0.0,0.0,0.08887008040626325,14.727041895895027,15.133305120609398,0.050782903089293285,0.0,0.0,0.0,0.0,0.0,0.0,0.0,0.0,0.0,0.0,0.0,0.0,0.0,0.0,0.0,0.0,0.4004,0.01205,0.0,0.0,0.0,0.0,0.0,0.0,0.0,0.0,0.0,0.0,0.02766251728907331,14.522821576763466,15.394190871369299,0.05532503457814662,0.0,0.0,0.0,0.0,0.0,0.0,0.0,0.0,0.0,0.0,0.0,0.0,0.0,0.0,0.0,0.0
52400,4778,2448,0.5123482628714944,1168,963,0.4460025115110925,1355,0.567182921724571,0.3940000000000001,3.03519313304721,3.143295485277196,6.682492581602374,2.163925097728658,8372.213729593974,506.54545360870503,7853.0,8866.4,8866.399999999998,1.8189894035458565e-12,7853.0,0.0,28.17287568020092,20.84277689813625,33.03054382915322,19.097018406576225,0.13499372122226874,0.09836751778987024,0.09271661783172876,0.08518208455420678,0.08518208455420678,0.07597321054834659,0.06906655504395144,0.0722059439095856,0.052113855169527,0.05064880703223106,0.044579321892005024,0.04311427375470908,0.03264964420259523,0.027208036835496024,0.016743407283382167,0.012138970280452072,0.007115948095437421,0.9166736684742708,0.022852351086242194,0.0,0.0,0.0,0.0,0.0,0.0,0.0,0.0,0.0,0.0,0.0,0.0,0.0,0.0,0.0,0.0,0.0,0.0,0.0,0.0,0.0,0.0,0.0,0.0,0.006278777731268314,0.3892842193386355,6.642946839681877,15.94181665969025,6.598995395562999,0.42067810799497707,4.262279293739968,2.928397400921764,nan,nan,nan,4.340645161290323,2.91759283843097,4.184664536741214,2.936998962654521,0.9640651058187992,0.3994,0.01173,0.0,0.0,0.0,0.0,0.0,0.0,0.0,0.0,0.0,0.0,0.08790288823775641,15.207199665131833,14.654667224780246,0.050230221850146514,0.0,0.0,0.0,0.0,0.0,0.0,0.0,0.0,0.0,0.0,0.0,0.0,0.0,0.0,0.0,0.0,nan,nan,4.262279293739968,2.928397400921764,nan,0.3994,0.0624,0.0,0.0,0.0,0.0,0.0,0.0,0.0,0.0,0.0,0.0,0.0,0.0,0.0,0.0,0.0,0.0,0.0,0.0,1.0464629552113855e-05,0.0014022603599832565,0.0,0.0,0.0,0.00507534533277522,0.0002302218501465048,0.0038719129342821264,0.0006906655504395144,0.00044997907074089576,0.02736500627877773,0.005766010883214734,0.020772289660946002,0.012390121389702805,0.04053997488488908,0.054740477187107575,0.02836961071578066,0.06817706153202177,0.038206362494767686,0.04943491000418585,0.05705316031812474,0.05776475512766848,0.05960652992884052,0.060684386772708244,0.07804520719966514,0.06764336542486396,0.04000627877773127,0.044275847634993724,0.023022185014650483,0.03465885307660109,0.036249476768522394,0.013708664713269151,0.009030975303474256,0.03277521975722059,0.0074298869820008375,0.003118459606529929,0.015142318961908749,0.0010673922143156131,0.0012034323984930933,0.0,2.092925910422771e-05,0.0,0.0,0.0,0.0,0.0,0.0,0.0,0.0,0.0,0.0,0.0,0.0,0.0,0.0,0.0,0.0,0.0,0.0,0.0,0.0,0.0,0.0,0.0,0.0,0.0,0.0,0.0,0.0,0.0,0.0,0.0,0.0,0.0,0.0,0.0,0.0,0.0,0.0,0.0,0.0,0.0,0.0,nan,nan,4.262279293739968,2.928397400921764,nan,0.9160785581307863,0.023047581937340307,0.0,0.0,0.0,0.0,0.0,0.0,0.0,0.0,0.0,0.0,0.0,0.0,0.0,0.0,0.0,0.0,0.0,0.0,0.0,0.0,0.0,0.0,0.0,0.0,0.012254901960784317,0.42892156862745107,6.752450980392158,16.164215686274513,6.250000000000002,0.39215686274509814,0.9172989174531765,0.022628566363605277,0.0,0.0,0.0,0.0,0.0,0.0,0.0,0.0,0.0,0.0,0.0,0.0,0.0,0.0,0.0,0.0,0.0,0.0,0.0,0.0,0.0,0.0,0.0,0.0,0.0,0.34763948497854086,6.527896995708156,15.708154506437772,6.965665236051504,0.45064377682403445,0.3994,0.01162,0.0,0.0,0.0,0.0,0.0,0.0,0.0,0.0,0.0,0.0,0.04901960784313727,15.441176470588214,14.436274509803924,0.0735294117647059,0.0,0.0,0.0,0.0,0.0,0.0,0.0,0.0,0.0,0.0,0.0,0.0,0.0,0.0,0.0,0.0,0.3994,0.01185,0.0,0.0,0.0,0.0,0.0,0.0,0.0,0.0,0.0,0.0,0.12875536480686697,14.961373390557918,14.884120171673823,0.025751072961373397,0.0,0.0,0.0,0.0,0.0,0.0,0.0,0.0,0.0,0.0,0.0,0.0,0.0,0.0,0.0,0.0
52500,4681,2440,0.521256141850032,1116,958,0.44306772057252725,1310,0.5597094637897885,0.4140000000000001,3.025881302989737,3.1066495225370665,6.586477987421383,2.1177015659604685,8381.240974150822,506.24191493063216,7853.0,8866.4,8866.399999999998,1.8189894035458565e-12,7853.0,0.0,28.13800469985046,20.967043900411653,33.13285823364724,19.179270061770477,0.1382183294167913,0.10040589617603077,0.09485152745139927,0.0848109378337962,0.07968382824182867,0.06814783165990174,0.0717795342875454,0.06558427686391796,0.059602649006622516,0.05447553941465499,0.043580431531723994,0.04165776543473617,0.033967101046784874,0.02627643665883358,0.020294808801538132,0.010467848750267038,0.00619525742362743,0.9174031789576338,0.0228175463827688,0.0,0.0,0.0,0.0,0.0,0.0,0.0,0.0,0.0,0.0,0.0,0.0,0.0,0.0,0.0,0.0,0.0,0.0,0.0,0.0,0.0,0.0,0.0,0.0,0.006408886989959412,0.35248878444776766,6.460158085879087,15.746635334330275,6.966460158085881,0.46784875026703704,4.312416998671979,2.9251971026001504,nan,nan,nan,4.229639519359146,2.92599007074285,4.393258426966292,2.922779150335492,1.0386838894563613,0.4,0.012184,0.0,0.0,0.0,0.0,0.0,0.0,0.0,0.0,0.0,0.0,0.12817773979918823,14.983977782525079,14.81734672078616,0.07049775688955352,0.0,0.0,0.0,0.0,0.0,0.0,0.0,0.0,0.0,0.0,0.0,0.0,0.0,0.0,0.0,0.0,nan,nan,4.312416998671979,2.9251971026001504,nan,0.4,0.06256,0.0,0.0,0.0,0.0,0.0,0.0,0.0,0.0,0.0,0.0,0.0,0.0,0.0,0.0,0.0,0.0,0.0,0.0,0.0,0.0017624439222388379,0.0,0.0,0.0,0.004550309762871182,0.00035248878444776757,0.0032364879299295025,0.0004486220892971587,0.00033112582781456954,0.027771843623157447,0.006601153599658193,0.019515060884426404,0.01271095919675283,0.03975646229438154,0.05716727195043794,0.02705618457594531,0.06656697286904507,0.03814355906857509,0.051121555223242895,0.054795983764152956,0.05860927152317881,0.061813715018158515,0.057754753257850885,0.07759025849177527,0.0673574022644734,0.039318521683400984,0.04329203161717582,0.023819696646015808,0.03643452253791925,0.03783379619739372,0.013554795983764153,0.008128604998931852,0.03333689382610553,0.008459730826746422,0.003076265755180517,0.015060884426404615,0.0013779107028412732,0.001271095919675283,0.0,0.0,2.1362956633198035e-05,0.0,0.0,0.0,0.0,0.0,0.0,0.0,0.0,0.0,0.0,0.0,0.0,0.0,0.0,0.0,0.0,0.0,0.0,0.0,0.0,0.0,0.0,0.0,0.0,0.0,0.0,0.0,0.0,0.0,0.0,0.0,0.0,0.0,0.0,0.0,0.0,0.0,0.0,0.0,0.0,0.0,nan,nan,4.312416998671979,2.9251971026001504,nan,0.9174212459413732,0.022624280065631944,0.0,0.0,0.0,0.0,0.0,0.0,0.0,0.0,0.0,0.0,0.0,0.0,0.0,0.0,0.0,0.0,0.0,0.0,0.0,0.0,0.0,0.0,0.0,0.0,0.012295081967213118,0.30737704918032793,6.528688524590166,15.786885245901642,6.959016393442624,0.4057377049180329,0.9173835076321879,0.023026114017005883,0.0,0.0,0.0,0.0,0.0,0.0,0.0,0.0,0.0,0.0,0.0,0.0,0.0,0.0,0.0,0.0,0.0,0.0,0.0,0.0,0.0,0.0,0.0,0.0,0.0,0.40160642570281135,6.3855421686747,15.702811244979923,6.974564926372157,0.5354752342704151,0.3997,0.01214,0.0,0.0,0.0,0.0,0.0,0.0,0.0,0.0,0.0,0.0,0.1475409836065574,15.209016393442601,14.618852459016397,0.024590163934426236,0.0,0.0,0.0,0.0,0.0,0.0,0.0,0.0,0.0,0.0,0.0,0.0,0.0,0.0,0.0,0.0,0.4001,0.01224,0.0,0.0,0.0,0.0,0.0,0.0,0.0,0.0,0.0,0.0,0.10709504685408303,14.73895582329315,15.033467202141905,0.1204819277108434,0.0,0.0,0.0,0.0,0.0,0.0,0.0,0.0,0.0,0.0,0.0,0.0,0.0,0.0,0.0,0.0
52600,4876,2565,0.5260459392945037,1181,971,0.4413453650533224,1357,0.5566037735849056,0.4180000000000001,3.043704024231934,3.1520384764689786,6.739130434782608,2.0702101725184963,8386.09495488105,506.01205159247655,7853.0,8866.4,8866.4,0.0,7853.0,0.0,27.928835110746512,20.84587522512407,32.84564740307242,19.078728398394855,0.14109926168990977,0.09782608695652174,0.09331419196062346,0.08490566037735849,0.08285479901558655,0.0773174733388023,0.06542247744052503,0.06296144380639869,0.05988515176374077,0.05127153404429861,0.050246103363412634,0.04204265791632485,0.03219852337981952,0.025840853158326498,0.014971287940935192,0.011074651353568499,0.006767842493847416,0.9180082523793447,0.022988319854235575,0.0,0.0,0.0,0.0,0.0,0.0,0.0,0.0,0.0,0.0,0.0,0.0,0.0,0.0,0.0,0.0,0.0,0.0,0.0,0.0,0.0,0.0,0.0,0.0,0.0,0.3445447087776867,6.337161607875309,15.781378178835114,7.013945857260051,0.5229696472518459,4.391179290508149,2.977769801523526,nan,nan,nan,4.480354879594423,3.008215514855886,4.300451321727918,2.9437001418063824,0.9598461365893429,0.3997,0.012,0.0,0.0,0.0,0.0,0.0,0.0,0.0,0.0,0.0,0.0,0.11074651353568501,14.840032813781768,14.981542247744056,0.06767842493847417,0.0,0.0,0.0,0.0,0.0,0.0,0.0,0.0,0.0,0.0,0.0,0.0,0.0,0.0,0.0,0.0,nan,nan,4.391179290508149,2.977769801523526,nan,0.3997,0.06287,0.0,0.0,0.0,0.0,0.0,0.0,0.0,0.0,0.0,0.0,0.0,0.0,0.0,0.0,0.0,0.0,0.0,0.0,0.0,0.0018560295324036096,0.0,0.0,2.0508613617719442e-05,0.005239950779327317,0.00035890073831009025,0.004009433962264151,8.203445447087777e-05,0.000256357670221493,0.02692780968006563,0.006583264971287941,0.018344954881050042,0.013084495488105004,0.04074036095159967,0.06065422477440525,0.024384741591468417,0.06977030352748154,0.036228465955701394,0.04854388843314192,0.05690114848236259,0.06075676784249385,0.0601825266611977,0.05543478260869565,0.07384126333059886,0.06499179655455291,0.04080188679245283,0.044924118129614436,0.025707547169811322,0.03705906480721903,0.0395611156685808,0.012315422477440526,0.00878794093519278,0.031860131255127155,0.00921862182116489,0.002655865463494668,0.014981542247744053,0.0018662838392124693,0.0009741591468416735,1.0254306808859721e-05,0.0,8.203445447087777e-05,0.0,0.0,0.0,0.0,0.0,0.0,0.0,0.0,0.0,0.0,0.0,0.0,0.0,0.0,0.0,0.0,0.0,0.0,0.0,0.0,0.0,0.0,0.0,0.0,0.0,0.0,0.0,0.0,0.0,0.0,0.0,0.0,0.0,0.0,0.0,0.0,0.0,0.0,0.0,0.0,0.0,nan,nan,4.391179290508149,2.977769801523526,nan,0.9173137989425287,0.02330292960340447,0.0,0.0,0.0,0.0,0.0,0.0,0.0,0.0,0.0,0.0,0.0,0.0,0.0,0.0,0.0,0.0,0.0,0.0,0.0,0.0,0.0,0.0,0.0,0.0,0.0,0.38596491228070184,6.549707602339183,15.742690058479536,6.818713450292399,0.5029239766081872,0.9187790325893979,0.022609049449677135,0.0,0.0,0.0,0.0,0.0,0.0,0.0,0.0,0.0,0.0,0.0,0.0,0.0,0.0,0.0,0.0,0.0,0.0,0.0,0.0,0.0,0.0,0.0,0.0,0.0,0.29857204673301607,6.101254868022503,15.824318476849852,7.230636088273476,0.5452185201211598,0.3997,0.01202,0.0,0.0,0.0,0.0,0.0,0.0,0.0,0.0,0.0,0.0,0.10526315789473686,15.111111111111088,14.678362573099418,0.10526315789473686,0.0,0.0,0.0,0.0,0.0,0.0,0.0,0.0,0.0,0.0,0.0,0.0,0.0,0.0,0.0,0.0,0.4,0.01198,0.0,0.0,0.0,0.0,0.0,0.0,0.0,0.0,0.0,0.0,0.11683254002596281,14.539160536564236,15.318044136737345,0.02596278667243618,0.0,0.0,0.0,0.0,0.0,0.0,0.0,0.0,0.0,0.0,0.0,0.0,0.0,0.0,0.0,0.0
52700,4943,2560,0.517904106817722,1247,1001,0.45478454379931216,1390,0.56241149099737,0.4300000000000001,3.0616869492236676,3.1517722780764283,6.616690240452617,2.2285034890697033,8377.84402184908,506.3750432941378,7853.0,8866.4,8866.399999999998,1.8189894035458565e-12,7853.0,0.0,28.54562006878414,20.956393666363333,33.389660124461464,19.16699703467604,0.13412907141412098,0.09346550677726077,0.09164475015172972,0.0910378312765527,0.07707869714748129,0.07647177827230427,0.06979567064535708,0.061096500101153146,0.060894193809427476,0.05563423022455998,0.048755816305887115,0.04551891563827635,0.030952862634027918,0.02650212421606312,0.01820756625531054,0.011126846044911997,0.007687639085575561,0.9177152719932747,0.022933224978777512,0.0,0.0,0.0,0.0,0.0,0.0,0.0,0.0,0.0,0.0,0.0,0.0,0.0,0.0,0.0,0.0,0.0,0.0,0.0,0.0,0.0,0.0,0.0,0.0,0.0,0.37628970260975125,6.202710904309125,15.961966417155576,6.961359498280398,0.49767347764515485,4.217056650246305,2.9169526927204483,nan,nan,nan,4.199142156862745,2.875509204588603,4.2365325077399385,2.958499806224839,1.0089042831798598,0.4006,0.012215,0.0,0.0,0.0,0.0,0.0,0.0,0.0,0.0,0.0,0.0,0.08496864252478255,14.274731944163443,15.561399959538745,0.07889945377301236,0.0,0.0,0.0,0.0,0.0,0.0,0.0,0.0,0.0,0.0,0.0,0.0,0.0,0.0,0.0,0.0,nan,nan,4.217056650246305,2.9169526927204483,nan,0.4006,0.0627,0.0,0.0,0.0,0.0,0.0,0.0,0.0,0.0,0.0,0.0,0.0,0.0,0.0,0.0,0.0,0.0,0.0,0.0,0.0,0.0012846449524580215,0.0,1.0115314586283634e-05,0.0,0.005138579809832086,0.0002832288084159417,0.003934857374064333,4.0461258345134535e-05,0.00035403601051992717,0.027068581832895004,0.007151527412502529,0.017701800525996358,0.012563220716164272,0.04014768359295974,0.060004046125834515,0.023872142423629374,0.06632611774226178,0.0355351001416144,0.04688448310742464,0.06047946591138984,0.05798098320857779,0.06273518106413109,0.056200687841391865,0.07337649200890148,0.06523366376694315,0.042008901476835926,0.04566053004248432,0.026876390855755616,0.0372041270483512,0.04112886910782925,0.012603681974509407,0.007748330973093263,0.031509204936273516,0.009235282217276958,0.0030244790612988064,0.015031357475217479,0.0026097511632611776,0.0008496864252478252,3.03459437588509e-05,3.03459437588509e-05,0.00014161440420797086,0.0,0.0,0.0,0.0,0.0,0.0,0.0,0.0,0.0,0.0,0.0,0.0,0.0,0.0,0.0,0.0,0.0,0.0,0.0,0.0,0.0,0.0,0.0,0.0,0.0,0.0,0.0,0.0,0.0,0.0,0.0,0.0,0.0,0.0,0.0,0.0,0.0,0.0,0.0,0.0,0.0,nan,nan,4.217056650246305,2.9169526927204483,nan,0.9181962653528899,0.022485490799188223,0.0,0.0,0.0,0.0,0.0,0.0,0.0,0.0,0.0,0.0,0.0,0.0,0.0,0.0,0.0,0.0,0.0,0.0,0.0,0.0,0.0,0.0,0.0,0.0,0.0,0.3281250000000001,5.847656250000002,16.312500000000004,6.996093750000002,0.5156250000000001,0.9171985523119425,0.023393657780465246,0.0,0.0,0.0,0.0,0.0,0.0,0.0,0.0,0.0,0.0,0.0,0.0,0.0,0.0,0.0,0.0,0.0,0.0,0.0,0.0,0.0,0.0,0.0,0.0,0.0,0.42803189257238783,6.584137641628201,15.585396558959298,6.924045321023921,0.47838858581619814,0.4006,0.012215,0.0,0.0,0.0,0.0,0.0,0.0,0.0,0.0,0.0,0.0,0.058593750000000014,14.26171874999998,15.562500000000004,0.11718750000000003,0.0,0.0,0.0,0.0,0.0,0.0,0.0,0.0,0.0,0.0,0.0,0.0,0.0,0.0,0.0,0.0,0.4006,0.01221,0.0,0.0,0.0,0.0,0.0,0.0,0.0,0.0,0.0,0.0,0.11330255979857325,14.288711707931158,15.560218212337393,0.03776751993285775,0.0,0.0,0.0,0.0,0.0,0.0,0.0,0.0,0.0,0.0,0.0,0.0,0.0,0.0,0.0,0.0
52800,4586,2391,0.5213693850850414,1128,914,0.44526820758831226,1256,0.5477540340165722,0.4300000000000001,2.965375854214123,3.097604965389191,6.374009508716323,2.2581894476606843,8381.355734845181,506.2370187454835,7853.0,8866.4,8866.399999999998,1.8189894035458565e-12,7853.0,0.0,28.899476668120368,21.2007961877251,33.61019989748847,19.46596152609307,0.13061491495856956,0.09463584823375491,0.09310946358482337,0.08896641953772351,0.07610117749672918,0.07457479284779764,0.07021369385085041,0.06345399040558221,0.058656781508940256,0.0538595726122983,0.04273877017008286,0.047317924116877456,0.03837767117313563,0.027474923680767552,0.018970780636720454,0.011993022241604884,0.008940252943741823,0.9172384453116158,0.02296441649206435,0.0,0.0,0.0,0.0,0.0,0.0,0.0,0.0,0.0,0.0,0.0,0.0,0.0,0.0,0.0,0.0,0.0,0.0,0.0,0.0,0.0,0.0,0.0,0.0,0.006541648495420847,0.30091583078935896,6.692106410815527,15.765372873964242,6.750981247274315,0.4840819886611427,4.112326043737575,2.881634533538509,nan,nan,nan,4.030625832223702,2.8486676881801367,4.193271767810026,2.911669199570132,1.0403525264702114,0.4004,0.01234,0.0,0.0,0.0,0.0,0.0,0.0,0.0,0.0,0.0,0.0,0.09812472743131272,14.411251635412102,15.418665503706936,0.07195813344962931,0.0,0.0,0.0,0.0,0.0,0.0,0.0,0.0,0.0,0.0,0.0,0.0,0.0,0.0,0.0,0.0,nan,nan,4.112326043737575,2.881634533538509,nan,0.4004,0.063,0.0,0.0,0.0,0.0,0.0,0.0,0.0,0.0,0.0,0.0,0.0,0.0,0.0,0.0,0.0,0.0,0.0,0.0,0.0,0.0008613170518970781,0.0,0.0,3.270824247710423e-05,0.0056694286960314,0.0004034016572176188,0.004262974269515918,0.000141735717400785,0.00016354121238552116,0.027126035761011774,0.007533798517226341,0.018109463584823376,0.01229829917139119,0.040165721761883995,0.0603139991277802,0.024007849978194506,0.06808765808983865,0.03679677278674226,0.04696903619712167,0.060455734845180985,0.05703227213257741,0.06337767117313563,0.05238770170082861,0.0719254252071522,0.06419537723506323,0.04111426079372002,0.047296118621892716,0.026395551679023115,0.03725468818142172,0.041299607501090276,0.012963366768425643,0.008427823811600524,0.0311818578281727,0.009267335368512866,0.003543392935019625,0.015122110771914523,0.0029219363279546448,0.0007959005669428696,2.1805494984736154e-05,6.541648495420846e-05,0.0,0.0,1.0902747492368077e-05,0.0,0.0,0.0,0.0,0.0,0.0,0.0,0.0,0.0,0.0,0.0,0.0,0.0,0.0,0.0,0.0,0.0,0.0,0.0,0.0,0.0,0.0,0.0,0.0,0.0,0.0,0.0,0.0,0.0,0.0,0.0,0.0,0.0,0.0,0.0,0.0,0.0,0.0,0.0,nan,nan,4.112326043737575,2.881634533538509,nan,0.9173662045519505,0.022882174232779634,0.0,0.0,0.0,0.0,0.0,0.0,0.0,0.0,0.0,0.0,0.0,0.0,0.0,0.0,0.0,0.0,0.0,0.0,0.0,0.0,0.0,0.0,0.0,0.0,0.0,0.3136762860727729,6.511919698870767,15.809284818067757,6.913425345043916,0.45169385194479306,0.9170992779568822,0.02305286293378002,0.0,0.0,0.0,0.0,0.0,0.0,0.0,0.0,0.0,0.0,0.0,0.0,0.0,0.0,0.0,0.0,0.0,0.0,0.0,0.0,0.0,0.0,0.0,0.0,0.013667425968109343,0.2870159453302962,6.888382687927109,15.717539863325744,6.574031890660594,0.519362186788155,0.4004,0.012505,0.0,0.0,0.0,0.0,0.0,0.0,0.0,0.0,0.0,0.0,0.10037641154328734,14.429109159347533,15.43287327478043,0.03764115432873275,0.0,0.0,0.0,0.0,0.0,0.0,0.0,0.0,0.0,0.0,0.0,0.0,0.0,0.0,0.0,0.0,0.4004,0.012146,0.0,0.0,0.0,0.0,0.0,0.0,0.0,0.0,0.0,0.0,0.0956719817767654,14.391799544419113,15.403189066059229,0.10933940774487474,0.0,0.0,0.0,0.0,0.0,0.0,0.0,0.0,0.0,0.0,0.0,0.0,0.0,0.0,0.0,0.0
52900,4773,2468,0.5170752147496334,1183,992,0.4556882463859208,1349,0.5652629373559606,0.4060000000000001,2.941431670281996,3.0636836656627295,6.601880877742946,2.1234907024141534,8377.00402262728,506.4044438992557,7853.0,8866.4,8866.399999999998,1.8189894035458565e-12,7853.0,0.0,28.103498847684893,20.776649246231983,33.166875156367276,18.89893650231051,0.14142049025769957,0.0976325162371674,0.08967106641525247,0.08296668761785041,0.08380473496752566,0.07332914309658496,0.06704378797402054,0.06494866959983239,0.0636915985753195,0.05342551854179761,0.047978210768908444,0.04211187932118165,0.035826524198617225,0.023884349465744813,0.016760946993505135,0.008589985334171381,0.0069138906348208675,0.9160796574719068,0.023203769125078322,0.0,0.0,0.0,0.0,0.0,0.0,0.0,0.0,0.0,0.0,0.0,0.0,0.0,0.0,0.0,0.0,0.0,0.0,0.0,0.0,0.0,0.0,0.0,0.0,0.012570710245128854,0.4776869893148964,6.895034569453176,15.619107479572598,6.568196103079826,0.427404148334381,4.223076923076923,2.899974494888863,nan,nan,nan,4.191119691119691,2.899234072259647,4.256869009584665,2.900119933418086,1.0156877692145816,0.4006,0.012405,0.0,0.0,0.0,0.0,0.0,0.0,0.0,0.0,0.0,0.0,0.050282840980515414,14.041483343808904,15.763670647391582,0.1445631678189818,0.0,0.0,0.0,0.0,0.0,0.0,0.0,0.0,0.0,0.0,0.0,0.0,0.0,0.0,0.0,0.0,nan,nan,4.223076923076923,2.899974494888863,nan,0.4006,0.0626,0.0,0.0,0.0,0.0,0.0,0.0,0.0,0.0,0.0,0.0,0.0,0.0,0.0,0.0,0.0,0.0,0.0,0.0,0.0,0.0007961449821914939,0.0,0.0,0.00011523151058034779,0.005573014875340457,0.0005552063691598576,0.004221663523989105,0.0002828409805153991,0.00017808506180599205,0.025089042530902998,0.007322438717787555,0.017714225853760736,0.011334590404357846,0.04127383197150639,0.05850618059920386,0.023287240729101193,0.06951602765556254,0.03682170542635659,0.04945526922271108,0.06086318877016551,0.056610098470563586,0.05784621831133459,0.056400586633144775,0.07260632725749004,0.0663943012780222,0.040907186256023464,0.04868007542426147,0.025539492981353447,0.037785459878483134,0.041965221034988474,0.012905929184998952,0.007888120678818352,0.029017389482505762,0.010140372931070606,0.002765556253928347,0.01507437670228368,0.0033521893987010264,0.001047559187094071,9.428032683846638e-05,7.332914309658496e-05,0.0,0.0,0.0,0.0,0.0,0.0,0.0,0.0,0.0,0.0,0.0,0.0,0.0,0.0,0.0,0.0,0.0,0.0,0.0,0.0,0.0,0.0,0.0,0.0,0.0,0.0,0.0,0.0,0.0,0.0,0.0,0.0,0.0,0.0,0.0,0.0,0.0,0.0,0.0,0.0,0.0,0.0,nan,nan,4.223076923076923,2.899974494888863,nan,0.9160150574034192,0.022762098290405257,0.0,0.0,0.0,0.0,0.0,0.0,0.0,0.0,0.0,0.0,0.0,0.0,0.0,0.0,0.0,0.0,0.0,0.0,0.0,0.0,0.0,0.0,0.0,0.0,0.0,0.43760129659643443,6.8071312803889805,15.923824959481365,6.4789303079416545,0.35251215559157223,0.9161488257881876,0.023667342259863635,0.0,0.0,0.0,0.0,0.0,0.0,0.0,0.0,0.0,0.0,0.0,0.0,0.0,0.0,0.0,0.0,0.0,0.0,0.0,0.0,0.0,0.0,0.0,0.0,0.02603036876355749,0.5206073752711498,6.989154013015186,15.292841648590025,6.663774403470717,0.507592190889371,0.4006,0.01252,0.0,0.0,0.0,0.0,0.0,0.0,0.0,0.0,0.0,0.0,0.09724473257698543,14.088330632090742,15.729335494327394,0.08508914100486226,0.0,0.0,0.0,0.0,0.0,0.0,0.0,0.0,0.0,0.0,0.0,0.0,0.0,0.0,0.0,0.0,0.401,0.01227,0.0,0.0,0.0,0.0,0.0,0.0,0.0,0.0,0.0,0.0,0.0,13.991323210412126,15.800433839479396,0.20824295010845992,0.0,0.0,0.0,0.0,0.0,0.0,0.0,0.0,0.0,0.0,0.0,0.0,0.0,0.0,0.0,0.0
53000,4759,2418,0.5080899348602648,1132,1000,0.44799327589829796,1365,0.5736499264551377,0.4020000000000001,2.928662964545066,3.05433402023542,6.4828125,2.2043320053575757,8367.898339987392,506.633671622259,7853.0,8866.4,8866.399999999998,1.8189894035458565e-12,7853.0,0.0,28.31876444631225,21.101966968659713,33.257050162216125,19.33742283036235,0.13784408489178399,0.09749947467955453,0.09476780836310149,0.08258037402815717,0.0769069132170624,0.07963857953351544,0.06829165791132591,0.06808152973313722,0.06051691531834419,0.04790922462702248,0.04370666106324858,0.03824332843034251,0.03761294389577642,0.02836730405547384,0.017020382433284305,0.013027947047699096,0.007984870771170414,0.9168496965034391,0.022899978695439218,0.0,0.0,0.0,0.0,0.0,0.0,0.0,0.0,0.0,0.0,0.0,0.0,0.0,0.0,0.0,0.0,0.0,0.0,0.0,0.0,0.0,0.0,0.0,0.0,0.0,0.46018071023324236,6.385795335154445,16.257617146459342,6.41731456188275,0.47909224627022495,4.266752994496601,2.837237674466095,nan,nan,nan,4.26995457495133,2.817588553047379,4.2650290885585,2.8570033339533287,0.998846478034749,0.4004,0.01197,0.0,0.0,0.0,0.0,0.0,0.0,0.0,0.0,0.0,0.0,0.05673460811094769,14.517755831056924,15.35616726202984,0.0693422988022694,0.0,0.0,0.0,0.0,0.0,0.0,0.0,0.0,0.0,0.0,0.0,0.0,0.0,0.0,0.0,0.0,nan,nan,4.266752994496601,2.837237674466095,nan,0.4004,0.0629,0.0,0.0,0.0,0.0,0.0,0.0,0.0,0.0,0.0,0.0,0.0,0.0,0.0,0.0,0.0,0.0,0.0,0.0,0.0,0.0008405127127547804,0.0,0.0,0.00014708972473208659,0.005085101912166421,0.0007879806682076066,0.004139525110317293,0.00024164740491699937,0.00015759613364152133,0.024343349443160328,0.007217902920781677,0.018596343769699517,0.011956293338936752,0.04113259088043707,0.06115780626181971,0.02483715066190376,0.07039293969321286,0.03619457869300273,0.05086152553057365,0.061252363942004624,0.05634587098129859,0.05907753729775163,0.05384534566085312,0.07082370245849968,0.06356377390208028,0.04223576381592772,0.04757301954192057,0.024669048119352804,0.038274847657070815,0.040428661483504935,0.013217062408068922,0.008005883588989283,0.028671989913847448,0.009518806471947888,0.003309518806471948,0.015812145408699307,0.004055473839041816,0.001113679344400084,8.405127127547805e-05,3.1519226728304264e-05,0.0,0.0,0.0,0.0,0.0,0.0,0.0,0.0,0.0,0.0,0.0,0.0,0.0,0.0,0.0,0.0,0.0,0.0,0.0,0.0,0.0,0.0,0.0,0.0,0.0,0.0,0.0,0.0,0.0,0.0,0.0,0.0,0.0,0.0,0.0,0.0,0.0,0.0,0.0,0.0,0.0,0.0,nan,nan,4.266752994496601,2.837237674466095,nan,0.916718611646231,0.022761140465079058,0.0,0.0,0.0,0.0,0.0,0.0,0.0,0.0,0.0,0.0,0.0,0.0,0.0,0.0,0.0,0.0,0.0,0.0,0.0,0.0,0.0,0.0,0.0,0.0,0.0,0.446650124069479,6.339950372208438,16.526054590570723,6.191066997518612,0.4962779156327544,0.9169850929941392,0.023041722402119637,0.0,0.0,0.0,0.0,0.0,0.0,0.0,0.0,0.0,0.0,0.0,0.0,0.0,0.0,0.0,0.0,0.0,0.0,0.0,0.0,0.0,0.0,0.0,0.0,0.0,0.4741563434429732,6.433148227253312,15.980350277659124,6.651003844510894,0.46134130713370364,0.4001,0.0121,0.0,0.0,0.0,0.0,0.0,0.0,0.0,0.0,0.0,0.0,0.0620347394540943,14.540942928039682,15.322580645161294,0.07444168734491316,0.0,0.0,0.0,0.0,0.0,0.0,0.0,0.0,0.0,0.0,0.0,0.0,0.0,0.0,0.0,0.0,0.4004,0.01184,0.0,0.0,0.0,0.0,0.0,0.0,0.0,0.0,0.0,0.0,0.051260145237078183,14.493806065783831,15.390858607432724,0.06407518154634773,0.0,0.0,0.0,0.0,0.0,0.0,0.0,0.0,0.0,0.0,0.0,0.0,0.0,0.0,0.0,0.0
53100,4401,2277,0.5173824130879345,1051,894,0.44194501249715973,1223,0.5557827766416723,0.4220000000000001,3.0051789077212807,3.1095005860339855,6.551554828150572,2.1805290814718443,8377.315337423313,506.39371035535453,7853.0,8866.4,8866.399999999998,1.8189894035458565e-12,7853.0,0.0,28.497841399681892,21.00416113918716,33.3502688172043,19.21465194558837,0.13542376732560782,0.0952056350829357,0.09157009770506704,0.08861622358554874,0.07748239036582595,0.07543740059077482,0.06703022040445353,0.0681663258350375,0.06066802999318337,0.053169734151329244,0.04658032265394228,0.0406725744149057,0.033401499659168374,0.029538741195182912,0.019768234492160874,0.00977050670302204,0.007498295841854124,0.9163205573922313,0.02270481393234835,0.0,0.0,0.0,0.0,0.0,0.0,0.0,0.0,0.0,0.0,0.0,0.0,0.0,0.0,0.0,0.0,0.0,0.0,0.0,0.0,0.0,0.0,0.0,0.0,0.006816632583503751,0.4430811179277438,6.680299931833676,16.19631901840491,6.291751874573962,0.3817314246762101,4.252805049088359,2.877630972499349,nan,nan,nan,4.2607773851590105,2.9073773769372857,4.247910863509749,2.846801427095634,0.9969802408137826,0.4011,0.011696,0.0,0.0,0.0,0.0,0.0,0.0,0.0,0.0,0.0,0.0,0.027266530334015004,13.83776414451259,16.10088616223586,0.034083162917518756,0.0,0.0,0.0,0.0,0.0,0.0,0.0,0.0,0.0,0.0,0.0,0.0,0.0,0.0,0.0,0.0,nan,nan,4.252805049088359,2.877630972499349,nan,0.4011,0.0627,0.0,0.0,0.0,0.0,0.0,0.0,0.0,0.0,0.0,0.0,0.0,0.0,0.0,0.0,0.0,0.0,0.0,0.0,0.0,0.0009656896159963644,0.0,3.408316291751875e-05,7.952738014087707e-05,0.004964780731651897,0.0010111338332197228,0.00326062258577596,0.00027266530334015,0.00021586003181095205,0.022483526471256534,0.006816632583503749,0.016700749829584187,0.010497614178595774,0.04007043853669621,0.061599636446262214,0.027380140877073394,0.06951829129743241,0.03379913655987275,0.05147693705975914,0.0653260622585776,0.05849806862076801,0.060429447852760734,0.052817541467848214,0.07311974551238355,0.05964553510565781,0.0446034992047262,0.04589865939559191,0.025164735287434674,0.036503067484662574,0.04013860486253124,0.01307657350602136,0.008066348557146103,0.028754828448079982,0.009588729834128607,0.003453760508975233,0.017382413087934562,0.004658032265394229,0.0016814360372642582,0.0,2.2722108611679163e-05,0.0,2.2722108611679163e-05,0.0,0.0,0.0,0.0,0.0,0.0,0.0,0.0,0.0,0.0,0.0,0.0,0.0,0.0,0.0,0.0,0.0,0.0,0.0,0.0,0.0,0.0,0.0,0.0,0.0,0.0,0.0,0.0,0.0,0.0,0.0,0.0,0.0,0.0,0.0,0.0,0.0,0.0,0.0,0.0,nan,nan,4.252805049088359,2.877630972499349,nan,0.9163432288023271,0.022724127913636743,0.0,0.0,0.0,0.0,0.0,0.0,0.0,0.0,0.0,0.0,0.0,0.0,0.0,0.0,0.0,0.0,0.0,0.0,0.0,0.0,0.0,0.0,0.0,0.0,0.013175230566534918,0.42160737812911736,6.837944664031622,16.086956521739133,6.205533596837946,0.4347826086956523,0.9162962528720863,0.02268406525979756,0.0,0.0,0.0,0.0,0.0,0.0,0.0,0.0,0.0,0.0,0.0,0.0,0.0,0.0,0.0,0.0,0.0,0.0,0.0,0.0,0.0,0.0,0.0,0.0,0.0,0.4661016949152543,6.51129943502825,16.313559322033903,6.384180790960453,0.32485875706214695,0.4011,0.01165,0.0,0.0,0.0,0.0,0.0,0.0,0.0,0.0,0.0,0.0,0.0,13.965744400526988,15.981554677206855,0.05270092226613967,0.0,0.0,0.0,0.0,0.0,0.0,0.0,0.0,0.0,0.0,0.0,0.0,0.0,0.0,0.0,0.0,0.401,0.01175,0.0,0.0,0.0,0.0,0.0,0.0,0.0,0.0,0.0,0.0,0.05649717514124295,13.700564971751392,16.228813559322038,0.014124293785310738,0.0,0.0,0.0,0.0,0.0,0.0,0.0,0.0,0.0,0.0,0.0,0.0,0.0,0.0,0.0,0.0
53200,4696,2395,0.5100085178875639,1121,953,0.4416524701873935,1319,0.5617546848381602,0.4060000000000001,2.9561060408518034,3.098734983942103,6.6484375,2.106499776547282,8369.842632027257,506.5984771153181,7853.0,8866.4,8866.399999999998,1.8189894035458565e-12,7853.0,0.0,27.50596252129472,20.75028905737276,32.35716096324462,19.0994048321845,0.14054514480408858,0.10413117546848381,0.09007666098807496,0.09667802385008518,0.08262350936967632,0.0755962521294719,0.06963373083475298,0.06196763202725724,0.049403747870528106,0.05387563884156729,0.04663543441226576,0.03577512776831346,0.03364565587734242,0.023424190800681432,0.017674616695059625,0.012137989778534924,0.006175468483816013,0.9163892427157909,0.02328557328027921,0.0,0.0,0.0,0.0,0.0,0.0,0.0,0.0,0.0,0.0,0.0,0.0,0.0,0.0,0.0,0.0,0.0,0.0,0.0,0.0,0.0,0.0,0.0,0.0,0.0,0.4471890971039183,6.790885860306646,15.574957410562183,6.75894378194208,0.42802385008517896,4.227560894227561,2.8321291364433034,nan,nan,nan,4.2909211398277005,2.8681294855593285,4.163306451612903,2.793680047386006,0.9702593722755013,0.4014,0.011986,0.0,0.0,0.0,0.0,0.0,0.0,0.0,0.0,0.0,0.0,0.019165247018739357,13.81175468483814,16.07964224872232,0.08943781942078367,0.0,0.0,0.0,0.0,0.0,0.0,0.0,0.0,0.0,0.0,0.0,0.0,0.0,0.0,0.0,0.0,nan,nan,4.227560894227561,2.8321291364433034,nan,0.4014,0.0626,0.0,0.0,0.0,0.0,0.0,0.0,0.0,0.0,0.0,0.0,0.0,0.0,0.0,0.0,0.0,0.0,0.0,0.0,3.194207836456559e-05,0.0015971039182282793,0.0,0.0,0.00010647359454855196,0.004258943781942078,0.0008837308347529813,0.0038969335604770016,0.0002768313458262351,0.00020229982964224872,0.020836882453151618,0.006569420783645656,0.015481260647359454,0.011179727427597956,0.03990630323679727,0.06048764906303237,0.026916524701873935,0.07107112436115844,0.03557282793867121,0.05073466780238501,0.06471465076660989,0.06125425894378194,0.06125425894378194,0.05025553662691652,0.07448892674616694,0.058315587734241905,0.043931005110732536,0.04617759795570699,0.025298126064735946,0.037159284497444635,0.040321550255536624,0.013958688245315163,0.007005962521294719,0.028864991482112436,0.009369676320272573,0.0038436967632027256,0.016609880749574105,0.004482538330494038,0.0025660136286201024,1.0647359454855195e-05,5.323679727427598e-05,0.0,5.323679727427598e-05,0.0,0.0,0.0,0.0,0.0,0.0,0.0,0.0,0.0,0.0,0.0,0.0,0.0,0.0,0.0,0.0,0.0,0.0,0.0,0.0,0.0,0.0,0.0,0.0,0.0,0.0,0.0,0.0,0.0,0.0,0.0,0.0,0.0,0.0,0.0,0.0,0.0,0.0,0.0,0.0,nan,nan,4.227560894227561,2.8321291364433034,nan,0.9159866923579094,0.02357345464051141,0.0,0.0,0.0,0.0,0.0,0.0,0.0,0.0,0.0,0.0,0.0,0.0,0.0,0.0,0.0,0.0,0.0,0.0,0.0,0.0,0.0,0.0,0.0,0.0,0.0,0.4008350730688936,7.0772442588726525,15.444676409185806,6.563674321503133,0.51356993736952,0.916808237981817,0.02297461151455573,0.0,0.0,0.0,0.0,0.0,0.0,0.0,0.0,0.0,0.0,0.0,0.0,0.0,0.0,0.0,0.0,0.0,0.0,0.0,0.0,0.0,0.0,0.0,0.0,0.0,0.4954367666232074,6.492829204693613,15.710560625814866,6.962190352020862,0.3389830508474577,0.4014,0.01183,0.0,0.0,0.0,0.0,0.0,0.0,0.0,0.0,0.0,0.0,0.02505219206680585,13.62839248434236,16.2713987473904,0.07515657620041755,0.0,0.0,0.0,0.0,0.0,0.0,0.0,0.0,0.0,0.0,0.0,0.0,0.0,0.0,0.0,0.0,0.4011,0.012146,0.0,0.0,0.0,0.0,0.0,0.0,0.0,0.0,0.0,0.0,0.013037809647979142,14.002607561929576,15.880052151238596,0.10430247718383313,0.0,0.0,0.0,0.0,0.0,0.0,0.0,0.0,0.0,0.0,0.0,0.0,0.0,0.0,0.0,0.0
53300,4544,2413,0.5310299295774648,1191,897,0.4595070422535211,1244,0.5475352112676056,0.4300000000000001,3.0877522290004693,3.192008905197055,6.749585406301824,2.2641438244137975,8391.145730633802,505.7232998635778,7853.0,8866.4,8866.399999999998,1.8189894035458565e-12,7853.0,0.0,28.203345070422536,20.76593498284901,33.09582245430809,18.939327568903053,0.13776408450704225,0.10167253521126761,0.0880281690140845,0.08230633802816902,0.08032570422535211,0.06734154929577464,0.07394366197183098,0.07086267605633803,0.06492077464788733,0.05017605633802817,0.04929577464788732,0.04203345070422535,0.030809859154929578,0.02596830985915493,0.01936619718309859,0.010123239436619719,0.005061619718309859,0.9159947845979896,0.02289554095601673,0.0,0.0,0.0,0.0,0.0,0.0,0.0,0.0,0.0,0.0,0.0,0.0,0.0,0.0,0.0,0.0,0.0,0.0,0.0,0.0,0.0,0.0,0.0,0.0,0.0,0.46214788732394374,6.753961267605636,15.950704225352116,6.423855633802819,0.40933098591549305,4.238529014844804,2.963245384257399,nan,nan,nan,4.229083665338646,2.9050907983718806,4.248285322359396,3.0221088297203087,1.0045403823949208,0.402,0.01209,0.0,0.0,0.0,0.0,0.0,0.0,0.0,0.0,0.0,0.0,0.05941901408450705,12.326144366197166,17.541813380281692,0.07262323943661973,0.0,0.0,0.0,0.0,0.0,0.0,0.0,0.0,0.0,0.0,0.0,0.0,0.0,0.0,0.0,0.0,nan,nan,4.238529014844804,2.963245384257399,nan,0.402,0.06274,0.0,0.0,0.0,0.0,0.0,0.0,0.0,0.0,0.0,0.0,0.0,0.0,0.0,0.0,0.0,0.0,0.0,0.0,0.0,0.0013204225352112676,0.0,0.0,1.1003521126760564e-05,0.004368397887323944,0.000858274647887324,0.004302376760563381,0.0003961267605633803,0.0002090669014084507,0.020081426056338027,0.006503080985915493,0.014799735915492957,0.010431338028169014,0.03879841549295775,0.05974911971830986,0.024966989436619718,0.07459286971830986,0.03316461267605634,0.05155149647887324,0.06428257042253521,0.0609925176056338,0.06012323943661972,0.049207746478873236,0.07520906690140845,0.05869278169014085,0.04534551056338028,0.045378521126760565,0.025253080985915492,0.0390625,0.04086707746478873,0.015107834507042254,0.0078125,0.028774207746478875,0.009319982394366197,0.002992957746478873,0.01781470070422535,0.005127640845070423,0.0024317781690140843,0.0,5.501760563380282e-05,0.0,4.4014084507042256e-05,0.0,0.0,0.0,0.0,0.0,0.0,0.0,0.0,0.0,0.0,0.0,0.0,0.0,0.0,0.0,0.0,0.0,0.0,0.0,0.0,0.0,0.0,0.0,0.0,0.0,0.0,0.0,0.0,0.0,0.0,0.0,0.0,0.0,0.0,0.0,0.0,0.0,0.0,0.0,0.0,nan,nan,4.238529014844804,2.963245384257399,nan,0.9163770909088063,0.02283448763101402,0.0,0.0,0.0,0.0,0.0,0.0,0.0,0.0,0.0,0.0,0.0,0.0,0.0,0.0,0.0,0.0,0.0,0.0,0.0,0.0,0.0,0.0,0.0,0.0,0.0,0.47244094488188987,6.527144633236636,16.112722751761297,6.427683381682554,0.4600082884376296,0.9155618868373135,0.022956792755703174,0.0,0.0,0.0,0.0,0.0,0.0,0.0,0.0,0.0,0.0,0.0,0.0,0.0,0.0,0.0,0.0,0.0,0.0,0.0,0.0,0.0,0.0,0.0,0.0,0.0,0.4504927264195215,7.010793054903803,15.767245424683251,6.419521351478181,0.3519474425152511,0.4023,0.01192,0.0,0.0,0.0,0.0,0.0,0.0,0.0,0.0,0.0,0.0,0.049730625777041036,12.283464566929116,17.604641525072527,0.0621632822213013,0.0,0.0,0.0,0.0,0.0,0.0,0.0,0.0,0.0,0.0,0.0,0.0,0.0,0.0,0.0,0.0,0.402,0.012276,0.0,0.0,0.0,0.0,0.0,0.0,0.0,0.0,0.0,0.0,0.07038948850305023,12.37447207883621,17.470671046457067,0.08446738620366026,0.0,0.0,0.0,0.0,0.0,0.0,0.0,0.0,0.0,0.0,0.0,0.0,0.0,0.0,0.0,0.0
53400,4514,2367,0.5243686309260079,1105,885,0.4408506867523261,1243,0.5507310589277803,0.4260000000000001,3.0433162552398696,3.079370152291201,6.475357710651828,2.0905069879428013,8384.395170580416,506.0978547178441,7853.0,8866.4,8866.4,0.0,7853.0,0.0,28.48116969428445,21.053021337775466,33.50448312236287,19.215370543751725,0.13668586619406292,0.0999113867966327,0.08772707133362871,0.09038546743464776,0.07731501993797076,0.07089056269384138,0.06778910057598582,0.06734603455914931,0.05073105892778024,0.06025697828976517,0.05073105892778024,0.04031900753212229,0.03433761630482942,0.030571555161719097,0.019716437749224634,0.008639787328311919,0.00664599025254763,0.9163695617645359,0.022904687103836016,0.0,0.0,0.0,0.0,0.0,0.0,0.0,0.0,0.0,0.0,0.0,0.0,0.0,0.0,0.0,0.0,0.0,0.0,0.0,0.0,0.0,0.0,0.0,0.0,0.006645990252547631,0.50509525919362,6.513070447496679,16.036774479397433,6.47984049623394,0.45857332742578655,4.198364008179959,2.8280988666360396,nan,nan,nan,4.178940123881624,2.824467324913674,4.217420661715058,2.8315277365242446,1.0092082051172562,0.4033,0.01195,0.0,0.0,0.0,0.0,0.0,0.0,0.0,0.0,0.0,0.0,0.039875941515285784,11.51085511741248,18.303057155516175,0.14621178555604789,0.0,0.0,0.0,0.0,0.0,0.0,0.0,0.0,0.0,0.0,0.0,0.0,0.0,0.0,0.0,0.0,nan,nan,4.198364008179959,2.8280988666360396,nan,0.4033,0.06335,0.0,0.0,0.0,0.0,0.0,0.0,0.0,0.0,0.0,0.0,0.0,0.0,0.0,0.0,0.0,0.0,0.0,0.0,0.0,0.0015507310589277803,0.0,0.0,2.2153300841825433e-05,0.0048958794860434205,0.0005759858218874612,0.0033673017279574656,0.0005538325210456358,0.00017722640673460346,0.02166592822330527,0.005593708462560921,0.014986708019494905,0.00950376606114311,0.039133805937084626,0.05969206911829863,0.024911386796632698,0.07031457687195392,0.03247673903411608,0.0495680106335844,0.06297075764288879,0.058540097474523704,0.06030128489144883,0.05024368630926008,0.07312804607886575,0.06047851129818343,0.047086840939299955,0.04621178555604785,0.025686752326096587,0.041293752769162605,0.04260079751883031,0.015474080638015064,0.008983163491360212,0.027591936198493577,0.00945945945945946,0.003389455028799291,0.019760744350908285,0.005350022153300842,0.002381479840496234,0.0,7.753655294638902e-05,0.0,0.0,0.0,0.0,0.0,0.0,0.0,0.0,0.0,0.0,0.0,0.0,0.0,0.0,0.0,0.0,0.0,0.0,0.0,0.0,0.0,0.0,0.0,0.0,0.0,0.0,0.0,0.0,0.0,0.0,0.0,0.0,0.0,0.0,0.0,0.0,0.0,0.0,0.0,0.0,0.0,0.0,nan,nan,4.198364008179959,2.8280988666360396,nan,0.9170264338560632,0.022465640546571086,0.0,0.0,0.0,0.0,0.0,0.0,0.0,0.0,0.0,0.0,0.0,0.0,0.0,0.0,0.0,0.0,0.0,0.0,0.0,0.0,0.0,0.0,0.0,0.0,0.012674271229404312,0.48162230671736384,6.045627376425857,16.299112801013944,6.679340937896073,0.48162230671736384,0.9156453809351714,0.023357769307098084,0.0,0.0,0.0,0.0,0.0,0.0,0.0,0.0,0.0,0.0,0.0,0.0,0.0,0.0,0.0,0.0,0.0,0.0,0.0,0.0,0.0,0.0,0.0,0.0,0.0,0.5309734513274338,7.028411737307873,15.747554727526785,6.259897531439219,0.43316255239869594,0.4036,0.01185,0.0,0.0,0.0,0.0,0.0,0.0,0.0,0.0,0.0,0.0,0.05069708491761725,11.444866920152075,18.326996197718636,0.17743979721166037,0.0,0.0,0.0,0.0,0.0,0.0,0.0,0.0,0.0,0.0,0.0,0.0,0.0,0.0,0.0,0.0,0.403,0.01203,0.0,0.0,0.0,0.0,0.0,0.0,0.0,0.0,0.0,0.0,0.027945971122496513,11.583605030274786,18.27666511411272,0.11178388448998605,0.0,0.0,0.0,0.0,0.0,0.0,0.0,0.0,0.0,0.0,0.0,0.0,0.0,0.0,0.0,0.0
53500,4584,2361,0.5150523560209425,1121,985,0.4594240837696335,1322,0.5767888307155323,0.4140000000000001,2.9208277103013947,3.1109391306902276,6.6521739130434785,2.1263013618628803,8374.954057591623,506.4703384473678,7853.0,8866.4,8866.4,0.0,7853.0,0.0,28.172993019197207,21.019903601392148,33.07767995857069,19.264510400113792,0.1380890052356021,0.09620418848167539,0.09184118673647469,0.09293193717277487,0.08202443280977312,0.07046247818499127,0.06958987783595114,0.062390924956369984,0.05737347294938918,0.051265270506108206,0.04821116928446771,0.04144851657940663,0.03817626527050611,0.02399650959860384,0.017452006980802792,0.01068935427574171,0.007853403141361256,0.9162058140724949,0.022933710861204354,0.0,0.0,0.0,0.0,0.0,0.0,0.0,0.0,0.0,0.0,0.0,0.0,0.0,0.0,0.0,0.0,0.0,0.0,0.0,0.0,0.0,0.0,0.0,0.0,0.006544502617801049,0.4712041884816755,6.577225130890054,16.053664921465973,6.531413612565447,0.3599476439790577,4.172630881378396,2.96003081219533,nan,nan,nan,4.169424222369292,2.990236417289812,4.175846051758461,2.9294288320772894,1.0015402197154022,0.4036,0.01165,0.0,0.0,0.0,0.0,0.0,0.0,0.0,0.0,0.0,0.0,0.03926701570680629,11.321989528795795,18.48167539267016,0.15706806282722516,0.0,0.0,0.0,0.0,0.0,0.0,0.0,0.0,0.0,0.0,0.0,0.0,0.0,0.0,0.0,0.0,nan,nan,4.172630881378396,2.96003081219533,nan,0.4036,0.0629,0.0,0.0,0.0,0.0,0.0,0.0,0.0,0.0,0.0,0.0,0.0,0.0,0.0,0.0,0.0,0.0,0.0,0.0,0.0,0.0014943280977312392,0.0,0.0,2.181500872600349e-05,0.004472076788830715,0.0007198952879581152,0.0036649214659685864,0.0008180628272251309,0.0006653577661431064,0.021084205933682373,0.006391797556719023,0.014779668411867364,0.008835078534031414,0.03658376963350785,0.05759162303664921,0.02332024432809773,0.07145506108202443,0.031980802792321114,0.049171029668411866,0.0637325479930192,0.05848603839441536,0.06378708551483421,0.04893106457242583,0.07478184991273996,0.06493237347294939,0.04990183246073299,0.04381544502617801,0.024094677137870855,0.04228839441535777,0.039954188481675396,0.01469240837696335,0.009587696335078534,0.02817408376963351,0.01037303664921466,0.002912303664921466,0.018728184991273995,0.0049738219895287955,0.002650523560209424,2.181500872600349e-05,0.00013089005235602096,0.0,0.0,0.0,0.0,0.0,0.0,0.0,0.0,0.0,0.0,0.0,0.0,0.0,0.0,0.0,0.0,0.0,0.0,0.0,0.0,0.0,0.0,0.0,0.0,0.0,0.0,0.0,0.0,0.0,0.0,0.0,0.0,0.0,0.0,0.0,0.0,0.0,0.0,0.0,0.0,0.0,0.0,nan,nan,4.172630881378396,2.96003081219533,nan,0.9165491761670482,0.022942135731858472,0.0,0.0,0.0,0.0,0.0,0.0,0.0,0.0,0.0,0.0,0.0,0.0,0.0,0.0,0.0,0.0,0.0,0.0,0.0,0.0,0.0,0.0,0.0,0.0,0.0,0.49555273189326565,6.467598475222365,16.073697585768745,6.581956797966964,0.3811944091486659,0.9158411366522339,0.022919127309632505,0.0,0.0,0.0,0.0,0.0,0.0,0.0,0.0,0.0,0.0,0.0,0.0,0.0,0.0,0.0,0.0,0.0,0.0,0.0,0.0,0.0,0.0,0.0,0.0,0.013495276653171392,0.44534412955465597,6.693657219973011,16.032388663967616,6.477732793522269,0.3373819163292848,0.403,0.0117,0.0,0.0,0.0,0.0,0.0,0.0,0.0,0.0,0.0,0.0,0.05082592121982212,11.85514612452349,17.916137229987296,0.17789072426937744,0.0,0.0,0.0,0.0,0.0,0.0,0.0,0.0,0.0,0.0,0.0,0.0,0.0,0.0,0.0,0.0,0.404,0.01157,0.0,0.0,0.0,0.0,0.0,0.0,0.0,0.0,0.0,0.0,0.026990553306342785,10.755735492577584,19.08232118758435,0.13495276653171392,0.0,0.0,0.0,0.0,0.0,0.0,0.0,0.0,0.0,0.0,0.0,0.0,0.0,0.0,0.0,0.0
53600,4638,2389,0.5150927123760242,1085,958,0.44049159120310477,1340,0.5778352738249245,0.4100000000000001,2.989773232547799,3.0713151552266713,6.457496136012365,2.207399787850138,8374.994954721864,506.46910504003694,7853.0,8866.4,8866.399999999998,1.8189894035458565e-12,7853.0,0.0,28.292798620094867,21.016207525544957,33.166666666666664,19.269277212913615,0.1375592927986201,0.09594652867615351,0.09594652867615351,0.08516601983613627,0.08020698576972833,0.07481673134971971,0.07007330746011212,0.0623113410952997,0.05541181543768866,0.05002156101768004,0.053471323846485556,0.040965933592065545,0.03341957740405347,0.02738249245364381,0.020051746442432083,0.01078050884001725,0.00646830530401035,0.9163855455619808,0.02284742177088812,0.0,0.0,0.0,0.0,0.0,0.0,0.0,0.0,0.0,0.0,0.0,0.0,0.0,0.0,0.0,0.0,0.0,0.0,0.0,0.0,0.0,0.0,0.0,0.0,0.0,0.3945666235446314,6.798188874514879,15.834411384217338,6.6041397153945685,0.36869340232859,4.30969030969031,2.884731240456611,nan,nan,nan,4.345357381429526,2.8917742314385206,4.274236387782205,2.8772751113334247,0.983632878172169,0.4033,0.011795,0.0,0.0,0.0,0.0,0.0,0.0,0.0,0.0,0.0,0.0,0.058214747736093156,11.78525226390684,17.988357050452784,0.16817593790426913,0.0,0.0,0.0,0.0,0.0,0.0,0.0,0.0,0.0,0.0,0.0,0.0,0.0,0.0,0.0,0.0,nan,nan,4.30969030969031,2.884731240456611,nan,0.4033,0.06274,0.0,0.0,0.0,0.0,0.0,0.0,0.0,0.0,0.0,0.0,0.0,0.0,0.0,0.0,0.0,0.0,0.0,0.0,0.0,0.0012074169900819318,0.0,1.078050884001725e-05,0.0,0.004010349288486417,0.0007654161276412246,0.004678740836567486,0.0008624407072013799,0.0004959034066407934,0.021302285467874084,0.006220353600689952,0.014133247089262613,0.008387235877533419,0.036653730056058646,0.05983182406209573,0.021366968520914187,0.07151789564467442,0.033290211297973264,0.048576972833117724,0.06165373005605865,0.06013367830961621,0.06326002587322122,0.05460327727468736,0.07397585166019836,0.060521776627856835,0.05180034497628288,0.04257222940922811,0.02457956015523933,0.0438766709788702,0.03890685640362225,0.013335489435101338,0.009659335920655454,0.02895644674428633,0.010360068995256577,0.002727468736524364,0.01790642518326865,0.0052177662785683485,0.0026196636481241914,0.0,2.15610176800345e-05,0.0,0.0,0.0,0.0,0.0,0.0,0.0,0.0,0.0,0.0,0.0,0.0,0.0,0.0,0.0,0.0,0.0,0.0,0.0,0.0,0.0,0.0,0.0,0.0,0.0,0.0,0.0,0.0,0.0,0.0,0.0,0.0,0.0,0.0,0.0,0.0,0.0,0.0,0.0,0.0,0.0,0.0,nan,nan,4.30969030969031,2.884731240456611,nan,0.9156834344925767,0.02274056946569853,0.0,0.0,0.0,0.0,0.0,0.0,0.0,0.0,0.0,0.0,0.0,0.0,0.0,0.0,0.0,0.0,0.0,0.0,0.0,0.0,0.0,0.0,0.0,0.0,0.0,0.46462955211385526,6.956885726245292,15.885307660108834,6.379238174968608,0.3139388865634157,0.9171313629674085,0.022936852526145923,0.0,0.0,0.0,0.0,0.0,0.0,0.0,0.0,0.0,0.0,0.0,0.0,0.0,0.0,0.0,0.0,0.0,0.0,0.0,0.0,0.0,0.0,0.0,0.0,0.0,0.32014228546020457,6.629613161405071,15.780346820809251,6.843041351711873,0.42685638061360615,0.4036,0.01165,0.0,0.0,0.0,0.0,0.0,0.0,0.0,0.0,0.0,0.0,0.07534533277521976,11.829217245709485,17.95730431142738,0.1381331100879029,0.0,0.0,0.0,0.0,0.0,0.0,0.0,0.0,0.0,0.0,0.0,0.0,0.0,0.0,0.0,0.0,0.4033,0.01194,0.0,0.0,0.0,0.0,0.0,0.0,0.0,0.0,0.0,0.0,0.04001778568252557,11.73855046687415,18.021342819030682,0.20008892841262788,0.0,0.0,0.0,0.0,0.0,0.0,0.0,0.0,0.0,0.0,0.0,0.0,0.0,0.0,0.0,0.0
53700,4719,2494,0.528501801229074,1189,926,0.4481881754609027,1312,0.5560500105954651,0.4100000000000001,3.1051685393258426,3.1535527004500565,6.622900763358778,2.1564235618120917,8388.583725365545,505.87609195237496,7853.0,8866.4,8866.400000000001,1.8189894035458565e-12,7853.0,0.0,28.13180758635304,20.780653543717623,32.97738125157075,19.021554712548955,0.13583386310659037,0.10044500953591863,0.09048527230345413,0.08391608391608392,0.08603517694426785,0.07416825598643781,0.0675990675990676,0.06675143038779402,0.0574274210637847,0.05530832803560076,0.04556050010595465,0.0440771349862259,0.03199830472557745,0.025217207035388853,0.018648018648018648,0.011019283746556474,0.005509641873278237,0.9158104180557087,0.023571945510582292,0.0,0.0,0.0,0.0,0.0,0.0,0.0,0.0,0.0,0.0,0.0,0.0,0.0,0.0,0.0,0.0,0.0,0.0,0.0,0.0,0.0,0.0,0.0,0.0,0.0,0.6230133502860776,7.024793388429754,15.365543547361732,6.547997457088368,0.4386522568340751,4.297976501305483,2.9558847053112065,nan,nan,nan,4.230071289695399,2.9523461558263304,4.369078947368421,2.957589113144077,1.0328617765879382,0.4038,0.01215,0.0,0.0,0.0,0.0,0.0,0.0,0.0,0.0,0.0,0.0,0.025429116338207252,11.17609663064207,18.569612205975844,0.22886204704386529,0.0,0.0,0.0,0.0,0.0,0.0,0.0,0.0,0.0,0.0,0.0,0.0,0.0,0.0,0.0,0.0,nan,nan,4.297976501305483,2.9558847053112065,nan,0.4038,0.0625,0.0,0.0,0.0,0.0,0.0,0.0,0.0,0.0,0.0,0.0,0.0,0.0,0.0,0.0,0.0,0.0,0.0,0.0,0.0,0.0006993006993006993,1.0595465140919687e-05,0.0,0.0,0.003930917567281204,0.0007946598855689765,0.004322949777495232,0.0010065691883873703,0.0005509641873278236,0.02294977749523204,0.004810341173977537,0.015130324221233312,0.008539944903581268,0.03581267217630854,0.058020767111676204,0.023490146217418944,0.06837253655435474,0.03171222716677262,0.048209366391184574,0.06173977537613901,0.061888111888111885,0.06373172282263191,0.0512926467471922,0.07375503284594194,0.06131595677050222,0.05293494384403475,0.04349438440347531,0.027834286925196017,0.04836829836829837,0.03560076287349015,0.01252383979656707,0.008751854206399661,0.02933884297520661,0.01111464293282475,0.0030832803560076286,0.017302394575121848,0.004598431871159144,0.002945539309175673,1.0595465140919687e-05,0.0,0.0,1.0595465140919687e-05,0.0,0.0,0.0,0.0,0.0,0.0,0.0,0.0,0.0,0.0,0.0,0.0,0.0,0.0,0.0,0.0,0.0,0.0,0.0,0.0,0.0,0.0,0.0,0.0,0.0,0.0,0.0,0.0,0.0,0.0,0.0,0.0,0.0,0.0,0.0,0.0,0.0,0.0,0.0,0.0,nan,nan,4.297976501305483,2.9558847053112065,nan,0.9155860626659301,0.02377345017653691,0.0,0.0,0.0,0.0,0.0,0.0,0.0,0.0,0.0,0.0,0.0,0.0,0.0,0.0,0.0,0.0,0.0,0.0,0.0,0.0,0.0,0.0,0.0,0.0,0.0,0.7097032878909384,6.964715316760226,15.457097032878913,6.399358460304732,0.46912590216519656,0.9160618977600269,0.023341448549708963,0.0,0.0,0.0,0.0,0.0,0.0,0.0,0.0,0.0,0.0,0.0,0.0,0.0,0.0,0.0,0.0,0.0,0.0,0.0,0.0,0.0,0.0,0.0,0.0,0.0,0.5258426966292136,7.092134831460676,15.26292134831461,6.714606741573036,0.404494382022472,0.4038,0.01208,0.0,0.0,0.0,0.0,0.0,0.0,0.0,0.0,0.0,0.0,0.0,11.17481956696069,18.632718524458703,0.19246190858059348,0.0,0.0,0.0,0.0,0.0,0.0,0.0,0.0,0.0,0.0,0.0,0.0,0.0,0.0,0.0,0.0,0.4038,0.01223,0.0,0.0,0.0,0.0,0.0,0.0,0.0,0.0,0.0,0.0,0.053932584269662937,11.177528089887623,18.498876404494386,0.26966292134831465,0.0,0.0,0.0,0.0,0.0,0.0,0.0,0.0,0.0,0.0,0.0,0.0,0.0,0.0,0.0,0.0
53800,4839,2502,0.5170489770613763,1178,1001,0.4502996486877454,1380,0.5703657780533168,0.4180000000000001,2.9602053915275994,3.1098349863014993,6.629570747217806,2.2571877715626165,8376.977433353999,506.40535176545865,7853.0,8866.4,8866.4,0.0,7853.0,0.0,27.851208927464352,20.968160308674424,32.914483440435,19.203224179815347,0.14238479024591857,0.09816077702004547,0.09175449473031617,0.09030791485844182,0.07687538747675139,0.08266170696424881,0.0675759454432734,0.06426947716470345,0.056416615003099815,0.05269683818970862,0.03761107666873321,0.04381070469105187,0.03141144864641455,0.02541847489150651,0.020045463938830336,0.010332713370531101,0.008266170696424881,0.9157980934823192,0.02292420223715095,0.0,0.0,0.0,0.0,0.0,0.0,0.0,0.0,0.0,0.0,0.0,0.0,0.0,0.0,0.0,0.0,0.0,0.0,0.0,0.0,0.0,0.0,0.0,0.0,0.0,0.458772473651581,6.993180409175451,16.07563546187229,5.988840669559828,0.48357098574085566,4.23619533992978,2.901138128606602,nan,nan,nan,4.351472471190781,2.951381717402171,4.121578612348823,2.8456784308920358,0.9471687203897103,0.4036,0.012146,0.0,0.0,0.0,0.0,0.0,0.0,0.0,0.0,0.0,0.0,0.03719776813391197,11.227526348419078,18.474891506509614,0.2603843769373838,0.0,0.0,0.0,0.0,0.0,0.0,0.0,0.0,0.0,0.0,0.0,0.0,0.0,0.0,0.0,0.0,nan,nan,4.23619533992978,2.901138128606602,nan,0.4038,0.06274,0.0,0.0,0.0,0.0,0.0,0.0,0.0,0.0,0.0,0.0,0.0,0.0,0.0,0.0,0.0,0.0,0.0,0.0,0.0,0.0011056003306468278,0.0,0.0,0.0,0.004050423641248192,0.0004339739615623063,0.005011365984707584,0.0009712750568299235,0.0006199628022318661,0.022504649721016737,0.005951642901425915,0.017059309774746848,0.008700144657987187,0.03547220500103327,0.056137631742095476,0.02371357718536888,0.0646517875594131,0.03337466418681546,0.048615416408348835,0.06193428394296342,0.059320107460219054,0.06429014259144451,0.05346145897912792,0.07280429840876214,0.06305021698698078,0.05373010952676173,0.043965695391609834,0.02776400082661707,0.04821244058689812,0.03634015292415788,0.010570365778053316,0.007439553626782393,0.028280636495143625,0.011655300681959082,0.003141144864641455,0.01718330233519322,0.00553833436660467,0.002862161603637115,6.199628022318661e-05,2.0665426741062202e-05,0.0,0.0,0.0,0.0,0.0,0.0,0.0,0.0,0.0,0.0,0.0,0.0,0.0,0.0,0.0,0.0,0.0,0.0,0.0,0.0,0.0,0.0,0.0,0.0,0.0,0.0,0.0,0.0,0.0,0.0,0.0,0.0,0.0,0.0,0.0,0.0,0.0,0.0,0.0,0.0,0.0,0.0,nan,nan,4.23619533992978,2.901138128606602,nan,0.9157411611194519,0.023200934289863855,0.0,0.0,0.0,0.0,0.0,0.0,0.0,0.0,0.0,0.0,0.0,0.0,0.0,0.0,0.0,0.0,0.0,0.0,0.0,0.0,0.0,0.0,0.0,0.0,0.0,0.5035971223021584,7.122302158273382,15.791366906474822,6.187050359712232,0.39568345323741017,0.9158590454600232,0.02262402167539836,0.0,0.0,0.0,0.0,0.0,0.0,0.0,0.0,0.0,0.0,0.0,0.0,0.0,0.0,0.0,0.0,0.0,0.0,0.0,0.0,0.0,0.0,0.0,0.0,0.0,0.4107830551989731,6.8549422336328645,16.379974326059052,5.77663671373556,0.5776636713735559,0.4038,0.0122,0.0,0.0,0.0,0.0,0.0,0.0,0.0,0.0,0.0,0.0,0.03597122302158274,11.151079136690631,18.573141486810556,0.23980815347721826,0.0,0.0,0.0,0.0,0.0,0.0,0.0,0.0,0.0,0.0,0.0,0.0,0.0,0.0,0.0,0.0,0.4036,0.01208,0.0,0.0,0.0,0.0,0.0,0.0,0.0,0.0,0.0,0.0,0.03851091142490373,11.30937098844671,18.36970474967908,0.282413350449294,0.0,0.0,0.0,0.0,0.0,0.0,0.0,0.0,0.0,0.0,0.0,0.0,0.0,0.0,0.0,0.0
53900,4858,2490,0.5125566076574722,1137,988,0.4374228077398106,1368,0.5631947303417044,0.4220000000000001,3.0067567567567566,3.1199210004326767,6.539027982326951,2.2240868320122735,8372.424866200083,506.5401936472463,7853.0,8866.4,8866.4,0.0,7853.0,0.0,27.885343762865375,20.99642746610044,32.97240699679724,19.227152604739544,0.1440922190201729,0.10251132153149445,0.09118979003705228,0.0860436393577604,0.07513379991766159,0.07554549197200494,0.06772334293948126,0.06710580485796624,0.05763688760806916,0.048373816385343764,0.04755043227665706,0.038493207081103334,0.03890489913544669,0.023054755043227664,0.019349526554137506,0.010498147385755455,0.006792918896665294,0.9148196739736237,0.02291142810779779,0.0,0.0,0.0,0.0,0.0,0.0,0.0,0.0,0.0,0.0,0.0,0.0,0.0,0.0,0.0,0.0,0.0,0.0,0.0,0.0,0.0,0.0,0.0,0.0,0.006175380815150269,0.5002058460271718,7.256072457801566,15.920131741457393,5.990119390695761,0.3272951832029643,4.314755154639175,2.8680993053968264,nan,nan,nan,4.345512820512821,2.927627965819067,4.283678756476684,2.806329437601124,0.9857705944982486,0.4038,0.01229,0.0,0.0,0.0,0.0,0.0,0.0,0.0,0.0,0.0,0.0,0.04940304652120215,11.44298065047343,18.254425689584195,0.253190613421161,0.0,0.0,0.0,0.0,0.0,0.0,0.0,0.0,0.0,0.0,0.0,0.0,0.0,0.0,0.0,0.0,nan,nan,4.314755154639175,2.8680993053968264,nan,0.4038,0.0631,0.0,0.0,0.0,0.0,0.0,0.0,0.0,0.0,0.0,0.0,0.0,0.0,0.0,0.0,0.0,0.0,0.0,0.0,0.0,0.0015129682997118156,0.0,1.0292301358583779e-05,0.0,0.0045389048991354465,0.0004013997529847674,0.004261012762453685,0.0011836146562371347,0.0006587072869493619,0.022344586249485383,0.006103334705640181,0.018402634829147797,0.008635240839851791,0.03482914779744751,0.0562165500205846,0.02325030876904076,0.0636372993001235,0.03359407163441746,0.04715932482503088,0.06128036228900782,0.06025113215314944,0.06241251543845204,0.053612597776862905,0.07330177027583368,0.06344174557431041,0.05312885961300947,0.046016879374228076,0.02685261424454508,0.047807739810621655,0.0358480856319473,0.011589131329765336,0.008460271716755867,0.028797859201317416,0.011177439275421985,0.0032523672293124743,0.017610127624536846,0.004971181556195965,0.003365582544256896,8.233841086867023e-05,0.0,0.0,0.0,0.0,0.0,0.0,0.0,0.0,0.0,0.0,0.0,0.0,0.0,0.0,0.0,0.0,0.0,0.0,0.0,0.0,0.0,0.0,0.0,0.0,0.0,0.0,0.0,0.0,0.0,0.0,0.0,0.0,0.0,0.0,0.0,0.0,0.0,0.0,0.0,0.0,0.0,0.0,0.0,nan,nan,4.314755154639175,2.8680993053968264,nan,0.9148074433267356,0.023403539986236826,0.0,0.0,0.0,0.0,0.0,0.0,0.0,0.0,0.0,0.0,0.0,0.0,0.0,0.0,0.0,0.0,0.0,0.0,0.0,0.0,0.0,0.0,0.0,0.0,0.0,0.6024096385542169,7.168674698795182,15.903614457831328,5.939759036144579,0.38554216867469887,0.9148325347467452,0.022382287903067816,0.0,0.0,0.0,0.0,0.0,0.0,0.0,0.0,0.0,0.0,0.0,0.0,0.0,0.0,0.0,0.0,0.0,0.0,0.0,0.0,0.0,0.0,0.0,0.0,0.012668918918918921,0.39273648648648657,7.347972972972975,15.937500000000004,6.0430743243243255,0.26604729729729737,0.4036,0.01229,0.0,0.0,0.0,0.0,0.0,0.0,0.0,0.0,0.0,0.0,0.0602409638554217,11.49397590361444,18.18072289156627,0.26506024096385544,0.0,0.0,0.0,0.0,0.0,0.0,0.0,0.0,0.0,0.0,0.0,0.0,0.0,0.0,0.0,0.0,0.404,0.01229,0.0,0.0,0.0,0.0,0.0,0.0,0.0,0.0,0.0,0.0,0.038006756756756764,11.389358108108091,18.331925675675677,0.2407094594594595,0.0,0.0,0.0,0.0,0.0,0.0,0.0,0.0,0.0,0.0,0.0,0.0,0.0,0.0,0.0,0.0
54000,4876,2520,0.51681706316653,1220,997,0.45467596390484005,1390,0.5701394585726005,0.4060000000000001,2.9830220713073006,3.063235697492492,6.446531791907514,2.099759715230778,8376.742411812962,506.41331558283224,7853.0,8866.4,8866.399999999998,1.8189894035458565e-12,7853.0,0.0,28.44667760459393,20.86950713778737,33.18969271715461,19.121090067992395,0.13125512715340443,0.09741591468416735,0.08941755537325677,0.09290401968826907,0.07813781788351107,0.07465135356849877,0.0695242001640689,0.06911402789171452,0.057629204265791635,0.05619360131255127,0.046964725184577526,0.041427399507793276,0.030762920426579164,0.027071369975389663,0.01804757998359311,0.009844134536505332,0.009639048400328138,0.9156106347134115,0.022977349229028478,0.0,0.0,0.0,0.0,0.0,0.0,0.0,0.0,0.0,0.0,0.0,0.0,0.0,0.0,0.0,0.0,0.0,0.0,0.0,0.0,0.0,0.0,0.0,0.0,0.0,0.4922067268252667,6.9278096800656295,15.965955701394588,6.251025430680888,0.3630024610336342,4.180940516972906,2.907901881766782,nan,nan,nan,4.1422305764411025,2.924778943208188,4.219195046439628,2.890617356533889,1.018580440798313,0.404,0.011955,0.0,0.0,0.0,0.0,0.0,0.0,0.0,0.0,0.0,0.0,0.0,10.87161607875306,18.974569319114032,0.15381460213289583,0.0,0.0,0.0,0.0,0.0,0.0,0.0,0.0,0.0,0.0,0.0,0.0,0.0,0.0,0.0,0.0,nan,nan,4.180940516972906,2.907901881766782,nan,0.404,0.06354,0.0,0.0,0.0,0.0,0.0,0.0,0.0,0.0,0.0,0.0,0.0,0.0,0.0,0.0,0.0,0.0,0.0,1.0254306808859721e-05,0.0,0.0022662018047579983,0.0,1.0254306808859721e-05,0.0,0.005239950779327317,0.0003896636587366694,0.004132485643970467,0.0012715340442986053,0.0011587366694011485,0.021554552912223135,0.005609105824446268,0.017842493847415916,0.0077625102543068085,0.03477235438884332,0.055691140278917146,0.0242104183757178,0.06447908121410993,0.03229081214109926,0.04618539786710418,0.06246923707957342,0.06070549630844955,0.05988515176374077,0.05101517637407711,0.072733798195242,0.06484823625922888,0.05266611977030353,0.04539581624282198,0.027235438884331418,0.050133305988515175,0.03667965545529122,0.012674323215750615,0.00917760459392945,0.030342493847415913,0.010961853978671042,0.0025533223954060705,0.01763740771123872,0.004819524200164069,0.003066037735849057,6.152584085315833e-05,5.127153404429861e-05,0.0,1.0254306808859721e-05,0.0,0.0,0.0,0.0,0.0,0.0,0.0,0.0,0.0,0.0,0.0,0.0,0.0,0.0,0.0,0.0,0.0,0.0,0.0,0.0,0.0,0.0,0.0,0.0,0.0,0.0,0.0,0.0,0.0,0.0,0.0,0.0,0.0,0.0,0.0,0.0,0.0,0.0,0.0,0.0,nan,nan,4.180940516972906,2.907901881766782,nan,0.915395449291146,0.022890136829631168,0.0,0.0,0.0,0.0,0.0,0.0,0.0,0.0,0.0,0.0,0.0,0.0,0.0,0.0,0.0,0.0,0.0,0.0,0.0,0.0,0.0,0.0,0.0,0.0,0.0,0.4523809523809525,7.190476190476192,15.904761904761907,6.11904761904762,0.3333333333333334,0.9158407990869722,0.02306804587178099,0.0,0.0,0.0,0.0,0.0,0.0,0.0,0.0,0.0,0.0,0.0,0.0,0.0,0.0,0.0,0.0,0.0,0.0,0.0,0.0,0.0,0.0,0.0,0.0,0.0,0.534804753820034,6.646859083191852,16.031409168081495,6.392190152801359,0.3947368421052633,0.4043,0.0119,0.0,0.0,0.0,0.0,0.0,0.0,0.0,0.0,0.0,0.0,0.0,10.595238095238079,19.226190476190478,0.1785714285714286,0.0,0.0,0.0,0.0,0.0,0.0,0.0,0.0,0.0,0.0,0.0,0.0,0.0,0.0,0.0,0.0,0.4038,0.012,0.0,0.0,0.0,0.0,0.0,0.0,0.0,0.0,0.0,0.0,0.0,11.167232597623075,18.705432937181666,0.12733446519524622,0.0,0.0,0.0,0.0,0.0,0.0,0.0,0.0,0.0,0.0,0.0,0.0,0.0,0.0,0.0,0.0
54100,4947,2576,0.5207196280574086,1261,1025,0.46209824135839905,1412,0.5708510208206994,0.38600000000000007,2.971741881062843,3.0025370058575733,6.299572039942938,2.144258788306497,8380.697271073377,506.2647574219155,7853.0,8866.4,8866.4,0.0,7853.0,0.0,28.559733171619165,20.865210375457167,33.392925430210326,19.045055958211787,0.13523347483323225,0.09682635940974328,0.08874065089953508,0.07701637355973318,0.08449565393167577,0.0782292298362644,0.0705478067515666,0.0663028097837073,0.06286638366686881,0.05518496058217101,0.04790782292298363,0.038811400848999394,0.03274711946634324,0.026480695370931878,0.02142712755205175,0.011117849201536285,0.006064281382656155,0.9166366751203158,0.022742414589972566,0.0,0.0,0.0,0.0,0.0,0.0,0.0,0.0,0.0,0.0,0.0,0.0,0.0,0.0,0.0,0.0,0.0,0.0,0.0,0.0,0.0,0.0,0.0,0.0,0.0,0.388114008489994,6.610066707095211,16.082474226804127,6.482716798059432,0.4366282595512433,4.0769933049300064,2.7843751884133194,nan,nan,nan,4.117893476959904,2.8063123453522025,4.035935563816604,2.7612466584155966,0.9800971264551005,0.4045,0.01208,0.0,0.0,0.0,0.0,0.0,0.0,0.0,0.0,0.0,0.0,0.06670709520921772,10.473013947847166,19.26015767131595,0.20012128562765316,0.0,0.0,0.0,0.0,0.0,0.0,0.0,0.0,0.0,0.0,0.0,0.0,0.0,0.0,0.0,0.0,nan,nan,4.0769933049300064,2.7843751884133194,nan,0.4045,0.0638,0.0,0.0,0.0,0.0,0.0,0.0,0.0,0.0,0.0,0.0,0.0,0.0,0.0,0.0,0.0,0.0,0.0,0.0,0.0,0.0024863553668890235,0.0,0.0,0.0,0.005205174853446533,0.00028299979785728727,0.0038912472205376997,0.0015160703456640388,0.0011218920557913886,0.020830806549423892,0.006145138467758237,0.018930665049524963,0.008297958358601172,0.03556701030927835,0.05435617545987467,0.02261976955730746,0.06626238124115626,0.030240549828178694,0.046219931271477666,0.06066302809783707,0.058803315140489185,0.05976349302607641,0.055336567616737414,0.07055791388720437,0.06286638366686881,0.054416818273701234,0.047149787750151606,0.02662219526986052,0.052031534263189815,0.03626440266828381,0.013189812007277138,0.010228421265413382,0.027895694360218316,0.011067313523347484,0.0027895694360218315,0.017273094804932283,0.005528603193854862,0.003547604608853851,1.0107135637760258e-05,2.0214271275520517e-05,0.0,0.0,0.0,0.0,0.0,0.0,0.0,0.0,0.0,0.0,0.0,0.0,0.0,0.0,0.0,0.0,0.0,0.0,0.0,0.0,0.0,0.0,0.0,0.0,0.0,0.0,0.0,0.0,0.0,0.0,0.0,0.0,0.0,0.0,0.0,0.0,0.0,0.0,0.0,0.0,0.0,0.0,nan,nan,4.0769933049300064,2.7843751884133194,nan,0.9167931457483991,0.023026829259009614,0.0,0.0,0.0,0.0,0.0,0.0,0.0,0.0,0.0,0.0,0.0,0.0,0.0,0.0,0.0,0.0,0.0,0.0,0.0,0.0,0.0,0.0,0.0,0.0,0.0,0.39596273291925477,6.789596273291927,15.768633540372674,6.533385093167703,0.5124223602484473,0.9164666758213099,0.022428084421251476,0.0,0.0,0.0,0.0,0.0,0.0,0.0,0.0,0.0,0.0,0.0,0.0,0.0,0.0,0.0,0.0,0.0,0.0,0.0,0.0,0.0,0.0,0.0,0.0,0.0,0.379586672290173,6.415014761703924,16.42345002108815,6.427667650780263,0.3542808941374948,0.4045,0.0119,0.0,0.0,0.0,0.0,0.0,0.0,0.0,0.0,0.0,0.0,0.08152173913043481,10.155279503105575,19.541925465838514,0.22127329192546588,0.0,0.0,0.0,0.0,0.0,0.0,0.0,0.0,0.0,0.0,0.0,0.0,0.0,0.0,0.0,0.0,0.4043,0.01227,0.0,0.0,0.0,0.0,0.0,0.0,0.0,0.0,0.0,0.0,0.0506115563053564,10.818220160269913,18.95402783635597,0.1771404470687474,0.0,0.0,0.0,0.0,0.0,0.0,0.0,0.0,0.0,0.0,0.0,0.0,0.0,0.0,0.0,0.0
54200,4598,2384,0.5184862983906046,1053,942,0.43388429752066116,1287,0.5598086124401914,0.4300000000000001,3.011743450767841,3.0965854282563603,6.610197368421052,2.1630178024411366,8378.43401478904,506.3535589781945,7853.0,8866.4,8866.399999999998,1.8189894035458565e-12,7853.0,0.0,27.989560678555893,21.08346005082616,32.97563504406428,19.357230205993666,0.1418007829491083,0.10113092648977816,0.09047411918225315,0.09047411918225315,0.07851239669421488,0.07807742496737712,0.06568073075250108,0.060896041757285774,0.05415397999130057,0.05132666376685516,0.0469769464984776,0.040234884732492385,0.035450195737277077,0.0274032187907786,0.018051326663766853,0.012614180078294911,0.006742061765985211,0.9163961475986457,0.022830565044423816,0.0,0.0,0.0,0.0,0.0,0.0,0.0,0.0,0.0,0.0,0.0,0.0,0.0,0.0,0.0,0.0,0.0,0.0,0.0,0.0,0.0,0.0,0.0,0.0,0.0,0.42409743366681174,6.726837755545891,15.822096563723361,6.628969117007396,0.3979991300565464,4.348520911254675,2.860568375954988,nan,nan,nan,4.362892223738063,2.854705951385433,4.3342372881355935,2.866311752468389,0.9934321238909911,0.4048,0.01235,0.0,0.0,0.0,0.0,0.0,0.0,0.0,0.0,0.0,0.0,0.045672031317964344,10.556763810352312,19.084384515006526,0.31317964332318404,0.0,0.0,0.0,0.0,0.0,0.0,0.0,0.0,0.0,0.0,0.0,0.0,0.0,0.0,0.0,0.0,nan,nan,4.348520911254675,2.860568375954988,nan,0.4048,0.0639,0.0,0.0,0.0,0.0,0.0,0.0,0.0,0.0,0.0,0.0,0.0,0.0,0.0,0.0,0.0,0.0,3.2622879512831664e-05,0.0,0.0,0.003197042192257503,0.0,0.0,0.0,0.005654632448890822,0.00034797738147020446,0.003708133971291866,0.0013375380600260983,0.0008590691605045672,0.020030448020878642,0.006035232709873858,0.018801652892561985,0.008362331448455851,0.03640713353632014,0.05020661157024793,0.023521096128751633,0.06509351892127012,0.02919747716398434,0.046628969117007396,0.06186385384949978,0.05642670726402784,0.06251631143975642,0.05492605480643758,0.07279251848629839,0.06264680295780774,0.05825358851674641,0.048107872988255765,0.023966942148760332,0.049586776859504134,0.03600478468899521,0.013712483688560243,0.010722053066550673,0.028729882557633753,0.010558938668986516,0.0023814702044367116,0.018964767290126142,0.005491518051326664,0.002892561983471074,1.087429317094389e-05,0.0,2.174858634188778e-05,0.0,0.0,0.0,0.0,0.0,0.0,0.0,0.0,0.0,0.0,0.0,0.0,0.0,0.0,0.0,0.0,0.0,0.0,0.0,0.0,0.0,0.0,0.0,0.0,0.0,0.0,0.0,0.0,0.0,0.0,0.0,0.0,0.0,0.0,0.0,0.0,0.0,0.0,0.0,0.0,0.0,nan,nan,4.348520911254675,2.860568375954988,nan,0.9160548881596366,0.022744704943520124,0.0,0.0,0.0,0.0,0.0,0.0,0.0,0.0,0.0,0.0,0.0,0.0,0.0,0.0,0.0,0.0,0.0,0.0,0.0,0.0,0.0,0.0,0.0,0.0,0.0,0.3901006711409397,6.895973154362418,16.069630872483224,6.254194630872485,0.3901006711409397,0.9167636103369464,0.02291697694271692,0.0,0.0,0.0,0.0,0.0,0.0,0.0,0.0,0.0,0.0,0.0,0.0,0.0,0.0,0.0,0.0,0.0,0.0,0.0,0.0,0.0,0.0,0.0,0.0,0.0,0.4607046070460706,6.5447154471544735,15.555555555555559,7.0325203252032535,0.4065040650406505,0.4048,0.012344,0.0,0.0,0.0,0.0,0.0,0.0,0.0,0.0,0.0,0.0,0.037751677852349,10.381711409395958,19.29110738255034,0.2894295302013423,0.0,0.0,0.0,0.0,0.0,0.0,0.0,0.0,0.0,0.0,0.0,0.0,0.0,0.0,0.0,0.0,0.4045,0.01236,0.0,0.0,0.0,0.0,0.0,0.0,0.0,0.0,0.0,0.0,0.054200542005420065,10.745257452574512,18.861788617886184,0.3387533875338754,0.0,0.0,0.0,0.0,0.0,0.0,0.0,0.0,0.0,0.0,0.0,0.0,0.0,0.0,0.0,0.0
54300,4555,2343,0.5143798024149286,1129,921,0.4500548847420417,1262,0.5541163556531284,0.4180000000000001,2.9814647377938517,3.1312633474537703,6.625607779578607,2.17340466542247,8374.27249176729,506.49040709937645,7853.0,8866.4,8866.4,0.0,7853.0,0.0,28.1192096597146,20.739227000715754,32.88032191069574,19.00442526757898,0.13545554335894622,0.09813391877058178,0.09813391877058178,0.08166849615806805,0.07705817782656421,0.07266739846322723,0.07574094401756312,0.07288693743139407,0.055543358946212956,0.05356750823271131,0.04676180021953897,0.03776070252469813,0.03424807903402854,0.024807903402854006,0.019099890230515917,0.010318331503841932,0.006147091108671789,0.9162087544782495,0.022678281330284485,0.0,0.0,0.0,0.0,0.0,0.0,0.0,0.0,0.0,0.0,0.0,0.0,0.0,0.0,0.0,0.0,0.0,0.0,0.0,0.0,0.0,0.0,0.0,0.0,0.00658616904500549,0.42810098792535684,6.572996706915479,16.25466520307355,6.395170142700331,0.3424807903402855,4.237869019341703,2.8923834206175725,nan,nan,nan,4.062795408507765,2.812526242897601,4.417064846416382,2.96004950826132,1.087198443999113,0.4048,0.01188,0.0,0.0,0.0,0.0,0.0,0.0,0.0,0.0,0.0,0.0,0.02634467618002196,9.978046103183301,19.78485181119649,0.21075740944017568,0.0,0.0,0.0,0.0,0.0,0.0,0.0,0.0,0.0,0.0,0.0,0.0,0.0,0.0,0.0,0.0,nan,nan,4.237869019341703,2.8923834206175725,nan,0.4048,0.06366,0.0,0.0,0.0,0.0,0.0,0.0,0.0,0.0,0.0,0.0,0.0,0.0,0.0,0.0,0.0,0.0,4.3907793633369924e-05,0.0,0.0,0.0027552140504939625,0.0,0.0,2.1953896816684962e-05,0.005587266739846323,0.0002195389681668496,0.00287596048298573,0.0016794731064763996,0.0009001097694840834,0.020230515916575192,0.006476399560922064,0.020461031833150383,0.008572996706915477,0.033611416026344675,0.05117453347969265,0.02331503841931943,0.06450054884742042,0.02849615806805708,0.04731064763995609,0.0633589462129528,0.05578485181119649,0.06100987925356751,0.0570801317233809,0.07073545554335894,0.061833150384193195,0.062239297475301866,0.04667398463227223,0.023754116355653127,0.05100987925356751,0.03525795828759605,0.013117453347969264,0.01220636663007684,0.027991218441273325,0.009549945115257958,0.0023600439077936333,0.020076838638858396,0.00562019758507135,0.0020417124039517013,2.1953896816684962e-05,0.0,3.2930845225027445e-05,0.0,1.0976948408342481e-05,0.0,0.0,0.0,0.0,0.0,0.0,0.0,0.0,0.0,0.0,0.0,0.0,0.0,0.0,0.0,0.0,0.0,0.0,0.0,0.0,0.0,0.0,0.0,0.0,0.0,0.0,0.0,0.0,0.0,0.0,0.0,0.0,0.0,0.0,0.0,0.0,0.0,0.0,0.0,nan,nan,4.237869019341703,2.8923834206175725,nan,0.9164576717690938,0.022883102666397773,0.0,0.0,0.0,0.0,0.0,0.0,0.0,0.0,0.0,0.0,0.0,0.0,0.0,0.0,0.0,0.0,0.0,0.0,0.0,0.0,0.0,0.0,0.0,0.0,0.012804097311139568,0.4609475032010244,6.427656850192063,16.23559539052497,6.4916773367477605,0.37131882202304745,0.9159450957022782,0.022456284088476604,0.0,0.0,0.0,0.0,0.0,0.0,0.0,0.0,0.0,0.0,0.0,0.0,0.0,0.0,0.0,0.0,0.0,0.0,0.0,0.0,0.0,0.0,0.0,0.0,0.0,0.3933092224231466,6.7269439421338175,16.274864376130203,6.292947558770345,0.3119349005424955,0.405,0.011894,0.0,0.0,0.0,0.0,0.0,0.0,0.0,0.0,0.0,0.0,0.05121638924455827,9.974391805377707,19.73111395646607,0.24327784891165177,0.0,0.0,0.0,0.0,0.0,0.0,0.0,0.0,0.0,0.0,0.0,0.0,0.0,0.0,0.0,0.0,0.4048,0.01186,0.0,0.0,0.0,0.0,0.0,0.0,0.0,0.0,0.0,0.0,0.0,9.98191681735984,19.841772151898738,0.17631103074141055,0.0,0.0,0.0,0.0,0.0,0.0,0.0,0.0,0.0,0.0,0.0,0.0,0.0,0.0,0.0,0.0
54400,4604,2393,0.5197654213727194,1154,909,0.44808861859252824,1270,0.5516941789748045,0.4140000000000001,3.021709633649932,3.1256628740708754,6.624223602484472,2.0304598627773354,8379.730278019115,506.303938324083,7853.0,8866.4,8866.399999999998,1.8189894035458565e-12,7853.0,0.0,28.766290182450042,21.06495956172636,33.47395301327886,19.308991850793582,0.13075586446568202,0.09752389226759339,0.08992180712423979,0.08362293657688966,0.08601216333622937,0.07167680278019113,0.06972198088618592,0.06233709817549957,0.06255430060816682,0.05060816681146829,0.04865334491746308,0.044309296264118156,0.03366637706342311,0.03192875760208514,0.018027801911381407,0.01216333622936577,0.006516072980017376,0.9161524260877838,0.022951770446128037,0.0,0.0,0.0,0.0,0.0,0.0,0.0,0.0,0.0,0.0,0.0,0.0,0.0,0.0,0.0,0.0,0.0,0.0,0.0,0.0,0.0,0.0,0.0,0.0,0.0,0.47567332754126856,6.692006950477847,16.12728062554301,6.16420503909644,0.5408340573414423,4.234866027125372,2.8879874352187094,nan,nan,nan,4.306108897742364,2.912842356938496,4.164139749505603,2.861345273032427,0.9670307575567367,0.4045,0.0121,0.0,0.0,0.0,0.0,0.0,0.0,0.0,0.0,0.0,0.0,0.03258036490008689,10.751520417028654,19.020417028670725,0.19548218940052134,0.0,0.0,0.0,0.0,0.0,0.0,0.0,0.0,0.0,0.0,0.0,0.0,0.0,0.0,0.0,0.0,nan,nan,4.234866027125372,2.8879874352187094,nan,0.4045,0.06384,0.0,0.0,0.0,0.0,0.0,0.0,0.0,0.0,0.0,0.0,0.0,0.0,0.0,0.0,0.0,0.0,9.774109470026064e-05,0.0,0.0,0.0026390095569070373,0.0,0.0,1.0860121633362293e-05,0.00629887054735013,0.00013032145960034753,0.002562988705473501,0.0015747176368375326,0.0006190269331016507,0.019635099913119028,0.007211120764552563,0.021046915725456125,0.009600347523892267,0.032688966116420505,0.0547241529105126,0.02349044309296264,0.06525847089487402,0.02855125977410947,0.044233275412684625,0.0606863596872285,0.05830799304952215,0.06283666377063424,0.056852736750651604,0.06736533449174631,0.05974152910512598,0.06285838401390095,0.04573197219808862,0.024272371850564727,0.05298653344917463,0.03638140747176368,0.01207645525629887,0.014617723718505646,0.02608601216333623,0.008818418766290182,0.0020091225021720244,0.020677671589921807,0.005690703735881842,0.0015204170286707212,1.0860121633362293e-05,0.0,7.602085143353606e-05,1.0860121633362293e-05,0.0,1.0860121633362293e-05,0.0,0.0,0.0,0.0,0.0,0.0,0.0,0.0,0.0,0.0,0.0,0.0,0.0,0.0,0.0,0.0,0.0,0.0,0.0,0.0,0.0,0.0,0.0,0.0,0.0,0.0,0.0,0.0,0.0,0.0,0.0,0.0,0.0,0.0,0.0,0.0,0.0,0.0,nan,nan,4.234866027125372,2.8879874352187094,nan,0.9154952214295228,0.022909486585778106,0.0,0.0,0.0,0.0,0.0,0.0,0.0,0.0,0.0,0.0,0.0,0.0,0.0,0.0,0.0,0.0,0.0,0.0,0.0,0.0,0.0,0.0,0.0,0.0,0.0,0.5766819891349771,6.844964479732555,16.009193480986212,6.1178437108232355,0.45131633932302556,0.9168637290037579,0.022976273849863824,0.0,0.0,0.0,0.0,0.0,0.0,0.0,0.0,0.0,0.0,0.0,0.0,0.0,0.0,0.0,0.0,0.0,0.0,0.0,0.0,0.0,0.0,0.0,0.0,0.0,0.36635006784260526,6.526458616010856,16.255088195386705,6.2143826322930815,0.6377204884667572,0.4043,0.01209,0.0,0.0,0.0,0.0,0.0,0.0,0.0,0.0,0.0,0.0,0.037609694943585466,11.019640618470524,18.804847471792733,0.1379022147931467,0.0,0.0,0.0,0.0,0.0,0.0,0.0,0.0,0.0,0.0,0.0,0.0,0.0,0.0,0.0,0.0,0.4048,0.01211,0.0,0.0,0.0,0.0,0.0,0.0,0.0,0.0,0.0,0.0,0.0271370420624152,10.461329715061044,19.253731343283587,0.2578018995929444,0.0,0.0,0.0,0.0,0.0,0.0,0.0,0.0,0.0,0.0,0.0,0.0,0.0,0.0,0.0,0.0
54500,4764,2419,0.5077665827036104,1136,1000,0.44836272040302266,1341,0.5629722921914357,0.4140000000000001,2.911727078891258,3.0737021637777704,6.5588235294117645,2.125790585363709,8367.570654911837,506.6388682200158,7853.0,8866.4,8866.4,0.0,7853.0,0.0,28.200251889168765,21.01685062068336,33.271679197994985,19.195612879559175,0.14231738035264482,0.09424853064651553,0.09361880772460117,0.08858102434928632,0.07388748950461797,0.07661628883291352,0.0709487825356843,0.061293031066330814,0.06297229219143577,0.05184718723761545,0.044920235096557515,0.039882451721242655,0.036523929471032744,0.025818639798488665,0.017842149454240133,0.011544920235096557,0.007136859781696054,0.9163081238717216,0.022850242267340646,0.0,0.0,0.0,0.0,0.0,0.0,0.0,0.0,0.0,0.0,0.0,0.0,0.0,0.0,0.0,0.0,0.0,0.0,0.0,0.0,0.0,0.0,0.0,0.0,0.006297229219143578,0.4282115869017633,6.750629722921916,15.969773299748114,6.492443324937029,0.3526448362720404,4.261223162003904,2.847640407142377,nan,nan,nan,4.238696808510638,2.8241111204839084,4.282802547770701,2.8698338428998604,1.0104054951917074,0.4045,0.0123,0.0,0.0,0.0,0.0,0.0,0.0,0.0,0.0,0.0,0.0,0.025188916876574312,10.503778337531472,19.187657430730482,0.283375314861461,0.0,0.0,0.0,0.0,0.0,0.0,0.0,0.0,0.0,0.0,0.0,0.0,0.0,0.0,0.0,0.0,nan,nan,4.261223162003904,2.847640407142377,nan,0.4045,0.06354,0.0,0.0,0.0,0.0,0.0,0.0,0.0,0.0,0.0,0.0,0.0,0.0,0.0,0.0,0.0,0.0,1.0495382031905961e-05,0.0,0.0,0.002707808564231738,0.0,0.0,0.0,0.0059298908480268685,0.0001364399664147775,0.0022879932829554996,0.001910159529806885,0.000797649034424853,0.019563392107472714,0.0075776658270361045,0.021400083963056257,0.010484886649874056,0.033564231738035265,0.05218303946263644,0.023404701931150292,0.06175482787573468,0.02572418136020151,0.045203610411418974,0.062405541561712845,0.058931570109151975,0.06487195633921075,0.059897145256087324,0.06772670025188916,0.06135600335852225,0.060621326616288836,0.04746011754827876,0.02437027707808564,0.05248740554156171,0.033280856423173806,0.013329135180520571,0.015218303946263645,0.024926532325776657,0.007924013434089001,0.0018366918555835431,0.020287573467674222,0.006979429051217464,0.0014273719563392107,1.0495382031905961e-05,0.0,1.0495382031905961e-05,0.0,0.0,0.0,0.0,0.0,0.0,0.0,0.0,0.0,0.0,0.0,0.0,0.0,0.0,0.0,0.0,0.0,0.0,0.0,0.0,0.0,0.0,0.0,0.0,0.0,0.0,0.0,0.0,0.0,0.0,0.0,0.0,0.0,0.0,0.0,0.0,0.0,0.0,0.0,0.0,0.0,nan,nan,4.261223162003904,2.847640407142377,nan,0.9169038489812068,0.023251274983718977,0.0,0.0,0.0,0.0,0.0,0.0,0.0,0.0,0.0,0.0,0.0,0.0,0.0,0.0,0.0,0.0,0.0,0.0,0.0,0.0,0.0,0.0,0.0,0.0,0.012401818933443574,0.40926002480363793,6.87060768912774,15.40305911533692,6.883009508061184,0.42166184373708154,0.9156935997609137,0.02241245645146168,0.0,0.0,0.0,0.0,0.0,0.0,0.0,0.0,0.0,0.0,0.0,0.0,0.0,0.0,0.0,0.0,0.0,0.0,0.0,0.0,0.0,0.0,0.0,0.0,0.0,0.4477611940298508,6.626865671641792,16.5543710021322,6.089552238805972,0.28144989339019194,0.4045,0.012474,0.0,0.0,0.0,0.0,0.0,0.0,0.0,0.0,0.0,0.0,0.02480363786688715,10.591153369160795,19.123604795369992,0.26043819760231507,0.0,0.0,0.0,0.0,0.0,0.0,0.0,0.0,0.0,0.0,0.0,0.0,0.0,0.0,0.0,0.0,0.4048,0.01211,0.0,0.0,0.0,0.0,0.0,0.0,0.0,0.0,0.0,0.0,0.025586353944562906,10.413646055437084,19.253731343283587,0.3070362473347548,0.0,0.0,0.0,0.0,0.0,0.0,0.0,0.0,0.0,0.0,0.0,0.0,0.0,0.0,0.0,0.0
54600,4903,2513,0.5125433408117479,1195,1036,0.4550275341627575,1414,0.5767897205792372,0.3940000000000001,2.898744769874477,2.9911652502167856,6.3893016344725115,2.125345167935101,8372.411421578625,506.54053121290326,7853.0,8866.4,8866.399999999998,1.8189894035458565e-12,7853.0,0.0,28.56883540689374,20.919572090293574,33.33870579745008,19.13240334843545,0.1311441974301448,0.10136651029981644,0.0930042830919845,0.07648378543748725,0.07566795839282073,0.07974709361615337,0.07403630430348766,0.06608199061798899,0.06200285539465633,0.05629206608199062,0.04548235774015909,0.04201509280032633,0.03202121150316133,0.027942076279828677,0.018560065266163574,0.011217621864164798,0.006934529879665511,0.9168465660709083,0.022576187644009895,0.0,0.0,0.0,0.0,0.0,0.0,0.0,0.0,0.0,0.0,0.0,0.0,0.0,0.0,0.0,0.0,0.0,0.0,0.0,0.0,0.0,0.0,0.0,0.0,0.006118702834998982,0.3610034672649399,6.498062410768918,16.04935753620233,6.638792575973895,0.4466653069549256,4.186679174484053,2.7801197514955587,nan,nan,nan,4.219065656565657,2.8166828286666172,4.154894671623296,2.7433908788775727,0.9847902378948528,0.405,0.012115,0.0,0.0,0.0,0.0,0.0,0.0,0.0,0.0,0.0,0.0,0.030593514174994906,10.193758923108286,19.45747501529676,0.31817254741994705,0.0,0.0,0.0,0.0,0.0,0.0,0.0,0.0,0.0,0.0,0.0,0.0,0.0,0.0,0.0,0.0,nan,nan,4.186679174484053,2.7801197514955587,nan,0.405,0.06354,0.0,0.0,0.0,0.0,0.0,0.0,0.0,0.0,0.0,0.0,0.0,0.0,0.0,0.0,0.0,0.0,0.0,0.0,0.0,0.002314909239241281,3.05935141749949e-05,5.0989190291658166e-05,0.0,0.0049357536202325105,0.00037732000815827045,0.002508668162349582,0.002896186008566184,0.0008872119110748521,0.019620640424230062,0.0076789720579237206,0.022394452376096267,0.010544564552314908,0.03331633693656945,0.0485825005098919,0.025168264327962472,0.059810320212115034,0.027360799510503773,0.045849479910259026,0.05792372017132368,0.05668978176626555,0.06793799714460534,0.06166632673873139,0.06866204364674688,0.06084030185600653,0.06055476239037324,0.048592698347950235,0.022771772384254537,0.05224352437283296,0.0352335304915358,0.014705282480114216,0.013450948398939426,0.025290638384662452,0.008035896389965328,0.0018050173363246991,0.01998776259433,0.007576993677340404,0.0016112584132163981,3.05935141749949e-05,5.0989190291658166e-05,1.0197838058331634e-05,0.0,0.0,0.0,0.0,0.0,0.0,0.0,0.0,0.0,0.0,0.0,0.0,0.0,0.0,0.0,0.0,0.0,0.0,0.0,0.0,0.0,0.0,0.0,0.0,0.0,0.0,0.0,0.0,0.0,0.0,0.0,0.0,0.0,0.0,0.0,0.0,0.0,0.0,0.0,0.0,0.0,nan,nan,4.186679174484053,2.7801197514955587,nan,0.91667869837693,0.02235383496150193,0.0,0.0,0.0,0.0,0.0,0.0,0.0,0.0,0.0,0.0,0.0,0.0,0.0,0.0,0.0,0.0,0.0,0.0,0.0,0.0,0.0,0.0,0.0,0.0,0.011937922801432554,0.35813768404297663,6.5658575407879045,16.259450855551137,6.398726621567849,0.40588937524870683,0.9170230729809365,0.022806313178744615,0.0,0.0,0.0,0.0,0.0,0.0,0.0,0.0,0.0,0.0,0.0,0.0,0.0,0.0,0.0,0.0,0.0,0.0,0.0,0.0,0.0,0.0,0.0,0.0,0.0,0.36401673640167376,6.426778242677826,15.828451882845192,6.89121338912134,0.489539748953975,0.405,0.01231,0.0,0.0,0.0,0.0,0.0,0.0,0.0,0.0,0.0,0.0,0.047751691205730216,10.063668921607626,19.578193394349388,0.3103859928372464,0.0,0.0,0.0,0.0,0.0,0.0,0.0,0.0,0.0,0.0,0.0,0.0,0.0,0.0,0.0,0.0,0.4048,0.01191,0.0,0.0,0.0,0.0,0.0,0.0,0.0,0.0,0.0,0.0,0.012552301255230129,10.330543933054377,19.330543933054397,0.32635983263598334,0.0,0.0,0.0,0.0,0.0,0.0,0.0,0.0,0.0,0.0,0.0,0.0,0.0,0.0,0.0,0.0
54700,4550,2402,0.5279120879120879,1158,942,0.46153846153846156,1268,0.5573626373626374,0.4300000000000001,2.978119180633147,3.0556577863385237,6.436974789915967,2.1437368436509727,8387.98610989011,505.9098595474143,7853.0,8866.4,8866.4,0.0,7853.0,0.0,28.540659340659342,21.05023806616431,33.76447368421053,19.08857610930911,0.14197802197802198,0.09296703296703297,0.08483516483516483,0.08857142857142856,0.07648351648351648,0.07252747252747253,0.06527472527472528,0.07428571428571429,0.06461538461538462,0.04945054945054945,0.046813186813186816,0.043076923076923075,0.035824175824175825,0.02857142857142857,0.016483516483516484,0.01120879120879121,0.007032967032967033,0.9165204082347534,0.022910356539779183,0.0,0.0,0.0,0.0,0.0,0.0,0.0,0.0,0.0,0.0,0.0,0.0,0.0,0.0,0.0,0.0,0.0,0.0,0.0,0.0,0.0,0.0,0.0,0.0,0.0,0.4483516483516484,6.527472527472529,16.331868131868134,6.210989010989013,0.48131868131868144,4.13889816360601,2.8759679136563054,nan,nan,nan,4.12086428089129,2.8450135599786095,4.156538969616909,2.905820272466794,1.0086570889730693,0.405,0.01193,0.0,0.0,0.0,0.0,0.0,0.0,0.0,0.0,0.0,0.0,0.01318681318681319,10.107692307692293,19.681318681318686,0.19780219780219785,0.0,0.0,0.0,0.0,0.0,0.0,0.0,0.0,0.0,0.0,0.0,0.0,0.0,0.0,0.0,0.0,nan,nan,4.13889816360601,2.8759679136563054,nan,0.405,0.0632,0.0,0.0,0.0,0.0,0.0,0.0,0.0,0.0,0.0,0.0,0.0,0.0,0.0,0.0,0.0,0.0,0.0,0.0,0.0,0.0019670329670329672,3.2967032967032964e-05,2.1978021978021977e-05,0.0,0.005076923076923077,0.0002087912087912088,0.002692307692307692,0.003032967032967033,0.0007692307692307692,0.01843956043956044,0.007395604395604396,0.021252747252747253,0.010626373626373626,0.035087912087912086,0.04802197802197802,0.027285714285714285,0.05851648351648352,0.027395604395604397,0.045054945054945054,0.05778021978021978,0.05887912087912088,0.0691978021978022,0.06117582417582418,0.06948351648351649,0.06061538461538461,0.06041758241758242,0.048274725274725275,0.024252747252747252,0.050494505494505494,0.03325274725274725,0.015076923076923076,0.013098901098901099,0.025252747252747253,0.008956043956043956,0.002021978021978022,0.02020879120879121,0.006846153846153846,0.0016263736263736263,0.00010989010989010989,5.4945054945054945e-05,4.3956043956043955e-05,0.0,0.0,0.0,0.0,0.0,0.0,0.0,0.0,0.0,0.0,0.0,0.0,0.0,0.0,0.0,0.0,0.0,0.0,0.0,0.0,0.0,0.0,0.0,0.0,0.0,0.0,0.0,0.0,0.0,0.0,0.0,0.0,0.0,0.0,0.0,0.0,0.0,0.0,0.0,0.0,0.0,nan,nan,4.13889816360601,2.8759679136563054,nan,0.916672416571078,0.02307596077619183,0.0,0.0,0.0,0.0,0.0,0.0,0.0,0.0,0.0,0.0,0.0,0.0,0.0,0.0,0.0,0.0,0.0,0.0,0.0,0.0,0.0,0.0,0.0,0.0,0.0,0.5495420482930892,6.419650291423815,16.124063280599504,6.46960865945046,0.4371357202331391,0.916350424983426,0.022722535991469794,0.0,0.0,0.0,0.0,0.0,0.0,0.0,0.0,0.0,0.0,0.0,0.0,0.0,0.0,0.0,0.0,0.0,0.0,0.0,0.0,0.0,0.0,0.0,0.0,0.0,0.335195530726257,6.6480446927374315,16.56424581005587,5.921787709497209,0.5307262569832403,0.4048,0.0121,0.0,0.0,0.0,0.0,0.0,0.0,0.0,0.0,0.0,0.0,0.024979184013322237,10.291423813488745,19.446294754371362,0.23730224812656125,0.0,0.0,0.0,0.0,0.0,0.0,0.0,0.0,0.0,0.0,0.0,0.0,0.0,0.0,0.0,0.0,0.405,0.01174,0.0,0.0,0.0,0.0,0.0,0.0,0.0,0.0,0.0,0.0,0.0,9.902234636871494,19.944134078212294,0.15363128491620115,0.0,0.0,0.0,0.0,0.0,0.0,0.0,0.0,0.0,0.0,0.0,0.0,0.0,0.0,0.0,0.0
54800,4587,2390,0.5210377152823196,1100,947,0.44626117287987793,1326,0.578155657292348,0.39000000000000007,2.971324533454711,3.073162898102515,6.457006369426751,2.237434542320651,8381.019620667103,506.25128520786063,7853.0,8866.4,8866.399999999998,1.8189894035458565e-12,7853.0,0.0,27.944190102463484,20.692342430098062,32.71933901368448,18.974277786879334,0.13320252888598214,0.10420754305646392,0.10071942446043165,0.08371484630477437,0.07390451275343361,0.07761063876171789,0.06496620885110094,0.06300414214083279,0.06213211249182472,0.059516023544800525,0.047961630695443645,0.03597122302158273,0.03357314148681055,0.028122956180510136,0.01656856333115326,0.01024634837584478,0.004578155657292348,0.9161961318387792,0.02312383156222281,0.0,0.0,0.0,0.0,0.0,0.0,0.0,0.0,0.0,0.0,0.0,0.0,0.0,0.0,0.0,0.0,0.0,0.0,0.0,0.0,0.0,0.0,0.0,0.0,0.006540222367560499,0.3858731196860694,6.926095487246568,15.820797907128846,6.330935251798563,0.5297580117724003,4.277458600878675,2.8669497097582184,nan,nan,nan,4.318488529014845,2.857109112247574,4.236289776574137,2.8762015672822465,0.9809658513879486,0.4048,0.01194,0.0,0.0,0.0,0.0,0.0,0.0,0.0,0.0,0.0,0.0,0.03270111183780249,10.43819489862654,19.313276651406152,0.21582733812949645,0.0,0.0,0.0,0.0,0.0,0.0,0.0,0.0,0.0,0.0,0.0,0.0,0.0,0.0,0.0,0.0,nan,nan,4.277458600878675,2.8669497097582184,nan,0.4048,0.0636,0.0,0.0,0.0,0.0,0.0,0.0,0.0,0.0,0.0,0.0,0.0,0.0,0.0,0.0,0.0,0.0,0.0,0.0,0.0,0.0016786570743405275,7.63025942882058e-05,0.0,0.0,0.004926967516895574,8.720296490080663e-05,0.0029540004360148245,0.004011336385437105,0.0011227381730978853,0.01936995857859167,0.007259646827992152,0.0197514715500327,0.010747765424024417,0.036865053411816,0.05021800741225202,0.028558971005014172,0.06126008284281666,0.027447133202528885,0.04137780684543275,0.0579027686941356,0.05568999345977763,0.07025288859821234,0.05819707870067582,0.06764770002180075,0.0592217135382603,0.060191846522781776,0.04956398517549597,0.023784608676695008,0.050337911488990625,0.03503379114889906,0.015849138870721605,0.013505559189012426,0.026564203182908218,0.009319816873773708,0.0022018748637453673,0.018617833006322214,0.006474820143884892,0.0016895574449531283,0.00021800741225201656,0.0,1.0900370612600829e-05,1.0900370612600829e-05,0.0,0.0,0.0,0.0,0.0,0.0,0.0,0.0,0.0,0.0,0.0,0.0,0.0,0.0,0.0,0.0,0.0,0.0,0.0,0.0,0.0,0.0,0.0,0.0,0.0,0.0,0.0,0.0,0.0,0.0,0.0,0.0,0.0,0.0,0.0,0.0,0.0,0.0,0.0,0.0,nan,nan,4.277458600878675,2.8669497097582184,nan,0.9164658397810229,0.022972031851017684,0.0,0.0,0.0,0.0,0.0,0.0,0.0,0.0,0.0,0.0,0.0,0.0,0.0,0.0,0.0,0.0,0.0,0.0,0.0,0.0,0.0,0.0,0.0,0.0,0.0,0.37656903765690386,6.81589958158996,15.815899581589962,6.464435146443516,0.5271966527196653,0.9159027308456237,0.023284295218400374,0.0,0.0,0.0,0.0,0.0,0.0,0.0,0.0,0.0,0.0,0.0,0.0,0.0,0.0,0.0,0.0,0.0,0.0,0.0,0.0,0.0,0.0,0.0,0.0,0.013654984069185257,0.3959945380063724,7.045971779699592,15.826126536185711,6.185707783340921,0.5325443786982249,0.4045,0.01193,0.0,0.0,0.0,0.0,0.0,0.0,0.0,0.0,0.0,0.0,0.025104602510460258,10.707112970711282,19.054393305439334,0.2133891213389122,0.0,0.0,0.0,0.0,0.0,0.0,0.0,0.0,0.0,0.0,0.0,0.0,0.0,0.0,0.0,0.0,0.4048,0.01194,0.0,0.0,0.0,0.0,0.0,0.0,0.0,0.0,0.0,0.0,0.04096495220755576,10.145653163404628,19.59490213928084,0.2184797451069641,0.0,0.0,0.0,0.0,0.0,0.0,0.0,0.0,0.0,0.0,0.0,0.0,0.0,0.0,0.0,0.0
54900,4235,2181,0.5149940968122786,1002,854,0.43825265643447464,1189,0.5615112160566706,0.4340000000000001,3.0316455696202533,3.124403977277927,6.675170068027211,2.070589929984133,8374.895017709563,506.47211318769155,7853.0,8866.4,8866.4,0.0,7853.0,0.0,28.2099173553719,21.07777459062716,33.089915966386556,19.35942027061314,0.13789846517119245,0.09634002361275089,0.09468713105076741,0.09138134592680047,0.08618654073199528,0.06517119244391972,0.07154663518299882,0.06186540731995278,0.05076741440377804,0.04935064935064935,0.05336481700118064,0.04321133412042503,0.03164108618654073,0.02715466351829988,0.020070838252656435,0.014167650531286895,0.005194805194805195,0.9152702161384727,0.022938840833615585,0.0,0.0,0.0,0.0,0.0,0.0,0.0,0.0,0.0,0.0,0.0,0.0,0.0,0.0,0.0,0.0,0.0,0.0,0.0,0.0,0.0,0.0,0.0,0.0,0.007083825265643449,0.4817001180637545,7.012987012987015,15.988193624557264,6.134592680047227,0.3754427390791028,4.308871851040526,2.8540431032233005,nan,nan,nan,4.344322344322344,2.8219662303528095,4.273852876911872,2.886166533694708,0.9837789505876401,0.4048,0.01166,0.0,0.0,0.0,0.0,0.0,0.0,0.0,0.0,0.0,0.0,0.021251475796930347,10.271546635182982,19.55844155844156,0.14876033057851243,0.0,0.0,0.0,0.0,0.0,0.0,0.0,0.0,0.0,0.0,0.0,0.0,0.0,0.0,0.0,0.0,nan,nan,4.308871851040526,2.8540431032233005,nan,0.4048,0.06323,0.0,0.0,0.0,0.0,0.0,0.0,0.0,0.0,0.0,0.0,0.0,0.0,0.0,0.0,0.0,0.0,0.0,0.0,0.0,0.0014403778040141676,2.361275088547816e-05,0.0,1.180637544273908e-05,0.004498229043683589,0.00014167650531286894,0.002857142857142857,0.002668240850059032,0.0009208972845336482,0.019456906729634002,0.006186540731995278,0.020850059031877213,0.010708382526564345,0.03674144037780402,0.05231404958677686,0.027520661157024794,0.06273907910271546,0.02909090909090909,0.03887839433293979,0.062243211334120425,0.05681227863046045,0.06759149940968123,0.0612987012987013,0.06663518299881936,0.055702479338842974,0.0606965761511216,0.047792207792207796,0.02476977567886659,0.049208972845336485,0.035548996458087366,0.016564344746162928,0.013010625737898466,0.026989374262101535,0.00845336481700118,0.0013813459268004723,0.01935064935064935,0.0069185360094451,0.0017119244391971666,0.0002715466351829988,0.0,0.0,0.0,0.0,0.0,0.0,0.0,0.0,0.0,0.0,0.0,0.0,0.0,0.0,0.0,0.0,0.0,0.0,0.0,0.0,0.0,0.0,0.0,0.0,0.0,0.0,0.0,0.0,0.0,0.0,0.0,0.0,0.0,0.0,0.0,0.0,0.0,0.0,0.0,0.0,0.0,0.0,0.0,nan,nan,4.308871851040526,2.8540431032233005,nan,0.9156308056071831,0.02322642388649347,0.0,0.0,0.0,0.0,0.0,0.0,0.0,0.0,0.0,0.0,0.0,0.0,0.0,0.0,0.0,0.0,0.0,0.0,0.0,0.0,0.0,0.0,0.0,0.0,0.0,0.563961485557084,6.9050894085282,15.708390646492438,6.354883081155435,0.4676753782668502,0.9148873312157573,0.02262318548923852,0.0,0.0,0.0,0.0,0.0,0.0,0.0,0.0,0.0,0.0,0.0,0.0,0.0,0.0,0.0,0.0,0.0,0.0,0.0,0.0,0.0,0.0,0.0,0.0,0.014605647517039926,0.394352482960078,7.127555988315484,16.285296981499517,5.900681596884129,0.2775073028237586,0.4048,0.01193,0.0,0.0,0.0,0.0,0.0,0.0,0.0,0.0,0.0,0.0,0.013755158184319122,10.316368638239325,19.518569463548832,0.15130674002751035,0.0,0.0,0.0,0.0,0.0,0.0,0.0,0.0,0.0,0.0,0.0,0.0,0.0,0.0,0.0,0.0,0.4045,0.01135,0.0,0.0,0.0,0.0,0.0,0.0,0.0,0.0,0.0,0.0,0.029211295034079852,10.223953261927932,19.60077896786758,0.14605647517039924,0.0,0.0,0.0,0.0,0.0,0.0,0.0,0.0,0.0,0.0,0.0,0.0,0.0,0.0,0.0,0.0
55000,4542,2366,0.5209158960810216,1119,967,0.45926904447380007,1292,0.5689123734037869,0.4100000000000001,2.924172794117647,3.06774674440203,6.641285956006768,2.039355851436315,8380.896169088506,506.2564690114796,7853.0,8866.4,8866.4,0.0,7853.0,0.0,27.653896961690887,20.559265139989424,32.550891920251836,18.809638465544154,0.138925583443417,0.10325847644209599,0.08806693086745927,0.0891677675033025,0.08256274768824307,0.08080140907089388,0.07045354469396742,0.06164685160722149,0.05746367239101717,0.053940995156318804,0.04601497137824747,0.038088947600176136,0.03346543372963452,0.024218405988551298,0.017613386173491855,0.010127697049757816,0.004183179216204315,0.915313861040437,0.02299041562171655,0.0,0.0,0.0,0.0,0.0,0.0,0.0,0.0,0.0,0.0,0.0,0.0,0.0,0.0,0.0,0.0,0.0,0.0,0.0,0.0,0.0,0.0,0.0,0.0,0.013210039630118893,0.501981505944518,7.067371202113608,15.686922060766186,6.387054161162485,0.3434610303830912,4.243694614860259,2.895755205600385,nan,nan,nan,4.1759510869565215,2.888722998631905,4.311901504787961,2.9012206631691986,1.0325555580035595,0.4055,0.011826,0.0,0.0,0.0,0.0,0.0,0.0,0.0,0.0,0.0,0.0,0.013210039630118893,9.782034346103023,19.900924702774113,0.3038309114927345,0.0,0.0,0.0,0.0,0.0,0.0,0.0,0.0,0.0,0.0,0.0,0.0,0.0,0.0,0.0,0.0,nan,nan,4.243694614860259,2.895755205600385,nan,0.4055,0.0628,0.0,0.0,0.0,0.0,0.0,0.0,0.0,0.0,0.0,0.0,0.0,0.0,0.0,0.0,0.0,0.0,0.0,0.0,0.0,0.0016512549537648614,4.403346543372963e-05,0.0,0.0,0.0035116688683399385,0.0002642007926023778,0.002586966094231616,0.0019815059445178335,0.0008256274768824307,0.019572875385292822,0.00566930867459269,0.01941875825627477,0.009302069572875386,0.036867018934390136,0.052895200352267725,0.026706296785557023,0.06680977542932628,0.027575957727873184,0.036162483487450464,0.06115147512109203,0.057617789520035226,0.0657970057243505,0.061822985468956405,0.06743725231175693,0.06000660501981506,0.06077719066490533,0.04813958608542492,0.023976221928665786,0.05059445178335535,0.03757155438132981,0.015345662703654778,0.012351387054161162,0.026607221488331133,0.008982826948480845,0.0013320123293703214,0.01941875825627477,0.007595772787318362,0.0013430206957287538,0.0002531924262439454,2.2016732716864817e-05,0.0,0.0,1.1008366358432408e-05,0.0,0.0,0.0,0.0,0.0,0.0,0.0,0.0,0.0,0.0,0.0,0.0,0.0,0.0,0.0,0.0,0.0,0.0,0.0,0.0,0.0,0.0,0.0,0.0,0.0,0.0,0.0,0.0,0.0,0.0,0.0,0.0,0.0,0.0,0.0,0.0,0.0,0.0,0.0,nan,nan,4.243694614860259,2.895755205600385,nan,0.9151023643458182,0.02282258857051494,0.0,0.0,0.0,0.0,0.0,0.0,0.0,0.0,0.0,0.0,0.0,0.0,0.0,0.0,0.0,0.0,0.0,0.0,0.0,0.0,0.0,0.0,0.0,0.0,0.012679628064243453,0.5452240067624684,6.999154691462385,15.824175824175827,6.377852916314456,0.24091293322062557,0.9155438248177662,0.023169326629350184,0.0,0.0,0.0,0.0,0.0,0.0,0.0,0.0,0.0,0.0,0.0,0.0,0.0,0.0,0.0,0.0,0.0,0.0,0.0,0.0,0.0,0.0,0.0,0.0,0.013786764705882356,0.45496323529411775,7.141544117647061,15.537683823529415,6.397058823529413,0.45496323529411775,0.4053,0.01196,0.0,0.0,0.0,0.0,0.0,0.0,0.0,0.0,0.0,0.0,0.025359256128486905,9.877430262045634,19.76754015215554,0.3296703296703298,0.0,0.0,0.0,0.0,0.0,0.0,0.0,0.0,0.0,0.0,0.0,0.0,0.0,0.0,0.0,0.0,0.4058,0.011665,0.0,0.0,0.0,0.0,0.0,0.0,0.0,0.0,0.0,0.0,0.0,9.678308823529399,20.045955882352946,0.27573529411764713,0.0,0.0,0.0,0.0,0.0,0.0,0.0,0.0,0.0,0.0,0.0,0.0,0.0,0.0,0.0,0.0
55100,4324,2280,0.5272895467160037,1047,883,0.44634597594819614,1192,0.5513413506012951,0.4340000000000001,2.9990215264187867,3.166142902984605,6.696269982238011,2.1822235824267158,8387.355226641997,505.94473852326945,7853.0,8866.4,8866.399999999998,1.8189894035458565e-12,7853.0,0.0,28.387835337650323,21.19989113028375,33.24890470974808,19.481411546473105,0.13806660499537465,0.09481961147086032,0.09805735430157261,0.0851063829787234,0.08256244218316373,0.06961147086031452,0.06822386679000925,0.06244218316373728,0.05596669750231267,0.053422756706753005,0.04764107308048104,0.044172062904717854,0.03307123034227567,0.024051803885291396,0.02197039777983349,0.014107308048103609,0.006706753006475485,0.9145684068700322,0.023133716283134553,0.0,0.0,0.0,0.0,0.0,0.0,0.0,0.0,0.0,0.0,0.0,0.0,0.0,0.0,0.0,0.0,0.0,0.0,0.0,0.0,0.0,0.0,0.0,0.0,0.0,0.5203515263644775,7.215541165587421,16.117021276595747,5.751618871415358,0.3954671600370029,4.144793152639087,2.9349348137434257,nan,nan,nan,4.221906116642959,3.0090859672306625,4.067238912732475,2.8563208953774644,0.9633655510953267,0.4055,0.01206,0.0,0.0,0.0,0.0,0.0,0.0,0.0,0.0,0.0,0.0,0.013876040703052732,9.80342275670674,19.91211840888067,0.27058279370952826,0.0,0.0,0.0,0.0,0.0,0.0,0.0,0.0,0.0,0.0,0.0,0.0,0.0,0.0,0.0,0.0,nan,nan,4.144793152639087,2.9349348137434257,nan,0.4055,0.06323,0.0,0.0,0.0,0.0,0.0,0.0,0.0,0.0,0.0,0.0,0.0,0.0,0.0,0.0,0.0,0.0,0.0,0.0,0.0,0.001549491211840888,0.0,0.0,2.312673450508788e-05,0.00354995374653099,0.00012719703977798335,0.002162349676225717,0.0022895467160037003,0.0007400555041628122,0.02097594819611471,0.004914431082331175,0.021843200740055503,0.009273820536540241,0.03783533765032378,0.051086956521739134,0.025982886216466234,0.0671600370027752,0.028006475485661424,0.03651711378353376,0.05913506012950971,0.059320074005550415,0.06514801110083256,0.05807123034227567,0.06636216466234968,0.058637835337650324,0.06166743755781683,0.0522895467160037,0.024340888066604994,0.04851988899167438,0.03687557816836263,0.01587650323774283,0.013482886216466235,0.026225716928769658,0.007978723404255319,0.0014338575393154486,0.020918131359851988,0.007712765957446808,0.0014685476410730804,0.0004509713228492137,2.312673450508788e-05,2.312673450508788e-05,0.0,0.0,0.0,0.0,0.0,0.0,0.0,0.0,0.0,0.0,0.0,0.0,0.0,0.0,0.0,0.0,0.0,0.0,0.0,0.0,0.0,0.0,0.0,0.0,0.0,0.0,0.0,0.0,0.0,0.0,0.0,0.0,0.0,0.0,0.0,0.0,0.0,0.0,0.0,0.0,0.0,nan,nan,4.144793152639087,2.9349348137434257,nan,0.9145912371183696,0.02280629703394669,0.0,0.0,0.0,0.0,0.0,0.0,0.0,0.0,0.0,0.0,0.0,0.0,0.0,0.0,0.0,0.0,0.0,0.0,0.0,0.0,0.0,0.0,0.0,0.0,0.0,0.5657894736842106,6.921052631578949,16.513157894736846,5.5921052631578965,0.40789473684210537,0.9145429406439022,0.023493529967520934,0.0,0.0,0.0,0.0,0.0,0.0,0.0,0.0,0.0,0.0,0.0,0.0,0.0,0.0,0.0,0.0,0.0,0.0,0.0,0.0,0.0,0.0,0.0,0.0,0.0,0.46966731898238756,7.5440313111546,15.675146771037186,5.929549902152643,0.3816046966731899,0.4058,0.01209,0.0,0.0,0.0,0.0,0.0,0.0,0.0,0.0,0.0,0.0,0.026315789473684216,9.539473684210511,20.15789473684211,0.27631578947368424,0.0,0.0,0.0,0.0,0.0,0.0,0.0,0.0,0.0,0.0,0.0,0.0,0.0,0.0,0.0,0.0,0.4053,0.01202,0.0,0.0,0.0,0.0,0.0,0.0,0.0,0.0,0.0,0.0,0.0,10.097847358121317,19.63796477495108,0.264187866927593,0.0,0.0,0.0,0.0,0.0,0.0,0.0,0.0,0.0,0.0,0.0,0.0,0.0,0.0,0.0,0.0
55200,4538,2376,0.5235786690171882,1091,901,0.43895989422653153,1268,0.5588364918466284,0.4180000000000001,3.0342275670675303,3.0810413049294416,6.530903328050713,2.1016736916150798,8383.594623182018,506.13628301376417,7853.0,8866.4,8866.399999999998,1.8189894035458565e-12,7853.0,0.0,28.62163948876157,21.126720828527787,33.53496868475992,19.30840592061555,0.1372851476421331,0.09475539885412076,0.08946672542970471,0.0872631115028647,0.07602468047598061,0.07646540326134861,0.07183781401498457,0.06809167033935655,0.051344204495372414,0.05354781842221243,0.04473336271485236,0.04759806081974438,0.03371529308065227,0.02864698104892023,0.02005288673424416,0.012119876597620097,0.007051564565888057,0.915893749486197,0.02289042892879923,0.0,0.0,0.0,0.0,0.0,0.0,0.0,0.0,0.0,0.0,0.0,0.0,0.0,0.0,0.0,0.0,0.0,0.0,0.0,0.0,0.0,0.0,0.0,0.0,0.013221683561040108,0.4429263992948436,6.802556192155136,16.16350815337153,6.115028646981051,0.4627589246364038,4.293161814488829,2.873319583005723,nan,nan,nan,4.365951742627346,2.9189441272567316,4.218878248974009,2.8240658855769567,0.9663135320032576,0.4058,0.01193,0.0,0.0,0.0,0.0,0.0,0.0,0.0,0.0,0.0,0.0,0.033054208902600274,9.261789334508581,20.467166152490087,0.23799030409872196,0.0,0.0,0.0,0.0,0.0,0.0,0.0,0.0,0.0,0.0,0.0,0.0,0.0,0.0,0.0,0.0,nan,nan,4.293161814488829,2.873319583005723,nan,0.4058,0.06323,0.0,0.0,0.0,0.0,0.0,0.0,0.0,0.0,0.0,0.0,0.0,0.0,0.0,0.0,0.0,0.0,0.0,0.0,0.0,0.001498457470251212,0.0,0.0,0.0,0.003228294402820626,4.4072278536800355e-05,0.0027104451300132217,0.002335830762450419,0.001112825033054209,0.02026223005729396,0.004627589246364037,0.023920229175848393,0.008847509916262672,0.03451961216394887,0.05136624063464081,0.024151608638166594,0.06901718818862936,0.029263992948435433,0.033990744821507275,0.06019171441163508,0.059178052005288674,0.06567871308946673,0.060797708241516084,0.06897311591009256,0.05699647421771706,0.060599382988100484,0.051718818862935216,0.02352357866901719,0.04885412075804319,0.03645879241956809,0.015634640810929926,0.012703834288232702,0.02634420449537241,0.00867122080211547,0.0015645658880564124,0.02134200088144557,0.007282944028206258,0.002005288673424416,0.0005729396209784046,0.0,0.0,0.0,1.1018069634200089e-05,0.0,0.0,0.0,0.0,0.0,0.0,0.0,0.0,0.0,0.0,0.0,0.0,0.0,0.0,0.0,0.0,0.0,0.0,0.0,0.0,0.0,0.0,0.0,0.0,0.0,0.0,0.0,0.0,0.0,0.0,0.0,0.0,0.0,0.0,0.0,0.0,0.0,0.0,0.0,nan,nan,4.293161814488829,2.873319583005723,nan,0.9159758481313083,0.022655512102815294,0.0,0.0,0.0,0.0,0.0,0.0,0.0,0.0,0.0,0.0,0.0,0.0,0.0,0.0,0.0,0.0,0.0,0.0,0.0,0.0,0.0,0.0,0.0,0.0,0.0,0.41666666666666674,6.830808080808082,16.13636363636364,6.148989898989901,0.4671717171717173,0.9158035245182115,0.023145512735302118,0.0,0.0,0.0,0.0,0.0,0.0,0.0,0.0,0.0,0.0,0.0,0.0,0.0,0.0,0.0,0.0,0.0,0.0,0.0,0.0,0.0,0.0,0.0,0.0,0.027752081406105463,0.4717853839037929,6.771507863089734,16.19333950046254,6.077705827937097,0.45790934320074017,0.4058,0.01214,0.0,0.0,0.0,0.0,0.0,0.0,0.0,0.0,0.0,0.0,0.03787878787878789,9.280303030303017,20.46717171717172,0.2146464646464647,0.0,0.0,0.0,0.0,0.0,0.0,0.0,0.0,0.0,0.0,0.0,0.0,0.0,0.0,0.0,0.0,0.4055,0.01171,0.0,0.0,0.0,0.0,0.0,0.0,0.0,0.0,0.0,0.0,0.027752081406105463,9.241443108233105,20.467160037002778,0.2636447733580019,0.0,0.0,0.0,0.0,0.0,0.0,0.0,0.0,0.0,0.0,0.0,0.0,0.0,0.0,0.0,0.0
55300,4729,2452,0.5185028547261578,1160,965,0.44935504334954535,1326,0.5607950941002326,0.4020000000000001,2.984628897672376,3.04586964918312,6.479938271604938,2.0037538835443924,8378.450792979489,506.35293794214346,7853.0,8866.4,8866.4,0.0,7853.0,0.0,27.968703742863184,20.829648543317663,32.89006289308176,19.07013838396213,0.1389300063438359,0.09811799534785366,0.09283146542609431,0.08669909071685346,0.08416155635440897,0.07591456967646437,0.06343835906111228,0.0674561218016494,0.06491858743920491,0.049693381264537956,0.042715161767815604,0.03912032142101924,0.03446817508987101,0.024318037640093042,0.020088813702685556,0.01036159864664834,0.006766758299851977,0.9156544458213228,0.02264673553233888,0.0,0.0,0.0,0.0,0.0,0.0,0.0,0.0,0.0,0.0,0.0,0.0,0.0,0.0,0.0,0.0,0.0,0.0,0.0,0.0,0.0,0.0,0.0,0.0,0.01268767181222246,0.45675618524000855,6.775216747726794,16.208500740114193,6.185240008458449,0.3615986466483401,4.294599018003273,2.841984788788363,nan,nan,nan,4.3668178872326635,2.816070569358103,4.220383851753805,2.8671918315520126,0.9664666493404752,0.406,0.01207,0.0,0.0,0.0,0.0,0.0,0.0,0.0,0.0,0.0,0.0,0.03171917953055615,9.319094946077382,20.408120109959825,0.24106576443222674,0.0,0.0,0.0,0.0,0.0,0.0,0.0,0.0,0.0,0.0,0.0,0.0,0.0,0.0,0.0,0.0,nan,nan,4.294599018003273,2.841984788788363,nan,0.406,0.06335,0.0,0.0,0.0,0.0,0.0,0.0,0.0,0.0,0.0,0.0,0.0,0.0,0.0,0.0,0.0,0.0,0.0,0.0,0.0,0.0013110594205963206,0.0,0.0,0.0,0.003774582364136181,9.515753859166843e-05,0.00296045675618524,0.0024740960033833794,0.0015013744977796575,0.020945231550010573,0.004831888348488052,0.023176147176993022,0.008849651089025164,0.03444702897018397,0.049291604990484246,0.021325861704377246,0.06913723831676888,0.030746458024952423,0.032057517445548744,0.06215901882004652,0.05879678578980757,0.06651511947557623,0.062486783675195605,0.06719179530556144,0.05765489532670755,0.05897652780714739,0.051850285472615776,0.02295411292027913,0.04995770776062593,0.040019031507718336,0.014157327130471558,0.012740537111440051,0.025290759145696763,0.009928103193064072,0.0014590822584055825,0.02048001691689575,0.007919221822795516,0.0017234087544935504,0.0007295411292027913,0.0,2.114611968703743e-05,0.0,6.343835906111229e-05,0.0,0.0,0.0,0.0,0.0,0.0,0.0,0.0,0.0,0.0,0.0,0.0,0.0,0.0,0.0,0.0,0.0,0.0,0.0,0.0,0.0,0.0,0.0,0.0,0.0,0.0,0.0,0.0,0.0,0.0,0.0,0.0,0.0,0.0,0.0,0.0,0.0,0.0,0.0,nan,nan,4.294599018003273,2.841984788788363,nan,0.915291768059645,0.022568970524907833,0.0,0.0,0.0,0.0,0.0,0.0,0.0,0.0,0.0,0.0,0.0,0.0,0.0,0.0,0.0,0.0,0.0,0.0,0.0,0.0,0.0,0.0,0.0,0.0,0.0,0.37928221859706374,7.022838499184341,16.35807504078304,5.8238172920065265,0.41598694942903763,0.9160449973679343,0.022723707761856345,0.0,0.0,0.0,0.0,0.0,0.0,0.0,0.0,0.0,0.0,0.0,0.0,0.0,0.0,0.0,0.0,0.0,0.0,0.0,0.0,0.0,0.0,0.0,0.0,0.026350461133069835,0.5401844532279316,6.508563899868249,16.047430830039527,6.574440052700924,0.3030303030303031,0.4058,0.01223,0.0,0.0,0.0,0.0,0.0,0.0,0.0,0.0,0.0,0.0,0.036704730831973904,9.738988580750394,19.93066884176183,0.29363784665579123,0.0,0.0,0.0,0.0,0.0,0.0,0.0,0.0,0.0,0.0,0.0,0.0,0.0,0.0,0.0,0.0,0.406,0.01189,0.0,0.0,0.0,0.0,0.0,0.0,0.0,0.0,0.0,0.0,0.026350461133069835,8.866930171277984,20.92226613965745,0.18445322793148886,0.0,0.0,0.0,0.0,0.0,0.0,0.0,0.0,0.0,0.0,0.0,0.0,0.0,0.0,0.0,0.0
55400,4708,2418,0.5135938827527613,1163,970,0.45305862361937127,1342,0.5700934579439252,0.4060000000000001,2.940174672489083,3.0704112586102275,6.526315789473684,2.147033779472802,8373.476040781648,506.512695497736,7853.0,8866.4,8866.399999999998,1.8189894035458565e-12,7853.0,0.0,27.716015293118097,20.709470826486733,32.6546835443038,18.949105642396194,0.1387000849617672,0.10067969413763807,0.0955819881053526,0.08177570093457943,0.08708581138487681,0.07476635514018691,0.07009345794392523,0.06223449447748513,0.06011045029736618,0.05480033984706882,0.045454545454545456,0.04014443500424809,0.0318606627017842,0.02336448598130841,0.015293118096856415,0.011257434154630416,0.006796941376380629,0.9152279987791988,0.022767243003374807,0.0,0.0,0.0,0.0,0.0,0.0,0.0,0.0,0.0,0.0,0.0,0.0,0.0,0.0,0.0,0.0,0.0,0.0,0.0,0.0,0.0,0.0,0.0,0.0,0.0,0.44604927782497883,7.327952421410367,15.739167374681397,6.155480033984708,0.3313508920985557,4.288588390501319,2.8651811312743107,nan,nan,nan,4.205362982341399,2.8612469009766466,4.373253493013972,2.8666997155430467,1.0399229534709742,0.4062,0.01235,0.0,0.0,0.0,0.0,0.0,0.0,0.0,0.0,0.0,0.0,0.012744265080713682,9.233220050977046,20.32710280373832,0.42693288020390835,0.0,0.0,0.0,0.0,0.0,0.0,0.0,0.0,0.0,0.0,0.0,0.0,0.0,0.0,0.0,0.0,nan,nan,4.288588390501319,2.8651811312743107,nan,0.4062,0.0632,0.0,0.0,0.0,0.0,0.0,0.0,0.0,0.0,0.0,0.0,0.0,0.0,0.0,0.0,0.0,0.0,0.0,0.0,0.0,0.001306287170773152,0.0,2.1240441801189464e-05,0.0,0.002973661852166525,4.248088360237893e-05,0.0028355989804587935,0.002347068819031436,0.0016567544604927783,0.020358963466440103,0.004927782497875956,0.023237043330501275,0.008899745114698385,0.03363423959218352,0.04945836873406967,0.020114698385726423,0.06982795242141036,0.030278249787595583,0.03137213254035684,0.06342395921835174,0.05982370433305013,0.0655161427357689,0.06543118096856415,0.06741716227697536,0.0562553101104503,0.05720050977060323,0.052750637213254035,0.023672472387425657,0.05082837723024639,0.03958156329651657,0.013413338997451146,0.01324341546304163,0.024447748513169075,0.009621920135938827,0.001582412914188615,0.020900594732370433,0.008166949872557349,0.002410790144435004,0.0009770603228547155,1.0620220900594732e-05,0.0,0.0,3.18606627017842e-05,0.0,0.0,0.0,0.0,0.0,0.0,0.0,0.0,0.0,0.0,0.0,0.0,0.0,0.0,0.0,0.0,0.0,0.0,0.0,0.0,0.0,0.0,0.0,0.0,0.0,0.0,0.0,0.0,0.0,0.0,0.0,0.0,0.0,0.0,0.0,0.0,0.0,0.0,0.0,nan,nan,4.288588390501319,2.8651811312743107,nan,0.9151868334824236,0.022861965406365422,0.0,0.0,0.0,0.0,0.0,0.0,0.0,0.0,0.0,0.0,0.0,0.0,0.0,0.0,0.0,0.0,0.0,0.0,0.0,0.0,0.0,0.0,0.0,0.0,0.0,0.446650124069479,7.344913151364766,15.756823821339953,6.116625310173699,0.3349875930521093,0.9152714650183266,0.022666715289209813,0.0,0.0,0.0,0.0,0.0,0.0,0.0,0.0,0.0,0.0,0.0,0.0,0.0,0.0,0.0,0.0,0.0,0.0,0.0,0.0,0.0,0.0,0.0,0.0,0.0,0.44541484716157215,7.3100436681222725,15.720524017467252,6.196506550218342,0.3275109170305677,0.4062,0.012535,0.0,0.0,0.0,0.0,0.0,0.0,0.0,0.0,0.0,0.0,0.024813895781637722,9.342431761786587,20.14888337468983,0.48387096774193555,0.0,0.0,0.0,0.0,0.0,0.0,0.0,0.0,0.0,0.0,0.0,0.0,0.0,0.0,0.0,0.0,0.4065,0.01215,0.0,0.0,0.0,0.0,0.0,0.0,0.0,0.0,0.0,0.0,0.0,9.117903930130991,20.515283842794762,0.3668122270742359,0.0,0.0,0.0,0.0,0.0,0.0,0.0,0.0,0.0,0.0,0.0,0.0,0.0,0.0,0.0,0.0
55500,4662,2464,0.5285285285285285,1131,952,0.4468039468039468,1288,0.5525525525525525,0.4220000000000001,2.9558689717925386,3.0377305302578046,6.489326765188834,2.0892172244154743,8388.61081081081,505.8745447423317,7853.0,8866.4,8866.4,0.0,7853.0,0.0,27.913985413985415,21.017951654542433,33.02850539291217,19.221813894754256,0.14478764478764478,0.09566709566709566,0.09287859287859287,0.09073359073359073,0.08000858000858001,0.06971256971256971,0.07293007293007293,0.06306306306306306,0.05834405834405834,0.04804804804804805,0.04719004719004719,0.04096954096954097,0.0311025311025311,0.02423852423852424,0.02252252252252252,0.011797511797511798,0.006006006006006006,0.9150088960548575,0.022724065897698334,0.0,0.0,0.0,0.0,0.0,0.0,0.0,0.0,0.0,0.0,0.0,0.0,0.0,0.0,0.0,0.0,0.0,0.0,0.0,0.0,0.0,0.0,0.0,0.0,0.006435006435006436,0.5212355212355213,7.271557271557273,16.01673101673102,5.810810810810812,0.37323037323037334,4.252575606513792,2.8802419110123343,nan,nan,nan,4.221930400525279,2.870021599574459,4.283983849259758,2.8903420671056343,1.0146978852912303,0.4055,0.012184,0.0,0.0,0.0,0.0,0.0,0.0,0.0,0.0,0.0,0.0,0.04504504504504506,9.839124839124825,19.71685971685972,0.39897039897039904,0.0,0.0,0.0,0.0,0.0,0.0,0.0,0.0,0.0,0.0,0.0,0.0,0.0,0.0,0.0,0.0,nan,nan,4.252575606513792,2.8802419110123343,nan,0.4055,0.0631,0.0,0.0,0.0,0.0,0.0,0.0,0.0,0.0,0.0,0.0,0.0,0.0,0.0,0.0,0.0,0.0,0.0,0.0,0.0,0.0014264264264264265,1.0725010725010725e-05,0.0,0.0,0.0030351780351780353,4.29000429000429e-05,0.0026061776061776063,0.002691977691977692,0.0018768768768768769,0.02203989703989704,0.0046546546546546545,0.022586872586872586,0.009598884598884598,0.03226083226083226,0.05206992706992707,0.019305019305019305,0.07005577005577006,0.03334405834405835,0.03251823251823252,0.061454311454311454,0.058408408408408406,0.06378163878163878,0.06884384384384384,0.06957314457314458,0.053785928785928784,0.05638138138138138,0.054493779493779496,0.02311239811239811,0.04638567138567139,0.03965036465036465,0.013835263835263836,0.01344916344916345,0.023755898755898754,0.009491634491634492,0.0021557271557271556,0.02206134706134706,0.006778206778206778,0.0019734019734019732,0.0005040755040755041,0.0,0.0,0.0,0.0,0.0,0.0,0.0,0.0,0.0,0.0,0.0,0.0,0.0,0.0,0.0,0.0,0.0,0.0,0.0,0.0,0.0,0.0,0.0,0.0,0.0,0.0,0.0,0.0,0.0,0.0,0.0,0.0,0.0,0.0,0.0,0.0,0.0,0.0,0.0,0.0,0.0,0.0,0.0,nan,nan,4.252575606513792,2.8802419110123343,nan,0.9155961650774463,0.022813446116246392,0.0,0.0,0.0,0.0,0.0,0.0,0.0,0.0,0.0,0.0,0.0,0.0,0.0,0.0,0.0,0.0,0.0,0.0,0.0,0.0,0.0,0.0,0.0,0.0,0.0,0.5478896103896105,7.171266233766235,15.90097402597403,5.965909090909093,0.41396103896103903,0.9143505562588342,0.022605318357234346,0.0,0.0,0.0,0.0,0.0,0.0,0.0,0.0,0.0,0.0,0.0,0.0,0.0,0.0,0.0,0.0,0.0,0.0,0.0,0.0,0.0,0.0,0.0,0.0,0.013648771610555053,0.4913557779799819,7.3839854413102834,16.14649681528663,5.636942675159237,0.32757051865332126,0.4058,0.01241,0.0,0.0,0.0,0.0,0.0,0.0,0.0,0.0,0.0,0.0,0.03652597402597403,9.764610389610375,19.71185064935065,0.4870129870129871,0.0,0.0,0.0,0.0,0.0,0.0,0.0,0.0,0.0,0.0,0.0,0.0,0.0,0.0,0.0,0.0,0.4053,0.01192,0.0,0.0,0.0,0.0,0.0,0.0,0.0,0.0,0.0,0.0,0.05459508644222021,9.922656960873507,19.722474977252052,0.30027297543221115,0.0,0.0,0.0,0.0,0.0,0.0,0.0,0.0,0.0,0.0,0.0,0.0,0.0,0.0,0.0,0.0
55600,4632,2386,0.5151122625215889,1094,921,0.43501727115716754,1275,0.5505181347150259,0.4180000000000001,2.9781834372217277,3.0945281749080955,6.465753424657534,2.1381080457507524,8375.014766839377,506.4685063423542,7853.0,8866.4,8866.399999999998,1.8189894035458565e-12,7853.0,0.0,28.20336787564767,21.235837643045787,33.33789718419013,19.45542521410699,0.14140759930915373,0.10146804835924007,0.0939119170984456,0.08484455958549222,0.07577720207253887,0.07253886010362694,0.06822107081174439,0.06044905008635579,0.05936960276338515,0.05505181347150259,0.046632124352331605,0.038860103626943004,0.035837651122625214,0.025259067357512953,0.020293609671848015,0.012521588946459413,0.0075561312607944735,0.9156888525205984,0.022554414693729447,0.0,0.0,0.0,0.0,0.0,0.0,0.0,0.0,0.0,0.0,0.0,0.0,0.0,0.0,0.0,0.0,0.0,0.0,0.0,0.0,0.0,0.0,0.0,0.0,0.0,0.4145077720207255,7.027202072538862,16.01036269430052,6.2176165803108825,0.3303108808290156,4.303030303030303,2.8976521743751182,nan,nan,nan,4.255275697753574,2.9052746113380583,4.349766822118587,2.8894086749018553,1.0222056409681977,0.4058,0.01166,0.0,0.0,0.0,0.0,0.0,0.0,0.0,0.0,0.0,0.0,0.0064766839378238355,9.319948186528483,20.44689119170985,0.22668393782383425,0.0,0.0,0.0,0.0,0.0,0.0,0.0,0.0,0.0,0.0,0.0,0.0,0.0,0.0,0.0,0.0,nan,nan,4.303030303030303,2.8976521743751182,nan,0.4058,0.0629,0.0,0.0,0.0,0.0,0.0,0.0,0.0,0.0,0.0,0.0,0.0,0.0,0.0,0.0,0.0,0.0,0.0,0.0,0.0,0.0011765975820379965,0.0,0.0,0.0,0.002925302245250432,1.079447322970639e-05,0.0029145077720207253,0.0022560449050086358,0.0015651986183074266,0.021955958549222797,0.004943868739205526,0.02231217616580311,0.009466753022452505,0.03065630397236615,0.053098013816925735,0.019635146804835923,0.06973229706390328,0.03566493955094991,0.0309153713298791,0.06213298791018998,0.05932642487046632,0.0636873920552677,0.06894430051813472,0.06679620034542315,0.054447322970639034,0.05813903281519862,0.05565630397236615,0.02371545768566494,0.04478626943005181,0.04129965457685665,0.013320379965457686,0.012359671848013816,0.02258203799654577,0.009034974093264248,0.0023639896373056995,0.021729274611398963,0.007145941278065631,0.0024503454231433507,0.0008419689119170985,0.0,1.079447322970639e-05,0.0,0.0,0.0,0.0,0.0,0.0,0.0,0.0,0.0,0.0,0.0,0.0,0.0,0.0,0.0,0.0,0.0,0.0,0.0,0.0,0.0,0.0,0.0,0.0,0.0,0.0,0.0,0.0,0.0,0.0,0.0,0.0,0.0,0.0,0.0,0.0,0.0,0.0,0.0,0.0,0.0,nan,nan,4.303030303030303,2.8976521743751182,nan,0.916259245920461,0.022561492844019034,0.0,0.0,0.0,0.0,0.0,0.0,0.0,0.0,0.0,0.0,0.0,0.0,0.0,0.0,0.0,0.0,0.0,0.0,0.0,0.0,0.0,0.0,0.0,0.0,0.0,0.377200335289187,6.852472757753564,15.980720871751888,6.450125733445098,0.33948030176026833,0.9150829047681175,0.022531080277465088,0.0,0.0,0.0,0.0,0.0,0.0,0.0,0.0,0.0,0.0,0.0,0.0,0.0,0.0,0.0,0.0,0.0,0.0,0.0,0.0,0.0,0.0,0.0,0.0,0.0,0.45414069456812123,7.212822796081925,16.04185218165628,5.970614425645594,0.32056990204808555,0.4053,0.01156,0.0,0.0,0.0,0.0,0.0,0.0,0.0,0.0,0.0,0.0,0.0,9.492875104777857,20.31852472757754,0.1886001676445935,0.0,0.0,0.0,0.0,0.0,0.0,0.0,0.0,0.0,0.0,0.0,0.0,0.0,0.0,0.0,0.0,0.406,0.01175,0.0,0.0,0.0,0.0,0.0,0.0,0.0,0.0,0.0,0.0,0.013357079252003565,9.136242208370424,20.58325912733749,0.2671415850400713,0.0,0.0,0.0,0.0,0.0,0.0,0.0,0.0,0.0,0.0,0.0,0.0,0.0,0.0,0.0,0.0
55700,4801,2476,0.5157258904394918,1131,966,0.43678400333263906,1350,0.5623828369089773,0.38600000000000007,2.92,3.067212667616495,6.43298969072165,2.162302892999018,8375.636617371381,506.4493204919502,7853.0,8866.4,8866.4,0.0,7853.0,0.0,28.441574671943346,20.97136968657582,33.26403940886699,19.2050572526422,0.13642991043532599,0.0951885023953343,0.09560508227452615,0.08748177463028536,0.07477608831493439,0.07790043740887315,0.06727765048948135,0.06144553218079567,0.056654863570089566,0.05165590501978754,0.05394709435534264,0.045823786711101856,0.03645073942928557,0.02603624244948969,0.015621745469693814,0.010831076858987711,0.006873568006665278,0.9169189942625507,0.022816209485493975,0.0,0.0,0.0,0.0,0.0,0.0,0.0,0.0,0.0,0.0,0.0,0.0,0.0,0.0,0.0,0.0,0.0,0.0,0.0,0.0,0.0,0.0,0.0,0.0,0.006248698187877527,0.3061862112059988,6.561133097271403,16.215371797542183,6.454905228077485,0.4561549677150595,4.178399228543877,2.853093784433,nan,nan,nan,4.193717277486911,2.8522356995018847,4.162452591656131,2.8543720412113034,0.9925448751639464,0.406,0.01191,0.0,0.0,0.0,0.0,0.0,0.0,0.0,0.0,0.0,0.0,0.006248698187877527,9.02936888148301,20.683191001874615,0.2811914184544887,0.0,0.0,0.0,0.0,0.0,0.0,0.0,0.0,0.0,0.0,0.0,0.0,0.0,0.0,0.0,0.0,nan,nan,4.178399228543877,2.853093784433,nan,0.406,0.0628,0.0,0.0,0.0,0.0,0.0,0.0,0.0,0.0,0.0,0.0,0.0,0.0,0.0,0.0,0.0,0.0,0.0,0.0,0.0,0.0009268902312018329,0.0,1.0414496979795876e-05,1.0414496979795876e-05,0.0027285982087065196,0.0,0.0029160591543428453,0.002593209747969173,0.0009477192251614247,0.020141637158925224,0.005040616538221204,0.02389085607165174,0.008466986044574047,0.030066652780670694,0.05260362424494897,0.018881483024369924,0.0694334513642991,0.03489897937929598,0.031524682357842115,0.06447615080191627,0.06233076442407832,0.0633722141220579,0.06908977296396585,0.06545511351801708,0.05462403665902937,0.06063320141637159,0.053395126015413456,0.0227244324099146,0.04270985211414289,0.0436888148302437,0.012153717975421786,0.012934805248906478,0.022266194542803583,0.008289939595917516,0.0021453863778379506,0.02217246406998542,0.008446157050614455,0.00285357217246407,0.0011560091647573423,0.0,0.0,0.0,0.0,0.0,0.0,0.0,0.0,0.0,0.0,0.0,0.0,0.0,0.0,0.0,0.0,0.0,0.0,0.0,0.0,0.0,0.0,0.0,0.0,0.0,0.0,0.0,0.0,0.0,0.0,0.0,0.0,0.0,0.0,0.0,0.0,0.0,0.0,0.0,0.0,0.0,0.0,0.0,nan,nan,4.178399228543877,2.853093784433,nan,0.9169357142174956,0.022402965531058652,0.0,0.0,0.0,0.0,0.0,0.0,0.0,0.0,0.0,0.0,0.0,0.0,0.0,0.0,0.0,0.0,0.0,0.0,0.0,0.0,0.0,0.0,0.0,0.0,0.0,0.31502423263327956,6.324717285945074,16.684168012924076,6.227786752827142,0.44830371567043625,0.9169011884094567,0.02324820363741828,0.0,0.0,0.0,0.0,0.0,0.0,0.0,0.0,0.0,0.0,0.0,0.0,0.0,0.0,0.0,0.0,0.0,0.0,0.0,0.0,0.0,0.0,0.0,0.0,0.012903225806451616,0.29677419354838713,6.812903225806453,15.716129032258067,6.696774193548388,0.46451612903225814,0.406,0.01198,0.0,0.0,0.0,0.0,0.0,0.0,0.0,0.0,0.0,0.0,0.012116316639741522,9.293214862681731,20.367528271405497,0.3271405492730211,0.0,0.0,0.0,0.0,0.0,0.0,0.0,0.0,0.0,0.0,0.0,0.0,0.0,0.0,0.0,0.0,0.4062,0.01184,0.0,0.0,0.0,0.0,0.0,0.0,0.0,0.0,0.0,0.0,0.0,8.74838709677418,21.01935483870968,0.23225806451612907,0.0,0.0,0.0,0.0,0.0,0.0,0.0,0.0,0.0,0.0,0.0,0.0,0.0,0.0,0.0,0.0
55800,4438,2308,0.5200540784136999,1054,889,0.43780982424515547,1228,0.5534024335286165,0.4420000000000001,3.046478873239437,3.155916910396772,6.780936454849498,2.062689203072139,8380.022803064445,506.292280876969,7853.0,8866.4,8866.399999999998,1.8189894035458565e-12,7853.0,0.0,28.38035150968905,21.265748964266137,33.415615776764156,19.484510584387753,0.13970256872465076,0.09869310500225327,0.0957638575935106,0.08562415502478594,0.07300585849481749,0.07300585849481749,0.06962595763857593,0.06331680937359171,0.05633168093735917,0.052050473186119876,0.050473186119873815,0.03965750337990086,0.03605227579990987,0.028391167192429023,0.017124831004957188,0.013068949977467327,0.00811176205497972,0.9169860005835361,0.022936907865060904,0.0,0.0,0.0,0.0,0.0,0.0,0.0,0.0,0.0,0.0,0.0,0.0,0.0,0.0,0.0,0.0,0.0,0.0,0.0,0.0,0.0,0.0,0.0,0.0,0.006759801712483102,0.35150968904912133,6.455610635421363,16.10184767913475,6.604326273095991,0.47994592158630023,4.299474605954466,2.9028007015816555,nan,nan,nan,4.299586776859504,2.9051440735701566,4.29935851746258,2.900373488701047,0.9999469113175823,0.4053,0.01224,0.0,0.0,0.0,0.0,0.0,0.0,0.0,0.0,0.0,0.0,0.020279405137449306,10.099143758449737,19.58990536277603,0.29067147363677337,0.0,0.0,0.0,0.0,0.0,0.0,0.0,0.0,0.0,0.0,0.0,0.0,0.0,0.0,0.0,0.0,nan,nan,4.299474605954466,2.9028007015816555,nan,0.4053,0.0626,0.0,0.0,0.0,0.0,0.0,0.0,0.0,0.0,0.0,0.0,0.0,0.0,0.0,0.0,0.0,0.0,0.0,0.0,0.0,0.0012280306444344298,0.0,9.013068949977468e-05,1.1266336187471835e-05,0.003481297881928797,2.253267237494367e-05,0.002906714736367733,0.0018251464623704372,0.0008337088778729157,0.020425867507886435,0.00460793150067598,0.024414150518251465,0.008551149166291122,0.030261378999549348,0.05157728706624606,0.019186570527264534,0.0713609734114466,0.037449301487156375,0.03316809373591708,0.06385759351059035,0.06522082018927444,0.06145786390265885,0.0655588102748986,0.06573907165389815,0.0571991888237945,0.0590806669671023,0.053188373141054526,0.02098918431726003,0.04265434880576836,0.04409643983776476,0.012866155926092835,0.012314105452906714,0.02157503379900856,0.006703470031545741,0.0024898602974312753,0.021676430824695808,0.007908968003605228,0.002974312753492564,0.001013970256872465,3.37990085624155e-05,0.0,0.0,0.0,0.0,0.0,0.0,0.0,0.0,0.0,0.0,0.0,0.0,0.0,0.0,0.0,0.0,0.0,0.0,0.0,0.0,0.0,0.0,0.0,0.0,0.0,0.0,0.0,0.0,0.0,0.0,0.0,0.0,0.0,0.0,0.0,0.0,0.0,0.0,0.0,0.0,0.0,0.0,nan,nan,4.299474605954466,2.9028007015816555,nan,0.9167237183405167,0.022895255941176088,0.0,0.0,0.0,0.0,0.0,0.0,0.0,0.0,0.0,0.0,0.0,0.0,0.0,0.0,0.0,0.0,0.0,0.0,0.0,0.0,0.0,0.0,0.0,0.0,0.0,0.3509532062391682,6.4861351819757385,16.117850953206244,6.577123050259967,0.4679376083188909,0.917270201248742,0.02297857612372872,0.0,0.0,0.0,0.0,0.0,0.0,0.0,0.0,0.0,0.0,0.0,0.0,0.0,0.0,0.0,0.0,0.0,0.0,0.0,0.0,0.0,0.0,0.0,0.0,0.014084507042253525,0.35211267605633806,6.422535211267608,16.084507042253524,6.63380281690141,0.49295774647887336,0.4053,0.01229,0.0,0.0,0.0,0.0,0.0,0.0,0.0,0.0,0.0,0.0,0.0,10.073656845753884,19.64038128249567,0.2859618717504333,0.0,0.0,0.0,0.0,0.0,0.0,0.0,0.0,0.0,0.0,0.0,0.0,0.0,0.0,0.0,0.0,0.4053,0.012184,0.0,0.0,0.0,0.0,0.0,0.0,0.0,0.0,0.0,0.0,0.04225352112676057,10.126760563380266,19.535211267605636,0.295774647887324,0.0,0.0,0.0,0.0,0.0,0.0,0.0,0.0,0.0,0.0,0.0,0.0,0.0,0.0,0.0,0.0
55900,4798,2504,0.5218841183826595,1153,964,0.44122551062942894,1321,0.5506461025427262,0.4260000000000001,3.006974716652136,3.161029072484777,6.666666666666667,2.2207436467423203,8381.877365568987,506.21443525093133,7853.0,8866.4,8866.4,0.0,7853.0,0.0,27.635681533972488,20.789418237524774,32.52320675105485,19.10690931732954,0.14110045852438516,0.10254272613588995,0.09837432263443101,0.08566069195498124,0.08253438932888704,0.074822842851188,0.06419341392246769,0.06294289287203002,0.05523134639433097,0.0500208420175073,0.046269278866194245,0.04585243851604835,0.03563984993747395,0.021467278032513547,0.016673614005835766,0.010421008753647354,0.006252605252188412,0.9184921187950006,0.022681354944660323,0.0,0.0,0.0,0.0,0.0,0.0,0.0,0.0,0.0,0.0,0.0,0.0,0.0,0.0,0.0,0.0,0.0,0.0,0.0,0.0,0.0,0.0,0.0,0.0,0.0,0.3063776573572322,5.921217173822428,16.15047936640267,7.121717382242602,0.500208420175073,4.340418574231524,2.9724384834138875,nan,nan,nan,4.337524818001324,3.039107808097381,4.3432449903038135,2.9058415754980746,1.0013187641667778,0.4058,0.01211,0.0,0.0,0.0,0.0,0.0,0.0,0.0,0.0,0.0,0.0,0.0,9.666527719883272,19.964568570237603,0.3689037098791164,0.0,0.0,0.0,0.0,0.0,0.0,0.0,0.0,0.0,0.0,0.0,0.0,0.0,0.0,0.0,0.0,nan,nan,4.340418574231524,2.9724384834138875,nan,0.4058,0.06305,0.0,0.0,0.0,0.0,0.0,0.0,0.0,0.0,0.0,0.0,0.0,0.0,0.0,0.0,0.0,0.0,2.0842017507294705e-05,0.0,0.0,0.00141725719049604,0.0,0.000177157148812005,0.0,0.0028240933722384325,6.252605252188412e-05,0.003272196748645269,0.001740308461859108,0.0006148395164651938,0.02015423092955398,0.0035223009587328053,0.02495831596498541,0.008336807002917883,0.03132555231346394,0.05225093789078783,0.020268862025844103,0.0732388495206336,0.03558774489370571,0.03181533972488537,0.06443309712380159,0.064745727386411,0.05800333472280117,0.06510004168403502,0.06709045435598165,0.056950812838682786,0.056961233847436434,0.05555439766569404,0.019789495623176324,0.044591496456857026,0.042642767819924966,0.013255523134639433,0.012473947478115881,0.022082117548978743,0.006836181742392664,0.002626094205919133,0.022228011671529803,0.009191329720716965,0.0027198832847019593,0.0011150479366402667,2.0842017507294705e-05,0.0,0.0,0.0,0.0,0.0,0.0,0.0,0.0,0.0,0.0,0.0,0.0,0.0,0.0,0.0,0.0,0.0,0.0,0.0,0.0,0.0,0.0,0.0,0.0,0.0,0.0,0.0,0.0,0.0,0.0,0.0,0.0,0.0,0.0,0.0,0.0,0.0,0.0,0.0,0.0,0.0,0.0,nan,nan,4.340418574231524,2.9724384834138875,nan,0.9188311968367702,0.022687626401829385,0.0,0.0,0.0,0.0,0.0,0.0,0.0,0.0,0.0,0.0,0.0,0.0,0.0,0.0,0.0,0.0,0.0,0.0,0.0,0.0,0.0,0.0,0.0,0.0,0.0,0.3714057507987221,5.607028753993612,16.329872204472846,7.188498402555912,0.5031948881789138,0.918122000479137,0.022668718516959317,0.0,0.0,0.0,0.0,0.0,0.0,0.0,0.0,0.0,0.0,0.0,0.0,0.0,0.0,0.0,0.0,0.0,0.0,0.0,0.0,0.0,0.0,0.0,0.0,0.0,0.2353966870095903,6.264167393199653,15.954664341761118,7.0488230165649535,0.4969485614646906,0.4055,0.012146,0.0,0.0,0.0,0.0,0.0,0.0,0.0,0.0,0.0,0.0,0.0,9.848242811501583,19.756389776357832,0.3953674121405752,0.0,0.0,0.0,0.0,0.0,0.0,0.0,0.0,0.0,0.0,0.0,0.0,0.0,0.0,0.0,0.0,0.4058,0.01208,0.0,0.0,0.0,0.0,0.0,0.0,0.0,0.0,0.0,0.0,0.0,9.468177855274615,20.191804707933745,0.34001743679163043,0.0,0.0,0.0,0.0,0.0,0.0,0.0,0.0,0.0,0.0,0.0,0.0,0.0,0.0,0.0,0.0
56000,4688,2418,0.5157849829351536,1178,946,0.45307167235494883,1332,0.568259385665529,0.38600000000000007,2.8726872246696034,2.9697599695296812,6.143497757847534,2.2102574487840294,8375.696501706483,506.4474325467099,7853.0,8866.4,8866.399999999998,1.8189894035458565e-12,7853.0,0.0,28.758959044368602,21.01162537654317,33.48506151142355,19.24882890725461,0.1296928327645051,0.09641638225255973,0.0878839590443686,0.09172354948805461,0.07657849829351536,0.07551194539249147,0.06975255972696245,0.06633959044368601,0.0595136518771331,0.05631399317406143,0.0507679180887372,0.0390358361774744,0.03668941979522184,0.024957337883959044,0.019411262798634813,0.01151877133105802,0.007892491467576791,0.9182649533496375,0.023235485359002477,0.0,0.0,0.0,0.0,0.0,0.0,0.0,0.0,0.0,0.0,0.0,0.0,0.0,0.0,0.0,0.0,0.0,0.0,0.0,0.0,0.0,0.0,0.0,0.0,0.006399317406143346,0.39675767918088745,6.040955631399319,16.00469283276451,7.032849829351537,0.5183447098976111,4.106830689543542,2.8254924409694677,nan,nan,nan,4.094011590470058,2.8012363092277854,4.119791666666667,2.8497485193019907,1.0062970208136732,0.4055,0.011536,0.0,0.0,0.0,0.0,0.0,0.0,0.0,0.0,0.0,0.0,0.0,9.694965870307152,20.093856655290107,0.21117747440273044,0.0,0.0,0.0,0.0,0.0,0.0,0.0,0.0,0.0,0.0,0.0,0.0,0.0,0.0,0.0,0.0,nan,nan,4.106830689543542,2.8254924409694677,nan,0.4055,0.063,0.0,0.0,0.0,0.0,0.0,0.0,0.0,0.0,0.0,0.0,0.0,0.0,0.0,0.0,0.0,0.0,0.0,0.0,0.0,0.0010878839590443687,1.0665529010238908e-05,0.0001386518771331058,0.0,0.0025703924914675766,4.266211604095563e-05,0.0034449658703071674,0.0014185153583617747,0.0008852389078498294,0.021149744027303755,0.003626279863481229,0.024936006825938568,0.008255119453924915,0.03194325938566553,0.05243174061433447,0.021341723549488056,0.07431740614334471,0.0345669795221843,0.032071245733788396,0.06349189419795222,0.06593430034129692,0.05449018771331058,0.06545435153583617,0.06558233788395905,0.05645264505119454,0.05940699658703072,0.05830844709897611,0.020104522184300342,0.04291808873720136,0.04099829351535836,0.013257252559726963,0.012702645051194538,0.02157636518771331,0.007732508532423208,0.0023997440273037544,0.02041382252559727,0.010452218430034129,0.003210324232081911,0.0007999146757679181,2.1331058020477816e-05,4.266211604095563e-05,0.0,1.0665529010238908e-05,0.0,0.0,0.0,0.0,0.0,0.0,0.0,0.0,0.0,0.0,0.0,0.0,0.0,0.0,0.0,0.0,0.0,0.0,0.0,0.0,0.0,0.0,0.0,0.0,0.0,0.0,0.0,0.0,0.0,0.0,0.0,0.0,0.0,0.0,0.0,0.0,0.0,0.0,0.0,nan,nan,4.106830689543542,2.8254924409694677,nan,0.9185946440529094,0.02307114208702386,0.0,0.0,0.0,0.0,0.0,0.0,0.0,0.0,0.0,0.0,0.0,0.0,0.0,0.0,0.0,0.0,0.0,0.0,0.0,0.0,0.0,0.0,0.0,0.0,0.0,0.34739454094292815,5.99255583126551,15.955334987593055,7.220843672456577,0.48387096774193555,0.9179137673934651,0.023404166695622845,0.0,0.0,0.0,0.0,0.0,0.0,0.0,0.0,0.0,0.0,0.0,0.0,0.0,0.0,0.0,0.0,0.0,0.0,0.0,0.0,0.0,0.0,0.0,0.0,0.013215859030837008,0.44933920704845826,6.09251101321586,16.057268722466965,6.832599118942733,0.5550660792951543,0.4055,0.01139,0.0,0.0,0.0,0.0,0.0,0.0,0.0,0.0,0.0,0.0,0.0,9.516129032258052,20.285359801488838,0.19851116625310178,0.0,0.0,0.0,0.0,0.0,0.0,0.0,0.0,0.0,0.0,0.0,0.0,0.0,0.0,0.0,0.0,0.4053,0.01169,0.0,0.0,0.0,0.0,0.0,0.0,0.0,0.0,0.0,0.0,0.0,9.885462555066065,19.889867841409696,0.22466960352422913,0.0,0.0,0.0,0.0,0.0,0.0,0.0,0.0,0.0,0.0,0.0,0.0,0.0,0.0,0.0,0.0
56100,4668,2411,0.5164952870608398,1127,957,0.4464438731790917,1313,0.5625535561268209,0.39000000000000007,2.89720868409393,3.0439224815792274,6.446570972886763,2.1811721998086333,8376.416323907455,506.42418437019853,7853.0,8866.4,8866.4,0.0,7853.0,0.0,27.825407026563838,20.73226059905838,32.66378433367243,19.00624678383439,0.13967437874892888,0.09961439588688946,0.09254498714652956,0.08804627249357326,0.07840616966580977,0.07519280205655526,0.07305055698371894,0.06855184233076264,0.054413024850042846,0.05162810625535561,0.04648671808054841,0.04284490145672665,0.031276778063410456,0.022065124250214223,0.018851756640959727,0.00985432733504713,0.0074978577549271634,0.9169256838474298,0.023011623735500204,0.0,0.0,0.0,0.0,0.0,0.0,0.0,0.0,0.0,0.0,0.0,0.0,0.0,0.0,0.0,0.0,0.0,0.0,0.0,0.0,0.0,0.0,0.0,0.0,0.0,0.44987146529562994,6.54884318766067,15.764781491002573,6.799485861182521,0.4370179948586119,4.180126287803257,2.8352556311301655,nan,nan,nan,4.248847926267281,2.8803133611651064,4.11006711409396,2.786827716298213,0.9673368370481445,0.405,0.01212,0.0,0.0,0.0,0.0,0.0,0.0,0.0,0.0,0.0,0.0,0.019280205655526995,9.955012853470423,19.730077120822624,0.2956298200514139,0.0,0.0,0.0,0.0,0.0,0.0,0.0,0.0,0.0,0.0,0.0,0.0,0.0,0.0,0.0,0.0,nan,nan,4.180126287803257,2.8352556311301655,nan,0.405,0.063,0.0,0.0,0.0,0.0,0.0,0.0,0.0,0.0,0.0,0.0,0.0,0.0,0.0,0.0,0.0,0.0,0.0,0.0,0.0,0.0009961439588688946,0.0,0.00014995715509854326,3.2133676092544985e-05,0.0029241645244215938,6.426735218508997e-05,0.0034704370179948585,0.0014995715509854327,0.0008140531276778064,0.02262210796915167,0.0036953727506426736,0.02391816623821765,0.00734790059982862,0.03299057412167952,0.050910454155955444,0.020458440445586975,0.07591045415595545,0.03279777206512425,0.03350471293916024,0.06373179091688089,0.0667630676949443,0.05645886889460154,0.0661846615252785,0.06683804627249357,0.056083976006855184,0.059372322193658955,0.05663024850042845,0.01920522707797772,0.041120394173093405,0.04113110539845758,0.014267352185089975,0.012467866323907456,0.02092973436161097,0.007272922022279349,0.002120822622107969,0.020983290488431876,0.01017566409597258,0.002881319622964867,0.0011568123393316196,0.0,0.00011782347900599829,0.0,0.0,0.0,0.0,0.0,0.0,0.0,0.0,0.0,0.0,0.0,0.0,0.0,0.0,0.0,0.0,0.0,0.0,0.0,0.0,0.0,0.0,0.0,0.0,0.0,0.0,0.0,0.0,0.0,0.0,0.0,0.0,0.0,0.0,0.0,0.0,0.0,0.0,0.0,0.0,0.0,nan,nan,4.180126287803257,2.8352556311301655,nan,0.9166273604483587,0.022977062269286176,0.0,0.0,0.0,0.0,0.0,0.0,0.0,0.0,0.0,0.0,0.0,0.0,0.0,0.0,0.0,0.0,0.0,0.0,0.0,0.0,0.0,0.0,0.0,0.0,0.0,0.42306097055163844,6.868519286603071,15.77768560763169,6.408129406885111,0.5226047283284945,0.9172443624983649,0.02304422028777131,0.0,0.0,0.0,0.0,0.0,0.0,0.0,0.0,0.0,0.0,0.0,0.0,0.0,0.0,0.0,0.0,0.0,0.0,0.0,0.0,0.0,0.0,0.0,0.0,0.0,0.4785112981834294,6.2073548958794875,15.750996898537885,7.217545414266727,0.34559149313247683,0.4053,0.01205,0.0,0.0,0.0,0.0,0.0,0.0,0.0,0.0,0.0,0.0,0.024885939444214026,9.867274989630845,19.82165076731647,0.28618830360846126,0.0,0.0,0.0,0.0,0.0,0.0,0.0,0.0,0.0,0.0,0.0,0.0,0.0,0.0,0.0,0.0,0.405,0.0122,0.0,0.0,0.0,0.0,0.0,0.0,0.0,0.0,0.0,0.0,0.013291980505095263,10.048737261852,19.6322552060257,0.305715551617191,0.0,0.0,0.0,0.0,0.0,0.0,0.0,0.0,0.0,0.0,0.0,0.0,0.0,0.0,0.0,0.0
56200,4588,2391,0.5211421098517872,1142,974,0.46120313862249346,1311,0.5714908456843941,0.4140000000000001,2.8707328174783795,3.0703545361686557,6.570940170940171,2.1488641336288694,8381.1254141238,506.24681888346066,7853.0,8866.4,8866.399999999998,1.8189894035458565e-12,7853.0,0.0,27.79380993897123,20.67507662423782,32.89506656225529,18.803742725174597,0.1431996512641674,0.10178727114210985,0.08435047951176984,0.08849171752397558,0.07824760244115082,0.07345248474280733,0.07432432432432433,0.06408020924149957,0.06386224934612031,0.0520924149956408,0.04969485614646905,0.03683522231909329,0.03182214472537053,0.02659110723626853,0.016564952048823016,0.00959023539668701,0.005013077593722755,0.9178676422565214,0.02272332428097272,0.0,0.0,0.0,0.0,0.0,0.0,0.0,0.0,0.0,0.0,0.0,0.0,0.0,0.0,0.0,0.0,0.0,0.0,0.0,0.0,0.0,0.0,0.0,0.0,0.006538796861377508,0.35963382737576294,6.218395815170011,15.850043591979079,7.114210985178729,0.45117698343504803,4.119503188989594,2.850502265166486,nan,nan,nan,4.132618888144675,2.832419420278235,4.106325706594886,2.86849510330951,0.9936376466687463,0.4048,0.01193,0.0,0.0,0.0,0.0,0.0,0.0,0.0,0.0,0.0,0.0,0.013077593722755016,10.180906713164763,19.57715780296426,0.22885789014821278,0.0,0.0,0.0,0.0,0.0,0.0,0.0,0.0,0.0,0.0,0.0,0.0,0.0,0.0,0.0,0.0,nan,nan,4.119503188989594,2.850502265166486,nan,0.4048,0.06274,0.0,0.0,0.0,0.0,0.0,0.0,0.0,0.0,0.0,0.0,0.0,0.0,0.0,0.0,0.0,0.0,0.0,0.0,0.0,0.0008173496076721883,0.0,7.628596338273758e-05,0.00014167393199651264,0.00269180470793374,0.00014167393199651264,0.003258500435919791,0.001089799476896251,0.0006974716652136007,0.022809503051438536,0.004566259808195292,0.0244768962510898,0.006146469049694856,0.03503705318221447,0.05154751525719268,0.019779860505666956,0.07384481255448998,0.03274847428073235,0.03419790758500436,0.06728421970357454,0.06545335658238884,0.0593613775065388,0.06632519616390584,0.06435265911072363,0.05768308631211857,0.05989537925021796,0.05545989537925022,0.019234960767218832,0.03916739319965126,0.040311682650392325,0.01462510897994769,0.013077593722755012,0.02100043591979076,0.0057105492589363555,0.0018199651264167393,0.019943330427201394,0.010396687009590235,0.003051438535309503,0.0015039232781168266,0.0,0.00027244986922406276,0.0,0.0,0.0,0.0,0.0,0.0,0.0,0.0,0.0,0.0,0.0,0.0,0.0,0.0,0.0,0.0,0.0,0.0,0.0,0.0,0.0,0.0,0.0,0.0,0.0,0.0,0.0,0.0,0.0,0.0,0.0,0.0,0.0,0.0,0.0,0.0,0.0,0.0,0.0,0.0,0.0,nan,nan,4.119503188989594,2.850502265166486,nan,0.9176679597844244,0.022806919700320737,0.0,0.0,0.0,0.0,0.0,0.0,0.0,0.0,0.0,0.0,0.0,0.0,0.0,0.0,0.0,0.0,0.0,0.0,0.0,0.0,0.0,0.0,0.0,0.0,0.012547051442910918,0.43914680050188215,6.060225846925974,16.022584692597242,7.0138017565872035,0.45169385194479306,0.9180849571362593,0.02262999420988993,0.0,0.0,0.0,0.0,0.0,0.0,0.0,0.0,0.0,0.0,0.0,0.0,0.0,0.0,0.0,0.0,0.0,0.0,0.0,0.0,0.0,0.0,0.0,0.0,0.0,0.2730996813837051,6.3905325443787,15.662266727355489,7.2234865725990005,0.45061447428311346,0.4048,0.0119,0.0,0.0,0.0,0.0,0.0,0.0,0.0,0.0,0.0,0.0,0.0,9.999999999999986,19.79924717691343,0.2007528230865747,0.0,0.0,0.0,0.0,0.0,0.0,0.0,0.0,0.0,0.0,0.0,0.0,0.0,0.0,0.0,0.0,0.4048,0.01197,0.0,0.0,0.0,0.0,0.0,0.0,0.0,0.0,0.0,0.0,0.027309968138370513,10.377787892580777,19.33545744196632,0.25944469731451986,0.0,0.0,0.0,0.0,0.0,0.0,0.0,0.0,0.0,0.0,0.0,0.0,0.0,0.0,0.0,0.0
56300,4646,2406,0.517864829961257,1131,953,0.4485578992681877,1296,0.5578992681876883,0.4100000000000001,2.9535714285714287,3.0652991164761367,6.407582938388626,2.1671260669468806,8377.804218682737,506.3764679227179,7853.0,8866.4,8866.4,0.0,7853.0,0.0,28.343521308652605,21.130428143816193,33.61152752649264,19.224491182425023,0.14485578992681877,0.09621179509255273,0.0871717606543263,0.08243650452001722,0.07554885923374946,0.0759793370641412,0.07188979767541971,0.06823073611708998,0.05897546276366767,0.05015066724063711,0.04476969436074042,0.04778303917348257,0.032070598364184244,0.02324580284115368,0.02152389151958674,0.010116229014205768,0.009040034438226431,0.9174623328116348,0.02276132350595481,0.0,0.0,0.0,0.0,0.0,0.0,0.0,0.0,0.0,0.0,0.0,0.0,0.0,0.0,0.0,0.0,0.0,0.0,0.0,0.0,0.0,0.0,0.0,0.0,0.006457167455876024,0.3551442100731813,6.231166594920363,16.130004304778307,6.838140335772709,0.4390873869995696,4.243216412971542,2.8861152316793257,nan,nan,nan,4.323859881031064,2.9128460221305255,4.162359178263751,2.8567780654771275,0.9626489508885746,0.4053,0.0117,0.0,0.0,0.0,0.0,0.0,0.0,0.0,0.0,0.0,0.0,0.0,9.860094705122671,19.89453293155403,0.2453723633232889,0.0,0.0,0.0,0.0,0.0,0.0,0.0,0.0,0.0,0.0,0.0,0.0,0.0,0.0,0.0,0.0,nan,nan,4.243216412971542,2.8861152316793257,nan,0.4053,0.06274,0.0,0.0,0.0,0.0,0.0,0.0,0.0,0.0,0.0,0.0,0.0,0.0,0.0,0.0,0.0,0.0,0.0,0.0,0.0,0.0004842875591907017,2.152389151958674e-05,0.00010761945759793371,0.00021523891519586742,0.0026043908738699957,0.00013990529487731382,0.0028088678433060696,0.0008609556607834697,0.0007640981489453293,0.0222449418854929,0.005553164012053379,0.026377529057253553,0.005994403788204907,0.03524537236332329,0.051668101592767975,0.018650452001721912,0.07333189840723203,0.03026259147653896,0.033932414980628496,0.06494834266035299,0.0634739560912613,0.061407662505380975,0.06345243219974171,0.06657339647008179,0.06034222987516143,0.05945975032285837,0.056661644425312095,0.020297029702970298,0.04036805854498493,0.04118596642272923,0.014603960396039605,0.011934997847610849,0.02113646147223418,0.004380111924235902,0.001829530779164873,0.020899698665518725,0.010708136030994403,0.003260869565217391,0.001366767111493758,2.152389151958674e-05,0.0003981919931123547,2.152389151958674e-05,0.0,0.0,0.0,0.0,0.0,0.0,0.0,0.0,0.0,0.0,0.0,0.0,0.0,0.0,0.0,0.0,0.0,0.0,0.0,0.0,0.0,0.0,0.0,0.0,0.0,0.0,0.0,0.0,0.0,0.0,0.0,0.0,0.0,0.0,0.0,0.0,0.0,0.0,0.0,0.0,nan,nan,4.243216412971542,2.8861152316793257,nan,0.9176485927671764,0.02273328999336743,0.0,0.0,0.0,0.0,0.0,0.0,0.0,0.0,0.0,0.0,0.0,0.0,0.0,0.0,0.0,0.0,0.0,0.0,0.0,0.0,0.0,0.0,0.0,0.0,0.0,0.31172069825436416,6.284289276807981,16.109725685785538,6.8952618453865355,0.3990024937655861,0.9172622696629592,0.022789700455604404,0.0,0.0,0.0,0.0,0.0,0.0,0.0,0.0,0.0,0.0,0.0,0.0,0.0,0.0,0.0,0.0,0.0,0.0,0.0,0.0,0.0,0.0,0.0,0.0,0.013392857142857146,0.4017857142857144,6.174107142857144,16.15178571428572,6.776785714285716,0.48214285714285726,0.405,0.0117,0.0,0.0,0.0,0.0,0.0,0.0,0.0,0.0,0.0,0.0,0.0,10.137157107231905,19.63840399002494,0.22443890274314218,0.0,0.0,0.0,0.0,0.0,0.0,0.0,0.0,0.0,0.0,0.0,0.0,0.0,0.0,0.0,0.0,0.4053,0.011696,0.0,0.0,0.0,0.0,0.0,0.0,0.0,0.0,0.0,0.0,0.0,9.562499999999988,20.16964285714286,0.2678571428571429,0.0,0.0,0.0,0.0,0.0,0.0,0.0,0.0,0.0,0.0,0.0,0.0,0.0,0.0,0.0,0.0
56400,4615,2391,0.5180931744312026,1144,934,0.4502708559046587,1280,0.5547128927410617,0.4020000000000001,2.970773381294964,3.043236121717941,6.330316742081448,2.159779272520527,8378.03562296858,506.3681417016219,7853.0,8866.4,8866.399999999998,1.8189894035458565e-12,7853.0,0.0,28.49100758396533,20.86749911592519,33.398921140508605,19.017354380982795,0.13607800650054172,0.09252437703141929,0.09252437703141929,0.08515709642470205,0.07930660888407368,0.0751895991332611,0.07107258938244854,0.0647887323943662,0.059154929577464786,0.05677139761646804,0.047670639219934995,0.041170097508125676,0.03466955579631636,0.02990249187432286,0.01820151679306609,0.011700975081256771,0.004117009750812568,0.9173343018100941,0.022526679876201373,0.0,0.0,0.0,0.0,0.0,0.0,0.0,0.0,0.0,0.0,0.0,0.0,0.0,0.0,0.0,0.0,0.0,0.0,0.0,0.0,0.0,0.0,0.0,0.0,0.0,0.3640303358613219,6.286023835319612,16.082340195016254,6.87757313109426,0.39003250270855916,4.185714285714286,2.8511923084030855,nan,nan,nan,4.16263879817113,2.783559898439546,4.207713125845737,2.919445337050392,1.0108283062403614,0.4043,0.011734,0.0,0.0,0.0,0.0,0.0,0.0,0.0,0.0,0.0,0.0,0.026002166847237277,10.400866738894893,19.397616468039008,0.1755146262188516,0.0,0.0,0.0,0.0,0.0,0.0,0.0,0.0,0.0,0.0,0.0,0.0,0.0,0.0,0.0,0.0,nan,nan,4.185714285714286,2.8511923084030855,nan,0.4043,0.063,0.0,0.0,0.0,0.0,0.0,0.0,0.0,0.0,0.0,0.0,0.0,0.0,0.0,0.0,0.0,0.0,0.0,0.0,0.0,0.0005200433369447454,6.500541711809318e-05,1.0834236186348862e-05,9.750812567713976e-05,0.00314192849404117,0.00033586132177681474,0.0027843986998916576,0.0007583965330444204,0.0007475622968580716,0.023196099674972916,0.006175514626218852,0.028309859154929576,0.005590465872156013,0.03490790899241603,0.05284940411700975,0.017822318526543878,0.0752329360780065,0.028797399783315275,0.03624052004333694,0.06366197183098592,0.06296858071505959,0.060606717226435534,0.06368364030335862,0.06656554712892741,0.059111592632719395,0.056359696641386785,0.05859154929577465,0.0204442036836403,0.04162513542795233,0.04191765980498375,0.013510292524377032,0.012394366197183098,0.019176598049837488,0.0036728060671722645,0.0017876489707475624,0.019729144095341277,0.011581798483206934,0.0034452871072589383,0.0012784398699891657,0.0,0.00021668472372697725,5.417118093174431e-05,3.250270855904659e-05,0.0,0.0,0.0,0.0,0.0,0.0,0.0,0.0,0.0,0.0,0.0,0.0,0.0,0.0,0.0,0.0,0.0,0.0,0.0,0.0,0.0,0.0,0.0,0.0,0.0,0.0,0.0,0.0,0.0,0.0,0.0,0.0,0.0,0.0,0.0,0.0,0.0,0.0,0.0,nan,nan,4.185714285714286,2.8511923084030855,nan,0.9175903396295334,0.02216740509131426,0.0,0.0,0.0,0.0,0.0,0.0,0.0,0.0,0.0,0.0,0.0,0.0,0.0,0.0,0.0,0.0,0.0,0.0,0.0,0.0,0.0,0.0,0.0,0.0,0.0,0.2760351317440402,5.984943538268508,16.39899623588457,6.951066499372649,0.38895859473023847,0.9170590381292131,0.022903455401943582,0.0,0.0,0.0,0.0,0.0,0.0,0.0,0.0,0.0,0.0,0.0,0.0,0.0,0.0,0.0,0.0,0.0,0.0,0.0,0.0,0.0,0.0,0.0,0.0,0.0,0.45863309352517995,6.609712230215829,15.741906474820148,6.798561151079138,0.39118705035971235,0.4045,0.01152,0.0,0.0,0.0,0.0,0.0,0.0,0.0,0.0,0.0,0.0,0.025094102885821836,10.313676286072758,19.485570890840656,0.17565872020075288,0.0,0.0,0.0,0.0,0.0,0.0,0.0,0.0,0.0,0.0,0.0,0.0,0.0,0.0,0.0,0.0,0.4043,0.01196,0.0,0.0,0.0,0.0,0.0,0.0,0.0,0.0,0.0,0.0,0.026978417266187056,10.494604316546749,19.303057553956837,0.17535971223021588,0.0,0.0,0.0,0.0,0.0,0.0,0.0,0.0,0.0,0.0,0.0,0.0,0.0,0.0,0.0,0.0
56500,4564,2284,0.5004382120946538,1059,959,0.4421560035056968,1312,0.574934268185802,0.4140000000000001,2.9517543859649122,3.1516281633505914,6.62621359223301,2.1954112705675426,8360.144084136722,506.69980539692267,7853.0,8866.4,8866.4,0.0,7853.0,0.0,27.822085889570552,20.931399228212562,33.0352910192257,19.086052383255055,0.14745836985100788,0.09925503943908852,0.09333917616126206,0.08326029798422437,0.07865907099035933,0.07142857142857142,0.06682734443470639,0.06485539000876424,0.05937773882559159,0.05390008764241893,0.04513584574934268,0.04097283085013147,0.03702892199824715,0.02673093777388256,0.015994741454864153,0.00985977212971078,0.005915863277826468,0.9169535621491365,0.022859281534501313,0.0,0.0,0.0,0.0,0.0,0.0,0.0,0.0,0.0,0.0,0.0,0.0,0.0,0.0,0.0,0.0,0.0,0.0,0.0,0.0,0.0,0.0,0.0,0.0,0.0,0.4272567922874672,6.54688869412796,15.861086765994745,6.68492550394391,0.4798422436459247,4.360123119015048,2.8910796313678575,nan,nan,nan,4.355570839064649,2.8870495207894806,4.364625850340136,2.8950533161842538,1.0020789493754236,0.4043,0.01219,0.0,0.0,0.0,0.0,0.0,0.0,0.0,0.0,0.0,0.0,0.026292725679228753,10.891761612620492,18.81901840490798,0.2629272567922875,0.0,0.0,0.0,0.0,0.0,0.0,0.0,0.0,0.0,0.0,0.0,0.0,0.0,0.0,0.0,0.0,nan,nan,4.360123119015048,2.8910796313678575,nan,0.4043,0.0626,0.0,0.0,0.0,0.0,0.0,0.0,0.0,0.0,0.0,0.0,0.0,0.0,0.0,0.0,0.0,0.0,0.0,0.0,0.0,0.0005696757230499561,4.3821209465381244e-05,0.0,0.00013146362839614373,0.002705959684487292,0.00028483786152497806,0.002749780893952673,0.0007778264680105171,0.000635407537248028,0.021373794916739703,0.006014460999123576,0.02609553023663453,0.005784399649430325,0.03647020157756354,0.05588299737072743,0.01742988606485539,0.07914110429447853,0.029820333041191936,0.03545135845749343,0.06239044697633655,0.06134969325153374,0.05839176161262051,0.06393514460999124,0.06504163014899211,0.060418492550394394,0.057800175284837864,0.06102103418054338,0.018843120070113933,0.04437992988606485,0.041509640666082384,0.012510955302366344,0.012138475021910605,0.017703768624014023,0.00334136722173532,0.001829535495179667,0.01820771253286591,0.012598597721297108,0.003615249780893953,0.0009640666082383874,0.0,0.0005368098159509203,0.0,0.00010955302366345311,0.0,0.0,0.0,0.0,0.0,0.0,0.0,0.0,0.0,0.0,0.0,0.0,0.0,0.0,0.0,0.0,0.0,0.0,0.0,0.0,0.0,0.0,0.0,0.0,0.0,0.0,0.0,0.0,0.0,0.0,0.0,0.0,0.0,0.0,0.0,0.0,0.0,0.0,0.0,nan,nan,4.360123119015048,2.8910796313678575,nan,0.9172621527768267,0.0231494746811334,0.0,0.0,0.0,0.0,0.0,0.0,0.0,0.0,0.0,0.0,0.0,0.0,0.0,0.0,0.0,0.0,0.0,0.0,0.0,0.0,0.0,0.0,0.0,0.0,0.0,0.4597197898423819,6.3704028021015775,15.630472854640985,7.066549912434327,0.47285464098073565,0.9166444301343801,0.022560606045401374,0.0,0.0,0.0,0.0,0.0,0.0,0.0,0.0,0.0,0.0,0.0,0.0,0.0,0.0,0.0,0.0,0.0,0.0,0.0,0.0,0.0,0.0,0.0,0.0,0.0,0.3947368421052633,6.723684210526318,16.092105263157897,6.30263157894737,0.486842105263158,0.4045,0.01237,0.0,0.0,0.0,0.0,0.0,0.0,0.0,0.0,0.0,0.0,0.0394045534150613,10.967600700525377,18.690893169877413,0.3021015761821367,0.0,0.0,0.0,0.0,0.0,0.0,0.0,0.0,0.0,0.0,0.0,0.0,0.0,0.0,0.0,0.0,0.4043,0.01202,0.0,0.0,0.0,0.0,0.0,0.0,0.0,0.0,0.0,0.0,0.013157894736842108,10.815789473684195,18.947368421052634,0.22368421052631585,0.0,0.0,0.0,0.0,0.0,0.0,0.0,0.0,0.0,0.0,0.0,0.0,0.0,0.0,0.0,0.0
56600,4477,2410,0.5383069019432656,1081,886,0.4393567120839848,1232,0.5503685503685504,0.4220000000000001,2.972907595549105,3.0557220528576607,6.482935153583618,2.1868086334217525,8398.520214429305,505.21072925232164,7853.0,8866.4,8866.399999999998,1.8189894035458565e-12,7853.0,0.0,28.518874246146975,20.959194616751038,33.223770707336314,19.223696448945596,0.1317846772392227,0.0969399151217333,0.09425954880500335,0.08532499441590351,0.08242126423944605,0.07482689300871119,0.07259325441143623,0.059638150547241454,0.0569577842305115,0.05316059861514407,0.046459682823319186,0.044896135805226715,0.036408309135581865,0.028367210185392004,0.02099620281438463,0.009381282108554836,0.005584096493187403,0.9167910389583879,0.02282298574773086,0.0,0.0,0.0,0.0,0.0,0.0,0.0,0.0,0.0,0.0,0.0,0.0,0.0,0.0,0.0,0.0,0.0,0.0,0.0,0.0,0.0,0.0,0.0,0.0,0.0,0.40205494750949305,6.761224033951308,15.63993745811928,6.834934107661382,0.36184945275854374,4.244322092222987,2.8861471896487134,nan,nan,nan,4.220833333333333,2.9106813587581555,4.265529010238908,2.861741183983487,1.0105893015373524,0.4048,0.0119,0.0,0.0,0.0,0.0,0.0,0.0,0.0,0.0,0.0,0.0,0.026803663167299537,10.346213982577604,19.39915121733304,0.22783113692204607,0.0,0.0,0.0,0.0,0.0,0.0,0.0,0.0,0.0,0.0,0.0,0.0,0.0,0.0,0.0,0.0,nan,nan,4.244322092222987,2.8861471896487134,nan,0.4048,0.06274,0.0,0.0,0.0,0.0,0.0,0.0,0.0,0.0,0.0,0.0,0.0,0.0,0.0,0.0,0.0,0.0,0.0,0.0,0.0,0.0005807460352914898,4.467277194549922e-05,0.0,0.00014518650882287246,0.00230064775519321,0.0002568684386866205,0.0022001340183158366,0.0007706053160598615,0.0005249050703596158,0.02235872235872236,0.006790261335715881,0.025865534956444048,0.006209515300424392,0.03657583203037749,0.053562653562653564,0.015903506812597723,0.07916015188742462,0.030991735537190084,0.034666071029707396,0.061849452758543665,0.06333482242573152,0.05740451194996649,0.063558186285459,0.06570247933884298,0.06245253517980791,0.054567790931427294,0.06241903060084878,0.01743354925173107,0.04559973196336833,0.04210408755863301,0.012419030600848783,0.01164842528478892,0.018338172883627428,0.0028813937904846997,0.002445834264016082,0.018003127094036186,0.013513513513513514,0.004132231404958678,0.0006365870002233638,1.1168192986374804e-05,0.0006365870002233638,0.0,0.0,0.0,0.0,0.0,0.0,0.0,0.0,0.0,0.0,0.0,0.0,0.0,0.0,0.0,0.0,0.0,0.0,0.0,0.0,0.0,0.0,0.0,0.0,0.0,0.0,0.0,0.0,0.0,0.0,0.0,0.0,0.0,0.0,0.0,0.0,0.0,0.0,0.0,0.0,0.0,nan,nan,4.244322092222987,2.8861471896487134,nan,0.9161637484532669,0.02302876371312976,0.0,0.0,0.0,0.0,0.0,0.0,0.0,0.0,0.0,0.0,0.0,0.0,0.0,0.0,0.0,0.0,0.0,0.0,0.0,0.0,0.0,0.0,0.0,0.0,0.0,0.4232365145228217,7.219917012448135,15.336099585062243,6.634854771784234,0.3858921161825727,0.9175224226629555,0.02255867875150986,0.0,0.0,0.0,0.0,0.0,0.0,0.0,0.0,0.0,0.0,0.0,0.0,0.0,0.0,0.0,0.0,0.0,0.0,0.0,0.0,0.0,0.0,0.0,0.0,0.0,0.3773584905660378,6.226415094339624,15.994194484760525,7.068214804063863,0.3338171262699565,0.4045,0.01197,0.0,0.0,0.0,0.0,0.0,0.0,0.0,0.0,0.0,0.0,0.04979253112033196,10.468879668049777,19.2448132780083,0.2365145228215768,0.0,0.0,0.0,0.0,0.0,0.0,0.0,0.0,0.0,0.0,0.0,0.0,0.0,0.0,0.0,0.0,0.405,0.011826,0.0,0.0,0.0,0.0,0.0,0.0,0.0,0.0,0.0,0.0,0.0,10.203193033381698,19.579100145137886,0.21770682148040643,0.0,0.0,0.0,0.0,0.0,0.0,0.0,0.0,0.0,0.0,0.0,0.0,0.0,0.0,0.0,0.0
56700,5006,2598,0.5189772273272073,1228,1047,0.45445465441470234,1429,0.5709149021174591,0.39000000000000007,2.9356312292358804,3.098267576721697,6.621345029239766,2.161913937951016,8378.93152217339,506.33490750183734,7853.0,8866.4,8866.399999999998,1.8189894035458565e-12,7853.0,0.0,27.819216939672394,20.622771874855182,32.5460775047259,18.920969196932564,0.1350379544546544,0.10247702756691969,0.0940870954854175,0.08709548541749901,0.08629644426687974,0.07331202556931682,0.06711945665201757,0.06092688773471834,0.06472233320015981,0.05253695565321614,0.0477427087495006,0.039552536955653216,0.03116260487415102,0.02556931681981622,0.017778665601278467,0.008389932081502197,0.006192568917299241,0.9169255266344838,0.02300953034137047,0.0,0.0,0.0,0.0,0.0,0.0,0.0,0.0,0.0,0.0,0.0,0.0,0.0,0.0,0.0,0.0,0.0,0.0,0.0,0.0,0.0,0.0,0.0,0.0,0.0,0.4254894127047544,6.412305233719538,16.102676787854577,6.592089492608871,0.46743907311226535,4.237507711289328,2.9584371062698342,nan,nan,nan,4.225866336633663,2.9108620821574536,4.249077490774908,3.0049286713578476,1.0054926380278593,0.405,0.011635,0.0,0.0,0.0,0.0,0.0,0.0,0.0,0.0,0.0,0.0,0.005992808629644428,10.247702756691956,19.518577706751902,0.22772672792648826,0.0,0.0,0.0,0.0,0.0,0.0,0.0,0.0,0.0,0.0,0.0,0.0,0.0,0.0,0.0,0.0,nan,nan,4.237507711289328,2.9584371062698342,nan,0.405,0.0627,0.0,0.0,0.0,0.0,0.0,0.0,0.0,0.0,0.0,0.0,0.0,0.0,0.0,0.0,0.0,0.0,0.0,0.0,0.0,0.0008689572512984419,0.0,0.0,0.0002896524170994806,0.002516979624450659,0.00025968837395125847,0.001727926488214143,0.000759089093088294,0.0005493407910507391,0.02371154614462645,0.006811825809029165,0.02316220535357571,0.006332401118657611,0.03645625249700359,0.053775469436675986,0.016270475429484618,0.07762684778266081,0.0309129045145825,0.033789452656811825,0.062275269676388335,0.0628046344386736,0.056242508989212944,0.06252497003595685,0.06675988813423891,0.06419296843787455,0.05504394726328406,0.06270475429484619,0.017758689572512986,0.048042349180982824,0.042289252896524174,0.013104274870155813,0.010976827806632042,0.01785856971634039,0.0026767878545745105,0.0029964043148222133,0.017518977227327207,0.013513783459848182,0.0036855773072313226,0.0006092688773471833,1.997602876548142e-05,0.0005593288054334798,9.98801438274071e-06,9.98801438274071e-06,0.0,0.0,0.0,0.0,0.0,0.0,0.0,0.0,0.0,0.0,0.0,0.0,0.0,0.0,0.0,0.0,0.0,0.0,0.0,0.0,0.0,0.0,0.0,0.0,0.0,0.0,0.0,0.0,0.0,0.0,0.0,0.0,0.0,0.0,0.0,0.0,0.0,0.0,0.0,nan,nan,4.237507711289328,2.9584371062698342,nan,0.9169773252493056,0.02281855803105691,0.0,0.0,0.0,0.0,0.0,0.0,0.0,0.0,0.0,0.0,0.0,0.0,0.0,0.0,0.0,0.0,0.0,0.0,0.0,0.0,0.0,0.0,0.0,0.0,0.0,0.3579676674364897,6.443418013856815,16.143187066974598,6.593533487297923,0.46189376443418023,0.9168696409196553,0.023213679609224235,0.0,0.0,0.0,0.0,0.0,0.0,0.0,0.0,0.0,0.0,0.0,0.0,0.0,0.0,0.0,0.0,0.0,0.0,0.0,0.0,0.0,0.0,0.0,0.0,0.0,0.4983388704318938,6.378737541528241,16.05897009966778,6.590531561461796,0.4734219269102991,0.4048,0.0115,0.0,0.0,0.0,0.0,0.0,0.0,0.0,0.0,0.0,0.0,0.011547344110854505,10.415704387990747,19.364896073903008,0.2078521939953811,0.0,0.0,0.0,0.0,0.0,0.0,0.0,0.0,0.0,0.0,0.0,0.0,0.0,0.0,0.0,0.0,0.4053,0.01177,0.0,0.0,0.0,0.0,0.0,0.0,0.0,0.0,0.0,0.0,0.0,10.066445182724237,19.684385382059805,0.2491694352159469,0.0,0.0,0.0,0.0,0.0,0.0,0.0,0.0,0.0,0.0,0.0,0.0,0.0,0.0,0.0,0.0
56800,4768,2476,0.5192953020134228,1181,960,0.44903523489932884,1330,0.5578859060402684,0.4060000000000001,2.9467713787085517,3.0564430064613126,6.405819295558959,2.2121265006643758,8379.253859060402,506.32256180802943,7853.0,8866.4,8866.4,0.0,7853.0,0.0,27.90373322147651,20.841880417842532,33.05960764587525,18.98061645609282,0.14597315436241612,0.10423657718120806,0.08221476510067115,0.08326342281879194,0.08221476510067115,0.07151845637583892,0.06984060402684564,0.06879194630872483,0.05536912751677853,0.05662751677852349,0.04886744966442953,0.041107382550335574,0.030411073825503357,0.024748322147651006,0.018666107382550336,0.009018456375838927,0.007130872483221477,0.9161714766949616,0.023135616912906845,0.0,0.0,0.0,0.0,0.0,0.0,0.0,0.0,0.0,0.0,0.0,0.0,0.0,0.0,0.0,0.0,0.0,0.0,0.0,0.0,0.0,0.0,0.0,0.0,0.0,0.5033557046979866,6.669463087248324,16.019295302013425,6.386325503355706,0.42156040268456385,4.220526144852225,2.8509163753368494,nan,nan,nan,4.197183098591549,2.8497666644865993,4.244561634805537,2.8519000632310583,1.0112881747355476,0.4045,0.01159,0.0,0.0,0.0,0.0,0.0,0.0,0.0,0.0,0.0,0.0,0.0062919463087248335,10.557885906040253,19.31627516778524,0.11954697986577184,0.0,0.0,0.0,0.0,0.0,0.0,0.0,0.0,0.0,0.0,0.0,0.0,0.0,0.0,0.0,0.0,nan,nan,4.220526144852225,2.8509163753368494,nan,0.4045,0.06274,0.0,0.0,0.0,0.0,0.0,0.0,0.0,0.0,0.0,0.0,0.0,0.0,0.0,0.0,0.0,0.0,0.0,0.0,0.0,0.0007340604026845638,0.0,0.0,0.00027265100671140937,0.0022755872483221475,0.00024119127516778523,0.0018351510067114093,0.0009123322147651006,0.0005243288590604027,0.022158137583892616,0.0070784395973154364,0.024213506711409396,0.006984060402684564,0.03852768456375839,0.05407927852348993,0.016275167785234898,0.07892197986577182,0.029079278523489932,0.03639890939597316,0.06358011744966444,0.06209102348993289,0.05756082214765101,0.062248322147651004,0.06904362416107382,0.06089555369127517,0.053387164429530204,0.06165058724832215,0.017575503355704698,0.04574244966442953,0.04087667785234899,0.013234060402684563,0.01040268456375839,0.018991191275167785,0.002181208053691275,0.003523489932885906,0.018561241610738254,0.013768875838926175,0.0028733221476510066,0.0006082214765100671,0.0,0.000576761744966443,8.389261744966443e-05,0.0,3.1459731543624164e-05,0.0,0.0,0.0,0.0,0.0,0.0,0.0,0.0,0.0,0.0,0.0,0.0,0.0,0.0,0.0,0.0,0.0,0.0,0.0,0.0,0.0,0.0,0.0,0.0,0.0,0.0,0.0,0.0,0.0,0.0,0.0,0.0,0.0,0.0,0.0,0.0,0.0,0.0,nan,nan,4.220526144852225,2.8509163753368494,nan,0.916188762915924,0.02298757634889716,0.0,0.0,0.0,0.0,0.0,0.0,0.0,0.0,0.0,0.0,0.0,0.0,0.0,0.0,0.0,0.0,0.0,0.0,0.0,0.0,0.0,0.0,0.0,0.0,0.0,0.42407108239095326,6.663974151857837,16.138933764135707,6.361066235864299,0.4119547657512117,0.916152802749454,0.02329447052148474,0.0,0.0,0.0,0.0,0.0,0.0,0.0,0.0,0.0,0.0,0.0,0.0,0.0,0.0,0.0,0.0,0.0,0.0,0.0,0.0,0.0,0.0,0.0,0.0,0.0,0.5890052356020944,6.67539267015707,15.890052356020945,6.413612565445027,0.4319371727748692,0.4045,0.011665,0.0,0.0,0.0,0.0,0.0,0.0,0.0,0.0,0.0,0.0,0.0,10.577544426494331,19.27705977382876,0.14539579967689825,0.0,0.0,0.0,0.0,0.0,0.0,0.0,0.0,0.0,0.0,0.0,0.0,0.0,0.0,0.0,0.0,0.4043,0.011505,0.0,0.0,0.0,0.0,0.0,0.0,0.0,0.0,0.0,0.0,0.013089005235602098,10.53664921465967,19.3586387434555,0.09162303664921469,0.0,0.0,0.0,0.0,0.0,0.0,0.0,0.0,0.0,0.0,0.0,0.0,0.0,0.0,0.0,0.0
56900,4623,2435,0.526714254812892,1183,920,0.45489941596365996,1261,0.54553320354748,0.4220000000000001,3.046617915904936,3.153829175795591,6.748006379585327,2.1387982017866203,8386.772225827384,505.9762687999813,7853.0,8866.4,8866.399999999998,1.8189894035458565e-12,7853.0,0.0,28.233830845771145,20.822936512936568,33.14718725918315,19.011283180891425,0.13778931429807484,0.09604153147306943,0.08630759247242051,0.08674021198356045,0.08436080467229072,0.07592472420506165,0.07895306078304132,0.060783041315163315,0.06035042180402336,0.04931862426995458,0.045857668180834955,0.03958468526930565,0.03460956089119619,0.028120268224096908,0.01881894873458793,0.009301319489508977,0.007138221933809215,0.9151067544623368,0.023097953588799902,0.0,0.0,0.0,0.0,0.0,0.0,0.0,0.0,0.0,0.0,0.0,0.0,0.0,0.0,0.0,0.0,0.0,0.0,0.0,0.0,0.0,0.0,0.0,0.0,0.006489292667099288,0.5970149253731344,6.937053861129138,16.158338741077227,5.937702790395848,0.36340038935756014,4.270916334661354,2.9590460640554364,nan,nan,nan,4.267670157068062,2.9183391633522437,4.273769386378961,3.0013314228181316,1.0014291707386986,0.4038,0.01188,0.0,0.0,0.0,0.0,0.0,0.0,0.0,0.0,0.0,0.0,0.012978585334198576,11.161583387410756,18.656716417910452,0.1687216093445815,0.0,0.0,0.0,0.0,0.0,0.0,0.0,0.0,0.0,0.0,0.0,0.0,0.0,0.0,0.0,0.0,nan,nan,4.270916334661354,2.9590460640554364,nan,0.4038,0.063,0.0,0.0,0.0,0.0,0.0,0.0,0.0,0.0,0.0,0.0,0.0,0.0,0.0,0.0,0.0,0.0,0.0,0.0,0.0,0.0009950248756218905,0.0,3.244646333549643e-05,0.0003136491455764655,0.0029309971879731777,8.652390222799048e-05,0.0014384598745403418,0.0009517629245078954,0.0007138221933809214,0.022582738481505518,0.006683971447112265,0.023556132381570408,0.007300454250486697,0.03961713173264114,0.05619727449707982,0.01629894008219771,0.08044559809647416,0.030478044559809646,0.036307592472420505,0.0618321436296777,0.06125892277741726,0.05930131948950898,0.06098853558295479,0.06801860263897902,0.06042613021847285,0.05392602206359507,0.05944192083062946,0.016082630326627732,0.04472204196409258,0.04188838416612589,0.01281635301752109,0.011507678996322735,0.019121782392385895,0.0019684187756867835,0.0037854207224745835,0.01836469824789098,0.013724853990914991,0.0028661042613021847,0.0006164828033744322,0.0,0.0003677265844689595,4.326195111399524e-05,0.0,0.0,0.0,0.0,0.0,0.0,0.0,0.0,0.0,0.0,0.0,0.0,0.0,0.0,0.0,0.0,0.0,0.0,0.0,0.0,0.0,0.0,0.0,0.0,0.0,0.0,0.0,0.0,0.0,0.0,0.0,0.0,0.0,0.0,0.0,0.0,0.0,0.0,0.0,0.0,nan,nan,4.270916334661354,2.9590460640554364,nan,0.915020753788997,0.02307729613529811,0.0,0.0,0.0,0.0,0.0,0.0,0.0,0.0,0.0,0.0,0.0,0.0,0.0,0.0,0.0,0.0,0.0,0.0,0.0,0.0,0.0,0.0,0.0,0.0,0.012320328542094458,0.6406570841889119,6.973305954825464,16.016427104722794,6.061601642710474,0.295687885010267,0.9152024636211953,0.02312054523414928,0.0,0.0,0.0,0.0,0.0,0.0,0.0,0.0,0.0,0.0,0.0,0.0,0.0,0.0,0.0,0.0,0.0,0.0,0.0,0.0,0.0,0.0,0.0,0.0,0.0,0.5484460694698355,6.896709323583183,16.31627056672761,5.799817184643512,0.43875685557586847,0.4038,0.0119,0.0,0.0,0.0,0.0,0.0,0.0,0.0,0.0,0.0,0.0,0.012320328542094458,10.977412731006144,18.813141683778237,0.19712525667351133,0.0,0.0,0.0,0.0,0.0,0.0,0.0,0.0,0.0,0.0,0.0,0.0,0.0,0.0,0.0,0.0,0.4038,0.01186,0.0,0.0,0.0,0.0,0.0,0.0,0.0,0.0,0.0,0.0,0.01371115173674589,11.366544789762324,18.48263254113346,0.13711151736745888,0.0,0.0,0.0,0.0,0.0,0.0,0.0,0.0,0.0,0.0,0.0,0.0,0.0,0.0,0.0,0.0
57000,4775,2395,0.5015706806282723,1146,994,0.4481675392670157,1367,0.572565445026178,0.4180000000000001,2.9092436974789915,3.1081619739932997,6.6875,2.0922102547306283,8361.29172774869,506.6974998978916,7853.0,8866.4,8866.399999999998,1.8189894035458565e-12,7853.0,0.0,27.46303664921466,20.743556249045042,32.47592778335005,19.029767956341903,0.14575916230366492,0.10178010471204188,0.09738219895287958,0.08,0.08272251308900523,0.0806282722513089,0.06471204188481676,0.06031413612565445,0.05968586387434555,0.05256544502617801,0.04628272251308901,0.03581151832460733,0.033717277486910995,0.02617801047120419,0.016753926701570682,0.009424083769633508,0.0062827225130890054,0.9144670075895899,0.02314350389957295,0.0,0.0,0.0,0.0,0.0,0.0,0.0,0.0,0.0,0.0,0.0,0.0,0.0,0.0,0.0,0.0,0.0,0.0,0.0,0.0,0.0,0.0,0.0,0.0,0.0,0.6534031413612568,7.156020942408379,16.108900523560212,5.704712041884818,0.37696335078534043,4.338693797177552,2.918343241148668,nan,nan,nan,4.318092749836708,2.9740977182402317,4.3594986807387865,2.860784024844526,1.0095889396779734,0.4033,0.0118,0.0,0.0,0.0,0.0,0.0,0.0,0.0,0.0,0.0,0.0,0.04397905759162305,11.742408376963335,18.069109947643984,0.14450261780104715,0.0,0.0,0.0,0.0,0.0,0.0,0.0,0.0,0.0,0.0,0.0,0.0,0.0,0.0,0.0,0.0,nan,nan,4.338693797177552,2.918343241148668,nan,0.4033,0.06305,0.0,0.0,0.0,0.0,0.0,0.0,0.0,0.0,0.0,0.0,0.0,0.0,0.0,0.0,0.0,0.0,0.0,0.0,0.0,0.0011727748691099475,0.0,0.0,0.0002827225130890052,0.003162303664921466,0.00023036649214659686,0.001287958115183246,0.0013089005235602095,0.0005445026178010471,0.022785340314136125,0.005696335078534031,0.024020942408376964,0.008460732984293194,0.03954973821989529,0.05468062827225131,0.017277486910994764,0.08227225130890052,0.03017801047120419,0.03425130890052356,0.061539267015706806,0.06534031413612565,0.05967539267015707,0.06310994764397906,0.06817801047120418,0.05798952879581152,0.05397905759162304,0.05668062827225131,0.014240837696335079,0.04585340314136126,0.041005235602094244,0.01338219895287958,0.012240837696335079,0.019068062827225132,0.001612565445026178,0.003287958115183246,0.018219895287958116,0.013256544502617802,0.0031204188481675395,0.0006910994764397905,0.0,0.0002827225130890052,8.37696335078534e-05,0.0,0.0,0.0,0.0,0.0,0.0,0.0,0.0,0.0,0.0,0.0,0.0,0.0,0.0,0.0,0.0,0.0,0.0,0.0,0.0,0.0,0.0,0.0,0.0,0.0,0.0,0.0,0.0,0.0,0.0,0.0,0.0,0.0,0.0,0.0,0.0,0.0,0.0,0.0,0.0,nan,nan,4.338693797177552,2.918343241148668,nan,0.9143273816725904,0.02324027832288227,0.0,0.0,0.0,0.0,0.0,0.0,0.0,0.0,0.0,0.0,0.0,0.0,0.0,0.0,0.0,0.0,0.0,0.0,0.0,0.0,0.0,0.0,0.0,0.0,0.0,0.6137787056367433,7.628392484342381,15.569937369519836,5.774530271398749,0.41336116910229653,0.9146075135018645,0.023044855353588994,0.0,0.0,0.0,0.0,0.0,0.0,0.0,0.0,0.0,0.0,0.0,0.0,0.0,0.0,0.0,0.0,0.0,0.0,0.0,0.0,0.0,0.0,0.0,0.0,0.0,0.69327731092437,6.680672268907564,16.651260504201684,5.634453781512606,0.34033613445378164,0.403,0.01173,0.0,0.0,0.0,0.0,0.0,0.0,0.0,0.0,0.0,0.0,0.06263048016701463,11.799582463465537,18.050104384133615,0.08768267223382048,0.0,0.0,0.0,0.0,0.0,0.0,0.0,0.0,0.0,0.0,0.0,0.0,0.0,0.0,0.0,0.0,0.4036,0.01189,0.0,0.0,0.0,0.0,0.0,0.0,0.0,0.0,0.0,0.0,0.025210084033613453,11.684873949579815,18.08823529411765,0.20168067226890762,0.0,0.0,0.0,0.0,0.0,0.0,0.0,0.0,0.0,0.0,0.0,0.0,0.0,0.0,0.0,0.0
57100,4633,2396,0.5171595078782646,1116,936,0.4429095618389812,1306,0.56378156701921,0.3980000000000001,2.9548502458649977,2.9971257185121534,6.339421613394216,1.9875215669308741,8377.089445283833,506.40151776304975,7853.0,8866.4,8866.399999999998,1.8189894035458565e-12,7853.0,0.0,28.70666954457155,21.18462500719985,33.621835847609304,19.391218487783718,0.13382257716382473,0.10058277573926182,0.08806388948845241,0.08806388948845241,0.0748974746384632,0.0748974746384632,0.06820634578027196,0.06388948845240665,0.0597884739909346,0.0522339736671703,0.04705374487373192,0.044679473343406,0.03734081588603497,0.026332829699978414,0.022231815238506366,0.012518886250809411,0.005396071659831643,0.9133773338786989,0.023138377724897758,0.0,0.0,0.0,0.0,0.0,0.0,0.0,0.0,0.0,0.0,0.0,0.0,0.0,0.0,0.0,0.0,0.0,0.0,0.0,0.0,0.0,0.0,0.0,0.0,0.012950571983595945,0.5957263112454134,7.699115044247789,15.825598963954244,5.6270235268724385,0.23958558169652497,4.207659293496203,2.7886000009205336,nan,nan,nan,4.2263263935527196,2.7854471670327756,4.189610389610389,2.791526343906363,0.9913125488844542,0.4036,0.01202,0.0,0.0,0.0,0.0,0.0,0.0,0.0,0.0,0.0,0.0,0.032376429958989865,11.415929203539807,18.338009928771857,0.2136844377293331,0.0,0.0,0.0,0.0,0.0,0.0,0.0,0.0,0.0,0.0,0.0,0.0,0.0,0.0,0.0,0.0,nan,nan,4.207659293496203,2.7886000009205336,nan,0.4036,0.06305,0.0,0.0,0.0,0.0,0.0,0.0,0.0,0.0,0.0,0.0,0.0,0.0,0.0,0.0,0.0,0.0,0.0,0.0,0.0,0.0013813943449169006,0.0,0.0,0.00016188214979494928,0.003032592272825383,0.0006583207424994604,0.0014569393481545436,0.0009173321821713792,0.0006583207424994604,0.021400820202892294,0.005655083099503562,0.02204834880207209,0.009248866824951435,0.041646881070580614,0.055083099503561404,0.01658752428232247,0.07993740556874596,0.030239585581696524,0.03352039715087416,0.06044679473343406,0.06718109216490395,0.06115907619253184,0.06414849989207856,0.07060220159723721,0.05630261169868336,0.05421972803798834,0.05780271962011656,0.013468594862939779,0.044733434060004316,0.04026548672566372,0.01221670623785884,0.012097992661342543,0.020440319447442262,0.0011115907619253184,0.003453485862292251,0.018055255773796675,0.013781567019210015,0.0035721994388085475,0.0008417871789337362,2.158428663932657e-05,0.0003561407295488884,8.633714655730629e-05,0.0,0.0,0.0,0.0,0.0,0.0,0.0,0.0,0.0,0.0,0.0,0.0,0.0,0.0,0.0,0.0,0.0,0.0,0.0,0.0,0.0,0.0,0.0,0.0,0.0,0.0,0.0,0.0,0.0,0.0,0.0,0.0,0.0,0.0,0.0,0.0,0.0,0.0,0.0,0.0,nan,nan,4.207659293496203,2.7886000009205336,nan,0.9134048806854799,0.023048203561228536,0.0,0.0,0.0,0.0,0.0,0.0,0.0,0.0,0.0,0.0,0.0,0.0,0.0,0.0,0.0,0.0,0.0,0.0,0.0,0.0,0.0,0.0,0.0,0.0,0.0,0.5759599332220369,7.725375626043407,15.838898163606013,5.646911519198666,0.21285475792988318,0.9133478291182844,0.023234536841912776,0.0,0.0,0.0,0.0,0.0,0.0,0.0,0.0,0.0,0.0,0.0,0.0,0.0,0.0,0.0,0.0,0.0,0.0,0.0,0.0,0.0,0.0,0.0,0.0,0.026821636119803316,0.6168976307554762,7.670987930263748,15.811354492624053,5.605721949038893,0.2682163611980331,0.4033,0.01199,0.0,0.0,0.0,0.0,0.0,0.0,0.0,0.0,0.0,0.0,0.025041736227045083,11.58180300500833,18.20534223706177,0.18781302170283812,0.0,0.0,0.0,0.0,0.0,0.0,0.0,0.0,0.0,0.0,0.0,0.0,0.0,0.0,0.0,0.0,0.4038,0.01203,0.0,0.0,0.0,0.0,0.0,0.0,0.0,0.0,0.0,0.0,0.04023245417970497,11.23826553419757,18.48010728654448,0.24139472507822982,0.0,0.0,0.0,0.0,0.0,0.0,0.0,0.0,0.0,0.0,0.0,0.0,0.0,0.0,0.0,0.0
57200,4557,2416,0.5301733596664472,1158,888,0.4489795918367347,1285,0.5639675224928681,0.3980000000000001,3.1658103689864547,3.12439717260858,6.5394736842105265,2.0900537957647214,8390.277682685977,505.7765270567184,7853.0,8866.4,8866.4,0.0,7853.0,0.0,28.373052446785167,20.788852550186714,33.18375291980275,18.993858221154007,0.13517665130568357,0.09655475093263112,0.08975202984419574,0.08755760368663594,0.08382707921878428,0.07197717796796138,0.07285494843098529,0.05924950625411455,0.05881062102260259,0.056177309633530834,0.04915514592933948,0.044107965766951945,0.03423304805793285,0.026771999122229537,0.019091507570770244,0.009436032477507132,0.005266622778143515,0.9139443850056864,0.022865313891155956,0.0,0.0,0.0,0.0,0.0,0.0,0.0,0.0,0.0,0.0,0.0,0.0,0.0,0.0,0.0,0.0,0.0,0.0,0.0,0.0,0.0,0.0,0.0,0.0,0.006583278472679396,0.5727452271231074,7.445687952600396,16.096115865701123,5.569453587886769,0.3094140882159316,4.207312982220731,2.903333609947362,nan,nan,nan,4.208333333333333,2.878757090049896,4.205764075067024,2.928531006014212,0.9993894831842434,0.4038,0.01188,0.0,0.0,0.0,0.0,0.0,0.0,0.0,0.0,0.0,0.0,0.046082949308755776,11.158657011191558,18.61751152073733,0.1777485187623437,0.0,0.0,0.0,0.0,0.0,0.0,0.0,0.0,0.0,0.0,0.0,0.0,0.0,0.0,0.0,0.0,nan,nan,4.207312982220731,2.903333609947362,nan,0.4038,0.0637,0.0,0.0,0.0,0.0,0.0,0.0,0.0,0.0,0.0,0.0,0.0,0.0,0.0,0.0,0.0,0.0,0.0,0.0,0.0,0.0015031819179284617,0.0,0.0,6.583278472679394e-05,0.0036756638139126617,0.0007790212859337284,0.0018762343647136274,0.0006692999780557384,0.0008009655475093263,0.01998025016458196,0.005935922756199254,0.021680930436690806,0.00923853412332675,0.0434825543120474,0.05387316216809304,0.017763879745446565,0.07741935483870968,0.0315558481457099,0.03558262014483213,0.05727452271231073,0.06600833881939873,0.06299100285275401,0.06566820276497695,0.07111037963572525,0.05411454904542462,0.05672591617292078,0.05740618828176432,0.01228878648233487,0.04369102479701558,0.0380623217028747,0.012003511081852096,0.011356155365371955,0.019640114110160194,0.0009436032477507132,0.0037085802062760587,0.019212201009436033,0.015086679833223612,0.004652183454026772,0.0013715163484748739,5.4860653938994955e-05,0.0006583278472679394,8.777704630239193e-05,0.0,0.0,0.0,0.0,0.0,0.0,0.0,0.0,0.0,0.0,0.0,0.0,0.0,0.0,0.0,0.0,0.0,0.0,0.0,0.0,0.0,0.0,0.0,0.0,0.0,0.0,0.0,0.0,0.0,0.0,0.0,0.0,0.0,0.0,0.0,0.0,0.0,0.0,0.0,0.0,nan,nan,4.207312982220731,2.903333609947362,nan,0.9141813694493265,0.02284519489297952,0.0,0.0,0.0,0.0,0.0,0.0,0.0,0.0,0.0,0.0,0.0,0.0,0.0,0.0,0.0,0.0,0.0,0.0,0.0,0.0,0.0,0.0,0.0,0.0,0.0,0.5711920529801325,7.326158940397352,16.154801324503314,5.662251655629141,0.28559602649006627,0.913676961177646,0.02288504888068678,0.0,0.0,0.0,0.0,0.0,0.0,0.0,0.0,0.0,0.0,0.0,0.0,0.0,0.0,0.0,0.0,0.0,0.0,0.0,0.0,0.0,0.0,0.0,0.0,0.014012143858010279,0.5744978981784215,7.58056982718356,16.02989257356376,5.464736104624008,0.3362914525922467,0.4036,0.0117,0.0,0.0,0.0,0.0,0.0,0.0,0.0,0.0,0.0,0.0,0.0620860927152318,11.274834437086076,18.48923841059603,0.17384105960264906,0.0,0.0,0.0,0.0,0.0,0.0,0.0,0.0,0.0,0.0,0.0,0.0,0.0,0.0,0.0,0.0,0.404,0.01206,0.0,0.0,0.0,0.0,0.0,0.0,0.0,0.0,0.0,0.0,0.028024287716020557,11.027557216254072,18.76226062587576,0.18215787015413362,0.0,0.0,0.0,0.0,0.0,0.0,0.0,0.0,0.0,0.0,0.0,0.0,0.0,0.0,0.0,0.0
57300,4319,2209,0.5114609863394304,1043,883,0.4459365593887474,1207,0.5589256772401019,0.4180000000000001,2.9312796208530805,3.0564232375638416,6.491379310344827,2.1233337875532055,8371.31456355638,506.5668681560162,7853.0,8866.4,8866.400000000001,1.8189894035458565e-12,7853.0,0.0,27.939800879833296,20.882644048720476,32.98257261410788,19.088205406379924,0.14007872192637186,0.10048622366288493,0.09377170641352164,0.0840472331558231,0.07177587404491781,0.0835841630006946,0.0713128038897893,0.06876591803658254,0.05325306783977773,0.05093771706413522,0.043991664737207684,0.043297059504514936,0.032183375781430885,0.026394998842324612,0.018059736050011578,0.012502894188469553,0.005556841861542023,0.9139354120914956,0.02316079466841378,0.0,0.0,0.0,0.0,0.0,0.0,0.0,0.0,0.0,0.0,0.0,0.0,0.0,0.0,0.0,0.0,0.0,0.0,0.0,0.0,0.0,0.0,0.0,0.0,0.0,0.6668210233850429,7.467006251447096,15.788376939106278,5.779115536003706,0.29868025005788384,4.296362981634858,2.86467648431406,nan,nan,nan,4.3457408732999285,2.832979814623051,4.245105148658448,2.8962172397868837,0.9768426771002885,0.4048,0.01188,0.0,0.0,0.0,0.0,0.0,0.0,0.0,0.0,0.0,0.0,0.013892104653855063,10.266265339198874,19.546191247974072,0.17365130817318827,0.0,0.0,0.0,0.0,0.0,0.0,0.0,0.0,0.0,0.0,0.0,0.0,0.0,0.0,0.0,0.0,nan,nan,4.296362981634858,2.86467648431406,nan,0.4048,0.0639,0.0,0.0,0.0,0.0,0.0,0.0,0.0,0.0,0.0,0.0,0.0,0.0,0.0,0.0,0.0,0.0,0.0,0.0,0.0,0.0014934012502894189,0.0,1.1576753878212549e-05,0.0,0.004167631396156518,0.0007409122482056031,0.0017365130817318824,0.00037045612410280157,0.0006946052326927529,0.01920583468395462,0.006193563324843714,0.018592266728409353,0.009562398703403566,0.04303079416531604,0.05244269506830285,0.018001852280620515,0.07717064135216485,0.03278536698309794,0.036756193563324845,0.05718916415836999,0.06422783051632322,0.06399629543875897,0.06543181291965733,0.0700162074554295,0.05380875202593193,0.056112526047696225,0.05680713128038898,0.012514470942347766,0.04626070849733735,0.038921046538550594,0.012259782357027089,0.011148413984718684,0.01858068997453114,0.0010419078490391295,0.004815929613336421,0.020039360963185922,0.01774716369529984,0.004190784903912943,0.0012618661727251679,3.473026163463765e-05,0.0006367214633016902,0.0,0.0,0.0,0.0,0.0,0.0,0.0,0.0,0.0,0.0,0.0,0.0,0.0,0.0,0.0,0.0,0.0,0.0,0.0,0.0,0.0,0.0,0.0,0.0,0.0,0.0,0.0,0.0,0.0,0.0,0.0,0.0,0.0,0.0,0.0,0.0,0.0,0.0,0.0,0.0,0.0,nan,nan,4.296362981634858,2.86467648431406,nan,0.9135979817376627,0.02334877173039107,0.0,0.0,0.0,0.0,0.0,0.0,0.0,0.0,0.0,0.0,0.0,0.0,0.0,0.0,0.0,0.0,0.0,0.0,0.0,0.0,0.0,0.0,0.0,0.0,0.0,0.7469443186962429,7.591670439112723,15.76731552738796,5.554549569941151,0.33952014486192855,0.9142886744856269,0.022957035484934635,0.0,0.0,0.0,0.0,0.0,0.0,0.0,0.0,0.0,0.0,0.0,0.0,0.0,0.0,0.0,0.0,0.0,0.0,0.0,0.0,0.0,0.0,0.0,0.0,0.0,0.5829383886255926,7.336492890995262,15.810426540284364,6.014218009478674,0.2559241706161138,0.4048,0.01165,0.0,0.0,0.0,0.0,0.0,0.0,0.0,0.0,0.0,0.0,0.027161611588954283,10.22634676324127,19.610683567224992,0.1358080579447714,0.0,0.0,0.0,0.0,0.0,0.0,0.0,0.0,0.0,0.0,0.0,0.0,0.0,0.0,0.0,0.0,0.4048,0.01211,0.0,0.0,0.0,0.0,0.0,0.0,0.0,0.0,0.0,0.0,0.0,10.308056872037898,19.478672985781994,0.21327014218009485,0.0,0.0,0.0,0.0,0.0,0.0,0.0,0.0,0.0,0.0,0.0,0.0,0.0,0.0,0.0,0.0
57400,4558,2313,0.5074594120228171,1070,963,0.4460289600702062,1316,0.5774462483545415,0.3940000000000001,2.909576837416481,3.0099052584809747,6.3419062027231465,2.0998988514594985,8367.259368143923,506.64360842042055,7853.0,8866.4,8866.399999999998,1.8189894035458565e-12,7853.0,0.0,28.20469504168495,21.00889936343515,33.142112125162974,19.24316061566439,0.13953488372093023,0.0941202281702501,0.09368143922773146,0.0868802106186924,0.07985958753839403,0.08271171566476525,0.06274681878016675,0.0660377358490566,0.05748135146994296,0.050680122860903905,0.044975866608161476,0.04168494953927161,0.036200087757788504,0.02676612549363756,0.017112768758227294,0.012505484861781484,0.007020623080298377,0.9140700502267999,0.023236989437246593,0.0,0.0,0.0,0.0,0.0,0.0,0.0,0.0,0.0,0.0,0.0,0.0,0.0,0.0,0.0,0.0,0.0,0.0,0.0,0.0,0.0,0.0,0.0,0.0,0.0,0.631856077226854,7.483545414655552,15.816147433084689,5.765686704695043,0.3027643703378675,4.263086795001689,2.85765267071685,nan,nan,nan,4.334685598377282,2.8863215954103265,4.191632928475034,2.8269447999024924,0.9669981440047691,0.4045,0.01195,0.0,0.0,0.0,0.0,0.0,0.0,0.0,0.0,0.0,0.0,0.019745502413339187,10.425625274243075,19.324265028521285,0.23036419482229054,0.0,0.0,0.0,0.0,0.0,0.0,0.0,0.0,0.0,0.0,0.0,0.0,0.0,0.0,0.0,0.0,nan,nan,4.263086795001689,2.85765267071685,nan,0.4045,0.0643,0.0,0.0,0.0,0.0,0.0,0.0,0.0,0.0,0.0,0.0,0.0,0.0,0.0,0.0,0.0,0.0,0.0,0.0,0.0,0.0008336989907854322,3.290917068889864e-05,3.290917068889864e-05,0.0,0.004695041684949539,0.0008446687143483984,0.0011079420798595875,0.0003839403247038175,0.0007020623080298377,0.019800351031154014,0.006680561649846424,0.01908731899956121,0.009817902588854762,0.04329749890302764,0.05507898200965336,0.01920798595875384,0.07770952172005266,0.03277753400614305,0.03536638876700307,0.05681219833260202,0.06631197893813076,0.060168933742869676,0.06094778411584028,0.06924089512944274,0.05505704256252742,0.05627468187801667,0.05671347082053532,0.013997367266344887,0.04565598946906538,0.03869021500658183,0.011726634488810882,0.01190215006581834,0.01841816586222027,0.0011847301448003511,0.00533128565160158,0.01947125932426503,0.017507678806494075,0.004826678367705134,0.0015577007459412022,0.00012066695919262835,0.0006033347959631417,0.0,2.1939447125932428e-05,0.0,0.0,0.0,0.0,0.0,0.0,0.0,0.0,0.0,0.0,0.0,0.0,0.0,0.0,0.0,0.0,0.0,0.0,0.0,0.0,0.0,0.0,0.0,0.0,0.0,0.0,0.0,0.0,0.0,0.0,0.0,0.0,0.0,0.0,0.0,0.0,0.0,0.0,0.0,nan,nan,4.263086795001689,2.85765267071685,nan,0.9142144504842746,0.023300545770288186,0.0,0.0,0.0,0.0,0.0,0.0,0.0,0.0,0.0,0.0,0.0,0.0,0.0,0.0,0.0,0.0,0.0,0.0,0.0,0.0,0.0,0.0,0.0,0.0,0.0,0.5577172503242543,7.457846952010378,15.732814526588848,5.940337224383919,0.31128404669260706,0.9139212761530632,0.023170384486718012,0.0,0.0,0.0,0.0,0.0,0.0,0.0,0.0,0.0,0.0,0.0,0.0,0.0,0.0,0.0,0.0,0.0,0.0,0.0,0.0,0.0,0.0,0.0,0.0,0.0,0.7082405345211583,7.510022271714924,15.902004454342988,5.585746102449891,0.2939866369710468,0.4048,0.011955,0.0,0.0,0.0,0.0,0.0,0.0,0.0,0.0,0.0,0.0,0.025940337224383922,10.311284046692593,19.442282749675748,0.22049286640726334,0.0,0.0,0.0,0.0,0.0,0.0,0.0,0.0,0.0,0.0,0.0,0.0,0.0,0.0,0.0,0.0,0.4045,0.01195,0.0,0.0,0.0,0.0,0.0,0.0,0.0,0.0,0.0,0.0,0.013363028953229402,10.54342984409798,19.20267260579065,0.24053452115812923,0.0,0.0,0.0,0.0,0.0,0.0,0.0,0.0,0.0,0.0,0.0,0.0,0.0,0.0,0.0,0.0
57500,4574,2341,0.5118058592041976,1117,940,0.44971578487101005,1305,0.5706165282028859,0.37400000000000005,2.9323779668607255,3.0522241288940632,6.443057722308892,2.1756601404148883,8371.664057717533,506.55873432695967,7853.0,8866.4,8866.4,0.0,7853.0,0.0,28.29383471797114,20.8406990478598,33.03329891584925,19.117525715388428,0.13533012680367293,0.09838216003498032,0.09094884127678181,0.08723218189768256,0.0765194578049847,0.0765194578049847,0.07608220376038478,0.07039790118058592,0.04984696108439003,0.052470485351989504,0.04678618277219064,0.04678618277219064,0.031482291211193704,0.023174464363795364,0.01989505902929602,0.01114997813729777,0.006996064713598601,0.9145303891118979,0.022917812484154924,0.0,0.0,0.0,0.0,0.0,0.0,0.0,0.0,0.0,0.0,0.0,0.0,0.0,0.0,0.0,0.0,0.0,0.0,0.0,0.0,0.0,0.0,0.0,0.0,0.0,0.5050284215128991,7.40489724529952,15.839527765631836,5.870135548753828,0.380411018801924,4.143668559973271,2.8224094011444176,nan,nan,nan,4.112751677852349,2.85993590275487,4.1743180306054555,2.7843695318583404,1.014969625587815,0.4045,0.01212,0.0,0.0,0.0,0.0,0.0,0.0,0.0,0.0,0.0,0.0,0.04591167468299083,10.408832531700904,19.289462177525145,0.2557936160909489,0.0,0.0,0.0,0.0,0.0,0.0,0.0,0.0,0.0,0.0,0.0,0.0,0.0,0.0,0.0,0.0,nan,nan,4.143668559973271,2.8224094011444176,nan,0.4045,0.06384,0.0,0.0,0.0,0.0,0.0,0.0,0.0,0.0,0.0,0.0,0.0,0.0,0.0,0.0,0.0,0.0,0.0,0.0,2.1862702229995627e-05,0.0008089199825098382,0.00013117621337997376,2.1862702229995627e-05,3.279405334499344e-05,0.004339746392654132,0.0008307826847398338,0.0011587232181897683,0.00045911674682990816,0.0007870572802798426,0.01940314822912112,0.00530170529077394,0.0189877568867512,0.011324879755137735,0.04405334499344119,0.05435067774376913,0.017577612592916486,0.07667249672059466,0.032619151727153475,0.03817227809357236,0.05777219064276345,0.06393747267162221,0.06035198950590293,0.06393747267162221,0.06833187581985134,0.054908176650634015,0.05759728902492348,0.055913860953213816,0.014746392654132051,0.04440314822912112,0.03930913860953214,0.012844337560122432,0.01355487538259729,0.016724967205946656,0.0020878880629645823,0.004853519895059029,0.01755574989068649,0.01646261477918671,0.005072146917358985,0.001945780498469611,0.00014210756449497159,0.0004919108001749016,0.0,0.0,0.0,0.0,0.0,0.0,0.0,0.0,0.0,0.0,0.0,0.0,0.0,0.0,0.0,0.0,0.0,0.0,0.0,0.0,0.0,0.0,0.0,0.0,0.0,0.0,0.0,0.0,0.0,0.0,0.0,0.0,0.0,0.0,0.0,0.0,0.0,0.0,0.0,0.0,0.0,nan,nan,4.143668559973271,2.8224094011444176,nan,0.9143370344362826,0.02328001197158876,0.0,0.0,0.0,0.0,0.0,0.0,0.0,0.0,0.0,0.0,0.0,0.0,0.0,0.0,0.0,0.0,0.0,0.0,0.0,0.0,0.0,0.0,0.0,0.0,0.0,0.5510465612985904,7.548056386159763,15.672789406236655,5.882101665954722,0.34600598035027774,0.9147330954690925,0.0225300627214497,0.0,0.0,0.0,0.0,0.0,0.0,0.0,0.0,0.0,0.0,0.0,0.0,0.0,0.0,0.0,0.0,0.0,0.0,0.0,0.0,0.0,0.0,0.0,0.0,0.0,0.4567845947156293,7.254814151365877,16.01433049708912,5.857590685176894,0.4164800716524856,0.4045,0.012146,0.0,0.0,0.0,0.0,0.0,0.0,0.0,0.0,0.0,0.0,0.051260145237078183,10.264844083724888,19.41478000854336,0.26911576249466046,0.0,0.0,0.0,0.0,0.0,0.0,0.0,0.0,0.0,0.0,0.0,0.0,0.0,0.0,0.0,0.0,0.4045,0.01209,0.0,0.0,0.0,0.0,0.0,0.0,0.0,0.0,0.0,0.0,0.040304523063143756,10.559785042543648,19.158083296014333,0.24182713837886258,0.0,0.0,0.0,0.0,0.0,0.0,0.0,0.0,0.0,0.0,0.0,0.0,0.0,0.0,0.0,0.0
57600,4227,2174,0.5143127513603029,986,887,0.4431038561627632,1188,0.5621007806955287,0.4260000000000001,2.868485143692158,3.068029682369942,6.541589648798522,2.1898413724326717,8374.20454222853,506.4923575482068,7853.0,8866.4,8866.400000000001,1.8189894035458565e-12,7853.0,0.0,27.481428909392005,20.91592830399668,32.77793655330094,19.103862094567184,0.15069789448781643,0.10693162999763425,0.08824225218831322,0.08422048734326947,0.07854270167967826,0.07641353205583155,0.06411166311805062,0.05961674946770759,0.05701443103856163,0.05701443103856163,0.0482611781405252,0.04045422285308729,0.02791577951265673,0.027442630707357463,0.01656020818547433,0.010172699313934233,0.0063875088715401,0.9140420550146029,0.023006241570615094,0.0,0.0,0.0,0.0,0.0,0.0,0.0,0.0,0.0,0.0,0.0,0.0,0.0,0.0,0.0,0.0,0.0,0.0,0.0,0.0,0.0,0.0,0.0,0.0,0.0,0.539389638041164,7.523066004258341,15.91199432221434,5.699077359829667,0.326472675656494,4.323013800820589,2.9161008522875513,nan,nan,nan,4.324753974261923,2.9026183779782113,4.323767476085357,2.9288273526959987,0.9997718949603984,0.404,0.011955,0.0,0.0,0.0,0.0,0.0,0.0,0.0,0.0,0.0,0.0,0.035486160397445,11.0220014194464,18.786373314407385,0.156139105748758,0.0,0.0,0.0,0.0,0.0,0.0,0.0,0.0,0.0,0.0,0.0,0.0,0.0,0.0,0.0,0.0,nan,nan,4.323013800820589,2.9161008522875513,nan,0.404,0.06415,0.0,0.0,0.0,0.0,0.0,0.0,0.0,0.0,0.0,0.0,0.0,0.0,0.0,0.0,0.0,0.0,0.0,1.1828720132481666e-05,4.731488052992666e-05,0.0007097232079489,8.280104092737166e-05,0.0,0.0,0.004577714691270405,0.0010409273716583867,0.0012656730541755381,0.0006978944878164182,0.001407617695765318,0.019292642536077598,0.0055358410220014195,0.019375443577004967,0.011272770286255028,0.04590726283416134,0.05305180979418027,0.01775490891885498,0.0744499645138396,0.03323870357227348,0.03929500828010409,0.06008989827300686,0.06713981547196593,0.059711379228767444,0.06289330494440501,0.0680624556422995,0.055275609179086825,0.05507452093683463,0.05403359356517625,0.01462029808374734,0.04226401703335699,0.04026496333096759,0.011674946770759404,0.013839602555003548,0.014572983203217411,0.00198722498225692,0.006044475987698131,0.019848592382304235,0.016370948663354624,0.00475514549325763,0.0018452803406671398,0.00029571800331204166,0.000319375443577005,0.0,0.0,0.0,0.0,0.0,0.0,0.0,0.0,0.0,0.0,0.0,0.0,0.0,0.0,0.0,0.0,0.0,0.0,0.0,0.0,0.0,0.0,0.0,0.0,0.0,0.0,0.0,0.0,0.0,0.0,0.0,0.0,0.0,0.0,0.0,0.0,0.0,0.0,0.0,0.0,0.0,nan,nan,4.323013800820589,2.9161008522875513,nan,0.9141097420547243,0.023051896961882475,0.0,0.0,0.0,0.0,0.0,0.0,0.0,0.0,0.0,0.0,0.0,0.0,0.0,0.0,0.0,0.0,0.0,0.0,0.0,0.0,0.0,0.0,0.0,0.0,0.0,0.5243790248390066,7.589696412143516,15.938362465501383,5.643974241030359,0.3035878564857406,0.9139703786262813,0.022957578804079764,0.0,0.0,0.0,0.0,0.0,0.0,0.0,0.0,0.0,0.0,0.0,0.0,0.0,0.0,0.0,0.0,0.0,0.0,0.0,0.0,0.0,0.0,0.0,0.0,0.0,0.5552849488553337,7.4525085241110585,15.884072089624942,5.757428153921092,0.3507062834875792,0.4038,0.01184,0.0,0.0,0.0,0.0,0.0,0.0,0.0,0.0,0.0,0.0,0.04139834406623736,10.832566697332092,19.015639374425028,0.11039558417663296,0.0,0.0,0.0,0.0,0.0,0.0,0.0,0.0,0.0,0.0,0.0,0.0,0.0,0.0,0.0,0.0,0.404,0.01206,0.0,0.0,0.0,0.0,0.0,0.0,0.0,0.0,0.0,0.0,0.029225523623964935,11.222601071602517,18.54359473940575,0.20457866536775457,0.0,0.0,0.0,0.0,0.0,0.0,0.0,0.0,0.0,0.0,0.0,0.0,0.0,0.0,0.0,0.0
57700,4461,2358,0.5285810356422327,1115,854,0.4413808563102443,1242,0.5568258238063215,0.4100000000000001,3.0851165002377554,3.109184784930954,6.543478260869565,2.112438248829412,8388.664021519837,505.8715009341781,7853.0,8866.4,8866.399999999998,1.8189894035458565e-12,7853.0,0.0,28.689979825151312,20.97454313648797,33.50172003175443,19.16547307655512,0.1351714862138534,0.09302846895314952,0.08989015915713966,0.0876485093028469,0.08002689979825152,0.07711275498767092,0.06814615557049988,0.05940372113875812,0.06209370096390944,0.0540237614884555,0.04886796682358216,0.04303967720242098,0.03967720242098184,0.026899798251513115,0.01703653889262497,0.010759919300605245,0.00717327953373683,0.9135001479604004,0.02296039526679795,0.0,0.0,0.0,0.0,0.0,0.0,0.0,0.0,0.0,0.0,0.0,0.0,0.0,0.0,0.0,0.0,0.0,0.0,0.0,0.0,0.0,0.0,0.0,0.0,0.00672494956287828,0.578345662407532,7.538668459986551,15.998655010087427,5.527908540685947,0.3496973772696706,4.306981519507187,2.909873534948131,nan,nan,nan,4.2178352620830495,2.8614825136143165,4.400137741046832,2.954023260665626,1.0432218111035823,0.4036,0.01195,0.0,0.0,0.0,0.0,0.0,0.0,0.0,0.0,0.0,0.0,0.0336247478143914,11.432414256893058,18.41291190316073,0.12104909213180903,0.0,0.0,0.0,0.0,0.0,0.0,0.0,0.0,0.0,0.0,0.0,0.0,0.0,0.0,0.0,0.0,nan,nan,4.306981519507187,2.909873534948131,nan,0.4036,0.0645,0.0,0.0,0.0,0.0,0.0,0.0,0.0,0.0,0.0,0.0,0.0,0.0,0.0,0.0,0.0,0.0,0.0,0.0,1.1208249271463798e-05,0.0006276619592019727,2.2416498542927596e-05,0.0,0.0,0.006254203093476799,0.0010087424344317419,0.001042367182246133,0.00032503922887245013,0.001557946648733468,0.020174848688634835,0.005267877157587985,0.020118807442277516,0.012385115444967496,0.04502353732347007,0.05062766195920197,0.01936785474108944,0.07714637973548531,0.035283568706568035,0.03731226182470298,0.05790181573638198,0.06874019278188746,0.05929163864604349,0.0621049092131809,0.06711499663752522,0.05764402600313831,0.05348576552342524,0.052701188074422776,0.014884555032503922,0.03982290966151087,0.043286258686393186,0.010939251288948666,0.013561981618471195,0.012710154673839947,0.0016812373907195697,0.00554808338937458,0.019760143465590674,0.01806769782559964,0.004113427482627214,0.0027572293207800943,0.00021295673615781216,6.724949562878279e-05,4.483299708585519e-05,0.0,0.0,0.0,0.0,0.0,0.0,0.0,0.0,0.0,0.0,0.0,0.0,0.0,0.0,0.0,0.0,0.0,0.0,0.0,0.0,0.0,0.0,0.0,0.0,0.0,0.0,0.0,0.0,0.0,0.0,0.0,0.0,0.0,0.0,0.0,0.0,0.0,0.0,0.0,0.0,nan,nan,4.306981519507187,2.909873534948131,nan,0.9130881165578468,0.022913282972478594,0.0,0.0,0.0,0.0,0.0,0.0,0.0,0.0,0.0,0.0,0.0,0.0,0.0,0.0,0.0,0.0,0.0,0.0,0.0,0.0,0.0,0.0,0.0,0.0,0.0,0.6106870229007635,7.531806615776083,16.22137404580153,5.343511450381681,0.29262086513994917,0.9139621403746757,0.023004330710801796,0.0,0.0,0.0,0.0,0.0,0.0,0.0,0.0,0.0,0.0,0.0,0.0,0.0,0.0,0.0,0.0,0.0,0.0,0.0,0.0,0.0,0.0,0.0,0.0,0.014265335235378035,0.5420827389443653,7.54636233951498,15.74893009985735,5.73466476462197,0.413694721825963,0.4033,0.012024,0.0,0.0,0.0,0.0,0.0,0.0,0.0,0.0,0.0,0.0,0.025445292620865145,11.704834605597947,18.142493638676847,0.12722646310432573,0.0,0.0,0.0,0.0,0.0,0.0,0.0,0.0,0.0,0.0,0.0,0.0,0.0,0.0,0.0,0.0,0.4036,0.01186,0.0,0.0,0.0,0.0,0.0,0.0,0.0,0.0,0.0,0.0,0.0427960057061341,11.12696148359485,18.71611982881598,0.11412268188302428,0.0,0.0,0.0,0.0,0.0,0.0,0.0,0.0,0.0,0.0,0.0,0.0,0.0,0.0,0.0,0.0
57800,4478,2280,0.5091558731576596,1111,920,0.45355069227333633,1272,0.5681107637338098,0.4180000000000001,3.0291173794358506,3.1777874774626063,6.817133443163097,2.1572076848028554,8368.978561857972,506.6150395417092,7853.0,8866.4,8866.399999999998,1.8189894035458565e-12,7853.0,0.0,28.035283608753907,20.835638000681623,32.90458521070766,19.080087398595634,0.1382313532827155,0.09959803483698079,0.0933452434122376,0.08150960250111657,0.08597588209021885,0.07994640464493077,0.0611880303707012,0.06364448414470746,0.06163465832961143,0.054265297007592674,0.04801250558284949,0.03506029477445288,0.03684680661009379,0.026127735596248324,0.017418490397498883,0.00982581509602501,0.0073693613220187585,0.9132796559497788,0.022503177701971827,0.0,0.0,0.0,0.0,0.0,0.0,0.0,0.0,0.0,0.0,0.0,0.0,0.0,0.0,0.0,0.0,0.0,0.0,0.0,0.0,0.0,0.0,0.0,0.0,0.006699419383653418,0.6029477445288076,7.610540419830283,16.23269316659223,5.265743635551586,0.28137561411344353,4.3336766220391345,2.9675939599645322,nan,nan,nan,4.243519781718963,2.9771828336162387,4.425017277125086,2.9550437566489256,1.0427705076780864,0.4036,0.011665,0.0,0.0,0.0,0.0,0.0,0.0,0.0,0.0,0.0,0.0,0.006699419383653418,11.603394372487701,18.28941491737383,0.10049129075480127,0.0,0.0,0.0,0.0,0.0,0.0,0.0,0.0,0.0,0.0,0.0,0.0,0.0,0.0,0.0,0.0,nan,nan,4.3336766220391345,2.9675939599645322,nan,0.4036,0.06476,0.0,0.0,0.0,0.0,0.0,0.0,0.0,0.0,0.0,0.0,0.0,0.0,0.0,0.0,0.0,0.0,0.0,0.0,0.0,0.0007592675301473872,0.0,2.233139794551139e-05,0.0,0.006520768200089326,0.0012282268870031263,0.0008262617239839214,0.0002456453774006253,0.0015966949531040643,0.019327824921840108,0.004566770879857079,0.019752121482804825,0.014526574363555159,0.045935685573916925,0.05129522108083966,0.021426976328718178,0.07376060741402411,0.03730460026797677,0.03722644037516749,0.056040643144260834,0.06801027244305494,0.059222867351496206,0.0615676641357749,0.06639124609200536,0.057581509602501114,0.05224430549352389,0.05224430549352389,0.014883876730683341,0.0414805716837874,0.04437248771773113,0.011355515855292542,0.013599821348816436,0.012181777579276463,0.0013063867798124163,0.0059959803483698075,0.019752121482804825,0.018937025457793657,0.0037628405538186692,0.0024006252791424743,0.00030147387226440374,4.466279589102278e-05,0.0,0.0,0.0,0.0,0.0,0.0,0.0,0.0,0.0,0.0,0.0,0.0,0.0,0.0,0.0,0.0,0.0,0.0,0.0,0.0,0.0,0.0,0.0,0.0,0.0,0.0,0.0,0.0,0.0,0.0,0.0,0.0,0.0,0.0,0.0,0.0,0.0,0.0,0.0,0.0,0.0,nan,nan,4.3336766220391345,2.9675939599645322,nan,0.9138797580150135,0.022343790921135084,0.0,0.0,0.0,0.0,0.0,0.0,0.0,0.0,0.0,0.0,0.0,0.0,0.0,0.0,0.0,0.0,0.0,0.0,0.0,0.0,0.0,0.0,0.0,0.0,0.0,0.5789473684210528,7.421052631578949,16.315789473684212,5.381578947368422,0.3026315789473685,0.9126571660913914,0.022650532840816424,0.0,0.0,0.0,0.0,0.0,0.0,0.0,0.0,0.0,0.0,0.0,0.0,0.0,0.0,0.0,0.0,0.0,0.0,0.0,0.0,0.0,0.0,0.0,0.0,0.013648771610555053,0.6278434940855324,7.80709736123749,16.14649681528663,5.145586897179255,0.259326660600546,0.4036,0.01181,0.0,0.0,0.0,0.0,0.0,0.0,0.0,0.0,0.0,0.0,0.0,11.28947368421051,18.578947368421055,0.13157894736842107,0.0,0.0,0.0,0.0,0.0,0.0,0.0,0.0,0.0,0.0,0.0,0.0,0.0,0.0,0.0,0.0,0.4033,0.011505,0.0,0.0,0.0,0.0,0.0,0.0,0.0,0.0,0.0,0.0,0.013648771610555053,11.929026387625097,17.98908098271156,0.06824385805277526,0.0,0.0,0.0,0.0,0.0,0.0,0.0,0.0,0.0,0.0,0.0,0.0,0.0,0.0,0.0,0.0
57900,4712,2381,0.5053056027164686,1138,963,0.44588285229202035,1379,0.5853140916808149,0.4020000000000001,2.941226941226941,3.0240667777012806,6.309899569583931,2.1430417557663706,8365.07669779287,506.6714725745312,7853.0,8866.4,8866.399999999998,1.8189894035458565e-12,7853.0,0.0,28.078735144312393,20.729704974967838,32.90691823899371,18.967271114254075,0.13561120543293717,0.100169779286927,0.09210526315789473,0.08255517826825128,0.08064516129032258,0.08340407470288624,0.06833616298811546,0.06154499151103565,0.0583616298811545,0.05793718166383701,0.0500848896434635,0.03713921901528013,0.030348047538200338,0.02631578947368421,0.019100169779286927,0.011247877758913413,0.0050933786078098476,0.9125740872806726,0.022826138836913614,0.0,0.0,0.0,0.0,0.0,0.0,0.0,0.0,0.0,0.0,0.0,0.0,0.0,0.0,0.0,0.0,0.0,0.0,0.0,0.0,0.0,0.0,0.0,0.0,0.0,0.6239388794567063,8.327674023769102,15.585738539898136,5.1443123938879465,0.3183361629881155,4.287630890052356,2.8092832068001186,nan,nan,nan,4.357839947950553,2.7908191371873854,4.216589861751152,2.8260685681697963,0.9675871331011527,0.4036,0.01165,0.0,0.0,0.0,0.0,0.0,0.0,0.0,0.0,0.0,0.0,0.02546689303904924,11.523769100169762,18.304329371816642,0.14643463497453313,0.0,0.0,0.0,0.0,0.0,0.0,0.0,0.0,0.0,0.0,0.0,0.0,0.0,0.0,0.0,0.0,nan,nan,4.287630890052356,2.8092832068001186,nan,0.4036,0.06494,0.0,0.0,0.0,0.0,0.0,0.0,0.0,0.0,0.0,0.0,0.0,0.0,0.0,0.0,0.0,0.0,0.0,0.0,0.0,0.0007321731748726655,0.0,2.1222410865874364e-05,1.0611205432937182e-05,0.006918505942275043,0.001453735144312394,0.0009125636672325976,0.000519949066213922,0.001878183361629881,0.019418505942275042,0.00425509337860781,0.018548387096774192,0.015131578947368421,0.04443972835314092,0.05032894736842105,0.02127546689303905,0.07351443123938879,0.03760611205432937,0.03976018675721562,0.058754244482173174,0.06738115449915111,0.058563242784380305,0.05979414261460102,0.0649830220713073,0.05734295415959253,0.054148981324278436,0.05015916808149406,0.015290747028862479,0.03994057724957555,0.04522495755517827,0.011640492359932088,0.01408106960950764,0.012871392190152802,0.0010292869269949065,0.006695670628183362,0.02120118845500849,0.017497877758913413,0.004202037351443124,0.0021434634974533107,0.00024405772495755517,8.488964346349746e-05,0.0,0.0,0.0,0.0,0.0,0.0,0.0,0.0,0.0,0.0,0.0,0.0,0.0,0.0,0.0,0.0,0.0,0.0,0.0,0.0,0.0,0.0,0.0,0.0,0.0,0.0,0.0,0.0,0.0,0.0,0.0,0.0,0.0,0.0,0.0,0.0,0.0,0.0,0.0,0.0,0.0,nan,nan,4.287630890052356,2.8092832068001186,nan,0.9120073079912665,0.02272533573159749,0.0,0.0,0.0,0.0,0.0,0.0,0.0,0.0,0.0,0.0,0.0,0.0,0.0,0.0,0.0,0.0,0.0,0.0,0.0,0.0,0.0,0.0,0.0,0.0,0.0,0.6299874002519951,8.542629147417053,15.51028979420412,5.0398992020159605,0.27719445611087784,0.9131530239979937,0.022914177705849685,0.0,0.0,0.0,0.0,0.0,0.0,0.0,0.0,0.0,0.0,0.0,0.0,0.0,0.0,0.0,0.0,0.0,0.0,0.0,0.0,0.0,0.0,0.0,0.0,0.0,0.6177606177606179,8.10810810810811,15.662805662805665,5.250965250965252,0.36036036036036045,0.4036,0.01165,0.0,0.0,0.0,0.0,0.0,0.0,0.0,0.0,0.0,0.0,0.0,11.51616967660645,18.345233095338095,0.13859722805543892,0.0,0.0,0.0,0.0,0.0,0.0,0.0,0.0,0.0,0.0,0.0,0.0,0.0,0.0,0.0,0.0,0.4036,0.01166,0.0,0.0,0.0,0.0,0.0,0.0,0.0,0.0,0.0,0.0,0.05148005148005149,11.531531531531515,18.262548262548265,0.15444015444015446,0.0,0.0,0.0,0.0,0.0,0.0,0.0,0.0,0.0,0.0,0.0,0.0,0.0,0.0,0.0,0.0
58000,4693,2403,0.512039207330066,1142,945,0.4447048796079267,1321,0.5629661197528234,0.4140000000000001,3.0087336244541483,3.1122960344253827,6.563444108761329,2.200259304765117,8371.90053270829,506.55309396116985,7853.0,8866.4,8866.399999999998,1.8189894035458565e-12,7853.0,0.0,28.0649904112508,21.02415674475823,33.11212814645309,19.223613220061726,0.14425740464521628,0.09460899211591732,0.09034732580438952,0.0865118261240145,0.0839548263370978,0.07564457702961858,0.06690816109098657,0.06690816109098657,0.056467078627743444,0.05199232900063925,0.043895163008736415,0.04005966332836139,0.035584913701257194,0.02386533134455572,0.020029831664180694,0.012358832303430642,0.0066055827828681015,0.9121035482236731,0.022715450126045724,0.0,0.0,0.0,0.0,0.0,0.0,0.0,0.0,0.0,0.0,0.0,0.0,0.0,0.0,0.0,0.0,0.0,0.0,0.0,0.0,0.0,0.0,0.0,0.0,0.0063924994672917125,0.690389942467505,8.2527168122736,15.751118687406779,5.082037076496911,0.21734498188791823,4.303976339139007,2.913464492449923,nan,nan,nan,4.273028495692512,2.914681679149856,4.334419817470665,2.9119457503907484,1.0143671688218414,0.4036,0.011925,0.0,0.0,0.0,0.0,0.0,0.0,0.0,0.0,0.0,0.0,0.02556999786916685,11.110164074152978,18.70445344129555,0.1598124866822928,0.0,0.0,0.0,0.0,0.0,0.0,0.0,0.0,0.0,0.0,0.0,0.0,0.0,0.0,0.0,0.0,nan,nan,4.303976339139007,2.913464492449923,nan,0.4036,0.0646,0.0,0.0,0.0,0.0,0.0,0.0,0.0,0.0,0.0,0.0,0.0,0.0,0.0,0.0,0.0,0.0,0.0,0.0,0.0,0.0008629874280843809,0.0,4.2616663115278074e-05,0.0,0.005721287023226081,0.0018112081823993182,0.0009162582569784786,0.0005220541231621563,0.00199232900063925,0.017973577668868528,0.004975495418708715,0.017771148519070957,0.015959940336671637,0.046334966972086084,0.04920093756658853,0.021137864905177925,0.07356701470274878,0.035499680375026633,0.04011293415725549,0.061250799062433414,0.06792030683997442,0.05843809929682506,0.05900277008310249,0.06656722778606435,0.056509695290858725,0.0538781163434903,0.04935009588749201,0.016311527807372682,0.04007031749414021,0.04509908374174302,0.011591732367355636,0.014670786277434476,0.01261453228212231,0.0013743873854677178,0.007713616023865331,0.0198700191774984,0.01678031110164074,0.004496057958661837,0.0018112081823993182,0.000266354144470488,0.0,0.0,1.0654165778819519e-05,0.0,0.0,0.0,0.0,0.0,0.0,0.0,0.0,0.0,0.0,0.0,0.0,0.0,0.0,0.0,0.0,0.0,0.0,0.0,0.0,0.0,0.0,0.0,0.0,0.0,0.0,0.0,0.0,0.0,0.0,0.0,0.0,0.0,0.0,0.0,0.0,0.0,0.0,0.0,nan,nan,4.303976339139007,2.913464492449923,nan,0.9119661534720542,0.02248665248528423,0.0,0.0,0.0,0.0,0.0,0.0,0.0,0.0,0.0,0.0,0.0,0.0,0.0,0.0,0.0,0.0,0.0,0.0,0.0,0.0,0.0,0.0,0.0,0.0,0.0,0.6242197253433209,8.464419475655433,15.930087390761551,4.7315855181023725,0.2496878901373284,0.9122477227163106,0.022952201335792392,0.0,0.0,0.0,0.0,0.0,0.0,0.0,0.0,0.0,0.0,0.0,0.0,0.0,0.0,0.0,0.0,0.0,0.0,0.0,0.0,0.0,0.0,0.0,0.0,0.01310043668122271,0.7598253275109172,8.03056768558952,15.56331877729258,5.4497816593886474,0.18340611353711794,0.4038,0.012054,0.0,0.0,0.0,0.0,0.0,0.0,0.0,0.0,0.0,0.0,0.02496878901373284,11.086142322097361,18.739076154806494,0.14981273408239704,0.0,0.0,0.0,0.0,0.0,0.0,0.0,0.0,0.0,0.0,0.0,0.0,0.0,0.0,0.0,0.0,0.4036,0.01179,0.0,0.0,0.0,0.0,0.0,0.0,0.0,0.0,0.0,0.0,0.02620087336244542,11.135371179039286,18.668122270742362,0.17030567685589523,0.0,0.0,0.0,0.0,0.0,0.0,0.0,0.0,0.0,0.0,0.0,0.0,0.0,0.0,0.0,0.0
58100,4838,2474,0.5113683340223233,1149,1010,0.4462587846217445,1396,0.5770979743695742,0.38600000000000007,2.8764805414551606,2.9881274035604664,6.316265060240964,2.1535849690457294,8371.220669698221,506.5690122477926,7853.0,8866.4,8866.4,0.0,7853.0,0.0,28.055188094253825,20.948934273733734,32.90833333333333,19.22252123714312,0.14034725093013642,0.10004133939644481,0.09032658123191402,0.08577924762298471,0.08350558081852005,0.07606448945845391,0.0684167011161637,0.0607689127738735,0.05622157916494419,0.05146754857379082,0.050434063662670524,0.041132699462587845,0.030177759404712692,0.026043819760231502,0.024390243902439025,0.008887970235634559,0.005994212484497726,0.9122868809216078,0.023147688999743767,0.0,0.0,0.0,0.0,0.0,0.0,0.0,0.0,0.0,0.0,0.0,0.0,0.0,0.0,0.0,0.0,0.0,0.0,0.0,0.0,0.0,0.0,0.0,0.0,0.012401818933443574,0.7317073170731709,8.166597767672593,15.51467548573791,5.338983050847459,0.2356345597354279,4.186781609195402,2.820951803916433,nan,nan,nan,4.101975780752071,2.8177806421053027,4.27191298784389,2.8215690788363017,1.041428135165796,0.404,0.01211,0.0,0.0,0.0,0.0,0.0,0.0,0.0,0.0,0.0,0.0,0.01860272840016536,11.279454319966911,18.515915667631255,0.18602728400165364,0.0,0.0,0.0,0.0,0.0,0.0,0.0,0.0,0.0,0.0,0.0,0.0,0.0,0.0,0.0,0.0,nan,nan,4.186781609195402,2.820951803916433,nan,0.404,0.06476,0.0,0.0,0.0,0.0,0.0,0.0,0.0,0.0,0.0,0.0,0.0,0.0,0.0,0.0,0.0,0.0,0.0,0.0,0.0,0.0009301364200082679,7.234394377842083e-05,0.00010334849111202976,1.0334849111202977e-05,0.005353451839603142,0.0017052501033484912,0.0011058288548987185,0.0007027697395618024,0.0017362546506821,0.019708557255064076,0.005157089706490286,0.017176519222819348,0.01687680859859446,0.045618023976849935,0.0458557255064076,0.02038032244729227,0.07173418768085986,0.036575031004547336,0.04073997519636213,0.06413807358412567,0.06639107069036793,0.057503100454733364,0.05980777180653162,0.06614303431169904,0.058567589913187265,0.05232534105002067,0.05032038032244729,0.01600868127325341,0.03968582058701943,0.04394377842083506,0.011668044646548161,0.015398925175692435,0.012722199255890864,0.0015605622157916495,0.00809218685407193,0.020576684580405125,0.016866473749483257,0.005301777594047127,0.001281521289789169,9.30136420008268e-05,0.0,1.0334849111202977e-05,5.167424555601488e-05,0.0,0.0,0.0,0.0,0.0,0.0,0.0,0.0,0.0,0.0,0.0,0.0,0.0,0.0,0.0,0.0,0.0,0.0,0.0,0.0,0.0,0.0,0.0,0.0,0.0,0.0,0.0,0.0,0.0,0.0,0.0,0.0,0.0,0.0,0.0,0.0,0.0,0.0,0.0,nan,nan,4.186781609195402,2.820951803916433,nan,0.9128081730130997,0.023186259987817853,0.0,0.0,0.0,0.0,0.0,0.0,0.0,0.0,0.0,0.0,0.0,0.0,0.0,0.0,0.0,0.0,0.0,0.0,0.0,0.0,0.0,0.0,0.0,0.0,0.012126111560226357,0.6669361358124497,8.124494745351658,15.33953112368634,5.565885206143898,0.29102667744543254,0.9117413324299197,0.023094657138030415,0.0,0.0,0.0,0.0,0.0,0.0,0.0,0.0,0.0,0.0,0.0,0.0,0.0,0.0,0.0,0.0,0.0,0.0,0.0,0.0,0.0,0.0,0.0,0.0,0.012690355329949242,0.7994923857868023,8.210659898477159,15.697969543147211,5.101522842639595,0.1776649746192894,0.4038,0.012215,0.0,0.0,0.0,0.0,0.0,0.0,0.0,0.0,0.0,0.0,0.024252223120452714,11.325788197251399,18.443815683104287,0.20614389652384807,0.0,0.0,0.0,0.0,0.0,0.0,0.0,0.0,0.0,0.0,0.0,0.0,0.0,0.0,0.0,0.0,0.404,0.01199,0.0,0.0,0.0,0.0,0.0,0.0,0.0,0.0,0.0,0.0,0.012690355329949242,11.230964467005059,18.591370558375637,0.16497461928934015,0.0,0.0,0.0,0.0,0.0,0.0,0.0,0.0,0.0,0.0,0.0,0.0,0.0,0.0,0.0,0.0
58200,4709,2446,0.5194308770439584,1151,963,0.4489275854746231,1335,0.5669993629220641,0.4020000000000001,2.9602297834732654,3.010103819212216,6.306184012066365,2.0656074180141895,8379.391250796347,506.31723715678015,7853.0,8866.4,8866.4,0.0,7853.0,0.0,28.19048630282438,20.985378186726024,32.98768844221105,19.282509563298824,0.1356976003397749,0.1038437035464005,0.09683584625185815,0.07942238267148015,0.0747504778084519,0.07729878955192185,0.07050329156933531,0.06519430877043958,0.05903588872372054,0.055425780420471436,0.04374601826290083,0.03822467615204927,0.036313442344446806,0.02569547674665534,0.018475260140157147,0.012316840093438097,0.007220216606498195,0.9116045514421874,0.02274665856022005,0.0,0.0,0.0,0.0,0.0,0.0,0.0,0.0,0.0,0.0,0.0,0.0,0.0,0.0,0.0,0.0,0.0,0.0,0.0,0.0,0.0,0.0,0.0,0.0,0.00637077935867488,0.7071565088129116,8.441282650244215,15.831386706307075,4.771713739647485,0.2420896156296454,4.245245901639344,2.8081004644102228,nan,nan,nan,4.24327868852459,2.833377594755745,4.247213114754098,2.782592334878231,1.000927213722763,0.4048,0.01177,0.0,0.0,0.0,0.0,0.0,0.0,0.0,0.0,0.0,0.0,0.0,10.530898279889557,19.265236780632833,0.20386493947759615,0.0,0.0,0.0,0.0,0.0,0.0,0.0,0.0,0.0,0.0,0.0,0.0,0.0,0.0,0.0,0.0,nan,nan,4.245245901639344,2.8081004644102228,nan,0.4048,0.06537,0.0,0.0,0.0,0.0,0.0,0.0,0.0,0.0,0.0,0.0,0.0,0.0,0.0,0.0,0.0,0.0,0.0,0.0,0.0,0.0010193246973879805,0.00010617965597791463,9.556169038012318e-05,0.0,0.004926736037375239,0.0016564026332554682,0.0010193246973879805,0.00047780845190061586,0.001900615842004672,0.01988744956466341,0.005043533658950945,0.017477171373964748,0.01589509449989382,0.043799108090889785,0.04854533871310257,0.021586324060310046,0.07282862603525164,0.03757698025058399,0.03766192397536632,0.06316627734126141,0.0665427904013591,0.05457634317264812,0.05858993416861329,0.06520492673603738,0.05888723720535145,0.05255892970906774,0.04906561902739435,0.016797621575706096,0.03956253981737099,0.04611382459120832,0.0125610533021873,0.015215544701635166,0.01220004247186239,0.0023784242939052878,0.00798471012953918,0.020694414950095563,0.019101720110426844,0.00565937566362285,0.0013166277341261415,0.00014865151836908049,1.0617965597791463e-05,1.0617965597791463e-05,0.00014865151836908049,0.0,0.0,0.0,0.0,0.0,0.0,0.0,0.0,0.0,0.0,0.0,0.0,0.0,0.0,0.0,0.0,0.0,0.0,0.0,0.0,0.0,0.0,0.0,0.0,0.0,0.0,0.0,0.0,0.0,0.0,0.0,0.0,0.0,0.0,0.0,0.0,0.0,0.0,0.0,nan,nan,4.245245901639344,2.8081004644102228,nan,0.9118249922722749,0.022911764762040758,0.0,0.0,0.0,0.0,0.0,0.0,0.0,0.0,0.0,0.0,0.0,0.0,0.0,0.0,0.0,0.0,0.0,0.0,0.0,0.0,0.0,0.0,0.0,0.0,0.0,0.7358953393295178,8.291087489779233,15.883074407195425,4.820114472608341,0.26982829108748985,0.9113662844203607,0.022564420745936307,0.0,0.0,0.0,0.0,0.0,0.0,0.0,0.0,0.0,0.0,0.0,0.0,0.0,0.0,0.0,0.0,0.0,0.0,0.0,0.0,0.0,0.0,0.0,0.0,0.013256738842244811,0.6760936809544853,8.603623508616883,15.775519222271324,4.719399027839152,0.21210782147591697,0.4048,0.011826,0.0,0.0,0.0,0.0,0.0,0.0,0.0,0.0,0.0,0.0,0.0,10.388389206868341,19.40310711365495,0.2085036794766967,0.0,0.0,0.0,0.0,0.0,0.0,0.0,0.0,0.0,0.0,0.0,0.0,0.0,0.0,0.0,0.0,0.4045,0.0117,0.0,0.0,0.0,0.0,0.0,0.0,0.0,0.0,0.0,0.0,0.0,10.6849315068493,19.116217410517017,0.19885108263367215,0.0,0.0,0.0,0.0,0.0,0.0,0.0,0.0,0.0,0.0,0.0,0.0,0.0,0.0,0.0,0.0
58300,4655,2404,0.5164339419978518,1133,972,0.4522019334049409,1332,0.5722878625134264,0.39000000000000007,2.9875610839626834,3.062625745909433,6.515197568389058,2.105986554625068,8376.354156820624,506.426232595226,7853.0,8866.4,8866.399999999998,1.8189894035458565e-12,7853.0,0.0,28.150805585392053,20.788041543378952,33.02625541677288,19.000612408741787,0.13619763694951664,0.10354457572502686,0.08915145005370569,0.07926960257787326,0.08571428571428572,0.07798066595059076,0.06380236305048335,0.06509129967776585,0.06251342642320086,0.05435016111707841,0.04575725026852846,0.04103114930182599,0.03480128893662728,0.02685284640171858,0.018689581095596132,0.010741138560687433,0.004511278195488722,0.9128640833141725,0.02329669415791557,0.0,0.0,0.0,0.0,0.0,0.0,0.0,0.0,0.0,0.0,0.0,0.0,0.0,0.0,0.0,0.0,0.0,0.0,0.0,0.0,0.0,0.0,0.0,0.0,0.006444683136412461,0.7346938775510206,8.01074113856069,15.525241675617618,5.44575725026853,0.2771213748657358,4.214663143989432,2.831255361297199,nan,nan,nan,4.218436873747495,2.8091808573024357,4.211111111111111,2.853596642504304,0.9982633940353655,0.4045,0.01197,0.0,0.0,0.0,0.0,0.0,0.0,0.0,0.0,0.0,0.0,0.006444683136412461,10.317937701396332,19.514500537056932,0.1611170784103115,0.0,0.0,0.0,0.0,0.0,0.0,0.0,0.0,0.0,0.0,0.0,0.0,0.0,0.0,0.0,0.0,nan,nan,4.214663143989432,2.831255361297199,nan,0.4045,0.0648,0.0,0.0,0.0,0.0,0.0,0.0,0.0,0.0,0.0,0.0,0.0,0.0,0.0,0.0,0.0,0.0,0.0,0.0,0.0,0.0012459720730397421,0.00010741138560687433,0.0001288936627282492,0.0,0.004801288936627283,0.0012244897959183673,0.0007733619763694952,0.00021482277121374866,0.0017722878625134263,0.01762620837808808,0.004554242749731471,0.017207303974221266,0.0158968850698174,0.04515574650912997,0.05073039742212675,0.021815252416756175,0.07638023630504834,0.035671321160042964,0.037722878625134265,0.06510204081632653,0.06596133190118153,0.0536734693877551,0.05731471535982814,0.06680988184747583,0.0607733619763695,0.051858216970998926,0.04364124597207304,0.017808807733619765,0.042996777658431795,0.04682062298603652,0.011374865735767991,0.01543501611170784,0.01242749731471536,0.0025456498388829215,0.006595059076262084,0.020988184747583245,0.017593984962406016,0.005671321160042964,0.0012567132116004297,8.592910848549946e-05,0.0,0.0,0.00023630504833512352,0.0,0.0,0.0,0.0,0.0,0.0,0.0,0.0,0.0,0.0,0.0,0.0,0.0,0.0,0.0,0.0,0.0,0.0,0.0,0.0,0.0,0.0,0.0,0.0,0.0,0.0,0.0,0.0,0.0,0.0,0.0,0.0,0.0,0.0,0.0,0.0,0.0,0.0,0.0,nan,nan,4.214663143989432,2.831255361297199,nan,0.9130187516105354,0.02318119613726677,0.0,0.0,0.0,0.0,0.0,0.0,0.0,0.0,0.0,0.0,0.0,0.0,0.0,0.0,0.0,0.0,0.0,0.0,0.0,0.0,0.0,0.0,0.0,0.0,0.012479201331114811,0.7487520798668887,7.799500831946757,15.5865224625624,5.5906821963394355,0.262063227953411,0.9126989022459998,0.02341828556686999,0.0,0.0,0.0,0.0,0.0,0.0,0.0,0.0,0.0,0.0,0.0,0.0,0.0,0.0,0.0,0.0,0.0,0.0,0.0,0.0,0.0,0.0,0.0,0.0,0.0,0.7196801421590406,8.23633940470902,15.45979564637939,5.290981785872946,0.2932030208796091,0.4048,0.012146,0.0,0.0,0.0,0.0,0.0,0.0,0.0,0.0,0.0,0.0,0.012479201331114811,10.095673876871865,19.679700499168057,0.21214642262895178,0.0,0.0,0.0,0.0,0.0,0.0,0.0,0.0,0.0,0.0,0.0,0.0,0.0,0.0,0.0,0.0,0.4043,0.01178,0.0,0.0,0.0,0.0,0.0,0.0,0.0,0.0,0.0,0.0,0.0,10.555308751665912,19.33807196801422,0.10661928031985787,0.0,0.0,0.0,0.0,0.0,0.0,0.0,0.0,0.0,0.0,0.0,0.0,0.0,0.0,0.0,0.0
58400,4514,2315,0.5128489144882588,1099,936,0.45081967213114754,1282,0.5680106335844041,0.3980000000000001,2.9968167348794905,3.0680457669613146,6.493001555209953,2.074325953215696,8372.7210899424,506.5326654982003,7853.0,8866.4,8866.4,0.0,7853.0,0.0,27.994018608772706,20.96243680653714,32.86612309310889,19.252242241194203,0.1406734603455915,0.09570225963668587,0.09392999556933983,0.08994240141781125,0.08085954807266282,0.07797961896322551,0.06823216659282233,0.06335844040762073,0.056269384138236594,0.05095259193619849,0.04718653079308817,0.03743907842268498,0.03389455028799291,0.024147097917589722,0.01905183872396987,0.012627381479840495,0.007753655294638901,0.9133189227077144,0.02241091996514303,0.0,0.0,0.0,0.0,0.0,0.0,0.0,0.0,0.0,0.0,0.0,0.0,0.0,0.0,0.0,0.0,0.0,0.0,0.0,0.0,0.0,0.0,0.0,0.0,0.0,0.558263181214001,7.895436420026585,15.930438635356671,5.389898094816129,0.22596366858661945,4.29039972668261,2.8858928007410887,nan,nan,nan,4.313067784765898,2.8994018073162877,4.268716577540107,2.8727439341360657,0.9897170159526723,0.4043,0.01196,0.0,0.0,0.0,0.0,0.0,0.0,0.0,0.0,0.0,0.0,0.013291980505095263,10.786442179884787,19.027470093043867,0.17279574656623842,0.0,0.0,0.0,0.0,0.0,0.0,0.0,0.0,0.0,0.0,0.0,0.0,0.0,0.0,0.0,0.0,nan,nan,4.29039972668261,2.8858928007410887,nan,0.4043,0.0649,0.0,0.0,0.0,0.0,0.0,0.0,0.0,0.0,0.0,0.0,0.0,0.0,0.0,0.0,0.0,0.0,0.0,0.0,0.0,0.0012405848471422243,2.2153300841825433e-05,0.00011076650420912716,4.4306601683650866e-05,0.0045968099246787774,0.001251661497563137,0.0008418254319893664,0.00013291980505095258,0.002215330084182543,0.01802171023482499,0.004807266282676119,0.017501107665042093,0.016692512184315462,0.04563579973416039,0.04977846699158175,0.021621621621621623,0.07740363314133807,0.03451484271156402,0.037505538325210454,0.06488701816570669,0.0680327868852459,0.05352237483385024,0.057930881701373504,0.06321444395214887,0.05921577315019938,0.05276916260522818,0.046754541426672576,0.017179884802835624,0.04322108994240142,0.04483828090385467,0.011087727071333629,0.015917146654851572,0.012749224634470537,0.0025919361984935757,0.007000443066016836,0.020325653522374833,0.0179441736818786,0.004840496233938857,0.0017279574656623837,8.861320336730173e-05,0.0,0.0,0.00022153300841825432,0.0,0.0,0.0,0.0,0.0,0.0,0.0,0.0,0.0,0.0,0.0,0.0,0.0,0.0,0.0,0.0,0.0,0.0,0.0,0.0,0.0,0.0,0.0,0.0,0.0,0.0,0.0,0.0,0.0,0.0,0.0,0.0,0.0,0.0,0.0,0.0,0.0,0.0,0.0,nan,nan,4.29039972668261,2.8858928007410887,nan,0.9129937392589083,0.02246684391013975,0.0,0.0,0.0,0.0,0.0,0.0,0.0,0.0,0.0,0.0,0.0,0.0,0.0,0.0,0.0,0.0,0.0,0.0,0.0,0.0,0.0,0.0,0.0,0.0,0.0,0.6220302375809936,7.930885529157669,15.874730021598275,5.365010799136071,0.2073434125269979,0.9136612599901093,0.022346782382359247,0.0,0.0,0.0,0.0,0.0,0.0,0.0,0.0,0.0,0.0,0.0,0.0,0.0,0.0,0.0,0.0,0.0,0.0,0.0,0.0,0.0,0.0,0.0,0.0,0.0,0.49113233287858127,7.8581173260573,15.989085948158257,5.416098226466577,0.24556616643929063,0.404,0.01209,0.0,0.0,0.0,0.0,0.0,0.0,0.0,0.0,0.0,0.0,0.012958963282937368,11.157667386609056,18.634989200863934,0.19438444924406054,0.0,0.0,0.0,0.0,0.0,0.0,0.0,0.0,0.0,0.0,0.0,0.0,0.0,0.0,0.0,0.0,0.4043,0.011826,0.0,0.0,0.0,0.0,0.0,0.0,0.0,0.0,0.0,0.0,0.013642564802182814,10.395634379263287,19.440654843110508,0.15006821282401095,0.0,0.0,0.0,0.0,0.0,0.0,0.0,0.0,0.0,0.0,0.0,0.0,0.0,0.0,0.0,0.0
58500,4359,2224,0.5102087634778619,1043,903,0.44643266804312914,1249,0.5730672172516632,0.4060000000000001,2.9091334894613583,3.0511925642521773,6.330016583747927,2.2190665943827397,8370.045560908466,506.59437360623053,7853.0,8866.4,8866.400000000001,1.8189894035458565e-12,7853.0,0.0,28.28653360862583,21.111525701389468,33.32586112629853,19.303265711361252,0.14292268869006652,0.09681119522826337,0.08740536820371644,0.088093599449415,0.07731130993347098,0.07639366827253957,0.06744666207845836,0.06377609543473274,0.05505849965588438,0.059417297545308556,0.041064464326680435,0.044276210139940354,0.03716448726772195,0.025235145675613673,0.016746960311998165,0.01307639366827254,0.0077999541179169535,0.9140319235009265,0.023273451871102812,0.0,0.0,0.0,0.0,0.0,0.0,0.0,0.0,0.0,0.0,0.0,0.0,0.0,0.0,0.0,0.0,0.0,0.0,0.0,0.0,0.0,0.0,0.0,0.0,0.03441156228492774,0.5918788713007571,7.39160357880248,15.746730901582936,5.946317962835514,0.28905712319339305,4.207847295864263,2.8216570037376156,nan,nan,nan,4.246983676366217,2.809298370035479,4.169014084507042,2.83333236091484,0.9816411840024101,0.4045,0.01205,0.0,0.0,0.0,0.0,0.0,0.0,0.0,0.0,0.0,0.0,0.027529249827942196,10.736407432897439,19.0020646937371,0.23399862353750867,0.0,0.0,0.0,0.0,0.0,0.0,0.0,0.0,0.0,0.0,0.0,0.0,0.0,0.0,0.0,0.0,nan,nan,4.207847295864263,2.8216570037376156,nan,0.4045,0.06494,0.0,0.0,0.0,0.0,0.0,0.0,0.0,0.0,0.0,0.0,0.0,0.0,0.0,0.0,0.0,0.0,0.0,0.0,0.0,0.0011470520761642578,0.0,0.00017205781142463867,3.441156228492774e-05,0.004140857994952971,0.0012502867630190412,0.0004588208304657031,0.00014911676990135353,0.00253498508832301,0.017790777701307638,0.004014682266574902,0.01916724019270475,0.01850194998852948,0.04514796971782519,0.04980500114705207,0.021725166322551046,0.07499426473961918,0.034537738013305806,0.03734801559990823,0.06561137875659555,0.06555402615278734,0.05558614361091994,0.05808671713695802,0.0656802018811654,0.05653819683413627,0.051881165404909384,0.04783207157604955,0.017446662078458363,0.041156228492773575,0.04497591190640055,0.011057582014223445,0.016586373021335168,0.014475797201192934,0.003211745813259922,0.006916724019270475,0.019821059876118374,0.017251663225510437,0.005127322780454233,0.0020188116540490937,0.0001605872906629961,0.0,0.0,0.00010323468685478321,0.0,0.0,0.0,0.0,0.0,0.0,0.0,0.0,0.0,0.0,0.0,0.0,0.0,0.0,0.0,0.0,0.0,0.0,0.0,0.0,0.0,0.0,0.0,0.0,0.0,0.0,0.0,0.0,0.0,0.0,0.0,0.0,0.0,0.0,0.0,0.0,0.0,0.0,0.0,nan,nan,4.207847295864263,2.8216570037376156,nan,0.9144445116088974,0.023722150992412473,0.0,0.0,0.0,0.0,0.0,0.0,0.0,0.0,0.0,0.0,0.0,0.0,0.0,0.0,0.0,0.0,0.0,0.0,0.0,0.0,0.0,0.0,0.0,0.0,0.026978417266187056,0.6879496402877698,6.960431654676261,15.768884892086334,6.2724820143884905,0.2832733812949641,0.9136021361697195,0.022788716555013085,0.0,0.0,0.0,0.0,0.0,0.0,0.0,0.0,0.0,0.0,0.0,0.0,0.0,0.0,0.0,0.0,0.0,0.0,0.0,0.0,0.0,0.0,0.0,0.0,0.042154566744730684,0.4918032786885247,7.840749414519908,15.723653395784547,5.606557377049181,0.2950819672131148,0.4043,0.011925,0.0,0.0,0.0,0.0,0.0,0.0,0.0,0.0,0.0,0.0,0.026978417266187056,10.737410071942431,18.992805755395686,0.2428057553956835,0.0,0.0,0.0,0.0,0.0,0.0,0.0,0.0,0.0,0.0,0.0,0.0,0.0,0.0,0.0,0.0,0.4045,0.012184,0.0,0.0,0.0,0.0,0.0,0.0,0.0,0.0,0.0,0.0,0.028103044496487126,10.735362997658065,19.01170960187354,0.224824355971897,0.0,0.0,0.0,0.0,0.0,0.0,0.0,0.0,0.0,0.0,0.0,0.0,0.0,0.0,0.0,0.0
58600,4444,2278,0.5126012601260126,1086,897,0.4462196219621962,1274,0.5733573357335734,0.4060000000000001,3.049399815327793,3.167071040402854,6.675507020280811,2.1929206264650065,8372.470117011702,506.5390548728768,7853.0,8866.4,8866.399999999998,1.8189894035458565e-12,7853.0,0.0,28.305805580558054,20.939034400247934,33.1427810335642,19.177531009550528,0.1365886588658866,0.1035103510351035,0.0855085508550855,0.08415841584158416,0.08618361836183619,0.07515751575157516,0.06818181818181818,0.05603060306030603,0.05850585058505851,0.06030603060306031,0.04657965796579658,0.04095409540954095,0.03532853285328533,0.03172817281728173,0.014626462646264627,0.010126012601260125,0.0065256525652565255,0.9140482046360587,0.022944460379166504,0.0,0.0,0.0,0.0,0.0,0.0,0.0,0.0,0.0,0.0,0.0,0.0,0.0,0.0,0.0,0.0,0.0,0.0,0.0,0.0,0.0,0.0,0.0,0.0,0.0,0.5400540054005402,7.716021602160217,15.823582358235827,5.569306930693071,0.3510351035103511,4.301620130989314,2.9370672694466604,nan,nan,nan,4.2689133425034385,2.9502820701974315,4.334485141672426,2.9233598159121534,1.015360302238071,0.4048,0.01198,0.0,0.0,0.0,0.0,0.0,0.0,0.0,0.0,0.0,0.0,0.02700270027002701,10.119261926192605,19.664716471647168,0.18901890189018908,0.0,0.0,0.0,0.0,0.0,0.0,0.0,0.0,0.0,0.0,0.0,0.0,0.0,0.0,0.0,0.0,nan,nan,4.301620130989314,2.9370672694466604,nan,0.4048,0.0652,0.0,0.0,0.0,0.0,0.0,0.0,0.0,0.0,0.0,0.0,0.0,0.0,0.0,0.0,0.0,0.0,0.0,0.0,0.0,0.0014063906390639064,0.0,0.0001125112511251125,0.00021377137713771377,0.0036453645364536453,0.0012938793879387939,0.00023627362736273628,0.0002587758775877588,0.0016089108910891088,0.0179005400540054,0.004354185418541854,0.019396939693969398,0.016876687668766877,0.045274527452745274,0.05151890189018902,0.022299729972997298,0.07575382538253825,0.034315931593159314,0.03616111611161116,0.06326507650765076,0.06767551755175517,0.05489423942394239,0.057673267326732676,0.06571782178217822,0.05506300630063006,0.050506300630063006,0.04538703870387039,0.018361836183618363,0.0429005400540054,0.04848109810981098,0.010531053105310531,0.015391539153915392,0.01701170117011701,0.0028690369036903692,0.006705670567056706,0.020522052205220524,0.015886588658865886,0.005569306930693069,0.0027002700270027003,0.00016876687668766877,0.0,0.0,5.625562556255625e-05,3.375337533753375e-05,0.0,0.0,0.0,0.0,0.0,0.0,0.0,0.0,0.0,0.0,0.0,0.0,0.0,0.0,0.0,0.0,0.0,0.0,0.0,0.0,0.0,0.0,0.0,0.0,0.0,0.0,0.0,0.0,0.0,0.0,0.0,0.0,0.0,0.0,0.0,0.0,0.0,0.0,nan,nan,4.301620130989314,2.9370672694466604,nan,0.9136201756057036,0.02299904393288682,0.0,0.0,0.0,0.0,0.0,0.0,0.0,0.0,0.0,0.0,0.0,0.0,0.0,0.0,0.0,0.0,0.0,0.0,0.0,0.0,0.0,0.0,0.0,0.0,0.0,0.5926251097453908,7.967515364354699,15.68481123792801,5.478489903424058,0.27655838454784903,0.9144983662847888,0.02287827578303358,0.0,0.0,0.0,0.0,0.0,0.0,0.0,0.0,0.0,0.0,0.0,0.0,0.0,0.0,0.0,0.0,0.0,0.0,0.0,0.0,0.0,0.0,0.0,0.0,0.0,0.4847645429362882,7.451523545706372,15.96952908587258,5.664819944598339,0.4293628808864267,0.4048,0.01195,0.0,0.0,0.0,0.0,0.0,0.0,0.0,0.0,0.0,0.0,0.026338893766461816,10.24582967515363,19.543459174714666,0.18437225636523272,0.0,0.0,0.0,0.0,0.0,0.0,0.0,0.0,0.0,0.0,0.0,0.0,0.0,0.0,0.0,0.0,0.405,0.01201,0.0,0.0,0.0,0.0,0.0,0.0,0.0,0.0,0.0,0.0,0.027700831024930754,9.986149584487519,19.79224376731302,0.1939058171745153,0.0,0.0,0.0,0.0,0.0,0.0,0.0,0.0,0.0,0.0,0.0,0.0,0.0,0.0,0.0,0.0
58700,4779,2478,0.5185185185185185,1136,1001,0.4471646788030969,1387,0.5804561623770663,0.37800000000000006,2.901347240330291,2.9522202565344142,6.287878787878788,2.1124820351766274,8378.466666666667,506.3523498733091,7853.0,8866.4,8866.399999999998,1.8189894035458565e-12,7853.0,0.0,28.230592174094998,20.842155758693174,33.037156304186276,19.100677338689415,0.13245448838669177,0.10023017367650136,0.09311571458464114,0.08913998744507219,0.0801422891818372,0.07198158610587989,0.07219083490269931,0.06277463904582549,0.062146892655367235,0.0514752040175769,0.04415149612889726,0.041222012973425405,0.03682778824021762,0.029504080351537978,0.017995396526469972,0.008160703075957313,0.006486712701401967,0.9139209782311447,0.022813994037458783,0.0,0.0,0.0,0.0,0.0,0.0,0.0,0.0,0.0,0.0,0.0,0.0,0.0,0.0,0.0,0.0,0.0,0.0,0.0,0.0,0.0,0.0,0.0,0.0,0.0,0.6026365348399247,7.545511613308225,16.095417451349658,5.404896421845576,0.35153797865662284,4.199743095696853,2.821023912243183,nan,nan,nan,4.2695035460992905,2.8075319527742084,4.13124199743918,2.833413150876998,0.9676164811277815,0.4053,0.01185,0.0,0.0,0.0,0.0,0.0,0.0,0.0,0.0,0.0,0.0,0.018832391713747648,10.244821092278704,19.42875078468299,0.30759573132454493,0.0,0.0,0.0,0.0,0.0,0.0,0.0,0.0,0.0,0.0,0.0,0.0,0.0,0.0,0.0,0.0,nan,nan,4.199743095696853,2.821023912243183,nan,0.4053,0.0649,0.0,0.0,0.0,0.0,0.0,0.0,0.0,0.0,0.0,0.0,0.0,0.0,0.0,0.0,0.0,0.0,0.0,0.0,0.0,0.0008788449466415569,1.0462439840970914e-05,7.32370788867964e-05,0.00030341075538815654,0.003075957313245449,0.0014961288972588408,0.00018832391713747646,0.00040803515379786567,0.0019146264908976773,0.017817535049173466,0.004467461812094581,0.018277882402176187,0.016844528143963172,0.04671479388993513,0.051747227453442145,0.02082025528353212,0.07653274743670224,0.033437957731743045,0.03616865453023645,0.061173885750156934,0.06491943921322453,0.05649717514124294,0.06172839506172839,0.06552626072400083,0.05716677129106507,0.049351328729859804,0.04545930110901862,0.018570830717723374,0.04205900816070308,0.04707051684452814,0.011236660389202763,0.01578782172002511,0.018225570202971334,0.003557229545930111,0.006936597614563716,0.019732161540071146,0.015139150449884913,0.005764804352374974,0.002416823603264281,0.0003557229545930111,0.0,0.0,9.416195856873823e-05,5.2312199204854574e-05,0.0,0.0,0.0,0.0,0.0,0.0,0.0,0.0,0.0,0.0,0.0,0.0,0.0,0.0,0.0,0.0,0.0,0.0,0.0,0.0,0.0,0.0,0.0,0.0,0.0,0.0,0.0,0.0,0.0,0.0,0.0,0.0,0.0,0.0,0.0,0.0,0.0,0.0,nan,nan,4.199743095696853,2.821023912243183,nan,0.9135466014982906,0.022954544435951164,0.0,0.0,0.0,0.0,0.0,0.0,0.0,0.0,0.0,0.0,0.0,0.0,0.0,0.0,0.0,0.0,0.0,0.0,0.0,0.0,0.0,0.0,0.0,0.0,0.0,0.5932203389830509,7.820823244552059,15.920096852300246,5.30266343825666,0.3631961259079904,0.9143241531742183,0.022654739428002377,0.0,0.0,0.0,0.0,0.0,0.0,0.0,0.0,0.0,0.0,0.0,0.0,0.0,0.0,0.0,0.0,0.0,0.0,0.0,0.0,0.0,0.0,0.0,0.0,0.0,0.6127770534550196,7.249022164276403,16.28422425032595,5.5149934810951775,0.3389830508474577,0.405,0.011665,0.0,0.0,0.0,0.0,0.0,0.0,0.0,0.0,0.0,0.0,0.012106537530266347,10.21791767554478,19.50363196125908,0.2663438256658596,0.0,0.0,0.0,0.0,0.0,0.0,0.0,0.0,0.0,0.0,0.0,0.0,0.0,0.0,0.0,0.0,0.4053,0.01205,0.0,0.0,0.0,0.0,0.0,0.0,0.0,0.0,0.0,0.0,0.026075619295958283,10.273794002607548,19.348109517601046,0.35202086049543685,0.0,0.0,0.0,0.0,0.0,0.0,0.0,0.0,0.0,0.0,0.0,0.0,0.0,0.0,0.0,0.0
58800,4392,2290,0.5214025500910747,1061,895,0.4453551912568306,1254,0.5710382513661202,0.4380000000000001,2.9372026641294005,3.039989636392605,6.476109215017065,2.1465765779810715,8381.389344262296,506.2355798889203,7853.0,8866.4,8866.399999999998,1.8189894035458565e-12,7853.0,0.0,28.179872495446265,20.946609534374865,32.96444923242661,19.244226120341313,0.1343351548269581,0.09790528233151184,0.09699453551912568,0.08674863387978142,0.08242258652094718,0.075591985428051,0.07194899817850638,0.05919854280510018,0.05009107468123861,0.05942622950819672,0.04530965391621129,0.04007285974499089,0.036202185792349725,0.028233151183970857,0.018214936247723135,0.011384335154826957,0.005919854280510018,0.9134382252837574,0.02316236535980118,0.0,0.0,0.0,0.0,0.0,0.0,0.0,0.0,0.0,0.0,0.0,0.0,0.0,0.0,0.0,0.0,0.0,0.0,0.0,0.0,0.0,0.0,0.0,0.0,0.006830601092896176,0.6898907103825138,7.793715846994537,15.676229508196725,5.5737704918032795,0.2595628415300547,4.177272727272728,2.8331900727901926,nan,nan,nan,4.094444444444444,2.7974635778032577,4.261267605633803,2.8665223714201176,1.0407437842796263,0.4058,0.01188,0.0,0.0,0.0,0.0,0.0,0.0,0.0,0.0,0.0,0.0,0.013661202185792353,9.392076502732227,20.348360655737707,0.24590163934426235,0.0,0.0,0.0,0.0,0.0,0.0,0.0,0.0,0.0,0.0,0.0,0.0,0.0,0.0,0.0,0.0,nan,nan,4.177272727272728,2.8331900727901926,nan,0.4058,0.06445,0.0,0.0,0.0,0.0,0.0,0.0,0.0,0.0,0.0,0.0,0.0,0.0,0.0,0.0,0.0,0.0,0.0,0.0,0.0,0.0009335154826958106,0.0,3.4153005464480874e-05,7.96903460837887e-05,0.003062386156648452,0.001627959927140255,0.0001593806921675774,0.0002959927140255009,0.0012295081967213116,0.01747495446265938,0.0050204918032786885,0.0190459927140255,0.016826047358834244,0.045081967213114756,0.04864526411657559,0.01999089253187614,0.07645719489981785,0.03383424408014572,0.03693078324225865,0.061930783242258654,0.06277322404371585,0.055373406193078324,0.0651183970856102,0.06176001821493625,0.05891393442622951,0.05062613843351548,0.04599271402550091,0.01919398907103825,0.04289617486338798,0.04997723132969035,0.012340619307832423,0.01605191256830601,0.019478597449908926,0.0039048269581056466,0.006102003642987249,0.01829462659380692,0.013888888888888888,0.00636384335154827,0.0017873406193078323,0.000284608378870674,4.553734061930783e-05,0.0,9.107468123861566e-05,7.96903460837887e-05,0.0,0.0,0.0,0.0,0.0,0.0,0.0,0.0,0.0,0.0,0.0,0.0,0.0,0.0,0.0,0.0,0.0,0.0,0.0,0.0,0.0,0.0,0.0,0.0,0.0,0.0,0.0,0.0,0.0,0.0,0.0,0.0,0.0,0.0,0.0,0.0,0.0,0.0,nan,nan,4.177272727272728,2.8331900727901926,nan,0.9129819345266017,0.02346814362549538,0.0,0.0,0.0,0.0,0.0,0.0,0.0,0.0,0.0,0.0,0.0,0.0,0.0,0.0,0.0,0.0,0.0,0.0,0.0,0.0,0.0,0.0,0.0,0.0,0.01310043668122271,0.6681222707423582,8.161572052401748,15.393013100436685,5.462882096069871,0.3013100436681223,0.9139353260610582,0.0228141923354096,0.0,0.0,0.0,0.0,0.0,0.0,0.0,0.0,0.0,0.0,0.0,0.0,0.0,0.0,0.0,0.0,0.0,0.0,0.0,0.0,0.0,0.0,0.0,0.0,0.0,0.71360608943863,7.392959086584208,15.984776403425313,5.694576593720267,0.21408182683158902,0.4058,0.012,0.0,0.0,0.0,0.0,0.0,0.0,0.0,0.0,0.0,0.0,0.02620087336244542,9.432314410480336,20.292576419213976,0.2489082969432315,0.0,0.0,0.0,0.0,0.0,0.0,0.0,0.0,0.0,0.0,0.0,0.0,0.0,0.0,0.0,0.0,0.4058,0.01175,0.0,0.0,0.0,0.0,0.0,0.0,0.0,0.0,0.0,0.0,0.0,9.348239771646037,20.409134157944816,0.24262607040913423,0.0,0.0,0.0,0.0,0.0,0.0,0.0,0.0,0.0,0.0,0.0,0.0,0.0,0.0,0.0,0.0
58900,4519,2314,0.5120601903075902,1073,919,0.44080548793980967,1303,0.5766762558088072,0.4140000000000001,3.1011337868480724,3.184033805864137,6.706605222734255,2.158454814251328,8371.921796857714,506.552581359101,7853.0,8866.4,8866.4,0.0,7853.0,0.0,28.52799291878734,21.22647981197499,33.360188333769294,19.504233499980533,0.13587076786899757,0.09736667404292985,0.09404735560964815,0.08807258242974109,0.08032750608541712,0.07036955078557203,0.06572250497897765,0.06107545917238327,0.05930515600796636,0.051117503872538175,0.05510068599247621,0.04093826067714096,0.03474219960168179,0.024341668510732464,0.01925204691303386,0.015047576897543704,0.007302500553219739,0.9134291468613125,0.02295111179435333,0.0,0.0,0.0,0.0,0.0,0.0,0.0,0.0,0.0,0.0,0.0,0.0,0.0,0.0,0.0,0.0,0.0,0.0,0.0,0.0,0.0,0.0,0.0,0.0,0.006638636866563401,0.5842000442575792,7.7472892232794885,15.780039831821203,5.636202699712327,0.2456295640628458,4.412504247366632,2.903781489670719,nan,nan,nan,4.400812457684496,2.9298638622330584,4.42320819112628,2.8779034511363646,1.005088999737464,0.4058,0.01195,0.0,0.0,0.0,0.0,0.0,0.0,0.0,0.0,0.0,0.0,0.013277273733126801,9.320646160654999,20.393892454082764,0.2721841115290994,0.0,0.0,0.0,0.0,0.0,0.0,0.0,0.0,0.0,0.0,0.0,0.0,0.0,0.0,0.0,0.0,nan,nan,4.412504247366632,2.903781489670719,nan,0.4058,0.06396,0.0,0.0,0.0,0.0,0.0,0.0,0.0,0.0,0.0,0.0,0.0,0.0,0.0,0.0,0.0,0.0,0.0,0.0,0.0,0.0010621818986501438,0.0,2.212878955521133e-05,1.1064394777605665e-05,0.002965257800398318,0.002179685771188316,0.00017703031644169064,0.00017703031644169064,0.0006970568709891569,0.0169949103784023,0.004370435937154238,0.01941801283469794,0.017238327063509626,0.04474441248063731,0.04852843549457845,0.020690418234122595,0.07481743748616951,0.03410046470458066,0.03713210887364461,0.06057756140739102,0.06492586855499004,0.0548904624917017,0.06844434609426864,0.062270413808364684,0.056848860367337904,0.048893560522239435,0.04852843549457845,0.02100022128789555,0.0416021243637973,0.049380393892454084,0.01271298959946891,0.01603230803275061,0.019738880283248505,0.00416021243637973,0.0061296747067935385,0.018798406727152026,0.011617614516485948,0.0061296747067935385,0.0014715645054215534,0.0003540606328833813,0.0,0.0,5.532197388802833e-05,0.00011064394777605666,0.0,0.0,0.0,0.0,0.0,0.0,0.0,0.0,0.0,0.0,0.0,0.0,0.0,0.0,0.0,0.0,0.0,0.0,0.0,0.0,0.0,0.0,0.0,0.0,0.0,0.0,0.0,0.0,0.0,0.0,0.0,0.0,0.0,0.0,0.0,0.0,0.0,0.0,nan,nan,4.412504247366632,2.903781489670719,nan,0.9137011074824074,0.022685055864553563,0.0,0.0,0.0,0.0,0.0,0.0,0.0,0.0,0.0,0.0,0.0,0.0,0.0,0.0,0.0,0.0,0.0,0.0,0.0,0.0,0.0,0.0,0.0,0.0,0.0,0.5185825410544512,7.5194468452895435,16.101987899740713,5.5747623163353515,0.2852203975799482,0.9131437423818506,0.02322361807899809,0.0,0.0,0.0,0.0,0.0,0.0,0.0,0.0,0.0,0.0,0.0,0.0,0.0,0.0,0.0,0.0,0.0,0.0,0.0,0.0,0.0,0.0,0.0,0.0,0.013605442176870751,0.653061224489796,7.986394557823131,15.442176870748302,5.700680272108845,0.20408163265306128,0.4058,0.01203,0.0,0.0,0.0,0.0,0.0,0.0,0.0,0.0,0.0,0.0,0.012964563526361283,9.062229904926522,20.6266205704408,0.2981849611063095,0.0,0.0,0.0,0.0,0.0,0.0,0.0,0.0,0.0,0.0,0.0,0.0,0.0,0.0,0.0,0.0,0.4055,0.01185,0.0,0.0,0.0,0.0,0.0,0.0,0.0,0.0,0.0,0.0,0.013605442176870751,9.591836734693864,20.149659863945583,0.24489795918367352,0.0,0.0,0.0,0.0,0.0,0.0,0.0,0.0,0.0,0.0,0.0,0.0,0.0,0.0,0.0,0.0
59000,4403,2288,0.5196456961162843,1076,899,0.44855780149897795,1246,0.5659777424483307,0.4260000000000001,3.0307328605200947,3.0679462612584714,6.4868852459016395,2.1880431717079363,8379.608948444244,506.3087237761604,7853.0,8866.4,8866.399999999998,1.8189894035458565e-12,7853.0,0.0,28.605496252555078,21.24712507835099,33.65829281469476,19.39009770010755,0.1392232568703157,0.09357256416079945,0.08993867817397229,0.08130819895525777,0.08426073131955485,0.0697251873722462,0.07722007722007722,0.062230297524415175,0.058823529411764705,0.052691346808993865,0.04451510333863275,0.04292527821939587,0.034521916874858054,0.02657279127867363,0.02271178741766977,0.012264365205541677,0.007494889847831024,0.9134940101752194,0.022687684527802135,0.0,0.0,0.0,0.0,0.0,0.0,0.0,0.0,0.0,0.0,0.0,0.0,0.0,0.0,0.0,0.0,0.0,0.0,0.0,0.0,0.0,0.0,0.0,0.0,0.006813536225300933,0.5246422893481718,7.760617760617762,15.930047694753581,5.4644560526913475,0.31342266636384286,4.240471240471241,2.8346138494278748,nan,nan,nan,4.178397212543554,2.7984976449343373,4.3,2.868677455697588,1.0291027351567712,0.4048,0.01179,0.0,0.0,0.0,0.0,0.0,0.0,0.0,0.0,0.0,0.0,0.020440608675902798,10.295253236429692,19.466272995684765,0.21803315920962985,0.0,0.0,0.0,0.0,0.0,0.0,0.0,0.0,0.0,0.0,0.0,0.0,0.0,0.0,0.0,0.0,nan,nan,4.240471240471241,2.8346138494278748,nan,0.4048,0.0641,0.0,0.0,0.0,0.0,0.0,0.0,0.0,0.0,0.0,0.0,0.0,0.0,0.0,0.0,0.0,0.0,0.0,0.0,0.0,0.0010788099023393142,0.0,1.1355893708834885e-05,0.0,0.0028049057460822167,0.00199863729275494,0.00011355893708834885,0.00044287985464456055,0.0008176243470361117,0.017908244378832615,0.004315239609357257,0.01982739041562571,0.01866908925732455,0.04634340222575517,0.04750170338405633,0.02240517828753123,0.07352941176470588,0.03665682489211901,0.036997501703384054,0.05998183057006586,0.06455825573472632,0.05408812173518056,0.0700885759709289,0.06190097660685896,0.05605269134680899,0.04813763343175108,0.04969339086986146,0.021530774471950943,0.03858732682262094,0.046706790824437884,0.012446059504883034,0.015568930274812627,0.02091755621167386,0.004576425164660459,0.0058823529411764705,0.018294344764933,0.011776061776061776,0.0060072677719736544,0.0013399954576425164,0.00037474449239155124,1.1355893708834885e-05,0.0,0.0,5.6779468544174426e-05,0.0,0.0,0.0,0.0,0.0,0.0,0.0,0.0,0.0,0.0,0.0,0.0,0.0,0.0,0.0,0.0,0.0,0.0,0.0,0.0,0.0,0.0,0.0,0.0,0.0,0.0,0.0,0.0,0.0,0.0,0.0,0.0,0.0,0.0,0.0,0.0,0.0,0.0,nan,nan,4.240471240471241,2.8346138494278748,nan,0.9135942922813909,0.022878556548684082,0.0,0.0,0.0,0.0,0.0,0.0,0.0,0.0,0.0,0.0,0.0,0.0,0.0,0.0,0.0,0.0,0.0,0.0,0.0,0.0,0.0,0.0,0.0,0.0,0.013111888111888115,0.458916083916084,7.985139860139862,15.734265734265737,5.480769230769233,0.32779720279720287,0.9133855253246659,0.022478871160042102,0.0,0.0,0.0,0.0,0.0,0.0,0.0,0.0,0.0,0.0,0.0,0.0,0.0,0.0,0.0,0.0,0.0,0.0,0.0,0.0,0.0,0.0,0.0,0.0,0.0,0.5957446808510639,7.517730496453902,16.14184397163121,5.446808510638299,0.29787234042553196,0.4048,0.01191,0.0,0.0,0.0,0.0,0.0,0.0,0.0,0.0,0.0,0.0,0.02622377622377623,10.332167832167817,19.40559440559441,0.23601398601398607,0.0,0.0,0.0,0.0,0.0,0.0,0.0,0.0,0.0,0.0,0.0,0.0,0.0,0.0,0.0,0.0,0.4048,0.01165,0.0,0.0,0.0,0.0,0.0,0.0,0.0,0.0,0.0,0.0,0.01418439716312057,10.255319148936154,19.531914893617024,0.198581560283688,0.0,0.0,0.0,0.0,0.0,0.0,0.0,0.0,0.0,0.0,0.0,0.0,0.0,0.0,0.0,0.0
59100,4641,2397,0.5164835164835165,1170,938,0.4542124542124542,1289,0.5554837319543202,0.39000000000000007,2.914884135472371,3.0873168517471044,6.50402576489533,2.272583898877225,8376.404395604395,506.4245779654574,7853.0,8866.4,8866.4,0.0,7853.0,0.0,27.7879767291532,20.792183203665953,32.64839948783611,19.085374953902857,0.1391941391941392,0.10105580693815988,0.0889894419306184,0.09200603318250378,0.08381814264167205,0.07476836888601594,0.06787330316742081,0.06550312432665374,0.058177117000646414,0.05106658047834518,0.050204697263520795,0.03576815341521224,0.0299504417151476,0.024348200818789054,0.017022193492781727,0.013574660633484163,0.006679594914889032,0.9138021199925659,0.022920046957147,0.0,0.0,0.0,0.0,0.0,0.0,0.0,0.0,0.0,0.0,0.0,0.0,0.0,0.0,0.0,0.0,0.0,0.0,0.0,0.0,0.0,0.0,0.0,0.0,0.0,0.6334841628959277,7.6082740788623155,15.875888817065292,5.565610859728508,0.31674208144796384,4.175391797265755,2.9378208877900724,nan,nan,nan,4.226214238190286,2.9848906671357374,4.1237458193979935,2.889735846025885,0.9757540879337507,0.405,0.0122,0.0,0.0,0.0,0.0,0.0,0.0,0.0,0.0,0.0,0.0,0.006464124111182936,10.355526826115046,19.372979961215258,0.2650290885585004,0.0,0.0,0.0,0.0,0.0,0.0,0.0,0.0,0.0,0.0,0.0,0.0,0.0,0.0,0.0,0.0,nan,nan,4.175391797265755,2.9378208877900724,nan,0.405,0.06396,0.0,0.0,0.0,0.0,0.0,0.0,0.0,0.0,0.0,0.0,0.0,0.0,0.0,0.0,0.0,0.0,0.0,0.0,0.0,0.0010127127774186599,0.0,7.541478129713424e-05,0.0,0.0025210084033613447,0.0017991812109459167,0.0003232062055591467,0.0003770739064856712,0.0007218271924154277,0.017140702434820083,0.0037491919844861023,0.018982977806507217,0.018778280542986425,0.04641241111829347,0.049332040508511095,0.023066149536737773,0.07161172161172161,0.035962077138547724,0.03872010342598578,0.06095669036845507,0.06591251885369533,0.05495582848524025,0.07046972635207929,0.06417797888386123,0.05188536953242836,0.04825468648998061,0.04810385692738634,0.021180780004309417,0.037815126050420166,0.04733893557422969,0.012626589097177333,0.015998707175177762,0.02123464770523594,0.004169360051712993,0.006033182503770739,0.018336565395388926,0.011710838181426417,0.005893126481361775,0.0015406162464985994,0.0006571859513035984,2.1547080370609784e-05,0.0,0.0,0.00014005602240896358,0.0,0.0,0.0,0.0,0.0,0.0,0.0,0.0,0.0,0.0,0.0,0.0,0.0,0.0,0.0,0.0,0.0,0.0,0.0,0.0,0.0,0.0,0.0,0.0,0.0,0.0,0.0,0.0,0.0,0.0,0.0,0.0,0.0,0.0,0.0,0.0,0.0,0.0,nan,nan,4.175391797265755,2.9378208877900724,nan,0.9142118708312537,0.022405956993316444,0.0,0.0,0.0,0.0,0.0,0.0,0.0,0.0,0.0,0.0,0.0,0.0,0.0,0.0,0.0,0.0,0.0,0.0,0.0,0.0,0.0,0.0,0.0,0.0,0.0,0.4881101376720902,7.672090112640802,15.932415519399251,5.63204005006258,0.2753441802252817,0.9133644315966948,0.02344883857180064,0.0,0.0,0.0,0.0,0.0,0.0,0.0,0.0,0.0,0.0,0.0,0.0,0.0,0.0,0.0,0.0,0.0,0.0,0.0,0.0,0.0,0.0,0.0,0.0,0.0,0.788770053475936,7.5401069518716595,15.815508021390377,5.494652406417114,0.3609625668449199,0.4048,0.012215,0.0,0.0,0.0,0.0,0.0,0.0,0.0,0.0,0.0,0.0,0.012515644555694622,10.33792240300374,19.324155193992492,0.32540675844806016,0.0,0.0,0.0,0.0,0.0,0.0,0.0,0.0,0.0,0.0,0.0,0.0,0.0,0.0,0.0,0.0,0.405,0.012184,0.0,0.0,0.0,0.0,0.0,0.0,0.0,0.0,0.0,0.0,0.0,10.374331550802124,19.425133689839576,0.20053475935828882,0.0,0.0,0.0,0.0,0.0,0.0,0.0,0.0,0.0,0.0,0.0,0.0,0.0,0.0,0.0,0.0
59200,4116,2134,0.5184645286686103,994,820,0.44071914480077745,1149,0.5583090379008746,0.4260000000000001,3.0343087790111,3.0425561345687013,6.472081218274112,2.0662829211303233,8378.411953352768,506.3543747235957,7853.0,8866.4,8866.4,0.0,7853.0,0.0,28.745383867832846,21.098311931271756,33.52521489971347,19.343140918643932,0.12876579203109814,0.09888241010689991,0.0945092322643343,0.08697764820213799,0.07701652089407192,0.07628765792031098,0.06365403304178814,0.06389698736637513,0.057337220602526724,0.05587949465500486,0.05369290573372206,0.04616132167152575,0.03206997084548105,0.02478134110787172,0.018221574344023325,0.015306122448979591,0.006559766763848397,0.9131698168749017,0.022385064060904132,0.0,0.0,0.0,0.0,0.0,0.0,0.0,0.0,0.0,0.0,0.0,0.0,0.0,0.0,0.0,0.0,0.0,0.0,0.0,0.0,0.0,0.0,0.0,0.0,0.0,0.5539358600583092,7.84985422740525,16.158892128279888,5.182215743440234,0.2551020408163266,4.175529936779472,2.7635968250846097,nan,nan,nan,4.22082717872969,2.8065355085896844,4.129588014981273,2.718583745827473,0.9783835822020375,0.4058,0.01207,0.0,0.0,0.0,0.0,0.0,0.0,0.0,0.0,0.0,0.0,0.014577259475218662,9.380466472303192,20.393586005830908,0.2113702623906706,0.0,0.0,0.0,0.0,0.0,0.0,0.0,0.0,0.0,0.0,0.0,0.0,0.0,0.0,0.0,0.0,nan,nan,4.175529936779472,2.7635968250846097,nan,0.4058,0.0637,0.0,0.0,0.0,0.0,0.0,0.0,0.0,0.0,0.0,0.0,0.0,0.0,0.0,0.0,0.0,0.0,0.0,0.0,0.0,0.0005102040816326531,0.0,3.644314868804665e-05,1.2147716229348883e-05,0.0019193391642371234,0.00173712342079689,0.00015792031098153548,0.00031584062196307096,0.0004980563654033042,0.017674927113702624,0.0039237123420796894,0.01748056365403304,0.01760204081632653,0.0423955296404276,0.04968415937803693,0.026020408163265306,0.07560738581146745,0.03521622934888241,0.039382896015549076,0.05901360544217687,0.06506316812439261,0.05511418853255588,0.06963070942662779,0.06242711370262391,0.05174927113702624,0.051810009718172984,0.04946550048590865,0.02021379980563654,0.036078717201166184,0.049101068999028184,0.013192419825072887,0.01673955296404276,0.020165208940719145,0.00510204081632653,0.006608357628765792,0.017674927113702624,0.010945092322643343,0.006462585034013605,0.0015913508260447036,0.001141885325558795,0.0,0.0,0.0,0.0005344995140913508,0.0,0.0,0.0,0.0,0.0,0.0,0.0,0.0,0.0,0.0,0.0,0.0,0.0,0.0,0.0,0.0,0.0,0.0,0.0,0.0,0.0,0.0,0.0,0.0,0.0,0.0,0.0,0.0,0.0,0.0,0.0,0.0,0.0,0.0,0.0,0.0,0.0,0.0,nan,nan,4.175529936779472,2.7635968250846097,nan,0.9131100540587918,0.02212644534434871,0.0,0.0,0.0,0.0,0.0,0.0,0.0,0.0,0.0,0.0,0.0,0.0,0.0,0.0,0.0,0.0,0.0,0.0,0.0,0.0,0.0,0.0,0.0,0.0,0.0,0.604498594189316,7.844423617619496,16.363636363636367,4.962511715089035,0.224929709465792,0.9132341629140432,0.02266004052577456,0.0,0.0,0.0,0.0,0.0,0.0,0.0,0.0,0.0,0.0,0.0,0.0,0.0,0.0,0.0,0.0,0.0,0.0,0.0,0.0,0.0,0.0,0.0,0.0,0.0,0.49949545913218985,7.855701311806258,15.938446014127148,5.4187689202825435,0.28758829465186686,0.4058,0.01198,0.0,0.0,0.0,0.0,0.0,0.0,0.0,0.0,0.0,0.0,0.014058106841612,9.46110590440486,20.34208059981256,0.182755388940956,0.0,0.0,0.0,0.0,0.0,0.0,0.0,0.0,0.0,0.0,0.0,0.0,0.0,0.0,0.0,0.0,0.4058,0.01218,0.0,0.0,0.0,0.0,0.0,0.0,0.0,0.0,0.0,0.0,0.015136226034308782,9.293642785065577,20.449041372351164,0.24217961654894052,0.0,0.0,0.0,0.0,0.0,0.0,0.0,0.0,0.0,0.0,0.0,0.0,0.0,0.0,0.0,0.0
59300,4393,2298,0.5231049396767585,1138,890,0.4616435237878443,1214,0.5526974732529023,0.4180000000000001,2.9789976133651552,3.1385717907092436,6.755281690140845,2.142372711771605,8383.114545868428,506.1587192193523,7853.0,8866.4,8866.399999999998,1.8189894035458565e-12,7853.0,0.0,27.48531755064876,20.376075510680163,32.42989130434783,18.55716719588449,0.14090598679717733,0.10266332802185295,0.08627361711814249,0.08900523560209424,0.08354199863419076,0.07853403141361257,0.06851809697245619,0.06442066924652856,0.06191668563623947,0.05508763942636012,0.0464375142271796,0.03778738902799909,0.03346232642840883,0.025039836102890962,0.012975187798770771,0.007739585704529934,0.005690871841566128,0.9127214175407093,0.023006534327327934,0.0,0.0,0.0,0.0,0.0,0.0,0.0,0.0,0.0,0.0,0.0,0.0,0.0,0.0,0.0,0.0,0.0,0.0,0.0,0.0,0.0,0.0,0.0,0.0,0.006829046209879355,0.710220805827453,7.928522649669931,15.925335761438657,5.128613703619395,0.30047803323469163,4.292794376098418,2.972226582174649,nan,nan,nan,4.3518123667377395,2.980730924330235,4.234516353514266,2.9637062303724186,0.9730466290045031,0.4055,0.01183,0.0,0.0,0.0,0.0,0.0,0.0,0.0,0.0,0.0,0.0,0.020487138629638062,9.410425677213736,20.254951058502165,0.3141361256544503,0.0,0.0,0.0,0.0,0.0,0.0,0.0,0.0,0.0,0.0,0.0,0.0,0.0,0.0,0.0,0.0,nan,nan,4.292794376098418,2.972226582174649,nan,0.4055,0.0641,0.0,0.0,0.0,0.0,0.0,0.0,0.0,0.0,0.0,0.0,0.0,0.0,0.0,0.0,0.0,0.0,0.0,0.0,0.0,0.000887776007284316,0.0,0.0,1.1381743683132256e-05,0.0019348964261324834,0.0017869337582517642,0.0001593444115638516,0.00037559754154336443,0.0003414523104939677,0.017334395629410426,0.0037559754154336445,0.01797177327566583,0.017527885272023674,0.04290917368540861,0.05071704985203733,0.026018666059640337,0.07559754154336444,0.03505577054404735,0.04025722740723879,0.059298884589119055,0.06782381060778511,0.05643068518096973,0.06784657409515138,0.0598793535169588,0.04720009105394946,0.050887776007284315,0.050159344411563854,0.020600956066469382,0.03614841793762805,0.048224447985431365,0.013180059185067152,0.018631914409287503,0.020316412474391077,0.005588436148417937,0.007443660368768495,0.01563851582062372,0.011279307989984066,0.007523332574550421,0.0014796266788071933,0.0013544274982927385,0.0,0.0,3.414523104939677e-05,0.0003869792852264967,0.0,0.0,0.0,0.0,0.0,0.0,0.0,0.0,0.0,0.0,0.0,0.0,0.0,0.0,0.0,0.0,0.0,0.0,0.0,0.0,0.0,0.0,0.0,0.0,0.0,0.0,0.0,0.0,0.0,0.0,0.0,0.0,0.0,0.0,0.0,0.0,0.0,0.0,nan,nan,4.292794376098418,2.972226582174649,nan,0.9131976566540874,0.02341840751736024,0.0,0.0,0.0,0.0,0.0,0.0,0.0,0.0,0.0,0.0,0.0,0.0,0.0,0.0,0.0,0.0,0.0,0.0,0.0,0.0,0.0,0.0,0.0,0.0,0.013054830287206269,0.7049608355091386,7.937336814621411,15.74412532637076,5.208877284595301,0.3916449086161881,0.9121990321075149,0.022534528460530463,0.0,0.0,0.0,0.0,0.0,0.0,0.0,0.0,0.0,0.0,0.0,0.0,0.0,0.0,0.0,0.0,0.0,0.0,0.0,0.0,0.0,0.0,0.0,0.0,0.0,0.7159904534606206,7.918854415274465,16.124105011933178,5.040572792362769,0.2004773269689738,0.4058,0.011856,0.0,0.0,0.0,0.0,0.0,0.0,0.0,0.0,0.0,0.0,0.026109660574412538,8.90339425587466,20.731070496083554,0.339425587467363,0.0,0.0,0.0,0.0,0.0,0.0,0.0,0.0,0.0,0.0,0.0,0.0,0.0,0.0,0.0,0.0,0.4053,0.011795,0.0,0.0,0.0,0.0,0.0,0.0,0.0,0.0,0.0,0.0,0.014319809069212415,9.966587112171824,19.732696897374705,0.28639618138424827,0.0,0.0,0.0,0.0,0.0,0.0,0.0,0.0,0.0,0.0,0.0,0.0,0.0,0.0,0.0,0.0
59400,4237,2238,0.528203917866415,1062,847,0.45055463771536464,1165,0.5499173943828181,0.4140000000000001,2.9599799899949977,3.019761361256758,6.349565217391304,2.1454653458153357,8388.281850365825,505.89323758048533,7853.0,8866.4,8866.400000000001,1.8189894035458565e-12,7853.0,0.0,28.87845173471796,21.13816224067825,33.636944444444445,19.357258804938215,0.1302808590984187,0.09464243568562662,0.09346235544016993,0.08496577767288176,0.0790653764455983,0.0759971678074109,0.06514042954920934,0.06679254189284871,0.057351899929195184,0.0531036110455511,0.049799386358272364,0.04555109747462827,0.03847061600188813,0.02761387774368657,0.01958933207458107,0.011800802454566911,0.006372433325466132,0.9126582574754327,0.02277157690947387,0.0,0.0,0.0,0.0,0.0,0.0,0.0,0.0,0.0,0.0,0.0,0.0,0.0,0.0,0.0,0.0,0.0,0.0,0.0,0.0,0.0,0.0,0.0,0.0,0.0,0.623082369601133,8.206278026905832,15.591220202973807,5.253717252773189,0.3257021477460468,4.115494978479196,2.810413780180499,nan,nan,nan,4.116245487364621,2.8366203102462086,4.1134094151212555,2.7848387039444424,0.9993110050768179,0.4058,0.01214,0.0,0.0,0.0,0.0,0.0,0.0,0.0,0.0,0.0,0.0,0.02832192589096059,9.452442766108081,20.200613641727642,0.3186216662733066,0.0,0.0,0.0,0.0,0.0,0.0,0.0,0.0,0.0,0.0,0.0,0.0,0.0,0.0,0.0,0.0,nan,nan,4.115494978479196,2.810413780180499,nan,0.4058,0.06384,0.0,0.0,0.0,0.0,0.0,0.0,0.0,0.0,0.0,0.0,0.0,0.0,0.0,0.0,0.0,0.0,0.0,0.0,0.0,0.0008024545669105499,0.0,0.0,2.360160490913382e-05,0.0017701203681850365,0.0016167099362756668,0.0002242152466367713,0.0004484304932735426,0.000519235308000944,0.016143497757847534,0.004248288883644088,0.019223507198489496,0.017854614113759736,0.041515223035166395,0.04909133821099835,0.026882227991503423,0.07561954212886476,0.033974510266698135,0.04072456927071041,0.057540712768468255,0.0677248052867595,0.05637243332546613,0.06986075053103612,0.06196601368893085,0.04615293839981119,0.05256077413264102,0.050094406419636535,0.021347651640311542,0.03478876563606325,0.04929195185272599,0.0129454802926599,0.01818503658248761,0.019435921642671702,0.006667453386830304,0.007233891904649516,0.015140429549209347,0.011564786405475572,0.006856266226103375,0.002112343639367477,0.0011446778380929904,0.0,2.360160490913382e-05,3.540240736370073e-05,0.0002478168515459051,2.360160490913382e-05,0.0,0.0,0.0,0.0,0.0,0.0,0.0,0.0,0.0,0.0,0.0,0.0,0.0,0.0,0.0,0.0,0.0,0.0,0.0,0.0,0.0,0.0,0.0,0.0,0.0,0.0,0.0,0.0,0.0,0.0,0.0,0.0,0.0,0.0,0.0,0.0,0.0,nan,nan,4.115494978479196,2.810413780180499,nan,0.9129150464558197,0.0229194494653961,0.0,0.0,0.0,0.0,0.0,0.0,0.0,0.0,0.0,0.0,0.0,0.0,0.0,0.0,0.0,0.0,0.0,0.0,0.0,0.0,0.0,0.0,0.0,0.0,0.0,0.6032171581769438,7.949061662198393,15.88471849865952,5.174262734584452,0.38873994638069714,0.9123707668610725,0.022601415691911205,0.0,0.0,0.0,0.0,0.0,0.0,0.0,0.0,0.0,0.0,0.0,0.0,0.0,0.0,0.0,0.0,0.0,0.0,0.0,0.0,0.0,0.0,0.0,0.0,0.0,0.6453226613306654,8.494247123561783,15.262631315657833,5.342671335667835,0.255127563781891,0.4058,0.012146,0.0,0.0,0.0,0.0,0.0,0.0,0.0,0.0,0.0,0.0,0.04021447721179625,9.597855227882023,20.053619302949066,0.3083109919571046,0.0,0.0,0.0,0.0,0.0,0.0,0.0,0.0,0.0,0.0,0.0,0.0,0.0,0.0,0.0,0.0,0.406,0.01213,0.0,0.0,0.0,0.0,0.0,0.0,0.0,0.0,0.0,0.0,0.015007503751875942,9.289644822411192,20.365182591295653,0.3301650825412707,0.0,0.0,0.0,0.0,0.0,0.0,0.0,0.0,0.0,0.0,0.0,0.0,0.0,0.0,0.0,0.0
59500,4337,2234,0.5151026054876643,1073,865,0.4468526631311967,1208,0.5570670970717085,0.3940000000000001,2.9719448407037565,3.1123627787232775,6.616026711185309,2.077660068013549,8375.0049804012,506.46880217336064,7853.0,8866.4,8866.400000000001,1.8189894035458565e-12,7853.0,0.0,28.108600415033433,20.845069259395316,32.86723009814613,19.14125832306328,0.13327184689877797,0.10214433940511874,0.09499654138805626,0.08392898316808854,0.07908692644685267,0.07885635231727,0.07309199907770349,0.060410421950657135,0.057182384136499884,0.05487664284067328,0.04795941895319345,0.03712243486280839,0.03643071247406041,0.026516024902005993,0.01637076320036892,0.009453539312889093,0.00830066866497579,0.9123038935419434,0.022542216625058682,0.0,0.0,0.0,0.0,0.0,0.0,0.0,0.0,0.0,0.0,0.0,0.0,0.0,0.0,0.0,0.0,0.0,0.0,0.0,0.0,0.0,0.0,0.0,0.0,0.013834447774959653,0.6848051648605028,8.044731381139037,16.054876642840675,4.938897855660596,0.2628545077242334,4.307005003573981,2.924306134713779,nan,nan,nan,4.224051539012169,2.9270383042044434,4.387142857142857,2.918679810588118,1.0386101629263804,0.4055,0.01177,0.0,0.0,0.0,0.0,0.0,0.0,0.0,0.0,0.0,0.0,0.020751671662439478,9.6979478902467,20.011528706479137,0.2697717316117132,0.0,0.0,0.0,0.0,0.0,0.0,0.0,0.0,0.0,0.0,0.0,0.0,0.0,0.0,0.0,0.0,nan,nan,4.307005003573981,2.924306134713779,nan,0.4055,0.06366,0.0,0.0,0.0,0.0,0.0,0.0,0.0,0.0,0.0,0.0,0.0,0.0,0.0,0.0,0.0,0.0,0.0,0.0,0.0,0.0009684113442471754,0.0,0.0,0.0,0.0018445930366612867,0.002190454231035278,0.0003573899008531243,6.917223887479825e-05,0.0004842056721235877,0.01547152409499654,0.003400968411344247,0.018976250864652985,0.017915609868572747,0.04280608715702098,0.04912381830758589,0.028522019829375144,0.07373760664053493,0.03460917685035739,0.04315194835139497,0.05732072861424948,0.06669356698178465,0.054300207516716624,0.0735877334563062,0.062370302052109756,0.04342863730689417,0.053343324878948585,0.04828222273460918,0.020832372607793404,0.034217200830066866,0.0484320959188379,0.014191837675812774,0.02020982245792022,0.020417339174544614,0.007827991699331335,0.00670970717085543,0.014641457228498963,0.010756283145031128,0.0060410421950657135,0.0012912151256629007,0.0011759280608715703,0.0,5.764353239566521e-05,0.0,0.00019598801014526171,0.0,0.0,4.6114825916532166e-05,0.0,0.0,0.0,0.0,0.0,0.0,0.0,0.0,0.0,0.0,0.0,0.0,0.0,0.0,0.0,0.0,0.0,0.0,0.0,0.0,0.0,0.0,0.0,0.0,0.0,0.0,0.0,0.0,0.0,0.0,0.0,0.0,0.0,0.0,0.0,nan,nan,4.307005003573981,2.924306134713779,nan,0.9122646757824248,0.022878848333527893,0.0,0.0,0.0,0.0,0.0,0.0,0.0,0.0,0.0,0.0,0.0,0.0,0.0,0.0,0.0,0.0,0.0,0.0,0.0,0.0,0.0,0.0,0.0,0.0,0.026857654431512987,0.6445837063563117,8.312444046553269,15.51029543419875,5.237242614145032,0.26857654431512984,0.9123455542527207,0.02217894351538173,0.0,0.0,0.0,0.0,0.0,0.0,0.0,0.0,0.0,0.0,0.0,0.0,0.0,0.0,0.0,0.0,0.0,0.0,0.0,0.0,0.0,0.0,0.0,0.0,0.0,0.7275320970042797,7.7603423680456505,16.633380884450787,4.621968616262483,0.2567760342368046,0.4055,0.01165,0.0,0.0,0.0,0.0,0.0,0.0,0.0,0.0,0.0,0.0,0.013428827215756493,9.81647269471798,19.928379588182636,0.2417188898836169,0.0,0.0,0.0,0.0,0.0,0.0,0.0,0.0,0.0,0.0,0.0,0.0,0.0,0.0,0.0,0.0,0.4055,0.0119,0.0,0.0,0.0,0.0,0.0,0.0,0.0,0.0,0.0,0.0,0.02853067047075607,9.572039942938645,20.09985734664765,0.29957203994293874,0.0,0.0,0.0,0.0,0.0,0.0,0.0,0.0,0.0,0.0,0.0,0.0,0.0,0.0,0.0,0.0
59600,4055,2099,0.517632552404439,984,798,0.43945745992601726,1083,0.5341553637484587,0.4340000000000001,3.014826175869121,3.1765186890769446,6.725631768953068,2.1954564293098495,8377.568828606656,506.384828923839,7853.0,8866.4,8866.4,0.0,7853.0,0.0,27.9711467324291,20.943442270729918,32.74255691768827,19.28235929034429,0.13514180024660913,0.10160295930949445,0.09839704069050555,0.0877928483353884,0.08286066584463625,0.07151664611590629,0.06609124537607891,0.06362515413070284,0.06411837237977805,0.04759556103575832,0.04414303329223181,0.04488286066584463,0.027373612823674474,0.025893958076448828,0.020715166461159062,0.0093711467324291,0.008877928483353885,0.9126270283459147,0.022674603751719164,0.0,0.0,0.0,0.0,0.0,0.0,0.0,0.0,0.0,0.0,0.0,0.0,0.0,0.0,0.0,0.0,0.0,0.0,0.0,0.0,0.0,0.0,0.0,0.0,0.0,0.5770653514180025,8.226880394574602,15.654747225647352,5.28976572133169,0.2515413070283601,4.320834943950522,2.90792254502069,nan,nan,nan,4.305426356589147,2.9625128155944145,4.336160370084811,2.85250827397199,1.0071384366959681,0.406,0.011734,0.0,0.0,0.0,0.0,0.0,0.0,0.0,0.0,0.0,0.0,0.007398273736128239,8.97410604192354,20.685573366214552,0.3329223181257707,0.0,0.0,0.0,0.0,0.0,0.0,0.0,0.0,0.0,0.0,0.0,0.0,0.0,0.0,0.0,0.0,nan,nan,4.320834943950522,2.90792254502069,nan,0.406,0.0637,0.0,0.0,0.0,0.0,0.0,0.0,0.0,0.0,0.0,0.0,0.0,0.0,0.0,0.0,0.0,0.0,0.0,0.0,1.2330456226880395e-05,0.0010850801479654747,0.0,2.466091245376079e-05,0.0,0.001935881627620222,0.0019852034525277436,0.0006411837237977805,6.165228113440197e-05,0.0002342786683107275,0.01569667077681874,0.00313193588162762,0.019605425400739826,0.017102342786683107,0.0430826140567201,0.048027127003699134,0.03035758323057953,0.07165228113440197,0.03494451294697904,0.04193588162762022,0.05649815043156597,0.066288532675709,0.05283600493218249,0.0733292231812577,0.06198520345252774,0.0433292231812577,0.054143033292231815,0.05124537607891492,0.020542540073982738,0.034229346485819975,0.04908754623921085,0.015672009864364983,0.020123304562268803,0.020345252774352653,0.008298397040690506,0.007225647348951912,0.013723797780517879,0.01092478421701603,0.0061898890258939585,0.0011097410604192356,0.001122071516646116,1.2330456226880395e-05,9.864364981504316e-05,0.0,0.00011097410604192355,0.0,0.0,1.2330456226880395e-05,0.0,0.0,0.0,0.0,0.0,0.0,0.0,0.0,0.0,0.0,0.0,0.0,0.0,0.0,0.0,0.0,0.0,0.0,0.0,0.0,0.0,0.0,0.0,0.0,0.0,0.0,0.0,0.0,0.0,0.0,0.0,0.0,0.0,0.0,0.0,nan,nan,4.320834943950522,2.90792254502069,nan,0.9121842153757286,0.022546264851661998,0.0,0.0,0.0,0.0,0.0,0.0,0.0,0.0,0.0,0.0,0.0,0.0,0.0,0.0,0.0,0.0,0.0,0.0,0.0,0.0,0.0,0.0,0.0,0.0,0.0,0.5574082896617438,8.63268222963316,15.335874225821824,5.216769890424012,0.2572653644592664,0.9131022146569683,0.02280195874718813,0.0,0.0,0.0,0.0,0.0,0.0,0.0,0.0,0.0,0.0,0.0,0.0,0.0,0.0,0.0,0.0,0.0,0.0,0.0,0.0,0.0,0.0,0.0,0.0,0.0,0.5981595092024541,7.791411042944787,15.996932515337427,5.368098159509203,0.24539877300613502,0.4055,0.01168,0.0,0.0,0.0,0.0,0.0,0.0,0.0,0.0,0.0,0.0,0.0,9.175797999047152,20.552644116245833,0.27155788470700337,0.0,0.0,0.0,0.0,0.0,0.0,0.0,0.0,0.0,0.0,0.0,0.0,0.0,0.0,0.0,0.0,0.4065,0.01178,0.0,0.0,0.0,0.0,0.0,0.0,0.0,0.0,0.0,0.0,0.015337423312883439,8.757668711656429,20.82822085889571,0.39877300613496947,0.0,0.0,0.0,0.0,0.0,0.0,0.0,0.0,0.0,0.0,0.0,0.0,0.0,0.0,0.0,0.0
59700,4382,2298,0.5244180739388408,1065,898,0.44796896394340485,1247,0.569146508443633,0.4180000000000001,3.019193857965451,3.099534997450897,6.570940170940171,2.1929592007717664,8384.445276129622,506.0954073188855,7853.0,8866.4,8866.399999999998,1.8189894035458565e-12,7853.0,0.0,28.25513464171611,20.9009354036216,33.111111111111114,19.121764698745686,0.13669557279780922,0.10109539023277042,0.08991328160657235,0.08649018712916476,0.07804655408489275,0.06983112733911456,0.0737106344135098,0.06640803286170699,0.057051574623459604,0.054997717937015064,0.04860794157918759,0.04381560931081698,0.030807850296668188,0.02624372432679142,0.020538566864445457,0.008443633044272023,0.00730260155180283,0.9125566682767672,0.022983891986258775,0.0,0.0,0.0,0.0,0.0,0.0,0.0,0.0,0.0,0.0,0.0,0.0,0.0,0.0,0.0,0.0,0.0,0.0,0.0,0.0,0.0,0.0,0.0,0.0,0.02053856686444546,0.753080785029667,7.7704244637152,15.924235508900049,5.251026928343223,0.28069374714742135,4.280183034142907,2.8729383624614586,nan,nan,nan,4.358303886925795,2.881075075320241,4.202664796633941,2.8627351197586504,0.964289068791475,0.4062,0.01169,0.0,0.0,0.0,0.0,0.0,0.0,0.0,0.0,0.0,0.0,0.0,8.93427658603376,20.812414422638067,0.2533089913281607,0.0,0.0,0.0,0.0,0.0,0.0,0.0,0.0,0.0,0.0,0.0,0.0,0.0,0.0,0.0,0.0,nan,nan,4.280183034142907,2.8729383624614586,nan,0.4062,0.06396,0.0,0.0,0.0,0.0,0.0,0.0,0.0,0.0,0.0,0.0,0.0,0.0,0.0,0.0,0.0,0.0,0.0,0.0,7.987220447284345e-05,0.0009926973984481972,0.0,3.423094477407576e-05,0.0,0.001996805111821086,0.0015403925148334094,0.0010383386581469649,0.0001026928343222273,0.0002510269283432223,0.015540848927430398,0.0030351437699680513,0.021508443633044272,0.016362391602008215,0.04104290278411684,0.048790506617982655,0.031503879507074395,0.06787996348699224,0.036889548151528985,0.041716111364673666,0.05641259698767686,0.06732085805568233,0.05398219990871748,0.06947740757644912,0.06337288909173894,0.041077133728890915,0.05534002738475582,0.051768598813327245,0.022056138749429483,0.03466453674121406,0.04786627110908261,0.015654952076677317,0.019682793245093564,0.020675490643541763,0.007975810132359653,0.007382473756275673,0.014365586490187128,0.012094933820173437,0.005773619351894113,0.001163852122318576,0.0013920584208124145,4.5641259698767684e-05,0.0001026928343222273,0.0,4.5641259698767684e-05,0.0,0.0,0.0,0.0,0.0,0.0,0.0,0.0,0.0,0.0,0.0,0.0,0.0,0.0,0.0,0.0,0.0,0.0,0.0,0.0,0.0,0.0,0.0,0.0,0.0,0.0,0.0,0.0,0.0,0.0,0.0,0.0,0.0,0.0,0.0,0.0,0.0,0.0,nan,nan,4.280183034142907,2.8729383624614586,nan,0.9125067718242749,0.02259075421961105,0.0,0.0,0.0,0.0,0.0,0.0,0.0,0.0,0.0,0.0,0.0,0.0,0.0,0.0,0.0,0.0,0.0,0.0,0.0,0.0,0.0,0.0,0.0,0.0,0.013054830287206269,0.7441253263707573,7.793733681462142,16.16187989556136,5.026109660574413,0.26109660574412535,0.9126116884532679,0.023409623879713914,0.0,0.0,0.0,0.0,0.0,0.0,0.0,0.0,0.0,0.0,0.0,0.0,0.0,0.0,0.0,0.0,0.0,0.0,0.0,0.0,0.0,0.0,0.0,0.0,0.02879078694817659,0.7629558541266797,7.744721689059503,15.662188099808064,5.499040307101728,0.3023032629558542,0.4065,0.011505,0.0,0.0,0.0,0.0,0.0,0.0,0.0,0.0,0.0,0.0,0.0,8.459530026109649,21.279373368146217,0.26109660574412535,0.0,0.0,0.0,0.0,0.0,0.0,0.0,0.0,0.0,0.0,0.0,0.0,0.0,0.0,0.0,0.0,0.406,0.01189,0.0,0.0,0.0,0.0,0.0,0.0,0.0,0.0,0.0,0.0,0.0,9.457773512475994,20.297504798464495,0.244721689059501,0.0,0.0,0.0,0.0,0.0,0.0,0.0,0.0,0.0,0.0,0.0,0.0,0.0,0.0,0.0,0.0
59800,4288,2249,0.5244869402985075,1037,854,0.4409981343283582,1202,0.5606343283582089,0.4180000000000001,3.1441883276115745,3.1818829215998976,6.759472817133443,2.1007894614376403,8384.515065298507,506.0919901897585,7853.0,8866.4,8866.400000000001,1.8189894035458565e-12,7853.0,0.0,28.252798507462686,21.055806968476155,33.11187845303867,19.314235505359694,0.13852611940298507,0.0960820895522388,0.09888059701492537,0.08465485074626866,0.07532649253731344,0.07299440298507463,0.06996268656716417,0.06319962686567164,0.06273320895522388,0.05037313432835821,0.041044776119402986,0.04734141791044776,0.03451492537313433,0.029617537313432835,0.017723880597014924,0.010261194029850746,0.006763059701492537,0.9124674076881649,0.022941422176334166,0.0,0.0,0.0,0.0,0.0,0.0,0.0,0.0,0.0,0.0,0.0,0.0,0.0,0.0,0.0,0.0,0.0,0.0,0.0,0.0,0.0,0.0,0.0,0.0,0.00699626865671642,0.6436567164179106,8.192630597014928,15.818563432835825,5.065298507462687,0.27285447761194037,4.427898550724637,2.949923347787869,nan,nan,nan,4.4914772727272725,2.975742092232368,4.361686390532545,2.9213222662530587,0.9711028522880808,0.4055,0.01191,0.0,0.0,0.0,0.0,0.0,0.0,0.0,0.0,0.0,0.0,0.00699626865671642,9.752798507462673,19.932369402985078,0.3078358208955224,0.0,0.0,0.0,0.0,0.0,0.0,0.0,0.0,0.0,0.0,0.0,0.0,0.0,0.0,0.0,0.0,nan,nan,4.427898550724637,2.949923347787869,nan,0.4055,0.0634,0.0,0.0,0.0,0.0,0.0,0.0,0.0,0.0,0.0,0.0,0.0,0.0,0.0,0.0,0.0,0.0,0.0,0.0,9.328358208955224e-05,0.0008978544776119402,0.0,0.0,0.0,0.0018773320895522389,0.0013059701492537314,0.001177705223880597,3.498134328358209e-05,0.00015158582089552238,0.016044776119402984,0.003113339552238806,0.019251399253731344,0.015893190298507463,0.04047341417910448,0.05047807835820896,0.031821361940298505,0.07080223880597016,0.03997201492537313,0.03941231343283582,0.05729944029850746,0.07132695895522388,0.056168376865671645,0.06669776119402986,0.06553171641791045,0.04111473880597015,0.0501865671641791,0.04979011194029851,0.022819496268656717,0.03446828358208955,0.048554104477611944,0.015088619402985075,0.02019589552238806,0.01947294776119403,0.007241138059701492,0.008372201492537314,0.013794309701492537,0.010645988805970149,0.00558535447761194,0.000769589552238806,0.0017607276119402985,2.332089552238806e-05,0.0002332089552238806,0.0,5.830223880597015e-05,0.0,0.0,0.0,0.0,0.0,0.0,0.0,0.0,0.0,0.0,0.0,0.0,0.0,0.0,0.0,0.0,0.0,0.0,0.0,0.0,0.0,0.0,0.0,0.0,0.0,0.0,0.0,0.0,0.0,0.0,0.0,0.0,0.0,0.0,0.0,0.0,0.0,0.0,nan,nan,4.427898550724637,2.949923347787869,nan,0.9127908336315859,0.022879395946897925,0.0,0.0,0.0,0.0,0.0,0.0,0.0,0.0,0.0,0.0,0.0,0.0,0.0,0.0,0.0,0.0,0.0,0.0,0.0,0.0,0.0,0.0,0.0,0.0,0.0,0.626945309026234,8.043574922187641,16.00711427301023,5.015562472209872,0.3068030235660294,0.9121106715691095,0.023004369530938432,0.0,0.0,0.0,0.0,0.0,0.0,0.0,0.0,0.0,0.0,0.0,0.0,0.0,0.0,0.0,0.0,0.0,0.0,0.0,0.0,0.0,0.0,0.0,0.0,0.01471309465424228,0.6620892594409025,8.357037763609615,15.610593428151057,5.1201569396763125,0.23540951446787647,0.4058,0.01172,0.0,0.0,0.0,0.0,0.0,0.0,0.0,0.0,0.0,0.0,0.013339261894175192,9.510893730546897,20.24899955535794,0.22676745220097827,0.0,0.0,0.0,0.0,0.0,0.0,0.0,0.0,0.0,0.0,0.0,0.0,0.0,0.0,0.0,0.0,0.4055,0.012115,0.0,0.0,0.0,0.0,0.0,0.0,0.0,0.0,0.0,0.0,0.0,10.019617459538976,19.583128984796474,0.39725355566454157,0.0,0.0,0.0,0.0,0.0,0.0,0.0,0.0,0.0,0.0,0.0,0.0,0.0,0.0,0.0,0.0
59900,4401,2326,0.5285162463076574,1103,866,0.4473983185639627,1189,0.5403317427857305,0.4100000000000001,2.9927710843373494,3.1007882065395065,6.609507640067911,2.1725978117542653,8388.598364008181,505.875255925461,7853.0,8866.4,8866.4,0.0,7853.0,0.0,28.06998409452397,20.87469483725961,32.8697524219591,19.169861078827537,0.13474210406725745,0.10134060440808908,0.09452397182458531,0.08611679163826404,0.0786184957964099,0.07975460122699386,0.0681663258350375,0.06634855714610316,0.05839581913201545,0.05271529197909566,0.04226312201772325,0.03726425812315383,0.036582594864803454,0.02772097250624858,0.01658713928652579,0.012497159736423541,0.006362190411270166,0.9128603060471419,0.02233201181620468,0.0,0.0,0.0,0.0,0.0,0.0,0.0,0.0,0.0,0.0,0.0,0.0,0.0,0.0,0.0,0.0,0.0,0.0,0.0,0.0,0.0,0.0,0.0,0.0,0.006816632583503751,0.5385139740967962,7.955010224948877,16.182685753237905,5.098841172460805,0.21813224267212003,4.235169491525424,2.8816937011229755,nan,nan,nan,4.2145402708481825,2.9168108833947675,4.254201680672269,2.847270646249558,1.0094106135604928,0.4053,0.01169,0.0,0.0,0.0,0.0,0.0,0.0,0.0,0.0,0.0,0.0,0.006816632583503751,9.822767552828887,19.931833674164967,0.23858214042263126,0.0,0.0,0.0,0.0,0.0,0.0,0.0,0.0,0.0,0.0,0.0,0.0,0.0,0.0,0.0,0.0,nan,nan,4.235169491525424,2.8816937011229755,nan,0.4053,0.0636,0.0,0.0,0.0,0.0,0.0,0.0,0.0,0.0,0.0,0.0,0.0,0.0,0.0,0.0,0.0,0.0,0.0,0.0,0.0001249715973642354,0.000761190638491252,0.0,1.1361054305839582e-05,0.0,0.0019768234492160875,0.0010224948875255625,0.0012610770279481937,1.1361054305839582e-05,0.000352192683481027,0.015610088616223585,0.0035219268348102703,0.02067711883662804,0.0168484435355601,0.039013860486253125,0.04915928198136787,0.03308339013860486,0.07789138832083617,0.03944558054987503,0.03808225403317428,0.05735060213587821,0.06901840490797546,0.0537605089752329,0.06785957736877982,0.06255396500795274,0.04393319700068166,0.048182231311065665,0.04704612588048171,0.022369915928198137,0.036662122244944334,0.05173824130879345,0.015576005453306067,0.02071120199954556,0.017836855260168143,0.006328107248352647,0.007464212678936605,0.012031356509884118,0.011031583730970233,0.006600772551692797,0.0007384685298795728,0.002010906612133606,0.0,0.0003181095205635083,0.0,2.2722108611679163e-05,0.0,0.0,0.0,0.0,0.0,0.0,0.0,0.0,0.0,0.0,0.0,0.0,0.0,0.0,0.0,0.0,0.0,0.0,0.0,0.0,0.0,0.0,0.0,0.0,0.0,0.0,0.0,0.0,0.0,0.0,0.0,0.0,0.0,0.0,0.0,0.0,0.0,0.0,nan,nan,4.235169491525424,2.8816937011229755,nan,0.9129978812468637,0.022354007228148225,0.0,0.0,0.0,0.0,0.0,0.0,0.0,0.0,0.0,0.0,0.0,0.0,0.0,0.0,0.0,0.0,0.0,0.0,0.0,0.0,0.0,0.0,0.0,0.0,0.0,0.5546001719690457,7.932072226999142,15.889939810834052,5.39122957867584,0.2321582115219261,0.9127060892208513,0.02230632132990406,0.0,0.0,0.0,0.0,0.0,0.0,0.0,0.0,0.0,0.0,0.0,0.0,0.0,0.0,0.0,0.0,0.0,0.0,0.0,0.0,0.0,0.0,0.0,0.0,0.014457831325301209,0.5204819277108435,7.980722891566267,16.51084337349398,4.771084337349398,0.20240963855421693,0.4053,0.01192,0.0,0.0,0.0,0.0,0.0,0.0,0.0,0.0,0.0,0.0,0.0,9.828030954428188,19.87532244196045,0.29664660361135,0.0,0.0,0.0,0.0,0.0,0.0,0.0,0.0,0.0,0.0,0.0,0.0,0.0,0.0,0.0,0.0,0.405,0.01141,0.0,0.0,0.0,0.0,0.0,0.0,0.0,0.0,0.0,0.0,0.014457831325301209,9.816867469879504,19.99518072289157,0.17349397590361448,0.0,0.0,0.0,0.0,0.0,0.0,0.0,0.0,0.0,0.0,0.0,0.0,0.0,0.0,0.0,0.0
60000,4334,2323,0.5359944623904015,1145,792,0.446931241347485,1134,0.5233041070604523,0.4180000000000001,3.036797613127797,3.0856557641919924,6.48841059602649,2.067935142102069,8396.176788186434,505.3853321215426,7853.0,8866.4,8866.4,0.0,7853.0,0.0,28.79395477618828,21.061696576267888,33.60822216172066,19.25874679166568,0.13382556529764653,0.09552376557452699,0.09160129210890632,0.08329487771112136,0.08098754037840332,0.0689893862482695,0.07152745731425934,0.06460544531610521,0.05676049838486387,0.05676049838486387,0.0532994923857868,0.045916012921089065,0.03507152745731426,0.025149976926626672,0.01707429626211352,0.01222888786340563,0.007383479464697739,0.9134697946305093,0.022649234266631842,0.0,0.0,0.0,0.0,0.0,0.0,0.0,0.0,0.0,0.0,0.0,0.0,0.0,0.0,0.0,0.0,0.0,0.0,0.0,0.0,0.0,0.0,0.0,0.0,0.013844023996308264,0.5122288878634057,7.842639593908631,15.89986155976004,5.46146746654361,0.26995846792801115,4.124381625441696,2.8855811687105852,nan,nan,nan,4.182788051209104,2.9333544984682103,4.066713483146067,2.836442994619902,0.9722494741206207,0.4043,0.01171,0.0,0.0,0.0,0.0,0.0,0.0,0.0,0.0,0.0,0.0,0.020766035994462393,10.611444393170267,19.21550530687587,0.15228426395939088,0.0,0.0,0.0,0.0,0.0,0.0,0.0,0.0,0.0,0.0,0.0,0.0,0.0,0.0,0.0,0.0,nan,nan,4.124381625441696,2.8855811687105852,nan,0.4043,0.06366,0.0,0.0,0.0,0.0,0.0,0.0,0.0,0.0,0.0,0.0,0.0,0.0,0.0,0.0,0.0,0.0,0.0,0.0,8.075680664513152e-05,0.000957544993077988,0.0,0.0,0.0,0.0017997231195200738,0.0008537148131056761,0.0007844946931241347,2.3073373327180433e-05,0.00018458698661744346,0.01648592524227042,0.0033802491924319333,0.021977388094139363,0.01805491462851869,0.0403322565759114,0.05155745269958468,0.03554453161052146,0.07843793262574988,0.03973234886940471,0.03867097369635441,0.05592985694508537,0.06808952468850946,0.0514190124596216,0.06380941393631749,0.0641439778495616,0.0445777572681126,0.047185048454083986,0.047231195200738346,0.022715736040609138,0.03530226119058606,0.05137286571296724,0.014755422242731887,0.02231195200738348,0.01763959390862944,0.006114443931702815,0.007360406091370559,0.010879095523765574,0.011202122750346101,0.006056760498384864,0.0008998615597600369,0.001961236732810337,0.0,0.00017305029995385326,0.0,0.0,1.1536686663590216e-05,0.0,0.0,0.0,0.0,0.0,0.0,0.0,0.0,0.0,0.0,0.0,0.0,0.0,0.0,0.0,0.0,0.0,0.0,0.0,0.0,0.0,0.0,0.0,0.0,0.0,0.0,0.0,0.0,0.0,0.0,0.0,0.0,0.0,0.0,0.0,0.0,0.0,nan,nan,4.124381625441696,2.8855811687105852,nan,0.9134788182958979,0.02276201499434214,0.0,0.0,0.0,0.0,0.0,0.0,0.0,0.0,0.0,0.0,0.0,0.0,0.0,0.0,0.0,0.0,0.0,0.0,0.0,0.0,0.0,0.0,0.0,0.0,0.025828669823504097,0.5811450710288422,7.580714593198452,16.194575979337067,5.372363323288853,0.2453723633232889,0.913459370973275,0.02251824838867605,0.0,0.0,0.0,0.0,0.0,0.0,0.0,0.0,0.0,0.0,0.0,0.0,0.0,0.0,0.0,0.0,0.0,0.0,0.0,0.0,0.0,0.0,0.0,0.0,0.0,0.43262058677275,8.14520139234212,15.559423172550973,5.564395822973646,0.2983590253605172,0.4043,0.01167,0.0,0.0,0.0,0.0,0.0,0.0,0.0,0.0,0.0,0.0,0.012914334911752048,10.628497632371918,19.203616013775292,0.15497201894102455,0.0,0.0,0.0,0.0,0.0,0.0,0.0,0.0,0.0,0.0,0.0,0.0,0.0,0.0,0.0,0.0,0.404,0.01176,0.0,0.0,0.0,0.0,0.0,0.0,0.0,0.0,0.0,0.0,0.02983590253605172,10.591745400298345,19.229239184485333,0.1491795126802586,0.0,0.0,0.0,0.0,0.0,0.0,0.0,0.0,0.0,0.0,0.0,0.0,0.0,0.0,0.0,0.0
60100,4263,2202,0.5165376495425756,1050,861,0.4482758620689655,1191,0.5587614356087263,0.4020000000000001,2.981077147016012,3.160148966259933,6.735915492957746,2.2393674141135866,8376.459254046445,506.4227654873016,7853.0,8866.4,8866.399999999998,1.8189894035458565e-12,7853.0,0.0,27.814215341308937,20.74752928689938,32.79171332586786,18.98025315211812,0.13933849401829698,0.09711470795214637,0.0964109781843772,0.08491672531081398,0.0842129955430448,0.0781140042223786,0.0752990851513019,0.061224489795918366,0.05489092188599578,0.047619047619047616,0.04152005629838142,0.045038705137227304,0.03729767769176636,0.0241613886934084,0.015716631480178277,0.010321369927281257,0.006802721088435374,0.9142164684868799,0.023044287218395184,0.0,0.0,0.0,0.0,0.0,0.0,0.0,0.0,0.0,0.0,0.0,0.0,0.0,0.0,0.0,0.0,0.0,0.0,0.0,0.0,0.0,0.0,0.0,0.0,0.007037297677691768,0.45742434904996493,7.748064743138636,15.707248416608026,5.69317382125264,0.38705137227304726,4.200580340950308,2.960388902846247,nan,nan,nan,4.138056975894814,2.9429574764549304,4.265320836337419,2.9750660455947737,1.030754496901311,0.4036,0.01204,0.0,0.0,0.0,0.0,0.0,0.0,0.0,0.0,0.0,0.0,0.035186488388458836,11.069669247009132,18.740323715693176,0.1548205489092189,0.0,0.0,0.0,0.0,0.0,0.0,0.0,0.0,0.0,0.0,0.0,0.0,0.0,0.0,0.0,0.0,nan,nan,4.200580340950308,2.960388902846247,nan,0.4036,0.0638,0.0,0.0,0.0,0.0,0.0,0.0,0.0,0.0,0.0,0.0,0.0,0.0,0.0,0.0,0.0,0.0,0.0,4.691531785127844e-05,0.0,0.0006802721088435374,0.0,0.0,0.0,0.0019117992024395966,0.0013488153882242552,0.0008679333802486512,0.0,0.00036359371334740794,0.017945109078114006,0.0033661740558292284,0.023035421064977715,0.016127140511376963,0.041074360778794276,0.05215810462115881,0.03808350926577528,0.08077644851043866,0.03617171006333568,0.03891625615763547,0.05308468214872156,0.06707717569786535,0.05242786769880366,0.06280788177339902,0.06554069903823598,0.045683790757682384,0.04860426929392447,0.04958949096880132,0.020537180389397138,0.035456251466103685,0.04733755571193995,0.01476659629368989,0.021018062397372743,0.017663617171006334,0.006650246305418719,0.00632183908045977,0.011986863711001642,0.011869575416373446,0.005969974196575182,0.0008092892329345531,0.0017593244194229415,0.0,0.00016420361247947455,0.0,0.0,0.0,0.0,0.0,0.0,0.0,0.0,0.0,0.0,0.0,0.0,0.0,0.0,0.0,0.0,0.0,0.0,0.0,0.0,0.0,0.0,0.0,0.0,0.0,0.0,0.0,0.0,0.0,0.0,0.0,0.0,0.0,0.0,0.0,0.0,0.0,0.0,0.0,0.0,nan,nan,4.200580340950308,2.960388902846247,nan,0.9141672523480778,0.023078420206737702,0.0,0.0,0.0,0.0,0.0,0.0,0.0,0.0,0.0,0.0,0.0,0.0,0.0,0.0,0.0,0.0,0.0,0.0,0.0,0.0,0.0,0.0,0.0,0.0,0.01362397820163488,0.5177111716621254,7.806539509536786,15.722070844686652,5.544959128065396,0.39509536784741156,0.9142690516686567,0.0230076467948231,0.0,0.0,0.0,0.0,0.0,0.0,0.0,0.0,0.0,0.0,0.0,0.0,0.0,0.0,0.0,0.0,0.0,0.0,0.0,0.0,0.0,0.0,0.0,0.0,0.0,0.3930131004366813,7.685589519650657,15.691411935953424,5.851528384279477,0.3784570596797672,0.4036,0.01226,0.0,0.0,0.0,0.0,0.0,0.0,0.0,0.0,0.0,0.0,0.04087193460490464,11.348773841961837,18.40599455040872,0.2043596730245232,0.0,0.0,0.0,0.0,0.0,0.0,0.0,0.0,0.0,0.0,0.0,0.0,0.0,0.0,0.0,0.0,0.4038,0.0118,0.0,0.0,0.0,0.0,0.0,0.0,0.0,0.0,0.0,0.0,0.029112081513828245,10.771470160116433,19.09752547307133,0.10189228529839886,0.0,0.0,0.0,0.0,0.0,0.0,0.0,0.0,0.0,0.0,0.0,0.0,0.0,0.0,0.0,0.0
60200,4265,2175,0.5099648300117233,1013,922,0.4536928487690504,1246,0.5842907385697538,0.3940000000000001,2.931578947368421,3.0156859288987214,6.388513513513513,2.0781366279462907,8369.79835873388,506.5993615776491,7853.0,8866.4,8866.4,0.0,7853.0,0.0,28.077373974208676,20.94510475107844,33.08778305842885,19.152905299575213,0.1395076201641266,0.10058616647127784,0.08347010550996482,0.09355216881594373,0.08276670574443142,0.07502930832356389,0.06611957796014067,0.06283704572098477,0.06400937866354045,0.048300117233294255,0.048300117233294255,0.041031652989449004,0.029542790152403284,0.0264947245017585,0.01875732708089097,0.012661195779601406,0.007033997655334115,0.9153266591176059,0.023231976093497184,0.0,0.0,0.0,0.0,0.0,0.0,0.0,0.0,0.0,0.0,0.0,0.0,0.0,0.0,0.0,0.0,0.0,0.0,0.0,0.0,0.0,0.0,0.0,0.0,0.007033997655334116,0.5134818288393905,7.209847596717469,15.587338804220401,6.281359906213367,0.40093786635404466,4.293314162473041,2.8643333143197434,nan,nan,nan,4.367774566473988,2.8775344126527025,4.222619899785254,2.8480694853264237,0.9667669050955818,0.403,0.01195,0.0,0.0,0.0,0.0,0.0,0.0,0.0,0.0,0.0,0.0,0.028135990621336465,12.021101992965985,17.810082063305984,0.14067995310668233,0.0,0.0,0.0,0.0,0.0,0.0,0.0,0.0,0.0,0.0,0.0,0.0,0.0,0.0,0.0,0.0,nan,nan,4.293314162473041,2.8643333143197434,nan,0.403,0.06366,0.0,0.0,0.0,0.0,0.0,0.0,0.0,0.0,0.0,0.0,0.0,0.0,0.0,0.0,0.0,0.0,0.0,2.3446658851113717e-05,0.0,0.0010433763188745604,0.0,0.0,3.516998827667058e-05,0.0017702227432590857,0.0009378663540445487,0.0012661195779601407,4.6893317702227434e-05,0.00035169988276670573,0.01735052754982415,0.003728018757327081,0.023704572098475967,0.016846424384525206,0.03901524032825322,0.05373974208675264,0.04010550996483001,0.07511137162954279,0.03862837045720985,0.03984759671746776,0.05765533411488863,0.06875732708089097,0.051875732708089095,0.06186400937866354,0.06563892145369285,0.0475263774912075,0.04801875732708089,0.04611957796014068,0.021289566236811254,0.035240328253223915,0.04305978898007034,0.014372801875732708,0.02141852286049238,0.01806565064478312,0.006447831184056272,0.0067643610785463075,0.012590855803048065,0.011301289566236812,0.006389214536928488,0.0005275498241500586,0.0011606096131301289,2.3446658851113717e-05,0.00033997655334114886,0.0,0.0,0.0,0.0,0.0,0.0,0.0,0.0,0.0,0.0,0.0,0.0,0.0,0.0,0.0,0.0,0.0,0.0,0.0,0.0,0.0,0.0,0.0,0.0,0.0,0.0,0.0,0.0,0.0,0.0,0.0,0.0,0.0,0.0,0.0,0.0,0.0,0.0,0.0,0.0,nan,nan,4.293314162473041,2.8643333143197434,nan,0.9152348915735881,0.02289738131584844,0.0,0.0,0.0,0.0,0.0,0.0,0.0,0.0,0.0,0.0,0.0,0.0,0.0,0.0,0.0,0.0,0.0,0.0,0.0,0.0,0.0,0.0,0.0,0.0,0.0,0.4689655172413794,6.9379310344827605,16.055172413793105,6.151724137931036,0.38620689655172424,0.9154221588344665,0.023574757602189887,0.0,0.0,0.0,0.0,0.0,0.0,0.0,0.0,0.0,0.0,0.0,0.0,0.0,0.0,0.0,0.0,0.0,0.0,0.0,0.0,0.0,0.0,0.0,0.0,0.014354066985645937,0.5598086124401915,7.492822966507179,15.100478468899524,6.416267942583734,0.4162679425837322,0.4033,0.01171,0.0,0.0,0.0,0.0,0.0,0.0,0.0,0.0,0.0,0.0,0.04137931034482759,11.917241379310328,17.903448275862072,0.13793103448275865,0.0,0.0,0.0,0.0,0.0,0.0,0.0,0.0,0.0,0.0,0.0,0.0,0.0,0.0,0.0,0.0,0.4028,0.01218,0.0,0.0,0.0,0.0,0.0,0.0,0.0,0.0,0.0,0.0,0.014354066985645937,12.129186602870796,17.712918660287084,0.14354066985645936,0.0,0.0,0.0,0.0,0.0,0.0,0.0,0.0,0.0,0.0,0.0,0.0,0.0,0.0,0.0,0.0
60300,4186,2170,0.5183946488294314,1045,851,0.4529383659818442,1211,0.5785953177257525,0.4100000000000001,2.956845238095238,3.0333174332159714,6.3367174280879865,2.0763731035945296,8378.341137123745,506.3569867264927,7853.0,8866.4,8866.4,0.0,7853.0,0.0,28.57955088389871,20.951494555698257,33.34197183098591,19.177369631183456,0.1340181557572862,0.09746774964166269,0.08719541328236981,0.08504538939321549,0.08862876254180602,0.07190635451505016,0.06593406593406594,0.06832298136645963,0.05661729574773053,0.05518394648829431,0.0482560917343526,0.041328236980410896,0.040372670807453416,0.022694696607740088,0.017200191113234592,0.012900143334925944,0.00692785475394171,0.9142030493329144,0.02277243063168655,0.0,0.0,0.0,0.0,0.0,0.0,0.0,0.0,0.0,0.0,0.0,0.0,0.0,0.0,0.0,0.0,0.0,0.0,0.0,0.0,0.0,0.0,0.0,0.0,0.0,0.5876731963688486,7.2885809842331595,16.189679885332062,5.5685618729097,0.3655040611562351,4.217124277456647,2.8790972506629173,nan,nan,nan,4.292753623188406,2.8546589857294187,4.14193083573487,2.901236895290322,0.9648657247322958,0.4036,0.011894,0.0,0.0,0.0,0.0,0.0,0.0,0.0,0.0,0.0,0.0,0.014333492594362163,11.610129001433332,18.23220258002867,0.14333492594362163,0.0,0.0,0.0,0.0,0.0,0.0,0.0,0.0,0.0,0.0,0.0,0.0,0.0,0.0,0.0,0.0,nan,nan,4.217124277456647,2.8790972506629173,nan,0.4036,0.0639,0.0,0.0,0.0,0.0,0.0,0.0,0.0,0.0,0.0,0.0,0.0,0.0,0.0,0.0,0.0,0.0,0.0,2.388915432393693e-05,0.0,0.001767797419971333,0.0,0.0,7.16674629718108e-05,0.0019589106545628283,0.0007883420926899188,0.001098901098901099,0.00010750119445771619,0.00043000477783086477,0.016161012900143334,0.002711419015766842,0.023805542283803154,0.016710463449593885,0.03970377448638318,0.05372670807453416,0.03904682274247492,0.07038939321548017,0.040563784042044915,0.04053989488772097,0.060606784519828,0.0685977066411849,0.053870043000477784,0.05879120879120879,0.06347348303870043,0.049808886765408504,0.04629718107978978,0.04617773530817009,0.020831342570473005,0.03872431915910177,0.04155518394648829,0.012995699952221692,0.023829431438127092,0.019684663162924033,0.006020066889632107,0.00723841376015289,0.01190874343048256,0.012087912087912088,0.006103678929765886,0.0004180602006688963,0.0009675107501194458,3.58337314859054e-05,0.00034639273769708555,0.0,0.0,0.0,2.388915432393693e-05,0.0,0.0,0.0,0.0,0.0,0.0,0.0,0.0,0.0,0.0,0.0,0.0,0.0,0.0,0.0,0.0,0.0,0.0,0.0,0.0,0.0,0.0,0.0,0.0,0.0,0.0,0.0,0.0,0.0,0.0,0.0,0.0,0.0,0.0,0.0,0.0,nan,nan,4.217124277456647,2.8790972506629173,nan,0.9146338139536194,0.022294219285068438,0.0,0.0,0.0,0.0,0.0,0.0,0.0,0.0,0.0,0.0,0.0,0.0,0.0,0.0,0.0,0.0,0.0,0.0,0.0,0.0,0.0,0.0,0.0,0.0,0.0,0.5115207373271891,7.092165898617513,16.230414746543783,5.875576036866361,0.29032258064516137,0.9137393790814612,0.02326728483525396,0.0,0.0,0.0,0.0,0.0,0.0,0.0,0.0,0.0,0.0,0.0,0.0,0.0,0.0,0.0,0.0,0.0,0.0,0.0,0.0,0.0,0.0,0.0,0.0,0.0,0.6696428571428572,7.500000000000002,16.145833333333336,5.238095238095239,0.44642857142857156,0.4038,0.011986,0.0,0.0,0.0,0.0,0.0,0.0,0.0,0.0,0.0,0.0,0.01382488479262673,11.350230414746527,18.442396313364057,0.19354838709677424,0.0,0.0,0.0,0.0,0.0,0.0,0.0,0.0,0.0,0.0,0.0,0.0,0.0,0.0,0.0,0.0,0.4033,0.01179,0.0,0.0,0.0,0.0,0.0,0.0,0.0,0.0,0.0,0.0,0.014880952380952385,11.889880952380935,18.005952380952383,0.0892857142857143,0.0,0.0,0.0,0.0,0.0,0.0,0.0,0.0,0.0,0.0,0.0,0.0,0.0,0.0,0.0,0.0
60400,4087,2150,0.5260582334230487,980,808,0.43748470760949354,1114,0.5451431367751407,0.4180000000000001,3.022715539494063,3.1297035241087814,6.668498168498169,2.128215373242349,8386.107413750917,506.01140155038763,7853.0,8866.4,8866.4,0.0,7853.0,0.0,28.32224125275263,21.310953589862066,33.3290623179965,19.571532697564038,0.14117934915586006,0.09958404697822364,0.09469048201614877,0.08270124785906532,0.0758502569121605,0.07609493516026425,0.0685099094690482,0.06068020552972841,0.06068020552972841,0.04991436261316369,0.045020797651088816,0.03719109371176903,0.037435771959872764,0.031074137509175433,0.01786151211157328,0.013946660141913383,0.007585025691216051,0.9140268815505875,0.022676229984966035,0.0,0.0,0.0,0.0,0.0,0.0,0.0,0.0,0.0,0.0,0.0,0.0,0.0,0.0,0.0,0.0,0.0,0.0,0.0,0.0,0.0,0.0,0.0,0.0,0.007340347443112309,0.5578664056765354,7.457793002202106,15.935894298996823,5.762172742843162,0.2789332028382677,4.3385376999238385,2.9500822909745406,nan,nan,nan,4.276691729323308,2.9349049815682027,4.403088803088803,2.965123871150174,1.0295548713270233,0.4033,0.01183,0.0,0.0,0.0,0.0,0.0,0.0,0.0,0.0,0.0,0.0,0.014680694886224617,11.906043552728145,17.939809150966482,0.13946660141913386,0.0,0.0,0.0,0.0,0.0,0.0,0.0,0.0,0.0,0.0,0.0,0.0,0.0,0.0,0.0,0.0,nan,nan,4.3385376999238385,2.9500822909745406,nan,0.4033,0.06415,0.0,0.0,0.0,0.0,0.0,0.0,0.0,0.0,0.0,0.0,0.0,0.0,0.0,0.0,0.0,0.0,0.0,0.0,0.0,0.0018840225103988256,2.4467824810374356e-05,0.0,0.00011010521164668461,0.0022999755321751894,0.0009053095179838512,0.0009787129924149743,0.00012233912405187178,0.0007218008319060436,0.016124296550036703,0.0028505015904086127,0.024259848299486176,0.015806214827501833,0.04102030829459261,0.053266454612184974,0.03876926841203817,0.06866895033031563,0.043246880352336675,0.04199902128700758,0.06019084903352092,0.06748226082701247,0.05436750672865182,0.05877171519451921,0.06343283582089553,0.05062392953266455,0.045253241986787374,0.041827746513334964,0.022277954489845854,0.037619280645950576,0.041436261316368975,0.014313677514069,0.022999755321751896,0.02080988500122339,0.006508441399559579,0.008343528260337655,0.010680205529728407,0.012172742843161242,0.005786640567653535,0.00041595302177636407,0.001235625152923905,0.0,0.0002324443356985564,0.0,0.0,0.0,0.00015904086126743332,0.0,0.0,0.0,0.0,0.0,0.0,0.0,0.0,0.0,0.0,0.0,0.0,0.0,0.0,0.0,0.0,0.0,0.0,0.0,0.0,0.0,0.0,0.0,0.0,0.0,0.0,0.0,0.0,0.0,0.0,0.0,0.0,0.0,0.0,0.0,0.0,nan,nan,4.3385376999238385,2.9500822909745406,nan,0.9139757191857626,0.022768564349494546,0.0,0.0,0.0,0.0,0.0,0.0,0.0,0.0,0.0,0.0,0.0,0.0,0.0,0.0,0.0,0.0,0.0,0.0,0.0,0.0,0.0,0.0,0.0,0.0,0.0,0.502325581395349,7.730232558139536,15.697674418604654,5.790697674418606,0.2790697674418605,0.9140836699266193,0.02257316412548089,0.0,0.0,0.0,0.0,0.0,0.0,0.0,0.0,0.0,0.0,0.0,0.0,0.0,0.0,0.0,0.0,0.0,0.0,0.0,0.0,0.0,0.0,0.0,0.0,0.01548786783686113,0.6195147134744451,7.155394940629842,16.20030975735674,5.730511099638617,0.2787816210635003,0.4033,0.011856,0.0,0.0,0.0,0.0,0.0,0.0,0.0,0.0,0.0,0.0,0.027906976744186053,12.12558139534882,17.74883720930233,0.09767441860465119,0.0,0.0,0.0,0.0,0.0,0.0,0.0,0.0,0.0,0.0,0.0,0.0,0.0,0.0,0.0,0.0,0.4036,0.0118,0.0,0.0,0.0,0.0,0.0,0.0,0.0,0.0,0.0,0.0,0.0,11.662364481156411,18.15178110480124,0.18585441404233352,0.0,0.0,0.0,0.0,0.0,0.0,0.0,0.0,0.0,0.0,0.0,0.0,0.0,0.0,0.0,0.0
60500,4109,2102,0.5115599902652713,1009,832,0.44804088586030666,1145,0.5573132148941349,0.4100000000000001,2.957648231190832,3.0988851604237255,6.714545454545455,2.0280683314486208,8371.414894134825,506.5645578358296,7853.0,8866.4,8866.399999999998,1.8189894035458565e-12,7853.0,0.0,27.915794597225602,20.812744289970233,32.8216044019693,19.081198211822166,0.1365295692382575,0.10464833292771963,0.09150644925772694,0.08712582136772938,0.080798247748844,0.07155025553662692,0.07617425164273546,0.06011194937941105,0.06011194937941105,0.0474568021416403,0.049160379654417136,0.04088586030664395,0.031151131662204914,0.02798734485276223,0.019469457288878073,0.01070820150888294,0.004623996106108542,0.9144460213941563,0.022653974149864912,0.0,0.0,0.0,0.0,0.0,0.0,0.0,0.0,0.0,0.0,0.0,0.0,0.0,0.0,0.0,0.0,0.0,0.0,0.0,0.0,0.0,0.0,0.0,0.0,0.007301046483329279,0.5256753467997081,7.38865904112923,15.945485519591145,5.8189340472134345,0.31394499878315896,4.253675084809649,2.8227093637587726,nan,nan,nan,4.244159758854559,2.8476635722547865,4.264150943396227,2.798321217729203,1.0047102808747856,0.4038,0.011665,0.0,0.0,0.0,0.0,0.0,0.0,0.0,0.0,0.0,0.0,0.007301046483329279,11.14869798004379,18.71258213677294,0.13141883669992702,0.0,0.0,0.0,0.0,0.0,0.0,0.0,0.0,0.0,0.0,0.0,0.0,0.0,0.0,0.0,0.0,nan,nan,4.253675084809649,2.8227093637587726,nan,0.4038,0.0641,0.0,0.0,0.0,0.0,0.0,0.0,0.0,0.0,0.0,0.0,0.0,0.0,0.0,0.0,0.0,0.0,0.0,0.0,0.0,0.001727914334387929,7.301046483329277e-05,0.0,0.0002311998053054271,0.0020442930153321977,0.0009247992212217084,0.0009126308104161596,0.0002190313944998783,0.0008396203455828669,0.015502555366269165,0.003139449987831589,0.023789243124847894,0.014857629593575079,0.041956680457532244,0.05013385251886104,0.037746410318812366,0.07083231929909954,0.042321732781698713,0.04459722560233634,0.05779995132635678,0.06724263811146264,0.05599902652713556,0.05927232903382818,0.0631175468483816,0.048819664151861765,0.04499878315891945,0.04333171087855926,0.022183012898515455,0.038549525431978586,0.0414212703820881,0.014930640058408372,0.022548065222681917,0.023180822584570455,0.006595278656607447,0.007787782915551229,0.009832075930883427,0.0121197371623266,0.006120710635191044,0.0005475784862496958,0.0013263567778048187,0.0,0.0003042102701387199,0.0,0.0,0.0,0.00012168410805548795,0.0,0.0,0.0,0.0,0.0,0.0,0.0,0.0,0.0,0.0,0.0,0.0,0.0,0.0,0.0,0.0,0.0,0.0,0.0,0.0,0.0,0.0,0.0,0.0,0.0,0.0,0.0,0.0,0.0,0.0,0.0,0.0,0.0,0.0,0.0,0.0,nan,nan,4.253675084809649,2.8227093637587726,nan,0.9139084992070747,0.02329480389571465,0.0,0.0,0.0,0.0,0.0,0.0,0.0,0.0,0.0,0.0,0.0,0.0,0.0,0.0,0.0,0.0,0.0,0.0,0.0,0.0,0.0,0.0,0.0,0.0,0.014272121788772602,0.6279733587059944,7.749762131303522,15.299714557564227,5.98001902949572,0.3282588011417698,0.9150089868337405,0.02194866485486938,0.0,0.0,0.0,0.0,0.0,0.0,0.0,0.0,0.0,0.0,0.0,0.0,0.0,0.0,0.0,0.0,0.0,0.0,0.0,0.0,0.0,0.0,0.0,0.0,0.0,0.41853512705530654,7.010463378176384,16.621823617339317,5.650224215246638,0.2989536621823618,0.4038,0.01162,0.0,0.0,0.0,0.0,0.0,0.0,0.0,0.0,0.0,0.0,0.014272121788772602,10.80399619410084,19.03901046622265,0.14272121788772602,0.0,0.0,0.0,0.0,0.0,0.0,0.0,0.0,0.0,0.0,0.0,0.0,0.0,0.0,0.0,0.0,0.404,0.01172,0.0,0.0,0.0,0.0,0.0,0.0,0.0,0.0,0.0,0.0,0.0,11.50971599402091,18.370702541106134,0.11958146487294473,0.0,0.0,0.0,0.0,0.0,0.0,0.0,0.0,0.0,0.0,0.0,0.0,0.0,0.0,0.0,0.0
60600,4252,2151,0.5058795860771401,996,878,0.4407337723424271,1208,0.5682031984948259,0.4020000000000001,2.9343169919086147,3.0917229742479084,6.530017152658662,2.160468431128149,8365.658372530574,506.66496602467663,7853.0,8866.4,8866.4,0.0,7853.0,0.0,27.808560677328316,20.977220590995135,32.75799214806506,19.29304480949678,0.1389934148635936,0.10630291627469426,0.09430856067732832,0.08419567262464722,0.07925682031984949,0.07525870178739416,0.07196613358419568,0.05879586077140169,0.05244590780809031,0.062088428974600186,0.04444967074317968,0.03527751646284102,0.03433678269049859,0.022812793979303858,0.022342427093132642,0.01011288805268109,0.0070555032925682035,0.9144427096041888,0.022487080080608613,0.0,0.0,0.0,0.0,0.0,0.0,0.0,0.0,0.0,0.0,0.0,0.0,0.0,0.0,0.0,0.0,0.0,0.0,0.0,0.0,0.0,0.0,0.0,0.0,0.007055503292568205,0.5079962370649107,7.302445907808092,16.30526810912512,5.665569143932268,0.21166509877704615,4.281100917431193,2.8553299073353906,nan,nan,nan,4.234260614934114,2.781321905082784,4.328182487122884,2.927079251384827,1.0221814103405704,0.4043,0.0117,0.0,0.0,0.0,0.0,0.0,0.0,0.0,0.0,0.0,0.0,0.01411100658513641,10.674976481655676,19.09924741298213,0.21166509877704615,0.0,0.0,0.0,0.0,0.0,0.0,0.0,0.0,0.0,0.0,0.0,0.0,0.0,0.0,0.0,0.0,nan,nan,4.281100917431193,2.8553299073353906,nan,0.4043,0.064,0.0,0.0,0.0,0.0,0.0,0.0,0.0,0.0,0.0,0.0,0.0,0.0,0.0,0.0,0.0,0.0,0.0,0.0,0.0,0.0015169332079021636,0.0,0.0,0.00022342427093132643,0.0025517403574788337,0.0006820319849482596,0.001105362182502352,0.00010583254938852305,0.0009054562558795861,0.013746472248353715,0.003163217309501411,0.02503527751646284,0.013958137347130762,0.04347365945437441,0.0494002822201317,0.03685324553151458,0.0687793979303857,0.04055738476011289,0.04567262464722484,0.058548918156161804,0.07053151458137347,0.056114769520225774,0.06000705550329257,0.060865475070555036,0.04870649106302916,0.044920037629350894,0.041474600188146755,0.022318908748824084,0.041533396048918154,0.04051034807149577,0.015839604891815615,0.02249529633113829,0.021436970837253058,0.006902634054562559,0.009219190968955786,0.009912982126058326,0.012664628410159924,0.006338193791157102,0.0004350893697083725,0.0012347130761994356,0.0,0.00019990592662276575,0.0,0.0,0.0,5.8795860771401695e-05,0.0,0.0,0.0,0.0,0.0,0.0,0.0,0.0,0.0,0.0,0.0,0.0,0.0,0.0,0.0,0.0,0.0,0.0,0.0,0.0,0.0,0.0,0.0,0.0,0.0,0.0,0.0,0.0,0.0,0.0,0.0,0.0,0.0,0.0,0.0,0.0,nan,nan,4.281100917431193,2.8553299073353906,nan,0.9145663812902017,0.022815834586391415,0.0,0.0,0.0,0.0,0.0,0.0,0.0,0.0,0.0,0.0,0.0,0.0,0.0,0.0,0.0,0.0,0.0,0.0,0.0,0.0,0.0,0.0,0.0,0.0,0.0,0.5997210599721061,7.168758716875874,16.164574616457465,5.80195258019526,0.2649930264993027,0.9143160947557293,0.02214473084025461,0.0,0.0,0.0,0.0,0.0,0.0,0.0,0.0,0.0,0.0,0.0,0.0,0.0,0.0,0.0,0.0,0.0,0.0,0.0,0.0,0.0,0.0,0.0,0.0,0.014278914802475015,0.4140885292717755,7.439314612089483,16.44930985245122,5.52594002855783,0.15706806282722516,0.404,0.011505,0.0,0.0,0.0,0.0,0.0,0.0,0.0,0.0,0.0,0.0,0.013947001394700143,10.920502092050194,18.88423988842399,0.18131101813110187,0.0,0.0,0.0,0.0,0.0,0.0,0.0,0.0,0.0,0.0,0.0,0.0,0.0,0.0,0.0,0.0,0.4045,0.01189,0.0,0.0,0.0,0.0,0.0,0.0,0.0,0.0,0.0,0.0,0.014278914802475015,10.423607805806743,19.319371727748695,0.24274155164207525,0.0,0.0,0.0,0.0,0.0,0.0,0.0,0.0,0.0,0.0,0.0,0.0,0.0,0.0,0.0,0.0
60700,4136,2165,0.5234526112185687,1011,834,0.44608317214700194,1144,0.5531914893617021,0.4300000000000001,3.0147133434804667,3.107132701393445,6.555555555555555,2.1626947720953775,8383.466876208897,506.1422977733344,7853.0,8866.4,8866.4,0.0,7853.0,0.0,28.12185686653772,21.106152586775814,33.11578341013825,19.357385370847094,0.13999032882011606,0.09840425531914894,0.09381044487427466,0.0882495164410058,0.07833655705996131,0.07422630560928434,0.07132495164410058,0.06141199226305609,0.0609284332688588,0.04932301740812379,0.04327852998065764,0.0367504835589942,0.03892649903288201,0.025386847195357835,0.02127659574468085,0.010396518375241779,0.007978723404255319,0.9140245592513444,0.02304298231265345,0.0,0.0,0.0,0.0,0.0,0.0,0.0,0.0,0.0,0.0,0.0,0.0,0.0,0.0,0.0,0.0,0.0,0.0,0.0,0.0,0.0,0.0,0.0,0.0,0.0,0.6818181818181819,7.52176015473888,15.652804642166348,5.8752417794971,0.2683752417794972,4.228838951310862,2.880593688856613,nan,nan,nan,4.29547141796585,2.883844148311718,4.160997732426304,2.875694727983339,0.9686940797750139,0.4038,0.01176,0.0,0.0,0.0,0.0,0.0,0.0,0.0,0.0,0.0,0.0,0.021760154738878146,11.40957446808509,18.365570599613157,0.20309477756286273,0.0,0.0,0.0,0.0,0.0,0.0,0.0,0.0,0.0,0.0,0.0,0.0,0.0,0.0,0.0,0.0,nan,nan,4.228838951310862,2.880593688856613,nan,0.4038,0.06433,0.0,0.0,0.0,0.0,0.0,0.0,0.0,0.0,0.0,0.0,0.0,0.0,0.0,0.0,0.0,0.0,0.0,1.2088974854932301e-05,0.0,0.0015957446808510637,0.0,2.4177949709864603e-05,1.2088974854932301e-05,0.002998065764023211,0.000882495164410058,0.0012088974854932303,2.4177949709864603e-05,0.0013297872340425532,0.014011121856866537,0.0035420696324951644,0.02525386847195358,0.01587282398452611,0.04441489361702128,0.04867021276595745,0.0355536750483559,0.06965667311411992,0.040933268858800775,0.04523694390715667,0.05739845261121857,0.07385154738878143,0.0538563829787234,0.060783365570599615,0.05919970986460348,0.04960106382978723,0.04405222437137331,0.03820116054158607,0.021723887814313347,0.042263056092843324,0.0414651837524178,0.015002417794970987,0.023754835589941972,0.021022727272727273,0.007265473887814313,0.009477756286266924,0.008716150870406189,0.012850580270793036,0.005863152804642166,0.0008341392649903289,0.0013902321083172147,7.25338491295938e-05,4.8355899419729206e-05,0.0,0.0,0.0,7.25338491295938e-05,0.0,0.0,0.0,0.0,0.0,0.0,0.0,0.0,0.0,0.0,0.0,0.0,0.0,0.0,0.0,0.0,0.0,0.0,0.0,0.0,0.0,0.0,0.0,0.0,0.0,0.0,0.0,0.0,0.0,0.0,0.0,0.0,0.0,0.0,0.0,0.0,nan,nan,4.228838951310862,2.880593688856613,nan,0.914346806969984,0.022978548887001817,0.0,0.0,0.0,0.0,0.0,0.0,0.0,0.0,0.0,0.0,0.0,0.0,0.0,0.0,0.0,0.0,0.0,0.0,0.0,0.0,0.0,0.0,0.0,0.0,0.0,0.6928406466512703,7.357967667436491,15.65819861431871,6.069284064665129,0.22170900692840653,0.9136705935938838,0.02310837231543922,0.0,0.0,0.0,0.0,0.0,0.0,0.0,0.0,0.0,0.0,0.0,0.0,0.0,0.0,0.0,0.0,0.0,0.0,0.0,0.0,0.0,0.0,0.0,0.0,0.0,0.6697108066971081,7.701674277016744,15.6468797564688,5.662100456621006,0.31963470319634707,0.4033,0.011635,0.0,0.0,0.0,0.0,0.0,0.0,0.0,0.0,0.0,0.0,0.0,11.681293302540398,18.16628175519631,0.15242494226327946,0.0,0.0,0.0,0.0,0.0,0.0,0.0,0.0,0.0,0.0,0.0,0.0,0.0,0.0,0.0,0.0,0.404,0.01186,0.0,0.0,0.0,0.0,0.0,0.0,0.0,0.0,0.0,0.0,0.04566210045662101,11.111111111111095,18.584474885844752,0.25875190258751907,0.0,0.0,0.0,0.0,0.0,0.0,0.0,0.0,0.0,0.0,0.0,0.0,0.0,0.0,0.0,0.0
60800,4505,2315,0.5138734739178691,1057,923,0.43951165371809103,1295,0.5749167591564928,0.4020000000000001,2.9511415525114155,3.067562814227655,6.418006430868167,2.2024972409566526,8373.759378468369,506.50491002267984,7853.0,8866.4,8866.4,0.0,7853.0,0.0,28.250166481687014,21.08786682083574,33.27202963747023,19.313614528302004,0.13940066592674805,0.10122086570477247,0.0923418423973363,0.07924528301886792,0.08368479467258602,0.07702552719200888,0.06614872364039956,0.06148723640399556,0.05682574916759157,0.05194228634850166,0.04594894561598224,0.045061043285238626,0.038845726970033294,0.023307436182019976,0.019311875693673698,0.011542730299667037,0.006659267480577136,0.9139388129793182,0.022835399029994922,0.0,0.0,0.0,0.0,0.0,0.0,0.0,0.0,0.0,0.0,0.0,0.0,0.0,0.0,0.0,0.0,0.0,0.0,0.0,0.0,0.0,0.0,0.0,0.0,0.0,0.6326304106548281,7.4850166481687035,15.955604883462822,5.587125416204219,0.339622641509434,4.233504273504273,2.8789549731041686,nan,nan,nan,4.200944032366824,2.887893986613696,4.263705759888966,2.867631681053782,1.0149399104197971,0.4038,0.01173,0.0,0.0,0.0,0.0,0.0,0.0,0.0,0.0,0.0,0.0,0.046614872364039966,11.114317425083225,18.712541620421757,0.1265260821309656,0.0,0.0,0.0,0.0,0.0,0.0,0.0,0.0,0.0,0.0,0.0,0.0,0.0,0.0,0.0,0.0,nan,nan,4.233504273504273,2.8789549731041686,nan,0.4038,0.0641,0.0,0.0,0.0,0.0,0.0,0.0,0.0,0.0,0.0,0.0,0.0,0.0,0.0,0.0,0.0,0.0,0.0,0.0,0.0,0.0015094339622641509,0.0,1.1098779134295228e-05,0.0,0.0025971143174250834,0.0009211986681465039,0.001365149833518313,1.1098779134295228e-05,0.000832408435072142,0.013551609322974473,0.0036403995560488345,0.024017758046614872,0.016437291897891233,0.04451720310765816,0.05194228634850166,0.03637069922308546,0.06732519422863485,0.04182019977802442,0.046148723640399555,0.05793562708102109,0.0744395116537181,0.05034406215316315,0.057658157602663705,0.060588235294117644,0.051598224195338514,0.043573806881243064,0.03866814650388457,0.022042175360710323,0.04066592674805771,0.043152053274139845,0.014273029966703663,0.023773584905660377,0.022386237513873475,0.009145394006659268,0.00823529411764706,0.009889012208657047,0.011731409544950056,0.0051165371809101,0.0006770255271920088,0.00097669256381798,1.1098779134295228e-05,0.0,0.0,0.0,0.0,9.988901220865705e-05,0.0,0.0,0.0,0.0,0.0,0.0,0.0,0.0,0.0,0.0,0.0,0.0,0.0,0.0,0.0,0.0,0.0,0.0,0.0,0.0,0.0,0.0,0.0,0.0,0.0,0.0,0.0,0.0,0.0,0.0,0.0,0.0,0.0,0.0,0.0,0.0,nan,nan,4.233504273504273,2.8789549731041686,nan,0.9139256814128637,0.022725992250310217,0.0,0.0,0.0,0.0,0.0,0.0,0.0,0.0,0.0,0.0,0.0,0.0,0.0,0.0,0.0,0.0,0.0,0.0,0.0,0.0,0.0,0.0,0.0,0.0,0.0,0.6220302375809936,7.425485961123112,16.082073434125274,5.5334773218142566,0.3369330453563716,0.9139526940644059,0.022950475273179522,0.0,0.0,0.0,0.0,0.0,0.0,0.0,0.0,0.0,0.0,0.0,0.0,0.0,0.0,0.0,0.0,0.0,0.0,0.0,0.0,0.0,0.0,0.0,0.0,0.0,0.6438356164383563,7.547945205479453,15.821917808219181,5.643835616438357,0.34246575342465757,0.4038,0.01184,0.0,0.0,0.0,0.0,0.0,0.0,0.0,0.0,0.0,0.0,0.051835853131749474,11.066954643628494,18.75161987041037,0.12958963282937366,0.0,0.0,0.0,0.0,0.0,0.0,0.0,0.0,0.0,0.0,0.0,0.0,0.0,0.0,0.0,0.0,0.4038,0.0116,0.0,0.0,0.0,0.0,0.0,0.0,0.0,0.0,0.0,0.0,0.04109589041095891,11.164383561643819,18.67123287671233,0.12328767123287673,0.0,0.0,0.0,0.0,0.0,0.0,0.0,0.0,0.0,0.0,0.0,0.0,0.0,0.0,0.0,0.0
60900,4539,2302,0.5071601674377616,1083,942,0.4461335095836087,1307,0.5758977748402732,0.3980000000000001,2.9235583370585605,2.9947001670591784,6.286153846153846,2.105222584473555,8366.956113681426,506.64804234719196,7853.0,8866.4,8866.399999999998,1.8189894035458565e-12,7853.0,0.0,28.192994051553207,20.981159716658276,33.28526315789474,19.129453556016717,0.14077990746860541,0.09803921568627451,0.09253139458030403,0.07997356245869135,0.08019387530293016,0.07865168539325842,0.06697510464860101,0.062348534919585814,0.06345009914077991,0.05485789821546596,0.04670632297862965,0.04009693765146508,0.03348755232430051,0.023793787177792465,0.020709407358449,0.009253139458030404,0.008151575236836307,0.9122933427597831,0.022442572478276565,0.0,0.0,0.0,0.0,0.0,0.0,0.0,0.0,0.0,0.0,0.0,0.0,0.0,0.0,0.0,0.0,0.0,0.0,0.0,0.0,0.0,0.0,0.0,0.0,0.0,0.6477197620621283,7.990746860541972,16.232650363516196,4.930601454064773,0.19828155981493725,4.299081320176931,2.7934514585418935,nan,nan,nan,4.230046948356808,2.777471636209589,4.37318590186593,2.8066560748925835,1.0338386205299035,0.4036,0.01184,0.0,0.0,0.0,0.0,0.0,0.0,0.0,0.0,0.0,0.0,0.04626569729015203,11.421017845340367,18.393919365499013,0.13879709187045608,0.0,0.0,0.0,0.0,0.0,0.0,0.0,0.0,0.0,0.0,0.0,0.0,0.0,0.0,0.0,0.0,nan,nan,4.299081320176931,2.7934514585418935,nan,0.4036,0.0638,0.0,0.0,0.0,0.0,0.0,0.0,0.0,0.0,0.0,0.0,0.0,0.0,0.0,0.0,0.0,0.0,0.0,0.0,0.0,0.000980392156862745,0.0,1.1015642211940957e-05,3.304692663582287e-05,0.0031064111037673496,0.0009142983035910993,0.0011456267900418595,0.00013218770654329148,0.0009253139458030404,0.012877285745758978,0.004318131747080855,0.023694646397884996,0.016060806345009913,0.045483586693104205,0.05200484688257325,0.03679224498788279,0.06851729455827275,0.04180436219431593,0.044282881692002646,0.058316809870015425,0.0738048028200044,0.05178453403833443,0.05349195858118529,0.06184181537783653,0.05267680105750165,0.042322097378277156,0.04149592421238158,0.022868473231989424,0.04041639127561137,0.04299405155320555,0.015598149372108393,0.024708085481383566,0.020070500110156424,0.007710949548358669,0.009814937210839392,0.008735404274069178,0.011081736065212603,0.005551883674818242,0.0008371888081075127,0.0006609385327164573,0.0,0.0,4.406256884776383e-05,0.0,0.0,8.812513769552766e-05,0.0,0.0,0.0,0.0,0.0,0.0,0.0,0.0,0.0,0.0,0.0,0.0,0.0,0.0,0.0,0.0,0.0,0.0,0.0,0.0,0.0,0.0,0.0,0.0,0.0,0.0,0.0,0.0,0.0,0.0,0.0,0.0,0.0,0.0,0.0,0.0,nan,nan,4.299081320176931,2.7934514585418935,nan,0.912058825937175,0.022430769655103086,0.0,0.0,0.0,0.0,0.0,0.0,0.0,0.0,0.0,0.0,0.0,0.0,0.0,0.0,0.0,0.0,0.0,0.0,0.0,0.0,0.0,0.0,0.0,0.0,0.0,0.6255430060816682,8.132059079061687,16.1989574283232,4.860990443092963,0.18245004344048657,0.9125346738843445,0.022452154552402296,0.0,0.0,0.0,0.0,0.0,0.0,0.0,0.0,0.0,0.0,0.0,0.0,0.0,0.0,0.0,0.0,0.0,0.0,0.0,0.0,0.0,0.0,0.0,0.0,0.0,0.6705409029950828,7.845328565042469,16.26732230666071,5.002235136343318,0.21457308895842653,0.4036,0.01173,0.0,0.0,0.0,0.0,0.0,0.0,0.0,0.0,0.0,0.0,0.039096437880104265,11.494352736750637,18.349261511728933,0.1172893136403128,0.0,0.0,0.0,0.0,0.0,0.0,0.0,0.0,0.0,0.0,0.0,0.0,0.0,0.0,0.0,0.0,0.4036,0.011955,0.0,0.0,0.0,0.0,0.0,0.0,0.0,0.0,0.0,0.0,0.05364327223960663,11.345552078676784,18.439874832364776,0.16092981671881987,0.0,0.0,0.0,0.0,0.0,0.0,0.0,0.0,0.0,0.0,0.0,0.0,0.0,0.0,0.0,0.0
61000,4440,2284,0.5144144144144144,1087,917,0.45135135135135135,1243,0.55990990990991,0.4180000000000001,2.9921150278293136,3.143511292273907,6.57331136738056,2.2039681317535234,8374.30756756757,506.4893967002259,7853.0,8866.4,8866.4,0.0,7853.0,0.0,28.181081081081082,20.949759780658578,33.05183008282127,19.206430546629115,0.1355855855855856,0.1,0.0891891891891892,0.09279279279279279,0.07274774774774775,0.07972972972972973,0.0713963963963964,0.06621621621621622,0.06036036036036036,0.04954954954954955,0.04144144144144144,0.04346846846846847,0.03310810810810811,0.02702702702702703,0.017117117117117116,0.013063063063063063,0.007207207207207207,0.910548285280799,0.02306839940623486,0.0,0.0,0.0,0.0,0.0,0.0,0.0,0.0,0.0,0.0,0.0,0.0,0.0,0.0,0.0,0.0,0.0,0.0,0.0,0.0,0.0,0.0,0.0,0.0,0.013513513513513516,0.8175675675675678,8.85810810810811,15.648648648648653,4.405405405405406,0.2567567567567568,4.207769684356573,2.9694096505761185,nan,nan,nan,4.269257950530036,2.9588954009109876,4.14850136239782,2.9783078950258104,0.9717148531357249,0.403,0.01189,0.0,0.0,0.0,0.0,0.0,0.0,0.0,0.0,0.0,0.0,0.054054054054054064,11.560810810810795,18.25675675675676,0.1283783783783784,0.0,0.0,0.0,0.0,0.0,0.0,0.0,0.0,0.0,0.0,0.0,0.0,0.0,0.0,0.0,0.0,nan,nan,4.207769684356573,2.9694096505761185,nan,0.403,0.0638,0.0,0.0,0.0,0.0,0.0,0.0,0.0,0.0,0.0,0.0,0.0,0.0,0.0,0.0,0.0,0.0,0.0,0.0,0.0,0.0008558558558558559,0.0,0.0,0.00010135135135135135,0.003029279279279279,0.0011711711711711711,0.0012837837837837837,0.0003153153153153153,0.0009459459459459459,0.012691441441441442,0.005405405405405406,0.021204954954954953,0.017274774774774775,0.046216216216216216,0.053175675675675674,0.03904279279279279,0.06740990990990992,0.040574324324324326,0.045157657657657654,0.059864864864864864,0.07256756756756756,0.0511036036036036,0.05385135135135135,0.061542792792792796,0.051936936936936934,0.043231981981981984,0.04106981981981982,0.02141891891891892,0.03998873873873874,0.04289414414414414,0.01706081081081081,0.023445945945945946,0.019864864864864863,0.008434684684684685,0.00963963963963964,0.008738738738738738,0.010743243243243243,0.005101351351351351,0.0010923423423423422,0.000518018018018018,0.0,0.0,0.0,0.0,0.0,3.3783783783783784e-05,0.0,0.0,0.0,0.0,0.0,0.0,0.0,0.0,0.0,0.0,0.0,0.0,0.0,0.0,0.0,0.0,0.0,0.0,0.0,0.0,0.0,0.0,0.0,0.0,0.0,0.0,0.0,0.0,0.0,0.0,0.0,0.0,0.0,0.0,0.0,0.0,nan,nan,4.207769684356573,2.9694096505761185,nan,0.9106629698320362,0.023324228156935273,0.0,0.0,0.0,0.0,0.0,0.0,0.0,0.0,0.0,0.0,0.0,0.0,0.0,0.0,0.0,0.0,0.0,0.0,0.0,0.0,0.0,0.0,0.0,0.0,0.0,0.853765323992995,8.85288966725044,15.433450087565678,4.557793345008758,0.3021015761821367,0.9104267919992471,0.0227936210765998,0.0,0.0,0.0,0.0,0.0,0.0,0.0,0.0,0.0,0.0,0.0,0.0,0.0,0.0,0.0,0.0,0.0,0.0,0.0,0.0,0.0,0.0,0.0,0.0,0.027829313543599264,0.7792207792207795,8.863636363636365,15.87662337662338,4.2439703153988875,0.2087198515769945,0.4033,0.01197,0.0,0.0,0.0,0.0,0.0,0.0,0.0,0.0,0.0,0.0,0.06567425569176884,11.335376532399284,18.454465849387045,0.14448336252189145,0.0,0.0,0.0,0.0,0.0,0.0,0.0,0.0,0.0,0.0,0.0,0.0,0.0,0.0,0.0,0.0,0.403,0.011795,0.0,0.0,0.0,0.0,0.0,0.0,0.0,0.0,0.0,0.0,0.04174397031539889,11.799628942486068,18.047309833024123,0.11131725417439706,0.0,0.0,0.0,0.0,0.0,0.0,0.0,0.0,0.0,0.0,0.0,0.0,0.0,0.0,0.0,0.0
61100,4561,2328,0.5104143828107871,1096,944,0.4472703354527516,1307,0.5731199298399474,0.3980000000000001,2.936856247201075,3.0336297430976322,6.530805687203792,2.006958388532505,8370.253935540451,506.5900753514697,7853.0,8866.4,8866.4,0.0,7853.0,0.0,28.130673098004824,20.89080682677483,32.87428719543805,19.219153207083625,0.1317693488270116,0.1034860776145582,0.09910107432580574,0.08682306511729884,0.07586055689541767,0.07344880508660381,0.06928305196228897,0.06292479719359789,0.06117079587809691,0.053497040122780094,0.04735803551852664,0.037272527954395965,0.03880727910545933,0.023898267923700943,0.01710151282613462,0.010962508221881167,0.00723525542644157,0.9109281900419893,0.02250129109446459,0.0,0.0,0.0,0.0,0.0,0.0,0.0,0.0,0.0,0.0,0.0,0.0,0.0,0.0,0.0,0.0,0.0,0.0,0.0,0.0,0.0,0.0,0.0,0.0,0.0,0.7301030475772858,8.50471387853541,16.05568954176716,4.538478403858804,0.17101512826134624,4.2534781133355954,2.8287661323391013,nan,nan,nan,4.286577181208053,2.826840618363008,4.220467032967033,2.8311248495515593,0.9845774039644402,0.4033,0.0119,0.0,0.0,0.0,0.0,0.0,0.0,0.0,0.0,0.0,0.0,0.019732514799386102,11.819776364832256,17.996053497040126,0.1644376233282175,0.0,0.0,0.0,0.0,0.0,0.0,0.0,0.0,0.0,0.0,0.0,0.0,0.0,0.0,0.0,0.0,nan,nan,4.2534781133355954,2.8287661323391013,nan,0.4033,0.0639,0.0,0.0,0.0,0.0,0.0,0.0,0.0,0.0,0.0,0.0,0.0,0.0,0.0,0.0,0.0,0.0,0.0,0.0,0.0,0.0010852883139662354,0.0,0.0,9.86625739969305e-05,0.002543301907476431,0.0009318131988598991,0.0015457136592852444,0.00010962508221881167,0.000855075641306731,0.013187897390923043,0.005656654242490682,0.02076299057224293,0.017090550317912737,0.045253233939925454,0.05319008989256742,0.03992545494409121,0.06859241394431045,0.04146020609515457,0.04349923262442447,0.05934005700504275,0.06859241394431045,0.05313527735145802,0.05369436527077395,0.06143389607542206,0.05459329094496821,0.04209603157202368,0.04089015566761675,0.023525542644156985,0.03910326682745012,0.043641745231308926,0.01626836220127165,0.022429291821968865,0.02037930278447709,0.00807936855952642,0.008715194036395528,0.010589782942337207,0.010513045384784038,0.005218153913615436,0.000920850690638018,0.000920850690638018,3.28875246656435e-05,0.0,0.0,0.0,0.0,9.86625739969305e-05,0.0,0.0,0.0,0.0,0.0,0.0,0.0,0.0,0.0,0.0,0.0,0.0,0.0,0.0,0.0,0.0,0.0,0.0,0.0,0.0,0.0,0.0,0.0,0.0,0.0,0.0,0.0,0.0,0.0,0.0,0.0,0.0,0.0,0.0,0.0,0.0,nan,nan,4.2534781133355954,2.8287661323391013,nan,0.9116193733571731,0.02249701235331744,0.0,0.0,0.0,0.0,0.0,0.0,0.0,0.0,0.0,0.0,0.0,0.0,0.0,0.0,0.0,0.0,0.0,0.0,0.0,0.0,0.0,0.0,0.0,0.0,0.0,0.6314432989690723,8.260309278350517,16.082474226804127,4.858247422680413,0.16752577319587633,0.9102076012566118,0.02248313859446346,0.0,0.0,0.0,0.0,0.0,0.0,0.0,0.0,0.0,0.0,0.0,0.0,0.0,0.0,0.0,0.0,0.0,0.0,0.0,0.0,0.0,0.0,0.0,0.0,0.0,0.8329601433049711,8.759516345723243,16.027765338110168,4.205105239587999,0.17465293327362297,0.4033,0.01218,0.0,0.0,0.0,0.0,0.0,0.0,0.0,0.0,0.0,0.0,0.038659793814433,11.68814432989689,18.041237113402065,0.23195876288659797,0.0,0.0,0.0,0.0,0.0,0.0,0.0,0.0,0.0,0.0,0.0,0.0,0.0,0.0,0.0,0.0,0.4036,0.01161,0.0,0.0,0.0,0.0,0.0,0.0,0.0,0.0,0.0,0.0,0.0,11.95700850873263,17.948947604120022,0.09404388714733544,0.0,0.0,0.0,0.0,0.0,0.0,0.0,0.0,0.0,0.0,0.0,0.0,0.0,0.0,0.0,0.0
61200,4670,2426,0.5194860813704497,1144,930,0.4441113490364026,1300,0.556745182012848,0.4100000000000001,3.02807486631016,3.114370069282291,6.569715142428786,2.141020874168157,8379.447194860815,506.315058333375,7853.0,8866.4,8866.4,0.0,7853.0,0.0,28.49014989293362,21.031683282385988,33.371544509256914,19.242098465574074,0.13683083511777303,0.09593147751605996,0.08822269807280514,0.08693790149892934,0.08372591006423982,0.07794432548179872,0.06573875802997858,0.059957173447537475,0.05974304068522484,0.05460385438972163,0.05032119914346895,0.040471092077087795,0.03511777301927195,0.029122055674518203,0.018201284796573874,0.009635974304068522,0.007494646680942184,0.9119929638996369,0.02307544953346822,0.0,0.0,0.0,0.0,0.0,0.0,0.0,0.0,0.0,0.0,0.0,0.0,0.0,0.0,0.0,0.0,0.0,0.0,0.0,0.0,0.0,0.0,0.0,0.0,0.012847965738758033,0.8543897216274092,7.952890792291222,15.905781584582444,5.02355460385439,0.25053533190578164,4.284820546592032,2.8982657052999095,nan,nan,nan,4.245683930942895,2.881121515247998,4.323318092749837,2.9145188869379424,1.0182854312920322,0.4038,0.01179,0.0,0.0,0.0,0.0,0.0,0.0,0.0,0.0,0.0,0.0,0.019271948608137048,11.293361884368293,18.571734475374736,0.1156316916488223,0.0,0.0,0.0,0.0,0.0,0.0,0.0,0.0,0.0,0.0,0.0,0.0,0.0,0.0,0.0,0.0,nan,nan,4.284820546592032,2.8982657052999095,nan,0.4038,0.06384,0.0,0.0,0.0,0.0,0.0,0.0,0.0,0.0,0.0,0.0,0.0,0.0,0.0,0.0,0.0,0.0,0.0,0.0,0.0,0.0009421841541755888,0.0,7.494646680942184e-05,0.0001284796573875803,0.0018629550321199143,0.0008993576017130621,0.0013169164882226982,3.2119914346895075e-05,0.0010599571734475374,0.013725910064239828,0.00480728051391863,0.022558886509635976,0.01759100642398287,0.04526766595289079,0.052441113490364025,0.03894004282655246,0.06978586723768737,0.03897216274089936,0.04275160599571735,0.05728051391862955,0.07036402569593148,0.053704496788008566,0.05357601713062098,0.0613169164882227,0.05656316916488223,0.04082441113490364,0.03965738758029978,0.025289079229122057,0.038308351177730196,0.04699143468950749,0.015278372591006424,0.022826552462526767,0.019764453961456104,0.00721627408993576,0.008501070663811562,0.010578158458244112,0.01114561027837259,0.005674518201284797,0.0010813704496788008,0.0007387580299785867,0.00010706638115631691,0.0,0.0,0.0,0.0,5.3533190578158456e-05,0.0,0.0,0.0,0.0,0.0,0.0,0.0,0.0,0.0,0.0,0.0,0.0,0.0,0.0,0.0,0.0,0.0,0.0,0.0,0.0,0.0,0.0,0.0,0.0,0.0,0.0,0.0,0.0,0.0,0.0,0.0,0.0,0.0,0.0,0.0,0.0,nan,nan,4.284820546592032,2.8982657052999095,nan,0.9114448685883886,0.023065161881018148,0.0,0.0,0.0,0.0,0.0,0.0,0.0,0.0,0.0,0.0,0.0,0.0,0.0,0.0,0.0,0.0,0.0,0.0,0.0,0.0,0.0,0.0,0.0,0.0,0.0,0.9274525968672714,8.136850783182194,15.877988458367687,4.835119538334708,0.22258862324814513,0.9125855125739187,0.023071923663847003,0.0,0.0,0.0,0.0,0.0,0.0,0.0,0.0,0.0,0.0,0.0,0.0,0.0,0.0,0.0,0.0,0.0,0.0,0.0,0.0,0.0,0.0,0.0,0.0,0.02673796791443851,0.7754010695187168,7.7540106951871675,15.935828877005351,5.227272727272728,0.28074866310160435,0.4033,0.01162,0.0,0.0,0.0,0.0,0.0,0.0,0.0,0.0,0.0,0.0,0.012366034624896953,11.624072547403117,18.2522671063479,0.11129431162407256,0.0,0.0,0.0,0.0,0.0,0.0,0.0,0.0,0.0,0.0,0.0,0.0,0.0,0.0,0.0,0.0,0.4043,0.01195,0.0,0.0,0.0,0.0,0.0,0.0,0.0,0.0,0.0,0.0,0.02673796791443851,10.935828877005331,18.917112299465245,0.12032085561497328,0.0,0.0,0.0,0.0,0.0,0.0,0.0,0.0,0.0,0.0,0.0,0.0,0.0,0.0,0.0,0.0
61300,4726,2454,0.5192551840880237,1180,965,0.4538721963605586,1320,0.558611933982226,0.3980000000000001,2.95818661971831,3.056900797588931,6.425339366515837,2.0849436185115047,8379.213203554802,506.3241302634397,7853.0,8866.4,8866.399999999998,1.8189894035458565e-12,7853.0,0.0,28.47143461701227,20.896109844114207,33.144350423096064,19.16483135238105,0.13351671603893356,0.09098603470165044,0.09119763013118917,0.09098603470165044,0.08908167583580194,0.07744392721117224,0.06199746085484553,0.0645366060093102,0.06242065171392298,0.046762589928057555,0.05268726195514177,0.041261108760050784,0.03449005501481168,0.025603046974185358,0.017985611510791366,0.010579771476936098,0.008463817181548879,0.9115884136684457,0.022962325034882724,0.0,0.0,0.0,0.0,0.0,0.0,0.0,0.0,0.0,0.0,0.0,0.0,0.0,0.0,0.0,0.0,0.0,0.0,0.0,0.0,0.0,0.0,0.0,0.0,0.0,0.7617435463393992,8.309352517985612,15.799830723656372,4.8497672450275084,0.27930596699111304,4.11483870967742,2.8364628938484246,nan,nan,nan,4.028350515463917,2.8177859921856143,4.2015503875969,2.8524340527414247,1.0429952337732546,0.4036,0.011986,0.0,0.0,0.0,0.0,0.0,0.0,0.0,0.0,0.0,0.0,0.03808717731696996,11.534066864155717,18.27549724925942,0.15234870926787983,0.0,0.0,0.0,0.0,0.0,0.0,0.0,0.0,0.0,0.0,0.0,0.0,0.0,0.0,0.0,0.0,nan,nan,4.11483870967742,2.8364628938484246,nan,0.4036,0.06354,0.0,0.0,0.0,0.0,0.0,0.0,0.0,0.0,0.0,0.0,0.0,0.0,0.0,0.0,0.0,0.0,0.0,0.0,0.0,0.0008992805755395684,0.0,8.463817181548878e-05,0.00015869657215404148,0.0024333474396953025,0.0005289885738468049,0.0012166737198476513,0.00023275497249259416,0.0011108760050782902,0.014134574693186627,0.00409437156157427,0.022788827761320355,0.018810833685992383,0.045789250952179436,0.04929115531104528,0.039462547608971645,0.06711807024968261,0.040795598815065594,0.04180067710537452,0.05443292424883622,0.0711595429538722,0.0560093101988997,0.0562420651713923,0.06279094371561575,0.058146424037240796,0.040393567498942025,0.04089081675835802,0.023857384680490902,0.0401819720694033,0.045133305120609396,0.015594583157003808,0.022407955988150655,0.018673296656792213,0.005966991112991959,0.008273381294964029,0.010992382564536605,0.010262378332628014,0.00607278882776132,0.0007934828607702074,0.0007829030892932713,7.405840033855269e-05,0.0,0.0,0.0,0.0,0.00011637748624629708,0.0,0.0,0.0,0.0,0.0,0.0,0.0,0.0,0.0,0.0,0.0,0.0,0.0,0.0,0.0,0.0,0.0,0.0,0.0,0.0,0.0,0.0,0.0,0.0,0.0,0.0,0.0,0.0,0.0,0.0,0.0,0.0,0.0,0.0,0.0,0.0,nan,nan,4.11483870967742,2.8364628938484246,nan,0.9114868087601448,0.02314215115253587,0.0,0.0,0.0,0.0,0.0,0.0,0.0,0.0,0.0,0.0,0.0,0.0,0.0,0.0,0.0,0.0,0.0,0.0,0.0,0.0,0.0,0.0,0.0,0.0,0.0,0.7946210268948657,8.398533007334965,15.53789731051345,5.012224938875307,0.25672371638141817,0.9116981577023234,0.02276598886186612,0.0,0.0,0.0,0.0,0.0,0.0,0.0,0.0,0.0,0.0,0.0,0.0,0.0,0.0,0.0,0.0,0.0,0.0,0.0,0.0,0.0,0.0,0.0,0.0,0.0,0.7262323943661974,8.213028169014086,16.082746478873243,4.674295774647888,0.3036971830985916,0.4036,0.01201,0.0,0.0,0.0,0.0,0.0,0.0,0.0,0.0,0.0,0.0,0.048899755501222504,11.540342298288492,18.264058679706604,0.1466992665036675,0.0,0.0,0.0,0.0,0.0,0.0,0.0,0.0,0.0,0.0,0.0,0.0,0.0,0.0,0.0,0.0,0.4036,0.011955,0.0,0.0,0.0,0.0,0.0,0.0,0.0,0.0,0.0,0.0,0.02640845070422536,11.52728873239435,18.28785211267606,0.15845070422535215,0.0,0.0,0.0,0.0,0.0,0.0,0.0,0.0,0.0,0.0,0.0,0.0,0.0,0.0,0.0,0.0
61400,4847,2517,0.5192902826490613,1184,980,0.446461728904477,1378,0.5685991334846296,0.3980000000000001,3.040772532188841,3.09666348269915,6.565714285714286,2.0056980056319342,8379.248772436558,506.32275822465596,7853.0,8866.4,8866.4,0.0,7853.0,0.0,28.336290488962245,20.93830448480412,33.170737664875425,19.183756807510232,0.1347225087683103,0.09593563028677532,0.09387249845265112,0.08788941613369095,0.08396946564885496,0.07055910872704765,0.06643284505879926,0.0627192077573757,0.06313183412420054,0.05673612543841552,0.047864658551681455,0.03940581803177223,0.03342273571281205,0.025582834743140086,0.019393439240767484,0.011140911904270683,0.007220961419434702,0.9109602063150289,0.02290252084804289,0.0,0.0,0.0,0.0,0.0,0.0,0.0,0.0,0.0,0.0,0.0,0.0,0.0,0.0,0.0,0.0,0.0,0.0,0.0,0.0,0.0,0.0,0.0,0.0,0.006189395502372603,0.8293789973179289,8.640396121312154,15.69630699401692,4.623478440272335,0.2042500515782959,4.3392573786099655,2.91236292024228,nan,nan,nan,4.376690276883451,2.922109271349133,4.30287859824781,2.902397131754726,0.9831352748387302,0.4038,0.01176,0.0,0.0,0.0,0.0,0.0,0.0,0.0,0.0,0.0,0.0,0.024757582009490412,10.781926965133056,19.00144419228389,0.1918712605735507,0.0,0.0,0.0,0.0,0.0,0.0,0.0,0.0,0.0,0.0,0.0,0.0,0.0,0.0,0.0,0.0,nan,nan,4.3392573786099655,2.91236292024228,nan,0.4038,0.0636,0.0,0.0,0.0,0.0,0.0,0.0,0.0,0.0,0.0,0.0,0.0,0.0,0.0,0.0,0.0,0.0,0.0,0.0,2.0631318341242005e-05,0.0011347225087683104,0.0,8.252527336496802e-05,0.00019599752424179906,0.0021353414483185475,0.0005570455952135341,0.0014648236022281823,0.0004435733443367031,0.0012069321229626574,0.012956467918299979,0.004085001031565917,0.02539715287806891,0.016824840107282857,0.04614194347018775,0.05029915411594801,0.03846709304724572,0.06621621621621622,0.039457396327625335,0.039766866102743964,0.05213534144831855,0.06919744171652568,0.05629255209407881,0.05944914380028884,0.06300804621415308,0.05896430781926965,0.04190220755106251,0.042221992985351765,0.024850422942025996,0.0411079017949247,0.04619352176604085,0.015081493707447905,0.02151846502991541,0.01707241592737776,0.006086238910666392,0.00822158035898494,0.011636063544460491,0.009820507530431195,0.006560759232514958,0.0006292552094078811,0.0010109345987208583,9.284093253558903e-05,0.0,0.0,0.0,0.0,9.284093253558903e-05,0.0,0.0,0.0,0.0,0.0,0.0,0.0,0.0,0.0,0.0,0.0,0.0,0.0,0.0,0.0,0.0,0.0,0.0,0.0,0.0,0.0,0.0,0.0,0.0,0.0,0.0,0.0,0.0,0.0,0.0,0.0,0.0,0.0,0.0,0.0,0.0,nan,nan,4.3392573786099655,2.91236292024228,nan,0.9108128785660782,0.022870298475479976,0.0,0.0,0.0,0.0,0.0,0.0,0.0,0.0,0.0,0.0,0.0,0.0,0.0,0.0,0.0,0.0,0.0,0.0,0.0,0.0,0.0,0.0,0.0,0.0,0.01191895113230036,0.7985697258641241,8.915375446960669,15.518474374255069,4.541120381406437,0.2145411203814065,0.911119358222372,0.02293621515687639,0.0,0.0,0.0,0.0,0.0,0.0,0.0,0.0,0.0,0.0,0.0,0.0,0.0,0.0,0.0,0.0,0.0,0.0,0.0,0.0,0.0,0.0,0.0,0.0,0.0,0.8626609442060088,8.34334763948498,15.888412017167385,4.712446351931331,0.19313304721030047,0.4038,0.011696,0.0,0.0,0.0,0.0,0.0,0.0,0.0,0.0,0.0,0.0,0.02383790226460072,10.822407628128708,19.034564958283674,0.1191895113230036,0.0,0.0,0.0,0.0,0.0,0.0,0.0,0.0,0.0,0.0,0.0,0.0,0.0,0.0,0.0,0.0,0.404,0.01181,0.0,0.0,0.0,0.0,0.0,0.0,0.0,0.0,0.0,0.0,0.025751072961373397,10.738197424892688,18.965665236051507,0.2703862660944206,0.0,0.0,0.0,0.0,0.0,0.0,0.0,0.0,0.0,0.0,0.0,0.0,0.0,0.0,0.0,0.0
61500,4852,2528,0.5210222588623248,1203,1004,0.4548639736191261,1391,0.5733718054410553,0.3980000000000001,2.9746127366609296,3.0796583001846645,6.544478527607362,2.058839286247023,8381.00395713108,506.2519445992844,7853.0,8866.4,8866.399999999998,1.8189894035458565e-12,7853.0,0.0,27.737840065952184,20.519382049358338,32.700688637481555,18.702151526878858,0.13870568837592745,0.10263808738664468,0.08862324814509481,0.08697444352844189,0.08244023083264633,0.07234130255564715,0.07440230832646332,0.06430338004946413,0.05976916735366859,0.05605935696619951,0.04760923330585325,0.04018961253091509,0.031739488870568835,0.023495465787304205,0.016900247320692497,0.008244023083264633,0.005564715581203627,0.9105313367103607,0.022709339505391384,0.0,0.0,0.0,0.0,0.0,0.0,0.0,0.0,0.0,0.0,0.0,0.0,0.0,0.0,0.0,0.0,0.0,0.0,0.0,0.0,0.0,0.0,0.0,0.0,0.037098103874690855,0.7110469909315748,8.829348722176423,15.568837592745263,4.730008244023084,0.12366034624896952,4.358418367346939,2.907981723209378,nan,nan,nan,4.402392947103275,2.9236582647633464,4.3133074935400515,2.8911168708208392,0.9797643112203692,0.4038,0.01175,0.0,0.0,0.0,0.0,0.0,0.0,0.0,0.0,0.0,0.0,0.018549051937345427,11.073784006595202,18.74072547403133,0.16694146743610888,0.0,0.0,0.0,0.0,0.0,0.0,0.0,0.0,0.0,0.0,0.0,0.0,0.0,0.0,0.0,0.0,nan,nan,4.358418367346939,2.907981723209378,nan,0.4038,0.0635,0.0,0.0,0.0,0.0,0.0,0.0,0.0,0.0,0.0,0.0,0.0,0.0,0.0,0.0,0.0,0.0,0.0,0.0,0.0,0.001082028029678483,0.0,5.152514427040396e-05,8.244023083264634e-05,0.0018342951360263808,0.00025762572135201977,0.0017518549051937346,0.00015457543281121187,0.0014633140972794723,0.013293487221764221,0.004255976916735367,0.02496908491343776,0.01734336356141797,0.044981450948062655,0.050587386644682604,0.038571723000824405,0.06691055234954658,0.038561417971970324,0.03780915086562242,0.05501854905193734,0.06784830997526793,0.058398598516075845,0.06387056883759275,0.06129431162407255,0.05845012366034625,0.04128194558944765,0.042394888705688374,0.023990107172300084,0.03968466611706513,0.045146331409727944,0.01407666941467436,0.0216199505358615,0.018579967023907667,0.006018136850783182,0.008821104699093158,0.010222588623248145,0.009552761747732893,0.00767724649629019,0.0005461665292662819,0.0014220939818631493,0.0001236603462489695,0.0,0.0,0.0,0.0,0.0,0.0,0.0,0.0,0.0,0.0,0.0,0.0,0.0,0.0,0.0,0.0,0.0,0.0,0.0,0.0,0.0,0.0,0.0,0.0,0.0,0.0,0.0,0.0,0.0,0.0,0.0,0.0,0.0,0.0,0.0,0.0,0.0,0.0,0.0,0.0,0.0,nan,nan,4.358418367346939,2.907981723209378,nan,0.9106639874038063,0.023102824742903684,0.0,0.0,0.0,0.0,0.0,0.0,0.0,0.0,0.0,0.0,0.0,0.0,0.0,0.0,0.0,0.0,0.0,0.0,0.0,0.0,0.0,0.0,0.0,0.0,0.04746835443037976,0.8425632911392407,8.425632911392407,15.795094936708864,4.758702531645571,0.13053797468354433,0.910387041980141,0.02227252513662816,0.0,0.0,0.0,0.0,0.0,0.0,0.0,0.0,0.0,0.0,0.0,0.0,0.0,0.0,0.0,0.0,0.0,0.0,0.0,0.0,0.0,0.0,0.0,0.0,0.025817555938037872,0.5679862306368332,9.268502581755595,15.322719449225476,4.698795180722892,0.11617900172117042,0.4036,0.01173,0.0,0.0,0.0,0.0,0.0,0.0,0.0,0.0,0.0,0.0,0.02373417721518988,11.439873417721504,18.35838607594937,0.17800632911392408,0.0,0.0,0.0,0.0,0.0,0.0,0.0,0.0,0.0,0.0,0.0,0.0,0.0,0.0,0.0,0.0,0.4043,0.01176,0.0,0.0,0.0,0.0,0.0,0.0,0.0,0.0,0.0,0.0,0.012908777969018936,10.675559380378642,19.1566265060241,0.15490533562822723,0.0,0.0,0.0,0.0,0.0,0.0,0.0,0.0,0.0,0.0,0.0,0.0,0.0,0.0,0.0,0.0
61600,4784,2455,0.5131688963210702,1134,985,0.4429347826086957,1382,0.5777591973244147,0.4180000000000001,3.0296264491197937,3.098563759247264,6.567809239940387,2.095579294042471,8373.045359531772,506.52422585594815,7853.0,8866.4,8866.399999999998,1.8189894035458565e-12,7853.0,0.0,28.17872073578595,21.040901171511226,33.16600298656048,19.26525095805516,0.13879598662207357,0.10430602006688963,0.09155518394648829,0.07859531772575251,0.07713210702341138,0.07692307692307693,0.06939799331103678,0.07148829431438126,0.05455685618729097,0.05246655518394649,0.046613712374581937,0.04013377926421405,0.03490802675585284,0.025292642140468228,0.018603678929765888,0.010660535117056856,0.008570234113712374,0.9109499206311726,0.02216584034017343,0.0,0.0,0.0,0.0,0.0,0.0,0.0,0.0,0.0,0.0,0.0,0.0,0.0,0.0,0.0,0.0,0.0,0.0,0.0,0.0,0.0,0.0,0.0,0.0,0.012541806020066893,0.702341137123746,8.603678929765888,15.896739130434785,4.615384615384616,0.16931438127090306,4.356842445810417,2.8769323627022594,nan,nan,nan,4.360051712992889,2.871572456831033,4.353626943005182,2.8822891028187025,0.9985264463793946,0.4043,0.01162,0.0,0.0,0.0,0.0,0.0,0.0,0.0,0.0,0.0,0.0,0.025083612040133787,10.779682274247476,19.03846153846154,0.15677257525083615,0.0,0.0,0.0,0.0,0.0,0.0,0.0,0.0,0.0,0.0,0.0,0.0,0.0,0.0,0.0,0.0,nan,nan,4.356842445810417,2.8769323627022594,nan,0.4043,0.0632,0.0,0.0,0.0,0.0,0.0,0.0,0.0,0.0,0.0,0.0,0.0,0.0,0.0,0.0,0.0,0.0,0.0,0.0,0.0,0.0009406354515050167,0.0,0.0,0.00016722408026755852,0.0022679765886287626,0.000512123745819398,0.002079849498327759,0.0003553511705685619,0.0010556020066889633,0.013095735785953177,0.0038357023411371236,0.023442725752508362,0.017171822742474915,0.04526546822742475,0.04756479933110368,0.037729933110367896,0.0663252508361204,0.036298076923076926,0.03999790969899666,0.05470317725752508,0.07367265886287626,0.05859113712374582,0.06555183946488294,0.06024247491638796,0.05831939799331104,0.039485785953177255,0.04366638795986622,0.025156772575250837,0.03875418060200669,0.04548494983277592,0.013503344481605352,0.022512541806020067,0.018060200668896322,0.006448578595317726,0.008444816053511706,0.010869565217391304,0.009228678929765886,0.0072951505016722405,0.0003553511705685619,0.0015154682274247492,3.135451505016722e-05,0.0,0.0,0.0,0.0,0.0,0.0,0.0,0.0,0.0,0.0,0.0,0.0,0.0,0.0,0.0,0.0,0.0,0.0,0.0,0.0,0.0,0.0,0.0,0.0,0.0,0.0,0.0,0.0,0.0,0.0,0.0,0.0,0.0,0.0,0.0,0.0,0.0,0.0,0.0,0.0,0.0,nan,nan,4.356842445810417,2.8769323627022594,nan,0.910709334755138,0.022312381967476338,0.0,0.0,0.0,0.0,0.0,0.0,0.0,0.0,0.0,0.0,0.0,0.0,0.0,0.0,0.0,0.0,0.0,0.0,0.0,0.0,0.0,0.0,0.0,0.0,0.024439918533604894,0.7331975560081468,8.59063136456212,15.9837067209776,4.472505091649695,0.19551934826883915,0.9112035223167309,0.02200746732459846,0.0,0.0,0.0,0.0,0.0,0.0,0.0,0.0,0.0,0.0,0.0,0.0,0.0,0.0,0.0,0.0,0.0,0.0,0.0,0.0,0.0,0.0,0.0,0.0,0.0,0.6698153714040362,8.617432374409619,15.805066552168316,4.765993988836411,0.14169171318162305,0.404,0.01166,0.0,0.0,0.0,0.0,0.0,0.0,0.0,0.0,0.0,0.0,0.024439918533604894,11.046843177189393,18.782077393075358,0.14663951120162935,0.0,0.0,0.0,0.0,0.0,0.0,0.0,0.0,0.0,0.0,0.0,0.0,0.0,0.0,0.0,0.0,0.4043,0.01158,0.0,0.0,0.0,0.0,0.0,0.0,0.0,0.0,0.0,0.0,0.02576212966938601,10.49806784027478,19.308716187204812,0.16745384285100906,0.0,0.0,0.0,0.0,0.0,0.0,0.0,0.0,0.0,0.0,0.0,0.0,0.0,0.0,0.0,0.0
61700,4955,2558,0.5162462159434914,1217,1020,0.45146316851664986,1447,0.5840565085771947,0.34600000000000003,2.880267000417188,2.982401212396848,6.312857142857143,2.135577635379874,8376.163915237135,506.432453042915,7853.0,8866.4,8866.399999999998,1.8189894035458565e-12,7853.0,0.0,28.42119071644803,20.643062252666432,33.21684160305343,18.80860999308181,0.13239152371342078,0.09545913218970736,0.09323915237134207,0.08577194752774975,0.07406659939455096,0.07628657921291625,0.07406659939455096,0.06962663975782038,0.059939455095862765,0.05570131180625631,0.05227043390514632,0.041977800201816344,0.029667003027245207,0.0260343087790111,0.01574167507568113,0.011301715438950555,0.006458123107971746,0.9108988048330205,0.023245569964499935,0.0,0.0,0.0,0.0,0.0,0.0,0.0,0.0,0.0,0.0,0.0,0.0,0.0,0.0,0.0,0.0,0.0,0.0,0.0,0.0,0.0,0.0,0.0,0.0,0.006054490413723513,0.8960645812310799,8.797174571140264,15.299697275479316,4.776992936427852,0.22401614530776998,4.138820638820639,2.7883606069630726,nan,nan,nan,4.0919899874843555,2.7623289986478508,4.183956574185766,2.812484364773411,1.0224747829253484,0.4053,0.01183,0.0,0.0,0.0,0.0,0.0,0.0,0.0,0.0,0.0,0.0,0.01816347124117054,9.880928355196756,19.901109989909187,0.19979818365287594,0.0,0.0,0.0,0.0,0.0,0.0,0.0,0.0,0.0,0.0,0.0,0.0,0.0,0.0,0.0,0.0,nan,nan,4.138820638820639,2.7883606069630726,nan,0.4053,0.063,0.0,0.0,0.0,0.0,0.0,0.0,0.0,0.0,0.0,0.0,0.0,0.0,0.0,0.0,0.0,0.0,0.0,0.0,0.0,0.0008678102926337033,0.0,0.0,0.0002926337033299697,0.0024924318869828455,0.0005549949545913218,0.0017457114026236125,0.0004742684157416751,0.000887991927346115,0.012411705348133198,0.003632694248234107,0.023703329969727547,0.017527749747729564,0.043198789101917254,0.04435923309788093,0.038213925327951564,0.06359233097880929,0.036458123107971745,0.03781029263370333,0.055418768920282545,0.07210898082744702,0.05975782038345106,0.067598385469223,0.06226034308779011,0.061099899091826435,0.041180625630676086,0.04214934409687185,0.02445005045408678,0.04046417759838547,0.04634712411705348,0.012219979818365288,0.02353178607467205,0.018456104944500503,0.006437941473259334,0.008506559031281533,0.011755802219979818,0.009878910191725529,0.006024217961654894,0.0004439959636730575,0.0016750756811301716,1.0090817356205853e-05,0.0,0.0,0.0,0.0,0.0,0.0,0.0,0.0,0.0,0.0,0.0,0.0,0.0,0.0,0.0,0.0,0.0,0.0,0.0,0.0,0.0,0.0,0.0,0.0,0.0,0.0,0.0,0.0,0.0,0.0,0.0,0.0,0.0,0.0,0.0,0.0,0.0,0.0,0.0,0.0,0.0,nan,nan,4.138820638820639,2.7883606069630726,nan,0.9106934990521238,0.02344124542713636,0.0,0.0,0.0,0.0,0.0,0.0,0.0,0.0,0.0,0.0,0.0,0.0,0.0,0.0,0.0,0.0,0.0,0.0,0.0,0.0,0.0,0.0,0.0,0.0,0.0,0.9734167318217359,8.866301798279908,15.211102423768573,4.702892885066459,0.24628616106333076,0.9111179004473442,0.023032899728294,0.0,0.0,0.0,0.0,0.0,0.0,0.0,0.0,0.0,0.0,0.0,0.0,0.0,0.0,0.0,0.0,0.0,0.0,0.0,0.0,0.0,0.0,0.0,0.0,0.012515644555694622,0.8135168961201503,8.723404255319151,15.394242803504383,4.856070087609512,0.20025031289111395,0.4053,0.01168,0.0,0.0,0.0,0.0,0.0,0.0,0.0,0.0,0.0,0.0,0.0,10.027365129007023,19.820172009382336,0.15246286161063335,0.0,0.0,0.0,0.0,0.0,0.0,0.0,0.0,0.0,0.0,0.0,0.0,0.0,0.0,0.0,0.0,0.405,0.01199,0.0,0.0,0.0,0.0,0.0,0.0,0.0,0.0,0.0,0.0,0.03754693366708386,9.724655819774705,19.98748435544431,0.25031289111389243,0.0,0.0,0.0,0.0,0.0,0.0,0.0,0.0,0.0,0.0,0.0,0.0,0.0,0.0,0.0,0.0
61800,4217,2131,0.505335546597107,1015,858,0.44415461228361397,1174,0.5567939293336495,0.4220000000000001,2.9511025886864815,3.117160345780566,6.6006884681583475,2.2207594042397614,8365.107042921507,506.67114964920273,7853.0,8866.4,8866.4,0.0,7853.0,0.0,27.931942138961347,21.0966106998175,33.14477058991166,19.29672942415818,0.1444154612283614,0.10291676547308513,0.08892577661844914,0.0858430163623429,0.07683187099834005,0.07469765235949727,0.07042921508181171,0.0652122361868627,0.05382973677970121,0.05240692435380603,0.04932416409769979,0.03746739388190657,0.03106473796537823,0.0305904671567465,0.017073749110742234,0.010671093194213896,0.008299739151055252,0.9100610280817144,0.022827320915124415,0.0,0.0,0.0,0.0,0.0,0.0,0.0,0.0,0.0,0.0,0.0,0.0,0.0,0.0,0.0,0.0,0.0,0.0,0.0,0.0,0.0,0.0,0.0,0.0,0.007114062129475933,0.7967749585013044,9.170026084894477,15.508655442257533,4.311121650462415,0.20630780175480204,4.275036818851252,2.855990493624812,nan,nan,nan,4.275167785234899,2.8177903834789046,4.274909090909091,2.8927601620894707,0.9999394890823463,0.4062,0.01196,0.0,0.0,0.0,0.0,0.0,0.0,0.0,0.0,0.0,0.0,0.0,9.269622954707124,20.331989566042214,0.3983874792506522,0.0,0.0,0.0,0.0,0.0,0.0,0.0,0.0,0.0,0.0,0.0,0.0,0.0,0.0,0.0,0.0,nan,nan,4.275036818851252,2.855990493624812,nan,0.4062,0.06354,0.0,0.0,0.0,0.0,0.0,0.0,0.0,0.0,0.0,0.0,0.0,0.0,0.0,0.0,0.0,0.0,0.0,0.0,0.0,0.0009485416172634575,0.0,0.0,0.0003201327958264169,0.0023713540431586438,0.0009129713066160777,0.0016955181408584302,0.0005572682001422812,0.0008892577661844914,0.011773772824282665,0.003746739388190657,0.02442494664453403,0.017690301161963483,0.042826654019445104,0.04309935973440835,0.03662556319658525,0.06258003319895661,0.03540431586435855,0.03865307090348589,0.054873132558691015,0.07003794166469055,0.058892577661844914,0.06824756936210576,0.06254446288830923,0.05963955418543988,0.042091534266065926,0.04215081811714489,0.024531657576476167,0.04070429215081812,0.04887360682949964,0.012319184254209154,0.023417121176191606,0.020903485890443444,0.006118093431349301,0.008608015176665876,0.01263931705003557,0.010374673938819065,0.006307801754801992,0.0004031301873369694,0.0016599478302110505,0.00011856770215793219,2.3713540431586436e-05,0.0,0.0,0.0,0.0,0.0,0.0,0.0,0.0,0.0,0.0,0.0,0.0,0.0,0.0,0.0,0.0,0.0,0.0,0.0,0.0,0.0,0.0,0.0,0.0,0.0,0.0,0.0,0.0,0.0,0.0,0.0,0.0,0.0,0.0,0.0,0.0,0.0,0.0,0.0,0.0,nan,nan,4.275036818851252,2.855990493624812,nan,0.9100115750105602,0.02238010470155456,0.0,0.0,0.0,0.0,0.0,0.0,0.0,0.0,0.0,0.0,0.0,0.0,0.0,0.0,0.0,0.0,0.0,0.0,0.0,0.0,0.0,0.0,0.0,0.0,0.0,0.7320506804317224,9.27733458470202,15.58423275457532,4.251525105584234,0.1548568747067105,0.9101115479736749,0.023275204893915415,0.0,0.0,0.0,0.0,0.0,0.0,0.0,0.0,0.0,0.0,0.0,0.0,0.0,0.0,0.0,0.0,0.0,0.0,0.0,0.0,0.0,0.0,0.0,0.0,0.01438159156279962,0.8628954937679773,9.06040268456376,15.431447746883991,4.372003835091085,0.2588686481303932,0.4058,0.01201,0.0,0.0,0.0,0.0,0.0,0.0,0.0,0.0,0.0,0.0,0.0,9.826372595025795,19.73721257625528,0.4364148287189114,0.0,0.0,0.0,0.0,0.0,0.0,0.0,0.0,0.0,0.0,0.0,0.0,0.0,0.0,0.0,0.0,0.4067,0.01189,0.0,0.0,0.0,0.0,0.0,0.0,0.0,0.0,0.0,0.0,0.0,8.700862895493756,20.939597315436245,0.35953978906999046,0.0,0.0,0.0,0.0,0.0,0.0,0.0,0.0,0.0,0.0,0.0,0.0,0.0,0.0,0.0,0.0
61900,4437,2316,0.521974306964165,1066,921,0.447825107054316,1271,0.5729096236195628,0.3980000000000001,2.983969825553984,3.0253880151448977,6.413848631239936,2.0667761003328695,8381.968762677483,506.21042285675395,7853.0,8866.4,8866.4,0.0,7853.0,0.0,28.416497633536174,21.011594684726518,33.27488657592741,19.246333891118343,0.13500112688753663,0.10006761325219743,0.08744647284201036,0.0836150552174893,0.08767185034933514,0.07662835249042145,0.06558485463150777,0.06355645706558485,0.06152805949966193,0.052963714221320714,0.04439936894297949,0.03966644128915934,0.03696191120126211,0.02659454586432274,0.02028397565922921,0.01104349785891368,0.006986702727067838,0.9087441388701489,0.022798721956242447,0.0,0.0,0.0,0.0,0.0,0.0,0.0,0.0,0.0,0.0,0.0,0.0,0.0,0.0,0.0,0.0,0.0,0.0,0.0,0.0,0.0,0.0,0.0,0.0,0.013522650439486143,1.0074374577417176,9.405003380662611,15.246788370520626,4.219066937119676,0.10818120351588914,4.221647707687005,2.841466752774126,nan,nan,nan,4.305980528511822,2.828103618102628,4.140902872777017,2.8519048291843454,0.961663167159779,0.407,0.01176,0.0,0.0,0.0,0.0,0.0,0.0,0.0,0.0,0.0,0.0,0.020283975659229212,8.573360378634199,21.068289384719407,0.33806626098715353,0.0,0.0,0.0,0.0,0.0,0.0,0.0,0.0,0.0,0.0,0.0,0.0,0.0,0.0,0.0,0.0,nan,nan,4.221647707687005,2.841466752774126,nan,0.407,0.06335,0.0,0.0,0.0,0.0,0.0,0.0,0.0,0.0,0.0,0.0,0.0,0.0,0.0,0.0,0.0,0.0,0.0,0.0,0.0,0.0010592742844264143,0.0,0.0,0.0005183682668469686,0.0016001803020058599,0.0008677034032003606,0.0016452558034708135,0.0005296371422132072,0.001002929907595222,0.012767635789948164,0.003887762001352265,0.024374577417173766,0.018852828487716924,0.0428780707685373,0.03995943204868154,0.03415596123506874,0.06016452558034708,0.034494027496055894,0.03777327022763128,0.0552738336713996,0.06798512508451657,0.05816993464052288,0.07010367365336939,0.06226053639846743,0.06152805949966193,0.043407707910750506,0.044162722560288484,0.02608744647284201,0.04237097137705657,0.051205769664187516,0.011212530989407258,0.02230110434978589,0.021591165201712868,0.006479603335587108,0.008260085643452783,0.013533919314852377,0.010311020960108181,0.00545413567725941,0.000450755014649538,0.0010705431597926526,0.0002479152580572459,0.0,0.0,0.0,0.0,0.0,0.0,0.0,0.0,0.0,0.0,0.0,0.0,0.0,0.0,0.0,0.0,0.0,0.0,0.0,0.0,0.0,0.0,0.0,0.0,0.0,0.0,0.0,0.0,0.0,0.0,0.0,0.0,0.0,0.0,0.0,0.0,0.0,0.0,0.0,0.0,0.0,nan,nan,4.221647707687005,2.841466752774126,nan,0.908983102914377,0.02360929033520762,0.0,0.0,0.0,0.0,0.0,0.0,0.0,0.0,0.0,0.0,0.0,0.0,0.0,0.0,0.0,0.0,0.0,0.0,0.0,0.0,0.0,0.0,0.0,0.0,0.012953367875647671,1.0880829015544042,9.650259067357515,14.559585492227983,4.533678756476685,0.15544041450777205,0.9084832050057303,0.021876380060188726,0.0,0.0,0.0,0.0,0.0,0.0,0.0,0.0,0.0,0.0,0.0,0.0,0.0,0.0,0.0,0.0,0.0,0.0,0.0,0.0,0.0,0.0,0.0,0.0,0.014144271570014147,0.9193776520509196,9.137199434229139,15.997171145686,3.8755304101838766,0.05657708628005659,0.4067,0.01183,0.0,0.0,0.0,0.0,0.0,0.0,0.0,0.0,0.0,0.0,0.012953367875647671,8.65284974093263,21.036269430051817,0.29792746113989643,0.0,0.0,0.0,0.0,0.0,0.0,0.0,0.0,0.0,0.0,0.0,0.0,0.0,0.0,0.0,0.0,0.407,0.01166,0.0,0.0,0.0,0.0,0.0,0.0,0.0,0.0,0.0,0.0,0.028288543140028294,8.486562942008474,21.103253182461106,0.381895332390382,0.0,0.0,0.0,0.0,0.0,0.0,0.0,0.0,0.0,0.0,0.0,0.0,0.0,0.0,0.0,0.0
62000,4289,2224,0.5185357892282584,1079,828,0.4446257868967125,1177,0.5488458848216368,0.4220000000000001,3.0886198547215495,3.1849207794273413,6.762295081967213,2.0679176137334214,8378.484168803918,506.3517008980475,7853.0,8866.4,8866.400000000001,1.8189894035458565e-12,7853.0,0.0,28.075775238983447,20.88312731703189,32.80358126721763,19.21555953443347,0.13453019351830264,0.09839123338773607,0.09885754255071112,0.08673350431335976,0.08300303100955934,0.07507577523898344,0.06644905572394498,0.06435066449055724,0.05992072744229424,0.05059454418279319,0.04872930753089298,0.03637211471205409,0.031942177663791094,0.02657962228957799,0.021217066915364888,0.009093028678013523,0.008160410352063418,0.9086051521864936,0.022868221770642124,0.0,0.0,0.0,0.0,0.0,0.0,0.0,0.0,0.0,0.0,0.0,0.0,0.0,0.0,0.0,0.0,0.0,0.0,0.0,0.0,0.0,0.0,0.0,0.0,0.020983912333877364,0.993238517136862,9.358824900909305,15.507111214735373,3.9589647936581964,0.16087666122639313,4.312885662431942,2.891271836835276,nan,nan,nan,4.333818181818182,2.891715747950021,4.292028985507247,2.8906787125949673,0.9903574182031321,0.4075,0.011894,0.0,0.0,0.0,0.0,0.0,0.0,0.0,0.0,0.0,0.0,0.006994637444625788,7.966892049428759,21.627418978782938,0.39869433434366996,0.0,0.0,0.0,0.0,0.0,0.0,0.0,0.0,0.0,0.0,0.0,0.0,0.0,0.0,0.0,0.0,nan,nan,4.312885662431942,2.891271836835276,nan,0.4075,0.06323,0.0,0.0,0.0,0.0,0.0,0.0,0.0,0.0,0.0,0.0,0.0,0.0,0.0,0.0,0.0,0.0,0.0,0.0,0.0,0.0010258801585451155,1.1657729074376311e-05,0.0,0.00025647003963627887,0.0015971088831895548,0.0012240615528095126,0.0014455584052226627,0.00018652366519002097,0.0010258801585451155,0.013359757519235254,0.0028328281650734435,0.02404989508043833,0.018127768710655166,0.04515038470505946,0.040871998134763346,0.03188388901841921,0.0572860806714852,0.03441361622755887,0.0382373513639543,0.05564234087199813,0.06628584751690371,0.05694800652832828,0.07364187456283516,0.06056190254138494,0.06363954301702028,0.04384471904872931,0.045231988808580086,0.025926789461412917,0.042270925623688504,0.05186523665190021,0.010608533457682444,0.0213103287479599,0.02284914898577757,0.006936348799253905,0.007379342504080205,0.014630449988342271,0.010515271625087433,0.005700629517370016,0.00024481231056190254,0.0008510142224294708,0.00011657729074376311,1.1657729074376311e-05,0.0,0.0,0.0,0.0,0.0,0.0,0.0,0.0,0.0,0.0,0.0,0.0,0.0,0.0,0.0,0.0,0.0,0.0,0.0,0.0,0.0,0.0,0.0,0.0,0.0,0.0,0.0,0.0,0.0,0.0,0.0,0.0,0.0,0.0,0.0,0.0,0.0,0.0,0.0,0.0,nan,nan,4.312885662431942,2.891271836835276,nan,0.9087908715277696,0.023156455548987376,0.0,0.0,0.0,0.0,0.0,0.0,0.0,0.0,0.0,0.0,0.0,0.0,0.0,0.0,0.0,0.0,0.0,0.0,0.0,0.0,0.0,0.0,0.0,0.0,0.0,1.1196043165467628,9.267086330935253,15.431654676258995,3.9658273381294973,0.21582733812949645,0.908405132905623,0.02255196456049662,0.0,0.0,0.0,0.0,0.0,0.0,0.0,0.0,0.0,0.0,0.0,0.0,0.0,0.0,0.0,0.0,0.0,0.0,0.0,0.0,0.0,0.0,0.0,0.0,0.04358353510895884,0.8571428571428573,9.45762711864407,15.588377723970948,3.9515738498789355,0.10169491525423732,0.407,0.01205,0.0,0.0,0.0,0.0,0.0,0.0,0.0,0.0,0.0,0.0,0.0,8.471223021582722,21.124100719424465,0.40467625899280585,0.0,0.0,0.0,0.0,0.0,0.0,0.0,0.0,0.0,0.0,0.0,0.0,0.0,0.0,0.0,0.0,0.4077,0.011696,0.0,0.0,0.0,0.0,0.0,0.0,0.0,0.0,0.0,0.0,0.014527845036319617,7.423728813559311,22.169491525423734,0.39225181598062964,0.0,0.0,0.0,0.0,0.0,0.0,0.0,0.0,0.0,0.0,0.0,0.0,0.0,0.0,0.0,0.0
62100,4454,2355,0.5287382128423889,1132,907,0.4577907498877414,1238,0.5559048046699596,0.3940000000000001,2.971414959504526,3.105903099370996,6.647863247863248,2.1528989913065915,8388.823304894477,505.86235589537904,7853.0,8866.4,8866.399999999998,1.8189894035458565e-12,7853.0,0.0,28.761113605747642,21.013551259215806,33.48230322239831,19.242367428586043,0.1293219577907499,0.10058374494836102,0.08419398293668612,0.0873372249663224,0.08172429277054333,0.07723394701392007,0.0648854961832061,0.07027391109115402,0.05994611585092052,0.052537045352492144,0.04804669959586888,0.044678940278401434,0.030983385720700495,0.030309833857207005,0.019982038616973508,0.010327795240233499,0.007633587786259542,0.9101082511316462,0.02298600468862956,0.0,0.0,0.0,0.0,0.0,0.0,0.0,0.0,0.0,0.0,0.0,0.0,0.0,0.0,0.0,0.0,0.0,0.0,0.0,0.0,0.0,0.0,0.0,0.0,0.020206555904804673,0.8621463852716661,8.823529411764708,15.59946115850921,4.472384373596768,0.22227211495285143,4.199249402934152,2.959157806910277,nan,nan,nan,4.1946902654867255,2.928501126091862,4.203830369357045,2.989637661103174,1.002178969910013,0.4075,0.01156,0.0,0.0,0.0,0.0,0.0,0.0,0.0,0.0,0.0,0.0,0.0,7.718904355635373,21.930848675348006,0.3502469690166144,0.0,0.0,0.0,0.0,0.0,0.0,0.0,0.0,0.0,0.0,0.0,0.0,0.0,0.0,0.0,0.0,nan,nan,4.199249402934152,2.959157806910277,nan,0.4075,0.0629,0.0,0.0,0.0,0.0,0.0,0.0,0.0,0.0,0.0,0.0,0.0,0.0,0.0,0.0,0.0,0.0,0.0,0.0,0.0,0.0008419398293668612,0.0,3.367759317467445e-05,0.00041535698248765154,0.001796138302649304,0.000898069151324652,0.0014256847777278851,0.0001796138302649304,0.0008868432869330938,0.01329142343960485,0.0020767849124382577,0.024405029187247417,0.017748091603053434,0.04379209699146834,0.04307364167040862,0.030960933991917378,0.056567130669061515,0.03130893578805568,0.03869555455770094,0.05624158060170633,0.06874719353390212,0.05801526717557252,0.07264256847777278,0.06390884598114055,0.0660417602155366,0.042736865738661874,0.04472384373596767,0.026627750336775932,0.040211046250561294,0.05079703637180063,0.011607543780871128,0.01869106421194432,0.023709025594970814,0.0064436461607543785,0.008138751683879659,0.014470139200718456,0.010159407274360125,0.006275258194881006,0.00034800179613830265,0.0009317467444993265,7.858105074090705e-05,5.612932195779075e-05,0.0,0.0,0.0,0.0,0.0,0.0,0.0,0.0,0.0,0.0,0.0,0.0,0.0,0.0,0.0,0.0,0.0,0.0,0.0,0.0,0.0,0.0,0.0,0.0,0.0,0.0,0.0,0.0,0.0,0.0,0.0,0.0,0.0,0.0,0.0,0.0,0.0,0.0,0.0,0.0,nan,nan,4.199249402934152,2.959157806910277,nan,0.9097992961573753,0.022966572346285942,0.0,0.0,0.0,0.0,0.0,0.0,0.0,0.0,0.0,0.0,0.0,0.0,0.0,0.0,0.0,0.0,0.0,0.0,0.0,0.0,0.0,0.0,0.0,0.0,0.02547770700636943,0.9171974522292996,8.7515923566879,15.681528662420385,4.3949044585987265,0.2292993630573249,0.9104548871318404,0.023002848410911696,0.0,0.0,0.0,0.0,0.0,0.0,0.0,0.0,0.0,0.0,0.0,0.0,0.0,0.0,0.0,0.0,0.0,0.0,0.0,0.0,0.0,0.0,0.0,0.0,0.014292520247737021,0.8003811338732733,8.904240114340164,15.507384468794667,4.55931395902811,0.21438780371605531,0.4077,0.01164,0.0,0.0,0.0,0.0,0.0,0.0,0.0,0.0,0.0,0.0,0.0,7.5796178343948934,22.050955414012744,0.3694267515923568,0.0,0.0,0.0,0.0,0.0,0.0,0.0,0.0,0.0,0.0,0.0,0.0,0.0,0.0,0.0,0.0,0.4072,0.011475,0.0,0.0,0.0,0.0,0.0,0.0,0.0,0.0,0.0,0.0,0.0,7.875178656503085,21.796093377798954,0.3287279656979515,0.0,0.0,0.0,0.0,0.0,0.0,0.0,0.0,0.0,0.0,0.0,0.0,0.0,0.0,0.0,0.0
62200,4442,2276,0.5123818099954975,1063,939,0.45069788383610987,1266,0.570013507429086,0.4140000000000001,2.992151431209603,3.1197155928990323,6.684474123539232,2.2219746400630522,8372.247726249438,506.54461261173134,7853.0,8866.4,8866.4,0.0,7853.0,0.0,27.64565511031067,20.72710413498516,32.76424520658925,18.900046837879405,0.14227825303917155,0.0970283656010806,0.09590274651058082,0.08599729851418281,0.08126969833408375,0.08104457451598379,0.07113912651958577,0.062134173795587576,0.0565060783430887,0.0520036019810896,0.044574515983791085,0.03804592525889239,0.03601981089599279,0.021611886537595677,0.014858171994597028,0.012832057631697433,0.00675371454299865,0.9094399615941097,0.022476503679672234,0.0,0.0,0.0,0.0,0.0,0.0,0.0,0.0,0.0,0.0,0.0,0.0,0.0,0.0,0.0,0.0,0.0,0.0,0.0,0.0,0.0,0.0,0.0,0.0,0.0067537145429986505,0.8171994597028368,9.191805493021164,15.688878883385865,4.126519585772176,0.16884286357496625,4.288958770090845,2.8634196847654607,nan,nan,nan,4.194134078212291,2.833857391236653,4.383916083916084,2.889603993233906,1.0452493893053332,0.4072,0.01174,0.0,0.0,0.0,0.0,0.0,0.0,0.0,0.0,0.0,0.0,0.0067537145429986505,8.084196307969371,21.571364250337687,0.3376857271499325,0.0,0.0,0.0,0.0,0.0,0.0,0.0,0.0,0.0,0.0,0.0,0.0,0.0,0.0,0.0,0.0,nan,nan,4.288958770090845,2.8634196847654607,nan,0.4072,0.06323,0.0,0.0,0.0,0.0,0.0,0.0,0.0,0.0,0.0,0.0,0.0,0.0,0.0,0.0,0.0,0.0,0.0,0.0,2.2512381809995496e-05,0.000765420981539847,0.0,0.0,0.0007541647906348491,0.0017672219720846465,0.0009230076542098154,0.0013507429085997298,0.00016884286357496622,0.0007766771724448447,0.011593876632147681,0.0019022962629446196,0.02664340387212967,0.01654660063034669,0.04322377307519135,0.04539621791985592,0.033273300315173344,0.05666366501575867,0.03130346690679874,0.04096127870328681,0.05620216118865376,0.06911301215668618,0.05876857271499324,0.06831382260243134,0.0630009004952724,0.06635524538496172,0.042053129221071586,0.04176046825754165,0.02739756866276452,0.04155785682125169,0.05061909049977487,0.011233678523187754,0.017660963529941467,0.024268347591175146,0.006314723097703737,0.007339036470058532,0.015330932012606933,0.009590274651058082,0.006776226924808644,0.0006303466906798739,0.0013619990995047276,0.000135074290859973,0.00018009905447996397,0.0,0.0,0.0,0.0,0.0,0.0,0.0,0.0,0.0,0.0,0.0,0.0,0.0,0.0,0.0,0.0,0.0,0.0,0.0,0.0,0.0,0.0,0.0,0.0,0.0,0.0,0.0,0.0,0.0,0.0,0.0,0.0,0.0,0.0,0.0,0.0,0.0,0.0,0.0,0.0,nan,nan,4.288958770090845,2.8634196847654607,nan,0.9095101467544877,0.022334094287200637,0.0,0.0,0.0,0.0,0.0,0.0,0.0,0.0,0.0,0.0,0.0,0.0,0.0,0.0,0.0,0.0,0.0,0.0,0.0,0.0,0.0,0.0,0.0,0.0,0.013181019332161691,0.7381370826010547,9.27943760984183,15.632688927943764,4.2179261862917405,0.1186291739894552,0.9093662120904068,0.02262494494162633,0.0,0.0,0.0,0.0,0.0,0.0,0.0,0.0,0.0,0.0,0.0,0.0,0.0,0.0,0.0,0.0,0.0,0.0,0.0,0.0,0.0,0.0,0.0,0.0,0.0,0.9002770083102495,9.099722991689752,15.747922437673134,4.030470914127425,0.22160664819944603,0.4075,0.01158,0.0,0.0,0.0,0.0,0.0,0.0,0.0,0.0,0.0,0.0,0.0,7.829525483304031,21.840949033391922,0.32952548330404224,0.0,0.0,0.0,0.0,0.0,0.0,0.0,0.0,0.0,0.0,0.0,0.0,0.0,0.0,0.0,0.0,0.4072,0.01192,0.0,0.0,0.0,0.0,0.0,0.0,0.0,0.0,0.0,0.0,0.013850415512465377,8.35180055401661,21.288088642659282,0.34626038781163443,0.0,0.0,0.0,0.0,0.0,0.0,0.0,0.0,0.0,0.0,0.0,0.0,0.0,0.0,0.0,0.0
62300,4455,2272,0.5099887766554433,1107,895,0.44938271604938274,1242,0.5575757575757576,0.4060000000000001,2.9509848831882732,3.064862661596525,6.484126984126984,2.0859854623065797,8369.822626262625,506.59887725650066,7853.0,8866.4,8866.399999999998,1.8189894035458565e-12,7853.0,0.0,28.71784511784512,21.1249626610984,33.62397023651342,19.30775771053802,0.1355780022446689,0.09382716049382717,0.08125701459034793,0.0962962962962963,0.07699214365881032,0.08035914702581369,0.07003367003367003,0.061503928170594836,0.05813692480359147,0.053647586980920314,0.047362514029180694,0.04040404040404041,0.0388327721661055,0.025813692480359147,0.01840628507295174,0.013019079685746353,0.008529741863075197,0.9093723414187747,0.02285613112942746,0.0,0.0,0.0,0.0,0.0,0.0,0.0,0.0,0.0,0.0,0.0,0.0,0.0,0.0,0.0,0.0,0.0,0.0,0.0,0.0,0.0,0.0,0.0,0.0,0.0067340067340067354,0.8888888888888891,9.286195286195287,15.488215488215491,4.175084175084176,0.1548821548821549,4.179434797412325,2.8601757520425055,nan,nan,nan,4.089734874235214,2.854047062329409,4.269440654843111,2.8634892877957934,1.043940692033613,0.4075,0.01175,0.0,0.0,0.0,0.0,0.0,0.0,0.0,0.0,0.0,0.0,0.0,7.703703703703693,22.000000000000004,0.29629629629629634,0.0,0.0,0.0,0.0,0.0,0.0,0.0,0.0,0.0,0.0,0.0,0.0,0.0,0.0,0.0,0.0,nan,nan,4.179434797412325,2.8601757520425055,nan,0.4075,0.06335,0.0,0.0,0.0,0.0,0.0,0.0,0.0,0.0,0.0,0.0,0.0,0.0,0.0,0.0,0.0,0.0,0.0,0.0,0.0,0.0006734006734006734,0.0,0.0,0.000819304152637486,0.001638608305274972,0.0008529741863075196,0.00143658810325477,3.367003367003367e-05,0.0006846240179573513,0.010864197530864197,0.0013916947250280584,0.025454545454545455,0.016790123456790124,0.047474747474747475,0.0444668911335578,0.03364758698092032,0.05698092031425365,0.031369248035914704,0.03987654320987654,0.05333333333333334,0.06921436588103255,0.05757575757575758,0.069337822671156,0.06518518518518518,0.0672615039281706,0.04085297418630752,0.03874298540965208,0.028911335578002243,0.040145903479236814,0.051683501683501686,0.011616161616161616,0.01839506172839506,0.024769921436588103,0.007205387205387205,0.007407407407407408,0.014141414141414142,0.010190796857463524,0.007160493827160494,0.0007070707070707071,0.0011784511784511784,0.0002805836139169473,0.0002469135802469136,0.0,0.0,0.0,0.0,0.0,0.0,0.0,0.0,0.0,0.0,0.0,0.0,0.0,0.0,0.0,0.0,0.0,0.0,0.0,0.0,0.0,0.0,0.0,0.0,0.0,0.0,0.0,0.0,0.0,0.0,0.0,0.0,0.0,0.0,0.0,0.0,0.0,0.0,0.0,0.0,nan,nan,4.179434797412325,2.8601757520425055,nan,0.9089363250933903,0.0228560919833845,0.0,0.0,0.0,0.0,0.0,0.0,0.0,0.0,0.0,0.0,0.0,0.0,0.0,0.0,0.0,0.0,0.0,0.0,0.0,0.0,0.0,0.0,0.0,0.0,0.0,0.9507042253521129,9.322183098591552,15.580985915492962,4.014084507042254,0.13204225352112678,0.9098261339479884,0.022847336912708807,0.0,0.0,0.0,0.0,0.0,0.0,0.0,0.0,0.0,0.0,0.0,0.0,0.0,0.0,0.0,0.0,0.0,0.0,0.0,0.0,0.0,0.0,0.0,0.0,0.013742556115437475,0.8245533669262485,9.24874026568942,15.391662849289972,4.342647732478242,0.17865322950068718,0.4077,0.01157,0.0,0.0,0.0,0.0,0.0,0.0,0.0,0.0,0.0,0.0,0.0,7.6188380281690025,22.090669014084515,0.29049295774647893,0.0,0.0,0.0,0.0,0.0,0.0,0.0,0.0,0.0,0.0,0.0,0.0,0.0,0.0,0.0,0.0,0.4075,0.01193,0.0,0.0,0.0,0.0,0.0,0.0,0.0,0.0,0.0,0.0,0.0,7.792029317453035,21.905634448007334,0.30233623453962444,0.0,0.0,0.0,0.0,0.0,0.0,0.0,0.0,0.0,0.0,0.0,0.0,0.0,0.0,0.0,0.0
62400,4377,2301,0.5257025359835503,1055,886,0.4434544208361892,1222,0.5583733150559744,0.4180000000000001,2.920038535645472,3.0270716880006905,6.341296928327645,2.12804313895498,8385.746949965729,506.03008447866273,7853.0,8866.4,8866.4,0.0,7853.0,0.0,28.37125885309573,21.047514728679754,33.29140688533478,19.262294307793965,0.13753712588530959,0.09618460132510852,0.09824080420379255,0.07996344528215672,0.07425177061914554,0.07950651130911583,0.07173863376742061,0.061686086360520906,0.06282842129312315,0.05391820881882568,0.0411240575736806,0.04318026045236463,0.03495544893762851,0.027416038382453736,0.018277358921635824,0.010966415352981495,0.00822481151473612,0.9077189420357343,0.02239907857192298,0.0,0.0,0.0,0.0,0.0,0.0,0.0,0.0,0.0,0.0,0.0,0.0,0.0,0.0,0.0,0.0,0.0,0.0,0.0,0.0,0.0,0.0,0.0,0.0,0.0,0.9869773817683347,10.034270047978069,15.22275531185744,3.639479095270734,0.1165181631254284,4.242553191489361,2.8541430392160474,nan,nan,nan,4.22354590049054,2.8542851712194017,4.262212643678161,2.854882436265565,1.0091550427291747,0.407,0.01185,0.0,0.0,0.0,0.0,0.0,0.0,0.0,0.0,0.0,0.0,0.006854009595613436,8.163125428375588,21.521590130226187,0.3084304318026046,0.0,0.0,0.0,0.0,0.0,0.0,0.0,0.0,0.0,0.0,0.0,0.0,0.0,0.0,0.0,0.0,nan,nan,4.242553191489361,2.8541430392160474,nan,0.407,0.0639,0.0,0.0,0.0,0.0,0.0,0.0,0.0,0.0,0.0,0.0,0.0,0.0,0.0,0.0,0.0,0.0,0.0,0.0,0.0,0.001085218185972127,1.142334932602239e-05,9.138679460817912e-05,0.0010623714873200822,0.0016678090015992688,0.0008110578021475897,0.0016335389536212017,3.4270047978067166e-05,0.0009024445967557688,0.009789810372401187,0.0019990861320539183,0.02633082019648161,0.016746630111948824,0.05081105780214759,0.04645876170893306,0.031528444139821796,0.05771076079506511,0.02925519762394334,0.040038839387708476,0.05471784327164725,0.06941969385423806,0.05710532328078593,0.06915695681973955,0.06373086588987892,0.06596984235777931,0.0393877084761252,0.03976467900388394,0.02815855608864519,0.0416838016906557,0.04992003655471784,0.013034041580991546,0.016472469728124287,0.02365775645419237,0.00779072424034727,0.007676490747087046,0.013513822252684488,0.009527073337902673,0.008361891706648389,0.0007196710075394106,0.001347955220470642,0.0005483207676490747,0.0003655471784327165,0.0,0.0,0.0,0.0,0.0,0.0,0.0,0.0,0.0,0.0,0.0,0.0,0.0,0.0,0.0,0.0,0.0,0.0,0.0,0.0,0.0,0.0,0.0,0.0,0.0,0.0,0.0,0.0,0.0,0.0,0.0,0.0,0.0,0.0,0.0,0.0,0.0,0.0,0.0,0.0,nan,nan,4.242553191489361,2.8541430392160474,nan,0.9082832611783179,0.022487063207780995,0.0,0.0,0.0,0.0,0.0,0.0,0.0,0.0,0.0,0.0,0.0,0.0,0.0,0.0,0.0,0.0,0.0,0.0,0.0,0.0,0.0,0.0,0.0,0.0,0.0,1.003911342894394,9.830508474576273,15.20208604954368,3.8331160365058676,0.13037809647979143,0.9070934611363677,0.022284461015577052,0.0,0.0,0.0,0.0,0.0,0.0,0.0,0.0,0.0,0.0,0.0,0.0,0.0,0.0,0.0,0.0,0.0,0.0,0.0,0.0,0.0,0.0,0.0,0.0,0.0,0.9682080924855494,10.260115606936418,15.245664739884397,3.4248554913294806,0.10115606936416188,0.407,0.0116,0.0,0.0,0.0,0.0,0.0,0.0,0.0,0.0,0.0,0.0,0.0,7.979139504563222,21.720990873533253,0.29986962190352023,0.0,0.0,0.0,0.0,0.0,0.0,0.0,0.0,0.0,0.0,0.0,0.0,0.0,0.0,0.0,0.0,0.407,0.01213,0.0,0.0,0.0,0.0,0.0,0.0,0.0,0.0,0.0,0.0,0.014450867052023125,8.367052023121374,21.300578034682083,0.31791907514450873,0.0,0.0,0.0,0.0,0.0,0.0,0.0,0.0,0.0,0.0,0.0,0.0,0.0,0.0,0.0,0.0
62500,4542,2365,0.520695728753853,1086,933,0.44451783355350066,1291,0.5684720387494496,0.4020000000000001,2.9522278364722094,3.0878301948703863,6.521531100478469,2.106593026395303,8380.673051519154,506.2657613447454,7853.0,8866.4,8866.399999999998,1.8189894035458565e-12,7853.0,0.0,28.082342580361075,21.09394392355014,33.107142857142854,19.33639272029231,0.14222809335094672,0.09731395860854249,0.09555261999119331,0.09247027741083223,0.07463672391017173,0.0717745486569793,0.06803170409511229,0.057683839718185824,0.05922501100836636,0.057243505063848524,0.04381329810656099,0.041831792162043156,0.0361074416556583,0.02553940995156319,0.01673271686481726,0.012329370321444297,0.007485689123734038,0.9081815715168919,0.022772799181923147,0.0,0.0,0.0,0.0,0.0,0.0,0.0,0.0,0.0,0.0,0.0,0.0,0.0,0.0,0.0,0.0,0.0,0.0,0.0,0.0,0.0,0.0,0.0,0.0,0.026420079260237785,0.9180977542932631,9.973579920739764,14.881109643328934,4.088507265521797,0.1122853368560106,4.283959044368601,2.901320522879131,nan,nan,nan,4.324931880108992,2.9201460683936302,4.2428180574555405,2.881707911181278,0.9810138460142909,0.4075,0.01181,0.0,0.0,0.0,0.0,0.0,0.0,0.0,0.0,0.0,0.0,0.006605019815059446,8.051519154557452,21.59180977542933,0.3500660501981507,0.0,0.0,0.0,0.0,0.0,0.0,0.0,0.0,0.0,0.0,0.0,0.0,0.0,0.0,0.0,0.0,nan,nan,4.283959044368601,2.901320522879131,nan,0.4075,0.0641,0.0,0.0,0.0,0.0,0.0,0.0,0.0,0.0,0.0,0.0,0.0,0.0,0.0,0.0,0.0,0.0,0.0,0.0,0.0,0.0013430206957287538,0.0,4.403346543372963e-05,0.0015741963892558345,0.0016072214883311316,0.0005284015852047556,0.0015411712901805372,0.00016512549537648613,0.0011448701012769704,0.01019374724790841,0.001992514310876266,0.024867899603698812,0.01577498899163364,0.049922941435490975,0.044484808454425366,0.03154997798326728,0.059555261999119334,0.02966754733597534,0.04124834874504624,0.05453544693967415,0.06782254513430207,0.05499779832672831,0.07192866578599735,0.06534566270365477,0.06481726111845003,0.03838617349185381,0.04110523998238661,0.029359313077939233,0.040290620871862616,0.04920739762219287,0.012967855570233378,0.01714002642007926,0.02230295024218406,0.009214002642007927,0.008256274768824307,0.014564068692206077,0.008762659621312197,0.008828709819462792,0.0007045354469396741,0.0011228533685601057,0.000781594011448701,0.00035226772346983706,0.0,0.0,0.0,0.0,0.0,0.0,0.0,0.0,0.0,0.0,0.0,0.0,0.0,0.0,0.0,0.0,0.0,0.0,0.0,0.0,0.0,0.0,0.0,0.0,0.0,0.0,0.0,0.0,0.0,0.0,0.0,0.0,0.0,0.0,0.0,0.0,0.0,0.0,0.0,0.0,nan,nan,4.283959044368601,2.901320522879131,nan,0.9081186537762777,0.023063337054187588,0.0,0.0,0.0,0.0,0.0,0.0,0.0,0.0,0.0,0.0,0.0,0.0,0.0,0.0,0.0,0.0,0.0,0.0,0.0,0.0,0.0,0.0,0.0,0.0,0.012684989429175479,0.9513742071881609,10.173361522198734,14.56236786469345,4.186046511627907,0.11416490486257931,0.9082499226682713,0.022452711284991128,0.0,0.0,0.0,0.0,0.0,0.0,0.0,0.0,0.0,0.0,0.0,0.0,0.0,0.0,0.0,0.0,0.0,0.0,0.0,0.0,0.0,0.0,0.0,0.0,0.04134129536058797,0.8819476343592101,9.75654570509876,15.227377124483237,3.982544786403308,0.11024345429490126,0.4072,0.011986,0.0,0.0,0.0,0.0,0.0,0.0,0.0,0.0,0.0,0.0,0.0,8.498942917547556,21.171247357293876,0.32980972515856244,0.0,0.0,0.0,0.0,0.0,0.0,0.0,0.0,0.0,0.0,0.0,0.0,0.0,0.0,0.0,0.0,0.4077,0.011604,0.0,0.0,0.0,0.0,0.0,0.0,0.0,0.0,0.0,0.0,0.013780431786862658,7.565457050987586,22.04869085898025,0.3720716582452918,0.0,0.0,0.0,0.0,0.0,0.0,0.0,0.0,0.0,0.0,0.0,0.0,0.0,0.0,0.0,0.0
62600,4397,2214,0.5035251307709803,1075,910,0.4514441664771435,1249,0.5681146236070048,0.4260000000000001,2.8987631699496106,3.0629841721326545,6.459504132231405,2.2276466666575576,8363.272367523312,506.68740678082594,7853.0,8866.4,8866.400000000001,1.8189894035458565e-12,7853.0,0.0,27.955424152831476,20.906646000053698,32.91472658364916,19.12767449211763,0.14327950875596998,0.09779395042074142,0.08983397771207642,0.08801455537866727,0.085967705253582,0.06709119854446213,0.07095747100295656,0.06208778712758699,0.06049579258585399,0.05139868091880828,0.04957925858539913,0.04002729133500114,0.03183989083466,0.027063907209460995,0.017057084375710713,0.01046167841710257,0.007050261541960427,0.9090380908170288,0.022696411331498446,0.0,0.0,0.0,0.0,0.0,0.0,0.0,0.0,0.0,0.0,0.0,0.0,0.0,0.0,0.0,0.0,0.0,0.0,0.0,0.0,0.0,0.0,0.0,0.0,0.0068228337502842865,0.9006140550375258,9.504207414146011,15.112576756879694,4.339322265180806,0.13645667500568573,4.1911764705882355,2.8200970471621636,nan,nan,nan,4.118219749652295,2.8259554297249894,4.265162200282087,2.812211309451766,1.03568106112895,0.4072,0.011665,0.0,0.0,0.0,0.0,0.0,0.0,0.0,0.0,0.0,0.0,0.013645667500568573,8.146463497839424,21.560154650898344,0.2797361837616557,0.0,0.0,0.0,0.0,0.0,0.0,0.0,0.0,0.0,0.0,0.0,0.0,0.0,0.0,0.0,0.0,nan,nan,4.1911764705882355,2.8200970471621636,nan,0.4072,0.06433,0.0,0.0,0.0,0.0,0.0,0.0,0.0,0.0,0.0,0.0,0.0,0.0,0.0,0.0,0.0,0.0,0.0,0.0,0.0,0.0013873095292244713,0.0,1.1371389583807141e-05,0.001842165112576757,0.0017398226063224927,0.0007732544916988856,0.0010689106208778712,3.4114168751421425e-05,0.0009779395042074143,0.010882419831703434,0.002831476006367978,0.02326586308846941,0.015738003183989085,0.051535137593813965,0.045314987491471455,0.033124857857630204,0.05926768251080282,0.029736183761655675,0.04027746190584489,0.05278599044803275,0.06532863315897203,0.05535592449397316,0.07269729360927905,0.06510120536729588,0.06521491926313396,0.03559244939731635,0.041460086422560834,0.030043211280418466,0.039890834659995454,0.05135319536047305,0.014725949511030248,0.01833068000909711,0.021128041846713668,0.00831248578576302,0.007630202410734592,0.014475778940186491,0.009222196952467591,0.00855128496702297,0.0010006822833750284,0.001216738685467364,0.0005003411416875142,0.0002729133500113714,0.0,0.0,0.0,0.0,0.0,0.0,0.0,0.0,0.0,0.0,0.0,0.0,0.0,0.0,0.0,0.0,0.0,0.0,0.0,0.0,0.0,0.0,0.0,0.0,0.0,0.0,0.0,0.0,0.0,0.0,0.0,0.0,0.0,0.0,0.0,0.0,0.0,0.0,0.0,0.0,nan,nan,4.1911764705882355,2.8200970471621636,nan,0.9092301605732029,0.02271428599499155,0.0,0.0,0.0,0.0,0.0,0.0,0.0,0.0,0.0,0.0,0.0,0.0,0.0,0.0,0.0,0.0,0.0,0.0,0.0,0.0,0.0,0.0,0.0,0.0,0.013550135501355016,0.8807588075880761,9.281842818428187,15.33875338753388,4.34959349593496,0.13550135501355015,0.9088432935471389,0.022676606868766037,0.0,0.0,0.0,0.0,0.0,0.0,0.0,0.0,0.0,0.0,0.0,0.0,0.0,0.0,0.0,0.0,0.0,0.0,0.0,0.0,0.0,0.0,0.0,0.0,0.0,0.9207512597343108,9.729729729729732,14.883188273018785,4.328905176362804,0.13742556115437474,0.4072,0.01157,0.0,0.0,0.0,0.0,0.0,0.0,0.0,0.0,0.0,0.0,0.013550135501355016,8.075880758807576,21.626016260162604,0.28455284552845533,0.0,0.0,0.0,0.0,0.0,0.0,0.0,0.0,0.0,0.0,0.0,0.0,0.0,0.0,0.0,0.0,0.4072,0.01176,0.0,0.0,0.0,0.0,0.0,0.0,0.0,0.0,0.0,0.0,0.013742556115437475,8.218048557031596,21.493357764544207,0.2748511223087495,0.0,0.0,0.0,0.0,0.0,0.0,0.0,0.0,0.0,0.0,0.0,0.0,0.0,0.0,0.0,0.0
62700,4602,2392,0.519774011299435,1095,926,0.43915688830943067,1272,0.5528031290743155,0.4100000000000001,2.8986425339366515,3.040250043866719,6.381877022653722,2.192173864055664,8379.738983050847,506.3035938627018,7853.0,8866.4,8866.4,0.0,7853.0,0.0,28.643198609300303,21.32980264057526,33.573783157352565,19.570350333804686,0.13407214254671881,0.10126032159930465,0.08713602781399392,0.09278574532811822,0.07822685788787484,0.06801390699695785,0.07214254671881791,0.06345067362016514,0.05649717514124294,0.05215123859191656,0.04976097348978705,0.03780964797913951,0.03455019556714472,0.02803129074315515,0.02346805736636245,0.013906996957844416,0.006736201651455889,0.9092101168627327,0.023109388186248372,0.0,0.0,0.0,0.0,0.0,0.0,0.0,0.0,0.0,0.0,0.0,0.0,0.0,0.0,0.0,0.0,0.0,0.0,0.0,0.0,0.0,0.0,0.0,0.0,0.006518904823989571,1.016949152542373,9.250325945241201,15.462842242503262,4.054758800521514,0.20860495436766627,4.190906051487797,2.8706653771072173,nan,nan,nan,4.196918955123912,2.917956719706461,4.184913217623498,2.8227309067948885,0.997139392580894,0.4075,0.01203,0.0,0.0,0.0,0.0,0.0,0.0,0.0,0.0,0.0,0.0,0.006518904823989571,7.985658409387212,21.558018252933515,0.44980443285528043,0.0,0.0,0.0,0.0,0.0,0.0,0.0,0.0,0.0,0.0,0.0,0.0,0.0,0.0,0.0,0.0,nan,nan,4.190906051487797,2.8706653771072173,nan,0.4075,0.0641,0.0,0.0,0.0,0.0,0.0,0.0,0.0,0.0,0.0,0.0,0.0,0.0,0.0,0.0,0.0,0.0,0.0,0.0,0.0,0.0013906996957844416,0.0,1.086484137331595e-05,0.0011516731855714907,0.002346805736636245,0.0009126466753585397,0.0012277270751847023,4.34593654932638e-05,0.0006192959582790092,0.010256410256410256,0.0029443720121686222,0.023544111255975664,0.014471968709256844,0.052564102564102565,0.04524119947848761,0.03189917427205563,0.057583659278574534,0.029193828770099958,0.04401347240330291,0.05191221208170361,0.06728596262494567,0.05353107344632768,0.07249022164276402,0.06332029552368536,0.06576488483268145,0.0375380269448066,0.039895697522816166,0.02953063885267275,0.04193828770099957,0.05056497175141243,0.016438504997827032,0.01930682312038244,0.021501521077792265,0.007920469361147327,0.007507605388961321,0.014580617122990004,0.008550630160799653,0.008202955236853542,0.0012168622338113862,0.0010212950890916993,0.00031508039982616255,0.00018470230334637116,0.0,0.0,6.51890482398957e-05,0.0,0.0,0.0,0.0,0.0,0.0,0.0,0.0,0.0,0.0,0.0,0.0,0.0,0.0,0.0,0.0,0.0,0.0,0.0,0.0,0.0,0.0,0.0,0.0,0.0,0.0,0.0,0.0,0.0,0.0,0.0,0.0,0.0,0.0,0.0,0.0,0.0,nan,nan,4.190906051487797,2.8706653771072173,nan,0.9095808232956906,0.02331846844753723,0.0,0.0,0.0,0.0,0.0,0.0,0.0,0.0,0.0,0.0,0.0,0.0,0.0,0.0,0.0,0.0,0.0,0.0,0.0,0.0,0.0,0.0,0.0,0.0,0.012541806020066893,0.9531772575250838,9.055183946488295,15.639632107023415,4.063545150501673,0.2759197324414716,0.9088088816647076,0.022874167341623994,0.0,0.0,0.0,0.0,0.0,0.0,0.0,0.0,0.0,0.0,0.0,0.0,0.0,0.0,0.0,0.0,0.0,0.0,0.0,0.0,0.0,0.0,0.0,0.0,0.0,1.0859728506787332,9.461538461538463,15.271493212669686,4.045248868778281,0.13574660633484165,0.4072,0.01213,0.0,0.0,0.0,0.0,0.0,0.0,0.0,0.0,0.0,0.0,0.0,7.926421404682262,21.59698996655519,0.4765886287625419,0.0,0.0,0.0,0.0,0.0,0.0,0.0,0.0,0.0,0.0,0.0,0.0,0.0,0.0,0.0,0.0,0.4075,0.01193,0.0,0.0,0.0,0.0,0.0,0.0,0.0,0.0,0.0,0.0,0.013574660633484167,8.049773755656098,21.5158371040724,0.42081447963800916,0.0,0.0,0.0,0.0,0.0,0.0,0.0,0.0,0.0,0.0,0.0,0.0,0.0,0.0,0.0,0.0
62800,4496,2356,0.5240213523131673,1129,926,0.4570729537366548,1264,0.5622775800711743,0.4220000000000001,2.9504672897196262,3.0640170881083146,6.417218543046357,2.2592198615235555,8384.043238434166,506.114904683252,7853.0,8866.4,8866.4,0.0,7853.0,0.0,28.83785587188612,21.19564849990536,33.68224789915966,19.403117439615748,0.13211743772241993,0.09919928825622776,0.08763345195729537,0.08318505338078291,0.07829181494661921,0.07762455516014236,0.06672597864768683,0.06895017793594306,0.05782918149466192,0.05382562277580071,0.052713523131672595,0.03603202846975089,0.03314056939501779,0.03047153024911032,0.022019572953736653,0.01445729537366548,0.005782918149466192,0.9092247887411787,0.022509678768094038,0.0,0.0,0.0,0.0,0.0,0.0,0.0,0.0,0.0,0.0,0.0,0.0,0.0,0.0,0.0,0.0,0.0,0.0,0.0,0.0,0.0,0.0,0.0,0.0,0.02669039145907474,0.8941281138790038,9.261565836298933,15.620551601423491,4.036921708185054,0.1601423487544484,4.117884809700236,2.851360982621847,nan,nan,nan,4.1256830601092895,2.835527234459813,4.110299003322259,2.8666591115952436,0.9962711491496338,0.407,0.01209,0.0,0.0,0.0,0.0,0.0,0.0,0.0,0.0,0.0,0.0,0.02001779359430605,8.294039145907462,21.232206405693955,0.45373665480427056,0.0,0.0,0.0,0.0,0.0,0.0,0.0,0.0,0.0,0.0,0.0,0.0,0.0,0.0,0.0,0.0,nan,nan,4.117884809700236,2.851360982621847,nan,0.407,0.0646,0.0,0.0,0.0,0.0,0.0,0.0,0.0,0.0,0.0,0.0,0.0,0.0,0.0,0.0,0.0,0.0,0.0,0.0,0.0,0.0018905693950177936,0.0,0.0,0.001123220640569395,0.002913701067615658,0.0008563167259786477,0.001768238434163701,0.00013345195729537367,0.0008785587188612099,0.010854092526690392,0.003036032028469751,0.024466192170818506,0.016247775800711742,0.05033362989323843,0.04395017793594306,0.03250667259786477,0.05600533807829181,0.03016014234875445,0.045629448398576515,0.05014457295373666,0.07099644128113879,0.052124110320284696,0.07372108540925267,0.06280026690391459,0.06523576512455516,0.03484208185053381,0.04050266903914591,0.027491103202846975,0.042148576512455516,0.04979982206405694,0.01738211743772242,0.01787144128113879,0.022019572953736653,0.0080182384341637,0.007806939501779359,0.014657473309608541,0.00809608540925267,0.008151690391459075,0.0016236654804270463,0.0012566725978647687,0.00036699288256227756,0.00013345195729537367,0.0,0.0,5.560498220640569e-05,0.0,0.0,0.0,0.0,0.0,0.0,0.0,0.0,0.0,0.0,0.0,0.0,0.0,0.0,0.0,0.0,0.0,0.0,0.0,0.0,0.0,0.0,0.0,0.0,0.0,0.0,0.0,0.0,0.0,0.0,0.0,0.0,0.0,0.0,0.0,0.0,0.0,nan,nan,4.117884809700236,2.851360982621847,nan,0.9093257248249847,0.022541319437592296,0.0,0.0,0.0,0.0,0.0,0.0,0.0,0.0,0.0,0.0,0.0,0.0,0.0,0.0,0.0,0.0,0.0,0.0,0.0,0.0,0.0,0.0,0.0,0.0,0.02546689303904924,0.904074702886248,9.320882852292021,15.560271646859086,3.9855687606112062,0.20373514431239392,0.9091136647162036,0.022474268685771986,0.0,0.0,0.0,0.0,0.0,0.0,0.0,0.0,0.0,0.0,0.0,0.0,0.0,0.0,0.0,0.0,0.0,0.0,0.0,0.0,0.0,0.0,0.0,0.0,0.0280373831775701,0.8831775700934582,9.196261682242993,15.686915887850471,4.093457943925235,0.1121495327102804,0.4072,0.012146,0.0,0.0,0.0,0.0,0.0,0.0,0.0,0.0,0.0,0.0,0.02546689303904924,8.111205432937169,21.35398981324279,0.5093378607809849,0.0,0.0,0.0,0.0,0.0,0.0,0.0,0.0,0.0,0.0,0.0,0.0,0.0,0.0,0.0,0.0,0.4065,0.01202,0.0,0.0,0.0,0.0,0.0,0.0,0.0,0.0,0.0,0.0,0.01401869158878505,8.495327102803726,21.0981308411215,0.3925233644859814,0.0,0.0,0.0,0.0,0.0,0.0,0.0,0.0,0.0,0.0,0.0,0.0,0.0,0.0,0.0,0.0
62900,4628,2402,0.5190146931719966,1168,935,0.45440795159896286,1283,0.5544511668107174,0.4220000000000001,2.8966756513926324,3.0869574194557545,6.614864864864865,2.1569299022824358,8378.969490060503,506.3334639867367,7853.0,8866.4,8866.4,0.0,7853.0,0.0,28.01534140017286,20.735221699315076,32.87564102564102,18.959272718777573,0.13915298184961106,0.09917891097666379,0.09183232497839239,0.08707865168539326,0.0756266205704408,0.07324978392394123,0.07433016421780467,0.06676750216076059,0.05920484010371651,0.053802938634399305,0.047968885047536734,0.03802938634399308,0.03457216940363008,0.02679343128781331,0.016637856525496975,0.00950734658599827,0.006266205704407952,0.9090013764444465,0.022448162231859654,0.0,0.0,0.0,0.0,0.0,0.0,0.0,0.0,0.0,0.0,0.0,0.0,0.0,0.0,0.0,0.0,0.0,0.0,0.0,0.0,0.0,0.0,0.0,0.0,0.006482281763180641,0.8232497839239414,9.639152981849612,15.304667242869494,4.04494382022472,0.18150388936905795,4.154179154179154,2.9163961180803493,nan,nan,nan,4.251812788398154,2.8947486738108945,4.054508748317631,2.9349823957075514,0.9535953133640073,0.407,0.01192,0.0,0.0,0.0,0.0,0.0,0.0,0.0,0.0,0.0,0.0,0.025929127052722566,8.34917891097665,21.274848746758867,0.35004321521175463,0.0,0.0,0.0,0.0,0.0,0.0,0.0,0.0,0.0,0.0,0.0,0.0,0.0,0.0,0.0,0.0,nan,nan,4.154179154179154,2.9163961180803493,nan,0.407,0.06445,0.0,0.0,0.0,0.0,0.0,0.0,0.0,0.0,0.0,0.0,0.0,0.0,0.0,0.0,0.0,0.0,0.0,0.0,0.0,0.002052722558340536,0.0,0.0,0.0013396715643906655,0.00243085566119274,0.0011235955056179776,0.0013504753673292999,0.00015125324114088158,0.0007022471910112359,0.01006914433880726,0.003943388072601556,0.0246542783059637,0.01500648228176318,0.05176101987899741,0.04415514261019879,0.03255185825410545,0.05428910976663786,0.03092048401037165,0.047461106309420915,0.04984874675885912,0.07193171996542783,0.05117761452031115,0.07362791702679343,0.0618085566119274,0.06550345721694037,0.03489628349178911,0.03914217804667243,0.025756266205704408,0.04152981849611063,0.0527333621434745,0.015870786516853932,0.018863439930855663,0.025162057044079516,0.009604580812445982,0.00736819360414866,0.01277009507346586,0.008146067415730337,0.007260155574762317,0.0014801210025929127,0.0011452031114952464,0.0002484874675885912,0.000108038029386344,0.0,0.0,5.4019014693172e-05,0.0,0.0,0.0,0.0,0.0,0.0,0.0,0.0,0.0,0.0,0.0,0.0,0.0,0.0,0.0,0.0,0.0,0.0,0.0,0.0,0.0,0.0,0.0,0.0,0.0,0.0,0.0,0.0,0.0,0.0,0.0,0.0,0.0,0.0,0.0,0.0,0.0,nan,nan,4.154179154179154,2.9163961180803493,nan,0.9089710881420218,0.022507666503609622,0.0,0.0,0.0,0.0,0.0,0.0,0.0,0.0,0.0,0.0,0.0,0.0,0.0,0.0,0.0,0.0,0.0,0.0,0.0,0.0,0.0,0.0,0.0,0.0,0.0,0.7993338884263116,9.754371357202333,15.124895920066614,4.13405495420483,0.1873438800999168,0.909034059509327,0.022383729808573612,0.0,0.0,0.0,0.0,0.0,0.0,0.0,0.0,0.0,0.0,0.0,0.0,0.0,0.0,0.0,0.0,0.0,0.0,0.0,0.0,0.0,0.0,0.0,0.0,0.013477088948787064,0.8490566037735852,9.514824797843668,15.498652291105124,3.94878706199461,0.17520215633423186,0.4067,0.011955,0.0,0.0,0.0,0.0,0.0,0.0,0.0,0.0,0.0,0.0,0.024979184013322237,8.63030807660282,20.98251457119068,0.36219816819317247,0.0,0.0,0.0,0.0,0.0,0.0,0.0,0.0,0.0,0.0,0.0,0.0,0.0,0.0,0.0,0.0,0.407,0.01188,0.0,0.0,0.0,0.0,0.0,0.0,0.0,0.0,0.0,0.0,0.02695417789757413,8.045822102425864,21.590296495956878,0.3369272237196766,0.0,0.0,0.0,0.0,0.0,0.0,0.0,0.0,0.0,0.0,0.0,0.0,0.0,0.0,0.0,0.0
63000,4928,2537,0.5148133116883117,1181,985,0.4395292207792208,1366,0.5543831168831169,0.4180000000000001,2.970305311585111,3.1363075091212274,6.5988112927191676,2.2122444107486903,8374.711810064935,506.47757656047725,7853.0,8866.4,8866.4,0.0,7853.0,0.0,27.55986201298701,20.86175283801594,32.62144420131291,19.128912415686703,0.14387175324675325,0.10227272727272728,0.09537337662337662,0.08766233766233766,0.07670454545454546,0.0789366883116883,0.06777597402597403,0.060673701298701296,0.056615259740259744,0.05377435064935065,0.04180194805194805,0.04220779220779221,0.031047077922077924,0.02556818181818182,0.019277597402597404,0.01075487012987013,0.005681818181818182,0.9083905090493235,0.02220611657731966,0.0,0.0,0.0,0.0,0.0,0.0,0.0,0.0,0.0,0.0,0.0,0.0,0.0,0.0,0.0,0.0,0.0,0.0,0.0,0.0,0.0,0.0,0.0,0.0,0.006087662337662339,0.9679383116883119,9.52719155844156,15.608766233766236,3.7804383116883122,0.10957792207792211,4.235256614599936,2.905283054459617,nan,nan,nan,4.162333544705136,2.9343312169732854,4.308974358974359,2.873739897649496,1.03523043328802,0.408,0.01173,0.0,0.0,0.0,0.0,0.0,0.0,0.0,0.0,0.0,0.0,0.006087662337662339,7.256493506493496,22.262581168831176,0.47483766233766245,0.0,0.0,0.0,0.0,0.0,0.0,0.0,0.0,0.0,0.0,0.0,0.0,0.0,0.0,0.0,0.0,nan,nan,4.235256614599936,2.905283054459617,nan,0.408,0.06494,0.0,0.0,0.0,0.0,0.0,0.0,0.0,0.0,0.0,0.0,0.0,0.0,0.0,0.0,0.0,0.0,0.0,0.0,0.0,0.0020799512987012985,0.0,0.0,0.0017349837662337662,0.0016842532467532467,0.0009638798701298701,0.0010856331168831168,0.00019277597402597404,0.0006696428571428571,0.01015625,0.004565746753246753,0.023731737012987014,0.01291599025974026,0.05087256493506494,0.04378043831168831,0.03346185064935065,0.05322646103896104,0.029099025974025975,0.04772727272727273,0.05234375,0.07069805194805195,0.052008928571428574,0.07485795454545455,0.059983766233766236,0.06525974025974025,0.035278003246753245,0.0388088474025974,0.025892857142857145,0.040401785714285716,0.05262784090909091,0.016578733766233766,0.017593344155844157,0.02528409090909091,0.011891233766233767,0.007426948051948052,0.013555194805194805,0.010064935064935065,0.007457386363636364,0.002019074675324675,0.0013291396103896104,0.0006594967532467532,3.0438311688311688e-05,0.0,0.0,0.0,0.0,0.0,0.0,0.0,0.0,0.0,0.0,0.0,0.0,0.0,0.0,0.0,0.0,0.0,0.0,0.0,0.0,0.0,0.0,0.0,0.0,0.0,0.0,0.0,0.0,0.0,0.0,0.0,0.0,0.0,0.0,0.0,0.0,0.0,0.0,0.0,0.0,nan,nan,4.235256614599936,2.905283054459617,nan,0.9089202545597932,0.022361450055218692,0.0,0.0,0.0,0.0,0.0,0.0,0.0,0.0,0.0,0.0,0.0,0.0,0.0,0.0,0.0,0.0,0.0,0.0,0.0,0.0,0.0,0.0,0.0,0.0,0.0,0.8750492707922746,9.377217185652347,15.703586913677574,3.8785967678360276,0.16554986204178168,0.9078284160505524,0.022026173956998536,0.0,0.0,0.0,0.0,0.0,0.0,0.0,0.0,0.0,0.0,0.0,0.0,0.0,0.0,0.0,0.0,0.0,0.0,0.0,0.0,0.0,0.0,0.0,0.0,0.012547051442910918,1.0664993726474281,9.686323713927228,15.508155583437896,3.676286072772899,0.05018820577164367,0.4082,0.01156,0.0,0.0,0.0,0.0,0.0,0.0,0.0,0.0,0.0,0.0,0.0,6.846669294442244,22.692156089869933,0.46117461568782037,0.0,0.0,0.0,0.0,0.0,0.0,0.0,0.0,0.0,0.0,0.0,0.0,0.0,0.0,0.0,0.0,0.408,0.0119,0.0,0.0,0.0,0.0,0.0,0.0,0.0,0.0,0.0,0.0,0.012547051442910918,7.691342534504381,21.806775407779178,0.48933500627352583,0.0,0.0,0.0,0.0,0.0,0.0,0.0,0.0,0.0,0.0,0.0,0.0,0.0,0.0,0.0,0.0
63100,4659,2398,0.514702725906847,1094,1005,0.450525863919296,1350,0.5795235028976176,0.3940000000000001,2.8589119858469703,2.9442702865631114,6.2352,2.1023512931953117,8374.599742433998,506.48088579471624,7853.0,8866.4,8866.399999999998,1.8189894035458565e-12,7853.0,0.0,28.498175574157546,21.194966409339273,33.42479002290659,19.421632342925612,0.13672461901695643,0.10109465550547328,0.08392358875295128,0.08821635544108178,0.07963082206482078,0.07941618373041426,0.0643915003219575,0.06632324533161622,0.05365958360163125,0.05430349860485083,0.04679115690062245,0.0420691135436789,0.03326894183301138,0.028332260141661302,0.021249195106245976,0.013522215067611075,0.0070830650354153256,0.9080166317383397,0.022819706043652778,0.0,0.0,0.0,0.0,0.0,0.0,0.0,0.0,0.0,0.0,0.0,0.0,0.0,0.0,0.0,0.0,0.0,0.0,0.0,0.0,0.0,0.0,0.0,0.0,0.025756600128783006,1.0045074050225373,9.935608499678045,15.067611075338059,3.7926593689632977,0.1738570508692853,4.084884100555011,2.7350000572293647,nan,nan,nan,4.060666666666667,2.772421244247626,4.106274007682458,2.6982659716909096,1.0112314909741729,0.4084,0.01204,0.0,0.0,0.0,0.0,0.0,0.0,0.0,0.0,0.0,0.0,0.0,7.276239536381187,22.195750160978758,0.5280103026400517,0.0,0.0,0.0,0.0,0.0,0.0,0.0,0.0,0.0,0.0,0.0,0.0,0.0,0.0,0.0,0.0,nan,nan,4.084884100555011,2.7350000572293647,nan,0.4084,0.0648,0.0,0.0,0.0,0.0,0.0,0.0,0.0,0.0,0.0,0.0,0.0,0.0,0.0,0.0,0.0,0.0,0.0,0.0,0.0,0.0017814981755741575,0.0,0.0,0.0013414895900407814,0.0016419832582099162,0.0010195320884309937,0.0013522215067611075,0.00024683408456750374,0.00034342133505044003,0.009744580382056235,0.004110324103884954,0.0223223867782786,0.013704657651856621,0.053702511268512554,0.04264863704657652,0.034063103670315516,0.05194247692637905,0.027817128139085642,0.0472633612363168,0.05048293625241468,0.07235458252843958,0.05243614509551406,0.0746941403734707,0.06069972097016527,0.06678471775059025,0.03628461043142305,0.0375295127709809,0.02541317879373256,0.04180081562567074,0.04936681691350075,0.016720326250268296,0.01756814767117407,0.026937110968018887,0.012470487229019103,0.0076625885383129425,0.014198325820991628,0.010313371968233526,0.007716248121914574,0.0018029620090148101,0.0013522215067611075,0.0003648851684910925,0.0,0.0,0.0,0.0,0.0,0.0,0.0,0.0,0.0,0.0,0.0,0.0,0.0,0.0,0.0,0.0,0.0,0.0,0.0,0.0,0.0,0.0,0.0,0.0,0.0,0.0,0.0,0.0,0.0,0.0,0.0,0.0,0.0,0.0,0.0,0.0,0.0,0.0,0.0,0.0,0.0,nan,nan,4.084884100555011,2.7350000572293647,nan,0.908488123913026,0.023111232355393894,0.0,0.0,0.0,0.0,0.0,0.0,0.0,0.0,0.0,0.0,0.0,0.0,0.0,0.0,0.0,0.0,0.0,0.0,0.0,0.0,0.0,0.0,0.0,0.0,0.050041701417848215,0.9507923269391161,9.582985821517934,15.300250208507093,3.8907422852376987,0.225187656380317,0.9075165705995083,0.022495593578170478,0.0,0.0,0.0,0.0,0.0,0.0,0.0,0.0,0.0,0.0,0.0,0.0,0.0,0.0,0.0,0.0,0.0,0.0,0.0,0.0,0.0,0.0,0.0,0.0,0.0,1.0614772224679347,10.309597523219816,14.820875718708539,3.688633348076073,0.11941618752764266,0.4082,0.01203,0.0,0.0,0.0,0.0,0.0,0.0,0.0,0.0,0.0,0.0,0.0,7.356130108423676,22.130942452043374,0.5129274395329442,0.0,0.0,0.0,0.0,0.0,0.0,0.0,0.0,0.0,0.0,0.0,0.0,0.0,0.0,0.0,0.0,0.4087,0.01205,0.0,0.0,0.0,0.0,0.0,0.0,0.0,0.0,0.0,0.0,0.0,7.191508182220246,22.264484741264933,0.5440070765148165,0.0,0.0,0.0,0.0,0.0,0.0,0.0,0.0,0.0,0.0,0.0,0.0,0.0,0.0,0.0,0.0
63200,4339,2249,0.5183221940539294,1073,860,0.4454943535376815,1224,0.564185296151187,0.4180000000000001,3.035885167464115,3.0906796617414884,6.46481178396072,2.1322837826793846,8378.267711454253,506.3596845043565,7853.0,8866.4,8866.400000000001,1.8189894035458565e-12,7853.0,0.0,28.622263194284397,21.115186295026263,33.58381186765108,19.282073250239684,0.13620649919336253,0.09794883613735884,0.09356994699239456,0.08204655450564646,0.07351924406545286,0.0732887762157179,0.06867941922101867,0.07029269416916341,0.057616962433740496,0.0557732196358608,0.04885918414381194,0.042406084351233005,0.03364830606130445,0.02926941691634017,0.02005070292694169,0.009679649688868404,0.007144503341783821,0.9093749932798819,0.02248740647177298,0.0,0.0,0.0,0.0,0.0,0.0,0.0,0.0,0.0,0.0,0.0,0.0,0.0,0.0,0.0,0.0,0.0,0.0,0.0,0.0,0.0,0.0,0.0,0.0,0.0,0.9610509333947916,9.0988707075363,15.570407928094035,4.2106476146577565,0.15902281631712378,4.286320254506893,2.856289259323471,nan,nan,nan,4.256919801277502,2.8410699600772973,4.3154929577464785,2.871013360250896,1.0137595160828257,0.4092,0.01207,0.0,0.0,0.0,0.0,0.0,0.0,0.0,0.0,0.0,0.0,0.006914035492048861,6.658216178843042,22.62963816547592,0.7052316201889838,0.0,0.0,0.0,0.0,0.0,0.0,0.0,0.0,0.0,0.0,0.0,0.0,0.0,0.0,0.0,0.0,nan,nan,4.286320254506893,2.856289259323471,nan,0.4092,0.0646,0.0,0.0,0.0,0.0,0.0,0.0,0.0,0.0,0.0,0.0,0.0,0.0,0.0,0.0,0.0,0.0,0.0,0.0,0.0,0.0014289006683567643,0.0,0.0,0.0016824153030652225,0.001532611200737497,0.0007720672966121226,0.0014404240608435123,0.00039179534454943533,0.0001382807098409772,0.00896519935469002,0.0038142429131136205,0.022804793731274486,0.014127679188753168,0.051025581931320584,0.040988707075362986,0.035411385111776904,0.05225858492740263,0.026330951832219406,0.047280479373127446,0.05103710532380733,0.07084581700852731,0.049504494123069835,0.07872781746946302,0.06151186909426135,0.06772297764461857,0.03833832680341093,0.03875316893293385,0.02498271491126988,0.040804332795575014,0.049539064300530074,0.015913805024199125,0.01710071445033418,0.028704770684489515,0.01333256510716755,0.0070407928094030885,0.013828070984097718,0.010474763770454022,0.0074556349389260194,0.0021779211799953908,0.0015095644157640008,0.00026503802719520626,3.45701774602443e-05,0.0,0.0,0.0,0.0,0.0,0.0,0.0,0.0,0.0,0.0,0.0,0.0,0.0,0.0,0.0,0.0,0.0,0.0,0.0,0.0,0.0,0.0,0.0,0.0,0.0,0.0,0.0,0.0,0.0,0.0,0.0,0.0,0.0,0.0,0.0,0.0,0.0,0.0,0.0,0.0,nan,nan,4.286320254506893,2.856289259323471,nan,0.910108801018879,0.022403582415625293,0.0,0.0,0.0,0.0,0.0,0.0,0.0,0.0,0.0,0.0,0.0,0.0,0.0,0.0,0.0,0.0,0.0,0.0,0.0,0.0,0.0,0.0,0.0,0.0,0.0,0.8003557136505115,8.990662516674078,15.62027567807915,4.401956425077813,0.1867496665184527,0.908585359976052,0.02255060324450322,0.0,0.0,0.0,0.0,0.0,0.0,0.0,0.0,0.0,0.0,0.0,0.0,0.0,0.0,0.0,0.0,0.0,0.0,0.0,0.0,0.0,0.0,0.0,0.0,0.0,1.133971291866029,9.215311004784692,15.516746411483258,4.004784688995216,0.12918660287081343,0.4092,0.01203,0.0,0.0,0.0,0.0,0.0,0.0,0.0,0.0,0.0,0.0,0.0,6.70964873277011,22.55669186305025,0.7336594041796356,0.0,0.0,0.0,0.0,0.0,0.0,0.0,0.0,0.0,0.0,0.0,0.0,0.0,0.0,0.0,0.0,0.4092,0.012115,0.0,0.0,0.0,0.0,0.0,0.0,0.0,0.0,0.0,0.0,0.014354066985645937,6.60287081339712,22.70813397129187,0.6746411483253589,0.0,0.0,0.0,0.0,0.0,0.0,0.0,0.0,0.0,0.0,0.0,0.0,0.0,0.0,0.0,0.0
63300,4453,2320,0.5209970806198069,1065,913,0.4441949247698181,1256,0.5641140803952391,0.4220000000000001,2.911392405063291,3.1117831174384785,6.599656357388316,2.2543276179511977,8380.978441500112,506.25301769700695,7853.0,8866.4,8866.4,0.0,7853.0,0.0,28.0278463956883,21.0613219662454,33.172135556750945,19.243714756339724,0.14551987424208399,0.09566584325174039,0.09072535369413878,0.08286548394340894,0.08241634852908152,0.08151807770042668,0.06759487985627667,0.060408713227037954,0.05793846844823714,0.05030316640467101,0.042892432068268586,0.041769593532450036,0.03480799461037503,0.03009207275993712,0.018189984280260498,0.010779249943858073,0.006512463507747586,0.9099194101074051,0.02315357579442091,0.0,0.0,0.0,0.0,0.0,0.0,0.0,0.0,0.0,0.0,0.0,0.0,0.0,0.0,0.0,0.0,0.0,0.0,0.0,0.0,0.0,0.0,0.0,0.0,0.013474062429822594,0.9903435885919607,8.8255108915338,15.522119919155628,4.406018414551988,0.2425331237368067,4.179549393414211,2.92251129007706,nan,nan,nan,4.152719665271967,2.9594604460969167,4.2060647829083395,2.885285112276605,1.0128458268162148,0.41,0.01185,0.0,0.0,0.0,0.0,0.0,0.0,0.0,0.0,0.0,0.0,0.0,6.225016842578028,23.175387379294865,0.5995957781271054,0.0,0.0,0.0,0.0,0.0,0.0,0.0,0.0,0.0,0.0,0.0,0.0,0.0,0.0,0.0,0.0,nan,nan,4.179549393414211,2.92251129007706,nan,0.41,0.065,0.0,0.0,0.0,0.0,0.0,0.0,0.0,0.0,0.0,0.0,0.0,0.0,0.0,0.0,0.0,0.0,0.0,0.0,1.1228385358185493e-05,0.001706714574444195,0.0,0.0,0.0019874242083988323,0.0019986525937570176,0.0006287895800583876,0.001549517179429598,0.00042667864361104873,0.00025825286323826634,0.007826184594655288,0.0032000898270828654,0.02359083763754772,0.014664271277790254,0.0492252414102852,0.040792724006287896,0.03524590163934426,0.05074107343364024,0.028385358185492926,0.04718167527509544,0.04918032786885246,0.06867280485066247,0.048495396362003146,0.07767796990792725,0.06356388951268807,0.06751628115876937,0.037356838086683136,0.041690994834942735,0.024320682685829778,0.04033236020660229,0.05062878958005839,0.016999775432292835,0.017516281158769367,0.02830675948798563,0.01537165955535594,0.006130698405569279,0.014933752526386705,0.010476083539187065,0.007219851785313272,0.002211991915562542,0.0016842578037278239,0.00022456770716370987,6.737031214911295e-05,0.0,0.0,0.0,0.0,0.0,0.0,0.0,0.0,0.0,0.0,0.0,0.0,0.0,0.0,0.0,0.0,0.0,0.0,0.0,0.0,0.0,0.0,0.0,0.0,0.0,0.0,0.0,0.0,0.0,0.0,0.0,0.0,0.0,0.0,0.0,0.0,0.0,0.0,0.0,0.0,nan,nan,4.179549393414211,2.92251129007706,nan,0.9103206434383475,0.023238167362208795,0.0,0.0,0.0,0.0,0.0,0.0,0.0,0.0,0.0,0.0,0.0,0.0,0.0,0.0,0.0,0.0,0.0,0.0,0.0,0.0,0.0,0.0,0.0,0.0,0.012931034482758624,0.9698275862068968,8.793103448275863,15.426724137931037,4.5775862068965525,0.2198275862068966,0.9094830006710308,0.02305328868050714,0.0,0.0,0.0,0.0,0.0,0.0,0.0,0.0,0.0,0.0,0.0,0.0,0.0,0.0,0.0,0.0,0.0,0.0,0.0,0.0,0.0,0.0,0.0,0.0,0.01406469760900141,1.0126582278481016,8.860759493670887,15.625879043600566,4.219409282700423,0.26722925457102675,0.41,0.011925,0.0,0.0,0.0,0.0,0.0,0.0,0.0,0.0,0.0,0.0,0.0,6.336206896551714,23.133620689655178,0.5301724137931035,0.0,0.0,0.0,0.0,0.0,0.0,0.0,0.0,0.0,0.0,0.0,0.0,0.0,0.0,0.0,0.0,0.41,0.01177,0.0,0.0,0.0,0.0,0.0,0.0,0.0,0.0,0.0,0.0,0.0,6.104078762306602,23.22081575246133,0.6751054852320676,0.0,0.0,0.0,0.0,0.0,0.0,0.0,0.0,0.0,0.0,0.0,0.0,0.0,0.0,0.0,0.0
63400,4666,2401,0.5145735105015002,1094,952,0.4384912130304329,1308,0.5606515216459494,0.4260000000000001,2.9532008830022076,3.0901852244218992,6.5805921052631575,2.0742987824527694,8374.46879554222,506.48472107086496,7853.0,8866.4,8866.4,0.0,7853.0,0.0,27.8349764252036,21.03828145839264,33.07527713328177,19.208332727381247,0.1465923703386198,0.10158594084869267,0.09237033861980283,0.08551221603086155,0.0790827261037291,0.06708101157308187,0.07008144020574368,0.06536648092584654,0.05807972567509644,0.05036433776253751,0.049507072438919844,0.03536219459922846,0.034719245606515216,0.030218602657522502,0.017359622803257608,0.011144449207029576,0.005572224603514788,0.9090888019007671,0.023157931734314637,0.0,0.0,0.0,0.0,0.0,0.0,0.0,0.0,0.0,0.0,0.0,0.0,0.0,0.0,0.0,0.0,0.0,0.0,0.0,0.0,0.0,0.0,0.0,0.0,0.006429489927132449,1.0930132876125163,9.412773253321905,14.974282040291474,4.346335190741535,0.1671667381054437,4.338715102589976,2.8200852036000685,nan,nan,nan,4.291105121293801,2.8457944792377448,4.3861652115513765,2.7934196642568385,1.0221528225411813,0.4097,0.01194,0.0,0.0,0.0,0.0,0.0,0.0,0.0,0.0,0.0,0.0,0.0,6.018002571795963,23.268324046292335,0.7136733819117018,0.0,0.0,0.0,0.0,0.0,0.0,0.0,0.0,0.0,0.0,0.0,0.0,0.0,0.0,0.0,0.0,nan,nan,4.338715102589976,2.8200852036000685,nan,0.4097,0.065,0.0,0.0,0.0,0.0,0.0,0.0,0.0,0.0,0.0,0.0,0.0,0.0,0.0,0.0,0.0,0.0,0.0,0.0,0.0,0.001896699528504072,0.0,4.2863266180882985e-05,0.002357479639948564,0.001393056150878697,0.0006536648092584655,0.001135876553793399,0.0006215173596228032,0.0005036433776253751,0.007265323617659665,0.0033111873124732107,0.025032147449635663,0.014830690098585512,0.04958208315473639,0.041973853407629665,0.03247963994856408,0.05100728675525075,0.027507501071581654,0.048874839262751824,0.04864980711530219,0.06908486926703815,0.04834976425203601,0.0756215173596228,0.06309472781825975,0.07026360908701243,0.03655165023574796,0.04354907843977711,0.02504286326618088,0.03949849978568367,0.049764252036005145,0.017006000857265325,0.01582726103729104,0.029050578654093443,0.015634376339477066,0.005915130732961852,0.015366480925846549,0.008819117016716675,0.007822546078011144,0.002357479639948564,0.0018645520788684099,0.00038576939562794685,1.0715816545220746e-05,0.0,0.0,0.0,0.0,0.0,0.0,0.0,0.0,0.0,0.0,0.0,0.0,0.0,0.0,0.0,0.0,0.0,0.0,0.0,0.0,0.0,0.0,0.0,0.0,0.0,0.0,0.0,0.0,0.0,0.0,0.0,0.0,0.0,0.0,0.0,0.0,0.0,0.0,0.0,0.0,nan,nan,4.338715102589976,2.8200852036000685,nan,0.9092287935847195,0.023268733174959373,0.0,0.0,0.0,0.0,0.0,0.0,0.0,0.0,0.0,0.0,0.0,0.0,0.0,0.0,0.0,0.0,0.0,0.0,0.0,0.0,0.0,0.0,0.0,0.0,0.012494793835901711,1.0745522698875472,9.42107455226989,14.993752603082052,4.273219491878384,0.22490628904623078,0.9089404045351294,0.023038966753825475,0.0,0.0,0.0,0.0,0.0,0.0,0.0,0.0,0.0,0.0,0.0,0.0,0.0,0.0,0.0,0.0,0.0,0.0,0.0,0.0,0.0,0.0,0.0,0.0,0.0,1.1125827814569538,9.403973509933776,14.953642384105963,4.423841059602649,0.10596026490066228,0.4094,0.01198,0.0,0.0,0.0,0.0,0.0,0.0,0.0,0.0,0.0,0.0,0.0,6.172428154935434,23.127863390254067,0.6997084548104958,0.0,0.0,0.0,0.0,0.0,0.0,0.0,0.0,0.0,0.0,0.0,0.0,0.0,0.0,0.0,0.0,0.41,0.0119,0.0,0.0,0.0,0.0,0.0,0.0,0.0,0.0,0.0,0.0,0.0,5.85430463576158,23.417218543046364,0.7284768211920531,0.0,0.0,0.0,0.0,0.0,0.0,0.0,0.0,0.0,0.0,0.0,0.0,0.0,0.0,0.0,0.0
63500,4909,2547,0.5188429415359543,1245,1002,0.4577306987166429,1401,0.5707883479323691,0.4140000000000001,2.995766299745978,3.088858845633153,6.573373676248109,2.150780520709444,8378.795436952536,506.3400579527474,7853.0,8866.4,8866.4,0.0,7853.0,0.0,28.1686697901813,20.64738709598802,32.99300193050193,18.843177725105686,0.13383581177429213,0.09472397636993278,0.09655734365451211,0.08229782033000611,0.08372377266245672,0.07700142595233245,0.06763088205337135,0.07435322876349562,0.05764921572621715,0.050519454063964145,0.04542676716235486,0.04257486249745366,0.03422285597881442,0.026685679364432675,0.016500305561214096,0.012018741087797923,0.004277856997351803,0.9094618594702306,0.022595967822463866,0.0,0.0,0.0,0.0,0.0,0.0,0.0,0.0,0.0,0.0,0.0,0.0,0.0,0.0,0.0,0.0,0.0,0.0,0.0,0.0,0.0,0.0,0.0,0.0,0.012222448563862297,0.8433489509064984,8.922387451619477,15.889183133020985,4.222855978814423,0.11000203707476067,4.223430702299565,2.8768137913553895,nan,nan,nan,4.226272784412319,2.8501813099242628,4.220651505838967,2.902617993570167,0.9986699205517248,0.4094,0.01197,0.0,0.0,0.0,0.0,0.0,0.0,0.0,0.0,0.0,0.0,0.012222448563862297,6.539009981666317,22.739865553065805,0.7089020167040132,0.0,0.0,0.0,0.0,0.0,0.0,0.0,0.0,0.0,0.0,0.0,0.0,0.0,0.0,0.0,0.0,nan,nan,4.223430702299565,2.8768137913553895,nan,0.4094,0.06537,0.0,0.0,0.0,0.0,0.0,0.0,0.0,0.0,0.0,0.0,0.0,0.0,0.0,0.0,0.0,0.0,0.0,3.0556121409655736e-05,0.0,0.002047260134446934,0.0,4.074149521287431e-05,0.0032389488694235078,0.001741698920350377,0.00043797107353839884,0.000845386025667142,0.0007944591566510491,0.000529639437767366,0.007567732735791403,0.003147280505194541,0.024648604603788957,0.015135465471582807,0.048961091872071705,0.04284986759014056,0.03217559584436749,0.051741698920350375,0.028702383377469953,0.05101853738032186,0.04950091668364229,0.06695864738235893,0.045732328376451414,0.07516805866775311,0.06441230393155428,0.07101242615603992,0.03444693420248523,0.04082297820330006,0.026257893664697496,0.038877571806885315,0.05030556121409656,0.01669382766347525,0.016001222244856388,0.02963943776736606,0.01511509472397637,0.006192707272356895,0.016215115094723977,0.010215929924628234,0.006783458952943573,0.0021694846200855573,0.001425952332450601,0.00039722957832552454,0.0,0.0,0.0,0.0,0.0,0.0,0.0,0.0,0.0,0.0,0.0,0.0,0.0,0.0,0.0,0.0,0.0,0.0,0.0,0.0,0.0,0.0,0.0,0.0,0.0,0.0,0.0,0.0,0.0,0.0,0.0,0.0,0.0,0.0,0.0,0.0,0.0,0.0,0.0,0.0,0.0,nan,nan,4.223430702299565,2.8768137913553895,nan,0.9095079723553982,0.022568098427692324,0.0,0.0,0.0,0.0,0.0,0.0,0.0,0.0,0.0,0.0,0.0,0.0,0.0,0.0,0.0,0.0,0.0,0.0,0.0,0.0,0.0,0.0,0.0,0.0,0.0,0.9069493521790344,8.798586572438165,16.018845700824503,4.1931684334511194,0.08244994110718494,0.9094121348645907,0.022625876268114718,0.0,0.0,0.0,0.0,0.0,0.0,0.0,0.0,0.0,0.0,0.0,0.0,0.0,0.0,0.0,0.0,0.0,0.0,0.0,0.0,0.0,0.0,0.0,0.0,0.025402201524132098,0.774767146486029,9.055884843353093,15.7493649449619,4.254868755292126,0.13971210838272652,0.4094,0.01182,0.0,0.0,0.0,0.0,0.0,0.0,0.0,0.0,0.0,0.0,0.011778563015312134,6.183745583038861,23.12131919905772,0.6831566548881038,0.0,0.0,0.0,0.0,0.0,0.0,0.0,0.0,0.0,0.0,0.0,0.0,0.0,0.0,0.0,0.0,0.4092,0.012115,0.0,0.0,0.0,0.0,0.0,0.0,0.0,0.0,0.0,0.0,0.012701100762066049,6.922099915325985,22.328535139712116,0.7366638441998309,0.0,0.0,0.0,0.0,0.0,0.0,0.0,0.0,0.0,0.0,0.0,0.0,0.0,0.0,0.0,0.0
63600,5082,2555,0.5027548209366391,1215,1091,0.45375836284927196,1488,0.5855962219598583,0.36200000000000004,3.0510486743173724,3.1759144223810116,6.675889328063241,2.319155715800156,8362.49173553719,506.6923092101263,7853.0,8866.4,8866.399999999998,1.8189894035458565e-12,7853.0,0.0,28.329594647776467,20.926714429485997,33.09716410971641,19.200242771945863,0.13321526957890595,0.09484454939000393,0.09484454939000393,0.0893349075167257,0.08008658008658008,0.07654466745375836,0.07497048406139316,0.06139315230224321,0.06060606060606061,0.048209366391184574,0.04624163715072806,0.03856749311294766,0.03463203463203463,0.030696576151121605,0.01652892561983471,0.012396694214876033,0.006887052341597796,0.9099978347290975,0.02303835466935431,0.0,0.0,0.0,0.0,0.0,0.0,0.0,0.0,0.0,0.0,0.0,0.0,0.0,0.0,0.0,0.0,0.0,0.0,0.0,0.0,0.0,0.0,0.0,0.0,0.011806375442739082,0.9740259740259742,8.772136953955137,15.67296340023613,4.332939787485243,0.23612750885478162,4.2779275232105425,2.939037338776824,nan,nan,nan,4.3238434163701065,2.95309129853353,4.231094978826376,2.9238905495259173,0.9785495383129315,0.4092,0.01224,0.0,0.0,0.0,0.0,0.0,0.0,0.0,0.0,0.0,0.0,0.0,6.759149940968113,22.573789846517126,0.6670602125147581,0.0,0.0,0.0,0.0,0.0,0.0,0.0,0.0,0.0,0.0,0.0,0.0,0.0,0.0,0.0,0.0,nan,nan,4.2779275232105425,2.939037338776824,nan,0.4092,0.0661,0.0,0.0,0.0,0.0,0.0,0.0,0.0,0.0,0.0,0.0,0.0,0.0,0.0,0.0,0.0,0.0,0.0,2.95159386068477e-05,0.0,0.0026859504132231405,0.0,0.0,0.003305785123966942,0.0023022432113341206,0.0003148366784730421,0.0004722550177095632,0.0004329004329004329,0.0005116096025186935,0.007979142070051161,0.003177882723337269,0.02641676505312869,0.016902794175521447,0.04941951987406533,0.04358520267611177,0.03106060606060606,0.05145611963793782,0.029319165682802045,0.04756985438803621,0.04831759149940968,0.06535812672176308,0.04831759149940968,0.07326839826839827,0.06328217237308147,0.07197953561589925,0.03344155844155844,0.04337859110586383,0.02469500196772924,0.03757378984651712,0.05109208972845337,0.01679456906729634,0.016017316017316017,0.03141479732388823,0.01525974025974026,0.005234159779614325,0.015938606847697757,0.010182998819362455,0.0070444706808343175,0.002400629673356946,0.0018103109012199922,0.00025580480125934673,0.0,0.0,0.0,0.0,0.0,0.0,0.0,0.0,0.0,0.0,0.0,0.0,0.0,0.0,0.0,0.0,0.0,0.0,0.0,0.0,0.0,0.0,0.0,0.0,0.0,0.0,0.0,0.0,0.0,0.0,0.0,0.0,0.0,0.0,0.0,0.0,0.0,0.0,0.0,0.0,0.0,nan,nan,4.2779275232105425,2.939037338776824,nan,0.9098478980726925,0.022899034939444157,0.0,0.0,0.0,0.0,0.0,0.0,0.0,0.0,0.0,0.0,0.0,0.0,0.0,0.0,0.0,0.0,0.0,0.0,0.0,0.0,0.0,0.0,0.0,0.0,0.01174168297455969,0.9980430528375736,8.759295499021528,15.581213307240708,4.450097847358122,0.19960861056751472,0.9101494327334958,0.023177380621831268,0.0,0.0,0.0,0.0,0.0,0.0,0.0,0.0,0.0,0.0,0.0,0.0,0.0,0.0,0.0,0.0,0.0,0.0,0.0,0.0,0.0,0.0,0.0,0.0,0.011871784724970323,0.9497427779976259,8.785120696478039,15.765730114760588,4.214483577364464,0.2730510486743174,0.409,0.012375,0.0,0.0,0.0,0.0,0.0,0.0,0.0,0.0,0.0,0.0,0.0,6.833659491193727,22.473581213307245,0.6927592954990217,0.0,0.0,0.0,0.0,0.0,0.0,0.0,0.0,0.0,0.0,0.0,0.0,0.0,0.0,0.0,0.0,0.4092,0.01211,0.0,0.0,0.0,0.0,0.0,0.0,0.0,0.0,0.0,0.0,0.0,6.68381480015828,22.675108824693318,0.6410763751483974,0.0,0.0,0.0,0.0,0.0,0.0,0.0,0.0,0.0,0.0,0.0,0.0,0.0,0.0,0.0,0.0
63700,4359,2237,0.513191098875889,1092,844,0.44413856389080064,1163,0.5336086258316127,0.4180000000000001,2.9538171536286524,3.078571623776484,6.402912621359223,2.127290221131477,8373.067859600826,506.5236325480702,7853.0,8866.4,8866.4,0.0,7853.0,0.0,28.380362468456067,21.031385885200024,33.396504642271985,19.19815520034439,0.1397109428768066,0.09772883688919477,0.08878183069511356,0.08924065152557926,0.07616425785730672,0.07042899747648543,0.06652902041752695,0.06561137875659555,0.061023170451938516,0.05414085799495297,0.05551732048635008,0.03945859142005047,0.03188804771736637,0.02729983941270934,0.017664601972929572,0.010782289515944024,0.008029364533149804,0.9112551002416022,0.02281741907036366,0.0,0.0,0.0,0.0,0.0,0.0,0.0,0.0,0.0,0.0,0.0,0.0,0.0,0.0,0.0,0.0,0.0,0.0,0.0,0.0,0.0,0.0,0.0,0.0,0.0,0.8052305574673092,8.623537508602892,15.49208534067447,4.852030282174812,0.2271163110805231,4.180298719772404,2.859412630865743,nan,nan,nan,4.1647727272727275,2.8541453016433067,4.198859586600142,2.863429573153908,1.0081845664960778,0.4104,0.01184,0.0,0.0,0.0,0.0,0.0,0.0,0.0,0.0,0.0,0.0,0.006882312456985549,5.726083964211967,23.565037852718522,0.7019958706125259,0.0,0.0,0.0,0.0,0.0,0.0,0.0,0.0,0.0,0.0,0.0,0.0,0.0,0.0,0.0,0.0,nan,nan,4.180298719772404,2.859412630865743,nan,0.4104,0.06573,0.0,0.0,0.0,0.0,0.0,0.0,0.0,0.0,0.0,0.0,0.0,0.0,0.0,0.0,0.0,0.0,0.0,0.0,0.0,0.002144987382427162,0.0,0.0,0.0027988070658407894,0.001743519155769672,0.00013764624913971095,0.0006882312456985547,0.00019499885294792384,0.0006194081211286992,0.007604955264969029,0.0033838036246845605,0.025544849736178023,0.017848130305115853,0.04783207157604955,0.041110346409727,0.03197981188345951,0.04915118146363845,0.02967423721036935,0.0459050240880936,0.04943794448267951,0.06634549208534067,0.04932323927506309,0.07504014682266574,0.06078228951594403,0.07219545767377838,0.03383803624684561,0.044184445973847214,0.026668960770818994,0.03645331498050011,0.05300527643955036,0.017756366139022713,0.015359027299839413,0.03069511355815554,0.015944023858683185,0.004863500802936453,0.015645790318880477,0.011367286074787795,0.007845836200963524,0.0026038082128928652,0.002213810506997018,6.882312456985548e-05,0.0,0.0,0.0,0.0,0.0,0.0,0.0,0.0,0.0,0.0,0.0,0.0,0.0,0.0,0.0,0.0,0.0,0.0,0.0,0.0,0.0,0.0,0.0,0.0,0.0,0.0,0.0,0.0,0.0,0.0,0.0,0.0,0.0,0.0,0.0,0.0,0.0,0.0,0.0,0.0,0.0,nan,nan,4.180298719772404,2.859412630865743,nan,0.9114857248072652,0.022995919953791567,0.0,0.0,0.0,0.0,0.0,0.0,0.0,0.0,0.0,0.0,0.0,0.0,0.0,0.0,0.0,0.0,0.0,0.0,0.0,0.0,0.0,0.0,0.0,0.0,0.0,0.7912382655341977,8.58292355833706,15.516316495306217,4.894948591864105,0.21457308895842653,0.9110119771721451,0.0226251746478783,0.0,0.0,0.0,0.0,0.0,0.0,0.0,0.0,0.0,0.0,0.0,0.0,0.0,0.0,0.0,0.0,0.0,0.0,0.0,0.0,0.0,0.0,0.0,0.0,0.0,0.8199811498586241,8.666352497643734,15.466540999057496,4.806786050895383,0.24033930254476915,0.4104,0.01206,0.0,0.0,0.0,0.0,0.0,0.0,0.0,0.0,0.0,0.0,0.013410818059901658,5.793473401877506,23.482342422887804,0.7107733571747878,0.0,0.0,0.0,0.0,0.0,0.0,0.0,0.0,0.0,0.0,0.0,0.0,0.0,0.0,0.0,0.0,0.4104,0.0116,0.0,0.0,0.0,0.0,0.0,0.0,0.0,0.0,0.0,0.0,0.0,5.655042412818087,23.652214891611695,0.6927426955702168,0.0,0.0,0.0,0.0,0.0,0.0,0.0,0.0,0.0,0.0,0.0,0.0,0.0,0.0,0.0,0.0
63800,4421,2302,0.5206966749604162,1079,916,0.45125537208776295,1278,0.5781497398778557,0.4140000000000001,2.970268994808872,3.057505093723761,6.465661641541039,2.195070640092088,8380.674010404886,506.2657216201148,7853.0,8866.4,8866.399999999998,1.8189894035458565e-12,7853.0,0.0,27.94865415064465,20.772882121714822,32.952779276848354,18.956199238700073,0.14250169644876726,0.09613209681067632,0.08731056322099072,0.08572721103822664,0.08504863153132776,0.08075096132096811,0.07147704139334993,0.06401266681746211,0.055643519565709114,0.04614340646912463,0.04750056548292242,0.04229812259669758,0.035512327527708665,0.026690793938023073,0.017416874010404884,0.010857272110382267,0.0049762497172585385,0.9113321834979244,0.022961378468639725,0.0,0.0,0.0,0.0,0.0,0.0,0.0,0.0,0.0,0.0,0.0,0.0,0.0,0.0,0.0,0.0,0.0,0.0,0.0,0.0,0.0,0.0,0.0,0.0,0.006785795068988918,0.746437457588781,8.753675638995704,15.213752544673154,5.055417326396744,0.2239312372766343,4.253560263980549,2.8681153735880205,nan,nan,nan,4.222689075630252,2.8595979318599083,4.281379310344827,2.875484635779927,1.0138987819523073,0.411,0.011894,0.0,0.0,0.0,0.0,0.0,0.0,0.0,0.0,0.0,0.0,0.0,5.367563899570226,23.750282741461213,0.8821533589685594,0.0,0.0,0.0,0.0,0.0,0.0,0.0,0.0,0.0,0.0,0.0,0.0,0.0,0.0,0.0,0.0,nan,nan,4.253560263980549,2.8681153735880205,nan,0.411,0.0653,0.0,0.0,0.0,0.0,0.0,0.0,0.0,0.0,0.0,0.0,0.0,0.0,0.0,0.0,0.0,0.0,0.0,0.0,0.0,0.0020018095453517306,0.0,0.0,0.00244288622483601,0.0014815652567292468,0.00014702555982809318,0.0006785795068988917,0.00012440624293146347,0.0008595340420719294,0.00726080072381814,0.0034607554851843474,0.023297896403528612,0.017948427957475685,0.047432707532232526,0.04095227324134811,0.03175752092286813,0.0474892558244741,0.02999321420493101,0.046030309884641483,0.049389278443791,0.06691924903867903,0.049219633567066275,0.07801402397647592,0.058742365980547384,0.07051572042524316,0.03570459172133002,0.045917213300158334,0.025763401945261253,0.034302194073738974,0.05726080072381814,0.01824247907713187,0.015347206514363266,0.0328771771092513,0.014928749151775616,0.004037548066048406,0.01624066953178014,0.010868581768830581,0.006819724044333861,0.002793485636733771,0.0026577697353539925,7.916760913820403e-05,0.0,0.0,0.0,0.0,0.0,0.0,0.0,0.0,0.0,0.0,0.0,0.0,0.0,0.0,0.0,0.0,0.0,0.0,0.0,0.0,0.0,0.0,0.0,0.0,0.0,0.0,0.0,0.0,0.0,0.0,0.0,0.0,0.0,0.0,0.0,0.0,0.0,0.0,0.0,0.0,0.0,nan,nan,4.253560263980549,2.8681153735880205,nan,0.9115164448239305,0.023100582735400676,0.0,0.0,0.0,0.0,0.0,0.0,0.0,0.0,0.0,0.0,0.0,0.0,0.0,0.0,0.0,0.0,0.0,0.0,0.0,0.0,0.0,0.0,0.0,0.0,0.013032145960034755,0.7037358818418769,8.822762814943529,15.091225021720247,5.173761946133798,0.19548218940052134,0.9111320090890213,0.022807502574971314,0.0,0.0,0.0,0.0,0.0,0.0,0.0,0.0,0.0,0.0,0.0,0.0,0.0,0.0,0.0,0.0,0.0,0.0,0.0,0.0,0.0,0.0,0.0,0.0,0.0,0.792826805096744,8.678621991505429,15.346861727229829,4.92685228881548,0.2548371873525248,0.4114,0.01187,0.0,0.0,0.0,0.0,0.0,0.0,0.0,0.0,0.0,0.0,0.0,5.069504778453512,24.00521285838402,0.9252823631624676,0.0,0.0,0.0,0.0,0.0,0.0,0.0,0.0,0.0,0.0,0.0,0.0,0.0,0.0,0.0,0.0,0.4106,0.0119,0.0,0.0,0.0,0.0,0.0,0.0,0.0,0.0,0.0,0.0,0.0,5.691363850873045,23.473336479471456,0.8352996696554981,0.0,0.0,0.0,0.0,0.0,0.0,0.0,0.0,0.0,0.0,0.0,0.0,0.0,0.0,0.0,0.0
63900,4272,2258,0.528558052434457,1026,838,0.4363295880149813,1148,0.5374531835205992,0.4500000000000001,3.0938430983118175,3.201233598372678,6.793286219081272,2.221328704829257,8388.64073033708,505.8728339489641,7853.0,8866.4,8866.4,0.0,7853.0,0.0,28.01755617977528,21.056192004802256,33.17134043746495,19.23026853646342,0.1451310861423221,0.10112359550561797,0.0929307116104869,0.07818352059925093,0.07841760299625468,0.07209737827715355,0.07186329588014981,0.06343632958801498,0.05805243445692884,0.05500936329588015,0.04892322097378277,0.03885767790262172,0.03300561797752809,0.025280898876404494,0.020365168539325844,0.01100187265917603,0.006320224719101123,0.9098780816525556,0.022983030998708107,0.0,0.0,0.0,0.0,0.0,0.0,0.0,0.0,0.0,0.0,0.0,0.0,0.0,0.0,0.0,0.0,0.0,0.0,0.0,0.0,0.0,0.0,0.0,0.0,0.02106741573033708,0.8637640449438204,9.080056179775283,15.547752808988767,4.269662921348315,0.2176966292134832,4.355514705882353,2.9515211232447935,nan,nan,nan,4.4785819793205315,2.9930839627588623,4.233528550512445,2.9045962960514027,0.9452832548472709,0.4116,0.012024,0.0,0.0,0.0,0.0,0.0,0.0,0.0,0.0,0.0,0.0,0.0,5.042134831460666,24.073033707865175,0.8848314606741575,0.0,0.0,0.0,0.0,0.0,0.0,0.0,0.0,0.0,0.0,0.0,0.0,0.0,0.0,0.0,0.0,nan,nan,4.355514705882353,2.9515211232447935,nan,0.4116,0.0656,0.0,0.0,0.0,0.0,0.0,0.0,0.0,0.0,0.0,0.0,0.0,0.0,0.0,0.0,0.0,0.0,0.0,0.0,0.0,0.0018024344569288388,0.0,0.0,0.0026100187265917603,0.0012991573033707866,1.1704119850187266e-05,0.0005383895131086142,0.0001404494382022472,0.0009012172284644194,0.008368445692883895,0.003043071161048689,0.024473314606741573,0.017661516853932583,0.04868913857677903,0.040683520599250934,0.028955992509363294,0.04474485018726592,0.03086376404494382,0.04600889513108614,0.04928604868913858,0.06859784644194757,0.047050561797752806,0.07602996254681647,0.05792368913857678,0.07114934456928838,0.036025280898876404,0.04433520599250936,0.025105337078651684,0.036973314606741574,0.059480337078651684,0.020470505617977527,0.013764044943820225,0.034269662921348316,0.01446629213483146,0.004705056179775281,0.015531367041198502,0.011247659176029963,0.00774812734082397,0.002551498127340824,0.0024812734082397003,0.0,1.1704119850187266e-05,0.0,0.0,0.0,0.0,0.0,0.0,0.0,0.0,0.0,0.0,0.0,0.0,0.0,0.0,0.0,0.0,0.0,0.0,0.0,0.0,0.0,0.0,0.0,0.0,0.0,0.0,0.0,0.0,0.0,0.0,0.0,0.0,0.0,0.0,0.0,0.0,0.0,0.0,0.0,0.0,nan,nan,4.355514705882353,2.9515211232447935,nan,0.9106832923775124,0.023199016433512527,0.0,0.0,0.0,0.0,0.0,0.0,0.0,0.0,0.0,0.0,0.0,0.0,0.0,0.0,0.0,0.0,0.0,0.0,0.0,0.0,0.0,0.0,0.0,0.0,0.0,0.7971656333038089,8.795394154118691,15.611160318866256,4.517271922054917,0.27900797165633306,0.908975318089024,0.022704508786228015,0.0,0.0,0.0,0.0,0.0,0.0,0.0,0.0,0.0,0.0,0.0,0.0,0.0,0.0,0.0,0.0,0.0,0.0,0.0,0.0,0.0,0.0,0.0,0.0,0.04468718967229395,0.938430983118173,9.399205561072494,15.476663356504472,3.9920556107249263,0.1489572989076465,0.4116,0.01206,0.0,0.0,0.0,0.0,0.0,0.0,0.0,0.0,0.0,0.0,0.0,5.088573959255972,23.954827280779458,0.9565987599645707,0.0,0.0,0.0,0.0,0.0,0.0,0.0,0.0,0.0,0.0,0.0,0.0,0.0,0.0,0.0,0.0,0.4114,0.01198,0.0,0.0,0.0,0.0,0.0,0.0,0.0,0.0,0.0,0.0,0.0,4.99006951340615,24.205561072492557,0.8043694141012911,0.0,0.0,0.0,0.0,0.0,0.0,0.0,0.0,0.0,0.0,0.0,0.0,0.0,0.0,0.0,0.0
64000,4318,2214,0.5127373784159333,1033,858,0.43793422880963406,1160,0.5372857804539138,0.4380000000000001,2.995722433460076,3.1944999000109147,6.820284697508897,2.2019276391834492,8372.608059286707,506.5355584807948,7853.0,8866.4,8866.400000000001,1.8189894035458565e-12,7853.0,0.0,27.398332561371006,20.834483409324186,32.340343110127286,19.188729873838756,0.14196387216303843,0.10421491431218156,0.10050949513663733,0.0921723019916628,0.0745715609078277,0.07364520611394164,0.06901343214451135,0.06276053728578046,0.05743399722093562,0.04701250578971746,0.04539138490041686,0.04075961093098657,0.028948587308939323,0.024085224641037517,0.021074571560907827,0.010421491431218156,0.006021306160259379,0.9093410092931812,0.022741973511178744,0.0,0.0,0.0,0.0,0.0,0.0,0.0,0.0,0.0,0.0,0.0,0.0,0.0,0.0,0.0,0.0,0.0,0.0,0.0,0.0,0.0,0.0,0.0,0.0,0.006947660954145439,0.9101435849930526,9.212598425196852,15.58360352014822,4.106067623899954,0.18063918480778143,4.361490225009222,2.941814919416235,nan,nan,nan,4.37910447761194,2.9386024352856097,4.344274252370533,2.9448495697137007,0.9920462675829097,0.4119,0.01217,0.0,0.0,0.0,0.0,0.0,0.0,0.0,0.0,0.0,0.0,0.0,5.259379342288089,23.566465956461332,1.174154701250579,0.0,0.0,0.0,0.0,0.0,0.0,0.0,0.0,0.0,0.0,0.0,0.0,0.0,0.0,0.0,0.0,nan,nan,4.361490225009222,2.941814919416235,nan,0.4119,0.0652,0.0,0.0,0.0,0.0,0.0,0.0,0.0,0.0,0.0,0.0,0.0,0.0,0.0,0.0,0.0,0.0,0.0,0.0,0.0,0.0013316350162112089,2.315886984715146e-05,0.0,0.0024548402037980546,0.001493747105141269,9.263547938860583e-05,0.00038212135247799907,1.157943492357573e-05,0.0009031959240389069,0.0076771653543307086,0.0031032885595182955,0.02364520611394164,0.018063918480778138,0.050185270958777214,0.04097962019453451,0.028265400648448357,0.0428902269569245,0.02982862436313108,0.04387447892542844,0.05060213061602594,0.06917554423344141,0.050578971746178786,0.07389995368226031,0.060050949513663736,0.0699397869383974,0.03738999536822603,0.04276285317276517,0.025382121352478,0.03757526632700324,0.05985409911996294,0.02161880500231589,0.01380268642890227,0.036452061139416396,0.014196387216303844,0.003948587308939324,0.014358499305233904,0.010421491431218156,0.008302454840203798,0.0019569245020842983,0.002477999073645206,0.0,4.631773969430292e-05,0.0,0.0,0.0,0.0,0.0,0.0,0.0,0.0,0.0,0.0,0.0,0.0,0.0,0.0,0.0,0.0,0.0,0.0,0.0,0.0,0.0,0.0,0.0,0.0,0.0,0.0,0.0,0.0,0.0,0.0,0.0,0.0,0.0,0.0,0.0,0.0,0.0,0.0,0.0,0.0,nan,nan,4.361490225009222,2.941814919416235,nan,0.9093633917612112,0.022586322737309466,0.0,0.0,0.0,0.0,0.0,0.0,0.0,0.0,0.0,0.0,0.0,0.0,0.0,0.0,0.0,0.0,0.0,0.0,0.0,0.0,0.0,0.0,0.0,0.0,0.013550135501355016,0.867208672086721,9.10569105691057,15.880758807588078,3.9024390243902447,0.2303523035230353,0.909317456639085,0.022904596194471466,0.0,0.0,0.0,0.0,0.0,0.0,0.0,0.0,0.0,0.0,0.0,0.0,0.0,0.0,0.0,0.0,0.0,0.0,0.0,0.0,0.0,0.0,0.0,0.0,0.0,0.95532319391635,9.325095057034222,15.270912547528521,4.320342205323195,0.12832699619771865,0.4119,0.01224,0.0,0.0,0.0,0.0,0.0,0.0,0.0,0.0,0.0,0.0,0.0,5.433604336043352,23.41463414634147,1.1517615176151763,0.0,0.0,0.0,0.0,0.0,0.0,0.0,0.0,0.0,0.0,0.0,0.0,0.0,0.0,0.0,0.0,0.4119,0.01209,0.0,0.0,0.0,0.0,0.0,0.0,0.0,0.0,0.0,0.0,0.0,5.076045627376419,23.726235741444874,1.1977186311787074,0.0,0.0,0.0,0.0,0.0,0.0,0.0,0.0,0.0,0.0,0.0,0.0,0.0,0.0,0.0,0.0
64100,4817,2442,0.5069545360182687,1151,1022,0.45111064978202203,1398,0.5804442599128088,0.39000000000000007,2.927157894736842,3.079740133657177,6.571214392803598,2.121980107052227,8366.747726800913,506.6509839593125,7853.0,8866.4,8866.4,0.0,7853.0,0.0,27.764791363919453,20.79636486243831,32.73024523160763,19.056460425217477,0.13846792609507994,0.10483703549927341,0.091965953913224,0.08490761884990658,0.08241644176873572,0.07348972389454017,0.07099854681336931,0.06477060411044218,0.06310981938966162,0.048162756902636494,0.045879177911563214,0.03944363711853851,0.030724517334440524,0.024911770811708533,0.0186838281087814,0.01100269877517127,0.006227942702927133,0.9090460418095746,0.02230220895492019,0.0,0.0,0.0,0.0,0.0,0.0,0.0,0.0,0.0,0.0,0.0,0.0,0.0,0.0,0.0,0.0,0.0,0.0,0.0,0.0,0.0,0.0,0.0,0.0,0.018683828108781404,0.8843678638156531,9.4104214241229,15.457753788665148,4.0855304131202,0.14324268216732408,4.309600515463917,2.8637146223655474,nan,nan,nan,4.401417525773196,2.907388925093219,4.217783505154639,2.8163720968972705,0.958278436539306,0.4111,0.01208,0.0,0.0,0.0,0.0,0.0,0.0,0.0,0.0,0.0,0.0,0.0,5.449449865061234,23.554079302470424,0.9964708324683414,0.0,0.0,0.0,0.0,0.0,0.0,0.0,0.0,0.0,0.0,0.0,0.0,0.0,0.0,0.0,0.0,nan,nan,4.309600515463917,2.8637146223655474,nan,0.4111,0.06586,0.0,0.0,0.0,0.0,0.0,0.0,0.0,0.0,0.0,0.0,0.0,0.0,0.0,0.0,0.0,0.0,0.0,0.0,0.0,0.0014947062487025119,2.075980900975711e-05,0.0,0.003051691924434295,0.0023873780361220675,0.00013493875856342123,0.00031139713514635666,3.113971351463567e-05,0.0011625493045463982,0.008324683412912601,0.0034461282956196803,0.02368694208013286,0.01923396304753996,0.050269877517126846,0.042121652480797175,0.026624455055013495,0.04222545152584596,0.030766036952460038,0.040429728046501974,0.05134938758563421,0.07099854681336931,0.0505293751297488,0.07330288561345236,0.05975711023458584,0.07126842433049616,0.03772057297072867,0.042557608470002076,0.023936059788249947,0.03926717874195557,0.05818974465434918,0.019919036744861948,0.012341706456300602,0.03589370977787004,0.014261988789703134,0.0037160058127465225,0.01567365580236662,0.009134315964293128,0.009238115009341914,0.002148640232509861,0.0028856134523562384,0.0,0.00015569856757317833,3.113971351463567e-05,0.0,0.0,0.0,0.0,0.0,0.0,0.0,0.0,0.0,0.0,0.0,0.0,0.0,0.0,0.0,0.0,0.0,0.0,0.0,0.0,0.0,0.0,0.0,0.0,0.0,0.0,0.0,0.0,0.0,0.0,0.0,0.0,0.0,0.0,0.0,0.0,0.0,0.0,0.0,nan,nan,4.309600515463917,2.8637146223655474,nan,0.909094552052597,0.022481712216485542,0.0,0.0,0.0,0.0,0.0,0.0,0.0,0.0,0.0,0.0,0.0,0.0,0.0,0.0,0.0,0.0,0.0,0.0,0.0,0.0,0.0,0.0,0.0,0.0,0.024570024570024575,0.8845208845208847,9.361179361179362,15.552825552825556,4.0049140049140055,0.17199017199017202,0.9089961630670648,0.02211601176444085,0.0,0.0,0.0,0.0,0.0,0.0,0.0,0.0,0.0,0.0,0.0,0.0,0.0,0.0,0.0,0.0,0.0,0.0,0.0,0.0,0.0,0.0,0.0,0.0,0.012631578947368424,0.8842105263157897,9.46105263157895,15.360000000000003,4.1684210526315795,0.11368421052631582,0.411,0.0122,0.0,0.0,0.0,0.0,0.0,0.0,0.0,0.0,0.0,0.0,0.0,5.589680589680581,23.390663390663395,1.0196560196560198,0.0,0.0,0.0,0.0,0.0,0.0,0.0,0.0,0.0,0.0,0.0,0.0,0.0,0.0,0.0,0.0,0.4114,0.01194,0.0,0.0,0.0,0.0,0.0,0.0,0.0,0.0,0.0,0.0,0.0,5.305263157894729,23.7221052631579,0.9726315789473686,0.0,0.0,0.0,0.0,0.0,0.0,0.0,0.0,0.0,0.0,0.0,0.0,0.0,0.0,0.0,0.0
64200,4892,2521,0.5153311529026983,1186,1031,0.45318887980376127,1395,0.5703188879803761,0.3980000000000001,2.8785322648671445,3.0391108166703003,6.540031397174254,2.0891546213675163,8375.236590351595,506.46175014530615,7853.0,8866.4,8866.4,0.0,7853.0,0.0,27.57767784137367,20.608137113635838,32.587286063569685,18.821691557207256,0.14247751430907604,0.10139002452984465,0.09260016353229762,0.0856500408830744,0.0776778413736713,0.07706459525756337,0.071340964840556,0.06888798037612429,0.06173344235486509,0.04905968928863451,0.04783319705641864,0.03863450531479967,0.030049059689288636,0.022690106295993457,0.01839738348323794,0.007563368765331153,0.006950122649223222,0.9078162539253836,0.022689463052754676,0.0,0.0,0.0,0.0,0.0,0.0,0.0,0.0,0.0,0.0,0.0,0.0,0.0,0.0,0.0,0.0,0.0,0.0,0.0,0.0,0.0,0.0,0.0,0.0,0.012264922322158629,1.0486508585445626,9.824202780049061,15.11651676206051,3.8573180703188887,0.14104660670482422,4.256109171691526,2.8843309880514316,nan,nan,nan,4.295581829495955,2.904045054664353,4.215025906735751,2.8630904937662454,0.981246795903861,0.411,0.01256,0.0,0.0,0.0,0.0,0.0,0.0,0.0,0.0,0.0,0.0,0.0061324611610793145,5.856500408830736,23.039656582174985,1.0977105478331972,0.0,0.0,0.0,0.0,0.0,0.0,0.0,0.0,0.0,0.0,0.0,0.0,0.0,0.0,0.0,0.0,nan,nan,4.256109171691526,2.8843309880514316,nan,0.411,0.0657,0.0,0.0,0.0,0.0,0.0,0.0,0.0,0.0,0.0,0.0,0.0,0.0,0.0,0.0,0.0,0.0,0.0,0.0,0.0,0.0017477514309076042,1.0220768601798855e-05,0.0,0.0029333605887162714,0.0028107113654946853,0.0002044153720359771,0.00023507767784137367,0.00021463614063777596,0.0008789860997547016,0.009280457890433361,0.0021668029435813574,0.023426001635322977,0.019337694194603433,0.048783728536385934,0.04084219133278823,0.026809076042518396,0.04526778413736713,0.03080539656582175,0.03983033524121014,0.051543336058871625,0.07185200327064595,0.05202371218315617,0.07606295993458709,0.059893704006541294,0.07105478331970565,0.03530253475061325,0.04218111201962388,0.023068274734260017,0.040412919051512675,0.060486508585445624,0.017549059689288635,0.011477923139820115,0.03522076860179885,0.0142886345053148,0.0036488143908421913,0.014677023712183155,0.009750613246116108,0.008524121013900245,0.0017273098937040066,0.003413736713000818,5.110384300899428e-05,0.0002044153720359771,0.0,0.0,0.0,0.0,0.0,0.0,0.0,0.0,0.0,0.0,0.0,0.0,0.0,0.0,0.0,0.0,0.0,0.0,0.0,0.0,0.0,0.0,0.0,0.0,0.0,0.0,0.0,0.0,0.0,0.0,0.0,0.0,0.0,0.0,0.0,0.0,0.0,0.0,0.0,0.0,nan,nan,4.256109171691526,2.8843309880514316,nan,0.9079950933936852,0.02305502065873167,0.0,0.0,0.0,0.0,0.0,0.0,0.0,0.0,0.0,0.0,0.0,0.0,0.0,0.0,0.0,0.0,0.0,0.0,0.0,0.0,0.0,0.0,0.0,0.0,0.011900039666798892,1.0591035303451013,9.758032526775093,15.053550178500599,3.9270130900436344,0.19040063466878226,0.9076261002773074,0.022292631087283667,0.0,0.0,0.0,0.0,0.0,0.0,0.0,0.0,0.0,0.0,0.0,0.0,0.0,0.0,0.0,0.0,0.0,0.0,0.0,0.0,0.0,0.0,0.0,0.0,0.0126528890763391,1.0375369042598062,9.894559257697177,15.18346689160692,3.783213833825391,0.0885702235343737,0.411,0.01256,0.0,0.0,0.0,0.0,0.0,0.0,0.0,0.0,0.0,0.0,0.011900039666798892,5.878619595398643,23.00277667592226,1.106703689012297,0.0,0.0,0.0,0.0,0.0,0.0,0.0,0.0,0.0,0.0,0.0,0.0,0.0,0.0,0.0,0.0,0.4106,0.01255,0.0,0.0,0.0,0.0,0.0,0.0,0.0,0.0,0.0,0.0,0.0,5.832981864192315,23.07886967524252,1.0881484605651626,0.0,0.0,0.0,0.0,0.0,0.0,0.0,0.0,0.0,0.0,0.0,0.0,0.0,0.0,0.0,0.0
64300,4783,2528,0.5285385741166632,1208,967,0.4547355216391386,1318,0.5511185448463307,0.4060000000000001,3.011529933481153,3.048004706781629,6.418320610687023,2.133477308041111,8388.620991009828,505.8739628395687,7853.0,8866.4,8866.399999999998,1.8189894035458565e-12,7853.0,0.0,28.65063767509931,21.077246177078646,33.55420792079208,19.250859106876465,0.13631611959021533,0.09617394940413966,0.0892745139034079,0.07840267614467906,0.08362952122099102,0.0790298975538365,0.06836713359816016,0.06146769809742839,0.06481287894626803,0.05268659836922433,0.048296048505122306,0.039096801170813295,0.03700606314028852,0.02780681580597951,0.01881664227472298,0.011499059167886265,0.007317583106836713,0.907730864601207,0.022664101948467078,0.0,0.0,0.0,0.0,0.0,0.0,0.0,0.0,0.0,0.0,0.0,0.0,0.0,0.0,0.0,0.0,0.0,0.0,0.0,0.0,0.0,0.0,0.0,0.0,0.006272214091574327,0.9533765419192977,10.167259042441984,14.927869537946899,3.800961739494042,0.14426092410620953,4.160839160839161,2.8604219602019207,nan,nan,nan,4.1930724823604875,2.850214668756018,4.129174543163201,2.87006135573192,0.9847610697248632,0.4106,0.0122,0.0,0.0,0.0,0.0,0.0,0.0,0.0,0.0,0.0,0.0,0.006272214091574327,5.996236671545047,23.138197783817695,0.8592933305456828,0.0,0.0,0.0,0.0,0.0,0.0,0.0,0.0,0.0,0.0,0.0,0.0,0.0,0.0,0.0,0.0,nan,nan,4.160839160839161,2.8604219602019207,nan,0.4106,0.06537,0.0,0.0,0.0,0.0,0.0,0.0,0.0,0.0,0.0,0.0,0.0,0.0,0.0,0.0,0.0,0.0,0.0,0.0,0.0,0.002122099100982647,0.0,0.0,0.002717959439682208,0.0028434037215136943,0.0003031570144260924,0.00011499059167886264,0.000250888563662973,0.0009826468743466443,0.008875182939577671,0.001944386368388041,0.023708969266150952,0.01914070666945432,0.04843194647710642,0.04006899435500732,0.026604641438427765,0.045557181685134854,0.03126698724649801,0.03977629103073385,0.04891281622412712,0.0715868701651683,0.05316746811624504,0.07638511394522267,0.0645828977629103,0.0725486096592097,0.03557390758937905,0.041271168722559065,0.02369851557599833,0.03878319046623458,0.059533765419192974,0.016464561990382605,0.010558227054150115,0.036399749111436334,0.014708342044741795,0.0037633284549445953,0.01404975956512649,0.009889190884382186,0.008969266150951286,0.0013276186493832323,0.0028329500313610703,0.0001358979719841104,0.0001358979719841104,0.0,1.0453690152623876e-05,0.0,0.0,0.0,0.0,0.0,0.0,0.0,0.0,0.0,0.0,0.0,0.0,0.0,0.0,0.0,0.0,0.0,0.0,0.0,0.0,0.0,0.0,0.0,0.0,0.0,0.0,0.0,0.0,0.0,0.0,0.0,0.0,0.0,0.0,0.0,0.0,0.0,0.0,nan,nan,4.160839160839161,2.8604219602019207,nan,0.9078826268875524,0.022254812976831163,0.0,0.0,0.0,0.0,0.0,0.0,0.0,0.0,0.0,0.0,0.0,0.0,0.0,0.0,0.0,0.0,0.0,0.0,0.0,0.0,0.0,0.0,0.0,0.0,0.01186708860759494,0.783227848101266,10.15822784810127,15.237341772151902,3.666930379746836,0.14240506329113925,0.9075607293196634,0.023113141553287184,0.0,0.0,0.0,0.0,0.0,0.0,0.0,0.0,0.0,0.0,0.0,0.0,0.0,0.0,0.0,0.0,0.0,0.0,0.0,0.0,0.0,0.0,0.0,0.0,0.0,1.1441241685144126,10.17738359201774,14.580931263858096,3.951219512195123,0.14634146341463417,0.4106,0.01223,0.0,0.0,0.0,0.0,0.0,0.0,0.0,0.0,0.0,0.0,0.01186708860759494,5.874208860759485,23.247626582278485,0.8662974683544306,0.0,0.0,0.0,0.0,0.0,0.0,0.0,0.0,0.0,0.0,0.0,0.0,0.0,0.0,0.0,0.0,0.4106,0.012184,0.0,0.0,0.0,0.0,0.0,0.0,0.0,0.0,0.0,0.0,0.0,6.133037694013295,23.01552106430156,0.8514412416851443,0.0,0.0,0.0,0.0,0.0,0.0,0.0,0.0,0.0,0.0,0.0,0.0,0.0,0.0,0.0,0.0
64400,4841,2429,0.501755835571163,1173,1008,0.4505267506713489,1401,0.5788060318116092,0.3940000000000001,2.8917910447761193,3.038091333065193,6.453879941434846,2.0941587932799504,8361.479363767818,506.6968757201703,7853.0,8866.4,8866.4,0.0,7853.0,0.0,27.88308200784962,20.760205288344835,32.808212441603146,18.991906223897654,0.13902086345796322,0.09956620532947738,0.0970873786407767,0.08118157405494733,0.08014872960132204,0.07725676513117125,0.07291881842594505,0.06259037388969221,0.057426151621565794,0.05680644494939062,0.04234662259863665,0.04234662259863665,0.028299938029332783,0.026647386903532327,0.021483164635405907,0.010121875645527783,0.004751084486676307,0.9064682719752306,0.02316711307980403,0.0,0.0,0.0,0.0,0.0,0.0,0.0,0.0,0.0,0.0,0.0,0.0,0.0,0.0,0.0,0.0,0.0,0.0,0.0,0.0,0.0,0.0,0.0,0.0,0.03718240033051023,1.2642016112373478,10.194174757281557,14.835777731873582,3.5447221648419753,0.1239413344350341,4.279566464775263,2.8622514444634577,nan,nan,nan,4.289288005131494,2.8806192662479195,4.266328471781864,2.841193275290039,0.9946472390470953,0.4106,0.01213,0.0,0.0,0.0,0.0,0.0,0.0,0.0,0.0,0.0,0.0,0.0061970667217517055,5.750877917785573,23.307167940508165,0.9357570749845076,0.0,0.0,0.0,0.0,0.0,0.0,0.0,0.0,0.0,0.0,0.0,0.0,0.0,0.0,0.0,0.0,nan,nan,4.279566464775263,2.8622514444634577,nan,0.4106,0.06555,0.0,0.0,0.0,0.0,0.0,0.0,0.0,0.0,0.0,0.0,0.0,0.0,0.0,0.0,0.0,0.0,0.0,1.032844453625284e-05,0.0,0.0020966742408593266,0.0001032844453625284,0.0,0.002912621359223301,0.0030778764718033466,0.0005267506713488949,0.0003098533360875852,0.00026853955794257385,0.0007643048956827102,0.008851476967568684,0.0016525511258004544,0.024313158438339186,0.018601528609791366,0.04938029332782483,0.04139640570130138,0.02814501136128899,0.04229498037595538,0.030200371824003307,0.03718240033051023,0.04665358397025408,0.07321834331749638,0.054720099153067546,0.07696756868415616,0.06266267300144598,0.07535633133650073,0.03537492253666598,0.04333815327411692,0.02570749845073332,0.03904152034703574,0.05884114852303243,0.016339599256351995,0.0076430489568271014,0.03575707498450734,0.01341664945259244,0.003935137368312332,0.01549266680437926,0.010101218756455277,0.008923776079322454,0.0011258004544515597,0.0030055773600495767,8.262755629002272e-05,0.0001755835571162983,3.098533360875852e-05,0.0,0.0,0.0,0.0,0.0,0.0,0.0,0.0,0.0,0.0,0.0,0.0,0.0,0.0,0.0,0.0,0.0,0.0,0.0,0.0,0.0,0.0,0.0,0.0,0.0,0.0,0.0,0.0,0.0,0.0,0.0,0.0,0.0,0.0,0.0,0.0,0.0,0.0,0.0,nan,nan,4.279566464775263,2.8622514444634577,nan,0.9063795045012062,0.022935618171545914,0.0,0.0,0.0,0.0,0.0,0.0,0.0,0.0,0.0,0.0,0.0,0.0,0.0,0.0,0.0,0.0,0.0,0.0,0.0,0.0,0.0,0.0,0.0,0.0,0.024701523260601075,1.2597776862906547,10.238781391519147,14.895018526142449,3.495265541375052,0.08645533141210376,0.9065576650906558,0.02339758472086362,0.0,0.0,0.0,0.0,0.0,0.0,0.0,0.0,0.0,0.0,0.0,0.0,0.0,0.0,0.0,0.0,0.0,0.0,0.0,0.0,0.0,0.0,0.0,0.0,0.04975124378109454,1.2686567164179106,10.149253731343284,14.776119402985078,3.5945273631840804,0.16169154228855726,0.4104,0.01209,0.0,0.0,0.0,0.0,0.0,0.0,0.0,0.0,0.0,0.0,0.012350761630300537,5.743104158089741,23.330588719637717,0.9139563606422398,0.0,0.0,0.0,0.0,0.0,0.0,0.0,0.0,0.0,0.0,0.0,0.0,0.0,0.0,0.0,0.0,0.4106,0.01216,0.0,0.0,0.0,0.0,0.0,0.0,0.0,0.0,0.0,0.0,0.0,5.758706467661683,23.283582089552244,0.9577114427860698,0.0,0.0,0.0,0.0,0.0,0.0,0.0,0.0,0.0,0.0,0.0,0.0,0.0,0.0,0.0,0.0
64500,4641,2449,0.5276879982762336,1190,926,0.455936220642103,1280,0.5516052574876105,0.4140000000000001,2.9844890510948905,3.045988194658165,6.2919937205651495,2.1859007203311505,8387.759017453134,505.9225054685396,7853.0,8866.4,8866.399999999998,1.8189894035458565e-12,7853.0,0.0,28.686059039000217,21.11821003521693,33.48944825832697,19.35017817485428,0.13186813186813187,0.09696186166774402,0.0889894419306184,0.08748114630467571,0.08123249299719888,0.07713854772678302,0.07153630683042447,0.06334841628959276,0.05666882137470373,0.05322128851540616,0.048265460030165915,0.037922861452273214,0.035121741004093945,0.03081232492997199,0.02176255117431588,0.0099116569704805,0.007756948933419522,0.9066096348794364,0.022715069112155397,0.0,0.0,0.0,0.0,0.0,0.0,0.0,0.0,0.0,0.0,0.0,0.0,0.0,0.0,0.0,0.0,0.0,0.0,0.0,0.0,0.0,0.0,0.0,0.0,0.006464124111182936,1.1829347123464773,10.361990950226247,14.873949579831937,3.47769877181642,0.09696186166774405,4.126627604166667,2.9127806252267514,nan,nan,nan,4.17940414507772,2.898242393482951,4.074001309757695,2.927260247285087,0.9747804156618443,0.4104,0.01173,0.0,0.0,0.0,0.0,0.0,0.0,0.0,0.0,0.0,0.0,0.0,5.442792501616023,23.79444085326439,0.7627666451195865,0.0,0.0,0.0,0.0,0.0,0.0,0.0,0.0,0.0,0.0,0.0,0.0,0.0,0.0,0.0,0.0,nan,nan,4.126627604166667,2.9127806252267514,nan,0.4104,0.0656,0.0,0.0,0.0,0.0,0.0,0.0,0.0,0.0,0.0,0.0,0.0,0.0,0.0,0.0,0.0,0.0,0.0,0.0,0.0,0.0019284636931695756,8.618832148243914e-05,1.0773540185304892e-05,0.00295195001077354,0.0034152122387416505,0.0003663003663003663,0.00033397974574445163,0.00043094160741219563,0.0009265244559362206,0.008705020469726352,0.0017884076707606119,0.023044602456367164,0.018799827623357034,0.04953673777203189,0.042964878258995906,0.029153199741435036,0.04255548373195432,0.02949795302736479,0.03367808661926309,0.04952596423184658,0.07403576815341521,0.05547295841413488,0.07722473604826546,0.06148459383753501,0.07475759534583064,0.0354664942900237,0.04353587588881706,0.025059254471019178,0.03865546218487395,0.058845076492135315,0.01638655462184874,0.008360267183796595,0.03526179702650291,0.01330532212885154,0.003285929756517992,0.015470803706097824,0.011247575953458306,0.007800043094160741,0.0009588450764921353,0.0031351001939237235,0.00022624434389140272,0.0002477914242620125,7.541478129713424e-05,0.0,0.0,0.0,0.0,0.0,0.0,0.0,0.0,0.0,0.0,0.0,0.0,0.0,0.0,0.0,0.0,0.0,0.0,0.0,0.0,0.0,0.0,0.0,0.0,0.0,0.0,0.0,0.0,0.0,0.0,0.0,0.0,0.0,0.0,0.0,0.0,0.0,0.0,0.0,nan,nan,4.126627604166667,2.9127806252267514,nan,0.9064934901579782,0.02283398634596937,0.0,0.0,0.0,0.0,0.0,0.0,0.0,0.0,0.0,0.0,0.0,0.0,0.0,0.0,0.0,0.0,0.0,0.0,0.0,0.0,0.0,0.0,0.0,0.0,0.0,1.2984891792568398,9.934667211106575,15.263372805226625,3.393221723152308,0.11024908125765621,0.9067393969336566,0.022580762272700727,0.0,0.0,0.0,0.0,0.0,0.0,0.0,0.0,0.0,0.0,0.0,0.0,0.0,0.0,0.0,0.0,0.0,0.0,0.0,0.0,0.0,0.0,0.0,0.0,0.013686131386861318,1.0538321167883213,10.839416058394162,14.43886861313869,3.5720802919708037,0.0821167883211679,0.41,0.01157,0.0,0.0,0.0,0.0,0.0,0.0,0.0,0.0,0.0,0.0,0.0,5.634953042057974,23.740302164148638,0.6247447937933851,0.0,0.0,0.0,0.0,0.0,0.0,0.0,0.0,0.0,0.0,0.0,0.0,0.0,0.0,0.0,0.0,0.411,0.01188,0.0,0.0,0.0,0.0,0.0,0.0,0.0,0.0,0.0,0.0,0.0,5.228102189781015,23.854927007299278,0.9169708029197082,0.0,0.0,0.0,0.0,0.0,0.0,0.0,0.0,0.0,0.0,0.0,0.0,0.0,0.0,0.0,0.0
64600,4902,2539,0.517951856385149,1172,1011,0.445328437372501,1406,0.5736434108527132,0.3980000000000001,3.035971223021583,3.0743324950836395,6.558651026392962,2.1702311318399823,8377.892411260711,506.37330712876343,7853.0,8866.4,8866.399999999998,1.8189894035458565e-12,7853.0,0.0,28.04589963280294,20.82099433495945,32.96095076400679,19.04746431778848,0.138718890248878,0.09873521011831905,0.09179926560587515,0.08302733578131374,0.08017135862913097,0.0795593635250918,0.07201142390860873,0.06589147286821706,0.052019583843329255,0.05283557731538148,0.050387596899224806,0.043451652386780906,0.033659730722154224,0.022643818849449205,0.01733986128110975,0.009587923296613628,0.008159934720522236,0.9072012610821664,0.02304450926564229,0.0,0.0,0.0,0.0,0.0,0.0,0.0,0.0,0.0,0.0,0.0,0.0,0.0,0.0,0.0,0.0,0.0,0.0,0.0,0.0,0.0,0.0,0.0,0.0,0.006119951040391678,1.3096695226438193,9.706242350061201,15.183598531211754,3.653610771113832,0.1407588739290086,4.367972204674668,2.8402570540622465,nan,nan,nan,4.312302839116719,2.8584271440674267,4.423782416192283,2.8208209540164138,1.0258515186049406,0.4111,0.01193,0.0,0.0,0.0,0.0,0.0,0.0,0.0,0.0,0.0,0.0,0.0,5.250917992656051,23.861689106487155,0.8873929008567933,0.0,0.0,0.0,0.0,0.0,0.0,0.0,0.0,0.0,0.0,0.0,0.0,0.0,0.0,0.0,0.0,nan,nan,4.367972204674668,2.8402570540622465,nan,0.4111,0.0655,0.0,0.0,0.0,0.0,0.0,0.0,0.0,0.0,0.0,0.0,0.0,0.0,0.0,0.0,0.0,0.0,0.0,0.0,3.0599755201958386e-05,0.0020093839249286007,9.179926560587515e-05,0.0,0.002978376172990616,0.0038657690738474093,0.000346797225622195,0.0002345981232150143,0.0002345981232150143,0.0005609955120359037,0.0068849449204406365,0.0014993880048959607,0.022970216238270093,0.018237454100367197,0.04989800081599347,0.042176662586699304,0.028773969808241533,0.03988168094655243,0.031507547939616486,0.033710730314157486,0.04868421052631579,0.07547939616483068,0.05718074255405957,0.07432680538555692,0.0613015095879233,0.07683598531211751,0.03572011423908609,0.044879640962872294,0.02635658914728682,0.037311301509587926,0.059179926560587515,0.015973072215422275,0.009679722562219502,0.03373113015095879,0.012413300693594451,0.004253365973072215,0.01660546715626275,0.010526315789473684,0.00813953488372093,0.0013259893920848633,0.0037535699714402286,0.0002345981232150143,0.00013259893920848634,7.139942880456957e-05,0.0,0.0,0.0,1.0199918400652794e-05,0.0,0.0,0.0,0.0,0.0,0.0,0.0,0.0,0.0,0.0,0.0,0.0,0.0,0.0,0.0,0.0,0.0,0.0,0.0,0.0,0.0,0.0,0.0,0.0,0.0,0.0,0.0,0.0,0.0,0.0,0.0,0.0,0.0,0.0,0.0,nan,nan,4.367972204674668,2.8402570540622465,nan,0.9073633027151843,0.022664862140996875,0.0,0.0,0.0,0.0,0.0,0.0,0.0,0.0,0.0,0.0,0.0,0.0,0.0,0.0,0.0,0.0,0.0,0.0,0.0,0.0,0.0,0.0,0.0,0.0,0.011815675462780626,1.193383221740843,9.65340685309177,15.395825128003153,3.59196534068531,0.15360378101614813,0.907027150330481,0.02344433454289034,0.0,0.0,0.0,0.0,0.0,0.0,0.0,0.0,0.0,0.0,0.0,0.0,0.0,0.0,0.0,0.0,0.0,0.0,0.0,0.0,0.0,0.0,0.0,0.0,0.0,1.4346170122725352,9.763013118916634,14.955564959796872,3.719847651290733,0.1269572577232332,0.411,0.01193,0.0,0.0,0.0,0.0,0.0,0.0,0.0,0.0,0.0,0.0,0.0,5.293422607325711,23.79677038204018,0.9098070106341081,0.0,0.0,0.0,0.0,0.0,0.0,0.0,0.0,0.0,0.0,0.0,0.0,0.0,0.0,0.0,0.0,0.4111,0.01193,0.0,0.0,0.0,0.0,0.0,0.0,0.0,0.0,0.0,0.0,0.0,5.205247566652552,23.93144308082946,0.8633093525179858,0.0,0.0,0.0,0.0,0.0,0.0,0.0,0.0,0.0,0.0,0.0,0.0,0.0,0.0,0.0,0.0
64700,4739,2463,0.5197299008229584,1196,933,0.44925089681367375,1297,0.5473728634733066,0.4300000000000001,3.0601933216168717,3.169407915614796,6.591463414634147,2.298101083530689,8379.694281493987,506.30536112857726,7853.0,8866.4,8866.399999999998,1.8189894035458565e-12,7853.0,0.0,28.267778012238868,20.930855075139846,33.211080471296064,19.117600394246292,0.13884785819793205,0.09558978687486812,0.09347963705423085,0.08145178307659844,0.08335091791517198,0.07427727368643174,0.0700569740451572,0.06414855454737287,0.059295209959907155,0.05275374551593163,0.050854610677358095,0.03882675669972568,0.03186326229162271,0.02848702257860308,0.02046845326018147,0.0103397341211226,0.005908419497784343,0.907299615444325,0.02308267712270755,0.0,0.0,0.0,0.0,0.0,0.0,0.0,0.0,0.0,0.0,0.0,0.0,0.0,0.0,0.0,0.0,0.0,0.0,0.0,0.0,0.0,0.0,0.0,0.0,0.02532179784764719,1.152141802067947,9.951466554125345,14.857564887106987,3.836252373918549,0.17725258493353033,4.239299610894942,2.922773681717318,nan,nan,nan,4.182586094866797,2.9388055137293363,4.294689119170984,2.9062328556268735,1.0268023231946783,0.4111,0.01195,0.0,0.0,0.0,0.0,0.0,0.0,0.0,0.0,0.0,0.0,0.01899134838573539,5.235281705001047,23.929098966026594,0.8166279805866219,0.0,0.0,0.0,0.0,0.0,0.0,0.0,0.0,0.0,0.0,0.0,0.0,0.0,0.0,0.0,0.0,nan,nan,4.239299610894942,2.922773681717318,nan,0.4111,0.0658,0.0,0.0,0.0,0.0,0.0,0.0,0.0,0.0,0.0,0.0,0.0,0.0,0.0,0.0,0.0,0.0,0.0,0.0,1.0550749103186326e-05,0.0020890483224308928,0.00014771048744460856,0.00026376872757965814,0.003682211437012028,0.00453682211437012,0.00024266722937328551,0.00014771048744460856,0.00026376872757965814,0.0005802912006752479,0.0064887106984595905,0.0014665541253428994,0.023127242034184425,0.016754589575859884,0.05129774213969192,0.04134838573538721,0.028244355349229797,0.0386579447140747,0.0307870858830977,0.03214813251740874,0.04679257227263136,0.07719983118801435,0.0601814728845748,0.07156573116691285,0.06409580080185694,0.07748470141380039,0.036241823169445034,0.044998944925089684,0.026777801223886896,0.03531335724836463,0.060645705845115,0.01567841316733488,0.009580080185693184,0.03408947035239502,0.011669128508124077,0.004209748892171344,0.016279805866216503,0.011152141802067948,0.00752268411057185,0.0019096855876767252,0.0038404726735598227,0.00024266722937328551,0.0001688119856509812,7.385524372230428e-05,0.0,0.0,0.0,0.0,0.0,0.0,0.0,0.0,0.0,0.0,0.0,0.0,0.0,0.0,0.0,0.0,0.0,0.0,0.0,0.0,0.0,0.0,0.0,0.0,0.0,0.0,0.0,0.0,0.0,0.0,0.0,0.0,0.0,0.0,0.0,0.0,0.0,0.0,0.0,nan,nan,4.239299610894942,2.922773681717318,nan,0.9074345990936784,0.023081849628526364,0.0,0.0,0.0,0.0,0.0,0.0,0.0,0.0,0.0,0.0,0.0,0.0,0.0,0.0,0.0,0.0,0.0,0.0,0.0,0.0,0.0,0.0,0.0,0.0,0.024360535931790505,1.1327649208282584,9.987819732034108,14.762484774665046,3.8733252131546902,0.21924482338611453,0.9071535413106003,0.02308268327999949,0.0,0.0,0.0,0.0,0.0,0.0,0.0,0.0,0.0,0.0,0.0,0.0,0.0,0.0,0.0,0.0,0.0,0.0,0.0,0.0,0.0,0.0,0.0,0.0,0.026362038664323382,1.1731107205623903,9.912126537785591,14.960456942003518,3.7961335676625665,0.1318101933216169,0.4114,0.01206,0.0,0.0,0.0,0.0,0.0,0.0,0.0,0.0,0.0,0.0,0.024360535931790505,5.23751522533495,23.873325213154697,0.8647990255785629,0.0,0.0,0.0,0.0,0.0,0.0,0.0,0.0,0.0,0.0,0.0,0.0,0.0,0.0,0.0,0.0,0.411,0.01182,0.0,0.0,0.0,0.0,0.0,0.0,0.0,0.0,0.0,0.0,0.013181019332161691,5.232864674868183,23.989455184534275,0.764499121265378,0.0,0.0,0.0,0.0,0.0,0.0,0.0,0.0,0.0,0.0,0.0,0.0,0.0,0.0,0.0,0.0
64800,4791,2478,0.5172197871008141,1174,973,0.44813191400542685,1338,0.5585472761427677,0.4020000000000001,2.996973627323822,3.1102371181302124,6.565749235474006,2.17529666256,8377.150532247966,506.3994163940778,7853.0,8866.4,8866.399999999998,1.8189894035458565e-12,7853.0,0.0,27.969943644333124,20.8335366563309,33.02819361277445,19.01689168061003,0.14130661657274055,0.09726570653308286,0.08829054477144646,0.09204758922980588,0.08098518054685869,0.07388854101440201,0.06887914840325611,0.06491337925276561,0.056981840951784594,0.05364224587768733,0.04612815696096848,0.04278856188687122,0.033813400125234816,0.023168440826549782,0.017950323523272804,0.010227509914422877,0.007722813608849927,0.9078559144581815,0.023178419618123593,0.0,0.0,0.0,0.0,0.0,0.0,0.0,0.0,0.0,0.0,0.0,0.0,0.0,0.0,0.0,0.0,0.0,0.0,0.0,0.0,0.0,0.0,0.0,0.0,0.006261740763932375,1.120851596743895,9.899812147777084,14.890419536631187,3.8948027551659368,0.18785222291797124,4.210135571336346,2.8538876196962284,nan,nan,nan,4.122739018087855,2.7947301352344676,4.297611362169142,2.91007922773776,1.0424165447567897,0.4106,0.01203,0.0,0.0,0.0,0.0,0.0,0.0,0.0,0.0,0.0,0.0,0.0,5.648090169066992,23.606762680025053,0.7451471509079526,0.0,0.0,0.0,0.0,0.0,0.0,0.0,0.0,0.0,0.0,0.0,0.0,0.0,0.0,0.0,0.0,nan,nan,4.210135571336346,2.8538876196962284,nan,0.4106,0.0657,0.0,0.0,0.0,0.0,0.0,0.0,0.0,0.0,0.0,0.0,0.0,0.0,0.0,0.0,0.0,0.0,0.0,0.0,3.1308703819661866e-05,0.0019515758714255896,0.0003235232728031726,0.00012523481527864746,0.003548319766228345,0.005051137549572114,0.0002504696305572949,0.0002817783343769568,0.0003757044458359424,0.0005113754957211438,0.006272176998538927,0.0015341264871634314,0.02543310373617199,0.01624921728240451,0.05104362346065539,0.04237111250260906,0.028960551033187225,0.039542892924232936,0.029451054059695263,0.029701523690252557,0.04548111041536214,0.0757461907743686,0.061751200166979756,0.070214986432895,0.06282613233145481,0.07973283239407222,0.03823836359841369,0.04987476518472135,0.024525151325401794,0.03351074932164475,0.059778751826341056,0.016583176789814236,0.0096326445418493,0.034815278647464,0.011010227509914422,0.004111876434982258,0.01588394907117512,0.01089542892924233,0.007107075767063244,0.0017637236485076185,0.0029847630974744314,0.0001669797537048633,5.2181173032769774e-05,0.0002504696305572949,0.0,5.2181173032769774e-05,0.0,0.0,0.0,0.0,0.0,0.0,0.0,0.0,0.0,0.0,0.0,0.0,0.0,0.0,0.0,0.0,0.0,0.0,0.0,0.0,0.0,0.0,0.0,0.0,0.0,0.0,0.0,0.0,0.0,0.0,0.0,0.0,0.0,0.0,0.0,0.0,0.0,nan,nan,4.210135571336346,2.8538876196962284,nan,0.9083399977099039,0.023468263067905774,0.0,0.0,0.0,0.0,0.0,0.0,0.0,0.0,0.0,0.0,0.0,0.0,0.0,0.0,0.0,0.0,0.0,0.0,0.0,0.0,0.0,0.0,0.0,0.0,0.0,1.150121065375303,9.697336561743343,14.74576271186441,4.188861985472156,0.21791767554479424,0.9073372986787746,0.022852448588521094,0.0,0.0,0.0,0.0,0.0,0.0,0.0,0.0,0.0,0.0,0.0,0.0,0.0,0.0,0.0,0.0,0.0,0.0,0.0,0.0,0.0,0.0,0.0,0.0,0.012970168612191961,1.0894941634241246,10.116731517509729,15.045395590142675,3.579766536964981,0.15564202334630353,0.4106,0.01211,0.0,0.0,0.0,0.0,0.0,0.0,0.0,0.0,0.0,0.0,0.0,5.799031476997571,23.38983050847458,0.8111380145278452,0.0,0.0,0.0,0.0,0.0,0.0,0.0,0.0,0.0,0.0,0.0,0.0,0.0,0.0,0.0,0.0,0.411,0.01195,0.0,0.0,0.0,0.0,0.0,0.0,0.0,0.0,0.0,0.0,0.0,5.4863813229571905,23.839169909208827,0.674448767833982,0.0,0.0,0.0,0.0,0.0,0.0,0.0,0.0,0.0,0.0,0.0,0.0,0.0,0.0,0.0,0.0
64900,4693,2427,0.5171532069038994,1131,961,0.44577029618580866,1341,0.571489452375879,0.4220000000000001,2.9571932921447486,3.072588122594896,6.4335443037974684,2.179888243549721,8377.083059876411,506.4017369928078,7853.0,8866.4,8866.4,0.0,7853.0,0.0,28.24376731301939,21.037794013229778,33.17565173373829,19.26906618368385,0.14042190496484125,0.09162582569784786,0.09460899211591732,0.09162582569784786,0.0794800767099936,0.06903899424675047,0.07010441082463244,0.07031749414020882,0.054336245471979544,0.04943532921372257,0.04879607926699339,0.04133816322181973,0.03835499680375026,0.024291497975708502,0.015128915405923716,0.014063498828041764,0.007031749414020882,0.9076946205023939,0.022267630499085613,0.0,0.0,0.0,0.0,0.0,0.0,0.0,0.0,0.0,0.0,0.0,0.0,0.0,0.0,0.0,0.0,0.0,0.0,0.0,0.0,0.0,0.0,0.0,0.0,0.0063924994672917125,0.9396974216918818,10.247176646068615,14.913701257191565,3.777967185169402,0.11506499041125082,4.252051197899573,2.8772288590680892,nan,nan,nan,4.322200392927308,2.9531905212055243,4.181698485845951,2.7979879935973675,0.9674929678616314,0.4102,0.012436,0.0,0.0,0.0,0.0,0.0,0.0,0.0,0.0,0.0,0.0,0.019177498401875135,6.104836991263576,23.096100575324957,0.779884935009589,0.0,0.0,0.0,0.0,0.0,0.0,0.0,0.0,0.0,0.0,0.0,0.0,0.0,0.0,0.0,0.0,nan,nan,4.252051197899573,2.8772288590680892,nan,0.4102,0.06573,0.0,0.0,0.0,0.0,0.0,0.0,0.0,0.0,0.0,0.0,0.0,0.0,0.0,0.0,0.0,0.0,0.0,0.0,1.0654165778819519e-05,0.0017046665246111229,0.0001811208182399318,0.000266354144470488,0.004251012145748988,0.004975495418708715,0.000575324952056254,0.0002556999786916684,0.0002237374813552099,0.0006499041125079906,0.006328574472618794,0.0012465373961218836,0.026017472831877265,0.017174515235457065,0.05128915405923716,0.04034732580438952,0.030257830811847432,0.042147879821010016,0.03120605156616237,0.027008310249307478,0.04913701257191562,0.07563392286383976,0.06078201576816535,0.06865544427871298,0.05858725761772853,0.07835073513743873,0.038120605156616236,0.050117195823567016,0.025378222885148093,0.03510547624121031,0.06111229490730876,0.017579373535052206,0.010238653313445558,0.034487534626038784,0.00885361176219902,0.0039846580012785,0.014468357127636906,0.010654165778819518,0.006946516087790326,0.0021521414873215427,0.0030683997443000212,2.1308331557639037e-05,0.0002770083102493075,0.0001704666524611123,0.0,0.0,0.0,0.0,0.0,0.0,0.0,0.0,0.0,0.0,0.0,0.0,0.0,0.0,0.0,0.0,0.0,0.0,0.0,0.0,0.0,0.0,0.0,0.0,0.0,0.0,0.0,0.0,0.0,0.0,0.0,0.0,0.0,0.0,0.0,0.0,0.0,0.0,0.0,nan,nan,4.252051197899573,2.8772288590680892,nan,0.9080843220142165,0.022131526887393196,0.0,0.0,0.0,0.0,0.0,0.0,0.0,0.0,0.0,0.0,0.0,0.0,0.0,0.0,0.0,0.0,0.0,0.0,0.0,0.0,0.0,0.0,0.0,0.0,0.0,0.8281829419035849,10.296662546353526,14.85784919653894,3.8936959208899884,0.12360939431396789,0.9072772305777719,0.022404971117598645,0.0,0.0,0.0,0.0,0.0,0.0,0.0,0.0,0.0,0.0,0.0,0.0,0.0,0.0,0.0,0.0,0.0,0.0,0.0,0.0,0.0,0.0,0.0,0.0,0.013239187996469552,1.0591350397175643,10.194174757281555,14.973521624007065,3.6540158870255968,0.10591350397175642,0.41,0.012436,0.0,0.0,0.0,0.0,0.0,0.0,0.0,0.0,0.0,0.0,0.02472187886279358,6.266996291718161,22.86773794808406,0.8405438813349816,0.0,0.0,0.0,0.0,0.0,0.0,0.0,0.0,0.0,0.0,0.0,0.0,0.0,0.0,0.0,0.0,0.4104,0.01243,0.0,0.0,0.0,0.0,0.0,0.0,0.0,0.0,0.0,0.0,0.013239187996469552,5.931156222418349,23.340688437775825,0.7149161518093559,0.0,0.0,0.0,0.0,0.0,0.0,0.0,0.0,0.0,0.0,0.0,0.0,0.0,0.0,0.0,0.0
65000,4863,2483,0.5105901706765371,1181,960,0.4402632120090479,1350,0.5552128315854411,0.4060000000000001,2.9521008403361346,3.0569207536396665,6.449487554904832,2.0856503810380547,8370.432078963604,506.5863327026488,7853.0,8866.4,8866.4,0.0,7853.0,0.0,28.143121529919803,21.13501726627661,33.173496932515334,19.398439869395556,0.14024264857084104,0.1022002878881349,0.09438618136952498,0.08307629035574748,0.07526218383713756,0.0738227431626568,0.07176639934196997,0.06518609911577215,0.05469874563026938,0.05572691754061279,0.0431832202344232,0.03845362944684351,0.034752210569607235,0.02652683528685996,0.021180341353074235,0.012132428542052232,0.007402837754472548,0.907551852207529,0.022732108596590708,0.0,0.0,0.0,0.0,0.0,0.0,0.0,0.0,0.0,0.0,0.0,0.0,0.0,0.0,0.0,0.0,0.0,0.0,0.0,0.0,0.0,0.0,0.0,0.0,0.006169031462060458,1.0610734114743987,10.172732880937696,14.787168414558916,3.8494756323257255,0.12338062924120916,4.2699680511182105,2.843010430105478,nan,nan,nan,4.258951406649617,2.8347637195125754,4.280970625798212,2.8511803167058503,1.0051701034001506,0.41,0.012184,0.0,0.0,0.0,0.0,0.0,0.0,0.0,0.0,0.0,0.0,0.006169031462060458,6.169031462060447,23.109191856878475,0.7156076495990131,0.0,0.0,0.0,0.0,0.0,0.0,0.0,0.0,0.0,0.0,0.0,0.0,0.0,0.0,0.0,0.0,nan,nan,4.2699680511182105,2.843010430105478,nan,0.41,0.06537,0.0,0.0,0.0,0.0,0.0,0.0,0.0,0.0,0.0,0.0,0.0,0.0,0.0,0.0,0.0,0.0,0.0,0.0,0.0,0.0019226814723421757,0.00012338062924120913,0.00029816985399958875,0.00391733497840839,0.005500719720337241,0.0006374665844129138,0.00015422578655151142,0.00025704297758585235,0.0002776064157927205,0.005264240180958256,0.001213242854205223,0.027040921242031668,0.016029200082253753,0.051490849269997946,0.038391939132222906,0.03113304544519844,0.04328603742545754,0.03121529919802591,0.026537117005963395,0.04700801974090068,0.07902529302899444,0.062214682294879704,0.07183837137569402,0.05700185070943862,0.07831585441085749,0.03983137980670368,0.05104873534855028,0.024491054904380014,0.03385770100760847,0.060692987867571456,0.017211597779148675,0.009376927822331894,0.0346185482212626,0.007958050586057988,0.0038042360682706148,0.01293440263212009,0.01095003084515731,0.006919596956611145,0.002508739461237919,0.0033415587086160804,0.0,0.0003598601686201933,0.0,0.0,0.0,0.0,0.0,0.0,0.0,0.0,0.0,0.0,0.0,0.0,0.0,0.0,0.0,0.0,0.0,0.0,0.0,0.0,0.0,0.0,0.0,0.0,0.0,0.0,0.0,0.0,0.0,0.0,0.0,0.0,0.0,0.0,0.0,0.0,0.0,0.0,0.0,0.0,nan,nan,4.2699680511182105,2.843010430105478,nan,0.9076017020116446,0.022464349605279457,0.0,0.0,0.0,0.0,0.0,0.0,0.0,0.0,0.0,0.0,0.0,0.0,0.0,0.0,0.0,0.0,0.0,0.0,0.0,0.0,0.0,0.0,0.0,0.0,0.0,1.0028191703584375,10.161095449053567,14.897301651228355,3.8300443012484906,0.10873942811115589,0.9074998450379411,0.023008019331518127,0.0,0.0,0.0,0.0,0.0,0.0,0.0,0.0,0.0,0.0,0.0,0.0,0.0,0.0,0.0,0.0,0.0,0.0,0.0,0.0,0.0,0.0,0.0,0.0,0.012605042016806726,1.1218487394957986,10.184873949579833,14.672268907563028,3.8697478991596648,0.13865546218487398,0.4102,0.01218,0.0,0.0,0.0,0.0,0.0,0.0,0.0,0.0,0.0,0.0,0.0,6.306886830447031,23.016512283527994,0.6766008860249699,0.0,0.0,0.0,0.0,0.0,0.0,0.0,0.0,0.0,0.0,0.0,0.0,0.0,0.0,0.0,0.0,0.4097,0.0122,0.0,0.0,0.0,0.0,0.0,0.0,0.0,0.0,0.0,0.0,0.012605042016806726,6.025210084033605,23.20588235294118,0.7563025210084036,0.0,0.0,0.0,0.0,0.0,0.0,0.0,0.0,0.0,0.0,0.0,0.0,0.0,0.0,0.0,0.0
65100,4989,2598,0.5207456404088996,1284,1019,0.4616155542192824,1446,0.5796752856283824,0.36600000000000005,2.9644500209117526,3.0536796715606087,6.439716312056738,2.1035896180631997,8380.723631990379,506.2636634185125,7853.0,8866.4,8866.399999999998,1.8189894035458565e-12,7853.0,0.0,29.00320705552215,20.926658232789215,33.56018735362998,19.158099966966706,0.12527560633393467,0.09601122469432752,0.08739226297855282,0.08699138103828423,0.07716977350170375,0.08077771096412106,0.06875125275606334,0.06794948887552615,0.06093405492082582,0.05552214872719984,0.04990980156343957,0.041290839847664865,0.038685107235919024,0.027259971938264183,0.016035277610743637,0.013028663058729205,0.007015433954700341,0.9080680126679352,0.022783496795975692,0.0,0.0,0.0,0.0,0.0,0.0,0.0,0.0,0.0,0.0,0.0,0.0,0.0,0.0,0.0,0.0,0.0,0.0,0.0,0.0,0.0,0.0,0.0,0.0,0.006013229104028865,1.0463018641010224,9.825616355983165,15.14732411304871,3.818400481058329,0.1563439567047505,4.054344580471783,2.9153535190510493,nan,nan,nan,4.11244738424534,2.892748345096996,3.999406528189911,2.9356096133671934,0.9725125100716218,0.41,0.01223,0.0,0.0,0.0,0.0,0.0,0.0,0.0,0.0,0.0,0.0,0.01202645820805773,6.355983162958499,22.83824413710163,0.7937462417318102,0.0,0.0,0.0,0.0,0.0,0.0,0.0,0.0,0.0,0.0,0.0,0.0,0.0,0.0,0.0,0.0,nan,nan,4.054344580471783,2.9153535190510493,nan,0.41,0.0656,0.0,0.0,0.0,0.0,0.0,0.0,0.0,0.0,0.0,0.0,0.0,0.0,0.0,0.0,0.0,0.0,0.0,0.0,1.0022048506714773e-05,0.0015935057125676488,0.00010022048506714773,0.00016035277610743637,0.004329524954900782,0.005391862096612548,0.000791741832030467,0.00020044097013429546,0.0002705953096812989,0.00020044097013429546,0.006654640208458609,0.0013930647424333534,0.0258468630988174,0.015744638204048908,0.0518340348767288,0.038274203247143715,0.03183002605732612,0.04298456604529966,0.03278212066546402,0.02807175786730808,0.0434856684706354,0.08106835037081579,0.06235718580877932,0.06989376628582883,0.05819803567849268,0.0759170174383644,0.03845460012026458,0.05003006614552014,0.023050711565443978,0.03695129284425737,0.06323912607737021,0.01677690920024053,0.00947083583884546,0.032361194628182,0.008468630988173983,0.003748246141511325,0.014291441170575266,0.01104429745439968,0.0063539787532571656,0.002244938865504109,0.0039085989176187615,1.0022048506714773e-05,0.0002104630186410102,0.0,0.0,0.0,0.0,0.0,0.0,0.0,0.0,0.0,0.0,0.0,0.0,0.0,0.0,0.0,0.0,0.0,0.0,0.0,0.0,0.0,0.0,0.0,0.0,0.0,0.0,0.0,0.0,0.0,0.0,0.0,0.0,0.0,0.0,0.0,0.0,0.0,0.0,0.0,0.0,nan,nan,4.054344580471783,2.9153535190510493,nan,0.9078256689511051,0.02276695467654968,0.0,0.0,0.0,0.0,0.0,0.0,0.0,0.0,0.0,0.0,0.0,0.0,0.0,0.0,0.0,0.0,0.0,0.0,0.0,0.0,0.0,0.0,0.0,0.0,0.0,1.1085450346420325,9.757505773672058,15.30023094688222,3.683602771362587,0.1501154734411086,0.9083313372084307,0.02279853737608379,0.0,0.0,0.0,0.0,0.0,0.0,0.0,0.0,0.0,0.0,0.0,0.0,0.0,0.0,0.0,0.0,0.0,0.0,0.0,0.0,0.0,0.0,0.0,0.0,0.012547051442910918,0.9786700125470517,9.899623588456715,14.981179422835636,3.9648682559598503,0.16311166875784194,0.41,0.01245,0.0,0.0,0.0,0.0,0.0,0.0,0.0,0.0,0.0,0.0,0.02309468822170901,6.28175519630484,22.794457274826794,0.9006928406466514,0.0,0.0,0.0,0.0,0.0,0.0,0.0,0.0,0.0,0.0,0.0,0.0,0.0,0.0,0.0,0.0,0.4097,0.01198,0.0,0.0,0.0,0.0,0.0,0.0,0.0,0.0,0.0,0.0,0.0,6.436637390213291,22.885821831869517,0.6775407779171897,0.0,0.0,0.0,0.0,0.0,0.0,0.0,0.0,0.0,0.0,0.0,0.0,0.0,0.0,0.0,0.0
65200,4345,2337,0.5378596087456847,1096,841,0.44579976985040276,1162,0.534867663981588,0.4180000000000001,3.0632470119521913,3.102897343940483,6.458961474036851,2.2184865727692893,8398.066927502876,505.245355123616,7853.0,8866.4,8866.399999999998,1.8189894035458565e-12,7853.0,0.0,28.89574223245109,21.305222141578938,33.75536830660506,19.5298631909891,0.13141542002301496,0.104487917146145,0.08676639815880322,0.08170310701956271,0.08147295742232451,0.0711162255466053,0.06835443037974684,0.06582278481012659,0.057767548906789416,0.0522439585730725,0.04395857307249712,0.047410817031070196,0.03567318757192175,0.030609896432681243,0.025776754890678943,0.009436133486766397,0.005983889528193326,0.9094006944992188,0.02237337302691857,0.0,0.0,0.0,0.0,0.0,0.0,0.0,0.0,0.0,0.0,0.0,0.0,0.0,0.0,0.0,0.0,0.0,0.0,0.0,0.0,0.0,0.0,0.0,0.0,0.013808975834292293,0.6904487917146146,9.617951668584581,15.286536248561568,4.24626006904488,0.14499424626006907,4.140854940434478,2.9012826292633433,nan,nan,nan,4.194879089615932,2.906387130409551,4.087076710435383,2.8959171428874386,0.974301433515115,0.4097,0.011986,0.0,0.0,0.0,0.0,0.0,0.0,0.0,0.0,0.0,0.0,0.0,6.255466052934398,23.08170310701957,0.66283084004603,0.0,0.0,0.0,0.0,0.0,0.0,0.0,0.0,0.0,0.0,0.0,0.0,0.0,0.0,0.0,0.0,nan,nan,4.140854940434478,2.9012826292633433,nan,0.4097,0.0657,0.0,0.0,0.0,0.0,0.0,0.0,0.0,0.0,0.0,0.0,0.0,0.0,0.0,0.0,0.0,0.0,0.0,0.0,0.0,0.0015880322209436133,0.00010356731875719217,0.00020713463751438434,0.004614499424626007,0.005408515535097813,0.0005408515535097814,0.00032220943613348675,0.0001380897583429229,5.7537399309551206e-05,0.007157652474108171,0.0011277330264672038,0.02422324510932106,0.01569620253164557,0.05255466052934407,0.03637514384349828,0.03474108170310702,0.04376294591484465,0.03299194476409666,0.028481012658227847,0.045189873417721516,0.08162255466052934,0.05881472957422325,0.07402761795166858,0.057077100115074796,0.07346375143843498,0.0361795166858458,0.0502186421173763,0.023164556962025316,0.03784810126582278,0.06261219792865362,0.015960874568469504,0.010851553509781358,0.03334867663981588,0.007445339470655926,0.003716915995397008,0.014464902186421174,0.009298043728423475,0.0073532796317606446,0.002566168009205984,0.004349827387802071,0.0,0.000333716915995397,0.0,0.0,0.0,0.0,0.0,0.0,0.0,0.0,0.0,0.0,0.0,0.0,0.0,0.0,0.0,0.0,0.0,0.0,0.0,0.0,0.0,0.0,0.0,0.0,0.0,0.0,0.0,0.0,0.0,0.0,0.0,0.0,0.0,0.0,0.0,0.0,0.0,0.0,0.0,0.0,nan,nan,4.140854940434478,2.9012826292633433,nan,0.9091844475315226,0.022473420421334052,0.0,0.0,0.0,0.0,0.0,0.0,0.0,0.0,0.0,0.0,0.0,0.0,0.0,0.0,0.0,0.0,0.0,0.0,0.0,0.0,0.0,0.0,0.0,0.0,0.02567394094993582,0.6418485237483955,9.987163029525034,14.92939666238768,4.261874197689346,0.15404364569961493,0.9096523723694908,0.022253721275396248,0.0,0.0,0.0,0.0,0.0,0.0,0.0,0.0,0.0,0.0,0.0,0.0,0.0,0.0,0.0,0.0,0.0,0.0,0.0,0.0,0.0,0.0,0.0,0.0,0.0,0.7470119521912352,9.188247011952193,15.702191235059765,4.228087649402391,0.13446215139442233,0.41,0.011986,0.0,0.0,0.0,0.0,0.0,0.0,0.0,0.0,0.0,0.0,0.0,6.26444159178433,23.05519897304237,0.6803594351732993,0.0,0.0,0.0,0.0,0.0,0.0,0.0,0.0,0.0,0.0,0.0,0.0,0.0,0.0,0.0,0.0,0.4094,0.01197,0.0,0.0,0.0,0.0,0.0,0.0,0.0,0.0,0.0,0.0,0.0,6.2450199203187164,23.112549800796817,0.6424302788844622,0.0,0.0,0.0,0.0,0.0,0.0,0.0,0.0,0.0,0.0,0.0,0.0,0.0,0.0,0.0,0.0
65300,4563,2392,0.5242165242165242,1148,914,0.4518956826649134,1270,0.5566513258820951,0.4300000000000001,3.0626439428834638,3.1905174177238966,6.859247135842881,2.0974207735408426,8384.241025641026,506.1053527285464,7853.0,8866.4,8866.4,0.0,7853.0,0.0,27.980495288187594,20.85817855310686,32.86179073399271,19.11368772717472,0.13916283147052377,0.0955511724742494,0.0935787858864782,0.08897655051501205,0.08459346920885383,0.07714223098838484,0.06771860618014464,0.0628972167433706,0.055884286653517426,0.05128205128205128,0.049967126890203814,0.037256191102344946,0.036817882971729124,0.023668639053254437,0.017094017094017096,0.011176857330703484,0.007232084155161078,0.9093237708280046,0.022703398100281564,0.0,0.0,0.0,0.0,0.0,0.0,0.0,0.0,0.0,0.0,0.0,0.0,0.0,0.0,0.0,0.0,0.0,0.0,0.0,0.0,0.0,0.0,0.0,0.0,0.006574621959237345,0.9861932938856017,9.158448389217622,15.50295857988166,4.201183431952663,0.1446416831032216,4.33367139959432,2.9748589507872882,nan,nan,nan,4.397068620919387,2.998483638752559,4.269917582417582,2.9493110564152194,0.9710827713952713,0.4102,0.01217,0.0,0.0,0.0,0.0,0.0,0.0,0.0,0.0,0.0,0.0,0.006574621959237345,6.068376068376059,23.090072320841557,0.8349769888231429,0.0,0.0,0.0,0.0,0.0,0.0,0.0,0.0,0.0,0.0,0.0,0.0,0.0,0.0,0.0,0.0,nan,nan,4.33367139959432,2.9748589507872882,nan,0.4102,0.0655,0.0,0.0,0.0,0.0,0.0,0.0,0.0,0.0,0.0,0.0,0.0,0.0,0.0,0.0,0.0,0.0,0.0,0.0,0.0,0.0014792899408284023,0.0005478851632697787,8.766162612316459e-05,0.005018628095551173,0.005182993644532106,0.0002849002849002849,0.00020819636204251588,0.00017532325224632917,4.383081306158229e-05,0.006234933158010081,0.0008875739644970414,0.026123164584703047,0.01519833442910366,0.05155599386368617,0.036817882971729124,0.031645847030462415,0.044608809993425376,0.032632040324348015,0.029092702169625246,0.04307473153627,0.08059390751698443,0.05870041639272409,0.07221126451895683,0.06067280298049529,0.07467674775367084,0.03452772298926145,0.053484549638395794,0.024994521148367303,0.036653517422748194,0.06223975454744685,0.016787201402586018,0.009598948060486522,0.033508656585579666,0.00955511724742494,0.002892833662064431,0.01482577251808021,0.009719482796405873,0.007133464825772518,0.0021148367302213458,0.0039447731755424065,0.0,0.00026298487836949375,0.0,0.0,0.0,0.0,0.0,0.0,0.0,0.0,0.0,0.0,0.0,0.0,0.0,0.0,0.0,0.0,0.0,0.0,0.0,0.0,0.0,0.0,0.0,0.0,0.0,0.0,0.0,0.0,0.0,0.0,0.0,0.0,0.0,0.0,0.0,0.0,0.0,0.0,0.0,0.0,nan,nan,4.33367139959432,2.9748589507872882,nan,0.9092513648761953,0.022776991463397376,0.0,0.0,0.0,0.0,0.0,0.0,0.0,0.0,0.0,0.0,0.0,0.0,0.0,0.0,0.0,0.0,0.0,0.0,0.0,0.0,0.0,0.0,0.0,0.0,0.012541806020066893,1.0033444816053514,9.142976588628764,15.602006688963213,4.101170568561874,0.1379598662207358,0.909403547445567,0.022621767652190816,0.0,0.0,0.0,0.0,0.0,0.0,0.0,0.0,0.0,0.0,0.0,0.0,0.0,0.0,0.0,0.0,0.0,0.0,0.0,0.0,0.0,0.0,0.0,0.0,0.0,0.9672961768770154,9.175495163519118,15.393827729157074,4.311377245508983,0.1520036849378167,0.41,0.01218,0.0,0.0,0.0,0.0,0.0,0.0,0.0,0.0,0.0,0.0,0.012541806020066893,6.270903010033436,22.964046822742482,0.7525083612040135,0.0,0.0,0.0,0.0,0.0,0.0,0.0,0.0,0.0,0.0,0.0,0.0,0.0,0.0,0.0,0.0,0.4104,0.01215,0.0,0.0,0.0,0.0,0.0,0.0,0.0,0.0,0.0,0.0,0.0,5.845232611699669,23.2289267618609,0.925840626439429,0.0,0.0,0.0,0.0,0.0,0.0,0.0,0.0,0.0,0.0,0.0,0.0,0.0,0.0,0.0,0.0
65400,4902,2493,0.5085679314565483,1155,1038,0.4473684210526316,1398,0.5703794369645043,0.4140000000000001,2.941469489414695,3.092912075217453,6.593939393939394,2.150819349716471,8368.382741738067,506.62560140197206,7853.0,8866.4,8866.4,0.0,7853.0,0.0,27.676254589963282,20.782132347158033,32.60223681011427,19.062664646465862,0.14035087719298245,0.102203182374541,0.0952672378620971,0.08935128518971848,0.07813137494900041,0.07282741738066095,0.06976744186046512,0.06507547939616483,0.05977152182782538,0.052019583843329255,0.04243166054671563,0.0416156670746634,0.03406772745818033,0.022235822113423093,0.017747858017135864,0.01040391676866585,0.006731946144430845,0.9096101052977026,0.022802109918197717,0.0,0.0,0.0,0.0,0.0,0.0,0.0,0.0,0.0,0.0,0.0,0.0,0.0,0.0,0.0,0.0,0.0,0.0,0.0,0.0,0.0,0.0,0.0,0.0,0.018359853121175034,0.8445532435740516,9.381884944920442,15.257037943696453,4.332925336597308,0.16523867809057532,4.3227969348659006,2.8868980189897253,nan,nan,nan,4.327752736638764,2.8850229255206443,4.317922735908803,2.8887327565789285,0.9977286131329223,0.4102,0.01187,0.0,0.0,0.0,0.0,0.0,0.0,0.0,0.0,0.0,0.0,0.024479804161566712,5.942472460220309,23.36597307221543,0.667074663402693,0.0,0.0,0.0,0.0,0.0,0.0,0.0,0.0,0.0,0.0,0.0,0.0,0.0,0.0,0.0,0.0,nan,nan,4.3227969348659006,2.8868980189897253,nan,0.4102,0.0655,0.0,0.0,0.0,0.0,0.0,0.0,0.0,0.0,0.0,0.0,0.0,0.0,0.0,0.0,0.0,0.0,1.0199918400652794e-05,1.0199918400652794e-05,0.0,0.0013565891472868217,0.0004997960016319869,7.139942880456957e-05,0.004528763769889841,0.0047633618931048555,0.0005813953488372093,0.0003773969808241534,4.0799673602611176e-05,2.0399836801305588e-05,0.006405548755609955,0.0008567931456548348,0.027213382292941655,0.01656466748266014,0.05282537739698082,0.0381374949000408,0.02982456140350877,0.041942064463484294,0.031905344757241945,0.02805997552019584,0.042492860057119546,0.08350673194614443,0.05829253365973072,0.07045083639330885,0.06419828641370869,0.07477560179518564,0.03405752753977968,0.053488372093023255,0.02464300285597715,0.03696450428396573,0.06050591595267238,0.016115871073031415,0.009047327621379029,0.03519991840065279,0.008741330069359446,0.0029069767441860465,0.015667074663402693,0.009628722970216238,0.007170542635658915,0.002274581803345573,0.003569971440228478,0.0,0.0003059975520195838,0.0,0.0,0.0,0.0,0.0,0.0,0.0,0.0,0.0,0.0,0.0,0.0,0.0,0.0,0.0,0.0,0.0,0.0,0.0,0.0,0.0,0.0,0.0,0.0,0.0,0.0,0.0,0.0,0.0,0.0,0.0,0.0,0.0,0.0,0.0,0.0,0.0,0.0,0.0,0.0,nan,nan,4.3227969348659006,2.8868980189897253,nan,0.9095006603291844,0.022766440737980363,0.0,0.0,0.0,0.0,0.0,0.0,0.0,0.0,0.0,0.0,0.0,0.0,0.0,0.0,0.0,0.0,0.0,0.0,0.0,0.0,0.0,0.0,0.0,0.0,0.02406738868832732,0.9265944645006019,9.229843561973528,15.318892900120339,4.404332129963899,0.09626955475330928,0.909723366529133,0.02283841198075099,0.0,0.0,0.0,0.0,0.0,0.0,0.0,0.0,0.0,0.0,0.0,0.0,0.0,0.0,0.0,0.0,0.0,0.0,0.0,0.0,0.0,0.0,0.0,0.0,0.012453300124533004,0.7596513075965132,9.53922789539228,15.193026151930265,4.2590286425902875,0.23661270236612708,0.4102,0.01188,0.0,0.0,0.0,0.0,0.0,0.0,0.0,0.0,0.0,0.0,0.02406738868832732,5.61973525872442,23.73044524669074,0.6257521058965104,0.0,0.0,0.0,0.0,0.0,0.0,0.0,0.0,0.0,0.0,0.0,0.0,0.0,0.0,0.0,0.0,0.41,0.01186,0.0,0.0,0.0,0.0,0.0,0.0,0.0,0.0,0.0,0.0,0.02490660024906601,6.276463262764624,22.988792029887925,0.7098381070983812,0.0,0.0,0.0,0.0,0.0,0.0,0.0,0.0,0.0,0.0,0.0,0.0,0.0,0.0,0.0,0.0
65500,4620,2391,0.5175324675324675,1134,913,0.44307359307359306,1280,0.5541125541125541,0.4220000000000001,2.990578734858681,3.020700389804865,6.327300150829562,2.0535720515347453,8377.467402597402,506.38839777876194,7853.0,8866.4,8866.399999999998,1.8189894035458565e-12,7853.0,0.0,28.34285714285714,21.158118979794533,33.46987328678562,19.312352563330087,0.14415584415584415,0.09718614718614718,0.08852813852813853,0.08138528138528138,0.07748917748917748,0.07857142857142857,0.07251082251082251,0.05735930735930736,0.06103896103896104,0.052597402597402594,0.050216450216450215,0.03852813852813853,0.032034632034632034,0.02857142857142857,0.021861471861471863,0.011688311688311689,0.006277056277056277,0.9095338308449947,0.023038865014417268,0.0,0.0,0.0,0.0,0.0,0.0,0.0,0.0,0.0,0.0,0.0,0.0,0.0,0.0,0.0,0.0,0.0,0.0,0.0,0.0,0.0,0.0,0.0,0.0,0.01298701298701299,0.9285714285714287,9.051948051948054,15.538961038961043,4.305194805194806,0.16233766233766236,4.267845230153435,2.7966386165830293,nan,nan,nan,4.2339418526031105,2.784222927194583,4.300855826201448,2.808281377851277,1.0158041786892273,0.4104,0.01207,0.0,0.0,0.0,0.0,0.0,0.0,0.0,0.0,0.0,0.0,0.006493506493506495,5.863636363636355,23.37662337662338,0.7532467532467535,0.0,0.0,0.0,0.0,0.0,0.0,0.0,0.0,0.0,0.0,0.0,0.0,0.0,0.0,0.0,0.0,nan,nan,4.267845230153435,2.7966386165830293,nan,0.4104,0.06665,0.0,0.0,0.0,0.0,0.0,0.0,0.0,0.0,0.0,0.0,0.0,0.0,0.0,0.0,0.0,0.0,0.0,0.0,0.0,0.0016774891774891775,0.00045454545454545455,4.329004329004329e-05,0.005119047619047619,0.0061147186147186144,0.0008225108225108225,0.00036796536796536797,1.0822510822510823e-05,1.0822510822510823e-05,0.006363636363636364,0.000670995670995671,0.028777056277056276,0.0162987012987013,0.05176406926406926,0.0374025974025974,0.030021645021645022,0.04062770562770563,0.031569264069264066,0.029534632034632035,0.04019480519480519,0.08356060606060606,0.05543290043290043,0.07055194805194805,0.06344155844155844,0.07243506493506494,0.03528138528138528,0.05523809523809524,0.025238095238095237,0.03721861471861472,0.06035714285714286,0.014101731601731601,0.009935064935064936,0.03581168831168831,0.009372294372294372,0.002186147186147186,0.01603896103896104,0.010854978354978355,0.008127705627705628,0.002316017316017316,0.004383116883116883,0.0,0.00027056277056277056,0.0,0.0,0.0,0.0,0.0,0.0,0.0,0.0,0.0,0.0,0.0,0.0,0.0,0.0,0.0,0.0,0.0,0.0,0.0,0.0,0.0,0.0,0.0,0.0,0.0,0.0,0.0,0.0,0.0,0.0,0.0,0.0,0.0,0.0,0.0,0.0,0.0,0.0,0.0,0.0,nan,nan,4.267845230153435,2.7966386165830293,nan,0.9096150058226224,0.023044544825941888,0.0,0.0,0.0,0.0,0.0,0.0,0.0,0.0,0.0,0.0,0.0,0.0,0.0,0.0,0.0,0.0,0.0,0.0,0.0,0.0,0.0,0.0,0.0,0.0,0.012547051442910918,0.8657465495608534,9.109159347553327,15.457967377666252,4.3914680050188215,0.16311166875784194,0.9094467562054668,0.023032452813361363,0.0,0.0,0.0,0.0,0.0,0.0,0.0,0.0,0.0,0.0,0.0,0.0,0.0,0.0,0.0,0.0,0.0,0.0,0.0,0.0,0.0,0.0,0.0,0.0,0.013458950201884257,0.9959623149394349,8.990578734858683,15.625841184387621,4.212651413189772,0.16150740242261105,0.4104,0.01203,0.0,0.0,0.0,0.0,0.0,0.0,0.0,0.0,0.0,0.0,0.0,5.796737766624835,23.47553324968633,0.7277289836888333,0.0,0.0,0.0,0.0,0.0,0.0,0.0,0.0,0.0,0.0,0.0,0.0,0.0,0.0,0.0,0.0,0.4104,0.01211,0.0,0.0,0.0,0.0,0.0,0.0,0.0,0.0,0.0,0.0,0.013458950201884257,5.935397039030947,23.27052489905788,0.7806191117092869,0.0,0.0,0.0,0.0,0.0,0.0,0.0,0.0,0.0,0.0,0.0,0.0,0.0,0.0,0.0,0.0
65600,4709,2499,0.5306859205776173,1157,919,0.44085793162030157,1267,0.5381184964960714,0.4300000000000001,2.9900452488687783,3.133513272321787,6.638752052545156,2.1112434376774702,8390.797111913358,505.74485625723173,7853.0,8866.4,8866.4,0.0,7853.0,0.0,27.94138882990019,21.138330426824307,32.84246402423631,19.478233746651686,0.13909534933106818,0.104480781482268,0.09195158207687407,0.08727967721384583,0.08048417923125929,0.07708643023996602,0.06795497982586536,0.06179655977914632,0.058823529411764705,0.043958377574856655,0.04905500106179656,0.039711191335740074,0.032490974729241874,0.02527075812274368,0.018050541516245487,0.013803355277128903,0.008706731790189,0.9101450710722939,0.02291644308247098,0.0,0.0,0.0,0.0,0.0,0.0,0.0,0.0,0.0,0.0,0.0,0.0,0.0,0.0,0.0,0.0,0.0,0.0,0.0,0.0,0.0,0.0,0.0,0.0,0.02548311743469952,0.8154597579103846,9.078360586111703,15.417286047993208,4.47865788914844,0.18475260140157151,4.274601063829787,2.9558576176371467,nan,nan,nan,4.3974530831099194,3.0046111034853653,4.153693931398417,2.9020042789565124,0.9445681063323331,0.4104,0.01236,0.0,0.0,0.0,0.0,0.0,0.0,0.0,0.0,0.0,0.0,0.0,6.147802081121249,23.011255043533666,0.840942875345084,0.0,0.0,0.0,0.0,0.0,0.0,0.0,0.0,0.0,0.0,0.0,0.0,0.0,0.0,0.0,0.0,nan,nan,4.274601063829787,2.9558576176371467,nan,0.4104,0.06726,0.0,0.0,0.0,0.0,0.0,0.0,0.0,0.0,0.0,0.0,0.0,0.0,0.0,0.0,0.0,0.0,0.0,0.0,0.0,0.0014334253557018474,0.0003185389679337439,0.00012741558717349757,0.005447016351667021,0.006721172223401996,0.0012741558717349756,0.0005308982798895731,0.0,6.370779358674878e-05,0.007347632193671692,0.0006052240390741134,0.028201316627734126,0.01596942025907836,0.05297303036738161,0.0374389466978127,0.031811424930983226,0.039307708643024,0.031025695476746655,0.02936929284349119,0.04102781906986622,0.08148226799745169,0.054247186239116583,0.06737099171798683,0.06508812911446167,0.06984497770227224,0.0355701847526014,0.05383308558080272,0.02712890210235719,0.03744956466341049,0.06319813123805479,0.014143130176258229,0.009619876831599065,0.03312805266510937,0.010702909322573794,0.0025164578466765767,0.01749840730516033,0.011000212359311956,0.008186451475897218,0.002357188362709705,0.004438309619876832,0.0,0.0002017413463580378,0.0,0.0,0.0,0.0,0.0,0.0,0.0,0.0,0.0,0.0,0.0,0.0,0.0,0.0,0.0,0.0,0.0,0.0,0.0,0.0,0.0,0.0,0.0,0.0,0.0,0.0,0.0,0.0,0.0,0.0,0.0,0.0,0.0,0.0,0.0,0.0,0.0,0.0,0.0,0.0,nan,nan,4.274601063829787,2.9558576176371467,nan,0.9099205509335005,0.022822987754342716,0.0,0.0,0.0,0.0,0.0,0.0,0.0,0.0,0.0,0.0,0.0,0.0,0.0,0.0,0.0,0.0,0.0,0.0,0.0,0.0,0.0,0.0,0.0,0.0,0.03601440576230493,0.85234093637455,8.991596638655464,15.594237695078034,4.369747899159664,0.15606242496998804,0.9103989515369294,0.02301902443215195,0.0,0.0,0.0,0.0,0.0,0.0,0.0,0.0,0.0,0.0,0.0,0.0,0.0,0.0,0.0,0.0,0.0,0.0,0.0,0.0,0.0,0.0,0.0,0.0,0.013574660633484167,0.7737556561085975,9.176470588235295,15.21719457013575,4.601809954751132,0.21719457013574667,0.4102,0.01224,0.0,0.0,0.0,0.0,0.0,0.0,0.0,0.0,0.0,0.0,0.0,6.230492196878743,23.01320528211285,0.7563025210084036,0.0,0.0,0.0,0.0,0.0,0.0,0.0,0.0,0.0,0.0,0.0,0.0,0.0,0.0,0.0,0.0,0.4104,0.01249,0.0,0.0,0.0,0.0,0.0,0.0,0.0,0.0,0.0,0.0,0.0,6.054298642533928,23.009049773755663,0.9366515837104075,0.0,0.0,0.0,0.0,0.0,0.0,0.0,0.0,0.0,0.0,0.0,0.0,0.0,0.0,0.0,0.0
65700,4493,2368,0.5270420654351213,1127,884,0.4475851324282217,1212,0.5395058980636546,0.4460000000000001,2.9623529411764706,3.1223662396099625,6.5141430948419305,2.2253006615808912,8387.104429111952,505.9583849142613,7853.0,8866.4,8866.399999999998,1.8189894035458565e-12,7853.0,0.0,28.46071667037614,21.08444499434151,33.47656870532168,19.244632619303275,0.13955041175161362,0.09392388159359003,0.09481415535277098,0.08324059648341865,0.08368573336300912,0.06721566881816159,0.06899621633652347,0.06476741598041398,0.05475183618962831,0.05452926774983308,0.05052303583351881,0.04651680391720454,0.030937013131537947,0.03138215001112842,0.018473180503004675,0.009125306031604719,0.007567326953038059,0.9108570722198529,0.022538313668707663,0.0,0.0,0.0,0.0,0.0,0.0,0.0,0.0,0.0,0.0,0.0,0.0,0.0,0.0,0.0,0.0,0.0,0.0,0.0,0.0,0.0,0.0,0.0,0.0,0.006677053193857112,0.7812152236812822,8.58001335410639,15.88470954818607,4.547073225016693,0.2003115958157134,4.064780088646437,2.920569781685689,nan,nan,nan,4.092818428184282,2.9196887798818074,4.0364010989010985,2.9221904349341727,0.9862155308687338,0.4104,0.01202,0.0,0.0,0.0,0.0,0.0,0.0,0.0,0.0,0.0,0.0,0.0,5.762296906298679,23.436456710438467,0.8012463832628536,0.0,0.0,0.0,0.0,0.0,0.0,0.0,0.0,0.0,0.0,0.0,0.0,0.0,0.0,0.0,0.0,nan,nan,4.064780088646437,2.920569781685689,nan,0.4104,0.0672,0.0,0.0,0.0,0.0,0.0,0.0,0.0,0.0,0.0,0.0,0.0,0.0,0.0,0.0,0.0,0.0,0.0,0.0,0.0,0.00150233696861785,0.0003449810816826174,0.0,0.00595370576452259,0.005308257289116403,0.0017026485644335632,0.0007122190073447585,5.564210994880926e-05,5.564210994880926e-05,0.007600712219007345,0.0006343200534164255,0.0268083685733363,0.01605831293122635,0.05461829512575117,0.03696861784998887,0.030948141553527708,0.04089695081237481,0.031816158468729136,0.026886267527264633,0.04030714444691743,0.0835188070331627,0.05505230358335188,0.06733808146004897,0.06250834631649232,0.06999777431560204,0.03406409971066103,0.058802581793901625,0.02757622969062987,0.0372802136657022,0.059603828177164475,0.01550189183173826,0.008691297574004006,0.03339639439127532,0.01046071667037614,0.0019697306921878477,0.019608279545960384,0.011050523035833518,0.00847985755619853,0.0018807033162697529,0.0036501224126418872,3.3385265969285556e-05,0.00030046739372357,5.564210994880926e-05,0.0,0.0,0.0,0.0,0.0,0.0,0.0,0.0,0.0,0.0,0.0,0.0,0.0,0.0,0.0,0.0,0.0,0.0,0.0,0.0,0.0,0.0,0.0,0.0,0.0,0.0,0.0,0.0,0.0,0.0,0.0,0.0,0.0,0.0,0.0,0.0,0.0,0.0,0.0,nan,nan,4.064780088646437,2.920569781685689,nan,0.9108302527283495,0.022765375804547905,0.0,0.0,0.0,0.0,0.0,0.0,0.0,0.0,0.0,0.0,0.0,0.0,0.0,0.0,0.0,0.0,0.0,0.0,0.0,0.0,0.0,0.0,0.0,0.0,0.012668918918918921,0.8994932432432434,8.450168918918921,16.026182432432435,4.3834459459459465,0.2280405405405406,0.9108869585990905,0.022282522644438172,0.0,0.0,0.0,0.0,0.0,0.0,0.0,0.0,0.0,0.0,0.0,0.0,0.0,0.0,0.0,0.0,0.0,0.0,0.0,0.0,0.0,0.0,0.0,0.0,0.0,0.6494117647058825,8.724705882352943,15.727058823529415,4.729411764705883,0.16941176470588237,0.4104,0.01199,0.0,0.0,0.0,0.0,0.0,0.0,0.0,0.0,0.0,0.0,0.0,5.751689189189181,23.462837837837846,0.7854729729729731,0.0,0.0,0.0,0.0,0.0,0.0,0.0,0.0,0.0,0.0,0.0,0.0,0.0,0.0,0.0,0.0,0.4102,0.01204,0.0,0.0,0.0,0.0,0.0,0.0,0.0,0.0,0.0,0.0,0.0,5.774117647058815,23.407058823529418,0.818823529411765,0.0,0.0,0.0,0.0,0.0,0.0,0.0,0.0,0.0,0.0,0.0,0.0,0.0,0.0,0.0,0.0
65800,5012,2566,0.5119712689545092,1177,1043,0.4429369513168396,1432,0.5714285714285714,0.3940000000000001,2.937857726901063,3.140649164872572,6.648567119155355,2.2940398014207513,8371.8316839585,506.5547475291599,7853.0,8866.4,8866.4,0.0,7853.0,0.0,27.375299281723862,20.5836286055313,32.381509794553274,18.83059825623056,0.14385474860335196,0.09776536312849161,0.09676775738228252,0.0913806863527534,0.08140462889066241,0.0742218675179569,0.06823623304070231,0.06384676775738228,0.05766161213088587,0.051675977653631286,0.0436951316839585,0.040502793296089384,0.03651237031125299,0.02114924181963288,0.01616121308858739,0.010175578611332801,0.004988028731045491,0.9107837713511582,0.022908751648365318,0.0,0.0,0.0,0.0,0.0,0.0,0.0,0.0,0.0,0.0,0.0,0.0,0.0,0.0,0.0,0.0,0.0,0.0,0.0,0.0,0.0,0.0,0.0,0.0,0.00598563447725459,0.8739026336791702,8.733040702314447,15.472865123703116,4.73463687150838,0.1795690343176377,4.341417322834646,2.935629813284502,nan,nan,nan,4.316519546027743,2.920673278705107,4.36626809314034,2.950272994567573,1.0115251527491351,0.4104,0.01214,0.0,0.0,0.0,0.0,0.0,0.0,0.0,0.0,0.0,0.0,0.0,5.98563447725458,23.182362330407027,0.832003192338388,0.0,0.0,0.0,0.0,0.0,0.0,0.0,0.0,0.0,0.0,0.0,0.0,0.0,0.0,0.0,0.0,nan,nan,4.341417322834646,2.935629813284502,nan,0.4104,0.06714,0.0,0.0,0.0,0.0,0.0,0.0,0.0,0.0,0.0,0.0,0.0,0.0,0.0,0.0,2.9928172386272946e-05,0.0,1.995211492418196e-05,0.0,0.0,0.0015063846767757383,0.00017956903431763768,2.9928172386272946e-05,0.006344772545889864,0.005397047086991221,0.001656025538707103,0.000538707102952913,0.00013966480446927373,0.00019952114924181964,0.007761372705506784,0.000588587390263368,0.0262170790103751,0.016839584996009578,0.05692338387869114,0.03480646448523544,0.031424581005586594,0.04279728651237031,0.029090183559457302,0.026496408619313648,0.036921388667198726,0.08278132482043096,0.05456903431763767,0.06788707102952914,0.0626197126895451,0.07161811652035116,0.03434756584197925,0.061622106943335996,0.027274541101356745,0.037829209896249,0.060694333599361536,0.015083798882681564,0.008888667198723065,0.03214285714285714,0.010604549082202713,0.0018455706304868315,0.020251396648044692,0.011452513966480447,0.007891061452513967,0.001636073423782921,0.002683559457302474,2.9928172386272946e-05,0.00030925778132482045,2.9928172386272946e-05,0.0,0.0,0.0,0.0,0.0,0.0,0.0,0.0,0.0,0.0,0.0,0.0,0.0,0.0,0.0,0.0,0.0,0.0,0.0,0.0,0.0,0.0,0.0,0.0,0.0,0.0,0.0,0.0,0.0,0.0,0.0,0.0,0.0,0.0,0.0,0.0,0.0,0.0,0.0,nan,nan,4.341417322834646,2.935629813284502,nan,0.9104789608359244,0.022535057597558212,0.0,0.0,0.0,0.0,0.0,0.0,0.0,0.0,0.0,0.0,0.0,0.0,0.0,0.0,0.0,0.0,0.0,0.0,0.0,0.0,0.0,0.0,0.0,0.0,0.011691348402182387,0.8651597817614967,8.76851130163679,15.736554949337494,4.419329696024942,0.19875292283710058,0.9111035357755612,0.02329004942087649,0.0,0.0,0.0,0.0,0.0,0.0,0.0,0.0,0.0,0.0,0.0,0.0,0.0,0.0,0.0,0.0,0.0,0.0,0.0,0.0,0.0,0.0,0.0,0.0,0.0,0.8830744071954213,8.695829926410468,15.196238757154541,5.065412919051514,0.15944399018806218,0.4106,0.01213,0.0,0.0,0.0,0.0,0.0,0.0,0.0,0.0,0.0,0.0,0.0,5.752143413873725,23.371005455962592,0.8768511301636791,0.0,0.0,0.0,0.0,0.0,0.0,0.0,0.0,0.0,0.0,0.0,0.0,0.0,0.0,0.0,0.0,0.4102,0.01213,0.0,0.0,0.0,0.0,0.0,0.0,0.0,0.0,0.0,0.0,0.0,6.230580539656573,22.98446443172527,0.7849550286181523,0.0,0.0,0.0,0.0,0.0,0.0,0.0,0.0,0.0,0.0,0.0,0.0,0.0,0.0,0.0,0.0
65900,4268,2245,0.5260074976569822,1048,850,0.44470477975632616,1203,0.563730084348641,0.4300000000000001,2.9990113692535836,3.0476523563539155,6.417657045840407,2.14707775771223,8386.055998125586,506.0140821783559,7853.0,8866.4,8866.4,0.0,7853.0,0.0,28.941893158388005,21.204274855374962,33.79535398230089,19.388427134069016,0.13331771321462044,0.09559512652296158,0.09489222118088098,0.07638238050609185,0.07989690721649484,0.07193064667291471,0.07521087160262419,0.06419868791002811,0.051780693533270854,0.05716963448922212,0.05248359887535145,0.04615745079662605,0.03069353327085286,0.02999062792877226,0.022727272727272728,0.01007497656982193,0.007497656982193065,0.9107261208613118,0.022903954556985847,0.0,0.0,0.0,0.0,0.0,0.0,0.0,0.0,0.0,0.0,0.0,0.0,0.0,0.0,0.0,0.0,0.0,0.0,0.0,0.0,0.0,0.0,0.0,0.0,0.007029053420806,0.759137769447048,8.919868791002813,15.35848172446111,4.7235238987816315,0.231958762886598,4.188189256492351,2.8369323125585795,nan,nan,nan,4.196162046908316,2.8439463351068217,4.18019943019943,2.82986332814044,0.996195900794478,0.4102,0.01232,0.0,0.0,0.0,0.0,0.0,0.0,0.0,0.0,0.0,0.0,0.007029053420806,6.11527647610121,22.970946579194006,0.9067478912839739,0.0,0.0,0.0,0.0,0.0,0.0,0.0,0.0,0.0,0.0,0.0,0.0,0.0,0.0,0.0,0.0,nan,nan,4.188189256492351,2.8369323125585795,nan,0.4102,0.0675,0.0,0.0,0.0,0.0,0.0,0.0,0.0,0.0,0.0,0.0,0.0,0.0,0.0,0.0,0.0,0.0,3.514526710402999e-05,0.0,0.0,0.0017924086223055295,9.372071227741331e-05,1.1715089034676664e-05,0.0064315838800374885,0.005529522024367385,0.0018392689784442362,0.0004803186504217432,5.857544517338332e-05,0.00017572633552014996,0.00940721649484536,0.0003865979381443299,0.025749765698219306,0.017361761949390816,0.05820056232427367,0.03616447985004686,0.03290768509840675,0.04143626991565136,0.028280224929709465,0.02419165885660731,0.03645735707591378,0.07965089034676663,0.053104498594189316,0.06808809746954077,0.06312089971883786,0.07366447985004686,0.03593017806935333,0.060531865042174324,0.02689784442361762,0.03809746954076851,0.06167994376757263,0.015510777881911903,0.007579662605435801,0.033071696344892224,0.009910965323336457,0.0023430178069353325,0.018638706654170573,0.01200796626054358,0.008762886597938144,0.0019798500468603563,0.002331302717900656,3.514526710402999e-05,4.6860356138706655e-05,2.3430178069353328e-05,0.0,0.0,0.0,0.0,0.0,0.0,0.0,0.0,0.0,0.0,0.0,0.0,0.0,0.0,0.0,0.0,0.0,0.0,0.0,0.0,0.0,0.0,0.0,0.0,0.0,0.0,0.0,0.0,0.0,0.0,0.0,0.0,0.0,0.0,0.0,0.0,0.0,0.0,0.0,nan,nan,4.188189256492351,2.8369323125585795,nan,0.9107450226632948,0.023166490109162125,0.0,0.0,0.0,0.0,0.0,0.0,0.0,0.0,0.0,0.0,0.0,0.0,0.0,0.0,0.0,0.0,0.0,0.0,0.0,0.0,0.0,0.0,0.0,0.0,0.013363028953229402,0.8418708240534524,8.819599109131405,15.273942093541207,4.770601336302896,0.28062360801781744,0.9107051448131397,0.02260902193259605,0.0,0.0,0.0,0.0,0.0,0.0,0.0,0.0,0.0,0.0,0.0,0.0,0.0,0.0,0.0,0.0,0.0,0.0,0.0,0.0,0.0,0.0,0.0,0.0,0.0,0.6673257538309443,9.031141868512112,15.452298566485421,4.67128027681661,0.17795353435491845,0.4102,0.012505,0.0,0.0,0.0,0.0,0.0,0.0,0.0,0.0,0.0,0.0,0.0,6.227171492204891,22.757238307349674,1.0155902004454345,0.0,0.0,0.0,0.0,0.0,0.0,0.0,0.0,0.0,0.0,0.0,0.0,0.0,0.0,0.0,0.0,0.41,0.01213,0.0,0.0,0.0,0.0,0.0,0.0,0.0,0.0,0.0,0.0,0.014829461196243206,5.991102323282245,23.208106772120615,0.78596144340089,0.0,0.0,0.0,0.0,0.0,0.0,0.0,0.0,0.0,0.0,0.0,0.0,0.0,0.0,0.0,0.0
66000,4287,2247,0.5241427571728482,1051,850,0.44343363657569396,1154,0.5383718217867973,0.4180000000000001,2.986764705882353,3.147255468476044,6.7105263157894735,2.165615200509061,8384.166270118963,506.10897208651187,7853.0,8866.4,8866.4,0.0,7853.0,0.0,27.84184744576627,20.77850787911271,32.66869637420426,19.066568234338515,0.13995801259622112,0.10193608584091439,0.09423839514812223,0.08840681128994635,0.07697690692792163,0.07394448332167017,0.06857942617214835,0.061814788896664336,0.060648472125029156,0.05131793795194775,0.04828551434569629,0.042220667133193376,0.033123396314439,0.02495917891299277,0.017728014928854677,0.010030324236062515,0.005831583858175881,0.9106999262107234,0.02301216446887921,0.0,0.0,0.0,0.0,0.0,0.0,0.0,0.0,0.0,0.0,0.0,0.0,0.0,0.0,0.0,0.0,0.0,0.0,0.0,0.0,0.0,0.0,0.0,0.0,0.027991602519244232,0.8187543736878938,8.572428271518547,15.710286913925826,4.660601819454165,0.20993701889433175,4.26953981008035,2.9439045505893247,nan,nan,nan,4.3157509157509155,2.959421703150451,4.221574344023324,2.9277800572643686,0.9781784042763262,0.41,0.01234,0.0,0.0,0.0,0.0,0.0,0.0,0.0,0.0,0.0,0.0,0.006997900629811058,6.361091672498241,22.93212036389084,0.6997900629811058,0.0,0.0,0.0,0.0,0.0,0.0,0.0,0.0,0.0,0.0,0.0,0.0,0.0,0.0,0.0,0.0,nan,nan,4.26953981008035,2.9439045505893247,nan,0.41,0.0682,0.0,0.0,0.0,0.0,0.0,0.0,0.0,0.0,0.0,0.0,0.0,0.0,0.0,0.0,0.0,0.0,8.164217401446233e-05,0.0,0.0,0.0019827385117797995,0.00018661068346162817,1.166316771635176e-05,0.005435036155819921,0.006251457895964544,0.0017144856543037088,0.0009447165850244927,6.997900629811057e-05,5.831583858175881e-05,0.012036389083275017,0.0005015162118031257,0.02511080009330534,0.019524142757172847,0.05934219734079776,0.03434802892465594,0.030289246559365525,0.03864007464427339,0.030627478423139724,0.02484254723582925,0.03881502216001866,0.08020760438535106,0.05293911826452064,0.06571028691392582,0.059773734546302776,0.07163517611383252,0.03530440867739678,0.058922323303009096,0.030359225565663634,0.03917658035922557,0.06188476790296244,0.016246792628878005,0.006834616281782132,0.03185211103335666,0.009913692558898997,0.002635875903895498,0.01905761604851878,0.012491252624212737,0.009295544669932354,0.002239328201539538,0.0025192442267319803,6.997900629811057e-05,0.00011663167716351762,0.0,0.0,0.0,0.0,0.0,0.0,0.0,0.0,0.0,0.0,0.0,0.0,0.0,0.0,0.0,0.0,0.0,0.0,0.0,0.0,0.0,0.0,0.0,0.0,0.0,0.0,0.0,0.0,0.0,0.0,0.0,0.0,0.0,0.0,0.0,0.0,0.0,0.0,0.0,0.0,nan,nan,4.26953981008035,2.9439045505893247,nan,0.9107162533837739,0.023094907011346262,0.0,0.0,0.0,0.0,0.0,0.0,0.0,0.0,0.0,0.0,0.0,0.0,0.0,0.0,0.0,0.0,0.0,0.0,0.0,0.0,0.0,0.0,0.0,0.0,0.013351134846461953,0.827770360480641,8.384512683578105,15.847797062750336,4.659546061415221,0.267022696929239,0.910681942309819,0.022920666836409736,0.0,0.0,0.0,0.0,0.0,0.0,0.0,0.0,0.0,0.0,0.0,0.0,0.0,0.0,0.0,0.0,0.0,0.0,0.0,0.0,0.0,0.0,0.0,0.0,0.04411764705882354,0.8088235294117649,8.779411764705884,15.558823529411768,4.661764705882354,0.1470588235294118,0.41,0.01232,0.0,0.0,0.0,0.0,0.0,0.0,0.0,0.0,0.0,0.0,0.0,6.248331108144184,23.004005340453944,0.7476635514018694,0.0,0.0,0.0,0.0,0.0,0.0,0.0,0.0,0.0,0.0,0.0,0.0,0.0,0.0,0.0,0.0,0.41,0.012344,0.0,0.0,0.0,0.0,0.0,0.0,0.0,0.0,0.0,0.0,0.01470588235294118,6.48529411764705,22.85294117647059,0.6470588235294119,0.0,0.0,0.0,0.0,0.0,0.0,0.0,0.0,0.0,0.0,0.0,0.0,0.0,0.0,0.0,0.0
66100,4120,2145,0.5206310679611651,971,815,0.43349514563106795,1124,0.545631067961165,0.4340000000000001,3.001012658227848,3.1146853448315004,6.613595706618963,2.1692833176048745,8380.607524271845,506.2684716914753,7853.0,8866.4,8866.4,0.0,7853.0,0.0,28.151456310679613,21.291923187556126,33.21205098493627,19.558694227770694,0.14344660194174758,0.1029126213592233,0.08762135922330097,0.0883495145631068,0.07694174757281554,0.07936893203883495,0.06674757281553398,0.05703883495145631,0.058737864077669906,0.04951456310679612,0.0470873786407767,0.038834951456310676,0.03713592233009709,0.024029126213592232,0.0191747572815534,0.016262135922330098,0.006796116504854369,0.9103686477084761,0.023142243766157602,0.0,0.0,0.0,0.0,0.0,0.0,0.0,0.0,0.0,0.0,0.0,0.0,0.0,0.0,0.0,0.0,0.0,0.0,0.0,0.0,0.0,0.0,0.0,0.0,0.007281553398058254,0.9611650485436896,8.759708737864079,15.546116504854373,4.507281553398059,0.21844660194174761,4.247716894977169,2.835530728710033,nan,nan,nan,4.2840822543792845,2.811823220644529,4.211406844106464,2.858544512162439,0.9830359442332065,0.4104,0.01202,0.0,0.0,0.0,0.0,0.0,0.0,0.0,0.0,0.0,0.0,0.007281553398058254,5.752427184466011,23.483009708737868,0.7572815533980585,0.0,0.0,0.0,0.0,0.0,0.0,0.0,0.0,0.0,0.0,0.0,0.0,0.0,0.0,0.0,0.0,nan,nan,4.247716894977169,2.835530728710033,nan,0.4104,0.06805,0.0,0.0,0.0,0.0,0.0,0.0,0.0,0.0,0.0,0.0,0.0,0.0,0.0,0.0,0.0,0.0,0.00016990291262135922,6.0679611650485434e-05,0.0,0.0016019417475728155,0.00014563106796116506,0.0,0.006371359223300971,0.006456310679611651,0.0012378640776699028,0.0011043689320388349,0.00018203883495145632,2.4271844660194176e-05,0.010521844660194174,0.0007888349514563106,0.022682038834951457,0.020266990291262135,0.05648058252427184,0.0345752427184466,0.03160194174757282,0.04037621359223301,0.032184466019417476,0.023907766990291263,0.03720873786407767,0.07862864077669902,0.054235436893203884,0.06651699029126214,0.0604247572815534,0.06972087378640776,0.037014563106796114,0.05935679611650486,0.03104368932038835,0.03927184466019418,0.06236650485436893,0.01754854368932039,0.008240291262135923,0.02941747572815534,0.009817961165048544,0.0025364077669902912,0.01907766990291262,0.012427184466019418,0.008616504854368932,0.0025485436893203884,0.0031310679611650486,6.0679611650485434e-05,3.6407766990291265e-05,1.2135922330097088e-05,0.0,0.0,0.0,0.0,0.0,0.0,0.0,0.0,0.0,0.0,0.0,0.0,0.0,0.0,0.0,0.0,0.0,0.0,0.0,0.0,0.0,0.0,0.0,0.0,0.0,0.0,0.0,0.0,0.0,0.0,0.0,0.0,0.0,0.0,0.0,0.0,0.0,0.0,0.0,nan,nan,4.247716894977169,2.835530728710033,nan,0.9101567940278487,0.02279391529491452,0.0,0.0,0.0,0.0,0.0,0.0,0.0,0.0,0.0,0.0,0.0,0.0,0.0,0.0,0.0,0.0,0.0,0.0,0.0,0.0,0.0,0.0,0.0,0.0,0.0,0.9650349650349652,8.867132867132868,15.70629370629371,4.237762237762238,0.22377622377622383,0.9105987368957906,0.02351254819390636,0.0,0.0,0.0,0.0,0.0,0.0,0.0,0.0,0.0,0.0,0.0,0.0,0.0,0.0,0.0,0.0,0.0,0.0,0.0,0.0,0.0,0.0,0.0,0.0,0.015189873417721522,0.9569620253164559,8.643037974683546,15.372151898734181,4.800000000000001,0.21265822784810132,0.4106,0.01178,0.0,0.0,0.0,0.0,0.0,0.0,0.0,0.0,0.0,0.0,0.0,5.594405594405586,23.678321678321684,0.7272727272727275,0.0,0.0,0.0,0.0,0.0,0.0,0.0,0.0,0.0,0.0,0.0,0.0,0.0,0.0,0.0,0.0,0.4102,0.01225,0.0,0.0,0.0,0.0,0.0,0.0,0.0,0.0,0.0,0.0,0.015189873417721522,5.924050632911384,23.27088607594937,0.7898734177215192,0.0,0.0,0.0,0.0,0.0,0.0,0.0,0.0,0.0,0.0,0.0,0.0,0.0,0.0,0.0,0.0
66200,4494,2311,0.5142412105028927,1076,946,0.4499332443257677,1296,0.5767690253671562,0.4020000000000001,2.96701786532295,3.1133440642854975,6.665546218487395,2.1624929970174622,8374.132042723631,506.4944285407522,7853.0,8866.4,8866.4,0.0,7853.0,0.0,27.71473075211393,20.666176499191376,32.754059089699226,18.851977588118807,0.14241210502892745,0.09679572763684913,0.09323542501112594,0.08722741433021806,0.08299955496217179,0.07721406319537161,0.07053849577214064,0.059635068980863376,0.05807743658210948,0.05518469069870939,0.047619047619047616,0.03894080996884735,0.030262572318647086,0.028037383177570093,0.017356475300400534,0.009568313306631064,0.004895416110369382,0.910309631385748,0.02295659840386331,0.0,0.0,0.0,0.0,0.0,0.0,0.0,0.0,0.0,0.0,0.0,0.0,0.0,0.0,0.0,0.0,0.0,0.0,0.0,0.0,0.0,0.0,0.0,0.0,0.03337783711615488,0.8010680907877171,8.991989319092124,15.287049399198935,4.7196261682243,0.1668891855807744,4.312866505691618,2.9339768409541858,nan,nan,nan,4.303009097270818,2.950465449502265,4.322448979591837,2.9178268849248266,1.0045177413948179,0.4097,0.01224,0.0,0.0,0.0,0.0,0.0,0.0,0.0,0.0,0.0,0.0,0.006675567423230977,6.341789052069417,22.8437917222964,0.8077436582109482,0.0,0.0,0.0,0.0,0.0,0.0,0.0,0.0,0.0,0.0,0.0,0.0,0.0,0.0,0.0,0.0,nan,nan,4.312866505691618,2.9339768409541858,nan,0.4097,0.06836,0.0,0.0,0.0,0.0,0.0,0.0,0.0,0.0,0.0,0.0,0.0,0.0,0.0,0.0,0.0,0.0,0.00010013351134846461,0.00014463729417000444,0.0,0.001079216733422341,7.788161993769471e-05,0.0,0.00814419225634179,0.006853582554517134,0.0011348464619492656,0.0013573653760569648,0.00018914107699154428,6.675567423230975e-05,0.01032487761459724,0.001312861593235425,0.021762349799732978,0.018813974187805962,0.05469514908767245,0.036036938139741875,0.03331108144192256,0.04176680017801513,0.033422340898976416,0.024510458388963062,0.03878504672897196,0.077514463729417,0.05154650645304851,0.06787939474855363,0.060491766800178016,0.07010458388963062,0.03589230084557187,0.05862260792167334,0.029906542056074768,0.03947485536270583,0.06400756564307966,0.017489986648865155,0.007142857142857143,0.029027592345349355,0.00915665331553182,0.002158433466844682,0.018124165554072095,0.012205162438807298,0.008266577659101024,0.0029817534490431687,0.004094348019581665,2.2251891410769917e-05,0.0,0.0,0.0,0.0,0.0,0.0,0.0,0.0,0.0,0.0,0.0,0.0,0.0,0.0,0.0,0.0,0.0,0.0,0.0,0.0,0.0,0.0,0.0,0.0,0.0,0.0,0.0,0.0,0.0,0.0,0.0,0.0,0.0,0.0,0.0,0.0,0.0,0.0,0.0,0.0,0.0,nan,nan,4.312866505691618,2.9339768409541858,nan,0.9109744276127636,0.022876016355988356,0.0,0.0,0.0,0.0,0.0,0.0,0.0,0.0,0.0,0.0,0.0,0.0,0.0,0.0,0.0,0.0,0.0,0.0,0.0,0.0,0.0,0.0,0.0,0.0,0.05192557334487236,0.7269580268282131,8.840328861964519,15.240155776720037,4.984855041107746,0.15577672003461707,0.9096058548943908,0.023020688139202508,0.0,0.0,0.0,0.0,0.0,0.0,0.0,0.0,0.0,0.0,0.0,0.0,0.0,0.0,0.0,0.0,0.0,0.0,0.0,0.0,0.0,0.0,0.0,0.0,0.013742556115437475,0.8795235913879984,9.152542372881358,15.336692624828222,4.438845625286304,0.17865322950068718,0.4097,0.01242,0.0,0.0,0.0,0.0,0.0,0.0,0.0,0.0,0.0,0.0,0.01298139333621809,6.529640848117689,22.58762440501948,0.8697533535266121,0.0,0.0,0.0,0.0,0.0,0.0,0.0,0.0,0.0,0.0,0.0,0.0,0.0,0.0,0.0,0.0,0.41,0.01204,0.0,0.0,0.0,0.0,0.0,0.0,0.0,0.0,0.0,0.0,0.0,6.142922583600541,23.114979386165835,0.7420980302336236,0.0,0.0,0.0,0.0,0.0,0.0,0.0,0.0,0.0,0.0,0.0,0.0,0.0,0.0,0.0,0.0
66300,4610,2362,0.5123644251626898,1088,961,0.44446854663774404,1325,0.5748373101952278,0.39000000000000007,2.9101423487544484,3.039760885839876,6.416666666666667,2.105915348471212,8372.23010845987,506.5450487192463,7853.0,8866.4,8866.4,0.0,7853.0,0.0,27.81887201735358,20.827729295853747,32.73502066115702,19.1028110302063,0.14078091106290672,0.09934924078091106,0.0928416485900217,0.09045553145336226,0.08481561822125813,0.07223427331887201,0.06832971800433839,0.05986984815618221,0.05639913232104121,0.051626898047722344,0.04815618221258135,0.04316702819956616,0.03579175704989154,0.020173535791757048,0.018004338394793925,0.012147505422993492,0.005856832971800434,0.9095658591150462,0.022619002003721793,0.0,0.0,0.0,0.0,0.0,0.0,0.0,0.0,0.0,0.0,0.0,0.0,0.0,0.0,0.0,0.0,0.0,0.0,0.0,0.0,0.0,0.0,0.0,0.0,0.006507592190889372,0.8785249457700652,9.104121475054232,15.618221258134493,4.24945770065076,0.1431670281995662,4.23509599191647,2.849420887292918,nan,nan,nan,4.276254180602007,2.831606965835975,4.193351424694709,2.8667720258169798,0.9806132300826824,0.4094,0.01249,0.0,0.0,0.0,0.0,0.0,0.0,0.0,0.0,0.0,0.0,0.019522776572668116,6.761388286334047,22.464208242950114,0.7548806941431673,0.0,0.0,0.0,0.0,0.0,0.0,0.0,0.0,0.0,0.0,0.0,0.0,0.0,0.0,0.0,0.0,nan,nan,4.23509599191647,2.849420887292918,nan,0.4094,0.06824,0.0,0.0,0.0,0.0,0.0,0.0,0.0,0.0,0.0,0.0,0.0,0.0,0.0,0.0,0.0,0.0,8.676789587852495e-05,0.0,0.0,0.0009219088937093275,2.1691973969631237e-05,2.1691973969631237e-05,0.00797180043383948,0.0070498915401301515,0.0006507592190889371,0.0015292841648590022,7.592190889370933e-05,6.50759219088937e-05,0.009360086767895879,0.0014099783080260303,0.021377440347071584,0.01984815618221258,0.05797180043383948,0.03330802603036876,0.03447939262472885,0.04356832971800434,0.0325704989154013,0.026800433839479394,0.03921908893709328,0.07842733188720173,0.051117136659436006,0.06599783080260303,0.060336225596529285,0.07054229934924078,0.03585683297180044,0.0577765726681128,0.029718004338394794,0.03755965292841649,0.06560737527114967,0.015661605206073754,0.00631236442516269,0.028405639913232104,0.008633405639913232,0.0017245119305856834,0.019891540130151843,0.01245119305856833,0.008026030368763558,0.0034490238611713667,0.0041431670281995665,1.0845986984815618e-05,1.0845986984815618e-05,3.253796095444685e-05,0.0,0.0,0.0,0.0,0.0,0.0,0.0,0.0,0.0,0.0,0.0,0.0,0.0,0.0,0.0,0.0,0.0,0.0,0.0,0.0,0.0,0.0,0.0,0.0,0.0,0.0,0.0,0.0,0.0,0.0,0.0,0.0,0.0,0.0,0.0,0.0,0.0,0.0,0.0,nan,nan,4.23509599191647,2.849420887292918,nan,0.9095040793947806,0.02288767334583313,0.0,0.0,0.0,0.0,0.0,0.0,0.0,0.0,0.0,0.0,0.0,0.0,0.0,0.0,0.0,0.0,0.0,0.0,0.0,0.0,0.0,0.0,0.0,0.0,0.012701100762066049,0.8509737510584252,9.525825571549536,14.974597798475871,4.470787468247249,0.16511430990685863,0.9096307717926562,0.022333039854939514,0.0,0.0,0.0,0.0,0.0,0.0,0.0,0.0,0.0,0.0,0.0,0.0,0.0,0.0,0.0,0.0,0.0,0.0,0.0,0.0,0.0,0.0,0.0,0.0,0.0,0.9074733096085411,8.661032028469753,16.294483985765126,4.016903914590748,0.12010676156583633,0.4094,0.01232,0.0,0.0,0.0,0.0,0.0,0.0,0.0,0.0,0.0,0.0,0.025402201524132098,6.782387806943259,22.53175275190517,0.6604572396274345,0.0,0.0,0.0,0.0,0.0,0.0,0.0,0.0,0.0,0.0,0.0,0.0,0.0,0.0,0.0,0.0,0.4097,0.01267,0.0,0.0,0.0,0.0,0.0,0.0,0.0,0.0,0.0,0.0,0.01334519572953737,6.7393238434163605,22.393238434163706,0.8540925266903917,0.0,0.0,0.0,0.0,0.0,0.0,0.0,0.0,0.0,0.0,0.0,0.0,0.0,0.0,0.0,0.0
66400,4522,2348,0.5192392746572313,1143,879,0.44714727996461745,1271,0.562140645731977,0.4180000000000001,3.112695492180313,3.1325655139778488,6.581845238095238,2.11341326832104,8379.197080937638,506.3247513552058,7853.0,8866.4,8866.4,0.0,7853.0,0.0,29.041795665634673,21.10053178321677,33.7205500778412,19.330182365777024,0.12737726669615215,0.09685979655019902,0.08823529411764706,0.08580274214949138,0.08137992038920831,0.0729765590446705,0.07319770013268466,0.06413091552410438,0.055948695267580714,0.05373728438743919,0.05329500221141088,0.04290137107474569,0.036045997346306945,0.028969482529854047,0.020123839009287926,0.012605042016806723,0.006413091552410438,0.9085546325577513,0.0228596560796785,0.0,0.0,0.0,0.0,0.0,0.0,0.0,0.0,0.0,0.0,0.0,0.0,0.0,0.0,0.0,0.0,0.0,0.0,0.0,0.0,0.0,0.0,0.0,0.0,0.0,0.9420610349402921,9.745687748783725,14.99336576735958,4.15966386554622,0.1592215833701902,4.2384460817146685,2.9192197705770715,nan,nan,nan,4.34628493524199,2.9589427786536078,4.1342988808426595,2.876501586092275,0.9512259187886106,0.4092,0.01171,0.0,0.0,0.0,0.0,0.0,0.0,0.0,0.0,0.0,0.0,0.0,6.6010614772224585,22.98098186643079,0.41795665634674933,0.0,0.0,0.0,0.0,0.0,0.0,0.0,0.0,0.0,0.0,0.0,0.0,0.0,0.0,0.0,0.0,nan,nan,4.2384460817146685,2.9192197705770715,nan,0.4092,0.06775,0.0,0.0,0.0,0.0,0.0,0.0,0.0,0.0,0.0,0.0,0.0,0.0,0.0,0.0,0.0,0.0,4.422821760283061e-05,0.0,0.0,0.001017249004865104,0.0,1.1057054400707652e-05,0.006954887218045113,0.006777974347633791,0.00043122512162759843,0.001492702344095533,8.845643520566122e-05,0.00022114108801415304,0.00875718708536046,0.0017359575409111013,0.021262715612560813,0.020654577620521895,0.05860238832375055,0.035106147722246794,0.03553737284387439,0.043166740380362674,0.032563025210084036,0.02806280406899602,0.041165413533834586,0.07837240159221584,0.05042016806722689,0.06520344980097302,0.05861344537815126,0.07159442724458204,0.03678681999115436,0.0572202565236621,0.02885891198584697,0.0387218045112782,0.06275984077841663,0.01549093321539142,0.0074966828836797875,0.027321981424148607,0.007972136222910218,0.0015590446704997788,0.021384343210968597,0.01209641751437417,0.0066895179124281294,0.0037593984962406013,0.003991596638655462,0.0,1.1057054400707652e-05,1.1057054400707652e-05,1.1057054400707652e-05,0.0,0.0,0.0,0.0,0.0,0.0,0.0,0.0,0.0,0.0,0.0,0.0,0.0,0.0,0.0,0.0,0.0,0.0,0.0,0.0,0.0,0.0,0.0,0.0,0.0,0.0,0.0,0.0,0.0,0.0,0.0,0.0,0.0,0.0,0.0,0.0,0.0,0.0,nan,nan,4.2384460817146685,2.9192197705770715,nan,0.9093549174131283,0.02328530280953962,0.0,0.0,0.0,0.0,0.0,0.0,0.0,0.0,0.0,0.0,0.0,0.0,0.0,0.0,0.0,0.0,0.0,0.0,0.0,0.0,0.0,0.0,0.0,0.0,0.0,0.9454855195911416,9.403747870528111,15.166098807495745,4.2674616695059635,0.21720613287904605,0.9076902954646394,0.022358702822162586,0.0,0.0,0.0,0.0,0.0,0.0,0.0,0.0,0.0,0.0,0.0,0.0,0.0,0.0,0.0,0.0,0.0,0.0,0.0,0.0,0.0,0.0,0.0,0.0,0.0,0.9383624655013801,10.114995400183995,14.806807727690895,4.043238270469182,0.09659613615455384,0.4087,0.0119,0.0,0.0,0.0,0.0,0.0,0.0,0.0,0.0,0.0,0.0,0.0,7.116695059625202,22.4488926746167,0.4344122657580921,0.0,0.0,0.0,0.0,0.0,0.0,0.0,0.0,0.0,0.0,0.0,0.0,0.0,0.0,0.0,0.0,0.4097,0.01148,0.0,0.0,0.0,0.0,0.0,0.0,0.0,0.0,0.0,0.0,0.0,6.044158233670645,23.55565777368906,0.4001839926402945,0.0,0.0,0.0,0.0,0.0,0.0,0.0,0.0,0.0,0.0,0.0,0.0,0.0,0.0,0.0,0.0
66500,4673,2412,0.5161566445538198,1130,948,0.4446822169912262,1307,0.5593836935587417,0.4140000000000001,3.0225563909774436,3.14093611999504,6.679425837320574,2.15528155604035,8376.07314359084,506.43539584921746,7853.0,8866.4,8866.4,0.0,7853.0,0.0,27.90049218917184,20.8665407986613,32.87598877264608,19.108677322179865,0.14038091161994437,0.10228974962550824,0.09351594264926172,0.08238818745987589,0.0821741921677723,0.07190241814680078,0.07425636635994008,0.06248662529424353,0.058206719452172054,0.05307083244168628,0.043869034881232616,0.03937513374705756,0.033597260860261074,0.026749411512946714,0.021613524502460946,0.007703830515728654,0.006419858763107212,0.9091457430948519,0.023237174368581522,0.0,0.0,0.0,0.0,0.0,0.0,0.0,0.0,0.0,0.0,0.0,0.0,0.0,0.0,0.0,0.0,0.0,0.0,0.0,0.0,0.0,0.0,0.0,0.0,0.03209929381553606,0.905200085598117,9.424352664241388,15.27284399743206,4.140808902204152,0.22469505670875245,4.34,2.902596538733323,nan,nan,nan,4.301324503311259,2.854982556515689,4.378106111484217,2.95023945929517,1.0178506895059534,0.4092,0.01193,0.0,0.0,0.0,0.0,0.0,0.0,0.0,0.0,0.0,0.0,0.006419858763107213,6.516156644553811,22.931735501818967,0.5456879948641131,0.0,0.0,0.0,0.0,0.0,0.0,0.0,0.0,0.0,0.0,0.0,0.0,0.0,0.0,0.0,0.0,nan,nan,4.34,2.902596538733323,nan,0.4092,0.06793,0.0,0.0,0.0,0.0,0.0,0.0,0.0,0.0,0.0,0.0,0.0,0.0,0.0,0.0,0.0,0.0,0.0,0.0,0.0,0.0009308795206505457,1.0699764605178687e-05,3.209929381553606e-05,0.007864326984806335,0.006698052642841857,0.0005028889364433982,0.0013695698694628719,0.00019259576289321634,0.0004493901134175048,0.008270918039803125,0.0014337684570939438,0.022854697196661673,0.021346030387331478,0.05693344746415579,0.03422854697196662,0.03492403167130323,0.04229616948427135,0.03371495827091804,0.028632570083458164,0.040905200085598115,0.07738069762465226,0.05134817034025251,0.06471217633212069,0.061780440830301736,0.0684249946501177,0.036208003423924676,0.056088166060346674,0.028279477851487267,0.03945003209929381,0.0640059918681789,0.01571795420500749,0.007318638989942222,0.028033383265568156,0.009961480847421357,0.0019259576289321636,0.020425850631286113,0.011266852129253156,0.0055424780654825595,0.004172908196019688,0.004344104429702547,2.1399529210357373e-05,0.0,0.0,0.0,0.0,0.0,0.0,0.0,0.0,0.0,0.0,0.0,0.0,0.0,0.0,0.0,0.0,0.0,0.0,0.0,0.0,0.0,0.0,0.0,0.0,0.0,0.0,0.0,0.0,0.0,0.0,0.0,0.0,0.0,0.0,0.0,0.0,0.0,0.0,0.0,0.0,0.0,nan,nan,4.34,2.902596538733323,nan,0.908999710138362,0.023072502726729713,0.0,0.0,0.0,0.0,0.0,0.0,0.0,0.0,0.0,0.0,0.0,0.0,0.0,0.0,0.0,0.0,0.0,0.0,0.0,0.0,0.0,0.0,0.0,0.0,0.0373134328358209,0.8955223880597016,9.440298507462687,15.174129353233834,4.266169154228857,0.18656716417910452,0.9093015288051806,0.023410562493830854,0.0,0.0,0.0,0.0,0.0,0.0,0.0,0.0,0.0,0.0,0.0,0.0,0.0,0.0,0.0,0.0,0.0,0.0,0.0,0.0,0.0,0.0,0.0,0.0,0.02653693056169837,0.9155241043785938,9.407341884122072,15.378151260504206,4.007076514816454,0.2653693056169837,0.4092,0.01198,0.0,0.0,0.0,0.0,0.0,0.0,0.0,0.0,0.0,0.0,0.012437810945273634,6.5298507462686475,22.873134328358216,0.5845771144278608,0.0,0.0,0.0,0.0,0.0,0.0,0.0,0.0,0.0,0.0,0.0,0.0,0.0,0.0,0.0,0.0,0.4092,0.01189,0.0,0.0,0.0,0.0,0.0,0.0,0.0,0.0,0.0,0.0,0.0,6.50154798761609,22.994250331711637,0.504201680672269,0.0,0.0,0.0,0.0,0.0,0.0,0.0,0.0,0.0,0.0,0.0,0.0,0.0,0.0,0.0,0.0
66600,4693,2347,0.5001065416577882,1105,994,0.4472618793948434,1358,0.5787342851054762,0.3940000000000001,2.918158567774936,3.0423472147384434,6.468521229868228,2.0556222964196462,8359.807969316002,506.6999884967698,7853.0,8866.4,8866.4,0.0,7853.0,0.0,28.25868314510974,20.911255866593503,33.204556962025315,19.09051535979193,0.13978265501811207,0.0952482420626465,0.08885574259535478,0.0865118261240145,0.08097165991902834,0.0752184103984658,0.07095674408693799,0.06562966119752824,0.05668016194331984,0.05391007884082676,0.04922224589814617,0.042403579799701684,0.031323247389729386,0.026422331131472406,0.0176859151928404,0.012998082250159812,0.006179416151715321,0.9078188957422242,0.02304473988221248,0.0,0.0,0.0,0.0,0.0,0.0,0.0,0.0,0.0,0.0,0.0,0.0,0.0,0.0,0.0,0.0,0.0,0.0,0.0,0.0,0.0,0.0,0.0,0.0,0.0063924994672917125,1.1250799062433414,9.81887918176007,15.073513743873857,3.848284679309611,0.12784998934583425,4.272578534031414,2.839162714928977,nan,nan,nan,4.267660401814647,2.8089358677337555,4.276455026455026,2.8702591229996233,1.0020607601852856,0.409,0.01216,0.0,0.0,0.0,0.0,0.0,0.0,0.0,0.0,0.0,0.0,0.0,7.191561900703164,22.162795653100368,0.6456424461964629,0.0,0.0,0.0,0.0,0.0,0.0,0.0,0.0,0.0,0.0,0.0,0.0,0.0,0.0,0.0,0.0,nan,nan,4.272578534031414,2.839162714928977,nan,0.409,0.06744,0.0,0.0,0.0,0.0,0.0,0.0,0.0,0.0,0.0,0.0,0.0,0.0,0.0,0.0,0.0,0.0,0.0,0.0,0.0,0.0010334540805454933,0.0,0.00010654165778819518,0.007660345194971233,0.005422970381419135,0.0005007457916045173,0.0010547624121031323,0.00015981248668229278,0.0003302791391434051,0.009450245045812914,0.0013317707223524397,0.023609631365864053,0.019411890049009162,0.05755380353718304,0.03538248455145962,0.03690603025783081,0.041657788195184314,0.033795013850415515,0.0265288727892606,0.04050713829107181,0.07935222672064778,0.053260174728318774,0.062294907308757724,0.06379714468357128,0.07083954826337098,0.036352013637332196,0.05515661623694865,0.029682505859791177,0.03829107180907735,0.06378649051779246,0.013669294694225443,0.006797357766886853,0.02834008097165992,0.009173236735563606,0.002098870658427445,0.019166844236096315,0.01084594076283827,0.005497549541870871,0.004453441295546558,0.004709141274238227,2.1308331557639037e-05,1.0654165778819519e-05,0.0,0.0,0.0,0.0,0.0,0.0,0.0,0.0,0.0,0.0,0.0,0.0,0.0,0.0,0.0,0.0,0.0,0.0,0.0,0.0,0.0,0.0,0.0,0.0,0.0,0.0,0.0,0.0,0.0,0.0,0.0,0.0,0.0,0.0,0.0,0.0,0.0,0.0,0.0,0.0,nan,nan,4.272578534031414,2.839162714928977,nan,0.9079266621754634,0.023612668111486084,0.0,0.0,0.0,0.0,0.0,0.0,0.0,0.0,0.0,0.0,0.0,0.0,0.0,0.0,0.0,0.0,0.0,0.0,0.0,0.0,0.0,0.0,0.0,0.0,0.0,1.2526629740093738,9.497230507030253,15.108649339582449,3.9625053259480194,0.17895185342991057,0.9077110833727389,0.022461688273092667,0.0,0.0,0.0,0.0,0.0,0.0,0.0,0.0,0.0,0.0,0.0,0.0,0.0,0.0,0.0,0.0,0.0,0.0,0.0,0.0,0.0,0.0,0.0,0.0,0.012787723785166244,0.9974424552429669,10.14066496163683,15.038363171355503,3.734015345268543,0.07672634271099746,0.409,0.01205,0.0,0.0,0.0,0.0,0.0,0.0,0.0,0.0,0.0,0.0,0.0,7.132509586706423,22.25394120153388,0.6135492117596933,0.0,0.0,0.0,0.0,0.0,0.0,0.0,0.0,0.0,0.0,0.0,0.0,0.0,0.0,0.0,0.0,0.4087,0.01226,0.0,0.0,0.0,0.0,0.0,0.0,0.0,0.0,0.0,0.0,0.0,7.250639386189247,22.071611253196938,0.677749360613811,0.0,0.0,0.0,0.0,0.0,0.0,0.0,0.0,0.0,0.0,0.0,0.0,0.0,0.0,0.0,0.0
66700,4508,2331,0.5170807453416149,1067,921,0.4409937888198758,1272,0.5643300798580302,0.4220000000000001,2.9609554432705556,3.094120048709843,6.5108153078203,2.2050387391374295,8377.009627329193,506.40425235351677,7853.0,8866.4,8866.4,0.0,7853.0,0.0,28.11002661934339,21.15040692590809,33.213736409440465,19.360306318364778,0.14263531499556345,0.10115350488021295,0.0925022182786158,0.08185448092280391,0.08163265306122448,0.07009760425909495,0.06654835847382432,0.06721384205856255,0.06055900621118013,0.04769299023957409,0.050576752440106475,0.04192546583850932,0.027950310559006212,0.027728482697426796,0.019520851818988466,0.013531499556344277,0.006876663708961846,0.9064677424841258,0.02282928752229772,0.0,0.0,0.0,0.0,0.0,0.0,0.0,0.0,0.0,0.0,0.0,0.0,0.0,0.0,0.0,0.0,0.0,0.0,0.0,0.0,0.0,0.0,0.0,0.0,0.013309671694764866,1.23114463176575,10.268411712511092,14.980035492457857,3.3473824312333638,0.15971606033717836,4.369768246281564,2.8716169540993044,nan,nan,nan,4.509355509355509,2.8984455533128184,4.230662983425415,2.837806931282942,0.9381968165180381,0.4087,0.01211,0.0,0.0,0.0,0.0,0.0,0.0,0.0,0.0,0.0,0.0,0.006654835847382433,7.247116237799457,22.227151730257326,0.5190771960958297,0.0,0.0,0.0,0.0,0.0,0.0,0.0,0.0,0.0,0.0,0.0,0.0,0.0,0.0,0.0,0.0,nan,nan,4.369768246281564,2.8716169540993044,nan,0.4087,0.06726,0.0,0.0,0.0,0.0,0.0,0.0,0.0,0.0,0.0,0.0,0.0,0.0,0.0,0.0,0.0,0.0,0.0,0.0,0.0,0.0011978704525288377,0.0,0.00012200532386867791,0.007575421472937001,0.005423691215616681,0.0005323868677905945,0.0004991126885536823,0.00028837622005323867,0.00031055900621118014,0.0104924578527063,0.0015749778172138421,0.021672582076308785,0.01885536823425022,0.059039485359361134,0.034815882874889084,0.033873114463176576,0.04164818101153505,0.035059893522626444,0.028504880212954747,0.04162599822537711,0.07976929902395741,0.05312777284826974,0.06261091393078971,0.0631100266193434,0.07277062999112689,0.03691215616681455,0.05549023957409051,0.030956078083407276,0.03665705412599823,0.06103593611357586,0.013409494232475599,0.007187222715173026,0.02789485359361136,0.008928571428571428,0.0020408163265306124,0.019243566992014197,0.010536823425022183,0.0054015084294587404,0.004658385093167702,0.0049467613132209405,0.00011091393078970719,7.763975155279503e-05,1.1091393078970719e-05,0.0,0.0,0.0,0.0,0.0,0.0,0.0,0.0,0.0,0.0,0.0,0.0,0.0,0.0,0.0,0.0,0.0,0.0,0.0,0.0,0.0,0.0,0.0,0.0,0.0,0.0,0.0,0.0,0.0,0.0,0.0,0.0,0.0,0.0,0.0,0.0,0.0,0.0,0.0,nan,nan,4.369768246281564,2.8716169540993044,nan,0.9061843853097062,0.022967870521869577,0.0,0.0,0.0,0.0,0.0,0.0,0.0,0.0,0.0,0.0,0.0,0.0,0.0,0.0,0.0,0.0,0.0,0.0,0.0,0.0,0.0,0.0,0.0,0.0,0.012870012870012873,1.2870012870012872,10.373230373230374,14.929214929214933,3.2303732303732313,0.16731016731016735,0.9067711442175074,0.02267603744789898,0.0,0.0,0.0,0.0,0.0,0.0,0.0,0.0,0.0,0.0,0.0,0.0,0.0,0.0,0.0,0.0,0.0,0.0,0.0,0.0,0.0,0.0,0.0,0.0,0.013780431786862658,1.1713367018833258,10.156178226917778,15.03445107946716,3.47266881028939,0.15158474965548924,0.409,0.01213,0.0,0.0,0.0,0.0,0.0,0.0,0.0,0.0,0.0,0.0,0.012870012870012873,6.9240669240669135,22.548262548262553,0.5148005148005149,0.0,0.0,0.0,0.0,0.0,0.0,0.0,0.0,0.0,0.0,0.0,0.0,0.0,0.0,0.0,0.0,0.4087,0.01207,0.0,0.0,0.0,0.0,0.0,0.0,0.0,0.0,0.0,0.0,0.0,7.593017914561311,21.8833256775379,0.5236564079007809,0.0,0.0,0.0,0.0,0.0,0.0,0.0,0.0,0.0,0.0,0.0,0.0,0.0,0.0,0.0,0.0
66800,4495,2335,0.5194660734149055,1114,857,0.4384872080088988,1221,0.5432703003337042,0.4300000000000001,2.972685185185185,3.120525569005574,6.512307692307692,2.1734062378111028,8379.426918798665,506.3158487295363,7853.0,8866.4,8866.4,0.0,7853.0,0.0,28.387319243604004,21.12564603508617,33.29005014515703,19.385521031870265,0.13459399332591768,0.09833147942157953,0.10011123470522804,0.08565072302558398,0.074972191323693,0.07274749721913237,0.06874304783092325,0.05784204671857619,0.0631813125695217,0.0542825361512792,0.04827586206896552,0.03826473859844271,0.041156840934371525,0.025806451612903226,0.017797552836484983,0.01067853170189099,0.007563959955506118,0.9059554270828128,0.022662680031887917,0.0,0.0,0.0,0.0,0.0,0.0,0.0,0.0,0.0,0.0,0.0,0.0,0.0,0.0,0.0,0.0,0.0,0.0,0.0,0.0,0.0,0.0,0.0,0.0,0.00667408231368187,1.274749721913237,10.6384872080089,14.689655172413797,3.296996662958844,0.0934371523915462,4.201238390092879,2.889626271139196,nan,nan,nan,4.182506887052342,2.9072716464515507,4.219931271477663,2.8717874019283403,1.0089478356966188,0.409,0.01225,0.0,0.0,0.0,0.0,0.0,0.0,0.0,0.0,0.0,0.0,0.02002224694104561,6.9410456062291335,22.43826473859845,0.6006674082313683,0.0,0.0,0.0,0.0,0.0,0.0,0.0,0.0,0.0,0.0,0.0,0.0,0.0,0.0,0.0,0.0,nan,nan,4.201238390092879,2.889626271139196,nan,0.409,0.0675,0.0,0.0,0.0,0.0,0.0,0.0,0.0,0.0,0.0,0.0,0.0,0.0,0.0,0.0,0.0,0.0,0.0,0.0,0.0,0.0012347052280311456,0.0,0.00020022246941045607,0.007886540600667409,0.006918798665183537,0.0005005561735261402,0.0002335928809788654,0.0001557285873192436,0.00017797552836484984,0.010778642936596219,0.0016129032258064516,0.021646273637374862,0.020734149054505005,0.05522803114571746,0.03579532814238042,0.033971078976640715,0.038387096774193545,0.03783092324805339,0.0271523915461624,0.03859844271412681,0.07707452725250279,0.05832035595105673,0.06294771968854282,0.06309232480533927,0.07114571746384872,0.03685205784204672,0.05437152391546162,0.031868743047830925,0.03864293659621802,0.0610789766407119,0.014593993325917686,0.007085650723025584,0.02707452725250278,0.009833147942157953,0.0028476084538375974,0.020845383759733035,0.01032258064516129,0.004126807563959956,0.00457174638487208,0.0037374860956618464,0.0003225806451612903,0.00012235817575083425,7.78642936596218e-05,0.0,0.0,0.0,0.0,0.0,0.0,0.0,0.0,0.0,0.0,0.0,0.0,0.0,0.0,0.0,0.0,0.0,0.0,0.0,0.0,0.0,0.0,0.0,0.0,0.0,0.0,0.0,0.0,0.0,0.0,0.0,0.0,0.0,0.0,0.0,0.0,0.0,0.0,0.0,nan,nan,4.201238390092879,2.889626271139196,nan,0.9060589594810371,0.022593334562944208,0.0,0.0,0.0,0.0,0.0,0.0,0.0,0.0,0.0,0.0,0.0,0.0,0.0,0.0,0.0,0.0,0.0,0.0,0.0,0.0,0.0,0.0,0.0,0.0,0.0,1.3233404710920775,10.419700214132764,14.82655246252677,3.366167023554605,0.06423982869379016,0.9058435066430657,0.022736875611801724,0.0,0.0,0.0,0.0,0.0,0.0,0.0,0.0,0.0,0.0,0.0,0.0,0.0,0.0,0.0,0.0,0.0,0.0,0.0,0.0,0.0,0.0,0.0,0.0,0.013888888888888892,1.2222222222222225,10.875000000000002,14.54166666666667,3.222222222222223,0.12500000000000003,0.4087,0.012146,0.0,0.0,0.0,0.0,0.0,0.0,0.0,0.0,0.0,0.0,0.012847965738758033,6.873661670235536,22.522483940042832,0.5910064239828695,0.0,0.0,0.0,0.0,0.0,0.0,0.0,0.0,0.0,0.0,0.0,0.0,0.0,0.0,0.0,0.0,0.409,0.012375,0.0,0.0,0.0,0.0,0.0,0.0,0.0,0.0,0.0,0.0,0.027777777777777783,7.013888888888879,22.347222222222225,0.6111111111111113,0.0,0.0,0.0,0.0,0.0,0.0,0.0,0.0,0.0,0.0,0.0,0.0,0.0,0.0,0.0,0.0
66900,4748,2499,0.5263268744734625,1192,978,0.45703454085930917,1342,0.565290648694187,0.4100000000000001,2.9346376167185415,3.0320205861579437,6.410742496050553,2.1452791593283216,8386.379654591407,505.99712057568377,7853.0,8866.4,8866.4,0.0,7853.0,0.0,28.143218197135635,20.76447846815151,32.8644952759821,19.042672055329184,0.13247683235046334,0.09351305812973884,0.10109519797809605,0.08572030328559394,0.08087615838247683,0.07518955349620893,0.07561078348778433,0.06529064869418702,0.05981465880370682,0.05054759898904802,0.04654591406908172,0.039595619208087615,0.030328559393428812,0.02695871946082561,0.016849199663016005,0.011583824768323505,0.008003369839932602,0.9058815796358202,0.02267259757083369,0.0,0.0,0.0,0.0,0.0,0.0,0.0,0.0,0.0,0.0,0.0,0.0,0.0,0.0,0.0,0.0,0.0,0.0,0.0,0.0,0.0,0.0,0.0,0.0,0.01895534962089301,1.2636899747262007,10.798230834035387,14.696714406065714,3.102358887952823,0.12005054759898907,4.188067444876784,2.897118345668755,nan,nan,nan,4.165359477124183,2.9089858588493254,4.210424710424711,2.885211831039195,1.0108190502039553,0.408,0.01225,0.0,0.0,0.0,0.0,0.0,0.0,0.0,0.0,0.0,0.0,0.012636899747262008,7.727464195450706,21.741786015164287,0.5181128896377423,0.0,0.0,0.0,0.0,0.0,0.0,0.0,0.0,0.0,0.0,0.0,0.0,0.0,0.0,0.0,0.0,nan,nan,4.188067444876784,2.897118345668755,nan,0.408,0.068,0.0,0.0,0.0,0.0,0.0,0.0,0.0,0.0,0.0,0.0,0.0,0.0,0.0,0.0,0.0,0.0,0.0,0.0,0.0,0.0012742207245155855,1.0530749789385004e-05,5.265374894692502e-05,0.009403959561920808,0.007445240101095198,0.0005265374894692502,0.0002316764953664701,0.00010530749789385004,0.0002948609941027801,0.009372367312552653,0.0020219039595619206,0.021198399326032014,0.021324768323504634,0.05326453243470935,0.0377106149957877,0.0370050547598989,0.038689974726200504,0.03952190395956192,0.030128475147430497,0.03777379949452401,0.07353622577927549,0.060509688289806234,0.06278433024431339,0.0653748946925021,0.07037700084245999,0.03540438079191238,0.05431760741364785,0.029938921651221567,0.03694187026116259,0.057276748104465036,0.013858466722830665,0.007276748104465038,0.02687447346251053,0.009814658803706824,0.003338247683235046,0.022082982308340354,0.009182813816343723,0.004844144903117102,0.005086352148272957,0.0031276326874473464,0.00035804549283909015,0.00011583824768323504,0.00022114574557708508,0.0,0.0,0.0,0.0,0.0,0.0,0.0,0.0,0.0,0.0,0.0,0.0,0.0,0.0,0.0,0.0,0.0,0.0,0.0,0.0,0.0,0.0,0.0,0.0,0.0,0.0,0.0,0.0,0.0,0.0,0.0,0.0,0.0,0.0,0.0,0.0,0.0,0.0,0.0,nan,nan,4.188067444876784,2.897118345668755,nan,0.9061636024591874,0.022948602584225788,0.0,0.0,0.0,0.0,0.0,0.0,0.0,0.0,0.0,0.0,0.0,0.0,0.0,0.0,0.0,0.0,0.0,0.0,0.0,0.0,0.0,0.0,0.0,0.0,0.03601440576230493,1.3805522208883556,10.348139255702284,14.945978391356546,3.133253301320529,0.15606242496998804,0.9055682070099443,0.022357744125356765,0.0,0.0,0.0,0.0,0.0,0.0,0.0,0.0,0.0,0.0,0.0,0.0,0.0,0.0,0.0,0.0,0.0,0.0,0.0,0.0,0.0,0.0,0.0,0.0,0.0,1.1338372610048912,11.298354824366388,14.419742107603383,3.068030235660294,0.08003557136505114,0.4077,0.01212,0.0,0.0,0.0,0.0,0.0,0.0,0.0,0.0,0.0,0.0,0.01200480192076831,7.671068427370937,21.764705882352946,0.5522208883553422,0.0,0.0,0.0,0.0,0.0,0.0,0.0,0.0,0.0,0.0,0.0,0.0,0.0,0.0,0.0,0.0,0.408,0.0124,0.0,0.0,0.0,0.0,0.0,0.0,0.0,0.0,0.0,0.0,0.013339261894175192,7.790128946198299,21.71631836371721,0.4802134281903069,0.0,0.0,0.0,0.0,0.0,0.0,0.0,0.0,0.0,0.0,0.0,0.0,0.0,0.0,0.0,0.0
67000,4830,2440,0.505175983436853,1135,1008,0.44368530020703933,1389,0.5751552795031056,0.3980000000000001,2.894560669456067,3.0244076351230085,6.371345029239766,2.121209506353324,8364.945341614906,506.6728494712765,7853.0,8866.4,8866.399999999998,1.8189894035458565e-12,7853.0,0.0,28.071221532091098,20.918740049470994,32.90034364261168,19.214237604836814,0.1331262939958592,0.10372670807453416,0.09648033126293996,0.08799171842650104,0.07971014492753623,0.07308488612836439,0.06666666666666667,0.06314699792960662,0.0567287784679089,0.05217391304347826,0.046583850931677016,0.0474120082815735,0.031677018633540374,0.02732919254658385,0.016149068322981366,0.012008281573498964,0.006004140786749482,0.9060972237562294,0.02299675929858299,0.0,0.0,0.0,0.0,0.0,0.0,0.0,0.0,0.0,0.0,0.0,0.0,0.0,0.0,0.0,0.0,0.0,0.0,0.0,0.0,0.0,0.0,0.0,0.0,0.024844720496894415,1.2546583850931678,10.732919254658388,14.403726708074537,3.4347826086956528,0.1490683229813665,4.251042000641231,2.842923982895529,nan,nan,nan,4.194948186528498,2.8098550425261557,4.306031746031746,2.8739103053917034,1.0264803174113037,0.408,0.01216,0.0,0.0,0.0,0.0,0.0,0.0,0.0,0.0,0.0,0.0,0.006211180124223604,7.596273291925455,21.95652173913044,0.4409937888198759,0.0,0.0,0.0,0.0,0.0,0.0,0.0,0.0,0.0,0.0,0.0,0.0,0.0,0.0,0.0,0.0,nan,nan,4.251042000641231,2.842923982895529,nan,0.408,0.0679,0.0,0.0,0.0,0.0,0.0,0.0,0.0,0.0,0.0,0.0,0.0,0.0,0.0,0.0,0.0,0.0,0.0,0.0,0.0,0.0012629399585921326,2.0703933747412007e-05,0.00010351966873706004,0.009202898550724637,0.006821946169772257,0.0007349896480331263,0.00020703933747412008,0.0003312629399585921,0.0002380952380952381,0.009927536231884058,0.0021221532091097307,0.020351966873706002,0.02077639751552795,0.05489648033126294,0.039824016563147,0.03769151138716356,0.03766045548654244,0.038830227743271224,0.029627329192546584,0.03665631469979296,0.06960662525879917,0.06092132505175983,0.06415113871635611,0.0646687370600414,0.07141821946169773,0.03812629399585921,0.05567287784679089,0.02908902691511387,0.03747412008281573,0.05556935817805383,0.01484472049689441,0.007484472049689441,0.025734989648033127,0.009347826086956522,0.0035196687370600416,0.022287784679089026,0.008581780538302277,0.004875776397515528,0.005455486542443064,0.0030538302277432713,0.00035196687370600414,0.00015527950310559007,0.00032091097308488615,0.0,0.0,0.0,0.0,0.0,0.0,0.0,0.0,0.0,0.0,0.0,0.0,0.0,0.0,0.0,0.0,0.0,0.0,0.0,0.0,0.0,0.0,0.0,0.0,0.0,0.0,0.0,0.0,0.0,0.0,0.0,0.0,0.0,0.0,0.0,0.0,0.0,0.0,0.0,nan,nan,4.251042000641231,2.842923982895529,nan,0.9058004415426097,0.023399329729894662,0.0,0.0,0.0,0.0,0.0,0.0,0.0,0.0,0.0,0.0,0.0,0.0,0.0,0.0,0.0,0.0,0.0,0.0,0.0,0.0,0.0,0.0,0.0,0.0,0.03688524590163935,1.2786885245901642,10.635245901639347,14.532786885245905,3.319672131147542,0.1967213114754099,0.9064002148027699,0.022574338794533428,0.0,0.0,0.0,0.0,0.0,0.0,0.0,0.0,0.0,0.0,0.0,0.0,0.0,0.0,0.0,0.0,0.0,0.0,0.0,0.0,0.0,0.0,0.0,0.0,0.012552301255230129,1.2301255230125525,10.832635983263602,14.271966527196655,3.5523012552301263,0.10041841004184103,0.4077,0.01199,0.0,0.0,0.0,0.0,0.0,0.0,0.0,0.0,0.0,0.0,0.0,7.635245901639334,21.946721311475414,0.418032786885246,0.0,0.0,0.0,0.0,0.0,0.0,0.0,0.0,0.0,0.0,0.0,0.0,0.0,0.0,0.0,0.0,0.408,0.01232,0.0,0.0,0.0,0.0,0.0,0.0,0.0,0.0,0.0,0.0,0.012552301255230129,7.556485355648525,21.966527196652727,0.46443514644351475,0.0,0.0,0.0,0.0,0.0,0.0,0.0,0.0,0.0,0.0,0.0,0.0,0.0,0.0,0.0,0.0
67100,4664,2461,0.5276586620926244,1163,953,0.45368782161234994,1286,0.5514579759862779,0.4340000000000001,2.9396277802995914,3.0865095666365026,6.589315525876461,2.1414782855982524,8387.729288164666,505.92415341134085,7853.0,8866.4,8866.4,0.0,7853.0,0.0,27.978344768439108,20.867572387873118,32.8440203562341,19.125122923507714,0.13979416809605488,0.09391080617495712,0.09498284734133791,0.09326758147512865,0.07654373927958834,0.07461406518010291,0.0686106346483705,0.0675385934819897,0.0604631217838765,0.052101200686106346,0.04416809605488851,0.040737564322469985,0.03023156089193825,0.025728987993138937,0.018010291595197257,0.012221269296740995,0.007075471698113208,0.9059241384932353,0.022581384255516816,0.0,0.0,0.0,0.0,0.0,0.0,0.0,0.0,0.0,0.0,0.0,0.0,0.0,0.0,0.0,0.0,0.0,0.0,0.0,0.0,0.0,0.0,0.0,0.0,0.01286449399656947,1.2221269296740997,10.735420240137225,14.652658662092627,3.261149228130361,0.11578044596912523,4.140199335548172,2.846507207530744,nan,nan,nan,4.163319946452477,2.858106900659851,4.117414248021108,2.8348449376435054,0.9889737759716294,0.4075,0.012146,0.0,0.0,0.0,0.0,0.0,0.0,0.0,0.0,0.0,0.0,0.02572898799313894,8.053173241852477,21.464408233276163,0.45668953687821623,0.0,0.0,0.0,0.0,0.0,0.0,0.0,0.0,0.0,0.0,0.0,0.0,0.0,0.0,0.0,0.0,nan,nan,4.140199335548172,2.846507207530744,nan,0.4075,0.0676,0.0,0.0,0.0,0.0,0.0,0.0,0.0,0.0,0.0,0.0,0.0,0.0,0.0,0.0,0.0,0.0,0.0,0.0,2.144082332761578e-05,0.0011470840480274443,1.072041166380789e-05,0.0004073756432246998,0.00823327615780446,0.006936106346483705,0.000782590051457976,0.0002036878216123499,0.00027873070325900516,0.0003323327615780446,0.009723413379073757,0.002262006861063465,0.02189108061749571,0.02179459691252144,0.054738421955403085,0.04015866209262436,0.038143224699828476,0.036771012006861066,0.03991209262435678,0.028183962264150944,0.03796097770154374,0.06876072041166381,0.06121355060034305,0.06267152658662092,0.06541595197255574,0.07504288164665524,0.03796097770154374,0.05645368782161235,0.025621783876500857,0.036374356775300175,0.05348413379073756,0.017056174957118354,0.007761578044596913,0.025589622641509435,0.008243996569468268,0.0038807890222984564,0.022427101200686108,0.009626929674099486,0.004363207547169811,0.004963550600343053,0.00233704974271012,0.00035377358490566035,0.0002144082332761578,0.00028945111492281305,0.0,0.0,0.0,0.0,0.0,0.0,0.0,0.0,0.0,0.0,0.0,0.0,0.0,0.0,0.0,0.0,0.0,0.0,0.0,0.0,0.0,0.0,0.0,0.0,0.0,0.0,0.0,0.0,0.0,0.0,0.0,0.0,0.0,0.0,0.0,0.0,0.0,0.0,0.0,nan,nan,4.140199335548172,2.846507207530744,nan,0.9059611684372153,0.02235509893883911,0.0,0.0,0.0,0.0,0.0,0.0,0.0,0.0,0.0,0.0,0.0,0.0,0.0,0.0,0.0,0.0,0.0,0.0,0.0,0.0,0.0,0.0,0.0,0.0,0.024380333197887044,1.2068264932954085,10.678585940674525,14.725721251523774,3.2425843153189766,0.1219016659894352,0.9058827718604006,0.022831447569126636,0.0,0.0,0.0,0.0,0.0,0.0,0.0,0.0,0.0,0.0,0.0,0.0,0.0,0.0,0.0,0.0,0.0,0.0,0.0,0.0,0.0,0.0,0.0,0.0,0.0,1.2392192464820702,10.79891057648661,14.571039491602363,3.2818883340898783,0.10894235133908309,0.4075,0.01218,0.0,0.0,0.0,0.0,0.0,0.0,0.0,0.0,0.0,0.0,0.012190166598943522,8.057700121901654,21.479073547338487,0.4510361641609103,0.0,0.0,0.0,0.0,0.0,0.0,0.0,0.0,0.0,0.0,0.0,0.0,0.0,0.0,0.0,0.0,0.4075,0.01211,0.0,0.0,0.0,0.0,0.0,0.0,0.0,0.0,0.0,0.0,0.04085338175215616,8.04811620517475,21.448025419881983,0.46300499319110316,0.0,0.0,0.0,0.0,0.0,0.0,0.0,0.0,0.0,0.0,0.0,0.0,0.0,0.0,0.0,0.0
67200,5051,2606,0.5159374381310632,1268,1033,0.4555533557711344,1447,0.572955850326668,0.36200000000000004,2.9537832310838446,3.0840825932137084,6.630813953488372,2.0770852313783257,8375.85099980202,506.442529025155,7853.0,8866.4,8866.4,0.0,7853.0,0.0,28.10097010492972,20.644373601613268,32.74527641707488,18.94652488425025,0.13106315581073055,0.09879231835280143,0.09681251237378737,0.08295387052068898,0.08612156008711146,0.07800435557315383,0.06889724806968917,0.06374975252425262,0.060582062957830134,0.054048703227083744,0.04434765392991487,0.04494159572361908,0.029895070283112255,0.0245495941397743,0.018610176202732132,0.01009701049297169,0.006533359730746387,0.9061415938310542,0.022752479662604547,0.0,0.0,0.0,0.0,0.0,0.0,0.0,0.0,0.0,0.0,0.0,0.0,0.0,0.0,0.0,0.0,0.0,0.0,0.0,0.0,0.0,0.0,0.0,0.0,0.011878835874084342,1.1997624232825186,10.732528212235204,14.545634527816278,3.3557711344288266,0.15442486636309646,4.139788199697428,2.8749751219993036,nan,nan,nan,4.1044957472661,2.848549196021877,4.177322074788902,2.899593094660555,1.0177430632182554,0.4072,0.01224,0.0,0.0,0.0,0.0,0.0,0.0,0.0,0.0,0.0,0.0,0.017818253811126512,7.899425856266074,21.601663037022377,0.48109285290041587,0.0,0.0,0.0,0.0,0.0,0.0,0.0,0.0,0.0,0.0,0.0,0.0,0.0,0.0,0.0,0.0,nan,nan,4.139788199697428,2.8749751219993036,nan,0.4072,0.06744,0.0,0.0,0.0,0.0,0.0,0.0,0.0,0.0,0.0,0.0,0.0,0.0,0.0,0.0,0.0,0.0,0.0,0.0,2.969708968521085e-05,0.001326470005939418,5.93941793704217e-05,0.0005147495545436547,0.007958820035636508,0.008107305484062561,0.0005147495545436547,0.0003959611958028113,0.0003662641061176005,0.0003464660463274599,0.00942387646010691,0.002276776875866165,0.022253019204117996,0.01986735299940606,0.053722035240546424,0.03674519897050089,0.037259948525044544,0.03617105523658681,0.041427440110869136,0.031003761631360125,0.03801227479706989,0.0692536131459117,0.06358146901603642,0.062452979607998414,0.07141160166303702,0.0726489803999208,0.0392397545040586,0.054375371213621064,0.02617303504256583,0.03523064739655514,0.05205899821817462,0.015897842011482876,0.008196396753118194,0.02484656503662641,0.008513165709760443,0.003771530390021778,0.02269847554939616,0.009631756087903386,0.004593149871312611,0.004108097406454168,0.002662839041773906,0.0004751534349633736,0.00022767768758661652,0.00016828350821619482,0.0,0.0,0.0,0.0,0.0,0.0,0.0,0.0,0.0,0.0,0.0,0.0,0.0,0.0,0.0,0.0,0.0,0.0,0.0,0.0,0.0,0.0,0.0,0.0,0.0,0.0,0.0,0.0,0.0,0.0,0.0,0.0,0.0,0.0,0.0,0.0,0.0,0.0,0.0,nan,nan,4.139788199697428,2.8749751219993036,nan,0.9056770799028261,0.022529484994143704,0.0,0.0,0.0,0.0,0.0,0.0,0.0,0.0,0.0,0.0,0.0,0.0,0.0,0.0,0.0,0.0,0.0,0.0,0.0,0.0,0.0,0.0,0.0,0.0,0.02302379125095933,1.1396776669224868,10.901765157329242,14.516500383729857,3.3039140445126636,0.11511895625479665,0.9066366953840042,0.022977440595774855,0.0,0.0,0.0,0.0,0.0,0.0,0.0,0.0,0.0,0.0,0.0,0.0,0.0,0.0,0.0,0.0,0.0,0.0,0.0,0.0,0.0,0.0,0.0,0.0,0.0,1.2638036809815956,10.552147239263807,14.57668711656442,3.411042944785277,0.19631901840490804,0.4072,0.01208,0.0,0.0,0.0,0.0,0.0,0.0,0.0,0.0,0.0,0.0,0.011511895625479666,8.104374520337672,21.42363775901766,0.4604758250191866,0.0,0.0,0.0,0.0,0.0,0.0,0.0,0.0,0.0,0.0,0.0,0.0,0.0,0.0,0.0,0.0,0.4075,0.0124,0.0,0.0,0.0,0.0,0.0,0.0,0.0,0.0,0.0,0.0,0.024539877300613504,7.680981595092014,21.79141104294479,0.5030674846625768,0.0,0.0,0.0,0.0,0.0,0.0,0.0,0.0,0.0,0.0,0.0,0.0,0.0,0.0,0.0,0.0
67300,4756,2401,0.5048359966358285,1120,982,0.4419680403700589,1366,0.5744322960470984,0.3940000000000001,2.8755838641188958,3.026180601480309,6.421296296296297,2.148063336448367,8364.60079899075,506.6762991982673,7853.0,8866.4,8866.4,0.0,7853.0,0.0,28.154541631623214,21.124044968736506,33.206922498118885,19.334814095359043,0.14318755256518081,0.0973507148864592,0.09314550042052144,0.08410428931875526,0.07590412111017662,0.08242220353238015,0.06686291000841042,0.06539108494533222,0.05382674516400336,0.046888141295206055,0.0460470984020185,0.042472666105971404,0.0372161480235492,0.027544154751892348,0.020185029436501262,0.008830950378469302,0.008620689655172414,0.9066382405811042,0.02248369495714245,0.0,0.0,0.0,0.0,0.0,0.0,0.0,0.0,0.0,0.0,0.0,0.0,0.0,0.0,0.0,0.0,0.0,0.0,0.0,0.0,0.0,0.0,0.0,0.0,0.012615643397813292,1.0723296888141298,10.47729184188394,14.89276703111859,3.456686291000842,0.08830950378469304,4.279699738903394,2.8471332132276777,nan,nan,nan,4.306666666666667,2.872969814591785,4.2538363171355495,2.82188956733625,0.9877328909757468,0.4075,0.01191,0.0,0.0,0.0,0.0,0.0,0.0,0.0,0.0,0.0,0.0,0.0,7.922624053826734,21.698906644238864,0.37846930193439876,0.0,0.0,0.0,0.0,0.0,0.0,0.0,0.0,0.0,0.0,0.0,0.0,0.0,0.0,0.0,0.0,nan,nan,4.279699738903394,2.8471332132276777,nan,0.4075,0.0674,0.0,0.0,0.0,0.0,0.0,0.0,0.0,0.0,0.0,0.0,0.0,0.0,0.0,0.0,0.0,0.0,0.0,0.0,3.153910849453322e-05,0.0010407905803195964,8.410428931875525e-05,0.00048359966358284273,0.008315811606391926,0.007642977291841884,0.0007674516400336417,0.00025231286795626576,0.0004310344827586207,0.00036795626576955427,0.00923044575273339,0.0025021026072329687,0.02342304457527334,0.02184608915054668,0.052428511354079055,0.03650126156433978,0.03652228763666947,0.03396761984861228,0.04171572750210261,0.028563919259882255,0.039444911690496215,0.06808242220353238,0.06280487804878049,0.06244743481917578,0.07267661900756939,0.07478973927670311,0.0399390243902439,0.053679562657695544,0.02597771236333053,0.03748948696383515,0.05328006728343145,0.0156959629941127,0.00727502102607233,0.023223296888141294,0.008336837678721615,0.0035113540790580318,0.02304457527333894,0.010218671152228763,0.00496215306980656,0.0038898233809924305,0.002081581160639193,0.0006412952060555089,0.0003048780487804878,2.1026072329688813e-05,3.153910849453322e-05,3.153910849453322e-05,0.0,0.0,0.0,0.0,0.0,0.0,0.0,0.0,0.0,0.0,0.0,0.0,0.0,0.0,0.0,0.0,0.0,0.0,0.0,0.0,0.0,0.0,0.0,0.0,0.0,0.0,0.0,0.0,0.0,0.0,0.0,0.0,0.0,0.0,0.0,0.0,0.0,nan,nan,4.279699738903394,2.8471332132276777,nan,0.9063378107741394,0.02237395547014215,0.0,0.0,0.0,0.0,0.0,0.0,0.0,0.0,0.0,0.0,0.0,0.0,0.0,0.0,0.0,0.0,0.0,0.0,0.0,0.0,0.0,0.0,0.0,0.0,0.012494793835901711,1.1870054144106623,10.58309037900875,14.75635152019992,3.36109954185756,0.09995835068721369,0.9069445386560606,0.022590916507987703,0.0,0.0,0.0,0.0,0.0,0.0,0.0,0.0,0.0,0.0,0.0,0.0,0.0,0.0,0.0,0.0,0.0,0.0,0.0,0.0,0.0,0.0,0.0,0.0,0.012738853503184716,0.9554140127388537,10.369426751592359,15.031847133757966,3.554140127388536,0.07643312101910829,0.4075,0.01192,0.0,0.0,0.0,0.0,0.0,0.0,0.0,0.0,0.0,0.0,0.0,7.92169929196167,21.69096209912537,0.387338608912953,0.0,0.0,0.0,0.0,0.0,0.0,0.0,0.0,0.0,0.0,0.0,0.0,0.0,0.0,0.0,0.0,0.4072,0.011894,0.0,0.0,0.0,0.0,0.0,0.0,0.0,0.0,0.0,0.0,0.0,7.923566878980881,21.707006369426757,0.3694267515923568,0.0,0.0,0.0,0.0,0.0,0.0,0.0,0.0,0.0,0.0,0.0,0.0,0.0,0.0,0.0,0.0
67400,4616,2367,0.5127816291161178,1076,957,0.44042461005199307,1335,0.57842287694974,0.3980000000000001,2.9657625611382836,3.043946950205225,6.351063829787234,2.2305914870150465,8372.652902946273,506.5344137423086,7853.0,8866.4,8866.4,0.0,7853.0,0.0,28.372183708838822,20.99891981824245,33.25295326142784,19.230255658083905,0.13366551126516465,0.0981369150779896,0.09532062391681109,0.08535528596187175,0.0779896013864818,0.07690641247833623,0.07214038128249567,0.06304159445407279,0.057842287694974,0.05047660311958405,0.044410745233968804,0.04484402079722704,0.03682842287694974,0.029246100519930675,0.016897746967071057,0.008448873483535528,0.008448873483535528,0.9063901078840475,0.022862519660733483,0.0,0.0,0.0,0.0,0.0,0.0,0.0,0.0,0.0,0.0,0.0,0.0,0.0,0.0,0.0,0.0,0.0,0.0,0.0,0.0,0.0,0.0,0.0,0.0,0.019497400346620453,1.234835355285962,10.44410745233969,14.681542461005202,3.5160311958405552,0.10398613518197576,4.177100770003348,2.8054489099662123,nan,nan,nan,4.162837837837838,2.80247912462764,4.191108161911082,2.808291927432265,1.0067911182646325,0.4077,0.01196,0.0,0.0,0.0,0.0,0.0,0.0,0.0,0.0,0.0,0.0,0.006499133448873485,7.889948006932398,21.77859618717505,0.3249566724436742,0.0,0.0,0.0,0.0,0.0,0.0,0.0,0.0,0.0,0.0,0.0,0.0,0.0,0.0,0.0,0.0,nan,nan,4.177100770003348,2.8054489099662123,nan,0.4077,0.06744,0.0,0.0,0.0,0.0,0.0,0.0,0.0,0.0,0.0,0.0,0.0,0.0,0.0,0.0,0.0,0.0,0.0,0.0,0.0,0.00100736568457539,9.748700173310225e-05,0.0006932409012131716,0.008698006932409012,0.007430675909878683,0.0004007798960138648,0.00022746967071057193,0.00047660311958405547,0.00030329289428076254,0.009586221837088389,0.0019172443674176777,0.024035961871750434,0.02277946273830156,0.05508015597920277,0.035745233968804156,0.0342396013864818,0.030849220103986136,0.041096187175043326,0.029473570190641247,0.037933275563258234,0.06645363951473136,0.062153379549393414,0.0650996533795494,0.07433925476603119,0.07440424610051993,0.04032712305025996,0.054787694974003466,0.025249133448873484,0.03842071057192374,0.05264298093587522,0.016258665511265164,0.007149046793760832,0.025270797227036394,0.0074415077989601385,0.0032495667244367417,0.023158578856152513,0.008925476603119584,0.005166811091854419,0.004170277296360486,0.0021880415944540727,0.00046577123050259967,0.0004982668977469671,0.0,0.0,0.00010831889081455805,0.0,0.0,0.0,0.0,0.0,0.0,0.0,0.0,0.0,0.0,0.0,0.0,0.0,0.0,0.0,0.0,0.0,0.0,0.0,0.0,0.0,0.0,0.0,0.0,0.0,0.0,0.0,0.0,0.0,0.0,0.0,0.0,0.0,0.0,0.0,0.0,0.0,nan,nan,4.177100770003348,2.8054489099662123,nan,0.90657694356372,0.022644175153360913,0.0,0.0,0.0,0.0,0.0,0.0,0.0,0.0,0.0,0.0,0.0,0.0,0.0,0.0,0.0,0.0,0.0,0.0,0.0,0.0,0.0,0.0,0.0,0.0,0.025348542458808625,1.0646387832699622,10.392902408111537,14.854245880861853,3.536121673003803,0.1267427122940431,0.90619346935413,0.023088457358004216,0.0,0.0,0.0,0.0,0.0,0.0,0.0,0.0,0.0,0.0,0.0,0.0,0.0,0.0,0.0,0.0,0.0,0.0,0.0,0.0,0.0,0.0,0.0,0.0,0.013339261894175192,1.4139617607825705,10.497999110715876,14.499777678968433,3.4948866162739005,0.08003557136505114,0.4072,0.01193,0.0,0.0,0.0,0.0,0.0,0.0,0.0,0.0,0.0,0.0,0.012674271229404312,8.086185044359937,21.609632446134352,0.2915082382762992,0.0,0.0,0.0,0.0,0.0,0.0,0.0,0.0,0.0,0.0,0.0,0.0,0.0,0.0,0.0,0.0,0.408,0.01198,0.0,0.0,0.0,0.0,0.0,0.0,0.0,0.0,0.0,0.0,0.0,7.683414851044898,21.95642507781237,0.3601600711427302,0.0,0.0,0.0,0.0,0.0,0.0,0.0,0.0,0.0,0.0,0.0,0.0,0.0,0.0,0.0,0.0
67500,4618,2354,0.5097444781290602,1104,991,0.4536595928973582,1349,0.5842355998267649,0.39000000000000007,2.9443462897526502,3.0460966472974964,6.521739130434782,2.082422611274443,8369.57505413599,506.60376361196836,7853.0,8866.4,8866.4,0.0,7853.0,0.0,27.946730186227803,20.691577528145377,32.73447922011288,18.96295561029162,0.1342572542226072,0.10372455608488523,0.09268081420528368,0.08791684711996535,0.08055435253356431,0.07405803378085751,0.07232568211346903,0.06258120398440883,0.056084885231702034,0.054352533564313556,0.04958856647899523,0.038111736682546554,0.035729753139887396,0.026201818969250758,0.01862278042442616,0.0073624945864010395,0.00584668687743612,0.9065461004900695,0.022261254983778195,0.0,0.0,0.0,0.0,0.0,0.0,0.0,0.0,0.0,0.0,0.0,0.0,0.0,0.0,0.0,0.0,0.0,0.0,0.0,0.0,0.0,0.0,0.0,0.0,0.019488956258120402,1.078388912949329,10.381117366825467,15.11043741879602,3.3131225638804684,0.09744478129060202,4.221815763219156,2.833539967643254,nan,nan,nan,4.233355749831876,2.8179491885636243,4.2105263157894735,2.848664458421859,0.9946072488608335,0.4075,0.011894,0.0,0.0,0.0,0.0,0.0,0.0,0.0,0.0,0.0,0.0,0.012992637505413601,8.05543525335642,21.52880034647034,0.40277176266782166,0.0,0.0,0.0,0.0,0.0,0.0,0.0,0.0,0.0,0.0,0.0,0.0,0.0,0.0,0.0,0.0,nan,nan,4.221815763219156,2.833539967643254,nan,0.4075,0.0673,0.0,0.0,0.0,0.0,0.0,0.0,0.0,0.0,0.0,0.0,0.0,0.0,0.0,0.0,0.0,0.0,0.0,0.0,0.0,0.0016132524902555219,0.000194889562581204,0.0010827197921178,0.008575140753572975,0.0068752706799480295,0.00032481593763534,0.00020571676050238198,0.000422260718925942,0.000454742312689476,0.008997401472498917,0.0019813772195755737,0.024631875270679948,0.023873971416197487,0.05514291901255955,0.03601126028583802,0.033856647899523605,0.029699003897791253,0.04060199220441749,0.02959073191857947,0.038447379818103075,0.06273278475530533,0.06487656994369857,0.06409701169337376,0.07335426591598095,0.07560632308358597,0.042193590298830665,0.0594954525768731,0.022228237332178432,0.03766782156777826,0.05180814205283672,0.016565612819402338,0.0067128627111303595,0.026818969250757906,0.008618449545257686,0.0032373321784322216,0.021838458207016024,0.007438284971849286,0.004893893460372455,0.004623213512343006,0.001754006063230836,0.000422260718925942,0.00041143352100476397,1.0827197921177999e-05,0.0,1.0827197921177999e-05,0.0,0.0,0.0,0.0,0.0,0.0,0.0,0.0,0.0,0.0,0.0,0.0,0.0,0.0,0.0,0.0,0.0,0.0,0.0,0.0,0.0,0.0,0.0,0.0,0.0,0.0,0.0,0.0,0.0,0.0,0.0,0.0,0.0,0.0,0.0,0.0,0.0,nan,nan,4.221815763219156,2.833539967643254,nan,0.9065037666485283,0.022684234807061002,0.0,0.0,0.0,0.0,0.0,0.0,0.0,0.0,0.0,0.0,0.0,0.0,0.0,0.0,0.0,0.0,0.0,0.0,0.0,0.0,0.0,0.0,0.0,0.0,0.012744265080713682,1.197960917587086,10.488530161427361,14.757858963466443,3.4282073067119803,0.11469838572642313,0.9065901172140041,0.021812677465587883,0.0,0.0,0.0,0.0,0.0,0.0,0.0,0.0,0.0,0.0,0.0,0.0,0.0,0.0,0.0,0.0,0.0,0.0,0.0,0.0,0.0,0.0,0.0,0.0,0.026501766784452305,0.9540636042402829,10.269434628975267,15.477031802120145,3.1934628975265027,0.0795053003533569,0.4075,0.01164,0.0,0.0,0.0,0.0,0.0,0.0,0.0,0.0,0.0,0.0,0.0,7.8504672897196155,21.76720475785897,0.3823279524214105,0.0,0.0,0.0,0.0,0.0,0.0,0.0,0.0,0.0,0.0,0.0,0.0,0.0,0.0,0.0,0.0,0.4072,0.012146,0.0,0.0,0.0,0.0,0.0,0.0,0.0,0.0,0.0,0.0,0.026501766784452305,8.268551236749106,21.280918727915196,0.4240282685512369,0.0,0.0,0.0,0.0,0.0,0.0,0.0,0.0,0.0,0.0,0.0,0.0,0.0,0.0,0.0,0.0
67600,4527,2309,0.5100508062734703,1094,924,0.44576982549149546,1262,0.5575436271261321,0.4060000000000001,2.972497745716862,3.084277763891754,6.552380952380952,2.1065926104265755,8369.885487077536,506.59761729896957,7853.0,8866.4,8866.400000000001,1.8189894035458565e-12,7853.0,0.0,27.781533024077756,20.870184431963434,32.585691823899374,19.214392172403546,0.13872321625800751,0.09940357852882704,0.09896178484647669,0.08769604594654297,0.07930196598188646,0.07643030704660923,0.07333775127015683,0.06140932184669759,0.05610779765849348,0.04837640821736249,0.04771371769383698,0.03578528827037773,0.035343494588027394,0.024740446211619173,0.016125469405787497,0.011707532582284073,0.008835873647006848,0.9066424283176588,0.022337466775131064,0.0,0.0,0.0,0.0,0.0,0.0,0.0,0.0,0.0,0.0,0.0,0.0,0.0,0.0,0.0,0.0,0.0,0.0,0.0,0.0,0.0,0.0,0.0,0.0,0.033134526176275686,1.0801855533465874,10.3843605036448,15.202120609675285,3.1875414181577213,0.11265738899933733,4.332530120481928,2.9059127747749933,nan,nan,nan,4.324949014276003,2.93165688323464,4.3377529658060014,2.87862488064253,1.0029604861208155,0.4072,0.01184,0.0,0.0,0.0,0.0,0.0,0.0,0.0,0.0,0.0,0.0,0.013253810470510274,7.773359840954263,21.95493704440027,0.2584493041749503,0.0,0.0,0.0,0.0,0.0,0.0,0.0,0.0,0.0,0.0,0.0,0.0,0.0,0.0,0.0,0.0,nan,nan,4.332530120481928,2.9059127747749933,nan,0.4072,0.06757,0.0,0.0,0.0,0.0,0.0,0.0,0.0,0.0,0.0,0.0,0.0,0.0,0.0,0.0,0.0,0.0,0.0,0.0,0.0,0.0013585155732273029,0.00018776231499889552,0.0011707532582284073,0.009377070907886018,0.007311685442898167,0.00020985199911641264,0.00023194168323392977,0.000276121051468964,0.0004417936823503424,0.008990501435829468,0.0024298652529268832,0.024607908106914073,0.024563728738679038,0.0532250938811575,0.03506737353655843,0.03235034239010382,0.02891539650982991,0.04516235917826375,0.03133421692069804,0.03871217141594875,0.0607134967969958,0.06541859951402695,0.06186216037110669,0.07400044179368236,0.07486193947426552,0.04192622045504749,0.0618069361608129,0.023116854428981665,0.034559310801855536,0.05236359620057433,0.015164568146675503,0.007179147338193064,0.026739562624254472,0.009222443119063397,0.003214049039098741,0.022266401590457258,0.007499447757897062,0.004495250717914734,0.0051800309255577645,0.002087475149105368,0.00015462778882261984,0.0002429865252926883,0.0,0.0,0.0,0.0,0.0,0.0,0.0,0.0,0.0,0.0,0.0,0.0,0.0,0.0,0.0,0.0,0.0,0.0,0.0,0.0,0.0,0.0,0.0,0.0,0.0,0.0,0.0,0.0,0.0,0.0,0.0,0.0,0.0,0.0,0.0,0.0,0.0,0.0,0.0,0.0,nan,nan,4.332530120481928,2.9059127747749933,nan,0.906434243145625,0.022344229428282986,0.0,0.0,0.0,0.0,0.0,0.0,0.0,0.0,0.0,0.0,0.0,0.0,0.0,0.0,0.0,0.0,0.0,0.0,0.0,0.0,0.0,0.0,0.0,0.0,0.038977912516240804,1.2083152880034649,10.21221307925509,15.318319618882636,3.079255088783024,0.1429190125595496,0.9068591549011691,0.022328362415490435,0.0,0.0,0.0,0.0,0.0,0.0,0.0,0.0,0.0,0.0,0.0,0.0,0.0,0.0,0.0,0.0,0.0,0.0,0.0,0.0,0.0,0.0,0.0,0.0,0.027051397655545543,0.946798917944094,10.563570784490533,15.08115419296664,3.3002705139765562,0.08115419296663662,0.4075,0.01183,0.0,0.0,0.0,0.0,0.0,0.0,0.0,0.0,0.0,0.0,0.025985275010827202,7.782589865742735,21.918579471632746,0.27284538761368565,0.0,0.0,0.0,0.0,0.0,0.0,0.0,0.0,0.0,0.0,0.0,0.0,0.0,0.0,0.0,0.0,0.4072,0.01185,0.0,0.0,0.0,0.0,0.0,0.0,0.0,0.0,0.0,0.0,0.0,7.763751127141558,21.992786293958524,0.24346257889990988,0.0,0.0,0.0,0.0,0.0,0.0,0.0,0.0,0.0,0.0,0.0,0.0,0.0,0.0,0.0,0.0
67700,4420,2311,0.5228506787330317,1121,881,0.45294117647058824,1232,0.5574660633484163,0.4100000000000001,3.108108108108108,3.1556245818145086,6.574074074074074,2.188791750680353,8382.856877828055,506.1705730376435,7853.0,8866.4,8866.4,0.0,7853.0,0.0,28.917194570135745,21.19449735005335,33.710631494804154,19.39639200631409,0.1321266968325792,0.09411764705882353,0.08868778280542987,0.08552036199095023,0.0834841628959276,0.07285067873303168,0.067420814479638,0.0669683257918552,0.06289592760180995,0.05339366515837104,0.048868778280542986,0.03800904977375565,0.03687782805429864,0.02850678733031674,0.019004524886877826,0.012669683257918552,0.008597285067873304,0.9062064128493831,0.022714432981432064,0.0,0.0,0.0,0.0,0.0,0.0,0.0,0.0,0.0,0.0,0.0,0.0,0.0,0.0,0.0,0.0,0.0,0.0,0.0,0.0,0.0,0.0,0.0,0.0,0.02036199095022625,1.2624434389140273,10.472850678733034,14.789592760180998,3.3733031674208154,0.081447963800905,4.204918032786885,2.9063860098221848,nan,nan,nan,4.114576271186441,2.876631340874487,4.296627666896077,2.9334384076796693,1.044245478443189,0.4075,0.01247,0.0,0.0,0.0,0.0,0.0,0.0,0.0,0.0,0.0,0.0,0.02036199095022625,8.266968325791844,21.21040723981901,0.5022624434389141,0.0,0.0,0.0,0.0,0.0,0.0,0.0,0.0,0.0,0.0,0.0,0.0,0.0,0.0,0.0,0.0,nan,nan,4.204918032786885,2.9063860098221848,nan,0.4075,0.0669,0.0,0.0,0.0,0.0,0.0,0.0,0.0,0.0,0.0,0.0,0.0,0.0,0.0,0.0,0.0,0.0,0.0,0.0,0.0,0.0016176470588235294,0.0001244343891402715,0.0011085972850678734,0.00842760180995475,0.0062895927601809955,0.00013574660633484164,0.0002714932126696833,0.0002714932126696833,0.0004411764705882353,0.008868778280542987,0.0025226244343891403,0.023099547511312216,0.02417420814479638,0.05124434389140271,0.03743212669683258,0.03335972850678733,0.03080316742081448,0.045531674208144794,0.029570135746606333,0.0428054298642534,0.061968325791855204,0.06688914027149322,0.060588235294117644,0.07321266968325792,0.07065610859728506,0.04225113122171946,0.06013574660633484,0.023608597285067874,0.03688914027149321,0.053088235294117644,0.014807692307692308,0.007692307692307693,0.02765837104072398,0.009389140271493212,0.0032013574660633482,0.021210407239819005,0.007409502262443439,0.0037104072398190047,0.005045248868778281,0.002092760180995475,0.0001244343891402715,0.0002714932126696833,0.0,0.0,0.0,0.0,0.0,0.0,0.0,0.0,0.0,0.0,0.0,0.0,0.0,0.0,0.0,0.0,0.0,0.0,0.0,0.0,0.0,0.0,0.0,0.0,0.0,0.0,0.0,0.0,0.0,0.0,0.0,0.0,0.0,0.0,0.0,0.0,0.0,0.0,0.0,0.0,nan,nan,4.204918032786885,2.9063860098221848,nan,0.9070380636491284,0.02298802185789159,0.0,0.0,0.0,0.0,0.0,0.0,0.0,0.0,0.0,0.0,0.0,0.0,0.0,0.0,0.0,0.0,0.0,0.0,0.0,0.0,0.0,0.0,0.0,0.0,0.02596278667243618,1.1163998269147557,10.411077455646907,14.591086109909133,3.73864128083081,0.11683254002596281,0.9052951065439249,0.022375339370204087,0.0,0.0,0.0,0.0,0.0,0.0,0.0,0.0,0.0,0.0,0.0,0.0,0.0,0.0,0.0,0.0,0.0,0.0,0.0,0.0,0.0,0.0,0.0,0.0,0.014224751066856334,1.4224751066856332,10.540540540540542,15.007112375533431,2.9729729729729737,0.042674253200568994,0.4075,0.01259,0.0,0.0,0.0,0.0,0.0,0.0,0.0,0.0,0.0,0.0,0.01298139333621809,8.243184768498473,21.19861531804414,0.5452185201211598,0.0,0.0,0.0,0.0,0.0,0.0,0.0,0.0,0.0,0.0,0.0,0.0,0.0,0.0,0.0,0.0,0.4075,0.012314,0.0,0.0,0.0,0.0,0.0,0.0,0.0,0.0,0.0,0.0,0.028449502133712667,8.293029871977229,21.22332859174965,0.4551920341394027,0.0,0.0,0.0,0.0,0.0,0.0,0.0,0.0,0.0,0.0,0.0,0.0,0.0,0.0,0.0,0.0
67800,4365,2305,0.5280641466208477,1070,896,0.45040091638029783,1212,0.5553264604810997,0.4220000000000001,2.991747572815534,3.14602999238398,6.83303730017762,2.0622228028232943,8388.140206185568,505.90122027143036,7853.0,8866.4,8866.4,0.0,7853.0,0.0,27.681328751431845,20.621454415190126,32.332251082251084,18.987507254222855,0.13447880870561282,0.10194730813287514,0.09576174112256587,0.09278350515463918,0.08430698739977091,0.07399770904925544,0.07033218785796105,0.061855670103092786,0.055211912943871705,0.05177548682703322,0.04604810996563574,0.041008018327605956,0.03482245131729668,0.021076746849942728,0.019243986254295534,0.009392898052691867,0.005956471935853379,0.906672316933006,0.022850406378490264,0.0,0.0,0.0,0.0,0.0,0.0,0.0,0.0,0.0,0.0,0.0,0.0,0.0,0.0,0.0,0.0,0.0,0.0,0.0,0.0,0.0,0.0,0.0,0.0,0.02061855670103093,1.18213058419244,10.336769759450174,14.845360824742272,3.5051546391752586,0.10996563573883164,4.22008547008547,2.958761385878187,nan,nan,nan,4.269794721407624,2.964194383801014,4.173250173250174,2.9538712112818226,0.9773889485427949,0.4077,0.0124,0.0,0.0,0.0,0.0,0.0,0.0,0.0,0.0,0.0,0.0,0.03436426116838489,7.931271477663219,21.50515463917526,0.5292096219931273,0.0,0.0,0.0,0.0,0.0,0.0,0.0,0.0,0.0,0.0,0.0,0.0,0.0,0.0,0.0,0.0,nan,nan,4.22008547008547,2.958761385878187,nan,0.4077,0.0674,0.0,0.0,0.0,0.0,0.0,0.0,0.0,0.0,0.0,0.0,0.0,0.0,0.0,0.0,0.0,0.0,0.0,0.0,0.0,0.002806414662084765,0.00012600229095074457,0.001145475372279496,0.008888888888888889,0.006288659793814433,0.0001718213058419244,0.0002634593356242841,0.000286368843069874,0.00044673539518900345,0.008739977090492554,0.0027949599083619703,0.023917525773195877,0.02261168384879725,0.05101947308132875,0.03722794959908362,0.031683848797250856,0.027823596792668957,0.044192439862542954,0.02813287514318442,0.04098510882016037,0.06037800687285223,0.06927835051546392,0.06218785796105384,0.0768270332187858,0.0718327605956472,0.04134020618556701,0.0627033218785796,0.023734249713631157,0.03617411225658648,0.0511340206185567,0.015441008018327606,0.007880870561282933,0.030687285223367698,0.009198167239404352,0.0032531500572737684,0.018006872852233676,0.008739977090492554,0.0037915234822451316,0.004914089347079038,0.0023825887743413516,0.00010309278350515464,0.00043528064146620846,2.290950744558992e-05,0.0,0.0,0.0,0.0,0.0,0.0,0.0,0.0,0.0,0.0,0.0,0.0,0.0,0.0,0.0,0.0,0.0,0.0,0.0,0.0,0.0,0.0,0.0,0.0,0.0,0.0,0.0,0.0,0.0,0.0,0.0,0.0,0.0,0.0,0.0,0.0,0.0,0.0,0.0,nan,nan,4.22008547008547,2.958761385878187,nan,0.9066609582001113,0.022663247996931916,0.0,0.0,0.0,0.0,0.0,0.0,0.0,0.0,0.0,0.0,0.0,0.0,0.0,0.0,0.0,0.0,0.0,0.0,0.0,0.0,0.0,0.0,0.0,0.0,0.013015184381778745,1.1062906724511932,10.56832971800434,14.733188720173539,3.475054229934925,0.10412147505422996,0.9066850265831623,0.023058016434794246,0.0,0.0,0.0,0.0,0.0,0.0,0.0,0.0,0.0,0.0,0.0,0.0,0.0,0.0,0.0,0.0,0.0,0.0,0.0,0.0,0.0,0.0,0.0,0.0,0.029126213592233018,1.2669902912621362,10.077669902912623,14.97087378640777,3.5388349514563116,0.11650485436893207,0.4075,0.01205,0.0,0.0,0.0,0.0,0.0,0.0,0.0,0.0,0.0,0.0,0.02603036876355749,8.095444685466367,21.449023861171373,0.42950108459869857,0.0,0.0,0.0,0.0,0.0,0.0,0.0,0.0,0.0,0.0,0.0,0.0,0.0,0.0,0.0,0.0,0.408,0.01277,0.0,0.0,0.0,0.0,0.0,0.0,0.0,0.0,0.0,0.0,0.04368932038834952,7.747572815533969,21.567961165048548,0.6407766990291264,0.0,0.0,0.0,0.0,0.0,0.0,0.0,0.0,0.0,0.0,0.0,0.0,0.0,0.0,0.0,0.0
67900,4342,2203,0.5073698756333487,1046,885,0.44472593274988487,1218,0.5610317825886688,0.4140000000000001,2.949509116409537,3.0946232900662394,6.590909090909091,2.1725215799399002,8367.168631966835,506.64495412127,7853.0,8866.4,8866.4,0.0,7853.0,0.0,28.151773376324275,21.02651799715121,33.22216112180369,19.20627714080617,0.1427913403961308,0.09742054352832796,0.09327498848456932,0.07945647167204054,0.0852141870105942,0.07093505297098111,0.06978350990327038,0.06264394288346384,0.05872869645324735,0.05158912943344081,0.05435283279594657,0.039613081529249194,0.03132197144173192,0.025564256103178258,0.018885306310456013,0.011054813450023031,0.007369875633348687,0.9072898658998877,0.022538144441049474,0.0,0.0,0.0,0.0,0.0,0.0,0.0,0.0,0.0,0.0,0.0,0.0,0.0,0.0,0.0,0.0,0.0,0.0,0.0,0.0,0.0,0.0,0.0,0.0,0.006909258406264396,1.153846153846154,9.811146936895442,15.297098111469372,3.6757254721326587,0.05527406725011517,4.324130512728576,2.8284896212723716,nan,nan,nan,4.25018504811251,2.8007397581703795,4.393602225312935,2.8525689493681097,1.0337437489372647,0.4077,0.01227,0.0,0.0,0.0,0.0,0.0,0.0,0.0,0.0,0.0,0.0,0.020727775218793185,7.731460156609845,21.812528788576696,0.43528327959465696,0.0,0.0,0.0,0.0,0.0,0.0,0.0,0.0,0.0,0.0,0.0,0.0,0.0,0.0,0.0,0.0,nan,nan,4.324130512728576,2.8284896212723716,nan,0.4077,0.067,0.0,0.0,0.0,0.0,0.0,0.0,0.0,0.0,0.0,0.0,0.0,0.0,0.0,0.0,0.0,0.0,0.0,0.0,0.0,0.0020036849378166745,0.00026485490557346845,0.0010363887609396592,0.008245048364808844,0.005826807922616306,0.00016121602947950252,0.0003454629203132197,0.0001381851681252879,0.0007369875633348687,0.009235375403040074,0.0035122063565177337,0.025333947489636112,0.023341777982496547,0.050967296176877015,0.03572086596038692,0.03132197144173192,0.02504606172270843,0.046533855366190695,0.02822432058959005,0.03999309074159373,0.06296637494242284,0.06976047904191617,0.06402579456471671,0.07448180561953018,0.07065868263473053,0.042745278673422385,0.06583371718102257,0.021856287425149702,0.03458083832335329,0.0510939659143252,0.014981575310916628,0.0071280515891294334,0.03020497466605251,0.00899355135882082,0.0030631045601105483,0.019334408106863196,0.009074159373560571,0.0037194841087056655,0.004099493321050207,0.0025794564716720403,4.6061722708429294e-05,0.0006909258406264394,9.212344541685859e-05,0.0,0.0,0.0,0.0,0.0,0.0,0.0,0.0,0.0,0.0,0.0,0.0,0.0,0.0,0.0,0.0,0.0,0.0,0.0,0.0,0.0,0.0,0.0,0.0,0.0,0.0,0.0,0.0,0.0,0.0,0.0,0.0,0.0,0.0,0.0,0.0,0.0,0.0,0.0,nan,nan,4.324130512728576,2.8284896212723716,nan,0.9073028718131919,0.0225853532997846,0.0,0.0,0.0,0.0,0.0,0.0,0.0,0.0,0.0,0.0,0.0,0.0,0.0,0.0,0.0,0.0,0.0,0.0,0.0,0.0,0.0,0.0,0.0,0.0,0.013617793917385386,1.2256014525646848,9.655015887426238,15.238311393554248,3.8129822968679083,0.054471175669541544,0.9072764708428475,0.022489411615482707,0.0,0.0,0.0,0.0,0.0,0.0,0.0,0.0,0.0,0.0,0.0,0.0,0.0,0.0,0.0,0.0,0.0,0.0,0.0,0.0,0.0,0.0,0.0,0.0,0.0,1.079943899018233,9.971949509116412,15.357643758765782,3.5343618513323993,0.05610098176718094,0.408,0.01212,0.0,0.0,0.0,0.0,0.0,0.0,0.0,0.0,0.0,0.0,0.013617793917385386,7.544257830231491,21.992737176577396,0.4493871992737178,0.0,0.0,0.0,0.0,0.0,0.0,0.0,0.0,0.0,0.0,0.0,0.0,0.0,0.0,0.0,0.0,0.4075,0.01241,0.0,0.0,0.0,0.0,0.0,0.0,0.0,0.0,0.0,0.0,0.02805049088359047,7.924263674614294,21.62692847124825,0.42075736325385704,0.0,0.0,0.0,0.0,0.0,0.0,0.0,0.0,0.0,0.0,0.0,0.0,0.0,0.0,0.0,0.0
68000,4156,2160,0.519730510105871,1053,806,0.4473051010587103,1148,0.5524542829643888,0.4220000000000001,3.0170340681362724,3.1148217685996045,6.5385906040268456,2.192158239075504,8379.69489894129,506.30533674486134,7853.0,8866.4,8866.4,0.0,7853.0,0.0,28.940567853705485,21.15550563646087,33.920159680638726,19.261320644529167,0.13450433108758422,0.0940808469682387,0.09287776708373437,0.07964388835418672,0.07988450433108758,0.07362848893166506,0.06737247353224254,0.06135707410972088,0.061597690086621755,0.060153994225216556,0.05004812319538017,0.04090471607314726,0.03657362848893166,0.030076997112608278,0.018768046198267566,0.013233878729547642,0.0052935514918190565,0.9080278196222399,0.022425656176130675,0.0,0.0,0.0,0.0,0.0,0.0,0.0,0.0,0.0,0.0,0.0,0.0,0.0,0.0,0.0,0.0,0.0,0.0,0.0,0.0,0.0,0.0,0.0,0.0,0.021655437921077964,0.9023099133782485,9.874879692011552,15.223772858517808,3.8474494706448517,0.12993262752646778,4.116490717145977,2.878862560705883,nan,nan,nan,4.032069970845481,2.874004951557388,4.200727272727272,2.88123701624869,1.0418289620719121,0.4077,0.01211,0.0,0.0,0.0,0.0,0.0,0.0,0.0,0.0,0.0,0.0,0.014436958614051976,7.759865255052924,21.80702598652551,0.41867179980750735,0.0,0.0,0.0,0.0,0.0,0.0,0.0,0.0,0.0,0.0,0.0,0.0,0.0,0.0,0.0,0.0,nan,nan,4.116490717145977,2.878862560705883,nan,0.4077,0.06665,0.0,0.0,0.0,0.0,0.0,0.0,0.0,0.0,0.0,0.0,0.0,0.0,0.0,0.0,0.0,0.0,0.0,2.406159769008662e-05,0.0,0.00174446583253128,0.00037295476419634265,0.0013835418671799807,0.007795957651588066,0.00512512030798845,0.00019249278152069297,0.000348893166506256,8.421559191530318e-05,0.0006015399422521655,0.009095283926852743,0.003994225216554379,0.02361645813282002,0.022882579403272377,0.05411453320500481,0.035923965351299325,0.03162897016361887,0.023893166506256017,0.04465832531280077,0.027634744947064485,0.04242059672762272,0.06027430221366699,0.07220885466794995,0.06410009624639076,0.0782483156881617,0.06947786333012512,0.04237247353224254,0.06810635226179018,0.021342637151106833,0.0330846968238691,0.050312800769971126,0.015640038498556306,0.007362848893166506,0.02884985563041386,0.008349374398460058,0.003440808469682387,0.019032723772858518,0.008505774783445622,0.0033205004812319537,0.0046198267564966315,0.0025745909528392687,4.812319538017324e-05,0.001046679499518768,7.218479307025987e-05,7.218479307025987e-05,0.0,0.0,0.0,0.0,0.0,0.0,0.0,0.0,0.0,0.0,0.0,0.0,0.0,0.0,0.0,0.0,0.0,0.0,0.0,0.0,0.0,0.0,0.0,0.0,0.0,0.0,0.0,0.0,0.0,0.0,0.0,0.0,0.0,0.0,0.0,0.0,0.0,0.0,nan,nan,4.116490717145977,2.878862560705883,nan,0.9085528531836139,0.0217910192398419,0.0,0.0,0.0,0.0,0.0,0.0,0.0,0.0,0.0,0.0,0.0,0.0,0.0,0.0,0.0,0.0,0.0,0.0,0.0,0.0,0.0,0.0,0.0,0.0,0.013888888888888892,0.7222222222222224,9.833333333333336,15.555555555555559,3.7638888888888897,0.11111111111111113,0.9074596470307731,0.023079343963700823,0.0,0.0,0.0,0.0,0.0,0.0,0.0,0.0,0.0,0.0,0.0,0.0,0.0,0.0,0.0,0.0,0.0,0.0,0.0,0.0,0.0,0.0,0.0,0.0,0.030060120240480968,1.0971943887775553,9.91983967935872,14.86472945891784,3.937875751503007,0.15030060120240485,0.4077,0.01225,0.0,0.0,0.0,0.0,0.0,0.0,0.0,0.0,0.0,0.0,0.027777777777777783,7.8749999999999885,21.708333333333336,0.388888888888889,0.0,0.0,0.0,0.0,0.0,0.0,0.0,0.0,0.0,0.0,0.0,0.0,0.0,0.0,0.0,0.0,0.408,0.01195,0.0,0.0,0.0,0.0,0.0,0.0,0.0,0.0,0.0,0.0,0.0,7.6352705410821535,21.913827655310627,0.45090180360721455,0.0,0.0,0.0,0.0,0.0,0.0,0.0,0.0,0.0,0.0,0.0,0.0,0.0,0.0,0.0,0.0
68100,4342,2238,0.5154306771073238,1047,888,0.44564716720405345,1238,0.5702441271303547,0.4140000000000001,2.990019011406844,3.093196754061142,6.563451776649746,2.169380270647084,8375.337448180562,506.45864610489184,7853.0,8866.4,8866.400000000001,1.8189894035458565e-12,7853.0,0.0,28.341777982496545,21.06275198775205,33.36690450054885,19.25887002995286,0.1377245508982036,0.09903270382312299,0.09396591432519576,0.08037770612620912,0.08360202671579917,0.07600184246890834,0.06425610317825886,0.06448641179180101,0.05734684477199447,0.05596499309074159,0.04859511745739291,0.036849378166743434,0.036158452326116995,0.029249193919852604,0.017503454629203132,0.012206356517733764,0.006678949792722248,0.9075155508567638,0.022523108800767352,0.0,0.0,0.0,0.0,0.0,0.0,0.0,0.0,0.0,0.0,0.0,0.0,0.0,0.0,0.0,0.0,0.0,0.0,0.0,0.0,0.0,0.0,0.0,0.0,0.006909258406264396,1.0363887609396594,10.039152464302166,15.2141870105942,3.627360663288808,0.07600184246890836,4.316348195329087,2.89526938716694,nan,nan,nan,4.316725978647687,2.8532377736949477,4.31597466572836,2.936236200066551,0.9998259530665038,0.408,0.01216,0.0,0.0,0.0,0.0,0.0,0.0,0.0,0.0,0.0,0.0,0.006909258406264396,7.5656379548595,21.964532473514513,0.4629203132197145,0.0,0.0,0.0,0.0,0.0,0.0,0.0,0.0,0.0,0.0,0.0,0.0,0.0,0.0,0.0,0.0,nan,nan,4.316348195329087,2.89526938716694,nan,0.408,0.0667,0.0,0.0,0.0,0.0,0.0,0.0,0.0,0.0,0.0,0.0,0.0,0.0,0.0,0.0,0.0,0.0,0.0,8.060801473975126e-05,2.3030861354214647e-05,0.0019230769230769232,0.0005872869645324735,0.0007945647167204053,0.007254721326577614,0.004594656840165822,0.00020727775218793183,0.0004030400736987563,2.3030861354214647e-05,0.00046061722708429296,0.009327498848456931,0.0037194841087056655,0.024815753109166283,0.023733302625518194,0.05612620912022109,0.03468447719944726,0.0308152924919392,0.024504836480884386,0.04435743896821741,0.027982496545370796,0.042906494702901886,0.058198986642100416,0.07163749424228466,0.06341547673883004,0.07730308613542146,0.0707508060801474,0.039958544449562414,0.06971441731920774,0.0228005527406725,0.034327498848456935,0.05008060801473975,0.015637954859511746,0.0070013818516812525,0.029709811146936896,0.008463841547673883,0.003212805158912943,0.017491939198526023,0.007957162597881162,0.003120681713496085,0.005158912943344081,0.0026600644864117917,0.0004030400736987563,0.001347305389221557,0.00017273146015660986,0.0001497005988023952,0.0,0.0,0.0,0.0,0.0,0.0,0.0,0.0,0.0,0.0,0.0,0.0,0.0,0.0,0.0,0.0,0.0,0.0,0.0,0.0,0.0,0.0,0.0,0.0,0.0,0.0,0.0,0.0,0.0,0.0,0.0,0.0,0.0,0.0,0.0,0.0,0.0,0.0,nan,nan,4.316348195329087,2.89526938716694,nan,0.9069191850488797,0.022723284752626728,0.0,0.0,0.0,0.0,0.0,0.0,0.0,0.0,0.0,0.0,0.0,0.0,0.0,0.0,0.0,0.0,0.0,0.0,0.0,0.0,0.0,0.0,0.0,0.0,0.01340482573726542,0.9785522788203755,10.455764075067025,14.932975871313676,3.51206434316354,0.10723860589812335,0.9081498981372031,0.02229070773281378,0.0,0.0,0.0,0.0,0.0,0.0,0.0,0.0,0.0,0.0,0.0,0.0,0.0,0.0,0.0,0.0,0.0,0.0,0.0,0.0,0.0,0.0,0.0,0.0,0.0,1.0979087452471485,9.59600760456274,15.513307984790877,3.750000000000001,0.04277566539923955,0.408,0.01225,0.0,0.0,0.0,0.0,0.0,0.0,0.0,0.0,0.0,0.0,0.0,7.707774798927603,21.84986595174263,0.44235924932975884,0.0,0.0,0.0,0.0,0.0,0.0,0.0,0.0,0.0,0.0,0.0,0.0,0.0,0.0,0.0,0.0,0.408,0.01207,0.0,0.0,0.0,0.0,0.0,0.0,0.0,0.0,0.0,0.0,0.014258555133079852,7.41444866920151,22.08650190114069,0.4847908745247149,0.0,0.0,0.0,0.0,0.0,0.0,0.0,0.0,0.0,0.0,0.0,0.0,0.0,0.0,0.0,0.0
68200,4598,2386,0.5189212701174424,1092,953,0.44475859069160506,1317,0.5728577642453241,0.38600000000000007,2.902350813743219,3.007894057599078,6.393890675241158,2.099799708931805,8378.874815137018,506.3370581583586,7853.0,8866.4,8866.399999999998,1.8189894035458565e-12,7853.0,0.0,27.86820356676816,20.656115430770452,32.75834411384217,18.89352129868839,0.13658112222705523,0.09786863853849499,0.09569377990430622,0.08677685950413223,0.08090474119182253,0.08046976946498477,0.06676816006959548,0.0674206176598521,0.05698129621574598,0.05350152240104393,0.044584602000869944,0.0411048281861679,0.032622879512831666,0.023705959112657677,0.017398869073510223,0.012614180078294911,0.005002174858634189,0.9077369200374418,0.022282553442375657,0.0,0.0,0.0,0.0,0.0,0.0,0.0,0.0,0.0,0.0,0.0,0.0,0.0,0.0,0.0,0.0,0.0,0.0,0.0,0.0,0.0,0.0,0.0,0.0,0.019573727707699003,0.8481948673336235,9.982601130926492,15.300130491518054,3.705959112657678,0.14354066985645936,4.272543059777102,2.8255036790713537,nan,nan,nan,4.200671140939598,2.849349310961814,4.345343303874915,2.7992625038304557,1.0344402496842344,0.408,0.01206,0.0,0.0,0.0,0.0,0.0,0.0,0.0,0.0,0.0,0.0,0.013049151805132669,7.6337538060025985,21.798608090474126,0.5545889517181384,0.0,0.0,0.0,0.0,0.0,0.0,0.0,0.0,0.0,0.0,0.0,0.0,0.0,0.0,0.0,0.0,nan,nan,4.272543059777102,2.8255036790713537,nan,0.408,0.0664,0.0,0.0,0.0,0.0,0.0,0.0,0.0,0.0,0.0,0.0,0.0,0.0,0.0,0.0,0.0,0.0,0.0,1.087429317094389e-05,2.174858634188778e-05,0.0011418007829491082,0.0008481948673336234,0.0010439321444106133,0.007514136581122227,0.004175728577642453,0.00022836015658982166,0.0006198347107438017,6.524575902566333e-05,0.0003697259678120922,0.009515006524575903,0.0029904306220095694,0.02560896041757286,0.02106350587211831,0.0561439756415833,0.035330578512396696,0.029469334493257938,0.02444541104828186,0.0464332318399304,0.027805567638103525,0.04499782514136581,0.060232709873858196,0.07240104393214442,0.06407133536320139,0.07783819051761635,0.0648651587646803,0.040278381905176165,0.07181383210091344,0.0239343192692475,0.034515006524575904,0.048216615919965206,0.015898216615919964,0.007177033492822967,0.029458460200086994,0.008144845585036973,0.0029578077424967375,0.017257503262287952,0.0072096563723357985,0.003120922140060896,0.005034797738147021,0.003142670726402784,0.0007285776424532406,0.0016420182688125272,0.00017398869073510223,4.349717268377556e-05,0.0,0.0,0.0,0.0,0.0,0.0,0.0,0.0,0.0,0.0,0.0,0.0,0.0,0.0,0.0,0.0,0.0,0.0,0.0,0.0,0.0,0.0,0.0,0.0,0.0,0.0,0.0,0.0,0.0,0.0,0.0,0.0,0.0,0.0,0.0,0.0,0.0,0.0,nan,nan,4.272543059777102,2.8255036790713537,nan,0.9077358996528392,0.022590883940601377,0.0,0.0,0.0,0.0,0.0,0.0,0.0,0.0,0.0,0.0,0.0,0.0,0.0,0.0,0.0,0.0,0.0,0.0,0.0,0.0,0.0,0.0,0.0,0.0,0.025146689019279134,0.8675607711651301,10.071248952221293,15.163453478625318,3.746856663872591,0.12573344509639567,0.9077380206873792,0.02194511296043023,0.0,0.0,0.0,0.0,0.0,0.0,0.0,0.0,0.0,0.0,0.0,0.0,0.0,0.0,0.0,0.0,0.0,0.0,0.0,0.0,0.0,0.0,0.0,0.0,0.013562386980108502,0.8273056057866186,9.886980108499097,15.447558770343583,3.6618444846292957,0.16274864376130202,0.4082,0.01228,0.0,0.0,0.0,0.0,0.0,0.0,0.0,0.0,0.0,0.0,0.012573344509639567,7.707460184409042,21.613579212070416,0.6663872590108971,0.0,0.0,0.0,0.0,0.0,0.0,0.0,0.0,0.0,0.0,0.0,0.0,0.0,0.0,0.0,0.0,0.408,0.01183,0.0,0.0,0.0,0.0,0.0,0.0,0.0,0.0,0.0,0.0,0.013562386980108502,7.554249547920422,21.99819168173599,0.43399638336347207,0.0,0.0,0.0,0.0,0.0,0.0,0.0,0.0,0.0,0.0,0.0,0.0,0.0,0.0,0.0,0.0
68300,4270,2205,0.5163934426229508,1011,848,0.4353629976580796,1165,0.5456674473067916,0.4460000000000001,3.032445520581114,3.219103551550248,6.966490299823633,2.086474168182162,8376.313114754099,506.4275806254701,7853.0,8866.4,8866.4,0.0,7853.0,0.0,27.28665105386417,20.80949127662793,32.48658571025134,19.05692814325905,0.15011709601873535,0.10398126463700234,0.09320843091334895,0.08735362997658079,0.07634660421545668,0.07213114754098361,0.07423887587822015,0.059953161592505855,0.054800936768149885,0.05526932084309134,0.04355971896955504,0.03840749414519906,0.03302107728337236,0.02505854800936768,0.017330210772833723,0.00936768149882904,0.00585480093676815,0.907487520973353,0.02283968043649998,0.0,0.0,0.0,0.0,0.0,0.0,0.0,0.0,0.0,0.0,0.0,0.0,0.0,0.0,0.0,0.0,0.0,0.0,0.0,0.0,0.0,0.0,0.0,0.0,0.014051522248243563,1.0468384074941455,10.264637002341923,14.697892271662766,3.822014051522249,0.1545667447306792,4.372395833333333,2.9531455038865757,nan,nan,nan,4.384671532846715,2.951960637853729,4.359635811836116,2.954322548175269,0.9942901718354384,0.4075,0.01268,0.0,0.0,0.0,0.0,0.0,0.0,0.0,0.0,0.0,0.0,0.021077283372365342,8.283372365339567,21.203747072599533,0.4918032786885247,0.0,0.0,0.0,0.0,0.0,0.0,0.0,0.0,0.0,0.0,0.0,0.0,0.0,0.0,0.0,0.0,nan,nan,4.372395833333333,2.9531455038865757,nan,0.4072,0.0667,0.0,0.0,0.0,0.0,0.0,0.0,0.0,0.0,0.0,0.0,0.0,0.0,0.0,0.0,0.0,0.0,0.0,8.19672131147541e-05,0.0,0.001288056206088993,0.0006323185011709602,0.0014285714285714286,0.008489461358313818,0.004812646370023419,0.0003044496487119438,0.000819672131147541,7.02576112412178e-05,0.0003044496487119438,0.009906323185011709,0.0023302107728337238,0.02439110070257611,0.020362997658079626,0.05536299765807962,0.03604215456674473,0.030269320843091335,0.02481264637002342,0.04831381733021077,0.02775175644028103,0.04544496487119438,0.059613583138173304,0.07420374707259954,0.06462529274004684,0.07710772833723653,0.06566744730679157,0.04028103044496487,0.06740046838407494,0.025105386416861827,0.03485948477751757,0.04639344262295082,0.016147540983606556,0.007775175644028103,0.028372365339578456,0.00892271662763466,0.0017447306791569088,0.017833723653395785,0.006814988290398127,0.003325526932084309,0.004929742388758782,0.002587822014051522,0.0009250585480093677,0.0020140515222482436,5.85480093676815e-05,7.02576112412178e-05,0.0,0.0,0.0,0.0,0.0,0.0,0.0,0.0,0.0,0.0,0.0,0.0,0.0,0.0,0.0,0.0,0.0,0.0,0.0,0.0,0.0,0.0,0.0,0.0,0.0,0.0,0.0,0.0,0.0,0.0,0.0,0.0,0.0,0.0,0.0,0.0,0.0,0.0,nan,nan,4.372395833333333,2.9531455038865757,nan,0.9072325060697369,0.02289524249446863,0.0,0.0,0.0,0.0,0.0,0.0,0.0,0.0,0.0,0.0,0.0,0.0,0.0,0.0,0.0,0.0,0.0,0.0,0.0,0.0,0.0,0.0,0.0,0.0,0.013605442176870751,1.1020408163265307,10.69387755102041,14.244897959183676,3.768707482993198,0.17687074829931979,0.9077598250229768,0.022777049966081323,0.0,0.0,0.0,0.0,0.0,0.0,0.0,0.0,0.0,0.0,0.0,0.0,0.0,0.0,0.0,0.0,0.0,0.0,0.0,0.0,0.0,0.0,0.0,0.0,0.014527845036319617,0.9878934624697339,9.80629539951574,15.181598062953999,3.8789346246973375,0.13075060532687655,0.4072,0.012665,0.0,0.0,0.0,0.0,0.0,0.0,0.0,0.0,0.0,0.0,0.0,8.530612244897947,20.952380952380956,0.5170068027210886,0.0,0.0,0.0,0.0,0.0,0.0,0.0,0.0,0.0,0.0,0.0,0.0,0.0,0.0,0.0,0.0,0.4075,0.01269,0.0,0.0,0.0,0.0,0.0,0.0,0.0,0.0,0.0,0.0,0.04358353510895884,8.019370460048414,21.472154963680392,0.46489104116222774,0.0,0.0,0.0,0.0,0.0,0.0,0.0,0.0,0.0,0.0,0.0,0.0,0.0,0.0,0.0,0.0
68400,4782,2477,0.5179841070681723,1132,984,0.44249268088665833,1358,0.5679631953157674,0.3940000000000001,2.9648590021691974,3.0499922534075874,6.4801829268292686,2.048103814466068,8377.925094102886,506.37213188024157,7853.0,8866.4,8866.4,0.0,7853.0,0.0,27.987452948557088,20.85484500692447,32.85125403526198,19.131372448478032,0.13341698034295274,0.10246758678377248,0.10079464659138436,0.08448347971560016,0.08176495190296947,0.07109995817649518,0.06691760769552489,0.061689669594312005,0.05897114178168131,0.056879966541196154,0.04893350062735257,0.03785027185278126,0.03534086156419908,0.024884985361773318,0.016520284399832705,0.0123379339188624,0.0056461731493099125,0.9072930123805003,0.02237367107062294,0.0,0.0,0.0,0.0,0.0,0.0,0.0,0.0,0.0,0.0,0.0,0.0,0.0,0.0,0.0,0.0,0.0,0.0,0.0,0.0,0.0,0.0,0.0,0.0,0.012547051442910918,1.1041405269761608,9.893350062735259,15.345043914680053,3.525721455457968,0.11919698870765373,4.317192070198245,2.836597524887019,nan,nan,nan,4.307642487046632,2.7842159921308793,4.326810176125244,2.8883629689528805,1.0044496935704972,0.4084,0.01215,0.0,0.0,0.0,0.0,0.0,0.0,0.0,0.0,0.0,0.0,0.018820577164366376,7.271016311166865,22.18946047678796,0.5207026348808032,0.0,0.0,0.0,0.0,0.0,0.0,0.0,0.0,0.0,0.0,0.0,0.0,0.0,0.0,0.0,0.0,nan,nan,4.317192070198245,2.836597524887019,nan,0.4084,0.0664,0.0,0.0,0.0,0.0,0.0,0.0,0.0,0.0,0.0,0.0,0.0,0.0,0.0,0.0,0.0,0.0,0.0,0.00014638226683396068,0.0,0.0008260142199916353,0.00044960267670430783,0.0014638226683396068,0.0077791718946047675,0.004726056043496445,0.0004182350480970305,0.001066499372647428,0.00035549979088247594,0.0005437055625261397,0.009295273943956503,0.0028439983270598075,0.024623588456712673,0.018046842325386867,0.05425554161438729,0.03504809703053116,0.029203262233375157,0.02327478042659975,0.04925763278962777,0.02640108741112505,0.0461836051861146,0.05796737766624843,0.07527185278126307,0.06357172731074864,0.07992471769134253,0.06657256378084483,0.04146800501882058,0.06808866583019657,0.025156838143036386,0.034493935591802596,0.047250104558762024,0.016635299038059388,0.006869510664993726,0.029579673776662485,0.008824759514847345,0.002237557507319113,0.019876620660811375,0.006921790046005855,0.0033354245085738185,0.004130071099958176,0.002749895441237976,0.0007841907151819323,0.0017565872020075283,0.0002509410288582183,5.2279381012128815e-05,2.0911752404851527e-05,0.0,0.0,0.0,0.0,0.0,0.0,0.0,0.0,0.0,0.0,0.0,0.0,0.0,0.0,0.0,0.0,0.0,0.0,0.0,0.0,0.0,0.0,0.0,0.0,0.0,0.0,0.0,0.0,0.0,0.0,0.0,0.0,0.0,0.0,0.0,0.0,0.0,nan,nan,4.317192070198245,2.836597524887019,nan,0.9067171376753489,0.022653370992096807,0.0,0.0,0.0,0.0,0.0,0.0,0.0,0.0,0.0,0.0,0.0,0.0,0.0,0.0,0.0,0.0,0.0,0.0,0.0,0.0,0.0,0.0,0.0,0.0,0.024222850222042798,1.271699636657247,9.846588615260398,15.272507064997985,3.4638675817521203,0.121114251110214,0.9079118590810035,0.022052391570147652,0.0,0.0,0.0,0.0,0.0,0.0,0.0,0.0,0.0,0.0,0.0,0.0,0.0,0.0,0.0,0.0,0.0,0.0,0.0,0.0,0.0,0.0,0.0,0.0,0.0,0.9240780911062909,9.94360086767896,15.422993492407812,3.5921908893709333,0.1171366594360087,0.4084,0.01208,0.0,0.0,0.0,0.0,0.0,0.0,0.0,0.0,0.0,0.0,0.012111425111021399,7.327412192167935,22.115462252725077,0.545014129995963,0.0,0.0,0.0,0.0,0.0,0.0,0.0,0.0,0.0,0.0,0.0,0.0,0.0,0.0,0.0,0.0,0.4087,0.01223,0.0,0.0,0.0,0.0,0.0,0.0,0.0,0.0,0.0,0.0,0.02603036876355749,7.210412147505412,22.268980477223433,0.4945770065075923,0.0,0.0,0.0,0.0,0.0,0.0,0.0,0.0,0.0,0.0,0.0,0.0,0.0,0.0,0.0,0.0
68500,4402,2313,0.5254429804634257,1095,899,0.4529759200363471,1209,0.5492957746478874,0.4260000000000001,3.050263283867879,3.135042779438651,6.7086882453151615,2.123602131648383,8385.483916401636,506.0435550967854,7853.0,8866.4,8866.399999999998,1.8189894035458565e-12,7853.0,0.0,28.045888232621536,20.79249249941569,32.98540934882464,18.984579786900106,0.14152657882780553,0.09177646524307133,0.09450249886415266,0.0854157201272149,0.0858700590640618,0.0724670604270786,0.06792367105860972,0.07064970467969105,0.05997273966378919,0.04725124943207633,0.04338936846887778,0.045206724216265336,0.03702862335302135,0.023625624716038164,0.014993184915947297,0.010904134484325307,0.007496592457973648,0.9073358855833524,0.022400483303518837,0.0,0.0,0.0,0.0,0.0,0.0,0.0,0.0,0.0,0.0,0.0,0.0,0.0,0.0,0.0,0.0,0.0,0.0,0.0,0.0,0.0,0.0,0.0,0.0,0.006815084052703318,1.0222626079054977,9.90231712857792,15.456610631531126,3.5029532030895054,0.10904134484325309,4.2600771118121274,2.9514723780513465,nan,nan,nan,4.230715774843642,2.9681424503894633,4.28995756718529,2.934108708988588,1.0140027823882445,0.409,0.01245,0.0,0.0,0.0,0.0,0.0,0.0,0.0,0.0,0.0,0.0,0.013630168105406636,6.92412539754656,22.29213993639255,0.770104497955475,0.0,0.0,0.0,0.0,0.0,0.0,0.0,0.0,0.0,0.0,0.0,0.0,0.0,0.0,0.0,0.0,nan,nan,4.2600771118121274,2.9514723780513465,nan,0.409,0.0662,0.0,0.0,0.0,0.0,0.0,0.0,0.0,0.0,0.0,0.0,0.0,0.0,0.0,0.0,0.0,2.2716946842344388e-05,0.0,4.5433893684688776e-05,0.0,0.0009427532939572922,0.00046569741026806,0.0015561108587005905,0.007258064516129033,0.00408905043162199,0.00042026351658337117,0.0009427532939572922,0.00019309404815992732,0.00045433893684688776,0.009825079509313947,0.0028282598818718764,0.024602453430258974,0.017162653339391185,0.054077691958200814,0.03434802362562472,0.02872557928214448,0.023773284870513403,0.049943207632894136,0.026930940481599275,0.04563834620626988,0.056247160381644706,0.0743071331213085,0.06358473421172195,0.08253066787823717,0.06551567469332122,0.041276692412539756,0.06810540663334848,0.026317582916855976,0.03366651522035438,0.04813721035892776,0.01707178555202181,0.006769650159018628,0.030985915492957747,0.010290776919582008,0.0026124488868696045,0.01817355747387551,0.007042253521126761,0.003634711494775102,0.0041912766924125395,0.0022489777373920945,0.000874602453430259,0.0019990913221263062,3.407542026351658e-05,0.00013630168105406633,0.0,0.0,0.0,0.0,0.0,0.0,0.0,0.0,0.0,0.0,0.0,0.0,0.0,0.0,0.0,0.0,0.0,0.0,0.0,0.0,0.0,0.0,0.0,0.0,0.0,0.0,0.0,0.0,0.0,0.0,0.0,0.0,0.0,0.0,0.0,0.0,0.0,0.0,nan,nan,4.2600771118121274,2.9514723780513465,nan,0.9068017041224502,0.02204124672928281,0.0,0.0,0.0,0.0,0.0,0.0,0.0,0.0,0.0,0.0,0.0,0.0,0.0,0.0,0.0,0.0,0.0,0.0,0.0,0.0,0.0,0.0,0.0,0.0,0.012970168612191961,1.0376134889753568,9.870298313878083,15.732814526588848,3.2684824902723744,0.07782101167315177,0.9079273464349881,0.02277702536157803,0.0,0.0,0.0,0.0,0.0,0.0,0.0,0.0,0.0,0.0,0.0,0.0,0.0,0.0,0.0,0.0,0.0,0.0,0.0,0.0,0.0,0.0,0.0,0.0,0.0,1.0052656773575877,9.93776926759215,15.150789851603642,3.762565820966971,0.14360938247965535,0.409,0.01253,0.0,0.0,0.0,0.0,0.0,0.0,0.0,0.0,0.0,0.0,0.0,7.01686121919584,22.127107652399488,0.8560311284046694,0.0,0.0,0.0,0.0,0.0,0.0,0.0,0.0,0.0,0.0,0.0,0.0,0.0,0.0,0.0,0.0,0.409,0.01236,0.0,0.0,0.0,0.0,0.0,0.0,0.0,0.0,0.0,0.0,0.028721876495931074,6.821445667783619,22.474868358066065,0.6749640976543801,0.0,0.0,0.0,0.0,0.0,0.0,0.0,0.0,0.0,0.0,0.0,0.0,0.0,0.0,0.0,0.0
68600,4763,2467,0.517950871299601,1203,968,0.4558051648120932,1321,0.5546924207432291,0.3980000000000001,2.950348432055749,3.101389182475089,6.52887537993921,2.1494154742921094,8377.891412975016,506.373342993065,7853.0,8866.4,8866.4,0.0,7853.0,0.0,27.968927146756247,20.60298966469679,32.676010915405605,18.88920331956877,0.13121981944152844,0.09951711106445517,0.09174889775351669,0.09426831828679404,0.08272097417593953,0.07600251942053328,0.07012387150955281,0.06130589964308209,0.05815662397648541,0.05542725173210162,0.05101826579886626,0.04178039051018266,0.030233046399328153,0.023094688221709007,0.017006088599622087,0.01028763384421583,0.00608859962208692,0.9072484403329313,0.02229433954193408,0.0,0.0,0.0,0.0,0.0,0.0,0.0,0.0,0.0,0.0,0.0,0.0,0.0,0.0,0.0,0.0,0.0,0.0,0.0,0.0,0.0,0.0,0.0,0.0,0.012597102666386735,0.9825740079781652,10.47449086710057,14.820491287003993,3.5901742599202193,0.11967247533067397,4.203548387096774,2.930515806614934,nan,nan,nan,4.246778350515464,2.937765549716027,4.161603102779574,2.9230155975940924,0.9799435617529811,0.4104,0.01223,0.0,0.0,0.0,0.0,0.0,0.0,0.0,0.0,0.0,0.0,0.02519420533277347,5.983623766533689,23.241654419483524,0.7495276086500107,0.0,0.0,0.0,0.0,0.0,0.0,0.0,0.0,0.0,0.0,0.0,0.0,0.0,0.0,0.0,0.0,nan,nan,4.203548387096774,2.930515806614934,nan,0.4104,0.0655,0.0,0.0,0.0,0.0,0.0,0.0,0.0,0.0,0.0,0.0,0.0,0.0,0.0,0.0,0.0,0.0,0.0,0.0,0.0,0.0007873189166491707,0.0005563720344320806,0.0022674784799496116,0.00576317446987193,0.0032122611799286164,0.00035691790888095736,0.0008922947722023935,0.0002939323955490237,0.0002519420533277346,0.009668276296451816,0.0027608650010497587,0.024438379172790257,0.015977325215200504,0.05518580726432921,0.032154104555952134,0.026117992861641823,0.024070963678353978,0.050608859962208694,0.025813562880537478,0.04134998950241445,0.05678144026873819,0.07352508922947722,0.06679613688851564,0.0826999790048289,0.06876968297291623,0.04381692210791518,0.0685177409195885,0.02734621037161453,0.0335082930925887,0.04927566659668276,0.0170585765273987,0.006141087549863531,0.032028133529288266,0.010844005878647912,0.002802855343271048,0.01853873609069914,0.006571488557631745,0.0030338022254881377,0.003779130799916019,0.002204492966617678,0.0011757295821960949,0.0020260340121771993,0.0001364686122191896,6.298551333193365e-05,0.0,3.1492756665966825e-05,0.0,0.0,0.0,0.0,0.0,0.0,0.0,0.0,0.0,0.0,0.0,0.0,0.0,0.0,0.0,0.0,0.0,0.0,0.0,0.0,0.0,0.0,0.0,0.0,0.0,0.0,0.0,0.0,0.0,0.0,0.0,0.0,0.0,0.0,0.0,0.0,nan,nan,4.203548387096774,2.930515806614934,nan,0.9070510690783411,0.022372749266379156,0.0,0.0,0.0,0.0,0.0,0.0,0.0,0.0,0.0,0.0,0.0,0.0,0.0,0.0,0.0,0.0,0.0,0.0,0.0,0.0,0.0,0.0,0.0,0.0,0.0,1.0701256586947712,10.458046209971629,14.750709363599517,3.5751925415484402,0.1459262261856506,0.9074605112759079,0.022207826686141904,0.0,0.0,0.0,0.0,0.0,0.0,0.0,0.0,0.0,0.0,0.0,0.0,0.0,0.0,0.0,0.0,0.0,0.0,0.0,0.0,0.0,0.0,0.0,0.0,0.026132404181184676,0.888501742160279,10.492160278745645,14.895470383275265,3.606271777003485,0.09146341463414637,0.4102,0.01232,0.0,0.0,0.0,0.0,0.0,0.0,0.0,0.0,0.0,0.0,0.024321037697608437,6.092419943250903,23.17794892582084,0.7053100932306446,0.0,0.0,0.0,0.0,0.0,0.0,0.0,0.0,0.0,0.0,0.0,0.0,0.0,0.0,0.0,0.0,0.4104,0.012115,0.0,0.0,0.0,0.0,0.0,0.0,0.0,0.0,0.0,0.0,0.026132404181184676,5.866724738675949,23.31010452961673,0.7970383275261326,0.0,0.0,0.0,0.0,0.0,0.0,0.0,0.0,0.0,0.0,0.0,0.0,0.0,0.0,0.0,0.0
68700,4894,2544,0.5198201879852881,1224,975,0.44932570494483043,1376,0.5623212096444626,0.4180000000000001,3.020425531914894,3.114073720718815,6.561046511627907,2.211043912698972,8379.78577850429,506.3017395801405,7853.0,8866.4,8866.399999999998,1.8189894035458565e-12,7853.0,0.0,28.41744993870045,20.961551145740124,33.19671735457398,19.22546004936131,0.1348590110339191,0.09685328974254188,0.09480997139354311,0.08214139762975071,0.08459337964854924,0.07642010625255415,0.06395586432366163,0.06089088680016347,0.061503882304863096,0.05659991826726604,0.04638332652227217,0.042092357989374746,0.033919084593379646,0.02921945239068247,0.017776869636289334,0.012259910093992644,0.005721291377196567,0.9080710030961241,0.0228173487543317,0.0,0.0,0.0,0.0,0.0,0.0,0.0,0.0,0.0,0.0,0.0,0.0,0.0,0.0,0.0,0.0,0.0,0.0,0.0,0.0,0.0,0.0,0.0,0.0,0.01838986514098897,1.0666121781773603,9.948917041275033,15.079689415610956,3.696362893338783,0.19002860645688602,4.302347417840376,2.9484847913372136,nan,nan,nan,4.237041719342605,2.9455777300680155,4.3663980161190326,2.9499292049123524,1.0305298614799805,0.41,0.01226,0.0,0.0,0.0,0.0,0.0,0.0,0.0,0.0,0.0,0.0,0.030649775234981615,6.087045361667339,23.146710257458118,0.7355946056395588,0.0,0.0,0.0,0.0,0.0,0.0,0.0,0.0,0.0,0.0,0.0,0.0,0.0,0.0,0.0,0.0,nan,nan,4.302347417840376,2.9484847913372136,nan,0.41,0.0656,0.0,0.0,0.0,0.0,0.0,0.0,0.0,0.0,0.0,0.0,0.0,0.0,0.0,0.0,0.0,0.0,0.0,0.0,0.0,0.0011544748671843074,0.0002962811606048222,0.0024621986105435225,0.0049959133633020025,0.0032488761749080507,0.0004801798120147119,0.0013077237433592153,0.0006538618716796077,5.108295872496935e-05,0.010819370657948508,0.002503064977523498,0.02502043318348999,0.016939109113199836,0.05488353085410707,0.0315079689415611,0.02661422149570903,0.025337147527584796,0.04921332243563547,0.026460972619534125,0.04229668982427462,0.05756027789129546,0.07159787494891705,0.06439517776869637,0.08197793216183082,0.066683694319575,0.045392317123007765,0.07273191663261136,0.023825091949325704,0.032897425418880265,0.05084797711483449,0.01798120147118921,0.0071822639967306905,0.029893747445852065,0.010615038823048631,0.0021659174499387003,0.019207192480588477,0.007202697180220679,0.0035145075602778914,0.002911728647323253,0.0018594196975888844,0.001021659174499387,0.0020739681242337555,3.064977523498161e-05,4.086636697997548e-05,0.0,0.0001430322844299142,0.0,0.0,0.0,0.0,0.0,0.0,0.0,0.0,0.0,0.0,0.0,0.0,0.0,0.0,0.0,0.0,0.0,0.0,0.0,0.0,0.0,0.0,0.0,0.0,0.0,0.0,0.0,0.0,0.0,0.0,0.0,0.0,0.0,0.0,0.0,0.0,nan,nan,4.302347417840376,2.9484847913372136,nan,0.9080059477040228,0.023061437837999407,0.0,0.0,0.0,0.0,0.0,0.0,0.0,0.0,0.0,0.0,0.0,0.0,0.0,0.0,0.0,0.0,0.0,0.0,0.0,0.0,0.0,0.0,0.0,0.0,0.011792452830188682,1.0259433962264153,9.964622641509436,15.03537735849057,3.702830188679246,0.259433962264151,0.9081414290184671,0.022549919711163272,0.0,0.0,0.0,0.0,0.0,0.0,0.0,0.0,0.0,0.0,0.0,0.0,0.0,0.0,0.0,0.0,0.0,0.0,0.0,0.0,0.0,0.0,0.0,0.0,0.025531914893617027,1.1106382978723406,9.931914893617023,15.127659574468089,3.6893617021276603,0.11489361702127662,0.41,0.01216,0.0,0.0,0.0,0.0,0.0,0.0,0.0,0.0,0.0,0.0,0.023584905660377364,6.025943396226406,23.19575471698114,0.7547169811320756,0.0,0.0,0.0,0.0,0.0,0.0,0.0,0.0,0.0,0.0,0.0,0.0,0.0,0.0,0.0,0.0,0.4097,0.012375,0.0,0.0,0.0,0.0,0.0,0.0,0.0,0.0,0.0,0.0,0.03829787234042554,6.153191489361694,23.093617021276604,0.7148936170212767,0.0,0.0,0.0,0.0,0.0,0.0,0.0,0.0,0.0,0.0,0.0,0.0,0.0,0.0,0.0,0.0
68800,4920,2537,0.515650406504065,1193,1005,0.4467479674796748,1391,0.5654471544715447,0.38200000000000006,2.936634494334872,3.036595359254751,6.394849785407725,2.099465651489599,8375.56012195122,506.45172181728464,7853.0,8866.4,8866.4,0.0,7853.0,0.0,28.828861788617886,21.147247517496538,33.52448053498925,19.415351480671767,0.1306910569105691,0.09634146341463415,0.09471544715447154,0.08211382113821138,0.08191056910569106,0.07195121951219512,0.06910569105691057,0.06402439024390244,0.061585365853658536,0.053252032520325204,0.04939024390243903,0.04105691056910569,0.03577235772357724,0.026626016260162602,0.020528455284552844,0.01443089430894309,0.0065040650406504065,0.9085328442657866,0.02276799398360462,0.0,0.0,0.0,0.0,0.0,0.0,0.0,0.0,0.0,0.0,0.0,0.0,0.0,0.0,0.0,0.0,0.0,0.0,0.0,0.0,0.0,0.0,0.0,0.0,0.012195121951219514,0.9329268292682928,9.76219512195122,15.134146341463417,4.01829268292683,0.1402439024390244,4.154395775085431,2.8262441857541845,nan,nan,nan,4.0663744520976834,2.855194905992766,4.241060419235512,2.7947397938737915,1.0429586525283512,0.4104,0.01236,0.0,0.0,0.0,0.0,0.0,0.0,0.0,0.0,0.0,0.0,0.006097560975609757,6.213414634146333,22.981707317073177,0.7987804878048782,0.0,0.0,0.0,0.0,0.0,0.0,0.0,0.0,0.0,0.0,0.0,0.0,0.0,0.0,0.0,0.0,nan,nan,4.154395775085431,2.8262441857541845,nan,0.4104,0.06525,0.0,0.0,0.0,0.0,0.0,0.0,0.0,0.0,0.0,0.0,0.0,0.0,0.0,0.0,0.0,0.0,0.0,1.016260162601626e-05,0.0,0.0009451219512195122,0.0001016260162601626,0.0023983739837398375,0.004024390243902439,0.0028252032520325204,0.00047764227642276425,0.0015548780487804879,0.00026422764227642276,4.065040650406504e-05,0.0091869918699187,0.0028048780487804877,0.026778455284552846,0.018058943089430894,0.05282520325203252,0.03186991869918699,0.02698170731707317,0.025182926829268294,0.04960365853658537,0.028201219512195123,0.04189024390243903,0.05865853658536585,0.07125,0.06598577235772357,0.0786890243902439,0.06605691056910569,0.047825203252032523,0.07082317073170731,0.02563008130081301,0.03267276422764227,0.049552845528455285,0.01736788617886179,0.007550813008130082,0.03143292682926829,0.010172764227642276,0.0023272357723577238,0.01823170731707317,0.007357723577235772,0.0040955284552845524,0.003048780487804878,0.0018089430894308943,0.000823170731707317,0.0021239837398373982,0.0,0.00013211382113821138,0.0,0.00035569105691056913,0.0,0.0,0.0,0.0,0.0,0.0,0.0,0.0,0.0,0.0,0.0,0.0,0.0,0.0,0.0,0.0,0.0,0.0,0.0,0.0,0.0,0.0,0.0,0.0,0.0,0.0,0.0,0.0,0.0,0.0,0.0,0.0,0.0,0.0,0.0,0.0,nan,nan,4.154395775085431,2.8262441857541845,nan,0.9087376122546093,0.02281767841414042,0.0,0.0,0.0,0.0,0.0,0.0,0.0,0.0,0.0,0.0,0.0,0.0,0.0,0.0,0.0,0.0,0.0,0.0,0.0,0.0,0.0,0.0,0.0,0.0,0.011824990145841548,0.886874260938116,9.720141899881753,15.195112337406389,4.055971620023651,0.13007489160425703,0.9083148432638382,0.022712950492232035,0.0,0.0,0.0,0.0,0.0,0.0,0.0,0.0,0.0,0.0,0.0,0.0,0.0,0.0,0.0,0.0,0.0,0.0,0.0,0.0,0.0,0.0,0.0,0.0,0.012589173310952584,0.9819555182543015,9.806966009232061,15.069240453210242,3.978178766261016,0.151070079731431,0.4104,0.0125,0.0,0.0,0.0,0.0,0.0,0.0,0.0,0.0,0.0,0.0,0.0,6.302719747733534,22.905005912495078,0.7922743397713837,0.0,0.0,0.0,0.0,0.0,0.0,0.0,0.0,0.0,0.0,0.0,0.0,0.0,0.0,0.0,0.0,0.4102,0.01221,0.0,0.0,0.0,0.0,0.0,0.0,0.0,0.0,0.0,0.0,0.012589173310952584,6.118338229122945,23.063365505665136,0.8057070919009653,0.0,0.0,0.0,0.0,0.0,0.0,0.0,0.0,0.0,0.0,0.0,0.0,0.0,0.0,0.0,0.0
68900,4806,2474,0.5147732001664586,1170,964,0.4440282979608822,1358,0.5651269246774865,0.4060000000000001,2.9939965694682678,3.09275670910885,6.4238505747126435,2.1695264329316952,8374.671161048687,506.4787797498075,7853.0,8866.4,8866.4,0.0,7853.0,0.0,28.446109030378693,20.997550251653582,33.21370670596905,19.269654796158303,0.1346233874323762,0.09800249687890138,0.09217644610903038,0.08572617561381607,0.08260507698709946,0.07324178110694965,0.07074490220557636,0.0628381190178943,0.05659592176446109,0.05326674989596338,0.04868913857677903,0.042863087806908035,0.03454015813566375,0.025801081980857263,0.020599250936329586,0.011860174781523096,0.005826050769870994,0.9073834128792565,0.02303297293216927,0.0,0.0,0.0,0.0,0.0,0.0,0.0,0.0,0.0,0.0,0.0,0.0,0.0,0.0,0.0,0.0,0.0,0.0,0.0,0.0,0.0,0.0,0.0,0.0,0.02496878901373284,1.1298377028714108,10.449438202247194,14.29463171036205,3.9388264669163555,0.16229712858926346,4.3102457708266835,2.956242272278898,nan,nan,nan,4.2691342534504395,2.9959761183418805,4.352826510721248,2.913905984449526,1.0196040349874604,0.41,0.01232,0.0,0.0,0.0,0.0,0.0,0.0,0.0,0.0,0.0,0.0,0.0,6.348314606741564,22.92759051186018,0.7240948813982524,0.0,0.0,0.0,0.0,0.0,0.0,0.0,0.0,0.0,0.0,0.0,0.0,0.0,0.0,0.0,0.0,nan,nan,4.3102457708266835,2.956242272278898,nan,0.41,0.0655,0.0,0.0,0.0,0.0,0.0,0.0,0.0,0.0,0.0,0.0,0.0,0.0,0.0,0.0,0.0,0.0,0.0,0.0,0.0,0.0006554307116104869,5.201831044527674e-05,0.002309612983770287,0.0046816479400749065,0.0031315022888056595,0.0007594673325010404,0.002059925093632959,0.0002184769038701623,2.0807324178110695e-05,0.008354140657511444,0.002330420307948398,0.025905118601747816,0.018789013732833957,0.053193924261339995,0.033010819808572615,0.026310861423220974,0.02544735746982938,0.051612567623803576,0.028672492717436538,0.042613399916770704,0.05717852684144819,0.07053682896379526,0.06718684977111944,0.08212650853100291,0.06315022888056596,0.045848938826466915,0.07327299209321682,0.02618601747815231,0.03244902205576363,0.04778401997503121,0.015033291718684977,0.007573866000832293,0.03065959217644611,0.010049937578027466,0.0024344569288389513,0.017030794839783602,0.007095297544735747,0.0037869330004161464,0.00402621722846442,0.00194548481065335,0.0008114856429463171,0.002725759467332501,3.121098626716604e-05,0.00020807324178110696,0.0,0.0007386600083229296,0.0,0.0,0.0,0.0,0.0,0.0,0.0,0.0,0.0,0.0,0.0,0.0,0.0,0.0,0.0,0.0,0.0,0.0,0.0,0.0,0.0,0.0,0.0,0.0,0.0,0.0,0.0,0.0,0.0,0.0,0.0,0.0,0.0,0.0,0.0,0.0,nan,nan,4.3102457708266835,2.956242272278898,nan,0.9078616991868015,0.022859431864464128,0.0,0.0,0.0,0.0,0.0,0.0,0.0,0.0,0.0,0.0,0.0,0.0,0.0,0.0,0.0,0.0,0.0,0.0,0.0,0.0,0.0,0.0,0.0,0.0,0.012126111560226357,0.9700889248181085,10.501212611156026,14.248181083265969,4.074373484236055,0.1940177849636217,0.9068760027914063,0.023204888780875822,0.0,0.0,0.0,0.0,0.0,0.0,0.0,0.0,0.0,0.0,0.0,0.0,0.0,0.0,0.0,0.0,0.0,0.0,0.0,0.0,0.0,0.0,0.0,0.0,0.03859348198970841,1.2993138936535165,10.394511149228132,14.34391080617496,3.795025728987994,0.1286449399656947,0.4097,0.012375,0.0,0.0,0.0,0.0,0.0,0.0,0.0,0.0,0.0,0.0,0.0,6.62085691188358,22.70008084074374,0.6790622473726761,0.0,0.0,0.0,0.0,0.0,0.0,0.0,0.0,0.0,0.0,0.0,0.0,0.0,0.0,0.0,0.0,0.4102,0.01226,0.0,0.0,0.0,0.0,0.0,0.0,0.0,0.0,0.0,0.0,0.0,6.059176672384211,23.16895368782162,0.7718696397941683,0.0,0.0,0.0,0.0,0.0,0.0,0.0,0.0,0.0,0.0,0.0,0.0,0.0,0.0,0.0,0.0
69000,4661,2393,0.5134091396695988,1101,975,0.4453979832653937,1318,0.5655438747049989,0.4180000000000001,2.9739858906525574,3.041849865291766,6.462157809983897,2.1885225085859075,8373.288822141172,506.5177528111087,7853.0,8866.4,8866.399999999998,1.8189894035458565e-12,7853.0,0.0,28.158335121218624,21.00031746820515,33.14924610273447,19.222285337192947,0.13966959879854107,0.09954945290710147,0.1004076378459558,0.0748766359150397,0.07766573696631623,0.07187298862904956,0.07830937567045698,0.05728384466852607,0.06715297146535078,0.04870199527998283,0.046556532932847026,0.03926196095258528,0.03389830508474576,0.02960738039047415,0.01694915254237288,0.011156404205106201,0.007080025745548166,0.9064434305124338,0.02316772021352701,0.0,0.0,0.0,0.0,0.0,0.0,0.0,0.0,0.0,0.0,0.0,0.0,0.0,0.0,0.0,0.0,0.0,0.0,0.0,0.0,0.0,0.0,0.0,0.0,0.019309161124222273,1.3130229564471145,10.259600944003434,14.777944647071447,3.456339841235787,0.17378245011800048,4.266311584553928,2.762753427672497,nan,nan,nan,4.268766756032171,2.798317252252998,4.263888888888889,2.727203290295045,0.998857312328815,0.41,0.01242,0.0,0.0,0.0,0.0,0.0,0.0,0.0,0.0,0.0,0.0,0.006436387041407425,6.384895945076154,22.855610384037767,0.7530572838446687,0.0,0.0,0.0,0.0,0.0,0.0,0.0,0.0,0.0,0.0,0.0,0.0,0.0,0.0,0.0,0.0,nan,nan,4.266311584553928,2.762753427672497,nan,0.41,0.06537,0.0,0.0,0.0,0.0,0.0,0.0,0.0,0.0,0.0,0.0,0.0,0.0,0.0,0.0,0.0,0.0,0.0,0.0,7.509118214975328e-05,0.0009440034327397554,6.436387041407424e-05,0.0023814632053207464,0.003915468783522849,0.003304012014589144,0.001062003861832225,0.0017592791246513625,0.00012872774082814848,0.0,0.007852392190517057,0.001963098047629264,0.027740828148465995,0.018279339197597083,0.053057283844668526,0.03270757348208539,0.025960094400343275,0.027365372237717227,0.05190946148895087,0.028169920617893154,0.039122505900021455,0.057734391761424586,0.07004934563398413,0.06744260888221412,0.08423085174855181,0.06454623471358077,0.0452907101480369,0.07159407852392191,0.025767002789101053,0.03277193735249946,0.048358721304441105,0.015983694486161767,0.007122934992490882,0.03078738468139884,0.009997854537652864,0.0025852821282986486,0.01707788028320103,0.006425659729671744,0.0036794679253379105,0.004333833941214332,0.00212400772366445,0.0013516412786955588,0.0023170993349066723,1.0727311735679038e-05,0.00015018236429950656,0.0,0.0005041836515769148,0.0,0.0,0.0,0.0,0.0,0.0,0.0,0.0,0.0,0.0,0.0,0.0,0.0,0.0,0.0,0.0,0.0,0.0,0.0,0.0,0.0,0.0,0.0,0.0,0.0,0.0,0.0,0.0,0.0,0.0,0.0,0.0,0.0,0.0,0.0,0.0,nan,nan,4.266311584553928,2.762753427672497,nan,0.9066043223390209,0.02299042653733207,0.0,0.0,0.0,0.0,0.0,0.0,0.0,0.0,0.0,0.0,0.0,0.0,0.0,0.0,0.0,0.0,0.0,0.0,0.0,0.0,0.0,0.0,0.0,0.0,0.037609694943585466,1.1909736732135396,10.380275804429589,14.717927287923112,3.535311324697034,0.1379022147931467,0.9062736711909952,0.02335212430517935,0.0,0.0,0.0,0.0,0.0,0.0,0.0,0.0,0.0,0.0,0.0,0.0,0.0,0.0,0.0,0.0,0.0,0.0,0.0,0.0,0.0,0.0,0.0,0.0,0.0,1.4417989417989423,10.132275132275135,14.841269841269844,3.373015873015874,0.21164021164021168,0.4102,0.01247,0.0,0.0,0.0,0.0,0.0,0.0,0.0,0.0,0.0,0.0,0.0,6.193063100710396,23.017133305474307,0.7898035938152947,0.0,0.0,0.0,0.0,0.0,0.0,0.0,0.0,0.0,0.0,0.0,0.0,0.0,0.0,0.0,0.0,0.4097,0.01237,0.0,0.0,0.0,0.0,0.0,0.0,0.0,0.0,0.0,0.0,0.01322751322751323,6.587301587301578,22.68518518518519,0.7142857142857145,0.0,0.0,0.0,0.0,0.0,0.0,0.0,0.0,0.0,0.0,0.0,0.0,0.0,0.0,0.0,0.0
69100,4778,2471,0.5171619924654667,1132,994,0.4449560485558811,1377,0.5763917957304311,0.4060000000000001,3.0996965756393586,3.0950181446677645,6.5506607929515415,2.0694626777998244,8377.091963164503,506.401431294664,7853.0,8866.4,8866.4,0.0,7853.0,0.0,28.10652992884052,20.96660012238435,33.13854218671992,19.156619304481346,0.1398074508162411,0.09941398074508162,0.09062369192130598,0.0895772289660946,0.07429886982000837,0.07618250313938886,0.06927584763499373,0.06446211804102135,0.0594390958560067,0.054625366262034326,0.04332356634575136,0.041021347844286314,0.037672666387609875,0.026370866471326915,0.015278359146086228,0.011511092507325241,0.007115948095437421,0.9066266379330437,0.02275227353091238,0.0,0.0,0.0,0.0,0.0,0.0,0.0,0.0,0.0,0.0,0.0,0.0,0.0,0.0,0.0,0.0,0.0,0.0,0.0,0.0,0.0,0.0,0.0,0.0,0.01883633319380494,1.1490163248221015,10.510673922143159,14.780242779405611,3.3591460862285483,0.18208455420678113,4.335490132643158,2.7936180407323676,nan,nan,nan,4.337881741390514,2.7657401739609515,4.333118556701031,2.8209883598041476,0.9989019560759266,0.4097,0.01208,0.0,0.0,0.0,0.0,0.0,0.0,0.0,0.0,0.0,0.0,0.0,6.266220175805767,23.036835496023446,0.6969443281707829,0.0,0.0,0.0,0.0,0.0,0.0,0.0,0.0,0.0,0.0,0.0,0.0,0.0,0.0,0.0,0.0,nan,nan,4.335490132643158,2.7936180407323676,nan,0.4097,0.06555,0.0,0.0,0.0,0.0,0.0,0.0,0.0,0.0,0.0,0.0,0.0,0.0,0.0,0.0,0.0,0.0,0.0,0.0,0.00016743407283382168,0.0011825031393888656,0.0,0.0026266220175805775,0.004164922561741315,0.0034114692339891166,0.001015069066555044,0.001370866471326915,5.2323147760569277e-05,0.00016743407283382168,0.007074089577228966,0.002260359983256593,0.030305567182921725,0.019663038928421934,0.052396400167434076,0.03132063624947677,0.023137295939723735,0.028547509418166597,0.0534742570113018,0.028107994976977815,0.03837379656760151,0.05559857681038091,0.06922352448723315,0.07042695688572624,0.08228338216827125,0.06320636249476769,0.04657806613645877,0.07216408539137714,0.02665341146923399,0.034020510673922144,0.04945583926329008,0.017413143574717457,0.0060590205106739225,0.02844286312264546,0.009575136040184177,0.0021975722059439096,0.016963164503976558,0.005766010883214734,0.0040498116366680615,0.004102134784428631,0.0022185014650481375,0.001308078694014232,0.0027835914608622856,5.2323147760569277e-05,6.278777731268313e-05,1.0464629552113855e-05,0.0005232314776056927,0.0,4.185851820845542e-05,0.0,0.0,0.0,0.0,0.0,0.0,0.0,0.0,0.0,0.0,0.0,0.0,0.0,0.0,0.0,0.0,0.0,0.0,0.0,0.0,0.0,0.0,0.0,0.0,0.0,0.0,0.0,0.0,0.0,0.0,0.0,0.0,0.0,0.0,nan,nan,4.335490132643158,2.7936180407323676,nan,0.906763997409856,0.022408495507023153,0.0,0.0,0.0,0.0,0.0,0.0,0.0,0.0,0.0,0.0,0.0,0.0,0.0,0.0,0.0,0.0,0.0,0.0,0.0,0.0,0.0,0.0,0.0,0.0,0.012140833670578716,1.0562525293403482,10.489680291380012,14.92108458114124,3.363010926750304,0.15783083771752332,0.9064795138466962,0.0231139143671258,0.0,0.0,0.0,0.0,0.0,0.0,0.0,0.0,0.0,0.0,0.0,0.0,0.0,0.0,0.0,0.0,0.0,0.0,0.0,0.0,0.0,0.0,0.0,0.0,0.026007802340702216,1.2483745123537062,10.533159947984396,14.629388816644997,3.355006501950586,0.20806241872561773,0.4097,0.01225,0.0,0.0,0.0,0.0,0.0,0.0,0.0,0.0,0.0,0.0,0.0,6.483205180089024,22.849048968029145,0.6677458518818294,0.0,0.0,0.0,0.0,0.0,0.0,0.0,0.0,0.0,0.0,0.0,0.0,0.0,0.0,0.0,0.0,0.4097,0.011894,0.0,0.0,0.0,0.0,0.0,0.0,0.0,0.0,0.0,0.0,0.0,6.0338101430429045,23.23797139141743,0.7282184655396621,0.0,0.0,0.0,0.0,0.0,0.0,0.0,0.0,0.0,0.0,0.0,0.0,0.0,0.0,0.0,0.0
69200,4745,2467,0.5199157007376185,1147,976,0.44741833508956796,1329,0.5601685985247629,0.4060000000000001,2.9543459174714664,3.101392531510874,6.593851132686084,2.2277510661629094,8379.882571127502,506.29789039920274,7853.0,8866.4,8866.4,0.0,7853.0,0.0,28.30200210748156,21.117835045362884,33.27737409170634,19.33466064351972,0.13782929399367755,0.09905163329820864,0.09062170706006323,0.08767123287671233,0.07608008429926238,0.07481559536354057,0.07207586933614331,0.06385669125395153,0.06153846153846154,0.05079030558482613,0.04299262381454162,0.040042149631190724,0.03519494204425711,0.0273972602739726,0.022128556375131718,0.010748155953635406,0.007165437302423604,0.9071595683364144,0.022769623348582964,0.0,0.0,0.0,0.0,0.0,0.0,0.0,0.0,0.0,0.0,0.0,0.0,0.0,0.0,0.0,0.0,0.0,0.0,0.0,0.0,0.0,0.0,0.0,0.0,0.01896733403582719,1.087460484720759,10.311907270811382,14.902002107481563,3.5405690200210755,0.1390937829293994,4.280078252363873,2.8874334374372554,nan,nan,nan,4.323471400394477,2.864098210749615,4.240129449838188,2.9085202338784377,0.9807233718375735,0.4102,0.01201,0.0,0.0,0.0,0.0,0.0,0.0,0.0,0.0,0.0,0.0,0.012644889357218128,6.050579557428864,23.266596417281356,0.6701791359325607,0.0,0.0,0.0,0.0,0.0,0.0,0.0,0.0,0.0,0.0,0.0,0.0,0.0,0.0,0.0,0.0,nan,nan,4.280078252363873,2.8874334374372554,nan,0.4102,0.06537,0.0,0.0,0.0,0.0,0.0,0.0,0.0,0.0,0.0,0.0,0.0,0.0,0.0,0.0,0.0,0.0,0.0,1.053740779768177e-05,0.0001685985247629083,0.0009483667017913594,0.0,0.002802950474183351,0.0036775553213909376,0.003340358271865121,0.0008429926238145417,0.0011275026343519495,9.483667017913593e-05,0.00045310853530031614,0.006880927291886196,0.001928345626975764,0.03029504741833509,0.0198840885142255,0.05349841938883035,0.030326659641728135,0.023371970495258167,0.029747102212855637,0.050916754478398316,0.028408851422550053,0.036649104320337196,0.05590094836670179,0.06808219178082192,0.07060063224446786,0.08642781875658588,0.06476290832455216,0.04328767123287671,0.07209694415173867,0.02864067439409905,0.033435194942044257,0.04854583772391992,0.01683877766069547,0.006153846153846154,0.029726027397260275,0.009831401475237091,0.002107481559536354,0.01708113804004215,0.006301369863013699,0.004099051633298208,0.0038672286617492096,0.0022128556375131717,0.001285563751317176,0.0026027397260273972,0.0001685985247629083,1.053740779768177e-05,0.0,0.0005163329820864068,0.0,0.0,0.0,4.214963119072708e-05,0.0,0.0,0.0,0.0,0.0,0.0,0.0,0.0,0.0,0.0,0.0,0.0,0.0,0.0,0.0,0.0,0.0,0.0,0.0,0.0,0.0,0.0,0.0,0.0,0.0,0.0,0.0,0.0,0.0,0.0,0.0,0.0,nan,nan,4.280078252363873,2.8874334374372554,nan,0.9071133719265678,0.022921905173968776,0.0,0.0,0.0,0.0,0.0,0.0,0.0,0.0,0.0,0.0,0.0,0.0,0.0,0.0,0.0,0.0,0.0,0.0,0.0,0.0,0.0,0.0,0.0,0.0,0.012160518848804218,1.1552492906364007,10.458046209971629,14.507498986623432,3.7211187677340907,0.1459262261856506,0.9072095975476048,0.022603443474093373,0.0,0.0,0.0,0.0,0.0,0.0,0.0,0.0,0.0,0.0,0.0,0.0,0.0,0.0,0.0,0.0,0.0,0.0,0.0,0.0,0.0,0.0,0.0,0.0,0.026338893766461816,1.0140474100087797,10.153643546971029,15.329236172080776,3.3450395083406503,0.13169446883230906,0.41,0.01192,0.0,0.0,0.0,0.0,0.0,0.0,0.0,0.0,0.0,0.0,0.012160518848804218,6.286988244831771,23.092825293879212,0.6080259424402109,0.0,0.0,0.0,0.0,0.0,0.0,0.0,0.0,0.0,0.0,0.0,0.0,0.0,0.0,0.0,0.0,0.4102,0.01209,0.0,0.0,0.0,0.0,0.0,0.0,0.0,0.0,0.0,0.0,0.013169446883230908,5.7945566286215895,23.454784899034248,0.7374890254609309,0.0,0.0,0.0,0.0,0.0,0.0,0.0,0.0,0.0,0.0,0.0,0.0,0.0,0.0,0.0,0.0
69300,4881,2526,0.5175169022741242,1179,1010,0.4484736734275763,1383,0.5666871542716656,0.4140000000000001,2.9256900212314223,3.0546331628428787,6.465151515151515,2.0897290258034853,8377.451628764597,506.38895098155893,7853.0,8866.4,8866.4,0.0,7853.0,0.0,28.156935054292152,21.085225194953544,33.200928868247374,19.30347152265075,0.140340094242983,0.10059414054497029,0.0874820733456259,0.08686744519565663,0.08154066789592297,0.0762138905961893,0.06617496414669125,0.06371645154681417,0.0631018233968449,0.05060438434746978,0.04486785494775661,0.041589838147920506,0.03380454824830977,0.025609506248719525,0.01618520794919074,0.012087686949395616,0.00921942224953903,0.9066338700438298,0.0226940892122565,0.0,0.0,0.0,0.0,0.0,0.0,0.0,0.0,0.0,0.0,0.0,0.0,0.0,0.0,0.0,0.0,0.0,0.0,0.0,0.0,0.0,0.0,0.0,0.0,0.012292562999385375,1.1493546404425325,10.24585125998771,14.953902888752308,3.52181929932391,0.11677934849416105,4.268161718256475,2.821009679171826,nan,nan,nan,4.257594936708861,2.7662247339942763,4.278688524590164,2.8745107234449425,1.0049543435190218,0.4102,0.012344,0.0,0.0,0.0,0.0,0.0,0.0,0.0,0.0,0.0,0.0,0.012292562999385375,6.035648432698209,23.196066379840204,0.7559926244622005,0.0,0.0,0.0,0.0,0.0,0.0,0.0,0.0,0.0,0.0,0.0,0.0,0.0,0.0,0.0,0.0,nan,nan,4.268161718256475,2.821009679171826,nan,0.4102,0.06555,0.0,0.0,0.0,0.0,0.0,0.0,0.0,0.0,0.0,0.0,0.0,0.0,0.0,0.0,0.0,0.0,0.0,0.0,0.00026633886498668305,0.001290719114935464,0.0,0.0026838762548658064,0.003616062282319197,0.0026736324523663185,0.0008195041999590248,0.0010653554599467322,7.170661749641467e-05,0.0004097520999795124,0.006832616267158369,0.0028272894898586356,0.030188485965990577,0.0198320016390084,0.05423069043228847,0.030936283548453184,0.024431468961278426,0.029112886703544356,0.050133169432493345,0.028600696578569965,0.036590862528170454,0.054978488014751074,0.06654374103667281,0.07097930751895104,0.08749231714812539,0.06374718295431264,0.04355664822782217,0.07174759270641262,0.02942020077852899,0.03289284982585536,0.049641466912517924,0.016502765826674863,0.006637984019668101,0.027248514648637576,0.010407703339479615,0.0019053472649047326,0.01800860479409957,0.00668920303216554,0.004404835074779758,0.004005326777299733,0.001987297684900635,0.0012702315099364884,0.002591682032370416,8.195041999590248e-05,0.0,0.0,0.000594140544970293,0.0,0.0,0.0,5.121901249743905e-05,0.0,0.0,0.0,0.0,0.0,0.0,0.0,0.0,0.0,0.0,0.0,0.0,0.0,0.0,0.0,0.0,0.0,0.0,0.0,0.0,0.0,0.0,0.0,0.0,0.0,0.0,0.0,0.0,0.0,0.0,0.0,0.0,nan,nan,4.268161718256475,2.821009679171826,nan,0.9058994425730581,0.022531106203422063,0.0,0.0,0.0,0.0,0.0,0.0,0.0,0.0,0.0,0.0,0.0,0.0,0.0,0.0,0.0,0.0,0.0,0.0,0.0,0.0,0.0,0.0,0.0,0.0,0.011876484560570074,1.2351543942992878,10.486935866983377,14.940617577197152,3.21852731591449,0.10688836104513066,0.9074216253691672,0.022841381977262515,0.0,0.0,0.0,0.0,0.0,0.0,0.0,0.0,0.0,0.0,0.0,0.0,0.0,0.0,0.0,0.0,0.0,0.0,0.0,0.0,0.0,0.0,0.0,0.0,0.012738853503184716,1.0573248407643314,9.987261146496817,14.968152866242042,3.8471337579617844,0.12738853503184716,0.4102,0.012375,0.0,0.0,0.0,0.0,0.0,0.0,0.0,0.0,0.0,0.0,0.011876484560570074,6.235154394299279,22.945368171021382,0.807600950118765,0.0,0.0,0.0,0.0,0.0,0.0,0.0,0.0,0.0,0.0,0.0,0.0,0.0,0.0,0.0,0.0,0.4102,0.01231,0.0,0.0,0.0,0.0,0.0,0.0,0.0,0.0,0.0,0.0,0.012738853503184716,5.821656050955405,23.46496815286625,0.7006369426751594,0.0,0.0,0.0,0.0,0.0,0.0,0.0,0.0,0.0,0.0,0.0,0.0,0.0,0.0,0.0,0.0
69400,4790,2478,0.5173277661795407,1164,961,0.44363256784968685,1349,0.5632567849686848,0.3980000000000001,2.9645328719723185,2.97488708281404,6.151515151515151,2.140481432640551,8377.259958246346,506.3956337355076,7853.0,8866.4,8866.399999999998,1.8189894035458565e-12,7853.0,0.0,28.99060542797495,21.28822278837102,33.80999261629338,19.510621846289,0.13089770354906055,0.10125260960334029,0.08684759916492693,0.08058455114822546,0.08058455114822546,0.07369519832985386,0.07056367432150314,0.06242171189979123,0.06471816283924843,0.05135699373695198,0.0453027139874739,0.04237995824634656,0.04112734864300626,0.026722338204592903,0.02129436325678497,0.011899791231732777,0.008350730688935281,0.9070564257327102,0.02286660779412104,0.0,0.0,0.0,0.0,0.0,0.0,0.0,0.0,0.0,0.0,0.0,0.0,0.0,0.0,0.0,0.0,0.0,0.0,0.0,0.0,0.0,0.0,0.0,0.0,0.0,1.3277661795407103,9.93319415448852,14.981210855949898,3.6388308977035497,0.11899791231732779,4.146844275293371,2.734296112367997,nan,nan,nan,4.138277812696417,2.776571970113707,4.155569782330346,2.6905245292636915,1.0041785424798877,0.41,0.0124,0.0,0.0,0.0,0.0,0.0,0.0,0.0,0.0,0.0,0.0,0.018789144050104387,6.313152400835064,22.82254697286013,0.8455114822546975,0.0,0.0,0.0,0.0,0.0,0.0,0.0,0.0,0.0,0.0,0.0,0.0,0.0,0.0,0.0,0.0,nan,nan,4.146844275293371,2.734296112367997,nan,0.41,0.06506,0.0,0.0,0.0,0.0,0.0,0.0,0.0,0.0,0.0,0.0,0.0,0.0,0.0,0.0,0.0,0.0,0.0,0.0,0.0002922755741127349,0.0007515657620041754,0.0,0.0018789144050104384,0.0032045929018789145,0.0030793319415448853,0.0009603340292275574,0.0008768267223382046,1.0438413361169103e-05,0.0005219206680584551,0.00708768267223382,0.0030375782881002086,0.030365344467640918,0.01953027139874739,0.05458246346555323,0.028893528183716075,0.025041753653444677,0.03165970772442589,0.05024008350730689,0.030104384133611693,0.035730688935281835,0.05650313152400835,0.06679540709812108,0.06864300626304802,0.08930062630480166,0.06342379958246347,0.0418580375782881,0.07102296450939458,0.028757828810020876,0.034519832985386224,0.0491544885177453,0.015897703549060543,0.007233820459290188,0.027724425887265137,0.010062630480167015,0.002150313152400835,0.018966597077244258,0.006659707724425887,0.004248434237995825,0.0030062630480167016,0.001837160751565762,0.0013778705636743214,0.0022233820459290187,5.2192066805845514e-05,0.0,0.0,0.0007202505219206681,0.0,0.0,0.0,1.0438413361169103e-05,0.0,0.0,0.0,0.0,0.0,0.0,0.0,0.0,0.0,0.0,0.0,0.0,0.0,0.0,0.0,0.0,0.0,0.0,0.0,0.0,0.0,0.0,0.0,0.0,0.0,0.0,0.0,0.0,0.0,0.0,0.0,0.0,nan,nan,4.146844275293371,2.734296112367997,nan,0.9072298732517803,0.022840355684818417,0.0,0.0,0.0,0.0,0.0,0.0,0.0,0.0,0.0,0.0,0.0,0.0,0.0,0.0,0.0,0.0,0.0,0.0,0.0,0.0,0.0,0.0,0.0,0.0,0.0,1.2348668280871673,9.866828087167072,14.939467312348672,3.849878934624698,0.10895883777239712,0.9068705248018037,0.022893252396529097,0.0,0.0,0.0,0.0,0.0,0.0,0.0,0.0,0.0,0.0,0.0,0.0,0.0,0.0,0.0,0.0,0.0,0.0,0.0,0.0,0.0,0.0,0.0,0.0,0.0,1.4273356401384087,10.004325259515573,15.025951557093428,3.412629757785468,0.12975778546712805,0.4102,0.01263,0.0,0.0,0.0,0.0,0.0,0.0,0.0,0.0,0.0,0.0,0.012106537530266347,6.307506053268757,22.6997578692494,0.980629539951574,0.0,0.0,0.0,0.0,0.0,0.0,0.0,0.0,0.0,0.0,0.0,0.0,0.0,0.0,0.0,0.0,0.41,0.01215,0.0,0.0,0.0,0.0,0.0,0.0,0.0,0.0,0.0,0.0,0.02595155709342561,6.319204152249125,22.954152249134953,0.7006920415224915,0.0,0.0,0.0,0.0,0.0,0.0,0.0,0.0,0.0,0.0,0.0,0.0,0.0,0.0,0.0,0.0
69500,4729,2431,0.5140621695918799,1205,949,0.45548741805878623,1288,0.5447240431380842,0.4260000000000001,2.9617058311575284,3.171664562650496,6.827140549273021,2.1383882773039242,8373.95060266441,506.49956596595507,7853.0,8866.4,8866.4,0.0,7853.0,0.0,27.747726792133644,20.842246682844486,32.71587181428211,19.11411783991359,0.14019877352505816,0.1027701416790019,0.09135123704800169,0.08669909071685346,0.08077817720448298,0.07781772044829774,0.07062803975470501,0.06174666948614929,0.05815182913935293,0.05223091562698245,0.044195390145908224,0.03869739902727849,0.03404525269613026,0.024318037640093042,0.01776274053711144,0.011418904631000211,0.007189680693592726,0.9079016259392666,0.02257702384575543,0.0,0.0,0.0,0.0,0.0,0.0,0.0,0.0,0.0,0.0,0.0,0.0,0.0,0.0,0.0,0.0,0.0,0.0,0.0,0.0,0.0,0.0,0.0,0.0,0.02537534362444492,0.9262000422922395,9.940790864876297,15.294988369634176,3.6857686614506244,0.1268767181222246,4.274811660661644,2.971666233277155,nan,nan,nan,4.268874172185431,2.9486597119284794,4.279507133592737,2.9946485371148404,1.0024908116234923,0.4097,0.012146,0.0,0.0,0.0,0.0,0.0,0.0,0.0,0.0,0.0,0.0,0.00634383590611123,6.29308521886233,23.053499682808212,0.6470712624233455,0.0,0.0,0.0,0.0,0.0,0.0,0.0,0.0,0.0,0.0,0.0,0.0,0.0,0.0,0.0,0.0,nan,nan,4.274811660661644,2.971666233277155,nan,0.4097,0.0654,0.0,0.0,0.0,0.0,0.0,0.0,0.0,0.0,0.0,0.0,0.0,0.0,0.0,0.0,0.0,0.0,1.0573059843518714e-05,1.0573059843518714e-05,0.00026432649608796785,0.000888137026855572,3.1719179530556144e-05,0.0018397124127722563,0.0031613448932120954,0.0034573905688306196,0.0006132374709240854,0.001036159864664834,4.229223937407486e-05,0.0009515753859166843,0.00681962359906957,0.0024318037640093043,0.032850496933812645,0.019613026009727214,0.05359484034679636,0.029171072108268133,0.02614717699302178,0.03360118418270248,0.048308310425037006,0.03001691689574963,0.03636075280186086,0.05592091351237048,0.06780503277648552,0.0664411080566716,0.08992387396912667,0.06362867413829562,0.042313385493761894,0.06601818566293086,0.029794882639035736,0.033654049481920065,0.05001057305984352,0.01611334320152252,0.006301543666737154,0.02877986889405794,0.010742228801015014,0.001406216959187989,0.01743497568196236,0.007464580249524212,0.005170226263480651,0.003140198773525058,0.0021251850285472617,0.001670543455275957,0.002294353986043561,0.0,2.114611968703743e-05,0.0,0.0006026644110805668,0.0,0.0,0.0,0.0,0.0,0.0,0.0,0.0,0.0,0.0,0.0,0.0,0.0,0.0,0.0,0.0,0.0,0.0,0.0,0.0,0.0,0.0,0.0,0.0,0.0,0.0,0.0,0.0,0.0,0.0,0.0,0.0,0.0,0.0,0.0,0.0,nan,nan,4.274811660661644,2.971666233277155,nan,0.9078268068947943,0.02223482878659138,0.0,0.0,0.0,0.0,0.0,0.0,0.0,0.0,0.0,0.0,0.0,0.0,0.0,0.0,0.0,0.0,0.0,0.0,0.0,0.0,0.0,0.0,0.0,0.0,0.024681201151789393,0.8515014397367341,9.983545865898808,15.512134923899632,3.529411764705883,0.09872480460715757,0.9079807752417522,0.02293320111933056,0.0,0.0,0.0,0.0,0.0,0.0,0.0,0.0,0.0,0.0,0.0,0.0,0.0,0.0,0.0,0.0,0.0,0.0,0.0,0.0,0.0,0.0,0.0,0.0,0.026109660574412538,1.0052219321148828,9.895561357702352,15.065274151436034,3.8511749347258495,0.15665796344647523,0.4097,0.01192,0.0,0.0,0.0,0.0,0.0,0.0,0.0,0.0,0.0,0.0,0.0,6.0715754833401805,23.311394487865083,0.6170300287947348,0.0,0.0,0.0,0.0,0.0,0.0,0.0,0.0,0.0,0.0,0.0,0.0,0.0,0.0,0.0,0.0,0.4097,0.01237,0.0,0.0,0.0,0.0,0.0,0.0,0.0,0.0,0.0,0.0,0.013054830287206269,6.527415143603124,22.78067885117494,0.678851174934726,0.0,0.0,0.0,0.0,0.0,0.0,0.0,0.0,0.0,0.0,0.0,0.0,0.0,0.0,0.0,0.0
69600,4994,2598,0.5202242691229475,1197,1020,0.4439327192631157,1432,0.5734881858229876,0.35800000000000004,2.8981636060100167,2.9938133147459727,6.25561797752809,2.1605104760172256,8380.195274329195,506.2853283773597,7853.0,8866.4,8866.399999999998,1.8189894035458565e-12,7853.0,0.0,28.435522627152583,20.872276588172085,33.19168045379343,19.119791466007413,0.1301561874249099,0.09571485782939528,0.09931918301962354,0.08710452543051662,0.08089707649179015,0.07288746495794954,0.0670804965959151,0.06547857428914698,0.06047256708049659,0.05566680016019223,0.04485382458950741,0.04225070084100921,0.035042050460552664,0.028233880656788144,0.016619943932719265,0.011613936724068883,0.006607929515418502,0.9079101367573477,0.022790478897304484,0.0,0.0,0.0,0.0,0.0,0.0,0.0,0.0,0.0,0.0,0.0,0.0,0.0,0.0,0.0,0.0,0.0,0.0,0.0,0.0,0.0,0.0,0.0,0.0,0.018021625951141373,1.0452543051661995,10.068081698037648,14.795754905887067,3.9587505006007215,0.1141369643572287,4.144833948339484,2.795224314785277,nan,nan,nan,4.086556169429097,2.7648583564427347,4.203327171903882,2.8241653746957067,1.0285744273744066,0.4094,0.01215,0.0,0.0,0.0,0.0,0.0,0.0,0.0,0.0,0.0,0.0,0.006007208650380458,6.451742090508601,22.863436123348023,0.6788145774929918,0.0,0.0,0.0,0.0,0.0,0.0,0.0,0.0,0.0,0.0,0.0,0.0,0.0,0.0,0.0,0.0,nan,nan,4.144833948339484,2.795224314785277,nan,0.4094,0.0657,0.0,0.0,0.0,0.0,0.0,0.0,0.0,0.0,0.0,0.0,0.0,0.0,0.0,0.0,0.0,0.0,0.0,0.0,0.0005306367641169403,0.0007408890668802563,9.010812975570684e-05,0.002422907488986784,0.00368442130556668,0.003714457348818582,0.0006107328794553464,0.0011613936724068883,0.0,0.0009110933119743693,0.006547857428914698,0.0026331597917501003,0.03326992390869043,0.018392070484581496,0.0539247096515819,0.027242691229475372,0.026892270724869844,0.036103323988786545,0.046345614737685226,0.030556668001601922,0.0381257509010813,0.054315178213856626,0.06608930716860233,0.07050460552663196,0.0895174209050861,0.0604825790949139,0.04407288746495795,0.06279535442531037,0.029835802963556268,0.03473167801361634,0.05210252302763316,0.01644973968762515,0.00749899879855827,0.027863436123348018,0.010342410893071686,0.0013616339607529036,0.016379655586704046,0.006617941529835803,0.005176211453744493,0.003013616339607529,0.0018121746095314376,0.002212655186223468,0.0024128954745694835,3.0036043251902282e-05,0.0,0.0,0.0004805766920304365,0.0,0.0,0.0,0.0,0.0,0.0,0.0,0.0,0.0,0.0,0.0,0.0,0.0,0.0,0.0,0.0,0.0,0.0,0.0,0.0,0.0,0.0,0.0,0.0,0.0,0.0,0.0,0.0,0.0,0.0,0.0,0.0,0.0,0.0,0.0,0.0,nan,nan,4.144833948339484,2.795224314785277,nan,0.9081904682129324,0.022824445984604355,0.0,0.0,0.0,0.0,0.0,0.0,0.0,0.0,0.0,0.0,0.0,0.0,0.0,0.0,0.0,0.0,0.0,0.0,0.0,0.0,0.0,0.0,0.0,0.0,0.034642032332563515,0.9699769053117785,10.080831408775984,14.722863741339495,4.087759815242495,0.10392609699769055,0.9076061713476611,0.022749687693174158,0.0,0.0,0.0,0.0,0.0,0.0,0.0,0.0,0.0,0.0,0.0,0.0,0.0,0.0,0.0,0.0,0.0,0.0,0.0,0.0,0.0,0.0,0.0,0.0,0.0,1.1268781302170285,10.054257095158599,14.874791318864778,3.818864774624375,0.1252086811352254,0.4094,0.01227,0.0,0.0,0.0,0.0,0.0,0.0,0.0,0.0,0.0,0.0,0.011547344110854505,6.501154734411076,22.817551963048505,0.6697459584295614,0.0,0.0,0.0,0.0,0.0,0.0,0.0,0.0,0.0,0.0,0.0,0.0,0.0,0.0,0.0,0.0,0.4094,0.01203,0.0,0.0,0.0,0.0,0.0,0.0,0.0,0.0,0.0,0.0,0.0,6.398163606010008,22.91318864774625,0.6886477462437398,0.0,0.0,0.0,0.0,0.0,0.0,0.0,0.0,0.0,0.0,0.0,0.0,0.0,0.0,0.0,0.0
69700,4464,2268,0.5080645161290323,1028,919,0.4361559139784946,1254,0.5618279569892473,0.4260000000000001,2.903460837887067,3.0620134049049943,6.410299003322259,2.232222551308546,8367.872580645162,506.63408780459906,7853.0,8866.4,8866.4,0.0,7853.0,0.0,28.08557347670251,21.225340482870394,33.31638418079096,19.41391691762156,0.1442652329749104,0.10103046594982079,0.09251792114695341,0.08266129032258064,0.08109318996415771,0.07347670250896057,0.06944444444444445,0.058019713261648745,0.053763440860215055,0.05465949820788531,0.05174731182795699,0.03853046594982079,0.034274193548387094,0.025985663082437275,0.017025089605734768,0.0132168458781362,0.008288530465949821,0.9088699446730716,0.022836853364955147,0.0,0.0,0.0,0.0,0.0,0.0,0.0,0.0,0.0,0.0,0.0,0.0,0.0,0.0,0.0,0.0,0.0,0.0,0.0,0.0,0.0,0.0,0.0,0.0,0.026881720430107534,0.9677419354838712,9.650537634408604,15.168010752688176,4.025537634408603,0.16129032258064518,4.284816753926702,2.8240793047116184,nan,nan,nan,4.370292887029288,2.78949694741839,4.19916142557652,2.8557491626579266,0.9608421069533637,0.4092,0.01252,0.0,0.0,0.0,0.0,0.0,0.0,0.0,0.0,0.0,0.0,0.020161290322580648,7.022849462365581,22.244623655913983,0.7123655913978497,0.0,0.0,0.0,0.0,0.0,0.0,0.0,0.0,0.0,0.0,0.0,0.0,0.0,0.0,0.0,0.0,nan,nan,4.284816753926702,2.8240793047116184,nan,0.4092,0.0659,0.0,0.0,0.0,0.0,0.0,0.0,0.0,0.0,0.0,0.0,0.0,0.0,0.0,0.0,0.0,0.0,0.0,0.0,0.0007056451612903225,0.0007616487455197133,0.0,0.002307347670250896,0.004681899641577061,0.0032594086021505374,0.0005824372759856631,0.001478494623655914,0.0,0.0011200716845878136,0.007314068100358423,0.0032594086021505374,0.034274193548387094,0.018167562724014336,0.05288978494623656,0.025156810035842293,0.025862455197132615,0.035797491039426525,0.04527329749103943,0.03185483870967742,0.03803763440860215,0.05573476702508961,0.06515456989247312,0.06779793906810036,0.08850806451612903,0.05882616487455197,0.0496415770609319,0.06323924731182795,0.030544354838709677,0.035696684587813624,0.053136200716845876,0.016005824372759856,0.00642921146953405,0.027004928315412187,0.009509408602150538,0.001388888888888889,0.017159498207885305,0.00594758064516129,0.005365143369175627,0.003393817204301075,0.0017137096774193549,0.0018593189964157706,0.0026097670250896056,0.0,0.0,0.0,0.0005488351254480287,0.0,0.0,0.0,0.0,0.0,0.0,0.0,0.0,0.0,0.0,0.0,0.0,0.0,0.0,0.0,0.0,0.0,0.0,0.0,0.0,0.0,0.0,0.0,0.0,0.0,0.0,0.0,0.0,0.0,0.0,0.0,0.0,0.0,0.0,0.0,0.0,nan,nan,4.284816753926702,2.8240793047116184,nan,0.9093496214460444,0.022416397334317568,0.0,0.0,0.0,0.0,0.0,0.0,0.0,0.0,0.0,0.0,0.0,0.0,0.0,0.0,0.0,0.0,0.0,0.0,0.0,0.0,0.0,0.0,0.0,0.0,0.02645502645502646,0.8730158730158732,9.37830687830688,15.51587301587302,4.087301587301588,0.11904761904761907,0.9083745407927883,0.023252734273030956,0.0,0.0,0.0,0.0,0.0,0.0,0.0,0.0,0.0,0.0,0.0,0.0,0.0,0.0,0.0,0.0,0.0,0.0,0.0,0.0,0.0,0.0,0.0,0.0,0.027322404371584706,1.0655737704918036,9.93169398907104,14.80874316939891,3.961748633879782,0.2049180327868853,0.4094,0.01248,0.0,0.0,0.0,0.0,0.0,0.0,0.0,0.0,0.0,0.0,0.01322751322751323,6.732804232804223,22.460317460317466,0.7936507936507938,0.0,0.0,0.0,0.0,0.0,0.0,0.0,0.0,0.0,0.0,0.0,0.0,0.0,0.0,0.0,0.0,0.4092,0.01255,0.0,0.0,0.0,0.0,0.0,0.0,0.0,0.0,0.0,0.0,0.027322404371584706,7.322404371584689,22.021857923497272,0.6284153005464482,0.0,0.0,0.0,0.0,0.0,0.0,0.0,0.0,0.0,0.0,0.0,0.0,0.0,0.0,0.0,0.0
69800,4763,2523,0.529708167121562,1253,947,0.4618937644341801,1311,0.5504933865211001,0.4180000000000001,3.047767857142857,3.119057839036101,6.593167701863354,2.1232994430063594,8389.80625656099,505.8048075254758,7853.0,8866.4,8866.399999999998,1.8189894035458565e-12,7853.0,0.0,28.704387990762125,20.901626049369025,33.347054473749075,19.155637909432023,0.12912030233046398,0.09867730422002939,0.08754986353138779,0.08587024984253622,0.07852193995381063,0.0774721813982784,0.07390300230946882,0.06886416124291413,0.0608859962208692,0.05269787948771783,0.045769473021205126,0.03758135628805375,0.03653159773252152,0.03002309468822171,0.019315557421792987,0.00986773042200294,0.007348309888725593,0.9084280934024452,0.02267231666886452,0.0,0.0,0.0,0.0,0.0,0.0,0.0,0.0,0.0,0.0,0.0,0.0,0.0,0.0,0.0,0.0,0.0,0.0,0.0,0.0,0.0,0.0,0.0,0.0,0.012597102666386735,0.8629015326474913,10.020995171110647,14.921268108335086,4.018475750577368,0.16376233466302756,4.169631512071156,2.923387313359571,nan,nan,nan,4.2025316455696204,2.9283846449442725,4.136479591836735,2.9179678864439547,0.9842827944430784,0.4084,0.012344,0.0,0.0,0.0,0.0,0.0,0.0,0.0,0.0,0.0,0.0,0.0,7.262229687171939,22.063825320176367,0.6739449926516903,0.0,0.0,0.0,0.0,0.0,0.0,0.0,0.0,0.0,0.0,0.0,0.0,0.0,0.0,0.0,0.0,nan,nan,4.169631512071156,2.923387313359571,nan,0.4084,0.066,0.0,0.0,0.0,0.0,0.0,0.0,0.0,0.0,0.0,0.0,0.0,0.0,0.0,0.0,0.0,0.0,0.0,0.0,0.0004828889355448247,0.0004408985933235356,0.0,0.002424942263279446,0.005112324165441948,0.0029813142977115265,0.0007033382322065925,0.0010917488977535167,4.1990342221289104e-05,0.0011757295821960949,0.008083140877598153,0.004136048708796977,0.03408566029813143,0.017467982364056268,0.05554272517321016,0.025267688431660718,0.025897543564980054,0.036552592903632164,0.04742809153894604,0.03231156833928196,0.03749737560361117,0.05921688011757296,0.06428721394079362,0.06336342641192526,0.0897753516691161,0.05641402477430191,0.04989502414444678,0.061683812723073696,0.02893134579046819,0.035355868150325424,0.054429981104346,0.01567289523409616,0.006718454755406256,0.026810833508293094,0.009017425992021835,0.0015641402477430191,0.01689061515851354,0.006162082720974176,0.005658198614318707,0.0029813142977115265,0.0018055847155154315,0.0016061305899643082,0.002361956749947512,0.0,0.0,0.0,0.0006718454755406257,0.0,0.0,0.0,0.0,0.0,0.0,0.0,0.0,0.0,0.0,0.0,0.0,0.0,0.0,0.0,0.0,0.0,0.0,0.0,0.0,0.0,0.0,0.0,0.0,0.0,0.0,0.0,0.0,0.0,0.0,0.0,0.0,0.0,0.0,0.0,0.0,nan,nan,4.169631512071156,2.923387313359571,nan,0.9089730696171652,0.02278506167218808,0.0,0.0,0.0,0.0,0.0,0.0,0.0,0.0,0.0,0.0,0.0,0.0,0.0,0.0,0.0,0.0,0.0,0.0,0.0,0.0,0.0,0.0,0.0,0.0,0.01189060642092747,0.784780023781213,9.857312722948873,14.887039239001192,4.280618311533889,0.17835909631391206,0.9078142652820264,0.02252887133607177,0.0,0.0,0.0,0.0,0.0,0.0,0.0,0.0,0.0,0.0,0.0,0.0,0.0,0.0,0.0,0.0,0.0,0.0,0.0,0.0,0.0,0.0,0.0,0.0,0.013392857142857146,0.9508928571428573,10.205357142857144,14.959821428571432,3.7232142857142865,0.1473214285714286,0.4087,0.012344,0.0,0.0,0.0,0.0,0.0,0.0,0.0,0.0,0.0,0.0,0.0,7.1105826397146155,22.19976218787159,0.6896551724137933,0.0,0.0,0.0,0.0,0.0,0.0,0.0,0.0,0.0,0.0,0.0,0.0,0.0,0.0,0.0,0.0,0.4084,0.01235,0.0,0.0,0.0,0.0,0.0,0.0,0.0,0.0,0.0,0.0,0.0,7.433035714285703,21.91071428571429,0.6562500000000001,0.0,0.0,0.0,0.0,0.0,0.0,0.0,0.0,0.0,0.0,0.0,0.0,0.0,0.0,0.0,0.0
69900,4863,2465,0.5068887517993008,1169,1006,0.4472547809993831,1363,0.5605593255192268,0.4220000000000001,2.9666388657214346,3.130157536082056,6.7217125382263,2.1279240296062065,8366.681061073412,506.6519069206087,7853.0,8866.4,8866.4,0.0,7853.0,0.0,27.292823360065803,20.577729235173116,32.32963237108315,18.844524782385164,0.144149701830146,0.10549043800123381,0.09520871889779971,0.08389882788402221,0.08245938720954143,0.07526218383713756,0.06827061484680239,0.06600863664404688,0.0612790458564672,0.04709027349372815,0.04174377955994242,0.038864898210980874,0.036602920008225376,0.022414147645486326,0.017067653711700596,0.008225375282747275,0.005963397079991775,0.9092726162032485,0.022519344774031308,0.0,0.0,0.0,0.0,0.0,0.0,0.0,0.0,0.0,0.0,0.0,0.0,0.0,0.0,0.0,0.0,0.0,0.0,0.0,0.0,0.0,0.0,0.0,0.0,0.006169031462060458,0.8574953732264037,9.198025909932142,15.811227637260952,3.935842072794572,0.1912399753238742,4.341883116883117,2.8960899008164547,nan,nan,nan,4.370109044259141,2.886949143461921,4.313157894736842,2.90608898445928,0.9869680255239597,0.4082,0.012215,0.0,0.0,0.0,0.0,0.0,0.0,0.0,0.0,0.0,0.0,0.0,7.458359037631081,21.869216533004323,0.6724244293645899,0.0,0.0,0.0,0.0,0.0,0.0,0.0,0.0,0.0,0.0,0.0,0.0,0.0,0.0,0.0,0.0,nan,nan,4.341883116883117,2.8960899008164547,nan,0.4082,0.0663,0.0,0.0,0.0,0.0,0.0,0.0,0.0,0.0,0.0,0.0,0.0,0.0,0.0,0.0,0.0,0.0,0.0,0.0,0.00044211392144766605,0.00040098704503392966,1.0281719103434094e-05,0.0022722599218589347,0.0051202961135101786,0.0034443758996504214,0.0007505654945506888,0.0013057783261361299,4.1126876413736376e-05,0.001213242854205223,0.007464528069093152,0.0037631091918568786,0.035646720131606004,0.019288505038042362,0.056066214271026114,0.02536500102817191,0.024460209747069712,0.03707587908698334,0.04674069504421139,0.03315854410857495,0.03887517993008431,0.05824593872095414,0.06603948180135719,0.060610734114743985,0.08939954760435945,0.054287476866132015,0.049177462471725275,0.06187538556446638,0.0297038864898211,0.03399136335595312,0.05468846391116595,0.015587086160806087,0.006847624922887107,0.026825005140859552,0.010209747069710055,0.001737610528480362,0.016810610734114745,0.005942833641784906,0.0053259304955788605,0.0034032490232366853,0.001737610528480362,0.0018404277195147028,0.001850709438618137,0.0,0.0,0.0,0.0009561998766193708,0.0,0.0,0.0,0.0,0.0,0.0,0.0,0.0,0.0,0.0,0.0,0.0,0.0,0.0,0.0,0.0,0.0,0.0,0.0,0.0,0.0,0.0,0.0,0.0,0.0,0.0,0.0,0.0,0.0,0.0,0.0,0.0,0.0,0.0,0.0,0.0,nan,nan,4.341883116883117,2.8960899008164547,nan,0.9091309662039333,0.022462488830198423,0.0,0.0,0.0,0.0,0.0,0.0,0.0,0.0,0.0,0.0,0.0,0.0,0.0,0.0,0.0,0.0,0.0,0.0,0.0,0.0,0.0,0.0,0.0,0.0,0.0,0.900608519269777,9.176470588235295,15.943204868154162,3.7728194726166335,0.20689655172413798,0.9094182238964561,0.02257671372716829,0.0,0.0,0.0,0.0,0.0,0.0,0.0,0.0,0.0,0.0,0.0,0.0,0.0,0.0,0.0,0.0,0.0,0.0,0.0,0.0,0.0,0.0,0.0,0.0,0.012510425354462054,0.8131776480400336,9.220183486238534,15.675562969140953,4.103419516263553,0.17514595496246876,0.4082,0.012054,0.0,0.0,0.0,0.0,0.0,0.0,0.0,0.0,0.0,0.0,0.0,7.5699797160243305,21.833671399594326,0.5963488843813388,0.0,0.0,0.0,0.0,0.0,0.0,0.0,0.0,0.0,0.0,0.0,0.0,0.0,0.0,0.0,0.0,0.4084,0.012375,0.0,0.0,0.0,0.0,0.0,0.0,0.0,0.0,0.0,0.0,0.0,7.343619683069214,21.905754795663057,0.7506255212677233,0.0,0.0,0.0,0.0,0.0,0.0,0.0,0.0,0.0,0.0,0.0,0.0,0.0,0.0,0.0,0.0
70000,4703,2487,0.5288113969806506,1165,923,0.4439719328088454,1314,0.5587922602594089,0.3980000000000001,2.990523465703971,3.0020150417379994,6.17037037037037,2.137290568438672,8388.89746970019,505.85808065415563,7853.0,8866.4,8866.4,0.0,7853.0,0.0,28.814373803954922,21.148186436818065,33.762468513853904,19.291643482713493,0.13714650223261748,0.09589623644482245,0.08675313629598129,0.0833510525196683,0.077184775675101,0.07314480119072932,0.07144375930257282,0.06761641505422071,0.05911120561343823,0.05358281947692962,0.04933021475653838,0.0425260472039124,0.03146927493089517,0.03402083776312992,0.01934935147778014,0.01169466298107591,0.00637890708058686,0.9092576042682649,0.0227056633754809,0.0,0.0,0.0,0.0,0.0,0.0,0.0,0.0,0.0,0.0,0.0,0.0,0.0,0.0,0.0,0.0,0.0,0.0,0.0,0.0,0.0,0.0,0.0,0.0,0.012757814161173721,0.8802891771209868,9.523708271316183,15.283861365086118,4.056984903253244,0.2423984690623007,4.063389391979301,2.8003635690297517,nan,nan,nan,4.048239895697523,2.8245559293437834,4.079640333975594,2.776648728634347,1.0077565655907506,0.4084,0.01247,0.0,0.0,0.0,0.0,0.0,0.0,0.0,0.0,0.0,0.0,0.019136721241760583,7.559004890495418,21.834998936848827,0.5868594514139912,0.0,0.0,0.0,0.0,0.0,0.0,0.0,0.0,0.0,0.0,0.0,0.0,0.0,0.0,0.0,0.0,nan,nan,4.063389391979301,2.8003635690297517,nan,0.4084,0.06665,0.0,0.0,0.0,0.0,0.0,0.0,0.0,0.0,0.0,0.0,0.0,0.0,0.0,0.0,0.0,0.0,0.0,0.0,0.0004890495428449926,0.00044652349564108015,0.0,0.001934935147778014,0.0051456517116734,0.0035083988943227728,0.0006272591962577078,0.0023814586434190944,5.315755900489049e-05,0.002062513289389751,0.007176270465660217,0.003965553901764831,0.03623219221773336,0.01806293854986179,0.0554858600893047,0.026217308101211992,0.025026578779502446,0.03583882628109717,0.043504146289602384,0.03466935998298958,0.03919838401020625,0.05779289815011695,0.06539442908781629,0.0620880289177121,0.08719965979162236,0.0566021688284074,0.04947905592175207,0.06282160323197959,0.029619391877524985,0.033180948330852646,0.053200085052094406,0.015139272804592813,0.006187539868169254,0.02729109079311078,0.011492664256857325,0.0016691473527535616,0.01735062725919626,0.005570912183712524,0.00593238358494578,0.0036040825005315756,0.0020837763129917075,0.0019243036359770358,0.0014352540931320435,2.1263023601956198e-05,0.0,0.0,0.0008824154794811822,0.0,0.0,0.0,1.0631511800978099e-05,0.0,0.0,0.0,0.0,0.0,0.0,0.0,0.0,0.0,0.0,0.0,0.0,0.0,0.0,0.0,0.0,0.0,0.0,0.0,0.0,0.0,0.0,0.0,0.0,0.0,0.0,0.0,0.0,0.0,0.0,0.0,0.0,nan,nan,4.063389391979301,2.8003635690297517,nan,0.9095575210077004,0.023056795181927277,0.0,0.0,0.0,0.0,0.0,0.0,0.0,0.0,0.0,0.0,0.0,0.0,0.0,0.0,0.0,0.0,0.0,0.0,0.0,0.0,0.0,0.0,0.0,0.0,0.02412545235223161,0.9529553679131485,9.43305186972256,15.247285886610376,4.0168878166465625,0.32569360675512676,0.9089210099853333,0.02230020569309065,0.0,0.0,0.0,0.0,0.0,0.0,0.0,0.0,0.0,0.0,0.0,0.0,0.0,0.0,0.0,0.0,0.0,0.0,0.0,0.0,0.0,0.0,0.0,0.0,0.0,0.7987364620938631,9.625451263537908,15.324909747292422,4.101985559566788,0.1489169675090253,0.4087,0.01264,0.0,0.0,0.0,0.0,0.0,0.0,0.0,0.0,0.0,0.0,0.012062726176115805,7.478890229191787,21.869722557297955,0.6393244873341377,0.0,0.0,0.0,0.0,0.0,0.0,0.0,0.0,0.0,0.0,0.0,0.0,0.0,0.0,0.0,0.0,0.408,0.01227,0.0,0.0,0.0,0.0,0.0,0.0,0.0,0.0,0.0,0.0,0.027075812274368238,7.648916967509014,21.79602888086643,0.5279783393501806,0.0,0.0,0.0,0.0,0.0,0.0,0.0,0.0,0.0,0.0,0.0,0.0,0.0,0.0,0.0,0.0
70100,4535,2354,0.5190738699007718,1130,927,0.4535832414553473,1272,0.5609702315325248,0.4100000000000001,2.9399358092618066,3.035109515521963,6.465346534653466,2.1173385581155206,8379.029459757441,506.33117816848414,7853.0,8866.4,8866.4,0.0,7853.0,0.0,28.47342888643881,20.949030117989082,33.28355486056815,19.17817294521906,0.13428886438809262,0.09922822491730982,0.0926130099228225,0.07960308710033076,0.0824696802646086,0.0743109151047409,0.0701212789415656,0.06791620727673649,0.056670341786108046,0.05027563395810364,0.04851157662624035,0.044762954796030874,0.03770672546857773,0.029768467475192944,0.014332965821389196,0.011025358324145534,0.00639470782800441,0.9092849801235977,0.022960626377423722,0.0,0.0,0.0,0.0,0.0,0.0,0.0,0.0,0.0,0.0,0.0,0.0,0.0,0.0,0.0,0.0,0.0,0.0,0.0,0.0,0.0,0.0,0.0,0.0,0.013230429988974645,0.9128996692392505,9.499448732083794,15.009922822491735,4.418963616317531,0.14553472987872107,4.1516778523489934,2.8634143046568563,nan,nan,nan,4.2275769745649265,2.854647427178929,4.074074074074074,2.8707103089679245,0.963690099218915,0.4094,0.01243,0.0,0.0,0.0,0.0,0.0,0.0,0.0,0.0,0.0,0.0,0.006615214994487323,6.727673649393596,22.617420066152157,0.6482910694597576,0.0,0.0,0.0,0.0,0.0,0.0,0.0,0.0,0.0,0.0,0.0,0.0,0.0,0.0,0.0,0.0,nan,nan,4.1516778523489934,2.8634143046568563,nan,0.4094,0.0669,0.0,0.0,0.0,0.0,0.0,0.0,0.0,0.0,0.0,0.0,0.0,0.0,0.0,0.0,0.0,0.0,0.0,0.0,0.0007166482910694597,0.0007938257993384785,0.0,0.0012238147739801544,0.004476295479603087,0.0036714443219404633,0.00046306504961411243,0.002635060639470783,2.205071664829107e-05,0.0025027563395810365,0.005953693495038589,0.004112458654906285,0.03549062844542448,0.019228224917309814,0.054972436604189635,0.027695700110253584,0.023042998897464168,0.03414553472987872,0.042381477398015434,0.03340683572216097,0.040253583241455344,0.058941565600882026,0.0650826901874311,0.060804851157662626,0.08588754134509372,0.0550606394707828,0.04886438809261301,0.06254685777287762,0.030253583241455346,0.03442116868798236,0.0560529217199559,0.01533627342888644,0.006813671444321941,0.02954796030871003,0.012094818081587652,0.0019514884233737596,0.01681367144432194,0.005810363836824697,0.005744211686879824,0.003936052921719956,0.0026901874310915103,0.0013450937155457551,0.002017640573318633,6.615214994487321e-05,0.0,0.0,0.0007276736493936053,0.0,0.0,0.0,0.0,0.0,0.0,0.0,0.0,0.0,0.0,0.0,0.0,0.0,0.0,0.0,0.0,0.0,0.0,0.0,0.0,0.0,0.0,0.0,0.0,0.0,0.0,0.0,0.0,0.0,0.0,0.0,0.0,0.0,0.0,0.0,0.0,nan,nan,4.1516778523489934,2.8634143046568563,nan,0.9088909930360449,0.022783025682320296,0.0,0.0,0.0,0.0,0.0,0.0,0.0,0.0,0.0,0.0,0.0,0.0,0.0,0.0,0.0,0.0,0.0,0.0,0.0,0.0,0.0,0.0,0.0,0.0,0.025488530161427363,0.9813084112149535,9.41801189464741,15.3695836873407,4.039932030586237,0.16567544604927786,0.9097102188233223,0.023143260724701038,0.0,0.0,0.0,0.0,0.0,0.0,0.0,0.0,0.0,0.0,0.0,0.0,0.0,0.0,0.0,0.0,0.0,0.0,0.0,0.0,0.0,0.0,0.0,0.0,0.0,0.8390646492434665,9.587345254470428,14.621733149931227,4.828060522696012,0.1237964236588721,0.4094,0.01264,0.0,0.0,0.0,0.0,0.0,0.0,0.0,0.0,0.0,0.0,0.012744265080713682,6.818181818181809,22.519116397621076,0.6499575191163978,0.0,0.0,0.0,0.0,0.0,0.0,0.0,0.0,0.0,0.0,0.0,0.0,0.0,0.0,0.0,0.0,0.4097,0.0122,0.0,0.0,0.0,0.0,0.0,0.0,0.0,0.0,0.0,0.0,0.0,6.629986244841806,22.72352132049519,0.6464924346629988,0.0,0.0,0.0,0.0,0.0,0.0,0.0,0.0,0.0,0.0,0.0,0.0,0.0,0.0,0.0,0.0
70200,4383,2299,0.5245265799680584,1114,874,0.4535706137348848,1200,0.5475701574264202,0.4340000000000001,2.930902111324376,3.13362436826699,6.471760797342193,2.2575160303234774,8384.55523613963,506.09001890616554,7853.0,8866.4,8866.4,0.0,7853.0,0.0,28.642026009582477,21.07809181481422,33.59036796536797,19.236606468814347,0.13461099703399498,0.09285877253023044,0.0892083048140543,0.0921743098334474,0.08031028975587497,0.07506274241387177,0.06776180698151951,0.05817932922655715,0.06228610540725531,0.05817932922655715,0.0485968514715948,0.03992699064567648,0.034679443303673285,0.02920374172940908,0.018024184348619667,0.010951403148528405,0.007985398129135296,0.9095369770242394,0.02255543645155902,0.0,0.0,0.0,0.0,0.0,0.0,0.0,0.0,0.0,0.0,0.0,0.0,0.0,0.0,0.0,0.0,0.0,0.0,0.0,0.0,0.0,0.0,0.0,0.0,0.006844626967830255,0.8487337440109516,9.356605065023958,15.366187542778922,4.2231348391512675,0.1984941820670774,4.054419410745234,2.9416306771470153,nan,nan,nan,4.049408489909534,2.98634004419791,4.060124395300622,2.897436988802952,1.0026462890611776,0.4102,0.01245,0.0,0.0,0.0,0.0,0.0,0.0,0.0,0.0,0.0,0.0,0.0,6.3791923340177865,22.77207392197126,0.8487337440109516,0.0,0.0,0.0,0.0,0.0,0.0,0.0,0.0,0.0,0.0,0.0,0.0,0.0,0.0,0.0,0.0,nan,nan,4.054419410745234,2.9416306771470153,nan,0.4102,0.0669,0.0,0.0,0.0,0.0,0.0,0.0,0.0,0.0,0.0,0.0,0.0,0.0,0.0,0.0,0.0,0.0,0.0,0.0,0.0006730549851699749,0.0008099475245265799,0.0,0.0010152863335614875,0.004483230663928816,0.003912845083276295,0.000513347022587269,0.002292950034223135,2.2815423226100844e-05,0.0024184348619666896,0.005521332420716404,0.0048825005703855805,0.03582021446497832,0.019666894820898926,0.055795117499429614,0.02569016655258955,0.022393337896417977,0.03234086242299795,0.04218571754506046,0.03213552361396304,0.039299566506958705,0.05482546201232033,0.06763632215377595,0.06114533424595026,0.08739447866757928,0.056034679443303675,0.05028519279032626,0.05885238421172713,0.03223819301848049,0.03707506274241387,0.056536618754277894,0.01567419575633128,0.006548026465890942,0.030424366872005476,0.012582705909194615,0.0020077572438968743,0.016860597764088523,0.005703855806525211,0.006114533424595026,0.0041181838923112024,0.0022587268993839835,0.0010609171800136893,0.002053388090349076,5.703855806525211e-05,0.0,0.0,0.0006388318503308236,0.0,0.0,0.0,0.0,0.0,0.0,0.0,0.0,0.0,0.0,0.0,0.0,0.0,0.0,0.0,0.0,0.0,0.0,0.0,0.0,0.0,0.0,0.0,0.0,0.0,0.0,0.0,0.0,0.0,0.0,0.0,0.0,0.0,0.0,0.0,0.0,nan,nan,4.054419410745234,2.9416306771470153,nan,0.9084844323747725,0.022650672988828058,0.0,0.0,0.0,0.0,0.0,0.0,0.0,0.0,0.0,0.0,0.0,0.0,0.0,0.0,0.0,0.0,0.0,0.0,0.0,0.0,0.0,0.0,0.0,0.0,0.013049151805132669,1.0308829926054808,9.512831665941716,15.267507612005224,3.9538929969551986,0.22183558068725537,0.9106981095334161,0.022392585951708552,0.0,0.0,0.0,0.0,0.0,0.0,0.0,0.0,0.0,0.0,0.0,0.0,0.0,0.0,0.0,0.0,0.0,0.0,0.0,0.0,0.0,0.0,0.0,0.0,0.0,0.6477927063339732,9.184261036468332,15.475047984644917,4.520153550863724,0.17274472168905952,0.4104,0.01238,0.0,0.0,0.0,0.0,0.0,0.0,0.0,0.0,0.0,0.0,0.0,6.002609830361018,23.07090039147456,0.9264897781644195,0.0,0.0,0.0,0.0,0.0,0.0,0.0,0.0,0.0,0.0,0.0,0.0,0.0,0.0,0.0,0.0,0.41,0.01251,0.0,0.0,0.0,0.0,0.0,0.0,0.0,0.0,0.0,0.0,0.0,6.794625719769664,22.44241842610365,0.7629558541266797,0.0,0.0,0.0,0.0,0.0,0.0,0.0,0.0,0.0,0.0,0.0,0.0,0.0,0.0,0.0,0.0
70300,4565,2389,0.523329682365827,1090,934,0.4433734939759036,1276,0.5590361445783133,0.4180000000000001,3.0482536764705883,3.1207274736926345,6.607553366174056,2.112285299479385,8383.342300109527,506.14813211700266,7853.0,8866.4,8866.399999999998,1.8189894035458565e-12,7853.0,0.0,27.848411829134722,20.97427152330574,32.60918049792531,19.3470034979364,0.1371303395399781,0.10164293537787514,0.10054764512595837,0.08565169769989048,0.07754654983570647,0.07688937568455641,0.07097480832420591,0.06659364731653888,0.0552026286966046,0.04622124863088718,0.04096385542168675,0.04096385542168675,0.03745892661555312,0.02606790799561884,0.017743702081051478,0.011391018619934282,0.007009857612267251,0.9087062725623883,0.022268064537420154,0.0,0.0,0.0,0.0,0.0,0.0,0.0,0.0,0.0,0.0,0.0,0.0,0.0,0.0,0.0,0.0,0.0,0.0,0.0,0.0,0.0,0.0,0.0,0.0,0.013143483023001098,0.8477546549835708,9.456736035049289,15.739320920043815,3.818181818181819,0.12486308871851043,4.371360054813292,2.893652650141675,nan,nan,nan,4.436813186813187,2.924905701164608,4.309165526675787,2.8594836071005387,0.9712298772198057,0.409,0.01265,0.0,0.0,0.0,0.0,0.0,0.0,0.0,0.0,0.0,0.0,0.019715224534501648,7.202628696604589,22.113910186199348,0.6637458926615554,0.0,0.0,0.0,0.0,0.0,0.0,0.0,0.0,0.0,0.0,0.0,0.0,0.0,0.0,0.0,0.0,nan,nan,4.371360054813292,2.893652650141675,nan,0.409,0.067,0.0,0.0,0.0,0.0,0.0,0.0,0.0,0.0,0.0,0.0,0.0,0.0,0.0,0.0,0.0,0.0,0.0,0.0,0.0009090909090909091,0.00040525739320920046,3.285870755750274e-05,0.0009748083242059146,0.005268346111719606,0.0040087623220153345,0.0004490690032858708,0.002453450164293538,0.0002190580503833516,0.002135815991237678,0.00624315443592552,0.005224534501642935,0.03780941949616649,0.01914567360350493,0.05625410733844469,0.025805038335158816,0.022048192771084336,0.035213581599123765,0.04185104052573932,0.03208105147864184,0.039737130339539975,0.05589266155531216,0.06978094194961665,0.06036144578313253,0.08466593647316539,0.054687842278203724,0.0495618838992333,0.05809419496166484,0.03353778751369113,0.03530120481927711,0.05607886089813801,0.015465498357064622,0.0067141292442497265,0.030558598028477546,0.011894852135815991,0.0020481927710843373,0.016330777656078863,0.004972617743702081,0.005848849945235488,0.005104052573932092,0.0018838992332968236,0.000624315443592552,0.0019167579408543264,2.190580503833516e-05,0.0,0.0,0.0003833515881708653,0.0,0.0,0.0,0.0,0.0,0.0,0.0,0.0,0.0,0.0,0.0,0.0,0.0,0.0,0.0,0.0,0.0,0.0,0.0,0.0,0.0,0.0,0.0,0.0,0.0,0.0,0.0,0.0,0.0,0.0,0.0,0.0,0.0,0.0,0.0,0.0,nan,nan,4.371360054813292,2.893652650141675,nan,0.9082582715965805,0.022199512518373685,0.0,0.0,0.0,0.0,0.0,0.0,0.0,0.0,0.0,0.0,0.0,0.0,0.0,0.0,0.0,0.0,0.0,0.0,0.0,0.0,0.0,0.0,0.0,0.0,0.012557555462536629,0.9041439933026373,9.782335705316033,15.521138551695273,3.6416910841356223,0.1381331100879029,0.909198126563912,0.022332737385252422,0.0,0.0,0.0,0.0,0.0,0.0,0.0,0.0,0.0,0.0,0.0,0.0,0.0,0.0,0.0,0.0,0.0,0.0,0.0,0.0,0.0,0.0,0.0,0.0,0.013786764705882356,0.7858455882352944,9.099264705882355,15.97886029411765,4.011948529411765,0.11029411764705885,0.4087,0.01262,0.0,0.0,0.0,0.0,0.0,0.0,0.0,0.0,0.0,0.0,0.025115110925073257,7.233151946421086,22.17664294683969,0.5650899958141483,0.0,0.0,0.0,0.0,0.0,0.0,0.0,0.0,0.0,0.0,0.0,0.0,0.0,0.0,0.0,0.0,0.4092,0.01268,0.0,0.0,0.0,0.0,0.0,0.0,0.0,0.0,0.0,0.0,0.013786764705882356,7.169117647058814,22.045036764705884,0.772058823529412,0.0,0.0,0.0,0.0,0.0,0.0,0.0,0.0,0.0,0.0,0.0,0.0,0.0,0.0,0.0,0.0
70400,4647,2389,0.5140951151280396,1147,943,0.44975252851301917,1294,0.556918442005595,0.4140000000000001,2.994242692648361,3.0758729348494596,6.511627906976744,2.0712737311371283,8373.983989670754,506.49862550562324,7853.0,8866.4,8866.399999999998,1.8189894035458565e-12,7853.0,0.0,27.932644717021734,20.959180910233467,32.99099330931549,19.195131780948092,0.14310307725414245,0.10071013557133635,0.09210243167635034,0.08306434258661502,0.08306434258661502,0.07036797934151065,0.06950720895201205,0.0667097051861416,0.06132989025177534,0.051000645577792124,0.045836023240800515,0.04131697869593286,0.028405422853453842,0.023671185711211535,0.02087368194534108,0.010974822466107165,0.00796212610286206,0.9091618781400697,0.022454006005214106,0.0,0.0,0.0,0.0,0.0,0.0,0.0,0.0,0.0,0.0,0.0,0.0,0.0,0.0,0.0,0.0,0.0,0.0,0.0,0.0,0.0,0.0,0.0,0.0,0.012911555842479022,0.936087798579729,9.141381536475146,15.745642349903166,4.015493867010975,0.14848289218850874,4.269076305220883,2.854320022005162,nan,nan,nan,4.291554959785523,2.8379104375940334,4.2441471571906355,2.869734385483734,0.9889532341915397,0.4087,0.01264,0.0,0.0,0.0,0.0,0.0,0.0,0.0,0.0,0.0,0.0,0.025823111684958044,7.21755971594576,22.117495158166566,0.6391220142027115,0.0,0.0,0.0,0.0,0.0,0.0,0.0,0.0,0.0,0.0,0.0,0.0,0.0,0.0,0.0,0.0,nan,nan,4.269076305220883,2.854320022005162,nan,0.4087,0.0671,0.0,0.0,0.0,0.0,0.0,0.0,0.0,0.0,0.0,0.0,0.0,0.0,0.0,0.0,0.0,0.0,0.0,0.0,0.0011835592855605767,0.000753174090811276,0.0,0.001506348181622552,0.005315257155153862,0.0034538411878631374,0.000688616311598881,0.003012696363245104,0.00011835592855605767,0.0018829352270281902,0.006197546804389929,0.005971594577146546,0.03598020228104153,0.019356574133849797,0.05663869162900796,0.024833225737034646,0.02218635678932645,0.03379599741768883,0.04085431461157736,0.03408650742414461,0.039509360877985795,0.05643425866150204,0.07314396384764364,0.055659565310953306,0.08655046266408435,0.05543361308370992,0.05187217559715946,0.05988809984936518,0.0329567462879277,0.034828921885087155,0.05312029266193243,0.015515386270712287,0.00517538196686034,0.03075102216483753,0.011297611362169141,0.0022595222724338285,0.016989455562728642,0.005326016785022595,0.005885517538196686,0.00496018936948569,0.0017860985582095975,0.0005917796427802884,0.002044329675059178,5.379814934366258e-05,0.0,0.0,0.00015063481816225522,0.0,0.0,0.0,0.0,0.0,0.0,0.0,0.0,0.0,0.0,0.0,0.0,0.0,0.0,0.0,0.0,0.0,0.0,0.0,0.0,0.0,0.0,0.0,0.0,0.0,0.0,0.0,0.0,0.0,0.0,0.0,0.0,0.0,0.0,0.0,0.0,nan,nan,4.269076305220883,2.854320022005162,nan,0.9094125579819613,0.022842787798752602,0.0,0.0,0.0,0.0,0.0,0.0,0.0,0.0,0.0,0.0,0.0,0.0,0.0,0.0,0.0,0.0,0.0,0.0,0.0,0.0,0.0,0.0,0.0,0.0,0.012557555462536629,0.9292591042277105,9.141900376726666,15.596483884470492,4.181665969024698,0.1381331100879029,0.9088966548706812,0.022032096896985334,0.0,0.0,0.0,0.0,0.0,0.0,0.0,0.0,0.0,0.0,0.0,0.0,0.0,0.0,0.0,0.0,0.0,0.0,0.0,0.0,0.0,0.0,0.0,0.0,0.013286093888396815,0.9433126660761738,9.140832595217008,15.903454384410987,3.839681133746679,0.15943312666076176,0.4082,0.01267,0.0,0.0,0.0,0.0,0.0,0.0,0.0,0.0,0.0,0.0,0.03767266638760988,7.459187944746746,21.862704060276272,0.640435328589368,0.0,0.0,0.0,0.0,0.0,0.0,0.0,0.0,0.0,0.0,0.0,0.0,0.0,0.0,0.0,0.0,0.409,0.012596,0.0,0.0,0.0,0.0,0.0,0.0,0.0,0.0,0.0,0.0,0.013286093888396815,6.9619131975199195,22.387068201948633,0.637732506643047,0.0,0.0,0.0,0.0,0.0,0.0,0.0,0.0,0.0,0.0,0.0,0.0,0.0,0.0,0.0,0.0
70500,4817,2508,0.5206560099647083,1204,955,0.44820427652065603,1320,0.5480589578575877,0.4060000000000001,2.973581637072326,3.0747429783300095,6.409425625920472,2.160762586977444,8380.632800498235,506.267427219351,7853.0,8866.4,8866.4,0.0,7853.0,0.0,28.249948100477475,20.9489680286906,33.13715833538537,19.178091998632205,0.13846792609507994,0.09757110234585842,0.09362673863400457,0.08366203030932115,0.07992526468756488,0.07660369524600373,0.06497820220053975,0.06310981938966162,0.06082624039858833,0.05729707286692962,0.04546398173136807,0.04151961801951422,0.035499273406684656,0.025534565082001245,0.01889142619887897,0.009964708324683413,0.007058335063317417,0.9088409038928378,0.02318568383229784,0.0,0.0,0.0,0.0,0.0,0.0,0.0,0.0,0.0,0.0,0.0,0.0,0.0,0.0,0.0,0.0,0.0,0.0,0.0,0.0,0.0,0.0,0.0,0.0,0.012455885405854268,1.114801743823957,9.360597882499482,15.077849283786593,4.253684866099233,0.1806103383848869,4.193239795918367,2.8756596782921062,nan,nan,nan,4.148744365743722,2.888197896695889,4.23689197725837,2.862633722821488,1.0212468168061848,0.4082,0.01244,0.0,0.0,0.0,0.0,0.0,0.0,0.0,0.0,0.0,0.0,0.0,7.660369524600363,21.723064147809847,0.6165663275897862,0.0,0.0,0.0,0.0,0.0,0.0,0.0,0.0,0.0,0.0,0.0,0.0,0.0,0.0,0.0,0.0,nan,nan,4.193239795918367,2.8756596782921062,nan,0.4082,0.0677,0.0,0.0,0.0,0.0,0.0,0.0,0.0,0.0,0.0,0.0,0.0,0.0,0.0,0.0,0.0,0.0,0.0,0.0,0.0011936890180610337,0.0008407722648951629,0.0,0.0015985052937512974,0.005999584803819805,0.003570687149678223,0.0005501349387585634,0.0036537263857172515,0.00025949761262196387,0.0021175005189952253,0.005968445090305169,0.006113763753373469,0.038156528959933565,0.019576499896200954,0.05633174174797592,0.02449657463151339,0.022949968860286486,0.03223998339215279,0.042640647706041104,0.03331949346066016,0.03929831845547021,0.0548889350217978,0.07364542246211335,0.05661199916960764,0.08334025326966991,0.05495121444882707,0.052127880423500104,0.05665351878762715,0.03244758148225036,0.03511521694000415,0.05649782022005397,0.015486817521278805,0.006186423084907619,0.031295412082208846,0.010328004982354162,0.0018787627153830184,0.01733444052314719,0.004629437409175836,0.006155283371392983,0.004681336931700229,0.001961801951422047,0.00038405646668050655,0.0023250986090927964,0.0,0.0,0.0,0.00019721818559269254,0.0,0.0,0.0,0.0,0.0,0.0,0.0,0.0,0.0,0.0,0.0,0.0,0.0,0.0,0.0,0.0,0.0,0.0,0.0,0.0,0.0,0.0,0.0,0.0,0.0,0.0,0.0,0.0,0.0,0.0,0.0,0.0,0.0,0.0,0.0,0.0,nan,nan,4.193239795918367,2.8756596782921062,nan,0.9088958892763327,0.023303862640581173,0.0,0.0,0.0,0.0,0.0,0.0,0.0,0.0,0.0,0.0,0.0,0.0,0.0,0.0,0.0,0.0,0.0,0.0,0.0,0.0,0.0,0.0,0.0,0.0,0.011961722488038281,1.0765550239234452,9.294258373205743,15.22727272727273,4.150717703349283,0.2392344497607656,0.9087811796218093,0.02305648499180159,0.0,0.0,0.0,0.0,0.0,0.0,0.0,0.0,0.0,0.0,0.0,0.0,0.0,0.0,0.0,0.0,0.0,0.0,0.0,0.0,0.0,0.0,0.0,0.0,0.012992637505413601,1.1563447379818106,9.432654828930275,14.915547856214815,4.36552620181897,0.11693373754872241,0.4077,0.012436,0.0,0.0,0.0,0.0,0.0,0.0,0.0,0.0,0.0,0.0,0.0,8.002392344497595,21.399521531100483,0.598086124401914,0.0,0.0,0.0,0.0,0.0,0.0,0.0,0.0,0.0,0.0,0.0,0.0,0.0,0.0,0.0,0.0,0.4087,0.012436,0.0,0.0,0.0,0.0,0.0,0.0,0.0,0.0,0.0,0.0,0.0,7.288869640537018,22.07449112169771,0.6366392377652664,0.0,0.0,0.0,0.0,0.0,0.0,0.0,0.0,0.0,0.0,0.0,0.0,0.0,0.0,0.0,0.0
70600,4911,2503,0.5096721645286092,1184,1013,0.4473630625127265,1371,0.5583384239462431,0.4020000000000001,2.883720930232558,3.093466608247022,6.58599695585997,2.129516838746572,8369.501771533292,506.60518678237884,7853.0,8866.4,8866.4,0.0,7853.0,0.0,27.985746283852574,20.89916742336871,33.00097252613664,19.13371884188043,0.140297291793932,0.10262675626145389,0.08694766849928731,0.0877621665648544,0.07900631236000814,0.07391569945021381,0.0678069639584606,0.06963958460598656,0.06373447363062512,0.04886988393402566,0.0500916310323763,0.03685603746691102,0.028711056811240074,0.02504581551618815,0.017918957442476072,0.012217470983506415,0.00855222968845449,0.9075243726472849,0.022404457273779127,0.0,0.0,0.0,0.0,0.0,0.0,0.0,0.0,0.0,0.0,0.0,0.0,0.0,0.0,0.0,0.0,0.0,0.0,0.0,0.0,0.0,0.0,0.0,0.0,0.018326206475259624,0.9712889431887601,9.914477703115457,15.210751374465488,3.7690897984117293,0.11606597434331095,4.332058636073932,2.8683674513475355,nan,nan,nan,4.374920432845322,2.8832769064593013,4.289087428206765,2.852695340407623,0.9803806706987963,0.4075,0.01276,0.0,0.0,0.0,0.0,0.0,0.0,0.0,0.0,0.0,0.0,0.024434941967012833,7.941356139279157,21.429444105070257,0.6047648136835676,0.0,0.0,0.0,0.0,0.0,0.0,0.0,0.0,0.0,0.0,0.0,0.0,0.0,0.0,0.0,0.0,nan,nan,4.332058636073932,2.8683674513475355,nan,0.4077,0.0676,0.0,0.0,0.0,0.0,0.0,0.0,0.0,0.0,0.0,0.0,0.0,0.0,0.0,0.0,0.0,0.0,0.0,0.0,0.0012217470983506415,0.0009366727754021584,1.0181225819588678e-05,0.0015271838729383018,0.006821421299124415,0.0035328853593972714,0.0002341681938505396,0.0034005294237426185,0.000285074322948483,0.0025860313581755243,0.005691305233150071,0.005110975361433516,0.04081653431073101,0.01756261453879047,0.05718794542862961,0.021767460802280595,0.024913459580533495,0.030553858684585624,0.04542862960700468,0.036927306047648135,0.04188556302178782,0.05140500916310324,0.07192017918957443,0.058216249236408064,0.0849725106902871,0.05219914477703116,0.04961311341885563,0.059417633883119526,0.031938505396049685,0.03473834249643657,0.05590511097536143,0.016371411117898596,0.007045408267155366,0.02966809203828141,0.010832824272042354,0.0013541030340052942,0.01588271227855834,0.004377927102423132,0.005956017104459377,0.005202606393809815,0.0017817145184280188,0.0003359804520464264,0.002321319486866219,0.0,0.0,0.0,0.0001425371614742415,0.0,0.0,0.0,0.0,0.0,0.0,0.0,0.0,0.0,0.0,0.0,0.0,0.0,0.0,0.0,0.0,0.0,0.0,0.0,0.0,0.0,0.0,0.0,0.0,0.0,0.0,0.0,0.0,0.0,0.0,0.0,0.0,0.0,0.0,0.0,0.0,nan,nan,4.332058636073932,2.8683674513475355,nan,0.9074632243971038,0.022672652272898233,0.0,0.0,0.0,0.0,0.0,0.0,0.0,0.0,0.0,0.0,0.0,0.0,0.0,0.0,0.0,0.0,0.0,0.0,0.0,0.0,0.0,0.0,0.0,0.0,0.03595685177786657,1.0427487015581305,9.768278066320416,15.317618857371157,3.6915701158609675,0.14382740711146627,0.9075879333076683,0.02212205624919601,0.0,0.0,0.0,0.0,0.0,0.0,0.0,0.0,0.0,0.0,0.0,0.0,0.0,0.0,0.0,0.0,0.0,0.0,0.0,0.0,0.0,0.0,0.0,0.0,0.0,0.8970099667774089,10.066445182724253,15.099667774086381,3.8496677740863796,0.08720930232558143,0.4077,0.01265,0.0,0.0,0.0,0.0,0.0,0.0,0.0,0.0,0.0,0.0,0.023971234518577713,7.92249300838992,21.526168597682787,0.5273671594087096,0.0,0.0,0.0,0.0,0.0,0.0,0.0,0.0,0.0,0.0,0.0,0.0,0.0,0.0,0.0,0.0,0.4075,0.01288,0.0,0.0,0.0,0.0,0.0,0.0,0.0,0.0,0.0,0.0,0.02491694352159469,7.960963455149489,21.328903654485057,0.685215946843854,0.0,0.0,0.0,0.0,0.0,0.0,0.0,0.0,0.0,0.0,0.0,0.0,0.0,0.0,0.0,0.0
70700,4914,2580,0.525030525030525,1203,1011,0.45054945054945056,1379,0.5612535612535613,0.4020000000000001,2.942159383033419,3.0272393410043956,6.468606431852987,2.0959402279847623,8385.065934065935,506.06467905689937,7853.0,8866.4,8866.399999999998,1.8189894035458565e-12,7853.0,0.0,28.287138787138787,20.75859780473508,33.03460706560923,19.005893522913215,0.13125763125763126,0.09584859584859586,0.09910459910459911,0.08282458282458283,0.08038258038258038,0.07916157916157916,0.07102157102157103,0.06593406593406594,0.05636955636955637,0.05128205128205128,0.04538054538054538,0.046194546194546195,0.037037037037037035,0.024013024013024013,0.019943019943019943,0.008547008547008548,0.005698005698005698,0.90754712071902,0.022691390232351116,0.0,0.0,0.0,0.0,0.0,0.0,0.0,0.0,0.0,0.0,0.0,0.0,0.0,0.0,0.0,0.0,0.0,0.0,0.0,0.0,0.0,0.0,0.0,0.0,0.024420024420024427,0.9340659340659343,10.31746031746032,14.761904761904765,3.8583638583638593,0.1037851037851038,4.184884447220488,2.8468370302128885,nan,nan,nan,4.0953865336658355,2.828471854224971,4.274718397997497,2.862340017803849,1.0437887517716524,0.4072,0.01274,0.0,0.0,0.0,0.0,0.0,0.0,0.0,0.0,0.0,0.0,0.024420024420024427,8.485958485958474,20.95238095238096,0.5372405372405373,0.0,0.0,0.0,0.0,0.0,0.0,0.0,0.0,0.0,0.0,0.0,0.0,0.0,0.0,0.0,0.0,nan,nan,4.184884447220488,2.8468370302128885,nan,0.4072,0.0679,0.0,0.0,0.0,0.0,0.0,0.0,0.0,0.0,0.0,0.0,0.0,0.0,0.0,0.0,0.0,0.0,0.0,0.0,0.0016585266585266586,0.0008547008547008547,0.0,0.00173992673992674,0.00698005698005698,0.0032865282865282867,0.00035612535612535614,0.003072853072853073,0.000407000407000407,0.0024114774114774116,0.005423280423280424,0.004995929995929996,0.04111721611721612,0.016697191697191697,0.059574684574684574,0.022252747252747253,0.025427350427350427,0.03258038258038258,0.04653032153032153,0.036945461945461944,0.04027269027269027,0.047975172975172974,0.07181522181522182,0.060042735042735045,0.08612128612128613,0.05191290191290191,0.04794464794464794,0.058424908424908426,0.032346357346357345,0.03458485958485959,0.05239112739112739,0.017073667073667073,0.0070309320309320305,0.029985754985754984,0.01342083842083842,0.0009157509157509158,0.01565934065934066,0.003917378917378918,0.006125356125356125,0.004802604802604802,0.002096052096052096,0.00022385022385022386,0.002401302401302401,0.0,0.0,0.0,0.0002035002035002035,0.0,0.0,0.0,0.0,0.0,0.0,0.0,0.0,0.0,0.0,0.0,0.0,0.0,0.0,0.0,0.0,0.0,0.0,0.0,0.0,0.0,0.0,0.0,0.0,0.0,0.0,0.0,0.0,0.0,0.0,0.0,0.0,0.0,0.0,0.0,0.0,nan,nan,4.184884447220488,2.8468370302128885,nan,0.9079340263392575,0.022695720467866,0.0,0.0,0.0,0.0,0.0,0.0,0.0,0.0,0.0,0.0,0.0,0.0,0.0,0.0,0.0,0.0,0.0,0.0,0.0,0.0,0.0,0.0,0.0,0.0,0.02325581395348838,0.8372093023255816,10.209302325581397,14.82558139534884,3.9767441860465125,0.12790697674418608,0.9071194358431792,0.022678923058186008,0.0,0.0,0.0,0.0,0.0,0.0,0.0,0.0,0.0,0.0,0.0,0.0,0.0,0.0,0.0,0.0,0.0,0.0,0.0,0.0,0.0,0.0,0.0,0.0,0.025706940874035997,1.0411311053984578,10.437017994858614,14.691516709511571,3.727506426735219,0.07712082262210798,0.4075,0.01246,0.0,0.0,0.0,0.0,0.0,0.0,0.0,0.0,0.0,0.0,0.02325581395348838,8.441860465116266,21.01162790697675,0.5232558139534884,0.0,0.0,0.0,0.0,0.0,0.0,0.0,0.0,0.0,0.0,0.0,0.0,0.0,0.0,0.0,0.0,0.407,0.01305,0.0,0.0,0.0,0.0,0.0,0.0,0.0,0.0,0.0,0.0,0.025706940874035997,8.534704370179936,20.886889460154244,0.5526992287917739,0.0,0.0,0.0,0.0,0.0,0.0,0.0,0.0,0.0,0.0,0.0,0.0,0.0,0.0,0.0,0.0
70800,4934,2535,0.5137819213619781,1161,1035,0.4450749898662343,1389,0.5630320226996351,0.4180000000000001,3.024176740308462,3.165610712553842,6.83614088820827,2.1064573203916024,8373.666599108228,506.50747685434004,7853.0,8866.4,8866.399999999998,1.8189894035458565e-12,7853.0,0.0,27.95946493717065,20.92170772843131,32.775588659298414,19.237085258870074,0.13518443453587353,0.09890555330360762,0.09850020267531415,0.08816376165383057,0.07985407377381434,0.07600324280502635,0.07215241183623834,0.060397243615727604,0.060397243615727604,0.050466153222537495,0.04296716659910823,0.039724361572760436,0.032833400891771385,0.025334414268342115,0.02107823267126064,0.011755168220510741,0.006282934738548845,0.9059986418613694,0.022679088117817534,0.0,0.0,0.0,0.0,0.0,0.0,0.0,0.0,0.0,0.0,0.0,0.0,0.0,0.0,0.0,0.0,0.0,0.0,0.0,0.0,0.0,0.0,0.0,0.0,0.024321037697608437,1.2403729225780302,10.658694770976897,14.580462099716257,3.392784758816377,0.10336441021483586,4.358974358974359,2.8914585917635436,nan,nan,nan,4.448823903369358,2.8582900836517835,4.269861286254729,2.921255254720156,0.9597730499112158,0.407,0.012825,0.0,0.0,0.0,0.0,0.0,0.0,0.0,0.0,0.0,0.0,0.024321037697608437,8.798135387109836,20.648561005269563,0.5289825699229834,0.0,0.0,0.0,0.0,0.0,0.0,0.0,0.0,0.0,0.0,0.0,0.0,0.0,0.0,0.0,0.0,nan,nan,4.358974358974359,2.8914585917635436,nan,0.407,0.0678,0.0,0.0,0.0,0.0,0.0,0.0,0.0,0.0,0.0,0.0,0.0,0.0,0.0,0.0,0.0,0.0,0.0,0.0,0.0016720713417105796,0.0009829752736116742,0.0,0.0018646128901499796,0.006789623023915687,0.0030705310093230645,0.00038508309687880016,0.0026651803810295908,0.00031414673692744226,0.002553708958248885,0.007346980137819214,0.0043676530198621805,0.04021078232671261,0.01674098094852047,0.06003242805026348,0.020419537900283745,0.026297122010539117,0.034201459262261855,0.048510336441021484,0.03722132144304824,0.03917713822456425,0.047638832590190514,0.07005472233481962,0.063447507093636,0.08745439805431698,0.051560599918929875,0.04801378192136198,0.05533036076205918,0.031222132144304825,0.034951357924604784,0.049199432509120386,0.01860559383867045,0.008279286582894204,0.030543169841913256,0.012758411025537089,0.001388325901905148,0.015666801783542763,0.003962302391568707,0.006799756789623024,0.004012971220105391,0.00205715443858938,0.00010133765707336846,0.0018038102959059587,1.0133765707336847e-05,0.0,0.0,0.00031414673692744226,0.0,0.0,0.0,0.0,0.0,0.0,0.0,0.0,0.0,0.0,0.0,0.0,0.0,0.0,0.0,0.0,0.0,0.0,0.0,0.0,0.0,0.0,0.0,0.0,0.0,0.0,0.0,0.0,0.0,0.0,0.0,0.0,0.0,0.0,0.0,0.0,nan,nan,4.358974358974359,2.8914585917635436,nan,0.90569246454822,0.022734971554739636,0.0,0.0,0.0,0.0,0.0,0.0,0.0,0.0,0.0,0.0,0.0,0.0,0.0,0.0,0.0,0.0,0.0,0.0,0.0,0.0,0.0,0.0,0.0,0.0,0.035502958579881665,1.1834319526627222,10.875739644970418,14.497041420118347,3.2899408284023677,0.11834319526627221,0.9063221764544638,0.02261538274284284,0.0,0.0,0.0,0.0,0.0,0.0,0.0,0.0,0.0,0.0,0.0,0.0,0.0,0.0,0.0,0.0,0.0,0.0,0.0,0.0,0.0,0.0,0.0,0.0,0.012505210504376826,1.3005418924551901,10.429345560650274,14.668611921634017,3.5014589412255113,0.08753647353063779,0.4067,0.012794,0.0,0.0,0.0,0.0,0.0,0.0,0.0,0.0,0.0,0.0,0.023668639053254444,8.733727810650874,20.71005917159764,0.5325443786982249,0.0,0.0,0.0,0.0,0.0,0.0,0.0,0.0,0.0,0.0,0.0,0.0,0.0,0.0,0.0,0.0,0.407,0.01285,0.0,0.0,0.0,0.0,0.0,0.0,0.0,0.0,0.0,0.0,0.025010421008753652,8.866194247603156,20.58357649020426,0.5252188411838267,0.0,0.0,0.0,0.0,0.0,0.0,0.0,0.0,0.0,0.0,0.0,0.0,0.0,0.0,0.0,0.0
70900,4316,2222,0.5148285449490269,1024,881,0.4413809082483781,1243,0.5759962928637627,0.3940000000000001,2.879178605539637,2.926873165485535,5.9829721362229105,2.1451986468664686,8374.727247451343,506.4771187665203,7853.0,8866.4,8866.399999999998,1.8189894035458565e-12,7853.0,0.0,29.477988878591287,21.455316569925607,34.18453188602442,19.674657181984912,0.12720111214087118,0.09569045412418907,0.08804448563484708,0.08572752548656164,0.07924003707136237,0.07066728452270621,0.07159406858202039,0.06325301204819277,0.05282669138090825,0.056533827618164965,0.05213160333642261,0.04680259499536608,0.03475440222428174,0.029657089898053754,0.026876737720111215,0.009267840593141797,0.009731232622798888,0.9061771837564615,0.02245086684637387,0.0,0.0,0.0,0.0,0.0,0.0,0.0,0.0,0.0,0.0,0.0,0.0,0.0,0.0,0.0,0.0,0.0,0.0,0.0,0.0,0.0,0.0,0.0,0.0,0.0,1.2650602409638556,10.30120481927711,15.020852641334573,3.3294717330861916,0.08341056533827619,3.956914523974983,2.707584475210439,nan,nan,nan,3.915443745632425,2.699324228036594,3.9979267449896336,2.715105786792235,1.021066066764263,0.4062,0.012474,0.0,0.0,0.0,0.0,0.0,0.0,0.0,0.0,0.0,0.0,0.03475440222428175,9.348934198331776,20.275718257645973,0.34059314179796113,0.0,0.0,0.0,0.0,0.0,0.0,0.0,0.0,0.0,0.0,0.0,0.0,0.0,0.0,0.0,0.0,nan,nan,3.956914523974983,2.707584475210439,nan,0.4062,0.0677,0.0,0.0,0.0,0.0,0.0,0.0,0.0,0.0,0.0,0.0,0.0,0.0,0.0,0.0,0.0,0.0,3.475440222428174e-05,0.0,0.0018651529193697868,0.000938368860055607,1.1584800741427247e-05,0.0020041705282669137,0.006696014828544949,0.0025486561631139944,0.0002664504170528267,0.0024559777571825764,0.00028962001853568116,0.002444392956441149,0.007530120481927711,0.005259499536607971,0.04003707136237257,0.01755097312326228,0.06188600556070436,0.019601482854494902,0.028012048192771085,0.0336306765523633,0.04774096385542169,0.03765060240963856,0.03958526413345691,0.04907321594068582,0.06989110287303059,0.06344995366079703,0.08715245597775718,0.051714550509731234,0.04653614457831325,0.05909406858202039,0.030201575532900832,0.03398980537534754,0.04833178869323448,0.017180259499536606,0.007947173308619092,0.029019925857275256,0.011689063948100093,0.0011584800741427247,0.01561631139944393,0.0037071362372567192,0.007727062094531974,0.004599165894346617,0.0016450417052826692,8.109360518999074e-05,0.0017956441149212232,0.0,0.0,0.0,0.00035912882298424467,0.0,0.0,0.0,0.0,0.0,0.0,0.0,0.0,0.0,0.0,0.0,0.0,0.0,0.0,0.0,0.0,0.0,0.0,0.0,0.0,0.0,0.0,0.0,0.0,0.0,0.0,0.0,0.0,0.0,0.0,0.0,0.0,0.0,0.0,0.0,0.0,nan,nan,3.956914523974983,2.707584475210439,nan,0.905918492565919,0.022439016088348054,0.0,0.0,0.0,0.0,0.0,0.0,0.0,0.0,0.0,0.0,0.0,0.0,0.0,0.0,0.0,0.0,0.0,0.0,0.0,0.0,0.0,0.0,0.0,0.0,0.0,1.2286228622862287,10.51755175517552,14.878487848784882,3.3078307830783085,0.06750675067506752,0.9064516879710678,0.022460177096648735,0.0,0.0,0.0,0.0,0.0,0.0,0.0,0.0,0.0,0.0,0.0,0.0,0.0,0.0,0.0,0.0,0.0,0.0,0.0,0.0,0.0,0.0,0.0,0.0,0.0,1.3037249283667625,10.07163323782235,15.171919770773643,3.3524355300859607,0.10028653295128942,0.4062,0.012665,0.0,0.0,0.0,0.0,0.0,0.0,0.0,0.0,0.0,0.0,0.05400540054005402,9.315931593159302,20.292529252925295,0.3375337533753376,0.0,0.0,0.0,0.0,0.0,0.0,0.0,0.0,0.0,0.0,0.0,0.0,0.0,0.0,0.0,0.0,0.4062,0.012276,0.0,0.0,0.0,0.0,0.0,0.0,0.0,0.0,0.0,0.0,0.014326647564469917,9.38395415472778,20.257879656160462,0.34383954154727797,0.0,0.0,0.0,0.0,0.0,0.0,0.0,0.0,0.0,0.0,0.0,0.0,0.0,0.0,0.0,0.0
71000,4221,2204,0.5221511490168207,1059,851,0.45249940772328834,1179,0.55863539445629,0.4180000000000001,3.028755577590481,3.134272632731779,6.6761565836298935,2.16616676795319,8382.147974413647,506.2025073473304,7853.0,8866.4,8866.4,0.0,7853.0,0.0,27.742714996446338,20.532294602658347,32.85434412265758,18.624203434977524,0.14546316038853352,0.09144752428334518,0.09215825633736081,0.08694622127457949,0.08291873963515754,0.07841743662639185,0.06870409855484483,0.06609808102345416,0.057569296375266525,0.05662165363657901,0.046671404880360104,0.03980099502487562,0.031982942430703626,0.024401800521203505,0.01468846244965648,0.009950248756218905,0.006159677801468846,0.906080087844977,0.022533906952043308,0.0,0.0,0.0,0.0,0.0,0.0,0.0,0.0,0.0,0.0,0.0,0.0,0.0,0.0,0.0,0.0,0.0,0.0,0.0,0.0,0.0,0.0,0.0,0.0,0.007107320540156363,1.2935323383084578,10.284292821606256,15.174129353233834,3.169864960909738,0.07107320540156363,4.310103244837758,2.9123252458170086,nan,nan,nan,4.391660461653015,2.920386478413254,4.230094959824689,2.9021691703105397,0.9632108394446521,0.4075,0.01229,0.0,0.0,0.0,0.0,0.0,0.0,0.0,0.0,0.0,0.0,0.007107320540156363,8.081023454157771,21.478322672352526,0.43354655294953814,0.0,0.0,0.0,0.0,0.0,0.0,0.0,0.0,0.0,0.0,0.0,0.0,0.0,0.0,0.0,0.0,nan,nan,4.310103244837758,2.9123252458170086,nan,0.4075,0.0677,0.0,0.0,0.0,0.0,0.0,0.0,0.0,0.0,0.0,0.0,0.0,0.0,0.0,0.0,0.0,0.0,0.0,0.0,0.0018597488746742478,0.0008765695332859512,1.1845534233593935e-05,0.0013385453683961146,0.006195214404169628,0.002712627339493011,0.0006159677801468846,0.0018715944089078417,0.0002487562189054726,0.0021085050935797205,0.008386638237384506,0.005934612651030562,0.03943378346363421,0.01661928452973229,0.05698886519782042,0.018869936034115138,0.029969201610992657,0.03460080549632789,0.04607912816868041,0.037585880123193555,0.04093816631130064,0.05157545605306799,0.06633499170812604,0.06511490168206586,0.08502724472873727,0.05049751243781095,0.04703861644160152,0.05912106135986733,0.029945510542525467,0.035903814262023215,0.04912343046671405,0.01896470030798389,0.0071665482113243304,0.02886756692726842,0.012722103766879886,0.001468846244965648,0.01763800047382137,0.004086709310589908,0.006811182184316512,0.005460791281686804,0.001990049751243781,0.0,0.0013859275053304905,0.0,0.0,1.1845534233593935e-05,0.0004975124378109452,0.0,0.0,0.0,0.0,0.0,0.0,0.0,0.0,0.0,0.0,0.0,0.0,0.0,0.0,0.0,0.0,0.0,0.0,0.0,0.0,0.0,0.0,0.0,0.0,0.0,0.0,0.0,0.0,0.0,0.0,0.0,0.0,0.0,0.0,0.0,0.0,nan,nan,4.310103244837758,2.9123252458170086,nan,0.9064710487471301,0.022323208897219,0.0,0.0,0.0,0.0,0.0,0.0,0.0,0.0,0.0,0.0,0.0,0.0,0.0,0.0,0.0,0.0,0.0,0.0,0.0,0.0,0.0,0.0,0.0,0.0,0.0,1.088929219600726,10.31760435571688,15.32667876588022,3.171506352087115,0.09528130671506355,0.9056528801958219,0.02275423017389745,0.0,0.0,0.0,0.0,0.0,0.0,0.0,0.0,0.0,0.0,0.0,0.0,0.0,0.0,0.0,0.0,0.0,0.0,0.0,0.0,0.0,0.0,0.0,0.0,0.014873574615765993,1.5171046108081312,10.247892910262768,15.007436787307887,3.1680713931581566,0.044620723847297976,0.4077,0.012184,0.0,0.0,0.0,0.0,0.0,0.0,0.0,0.0,0.0,0.0,0.0,7.949183303085288,21.737749546279495,0.3130671506352088,0.0,0.0,0.0,0.0,0.0,0.0,0.0,0.0,0.0,0.0,0.0,0.0,0.0,0.0,0.0,0.0,0.4075,0.01241,0.0,0.0,0.0,0.0,0.0,0.0,0.0,0.0,0.0,0.0,0.014873574615765993,8.225086762518579,21.19484382746654,0.5651958353991077,0.0,0.0,0.0,0.0,0.0,0.0,0.0,0.0,0.0,0.0,0.0,0.0,0.0,0.0,0.0,0.0
71100,4166,2168,0.5204032645223235,1025,863,0.4531925108017283,1191,0.57177148343735,0.3980000000000001,3.0115115115115114,3.1572671653775504,6.753130590339893,2.20015124763348,8380.376668266921,506.277952699285,7853.0,8866.4,8866.4,0.0,7853.0,0.0,28.455592894863177,20.98211114646565,33.120869810787916,19.295179309081536,0.12842054728756602,0.10153624579932789,0.09049447911665867,0.09049447911665867,0.08233317330772924,0.07657225156024965,0.06673067690830532,0.0657705232837254,0.059049447911665866,0.04872779644743159,0.046807489198271726,0.04488718194911186,0.03528564570331253,0.023523763802208355,0.01800288046087374,0.013682189150264042,0.007681228996639462,0.9056143323303815,0.022718806752225526,0.0,0.0,0.0,0.0,0.0,0.0,0.0,0.0,0.0,0.0,0.0,0.0,0.0,0.0,0.0,0.0,0.0,0.0,0.0,0.0,0.0,0.0,0.0,0.0,0.014402304368698994,1.3106096975516084,10.60009601536246,14.697551608257324,3.283725396063371,0.09361497839654348,4.160877513711152,2.9220972342519795,nan,nan,nan,4.064468864468864,2.8516850285011897,4.2569343065693435,2.987511613035193,1.0473531594209002,0.407,0.01255,0.0,0.0,0.0,0.0,0.0,0.0,0.0,0.0,0.0,0.0,0.03600576092174749,8.37493999039845,21.207393182909268,0.3816610657705234,0.0,0.0,0.0,0.0,0.0,0.0,0.0,0.0,0.0,0.0,0.0,0.0,0.0,0.0,0.0,0.0,nan,nan,4.160877513711152,2.9220972342519795,nan,0.407,0.0682,0.0,0.0,0.0,0.0,0.0,0.0,0.0,0.0,0.0,0.0,0.0,0.0,0.0,0.0,0.0,0.0,0.0,0.0,0.0018362938070091215,0.0009361497839654345,0.0,0.0015362457993278924,0.007537205952952472,0.0030964954392702832,0.00040806529044647144,0.0016682669227076332,0.00027604416706673065,0.0021483437349975997,0.006349015842534805,0.005892942870859338,0.04005040806529045,0.018074891982717233,0.056469035045607296,0.019515122419587135,0.031529044647143546,0.03491358617378781,0.04647143542966875,0.03889822371579453,0.039534325492078734,0.051968314930388865,0.06712674027844455,0.0648703792606817,0.08305328852616418,0.051032165146423426,0.04775564090254441,0.05999759961593855,0.028876620259241478,0.03341334613538166,0.04675948151704273,0.018410945751320212,0.007789246279404705,0.027832453192510802,0.011329812770043206,0.002028324531925108,0.020103216514642343,0.004356697071531445,0.006625060009601536,0.0051368218915026406,0.002208353336533845,0.0,0.001500240038406145,0.0,0.0,0.0,0.0006841094575132021,0.0,0.0,0.0,0.0,0.0,0.0,0.0,0.0,0.0,0.0,0.0,0.0,0.0,0.0,0.0,0.0,0.0,0.0,0.0,0.0,0.0,0.0,0.0,0.0,0.0,0.0,0.0,0.0,0.0,0.0,0.0,0.0,0.0,0.0,0.0,0.0,nan,nan,4.160877513711152,2.9220972342519795,nan,0.9061978535513596,0.022262053070157637,0.0,0.0,0.0,0.0,0.0,0.0,0.0,0.0,0.0,0.0,0.0,0.0,0.0,0.0,0.0,0.0,0.0,0.0,0.0,0.0,0.0,0.0,0.0,0.0,0.0,1.120848708487085,10.475092250922511,15.000000000000004,3.321033210332104,0.0830258302583026,0.9049811621566674,0.02318764905530438,0.0,0.0,0.0,0.0,0.0,0.0,0.0,0.0,0.0,0.0,0.0,0.0,0.0,0.0,0.0,0.0,0.0,0.0,0.0,0.0,0.0,0.0,0.0,0.0,0.030030030030030037,1.5165165165165166,10.735735735735737,14.369369369369373,3.2432432432432443,0.10510510510510514,0.4072,0.01243,0.0,0.0,0.0,0.0,0.0,0.0,0.0,0.0,0.0,0.0,0.0415129151291513,8.039667896678955,21.517527675276757,0.40129151291512927,0.0,0.0,0.0,0.0,0.0,0.0,0.0,0.0,0.0,0.0,0.0,0.0,0.0,0.0,0.0,0.0,0.4067,0.01269,0.0,0.0,0.0,0.0,0.0,0.0,0.0,0.0,0.0,0.0,0.030030030030030037,8.738738738738727,20.870870870870874,0.3603603603603604,0.0,0.0,0.0,0.0,0.0,0.0,0.0,0.0,0.0,0.0,0.0,0.0,0.0,0.0,0.0,0.0
71200,4037,2066,0.511766162992321,943,829,0.4389398067872182,1147,0.568243745355462,0.4220000000000001,2.987316083206494,3.07315531053984,6.486725663716814,2.142346097353506,8371.623829576416,506.55968284915093,7853.0,8866.4,8866.399999999998,1.8189894035458565e-12,7853.0,0.0,28.3792420113946,21.394812886526516,33.66379310344828,19.523810503472557,0.14639583849393115,0.09487243002229379,0.08867971265791429,0.09066138221451572,0.07604656923458013,0.06886301709189993,0.0678721823135992,0.0681198910081744,0.05375278672281397,0.049294030220460736,0.04805548674758484,0.04508298241268269,0.03492692593510032,0.025266286846668318,0.01857815209313847,0.01733960862026257,0.00619271736437949,0.905459517738091,0.022443593243015883,0.0,0.0,0.0,0.0,0.0,0.0,0.0,0.0,0.0,0.0,0.0,0.0,0.0,0.0,0.0,0.0,0.0,0.0,0.0,0.0,0.0,0.0,0.0,0.0,0.037156304186276946,1.263314342333416,10.73074064899678,14.647015110230372,3.262323507555116,0.059450086698043116,4.2666411629686305,2.8156268971223986,nan,nan,nan,4.269914926527456,2.8503265970235514,4.263436790310371,2.7812397364468984,0.9984828418531625,0.4077,0.01234,0.0,0.0,0.0,0.0,0.0,0.0,0.0,0.0,0.0,0.0,0.022293782511766166,7.981174139212275,21.476343819668074,0.5201882586078772,0.0,0.0,0.0,0.0,0.0,0.0,0.0,0.0,0.0,0.0,0.0,0.0,0.0,0.0,0.0,0.0,nan,nan,4.2666411629686305,2.8156268971223986,nan,0.4077,0.069,0.0,0.0,0.0,0.0,0.0,0.0,0.0,0.0,0.0,0.0,0.0,0.0,0.0,0.0,0.0,0.0,0.0,2.4770869457517957e-05,0.0021922219469903393,0.0006935843448105029,1.2385434728758979e-05,0.0011518454297745851,0.007517958880356701,0.002935348030715878,0.00013623978201634878,0.0025390141193955907,0.00019816695566014366,0.0021302947733465444,0.007171166707951449,0.0060564775823631406,0.03955907852365618,0.018280901659648255,0.05681198910081744,0.019209809264305176,0.02987366856576666,0.03828337874659401,0.04643299479811741,0.038320535050780286,0.038432003963339116,0.04962843695813723,0.0670918999256874,0.06115927669061184,0.08080257617042358,0.051882586078771366,0.04609858806044092,0.06161753777557592,0.028944760961109733,0.03574436462719841,0.04811741392122863,0.01698043101312856,0.008360168441912312,0.027347039881099825,0.012571216249690364,0.0020435967302452314,0.02267773098835769,0.0035793906366113452,0.006564280406242259,0.006118404756006936,0.002526628684666832,0.0,0.0016472628189249442,0.0,0.0,0.0,0.0005325736933366361,0.0,0.0,0.0,0.0,0.0,0.0,0.0,0.0,0.0,0.0,0.0,0.0,0.0,0.0,0.0,0.0,0.0,0.0,0.0,0.0,0.0,0.0,0.0,0.0,0.0,0.0,0.0,0.0,0.0,0.0,0.0,0.0,0.0,0.0,0.0,0.0,nan,nan,4.2666411629686305,2.8156268971223986,nan,0.9054135223210492,0.022299730494409278,0.0,0.0,0.0,0.0,0.0,0.0,0.0,0.0,0.0,0.0,0.0,0.0,0.0,0.0,0.0,0.0,0.0,0.0,0.0,0.0,0.0,0.0,0.0,0.0,0.014520813165537274,1.2487899322362055,10.91965150048403,14.4917715392062,3.2526621490803493,0.07260406582768636,0.9055077300828946,0.02259330618771667,0.0,0.0,0.0,0.0,0.0,0.0,0.0,0.0,0.0,0.0,0.0,0.0,0.0,0.0,0.0,0.0,0.0,0.0,0.0,0.0,0.0,0.0,0.0,0.0,0.060882800608828024,1.2785388127853883,10.532724505327247,14.809741248097415,3.2724505327245064,0.04566210045662101,0.4077,0.01226,0.0,0.0,0.0,0.0,0.0,0.0,0.0,0.0,0.0,0.0,0.029041626331074547,7.8993223620522635,21.577928363988388,0.4937076476282673,0.0,0.0,0.0,0.0,0.0,0.0,0.0,0.0,0.0,0.0,0.0,0.0,0.0,0.0,0.0,0.0,0.4075,0.01241,0.0,0.0,0.0,0.0,0.0,0.0,0.0,0.0,0.0,0.0,0.015220700152207006,8.066971080669699,21.369863013698634,0.5479452054794521,0.0,0.0,0.0,0.0,0.0,0.0,0.0,0.0,0.0,0.0,0.0,0.0,0.0,0.0,0.0,0.0
71300,4225,2208,0.522603550295858,1092,857,0.46130177514792897,1205,0.570414201183432,0.3980000000000001,2.940505701536936,3.013345023743415,6.373263888888889,2.0193285909282896,8382.606437869821,506.1819683711736,7853.0,8866.4,8866.4,0.0,7853.0,0.0,28.166153846153847,20.62718009277763,32.98290358744394,18.81590031259903,0.13562130177514792,0.09396449704142013,0.09443786982248521,0.08686390532544379,0.07952662721893491,0.07834319526627219,0.06982248520710059,0.06556213017751479,0.06390532544378698,0.053727810650887574,0.046153846153846156,0.038816568047337276,0.033136094674556214,0.02650887573964497,0.01893491124260355,0.009467455621301775,0.005207100591715977,0.9057415782911538,0.0226171171221654,0.0,0.0,0.0,0.0,0.0,0.0,0.0,0.0,0.0,0.0,0.0,0.0,0.0,0.0,0.0,0.0,0.0,0.0,0.0,0.0,0.0,0.0,0.0,0.0,0.02840236686390533,1.263905325443787,10.728994082840238,14.648520710059175,3.223668639053255,0.106508875739645,4.15812274368231,2.85944771612486,nan,nan,nan,4.213186813186813,2.938061786337879,4.105413105413105,2.7807333242864027,0.9744199076489113,0.4072,0.01274,0.0,0.0,0.0,0.0,0.0,0.0,0.0,0.0,0.0,0.0,0.042603550295857995,8.343195266272177,21.117159763313612,0.4970414201183433,0.0,0.0,0.0,0.0,0.0,0.0,0.0,0.0,0.0,0.0,0.0,0.0,0.0,0.0,0.0,0.0,nan,nan,4.15812274368231,2.85944771612486,nan,0.4072,0.06885,0.0,0.0,0.0,0.0,0.0,0.0,0.0,0.0,0.0,0.0,0.0,0.0,0.0,0.0,0.0,0.0,0.0,9.467455621301775e-05,0.0021183431952662723,0.0006627218934911243,0.0,0.0014201183431952662,0.0073017751479289945,0.0026272189349112428,0.00010650887573964498,0.0024260355029585797,4.7337278106508875e-05,0.001964497041420118,0.008390532544378698,0.007467455621301775,0.03835502958579882,0.01889940828402367,0.0586508875739645,0.01867455621301775,0.031502958579881654,0.038828402366863905,0.04510059171597633,0.038153846153846156,0.03804733727810651,0.04785798816568047,0.06349112426035503,0.0627810650887574,0.08280473372781065,0.04957396449704142,0.04889940828402367,0.05953846153846154,0.02991715976331361,0.034899408284023666,0.047704142011834316,0.01792899408284024,0.009372781065088757,0.029562130177514793,0.01208284023668639,0.002,0.02060355029585799,0.0028284023668639054,0.006710059171597633,0.006461538461538461,0.0024260355029585797,0.0,0.0013964497041420118,0.0,0.0,0.0,0.0003076923076923077,0.0,1.1834319526627219e-05,0.0,0.0,0.0,0.0,0.0,0.0,0.0,0.0,0.0,0.0,0.0,0.0,0.0,0.0,0.0,0.0,0.0,0.0,0.0,0.0,0.0,0.0,0.0,0.0,0.0,0.0,0.0,0.0,0.0,0.0,0.0,0.0,0.0,0.0,nan,nan,4.15812274368231,2.85944771612486,nan,0.9054434585344532,0.022724357460921954,0.0,0.0,0.0,0.0,0.0,0.0,0.0,0.0,0.0,0.0,0.0,0.0,0.0,0.0,0.0,0.0,0.0,0.0,0.0,0.0,0.0,0.0,0.0,0.0,0.027173913043478267,1.345108695652174,11.019021739130437,14.184782608695656,3.328804347826088,0.09510869565217393,0.9060679285255587,0.022494606179227654,0.0,0.0,0.0,0.0,0.0,0.0,0.0,0.0,0.0,0.0,0.0,0.0,0.0,0.0,0.0,0.0,0.0,0.0,0.0,0.0,0.0,0.0,0.0,0.0,0.029747149231531985,1.1750123946455133,10.411502231036193,15.156172533465547,3.1085770946950926,0.11898859692612794,0.4072,0.012985,0.0,0.0,0.0,0.0,0.0,0.0,0.0,0.0,0.0,0.0,0.06793478260869566,8.288043478260859,21.059782608695656,0.5842391304347827,0.0,0.0,0.0,0.0,0.0,0.0,0.0,0.0,0.0,0.0,0.0,0.0,0.0,0.0,0.0,0.0,0.4072,0.01245,0.0,0.0,0.0,0.0,0.0,0.0,0.0,0.0,0.0,0.0,0.014873574615765993,8.403569657907772,21.179970252850772,0.40158651462568185,0.0,0.0,0.0,0.0,0.0,0.0,0.0,0.0,0.0,0.0,0.0,0.0,0.0,0.0,0.0,0.0
71400,4066,2049,0.5039350713231677,972,840,0.4456468273487457,1161,0.5710772257747172,0.4060000000000001,2.9315815567674766,3.085346743709875,6.51595744680851,2.090529295603838,8363.687801278897,506.68430747454556,7853.0,8866.4,8866.399999999998,1.8189894035458565e-12,7853.0,0.0,27.67437284800787,20.621664390056505,32.48918760958504,18.928292967832114,0.1340383669454009,0.10649286768322676,0.09714707329070339,0.08730939498278406,0.08066896212493851,0.06935563207083129,0.07525823905558288,0.06394490900147565,0.06000983767830792,0.049926217412690606,0.04500737825873094,0.04156419085095917,0.03148057058534186,0.025086079685194294,0.016969995081160847,0.009591736350221348,0.006148548942449582,0.9060557736619845,0.02248820130216691,0.0,0.0,0.0,0.0,0.0,0.0,0.0,0.0,0.0,0.0,0.0,0.0,0.0,0.0,0.0,0.0,0.0,0.0,0.0,0.0,0.0,0.0,0.0,0.0,0.0073782587309395,1.1731431382193804,10.506640432857848,14.963108706345306,3.2095425479586828,0.14018691588785048,4.267816091954023,2.8759670405422084,nan,nan,nan,4.319132455460883,2.912421304189774,4.217589082638362,2.8389353915070825,0.9764898683081287,0.407,0.013176,0.0,0.0,0.0,0.0,0.0,0.0,0.0,0.0,0.0,0.0,0.036891293654697496,8.691588785046717,20.718150516478115,0.5533694048204625,0.0,0.0,0.0,0.0,0.0,0.0,0.0,0.0,0.0,0.0,0.0,0.0,0.0,0.0,0.0,0.0,nan,nan,4.267816091954023,2.8759670405422084,nan,0.407,0.06915,0.0,0.0,0.0,0.0,0.0,0.0,0.0,0.0,0.0,0.0,0.0,0.0,0.0,0.0,0.0,0.0,0.0,3.689129365469749e-05,0.0023610427939006395,0.0009468765371372357,0.0,0.0013034923757993114,0.008054599114608952,0.002090506640432858,0.0,0.00308657156910969,3.689129365469749e-05,0.0019183472700442696,0.00925971470732907,0.007120019675356616,0.03896950319724545,0.01823659616330546,0.05912444663059518,0.01708066896212494,0.030779636005902607,0.03877274963108707,0.04305213969503197,0.0411460895228726,0.03808411214953271,0.04766355140186916,0.06489178553861288,0.06260452533202164,0.08218150516478111,0.051217412690605015,0.047958681751106735,0.059013772749631085,0.026168224299065422,0.03689129365469749,0.048278406296114115,0.018630103295622234,0.009038366945400885,0.028307919331037875,0.012838170191834726,0.0015863256271519922,0.02041318248893261,0.0025454992621741267,0.007611903590752582,0.006812592228234137,0.002324151500245942,0.0,0.001426463354648303,0.0,0.0,0.0,0.0001352680767338908,0.0,0.0,0.0,0.0,0.0,0.0,0.0,0.0,0.0,0.0,0.0,0.0,0.0,0.0,0.0,0.0,0.0,0.0,0.0,0.0,0.0,0.0,0.0,0.0,0.0,0.0,0.0,0.0,0.0,0.0,0.0,0.0,0.0,0.0,0.0,0.0,nan,nan,4.267816091954023,2.8759670405422084,nan,0.9060132062219887,0.022295352224200277,0.0,0.0,0.0,0.0,0.0,0.0,0.0,0.0,0.0,0.0,0.0,0.0,0.0,0.0,0.0,0.0,0.0,0.0,0.0,0.0,0.0,0.0,0.0,0.0,0.0,1.0688140556368964,10.54172767203514,15.139092240117133,3.118594436310396,0.13177159590043927,0.9060990164406416,0.022682349370210866,0.0,0.0,0.0,0.0,0.0,0.0,0.0,0.0,0.0,0.0,0.0,0.0,0.0,0.0,0.0,0.0,0.0,0.0,0.0,0.0,0.0,0.0,0.0,0.0,0.014873574615765993,1.2791274169558753,10.470996529499258,14.784333168071397,3.3019335647000503,0.14873574615765991,0.4072,0.01307,0.0,0.0,0.0,0.0,0.0,0.0,0.0,0.0,0.0,0.0,0.04392386530014642,8.579795021961921,20.84919472913617,0.5270863836017571,0.0,0.0,0.0,0.0,0.0,0.0,0.0,0.0,0.0,0.0,0.0,0.0,0.0,0.0,0.0,0.0,0.4067,0.013275,0.0,0.0,0.0,0.0,0.0,0.0,0.0,0.0,0.0,0.0,0.029747149231531985,8.805156172533453,20.58502726822013,0.5800694100148737,0.0,0.0,0.0,0.0,0.0,0.0,0.0,0.0,0.0,0.0,0.0,0.0,0.0,0.0,0.0,0.0
71500,4087,2139,0.5233667726939075,1054,811,0.4563249327134818,1153,0.5642280401272327,0.4020000000000001,2.9840862422997945,3.0306872203297166,6.427065026362039,1.9952594074398435,8383.379887448005,506.14637500475055,7853.0,8866.4,8866.4,0.0,7853.0,0.0,28.17567898213849,20.576353255818965,32.943609022556394,18.765022929083614,0.1348177147051627,0.09591387325666748,0.08979691705407389,0.08661609982872523,0.08465867384389528,0.07536090041595302,0.07340347443112308,0.05970149253731343,0.06630780523611451,0.05260582334230487,0.050159040861267434,0.04257401517005138,0.03156349400538292,0.02373379006606313,0.017616833863469537,0.010031808172253487,0.005138243210178615,0.9067078128489884,0.02270803269086109,0.0,0.0,0.0,0.0,0.0,0.0,0.0,0.0,0.0,0.0,0.0,0.0,0.0,0.0,0.0,0.0,0.0,0.0,0.0,0.0,0.0,0.0,0.0,0.0,0.014680694886224617,1.1083924639099587,10.379251284560805,14.834842182529977,3.523366772693908,0.13946660141913386,4.189300411522634,2.8330668648558777,nan,nan,nan,4.198231392778188,2.84578781610356,4.180988593155893,2.820744004924011,0.9958928420067662,0.4077,0.01288,0.0,0.0,0.0,0.0,0.0,0.0,0.0,0.0,0.0,0.0,0.022021042329336927,8.221189136285771,21.14754098360656,0.6092488377783216,0.0,0.0,0.0,0.0,0.0,0.0,0.0,0.0,0.0,0.0,0.0,0.0,0.0,0.0,0.0,0.0,nan,nan,4.189300411522634,2.8330668648558777,nan,0.4077,0.069,0.0,0.0,0.0,0.0,0.0,0.0,0.0,0.0,0.0,0.0,0.0,0.0,0.0,0.0,0.0,0.0,4.893564962074871e-05,0.00012233912405187178,0.0020919990212870075,0.0007462686567164179,0.0,0.0018717885979936384,0.007511622216784928,0.0015537068754587716,0.0,0.0032419867873746022,7.340347443112308e-05,0.0012967947149498409,0.009199902128700758,0.006691950085637387,0.03925862490824566,0.018265231220944457,0.05650844139955958,0.01773917298752141,0.02961830193295816,0.03968681184242721,0.042659652556887695,0.04099584046978224,0.03737460239784683,0.04873990702226572,0.06696843650599461,0.05938341081477857,0.08436505994617079,0.05325422069977979,0.0509542451676046,0.05637386836310252,0.025691216050893077,0.035747492047956936,0.050159040861267434,0.01786151211157328,0.00915096647908001,0.027611940298507463,0.013689747981404453,0.001920724247614387,0.019084903352091998,0.0019329581600195742,0.00741375091754343,0.009469048201614877,0.0020919990212870075,1.2233912405187178e-05,0.001504771225838023,0.0,0.0,0.0,6.116956202593589e-05,0.0,0.0,0.0,0.0,0.0,0.0,0.0,0.0,0.0,0.0,0.0,0.0,0.0,0.0,0.0,0.0,0.0,0.0,0.0,0.0,0.0,0.0,0.0,0.0,0.0,0.0,0.0,0.0,0.0,0.0,0.0,0.0,0.0,0.0,0.0,0.0,nan,nan,4.189300411522634,2.8330668648558777,nan,0.9070730781432567,0.022401465734384115,0.0,0.0,0.0,0.0,0.0,0.0,0.0,0.0,0.0,0.0,0.0,0.0,0.0,0.0,0.0,0.0,0.0,0.0,0.0,0.0,0.0,0.0,0.0,0.0,0.0,1.0098176718092569,10.098176718092569,15.203366058906035,3.576437587657785,0.11220196353436188,0.9063067335551279,0.023033288885859635,0.0,0.0,0.0,0.0,0.0,0.0,0.0,0.0,0.0,0.0,0.0,0.0,0.0,0.0,0.0,0.0,0.0,0.0,0.0,0.0,0.0,0.0,0.0,0.0,0.03080082135523615,1.2166324435318276,10.687885010266942,14.430184804928135,3.465092402464067,0.1694045174537988,0.408,0.01282,0.0,0.0,0.0,0.0,0.0,0.0,0.0,0.0,0.0,0.0,0.014025245441795234,7.966339410939679,21.36044880785414,0.659186535764376,0.0,0.0,0.0,0.0,0.0,0.0,0.0,0.0,0.0,0.0,0.0,0.0,0.0,0.0,0.0,0.0,0.4075,0.012955,0.0,0.0,0.0,0.0,0.0,0.0,0.0,0.0,0.0,0.0,0.03080082135523615,8.501026694045162,20.91375770020534,0.5544147843942506,0.0,0.0,0.0,0.0,0.0,0.0,0.0,0.0,0.0,0.0,0.0,0.0,0.0,0.0,0.0,0.0
71600,4019,2163,0.5381935804926599,1003,793,0.4468773326698184,1122,0.5583478477233143,0.4140000000000001,3.0953663793103448,3.151877532175888,6.678638941398866,2.207295268156848,8398.40537447126,505.21954038520647,7853.0,8866.4,8866.4,0.0,7853.0,0.0,27.888031848718587,20.72572109450637,32.64418262150221,19.032567798318155,0.1383428713610351,0.10077133615327195,0.08708633988554366,0.09032097536700671,0.08335406817616323,0.07539188852948495,0.07588952475740234,0.06394625528738491,0.05349589450111968,0.05598407564070664,0.04329435182881314,0.03757153520776312,0.0328439910425479,0.027867628763373974,0.017417267977108734,0.009952724558347848,0.006469270962926101,0.9060983252513465,0.02294107656985142,0.0,0.0,0.0,0.0,0.0,0.0,0.0,0.0,0.0,0.0,0.0,0.0,0.0,0.0,0.0,0.0,0.0,0.0,0.0,0.0,0.0,0.0,0.0,0.0,0.02239363025628266,1.1644687733266985,10.629509828315504,14.518536949489926,3.5307290370739,0.13436178153769598,4.266125917342603,2.9435029857853925,nan,nan,nan,4.338849487785658,2.9591778297518205,4.196360879454132,2.9277556671564358,0.9671598176584261,0.4075,0.01266,0.0,0.0,0.0,0.0,0.0,0.0,0.0,0.0,0.0,0.0,0.007464543418760888,8.218462304055723,21.10972878825579,0.664344364269719,0.0,0.0,0.0,0.0,0.0,0.0,0.0,0.0,0.0,0.0,0.0,0.0,0.0,0.0,0.0,0.0,nan,nan,4.266125917342603,2.9435029857853925,nan,0.4075,0.0693,0.0,0.0,0.0,0.0,0.0,0.0,0.0,0.0,0.0,0.0,0.0,0.0,0.0,0.0,0.0,0.0,7.464543418760885e-05,0.0002488181139586962,0.0017417267977108733,0.0003732271709380443,0.0,0.002027867628763374,0.007825329684000995,0.002226922119930331,4.976362279173924e-05,0.0033466036327444637,6.220452848967405e-05,0.0012316496640955462,0.008646429460064694,0.006183130131873601,0.0376337397362528,0.01989300821099776,0.05850957949738741,0.019470017417267976,0.03106494152774322,0.03809405324707639,0.04192585220204031,0.04068176163224683,0.038765862154764866,0.047972132371236625,0.06684498631500373,0.05798706145807415,0.08128887783030604,0.05498880318487186,0.05129385419258522,0.05252550385668077,0.02598905200298582,0.03505847225678029,0.0520029858173675,0.01888529484946504,0.009256033839263498,0.02689723811893506,0.015824832047773078,0.0020651903458571786,0.01913411296342374,0.0013311769096790247,0.00690470266235382,0.00946752923612839,0.002152276685742722,0.0001244090569793481,0.0018661358546902215,0.0,0.0,0.0,6.220452848967405e-05,0.0,0.0,0.0,0.0,0.0,0.0,0.0,0.0,0.0,0.0,0.0,0.0,0.0,0.0,0.0,0.0,0.0,0.0,0.0,0.0,0.0,0.0,0.0,0.0,0.0,0.0,0.0,0.0,0.0,0.0,0.0,0.0,0.0,0.0,0.0,0.0,nan,nan,4.266125917342603,2.9435029857853925,nan,0.9065121357715411,0.02278456578155015,0.0,0.0,0.0,0.0,0.0,0.0,0.0,0.0,0.0,0.0,0.0,0.0,0.0,0.0,0.0,0.0,0.0,0.0,0.0,0.0,0.0,0.0,0.0,0.0,0.02773925104022192,1.040221914008322,10.55478502080444,14.576976421636619,3.6477115117891827,0.15256588072122054,0.9056160665470464,0.023112792466759527,0.0,0.0,0.0,0.0,0.0,0.0,0.0,0.0,0.0,0.0,0.0,0.0,0.0,0.0,0.0,0.0,0.0,0.0,0.0,0.0,0.0,0.0,0.0,0.0,0.01616379310344828,1.3092672413793105,10.716594827586208,14.450431034482763,3.394396551724139,0.11314655172413796,0.408,0.01241,0.0,0.0,0.0,0.0,0.0,0.0,0.0,0.0,0.0,0.0,0.0,7.877947295423012,21.52565880721221,0.5963938973647712,0.0,0.0,0.0,0.0,0.0,0.0,0.0,0.0,0.0,0.0,0.0,0.0,0.0,0.0,0.0,0.0,0.4072,0.012924,0.0,0.0,0.0,0.0,0.0,0.0,0.0,0.0,0.0,0.0,0.01616379310344828,8.615301724137918,20.625000000000004,0.7435344827586208,0.0,0.0,0.0,0.0,0.0,0.0,0.0,0.0,0.0,0.0,0.0,0.0,0.0,0.0,0.0,0.0
71700,3875,2011,0.5189677419354839,932,789,0.4441290322580645,1076,0.5553548387096774,0.4260000000000001,3.013412017167382,3.1779032466131074,6.7752380952380955,2.18107797517348,8378.92190967742,506.3352725105698,7853.0,8866.4,8866.399999999998,1.8189894035458565e-12,7853.0,0.0,28.234322580645163,21.04209749815232,33.26115041525684,19.24139010014578,0.14090322580645162,0.10064516129032258,0.08903225806451613,0.08335483870967741,0.07819354838709677,0.08335483870967741,0.06167741935483871,0.06296774193548386,0.05987096774193548,0.05703225806451613,0.04412903225806451,0.04103225806451613,0.03174193548387097,0.03148387096774193,0.015741935483870966,0.011870967741935483,0.006967741935483871,0.9060515392364994,0.022977184660555098,0.0,0.0,0.0,0.0,0.0,0.0,0.0,0.0,0.0,0.0,0.0,0.0,0.0,0.0,0.0,0.0,0.0,0.0,0.0,0.0,0.0,0.0,0.0,0.0,0.0077419354838709695,1.254193548387097,10.761290322580647,14.338064516129036,3.522580645161291,0.11612903225806455,4.225059856344773,2.9577408173513646,nan,nan,nan,4.14228617106315,2.92056752661167,4.3054226475279105,2.9922844865024656,1.0393831980041326,0.408,0.012886,0.0,0.0,0.0,0.0,0.0,0.0,0.0,0.0,0.0,0.0,0.054193548387096786,7.726451612903214,21.55354838709678,0.6658064516129033,0.0,0.0,0.0,0.0,0.0,0.0,0.0,0.0,0.0,0.0,0.0,0.0,0.0,0.0,0.0,0.0,nan,nan,4.225059856344773,2.9577408173513646,nan,0.408,0.06946,0.0,0.0,0.0,0.0,0.0,0.0,0.0,0.0,0.0,0.0,0.0,0.0,0.0,0.0,0.0,0.0,0.00012903225806451613,0.00016774193548387096,0.002167741935483871,0.0002064516129032258,1.2903225806451613e-05,0.0014967741935483871,0.008012903225806452,0.0022193548387096774,0.00014193548387096775,0.0021548387096774193,3.870967741935484e-05,0.0010967741935483872,0.009651612903225807,0.005793548387096774,0.03878709677419355,0.020929032258064518,0.05700645161290323,0.017909677419354838,0.032038709677419355,0.0368258064516129,0.042012903225806454,0.04095483870967742,0.036180645161290326,0.051045161290322584,0.06630967741935484,0.05798709677419355,0.08054193548387097,0.052851612903225806,0.052929032258064515,0.05108387096774194,0.025406451612903225,0.035470967741935484,0.05664516129032258,0.019251612903225808,0.009496774193548387,0.025058064516129033,0.016864516129032257,0.002529032258064516,0.016683870967741935,0.0009419354838709678,0.008296774193548387,0.009509677419354838,0.002529032258064516,0.0001032258064516129,0.0024516129032258064,0.0,1.2903225806451613e-05,0.0,6.451612903225807e-05,0.0,0.0,0.0,0.0,0.0,0.0,0.0,0.0,0.0,0.0,0.0,0.0,0.0,0.0,0.0,0.0,0.0,0.0,0.0,0.0,0.0,0.0,0.0,0.0,0.0,0.0,0.0,0.0,0.0,0.0,0.0,0.0,0.0,0.0,0.0,0.0,nan,nan,4.225059856344773,2.9577408173513646,nan,0.9053655017791608,0.02340154611799024,0.0,0.0,0.0,0.0,0.0,0.0,0.0,0.0,0.0,0.0,0.0,0.0,0.0,0.0,0.0,0.0,0.0,0.0,0.0,0.0,0.0,0.0,0.0,0.0,0.01491795126802586,1.387369467926405,10.934858279462956,14.097463948284439,3.460964694182,0.10442565887618104,0.9067916794332311,0.022486928968377947,0.0,0.0,0.0,0.0,0.0,0.0,0.0,0.0,0.0,0.0,0.0,0.0,0.0,0.0,0.0,0.0,0.0,0.0,0.0,0.0,0.0,0.0,0.0,0.0,0.0,1.1105150214592276,10.574034334763951,14.597639484978545,3.589055793991417,0.12875536480686697,0.408,0.01275,0.0,0.0,0.0,0.0,0.0,0.0,0.0,0.0,0.0,0.0,0.04475385380407758,7.712580805569358,21.76529090004973,0.47737444057682754,0.0,0.0,0.0,0.0,0.0,0.0,0.0,0.0,0.0,0.0,0.0,0.0,0.0,0.0,0.0,0.0,0.408,0.01303,0.0,0.0,0.0,0.0,0.0,0.0,0.0,0.0,0.0,0.0,0.06437768240343349,7.741416309012865,21.325107296137343,0.8690987124463522,0.0,0.0,0.0,0.0,0.0,0.0,0.0,0.0,0.0,0.0,0.0,0.0,0.0,0.0,0.0,0.0
71800,4036,2108,0.5222993062438057,1011,827,0.4554013875123885,1148,0.5688800792864221,0.4060000000000001,2.9502074688796682,3.096244874376362,6.55827067669173,2.16742528078519,8382.29811694747,506.1958268401944,7853.0,8866.4,8866.399999999998,1.8189894035458565e-12,7853.0,0.0,28.555748265609516,20.781357768055106,33.10943396226415,19.072893122816378,0.1263627353815659,0.09638255698711595,0.09514370664023786,0.0854806739345887,0.08597621407333994,0.07408325074331021,0.07086223984142716,0.06442021803766106,0.058969276511397425,0.05475718533201189,0.05054509415262636,0.040634291377601585,0.03221010901883053,0.027502477700693757,0.018830525272547076,0.011892963330029732,0.005946481665014866,0.9068198368411116,0.02284473670354167,0.0,0.0,0.0,0.0,0.0,0.0,0.0,0.0,0.0,0.0,0.0,0.0,0.0,0.0,0.0,0.0,0.0,0.0,0.0,0.0,0.0,0.0,0.0,0.0,0.02229930624380575,1.181863230921705,10.361744301288406,14.829038652130826,3.4786917740336976,0.12636273538156592,4.190225563909775,2.9154595624702324,nan,nan,nan,4.123873873873874,2.8351293738866277,4.256777108433735,2.9923898211773166,1.0322277641423148,0.4075,0.01274,0.0,0.0,0.0,0.0,0.0,0.0,0.0,0.0,0.0,0.0,0.014866204162537169,8.28047571853319,21.132309217046583,0.572348860257681,0.0,0.0,0.0,0.0,0.0,0.0,0.0,0.0,0.0,0.0,0.0,0.0,0.0,0.0,0.0,0.0,nan,nan,4.190225563909775,2.9154595624702324,nan,0.4075,0.06976,0.0,0.0,0.0,0.0,0.0,0.0,0.0,0.0,0.0,0.0,0.0,0.0,0.0,0.0,0.0,0.0,0.0002477700693756194,0.000433597621407334,0.0024281466798810702,3.716551040634292e-05,2.477700693756194e-05,0.0014742319127849356,0.008510901883052526,0.0024281466798810702,6.194251734390486e-05,0.00178394449950446,2.477700693756194e-05,0.0009910802775024777,0.009898414271555996,0.005958870168483647,0.038045094152626364,0.02386025768087215,0.05691278493557978,0.017418235877106045,0.0303394449950446,0.03889990089197225,0.04001486620416254,0.044412784935579784,0.03608771060455897,0.0494796828543112,0.06459365708622399,0.061707135777998016,0.07623885034687809,0.05369177403369673,0.053109514370664024,0.052081268582755205,0.025941526263627356,0.03481169474727453,0.053481169474727454,0.020688800792864222,0.009427651139742319,0.026486620416253718,0.015820118929633302,0.0032210109018830525,0.015745787908820613,0.00040882061446977205,0.007234886025768088,0.009799306243805749,0.0028865213082259664,0.00029732408325074334,0.0025024777006937564,1.238850346878097e-05,3.716551040634292e-05,0.0,0.0,0.0,0.0,0.0,0.0,0.0,0.0,0.0,0.0,0.0,0.0,0.0,0.0,0.0,0.0,0.0,0.0,0.0,0.0,0.0,0.0,0.0,0.0,0.0,0.0,0.0,0.0,0.0,0.0,0.0,0.0,0.0,0.0,0.0,0.0,0.0,0.0,nan,nan,4.190225563909775,2.9154595624702324,nan,0.9070923435563607,0.02303648441951999,0.0,0.0,0.0,0.0,0.0,0.0,0.0,0.0,0.0,0.0,0.0,0.0,0.0,0.0,0.0,0.0,0.0,0.0,0.0,0.0,0.0,0.0,0.0,0.0,0.0284629981024668,1.209677419354839,10.189753320683113,14.843453510436436,3.6432637571157502,0.08538899430740039,0.9065218886275509,0.02262947315264529,0.0,0.0,0.0,0.0,0.0,0.0,0.0,0.0,0.0,0.0,0.0,0.0,0.0,0.0,0.0,0.0,0.0,0.0,0.0,0.0,0.0,0.0,0.0,0.0,0.015560165975103738,1.1514522821576765,10.549792531120334,14.81327800829876,3.298755186721993,0.1711618257261411,0.4072,0.012726,0.0,0.0,0.0,0.0,0.0,0.0,0.0,0.0,0.0,0.0,0.0142314990512334,8.524667931688793,20.97722960151803,0.4838709677419356,0.0,0.0,0.0,0.0,0.0,0.0,0.0,0.0,0.0,0.0,0.0,0.0,0.0,0.0,0.0,0.0,0.4077,0.01275,0.0,0.0,0.0,0.0,0.0,0.0,0.0,0.0,0.0,0.0,0.015560165975103738,8.013485477178412,21.301867219917018,0.6690871369294606,0.0,0.0,0.0,0.0,0.0,0.0,0.0,0.0,0.0,0.0,0.0,0.0,0.0,0.0,0.0,0.0
71900,3787,1945,0.5135991550039609,925,767,0.44679165566411405,1058,0.5587536308423554,0.4460000000000001,3.03257328990228,3.2066067116088277,6.832369942196531,2.2384002790369886,8373.481383681014,506.5125501543239,7853.0,8866.4,8866.4,0.0,7853.0,0.0,28.14523369421706,21.087530693378312,33.146540880503146,19.311430707200866,0.1431212041193557,0.09506205439662002,0.09532611565883285,0.08106680749933985,0.08397148138368102,0.07657776604172167,0.06680749933984685,0.0625825191444415,0.05677317137575918,0.05492474254026934,0.045946659625033005,0.04172167942962767,0.03485608661209401,0.022181146025878003,0.016899920781621336,0.01399524689728017,0.008185899128597835,0.9075018238794655,0.0231550491639828,0.0,0.0,0.0,0.0,0.0,0.0,0.0,0.0,0.0,0.0,0.0,0.0,0.0,0.0,0.0,0.0,0.0,0.0,0.0,0.0,0.0,0.0,0.0,0.0,0.0,1.2041193556905205,9.838922630050174,15.019804594665967,3.7866385001320317,0.15051491946131507,4.278207739307535,2.967645223528299,nan,nan,nan,4.275,3.005804197044069,4.284184514003295,2.9278749431274878,1.002148424328256,0.4077,0.012764,0.0,0.0,0.0,0.0,0.0,0.0,0.0,0.0,0.0,0.0,0.03960918933192501,7.9693688935833,21.317665698442042,0.6733562186427252,0.0,0.0,0.0,0.0,0.0,0.0,0.0,0.0,0.0,0.0,0.0,0.0,0.0,0.0,0.0,0.0,nan,nan,4.278207739307535,2.967645223528299,nan,0.4077,0.0696,0.0,0.0,0.0,0.0,0.0,0.0,0.0,0.0,0.0,0.0,0.0,0.0,0.0,0.0,0.0,5.2812252442566676e-05,0.0001320306311064167,0.0007657776604172168,0.0016899920781621336,0.0,0.0,0.0014127277528386585,0.008898864536572485,0.003076313704779509,1.3203063110641669e-05,0.0019012410879324004,0.0,0.0010166358595194084,0.009796672828096119,0.006891998943754951,0.03706099815157116,0.023237391074729337,0.05658832849221019,0.01590969104832321,0.02878267758119884,0.03805122788486929,0.03966200158436757,0.04475838394507526,0.03538420913651967,0.049801954053340376,0.06680749933984685,0.0631502508581991,0.07763401109057301,0.05462107208872458,0.054792711909162926,0.05062054396620016,0.025336678109321362,0.03513335093741748,0.052891470821230524,0.021019276472141538,0.009347768682334301,0.026049643517296012,0.01604172167942963,0.0033271719038817007,0.015434380776340111,0.00035648270398732507,0.006548719302878267,0.010285186163189861,0.0023765513599155004,0.00022445207288090838,0.0030499075785582253,1.3203063110641669e-05,0.0,5.2812252442566676e-05,0.0,0.0,0.0,0.0,0.0,0.0,0.0,0.0,0.0,0.0,0.0,0.0,0.0,0.0,0.0,0.0,0.0,0.0,0.0,0.0,0.0,0.0,0.0,0.0,0.0,0.0,0.0,0.0,0.0,0.0,0.0,0.0,0.0,0.0,0.0,0.0,0.0,nan,nan,4.278207739307535,2.967645223528299,nan,0.906883228407421,0.023275777834939917,0.0,0.0,0.0,0.0,0.0,0.0,0.0,0.0,0.0,0.0,0.0,0.0,0.0,0.0,0.0,0.0,0.0,0.0,0.0,0.0,0.0,0.0,0.0,0.0,0.0,1.2493573264781492,10.287917737789204,14.652956298200518,3.6555269922879186,0.15424164524421596,0.9081550096520642,0.023008837717397316,0.0,0.0,0.0,0.0,0.0,0.0,0.0,0.0,0.0,0.0,0.0,0.0,0.0,0.0,0.0,0.0,0.0,0.0,0.0,0.0,0.0,0.0,0.0,0.0,0.0,1.156351791530945,9.36482084690554,15.407166123778506,3.9250814332247566,0.14657980456026062,0.4075,0.01286,0.0,0.0,0.0,0.0,0.0,0.0,0.0,0.0,0.0,0.0,0.07712082262210798,8.005141388174795,21.34704370179949,0.5706940874035991,0.0,0.0,0.0,0.0,0.0,0.0,0.0,0.0,0.0,0.0,0.0,0.0,0.0,0.0,0.0,0.0,0.408,0.01265,0.0,0.0,0.0,0.0,0.0,0.0,0.0,0.0,0.0,0.0,0.0,7.9315960912052,21.28664495114007,0.7817589576547233,0.0,0.0,0.0,0.0,0.0,0.0,0.0,0.0,0.0,0.0,0.0,0.0,0.0,0.0,0.0,0.0
72000,4297,2189,0.5094251803583896,1016,899,0.4456597626250873,1249,0.5813358156853619,0.4060000000000001,2.993358633776091,3.1077966334728337,6.631133671742809,2.1412028896438504,8369.251477775191,506.6099676006284,7853.0,8866.4,8866.4,0.0,7853.0,0.0,28.054223877123576,21.026631637879017,33.042417521486,19.26524261683326,0.1405631836164766,0.10169885966953689,0.0884337910169886,0.08633930649290203,0.08540842448219688,0.07284151733767745,0.06539446125203631,0.06539446125203631,0.056551082150337446,0.05492203863160344,0.046544100535257156,0.0377007214335583,0.03397719339073772,0.025599255294391436,0.020246683732836862,0.011636025133814289,0.006748894577612288,0.9079384755361405,0.022519834270590674,0.0,0.0,0.0,0.0,0.0,0.0,0.0,0.0,0.0,0.0,0.0,0.0,0.0,0.0,0.0,0.0,0.0,0.0,0.0,0.0,0.0,0.0,0.0,0.0,0.01396323016057715,1.0053525715615548,9.718408191761696,15.541075168722367,3.532697230626019,0.18850360716779155,4.282991729593672,2.826155990079531,nan,nan,nan,4.34341252699784,2.8465927271943032,4.220704529115744,2.8043362373744047,0.9717484818401738,0.4075,0.01299,0.0,0.0,0.0,0.0,0.0,0.0,0.0,0.0,0.0,0.0,0.04188969048173145,8.301140330463102,21.042587851989765,0.6143821270653945,0.0,0.0,0.0,0.0,0.0,0.0,0.0,0.0,0.0,0.0,0.0,0.0,0.0,0.0,0.0,0.0,nan,nan,4.282991729593672,2.826155990079531,nan,0.4075,0.06995,0.0,0.0,0.0,0.0,0.0,0.0,0.0,0.0,0.0,0.0,0.0,0.0,0.0,0.0,1.1636025133814289e-05,0.0,0.00013963230160577147,0.0012683267395857576,0.001407959041191529,1.1636025133814289e-05,0.0,0.0015243192925296718,0.009483360484058645,0.002769373981847801,0.00013963230160577147,0.001407959041191529,0.0001047242262043286,0.0014545031417267861,0.010821503374447289,0.005666744240167559,0.03624621829183151,0.022213171980451477,0.0600186176402141,0.016686060041889692,0.028252269024901095,0.03793344193623458,0.03638585059343728,0.047277170118687456,0.0349313474517105,0.04931347451710496,0.06722131719804515,0.06299744007447056,0.07948568768908541,0.051675587619269256,0.05468931812892716,0.04986036769839423,0.026006516174074935,0.03497789155224575,0.04938329066790784,0.02121247381894345,0.01122876425413079,0.025948336048405865,0.019304165696997905,0.0038166162438910867,0.014195950663253432,4.6544100535257155e-05,0.007039795205957645,0.009750989062136374,0.0026762857807772866,5.8180125669071444e-05,0.0028857342331859437,0.0,0.0,6.981615080288573e-05,0.0,0.0,0.0,0.0,0.0,0.0,0.0,0.0,0.0,0.0,0.0,0.0,0.0,0.0,0.0,0.0,0.0,0.0,0.0,0.0,0.0,0.0,0.0,0.0,0.0,0.0,0.0,0.0,0.0,0.0,0.0,0.0,0.0,0.0,0.0,0.0,0.0,nan,nan,4.282991729593672,2.826155990079531,nan,0.9074379077454363,0.0223973150543576,0.0,0.0,0.0,0.0,0.0,0.0,0.0,0.0,0.0,0.0,0.0,0.0,0.0,0.0,0.0,0.0,0.0,0.0,0.0,0.0,0.0,0.0,0.0,0.0,0.013704888076747376,1.0826861580630427,9.9223389675651,15.555047967108273,3.2480584741891283,0.17816354499771592,0.9084582776679486,0.022634646458493297,0.0,0.0,0.0,0.0,0.0,0.0,0.0,0.0,0.0,0.0,0.0,0.0,0.0,0.0,0.0,0.0,0.0,0.0,0.0,0.0,0.0,0.0,0.0,0.0,0.0142314990512334,0.925047438330171,9.50664136622391,15.52656546489564,3.8282732447817844,0.19924098671726762,0.4075,0.012764,0.0,0.0,0.0,0.0,0.0,0.0,0.0,0.0,0.0,0.0,0.013704888076747376,8.195523069894918,21.228871630881684,0.5619004111466424,0.0,0.0,0.0,0.0,0.0,0.0,0.0,0.0,0.0,0.0,0.0,0.0,0.0,0.0,0.0,0.0,0.4077,0.01322,0.0,0.0,0.0,0.0,0.0,0.0,0.0,0.0,0.0,0.0,0.07115749525616699,8.410815939278926,20.849146110056928,0.6688804554079697,0.0,0.0,0.0,0.0,0.0,0.0,0.0,0.0,0.0,0.0,0.0,0.0,0.0,0.0,0.0,0.0
72100,4120,2091,0.5075242718446602,956,835,0.43470873786407765,1175,0.5703883495145631,0.4260000000000001,2.9004435682602265,3.065563318981577,6.421143847487002,2.203141779431918,8367.325097087376,506.64262344813415,7853.0,8866.4,8866.4,0.0,7853.0,0.0,28.368203883495145,21.472845997225598,33.42683632157316,19.735746953305416,0.14150485436893204,0.09781553398058253,0.09223300970873786,0.09029126213592233,0.08179611650485437,0.07014563106796116,0.06723300970873787,0.05728155339805825,0.051941747572815535,0.05655339805825243,0.04466019417475728,0.03907766990291262,0.040776699029126215,0.025485436893203883,0.02233009708737864,0.012135922330097087,0.008737864077669903,0.9066799037375497,0.02248024431147554,0.0,0.0,0.0,0.0,0.0,0.0,0.0,0.0,0.0,0.0,0.0,0.0,0.0,0.0,0.0,0.0,0.0,0.0,0.0,0.0,0.0,0.0,0.0,0.0,0.02184466019417476,1.055825242718447,10.463592233009711,15.029126213592237,3.327669902912622,0.10194174757281556,4.26196758386732,2.843773163988597,nan,nan,nan,4.27148288973384,2.823594318113242,4.252615844544096,2.8634357785369926,0.9955830221782955,0.4087,0.01271,0.0,0.0,0.0,0.0,0.0,0.0,0.0,0.0,0.0,0.0,0.02184466019417476,7.361650485436883,21.9247572815534,0.6917475728155341,0.0,0.0,0.0,0.0,0.0,0.0,0.0,0.0,0.0,0.0,0.0,0.0,0.0,0.0,0.0,0.0,nan,nan,4.26196758386732,2.843773163988597,nan,0.4087,0.06995,0.0,0.0,0.0,0.0,0.0,0.0,0.0,0.0,0.0,0.0,0.0,0.0,0.0,0.0,0.0,0.0,7.281553398058253e-05,0.001262135922330097,0.0012257281553398058,9.70873786407767e-05,1.2135922330097088e-05,0.0012742718446601942,0.009320388349514564,0.002633495145631068,0.00012135922330097087,0.0011407766990291263,9.70873786407767e-05,0.001674757281553398,0.010449029126213592,0.004174757281553398,0.03697815533980583,0.020618932038834952,0.059381067961165046,0.016359223300970872,0.028810679611650486,0.037864077669902914,0.03702669902912621,0.046565533980582524,0.03331310679611651,0.04680825242718446,0.06760922330097087,0.06408980582524272,0.0791626213592233,0.05190533980582524,0.05601941747572815,0.051359223300970876,0.025885922330097087,0.03395631067961165,0.04875,0.022050970873786407,0.010849514563106797,0.028021844660194174,0.020194174757281552,0.00470873786407767,0.01549757281553398,0.000279126213592233,0.007694174757281553,0.00799757281553398,0.003495145631067961,0.00010922330097087379,0.0029611650485436894,0.0,0.0,0.00012135922330097087,0.0,0.0,0.0,0.0,0.0,0.0,0.0,0.0,0.0,0.0,0.0,0.0,0.0,0.0,0.0,0.0,0.0,0.0,0.0,0.0,0.0,0.0,0.0,0.0,0.0,0.0,0.0,0.0,0.0,0.0,0.0,0.0,0.0,0.0,0.0,0.0,0.0,nan,nan,4.26196758386732,2.843773163988597,nan,0.9065275714478386,0.022425866328742883,0.0,0.0,0.0,0.0,0.0,0.0,0.0,0.0,0.0,0.0,0.0,0.0,0.0,0.0,0.0,0.0,0.0,0.0,0.0,0.0,0.0,0.0,0.0,0.0,0.0,1.2338593974175038,10.358680057388812,15.035868005738884,3.2711621233859405,0.1004304160688666,0.9068368908335506,0.022535069246133087,0.0,0.0,0.0,0.0,0.0,0.0,0.0,0.0,0.0,0.0,0.0,0.0,0.0,0.0,0.0,0.0,0.0,0.0,0.0,0.0,0.0,0.0,0.0,0.0,0.04435682602267128,0.8723509117792018,10.571710202069987,15.02217841301134,3.385904386397241,0.10349926071956632,0.4084,0.01276,0.0,0.0,0.0,0.0,0.0,0.0,0.0,0.0,0.0,0.0,0.02869440459110474,7.503586800573878,21.836441893830706,0.6312769010043042,0.0,0.0,0.0,0.0,0.0,0.0,0.0,0.0,0.0,0.0,0.0,0.0,0.0,0.0,0.0,0.0,0.4092,0.01266,0.0,0.0,0.0,0.0,0.0,0.0,0.0,0.0,0.0,0.0,0.014785608674223759,7.215377033021182,22.015771315919174,0.7540660423854116,0.0,0.0,0.0,0.0,0.0,0.0,0.0,0.0,0.0,0.0,0.0,0.0,0.0,0.0,0.0,0.0
72200,4422,2275,0.5144730890999548,1034,903,0.43803708729081864,1268,0.5734961555857079,0.37800000000000006,2.9338612016767582,2.992196674098686,6.422258592471358,2.0489338104594412,8374.367028493894,506.4876783053652,7853.0,8866.4,8866.399999999998,1.8189894035458565e-12,7853.0,0.0,28.097919493441882,21.046171598537217,33.0829964969011,19.30424435006358,0.13998190863862506,0.09859791949344188,0.09543193125282677,0.08502939846223428,0.08163726820443239,0.07530529172320218,0.06784260515603799,0.05834464043419267,0.05879692446856626,0.05450022614201719,0.042740841248303935,0.0407055630936228,0.040253279059249206,0.024875621890547265,0.018317503392130258,0.009497964721845319,0.008141112618724558,0.9072082378728419,0.022440064603432612,0.0,0.0,0.0,0.0,0.0,0.0,0.0,0.0,0.0,0.0,0.0,0.0,0.0,0.0,0.0,0.0,0.0,0.0,0.0,0.0,0.0,0.0,0.0,0.0,0.0067842605156038,1.1465400271370423,9.850746268656717,15.366350067842609,3.5142469470827686,0.11533242876526462,4.244452271926734,2.7550172057364337,nan,nan,nan,4.186968838526912,2.7577652696186967,4.3013314646110725,2.7511133594128836,1.0273139424950668,0.4087,0.012886,0.0,0.0,0.0,0.0,0.0,0.0,0.0,0.0,0.0,0.0,0.0135685210312076,7.5440976933514134,21.716417910447763,0.7259158751696068,0.0,0.0,0.0,0.0,0.0,0.0,0.0,0.0,0.0,0.0,0.0,0.0,0.0,0.0,0.0,0.0,nan,nan,4.244452271926734,2.7550172057364337,nan,0.4087,0.0703,0.0,0.0,0.0,0.0,0.0,0.0,0.0,0.0,0.0,0.0,0.0,0.0,0.0,0.0,0.0,0.0,0.00018091361374943465,0.0014133876074174582,0.0014586160108548169,3.3921302578019e-05,0.0,0.0013229308005427408,0.009995477159656265,0.002668475802804161,4.522840343735866e-05,0.001582994120307553,0.00016960651289009497,0.0015716870194482134,0.008367254635911352,0.004839439167797377,0.035866123925825416,0.020748530076888285,0.06079828132066938,0.01691542288557214,0.02973767526006332,0.03798055178652194,0.03552691090004523,0.047715965626413386,0.03415875169606513,0.045691994572591585,0.06705110809588422,0.06365897783808232,0.0773405698778833,0.051639529624604254,0.055970149253731345,0.04980777928539123,0.025090456806874717,0.03267752148349163,0.05176390773405699,0.02163048394391678,0.012437810945273632,0.029127091813658978,0.0210085933966531,0.004839439167797377,0.015468113975576661,0.00021483491632745365,0.0074400723654455,0.007948891904115785,0.0032790592492085028,0.00011307100859339665,0.0024423337856173677,3.3921302578019e-05,0.0,0.0002261420171867933,0.0,0.0,0.0,0.0,0.0,0.0,0.0,0.0,0.0,0.0,0.0,0.0,0.0,0.0,0.0,0.0,0.0,0.0,0.0,0.0,0.0,0.0,0.0,0.0,0.0,0.0,0.0,0.0,0.0,0.0,0.0,0.0,0.0,0.0,0.0,0.0,0.0,nan,nan,4.244452271926734,2.7550172057364337,nan,0.907278435256455,0.022509403504582897,0.0,0.0,0.0,0.0,0.0,0.0,0.0,0.0,0.0,0.0,0.0,0.0,0.0,0.0,0.0,0.0,0.0,0.0,0.0,0.0,0.0,0.0,0.0,0.0,0.0,1.1604395604395605,9.903296703296705,15.178021978021981,3.613186813186814,0.14505494505494507,0.9071338554565774,0.022366116874764135,0.0,0.0,0.0,0.0,0.0,0.0,0.0,0.0,0.0,0.0,0.0,0.0,0.0,0.0,0.0,0.0,0.0,0.0,0.0,0.0,0.0,0.0,0.0,0.0,0.013972985561248256,1.1318118304611087,9.795062878435028,15.565905915230557,3.4094084769445745,0.08383791336748954,0.4087,0.01297,0.0,0.0,0.0,0.0,0.0,0.0,0.0,0.0,0.0,0.0,0.02637362637362638,7.6747252747252634,21.494505494505496,0.8043956043956046,0.0,0.0,0.0,0.0,0.0,0.0,0.0,0.0,0.0,0.0,0.0,0.0,0.0,0.0,0.0,0.0,0.409,0.0128,0.0,0.0,0.0,0.0,0.0,0.0,0.0,0.0,0.0,0.0,0.0,7.405682347461563,21.95156031672101,0.6427573358174198,0.0,0.0,0.0,0.0,0.0,0.0,0.0,0.0,0.0,0.0,0.0,0.0,0.0,0.0,0.0,0.0
72300,4220,2175,0.5154028436018957,1034,871,0.4514218009478673,1213,0.5748815165876777,0.4100000000000001,2.947677261613692,3.0390612264141246,6.424914675767918,2.1691272547564573,8375.30924170616,506.45951622351663,7853.0,8866.4,8866.4,0.0,7853.0,0.0,28.531042654028436,21.075439611952184,33.62475275501554,19.189185222839303,0.13838862559241707,0.09454976303317536,0.08530805687203792,0.0881516587677725,0.08364928909952607,0.07345971563981042,0.07014218009478673,0.06208530805687204,0.05687203791469194,0.053554502369668244,0.05402843601895735,0.04265402843601896,0.03364928909952607,0.027962085308056873,0.014218009478672985,0.012796208530805687,0.008530805687203791,0.9073968034361211,0.022319220677567055,0.0,0.0,0.0,0.0,0.0,0.0,0.0,0.0,0.0,0.0,0.0,0.0,0.0,0.0,0.0,0.0,0.0,0.0,0.0,0.0,0.0,0.0,0.0,0.0,0.014218009478672989,1.023696682464455,9.959715639810428,15.284360189573464,3.632701421800949,0.08530805687203794,4.175476447321108,2.8372089423267757,nan,nan,nan,4.16897305171158,2.815625717425611,4.181818181818182,2.858084444906216,1.0030811257226353,0.4084,0.01281,0.0,0.0,0.0,0.0,0.0,0.0,0.0,0.0,0.0,0.0,0.021327014218009484,7.585308056872027,21.590047393364934,0.8033175355450239,0.0,0.0,0.0,0.0,0.0,0.0,0.0,0.0,0.0,0.0,0.0,0.0,0.0,0.0,0.0,0.0,nan,nan,4.175476447321108,2.8372089423267757,nan,0.4084,0.06995,0.0,0.0,0.0,0.0,0.0,0.0,0.0,0.0,0.0,0.0,0.0,0.0,0.0,0.0,0.0,0.0,0.00024881516587677726,0.0010545023696682464,0.0010663507109004739,0.0,0.0,0.0012085308056872038,0.011042654028436018,0.0029028436018957346,0.0,0.002180094786729858,0.0002014218009478673,0.0013033175355450237,0.008981042654028435,0.0051777251184834125,0.03443127962085308,0.02075829383886256,0.059218009478672985,0.01688388625592417,0.027890995260663506,0.03817535545023697,0.03637440758293839,0.04664691943127962,0.0356042654028436,0.048969194312796206,0.06703791469194313,0.06703791469194313,0.07919431279620853,0.05037914691943128,0.05458530805687204,0.051066350710900474,0.023507109004739336,0.032511848341232226,0.051492890995260665,0.020651658767772512,0.013755924170616114,0.028613744075829384,0.01849526066350711,0.0041824644549763035,0.015687203791469196,9.47867298578199e-05,0.006575829383886256,0.007665876777251185,0.003874407582938389,5.924170616113744e-05,0.002665876777251185,0.0,0.0,0.0005450236966824645,0.0,0.0,0.0,0.0,0.0,0.0,0.0,0.0,0.0,0.0,0.0,0.0,0.0,0.0,0.0,0.0,0.0,0.0,0.0,0.0,0.0,0.0,0.0,0.0,0.0,0.0,0.0,0.0,0.0,0.0,0.0,0.0,0.0,0.0,0.0,0.0,0.0,nan,nan,4.175476447321108,2.8372089423267757,nan,0.9068992184770518,0.022536439723166764,0.0,0.0,0.0,0.0,0.0,0.0,0.0,0.0,0.0,0.0,0.0,0.0,0.0,0.0,0.0,0.0,0.0,0.0,0.0,0.0,0.0,0.0,0.0,0.0,0.013793103448275865,1.0758620689655174,10.193103448275863,15.034482758620692,3.6275862068965528,0.05517241379310346,0.9079260197128818,0.02207354336188516,0.0,0.0,0.0,0.0,0.0,0.0,0.0,0.0,0.0,0.0,0.0,0.0,0.0,0.0,0.0,0.0,0.0,0.0,0.0,0.0,0.0,0.0,0.0,0.0,0.014669926650366752,0.9682151589242056,9.711491442542789,15.550122249388757,3.6381418092909543,0.11735941320293401,0.4084,0.01278,0.0,0.0,0.0,0.0,0.0,0.0,0.0,0.0,0.0,0.0,0.02758620689655173,7.406896551724127,21.71034482758621,0.8551724137931036,0.0,0.0,0.0,0.0,0.0,0.0,0.0,0.0,0.0,0.0,0.0,0.0,0.0,0.0,0.0,0.0,0.4084,0.01285,0.0,0.0,0.0,0.0,0.0,0.0,0.0,0.0,0.0,0.0,0.014669926650366752,7.775061124694365,21.462102689486557,0.7481662591687043,0.0,0.0,0.0,0.0,0.0,0.0,0.0,0.0,0.0,0.0,0.0,0.0,0.0,0.0,0.0,0.0
72400,4344,2187,0.5034530386740331,1041,869,0.43968692449355434,1242,0.5718232044198895,0.4060000000000001,2.9860917941585536,3.0719680714638087,6.4504792332268375,2.177786803474993,8363.199309392265,506.6879166052581,7853.0,8866.4,8866.399999999998,1.8189894035458565e-12,7853.0,0.0,28.53084714548803,21.013292000988532,33.235836269991864,19.302129252210623,0.13006445672191527,0.10451197053406998,0.09046961325966851,0.08402394106813996,0.08149171270718232,0.0718232044198895,0.0679097605893186,0.06721915285451197,0.05778084714548803,0.05179558011049724,0.04742173112338858,0.04465930018416206,0.03683241252302026,0.027624309392265192,0.018876611418047883,0.011279926335174955,0.006215469613259668,0.9077024315355232,0.022611369071294823,0.0,0.0,0.0,0.0,0.0,0.0,0.0,0.0,0.0,0.0,0.0,0.0,0.0,0.0,0.0,0.0,0.0,0.0,0.0,0.0,0.0,0.0,0.0,0.0,0.020718232044198898,1.0428176795580113,10.020718232044201,15.110497237569064,3.6464088397790064,0.1588397790055249,4.328036723163842,2.8421423722586687,nan,nan,nan,4.311752287121745,2.84194154832807,4.3444365698086465,2.8422503121728693,1.0075802783904173,0.4084,0.01289,0.0,0.0,0.0,0.0,0.0,0.0,0.0,0.0,0.0,0.0,0.0069060773480663,7.506906077348056,21.719613259668513,0.7665745856353593,0.0,0.0,0.0,0.0,0.0,0.0,0.0,0.0,0.0,0.0,0.0,0.0,0.0,0.0,0.0,0.0,nan,nan,4.328036723163842,2.8421423722586687,nan,0.4087,0.0703,0.0,0.0,0.0,0.0,0.0,0.0,0.0,0.0,0.0,0.0,0.0,0.0,0.0,0.0,0.0,0.0,0.0003107734806629834,0.0008862799263351749,0.0007136279926335175,0.0,0.0,0.0012776243093922653,0.011348987108655617,0.0035566298342541436,0.0,0.002221454880294659,0.00011510128913443831,0.0016344383057090238,0.00865561694290976,0.004293278084714549,0.03303406998158379,0.020752762430939226,0.06031307550644567,0.017345764272559853,0.028142265193370167,0.03714318600368324,0.03736187845303868,0.04820441988950276,0.035531767955801104,0.04788213627992634,0.06952117863720074,0.0674608655616943,0.077048802946593,0.05242863720073665,0.050909300184162065,0.05187615101289134,0.0216390423572744,0.03186003683241252,0.05240561694290976,0.0197744014732965,0.014007826887661142,0.02950046040515654,0.01803637200736648,0.004120626151012891,0.014491252302025782,0.00017265193370165745,0.007274401473296501,0.0077348066298342545,0.004581031307550645,8.057090239410681e-05,0.003671731123388582,0.00010359116022099448,0.0,0.0005755064456721916,0.0,0.0,0.0,0.0,0.0,0.0,0.0,0.0,0.0,0.0,0.0,0.0,0.0,0.0,0.0,0.0,0.0,0.0,0.0,0.0,0.0,0.0,0.0,0.0,0.0,0.0,0.0,0.0,0.0,0.0,0.0,0.0,0.0,0.0,0.0,0.0,0.0,nan,nan,4.328036723163842,2.8421423722586687,nan,0.9076144165735458,0.022032131187783167,0.0,0.0,0.0,0.0,0.0,0.0,0.0,0.0,0.0,0.0,0.0,0.0,0.0,0.0,0.0,0.0,0.0,0.0,0.0,0.0,0.0,0.0,0.0,0.0,0.02743484224965707,0.8641975308641977,10.301783264746229,15.116598079561046,3.5802469135802477,0.10973936899862828,0.9077916706277089,0.023183551390120852,0.0,0.0,0.0,0.0,0.0,0.0,0.0,0.0,0.0,0.0,0.0,0.0,0.0,0.0,0.0,0.0,0.0,0.0,0.0,0.0,0.0,0.0,0.0,0.0,0.013908205841446458,1.223922114047288,9.735744089012519,15.104311543810852,3.713490959666204,0.20862308762169685,0.4084,0.01274,0.0,0.0,0.0,0.0,0.0,0.0,0.0,0.0,0.0,0.0,0.0,7.558299039780509,21.687242798353914,0.7544581618655695,0.0,0.0,0.0,0.0,0.0,0.0,0.0,0.0,0.0,0.0,0.0,0.0,0.0,0.0,0.0,0.0,0.4087,0.01305,0.0,0.0,0.0,0.0,0.0,0.0,0.0,0.0,0.0,0.0,0.013908205841446458,7.454798331015288,21.752433936022257,0.7788595271210016,0.0,0.0,0.0,0.0,0.0,0.0,0.0,0.0,0.0,0.0,0.0,0.0,0.0,0.0,0.0,0.0
72500,4433,2305,0.5199639070606813,1107,886,0.449582675389127,1247,0.5625986916309497,0.4020000000000001,2.9783834586466167,3.0396043129452317,6.489256198347108,2.0695271010464475,8379.931423415295,506.29594063807275,7853.0,8866.4,8866.4,0.0,7853.0,0.0,28.325062034739453,20.829973423610493,33.2024064171123,19.013897101310143,0.13647642679900746,0.09519512745319197,0.08933002481389578,0.08504398826979472,0.08323934130385743,0.07737423866456125,0.07038123167155426,0.06789984209339048,0.05932776900518836,0.05368824723663433,0.04556733588991654,0.039251071509136023,0.03586735844800361,0.02594180013534852,0.018272050530115047,0.009699977441912927,0.007444168734491315,0.9081870993103907,0.022578125397012736,0.0,0.0,0.0,0.0,0.0,0.0,0.0,0.0,0.0,0.0,0.0,0.0,0.0,0.0,0.0,0.0,0.0,0.0,0.0,0.0,0.0,0.0,0.0,0.0,0.013534852244529667,0.9677419354838712,9.846605007895333,15.165801939995491,3.857432889690955,0.14888337468982632,4.230742659758204,2.833299638321325,nan,nan,nan,4.2229965156794425,2.786808287012095,4.239204934886909,2.8790464538982747,1.003838132271075,0.409,0.01299,0.0,0.0,0.0,0.0,0.0,0.0,0.0,0.0,0.0,0.0,0.006767426122264834,7.437401308369039,21.68960072185879,0.8662305436498987,0.0,0.0,0.0,0.0,0.0,0.0,0.0,0.0,0.0,0.0,0.0,0.0,0.0,0.0,0.0,0.0,nan,nan,4.230742659758204,2.833299638321325,nan,0.409,0.0703,0.0,0.0,0.0,0.0,0.0,0.0,0.0,0.0,0.0,0.0,0.0,0.0,0.0,0.0,0.0,0.0,0.00018046469659372885,0.0005188360027069704,0.0005413940897811866,0.0,4.511617414843221e-05,0.0016467403564177758,0.010534626663658921,0.0032483645386871193,9.023234829686443e-05,0.0015565080081209113,2.2558087074216106e-05,0.0013647642679900744,0.009553349875930522,0.0046695240243627345,0.03208887886307241,0.02265959846605008,0.0596661403113016,0.016771937739679676,0.02988946537333634,0.03593503270922626,0.03832618993909317,0.04786826077148658,0.03631852018948793,0.048635235732009924,0.06840739905256034,0.06594856756147079,0.07509587187006542,0.05395894428152493,0.04950372208436724,0.052503947665237985,0.02284006316264381,0.032359575907963005,0.05244755244755245,0.018339724791337695,0.014572524249943606,0.029979697721633204,0.019027746447101285,0.0035077825400406048,0.013771712158808933,0.0001466275659824047,0.008335213173922851,0.007162192646063614,0.004500338371306113,0.00012406947890818859,0.004364989848860816,0.0001466275659824047,7.895330475975637e-05,0.0007444168734491315,0.0,0.0,0.0,0.0,0.0,0.0,0.0,0.0,0.0,0.0,0.0,0.0,0.0,0.0,0.0,0.0,0.0,0.0,0.0,0.0,0.0,0.0,0.0,0.0,0.0,0.0,0.0,0.0,0.0,0.0,0.0,0.0,0.0,0.0,0.0,0.0,0.0,nan,nan,4.230742659758204,2.833299638321325,nan,0.90827530247529,0.022422575799814395,0.0,0.0,0.0,0.0,0.0,0.0,0.0,0.0,0.0,0.0,0.0,0.0,0.0,0.0,0.0,0.0,0.0,0.0,0.0,0.0,0.0,0.0,0.0,0.0,0.02603036876355749,0.9110629067245122,9.94360086767896,15.097613882863344,3.865509761388287,0.15618221258134493,0.9080915596980349,0.022745027067179967,0.0,0.0,0.0,0.0,0.0,0.0,0.0,0.0,0.0,0.0,0.0,0.0,0.0,0.0,0.0,0.0,0.0,0.0,0.0,0.0,0.0,0.0,0.0,0.0,0.0,1.0291353383458648,9.741541353383461,15.239661654135341,3.848684210526317,0.1409774436090226,0.409,0.01298,0.0,0.0,0.0,0.0,0.0,0.0,0.0,0.0,0.0,0.0,0.013015184381778745,7.249457700650749,21.826464208242957,0.9110629067245122,0.0,0.0,0.0,0.0,0.0,0.0,0.0,0.0,0.0,0.0,0.0,0.0,0.0,0.0,0.0,0.0,0.409,0.01302,0.0,0.0,0.0,0.0,0.0,0.0,0.0,0.0,0.0,0.0,0.0,7.640977443609011,21.54135338345865,0.817669172932331,0.0,0.0,0.0,0.0,0.0,0.0,0.0,0.0,0.0,0.0,0.0,0.0,0.0,0.0,0.0,0.0
72600,4208,2237,0.531606463878327,1033,839,0.4448669201520912,1146,0.5446768060836502,0.4380000000000001,3.097919837645865,3.151678981350855,6.724689165186501,2.1631200824974015,8391.729990494296,505.68663192627014,7853.0,8866.4,8866.4,0.0,7853.0,0.0,28.141397338403042,20.872547262520516,33.074032212489406,19.08836846241048,0.13854562737642587,0.09576996197718632,0.09862167300380228,0.08293726235741444,0.07675855513307984,0.07675855513307984,0.07366920152091255,0.06059885931558935,0.058935361216730035,0.05608365019011407,0.04420152091254753,0.04182509505703422,0.03279467680608365,0.02614068441064639,0.019486692015209126,0.011406844106463879,0.005465779467680608,0.9082806828669042,0.02269755015308354,0.0,0.0,0.0,0.0,0.0,0.0,0.0,0.0,0.0,0.0,0.0,0.0,0.0,0.0,0.0,0.0,0.0,0.0,0.0,0.0,0.0,0.0,0.0,0.0,0.007129277566539926,1.0765209125475288,9.67442965779468,15.25665399239544,3.83555133079848,0.14971482889733842,4.328020756115642,2.889405870199253,nan,nan,nan,4.302602230483271,2.8807579666812098,4.353288987435329,2.897756078625166,1.0117804886988973,0.409,0.01268,0.0,0.0,0.0,0.0,0.0,0.0,0.0,0.0,0.0,0.0,0.014258555133079852,7.236216730038012,22.057984790874528,0.6915399239543727,0.0,0.0,0.0,0.0,0.0,0.0,0.0,0.0,0.0,0.0,0.0,0.0,0.0,0.0,0.0,0.0,nan,nan,4.328020756115642,2.889405870199253,nan,0.409,0.06995,0.0,0.0,0.0,0.0,0.0,0.0,0.0,0.0,0.0,0.0,0.0,0.0,0.0,0.0,0.0,0.0,0.0003564638783269962,0.00042775665399239545,0.00026140684410646387,0.0,0.0,0.0013545627376425856,0.008626425855513308,0.00374287072243346,0.00022576045627376425,0.0016159695817490494,0.0,0.0014615019011406845,0.009980988593155894,0.004230038022813689,0.031784695817490494,0.02321768060836502,0.061965304182509506,0.015791349809885932,0.030608365019011406,0.03871197718631179,0.03973384030418251,0.047160171102661595,0.038296102661596956,0.04721958174904943,0.06550617870722433,0.06437737642585552,0.07747148288973384,0.052732889733840306,0.049334600760456274,0.04973859315589354,0.022647338403041825,0.03485028517110266,0.05200807984790874,0.018037072243346008,0.014222908745247148,0.031951045627376426,0.01909458174904943,0.0032200570342205324,0.01322480988593156,0.0003326996197718631,0.00779467680608365,0.007093631178707224,0.003326996197718631,0.00024952471482889735,0.005085551330798479,0.0001782319391634981,5.94106463878327e-05,0.0006653992395437262,0.0,0.0,0.0,0.0,2.376425855513308e-05,0.0,0.0,0.0,0.0,0.0,0.0,0.0,0.0,0.0,0.0,0.0,0.0,0.0,0.0,0.0,0.0,0.0,0.0,0.0,0.0,0.0,0.0,0.0,0.0,0.0,0.0,0.0,0.0,0.0,0.0,0.0,0.0,nan,nan,4.328020756115642,2.889405870199253,nan,0.9084225214641436,0.022904793231215612,0.0,0.0,0.0,0.0,0.0,0.0,0.0,0.0,0.0,0.0,0.0,0.0,0.0,0.0,0.0,0.0,0.0,0.0,0.0,0.0,0.0,0.0,0.0,0.0,0.013410818059901658,1.099687080911936,9.48144836835047,15.261510952168086,3.9964237818506936,0.1475189986589182,0.908119702175872,0.0224589362725878,0.0,0.0,0.0,0.0,0.0,0.0,0.0,0.0,0.0,0.0,0.0,0.0,0.0,0.0,0.0,0.0,0.0,0.0,0.0,0.0,0.0,0.0,0.0,0.0,0.0,1.0502283105022834,9.893455098934552,15.251141552511418,3.6529680365296815,0.15220700152207003,0.409,0.01267,0.0,0.0,0.0,0.0,0.0,0.0,0.0,0.0,0.0,0.0,0.013410818059901658,7.335717478766194,21.966919982118913,0.6839517210549845,0.0,0.0,0.0,0.0,0.0,0.0,0.0,0.0,0.0,0.0,0.0,0.0,0.0,0.0,0.0,0.0,0.4087,0.01268,0.0,0.0,0.0,0.0,0.0,0.0,0.0,0.0,0.0,0.0,0.015220700152207006,7.123287671232867,22.1613394216134,0.7001522070015221,0.0,0.0,0.0,0.0,0.0,0.0,0.0,0.0,0.0,0.0,0.0,0.0,0.0,0.0,0.0,0.0
72700,4629,2406,0.5197666882696047,1163,948,0.4560380211708792,1298,0.5608122704687838,0.4220000000000001,3.0697255960413856,3.199484926257419,6.826797385620915,2.2512307900476407,8379.731561892419,506.3038875301572,7853.0,8866.4,8866.4,0.0,7853.0,0.0,27.591704471808168,20.555108638301206,32.558906934777006,18.74416495793977,0.14344350831713112,0.09721322099805574,0.09375675091812487,0.0859796932382804,0.08209116439835817,0.07366601857852668,0.073449989198531,0.06351263771872975,0.05919205011881616,0.056599697558868005,0.04558219917908836,0.037589112119248216,0.03348455389933031,0.023979261179520414,0.014906027219701879,0.009073233959818535,0.0064808813998703824,0.9075902941083259,0.022770977959891765,0.0,0.0,0.0,0.0,0.0,0.0,0.0,0.0,0.0,0.0,0.0,0.0,0.0,0.0,0.0,0.0,0.0,0.0,0.0,0.0,0.0,0.0,0.0,0.0,0.01944264419961115,0.9591704471808168,10.025923525599483,15.145819831497088,3.6681788723266373,0.18146467919637074,4.382749326145553,2.982044015652118,nan,nan,nan,4.308053691275168,2.9716336044331646,4.456330399458362,2.9908949293671157,1.0344184912280665,0.4084,0.012924,0.0,0.0,0.0,0.0,0.0,0.0,0.0,0.0,0.0,0.0,0.025923525599481537,7.679844458846392,21.503564484769935,0.7906675307841868,0.0,0.0,0.0,0.0,0.0,0.0,0.0,0.0,0.0,0.0,0.0,0.0,0.0,0.0,0.0,0.0,nan,nan,4.382749326145553,2.982044015652118,nan,0.4084,0.06964,0.0,0.0,0.0,0.0,0.0,0.0,0.0,0.0,0.0,0.0,0.0,0.0,0.0,0.0,0.0,0.0,0.0002916396629941672,0.00043205875999135883,0.0002268308489954634,0.0,0.0,0.001101749837977965,0.007031756318859365,0.004050550874918989,0.0003240440699935191,0.0015014041909699718,2.1602937999567942e-05,0.002225102613955498,0.011438755670771225,0.004774249297904515,0.029423201555411536,0.025696694750486065,0.06281054223374379,0.015878159429682438,0.031507885072369846,0.040311082307193775,0.03892849427522143,0.04543097861309138,0.03869086195722618,0.04828256642903435,0.06595376971268092,0.06325340246273493,0.07633398142147332,0.05533592568589328,0.050475264635990495,0.04627349319507453,0.023417584791531647,0.035850075610283,0.04848779434003024,0.01654785050766904,0.01207604234175848,0.034294664074314106,0.020155541153596888,0.0031540289479369196,0.014311946424713761,0.00017282350399654354,0.008403542881831929,0.007128969539857421,0.003024411319939512,0.00020522791099589544,0.004212572909915748,0.0,5.4007344998919854e-05,0.0004968675739900626,0.0,0.0,0.0,0.0,0.0,0.0,0.0,0.0,0.0,0.0,0.0,0.0,0.0,0.0,0.0,0.0,0.0,0.0,0.0,0.0,0.0,0.0,0.0,0.0,0.0,0.0,0.0,0.0,0.0,0.0,0.0,0.0,0.0,0.0,0.0,0.0,0.0,nan,nan,4.382749326145553,2.982044015652118,nan,0.9082162417130776,0.022949701963402437,0.0,0.0,0.0,0.0,0.0,0.0,0.0,0.0,0.0,0.0,0.0,0.0,0.0,0.0,0.0,0.0,0.0,0.0,0.0,0.0,0.0,0.0,0.0,0.0,0.0,1.0224438902743145,9.563591022443891,15.37406483790524,3.827930174563592,0.21197007481296762,0.9069128177533855,0.022556381301711496,0.0,0.0,0.0,0.0,0.0,0.0,0.0,0.0,0.0,0.0,0.0,0.0,0.0,0.0,0.0,0.0,0.0,0.0,0.0,0.0,0.0,0.0,0.0,0.0,0.04048582995951418,0.8906882591093119,10.526315789473687,14.898785425101218,3.495276653171391,0.1484480431848853,0.4087,0.01283,0.0,0.0,0.0,0.0,0.0,0.0,0.0,0.0,0.0,0.0,0.024937655860349132,7.643391521196997,21.54613466334165,0.7855361596009977,0.0,0.0,0.0,0.0,0.0,0.0,0.0,0.0,0.0,0.0,0.0,0.0,0.0,0.0,0.0,0.0,0.4082,0.01301,0.0,0.0,0.0,0.0,0.0,0.0,0.0,0.0,0.0,0.0,0.026990553306342785,7.719298245614024,21.457489878542514,0.7962213225371122,0.0,0.0,0.0,0.0,0.0,0.0,0.0,0.0,0.0,0.0,0.0,0.0,0.0,0.0,0.0,0.0
72800,4711,2480,0.526427510082785,1175,959,0.4529823816599448,1324,0.5620887285077478,0.39000000000000007,2.977140295831466,3.0040935880164192,6.268476621417798,2.148418746236857,8386.481638717894,505.991732963676,7853.0,8866.4,8866.4,0.0,7853.0,0.0,28.63256208872851,20.866492784260593,33.32101847229156,19.094499017310593,0.13118233920611336,0.09637019741031629,0.0861812778603269,0.09063893016344725,0.07853958819783485,0.0768414349395033,0.07578008915304606,0.06410528550201655,0.05667586499681596,0.05582678836765018,0.04733602207599236,0.04118021651454044,0.037359371683294416,0.02759499044788792,0.017830609212481426,0.007853958819783485,0.008703035448949268,0.9073116583723952,0.022503198290100914,0.0,0.0,0.0,0.0,0.0,0.0,0.0,0.0,0.0,0.0,0.0,0.0,0.0,0.0,0.0,0.0,0.0,0.0,0.0,0.0,0.0,0.0,0.0,0.0,0.006368074718743368,0.967947357248992,10.36085756739546,14.7866694969221,3.7635321587773305,0.11462534493738062,4.11376087657106,2.8423414754434835,nan,nan,nan,4.114304376224689,2.855660808054791,4.112667091024825,2.830121009764423,0.9996020505411982,0.4092,0.01281,0.0,0.0,0.0,0.0,0.0,0.0,0.0,0.0,0.0,0.0,0.050944597749946946,7.183188282742507,22.033538526852055,0.7323285926554873,0.0,0.0,0.0,0.0,0.0,0.0,0.0,0.0,0.0,0.0,0.0,0.0,0.0,0.0,0.0,0.0,nan,nan,4.11376087657106,2.8423414754434835,nan,0.4092,0.06995,0.0,0.0,0.0,0.0,0.0,0.0,0.0,0.0,0.0,0.0,0.0,0.0,0.0,0.0,0.0,0.0,0.000382084483124602,0.000498832519634897,0.00014858841010401187,0.0,0.0,0.0006368074718743367,0.007885799193377202,0.004415198471662067,0.0006474209297389089,0.0012842284016132456,8.490766291657822e-05,0.0017618340055189981,0.01118658458925918,0.005274888558692422,0.027276586711950754,0.025228189344088305,0.06266185523243473,0.015134790914880068,0.03212693695606028,0.04214604118021652,0.03514115898959881,0.04390787518573551,0.039885374655062616,0.050764168966249204,0.06454043727446403,0.06109106346847803,0.07642751008278498,0.054447038845255785,0.05193164933135216,0.045277011250265335,0.023965187858204205,0.034589259180641055,0.04820632562088729,0.018849501167480364,0.014126512417745702,0.034143493950329014,0.022617278709403523,0.003247718106559117,0.013563999150923371,0.00020165569942687326,0.009095733389938443,0.007344512842284016,0.002897473997028232,0.0002547229887497347,0.004181702398641477,2.1226915729144554e-05,5.306728932286139e-05,0.00044576523031203565,0.0,0.0,0.0,0.0,0.0,0.0,0.0,0.0,0.0,0.0,0.0,0.0,0.0,0.0,0.0,0.0,0.0,0.0,0.0,0.0,0.0,0.0,0.0,0.0,0.0,0.0,0.0,0.0,0.0,0.0,0.0,0.0,0.0,0.0,0.0,0.0,0.0,nan,nan,4.11376087657106,2.8423414754434835,nan,0.9071695769265775,0.022696560599051167,0.0,0.0,0.0,0.0,0.0,0.0,0.0,0.0,0.0,0.0,0.0,0.0,0.0,0.0,0.0,0.0,0.0,0.0,0.0,0.0,0.0,0.0,0.0,0.0,0.0,1.0040322580645162,10.5241935483871,14.516129032258068,3.846774193548388,0.10887096774193551,0.9074695974067422,0.022285222963203618,0.0,0.0,0.0,0.0,0.0,0.0,0.0,0.0,0.0,0.0,0.0,0.0,0.0,0.0,0.0,0.0,0.0,0.0,0.0,0.0,0.0,0.0,0.0,0.0,0.013446884805020173,0.927835051546392,10.179291797400271,15.087404751232635,3.670999551770507,0.12102196324518155,0.4092,0.013054,0.0,0.0,0.0,0.0,0.0,0.0,0.0,0.0,0.0,0.0,0.04838709677419356,7.233870967741925,21.895161290322587,0.8225806451612905,0.0,0.0,0.0,0.0,0.0,0.0,0.0,0.0,0.0,0.0,0.0,0.0,0.0,0.0,0.0,0.0,0.4092,0.012535,0.0,0.0,0.0,0.0,0.0,0.0,0.0,0.0,0.0,0.0,0.05378753922008069,7.1268489466606795,22.18735992828329,0.6320035858359481,0.0,0.0,0.0,0.0,0.0,0.0,0.0,0.0,0.0,0.0,0.0,0.0,0.0,0.0,0.0,0.0
72900,4476,2345,0.52390527256479,1071,898,0.4399016979445934,1223,0.5464700625558534,0.4300000000000001,3.0412951665884562,3.18551729313198,6.706375838926174,2.2026584653824433,8383.925603217158,506.1205490283561,7853.0,8866.4,8866.4,0.0,7853.0,0.0,28.089365504915104,21.092609606835527,33.07905243545382,19.350358940263277,0.1400804289544236,0.09718498659517426,0.0980786416443253,0.08936550491510277,0.07439678284182305,0.06858802502234138,0.07506702412868632,0.06300268096514745,0.05451295799821269,0.05116175156389634,0.04736371760500447,0.0435656836461126,0.03395889186773905,0.025692582663092045,0.018096514745308313,0.012957998212689902,0.006925826630920465,0.907016629268273,0.022347054575124665,0.0,0.0,0.0,0.0,0.0,0.0,0.0,0.0,0.0,0.0,0.0,0.0,0.0,0.0,0.0,0.0,0.0,0.0,0.0,0.0,0.0,0.0,0.0,0.0,0.00670241286863271,1.085790884718499,10.180965147453085,15.154155495978555,3.478552278820376,0.09383378016085793,4.249912982944657,2.914405002518899,nan,nan,nan,4.214482758620689,2.9778835184914025,4.286015460295151,2.847813786834279,1.016973067816719,0.4094,0.013,0.0,0.0,0.0,0.0,0.0,0.0,0.0,0.0,0.0,0.0,0.00670241286863271,6.9906166219839045,22.071045576407514,0.9316353887399466,0.0,0.0,0.0,0.0,0.0,0.0,0.0,0.0,0.0,0.0,0.0,0.0,0.0,0.0,0.0,0.0,nan,nan,4.249912982944657,2.914405002518899,nan,0.4094,0.06964,0.0,0.0,0.0,0.0,0.0,0.0,0.0,0.0,0.0,0.0,0.0,0.0,0.0,0.0,0.0,0.0,0.000435656836461126,0.0004244861483467382,0.00020107238605898123,0.0,0.0,0.0006255585344057193,0.006490169794459339,0.0037421805183199285,0.001016532618409294,0.0009048257372654155,7.819481680071492e-05,0.0015638963360142986,0.010936103663985702,0.004043789097408401,0.029781054512957997,0.02443029490616622,0.0640527256478999,0.013494191242180518,0.030462466487935658,0.04376675603217158,0.03581322609472744,0.046659964253798036,0.043800268096514744,0.049765415549597854,0.06157283288650581,0.05952859696157283,0.07877569258266309,0.05270330652368186,0.05030160857908847,0.04607908847184987,0.024340929401251116,0.0342828418230563,0.04725201072386059,0.01934763181411975,0.013360142984807864,0.03479669347631814,0.02369302949061662,0.0031613047363717606,0.014588918677390527,8.936550491510277e-05,0.008679624664879357,0.005764075067024129,0.003507596067917784,0.00022341376228775692,0.004501787310098302,0.0,0.0,0.0009606791778373547,0.0,0.0,0.0,0.0,0.0,0.0,0.0,0.0,0.0,0.0,0.0,0.0,0.0,0.0,0.0,0.0,0.0,0.0,0.0,0.0,0.0,0.0,0.0,0.0,0.0,0.0,0.0,0.0,0.0,0.0,0.0,0.0,0.0,0.0,0.0,0.0,0.0,nan,nan,4.249912982944657,2.914405002518899,nan,0.9072794551788362,0.021965522102166516,0.0,0.0,0.0,0.0,0.0,0.0,0.0,0.0,0.0,0.0,0.0,0.0,0.0,0.0,0.0,0.0,0.0,0.0,0.0,0.0,0.0,0.0,0.0,0.0,0.012793176972281453,1.0618336886993605,9.927505330490407,15.390191897654587,3.5181236673773997,0.08955223880597017,0.9067274097655649,0.022756003204893103,0.0,0.0,0.0,0.0,0.0,0.0,0.0,0.0,0.0,0.0,0.0,0.0,0.0,0.0,0.0,0.0,0.0,0.0,0.0,0.0,0.0,0.0,0.0,0.0,0.0,1.1121539183481937,10.459877991553263,14.894415767245428,3.435007038948851,0.09854528390427032,0.4097,0.01299,0.0,0.0,0.0,0.0,0.0,0.0,0.0,0.0,0.0,0.0,0.012793176972281453,6.946695095948817,22.055437100213226,0.9850746268656718,0.0,0.0,0.0,0.0,0.0,0.0,0.0,0.0,0.0,0.0,0.0,0.0,0.0,0.0,0.0,0.0,0.4094,0.01301,0.0,0.0,0.0,0.0,0.0,0.0,0.0,0.0,0.0,0.0,0.0,7.038948850305011,22.08822149225716,0.8728296574378228,0.0,0.0,0.0,0.0,0.0,0.0,0.0,0.0,0.0,0.0,0.0,0.0,0.0,0.0,0.0,0.0
73000,4613,2383,0.5165835681768914,1117,937,0.44526338608280946,1305,0.5657923260351182,0.4020000000000001,2.996860986547085,3.1154884325736747,6.558599695585997,2.192415982718254,8376.505787990462,506.42122338031953,7853.0,8866.4,8866.399999999998,1.8189894035458565e-12,7853.0,0.0,28.249945805332754,21.05803616588607,33.275781855776685,19.27422289815348,0.13895512681552136,0.09820073704747453,0.08887925428137872,0.08736180359852591,0.08150877953609365,0.07912421417732494,0.06590071536960763,0.06199869932798613,0.05636245393453284,0.0535443312378062,0.048558421851289835,0.04205506178192066,0.030999349663993064,0.027314112291350532,0.019076522870149576,0.014307392152612184,0.0058530240624322565,0.9063671047145365,0.022638101720699983,0.0,0.0,0.0,0.0,0.0,0.0,0.0,0.0,0.0,0.0,0.0,0.0,0.0,0.0,0.0,0.0,0.0,0.0,0.0,0.0,0.0,0.0,0.0,0.0,0.019510080208107527,1.0210275308909604,10.63949707348797,14.89919791892478,3.284196835031434,0.13657056145675267,4.230179880079946,2.8765370831194255,nan,nan,nan,4.233048057932851,2.839983146234585,4.227242076871207,2.913500028160165,0.9986284159824825,0.409,0.0131,0.0,0.0,0.0,0.0,0.0,0.0,0.0,0.0,0.0,0.0,0.019510080208107527,7.244743117277249,21.896813353566014,0.8389334489486237,0.0,0.0,0.0,0.0,0.0,0.0,0.0,0.0,0.0,0.0,0.0,0.0,0.0,0.0,0.0,0.0,nan,nan,4.230179880079946,2.8765370831194255,nan,0.409,0.0688,0.0,0.0,0.0,0.0,0.0,0.0,0.0,0.0,0.0,0.0,0.0,0.0,0.0,0.0,0.0,0.0,0.00043355733795794494,0.0005419466724474311,4.3355733795794494e-05,0.0,0.0,0.0007262085410795578,0.005441144591372209,0.0033492304357251247,0.0008454368090179927,0.0009321482766095816,3.251680034684587e-05,0.0016583568176891394,0.011326685454151312,0.004205506178192066,0.029254281378712336,0.02573162800780403,0.06235638413180143,0.013180143073921527,0.03186646433990895,0.044146975937567744,0.03456535876869716,0.04985909386516367,0.041924994580533274,0.05188597442011706,0.061814437459354,0.05957077823542163,0.08017559072187297,0.05530023845653588,0.04862345545198352,0.04619553435941903,0.02724907869065684,0.03211575980923477,0.04688922610015175,0.01748319965315413,0.013277693474962063,0.033264686754823324,0.024756123997398655,0.004389768046824193,0.013722089746368958,0.00011922826793843486,0.006893561673531325,0.005029265120312161,0.002503793626707132,0.0003685237372642532,0.004736613917190548,2.1677866897897247e-05,0.0,0.0011380880121396055,5.419466724474312e-05,0.0,0.0,0.0,0.0,0.0,0.0,0.0,0.0,0.0,0.0,0.0,0.0,0.0,0.0,0.0,0.0,0.0,0.0,0.0,0.0,0.0,0.0,0.0,0.0,0.0,0.0,0.0,0.0,0.0,0.0,0.0,0.0,0.0,0.0,0.0,0.0,nan,nan,4.230179880079946,2.8765370831194255,nan,0.9063363932932919,0.022511279631200698,0.0,0.0,0.0,0.0,0.0,0.0,0.0,0.0,0.0,0.0,0.0,0.0,0.0,0.0,0.0,0.0,0.0,0.0,0.0,0.0,0.0,0.0,0.0,0.0,0.012589173310952584,1.0323122114981118,10.725975660931601,14.76710029374738,3.36130927402434,0.10071338648762067,0.906399923242261,0.02277279867158292,0.0,0.0,0.0,0.0,0.0,0.0,0.0,0.0,0.0,0.0,0.0,0.0,0.0,0.0,0.0,0.0,0.0,0.0,0.0,0.0,0.0,0.0,0.0,0.0,0.02690582959641256,1.008968609865471,10.547085201793724,15.040358744394622,3.201793721973095,0.17488789237668168,0.409,0.01308,0.0,0.0,0.0,0.0,0.0,0.0,0.0,0.0,0.0,0.0,0.025178346621905167,7.201007133864866,21.86739404112464,0.906420478388586,0.0,0.0,0.0,0.0,0.0,0.0,0.0,0.0,0.0,0.0,0.0,0.0,0.0,0.0,0.0,0.0,0.409,0.01313,0.0,0.0,0.0,0.0,0.0,0.0,0.0,0.0,0.0,0.0,0.01345291479820628,7.291479820627792,21.928251121076237,0.7668161434977581,0.0,0.0,0.0,0.0,0.0,0.0,0.0,0.0,0.0,0.0,0.0,0.0,0.0,0.0,0.0,0.0
73100,4673,2401,0.5138026963406805,1140,948,0.4468221699122619,1349,0.577359298095442,0.4100000000000001,2.9898767605633805,3.065221711351663,6.4557926829268295,2.128751347265116,8373.687652471646,506.5068958842833,7853.0,8866.4,8866.4,0.0,7853.0,0.0,28.094157928525572,20.79578062662301,32.83084702907712,19.088481423359084,0.13331906698052642,0.1033597260860261,0.08880804622298309,0.09009201797560454,0.07960624866252942,0.07340038519152578,0.07340038519152578,0.06933447464155788,0.05521078536272202,0.055424780654825596,0.04258506312861117,0.03787716670233255,0.03573721378129681,0.027391397389257437,0.01669163278407875,0.011341750481489407,0.006419858763107212,0.9063948438276246,0.022452341952600145,0.0,0.0,0.0,0.0,0.0,0.0,0.0,0.0,0.0,0.0,0.0,0.0,0.0,0.0,0.0,0.0,0.0,0.0,0.0,0.0,0.0,0.0,0.0,0.0,0.019259576289321637,1.17483415364862,10.368071902418148,14.81061416648834,3.4795634496041097,0.1476567515514659,4.287076619533049,2.869310684650045,nan,nan,nan,4.301786896095301,2.83478267881722,4.270765206017004,2.9030444771938484,0.9927886501987221,0.4094,0.0129,0.0,0.0,0.0,0.0,0.0,0.0,0.0,0.0,0.0,0.0,0.012839717526214427,6.869248876524706,22.315429060560675,0.8024823453884017,0.0,0.0,0.0,0.0,0.0,0.0,0.0,0.0,0.0,0.0,0.0,0.0,0.0,0.0,0.0,0.0,nan,nan,4.287076619533049,2.869310684650045,nan,0.4094,0.0685,0.0,0.0,0.0,0.0,0.0,0.0,0.0,0.0,0.0,0.0,0.0,0.0,0.0,0.0,0.0,0.0,0.0007382837577573294,0.0005670875240744703,4.2799058420714746e-05,0.0,1.0699764605178687e-05,0.00026749411512946717,0.004643697838647549,0.003306227263000214,0.00105927669591269,0.0007810828161780441,2.1399529210357373e-05,0.0021292531564305584,0.010603466723732078,0.004782794778514872,0.030184035951209075,0.0245987588273058,0.060892360368071906,0.01327840787502675,0.032858977102503746,0.04478921463727798,0.032313289107639635,0.05025679435052429,0.039696126685212926,0.050823881874598756,0.06112775518938583,0.06090306013267708,0.08328696768671089,0.056912047934945434,0.050010699764605177,0.047742349668307295,0.026257222341108496,0.03252728439974321,0.045506098865824955,0.016499037021185534,0.013257008345816392,0.033533062272630004,0.02518724588059063,0.005071688422854697,0.012893216349240316,0.00010699764605178686,0.006302161352450246,0.005189385833511663,0.002514444682216991,0.0006740851701262572,0.004943291247592553,0.0,0.0,0.0008773806976246523,3.209929381553606e-05,0.0,0.0,0.0,0.0,0.0,0.0,0.0,0.0,0.0,0.0,0.0,0.0,0.0,0.0,0.0,0.0,0.0,0.0,0.0,0.0,0.0,0.0,0.0,0.0,0.0,0.0,0.0,0.0,0.0,0.0,0.0,0.0,0.0,0.0,0.0,0.0,nan,nan,4.287076619533049,2.869310684650045,nan,0.9067270500319344,0.022301018723622522,0.0,0.0,0.0,0.0,0.0,0.0,0.0,0.0,0.0,0.0,0.0,0.0,0.0,0.0,0.0,0.0,0.0,0.0,0.0,0.0,0.0,0.0,0.0,0.0,0.012494793835901711,1.0620574760516452,10.333194502290715,14.781341107871723,3.660974593919201,0.14993752603082053,0.9060437755632988,0.022605851469133163,0.0,0.0,0.0,0.0,0.0,0.0,0.0,0.0,0.0,0.0,0.0,0.0,0.0,0.0,0.0,0.0,0.0,0.0,0.0,0.0,0.0,0.0,0.0,0.0,0.02640845070422536,1.2940140845070425,10.40492957746479,14.841549295774652,3.287852112676057,0.14524647887323947,0.4094,0.012886,0.0,0.0,0.0,0.0,0.0,0.0,0.0,0.0,0.0,0.0,0.012494793835901711,6.6597251145356005,22.49062890462308,0.8371511870054146,0.0,0.0,0.0,0.0,0.0,0.0,0.0,0.0,0.0,0.0,0.0,0.0,0.0,0.0,0.0,0.0,0.4092,0.01292,0.0,0.0,0.0,0.0,0.0,0.0,0.0,0.0,0.0,0.0,0.01320422535211268,7.090669014084496,22.13028169014085,0.7658450704225354,0.0,0.0,0.0,0.0,0.0,0.0,0.0,0.0,0.0,0.0,0.0,0.0,0.0,0.0,0.0,0.0
73200,4754,2450,0.5153554901135886,1224,951,0.4575094657130837,1320,0.5553218342448465,0.4260000000000001,2.978298611111111,3.1238133115274107,6.6328125,2.2039421135419484,8375.26125368111,506.46099295392133,7853.0,8866.4,8866.399999999998,1.8189894035458565e-12,7853.0,0.0,28.09213294068153,20.662103401888203,32.848582794629536,18.89792246850277,0.13735801430374422,0.09465713083718974,0.09465713083718974,0.08939840134623475,0.07846024400504838,0.07530500631047539,0.06625999158603281,0.0689945309213294,0.059949516196886835,0.050904501472444255,0.053428691628102654,0.03975599495161969,0.034707614640302906,0.023348758939840134,0.017458981909970552,0.008203618005889778,0.00715187210769878,0.9072146293843149,0.022723016263556498,0.0,0.0,0.0,0.0,0.0,0.0,0.0,0.0,0.0,0.0,0.0,0.0,0.0,0.0,0.0,0.0,0.0,0.0,0.0,0.0,0.0,0.0,0.0,0.0,0.006310475389145984,1.116954143878839,10.191417753470763,14.968447623054272,3.5906604964240647,0.12620950778291967,4.210577233150596,2.903560795091804,nan,nan,nan,4.21437908496732,2.875827094456414,4.206874602164227,2.930313673789219,0.9982193147194893,0.4087,0.01289,0.0,0.0,0.0,0.0,0.0,0.0,0.0,0.0,0.0,0.0,0.012620950778291968,7.547328565418584,21.581825830879264,0.8582246529238537,0.0,0.0,0.0,0.0,0.0,0.0,0.0,0.0,0.0,0.0,0.0,0.0,0.0,0.0,0.0,0.0,nan,nan,4.210577233150596,2.903560795091804,nan,0.4087,0.0681,0.0,0.0,0.0,0.0,0.0,0.0,0.0,0.0,0.0,0.0,0.0,0.0,0.0,0.0,0.0,0.0,0.0007151872107698779,0.0005258729490954985,0.00024190155658392932,2.103491796381994e-05,1.051745898190997e-05,0.00013672696676482961,0.0035549011358855702,0.0029554059739167016,0.0007467395877156079,0.0004312158182583088,0.00010517458981909971,0.0023243584350021037,0.011632309633992427,0.004985275557425326,0.03246739587715608,0.023222549432057215,0.06099074463609592,0.013472864955826672,0.033697938578039544,0.04758098443416071,0.03388725283971392,0.051935212452671436,0.03698990323937737,0.05134623474968448,0.06073832562053008,0.06121161127471603,0.08369793857803955,0.05656289440471182,0.04988430795119899,0.04607698779974758,0.02441102229701304,0.03157341186369373,0.0437736642827093,0.017458981909970552,0.013451830037862853,0.034202776609171225,0.025746739587715606,0.004143878838872528,0.012431636516617585,0.00021034917963819942,0.0070677324358435,0.005037862852334876,0.0027450567942785024,0.0008098443416070677,0.004017669331089609,1.051745898190997e-05,0.0,0.0007467395877156079,1.051745898190997e-05,0.0,0.0,0.0,0.0,0.0,0.0,0.0,0.0,0.0,0.0,0.0,0.0,0.0,0.0,0.0,0.0,0.0,0.0,0.0,0.0,0.0,0.0,0.0,0.0,0.0,0.0,0.0,0.0,0.0,0.0,0.0,0.0,0.0,0.0,0.0,0.0,nan,nan,4.210577233150596,2.903560795091804,nan,0.9067950246528703,0.02283235827550417,0.0,0.0,0.0,0.0,0.0,0.0,0.0,0.0,0.0,0.0,0.0,0.0,0.0,0.0,0.0,0.0,0.0,0.0,0.0,0.0,0.0,0.0,0.0,0.0,0.0,1.2244897959183676,10.346938775510207,14.767346938775512,3.5265306122448985,0.13469387755102044,0.907660823651693,0.02259761920207232,0.0,0.0,0.0,0.0,0.0,0.0,0.0,0.0,0.0,0.0,0.0,0.0,0.0,0.0,0.0,0.0,0.0,0.0,0.0,0.0,0.0,0.0,0.0,0.0,0.013020833333333336,1.002604166666667,10.026041666666668,15.18229166666667,3.6588541666666674,0.11718750000000003,0.409,0.012955,0.0,0.0,0.0,0.0,0.0,0.0,0.0,0.0,0.0,0.0,0.012244897959183676,7.616326530612234,21.526530612244905,0.8448979591836736,0.0,0.0,0.0,0.0,0.0,0.0,0.0,0.0,0.0,0.0,0.0,0.0,0.0,0.0,0.0,0.0,0.4087,0.01283,0.0,0.0,0.0,0.0,0.0,0.0,0.0,0.0,0.0,0.0,0.013020833333333336,7.473958333333322,21.640625000000007,0.8723958333333335,0.0,0.0,0.0,0.0,0.0,0.0,0.0,0.0,0.0,0.0,0.0,0.0,0.0,0.0,0.0,0.0
73300,4833,2435,0.5038278501965653,1146,993,0.44258224705152077,1373,0.5681771156631492,0.4180000000000001,2.93744787322769,3.1319745975145286,6.5887708649468895,2.21306539183301,8363.579143389199,506.6851510026378,7853.0,8866.4,8866.399999999998,1.8189894035458565e-12,7853.0,0.0,27.858886819780675,20.928161641233157,32.88188781813689,19.164636879943004,0.13925098282640183,0.10407614318228843,0.09352369128905441,0.08504034761018,0.08007448789571694,0.07759155803848541,0.06290088971653217,0.06559073039519966,0.05503827850196565,0.05421063521622181,0.047382578108835095,0.04407200496585972,0.031243534036830126,0.025036209393751292,0.015932133250569004,0.012414649286157667,0.006621146285950755,0.9072518265570465,0.02301461098828785,0.0,0.0,0.0,0.0,0.0,0.0,0.0,0.0,0.0,0.0,0.0,0.0,0.0,0.0,0.0,0.0,0.0,0.0,0.0,0.0,0.0,0.0,0.0,0.0,0.03103662321539417,1.2290502793296092,9.770328988206085,15.083798882681567,3.749224084419616,0.13656114214773435,4.339458413926499,2.9257714732659355,nan,nan,nan,4.356913183279743,2.933004690855201,4.324062095730919,2.9180977085706155,0.9924600086880558,0.4094,0.01239,0.0,0.0,0.0,0.0,0.0,0.0,0.0,0.0,0.0,0.0,0.012414649286157669,6.585971446306632,22.669149596523905,0.7324643078833025,0.0,0.0,0.0,0.0,0.0,0.0,0.0,0.0,0.0,0.0,0.0,0.0,0.0,0.0,0.0,0.0,nan,nan,4.339458413926499,2.9257714732659355,nan,0.4094,0.068,0.0,0.0,0.0,0.0,0.0,0.0,0.0,0.0,0.0,0.0,0.0,0.0,0.0,0.0,0.0,0.0,0.0008793709911028347,0.0007966066625284502,0.00037243947858472997,0.0,0.0,0.0005069315125181047,0.0032588454376163874,0.0025346575625905233,0.0006207324643078833,0.00027932960893854746,0.0,0.0020380715911442167,0.011897372232567763,0.004396854955514173,0.03063314711359404,0.021932547072211876,0.06067659838609559,0.013976825987999172,0.0340575212083592,0.045872129112352576,0.03452307055659011,0.05183116076970826,0.03718187461204221,0.05235878336436996,0.059507552244982415,0.06036623215394165,0.08472998137802606,0.0553176081109042,0.05122077384647217,0.04771363542313263,0.025356921166977034,0.03225739706186634,0.04637906062487068,0.017246016966687358,0.014183736809435134,0.03227808814400993,0.0271260086902545,0.0036416304572729156,0.012124974136147321,0.00012414649286157667,0.006021104903786468,0.004552038071591144,0.002679495137595696,0.0008379888268156424,0.00494516863231947,3.1036623215394166e-05,0.0,0.0007345334160976619,0.0,0.0,0.0,0.0,0.0,0.0,0.0,0.0,0.0,0.0,0.0,0.0,0.0,0.0,0.0,0.0,0.0,0.0,0.0,0.0,0.0,0.0,0.0,0.0,0.0,0.0,0.0,0.0,0.0,0.0,0.0,0.0,0.0,0.0,0.0,0.0,0.0,nan,nan,4.339458413926499,2.9257714732659355,nan,0.9071594835551613,0.022869637458489064,0.0,0.0,0.0,0.0,0.0,0.0,0.0,0.0,0.0,0.0,0.0,0.0,0.0,0.0,0.0,0.0,0.0,0.0,0.0,0.0,0.0,0.0,0.0,0.0,0.036960985626283374,1.2073921971252568,9.794661190965094,15.080082135523616,3.7577002053388098,0.12320328542094458,0.9073455943675515,0.0231605161086386,0.0,0.0,0.0,0.0,0.0,0.0,0.0,0.0,0.0,0.0,0.0,0.0,0.0,0.0,0.0,0.0,0.0,0.0,0.0,0.0,0.0,0.0,0.0,0.0,0.025020850708924108,1.2510425354462054,9.74562135112594,15.087572977481237,3.740617180984154,0.15012510425354464,0.4092,0.0124,0.0,0.0,0.0,0.0,0.0,0.0,0.0,0.0,0.0,0.0,0.0,6.837782340862413,22.361396303901444,0.8008213552361398,0.0,0.0,0.0,0.0,0.0,0.0,0.0,0.0,0.0,0.0,0.0,0.0,0.0,0.0,0.0,0.0,0.4097,0.01237,0.0,0.0,0.0,0.0,0.0,0.0,0.0,0.0,0.0,0.0,0.025020850708924108,6.330275229357789,22.981651376146797,0.6630525437864889,0.0,0.0,0.0,0.0,0.0,0.0,0.0,0.0,0.0,0.0,0.0,0.0,0.0,0.0,0.0,0.0
73400,4682,2417,0.5162323793250747,1117,987,0.4493806065783853,1316,0.5621529260999573,0.4060000000000001,2.8644591611479027,3.0100192486878323,6.287051482059282,2.0882191381549164,8376.14989320803,506.43290869911306,7853.0,8866.4,8866.4,0.0,7853.0,0.0,28.14651858180265,20.8449939710962,32.81751824817518,19.16796017811659,0.13327637761640324,0.09931653139683896,0.0971806920119607,0.08863733447244768,0.08180264844083725,0.06856044425459205,0.07176420333190944,0.057881247330200766,0.0638615976078599,0.05489107219137121,0.045920546774882526,0.04335753951302862,0.03374626228107646,0.023707817172148656,0.018154634771465186,0.01046561298590346,0.0074754378470739,0.9076532775751804,0.02257226604132709,0.0,0.0,0.0,0.0,0.0,0.0,0.0,0.0,0.0,0.0,0.0,0.0,0.0,0.0,0.0,0.0,0.0,0.0,0.0,0.0,0.0,0.0,0.0,0.0,0.019222554463904317,0.9803502776591202,10.021358393848784,15.160187953865872,3.697137975224264,0.12174284493806069,4.140125288493241,2.805571605177907,nan,nan,nan,4.162073490813648,2.7869408444008372,4.117958913187541,2.8240897022621656,0.9894008172312492,0.4097,0.01265,0.0,0.0,0.0,0.0,0.0,0.0,0.0,0.0,0.0,0.0,0.006407518154634773,6.868859461768465,22.31097821443828,0.8137548056386161,0.0,0.0,0.0,0.0,0.0,0.0,0.0,0.0,0.0,0.0,0.0,0.0,0.0,0.0,0.0,0.0,nan,nan,4.140125288493241,2.805571605177907,nan,0.4097,0.06757,0.0,0.0,0.0,0.0,0.0,0.0,0.0,0.0,0.0,0.0,0.0,0.0,0.0,0.0,0.0,0.0,0.0004378470739000427,0.000971806920119607,0.0002883383169585647,0.0,0.0,0.0004378470739000427,0.003972661255873558,0.002061085006407518,0.00042716787697565144,0.00019222554463904314,0.0,0.001986330627936779,0.010412217001281504,0.004293037163605297,0.03289192652712516,0.020835113199487398,0.05895984621956429,0.013626655275523281,0.034728748398120464,0.04724476719350705,0.035262708244340024,0.050982486117044,0.036992738146091414,0.049551473729175566,0.0616403246475865,0.06312473302007689,0.08456856044425459,0.054421187526697994,0.05200768902178556,0.04635839384878257,0.02591841093549765,0.0327210593763349,0.04525843656557027,0.016969243912857753,0.01463049978641606,0.03229389149935925,0.02813968389577104,0.004677488252883383,0.012152926099957283,0.00010679196924391286,0.005777445536095685,0.004453225117471166,0.002530969671080735,0.0006621102093122597,0.0038231524989320803,0.00011747116616830415,0.0,0.0010892780862879112,0.0,0.0,0.0,0.0,0.0,0.0,0.0,0.0,0.0,0.0,0.0,0.0,0.0,0.0,0.0,0.0,0.0,0.0,0.0,0.0,0.0,0.0,0.0,0.0,0.0,0.0,0.0,0.0,0.0,0.0,0.0,0.0,0.0,0.0,0.0,0.0,0.0,nan,nan,4.140125288493241,2.805571605177907,nan,0.9074560979648617,0.022495300662940743,0.0,0.0,0.0,0.0,0.0,0.0,0.0,0.0,0.0,0.0,0.0,0.0,0.0,0.0,0.0,0.0,0.0,0.0,0.0,0.0,0.0,0.0,0.0,0.0,0.024824162184526277,1.06743897393463,9.867604468349194,15.353744311129502,3.587091435664047,0.0992966487381051,0.9078636895478693,0.022652215093601772,0.0,0.0,0.0,0.0,0.0,0.0,0.0,0.0,0.0,0.0,0.0,0.0,0.0,0.0,0.0,0.0,0.0,0.0,0.0,0.0,0.0,0.0,0.0,0.0,0.013245033112582785,0.8874172185430466,10.18543046357616,14.953642384105963,3.814569536423842,0.14569536423841062,0.4097,0.012436,0.0,0.0,0.0,0.0,0.0,0.0,0.0,0.0,0.0,0.0,0.012412081092263138,6.640463384360768,22.627223831195703,0.7199007033512621,0.0,0.0,0.0,0.0,0.0,0.0,0.0,0.0,0.0,0.0,0.0,0.0,0.0,0.0,0.0,0.0,0.4097,0.01288,0.0,0.0,0.0,0.0,0.0,0.0,0.0,0.0,0.0,0.0,0.0,7.112582781456943,21.973509933774842,0.9139072847682121,0.0,0.0,0.0,0.0,0.0,0.0,0.0,0.0,0.0,0.0,0.0,0.0,0.0,0.0,0.0,0.0
73500,4448,2300,0.5170863309352518,1080,880,0.44064748201438847,1220,0.5485611510791367,0.4180000000000001,3.0046554934823093,3.1180941157756625,6.5141065830721,2.180482331657699,8377.015287769784,506.40405883982544,7853.0,8866.4,8866.399999999998,1.8189894035458565e-12,7853.0,0.0,28.520908273381295,21.3169283281551,33.569860813704494,19.52377186013451,0.14006294964028776,0.09419964028776978,0.09554856115107914,0.08610611510791367,0.07936151079136691,0.07036870503597123,0.0678956834532374,0.06272482014388489,0.05935251798561151,0.05148381294964029,0.045413669064748204,0.042491007194244604,0.03282374100719424,0.030575539568345324,0.02068345323741007,0.012140287769784174,0.00876798561151079,0.9076032505216572,0.022894368451577465,0.0,0.0,0.0,0.0,0.0,0.0,0.0,0.0,0.0,0.0,0.0,0.0,0.0,0.0,0.0,0.0,0.0,0.0,0.0,0.0,0.0,0.0,0.0,0.0,0.013489208633093528,1.1196043165467628,9.833633093525181,15.013489208633096,3.91861510791367,0.10116906474820146,4.206167706167706,2.8921674889382625,nan,nan,nan,4.285115303983228,2.8683765750129546,4.12852233676976,2.9132905927283947,0.96345653358081,0.4097,0.01251,0.0,0.0,0.0,0.0,0.0,0.0,0.0,0.0,0.0,0.0,0.0,6.6839028776978315,22.405575539568353,0.9105215827338131,0.0,0.0,0.0,0.0,0.0,0.0,0.0,0.0,0.0,0.0,0.0,0.0,0.0,0.0,0.0,0.0,nan,nan,4.206167706167706,2.8921674889382625,nan,0.4097,0.0677,0.0,0.0,0.0,0.0,0.0,0.0,0.0,0.0,0.0,0.0,0.0,0.0,0.0,0.0,0.0,0.0,0.000595773381294964,0.0011016187050359712,0.00040467625899280574,0.0,0.0,0.00041591726618705034,0.003383543165467626,0.0020233812949640288,0.0005170863309352518,6.744604316546762e-05,0.0,0.002068345323741007,0.009925809352517986,0.004743705035971223,0.035049460431654675,0.020795863309352517,0.05886915467625899,0.012949640287769784,0.03401528776978417,0.04445818345323741,0.03332958633093525,0.053226169064748204,0.038343075539568346,0.049763938848920865,0.06183678057553957,0.06285971223021583,0.08402652877697842,0.054507643884892085,0.05092176258992806,0.048032823741007195,0.025820593525179857,0.031901978417266184,0.04711106115107914,0.017592176258992807,0.014545863309352518,0.03164343525179856,0.02685476618705036,0.005260791366906475,0.01293839928057554,6.744604316546762e-05,0.004923561151079137,0.004743705035971223,0.002281924460431655,0.00043839928057553954,0.004473920863309352,0.00020233812949640287,0.0,0.000966726618705036,0.0,0.0,0.0,0.0,0.0,0.0,0.0,0.0,0.0,0.0,0.0,0.0,0.0,0.0,0.0,0.0,0.0,0.0,0.0,0.0,0.0,0.0,0.0,0.0,0.0,0.0,0.0,0.0,0.0,0.0,0.0,0.0,0.0,0.0,0.0,0.0,0.0,nan,nan,4.206167706167706,2.8921674889382625,nan,0.9077452527180961,0.02291443650749062,0.0,0.0,0.0,0.0,0.0,0.0,0.0,0.0,0.0,0.0,0.0,0.0,0.0,0.0,0.0,0.0,0.0,0.0,0.0,0.0,0.0,0.0,0.0,0.0,0.026086956521739136,1.1217391304347828,9.67826086956522,15.10434782608696,3.978260869565218,0.09130434782608698,0.9074511997526584,0.02287188338812787,0.0,0.0,0.0,0.0,0.0,0.0,0.0,0.0,0.0,0.0,0.0,0.0,0.0,0.0,0.0,0.0,0.0,0.0,0.0,0.0,0.0,0.0,0.0,0.0,0.0,1.11731843575419,10.000000000000002,14.916201117318439,3.8547486033519562,0.11173184357541902,0.41,0.01253,0.0,0.0,0.0,0.0,0.0,0.0,0.0,0.0,0.0,0.0,0.0,6.678260869565208,22.42173913043479,0.9000000000000002,0.0,0.0,0.0,0.0,0.0,0.0,0.0,0.0,0.0,0.0,0.0,0.0,0.0,0.0,0.0,0.0,0.4094,0.0125,0.0,0.0,0.0,0.0,0.0,0.0,0.0,0.0,0.0,0.0,0.0,6.689944134078203,22.388268156424584,0.9217877094972069,0.0,0.0,0.0,0.0,0.0,0.0,0.0,0.0,0.0,0.0,0.0,0.0,0.0,0.0,0.0,0.0
73600,4762,2402,0.504409911801764,1110,986,0.4401511969760605,1359,0.5707685846283075,0.4100000000000001,2.958898305084746,3.1078777117213088,6.602719033232629,2.1752921482231113,8364.169004619907,506.68029170050323,7853.0,8866.4,8866.4,0.0,7853.0,0.0,27.486770264594707,20.800434053390912,32.655381505811015,19.01774350594969,0.14678706425871482,0.0997480050398992,0.09386812263754725,0.08924821503569928,0.07979840403191936,0.0747585048299034,0.06971860562788744,0.0621587568248635,0.05753884922301554,0.05396892062158757,0.04178916421671566,0.04031919361612768,0.03170936581268374,0.02246955060898782,0.018479630407391853,0.011129777404451912,0.006509869802603948,0.9061048412363052,0.022667867685935334,0.0,0.0,0.0,0.0,0.0,0.0,0.0,0.0,0.0,0.0,0.0,0.0,0.0,0.0,0.0,0.0,0.0,0.0,0.0,0.0,0.0,0.0,0.0,0.0,0.0,1.2158756824863504,10.596388072238557,14.703905921881566,3.3389332213355742,0.14489710205795886,4.358627515671396,2.8558905473363803,nan,nan,nan,4.350495049504951,2.8986040943047136,4.366754617414248,2.8125337210195043,1.0037374063696838,0.41,0.01279,0.0,0.0,0.0,0.0,0.0,0.0,0.0,0.0,0.0,0.0,0.03779924401511971,6.545569088618218,22.534649307013865,0.8819823603527931,0.0,0.0,0.0,0.0,0.0,0.0,0.0,0.0,0.0,0.0,0.0,0.0,0.0,0.0,0.0,0.0,nan,nan,4.358627515671396,2.8558905473363803,nan,0.41,0.06805,0.0,0.0,0.0,0.0,0.0,0.0,0.0,0.0,0.0,0.0,0.0,0.0,0.0,0.0,0.0,0.0,0.0006824863502729946,0.0013964720705585889,0.0003149937001259975,0.0,0.0,0.0006194876102477951,0.004661906761864763,0.0025514489710205795,0.0004619907601847963,7.34985300293994e-05,3.149937001259975e-05,0.0017744645107097858,0.009638807223855524,0.004651406971860563,0.03558378832423351,0.020716085678286433,0.05595338093238135,0.012946241075178496,0.03360982780344393,0.040655186896262074,0.032906341873162534,0.052078958420831586,0.039521209575808486,0.05230995380092398,0.06625367492650147,0.06308273834523309,0.08050188996220076,0.05245695086098278,0.05248845023099538,0.04916001679966401,0.02633347333053339,0.03246535069298614,0.048057538849223015,0.01860562788744225,0.012799244015119698,0.03032339353212936,0.02613397732045359,0.005690886182276355,0.014605207895842083,0.00017849643007139857,0.0045569088618227635,0.005102897942041159,0.002110457790844183,0.0002939941201175976,0.00506089878202436,0.00017849643007139857,0.0,0.00041999160016799666,0.0,0.0,0.0,0.0,0.0,0.0,0.0,0.0,0.0,0.0,0.0,0.0,0.0,0.0,0.0,0.0,0.0,0.0,0.0,0.0,0.0,0.0,0.0,0.0,0.0,0.0,0.0,0.0,0.0,0.0,0.0,0.0,0.0,0.0,0.0,0.0,0.0,nan,nan,4.358627515671396,2.8558905473363803,nan,0.9065379541581319,0.023016397382697274,0.0,0.0,0.0,0.0,0.0,0.0,0.0,0.0,0.0,0.0,0.0,0.0,0.0,0.0,0.0,0.0,0.0,0.0,0.0,0.0,0.0,0.0,0.0,0.0,0.0,1.3114071606994175,10.241465445462119,14.787676935886765,3.5470441298917574,0.11240632805995006,0.9056640203726494,0.022298907837682992,0.0,0.0,0.0,0.0,0.0,0.0,0.0,0.0,0.0,0.0,0.0,0.0,0.0,0.0,0.0,0.0,0.0,0.0,0.0,0.0,0.0,0.0,0.0,0.0,0.0,1.1186440677966103,10.957627118644071,14.618644067796613,3.127118644067797,0.1779661016949153,0.4102,0.01281,0.0,0.0,0.0,0.0,0.0,0.0,0.0,0.0,0.0,0.0,0.024979184013322237,6.382181515403821,22.693588676103253,0.8992506244796005,0.0,0.0,0.0,0.0,0.0,0.0,0.0,0.0,0.0,0.0,0.0,0.0,0.0,0.0,0.0,0.0,0.4094,0.012764,0.0,0.0,0.0,0.0,0.0,0.0,0.0,0.0,0.0,0.0,0.050847457627118654,6.711864406779651,22.37288135593221,0.8644067796610171,0.0,0.0,0.0,0.0,0.0,0.0,0.0,0.0,0.0,0.0,0.0,0.0,0.0,0.0,0.0,0.0
73700,4748,2442,0.5143218197135636,1143,957,0.44229149115417016,1336,0.5627632687447346,0.3940000000000001,2.896357328707719,2.999149156704873,6.2970149253731345,2.1363569318060454,8374.213732097725,506.49209429229523,7853.0,8866.4,8866.4,0.0,7853.0,0.0,28.62700084245998,21.139258339717763,33.3899652260308,19.422459450251264,0.12973883740522324,0.10636057287278854,0.08909014321819714,0.08045492839090143,0.08108677337826453,0.07603201347935973,0.07455770850884583,0.061499578770008424,0.05581297388374052,0.05518112889637742,0.04633529907329402,0.040648694187026116,0.03390901432181971,0.02843302443133951,0.02190395956192081,0.010951979780960405,0.008003369839932602,0.9060031520963819,0.022716643988399548,0.0,0.0,0.0,0.0,0.0,0.0,0.0,0.0,0.0,0.0,0.0,0.0,0.0,0.0,0.0,0.0,0.0,0.0,0.0,0.0,0.0,0.0,0.0,0.0,0.031592249368155016,1.1752316764953668,10.823504633529911,14.557708508845833,3.285593934288122,0.12636899747262006,4.135100193923724,2.7723078929494096,nan,nan,nan,4.106020942408377,2.748253206206679,4.163473818646232,2.7952878044300746,1.0139923485641444,0.4104,0.012665,0.0,0.0,0.0,0.0,0.0,0.0,0.0,0.0,0.0,0.0,0.025273799494524015,6.17312552653748,22.809604043807926,0.9919966301600676,0.0,0.0,0.0,0.0,0.0,0.0,0.0,0.0,0.0,0.0,0.0,0.0,0.0,0.0,0.0,0.0,nan,nan,4.135100193923724,2.7723078929494096,nan,0.4104,0.06775,0.0,0.0,0.0,0.0,0.0,0.0,0.0,0.0,0.0,0.0,0.0,0.0,0.0,0.0,0.0,0.0,0.0007371524852569503,0.0016322662173546755,6.318449873631002e-05,0.0,0.0,0.0005791912384161752,0.004517691659646167,0.002622156697556866,0.00041069924178601514,4.212299915754002e-05,0.0,0.0019797809604043806,0.009804128053917439,0.004633529907329402,0.03488837405223252,0.020229570345408593,0.054959983150800334,0.012236731255265376,0.033687868576242626,0.03954296545914069,0.031981887110362255,0.0502106149957877,0.03884793597304128,0.05454928390901432,0.06888163437236731,0.060509688289806234,0.08491996630160067,0.05080033698399326,0.05186394271272115,0.047230412805391746,0.02653748946925021,0.03514111204717776,0.05015796124684078,0.017333614153327716,0.01386899747262005,0.0296335299073294,0.028148694187026115,0.005970935130581298,0.01450084245998315,0.00011583824768323504,0.004180707666385846,0.004896798652064027,0.0021272114574557707,0.0004844144903117102,0.0036541701769165964,0.00037910699241786017,0.0,0.0005054759898904802,0.0,0.0,0.0,0.0,0.0,0.0,0.0,0.0,0.0,0.0,0.0,0.0,0.0,0.0,0.0,0.0,0.0,0.0,0.0,0.0,0.0,0.0,0.0,0.0,0.0,0.0,0.0,0.0,0.0,0.0,0.0,0.0,0.0,0.0,0.0,0.0,0.0,nan,nan,4.135100193923724,2.7723078929494096,nan,0.9060451145742293,0.02278571641407565,0.0,0.0,0.0,0.0,0.0,0.0,0.0,0.0,0.0,0.0,0.0,0.0,0.0,0.0,0.0,0.0,0.0,0.0,0.0,0.0,0.0,0.0,0.0,0.0,0.024570024570024575,1.240786240786241,10.773955773955777,14.520884520884524,3.3169533169533176,0.12285012285012287,0.9059587148149842,0.022643183419552015,0.0,0.0,0.0,0.0,0.0,0.0,0.0,0.0,0.0,0.0,0.0,0.0,0.0,0.0,0.0,0.0,0.0,0.0,0.0,0.0,0.0,0.0,0.0,0.0,0.039028620988725074,1.105810928013877,10.87597571552472,14.596704249783178,3.252385082393756,0.13009540329575023,0.4104,0.01254,0.0,0.0,0.0,0.0,0.0,0.0,0.0,0.0,0.0,0.0,0.012285012285012288,6.031941031941023,23.058968058968066,0.896805896805897,0.0,0.0,0.0,0.0,0.0,0.0,0.0,0.0,0.0,0.0,0.0,0.0,0.0,0.0,0.0,0.0,0.4102,0.012794,0.0,0.0,0.0,0.0,0.0,0.0,0.0,0.0,0.0,0.0,0.039028620988725074,6.322636600173451,22.54553339115352,1.0928013876843021,0.0,0.0,0.0,0.0,0.0,0.0,0.0,0.0,0.0,0.0,0.0,0.0,0.0,0.0,0.0,0.0
73800,4460,2333,0.5230941704035874,1091,925,0.45201793721973094,1261,0.5654708520179372,0.4180000000000001,2.9680300893276916,3.039918252779147,6.473941368078176,2.1090324834165717,8383.103632286997,506.15922395603434,7853.0,8866.4,8866.4,0.0,7853.0,0.0,28.491255605381166,21.036284364365123,33.33890214797136,19.25348283249957,0.13699551569506727,0.092152466367713,0.08856502242152467,0.09506726457399103,0.0773542600896861,0.08206278026905829,0.06659192825112108,0.06053811659192825,0.05493273542600897,0.053811659192825115,0.04865470852017937,0.04596412556053812,0.033632286995515695,0.02623318385650224,0.01905829596412556,0.010986547085201795,0.007399103139013453,0.9057852198858433,0.022753876803130794,0.0,0.0,0.0,0.0,0.0,0.0,0.0,0.0,0.0,0.0,0.0,0.0,0.0,0.0,0.0,0.0,0.0,0.0,0.0,0.0,0.0,0.0,0.0,0.0,0.0336322869955157,1.1704035874439465,10.829596412556056,14.623318385650228,3.2219730941704046,0.12107623318385653,4.128547008547009,2.8235678663091215,nan,nan,nan,4.073569482288828,2.7651064517146353,4.183939601921757,2.8802101114308156,1.027094203281127,0.4111,0.01271,0.0,0.0,0.0,0.0,0.0,0.0,0.0,0.0,0.0,0.0,0.02017937219730942,5.730941704035867,23.051569506726462,1.1973094170403589,0.0,0.0,0.0,0.0,0.0,0.0,0.0,0.0,0.0,0.0,0.0,0.0,0.0,0.0,0.0,0.0,nan,nan,4.128547008547009,2.8235678663091215,nan,0.4111,0.06836,0.0,0.0,0.0,0.0,0.0,0.0,0.0,0.0,0.0,0.0,0.0,0.0,0.0,0.0,0.0,0.0,0.001233183856502242,0.0015807174887892377,0.0,0.0,0.0,0.0006838565022421524,0.005,0.0029484304932735424,0.0004484304932735426,8.968609865470852e-05,0.0,0.0020515695067264573,0.010325112107623319,0.0038789237668161434,0.03274663677130045,0.019786995515695068,0.054652466367713,0.011715246636771301,0.03153587443946188,0.04193946188340807,0.030347533632286997,0.047634529147982066,0.03933856502242152,0.0557847533632287,0.06840807174887892,0.061715246636771304,0.0826457399103139,0.0504932735426009,0.05180493273542601,0.04774663677130045,0.026973094170403587,0.037073991031390134,0.048071748878923765,0.01726457399103139,0.015403587443946189,0.031917040358744396,0.028621076233183856,0.006121076233183856,0.01438340807174888,0.0002690582959641256,0.004002242152466368,0.005437219730941704,0.0022085201793721975,0.0007511210762331838,0.004170403587443946,0.0004147982062780269,0.0,0.00035874439461883406,2.242152466367713e-05,0.0,0.0,0.0,0.0,0.0,0.0,0.0,0.0,0.0,0.0,0.0,0.0,0.0,0.0,0.0,0.0,0.0,0.0,0.0,0.0,0.0,0.0,0.0,0.0,0.0,0.0,0.0,0.0,0.0,0.0,0.0,0.0,0.0,0.0,0.0,0.0,nan,nan,4.128547008547009,2.8235678663091215,nan,0.9056368660272778,0.02303912011656481,0.0,0.0,0.0,0.0,0.0,0.0,0.0,0.0,0.0,0.0,0.0,0.0,0.0,0.0,0.0,0.0,0.0,0.0,0.0,0.0,0.0,0.0,0.0,0.0,0.03857693956279469,1.2216030861551652,11.033004714959283,14.324903557651096,3.266180882983284,0.11573081868838409,0.9059479418190982,0.022435709825642202,0.0,0.0,0.0,0.0,0.0,0.0,0.0,0.0,0.0,0.0,0.0,0.0,0.0,0.0,0.0,0.0,0.0,0.0,0.0,0.0,0.0,0.0,0.0,0.0,0.028208744710860375,1.1142454160789848,10.6064880112835,14.950634696755998,3.173483779971792,0.12693935119887167,0.4114,0.01235,0.0,0.0,0.0,0.0,0.0,0.0,0.0,0.0,0.0,0.0,0.0,5.503643377625367,23.339048435490792,1.1573081868838409,0.0,0.0,0.0,0.0,0.0,0.0,0.0,0.0,0.0,0.0,0.0,0.0,0.0,0.0,0.0,0.0,0.411,0.0131,0.0,0.0,0.0,0.0,0.0,0.0,0.0,0.0,0.0,0.0,0.042313117066290554,5.980253878702389,22.736248236953458,1.2411847672778564,0.0,0.0,0.0,0.0,0.0,0.0,0.0,0.0,0.0,0.0,0.0,0.0,0.0,0.0,0.0,0.0
73900,4514,2386,0.5285777580859548,1141,895,0.4510412051395658,1252,0.5547186530793088,0.4100000000000001,3.0136278195488724,3.1329113985886234,6.615771812080537,2.1523405961626993,8388.660700044305,505.87169109660954,7853.0,8866.4,8866.399999999998,1.8189894035458565e-12,7853.0,0.0,28.01617190961453,20.721660157937706,32.812073490813646,18.991277488231773,0.13690739920248116,0.09769605671245016,0.09082853345148427,0.09016393442622951,0.07975188303057155,0.08063801506424458,0.06956136464333186,0.06424457244129375,0.06025697828976517,0.04940186087727071,0.043863535666814356,0.04275587062472309,0.033008418254319896,0.02769162605228179,0.015285777580859548,0.01329198050509526,0.00465219317678334,0.9067901176164042,0.02219434853171954,0.0,0.0,0.0,0.0,0.0,0.0,0.0,0.0,0.0,0.0,0.0,0.0,0.0,0.0,0.0,0.0,0.0,0.0,0.0,0.0,0.0,0.0,0.0,0.0,0.006645990252547631,1.0500664599025258,10.520602569782898,15.059813912272931,3.229951262738149,0.1329198050509526,4.206955335833618,2.9857816325766895,nan,nan,nan,4.208049113233288,3.0383569979919782,4.205862304021813,2.9323001508427105,0.9994803270701861,0.4116,0.01281,0.0,0.0,0.0,0.0,0.0,0.0,0.0,0.0,0.0,0.0,0.013291980505095263,5.263624280017716,23.51351351351352,1.2095702259636687,0.0,0.0,0.0,0.0,0.0,0.0,0.0,0.0,0.0,0.0,0.0,0.0,0.0,0.0,0.0,0.0,nan,nan,4.206955335833618,2.9857816325766895,nan,0.4116,0.06866,0.0,0.0,0.0,0.0,0.0,0.0,0.0,0.0,0.0,0.0,0.0,0.0,0.0,0.0,0.0,0.0,0.0011187416925121842,0.0017833407177669472,0.0,0.0,0.0,0.0007975188303057156,0.005582631812140009,0.0025254762959680994,0.00016614975631369075,1.1076650420912716e-05,0.0,0.0017722640673460345,0.01109880372175454,0.003854674346477625,0.03193398316349136,0.01892999556933983,0.05146211785556048,0.011685866194062915,0.03247673903411608,0.04273371732388126,0.030981391227292866,0.049368630926007975,0.0405959237926451,0.0549623393885689,0.06894107221976074,0.0604563579973416,0.08060478511298183,0.05116304829419584,0.052093486929552506,0.04743021710234825,0.026883030571555163,0.03707354895879486,0.047684980062029245,0.019195835179441737,0.013280903854674347,0.032399202481169696,0.02931989366415596,0.006823216659282233,0.014421798848028355,0.0001439964554718653,0.003666371289322109,0.006302614089499336,0.002027027027027027,0.0007753655294638901,0.004530350022153301,0.0005870624723083739,1.1076650420912716e-05,0.0003433761630482942,0.0,0.0,0.0,0.0,0.0,0.0,0.0,0.0,0.0,0.0,0.0,0.0,0.0,0.0,0.0,0.0,0.0,0.0,0.0,0.0,0.0,0.0,0.0,0.0,0.0,0.0,0.0,0.0,0.0,0.0,0.0,0.0,0.0,0.0,0.0,0.0,0.0,nan,nan,4.206955335833618,2.9857816325766895,nan,0.9064658714609793,0.022598144499402013,0.0,0.0,0.0,0.0,0.0,0.0,0.0,0.0,0.0,0.0,0.0,0.0,0.0,0.0,0.0,0.0,0.0,0.0,0.0,0.0,0.0,0.0,0.0,0.0,0.0,1.2070410729253984,10.77535624476111,14.622799664710817,3.256496227996648,0.13830678960603524,0.9071536755707479,0.021726922006153164,0.0,0.0,0.0,0.0,0.0,0.0,0.0,0.0,0.0,0.0,0.0,0.0,0.0,0.0,0.0,0.0,0.0,0.0,0.0,0.0,0.0,0.0,0.0,0.0,0.014097744360902258,0.8740601503759401,10.23496240601504,15.549812030075191,3.200187969924813,0.12687969924812031,0.4116,0.01262,0.0,0.0,0.0,0.0,0.0,0.0,0.0,0.0,0.0,0.0,0.012573344509639567,5.104777870913655,23.738474434199503,1.1441743503772006,0.0,0.0,0.0,0.0,0.0,0.0,0.0,0.0,0.0,0.0,0.0,0.0,0.0,0.0,0.0,0.0,0.4114,0.01301,0.0,0.0,0.0,0.0,0.0,0.0,0.0,0.0,0.0,0.0,0.014097744360902258,5.441729323308263,23.261278195488728,1.2828947368421055,0.0,0.0,0.0,0.0,0.0,0.0,0.0,0.0,0.0,0.0,0.0,0.0,0.0,0.0,0.0,0.0
74000,4395,2267,0.5158134243458475,1018,902,0.43686006825938567,1245,0.5665529010238908,0.4380000000000001,2.93703007518797,3.064896601770868,6.461028192371476,2.1315890577949883,8375.725324232082,506.4465213457947,7853.0,8866.4,8866.399999999998,1.8189894035458565e-12,7853.0,0.0,28.56996587030717,21.307773557835862,33.54105888708806,19.536769825533423,0.13651877133105803,0.09692832764505119,0.09397042093287827,0.09032992036405006,0.07918088737201365,0.0664391353811149,0.0671217292377702,0.06484641638225255,0.056427758816837315,0.051194539249146756,0.05073947667804323,0.04186575654152446,0.03640500568828214,0.026848691695108076,0.01888509670079636,0.013651877133105802,0.008646188850967008,0.9053321645257145,0.022544810428205237,0.0,0.0,0.0,0.0,0.0,0.0,0.0,0.0,0.0,0.0,0.0,0.0,0.0,0.0,0.0,0.0,0.0,0.0,0.0,0.0,0.0,0.0,0.0,0.0,0.020477815699658706,1.3174061433447102,10.825938566552903,14.587030716723552,3.1740614334471,0.07508532423208192,4.188811188811189,2.8499811039762464,nan,nan,nan,4.299929428369795,2.8854305120559047,4.07969507969508,2.810463947345936,0.9487818690182058,0.4119,0.01301,0.0,0.0,0.0,0.0,0.0,0.0,0.0,0.0,0.0,0.0,0.020477815699658706,5.3856655290102315,23.20819112627987,1.385665529010239,0.0,0.0,0.0,0.0,0.0,0.0,0.0,0.0,0.0,0.0,0.0,0.0,0.0,0.0,0.0,0.0,nan,nan,4.188811188811189,2.8499811039762464,nan,0.4119,0.0688,0.0,0.0,0.0,0.0,0.0,0.0,0.0,0.0,0.0,0.0,0.0,0.0,0.0,0.0,0.0,0.0,0.0010352673492605234,0.0022639362912400453,0.0,0.0,1.1376564277588169e-05,0.0011262798634812286,0.005472127417519909,0.0023321956769055746,0.00030716723549488055,2.2753128555176338e-05,3.4129692832764505e-05,0.0017519908987485779,0.009271899886234357,0.0030147895335608647,0.03392491467576792,0.01939704209328783,0.048725824800910124,0.010307167235494881,0.035540386803185435,0.04076222980659841,0.03433447098976109,0.04808873720136519,0.04348122866894198,0.053629124004550624,0.06887372013651877,0.0595221843003413,0.07877133105802048,0.050511945392491465,0.0498976109215017,0.049601820250284416,0.028600682593856654,0.03695108077360637,0.046882821387940844,0.019840728100113766,0.012718998862343572,0.03210466439135381,0.030625711035267348,0.006348122866894198,0.014914675767918089,0.0004664391353811149,0.004152445961319681,0.006393629124004551,0.0022070534698521048,0.0005915813424345848,0.004095563139931741,0.0006029579067121729,0.0,0.0004891922639362913,0.0,0.0,0.0,0.0,0.0,0.0,0.0,0.0,0.0,0.0,0.0,0.0,0.0,0.0,0.0,0.0,0.0,0.0,0.0,0.0,0.0,0.0,0.0,0.0,0.0,0.0,0.0,0.0,0.0,0.0,0.0,0.0,0.0,0.0,0.0,0.0,0.0,nan,nan,4.188811188811189,2.8499811039762464,nan,0.9058973100619743,0.02248076774644193,0.0,0.0,0.0,0.0,0.0,0.0,0.0,0.0,0.0,0.0,0.0,0.0,0.0,0.0,0.0,0.0,0.0,0.0,0.0,0.0,0.0,0.0,0.0,0.0,0.013233348037053378,1.1777679752977506,10.719011910013235,14.596382884869875,3.4274371415968248,0.06616674018526689,0.904730103937979,0.02259729320009851,0.0,0.0,0.0,0.0,0.0,0.0,0.0,0.0,0.0,0.0,0.0,0.0,0.0,0.0,0.0,0.0,0.0,0.0,0.0,0.0,0.0,0.0,0.0,0.0,0.028195488721804517,1.4661654135338351,10.939849624060152,14.577067669172935,2.9041353383458657,0.08458646616541354,0.4116,0.01306,0.0,0.0,0.0,0.0,0.0,0.0,0.0,0.0,0.0,0.0,0.013233348037053378,5.59770621967357,22.88045875606529,1.508601676224085,0.0,0.0,0.0,0.0,0.0,0.0,0.0,0.0,0.0,0.0,0.0,0.0,0.0,0.0,0.0,0.0,0.4119,0.01296,0.0,0.0,0.0,0.0,0.0,0.0,0.0,0.0,0.0,0.0,0.028195488721804517,5.159774436090218,23.557330827067677,1.254699248120301,0.0,0.0,0.0,0.0,0.0,0.0,0.0,0.0,0.0,0.0,0.0,0.0,0.0,0.0,0.0,0.0
74100,4909,2553,0.5200651863923406,1267,946,0.45080464453045427,1346,0.5483805255652883,0.38200000000000006,2.980050933786078,3.0281687155608594,6.337016574585635,2.0758303789462715,8380.034059889998,506.29182889751416,7853.0,8866.4,8866.399999999998,1.8189894035458565e-12,7853.0,0.0,28.882664493786923,20.9769850056766,33.594348659003835,19.18415510630595,0.12955795477694032,0.09655734365451211,0.0902424118965166,0.08494601751884294,0.0788347932369118,0.07190873905072316,0.06701975962517824,0.07129761662253005,0.06335302505601956,0.05846404563047464,0.04746384192299857,0.04074149521287431,0.03646363821552251,0.024037482175595846,0.01975962517824404,0.011203911183540437,0.008148299042574863,0.9037276565433642,0.022554260956462926,0.0,0.0,0.0,0.0,0.0,0.0,0.0,0.0,0.0,0.0,0.0,0.0,0.0,0.0,0.0,0.0,0.0,0.0,0.0,0.0,0.0,0.0,0.0,0.0,0.03666734569158689,1.5033611733550625,11.244652678753313,14.336932165410474,2.798940721124466,0.07944591566510494,4.149506781750925,2.862147689961601,nan,nan,nan,4.139248305606901,2.8877681872807304,4.159777914867366,2.8362265553798625,1.00495974335066,0.4114,0.01314,0.0,0.0,0.0,0.0,0.0,0.0,0.0,0.0,0.0,0.0,0.012222448563862297,5.726217152169476,22.83153391729477,1.4300264819718886,0.0,0.0,0.0,0.0,0.0,0.0,0.0,0.0,0.0,0.0,0.0,0.0,0.0,0.0,0.0,0.0,nan,nan,4.149506781750925,2.862147689961601,nan,0.4114,0.069,0.0,0.0,0.0,0.0,0.0,0.0,0.0,0.0,0.0,0.0,2.0370747606437155e-05,0.0,0.0,0.0,0.0,0.0,0.0006620492972092076,0.0028824607863108575,0.0,0.0,0.0,0.0011611326135669178,0.004532491342432267,0.00200651863923406,0.0002342635974740273,0.0001324098594418415,0.00011203911183540436,0.0019454063964147485,0.009645548991647993,0.003014870645752699,0.03430433896924017,0.02014666938276635,0.04806477897738847,0.01046037889590548,0.03673864330820941,0.04563047463841923,0.033917294764717866,0.046180484823793035,0.04266653086168262,0.052098187003463026,0.06795681401507435,0.06112242819311469,0.07920146669382766,0.052169484620085554,0.0472601344469342,0.04713790996129558,0.031116316968832755,0.036361784477490326,0.04546750865756773,0.02071705031574659,0.01361784477490324,0.031126502342635975,0.029262578936646976,0.006264004888979426,0.014860460378895905,0.0005194540639641475,0.0035343247097168466,0.006814015074353229,0.0026685679364432673,0.0005703809329802404,0.004624159706661235,0.0005907516805866775,0.0,0.0004787125687512732,0.0,0.0,0.0,0.0,0.0,0.0,0.0,0.0,0.0,0.0,0.0,0.0,0.0,0.0,0.0,0.0,0.0,0.0,0.0,0.0,0.0,0.0,0.0,0.0,0.0,0.0,0.0,0.0,0.0,0.0,0.0,0.0,0.0,0.0,0.0,0.0,0.0,nan,nan,4.149506781750925,2.862147689961601,nan,0.9033661102762981,0.02252264988291394,0.0,0.0,0.0,0.0,0.0,0.0,0.0,0.0,0.0,0.0,0.0,0.0,0.0,0.0,0.0,0.0,0.0,0.0,0.0,0.0,0.0,0.0,0.0,0.0,0.07050528789659226,1.4806110458284374,11.245593419506466,14.488836662749708,2.64394829612221,0.07050528789659226,0.9041194339711314,0.022581931470784855,0.0,0.0,0.0,0.0,0.0,0.0,0.0,0.0,0.0,0.0,0.0,0.0,0.0,0.0,0.0,0.0,0.0,0.0,0.0,0.0,0.0,0.0,0.0,0.0,0.0,1.5280135823429546,11.24363327674024,14.172325976230903,2.966893039049237,0.08913412563667235,0.4114,0.01348,0.0,0.0,0.0,0.0,0.0,0.0,0.0,0.0,0.0,0.0,0.023501762632197422,5.851938895417148,22.58519388954172,1.539365452408931,0.0,0.0,0.0,0.0,0.0,0.0,0.0,0.0,0.0,0.0,0.0,0.0,0.0,0.0,0.0,0.0,0.4116,0.012764,0.0,0.0,0.0,0.0,0.0,0.0,0.0,0.0,0.0,0.0,0.0,5.5899830220713,23.098471986417664,1.311544991511036,0.0,0.0,0.0,0.0,0.0,0.0,0.0,0.0,0.0,0.0,0.0,0.0,0.0,0.0,0.0,0.0
74200,4559,2345,0.5143671857863567,1083,936,0.44286027637639835,1275,0.5593331871024347,0.4220000000000001,2.980126467931346,3.1216762316578643,6.694581280788177,2.1946314996124743,8374.259706075894,506.4907748014601,7853.0,8866.4,8866.4,0.0,7853.0,0.0,27.740951963149815,20.919167089417186,32.78311041174928,19.164420550340036,0.14630401403816626,0.09431892958982233,0.09695108576442202,0.08927396358850626,0.07501645097609125,0.07699056810704102,0.07194560210572494,0.06580390436499232,0.05001096731739416,0.05198508444834393,0.04364992322877824,0.0425531914893617,0.03377933757402939,0.02522483000658039,0.018644439570081158,0.011186663742048695,0.006361044088615924,0.9042530676517917,0.02273788182515441,0.0,0.0,0.0,0.0,0.0,0.0,0.0,0.0,0.0,0.0,0.0,0.0,0.0,0.0,0.0,0.0,0.0,0.0,0.0,0.0,0.0,0.0,0.0,0.0,0.03290195218249617,1.5595525334503184,11.1603421803027,14.286027637639837,2.862469839877167,0.09870585654748851,4.258031442241968,2.902975720156936,nan,nan,nan,4.283480625424881,2.9118932122713934,4.232302405498282,2.8937047190987575,0.9880521883015352,0.4119,0.01261,0.0,0.0,0.0,0.0,0.0,0.0,0.0,0.0,0.0,0.0,0.0,5.343277034437369,23.327484097389785,1.329238868172845,0.0,0.0,0.0,0.0,0.0,0.0,0.0,0.0,0.0,0.0,0.0,0.0,0.0,0.0,0.0,0.0,nan,nan,4.258031442241968,2.902975720156936,nan,0.4119,0.0688,0.0,0.0,0.0,0.0,0.0,0.0,0.0,0.0,0.0,0.0,3.290195218249616e-05,0.0,0.0,0.0,0.0,0.0,0.00036192147400745776,0.0027308620311471813,0.0,0.0,0.0,0.001447685896029831,0.004211449879359509,0.0014915551656064926,0.0003180522044307962,0.00012064049133581926,0.0005922351392849309,0.0021934634788330775,0.008751919280543979,0.0029611756964246544,0.033921912700153545,0.022526869927615704,0.04607370037288879,0.010013160780872998,0.03495284053520509,0.04712656284272867,0.034700592235139285,0.0456569423119105,0.043101557359069974,0.05135994735687651,0.06731739416538715,0.061515683263873654,0.07757183592893178,0.053882430357534546,0.04624917745119544,0.05001096731739416,0.029304672077209916,0.03625795130511077,0.04545953059881553,0.022998464575564818,0.012327264751041895,0.030105286246983987,0.029381443298969072,0.0063391094538275935,0.017635446369817943,0.0005593331871024347,0.0030818161877604736,0.006042991884185128,0.0027418293485413467,0.000932221978504058,0.004068874753235359,0.000932221978504058,0.0,0.0006361044088615924,0.0,0.0,0.0,0.0,0.0,0.0,0.0,0.0,0.0,0.0,0.0,0.0,0.0,0.0,0.0,0.0,0.0,0.0,0.0,0.0,0.0,0.0,0.0,0.0,0.0,0.0,0.0,0.0,0.0,0.0,0.0,0.0,0.0,0.0,0.0,0.0,0.0,nan,nan,4.258031442241968,2.902975720156936,nan,0.903647573416167,0.023126056599680415,0.0,0.0,0.0,0.0,0.0,0.0,0.0,0.0,0.0,0.0,0.0,0.0,0.0,0.0,0.0,0.0,0.0,0.0,0.0,0.0,0.0,0.0,0.0,0.0,0.03837953091684435,1.7398720682302775,11.232409381663116,13.99573560767591,2.9168443496801713,0.0767590618336887,0.9048943883304458,0.02230145825113916,0.0,0.0,0.0,0.0,0.0,0.0,0.0,0.0,0.0,0.0,0.0,0.0,0.0,0.0,0.0,0.0,0.0,0.0,0.0,0.0,0.0,0.0,0.0,0.0,0.027100271002710032,1.3685636856368566,11.084010840108403,14.593495934959353,2.8048780487804885,0.12195121951219515,0.4119,0.01281,0.0,0.0,0.0,0.0,0.0,0.0,0.0,0.0,0.0,0.0,0.0,5.283582089552231,23.283582089552244,1.4328358208955227,0.0,0.0,0.0,0.0,0.0,0.0,0.0,0.0,0.0,0.0,0.0,0.0,0.0,0.0,0.0,0.0,0.4119,0.0124,0.0,0.0,0.0,0.0,0.0,0.0,0.0,0.0,0.0,0.0,0.0,5.406504065040643,23.373983739837406,1.2195121951219514,0.0,0.0,0.0,0.0,0.0,0.0,0.0,0.0,0.0,0.0,0.0,0.0,0.0,0.0,0.0,0.0
74300,4842,2498,0.5159025196199918,1180,1002,0.4506402313093763,1393,0.5753820735233375,0.39000000000000007,2.973122866894198,3.01399655451653,6.36,2.0526220165576374,8375.8156133829,506.44365629879576,7853.0,8866.4,8866.4,0.0,7853.0,0.0,28.185873605947954,20.83144087441638,33.09666339548577,19.038659050087034,0.13733994217265594,0.09748038000826105,0.08942585708384965,0.08446922759190417,0.08467575382073524,0.0795125980999587,0.06794712928541925,0.05989260636100785,0.06133828996282528,0.055762081784386616,0.04626187525815779,0.040479140850888065,0.03469640644361834,0.024163568773234202,0.020446096654275093,0.010945890128046263,0.005163155720776538,0.9035349161553019,0.022332059326250923,0.0,0.0,0.0,0.0,0.0,0.0,0.0,0.0,0.0,0.0,0.0,0.0,0.0,0.0,0.0,0.0,0.0,0.0,0.0,0.0,0.0,0.0,0.0,0.0,0.012391573729863695,1.425030978934325,11.827757125154898,13.903345724907066,2.744733581164809,0.08674101610904587,4.2294303797468356,2.816242613899395,nan,nan,nan,4.26122707147375,2.863444184769879,4.197593413552881,2.7678090341014574,0.9850668230409835,0.412,0.012665,0.0,0.0,0.0,0.0,0.0,0.0,0.0,0.0,0.0,0.0,0.0,5.179677819083016,23.457249070631978,1.3630731102850067,0.0,0.0,0.0,0.0,0.0,0.0,0.0,0.0,0.0,0.0,0.0,0.0,0.0,0.0,0.0,0.0,nan,nan,4.2294303797468356,2.816242613899395,nan,0.412,0.068,0.0,0.0,0.0,0.0,0.0,0.0,0.0,0.0,0.0,0.0,5.163155720776539e-05,0.0,0.0,0.0,0.0,0.0,0.00016522098306484924,0.0018690623709211069,0.0,0.0,0.0,0.0012081784386617101,0.004688145394465097,0.0014456836018174309,0.00044403139198678234,0.00014456836018174308,0.00040272614622057,0.0023543990086741014,0.008477901693515076,0.0033663775299463032,0.03364312267657993,0.0229966955803387,0.04382486575795126,0.009304006608839323,0.035254027261462206,0.04452705493597687,0.034273027674514664,0.04625154894671623,0.04330855018587361,0.05191036761668732,0.0681123502684841,0.06414704667492771,0.08082403965303593,0.05426476662536142,0.04677819083023544,0.053500619578686494,0.029378356051218506,0.034273027674514664,0.04282321354812061,0.02379182156133829,0.012814952498967368,0.028717472118959107,0.027023957042544403,0.005824039653035936,0.018845518380834366,0.0003304419661296985,0.0036451879388682364,0.0055762081784386614,0.0026125567947129285,0.0011049153242461793,0.0042544403139198675,0.00080545229244114,0.0,0.0006299049979347377,1.0326311441553078e-05,0.0,0.0,0.0,0.0,0.0,0.0,0.0,0.0,0.0,0.0,0.0,0.0,0.0,0.0,0.0,0.0,0.0,0.0,0.0,0.0,0.0,0.0,0.0,0.0,0.0,0.0,0.0,0.0,0.0,0.0,0.0,0.0,0.0,0.0,0.0,0.0,nan,nan,4.2294303797468356,2.816242613899395,nan,0.9034538224184389,0.022427256241702803,0.0,0.0,0.0,0.0,0.0,0.0,0.0,0.0,0.0,0.0,0.0,0.0,0.0,0.0,0.0,0.0,0.0,0.0,0.0,0.0,0.0,0.0,0.0,0.0,0.0,1.4531625300240196,11.901521216973581,13.9191353082466,2.630104083266614,0.09607686148919138,0.9036213377229997,0.022229833673592034,0.0,0.0,0.0,0.0,0.0,0.0,0.0,0.0,0.0,0.0,0.0,0.0,0.0,0.0,0.0,0.0,0.0,0.0,0.0,0.0,0.0,0.0,0.0,0.0,0.025597269624573385,1.3950511945392496,11.749146757679185,13.886518771331062,2.8668941979522193,0.07679180887372015,0.4124,0.01263,0.0,0.0,0.0,0.0,0.0,0.0,0.0,0.0,0.0,0.0,0.0,5.14011208967173,23.358686949559655,1.5012009607686152,0.0,0.0,0.0,0.0,0.0,0.0,0.0,0.0,0.0,0.0,0.0,0.0,0.0,0.0,0.0,0.0,0.412,0.0127,0.0,0.0,0.0,0.0,0.0,0.0,0.0,0.0,0.0,0.0,0.0,5.221843003412961,23.5622866894198,1.2158703071672357,0.0,0.0,0.0,0.0,0.0,0.0,0.0,0.0,0.0,0.0,0.0,0.0,0.0,0.0,0.0,0.0
74400,4661,2401,0.5151255095473074,1142,959,0.4507616391332332,1302,0.5586783951941643,0.4220000000000001,2.926548672566372,3.072415604351252,6.586151368760064,2.1492765145191686,8375.02819137524,506.46810022859665,7853.0,8866.4,8866.4,0.0,7853.0,0.0,28.221411714224416,20.906158792524604,33.039624079248156,19.16782702203537,0.1370950439819781,0.09761853679467926,0.09525852821282986,0.08560394765071873,0.07509118214975327,0.0770220982621755,0.07165844239433598,0.0669384252306372,0.05792748337266681,0.05084745762711865,0.04634198669813345,0.039476507187298865,0.03325466638060502,0.029821926625187727,0.01866552242008153,0.010727311735679038,0.006650933276121004,0.9042830625283209,0.022625270925805574,0.0,0.0,0.0,0.0,0.0,0.0,0.0,0.0,0.0,0.0,0.0,0.0,0.0,0.0,0.0,0.0,0.0,0.0,0.0,0.0,0.0,0.0,0.0,0.0,0.0257455481656297,1.4739326324823003,11.295859257670031,14.282342844883075,2.877065007509119,0.045054709289851974,4.230082644628099,2.915553190458546,nan,nan,nan,4.294117647058823,2.897333353503281,4.163989290495315,2.93353671071026,0.9696961361427446,0.412,0.01245,0.0,0.0,0.0,0.0,0.0,0.0,0.0,0.0,0.0,0.0,0.0,5.181291568332968,23.54430379746836,1.2744046341986701,0.0,0.0,0.0,0.0,0.0,0.0,0.0,0.0,0.0,0.0,0.0,0.0,0.0,0.0,0.0,0.0,nan,nan,4.230082644628099,2.915553190458546,nan,0.412,0.0678,0.0,0.0,0.0,0.0,0.0,0.0,0.0,0.0,0.0,0.0,0.0,0.0,0.0,0.0,0.0,3.218193520703712e-05,0.00028963741686333403,0.001094185797039262,0.0,0.0,0.0,0.0012872774082814847,0.004484016305513839,0.0014267324608453122,0.00022527354644925982,0.00037545591074876635,0.0005149109633125939,0.002209826217549882,0.008764213688049775,0.0034112851319459342,0.03511049131087749,0.02208753486376314,0.0423728813559322,0.01127440463419867,0.035957948937996136,0.04511907316026604,0.03545376528641923,0.0448294357434027,0.04264106414932418,0.053979832653936924,0.06665951512550955,0.06480369019523707,0.07668955159836945,0.05454838017592791,0.04677107916756061,0.05507401845097618,0.031270113709504395,0.03266466423514267,0.04202960738039047,0.023063720231709932,0.012218408066938425,0.02800901094185797,0.029982836301222913,0.00568547521990989,0.018021883715940785,0.0001394550525638275,0.0031431023385539584,0.006929843381248659,0.0028856468568976613,0.0015983694486161769,0.003990559965672602,0.0006329113924050633,0.0,0.0002467281699206179,0.0,0.0,0.0,0.0,0.0,0.0,0.0,0.0,0.0,0.0,0.0,0.0,0.0,0.0,0.0,0.0,0.0,0.0,0.0,0.0,0.0,0.0,0.0,0.0,0.0,0.0,0.0,0.0,0.0,0.0,0.0,0.0,0.0,0.0,0.0,0.0,0.0,nan,nan,4.230082644628099,2.915553190458546,nan,0.9036531850776292,0.022628361451779558,0.0,0.0,0.0,0.0,0.0,0.0,0.0,0.0,0.0,0.0,0.0,0.0,0.0,0.0,0.0,0.0,0.0,0.0,0.0,0.0,0.0,0.0,0.0,0.0,0.012494793835901711,1.5743440233236154,11.720116618075805,13.819241982507291,2.84881299458559,0.024989587671803423,0.9049522376429718,0.02260276548712668,0.0,0.0,0.0,0.0,0.0,0.0,0.0,0.0,0.0,0.0,0.0,0.0,0.0,0.0,0.0,0.0,0.0,0.0,0.0,0.0,0.0,0.0,0.0,0.0,0.03982300884955753,1.367256637168142,10.845132743362834,14.774336283185844,2.9070796460176997,0.06637168141592921,0.4124,0.01264,0.0,0.0,0.0,0.0,0.0,0.0,0.0,0.0,0.0,0.0,0.0,5.285297792586415,23.327780091628494,1.38692211578509,0.0,0.0,0.0,0.0,0.0,0.0,0.0,0.0,0.0,0.0,0.0,0.0,0.0,0.0,0.0,0.0,0.412,0.01225,0.0,0.0,0.0,0.0,0.0,0.0,0.0,0.0,0.0,0.0,0.0,5.070796460176984,23.774336283185846,1.1548672566371683,0.0,0.0,0.0,0.0,0.0,0.0,0.0,0.0,0.0,0.0,0.0,0.0,0.0,0.0,0.0,0.0
74500,4580,2331,0.5089519650655022,1090,936,0.4423580786026201,1280,0.5589519650655022,0.4060000000000001,2.946642952423299,3.0503115727910597,6.519047619047619,2.072216598874997,8368.771921397381,506.61878196742725,7853.0,8866.4,8866.4,0.0,7853.0,0.0,28.267903930131006,21.0118197235645,32.988671472708546,19.324013102227937,0.1351528384279476,0.09912663755458516,0.09563318777292576,0.08340611353711791,0.08384279475982533,0.07248908296943231,0.06986899563318777,0.06419213973799126,0.05655021834061135,0.05349344978165939,0.04606986899563319,0.04126637554585153,0.032532751091703054,0.02794759825327511,0.02074235807860262,0.010698689956331877,0.0069868995633187774,0.9032021969426667,0.022306422197828114,0.0,0.0,0.0,0.0,0.0,0.0,0.0,0.0,0.0,0.0,0.0,0.0,0.0,0.0,0.0,0.0,0.0,0.0,0.0,0.0,0.0,0.0,0.0,0.0,0.032751091703056776,1.513100436681223,11.921397379912667,13.912663755458519,2.5611353711790397,0.058951965065502196,4.252881355932203,2.8228697087721297,nan,nan,nan,4.216326530612245,2.829293818680799,4.289189189189189,2.8160048164677582,1.0172810758483555,0.4124,0.0125,0.0,0.0,0.0,0.0,0.0,0.0,0.0,0.0,0.0,0.0,0.0,4.997816593886456,23.698689956331883,1.3034934497816595,0.0,0.0,0.0,0.0,0.0,0.0,0.0,0.0,0.0,0.0,0.0,0.0,0.0,0.0,0.0,0.0,nan,nan,4.252881355932203,2.8228697087721297,nan,0.4124,0.068,0.0,0.0,0.0,0.0,0.0,0.0,0.0,0.0,0.0,0.0,0.0,0.0,0.0,0.0,0.0,0.00013100436681222707,0.00045851528384279475,0.0011353711790393012,0.0,0.0,1.0917030567685589e-05,0.0014301310043668123,0.004563318777292576,0.002259825327510917,5.458515283842795e-05,0.00037117903930131005,0.00017467248908296942,0.0018777292576419213,0.008133187772925763,0.0034497816593886464,0.03443231441048035,0.021615720524017466,0.041299126637554584,0.011681222707423581,0.03745633187772926,0.0452292576419214,0.03717248908296943,0.04455240174672489,0.041222707423580786,0.05290393013100437,0.0671943231441048,0.06451965065502184,0.07620087336244541,0.05504366812227074,0.044737991266375544,0.05438864628820961,0.034858078602620086,0.035207423580786025,0.04064410480349345,0.020971615720524018,0.012117903930131005,0.029388646288209606,0.02915938864628821,0.006091703056768559,0.018209606986899562,0.0003930131004366812,0.002903930131004367,0.0077620087336244545,0.002445414847161572,0.0015393013100436681,0.0037008733624454147,0.0005895196506550219,0.0,0.0003165938864628821,0.0,0.0,0.0,0.0,0.0,0.0,0.0,0.0,0.0,0.0,0.0,0.0,0.0,0.0,0.0,0.0,0.0,0.0,0.0,0.0,0.0,0.0,0.0,0.0,0.0,0.0,0.0,0.0,0.0,0.0,0.0,0.0,0.0,0.0,0.0,0.0,0.0,nan,nan,4.252881355932203,2.8228697087721297,nan,0.903384408128461,0.02267833728568477,0.0,0.0,0.0,0.0,0.0,0.0,0.0,0.0,0.0,0.0,0.0,0.0,0.0,0.0,0.0,0.0,0.0,0.0,0.0,0.0,0.0,0.0,0.0,0.0,0.038610038610038616,1.4800514800514804,11.930501930501933,13.693693693693696,2.767052767052768,0.09009009009009011,0.903013342218751,0.02191268759550867,0.0,0.0,0.0,0.0,0.0,0.0,0.0,0.0,0.0,0.0,0.0,0.0,0.0,0.0,0.0,0.0,0.0,0.0,0.0,0.0,0.0,0.0,0.0,0.0,0.026678523788350384,1.5473543797243223,11.911960871498447,14.139617607825704,2.347710093374834,0.026678523788350384,0.412,0.01232,0.0,0.0,0.0,0.0,0.0,0.0,0.0,0.0,0.0,0.0,0.0,5.083655083655077,23.680823680823686,1.2355212355212357,0.0,0.0,0.0,0.0,0.0,0.0,0.0,0.0,0.0,0.0,0.0,0.0,0.0,0.0,0.0,0.0,0.4124,0.01268,0.0,0.0,0.0,0.0,0.0,0.0,0.0,0.0,0.0,0.0,0.0,4.908848377056462,23.71720764784349,1.3739439751000448,0.0,0.0,0.0,0.0,0.0,0.0,0.0,0.0,0.0,0.0,0.0,0.0,0.0,0.0,0.0,0.0
74600,4507,2338,0.5187486132682494,1062,945,0.4453072997559352,1288,0.5715553583314844,0.4100000000000001,2.975564776394652,3.1041328607996217,6.5473856209150325,2.1856729782006226,8378.699844686045,506.3436539563877,7853.0,8866.4,8866.4,0.0,7853.0,0.0,28.43266030619037,21.123987168701547,33.38514225500527,19.33261439790702,0.13889505214111383,0.09207898824051476,0.09718216108276015,0.08431329043709784,0.08542267583758598,0.07033503439094742,0.06434435322831152,0.06345684490792101,0.05790991790548036,0.05502551586421123,0.04570667850011094,0.046816063900599066,0.03439094741513202,0.027956512092300864,0.015975149767029066,0.013534501885955182,0.006656312402928777,0.9033196985999311,0.022543202612949582,0.0,0.0,0.0,0.0,0.0,0.0,0.0,0.0,0.0,0.0,0.0,0.0,0.0,0.0,0.0,0.0,0.0,0.0,0.0,0.0,0.0,0.0,0.0,0.0,0.026625249611715116,1.6108276015087646,11.655203017528292,13.918349234524078,2.742400710006657,0.046594186820501454,4.219229457892943,2.8747009781540425,nan,nan,nan,4.179782903663501,2.866471780512234,4.259081562714187,2.882442795564413,1.0189719564097892,0.413,0.01235,0.0,0.0,0.0,0.0,0.0,0.0,0.0,0.0,0.0,0.0,0.006656312402928779,4.486354559573989,23.99600621255825,1.5109829154648329,0.0,0.0,0.0,0.0,0.0,0.0,0.0,0.0,0.0,0.0,0.0,0.0,0.0,0.0,0.0,0.0,nan,nan,4.219229457892943,2.8747009781540425,nan,0.413,0.06744,0.0,0.0,0.0,0.0,0.0,0.0,0.0,0.0,0.0,0.0,0.0,0.0,0.0,0.0,0.0,9.984468604393167e-05,0.0005214111382294209,0.0012203239405369425,0.0,0.0,0.0,0.0012314177945418239,0.003794098069669403,0.0020079875748835146,4.4375416019525186e-05,0.00041047259818060796,2.2187708009762593e-05,0.0022298646549811403,0.007554914577324163,0.0033281562014643887,0.03571111604171289,0.020301752828932772,0.03818504548480142,0.012214333259374306,0.03863989349900155,0.044153538939427556,0.037009096960284,0.04445307299755935,0.04135788773019747,0.05211892611493233,0.06953627690259596,0.061892611493232746,0.07473929443088528,0.05559130241846017,0.0436543155092079,0.055580208564455294,0.03709784779232305,0.037341912580430445,0.04030397159973375,0.023774129132460617,0.01249167960949634,0.0299534058131795,0.02960949633902818,0.005546927002440648,0.01848236077213224,0.0005768804082538273,0.002629243399156867,0.006290215220767695,0.0023851786110494788,0.001275793210561349,0.00368315952962059,0.0007432882183270468,0.0,0.00021078322609274463,0.0,0.0,0.0,0.0,0.0,0.0,0.0,0.0,0.0,0.0,0.0,0.0,0.0,0.0,0.0,0.0,0.0,0.0,0.0,0.0,0.0,0.0,0.0,0.0,0.0,0.0,0.0,0.0,0.0,0.0,0.0,0.0,0.0,0.0,0.0,0.0,0.0,nan,nan,4.219229457892943,2.8747009781540425,nan,0.9032890900676326,0.022571114459379555,0.0,0.0,0.0,0.0,0.0,0.0,0.0,0.0,0.0,0.0,0.0,0.0,0.0,0.0,0.0,0.0,0.0,0.0,0.0,0.0,0.0,0.0,0.0,0.0,0.012831479897348164,1.6937553464499575,11.67664670658683,13.960650128314802,2.5791274593669806,0.07698887938408898,0.9033526920293982,0.02251303062471479,0.0,0.0,0.0,0.0,0.0,0.0,0.0,0.0,0.0,0.0,0.0,0.0,0.0,0.0,0.0,0.0,0.0,0.0,0.0,0.0,0.0,0.0,0.0,0.0,0.041493775933609964,1.5214384508990322,11.632088520055328,13.872752420470267,2.9183955739972345,0.013831258644536656,0.4128,0.01232,0.0,0.0,0.0,0.0,0.0,0.0,0.0,0.0,0.0,0.0,0.012831479897348164,4.478186484174502,23.96920444824637,1.5397775876817796,0.0,0.0,0.0,0.0,0.0,0.0,0.0,0.0,0.0,0.0,0.0,0.0,0.0,0.0,0.0,0.0,0.413,0.01238,0.0,0.0,0.0,0.0,0.0,0.0,0.0,0.0,0.0,0.0,0.0,4.495159059474405,24.024896265560173,1.4799446749654224,0.0,0.0,0.0,0.0,0.0,0.0,0.0,0.0,0.0,0.0,0.0,0.0,0.0,0.0,0.0,0.0
74700,4513,2374,0.526035896299579,1125,908,0.4504764015067583,1273,0.5641480168402393,0.4180000000000001,3.0762038335670874,3.10518265407377,6.544461778471139,2.1550589320223223,8386.084777309992,506.01258237943244,7853.0,8866.4,8866.399999999998,1.8189894035458565e-12,7853.0,0.0,28.933303789053845,21.13012937680987,33.79926720753729,19.295950150578335,0.13228451141147796,0.09727454021715046,0.08907600265898516,0.07976955461998671,0.07777531575448704,0.07711056946598714,0.07068468867715488,0.06536671836915577,0.061599822734323066,0.052958120983824505,0.05052071792599158,0.044094837137159316,0.03390206071349435,0.029027254597828494,0.019277642366496785,0.011300686904498116,0.007976955461998671,0.9034531400707168,0.022276490130904526,0.0,0.0,0.0,0.0,0.0,0.0,0.0,0.0,0.0,0.0,0.0,0.0,0.0,0.0,0.0,0.0,0.0,0.0,0.0,0.0,0.0,0.0,0.0,0.0,0.03323731442499447,1.4225570573897632,11.712829603368052,14.139153556392646,2.625747839574563,0.06647462884998893,4.140086927449014,2.84952520738494,nan,nan,nan,4.129690585911784,2.8533905030888134,4.150815217391305,2.845491168075297,1.005115306108304,0.4128,0.01259,0.0,0.0,0.0,0.0,0.0,0.0,0.0,0.0,0.0,0.0,0.006647462884998893,4.63992909372922,23.72479503656105,1.628628406824729,0.0,0.0,0.0,0.0,0.0,0.0,0.0,0.0,0.0,0.0,0.0,0.0,0.0,0.0,0.0,0.0,nan,nan,4.140086927449014,2.84952520738494,nan,0.4128,0.06665,0.0,0.0,0.0,0.0,0.0,0.0,0.0,0.0,0.0,0.0,0.0,0.0,0.0,0.0,0.0,7.755373365832041e-05,0.00033237314424994463,0.0011189895856414801,0.0,0.0,0.0,0.0010746731664081541,0.003390206071349435,0.0014402836250830932,1.1079104808331486e-05,8.863283846665189e-05,4.4316419233325945e-05,0.0023376911145579437,0.0071792599157988034,0.0037004210059827167,0.03444493684910259,0.020961666297363173,0.03806780412142699,0.014103700421005982,0.03977398626191004,0.04456015953910924,0.03748061156658542,0.0429647684467095,0.04072678927542655,0.05208287170396632,0.07332151562153778,0.060846443607356526,0.07745402171504542,0.05378905384444937,0.04089297584755152,0.057555949479282074,0.03764679813871039,0.03676046975404387,0.04023930866385996,0.025016618657212497,0.011754930201639707,0.03064480389984489,0.027697762020828718,0.00521825836472413,0.017726567693330378,0.0006093507644582318,0.0024927985818745846,0.0069022822955905165,0.0021936627520496342,0.001251938843341458,0.0034234433857744293,0.00032129403944161313,0.0,0.00027697762020828715,0.0,0.0,0.0,0.0,0.0,0.0,0.0,0.0,0.0,0.0,0.0,0.0,0.0,0.0,0.0,0.0,0.0,0.0,0.0,0.0,0.0,0.0,0.0,0.0,0.0,0.0,0.0,0.0,0.0,0.0,0.0,0.0,0.0,0.0,0.0,0.0,0.0,nan,nan,4.140086927449014,2.84952520738494,nan,0.9038488085067061,0.021927016216338628,0.0,0.0,0.0,0.0,0.0,0.0,0.0,0.0,0.0,0.0,0.0,0.0,0.0,0.0,0.0,0.0,0.0,0.0,0.0,0.0,0.0,0.0,0.0,0.0,0.025273799494524015,1.2384161752316767,11.676495366470096,14.431339511373213,2.5779275484414494,0.05054759898904803,0.9030140017504557,0.02264995743671236,0.0,0.0,0.0,0.0,0.0,0.0,0.0,0.0,0.0,0.0,0.0,0.0,0.0,0.0,0.0,0.0,0.0,0.0,0.0,0.0,0.0,0.0,0.0,0.0,0.0420757363253857,1.6269284712482472,11.753155680224408,13.814866760168306,2.6788218793828897,0.0841514726507714,0.4128,0.01254,0.0,0.0,0.0,0.0,0.0,0.0,0.0,0.0,0.0,0.0,0.0,4.675652906486935,23.681550126369004,1.642796967144061,0.0,0.0,0.0,0.0,0.0,0.0,0.0,0.0,0.0,0.0,0.0,0.0,0.0,0.0,0.0,0.0,0.4128,0.012634,0.0,0.0,0.0,0.0,0.0,0.0,0.0,0.0,0.0,0.0,0.014025245441795234,4.600280504908829,23.772791023842924,1.612903225806452,0.0,0.0,0.0,0.0,0.0,0.0,0.0,0.0,0.0,0.0,0.0,0.0,0.0,0.0,0.0,0.0
74800,4793,2476,0.5165866889213436,1172,978,0.44857083246401,1329,0.5545587314834133,0.4140000000000001,2.9378506689684936,3.0860938387942016,6.620355411954765,2.173338045075698,8376.508950552889,506.42111841955244,7853.0,8866.4,8866.4,0.0,7853.0,0.0,27.862299186313372,20.880938339810385,32.84892981582877,19.123588125583694,0.1416649280200292,0.10181514708950552,0.08783642812434801,0.08825370331733778,0.08241185061548091,0.07510953473815982,0.06843313165032339,0.06342582933444607,0.057792614229084084,0.05633215105361986,0.04256206968495723,0.040058418527018566,0.035677029000625915,0.02169831003546839,0.01919465887752973,0.010431879824744418,0.007302315877321094,0.903934499378272,0.022244701871064403,0.0,0.0,0.0,0.0,0.0,0.0,0.0,0.0,0.0,0.0,0.0,0.0,0.0,0.0,0.0,0.0,0.0,0.0,0.0,0.0,0.0,0.0,0.0,0.0,0.043813895263926574,1.3018986021281038,11.541831838097227,14.327143751303987,2.7540162737325273,0.031295639474233264,4.207443365695793,2.860173394306376,nan,nan,nan,4.232939632545932,2.8451167390500802,4.184025559105431,2.8749219340953,0.9884444197917651,0.4126,0.012375,0.0,0.0,0.0,0.0,0.0,0.0,0.0,0.0,0.0,0.0,0.006259127894846653,4.619236386396822,24.097642395159614,1.2768620905487171,0.0,0.0,0.0,0.0,0.0,0.0,0.0,0.0,0.0,0.0,0.0,0.0,0.0,0.0,0.0,0.0,nan,nan,4.207443365695793,2.860173394306376,nan,0.4126,0.0669,0.0,0.0,0.0,0.0,0.0,0.0,0.0,0.0,0.0,0.0,0.0,0.0,0.0,0.0,0.0,2.0863759649488838e-05,0.0002712288754433549,0.0009284373044022532,0.0,0.0,0.0,0.0015334863342374295,0.0030461089088253705,0.001491758814938452,1.0431879824744419e-05,0.00018777383684539953,6.259127894846651e-05,0.0028479031921552263,0.007761318589609848,0.003640726058835802,0.03492593365324431,0.022647611099520133,0.038973503025245146,0.01381180888796161,0.04071562695597747,0.04286459419987482,0.036834967661172544,0.040955560191946586,0.043730440225328605,0.049780930523680364,0.07189651575213854,0.0599102858335072,0.07645524723555185,0.05443354892551638,0.04260379720425621,0.0590653035677029,0.037763404965574794,0.03571875651992489,0.038462340913832674,0.026246609639056957,0.012090548716878782,0.03194241602336741,0.025933653244314625,0.005111621114124765,0.017150010431879824,0.0006154809096599207,0.002962653870227415,0.006999791362403505,0.002190694763196328,0.0011579386605466305,0.003974546213227624,6.259127894846651e-05,0.0,0.00020863759649488838,0.0,0.0,0.0,0.0,0.0,0.0,0.0,0.0,0.0,0.0,0.0,0.0,0.0,0.0,0.0,0.0,0.0,0.0,0.0,0.0,0.0,0.0,0.0,0.0,0.0,0.0,0.0,0.0,0.0,0.0,0.0,0.0,0.0,0.0,0.0,0.0,0.0,nan,nan,4.207443365695793,2.860173394306376,nan,0.9038452105491342,0.022298702362126804,0.0,0.0,0.0,0.0,0.0,0.0,0.0,0.0,0.0,0.0,0.0,0.0,0.0,0.0,0.0,0.0,0.0,0.0,0.0,0.0,0.0,0.0,0.0,0.0,0.03634894991922456,1.4054927302100164,11.607431340872377,14.212439418416805,2.7019386106623595,0.03634894991922456,0.9040299154943467,0.022186453251091476,0.0,0.0,0.0,0.0,0.0,0.0,0.0,0.0,0.0,0.0,0.0,0.0,0.0,0.0,0.0,0.0,0.0,0.0,0.0,0.0,0.0,0.0,0.0,0.0,0.051791109192921896,1.1911955114372035,11.4717306862322,14.449719464825208,2.809667673716013,0.025895554596460948,0.4124,0.012276,0.0,0.0,0.0,0.0,0.0,0.0,0.0,0.0,0.0,0.0,0.012116316639741522,4.640549273020995,24.184168012924076,1.163166397415186,0.0,0.0,0.0,0.0,0.0,0.0,0.0,0.0,0.0,0.0,0.0,0.0,0.0,0.0,0.0,0.0,0.4126,0.01248,0.0,0.0,0.0,0.0,0.0,0.0,0.0,0.0,0.0,0.0,0.0,4.596460940871811,24.005179110919297,1.398359948208891,0.0,0.0,0.0,0.0,0.0,0.0,0.0,0.0,0.0,0.0,0.0,0.0,0.0,0.0,0.0,0.0
74900,4830,2529,0.5236024844720497,1196,1000,0.4546583850931677,1342,0.5556935817805383,0.4060000000000001,3.0473707083876573,3.142828912551638,6.715189873417722,2.1673403527029196,8383.618757763976,506.1351430468231,7853.0,8866.4,8866.399999999998,1.8189894035458565e-12,7853.0,0.0,27.801863354037266,20.714990837294508,32.616953316953314,19.00801479876208,0.13768115942028986,0.10269151138716356,0.09006211180124224,0.08530020703933748,0.08509316770186336,0.07722567287784679,0.06935817805383022,0.06873706004140787,0.059420289855072465,0.04782608695652174,0.04720496894409938,0.034782608695652174,0.03229813664596273,0.02629399585921325,0.018633540372670808,0.010144927536231883,0.007246376811594203,0.9053543396618056,0.022761316111853405,0.0,0.0,0.0,0.0,0.0,0.0,0.0,0.0,0.0,0.0,0.0,0.0,0.0,0.0,0.0,0.0,0.0,0.0,0.0,0.0,0.0,0.0,0.0,0.0,0.03105590062111802,1.3478260869565222,10.795031055900624,14.540372670807457,3.1863354037267086,0.09937888198757766,4.22794591113973,2.897509549394494,nan,nan,nan,4.248708010335918,2.8729837797076,4.2073170731707314,2.921527879563915,0.9902579944151272,0.4126,0.01254,0.0,0.0,0.0,0.0,0.0,0.0,0.0,0.0,0.0,0.0,0.012422360248447208,4.788819875776391,23.739130434782616,1.459627329192547,0.0,0.0,0.0,0.0,0.0,0.0,0.0,0.0,0.0,0.0,0.0,0.0,0.0,0.0,0.0,0.0,nan,nan,4.22794591113973,2.897509549394494,nan,0.4126,0.0672,0.0,0.0,0.0,0.0,0.0,0.0,0.0,0.0,0.0,0.0,0.0,0.0,0.0,0.0,0.0,0.0,0.00020703933747412008,0.0008385093167701863,0.0,0.0,7.246376811594203e-05,0.0016149068322981366,0.0030538302277432713,0.0018115942028985507,0.0,0.00020703933747412008,8.281573498964803e-05,0.002743271221532091,0.006552795031055901,0.0038405797101449275,0.035175983436853,0.023374741200828157,0.0387991718426501,0.013923395445134575,0.04184265010351967,0.04071428571428572,0.03681159420289855,0.04329192546583851,0.04390269151138716,0.048146997929606625,0.07307453416149068,0.061438923395445134,0.0751656314699793,0.053830227743271224,0.0429296066252588,0.057339544513457553,0.036687370600414076,0.0325879917184265,0.038664596273291926,0.02855072463768116,0.011604554865424431,0.03422360248447205,0.026180124223602483,0.005403726708074534,0.016459627329192546,0.0005383022774327122,0.0034472049689440996,0.006459627329192546,0.002857142857142857,0.0008902691511387164,0.0044824016563147,4.1407867494824014e-05,0.0,0.00012422360248447205,0.0,0.0,1.0351966873706003e-05,0.0,0.0,0.0,0.0,0.0,0.0,0.0,0.0,0.0,0.0,0.0,0.0,0.0,0.0,0.0,0.0,0.0,0.0,0.0,0.0,0.0,0.0,0.0,0.0,0.0,0.0,0.0,0.0,0.0,0.0,0.0,0.0,0.0,0.0,nan,nan,4.22794591113973,2.897509549394494,nan,0.9050765220899268,0.022598898357772398,0.0,0.0,0.0,0.0,0.0,0.0,0.0,0.0,0.0,0.0,0.0,0.0,0.0,0.0,0.0,0.0,0.0,0.0,0.0,0.0,0.0,0.0,0.0,0.0,0.011862396204033218,1.2930011862396207,11.103202846975092,14.353499406880193,3.1553973902728356,0.08303677342823253,0.9056596854415887,0.02293461914888461,0.0,0.0,0.0,0.0,0.0,0.0,0.0,0.0,0.0,0.0,0.0,0.0,0.0,0.0,0.0,0.0,0.0,0.0,0.0,0.0,0.0,0.0,0.0,0.0,0.05215123859191657,1.4080834419817474,10.45632333767927,14.74576271186441,3.220338983050848,0.11734028683181227,0.4126,0.012375,0.0,0.0,0.0,0.0,0.0,0.0,0.0,0.0,0.0,0.0,0.0,4.875444839857644,23.653618030842235,1.470937129300119,0.0,0.0,0.0,0.0,0.0,0.0,0.0,0.0,0.0,0.0,0.0,0.0,0.0,0.0,0.0,0.0,0.4126,0.01271,0.0,0.0,0.0,0.0,0.0,0.0,0.0,0.0,0.0,0.0,0.026075619295958283,4.693611473272483,23.833116036505874,1.4471968709256848,0.0,0.0,0.0,0.0,0.0,0.0,0.0,0.0,0.0,0.0,0.0,0.0,0.0,0.0,0.0,0.0
75000,4671,2432,0.5206593877114108,1128,980,0.45129522586169984,1280,0.5480625133804324,0.4420000000000001,2.965163019205002,3.115413045444212,6.768041237113402,2.080710610427988,8380.636223506743,506.26728567553664,7853.0,8866.4,8866.4,0.0,7853.0,0.0,27.652108756155,20.872715130910713,32.61921799131102,19.168057345195887,0.14193962748876043,0.09719546135731107,0.09847998287304646,0.08798972382787412,0.0817812031684864,0.07878398629843716,0.06829372725326482,0.06101477199743096,0.056518946692357096,0.0524512952258617,0.046028687647184756,0.035752515521301646,0.029329907942624706,0.029115821023335473,0.015628345108113895,0.011560693641618497,0.008135302932990795,0.9058908859327247,0.02242853653953427,0.0,0.0,0.0,0.0,0.0,0.0,0.0,0.0,0.0,0.0,0.0,0.0,0.0,0.0,0.0,0.0,0.0,0.0,0.0,0.0,0.0,0.0,0.0,0.0,0.012845215157353889,1.149646756583173,10.854206807964037,14.637122671804756,3.2691072575465645,0.07707129094412332,4.269745649263721,2.9428165100139907,nan,nan,nan,4.244209133024487,2.9647037712560387,4.296070460704607,2.9210034203138404,1.012219314848692,0.4128,0.01244,0.0,0.0,0.0,0.0,0.0,0.0,0.0,0.0,0.0,0.0,0.006422607578676944,4.527938342967238,24.02697495183045,1.4386640976236356,0.0,0.0,0.0,0.0,0.0,0.0,0.0,0.0,0.0,0.0,0.0,0.0,0.0,0.0,0.0,0.0,nan,nan,4.269745649263721,2.9428165100139907,nan,0.4128,0.0669,0.0,0.0,0.0,0.0,0.0,0.0,0.0,0.0,0.0,0.0,0.0,0.0,0.0,0.0,0.0,0.0,0.00011774780560907729,0.001049025904517234,0.0,0.0,3.2113037893384715e-05,0.001648469278527082,0.0035538428602012416,0.0018625561978163135,0.0,8.563476771569257e-05,6.422607578676943e-05,0.002922286448298009,0.006154998929565404,0.003982016698779705,0.03346178548490687,0.02200813530293299,0.038642688931706276,0.016506101477199744,0.04052665382145151,0.041500749304217516,0.03734746307000642,0.040483836437593665,0.043780774994647824,0.04682080924855491,0.07260757867694284,0.061678441447227575,0.07521943909227147,0.05713979875829587,0.04474416613144937,0.05797473774352387,0.03627702847356026,0.03173838578462856,0.03834296724470135,0.02901948190965532,0.011657032755298651,0.03535645472061657,0.02596874330978377,0.006251338043245558,0.015703275529865127,0.0009098694069792335,0.00374652108756155,0.005919503318347249,0.002643973453222008,0.0007600085634767716,0.003639477627916934,0.0,1.0704345964461572e-05,0.00013915649753800042,0.0,0.0,0.0,0.0,0.0,0.0,0.0,0.0,0.0,0.0,0.0,0.0,0.0,0.0,0.0,0.0,0.0,0.0,0.0,0.0,0.0,0.0,0.0,0.0,0.0,0.0,0.0,0.0,0.0,0.0,0.0,0.0,0.0,0.0,0.0,0.0,0.0,nan,nan,4.269745649263721,2.9428165100139907,nan,0.9065666366368532,0.022674301373825173,0.0,0.0,0.0,0.0,0.0,0.0,0.0,0.0,0.0,0.0,0.0,0.0,0.0,0.0,0.0,0.0,0.0,0.0,0.0,0.0,0.0,0.0,0.0,0.0,0.024671052631578955,1.1101973684210529,10.682565789473687,14.642269736842108,3.4416118421052637,0.09868421052631582,0.9051568860611569,0.022135137487333013,0.0,0.0,0.0,0.0,0.0,0.0,0.0,0.0,0.0,0.0,0.0,0.0,0.0,0.0,0.0,0.0,0.0,0.0,0.0,0.0,0.0,0.0,0.0,0.0,0.0,1.1924966502903083,11.040643144260834,14.631531933899065,3.0817329164805725,0.05359535506922734,0.4128,0.01241,0.0,0.0,0.0,0.0,0.0,0.0,0.0,0.0,0.0,0.0,0.012335526315789477,4.576480263157888,24.06661184210527,1.344572368421053,0.0,0.0,0.0,0.0,0.0,0.0,0.0,0.0,0.0,0.0,0.0,0.0,0.0,0.0,0.0,0.0,0.4128,0.01247,0.0,0.0,0.0,0.0,0.0,0.0,0.0,0.0,0.0,0.0,0.0,4.475212148280476,23.98392139347924,1.5408664582402862,0.0,0.0,0.0,0.0,0.0,0.0,0.0,0.0,0.0,0.0,0.0,0.0,0.0,0.0,0.0,0.0
75100,4915,2559,0.5206510681586979,1163,961,0.432146490335707,1353,0.550559511698881,0.4260000000000001,3.0343803056027165,3.1553048544693105,6.684523809523809,2.177099099151976,8380.627792472025,506.26763426299306,7853.0,8866.4,8866.399999999998,1.8189894035458565e-12,7853.0,0.0,28.177212614445576,21.207307171815067,33.20150339476237,19.457142529466324,0.14262461851475075,0.10213631739572737,0.09298067141403865,0.08687690742624618,0.07609359104781281,0.06998982706002034,0.06388606307222787,0.060427263479145475,0.05859613428280773,0.05534079348931841,0.04923702950152594,0.041302136317395724,0.036826042726347916,0.026042726347914547,0.02034587995930824,0.009766022380467955,0.007527975584944049,0.905067688729974,0.022586686125805278,0.0,0.0,0.0,0.0,0.0,0.0,0.0,0.0,0.0,0.0,0.0,0.0,0.0,0.0,0.0,0.0,0.0,0.0,0.0,0.0,0.0,0.0,0.0,0.0,0.006103763987792474,1.3245167853509667,11.121057985757886,14.36215666327569,3.064089521871822,0.12207527975584946,4.332378223495702,2.8773615571039075,nan,nan,nan,4.316326530612245,2.8898906792949313,4.34837889383344,2.864728215222914,1.007425843015785,0.413,0.01239,0.0,0.0,0.0,0.0,0.0,0.0,0.0,0.0,0.0,0.0,0.0,4.553407934893177,23.932858596134288,1.5137334689725335,0.0,0.0,0.0,0.0,0.0,0.0,0.0,0.0,0.0,0.0,0.0,0.0,0.0,0.0,0.0,0.0,nan,nan,4.332378223495702,2.8773615571039075,nan,0.413,0.0664,0.0,0.0,0.0,0.0,0.0,0.0,0.0,0.0,0.0,0.0,0.0,0.0,0.0,0.0,0.0,0.0,7.121057985757884e-05,0.0007527975584944048,0.0,0.0,0.0,0.001780264496439471,0.0030111902339776194,0.0013021363173957273,0.0,0.0,9.155645981688708e-05,0.0026856561546286877,0.006897253306205493,0.0040386571719226855,0.03326551373346897,0.021912512716174976,0.0361648016276704,0.01852492370295015,0.04180061037639878,0.040773143438453716,0.03784333672431333,0.039593082400813835,0.04266531027466938,0.04866734486266531,0.07471007121057986,0.060783316378433365,0.07361139369277721,0.059430315361139366,0.04249237029501526,0.05819938962360122,0.039043743641912515,0.031353001017294,0.0378942014242116,0.03043743641912513,0.012044760935910477,0.033296032553407934,0.024933875890132247,0.005116988809766023,0.0166734486266531,0.000844354018311292,0.00392675483214649,0.0061546286876907426,0.0027365208545269584,0.0005798575788402849,0.003825025432349949,0.0,0.0,7.121057985757884e-05,0.0,0.0,0.0,0.0,0.0,0.0,0.0,0.0,0.0,0.0,0.0,0.0,0.0,0.0,0.0,0.0,0.0,0.0,0.0,0.0,0.0,0.0,0.0,0.0,0.0,0.0,0.0,0.0,0.0,0.0,0.0,0.0,0.0,0.0,0.0,0.0,0.0,nan,nan,4.332378223495702,2.8773615571039075,nan,0.9051623558243442,0.02225293807364838,0.0,0.0,0.0,0.0,0.0,0.0,0.0,0.0,0.0,0.0,0.0,0.0,0.0,0.0,0.0,0.0,0.0,0.0,0.0,0.0,0.0,0.0,0.0,0.0,0.0,1.2426729191090273,11.05509964830012,14.56037514654162,3.012895662368113,0.12895662368112545,0.9049648648358768,0.02294324871353203,0.0,0.0,0.0,0.0,0.0,0.0,0.0,0.0,0.0,0.0,0.0,0.0,0.0,0.0,0.0,0.0,0.0,0.0,0.0,0.0,0.0,0.0,0.0,0.0,0.01273344651952462,1.413412563667233,11.192699490662143,14.146859083191854,3.1196943972835323,0.11460101867572159,0.4133,0.01236,0.0,0.0,0.0,0.0,0.0,0.0,0.0,0.0,0.0,0.0,0.0,4.220398593200462,24.208675263774918,1.5709261430246193,0.0,0.0,0.0,0.0,0.0,0.0,0.0,0.0,0.0,0.0,0.0,0.0,0.0,0.0,0.0,0.0,0.4126,0.012405,0.0,0.0,0.0,0.0,0.0,0.0,0.0,0.0,0.0,0.0,0.0,4.915110356536496,23.633276740237697,1.451612903225807,0.0,0.0,0.0,0.0,0.0,0.0,0.0,0.0,0.0,0.0,0.0,0.0,0.0,0.0,0.0,0.0
75200,4857,2528,0.5204858966440189,1197,988,0.4498661725344863,1399,0.5760757669343216,0.37400000000000005,2.901245169600687,2.8798232369220016,6.048502139800285,1.9193254458940716,8380.46040765905,506.27452579981735,7853.0,8866.4,8866.399999999998,1.8189894035458565e-12,7853.0,0.0,29.031295038089354,21.205880421577245,34.03075421039785,19.307514430662334,0.1348569075561046,0.09470866790199711,0.08853201564751904,0.0761787111385629,0.07988470249124974,0.07453160387070208,0.07411982705373688,0.06567840230595018,0.0592958616429895,0.054354539839407044,0.051472102120650606,0.045501338274655134,0.03705991352686844,0.02635371628577311,0.016676961087090797,0.010706197241095327,0.010088532015647519,0.9052788564175619,0.023078147303042463,0.0,0.0,0.0,0.0,0.0,0.0,0.0,0.0,0.0,0.0,0.0,0.0,0.0,0.0,0.0,0.0,0.0,0.0,0.0,0.0,0.0,0.0,0.0,0.0,0.03088326127239037,1.3959234095120447,10.599135268684376,14.638665843113035,3.2674490426189013,0.06794317479925881,4.11353032659409,2.680124496933817,nan,nan,nan,4.055555555555555,2.624446261204078,4.171116504854369,2.7297072491456422,1.0284944806490224,0.413,0.01246,0.0,0.0,0.0,0.0,0.0,0.0,0.0,0.0,0.0,0.0,0.006176652254478074,4.379246448424948,24.033353922174186,1.581222977146387,0.0,0.0,0.0,0.0,0.0,0.0,0.0,0.0,0.0,0.0,0.0,0.0,0.0,0.0,0.0,0.0,nan,nan,4.11353032659409,2.680124496933817,nan,0.413,0.0666,0.0,0.0,0.0,0.0,0.0,0.0,0.0,0.0,0.0,0.0,0.0,1.029442042413012e-05,0.0,0.0,0.0,0.0,0.00015441630636195183,0.0009162034177475808,0.0,0.0,1.029442042413012e-05,0.0019868231418571133,0.0025838995264566606,0.001523574222771258,1.029442042413012e-05,0.0,0.00013382746551369158,0.0024191887996705785,0.007463454807494338,0.004375128680255302,0.03038912909203212,0.024253654519250566,0.03543339509985588,0.020259419394688078,0.04201152975087503,0.03989087914350422,0.03661725344863084,0.038233477455219274,0.04396746963145975,0.044492485073090386,0.0757360510603253,0.06198270537368746,0.07241095326333127,0.06243565987234918,0.04305126621371217,0.05360304714844554,0.04149680872966852,0.0317171093267449,0.03929380275890467,0.030759728227300803,0.012507720815318098,0.032756845789582045,0.02471690343833642,0.0042824788964381305,0.019322627136092237,0.0007411982705373688,0.003633930409717933,0.005435453983940704,0.0026147827877290508,0.0006691373275684579,0.0034486308420835906,0.0,0.0,0.0002470660901791229,0.0,0.0,0.0,0.0,0.0,0.0,0.0,0.0,0.0,0.0,0.0,0.0,0.0,0.0,0.0,0.0,0.0,0.0,0.0,0.0,0.0,0.0,0.0,0.0,0.0,0.0,0.0,0.0,0.0,0.0,0.0,0.0,0.0,0.0,0.0,0.0,0.0,nan,nan,4.11353032659409,2.680124496933817,nan,0.9060965897869083,0.02310854182032613,0.0,0.0,0.0,0.0,0.0,0.0,0.0,0.0,0.0,0.0,0.0,0.0,0.0,0.0,0.0,0.0,0.0,0.0,0.0,0.0,0.0,0.0,0.0,0.0,0.02373417721518988,1.2935126582278484,10.336234177215193,14.810126582278484,3.453322784810127,0.08306962025316458,0.9043912523137801,0.023012245599818563,0.0,0.0,0.0,0.0,0.0,0.0,0.0,0.0,0.0,0.0,0.0,0.0,0.0,0.0,0.0,0.0,0.0,0.0,0.0,0.0,0.0,0.0,0.0,0.0,0.03864319450407901,1.5070845856590815,10.884499785315588,14.45255474452555,3.065693430656935,0.05152425933877202,0.4133,0.01243,0.0,0.0,0.0,0.0,0.0,0.0,0.0,0.0,0.0,0.0,0.0,4.022943037974678,24.351265822784814,1.6257911392405067,0.0,0.0,0.0,0.0,0.0,0.0,0.0,0.0,0.0,0.0,0.0,0.0,0.0,0.0,0.0,0.0,0.4128,0.01248,0.0,0.0,0.0,0.0,0.0,0.0,0.0,0.0,0.0,0.0,0.012881064834693005,4.765993988836404,23.688278231000435,1.5328467153284675,0.0,0.0,0.0,0.0,0.0,0.0,0.0,0.0,0.0,0.0,0.0,0.0,0.0,0.0,0.0,0.0
75300,4494,2276,0.5064530485091233,1068,911,0.44036493101913665,1263,0.562082777036048,0.4140000000000001,2.916591523895401,3.0728727737775863,6.522653721682848,2.1362122241245354,8366.239519359146,506.657798406924,7853.0,8866.4,8866.4,0.0,7853.0,0.0,28.218068535825545,21.072006018838458,33.11829944547135,19.331711729336615,0.13862928348909656,0.10169114374721851,0.08967512238540276,0.08700489541611037,0.08121940364931018,0.07543391188251002,0.06764574988874054,0.062082777036048066,0.0540720961281709,0.051179350244770806,0.0520694259012016,0.042723631508678236,0.036048064085447265,0.021806853582554516,0.018914107699154428,0.012016021361815754,0.00778816199376947,0.9036557425723694,0.022573728783273263,0.0,0.0,0.0,0.0,0.0,0.0,0.0,0.0,0.0,0.0,0.0,0.0,0.0,0.0,0.0,0.0,0.0,0.0,0.0,0.0,0.0,0.0,0.0,0.0,0.03337783711615488,1.5220293724966627,11.495327102803742,14.285714285714288,2.5901201602136186,0.07343124165554073,4.276595744680851,2.9028577870981582,nan,nan,nan,4.176954732510288,2.894622240340626,4.376373626373627,2.9076617305876917,1.0477426514372328,0.4133,0.012665,0.0,0.0,0.0,0.0,0.0,0.0,0.0,0.0,0.0,0.0,0.006675567423230977,4.432576769025361,23.99198931909213,1.5687583444592794,0.0,0.0,0.0,0.0,0.0,0.0,0.0,0.0,0.0,0.0,0.0,0.0,0.0,0.0,0.0,0.0,nan,nan,4.276595744680851,2.9028577870981582,nan,0.4133,0.06665,0.0,0.0,0.0,0.0,0.0,0.0,0.0,0.0,0.0,0.0,0.0,0.0,0.0,0.0,0.0,0.0,0.00012238540275923455,0.0010235870048954162,0.0,0.0,0.0,0.002425456163773921,0.0029817534490431687,0.0012461059190031153,0.0,0.0,6.675567423230975e-05,0.0033377837116154874,0.0076880284824210054,0.003938584779706275,0.02939474855362706,0.02277481085892301,0.03588117489986649,0.022385402759234535,0.04135514018691589,0.03967512238540276,0.035858923008455716,0.03574766355140187,0.04530485091232755,0.04441477525589675,0.07378727191811305,0.06100356030262572,0.07239652870493991,0.0640520694259012,0.04060970182465509,0.05274810858923008,0.04340231419670672,0.036715620827770364,0.04028704939919893,0.030818869603916332,0.012294170004450378,0.03108589230084557,0.025712060525144638,0.004172229639519359,0.01862483311081442,0.0009345794392523365,0.00397196261682243,0.004873164218958612,0.002792612372051624,0.0008566978193146418,0.0030818869603916332,0.0,0.0,0.00015576323987538941,0.0,0.0,0.0,0.0,0.0,0.0,0.0,0.0,0.0,0.0,0.0,0.0,0.0,0.0,0.0,0.0,0.0,0.0,0.0,0.0,0.0,0.0,0.0,0.0,0.0,0.0,0.0,0.0,0.0,0.0,0.0,0.0,0.0,0.0,0.0,0.0,0.0,nan,nan,4.276595744680851,2.9028577870981582,nan,0.9035644343479656,0.022740171896763146,0.0,0.0,0.0,0.0,0.0,0.0,0.0,0.0,0.0,0.0,0.0,0.0,0.0,0.0,0.0,0.0,0.0,0.0,0.0,0.0,0.0,0.0,0.0,0.0,0.052724077328646764,1.528998242530756,11.401581722319863,14.301405975395435,2.636203866432338,0.07908611599297014,0.9037494384780244,0.022401260780042252,0.0,0.0,0.0,0.0,0.0,0.0,0.0,0.0,0.0,0.0,0.0,0.0,0.0,0.0,0.0,0.0,0.0,0.0,0.0,0.0,0.0,0.0,0.0,0.0,0.013525698827772771,1.5148782687105504,11.591523895401266,14.269612263300274,2.5428313796212807,0.06762849413886385,0.4133,0.0126,0.0,0.0,0.0,0.0,0.0,0.0,0.0,0.0,0.0,0.0,0.0,4.2442882249560565,24.213532513181026,1.5421792618629178,0.0,0.0,0.0,0.0,0.0,0.0,0.0,0.0,0.0,0.0,0.0,0.0,0.0,0.0,0.0,0.0,0.413,0.01273,0.0,0.0,0.0,0.0,0.0,0.0,0.0,0.0,0.0,0.0,0.013525698827772771,4.625788999098281,23.76465284039676,1.596032461677187,0.0,0.0,0.0,0.0,0.0,0.0,0.0,0.0,0.0,0.0,0.0,0.0,0.0,0.0,0.0,0.0
75400,4700,2427,0.5163829787234042,1138,944,0.4429787234042553,1311,0.5578723404255319,0.4060000000000001,2.989001319841619,3.1057561926099266,6.574766355140187,2.120553333622426,8376.302510638297,506.4279283772816,7853.0,8866.4,8866.4,0.0,7853.0,0.0,28.485106382978724,21.146479800841703,33.56925418569254,19.294708922176135,0.14085106382978724,0.09425531914893617,0.09510638297872341,0.08276595744680851,0.07553191489361702,0.07446808510638298,0.06957446808510638,0.06,0.05723404255319149,0.0625531914893617,0.04340425531914894,0.04127659574468085,0.039361702127659576,0.028297872340425533,0.016595744680851062,0.011914893617021277,0.006808510638297872,0.9038984760325006,0.022665292511524274,0.0,0.0,0.0,0.0,0.0,0.0,0.0,0.0,0.0,0.0,0.0,0.0,0.0,0.0,0.0,0.0,0.0,0.0,0.0,0.0,0.0,0.0,0.0,0.0,0.012765957446808513,1.417021276595745,11.655319148936174,14.017021276595747,2.7893617021276604,0.10851063829787236,4.322379231022018,2.8686175765770057,nan,nan,nan,4.3019867549668875,2.851082522392757,4.342465753424658,2.8856445057564044,1.0094093731020986,0.4136,0.01257,0.0,0.0,0.0,0.0,0.0,0.0,0.0,0.0,0.0,0.0,0.0,4.168085106382972,24.025531914893623,1.8063829787234047,0.0,0.0,0.0,0.0,0.0,0.0,0.0,0.0,0.0,0.0,0.0,0.0,0.0,0.0,0.0,0.0,nan,nan,4.322379231022018,2.8686175765770057,nan,0.4136,0.0662,0.0,0.0,0.0,0.0,0.0,0.0,0.0,0.0,0.0,0.0,0.0,0.0,0.0,0.0,0.0,0.0,0.00010638297872340425,0.000925531914893617,0.0,0.0,0.0,0.002648936170212766,0.0027340425531914895,0.001574468085106383,3.1914893617021275e-05,1.0638297872340426e-05,0.00011702127659574468,0.003521276595744681,0.00726595744680851,0.002840425531914894,0.026946808510638298,0.023063829787234043,0.03788297872340426,0.021712765957446808,0.04093617021276596,0.04015957446808511,0.034117021276595744,0.03563829787234043,0.04654255319148936,0.043734042553191486,0.07187234042553191,0.0579468085106383,0.07275531914893617,0.06914893617021277,0.042297872340425535,0.05375531914893617,0.044617021276595746,0.03804255319148936,0.042297872340425535,0.02951063829787234,0.012468085106382979,0.03193617021276596,0.022946808510638298,0.0035638297872340424,0.017648936170212765,0.0011382978723404255,0.003553191489361702,0.004648936170212766,0.003308510638297872,0.0008617021276595744,0.0028297872340425534,0.0,0.0,0.0002978723404255319,0.0,4.2553191489361704e-05,0.0,0.0,0.0,0.0,0.0,0.0,0.0,0.0,0.0,0.0,0.0,0.0,0.0,0.0,0.0,0.0,0.0,0.0,0.0,0.0,0.0,0.0,0.0,0.0,0.0,0.0,0.0,0.0,0.0,0.0,0.0,0.0,0.0,0.0,0.0,nan,nan,4.322379231022018,2.8686175765770057,nan,0.90359291025381,0.02260899544448558,0.0,0.0,0.0,0.0,0.0,0.0,0.0,0.0,0.0,0.0,0.0,0.0,0.0,0.0,0.0,0.0,0.0,0.0,0.0,0.0,0.0,0.0,0.0,0.0,0.02472187886279358,1.4833127317676147,11.582200247218791,14.190358467243513,2.595797280593326,0.12360939431396789,0.9042247444640368,0.02272071375019117,0.0,0.0,0.0,0.0,0.0,0.0,0.0,0.0,0.0,0.0,0.0,0.0,0.0,0.0,0.0,0.0,0.0,0.0,0.0,0.0,0.0,0.0,0.0,0.0,0.0,1.3462384513858339,11.733391992960849,13.831940167179942,2.9960404751429834,0.09238891333040038,0.4136,0.01258,0.0,0.0,0.0,0.0,0.0,0.0,0.0,0.0,0.0,0.0,0.0,4.05438813349814,24.079110012360946,1.866501854140915,0.0,0.0,0.0,0.0,0.0,0.0,0.0,0.0,0.0,0.0,0.0,0.0,0.0,0.0,0.0,0.0,0.4136,0.012566,0.0,0.0,0.0,0.0,0.0,0.0,0.0,0.0,0.0,0.0,0.0,4.289485261768581,23.968323801143868,1.74219093708755,0.0,0.0,0.0,0.0,0.0,0.0,0.0,0.0,0.0,0.0,0.0,0.0,0.0,0.0,0.0,0.0
75500,4701,2421,0.5149968091895342,1121,940,0.4384173580089343,1293,0.5500957243139758,0.4340000000000001,3.0267543859649124,3.1773159796297548,6.8224,2.047939999121068,8374.897766432674,506.4720307138961,7853.0,8866.4,8866.4,0.0,7853.0,0.0,27.692193150393532,21.093957229183022,32.77573904179409,19.392366442435826,0.14167198468410977,0.10402042118698149,0.09700063816209317,0.08891725164858541,0.07849393746011486,0.07509040629653266,0.06445437141033823,0.060412678153584344,0.057647309083173795,0.0538183365241438,0.04509678791746437,0.036375239310784936,0.03041905977451606,0.025951925122314402,0.021272069772388852,0.01169963837481387,0.007657945118059987,0.903510995328084,0.02258828943901792,0.0,0.0,0.0,0.0,0.0,0.0,0.0,0.0,0.0,0.0,0.0,0.0,0.0,0.0,0.0,0.0,0.0,0.0,0.0,0.0,0.0,0.0,0.0,0.0,0.044671346522016604,1.455009572431398,11.448627951499684,14.313975749840463,2.6738991703892796,0.06381620931716657,4.3704324505531345,2.8763588455826308,nan,nan,nan,4.401073105298457,2.857228502760957,4.339812332439679,2.895026143627651,0.9860804918725329,0.413,0.01238,0.0,0.0,0.0,0.0,0.0,0.0,0.0,0.0,0.0,0.0,0.006381620931716657,4.307594128908737,24.211869814933,1.4741544352265479,0.0,0.0,0.0,0.0,0.0,0.0,0.0,0.0,0.0,0.0,0.0,0.0,0.0,0.0,0.0,0.0,nan,nan,4.3704324505531345,2.8763588455826308,nan,0.413,0.066,0.0,0.0,0.0,0.0,0.0,0.0,0.0,0.0,0.0,0.0,0.0,0.0,0.0,0.0,0.0,0.0,0.0001169963837481387,0.0009678791746436928,1.0636034886194427e-05,0.0,3.190810465858328e-05,0.002563284407572857,0.002616464582003829,0.0017336736864496916,7.445224420336098e-05,1.0636034886194427e-05,0.00019144862795149968,0.0038502446288023826,0.005988087640927463,0.0027015528610933844,0.027834503297170816,0.02356945330780685,0.0400765794511806,0.02068708785364816,0.044777706870878536,0.039725590299936185,0.033535417996171026,0.03553499255477558,0.045394596894277814,0.041799617102744095,0.06918740693469475,0.05875345671133801,0.07375026590087215,0.06909168262071899,0.04208679004467135,0.05139332057009147,0.044586258242927036,0.04052329291640076,0.04447989789406509,0.031706019995745585,0.013061050840246755,0.0305360561582642,0.022473941714528822,0.0036268878961922997,0.01475218038715167,0.0010955115932780258,0.0037651563497128272,0.005264837268666241,0.0022867475005318018,0.000723250372261221,0.002839821314613912,0.0,0.0,0.00018081259306530526,0.0,4.254413954477771e-05,0.0,0.0,0.0,0.0,0.0,0.0,0.0,0.0,0.0,0.0,0.0,0.0,0.0,0.0,0.0,0.0,0.0,0.0,0.0,0.0,0.0,0.0,0.0,0.0,0.0,0.0,0.0,0.0,0.0,0.0,0.0,0.0,0.0,0.0,0.0,nan,nan,4.3704324505531345,2.8763588455826308,nan,0.9038181151796205,0.022679798293973367,0.0,0.0,0.0,0.0,0.0,0.0,0.0,0.0,0.0,0.0,0.0,0.0,0.0,0.0,0.0,0.0,0.0,0.0,0.0,0.0,0.0,0.0,0.0,0.0,0.03717472118959109,1.4002478314745976,11.5365551425031,14.076827757125159,2.8872366790582413,0.06195786864931847,0.9031848825383605,0.0224861225425152,0.0,0.0,0.0,0.0,0.0,0.0,0.0,0.0,0.0,0.0,0.0,0.0,0.0,0.0,0.0,0.0,0.0,0.0,0.0,0.0,0.0,0.0,0.0,0.0,0.05263157894736843,1.5131578947368425,11.35526315789474,14.565789473684214,2.447368421052632,0.06578947368421054,0.4128,0.01242,0.0,0.0,0.0,0.0,0.0,0.0,0.0,0.0,0.0,0.0,0.0,4.510532837670377,24.052044609665433,1.4374225526641888,0.0,0.0,0.0,0.0,0.0,0.0,0.0,0.0,0.0,0.0,0.0,0.0,0.0,0.0,0.0,0.0,0.4133,0.01234,0.0,0.0,0.0,0.0,0.0,0.0,0.0,0.0,0.0,0.0,0.013157894736842108,4.092105263157889,24.38157894736843,1.5131578947368425,0.0,0.0,0.0,0.0,0.0,0.0,0.0,0.0,0.0,0.0,0.0,0.0,0.0,0.0,0.0,0.0
75600,4965,2523,0.5081570996978853,1175,1035,0.44511581067472306,1399,0.5635448136958711,0.4100000000000001,2.893939393939394,3.050726629185885,6.545595054095827,2.1245619408119127,8367.966404833838,506.6325656243614,7853.0,8866.4,8866.399999999998,1.8189894035458565e-12,7853.0,0.0,27.486404833836858,20.852487866361994,32.664888457807955,19.09229507660399,0.14561933534743202,0.1067472306143001,0.09224572004028198,0.08580060422960725,0.08056394763343404,0.06807653575025176,0.0688821752265861,0.0648539778449144,0.055991943605236655,0.057804632426988925,0.047129909365558914,0.037865055387714,0.02759315206445116,0.02416918429003021,0.018731117824773415,0.011883182275931522,0.006042296072507553,0.9036693746349723,0.022026147154873714,0.0,0.0,0.0,0.0,0.0,0.0,0.0,0.0,0.0,0.0,0.0,0.0,0.0,0.0,0.0,0.0,0.0,0.0,0.0,0.0,0.0,0.0,0.0,0.0,0.006042296072507555,1.5166163141993962,11.329305135951664,14.519637462235652,2.5679758308157106,0.06042296072507554,4.272178060413355,2.8022824889622973,nan,nan,nan,4.285714285714286,2.8001002168654243,4.258719086873811,2.80438584540621,0.993701120270556,0.4126,0.0122,0.0,0.0,0.0,0.0,0.0,0.0,0.0,0.0,0.0,0.0,0.006042296072507555,4.634441087613286,24.006042296072515,1.3534743202416921,0.0,0.0,0.0,0.0,0.0,0.0,0.0,0.0,0.0,0.0,0.0,0.0,0.0,0.0,0.0,0.0,nan,nan,4.272178060413355,2.8022824889622973,nan,0.4126,0.066,0.0,0.0,0.0,0.0,0.0,0.0,0.0,0.0,0.0,0.0,0.0,0.0,0.0,0.0,0.0,0.0,6.042296072507553e-05,0.0006243705941591138,0.0,0.0,0.0,0.0033333333333333335,0.002245720040281974,0.001963746223564955,2.014098690835851e-05,2.014098690835851e-05,0.0003826787512588117,0.004652567975830816,0.0054582074521651565,0.002990936555891239,0.026807653575025178,0.025357502517623365,0.04179254783484391,0.020362537764350454,0.045075528700906344,0.03986908358509567,0.034803625377643505,0.03425981873111782,0.04558912386706949,0.040886203423967774,0.06761329305135952,0.05973816717019134,0.07484390735146022,0.06812688821752266,0.04186304128902316,0.052537764350453174,0.043434038267875126,0.04268882175226586,0.04253776435045317,0.03137965760322256,0.013011077542799598,0.03023162134944612,0.021520644511581068,0.0033736153071500506,0.014229607250755286,0.001188318227593152,0.0033333333333333335,0.005941591137965761,0.002255790533736153,0.0005740181268882175,0.002719033232628399,0.0,0.0,3.0211480362537764e-05,0.0,0.0002719033232628399,0.0,0.0,0.0,0.0,0.0,0.0,0.0,0.0,0.0,0.0,0.0,0.0,0.0,0.0,0.0,0.0,0.0,0.0,0.0,0.0,0.0,0.0,0.0,0.0,0.0,0.0,0.0,0.0,0.0,0.0,0.0,0.0,0.0,0.0,0.0,nan,nan,4.272178060413355,2.8022824889622973,nan,0.9036209640453791,0.02218374362499315,0.0,0.0,0.0,0.0,0.0,0.0,0.0,0.0,0.0,0.0,0.0,0.0,0.0,0.0,0.0,0.0,0.0,0.0,0.0,0.0,0.0,0.0,0.0,0.0,0.0,1.6527942925089183,11.200951248513677,14.542211652794295,2.544589774078479,0.05945303210463735,0.9037193909812228,0.02186201751803199,0.0,0.0,0.0,0.0,0.0,0.0,0.0,0.0,0.0,0.0,0.0,0.0,0.0,0.0,0.0,0.0,0.0,0.0,0.0,0.0,0.0,0.0,0.0,0.0,0.012285012285012288,1.3759213759213762,11.461916461916465,14.496314496314499,2.592137592137593,0.061425061425061434,0.4124,0.01233,0.0,0.0,0.0,0.0,0.0,0.0,0.0,0.0,0.0,0.0,0.01189060642092747,4.887039239001182,23.686087990487522,1.414982164090369,0.0,0.0,0.0,0.0,0.0,0.0,0.0,0.0,0.0,0.0,0.0,0.0,0.0,0.0,0.0,0.0,0.4126,0.01208,0.0,0.0,0.0,0.0,0.0,0.0,0.0,0.0,0.0,0.0,0.0,4.373464373464367,24.336609336609342,1.2899262899262902,0.0,0.0,0.0,0.0,0.0,0.0,0.0,0.0,0.0,0.0,0.0,0.0,0.0,0.0,0.0,0.0
75700,4663,2431,0.5213381942955179,1123,952,0.44499249410250913,1339,0.5743083851597683,0.3940000000000001,2.979390681003584,2.9924525708166185,6.310708898944193,1.9787688963404568,8381.324126099078,506.2383699113008,7853.0,8866.4,8866.4,0.0,7853.0,0.0,28.602187432983058,21.186462492401184,33.64234693877551,19.337130999923566,0.13918078490242333,0.09993566373579241,0.08964186146257774,0.07913360497533777,0.07956251340338838,0.07119879905640146,0.07034098220030023,0.06369290156551577,0.062406176281363926,0.04932446922582029,0.050825648723997426,0.044606476517263564,0.035170491100150116,0.028093502037315032,0.017799699764100365,0.011366073343341197,0.007720351704911001,0.9043542306335756,0.022770162526672737,0.0,0.0,0.0,0.0,0.0,0.0,0.0,0.0,0.0,0.0,0.0,0.0,0.0,0.0,0.0,0.0,0.0,0.0,0.0,0.0,0.0,0.0,0.0,0.0,0.006433626420759169,1.5376367145614416,11.072271070126531,14.359854171134465,2.9401672742869405,0.08363714346986921,4.181309641329385,2.7094158018608576,nan,nan,nan,4.231432360742706,2.6875573038244323,4.132679738562092,2.7306139046239073,0.9766621290944419,0.4119,0.01236,0.0,0.0,0.0,0.0,0.0,0.0,0.0,0.0,0.0,0.0,0.006433626420759169,5.134033883765809,23.675745228393744,1.1837872614196872,0.0,0.0,0.0,0.0,0.0,0.0,0.0,0.0,0.0,0.0,0.0,0.0,0.0,0.0,0.0,0.0,nan,nan,4.181309641329385,2.7094158018608576,nan,0.4119,0.0664,0.0,0.0,0.0,0.0,0.0,0.0,0.0,0.0,0.0,0.0,0.0,0.0,0.0,0.0,0.0,0.0,0.0,0.000654085352777182,1.072271070126528e-05,0.0,0.0,0.0031203088140681966,0.002412609907784688,0.001951533347630281,2.144542140253056e-05,6.433626420759168e-05,0.0002573450568303667,0.005597254986060476,0.0058546000428908425,0.003667167059832726,0.028994209736221317,0.02339695475016084,0.04409178640360283,0.021005790263778683,0.04441346772464079,0.039695475016084066,0.03595324898134249,0.033883765815998286,0.043705768818357284,0.040939309457430836,0.06694188290799914,0.06027235685181214,0.0744585031095861,0.0663092429766245,0.04155050396740296,0.04924941025091143,0.04473514904567875,0.04439202230323826,0.039727643148187865,0.0327686039030667,0.012620630495389234,0.031910787046965476,0.021477589534634356,0.003592108084923869,0.014904567874758738,0.0014261205232682821,0.003324040317392237,0.0057044820930731285,0.0014797340767746087,0.0008899849882050183,0.0023589963542783618,0.0,0.0,0.0,0.0,0.0002144542140253056,0.0,0.0,0.0,0.0,0.0,0.0,0.0,0.0,0.0,0.0,0.0,0.0,0.0,0.0,0.0,0.0,0.0,0.0,0.0,0.0,0.0,0.0,0.0,0.0,0.0,0.0,0.0,0.0,0.0,0.0,0.0,0.0,0.0,0.0,0.0,nan,nan,4.181309641329385,2.7094158018608576,nan,0.9041163104152248,0.02303248270555215,0.0,0.0,0.0,0.0,0.0,0.0,0.0,0.0,0.0,0.0,0.0,0.0,0.0,0.0,0.0,0.0,0.0,0.0,0.0,0.0,0.0,0.0,0.0,0.0,0.012340600575894697,1.6166186754422052,11.044837515425753,14.339777869189637,2.8383381324557804,0.14808720691073635,0.9046133632728276,0.022478107453245112,0.0,0.0,0.0,0.0,0.0,0.0,0.0,0.0,0.0,0.0,0.0,0.0,0.0,0.0,0.0,0.0,0.0,0.0,0.0,0.0,0.0,0.0,0.0,0.0,0.0,1.451612903225807,11.102150537634412,14.38172043010753,3.051075268817205,0.013440860215053767,0.412,0.012505,0.0,0.0,0.0,0.0,0.0,0.0,0.0,0.0,0.0,0.0,0.012340600575894697,5.010283833813238,23.75565610859729,1.2217194570135748,0.0,0.0,0.0,0.0,0.0,0.0,0.0,0.0,0.0,0.0,0.0,0.0,0.0,0.0,0.0,0.0,0.4116,0.01221,0.0,0.0,0.0,0.0,0.0,0.0,0.0,0.0,0.0,0.0,0.0,5.268817204301068,23.588709677419363,1.14247311827957,0.0,0.0,0.0,0.0,0.0,0.0,0.0,0.0,0.0,0.0,0.0,0.0,0.0,0.0,0.0,0.0
75800,4529,2386,0.5268271141532347,1068,922,0.4393905939500994,1281,0.5656877897990726,0.4100000000000001,3.034064395706953,3.1676232862774785,6.710659898477157,2.309958886047052,8386.88659748289,505.97013638880236,7853.0,8866.4,8866.399999999998,1.8189894035458565e-12,7853.0,0.0,27.713402517111945,20.780646836589444,32.60872995003944,19.08371602284287,0.14064914992272023,0.0995804813424597,0.09869728416869065,0.08368293221461691,0.07948774563921396,0.07970854493265622,0.07131817178185029,0.06425259439169795,0.05365422830646942,0.048575844557297417,0.046147052329432545,0.03863987635239567,0.03554868624420402,0.026054316626186798,0.0181055420622654,0.011260763965555311,0.00463678516228748,0.9026886142624164,0.02282189642948375,0.0,0.0,0.0,0.0,0.0,0.0,0.0,0.0,0.0,0.0,0.0,0.0,0.0,0.0,0.0,0.0,0.0,0.0,0.0,0.0,0.0,0.0,0.0,0.0,0.039743872819606986,1.5566350187679403,12.18812099801281,13.479796864650035,2.629719584897329,0.10598366085228529,4.3181031498788505,2.944899739790517,nan,nan,nan,4.256868131868132,2.8444001422837792,4.380321004884857,3.0423533987044205,1.0290008685240968,0.412,0.01296,0.0,0.0,0.0,0.0,0.0,0.0,0.0,0.0,0.0,0.0,0.006623978803267831,5.279311106204453,23.256789578273356,1.4572753367189228,0.0,0.0,0.0,0.0,0.0,0.0,0.0,0.0,0.0,0.0,0.0,0.0,0.0,0.0,0.0,0.0,nan,nan,4.3181031498788505,2.944899739790517,nan,0.412,0.0665,0.0,0.0,0.0,0.0,0.0,0.0,0.0,0.0,0.0,0.0,0.0,0.0,0.0,0.0,0.0,0.0,0.0,0.0003863987635239567,0.0,0.0,9.935968204901744e-05,0.003599028483108854,0.002483992051225436,0.0019209538529476706,6.62397880326783e-05,0.00014351954073746963,0.0002649591521307132,0.004979024067122985,0.005155663501876794,0.003797747847206889,0.02744535217487304,0.02440936189004195,0.04606977257672776,0.019971296091852508,0.043652020313534996,0.040130271583130935,0.03783395893133142,0.034135570766173545,0.04413777875910797,0.03943475380878781,0.0681938617796423,0.06192316184588209,0.0736807242216825,0.06349083682932215,0.04124530801501435,0.048896003532788695,0.04531905497902407,0.043839699712960915,0.03805475822477368,0.034179730624862,0.01332523735924045,0.031673658644292335,0.021218812099801282,0.0035327886950761757,0.014429233826451756,0.0015124751600794877,0.0035438286597482887,0.00687789799072643,0.0016780746301611835,0.0008279973504084787,0.0021748730404062707,5.5199823360565245e-05,2.20799293442261e-05,0.0,0.0,0.00018767939942592184,0.0,0.0,0.0,0.0,0.0,0.0,0.0,0.0,0.0,0.0,0.0,0.0,0.0,0.0,0.0,0.0,0.0,0.0,0.0,0.0,0.0,0.0,0.0,0.0,0.0,0.0,0.0,0.0,0.0,0.0,0.0,0.0,0.0,0.0,0.0,nan,nan,4.3181031498788505,2.944899739790517,nan,0.9030967527642934,0.02265694366173124,0.0,0.0,0.0,0.0,0.0,0.0,0.0,0.0,0.0,0.0,0.0,0.0,0.0,0.0,0.0,0.0,0.0,0.0,0.0,0.0,0.0,0.0,0.0,0.0,0.012573344509639567,1.4962279966471086,12.020117351215426,13.604358759430012,2.766135792120705,0.10058675607711653,0.9022341959397481,0.02299564110512373,0.0,0.0,0.0,0.0,0.0,0.0,0.0,0.0,0.0,0.0,0.0,0.0,0.0,0.0,0.0,0.0,0.0,0.0,0.0,0.0,0.0,0.0,0.0,0.0,0.06999533364442372,1.6238917405506303,12.375174988334114,13.341110592627162,2.4778348110125994,0.11199253383107795,0.4124,0.01292,0.0,0.0,0.0,0.0,0.0,0.0,0.0,0.0,0.0,0.0,0.0,5.142497904442574,23.398994132439235,1.4585079631181899,0.0,0.0,0.0,0.0,0.0,0.0,0.0,0.0,0.0,0.0,0.0,0.0,0.0,0.0,0.0,0.0,0.4116,0.01301,0.0,0.0,0.0,0.0,0.0,0.0,0.0,0.0,0.0,0.0,0.013999066728884743,5.431637890807272,23.09846010265983,1.4559029398040135,0.0,0.0,0.0,0.0,0.0,0.0,0.0,0.0,0.0,0.0,0.0,0.0,0.0,0.0,0.0,0.0
75900,4401,2310,0.5248807089297887,1066,880,0.4421722335832765,1247,0.5666893887752783,0.4180000000000001,3.0468675274988044,3.1180662518284543,6.534621578099839,2.2322860173459156,8384.914110429449,506.07226621822645,7853.0,8866.4,8866.4,0.0,7853.0,0.0,28.935241990456714,21.08938650420329,33.68502673796792,19.30230210908831,0.1301976823449216,0.09702340377187003,0.08884344467166554,0.0842990229493297,0.08202681208816179,0.07384685298795728,0.06952965235173825,0.06407634628493525,0.05725971370143149,0.05203362872074529,0.05067030220404454,0.0461258804817087,0.036582594864803454,0.03181095205635083,0.01795046580322654,0.011815496478073164,0.005907748239036582,0.9019919363538451,0.02243814267843315,0.0,0.0,0.0,0.0,0.0,0.0,0.0,0.0,0.0,0.0,0.0,0.0,0.0,0.0,0.0,0.0,0.0,0.0,0.0,0.0,0.0,0.0,0.0,0.0,0.040899795501022504,1.6223585548738928,12.344921608725294,13.55828220858896,2.351738241308794,0.08179959100204501,4.253360910031024,2.907085789473466,nan,nan,nan,4.157822191592006,2.9101948606400123,4.350586611456177,2.9011672767267687,1.046361871908323,0.4126,0.012474,0.0,0.0,0.0,0.0,0.0,0.0,0.0,0.0,0.0,0.0,0.006816632583503751,4.478527607361957,24.049079754601234,1.4655760054533065,0.0,0.0,0.0,0.0,0.0,0.0,0.0,0.0,0.0,0.0,0.0,0.0,0.0,0.0,0.0,0.0,nan,nan,4.253360910031024,2.907085789473466,nan,0.4126,0.0666,0.0,0.0,0.0,0.0,0.0,0.0,0.0,0.0,0.0,0.0,0.0,0.0,0.0,0.0,0.0,0.0,0.0,0.0003749147920927062,0.0,0.0,6.81663258350375e-05,0.003374233128834356,0.002044989775051125,0.0021131561008861624,0.0,0.00020449897750511248,0.0004430811179277437,0.005010224948875256,0.004976141785957737,0.003999091115655533,0.025539650079527382,0.025994092251760963,0.046023630992956144,0.02071120199954556,0.0418200408997955,0.03907066575778232,0.03570779368325381,0.03425357873210634,0.04619404680754374,0.03826403090206771,0.07041581458759373,0.06245171551920018,0.0733924108157237,0.06175869120654397,0.04161554192229039,0.04720518064076346,0.04696659850034083,0.04367189275164735,0.03824130879345603,0.034923880936150876,0.014314928425357873,0.031106566689388774,0.021461031583730972,0.004044535332878891,0.015326062258577597,0.0014769370597591455,0.0027948193592365373,0.006930243126562145,0.0019086571233810498,0.0009088843444671666,0.00271529197909566,1.1361054305839582e-05,0.0,0.0,0.0,0.00017041581458759374,0.0,0.0,0.0,0.0,0.0,0.0,0.0,0.0,0.0,0.0,0.0,0.0,0.0,0.0,0.0,0.0,0.0,0.0,0.0,0.0,0.0,0.0,0.0,0.0,0.0,0.0,0.0,0.0,0.0,0.0,0.0,0.0,0.0,0.0,0.0,nan,nan,4.253360910031024,2.907085789473466,nan,0.901993513494343,0.022506110081599393,0.0,0.0,0.0,0.0,0.0,0.0,0.0,0.0,0.0,0.0,0.0,0.0,0.0,0.0,0.0,0.0,0.0,0.0,0.0,0.0,0.0,0.0,0.0,0.0,0.02597402597402598,1.6103896103896107,12.454545454545459,13.33766233766234,2.493506493506494,0.07792207792207793,0.9019901940322048,0.02236281645033629,0.0,0.0,0.0,0.0,0.0,0.0,0.0,0.0,0.0,0.0,0.0,0.0,0.0,0.0,0.0,0.0,0.0,0.0,0.0,0.0,0.0,0.0,0.0,0.0,0.05738880918220948,1.6355810616929702,12.223816355810621,13.802008608321382,2.195121951219513,0.08608321377331422,0.4126,0.01259,0.0,0.0,0.0,0.0,0.0,0.0,0.0,0.0,0.0,0.0,0.0,4.5324675324675265,23.88311688311689,1.5844155844155847,0.0,0.0,0.0,0.0,0.0,0.0,0.0,0.0,0.0,0.0,0.0,0.0,0.0,0.0,0.0,0.0,0.4126,0.012344,0.0,0.0,0.0,0.0,0.0,0.0,0.0,0.0,0.0,0.0,0.01434720229555237,4.418938307030123,24.232424677187954,1.3342898134863703,0.0,0.0,0.0,0.0,0.0,0.0,0.0,0.0,0.0,0.0,0.0,0.0,0.0,0.0,0.0,0.0
76000,4208,2192,0.5209125475285171,1040,869,0.4536596958174905,1167,0.5546577946768061,0.4380000000000001,2.9563492063492065,3.088810991040466,6.589511754068716,2.1624023745008727,8380.8927756654,506.2566110774218,7853.0,8866.4,8866.399999999998,1.8189894035458565e-12,7853.0,0.0,27.97861216730038,20.857941534823567,32.92364253393665,19.07882392807672,0.14020912547528516,0.10218631178707224,0.08840304182509506,0.08911596958174905,0.08056083650190114,0.07343155893536121,0.06677756653992395,0.06131178707224334,0.05988593155893536,0.055846007604562736,0.0501425855513308,0.03968631178707224,0.03326996197718631,0.027566539923954372,0.014020912547528517,0.01164448669201521,0.00594106463878327,0.9014958651035231,0.022544827063220207,0.0,0.0,0.0,0.0,0.0,0.0,0.0,0.0,0.0,0.0,0.0,0.0,0.0,0.0,0.0,0.0,0.0,0.0,0.0,0.0,0.0,0.0,0.0,0.0,0.028517110266159704,1.7538022813688217,12.497623574144491,13.288973384030422,2.374049429657795,0.05703422053231941,4.21953896816685,2.893921397249362,nan,nan,nan,4.23396501457726,2.9346498927376525,4.204996326230713,2.8522012877563934,0.9931580236854085,0.4128,0.01237,0.0,0.0,0.0,0.0,0.0,0.0,0.0,0.0,0.0,0.0,0.007129277566539926,4.270437262357408,24.417775665399247,1.2975285171102664,0.007129277566539926,0.0,0.0,0.0,0.0,0.0,0.0,0.0,0.0,0.0,0.0,0.0,0.0,0.0,0.0,0.0,nan,nan,4.21953896816685,2.893921397249362,nan,0.4128,0.06726,0.0,0.0,0.0,0.0,0.0,0.0,0.0,0.0,0.0,0.0,0.0,0.0,0.0,0.0,0.0,0.0,0.0,0.00016634980988593156,0.0,0.0,0.00010693916349809886,0.0035408745247148287,0.002352661596958175,0.002091254752851711,0.0,0.00020199619771863118,0.0007723384030418251,0.004776615969581749,0.005739068441064639,0.004467680608365019,0.027899239543726237,0.025986216730038023,0.04478374524714829,0.01922528517110266,0.040518060836501904,0.03618108365019011,0.03817728136882129,0.03454134980988593,0.04825332699619772,0.03697718631178707,0.069462927756654,0.0623574144486692,0.07395437262357414,0.05957699619771863,0.04006653992395437,0.04726711026615969,0.04677994296577947,0.043452946768060836,0.038248574144486694,0.03403041825095057,0.014234790874524715,0.03166587452471483,0.02390684410646388,0.004443916349809886,0.015886406844106464,0.0022576045627376424,0.002756653992395437,0.006855988593155894,0.0022813688212927757,0.0007010456273764258,0.002946768060836502,5.94106463878327e-05,0.0,0.0,0.0,4.752851711026616e-05,0.0,0.0,0.0,0.0,0.0,0.0,0.0,0.0,0.0,0.0,0.0,0.0,0.0,0.0,0.0,0.0,0.0,0.0,0.0,0.0,0.0,0.0,0.0,0.0,0.0,0.0,0.0,0.0,0.0,0.0,0.0,0.0,0.0,0.0,0.0,nan,nan,4.21953896816685,2.893921397249362,nan,0.9014193765873456,0.02229341169508481,0.0,0.0,0.0,0.0,0.0,0.0,0.0,0.0,0.0,0.0,0.0,0.0,0.0,0.0,0.0,0.0,0.0,0.0,0.0,0.0,0.0,0.0,0.0,0.0,0.027372262773722636,1.724452554744526,12.591240875912412,13.3029197080292,2.2582116788321174,0.09580291970802922,0.9015790311885732,0.02281475672688942,0.0,0.0,0.0,0.0,0.0,0.0,0.0,0.0,0.0,0.0,0.0,0.0,0.0,0.0,0.0,0.0,0.0,0.0,0.0,0.0,0.0,0.0,0.0,0.0,0.02976190476190477,1.7857142857142863,12.395833333333337,13.273809523809527,2.5000000000000004,0.014880952380952385,0.4128,0.01248,0.0,0.0,0.0,0.0,0.0,0.0,0.0,0.0,0.0,0.0,0.013686131386861318,4.365875912408752,24.251824817518255,1.3549270072992703,0.013686131386861318,0.0,0.0,0.0,0.0,0.0,0.0,0.0,0.0,0.0,0.0,0.0,0.0,0.0,0.0,0.0,0.413,0.01224,0.0,0.0,0.0,0.0,0.0,0.0,0.0,0.0,0.0,0.0,0.0,4.166666666666661,24.598214285714292,1.235119047619048,0.0,0.0,0.0,0.0,0.0,0.0,0.0,0.0,0.0,0.0,0.0,0.0,0.0,0.0,0.0,0.0
76100,4440,2264,0.5099099099099099,1068,941,0.45247747747747746,1293,0.5824324324324325,0.4100000000000001,2.993106617647059,3.124918866539771,6.450549450549451,2.3142763219495706,8369.742702702702,506.60046794532764,7853.0,8866.4,8866.4,0.0,7853.0,0.0,28.26689189189189,21.020178706713853,33.14171337069656,19.254990793464636,0.13851351351351351,0.09301801801801801,0.09166666666666666,0.09256756756756757,0.08085585585585586,0.07635135135135135,0.06824324324324324,0.062162162162162166,0.058333333333333334,0.052702702702702706,0.04369369369369369,0.03896396396396396,0.038288288288288286,0.02725225225225225,0.018468468468468467,0.012162162162162163,0.006756756756756757,0.902283737264775,0.02276856686940919,0.0,0.0,0.0,0.0,0.0,0.0,0.0,0.0,0.0,0.0,0.0,0.0,0.0,0.0,0.0,0.0,0.0,0.0,0.0,0.0,0.0,0.0,0.0,0.0,0.06756756756756759,1.682432432432433,11.952702702702705,13.851351351351354,2.3648648648648654,0.0810810810810811,4.225154215215901,2.8983861218342972,nan,nan,nan,4.242984257357974,2.884111231662822,4.207275223061084,2.9125203517465863,0.991583981431238,0.4126,0.01266,0.0,0.0,0.0,0.0,0.0,0.0,0.0,0.0,0.0,0.0,0.0,4.925675675675668,23.69594594594595,1.3783783783783785,0.0,0.0,0.0,0.0,0.0,0.0,0.0,0.0,0.0,0.0,0.0,0.0,0.0,0.0,0.0,0.0,nan,nan,4.225154215215901,2.8983861218342972,nan,0.4126,0.06726,0.0,0.0,0.0,0.0,0.0,0.0,0.0,0.0,0.0,0.0,0.0,0.0,0.0,0.0,0.0,0.0,0.0,0.00018018018018018018,0.0,0.0,0.00018018018018018018,0.003400900900900901,0.002466216216216216,0.0017342342342342343,0.0,9.009009009009009e-05,0.0011036036036036036,0.004628378378378379,0.00554054054054054,0.004515765765765766,0.025765765765765766,0.029065315315315317,0.04489864864864865,0.019560810810810812,0.04256756756756757,0.035743243243243246,0.03638513513513514,0.03376126126126126,0.04962837837837838,0.036745495495495495,0.0682545045045045,0.06601351351351352,0.0746509009009009,0.058772522522522526,0.0389527027027027,0.049391891891891894,0.0446509009009009,0.042387387387387385,0.037995495495495496,0.032545045045045046,0.013220720720720721,0.031711711711711714,0.02411036036036036,0.004808558558558559,0.016891891891891893,0.002488738738738739,0.0037837837837837837,0.006328828828828829,0.0012725225225225225,0.0005968468468468468,0.002927927927927928,0.00012387387387387388,1.1261261261261261e-05,0.0,0.0,0.0001463963963963964,0.0,0.0,0.0,0.0,0.0,0.0,0.0,0.0,0.0,0.0,0.0,0.0,0.0,0.0,0.0,0.0,0.0,0.0,0.0,0.0,0.0,0.0,0.0,0.0,0.0,0.0,0.0,0.0,0.0,0.0,0.0,0.0,0.0,0.0,0.0,nan,nan,4.225154215215901,2.8983861218342972,nan,0.9023813992054218,0.022814314636064384,0.0,0.0,0.0,0.0,0.0,0.0,0.0,0.0,0.0,0.0,0.0,0.0,0.0,0.0,0.0,0.0,0.0,0.0,0.0,0.0,0.0,0.0,0.0,0.0,0.09275618374558306,1.6298586572438167,11.872791519434632,14.085689045936398,2.2526501766784457,0.06625441696113075,0.902182125760352,0.02272042563845673,0.0,0.0,0.0,0.0,0.0,0.0,0.0,0.0,0.0,0.0,0.0,0.0,0.0,0.0,0.0,0.0,0.0,0.0,0.0,0.0,0.0,0.0,0.0,0.0,0.041360294117647065,1.7371323529411768,12.035845588235297,13.607536764705886,2.481617647058824,0.0965073529411765,0.4126,0.01245,0.0,0.0,0.0,0.0,0.0,0.0,0.0,0.0,0.0,0.0,0.0,5.167844522968191,23.573321554770324,1.2588339222614844,0.0,0.0,0.0,0.0,0.0,0.0,0.0,0.0,0.0,0.0,0.0,0.0,0.0,0.0,0.0,0.0,0.4128,0.01287,0.0,0.0,0.0,0.0,0.0,0.0,0.0,0.0,0.0,0.0,0.0,4.673713235294111,23.823529411764714,1.5027573529411768,0.0,0.0,0.0,0.0,0.0,0.0,0.0,0.0,0.0,0.0,0.0,0.0,0.0,0.0,0.0,0.0
76200,4440,2284,0.5144144144144144,1090,900,0.44819819819819817,1258,0.5666666666666667,0.4220000000000001,3.024582560296846,3.090299707795366,6.595779220779221,2.0403196472476677,8374.307567567568,506.4893967002258,7853.0,8866.4,8866.4,0.0,7853.0,0.0,28.44009009009009,20.986171250984956,33.12274655355249,19.290134019887578,0.13108108108108107,0.1009009009009009,0.09617117117117117,0.07635135135135135,0.0891891891891892,0.07184684684684685,0.07117117117117117,0.06486486486486487,0.05810810810810811,0.051351351351351354,0.0472972972972973,0.04234234234234234,0.03738738738738739,0.02454954954954955,0.01756756756756757,0.01126126126126126,0.008558558558558558,0.9027269343132371,0.022478274616358096,0.0,0.0,0.0,0.0,0.0,0.0,0.0,0.0,0.0,0.0,0.0,0.0,0.0,0.0,0.0,0.0,0.0,0.0,0.0,0.0,0.0,0.0,0.0,0.0,0.06081081081081082,1.5270270270270274,11.85810810810811,14.074324324324328,2.398648648648649,0.0810810810810811,4.309523809523809,2.8594495519446284,nan,nan,nan,4.317415730337078,2.873812418362119,4.301899592944369,2.8454842561613742,0.9964061516513958,0.4133,0.01255,0.0,0.0,0.0,0.0,0.0,0.0,0.0,0.0,0.0,0.0,0.0,4.520270270270264,23.94594594594595,1.5337837837837842,0.0,0.0,0.0,0.0,0.0,0.0,0.0,0.0,0.0,0.0,0.0,0.0,0.0,0.0,0.0,0.0,nan,nan,4.309523809523809,2.8594495519446284,nan,0.4133,0.0677,0.0,0.0,0.0,0.0,0.0,0.0,0.0,0.0,0.0,0.0,0.0,0.0,0.0,0.0,0.0,0.0,0.0,6.756756756756757e-05,1.1261261261261261e-05,0.0,0.00021396396396396397,0.0039864864864864865,0.0019256756756756757,0.001385135135135135,0.0,0.0003265765765765766,0.0011486486486486486,0.005011261261261261,0.0073085585585585585,0.004650900900900901,0.024605855855855854,0.02902027027027027,0.043006756756756755,0.01984234234234234,0.0436036036036036,0.033873873873873875,0.036137387387387386,0.03268018018018018,0.04775900900900901,0.03627252252252252,0.06918918918918919,0.06414414414414414,0.07300675675675676,0.05868243243243243,0.040855855855855855,0.051835585585585583,0.04582207207207207,0.040867117117117116,0.03725225225225225,0.03328828828828829,0.014054054054054054,0.03188063063063063,0.02528153153153153,0.004954954954954955,0.018423423423423423,0.00240990990990991,0.003108108108108108,0.007353603603603604,0.0010022522522522522,0.00030405405405405404,0.002939189189189189,6.756756756756757e-05,0.00021396396396396397,0.0,0.0,0.00022522522522522523,0.0,0.0,0.0,0.0,0.0,0.0,0.0,0.0,0.0,0.0,0.0,0.0,0.0,0.0,0.0,0.0,0.0,0.0,0.0,0.0,0.0,0.0,0.0,0.0,0.0,0.0,0.0,0.0,0.0,0.0,0.0,0.0,0.0,0.0,0.0,nan,nan,4.309523809523809,2.8594495519446284,nan,0.902927901511017,0.022988907895968122,0.0,0.0,0.0,0.0,0.0,0.0,0.0,0.0,0.0,0.0,0.0,0.0,0.0,0.0,0.0,0.0,0.0,0.0,0.0,0.0,0.0,0.0,0.0,0.0,0.052539404553415076,1.5630472854640984,12.110332749562176,13.48949211908932,2.6926444833625225,0.09194395796847638,0.9025140358532514,0.021922346674629584,0.0,0.0,0.0,0.0,0.0,0.0,0.0,0.0,0.0,0.0,0.0,0.0,0.0,0.0,0.0,0.0,0.0,0.0,0.0,0.0,0.0,0.0,0.0,0.0,0.06957328385899816,1.4888682745825608,11.590909090909093,14.693877551020412,2.087198515769945,0.06957328385899816,0.413,0.01241,0.0,0.0,0.0,0.0,0.0,0.0,0.0,0.0,0.0,0.0,0.0,4.570928196147104,24.063047285464105,1.366024518388792,0.0,0.0,0.0,0.0,0.0,0.0,0.0,0.0,0.0,0.0,0.0,0.0,0.0,0.0,0.0,0.0,0.4136,0.01269,0.0,0.0,0.0,0.0,0.0,0.0,0.0,0.0,0.0,0.0,0.0,4.466604823747674,23.821892393320972,1.7115027829313547,0.0,0.0,0.0,0.0,0.0,0.0,0.0,0.0,0.0,0.0,0.0,0.0,0.0,0.0,0.0,0.0
76300,4613,2404,0.5211359202254499,1125,929,0.44526338608280946,1299,0.5631909820073705,0.4060000000000001,2.98415572657311,3.0186117593303137,6.342549923195085,2.0284502446382837,8381.119141556472,506.2470843125752,7853.0,8866.4,8866.399999999998,1.8189894035458565e-12,7853.0,0.0,28.471060047691306,21.09824133038781,33.30069213022302,19.356650008371545,0.13440277476696294,0.09733362237155864,0.09061348363321049,0.0912638196401474,0.07847387817038803,0.07522219813570345,0.06893561673531325,0.06590071536960763,0.05311077389984825,0.05332755256882723,0.04769130717537394,0.045306741816605246,0.033600693691740735,0.02623021894645567,0.019076522870149576,0.008887925428137872,0.010622154779969651,0.9020719135399369,0.02243604151292042,0.0,0.0,0.0,0.0,0.0,0.0,0.0,0.0,0.0,0.0,0.0,0.0,0.0,0.0,0.0,0.0,0.0,0.0,0.0,0.0,0.0,0.0,0.0,0.0,0.03251680034684588,1.775417298937785,12.135269889442881,13.598525905050947,2.3737264253197488,0.08454368090179928,4.220968812209688,2.8264812531500847,nan,nan,nan,4.214566929133858,2.829220028082876,4.22751677852349,2.8236622195750316,1.003072640583808,0.4136,0.01269,0.0,0.0,0.0,0.0,0.0,0.0,0.0,0.0,0.0,0.0,0.0,4.6303923693908455,23.75027097333623,1.6193366572729246,0.0,0.0,0.0,0.0,0.0,0.0,0.0,0.0,0.0,0.0,0.0,0.0,0.0,0.0,0.0,0.0,nan,nan,4.220968812209688,2.8264812531500847,nan,0.4136,0.06744,0.0,0.0,0.0,0.0,0.0,0.0,0.0,0.0,0.0,0.0,0.0,0.0,0.0,0.0,0.0,0.0,0.0,1.0838933448948623e-05,0.0,0.0,0.00042271840450899633,0.0030890960329503577,0.001474094949057013,0.0015716453500975503,0.0,0.00017342293518317797,0.0007370474745285064,0.005386949924127466,0.007283763277693475,0.004660741383047908,0.024517667461521786,0.029113375243876003,0.042499458053327555,0.019943637546065467,0.042109256449165404,0.036234554519835246,0.03764361586819857,0.03164968567092998,0.04744201170604812,0.037275092130934315,0.06780836765662258,0.06173856492521136,0.07495122479947973,0.06055712117927596,0.04298721005853024,0.052959028831562976,0.045382614350747884,0.04079774550184262,0.03634294385432473,0.030966832863646217,0.013852156947756341,0.031075222198135702,0.02474528506394971,0.005614567526555387,0.018025146325601562,0.0024279210925644916,0.0030890960329503577,0.00716453500975504,0.0015608064166486018,0.00023845653587686972,0.0039453717754172985,0.0,0.00029265120312161285,0.0,0.0,0.00023845653587686972,0.0,0.0,0.0,0.0,0.0,0.0,0.0,0.0,0.0,0.0,0.0,0.0,0.0,0.0,0.0,0.0,0.0,0.0,0.0,0.0,0.0,0.0,0.0,0.0,0.0,0.0,0.0,0.0,0.0,0.0,0.0,0.0,0.0,0.0,0.0,nan,nan,4.220968812209688,2.8264812531500847,nan,0.9019475180079258,0.02216796102028756,0.0,0.0,0.0,0.0,0.0,0.0,0.0,0.0,0.0,0.0,0.0,0.0,0.0,0.0,0.0,0.0,0.0,0.0,0.0,0.0,0.0,0.0,0.0,0.0,0.037437603993344434,1.7346089850249589,12.204658901830285,13.577371048252914,2.383527454242929,0.06239600665557406,0.9022072901171007,0.022723419693540026,0.0,0.0,0.0,0.0,0.0,0.0,0.0,0.0,0.0,0.0,0.0,0.0,0.0,0.0,0.0,0.0,0.0,0.0,0.0,0.0,0.0,0.0,0.0,0.0,0.027161611588954283,1.819827976459937,12.059755545495703,13.621548211860574,2.3630602082390224,0.10864644635581713,0.4136,0.012825,0.0,0.0,0.0,0.0,0.0,0.0,0.0,0.0,0.0,0.0,0.0,4.717138103161391,23.560732113144766,1.722129783693844,0.0,0.0,0.0,0.0,0.0,0.0,0.0,0.0,0.0,0.0,0.0,0.0,0.0,0.0,0.0,0.0,0.4136,0.01255,0.0,0.0,0.0,0.0,0.0,0.0,0.0,0.0,0.0,0.0,0.0,4.535989135355358,23.95654142145768,1.5074694431869629,0.0,0.0,0.0,0.0,0.0,0.0,0.0,0.0,0.0,0.0,0.0,0.0,0.0,0.0,0.0,0.0
76400,4346,2268,0.5218591808559595,1055,856,0.43971468016566956,1186,0.5457892314772205,0.4500000000000001,3.0043310875842155,3.152596514549161,6.604026845637584,2.170017758707245,8381.85209387943,506.215541777173,7853.0,8866.4,8866.4,0.0,7853.0,0.0,28.630694891854578,21.466217561270803,33.751372118551046,19.662511645222747,0.1394385641969627,0.09871145881270134,0.08950759318913944,0.08582604693971468,0.0839852738150023,0.0674183156925909,0.06258628624022089,0.06465715600552233,0.06028531983433042,0.05062126092959043,0.04947077772664519,0.039576622181316155,0.034284399447768066,0.02945236999539807,0.023469857340082834,0.01150483202945237,0.009203865623561895,0.9026084145367338,0.022702858301449493,0.0,0.0,0.0,0.0,0.0,0.0,0.0,0.0,0.0,0.0,0.0,0.0,0.0,0.0,0.0,0.0,0.0,0.0,0.0,0.0,0.0,0.0,0.0,0.0,0.04141739530602854,1.6359871145881275,12.100782328578006,13.508973768982976,2.6507132995858265,0.06212609295904281,4.222733711048159,2.9447762180539243,nan,nan,nan,4.150035893754486,2.9408676337922697,4.29350104821803,2.946853912269399,1.03456961774221,0.413,0.0126,0.0,0.0,0.0,0.0,0.0,0.0,0.0,0.0,0.0,0.0,0.006902899217671424,4.445467096180389,23.939254486884497,1.6083755177174417,0.0,0.0,0.0,0.0,0.0,0.0,0.0,0.0,0.0,0.0,0.0,0.0,0.0,0.0,0.0,0.0,nan,nan,4.222733711048159,2.9447762180539243,nan,0.413,0.0679,0.0,0.0,0.0,0.0,0.0,0.0,0.0,0.0,0.0,0.0,0.0,0.0,0.0,0.0,0.0,0.0,0.0,0.0,0.0,0.0,0.0004256787850897377,0.003578002761159687,0.0015071329958582604,0.0015646571560055224,1.150483202945237e-05,0.0001150483202945237,0.0008628624022089278,0.005591348366313852,0.0071675103543488265,0.005361251725724804,0.023515876668200646,0.03232857800276116,0.04111826967326277,0.01976530142659917,0.04295904279797515,0.036527841693511275,0.038518177634606535,0.031247123791992636,0.04869995398067188,0.037586286240220895,0.06520938794293603,0.061090658076392086,0.07603543488265072,0.0601932811780948,0.043235158766682005,0.053462954440865164,0.04475379659456972,0.03842613897837092,0.036688909341923606,0.029843534284399446,0.014749194661757939,0.02922227335480902,0.026104463874827427,0.005591348366313852,0.016923607915324435,0.002485043718361712,0.0033479061205706397,0.007006442705936493,0.0015416474919466175,0.0001955821445006903,0.004878048780487805,0.0,0.00029912563276576163,1.150483202945237e-05,0.0,0.0002531063046479521,0.0,0.0,0.0,0.0,0.0,0.0,0.0,0.0,0.0,0.0,0.0,0.0,0.0,0.0,0.0,0.0,0.0,0.0,0.0,0.0,0.0,0.0,0.0,0.0,0.0,0.0,0.0,0.0,0.0,0.0,0.0,0.0,0.0,0.0,0.0,nan,nan,4.222733711048159,2.9447762180539243,nan,0.9027091480226533,0.022636946567722117,0.0,0.0,0.0,0.0,0.0,0.0,0.0,0.0,0.0,0.0,0.0,0.0,0.0,0.0,0.0,0.0,0.0,0.0,0.0,0.0,0.0,0.0,0.0,0.0,0.03968253968253969,1.6269841269841274,12.103174603174606,13.505291005291008,2.6719576719576725,0.05291005291005292,0.9024984705780881,0.022774070373274342,0.0,0.0,0.0,0.0,0.0,0.0,0.0,0.0,0.0,0.0,0.0,0.0,0.0,0.0,0.0,0.0,0.0,0.0,0.0,0.0,0.0,0.0,0.0,0.0,0.04331087584215593,1.6458132820019253,12.098171318575558,13.51299326275265,2.6275264677574595,0.07218479307025988,0.413,0.01241,0.0,0.0,0.0,0.0,0.0,0.0,0.0,0.0,0.0,0.0,0.01322751322751323,4.338624338624332,23.928571428571434,1.71957671957672,0.0,0.0,0.0,0.0,0.0,0.0,0.0,0.0,0.0,0.0,0.0,0.0,0.0,0.0,0.0,0.0,0.4128,0.01281,0.0,0.0,0.0,0.0,0.0,0.0,0.0,0.0,0.0,0.0,0.0,4.562078922040416,23.95091434071223,1.4870067372473537,0.0,0.0,0.0,0.0,0.0,0.0,0.0,0.0,0.0,0.0,0.0,0.0,0.0,0.0,0.0,0.0
76500,4736,2497,0.5272381756756757,1178,984,0.4565033783783784,1334,0.5633445945945946,0.4020000000000001,2.9986601161232693,3.0023807718869246,6.477491961414791,1.9647966470053055,8387.30316722973,505.94758143397365,7853.0,8866.4,8866.4,0.0,7853.0,0.0,27.84058277027027,20.476732840862443,32.520568436798804,18.747326265635536,0.1345016891891892,0.09776182432432433,0.09565033783783784,0.08762668918918919,0.08234797297297297,0.07221283783783784,0.07326858108108109,0.06693412162162163,0.06271114864864864,0.05447635135135135,0.04750844594594594,0.036317567567567564,0.030405405405405407,0.02766047297297297,0.01583614864864865,0.009079391891891891,0.005701013513513513,0.9032419098012552,0.023048009140579872,0.0,0.0,0.0,0.0,0.0,0.0,0.0,0.0,0.0,0.0,0.0,0.0,0.0,0.0,0.0,0.0,0.0,0.0,0.0,0.0,0.0,0.0,0.0,0.0,0.019003378378378382,1.6722972972972976,11.617398648648651,13.73944256756757,2.882179054054055,0.06967905405405407,4.190414085425497,2.8021835874103336,nan,nan,nan,4.2820012995451595,2.815949588179661,4.098167539267016,2.785207145086437,0.9570682614464244,0.4133,0.01246,0.0,0.0,0.0,0.0,0.0,0.0,0.0,0.0,0.0,0.0,0.006334459459459461,4.212415540540534,24.241976351351358,1.5392736486486491,0.0,0.0,0.0,0.0,0.0,0.0,0.0,0.0,0.0,0.0,0.0,0.0,0.0,0.0,0.0,0.0,nan,nan,4.190414085425497,2.8021835874103336,nan,0.4133,0.0679,0.0,0.0,0.0,0.0,0.0,0.0,0.0,0.0,0.0,0.0,0.0,0.0,0.0,0.0,0.0,0.0,0.0,0.0,0.0,0.0,0.00013724662162162163,0.0040223817567567564,0.0021642736486486487,0.0013513513513513514,8.445945945945946e-05,0.0,0.0008762668918918919,0.005373733108108108,0.006482263513513513,0.005310388513513514,0.023627533783783784,0.03250633445945946,0.04172297297297297,0.02092483108108108,0.04141680743243243,0.03501900337837838,0.03487119932432432,0.02995143581081081,0.049092060810810814,0.040139358108108106,0.06465371621621621,0.06000844594594595,0.0765941722972973,0.06402027027027027,0.04317989864864865,0.055078125,0.04365498310810811,0.039421452702702704,0.037383868243243246,0.028589527027027026,0.015181587837837837,0.02787162162162162,0.024799408783783783,0.005880489864864865,0.01788429054054054,0.0023331925675675676,0.0028927364864864864,0.008477618243243243,0.0015519425675675675,5.2787162162162165e-05,0.004961993243243243,0.0,0.0002639358108108108,1.0557432432432433e-05,0.0,0.00017947635135135136,0.0,0.0,0.0,0.0,0.0,0.0,0.0,0.0,0.0,0.0,0.0,0.0,0.0,0.0,0.0,0.0,0.0,0.0,0.0,0.0,0.0,0.0,0.0,0.0,0.0,0.0,0.0,0.0,0.0,0.0,0.0,0.0,0.0,0.0,0.0,nan,nan,4.190414085425497,2.8021835874103336,nan,0.9028911717805951,0.0233306466405574,0.0,0.0,0.0,0.0,0.0,0.0,0.0,0.0,0.0,0.0,0.0,0.0,0.0,0.0,0.0,0.0,0.0,0.0,0.0,0.0,0.0,0.0,0.0,0.0,0.012014417300760916,1.8141770124148981,11.882258710452547,13.38406087304766,2.835402482979576,0.0720865038045655,0.9036330633687355,0.02272227342153475,0.0,0.0,0.0,0.0,0.0,0.0,0.0,0.0,0.0,0.0,0.0,0.0,0.0,0.0,0.0,0.0,0.0,0.0,0.0,0.0,0.0,0.0,0.0,0.0,0.02679767753461367,1.5140687807056725,11.322018758374277,14.135774899508712,2.9343456900401974,0.06699419383653418,0.4136,0.01265,0.0,0.0,0.0,0.0,0.0,0.0,0.0,0.0,0.0,0.0,0.0,4.361233480176205,23.89667601121346,1.7420905086103327,0.0,0.0,0.0,0.0,0.0,0.0,0.0,0.0,0.0,0.0,0.0,0.0,0.0,0.0,0.0,0.0,0.413,0.01224,0.0,0.0,0.0,0.0,0.0,0.0,0.0,0.0,0.0,0.0,0.013398838767306836,4.046449307726658,24.627065654309966,1.3130861991960698,0.0,0.0,0.0,0.0,0.0,0.0,0.0,0.0,0.0,0.0,0.0,0.0,0.0,0.0,0.0,0.0
76600,4563,2398,0.5255314486083716,1151,892,0.4477317554240631,1252,0.5487617795310104,0.4060000000000001,2.982448036951501,3.066418951308543,6.492012779552716,2.155481927202089,8385.573570019724,506.03897910579406,7853.0,8866.4,8866.399999999998,1.8189894035458565e-12,7853.0,0.0,28.141135218058295,20.77819321723347,33.05079447772857,18.989756736759237,0.1358755204909051,0.09423624808240193,0.0973044049967127,0.08437431514354592,0.0784571553802323,0.08196362042515888,0.07122507122507123,0.06465044926583388,0.060267367959675654,0.05193951347797501,0.047118124041200964,0.037256191102344946,0.03309226386149463,0.02564102564102564,0.017094017094017096,0.015121630506245891,0.0043830813061582295,0.9032290424794814,0.022828654604870723,0.0,0.0,0.0,0.0,0.0,0.0,0.0,0.0,0.0,0.0,0.0,0.0,0.0,0.0,0.0,0.0,0.0,0.0,0.0,0.0,0.0,0.0,0.0,0.0,0.019723865877712035,1.7554240631163711,11.347797501643658,14.11571334648258,2.6824457593688367,0.07889546351084814,4.135639199728722,2.828291905631681,nan,nan,nan,4.102841677943166,2.841597073403059,4.168592794017675,2.8144751829535344,1.0160257502569465,0.4133,0.012695,0.0,0.0,0.0,0.0,0.0,0.0,0.0,0.0,0.0,0.0,0.0,4.437869822485201,23.93162393162394,1.6305062458908617,0.0,0.0,0.0,0.0,0.0,0.0,0.0,0.0,0.0,0.0,0.0,0.0,0.0,0.0,0.0,0.0,nan,nan,4.135639199728722,2.828291905631681,nan,0.4133,0.06793,0.0,0.0,0.0,0.0,0.0,0.0,0.0,0.0,0.0,0.0,0.0,0.0,0.0,0.0,0.0,0.0,0.0,0.0,0.0,1.0957703265395573e-05,5.478851632697787e-05,0.0042077580539119,0.0012491781722550953,0.0009094893710278326,0.0001972386587771203,2.1915406530791147e-05,0.001282051282051282,0.005215866754328293,0.005708963401271094,0.005281612973920666,0.023307034845496385,0.033574402805172036,0.042198115275038355,0.021433267587113742,0.04093797939951786,0.035448170063554676,0.035009861932938854,0.030637738330046023,0.04957264957264957,0.041529695375849225,0.06675432829278984,0.05771422309883848,0.07618891080429542,0.06416831032215647,0.04043392504930966,0.05878807801884725,0.041025641025641026,0.040970852509314044,0.03621520929213237,0.02742713127328512,0.016173570019723867,0.025904010519395136,0.025235590620206003,0.005588428665351742,0.016579005040543503,0.0023449484987946526,0.0024545255314486086,0.009522244137628753,0.00210387902695595,0.0,0.0060157790927021695,2.1915406530791147e-05,0.0003177733946964716,0.0,0.0,0.00026298487836949375,0.0,0.0,0.0,0.0,0.0,0.0,0.0,0.0,0.0,0.0,0.0,0.0,0.0,0.0,0.0,0.0,0.0,0.0,0.0,0.0,0.0,0.0,0.0,0.0,0.0,0.0,0.0,0.0,0.0,0.0,0.0,0.0,0.0,0.0,0.0,nan,nan,4.135639199728722,2.828291905631681,nan,0.902746225864913,0.023501915945765773,0.0,0.0,0.0,0.0,0.0,0.0,0.0,0.0,0.0,0.0,0.0,0.0,0.0,0.0,0.0,0.0,0.0,0.0,0.0,0.0,0.0,0.0,0.0,0.0,0.012510425354462054,1.9516263552960804,11.246872393661388,13.974145120934114,2.73978315262719,0.07506255212677232,0.9037638204202366,0.022046625984786197,0.0,0.0,0.0,0.0,0.0,0.0,0.0,0.0,0.0,0.0,0.0,0.0,0.0,0.0,0.0,0.0,0.0,0.0,0.0,0.0,0.0,0.0,0.0,0.0,0.027713625866050817,1.5381062355658204,11.459584295612013,14.272517321016169,2.618937644341802,0.08314087759815243,0.4133,0.01264,0.0,0.0,0.0,0.0,0.0,0.0,0.0,0.0,0.0,0.0,0.0,4.391159299416174,23.944954128440372,1.6638865721434533,0.0,0.0,0.0,0.0,0.0,0.0,0.0,0.0,0.0,0.0,0.0,0.0,0.0,0.0,0.0,0.0,0.4133,0.012764,0.0,0.0,0.0,0.0,0.0,0.0,0.0,0.0,0.0,0.0,0.0,4.4896073903002245,23.916859122401853,1.5935334872979219,0.0,0.0,0.0,0.0,0.0,0.0,0.0,0.0,0.0,0.0,0.0,0.0,0.0,0.0,0.0,0.0
76700,4454,2323,0.5215536596317917,1060,896,0.4391558149977548,1260,0.5657835653345308,0.4260000000000001,3.057719380572501,3.191517125999982,6.785714285714286,2.205157478822593,8381.542478670859,506.22899573761373,7853.0,8866.4,8866.4,0.0,7853.0,0.0,27.813201616524474,20.968782705942896,32.64259061833689,19.322973955884333,0.13718006286484058,0.10709474629546475,0.09541984732824428,0.08599012123933543,0.07925460260440054,0.07319263583295914,0.07049842837898518,0.060170633138751685,0.05725190839694656,0.05657835653345308,0.043780871127076786,0.03929052537045352,0.03143242029636282,0.024247867085765602,0.019308486753480018,0.01122586439155815,0.008082622361921869,0.9037774592758456,0.022605165684821814,0.0,0.0,0.0,0.0,0.0,0.0,0.0,0.0,0.0,0.0,0.0,0.0,0.0,0.0,0.0,0.0,0.0,0.0,0.0,0.0,0.0,0.0,0.0,0.0,0.033677593174674454,1.5087561742254159,11.598563089357883,13.98967220475977,2.7885047148630453,0.08082622361921869,4.336960336960337,2.933958836277751,nan,nan,nan,4.309271054493984,2.9465452979090543,4.364206128133705,2.9212648693023073,1.0127481128351001,0.4136,0.01252,0.0,0.0,0.0,0.0,0.0,0.0,0.0,0.0,0.0,0.0,0.0,4.216434665469236,24.19398293668613,1.5895823978446344,0.0,0.0,0.0,0.0,0.0,0.0,0.0,0.0,0.0,0.0,0.0,0.0,0.0,0.0,0.0,0.0,nan,nan,4.336960336960337,2.933958836277751,nan,0.4136,0.0679,0.0,0.0,0.0,0.0,0.0,0.0,0.0,0.0,0.0,0.0,0.0,0.0,0.0,0.0,0.0,0.0,0.0,0.0,0.0,0.0,0.0,0.004557700942972609,0.0012909744050291873,0.0006174225415356983,0.0001122586439155815,1.122586439155815e-05,0.0007858105074090704,0.005803771890435564,0.006353839245621913,0.0050965424337674,0.022182308037718906,0.03358778625954199,0.042815446789402786,0.02167714414009879,0.03895374943870678,0.03628199371351594,0.036427929950606196,0.03192635832959138,0.04617198024247867,0.04192860350246969,0.06718679838347552,0.05657835653345308,0.0745734171531208,0.06688370004490346,0.04381454872025146,0.058947013920071845,0.038268971710821734,0.04039066008082622,0.0365065110013471,0.027514593623709026,0.01601930848675348,0.026594072743601257,0.02501122586439156,0.006589582397844634,0.01626627750336776,0.0024921418949259092,0.0019869779973057927,0.008666367310282893,0.002402334979793444,2.24517287831163e-05,0.006286484059272564,2.24517287831163e-05,0.00025819488100583746,0.0,0.0,0.0001347103726986978,0.0,0.0,0.0,0.0,0.0,0.0,0.0,0.0,0.0,0.0,0.0,0.0,0.0,0.0,0.0,0.0,0.0,0.0,0.0,0.0,0.0,0.0,0.0,0.0,0.0,0.0,0.0,0.0,0.0,0.0,0.0,0.0,0.0,0.0,0.0,nan,nan,4.336960336960337,2.933958836277751,nan,0.9033756141666703,0.022425527371032764,0.0,0.0,0.0,0.0,0.0,0.0,0.0,0.0,0.0,0.0,0.0,0.0,0.0,0.0,0.0,0.0,0.0,0.0,0.0,0.0,0.0,0.0,0.0,0.0,0.025828669823504097,1.562634524321998,11.609987085665091,14.024967714162724,2.7120103314679302,0.06457167455876024,0.9042155100447871,0.022791306784117966,0.0,0.0,0.0,0.0,0.0,0.0,0.0,0.0,0.0,0.0,0.0,0.0,0.0,0.0,0.0,0.0,0.0,0.0,0.0,0.0,0.0,0.0,0.0,0.0,0.04223369310183013,1.4500234631628348,11.586109807602067,13.951196621304556,2.8718911309244493,0.09854528390427032,0.4133,0.01235,0.0,0.0,0.0,0.0,0.0,0.0,0.0,0.0,0.0,0.0,0.0,4.235901851054664,24.21437795953509,1.5497201894102457,0.0,0.0,0.0,0.0,0.0,0.0,0.0,0.0,0.0,0.0,0.0,0.0,0.0,0.0,0.0,0.0,0.4136,0.0127,0.0,0.0,0.0,0.0,0.0,0.0,0.0,0.0,0.0,0.0,0.0,4.195213514781787,24.17175035194745,1.6330361332707652,0.0,0.0,0.0,0.0,0.0,0.0,0.0,0.0,0.0,0.0,0.0,0.0,0.0,0.0,0.0,0.0
76800,4882,2495,0.5110610405571487,1186,1025,0.45288816058992215,1407,0.5764031134780827,0.4140000000000001,3.0092165898617513,3.122401541216762,6.808868501529052,2.095980047341802,8370.909258500615,506.57599876412047,7853.0,8866.4,8866.4,0.0,7853.0,0.0,27.618189266693978,20.75358394044332,32.6842492639843,18.968380724816154,0.1452273658336747,0.09545268332650553,0.09709135600163868,0.08521097910692339,0.08521097910692339,0.07107742728390004,0.07312576812781647,0.061655059401884475,0.05571487095452683,0.05243752560426055,0.047726341663252764,0.040352314625153624,0.03297828758705448,0.023965587873822206,0.01638672675133142,0.009832036050798854,0.006554690700532569,0.9038937293521111,0.022671664398612255,0.0,0.0,0.0,0.0,0.0,0.0,0.0,0.0,0.0,0.0,0.0,0.0,0.0,0.0,0.0,0.0,0.0,0.0,0.0,0.0,0.0,0.0,0.0,0.0,0.0368701351904957,1.4993854977468255,11.34985661614093,14.213437115936095,2.83285538713642,0.06759524784924213,4.3401273885350315,2.872156247914549,nan,nan,nan,4.303363518758085,2.784721124238775,4.375784190715182,2.9540505833999906,1.0168288529754503,0.413,0.01249,0.0,0.0,0.0,0.0,0.0,0.0,0.0,0.0,0.0,0.0,0.006145022531749284,4.504301515772218,23.97787791888571,1.511675542810324,0.0,0.0,0.0,0.0,0.0,0.0,0.0,0.0,0.0,0.0,0.0,0.0,0.0,0.0,0.0,0.0,nan,nan,4.3401273885350315,2.872156247914549,nan,0.413,0.0677,0.0,0.0,0.0,0.0,0.0,0.0,0.0,0.0,0.0,0.0,0.0,0.0,0.0,0.0,0.0,0.0,0.0,0.0,0.0,0.0,0.0,0.004526833265055305,0.0015260139287177387,0.0006349856616140926,5.1208521097910693e-05,6.145022531749283e-05,0.0009319950839819746,0.005970913560016387,0.007558377714051618,0.004465383039737813,0.023340843916427694,0.03184145841868087,0.043404342482589106,0.02289020893076608,0.03868291683736174,0.035374846374436705,0.03641950020483409,0.030284719377304384,0.045094223678820156,0.042482589102826714,0.06846579270790659,0.058377714051618186,0.07211183941007784,0.06740065546907005,0.04344530929946743,0.0598627611634576,0.03864195002048341,0.04191929537074969,0.03602007374027038,0.026638672675133142,0.014492011470708726,0.02667963949201147,0.025122900450634984,0.006493240475215076,0.01887546087668988,0.0025604260548955345,0.0018127816468660385,0.008111429741909053,0.002283900040966817,0.0,0.004977468250716919,7.169192953707497e-05,1.0241704219582138e-05,1.0241704219582138e-05,0.0,7.169192953707497e-05,0.0,0.0,0.0,0.0,0.0,0.0,0.0,0.0,0.0,0.0,0.0,0.0,0.0,0.0,0.0,0.0,0.0,0.0,0.0,0.0,0.0,0.0,0.0,0.0,0.0,0.0,0.0,0.0,0.0,0.0,0.0,0.0,0.0,0.0,0.0,nan,nan,4.3401273885350315,2.872156247914549,nan,0.9037839677147492,0.02241807787307616,0.0,0.0,0.0,0.0,0.0,0.0,0.0,0.0,0.0,0.0,0.0,0.0,0.0,0.0,0.0,0.0,0.0,0.0,0.0,0.0,0.0,0.0,0.0,0.0,0.03607214428857716,1.4789579158316637,11.302605210420845,14.440881763527058,2.6813627254509025,0.060120240480961935,0.9040084571632622,0.0229331659731499,0.0,0.0,0.0,0.0,0.0,0.0,0.0,0.0,0.0,0.0,0.0,0.0,0.0,0.0,0.0,0.0,0.0,0.0,0.0,0.0,0.0,0.0,0.0,0.0,0.037704231252618355,1.5207373271889404,11.399245915374951,13.975701717637204,2.9912023460410566,0.07540846250523671,0.4128,0.0124,0.0,0.0,0.0,0.0,0.0,0.0,0.0,0.0,0.0,0.0,0.012024048096192388,4.689378757515024,23.951903807615235,1.3466933867735476,0.0,0.0,0.0,0.0,0.0,0.0,0.0,0.0,0.0,0.0,0.0,0.0,0.0,0.0,0.0,0.0,0.4136,0.012566,0.0,0.0,0.0,0.0,0.0,0.0,0.0,0.0,0.0,0.0,0.0,4.3108504398826915,24.00502723083369,1.68412232928362,0.0,0.0,0.0,0.0,0.0,0.0,0.0,0.0,0.0,0.0,0.0,0.0,0.0,0.0,0.0,0.0
76900,4925,2452,0.4978680203045685,1134,1066,0.4467005076142132,1423,0.5778680203045685,0.3940000000000001,2.964415689446017,3.0574012854989547,6.389502762430939,2.1613634627124076,8357.539451776649,506.6953937341195,7853.0,8866.4,8866.4,0.0,7853.0,0.0,28.555736040609137,21.182896800108125,33.36819381146558,19.458252958045225,0.132994923857868,0.10050761421319797,0.09299492385786802,0.08060913705583757,0.08365482233502539,0.07736040609137056,0.06802030456852792,0.06233502538071066,0.05868020304568528,0.054619289340101525,0.043248730964467005,0.04101522842639594,0.03654822335025381,0.02802030456852792,0.018883248730964468,0.01197969543147208,0.008527918781725888,0.9044924199036535,0.022922695514962697,0.0,0.0,0.0,0.0,0.0,0.0,0.0,0.0,0.0,0.0,0.0,0.0,0.0,0.0,0.0,0.0,0.0,0.0,0.0,0.0,0.0,0.0,0.0,0.0,0.030456852791878177,1.5776649746192897,10.95837563451777,14.265989847715739,3.0639593908629448,0.10355329949238581,4.282305546947629,2.8557847525788578,nan,nan,nan,4.3203221809169765,2.8482253254659695,4.246277915632755,2.862570517459424,0.9828614019548638,0.4133,0.01247,0.0,0.0,0.0,0.0,0.0,0.0,0.0,0.0,0.0,0.0,0.006091370558375636,4.397969543147202,24.012182741116757,1.5837563451776653,0.0,0.0,0.0,0.0,0.0,0.0,0.0,0.0,0.0,0.0,0.0,0.0,0.0,0.0,0.0,0.0,nan,nan,4.282305546947629,2.8557847525788578,nan,0.4133,0.0678,0.0,0.0,0.0,0.0,0.0,0.0,0.0,0.0,0.0,0.0,0.0,0.0,0.0,0.0,0.0,0.0,0.0,0.0,0.0,0.0,0.0,0.004142131979695432,0.0017258883248730964,0.0007715736040609137,6.091370558375634e-05,9.137055837563452e-05,0.0010761421319796954,0.006690355329949238,0.007299492385786802,0.004619289340101523,0.023360406091370557,0.03143147208121828,0.04285279187817259,0.02283248730964467,0.04126903553299492,0.032791878172588836,0.03638578680203046,0.030954314720812184,0.04419289340101523,0.04188832487309645,0.06864974619289341,0.056974619289340105,0.07017258883248731,0.07144162436548224,0.04289340101522843,0.0600507614213198,0.03917766497461929,0.04279187817258883,0.03435532994923858,0.02749238578680203,0.01483248730964467,0.027086294416243654,0.0249746192893401,0.006639593908629442,0.0176751269035533,0.0025888324873096446,0.0015736040609137057,0.007918781725888325,0.00283248730964467,0.0,0.005319796954314721,0.0,0.0,0.0,0.0,0.00012182741116751269,0.0,0.0,0.0,0.0,0.0,0.0,0.0,0.0,0.0,0.0,0.0,0.0,0.0,0.0,0.0,0.0,0.0,0.0,0.0,0.0,0.0,0.0,0.0,0.0,0.0,0.0,0.0,0.0,0.0,0.0,0.0,0.0,0.0,0.0,0.0,nan,nan,4.282305546947629,2.8557847525788578,nan,0.9051052395612925,0.023268820347683603,0.0,0.0,0.0,0.0,0.0,0.0,0.0,0.0,0.0,0.0,0.0,0.0,0.0,0.0,0.0,0.0,0.0,0.0,0.0,0.0,0.0,0.0,0.0,0.0,0.02446982055464927,1.5660685154975533,10.656606851549759,14.290375203915174,3.327895595432301,0.134584013050571,0.9038848041331194,0.022557840075798034,0.0,0.0,0.0,0.0,0.0,0.0,0.0,0.0,0.0,0.0,0.0,0.0,0.0,0.0,0.0,0.0,0.0,0.0,0.0,0.0,0.0,0.0,0.0,0.0,0.036393044884755366,1.589162959967651,11.257581884350994,14.241811564900933,2.802264456126163,0.07278608976951073,0.4133,0.01246,0.0,0.0,0.0,0.0,0.0,0.0,0.0,0.0,0.0,0.0,0.0,4.380097879282212,23.931484502446988,1.6884176182707997,0.0,0.0,0.0,0.0,0.0,0.0,0.0,0.0,0.0,0.0,0.0,0.0,0.0,0.0,0.0,0.0,0.4133,0.012474,0.0,0.0,0.0,0.0,0.0,0.0,0.0,0.0,0.0,0.0,0.012131014961585123,4.415689446016977,24.09219571370805,1.479983825313385,0.0,0.0,0.0,0.0,0.0,0.0,0.0,0.0,0.0,0.0,0.0,0.0,0.0,0.0,0.0,0.0
77000,4941,2494,0.504756122242461,1164,1027,0.44343250354179314,1390,0.5626391418741146,0.4100000000000001,2.838169186759297,3.051386294042538,6.528771384136858,2.092799523015934,8364.51985428051,506.67707566527463,7853.0,8866.4,8866.400000000001,1.8189894035458565e-12,7853.0,0.0,27.5284355393645,20.909821966880692,32.4058809351651,19.279205254456834,0.14167172637117992,0.10281319570937057,0.09532483302975106,0.0922890103217972,0.08318154219793564,0.0730621331714228,0.06678809957498483,0.0603116777980166,0.062335559603319164,0.04837077514673143,0.04108480064764218,0.03541793159279498,0.033798826148552924,0.025905687107872902,0.020845982594616473,0.009917020845982595,0.006881198138028739,0.9041218884896952,0.022350942814913465,0.0,0.0,0.0,0.0,0.0,0.0,0.0,0.0,0.0,0.0,0.0,0.0,0.0,0.0,0.0,0.0,0.0,0.0,0.0,0.0,0.0,0.0,0.0,0.0,0.018214936247723135,1.2932604735883428,11.372191863995146,14.286581663630846,2.981177899210687,0.0485731633272617,4.255836264790534,2.8774861881658524,nan,nan,nan,4.196636481241915,2.8337074885152327,4.314556962025317,2.9192362003768673,1.0280988075356257,0.413,0.0131,0.0,0.0,0.0,0.0,0.0,0.0,0.0,0.0,0.0,0.0,0.02428658166363085,4.8512446873102535,23.3029751062538,1.8214936247723137,0.0,0.0,0.0,0.0,0.0,0.0,0.0,0.0,0.0,0.0,0.0,0.0,0.0,0.0,0.0,0.0,nan,nan,4.255836264790534,2.8774861881658524,nan,0.413,0.0682,0.0,0.0,0.0,0.0,0.0,0.0,0.0,0.0,0.0,0.0,0.0,0.0,0.0,0.0,0.0,0.0,0.0,0.0,0.0,0.0,0.0,0.0038453754300748835,0.001983404169196519,0.0009208662214126695,0.00012143290831815422,7.083586318558996e-05,0.001436956081764825,0.007043108682452945,0.007306213317142279,0.004412062335559603,0.02210078931390407,0.03239222829386764,0.046751669702489375,0.02136207245496863,0.041671726371179926,0.03257437765634487,0.035691155636510825,0.030327868852459017,0.04269378668285772,0.04500101194090265,0.06817445861161708,0.05523173446670714,0.07044120623355596,0.07264723740133576,0.04201578627808136,0.05772110908722931,0.03835256021048371,0.04279498077312285,0.034517304189435334,0.028597449908925317,0.014612426634284558,0.02651285164946367,0.025885448289819875,0.006759765229710585,0.017435741752681644,0.0029548674357417525,0.0018113742157458005,0.007447885043513459,0.00259056871078729,0.0,0.005555555555555556,0.0,0.0,0.0,0.0,0.0002327464076097956,0.0,0.0,0.0,0.0,0.0,0.0,0.0,0.0,0.0,0.0,0.0,0.0,0.0,0.0,0.0,0.0,0.0,0.0,0.0,0.0,0.0,0.0,0.0,0.0,0.0,0.0,0.0,0.0,0.0,0.0,0.0,0.0,0.0,0.0,0.0,nan,nan,4.255836264790534,2.8774861881658524,nan,0.9046654087023058,0.022520734986403303,0.0,0.0,0.0,0.0,0.0,0.0,0.0,0.0,0.0,0.0,0.0,0.0,0.0,0.0,0.0,0.0,0.0,0.0,0.0,0.0,0.0,0.0,0.0,0.0,0.024057738572574185,1.3231756214915802,11.114675220529273,14.434643143544509,3.01924619085806,0.08420208500400965,0.9035679287797439,0.02216284026339175,0.0,0.0,0.0,0.0,0.0,0.0,0.0,0.0,0.0,0.0,0.0,0.0,0.0,0.0,0.0,0.0,0.0,0.0,0.0,0.0,0.0,0.0,0.0,0.0,0.012259910093992648,1.2627707396812426,11.634654679199022,14.135676338373521,2.9423784225582352,0.012259910093992648,0.4128,0.01316,0.0,0.0,0.0,0.0,0.0,0.0,0.0,0.0,0.0,0.0,0.036086607858861273,4.979951884522848,23.25180433039295,1.7321571772253412,0.0,0.0,0.0,0.0,0.0,0.0,0.0,0.0,0.0,0.0,0.0,0.0,0.0,0.0,0.0,0.0,0.4133,0.01303,0.0,0.0,0.0,0.0,0.0,0.0,0.0,0.0,0.0,0.0,0.012259910093992648,4.720065386187161,23.35512872905599,1.9125459746628528,0.0,0.0,0.0,0.0,0.0,0.0,0.0,0.0,0.0,0.0,0.0,0.0,0.0,0.0,0.0,0.0
77100,4477,2351,0.5251284342193433,1074,897,0.4402501675228948,1239,0.5534956444047353,0.4180000000000001,3.0272812793979305,3.0340198463321566,6.291350531107739,2.109326316241142,8385.16515523788,506.05969595365957,7853.0,8866.4,8866.4,0.0,7853.0,0.0,28.90082644628099,21.519588486257298,34.06364846870839,19.652912274175865,0.13915568461023006,0.09962028143846326,0.0857717221353585,0.08465490283672102,0.0743801652892562,0.07259325441143623,0.06924279651552379,0.061871789144516416,0.06321197230288139,0.05316059861514407,0.04511949966495421,0.03886531159258432,0.03931203931203931,0.02970739334375698,0.02099620281438463,0.011168192986374805,0.011168192986374805,0.904261069064005,0.02232716529151232,0.0,0.0,0.0,0.0,0.0,0.0,0.0,0.0,0.0,0.0,0.0,0.0,0.0,0.0,0.0,0.0,0.0,0.0,0.0,0.0,0.0,0.0,0.0,0.0,0.013401831583649769,1.3468840741568016,11.425061425061429,14.219343310252404,2.8880947062765254,0.10721465266919815,4.197202320027294,2.7959136396761006,nan,nan,nan,4.0932607215793055,2.7162400534577062,4.301163586584531,2.870879545496831,1.0507915031918638,0.4133,0.01283,0.0,0.0,0.0,0.0,0.0,0.0,0.0,0.0,0.0,0.0,0.006700915791824884,4.576725485816389,23.667634576725494,1.7489390216662948,0.0,0.0,0.0,0.0,0.0,0.0,0.0,0.0,0.0,0.0,0.0,0.0,0.0,0.0,0.0,0.0,nan,nan,4.197202320027294,2.7959136396761006,nan,0.4133,0.0682,0.0,0.0,0.0,0.0,0.0,0.0,0.0,0.0,0.0,0.0,0.0,0.0,0.0,0.0,0.0,0.0,0.0,0.0,0.0,0.0,1.1168192986374804e-05,0.003093589457225821,0.0021777976323430867,0.0006477551932097386,0.0003127094036184945,2.233638597274961e-05,0.0015747152110788475,0.00771722135358499,0.007962921599285236,0.004098726825999553,0.021253071253071253,0.031203931203931203,0.04795622068349341,0.022470404288586106,0.04249497431315613,0.028445387536296628,0.03684386866205048,0.030991735537190084,0.04238329238329238,0.043477775295957116,0.0691534509716328,0.056511056511056514,0.06765691311145856,0.07452535179807906,0.04297520661157025,0.05794058521331249,0.0368327004690641,0.04418137145409873,0.03488943488943489,0.028925619834710745,0.01464150100513737,0.026781326781326782,0.02540763904400268,0.006153674335492517,0.016975653339289704,0.002624525351798079,0.0014965378601742238,0.00797408979227161,0.0032722805450078178,0.0,0.005405405405405406,1.1168192986374804e-05,0.0,0.0,0.0,0.000513736877373241,1.1168192986374804e-05,0.0,0.0,0.0,0.0,0.0,0.0,0.0,0.0,0.0,0.0,0.0,0.0,0.0,0.0,0.0,0.0,0.0,0.0,0.0,0.0,0.0,0.0,0.0,0.0,0.0,0.0,0.0,0.0,0.0,0.0,0.0,0.0,0.0,0.0,nan,nan,4.197202320027294,2.7959136396761006,nan,0.9043913480070286,0.021944107718546185,0.0,0.0,0.0,0.0,0.0,0.0,0.0,0.0,0.0,0.0,0.0,0.0,0.0,0.0,0.0,0.0,0.0,0.0,0.0,0.0,0.0,0.0,0.0,0.0,0.012760527435133989,1.122926414291791,11.650361548277331,14.291790727350067,2.8200765631646116,0.10208421948107191,0.9041170023683097,0.022742383074152186,0.0,0.0,0.0,0.0,0.0,0.0,0.0,0.0,0.0,0.0,0.0,0.0,0.0,0.0,0.0,0.0,0.0,0.0,0.0,0.0,0.0,0.0,0.0,0.0,0.01411100658513641,1.5945437441204144,11.175917215428036,14.139228598306683,2.963311382878646,0.11288805268109128,0.413,0.012764,0.0,0.0,0.0,0.0,0.0,0.0,0.0,0.0,0.0,0.0,0.0,4.6958740961293,23.70905997447895,1.5950659293917486,0.0,0.0,0.0,0.0,0.0,0.0,0.0,0.0,0.0,0.0,0.0,0.0,0.0,0.0,0.0,0.0,0.4133,0.01292,0.0,0.0,0.0,0.0,0.0,0.0,0.0,0.0,0.0,0.0,0.01411100658513641,4.444967074317962,23.62182502351835,1.9190968955785517,0.0,0.0,0.0,0.0,0.0,0.0,0.0,0.0,0.0,0.0,0.0,0.0,0.0,0.0,0.0,0.0
77200,4404,2276,0.516802906448683,1112,905,0.4579927338782925,1234,0.5603996366939146,0.4020000000000001,2.9779135338345863,3.0751827636934994,6.4926350245499185,2.1440424281940014,8376.728065395095,506.41379818178353,7853.0,8866.4,8866.4,0.0,7853.0,0.0,28.14032697547684,20.861493835582184,33.20927080509623,18.991590803900525,0.14168937329700274,0.0946866485013624,0.08991825613079019,0.08560399636693915,0.07947320617620345,0.07788374205267938,0.06630336058128973,0.06789282470481381,0.06516802906448683,0.05154405086285195,0.04791099000908265,0.036103542234332424,0.03383287920072661,0.024069028156221618,0.020208900999091735,0.012488646684831971,0.00522252497729337,0.9048221839302567,0.022844013664077158,0.0,0.0,0.0,0.0,0.0,0.0,0.0,0.0,0.0,0.0,0.0,0.0,0.0,0.0,0.0,0.0,0.0,0.0,0.0,0.0,0.0,0.0,0.0,0.0,0.0340599455040872,1.3760217983651228,10.98773841961853,14.441416893732974,3.092643051771118,0.0681198910081744,4.190211732037487,2.8906823448620944,nan,nan,nan,4.220577871740662,2.88002514550152,4.160738714090288,2.9006846687161203,0.9858220463005708,0.4143,0.01228,0.0,0.0,0.0,0.0,0.0,0.0,0.0,0.0,0.0,0.0,0.0,3.5490463215258807,24.6457765667575,1.8051771117166218,0.0,0.0,0.0,0.0,0.0,0.0,0.0,0.0,0.0,0.0,0.0,0.0,0.0,0.0,0.0,0.0,nan,nan,4.190211732037487,2.8906823448620944,nan,0.4143,0.06744,0.0,0.0,0.0,0.0,0.0,0.0,0.0,0.0,0.0,0.0,0.0,0.0,0.0,0.0,0.0,0.0,0.0,0.0,0.0,0.0,0.0,0.0025544959128065395,0.0022479564032697546,0.0006017257039055404,0.00011353315168029064,5.676657584014532e-05,0.002259309718437784,0.006993642143505904,0.007209355131698456,0.004098546775658492,0.019459582198001816,0.031142143505903722,0.04324477747502271,0.02388737511353315,0.04185967302452316,0.02707765667574932,0.03849909173478656,0.029336966394187102,0.043267484105358765,0.04549273387829246,0.07099227974568574,0.055063578564940964,0.07008401453224342,0.0733197093551317,0.041973206176203454,0.05888964577656676,0.03761353315168029,0.043914623069936425,0.03822661217075386,0.028962306993642144,0.015758401453224342,0.029586739327883742,0.023603542234332427,0.006698455949137148,0.014827429609445959,0.002475022706630336,0.0020776566757493187,0.007584014532243415,0.00315622161671208,2.270663033605813e-05,0.005347411444141689,0.0,0.0,0.0,0.0,0.0003860127157129882,3.4059945504087195e-05,0.0,0.0,0.0,0.0,0.0,0.0,0.0,0.0,0.0,0.0,0.0,0.0,0.0,0.0,0.0,0.0,0.0,0.0,0.0,0.0,0.0,0.0,0.0,0.0,0.0,0.0,0.0,0.0,0.0,0.0,0.0,0.0,0.0,0.0,nan,nan,4.190211732037487,2.8906823448620944,nan,0.905117444288123,0.022960510592499046,0.0,0.0,0.0,0.0,0.0,0.0,0.0,0.0,0.0,0.0,0.0,0.0,0.0,0.0,0.0,0.0,0.0,0.0,0.0,0.0,0.0,0.0,0.0,0.0,0.03954305799648507,1.3971880492091393,10.637082601054484,14.710017574692445,3.1370826010544826,0.07908611599297014,0.9045063885475012,0.022714506081565736,0.0,0.0,0.0,0.0,0.0,0.0,0.0,0.0,0.0,0.0,0.0,0.0,0.0,0.0,0.0,0.0,0.0,0.0,0.0,0.0,0.0,0.0,0.0,0.0,0.028195488721804517,1.3533834586466167,11.36278195488722,14.154135338345869,3.045112781954888,0.05639097744360903,0.4143,0.012436,0.0,0.0,0.0,0.0,0.0,0.0,0.0,0.0,0.0,0.0,0.0,3.5984182776801354,24.49033391915642,1.911247803163445,0.0,0.0,0.0,0.0,0.0,0.0,0.0,0.0,0.0,0.0,0.0,0.0,0.0,0.0,0.0,0.0,0.414,0.012115,0.0,0.0,0.0,0.0,0.0,0.0,0.0,0.0,0.0,0.0,0.0,3.496240601503754,24.812030075187977,1.691729323308271,0.0,0.0,0.0,0.0,0.0,0.0,0.0,0.0,0.0,0.0,0.0,0.0,0.0,0.0,0.0,0.0
77300,4218,2177,0.5161213845424372,1092,809,0.45068752963489805,1150,0.5452821242294926,0.4100000000000001,2.964233219010289,3.117995454075479,6.526755852842809,2.149539853673952,8376.037411095305,506.4365498250524,7853.0,8866.4,8866.399999999998,1.8189894035458565e-12,7853.0,0.0,28.4108582266477,20.846687892482727,33.1712846347607,19.08562741301784,0.13252726410621146,0.09506875296348981,0.09649122807017543,0.08345187292555714,0.08511142721669038,0.07373162636320531,0.06827880512091039,0.06401137980085349,0.061877667140825036,0.05476529160739687,0.0474158368895211,0.041963015647226175,0.030346135609293504,0.02797534376481745,0.018729255571360834,0.012565196775723092,0.005689900426742532,0.9042319140907937,0.022632679583143706,0.0,0.0,0.0,0.0,0.0,0.0,0.0,0.0,0.0,0.0,0.0,0.0,0.0,0.0,0.0,0.0,0.0,0.0,0.0,0.0,0.0,0.0,0.0,0.0,0.056899004267425335,1.4366998577524897,11.137980085348508,14.395448079658609,2.901849217638692,0.07112375533428167,4.117710974284679,2.905909746914078,nan,nan,nan,4.157509157509158,2.9378339845842905,4.078796561604585,2.8738187280728043,0.9810673668000454,0.4143,0.01229,0.0,0.0,0.0,0.0,0.0,0.0,0.0,0.0,0.0,0.0,0.0,3.7980085348506347,24.40256045519204,1.799431009957326,0.0,0.0,0.0,0.0,0.0,0.0,0.0,0.0,0.0,0.0,0.0,0.0,0.0,0.0,0.0,0.0,nan,nan,4.117710974284679,2.905909746914078,nan,0.4143,0.0673,0.0,0.0,0.0,0.0,0.0,0.0,0.0,0.0,0.0,0.0,0.0,0.0,0.0,0.0,0.0,0.0,0.0,0.0,0.0,0.0,7.112375533428166e-05,0.002809388335704125,0.0016595542911332385,0.00030820293978188717,0.00015410146989094359,7.112375533428166e-05,0.002631578947368421,0.008155523944997628,0.006412991939307729,0.003982930298719772,0.02024656235182551,0.030120910384068278,0.042176386913229016,0.024620673304883833,0.042816500711237555,0.02624466571834993,0.03733997155049787,0.028117591275486013,0.041737790422000945,0.04522285443338075,0.07138454243717401,0.056282598387861545,0.07219061166429587,0.07450213371266003,0.04091986723565671,0.05913940256045519,0.037671882408724516,0.04466571834992888,0.038572783309625415,0.026612138454243716,0.01775723091512565,0.030322427690848742,0.022925557136083453,0.005808440018966334,0.015208629682313892,0.0023944997629208155,0.002110004741583689,0.00816737790422001,0.0028212422949265054,2.370791844476055e-05,0.005227596017069702,0.0,0.0,1.1853959222380275e-05,0.0,0.0002963489805595069,8.297771455666193e-05,0.0,0.0,0.0,0.0,0.0,0.0,0.0,0.0,0.0,0.0,0.0,0.0,0.0,0.0,0.0,0.0,0.0,0.0,0.0,0.0,0.0,0.0,0.0,0.0,0.0,0.0,0.0,0.0,0.0,0.0,0.0,0.0,0.0,0.0,nan,nan,4.117710974284679,2.905909746914078,nan,0.9044178455424626,0.022765490868731548,0.0,0.0,0.0,0.0,0.0,0.0,0.0,0.0,0.0,0.0,0.0,0.0,0.0,0.0,0.0,0.0,0.0,0.0,0.0,0.0,0.0,0.0,0.0,0.0,0.06890215893431328,1.5709692237023432,10.721175930179147,14.662379421221868,2.8938906752411584,0.08268259072117594,0.9040335932822277,0.022488459888652123,0.0,0.0,0.0,0.0,0.0,0.0,0.0,0.0,0.0,0.0,0.0,0.0,0.0,0.0,0.0,0.0,0.0,0.0,0.0,0.0,0.0,0.0,0.0,0.0,0.04409603135717786,1.2934835864772172,11.582557569818718,14.110730034296918,2.9103380695737386,0.058794708476237155,0.4143,0.01251,0.0,0.0,0.0,0.0,0.0,0.0,0.0,0.0,0.0,0.0,0.0,3.9687643546164386,24.129536058796514,1.9016995865870467,0.0,0.0,0.0,0.0,0.0,0.0,0.0,0.0,0.0,0.0,0.0,0.0,0.0,0.0,0.0,0.0,0.4143,0.012054,0.0,0.0,0.0,0.0,0.0,0.0,0.0,0.0,0.0,0.0,0.0,3.6158745712885785,24.693777560019605,1.690347868691818,0.0,0.0,0.0,0.0,0.0,0.0,0.0,0.0,0.0,0.0,0.0,0.0,0.0,0.0,0.0,0.0
77400,4100,2127,0.5187804878048781,1027,812,0.44853658536585367,1151,0.5614634146341464,0.4180000000000001,2.9923973644196655,3.0813341842497377,6.450511945392491,2.228830960665814,8378.732146341463,506.342440849705,7853.0,8866.4,8866.399999999998,1.8189894035458565e-12,7853.0,0.0,28.621463414634146,20.96995825169735,33.328165374677006,19.23186049065149,0.13097560975609757,0.10317073170731707,0.08878048780487804,0.08170731707317073,0.08121951219512195,0.07268292682926829,0.07292682926829268,0.06365853658536585,0.06048780487804878,0.055121951219512196,0.04414634146341463,0.045853658536585365,0.03780487804878049,0.024390243902439025,0.01902439024390244,0.011707317073170732,0.006341463414634147,0.9040122833193802,0.022764976190808958,0.0,0.0,0.0,0.0,0.0,0.0,0.0,0.0,0.0,0.0,0.0,0.0,0.0,0.0,0.0,0.0,0.0,0.0,0.0,0.0,0.0,0.0,0.0,0.0,0.014634146341463419,1.5146341463414639,11.290243902439027,14.187804878048784,2.9487804878048784,0.04390243902439025,4.170196952805648,2.852893320062591,nan,nan,nan,4.228528752800598,2.8714127799712266,4.112426035502959,2.833249232761469,0.9725429992120208,0.4146,0.01271,0.0,0.0,0.0,0.0,0.0,0.0,0.0,0.0,0.0,0.0,0.0,3.724390243902434,24.14634146341464,2.1292682926829274,0.0,0.0,0.0,0.0,0.0,0.0,0.0,0.0,0.0,0.0,0.0,0.0,0.0,0.0,0.0,0.0,nan,nan,4.170196952805648,2.852893320062591,nan,0.4146,0.0672,0.0,0.0,0.0,0.0,0.0,0.0,0.0,0.0,0.0,0.0,0.0,0.0,0.0,0.0,0.0,0.0,0.0,0.0,0.0,0.0,3.6585365853658535e-05,0.0032317073170731706,0.0012195121951219512,6.097560975609756e-05,0.00010975609756097561,0.00017073170731707316,0.002719512195121951,0.007817073170731707,0.005646341463414634,0.005060975609756098,0.020341463414634147,0.029524390243902437,0.04291463414634147,0.02479268292682927,0.044609756097560974,0.02348780487804878,0.03742682926829268,0.026914634146341463,0.038890243902439024,0.04503658536585366,0.06958536585365854,0.05631707317073171,0.07521951219512195,0.08019512195121951,0.03795121951219512,0.06125609756097561,0.03898780487804878,0.040390243902439026,0.03998780487804878,0.026329268292682926,0.01602439024390244,0.03335365853658537,0.023829268292682927,0.005646341463414634,0.014219512195121952,0.002926829268292683,0.002048780487804878,0.00701219512195122,0.002878048780487805,0.00014634146341463414,0.0053780487804878045,0.0,8.536585365853658e-05,0.0,0.0,8.536585365853658e-05,6.097560975609756e-05,0.0,0.0,0.0,0.0,7.317073170731707e-05,0.0,0.0,0.0,0.0,0.0,0.0,0.0,0.0,0.0,0.0,0.0,0.0,0.0,0.0,0.0,0.0,0.0,0.0,0.0,0.0,0.0,0.0,0.0,0.0,0.0,0.0,0.0,0.0,0.0,nan,nan,4.170196952805648,2.852893320062591,nan,0.9033799909009695,0.022438709221447167,0.0,0.0,0.0,0.0,0.0,0.0,0.0,0.0,0.0,0.0,0.0,0.0,0.0,0.0,0.0,0.0,0.0,0.0,0.0,0.0,0.0,0.0,0.0,0.0,0.014104372355430187,1.4527503526093093,11.706629055007056,13.935119887165024,2.8349788434414673,0.05641748942172075,0.9046939285165213,0.023092166293549918,0.0,0.0,0.0,0.0,0.0,0.0,0.0,0.0,0.0,0.0,0.0,0.0,0.0,0.0,0.0,0.0,0.0,0.0,0.0,0.0,0.0,0.0,0.0,0.0,0.015205271160669035,1.5813482007095798,10.841358337557022,14.460212873796253,3.071464774455145,0.03041054232133807,0.4148,0.012856,0.0,0.0,0.0,0.0,0.0,0.0,0.0,0.0,0.0,0.0,0.0,3.6530324400564123,24.10437235543019,2.2425952045133997,0.0,0.0,0.0,0.0,0.0,0.0,0.0,0.0,0.0,0.0,0.0,0.0,0.0,0.0,0.0,0.0,0.4146,0.01255,0.0,0.0,0.0,0.0,0.0,0.0,0.0,0.0,0.0,0.0,0.0,3.8013177901672526,24.191586416624432,2.007095793208313,0.0,0.0,0.0,0.0,0.0,0.0,0.0,0.0,0.0,0.0,0.0,0.0,0.0,0.0,0.0,0.0
77500,4253,2202,0.5177521749353398,1029,860,0.4441570656007524,1172,0.5511403715024689,0.4140000000000001,2.9219892735251096,3.0503269548251737,6.535460992907802,2.0741104134890445,8377.690054079472,506.3805367055664,7853.0,8866.4,8866.399999999998,1.8189894035458565e-12,7853.0,0.0,28.262638137785093,20.95229672647594,33.13130749930304,19.197382399334852,0.13660945215142253,0.09734305196332001,0.09757818010815894,0.08064895367975547,0.0808840818245944,0.07312485304490948,0.0726545967552316,0.0663061368445803,0.05407947331295556,0.054784857747472375,0.05149306371972725,0.04067716905713614,0.028920761815189277,0.024923583352927346,0.022337173759699035,0.009875382083235363,0.0077592287796849286,0.904971979181822,0.022738303991722372,0.0,0.0,0.0,0.0,0.0,0.0,0.0,0.0,0.0,0.0,0.0,0.0,0.0,0.0,0.0,0.0,0.0,0.0,0.0,0.0,0.0,0.0,0.0,0.0,0.021161533035504353,1.319068892546438,11.27909710792382,14.262873265929935,3.0049376910416186,0.11286150952268989,4.181288678558428,2.86472833828235,nan,nan,nan,4.209912536443149,2.8991233707589505,4.155021834061135,2.829453677746995,0.9869615575366825,0.4146,0.012505,0.0,0.0,0.0,0.0,0.0,0.0,0.0,0.0,0.0,0.0,0.007053844345168118,3.5904067716905663,24.498001410768875,1.904537973195392,0.0,0.0,0.0,0.0,0.0,0.0,0.0,0.0,0.0,0.0,0.0,0.0,0.0,0.0,0.0,0.0,nan,nan,4.181288678558428,2.86472833828235,nan,0.4146,0.0673,0.0,0.0,0.0,0.0,0.0,0.0,0.0,0.0,0.0,0.0,0.0,0.0,0.0,0.0,0.0,0.0,0.0,0.0,0.0,2.3512814483893722e-05,0.0,0.003726781095697155,0.0007288972490007054,4.7025628967787444e-05,0.00016458970138725606,0.0002116153303550435,0.0025746531859863627,0.007994356924523865,0.00625440865271573,0.005901716435457324,0.02169057136139196,0.03034328709146485,0.0404420409122972,0.024958852574653186,0.04262873265929932,0.022360686574182928,0.03692687514695509,0.025746531859863624,0.040759463907829765,0.04610862920291559,0.06661180343287092,0.057853280037620504,0.07525276275570186,0.08205972254878909,0.036950387961438985,0.06366094521514225,0.03934869503879614,0.039865976957441804,0.04294615565483188,0.0260404420409123,0.015106983305901716,0.03074300493769104,0.02404185280978133,0.004526216788149542,0.01333176581236774,0.0033388196567129087,0.0019162943804373383,0.007171408417587585,0.00303315306842229,9.405125793557489e-05,0.005866447213731483,0.0,0.00025864095932283095,0.0,0.0,0.00029391018104867153,2.3512814483893722e-05,0.0,0.0,0.0,0.0,7.053844345168117e-05,0.0,0.0,0.0,0.0,0.0,0.0,0.0,0.0,0.0,0.0,0.0,0.0,0.0,0.0,0.0,0.0,0.0,0.0,0.0,0.0,0.0,0.0,0.0,0.0,0.0,0.0,0.0,0.0,0.0,nan,nan,4.181288678558428,2.86472833828235,nan,0.9047058614733866,0.02297199202355064,0.0,0.0,0.0,0.0,0.0,0.0,0.0,0.0,0.0,0.0,0.0,0.0,0.0,0.0,0.0,0.0,0.0,0.0,0.0,0.0,0.0,0.0,0.0,0.0,0.02724795640326976,1.3896457765667578,11.36239782016349,13.991825613079023,3.079019073569483,0.14986376021798367,0.9052576891740086,0.022481201558378232,0.0,0.0,0.0,0.0,0.0,0.0,0.0,0.0,0.0,0.0,0.0,0.0,0.0,0.0,0.0,0.0,0.0,0.0,0.0,0.0,0.0,0.0,0.0,0.0,0.014627011214041934,1.2432959531935643,11.18966357874208,14.553876157971725,2.925402242808387,0.07313505607020966,0.4146,0.0127,0.0,0.0,0.0,0.0,0.0,0.0,0.0,0.0,0.0,0.0,0.01362397820163488,3.542234332425063,24.45504087193461,1.9891008174386926,0.0,0.0,0.0,0.0,0.0,0.0,0.0,0.0,0.0,0.0,0.0,0.0,0.0,0.0,0.0,0.0,0.4146,0.01229,0.0,0.0,0.0,0.0,0.0,0.0,0.0,0.0,0.0,0.0,0.0,3.6421257922964356,24.544124817162366,1.8137493905411999,0.0,0.0,0.0,0.0,0.0,0.0,0.0,0.0,0.0,0.0,0.0,0.0,0.0,0.0,0.0,0.0
77600,4202,2155,0.5128510233222275,1008,859,0.44431223227034744,1192,0.5673488814850072,0.4220000000000001,2.9726428920371273,3.0943846585742025,6.549222797927461,2.1901597919082647,8372.723227034745,506.53261055691297,7853.0,8866.4,8866.4,0.0,7853.0,0.0,28.1301761066159,21.066336340554003,33.138479001135074,19.315664588129348,0.13779152784388388,0.10019038553069967,0.0923369823893384,0.08995716325559258,0.08138981437410757,0.07282246549262256,0.0663969538315088,0.062351261304140884,0.059019514516896715,0.050928129462160875,0.04569252736792004,0.04212279866730129,0.03426939552594003,0.030699666825321277,0.017848643503093765,0.006901475487862923,0.009281294621608758,0.9045531069137323,0.022751922504902107,0.0,0.0,0.0,0.0,0.0,0.0,0.0,0.0,0.0,0.0,0.0,0.0,0.0,0.0,0.0,0.0,0.0,0.0,0.0,0.0,0.0,0.0,0.0,0.0,0.04997620180866256,1.3422179914326513,11.180390290337936,14.214659685863877,3.1413612565445033,0.07139457401237508,4.222834067547724,2.868107822591614,nan,nan,nan,4.234992679355783,2.8918484098275705,4.21060382916053,2.84397501600305,0.9942411116047164,0.414,0.01265,0.0,0.0,0.0,0.0,0.0,0.0,0.0,0.0,0.0,0.0,0.014278914802475015,3.912422655878147,24.281294621608765,1.7920038077106144,0.0,0.0,0.0,0.0,0.0,0.0,0.0,0.0,0.0,0.0,0.0,0.0,0.0,0.0,0.0,0.0,nan,nan,4.222834067547724,2.868107822591614,nan,0.414,0.0674,0.0,0.0,0.0,0.0,0.0,0.0,0.0,0.0,0.0,0.0,0.0,0.0,0.0,0.0,0.0,0.0,0.0,0.0,0.0,0.0,4.759638267491671e-05,0.004807234650166588,0.0005711565920990004,0.0,8.329366968110423e-05,0.00024988100904331273,0.0030580675868633984,0.008484055211803903,0.005449785816277963,0.005604474059971442,0.019538315088053308,0.030878153260352214,0.04059971442170395,0.02571394574012375,0.04546644455021418,0.02354831032841504,0.03737505949547834,0.026653974297953357,0.0402546406473108,0.04462160875773441,0.06642075202284627,0.05707996192289386,0.075,0.08008091385054736,0.03581627796287482,0.06370775821037601,0.03856496906235126,0.04030223702998572,0.04306282722513089,0.029557353641123274,0.014909566872917657,0.031734888148500714,0.022941456449309852,0.004593050928129462,0.011268443598286531,0.003700618752974774,0.00188005711565921,0.007508329366968111,0.002617801047120419,0.00019038553069966683,0.005473584007615421,0.0,0.000202284626368396,0.0,0.0,0.0002617801047120419,4.759638267491671e-05,0.0,0.0,0.0,0.0,7.139457401237505e-05,0.0,0.0,0.0,0.0,0.0,0.0,0.0,0.0,0.0,0.0,0.0,0.0,0.0,0.0,0.0,0.0,0.0,0.0,0.0,0.0,0.0,0.0,0.0,0.0,0.0,0.0,0.0,0.0,0.0,nan,nan,4.222834067547724,2.868107822591614,nan,0.9047857643280118,0.022700702672899312,0.0,0.0,0.0,0.0,0.0,0.0,0.0,0.0,0.0,0.0,0.0,0.0,0.0,0.0,0.0,0.0,0.0,0.0,0.0,0.0,0.0,0.0,0.0,0.0,0.01392111368909513,1.3085846867749422,11.039443155452437,14.283062645011604,3.2993039443155463,0.05568445475638052,0.9043081744624512,0.02280315561139063,0.0,0.0,0.0,0.0,0.0,0.0,0.0,0.0,0.0,0.0,0.0,0.0,0.0,0.0,0.0,0.0,0.0,0.0,0.0,0.0,0.0,0.0,0.0,0.0,0.08793356130923304,1.377625793844651,11.328773815339524,14.142647777234982,2.9750854909623845,0.08793356130923304,0.4143,0.01274,0.0,0.0,0.0,0.0,0.0,0.0,0.0,0.0,0.0,0.0,0.02784222737819026,3.8004640371229645,24.292343387471004,1.8793503480278426,0.0,0.0,0.0,0.0,0.0,0.0,0.0,0.0,0.0,0.0,0.0,0.0,0.0,0.0,0.0,0.0,0.414,0.012566,0.0,0.0,0.0,0.0,0.0,0.0,0.0,0.0,0.0,0.0,0.0,4.030288226673174,24.26966292134832,1.7000488519785055,0.0,0.0,0.0,0.0,0.0,0.0,0.0,0.0,0.0,0.0,0.0,0.0,0.0,0.0,0.0,0.0
77700,4209,2183,0.5186505108101687,1019,832,0.4397719173200285,1175,0.5583273936802091,0.4300000000000001,3.102171767028628,3.138136786334503,6.602291325695581,2.024545287349809,8378.600427655025,506.3473746692649,7853.0,8866.4,8866.4,0.0,7853.0,0.0,29.233547160845806,21.295282406617503,33.94345403899722,19.501628538309724,0.13043478260869565,0.08980755523877405,0.0964599667379425,0.08553100498930863,0.07483962936564505,0.07317652649085293,0.06343549536707056,0.06343549536707056,0.06676170111665479,0.05226894749346638,0.05749584224281302,0.04371584699453552,0.031598954621050133,0.02993585174625802,0.02090757899738655,0.011166547873604181,0.009028272748871465,0.9048408561037227,0.02251459793883292,0.0,0.0,0.0,0.0,0.0,0.0,0.0,0.0,0.0,0.0,0.0,0.0,0.0,0.0,0.0,0.0,0.0,0.0,0.0,0.0,0.0,0.0,0.0,0.0,0.007127583749109054,1.339985744832502,11.083392729864578,14.476122594440488,3.0149679258731297,0.07840342124019958,4.379110950487893,2.9254878979220544,nan,nan,nan,4.2780172413793105,2.9567533413428007,4.4825327510917035,2.890666703848966,1.0478061443357936,0.4138,0.012085,0.0,0.0,0.0,0.0,0.0,0.0,0.0,0.0,0.0,0.0,0.007127583749109054,3.8061297220242283,24.661439771917326,1.5253029223093375,0.0,0.0,0.0,0.0,0.0,0.0,0.0,0.0,0.0,0.0,0.0,0.0,0.0,0.0,0.0,0.0,nan,nan,4.379110950487893,2.9254878979220544,nan,0.4138,0.0675,0.0,0.0,0.0,0.0,0.0,0.0,0.0,0.0,0.0,0.0,0.0,0.0,0.0,0.0,0.0,0.0,0.0,0.0,0.0,0.0,0.0002613447374673319,0.004312188168210976,0.000819672131147541,2.3758612497030174e-05,0.00010691375623663578,0.0002494654312188168,0.0032430506058446188,0.008018531717747683,0.005547636018056546,0.005215015443098123,0.020658113566167736,0.030351627464956045,0.04303872653837016,0.02727488714659064,0.04458303635067712,0.021988595866001426,0.03755048705155619,0.025362318840579712,0.03837015918270373,0.04760038013779995,0.07037301021620337,0.05522689474934664,0.07396056070325494,0.07908054169636493,0.03790686623901164,0.0605488239486814,0.03789498693276313,0.036231884057971016,0.04378712283202661,0.032454264670943214,0.016084580660489428,0.03254929912093134,0.02059871703492516,0.0038964124495129483,0.011962461392254693,0.004454739843193158,0.0021382751247327157,0.007780945592777382,0.002316464718460442,0.0004751722499406035,0.005036825849370397,7.127583749109053e-05,0.00022570681872178665,0.0,0.0,0.0002613447374673319,0.00010691375623663578,0.0,0.0,0.0,0.0,0.0,0.0,0.0,0.0,0.0,0.0,0.0,0.0,0.0,0.0,0.0,0.0,0.0,0.0,0.0,0.0,0.0,0.0,0.0,0.0,0.0,0.0,0.0,0.0,0.0,0.0,0.0,0.0,0.0,0.0,nan,nan,4.379110950487893,2.9254878979220544,nan,0.9049653039850121,0.02238608694767087,0.0,0.0,0.0,0.0,0.0,0.0,0.0,0.0,0.0,0.0,0.0,0.0,0.0,0.0,0.0,0.0,0.0,0.0,0.0,0.0,0.0,0.0,0.0,0.0,0.0,1.2230874942739351,11.090242785158042,14.635822262940911,2.9683921209344946,0.08245533669262484,0.9047067644330145,0.02265148635491238,0.0,0.0,0.0,0.0,0.0,0.0,0.0,0.0,0.0,0.0,0.0,0.0,0.0,0.0,0.0,0.0,0.0,0.0,0.0,0.0,0.0,0.0,0.0,0.0,0.014807502467917082,1.465942744323791,11.076011846001975,14.304047384007902,3.065153010858836,0.0740375123395854,0.414,0.01221,0.0,0.0,0.0,0.0,0.0,0.0,0.0,0.0,0.0,0.0,0.013742556115437475,3.6417773705909244,24.681630783325705,1.6628492899679344,0.0,0.0,0.0,0.0,0.0,0.0,0.0,0.0,0.0,0.0,0.0,0.0,0.0,0.0,0.0,0.0,0.4138,0.011955,0.0,0.0,0.0,0.0,0.0,0.0,0.0,0.0,0.0,0.0,0.0,3.983218163869688,24.639684106614023,1.3770977295162885,0.0,0.0,0.0,0.0,0.0,0.0,0.0,0.0,0.0,0.0,0.0,0.0,0.0,0.0,0.0,0.0
77800,4251,2227,0.5238767348859092,1010,853,0.4382498235709245,1196,0.5626911314984709,0.4020000000000001,3.034090909090909,3.0888240249888286,6.547738693467337,2.136815147268229,8383.89668313338,506.12193246819743,7853.0,8866.4,8866.4,0.0,7853.0,0.0,28.50035285815102,21.14084874463525,33.549859943977594,19.29840579858707,0.14043754410726889,0.09809456598447425,0.08915549282521759,0.08021641966596095,0.07974594213126324,0.07715831569042578,0.06186779581274994,0.06939543636791343,0.05575158786167961,0.05669254293107504,0.04751823100446954,0.04398964949423665,0.03599153140437544,0.027522935779816515,0.018819101387908727,0.01058574453069866,0.007057163020465773,0.9060629379942793,0.022365230891581864,0.0,0.0,0.0,0.0,0.0,0.0,0.0,0.0,0.0,0.0,0.0,0.0,0.0,0.0,0.0,0.0,0.0,0.0,0.0,0.0,0.0,0.0,0.0,0.0,0.0,1.1150317572335924,10.705716302046579,14.820042342978127,3.2321806633733248,0.12702893436838394,4.267753623188406,2.832851412923781,nan,nan,nan,4.246366279069767,2.783553472740749,4.290672451193059,2.881254355793125,1.0104339025914169,0.4136,0.01249,0.0,0.0,0.0,0.0,0.0,0.0,0.0,0.0,0.0,0.0,0.007057163020465774,4.149611856033868,24.11432604093155,1.7290049400141148,0.0,0.0,0.0,0.0,0.0,0.0,0.0,0.0,0.0,0.0,0.0,0.0,0.0,0.0,0.0,0.0,nan,nan,4.267753623188406,2.832851412923781,nan,0.4136,0.06805,0.0,0.0,0.0,0.0,0.0,0.0,0.0,0.0,0.0,0.0,0.0,0.0,0.0,0.0,0.0,0.0,0.0,0.0,0.0,0.0,0.0002822865208186309,0.004328393319219007,0.00103505057633498,0.0,0.00011761938367442955,0.00014114326040931546,0.0026581980710421076,0.007868736767819337,0.008033403904963538,0.005104681251470242,0.02221830157609974,0.03222771112679369,0.04168430957421783,0.025711597271230298,0.04417784050811574,0.02281816043283933,0.038520348153375676,0.024735356386732535,0.03546224417784051,0.04980004704775347,0.06677252411197365,0.05410491649023759,0.0725358739120207,0.08168666196189132,0.04062573512114796,0.06116207951070336,0.0384733003999059,0.035038814396612564,0.04360150552811103,0.03120442248882616,0.016666666666666666,0.030945659844742415,0.018877911079745943,0.004293107504116678,0.01253822629969419,0.005281110326981886,0.0030228181604328394,0.007657021877205364,0.0017290049400141144,0.000258762644083745,0.005633968478005175,0.00034109621265584567,0.0001293813220418725,0.0,0.0,0.00027052458245118793,0.00022347682898141613,0.0,0.0,0.0,0.0,0.0,0.0,0.0,0.0,0.0,0.0,0.0,0.0,0.0,0.0,0.0,0.0,0.0,0.0,0.0,0.0,0.0,0.0,0.0,0.0,0.0,0.0,0.0,0.0,0.0,0.0,0.0,0.0,0.0,0.0,nan,nan,4.267753623188406,2.832851412923781,nan,0.9060573900661288,0.02210132706119271,0.0,0.0,0.0,0.0,0.0,0.0,0.0,0.0,0.0,0.0,0.0,0.0,0.0,0.0,0.0,0.0,0.0,0.0,0.0,0.0,0.0,0.0,0.0,0.0,0.0,1.0103277952402336,10.871127076784914,14.8450830713965,3.1926358329591387,0.08082622361921869,0.9060690423598874,0.022652049463403205,0.0,0.0,0.0,0.0,0.0,0.0,0.0,0.0,0.0,0.0,0.0,0.0,0.0,0.0,0.0,0.0,0.0,0.0,0.0,0.0,0.0,0.0,0.0,0.0,0.0,1.2302371541501977,10.523715415019765,14.792490118577078,3.275691699604744,0.17786561264822137,0.4138,0.01239,0.0,0.0,0.0,0.0,0.0,0.0,0.0,0.0,0.0,0.0,0.013471037269869783,3.9874270318814493,24.24786708576561,1.7512348450830717,0.0,0.0,0.0,0.0,0.0,0.0,0.0,0.0,0.0,0.0,0.0,0.0,0.0,0.0,0.0,0.0,0.4136,0.0126,0.0,0.0,0.0,0.0,0.0,0.0,0.0,0.0,0.0,0.0,0.0,4.3280632411067135,23.967391304347828,1.704545454545455,0.0,0.0,0.0,0.0,0.0,0.0,0.0,0.0,0.0,0.0,0.0,0.0,0.0,0.0,0.0,0.0
77900,4094,2087,0.5097703957010259,982,824,0.441133365901319,1130,0.5520273571079629,0.4260000000000001,2.890881913303438,3.116657525306806,6.640977443609023,2.2091856645024404,8369.60131900342,506.60325095876794,7853.0,8866.4,8866.399999999998,1.8189894035458565e-12,7853.0,0.0,28.04494382022472,21.13760098641607,33.04047757716948,19.423096069501742,0.13922813873961895,0.09990229604298974,0.09428431851489985,0.09110893991206644,0.07791890571568148,0.07278944797264289,0.071323888617489,0.05959941377625794,0.05227161700048852,0.054469956033219344,0.04738641914997557,0.03932584269662921,0.035417684416218856,0.024425989252564728,0.021739130434782608,0.01074743527112848,0.00806057645334636,0.9070299579914337,0.0223934033712567,0.0,0.0,0.0,0.0,0.0,0.0,0.0,0.0,0.0,0.0,0.0,0.0,0.0,0.0,0.0,0.0,0.0,0.0,0.0,0.0,0.0,0.0,0.0,0.0,0.0,1.0698583292623354,10.310210063507574,15.007327796775773,3.502686858817783,0.1099169516365413,4.245627376425856,2.920709111956372,nan,nan,nan,4.181680545041635,2.8961846353837943,4.310160427807487,2.9438435022184826,1.0307244614651865,0.413,0.01269,0.0,0.0,0.0,0.0,0.0,0.0,0.0,0.0,0.0,0.0,0.00732779677576942,4.645823155837804,23.793356130923307,1.5534929164631173,0.0,0.0,0.0,0.0,0.0,0.0,0.0,0.0,0.0,0.0,0.0,0.0,0.0,0.0,0.0,0.0,nan,nan,4.245627376425856,2.920709111956372,nan,0.413,0.068,0.0,0.0,0.0,0.0,0.0,0.0,0.0,0.0,0.0,0.0,0.0,0.0,0.0,0.0,0.0,0.0,0.0,0.0,0.0,2.442598925256473e-05,0.00017098192476795311,0.00470200293111871,0.0009159745969711773,0.0,2.442598925256473e-05,0.0002442598925256473,0.00289447972642892,0.007743038593063019,0.009880312652662433,0.004250122129946263,0.022239863214460184,0.0315095261358085,0.04280654616511969,0.02608695652173913,0.043478260869565216,0.021714704445530045,0.04125549584758183,0.02675867122618466,0.03680996580361505,0.05212506106497313,0.06329995114802149,0.05409135319980459,0.07055446995603322,0.078114313629702,0.03941133365901319,0.062371763556424036,0.037994626282364434,0.03556424035173424,0.04364924279433317,0.03312164142647777,0.017391304347826087,0.03149731314118222,0.018307278944797264,0.005508060576453346,0.011138251099169516,0.00470200293111871,0.0029311187103077674,0.006643869076697606,0.0015632633121641427,0.0005740107474352711,0.004726428920371275,0.00029311187103077673,0.00029311187103077673,0.0,1.2212994626282365e-05,0.0003786028334147533,0.00023204689789936493,0.0,0.0,0.0,0.0,0.0,0.0,0.0,0.0,0.0,0.0,0.0,0.0,0.0,0.0,0.0,0.0,0.0,0.0,0.0,0.0,0.0,0.0,0.0,0.0,0.0,0.0,0.0,0.0,0.0,0.0,0.0,0.0,0.0,0.0,nan,nan,4.245627376425856,2.920709111956372,nan,0.907073601473446,0.02235897273770764,0.0,0.0,0.0,0.0,0.0,0.0,0.0,0.0,0.0,0.0,0.0,0.0,0.0,0.0,0.0,0.0,0.0,0.0,0.0,0.0,0.0,0.0,0.0,0.0,0.0,1.0349784379492095,10.220412074748445,15.150934355534263,3.4786775275515103,0.11499760421657886,0.9069845748589178,0.022429060302271386,0.0,0.0,0.0,0.0,0.0,0.0,0.0,0.0,0.0,0.0,0.0,0.0,0.0,0.0,0.0,0.0,0.0,0.0,0.0,0.0,0.0,0.0,0.0,0.0,0.0,1.1061285500747386,10.40358744394619,14.857997010463382,3.5276532137518695,0.10463378176382664,0.4133,0.01268,0.0,0.0,0.0,0.0,0.0,0.0,0.0,0.0,0.0,0.0,0.014374700527072357,4.772400574988014,23.818878773358897,1.3943459511260183,0.0,0.0,0.0,0.0,0.0,0.0,0.0,0.0,0.0,0.0,0.0,0.0,0.0,0.0,0.0,0.0,0.4128,0.01268,0.0,0.0,0.0,0.0,0.0,0.0,0.0,0.0,0.0,0.0,0.0,4.514200298953656,23.76681614349776,1.7189835575485803,0.0,0.0,0.0,0.0,0.0,0.0,0.0,0.0,0.0,0.0,0.0,0.0,0.0,0.0,0.0,0.0
78000,4420,2269,0.5133484162895927,1053,915,0.4452488687782805,1284,0.5809954751131222,0.39000000000000007,3.0399814039981403,3.0317214592748605,6.338095238095238,2.079753386740809,8373.227285067873,506.51939998255966,7853.0,8866.4,8866.4,0.0,7853.0,0.0,28.119909502262445,20.98188427823186,33.1839546191248,19.161133442993368,0.1420814479638009,0.09660633484162896,0.09457013574660633,0.08257918552036199,0.08144796380090498,0.07149321266968325,0.06809954751131221,0.07126696832579185,0.06063348416289593,0.049773755656108594,0.04796380090497738,0.03597285067873303,0.03144796380090498,0.02669683257918552,0.019457013574660634,0.013574660633484163,0.006334841628959276,0.9070317332965756,0.022602180117862844,0.0,0.0,0.0,0.0,0.0,0.0,0.0,0.0,0.0,0.0,0.0,0.0,0.0,0.0,0.0,0.0,0.0,0.0,0.0,0.0,0.0,0.0,0.0,0.0,0.02036199095022625,0.9977375565610862,10.350678733031677,14.89140271493213,3.6244343891402724,0.1153846153846154,4.347353662811076,2.829094529535324,nan,nan,nan,4.357791754018169,2.8052076238093924,4.336849507735583,2.8528921695745653,0.9951942985198234,0.413,0.01245,0.0,0.0,0.0,0.0,0.0,0.0,0.0,0.0,0.0,0.0,0.0,4.52036199095022,24.02036199095023,1.4592760180995479,0.0,0.0,0.0,0.0,0.0,0.0,0.0,0.0,0.0,0.0,0.0,0.0,0.0,0.0,0.0,0.0,nan,nan,4.347353662811076,2.829094529535324,nan,0.413,0.06775,0.0,0.0,0.0,0.0,0.0,0.0,0.0,0.0,0.0,0.0,0.0,0.0,0.0,0.0,0.0,0.0,0.0,0.0,0.0,0.0,0.0001244343891402715,0.004581447963800905,0.0012104072398190044,0.0,0.0,0.0003506787330316742,0.00251131221719457,0.007126696832579185,0.010554298642533936,0.004807692307692308,0.021481900452488687,0.031368778280542985,0.04496606334841629,0.02565610859728507,0.045203619909502266,0.020294117647058824,0.03742081447963801,0.026583710407239818,0.036447963800904974,0.05406108597285068,0.06041855203619909,0.05721719457013574,0.06821266968325791,0.07866515837104072,0.040418552036199096,0.06345022624434389,0.039932126696832576,0.034660633484162894,0.04548642533936652,0.030542986425339366,0.018687782805429865,0.03260180995475113,0.018223981900452487,0.004728506787330317,0.009536199095022624,0.005972850678733032,0.002986425339366516,0.006832579185520362,0.0012669683257918551,0.00033936651583710406,0.004061085972850678,0.00011312217194570136,0.0001923076923076923,0.0,0.0001244343891402715,0.00023755656108597286,0.00033936651583710406,0.0,0.0,0.0,0.0,0.0,0.0,0.0,0.0,0.0,0.0,0.0,0.0,0.0,0.0,0.0,0.0,0.0,0.0,0.0,0.0,0.0,0.0,0.0,0.0,0.0,0.0,0.0,0.0,0.0,0.0,0.0,0.0,0.0,0.0,nan,nan,4.347353662811076,2.829094529535324,nan,0.9074683083527516,0.022718714298745578,0.0,0.0,0.0,0.0,0.0,0.0,0.0,0.0,0.0,0.0,0.0,0.0,0.0,0.0,0.0,0.0,0.0,0.0,0.0,0.0,0.0,0.0,0.0,0.0,0.013221683561040108,0.9387395328338477,10.392243278977524,14.62318201851036,3.9268400176289124,0.10577346848832087,0.9065712085162579,0.022469406892791442,0.0,0.0,0.0,0.0,0.0,0.0,0.0,0.0,0.0,0.0,0.0,0.0,0.0,0.0,0.0,0.0,0.0,0.0,0.0,0.0,0.0,0.0,0.0,0.0,0.027894002789400286,1.0599721059972107,10.306834030683405,15.174337517433756,3.305439330543934,0.12552301255230128,0.413,0.01264,0.0,0.0,0.0,0.0,0.0,0.0,0.0,0.0,0.0,0.0,0.0,4.508594094314669,24.02379903040988,1.467606875275452,0.0,0.0,0.0,0.0,0.0,0.0,0.0,0.0,0.0,0.0,0.0,0.0,0.0,0.0,0.0,0.0,0.413,0.01225,0.0,0.0,0.0,0.0,0.0,0.0,0.0,0.0,0.0,0.0,0.0,4.532775453277538,24.016736401673647,1.450488145048815,0.0,0.0,0.0,0.0,0.0,0.0,0.0,0.0,0.0,0.0,0.0,0.0,0.0,0.0,0.0,0.0
78100,4442,2286,0.514633048176497,1106,924,0.4570013507429086,1285,0.5785682125168843,0.38200000000000006,2.958256029684601,3.0007917201025154,6.409385113268608,2.0650527024716596,8374.529131022062,506.4829581270532,7853.0,8866.4,8866.4,0.0,7853.0,0.0,28.15871229176047,20.546195015963864,32.89888238424694,18.774250418951777,0.13237280504277352,0.09905447996398019,0.09117514633048177,0.08284556506078343,0.08059432687978388,0.08217019360648356,0.0769923457901846,0.06416028815848716,0.05853219270598829,0.05065285907248987,0.04885186852769023,0.04254840162089149,0.030166591625393965,0.027465105808194508,0.017109410175596577,0.009680324178298064,0.005628095452498875,0.9065568111384038,0.02269656976668455,0.0,0.0,0.0,0.0,0.0,0.0,0.0,0.0,0.0,0.0,0.0,0.0,0.0,0.0,0.0,0.0,0.0,0.0,0.0,0.0,0.0,0.0,0.0,0.0,0.013507429085997301,1.1954074741107612,10.326429536244936,14.912201710941021,3.4173795587573172,0.13507429085997302,4.24793388429752,2.837997756932867,nan,nan,nan,4.3276216586703224,2.8965954404113186,4.167474048442907,2.775257870780032,0.9629940824640799,0.4126,0.01285,0.0,0.0,0.0,0.0,0.0,0.0,0.0,0.0,0.0,0.0,0.0,5.004502476361992,23.462404322377314,1.5330932012606937,0.0,0.0,0.0,0.0,0.0,0.0,0.0,0.0,0.0,0.0,0.0,0.0,0.0,0.0,0.0,0.0,nan,nan,4.24793388429752,2.837997756932867,nan,0.4126,0.06805,0.0,0.0,0.0,0.0,0.0,0.0,0.0,0.0,0.0,0.0,0.0,0.0,0.0,0.0,0.0,0.0,0.0,0.0,0.0,0.0,6.75371454299865e-05,0.005391715443493921,0.0009680324178298064,1.1256190904997748e-05,0.0,0.0005853219270598829,0.0026564610535794687,0.005965781179648807,0.011076091850517784,0.004558757316524088,0.019585772174696082,0.03230526789734354,0.045317424583520935,0.027780279153534444,0.04680324178298064,0.02190454750112562,0.037325529040972534,0.027082395317424582,0.03789959477712742,0.05605583070688879,0.05613462404322377,0.05711391265195858,0.07089149031967582,0.07829806393516434,0.038462404322377304,0.061458802341287706,0.039013957676722194,0.03394867176947321,0.04482215218370104,0.029266096352994146,0.01815623592976137,0.03482665466006304,0.017210715893741558,0.004705087798289059,0.008385862224223323,0.00589824403421882,0.00395092300765421,0.006787483115713642,0.0014070238631247187,0.00022512381809995497,0.004311121116614138,7.879333633498424e-05,0.00030391715443493924,0.0,0.000270148581719946,0.0002814047726249437,0.00045024763619990995,0.0,0.0,0.0,0.0,0.0,0.0,0.0,0.0,0.0,0.0,0.0,0.0,0.0,0.0,0.0,0.0,0.0,0.0,0.0,0.0,0.0,0.0,0.0,0.0,0.0,0.0,0.0,0.0,0.0,0.0,0.0,0.0,0.0,0.0,nan,nan,4.24793388429752,2.837997756932867,nan,0.9065002873605109,0.0226691736408797,0.0,0.0,0.0,0.0,0.0,0.0,0.0,0.0,0.0,0.0,0.0,0.0,0.0,0.0,0.0,0.0,0.0,0.0,0.0,0.0,0.0,0.0,0.0,0.0,0.013123359580052497,1.1811023622047245,10.183727034120736,15.104986876640423,3.412073490813649,0.10498687664041997,0.9066167431218284,0.02272542815951828,0.0,0.0,0.0,0.0,0.0,0.0,0.0,0.0,0.0,0.0,0.0,0.0,0.0,0.0,0.0,0.0,0.0,0.0,0.0,0.0,0.0,0.0,0.0,0.0,0.013914656771799632,1.210575139146568,10.477736549165122,14.707792207792211,3.4230055658627094,0.16697588126159557,0.4126,0.01289,0.0,0.0,0.0,0.0,0.0,0.0,0.0,0.0,0.0,0.0,0.0,5.078740157480308,23.464566929133866,1.456692913385827,0.0,0.0,0.0,0.0,0.0,0.0,0.0,0.0,0.0,0.0,0.0,0.0,0.0,0.0,0.0,0.0,0.4126,0.012794,0.0,0.0,0.0,0.0,0.0,0.0,0.0,0.0,0.0,0.0,0.0,4.925788497217062,23.46011131725418,1.6141001855287573,0.0,0.0,0.0,0.0,0.0,0.0,0.0,0.0,0.0,0.0,0.0,0.0,0.0,0.0,0.0,0.0
78200,4085,2152,0.5268053855569156,1016,793,0.4428396572827417,1109,0.5429620563035495,0.4340000000000001,3.0863942058975686,3.193741630354018,6.713793103448276,2.133674851280513,8386.864577723378,505.97131906572565,7853.0,8866.4,8866.399999999998,1.8189894035458565e-12,7853.0,0.0,28.828641370869033,21.22716239269691,33.88594704684318,19.33171599485921,0.13929008567931456,0.08886168910648715,0.09179926560587515,0.08421052631578947,0.08004895960832313,0.0751529987760098,0.06976744186046512,0.05997552019583843,0.05605875152998776,0.053365973072215425,0.05238678090575275,0.04332925336597307,0.0394124847001224,0.031578947368421054,0.018849449204406364,0.007833537331701347,0.008078335373317013,0.907691441332258,0.02248504290184123,0.0,0.0,0.0,0.0,0.0,0.0,0.0,0.0,0.0,0.0,0.0,0.0,0.0,0.0,0.0,0.0,0.0,0.0,0.0,0.0,0.0,0.0,0.0,0.0,0.007343941248470014,1.035495716034272,9.921664626682988,15.18727050183599,3.694002447980417,0.1542227662178703,4.162453531598513,2.906729009399748,nan,nan,nan,4.129271916790491,2.911460508589226,4.19210722263589,2.899718364705276,1.0152170424015667,0.4119,0.01203,0.0,0.0,0.0,0.0,0.0,0.0,0.0,0.0,0.0,0.0,0.0,4.971848225214191,24.022031823745415,1.006119951040392,0.0,0.0,0.0,0.0,0.0,0.0,0.0,0.0,0.0,0.0,0.0,0.0,0.0,0.0,0.0,0.0,nan,nan,4.162453531598513,2.906729009399748,nan,0.4119,0.0686,0.0,0.0,0.0,0.0,0.0,0.0,0.0,0.0,0.0,0.0,0.0,0.0,0.0,0.0,0.0,0.0,0.0,0.0,0.0,0.0,0.00017135862913096695,0.006119951040391677,0.001175030599755202,0.0,0.0,0.0007099143206854346,0.003011015911872705,0.005275397796817625,0.01138310893512852,0.004418604651162791,0.020820073439412484,0.033255813953488374,0.04769889840881273,0.02689106487148103,0.048200734394124846,0.020563035495716035,0.03900856793145655,0.026768665850673196,0.03552019583843329,0.05307221542227662,0.05572827417380661,0.05673194614443085,0.0703671970624235,0.0780905752753978,0.04055079559363525,0.06357405140758873,0.03893512851897185,0.03456548347613219,0.04339045287637699,0.029216646266829866,0.016413708690330476,0.034259485924112605,0.017637698898408813,0.004565483476132191,0.008188494492044065,0.005716034271725826,0.003635250917992656,0.006682986536107711,0.001003671970624235,0.0001835985312117503,0.004712362301101591,8.567931456548347e-05,0.0003549571603427173,0.0,0.0003059975520195838,0.00023255813953488373,0.0008078335373317014,0.0,0.0,0.0,0.0,0.0,0.0,0.0,0.0,0.0,0.0,0.0,0.0,0.0,0.0,0.0,0.0,0.0,0.0,0.0,0.0,0.0,0.0,0.0,0.0,0.0,0.0,0.0,0.0,0.0,0.0,0.0,0.0,0.0,0.0,nan,nan,4.162453531598513,2.906729009399748,nan,0.9080415382759722,0.022463207201651923,0.0,0.0,0.0,0.0,0.0,0.0,0.0,0.0,0.0,0.0,0.0,0.0,0.0,0.0,0.0,0.0,0.0,0.0,0.0,0.0,0.0,0.0,0.0,0.0,0.0,0.9479553903345727,9.897769516728626,15.18122676579926,3.7778810408921943,0.1951672862453532,0.9073016800167519,0.022502921131544982,0.0,0.0,0.0,0.0,0.0,0.0,0.0,0.0,0.0,0.0,0.0,0.0,0.0,0.0,0.0,0.0,0.0,0.0,0.0,0.0,0.0,0.0,0.0,0.0,0.015519917227108125,1.1329539575788932,9.948266942576309,15.193998965338855,3.600620796689085,0.10863942058975688,0.4119,0.01211,0.0,0.0,0.0,0.0,0.0,0.0,0.0,0.0,0.0,0.0,0.0,5.185873605947948,23.7825278810409,1.0315985130111527,0.0,0.0,0.0,0.0,0.0,0.0,0.0,0.0,0.0,0.0,0.0,0.0,0.0,0.0,0.0,0.0,0.4119,0.011955,0.0,0.0,0.0,0.0,0.0,0.0,0.0,0.0,0.0,0.0,0.0,4.733574754267971,24.288670460424214,0.9777547853078119,0.0,0.0,0.0,0.0,0.0,0.0,0.0,0.0,0.0,0.0,0.0,0.0,0.0,0.0,0.0,0.0
78300,4302,2248,0.5225476522547652,1087,866,0.45397489539748953,1174,0.5457926545792655,0.4220000000000001,2.951801363193768,3.1088832372636235,6.588339222614841,2.2214355014377882,8382.54979079498,506.1845286658073,7853.0,8866.4,8866.4,0.0,7853.0,0.0,28.02510460251046,20.794568055153295,32.93285437966289,19.01934475439425,0.1397024639702464,0.09483960948396095,0.09065550906555091,0.08716875871687588,0.08414690841469084,0.08089260808926081,0.06764295676429567,0.06810785681078568,0.05230125523012552,0.05369595536959554,0.04625755462575546,0.03905160390516039,0.03579730357973036,0.0199907019990702,0.02394235239423524,0.0099953509995351,0.005811250581125058,0.9076610528026166,0.022359784760841012,0.0,0.0,0.0,0.0,0.0,0.0,0.0,0.0,0.0,0.0,0.0,0.0,0.0,0.0,0.0,0.0,0.0,0.0,0.0,0.0,0.0,0.0,0.0,0.0,0.0069735006973500714,0.98326359832636,9.8326359832636,15.495118549511858,3.521617852161786,0.16039051603905163,4.120042872454448,2.9208729794494035,nan,nan,nan,4.174468085106383,2.938987239452102,4.064794816414687,2.9013251939184377,0.9737276063786456,0.4111,0.012535,0.0,0.0,0.0,0.0,0.0,0.0,0.0,0.0,0.0,0.0,0.013947001394700143,5.88563458856345,23.00557880055789,1.0948396094839612,0.0,0.0,0.0,0.0,0.0,0.0,0.0,0.0,0.0,0.0,0.0,0.0,0.0,0.0,0.0,0.0,nan,nan,4.120042872454448,2.9208729794494035,nan,0.4111,0.06866,0.0,0.0,0.0,0.0,0.0,0.0,0.0,0.0,0.0,0.0,0.0,0.0,0.0,0.0,0.0,0.0,0.0,0.0,0.0,0.0,1.1622501162250117e-05,0.006624825662482566,0.0010808926080892608,1.1622501162250117e-05,0.0,0.0006276150627615063,0.0039748953974895395,0.004846582984658299,0.011320316132031613,0.004834960483496048,0.021594607159460717,0.032810320781032076,0.04556020455602046,0.03004416550441655,0.04897721989772199,0.0201534170153417,0.0402138540213854,0.028649465364946537,0.034681543468154344,0.055253370525337055,0.05560204556020456,0.054311947931194794,0.06835192933519293,0.07745234774523478,0.04149232914923291,0.06462110646211065,0.039597861459786145,0.03243840074384007,0.044514179451417946,0.02884704788470479,0.017259414225941423,0.031462110646211065,0.018282194328219432,0.004346815434681544,0.007612738261273826,0.005055788005578801,0.003312412831241283,0.005927475592747559,0.0005695025569502557,0.000302185030218503,0.005381218038121804,8.135750813575082e-05,0.0003602975360297536,0.0,0.00041841004184100416,0.0002208275220827522,0.0009065550906555091,0.0,0.0,0.0,0.0,0.0,0.0,0.0,0.0,0.0,0.0,0.0,0.0,0.0,0.0,0.0,0.0,0.0,0.0,0.0,0.0,0.0,0.0,0.0,0.0,0.0,0.0,0.0,0.0,0.0,0.0,0.0,0.0,0.0,0.0,nan,nan,4.120042872454448,2.9208729794494035,nan,0.9075131046973514,0.022322548652645165,0.0,0.0,0.0,0.0,0.0,0.0,0.0,0.0,0.0,0.0,0.0,0.0,0.0,0.0,0.0,0.0,0.0,0.0,0.0,0.0,0.0,0.0,0.0,0.0,0.01334519572953737,0.9741992882562279,9.88879003558719,15.440391459074736,3.509786476868328,0.17348754448398582,0.9078229745848153,0.0223993468962011,0.0,0.0,0.0,0.0,0.0,0.0,0.0,0.0,0.0,0.0,0.0,0.0,0.0,0.0,0.0,0.0,0.0,0.0,0.0,0.0,0.0,0.0,0.0,0.0,0.0,0.9931840311587149,9.77117818889971,15.555014605647521,3.534566699123662,0.14605647517039924,0.4106,0.01269,0.0,0.0,0.0,0.0,0.0,0.0,0.0,0.0,0.0,0.0,0.01334519572953737,6.312277580071165,22.59341637010677,1.0809608540925268,0.0,0.0,0.0,0.0,0.0,0.0,0.0,0.0,0.0,0.0,0.0,0.0,0.0,0.0,0.0,0.0,0.4116,0.01234,0.0,0.0,0.0,0.0,0.0,0.0,0.0,0.0,0.0,0.0,0.014605647517039926,5.418695228821803,23.45666991236612,1.1100292112950343,0.0,0.0,0.0,0.0,0.0,0.0,0.0,0.0,0.0,0.0,0.0,0.0,0.0,0.0,0.0,0.0
78400,4822,2462,0.510576524263791,1156,1007,0.4485690584819577,1370,0.5682289506428868,0.4060000000000001,3.008050847457627,3.188222967787823,6.8171875,2.227530491338727,8370.418249688924,506.5866254882828,7853.0,8866.4,8866.4,0.0,7853.0,0.0,27.11157196184156,20.528783115058115,32.21063139505865,18.779055199232868,0.14413106594773953,0.10410618000829532,0.09871422646204894,0.08710078805474906,0.07818332642057238,0.07569473247615098,0.0752799668187474,0.060348403152218996,0.055993363749481544,0.05454168394856906,0.04126918291165491,0.03774367482372459,0.030692658647863958,0.025715470759021152,0.01721277478224803,0.007465781833264205,0.005806719203649938,0.907484870995787,0.022370770454821626,0.0,0.0,0.0,0.0,0.0,0.0,0.0,0.0,0.0,0.0,0.0,0.0,0.0,0.0,0.0,0.0,0.0,0.0,0.0,0.0,0.0,0.0,0.0,0.0,0.0062214848610535065,1.1074243052675241,9.873496474491914,15.267523849025304,3.639568643716301,0.10576524263790961,4.373647984267453,2.978016322755061,nan,nan,nan,4.356538711776188,2.956045027221022,4.3910171730515195,3.000057004473111,1.0079141868249977,0.41,0.01264,0.0,0.0,0.0,0.0,0.0,0.0,0.0,0.0,0.0,0.0,0.012442969722107013,6.414350891746154,22.633761924512655,0.9394442140190794,0.0,0.0,0.0,0.0,0.0,0.0,0.0,0.0,0.0,0.0,0.0,0.0,0.0,0.0,0.0,0.0,nan,nan,4.373647984267453,2.978016322755061,nan,0.41,0.0688,0.0,0.0,0.0,0.0,0.0,0.0,0.0,0.0,0.0,0.0,0.0,0.0,0.0,0.0,0.0,0.0,0.0,0.0,0.0,0.0,0.0,0.007227291580257155,0.0007984238905018664,1.0369141435089174e-05,5.184570717544587e-05,0.0004355039402737453,0.004261717129821651,0.004386146827042721,0.013106594773952717,0.004500207382828702,0.021526337619245127,0.03288054749066777,0.047698050601410205,0.03298423890501866,0.04944006636250518,0.019690999585234344,0.03981750311074243,0.027737453338863544,0.03558689340522605,0.05077768560763169,0.05708212360016591,0.055226047283284944,0.07081086686022398,0.07788262131895479,0.0392679386146827,0.06387391124014932,0.03976565740356698,0.03208212360016591,0.043260058067192034,0.028598092077975944,0.01721277478224803,0.03149108253836582,0.017098714226462048,0.0040647034425549565,0.007351721277478225,0.005817088345085027,0.003038158440481128,0.004946080464537536,0.0007362090418913314,0.0003421816673579428,0.004842389050186645,2.0738282870178348e-05,0.00041476565740356696,0.0,0.0006947324761509746,0.0002799668187474077,0.0008813770219825798,0.0,0.0,0.0,0.0,0.0,0.0,0.0,0.0,0.0,0.0,0.0,0.0,0.0,0.0,0.0,0.0,0.0,0.0,0.0,0.0,0.0,0.0,0.0,0.0,0.0,0.0,0.0,0.0,0.0,0.0,0.0,0.0,0.0,0.0,nan,nan,4.373647984267453,2.978016322755061,nan,0.9070795749765794,0.02272366637351756,0.0,0.0,0.0,0.0,0.0,0.0,0.0,0.0,0.0,0.0,0.0,0.0,0.0,0.0,0.0,0.0,0.0,0.0,0.0,0.0,0.0,0.0,0.0,0.0,0.012185215272136478,1.230706742485784,10.004061738424049,14.890333062550775,3.753046303818035,0.1096669374492283,0.9079076840463332,0.02198862887210674,0.0,0.0,0.0,0.0,0.0,0.0,0.0,0.0,0.0,0.0,0.0,0.0,0.0,0.0,0.0,0.0,0.0,0.0,0.0,0.0,0.0,0.0,0.0,0.0,0.0,0.9788135593220341,9.737288135593221,15.661016949152545,3.5211864406779667,0.10169491525423731,0.4104,0.01255,0.0,0.0,0.0,0.0,0.0,0.0,0.0,0.0,0.0,0.0,0.012185215272136478,6.287571080422412,22.774167343623077,0.9260763606823722,0.0,0.0,0.0,0.0,0.0,0.0,0.0,0.0,0.0,0.0,0.0,0.0,0.0,0.0,0.0,0.0,0.4097,0.01273,0.0,0.0,0.0,0.0,0.0,0.0,0.0,0.0,0.0,0.0,0.012711864406779664,6.546610169491516,22.487288135593225,0.9533898305084748,0.0,0.0,0.0,0.0,0.0,0.0,0.0,0.0,0.0,0.0,0.0,0.0,0.0,0.0,0.0,0.0
78500,4872,2552,0.5238095238095238,1187,982,0.44519704433497537,1353,0.5554187192118226,0.4020000000000001,3.018965517241379,3.0332329910709603,6.406705539358601,2.08895790364609,8383.828571428572,506.1251841598244,7853.0,8866.4,8866.4,0.0,7853.0,0.0,28.55849753694581,21.041856247184317,33.307115198451115,19.313854947585956,0.13279967159277503,0.09954844006568145,0.09523809523809523,0.08025451559934318,0.07717569786535304,0.07881773399014778,0.06999178981937602,0.06260262725779968,0.05808702791461412,0.05521346469622332,0.047619047619047616,0.04043513957307061,0.0361247947454844,0.027914614121510674,0.020114942528735632,0.010673234811165846,0.007389162561576354,0.9056075673018184,0.022852905211527004,0.0,0.0,0.0,0.0,0.0,0.0,0.0,0.0,0.0,0.0,0.0,0.0,0.0,0.0,0.0,0.0,0.0,0.0,0.0,0.0,0.0,0.0,0.0,0.0,0.03694581280788178,1.3793103448275865,10.529556650246308,14.710591133004929,3.214285714285715,0.12931034482758624,4.1767676767676765,2.774398771262976,nan,nan,nan,4.124293785310734,2.7511784646674164,4.22984126984127,2.7966870945751987,1.0255916503587736,0.411,0.0127,0.0,0.0,0.0,0.0,0.0,0.0,0.0,0.0,0.0,0.0,0.012315270935960593,5.985221674876838,22.80788177339902,1.1945812807881775,0.0,0.0,0.0,0.0,0.0,0.0,0.0,0.0,0.0,0.0,0.0,0.0,0.0,0.0,0.0,0.0,nan,nan,4.1767676767676765,2.774398771262976,nan,0.411,0.0688,0.0,0.0,0.0,0.0,0.0,0.0,0.0,0.0,0.0,0.0,0.0,0.0,0.0,0.0,0.0,0.0,0.0,0.0,0.0,0.0,0.0,0.006722085385878489,0.0010467980295566501,0.0,0.0001539408866995074,0.0006260262725779968,0.0034380131362889985,0.004115353037766831,0.012633415435139572,0.0047413793103448275,0.02105911330049261,0.031126847290640393,0.04753694581280788,0.03218390804597701,0.05047208538587849,0.020494663382594418,0.0375,0.028263546798029556,0.034657224958949094,0.05305829228243021,0.05682471264367816,0.053633004926108375,0.07281403940886699,0.07870484400656814,0.0375923645320197,0.06607142857142857,0.041389573070607553,0.029464285714285714,0.04349343185550082,0.028006978653530377,0.017426108374384238,0.03350779967159277,0.017005336617405584,0.0038895730706075536,0.007430213464696223,0.006055008210180624,0.0021449096880131364,0.005192939244663383,0.0007286535303776683,0.0003284072249589491,0.006003694581280788,0.0,0.00041050903119868636,0.0,0.0006876026272577997,0.0005233990147783251,0.0008415435139573071,0.0,0.0,0.0,0.0,0.0,0.0,0.0,0.0,0.0,0.0,0.0,0.0,0.0,0.0,0.0,0.0,0.0,0.0,0.0,0.0,0.0,0.0,0.0,0.0,0.0,0.0,0.0,0.0,0.0,0.0,0.0,0.0,0.0,0.0,nan,nan,4.1767676767676765,2.774398771262976,nan,0.9053111820245238,0.022747663502656945,0.0,0.0,0.0,0.0,0.0,0.0,0.0,0.0,0.0,0.0,0.0,0.0,0.0,0.0,0.0,0.0,0.0,0.0,0.0,0.0,0.0,0.0,0.0,0.0,0.03526645768025079,1.363636363636364,10.967868338557997,14.388714733542322,3.1152037617554864,0.12931034482758622,0.9059335911068424,0.022963696270077237,0.0,0.0,0.0,0.0,0.0,0.0,0.0,0.0,0.0,0.0,0.0,0.0,0.0,0.0,0.0,0.0,0.0,0.0,0.0,0.0,0.0,0.0,0.0,0.0,0.03879310344827587,1.3965517241379315,10.04741379310345,15.064655172413795,3.323275862068966,0.12931034482758624,0.4106,0.0128,0.0,0.0,0.0,0.0,0.0,0.0,0.0,0.0,0.0,0.0,0.02351097178683386,6.136363636363628,22.723354231974927,1.1167711598746084,0.0,0.0,0.0,0.0,0.0,0.0,0.0,0.0,0.0,0.0,0.0,0.0,0.0,0.0,0.0,0.0,0.4111,0.01259,0.0,0.0,0.0,0.0,0.0,0.0,0.0,0.0,0.0,0.0,0.0,5.818965517241371,22.900862068965523,1.2801724137931036,0.0,0.0,0.0,0.0,0.0,0.0,0.0,0.0,0.0,0.0,0.0,0.0,0.0,0.0,0.0,0.0
78600,4844,2529,0.5220891824938068,1191,953,0.4426094137076796,1341,0.5536746490503716,0.4020000000000001,2.976241900647948,3.109776495308197,6.601526717557252,2.1103158018735764,8382.085177539222,506.20528822458704,7853.0,8866.4,8866.399999999998,1.8189894035458565e-12,7853.0,0.0,28.27704376548307,21.121596600482015,33.2111846946284,19.38259164713302,0.1352188274153592,0.10487200660611065,0.09227910817506194,0.08422791081750619,0.08071841453344343,0.07535094962840627,0.06812551610239471,0.05677126341866226,0.058629232039636665,0.05491329479768786,0.04706853839801817,0.04046242774566474,0.038810900082576386,0.024979355904211395,0.018166804293971925,0.01259289843104872,0.006812551610239472,0.906010077621797,0.02301203273911238,0.0,0.0,0.0,0.0,0.0,0.0,0.0,0.0,0.0,0.0,0.0,0.0,0.0,0.0,0.0,0.0,0.0,0.0,0.0,0.0,0.0,0.0,0.0,0.0,0.02477291494632536,1.2510322047894304,10.838150289017344,14.089595375722546,3.7159372419488035,0.08051197357555741,4.2489613294982425,2.896811657154825,nan,nan,nan,4.238335435056746,2.904307060054917,4.259883344134803,2.8890463770754926,1.0050840499550429,0.411,0.01254,0.0,0.0,0.0,0.0,0.0,0.0,0.0,0.0,0.0,0.0,0.018579686209744015,5.8154417836498675,23.21841453344344,0.9475639966969449,0.0,0.0,0.0,0.0,0.0,0.0,0.0,0.0,0.0,0.0,0.0,0.0,0.0,0.0,0.0,0.0,nan,nan,4.2489613294982425,2.896811657154825,nan,0.411,0.06836,0.0,0.0,0.0,0.0,0.0,0.0,0.0,0.0,0.0,0.0,0.0,0.0,0.0,0.0,0.0,0.0,0.0,0.0,0.0,0.0,0.0,0.005181668042939719,0.0010941370767960363,2.064409578860446e-05,0.00012386457473162674,0.0007328654004954583,0.003684971098265896,0.0036230388109000826,0.01175681255161024,0.004644921552436003,0.021438893476465732,0.03160611065235343,0.046624690338563174,0.0338150289017341,0.050908340214698596,0.021191164327002476,0.0361168455821635,0.028478530140379852,0.03548720066061106,0.054128819157720894,0.058938893476465734,0.054985549132947974,0.07048926507018993,0.08042939719240297,0.03655037159372419,0.06738232865400495,0.03763418662262593,0.028354665565648224,0.04413707679603633,0.026682493806771262,0.017939719240297275,0.03450660611065235,0.018084227910817506,0.0038810900082576383,0.007431874483897605,0.005790668868703551,0.0016412056151940545,0.004913294797687861,0.0007122213047068538,0.00029933938893476463,0.005408753096614368,4.128819157720892e-05,0.0005161023947151115,1.032204789430223e-05,0.0010012386457473163,0.0007535094962840628,0.0008257638315441783,0.0,0.0,0.0,0.0,0.0,0.0,0.0,0.0,0.0,0.0,0.0,0.0,0.0,0.0,0.0,0.0,0.0,0.0,0.0,0.0,0.0,0.0,0.0,0.0,0.0,0.0,0.0,0.0,0.0,0.0,0.0,0.0,0.0,0.0,nan,nan,4.2489613294982425,2.896811657154825,nan,0.9063015371125034,0.02293520706074727,0.0,0.0,0.0,0.0,0.0,0.0,0.0,0.0,0.0,0.0,0.0,0.0,0.0,0.0,0.0,0.0,0.0,0.0,0.0,0.0,0.0,0.0,0.0,0.0,0.03558718861209965,1.1387900355871887,10.676156583629895,14.353499406880193,3.712930011862397,0.08303677342823253,0.9056916754395091,0.023091463921366143,0.0,0.0,0.0,0.0,0.0,0.0,0.0,0.0,0.0,0.0,0.0,0.0,0.0,0.0,0.0,0.0,0.0,0.0,0.0,0.0,0.0,0.0,0.0,0.0,0.012958963282937368,1.373650107991361,11.015118790496764,13.801295896328297,3.7192224622030245,0.0777537796976242,0.4111,0.01253,0.0,0.0,0.0,0.0,0.0,0.0,0.0,0.0,0.0,0.0,0.023724792408066436,5.575326215895603,23.345195729537373,1.0557532621589563,0.0,0.0,0.0,0.0,0.0,0.0,0.0,0.0,0.0,0.0,0.0,0.0,0.0,0.0,0.0,0.0,0.4106,0.01256,0.0,0.0,0.0,0.0,0.0,0.0,0.0,0.0,0.0,0.0,0.012958963282937368,6.077753779697615,23.079913606911454,0.8293736501079916,0.0,0.0,0.0,0.0,0.0,0.0,0.0,0.0,0.0,0.0,0.0,0.0,0.0,0.0,0.0,0.0
78700,4795,2542,0.5301355578727841,1242,917,0.4502606882168926,1321,0.5509906152241919,0.3980000000000001,3.0492676431424766,3.0952859430935113,6.515418502202643,2.119099948069298,8390.239374348279,505.7788416041298,7853.0,8866.4,8866.4,0.0,7853.0,0.0,28.603962460896767,20.86464109720987,33.438856015779095,19.0366797682939,0.1334723670490094,0.09551616266944735,0.08842544316996871,0.08717413972888426,0.07987486965589155,0.07632950990615224,0.06861313868613139,0.064859228362878,0.06089676746611053,0.05651720542231491,0.05005213764337852,0.04025026068821689,0.038790406673618355,0.02586027111574557,0.016058394160583942,0.009176225234619395,0.00813347236704901,0.9057281552067141,0.02272099484684355,0.0,0.0,0.0,0.0,0.0,0.0,0.0,0.0,0.0,0.0,0.0,0.0,0.0,0.0,0.0,0.0,0.0,0.0,0.0,0.0,0.0,0.0,0.0,0.0,0.03753910323253389,1.301355578727842,10.542231491136604,14.72158498435871,3.303441084462983,0.09384775808133475,4.181069958847736,2.940392739041807,nan,nan,nan,4.243362831858407,2.9381858948252852,4.11857958148383,2.9412796444576252,0.9705933111734574,0.4114,0.01289,0.0,0.0,0.0,0.0,0.0,0.0,0.0,0.0,0.0,0.0,0.018769551616266946,5.7184567257559875,23.03649635036497,1.226277372262774,0.0,0.0,0.0,0.0,0.0,0.0,0.0,0.0,0.0,0.0,0.0,0.0,0.0,0.0,0.0,0.0,nan,nan,4.181069958847736,2.940392739041807,nan,0.4114,0.06854,0.0,0.0,0.0,0.0,0.0,0.0,0.0,0.0,0.0,0.0,0.0,0.0,0.0,0.0,0.0,0.0,0.0,0.0,0.0,0.0,0.0,0.003983315954118874,0.0008759124087591241,0.0,3.128258602711157e-05,0.000802919708029197,0.003962460896767466,0.0034723670490093847,0.012930135557872785,0.005735140771637122,0.020469238790406675,0.03332638164754953,0.04554744525547445,0.03346193952033368,0.04954118873826903,0.021532846715328468,0.035067778936392076,0.027966631908237748,0.036225234619395204,0.051126173096976014,0.06290928050052137,0.052794577685088634,0.07132429614181439,0.0792075078206465,0.036402502606882166,0.06786235662148071,0.03590198123044838,0.029374348279457767,0.043826903023983316,0.0297288842544317,0.018227320125130345,0.034327424400417104,0.01830031282586027,0.00383733055265902,0.007924921793534932,0.005735140771637122,0.0014494264859228362,0.004421272158498436,0.000667361835245047,0.0004275286757038582,0.004994786235662148,0.0001772679874869656,0.00043795620437956203,6.256517205422314e-05,0.001251303441084463,0.0010844629822732012,0.0012825860271115745,0.0,0.0,0.0,0.0,0.0,0.0,0.0,0.0,0.0,0.0,0.0,0.0,0.0,0.0,0.0,0.0,0.0,0.0,0.0,0.0,0.0,0.0,0.0,0.0,0.0,0.0,0.0,0.0,0.0,0.0,0.0,0.0,0.0,0.0,nan,nan,4.181069958847736,2.940392739041807,nan,0.9058724973822653,0.022819477765693125,0.0,0.0,0.0,0.0,0.0,0.0,0.0,0.0,0.0,0.0,0.0,0.0,0.0,0.0,0.0,0.0,0.0,0.0,0.0,0.0,0.0,0.0,0.0,0.0,0.03540519276160504,1.2273800157356416,10.84579071597168,14.291896144767902,3.505114083398899,0.09441384736428012,0.9055652977676324,0.022608257727265987,0.0,0.0,0.0,0.0,0.0,0.0,0.0,0.0,0.0,0.0,0.0,0.0,0.0,0.0,0.0,0.0,0.0,0.0,0.0,0.0,0.0,0.0,0.0,0.0,0.03994673768308922,1.3848202396804266,10.199733688415447,15.206391478029298,3.0758988015978703,0.09320905459387487,0.4114,0.01285,0.0,0.0,0.0,0.0,0.0,0.0,0.0,0.0,0.0,0.0,0.02360346184107003,5.818253343823752,23.01337529504328,1.1447678992918964,0.0,0.0,0.0,0.0,0.0,0.0,0.0,0.0,0.0,0.0,0.0,0.0,0.0,0.0,0.0,0.0,0.4114,0.01294,0.0,0.0,0.0,0.0,0.0,0.0,0.0,0.0,0.0,0.0,0.013315579227696408,5.605858854860179,23.06258322237018,1.3182423435419444,0.0,0.0,0.0,0.0,0.0,0.0,0.0,0.0,0.0,0.0,0.0,0.0,0.0,0.0,0.0,0.0
78800,4792,2429,0.5068864774624374,1138,972,0.4403171953255426,1367,0.570534223706177,0.39000000000000007,2.9289039356749895,3.072688026136756,6.408695652173913,2.171204109286825,8366.678756260433,506.65193867294863,7853.0,8866.4,8866.4,0.0,7853.0,0.0,27.656510851419032,20.72576433713354,32.50508558670305,19.027364421040616,0.14085976627712854,0.10058430717863105,0.0941151919866444,0.0932804674457429,0.07679465776293823,0.07846410684474124,0.0642737896494157,0.06260434056761269,0.0573873121869783,0.05300500834724541,0.04904006677796327,0.039440734557595995,0.032762938230383974,0.023580968280467445,0.017737896494156927,0.010851419031719533,0.005217028380634391,0.9067669865956689,0.022428766641939327,0.0,0.0,0.0,0.0,0.0,0.0,0.0,0.0,0.0,0.0,0.0,0.0,0.0,0.0,0.0,0.0,0.0,0.0,0.0,0.0,0.0,0.0,0.0,0.0,0.018781302170283808,1.0767946577629384,10.198247078464108,15.313021702838066,3.274207011686144,0.11894824707846413,4.3119266055045875,2.8681743221409346,nan,nan,nan,4.194848084544254,2.8530175703935887,4.427178153446034,2.8783691688684687,1.0553846204247042,0.4111,0.01231,0.0,0.0,0.0,0.0,0.0,0.0,0.0,0.0,0.0,0.0,0.0,5.596828046744566,23.482888146911524,0.9202838063439067,0.0,0.0,0.0,0.0,0.0,0.0,0.0,0.0,0.0,0.0,0.0,0.0,0.0,0.0,0.0,0.0,nan,nan,4.3119266055045875,2.8681743221409346,nan,0.4111,0.0683,0.0,0.0,0.0,0.0,0.0,0.0,0.0,0.0,0.0,0.0,0.0,0.0,0.0,0.0,0.0,0.0,0.0,0.0,0.0,0.0,0.0,0.0034954090150250416,0.000761686143572621,2.0868113522537563e-05,8.347245409015025e-05,0.0005947412353923205,0.004382303839732888,0.0030258764607679466,0.012823455759599332,0.007126460767946577,0.020262938230383973,0.035152337228714525,0.04313439065108514,0.03303422370617696,0.04965567612687813,0.01986644407345576,0.0350271285475793,0.028881469115191988,0.034995826377295494,0.054643155258764606,0.06524415692821368,0.0527754590984975,0.0695847245409015,0.08133347245409014,0.03682178631051753,0.0703568447412354,0.03809474123539232,0.027671118530884806,0.04195534223706177,0.02681552587646077,0.016151919866444073,0.034860183639398995,0.01609974958263773,0.003933639398998331,0.008347245409015025,0.005707429048414024,0.001669449081803005,0.005530050083472454,0.000761686143572621,0.0004069282136894825,0.0044136060100166945,0.0001147746243739566,0.0002608514190317195,6.260434056761268e-05,0.0013459933222036728,0.0010747078464106844,0.0016381469115191987,0.0,0.0,0.0,0.0,0.0,0.0,0.0,0.0,0.0,0.0,0.0,0.0,0.0,0.0,0.0,0.0,0.0,0.0,0.0,0.0,0.0,0.0,0.0,0.0,0.0,0.0,0.0,0.0,0.0,0.0,0.0,0.0,0.0,0.0,nan,nan,4.3119266055045875,2.8681743221409346,nan,0.9069018452782943,0.02252417546693201,0.0,0.0,0.0,0.0,0.0,0.0,0.0,0.0,0.0,0.0,0.0,0.0,0.0,0.0,0.0,0.0,0.0,0.0,0.0,0.0,0.0,0.0,0.0,0.0,0.012350761630300537,0.9757101687937425,10.34993824619185,15.265541375051464,3.2482503087690415,0.14820913956360646,0.9066283612295676,0.022329419207026562,0.0,0.0,0.0,0.0,0.0,0.0,0.0,0.0,0.0,0.0,0.0,0.0,0.0,0.0,0.0,0.0,0.0,0.0,0.0,0.0,0.0,0.0,0.0,0.0,0.025391451544646643,1.1807024968260686,10.042319085907746,15.361828184511218,3.3008887008040633,0.08887008040626325,0.4114,0.012505,0.0,0.0,0.0,0.0,0.0,0.0,0.0,0.0,0.0,0.0,0.0,5.607245780156434,23.305887196377117,1.0868670234664473,0.0,0.0,0.0,0.0,0.0,0.0,0.0,0.0,0.0,0.0,0.0,0.0,0.0,0.0,0.0,0.0,0.411,0.01209,0.0,0.0,0.0,0.0,0.0,0.0,0.0,0.0,0.0,0.0,0.0,5.586119339822252,23.66483283961067,0.749047820567076,0.0,0.0,0.0,0.0,0.0,0.0,0.0,0.0,0.0,0.0,0.0,0.0,0.0,0.0,0.0,0.0
78900,4533,2341,0.5164350319876462,1065,904,0.4343701742775204,1234,0.5444517979263181,0.4020000000000001,2.9589416058394162,3.0717027857345496,6.533117932148627,2.1682356169138726,8376.35526141628,506.4261962686717,7853.0,8866.4,8866.4,0.0,7853.0,0.0,28.122656077652767,21.116047175476997,33.034347142108025,19.423052844083355,0.13986322523714978,0.0986101919258769,0.09971321420692698,0.08360908890359585,0.07522611956761527,0.0743437017427752,0.0743437017427752,0.05846018089565409,0.059342598720494154,0.04787116699757335,0.04765056254136334,0.04015001103022281,0.03331127288771233,0.02757555702625193,0.01985440105890139,0.014339289653651003,0.005735715861460402,0.9064483110962024,0.02273808877148873,0.0,0.0,0.0,0.0,0.0,0.0,0.0,0.0,0.0,0.0,0.0,0.0,0.0,0.0,0.0,0.0,0.0,0.0,0.0,0.0,0.0,0.0,0.0,0.0,0.02647253474520186,1.1846459298477832,10.595632031767042,14.632693580410328,3.4281932495036407,0.1323626737260093,4.286061870003476,2.8596877575279334,nan,nan,nan,4.311064718162839,2.888794138287421,4.262682418346074,2.8304786667418287,0.9887771808173218,0.411,0.012505,0.0,0.0,0.0,0.0,0.0,0.0,0.0,0.0,0.0,0.0,0.0,5.804103242885498,22.991396426207817,1.2045003309066846,0.0,0.0,0.0,0.0,0.0,0.0,0.0,0.0,0.0,0.0,0.0,0.0,0.0,0.0,0.0,0.0,nan,nan,4.286061870003476,2.8596877575279334,nan,0.411,0.06836,0.0,0.0,0.0,0.0,0.0,0.0,0.0,0.0,0.0,0.0,0.0,0.0,0.0,0.0,0.0,0.0,0.0,0.0,0.0,0.0,0.0,0.0035958526362232517,0.00041914846679902933,3.309066843150232e-05,7.72115596735054e-05,0.0004301786896095301,0.004478270461063314,0.002867857930730201,0.013489962497242445,0.006540922126626958,0.018475623207588793,0.038760202956099714,0.04585263622325171,0.031314802559011694,0.04640414736377675,0.020505184204720934,0.035384954776086476,0.028336642400176484,0.03498786675490845,0.05369512464151776,0.06741672181778072,0.05500772115596735,0.06910434590778734,0.08182219280829472,0.03750275755570263,0.06738363114934921,0.04105448930068387,0.02672622986984337,0.040734612839179354,0.023461283917935144,0.017549084491506727,0.03370836090889036,0.015784248841826606,0.0039046988749172735,0.009508052062651666,0.00643061989852195,0.001544231193470108,0.004798146922567836,0.0012353849547760865,0.0005515111405250386,0.004268696227663799,9.927200529450695e-05,0.0006176924773880432,6.618133686300464e-05,0.001345687182881094,0.0008824178248400617,0.001842047209353629,0.0,0.0,0.0,0.0,0.0,0.0,0.0,0.0,0.0,0.0,0.0,0.0,0.0,0.0,0.0,0.0,0.0,0.0,0.0,0.0,0.0,0.0,0.0,0.0,0.0,0.0,0.0,0.0,0.0,0.0,0.0,0.0,0.0,0.0,nan,nan,4.286061870003476,2.8596877575279334,nan,0.906073605591596,0.02245675701576843,0.0,0.0,0.0,0.0,0.0,0.0,0.0,0.0,0.0,0.0,0.0,0.0,0.0,0.0,0.0,0.0,0.0,0.0,0.0,0.0,0.0,0.0,0.0,0.0,0.025630072618539092,1.1405382315249895,10.828705681332767,14.545066211020934,3.357539513028621,0.10252029047415637,0.9068484870023537,0.023028018049245546,0.0,0.0,0.0,0.0,0.0,0.0,0.0,0.0,0.0,0.0,0.0,0.0,0.0,0.0,0.0,0.0,0.0,0.0,0.0,0.0,0.0,0.0,0.0,0.0,0.027372262773722636,1.2317518248175185,10.346715328467155,14.726277372262777,3.5036496350364974,0.1642335766423358,0.4106,0.012505,0.0,0.0,0.0,0.0,0.0,0.0,0.0,0.0,0.0,0.0,0.0,6.1127723195215635,22.86202477573687,1.0252029047415636,0.0,0.0,0.0,0.0,0.0,0.0,0.0,0.0,0.0,0.0,0.0,0.0,0.0,0.0,0.0,0.0,0.4114,0.0125,0.0,0.0,0.0,0.0,0.0,0.0,0.0,0.0,0.0,0.0,0.0,5.474452554744517,23.129562043795627,1.3959854014598543,0.0,0.0,0.0,0.0,0.0,0.0,0.0,0.0,0.0,0.0,0.0,0.0,0.0,0.0,0.0,0.0
79000,4596,2395,0.5211053089643168,1170,903,0.4510443864229765,1280,0.557006092254134,0.4140000000000001,3.057246706042708,3.077876599118237,6.480059084194978,2.150531794228154,8381.08812010444,506.2483958674812,7853.0,8866.4,8866.399999999998,1.8189894035458565e-12,7853.0,0.0,28.65970409051349,21.00435000533352,33.38611324622086,19.25602632070891,0.12967798085291557,0.09704090513489991,0.08986074847693647,0.08572671888598782,0.08268059181897303,0.08246301131418625,0.06592689295039164,0.06353350739773717,0.060704960835509136,0.05178416013925152,0.04569190600522193,0.04221061792863359,0.03633594429939078,0.02980852915578764,0.01762402088772846,0.010661444734551785,0.008268059181897302,0.9058223303060515,0.022754422136136723,0.0,0.0,0.0,0.0,0.0,0.0,0.0,0.0,0.0,0.0,0.0,0.0,0.0,0.0,0.0,0.0,0.0,0.0,0.0,0.0,0.0,0.0,0.0,0.0,0.019582245430809404,1.2402088772845954,10.72454308093995,14.771540469973894,3.1005221932114893,0.14360313315926895,4.204216073781291,2.902760148603626,nan,nan,nan,4.204095112285337,2.9173935873758463,4.204336399474376,2.888130062183208,1.0000573933706527,0.4111,0.01253,0.0,0.0,0.0,0.0,0.0,0.0,0.0,0.0,0.0,0.0,0.019582245430809404,5.78981723237597,23.080939947780685,1.1096605744125327,0.0,0.0,0.0,0.0,0.0,0.0,0.0,0.0,0.0,0.0,0.0,0.0,0.0,0.0,0.0,0.0,nan,nan,4.204216073781291,2.902760148603626,nan,0.4111,0.0682,0.0,0.0,0.0,0.0,0.0,0.0,0.0,0.0,0.0,0.0,0.0,0.0,0.0,0.0,0.0,0.0,0.0,0.0,1.0879025239338555e-05,0.0,0.0,0.003154917319408181,0.0006092254134029591,0.0,0.00015230635335073978,0.00036988685813751085,0.004351610095735422,0.002730635335073977,0.013674934725848563,0.007691470844212359,0.01852697998259356,0.03746736292428198,0.04631201044386423,0.030907310704960837,0.043548738033072236,0.02137728459530026,0.037162750217580504,0.02727371627502176,0.036053089643167974,0.051588337684943426,0.06870104438642298,0.057473890339425585,0.06850522193211488,0.08315926892950391,0.03808746736292428,0.06914708442123586,0.03938207136640557,0.026077023498694517,0.03953437771975631,0.0225739773716275,0.016699303742384684,0.03369234116623151,0.016503481288076587,0.0039055700609225415,0.00963881636205396,0.006603568320278503,0.0017950391644908617,0.004732375979112272,0.001077023498694517,0.0007071366405570061,0.004297214969538729,0.00016318537859007833,0.0005765883376849434,3.2637075718015665e-05,0.0011640557006092254,0.0007506527415143603,0.002056135770234987,0.0,0.0,0.0,0.0,0.0,0.0,0.0,0.0,0.0,0.0,0.0,0.0,0.0,0.0,0.0,0.0,0.0,0.0,0.0,0.0,0.0,0.0,0.0,0.0,0.0,0.0,0.0,0.0,0.0,0.0,0.0,0.0,0.0,0.0,nan,nan,4.204216073781291,2.902760148603626,nan,0.9059569727403883,0.02255210630253831,0.0,0.0,0.0,0.0,0.0,0.0,0.0,0.0,0.0,0.0,0.0,0.0,0.0,0.0,0.0,0.0,0.0,0.0,0.0,0.0,0.0,0.0,0.0,0.0,0.03757828810020877,1.1273486430062631,10.597077244258875,15.03131524008351,3.068893528183717,0.1377870563674322,0.9056758202514232,0.022971649713695554,0.0,0.0,0.0,0.0,0.0,0.0,0.0,0.0,0.0,0.0,0.0,0.0,0.0,0.0,0.0,0.0,0.0,0.0,0.0,0.0,0.0,0.0,0.0,0.0,0.0,1.3630168105406635,10.863243980009088,14.488868696047254,3.1349386642435264,0.149931849159473,0.4111,0.01265,0.0,0.0,0.0,0.0,0.0,0.0,0.0,0.0,0.0,0.0,0.02505219206680585,5.799582463465545,22.98538622129437,1.189979123173278,0.0,0.0,0.0,0.0,0.0,0.0,0.0,0.0,0.0,0.0,0.0,0.0,0.0,0.0,0.0,0.0,0.411,0.0124,0.0,0.0,0.0,0.0,0.0,0.0,0.0,0.0,0.0,0.0,0.013630168105406636,5.779191276692404,23.18491594729669,1.0222626079054977,0.0,0.0,0.0,0.0,0.0,0.0,0.0,0.0,0.0,0.0,0.0,0.0,0.0,0.0,0.0,0.0
79100,4532,2352,0.5189761694616064,1108,912,0.4457193292144748,1277,0.5635481023830539,0.4180000000000001,3.088532110091743,3.1755887486173475,6.6806853582554515,2.2407791321478134,8378.930450132391,506.3349482187709,7853.0,8866.4,8866.4,0.0,7853.0,0.0,28.728155339805824,21.194571484465424,33.53579796927883,19.438936546092638,0.13437775816416594,0.09730803177405119,0.09267431597528684,0.08075904677846425,0.07965578111209179,0.07193292144748456,0.07105030891438659,0.0677405119152692,0.05913503971756399,0.056045895851721095,0.04302736098852604,0.04324801412180053,0.03442188879082083,0.02758164165931156,0.021844660194174758,0.010370697263901147,0.0088261253309797,0.906222591451176,0.022127618225337806,0.0,0.0,0.0,0.0,0.0,0.0,0.0,0.0,0.0,0.0,0.0,0.0,0.0,0.0,0.0,0.0,0.0,0.0,0.0,0.0,0.0,0.0,0.0,0.0,0.01985878199470433,1.0988526037069728,10.611209179170347,14.95366284201236,3.27007943512798,0.046337157987643436,4.344384303112314,2.9719833399169877,nan,nan,nan,4.346127946127946,3.007744239665204,4.3426240652617265,2.9354391793161665,0.9991937925183861,0.4116,0.01242,0.0,0.0,0.0,0.0,0.0,0.0,0.0,0.0,0.0,0.0,0.006619593998234776,5.216240070608995,23.618711385701683,1.1584289496910858,0.0,0.0,0.0,0.0,0.0,0.0,0.0,0.0,0.0,0.0,0.0,0.0,0.0,0.0,0.0,0.0,nan,nan,4.344384303112314,2.9719833399169877,nan,0.4116,0.06836,0.0,0.0,0.0,0.0,0.0,0.0,0.0,0.0,0.0,0.0,0.0,0.0,0.0,0.0,0.0,0.0,0.0,0.0,2.206531332744925e-05,0.0,0.0,0.0032215357458075904,0.0007171226831421007,1.1032656663724624e-05,0.0002758164165931156,0.00033097969991173877,0.0039055604589585172,0.002526478375992939,0.013272285966460724,0.006608561341571051,0.01946160635481024,0.03635260370697264,0.04364518976169462,0.0315864960282436,0.04339143865842895,0.02251765225066196,0.03775375110326567,0.026114298323036186,0.03785304501323919,0.05257060900264784,0.07224183583406885,0.055207413945278026,0.0698918799646955,0.07926963812886142,0.03922109443954104,0.06859002647837599,0.03894527802294793,0.0249558693733451,0.039905119152691966,0.02299205648720212,0.016085613415710503,0.034885260370697266,0.016582082965578112,0.0034642541924095323,0.00913503971756399,0.007237422771403354,0.0017431597528684906,0.006134157105030891,0.0014783759929390997,0.00036407766990291263,0.003861429832303619,0.0005847308031774051,0.0006067961165048543,2.206531332744925e-05,0.0013790820829655782,0.0009157105030891438,0.0021624007060900264,0.0,0.0,0.0,0.0,0.0,0.0,0.0,0.0,0.0,0.0,0.0,0.0,0.0,0.0,0.0,0.0,0.0,0.0,0.0,0.0,0.0,0.0,0.0,0.0,0.0,0.0,0.0,0.0,0.0,0.0,0.0,0.0,0.0,0.0,nan,nan,4.344384303112314,2.9719833399169877,nan,0.9065025592488902,0.021880819816027998,0.0,0.0,0.0,0.0,0.0,0.0,0.0,0.0,0.0,0.0,0.0,0.0,0.0,0.0,0.0,0.0,0.0,0.0,0.0,0.0,0.0,0.0,0.0,0.0,0.01275510204081633,1.00765306122449,10.573979591836737,15.11479591836735,3.239795918367348,0.05102040816326532,0.9059205344510735,0.022386912155742275,0.0,0.0,0.0,0.0,0.0,0.0,0.0,0.0,0.0,0.0,0.0,0.0,0.0,0.0,0.0,0.0,0.0,0.0,0.0,0.0,0.0,0.0,0.0,0.0,0.02752293577981652,1.1972477064220186,10.651376146788992,14.779816513761471,3.3027522935779823,0.04128440366972478,0.4116,0.01237,0.0,0.0,0.0,0.0,0.0,0.0,0.0,0.0,0.0,0.0,0.01275510204081633,5.255102040816319,23.69897959183674,1.0331632653061227,0.0,0.0,0.0,0.0,0.0,0.0,0.0,0.0,0.0,0.0,0.0,0.0,0.0,0.0,0.0,0.0,0.4116,0.01248,0.0,0.0,0.0,0.0,0.0,0.0,0.0,0.0,0.0,0.0,0.0,5.174311926605497,23.532110091743125,1.2935779816513764,0.0,0.0,0.0,0.0,0.0,0.0,0.0,0.0,0.0,0.0,0.0,0.0,0.0,0.0,0.0,0.0
79200,4516,2343,0.5188219663418955,1109,889,0.4424269264836138,1229,0.5442869796279893,0.4220000000000001,3.014726184997699,3.120639895240439,6.608910891089109,2.171793331002666,8378.774180690878,506.3408591363841,7853.0,8866.4,8866.4,0.0,7853.0,0.0,28.00907883082374,21.00523273921724,33.09398993910511,19.20670301516202,0.14105403011514614,0.09588131089459699,0.09588131089459699,0.09078830823737821,0.07506643046944199,0.07196634189548273,0.06798051372896369,0.06554472984942426,0.06222320637732506,0.05137289636846767,0.04472984942426927,0.04074402125775022,0.03609388839681134,0.025022143489813995,0.016607617360496013,0.010850310008857396,0.008193091231178033,0.9064927791155366,0.023261144521269483,0.0,0.0,0.0,0.0,0.0,0.0,0.0,0.0,0.0,0.0,0.0,0.0,0.0,0.0,0.0,0.0,0.0,0.0,0.0,0.0,0.0,0.0,0.0,0.0,0.03985828166519044,1.2821080602302926,10.376439326837911,14.581488042515504,3.607174490699735,0.11293179805137292,4.305995864920744,2.8528266944989413,nan,nan,nan,4.311554332874828,2.860087469830416,4.300414364640884,2.8455062652628285,0.9974162523828114,0.4104,0.01266,0.0,0.0,0.0,0.0,0.0,0.0,0.0,0.0,0.0,0.0,0.013286093888396815,6.310894596988477,22.759078830823743,0.9167404782993802,0.0,0.0,0.0,0.0,0.0,0.0,0.0,0.0,0.0,0.0,0.0,0.0,0.0,0.0,0.0,0.0,nan,nan,4.305995864920744,2.8528266944989413,nan,0.4104,0.0683,0.0,0.0,0.0,0.0,0.0,0.0,0.0,0.0,0.0,0.0,0.0,0.0,0.0,0.0,0.0,0.0,0.0,0.0,0.0,0.0,0.0,0.003155447298494243,0.0005757307351638619,0.0,0.0005978742249778565,0.00024357838795394153,0.003941541186891054,0.001937555358724535,0.011990699734278121,0.007739149689991142,0.023472099202834367,0.034233835252435785,0.045161647475642164,0.032218777679362265,0.04572630646589903,0.022276350752878652,0.04202834366696191,0.027181133746678476,0.03905004428697963,0.05428476527900797,0.06923162090345439,0.05135075287865368,0.06965234720992028,0.07773472099202834,0.037810008857395924,0.06738263950398583,0.036769264836138175,0.02741364038972542,0.03974756421612046,0.022818866253321524,0.016186891054030116,0.03547387068201949,0.015279007971656332,0.003554030115146147,0.007816651904340124,0.007351638618246235,0.0020482728077945082,0.005779450841452613,0.0012732506643046944,0.00022143489813994686,0.004340124003542958,0.0005203720106288751,0.0007307351638618247,1.1071744906997343e-05,0.0014725420726306466,0.0005757307351638619,0.0016386182462356067,0.0,0.0,0.0,0.0,0.0,0.0,0.0,0.0,0.0,0.0,0.0,0.0,0.0,0.0,0.0,0.0,0.0,0.0,0.0,0.0,0.0,0.0,0.0,0.0,0.0,0.0,0.0,0.0,0.0,0.0,0.0,0.0,0.0,0.0,nan,nan,4.305995864920744,2.8528266944989413,nan,0.9059450056275088,0.02302200514697774,0.0,0.0,0.0,0.0,0.0,0.0,0.0,0.0,0.0,0.0,0.0,0.0,0.0,0.0,0.0,0.0,0.0,0.0,0.0,0.0,0.0,0.0,0.0,0.0,0.05121638924455827,1.267605633802817,10.6786171574904,14.558258642765688,3.341869398207427,0.10243277848911654,0.9070834064889601,0.023501967749716798,0.0,0.0,0.0,0.0,0.0,0.0,0.0,0.0,0.0,0.0,0.0,0.0,0.0,0.0,0.0,0.0,0.0,0.0,0.0,0.0,0.0,0.0,0.0,0.0,0.027611596870685696,1.2977450529222276,10.050621260929592,14.606534744592732,3.8932351587666827,0.12425218591808562,0.4102,0.01252,0.0,0.0,0.0,0.0,0.0,0.0,0.0,0.0,0.0,0.0,0.0,6.312419974391796,22.727272727272734,0.9603072983354676,0.0,0.0,0.0,0.0,0.0,0.0,0.0,0.0,0.0,0.0,0.0,0.0,0.0,0.0,0.0,0.0,0.4106,0.0128,0.0,0.0,0.0,0.0,0.0,0.0,0.0,0.0,0.0,0.0,0.027611596870685696,6.3092498849516705,22.793373216751043,0.8697653014265994,0.0,0.0,0.0,0.0,0.0,0.0,0.0,0.0,0.0,0.0,0.0,0.0,0.0,0.0,0.0,0.0
79300,4552,2331,0.5120826010544816,1074,978,0.4507908611599297,1329,0.5839191564147628,0.4220000000000001,3.038271049076992,3.18707902982984,6.848080133555927,2.239117735622511,8371.944507908613,506.5520328910701,7853.0,8866.4,8866.4,0.0,7853.0,0.0,27.715729349736378,20.83292054893172,32.79300368227249,19.040766461816393,0.14499121265377857,0.09622144112478032,0.09358523725834798,0.08611599297012303,0.08721441124780316,0.07491212653778559,0.06129173989455185,0.070298769771529,0.05579964850615114,0.054042179261862916,0.042398945518453426,0.039323374340949034,0.03383128295254833,0.02570298769771529,0.015597539543057997,0.009885764499121265,0.008787346221441126,0.9066028256486506,0.022991687938596943,0.0,0.0,0.0,0.0,0.0,0.0,0.0,0.0,0.0,0.0,0.0,0.0,0.0,0.0,0.0,0.0,0.0,0.0,0.0,0.0,0.0,0.0,0.0,0.0,0.0065905096660808455,1.1994727592267138,10.670035149384887,14.334358523725838,3.6511423550087883,0.13840070298769774,4.333106498809118,2.9399622906980856,nan,nan,nan,4.344239945466939,2.9618292892415083,4.322010869565218,2.9179642769610776,0.9948830920527498,0.4104,0.012665,0.0,0.0,0.0,0.0,0.0,0.0,0.0,0.0,0.0,0.0,0.013181019332161691,6.3598418277680056,22.625219683655544,1.0017574692442883,0.0,0.0,0.0,0.0,0.0,0.0,0.0,0.0,0.0,0.0,0.0,0.0,0.0,0.0,0.0,0.0,nan,nan,4.333106498809118,2.9399622906980856,nan,0.4104,0.06775,0.0,0.0,0.0,0.0,0.0,0.0,0.0,0.0,0.0,0.0,0.0,0.0,0.0,0.0,0.0,0.0,0.0,0.0,0.0,0.0,0.0,0.003240333919156415,0.000406414762741652,0.0,0.0005931458699472759,8.787346221441125e-05,0.003251318101933216,0.0018453427065026362,0.012774604569420036,0.0077877855887521965,0.02334138840070299,0.03326010544815466,0.045046133567662565,0.03246924428822496,0.045101054481546575,0.022012302284710017,0.041838752196836554,0.02641695957820738,0.041509226713532514,0.05579964850615114,0.06980448154657294,0.05149384885764499,0.06899165202108963,0.07918497363796134,0.03714850615114235,0.0656744288224956,0.03569859402460457,0.026746485061511425,0.04256370826010545,0.023077768014059755,0.017058435852372583,0.0351823374340949,0.01390597539543058,0.0034380492091388402,0.007546133567662566,0.008216168717047452,0.002130931458699473,0.005843585237258348,0.0011862917398945518,0.00028558875219683653,0.0038554481546572935,0.00036247803163444637,0.0003295254833040422,0.0,0.0011423550087873461,0.0005821616871704745,0.0017574692442882249,0.0,0.0,1.0984182776801407e-05,0.0,0.0,0.0,0.0,0.0,0.0,0.0,0.0,0.0,0.0,0.0,0.0,0.0,0.0,0.0,0.0,0.0,0.0,0.0,0.0,0.0,0.0,0.0,0.0,0.0,0.0,0.0,0.0,0.0,0.0,0.0,nan,nan,4.333106498809118,2.9399622906980856,nan,0.906739413814962,0.023004597051105545,0.0,0.0,0.0,0.0,0.0,0.0,0.0,0.0,0.0,0.0,0.0,0.0,0.0,0.0,0.0,0.0,0.0,0.0,0.0,0.0,0.0,0.0,0.0,0.0,0.012870012870012873,1.2741312741312742,10.65637065637066,14.15701415701416,3.7966537966537977,0.10296010296010298,0.9064594726474475,0.022977258426361207,0.0,0.0,0.0,0.0,0.0,0.0,0.0,0.0,0.0,0.0,0.0,0.0,0.0,0.0,0.0,0.0,0.0,0.0,0.0,0.0,0.0,0.0,0.0,0.0,0.0,1.121116614137776,10.684376407023866,14.5204862674471,3.4984241332733013,0.17559657811796492,0.41,0.01262,0.0,0.0,0.0,0.0,0.0,0.0,0.0,0.0,0.0,0.0,0.0,6.602316602316593,22.368082368082373,1.0296010296010298,0.0,0.0,0.0,0.0,0.0,0.0,0.0,0.0,0.0,0.0,0.0,0.0,0.0,0.0,0.0,0.0,0.4106,0.01271,0.0,0.0,0.0,0.0,0.0,0.0,0.0,0.0,0.0,0.0,0.027014858171994602,6.10535794687077,22.895092300765427,0.9725348941918057,0.0,0.0,0.0,0.0,0.0,0.0,0.0,0.0,0.0,0.0,0.0,0.0,0.0,0.0,0.0,0.0
79400,4690,2471,0.5268656716417911,1196,928,0.4528784648187633,1278,0.5449893390191898,0.4340000000000001,3.038305543037404,3.1652507152688645,6.7492012779552715,2.164048611006021,8386.925671641791,505.96803535762336,7853.0,8866.4,8866.4,0.0,7853.0,0.0,28.17313432835821,20.97773931796283,33.19131097560975,19.160671624514656,0.14243070362473348,0.09786780383795309,0.0929637526652452,0.08251599147121536,0.08230277185501066,0.06524520255863539,0.0697228144989339,0.06780383795309168,0.059275053304904055,0.053304904051172705,0.05031982942430704,0.03859275053304904,0.03710021321961621,0.02579957356076759,0.01812366737739872,0.009808102345415778,0.006823027718550106,0.9064877707185521,0.023111301169331362,0.0,0.0,0.0,0.0,0.0,0.0,0.0,0.0,0.0,0.0,0.0,0.0,0.0,0.0,0.0,0.0,0.0,0.0,0.0,0.0,0.0,0.0,0.0,0.0,0.025586353944562906,1.2921108742004266,10.12579957356077,14.87846481876333,3.505330490405118,0.17270788912579962,4.218934911242603,2.938789827564367,nan,nan,nan,4.2838283828382835,2.9660292038134557,4.154551407989522,2.910082946505684,0.9698220929282166,0.41,0.01258,0.0,0.0,0.0,0.0,0.0,0.0,0.0,0.0,0.0,0.0,0.03837953091684435,6.518123667377389,22.560767590618344,0.8827292110874202,0.0,0.0,0.0,0.0,0.0,0.0,0.0,0.0,0.0,0.0,0.0,0.0,0.0,0.0,0.0,0.0,nan,nan,4.218934911242603,2.938789827564367,nan,0.41,0.0672,0.0,0.0,0.0,0.0,0.0,0.0,0.0,0.0,0.0,0.0,0.0,0.0,0.0,0.0,0.0,0.0,0.0,0.0,0.0,0.0,0.0,0.003667377398720682,0.0006183368869936034,0.0,0.0009701492537313432,0.00013859275053304903,0.002782515991471215,0.0021002132196162046,0.011684434968017058,0.008304904051172709,0.022356076759061833,0.031279317697228144,0.045202558635394456,0.03347547974413646,0.046908315565031986,0.02417910447761194,0.04279317697228145,0.02455223880597015,0.041449893390191894,0.05579957356076759,0.06796375266524521,0.05094882729211087,0.06911513859275054,0.08029850746268656,0.03642857142857143,0.0669722814498934,0.03570362473347548,0.0276545842217484,0.04392324093816631,0.02275053304904051,0.015181236673773987,0.03545842217484008,0.014989339019189765,0.004072494669509595,0.007356076759061834,0.007707889125799574,0.001791044776119403,0.004978678038379531,0.0014925373134328358,0.00022388059701492538,0.003411513859275053,0.0004157782515991471,0.00036247334754797443,1.0660980810234541e-05,0.0008635394456289979,0.0005543710021321961,0.0011087420042643922,0.0,0.0,0.0,0.0,0.0,0.0,0.0,0.0,0.0,0.0,0.0,0.0,0.0,0.0,0.0,0.0,0.0,0.0,0.0,0.0,0.0,0.0,0.0,0.0,0.0,0.0,0.0,0.0,0.0,0.0,0.0,0.0,0.0,0.0,nan,nan,4.218934911242603,2.938789827564367,nan,0.9065607287342469,0.022909091829940078,0.0,0.0,0.0,0.0,0.0,0.0,0.0,0.0,0.0,0.0,0.0,0.0,0.0,0.0,0.0,0.0,0.0,0.0,0.0,0.0,0.0,0.0,0.0,0.0,0.03642250101173614,1.1655200323755566,10.2104411169567,14.860380412788349,3.5572642654795636,0.16997167138810204,0.9064065272499711,0.023334143908239128,0.0,0.0,0.0,0.0,0.0,0.0,0.0,0.0,0.0,0.0,0.0,0.0,0.0,0.0,0.0,0.0,0.0,0.0,0.0,0.0,0.0,0.0,0.0,0.0,0.013519603424966204,1.4330779630464177,10.031545741324923,14.898602974312757,3.4474988733663823,0.17575484452456067,0.41,0.01262,0.0,0.0,0.0,0.0,0.0,0.0,0.0,0.0,0.0,0.0,0.024281667341157432,6.689599352488861,22.41197895588831,0.8741400242816675,0.0,0.0,0.0,0.0,0.0,0.0,0.0,0.0,0.0,0.0,0.0,0.0,0.0,0.0,0.0,0.0,0.41,0.01254,0.0,0.0,0.0,0.0,0.0,0.0,0.0,0.0,0.0,0.0,0.05407841369986482,6.327174402884173,22.72645335736819,0.8922938260477695,0.0,0.0,0.0,0.0,0.0,0.0,0.0,0.0,0.0,0.0,0.0,0.0,0.0,0.0,0.0,0.0
79500,5091,2598,0.5103123158515026,1213,1102,0.4547240227853074,1484,0.5829895894716166,0.4140000000000001,2.932210188527878,3.101152272286711,6.745068285280729,2.129057394687681,8370.150500883912,506.59221967108334,7853.0,8866.4,8866.399999999998,1.8189894035458565e-12,7853.0,0.0,27.14201532115498,20.436314801452706,32.211048158640224,18.663230597431482,0.1477116480062856,0.09762325672755844,0.09742683166372029,0.08760557847181301,0.07994500098212531,0.07778432527990571,0.0738558240031428,0.05892751915144372,0.06089176978982518,0.05126694166175604,0.04517776468277352,0.04105283834217246,0.025338833235120803,0.02396385778825378,0.01748183068159497,0.00883912787271656,0.005107051659791789,0.9069475839377339,0.02242574608656068,0.0,0.0,0.0,0.0,0.0,0.0,0.0,0.0,0.0,0.0,0.0,0.0,0.0,0.0,0.0,0.0,0.0,0.0,0.0,0.0,0.0,0.0,0.0,0.0,0.011785503830288748,1.0371243370654097,10.383028874484387,14.879198585739543,3.576900412492635,0.1119622863877431,4.299414122725871,2.8720407761392797,nan,nan,nan,4.270320197044335,2.864373640200563,4.331273176761434,2.8782932529921172,1.0142736321644656,0.4094,0.01225,0.0,0.0,0.0,0.0,0.0,0.0,0.0,0.0,0.0,0.0,0.01767825574543312,6.647024160282842,22.59281084266353,0.7424867413081911,0.0,0.0,0.0,0.0,0.0,0.0,0.0,0.0,0.0,0.0,0.0,0.0,0.0,0.0,0.0,0.0,nan,nan,4.299414122725871,2.8720407761392797,nan,0.4094,0.06757,0.0,0.0,0.0,0.0,0.0,0.0,0.0,0.0,0.0,0.0,0.0,0.0,0.0,0.0,0.0,0.0,0.0,0.0,0.0,0.0,0.0,0.004223138872520134,0.0005499901787468081,0.0,0.0010508740915340798,0.0002258888234138676,0.002975839717147908,0.0022392457277548615,0.010243567079159301,0.009791789432331565,0.023119230013749756,0.03195835788646631,0.04633667255941858,0.03447259870359458,0.04666077391475152,0.024955804360636418,0.04053231192300138,0.023836181496758986,0.04329208406992732,0.05538204674916519,0.0646925947750933,0.0516205067766647,0.06787468080927127,0.07961107837360047,0.039726969161264974,0.06722647809860538,0.03519937143979572,0.02788253781182479,0.0411117658613239,0.023109408760557847,0.013631899430367314,0.036476134354743665,0.014574739736790415,0.0040463563150658025,0.008092712630131605,0.008436456491848359,0.001708898055391868,0.0048025928108426635,0.0012865841681398546,0.0001571400510705166,0.0033981536043999213,0.0005401689255549008,0.00057945393832253,0.0,0.0009526615596150068,0.0006482027106658809,0.0007562364957768612,9.821253191907288e-06,0.0,0.0,0.0,0.0,0.0,0.0,0.0,0.0,0.0,0.0,0.0,0.0,0.0,0.0,0.0,0.0,0.0,0.0,0.0,0.0,0.0,0.0,0.0,0.0,0.0,0.0,0.0,0.0,0.0,0.0,0.0,0.0,0.0,nan,nan,4.299414122725871,2.8720407761392797,nan,0.9066778660004097,0.022406515468793863,0.0,0.0,0.0,0.0,0.0,0.0,0.0,0.0,0.0,0.0,0.0,0.0,0.0,0.0,0.0,0.0,0.0,0.0,0.0,0.0,0.0,0.0,0.0,0.0,0.0,1.1085450346420325,10.484988452655893,14.699769053117786,3.6258660508083147,0.08083140877598155,0.9072286618363173,0.022442320181963047,0.0,0.0,0.0,0.0,0.0,0.0,0.0,0.0,0.0,0.0,0.0,0.0,0.0,0.0,0.0,0.0,0.0,0.0,0.0,0.0,0.0,0.0,0.0,0.0,0.02406738868832732,0.9626955475330928,10.276774969915767,15.066185318892902,3.5258724428399524,0.14440433212996392,0.4094,0.012115,0.0,0.0,0.0,0.0,0.0,0.0,0.0,0.0,0.0,0.0,0.011547344110854505,6.605080831408766,22.67898383371825,0.7043879907621249,0.0,0.0,0.0,0.0,0.0,0.0,0.0,0.0,0.0,0.0,0.0,0.0,0.0,0.0,0.0,0.0,0.4094,0.0124,0.0,0.0,0.0,0.0,0.0,0.0,0.0,0.0,0.0,0.0,0.02406738868832732,6.690734055354984,22.503008423586046,0.782190132370638,0.0,0.0,0.0,0.0,0.0,0.0,0.0,0.0,0.0,0.0,0.0,0.0,0.0,0.0,0.0,0.0
79600,4489,2273,0.5063488527511695,1076,910,0.4424147917130764,1258,0.5604811762085097,0.4180000000000001,2.8862815884476536,3.0624769180806144,6.444983818770226,2.1627283536720467,8366.133927378036,506.6591502958315,7853.0,8866.4,8866.399999999998,1.8189894035458565e-12,7853.0,0.0,28.015370906660728,21.09070852428761,33.10812250332889,19.301698194702293,0.1450211628425039,0.09088883938516373,0.09979950991312096,0.08932947204277122,0.07952773446201827,0.07262196480285142,0.06437959456449098,0.06148362664290488,0.057251058142125194,0.054800623746936956,0.0485631543773669,0.041211851191802186,0.030519046558253507,0.027177545110269548,0.01871240810871018,0.010247271107150813,0.008465137001559367,0.9064900448869878,0.02237953739493609,0.0,0.0,0.0,0.0,0.0,0.0,0.0,0.0,0.0,0.0,0.0,0.0,0.0,0.0,0.0,0.0,0.0,0.0,0.0,0.0,0.0,0.0,0.0,0.0,0.0,0.955669414123413,10.960124749387395,14.535531298730232,3.4350634885275126,0.1136110492314547,4.254570541566057,2.906744600745807,nan,nan,nan,4.269230769230769,2.8928271394664207,4.23994452149792,2.9216513479304616,0.9931401581887019,0.4094,0.01288,0.0,0.0,0.0,0.0,0.0,0.0,0.0,0.0,0.0,0.0,0.0066830028959679235,7.030519046558243,22.18088661171754,0.781911338828247,0.0,0.0,0.0,0.0,0.0,0.0,0.0,0.0,0.0,0.0,0.0,0.0,0.0,0.0,0.0,0.0,nan,nan,4.254570541566057,2.906744600745807,nan,0.4094,0.0673,0.0,0.0,0.0,0.0,0.0,0.0,0.0,0.0,0.0,0.0,0.0,0.0,0.0,0.0,0.0,0.0,0.0,0.0,0.0,0.0,0.0,0.0048340387614167965,0.00033415014479839606,0.0,0.001102695477834707,4.4553352639786145e-05,0.0030407663176654043,0.0020494542214301624,0.010470037870349743,0.009701492537313432,0.02330140343060815,0.03129873022944977,0.044364000891067054,0.03543105368678993,0.04546669636890176,0.026241924704834038,0.04077745600356427,0.023401648474047673,0.04601247493873914,0.05644909779460904,0.05996881265315215,0.05238360436622856,0.06759857429271553,0.08211182891512586,0.04224771664067721,0.06788817108487413,0.03403876141679661,0.028313655602584094,0.0400423256850078,0.021842281131655157,0.013388282468255736,0.03539763867231009,0.014635776342169749,0.0047337937179772775,0.007997326798841613,0.008854978837157496,0.0010581421251949208,0.005580307418133214,0.0010581421251949208,2.2276676319893072e-05,0.0027066161728670083,0.0006794386277567387,0.0008242370238360436,0.0,0.0007574069948763644,0.0005680552461572733,0.0009801737580752952,0.0,0.0,0.0,0.0,0.0,0.0,0.0,0.0,0.0,0.0,0.0,0.0,0.0,0.0,0.0,0.0,0.0,0.0,0.0,0.0,0.0,0.0,0.0,0.0,0.0,0.0,0.0,0.0,0.0,0.0,0.0,0.0,0.0,0.0,nan,nan,4.254570541566057,2.906744600745807,nan,0.9065016762988976,0.022550863312196114,0.0,0.0,0.0,0.0,0.0,0.0,0.0,0.0,0.0,0.0,0.0,0.0,0.0,0.0,0.0,0.0,0.0,0.0,0.0,0.0,0.0,0.0,0.0,0.0,0.0,0.9502859656841182,11.007479102507702,14.346678398592172,3.5767707875055,0.11878574571051477,0.906478114291649,0.022202424851785096,0.0,0.0,0.0,0.0,0.0,0.0,0.0,0.0,0.0,0.0,0.0,0.0,0.0,0.0,0.0,0.0,0.0,0.0,0.0,0.0,0.0,0.0,0.0,0.0,0.0,0.9611913357400724,10.9115523465704,14.729241877256321,3.289711191335741,0.10830324909747295,0.4094,0.013115,0.0,0.0,0.0,0.0,0.0,0.0,0.0,0.0,0.0,0.0,0.013198416190057197,7.245930488341388,21.88297404311483,0.8578970523537177,0.0,0.0,0.0,0.0,0.0,0.0,0.0,0.0,0.0,0.0,0.0,0.0,0.0,0.0,0.0,0.0,0.4092,0.01263,0.0,0.0,0.0,0.0,0.0,0.0,0.0,0.0,0.0,0.0,0.0,6.8095667870036,22.486462093862823,0.7039711191335742,0.0,0.0,0.0,0.0,0.0,0.0,0.0,0.0,0.0,0.0,0.0,0.0,0.0,0.0,0.0,0.0
79700,4708,2439,0.5180543755310111,1104,962,0.4388275276125743,1333,0.5662701784197112,0.38600000000000007,2.987219039224328,3.0573070179345145,6.510542168674699,2.064445943940097,8377.996304163127,506.3695639095721,7853.0,8866.4,8866.4,0.0,7853.0,0.0,28.602803738317757,21.207711898404536,33.569878910191726,19.42838309049595,0.13657604078164826,0.0989804587935429,0.09409515717926933,0.07880203908241291,0.07837723024638912,0.0792268479184367,0.07030586236193713,0.060960067969413764,0.05437553101104503,0.05288870008496177,0.04949022939677145,0.04035683942225998,0.03844519966015293,0.02888700084961767,0.019328802039082413,0.010620220900594732,0.00828377230246389,0.9061773470527759,0.022721228718869526,0.0,0.0,0.0,0.0,0.0,0.0,0.0,0.0,0.0,0.0,0.0,0.0,0.0,0.0,0.0,0.0,0.0,0.0,0.0,0.0,0.0,0.0,0.0,0.0,0.012744265080713682,1.2107051826677997,10.545879354290573,14.732370433305016,3.3772302463891255,0.12107051826677998,4.210457940889899,2.8027977053364173,nan,nan,nan,4.242207792207792,2.837212883065947,4.178687459389214,2.7675673102109704,0.98502658617165,0.4097,0.01267,0.0,0.0,0.0,0.0,0.0,0.0,0.0,0.0,0.0,0.0,0.012744265080713682,6.837298215802878,22.41716227697537,0.7327952421410368,0.0,0.0,0.0,0.0,0.0,0.0,0.0,0.0,0.0,0.0,0.0,0.0,0.0,0.0,0.0,0.0,nan,nan,4.210457940889899,2.8027977053364173,nan,0.4097,0.06696,0.0,0.0,0.0,0.0,0.0,0.0,0.0,0.0,0.0,0.0,0.0,0.0,0.0,0.0,0.0,0.0,0.0,0.0,0.0,0.0,0.0,0.004694137638062872,0.0003292268479184367,0.0,0.0009451996601529312,5.310110450297366e-05,0.001306287170773152,0.0014124893797790995,0.01050339847068819,0.009260832625318606,0.02457519116397621,0.031011045029736617,0.041801189464740866,0.03579014443500425,0.045592608326253184,0.027347068819031435,0.04122769753610875,0.023279524214103654,0.04683517417162277,0.059059048428207306,0.0586661002548853,0.05252761257434155,0.06939252336448598,0.08093670348343246,0.04298003398470688,0.06885089209855565,0.034409515717926935,0.02935429056924384,0.038317757009345796,0.021155480033984708,0.012000849617672048,0.034823704333050126,0.014581563296516567,0.005671197960917587,0.007009345794392523,0.009027187765505523,0.0012107051826677996,0.006478334749362787,0.000870858113848768,0.0,0.002612574341546304,0.000637213254035684,0.0010089209855564996,2.1240441801189464e-05,0.0007327952421410366,0.0008071367884451996,0.0008920985556499575,0.0,0.0,0.0,0.0,0.0,0.0,0.0,0.0,0.0,0.0,0.0,0.0,0.0,0.0,0.0,0.0,0.0,0.0,0.0,0.0,0.0,0.0,0.0,0.0,0.0,0.0,0.0,0.0,0.0,0.0,0.0,0.0,0.0,0.0,nan,nan,4.210457940889899,2.8027977053364173,nan,0.9060390693039716,0.02254199153147888,0.0,0.0,0.0,0.0,0.0,0.0,0.0,0.0,0.0,0.0,0.0,0.0,0.0,0.0,0.0,0.0,0.0,0.0,0.0,0.0,0.0,0.0,0.0,0.0,0.0,1.1808118081180814,10.701107011070114,14.698646986469868,3.3087330873308742,0.11070110701107014,0.9063259849678634,0.02291140062163275,0.0,0.0,0.0,0.0,0.0,0.0,0.0,0.0,0.0,0.0,0.0,0.0,0.0,0.0,0.0,0.0,0.0,0.0,0.0,0.0,0.0,0.0,0.0,0.0,0.026443367122080216,1.24283825473777,10.379021595416484,14.768620537681802,3.4508594094314686,0.1322168356104011,0.4094,0.0126,0.0,0.0,0.0,0.0,0.0,0.0,0.0,0.0,0.0,0.0,0.0,6.912669126691257,22.410824108241087,0.6765067650676508,0.0,0.0,0.0,0.0,0.0,0.0,0.0,0.0,0.0,0.0,0.0,0.0,0.0,0.0,0.0,0.0,0.41,0.01274,0.0,0.0,0.0,0.0,0.0,0.0,0.0,0.0,0.0,0.0,0.026443367122080216,6.756280299691484,22.423975319524025,0.7933010136624066,0.0,0.0,0.0,0.0,0.0,0.0,0.0,0.0,0.0,0.0,0.0,0.0,0.0,0.0,0.0,0.0
79800,4359,2275,0.5219086946547373,1090,878,0.45147969717825187,1198,0.5496673548979124,0.4220000000000001,2.9145873320537428,3.112478487396119,6.62478184991274,2.1996065401494267,8381.902271163111,506.2133435175326,7853.0,8866.4,8866.399999999998,1.8189894035458565e-12,7853.0,0.0,27.87130075705437,20.844032396880834,32.863947440459896,19.07642633137071,0.13994035329203947,0.09910529938059189,0.09589355356733195,0.08694654737325075,0.0805230557467309,0.0743289745354439,0.06882312456985547,0.062170222528102774,0.055746730901582935,0.05230557467309016,0.050011470520761644,0.04129387474191328,0.032805689378297774,0.026611608167010782,0.016288139481532463,0.011929341592108282,0.005276439550355586,0.9063733555658554,0.022567221409024427,0.0,0.0,0.0,0.0,0.0,0.0,0.0,0.0,0.0,0.0,0.0,0.0,0.0,0.0,0.0,0.0,0.0,0.0,0.0,0.0,0.0,0.0,0.0,0.0,0.013764624913971098,1.2801101169993119,10.467997247075019,14.679972470750176,3.4686854783207166,0.08947006194081214,4.172364672364672,2.9246578864978297,nan,nan,nan,4.25107296137339,2.935510156479928,4.092973740241306,2.912348643332084,0.9628095724141589,0.41,0.012886,0.0,0.0,0.0,0.0,0.0,0.0,0.0,0.0,0.0,0.0,0.013764624913971098,6.717136958017884,22.209222298692364,1.0598761183757746,0.0,0.0,0.0,0.0,0.0,0.0,0.0,0.0,0.0,0.0,0.0,0.0,0.0,0.0,0.0,0.0,nan,nan,4.172364672364672,2.9246578864978297,nan,0.41,0.06714,0.0,0.0,0.0,0.0,0.0,0.0,0.0,0.0,0.0,0.0,0.0,0.0,0.0,0.0,0.0,0.0,0.0,0.0,0.0,0.0,0.0,0.0050814406974076624,0.0004702913512273457,1.1470520761642578e-05,0.0008947006194081212,0.00022941041523285156,0.0012846983253039688,0.001984400091764166,0.009623766919018123,0.007604955264969029,0.024397797660013765,0.029995411791695344,0.04287680660701996,0.03754301445285616,0.04451709107593485,0.028710713466391376,0.03966506079376004,0.023835742142693277,0.0476026611608167,0.06221610461114935,0.0547946776783666,0.052420279880706584,0.0703372333103923,0.07794218857536132,0.041133287451250285,0.06810048176187199,0.034445973847212666,0.03224363386097729,0.03973388391832989,0.021163110805230558,0.01134434503326451,0.03620096352374398,0.014223445744436798,0.006733195687084193,0.005930259233769213,0.008373480155999083,0.00146822665749025,0.007467309015829319,0.0009749942647396192,2.2941041523285156e-05,0.0025005735260380823,0.0005620555173204864,0.0010667584308327598,1.1470520761642578e-05,0.0008144069740766231,0.0006767607249369121,0.0007685248910300527,0.0,0.0,0.0,0.0,0.0,0.0,0.0,0.0,0.0,0.0,0.0,0.0,0.0,0.0,0.0,0.0,0.0,0.0,0.0,0.0,0.0,0.0,0.0,0.0,0.0,0.0,0.0,0.0,0.0,0.0,0.0,0.0,0.0,0.0,nan,nan,4.172364672364672,2.9246578864978297,nan,0.906516572878911,0.022570025740273093,0.0,0.0,0.0,0.0,0.0,0.0,0.0,0.0,0.0,0.0,0.0,0.0,0.0,0.0,0.0,0.0,0.0,0.0,0.0,0.0,0.0,0.0,0.0,0.0,0.01318681318681319,1.1208791208791211,10.536263736263738,14.597802197802201,3.6263736263736273,0.10549450549450552,0.9062170122898472,0.022563121834630558,0.0,0.0,0.0,0.0,0.0,0.0,0.0,0.0,0.0,0.0,0.0,0.0,0.0,0.0,0.0,0.0,0.0,0.0,0.0,0.0,0.0,0.0,0.0,0.0,0.014395393474088296,1.4539347408829177,10.393474088291748,14.769673704414592,3.29654510556622,0.07197696737044147,0.41,0.013016,0.0,0.0,0.0,0.0,0.0,0.0,0.0,0.0,0.0,0.0,0.02637362637362638,6.698901098901089,22.246153846153852,1.0285714285714287,0.0,0.0,0.0,0.0,0.0,0.0,0.0,0.0,0.0,0.0,0.0,0.0,0.0,0.0,0.0,0.0,0.4097,0.012726,0.0,0.0,0.0,0.0,0.0,0.0,0.0,0.0,0.0,0.0,0.0,6.737044145873311,22.168905950095972,1.0940499040307103,0.0,0.0,0.0,0.0,0.0,0.0,0.0,0.0,0.0,0.0,0.0,0.0,0.0,0.0,0.0,0.0
79900,4601,2393,0.5201043251467072,1124,914,0.44294718539447947,1287,0.5594435992175614,0.4020000000000001,2.9533514492753623,3.100972498177696,6.584251968503937,2.1304845922768827,8380.073723103675,506.2902343586085,7853.0,8866.4,8866.399999999998,1.8189894035458565e-12,7853.0,0.0,28.152575527059334,20.647836810663538,32.76700767263427,18.955572934256715,0.12931971310584656,0.10323842642903716,0.0969354488154749,0.0869376222560313,0.07433166702890676,0.07650510758530754,0.06846337752662465,0.06346446424690284,0.06411649641382308,0.05520539013257987,0.04716366007389698,0.04151271462725494,0.03760052162573354,0.022821125842208214,0.01630080417300587,0.011736579004564224,0.0043468811128015645,0.9055431292928112,0.0227286781390829,0.0,0.0,0.0,0.0,0.0,0.0,0.0,0.0,0.0,0.0,0.0,0.0,0.0,0.0,0.0,0.0,0.0,0.0,0.0,0.0,0.0,0.0,0.0,0.0,0.019560965007607047,1.2975440121712674,10.843294935883506,14.540317322321238,3.162356009563139,0.1369267550532493,4.24031007751938,2.9166409405998377,nan,nan,nan,4.32271186440678,2.972459935730043,4.158283031522468,2.858928289087832,0.9619616486034568,0.41,0.0125,0.0,0.0,0.0,0.0,0.0,0.0,0.0,0.0,0.0,0.0,0.0,6.7028906759400035,22.37774396870246,0.9193653553575312,0.0,0.0,0.0,0.0,0.0,0.0,0.0,0.0,0.0,0.0,0.0,0.0,0.0,0.0,0.0,0.0,nan,nan,4.24031007751938,2.9166409405998377,nan,0.41,0.0669,0.0,0.0,0.0,0.0,0.0,0.0,0.0,0.0,0.0,0.0,0.0,0.0,0.0,0.0,0.0,0.0,0.0,0.0,0.0,0.0,0.0,0.0052705933492718975,0.0005868289502282113,0.0,0.0010649858726363834,0.0003042816778961095,0.0011845251032384263,0.0015866116061725713,0.010562921104107803,0.007639643555748751,0.023201477939578354,0.02966746359487068,0.0433384046946316,0.039893501412736364,0.03961095414040426,0.029319713105846554,0.03993697022386438,0.021734405564007825,0.04816344272984134,0.06488806781134536,0.05591175831341013,0.05186915887850467,0.06670289067594001,0.07801564877200609,0.04346881112801565,0.06996305151054119,0.034981525755270595,0.03347098456857205,0.0397304933710063,0.01963703542708107,0.011540969354488154,0.03643773092805912,0.013247120191262769,0.007031080199956531,0.005596609432732015,0.00838948054770702,0.001858291675722669,0.007574440339056727,0.0009563138448163442,0.0,0.0018039556618126495,0.0008802434253423169,0.000869376222560313,0.0,0.000869376222560313,0.0004781569224081721,0.0007607041947402739,0.0,0.0,0.0,0.0,0.0,0.0,0.0,0.0,0.0,0.0,0.0,0.0,0.0,0.0,0.0,0.0,0.0,0.0,0.0,0.0,0.0,0.0,0.0,0.0,0.0,0.0,0.0,0.0,0.0,0.0,0.0,0.0,0.0,0.0,nan,nan,4.24031007751938,2.9166409405998377,nan,0.9056418404088975,0.022356814109381055,0.0,0.0,0.0,0.0,0.0,0.0,0.0,0.0,0.0,0.0,0.0,0.0,0.0,0.0,0.0,0.0,0.0,0.0,0.0,0.0,0.0,0.0,0.0,0.0,0.012536564981195155,1.1533639782699543,11.094860008357713,14.429586293355623,3.2093606351859596,0.10029251984956124,0.905436147544263,0.023124472100950047,0.0,0.0,0.0,0.0,0.0,0.0,0.0,0.0,0.0,0.0,0.0,0.0,0.0,0.0,0.0,0.0,0.0,0.0,0.0,0.0,0.0,0.0,0.0,0.0,0.027173913043478267,1.4538043478260874,10.570652173913045,14.660326086956525,3.1114130434782616,0.17663043478260876,0.4097,0.01229,0.0,0.0,0.0,0.0,0.0,0.0,0.0,0.0,0.0,0.0,0.0,6.757208524864177,22.340158796489767,0.9026326786460511,0.0,0.0,0.0,0.0,0.0,0.0,0.0,0.0,0.0,0.0,0.0,0.0,0.0,0.0,0.0,0.0,0.4102,0.01271,0.0,0.0,0.0,0.0,0.0,0.0,0.0,0.0,0.0,0.0,0.0,6.644021739130425,22.418478260869573,0.9375000000000002,0.0,0.0,0.0,0.0,0.0,0.0,0.0,0.0,0.0,0.0,0.0,0.0,0.0,0.0,0.0,0.0
80000,4635,2367,0.5106796116504855,1116,961,0.4481121898597627,1306,0.5635382955771305,0.4020000000000001,3.002645502645503,3.106713454170592,6.645933014354067,2.035332688630451,8370.522718446602,506.584404384329,7853.0,8866.4,8866.4,0.0,7853.0,0.0,27.620064724919093,20.591102769507494,32.48049281314169,18.858617749245727,0.1389428263214671,0.10442286947141316,0.0895361380798274,0.08457389428263215,0.08241639697950377,0.08047464940668825,0.07357065803667745,0.0627831715210356,0.05415318230852211,0.05566343042071197,0.04509169363538296,0.040776699029126215,0.030204962243797196,0.02761596548004315,0.014455231930960086,0.007982740021574973,0.007335490830636462,0.905964316146402,0.022925306056783487,0.0,0.0,0.0,0.0,0.0,0.0,0.0,0.0,0.0,0.0,0.0,0.0,0.0,0.0,0.0,0.0,0.0,0.0,0.0,0.0,0.0,0.0,0.0,0.0,0.03236245954692557,1.2815533980582525,10.498381877022656,14.627831715210359,3.4692556634304217,0.0906148867313916,4.296333669693912,2.882607881669255,nan,nan,nan,4.337575351640991,2.912874397516755,4.256930358350236,2.850852625486395,0.9814078173281197,0.4104,0.0125,0.0,0.0,0.0,0.0,0.0,0.0,0.0,0.0,0.0,0.0,0.01941747572815534,6.097087378640768,22.906148867313924,0.9773462783171523,0.0,0.0,0.0,0.0,0.0,0.0,0.0,0.0,0.0,0.0,0.0,0.0,0.0,0.0,0.0,0.0,nan,nan,4.296333669693912,2.882607881669255,nan,0.4104,0.06635,0.0,0.0,0.0,0.0,0.0,0.0,0.0,0.0,0.0,0.0,0.0,0.0,0.0,0.0,0.0,0.0,0.0,0.0,0.0,0.0,0.0,0.004584681769147788,0.0009385113268608414,0.0,0.0011111111111111111,0.00036677454153182307,0.0012405609492988133,0.0014670981661272923,0.01022653721682848,0.007918015102481121,0.023743257820927725,0.029482200647249192,0.040485436893203886,0.0390722761596548,0.03946062567421791,0.029212513484358143,0.039633225458468174,0.020819848975188782,0.045566343042071196,0.06896440129449838,0.05526429341963322,0.05202804746494067,0.06678532901833872,0.07833872707659116,0.04604099244875944,0.07078748651564186,0.03240560949298813,0.03391585760517799,0.04210355987055016,0.01960086299892125,0.011898597626752966,0.03844660194174757,0.012491909385113268,0.006763754045307443,0.006709816612729234,0.006839266450916937,0.0014131607335490831,0.008338727076591154,0.0006580366774541532,2.157497303128371e-05,0.001564185544768069,0.0011111111111111111,0.0007551240560949298,1.0787486515641855e-05,0.0005825242718446602,0.00026968716289104636,0.0005609492988133765,0.0,0.0,0.0,0.0,0.0,0.0,0.0,0.0,0.0,0.0,0.0,0.0,0.0,0.0,0.0,0.0,0.0,0.0,0.0,0.0,0.0,0.0,0.0,0.0,0.0,0.0,0.0,0.0,0.0,0.0,0.0,0.0,0.0,0.0,nan,nan,4.296333669693912,2.882607881669255,nan,0.9061930859496838,0.0231784467808568,0.0,0.0,0.0,0.0,0.0,0.0,0.0,0.0,0.0,0.0,0.0,0.0,0.0,0.0,0.0,0.0,0.0,0.0,0.0,0.0,0.0,0.0,0.0,0.0,0.025348542458808625,1.3814955640050701,10.215462610899875,14.651457541191384,3.6375158428390377,0.08871989860583018,0.9057255603596437,0.022655636363438404,0.0,0.0,0.0,0.0,0.0,0.0,0.0,0.0,0.0,0.0,0.0,0.0,0.0,0.0,0.0,0.0,0.0,0.0,0.0,0.0,0.0,0.0,0.0,0.0,0.03968253968253969,1.1772486772486774,10.793650793650794,14.603174603174606,3.2936507936507944,0.09259259259259262,0.4104,0.01232,0.0,0.0,0.0,0.0,0.0,0.0,0.0,0.0,0.0,0.0,0.012674271229404312,5.918884664131804,23.092522179974658,0.975918884664132,0.0,0.0,0.0,0.0,0.0,0.0,0.0,0.0,0.0,0.0,0.0,0.0,0.0,0.0,0.0,0.0,0.4102,0.01267,0.0,0.0,0.0,0.0,0.0,0.0,0.0,0.0,0.0,0.0,0.02645502645502646,6.283068783068774,22.71164021164022,0.9788359788359791,0.0,0.0,0.0,0.0,0.0,0.0,0.0,0.0,0.0,0.0,0.0,0.0,0.0,0.0,0.0,0.0
80100,4696,2377,0.506175468483816,1160,954,0.45017035775127767,1356,0.5775127768313458,0.39000000000000007,2.9551530832255284,3.0794661309805953,6.398540145985401,2.132884185584915,8365.958219761498,506.6613510871108,7853.0,8866.4,8866.4,0.0,7853.0,0.0,28.04770017035775,20.69725452314781,32.911526794742166,18.91512249614113,0.1362862010221465,0.09603918228279387,0.09561328790459966,0.08837308347529813,0.08411413969335604,0.07176320272572402,0.06324531516183986,0.06686541737649063,0.0598381601362862,0.056643952299829645,0.05132027257240204,0.03854344122657581,0.031942078364565585,0.02661839863713799,0.018739352640545145,0.007666098807495741,0.006388415672913117,0.9056581616960149,0.02279565493139056,0.0,0.0,0.0,0.0,0.0,0.0,0.0,0.0,0.0,0.0,0.0,0.0,0.0,0.0,0.0,0.0,0.0,0.0,0.0,0.0,0.0,0.0,0.0,0.0,0.019165247018739357,1.3735093696763208,10.572827938671212,14.744463373083478,3.168654173764907,0.12137989778534926,4.291284403669724,2.898006736070925,nan,nan,nan,4.302465023317788,2.9127531933720054,4.28046421663443,2.8836225857637876,0.9948864647210094,0.41,0.01238,0.0,0.0,0.0,0.0,0.0,0.0,0.0,0.0,0.0,0.0,0.006388415672913119,6.2287052810902805,22.915247018739358,0.8496592844974449,0.0,0.0,0.0,0.0,0.0,0.0,0.0,0.0,0.0,0.0,0.0,0.0,0.0,0.0,0.0,0.0,nan,nan,4.291284403669724,2.898006736070925,nan,0.41,0.0666,0.0,0.0,0.0,0.0,0.0,0.0,0.0,0.0,0.0,0.0,0.0,0.0,0.0,0.0,0.0,0.0,0.0,0.0,0.0,0.0,0.0,0.005174616695059625,0.0006068994889267461,0.0,0.0006281942078364566,0.00031942078364565585,0.0016077512776831347,0.001522572402044293,0.010168228279386711,0.008549829642248723,0.023456132879045997,0.028172913117546848,0.04109880749574105,0.040726149914821125,0.042632027257240204,0.029216354344122657,0.038234667802385006,0.02296635434412266,0.04734880749574106,0.0663011073253833,0.053375212947189096,0.05073466780238501,0.06641822827938672,0.07802385008517887,0.046103066439523,0.07002768313458263,0.03162265758091993,0.03362436115843271,0.04071550255536627,0.020070272572402046,0.01121166950596252,0.04184412265758092,0.012436115843270869,0.006100936967632027,0.007016609880749574,0.006835604770017036,0.001959114139693356,0.007399914821124361,0.0009050255536626917,6.388415672913118e-05,0.0015651618398637138,0.0010114991482112435,0.0009689097103918228,0.0,0.0006707836456558774,9.582623509369676e-05,0.00046848381601362864,0.0,0.0,0.0,0.0,0.0,0.0,0.0,0.0,0.0,0.0,0.0,0.0,0.0,0.0,0.0,0.0,0.0,0.0,0.0,0.0,0.0,0.0,0.0,0.0,0.0,0.0,0.0,0.0,0.0,0.0,0.0,0.0,0.0,0.0,nan,nan,4.291284403669724,2.898006736070925,nan,0.905909383577813,0.023056404850300003,0.0,0.0,0.0,0.0,0.0,0.0,0.0,0.0,0.0,0.0,0.0,0.0,0.0,0.0,0.0,0.0,0.0,0.0,0.0,0.0,0.0,0.0,0.0,0.0,0.025241901556583936,1.3125788809423646,10.424905342869167,14.703407656710143,3.407656710138831,0.12620950778291967,0.905400656558872,0.022522343043024733,0.0,0.0,0.0,0.0,0.0,0.0,0.0,0.0,0.0,0.0,0.0,0.0,0.0,0.0,0.0,0.0,0.0,0.0,0.0,0.0,0.0,0.0,0.0,0.0,0.012936610608020701,1.435963777490298,10.724450194049162,14.786545924967662,2.9236739974126786,0.11642949547218631,0.41,0.01256,0.0,0.0,0.0,0.0,0.0,0.0,0.0,0.0,0.0,0.0,0.012620950778291968,6.48716870004206,22.591501893142624,0.9087084560370217,0.0,0.0,0.0,0.0,0.0,0.0,0.0,0.0,0.0,0.0,0.0,0.0,0.0,0.0,0.0,0.0,0.41,0.0122,0.0,0.0,0.0,0.0,0.0,0.0,0.0,0.0,0.0,0.0,0.0,5.963777490297534,23.2470892626132,0.7891332470892628,0.0,0.0,0.0,0.0,0.0,0.0,0.0,0.0,0.0,0.0,0.0,0.0,0.0,0.0,0.0,0.0
80200,4423,2272,0.5136784987565001,1100,877,0.4469816866380285,1205,0.5448790413746326,0.4260000000000001,2.900046490004649,3.060638517301495,6.567474048442906,2.1281880267044495,8373.561790639837,506.510356024689,7853.0,8866.4,8866.399999999998,1.8189894035458565e-12,7853.0,0.0,28.02419172507348,21.027615593879517,33.111111111111114,19.23537937684384,0.14175898711281934,0.10739317205516617,0.08953199186072801,0.07913181098801718,0.07777526565679403,0.07483608410581054,0.06940990278091792,0.0617228125706534,0.061948903459190595,0.053809631471851686,0.04793126836988469,0.03843545105132263,0.03527017861180194,0.023513452407867962,0.018991634637124125,0.012208907981008365,0.006330544879041375,0.906196144905776,0.02275693695084298,0.0,0.0,0.0,0.0,0.0,0.0,0.0,0.0,0.0,0.0,0.0,0.0,0.0,0.0,0.0,0.0,0.0,0.0,0.0,0.0,0.0,0.0,0.0,0.0,0.02034817996834728,1.186977164820258,10.676011756726206,14.650689577210041,3.3506669681211854,0.11530635315396792,4.214663376806485,2.8205818654587866,nan,nan,nan,4.229893238434164,2.823231595779248,4.19916142557652,2.8188046534216284,0.9927346126426065,0.4097,0.01254,0.0,0.0,0.0,0.0,0.0,0.0,0.0,0.0,0.0,0.0,0.02034817996834728,6.511417589871119,22.667872484738872,0.8003617454216597,0.0,0.0,0.0,0.0,0.0,0.0,0.0,0.0,0.0,0.0,0.0,0.0,0.0,0.0,0.0,0.0,nan,nan,4.214663376806485,2.8205818654587866,nan,0.4097,0.0666,0.0,0.0,0.0,0.0,0.0,0.0,0.0,0.0,0.0,0.0,0.0,0.0,0.0,0.0,0.0,0.0,0.0,0.0,0.0,0.0,0.0,0.005482704047026905,0.0009382771874293466,3.391363328057879e-05,0.0005991408546235586,0.0005539226769161203,0.0017635089305900972,0.0014582862310648882,0.00928103097445173,0.008478408320144699,0.025333484060592357,0.026825683924937824,0.04316075062174994,0.04153289622428216,0.04153289622428216,0.027424824779561385,0.03628758761021931,0.02277865702012209,0.0494686864119376,0.06717160298439973,0.05275830884015374,0.05061044539905042,0.06867510739317205,0.07777526565679403,0.04699299118245535,0.06881076192629437,0.03189011982817092,0.03412841962468913,0.040470269048157356,0.01914989825910016,0.010445399050418268,0.0421659507121863,0.013079357901876554,0.00531313588062401,0.00590097219082071,0.006251413068053357,0.001910468008139272,0.007935790187655438,0.0010513226316979426,7.913181098801718e-05,0.0015826362197603437,0.0007347953877458738,0.0009382771874293466,0.0,0.0007460999321727334,0.0,0.0004973999547818223,0.0,0.0,0.0,0.0,0.0,0.0,0.0,0.0,0.0,0.0,0.0,0.0,0.0,0.0,0.0,0.0,0.0,0.0,0.0,0.0,0.0,0.0,0.0,0.0,0.0,0.0,0.0,0.0,0.0,0.0,0.0,0.0,0.0,0.0,nan,nan,4.214663376806485,2.8205818654587866,nan,0.9063401346055555,0.022796062332674897,0.0,0.0,0.0,0.0,0.0,0.0,0.0,0.0,0.0,0.0,0.0,0.0,0.0,0.0,0.0,0.0,0.0,0.0,0.0,0.0,0.0,0.0,0.0,0.0,0.03961267605633804,1.0563380281690142,10.708626760563382,14.749119718309862,3.3142605633802824,0.13204225352112678,0.9060440553670038,0.022714546264355075,0.0,0.0,0.0,0.0,0.0,0.0,0.0,0.0,0.0,0.0,0.0,0.0,0.0,0.0,0.0,0.0,0.0,0.0,0.0,0.0,0.0,0.0,0.0,0.0,0.0,1.3249651324965135,10.641562064156208,14.54672245467225,3.3891213389121346,0.09762900976290101,0.4097,0.01259,0.0,0.0,0.0,0.0,0.0,0.0,0.0,0.0,0.0,0.0,0.01320422535211268,6.470070422535201,22.76408450704226,0.7526408450704227,0.0,0.0,0.0,0.0,0.0,0.0,0.0,0.0,0.0,0.0,0.0,0.0,0.0,0.0,0.0,0.0,0.4094,0.0125,0.0,0.0,0.0,0.0,0.0,0.0,0.0,0.0,0.0,0.0,0.027894002789400286,6.555090655509057,22.566248256624828,0.8507670850767087,0.0,0.0,0.0,0.0,0.0,0.0,0.0,0.0,0.0,0.0,0.0,0.0,0.0,0.0,0.0,0.0
80300,4636,2434,0.5250215703192407,1120,936,0.44348576358930114,1300,0.5608283002588438,0.4180000000000001,2.957311534968211,3.0407456483933317,6.400313971742543,2.1508714371385276,8385.056859361519,506.065133834885,7853.0,8866.4,8866.4,0.0,7853.0,0.0,28.505608283002587,21.073932340331424,33.59207818930041,19.19849099764039,0.13869715271786023,0.09361518550474547,0.08800690250215704,0.09124245038826574,0.08541846419327007,0.06902502157031924,0.06514236410698879,0.06255392579810182,0.05263157894736842,0.057808455565142365,0.051121656600517686,0.047670405522001726,0.035159620362381364,0.02631578947368421,0.017903364969801553,0.011216566005176877,0.0064710957722174285,0.906275668117998,0.022590509917029888,0.0,0.0,0.0,0.0,0.0,0.0,0.0,0.0,0.0,0.0,0.0,0.0,0.0,0.0,0.0,0.0,0.0,0.0,0.0,0.0,0.0,0.0,0.0,0.0,0.01941328731665229,1.1583261432269198,10.845556514236414,14.35289042277826,3.546160483175152,0.07765314926660916,4.062294001318391,2.802627688856248,nan,nan,nan,4.089226701916722,2.8015379587051097,4.035502958579881,2.8034545750548987,0.9868621264476095,0.4094,0.0124,0.0,0.0,0.0,0.0,0.0,0.0,0.0,0.0,0.0,0.0,0.00647109577221743,6.7558239861949865,22.480586712683355,0.7571182053494394,0.0,0.0,0.0,0.0,0.0,0.0,0.0,0.0,0.0,0.0,0.0,0.0,0.0,0.0,0.0,0.0,nan,nan,4.062294001318391,2.802627688856248,nan,0.4094,0.0661,0.0,0.0,0.0,0.0,0.0,0.0,0.0,0.0,0.0,0.0,0.0,0.0,0.0,0.0,0.0,0.0,0.0,0.0,0.0,0.0,0.0,0.005069025021570319,0.0011647972389991373,1.0785159620362381e-05,0.0006578947368421052,0.0006578947368421052,0.001973684210526316,0.0012942191544434857,0.009113459879206212,0.008013373597929248,0.026305004314063848,0.026736410698878343,0.041684641932700606,0.04164150129421915,0.04125323554788611,0.029141501294219153,0.03419974115616911,0.02188308886971527,0.05063632441760138,0.0677739430543572,0.056212251941328735,0.04987057808455565,0.07002804141501294,0.07960526315789473,0.04696937014667817,0.06353537532355479,0.03177308024158758,0.03634598792062123,0.04035806729939603,0.01775237273511648,0.010526315789473684,0.042946505608283,0.013276531492666091,0.0049288179465056085,0.005996548748921484,0.006665228645383952,0.0014344262295081967,0.007452545297670405,0.0015746333045729077,0.0001833477135461605,0.0012402933563416738,0.0006255392579810181,0.0010138050043140639,2.1570319240724762e-05,0.0003451251078515962,0.0,0.00010785159620362382,0.0,0.0,0.0,0.0,0.0,0.0,0.0,0.0,0.0,0.0,0.0,0.0,0.0,0.0,0.0,0.0,0.0,0.0,0.0,0.0,0.0,0.0,0.0,0.0,0.0,0.0,0.0,0.0,0.0,0.0,0.0,0.0,0.0,0.0,nan,nan,4.062294001318391,2.802627688856248,nan,0.9064718484388773,0.02247775098349134,0.0,0.0,0.0,0.0,0.0,0.0,0.0,0.0,0.0,0.0,0.0,0.0,0.0,0.0,0.0,0.0,0.0,0.0,0.0,0.0,0.0,0.0,0.0,0.0,0.012325390304026297,1.1339359079704192,10.994248151191458,14.198849630238294,3.5866885784716525,0.07395234182415777,0.9060588184808407,0.022712526043739658,0.0,0.0,0.0,0.0,0.0,0.0,0.0,0.0,0.0,0.0,0.0,0.0,0.0,0.0,0.0,0.0,0.0,0.0,0.0,0.0,0.0,0.0,0.0,0.0,0.02724795640326976,1.1852861035422346,10.681198910081745,14.523160762942783,3.5013623978201642,0.08174386920980928,0.4092,0.01223,0.0,0.0,0.0,0.0,0.0,0.0,0.0,0.0,0.0,0.0,0.0,6.7296631059983465,22.678718159408387,0.5916187345932622,0.0,0.0,0.0,0.0,0.0,0.0,0.0,0.0,0.0,0.0,0.0,0.0,0.0,0.0,0.0,0.0,0.4094,0.012566,0.0,0.0,0.0,0.0,0.0,0.0,0.0,0.0,0.0,0.0,0.01362397820163488,6.784741144414159,22.261580381471394,0.9400544959128068,0.0,0.0,0.0,0.0,0.0,0.0,0.0,0.0,0.0,0.0,0.0,0.0,0.0,0.0,0.0,0.0
80400,4835,2502,0.5174767321613237,1200,975,0.4498448810754912,1351,0.558841778697001,0.4100000000000001,3.0180025717959706,3.139781382359577,6.630723781388479,2.194285900586169,8377.410920372286,506.3903763891711,7853.0,8866.4,8866.4,0.0,7853.0,0.0,27.899276111685626,20.804004603493286,32.85024630541872,19.023766246601735,0.1394002068252327,0.09824198552223372,0.08976215098241985,0.08790072388831438,0.08562564632885213,0.07838676318510858,0.06825232678386763,0.058531540847983454,0.06349534643226473,0.05108583247156153,0.04653567735263702,0.04260599793174767,0.029782833505687695,0.02419855222337125,0.017786970010341262,0.01158221302998966,0.006825232678386763,0.9071318375657484,0.022397437238936405,0.0,0.0,0.0,0.0,0.0,0.0,0.0,0.0,0.0,0.0,0.0,0.0,0.0,0.0,0.0,0.0,0.0,0.0,0.0,0.0,0.0,0.0,0.0,0.0,0.024819027921406417,1.0299896587383663,10.076525336091004,15.307135470527408,3.4684591520165466,0.09307135470527407,4.329505582137161,2.9370112907067916,nan,nan,nan,4.3132607303010895,2.94273941226258,4.34561626429479,2.931230508665674,1.0075014092624635,0.41,0.0124,0.0,0.0,0.0,0.0,0.0,0.0,0.0,0.0,0.0,0.0,0.006204756980351604,6.570837642192338,22.610134436401246,0.8128231644260602,0.0,0.0,0.0,0.0,0.0,0.0,0.0,0.0,0.0,0.0,0.0,0.0,0.0,0.0,0.0,0.0,nan,nan,4.329505582137161,2.9370112907067916,nan,0.41,0.0658,0.0,0.0,0.0,0.0,0.0,0.0,0.0,0.0,0.0,0.0,0.0,0.0,0.0,0.0,0.0,0.0,0.0,0.0,0.0,0.0,0.0,0.005222337125129266,0.0010444674250258531,0.0,0.0004136504653567735,0.0009410548086866598,0.00156153050672182,0.0011065149948293691,0.009183040330920373,0.007176835573940021,0.026018614270941053,0.027404343329886244,0.041458117890382624,0.041282316442606,0.039658738366080665,0.030734229576008274,0.03317476732161324,0.020672182006204756,0.04794208893485005,0.06699069286452947,0.05579110651499483,0.052016546018614274,0.07027921406411582,0.08095139607032058,0.04832471561530507,0.06623578076525335,0.03205791106514995,0.035698035160289555,0.041054808686659776,0.01595656670113754,0.012368148914167529,0.04322647362978283,0.012750775594622545,0.0043640124095139605,0.0059462254395036196,0.007600827300930714,0.0014581178903826267,0.007859358841778697,0.0016132368148914168,0.0001654601861427094,0.0010858324715615306,0.00027921406411582215,0.0004963805584281282,3.1023784901758014e-05,0.00039296794208893484,0.0,1.0341261633919338e-05,0.0,0.0,0.0,0.0,0.0,0.0,0.0,0.0,0.0,0.0,0.0,0.0,0.0,0.0,0.0,0.0,0.0,0.0,0.0,0.0,0.0,0.0,0.0,0.0,0.0,0.0,0.0,0.0,0.0,0.0,0.0,0.0,0.0,0.0,nan,nan,4.329505582137161,2.9370112907067916,nan,0.9070453103735959,0.022632300364313965,0.0,0.0,0.0,0.0,0.0,0.0,0.0,0.0,0.0,0.0,0.0,0.0,0.0,0.0,0.0,0.0,0.0,0.0,0.0,0.0,0.0,0.0,0.0,0.0,0.04796163069544366,1.0551558752997603,10.167865707434055,15.09592326139089,3.5371702637889695,0.09592326139088732,0.9072246326942378,0.022142416950121667,0.0,0.0,0.0,0.0,0.0,0.0,0.0,0.0,0.0,0.0,0.0,0.0,0.0,0.0,0.0,0.0,0.0,0.0,0.0,0.0,0.0,0.0,0.0,0.0,0.0,1.003000428632662,9.97856836690956,15.533647663951996,3.394770681525933,0.0900128589798543,0.41,0.01265,0.0,0.0,0.0,0.0,0.0,0.0,0.0,0.0,0.0,0.0,0.0,6.834532374100709,22.218225419664275,0.9472422062350122,0.0,0.0,0.0,0.0,0.0,0.0,0.0,0.0,0.0,0.0,0.0,0.0,0.0,0.0,0.0,0.0,0.41,0.01211,0.0,0.0,0.0,0.0,0.0,0.0,0.0,0.0,0.0,0.0,0.012858979854264898,6.288041148735524,23.030432918988435,0.6686669524217748,0.0,0.0,0.0,0.0,0.0,0.0,0.0,0.0,0.0,0.0,0.0,0.0,0.0,0.0,0.0,0.0
80500,4933,2491,0.5049665517940402,1159,1049,0.4475978106628826,1400,0.5676059193188729,0.4020000000000001,2.880835380835381,3.063371295155592,6.578538102643857,2.115183878420023,8364.733103588082,506.6750022137183,7853.0,8866.4,8866.4,0.0,7853.0,0.0,27.40482465031421,20.52294511357646,32.256342111621166,18.845059561505185,0.1388607338333671,0.10622339347253193,0.09547942428542469,0.08534360429758768,0.08210014190147982,0.07885667950537198,0.06730184471923778,0.06466653152240016,0.05676059193188729,0.052706263936752484,0.04621933914453679,0.03932698155280762,0.03101560916278127,0.022704236772754915,0.016420028380295965,0.010338536387593756,0.005676059193188729,0.9079478070964538,0.02278841644942266,0.0,0.0,0.0,0.0,0.0,0.0,0.0,0.0,0.0,0.0,0.0,0.0,0.0,0.0,0.0,0.0,0.0,0.0,0.0,0.0,0.0,0.0,0.0,0.0,0.01824447597810663,1.0764240827082914,9.809446584228665,15.063855665923375,3.867828907358606,0.1642002838029597,4.253192848020435,2.86121162295196,nan,nan,nan,4.286995515695067,2.896177649405808,4.215923566878981,2.8227693307804875,0.9834215014790929,0.4102,0.012344,0.0,0.0,0.0,0.0,0.0,0.0,0.0,0.0,0.0,0.0,0.01824447597810663,6.318670180417587,22.975876748428952,0.6872085951753498,0.0,0.0,0.0,0.0,0.0,0.0,0.0,0.0,0.0,0.0,0.0,0.0,0.0,0.0,0.0,0.0,nan,nan,4.253192848020435,2.86121162295196,nan,0.4102,0.06586,0.0,0.0,0.0,0.0,0.0,0.0,0.0,0.0,0.0,0.0,0.0,0.0,0.0,0.0,0.0,0.0,0.0,0.0,0.0,0.0,0.0,0.005219947293736063,0.0009831745388201906,0.0,0.0003851611595378066,0.001175755118589094,0.0015609162781269005,0.001307520778430975,0.009426312588688425,0.006040948712750862,0.026272045408473544,0.027437664707074802,0.042479221569024936,0.04116156497060612,0.03804986823434016,0.03174538820190553,0.03306304480032435,0.021487938374214473,0.04617879586458545,0.06936955199675654,0.053608351915669976,0.052817757956618694,0.06785931481856883,0.07827893776606527,0.047739712142712346,0.06966349077640381,0.03303263734036083,0.03700587877559294,0.04102979931076424,0.015903101560916278,0.015122643421852829,0.04202310966957227,0.01110885870666937,0.0047739712142712346,0.006020677072775187,0.006142306912629232,0.00125684167849179,0.008818163389418205,0.0015406446381512264,0.00020271639975674033,0.0014595580782485304,0.00024325967970808838,0.0005067909993918508,7.095073991485911e-05,0.00042570443948915465,0.0,0.0,0.0,0.0,0.0,0.0,0.0,0.0,0.0,0.0,0.0,0.0,0.0,0.0,0.0,0.0,0.0,0.0,0.0,0.0,0.0,0.0,0.0,0.0,0.0,0.0,0.0,0.0,0.0,0.0,0.0,0.0,0.0,0.0,0.0,0.0,nan,nan,4.253192848020435,2.86121162295196,nan,0.9082277662444909,0.02258605725619322,0.0,0.0,0.0,0.0,0.0,0.0,0.0,0.0,0.0,0.0,0.0,0.0,0.0,0.0,0.0,0.0,0.0,0.0,0.0,0.0,0.0,0.0,0.0,0.0,0.03613006824568447,1.0718586912886392,9.502207948615016,15.295062224006426,3.9743075070252916,0.12043356081894824,0.9076622304225144,0.022989488962672538,0.0,0.0,0.0,0.0,0.0,0.0,0.0,0.0,0.0,0.0,0.0,0.0,0.0,0.0,0.0,0.0,0.0,0.0,0.0,0.0,0.0,0.0,0.0,0.0,0.0,1.0810810810810814,10.122850122850126,14.828009828009831,3.7592137592137598,0.20884520884520888,0.4097,0.01199,0.0,0.0,0.0,0.0,0.0,0.0,0.0,0.0,0.0,0.0,0.012043356081894824,6.298675230830983,23.17141710156564,0.5178643115214774,0.0,0.0,0.0,0.0,0.0,0.0,0.0,0.0,0.0,0.0,0.0,0.0,0.0,0.0,0.0,0.0,0.4104,0.01268,0.0,0.0,0.0,0.0,0.0,0.0,0.0,0.0,0.0,0.0,0.024570024570024575,6.33906633906633,22.776412776412784,0.8599508599508602,0.0,0.0,0.0,0.0,0.0,0.0,0.0,0.0,0.0,0.0,0.0,0.0,0.0,0.0,0.0,0.0
80600,4237,2221,0.5241916450318622,1075,846,0.4533868303044607,1167,0.5508614585791833,0.4340000000000001,2.8958333333333335,2.9837626885772988,6.1924398625429555,2.0999291165402347,8384.215813075289,506.10657465523735,7853.0,8866.4,8866.4,0.0,7853.0,0.0,29.015105027141846,21.141972819457262,33.8289766407119,19.311435492396335,0.1321689874911494,0.09440641963653529,0.08803398631106915,0.08166155298560301,0.08472976162379042,0.07505310361104556,0.06584847769648336,0.06396034930375266,0.05664385178192117,0.059004012272834555,0.05192353080009441,0.04625914562190229,0.03634647156006608,0.027141845645503895,0.014869011092754307,0.012980882700023602,0.008968609865470852,0.9078603166579525,0.022921061950968716,0.0,0.0,0.0,0.0,0.0,0.0,0.0,0.0,0.0,0.0,0.0,0.0,0.0,0.0,0.0,0.0,0.0,0.0,0.0,0.0,0.0,0.0,0.0,0.0,0.0,1.1187160726929433,9.841869247108805,15.173471796082136,3.688930847297617,0.1770120368185037,4.00638524299397,2.8086602165444168,nan,nan,nan,4.014388489208633,2.8089927827234944,4.000700280112045,2.8081762500499248,0.9965902131461905,0.4097,0.01253,0.0,0.0,0.0,0.0,0.0,0.0,0.0,0.0,0.0,0.0,0.014160962945480296,6.641491621430248,22.438045787113527,0.9063016285107389,0.0,0.0,0.0,0.0,0.0,0.0,0.0,0.0,0.0,0.0,0.0,0.0,0.0,0.0,0.0,0.0,nan,nan,4.00638524299397,2.8086602165444168,nan,0.4097,0.0654,0.0,0.0,0.0,0.0,0.0,0.0,0.0,0.0,0.0,0.0,0.0,0.0,0.0,0.0,0.0,0.0,0.0,0.0,0.0,2.360160490913382e-05,0.0,0.005215954684918574,0.000920462591456219,5.900401227283455e-05,0.0003776256785461411,0.0007552513570922823,0.0008378569742742507,0.0015223035166391315,0.009877271654472504,0.0065730469671937694,0.025466131696955392,0.02860514514987019,0.040736370073164975,0.04087797970261978,0.039402879395798916,0.031142317677602078,0.034163323105971206,0.021678074109039415,0.047108803398631105,0.07126504602312957,0.054106679254189285,0.05212414444182204,0.06881047911257966,0.07907717724805287,0.04870191172999764,0.06603729053575644,0.03331366532924239,0.035355204153882464,0.04129100778852962,0.015942884116119896,0.015057823932027379,0.04282511210762332,0.011375973566202503,0.004342695303280623,0.00611281567146566,0.005322161907009676,0.001982534812367241,0.007517111163559122,0.0012744866650932264,0.00016521123436393675,0.0015459051215482654,0.00021241444418220438,0.0005782393202737787,5.900401227283455e-05,0.000259617654000472,0.0,0.0,0.0,0.0,0.0,0.0,0.0,0.0,0.0,0.0,0.0,0.0,0.0,0.0,0.0,0.0,0.0,0.0,0.0,0.0,0.0,0.0,0.0,0.0,0.0,0.0,0.0,0.0,0.0,0.0,0.0,0.0,0.0,0.0,0.0,0.0,nan,nan,4.00638524299397,2.8086602165444168,nan,0.9074241266439542,0.023094465704641937,0.0,0.0,0.0,0.0,0.0,0.0,0.0,0.0,0.0,0.0,0.0,0.0,0.0,0.0,0.0,0.0,0.0,0.0,0.0,0.0,0.0,0.0,0.0,0.0,0.0,1.4047726249437194,9.495722647456102,15.276902296262948,3.633498424133274,0.18910400720396223,0.9083408613112711,0.02271880058845798,0.0,0.0,0.0,0.0,0.0,0.0,0.0,0.0,0.0,0.0,0.0,0.0,0.0,0.0,0.0,0.0,0.0,0.0,0.0,0.0,0.0,0.0,0.0,0.0,0.0,0.8035714285714288,10.223214285714288,15.059523809523814,3.750000000000001,0.16369047619047622,0.41,0.01251,0.0,0.0,0.0,0.0,0.0,0.0,0.0,0.0,0.0,0.0,0.013507429085997301,6.470058532192697,22.67897343538947,0.8374606033318327,0.0,0.0,0.0,0.0,0.0,0.0,0.0,0.0,0.0,0.0,0.0,0.0,0.0,0.0,0.0,0.0,0.4094,0.01255,0.0,0.0,0.0,0.0,0.0,0.0,0.0,0.0,0.0,0.0,0.014880952380952385,6.830357142857133,22.17261904761905,0.9821428571428573,0.0,0.0,0.0,0.0,0.0,0.0,0.0,0.0,0.0,0.0,0.0,0.0,0.0,0.0,0.0,0.0
80700,4365,2300,0.5269186712485682,1109,876,0.4547537227949599,1220,0.5589919816723941,0.4340000000000001,3.0353510895883775,3.1785006722077638,6.793286219081272,2.1403140714481745,8386.9793814433,505.965142423933,7853.0,8866.4,8866.399999999998,1.8189894035458565e-12,7853.0,0.0,28.165177548682703,20.767716084902993,33.10375816993464,18.93371843925965,0.1404352806414662,0.09621993127147767,0.08888888888888889,0.0879725085910653,0.08201603665521191,0.07308132875143185,0.06437571592210767,0.06575028636884307,0.06368843069873997,0.057502863688430696,0.04261168384879725,0.04513172966781214,0.03665521191294387,0.024742268041237112,0.016265750286368844,0.007560137457044674,0.007101947308132875,0.908040059077098,0.022647146345883724,0.0,0.0,0.0,0.0,0.0,0.0,0.0,0.0,0.0,0.0,0.0,0.0,0.0,0.0,0.0,0.0,0.0,0.0,0.0,0.0,0.0,0.0,0.0,0.0,0.0068728522336769775,1.0171821305841926,9.759450171821307,15.250859106529212,3.8281786941580767,0.13745704467353956,4.296322241681261,2.9928877387902357,nan,nan,nan,4.232180663373324,2.9945389676237175,4.361864996520529,2.9896399871016097,1.0306424378972134,0.41,0.01231,0.0,0.0,0.0,0.0,0.0,0.0,0.0,0.0,0.0,0.0,0.0,6.171821305841915,22.962199312714784,0.8659793814432992,0.0,0.0,0.0,0.0,0.0,0.0,0.0,0.0,0.0,0.0,0.0,0.0,0.0,0.0,0.0,0.0,nan,nan,4.296322241681261,2.9928877387902357,nan,0.41,0.0653,0.0,0.0,0.0,0.0,0.0,0.0,0.0,0.0,0.0,0.0,0.0,0.0,0.0,0.0,0.0,0.0,0.0,0.0,0.0,1.145475372279496e-05,0.0,0.005063001145475372,0.0009507445589919817,4.581901489117984e-05,0.0004009163802978236,0.0006071019473081328,0.0009965635738831615,0.0013745704467353953,0.01,0.006838487972508591,0.024547537227949598,0.030515463917525774,0.04011454753722795,0.03893470790378007,0.03656357388316151,0.03162657502863688,0.034375715922107676,0.021557846506300115,0.04956471935853379,0.07153493699885452,0.05219931271477663,0.052737686139748,0.06781214203894616,0.08179839633447882,0.04820160366552119,0.0638831615120275,0.03513172966781214,0.03691867124856816,0.039621993127147766,0.015990836197021765,0.015670103092783504,0.045853379152348224,0.011386025200458191,0.0037227949599083618,0.0056930126002290955,0.0047422680412371136,0.0017983963344788086,0.006357388316151203,0.001179839633447881,0.000274914089347079,0.0020389461626575027,0.0002061855670103093,0.0008934707903780069,2.290950744558992e-05,0.00024054982817869417,0.0,0.0,0.0,0.0,0.0,0.0,0.0,0.0,0.0,0.0,0.0,0.0,0.0,0.0,0.0,0.0,0.0,0.0,0.0,0.0,0.0,0.0,0.0,0.0,0.0,0.0,0.0,0.0,0.0,0.0,0.0,0.0,0.0,0.0,0.0,0.0,nan,nan,4.296322241681261,2.9928877387902357,nan,0.9084789920371512,0.0224446490298421,0.0,0.0,0.0,0.0,0.0,0.0,0.0,0.0,0.0,0.0,0.0,0.0,0.0,0.0,0.0,0.0,0.0,0.0,0.0,0.0,0.0,0.0,0.0,0.0,0.0,0.965217391304348,9.469565217391306,15.456521739130437,3.978260869565218,0.13043478260869568,0.9075511749085157,0.022860658945373893,0.0,0.0,0.0,0.0,0.0,0.0,0.0,0.0,0.0,0.0,0.0,0.0,0.0,0.0,0.0,0.0,0.0,0.0,0.0,0.0,0.0,0.0,0.0,0.0,0.014527845036319617,1.0750605326876514,10.082324455205812,15.021791767554483,3.6610169491525433,0.14527845036319614,0.4102,0.01225,0.0,0.0,0.0,0.0,0.0,0.0,0.0,0.0,0.0,0.0,0.0,6.156521739130426,22.99565217391305,0.847826086956522,0.0,0.0,0.0,0.0,0.0,0.0,0.0,0.0,0.0,0.0,0.0,0.0,0.0,0.0,0.0,0.0,0.4097,0.01235,0.0,0.0,0.0,0.0,0.0,0.0,0.0,0.0,0.0,0.0,0.0,6.188861985472146,22.924939467312353,0.8861985472154966,0.0,0.0,0.0,0.0,0.0,0.0,0.0,0.0,0.0,0.0,0.0,0.0,0.0,0.0,0.0,0.0
80800,4601,2437,0.5296674635948707,1145,931,0.45120625950880244,1248,0.5424907628776353,0.4260000000000001,2.961645101663586,3.102218553773741,6.510033444816053,2.2802921097756,8389.765007607042,505.8072610368383,7853.0,8866.4,8866.4,0.0,7853.0,0.0,28.30341230167355,21.072743449827612,33.27312661498708,19.284463127897947,0.1399695718322104,0.09976092153879591,0.0899804390349924,0.08128667680938927,0.08085198869810911,0.0730276026950663,0.07172353836122582,0.06933275374918496,0.055422734188219955,0.049771788741577914,0.04716366007389698,0.038035209737013694,0.037817865681373616,0.02716800695500978,0.019126276896326885,0.01477939578352532,0.004781569224081721,0.907013257491384,0.02296651064351745,0.0,0.0,0.0,0.0,0.0,0.0,0.0,0.0,0.0,0.0,0.0,0.0,0.0,0.0,0.0,0.0,0.0,0.0,0.0,0.0,0.0,0.0,0.0,0.0,0.013040643338404698,1.219300152140839,10.178222125624865,14.79460986742013,3.683981743099327,0.11084546837643992,4.1491786791820315,2.8911772044985877,nan,nan,nan,4.180843938379103,2.882282080409549,4.116185359301545,2.9002790367181253,0.9845345628704271,0.4094,0.01239,0.0,0.0,0.0,0.0,0.0,0.0,0.0,0.0,0.0,0.0,0.006520321669202349,6.546402955879147,22.599434905455343,0.8476418169963054,0.0,0.0,0.0,0.0,0.0,0.0,0.0,0.0,0.0,0.0,0.0,0.0,0.0,0.0,0.0,0.0,nan,nan,4.1491786791820315,2.8911772044985877,nan,0.4094,0.0659,0.0,0.0,0.0,0.0,0.0,0.0,0.0,0.0,0.0,0.0,0.0,0.0,0.0,0.0,0.0,0.0,0.0,0.0,0.0,0.0,0.00011953923060204303,0.005955227124538144,0.0011410562921104108,5.433601391001956e-05,0.0006955009780482504,0.0009997826559443599,0.0006955009780482504,0.0014562051727885243,0.009226255161921321,0.006270376005216257,0.024788089545750923,0.03050423820908498,0.0411106281243208,0.03948054770702021,0.037937404911975656,0.03086285590089111,0.03502499456639861,0.022571180178222124,0.05071723538361226,0.07188654640295587,0.05086937622256031,0.049456639860899806,0.06787654857639644,0.08129754401217126,0.04713105846555097,0.06337752662464681,0.034503368832862424,0.036981091067159313,0.04073027602695066,0.01608346011736579,0.015670506411649642,0.045587915670506414,0.010878069984785917,0.004325146707237557,0.006357313627472288,0.0038795913931753967,0.001358400347750489,0.006074766355140187,0.0021299717452727667,0.0001738752445120626,0.0022386437730928057,0.0001956096500760704,0.001108454683764399,1.0867202782003912e-05,0.00020647685285807434,0.0,0.0,0.0,0.0,0.0,0.0,0.0,0.0,0.0,0.0,0.0,0.0,0.0,0.0,0.0,0.0,0.0,0.0,0.0,0.0,0.0,0.0,0.0,0.0,0.0,0.0,0.0,0.0,0.0,0.0,0.0,0.0,0.0,0.0,0.0,0.0,nan,nan,4.1491786791820315,2.8911772044985877,nan,0.906948629587852,0.022660045105752254,0.0,0.0,0.0,0.0,0.0,0.0,0.0,0.0,0.0,0.0,0.0,0.0,0.0,0.0,0.0,0.0,0.0,0.0,0.0,0.0,0.0,0.0,0.0,0.0,0.02462043496101765,1.181780878128847,10.26672137874436,14.919983586376695,3.5084119819450152,0.0984817398440706,0.9070860385454076,0.0233065999720398,0.0,0.0,0.0,0.0,0.0,0.0,0.0,0.0,0.0,0.0,0.0,0.0,0.0,0.0,0.0,0.0,0.0,0.0,0.0,0.0,0.0,0.0,0.0,0.0,0.0,1.2615526802218118,10.078558225508319,14.65341959334566,3.8817005545286514,0.1247689463955638,0.4094,0.01224,0.0,0.0,0.0,0.0,0.0,0.0,0.0,0.0,0.0,0.0,0.012310217480508825,6.3397620024620345,22.823143208863364,0.8247845711940913,0.0,0.0,0.0,0.0,0.0,0.0,0.0,0.0,0.0,0.0,0.0,0.0,0.0,0.0,0.0,0.0,0.4097,0.01255,0.0,0.0,0.0,0.0,0.0,0.0,0.0,0.0,0.0,0.0,0.0,6.779112754158954,22.34750462107209,0.8733826247689466,0.0,0.0,0.0,0.0,0.0,0.0,0.0,0.0,0.0,0.0,0.0,0.0,0.0,0.0,0.0,0.0
80900,4726,2437,0.5156580617858654,1153,935,0.44181125687685147,1320,0.558611933982226,0.4140000000000001,3.0489296636085625,3.1738969131670025,6.612759643916914,2.26897873308464,8375.567879813796,506.45147881136137,7853.0,8866.4,8866.4,0.0,7853.0,0.0,28.23846804909014,20.943792776958727,33.0719298245614,19.20788760902902,0.13415150232754972,0.10262378332628015,0.09352517985611511,0.08506136267456622,0.07892509521794329,0.07384680490901396,0.07088446889547186,0.06242065171392298,0.057765552264071096,0.05353364367329665,0.04951333051206094,0.04358865848497673,0.03322048243757935,0.02496826068556919,0.01819720694033009,0.011002962336013541,0.006771053745239103,0.9068973970473746,0.02240645569940548,0.0,0.0,0.0,0.0,0.0,0.0,0.0,0.0,0.0,0.0,0.0,0.0,0.0,0.0,0.0,0.0,0.0,0.0,0.0,0.0,0.0,0.0,0.0,0.0,0.012695725772323321,1.2251375370292004,9.832839610664411,15.399915361828187,3.4088023698688117,0.12060939483707155,4.334423014056881,2.9675638482437092,nan,nan,nan,4.361057382333978,2.963979745040274,4.3070291777188325,2.9709965697027987,0.9876112144650959,0.4104,0.01218,0.0,0.0,0.0,0.0,0.0,0.0,0.0,0.0,0.0,0.0,0.012695725772323321,5.84638171815488,23.303004655099457,0.8379179009733392,0.0,0.0,0.0,0.0,0.0,0.0,0.0,0.0,0.0,0.0,0.0,0.0,0.0,0.0,0.0,0.0,nan,nan,4.334423014056881,2.9675638482437092,nan,0.4104,0.0666,0.0,0.0,0.0,0.0,0.0,0.0,0.0,0.0,0.0,0.0,0.0,0.0,0.0,0.0,0.0,0.0,0.0,0.0,1.0579771476936098e-05,0.0,0.00023275497249259416,0.006115107913669065,0.0016716038933559036,2.1159542953872196e-05,0.00086754126110876,0.001174354633939907,0.0006771053745239103,0.0012484130342784595,0.010505713076597546,0.004760897164621244,0.024090139652983497,0.03034278459585273,0.03993863732543377,0.03779094371561574,0.03714557765552264,0.029729157850190435,0.033939906898011005,0.02340245450698265,0.04940753279729158,0.07566652560304697,0.04849767245027507,0.047683030046550993,0.06833474396953026,0.08194033008887008,0.047386796445196784,0.06217731696995345,0.033305120609394834,0.038563267033432075,0.04205459162082099,0.01585907744392721,0.015710960643250105,0.04857173085061363,0.011140499365213712,0.005289885738468049,0.0063690224291155315,0.0035971223021582736,0.0013753702920016927,0.005681337283114684,0.002994075327972916,0.000539568345323741,0.0022323317816335168,0.00019043588658484975,0.0012166737198476513,0.0,0.0005501481168006771,0.0,0.0,0.0,0.0,0.0,0.0,0.0,0.0,0.0,0.0,0.0,0.0,0.0,0.0,0.0,0.0,0.0,0.0,0.0,0.0,0.0,0.0,0.0,0.0,0.0,0.0,0.0,0.0,0.0,0.0,0.0,0.0,0.0,0.0,0.0,0.0,nan,nan,4.334423014056881,2.9675638482437092,nan,0.9065616972191098,0.022494484677821405,0.0,0.0,0.0,0.0,0.0,0.0,0.0,0.0,0.0,0.0,0.0,0.0,0.0,0.0,0.0,0.0,0.0,0.0,0.0,0.0,0.0,0.0,0.0,0.0,0.02462043496101765,1.2925728354534267,9.897414854329094,15.363151415675013,3.3360689372178918,0.08617152236356178,0.9072548022380611,0.022306801458958213,0.0,0.0,0.0,0.0,0.0,0.0,0.0,0.0,0.0,0.0,0.0,0.0,0.0,0.0,0.0,0.0,0.0,0.0,0.0,0.0,0.0,0.0,0.0,0.0,0.0,1.1533420707732636,9.764089121887288,15.439056356487553,3.4862385321100926,0.15727391874180868,0.4106,0.012184,0.0,0.0,0.0,0.0,0.0,0.0,0.0,0.0,0.0,0.0,0.012310217480508825,5.5765285186704885,23.463274517849822,0.9478867459991795,0.0,0.0,0.0,0.0,0.0,0.0,0.0,0.0,0.0,0.0,0.0,0.0,0.0,0.0,0.0,0.0,0.4104,0.01218,0.0,0.0,0.0,0.0,0.0,0.0,0.0,0.0,0.0,0.0,0.013106159895150724,6.133682830930528,23.13237221494103,0.7208387942332899,0.0,0.0,0.0,0.0,0.0,0.0,0.0,0.0,0.0,0.0,0.0,0.0,0.0,0.0,0.0,0.0
81000,4802,2451,0.5104123281965848,1094,1014,0.4389837567680133,1391,0.5793419408579759,0.3980000000000001,2.931518502764781,3.041746576705088,6.444613050075873,2.192111798487462,8370.251853394419,506.5901187251312,7853.0,8866.4,8866.4,0.0,7853.0,0.0,28.26384839650146,21.183303367071073,33.39616533864542,19.364998388489706,0.14244064972927947,0.10120783007080383,0.09162848812994585,0.07830070803831737,0.08204914618908787,0.07163681799250313,0.06518117451062057,0.068304872969596,0.05830903790087463,0.052894627238650564,0.04352353186172428,0.04206580591420241,0.037067888379841735,0.026239067055393587,0.0212411495210329,0.012494793835901708,0.005414410662224073,0.9062772826793938,0.023070192756034127,0.0,0.0,0.0,0.0,0.0,0.0,0.0,0.0,0.0,0.0,0.0,0.0,0.0,0.0,0.0,0.0,0.0,0.0,0.0,0.0,0.0,0.0,0.0,0.0,0.006247396917950856,1.2369845897542693,10.551853394418995,14.631403581840903,3.4360683048729705,0.13744273219491882,4.272932816537468,2.804940487815958,nan,nan,nan,4.298021697511168,2.7932163091819806,4.2472204054937865,2.8166735510551164,0.9881803081527487,0.4104,0.01243,0.0,0.0,0.0,0.0,0.0,0.0,0.0,0.0,0.0,0.0,0.012494793835901711,5.9912536443148605,23.15910037484382,0.8371511870054146,0.0,0.0,0.0,0.0,0.0,0.0,0.0,0.0,0.0,0.0,0.0,0.0,0.0,0.0,0.0,0.0,nan,nan,4.272932816537468,2.804940487815958,nan,0.4104,0.06696,0.0,0.0,0.0,0.0,0.0,0.0,0.0,0.0,0.0,0.0,0.0,0.0,0.0,0.0,0.0,0.0,0.0,0.0,0.0,0.0,0.00012494793835901707,0.006205747605164515,0.001842982090795502,0.00010412328196584757,0.00043731778425655976,0.0014473136193252811,0.000468554768846314,0.0015514369012911288,0.010110370678883799,0.005372761349437734,0.02164723032069971,0.03218450645564348,0.04271137026239067,0.036568096626405665,0.037296959600166595,0.029956268221574343,0.03534985422740525,0.02132444814660558,0.050687213660974596,0.07809246147438567,0.04970845481049563,0.0468554768846314,0.06374427321949187,0.08101832569762599,0.046709704289879216,0.06451478550603915,0.03379841732611412,0.03726572261557684,0.04188879633486047,0.01648271553519367,0.013733860891295293,0.04814660558100791,0.011547271970012495,0.0049875052061640985,0.006695127030403998,0.0033111203665139527,0.0017284464806330696,0.004966680549770929,0.003331945022907122,0.001030820491461891,0.0026343190337359433,0.00024989587671803414,0.001541024573094544,1.0412328196584756e-05,0.0005206164098292378,0.0,0.0,9.371095376926281e-05,0.0,0.0,0.0,0.0,0.0,0.0,0.0,0.0,0.0,0.0,0.0,0.0,0.0,0.0,0.0,0.0,0.0,0.0,0.0,0.0,0.0,0.0,0.0,0.0,0.0,0.0,0.0,0.0,0.0,0.0,0.0,0.0,0.0,nan,nan,4.272932816537468,2.804940487815958,nan,0.9055655685700674,0.02288171035297636,0.0,0.0,0.0,0.0,0.0,0.0,0.0,0.0,0.0,0.0,0.0,0.0,0.0,0.0,0.0,0.0,0.0,0.0,0.0,0.0,0.0,0.0,0.0,0.0,0.0,1.2729498164014692,10.991432068543455,14.345165238678094,3.268053855569156,0.12239902080783356,0.9070192696134469,0.023241873708730963,0.0,0.0,0.0,0.0,0.0,0.0,0.0,0.0,0.0,0.0,0.0,0.0,0.0,0.0,0.0,0.0,0.0,0.0,0.0,0.0,0.0,0.0,0.0,0.0,0.012760527435133989,1.1994895789025948,10.093577201190984,14.929817099106765,3.611229264142919,0.15312632922160785,0.4104,0.01241,0.0,0.0,0.0,0.0,0.0,0.0,0.0,0.0,0.0,0.0,0.0,6.009791921664617,23.133414932680544,0.856793145654835,0.0,0.0,0.0,0.0,0.0,0.0,0.0,0.0,0.0,0.0,0.0,0.0,0.0,0.0,0.0,0.0,0.4104,0.01244,0.0,0.0,0.0,0.0,0.0,0.0,0.0,0.0,0.0,0.0,0.025521054870267977,5.9719268396426965,23.185878349638458,0.8166737558485753,0.0,0.0,0.0,0.0,0.0,0.0,0.0,0.0,0.0,0.0,0.0,0.0,0.0,0.0,0.0,0.0
81100,4592,2397,0.5219947735191638,1138,936,0.45165505226480834,1264,0.5505226480836237,0.4260000000000001,2.974031890660592,3.0805081835123986,6.5667215815486,2.1195908093908526,8381.98950348432,506.20951001973697,7853.0,8866.4,8866.4,0.0,7853.0,0.0,28.397865853658537,21.097119144849373,33.328508658568104,19.320008293712068,0.13784843205574912,0.10017421602787456,0.09059233449477352,0.08275261324041812,0.08166376306620209,0.07338850174216027,0.06946864111498258,0.06772648083623693,0.054878048780487805,0.05117595818815331,0.04812717770034843,0.04442508710801394,0.03244773519163763,0.026785714285714284,0.01916376306620209,0.012630662020905924,0.006750871080139373,0.9073341027655045,0.022524311293372363,0.0,0.0,0.0,0.0,0.0,0.0,0.0,0.0,0.0,0.0,0.0,0.0,0.0,0.0,0.0,0.0,0.0,0.0,0.0,0.0,0.0,0.0,0.0,0.0,0.006533101045296169,0.9799651567944253,10.106707317073173,15.163327526132408,3.6128048780487814,0.13066202090592338,4.138297872340425,2.8673271853536026,nan,nan,nan,4.1880456682337135,2.913038613601754,4.08893280632411,2.821780765258813,0.9763343407018282,0.4106,0.01229,0.0,0.0,0.0,0.0,0.0,0.0,0.0,0.0,0.0,0.0,0.0,6.023519163763058,23.07491289198607,0.9015679442508713,0.0,0.0,0.0,0.0,0.0,0.0,0.0,0.0,0.0,0.0,0.0,0.0,0.0,0.0,0.0,0.0,nan,nan,4.138297872340425,2.8673271853536026,nan,0.4106,0.0666,0.0,0.0,0.0,0.0,0.0,0.0,0.0,0.0,0.0,0.0,0.0,0.0,0.0,0.0,0.0,0.0,0.0,0.0,0.0,0.0,0.0002068815331010453,0.0054006968641114985,0.001796602787456446,7.621951219512195e-05,0.0006533101045296168,0.0016332752613240418,0.00027221254355400695,0.0013828397212543554,0.010420296167247387,0.0059668989547038325,0.020611933797909408,0.031957752613240416,0.04269381533101045,0.035006533101045297,0.0389808362369338,0.030259146341463414,0.03513719512195122,0.020492160278745643,0.0500544425087108,0.07750435540069686,0.04849738675958188,0.04935757839721255,0.06326219512195122,0.08024825783972125,0.04956445993031359,0.06724738675958188,0.03312282229965157,0.03629137630662021,0.04171385017421603,0.015429006968641116,0.014416376306620208,0.04768074912891986,0.012053571428571429,0.005509581881533101,0.006413327526132404,0.0030596689895470383,0.0020905923344947735,0.004769163763066202,0.0027656794425087107,0.0008819686411149826,0.0032121080139372823,0.00010888501742160279,0.001524390243902439,0.0,0.00023954703832752613,0.0,1.0888501742160279e-05,2.1777003484320557e-05,0.0,0.0,0.0,0.0,0.0,0.0,0.0,0.0,0.0,0.0,0.0,0.0,0.0,0.0,0.0,0.0,0.0,0.0,0.0,0.0,0.0,0.0,0.0,0.0,0.0,0.0,0.0,0.0,0.0,0.0,0.0,0.0,0.0,nan,nan,4.138297872340425,2.8673271853536026,nan,0.9071928909981704,0.022217402911191095,0.0,0.0,0.0,0.0,0.0,0.0,0.0,0.0,0.0,0.0,0.0,0.0,0.0,0.0,0.0,0.0,0.0,0.0,0.0,0.0,0.0,0.0,0.0,0.0,0.0,1.051314142678348,10.100125156445559,15.344180225281605,3.366708385481853,0.13767209011264084,0.9074883098754362,0.022853759731797294,0.0,0.0,0.0,0.0,0.0,0.0,0.0,0.0,0.0,0.0,0.0,0.0,0.0,0.0,0.0,0.0,0.0,0.0,0.0,0.0,0.0,0.0,0.0,0.0,0.013667425968109343,0.9020501138952166,10.113895216400913,14.96583143507973,3.8815489749430534,0.12300683371298408,0.4102,0.012024,0.0,0.0,0.0,0.0,0.0,0.0,0.0,0.0,0.0,0.0,0.0,5.994993742177714,23.24155193992491,0.763454317897372,0.0,0.0,0.0,0.0,0.0,0.0,0.0,0.0,0.0,0.0,0.0,0.0,0.0,0.0,0.0,0.0,0.411,0.012566,0.0,0.0,0.0,0.0,0.0,0.0,0.0,0.0,0.0,0.0,0.0,6.054669703872428,22.89293849658315,1.0523917995444194,0.0,0.0,0.0,0.0,0.0,0.0,0.0,0.0,0.0,0.0,0.0,0.0,0.0,0.0,0.0,0.0
81200,4854,2526,0.5203955500618047,1127,986,0.4353110836423568,1389,0.5723114956736712,0.4020000000000001,3.0438144329896906,3.039511494243851,6.294617563739377,2.1569833707459405,8380.368850432633,506.27827192344853,7853.0,8866.4,8866.4,0.0,7853.0,0.0,28.635352286773795,21.228729501114216,33.546341463414635,19.434569370457123,0.13679439637412444,0.09868149979398434,0.08632056036258756,0.08879274824886692,0.07890399670374948,0.07066337041615163,0.06901524515863205,0.06592501030078286,0.057066337041615164,0.05150391429748661,0.04903172641120725,0.04511742892459827,0.036670786979810466,0.02554594149155336,0.021013597033374538,0.011742892459826947,0.007210548001648125,0.9067961231616971,0.022991816597296596,0.0,0.0,0.0,0.0,0.0,0.0,0.0,0.0,0.0,0.0,0.0,0.0,0.0,0.0,0.0,0.0,0.0,0.0,0.0,0.0,0.0,0.0,0.0,0.0,0.02472187886279358,1.2731767614338694,10.216316440049447,14.771322620519163,3.5784919653893703,0.13597033374536466,4.252694990488269,2.747778378145321,nan,nan,nan,4.21323997453851,2.7611892160866995,4.291850915982312,2.7338412735874114,1.0186580735773099,0.4106,0.01265,0.0,0.0,0.0,0.0,0.0,0.0,0.0,0.0,0.0,0.0,0.01236093943139679,5.939431396786148,22.997527812113727,1.050679851668727,0.0,0.0,0.0,0.0,0.0,0.0,0.0,0.0,0.0,0.0,0.0,0.0,0.0,0.0,0.0,0.0,nan,nan,4.252694990488269,2.747778378145321,nan,0.4106,0.06665,0.0,0.0,0.0,0.0,0.0,0.0,0.0,0.0,0.0,0.0,0.0,0.0,0.0,0.0,0.0,0.0,0.0,0.0,0.0,0.0,0.00025751957148743306,0.004666254635352287,0.0019468479604449937,0.00010300782859497322,0.0004944375772558715,0.0011742892459826947,0.0002266172229089411,0.0010094767202307375,0.011124845488257108,0.00592295014421096,0.021446229913473423,0.03100535640708694,0.04292336217552534,0.036413267408323034,0.04014215080346106,0.030253399258343635,0.034404614750721055,0.021559538524927896,0.04856819118252987,0.07752369180057685,0.04907292954264524,0.049402554594149155,0.062463947259991756,0.07938813349814586,0.048248866913885455,0.06330861145447055,0.03523897816234034,0.03639266584260404,0.043448702101359704,0.015358467243510508,0.01572929542645241,0.04634322208487845,0.013689740420271941,0.004655953852492789,0.00649979398434281,0.0036773794808405437,0.001761433868974042,0.005521219612690565,0.002976926246394726,0.0007828594973217965,0.0033477544293366297,0.00016481252575195715,0.0011948908117016893,0.0,0.00012360939431396787,0.0,0.0,4.120313143798929e-05,0.0,0.0,0.0,0.0,0.0,0.0,0.0,0.0,0.0,0.0,0.0,0.0,0.0,0.0,0.0,0.0,0.0,0.0,0.0,0.0,0.0,0.0,0.0,0.0,0.0,0.0,0.0,0.0,0.0,0.0,0.0,0.0,0.0,nan,nan,4.252694990488269,2.747778378145321,nan,0.9063110835053858,0.023149286580037755,0.0,0.0,0.0,0.0,0.0,0.0,0.0,0.0,0.0,0.0,0.0,0.0,0.0,0.0,0.0,0.0,0.0,0.0,0.0,0.0,0.0,0.0,0.0,0.0,0.03562945368171022,1.4014251781472689,10.356294536817105,14.69121140142518,3.372921615201901,0.14251781472684089,0.9073224161908389,0.022808059180061322,0.0,0.0,0.0,0.0,0.0,0.0,0.0,0.0,0.0,0.0,0.0,0.0,0.0,0.0,0.0,0.0,0.0,0.0,0.0,0.0,0.0,0.0,0.0,0.0,0.012886597938144333,1.1340206185567012,10.064432989690724,14.858247422680416,3.801546391752578,0.1288659793814433,0.4106,0.012596,0.0,0.0,0.0,0.0,0.0,0.0,0.0,0.0,0.0,0.0,0.02375296912114015,5.831353919239897,23.111638954869363,1.0332541567695963,0.0,0.0,0.0,0.0,0.0,0.0,0.0,0.0,0.0,0.0,0.0,0.0,0.0,0.0,0.0,0.0,0.4106,0.0127,0.0,0.0,0.0,0.0,0.0,0.0,0.0,0.0,0.0,0.0,0.0,6.056701030927827,22.873711340206192,1.0695876288659796,0.0,0.0,0.0,0.0,0.0,0.0,0.0,0.0,0.0,0.0,0.0,0.0,0.0,0.0,0.0,0.0
81300,4917,2513,0.5110839943054708,1173,1030,0.4480374211917836,1414,0.5751474476306692,0.3980000000000001,2.9596505823627286,3.038924279479469,6.445573294629899,2.0762703102864064,8370.932519829164,506.5754835148334,7853.0,8866.4,8866.399999999998,1.8189894035458565e-12,7853.0,0.0,27.78055725035591,20.700426845918916,32.59628378378378,18.982703865237347,0.13727882855399634,0.10331502948952613,0.09294285133211308,0.08440105755541998,0.08765507423225544,0.07341875127110026,0.06914785438275371,0.058775676225340655,0.05979255643685174,0.05775879601382957,0.04392922513727883,0.037827943868212324,0.03254016676835469,0.02847264592231035,0.019117347976408378,0.009558673988204189,0.004067520846044336,0.9067273150378669,0.022548515758660122,0.0,0.0,0.0,0.0,0.0,0.0,0.0,0.0,0.0,0.0,0.0,0.0,0.0,0.0,0.0,0.0,0.0,0.0,0.0,0.0,0.0,0.0,0.0,0.0,0.0,1.1531421598535694,10.488102501525324,14.746796827333743,3.5082367297132406,0.10372178157413059,4.24849635960747,2.8005296359360834,nan,nan,nan,4.2860808210391275,2.8141500737292824,4.213883677298312,2.7864197365652195,0.9831554404232368,0.4111,0.01254,0.0,0.0,0.0,0.0,0.0,0.0,0.0,0.0,0.0,0.0,0.006101281269066505,5.771812080536905,23.15436241610739,1.0677242220866383,0.0,0.0,0.0,0.0,0.0,0.0,0.0,0.0,0.0,0.0,0.0,0.0,0.0,0.0,0.0,0.0,nan,nan,4.24849635960747,2.8005296359360834,nan,0.4111,0.0664,0.0,0.0,0.0,0.0,0.0,0.0,0.0,0.0,0.0,0.0,0.0,0.0,0.0,0.0,0.0,0.0,0.0,0.0,0.0,0.0,0.00021354484441732765,0.004281065690461663,0.0020947732357128332,0.00024405125076266016,0.00029489526133821435,0.0014134634940004068,0.00032540166768354686,0.0007016473459426479,0.011216188732967257,0.00569452918446207,0.02119178360789099,0.0316148057758796,0.043064876957494405,0.035916209070571484,0.03992271710392516,0.028177750660972136,0.031991051454138705,0.021568029286150092,0.050447427293064874,0.0774761033150295,0.04891193817368314,0.04927801504982713,0.06354484441732763,0.08148261134838317,0.04813910921293472,0.062161887329672566,0.036282285946715474,0.03548911938173683,0.04368517388651617,0.016788692292047998,0.015965019320724017,0.04720357941834452,0.012934716290420988,0.005664022778116738,0.006670734187512711,0.0031726662599145822,0.0014236322961155175,0.004291234492576774,0.0034167175106772424,0.001027049013626195,0.002989627821842587,0.00012202562538133008,0.0014541387024608501,0.0,5.08440105755542e-05,0.0,0.0,0.0,0.0,0.0,0.0,0.0,0.0,0.0,0.0,0.0,0.0,0.0,0.0,0.0,0.0,0.0,0.0,0.0,0.0,0.0,0.0,0.0,0.0,0.0,0.0,0.0,0.0,0.0,0.0,0.0,0.0,0.0,0.0,0.0,0.0,nan,nan,4.24849635960747,2.8005296359360834,nan,0.906467729244771,0.02263511870933784,0.0,0.0,0.0,0.0,0.0,0.0,0.0,0.0,0.0,0.0,0.0,0.0,0.0,0.0,0.0,0.0,0.0,0.0,0.0,0.0,0.0,0.0,0.0,0.0,0.0,1.2415439713489855,10.51730998806208,14.63589335455631,3.5455630720254683,0.059689614007162765,0.9069986707358908,0.022454421201622433,0.0,0.0,0.0,0.0,0.0,0.0,0.0,0.0,0.0,0.0,0.0,0.0,0.0,0.0,0.0,0.0,0.0,0.0,0.0,0.0,0.0,0.0,0.0,0.0,0.0,1.060732113144759,10.457570715474212,14.86272878535774,3.4692179700499177,0.14975041597337774,0.411,0.012665,0.0,0.0,0.0,0.0,0.0,0.0,0.0,0.0,0.0,0.0,0.011937922801432554,5.968961400716267,22.9566255471548,1.0624751293274972,0.0,0.0,0.0,0.0,0.0,0.0,0.0,0.0,0.0,0.0,0.0,0.0,0.0,0.0,0.0,0.0,0.4114,0.012405,0.0,0.0,0.0,0.0,0.0,0.0,0.0,0.0,0.0,0.0,0.0,5.565723793677196,23.36106489184693,1.0732113144758737,0.0,0.0,0.0,0.0,0.0,0.0,0.0,0.0,0.0,0.0,0.0,0.0,0.0,0.0,0.0,0.0
81400,4692,2413,0.5142796248934356,1116,960,0.4424552429667519,1344,0.5728900255754475,0.4060000000000001,2.9903466432645898,3.0529758481987495,6.333333333333333,2.2291805740554156,8374.170971867008,506.49331779720853,7853.0,8866.4,8866.399999999998,1.8189894035458565e-12,7853.0,0.0,28.70225916453538,21.20001294883739,33.704556962025315,19.36534957196032,0.1344842284739983,0.0988917306052856,0.08887468030690537,0.08098891730605286,0.08205456095481671,0.0784313725490196,0.07225063938618925,0.05690537084398977,0.05434782608695652,0.05733162830349531,0.04688832054560955,0.04411764705882353,0.04113384484228474,0.023231031543052002,0.018329070758738276,0.015345268542199489,0.00639386189258312,0.9070476674032536,0.022526991266936365,0.0,0.0,0.0,0.0,0.0,0.0,0.0,0.0,0.0,0.0,0.0,0.0,0.0,0.0,0.0,0.0,0.0,0.0,0.0,0.0,0.0,0.0,0.0,0.0,0.03196930946291561,1.0805626598465474,10.217391304347828,15.108695652173916,3.4462915601023028,0.11508951406649619,4.21616358325219,2.8281996212344716,nan,nan,nan,4.169677419354839,2.7921982135377967,4.263226649248857,2.863418188684148,1.0224356036416105,0.4114,0.01222,0.0,0.0,0.0,0.0,0.0,0.0,0.0,0.0,0.0,0.0,0.012787723785166244,5.108695652173905,23.86189258312021,1.0166240409207163,0.0,0.0,0.0,0.0,0.0,0.0,0.0,0.0,0.0,0.0,0.0,0.0,0.0,0.0,0.0,0.0,nan,nan,4.21616358325219,2.8281996212344716,nan,0.4114,0.0667,0.0,0.0,0.0,0.0,0.0,0.0,0.0,0.0,0.0,0.0,0.0,0.0,0.0,0.0,0.0,0.0,0.0,0.0,0.0,0.0,0.0001278772378516624,0.004752770673486786,0.0022698209718670075,0.00026641091219096335,0.00019181585677749362,0.0014279624893435636,0.00039428815004262575,0.0007139812446717818,0.010049019607843138,0.0059036658141517475,0.02127024722932651,0.03177749360613811,0.04356351236146633,0.034995737425404946,0.042263427109974425,0.02703537936913896,0.033024296675191814,0.02360400682011935,0.04993606138107417,0.07595907928388747,0.04472506393861893,0.04792199488491049,0.06344842284739984,0.0815537084398977,0.04757033248081841,0.062436061381074166,0.03742540494458653,0.03611466325660699,0.044820971867007675,0.018339727195225915,0.014929667519181586,0.04713341858482523,0.013608269394714408,0.005754475703324808,0.006596334185848252,0.0035379369138959934,0.001736999147485081,0.0040494458653026425,0.002610826939471441,0.0014279624893435636,0.003154305200341006,6.39386189258312e-05,0.0015132139812446717,0.0,0.0,0.0,0.0,0.0,0.0,0.0,0.0,0.0,0.0,0.0,0.0,0.0,0.0,0.0,0.0,0.0,0.0,0.0,0.0,0.0,0.0,0.0,0.0,0.0,0.0,0.0,0.0,0.0,0.0,0.0,0.0,0.0,0.0,0.0,0.0,0.0,0.0,nan,nan,4.21616358325219,2.8281996212344716,nan,0.9065939726001535,0.022191050050917323,0.0,0.0,0.0,0.0,0.0,0.0,0.0,0.0,0.0,0.0,0.0,0.0,0.0,0.0,0.0,0.0,0.0,0.0,0.0,0.0,0.0,0.0,0.0,0.0,0.037297969332780775,0.95731454620804,10.406133443845839,15.242436800663079,3.294653957728969,0.0621632822213013,0.9075280384255795,0.0228675002376115,0.0,0.0,0.0,0.0,0.0,0.0,0.0,0.0,0.0,0.0,0.0,0.0,0.0,0.0,0.0,0.0,0.0,0.0,0.0,0.0,0.0,0.0,0.0,0.0,0.026327336551118918,1.21105748135147,10.017551557700747,14.967090829311104,3.606845107503292,0.17112768758227298,0.4111,0.012146,0.0,0.0,0.0,0.0,0.0,0.0,0.0,0.0,0.0,0.0,0.024865312888520518,5.171985080812259,23.932863655201,0.8702859510982182,0.0,0.0,0.0,0.0,0.0,0.0,0.0,0.0,0.0,0.0,0.0,0.0,0.0,0.0,0.0,0.0,0.4114,0.01231,0.0,0.0,0.0,0.0,0.0,0.0,0.0,0.0,0.0,0.0,0.0,5.041684949539264,23.78674857393594,1.1715664765247917,0.0,0.0,0.0,0.0,0.0,0.0,0.0,0.0,0.0,0.0,0.0,0.0,0.0,0.0,0.0,0.0
81500,4643,2398,0.5164764161102735,1085,946,0.4374326943786345,1308,0.5634288175748439,0.4180000000000001,2.996881959910913,3.0839030438454715,6.475384615384615,2.1810745953617783,8376.397200086152,506.4248152581811,7853.0,8866.4,8866.399999999998,1.8189894035458565e-12,7853.0,0.0,27.731639026491493,20.846534320044587,32.6524749935881,19.125388443177147,0.139780314451863,0.10208916648718501,0.09412018091751023,0.09153564505707516,0.08270514753392204,0.07236700409218177,0.06547490846435494,0.057290544906310574,0.06289037260391989,0.04867542537152703,0.04781391341804868,0.045013999569244026,0.030583674348481586,0.0264914925694594,0.018307129011415034,0.007538229592935602,0.007322851604566014,0.9068470777506051,0.022805418194405028,0.0,0.0,0.0,0.0,0.0,0.0,0.0,0.0,0.0,0.0,0.0,0.0,0.0,0.0,0.0,0.0,0.0,0.0,0.0,0.0,0.0,0.0,0.0,0.0,0.0323066982554383,1.0208916648718502,10.55136765022615,14.731854404479865,3.4891234115873364,0.17445617057936683,4.279905913978495,2.8513719564726334,nan,nan,nan,4.317662860980524,2.8930738098102884,4.242934051144011,2.809245072712219,0.9826923008482551,0.411,0.012695,0.0,0.0,0.0,0.0,0.0,0.0,0.0,0.0,0.0,0.0,0.00646133965108766,5.912125780745199,22.970062459616635,1.1113504199870776,0.0,0.0,0.0,0.0,0.0,0.0,0.0,0.0,0.0,0.0,0.0,0.0,0.0,0.0,0.0,0.0,nan,nan,4.279905913978495,2.8513719564726334,nan,0.411,0.0666,0.0,0.0,0.0,0.0,0.0,0.0,0.0,0.0,0.0,0.0,0.0,0.0,0.0,0.0,0.0,0.0,0.0,0.0,1.0768899418479431e-05,0.0,0.0001292267930217532,0.005384449709239716,0.0018307129011415034,0.00047383157441309497,0.00018307129011415032,0.0018522506999784623,0.00038768037906525954,0.0009153564505707517,0.012319620934740469,0.004899849235408141,0.021268576351496878,0.031940555675209995,0.042817144087874216,0.033545121688563426,0.04148180055998277,0.026868404049106183,0.033157441309498166,0.02401464570320913,0.04900926125349989,0.07800990738746501,0.04506784406633642,0.04715701055352143,0.0613611888864958,0.08381434417402542,0.046629334482015936,0.06370880895972432,0.03691578720654749,0.03601119965539522,0.045800129226793024,0.018264053413741117,0.015485677363773423,0.0476954555244454,0.014322636226577644,0.004813698040060306,0.005589058798190825,0.002972216239500323,0.001873788498815421,0.004156795175533061,0.0027029937540383373,0.0010553521430109842,0.002886065044152488,2.1537798836958863e-05,0.0011307344389403402,6.46133965108766e-05,0.0,0.0,0.0,0.0,0.0,0.0,0.0,0.0,0.0,0.0,0.0,0.0,0.0,0.0,0.0,0.0,0.0,0.0,0.0,0.0,0.0,0.0,0.0,0.0,0.0,0.0,0.0,0.0,0.0,0.0,0.0,0.0,0.0,0.0,0.0,0.0,0.0,nan,nan,4.279905913978495,2.8513719564726334,nan,0.9070621405272209,0.02230090077693463,0.0,0.0,0.0,0.0,0.0,0.0,0.0,0.0,0.0,0.0,0.0,0.0,0.0,0.0,0.0,0.0,0.0,0.0,0.0,0.0,0.0,0.0,0.0,0.0,0.012510425354462054,1.0008340283569643,10.571309424520436,14.662218515429528,3.615512927439534,0.1376146788990826,0.9066173581344248,0.023330082825078598,0.0,0.0,0.0,0.0,0.0,0.0,0.0,0.0,0.0,0.0,0.0,0.0,0.0,0.0,0.0,0.0,0.0,0.0,0.0,0.0,0.0,0.0,0.0,0.0,0.05345211581291761,1.0423162583518932,10.530066815144767,14.806236080178177,3.35412026726058,0.21380846325167044,0.4106,0.012764,0.0,0.0,0.0,0.0,0.0,0.0,0.0,0.0,0.0,0.0,0.012510425354462054,6.042535446205163,22.81901584653879,1.1259382819015848,0.0,0.0,0.0,0.0,0.0,0.0,0.0,0.0,0.0,0.0,0.0,0.0,0.0,0.0,0.0,0.0,0.411,0.01263,0.0,0.0,0.0,0.0,0.0,0.0,0.0,0.0,0.0,0.0,0.0,5.772828507795092,23.131403118040094,1.095768374164811,0.0,0.0,0.0,0.0,0.0,0.0,0.0,0.0,0.0,0.0,0.0,0.0,0.0,0.0,0.0,0.0
81600,4953,2585,0.521905915606703,1224,1008,0.4506359781950333,1389,0.5608721986674743,0.4020000000000001,3.041385135135135,3.07603148602583,6.478753541076487,2.066247472185223,8381.899454875833,506.2134670306744,7853.0,8866.4,8866.4,0.0,7853.0,0.0,28.505148394912176,20.99368791101203,33.177434679334915,19.29806493625042,0.12921461740359377,0.10377548960226125,0.09105592570159499,0.08560468402988088,0.08015344235816677,0.07147183525136282,0.06824146981627296,0.06884716333535232,0.06218453462547951,0.05229154048051686,0.0488592772057339,0.03836058954169191,0.036139713305067635,0.025035332121946294,0.019180294770845954,0.011911972541893802,0.007672117908338381,0.9068389225675196,0.022711979071210885,0.0,0.0,0.0,0.0,0.0,0.0,0.0,0.0,0.0,0.0,0.0,0.0,0.0,0.0,0.0,0.0,0.0,0.0,0.0,0.0,0.0,0.0,0.0,0.0,0.00605693519079346,1.108419139915203,10.34524530587523,14.942459115687464,3.476680799515446,0.12113870381586919,4.3245668316831685,2.8631389745544547,nan,nan,nan,4.33789670192906,2.8755045649991153,4.311384615384616,2.8507963135414944,0.9938882623616522,0.4104,0.012566,0.0,0.0,0.0,0.0,0.0,0.0,0.0,0.0,0.0,0.0,0.01211387038158692,6.172016959418525,22.980012113870387,0.8358570563294975,0.0,0.0,0.0,0.0,0.0,0.0,0.0,0.0,0.0,0.0,0.0,0.0,0.0,0.0,0.0,0.0,nan,nan,4.3245668316831685,2.8631389745544547,nan,0.4104,0.0668,0.0,0.0,0.0,0.0,0.0,0.0,0.0,0.0,0.0,0.0,0.0,0.0,0.0,0.0,0.0,0.0,0.0,0.0,0.0,0.0,0.0002826569755703614,0.0058752271350696545,0.002220876236624268,0.0002018978396931153,0.0002220876236624268,0.0011911972541893802,0.0003937007874015748,0.0004239854633555421,0.013032505552190592,0.00633959216636382,0.02201695941853422,0.031304260044417526,0.04368059761760549,0.03386836260852009,0.04009691096305269,0.02838683626085201,0.03460528972339996,0.024722390470421966,0.04598223299010701,0.07892186553603876,0.046153846153846156,0.04627498485766202,0.06054916212396527,0.08102160306884716,0.04495255400767212,0.06700989299414496,0.03786593983444377,0.03462547950736927,0.04469008681607107,0.017019987886129618,0.01568746214415506,0.048839087421764585,0.015182717544922269,0.004936402180496668,0.005340197859882899,0.003725015142337977,0.0014738542297597415,0.003926912982031092,0.0025035332121946295,0.0009186351706036745,0.0023319200484554817,0.0,0.001160912578235413,4.037956793862306e-05,0.0,0.0,0.0,0.0,0.0,0.0,0.0,0.0,0.0,0.0,0.0,0.0,0.0,0.0,0.0,0.0,0.0,0.0,0.0,0.0,0.0,0.0,0.0,0.0,0.0,0.0,0.0,0.0,0.0,0.0,0.0,0.0,0.0,0.0,0.0,0.0,0.0,nan,nan,4.3245668316831685,2.8631389745544547,nan,0.9066975862421888,0.023182322940699798,0.0,0.0,0.0,0.0,0.0,0.0,0.0,0.0,0.0,0.0,0.0,0.0,0.0,0.0,0.0,0.0,0.0,0.0,0.0,0.0,0.0,0.0,0.0,0.0,0.0,1.148936170212766,10.618955512572537,14.2862669245648,3.7949709864603487,0.15087040618955516,0.9069932107436093,0.022186125392329087,0.0,0.0,0.0,0.0,0.0,0.0,0.0,0.0,0.0,0.0,0.0,0.0,0.0,0.0,0.0,0.0,0.0,0.0,0.0,0.0,0.0,0.0,0.0,0.0,0.012668918918918921,1.0641891891891895,10.046452702702704,15.658783783783786,3.1292229729729737,0.08868243243243246,0.4106,0.012665,0.0,0.0,0.0,0.0,0.0,0.0,0.0,0.0,0.0,0.0,0.023210831721470024,5.9883945841392565,23.10638297872341,0.8820116054158609,0.0,0.0,0.0,0.0,0.0,0.0,0.0,0.0,0.0,0.0,0.0,0.0,0.0,0.0,0.0,0.0,0.4102,0.01246,0.0,0.0,0.0,0.0,0.0,0.0,0.0,0.0,0.0,0.0,0.0,6.372466216216207,22.842060810810818,0.7854729729729731,0.0,0.0,0.0,0.0,0.0,0.0,0.0,0.0,0.0,0.0,0.0,0.0,0.0,0.0,0.0,0.0
81700,4889,2536,0.5187154837390059,1196,1006,0.450398854571487,1401,0.5731233381059522,0.4140000000000001,2.9872503187420314,3.0675645376681384,6.506666666666667,2.117552745418548,8378.66627122111,506.34491263956346,7853.0,8866.4,8866.399999999998,1.8189894035458565e-12,7853.0,0.0,27.834935569646145,20.88574433496659,32.82869692532943,19.12279388030356,0.1417467784823072,0.0965432603804459,0.0932706074861935,0.09061157700961342,0.08161178155041932,0.0717938228676621,0.07138474125588055,0.06443035385559419,0.061157700961341786,0.0519533646962569,0.04561259971364287,0.03804458989568419,0.03211290652485171,0.0239312742892207,0.01493147883002659,0.010431581100429535,0.010431581100429535,0.9071700856299897,0.022520807236860882,0.0,0.0,0.0,0.0,0.0,0.0,0.0,0.0,0.0,0.0,0.0,0.0,0.0,0.0,0.0,0.0,0.0,0.0,0.0,0.0,0.0,0.0,0.0,0.0,0.012272448353446515,1.0308856616895072,10.118633667416653,15.254653303334019,3.4669666598486404,0.11658825935774189,4.222187004754359,2.871094641502616,nan,nan,nan,4.152846534653466,2.823746425838993,4.294996751137102,2.9182127870812815,1.0342295857305255,0.4097,0.01254,0.0,0.0,0.0,0.0,0.0,0.0,0.0,0.0,0.0,0.0,0.02454489670689303,6.436899161382687,22.82675393741052,0.711802004499898,0.0,0.0,0.0,0.0,0.0,0.0,0.0,0.0,0.0,0.0,0.0,0.0,0.0,0.0,0.0,0.0,nan,nan,4.222187004754359,2.871094641502616,nan,0.4097,0.06696,0.0,0.0,0.0,0.0,0.0,0.0,0.0,0.0,0.0,0.0,0.0,0.0,0.0,0.0,0.0,0.0,0.0,0.0,0.0,0.0,0.0004602168132542442,0.005952137451421559,0.001922683575373287,0.00016363264471262016,0.00017385968500715894,0.001370423399468194,0.0005113520147269381,0.00040908161178155044,0.013959910002045408,0.006760073634690121,0.02135406013499693,0.03319697279607282,0.043659235017385965,0.03418899570464307,0.03988545714870117,0.029576600531806094,0.03481284516260994,0.025117610963387195,0.04875230108406627,0.07888116179177745,0.04329106156678257,0.04532624258539578,0.05934751482920843,0.08028226631212927,0.043863775823276746,0.06909388422990387,0.03508897525056249,0.03645939865003068,0.04480466353037431,0.015453057885048067,0.015729187973000613,0.04822049498875026,0.015984863980364084,0.004990795663734915,0.0057782777664144,0.003507874821026795,0.0013908774800572715,0.0038555941910411126,0.002382900388627531,0.0006647576191450194,0.0023522192677439147,0.0,0.0010022499488647986,2.045408058907752e-05,0.0,0.0,0.0,0.0,0.0,0.0,0.0,0.0,0.0,0.0,0.0,0.0,0.0,0.0,0.0,0.0,0.0,0.0,0.0,0.0,0.0,0.0,0.0,0.0,0.0,0.0,0.0,0.0,0.0,0.0,0.0,0.0,0.0,0.0,0.0,0.0,0.0,nan,nan,4.222187004754359,2.871094641502616,nan,0.9076665640582422,0.022672322270902785,0.0,0.0,0.0,0.0,0.0,0.0,0.0,0.0,0.0,0.0,0.0,0.0,0.0,0.0,0.0,0.0,0.0,0.0,0.0,0.0,0.0,0.0,0.0,0.0,0.023659305993690857,1.0291798107255523,9.676656151419559,15.390378548895901,3.750000000000001,0.1301261829652997,0.906634994557296,0.02234401016364728,0.0,0.0,0.0,0.0,0.0,0.0,0.0,0.0,0.0,0.0,0.0,0.0,0.0,0.0,0.0,0.0,0.0,0.0,0.0,0.0,0.0,0.0,0.0,0.0,0.0,1.032724181895453,10.594985125371869,15.108372290692735,3.1619209519762013,0.10199745006374843,0.41,0.0125,0.0,0.0,0.0,0.0,0.0,0.0,0.0,0.0,0.0,0.0,0.011829652996845429,6.257886435331221,23.03233438485805,0.6979495268138803,0.0,0.0,0.0,0.0,0.0,0.0,0.0,0.0,0.0,0.0,0.0,0.0,0.0,0.0,0.0,0.0,0.4097,0.01258,0.0,0.0,0.0,0.0,0.0,0.0,0.0,0.0,0.0,0.0,0.03824904377390566,6.6298342541436375,22.605184870378245,0.7267318317042076,0.0,0.0,0.0,0.0,0.0,0.0,0.0,0.0,0.0,0.0,0.0,0.0,0.0,0.0,0.0,0.0
81800,4998,2550,0.5102040816326531,1157,1030,0.4375750300120048,1410,0.5642256902761105,0.4140000000000001,2.9366830065359477,3.1047340161888024,6.587613293051359,2.209707513352502,8370.040816326531,506.594470476831,7853.0,8866.4,8866.399999999998,1.8189894035458565e-12,7853.0,0.0,27.76450580232093,21.1140305384855,32.95815295815296,19.35800236489022,0.14645858343337334,0.10424169667867147,0.0858343337334934,0.09063625450180073,0.08263305322128851,0.06902761104441776,0.06842737094837935,0.06202480992396959,0.05662264905962385,0.04981992797118848,0.04361744697879152,0.04561824729891957,0.033813525410164066,0.023809523809523808,0.01800720288115246,0.011204481792717087,0.00820328131252501,0.9077493430805855,0.022656183838266623,0.0,0.0,0.0,0.0,0.0,0.0,0.0,0.0,0.0,0.0,0.0,0.0,0.0,0.0,0.0,0.0,0.0,0.0,0.0,0.0,0.0,0.0,0.0,0.0,0.03601440576230493,1.0324129651860745,9.783913565426172,15.312124849939979,3.691476590636255,0.1440576230492197,4.290131168019988,2.896694585313376,nan,nan,nan,4.286435331230284,2.877735523130312,4.2937538651824365,2.9151542413920337,1.0017073706673774,0.4097,0.012566,0.0,0.0,0.0,0.0,0.0,0.0,0.0,0.0,0.0,0.0,0.01200480192076831,6.596638655462175,22.43097238895559,0.9603841536614648,0.0,0.0,0.0,0.0,0.0,0.0,0.0,0.0,0.0,0.0,0.0,0.0,0.0,0.0,0.0,0.0,nan,nan,4.290131168019988,2.896694585313376,nan,0.4097,0.06714,0.0,0.0,0.0,0.0,0.0,0.0,0.0,0.0,0.0,0.0,0.0,0.0,0.0,0.0,0.0,0.0,0.0,0.0,0.0,2.000800320128051e-05,0.0008503401360544217,0.005822328931572629,0.0017907162865146058,0.00011004401760704282,0.00030012004801920766,0.0013805522208883553,0.0003601440576230492,0.0003601440576230492,0.014895958383353341,0.007773109243697479,0.020428171268507402,0.031342537014805924,0.04372749099639856,0.033643457382953185,0.041266506602641057,0.03092236894757903,0.03257302921168467,0.026370548219287714,0.04960984393757503,0.07631052420968387,0.04076630652260904,0.045858343337334934,0.060634253701480595,0.0819827931172469,0.04471788715486195,0.0700080032012805,0.0336734693877551,0.0367046818727491,0.044677871148459385,0.014335734293717487,0.016096438575430173,0.049479791916766706,0.015836334533813525,0.0049919967987194875,0.0049419767907162866,0.003431372549019608,0.001450580232092837,0.003471388555422169,0.0029411764705882353,0.0008803521408563426,0.002070828331332533,4.001600640256102e-05,0.0011304521808723489,2.000800320128051e-05,0.0,0.0,0.0,0.0,0.0,0.0,0.0,0.0,0.0,0.0,0.0,0.0,0.0,0.0,0.0,0.0,0.0,0.0,0.0,0.0,0.0,0.0,0.0,0.0,0.0,0.0,0.0,0.0,0.0,0.0,0.0,0.0,0.0,0.0,0.0,0.0,0.0,nan,nan,4.290131168019988,2.896694585313376,nan,0.9077373975398494,0.022536030570294692,0.0,0.0,0.0,0.0,0.0,0.0,0.0,0.0,0.0,0.0,0.0,0.0,0.0,0.0,0.0,0.0,0.0,0.0,0.0,0.0,0.0,0.0,0.0,0.0,0.011764705882352944,1.1058823529411765,9.78823529411765,15.223529411764709,3.729411764705883,0.14117647058823532,0.9077617863521856,0.022780662952640283,0.0,0.0,0.0,0.0,0.0,0.0,0.0,0.0,0.0,0.0,0.0,0.0,0.0,0.0,0.0,0.0,0.0,0.0,0.0,0.0,0.0,0.0,0.0,0.0,0.06127450980392158,0.9558823529411766,9.779411764705884,15.404411764705886,3.6519607843137263,0.1470588235294118,0.4097,0.01254,0.0,0.0,0.0,0.0,0.0,0.0,0.0,0.0,0.0,0.0,0.011764705882352944,6.6470588235294015,22.529411764705888,0.8117647058823532,0.0,0.0,0.0,0.0,0.0,0.0,0.0,0.0,0.0,0.0,0.0,0.0,0.0,0.0,0.0,0.0,0.41,0.01258,0.0,0.0,0.0,0.0,0.0,0.0,0.0,0.0,0.0,0.0,0.012254901960784317,6.544117647058814,22.328431372549026,1.1151960784313728,0.0,0.0,0.0,0.0,0.0,0.0,0.0,0.0,0.0,0.0,0.0,0.0,0.0,0.0,0.0,0.0
81900,4317,2215,0.5130877924484596,1052,877,0.44683808200138986,1231,0.5703034514709289,0.4100000000000001,2.9029495718363463,2.986028496362959,6.1819672131147545,2.1542187505345245,8372.963168867269,506.52638465493396,7853.0,8866.4,8866.4,0.0,7853.0,0.0,28.81468612462358,21.13568325207975,33.785164835164835,19.278525310812615,0.1341209173036831,0.1014593467685893,0.08269631688672689,0.08431781329627056,0.0817697475098448,0.07041927264303914,0.06810284920083391,0.06532314107018763,0.05906879777623349,0.05559416261292564,0.052582812138058835,0.04215890664813528,0.03683113273106324,0.028723650683344915,0.018763029881862403,0.011582117211026175,0.006485985638174659,0.9076292277597459,0.022160065180745415,0.0,0.0,0.0,0.0,0.0,0.0,0.0,0.0,0.0,0.0,0.0,0.0,0.0,0.0,0.0,0.0,0.0,0.0,0.0,0.0,0.0,0.0,0.0,0.0,0.006949270326615707,0.972897845726199,10.048644892286312,15.205003474635166,3.6692147324530935,0.0972897845726199,4.077192982456141,2.7846079155707946,nan,nan,nan,4.132260321903429,2.797329877415113,4.022535211267606,2.771494597703231,0.9734467090434222,0.4094,0.01231,0.0,0.0,0.0,0.0,0.0,0.0,0.0,0.0,0.0,0.0,0.013898540653231414,6.567060458651833,22.67546907574705,0.7435719249478807,0.0,0.0,0.0,0.0,0.0,0.0,0.0,0.0,0.0,0.0,0.0,0.0,0.0,0.0,0.0,0.0,nan,nan,4.077192982456141,2.7846079155707946,nan,0.4094,0.0667,0.0,0.0,0.0,0.0,0.0,0.0,0.0,0.0,0.0,0.0,0.0,0.0,0.0,0.0,0.0,0.0,0.0,2.316423442205235e-05,0.0,1.1582117211026175e-05,0.0008339124391938846,0.00526986333101691,0.002177438035672921,9.26569376882094e-05,0.0003358813991197591,0.0014825110030113504,0.0003706277507528376,0.00034746351633078526,0.013968033356497567,0.007343062311790595,0.020697243456103777,0.02959230947417188,0.04338661107250406,0.03516330785267547,0.04213574241371323,0.03073893907806347,0.033680796849664116,0.02599027102154274,0.04931665508454946,0.0816770905721566,0.041047023395876764,0.0450428538336808,0.06218438730599954,0.08095899930507297,0.04468380820013899,0.06971276349316655,0.03246467454250637,0.03729441741950429,0.042633773453787355,0.014454482279360668,0.01580958999305073,0.0465485290711142,0.016701413018299745,0.005443595089182303,0.004134815844336345,0.003625202687051193,0.0016099142923326384,0.0038452629140606903,0.003428306694463748,0.0007180912670836229,0.002050034746351633,2.316423442205235e-05,0.0008339124391938846,9.26569376882094e-05,2.316423442205235e-05,0.0,0.0,0.0,0.0,0.0,0.0,0.0,0.0,0.0,0.0,0.0,0.0,0.0,0.0,0.0,0.0,0.0,0.0,0.0,0.0,0.0,0.0,0.0,0.0,0.0,0.0,0.0,0.0,0.0,0.0,0.0,0.0,0.0,0.0,0.0,0.0,nan,nan,4.077192982456141,2.7846079155707946,nan,0.9074048544698591,0.02170061399395372,0.0,0.0,0.0,0.0,0.0,0.0,0.0,0.0,0.0,0.0,0.0,0.0,0.0,0.0,0.0,0.0,0.0,0.0,0.0,0.0,0.0,0.0,0.0,0.0,0.0,0.8397291196388263,10.279909706546277,15.304740406320546,3.494356659142213,0.08126410835214448,0.9078656629819625,0.02263171906381837,0.0,0.0,0.0,0.0,0.0,0.0,0.0,0.0,0.0,0.0,0.0,0.0,0.0,0.0,0.0,0.0,0.0,0.0,0.0,0.0,0.0,0.0,0.0,0.0,0.014272121788772602,1.1132254995242628,9.804947668886776,15.099904852521412,3.8534728829686022,0.11417697431018081,0.4094,0.012184,0.0,0.0,0.0,0.0,0.0,0.0,0.0,0.0,0.0,0.0,0.013544018058690748,6.446952595936786,22.80812641083522,0.7313769751693004,0.0,0.0,0.0,0.0,0.0,0.0,0.0,0.0,0.0,0.0,0.0,0.0,0.0,0.0,0.0,0.0,0.4094,0.012436,0.0,0.0,0.0,0.0,0.0,0.0,0.0,0.0,0.0,0.0,0.014272121788772602,6.693625118934339,22.535680304471935,0.7564224548049479,0.0,0.0,0.0,0.0,0.0,0.0,0.0,0.0,0.0,0.0,0.0,0.0,0.0,0.0,0.0,0.0
82000,4265,2248,0.5270808909730363,1073,854,0.4518171160609613,1179,0.5528722157092615,0.4140000000000001,2.9494298463063955,3.0700660941857487,6.428571428571429,2.1383227285860884,8387.143774912076,505.9562522773833,7853.0,8866.4,8866.4,0.0,7853.0,0.0,28.287456037514655,21.084653686463028,33.31126012852752,19.293770565276855,0.13903868698710434,0.09730363423212192,0.09308323563892146,0.08206330597889801,0.08253223915592028,0.07620164126611957,0.07057444314185228,0.06494724501758499,0.057678780773739745,0.05205158264947245,0.04783118405627198,0.03587338804220398,0.033294255568581475,0.028839390386869872,0.01922626025791325,0.01078546307151231,0.008675263774912075,0.9071246041502511,0.023027333698851484,0.0,0.0,0.0,0.0,0.0,0.0,0.0,0.0,0.0,0.0,0.0,0.0,0.0,0.0,0.0,0.0,0.0,0.0,0.0,0.0,0.0,0.0,0.0,0.0,0.014067995310668232,1.1676436107854633,10.206330597889803,14.841735052754986,3.573270808909731,0.19695193434935526,4.148054755043228,2.9227659943143953,nan,nan,nan,4.2057142857142855,2.924618935582437,4.091636363636364,2.919583260197102,0.9728754940711464,0.409,0.012245,0.0,0.0,0.0,0.0,0.0,0.0,0.0,0.0,0.0,0.0,0.007033997655334116,7.005861664712768,22.23446658851114,0.7526377491207505,0.0,0.0,0.0,0.0,0.0,0.0,0.0,0.0,0.0,0.0,0.0,0.0,0.0,0.0,0.0,0.0,nan,nan,4.148054755043228,2.9227659943143953,nan,0.409,0.06726,0.0,0.0,0.0,0.0,0.0,0.0,0.0,0.0,0.0,0.0,0.0,0.0,0.0,0.0,0.0,0.0,0.0,0.0,0.0,0.0,0.0008323563892145369,0.0056154747948417355,0.0021101992966002345,0.00016412661195779602,0.0007502930832356389,0.001899179366940211,0.00021101992966002345,0.0004806565064478312,0.014126611957796013,0.0070457209847596715,0.01917936694021102,0.02936694021101993,0.046213364595545134,0.03645955451348183,0.04599062133645956,0.029753810082063306,0.03376318874560375,0.025873388042203987,0.04832356389214537,0.07695193434935521,0.043903868698710435,0.042708089097303635,0.06637749120750293,0.08261430246189919,0.042602579132473624,0.06803048065650645,0.030093786635404456,0.03976553341148886,0.04098475967174678,0.013575615474794842,0.014876905041031653,0.04514654161781946,0.015967174677608442,0.006412661195779602,0.004595545134818288,0.00347010550996483,0.0015474794841735054,0.0035404454865181714,0.0035990621336459555,0.0008909730363423212,0.0029542790152403283,0.0,0.0011137162954279016,8.206330597889801e-05,3.516998827667058e-05,0.0,0.0,0.0,0.0,0.0,0.0,0.0,0.0,0.0,0.0,0.0,0.0,0.0,0.0,0.0,0.0,0.0,0.0,0.0,0.0,0.0,0.0,0.0,0.0,0.0,0.0,0.0,0.0,0.0,0.0,0.0,0.0,0.0,0.0,0.0,0.0,nan,nan,4.148054755043228,2.9227659943143953,nan,0.9067732360598455,0.023197994026713922,0.0,0.0,0.0,0.0,0.0,0.0,0.0,0.0,0.0,0.0,0.0,0.0,0.0,0.0,0.0,0.0,0.0,0.0,0.0,0.0,0.0,0.0,0.0,0.0,0.0,1.2811387900355873,10.262455516014237,14.81316725978648,3.456405693950179,0.18683274021352317,0.9075162132068856,0.02282925383971896,0.0,0.0,0.0,0.0,0.0,0.0,0.0,0.0,0.0,0.0,0.0,0.0,0.0,0.0,0.0,0.0,0.0,0.0,0.0,0.0,0.0,0.0,0.0,0.0,0.029747149231531985,1.0411502231036194,10.143777887952407,14.873574615765992,3.7035200793257324,0.2082300446207239,0.4087,0.01206,0.0,0.0,0.0,0.0,0.0,0.0,0.0,0.0,0.0,0.0,0.01334519572953737,6.8994661921708085,22.28647686832741,0.8007117437722422,0.0,0.0,0.0,0.0,0.0,0.0,0.0,0.0,0.0,0.0,0.0,0.0,0.0,0.0,0.0,0.0,0.409,0.01244,0.0,0.0,0.0,0.0,0.0,0.0,0.0,0.0,0.0,0.0,0.0,7.124442240951899,22.176499752107095,0.6990580069410016,0.0,0.0,0.0,0.0,0.0,0.0,0.0,0.0,0.0,0.0,0.0,0.0,0.0,0.0,0.0,0.0
82100,4352,2214,0.5087316176470589,1045,903,0.4476102941176471,1247,0.5730698529411765,0.4180000000000001,2.892422825070159,3.0455888487798277,6.439728353140917,2.183092289982606,8368.548621323527,506.622731330398,7853.0,8866.4,8866.400000000001,1.8189894035458565e-12,7853.0,0.0,27.979549632352942,21.00084896260411,32.958937859293734,19.24733364292673,0.14177389705882354,0.0935202205882353,0.09673713235294118,0.08892463235294118,0.07858455882352941,0.0778952205882353,0.07375919117647059,0.058823529411764705,0.05675551470588235,0.04802389705882353,0.04388786764705882,0.04204963235294118,0.03170955882352941,0.029871323529411766,0.01953125,0.010799632352941176,0.007352941176470588,0.9060044119216721,0.022656151472596857,0.0,0.0,0.0,0.0,0.0,0.0,0.0,0.0,0.0,0.0,0.0,0.0,0.0,0.0,0.0,0.0,0.0,0.0,0.0,0.0,0.0,0.0,0.0,0.0,0.020680147058823532,1.2477022058823533,10.65027573529412,14.57261029411765,3.4329044117647065,0.07582720588235295,4.273307337823467,2.880601676740793,nan,nan,nan,4.311888111888112,2.9245641480419815,4.233644859813084,2.834148524347213,0.9818540625255774,0.4087,0.01199,0.0,0.0,0.0,0.0,0.0,0.0,0.0,0.0,0.0,0.0,0.0,7.03124999999999,22.341452205882355,0.6272977941176472,0.0,0.0,0.0,0.0,0.0,0.0,0.0,0.0,0.0,0.0,0.0,0.0,0.0,0.0,0.0,0.0,nan,nan,4.273307337823467,2.880601676740793,nan,0.4087,0.06714,0.0,0.0,0.0,0.0,0.0,0.0,0.0,0.0,0.0,0.0,0.0,0.0,0.0,0.0,0.0,0.0,1.1488970588235294e-05,0.0,0.0,0.0,0.0016199448529411766,0.005376838235294118,0.002849264705882353,0.00022977941176470588,0.0007582720588235294,0.0016773897058823528,0.00012637867647058825,0.0003676470588235294,0.012258731617647059,0.00815716911764706,0.017681525735294117,0.03125,0.04326746323529412,0.03810891544117647,0.04639246323529412,0.02951516544117647,0.03323759191176471,0.025735294117647058,0.04927619485294118,0.07781479779411765,0.04347426470588235,0.04341681985294118,0.06467141544117647,0.08267463235294117,0.04577205882352941,0.06626838235294118,0.029526654411764705,0.03915441176470588,0.041659007352941174,0.013798253676470588,0.01614200367647059,0.04514016544117647,0.016256893382352942,0.006020220588235294,0.0038717830882352942,0.003860294117647059,0.0018497242647058823,0.0027573529411764708,0.003159466911764706,0.0008042279411764705,0.0027918198529411765,0.0,0.0011144301470588235,4.5955882352941176e-05,5.744485294117647e-05,0.0,0.0,0.0,0.0,0.0,0.0,0.0,0.0,0.0,0.0,0.0,0.0,0.0,0.0,0.0,0.0,0.0,0.0,0.0,0.0,0.0,0.0,0.0,0.0,0.0,0.0,0.0,0.0,0.0,0.0,0.0,0.0,0.0,0.0,0.0,0.0,nan,nan,4.273307337823467,2.880601676740793,nan,0.9059506526053652,0.022324789590526514,0.0,0.0,0.0,0.0,0.0,0.0,0.0,0.0,0.0,0.0,0.0,0.0,0.0,0.0,0.0,0.0,0.0,0.0,0.0,0.0,0.0,0.0,0.0,0.0,0.04065040650406505,1.1517615176151763,10.691056910569108,14.769647696476968,3.292682926829269,0.054200542005420065,0.9060600822333201,0.02299412767169783,0.0,0.0,0.0,0.0,0.0,0.0,0.0,0.0,0.0,0.0,0.0,0.0,0.0,0.0,0.0,0.0,0.0,0.0,0.0,0.0,0.0,0.0,0.0,0.0,0.0,1.3470533208606177,10.608044901777363,14.368568755846589,3.578110383536016,0.09822263797942005,0.409,0.01204,0.0,0.0,0.0,0.0,0.0,0.0,0.0,0.0,0.0,0.0,0.0,6.775067750677497,22.52032520325204,0.7046070460704609,0.0,0.0,0.0,0.0,0.0,0.0,0.0,0.0,0.0,0.0,0.0,0.0,0.0,0.0,0.0,0.0,0.4084,0.01193,0.0,0.0,0.0,0.0,0.0,0.0,0.0,0.0,0.0,0.0,0.0,7.296538821328334,22.156220767072032,0.5472404115996259,0.0,0.0,0.0,0.0,0.0,0.0,0.0,0.0,0.0,0.0,0.0,0.0,0.0,0.0,0.0,0.0
82200,4285,2285,0.5332555425904317,1128,832,0.4574095682613769,1169,0.5456242707117853,0.4260000000000001,3.115,3.1331733115166163,6.576158940397351,2.1125204998189173,8393.401166861144,505.57800718800775,7853.0,8866.4,8866.4,0.0,7853.0,0.0,28.854842473745624,21.097836838348286,33.59868240461159,19.30898813232731,0.13465577596266046,0.0896149358226371,0.09171528588098016,0.08634772462077013,0.07981330221703617,0.07607934655775962,0.06744457409568261,0.06371061843640607,0.06301050175029171,0.05764294049008168,0.05087514585764294,0.0382730455075846,0.03593932322053676,0.025204200700116686,0.016102683780630105,0.013768961493582263,0.009801633605600933,0.9052944681051871,0.02214126483859825,0.0,0.0,0.0,0.0,0.0,0.0,0.0,0.0,0.0,0.0,0.0,0.0,0.0,0.0,0.0,0.0,0.0,0.0,0.0,0.0,0.0,0.0,0.0,0.0,0.028004667444574104,1.1131855309218206,11.047841306884482,14.69544924154026,3.0035005834305726,0.11201866977829641,4.170482564283199,2.929576524311206,nan,nan,nan,4.191672648959081,2.879217734293493,4.149480968858131,2.978087460253324,0.9899344047986602,0.409,0.01229,0.0,0.0,0.0,0.0,0.0,0.0,0.0,0.0,0.0,0.0,0.014002333722287052,6.959159859976652,22.40373395565928,0.6231038506417738,0.0,0.0,0.0,0.0,0.0,0.0,0.0,0.0,0.0,0.0,0.0,0.0,0.0,0.0,0.0,0.0,nan,nan,4.170482564283199,2.929576524311206,nan,0.409,0.06647,0.0,0.0,0.0,0.0,0.0,0.0,0.0,0.0,0.0,0.0,0.0,0.0,0.0,0.0,0.0,0.0,0.0,0.0,2.3337222870478414e-05,0.0,0.0013885647607934657,0.004235705950991832,0.0028588098016336058,0.00026837806301050176,0.0008284714119019837,0.001306884480746791,7.001166861143524e-05,0.0005017502917152859,0.011831971995332556,0.008249708284714118,0.017106184364060677,0.030361726954492414,0.04085180863477246,0.03862310385064177,0.046744457409568264,0.03002333722287048,0.0352975495915986,0.026966161026837805,0.05163360560093349,0.07791131855309218,0.04159859976662777,0.04239206534422404,0.0676196032672112,0.08182030338389731,0.04782963827304551,0.06420070011668612,0.03,0.03969661610268378,0.04028004667444574,0.011936989498249709,0.016662777129521588,0.04597432905484247,0.016581096849474914,0.005752625437572929,0.004282380396732789,0.003897316219369895,0.0022520420070011667,0.0026254375729288216,0.0038156359393232207,0.0010618436406067678,0.0016569428238039673,1.1668611435239207e-05,0.0008168028004667445,3.500583430571762e-05,0.00011668611435239207,0.0,0.0,0.0,0.0,0.0,0.0,0.0,0.0,0.0,0.0,0.0,0.0,0.0,0.0,0.0,0.0,0.0,0.0,0.0,0.0,0.0,0.0,0.0,0.0,0.0,0.0,0.0,0.0,0.0,0.0,0.0,0.0,0.0,0.0,0.0,0.0,nan,nan,4.170482564283199,2.929576524311206,nan,0.9051184883002901,0.02205803771029163,0.0,0.0,0.0,0.0,0.0,0.0,0.0,0.0,0.0,0.0,0.0,0.0,0.0,0.0,0.0,0.0,0.0,0.0,0.0,0.0,0.0,0.0,0.0,0.0,0.026258205689277905,1.089715536105033,11.146608315098472,14.691466083150988,2.9277899343544864,0.11816192560175057,0.9054955250322819,0.022234265934059378,0.0,0.0,0.0,0.0,0.0,0.0,0.0,0.0,0.0,0.0,0.0,0.0,0.0,0.0,0.0,0.0,0.0,0.0,0.0,0.0,0.0,0.0,0.0,0.0,0.030000000000000006,1.1400000000000001,10.935000000000002,14.700000000000003,3.0900000000000007,0.10500000000000002,0.4092,0.01241,0.0,0.0,0.0,0.0,0.0,0.0,0.0,0.0,0.0,0.0,0.013129102844638953,6.9978118161925495,22.253829321663027,0.7352297592997814,0.0,0.0,0.0,0.0,0.0,0.0,0.0,0.0,0.0,0.0,0.0,0.0,0.0,0.0,0.0,0.0,0.409,0.01215,0.0,0.0,0.0,0.0,0.0,0.0,0.0,0.0,0.0,0.0,0.015000000000000003,6.91499999999999,22.575000000000003,0.4950000000000001,0.0,0.0,0.0,0.0,0.0,0.0,0.0,0.0,0.0,0.0,0.0,0.0,0.0,0.0,0.0,0.0
82300,4236,2164,0.5108593012275732,1005,857,0.4395656279508971,1186,0.5599622285174694,0.4420000000000001,3.056949806949807,3.1807881240574245,6.765410958904109,2.231031651136544,8370.704815864023,506.5804812937415,7853.0,8866.4,8866.4,0.0,7853.0,0.0,27.76487252124646,20.9680825223169,32.79633286318759,19.2243744578074,0.14423984891406988,0.09891406987724269,0.09702549575070822,0.0852219074598678,0.08073654390934844,0.06916902738432483,0.07129367327667611,0.07011331444759207,0.05476864966949953,0.04863078375826251,0.046978281397544855,0.03847969782813975,0.029981114258734655,0.02644003777148253,0.018885741265344664,0.012983947119924457,0.006137865911237016,0.9048837801693069,0.022581521083329125,0.0,0.0,0.0,0.0,0.0,0.0,0.0,0.0,0.0,0.0,0.0,0.0,0.0,0.0,0.0,0.0,0.0,0.0,0.0,0.0,0.0,0.0,0.0,0.0,0.0,1.3951841359773374,10.941926345609067,14.518413597733714,3.0311614730878196,0.11331444759206802,4.328908554572271,2.877322940568559,nan,nan,nan,4.402654867256637,2.878584137904516,4.255162241887906,2.8741696074483207,0.966499162479062,0.409,0.012436,0.0,0.0,0.0,0.0,0.0,0.0,0.0,0.0,0.0,0.0,0.028328611898017005,6.890934844192624,22.436260623229465,0.6444759206798868,0.0,0.0,0.0,0.0,0.0,0.0,0.0,0.0,0.0,0.0,0.0,0.0,0.0,0.0,0.0,0.0,nan,nan,4.328908554572271,2.877322940568559,nan,0.409,0.0669,0.0,0.0,0.0,0.0,0.0,0.0,0.0,0.0,0.0,0.0,0.0,0.0,0.0,0.0,0.0,0.0,0.0,0.0,0.0,0.0,0.001676109537299339,0.0041902738432483475,0.0030925401322001887,0.00034230406043437206,0.0006019830028328612,0.0015462700661000943,3.5410764872521244e-05,0.0004957507082152975,0.012724268177525968,0.008876298394711992,0.015887629839471198,0.03093720491029273,0.04074598677998111,0.03883380547686497,0.04662417374881964,0.030476864966949953,0.03552880075542965,0.025354107648725213,0.051782341831916906,0.07533050047214353,0.04231586402266289,0.04210339943342776,0.06986543909348442,0.08105524079320113,0.04571529745042493,0.06425873465533523,0.029497167138810197,0.039955146364494806,0.03973087818696884,0.01391643059490085,0.016347969782813974,0.04700188857412654,0.01591123701605288,0.00624409820585458,0.0045561850802644,0.0034230406043437205,0.0020302171860245516,0.002809254013220019,0.004154863078375827,0.0014282341831916903,0.001593484419263456,0.00011803588290840416,0.0007200188857412654,0.0,0.00016525023607176582,0.0,0.0,0.0,0.0,0.0,0.0,0.0,0.0,0.0,0.0,0.0,0.0,0.0,0.0,0.0,0.0,0.0,0.0,0.0,0.0,0.0,0.0,0.0,0.0,0.0,0.0,0.0,0.0,0.0,0.0,0.0,0.0,0.0,0.0,0.0,0.0,nan,nan,4.328908554572271,2.877322940568559,nan,0.9043764010374735,0.022772603681577817,0.0,0.0,0.0,0.0,0.0,0.0,0.0,0.0,0.0,0.0,0.0,0.0,0.0,0.0,0.0,0.0,0.0,0.0,0.0,0.0,0.0,0.0,0.0,0.0,0.0,1.4695009242144181,11.18761552680222,14.25138632162662,2.9944547134935315,0.09704251386321629,0.9054136877181908,0.022367928906337254,0.0,0.0,0.0,0.0,0.0,0.0,0.0,0.0,0.0,0.0,0.0,0.0,0.0,0.0,0.0,0.0,0.0,0.0,0.0,0.0,0.0,0.0,0.0,0.0,0.0,1.3175675675675678,10.685328185328187,14.7972972972973,3.0694980694980702,0.13030888030888033,0.409,0.01251,0.0,0.0,0.0,0.0,0.0,0.0,0.0,0.0,0.0,0.0,0.0,6.9038817005545186,22.430683918669136,0.6654343807763402,0.0,0.0,0.0,0.0,0.0,0.0,0.0,0.0,0.0,0.0,0.0,0.0,0.0,0.0,0.0,0.0,0.4092,0.01235,0.0,0.0,0.0,0.0,0.0,0.0,0.0,0.0,0.0,0.0,0.05791505791505793,6.877413127413118,22.442084942084946,0.6225868725868727,0.0,0.0,0.0,0.0,0.0,0.0,0.0,0.0,0.0,0.0,0.0,0.0,0.0,0.0,0.0,0.0
82400,4446,2333,0.5247413405308142,1075,904,0.445119208277103,1240,0.5578047683310842,0.4260000000000001,2.98059630856602,3.1545011709920865,6.623063683304647,2.1899673237071027,8384.772874493929,506.07928327942017,7853.0,8866.4,8866.4,0.0,7853.0,0.0,28.068151147098515,20.917067086523407,33.062198391420914,19.131782085934837,0.13990103463787673,0.09694107062528115,0.09896536212325686,0.09064327485380116,0.07467386414754835,0.06770130454340981,0.06635177687809267,0.06072874493927125,0.06072874493927125,0.05735492577597841,0.05128205128205128,0.043859649122807015,0.030364372469635626,0.02766531713900135,0.019118308591992803,0.006297795771479982,0.007422402159244264,0.9043003493367795,0.022971709861401495,0.0,0.0,0.0,0.0,0.0,0.0,0.0,0.0,0.0,0.0,0.0,0.0,0.0,0.0,0.0,0.0,0.0,0.0,0.0,0.0,0.0,0.0,0.0,0.0,0.026990553306342785,1.4979757085020247,11.268556005398114,14.089068825910934,3.049932523616735,0.06747638326585696,4.248078266946192,2.947115067720603,nan,nan,nan,4.312456016889515,2.931936013716866,4.184594031922276,2.960636734447146,0.9703505416712719,0.4092,0.01203,0.0,0.0,0.0,0.0,0.0,0.0,0.0,0.0,0.0,0.0,0.0,6.686909581646414,22.72604588394063,0.5870445344129556,0.0,0.0,0.0,0.0,0.0,0.0,0.0,0.0,0.0,0.0,0.0,0.0,0.0,0.0,0.0,0.0,nan,nan,4.248078266946192,2.947115067720603,nan,0.4092,0.0674,0.0,0.0,0.0,0.0,0.0,0.0,0.0,0.0,0.0,0.0,0.0,0.0,0.0,0.0,0.0,0.0,0.0,0.0,0.0,0.0,0.0017881241565452092,0.0046221322537112015,0.0033625730994152046,0.0009221772379667117,0.0009896536212325687,0.0015069725596041385,0.00011246063877642825,0.00042735042735042735,0.012033288349077824,0.008771929824561403,0.015159694107062529,0.02984705353126406,0.043454790823211874,0.039833558254610886,0.04416329284750337,0.029689608636977057,0.03670715249662618,0.02614709851551957,0.05042735042735043,0.07380791722896986,0.0399685110211426,0.045569050832208725,0.06816239316239316,0.0825123706702654,0.045130454340980654,0.0644961763382816,0.02874493927125506,0.03993477282950967,0.03730319388214125,0.014361223571749888,0.017386414754835808,0.049516419253261355,0.015114709851551956,0.006938821412505623,0.005285650022492127,0.00390238416554206,0.0016531713900134952,0.002901484480431849,0.0032388663967611335,0.0013945119208277103,0.0014057579847053532,0.00020242914979757084,0.0007197480881691408,0.0,0.00038236617183985607,0.0,0.0,0.0,0.0,0.0,0.0,0.0,0.0,0.0,0.0,0.0,0.0,0.0,0.0,0.0,0.0,0.0,0.0,0.0,0.0,0.0,0.0,0.0,0.0,0.0,0.0,0.0,0.0,0.0,0.0,0.0,0.0,0.0,0.0,0.0,0.0,nan,nan,4.248078266946192,2.947115067720603,nan,0.9043585185426221,0.023197538470751955,0.0,0.0,0.0,0.0,0.0,0.0,0.0,0.0,0.0,0.0,0.0,0.0,0.0,0.0,0.0,0.0,0.0,0.0,0.0,0.0,0.0,0.0,0.0,0.0,0.03857693956279469,1.5687955422203175,11.161594513501932,14.196313759108447,2.9704243463351916,0.0642948992713245,0.9042361237062868,0.022719588313541324,0.0,0.0,0.0,0.0,0.0,0.0,0.0,0.0,0.0,0.0,0.0,0.0,0.0,0.0,0.0,0.0,0.0,0.0,0.0,0.0,0.0,0.0,0.0,0.0,0.014197823000473264,1.4197823000473262,11.386654046379556,13.970657832465692,3.1377188831045917,0.07098911500236632,0.409,0.011955,0.0,0.0,0.0,0.0,0.0,0.0,0.0,0.0,0.0,0.0,0.0,6.866695242177443,22.60608658379769,0.5272181740248608,0.0,0.0,0.0,0.0,0.0,0.0,0.0,0.0,0.0,0.0,0.0,0.0,0.0,0.0,0.0,0.0,0.4092,0.012115,0.0,0.0,0.0,0.0,0.0,0.0,0.0,0.0,0.0,0.0,0.0,6.488405111216271,22.858495030761954,0.6530998580217701,0.0,0.0,0.0,0.0,0.0,0.0,0.0,0.0,0.0,0.0,0.0,0.0,0.0,0.0,0.0,0.0
82500,4521,2292,0.5069674850696748,1045,950,0.44127405441274054,1294,0.5724397257243973,0.4220000000000001,2.9986541049798117,3.1102802063491963,6.6138147566719,2.142856567817244,8366.76084936961,506.6508012489268,7853.0,8866.4,8866.399999999998,1.8189894035458565e-12,7853.0,0.0,28.387967263879673,21.152533247295928,33.41785150078989,19.334571715446906,0.14134041141340412,0.09710241097102411,0.09090909090909091,0.08427339084273391,0.08250387082503871,0.06989604069896041,0.06746295067462951,0.0579517805795178,0.0617120106171201,0.05286441052864411,0.05220084052200841,0.042247290422472904,0.0364963503649635,0.027648750276487503,0.0170316301703163,0.012829020128290201,0.005529750055297501,0.9037616469907012,0.02282804032570588,0.0,0.0,0.0,0.0,0.0,0.0,0.0,0.0,0.0,0.0,0.0,0.0,0.0,0.0,0.0,0.0,0.0,0.0,0.0,0.0,0.0,0.0,0.0,0.0,0.03317850033178501,1.5527538155275387,11.247511612475119,14.286662242866626,2.806901128069012,0.07299270072992702,4.353301565690947,2.8454203453503006,nan,nan,nan,4.378860672614962,2.8818973137116948,4.326351351351351,2.8089351037524466,0.9880084512412098,0.4097,0.0118,0.0,0.0,0.0,0.0,0.0,0.0,0.0,0.0,0.0,0.0,0.006635700066357002,6.284007962840071,23.105507631055083,0.6038487060384872,0.0,0.0,0.0,0.0,0.0,0.0,0.0,0.0,0.0,0.0,0.0,0.0,0.0,0.0,0.0,0.0,nan,nan,4.353301565690947,2.8454203453503006,nan,0.4097,0.06726,0.0,0.0,0.0,0.0,0.0,0.0,0.0,0.0,0.0,0.0,0.0,0.0,0.0,0.0,0.0,0.0,0.0,0.0,0.0,0.0,0.0018579960185799603,0.004169431541694316,0.00400353904003539,0.0008294625082946251,0.0006967485069674851,0.0015151515151515152,2.2119000221190002e-05,0.00025436850254368504,0.011313868613138687,0.007929661579296615,0.014908206149082061,0.029794293297942934,0.04286662242866623,0.03973678389736784,0.04214775492147755,0.03015925680159257,0.03651846936518469,0.02687458526874585,0.052532625525326254,0.07449679274496793,0.037757133377571334,0.04511170095111701,0.06935412519354126,0.08303472683034727,0.04486839194868392,0.06635700066357,0.030015483300154834,0.03939393939393939,0.03796726387967264,0.013846494138464942,0.017518248175182483,0.04808670648086706,0.013304578633045787,0.0081840300818403,0.005662464056624641,0.0037381110373811105,0.0016699845166998452,0.0032846715328467154,0.003395266533952665,0.0015483300154833,0.0017584605175846053,2.2119000221190002e-05,0.00103959301039593,0.0,0.00045343950453439504,0.0,0.0,0.0,0.0,0.0,0.0,0.0,0.0,0.0,0.0,0.0,0.0,0.0,0.0,0.0,0.0,0.0,0.0,0.0,0.0,0.0,0.0,0.0,0.0,0.0,0.0,0.0,0.0,0.0,0.0,0.0,0.0,0.0,0.0,0.0,0.0,nan,nan,4.353301565690947,2.8454203453503006,nan,0.9036128853836193,0.02259820923919723,0.0,0.0,0.0,0.0,0.0,0.0,0.0,0.0,0.0,0.0,0.0,0.0,0.0,0.0,0.0,0.0,0.0,0.0,0.0,0.0,0.0,0.0,0.0,0.0,0.03926701570680629,1.3612565445026181,11.583769633507856,14.149214659685867,2.7879581151832467,0.07853403141361258,0.9039146131654126,0.02306097828760799,0.0,0.0,0.0,0.0,0.0,0.0,0.0,0.0,0.0,0.0,0.0,0.0,0.0,0.0,0.0,0.0,0.0,0.0,0.0,0.0,0.0,0.0,0.0,0.0,0.026917900403768513,1.7496635262449534,10.901749663526246,14.427994616419923,2.826379542395694,0.06729475100942128,0.4097,0.01174,0.0,0.0,0.0,0.0,0.0,0.0,0.0,0.0,0.0,0.0,0.0,6.452879581151823,22.95811518324608,0.5890052356020944,0.0,0.0,0.0,0.0,0.0,0.0,0.0,0.0,0.0,0.0,0.0,0.0,0.0,0.0,0.0,0.0,0.4097,0.01186,0.0,0.0,0.0,0.0,0.0,0.0,0.0,0.0,0.0,0.0,0.013458950201884257,6.110363391655442,23.257065948855995,0.6191117092866757,0.0,0.0,0.0,0.0,0.0,0.0,0.0,0.0,0.0,0.0,0.0,0.0,0.0,0.0,0.0,0.0
82600,4816,2466,0.5120431893687708,1170,987,0.4478820598006645,1372,0.5697674418604651,0.4020000000000001,2.9017021276595742,3.084780290910029,6.630672926447574,2.0898588171951937,8371.904568106314,506.5529967509206,7853.0,8866.4,8866.4,0.0,7853.0,0.0,27.983803986710964,20.920732856918487,33.17713004484305,19.04083318777916,0.14638704318936877,0.09593023255813954,0.09385382059800665,0.07911129568106312,0.07475083056478406,0.0795265780730897,0.07412790697674419,0.059800664451827246,0.06042358803986711,0.052948504983388704,0.046719269102990034,0.04152823920265781,0.03446843853820598,0.028654485049833887,0.016196013289036543,0.009551495016611296,0.0060215946843853825,0.9045753793611478,0.022473580347945877,0.0,0.0,0.0,0.0,0.0,0.0,0.0,0.0,0.0,0.0,0.0,0.0,0.0,0.0,0.0,0.0,0.0,0.0,0.0,0.0,0.0,0.0,0.0,0.0,0.02491694352159469,1.31436877076412,11.306063122923591,14.289867109634555,3.008720930232559,0.05606312292358805,4.269181173436492,2.8723224977930917,nan,nan,nan,4.210828025477707,2.888723510167677,4.328981723237598,2.8541794296042675,1.0280594925855435,0.4097,0.01196,0.0,0.0,0.0,0.0,0.0,0.0,0.0,0.0,0.0,0.0,0.006229235880398673,6.110880398671087,23.18521594684386,0.6976744186046514,0.0,0.0,0.0,0.0,0.0,0.0,0.0,0.0,0.0,0.0,0.0,0.0,0.0,0.0,0.0,0.0,nan,nan,4.269181173436492,2.8723224977930917,nan,0.4097,0.0677,0.0,0.0,0.0,0.0,0.0,0.0,0.0,0.0,0.0,0.0,0.0,0.0,0.0,0.0,0.0,0.0,0.0,0.0,3.114617940199335e-05,0.0,0.0020556478405315613,0.004215116279069768,0.004038621262458472,0.000851328903654485,0.0005606312292358804,0.0019725913621262458,3.114617940199335e-05,0.00031146179401993354,0.010350913621262458,0.008336794019933555,0.014545265780730897,0.028789451827242525,0.04624169435215947,0.040043604651162794,0.040386212624584715,0.028976328903654484,0.04023048172757475,0.024314784053156145,0.05168189368770764,0.075,0.03800872093023256,0.044300249169435216,0.06846968438538206,0.08370016611295682,0.04195390365448505,0.06841777408637874,0.03189368770764119,0.039721760797342194,0.039939784053156145,0.011617524916943522,0.01744186046511628,0.04718646179401993,0.012147009966777408,0.007786544850498339,0.004381229235880399,0.005232558139534884,0.0018272425249169434,0.0046615448504983385,0.0032703488372093025,0.001931063122923588,0.0015573089700996678,2.0764119601328905e-05,0.0009862956810631229,0.0,0.0005813953488372093,0.0,0.0,0.0,0.0,0.0,0.0,0.0,0.0,0.0,0.0,0.0,0.0,0.0,0.0,0.0,0.0,0.0,0.0,0.0,0.0,0.0,0.0,0.0,0.0,0.0,0.0,0.0,0.0,0.0,0.0,0.0,0.0,0.0,0.0,0.0,0.0,nan,nan,4.269181173436492,2.8723224977930917,nan,0.9048937642758007,0.022812429469990937,0.0,0.0,0.0,0.0,0.0,0.0,0.0,0.0,0.0,0.0,0.0,0.0,0.0,0.0,0.0,0.0,0.0,0.0,0.0,0.0,0.0,0.0,0.0,0.0,0.024330900243309007,1.35036496350365,11.119221411192218,14.245742092457425,3.211678832116789,0.048661800486618015,0.9042412784251761,0.02210749265252586,0.0,0.0,0.0,0.0,0.0,0.0,0.0,0.0,0.0,0.0,0.0,0.0,0.0,0.0,0.0,0.0,0.0,0.0,0.0,0.0,0.0,0.0,0.0,0.0,0.025531914893617027,1.2765957446808514,11.502127659574471,14.33617021276596,2.7957446808510644,0.06382978723404256,0.4097,0.012,0.0,0.0,0.0,0.0,0.0,0.0,0.0,0.0,0.0,0.0,0.012165450121654504,6.119221411192205,23.11435523114356,0.7542579075425793,0.0,0.0,0.0,0.0,0.0,0.0,0.0,0.0,0.0,0.0,0.0,0.0,0.0,0.0,0.0,0.0,0.41,0.01192,0.0,0.0,0.0,0.0,0.0,0.0,0.0,0.0,0.0,0.0,0.0,6.102127659574459,23.259574468085113,0.6382978723404257,0.0,0.0,0.0,0.0,0.0,0.0,0.0,0.0,0.0,0.0,0.0,0.0,0.0,0.0,0.0,0.0
82700,4614,2368,0.5132206328565236,1091,956,0.4436497615951452,1309,0.5674035543996532,0.39000000000000007,2.9176313446126447,2.9932962944686365,6.34850863422292,2.2112283334972633,8373.097789336802,506.5228417760511,7853.0,8866.4,8866.399999999998,1.8189894035458565e-12,7853.0,0.0,28.204594711746857,20.889272256437717,32.97975397232189,19.17414194332811,0.135457303857824,0.0977459904638058,0.09406155179887299,0.08452535760728218,0.08300823580407456,0.07824013870827914,0.06610316428261812,0.06393584742089294,0.0600346770697876,0.055049848287819676,0.05071521456436931,0.03662765496315561,0.03185955786736021,0.02319029042045947,0.019939315127871695,0.010619852622453402,0.008885999133073256,0.9033299757512452,0.022604573800030076,0.0,0.0,0.0,0.0,0.0,0.0,0.0,0.0,0.0,0.0,0.0,0.0,0.0,0.0,0.0,0.0,0.0,0.0,0.0,0.0,0.0,0.0,0.0,0.0,0.026007802340702216,1.5344603381014308,11.638491547464243,14.193758127438235,2.5357607282184658,0.07152145643693109,4.199461823074336,2.7896738581934803,nan,nan,nan,4.214525891055817,2.7691457682188534,4.184387617765815,2.809984815860194,0.9928489528670443,0.4102,0.01211,0.0,0.0,0.0,0.0,0.0,0.0,0.0,0.0,0.0,0.0,0.0,6.222366710012995,23.06892067620287,0.7087126137841354,0.0,0.0,0.0,0.0,0.0,0.0,0.0,0.0,0.0,0.0,0.0,0.0,0.0,0.0,0.0,0.0,nan,nan,4.199461823074336,2.7896738581934803,nan,0.4102,0.06836,0.0,0.0,0.0,0.0,0.0,0.0,0.0,0.0,0.0,0.0,0.0,0.0,0.0,0.0,0.0,0.0,0.0,0.0,0.00014087559601213696,0.0,0.0019722583441699176,0.003175119202427395,0.0034351972258344168,0.0007260511486779367,0.0008994364976159515,0.0020047680970957955,5.4182921543129604e-05,0.0005309926311226702,0.010294755093194625,0.008062418725617686,0.015344603381014304,0.02981144343302991,0.047388383181621155,0.04273948851322063,0.04622886866059818,0.028337667967056782,0.03891417425227568,0.025335934113567403,0.04758344169917642,0.06682921543129605,0.03712613784135241,0.04490680537494582,0.06664499349804942,0.08590160381447767,0.041482444733420026,0.06581057650628522,0.029822280017338536,0.042360208062418726,0.041785869094061553,0.010804074555700044,0.01610316428261812,0.049674902470741224,0.013350671868227134,0.008029908972691808,0.003912006935413957,0.005483311660164716,0.0017121803207628956,0.006133506718682271,0.003966189856957087,0.002514087559601214,0.0012136974425661032,0.0,0.0008994364976159515,0.0,0.000552665799739922,0.0,0.0,0.0,0.0,0.0,0.0,0.0,0.0,0.0,0.0,0.0,0.0,0.0,0.0,0.0,0.0,0.0,0.0,0.0,0.0,0.0,0.0,0.0,0.0,0.0,0.0,0.0,0.0,0.0,0.0,0.0,0.0,0.0,0.0,0.0,0.0,nan,nan,4.199461823074336,2.7896738581934803,nan,0.903444805736276,0.022561236139882968,0.0,0.0,0.0,0.0,0.0,0.0,0.0,0.0,0.0,0.0,0.0,0.0,0.0,0.0,0.0,0.0,0.0,0.0,0.0,0.0,0.0,0.0,0.0,0.0,0.050675675675675685,1.5076013513513518,11.376689189189193,14.429898648648651,2.559121621621622,0.07601351351351353,0.9032089083404915,0.022649545254927194,0.0,0.0,0.0,0.0,0.0,0.0,0.0,0.0,0.0,0.0,0.0,0.0,0.0,0.0,0.0,0.0,0.0,0.0,0.0,0.0,0.0,0.0,0.0,0.0,0.0,1.5627782724844173,11.914514692787181,13.944790739091722,2.51113089937667,0.06678539626001782,0.41,0.01206,0.0,0.0,0.0,0.0,0.0,0.0,0.0,0.0,0.0,0.0,0.0,6.448479729729721,22.79138513513514,0.7601351351351353,0.0,0.0,0.0,0.0,0.0,0.0,0.0,0.0,0.0,0.0,0.0,0.0,0.0,0.0,0.0,0.0,0.4102,0.012146,0.0,0.0,0.0,0.0,0.0,0.0,0.0,0.0,0.0,0.0,0.0,5.983971504897587,23.361531611754238,0.6544968833481747,0.0,0.0,0.0,0.0,0.0,0.0,0.0,0.0,0.0,0.0,0.0,0.0,0.0,0.0,0.0,0.0
82800,4391,2317,0.5276702345707128,1111,898,0.45752675928034614,1241,0.5652470963334092,0.4140000000000001,3.0588235294117645,3.08969291036076,6.5704918032786885,2.143793501669801,8387.74101571396,505.92350354349935,7853.0,8866.4,8866.399999999998,1.8189894035458565e-12,7853.0,0.0,27.9872466408563,20.65331979907387,32.645637583892615,18.952517437294087,0.13459348667729445,0.09337280801639718,0.10043270325666136,0.08813482122523343,0.08358005010248235,0.0758369391938055,0.07128216807105443,0.06262810293782738,0.056023684809838305,0.056023684809838305,0.044409018446823045,0.04190389432930995,0.032111136415395126,0.02459576406285584,0.02004099294010476,0.008654065133227055,0.006376679571851515,0.9027259327968414,0.022881411597747925,0.0,0.0,0.0,0.0,0.0,0.0,0.0,0.0,0.0,0.0,0.0,0.0,0.0,0.0,0.0,0.0,0.0,0.0,0.0,0.0,0.0,0.0,0.0,0.0,0.02049647005237987,1.7148713277157828,11.90161694374858,13.718970621726262,2.5552265998633574,0.08881803689364612,4.190642458100559,2.8470010940822785,nan,nan,nan,4.105742296918767,2.8394274032640894,4.273867595818816,2.8526373926539264,1.040948819176065,0.41,0.012436,0.0,0.0,0.0,0.0,0.0,0.0,0.0,0.0,0.0,0.0,0.0,6.265087679344104,22.87406057845594,0.8608517421999546,0.0,0.0,0.0,0.0,0.0,0.0,0.0,0.0,0.0,0.0,0.0,0.0,0.0,0.0,0.0,0.0,nan,nan,4.190642458100559,2.8470010940822785,nan,0.41,0.0682,0.0,0.0,0.0,0.0,0.0,0.0,0.0,0.0,0.0,0.0,0.0,0.0,0.0,0.0,0.0,0.0,0.0,0.0,0.00025051241175130947,0.0,0.002311546344796174,0.003336369847415167,0.0034046914142564335,0.0007401503074470507,0.0009906627191983604,0.002186290138920519,0.0002618993395581872,0.000614894101571396,0.009542245502163517,0.006445001138692781,0.015201548622181735,0.028660897289911183,0.046697790936005464,0.04415850603507174,0.047255750398542476,0.026246868594853107,0.03919380551127306,0.02456160327943521,0.051207014347529035,0.06649965839216579,0.03710999772261444,0.04553632429970394,0.06690958779321339,0.08709861079480756,0.040104759735823274,0.06635162833067638,0.030562514233659757,0.04135732179457982,0.04360054657253473,0.009974948758824868,0.01686404008198588,0.04781370986107948,0.01304941926668185,0.0075495331359599184,0.0038715554543384194,0.005317695285811888,0.0017194260988385333,0.006308358005010248,0.0035527214757458438,0.002915053518560692,0.0008995672967433387,1.1386927806877704e-05,0.0011842404919152813,0.0,0.0005693463903438852,0.0,0.0,0.0,0.0,0.0,0.0,0.0,0.0,0.0,0.0,0.0,0.0,0.0,0.0,0.0,0.0,0.0,0.0,0.0,0.0,0.0,0.0,0.0,0.0,0.0,0.0,0.0,0.0,0.0,0.0,0.0,0.0,0.0,0.0,0.0,0.0,nan,nan,4.190642458100559,2.8470010940822785,nan,0.9029465360944005,0.02301592519514617,0.0,0.0,0.0,0.0,0.0,0.0,0.0,0.0,0.0,0.0,0.0,0.0,0.0,0.0,0.0,0.0,0.0,0.0,0.0,0.0,0.0,0.0,0.0,0.0,0.025895554596460948,1.6314199395770397,11.911955114372036,13.68580060422961,2.6413465688390163,0.10358221838584379,0.9024794825362608,0.022727664218714205,0.0,0.0,0.0,0.0,0.0,0.0,0.0,0.0,0.0,0.0,0.0,0.0,0.0,0.0,0.0,0.0,0.0,0.0,0.0,0.0,0.0,0.0,0.0,0.0,0.014464802314368374,1.8081002892960467,11.890067502410805,13.756027000964323,2.4590163934426235,0.07232401157184186,0.4102,0.01251,0.0,0.0,0.0,0.0,0.0,0.0,0.0,0.0,0.0,0.0,0.0,6.3055675442382295,22.90461804056971,0.7898144151920589,0.0,0.0,0.0,0.0,0.0,0.0,0.0,0.0,0.0,0.0,0.0,0.0,0.0,0.0,0.0,0.0,0.41,0.012344,0.0,0.0,0.0,0.0,0.0,0.0,0.0,0.0,0.0,0.0,0.0,6.219864995178391,22.83992285438766,0.9402121504339442,0.0,0.0,0.0,0.0,0.0,0.0,0.0,0.0,0.0,0.0,0.0,0.0,0.0,0.0,0.0,0.0
82900,4447,2254,0.5068585563301102,1051,927,0.4447942433100967,1251,0.5626264897683831,0.4140000000000001,2.9069767441860463,3.0743205742204602,6.672977624784854,2.0742938365442614,8366.650460984933,506.6523276292104,7853.0,8866.4,8866.400000000001,1.8189894035458565e-12,7853.0,0.0,27.38385428378682,20.69591895895324,32.45263157894737,18.960061275589734,0.1454913424780751,0.10591409939284911,0.08837418484371487,0.08612547785023611,0.08230267596132224,0.07398246008545087,0.07443220148414662,0.06093995952327412,0.054418709242185746,0.05869125252979537,0.04654823476501012,0.034630087699572744,0.03350573420283337,0.021362716438048122,0.015965819653699122,0.00944456937261075,0.007870474477175624,0.9031015352396475,0.02265825491221716,0.0,0.0,0.0,0.0,0.0,0.0,0.0,0.0,0.0,0.0,0.0,0.0,0.0,0.0,0.0,0.0,0.0,0.0,0.0,0.0,0.0,0.0,0.0,0.0,0.03373060490218125,1.6797841241286264,11.64380481223297,13.883516977737804,2.718686755115809,0.0404767258826175,4.303628038041564,2.8455778606047155,nan,nan,nan,4.330752990851513,2.806765990107286,4.275229357798165,2.884345667521855,0.9871792196020787,0.4094,0.01212,0.0,0.0,0.0,0.0,0.0,0.0,0.0,0.0,0.0,0.0,0.006746120980436251,6.584214076905769,22.660220373285366,0.7488194288284239,0.0,0.0,0.0,0.0,0.0,0.0,0.0,0.0,0.0,0.0,0.0,0.0,0.0,0.0,0.0,0.0,nan,nan,4.303628038041564,2.8455778606047155,nan,0.4094,0.0683,0.0,0.0,0.0,0.0,0.0,0.0,0.0,0.0,0.0,0.0,0.0,0.0,0.0,0.0,0.0,0.0,0.0,0.0,0.0002136271643804812,0.0,0.001742747919946031,0.003193163930739825,0.003631661794468181,0.0007420733078479874,0.0010793793568697999,0.0024848212277940184,0.0003260625140544187,0.0004160107937935687,0.009455812907578142,0.004823476501011918,0.016078255003373062,0.030661119856082754,0.04840341803463009,0.04616595457611873,0.047582639982010344,0.02701821452664718,0.03587812008095345,0.02595007870474477,0.054193838542837866,0.06639307398246008,0.03802563525972566,0.046323364065662245,0.06309871823701371,0.08623791319991005,0.03955475601529121,0.06449291657297054,0.030717337530919722,0.040364290532943554,0.04434450191140094,0.010141668540589161,0.016842815381155837,0.04834720035979312,0.011502136271643804,0.0070047222846863055,0.0034292781650550933,0.004463683382055318,0.0022037328536091746,0.006858556330110187,0.0035979311895659996,0.002833370811783225,0.0006858556330110187,2.2487069934787497e-05,0.0019338880143917247,0.0,0.0005396896784348999,0.0,0.0,0.0,0.0,0.0,0.0,0.0,0.0,0.0,0.0,0.0,0.0,0.0,0.0,0.0,0.0,0.0,0.0,0.0,0.0,0.0,0.0,0.0,0.0,0.0,0.0,0.0,0.0,0.0,0.0,0.0,0.0,0.0,0.0,0.0,0.0,nan,nan,4.303628038041564,2.8455778606047155,nan,0.9027861209971353,0.022857248740066782,0.0,0.0,0.0,0.0,0.0,0.0,0.0,0.0,0.0,0.0,0.0,0.0,0.0,0.0,0.0,0.0,0.0,0.0,0.0,0.0,0.0,0.0,0.0,0.0,0.0,1.783496007098492,12.018633540372674,13.322981366459631,2.8349600709849163,0.03992901508429459,0.9034257229745415,0.022447269862760136,0.0,0.0,0.0,0.0,0.0,0.0,0.0,0.0,0.0,0.0,0.0,0.0,0.0,0.0,0.0,0.0,0.0,0.0,0.0,0.0,0.0,0.0,0.0,0.0,0.06839945280437758,1.5731874145006843,11.25854993160055,14.45964432284542,2.599179206566348,0.041039671682626545,0.4092,0.01206,0.0,0.0,0.0,0.0,0.0,0.0,0.0,0.0,0.0,0.0,0.0,6.495119787045243,22.78615794143745,0.7187222715173027,0.0,0.0,0.0,0.0,0.0,0.0,0.0,0.0,0.0,0.0,0.0,0.0,0.0,0.0,0.0,0.0,0.4094,0.01219,0.0,0.0,0.0,0.0,0.0,0.0,0.0,0.0,0.0,0.0,0.013679890560875516,6.67578659370724,22.530779753761976,0.7797537619699044,0.0,0.0,0.0,0.0,0.0,0.0,0.0,0.0,0.0,0.0,0.0,0.0,0.0,0.0,0.0,0.0
83000,4712,2498,0.5301358234295416,1181,951,0.4524617996604414,1292,0.5483870967741935,0.3980000000000001,2.8938572719060525,3.0033146743100185,6.390048154093098,2.0872687148256337,8390.239643463497,505.7788253546428,7853.0,8866.4,8866.4,0.0,7853.0,0.0,28.78501697792869,21.258540789380852,33.480917934647046,19.565616971582394,0.13009337860780984,0.09804753820033955,0.0963497453310696,0.08616298811544991,0.07640067911714771,0.07385398981324279,0.06791171477079797,0.06578947368421052,0.06239388794567063,0.04775042444821732,0.045415959252971136,0.04456706281833616,0.03374363327674024,0.02865025466893039,0.0233446519524618,0.011460101867572157,0.008064516129032258,0.903892784956558,0.022765481337671468,0.0,0.0,0.0,0.0,0.0,0.0,0.0,0.0,0.0,0.0,0.0,0.0,0.0,0.0,0.0,0.0,0.0,0.0,0.0,0.0,0.0,0.0,0.0,0.0,0.03820033955857386,1.5025466893039052,11.587436332767405,13.962224108658747,2.833191850594228,0.07640067911714772,4.061066235864297,2.841161704733895,nan,nan,nan,4.150130548302872,2.8755144815964635,3.9737683941138835,2.804338621106403,0.9575044321771735,0.4092,0.0122,0.0,0.0,0.0,0.0,0.0,0.0,0.0,0.0,0.0,0.0,0.01910016977928693,6.570458404074694,22.748302207130735,0.6621392190152803,0.0,0.0,0.0,0.0,0.0,0.0,0.0,0.0,0.0,0.0,0.0,0.0,0.0,0.0,0.0,0.0,nan,nan,4.061066235864297,2.841161704733895,nan,0.4092,0.06824,0.0,0.0,0.0,0.0,0.0,0.0,0.0,0.0,0.0,0.0,0.0,0.0,0.0,0.0,0.0,0.0,0.0,1.0611205432937182e-05,0.00037139219015280134,0.0,0.0012415110356536502,0.0030560271646859084,0.0034274193548387098,0.0005517826825127334,0.0011141765704584042,0.0026103565365025467,0.0005093378607809847,0.0006260611205432937,0.00948641765704584,0.004509762308998302,0.014972410865874364,0.03129244482173175,0.050169779286926994,0.04832342954159592,0.048068760611205436,0.026676570458404075,0.03351018675721562,0.02698429541595925,0.0539367572156197,0.06710526315789474,0.03885823429541596,0.048556876061120545,0.06021859083191851,0.08416808149405773,0.038274617996604414,0.0664685908319185,0.030050933786078097,0.04056663837011885,0.04226443123938879,0.010515704584040747,0.016129032258064516,0.05148556876061121,0.010558149405772497,0.007300509337860781,0.003692699490662139,0.0043824278438030564,0.0021752971137521224,0.00617572156196944,0.003278862478777589,0.0030029711375212224,0.0007958404074702887,0.0,0.0021434634974533107,0.0,0.00038200339558573855,0.0,0.0,0.0,0.0,0.0,0.0,0.0,0.0,0.0,0.0,0.0,0.0,0.0,0.0,0.0,0.0,0.0,0.0,0.0,0.0,0.0,0.0,0.0,0.0,0.0,0.0,0.0,0.0,0.0,0.0,0.0,0.0,0.0,0.0,0.0,0.0,nan,nan,4.061066235864297,2.841161704733895,nan,0.9036925452484714,0.0228948751642764,0.0,0.0,0.0,0.0,0.0,0.0,0.0,0.0,0.0,0.0,0.0,0.0,0.0,0.0,0.0,0.0,0.0,0.0,0.0,0.0,0.0,0.0,0.0,0.0,0.04803843074459569,1.5612489991993599,11.769415532425944,13.654923939151324,2.8462770216172943,0.12009607686148921,0.9041187103363234,0.022616472376574784,0.0,0.0,0.0,0.0,0.0,0.0,0.0,0.0,0.0,0.0,0.0,0.0,0.0,0.0,0.0,0.0,0.0,0.0,0.0,0.0,0.0,0.0,0.0,0.0,0.027100271002710032,1.436314363143632,11.382113821138214,14.308943089430898,2.8184281842818435,0.027100271002710032,0.4094,0.012115,0.0,0.0,0.0,0.0,0.0,0.0,0.0,0.0,0.0,0.0,0.0,6.305044035228174,23.034427542033633,0.6605284227381907,0.0,0.0,0.0,0.0,0.0,0.0,0.0,0.0,0.0,0.0,0.0,0.0,0.0,0.0,0.0,0.0,0.4087,0.01229,0.0,0.0,0.0,0.0,0.0,0.0,0.0,0.0,0.0,0.0,0.04065040650406505,6.869918699186982,22.425474254742554,0.6639566395663957,0.0,0.0,0.0,0.0,0.0,0.0,0.0,0.0,0.0,0.0,0.0,0.0,0.0,0.0,0.0,0.0
83100,4704,2401,0.5104166666666666,1077,989,0.43920068027210885,1359,0.5778061224489796,0.4020000000000001,3.0165002171081197,3.080154635729235,6.565217391304348,2.088961252448619,8370.25625,506.59002712838446,7853.0,8866.4,8866.4,0.0,7853.0,0.0,28.119260204081634,21.102822129602817,33.078421452061725,19.37250960370197,0.13966836734693877,0.10034013605442177,0.09438775510204081,0.0824829931972789,0.07589285714285714,0.08120748299319729,0.07227891156462585,0.06143707482993197,0.055697278911564625,0.04846938775510204,0.05038265306122449,0.039540816326530615,0.03125,0.026785714285714284,0.021045918367346938,0.011267006802721089,0.007865646258503401,0.90317034282956,0.02263075367652813,0.0,0.0,0.0,0.0,0.0,0.0,0.0,0.0,0.0,0.0,0.0,0.0,0.0,0.0,0.0,0.0,0.0,0.0,0.0,0.0,0.0,0.0,0.0,0.0,0.019132653061224494,1.664540816326531,11.741071428571432,13.743622448979595,2.755102040816327,0.07653061224489797,4.375619425173439,2.8777492256520425,nan,nan,nan,4.419165580182529,2.9415732218524355,4.330877427997321,2.8099605809613797,0.980021533345315,0.4084,0.01192,0.0,0.0,0.0,0.0,0.0,0.0,0.0,0.0,0.0,0.0,0.01275510204081633,7.257653061224479,22.161989795918373,0.5676020408163266,0.0,0.0,0.0,0.0,0.0,0.0,0.0,0.0,0.0,0.0,0.0,0.0,0.0,0.0,0.0,0.0,nan,nan,4.375619425173439,2.8777492256520425,nan,0.4084,0.06866,0.0,0.0,0.0,0.0,0.0,0.0,0.0,0.0,0.0,0.0,0.0,0.0,0.0,0.0,0.0,0.0,0.0,0.0,0.00035076530612244896,0.0,0.0007015306122448979,0.0040391156462585035,0.004209183673469388,0.0006377551020408163,0.0011904761904761906,0.0020833333333333333,0.00020195578231292516,0.0008503401360544217,0.009258078231292518,0.005187074829931973,0.017038690476190475,0.03198341836734694,0.04952168367346939,0.04853316326530612,0.04492984693877551,0.028029336734693877,0.036224489795918365,0.027147108843537417,0.052359693877551024,0.0717687074829932,0.0389562074829932,0.047555272108843534,0.05933248299319728,0.08000637755102041,0.0380952380952381,0.06727253401360545,0.028624574829931974,0.040167942176870745,0.042272534013605444,0.009693877551020408,0.015561224489795918,0.05196641156462585,0.01057610544217687,0.007366071428571428,0.0042835884353741496,0.004251700680272109,0.001838860544217687,0.00585671768707483,0.003167517006802721,0.0034545068027210884,0.0006164965986394557,0.0,0.002232142857142857,0.0,0.0006058673469387755,0.0,0.0,0.0,0.0,0.0,0.0,0.0,0.0,0.0,0.0,0.0,0.0,0.0,0.0,0.0,0.0,0.0,0.0,0.0,0.0,0.0,0.0,0.0,0.0,0.0,0.0,0.0,0.0,0.0,0.0,0.0,0.0,0.0,0.0,0.0,0.0,nan,nan,4.375619425173439,2.8777492256520425,nan,0.9030867537971538,0.022712097464665605,0.0,0.0,0.0,0.0,0.0,0.0,0.0,0.0,0.0,0.0,0.0,0.0,0.0,0.0,0.0,0.0,0.0,0.0,0.0,0.0,0.0,0.0,0.0,0.0,0.024989587671803423,1.7742607246980429,11.670137442732198,13.719283631820078,2.761349437734278,0.049979175343606845,0.9032574888420685,0.02254530599379762,0.0,0.0,0.0,0.0,0.0,0.0,0.0,0.0,0.0,0.0,0.0,0.0,0.0,0.0,0.0,0.0,0.0,0.0,0.0,0.0,0.0,0.0,0.0,0.0,0.013026487190620932,1.550151975683891,11.815023881893186,13.768996960486325,2.748588797221017,0.10421189752496746,0.4084,0.01192,0.0,0.0,0.0,0.0,0.0,0.0,0.0,0.0,0.0,0.0,0.012494793835901711,7.122032486463962,22.228238234069146,0.6372344856309872,0.0,0.0,0.0,0.0,0.0,0.0,0.0,0.0,0.0,0.0,0.0,0.0,0.0,0.0,0.0,0.0,0.4084,0.011925,0.0,0.0,0.0,0.0,0.0,0.0,0.0,0.0,0.0,0.0,0.013026487190620932,7.3990447242726765,22.092922275293102,0.4950065132435954,0.0,0.0,0.0,0.0,0.0,0.0,0.0,0.0,0.0,0.0,0.0,0.0,0.0,0.0,0.0,0.0
83200,4721,2378,0.5037068417708113,1094,1012,0.4460919296759161,1368,0.5795382334251218,0.4020000000000001,2.865556978233035,3.0319574331260433,6.356037151702786,2.221521337113675,8363.456513450541,506.68607500768735,7853.0,8866.4,8866.399999999998,1.8189894035458565e-12,7853.0,0.0,28.044693920779498,20.936320116427357,32.91853155644959,19.20970390766967,0.1378945138741792,0.10146155475534845,0.09214149544588011,0.08557509002330015,0.07900868460072019,0.08027960177928405,0.0646049565769964,0.06672315187460284,0.0593094683329803,0.0472357551366236,0.04808303325566617,0.03939843253547977,0.03600932005930947,0.026265621690319846,0.019275577208218597,0.01016733742851091,0.0065664054225799615,0.9028450632039785,0.022198954126163305,0.0,0.0,0.0,0.0,0.0,0.0,0.0,0.0,0.0,0.0,0.0,0.0,0.0,0.0,0.0,0.0,0.0,0.0,0.0,0.0,0.0,0.0,0.0,0.0,0.019063757678457957,1.6331285744545652,11.711501800466007,14.069053166701973,2.510061427663631,0.05719127303537387,4.272757147551758,2.8758751296372154,nan,nan,nan,4.294233289646134,2.855278303309594,4.24802110817942,2.894670754210233,0.9892385489213786,0.4082,0.01171,0.0,0.0,0.0,0.0,0.0,0.0,0.0,0.0,0.0,0.0,0.0,7.3459012920991205,22.113958907011234,0.5401398008896421,0.0,0.0,0.0,0.0,0.0,0.0,0.0,0.0,0.0,0.0,0.0,0.0,0.0,0.0,0.0,0.0,nan,nan,4.272757147551758,2.8758751296372154,nan,0.4082,0.0684,0.0,0.0,0.0,0.0,0.0,0.0,0.0,0.0,0.0,0.0,0.0,0.0,0.0,0.0,0.0,0.0,0.0,0.0,0.0002541834357127727,0.0,0.00044482101249735225,0.003961025206524042,0.004977758949375132,0.0005083668714255454,0.0009320059309468333,0.0018322389324295701,0.00015886464732048296,0.0006672315187460283,0.007032408388053379,0.005676763397585258,0.01624655793264139,0.032916754924804066,0.0487820377038763,0.04850667231518746,0.044344418555390806,0.029453505613217537,0.03912306714679093,0.02843677187036645,0.055920355856809996,0.07326837534420673,0.0394090235119678,0.04754289345477653,0.058907011226435074,0.07942173268375344,0.03934547765303961,0.06406481677610676,0.026975217115018005,0.03943020546494387,0.04002330014827367,0.009150603685659817,0.016807879686507095,0.04992586316458378,0.012020758313916543,0.00704299936454141,0.0036432959118830755,0.0037809786062274944,0.001779284049989409,0.0062592671044270284,0.002965473416649015,0.004077525947892396,0.0005507307773776742,2.1181952976064393e-05,0.0026053802160559206,0.0,0.000804914213090447,0.0,0.0,0.0,0.0,0.0,0.0,0.0,0.0,0.0,0.0,0.0,0.0,0.0,0.0,0.0,0.0,0.0,0.0,0.0,0.0,0.0,0.0,0.0,0.0,0.0,0.0,0.0,0.0,0.0,0.0,0.0,0.0,0.0,0.0,0.0,0.0,nan,nan,4.272757147551758,2.8758751296372154,nan,0.9036227369930084,0.021791505614886363,0.0,0.0,0.0,0.0,0.0,0.0,0.0,0.0,0.0,0.0,0.0,0.0,0.0,0.0,0.0,0.0,0.0,0.0,0.0,0.0,0.0,0.0,0.0,0.0,0.012615643397813292,1.4003364171572754,11.480235492010095,14.545836837678724,2.523128679562658,0.03784693019343987,0.902055772435599,0.022577607699536564,0.0,0.0,0.0,0.0,0.0,0.0,0.0,0.0,0.0,0.0,0.0,0.0,0.0,0.0,0.0,0.0,0.0,0.0,0.0,0.0,0.0,0.0,0.0,0.0,0.025608194622279135,1.8693982074263769,11.946222791293216,13.585147247119082,2.4967989756722155,0.0768245838668374,0.4082,0.01159,0.0,0.0,0.0,0.0,0.0,0.0,0.0,0.0,0.0,0.0,0.0,7.29184188393607,22.253994953742648,0.45416316232127846,0.0,0.0,0.0,0.0,0.0,0.0,0.0,0.0,0.0,0.0,0.0,0.0,0.0,0.0,0.0,0.0,0.4082,0.01185,0.0,0.0,0.0,0.0,0.0,0.0,0.0,0.0,0.0,0.0,0.0,7.400768245838657,21.9718309859155,0.6274007682458388,0.0,0.0,0.0,0.0,0.0,0.0,0.0,0.0,0.0,0.0,0.0,0.0,0.0,0.0,0.0,0.0
83300,4386,2198,0.501139990880073,1046,904,0.44459644322845415,1257,0.573187414500684,0.4140000000000001,2.9510968921389398,3.069559765094895,6.353395061728395,2.221552861295713,8360.855266757866,506.69868300472024,7853.0,8866.4,8866.399999999998,1.8189894035458565e-12,7853.0,0.0,28.72982216142271,21.098399517780383,33.3764390896921,19.40785200156274,0.12699498404012768,0.1014591883264934,0.09416324669402645,0.08663930688554491,0.08185134518923849,0.07067943456452348,0.06292749658002736,0.06497948016415869,0.061103511171910624,0.055175558595531235,0.0506155950752394,0.044231646146830825,0.033287733698130414,0.0280437756497948,0.019151846785225718,0.009119927040583675,0.009575923392612859,0.90201416744851,0.022409084864869824,0.0,0.0,0.0,0.0,0.0,0.0,0.0,0.0,0.0,0.0,0.0,0.0,0.0,0.0,0.0,0.0,0.0,0.0,0.0,0.0,0.0,0.0,0.0,0.0,0.013679890560875516,1.7168262653898774,12.305061559507527,13.42681258549932,2.503419972640219,0.03419972640218879,4.201943095072866,2.818255468499587,nan,nan,nan,4.182072829131653,2.838148124924005,4.2214580467675376,2.7984435776549668,1.0094176307407976,0.4082,0.01221,0.0,0.0,0.0,0.0,0.0,0.0,0.0,0.0,0.0,0.0,0.006839945280437758,7.5581395348837095,21.894664842681262,0.5403556771545829,0.0,0.0,0.0,0.0,0.0,0.0,0.0,0.0,0.0,0.0,0.0,0.0,0.0,0.0,0.0,0.0,nan,nan,4.201943095072866,2.818255468499587,nan,0.4082,0.06836,0.0,0.0,0.0,0.0,0.0,0.0,0.0,0.0,0.0,0.0,0.0,0.0,0.0,0.0,0.0,0.0,0.00015959872321021432,0.0,0.0001709986320109439,0.0,0.0005471956224350205,0.0035225718194254445,0.005688554491564067,0.0006497948016415869,0.0006383948928408573,0.0018353853169174646,0.0005585955312357501,0.0008777929776561787,0.006155950752393981,0.00560875512995896,0.016142270861833105,0.031098951208390332,0.0474578203374373,0.05,0.0458390332877337,0.0300843593251254,0.03624031007751938,0.02894436844505244,0.05573415412676699,0.07422480620155039,0.0387140902872777,0.048415412676698584,0.0612859097127223,0.07919516643866849,0.03810989512083903,0.06536707706338349,0.02699498404012768,0.03891928864569084,0.03893068855449156,0.007273141814865481,0.016666666666666666,0.052291381668946646,0.012197902416780666,0.008036935704514364,0.0037733698130414956,0.003818969448244414,0.001573187414500684,0.00560875512995896,0.0034427724578203374,0.0029411764705882353,0.0006041951664386685,0.00010259917920656635,0.0025421796625626995,0.0,0.0010145918832649339,0.0,0.0,0.0,0.0,0.0,0.0,0.0,0.0,0.0,0.0,0.0,0.0,0.0,0.0,0.0,0.0,0.0,0.0,0.0,0.0,0.0,0.0,0.0,0.0,0.0,0.0,0.0,0.0,0.0,0.0,0.0,0.0,0.0,0.0,0.0,0.0,nan,nan,4.201943095072866,2.818255468499587,nan,0.9015292943717134,0.022214987977006162,0.0,0.0,0.0,0.0,0.0,0.0,0.0,0.0,0.0,0.0,0.0,0.0,0.0,0.0,0.0,0.0,0.0,0.0,0.0,0.0,0.0,0.0,0.0,0.0,0.013648771610555053,1.7197452229299368,12.58416742493176,13.266606005459511,2.3885350318471343,0.027297543221110106,0.9025012565814163,0.022591915186802067,0.0,0.0,0.0,0.0,0.0,0.0,0.0,0.0,0.0,0.0,0.0,0.0,0.0,0.0,0.0,0.0,0.0,0.0,0.0,0.0,0.0,0.0,0.0,0.0,0.01371115173674589,1.7138939670932363,12.024680073126145,13.587751371115177,2.6188299817184646,0.04113345521023767,0.4084,0.01223,0.0,0.0,0.0,0.0,0.0,0.0,0.0,0.0,0.0,0.0,0.013648771610555053,7.411282984531382,22.015468607825298,0.5595996360327572,0.0,0.0,0.0,0.0,0.0,0.0,0.0,0.0,0.0,0.0,0.0,0.0,0.0,0.0,0.0,0.0,0.4082,0.012184,0.0,0.0,0.0,0.0,0.0,0.0,0.0,0.0,0.0,0.0,0.0,7.705667276051177,21.773308957952473,0.5210237659963438,0.0,0.0,0.0,0.0,0.0,0.0,0.0,0.0,0.0,0.0,0.0,0.0,0.0,0.0,0.0,0.0
83400,4409,2308,0.5234747108187797,1101,904,0.45475164436380133,1241,0.5629394420503515,0.3980000000000001,2.9695383150880534,3.0597765417693394,6.4391891891891895,2.26153604625966,8383.48927194375,506.1412456423465,7853.0,8866.4,8866.399999999998,1.8189894035458565e-12,7853.0,0.0,28.29643910183715,20.893011514958456,33.02461209202782,19.168047748559243,0.13313676570650942,0.09820821047856657,0.09503288727602631,0.08414606486731685,0.08187797686550238,0.06963030165570425,0.07530052166024041,0.07008391925606713,0.05987752324790202,0.049217509639374005,0.04740303923792243,0.040371966432297575,0.031299614425039694,0.027897482422317987,0.01610342481288274,0.010886822408709458,0.009525969607620775,0.9016791701343871,0.022455757167708017,0.0,0.0,0.0,0.0,0.0,0.0,0.0,0.0,0.0,0.0,0.0,0.0,0.0,0.0,0.0,0.0,0.0,0.0,0.0,0.0,0.0,0.0,0.0,0.0,0.04082558403266048,1.7555001134044006,12.2408709457927,13.67657065094126,2.2045815377636657,0.08165116806532095,4.183020180932498,2.8695684152223038,nan,nan,nan,4.18175487465181,2.8880651996267637,4.18580375782881,2.851386311021915,1.000968225852152,0.4082,0.011765,0.0,0.0,0.0,0.0,0.0,0.0,0.0,0.0,0.0,0.0,0.013608528010886826,7.226128373780892,22.297573145838065,0.4626899523701521,0.0,0.0,0.0,0.0,0.0,0.0,0.0,0.0,0.0,0.0,0.0,0.0,0.0,0.0,0.0,0.0,nan,nan,4.183020180932498,2.8695684152223038,nan,0.4082,0.06793,0.0,0.0,0.0,0.0,0.0,0.0,0.0,0.0,0.0,0.0,0.0,0.0,0.0,0.0,0.0,0.0,0.00020412792016330234,0.0,3.402132002721705e-05,0.0,0.00077114992061692,0.0027557269222045814,0.004842367883873894,0.0005103198004082558,0.00057836244046269,0.0016216829212973463,0.00015876616012701293,0.0007938308006350647,0.00539804944431844,0.005772283964617827,0.01711272397369018,0.03290995690632797,0.050782490360625994,0.047323656157858926,0.0484009979587208,0.030823315944658654,0.034508958947607166,0.02685416194148333,0.057926967566341574,0.07230664549784532,0.038081197550464956,0.04952370151961896,0.06107960988886369,0.07803356770242685,0.03727602630982082,0.06732819233386256,0.0275232479020186,0.038489453390791566,0.03980494443184396,0.006588795645271037,0.016182807892946245,0.0540598775232479,0.011158992968927195,0.007802222726241778,0.0035949194828759357,0.0037877069630301657,0.001712406441369925,0.005658879564527103,0.002903152642322522,0.0024722159219777726,0.00077114992061692,0.00020412792016330234,0.0027897482422317987,0.0,0.0007824903606259923,0.0,0.0,0.0,0.0,0.0,0.0,0.0,0.0,0.0,0.0,0.0,0.0,0.0,0.0,0.0,0.0,0.0,0.0,0.0,0.0,0.0,0.0,0.0,0.0,0.0,0.0,0.0,0.0,0.0,0.0,0.0,0.0,0.0,0.0,0.0,0.0,nan,nan,4.183020180932498,2.8695684152223038,nan,0.9016143487479079,0.022356258477493333,0.0,0.0,0.0,0.0,0.0,0.0,0.0,0.0,0.0,0.0,0.0,0.0,0.0,0.0,0.0,0.0,0.0,0.0,0.0,0.0,0.0,0.0,0.0,0.0,0.05199306759098788,1.7807625649913348,12.205372616984405,13.76516464471404,2.131715771230503,0.06499133448873484,0.9017503780163452,0.02256433857563059,0.0,0.0,0.0,0.0,0.0,0.0,0.0,0.0,0.0,0.0,0.0,0.0,0.0,0.0,0.0,0.0,0.0,0.0,0.0,0.0,0.0,0.0,0.0,0.0,0.02855782960495003,1.7277486910994768,12.279866730128514,13.57924797715374,2.2846263683960024,0.09995240361732512,0.408,0.011635,0.0,0.0,0.0,0.0,0.0,0.0,0.0,0.0,0.0,0.0,0.0,7.188041594454062,22.331022530329296,0.4809358752166379,0.0,0.0,0.0,0.0,0.0,0.0,0.0,0.0,0.0,0.0,0.0,0.0,0.0,0.0,0.0,0.0,0.4084,0.011894,0.0,0.0,0.0,0.0,0.0,0.0,0.0,0.0,0.0,0.0,0.02855782960495003,7.267967634459771,22.260828177058546,0.4426463588767255,0.0,0.0,0.0,0.0,0.0,0.0,0.0,0.0,0.0,0.0,0.0,0.0,0.0,0.0,0.0,0.0
83500,4094,2093,0.5112359550561798,975,833,0.4416218856863703,1149,0.5613092330239374,0.4300000000000001,2.9505247376311843,3.0627374673836623,6.415652173913044,2.196304853487283,8371.086516853931,506.5720454525051,7853.0,8866.4,8866.399999999998,1.8189894035458565e-12,7853.0,0.0,28.288959452857842,21.171705737416875,33.374744823563724,19.373411959692728,0.14191499755740108,0.10258915486077186,0.08402540302882266,0.08207132388861749,0.08646800195407914,0.071323888617489,0.07523204689789936,0.05666829506595017,0.05813385442110405,0.04934049829018075,0.049096238397655104,0.0403028822667318,0.03786028334147533,0.02613580850024426,0.020273571079628724,0.011235955056179775,0.0073277967757694185,0.9026373991834634,0.022415329111302385,0.0,0.0,0.0,0.0,0.0,0.0,0.0,0.0,0.0,0.0,0.0,0.0,0.0,0.0,0.0,0.0,0.0,0.0,0.0,0.0,0.0,0.0,0.0,0.0,0.00732779677576942,1.5828041035661948,12.017586712261851,13.805569125549589,2.5354176844162195,0.05129457743038594,4.182876455125798,2.8128466601632125,nan,nan,nan,4.115151515151515,2.804014569205354,4.249441548771407,2.8199160173435787,1.0326330714982064,0.4077,0.011635,0.0,0.0,0.0,0.0,0.0,0.0,0.0,0.0,0.0,0.0,0.05129457743038594,7.3058133854421,22.393746946751346,0.24914509037616028,0.0,0.0,0.0,0.0,0.0,0.0,0.0,0.0,0.0,0.0,0.0,0.0,0.0,0.0,0.0,0.0,nan,nan,4.182876455125798,2.8128466601632125,nan,0.4077,0.06775,0.0,0.0,0.0,0.0,0.0,0.0,0.0,0.0,0.0,0.0,0.0,0.0,0.0,0.0,0.0,0.0,9.770395701025892e-05,0.0,0.00012212994626282364,0.0,0.000635075720566683,0.0027112848070346847,0.004982901807523205,0.0005740107474352711,0.0004763067904250122,0.0013190034196384954,0.00014655593551538836,0.001111382510991695,0.00511724474841231,0.004995114802149487,0.016707376648754275,0.032462139716658525,0.05227161700048852,0.049096238397655104,0.049731314118221785,0.03258426966292135,0.035967269174401566,0.027039570102589155,0.05729115779189057,0.07449926722032242,0.03574743527112848,0.04748412310698583,0.06228627259404006,0.07630679042501222,0.03528334147532975,0.06889350268685882,0.028712750366389837,0.03754274548119199,0.03887396189545676,0.006631656082071324,0.016646311675622864,0.052808988764044947,0.011382510991695164,0.006924767953102101,0.004506595017098192,0.0027234978016609673,0.0018197361993160723,0.005080605764533464,0.0029189057156814853,0.002882266731802638,0.0006595017098192477,4.885197850512946e-05,0.0030776746458231557,0.0,0.0008060576453346361,1.2212994626282365e-05,0.0,0.0,0.0,0.0,0.0,0.0,0.0,0.0,0.0,0.0,0.0,0.0,0.0,0.0,0.0,0.0,0.0,0.0,0.0,0.0,0.0,0.0,0.0,0.0,0.0,0.0,0.0,0.0,0.0,0.0,0.0,0.0,0.0,0.0,0.0,nan,nan,4.182876455125798,2.8128466601632125,nan,0.9026658190418759,0.02247967720698891,0.0,0.0,0.0,0.0,0.0,0.0,0.0,0.0,0.0,0.0,0.0,0.0,0.0,0.0,0.0,0.0,0.0,0.0,0.0,0.0,0.0,0.0,0.0,0.0,0.014333492594362163,1.6196846631629245,11.997133301481131,13.803153368370763,2.494027711419016,0.07166746297181081,0.902607672664894,0.02234778555366145,0.0,0.0,0.0,0.0,0.0,0.0,0.0,0.0,0.0,0.0,0.0,0.0,0.0,0.0,0.0,0.0,0.0,0.0,0.0,0.0,0.0,0.0,0.0,0.0,0.0,1.544227886056972,12.03898050974513,13.808095952023992,2.5787106446776615,0.02998500749625188,0.4077,0.01159,0.0,0.0,0.0,0.0,0.0,0.0,0.0,0.0,0.0,0.0,0.04300047778308649,7.195413282369794,22.503583373148594,0.2580028666985189,0.0,0.0,0.0,0.0,0.0,0.0,0.0,0.0,0.0,0.0,0.0,0.0,0.0,0.0,0.0,0.0,0.4077,0.01169,0.0,0.0,0.0,0.0,0.0,0.0,0.0,0.0,0.0,0.0,0.05997001499250376,7.421289355322328,22.278860569715146,0.23988005997001505,0.0,0.0,0.0,0.0,0.0,0.0,0.0,0.0,0.0,0.0,0.0,0.0,0.0,0.0,0.0,0.0
83600,4352,2273,0.5222886029411765,1066,895,0.45059742647058826,1251,0.5749080882352942,0.4020000000000001,3.0259740259740258,3.0825266994172495,6.490630323679728,2.2029477181015102,8382.28727022059,506.1963109545366,7853.0,8866.4,8866.399999999998,1.8189894035458565e-12,7853.0,0.0,28.205882352941178,20.797471440997352,33.25856868659172,18.919012375511315,0.13901654411764705,0.09466911764705882,0.09375,0.08639705882352941,0.07950367647058823,0.0705422794117647,0.06962316176470588,0.0700827205882353,0.05560661764705882,0.05376838235294118,0.04848345588235294,0.047564338235294115,0.03354779411764706,0.02458639705882353,0.017922794117647058,0.008501838235294117,0.006433823529411764,0.9033805505536935,0.022330384593220353,0.0,0.0,0.0,0.0,0.0,0.0,0.0,0.0,0.0,0.0,0.0,0.0,0.0,0.0,0.0,0.0,0.0,0.0,0.0,0.0,0.0,0.0,0.0,0.0,0.041360294117647065,1.4200367647058827,11.718750000000004,14.055606617647062,2.715992647058824,0.04825367647058825,4.291107974594214,2.8940863902470237,nan,nan,nan,4.205738278516445,2.89077015631688,4.377935943060498,2.894874107027944,1.040943504597912,0.408,0.011536,0.0,0.0,0.0,0.0,0.0,0.0,0.0,0.0,0.0,0.0,0.0,7.348345588235283,22.210477941176475,0.4411764705882354,0.0,0.0,0.0,0.0,0.0,0.0,0.0,0.0,0.0,0.0,0.0,0.0,0.0,0.0,0.0,0.0,nan,nan,4.291107974594214,2.8940863902470237,nan,0.408,0.068,0.0,0.0,0.0,0.0,0.0,0.0,0.0,0.0,0.0,0.0,0.0,0.0,0.0,0.0,0.0,0.0,0.0,0.0,0.00017233455882352942,0.0,0.0006204044117647058,0.0024816176470588234,0.0051355698529411764,0.0008501838235294118,0.00047104779411764707,0.0013671875,0.00029871323529411767,0.0007467830882352941,0.005089613970588235,0.0055606617647058825,0.016590073529411765,0.03303079044117647,0.05436580882352941,0.05099954044117647,0.04736902573529412,0.030238970588235294,0.035857077205882354,0.02534466911764706,0.056479779411764706,0.07231158088235294,0.03622472426470588,0.04578354779411765,0.06578584558823529,0.07653952205882353,0.033536305147058826,0.07190946691176471,0.0283203125,0.036374080882352944,0.04001608455882353,0.007536764705882353,0.016417738970588236,0.052998621323529414,0.011454503676470587,0.006985294117647059,0.005204503676470588,0.0030330882352941177,0.002240349264705882,0.004331341911764706,0.0025505514705882353,0.0025965073529411764,0.0008042279411764705,0.0,0.0027113970588235293,1.1488970588235294e-05,0.0012522977941176472,0.0,0.0,0.0,0.0,0.0,0.0,0.0,0.0,0.0,0.0,0.0,0.0,0.0,0.0,0.0,0.0,0.0,0.0,0.0,0.0,0.0,0.0,0.0,0.0,0.0,0.0,0.0,0.0,0.0,0.0,0.0,0.0,0.0,0.0,0.0,0.0,nan,nan,4.291107974594214,2.8940863902470237,nan,0.9033499252308427,0.02238851824954334,0.0,0.0,0.0,0.0,0.0,0.0,0.0,0.0,0.0,0.0,0.0,0.0,0.0,0.0,0.0,0.0,0.0,0.0,0.0,0.0,0.0,0.0,0.0,0.0,0.03959524857017158,1.4914210294764632,11.746590409150905,13.924329080510342,2.7716673999120114,0.026396832380114393,0.9034140336507785,0.022266604367169984,0.0,0.0,0.0,0.0,0.0,0.0,0.0,0.0,0.0,0.0,0.0,0.0,0.0,0.0,0.0,0.0,0.0,0.0,0.0,0.0,0.0,0.0,0.0,0.0,0.043290043290043295,1.3419913419913423,11.68831168831169,14.199134199134203,2.6551226551226557,0.07215007215007216,0.4082,0.011536,0.0,0.0,0.0,0.0,0.0,0.0,0.0,0.0,0.0,0.0,0.0,7.127144742630874,22.35811702595689,0.5147382314122306,0.0,0.0,0.0,0.0,0.0,0.0,0.0,0.0,0.0,0.0,0.0,0.0,0.0,0.0,0.0,0.0,0.4075,0.01153,0.0,0.0,0.0,0.0,0.0,0.0,0.0,0.0,0.0,0.0,0.0,7.590187590187579,22.04906204906205,0.3607503607503608,0.0,0.0,0.0,0.0,0.0,0.0,0.0,0.0,0.0,0.0,0.0,0.0,0.0,0.0,0.0,0.0
83700,4348,2310,0.531278748850046,1080,847,0.4431922723091076,1217,0.5597976080956761,0.4060000000000001,3.044160942100098,3.122461718126163,6.599664991624791,2.1444173686385,8391.397884084636,505.707557927066,7853.0,8866.4,8866.4,0.0,7853.0,0.0,28.19733210671573,20.810125805208855,33.031624863685934,19.061030457261285,0.13661453541858326,0.10027598896044158,0.09544618215271389,0.08256669733210671,0.07589696412143514,0.07704691812327506,0.06991720331186753,0.0671573137074517,0.05703771849126035,0.04829806807727691,0.05404783808647654,0.039788408463661454,0.03679852805887764,0.025758969641214352,0.01839926402943882,0.010349586016559338,0.004599816007359705,0.9032876425745735,0.022728760730770237,0.0,0.0,0.0,0.0,0.0,0.0,0.0,0.0,0.0,0.0,0.0,0.0,0.0,0.0,0.0,0.0,0.0,0.0,0.0,0.0,0.0,0.0,0.0,0.0,0.0344986200551978,1.6214351425942966,11.619135234590619,14.061637534498624,2.5735970561177557,0.08969641214351429,4.321949484169335,2.966769334388395,nan,nan,nan,4.286537077033837,2.9924260335252892,4.356540084388186,2.9410803646146415,1.0163308997674152,0.4075,0.011314,0.0,0.0,0.0,0.0,0.0,0.0,0.0,0.0,0.0,0.0,0.02069917203311868,7.493100275988949,22.286108555657776,0.20009199632014724,0.0,0.0,0.0,0.0,0.0,0.0,0.0,0.0,0.0,0.0,0.0,0.0,0.0,0.0,0.0,0.0,nan,nan,4.321949484169335,2.966769334388395,nan,0.4075,0.0683,0.0,0.0,0.0,0.0,0.0,0.0,0.0,0.0,0.0,0.0,0.0,0.0,0.0,0.0,0.0,0.0,0.0,0.0,0.00017249310027598897,0.0,0.0012879484820607176,0.002219411223551058,0.0060717571297148115,0.0006324747010119595,0.00011499540018399264,0.0013109475620975161,0.00026448942042318305,0.0010579576816927322,0.005887764489420423,0.006014259429622815,0.014098436062557498,0.03544158233670653,0.053484360625574975,0.05201241950321987,0.04556117755289788,0.0328081876724931,0.03700551977920883,0.024942502299908003,0.055519779208831645,0.07240110395584176,0.03620055197792088,0.042283808647654096,0.07112465501379944,0.07287258509659614,0.03482060717571297,0.0704576816927323,0.027426402943882246,0.0359245630174793,0.041237350505979764,0.00842916283348666,0.015202391904323827,0.05240340386384545,0.00985510579576817,0.007037718491260349,0.006704231830726771,0.0032888684452621894,0.002541398344066237,0.00390984360625575,0.002483900643974241,0.0030128794848206073,0.0008394664213431462,1.1499540018399263e-05,0.002713891444342226,0.0,0.0008969641214351426,1.1499540018399263e-05,0.0,0.0,0.0,0.0,0.0,0.0,0.0,0.0,0.0,0.0,0.0,0.0,0.0,0.0,0.0,0.0,0.0,0.0,0.0,0.0,0.0,0.0,0.0,0.0,0.0,0.0,0.0,0.0,0.0,0.0,0.0,0.0,0.0,0.0,0.0,nan,nan,4.321949484169335,2.966769334388395,nan,0.9030943042530126,0.022745624976680666,0.0,0.0,0.0,0.0,0.0,0.0,0.0,0.0,0.0,0.0,0.0,0.0,0.0,0.0,0.0,0.0,0.0,0.0,0.0,0.0,0.0,0.0,0.0,0.0,0.03896103896103897,1.6233766233766238,11.818181818181822,13.675324675324678,2.77922077922078,0.06493506493506494,0.9035067846367941,0.022707640318245095,0.0,0.0,0.0,0.0,0.0,0.0,0.0,0.0,0.0,0.0,0.0,0.0,0.0,0.0,0.0,0.0,0.0,0.0,0.0,0.0,0.0,0.0,0.0,0.0,0.0294406280667321,1.6192345436702653,11.39352306182532,14.499509322865558,2.3405299313052015,0.1177625122669284,0.4075,0.01155,0.0,0.0,0.0,0.0,0.0,0.0,0.0,0.0,0.0,0.0,0.03896103896103897,7.389610389610379,22.337662337662344,0.23376623376623382,0.0,0.0,0.0,0.0,0.0,0.0,0.0,0.0,0.0,0.0,0.0,0.0,0.0,0.0,0.0,0.0,0.4075,0.01105,0.0,0.0,0.0,0.0,0.0,0.0,0.0,0.0,0.0,0.0,0.0,7.610402355250234,22.227674190382732,0.16192345436702651,0.0,0.0,0.0,0.0,0.0,0.0,0.0,0.0,0.0,0.0,0.0,0.0,0.0,0.0,0.0,0.0
83800,4297,2204,0.5129159878985339,1012,903,0.4456597626250873,1229,0.5720269955783105,0.4020000000000001,2.9942666029622553,3.1186086058560814,6.625429553264605,2.183326241146249,8372.789062136373,506.5309136196822,7853.0,8866.4,8866.4,0.0,7853.0,0.0,27.758436118222015,20.776979128161155,32.62894299944659,19.06340026904963,0.1375378170816849,0.10402606469629974,0.09890621363742146,0.0851757039795206,0.07470328135908774,0.07447056085641145,0.07260879683500117,0.0621363742145683,0.05678380265301373,0.05631836164766116,0.0491040260646963,0.03746800093088201,0.02909006283453572,0.02653013730509658,0.019548522224808004,0.00930882010705143,0.006283453572259716,0.9038968714054224,0.022353434506410235,0.0,0.0,0.0,0.0,0.0,0.0,0.0,0.0,0.0,0.0,0.0,0.0,0.0,0.0,0.0,0.0,0.0,0.0,0.0,0.0,0.0,0.0,0.0,0.0,0.034908075401442876,1.4870840121014666,11.121712822899699,14.591575517803122,2.69490342099139,0.06981615080288575,4.323861566484517,2.8588587955501494,nan,nan,nan,4.328519855595668,2.855550484109025,4.319117647058824,2.86221619979946,0.9978278467350242,0.408,0.01168,0.0,0.0,0.0,0.0,0.0,0.0,0.0,0.0,0.0,0.0,0.0,7.575052362113091,22.047940423551317,0.3770072143355831,0.0,0.0,0.0,0.0,0.0,0.0,0.0,0.0,0.0,0.0,0.0,0.0,0.0,0.0,0.0,0.0,nan,nan,4.323861566484517,2.8588587955501494,nan,0.408,0.06866,0.0,0.0,0.0,0.0,0.0,0.0,0.0,0.0,0.0,0.0,0.0,0.0,0.0,0.0,0.0,0.0,0.0,0.0,0.0003141726786129858,0.0,0.0012217826390505003,0.0020246683732836864,0.006516174074936002,0.0008610658599022574,0.00036071677914824296,0.0012566907144519431,0.0003025366534791715,0.000965790086106586,0.006469629974400744,0.004631138003258087,0.014742843844542703,0.03326739585757505,0.054549685827321386,0.05303700255992553,0.04493832906679079,0.031545264137770535,0.03791016988596695,0.02319059809169188,0.0584710262974168,0.071177565743542,0.037677449383290665,0.03740982080521294,0.07078194088899233,0.0705143123109146,0.03708401210146614,0.06847800791249709,0.02781010006981615,0.036746567372585526,0.04265766814056318,0.010728415173376775,0.013718873632767047,0.05368861996741913,0.010681871072841517,0.008284849895275774,0.0061787293460553875,0.0031649988363974865,0.0031649988363974865,0.0037118920176867584,0.0025948336048405864,0.003071910635326972,0.0010356062369094718,0.0,0.0024319292529671865,0.0,0.0006283453572259716,0.0,0.0,0.0,0.0,0.0,0.0,0.0,0.0,0.0,0.0,0.0,0.0,0.0,0.0,0.0,0.0,0.0,0.0,0.0,0.0,0.0,0.0,0.0,0.0,0.0,0.0,0.0,0.0,0.0,0.0,0.0,0.0,0.0,0.0,0.0,0.0,nan,nan,4.323861566484517,2.8588587955501494,nan,0.9037987123600152,0.022484101030359995,0.0,0.0,0.0,0.0,0.0,0.0,0.0,0.0,0.0,0.0,0.0,0.0,0.0,0.0,0.0,0.0,0.0,0.0,0.0,0.0,0.0,0.0,0.0,0.0,0.04083484573502723,1.5381125226860257,11.188747731397463,14.469147005444649,2.7223230490018153,0.04083484573502723,0.9040002362100462,0.02221453860792753,0.0,0.0,0.0,0.0,0.0,0.0,0.0,0.0,0.0,0.0,0.0,0.0,0.0,0.0,0.0,0.0,0.0,0.0,0.0,0.0,0.0,0.0,0.0,0.0,0.028666985188724327,1.4333492594362163,11.051122790253228,14.72049689440994,2.666029622551362,0.10033444816053515,0.408,0.01156,0.0,0.0,0.0,0.0,0.0,0.0,0.0,0.0,0.0,0.0,0.0,7.581669691470043,22.064428312159713,0.35390199637023606,0.0,0.0,0.0,0.0,0.0,0.0,0.0,0.0,0.0,0.0,0.0,0.0,0.0,0.0,0.0,0.0,0.408,0.01181,0.0,0.0,0.0,0.0,0.0,0.0,0.0,0.0,0.0,0.0,0.0,7.568084089823209,22.030578117534642,0.4013377926421406,0.0,0.0,0.0,0.0,0.0,0.0,0.0,0.0,0.0,0.0,0.0,0.0,0.0,0.0,0.0,0.0
83900,4371,2262,0.5175017158544956,1098,871,0.4504690002287806,1229,0.562342713337909,0.4100000000000001,2.914177335229967,3.038824647515603,6.2882447665056365,2.2123224609374335,8377.436238846945,506.3894902459607,7853.0,8866.4,8866.399999999998,1.8189894035458565e-12,7853.0,0.0,28.82429649965683,21.061713091335612,33.572582817129,19.2837312691099,0.13132006405856783,0.09265614275909403,0.08739418897277511,0.09082589796385267,0.08213223518645618,0.07664150080073209,0.07137954701441318,0.060855639441775335,0.05971173644474949,0.05284831846259437,0.050331731869137496,0.0425531914893617,0.031571722717913524,0.031571722717913524,0.018760009151223975,0.01098146877144818,0.008464882177991306,0.9038404765894908,0.02264820982784919,0.0,0.0,0.0,0.0,0.0,0.0,0.0,0.0,0.0,0.0,0.0,0.0,0.0,0.0,0.0,0.0,0.0,0.0,0.0,0.0,0.0,0.0,0.0,0.0,0.02745367192862046,1.4070006863417985,11.70212765957447,13.891557995881952,2.807137954701442,0.16472203157172274,4.12396408839779,2.9064902186271935,nan,nan,nan,4.07505211952745,2.933108122788175,4.173076923076923,2.8799687850520272,1.0240548588519258,0.4075,0.01202,0.0,0.0,0.0,0.0,0.0,0.0,0.0,0.0,0.0,0.0,0.01372683596431023,8.133150308853798,21.44131777625258,0.4118050789293069,0.0,0.0,0.0,0.0,0.0,0.0,0.0,0.0,0.0,0.0,0.0,0.0,0.0,0.0,0.0,0.0,nan,nan,4.12396408839779,2.9064902186271935,nan,0.4075,0.0688,0.0,0.0,0.0,0.0,0.0,0.0,0.0,0.0,0.0,0.0,0.0,0.0,0.0,0.0,0.0,0.0,2.2878059940517044e-05,0.0,0.0006520247083047358,0.0,0.0013726835964310226,0.0020475863646762754,0.0073209791809654545,0.0008121711278883551,0.0003660489590482727,0.0014184397163120568,0.000549073438572409,0.0007778540379775795,0.005216197666437886,0.004118050789293068,0.013452299245024023,0.03135438114847861,0.055593685655456415,0.05271105010295127,0.04994280485014871,0.032315259665980325,0.03826355525051476,0.023793182338137726,0.05789293067947838,0.06973232669869595,0.039521848547243194,0.037920384351407,0.0679249599633951,0.07080759551590025,0.037016700983756576,0.0713452299245024,0.025337451384122626,0.036113017616106156,0.04061999542438801,0.010821322351864561,0.012171127888355067,0.05481583161747884,0.011667810569663692,0.008487760237931824,0.00680622283230382,0.0033173186913749713,0.0030084648821779914,0.003202928391672386,0.0030427819720887667,0.002390757263784031,0.0008464882177991307,0.0,0.002230610844200412,0.0,0.0008350491878288721,0.0,0.0,2.2878059940517044e-05,0.0,0.0,0.0,0.0,0.0,0.0,0.0,0.0,0.0,0.0,0.0,0.0,0.0,0.0,0.0,0.0,0.0,0.0,0.0,0.0,0.0,0.0,0.0,0.0,0.0,0.0,0.0,0.0,0.0,0.0,0.0,0.0,0.0,nan,nan,4.12396408839779,2.9064902186271935,nan,0.9041017225418968,0.02202058627473502,0.0,0.0,0.0,0.0,0.0,0.0,0.0,0.0,0.0,0.0,0.0,0.0,0.0,0.0,0.0,0.0,0.0,0.0,0.0,0.0,0.0,0.0,0.0,0.0,0.013262599469496024,1.153846153846154,11.763925729442974,14.297082228116714,2.5862068965517246,0.18567639257294435,0.90356027822802,0.023299329011089734,0.0,0.0,0.0,0.0,0.0,0.0,0.0,0.0,0.0,0.0,0.0,0.0,0.0,0.0,0.0,0.0,0.0,0.0,0.0,0.0,0.0,0.0,0.0,0.0,0.042674253200568994,1.6785206258890473,11.63584637268848,13.456614509246092,3.0440967283072555,0.14224751066856334,0.4075,0.01209,0.0,0.0,0.0,0.0,0.0,0.0,0.0,0.0,0.0,0.0,0.026525198938992047,8.209549071618026,21.3395225464191,0.42440318302387275,0.0,0.0,0.0,0.0,0.0,0.0,0.0,0.0,0.0,0.0,0.0,0.0,0.0,0.0,0.0,0.0,0.4077,0.011925,0.0,0.0,0.0,0.0,0.0,0.0,0.0,0.0,0.0,0.0,0.0,8.051209103840671,21.550497866287344,0.39829302987197734,0.0,0.0,0.0,0.0,0.0,0.0,0.0,0.0,0.0,0.0,0.0,0.0,0.0,0.0,0.0,0.0
84000,4457,2233,0.50100964774512,1049,975,0.45411711913843394,1304,0.5851469598384563,0.4020000000000001,2.985611510791367,3.069748218088485,6.550925925925926,2.0958216237226988,8360.723177024905,506.6989669505707,7853.0,8866.4,8866.400000000001,1.8189894035458565e-12,7853.0,0.0,28.048014359434596,20.70632786541292,32.87204043628625,18.951692635513027,0.1359658963428315,0.09872111285618129,0.08682970608032309,0.09041956472963877,0.08189365043751402,0.08122055194076733,0.07000224366165582,0.060803230872784386,0.06237379403186,0.051604218083912946,0.046892528606686114,0.037020417321067985,0.035449854161992374,0.028718869194525466,0.015481265425173883,0.00987211128561813,0.006730984967466906,0.904794938298975,0.022821764116477194,0.0,0.0,0.0,0.0,0.0,0.0,0.0,0.0,0.0,0.0,0.0,0.0,0.0,0.0,0.0,0.0,0.0,0.0,0.0,0.0,0.0,0.0,0.0,0.0,0.020192954902400723,1.39331388826565,11.079201256450531,14.249495176127443,3.1837558896118474,0.07404083464213598,4.300102774922919,2.871288805927764,nan,nan,nan,4.253968253968254,2.855689378013457,4.345813478556841,2.886829173549894,1.0215904818995558,0.407,0.012215,0.0,0.0,0.0,0.0,0.0,0.0,0.0,0.0,0.0,0.0,0.020192954902400723,8.662777653129895,20.98048014359435,0.3365492483733454,0.0,0.0,0.0,0.0,0.0,0.0,0.0,0.0,0.0,0.0,0.0,0.0,0.0,0.0,0.0,0.0,nan,nan,4.300102774922919,2.871288805927764,nan,0.407,0.06885,0.0,0.0,0.0,0.0,0.0,0.0,0.0,0.0,0.0,0.0,0.0,0.0,0.0,0.0,0.0,0.0,0.0,0.0,0.0008638097374915862,0.0,0.0012003589858649315,0.0016154363921920575,0.007606013013237604,0.0007516266547004712,0.0004599506394435719,0.0017949293246578416,0.0005160421808391295,0.0007740632712586942,0.0047004711689477225,0.00430783037917882,0.015212026026475207,0.03141126318151223,0.058144491810634955,0.053500112183082794,0.04939421135292798,0.032869643257796725,0.0385012340139107,0.025308503477675565,0.05547453444020642,0.06849899035225487,0.04040834642135966,0.03335203051379852,0.06517837110163788,0.07632936953107472,0.03762620596814,0.07383890509311196,0.023749158626879065,0.035618128786179044,0.039477226834193406,0.01047789993269015,0.011857751851020866,0.054195647296387706,0.010578864707202153,0.008772717074265201,0.0064393089522100065,0.002770922144940543,0.00393762620596814,0.004027372672201032,0.0027597038366614316,0.0017612743998205072,0.0008413731209333632,0.0,0.0024119362800089747,0.0,0.0006730984967466906,0.0,0.0,1.121830827911151e-05,0.0,0.0,0.0,0.0,0.0,0.0,0.0,0.0,0.0,0.0,0.0,0.0,0.0,0.0,0.0,0.0,0.0,0.0,0.0,0.0,0.0,0.0,0.0,0.0,0.0,0.0,0.0,0.0,0.0,0.0,0.0,0.0,0.0,nan,nan,4.300102774922919,2.871288805927764,nan,0.9050892613097471,0.023053963493677443,0.0,0.0,0.0,0.0,0.0,0.0,0.0,0.0,0.0,0.0,0.0,0.0,0.0,0.0,0.0,0.0,0.0,0.0,0.0,0.0,0.0,0.0,0.0,0.0,0.026869682042095843,1.3972234661889837,10.841916703985671,14.46932377966861,3.1571876399462613,0.10747872816838337,0.9044994242328535,0.022582364567602813,0.0,0.0,0.0,0.0,0.0,0.0,0.0,0.0,0.0,0.0,0.0,0.0,0.0,0.0,0.0,0.0,0.0,0.0,0.0,0.0,0.0,0.0,0.0,0.0,0.013489208633093528,1.3893884892086334,11.317446043165472,14.02877697841727,3.2104316546762597,0.04046762589928058,0.4067,0.012215,0.0,0.0,0.0,0.0,0.0,0.0,0.0,0.0,0.0,0.0,0.026869682042095843,8.74608150470218,20.904612628750563,0.32243618450515005,0.0,0.0,0.0,0.0,0.0,0.0,0.0,0.0,0.0,0.0,0.0,0.0,0.0,0.0,0.0,0.0,0.407,0.012215,0.0,0.0,0.0,0.0,0.0,0.0,0.0,0.0,0.0,0.0,0.013489208633093528,8.579136690647468,21.056654676258997,0.35071942446043175,0.0,0.0,0.0,0.0,0.0,0.0,0.0,0.0,0.0,0.0,0.0,0.0,0.0,0.0,0.0,0.0
84100,4368,2250,0.5151098901098901,1062,888,0.44642857142857145,1241,0.5682234432234432,0.4020000000000001,2.938149197355996,3.0357406378710823,6.475247524752476,2.069393779660883,8375.012362637362,506.4685790357204,7853.0,8866.4,8866.4,0.0,7853.0,0.0,28.788919413919412,21.05762079875427,33.53719676549865,19.281978841520424,0.12774725274725274,0.10393772893772894,0.08974358974358974,0.08173076923076923,0.0782967032967033,0.0711996336996337,0.07577838827838827,0.06295787545787546,0.06158424908424909,0.05242673992673993,0.04899267399267399,0.046703296703296704,0.03502747252747253,0.027014652014652016,0.019230769230769232,0.009844322344322344,0.007783882783882784,0.9043523600741183,0.02250704019996144,0.0,0.0,0.0,0.0,0.0,0.0,0.0,0.0,0.0,0.0,0.0,0.0,0.0,0.0,0.0,0.0,0.0,0.0,0.0,0.0,0.0,0.0,0.0,0.0,0.02747252747252748,1.3049450549450552,11.4217032967033,14.134615384615389,3.0357142857142865,0.07554945054945056,4.292264613230661,2.846004331306618,nan,nan,nan,4.279753761969904,2.891870381474924,4.305376344086022,2.7970683164000225,1.0059869290480683,0.4072,0.01205,0.0,0.0,0.0,0.0,0.0,0.0,0.0,0.0,0.0,0.0,0.00686813186813187,8.111263736263725,21.414835164835168,0.46703296703296715,0.0,0.0,0.0,0.0,0.0,0.0,0.0,0.0,0.0,0.0,0.0,0.0,0.0,0.0,0.0,0.0,nan,nan,4.292264613230661,2.846004331306618,nan,0.4072,0.06885,0.0,0.0,0.0,0.0,0.0,0.0,0.0,0.0,0.0,0.0,0.0,0.0,0.0,0.0,0.0,0.0,0.0,0.0,0.0007783882783882784,0.0,0.0012706043956043956,0.001407967032967033,0.008356227106227106,0.0003205128205128205,0.0003205128205128205,0.0015338827838827839,0.0003891941391941392,0.0009500915750915751,0.004315476190476191,0.0044757326007326004,0.01436584249084249,0.03103250915750916,0.05811584249084249,0.052598443223443224,0.051614010989010986,0.0323489010989011,0.038873626373626374,0.025927197802197804,0.055952380952380955,0.06508699633699634,0.040201465201465204,0.03444368131868132,0.06508699633699634,0.0756753663003663,0.03866758241758242,0.07648809523809524,0.023111263736263737,0.034718406593406595,0.03938873626373626,0.010554029304029305,0.011733058608058608,0.05335393772893773,0.01127518315018315,0.008688186813186814,0.006158424908424908,0.002483974358974359,0.00467032967032967,0.004418498168498168,0.003331043956043956,0.0013507326007326007,0.0008127289377289378,3.434065934065934e-05,0.0027701465201465203,2.2893772893772894e-05,0.0005265567765567765,0.0,0.0,0.0,0.0,0.0,0.0,0.0,0.0,0.0,0.0,0.0,0.0,0.0,0.0,0.0,0.0,0.0,0.0,0.0,0.0,0.0,0.0,0.0,0.0,0.0,0.0,0.0,0.0,0.0,0.0,0.0,0.0,0.0,0.0,0.0,0.0,nan,nan,4.292264613230661,2.846004331306618,nan,0.9041111131244236,0.022183546291063498,0.0,0.0,0.0,0.0,0.0,0.0,0.0,0.0,0.0,0.0,0.0,0.0,0.0,0.0,0.0,0.0,0.0,0.0,0.0,0.0,0.0,0.0,0.0,0.0,0.04000000000000001,1.146666666666667,11.66666666666667,14.240000000000004,2.8266666666666675,0.08000000000000002,0.9046086422444741,0.022842887171425665,0.0,0.0,0.0,0.0,0.0,0.0,0.0,0.0,0.0,0.0,0.0,0.0,0.0,0.0,0.0,0.0,0.0,0.0,0.0,0.0,0.0,0.0,0.0,0.0,0.014164305949008502,1.4730878186968843,11.161473087818699,14.022662889518417,3.2577903682719556,0.07082152974504251,0.4075,0.01198,0.0,0.0,0.0,0.0,0.0,0.0,0.0,0.0,0.0,0.0,0.0,7.826666666666656,21.640000000000004,0.5333333333333334,0.0,0.0,0.0,0.0,0.0,0.0,0.0,0.0,0.0,0.0,0.0,0.0,0.0,0.0,0.0,0.0,0.407,0.012115,0.0,0.0,0.0,0.0,0.0,0.0,0.0,0.0,0.0,0.0,0.014164305949008502,8.413597733711036,21.17563739376771,0.3966005665722381,0.0,0.0,0.0,0.0,0.0,0.0,0.0,0.0,0.0,0.0,0.0,0.0,0.0,0.0,0.0,0.0
84200,4397,2280,0.5185353650216057,1073,900,0.4487150329770298,1231,0.5599272231066637,0.4060000000000001,3.0061407652338215,3.11675801504567,6.579391891891892,2.2301180814547816,8378.483738912895,506.35171684556576,7853.0,8866.4,8866.399999999998,1.8189894035458565e-12,7853.0,0.0,28.153058903798044,20.93866190287388,33.12094155844156,19.135983386082586,0.1391858085057994,0.0998408005458267,0.08983397771207642,0.08551284967022971,0.07959972708664999,0.0791448715032977,0.06936547646122355,0.06163293154423471,0.05640209233568342,0.054355242210598134,0.043211280418467134,0.045712986126904706,0.036615874459859,0.025471912667727997,0.01933136229247214,0.007732544916988856,0.007050261541960427,0.9036990261929182,0.022286357136393608,0.0,0.0,0.0,0.0,0.0,0.0,0.0,0.0,0.0,0.0,0.0,0.0,0.0,0.0,0.0,0.0,0.0,0.0,0.0,0.0,0.0,0.0,0.0,0.0,0.020468501250852856,1.473732090061406,11.673868546736415,14.00727768933364,2.7768933363657045,0.047759836251990005,4.192213258505787,2.891870287825172,nan,nan,nan,4.197183098591549,2.917502879344243,4.188811188811189,2.8666177261934593,0.9980053503543438,0.4075,0.01176,0.0,0.0,0.0,0.0,0.0,0.0,0.0,0.0,0.0,0.0,0.0,7.675687969069808,21.87400500341142,0.4503070275187629,0.0,0.0,0.0,0.0,0.0,0.0,0.0,0.0,0.0,0.0,0.0,0.0,0.0,0.0,0.0,0.0,nan,nan,4.192213258505787,2.891870287825172,nan,0.4075,0.0685,0.0,0.0,0.0,0.0,0.0,0.0,0.0,0.0,0.0,0.0,0.0,0.0,0.0,0.0,0.0,0.0,0.0,0.0,0.0007618831021150784,0.0,0.0012963384125540141,0.0013077098021378212,0.008096429383670684,0.00022742779167614282,0.00012508528542187855,0.0014327950875596999,0.0003638844666818285,0.0009324539458721856,0.003923129406413464,0.005287696156470321,0.013452353877643848,0.02999772572208324,0.06113259040254719,0.053047532408460316,0.04719126677279964,0.03456902433477371,0.037377757561974076,0.028530816465772116,0.054662269729360925,0.061621560154650895,0.042187855355924495,0.0345576529451899,0.06355469638389812,0.07784853309074369,0.035626563566067776,0.07717762110529906,0.023641118944735046,0.03788947009324539,0.03889015237662042,0.011621560154650898,0.010984762337957699,0.05426427109392768,0.011871730725494656,0.009563338639981806,0.0059813509210825564,0.0019103934500795997,0.006083693427336821,0.0039003866272458495,0.002888332954287014,0.0005571980896065499,0.0007050261541960427,4.5485558335228565e-05,0.0023652490334318856,5.6856947919035704e-05,0.00043211280418467134,0.0,0.0,0.0,5.6856947919035704e-05,0.0,0.0,0.0,0.0,0.0,0.0,0.0,0.0,0.0,0.0,0.0,0.0,0.0,0.0,0.0,0.0,0.0,0.0,0.0,0.0,0.0,0.0,0.0,0.0,0.0,0.0,0.0,0.0,0.0,0.0,0.0,0.0,nan,nan,4.192213258505787,2.891870287825172,nan,0.9035075748175906,0.02221782736744032,0.0,0.0,0.0,0.0,0.0,0.0,0.0,0.0,0.0,0.0,0.0,0.0,0.0,0.0,0.0,0.0,0.0,0.0,0.0,0.0,0.0,0.0,0.0,0.0,0.026315789473684216,1.4605263157894741,11.973684210526319,13.815789473684214,2.6578947368421058,0.06578947368421054,0.9039052185102291,0.0223580949811503,0.0,0.0,0.0,0.0,0.0,0.0,0.0,0.0,0.0,0.0,0.0,0.0,0.0,0.0,0.0,0.0,0.0,0.0,0.0,0.0,0.0,0.0,0.0,0.0,0.014170996693434109,1.4879546528105814,11.35096835144072,14.213509683514411,2.905054322153992,0.028341993386868217,0.4075,0.011665,0.0,0.0,0.0,0.0,0.0,0.0,0.0,0.0,0.0,0.0,0.0,7.763157894736831,21.82894736842106,0.40789473684210537,0.0,0.0,0.0,0.0,0.0,0.0,0.0,0.0,0.0,0.0,0.0,0.0,0.0,0.0,0.0,0.0,0.4077,0.01185,0.0,0.0,0.0,0.0,0.0,0.0,0.0,0.0,0.0,0.0,0.0,7.581483230987235,21.922531884742565,0.49598488427019377,0.0,0.0,0.0,0.0,0.0,0.0,0.0,0.0,0.0,0.0,0.0,0.0,0.0,0.0,0.0,0.0
84300,4439,2269,0.5111511601712098,1063,903,0.4428925433656229,1242,0.5595854922279793,0.4100000000000001,2.9654377880184333,3.0821627329667582,6.4779050736497545,2.2152764209243854,8371.000585717504,506.5739696850216,7853.0,8866.4,8866.4,0.0,7853.0,0.0,27.967334985357063,20.92649179690857,32.89300080450523,19.209339956691235,0.1380941653525569,0.10272583915296238,0.10092363144852444,0.08267627844109034,0.07636855147555756,0.06961027258391529,0.07141248028835323,0.06397837350754675,0.05609371480063077,0.05879702635728768,0.045731020500112636,0.03739580986708718,0.0369452579409777,0.023428700157693175,0.017120973192160396,0.013291281820229782,0.005406623113313809,0.9054079325544482,0.022602445644972022,0.0,0.0,0.0,0.0,0.0,0.0,0.0,0.0,0.0,0.0,0.0,0.0,0.0,0.0,0.0,0.0,0.0,0.0,0.0,0.0,0.0,0.0,0.0,0.0,0.013516557783284526,1.311106104978599,10.799729668844336,14.645190358188785,3.149357963505295,0.08109934669970716,4.275983146067416,2.8567801549381655,nan,nan,nan,4.26967095851216,2.8454886172906826,4.280193236714976,2.867711488767899,1.0024644236769202,0.4077,0.01184,0.0,0.0,0.0,0.0,0.0,0.0,0.0,0.0,0.0,0.0,0.013516557783284526,7.819328677630085,21.77517458887137,0.3919801757152513,0.0,0.0,0.0,0.0,0.0,0.0,0.0,0.0,0.0,0.0,0.0,0.0,0.0,0.0,0.0,0.0,nan,nan,4.275983146067416,2.8567801549381655,nan,0.4077,0.0684,0.0,0.0,0.0,0.0,0.0,0.0,0.0,0.0,0.0,0.0,0.0,0.0,0.0,0.0,0.0,0.0,0.0,0.0,0.0007321468799279117,0.0,0.0014868213561612977,0.0010250056318990763,0.00851543140346925,0.0003829691371930615,3.379139445821131e-05,0.0013403919801757154,0.0004280243298040099,0.0009123676503717054,0.003277765262446497,0.0051813471502590676,0.013426447398062627,0.027596305474205902,0.0652399189006533,0.05197116467672899,0.04522414958323947,0.03232710069835548,0.03827438612300067,0.031043027708943457,0.05555305248929939,0.061872043252984905,0.042126605091236766,0.03713674250957423,0.06166929488623564,0.07547871142149133,0.037857625591349406,0.07670646542013967,0.0223135841405722,0.03880378463617932,0.03807163775625141,0.01068934444694751,0.011252534354584365,0.055586843883757606,0.011421491326875423,0.010114890741157918,0.006487947735976571,0.0020612750619508897,0.006814597882405947,0.0030186979049335438,0.002342870015769317,0.0005631899076368552,0.0007884658706915972,4.505519261094841e-05,0.0023090786213111063,0.0,0.0004956071187204325,0.0,0.0,0.0,0.0,0.0,0.0,0.0,0.0,0.0,0.0,0.0,0.0,0.0,0.0,0.0,0.0,0.0,0.0,0.0,0.0,0.0,0.0,0.0,0.0,0.0,0.0,0.0,0.0,0.0,0.0,0.0,0.0,0.0,0.0,0.0,0.0,nan,nan,4.275983146067416,2.8567801549381655,nan,0.904897514446657,0.022951858035072145,0.0,0.0,0.0,0.0,0.0,0.0,0.0,0.0,0.0,0.0,0.0,0.0,0.0,0.0,0.0,0.0,0.0,0.0,0.0,0.0,0.0,0.0,0.0,0.0,0.0,1.4808285588364922,10.762450418686647,14.55707360070516,3.1203173204054657,0.07933010136624065,0.9059416370183092,0.02221868312892094,0.0,0.0,0.0,0.0,0.0,0.0,0.0,0.0,0.0,0.0,0.0,0.0,0.0,0.0,0.0,0.0,0.0,0.0,0.0,0.0,0.0,0.0,0.0,0.0,0.02764976958525346,1.133640552995392,10.838709677419356,14.737327188940096,3.179723502304148,0.08294930875576038,0.4075,0.01168,0.0,0.0,0.0,0.0,0.0,0.0,0.0,0.0,0.0,0.0,0.013221683561040108,7.774349933891571,21.82899955927722,0.38342882327016314,0.0,0.0,0.0,0.0,0.0,0.0,0.0,0.0,0.0,0.0,0.0,0.0,0.0,0.0,0.0,0.0,0.4077,0.01201,0.0,0.0,0.0,0.0,0.0,0.0,0.0,0.0,0.0,0.0,0.01382488479262673,7.866359447004597,21.718894009216594,0.4009216589861752,0.0,0.0,0.0,0.0,0.0,0.0,0.0,0.0,0.0,0.0,0.0,0.0,0.0,0.0,0.0,0.0
84400,4384,2299,0.5244069343065694,1049,889,0.4420620437956204,1228,0.5602189781021898,0.4020000000000001,2.939568345323741,3.0106434386014005,6.313531353135313,2.1824491355390165,8384.433987226275,506.0959591578361,7853.0,8866.4,8866.4,0.0,7853.0,0.0,28.561587591240876,21.191931024454743,33.56902630865202,19.382550422059946,0.13777372262773724,0.09648722627737226,0.09283759124087591,0.07983576642335767,0.08302919708029197,0.07664233576642336,0.06637773722627738,0.061587591240875914,0.06135948905109489,0.05063868613138686,0.05018248175182482,0.04151459854014598,0.0364963503649635,0.026003649635036496,0.017563868613138685,0.014142335766423358,0.007527372262773723,0.9057025785428764,0.022487214345033257,0.0,0.0,0.0,0.0,0.0,0.0,0.0,0.0,0.0,0.0,0.0,0.0,0.0,0.0,0.0,0.0,0.0,0.0,0.0,0.0,0.0,0.0,0.0,0.0,0.020529197080291973,1.0880474452554747,11.106295620437958,14.384124087591244,3.3052007299270083,0.09580291970802922,4.106457242582897,2.8164643425797995,nan,nan,nan,4.1892655367231635,2.8340739522423166,4.025534851621808,2.7967810554724912,0.9609166132664331,0.4075,0.0118,0.0,0.0,0.0,0.0,0.0,0.0,0.0,0.0,0.0,0.0,0.0,7.766879562043784,21.877281021897815,0.35583941605839425,0.0,0.0,0.0,0.0,0.0,0.0,0.0,0.0,0.0,0.0,0.0,0.0,0.0,0.0,0.0,0.0,nan,nan,4.106457242582897,2.8164643425797995,nan,0.4075,0.0688,0.0,0.0,0.0,0.0,0.0,0.0,0.0,0.0,0.0,0.0,0.0,0.0,0.0,0.0,0.0,0.0,0.0,0.0,0.001083485401459854,0.0,0.0017677919708029197,0.0010606751824817518,0.009203923357664234,0.00015967153284671533,3.421532846715329e-05,0.0009922445255474452,0.00043339416058394163,0.00083257299270073,0.0030565693430656933,0.004767335766423358,0.013104470802919708,0.029425182481751824,0.06374315693430657,0.051938868613138685,0.045586222627737226,0.030291970802919708,0.038777372262773724,0.031272810218978105,0.05704835766423358,0.06587591240875912,0.0421646897810219,0.03686131386861314,0.05918111313868613,0.07522810218978102,0.03607436131386861,0.07433850364963504,0.022445255474452554,0.037306113138686134,0.03921076642335766,0.0109375,0.013366788321167883,0.05567974452554744,0.01124543795620438,0.010504105839416059,0.0064666970802919705,0.002075729927007299,0.0075159671532846715,0.0025661496350364963,0.0023722627737226276,0.0006272810218978102,0.0005246350364963504,0.0,0.0025889598540145987,0.0,0.0002623175182481752,0.0,0.0,0.0,0.0,0.0,0.0,0.0,0.0,0.0,0.0,0.0,0.0,0.0,0.0,0.0,0.0,0.0,0.0,0.0,0.0,0.0,0.0,0.0,0.0,0.0,0.0,0.0,0.0,0.0,0.0,0.0,0.0,0.0,0.0,0.0,0.0,nan,nan,4.106457242582897,2.8164643425797995,nan,0.9059298579046756,0.02241570434624983,0.0,0.0,0.0,0.0,0.0,0.0,0.0,0.0,0.0,0.0,0.0,0.0,0.0,0.0,0.0,0.0,0.0,0.0,0.0,0.0,0.0,0.0,0.0,0.0,0.013049151805132669,1.056981296215746,10.922140060896044,14.641148325358856,3.236189647672902,0.1304915180513267,0.9054519717070124,0.022563147523398698,0.0,0.0,0.0,0.0,0.0,0.0,0.0,0.0,0.0,0.0,0.0,0.0,0.0,0.0,0.0,0.0,0.0,0.0,0.0,0.0,0.0,0.0,0.0,0.0,0.028776978417266195,1.1223021582733814,11.309352517985614,14.100719424460435,3.3812949640287777,0.05755395683453239,0.4077,0.01186,0.0,0.0,0.0,0.0,0.0,0.0,0.0,0.0,0.0,0.0,0.0,7.6859504132231296,21.883427577207488,0.4306220095693781,0.0,0.0,0.0,0.0,0.0,0.0,0.0,0.0,0.0,0.0,0.0,0.0,0.0,0.0,0.0,0.0,0.4075,0.011734,0.0,0.0,0.0,0.0,0.0,0.0,0.0,0.0,0.0,0.0,0.0,7.8561151079136575,21.870503597122305,0.27338129496402885,0.0,0.0,0.0,0.0,0.0,0.0,0.0,0.0,0.0,0.0,0.0,0.0,0.0,0.0,0.0,0.0
84500,4287,2198,0.5127128528108235,1029,880,0.44529974341031026,1195,0.5574994168416142,0.4100000000000001,2.961225466730493,3.069940993503411,6.514579759862778,2.052328331808958,8372.583205038489,506.53619123211337,7853.0,8866.4,8866.399999999998,1.8189894035458565e-12,7853.0,0.0,27.989969675763938,21.084690262053005,33.31759415401911,19.185912706359378,0.14858875670632143,0.10053650571495218,0.08864007464427338,0.0781432236995568,0.08047585724282715,0.07627711686494051,0.06741310940051318,0.06531373921156987,0.05621646839281549,0.05108467459762071,0.04781898763704222,0.04058782365290413,0.03802192675530674,0.025425705621646838,0.019360858409143925,0.009097270818754374,0.006997900629811057,0.9065541029810655,0.022568687796761404,0.0,0.0,0.0,0.0,0.0,0.0,0.0,0.0,0.0,0.0,0.0,0.0,0.0,0.0,0.0,0.0,0.0,0.0,0.0,0.0,0.0,0.0,0.0,0.0,0.020993701889433173,1.070678796361092,10.461861441567532,14.842547235829255,3.477956613016096,0.12596221133659904,4.323177366702938,2.833363137499328,nan,nan,nan,4.380219780219781,2.870037961493646,4.267433501078361,2.7967983566711414,0.9742509999953105,0.4075,0.011406,0.0,0.0,0.0,0.0,0.0,0.0,0.0,0.0,0.0,0.0,0.0,7.683694891532529,21.9594121763471,0.35689293212036394,0.0,0.0,0.0,0.0,0.0,0.0,0.0,0.0,0.0,0.0,0.0,0.0,0.0,0.0,0.0,0.0,nan,nan,4.323177366702938,2.833363137499328,nan,0.4075,0.06866,0.0,0.0,0.0,0.0,0.0,0.0,0.0,0.0,0.0,0.0,0.0,0.0,0.0,0.0,0.0,0.0,0.0,0.0,0.0012946116165150456,0.0,0.0013412642873804525,0.0011080009330534173,0.008397480755773267,0.00010496850944716585,0.00012829484487986937,0.0010730114299043621,0.0006764637275484021,0.0011896431070678797,0.0024725915558665734,0.0047702355959878704,0.01377420107301143,0.028329834383018428,0.06445066480055983,0.051282948448798694,0.04879869372521577,0.029776067179846048,0.036307441101003035,0.03259855376720317,0.055936552367623044,0.06727315138791695,0.043037088873338,0.036540704455330066,0.05733613249358526,0.0742243993468626,0.036120830417541404,0.07665033823186378,0.021658502449265222,0.03754373687893632,0.038231863774201076,0.011114998833683228,0.01404245393048752,0.05576160485187777,0.01099836715651971,0.012059715418707722,0.005668299510146956,0.0017261488220200606,0.007336132493585258,0.002006064847212503,0.0023676230464194075,0.000583158385817588,0.0006298110566829951,1.166316771635176e-05,0.0030557499416841616,0.0,0.0002099370188943317,0.0,0.0,0.0,0.0,0.0,0.0,0.0,0.0,0.0,0.0,0.0,0.0,0.0,0.0,0.0,0.0,0.0,0.0,0.0,0.0,0.0,0.0,0.0,0.0,0.0,0.0,0.0,0.0,0.0,0.0,0.0,0.0,0.0,0.0,0.0,0.0,nan,nan,4.323177366702938,2.833363137499328,nan,0.9066734375793137,0.02280937056013992,0.0,0.0,0.0,0.0,0.0,0.0,0.0,0.0,0.0,0.0,0.0,0.0,0.0,0.0,0.0,0.0,0.0,0.0,0.0,0.0,0.0,0.0,0.0,0.0,0.027297543221110106,1.050955414012739,10.427661510464059,14.727024567788902,3.616924476797089,0.15013648771610558,0.906428541733124,0.022311954840597777,0.0,0.0,0.0,0.0,0.0,0.0,0.0,0.0,0.0,0.0,0.0,0.0,0.0,0.0,0.0,0.0,0.0,0.0,0.0,0.0,0.0,0.0,0.0,0.0,0.014360938247965537,1.0914313068453807,10.497845859262807,14.96409765438009,3.331737673528005,0.10052656773575876,0.4077,0.01136,0.0,0.0,0.0,0.0,0.0,0.0,0.0,0.0,0.0,0.0,0.0,7.602365787079151,22.042766151046408,0.35486806187443143,0.0,0.0,0.0,0.0,0.0,0.0,0.0,0.0,0.0,0.0,0.0,0.0,0.0,0.0,0.0,0.0,0.4075,0.01145,0.0,0.0,0.0,0.0,0.0,0.0,0.0,0.0,0.0,0.0,0.0,7.769267592149342,21.871708951651513,0.3590234561991384,0.0,0.0,0.0,0.0,0.0,0.0,0.0,0.0,0.0,0.0,0.0,0.0,0.0,0.0,0.0,0.0
84600,4385,2249,0.512884834663626,1049,884,0.44082098061573544,1241,0.5660205245153934,0.4140000000000001,3.0014044943820224,3.0913825333449814,6.481889763779527,2.143123679575729,8372.757491448117,506.5317284406596,7853.0,8866.4,8866.400000000001,1.8189894035458565e-12,7853.0,0.0,28.700570125427593,21.28717607211807,33.65459459459459,19.477114581046497,0.13660205245153934,0.1017103762827822,0.09007981755986318,0.07799315849486887,0.07890535917901939,0.07366020524515393,0.06704675028506271,0.06408209806157354,0.059977194982896234,0.05427594070695553,0.049714937286202965,0.043101482326111745,0.03831242873432155,0.025997719498289624,0.01710376282782212,0.013683010262257697,0.007753705815279362,0.9070800474867173,0.022864795417559,0.0,0.0,0.0,0.0,0.0,0.0,0.0,0.0,0.0,0.0,0.0,0.0,0.0,0.0,0.0,0.0,0.0,0.0,0.0,0.0,0.0,0.0,0.0,0.0,0.0136830102622577,1.0330672748004563,10.58380843785633,14.421892816419616,3.8380843785632845,0.1094640820980616,4.268625393494228,2.863435693820717,nan,nan,nan,4.236990154711673,2.843198798497794,4.299930410577592,2.8829798327604945,1.0148549450359066,0.4072,0.011604,0.0,0.0,0.0,0.0,0.0,0.0,0.0,0.0,0.0,0.0,0.0,8.120866590649932,21.420752565564428,0.45838084378563293,0.0,0.0,0.0,0.0,0.0,0.0,0.0,0.0,0.0,0.0,0.0,0.0,0.0,0.0,0.0,0.0,nan,nan,4.268625393494228,2.863435693820717,nan,0.4072,0.0685,0.0,0.0,0.0,0.0,0.0,0.0,0.0,0.0,0.0,0.0,0.0,0.0,0.0,0.0,0.0,0.0,0.0,0.0,0.0014367160775370581,3.420752565564424e-05,0.0012884834663625998,0.0009578107183580388,0.008050171037628279,0.00018244013683010264,0.00020524515393386544,0.0012542759407069555,0.0008551881413911061,0.0010034207525655644,0.0025199543899657923,0.004458380843785633,0.014287343215507411,0.02976054732041049,0.06412770809578107,0.053603192702394525,0.04862029646522235,0.028893956670467503,0.035496009122006844,0.03214367160775371,0.05443557582668187,0.06555302166476625,0.042120866590649945,0.03686431014823261,0.05978335233751425,0.07523375142531356,0.04183580387685291,0.07482326111744583,0.020216647662485748,0.03899657924743444,0.03727480045610034,0.00888255416191562,0.013899657924743444,0.05567844925883694,0.010695553021664765,0.0104903078677309,0.006020524515393386,0.0025769669327251996,0.0065336374002280505,0.0025199543899657923,0.0019270239452679589,0.0006271379703534777,0.0006841505131128849,0.0,0.0029304446978335235,1.1402508551881415e-05,0.00019384264538198403,0.0,0.0,0.0,0.0,1.1402508551881415e-05,0.0,0.0,0.0,0.0,0.0,0.0,0.0,0.0,0.0,0.0,0.0,0.0,0.0,0.0,0.0,0.0,0.0,0.0,0.0,0.0,0.0,0.0,0.0,0.0,0.0,0.0,0.0,0.0,0.0,0.0,0.0,nan,nan,4.268625393494228,2.863435693820717,nan,0.9070299508678695,0.022891528880826927,0.0,0.0,0.0,0.0,0.0,0.0,0.0,0.0,0.0,0.0,0.0,0.0,0.0,0.0,0.0,0.0,0.0,0.0,0.0,0.0,0.0,0.0,0.0,0.0,0.013339261894175192,0.9337483325922634,10.844819919964431,14.219653179190754,3.8550466874166305,0.13339261894175192,0.9071327943480416,0.022836495089896967,0.0,0.0,0.0,0.0,0.0,0.0,0.0,0.0,0.0,0.0,0.0,0.0,0.0,0.0,0.0,0.0,0.0,0.0,0.0,0.0,0.0,0.0,0.0,0.0,0.014044943820224722,1.1376404494382024,10.308988764044946,14.63483146067416,3.8202247191011245,0.08426966292134833,0.4072,0.011536,0.0,0.0,0.0,0.0,0.0,0.0,0.0,0.0,0.0,0.0,0.0,7.816807469986649,21.742996887505562,0.4401956425077813,0.0,0.0,0.0,0.0,0.0,0.0,0.0,0.0,0.0,0.0,0.0,0.0,0.0,0.0,0.0,0.0,0.407,0.01169,0.0,0.0,0.0,0.0,0.0,0.0,0.0,0.0,0.0,0.0,0.0,8.441011235955044,21.081460674157306,0.47752808988764056,0.0,0.0,0.0,0.0,0.0,0.0,0.0,0.0,0.0,0.0,0.0,0.0,0.0,0.0,0.0,0.0
84700,4367,2279,0.521868559651935,1053,879,0.4424089764140142,1227,0.5619418365010305,0.4260000000000001,3.067528735632184,3.1394381748605853,6.755775577557756,2.0163747103990564,8381.86159835127,506.2151257701777,7853.0,8866.4,8866.4,0.0,7853.0,0.0,28.228532173116555,20.91319101077324,33.09964702688026,19.144479964165285,0.13602015113350127,0.10121364781314403,0.09159606136936112,0.08610029768719946,0.07900160293107396,0.07900160293107396,0.06205633157774216,0.06434623311197618,0.0572475383558507,0.05404167620792306,0.04991985344630181,0.04717197160522098,0.03251660178612319,0.02518891687657431,0.017632241813602016,0.010075566750629723,0.0068697046027020835,0.9074143704162573,0.02229881867946041,0.0,0.0,0.0,0.0,0.0,0.0,0.0,0.0,0.0,0.0,0.0,0.0,0.0,0.0,0.0,0.0,0.0,0.0,0.0,0.0,0.0,0.0,0.0,0.0,0.01373940920540417,0.8999313029539732,10.366384245477446,14.927868101671631,3.6752919624456157,0.11678497824593545,4.273594909862142,2.907811637439538,nan,nan,nan,4.240488155061019,2.8964463793034163,4.30801393728223,2.9181467365628433,1.0159240586819278,0.407,0.01161,0.0,0.0,0.0,0.0,0.0,0.0,0.0,0.0,0.0,0.0,0.006869704602702085,8.133730249599255,21.55713304327914,0.3022670025188917,0.0,0.0,0.0,0.0,0.0,0.0,0.0,0.0,0.0,0.0,0.0,0.0,0.0,0.0,0.0,0.0,nan,nan,4.273594909862142,2.907811637439538,nan,0.407,0.06854,0.0,0.0,0.0,0.0,0.0,0.0,0.0,0.0,0.0,0.0,0.0,0.0,0.0,0.0,0.0,0.0,0.0,0.0,0.0013624914128692466,1.1449507671170139e-05,0.0011106022441035035,0.0008358140599954202,0.00833524158461186,0.00046942981451797574,0.0004007327684909549,0.0014311884588962675,0.0008014655369819098,0.0011220517517746738,0.002702083810396153,0.005633157774215709,0.014323334096633845,0.028074192809709183,0.0639912983741699,0.052267002518891686,0.04919853446301809,0.02934508816120907,0.03677581863979849,0.03138310052667735,0.0534119532860087,0.06756354476757499,0.043405083581406,0.03825280512937944,0.05796885733913442,0.07459354247767346,0.042729562628806964,0.07341424318754293,0.020620563315777423,0.03954659949622166,0.03761163269979391,0.008930615983512708,0.013716510190061827,0.054614151591481565,0.010842683764598121,0.009697732997481109,0.00496908632928784,0.002072360888481795,0.005793450881612091,0.0028165788871078543,0.0025074421799862606,0.0004579803068468056,0.0006068239065720174,2.2899015342340278e-05,0.003995878177238379,0.0,0.00024043966109457294,0.0,0.0,0.0,0.0,2.2899015342340278e-05,0.0,0.0,0.0,0.0,0.0,0.0,0.0,0.0,0.0,0.0,0.0,0.0,0.0,0.0,0.0,0.0,0.0,0.0,0.0,0.0,0.0,0.0,0.0,0.0,0.0,0.0,0.0,0.0,0.0,0.0,0.0,nan,nan,4.273594909862142,2.907811637439538,nan,0.9078476231785498,0.022591061305158748,0.0,0.0,0.0,0.0,0.0,0.0,0.0,0.0,0.0,0.0,0.0,0.0,0.0,0.0,0.0,0.0,0.0,0.0,0.0,0.0,0.0,0.0,0.0,0.0,0.026327336551118918,0.8688021061869243,10.096533567354104,15.046072838964461,3.817463799912243,0.14480035103115405,0.9069414858160347,0.0219656559663676,0.0,0.0,0.0,0.0,0.0,0.0,0.0,0.0,0.0,0.0,0.0,0.0,0.0,0.0,0.0,0.0,0.0,0.0,0.0,0.0,0.0,0.0,0.0,0.0,0.0,0.9339080459770117,10.660919540229887,14.798850574712647,3.5201149425287364,0.08620689655172416,0.407,0.011604,0.0,0.0,0.0,0.0,0.0,0.0,0.0,0.0,0.0,0.0,0.0,8.121983326020173,21.509433962264154,0.36858271171566487,0.0,0.0,0.0,0.0,0.0,0.0,0.0,0.0,0.0,0.0,0.0,0.0,0.0,0.0,0.0,0.0,0.4067,0.01163,0.0,0.0,0.0,0.0,0.0,0.0,0.0,0.0,0.0,0.0,0.014367816091954026,8.146551724137918,21.609195402298855,0.22988505747126442,0.0,0.0,0.0,0.0,0.0,0.0,0.0,0.0,0.0,0.0,0.0,0.0,0.0,0.0,0.0,0.0
84800,4238,2194,0.5176970268994809,1086,826,0.45115620575743276,1158,0.5464841906559698,0.4180000000000001,2.9628180039138945,3.156794164560908,6.626043405676127,2.236528479030604,8377.634167059932,506.3825191017816,7853.0,8866.4,8866.4,0.0,7853.0,0.0,28.579754601226995,20.924720365061358,33.392528575411205,19.129037560587683,0.1316658801321378,0.09886739027843322,0.09084473808400188,0.0856536101934875,0.07715903728173666,0.07338367154318075,0.07456347333647947,0.06394525719679094,0.056866446436998584,0.05450684285040113,0.05545068428504012,0.041293062765455406,0.03232656913638509,0.026899480887210947,0.019112789051439358,0.011326097215667769,0.006134969325153374,0.9077948221287225,0.022205316615924318,0.0,0.0,0.0,0.0,0.0,0.0,0.0,0.0,0.0,0.0,0.0,0.0,0.0,0.0,0.0,0.0,0.0,0.0,0.0,0.0,0.0,0.0,0.0,0.0,0.028315243039169425,0.8565361019348752,10.207645115620577,15.19820670127419,3.5818782444549324,0.1274185936762624,4.1461841633823004,2.9575012488872225,nan,nan,nan,4.095545977011494,2.9412704934606415,4.1965689778413156,2.972706861380398,1.0246665527372585,0.4067,0.01172,0.0,0.0,0.0,0.0,0.0,0.0,0.0,0.0,0.0,0.0,0.007078810759792356,8.30344502123642,21.33553563001416,0.3539405379896178,0.0,0.0,0.0,0.0,0.0,0.0,0.0,0.0,0.0,0.0,0.0,0.0,0.0,0.0,0.0,0.0,nan,nan,4.1461841633823004,2.9575012488872225,nan,0.4067,0.0686,0.0,0.0,0.0,0.0,0.0,0.0,0.0,0.0,0.0,0.0,0.0,0.0,0.0,0.0,0.0,0.0,0.0,0.0,0.001144407739499764,3.539405379896177e-05,0.00146295422369042,0.0008376592732420953,0.008411986786219915,0.00017697026899480888,0.0006488909863142992,0.0018994808872109486,0.0012977819726285983,0.00073147711184521,0.002571967909391222,0.006040585181689476,0.014216611609249646,0.026545540349221332,0.06578574799433695,0.04891458235016517,0.05012977819726286,0.029152902312411515,0.03873289287399717,0.03037989617744219,0.05276073619631902,0.0677796130250118,0.04600047192071732,0.037505899008966496,0.06044124587069372,0.07634497404436055,0.040455403492213306,0.06962010382255782,0.01992685228881548,0.04026663520528551,0.03784804152902312,0.008931099575271354,0.012647475224162342,0.05600519112789051,0.010500235960358659,0.010818782444549317,0.005061349693251534,0.0019348749410099102,0.005922605002359604,0.0029023124115148654,0.002005663048607834,0.0004365266635205286,0.00046012269938650307,0.0,0.0037635677206229352,0.0,0.0005427088249174139,0.0,0.0,0.0,0.0,0.0,0.0,0.0,0.0,0.0,0.0,0.0,0.0,0.0,0.0,0.0,0.0,0.0,0.0,0.0,0.0,0.0,0.0,0.0,0.0,0.0,0.0,0.0,0.0,0.0,0.0,0.0,0.0,0.0,0.0,0.0,0.0,nan,nan,4.1461841633823004,2.9575012488872225,nan,0.9077490964257511,0.021952231134303637,0.0,0.0,0.0,0.0,0.0,0.0,0.0,0.0,0.0,0.0,0.0,0.0,0.0,0.0,0.0,0.0,0.0,0.0,0.0,0.0,0.0,0.0,0.0,0.0,0.0,0.806745670009116,10.145852324521424,15.51959890610757,3.404740200546947,0.12306289881494989,0.9078439034361195,0.022473700111802525,0.0,0.0,0.0,0.0,0.0,0.0,0.0,0.0,0.0,0.0,0.0,0.0,0.0,0.0,0.0,0.0,0.0,0.0,0.0,0.0,0.0,0.0,0.0,0.0,0.058708414872798445,0.909980430528376,10.273972602739727,14.853228962818008,3.7720156555773,0.1320939334637965,0.407,0.01168,0.0,0.0,0.0,0.0,0.0,0.0,0.0,0.0,0.0,0.0,0.01367365542388332,8.053783044667263,21.53600729261623,0.39653600729261634,0.0,0.0,0.0,0.0,0.0,0.0,0.0,0.0,0.0,0.0,0.0,0.0,0.0,0.0,0.0,0.0,0.4067,0.01176,0.0,0.0,0.0,0.0,0.0,0.0,0.0,0.0,0.0,0.0,0.0,8.571428571428559,21.12035225048924,0.30821917808219185,0.0,0.0,0.0,0.0,0.0,0.0,0.0,0.0,0.0,0.0,0.0,0.0,0.0,0.0,0.0,0.0
84900,4620,2354,0.5095238095238095,1109,959,0.44761904761904764,1311,0.5675324675324676,0.4100000000000001,2.9245366284201237,3.0867206799138014,6.498412698412698,2.2180709524979,8369.351428571428,506.6080732938733,7853.0,8866.4,8866.4,0.0,7853.0,0.0,28.2995670995671,21.134855595076072,33.298042246264814,19.354246393421185,0.13896103896103895,0.09761904761904762,0.09285714285714286,0.08787878787878788,0.07987012987012987,0.07077922077922078,0.070995670995671,0.0645021645021645,0.05108225108225108,0.05822510822510823,0.047186147186147186,0.04285714285714286,0.02813852813852814,0.02922077922077922,0.019696969696969695,0.012337662337662338,0.007792207792207792,0.9075047423184176,0.022432666892102913,0.0,0.0,0.0,0.0,0.0,0.0,0.0,0.0,0.0,0.0,0.0,0.0,0.0,0.0,0.0,0.0,0.0,0.0,0.0,0.0,0.0,0.0,0.0,0.0,0.019480519480519484,1.0844155844155847,9.90909090909091,15.305194805194809,3.551948051948053,0.12987012987012989,4.220265780730897,2.903713042127568,nan,nan,nan,4.277445109780439,2.874082385799043,4.163238221632382,2.9318563998297367,0.9733002095370152,0.407,0.0118,0.0,0.0,0.0,0.0,0.0,0.0,0.0,0.0,0.0,0.0,0.02597402597402598,8.058441558441547,21.571428571428577,0.34415584415584427,0.0,0.0,0.0,0.0,0.0,0.0,0.0,0.0,0.0,0.0,0.0,0.0,0.0,0.0,0.0,0.0,nan,nan,4.220265780730897,2.903713042127568,nan,0.407,0.0679,0.0,0.0,0.0,0.0,0.0,0.0,0.0,0.0,0.0,0.0,0.0,0.0,0.0,0.0,0.0,0.0,0.0,0.0,0.0009090909090909091,2.1645021645021645e-05,0.0012770562770562772,0.00025974025974025974,0.007196969696969697,0.00017316017316017316,0.0005844155844155844,0.0020238095238095236,0.0012337662337662339,0.0006060606060606061,0.002564935064935065,0.005584415584415584,0.014134199134199135,0.026158008658008658,0.0662987012987013,0.04834415584415584,0.05180735930735931,0.028214285714285713,0.03997835497835498,0.03128787878787879,0.051493506493506494,0.07183982683982684,0.045692640692640694,0.03659090909090909,0.05953463203463204,0.07797619047619048,0.04070346320346321,0.06864718614718615,0.019502164502164503,0.042294372294372294,0.03558441558441559,0.008928571428571428,0.011655844155844156,0.0575,0.009512987012987013,0.01130952380952381,0.004794372294372295,0.0021536796536796537,0.005227272727272727,0.0030627705627705626,0.0021103896103896102,0.0004978354978354978,0.0005194805194805195,1.0822510822510823e-05,0.003712121212121212,0.0,0.000487012987012987,0.0,0.0,0.0,0.0,0.0,0.0,0.0,0.0,0.0,0.0,0.0,0.0,0.0,0.0,0.0,0.0,0.0,0.0,0.0,0.0,0.0,0.0,0.0,0.0,0.0,0.0,0.0,0.0,0.0,0.0,0.0,0.0,0.0,0.0,0.0,0.0,nan,nan,4.220265780730897,2.903713042127568,nan,0.9070960726389565,0.022782364190183892,0.0,0.0,0.0,0.0,0.0,0.0,0.0,0.0,0.0,0.0,0.0,0.0,0.0,0.0,0.0,0.0,0.0,0.0,0.0,0.0,0.0,0.0,0.0,0.0,0.012744265080713682,1.236193712829227,10.029736618521667,14.949022939677148,3.6448598130841128,0.12744265080713682,0.9079292826650422,0.022055502639932147,0.0,0.0,0.0,0.0,0.0,0.0,0.0,0.0,0.0,0.0,0.0,0.0,0.0,0.0,0.0,0.0,0.0,0.0,0.0,0.0,0.0,0.0,0.0,0.0,0.026478375992939104,0.9267431597528687,9.783759929391,15.675198587819951,3.4554280670785533,0.13239187996469554,0.4072,0.01163,0.0,0.0,0.0,0.0,0.0,0.0,0.0,0.0,0.0,0.0,0.025488530161427363,7.7357689039931925,21.894647408666106,0.3440951571792694,0.0,0.0,0.0,0.0,0.0,0.0,0.0,0.0,0.0,0.0,0.0,0.0,0.0,0.0,0.0,0.0,0.407,0.01199,0.0,0.0,0.0,0.0,0.0,0.0,0.0,0.0,0.0,0.0,0.026478375992939104,8.393645189761681,21.235657546337162,0.34421888790820837,0.0,0.0,0.0,0.0,0.0,0.0,0.0,0.0,0.0,0.0,0.0,0.0,0.0,0.0,0.0,0.0
85000,4983,2595,0.5207706201083685,1198,1003,0.441701786072647,1426,0.5723459763194862,0.3940000000000001,2.9489112227805694,3.052703388317186,6.396825396825397,2.1900578892482088,8380.74894641782,506.26261155125763,7853.0,8866.4,8866.399999999998,1.8189894035458565e-12,7853.0,0.0,28.11438892233594,20.910053630454193,33.09034416826004,19.12325330321064,0.14007625928155729,0.09632751354605659,0.09110977322897852,0.0897049969897652,0.08167770419426049,0.07425245835841862,0.06562311860325105,0.06702789484246438,0.052980132450331126,0.05639173188842063,0.045354204294601644,0.042745334136062615,0.036925546859321694,0.027092113184828417,0.017459361830222758,0.008830022075055188,0.006421834236403773,0.9084823761339434,0.02288769827071645,0.0,0.0,0.0,0.0,0.0,0.0,0.0,0.0,0.0,0.0,0.0,0.0,0.0,0.0,0.0,0.0,0.0,0.0,0.0,0.0,0.0,0.0,0.0,0.0,0.024081878386514155,0.9151113786875378,9.614689945815774,15.4425045153522,3.87116195063215,0.13245033112582782,4.2168525402726145,2.8560140692289266,nan,nan,nan,4.237623762376238,2.852690287824325,4.196772191185599,2.8599226912187827,0.9903597927797791,0.4077,0.01146,0.0,0.0,0.0,0.0,0.0,0.0,0.0,0.0,0.0,0.0,0.006020469596628539,7.350993377483434,22.28777844671885,0.3552077062010838,0.0,0.0,0.0,0.0,0.0,0.0,0.0,0.0,0.0,0.0,0.0,0.0,0.0,0.0,0.0,0.0,nan,nan,4.2168525402726145,2.8560140692289266,nan,0.4077,0.0674,0.0,0.0,0.0,0.0,0.0,0.0,0.0,0.0,0.0,0.0,0.0,0.0,0.0,0.0,0.0,0.0,0.0,0.0,0.0012241621513144692,0.0,0.0009733092514549468,0.00028095524784266506,0.0065723459763194865,5.0170579971904475e-05,0.0006221151916516155,0.0013746738912301826,0.0009331727874774232,0.0004013646397752358,0.002498494882600843,0.005970299016656633,0.012923941400762593,0.02667068031306442,0.06437888821994782,0.04901665663255067,0.05092313867148304,0.025356211117800523,0.039915713425647203,0.03200883002207505,0.0508930363234999,0.07589805338149709,0.04629741119807345,0.037507525586995785,0.060465582982139277,0.07766405779650813,0.04040738510937186,0.0695865944210315,0.020028095524784267,0.043638370459562516,0.03336343568131648,0.009281557294802328,0.012422235601043548,0.056461970700381295,0.008920329119004616,0.012422235601043548,0.004786273329319687,0.00223760786674694,0.004986955649207305,0.0030403371462974114,0.002207505518763797,0.0006421834236403773,0.00034115994380895043,0.0,0.0036825205699377887,0.0,0.0007224563515954244,0.0,0.0,0.0,0.0,0.0,0.0,0.0,0.0,0.0,0.0,0.0,0.0,0.0,0.0,0.0,0.0,0.0,0.0,0.0,0.0,0.0,0.0,0.0,0.0,0.0,0.0,0.0,0.0,0.0,0.0,0.0,0.0,0.0,0.0,0.0,0.0,nan,nan,4.2168525402726145,2.8560140692289266,nan,0.9089656257905023,0.023180494416399754,0.0,0.0,0.0,0.0,0.0,0.0,0.0,0.0,0.0,0.0,0.0,0.0,0.0,0.0,0.0,0.0,0.0,0.0,0.0,0.0,0.0,0.0,0.0,0.0,0.0115606936416185,0.9826589595375724,9.063583815028903,15.618497109826592,4.242774566473989,0.0809248554913295,0.9079572367458487,0.022553477804090682,0.0,0.0,0.0,0.0,0.0,0.0,0.0,0.0,0.0,0.0,0.0,0.0,0.0,0.0,0.0,0.0,0.0,0.0,0.0,0.0,0.0,0.0,0.0,0.0,0.03768844221105528,0.841708542713568,10.213567839195981,15.251256281407038,3.467336683417086,0.18844221105527642,0.4077,0.01154,0.0,0.0,0.0,0.0,0.0,0.0,0.0,0.0,0.0,0.0,0.0115606936416185,7.491329479768775,22.19653179190752,0.300578034682081,0.0,0.0,0.0,0.0,0.0,0.0,0.0,0.0,0.0,0.0,0.0,0.0,0.0,0.0,0.0,0.0,0.408,0.011375,0.0,0.0,0.0,0.0,0.0,0.0,0.0,0.0,0.0,0.0,0.0,7.198492462311547,22.38693467336684,0.4145728643216081,0.0,0.0,0.0,0.0,0.0,0.0,0.0,0.0,0.0,0.0,0.0,0.0,0.0,0.0,0.0,0.0
85100,4992,2533,0.5074118589743589,1191,1044,0.44771634615384615,1448,0.5801282051282052,0.4140000000000001,2.9629930866205774,3.0897930043339366,6.551282051282051,2.105363468952924,8367.211177884616,506.6443251500855,7853.0,8866.4,8866.399999999998,1.8189894035458565e-12,7853.0,0.0,27.46474358974359,20.730517744617348,32.64786695589299,18.90442614680169,0.14923878205128205,0.09435096153846154,0.08874198717948718,0.08794070512820513,0.08814102564102565,0.08153044871794872,0.0673076923076923,0.06109775641025641,0.056490384615384616,0.052884615384615384,0.04146634615384615,0.04026442307692308,0.03445512820512821,0.023637820512820512,0.012620192307692308,0.011017628205128206,0.008814102564102564,0.9073301979865974,0.022457219676557182,0.0,0.0,0.0,0.0,0.0,0.0,0.0,0.0,0.0,0.0,0.0,0.0,0.0,0.0,0.0,0.0,0.0,0.0,0.0,0.0,0.0,0.0,0.0,0.0,0.030048076923076927,1.0216346153846156,10.12019230769231,15.138221153846157,3.551682692307693,0.13822115384615388,4.310646269122698,2.8543533070020506,nan,nan,nan,4.314339386349405,2.8447847049584984,4.306973848069738,2.8638318621313847,0.9982927772666722,0.408,0.01177,0.0,0.0,0.0,0.0,0.0,0.0,0.0,0.0,0.0,0.0,0.018028846153846156,7.331730769230759,22.24759615384616,0.40264423076923084,0.0,0.0,0.0,0.0,0.0,0.0,0.0,0.0,0.0,0.0,0.0,0.0,0.0,0.0,0.0,0.0,nan,nan,4.310646269122698,2.8543533070020506,nan,0.408,0.0674,0.0,0.0,0.0,0.0,0.0,0.0,0.0,0.0,0.0,0.0,0.0,0.0,0.0,0.0,0.0,0.0,0.0,0.0,0.001452323717948718,0.0,0.0009515224358974359,0.0006310096153846154,0.006650641025641025,5.0080128205128203e-05,0.0009114583333333333,0.0019030448717948718,0.0007111378205128205,0.00035056089743589744,0.0019030448717948718,0.004787660256410257,0.014413060897435898,0.024939903846153848,0.06447315705128205,0.04764623397435897,0.050200320512820515,0.023157051282051283,0.04048477564102564,0.03226161858974359,0.05098157051282051,0.0798477564102564,0.04456129807692308,0.037920673076923074,0.0614082532051282,0.07624198717948719,0.04145633012820513,0.07118389423076923,0.020422676282051282,0.044000400641025644,0.03291266025641026,0.008082932692307693,0.014202724358974359,0.05615985576923077,0.008563701923076924,0.011438301282051281,0.004397035256410256,0.0021033653846153845,0.005178285256410256,0.003265224358974359,0.0024939903846153844,0.000641025641025641,0.00042067307692307695,1.0016025641025641e-05,0.0035757211538461537,0.0,0.0006310096153846154,0.0,2.0032051282051282e-05,0.0,0.0,0.0,0.0,0.0,0.0,0.0,0.0,0.0,0.0,0.0,0.0,0.0,0.0,0.0,0.0,0.0,0.0,0.0,0.0,0.0,0.0,0.0,0.0,0.0,0.0,0.0,0.0,0.0,0.0,0.0,0.0,0.0,0.0,nan,nan,4.310646269122698,2.8543533070020506,nan,0.9071576647781074,0.02258662647525312,0.0,0.0,0.0,0.0,0.0,0.0,0.0,0.0,0.0,0.0,0.0,0.0,0.0,0.0,0.0,0.0,0.0,0.0,0.0,0.0,0.0,0.0,0.0,0.0,0.023687327279905256,1.077773391235689,10.102645084879592,15.076983813659695,3.6004737465455987,0.11843663639952627,0.9075079233290558,0.02232173987939272,0.0,0.0,0.0,0.0,0.0,0.0,0.0,0.0,0.0,0.0,0.0,0.0,0.0,0.0,0.0,0.0,0.0,0.0,0.0,0.0,0.0,0.0,0.0,0.0,0.03660024400162668,0.9638064253761693,10.138267588450592,15.20130134200895,3.501423342822286,0.15860105734038232,0.4077,0.01195,0.0,0.0,0.0,0.0,0.0,0.0,0.0,0.0,0.0,0.0,0.023687327279905256,7.556257402289764,22.052901697591793,0.36715357283853145,0.0,0.0,0.0,0.0,0.0,0.0,0.0,0.0,0.0,0.0,0.0,0.0,0.0,0.0,0.0,0.0,0.4082,0.01158,0.0,0.0,0.0,0.0,0.0,0.0,0.0,0.0,0.0,0.0,0.012200081333875562,7.100447336315565,22.448149654331036,0.4392029280195202,0.0,0.0,0.0,0.0,0.0,0.0,0.0,0.0,0.0,0.0,0.0,0.0,0.0,0.0,0.0,0.0
85200,4438,2236,0.5038305543037405,1032,913,0.43826047769265436,1264,0.5696259576385759,0.3980000000000001,2.773841961852861,2.8995734987356,6.02741935483871,2.111616820906451,8363.581883731411,506.6851300153732,7853.0,8866.4,8866.4,0.0,7853.0,0.0,28.275574583145563,21.121667187037698,33.09146666666667,19.436883336813256,0.135196034249662,0.10770617395223074,0.08494817485353763,0.08832807570977919,0.08021631365479946,0.07706173952230734,0.06872465074357818,0.06016223524109959,0.05768364127985579,0.05114916629112213,0.047994592158630014,0.043262730959891846,0.031771068048670574,0.023208652546191977,0.021631365479945923,0.013294276701216764,0.0076611086074808476,0.9065124703560288,0.02248691279960456,0.0,0.0,0.0,0.0,0.0,0.0,0.0,0.0,0.0,0.0,0.0,0.0,0.0,0.0,0.0,0.0,0.0,0.0,0.0,0.0,0.0,0.0,0.0,0.0,0.013519603424966204,1.06804867057233,10.50473186119874,15.020279405137453,3.2311852185669228,0.16223524109959445,4.118425635667015,2.7054220931585142,nan,nan,nan,4.119392684610076,2.721783539392654,4.117440225035161,2.6886472113869764,0.9995260321789159,0.408,0.01182,0.0,0.0,0.0,0.0,0.0,0.0,0.0,0.0,0.0,0.0,0.02703920684993241,7.26002703920684,22.327625056331687,0.38530869761153685,0.0,0.0,0.0,0.0,0.0,0.0,0.0,0.0,0.0,0.0,0.0,0.0,0.0,0.0,0.0,0.0,nan,nan,4.118425635667015,2.7054220931585142,nan,0.408,0.0679,0.0,0.0,0.0,0.0,0.0,0.0,0.0,0.0,0.0,0.0,0.0,0.0,0.0,0.0,0.0,0.0,0.0,0.0,0.0016223524109959442,4.506534474988734e-05,0.0016223524109959442,0.000608382154123479,0.005610635421360973,0.00010139702568724651,0.0011041009463722397,0.0017124831004957188,0.0009914375844975213,0.0003041910770617395,0.002106804867057233,0.00503605227579991,0.014826498422712935,0.024842271293375396,0.06553627760252366,0.04656376746282109,0.050473186119873815,0.023614240648940965,0.04022082018927445,0.03116268589454709,0.05300811176205498,0.0783235691753042,0.04532447048219919,0.03866606579540333,0.05819062640829202,0.07591257323118522,0.03899278954484002,0.07086525461919783,0.02155250112663362,0.045606128886885984,0.03201892744479495,0.008325822442541686,0.01369986480396575,0.059182063992789545,0.0077963046417305094,0.011593059936908517,0.0037066246056782336,0.0024785939612438036,0.0057232987832356915,0.0022645335736818386,0.002636322667868409,0.0007210455159981974,0.0007323118521856692,0.0,0.003977016674177557,0.0,0.0004957187922487607,0.0,0.00010139702568724651,0.0,0.0,0.0,0.0,0.0,0.0,0.0,0.0,0.0,0.0,0.0,0.0,0.0,0.0,0.0,0.0,0.0,0.0,0.0,0.0,0.0,0.0,0.0,0.0,0.0,0.0,0.0,0.0,0.0,0.0,0.0,0.0,0.0,0.0,nan,nan,4.118425635667015,2.7054220931585142,nan,0.9068099061470338,0.022214142787225076,0.0,0.0,0.0,0.0,0.0,0.0,0.0,0.0,0.0,0.0,0.0,0.0,0.0,0.0,0.0,0.0,0.0,0.0,0.0,0.0,0.0,0.0,0.0,0.0,0.02683363148479428,0.9391771019677998,10.317531305903401,15.429338103756711,3.0992844364937397,0.18783542039356,0.9062104420051262,0.022756571959720837,0.0,0.0,0.0,0.0,0.0,0.0,0.0,0.0,0.0,0.0,0.0,0.0,0.0,0.0,0.0,0.0,0.0,0.0,0.0,0.0,0.0,0.0,0.0,0.0,0.0,1.1989100817438694,10.69482288828338,14.604904632152591,3.3651226158038154,0.1362397820163488,0.408,0.01178,0.0,0.0,0.0,0.0,0.0,0.0,0.0,0.0,0.0,0.0,0.02683363148479428,7.63416815742396,22.070661896243298,0.2683363148479428,0.0,0.0,0.0,0.0,0.0,0.0,0.0,0.0,0.0,0.0,0.0,0.0,0.0,0.0,0.0,0.0,0.4082,0.01186,0.0,0.0,0.0,0.0,0.0,0.0,0.0,0.0,0.0,0.0,0.02724795640326976,6.880108991825603,22.588555858310635,0.5040871934604906,0.0,0.0,0.0,0.0,0.0,0.0,0.0,0.0,0.0,0.0,0.0,0.0,0.0,0.0,0.0,0.0
85300,4751,2432,0.5118922332140602,1158,959,0.4455904020206272,1347,0.5670385182066934,0.38600000000000007,2.878827080638206,2.9925126062994774,6.351270553064275,2.0135755331122853,8371.751589139129,506.5566594165172,7853.0,8866.4,8866.4,0.0,7853.0,0.0,28.204588507682594,20.945595803800888,33.149974962443665,19.176702274232287,0.13491896442854137,0.10334666386023995,0.08861292359503263,0.08650810355714586,0.07977267943590823,0.07977267943590823,0.07114291728057251,0.060618817091138706,0.05409387497368975,0.05304146495474637,0.050515680909282254,0.04125447274258051,0.031361818564512735,0.029677962534203326,0.016628078299305408,0.011366028204588508,0.007366870132603663,0.9064163006599063,0.0225259247999994,0.0,0.0,0.0,0.0,0.0,0.0,0.0,0.0,0.0,0.0,0.0,0.0,0.0,0.0,0.0,0.0,0.0,0.0,0.0,0.0,0.0,0.0,0.0,0.0,0.01894338034098085,1.1997474215954538,10.45674594822143,14.769522205851402,3.435066301831194,0.11997474215954539,4.190168175937904,2.799127862265432,nan,nan,nan,4.2407766990291265,2.8261871885227867,4.1384217335058215,2.7714093991301905,0.9758640992470229,0.408,0.012085,0.0,0.0,0.0,0.0,0.0,0.0,0.0,0.0,0.0,0.0,0.0,7.697326878551873,21.85434645337824,0.44832666806988014,0.0,0.0,0.0,0.0,0.0,0.0,0.0,0.0,0.0,0.0,0.0,0.0,0.0,0.0,0.0,0.0,nan,nan,4.190168175937904,2.799127862265432,nan,0.408,0.0682,0.0,0.0,0.0,0.0,0.0,0.0,0.0,0.0,0.0,0.0,0.0,0.0,0.0,0.0,0.0,0.0,0.0,0.0,0.0016312355293622396,8.419280151547043e-05,0.0019469585350452537,0.0007472111134498,0.005861923805514629,0.00011576510208377184,0.0009471690170490423,0.0014838981267101662,0.0009261208166701747,0.0003999158071984845,0.00268364554830562,0.005704062302673121,0.014144390654599031,0.027246895390444118,0.0625762997263734,0.04758998105661966,0.049926331298673965,0.024121237634182276,0.039286466007156386,0.03002525784045464,0.05343085666175542,0.07697326878551884,0.048968638181435487,0.03903388760260998,0.05730372553146706,0.07363712902546832,0.03814986318669754,0.07110082087981477,0.022668911808040412,0.046727004841086085,0.03282466849084403,0.008187749947379499,0.012039570616712271,0.059261208166701745,0.008166701747000632,0.009692696274468534,0.0032414228583456115,0.0028836034519048623,0.006409177015365186,0.0025257840454641126,0.003251946958535045,0.0010418859187539466,0.0008103557145864029,7.366870132603662e-05,0.0034413807619448535,1.0524100189433804e-05,0.0006209219111765944,0.0,7.366870132603662e-05,0.0,0.0,0.0,0.0,0.0,0.0,0.0,0.0,0.0,0.0,0.0,0.0,0.0,0.0,0.0,0.0,0.0,0.0,0.0,0.0,0.0,0.0,0.0,0.0,0.0,0.0,0.0,0.0,0.0,0.0,0.0,0.0,0.0,0.0,nan,nan,4.190168175937904,2.799127862265432,nan,0.9062777804455867,0.022381800107082357,0.0,0.0,0.0,0.0,0.0,0.0,0.0,0.0,0.0,0.0,0.0,0.0,0.0,0.0,0.0,0.0,0.0,0.0,0.0,0.0,0.0,0.0,0.0,0.0,0.037006578947368425,1.0731907894736843,10.84292763157895,14.518914473684214,3.3799342105263164,0.1480263157894737,0.9065615706733714,0.022675179296347176,0.0,0.0,0.0,0.0,0.0,0.0,0.0,0.0,0.0,0.0,0.0,0.0,0.0,0.0,0.0,0.0,0.0,0.0,0.0,0.0,0.0,0.0,0.0,0.0,0.0,1.3324708926261324,10.051746442432083,15.032341526520055,3.4928848641655894,0.09055627425614492,0.4077,0.012054,0.0,0.0,0.0,0.0,0.0,0.0,0.0,0.0,0.0,0.0,0.0,7.672697368421042,21.9202302631579,0.4070723684210527,0.0,0.0,0.0,0.0,0.0,0.0,0.0,0.0,0.0,0.0,0.0,0.0,0.0,0.0,0.0,0.0,0.408,0.012115,0.0,0.0,0.0,0.0,0.0,0.0,0.0,0.0,0.0,0.0,0.0,7.723156532988346,21.785252263906862,0.49159120310478666,0.0,0.0,0.0,0.0,0.0,0.0,0.0,0.0,0.0,0.0,0.0,0.0,0.0,0.0,0.0,0.0
85400,4717,2460,0.5215179139283442,1126,957,0.4415942336230655,1328,0.5630697477210092,0.4140000000000001,2.9596809924678777,3.070817591136013,6.418070444104135,2.1868557528695063,8381.506253974983,506.2305574415459,7853.0,8866.4,8866.399999999998,1.8189894035458565e-12,7853.0,0.0,28.61373754504982,21.111162971146168,33.3250998003992,19.398035497896807,0.13059147763408946,0.09624761500953996,0.09688361246555013,0.08882764468942124,0.08140767436930252,0.0712317150731397,0.06783972864108544,0.06105575577697689,0.0580877676489294,0.04918380326478694,0.05003179987280051,0.04642781428874285,0.03773584905660377,0.02692389230443078,0.018655925376298496,0.012083951664193343,0.0067839728641085435,0.9072368163058685,0.02276322926171504,0.0,0.0,0.0,0.0,0.0,0.0,0.0,0.0,0.0,0.0,0.0,0.0,0.0,0.0,0.0,0.0,0.0,0.0,0.0,0.0,0.0,0.0,0.0,0.0,0.025439898240407044,1.0748357006571976,10.175959296162818,15.003179987280054,3.6124655501378,0.10811956752172994,4.176049463065408,2.8944866765776713,nan,nan,nan,4.108936725375082,2.8672302841232202,4.2404158544509425,2.919211769969639,1.0319983338424028,0.4072,0.0117,0.0,0.0,0.0,0.0,0.0,0.0,0.0,0.0,0.0,0.0,0.012719949120203522,8.159847360610545,21.534873860504565,0.292558829764681,0.0,0.0,0.0,0.0,0.0,0.0,0.0,0.0,0.0,0.0,0.0,0.0,0.0,0.0,0.0,0.0,nan,nan,4.176049463065408,2.8944866765776713,nan,0.4072,0.0685,0.0,0.0,0.0,0.0,0.0,0.0,0.0,0.0,0.0,0.0,0.0,0.0,0.0,0.0,0.0,7.419970320118719e-05,0.0,3.17998728005088e-05,0.0016217935128259487,0.00014839940640237439,0.0021305914776340897,0.0006571973712105151,0.007154971380114479,7.419970320118719e-05,0.0015581937672249312,0.0012825948696205216,0.0007737969048123807,0.0006995972016111936,0.0031905872376510494,0.005522577909688361,0.014172143311426754,0.02718889124443502,0.06179775280898876,0.047986008055967776,0.05188679245283019,0.023097307610769557,0.03830824676701293,0.03064447742209031,0.05410218359126563,0.0765316938732245,0.04781640873436506,0.037364850540597835,0.05792876828492686,0.07310790756836973,0.04057663769344923,0.07028831884672461,0.022090311638753444,0.04715921136315455,0.03375026499894,0.00792876828492686,0.012179351282594869,0.05730337078651685,0.007769768920924317,0.01004875980496078,0.0038795844816620732,0.0025439898240407037,0.006540173839304643,0.0022471910112359553,0.0033919864320542717,0.0009539961840152639,0.0007631969472122112,4.2399830400678394e-05,0.00291498834004664,1.0599957600169599e-05,0.0007101971592113631,0.0,5.2999788000847996e-05,0.0,0.0,0.0,0.0,0.0,0.0,0.0,0.0,0.0,0.0,0.0,0.0,0.0,0.0,0.0,0.0,0.0,0.0,0.0,0.0,0.0,0.0,0.0,0.0,0.0,0.0,0.0,0.0,0.0,0.0,0.0,0.0,0.0,0.0,nan,nan,4.176049463065408,2.8944866765776713,nan,0.9068844355218779,0.022367816209925107,0.0,0.0,0.0,0.0,0.0,0.0,0.0,0.0,0.0,0.0,0.0,0.0,0.0,0.0,0.0,0.0,0.0,0.0,0.0,0.0,0.0,0.0,0.0,0.0,0.03658536585365854,1.0000000000000002,10.207317073170735,15.365853658536588,3.2804878048780495,0.10975609756097564,0.9076208910637849,0.023180427420254383,0.0,0.0,0.0,0.0,0.0,0.0,0.0,0.0,0.0,0.0,0.0,0.0,0.0,0.0,0.0,0.0,0.0,0.0,0.0,0.0,0.0,0.0,0.0,0.0,0.013291980505095263,1.1564023039432878,10.141781125387684,14.607886575099693,3.974302171023483,0.1063358440407621,0.4072,0.011734,0.0,0.0,0.0,0.0,0.0,0.0,0.0,0.0,0.0,0.0,0.0,8.109756097560965,21.57317073170732,0.31707317073170743,0.0,0.0,0.0,0.0,0.0,0.0,0.0,0.0,0.0,0.0,0.0,0.0,0.0,0.0,0.0,0.0,0.4072,0.011665,0.0,0.0,0.0,0.0,0.0,0.0,0.0,0.0,0.0,0.0,0.026583961010190525,8.214443952148859,21.49313247673904,0.2658396101019052,0.0,0.0,0.0,0.0,0.0,0.0,0.0,0.0,0.0,0.0,0.0,0.0,0.0,0.0,0.0,0.0
85500,4782,2504,0.5236302802174823,1207,947,0.4504391468005019,1326,0.5545796737766625,0.4100000000000001,3.049604916593503,3.136448801086526,6.724242424242425,2.060381003752565,8383.646925972394,506.1338110978878,7853.0,8866.4,8866.4,0.0,7853.0,0.0,28.36051861145964,21.036645576538355,33.24386617100372,19.267927879772312,0.13801756587202008,0.09912170639899624,0.09075700543705563,0.0807193642827269,0.08176495190296947,0.07465495608531995,0.07528230865746549,0.062107904642409034,0.05855290673358427,0.05186114596403179,0.048724383103304056,0.03847762442492681,0.032831451275616895,0.02781263069845253,0.020284399832705982,0.011292346298619825,0.007737348389795065,0.907482791575165,0.02289584238143566,0.0,0.0,0.0,0.0,0.0,0.0,0.0,0.0,0.0,0.0,0.0,0.0,0.0,0.0,0.0,0.0,0.0,0.0,0.0,0.0,0.0,0.0,0.0,0.0,0.018820577164366376,1.29861982434128,9.611041405269763,15.301129234629865,3.607277289836889,0.16311166875784194,4.241268824094841,2.8732335211144395,nan,nan,nan,4.226476314081765,2.8879080364488803,4.255696202531645,2.8587749361492594,1.0069135341779925,0.407,0.01179,0.0,0.0,0.0,0.0,0.0,0.0,0.0,0.0,0.0,0.0,0.025094102885821836,8.293601003764103,21.323713927227107,0.3575909661229612,0.0,0.0,0.0,0.0,0.0,0.0,0.0,0.0,0.0,0.0,0.0,0.0,0.0,0.0,0.0,0.0,nan,nan,4.241268824094841,2.8732335211144395,nan,0.407,0.0685,0.0,0.0,0.0,0.0,0.0,0.0,0.0,0.0,0.0,0.0,0.0,0.0,0.0,1.0455876202425764e-05,0.0,0.0002509410288582183,0.0,0.0,0.00123379339188624,3.136762860727729e-05,0.002132998745294856,0.0004182350480970305,0.008186951066499373,0.0,0.0014951902969468842,0.0013383521539104977,0.0008155583437892095,0.0007319113341698034,0.002519866164784609,0.0053952321204516936,0.014774153074027603,0.02692388122124634,0.06216018402342116,0.048358427436219154,0.05295901296528649,0.021507737348389795,0.03994144709326641,0.03124215809284818,0.05374320368046842,0.07703889585947303,0.0469155165202844,0.03822668339606859,0.05639899623588457,0.07393350062735257,0.041154328732747804,0.067534504391468,0.02099539941447093,0.048212045169385195,0.03418025930572982,0.007737348389795065,0.014774153074027603,0.05574027603513174,0.008051024675867838,0.009473023839397741,0.004370556252613969,0.0018402342116269343,0.006733584274362192,0.0020179841070681725,0.0031681304893350064,0.0006796319531576746,0.0006482643245503974,1.0455876202425764e-05,0.0032308657465495608,0.0,0.0007214554579673776,4.1823504809703055e-05,0.0,0.0,0.0,0.0,0.0,0.0,0.0,0.0,0.0,0.0,0.0,0.0,0.0,0.0,0.0,0.0,0.0,0.0,0.0,0.0,0.0,0.0,0.0,0.0,0.0,0.0,0.0,0.0,0.0,0.0,0.0,0.0,0.0,0.0,0.0,nan,nan,4.241268824094841,2.8732335211144395,nan,0.9074110413273684,0.0230419373661332,0.0,0.0,0.0,0.0,0.0,0.0,0.0,0.0,0.0,0.0,0.0,0.0,0.0,0.0,0.0,0.0,0.0,0.0,0.0,0.0,0.0,0.0,0.0,0.0,0.02396166134185304,1.4137380191693294,9.321086261980833,15.431309904153357,3.666134185303515,0.14376996805111825,0.9075616601530767,0.022733908927874427,0.0,0.0,0.0,0.0,0.0,0.0,0.0,0.0,0.0,0.0,0.0,0.0,0.0,0.0,0.0,0.0,0.0,0.0,0.0,0.0,0.0,0.0,0.0,0.0,0.013169446883230908,1.1720807726075506,9.929762949956103,15.158033362598774,3.542581211589114,0.18437225636523272,0.4067,0.01151,0.0,0.0,0.0,0.0,0.0,0.0,0.0,0.0,0.0,0.0,0.03594249201277956,8.134984025559094,21.553514376996812,0.27555910543130996,0.0,0.0,0.0,0.0,0.0,0.0,0.0,0.0,0.0,0.0,0.0,0.0,0.0,0.0,0.0,0.0,0.4072,0.01208,0.0,0.0,0.0,0.0,0.0,0.0,0.0,0.0,0.0,0.0,0.013169446883230908,8.467954345917459,21.07111501316945,0.4477611940298509,0.0,0.0,0.0,0.0,0.0,0.0,0.0,0.0,0.0,0.0,0.0,0.0,0.0,0.0,0.0,0.0
85600,4941,2527,0.5114349321999595,1156,1011,0.43857518720906696,1401,0.5670916818457802,0.3980000000000001,3.0099420049710024,3.1160754181421195,6.537482319660538,2.1636565775915773,8371.28816029144,506.56747284153545,7853.0,8866.4,8866.4,0.0,7853.0,0.0,27.7478243270593,20.853454953740734,32.78828937817566,19.077083014651585,0.1455171018012548,0.09775349119611415,0.09856304391823517,0.08378870673952642,0.08216960129528436,0.06759765229710585,0.06719287593604534,0.061930783242258654,0.06253794778384943,0.051001821493624776,0.0461445051608986,0.0461445051608986,0.030358227079538554,0.026310463468933416,0.016595830803481076,0.01092896174863388,0.00546448087431694,0.9063313621978628,0.022932024832497455,0.0,0.0,0.0,0.0,0.0,0.0,0.0,0.0,0.0,0.0,0.0,0.0,0.0,0.0,0.0,0.0,0.0,0.0,0.0,0.0,0.0,0.0,0.0,0.0,0.012143290831815425,1.2446873102610811,10.412871888281728,14.851244687310263,3.3454766241651495,0.13357619914996965,4.3447510307643515,2.8548930087135944,nan,nan,nan,4.352221506761108,2.845714442154323,4.3375,2.8637551833213677,0.9966174729989643,0.407,0.011635,0.0,0.0,0.0,0.0,0.0,0.0,0.0,0.0,0.0,0.0,0.006071645415907712,8.299939283545829,21.438979963570134,0.2550091074681239,0.0,0.0,0.0,0.0,0.0,0.0,0.0,0.0,0.0,0.0,0.0,0.0,0.0,0.0,0.0,0.0,nan,nan,4.3447510307643515,2.8548930087135944,nan,0.407,0.0685,0.0,0.0,0.0,0.0,0.0,0.0,0.0,0.0,0.0,0.0,0.0,0.0,0.0,0.0,0.0,0.00014167172637117993,0.0,0.0,0.0012750455373406193,0.0,0.0019530459421169804,0.0004047763610605141,0.009259259259259259,0.0,0.0018214936247723133,0.001710180125480672,0.0009917020845982595,0.0008095527221210282,0.003066180935033394,0.004766241651487553,0.015604128718882818,0.025005059704513256,0.061364096336773935,0.047530864197530866,0.05351143493219996,0.02137219186399514,0.03860554543614653,0.03194697429670107,0.05415907710989678,0.0770795385549484,0.04694393847399312,0.037674559805707344,0.05691155636510828,0.07463064157053229,0.04044727787897187,0.06764824934223841,0.02139243068204817,0.047156446063549885,0.03580246913580247,0.008490184173244283,0.016201173851447075,0.0560615260068812,0.007437765634486946,0.008166363084395872,0.003926330702286987,0.0019530459421169804,0.006010928961748634,0.0022060311677798016,0.003329285569722728,0.000748836267961951,0.0009208662214126695,3.0358227079538556e-05,0.0030257032989273428,0.0,0.0005059704513256426,0.0,0.0,0.0,0.0,0.0,0.0,0.0,0.0,0.0,0.0,0.0,0.0,0.0,0.0,0.0,0.0,0.0,0.0,0.0,0.0,0.0,0.0,0.0,0.0,0.0,0.0,0.0,0.0,0.0,0.0,0.0,0.0,0.0,0.0,0.0,0.0,nan,nan,4.3447510307643515,2.8548930087135944,nan,0.9055138238579282,0.023095280606628403,0.0,0.0,0.0,0.0,0.0,0.0,0.0,0.0,0.0,0.0,0.0,0.0,0.0,0.0,0.0,0.0,0.0,0.0,0.0,0.0,0.0,0.0,0.0,0.0,0.023743569449940646,1.3415116739216466,10.530273051048678,14.875346260387815,3.122279382667195,0.1068460625247329,0.907187169731009,0.02272839049917609,0.0,0.0,0.0,0.0,0.0,0.0,0.0,0.0,0.0,0.0,0.0,0.0,0.0,0.0,0.0,0.0,0.0,0.0,0.0,0.0,0.0,0.0,0.0,0.0,0.0,1.143330571665286,10.289975144987576,14.826014913007459,3.5791217895608956,0.16155758077879043,0.407,0.011696,0.0,0.0,0.0,0.0,0.0,0.0,0.0,0.0,0.0,0.0,0.011871784724970323,8.179659675504539,21.582904629996047,0.22556390977443613,0.0,0.0,0.0,0.0,0.0,0.0,0.0,0.0,0.0,0.0,0.0,0.0,0.0,0.0,0.0,0.0,0.4067,0.01157,0.0,0.0,0.0,0.0,0.0,0.0,0.0,0.0,0.0,0.0,0.0,8.425849212924595,21.288318144159078,0.2858326429163215,0.0,0.0,0.0,0.0,0.0,0.0,0.0,0.0,0.0,0.0,0.0,0.0,0.0,0.0,0.0,0.0
85700,4860,2561,0.526954732510288,1251,927,0.44814814814814813,1287,0.5296296296296297,0.4100000000000001,3.001739886907351,3.136727185118843,6.618618618618618,2.123488379198314,8387.015925925927,505.9631707849981,7853.0,8866.4,8866.4,0.0,7853.0,0.0,28.628189300411524,21.182584362170296,33.47652639260521,19.42578442833177,0.13559670781893005,0.0948559670781893,0.09176954732510288,0.0874485596707819,0.08271604938271605,0.07304526748971193,0.06728395061728396,0.06234567901234568,0.05802469135802469,0.05493827160493827,0.0448559670781893,0.043621399176954734,0.03497942386831276,0.029218106995884775,0.019958847736625516,0.011728395061728396,0.007613168724279836,0.9067106014907115,0.022444329346398933,0.0,0.0,0.0,0.0,0.0,0.0,0.0,0.0,0.0,0.0,0.0,0.0,0.0,0.0,0.0,0.0,0.0,0.0,0.0,0.0,0.0,0.0,0.0,0.00617283950617282,0.024691358024691364,1.0679012345679013,10.197530864197534,15.290123456790127,3.308641975308643,0.1049382716049383,4.135977337110481,2.939065231517921,nan,nan,nan,4.086294416243655,2.9107127486574913,4.184884447220488,2.965897593382177,1.0241270013694856,0.4065,0.01142,0.0,0.0,0.0,0.0,0.0,0.0,0.0,0.0,0.0,0.0,0.01851851851851852,8.561728395061717,21.240740740740748,0.1790123456790124,0.0,0.0,0.0,0.0,0.0,0.0,0.0,0.0,0.0,0.0,0.0,0.0,0.0,0.0,0.0,0.0,nan,nan,4.135977337110481,2.939065231517921,nan,0.4065,0.06836,0.0,0.0,0.0,0.0,0.0,0.0,0.0,0.0,0.0,0.0,0.0,0.0,0.0,0.0,0.0,7.20164609053498e-05,0.0,0.0,0.0008641975308641976,1.02880658436214e-05,0.0020267489711934157,0.00029835390946502055,0.01007201646090535,1.02880658436214e-05,0.0023148148148148147,0.002088477366255144,0.0009465020576131687,0.00102880658436214,0.0035185185185185185,0.003477366255144033,0.01587448559670782,0.023292181069958846,0.06334362139917696,0.04563786008230453,0.05425925925925926,0.020925925925925924,0.04094650205761317,0.03418724279835391,0.05213991769547325,0.08034979423868313,0.04567901234567901,0.035205761316872426,0.05871399176954732,0.07175925925925926,0.040740740740740744,0.06669753086419752,0.02140946502057613,0.04933127572016461,0.03558641975308642,0.008703703703703703,0.016419753086419752,0.053775720164609055,0.008765432098765432,0.007438271604938272,0.0045473251028806585,0.0021810699588477368,0.0053395061728395065,0.0016255144032921811,0.003436213991769547,0.0008436213991769547,0.000977366255144033,0.0,0.002829218106995885,0.0,0.00023662551440329217,0.0,7.20164609053498e-05,0.0,0.0,0.0,0.0,0.0,0.0,0.0,0.0,0.0,0.0,0.0,0.0,0.0,0.0,0.0,0.0,0.0,0.0,0.0,0.0,0.0,0.0,0.0,0.0,0.0,0.0,0.0,0.0,0.0,0.0,0.0,0.0,0.0,0.0,nan,nan,4.135977337110481,2.939065231517921,nan,0.9068250644490943,0.022792393835448968,0.0,0.0,0.0,0.0,0.0,0.0,0.0,0.0,0.0,0.0,0.0,0.0,0.0,0.0,0.0,0.0,0.0,0.0,0.0,0.0,0.0,0.0,0.0,0.0,0.023428348301444753,1.18313158922296,10.0507614213198,15.1815696993362,3.443967200312379,0.11714174150722376,0.906583094036854,0.022049430717819226,0.0,0.0,0.0,0.0,0.0,0.0,0.0,0.0,0.0,0.0,0.0,0.0,0.0,0.0,0.0,0.0,0.0,0.0,0.0,0.0,0.0,0.0,0.0,0.013049151805132626,0.026098303610265338,0.9395389299695521,10.36102653327534,15.411048281861682,3.157894736842106,0.09134406263592869,0.4065,0.01131,0.0,0.0,0.0,0.0,0.0,0.0,0.0,0.0,0.0,0.0,0.011714174150722376,8.363920343615764,21.460367044123394,0.16399843811011328,0.0,0.0,0.0,0.0,0.0,0.0,0.0,0.0,0.0,0.0,0.0,0.0,0.0,0.0,0.0,0.0,0.4062,0.01153,0.0,0.0,0.0,0.0,0.0,0.0,0.0,0.0,0.0,0.0,0.026098303610265338,8.782079164854272,20.996085254458464,0.19573727707699004,0.0,0.0,0.0,0.0,0.0,0.0,0.0,0.0,0.0,0.0,0.0,0.0,0.0,0.0,0.0,0.0
85800,4762,2483,0.5214195716085678,1208,952,0.45359092818143637,1336,0.5611087778244435,0.4260000000000001,3.110136024572181,3.1887634455171803,6.692537313432836,2.2161761765759134,8381.406593868123,506.23484054601005,7853.0,8866.4,8866.4,0.0,7853.0,0.0,28.16904661906762,20.634206000229362,33.01916853373164,18.809194331292034,0.1369172616547669,0.08945821083578329,0.09533809323813523,0.09218815623687526,0.08273834523309534,0.07391852162956741,0.06614867702645948,0.0632087358252835,0.05942881142377152,0.056698866022679546,0.050188996220075596,0.044099118017639646,0.03380932381352373,0.024569508609827803,0.01637967240655187,0.007979840403191937,0.006929861402771945,0.9069329165000467,0.022759659270098286,0.0,0.0,0.0,0.0,0.0,0.0,0.0,0.0,0.0,0.0,0.0,0.0,0.0,0.0,0.0,0.0,0.0,0.0,0.0,0.0,0.0,0.0,0.0,0.0,0.018899622007559853,1.1276774464510713,10.36329273414532,14.766904661906764,3.603527929441412,0.11969760604787906,4.315367340391402,2.929335321073725,nan,nan,nan,4.358064516129033,2.9147316806236585,4.273133375877473,2.943099932809261,0.9805117294759559,0.4067,0.01155,0.0,0.0,0.0,0.0,0.0,0.0,0.0,0.0,0.0,0.0,0.012599748005039902,8.422931541369161,21.243175136497275,0.3212935741285175,0.0,0.0,0.0,0.0,0.0,0.0,0.0,0.0,0.0,0.0,0.0,0.0,0.0,0.0,0.0,0.0,nan,nan,4.315367340391402,2.929335321073725,nan,0.4067,0.06836,0.0,0.0,0.0,0.0,0.0,0.0,0.0,0.0,0.0,0.0,0.0,0.0,0.0,0.0,0.0,0.00010499790004199917,0.0,0.0,0.0008189836203275935,0.0,0.0015854682906341873,0.00023099538009239815,0.009502309953800924,0.0,0.0024674506509869804,0.0015329693406131877,0.0008924821503569929,0.000881982360352793,0.0034649307013859725,0.0034334313313733726,0.01496220075598488,0.024086518269634608,0.06353422931541369,0.04758504829903402,0.05661486770264595,0.019393112137757244,0.039332213355732885,0.03556278874422512,0.05277194456110878,0.07835993280134397,0.04506509869802604,0.0373372532549349,0.06140277194456111,0.06853212935741285,0.04108567828643427,0.06503569928601428,0.02134607307853843,0.04826753464930701,0.034260814783704324,0.009176816463670726,0.017996640067198658,0.052939941201175976,0.009302813943721126,0.007297354052918942,0.004882402351952961,0.0025724485510289796,0.006152876942461151,0.0014699706005879883,0.003254934901301974,0.000745485090298194,0.0010499790004199917,2.0999580008399833e-05,0.0028244435111297772,0.0,0.0004724905501889962,0.0,0.0003884922301553969,0.0,0.0,0.0,0.0,0.0,0.0,0.0,0.0,0.0,0.0,0.0,0.0,0.0,0.0,0.0,0.0,0.0,0.0,0.0,0.0,0.0,0.0,0.0,0.0,0.0,0.0,0.0,0.0,0.0,0.0,0.0,0.0,0.0,0.0,nan,nan,4.315367340391402,2.929335321073725,nan,0.9067798272237344,0.022968686236269267,0.0,0.0,0.0,0.0,0.0,0.0,0.0,0.0,0.0,0.0,0.0,0.0,0.0,0.0,0.0,0.0,0.0,0.0,0.0,0.0,0.0,0.0,0.0,0.0,0.02416431735803464,1.1961337092227147,10.342327829238826,14.619412001610957,3.7575513491743866,0.0604107933950866,0.9070997092482185,0.022528530202868283,0.0,0.0,0.0,0.0,0.0,0.0,0.0,0.0,0.0,0.0,0.0,0.0,0.0,0.0,0.0,0.0,0.0,0.0,0.0,0.0,0.0,0.0,0.0,0.0,0.013163668275559459,1.0530934620447567,10.386134269416413,14.927599824484426,3.4357174199210188,0.18429135585783243,0.407,0.01154,0.0,0.0,0.0,0.0,0.0,0.0,0.0,0.0,0.0,0.0,0.01208215867901732,8.32460732984292,21.312927909786556,0.3503826016915023,0.0,0.0,0.0,0.0,0.0,0.0,0.0,0.0,0.0,0.0,0.0,0.0,0.0,0.0,0.0,0.0,0.4065,0.01156,0.0,0.0,0.0,0.0,0.0,0.0,0.0,0.0,0.0,0.0,0.013163668275559459,8.530057042562515,21.16717858709961,0.2896007020623081,0.0,0.0,0.0,0.0,0.0,0.0,0.0,0.0,0.0,0.0,0.0,0.0,0.0,0.0,0.0,0.0
85900,4975,2594,0.5214070351758794,1230,1033,0.45487437185929647,1447,0.5817085427135679,0.37400000000000005,2.99370012599748,3.0334067118782784,6.381818181818182,2.1776883992309246,8381.393889447236,506.2353851328954,7853.0,8866.4,8866.4,0.0,7853.0,0.0,28.86814070351759,20.9920372570484,33.824089502499405,19.063625175770294,0.13768844221105528,0.0914572864321608,0.08241206030150754,0.08381909547738693,0.07879396984924623,0.07879396984924623,0.0707537688442211,0.06633165829145729,0.06452261306532664,0.05467336683417085,0.04743718592964824,0.04482412060301508,0.03396984924623116,0.02613065326633166,0.01949748743718593,0.01306532663316583,0.005829145728643216,0.9060659218553323,0.023206553111019396,0.0,0.0,0.0,0.0,0.0,0.0,0.0,0.0,0.0,0.0,0.0,0.0,0.0,0.0,0.0,0.0,0.0,0.0,0.0,0.0,0.0,0.0,0.0,0.0,0.030150753768844227,1.2964824120603018,10.462311557788947,14.617085427135681,3.4854271356783926,0.10854271356783922,4.20030303030303,2.861372826743691,nan,nan,nan,4.192073170731708,2.8753045386129092,4.208433734939759,2.847518675453196,1.0039027382256298,0.4072,0.01151,0.0,0.0,0.0,0.0,0.0,0.0,0.0,0.0,0.0,0.0,0.006030150753768846,8.062311557788933,21.600000000000005,0.33165829145728654,0.0,0.0,0.0,0.0,0.0,0.0,0.0,0.0,0.0,0.0,0.0,0.0,0.0,0.0,0.0,0.0,nan,nan,4.20030303030303,2.861372826743691,nan,0.4072,0.069,0.0,0.0,0.0,0.0,0.0,0.0,0.0,0.0,0.0,0.0,0.0,0.0,0.0,0.0,0.0,0.00011055276381909548,0.0,0.0,0.0009547738693467337,0.0,0.001115577889447236,0.00036180904522613067,0.009879396984924623,1.0050251256281408e-05,0.002442211055276382,0.0011055276381909548,0.0009045226130653266,0.0007537688442211055,0.003276381909547739,0.0024522613065326633,0.01585929648241206,0.024944723618090452,0.06213065326633166,0.048060301507537685,0.05792964824120603,0.01970854271356784,0.039839195979899496,0.032904522613065326,0.05150753768844221,0.07805025125628141,0.0444321608040201,0.03790954773869347,0.0585929648241206,0.06974874371859296,0.04039195979899497,0.06744723618090452,0.022522613065326633,0.04691457286432161,0.03422110552763819,0.009095477386934673,0.019597989949748745,0.05103517587939699,0.010110552763819095,0.008291457286432161,0.004844221105527638,0.002271356783919598,0.00621105527638191,0.0015477386934673366,0.003738693467336683,0.0010150753768844222,0.0014673366834170854,1.0050251256281408e-05,0.0033065326633165827,0.0,0.0005728643216080402,2.0100502512562815e-05,0.0003819095477386935,0.0,0.0,0.0,0.0,0.0,0.0,0.0,0.0,0.0,0.0,0.0,0.0,0.0,0.0,0.0,0.0,0.0,0.0,0.0,0.0,0.0,0.0,0.0,0.0,0.0,0.0,0.0,0.0,0.0,0.0,0.0,0.0,0.0,0.0,nan,nan,4.20030303030303,2.861372826743691,nan,0.9063384796944415,0.023179827083410702,0.0,0.0,0.0,0.0,0.0,0.0,0.0,0.0,0.0,0.0,0.0,0.0,0.0,0.0,0.0,0.0,0.0,0.0,0.0,0.0,0.0,0.0,0.0,0.0,0.023130300693909027,1.2721665381649965,10.408635312259062,14.60678488820355,3.5851966075558988,0.10408635312259061,0.9057689814795871,0.023231995769208993,0.0,0.0,0.0,0.0,0.0,0.0,0.0,0.0,0.0,0.0,0.0,0.0,0.0,0.0,0.0,0.0,0.0,0.0,0.0,0.0,0.0,0.0,0.0,0.0,0.03779924401511971,1.3229735405291898,10.52078958420832,14.628307433851326,3.3767324653506936,0.11339773204535912,0.4072,0.011604,0.0,0.0,0.0,0.0,0.0,0.0,0.0,0.0,0.0,0.0,0.011565150346954513,8.049344641480328,21.557440246723214,0.3816499614494989,0.0,0.0,0.0,0.0,0.0,0.0,0.0,0.0,0.0,0.0,0.0,0.0,0.0,0.0,0.0,0.0,0.4072,0.01142,0.0,0.0,0.0,0.0,0.0,0.0,0.0,0.0,0.0,0.0,0.0,8.076438471230563,21.646367072658553,0.27719445611087784,0.0,0.0,0.0,0.0,0.0,0.0,0.0,0.0,0.0,0.0,0.0,0.0,0.0,0.0,0.0,0.0
86000,4594,2304,0.501523726599913,1076,951,0.4412276882890727,1299,0.565520243796256,0.4020000000000001,2.9056768558951966,3.0848004755867935,6.5880452342487885,2.115391527875895,8361.244144536353,506.69764714043293,7853.0,8866.4,8866.4,0.0,7853.0,0.0,28.065520243796257,20.960123833610602,33.023581238662864,19.20265253139074,0.1388767958206356,0.10165433173704833,0.09403569873748367,0.08641706573791902,0.07226817588158467,0.07923378319547235,0.06835002176752286,0.06356116673922507,0.05790161079669134,0.057466260339573354,0.04179364388332608,0.039834566826295166,0.038093164997823246,0.023508924684370918,0.019808445798868087,0.01023073574227253,0.006965607313887679,0.9061222752385104,0.022632322932794796,0.0,0.0,0.0,0.0,0.0,0.0,0.0,0.0,0.0,0.0,0.0,0.0,0.0,0.0,0.0,0.0,0.0,0.0,0.0,0.0,0.0,0.0,0.0,0.0,0.019590770570309102,1.0970831519373097,10.807575097953857,14.653896386591208,3.3173704832390083,0.10448410970831522,4.248811948404616,2.773811974937742,nan,nan,nan,4.298233695652174,2.778517576630965,4.199457259158752,2.768224375151955,0.9770192959509535,0.4072,0.01165,0.0,0.0,0.0,0.0,0.0,0.0,0.0,0.0,0.0,0.0,0.019590770570309102,8.038746190683488,21.608619939050943,0.33304309969525475,0.0,0.0,0.0,0.0,0.0,0.0,0.0,0.0,0.0,0.0,0.0,0.0,0.0,0.0,0.0,0.0,nan,nan,4.248811948404616,2.773811974937742,nan,0.4072,0.0687,0.0,0.0,0.0,0.0,0.0,0.0,0.0,0.0,0.0,0.0,0.0,0.0,0.0,0.0,0.0,6.5302568567697e-05,0.0,0.0,0.0008271658685241619,0.0,0.0006639094471049195,0.000348280365694384,0.010361340879407923,0.0,0.0030583369612538092,0.000979538528515455,0.00065302568567697,0.00065302568567697,0.0033086634740966477,0.0024053112755768394,0.015367871136264694,0.025021767522855898,0.062298650413582936,0.050130605137135395,0.05596430126251632,0.020396168915977363,0.03898563343491511,0.03317370483239007,0.049510230735742275,0.07984327383543753,0.04413365259033522,0.0403461036134088,0.05810840226382238,0.06953635176316936,0.042239878101872005,0.0673704832390074,0.024401393121462778,0.046636917718763604,0.03209621245102307,0.008217239878101872,0.018807139747496735,0.051121027427078795,0.009392686112320418,0.007498911623857205,0.005028297779712669,0.002242054854157597,0.006562908141053548,0.0017087505441880713,0.003852851545494123,0.0010339573356552025,0.0013169351327818894,0.0,0.0033086634740966477,0.0,0.0007618632999564649,1.08837614279495e-05,0.0002503265128428385,0.0,0.0,0.0,0.0,0.0,0.0,0.0,0.0,0.0,0.0,0.0,0.0,0.0,0.0,0.0,0.0,0.0,0.0,0.0,0.0,0.0,0.0,0.0,0.0,0.0,0.0,0.0,0.0,0.0,0.0,0.0,0.0,0.0,0.0,nan,nan,4.248811948404616,2.773811974937742,nan,0.9059580404363159,0.022538436152809784,0.0,0.0,0.0,0.0,0.0,0.0,0.0,0.0,0.0,0.0,0.0,0.0,0.0,0.0,0.0,0.0,0.0,0.0,0.0,0.0,0.0,0.0,0.0,0.0,0.013020833333333336,1.080729166666667,11.054687500000004,14.453125000000004,3.3072916666666674,0.09114583333333336,0.9062875140962643,0.022725194470666323,0.0,0.0,0.0,0.0,0.0,0.0,0.0,0.0,0.0,0.0,0.0,0.0,0.0,0.0,0.0,0.0,0.0,0.0,0.0,0.0,0.0,0.0,0.0,0.0,0.02620087336244542,1.1135371179039304,10.558951965065503,14.855895196506554,3.3275109170305686,0.11790393013100439,0.4067,0.01161,0.0,0.0,0.0,0.0,0.0,0.0,0.0,0.0,0.0,0.0,0.02604166666666667,8.281249999999988,21.41927083333334,0.27343750000000006,0.0,0.0,0.0,0.0,0.0,0.0,0.0,0.0,0.0,0.0,0.0,0.0,0.0,0.0,0.0,0.0,0.4075,0.011665,0.0,0.0,0.0,0.0,0.0,0.0,0.0,0.0,0.0,0.0,0.01310043668122271,7.7947598253275,21.79912663755459,0.3930131004366813,0.0,0.0,0.0,0.0,0.0,0.0,0.0,0.0,0.0,0.0,0.0,0.0,0.0,0.0,0.0,0.0
86100,4473,2314,0.5173261792980103,1110,900,0.4493628437290409,1263,0.5647216633132126,0.4100000000000001,3.0222325150532656,3.063397808338653,6.455259026687598,2.135876866265991,8377.258350100603,506.39568949759484,7853.0,8866.4,8866.4,0.0,7853.0,0.0,28.677174156047396,21.09596015524652,33.37135348226018,19.36736812533863,0.1334674714956405,0.09769729488039347,0.09389671361502347,0.07981220657276995,0.07757657053431702,0.07578806170355466,0.06841046277665996,0.07154035323049407,0.060362173038229376,0.054102392130561144,0.044489157165213504,0.03822937625754527,0.036440867426782916,0.03040465012295998,0.017437961099932932,0.012519561815336464,0.00782472613458529,0.9047499542771478,0.02234723997732007,0.0,0.0,0.0,0.0,0.0,0.0,0.0,0.0,0.0,0.0,0.0,0.0,0.0,0.0,0.0,0.0,0.0,0.0,0.0,0.0,0.0,0.0,0.0,0.0,0.0,1.2072434607645877,11.374916163648562,14.352783366867877,2.930918846411805,0.13413816230717643,4.220633299284985,2.8021241530620586,nan,nan,nan,4.213698630136986,2.806953941503877,4.229674796747967,2.7970101444044464,1.0037914829733472,0.4072,0.01152,0.0,0.0,0.0,0.0,0.0,0.0,0.0,0.0,0.0,0.0,0.006706908115358822,7.994634473507702,21.690140845070427,0.30851777330650576,0.0,0.0,0.0,0.0,0.0,0.0,0.0,0.0,0.0,0.0,0.0,0.0,0.0,0.0,0.0,0.0,nan,nan,4.220633299284985,2.8021241530620586,nan,0.4072,0.069,0.0,0.0,0.0,0.0,0.0,0.0,0.0,0.0,0.0,0.0,0.0,0.0,0.0,0.0,0.0,0.0001341381623071764,0.0,0.0,0.0008048289738430583,0.0,0.00034652358596020565,0.00034652358596020565,0.011256427453610553,2.23563603845294e-05,0.003342275877487145,0.0009948580371115583,0.0006371562709590879,0.0006930471719204113,0.0027274759669125865,0.0023697742007601163,0.015973619494746256,0.02528504359490275,0.06088754750726582,0.050648334451151356,0.05611446456516879,0.020523138832997986,0.03658618376928236,0.03308741336910351,0.050257098144422085,0.08025933378046055,0.042723004694835684,0.04142633579253298,0.057791191594008494,0.06959534987704002,0.04477978985021239,0.06540353230494075,0.024536105522021016,0.04785378940308518,0.03256203890006707,0.008003577017661525,0.018499888218198077,0.05127431254191817,0.008853118712273641,0.006550413592667114,0.0048960429242119385,0.001743796109993293,0.007433489827856025,0.0016990833892242343,0.003610552202101498,0.001006036217303823,0.0019561815336463224,1.11781801922647e-05,0.0033869885982562038,0.0,0.0006706908115358819,0.0,0.00043594902749832326,0.0,0.0,0.0,0.0,0.0,0.0,0.0,0.0,0.0,0.0,0.0,0.0,0.0,0.0,0.0,0.0,0.0,0.0,0.0,0.0,0.0,0.0,0.0,0.0,0.0,0.0,0.0,0.0,0.0,0.0,0.0,0.0,0.0,0.0,nan,nan,4.220633299284985,2.8021241530620586,nan,0.9043565047848503,0.022769349422703263,0.0,0.0,0.0,0.0,0.0,0.0,0.0,0.0,0.0,0.0,0.0,0.0,0.0,0.0,0.0,0.0,0.0,0.0,0.0,0.0,0.0,0.0,0.0,0.0,0.0,1.2575626620570444,11.603284356093347,13.949870354364739,2.994814174589456,0.19446845289541922,0.9051716504907542,0.02187793468240973,0.0,0.0,0.0,0.0,0.0,0.0,0.0,0.0,0.0,0.0,0.0,0.0,0.0,0.0,0.0,0.0,0.0,0.0,0.0,0.0,0.0,0.0,0.0,0.0,0.0,1.153311718388143,11.130152848540993,14.784622510421494,2.862436313107921,0.06947660954145439,0.407,0.011375,0.0,0.0,0.0,0.0,0.0,0.0,0.0,0.0,0.0,0.0,0.0,7.947277441659453,21.871218668971483,0.18150388936905795,0.0,0.0,0.0,0.0,0.0,0.0,0.0,0.0,0.0,0.0,0.0,0.0,0.0,0.0,0.0,0.0,0.4072,0.011665,0.0,0.0,0.0,0.0,0.0,0.0,0.0,0.0,0.0,0.0,0.013895321908290879,8.045391384900405,21.49606299212599,0.4446503010653081,0.0,0.0,0.0,0.0,0.0,0.0,0.0,0.0,0.0,0.0,0.0,0.0,0.0,0.0,0.0,0.0
86200,4652,2431,0.5225709372312983,1158,917,0.4460447119518487,1307,0.561908856405847,0.4180000000000001,3.045475011256191,3.1357122222656026,6.587155963302752,2.16185024888664,8382.573387790197,506.18346291734883,7853.0,8866.4,8866.4,0.0,7853.0,0.0,28.54901117798796,21.053568746789686,33.70082177709296,19.13184096790855,0.14122957867583835,0.09608770421324161,0.08469475494411006,0.08447979363714532,0.08125537403267412,0.0709372312983663,0.06964746345657781,0.06276870163370593,0.06083404987102321,0.05911435941530525,0.051375752364574374,0.038907996560619086,0.03460877042132416,0.02815993121238177,0.018916595012897677,0.01053310404127257,0.006448839208942391,0.9051004416555141,0.022773480838072825,0.0,0.0,0.0,0.0,0.0,0.0,0.0,0.0,0.0,0.0,0.0,0.0,0.0,0.0,0.0,0.0,0.0,0.0,0.0,0.0,0.0,0.0,0.0,0.0,0.045141874462596744,1.2962166809974207,11.008168529664664,14.567927773000863,2.947119518486673,0.1354256233877902,4.266402901417738,2.86161462540132,nan,nan,nan,4.267195767195767,2.8828599609186356,4.265614727153189,2.8403372824126576,0.99962948968624,0.407,0.01143,0.0,0.0,0.0,0.0,0.0,0.0,0.0,0.0,0.0,0.0,0.0,7.7901977644023965,21.977644024075673,0.2321582115219261,0.0,0.0,0.0,0.0,0.0,0.0,0.0,0.0,0.0,0.0,0.0,0.0,0.0,0.0,0.0,0.0,nan,nan,4.266402901417738,2.86161462540132,nan,0.407,0.06885,0.0,0.0,0.0,0.0,0.0,0.0,0.0,0.0,0.0,0.0,0.0,0.0,0.0,0.0,0.0,0.0003331900257953568,0.0,0.0,0.0005374032674118659,0.0,0.0003546861564918315,0.00041917454858125537,0.01057609630266552,6.44883920894239e-05,0.0034071367153912296,0.000945829750644884,0.001085554600171969,0.0009243336199484093,0.0030417024935511607,0.00280524505588994,0.016003869303525365,0.023495270851246777,0.06158641444539983,0.04920464316423044,0.05703998280309544,0.020206362854686157,0.03843508168529665,0.032620378331900256,0.05249355116079106,0.0810189165950129,0.04218615649183147,0.04294926913155632,0.056674548581255375,0.06842218400687876,0.041766981943250216,0.06271496130696474,0.027020636285468615,0.04772141014617369,0.03375967325881341,0.008490971625107481,0.01751934651762683,0.04988177128116939,0.00973774720550301,0.006943250214961307,0.005879191745485813,0.0016444539982803095,0.0080932932072227,0.0019776440240756666,0.0032459157351676696,0.0011930352536543422,0.0013650042992261393,0.0,0.003020206362854686,0.0,0.0009028374892519346,0.0,0.00027944969905417026,1.0748065348237317e-05,0.0,0.0,0.0,0.0,0.0,0.0,0.0,0.0,0.0,0.0,0.0,0.0,0.0,0.0,0.0,0.0,0.0,0.0,0.0,0.0,0.0,0.0,0.0,0.0,0.0,0.0,0.0,0.0,0.0,0.0,0.0,0.0,0.0,nan,nan,4.266402901417738,2.86161462540132,nan,0.9051039168149148,0.023030559883387234,0.0,0.0,0.0,0.0,0.0,0.0,0.0,0.0,0.0,0.0,0.0,0.0,0.0,0.0,0.0,0.0,0.0,0.0,0.0,0.0,0.0,0.0,0.0,0.0,0.03702180172768409,1.3327848621966272,11.118881118881122,14.376799670917322,3.0234471410942008,0.11106540518305226,0.9050966379128292,0.022488725361783146,0.0,0.0,0.0,0.0,0.0,0.0,0.0,0.0,0.0,0.0,0.0,0.0,0.0,0.0,0.0,0.0,0.0,0.0,0.0,0.0,0.0,0.0,0.0,0.0,0.054029716343989204,1.2561909049977489,10.886987843313824,14.777127420081047,2.863574966231428,0.1620891490319676,0.4072,0.011475,0.0,0.0,0.0,0.0,0.0,0.0,0.0,0.0,0.0,0.0,0.0,7.725215960510067,22.027972027972034,0.24681201151789392,0.0,0.0,0.0,0.0,0.0,0.0,0.0,0.0,0.0,0.0,0.0,0.0,0.0,0.0,0.0,0.0,0.407,0.011375,0.0,0.0,0.0,0.0,0.0,0.0,0.0,0.0,0.0,0.0,0.0,7.861323728050416,21.92255740657362,0.21611886537595681,0.0,0.0,0.0,0.0,0.0,0.0,0.0,0.0,0.0,0.0,0.0,0.0,0.0,0.0,0.0,0.0
86300,4819,2474,0.5133845196098775,1137,1015,0.44656567752645776,1377,0.5714878605519818,0.4100000000000001,2.996588486140725,3.095355397260091,6.6287051482059285,2.2103260096801693,8373.263872172649,506.5184215521522,7853.0,8866.4,8866.4,0.0,7853.0,0.0,27.875492840838348,20.851251842614392,32.84546805349183,19.126087534691724,0.1379954347374974,0.10852874040257315,0.08840008300477277,0.08819257107283669,0.07511931936086325,0.0728366881095663,0.06951649719858892,0.07345922390537456,0.056235733554679396,0.05395310230338245,0.04212492218302553,0.037144635816559454,0.03569205229300685,0.026354015355882963,0.018261050010375597,0.008300477277443452,0.00788545341357128,0.9043567620958375,0.02209950925236538,0.0,0.0,0.0,0.0,0.0,0.0,0.0,0.0,0.0,0.0,0.0,0.0,0.0,0.0,0.0,0.0,0.0,0.0,0.0,0.0,0.0,0.0,0.0,0.0,0.024901431832330366,1.2388462336584356,11.510686864494712,14.293421871757628,2.8823407345922396,0.04980286366466073,4.3836416747809155,2.873427235329136,nan,nan,nan,4.320779220779221,2.8304392602212807,4.446463335496431,2.914399929128397,1.0290882982663818,0.4072,0.011505,0.0,0.0,0.0,0.0,0.0,0.0,0.0,0.0,0.0,0.0,0.037352147748495546,7.750570657812814,21.91326001245072,0.29881718198796436,0.0,0.0,0.0,0.0,0.0,0.0,0.0,0.0,0.0,0.0,0.0,0.0,0.0,0.0,0.0,0.0,nan,nan,4.3836416747809155,2.873427235329136,nan,0.4072,0.0683,0.0,0.0,0.0,0.0,0.0,0.0,0.0,0.0,0.0,0.0,0.0,0.0,0.0,0.0,0.0,0.00023863872172649928,0.0,1.0375596596804316e-05,0.0005084042332434115,0.0,0.0001348827557584561,0.0003423946876945424,0.010500103755965969,2.075119319360863e-05,0.0028325378709275783,0.0010686864494708446,0.0012658227848101266,0.0011413156256484748,0.0031023033824444904,0.002842913467524383,0.01516912222452791,0.021954762398837934,0.06339489520647437,0.04877567960157709,0.05521892508819257,0.020854949159576676,0.03992529570450301,0.031002282631251297,0.0519298609670056,0.0807740195061216,0.04046482672753683,0.04523760116206682,0.058788130317493255,0.07171612367711143,0.04192778584768624,0.06122639551774227,0.025015563394895208,0.050342394687694546,0.036480597634363975,0.008134467731894584,0.016051047935256278,0.04739572525420212,0.010468976966175556,0.005561319775887114,0.007169537248391782,0.0013073251711973439,0.007470429549699108,0.002230753268312928,0.003143805768831708,0.001577090682714256,0.0014318323303589957,0.0,0.0026976551151691223,0.0,0.0008819257107283669,0.0,0.0002697655115169122,0.0,0.0,0.0,0.0,0.0,0.0,0.0,0.0,0.0,0.0,0.0,0.0,0.0,0.0,0.0,0.0,0.0,0.0,0.0,0.0,0.0,0.0,0.0,0.0,0.0,0.0,0.0,0.0,0.0,0.0,0.0,0.0,0.0,0.0,nan,nan,4.3836416747809155,2.873427235329136,nan,0.9040934221582636,0.022006073136978804,0.0,0.0,0.0,0.0,0.0,0.0,0.0,0.0,0.0,0.0,0.0,0.0,0.0,0.0,0.0,0.0,0.0,0.0,0.0,0.0,0.0,0.0,0.0,0.0,0.024252223120452714,1.2974939369442202,11.653193209377529,14.126919967663705,2.886014551333873,0.012126111560226357,0.9046345885374398,0.022194272123037463,0.0,0.0,0.0,0.0,0.0,0.0,0.0,0.0,0.0,0.0,0.0,0.0,0.0,0.0,0.0,0.0,0.0,0.0,0.0,0.0,0.0,0.0,0.0,0.0,0.025586353944562906,1.1769722814498935,11.360341151385931,14.469083155650322,2.878464818763327,0.08955223880597017,0.4075,0.01156,0.0,0.0,0.0,0.0,0.0,0.0,0.0,0.0,0.0,0.0,0.04850444624090543,7.6515763945028175,22.033144704931292,0.2667744543249798,0.0,0.0,0.0,0.0,0.0,0.0,0.0,0.0,0.0,0.0,0.0,0.0,0.0,0.0,0.0,0.0,0.407,0.01145,0.0,0.0,0.0,0.0,0.0,0.0,0.0,0.0,0.0,0.0,0.025586353944562906,7.855010660980799,21.786780383795314,0.3326226012793178,0.0,0.0,0.0,0.0,0.0,0.0,0.0,0.0,0.0,0.0,0.0,0.0,0.0,0.0,0.0,0.0
86400,5078,2630,0.5179204411185506,1291,1085,0.46790074832611267,1452,0.5718786923985821,0.37400000000000005,2.968954248366013,3.1226063069547503,6.716814159292035,2.1601200114781367,8377.86057502954,506.37444990303004,7853.0,8866.4,8866.399999999998,1.8189894035458565e-12,7853.0,0.0,27.85880267821977,20.553582082351667,32.41815235008104,18.89624377775876,0.1321386372587633,0.09629775502166207,0.09275305238282788,0.09373769200472627,0.09294998030720757,0.07109098070106341,0.06971248523040567,0.0651831429696731,0.06045687278456085,0.048050413548641195,0.04824734147302087,0.03682552185899961,0.035447026388341865,0.02382827884994092,0.016738873572272547,0.009058684521465145,0.007483261126427727,0.905479761959296,0.022665667938524,0.0,0.0,0.0,0.0,0.0,0.0,0.0,0.0,0.0,0.0,0.0,0.0,0.0,0.0,0.0,0.0,0.0,0.0,0.0,0.0,0.0,0.0,0.0,0.0,0.017723513194170936,1.246553761323356,10.76998818432454,14.704608113430487,3.196140212682159,0.06498621504529344,4.184997011356844,3.0052995057958523,nan,nan,nan,4.032835820895523,2.952276534174814,4.337522441651705,3.049917574786454,1.0755514566641904,0.408,0.01136,0.0,0.0,0.0,0.0,0.0,0.0,0.0,0.0,0.0,0.0,0.0,7.107128790862534,22.567940133910994,0.3249310752264672,0.0,0.0,0.0,0.0,0.0,0.0,0.0,0.0,0.0,0.0,0.0,0.0,0.0,0.0,0.0,0.0,nan,nan,4.184997011356844,3.0052995057958523,nan,0.408,0.06854,0.0,0.0,0.0,0.0,0.0,0.0,0.0,0.0,0.0,0.0,0.0,0.0,0.0,0.0,0.0,8.861756597085466e-05,0.0,0.0,0.0006400157542339503,9.846396218983852e-06,4.923198109491926e-05,0.00029539188656951555,0.011205198897203623,0.0,0.0029046868846002365,0.0011027963765261914,0.0012209531311539977,0.0011717211500590784,0.0034757778653012996,0.0032985427333595903,0.015586845214651437,0.02175068924773533,0.0604273335959039,0.04690823158723907,0.05557306025994486,0.019850334777471446,0.03837140606538007,0.03016935801496652,0.0521957463568334,0.08117369042930288,0.03941512406459236,0.046996849153209924,0.05659708546671918,0.07029342260732573,0.042073651043718,0.06370618353682553,0.027747144545096494,0.05131941709334384,0.03693383221740843,0.007443875541551792,0.015911776289877905,0.04849350137849547,0.011165813312327688,0.005582906656163844,0.007276486805829066,0.0016148089799133518,0.007690035447026389,0.0028062229224103978,0.0031016148089799134,0.001260338716029933,0.0012997243009058685,9.846396218983852e-06,0.0025797558093737694,0.0,0.001004332414336353,0.0,0.00020677432059866088,0.0,0.0,0.0,0.0,0.0,0.0,0.0,0.0,0.0,0.0,0.0,0.0,0.0,0.0,0.0,0.0,0.0,0.0,0.0,0.0,0.0,0.0,0.0,0.0,0.0,0.0,0.0,0.0,0.0,0.0,0.0,0.0,0.0,0.0,nan,nan,4.184997011356844,3.0052995057958523,nan,0.9054968377483208,0.02263504036033202,0.0,0.0,0.0,0.0,0.0,0.0,0.0,0.0,0.0,0.0,0.0,0.0,0.0,0.0,0.0,0.0,0.0,0.0,0.0,0.0,0.0,0.0,0.0,0.0,0.03422053231939164,1.254752851711027,10.619771863117874,14.851711026615972,3.171102661596959,0.06844106463878329,0.9054614166467408,0.022698512203821623,0.0,0.0,0.0,0.0,0.0,0.0,0.0,0.0,0.0,0.0,0.0,0.0,0.0,0.0,0.0,0.0,0.0,0.0,0.0,0.0,0.0,0.0,0.0,0.0,0.0,1.237745098039216,10.931372549019612,14.546568627450984,3.223039215686275,0.06127450980392158,0.408,0.011345,0.0,0.0,0.0,0.0,0.0,0.0,0.0,0.0,0.0,0.0,0.0,7.220532319391624,22.48288973384031,0.29657794676806093,0.0,0.0,0.0,0.0,0.0,0.0,0.0,0.0,0.0,0.0,0.0,0.0,0.0,0.0,0.0,0.0,0.4082,0.01139,0.0,0.0,0.0,0.0,0.0,0.0,0.0,0.0,0.0,0.0,0.0,6.985294117647048,22.6593137254902,0.35539215686274517,0.0,0.0,0.0,0.0,0.0,0.0,0.0,0.0,0.0,0.0,0.0,0.0,0.0,0.0,0.0,0.0
86500,4255,2239,0.5262044653349001,1057,823,0.4418331374853114,1165,0.5475910693301997,0.4140000000000001,2.9831349206349205,2.9926685041025203,6.155482815057283,2.153757851925148,8386.255605170389,506.0036460679254,7853.0,8866.4,8866.400000000001,1.8189894035458565e-12,7853.0,0.0,28.71186839012926,21.257918967664562,33.501662971175165,19.532436423102816,0.13466509988249117,0.10270270270270271,0.09212690951821387,0.0782608695652174,0.07638072855464159,0.07238542890716804,0.07003525264394829,0.06862514688601645,0.0564042303172738,0.05593419506462985,0.04747356051703878,0.043713278495887194,0.03219741480611046,0.028437132784958873,0.019036427732079905,0.012220916568742655,0.009400705052878966,0.9064908189302886,0.022725493197382946,0.0,0.0,0.0,0.0,0.0,0.0,0.0,0.0,0.0,0.0,0.0,0.0,0.0,0.0,0.0,0.0,0.0,0.0,0.0,0.0,0.0,0.0,0.0,0.0,0.014101057579318453,1.2620446533490013,10.392479435957698,14.975323149236196,3.179788484136311,0.17626321974148063,4.128509719222462,2.7516028466018665,nan,nan,nan,4.072924187725632,2.6632455779918103,4.185344827586207,2.836059502511115,1.0276019475637115,0.4077,0.011345,0.0,0.0,0.0,0.0,0.0,0.0,0.0,0.0,0.0,0.0,0.007050528789659226,7.4735605170387664,22.251468860164515,0.2679200940070506,0.0,0.0,0.0,0.0,0.0,0.0,0.0,0.0,0.0,0.0,0.0,0.0,0.0,0.0,0.0,0.0,nan,nan,4.128509719222462,2.7516028466018665,nan,0.4077,0.06866,0.0,0.0,0.0,0.0,0.0,0.0,0.0,0.0,0.0,0.0,0.0,0.0,0.0,0.0,0.0,8.225616921269096e-05,0.0,0.0,0.000763807285546416,0.0,2.3501762632197415e-05,0.00036427732079905993,0.011163337250293772,1.1750881316098707e-05,0.003172737955346651,0.0006698002350176264,0.0012690951821386603,0.0008225616921269095,0.0036780258519388954,0.004136310223266745,0.01553466509988249,0.02500587544065805,0.05745005875440658,0.04686251468860164,0.05656874265569918,0.0191069330199765,0.0381316098707403,0.03383078730904818,0.05304347826086957,0.07863689776733256,0.039012925969447707,0.045593419506462986,0.055945945945945944,0.07211515863689777,0.041410105757931845,0.06332549941245594,0.02871915393654524,0.05195064629847239,0.03519388954171563,0.00645123384253819,0.015581668625146886,0.04826086956521739,0.01045828437132785,0.005252643948296123,0.008824911868390128,0.0014688601645123384,0.008531139835487662,0.0026674500587544068,0.002514688601645123,0.0009518213866039953,0.0013866039952996475,0.0,0.003008225616921269,0.0,0.0008813160987074031,0.0,0.00016451233842538192,0.0,0.0,0.0,0.0,0.0,0.0,0.0,0.0,0.0,0.0,0.0,0.0,0.0,0.0,0.0,0.0,0.0,0.0,0.0,0.0,0.0,0.0,0.0,0.0,0.0,0.0,0.0,0.0,0.0,0.0,0.0,0.0,0.0,0.0,nan,nan,4.128509719222462,2.7516028466018665,nan,0.9062666424473996,0.022873330620046255,0.0,0.0,0.0,0.0,0.0,0.0,0.0,0.0,0.0,0.0,0.0,0.0,0.0,0.0,0.0,0.0,0.0,0.0,0.0,0.0,0.0,0.0,0.0,0.0,0.013398838767306836,1.299687360428763,10.477891916033945,14.805716837874055,3.1889236266190273,0.21438142027690937,0.9067397927126241,0.02255755631042257,0.0,0.0,0.0,0.0,0.0,0.0,0.0,0.0,0.0,0.0,0.0,0.0,0.0,0.0,0.0,0.0,0.0,0.0,0.0,0.0,0.0,0.0,0.0,0.0,0.014880952380952385,1.2202380952380956,10.29761904761905,15.16369047619048,3.169642857142858,0.13392857142857145,0.4077,0.01136,0.0,0.0,0.0,0.0,0.0,0.0,0.0,0.0,0.0,0.0,0.013398838767306836,7.369361322018747,22.322465386333192,0.2947744528807504,0.0,0.0,0.0,0.0,0.0,0.0,0.0,0.0,0.0,0.0,0.0,0.0,0.0,0.0,0.0,0.0,0.4077,0.01134,0.0,0.0,0.0,0.0,0.0,0.0,0.0,0.0,0.0,0.0,0.0,7.589285714285704,22.17261904761905,0.23809523809523817,0.0,0.0,0.0,0.0,0.0,0.0,0.0,0.0,0.0,0.0,0.0,0.0,0.0,0.0,0.0,0.0
86600,4220,2228,0.5279620853080569,1073,836,0.4523696682464455,1187,0.5625592417061611,0.4220000000000001,3.0652610441767068,3.120208460258769,6.688468158347677,1.9611601894218198,8388.036777251184,505.90702412105,7853.0,8866.4,8866.4,0.0,7853.0,0.0,28.208767772511848,20.727932224681727,32.951861181080325,18.977174264140015,0.13459715639810427,0.09976303317535545,0.095260663507109,0.08222748815165877,0.08175355450236967,0.07227488151658767,0.07227488151658767,0.057345971563981045,0.06113744075829384,0.05853080568720379,0.052132701421800945,0.041469194312796206,0.03293838862559242,0.024881516587677725,0.01919431279620853,0.00924170616113744,0.004976303317535545,0.9064520341948875,0.02315703348317535,0.0,0.0,0.0,0.0,0.0,0.0,0.0,0.0,0.0,0.0,0.0,0.0,0.0,0.0,0.0,0.0,0.0,0.0,0.0,0.0,0.0,0.0,0.0,0.0,0.03554502369668247,1.2938388625592419,10.386255924170618,14.481042654028439,3.654028436018958,0.14928909952606637,4.222141560798548,2.8801876177035552,nan,nan,nan,4.215473608098337,2.881334558728847,4.228862973760933,2.879015389149808,1.003176242317559,0.4075,0.01146,0.0,0.0,0.0,0.0,0.0,0.0,0.0,0.0,0.0,0.0,0.0,7.5284360189573345,22.109004739336495,0.3625592417061612,0.0,0.0,0.0,0.0,0.0,0.0,0.0,0.0,0.0,0.0,0.0,0.0,0.0,0.0,0.0,0.0,nan,nan,4.222141560798548,2.8801876177035552,nan,0.4075,0.0687,0.0,0.0,0.0,0.0,0.0,0.0,0.0,0.0,0.0,0.0,0.0,0.0,0.0,0.0,0.0,5.924170616113744e-05,1.1848341232227488e-05,0.0,0.0006516587677725119,0.0,2.3696682464454976e-05,0.0003672985781990521,0.011267772511848342,1.1848341232227488e-05,0.0029502369668246444,0.0008293838862559242,0.0008056872037914692,0.0007345971563981042,0.003163507109004739,0.004976303317535545,0.015947867298578198,0.026516587677725117,0.056303317535545024,0.04566350710900474,0.05830568720379147,0.01778436018957346,0.038981042654028436,0.03298578199052133,0.0566824644549763,0.07813981042654028,0.03792654028436019,0.04549763033175355,0.05477488151658768,0.07511848341232227,0.04546208530805687,0.06188388625592417,0.026943127962085308,0.04970379146919431,0.034028436018957345,0.006623222748815166,0.01518957345971564,0.04494075829383886,0.012677725118483413,0.004324644549763034,0.008507109004739336,0.002085308056872038,0.008672985781990522,0.002571090047393365,0.0021208530805687203,0.0012203791469194312,0.001872037914691943,0.0,0.003234597156398104,3.554502369668247e-05,0.0012322274881516589,0.0,0.0001895734597156398,0.0,0.0,0.0,0.0,0.0,0.0,0.0,0.0,0.0,0.0,0.0,0.0,0.0,0.0,0.0,0.0,0.0,0.0,0.0,0.0,0.0,0.0,0.0,0.0,0.0,0.0,0.0,0.0,0.0,0.0,0.0,0.0,0.0,0.0,nan,nan,4.222141560798548,2.8801876177035552,nan,0.9059371418542023,0.02346197790901664,0.0,0.0,0.0,0.0,0.0,0.0,0.0,0.0,0.0,0.0,0.0,0.0,0.0,0.0,0.0,0.0,0.0,0.0,0.0,0.0,0.0,0.0,0.0,0.0,0.04039497307001796,1.3734290843806105,10.543087971274687,14.286355475763019,3.6355475763016165,0.12118491921005388,0.9070279278369793,0.022797358747541394,0.0,0.0,0.0,0.0,0.0,0.0,0.0,0.0,0.0,0.0,0.0,0.0,0.0,0.0,0.0,0.0,0.0,0.0,0.0,0.0,0.0,0.0,0.0,0.0,0.03012048192771085,1.204819277108434,10.210843373493978,14.698795180722895,3.6746987951807237,0.1807228915662651,0.4075,0.011406,0.0,0.0,0.0,0.0,0.0,0.0,0.0,0.0,0.0,0.0,0.0,7.28456014362656,22.351885098743274,0.3635547576301617,0.0,0.0,0.0,0.0,0.0,0.0,0.0,0.0,0.0,0.0,0.0,0.0,0.0,0.0,0.0,0.0,0.4075,0.011505,0.0,0.0,0.0,0.0,0.0,0.0,0.0,0.0,0.0,0.0,0.0,7.801204819277097,21.837349397590366,0.3614457831325302,0.0,0.0,0.0,0.0,0.0,0.0,0.0,0.0,0.0,0.0,0.0,0.0,0.0,0.0,0.0,0.0
86700,4360,2254,0.5169724770642202,1071,909,0.4541284403669725,1238,0.5678899082568807,0.4020000000000001,2.9643874643874644,3.0640773984696383,6.5272108843537415,2.146253112965837,8376.89990825688,506.40799080973704,7853.0,8866.4,8866.400000000001,1.8189894035458565e-12,7853.0,0.0,27.841284403669725,20.714165303527604,32.76878928669035,18.96418854168813,0.13853211009174313,0.1018348623853211,0.09495412844036698,0.08119266055045872,0.0823394495412844,0.07385321100917432,0.07178899082568807,0.06536697247706422,0.05802752293577982,0.05389908256880734,0.04724770642201835,0.03646788990825688,0.038302752293577984,0.023394495412844038,0.01651376146788991,0.012155963302752294,0.004128440366972477,0.9064305510132684,0.02261441364920941,0.0,0.0,0.0,0.0,0.0,0.0,0.0,0.0,0.0,0.0,0.0,0.0,0.0,0.0,0.0,0.0,0.0,0.0,0.0,0.0,0.0,0.0,0.0,0.0,0.02064220183486239,1.2247706422018352,10.383027522935782,14.800458715596333,3.48165137614679,0.0894495412844037,4.235460992907801,2.835042490375993,nan,nan,nan,4.276250880902044,2.85985920678873,4.194147037830121,2.8090798031142237,0.980800040652759,0.4077,0.011345,0.0,0.0,0.0,0.0,0.0,0.0,0.0,0.0,0.0,0.0,0.01376146788990826,7.176605504587146,22.486238532110097,0.3233944954128441,0.0,0.0,0.0,0.0,0.0,0.0,0.0,0.0,0.0,0.0,0.0,0.0,0.0,0.0,0.0,0.0,nan,nan,4.235460992907801,2.835042490375993,nan,0.4077,0.0687,0.0,0.0,0.0,0.0,0.0,0.0,0.0,0.0,0.0,0.0,0.0,0.0,0.0,0.0,0.0,0.0,9.174311926605505e-05,0.0,0.0007454128440366973,1.146788990825688e-05,0.0,0.000676605504587156,0.011089449541284404,6.880733944954129e-05,0.002981651376146789,0.0007798165137614678,0.0005504587155963303,0.0006536697247706422,0.0035779816513761466,0.004288990825688074,0.015860091743119267,0.027075688073394496,0.053027522935779815,0.04668577981651376,0.05977064220183486,0.01650229357798165,0.04073394495412844,0.03245412844036697,0.05533256880733945,0.07793577981651376,0.037442660550458716,0.045745412844036694,0.05194954128440367,0.07892201834862385,0.045275229357798166,0.0624197247706422,0.026043577981651377,0.05112385321100917,0.03513761467889908,0.006502293577981651,0.014598623853211009,0.04443807339449541,0.013543577981651376,0.00481651376146789,0.007993119266055046,0.0022018348623853213,0.008681192660550459,0.002522935779816514,0.0023509174311926607,0.0008944954128440367,0.001834862385321101,0.0,0.002855504587155963,0.00021788990825688073,0.001353211009174312,1.146788990825688e-05,0.00022935779816513763,0.0,0.0,0.0,0.0,0.0,0.0,0.0,0.0,0.0,0.0,0.0,0.0,0.0,0.0,0.0,0.0,0.0,0.0,0.0,0.0,0.0,0.0,0.0,0.0,0.0,0.0,0.0,0.0,0.0,0.0,0.0,0.0,0.0,0.0,nan,nan,4.235460992907801,2.835042490375993,nan,0.9063311019563632,0.02287758977872406,0.0,0.0,0.0,0.0,0.0,0.0,0.0,0.0,0.0,0.0,0.0,0.0,0.0,0.0,0.0,0.0,0.0,0.0,0.0,0.0,0.0,0.0,0.0,0.0,0.013309671694764866,1.1579414374445431,10.461401952085183,14.773735581189001,3.487133984028395,0.10647737355811893,0.9065369888927862,0.02232881580471325,0.0,0.0,0.0,0.0,0.0,0.0,0.0,0.0,0.0,0.0,0.0,0.0,0.0,0.0,0.0,0.0,0.0,0.0,0.0,0.0,0.0,0.0,0.0,0.0,0.028490028490028498,1.2962962962962965,10.299145299145302,14.829059829059833,3.4757834757834765,0.07122507122507124,0.408,0.011246,0.0,0.0,0.0,0.0,0.0,0.0,0.0,0.0,0.0,0.0,0.013309671694764866,7.027506654835837,22.653061224489804,0.3061224489795919,0.0,0.0,0.0,0.0,0.0,0.0,0.0,0.0,0.0,0.0,0.0,0.0,0.0,0.0,0.0,0.0,0.4077,0.01146,0.0,0.0,0.0,0.0,0.0,0.0,0.0,0.0,0.0,0.0,0.014245014245014249,7.3361823361823255,22.30769230769231,0.34188034188034194,0.0,0.0,0.0,0.0,0.0,0.0,0.0,0.0,0.0,0.0,0.0,0.0,0.0,0.0,0.0,0.0
86800,4395,2297,0.5226393629124004,1061,891,0.4441410693970421,1228,0.5588168373151309,0.4260000000000001,2.973307912297426,3.1068135432176516,6.517301038062284,2.34126773012327,8382.642730375426,506.1803247094066,7853.0,8866.4,8866.399999999998,1.8189894035458565e-12,7853.0,0.0,27.581114903299202,20.713550068401396,32.455185486054695,19.007500858089667,0.14015927189988622,0.10307167235494881,0.10034129692832765,0.08600682593856655,0.07508532423208192,0.07235494880546076,0.07212741751990899,0.06507394766780432,0.057110352673492605,0.05210466439135381,0.04368600682593857,0.04277588168373151,0.03390216154721274,0.0229806598407281,0.018430034129692834,0.009101251422070534,0.005688282138794084,0.9058647437578446,0.022934675854383593,0.0,0.0,0.0,0.0,0.0,0.0,0.0,0.0,0.0,0.0,0.0,0.0,0.0,0.0,0.0,0.0,0.0,0.0,0.0,0.0,0.0,0.0,0.0,0.0,0.020477815699658706,1.249146757679181,10.894197952218432,14.409556313993177,3.317406143344711,0.10921501706484645,4.263515932688865,2.879738488242692,nan,nan,nan,4.232758620689655,2.8698524891624864,4.29,2.88620611084616,1.0135234215885949,0.4077,0.01157,0.0,0.0,0.0,0.0,0.0,0.0,0.0,0.0,0.0,0.0,0.006825938566552903,7.692832764505108,21.911262798634816,0.3890784982935155,0.0,0.0,0.0,0.0,0.0,0.0,0.0,0.0,0.0,0.0,0.0,0.0,0.0,0.0,0.0,0.0,nan,nan,4.263515932688865,2.879738488242692,nan,0.4077,0.06836,0.0,0.0,0.0,0.0,0.0,0.0,0.0,0.0,0.0,0.0,0.0,0.0,0.0,0.0,0.0,0.0,0.0001820250284414107,0.0,0.001080773606370876,2.2753128555176338e-05,0.0,0.0006257110352673493,0.009465301478953357,0.0001478953356086462,0.003378839590443686,0.0006257110352673493,0.00044368600682593857,0.0005688282138794084,0.0032195676905574515,0.0038566552901023892,0.015824800910125142,0.025949943117178614,0.0513424345847554,0.04784982935153584,0.0627872582480091,0.017064846416382253,0.041979522184300344,0.03186575654152446,0.05866894197952218,0.07698521046643914,0.037906712172923775,0.04516496018202503,0.051092150170648463,0.07969283276450512,0.04295790671217292,0.06507394766780432,0.026313993174061433,0.05121729237770194,0.034391353811149036,0.005335608646188851,0.013947667804323095,0.04507394766780432,0.012878270762229806,0.004857792946530148,0.006609783845278726,0.0025483503981797496,0.008100113765642776,0.0028100113765642774,0.0019453924914675767,0.0010352673492605234,0.0017861205915813425,3.4129692832764505e-05,0.0031968145620022755,0.00027303754266211604,0.0015358361774744026,1.1376564277588169e-05,0.00027303754266211604,0.0,0.0,0.0,0.0,0.0,0.0,0.0,0.0,0.0,0.0,0.0,0.0,0.0,0.0,0.0,0.0,0.0,0.0,0.0,0.0,0.0,0.0,0.0,0.0,0.0,0.0,0.0,0.0,0.0,0.0,0.0,0.0,0.0,0.0,nan,nan,4.263515932688865,2.879738488242692,nan,0.9059013654524521,0.023031901668843096,0.0,0.0,0.0,0.0,0.0,0.0,0.0,0.0,0.0,0.0,0.0,0.0,0.0,0.0,0.0,0.0,0.0,0.0,0.0,0.0,0.0,0.0,0.0,0.0,0.013060513713539402,1.3060513713539401,10.801044841097086,14.39268611232042,3.3696125380931656,0.11754462342185462,0.9058246484134627,0.022827685709827485,0.0,0.0,0.0,0.0,0.0,0.0,0.0,0.0,0.0,0.0,0.0,0.0,0.0,0.0,0.0,0.0,0.0,0.0,0.0,0.0,0.0,0.0,0.0,0.0,0.028598665395614876,1.1868446139180173,10.99618684461392,14.428026692087705,3.260247855100096,0.10009532888465207,0.4082,0.01145,0.0,0.0,0.0,0.0,0.0,0.0,0.0,0.0,0.0,0.0,0.0,6.974314323030029,22.59468872442317,0.43099695254680026,0.0,0.0,0.0,0.0,0.0,0.0,0.0,0.0,0.0,0.0,0.0,0.0,0.0,0.0,0.0,0.0,0.407,0.01168,0.0,0.0,0.0,0.0,0.0,0.0,0.0,0.0,0.0,0.0,0.014299332697807438,8.479504289799797,21.163012392755007,0.3431839847473785,0.0,0.0,0.0,0.0,0.0,0.0,0.0,0.0,0.0,0.0,0.0,0.0,0.0,0.0,0.0,0.0
86900,4537,2340,0.5157593123209169,1123,963,0.4597751818382191,1309,0.5770332819043421,0.3940000000000001,2.949931725079654,3.0482758499855724,6.4789644012944985,2.1003261178497326,8375.670487106017,506.4482535675253,7853.0,8866.4,8866.4,0.0,7853.0,0.0,28.167952391448093,20.765459891480283,33.00757377905458,18.980167105932768,0.13599294688119903,0.09433546396297113,0.09653956358827419,0.08507824553669825,0.08177209609874367,0.07692307692307693,0.06413929909631916,0.06964954815957682,0.06546175887150099,0.050914701344500775,0.04408199250606128,0.042759532730879436,0.03085739475424289,0.024245095878333702,0.02049812651531849,0.009918448313863787,0.006832708838439497,0.9065471005802352,0.022494118033144533,0.0,0.0,0.0,0.0,0.0,0.0,0.0,0.0,0.0,0.0,0.0,0.0,0.0,0.0,0.0,0.0,0.0,0.0,0.0,0.0,0.0,0.0,0.0,0.0,0.013224597751818385,1.0249063257659248,10.63257659246198,14.745426493277499,3.43839541547278,0.14547057527000223,4.16975412596834,2.829286996915794,nan,nan,nan,4.268342391304348,2.832867646071644,4.070187165775401,2.8215213720029673,0.9535756021043118,0.4072,0.01151,0.0,0.0,0.0,0.0,0.0,0.0,0.0,0.0,0.0,0.0,0.006612298875909192,7.7496142825655605,21.94621996914261,0.29755344941591366,0.0,0.0,0.0,0.0,0.0,0.0,0.0,0.0,0.0,0.0,0.0,0.0,0.0,0.0,0.0,0.0,nan,nan,4.16975412596834,2.829286996915794,nan,0.4072,0.0682,0.0,0.0,0.0,0.0,0.0,0.0,0.0,0.0,0.0,0.0,0.0,0.0,0.0,0.0,0.0,0.0,0.00019836896627727573,3.3061494379545955e-05,0.001068988318271986,0.0,0.0,0.0006612298875909191,0.008595988538681949,0.00011020498126515319,0.003835133348027331,0.0009036808463742561,0.000727352876350011,0.0007383733744765264,0.002766145029755345,0.0032951289398280804,0.016850341635441923,0.025435309675997355,0.05206083314965836,0.048137535816618914,0.06142825655719639,0.01779810447432224,0.042693409742120346,0.0313643376680626,0.062034383954154726,0.0765483799867754,0.03891337888472559,0.04545955477187569,0.05020938946440379,0.07814635221512012,0.04444566894423628,0.06528543090147675,0.027198589376239805,0.05141062376019396,0.032091690544412604,0.004375137756226582,0.012750716332378223,0.04555873925501433,0.011362133568437294,0.0047608551906546176,0.007064139299096319,0.003151862464183381,0.007802512673572845,0.002567776063478069,0.0017853206964954817,0.0013114392770553229,0.001520828741459114,0.0,0.0028543090147674674,0.00022040996253030638,0.0020608331496583645,1.1020498126515318e-05,0.00039673793255455146,0.0,0.0,0.0,0.0,0.0,0.0,0.0,0.0,0.0,0.0,0.0,0.0,0.0,0.0,0.0,0.0,0.0,0.0,0.0,0.0,0.0,0.0,0.0,0.0,0.0,0.0,0.0,0.0,0.0,0.0,0.0,0.0,0.0,0.0,nan,nan,4.16975412596834,2.829286996915794,nan,0.9068020961732945,0.022703425632524966,0.0,0.0,0.0,0.0,0.0,0.0,0.0,0.0,0.0,0.0,0.0,0.0,0.0,0.0,0.0,0.0,0.0,0.0,0.0,0.0,0.0,0.0,0.0,0.0,0.012820512820512824,0.9871794871794873,10.692307692307695,14.525641025641029,3.641025641025642,0.14102564102564105,0.906275507640882,0.02226581206758005,0.0,0.0,0.0,0.0,0.0,0.0,0.0,0.0,0.0,0.0,0.0,0.0,0.0,0.0,0.0,0.0,0.0,0.0,0.0,0.0,0.0,0.0,0.0,0.0,0.013654984069185257,1.0650887573964498,10.568957669549388,14.979517523896225,3.2225762403277205,0.1502048247610378,0.4072,0.01164,0.0,0.0,0.0,0.0,0.0,0.0,0.0,0.0,0.0,0.0,0.0,7.794871794871784,21.897435897435905,0.30769230769230776,0.0,0.0,0.0,0.0,0.0,0.0,0.0,0.0,0.0,0.0,0.0,0.0,0.0,0.0,0.0,0.0,0.4072,0.01138,0.0,0.0,0.0,0.0,0.0,0.0,0.0,0.0,0.0,0.0,0.013654984069185257,7.701411015020471,21.998179335457444,0.28675466545289036,0.0,0.0,0.0,0.0,0.0,0.0,0.0,0.0,0.0,0.0,0.0,0.0,0.0,0.0,0.0,0.0
87000,4397,2349,0.5342278826472595,1142,836,0.4498521719354105,1181,0.5371844439390494,0.4260000000000001,3.16259765625,3.223665465496072,6.7432216905901115,2.1542061124174556,8394.386536274731,505.511359121891,7853.0,8866.4,8866.4,0.0,7853.0,0.0,28.762110529906753,21.38757845291664,33.87669376693767,19.538974293449918,0.1387309529224471,0.09847623379576985,0.0839208551284967,0.0871048442119627,0.08050943825335456,0.07209460996133728,0.06254264271093928,0.068455765294519,0.061405503752558564,0.05253581987718899,0.04844211962701842,0.03957243575164885,0.035251307709802136,0.02820104616784171,0.01955879008414828,0.016147373209006142,0.007050261541960427,0.9070664646952483,0.02320564815945419,0.0,0.0,0.0,0.0,0.0,0.0,0.0,0.0,0.0,0.0,0.0,0.0,0.0,0.0,0.0,0.0,0.0,0.0,0.0,0.0,0.0,0.0,0.0,0.0,0.04093700250170571,1.2690470775528773,9.93404594041392,15.003411416875146,3.6092790539003876,0.14327950875597,4.287983425414365,2.99561268874011,nan,nan,nan,4.343554006968641,2.9779243378678757,4.2315068493150685,3.0120478043982772,0.9742038069576646,0.4077,0.01173,0.0,0.0,0.0,0.0,0.0,0.0,0.0,0.0,0.0,0.0,0.0068228337502842865,7.586991130316113,22.07869001591995,0.3274960200136457,0.0,0.0,0.0,0.0,0.0,0.0,0.0,0.0,0.0,0.0,0.0,0.0,0.0,0.0,0.0,0.0,nan,nan,4.287983425414365,2.99561268874011,nan,0.4077,0.068,0.0,0.0,0.0,0.0,0.0,0.0,0.0,0.0,0.0,0.0,9.097111667045713e-05,0.0,0.0,0.0,0.0,0.0,4.5485558335228565e-05,0.0,0.000886968387536957,4.5485558335228565e-05,0.0,0.00035251307709802137,0.008005458267000228,3.4114168751421425e-05,0.004161928587673414,0.001284967022970207,0.000886968387536957,0.0010575392312940641,0.0026722765521946783,0.0035137593813964066,0.016420286559017512,0.026836479417784852,0.04942005913122584,0.05093245394587219,0.058210143279508755,0.018478508073686603,0.04205139868091881,0.03269274505344553,0.0606777348191949,0.07481237207186718,0.03793495565158062,0.04451899022060496,0.049351830793722996,0.08146463497839436,0.042449397316352055,0.06829656584034569,0.02767796224698658,0.05062542642710939,0.034750966568114626,0.0035251307709802137,0.014032294746418011,0.0466568114623607,0.010404821469183534,0.004821469183534228,0.0075392312940641346,0.0027063907209460996,0.007425517398226064,0.0023766204230156926,0.001626108710484421,0.0011257675687969069,0.001842165112576757,0.00010234250625426428,0.002092335683420514,0.0001705708437571071,0.0022174209688423925,5.6856947919035704e-05,0.0006367978166931999,0.0,0.0,0.0,0.0,0.0,0.0,0.0,0.0,0.0,0.0,0.0,0.0,0.0,0.0,0.0,0.0,0.0,0.0,0.0,0.0,0.0,0.0,0.0,0.0,0.0,0.0,0.0,0.0,0.0,0.0,0.0,0.0,0.0,0.0,nan,nan,4.287983425414365,2.99561268874011,nan,0.9068828206104946,0.023082169680375512,0.0,0.0,0.0,0.0,0.0,0.0,0.0,0.0,0.0,0.0,0.0,0.0,0.0,0.0,0.0,0.0,0.0,0.0,0.0,0.0,0.0,0.0,0.0,0.0,0.05108556832694765,1.2005108556832698,9.88505747126437,15.210727969348662,3.5632183908045985,0.0893997445721584,0.907277099438943,0.023344691826977605,0.0,0.0,0.0,0.0,0.0,0.0,0.0,0.0,0.0,0.0,0.0,0.0,0.0,0.0,0.0,0.0,0.0,0.0,0.0,0.0,0.0,0.0,0.0,0.0,0.029296875000000007,1.3476562500000002,9.990234375000002,14.765625000000004,3.662109375000001,0.20507812500000006,0.4072,0.01177,0.0,0.0,0.0,0.0,0.0,0.0,0.0,0.0,0.0,0.0,0.012771392081736912,7.956577266922084,21.711366538952753,0.3192848020434228,0.0,0.0,0.0,0.0,0.0,0.0,0.0,0.0,0.0,0.0,0.0,0.0,0.0,0.0,0.0,0.0,0.4082,0.011665,0.0,0.0,0.0,0.0,0.0,0.0,0.0,0.0,0.0,0.0,0.0,7.163085937499989,22.500000000000004,0.33691406250000006,0.0,0.0,0.0,0.0,0.0,0.0,0.0,0.0,0.0,0.0,0.0,0.0,0.0,0.0,0.0,0.0
87100,4536,2329,0.5134479717813051,1086,914,0.4409171075837742,1253,0.5524691358024691,0.4300000000000001,2.9651110104213867,3.1681692786325173,6.837133550488599,2.1085035506744143,8373.328174603175,506.5166955362728,7853.0,8866.4,8866.400000000001,1.8189894035458565e-12,7853.0,0.0,27.435185185185187,20.897345808173263,32.69709874900186,19.114627665330897,0.14947089947089948,0.1009700176366843,0.09391534391534391,0.08134920634920635,0.08421516754850088,0.07605820105820106,0.06657848324514991,0.06393298059964726,0.05445326278659612,0.054673721340388004,0.04717813051146384,0.03880070546737213,0.027336860670194002,0.023148148148148147,0.01917989417989418,0.012125220458553791,0.006613756613756613,0.9070286450010759,0.022982095815221232,0.0,0.0,0.0,0.0,0.0,0.0,0.0,0.0,0.0,0.0,0.0,0.0,0.0,0.0,0.0,0.0,0.0,0.0,0.0,0.0,0.0,0.0,0.0,0.0,0.033068783068783074,1.0714285714285716,10.1984126984127,15.013227513227516,3.5449735449735456,0.13888888888888892,4.348384855852727,2.93637344110264,nan,nan,nan,4.3695501730103805,3.0022667569702435,4.327057182705718,2.8682859485490053,0.9902752025672732,0.4075,0.0117,0.0,0.0,0.0,0.0,0.0,0.0,0.0,0.0,0.0,0.0,0.0,7.559523809523799,22.089947089947096,0.35052910052910063,0.0,0.0,0.0,0.0,0.0,0.0,0.0,0.0,0.0,0.0,0.0,0.0,0.0,0.0,0.0,0.0,nan,nan,4.348384855852727,2.93637344110264,nan,0.4075,0.0681,0.0,0.0,0.0,0.0,0.0,0.0,0.0,0.0,0.0,0.0,0.0,0.0,0.0,0.0,0.0,0.0,1.1022927689594357e-05,3.306878306878307e-05,0.0007275132275132275,3.306878306878307e-05,0.0,0.000462962962962963,0.007716049382716049,2.2045855379188714e-05,0.004045414462081128,0.0008708112874779542,0.0007275132275132275,0.001421957671957672,0.002689594356261023,0.004001322751322751,0.0179673721340388,0.0281194885361552,0.04802689594356261,0.05201719576719577,0.05688932980599647,0.019896384479717814,0.041644620811287475,0.03367504409171076,0.05953483245149912,0.07527557319223986,0.03818342151675485,0.04392636684303351,0.04645061728395062,0.08393959435626103,0.03939594356261023,0.06859567901234567,0.02841710758377425,0.052061287477954146,0.035515873015873015,0.003913139329805996,0.015013227513227513,0.04236111111111111,0.010824514991181658,0.004409171075837742,0.0091820987654321,0.0025793650793650793,0.007032627865961199,0.0019069664902998237,0.001025132275132275,0.0011243386243386243,0.001984126984126984,7.716049382716049e-05,0.001984126984126984,0.00013227513227513228,0.003472222222222222,0.0,0.0006834215167548501,0.0,0.0,0.0,0.0,0.0,0.0,0.0,0.0,0.0,0.0,0.0,0.0,0.0,0.0,0.0,0.0,0.0,0.0,0.0,0.0,0.0,0.0,0.0,0.0,0.0,0.0,0.0,0.0,0.0,0.0,0.0,0.0,0.0,0.0,nan,nan,4.348384855852727,2.93637344110264,nan,0.907278272408485,0.02276762762109929,0.0,0.0,0.0,0.0,0.0,0.0,0.0,0.0,0.0,0.0,0.0,0.0,0.0,0.0,0.0,0.0,0.0,0.0,0.0,0.0,0.0,0.0,0.0,0.0,0.03864319450407901,1.1335337054529844,9.944182052382999,15.148132245598973,3.671103477887506,0.06440532417346502,0.9067652185253823,0.023203358014376046,0.0,0.0,0.0,0.0,0.0,0.0,0.0,0.0,0.0,0.0,0.0,0.0,0.0,0.0,0.0,0.0,0.0,0.0,0.0,0.0,0.0,0.0,0.0,0.0,0.027186225645672867,1.005890348889896,10.466696873584052,14.870865428183057,3.4118713185319445,0.21748980516538294,0.4072,0.01177,0.0,0.0,0.0,0.0,0.0,0.0,0.0,0.0,0.0,0.0,0.0,7.638471446972939,22.11678832116789,0.24474023185916707,0.0,0.0,0.0,0.0,0.0,0.0,0.0,0.0,0.0,0.0,0.0,0.0,0.0,0.0,0.0,0.0,0.4077,0.01162,0.0,0.0,0.0,0.0,0.0,0.0,0.0,0.0,0.0,0.0,0.0,7.476212052560025,22.061622111463528,0.46216583597643873,0.0,0.0,0.0,0.0,0.0,0.0,0.0,0.0,0.0,0.0,0.0,0.0,0.0,0.0,0.0,0.0
87200,4665,2428,0.5204715969989282,1137,933,0.4437299035369775,1314,0.5633440514469453,0.4060000000000001,2.9557443004023245,3.052119066125063,6.453576864535768,2.1214401983134725,8380.445916398714,506.2751198239722,7853.0,8866.4,8866.399999999998,1.8189894035458565e-12,7853.0,0.0,28.394855305466237,21.02667461448622,33.21312721743538,19.274313967504167,0.13526259378349412,0.10010718113612005,0.08960342979635584,0.08896034297963558,0.07909967845659165,0.07631296891747053,0.06902465166130761,0.052733118971061095,0.05873526259378349,0.05959271168274384,0.05080385852090032,0.04137191854233655,0.03858520900321544,0.024866023579849947,0.01607717041800643,0.010932475884244373,0.007931404072883173,0.9068569042674981,0.02237657801796408,0.0,0.0,0.0,0.0,0.0,0.0,0.0,0.0,0.0,0.0,0.0,0.0,0.0,0.0,0.0,0.0,0.0,0.0,0.0,0.0,0.0,0.0,0.0,0.0,0.012861736334405148,1.1704180064308685,10.263665594855308,14.913183279742768,3.5562700964630234,0.08360128617363347,4.220316622691293,2.8570163422635777,nan,nan,nan,4.228439763001975,2.862176602869922,4.2121612690019825,2.8518029492298718,0.996150236278065,0.4077,0.011444,0.0,0.0,0.0,0.0,0.0,0.0,0.0,0.0,0.0,0.0,0.0,7.389067524115744,22.36655948553055,0.2443729903536978,0.0,0.0,0.0,0.0,0.0,0.0,0.0,0.0,0.0,0.0,0.0,0.0,0.0,0.0,0.0,0.0,nan,nan,4.220316622691293,2.8570163422635777,nan,0.4077,0.0677,0.0,0.0,0.0,0.0,0.0,0.0,0.0,0.0,0.0,0.0,0.0,0.0,0.0,0.0,0.0,0.0,0.0,7.502679528403e-05,0.00037513397642015007,8.574490889603429e-05,0.0,0.0006216505894962486,0.006677384780278671,6.430868167202572e-05,0.0037942122186495177,0.0007609860664523044,0.0006109324758842443,0.0020685959271168276,0.003215434083601286,0.004715969989281886,0.017224008574490888,0.027181136120042873,0.04565916398713826,0.053494105037513395,0.05655948553054663,0.021918542336548767,0.04236870310825295,0.03488745980707395,0.060503751339764204,0.07214362272240085,0.03964630225080386,0.04244372990353698,0.047609860664523045,0.08520900321543408,0.0372454448017149,0.06667738478027867,0.02939978563772776,0.05340836012861736,0.03566988210075027,0.0037406216505894963,0.014866023579849947,0.039839228295819935,0.012743837084673098,0.0045659163987138264,0.009367631296891747,0.002990353697749196,0.007909967845659165,0.0020364415862808146,0.0010182207931404073,0.0011575562700964631,0.002079314040728832,2.1436227224008573e-05,0.001607717041800643,0.0,0.0031082529474812434,0.0,0.000632368703108253,0.0,0.0,0.0,0.0,0.0,0.0,0.0,0.0,0.0,0.0,0.0,0.0,0.0,0.0,0.0,0.0,0.0,0.0,0.0,0.0,0.0,0.0,0.0,0.0,0.0,0.0,0.0,0.0,0.0,0.0,0.0,0.0,0.0,0.0,nan,nan,4.220316622691293,2.8570163422635777,nan,0.9066758662756821,0.022067578788120257,0.0,0.0,0.0,0.0,0.0,0.0,0.0,0.0,0.0,0.0,0.0,0.0,0.0,0.0,0.0,0.0,0.0,0.0,0.0,0.0,0.0,0.0,0.0,0.0,0.012355848434925867,1.124382207578254,10.514827018121913,14.777594728171337,3.4967051070840207,0.0741350906095552,0.9070533996828444,0.022705568529563642,0.0,0.0,0.0,0.0,0.0,0.0,0.0,0.0,0.0,0.0,0.0,0.0,0.0,0.0,0.0,0.0,0.0,0.0,0.0,0.0,0.0,0.0,0.0,0.0,0.013410818059901658,1.2203844434510507,9.991059454626734,15.060348681269561,3.6209208761734475,0.0938757264193116,0.4077,0.01147,0.0,0.0,0.0,0.0,0.0,0.0,0.0,0.0,0.0,0.0,0.0,7.475288303130138,22.265238879736415,0.2594728171334432,0.0,0.0,0.0,0.0,0.0,0.0,0.0,0.0,0.0,0.0,0.0,0.0,0.0,0.0,0.0,0.0,0.4077,0.011406,0.0,0.0,0.0,0.0,0.0,0.0,0.0,0.0,0.0,0.0,0.0,7.2954850245864895,22.47653106839518,0.22798390701832816,0.0,0.0,0.0,0.0,0.0,0.0,0.0,0.0,0.0,0.0,0.0,0.0,0.0,0.0,0.0,0.0
87300,4807,2450,0.5096733929685875,1142,971,0.4395672976908675,1342,0.5583524027459954,0.4140000000000001,3.0093338990241834,3.1716415966457827,6.807098765432099,2.122370321213724,8369.503016434366,506.60516269456565,7853.0,8866.4,8866.399999999998,1.8189894035458565e-12,7853.0,0.0,27.675057208237988,20.87863250975208,32.66608695652174,19.154003009082505,0.1433326399001456,0.10110255876846266,0.0950696900353651,0.08300395256916997,0.08425213230705221,0.08050759309340545,0.06261701685042646,0.06324110671936758,0.05637611816101518,0.052215519034741004,0.042230081131682966,0.03723736218015394,0.03827751196172249,0.025795714582899937,0.019762845849802372,0.009153318077803204,0.005824838776783857,0.9050555227079088,0.022803131045570586,0.0,0.0,0.0,0.0,0.0,0.0,0.0,0.0,0.0,0.0,0.0,0.0,0.0,0.0,0.0,0.0,0.0,0.0,0.0,0.0,0.0,0.0,0.0,0.0,0.01872269606823383,1.46661119201165,10.709382151029752,14.491366756812985,3.2577491158726866,0.05616808820470149,4.365415986949429,2.912914042690465,nan,nan,nan,4.408005164622337,2.9222925743712085,4.324752475247525,2.9014872460621866,0.9811132958638571,0.4084,0.011665,0.0,0.0,0.0,0.0,0.0,0.0,0.0,0.0,0.0,0.0,0.006240898689411277,7.127106303307666,22.454753484501776,0.4118993135011443,0.0,0.0,0.0,0.0,0.0,0.0,0.0,0.0,0.0,0.0,0.0,0.0,0.0,0.0,0.0,0.0,nan,nan,4.365415986949429,2.912914042690465,nan,0.4084,0.06866,0.0,0.0,0.0,0.0,0.0,0.0,0.0,0.0,0.0,0.0,0.0,0.0,0.0,0.0,0.0,0.0,0.0,0.00011441647597254005,0.0007385063449136676,0.00013521947160391096,0.0,0.0006760973580195548,0.00668816309548575,0.0,0.003692531724568338,0.0006240898689411275,0.0003744539213646765,0.0019866860827959226,0.0036821302267526523,0.005138339920948616,0.017557728312877056,0.025951737050135218,0.04685874765966299,0.05489910547118785,0.053952569169960475,0.023299355107135426,0.04149157478676929,0.03451216975244435,0.06021427085500312,0.06975244435198669,0.037622217599334304,0.04216767214478885,0.04736842105263158,0.08633243187018931,0.035385895568961934,0.06640316205533597,0.02966507177033493,0.05043686290825879,0.03637403786145205,0.00476388599958394,0.017172872893696692,0.04288537549407115,0.013802787601414604,0.004639068025795714,0.00886207613896401,0.0023299355107135426,0.008446016226336592,0.0019138755980861245,0.0014458081963802788,0.0006864988558352403,0.002402745995423341,1.040149781568546e-05,0.0019554815893488664,1.040149781568546e-05,0.0040773871437487,1.040149781568546e-05,0.0004888703973372166,0.0,0.0,0.0,0.0,0.0,0.0,0.0,0.0,0.0,0.0,0.0,0.0,0.0,0.0,0.0,0.0,0.0,0.0,0.0,0.0,0.0,0.0,0.0,0.0,0.0,0.0,0.0,0.0,0.0,0.0,0.0,0.0,0.0,0.0,nan,nan,4.365415986949429,2.912914042690465,nan,0.9055963000715995,0.022880916482779474,0.0,0.0,0.0,0.0,0.0,0.0,0.0,0.0,0.0,0.0,0.0,0.0,0.0,0.0,0.0,0.0,0.0,0.0,0.0,0.0,0.0,0.0,0.0,0.0,0.012244897959183676,1.3102040816326535,10.738775510204084,14.277551020408167,3.624489795918368,0.036734693877551024,0.9044934079259647,0.022708347970578628,0.0,0.0,0.0,0.0,0.0,0.0,0.0,0.0,0.0,0.0,0.0,0.0,0.0,0.0,0.0,0.0,0.0,0.0,0.0,0.0,0.0,0.0,0.0,0.0,0.0254560882477726,1.6291896478574464,10.678829019940606,14.71361900721256,2.8765379719983035,0.07636826474331779,0.4084,0.01159,0.0,0.0,0.0,0.0,0.0,0.0,0.0,0.0,0.0,0.0,0.012244897959183676,7.212244897959173,22.334693877551025,0.4408163265306123,0.0,0.0,0.0,0.0,0.0,0.0,0.0,0.0,0.0,0.0,0.0,0.0,0.0,0.0,0.0,0.0,0.4084,0.01174,0.0,0.0,0.0,0.0,0.0,0.0,0.0,0.0,0.0,0.0,0.0,7.038608400509111,22.579550275774295,0.38184132371658897,0.0,0.0,0.0,0.0,0.0,0.0,0.0,0.0,0.0,0.0,0.0,0.0,0.0,0.0,0.0,0.0
87400,4669,2418,0.5178839151852646,1164,907,0.4435639323195545,1315,0.5632897836795888,0.37000000000000005,2.8996001776988005,2.930204660338664,5.998587570621469,2.040894961121563,8377.823559648748,506.3757760652243,7853.0,8866.4,8866.399999999998,1.8189894035458565e-12,7853.0,0.0,29.7192118226601,21.194794045836556,34.18751554339716,19.422670840323917,0.12079674448490041,0.09188263011351468,0.09016920111372885,0.08631398586421075,0.07838937674020133,0.07260655386592418,0.06853715999143285,0.06446776611694154,0.061897622617262796,0.05975583636753052,0.05054615549368173,0.045405868494324264,0.03812379524523452,0.030199186121225102,0.02291711287213536,0.009423859498822018,0.008567144998929107,0.9044557268166599,0.02279519572322953,0.0,0.0,0.0,0.0,0.0,0.0,0.0,0.0,0.0,0.0,0.0,0.0,0.0,0.0,0.0,0.0,0.0,0.0,0.0,0.0,0.0,0.0,0.0,0.0,0.03212679374598416,1.413578924823303,11.231527093596062,14.167916041979014,3.0648961233668888,0.08995502248875564,4.028772378516624,2.7551051477753865,nan,nan,nan,4.078305519897304,2.745803978935814,3.978330146590185,2.7638362999719694,0.975486051052488,0.4082,0.01128,0.0,0.0,0.0,0.0,0.0,0.0,0.0,0.0,0.0,0.0,0.0,6.913686014135779,22.707217819661604,0.37909616620261305,0.0,0.0,0.0,0.0,0.0,0.0,0.0,0.0,0.0,0.0,0.0,0.0,0.0,0.0,0.0,0.0,nan,nan,4.028772378516624,2.7551051477753865,nan,0.4084,0.0686,0.0,0.0,0.0,0.0,0.0,0.0,0.0,0.0,0.0,0.0,0.0,0.0,0.0,0.0,0.0,0.0,0.0,0.00011779824373527522,0.0006746626686656671,0.0002998500749625187,0.0,0.0004497751124437781,0.00603983722424502,1.0708931248661384e-05,0.003651745555793532,0.0002998500749625187,7.496251874062968e-05,0.0021953309059755837,0.0038016705932747913,0.005718569286785179,0.017744699079031912,0.02582994217177126,0.04566288284429214,0.05816020561147998,0.05517241379310345,0.0224352109659456,0.04103662454487042,0.03591775540801028,0.05882415934889698,0.0707967444849004,0.036870850289141145,0.04264296423216963,0.04713000642535875,0.08539301777682587,0.03352966373955879,0.06740201327907475,0.02893553223388306,0.050995930606125506,0.036881559220389805,0.004572713643178411,0.017466266866566715,0.04124009423859499,0.013975155279503106,0.004765474405654315,0.009348896980081388,0.0026558149496680233,0.008085243092739345,0.002238166630970229,0.001531377168558578,0.0005247376311844077,0.002452345255943457,5.3544656243306916e-05,0.001788391518526451,0.0,0.0042621546369672305,0.0,0.0003426857999571643,0.0,0.0,0.0,0.0,0.0,0.0,0.0,0.0,0.0,0.0,0.0,0.0,0.0,0.0,0.0,0.0,0.0,0.0,0.0,0.0,0.0,0.0,0.0,0.0,0.0,0.0,0.0,0.0,0.0,0.0,0.0,0.0,0.0,0.0,nan,nan,4.028772378516624,2.7551051477753865,nan,0.9043166951220128,0.022860608212897742,0.0,0.0,0.0,0.0,0.0,0.0,0.0,0.0,0.0,0.0,0.0,0.0,0.0,0.0,0.0,0.0,0.0,0.0,0.0,0.0,0.0,0.0,0.0,0.0,0.049627791563275445,1.3151364764267994,11.414392059553354,14.15632754342432,2.965260545905708,0.09925558312655089,0.9046050731683508,0.022723772944590645,0.0,0.0,0.0,0.0,0.0,0.0,0.0,0.0,0.0,0.0,0.0,0.0,0.0,0.0,0.0,0.0,0.0,0.0,0.0,0.0,0.0,0.0,0.0,0.0,0.013327410039982234,1.5193247445579747,11.03509551310529,14.180364282541095,3.1719235895157714,0.0799644602398934,0.408,0.01133,0.0,0.0,0.0,0.0,0.0,0.0,0.0,0.0,0.0,0.0,0.0,7.17121588089329,22.48138957816378,0.34739454094292815,0.0,0.0,0.0,0.0,0.0,0.0,0.0,0.0,0.0,0.0,0.0,0.0,0.0,0.0,0.0,0.0,0.4087,0.0112,0.0,0.0,0.0,0.0,0.0,0.0,0.0,0.0,0.0,0.0,0.0,6.637050199911141,22.949800088849408,0.4131497112394492,0.0,0.0,0.0,0.0,0.0,0.0,0.0,0.0,0.0,0.0,0.0,0.0,0.0,0.0,0.0,0.0
87500,4409,2226,0.5048763892039011,1039,925,0.44545248355636197,1276,0.5788160580630528,0.4060000000000001,2.9857993586807146,3.066417016841037,6.5141065830721,2.099176223242407,8364.641732819235,506.67590161437823,7853.0,8866.4,8866.4,0.0,7853.0,0.0,27.73327285098662,20.78287635032212,32.93320610687023,18.911610936564117,0.145611249716489,0.09752778407802223,0.09072352007257882,0.08165116806532094,0.08573372646858698,0.07915627126332501,0.06736221365388977,0.0612383760489907,0.060104332048083464,0.05261964164209571,0.050124744840099794,0.03878430483102745,0.02903152642322522,0.026990247221592198,0.017010660013608528,0.009299160807439328,0.007031072805624858,0.9036821125585981,0.022222754553486854,0.0,0.0,0.0,0.0,0.0,0.0,0.0,0.0,0.0,0.0,0.0,0.0,0.0,0.0,0.0,0.0,0.0,0.0,0.0,0.0,0.0,0.0,0.0,0.0,0.03402132002721706,1.4220911771376734,11.648899977319124,14.227716035382176,2.585620322068497,0.08165116806532095,4.349189570119803,2.8442636121539935,nan,nan,nan,4.331926863572433,2.8456953599871135,4.368197879858657,2.843027414495238,1.008372952136203,0.4087,0.01165,0.0,0.0,0.0,0.0,0.0,0.0,0.0,0.0,0.0,0.0,0.006804264005443413,6.695395781356306,22.950782490360634,0.34701746427761404,0.0,0.0,0.0,0.0,0.0,0.0,0.0,0.0,0.0,0.0,0.0,0.0,0.0,0.0,0.0,0.0,nan,nan,4.349189570119803,2.8442636121539935,nan,0.4087,0.0686,0.0,0.0,0.0,0.0,0.0,0.0,0.0,0.0,0.0,0.0,0.0,0.0,0.0,0.0,0.0,0.0,0.0,3.402132002721705e-05,0.00038557496030846,0.00020412792016330234,0.0,0.0005670220004536176,0.005851667044681334,0.0,0.004139260603311408,0.0002608301202086641,7.938308006350647e-05,0.0017917895214334316,0.0034361533227489226,0.006498072125198458,0.017090043093672035,0.026570650941256522,0.042742118394193694,0.06046722612837378,0.05485370832388297,0.021274665457019733,0.04172147879337718,0.03818326151054661,0.0573826264459061,0.06965298253572239,0.038205942390564754,0.04216375595373101,0.04930823315944659,0.08369244726695396,0.032989339986391475,0.06698797913359038,0.03109548650487639,0.052109321841687456,0.03605125878884101,0.004309367203447494,0.016523021093218418,0.04070083919256067,0.015366296212293037,0.004093898843275119,0.008063052846450442,0.0029711952823769563,0.007427988205942391,0.002710365162168292,0.001383533681106827,0.0005670220004536176,0.0025856203220684963,0.0002154683601723747,0.002063960081651168,2.2680880018144703e-05,0.004536176003628941,0.0,0.0006577455205261964,0.0,0.0,0.0,1.1340440009072351e-05,0.0,0.0,0.0,0.0,0.0,0.0,0.0,0.0,0.0,0.0,0.0,0.0,0.0,0.0,0.0,0.0,0.0,0.0,0.0,0.0,0.0,0.0,0.0,0.0,0.0,0.0,0.0,0.0,0.0,0.0,nan,nan,4.349189570119803,2.8442636121539935,nan,0.9039437310018736,0.022310744770271618,0.0,0.0,0.0,0.0,0.0,0.0,0.0,0.0,0.0,0.0,0.0,0.0,0.0,0.0,0.0,0.0,0.0,0.0,0.0,0.0,0.0,0.0,0.0,0.0,0.02695417789757413,1.4690026954177902,11.509433962264154,14.19137466307278,2.722371967654987,0.08086253369272238,0.903415340843192,0.02212948627055883,0.0,0.0,0.0,0.0,0.0,0.0,0.0,0.0,0.0,0.0,0.0,0.0,0.0,0.0,0.0,0.0,0.0,0.0,0.0,0.0,0.0,0.0,0.0,0.0,0.04122766834631242,1.3742556115437474,11.791113147045353,14.264773247824099,2.4461749885478703,0.08245533669262484,0.4087,0.01184,0.0,0.0,0.0,0.0,0.0,0.0,0.0,0.0,0.0,0.0,0.013477088948787064,6.940700808625327,22.73584905660378,0.3099730458221025,0.0,0.0,0.0,0.0,0.0,0.0,0.0,0.0,0.0,0.0,0.0,0.0,0.0,0.0,0.0,0.0,0.4084,0.01146,0.0,0.0,0.0,0.0,0.0,0.0,0.0,0.0,0.0,0.0,0.0,6.445258818140165,23.169949610627583,0.38479157123224933,0.0,0.0,0.0,0.0,0.0,0.0,0.0,0.0,0.0,0.0,0.0,0.0,0.0,0.0,0.0,0.0
87600,4338,2229,0.5138312586445366,1041,891,0.44536652835408025,1207,0.5564776394651914,0.4260000000000001,2.9203413940256047,3.0470171621812336,6.472696245733788,2.132177955201681,8373.716597510374,506.5060957128078,7853.0,8866.4,8866.400000000001,1.8189894035458565e-12,7853.0,0.0,28.053711387736286,20.93126077325521,32.84711984711985,19.25069453997616,0.13531581373905024,0.10235131396957123,0.09635776855693869,0.08782849239280774,0.08045182111572154,0.07514983863531581,0.0656984785615491,0.06131857999077916,0.0557860765329645,0.0516366989396035,0.05140617796219456,0.040110650069156296,0.03503918856615952,0.025357307514983864,0.018211157215306594,0.012217611802674043,0.005763024435223606,0.9026316077739975,0.02265257877487813,0.0,0.0,0.0,0.0,0.0,0.0,0.0,0.0,0.0,0.0,0.0,0.0,0.0,0.0,0.0,0.0,0.0,0.0,0.0,0.0,0.0,0.0,0.0,0.0,0.03457814661134164,1.6113416320885205,12.04011065006916,13.644536652835411,2.6071922544951596,0.06224066390041495,4.21809081158384,2.8667814152548954,nan,nan,nan,4.136947218259629,2.8208144904461205,4.299641577060932,2.909969247000112,1.0393271536274873,0.4087,0.011116,0.0,0.0,0.0,0.0,0.0,0.0,0.0,0.0,0.0,0.0,0.006915629322268328,6.424619640387266,23.264177040110656,0.3042876901798064,0.0,0.0,0.0,0.0,0.0,0.0,0.0,0.0,0.0,0.0,0.0,0.0,0.0,0.0,0.0,0.0,nan,nan,4.21809081158384,2.8667814152548954,nan,0.4087,0.0688,0.0,0.0,0.0,0.0,0.0,0.0,0.0,0.0,0.0,0.0,0.0,0.0,0.0,0.0,0.0,0.0,0.0,0.0,0.0006569847856154911,0.0004495159059474412,0.0,0.0008414015675426464,0.00615491009681881,0.0,0.0036998616874135545,0.0002650991240202858,0.0001959428307976026,0.0013600737667127708,0.0026625172890733058,0.006327800829875519,0.016632088520055325,0.027616413093591516,0.04013370216689719,0.06022360534808668,0.05372291378515445,0.022141539880129093,0.04175887505763024,0.040525587828492395,0.059578146611341636,0.06789995389580451,0.03832411249423698,0.04196634393729829,0.05099124020285846,0.08490087597971416,0.03495850622406639,0.06492623328722914,0.031834946980175194,0.049515905947441215,0.037286768095896726,0.003769017980636238,0.01524896265560166,0.038174273858921165,0.015479483633010604,0.004541263254956201,0.008909635776855693,0.002996772706316275,0.0072959889349930845,0.003492392807745505,0.0014407561088059014,0.00036883356385431073,0.002351313969571231,0.00027662517289073305,0.0017289073305670815,0.0,0.005405716920239742,0.0,0.0009566620562471185,0.0,1.152604887044721e-05,0.0,0.0,0.0,0.0,0.0,0.0,0.0,0.0,0.0,0.0,0.0,0.0,0.0,0.0,0.0,0.0,0.0,0.0,0.0,0.0,0.0,0.0,0.0,0.0,0.0,0.0,0.0,0.0,0.0,0.0,0.0,0.0,nan,nan,4.21809081158384,2.8667814152548954,nan,0.9026804643128687,0.022615555241187534,0.0,0.0,0.0,0.0,0.0,0.0,0.0,0.0,0.0,0.0,0.0,0.0,0.0,0.0,0.0,0.0,0.0,0.0,0.0,0.0,0.0,0.0,0.0,0.0,0.026917900403768513,1.5343203230148053,12.099596231493948,13.75504710632571,2.5168236877523555,0.06729475100942128,0.9025799713467128,0.022691528910365376,0.0,0.0,0.0,0.0,0.0,0.0,0.0,0.0,0.0,0.0,0.0,0.0,0.0,0.0,0.0,0.0,0.0,0.0,0.0,0.0,0.0,0.0,0.0,0.0,0.042674253200568994,1.6927453769559038,11.977240398293032,13.527738264580373,2.702702702702703,0.056899004267425335,0.4087,0.01117,0.0,0.0,0.0,0.0,0.0,0.0,0.0,0.0,0.0,0.0,0.013458950201884257,6.379542395693127,23.283983849259766,0.3230148048452221,0.0,0.0,0.0,0.0,0.0,0.0,0.0,0.0,0.0,0.0,0.0,0.0,0.0,0.0,0.0,0.0,0.4087,0.01105,0.0,0.0,0.0,0.0,0.0,0.0,0.0,0.0,0.0,0.0,0.0,6.472261735419621,23.243243243243246,0.2844950213371267,0.0,0.0,0.0,0.0,0.0,0.0,0.0,0.0,0.0,0.0,0.0,0.0,0.0,0.0,0.0,0.0
87700,4655,2385,0.5123523093447906,1110,930,0.43823845327604727,1286,0.5525241675617616,0.4140000000000001,2.980616740088106,3.1489559934534737,6.628930817610063,2.1691184747445096,8372.21783029001,506.545352288253,7853.0,8866.4,8866.399999999996,3.637978807091713e-12,7853.0,0.0,27.454779806659506,20.939174512095033,32.78176149649259,19.124475548174892,0.1527389903329753,0.10225563909774436,0.09366272824919442,0.08227712137486573,0.07819548872180451,0.07346938775510205,0.06895810955961332,0.06015037593984962,0.056283566058002145,0.05263157894736842,0.04962406015037594,0.040171858216971,0.029430719656283567,0.02234156820622986,0.02234156820622986,0.010955961331901182,0.004511278195488722,0.9030048152429845,0.022206773544498466,0.0,0.0,0.0,0.0,0.0,0.0,0.0,0.0,0.0,0.0,0.0,0.0,0.0,0.0,0.0,0.0,0.0,0.0,0.0,0.0,0.0,0.0,0.0,0.0,0.04511278195488723,1.4500537056928038,12.000000000000004,14.055853920515577,2.397422126745435,0.05155746509129969,4.315682281059063,2.898510484259846,nan,nan,nan,4.382494831150931,2.9070976345127124,4.253012048192771,2.8884158428998434,0.9704545497606085,0.4092,0.011505,0.0,0.0,0.0,0.0,0.0,0.0,0.0,0.0,0.0,0.0,0.0,6.49624060150375,23.020408163265312,0.4833512352309346,0.0,0.0,0.0,0.0,0.0,0.0,0.0,0.0,0.0,0.0,0.0,0.0,0.0,0.0,0.0,0.0,nan,nan,4.315682281059063,2.898510484259846,nan,0.4092,0.06934,0.0,0.0,0.0,0.0,0.0,0.0,0.0,0.0,0.0,0.0,0.0,0.0,0.0,0.0,0.0,1.0741138560687432e-05,0.0,0.0,0.0003007518796992481,0.0006874328678839957,0.0,0.0005155746509129968,0.006111707841031149,1.0741138560687432e-05,0.0035875402792696024,0.00039742212674543503,0.00040816326530612246,0.0015037593984962407,0.0026423200859291085,0.006595059076262084,0.017250268528464018,0.02994629430719656,0.03996777658431794,0.059312567132116,0.053566058002148226,0.019881847475832437,0.04083780880773362,0.04134264232008593,0.057293233082706764,0.06647690655209453,0.037669172932330824,0.045306122448979594,0.049280343716433944,0.08537056928034371,0.03577873254564984,0.0653920515574651,0.03141783029001074,0.050676691729323306,0.03749731471535983,0.003630504833512352,0.01564983888292159,0.03674543501611171,0.013737916219119227,0.004822771213748658,0.00916219119226638,0.003297529538131042,0.008055853920515575,0.004049409237379162,0.0016541353383458647,0.00036519871106337274,0.002502685284640172,0.00023630504833512352,0.0014930182599355532,0.0,0.006680988184747583,0.0,0.0008700322234156821,1.0741138560687432e-05,0.0,0.0,0.0,0.0,0.0,0.0,0.0,0.0,0.0,0.0,0.0,0.0,0.0,0.0,0.0,0.0,0.0,0.0,0.0,0.0,0.0,0.0,0.0,0.0,0.0,0.0,0.0,0.0,0.0,0.0,0.0,0.0,0.0,nan,nan,4.315682281059063,2.898510484259846,nan,0.9027685451307637,0.02233564933588222,0.0,0.0,0.0,0.0,0.0,0.0,0.0,0.0,0.0,0.0,0.0,0.0,0.0,0.0,0.0,0.0,0.0,0.0,0.0,0.0,0.0,0.0,0.0,0.0,0.03773584905660378,1.5345911949685538,12.012578616352204,14.07547169811321,2.2893081761006293,0.05031446540880504,0.9032530549864412,0.022067833183465693,0.0,0.0,0.0,0.0,0.0,0.0,0.0,0.0,0.0,0.0,0.0,0.0,0.0,0.0,0.0,0.0,0.0,0.0,0.0,0.0,0.0,0.0,0.0,0.0,0.05286343612334803,1.3612334801762118,11.986784140969165,14.035242290748903,2.5110132158590313,0.05286343612334803,0.409,0.01157,0.0,0.0,0.0,0.0,0.0,0.0,0.0,0.0,0.0,0.0,0.0,6.842767295597475,22.591194968553467,0.5660377358490567,0.0,0.0,0.0,0.0,0.0,0.0,0.0,0.0,0.0,0.0,0.0,0.0,0.0,0.0,0.0,0.0,0.4094,0.01142,0.0,0.0,0.0,0.0,0.0,0.0,0.0,0.0,0.0,0.0,0.0,6.132158590308361,23.471365638766525,0.3964757709251102,0.0,0.0,0.0,0.0,0.0,0.0,0.0,0.0,0.0,0.0,0.0,0.0,0.0,0.0,0.0,0.0
87800,4692,2394,0.510230179028133,1137,990,0.4533248081841432,1355,0.5775788576300085,0.4100000000000001,2.9508268059181897,3.0488796776097393,6.490909090909091,2.0674041161839467,8370.06726342711,506.5939299370184,7853.0,8866.4,8866.399999999998,1.8189894035458565e-12,7853.0,0.0,28.12063086104007,20.814958936881027,32.883597883597886,19.08864775784377,0.13512361466325662,0.09526854219948849,0.09526854219948849,0.08823529411764706,0.08248081841432225,0.079923273657289,0.0711849957374254,0.06159420289855073,0.05775788576300085,0.05008525149190111,0.04454390451832907,0.04241261722080136,0.03473998294970162,0.02514919011082694,0.0196078431372549,0.011295822676896846,0.005328218243819267,0.9030900008258714,0.02226002377296615,0.0,0.0,0.0,0.0,0.0,0.0,0.0,0.0,0.0,0.0,0.0,0.0,0.0,0.0,0.0,0.0,0.0,0.0,0.0,0.0,0.0,0.0,0.0,0.0,0.012787723785166244,1.4258312020460362,12.1227621483376,13.849104859335041,2.5000000000000004,0.08951406649616371,4.142717815344604,2.816698932004941,nan,nan,nan,4.148123765635287,2.824662400695221,4.137443802183687,2.80889803546232,0.9974253508200317,0.4094,0.01139,0.0,0.0,0.0,0.0,0.0,0.0,0.0,0.0,0.0,0.0,0.0,6.214833759590784,23.356777493606145,0.42838874680306915,0.0,0.0,0.0,0.0,0.0,0.0,0.0,0.0,0.0,0.0,0.0,0.0,0.0,0.0,0.0,0.0,nan,nan,4.142717815344604,2.816698932004941,nan,0.4094,0.0696,0.0,0.0,0.0,0.0,0.0,0.0,0.0,0.0,0.0,0.0,0.0,0.0,0.0,0.0,0.0,0.0,0.0,0.0,0.00026641091219096335,0.0005434782608695652,5.328218243819267e-05,0.00046888320545609546,0.005626598465473146,0.0,0.0038256606990622337,0.0007566069906223358,0.00033034953111679455,0.0011508951406649615,0.0029092071611253197,0.007608695652173913,0.0161231884057971,0.030509377664109123,0.039940323955669224,0.05812020460358056,0.05541346973572037,0.02187766410912191,0.040153452685421996,0.04127237851662404,0.056223358908780906,0.06420502983802216,0.03541133844842285,0.04715473145780051,0.04942455242966752,0.08468670076726342,0.036817988064791134,0.06814791133844843,0.029326513213981244,0.048667945439045186,0.03788363171355499,0.0037510656436487637,0.016762574595055414,0.03769181585677749,0.014077152600170503,0.004933930093776641,0.00843989769820972,0.003090366581415175,0.008130861040068202,0.003569906223358909,0.001641091219096334,0.0005008525149190111,0.002419011082693947,0.0002557544757033248,0.001257459505541347,0.0,0.008002983802216538,0.0,0.0005754475703324808,0.0,0.0,0.0,0.0,0.0,0.0,0.0,0.0,0.0,0.0,0.0,0.0,0.0,0.0,0.0,0.0,0.0,0.0,0.0,0.0,0.0,0.0,0.0,0.0,0.0,0.0,0.0,0.0,0.0,0.0,0.0,0.0,0.0,0.0,nan,nan,4.142717815344604,2.816698932004941,nan,0.9037277008855751,0.022222895822155007,0.0,0.0,0.0,0.0,0.0,0.0,0.0,0.0,0.0,0.0,0.0,0.0,0.0,0.0,0.0,0.0,0.0,0.0,0.0,0.0,0.0,0.0,0.0,0.0,0.0,1.340852130325815,11.929824561403512,13.972431077694239,2.6942355889724316,0.06265664160401004,0.9024256605547962,0.022279232815705673,0.0,0.0,0.0,0.0,0.0,0.0,0.0,0.0,0.0,0.0,0.0,0.0,0.0,0.0,0.0,0.0,0.0,0.0,0.0,0.0,0.0,0.0,0.0,0.0,0.026109660574412538,1.5143603133159274,12.323759791122718,13.72062663185379,2.2976501305483032,0.11749347258485641,0.4097,0.01153,0.0,0.0,0.0,0.0,0.0,0.0,0.0,0.0,0.0,0.0,0.0,6.228070175438587,23.283208020050132,0.4887218045112783,0.0,0.0,0.0,0.0,0.0,0.0,0.0,0.0,0.0,0.0,0.0,0.0,0.0,0.0,0.0,0.0,0.4092,0.01123,0.0,0.0,0.0,0.0,0.0,0.0,0.0,0.0,0.0,0.0,0.0,6.201044386422968,23.433420365535255,0.36553524804177556,0.0,0.0,0.0,0.0,0.0,0.0,0.0,0.0,0.0,0.0,0.0,0.0,0.0,0.0,0.0,0.0
87900,4698,2481,0.5280970625798213,1181,958,0.4553001277139208,1299,0.5530012771392082,0.3980000000000001,3.0153360396932793,3.055602496914101,6.36150234741784,2.2009718147174713,8388.17356321839,505.89934393874057,7853.0,8866.4,8866.4,0.0,7853.0,0.0,28.002979991485738,20.689673050603076,32.90184669870984,18.889267619374017,0.1387824606215411,0.09642401021711366,0.08961260110685398,0.08897403150276713,0.08258833546189868,0.07811834823329077,0.06641123882503193,0.06960408684546615,0.06151553852703278,0.04831843337590464,0.04576415495955726,0.04001702852277565,0.03384418901660281,0.02554278416347382,0.018518518518518517,0.010855683269476373,0.005108556832694764,0.9029102752365017,0.022622543147376047,0.0,0.0,0.0,0.0,0.0,0.0,0.0,0.0,0.0,0.0,0.0,0.0,0.0,0.0,0.0,0.0,0.0,0.0,0.0,0.0,0.0,0.0,0.0,0.0,0.006385696040868456,1.6411238825031933,11.99872286079183,13.665389527458496,2.6053639846743297,0.08301404853128994,4.175352343493937,2.833589929744211,nan,nan,nan,4.203960396039604,2.807342592929315,4.147135416666667,2.8589619915560833,0.9864829888915058,0.409,0.01149,0.0,0.0,0.0,0.0,0.0,0.0,0.0,0.0,0.0,0.0,0.0,6.264367816091945,23.269476372924654,0.4661558109833973,0.0,0.0,0.0,0.0,0.0,0.0,0.0,0.0,0.0,0.0,0.0,0.0,0.0,0.0,0.0,0.0,nan,nan,4.175352343493937,2.833589929744211,nan,0.409,0.06915,0.0,0.0,0.0,0.0,0.0,0.0,0.0,0.0,0.0,0.0,0.0,0.0,0.0,0.0,0.0,0.0,0.0,0.0,0.0002022137079608344,0.000351213282247765,3.192848020434228e-05,0.000393784589186888,0.005374627501064283,0.0,0.0033950617283950617,0.0007556406981694339,0.000351213282247765,0.0008620689655172414,0.002799063431247339,0.008641975308641974,0.015825883354618986,0.02950191570881226,0.040815240527884204,0.0586845466155811,0.055002128565346954,0.022711792252022137,0.04267773520647084,0.043933588761174966,0.05512984248616432,0.06276074925500214,0.03516389953171562,0.046168582375478925,0.04961685823754789,0.08525968497232865,0.03763303533418476,0.06849723286504895,0.028331204767986378,0.04825457641549596,0.037654320987654324,0.003480204342273308,0.0176990208599404,0.036877394636015325,0.012760749255002129,0.005555555555555556,0.008077905491698595,0.002799063431247339,0.008067262664963814,0.0035866326096211155,0.0016389953171562367,0.0005959982971477225,0.002011494252873563,0.00015964240102171138,0.0012558535547041293,0.0,0.00800340570455513,0.0,0.0006492124308216262,0.0,0.0,0.0,0.0,0.0,0.0,0.0,0.0,0.0,0.0,0.0,0.0,0.0,0.0,0.0,0.0,0.0,0.0,0.0,0.0,0.0,0.0,0.0,0.0,0.0,0.0,0.0,0.0,0.0,0.0,0.0,0.0,0.0,0.0,nan,nan,4.175352343493937,2.833589929744211,nan,0.9035800563044627,0.022727691108063445,0.0,0.0,0.0,0.0,0.0,0.0,0.0,0.0,0.0,0.0,0.0,0.0,0.0,0.0,0.0,0.0,0.0,0.0,0.0,0.0,0.0,0.0,0.0,0.0,0.012091898428053208,1.5477629987908106,11.970979443772675,13.422007255139059,2.9383313180169295,0.10882708585247886,0.9021607367477279,0.022480642979971592,0.0,0.0,0.0,0.0,0.0,0.0,0.0,0.0,0.0,0.0,0.0,0.0,0.0,0.0,0.0,0.0,0.0,0.0,0.0,0.0,0.0,0.0,0.0,0.0,0.0,1.7456021650879572,12.029769959404604,13.93775372124493,2.2327469553450614,0.054127198917456036,0.409,0.01159,0.0,0.0,0.0,0.0,0.0,0.0,0.0,0.0,0.0,0.0,0.0,6.408706166868189,23.131801692865785,0.45949214026602186,0.0,0.0,0.0,0.0,0.0,0.0,0.0,0.0,0.0,0.0,0.0,0.0,0.0,0.0,0.0,0.0,0.4092,0.011375,0.0,0.0,0.0,0.0,0.0,0.0,0.0,0.0,0.0,0.0,0.0,6.102841677943157,23.4235453315291,0.4736129905277403,0.0,0.0,0.0,0.0,0.0,0.0,0.0,0.0,0.0,0.0,0.0,0.0,0.0,0.0,0.0,0.0
88000,4541,2335,0.5142039198414446,1093,924,0.4441752917859502,1279,0.5633120458048888,0.4220000000000001,2.976427923844062,3.119032779794468,6.6025848142164785,2.1585895084684066,8374.09425236732,506.49550392751337,7853.0,8866.4,8866.4,0.0,7853.0,0.0,27.850033032371723,21.081300831988127,32.90205371248025,19.35854952469623,0.14269984584893194,0.10085884166483154,0.09557366218894517,0.08764589297511562,0.0794979079497908,0.07355208103941863,0.06276150627615062,0.06386258533362696,0.06342215371063642,0.04712618365998679,0.04536445716802467,0.04096014093811936,0.031270645232327685,0.026866329002422373,0.020039638846069147,0.011010790574763268,0.007487337590839022,0.9026630019149284,0.022679677464487468,0.0,0.0,0.0,0.0,0.0,0.0,0.0,0.0,0.0,0.0,0.0,0.0,0.0,0.0,0.0,0.0,0.0,0.0,0.0,0.0,0.0,0.0,0.0,0.0,0.04624532041400574,1.6648315349042064,11.984144461572344,13.701827791235415,2.5302796740805995,0.07267121779343758,4.298728085252664,2.906081465772228,nan,nan,nan,4.399310344827586,2.9127305959143803,4.19876627827279,2.8959991994938017,0.9544146580177999,0.4092,0.01126,0.0,0.0,0.0,0.0,0.0,0.0,0.0,0.0,0.0,0.0,0.0,6.428099537546786,23.142479630037442,0.42942083241576756,0.0,0.0,0.0,0.0,0.0,0.0,0.0,0.0,0.0,0.0,0.0,0.0,0.0,0.0,0.0,0.0,nan,nan,4.298728085252664,2.906081465772228,nan,0.4092,0.06824,0.0,0.0,0.0,0.0,0.0,0.0,0.0,0.0,0.0,0.0,0.0,0.0,0.0,0.0,0.0,0.0,0.0,0.0,0.00023122660207002864,0.00036335608896718785,6.60647434485796e-05,0.00018718343977097555,0.004910812596344418,0.0,0.003963884606914776,0.0005835719004624532,0.00029729134551860823,0.0008368200836820083,0.0029619026646113193,0.00791675842325479,0.016890552741686854,0.029442853996916978,0.039407619467077735,0.05935917198854878,0.05213609337150407,0.021856419290905087,0.04327240695881964,0.04264479189605814,0.05357850693679806,0.06410482272627174,0.037018277912354104,0.04562871614181898,0.05051750715701387,0.08645672759304118,0.03836159436247522,0.07230786170447039,0.02767011671438009,0.04777582030389782,0.03789914115833517,0.004062981722087646,0.017584232547896938,0.03667694340453644,0.012221977537987228,0.006265139837040299,0.008676502972913456,0.002598546575644131,0.0077515965646333404,0.0031490861043822946,0.0017947588636864128,0.0005395287381634001,0.0012221977537987228,0.00029729134551860823,0.0012772517066725391,1.1010790574763269e-05,0.00673860383175512,0.0,0.0004844747852895838,0.0,0.0,0.0,0.0,0.0,0.0,0.0,0.0,0.0,0.0,0.0,0.0,0.0,0.0,0.0,0.0,0.0,0.0,0.0,0.0,0.0,0.0,0.0,0.0,0.0,0.0,0.0,0.0,0.0,0.0,0.0,0.0,0.0,0.0,nan,nan,4.298728085252664,2.906081465772228,nan,0.9022998951231898,0.0228562253043813,0.0,0.0,0.0,0.0,0.0,0.0,0.0,0.0,0.0,0.0,0.0,0.0,0.0,0.0,0.0,0.0,0.0,0.0,0.0,0.0,0.0,0.0,0.0,0.0,0.038543897216274096,1.580299785867238,12.53961456102784,13.169164882226983,2.5952890792291226,0.07708779443254819,0.9030473420594026,0.022484908707793117,0.0,0.0,0.0,0.0,0.0,0.0,0.0,0.0,0.0,0.0,0.0,0.0,0.0,0.0,0.0,0.0,0.0,0.0,0.0,0.0,0.0,0.0,0.0,0.0,0.054397098821396206,1.7543064369900276,11.396192203082505,14.265639165911155,2.461468721668178,0.06799637352674526,0.409,0.011505,0.0,0.0,0.0,0.0,0.0,0.0,0.0,0.0,0.0,0.0,0.0,6.9764453961456,22.625267665952897,0.39828693790149905,0.0,0.0,0.0,0.0,0.0,0.0,0.0,0.0,0.0,0.0,0.0,0.0,0.0,0.0,0.0,0.0,0.4094,0.010994,0.0,0.0,0.0,0.0,0.0,0.0,0.0,0.0,0.0,0.0,0.0,5.847688123300083,23.689936536718047,0.46237533998186775,0.0,0.0,0.0,0.0,0.0,0.0,0.0,0.0,0.0,0.0,0.0,0.0,0.0,0.0,0.0,0.0
88100,4453,2284,0.5129126431619133,1060,889,0.4376824612620705,1246,0.559622726251965,0.4380000000000001,3.0230520977408943,3.1556259006504774,6.653846153846154,2.1703238744300597,8372.785672580283,506.5310011964928,7853.0,8866.4,8866.4,0.0,7853.0,0.0,28.554906804401526,21.190376918475867,33.497602557272245,19.40143510627523,0.1367617336626993,0.09566584325174039,0.0979115203233775,0.08376375477206378,0.07792499438580731,0.06984055692791377,0.07163709858522345,0.059510442398383115,0.05771390074107343,0.054120817426454075,0.052099708061980686,0.04423983831125084,0.03166404671008309,0.028070963395463732,0.021109364473388726,0.011003817651021782,0.006961598922075006,0.9023737951179528,0.0226604069996072,0.0,0.0,0.0,0.0,0.0,0.0,0.0,0.0,0.0,0.0,0.0,0.0,0.0,0.0,0.0,0.0,0.0,0.0,0.0,0.0,0.0,0.0,0.0,0.0,0.03368515607455649,1.832472490455873,11.78980462609477,13.871547271502362,2.3916460812935103,0.08084437457893556,4.3093176307585725,2.8919330100675915,nan,nan,nan,4.377266387726639,2.970202891914155,4.243112947658402,2.8117204924634125,0.9693522330639077,0.4087,0.011116,0.0,0.0,0.0,0.0,0.0,0.0,0.0,0.0,0.0,0.0,0.006737031214911297,6.514709184819213,23.114754098360663,0.3637996856052101,0.0,0.0,0.0,0.0,0.0,0.0,0.0,0.0,0.0,0.0,0.0,0.0,0.0,0.0,0.0,0.0,nan,nan,4.3093176307585725,2.8919330100675915,nan,0.4087,0.0684,0.0,0.0,0.0,0.0,0.0,0.0,0.0,0.0,0.0,0.0,0.0,0.0,0.0,0.0,0.0,0.0,0.0,0.0,0.00020211093644733886,0.0004940489557601617,0.0,0.0002694812485964518,0.004446440601841455,3.368515607455648e-05,0.004176959353245004,0.0006737031214911295,0.00033685156074556477,0.00079721536043117,0.0033797439928138335,0.006490006737031215,0.017067145744441948,0.029957332135638896,0.04189310577139008,0.05988097911520324,0.05204356613518976,0.022467999101729173,0.042892432068268586,0.045688300022456774,0.05177408488659331,0.06235122389400404,0.0397821693240512,0.045205479452054796,0.048394340893779475,0.08781720188636874,0.03933303390972378,0.06642712777902537,0.026914439703570627,0.05048282057040197,0.039231978441500115,0.004030990343588592,0.01716820121266562,0.03672804850662475,0.010116775207725128,0.005894902313047384,0.008758140579384684,0.0023804176959353247,0.007298450482820571,0.003166404671008309,0.0019312822816079048,0.0005277341118347182,0.0014260049404895576,0.0001908825510891534,0.001976195823040647,0.0,0.007040197619582304,2.2456770716370986e-05,0.0004379070289692342,0.0,0.0,0.0,0.0,0.0,0.0,0.0,0.0,0.0,0.0,0.0,0.0,0.0,0.0,0.0,0.0,0.0,0.0,0.0,0.0,0.0,0.0,0.0,0.0,0.0,0.0,0.0,0.0,0.0,0.0,0.0,0.0,0.0,0.0,nan,nan,4.3093176307585725,2.8919330100675915,nan,0.90199496924564,0.022510377055258893,0.0,0.0,0.0,0.0,0.0,0.0,0.0,0.0,0.0,0.0,0.0,0.0,0.0,0.0,0.0,0.0,0.0,0.0,0.0,0.0,0.0,0.0,0.0,0.0,0.026269702276707538,1.8520140105078813,12.005253940455345,13.69964973730298,2.3511383537653243,0.06567425569176884,0.9027727062716469,0.02281052567138928,0.0,0.0,0.0,0.0,0.0,0.0,0.0,0.0,0.0,0.0,0.0,0.0,0.0,0.0,0.0,0.0,0.0,0.0,0.0,0.0,0.0,0.0,0.0,0.0,0.041493775933609964,1.811894882434302,11.562932226832645,14.052558782849243,2.434301521438451,0.0968188105117566,0.409,0.01127,0.0,0.0,0.0,0.0,0.0,0.0,0.0,0.0,0.0,0.0,0.013134851138353769,6.4098073555166275,23.20928196147111,0.3677758318739055,0.0,0.0,0.0,0.0,0.0,0.0,0.0,0.0,0.0,0.0,0.0,0.0,0.0,0.0,0.0,0.0,0.4084,0.01093,0.0,0.0,0.0,0.0,0.0,0.0,0.0,0.0,0.0,0.0,0.0,6.625172890733047,23.015214384508997,0.3596127247579531,0.0,0.0,0.0,0.0,0.0,0.0,0.0,0.0,0.0,0.0,0.0,0.0,0.0,0.0,0.0,0.0
88200,4863,2499,0.5138803207896361,1203,991,0.45116183425868805,1376,0.5659058194530125,0.4100000000000001,2.984771573604061,3.139821991613973,6.678516228748068,2.1751481590993706,8373.766317088215,506.50471737543916,7853.0,8866.4,8866.4,0.0,7853.0,0.0,27.914044828295292,20.743064915307368,32.62463556851312,19.06108194683103,0.1338679827267119,0.09849886901089862,0.09767633148262389,0.0861608060867777,0.08842278428953321,0.07176639934196997,0.07320584001645075,0.06107341147439852,0.0567550894509562,0.052848036191651244,0.049557886078552334,0.03721982315443142,0.033312769895126465,0.02282541640962369,0.01850709438618137,0.01192679415998355,0.006374665844129138,0.9012698100815824,0.022179840588961712,0.0,0.0,0.0,0.0,0.0,0.0,0.0,0.0,0.0,0.0,0.0,0.0,0.0,0.0,0.0,0.0,0.0,0.0,0.0,0.0,0.0,0.0,0.0,0.0,0.012338062924120916,1.7643429981492909,12.424429364589763,13.504009870450343,2.2331893892658856,0.06169031462060458,4.309137217446673,2.9190951964527105,nan,nan,nan,4.422562141491396,2.9225002719435302,4.195928753180661,2.9112895483992225,0.948755182841974,0.4084,0.01148,0.0,0.0,0.0,0.0,0.0,0.0,0.0,0.0,0.0,0.0,0.006169031462060458,6.847624922887096,22.800740283775454,0.34546576187538564,0.0,0.0,0.0,0.0,0.0,0.0,0.0,0.0,0.0,0.0,0.0,0.0,0.0,0.0,0.0,0.0,nan,nan,4.309137217446673,2.9190951964527105,nan,0.4084,0.0682,0.0,0.0,0.0,0.0,0.0,0.0,0.0,0.0,0.0,0.0,0.0,0.0,0.0,0.0,0.0,0.0,0.0,0.0,0.00012338062924120913,0.0008533826855850298,0.0,0.00024676125848241827,0.004277195147028583,1.0281719103434094e-05,0.004256631708821715,0.0008842278428953321,0.0003187332922064569,0.0003392967304133251,0.0030125436973061897,0.0064260744396463084,0.017283569812872712,0.03161628624305984,0.03949208307629035,0.06137158132839811,0.05028788813489615,0.023144149701830145,0.04405716635821509,0.04368702447049146,0.054523956405511,0.060333127698951265,0.04154842689697717,0.044355336212214685,0.046164918774419084,0.09094180546987456,0.036345877030639524,0.06696483652066626,0.028994447871684145,0.0509356364384125,0.03819658646925766,0.004534238124614435,0.01782850092535472,0.03738433066008637,0.010744396463088628,0.004986633765165536,0.0075159366646103225,0.0014600041126876413,0.007844951675920213,0.0036500102817191033,0.002621838371375694,0.00040098704503392966,0.0010281719103434094,7.197203372403867e-05,0.00153197614641168,2.0563438206868188e-05,0.0069093152375077115,7.197203372403867e-05,0.00040098704503392966,0.0,0.0,0.0,0.0,0.0,0.0,0.0,0.0,0.0,0.0,0.0,0.0,0.0,0.0,0.0,0.0,0.0,0.0,0.0,0.0,0.0,0.0,0.0,0.0,0.0,0.0,0.0,0.0,0.0,0.0,0.0,0.0,0.0,0.0,nan,nan,4.309137217446673,2.9190951964527105,nan,0.9009562826433293,0.022294484123989974,0.0,0.0,0.0,0.0,0.0,0.0,0.0,0.0,0.0,0.0,0.0,0.0,0.0,0.0,0.0,0.0,0.0,0.0,0.0,0.0,0.0,0.0,0.0,0.0,0.0,1.8967587034813929,12.43697478991597,13.42136854741897,2.184873949579832,0.06002400960384155,0.9016012420055225,0.02205315636284366,0.0,0.0,0.0,0.0,0.0,0.0,0.0,0.0,0.0,0.0,0.0,0.0,0.0,0.0,0.0,0.0,0.0,0.0,0.0,0.0,0.0,0.0,0.0,0.0,0.025380710659898484,1.624365482233503,12.411167512690358,13.591370558375637,2.2842639593908634,0.0634517766497462,0.409,0.01136,0.0,0.0,0.0,0.0,0.0,0.0,0.0,0.0,0.0,0.0,0.0,6.4225690276110345,23.18127250900361,0.3961584633853542,0.0,0.0,0.0,0.0,0.0,0.0,0.0,0.0,0.0,0.0,0.0,0.0,0.0,0.0,0.0,0.0,0.4082,0.011604,0.0,0.0,0.0,0.0,0.0,0.0,0.0,0.0,0.0,0.0,0.012690355329949242,7.296954314720802,22.39847715736041,0.29187817258883253,0.0,0.0,0.0,0.0,0.0,0.0,0.0,0.0,0.0,0.0,0.0,0.0,0.0,0.0,0.0,0.0
88300,4458,2266,0.5082996859578286,1058,875,0.433602512337371,1251,0.5612382234185733,0.4060000000000001,2.9361313868613137,2.9977986444497065,6.135820895522388,2.209423609075339,8368.110901749664,506.6301873474944,7853.0,8866.4,8866.4,0.0,7853.0,0.0,28.8954688200987,21.407585606630104,33.81236730360934,19.632696360163976,0.1354867653656348,0.09668012561686855,0.09286675639300135,0.0847913862718708,0.07806191117092867,0.06998654104979811,0.07155675190668462,0.05877074921489457,0.05720053835800808,0.05518169582772544,0.05069537909376402,0.03947958725886048,0.03521758636159713,0.03319874383131449,0.01996410946612831,0.011664423508299685,0.009196949304620906,0.9012837225062369,0.02212879490198607,0.0,0.0,0.0,0.0,0.0,0.0,0.0,0.0,0.0,0.0,0.0,0.0,0.0,0.0,0.0,0.0,0.0,0.0,0.0,0.0,0.0,0.0,0.0,0.0,0.013458950201884257,1.7092866756393006,12.55720053835801,13.512786002691794,2.153432032301481,0.053835800807537026,4.158888126286891,2.7357564490465993,nan,nan,nan,4.13443072702332,2.7486936138190834,4.1833791208791204,2.722519762328156,1.0118392100600129,0.4077,0.01124,0.0,0.0,0.0,0.0,0.0,0.0,0.0,0.0,0.0,0.0,0.006729475100942128,7.254374158815602,22.402422611036346,0.33647375504710636,0.0,0.0,0.0,0.0,0.0,0.0,0.0,0.0,0.0,0.0,0.0,0.0,0.0,0.0,0.0,0.0,nan,nan,4.158888126286891,2.7357564490465993,nan,0.4077,0.0677,0.0,0.0,0.0,0.0,0.0,0.0,0.0,0.0,0.0,0.0,0.0,0.0,0.0,0.0,0.0,0.0,0.0,0.0,4.486316733961418e-05,0.0008187528039479587,0.0,0.0001794526693584567,0.0036227007626738446,0.0,0.004306864064602961,0.0010430686406460296,0.0003813369223867205,0.00024674742036787795,0.0035329744279946162,0.007794975325257963,0.017171377299237327,0.03351278600269179,0.039255271422162404,0.06120457604306864,0.049170031404217135,0.025493494840735757,0.0459062359802602,0.041341408703454464,0.054632122027815165,0.05816509645580978,0.042653656348138176,0.044829519964109464,0.0503252579632122,0.09319201435621355,0.03518393898609242,0.06558995065051593,0.02760206370569762,0.048441004934948406,0.03655226558995065,0.00458725886047555,0.01975100942126514,0.035419470614625394,0.012606550022431584,0.004407806191117093,0.007211754149842979,0.0010991475998205474,0.007077164647824137,0.003297442799461642,0.0024001794526693583,0.00031404217137729923,0.0014468371467025573,3.364737550471063e-05,0.0013458950201884253,0.0,0.006482727680574249,6.729475100942126e-05,0.00023553162853297442,0.0,0.0,2.243158366980709e-05,0.0,0.0,0.0,0.0,0.0,0.0,0.0,0.0,0.0,0.0,0.0,0.0,0.0,0.0,0.0,0.0,0.0,0.0,0.0,0.0,0.0,0.0,0.0,0.0,0.0,0.0,0.0,0.0,0.0,0.0,0.0,nan,nan,4.158888126286891,2.7357564490465993,nan,0.9008703669771513,0.02193499957416518,0.0,0.0,0.0,0.0,0.0,0.0,0.0,0.0,0.0,0.0,0.0,0.0,0.0,0.0,0.0,0.0,0.0,0.0,0.0,0.0,0.0,0.0,0.0,0.0,0.013239187996469552,1.7608120035304506,12.590467784642545,13.583406884377762,2.012356575463372,0.03971756398940866,0.9017110325559212,0.022319318486208106,0.0,0.0,0.0,0.0,0.0,0.0,0.0,0.0,0.0,0.0,0.0,0.0,0.0,0.0,0.0,0.0,0.0,0.0,0.0,0.0,0.0,0.0,0.0,0.0,0.013686131386861318,1.6560218978102195,12.522810218978105,13.439781021897813,2.299270072992701,0.06843065693430658,0.408,0.01136,0.0,0.0,0.0,0.0,0.0,0.0,0.0,0.0,0.0,0.0,0.0,7.122683142100607,22.50661959399824,0.3706972639011475,0.0,0.0,0.0,0.0,0.0,0.0,0.0,0.0,0.0,0.0,0.0,0.0,0.0,0.0,0.0,0.0,0.4075,0.01111,0.0,0.0,0.0,0.0,0.0,0.0,0.0,0.0,0.0,0.0,0.013686131386861318,7.390510948905098,22.294708029197082,0.30109489051094895,0.0,0.0,0.0,0.0,0.0,0.0,0.0,0.0,0.0,0.0,0.0,0.0,0.0,0.0,0.0,0.0
88400,4297,2218,0.5161740749360019,1004,871,0.43635094251803586,1199,0.5580637654177333,0.4260000000000001,2.953342953342953,3.110787006397243,6.533106960950764,2.2758063233712433,8376.090807540146,506.4348244623209,7853.0,8866.4,8866.4,0.0,7853.0,0.0,28.2394693972539,21.234654199642847,33.33981661572659,19.43301204877536,0.14451943216197347,0.09681172911333488,0.09029555503839888,0.09029555503839888,0.07307423784035373,0.07470328135908774,0.07004887130556202,0.060507330695834305,0.05631836164766116,0.05585292064230859,0.043286013497789155,0.04188969048173144,0.03583895741214801,0.02815918082383058,0.01861764021410286,0.01210146613916686,0.0076797765883174305,0.9022274790099811,0.022488734739101138,0.0,0.0,0.0,0.0,0.0,0.0,0.0,0.0,0.0,0.0,0.0,0.0,0.0,0.0,0.0,0.0,0.0,0.0,0.0,0.0,0.0,0.0,0.0,0.0,0.020944845240865723,1.7104956946707008,11.896672096811733,13.984175005818017,2.3109145915755183,0.07679776588317432,4.219776254059906,2.9234894257874906,nan,nan,nan,4.349137931034483,2.963174236471368,4.090711175616836,2.8774763554853555,0.9405797747701744,0.4077,0.01126,0.0,0.0,0.0,0.0,0.0,0.0,0.0,0.0,0.0,0.0,0.0,7.561089131952514,22.145683034675358,0.29322783337212016,0.0,0.0,0.0,0.0,0.0,0.0,0.0,0.0,0.0,0.0,0.0,0.0,0.0,0.0,0.0,0.0,nan,nan,4.219776254059906,2.9234894257874906,nan,0.4077,0.06744,0.0,0.0,0.0,0.0,0.0,0.0,0.0,0.0,0.0,0.0,0.0,0.0,0.0,0.0,0.0,0.0,0.0,0.0,0.0001047242262043286,0.001128694437979986,0.0,0.00013963230160577147,0.003781708168489644,1.1636025133814289e-05,0.0038166162438910867,0.0010821503374447289,0.0006516174074936002,1.1636025133814289e-05,0.004247149173842215,0.007121247381894345,0.01750058180125669,0.03125436350942518,0.04013265068652548,0.06013497789155225,0.050267628578077726,0.023586222946241565,0.049883639748661855,0.04251803583895741,0.051442867116592975,0.05591110076797766,0.041435885501512684,0.04667209681172911,0.0500814521759367,0.0970677216662788,0.0356644170351408,0.06656969979055155,0.02506399813823598,0.04963928322085176,0.038480335117523856,0.0038864323946939724,0.019490342099138934,0.03444263439609029,0.011403304631138002,0.0039213404700954154,0.007982313241796603,0.0015010472422620433,0.006167093320921573,0.0033046311380032583,0.002862462182918315,0.0002443565278101001,0.0017803118454735862,0.0,0.001128694437979986,4.6544100535257155e-05,0.00605073306958343,5.8180125669071444e-05,0.0003025366534791715,0.0,0.0,2.3272050267628578e-05,0.0,0.0,0.0,0.0,0.0,0.0,0.0,0.0,0.0,0.0,0.0,0.0,0.0,0.0,0.0,0.0,0.0,0.0,0.0,0.0,0.0,0.0,0.0,0.0,0.0,0.0,0.0,0.0,0.0,0.0,0.0,nan,nan,4.219776254059906,2.9234894257874906,nan,0.9022323449685619,0.02238954329402947,0.0,0.0,0.0,0.0,0.0,0.0,0.0,0.0,0.0,0.0,0.0,0.0,0.0,0.0,0.0,0.0,0.0,0.0,0.0,0.0,0.0,0.0,0.0,0.0,0.013525698827772771,1.6771866546438237,12.037871956717767,13.999098286744818,2.177637511271416,0.0946798917944094,0.9022222877179504,0.02259407677025224,0.0,0.0,0.0,0.0,0.0,0.0,0.0,0.0,0.0,0.0,0.0,0.0,0.0,0.0,0.0,0.0,0.0,0.0,0.0,0.0,0.0,0.0,0.0,0.0,0.028860028860028867,1.7460317460317465,11.746031746031747,13.968253968253972,2.4531024531024537,0.057720057720057734,0.408,0.01097,0.0,0.0,0.0,0.0,0.0,0.0,0.0,0.0,0.0,0.0,0.0,7.114517583408466,22.628494138863847,0.2569882777276826,0.0,0.0,0.0,0.0,0.0,0.0,0.0,0.0,0.0,0.0,0.0,0.0,0.0,0.0,0.0,0.0,0.4075,0.01156,0.0,0.0,0.0,0.0,0.0,0.0,0.0,0.0,0.0,0.0,0.0,8.037518037518025,21.630591630591635,0.33189033189033196,0.0,0.0,0.0,0.0,0.0,0.0,0.0,0.0,0.0,0.0,0.0,0.0,0.0,0.0,0.0,0.0
88500,4660,2429,0.521244635193133,1098,985,0.44699570815450645,1327,0.5695278969957082,0.4100000000000001,2.9556252801434333,3.078285809392846,6.631666666666667,2.193018594439079,8381.22931330472,506.24241097386044,7853.0,8866.4,8866.4,0.0,7853.0,0.0,27.436051502145922,20.71751525851056,32.43209242618742,18.99601869270881,0.14420600858369098,0.10193133047210301,0.09892703862660944,0.08497854077253218,0.0815450643776824,0.0703862660944206,0.06824034334763948,0.0628755364806867,0.0628755364806867,0.05021459227467811,0.04935622317596566,0.03476394849785408,0.033261802575107295,0.02188841201716738,0.01759656652360515,0.010515021459227468,0.006437768240343348,0.9009295809294533,0.022686951917567783,0.0,0.0,0.0,0.0,0.0,0.0,0.0,0.0,0.0,0.0,0.0,0.0,0.0,0.0,0.0,0.0,0.0,0.0,0.0,0.0,0.0,0.0,0.0,0.0,0.03862660944206009,1.879828326180258,12.579399141630905,13.35836909871245,2.0922746781115884,0.051502145922746795,4.304981362250085,2.7924667974088084,nan,nan,nan,4.229986431478968,2.819181559848023,4.379823967501693,2.7635208027022116,1.035422698973135,0.407,0.010925,0.0,0.0,0.0,0.0,0.0,0.0,0.0,0.0,0.0,0.0,0.006437768240343349,7.84763948497853,21.894849785407732,0.2510729613733906,0.0,0.0,0.0,0.0,0.0,0.0,0.0,0.0,0.0,0.0,0.0,0.0,0.0,0.0,0.0,0.0,nan,nan,4.304981362250085,2.7924667974088084,nan,0.407,0.0672,0.0,0.0,0.0,0.0,0.0,0.0,0.0,0.0,0.0,0.0,0.0,0.0,0.0,0.0,0.0,0.0,0.0,0.0,0.0002467811158798283,0.0012553648068669527,0.0,0.00010729613733905579,0.0032510729613733904,0.0,0.003937768240343348,0.0013733905579399143,0.0007296137339055794,8.583690987124464e-05,0.004002145922746781,0.0076716738197424895,0.01761802575107296,0.03217811158798283,0.04050429184549356,0.060568669527896996,0.05071888412017168,0.02546137339055794,0.04966738197424893,0.04388412017167382,0.04763948497854077,0.05437768240343348,0.042821888412017166,0.04703862660944206,0.05065450643776824,0.1000107296137339,0.035225321888412015,0.06416309012875536,0.02526824034334764,0.04861587982832618,0.036813304721030046,0.003229613733905579,0.01936695278969957,0.03553648068669528,0.011813304721030043,0.004259656652360515,0.007607296137339055,0.001223175965665236,0.006974248927038627,0.002371244635193133,0.003090128755364807,0.0002467811158798283,0.0019849785407725323,3.218884120171674e-05,0.0012446351931330471,0.0,0.004957081545064378,5.3648068669527894e-05,0.00011802575107296138,0.0,0.0,0.0,0.0,0.0,0.0,0.0,0.0,0.0,0.0,0.0,0.0,0.0,0.0,0.0,0.0,0.0,0.0,0.0,0.0,0.0,0.0,0.0,0.0,0.0,0.0,0.0,0.0,0.0,0.0,0.0,0.0,0.0,0.0,nan,nan,4.304981362250085,2.7924667974088084,nan,0.9013602513499396,0.02230287065976505,0.0,0.0,0.0,0.0,0.0,0.0,0.0,0.0,0.0,0.0,0.0,0.0,0.0,0.0,0.0,0.0,0.0,0.0,0.0,0.0,0.0,0.0,0.0,0.0,0.012350761630300537,1.8773157678056818,12.251955537258134,13.610539316591193,2.1737340469328945,0.07410456978180323,0.9004606887504478,0.023088726794871187,0.0,0.0,0.0,0.0,0.0,0.0,0.0,0.0,0.0,0.0,0.0,0.0,0.0,0.0,0.0,0.0,0.0,0.0,0.0,0.0,0.0,0.0,0.0,0.0,0.06723442402510087,1.8825638727028242,12.935903182429406,13.08381891528463,2.0035858359480057,0.026893769610040346,0.407,0.01084,0.0,0.0,0.0,0.0,0.0,0.0,0.0,0.0,0.0,0.0,0.012350761630300537,7.830382873610527,21.897900370522855,0.2593659942363113,0.0,0.0,0.0,0.0,0.0,0.0,0.0,0.0,0.0,0.0,0.0,0.0,0.0,0.0,0.0,0.0,0.407,0.01102,0.0,0.0,0.0,0.0,0.0,0.0,0.0,0.0,0.0,0.0,0.0,7.866427610936788,21.89152846257284,0.2420439264903631,0.0,0.0,0.0,0.0,0.0,0.0,0.0,0.0,0.0,0.0,0.0,0.0,0.0,0.0,0.0,0.0
88600,4833,2519,0.521208359197186,1202,975,0.4504448582660873,1369,0.5665218290916615,0.4020000000000001,3.033707865168539,3.1416687363242577,6.672131147540983,2.0981394257447255,8381.192551210426,506.2439730431039,7853.0,8866.4,8866.4,0.0,7853.0,0.0,28.44609973101593,21.001306497641746,33.31789215686275,19.22315223451937,0.1340782122905028,0.09662735361059384,0.09186840471756673,0.0866956341816677,0.08193668528864059,0.07324643078833024,0.0660045520380716,0.07014276846679081,0.05421063521622181,0.0569004758948893,0.05048624043037451,0.03600248292985723,0.0382785019656528,0.02834678253672667,0.016139044072004966,0.011793916821849782,0.007241878750258638,0.9009013464799609,0.022610087025616305,0.0,0.0,0.0,0.0,0.0,0.0,0.0,0.0,0.0,0.0,0.0,0.0,0.0,0.0,0.0,0.0,0.0,0.0,0.0,0.0,0.0,0.0,0.0,0.0,0.04345127250155184,2.0360024829298577,12.178770949720674,13.606455617628805,2.098075729360646,0.03724394785847301,4.297845373891001,3.0034847393296467,nan,nan,nan,4.197507788161994,2.9696691059525473,4.401676337846551,3.03459057147855,1.0486404218856633,0.4067,0.01109,0.0,0.0,0.0,0.0,0.0,0.0,0.0,0.0,0.0,0.0,0.006207324643078834,8.18125387957789,21.613904407200504,0.1986343885785227,0.0,0.0,0.0,0.0,0.0,0.0,0.0,0.0,0.0,0.0,0.0,0.0,0.0,0.0,0.0,0.0,nan,nan,4.297845373891001,3.0034847393296467,nan,0.4067,0.06793,0.0,0.0,0.0,0.0,0.0,0.0,0.0,0.0,0.0,0.0,0.0,0.0,0.0,0.0,0.0,0.0,0.0,0.0,0.00021725636250775914,0.0011793916821849783,0.0,8.276432857438444e-05,0.004334781709083385,0.0,0.0036519759983447133,0.0017690875232774675,0.0008069522036002483,0.00017587419822056693,0.0031243534036830127,0.007531553900268984,0.018787502586385268,0.0324539623422305,0.040502793296089384,0.059797227394992755,0.05072418787502586,0.026298365404510655,0.04994827229464101,0.04366852886405959,0.04687564659631699,0.055648665425201735,0.04130974549968963,0.04816883923029174,0.052255327953651974,0.10038278501965653,0.03534036830126216,0.06248706807366025,0.025791433891992552,0.04492033933374715,0.03398510242085661,0.004324436168011587,0.017846058348851643,0.03638526794951376,0.012466376991516656,0.005027932960893855,0.00802813987171529,0.0007448789571694599,0.007800537968135734,0.0027312228429546867,0.003134698944754811,0.00011380095178977861,0.002244982412580178,7.241878750258639e-05,0.0008069522036002483,0.0,0.005896958410924891,6.207324643078833e-05,6.207324643078833e-05,3.1036623215394166e-05,0.0,0.0,0.0,0.0,0.0,0.0,0.0,0.0,0.0,0.0,0.0,0.0,0.0,0.0,0.0,0.0,0.0,0.0,0.0,0.0,0.0,0.0,0.0,0.0,0.0,0.0,0.0,0.0,0.0,0.0,0.0,0.0,0.0,nan,nan,4.297845373891001,3.0034847393296467,nan,0.9008344854093251,0.022547953906183218,0.0,0.0,0.0,0.0,0.0,0.0,0.0,0.0,0.0,0.0,0.0,0.0,0.0,0.0,0.0,0.0,0.0,0.0,0.0,0.0,0.0,0.0,0.0,0.0,0.03572846367606194,2.012703453751489,12.528781262405719,13.326716951171102,2.0246129416435097,0.07145692735212388,0.9009741308520143,0.022677306967021874,0.0,0.0,0.0,0.0,0.0,0.0,0.0,0.0,0.0,0.0,0.0,0.0,0.0,0.0,0.0,0.0,0.0,0.0,0.0,0.0,0.0,0.0,0.0,0.0,0.05185825410544513,2.0613656006914436,11.797752808988767,13.910976663785656,2.178046672428695,0.0,0.4067,0.01104,0.0,0.0,0.0,0.0,0.0,0.0,0.0,0.0,0.0,0.0,0.0,8.16990869392615,21.675267963477577,0.1548233425962684,0.0,0.0,0.0,0.0,0.0,0.0,0.0,0.0,0.0,0.0,0.0,0.0,0.0,0.0,0.0,0.0,0.407,0.01115,0.0,0.0,0.0,0.0,0.0,0.0,0.0,0.0,0.0,0.0,0.012964563526361283,8.193604148660317,21.54710458081245,0.24632670700086434,0.0,0.0,0.0,0.0,0.0,0.0,0.0,0.0,0.0,0.0,0.0,0.0,0.0,0.0,0.0,0.0
88700,4714,2482,0.5265167585914298,1176,930,0.44675434874840897,1304,0.553245651251591,0.4140000000000001,3.0232974910394264,3.1104797808464593,6.610328638497653,2.1595121424175168,8386.572083156554,505.98693772352163,7853.0,8866.4,8866.4,0.0,7853.0,0.0,28.262834111158252,20.781217596202385,33.05945810336176,19.003980017489596,0.13237165888841748,0.10140008485362749,0.0914297836232499,0.08549002969876962,0.07912600763682648,0.07573186253712347,0.06915570640644887,0.06745863385659737,0.05579126007636827,0.057064064488756894,0.0515485787017395,0.0415782774713619,0.03288078065337293,0.025668222316504032,0.01697072549851506,0.008909630886720407,0.007424692405600339,0.9001129154664357,0.022292569741722775,0.0,0.0,0.0,0.0,0.0,0.0,0.0,0.0,0.0,0.0,0.0,0.0,0.0,0.0,0.0,0.0,0.0,0.0,0.0,0.0,0.0,0.0,0.0,0.0,0.07000424268137465,1.8710224862112859,13.179889690284263,12.683495969452697,2.1828595672465,0.0127280441238863,4.19563090968373,2.88744521918063,nan,nan,nan,4.168407310704961,2.8966703350434004,4.222801302931596,2.8779518996006934,1.0130491068103986,0.4075,0.01102,0.0,0.0,0.0,0.0,0.0,0.0,0.0,0.0,0.0,0.0,0.0,7.598642341960108,22.223165040305478,0.1781926177344082,0.0,0.0,0.0,0.0,0.0,0.0,0.0,0.0,0.0,0.0,0.0,0.0,0.0,0.0,0.0,0.0,nan,nan,4.19563090968373,2.88744521918063,nan,0.4075,0.0677,0.0,0.0,0.0,0.0,0.0,0.0,0.0,0.0,0.0,0.0,0.0,0.0,0.0,0.0,0.0,0.0,0.0,0.0,0.00013788714467543488,0.0009121764955451845,1.0606703436571914e-05,0.0,0.004412388629613916,0.0,0.0033729316928298686,0.0023016546457361054,0.0008909630886720408,0.0003182011030971574,0.0026198557488332627,0.007626219770895205,0.017872295290623674,0.03104582095884599,0.0403691132795927,0.06251591005515486,0.048366567670767927,0.02478786593126856,0.0492044972422571,0.04591641917691981,0.04445269410267289,0.055112431056427665,0.04042214679677556,0.04705133644463301,0.052789563003818415,0.1008697496817989,0.038841747984726345,0.06327959270258804,0.028139584217225285,0.04313746287653797,0.03414297836232499,0.004974543911752227,0.017829868476877387,0.03830080610946118,0.011900721255833687,0.004486635553669919,0.008941450997030123,0.0005515485787017395,0.007180738226559185,0.0026728892660161222,0.002927450148493848,7.42469240560034e-05,0.0018985999151463725,0.00018031395842172253,0.0006470089096308867,0.0,0.006141281289775138,6.364022061943148e-05,0.0002545608824777259,5.3033517182859566e-05,0.0,0.0,0.0,0.0,0.0,0.0,0.0,0.0,0.0,0.0,0.0,0.0,0.0,0.0,0.0,0.0,0.0,0.0,0.0,0.0,0.0,0.0,0.0,0.0,0.0,0.0,0.0,0.0,0.0,0.0,0.0,0.0,0.0,nan,nan,4.19563090968373,2.88744521918063,nan,0.9001438152540316,0.022456219626503928,0.0,0.0,0.0,0.0,0.0,0.0,0.0,0.0,0.0,0.0,0.0,0.0,0.0,0.0,0.0,0.0,0.0,0.0,0.0,0.0,0.0,0.0,0.0,0.0,0.04834810636583402,1.8372280419016926,13.464947622884774,12.244157937147465,2.3932312651087835,0.012087026591458504,0.9000785546811251,0.022109116796745536,0.0,0.0,0.0,0.0,0.0,0.0,0.0,0.0,0.0,0.0,0.0,0.0,0.0,0.0,0.0,0.0,0.0,0.0,0.0,0.0,0.0,0.0,0.0,0.0,0.09408602150537637,1.9086021505376347,12.862903225806456,13.172043010752692,1.9489247311827962,0.013440860215053767,0.4072,0.011116,0.0,0.0,0.0,0.0,0.0,0.0,0.0,0.0,0.0,0.0,0.0,7.917002417405307,21.913779210314267,0.16921837228041905,0.0,0.0,0.0,0.0,0.0,0.0,0.0,0.0,0.0,0.0,0.0,0.0,0.0,0.0,0.0,0.0,0.408,0.01089,0.0,0.0,0.0,0.0,0.0,0.0,0.0,0.0,0.0,0.0,0.0,7.244623655913968,22.567204301075275,0.18817204301075274,0.0,0.0,0.0,0.0,0.0,0.0,0.0,0.0,0.0,0.0,0.0,0.0,0.0,0.0,0.0,0.0
88800,4711,2443,0.5185735512630015,1121,972,0.4442793462109955,1324,0.5620887285077478,0.4100000000000001,2.9664902998236333,3.1675335253767445,6.862068965517241,2.122060912747616,8378.522436849926,506.35027981727274,7853.0,8866.4,8866.399999999998,1.8189894035458565e-12,7853.0,0.0,26.834854595627256,20.633356733153303,32.058596761757904,18.921109602060856,0.150074294205052,0.10295054128635109,0.10210146465718531,0.08533220123116111,0.08405858628741245,0.07195924432180004,0.06962428359159414,0.05837401825514753,0.05943536404160475,0.05349182763744428,0.04181702398641477,0.03651029505412864,0.028868605391636597,0.022925068987476118,0.014009764381235407,0.01103799617915517,0.007429420505200594,0.9004616539358359,0.02235164781226698,0.0,0.0,0.0,0.0,0.0,0.0,0.0,0.0,0.0,0.0,0.0,0.0,0.0,0.0,0.0,0.0,0.0,0.0,0.0,0.0,0.0,0.0,0.0,0.0,0.012736149437486737,2.0123116111229042,13.092761621736365,12.748885586924223,2.0696242835915943,0.06368074718743368,4.340439932318105,2.96918849989601,nan,nan,nan,4.425342465753425,3.0144472140020757,4.25752508361204,2.921933299929523,0.962078102781857,0.4075,0.01105,0.0,0.0,0.0,0.0,0.0,0.0,0.0,0.0,0.0,0.0,0.006368074718743368,7.558904691148365,22.199108469539382,0.23561876459350461,0.0,0.0,0.0,0.0,0.0,0.0,0.0,0.0,0.0,0.0,0.0,0.0,0.0,0.0,0.0,0.0,nan,nan,4.340439932318105,2.96918849989601,nan,0.4075,0.0675,0.0,0.0,0.0,0.0,0.0,0.0,0.0,0.0,0.0,0.0,0.0,0.0,0.0,0.0,0.0,0.0,0.0,0.0,0.00014858841010401187,0.0006049670982806198,0.0,0.0,0.00456378688176608,4.245383145828911e-05,0.003895139036298026,0.002950541286351093,0.000764168966249204,0.0005625132668223307,0.003099129696455105,0.007238378263638294,0.016694969220972192,0.031437062194863086,0.04049034175334324,0.062470812990872426,0.04646571853109743,0.02372107832731904,0.04856718318828274,0.04568032264911908,0.043313521545319464,0.05767353003608576,0.040182551475270646,0.04891742729781363,0.05117809382296752,0.10273827212905964,0.04087242623646784,0.06068775206962428,0.02842284016132456,0.04397155593292295,0.036828698790065804,0.005773721078327319,0.019825939291021014,0.033718955635746124,0.011250265336446614,0.003735937168329442,0.008405858628741244,0.0006474209297389089,0.00727021863723201,0.0033538526852048395,0.0022712799830184676,5.306728932286139e-05,0.001836128210571004,0.0002865633623434515,0.000382084483124602,0.0,0.006824453406919975,0.00011674803651029506,6.368074718743367e-05,0.0,0.0,0.0,0.0,0.0,0.0,0.0,0.0,0.0,0.0,0.0,0.0,0.0,0.0,0.0,0.0,0.0,0.0,0.0,0.0,0.0,0.0,0.0,0.0,0.0,0.0,0.0,0.0,0.0,0.0,0.0,0.0,0.0,0.0,nan,nan,4.340439932318105,2.96918849989601,nan,0.9009839959482262,0.022121650947820454,0.0,0.0,0.0,0.0,0.0,0.0,0.0,0.0,0.0,0.0,0.0,0.0,0.0,0.0,0.0,0.0,0.0,0.0,0.0,0.0,0.0,0.0,0.0,0.0,0.0,1.9033974621367176,12.967662709783056,12.94310274252968,2.136717151043799,0.049119934506754004,0.8998990077558228,0.02258326078665422,0.0,0.0,0.0,0.0,0.0,0.0,0.0,0.0,0.0,0.0,0.0,0.0,0.0,0.0,0.0,0.0,0.0,0.0,0.0,0.0,0.0,0.0,0.0,0.0,0.02645502645502646,2.12962962962963,13.227513227513231,12.539682539682543,1.9973544973544977,0.07936507936507937,0.4075,0.01126,0.0,0.0,0.0,0.0,0.0,0.0,0.0,0.0,0.0,0.0,0.012279983626688501,7.760949652067119,21.981170691772416,0.24559967253377,0.0,0.0,0.0,0.0,0.0,0.0,0.0,0.0,0.0,0.0,0.0,0.0,0.0,0.0,0.0,0.0,0.4075,0.01081,0.0,0.0,0.0,0.0,0.0,0.0,0.0,0.0,0.0,0.0,0.0,7.34126984126983,22.43386243386244,0.2248677248677249,0.0,0.0,0.0,0.0,0.0,0.0,0.0,0.0,0.0,0.0,0.0,0.0,0.0,0.0,0.0,0.0
88900,4512,2294,0.5084219858156028,1087,940,0.4492464539007092,1280,0.5673758865248227,0.4220000000000001,2.958972046889089,3.1045260929193654,6.600654664484452,2.221955515859533,8368.234840425534,506.62811459581525,7853.0,8866.4,8866.399999999998,1.8189894035458565e-12,7853.0,0.0,28.42265070921986,21.166225171466017,33.377105263157894,19.385402865354063,0.13785460992907803,0.09463652482269504,0.09441489361702128,0.08643617021276596,0.07912234042553191,0.07025709219858156,0.07624113475177305,0.05939716312056738,0.061170212765957445,0.054078014184397165,0.04499113475177305,0.040780141843971635,0.03346631205673759,0.02526595744680851,0.02105496453900709,0.012854609929078014,0.007978723404255319,0.9009045175151199,0.022086355371823196,0.0,0.0,0.0,0.0,0.0,0.0,0.0,0.0,0.0,0.0,0.0,0.0,0.0,0.0,0.0,0.0,0.0,0.0,0.0,0.0,0.0,0.0,0.0,0.0,0.02659574468085107,1.748670212765958,12.746010638297875,13.31117021276596,2.134308510638298,0.033244680851063836,4.286535859269283,2.8652828447666105,nan,nan,nan,4.270142180094787,2.8462298847123675,4.3029073698444895,2.8840914398836808,1.0076730910512621,0.408,0.01136,0.0,0.0,0.0,0.0,0.0,0.0,0.0,0.0,0.0,0.0,0.013297872340425535,7.214095744680841,22.480053191489368,0.29255319148936176,0.0,0.0,0.0,0.0,0.0,0.0,0.0,0.0,0.0,0.0,0.0,0.0,0.0,0.0,0.0,0.0,nan,nan,4.286535859269283,2.8652828447666105,nan,0.408,0.06757,0.0,0.0,0.0,0.0,0.0,0.0,0.0,0.0,0.0,0.0,0.0,0.0,0.0,0.0,0.0,0.0,0.0,0.0,0.00011081560283687943,0.0006538120567375886,1.1081560283687944e-05,0.0,0.004100177304964539,8.865248226950355e-05,0.0038120567375886523,0.002859042553191489,0.0008311170212765958,0.0003656914893617021,0.0020833333333333333,0.00803413120567376,0.01600177304964539,0.03202570921985816,0.04046985815602837,0.062267287234042554,0.04332890070921986,0.023747783687943263,0.05034352836879433,0.04675310283687943,0.04242021276595745,0.059253102836879436,0.03959441489361702,0.05025487588652482,0.04990026595744681,0.10196143617021276,0.044957890070921984,0.056006205673758865,0.030396719858156028,0.04634308510638298,0.03487367021276596,0.006316489361702127,0.019536790780141845,0.03271276595744681,0.010948581560283688,0.0036569148936170214,0.00803413120567376,0.00037677304964539007,0.008255762411347518,0.0030695921985815604,0.002947695035460993,0.0,0.0018617021276595746,0.0002770390070921986,0.00013297872340425532,0.0,0.007978723404255319,4.4326241134751776e-05,0.0,0.0,0.0,0.0,0.0,0.0,0.0,0.0,0.0,0.0,0.0,0.0,0.0,0.0,0.0,0.0,0.0,0.0,0.0,0.0,0.0,0.0,0.0,0.0,0.0,0.0,0.0,0.0,0.0,0.0,0.0,0.0,0.0,0.0,0.0,nan,nan,4.286535859269283,2.8652828447666105,nan,0.9006464669469553,0.022010704932699833,0.0,0.0,0.0,0.0,0.0,0.0,0.0,0.0,0.0,0.0,0.0,0.0,0.0,0.0,0.0,0.0,0.0,0.0,0.0,0.0,0.0,0.0,0.0,0.0,0.03923278116826504,1.8570183086312122,12.789886660854407,13.208369659982566,2.0924149956408025,0.013077593722755016,0.9011714102127618,0.022161165563780026,0.0,0.0,0.0,0.0,0.0,0.0,0.0,0.0,0.0,0.0,0.0,0.0,0.0,0.0,0.0,0.0,0.0,0.0,0.0,0.0,0.0,0.0,0.0,0.0,0.013525698827772771,1.6366095581605054,12.700631199278632,13.41749323715059,2.177637511271416,0.054102795311091086,0.4077,0.01145,0.0,0.0,0.0,0.0,0.0,0.0,0.0,0.0,0.0,0.0,0.02615518744551003,7.310374891020041,22.28421970357455,0.3792502179598955,0.0,0.0,0.0,0.0,0.0,0.0,0.0,0.0,0.0,0.0,0.0,0.0,0.0,0.0,0.0,0.0,0.4082,0.01127,0.0,0.0,0.0,0.0,0.0,0.0,0.0,0.0,0.0,0.0,0.0,7.114517583408466,22.68259693417494,0.20288548241659157,0.0,0.0,0.0,0.0,0.0,0.0,0.0,0.0,0.0,0.0,0.0,0.0,0.0,0.0,0.0,0.0
89000,4798,2490,0.5189662359316382,1176,979,0.44914547728220094,1332,0.5552313463943309,0.4140000000000001,2.915944540727903,3.054934159906071,6.587479935794542,2.121124487315377,8378.920383493121,506.3353304465107,7853.0,8866.4,8866.4,0.0,7853.0,0.0,27.929762401000417,20.913492845006655,32.81070366699703,19.218769329732105,0.13880783659858273,0.10212588578574407,0.09337223843268028,0.08732805335556482,0.07753230512713631,0.07940808670279283,0.06794497707378074,0.060441850771154645,0.057315548145060444,0.05210504376823676,0.05085452271779908,0.03793247186327636,0.030012505210504376,0.030012505210504376,0.018549395581492288,0.008962067528136724,0.0072947061275531475,0.9001800842014835,0.022252346345872715,0.0,0.0,0.0,0.0,0.0,0.0,0.0,0.0,0.0,0.0,0.0,0.0,0.0,0.0,0.0,0.0,0.0,0.0,0.0,0.0,0.0,0.0,0.0,0.0,0.025010421008753652,1.938307628178408,12.80533555648187,13.186744476865364,2.0070862859524805,0.037515631513130476,4.138942617666022,2.844742213801997,nan,nan,nan,4.139085640695428,2.855385158856015,4.1387992253066495,2.8340316548394564,0.999930802255947,0.4075,0.01157,0.0,0.0,0.0,0.0,0.0,0.0,0.0,0.0,0.0,0.0,0.018757815756565238,7.640683618174228,22.02792830345978,0.3126302626094206,0.0,0.0,0.0,0.0,0.0,0.0,0.0,0.0,0.0,0.0,0.0,0.0,0.0,0.0,0.0,0.0,nan,nan,4.138942617666022,2.844742213801997,nan,0.4075,0.0676,0.0,0.0,0.0,0.0,0.0,0.0,0.0,0.0,0.0,0.0,0.0,0.0,0.0,0.0,0.0,0.0,0.0,0.0,0.00010421008753647353,0.0008649437265527303,1.0421008753647352e-05,0.0,0.004543559816590246,0.00018757815756565235,0.0032826177573989164,0.002542726135889954,0.001177573989162151,0.00032305127136306796,0.001594414339308045,0.00857649020425177,0.01669445602334306,0.03194039182992914,0.039308045018757815,0.06186952897040433,0.04394539391413089,0.025739891621508963,0.0525739891621509,0.04753022092538558,0.04205919132972072,0.05996248436848687,0.03914130887869946,0.04930179241350563,0.0511879949979158,0.10032305127136307,0.04479991663192997,0.05401208837015423,0.030575239683201333,0.04865568987077949,0.033764068361817424,0.006586077532305127,0.020060441850771153,0.030929553980825343,0.010608586911213006,0.0029074614422676115,0.00673197165485619,0.0003751563151313047,0.008222175906627762,0.0028136723634847854,0.0033868278449353897,6.252605252188412e-05,0.0018445185493955814,0.0006565235514797833,5.2105043768236766e-05,0.0,0.008170070862859525,0.0,0.0,0.0,0.0,0.0,0.0,0.0,0.0,0.0,0.0,0.0,0.0,0.0,0.0,0.0,0.0,0.0,0.0,0.0,0.0,0.0,0.0,0.0,0.0,0.0,0.0,0.0,0.0,0.0,0.0,0.0,0.0,0.0,0.0,0.0,0.0,nan,nan,4.138942617666022,2.844742213801997,nan,0.9002176027221374,0.02220307896939373,0.0,0.0,0.0,0.0,0.0,0.0,0.0,0.0,0.0,0.0,0.0,0.0,0.0,0.0,0.0,0.0,0.0,0.0,0.0,0.0,0.0,0.0,0.0,0.0,0.01204819277108434,1.8915662650602414,12.614457831325304,13.506024096385545,1.9397590361445787,0.03614457831325302,0.9001396071146431,0.02230530595965961,0.0,0.0,0.0,0.0,0.0,0.0,0.0,0.0,0.0,0.0,0.0,0.0,0.0,0.0,0.0,0.0,0.0,0.0,0.0,0.0,0.0,0.0,0.0,0.0,0.038994800693240905,1.9887348353552863,13.011265164644717,12.842287694974006,2.079722703639515,0.038994800693240905,0.4072,0.01142,0.0,0.0,0.0,0.0,0.0,0.0,0.0,0.0,0.0,0.0,0.02409638554216868,7.4819277108433635,22.192771084337355,0.30120481927710846,0.0,0.0,0.0,0.0,0.0,0.0,0.0,0.0,0.0,0.0,0.0,0.0,0.0,0.0,0.0,0.0,0.4075,0.01173,0.0,0.0,0.0,0.0,0.0,0.0,0.0,0.0,0.0,0.0,0.01299826689774697,7.811958405545917,21.85008665511266,0.3249566724436742,0.0,0.0,0.0,0.0,0.0,0.0,0.0,0.0,0.0,0.0,0.0,0.0,0.0,0.0,0.0,0.0
89100,5011,2574,0.5136699261624427,1232,1055,0.45639592895629616,1455,0.5807224106964678,0.37400000000000005,2.9269593762823143,3.0473623384125155,6.404040404040404,2.163873886690653,8373.553103173019,506.5105937021233,7853.0,8866.4,8866.399999999998,1.8189894035458565e-12,7853.0,0.0,28.266813011374975,20.843221594815112,33.05402217504128,19.085006379047996,0.13669926162442625,0.09339453202953503,0.09558970265416085,0.0856116543604071,0.0816204350429056,0.07583316703252843,0.06785072839752544,0.06365994811414888,0.06286170425064858,0.05368189982039513,0.045699461185392136,0.04330472959489124,0.0325284374376372,0.026142486529634804,0.017960486928756736,0.010975853123129115,0.006585511873877469,0.8998269102835555,0.022540657458112446,0.0,0.0,0.0,0.0,0.0,0.0,0.0,0.0,0.0,0.0,0.0,0.0,0.0,0.0,0.0,0.0,0.0,0.0,0.0,0.0,0.0,0.0,0.0,0.0,0.05986828976252246,2.0774296547595292,13.05727399720615,12.823787667132311,1.9277589303532232,0.053881460786270215,4.178908869247181,2.8568391925033505,nan,nan,nan,4.157379056950398,2.8831662511163114,4.199149969641773,2.8308602525118878,1.0100474149985295,0.407,0.01194,0.0,0.0,0.0,0.0,0.0,0.0,0.0,0.0,0.0,0.0,0.005986828976252246,8.411494711634393,21.301137497505493,0.2813809618838556,0.0,0.0,0.0,0.0,0.0,0.0,0.0,0.0,0.0,0.0,0.0,0.0,0.0,0.0,0.0,0.0,nan,nan,4.178908869247181,2.8568391925033505,nan,0.407,0.06836,0.0,0.0,0.0,0.0,0.0,0.0,0.0,0.0,0.0,0.0,0.0,0.0,0.0,0.0,0.0,0.0,0.0,0.0,8.980243464378367e-05,0.0009479145879066055,3.9912193175014965e-05,3.9912193175014965e-05,0.0043005388146078625,0.00012971462781879864,0.0037417681101576533,0.0029634803432448615,0.0010876072640191579,0.0004190780283376572,0.0016563560167631212,0.010367192177210138,0.014837357812811813,0.0322690081819996,0.03897425663540212,0.06378966274196766,0.04300538814607863,0.025444023149072043,0.055807224106964676,0.05004989024146877,0.040391139493115145,0.05798243863500299,0.03976252245060866,0.049381361005787265,0.052484534025144684,0.0962682099381361,0.044971063659948116,0.053941329076032725,0.029694671722211137,0.048014368389543004,0.03315705448014369,0.008511275194571942,0.01879864298543205,0.029435242466573537,0.010067850728397526,0.002704051087607264,0.006765116743165037,0.00028936340051885853,0.00864098982239074,0.0027639193773697866,0.0037218120135701456,0.0001197365795250449,0.0017960486928756735,0.0005787268010377171,4.989024146876871e-05,1.9956096587507483e-05,0.009658750748353623,0.0,0.0,0.0,6.984633805627619e-05,0.0,0.0,0.0,0.0,0.0,0.0,0.0,0.0,0.0,0.0,0.0,0.0,0.0,0.0,0.0,0.0,0.0,0.0,0.0,0.0,0.0,0.0,0.0,0.0,0.0,0.0,0.0,0.0,0.0,0.0,0.0,0.0,nan,nan,4.178908869247181,2.8568391925033505,nan,0.8997956293446201,0.022549848103233117,0.0,0.0,0.0,0.0,0.0,0.0,0.0,0.0,0.0,0.0,0.0,0.0,0.0,0.0,0.0,0.0,0.0,0.0,0.0,0.0,0.0,0.0,0.0,0.0,0.06993006993006994,2.0862470862470865,13.240093240093243,12.715617715617718,1.8181818181818186,0.06993006993006994,0.8998599497323942,0.022530898914733453,0.0,0.0,0.0,0.0,0.0,0.0,0.0,0.0,0.0,0.0,0.0,0.0,0.0,0.0,0.0,0.0,0.0,0.0,0.0,0.0,0.0,0.0,0.0,0.0,0.0492408699220353,2.0681165367254826,12.864177267131723,12.938038572014776,2.043496101764465,0.03693065244152647,0.407,0.01198,0.0,0.0,0.0,0.0,0.0,0.0,0.0,0.0,0.0,0.0,0.011655011655011658,8.344988344988332,21.38694638694639,0.25641025641025644,0.0,0.0,0.0,0.0,0.0,0.0,0.0,0.0,0.0,0.0,0.0,0.0,0.0,0.0,0.0,0.0,0.407,0.0119,0.0,0.0,0.0,0.0,0.0,0.0,0.0,0.0,0.0,0.0,0.0,8.481739844070567,21.210504718916706,0.3077554370127206,0.0,0.0,0.0,0.0,0.0,0.0,0.0,0.0,0.0,0.0,0.0,0.0,0.0,0.0,0.0,0.0
89200,4545,2369,0.5212321232123213,1112,937,0.4508250825082508,1292,0.5685368536853685,0.4140000000000001,2.9829963235294117,3.129435885782257,6.614238410596027,2.185562784475029,8381.216633663365,506.2429500504637,7853.0,8866.4,8866.399999999998,1.8189894035458565e-12,7853.0,0.0,28.000880088008802,20.7794855068001,32.764966163456535,19.064827925601524,0.13333333333333333,0.10473047304730473,0.09372937293729373,0.0847084708470847,0.07876787678767877,0.08052805280528053,0.06732673267326733,0.061606160616061605,0.06006600660066007,0.056105610561056105,0.0462046204620462,0.039163916391639166,0.033883388338833885,0.02442244224422442,0.0176017601760176,0.012541254125412541,0.005280528052805281,0.8992951290048782,0.023061398828297042,0.0,0.0,0.0,0.0,0.0,0.0,0.0,0.0,0.0,0.0,0.0,0.0,0.0,0.0,0.0,0.0,0.0,0.0,0.0,0.0,0.0,0.0,0.0,0.00660066006600658,0.05940594059405942,2.2772277227722775,12.950495049504953,12.613861386138616,2.0330033003300336,0.05940594059405942,4.297857871472289,2.883495254765256,nan,nan,nan,4.2360163710777625,2.8970910677048276,4.358887381275441,2.869522222452034,1.0290062642431235,0.4067,0.01177,0.0,0.0,0.0,0.0,0.0,0.0,0.0,0.0,0.0,0.0,0.019801980198019806,8.46204620462045,21.23432343234324,0.2838283828382839,0.0,0.0,0.0,0.0,0.0,0.0,0.0,0.0,0.0,0.0,0.0,0.0,0.0,0.0,0.0,0.0,nan,nan,4.297857871472289,2.883495254765256,nan,0.4067,0.06866,0.0,0.0,0.0,0.0,0.0,0.0,0.0,0.0,0.0,0.0,0.0,0.0,0.0,0.0,0.0,0.0,0.0,0.0,5.5005500550055004e-05,0.0009130913091309131,3.3003300330033e-05,7.700770077007701e-05,0.005412541254125412,0.00012101210121012101,0.0036853685368536853,0.0034543454345434543,0.0011661166116611662,0.000506050605060506,0.0025632563256325633,0.010671067106710671,0.014136413641364136,0.03189218921892189,0.038822882288228826,0.060737073707370734,0.04402640264026403,0.02517051705170517,0.05470847084708471,0.0503960396039604,0.041683168316831685,0.0591969196919692,0.039262926292629265,0.04705170517051705,0.056006600660066005,0.09457645764576458,0.04617161716171617,0.055764576457645765,0.02900990099009901,0.049053905390539054,0.03399339933993399,0.007326732673267326,0.015775577557755775,0.030165016501650165,0.010374037403740374,0.0021562156215621563,0.006237623762376238,0.000429042904290429,0.007700770077007701,0.0026402640264026403,0.0030583058305830584,4.4004400440044006e-05,0.0020022002200220023,0.000979097909790979,4.4004400440044006e-05,1.1001100110011001e-05,0.010726072607260726,1.1001100110011001e-05,0.0,0.0,0.0,0.0,0.0,0.0,0.0,0.0,0.0,0.0,0.0,0.0,0.0,0.0,0.0,0.0,0.0,0.0,0.0,0.0,0.0,0.0,0.0,0.0,0.0,0.0,0.0,0.0,0.0,0.0,0.0,0.0,0.0,0.0,0.0,nan,nan,4.297857871472289,2.883495254765256,nan,0.8994591670128905,0.022874381153695694,0.0,0.0,0.0,0.0,0.0,0.0,0.0,0.0,0.0,0.0,0.0,0.0,0.0,0.0,0.0,0.0,0.0,0.0,0.0,0.0,0.0,0.0,0.0,0.012663571127057792,0.05065428450823133,2.1654706627268894,12.954833262980163,12.726888982693122,2.026171380329253,0.06331785563528916,0.8991165416698683,0.023261979496829996,0.0,0.0,0.0,0.0,0.0,0.0,0.0,0.0,0.0,0.0,0.0,0.0,0.0,0.0,0.0,0.0,0.0,0.0,0.0,0.0,0.0,0.0,0.0,0.0,0.06893382352941178,2.39889705882353,12.945772058823533,12.490808823529415,2.0404411764705888,0.055147058823529424,0.4067,0.01165,0.0,0.0,0.0,0.0,0.0,0.0,0.0,0.0,0.0,0.0,0.012663571127057833,8.446601941747561,21.211481637821873,0.3292528493035037,0.0,0.0,0.0,0.0,0.0,0.0,0.0,0.0,0.0,0.0,0.0,0.0,0.0,0.0,0.0,0.0,0.407,0.0119,0.0,0.0,0.0,0.0,0.0,0.0,0.0,0.0,0.0,0.0,0.027573529411764712,8.478860294117636,21.25919117647059,0.23437500000000006,0.0,0.0,0.0,0.0,0.0,0.0,0.0,0.0,0.0,0.0,0.0,0.0,0.0,0.0,0.0,0.0
89300,4744,2483,0.523397976391231,1140,979,0.44666947723440137,1356,0.5716694772344013,0.4180000000000001,2.9610791685095093,3.089450380936882,6.598715890850722,2.1402205721495475,8383.411509274874,506.1448945982834,7853.0,8866.4,8866.4,0.0,7853.0,0.0,28.156408094435076,21.048766678038675,33.02199450137466,19.32897084281802,0.13870151770657674,0.10202360876897133,0.08832209106239461,0.08600337268128162,0.08284148397976392,0.0786256323777403,0.06429173693086003,0.0647133220910624,0.057124789207419896,0.04827150084317032,0.04911467116357504,0.04363406408094435,0.03309443507588533,0.026349072512647554,0.01918212478920742,0.00948566610455312,0.008220910623946037,0.8997221997676772,0.022371851258274237,0.0,0.0,0.0,0.0,0.0,0.0,0.0,0.0,0.0,0.0,0.0,0.0,0.0,0.0,0.0,0.0,0.0,0.0,0.0,0.0,0.0,0.0,0.0,0.0,0.05691399662731873,2.048903878583474,12.970067453625635,12.970067453625635,1.8971332209106244,0.05691399662731873,4.316834907196353,2.9033447085521793,nan,nan,nan,4.298039215686274,2.908416243286673,4.335496430889033,2.8981800041223895,1.0087149542670653,0.4072,0.01174,0.0,0.0,0.0,0.0,0.0,0.0,0.0,0.0,0.0,0.0,0.018971332209106243,8.043844856661034,21.583052276559872,0.35413153456998325,0.0,0.0,0.0,0.0,0.0,0.0,0.0,0.0,0.0,0.0,0.0,0.0,0.0,0.0,0.0,0.0,nan,nan,4.316834907196353,2.9033447085521793,nan,0.4072,0.0689,0.0,0.0,0.0,0.0,0.0,0.0,0.0,0.0,0.0,0.0,0.0,0.0,0.0,0.0,0.0,0.0,0.0,0.0,8.431703204047218e-05,0.0007061551433389545,0.0,2.1079258010118044e-05,0.005227655986509275,9.48566610455312e-05,0.003330522765598651,0.00377318718381113,0.0016547217537942664,0.0010223440134907251,0.002930016863406408,0.011319561551433389,0.013522344013490725,0.03181913996627319,0.038279932546374365,0.062025716694772345,0.0438026981450253,0.023756323777403037,0.05103288364249579,0.05080101180438448,0.042084738617200676,0.05763069139966273,0.03944983136593592,0.04659569983136594,0.05913785834738617,0.09477234401349073,0.04829258010118044,0.053941821247892076,0.02953204047217538,0.0465535413153457,0.03723650927487353,0.007293423271500843,0.016115092748735245,0.028615092748735246,0.009970489038785835,0.0021711635750421587,0.006144603709949409,0.0005375210792580101,0.008073355817875211,0.002866779089376054,0.0036150927487352447,0.0,0.0017284991568296795,0.0010434232715008432,0.00011593591905564925,0.0,0.01122470489038786,5.269814502529511e-05,0.0,0.0,0.0,0.0,0.0,0.0,0.0,0.0,0.0,0.0,0.0,0.0,0.0,0.0,0.0,0.0,0.0,0.0,0.0,0.0,0.0,0.0,0.0,0.0,0.0,0.0,0.0,0.0,0.0,0.0,0.0,0.0,0.0,0.0,0.0,nan,nan,4.316834907196353,2.9033447085521793,nan,0.8997254871669144,0.022569570936620938,0.0,0.0,0.0,0.0,0.0,0.0,0.0,0.0,0.0,0.0,0.0,0.0,0.0,0.0,0.0,0.0,0.0,0.0,0.0,0.0,0.0,0.0,0.0,0.0,0.0604107933950866,2.1385420861860656,12.613773660894083,13.278292388240034,1.8364881192106326,0.07249295207410392,0.8997185895897445,0.022152684556489347,0.0,0.0,0.0,0.0,0.0,0.0,0.0,0.0,0.0,0.0,0.0,0.0,0.0,0.0,0.0,0.0,0.0,0.0,0.0,0.0,0.0,0.0,0.0,0.0,0.05307386112339674,1.95046439628483,13.36134453781513,12.631578947368425,1.9637328615656793,0.03980539584254755,0.4072,0.01187,0.0,0.0,0.0,0.0,0.0,0.0,0.0,0.0,0.0,0.0,0.01208215867901732,7.974224728151418,21.639146194120023,0.37454691904953696,0.0,0.0,0.0,0.0,0.0,0.0,0.0,0.0,0.0,0.0,0.0,0.0,0.0,0.0,0.0,0.0,0.407,0.0116,0.0,0.0,0.0,0.0,0.0,0.0,0.0,0.0,0.0,0.0,0.02653693056169837,8.120300751879688,21.521450685537378,0.3317116320212296,0.0,0.0,0.0,0.0,0.0,0.0,0.0,0.0,0.0,0.0,0.0,0.0,0.0,0.0,0.0,0.0
89400,4926,2611,0.5300446609825417,1254,970,0.45148193260251723,1376,0.5586682907023954,0.4260000000000001,3.1053995680345574,3.1935601037465564,6.705710102489019,2.2013731009143855,8390.147259439707,505.78439516518387,7853.0,8866.4,8866.399999999998,1.8189894035458565e-12,7853.0,0.0,28.691027202598455,21.112827154197703,33.534660590069564,19.324545341643777,0.13357693869265125,0.09236703207470565,0.09581810799837596,0.08688591149005279,0.07673568818514007,0.07531465692245229,0.07003654080389768,0.06414941128704832,0.05805927730410069,0.055420219244823384,0.05034510759236703,0.03857084855866829,0.03511977263499797,0.02578156719447828,0.02293950466910272,0.011774259033698742,0.007105156313438896,0.899360527292384,0.0225273548503634,0.0,0.0,0.0,0.0,0.0,0.0,0.0,0.0,0.0,0.0,0.0,0.0,0.0,0.0,0.0,0.0,0.0,0.0,0.0,0.0,0.0,0.0,0.0,0.0,0.06699147381242389,2.1559074299634595,13.252131546894034,12.411693057247263,2.064555420219245,0.04872107186358101,4.277537128712871,2.975667056193372,nan,nan,nan,4.36790726052471,2.9928888591030267,4.184557438794727,2.9549600924791863,0.9580234169834554,0.4075,0.011795,0.0,0.0,0.0,0.0,0.0,0.0,0.0,0.0,0.0,0.0,0.012180267965895252,8.246041412911072,21.443361753958595,0.29841656516443366,0.0,0.0,0.0,0.0,0.0,0.0,0.0,0.0,0.0,0.0,0.0,0.0,0.0,0.0,0.0,0.0,nan,nan,4.277537128712871,2.975667056193372,nan,0.4075,0.06903,0.0,0.0,0.0,0.0,0.0,0.0,0.0,0.0,0.0,0.0,0.0,0.0,0.0,0.0,0.0,0.0,0.0,0.0,2.0300446609825415e-05,0.0008526187576126675,0.0,1.0150223304912707e-05,0.004963459196102314,8.120178643930166e-05,0.0029638652050345106,0.0047198538367844095,0.0017458384084449857,0.00146163215590743,0.0026898091758018675,0.010180673974827446,0.013580998781973204,0.030440519691433212,0.039423467316280957,0.06177425903369874,0.04243808363784003,0.02342671538773853,0.05315671944782785,0.04901542833942347,0.04469143321153066,0.0571051563134389,0.041220056841250505,0.047137637028014615,0.05837393422655299,0.09260048721071863,0.05054811205846529,0.05134997969955339,0.02961835160373528,0.046234267153877386,0.036936662606577346,0.00611043442955745,0.01618960617133577,0.02900933820544052,0.011601705237515225,0.0025071051563134387,0.006607795371498173,0.0007714169711733658,0.00768371904181892,0.0023447015834348354,0.00416159155501421,7.105156313438895e-05,0.0018676410881039384,0.0006090133982947625,5.075111652456354e-05,6.090133982947625e-05,0.011459602111246447,0.0001319529029638652,0.0,0.0,0.0,0.0,0.0,0.0,0.0,0.0,0.0,0.0,0.0,0.0,0.0,0.0,0.0,0.0,0.0,0.0,0.0,0.0,0.0,0.0,0.0,0.0,0.0,0.0,0.0,0.0,0.0,0.0,0.0,0.0,0.0,0.0,0.0,nan,nan,4.277537128712871,2.975667056193372,nan,0.8993210273426367,0.022604300014045897,0.0,0.0,0.0,0.0,0.0,0.0,0.0,0.0,0.0,0.0,0.0,0.0,0.0,0.0,0.0,0.0,0.0,0.0,0.0,0.0,0.0,0.0,0.0,0.0,0.05744925315970893,2.1256223669092305,13.3626962849483,12.317119877441597,2.0681731137495216,0.06893910379165072,0.8994050777756627,0.02244017131640009,0.0,0.0,0.0,0.0,0.0,0.0,0.0,0.0,0.0,0.0,0.0,0.0,0.0,0.0,0.0,0.0,0.0,0.0,0.0,0.0,0.0,0.0,0.0,0.0,0.0777537796976242,2.190064794816415,13.127429805615554,12.518358531317498,2.0604751619870414,0.025917926565874737,0.4077,0.01184,0.0,0.0,0.0,0.0,0.0,0.0,0.0,0.0,0.0,0.0,0.011489850631941788,7.905017234775936,21.773266947529688,0.3102259670624283,0.0,0.0,0.0,0.0,0.0,0.0,0.0,0.0,0.0,0.0,0.0,0.0,0.0,0.0,0.0,0.0,0.407,0.01174,0.0,0.0,0.0,0.0,0.0,0.0,0.0,0.0,0.0,0.0,0.012958963282937368,8.630669546436273,21.07127429805616,0.2850971922246221,0.0,0.0,0.0,0.0,0.0,0.0,0.0,0.0,0.0,0.0,0.0,0.0,0.0,0.0,0.0,0.0
89500,5023,2604,0.5184152896675294,1219,1045,0.4507266573760701,1457,0.5801313955803304,0.36600000000000005,3.0049607275733776,3.1258527052434326,6.687055476529161,2.069610845985631,8378.362054549074,506.35621623517886,7853.0,8866.4,8866.4,0.0,7853.0,0.0,28.395978498905038,20.753117766417944,32.84942983476844,19.12304498992113,0.12562213816444356,0.0983476010352379,0.09755126418475014,0.08699980091578738,0.08281903245072665,0.07465657973322716,0.08043002189926339,0.061317937487557234,0.05673900059725264,0.054349990045789366,0.040613179374875574,0.04320127413896078,0.03384431614572964,0.027075452916583715,0.018913000199084214,0.010551463268962771,0.0069679474417678675,0.899541472489203,0.02247543557963449,0.0,0.0,0.0,0.0,0.0,0.0,0.0,0.0,0.0,0.0,0.0,0.0,0.0,0.0,0.0,0.0,0.0,0.0,0.0,0.0,0.0,0.0,0.0,0.0,0.03583515827194904,2.138164443559626,12.936492136173605,12.98427234720287,1.8455106510053756,0.05972526378658174,4.2684931506849315,2.922707458193234,nan,nan,nan,4.362068965517241,2.928867642984333,4.177001806140879,2.9137678403899816,0.9575735365856561,0.4075,0.01157,0.0,0.0,0.0,0.0,0.0,0.0,0.0,0.0,0.0,0.0,0.023890105514632696,7.788174397770245,21.87736412502489,0.31057137169022503,0.0,0.0,0.0,0.0,0.0,0.0,0.0,0.0,0.0,0.0,0.0,0.0,0.0,0.0,0.0,0.0,nan,nan,4.2684931506849315,2.922707458193234,nan,0.4075,0.0685,0.0,0.0,0.0,0.0,0.0,0.0,0.0,0.0,0.0,0.0,0.0,0.0,0.0,0.0,0.0,0.0,0.0,0.0,0.0,0.0004977105315548477,0.0,0.0,0.00437985267768266,0.00015926737009755126,0.0031355763487955404,0.005086601632490543,0.0013338642245669919,0.0012442763288871193,0.0019808879155882937,0.010471829583913995,0.012402946446346805,0.030897869798924945,0.039816842524387816,0.058739796934103125,0.04185745570376269,0.025014931315946645,0.05611188532749353,0.051871391598646226,0.04751144734222576,0.05591280111487159,0.04173800517618953,0.04572964363925941,0.05618156480191121,0.0934799920366315,0.05127413896078041,0.049790961576746964,0.029723272944455505,0.04618753732828987,0.03700975512641848,0.006997810073661159,0.015468843320724667,0.02764284292255624,0.012631893290862034,0.0020107505474815848,0.0058729842723472024,0.0009157873780609197,0.008799522197889707,0.002807087397969341,0.003523790563408322,0.0,0.0016922158072864822,0.00016922158072864822,0.0,0.0,0.011855464861636472,6.967947441767868e-05,0.0,0.0,0.0,0.0,0.0,0.0,0.0,0.0,0.0,0.0,0.0,0.0,0.0,0.0,0.0,0.0,0.0,0.0,0.0,0.0,0.0,0.0,0.0,0.0,0.0,0.0,0.0,0.0,0.0,0.0,0.0,0.0,0.0,0.0,0.0,nan,nan,4.2684931506849315,2.922707458193234,nan,0.8991455393407018,0.022290487030597123,0.0,0.0,0.0,0.0,0.0,0.0,0.0,0.0,0.0,0.0,0.0,0.0,0.0,0.0,0.0,0.0,0.0,0.0,0.0,0.0,0.0,0.0,0.0,0.0,0.04608294930875577,2.1543778801843323,13.064516129032262,12.880184331797238,1.808755760368664,0.04608294930875577,0.8999676857668785,0.022665113668668448,0.0,0.0,0.0,0.0,0.0,0.0,0.0,0.0,0.0,0.0,0.0,0.0,0.0,0.0,0.0,0.0,0.0,0.0,0.0,0.0,0.0,0.0,0.0,0.0,0.02480363786688715,2.120711037618851,12.798677139313769,13.096320793716414,1.8850764778834233,0.07441091360066145,0.4072,0.01179,0.0,0.0,0.0,0.0,0.0,0.0,0.0,0.0,0.0,0.0,0.04608294930875577,8.13364055299538,21.463133640553,0.3571428571428572,0.0,0.0,0.0,0.0,0.0,0.0,0.0,0.0,0.0,0.0,0.0,0.0,0.0,0.0,0.0,0.0,0.4077,0.01132,0.0,0.0,0.0,0.0,0.0,0.0,0.0,0.0,0.0,0.0,0.0,7.416287722199245,22.323274080198434,0.26043819760231507,0.0,0.0,0.0,0.0,0.0,0.0,0.0,0.0,0.0,0.0,0.0,0.0,0.0,0.0,0.0,0.0
89600,4346,2219,0.5105844454670961,1027,935,0.451449608835711,1234,0.567878508973769,0.4220000000000001,2.898448519040903,3.0969345657926843,6.628623188405797,2.197193431165097,8370.426277036355,506.586455583782,7853.0,8866.4,8866.400000000001,1.8189894035458565e-12,7853.0,0.0,27.42245743212149,20.788109721376657,32.465802537231106,19.073740402695677,0.145651173492867,0.10170271514035895,0.0927289461573861,0.09157846295444086,0.07984353428439944,0.07340082834790612,0.07017947537965946,0.0674183156925909,0.05407271053842614,0.048090197883110905,0.04555913483663138,0.037505752416014726,0.03198343304187759,0.02208927749654855,0.021398987574781408,0.012195121951219513,0.004601932811780948,0.8993198704154493,0.022796746145134612,0.0,0.0,0.0,0.0,0.0,0.0,0.0,0.0,0.0,0.0,0.0,0.0,0.0,0.0,0.0,0.0,0.0,0.0,0.0,0.0,0.0,0.0,0.0,0.0,0.06902899217671424,2.139898757478141,13.426138978370918,12.31477220432582,2.022549470777727,0.027611596870685696,4.271516024486856,2.9119398895944024,nan,nan,nan,4.335724533715926,2.909056865981288,4.206796818510484,2.9134112947386814,0.9702638591998038,0.4067,0.01202,0.0,0.0,0.0,0.0,0.0,0.0,0.0,0.0,0.0,0.0,0.006902899217671424,8.670041417395295,20.977910722503456,0.34514496088357116,0.0,0.0,0.0,0.0,0.0,0.0,0.0,0.0,0.0,0.0,0.0,0.0,0.0,0.0,0.0,0.0,nan,nan,4.271516024486856,2.9119398895944024,nan,0.4067,0.0678,0.0,0.0,0.0,0.0,0.0,0.0,0.0,0.0,0.0,0.0,0.0,0.0,0.0,0.0,2.300966405890474e-05,0.0,0.0,0.0,0.0,0.000529222273354809,0.0,2.300966405890474e-05,0.004187758858720663,5.752416014726185e-05,0.002979751495628164,0.00577542567878509,0.001277036355269213,0.0014726184997699034,0.0014381040036815463,0.010618959963184538,0.011516336861481822,0.031615278416935115,0.03890934192360791,0.06044638748274275,0.044109526000920385,0.023838011965025312,0.0592038656235619,0.049919466175793833,0.04627243442245743,0.0553382420616659,0.044293603313391626,0.04505292222733548,0.05357800276115969,0.09362632305568339,0.052151403589507594,0.05047169811320755,0.029981592268752875,0.0463529682466636,0.03737919926369075,0.007363092498849517,0.015508513575701795,0.02587436723423838,0.013368614818223655,0.002139898757478141,0.006189599631845375,0.0010354348826507134,0.007305568338702255,0.003819604233778187,0.002646111366774045,8.05338242061666e-05,0.0017487344684767603,5.752416014726185e-05,1.150483202945237e-05,0.0,0.010377358490566037,3.451449608835711e-05,0.0,0.0,0.0,0.0,0.0,0.0,0.0,0.0,0.0,0.0,0.0,0.0,0.0,0.0,0.0,0.0,0.0,0.0,0.0,0.0,0.0,0.0,0.0,0.0,0.0,0.0,0.0,0.0,0.0,0.0,0.0,0.0,0.0,0.0,0.0,nan,nan,4.271516024486856,2.9119398895944024,nan,0.8996629550039043,0.02281497850191613,0.0,0.0,0.0,0.0,0.0,0.0,0.0,0.0,0.0,0.0,0.0,0.0,0.0,0.0,0.0,0.0,0.0,0.0,0.0,0.0,0.0,0.0,0.0,0.0,0.04055881027489861,2.1766561514195586,13.46552501126634,12.167643082469585,2.122577737719694,0.02703920684993241,0.8989619462491203,0.022772201203666798,0.0,0.0,0.0,0.0,0.0,0.0,0.0,0.0,0.0,0.0,0.0,0.0,0.0,0.0,0.0,0.0,0.0,0.0,0.0,0.0,0.0,0.0,0.0,0.0,0.09873060648801131,2.1015514809590976,13.385049365303248,12.468265162200286,1.9181946403385053,0.028208744710860375,0.4067,0.012146,0.0,0.0,0.0,0.0,0.0,0.0,0.0,0.0,0.0,0.0,0.013519603424966204,8.652546191978356,21.00946372239748,0.3244704821991889,0.0,0.0,0.0,0.0,0.0,0.0,0.0,0.0,0.0,0.0,0.0,0.0,0.0,0.0,0.0,0.0,0.4065,0.011894,0.0,0.0,0.0,0.0,0.0,0.0,0.0,0.0,0.0,0.0,0.0,8.688293370944981,20.944992947813827,0.36671368124118486,0.0,0.0,0.0,0.0,0.0,0.0,0.0,0.0,0.0,0.0,0.0,0.0,0.0,0.0,0.0,0.0
89700,4237,2242,0.5291479820627802,1045,835,0.44371017229171583,1164,0.5494453622846354,0.4180000000000001,2.9614035087719297,3.1435200541614186,6.63063063063063,2.2530377008794784,8389.23856502242,505.8382776900301,7853.0,8866.4,8866.4,0.0,7853.0,0.0,28.0653764455983,20.99496377299229,33.08842579555055,19.221912029867777,0.13995751711116355,0.1031390134529148,0.0913382109983479,0.08661789001652112,0.08000944064196365,0.06537644559830068,0.07127684682558413,0.061364172763747935,0.05546377153646448,0.05569978758555582,0.05522775548737314,0.04389898513098891,0.03044607033278263,0.024309653056407837,0.017701203681850367,0.010856738258201559,0.007316497521831484,0.8992185727700833,0.022599995525718043,0.0,0.0,0.0,0.0,0.0,0.0,0.0,0.0,0.0,0.0,0.0,0.0,0.0,0.0,0.0,0.0,0.0,0.0,0.0,0.0,0.0,0.0,0.0,0.0,0.06372433325466133,2.2445126268586266,12.992683502478172,12.815671465659669,1.8338447014396984,0.04956337030918104,4.160439560439561,2.9176567114565586,nan,nan,nan,4.187087307410125,2.9796685394514335,4.133869787856621,2.854237705826598,0.9872900860081608,0.406,0.01179,0.0,0.0,0.0,0.0,0.0,0.0,0.0,0.0,0.0,0.0,0.021241444418220443,8.985130988907231,20.75289119660137,0.24073637007316503,0.0,0.0,0.0,0.0,0.0,0.0,0.0,0.0,0.0,0.0,0.0,0.0,0.0,0.0,0.0,0.0,nan,nan,4.160439560439561,2.9176567114565586,nan,0.406,0.0683,0.0,0.0,0.0,0.0,0.0,0.0,0.0,0.0,0.0,0.0,0.0,0.0,0.0,0.0,0.00018881283927307056,0.0,0.0,0.0,0.0,0.00035402407363700734,0.0,0.00014160962945480293,0.004260089686098654,2.360160490913382e-05,0.003599244748642908,0.0059004012272834555,0.001557705924002832,0.0016521123436393675,0.001840925182912438,0.011741798442294076,0.01176540004720321,0.03131932971442058,0.03749114939815908,0.062284635355204156,0.04579891432617418,0.024876091574227047,0.058661789001652115,0.0513924946896389,0.04549209346235544,0.05204153882464008,0.04649516167099363,0.04697899457163087,0.047498229879631815,0.09424120840217134,0.051404295492093466,0.04709700259617654,0.03025725749350956,0.04894972858154355,0.03801038470616002,0.007021477460467312,0.015152230351663912,0.025725749350955864,0.013476516403115412,0.0024427661080953507,0.005746990795374086,0.0007316497521831485,0.007576115175831956,0.003965069624734482,0.0022893556761859808,0.0,0.0023011564786405477,9.440641963653528e-05,0.0,3.540240736370073e-05,0.010018881283927307,0.00010620722209110219,0.0,0.0,0.0,0.0,0.0,0.0,0.0,0.0,0.0,0.0,0.0,0.0,0.0,0.0,0.0,0.0,0.0,0.0,0.0,0.0,0.0,0.0,0.0,0.0,0.0,0.0,0.0,0.0,0.0,0.0,0.0,0.0,0.0,0.0,0.0,nan,nan,4.160439560439561,2.9176567114565586,nan,0.899780453899734,0.02248355404482234,0.0,0.0,0.0,0.0,0.0,0.0,0.0,0.0,0.0,0.0,0.0,0.0,0.0,0.0,0.0,0.0,0.0,0.0,0.0,0.0,0.0,0.0,0.0,0.0,0.08028545941123998,2.033898305084746,12.805530776092777,13.180196253345231,1.8465655664585197,0.053523639607493324,0.8985871254053331,0.022713560240454397,0.0,0.0,0.0,0.0,0.0,0.0,0.0,0.0,0.0,0.0,0.0,0.0,0.0,0.0,0.0,0.0,0.0,0.0,0.0,0.0,0.0,0.0,0.0,0.0,0.04511278195488722,2.4812030075187974,13.203007518796996,12.406015037593988,1.8195488721804516,0.04511278195488722,0.406,0.012054,0.0,0.0,0.0,0.0,0.0,0.0,0.0,0.0,0.0,0.0,0.026761819803746662,9.299732381801949,20.4192685102587,0.25423728813559326,0.0,0.0,0.0,0.0,0.0,0.0,0.0,0.0,0.0,0.0,0.0,0.0,0.0,0.0,0.0,0.0,0.4062,0.011475,0.0,0.0,0.0,0.0,0.0,0.0,0.0,0.0,0.0,0.0,0.01503759398496241,8.631578947368409,21.127819548872186,0.22556390977443616,0.0,0.0,0.0,0.0,0.0,0.0,0.0,0.0,0.0,0.0,0.0,0.0,0.0,0.0,0.0,0.0
89800,4418,2212,0.5006790402897239,1043,956,0.45246717971933004,1285,0.5817111815301041,0.4220000000000001,2.9891205802357206,3.1661270240935093,6.8159203980099505,2.134206585956665,8360.388139429606,506.69953272538675,7853.0,8866.4,8866.399999999998,1.8189894035458565e-12,7853.0,0.0,27.752376641014035,20.5435260964082,32.52144772117963,18.795490191091222,0.1403349932095971,0.09189678587596198,0.10027161611588954,0.08850158442734268,0.08080579447713898,0.07152557718424626,0.0758261656858307,0.06428248076052512,0.0552286102308737,0.05070167496604799,0.04685377999094613,0.04504300588501584,0.03531009506564056,0.024219103666817565,0.017202354006337708,0.008148483476686284,0.003847894975101856,0.8991558777633001,0.022005155288738882,0.0,0.0,0.0,0.0,0.0,0.0,0.0,0.0,0.0,0.0,0.0,0.0,0.0,0.0,0.0,0.0,0.0,0.0,0.0,0.0,0.0,0.0,0.0,0.0,0.07469443186962428,2.023540063377094,13.438207333635132,12.630149388863742,1.8130375735626985,0.02037120869171571,4.392620953706927,2.922667485269756,nan,nan,nan,4.425591098748262,2.8975960310378457,4.359581881533101,2.9472074716460117,0.9850846551924259,0.4067,0.01193,0.0,0.0,0.0,0.0,0.0,0.0,0.0,0.0,0.0,0.0,0.0,8.555907650520586,21.016296966953377,0.42779538252603,0.0,0.0,0.0,0.0,0.0,0.0,0.0,0.0,0.0,0.0,0.0,0.0,0.0,0.0,0.0,0.0,nan,nan,4.392620953706927,2.922667485269756,nan,0.4067,0.0684,0.0,0.0,0.0,0.0,0.0,0.0,0.0,0.0,0.0,0.0,0.0,0.0,0.0,0.0,6.79040289723857e-05,0.0,0.0,0.0,0.0,0.00015844273426889995,0.0,6.79040289723857e-05,0.003961068356722499,0.0,0.0038139429606156633,0.0058284291534631055,0.0013693979176097782,0.001561792666364871,0.0018899954730647352,0.013863739248528746,0.01152105024898144,0.032378904481665916,0.03523087369850611,0.06158895427795383,0.04311905839746492,0.027184246265278406,0.05620190131281123,0.05113173381620643,0.04293798098687189,0.050384789497510185,0.050045269352648254,0.046819827976459935,0.046989588048890904,0.09597102761430512,0.0512675418741512,0.048664554096876415,0.031100045269352648,0.048064735174287006,0.03939565414214577,0.00631507469443187,0.01684019918515165,0.025611136260751472,0.012584880036215482,0.0017881394296061566,0.006530104119511091,0.0006564056133997284,0.006733816206428248,0.00480986871887732,0.002127659574468085,3.395201448619285e-05,0.002965142598460842,1.1317338162064282e-05,0.0,2.2634676324128565e-05,0.010196921684019918,0.00019239474875509281,0.0,0.0,0.0,0.0,0.0,0.0,0.0,0.0,0.0,0.0,0.0,0.0,0.0,0.0,0.0,0.0,0.0,0.0,0.0,0.0,0.0,0.0,0.0,0.0,0.0,0.0,0.0,0.0,0.0,0.0,0.0,0.0,0.0,0.0,0.0,nan,nan,4.392620953706927,2.922667485269756,nan,0.8997137785011777,0.022168179357342478,0.0,0.0,0.0,0.0,0.0,0.0,0.0,0.0,0.0,0.0,0.0,0.0,0.0,0.0,0.0,0.0,0.0,0.0,0.0,0.0,0.0,0.0,0.0,0.0,0.0678119349005425,1.8851717902350817,13.58951175406872,12.39602169981917,2.0207956600361667,0.040687160940325505,0.8985964596163437,0.02182615191797894,0.0,0.0,0.0,0.0,0.0,0.0,0.0,0.0,0.0,0.0,0.0,0.0,0.0,0.0,0.0,0.0,0.0,0.0,0.0,0.0,0.0,0.0,0.0,0.0,0.0815956482320943,2.162284678150499,13.286491387126024,12.864913871260203,1.604714415231188,0.0,0.4065,0.011925,0.0,0.0,0.0,0.0,0.0,0.0,0.0,0.0,0.0,0.0,0.0,8.544303797468343,21.062386980108503,0.3933092224231466,0.0,0.0,0.0,0.0,0.0,0.0,0.0,0.0,0.0,0.0,0.0,0.0,0.0,0.0,0.0,0.0,0.407,0.01193,0.0,0.0,0.0,0.0,0.0,0.0,0.0,0.0,0.0,0.0,0.0,8.56754306436989,20.970081595648235,0.46237533998186775,0.0,0.0,0.0,0.0,0.0,0.0,0.0,0.0,0.0,0.0,0.0,0.0,0.0,0.0,0.0,0.0
89900,4634,2381,0.5138109624514459,1128,922,0.4423823910228744,1262,0.5446698316788952,0.4100000000000001,2.9280958721704393,3.0675449492491995,6.516228748068007,2.1553210808565573,8373.696029348297,506.50666447982843,7853.0,8866.4,8866.399999999998,1.8189894035458565e-12,7853.0,0.0,28.49158394475615,21.242258087409233,33.48538461538462,19.445783716251977,0.13897280966767372,0.10228744065602072,0.09063444108761329,0.07941303409581356,0.07531290461804056,0.07768666378938283,0.0660336642209754,0.06279671989641779,0.06171773845489858,0.05179110919292188,0.05114372032801036,0.04251186879585671,0.03323262839879154,0.029779887785930083,0.015968925334484248,0.011652999568407424,0.00906344410876133,0.8997278250287616,0.022442400381844193,0.0,0.0,0.0,0.0,0.0,0.0,0.0,0.0,0.0,0.0,0.0,0.0,0.0,0.0,0.0,0.0,0.0,0.0,0.0,0.0,0.0,0.0,0.0,0.0,0.03884333189469142,2.1493310315062586,13.012516184721626,12.837721191195515,1.91627104013811,0.04531722054380666,4.160530679933665,2.8303205023882905,nan,nan,nan,4.132100396301189,2.8661901860810213,4.189207195203198,2.7933805304414983,1.0138202834938688,0.4075,0.011795,0.0,0.0,0.0,0.0,0.0,0.0,0.0,0.0,0.0,0.0,0.0,8.059991368148458,21.596892533448433,0.3431160984031076,0.0,0.0,0.0,0.0,0.0,0.0,0.0,0.0,0.0,0.0,0.0,0.0,0.0,0.0,0.0,0.0,nan,nan,4.160530679933665,2.8303205023882905,nan,0.4075,0.0684,0.0,0.0,0.0,0.0,0.0,0.0,0.0,0.0,0.0,0.0,0.0,0.0,0.0,0.0,1.0789814415192059e-05,0.0,0.0,0.0,0.0,0.00035606387570133794,0.0,3.2369443245576176e-05,0.004423823910228744,0.0,0.003506689684937419,0.005211480362537765,0.0013163573586534312,0.001068191627104014,0.001801899007337074,0.014652567975830815,0.011922744928787225,0.032326283987915407,0.033836858006042296,0.06093008200258956,0.04120630125161847,0.02845274061286146,0.053700906344410874,0.054283556322831245,0.0422529132498921,0.048090202848511,0.050194216659473455,0.04446482520500648,0.04486404833836858,0.09980578334052655,0.055459646094087184,0.04684937419076392,0.030697022011221407,0.04773413897280967,0.04208027621924903,0.006538627535606387,0.018040569702201123,0.024363400949503667,0.011555891238670695,0.0019745360379801466,0.007887354337505394,0.0008955545964609409,0.006517047906776004,0.005179110919292188,0.002039274924471299,7.552870090634441e-05,0.003528269313767803,0.0,0.0,0.0,0.009570565386275357,0.00026974536037980147,0.0,3.2369443245576176e-05,0.0,0.0,0.0,0.0,0.0,0.0,0.0,0.0,0.0,0.0,0.0,0.0,0.0,0.0,0.0,0.0,0.0,0.0,0.0,0.0,0.0,0.0,0.0,0.0,0.0,0.0,0.0,0.0,0.0,0.0,0.0,0.0,0.0,nan,nan,4.160530679933665,2.8303205023882905,nan,0.8996463310363061,0.022401621395082272,0.0,0.0,0.0,0.0,0.0,0.0,0.0,0.0,0.0,0.0,0.0,0.0,0.0,0.0,0.0,0.0,0.0,0.0,0.0,0.0,0.0,0.0,0.0,0.0,0.0629987400251995,2.1167576648467032,13.028139437211259,12.87694246115078,1.8899622007559853,0.025199496010079803,0.8998139489506596,0.022485094764951193,0.0,0.0,0.0,0.0,0.0,0.0,0.0,0.0,0.0,0.0,0.0,0.0,0.0,0.0,0.0,0.0,0.0,0.0,0.0,0.0,0.0,0.0,0.0,0.0,0.013315579227696408,2.1837549933422107,12.996005326231694,12.796271637816249,1.9440745672436754,0.06657789613848204,0.4072,0.01204,0.0,0.0,0.0,0.0,0.0,0.0,0.0,0.0,0.0,0.0,0.0,8.152036959260803,21.520369592608155,0.32759344813103747,0.0,0.0,0.0,0.0,0.0,0.0,0.0,0.0,0.0,0.0,0.0,0.0,0.0,0.0,0.0,0.0,0.4075,0.01153,0.0,0.0,0.0,0.0,0.0,0.0,0.0,0.0,0.0,0.0,0.0,7.962716378162439,21.67776298268975,0.359520639147803,0.0,0.0,0.0,0.0,0.0,0.0,0.0,0.0,0.0,0.0,0.0,0.0,0.0,0.0,0.0,0.0
90000,4570,2337,0.5113785557986871,1107,920,0.4435448577680525,1268,0.5549234135667396,0.4060000000000001,2.8419167039856696,3.0572384499365173,6.497528830313015,2.018753221365461,8371.23102844639,506.56877655750594,7853.0,8866.4,8866.399999999998,1.8189894035458565e-12,7853.0,0.0,28.06323851203501,20.98357555098093,33.08402922755741,19.19373635562742,0.14070021881838074,0.10021881838074398,0.09431072210065646,0.08774617067833698,0.07439824945295405,0.07133479212253829,0.06958424507658643,0.06477024070021882,0.05886214442013129,0.05054704595185996,0.053610503282275714,0.0387308533916849,0.03457330415754924,0.02450765864332604,0.01925601750547046,0.009409190371991246,0.007439824945295405,0.9000217163328008,0.02248276637067843,0.0,0.0,0.0,0.0,0.0,0.0,0.0,0.0,0.0,0.0,0.0,0.0,0.0,0.0,0.0,0.0,0.0,0.0,0.0,0.0,0.0,0.0,0.0,0.0,0.03282275711159738,2.205689277899344,12.577680525164117,13.115973741794313,2.0350109409190376,0.03282275711159738,4.181725196045005,2.80458810632381,nan,nan,nan,4.167676767676768,2.8242872209276584,4.196132596685083,2.784167245898915,1.0068277437513893,0.407,0.01188,0.0,0.0,0.0,0.0,0.0,0.0,0.0,0.0,0.0,0.0,0.013129102844638953,8.323851203501082,21.3019693654267,0.3610503282275712,0.0,0.0,0.0,0.0,0.0,0.0,0.0,0.0,0.0,0.0,0.0,0.0,0.0,0.0,0.0,0.0,nan,nan,4.181725196045005,2.80458810632381,nan,0.407,0.0689,0.0,0.0,0.0,0.0,0.0,0.0,0.0,0.0,0.0,0.0,0.0,0.0,0.0,0.0,0.0,0.0,0.0,0.0,0.0,0.00044857768052516413,0.0,0.00010940919037199125,0.003927789934354485,3.282275711159737e-05,0.003336980306345733,0.0050328227571115975,0.0015317286652078775,0.0013785557986870896,0.0019474835886214442,0.015492341356673961,0.011422319474835886,0.03256017505470459,0.0337199124726477,0.06226477024070022,0.04527352297592998,0.02899343544857768,0.055065645514223195,0.053654266958424505,0.039923413566739605,0.04615973741794311,0.0524835886214442,0.042035010940919035,0.0436980306345733,0.10071115973741794,0.05363238512035011,0.04864332603938731,0.02972647702407002,0.05035010940919037,0.040065645514223196,0.005754923413566739,0.01738512035010941,0.021564551422319476,0.013829321663019693,0.0023960612691466083,0.007417943107221006,0.0008533916849015318,0.005765864332603939,0.004179431072210066,0.0020787746170678337,7.658643326039387e-05,0.0032056892778993436,3.282275711159737e-05,6.564551422319475e-05,0.0,0.011400437636761488,0.00032822757111597374,2.188183807439825e-05,0.0,0.0,0.0,2.188183807439825e-05,0.0,0.0,0.0,0.0,0.0,0.0,0.0,0.0,0.0,0.0,0.0,0.0,0.0,0.0,0.0,0.0,0.0,0.0,0.0,0.0,0.0,0.0,0.0,0.0,0.0,0.0,0.0,0.0,0.0,0.0,nan,nan,4.181725196045005,2.80458810632381,nan,0.9000820172970551,0.022698628309843195,0.0,0.0,0.0,0.0,0.0,0.0,0.0,0.0,0.0,0.0,0.0,0.0,0.0,0.0,0.0,0.0,0.0,0.0,0.0,0.0,0.0,0.0,0.0,0.0,0.02567394094993582,2.2464698331193844,12.580231065468553,13.02952503209243,2.0667522464698336,0.05134788189987164,0.8999586069044702,0.022254433651145964,0.0,0.0,0.0,0.0,0.0,0.0,0.0,0.0,0.0,0.0,0.0,0.0,0.0,0.0,0.0,0.0,0.0,0.0,0.0,0.0,0.0,0.0,0.0,0.0,0.040304523063143756,2.163009404388715,12.575011195700855,13.206448723690107,2.00179131213614,0.013434841021047922,0.4067,0.01182,0.0,0.0,0.0,0.0,0.0,0.0,0.0,0.0,0.0,0.0,0.0,8.57509627727855,21.052631578947373,0.3722721437740694,0.0,0.0,0.0,0.0,0.0,0.0,0.0,0.0,0.0,0.0,0.0,0.0,0.0,0.0,0.0,0.0,0.4072,0.011955,0.0,0.0,0.0,0.0,0.0,0.0,0.0,0.0,0.0,0.0,0.026869682042095843,8.06090461262874,21.562919838781912,0.34930586654724594,0.0,0.0,0.0,0.0,0.0,0.0,0.0,0.0,0.0,0.0,0.0,0.0,0.0,0.0,0.0,0.0
90100,4615,2459,0.532827735644637,1182,894,0.4498374864572048,1244,0.5391115926327193,0.4100000000000001,3.004638218923933,3.0858130108222848,6.5111821086261985,2.1105325877363637,8392.967627302276,505.60671966823855,7853.0,8866.4,8866.4,0.0,7853.0,0.0,28.558179848320695,20.998282593503856,33.31578947368421,19.2436684316913,0.13304442036836403,0.09902491874322861,0.08970747562296857,0.08407367280606717,0.08017334777898158,0.08082340195016251,0.06825568797399784,0.06305525460455037,0.05417118093174431,0.05482123510292524,0.05243770314192849,0.039869989165763814,0.037486457204767065,0.028602383531960998,0.01755146262188516,0.011267605633802818,0.005633802816901409,0.9001792424419978,0.02303558045100744,0.0,0.0,0.0,0.0,0.0,0.0,0.0,0.0,0.0,0.0,0.0,0.0,0.0,0.0,0.0,0.0,0.0,0.0,0.0,0.0,0.0,0.0,0.0,0.0,0.07800650054171182,2.080173347778982,12.663055254604554,12.968580715059591,2.1321776814734563,0.07800650054171182,4.121532364597094,2.920527951777955,nan,nan,nan,4.06635700066357,2.97382568704747,4.1761998685075605,2.865696183971654,1.0270125982116343,0.4067,0.01175,0.0,0.0,0.0,0.0,0.0,0.0,0.0,0.0,0.0,0.0,0.013001083423618639,8.567713976164669,21.087757313109428,0.33152762730227525,0.0,0.0,0.0,0.0,0.0,0.0,0.0,0.0,0.0,0.0,0.0,0.0,0.0,0.0,0.0,0.0,nan,nan,4.121532364597094,2.920527951777955,nan,0.4067,0.0693,0.0,0.0,0.0,0.0,0.0,0.0,0.0,0.0,0.0,0.0,0.0,0.0,0.0,0.0,0.0,0.0,0.0,0.0,2.1668472372697723e-05,0.0005417118093174431,0.0,4.333694474539545e-05,0.0038136511375947996,0.0,0.002686890574214518,0.005124593716143012,0.0012134344528710727,0.0018851570964247021,0.0022426868905742144,0.016056338028169016,0.011538461538461539,0.03183098591549296,0.03327193932827736,0.061451787648970746,0.04819068255687974,0.030346695557963165,0.05512459371614301,0.05795232936078006,0.03856988082340195,0.04485373781148429,0.05284940411700975,0.04161430119176598,0.0456988082340195,0.09917659804983749,0.05015167930660888,0.04843986998916577,0.02800650054171181,0.0519284940411701,0.04054171180931744,0.005633802816901409,0.016825568797399784,0.017269772481040085,0.01409534127843987,0.002621885157096425,0.009003250270855905,0.00046587215601300106,0.005861321776814734,0.0050704225352112674,0.0022535211267605635,0.0,0.0031094257854821237,5.417118093174431e-05,0.00018418201516793065,0.0,0.011776814734561214,0.0004875406283856988,0.0,0.0,0.0,0.0,0.00011917659804983749,0.0,0.0,0.0,0.0,0.0,0.0,0.0,0.0,0.0,0.0,0.0,0.0,0.0,0.0,0.0,0.0,0.0,0.0,0.0,0.0,0.0,0.0,0.0,0.0,0.0,0.0,0.0,0.0,0.0,0.0,nan,nan,4.121532364597094,2.920527951777955,nan,0.9002424951198867,0.022808210097849557,0.0,0.0,0.0,0.0,0.0,0.0,0.0,0.0,0.0,0.0,0.0,0.0,0.0,0.0,0.0,0.0,0.0,0.0,0.0,0.0,0.0,0.0,0.0,0.0,0.06100040666937781,2.1350142334282234,12.37088247254982,13.371289141927615,2.025213501423343,0.03660024400162668,0.9001071003571512,0.02329198614848906,0.0,0.0,0.0,0.0,0.0,0.0,0.0,0.0,0.0,0.0,0.0,0.0,0.0,0.0,0.0,0.0,0.0,0.0,0.0,0.0,0.0,0.0,0.0,0.0,0.09740259740259744,2.0176252319109467,12.996289424860857,12.50927643784787,2.2541743970315404,0.12523191094619668,0.4062,0.01161,0.0,0.0,0.0,0.0,0.0,0.0,0.0,0.0,0.0,0.0,0.012200081333875562,8.954859699064647,20.740138267588456,0.29280195201301346,0.0,0.0,0.0,0.0,0.0,0.0,0.0,0.0,0.0,0.0,0.0,0.0,0.0,0.0,0.0,0.0,0.4072,0.01189,0.0,0.0,0.0,0.0,0.0,0.0,0.0,0.0,0.0,0.0,0.013914656771799632,8.126159554730972,21.48423005565863,0.3756957328385901,0.0,0.0,0.0,0.0,0.0,0.0,0.0,0.0,0.0,0.0,0.0,0.0,0.0,0.0,0.0,0.0
90200,4540,2366,0.5211453744493392,1119,930,0.4513215859030837,1284,0.5656387665198238,0.4340000000000001,2.9466421343146276,3.137878100425207,6.663732394366197,2.304608398849834,8381.128722466961,506.24667885669515,7853.0,8866.4,8866.4,0.0,7853.0,0.0,27.47511013215859,20.701700261339354,32.54240422721268,18.947228697868585,0.1436123348017621,0.09911894273127753,0.09295154185022027,0.09449339207048459,0.07863436123348018,0.07599118942731277,0.06982378854625551,0.06387665198237885,0.05837004405286344,0.051541850220264314,0.042951541850220265,0.03524229074889868,0.03480176211453744,0.02378854625550661,0.017841409691629957,0.011233480176211454,0.005726872246696035,0.8997235989255528,0.02239973019888905,0.0,0.0,0.0,0.0,0.0,0.0,0.0,0.0,0.0,0.0,0.0,0.0,0.0,0.0,0.0,0.0,0.0,0.0,0.0,0.0,0.0,0.0,0.0,0.0,0.06607929515418504,1.9757709251101325,13.189427312775333,12.839207048458153,1.889867841409692,0.039647577092511016,4.3296589734757145,2.9862191438661143,nan,nan,nan,4.39251040221914,3.009674542970962,4.2676249144421625,2.961579052618675,0.9715685390946635,0.4075,0.01189,0.0,0.0,0.0,0.0,0.0,0.0,0.0,0.0,0.0,0.0,0.013215859030837008,7.962555066079284,21.72026431718062,0.30396475770925113,0.0,0.0,0.0,0.0,0.0,0.0,0.0,0.0,0.0,0.0,0.0,0.0,0.0,0.0,0.0,0.0,nan,nan,4.3296589734757145,2.9862191438661143,nan,0.4075,0.069,0.0,0.0,0.0,0.0,0.0,0.0,0.0,0.0,0.0,0.0,0.0,0.0,0.0,0.0,0.0,0.0,0.0,0.0,2.2026431718061676e-05,0.0005176211453744494,0.0,0.0,0.003645374449339207,0.0,0.0026211453744493392,0.005616740088105727,0.0006828193832599119,0.002026431718061674,0.001817180616740088,0.016674008810572686,0.010825991189427312,0.02961453744493392,0.03299559471365639,0.059174008810572686,0.04852422907488987,0.030308370044052863,0.054350220264317184,0.05816079295154185,0.03831497797356828,0.044174008810572686,0.055803964757709254,0.04104625550660793,0.0455726872246696,0.10320484581497798,0.04733480176211454,0.04803964757709251,0.027720264317180617,0.054647577092511015,0.042114537444933924,0.006068281938325992,0.01658590308370044,0.01723568281938326,0.013270925110132158,0.0026762114537444933,0.00920704845814978,0.0004405286343612335,0.005803964757709251,0.005495594713656388,0.0022577092511013217,0.0,0.0025770925110132157,2.2026431718061676e-05,5.506607929515419e-05,0.0,0.012213656387665198,0.00037444933920704847,0.0,0.0,0.0,1.1013215859030838e-05,0.00015418502202643172,0.0,0.0,0.0,0.0,0.0,0.0,0.0,0.0,0.0,0.0,0.0,0.0,0.0,0.0,0.0,0.0,0.0,0.0,0.0,0.0,0.0,0.0,0.0,0.0,0.0,0.0,0.0,0.0,0.0,0.0,nan,nan,4.3296589734757145,2.9862191438661143,nan,0.8999951255341656,0.022506328475419387,0.0,0.0,0.0,0.0,0.0,0.0,0.0,0.0,0.0,0.0,0.0,0.0,0.0,0.0,0.0,0.0,0.0,0.0,0.0,0.0,0.0,0.0,0.0,0.0,0.07607776838546071,1.9526627218934915,12.958579881656808,13.034657650042268,1.9526627218934915,0.025359256128486905,0.8994280920460779,0.02227937789484336,0.0,0.0,0.0,0.0,0.0,0.0,0.0,0.0,0.0,0.0,0.0,0.0,0.0,0.0,0.0,0.0,0.0,0.0,0.0,0.0,0.0,0.0,0.0,0.0,0.05519779208831648,2.0009199632014725,13.440662373505063,12.626494940202395,1.8215271389144438,0.05519779208831648,0.4075,0.011856,0.0,0.0,0.0,0.0,0.0,0.0,0.0,0.0,0.0,0.0,0.012679628064243453,7.721893491124249,21.8850380388842,0.38038884192730354,0.0,0.0,0.0,0.0,0.0,0.0,0.0,0.0,0.0,0.0,0.0,0.0,0.0,0.0,0.0,0.0,0.4072,0.01191,0.0,0.0,0.0,0.0,0.0,0.0,0.0,0.0,0.0,0.0,0.01379944802207912,8.224471021159141,21.540938362465504,0.22079116835326593,0.0,0.0,0.0,0.0,0.0,0.0,0.0,0.0,0.0,0.0,0.0,0.0,0.0,0.0,0.0,0.0
90300,4754,2482,0.522086663862011,1167,916,0.4381573411863694,1318,0.5544804375262936,0.3940000000000001,2.977112676056338,2.9804830124166295,6.248595505617978,2.0557532981613207,8382.082625157762,506.2054010883793,7853.0,8866.4,8866.4,0.0,7853.0,0.0,29.441102229701304,21.361710546107556,34.239060568603215,19.529191667265728,0.12873369793857803,0.09465713083718974,0.09213294068153134,0.07909129154396298,0.07719814892721918,0.0721497686159024,0.06668068994530921,0.06268405553218342,0.06710138830458562,0.05448043752629365,0.05132519983172066,0.04354228018510728,0.037442153975599496,0.030500631047538914,0.022297013041649136,0.011569204880100967,0.008413967185527976,0.8995637481308906,0.022432234699691397,0.0,0.0,0.0,0.0,0.0,0.0,0.0,0.0,0.0,0.0,0.0,0.0,0.0,0.0,0.0,0.0,0.0,0.0,0.0,0.0,0.0,0.0,0.0,0.0,0.04417332772402189,2.1140092553639045,13.081615481699625,12.816575515355494,1.912074042911233,0.03155237694572992,4.115238095238095,2.719311804361979,nan,nan,nan,4.061941251596424,2.7634486776941913,4.167929292929293,2.6739166134355368,1.0260929527947293,0.4067,0.01154,0.0,0.0,0.0,0.0,0.0,0.0,0.0,0.0,0.0,0.0,0.006310475389145984,8.601177955405962,21.114850652082463,0.27766091712242325,0.0,0.0,0.0,0.0,0.0,0.0,0.0,0.0,0.0,0.0,0.0,0.0,0.0,0.0,0.0,0.0,nan,nan,4.115238095238095,2.719311804361979,nan,0.4065,0.0683,0.0,0.0,0.0,0.0,0.0,0.0,0.0,0.0,0.0,0.0,0.0,0.0,0.0,0.0,0.0,0.0,0.0,0.0,0.0,0.0004312158182583088,0.0,0.0,0.002818679007151872,1.051745898190997e-05,0.002566259991586033,0.005143037442153975,0.0005363904080774085,0.002461085401766933,0.0016617585191417753,0.01743794699200673,0.009602440050483803,0.02873369793857804,0.03426588136306268,0.05847707193941944,0.052471602860748846,0.030994951619688682,0.0579091291543963,0.05899242742953303,0.03614850652082457,0.047602019352124526,0.06008624316365166,0.03624316365166176,0.043615902397980646,0.1034707614640303,0.04459402608329827,0.04516196886832141,0.026167437946992007,0.0579091291543963,0.04340555321834245,0.005553218342448464,0.016365166175851913,0.016323096339924275,0.013483382414808582,0.0027450567942785024,0.008624316365166175,0.0006731173748422381,0.005384938998737905,0.005816154816996213,0.0015881363062684056,4.206983592763988e-05,0.002187631468237274,1.051745898190997e-05,0.0,0.0,0.011863693731594446,0.00033655868742111904,0.0,0.0,0.0,0.0,8.413967185527976e-05,0.0,0.0,0.0,0.0,0.0,0.0,0.0,0.0,0.0,0.0,0.0,0.0,0.0,0.0,0.0,0.0,0.0,0.0,0.0,0.0,0.0,0.0,0.0,0.0,0.0,0.0,0.0,0.0,0.0,0.0,nan,nan,4.115238095238095,2.719311804361979,nan,0.8996630937077171,0.022437217046434494,0.0,0.0,0.0,0.0,0.0,0.0,0.0,0.0,0.0,0.0,0.0,0.0,0.0,0.0,0.0,0.0,0.0,0.0,0.0,0.0,0.0,0.0,0.0,0.0,0.07252215954875102,2.01853344077357,12.92103142626914,13.114423851732477,1.8614020950846095,0.012087026591458504,0.8994552200843751,0.022426287593522887,0.0,0.0,0.0,0.0,0.0,0.0,0.0,0.0,0.0,0.0,0.0,0.0,0.0,0.0,0.0,0.0,0.0,0.0,0.0,0.0,0.0,0.0,0.0,0.0,0.01320422535211268,2.21830985915493,13.25704225352113,12.491197183098596,1.9674295774647892,0.05281690140845072,0.4067,0.01139,0.0,0.0,0.0,0.0,0.0,0.0,0.0,0.0,0.0,0.0,0.012087026591458504,8.497179693795315,21.24899274778405,0.24174053182917007,0.0,0.0,0.0,0.0,0.0,0.0,0.0,0.0,0.0,0.0,0.0,0.0,0.0,0.0,0.0,0.0,0.4065,0.01172,0.0,0.0,0.0,0.0,0.0,0.0,0.0,0.0,0.0,0.0,0.0,8.714788732394354,20.96830985915493,0.3169014084507043,0.0,0.0,0.0,0.0,0.0,0.0,0.0,0.0,0.0,0.0,0.0,0.0,0.0,0.0,0.0,0.0
90400,4697,2437,0.5188418139237811,1209,917,0.4526293378752395,1270,0.5407707047051309,0.3980000000000001,2.8641592920353984,3.037326556660345,6.3859375,2.1620568322996854,8378.79429423036,506.34010104656363,7853.0,8866.4,8866.4,0.0,7853.0,0.0,27.91334894613583,20.65401665244078,32.68895055499495,18.941059703533288,0.1392378113689589,0.09410261869278262,0.10134128166915052,0.08324462422823078,0.08175431126250798,0.07323823717266341,0.0702576112412178,0.06727698530977219,0.05578028528848201,0.055354481583989784,0.04811581860762189,0.03938684266553119,0.030232063018948267,0.027038535235256546,0.02001277411113477,0.0076644666808601235,0.005961251862891207,0.8994877009359299,0.02212082134086959,0.0,0.0,0.0,0.0,0.0,0.0,0.0,0.0,0.0,0.0,0.0,0.0,0.0,0.0,0.0,0.0,0.0,0.0,0.0,0.0,0.0,0.0,0.0,0.0,0.051096444539067504,2.0374707259953166,13.291462635724933,12.79965935703641,1.8139237811368962,0.006387055567383438,4.140460526315789,2.9050219309833896,nan,nan,nan,4.133420536298234,2.883931057725373,4.14635761589404,2.926772397507681,1.0031298725794282,0.4067,0.01197,0.0,0.0,0.0,0.0,0.0,0.0,0.0,0.0,0.0,0.0,0.012774111134766876,8.322333404300606,21.30721737279115,0.3576751117734725,0.0,0.0,0.0,0.0,0.0,0.0,0.0,0.0,0.0,0.0,0.0,0.0,0.0,0.0,0.0,0.0,nan,nan,4.140460526315789,2.9050219309833896,nan,0.4067,0.06836,0.0,0.0,0.0,0.0,0.0,0.0,0.0,0.0,0.0,0.0,0.0,0.0,0.0,0.0,0.0,0.0,0.0,0.0,1.0645092612305727e-05,0.0003087076857568661,0.0,2.1290185224611454e-05,0.0018203108367042793,8.516074089844582e-05,0.0023738556525441773,0.004194166489248457,0.00045773898232914626,0.0025228869491164575,0.0014477325952735789,0.01838407494145199,0.010847349371939536,0.02927400468384075,0.03572493080689802,0.06034703001916117,0.05156482861400894,0.029699808388332978,0.06063444751969342,0.05403449010006387,0.03562912497338727,0.049819033425590804,0.06276346604215456,0.03288269107941239,0.04452842239727486,0.1025974025974026,0.044986161379604005,0.04254843517138599,0.024696614860549287,0.05968703427719821,0.04420906961890569,0.00563125399190973,0.016276346604215456,0.015488609750904834,0.014072812433468172,0.0028954651905471578,0.008335107515435385,0.0008303172237598467,0.0053012561209282525,0.006568022141792634,0.0014690227804981903,6.387055567383436e-05,0.0016712795401319991,8.516074089844582e-05,0.0,1.0645092612305727e-05,0.012976367894400681,0.00020225675963380881,0.0,0.0,0.0,0.0,2.1290185224611454e-05,0.0,0.0,0.0,0.0,0.0,0.0,0.0,0.0,0.0,0.0,0.0,0.0,0.0,0.0,0.0,0.0,0.0,0.0,0.0,0.0,0.0,0.0,0.0,0.0,0.0,0.0,0.0,0.0,0.0,0.0,nan,nan,4.140460526315789,2.9050219309833896,nan,0.899397577792345,0.021981503696139704,0.0,0.0,0.0,0.0,0.0,0.0,0.0,0.0,0.0,0.0,0.0,0.0,0.0,0.0,0.0,0.0,0.0,0.0,0.0,0.0,0.0,0.0,0.0,0.0,0.03693065244152647,2.043496101764465,13.40582683627411,12.728764874846124,1.7849815346737796,0.0,0.8995848823965124,0.022269664879952505,0.0,0.0,0.0,0.0,0.0,0.0,0.0,0.0,0.0,0.0,0.0,0.0,0.0,0.0,0.0,0.0,0.0,0.0,0.0,0.0,0.0,0.0,0.0,0.0,0.06637168141592921,2.030973451327434,13.168141592920357,12.87610619469027,1.8451327433628322,0.013274336283185844,0.407,0.01215,0.0,0.0,0.0,0.0,0.0,0.0,0.0,0.0,0.0,0.0,0.02462043496101765,8.173984407057846,21.370537546163323,0.43085761181780885,0.0,0.0,0.0,0.0,0.0,0.0,0.0,0.0,0.0,0.0,0.0,0.0,0.0,0.0,0.0,0.0,0.4065,0.01177,0.0,0.0,0.0,0.0,0.0,0.0,0.0,0.0,0.0,0.0,0.0,8.48230088495574,21.23893805309735,0.2787610619469027,0.0,0.0,0.0,0.0,0.0,0.0,0.0,0.0,0.0,0.0,0.0,0.0,0.0,0.0,0.0,0.0
90500,4660,2429,0.521244635193133,1150,926,0.4454935622317597,1312,0.5630901287553648,0.39000000000000007,2.9977588525324967,3.0889247652551917,6.465361445783133,2.1569456711732657,8381.22931330472,506.24241097386044,7853.0,8866.4,8866.4,0.0,7853.0,0.0,28.809871244635193,20.92917520260972,33.39004775069113,19.206884433016562,0.12682403433476394,0.09678111587982832,0.0924892703862661,0.08583690987124463,0.08175965665236051,0.07446351931330472,0.06974248927038626,0.06158798283261802,0.06072961373390558,0.05751072961373391,0.04592274678111588,0.04592274678111588,0.03626609442060086,0.02703862660944206,0.02017167381974249,0.011587982832618025,0.00536480686695279,0.899029894755122,0.02276312100122763,0.0,0.0,0.0,0.0,0.0,0.0,0.0,0.0,0.0,0.0,0.0,0.0,0.0,0.0,0.0,0.0,0.0,0.0,0.0,0.0,0.0,0.0,0.0,0.0,0.04506437768240345,2.3369098712446355,13.068669527896999,12.547210300429187,1.9699570815450647,0.03218884120171674,4.181551499348109,2.895725608123702,nan,nan,nan,4.225324675324675,2.8990383915851536,4.137434554973822,2.891712605957786,0.9791992031135219,0.4065,0.01168,0.0,0.0,0.0,0.0,0.0,0.0,0.0,0.0,0.0,0.0,0.012875536480686699,8.575107296137327,21.109442060085843,0.3025751072961374,0.0,0.0,0.0,0.0,0.0,0.0,0.0,0.0,0.0,0.0,0.0,0.0,0.0,0.0,0.0,0.0,nan,nan,4.181551499348109,2.895725608123702,nan,0.4065,0.0685,0.0,0.0,0.0,0.0,0.0,0.0,0.0,0.0,0.0,0.0,0.0,0.0,0.0,0.0,0.0,0.0,0.0,0.0,0.0,0.00027896995708154504,0.0,0.00012875536480686696,0.0016630901287553648,0.0001609442060085837,0.00203862660944206,0.0038626609442060085,0.00027896995708154504,0.002424892703862661,0.00148068669527897,0.0203862660944206,0.011609442060085837,0.030021459227467812,0.0355793991416309,0.0601931330472103,0.05099785407725322,0.02917381974248927,0.06263948497854077,0.05315450643776824,0.03549356223175966,0.04820815450643777,0.06320815450643777,0.033240343347639485,0.04444206008583691,0.10239270386266094,0.042618025751072965,0.04322961373390558,0.02594420600858369,0.05648068669527897,0.04801502145922747,0.005600858369098713,0.015418454935622317,0.015182403433476394,0.014924892703862661,0.0030472103004291844,0.0076716738197424895,0.0009120171673819743,0.005,0.006072961373390558,0.0015665236051502147,3.218884120171674e-05,0.00148068669527897,0.00011802575107296138,1.072961373390558e-05,0.0,0.01342274678111588,0.00011802575107296138,1.072961373390558e-05,0.0,6.437768240343348e-05,0.0,0.0,0.0,0.0,0.0,0.0,0.0,0.0,0.0,0.0,0.0,0.0,0.0,0.0,0.0,0.0,0.0,0.0,0.0,0.0,0.0,0.0,0.0,0.0,0.0,0.0,0.0,0.0,0.0,0.0,0.0,0.0,nan,nan,4.181551499348109,2.895725608123702,nan,0.8986781548207167,0.022694691370299308,0.0,0.0,0.0,0.0,0.0,0.0,0.0,0.0,0.0,0.0,0.0,0.0,0.0,0.0,0.0,0.0,0.0,0.0,0.0,0.0,0.0,0.0,0.0,0.0,0.04940304652120215,2.3589954713874026,13.351173322354882,12.375463153561139,1.8402634829147801,0.024701523260601075,0.8994128514116305,0.022831229742164713,0.0,0.0,0.0,0.0,0.0,0.0,0.0,0.0,0.0,0.0,0.0,0.0,0.0,0.0,0.0,0.0,0.0,0.0,0.0,0.0,0.0,0.0,0.0,0.0,0.04034065441506052,2.31286418646347,12.761093679964144,12.734199910354105,2.1111609143881673,0.04034065441506052,0.4067,0.01174,0.0,0.0,0.0,0.0,0.0,0.0,0.0,0.0,0.0,0.0,0.012350761630300537,8.447920955125554,21.181556195965424,0.35817208727871563,0.0,0.0,0.0,0.0,0.0,0.0,0.0,0.0,0.0,0.0,0.0,0.0,0.0,0.0,0.0,0.0,0.4062,0.0116,0.0,0.0,0.0,0.0,0.0,0.0,0.0,0.0,0.0,0.0,0.013446884805020173,8.713581353653057,21.03092783505155,0.2420439264903631,0.0,0.0,0.0,0.0,0.0,0.0,0.0,0.0,0.0,0.0,0.0,0.0,0.0,0.0,0.0,0.0
90600,4352,2284,0.5248161764705882,1088,897,0.4561121323529412,1234,0.5670955882352942,0.4260000000000001,3.079303675048356,3.1083740857728954,6.568333333333333,2.138222912191856,8384.848713235295,506.07552027598484,7853.0,8866.4,8866.4,0.0,7853.0,0.0,28.336626838235293,20.63031260501409,32.85333692142088,18.929327720781775,0.12890625,0.09512867647058823,0.09076286764705882,0.09260110294117647,0.08386948529411764,0.08042279411764706,0.06479779411764706,0.06318933823529412,0.06732536764705882,0.05284926470588235,0.042738970588235295,0.04250919117647059,0.03423713235294118,0.025735294117647058,0.021369485294117647,0.008731617647058824,0.004825367647058824,0.8992506515042966,0.022562047295437267,0.0,0.0,0.0,0.0,0.0,0.0,0.0,0.0,0.0,0.0,0.0,0.0,0.0,0.0,0.0,0.0,0.0,0.0,0.0,0.0,0.0,0.0,0.0,0.0,0.04825367647058825,2.0680147058823533,13.497242647058826,12.387408088235297,1.9646139705882357,0.03446691176470589,4.251490705015784,2.887258452151584,nan,nan,nan,4.277158774373259,2.864110211476071,4.225441696113074,2.910330582286274,0.9879085437346751,0.4065,0.0117,0.0,0.0,0.0,0.0,0.0,0.0,0.0,0.0,0.0,0.0,0.013786764705882356,8.768382352941163,20.976562500000004,0.24126838235294124,0.0,0.0,0.0,0.0,0.0,0.0,0.0,0.0,0.0,0.0,0.0,0.0,0.0,0.0,0.0,0.0,nan,nan,4.251490705015784,2.887258452151584,nan,0.4065,0.0693,0.0,0.0,0.0,0.0,0.0,0.0,0.0,0.0,0.0,0.0,0.0,0.0,0.0,0.0,0.0,0.0,0.0,0.0,0.0,0.0002412683823529412,0.0,0.00034466911764705885,0.0018267463235294118,0.0002527573529411765,0.0017118566176470588,0.004090073529411765,0.0003102022058823529,0.0031824448529411764,0.0018841911764705883,0.018301930147058824,0.011787683823529412,0.032421875,0.034995404411764706,0.06086856617647059,0.052424172794117645,0.02877987132352941,0.06262637867647058,0.05508961397058824,0.03552389705882353,0.04676011029411765,0.06254595588235294,0.03180147058823529,0.04207261029411765,0.1006204044117647,0.04192325367647059,0.04258961397058823,0.0279296875,0.057892922794117646,0.05021829044117647,0.005376838235294118,0.016222426470588237,0.013947610294117648,0.013821231617647058,0.002527573529411765,0.006755514705882353,0.000861672794117647,0.005009191176470589,0.005296415441176471,0.0016199448529411766,6.893382352941176e-05,0.0015050551470588236,0.0002182904411764706,1.1488970588235294e-05,0.0,0.015625,6.893382352941176e-05,0.0,1.1488970588235294e-05,3.446691176470588e-05,0.0,0.0,0.0,0.0,0.0,0.0,0.0,0.0,0.0,0.0,0.0,0.0,0.0,0.0,0.0,0.0,0.0,0.0,0.0,0.0,0.0,0.0,0.0,0.0,0.0,0.0,0.0,0.0,0.0,0.0,0.0,0.0,nan,nan,4.251490705015784,2.887258452151584,nan,0.8993433142136358,0.022173432795060073,0.0,0.0,0.0,0.0,0.0,0.0,0.0,0.0,0.0,0.0,0.0,0.0,0.0,0.0,0.0,0.0,0.0,0.0,0.0,0.0,0.0,0.0,0.0,0.0,0.0394045534150613,1.8914185639229426,13.620840630472857,12.54378283712785,1.8914185639229426,0.013134851138353769,0.8991483102914674,0.02298318306600978,0.0,0.0,0.0,0.0,0.0,0.0,0.0,0.0,0.0,0.0,0.0,0.0,0.0,0.0,0.0,0.0,0.0,0.0,0.0,0.0,0.0,0.0,0.0,0.0,0.05802707930367506,2.2630560928433274,13.360735009671183,12.214700193423601,2.045454545454546,0.05802707930367506,0.4067,0.01172,0.0,0.0,0.0,0.0,0.0,0.0,0.0,0.0,0.0,0.0,0.013134851138353769,8.603327495621704,21.133975481611213,0.2495621716287216,0.0,0.0,0.0,0.0,0.0,0.0,0.0,0.0,0.0,0.0,0.0,0.0,0.0,0.0,0.0,0.0,0.4062,0.01168,0.0,0.0,0.0,0.0,0.0,0.0,0.0,0.0,0.0,0.0,0.014506769825918765,8.950676982591864,20.802707930367507,0.23210831721470024,0.0,0.0,0.0,0.0,0.0,0.0,0.0,0.0,0.0,0.0,0.0,0.0,0.0,0.0,0.0,0.0
90700,4542,2360,0.5195948921180097,1097,921,0.444297666226332,1291,0.5684720387494496,0.4140000000000001,3.026122823098075,3.087147820849246,6.548895899053628,2.1228010434141233,8379.55746367239,506.3107456261416,7853.0,8866.4,8866.399999999998,1.8189894035458565e-12,7853.0,0.0,28.033245266402467,20.77313440861177,32.93852995030081,18.976413037654215,0.14002642007926025,0.09533245266402465,0.09555261999119331,0.083223249669749,0.07926023778071334,0.0785997357992074,0.07463672391017173,0.06296785557023338,0.05680317040951123,0.047335975341259356,0.04821664464993395,0.04425363276089828,0.03632760898282695,0.02553940995156319,0.017393218846323204,0.007926023778071334,0.0066050198150594455,0.8990409013617149,0.022260902983873898,0.0,0.0,0.0,0.0,0.0,0.0,0.0,0.0,0.0,0.0,0.0,0.0,0.0,0.0,0.0,0.0,0.0,0.0,0.0,0.0,0.0,0.0,0.0,0.0,0.039630118890356676,2.1796565389696174,13.163804491413478,12.77410832232497,1.8163804491413478,0.026420079260237785,4.3084239130434785,2.8690836506122954,nan,nan,nan,4.253681392235609,2.8464561155760104,4.364827586206896,2.891128667194437,1.0261294120838873,0.4055,0.01194,0.0,0.0,0.0,0.0,0.0,0.0,0.0,0.0,0.0,0.0,0.013210039630118893,9.636723910171716,20.072655217965657,0.27741083223249674,0.0,0.0,0.0,0.0,0.0,0.0,0.0,0.0,0.0,0.0,0.0,0.0,0.0,0.0,0.0,0.0,nan,nan,4.3084239130434785,2.8690836506122954,nan,0.4055,0.0693,0.0,0.0,0.0,0.0,0.0,0.0,0.0,0.0,0.0,0.0,0.0,0.0,0.0,0.0,0.0,0.0,0.0,0.0,0.0,0.00047335975341259356,0.0,0.0002642007926023778,0.001937472479084104,0.00016512549537648613,0.001618229854689564,0.004304271246147072,0.0005834434169969177,0.003500660501981506,0.0015301629238221048,0.01663364156759137,0.013353148392778512,0.03194627917217085,0.03581021576398063,0.0646411272567151,0.050374284456186705,0.029843681197710258,0.06505944517833553,0.05868560105680317,0.034158960810215765,0.04601497137824747,0.060997357992073974,0.030680317040951123,0.044297666226332015,0.09709379128137384,0.042173051519154556,0.042162043152796126,0.028786878027300747,0.05584544253632761,0.049416556583003084,0.005063848524878908,0.014751210920299428,0.013507265521796565,0.0142998678996037,0.0027080581241743723,0.007606781153676794,0.0005063848524878908,0.005195948921180097,0.005107881990312637,0.001563188022897402,0.0002862175253192426,0.0015962131219726993,0.0001321003963011889,1.1008366358432408e-05,3.3025099075297225e-05,0.015169528841919858,7.705856450902686e-05,0.0,0.0,3.3025099075297225e-05,0.0,0.0,0.0,0.0,0.0,0.0,0.0,0.0,0.0,0.0,0.0,0.0,0.0,0.0,0.0,0.0,0.0,0.0,0.0,0.0,0.0,0.0,0.0,0.0,0.0,0.0,0.0,0.0,0.0,0.0,0.0,0.0,nan,nan,4.3084239130434785,2.8690836506122954,nan,0.8988058086168969,0.02237768148180926,0.0,0.0,0.0,0.0,0.0,0.0,0.0,0.0,0.0,0.0,0.0,0.0,0.0,0.0,0.0,0.0,0.0,0.0,0.0,0.0,0.0,0.0,0.0,0.0,0.050847457627118654,2.199152542372882,13.411016949152545,12.432203389830512,1.8686440677966105,0.03813559322033899,0.8992951721581267,0.022131093502202652,0.0,0.0,0.0,0.0,0.0,0.0,0.0,0.0,0.0,0.0,0.0,0.0,0.0,0.0,0.0,0.0,0.0,0.0,0.0,0.0,0.0,0.0,0.0,0.0,0.02749770852428965,2.1585701191567375,12.896425297891845,13.143904674610452,1.7598533455545375,0.013748854262144825,0.4058,0.012085,0.0,0.0,0.0,0.0,0.0,0.0,0.0,0.0,0.0,0.0,0.025423728813559327,9.495762711864392,20.135593220338986,0.34322033898305093,0.0,0.0,0.0,0.0,0.0,0.0,0.0,0.0,0.0,0.0,0.0,0.0,0.0,0.0,0.0,0.0,0.4053,0.01177,0.0,0.0,0.0,0.0,0.0,0.0,0.0,0.0,0.0,0.0,0.0,9.789184234647099,20.00458295142072,0.20623281393217238,0.0,0.0,0.0,0.0,0.0,0.0,0.0,0.0,0.0,0.0,0.0,0.0,0.0,0.0,0.0,0.0
90800,4263,2239,0.5252169833450622,1102,841,0.4557823129251701,1152,0.5404644616467277,0.4420000000000001,2.964426877470356,3.095119096406095,6.616755793226382,2.1406025171529355,8385.254890921886,506.05517243673177,7853.0,8866.4,8866.400000000001,1.8189894035458565e-12,7853.0,0.0,28.114942528735632,20.738701867276763,32.92998055015282,18.973858935252746,0.13652357494722026,0.09899132066619751,0.09148486980999296,0.08397841895378841,0.07952146375791697,0.07952146375791697,0.07881773399014778,0.059113300492610835,0.05958245367112362,0.048088200797560404,0.04668074126202205,0.042692939244663386,0.03729767769176636,0.02674173117522871,0.013370865587614356,0.01172882946281961,0.005864414731409805,0.899128917290967,0.022271223121520748,0.0,0.0,0.0,0.0,0.0,0.0,0.0,0.0,0.0,0.0,0.0,0.0,0.0,0.0,0.0,0.0,0.0,0.0,0.0,0.0,0.0,0.0,0.0,0.0,0.04926108374384238,2.181562280084448,13.462350457424353,12.406755805770587,1.8367346938775515,0.06333567909922591,4.119397633560416,2.8702827350026348,nan,nan,nan,4.038793103448276,2.8256198044027254,4.199140401146132,2.9128505628492096,1.039701785555926,0.406,0.01182,0.0,0.0,0.0,0.0,0.0,0.0,0.0,0.0,0.0,0.0,0.021111893033075303,9.049964813511599,20.74595355383533,0.18296973961998597,0.0,0.0,0.0,0.0,0.0,0.0,0.0,0.0,0.0,0.0,0.0,0.0,0.0,0.0,0.0,0.0,nan,nan,4.119397633560416,2.8702827350026348,nan,0.406,0.06915,0.0,0.0,0.0,0.0,0.0,0.0,0.0,0.0,0.0,0.0,0.0,0.0,0.0,0.0,0.0,0.0,0.0,0.0,0.0,0.0005512549847525217,0.0,0.000422237860661506,0.001688951442646024,9.383063570255688e-05,0.0015247478301665493,0.003729767769176636,0.0007741027445460943,0.0031902416138869343,0.0013605442176870747,0.016115411681914146,0.014508562045507859,0.029908515130190008,0.03566737039643444,0.06596293689889748,0.05031667839549613,0.02947454844006568,0.06357025568848229,0.059136758151536475,0.03293455313159747,0.04788881069669247,0.06321839080459771,0.030319024161388694,0.04193056532958011,0.09517945109078114,0.0428806005160685,0.04383063570255689,0.029896786300727188,0.05514895613417781,0.04846352334037063,0.005453905700211119,0.01591602158104621,0.01473140980530143,0.014778325123152709,0.002861834388927985,0.007799671592775041,0.000633356790992259,0.004890921885995778,0.00450387051372273,0.0013370865587614357,0.00014074595355383532,0.0018179685667370396,0.00018766127140511376,1.172882946281961e-05,0.0,0.015165376495425757,0.0,3.518648838845883e-05,4.691531785127844e-05,0.0,0.0,0.0,0.0,0.0,0.0,0.0,0.0,0.0,0.0,0.0,0.0,0.0,0.0,0.0,0.0,0.0,0.0,0.0,0.0,0.0,0.0,0.0,0.0,0.0,0.0,0.0,0.0,0.0,0.0,0.0,0.0,0.0,nan,nan,4.119397633560416,2.8702827350026348,nan,0.8994908009378332,0.022344036823120167,0.0,0.0,0.0,0.0,0.0,0.0,0.0,0.0,0.0,0.0,0.0,0.0,0.0,0.0,0.0,0.0,0.0,0.0,0.0,0.0,0.0,0.0,0.0,0.0,0.02679767753461367,2.2242072353729347,12.903081732916483,12.970075926753019,1.8088432335864228,0.06699419383653418,0.8987285924464347,0.022183520062741182,0.0,0.0,0.0,0.0,0.0,0.0,0.0,0.0,0.0,0.0,0.0,0.0,0.0,0.0,0.0,0.0,0.0,0.0,0.0,0.0,0.0,0.0,0.0,0.0,0.07411067193675891,2.1343873517786567,14.081027667984193,11.783596837944666,1.8675889328063247,0.059288537549407126,0.406,0.011955,0.0,0.0,0.0,0.0,0.0,0.0,0.0,0.0,0.0,0.0,0.013398838767306836,9.325591782045542,20.473425636444844,0.18758374274229572,0.0,0.0,0.0,0.0,0.0,0.0,0.0,0.0,0.0,0.0,0.0,0.0,0.0,0.0,0.0,0.0,0.4062,0.011665,0.0,0.0,0.0,0.0,0.0,0.0,0.0,0.0,0.0,0.0,0.029644268774703563,8.745059288537536,21.04743083003953,0.17786561264822137,0.0,0.0,0.0,0.0,0.0,0.0,0.0,0.0,0.0,0.0,0.0,0.0,0.0,0.0,0.0,0.0
90900,4451,2214,0.4974163109413615,1013,939,0.43855313412716246,1282,0.57605032576949,0.4060000000000001,2.9803308001788107,3.145491167874078,6.6390625,2.1409779590396885,8357.081689507977,506.69323505467014,7853.0,8866.4,8866.400000000001,1.8189894035458565e-12,7853.0,0.0,28.104021568186923,21.039492975420213,33.21397849462365,19.236164369630746,0.14176589530442596,0.09930352729723657,0.09099078858683442,0.08559874185576274,0.08380139294540552,0.07211862502808358,0.06672657829701191,0.06290721186250281,0.05931251404178836,0.05077510671759155,0.045607728600314534,0.039317007414064256,0.03976634464165356,0.026960233655358348,0.01999550662772411,0.008762075937991463,0.006290721186250281,0.8991428512424545,0.022306170283440417,0.0,0.0,0.0,0.0,0.0,0.0,0.0,0.0,0.0,0.0,0.0,0.0,0.0,0.0,0.0,0.0,0.0,0.0,0.0,0.0,0.0,0.0,0.0,0.0,0.07414064255223547,2.089418108290272,13.149853965401038,12.893731745675133,1.7456751291844534,0.04718040889687712,4.4171029668411865,2.9038436317345617,nan,nan,nan,4.46170063246662,2.875693895237655,4.373092926490985,2.930692240411507,0.98014037397963,0.4058,0.01208,0.0,0.0,0.0,0.0,0.0,0.0,0.0,0.0,0.0,0.0,0.03370029206919794,9.483262188272285,20.146034598966526,0.3370029206919794,0.0,0.0,0.0,0.0,0.0,0.0,0.0,0.0,0.0,0.0,0.0,0.0,0.0,0.0,0.0,0.0,nan,nan,4.4171029668411865,2.9038436317345617,nan,0.4058,0.06903,0.0,0.0,0.0,0.0,0.0,0.0,0.0,0.0,0.0,0.0,0.0,0.0,0.0,0.0,0.0,0.0,0.0,0.0,0.0,0.0003819366434509099,0.0,0.00039317007414064255,0.0018085823410469556,3.3700292069197934e-05,0.0011008762075937991,0.004044035048303752,0.0007863401482812851,0.0033026286227813974,0.0010896427769040665,0.017175915524601213,0.015445967198382387,0.028746349135025835,0.037025387553358796,0.0636261514266457,0.050954841608627274,0.03127387104021568,0.06077286003145361,0.056358121770388674,0.035396540103347564,0.053055493147607276,0.06603010559424849,0.030004493372275894,0.04054145135924511,0.0945293192541002,0.041956863626151426,0.04356324421478319,0.02820714446191867,0.05296562570208942,0.04839361941136823,0.00565041563693552,0.015827903841833295,0.014794428218377892,0.015210065153898,0.0027746573803639632,0.008436306447989216,0.0007751067175915525,0.0038643001572680295,0.004605706582790384,0.0018422826331161537,4.493372275893058e-05,0.0017636486182880252,0.00013480116827679174,5.616715344866322e-05,2.246686137946529e-05,0.015064030554931477,0.0,3.3700292069197934e-05,0.00013480116827679174,0.0,0.0,0.0,0.0,0.0,0.0,0.0,0.0,0.0,0.0,0.0,0.0,0.0,0.0,0.0,0.0,0.0,0.0,0.0,0.0,0.0,0.0,0.0,0.0,0.0,0.0,0.0,0.0,0.0,0.0,0.0,0.0,0.0,nan,nan,4.4171029668411865,2.9038436317345617,nan,0.8997076084027984,0.02268193204206576,0.0,0.0,0.0,0.0,0.0,0.0,0.0,0.0,0.0,0.0,0.0,0.0,0.0,0.0,0.0,0.0,0.0,0.0,0.0,0.0,0.0,0.0,0.0,0.0,0.0813008130081301,2.208672086720868,12.710027100271006,13.048780487804882,1.9105691056910574,0.04065040650406505,0.8985839007046802,0.02191360618845324,0.0,0.0,0.0,0.0,0.0,0.0,0.0,0.0,0.0,0.0,0.0,0.0,0.0,0.0,0.0,0.0,0.0,0.0,0.0,0.0,0.0,0.0,0.0,0.0,0.06705409029950828,1.9713902548055435,13.585158694680379,12.740277156906574,1.5824765310683955,0.05364327223960663,0.4058,0.012,0.0,0.0,0.0,0.0,0.0,0.0,0.0,0.0,0.0,0.0,0.027100271002710032,9.566395663956627,20.05420054200542,0.35230352303523044,0.0,0.0,0.0,0.0,0.0,0.0,0.0,0.0,0.0,0.0,0.0,0.0,0.0,0.0,0.0,0.0,0.406,0.01216,0.0,0.0,0.0,0.0,0.0,0.0,0.0,0.0,0.0,0.0,0.04023245417970497,9.400983459991046,20.236924452391598,0.32185963343763974,0.0,0.0,0.0,0.0,0.0,0.0,0.0,0.0,0.0,0.0,0.0,0.0,0.0,0.0,0.0,0.0
91000,4640,2375,0.5118534482758621,1133,936,0.4459051724137931,1311,0.5650862068965518,0.39000000000000007,2.98719646799117,3.1269411594049004,6.641337386018237,2.159785683636361,8371.712284482759,506.557592995609,7853.0,8866.4,8866.399999999998,1.8189894035458565e-12,7853.0,0.0,28.487068965517242,21.245309949664485,33.513721467042835,19.45075535930622,0.1400862068965517,0.09245689655172414,0.09525862068965517,0.08900862068965518,0.08103448275862069,0.0668103448275862,0.0706896551724138,0.05991379310344828,0.05668103448275862,0.05538793103448276,0.052370689655172414,0.040948275862068964,0.03318965517241379,0.02413793103448276,0.01918103448275862,0.013362068965517242,0.009482758620689655,0.8989109071035837,0.022710164744244313,0.0,0.0,0.0,0.0,0.0,0.0,0.0,0.0,0.0,0.0,0.0,0.0,0.0,0.0,0.0,0.0,0.0,0.0,0.0,0.0,0.0,0.0,0.0,0.0,0.07112068965517243,2.3146551724137936,13.053879310344831,12.672413793103452,1.868534482758621,0.019396551724137935,4.287653095001655,2.9346309380031403,nan,nan,nan,4.228210246174318,2.938346728017877,4.346508563899868,2.9297592268643875,1.027978343279544,0.4048,0.01158,0.0,0.0,0.0,0.0,0.0,0.0,0.0,0.0,0.0,0.0,0.012931034482758624,10.08620689655171,19.758620689655174,0.14224137931034486,0.0,0.0,0.0,0.0,0.0,0.0,0.0,0.0,0.0,0.0,0.0,0.0,0.0,0.0,0.0,0.0,nan,nan,4.287653095001655,2.9346309380031403,nan,0.4048,0.0684,0.0,0.0,0.0,0.0,0.0,0.0,0.0,0.0,0.0,0.0,0.0,0.0,0.0,0.0,0.0,0.0,0.0,0.0,0.0,0.00046336206896551726,0.0,0.00047413793103448276,0.002413793103448276,0.0,0.000980603448275862,0.0036961206896551726,0.0006788793103448276,0.003146551724137931,0.0008512931034482759,0.017898706896551726,0.0159375,0.025851293103448275,0.03844827586206897,0.06522629310344828,0.05229525862068966,0.029838362068965518,0.06210129310344827,0.05887931034482759,0.03512931034482759,0.05259698275862069,0.06824353448275862,0.030635775862068965,0.042510775862068965,0.09485991379310345,0.038469827586206894,0.04247844827586207,0.02947198275862069,0.04895474137931034,0.04768318965517242,0.006627155172413793,0.017273706896551725,0.013620689655172415,0.013933189655172413,0.0029849137931034484,0.008954741379310344,0.0009051724137931035,0.0031357758620689656,0.004536637931034483,0.0019181034482758622,0.00014008620689655172,0.0016379310344827587,0.00011853448275862069,2.1551724137931033e-05,0.0,0.013868534482758621,2.1551724137931033e-05,6.46551724137931e-05,0.0,0.0,2.1551724137931033e-05,0.0,0.0,0.0,0.0,0.0,0.0,0.0,0.0,0.0,0.0,0.0,0.0,0.0,0.0,0.0,0.0,0.0,0.0,0.0,0.0,0.0,0.0,0.0,0.0,0.0,0.0,0.0,0.0,0.0,0.0,0.0,nan,nan,4.287653095001655,2.9346309380031403,nan,0.8984276359206752,0.022758874300831768,0.0,0.0,0.0,0.0,0.0,0.0,0.0,0.0,0.0,0.0,0.0,0.0,0.0,0.0,0.0,0.0,0.0,0.0,0.0,0.0,0.0,0.0,0.0,0.0,0.11368421052631582,2.2863157894736847,13.275789473684213,12.467368421052635,1.84421052631579,0.012631578947368424,0.8994176484101656,0.02264790420451981,0.0,0.0,0.0,0.0,0.0,0.0,0.0,0.0,0.0,0.0,0.0,0.0,0.0,0.0,0.0,0.0,0.0,0.0,0.0,0.0,0.0,0.0,0.0,0.0,0.02649006622516557,2.3443708609271527,12.821192052980136,12.88741721854305,1.894039735099338,0.02649006622516557,0.4048,0.01169,0.0,0.0,0.0,0.0,0.0,0.0,0.0,0.0,0.0,0.0,0.0,10.1936842105263,19.61684210526316,0.18947368421052638,0.0,0.0,0.0,0.0,0.0,0.0,0.0,0.0,0.0,0.0,0.0,0.0,0.0,0.0,0.0,0.0,0.405,0.01147,0.0,0.0,0.0,0.0,0.0,0.0,0.0,0.0,0.0,0.0,0.02649006622516557,9.97350993377482,19.907284768211923,0.0927152317880795,0.0,0.0,0.0,0.0,0.0,0.0,0.0,0.0,0.0,0.0,0.0,0.0,0.0,0.0,0.0,0.0
91100,4682,2469,0.5273387441264417,1142,946,0.4459632635625801,1288,0.5501922255446391,0.4100000000000001,2.948938093086308,3.093893669941355,6.67911714770798,2.113242722999507,8387.405083297735,505.9420108663298,7853.0,8866.4,8866.4,0.0,7853.0,0.0,27.64929517300299,20.66525035226426,32.34698003538034,19.03124199707766,0.13348996155489107,0.10380179410508329,0.10337462622810764,0.08671507902605724,0.07945322511747116,0.07411362665527553,0.06621102093122597,0.06663818880820162,0.057026911576249464,0.05595899188381034,0.04826997009824861,0.0365228534814182,0.028193079880392994,0.02392140111063648,0.019222554463904314,0.010252029047415635,0.006834686031610423,0.8980807779258971,0.02235226880788668,0.0,0.0,0.0,0.0,0.0,0.0,0.0,0.0,0.0,0.0,0.0,0.0,0.0,0.0,0.0,0.0,0.0,0.0,0.0,0.0,0.0,0.0,0.0,0.0,0.08329773601025205,2.364374199060231,13.500640751815467,12.257582229816322,1.749252456215293,0.04485262708244341,4.234721289456011,2.9040469792769588,nan,nan,nan,4.058471760797342,2.8586703789666417,4.41479972844535,2.9387914449256907,1.0877985578438525,0.4038,0.01186,0.0,0.0,0.0,0.0,0.0,0.0,0.0,0.0,0.0,0.0,0.038445108927808634,10.956856044425443,18.870140965399404,0.13455788124733023,0.0,0.0,0.0,0.0,0.0,0.0,0.0,0.0,0.0,0.0,0.0,0.0,0.0,0.0,0.0,0.0,nan,nan,4.234721289456011,2.9040469792769588,nan,0.4038,0.0683,0.0,0.0,0.0,0.0,0.0,0.0,0.0,0.0,0.0,0.0,0.0,0.0,0.0,0.0,0.0,0.0,0.0,0.0,0.0,0.0003203759077317386,0.0,0.0005659974369927382,0.0031290046988466467,0.0,0.0012921828278513456,0.004004698846646732,0.0007048269970098248,0.00406877402819308,0.0008863733447244767,0.01846433148227253,0.013626655275523281,0.025971806920119606,0.03697137975224263,0.06849636907304571,0.054538658692866296,0.029453225117471168,0.06223835967535241,0.05893848782571551,0.036319948739854765,0.05237078171721486,0.06598675779581376,0.031354122170012814,0.04200128150363093,0.09235369500213583,0.03703545493378898,0.04645450662110209,0.029495941905168733,0.04958351131994874,0.04695642887654848,0.005969671080734729,0.01809055958991884,0.012505339598462195,0.01254805638615976,0.0030008543357539514,0.009429730884237505,0.0011640324647586501,0.0030756087142246903,0.003812473302007689,0.0016018795386586928,4.271678769756514e-05,0.0017300299017513883,0.0004592054677488253,4.271678769756514e-05,2.135839384878257e-05,0.012772319521571977,0.0,0.000149508756941478,0.0,0.0,0.0,0.0,0.0,0.0,0.0,0.0,0.0,0.0,0.0,0.0,0.0,0.0,0.0,0.0,0.0,0.0,0.0,0.0,0.0,0.0,0.0,0.0,0.0,0.0,0.0,0.0,0.0,0.0,0.0,0.0,0.0,0.0,nan,nan,4.234721289456011,2.9040469792769588,nan,0.8983859063015626,0.02194924826215492,0.0,0.0,0.0,0.0,0.0,0.0,0.0,0.0,0.0,0.0,0.0,0.0,0.0,0.0,0.0,0.0,0.0,0.0,0.0,0.0,0.0,0.0,0.0,0.0,0.10935601458080196,2.162818955042528,13.620899149453223,12.3086269744836,1.7861482381530989,0.012150668286755775,0.8977403522776739,0.02278868096400649,0.0,0.0,0.0,0.0,0.0,0.0,0.0,0.0,0.0,0.0,0.0,0.0,0.0,0.0,0.0,0.0,0.0,0.0,0.0,0.0,0.0,0.0,0.0,0.0,0.054225033890646195,2.5892453682783554,13.366470854044287,12.200632625395395,1.7080885675553552,0.08133755083596929,0.4038,0.01193,0.0,0.0,0.0,0.0,0.0,0.0,0.0,0.0,0.0,0.0,0.03645200486026732,10.862697448359643,18.97934386391252,0.12150668286755774,0.0,0.0,0.0,0.0,0.0,0.0,0.0,0.0,0.0,0.0,0.0,0.0,0.0,0.0,0.0,0.0,0.4038,0.01177,0.0,0.0,0.0,0.0,0.0,0.0,0.0,0.0,0.0,0.0,0.040668775417984644,11.061906913691805,18.74830546769092,0.149118843199277,0.0,0.0,0.0,0.0,0.0,0.0,0.0,0.0,0.0,0.0,0.0,0.0,0.0,0.0,0.0,0.0
91200,4756,2470,0.5193439865433137,1150,976,0.44701429772918416,1337,0.5622371740958789,0.4260000000000001,3.0538057742782154,3.1774840717371635,6.8229813664596275,2.1095096261943977,8379.303195962993,506.3206540405361,7853.0,8866.4,8866.4,0.0,7853.0,0.0,28.202270815811605,21.088221391829457,33.10257050162216,19.35862565378422,0.13666947014297728,0.09882253994953742,0.09650967199327165,0.08536585365853659,0.0796888141295206,0.07632464255677039,0.06770395290159797,0.06244743481917578,0.06181665264928511,0.05298570227081581,0.0391084945332212,0.038898233809924306,0.03847771236333053,0.027544154751892348,0.018713204373423043,0.010933557611438183,0.00798990748528175,0.8964952499401279,0.022113127226430992,0.0,0.0,0.0,0.0,0.0,0.0,0.0,0.0,0.0,0.0,0.0,0.0,0.0,0.0,0.0,0.0,0.0,0.0,0.0,0.0,0.0,0.0,0.0,0.0,0.05677039529015981,2.661900756938605,14.097981497056352,11.726240538267454,1.4381833473507153,0.018923465096719935,4.368677042801556,2.928892158210604,nan,nan,nan,4.442644199611147,2.927142297462719,4.2946138870863075,2.928772136347733,0.9666796831180413,0.404,0.01193,0.0,0.0,0.0,0.0,0.0,0.0,0.0,0.0,0.0,0.0,0.025231286795626584,10.716989066442373,19.100084104289323,0.15769554247266612,0.0,0.0,0.0,0.0,0.0,0.0,0.0,0.0,0.0,0.0,0.0,0.0,0.0,0.0,0.0,0.0,nan,nan,4.368677042801556,2.928892158210604,nan,0.404,0.06885,0.0,0.0,0.0,0.0,0.0,0.0,0.0,0.0,0.0,0.0,0.0,0.0,0.0,0.0,0.0,0.0,0.0,0.0,1.0513036164844407e-05,0.00048359966358284273,0.0,0.0005361648444070648,0.003090832632464256,2.1026072329688813e-05,0.0009251471825063078,0.003385197645079899,0.0006938603868797309,0.004163162321278386,0.0011038687973086627,0.018134987384356604,0.01295206055508831,0.026177460050462575,0.036227922624053825,0.07013246425567704,0.057169890664423885,0.030288057190916737,0.06677880571909167,0.055561396131202694,0.03799411269974769,0.04906433978132885,0.0652228763666947,0.03166526492851136,0.041568544995794786,0.0900336417157275,0.03623843566021867,0.04791841883936081,0.028732127838519764,0.04915895710681245,0.04616274179983179,0.006444491169049622,0.018502943650126155,0.013751051303616485,0.011585365853658536,0.002659798149705635,0.008673254835996637,0.0011984861227922624,0.0024915895710681244,0.004468040370058873,0.00159798149705635,4.2052144659377626e-05,0.0017767031118587047,0.0007359125315391085,0.0,0.0,0.014339781328847771,0.0,0.0001366694701429773,0.0,0.0,0.0,0.0,0.0,0.0,0.0,0.0,0.0,0.0,0.0,0.0,0.0,0.0,0.0,0.0,0.0,0.0,0.0,0.0,0.0,0.0,0.0,0.0,0.0,0.0,0.0,0.0,0.0,0.0,0.0,0.0,0.0,0.0,nan,nan,4.368677042801556,2.928892158210604,nan,0.8964595042742216,0.02207648283481648,0.0,0.0,0.0,0.0,0.0,0.0,0.0,0.0,0.0,0.0,0.0,0.0,0.0,0.0,0.0,0.0,0.0,0.0,0.0,0.0,0.0,0.0,0.0,0.0,0.04858299595141702,2.5870445344129562,14.331983805668019,11.56275303643725,1.4453441295546563,0.02429149797570851,0.8965338727724939,0.02215258816155063,0.0,0.0,0.0,0.0,0.0,0.0,0.0,0.0,0.0,0.0,0.0,0.0,0.0,0.0,0.0,0.0,0.0,0.0,0.0,0.0,0.0,0.0,0.0,0.0,0.06561679790026248,2.742782152230972,13.845144356955384,11.902887139107614,1.4304461942257223,0.013123359580052497,0.404,0.01201,0.0,0.0,0.0,0.0,0.0,0.0,0.0,0.0,0.0,0.0,0.03643724696356276,10.433198380566786,19.396761133603242,0.13360323886639677,0.0,0.0,0.0,0.0,0.0,0.0,0.0,0.0,0.0,0.0,0.0,0.0,0.0,0.0,0.0,0.0,0.4038,0.01185,0.0,0.0,0.0,0.0,0.0,0.0,0.0,0.0,0.0,0.0,0.013123359580052497,11.023622047244078,18.779527559055122,0.18372703412073496,0.0,0.0,0.0,0.0,0.0,0.0,0.0,0.0,0.0,0.0,0.0,0.0,0.0,0.0,0.0,0.0
91300,4724,2449,0.5184165961049958,1130,951,0.4405165114309907,1291,0.5465707027942421,0.4220000000000001,2.9806593406593405,3.150101970161086,6.695024077046549,2.1343534868441836,8378.3633784928,506.3561674387251,7853.0,8866.4,8866.399999999998,1.8189894035458565e-12,7853.0,0.0,27.91553767993226,21.02230227539668,33.02078580481622,19.249244355415634,0.14225232853513972,0.10182049110922947,0.08890770533446232,0.09250635055038103,0.07408975444538526,0.07451312447078746,0.06858594411515664,0.07133784928027095,0.04847586790855207,0.05228619813717189,0.04847586790855207,0.04191363251481795,0.03175275190516511,0.026037256562235395,0.01672311600338696,0.012066045723962743,0.00825571549534293,0.8960878073311175,0.022120643052711754,0.0,0.0,0.0,0.0,0.0,0.0,0.0,0.0,0.0,0.0,0.0,0.0,0.0,0.0,0.0,0.0,0.0,0.0,0.0,0.0,0.0,0.0,0.0,0.0,0.050804403048264196,2.7878916172734978,14.149026248941578,11.615156646909401,1.3844199830651993,0.012701100762066049,4.2254125412541255,2.9163838562175615,nan,nan,nan,4.209876543209877,2.904726031503101,4.241448692152917,2.9282818606048697,1.0074995427108102,0.4043,0.01182,0.0,0.0,0.0,0.0,0.0,0.0,0.0,0.0,0.0,0.0,0.01905165114309907,10.72607959356476,19.1151566469094,0.13971210838272652,0.0,0.0,0.0,0.0,0.0,0.0,0.0,0.0,0.0,0.0,0.0,0.0,0.0,0.0,0.0,0.0,nan,nan,4.2254125412541255,2.9163838562175615,nan,0.4043,0.06866,0.0,0.0,0.0,0.0,0.0,0.0,0.0,0.0,0.0,0.0,0.0,0.0,0.0,0.0,0.0,0.0,0.0,0.0,0.0,0.0004233700254022015,0.0,0.0007514817950889077,0.0025508044030482643,1.0584250635055039e-05,0.0006244707874682472,0.0037891617273497036,0.0007091447925486876,0.004445385266723116,0.0016299745977984758,0.01674428450465707,0.01275402201524132,0.027571972904318374,0.03495977984758679,0.07107324301439458,0.05547205757832346,0.029297205757832345,0.06451100762066046,0.05158763759525826,0.03944750211685013,0.05233911939034716,0.06700889077053344,0.033626164267569855,0.04020956816257409,0.0945596951735817,0.034208298052497886,0.04706816257408975,0.027381456392887384,0.04993649449618967,0.04712108382726503,0.006022438611346317,0.01785563082133785,0.013897121083827265,0.011388653683319221,0.002571972904318374,0.010012701100762066,0.000857324301439458,0.002286198137171888,0.004985182049110923,0.001682895850973751,3.1752751905165114e-05,0.0018416596104995767,0.000825571549534293,0.0,1.0584250635055039e-05,0.013717188823031329,1.0584250635055039e-05,0.00012701100762066046,6.350550381033023e-05,0.0,0.0,0.0,0.0,0.0,0.0,0.0,0.0,0.0,0.0,0.0,0.0,0.0,0.0,0.0,0.0,0.0,0.0,0.0,0.0,0.0,0.0,0.0,0.0,0.0,0.0,0.0,0.0,0.0,0.0,0.0,0.0,0.0,nan,nan,4.2254125412541255,2.9163838562175615,nan,0.8961021724697423,0.021795716565909964,0.0,0.0,0.0,0.0,0.0,0.0,0.0,0.0,0.0,0.0,0.0,0.0,0.0,0.0,0.0,0.0,0.0,0.0,0.0,0.0,0.0,0.0,0.0,0.0,0.06124948958758678,2.7194773376888532,14.13638219681503,11.759902000816663,1.3107390771743572,0.012249897917517356,0.8960723434961759,0.02246515890311336,0.0,0.0,0.0,0.0,0.0,0.0,0.0,0.0,0.0,0.0,0.0,0.0,0.0,0.0,0.0,0.0,0.0,0.0,0.0,0.0,0.0,0.0,0.0,0.0,0.039560439560439566,2.8615384615384625,14.162637362637366,11.459340659340663,1.463736263736264,0.01318681318681319,0.404,0.011894,0.0,0.0,0.0,0.0,0.0,0.0,0.0,0.0,0.0,0.0,0.03674969375255207,11.073907717435672,18.75459371171907,0.13474887709269093,0.0,0.0,0.0,0.0,0.0,0.0,0.0,0.0,0.0,0.0,0.0,0.0,0.0,0.0,0.0,0.0,0.4048,0.01174,0.0,0.0,0.0,0.0,0.0,0.0,0.0,0.0,0.0,0.0,0.0,10.351648351648338,19.503296703296705,0.14505494505494507,0.0,0.0,0.0,0.0,0.0,0.0,0.0,0.0,0.0,0.0,0.0,0.0,0.0,0.0,0.0,0.0
91400,4862,2476,0.509255450431921,1203,997,0.45248868778280543,1376,0.5660222130810366,0.4020000000000001,2.922045264040235,3.015293542313357,6.388971684053652,2.108629063695014,8369.07947346771,506.61318131042384,7853.0,8866.4,8866.4,0.0,7853.0,0.0,28.106540518305223,20.805364364640138,32.94659839063643,19.05097376325805,0.1369806663924311,0.09687371452077334,0.0944055944055944,0.08391608391608392,0.07897984368572604,0.07918552036199095,0.07754010695187166,0.06293706293706294,0.05450431921020156,0.05409296585767174,0.0481283422459893,0.035993418346359524,0.033936651583710405,0.028383381324557796,0.016042780748663103,0.009872480460715755,0.008227067050596462,0.8946966202550344,0.022152264368336578,0.0,0.0,0.0,0.0,0.0,0.0,0.0,0.0,0.0,0.0,0.0,0.0,0.0,0.0,0.0,0.0,0.0,0.0,0.0,0.0,0.0,0.0,0.0,0.0,0.03702180172768409,3.085150143973674,14.648292883587004,11.00781571369807,1.2032085561497328,0.018510900863842043,4.207070707070707,2.807151852011757,nan,nan,nan,4.155583437892095,2.872818064330216,4.259212198221093,2.7380607666436867,1.0249372348980106,0.4053,0.01128,0.0,0.0,0.0,0.0,0.0,0.0,0.0,0.0,0.0,0.0,0.006170300287947348,9.835458658988058,20.028794734677092,0.1295763060468943,0.0,0.0,0.0,0.0,0.0,0.0,0.0,0.0,0.0,0.0,0.0,0.0,0.0,0.0,0.0,0.0,nan,nan,4.207070707070707,2.807151852011757,nan,0.4053,0.06903,0.0,0.0,0.0,0.0,0.0,0.0,0.0,0.0,0.0,0.0,0.0,0.0,0.0,0.0,0.0,0.0,0.0,0.0,0.0,0.0005656108597285068,0.0,0.0007404360345536817,0.0030748663101604276,0.00018510900863842042,0.0004936240230357877,0.0038461538461538464,0.00044220485396955986,0.003774167009461127,0.0011003702180172768,0.01804812834224599,0.012731386260798026,0.026912793089263677,0.03336075689016865,0.0688194158782394,0.055635540929658577,0.02974084738790621,0.062361168243521184,0.0518510900863842,0.04025092554504319,0.054524886877828055,0.06569313039901276,0.03137597696421226,0.039284245166598106,0.09737762237762237,0.03362813656931304,0.04618469765528589,0.026902509255450433,0.05073015220074044,0.047408473879062114,0.006303990127519539,0.02009461127108186,0.015826820238584945,0.011199095022624435,0.002704648292883587,0.010016454134101193,0.0007712875359934183,0.001851090086384204,0.005296174413821473,0.0019642122583299055,0.0,0.0016145619086795557,0.0008021390374331551,0.0,2.0567667626491154e-05,0.014294529000411354,0.0,9.255450431921021e-05,0.00010283833813245579,0.0,0.0,0.0,0.0,0.0,0.0,0.0,0.0,0.0,0.0,0.0,0.0,0.0,0.0,0.0,0.0,0.0,0.0,0.0,0.0,0.0,0.0,0.0,0.0,0.0,0.0,0.0,0.0,0.0,0.0,0.0,0.0,0.0,nan,nan,4.207070707070707,2.807151852011757,nan,0.8944831125089155,0.022058458681972735,0.0,0.0,0.0,0.0,0.0,0.0,0.0,0.0,0.0,0.0,0.0,0.0,0.0,0.0,0.0,0.0,0.0,0.0,0.0,0.0,0.0,0.0,0.0,0.0,0.04846526655896609,2.992730210016156,14.915185783521812,10.856219709208403,1.163166397415186,0.024232633279483044,0.8949181815204956,0.02224702390426383,0.0,0.0,0.0,0.0,0.0,0.0,0.0,0.0,0.0,0.0,0.0,0.0,0.0,0.0,0.0,0.0,0.0,0.0,0.0,0.0,0.0,0.0,0.0,0.0,0.025146689019279134,3.1810561609388106,14.371332774518025,11.165129924559936,1.2447611064543171,0.012573344509639567,0.4053,0.01124,0.0,0.0,0.0,0.0,0.0,0.0,0.0,0.0,0.0,0.0,0.012116316639741522,9.632471728594494,20.21001615508886,0.14539579967689825,0.0,0.0,0.0,0.0,0.0,0.0,0.0,0.0,0.0,0.0,0.0,0.0,0.0,0.0,0.0,0.0,0.405,0.01131,0.0,0.0,0.0,0.0,0.0,0.0,0.0,0.0,0.0,0.0,0.0,10.046102263201997,19.840737636211234,0.1131601005867561,0.0,0.0,0.0,0.0,0.0,0.0,0.0,0.0,0.0,0.0,0.0,0.0,0.0,0.0,0.0,0.0
91500,4914,2544,0.5177045177045178,1264,1006,0.46194546194546193,1424,0.5795685795685795,0.37400000000000005,3.007594936708861,3.034114284256967,6.497150997150997,2.0469887208662647,8377.641758241756,506.3822501936596,7853.0,8866.4,8866.399999999998,1.8189894035458565e-12,7853.0,0.0,28.937525437525437,20.77084802941552,33.55137067938021,18.95560134410694,0.12555962555962555,0.09788359788359788,0.08506308506308506,0.08526658526658526,0.07977207977207977,0.07692307692307693,0.07000407000407001,0.07102157102157103,0.06206756206756207,0.05942205942205942,0.046194546194546195,0.045584045584045586,0.032153032153032154,0.027472527472527472,0.019943019943019943,0.009361009361009361,0.006308506308506308,0.8946425796016038,0.02243816700200782,0.0,0.0,0.0,0.0,0.0,0.0,0.0,0.0,0.0,0.0,0.0,0.0,0.0,0.0,0.0,0.0,0.0,0.0,0.0,0.0,0.0,0.0,0.0,0.0,0.1037851037851038,3.211233211233212,14.395604395604398,11.111111111111114,1.153846153846154,0.024420024420024427,4.1561168594035305,2.8317021097643194,nan,nan,nan,4.207800121876904,2.807248839013706,4.1045592705167175,2.854955251244507,0.975464411718745,0.406,0.01158,0.0,0.0,0.0,0.0,0.0,0.0,0.0,0.0,0.0,0.0,0.0,9.047619047619035,20.720390720390725,0.23199023199023203,0.0,0.0,0.0,0.0,0.0,0.0,0.0,0.0,0.0,0.0,0.0,0.0,0.0,0.0,0.0,0.0,nan,nan,4.1561168594035305,2.8317021097643194,nan,0.406,0.0694,0.0,0.0,0.0,0.0,0.0,0.0,0.0,0.0,0.0,0.0,0.0,0.0,0.0,0.0,0.0,0.0,0.0,0.0,0.0,0.0002950752950752951,1.0175010175010176e-05,0.0009157509157509158,0.003357753357753358,0.00010175010175010175,0.0007529507529507529,0.0033984533984533984,0.00034595034595034593,0.0036833536833536834,0.0009768009768009768,0.016697191697191697,0.014051689051689051,0.0272995522995523,0.034340659340659344,0.06701261701261702,0.05287952787952788,0.029415954415954414,0.06348188848188849,0.05263532763532763,0.03902116402116402,0.05610500610500611,0.06352258852258852,0.03026048026048026,0.03745421245421245,0.09674399674399674,0.035999185999186,0.04821937321937322,0.027614977614977616,0.050630850630850634,0.046153846153846156,0.006664631664631665,0.020767195767195767,0.015944240944240944,0.01217948717948718,0.003154253154253154,0.011009361009361009,0.00042735042735042735,0.0017908017908017909,0.005372405372405372,0.002136752136752137,0.0,0.0013329263329263329,0.0010887260887260887,0.0,0.0,0.014173789173789173,0.0,0.00014245014245014244,0.0004375254375254375,0.0,0.0,0.0,0.0,0.0,0.0,0.0,0.0,0.0,0.0,0.0,0.0,0.0,0.0,0.0,0.0,0.0,0.0,0.0,0.0,0.0,0.0,0.0,0.0,0.0,0.0,0.0,0.0,0.0,0.0,0.0,0.0,0.0,nan,nan,4.1561168594035305,2.8317021097643194,nan,0.894810993013517,0.02218174220892389,0.0,0.0,0.0,0.0,0.0,0.0,0.0,0.0,0.0,0.0,0.0,0.0,0.0,0.0,0.0,0.0,0.0,0.0,0.0,0.0,0.0,0.0,0.0,0.0,0.11792452830188681,3.077830188679246,14.433962264150946,11.17924528301887,1.1674528301886795,0.023584905660377364,0.8944618016607148,0.022708806292911186,0.0,0.0,0.0,0.0,0.0,0.0,0.0,0.0,0.0,0.0,0.0,0.0,0.0,0.0,0.0,0.0,0.0,0.0,0.0,0.0,0.0,0.0,0.0,0.0,0.08860759493670889,3.354430379746836,14.354430379746839,11.037974683544308,1.1392405063291142,0.025316455696202538,0.4058,0.011604,0.0,0.0,0.0,0.0,0.0,0.0,0.0,0.0,0.0,0.0,0.0,9.139150943396213,20.636792452830193,0.22405660377358494,0.0,0.0,0.0,0.0,0.0,0.0,0.0,0.0,0.0,0.0,0.0,0.0,0.0,0.0,0.0,0.0,0.4062,0.01156,0.0,0.0,0.0,0.0,0.0,0.0,0.0,0.0,0.0,0.0,0.0,8.949367088607582,20.81012658227849,0.2405063291139241,0.0,0.0,0.0,0.0,0.0,0.0,0.0,0.0,0.0,0.0,0.0,0.0,0.0,0.0,0.0,0.0
91600,4709,2399,0.5094499893820345,1099,961,0.43746018262900827,1331,0.5653004884264174,0.4060000000000001,2.999134199134199,3.082838846629023,6.491044776119403,2.1214773325732152,8369.276619239754,506.60949296666024,7853.0,8866.4,8866.399999999998,1.8189894035458565e-12,7853.0,0.0,27.954979825865365,20.954340920770736,33.04447268106735,19.163333379031076,0.1429178169462731,0.09641112762794649,0.0942875345083882,0.08260777235081758,0.08770439583775748,0.07177744744107029,0.07092801019324697,0.06073476321936717,0.05500106179655978,0.05500106179655978,0.043958377574856655,0.043533658950945,0.034826927160756,0.023359524315141218,0.019537056699936294,0.009980887661923975,0.007432575918454024,0.8956592936732506,0.02221200300617413,0.0,0.0,0.0,0.0,0.0,0.0,0.0,0.0,0.0,0.0,0.0,0.0,0.0,0.0,0.0,0.0,0.0,0.0,0.0,0.0,0.0,0.0,0.0,0.0,0.05733701422807391,2.796772138458272,14.589084731365473,11.11063920152899,1.427054576343173,0.019112338076024638,4.342828751242133,2.8591868426669884,nan,nan,nan,4.2727272727272725,2.876087015234887,4.411687458962574,2.840804816376429,1.0325225967784748,0.406,0.01131,0.0,0.0,0.0,0.0,0.0,0.0,0.0,0.0,0.0,0.0,0.01274155871734976,8.880866425992767,20.92801019324698,0.17838182204289663,0.0,0.0,0.0,0.0,0.0,0.0,0.0,0.0,0.0,0.0,0.0,0.0,0.0,0.0,0.0,0.0,nan,nan,4.342828751242133,2.8591868426669884,nan,0.4062,0.06946,0.0,0.0,0.0,0.0,0.0,0.0,0.0,0.0,0.0,0.0,0.0,0.0,0.0,0.0,0.0,0.0,0.0,0.0,0.0,0.0002335952431514122,0.0,0.0007963474198343598,0.003302187300913145,0.00013803355277128903,0.0008388192822255256,0.002505839881078785,0.00015926948396687195,0.004236568273518794,0.0009980887661923976,0.015204926736037376,0.014355489488214059,0.026375026544913995,0.03579316203015502,0.0666702059885326,0.05640263325546825,0.027532384795073264,0.06416436610745381,0.05256954767466553,0.038054788702484604,0.05650881291144617,0.06324060310044595,0.03182204289658101,0.03765130600976853,0.09532809513697175,0.03593119558292631,0.04891696750902527,0.0286047993204502,0.04906561902739435,0.04389466978126991,0.007167126778509237,0.020779358674877894,0.0161711616054364,0.01277341261414313,0.0035888723720535146,0.01016139307708643,0.0003291569335315354,0.002219154809938416,0.005468252282862604,0.002293480569122956,3.185389679337439e-05,0.0017838182204289658,0.0012104480781482269,0.0,0.0,0.014058186451475897,0.0,0.0001698874495646634,0.00047780845190061586,2.1235931195582926e-05,0.0,0.0,0.0,0.0,0.0,0.0,0.0,0.0,0.0,0.0,0.0,0.0,0.0,0.0,0.0,0.0,0.0,0.0,0.0,0.0,0.0,0.0,0.0,0.0,0.0,0.0,0.0,0.0,0.0,0.0,0.0,0.0,nan,nan,4.342828751242133,2.8591868426669884,nan,0.8957820379917897,0.02228431251962579,0.0,0.0,0.0,0.0,0.0,0.0,0.0,0.0,0.0,0.0,0.0,0.0,0.0,0.0,0.0,0.0,0.0,0.0,0.0,0.0,0.0,0.0,0.0,0.0,0.037515631513130476,2.8511879949979164,14.768653605669032,10.854522717799085,1.4631096290120889,0.025010421008753652,0.8955318202446033,0.02213593706969556,0.0,0.0,0.0,0.0,0.0,0.0,0.0,0.0,0.0,0.0,0.0,0.0,0.0,0.0,0.0,0.0,0.0,0.0,0.0,0.0,0.0,0.0,0.0,0.0,0.07792207792207793,2.740259740259741,14.402597402597406,11.37662337662338,1.38961038961039,0.01298701298701299,0.406,0.01146,0.0,0.0,0.0,0.0,0.0,0.0,0.0,0.0,0.0,0.0,0.012505210504376826,9.128803668195067,20.62109212171739,0.2375989995831597,0.0,0.0,0.0,0.0,0.0,0.0,0.0,0.0,0.0,0.0,0.0,0.0,0.0,0.0,0.0,0.0,0.4062,0.01114,0.0,0.0,0.0,0.0,0.0,0.0,0.0,0.0,0.0,0.0,0.01298701298701299,8.623376623376611,21.24675324675325,0.11688311688311691,0.0,0.0,0.0,0.0,0.0,0.0,0.0,0.0,0.0,0.0,0.0,0.0,0.0,0.0,0.0,0.0
91700,4734,2466,0.5209125475285171,1172,952,0.44866920152091255,1315,0.5555555555555556,0.4060000000000001,2.940917107583774,3.0973393381242817,6.60126582278481,2.121140943931306,8380.8927756654,506.2566110774218,7853.0,8866.4,8866.4,0.0,7853.0,0.0,28.29974651457541,20.985075569090395,33.22542627883651,19.18837320991962,0.13878326996197718,0.0940008449514153,0.09336713138994508,0.08766370933671314,0.07625686523024926,0.0737220109843684,0.06907477820025348,0.06844106463878327,0.060414026193493876,0.05682298267849599,0.04710604140261935,0.03929024081115336,0.030840726658217153,0.023658639628221376,0.02260245035910435,0.010561892691170258,0.007393324883819181,0.8957063893149763,0.022591556802897667,0.0,0.0,0.0,0.0,0.0,0.0,0.0,0.0,0.0,0.0,0.0,0.0,0.0,0.0,0.0,0.0,0.0,0.0,0.0,0.0,0.0,0.0,0.0,0.0,0.1267427122940431,2.877059569074779,14.188846641318127,11.40684410646388,1.375158428390368,0.025348542458808625,4.250081619327457,2.9343918273703262,nan,nan,nan,4.252754374594945,2.913466375538265,4.247368421052632,2.9554799095654287,0.9987335375928392,0.406,0.01168,0.0,0.0,0.0,0.0,0.0,0.0,0.0,0.0,0.0,0.0,0.006337135614702156,9.049429657794665,20.67173637515843,0.2724968314321927,0.0,0.0,0.0,0.0,0.0,0.0,0.0,0.0,0.0,0.0,0.0,0.0,0.0,0.0,0.0,0.0,nan,nan,4.250081619327457,2.9343918273703262,nan,0.406,0.06903,0.0,0.0,0.0,0.0,0.0,0.0,0.0,0.0,0.0,0.0,0.0,0.0,0.0,0.0,0.0,0.0,1.0561892691170258e-05,0.0,0.0,0.00017955217574989438,0.0,0.0009822560202788339,0.0029256442754541615,0.00010561892691170258,0.0010984368398817069,0.002904520490071821,0.000327418673426278,0.004383185466835657,0.0009400084495141529,0.014617659484579637,0.014543726235741445,0.027904520490071822,0.03500211237853824,0.06284326151246303,0.0580270384452894,0.02577101816645543,0.06407900295732995,0.05346430080270385,0.04017743979721166,0.056463878326996196,0.06258977608787494,0.033481199831009716,0.037251795521757496,0.09583861427967892,0.035382340515420364,0.047602450359104355,0.030069708491761722,0.04918673426277989,0.045004224757076466,0.007097591888466414,0.020986480777355303,0.015768905787917196,0.012463033375580903,0.0035910435149978876,0.01023447401774398,0.00038022813688212925,0.0021968736797634138,0.005090832277144065,0.0020806928601605408,2.1123785382340516e-05,0.001679340937896071,0.0014047317279256442,2.1123785382340516e-05,0.0,0.013212927756653992,0.0,0.00012674271229404308,0.00048584706379383184,0.0,0.0,0.0,0.0,0.0,0.0,0.0,0.0,0.0,0.0,0.0,0.0,0.0,0.0,0.0,0.0,0.0,0.0,0.0,0.0,0.0,0.0,0.0,0.0,0.0,0.0,0.0,0.0,0.0,0.0,0.0,0.0,0.0,nan,nan,4.250081619327457,2.9343918273703262,nan,0.8954717348913593,0.022507949072781794,0.0,0.0,0.0,0.0,0.0,0.0,0.0,0.0,0.0,0.0,0.0,0.0,0.0,0.0,0.0,0.0,0.0,0.0,0.0,0.0,0.0,0.0,0.0,0.0,0.18248175182481757,2.8345498783454994,14.09975669099757,11.618004866180051,1.253041362530414,0.012165450121654504,0.8959615294422422,0.02267935900972419,0.0,0.0,0.0,0.0,0.0,0.0,0.0,0.0,0.0,0.0,0.0,0.0,0.0,0.0,0.0,0.0,0.0,0.0,0.0,0.0,0.0,0.0,0.0,0.0,0.06613756613756615,2.923280423280424,14.285714285714288,11.17724867724868,1.5079365079365084,0.03968253968253969,0.406,0.0117,0.0,0.0,0.0,0.0,0.0,0.0,0.0,0.0,0.0,0.0,0.012165450121654504,9.233576642335754,20.462287104622877,0.29197080291970806,0.0,0.0,0.0,0.0,0.0,0.0,0.0,0.0,0.0,0.0,0.0,0.0,0.0,0.0,0.0,0.0,0.406,0.01166,0.0,0.0,0.0,0.0,0.0,0.0,0.0,0.0,0.0,0.0,0.0,8.849206349206336,20.899470899470902,0.2513227513227514,0.0,0.0,0.0,0.0,0.0,0.0,0.0,0.0,0.0,0.0,0.0,0.0,0.0,0.0,0.0,0.0
91800,4797,2502,0.5215759849906192,1147,974,0.442151344590369,1345,0.5607671461329998,0.3980000000000001,2.937690631808279,3.0265412545170274,6.345454545454546,2.133156845316763,8381.565103189492,506.22801904133337,7853.0,8866.4,8866.4,0.0,7853.0,0.0,28.155513862830936,20.968195073492897,32.909068506653526,19.299853332582106,0.13404210965186575,0.09651865749426725,0.10193871169480925,0.08401084010840108,0.08234313112361893,0.07817385866166354,0.06920992286845945,0.06087137794454868,0.05628517823639775,0.05023973316656243,0.04586199708150928,0.043151969981238276,0.03418803418803419,0.02564102564102564,0.016677089847821555,0.013758599124452783,0.007087763185324161,0.8961064082919644,0.022634400650209312,0.0,0.0,0.0,0.0,0.0,0.0,0.0,0.0,0.0,0.0,0.0,0.0,0.0,0.0,0.0,0.0,0.0,0.0,0.0,0.0,0.0,0.0,0.0,0.0,0.075046904315197,2.8330206378986875,14.127579737335838,11.450906816760478,1.482176360225141,0.03126954346466542,4.193558776167472,2.854533991343769,nan,nan,nan,4.279354838709677,2.866045871685521,4.108038585209004,2.8404349014507178,0.959966803418356,0.407,0.01176,0.0,0.0,0.0,0.0,0.0,0.0,0.0,0.0,0.0,0.0,0.0,8.536585365853647,21.106941838649163,0.35647279549718586,0.0,0.0,0.0,0.0,0.0,0.0,0.0,0.0,0.0,0.0,0.0,0.0,0.0,0.0,0.0,0.0,nan,nan,4.193558776167472,2.854533991343769,nan,0.407,0.06903,0.0,0.0,0.0,0.0,0.0,0.0,0.0,0.0,0.0,0.0,0.0,0.0,0.0,0.0,0.0,0.0,0.0,0.0,0.0,0.00027100271002710027,0.0,0.0006358140504481968,0.0029706066291432147,0.0001459245361684386,0.0013550135501355014,0.002491140296018345,0.00032311861580154263,0.004784240150093808,0.001125703564727955,0.013477173233270794,0.013987909109860329,0.026485303314571607,0.03443819053575151,0.062445278298936834,0.05778611632270169,0.023962893475088596,0.06288305190744214,0.05315822388993121,0.041661455076089225,0.05703564727954972,0.06136126745882844,0.03505315822388993,0.03630393996247655,0.09889514279758183,0.03675213675213675,0.047446320617052326,0.029935376276839693,0.050250156347717324,0.044715447154471545,0.0072336877214926,0.019606003752345214,0.015603502188868043,0.012080466958515739,0.004190118824265166,0.011455076089222431,0.00042735042735042735,0.0027517198248905566,0.00525328330206379,0.001834479883260371,2.0846362309776944e-05,0.0016155930790077132,0.0016260162601626016,1.0423181154888472e-05,0.0,0.013737752762143006,2.0846362309776944e-05,1.0423181154888472e-05,0.00038565770273087346,0.0,0.0,0.0,0.0,0.0,0.0,0.0,0.0,0.0,0.0,0.0,0.0,0.0,0.0,0.0,0.0,0.0,0.0,0.0,0.0,0.0,0.0,0.0,0.0,0.0,0.0,0.0,0.0,0.0,0.0,0.0,0.0,0.0,nan,nan,4.193558776167472,2.854533991343769,nan,0.8962540001177387,0.022499509710453506,0.0,0.0,0.0,0.0,0.0,0.0,0.0,0.0,0.0,0.0,0.0,0.0,0.0,0.0,0.0,0.0,0.0,0.0,0.0,0.0,0.0,0.0,0.0,0.0,0.059952038369304565,2.7338129496402885,14.124700239808156,11.570743405275783,1.4868105515587533,0.02398081534772183,0.8959455042622967,0.022779458683424115,0.0,0.0,0.0,0.0,0.0,0.0,0.0,0.0,0.0,0.0,0.0,0.0,0.0,0.0,0.0,0.0,0.0,0.0,0.0,0.0,0.0,0.0,0.0,0.0,0.09150326797385623,2.941176470588236,14.130718954248369,11.3202614379085,1.4771241830065363,0.03921568627450981,0.4067,0.01174,0.0,0.0,0.0,0.0,0.0,0.0,0.0,0.0,0.0,0.0,0.0,8.549160671462818,21.175059952038374,0.275779376498801,0.0,0.0,0.0,0.0,0.0,0.0,0.0,0.0,0.0,0.0,0.0,0.0,0.0,0.0,0.0,0.0,0.407,0.01179,0.0,0.0,0.0,0.0,0.0,0.0,0.0,0.0,0.0,0.0,0.0,8.522875816993452,21.032679738562095,0.44444444444444453,0.0,0.0,0.0,0.0,0.0,0.0,0.0,0.0,0.0,0.0,0.0,0.0,0.0,0.0,0.0,0.0
91900,4775,2447,0.5124607329842932,1173,1000,0.45507853403141363,1384,0.5796858638743455,0.3940000000000001,2.9540378006872854,3.067404432164292,6.46412213740458,2.172312543491192,8372.327706806282,506.54262507790435,7853.0,8866.4,8866.4,0.0,7853.0,0.0,28.483769633507855,20.989164455340255,33.36697247706422,19.172290220705346,0.1363350785340314,0.08984293193717277,0.09528795811518324,0.0850261780104712,0.07979057591623037,0.08293193717277487,0.06764397905759162,0.06806282722513089,0.05759162303664921,0.04942408376963351,0.045445026178010474,0.04397905759162304,0.03287958115183246,0.023455497382198952,0.023455497382198952,0.013403141361256544,0.005445026178010471,0.8954935842534011,0.022343571920137802,0.0,0.0,0.0,0.0,0.0,0.0,0.0,0.0,0.0,0.0,0.0,0.0,0.0,0.0,0.0,0.0,0.0,0.0,0.0,0.0,0.0,0.0,0.0,0.0,0.10680628272251311,2.770680628272252,14.550785340314139,11.114136125654454,1.4324607329842935,0.025130890052356025,4.230009557183816,2.8921317334435788,nan,nan,nan,4.222715736040609,2.8581998408721376,4.23943661971831,2.925718304200662,1.0039597464577095,0.4072,0.01201,0.0,0.0,0.0,0.0,0.0,0.0,0.0,0.0,0.0,0.0,0.012565445026178013,8.26178010471203,21.373821989528803,0.3518324607329844,0.0,0.0,0.0,0.0,0.0,0.0,0.0,0.0,0.0,0.0,0.0,0.0,0.0,0.0,0.0,0.0,nan,nan,4.230009557183816,2.8921317334435788,nan,0.4072,0.0692,0.0,0.0,0.0,0.0,0.0,0.0,0.0,0.0,0.0,0.0,0.0,0.0,0.0,0.0,0.0,0.0,0.0,0.0,0.0,0.0002094240837696335,0.0,0.0007225130890052356,0.002198952879581152,0.00013612565445026177,0.0012774869109947644,0.002450261780104712,0.0002931937172774869,0.005801047120418848,0.0012356020942408377,0.012743455497382199,0.012963350785340314,0.026,0.03667015706806283,0.058429319371727746,0.058973821989528795,0.025581151832460732,0.06267015706806282,0.05483769633507853,0.04292146596858639,0.05701570680628272,0.061465968586387434,0.0353717277486911,0.035403141361256545,0.0953717277486911,0.03769633507853403,0.050240837696335076,0.02720418848167539,0.05092146596858639,0.0438848167539267,0.006240837696335079,0.020041884816753928,0.016020942408376964,0.012858638743455497,0.00469109947643979,0.010910994764397906,0.0008167539267015707,0.0028481675392670156,0.004282722513089005,0.0014345549738219896,3.141361256544503e-05,0.0022931937172774868,0.0013717277486910995,1.0471204188481675e-05,4.18848167539267e-05,0.015267015706806282,0.0,0.0,0.00014659685863874344,0.0,0.0,0.0,0.0,0.0,0.0,0.0,0.0,0.0,0.0,0.0,0.0,0.0,0.0,0.0,0.0,0.0,0.0,0.0,0.0,0.0,0.0,0.0,0.0,0.0,0.0,0.0,0.0,0.0,0.0,0.0,0.0,0.0,nan,nan,4.230009557183816,2.8921317334435788,nan,0.895053941691024,0.022179078899230598,0.0,0.0,0.0,0.0,0.0,0.0,0.0,0.0,0.0,0.0,0.0,0.0,0.0,0.0,0.0,0.0,0.0,0.0,0.0,0.0,0.0,0.0,0.0,0.0,0.09807928075194118,2.721700040866368,14.993870044953006,10.813240702901515,1.3731099305271766,0.0,0.8959556999536314,0.022505921830696052,0.0,0.0,0.0,0.0,0.0,0.0,0.0,0.0,0.0,0.0,0.0,0.0,0.0,0.0,0.0,0.0,0.0,0.0,0.0,0.0,0.0,0.0,0.0,0.0,0.11597938144329899,2.822164948453609,14.085051546391755,11.430412371134024,1.4948453608247427,0.05154639175257733,0.407,0.01193,0.0,0.0,0.0,0.0,0.0,0.0,0.0,0.0,0.0,0.0,0.0,8.49611769513689,21.14834491213732,0.35553739272578677,0.0,0.0,0.0,0.0,0.0,0.0,0.0,0.0,0.0,0.0,0.0,0.0,0.0,0.0,0.0,0.0,0.4072,0.01209,0.0,0.0,0.0,0.0,0.0,0.0,0.0,0.0,0.0,0.0,0.025773195876288665,8.015463917525762,21.610824742268047,0.347938144329897,0.0,0.0,0.0,0.0,0.0,0.0,0.0,0.0,0.0,0.0,0.0,0.0,0.0,0.0,0.0,0.0
92000,4751,2450,0.5156809092822564,1166,1001,0.45611450221006106,1394,0.5868238265628288,0.3980000000000001,2.9322033898305087,2.9932143836167358,6.280649926144756,2.068500664387347,8375.591033466639,506.45075284311895,7853.0,8866.4,8866.399999999998,1.8189894035458565e-12,7853.0,0.0,28.292569985266258,20.96040371847249,33.14531405782652,19.191252121788864,0.13828667648916018,0.09240159966322879,0.09092822563670806,0.08756051357608924,0.08840244159124395,0.07535255735634604,0.06798568722374237,0.06609134918964428,0.05472532098505578,0.05262050094716902,0.0484108608713955,0.039360134708482424,0.0343085666175542,0.02504735845085245,0.01873289833719217,0.011576510208377183,0.008208798147758366,0.895327131927854,0.02257023211632128,0.0,0.0,0.0,0.0,0.0,0.0,0.0,0.0,0.0,0.0,0.0,0.0,0.0,0.0,0.0,0.0,0.0,0.0,0.0,0.0,0.0,0.0,0.0,0.0,0.09471690170490425,2.9677962534203335,14.283308777099561,11.246053462428966,1.4081246053462433,0.0,4.184497117232543,2.8620722021553604,nan,nan,nan,4.152132399745385,2.873155496262588,4.216129032258064,2.8509870134906987,1.0154129556457794,0.4072,0.0117,0.0,0.0,0.0,0.0,0.0,0.0,0.0,0.0,0.0,0.0,0.012628920227320567,7.810987160597758,21.904862134287523,0.2715217848873922,0.0,0.0,0.0,0.0,0.0,0.0,0.0,0.0,0.0,0.0,0.0,0.0,0.0,0.0,0.0,0.0,nan,nan,4.184497117232543,2.8620722021553604,nan,0.4072,0.0689,0.0,0.0,0.0,0.0,0.0,0.0,0.0,0.0,0.0,0.0,0.0,0.0,0.0,0.0,0.0,0.0,0.0,0.0,0.0,0.00014733740265207324,0.0,0.00046306040833508737,0.0017259524310671438,0.0003051989054935803,0.0012628920227320563,0.0031256577562618396,0.00022100610397810986,0.00575668280362029,0.0014418017259524311,0.012102715217848874,0.013113028836034518,0.026489160176804884,0.03679225426226058,0.05614607451062934,0.06166070300989265,0.024310671437592087,0.06380761944853715,0.05349400126289202,0.040665123131972215,0.05791412334245422,0.05990317827825721,0.03721321826983793,0.036097663649757944,0.09503262471058724,0.03896021890128394,0.051315512523679226,0.028572932014312775,0.050926120816670174,0.04266470216796464,0.005556724900021048,0.02131130288360345,0.015680909282256367,0.013113028836034518,0.004051778572932014,0.011218690801936434,0.0011997474215954536,0.0020101031361818567,0.003841296569143338,0.0015470427278467692,4.2096400757735216e-05,0.0020101031361818567,0.0014944222268996,1.0524100189433804e-05,0.00011576510208377184,0.014744264365396758,0.0,0.0,0.0004209640075773521,0.0,0.0,0.0,0.0,0.0,0.0,0.0,0.0,0.0,0.0,0.0,0.0,0.0,0.0,0.0,0.0,0.0,0.0,0.0,0.0,0.0,0.0,0.0,0.0,0.0,0.0,0.0,0.0,0.0,0.0,0.0,0.0,0.0,nan,nan,4.184497117232543,2.8620722021553604,nan,0.8955933466736151,0.02277198173297966,0.0,0.0,0.0,0.0,0.0,0.0,0.0,0.0,0.0,0.0,0.0,0.0,0.0,0.0,0.0,0.0,0.0,0.0,0.0,0.0,0.0,0.0,0.0,0.0,0.12244897959183676,2.853061224489797,14.400000000000002,11.069387755102044,1.555102040816327,0.0,0.8950436785914285,0.022349931524217756,0.0,0.0,0.0,0.0,0.0,0.0,0.0,0.0,0.0,0.0,0.0,0.0,0.0,0.0,0.0,0.0,0.0,0.0,0.0,0.0,0.0,0.0,0.0,0.0,0.06518904823989571,3.089960886571057,14.159061277705348,11.43415906127771,1.2516297262059977,0.0,0.4072,0.01172,0.0,0.0,0.0,0.0,0.0,0.0,0.0,0.0,0.0,0.0,0.012244897959183676,7.665306122448969,22.040816326530617,0.28163265306122454,0.0,0.0,0.0,0.0,0.0,0.0,0.0,0.0,0.0,0.0,0.0,0.0,0.0,0.0,0.0,0.0,0.4072,0.011696,0.0,0.0,0.0,0.0,0.0,0.0,0.0,0.0,0.0,0.0,0.013037809647979142,7.966101694915243,21.760104302477192,0.26075619295958286,0.0,0.0,0.0,0.0,0.0,0.0,0.0,0.0,0.0,0.0,0.0,0.0,0.0,0.0,0.0,0.0
92100,4567,2406,0.5268228596452814,1149,889,0.44624479964966063,1255,0.5495949200788264,0.4100000000000001,2.959278111985192,3.035225591062663,6.414516129032258,2.0924092283232056,8386.88228596453,505.97036803526595,7853.0,8866.4,8866.4,0.0,7853.0,0.0,28.397635209108824,20.939504836827687,33.52276295133438,19.03392492825842,0.14144952923144297,0.09656229472301292,0.08714692358222027,0.07926428727830086,0.08035909787606745,0.07444712064812788,0.07247646157214802,0.06875410553974162,0.06021458287716225,0.054083643529669365,0.05036128749726297,0.03722356032406394,0.035690825487190714,0.024742719509524853,0.0177359316838187,0.013794613531858988,0.005693015108386249,0.8962860839461403,0.022744707487026623,0.0,0.0,0.0,0.0,0.0,0.0,0.0,0.0,0.0,0.0,0.0,0.0,0.0,0.0,0.0,0.0,0.0,0.0,0.0,0.0,0.0,0.0,0.0,0.0,0.10510181738559232,2.8311802058243933,14.050799211736372,11.475804685789361,1.517407488504489,0.019706590759798557,4.16060606060606,2.8525132700695477,nan,nan,nan,4.187752355316285,2.8623204326202063,4.132164531355361,2.8429439396515686,0.9867260957085113,0.4075,0.01157,0.0,0.0,0.0,0.0,0.0,0.0,0.0,0.0,0.0,0.0,0.00656886358659952,7.75782789577402,21.913728924896,0.32187431574337644,0.0,0.0,0.0,0.0,0.0,0.0,0.0,0.0,0.0,0.0,0.0,0.0,0.0,0.0,0.0,0.0,nan,nan,4.16060606060606,2.8525132700695477,nan,0.4075,0.06854,0.0,0.0,0.0,0.0,0.0,0.0,0.0,0.0,0.0,0.0,0.0,0.0,0.0,0.0,0.0,0.0,0.0,0.0,2.1896211955331726e-05,0.00010948105977665864,0.0,0.0007444712064812787,0.0015765272607838844,0.0002189621195533173,0.001379461353185899,0.003218743157433764,0.00028465075541931245,0.005561637836654259,0.0015984234727392161,0.01159404423034815,0.011758265820013138,0.023604116487847604,0.03587694328881104,0.05625136851324721,0.06241515217867309,0.026494416465951392,0.0677359316838187,0.05187212612218086,0.041077293628202324,0.05754324501861178,0.06002846507554193,0.03655572585942632,0.03615064593825268,0.09758046857893585,0.039588351215239764,0.04980293409240202,0.02652726078388439,0.0486533829647471,0.04423034814977009,0.005703963214363915,0.023166192248740967,0.016104663893146486,0.012743595358003065,0.003306328005255091,0.011813006349901466,0.0010729143858112546,0.0025618567987738122,0.003612874972629735,0.0015874753667615503,0.0,0.0018940223341361944,0.002255309831399168,1.0948105977665863e-05,8.75848478213269e-05,0.01342237792861835,0.0,5.474052988832932e-05,0.0005474052988832932,0.0,0.0,0.0,0.0,0.0,0.0,0.0,0.0,0.0,0.0,0.0,0.0,0.0,0.0,0.0,0.0,0.0,0.0,0.0,0.0,0.0,0.0,0.0,0.0,0.0,0.0,0.0,0.0,0.0,0.0,0.0,0.0,0.0,nan,nan,4.16060606060606,2.8525132700695477,nan,0.8961237214895853,0.022401441024350977,0.0,0.0,0.0,0.0,0.0,0.0,0.0,0.0,0.0,0.0,0.0,0.0,0.0,0.0,0.0,0.0,0.0,0.0,0.0,0.0,0.0,0.0,0.0,0.0,0.06234413965087283,2.905236907730674,14.189526184538657,11.371571072319204,1.4588528678304242,0.012468827930174566,0.8964668539926334,0.023119554828318928,0.0,0.0,0.0,0.0,0.0,0.0,0.0,0.0,0.0,0.0,0.0,0.0,0.0,0.0,0.0,0.0,0.0,0.0,0.0,0.0,0.0,0.0,0.0,0.0,0.15270708005552988,2.7487274409995375,13.89634428505322,11.591855622397041,1.5826006478482189,0.02776492364645998,0.4072,0.01154,0.0,0.0,0.0,0.0,0.0,0.0,0.0,0.0,0.0,0.0,0.0,7.905236907730661,21.78304239401497,0.31172069825436416,0.0,0.0,0.0,0.0,0.0,0.0,0.0,0.0,0.0,0.0,0.0,0.0,0.0,0.0,0.0,0.0,0.4075,0.0116,0.0,0.0,0.0,0.0,0.0,0.0,0.0,0.0,0.0,0.0,0.01388246182322999,7.593706617306791,22.059231837112453,0.3331790837575197,0.0,0.0,0.0,0.0,0.0,0.0,0.0,0.0,0.0,0.0,0.0,0.0,0.0,0.0,0.0,0.0
92200,4396,2273,0.5170609645131938,1076,930,0.45632393084622386,1256,0.5714285714285714,0.4180000000000001,2.9821008007536505,3.1298872160397235,6.645161290322581,2.1013532343258183,8376.98958143767,506.4049371537663,7853.0,8866.4,8866.399999999998,1.8189894035458565e-12,7853.0,0.0,27.814831665150137,20.72906418854259,32.78724559023067,18.950375819551343,0.14126478616924476,0.09872611464968153,0.09326660600545951,0.08644222020018198,0.08393994540491356,0.07393084622383986,0.06619654231119199,0.06574158325750683,0.06210191082802548,0.04981801637852593,0.04754322111010009,0.03889899909008189,0.030937215650591446,0.029117379435850774,0.017743403093721567,0.008644222020018199,0.005686988171064604,0.8961655193833029,0.02252295911571221,0.0,0.0,0.0,0.0,0.0,0.0,0.0,0.0,0.0,0.0,0.0,0.0,0.0,0.0,0.0,0.0,0.0,0.0,0.0,0.0,0.0,0.0,0.0,0.0,0.06141947224749774,2.6888080072793454,14.406278434940859,11.410373066424025,1.412647861692448,0.02047315741583258,4.217939733707078,2.9117143418304674,nan,nan,nan,4.2764623955431755,2.894048790980339,4.15867418899859,2.928303868362912,0.9724566252079425,0.4075,0.01163,0.0,0.0,0.0,0.0,0.0,0.0,0.0,0.0,0.0,0.0,0.006824385805277527,7.725204731574147,22.00864422202002,0.259326660600546,0.0,0.0,0.0,0.0,0.0,0.0,0.0,0.0,0.0,0.0,0.0,0.0,0.0,0.0,0.0,0.0,nan,nan,4.217939733707078,2.9117143418304674,nan,0.4075,0.0688,0.0,0.0,0.0,0.0,0.0,0.0,0.0,0.0,0.0,0.0,0.0,0.0,0.0,0.0,0.0,0.0,0.0,0.0,0.0,5.6869881710646044e-05,0.0,0.0009099181073703367,0.0016037306642402184,5.6869881710646044e-05,0.000989535941765241,0.002786624203821656,0.0005345768880800728,0.005050045495905368,0.000932666060054595,0.011453594176524112,0.012192902638762512,0.025341219290263877,0.036442220200181986,0.05705186533212011,0.06270473157415833,0.02528434940855323,0.06714058234758871,0.053048225659690626,0.042026842584167425,0.059588262056414924,0.059929481346678797,0.03564604185623294,0.036544585987261145,0.09488171064604185,0.04013876251137398,0.04899909008189263,0.027252047315741584,0.04901046405823476,0.04244767970882621,0.005186533212010919,0.022133757961783438,0.015184258416742494,0.01450181983621474,0.003105095541401274,0.011135122838944495,0.0013535031847133757,0.002240673339399454,0.0036282984531392174,0.0019563239308462237,2.2747952684258417e-05,0.0023089171974522292,0.002035941765241128,0.0,3.4121929026387626e-05,0.014638307552320292,0.0,7.961783439490445e-05,0.0003980891719745223,0.0,1.1373976342129209e-05,0.0,0.0,0.0,0.0,0.0,0.0,0.0,0.0,0.0,0.0,0.0,0.0,0.0,0.0,0.0,0.0,0.0,0.0,0.0,0.0,0.0,0.0,0.0,0.0,0.0,0.0,0.0,0.0,0.0,0.0,0.0,nan,nan,4.217939733707078,2.9117143418304674,nan,0.8963284973158377,0.022218673739397635,0.0,0.0,0.0,0.0,0.0,0.0,0.0,0.0,0.0,0.0,0.0,0.0,0.0,0.0,0.0,0.0,0.0,0.0,0.0,0.0,0.0,0.0,0.0,0.0,0.03959524857017158,2.547294324681039,14.557853057633087,11.495820501539818,1.3462384513858339,0.013198416190057197,0.8959910262883187,0.022842962482337137,0.0,0.0,0.0,0.0,0.0,0.0,0.0,0.0,0.0,0.0,0.0,0.0,0.0,0.0,0.0,0.0,0.0,0.0,0.0,0.0,0.0,0.0,0.0,0.0,0.08478568064060293,2.8403203014601983,14.243994347621294,11.318888365520491,1.4837494112105516,0.028261893546867648,0.4075,0.01175,0.0,0.0,0.0,0.0,0.0,0.0,0.0,0.0,0.0,0.0,0.013198416190057197,7.641882974043104,22.014958205015404,0.3299604047514299,0.0,0.0,0.0,0.0,0.0,0.0,0.0,0.0,0.0,0.0,0.0,0.0,0.0,0.0,0.0,0.0,0.4072,0.0115,0.0,0.0,0.0,0.0,0.0,0.0,0.0,0.0,0.0,0.0,0.0,7.8144135657088905,22.00188412623646,0.18370230805463972,0.0,0.0,0.0,0.0,0.0,0.0,0.0,0.0,0.0,0.0,0.0,0.0,0.0,0.0,0.0,0.0
92300,4439,2302,0.5185852669520162,1123,904,0.45663437711196214,1231,0.554629421040775,0.4140000000000001,2.943378568086102,3.0555723858111117,6.48671096345515,2.1752128576896883,8378.534309529172,506.3498383376449,7853.0,8866.4,8866.399999999998,1.8189894035458565e-12,7853.0,0.0,28.515881955395358,21.10056286382228,33.540316099651754,19.238803977108248,0.14147330479837802,0.09258842081549899,0.08718179770218518,0.08380265825636404,0.08290155440414508,0.07681910340166705,0.0680333408425321,0.06420364947060149,0.0610497859878351,0.055192610948411804,0.046181572426222124,0.04280243298040099,0.03176391079071863,0.02725839152962379,0.01869790493354359,0.01306600585717504,0.006983554854697004,0.8958210389365429,0.022479064754606096,0.0,0.0,0.0,0.0,0.0,0.0,0.0,0.0,0.0,0.0,0.0,0.0,0.0,0.0,0.0,0.0,0.0,0.0,0.0,0.0,0.0,0.0,0.0,0.0,0.10813246226627621,2.8587519711646774,14.192385672448752,11.455282721333637,1.3651723361117372,0.02027483667492679,4.180355920602327,2.893616403351977,nan,nan,nan,4.247457627118644,2.960837944391807,4.112724757952973,2.8226295902774536,0.9682791728620328,0.4075,0.011765,0.0,0.0,0.0,0.0,0.0,0.0,0.0,0.0,0.0,0.0,0.013516557783284526,7.988285649921142,21.66028384771345,0.33791394458211316,0.0,0.0,0.0,0.0,0.0,0.0,0.0,0.0,0.0,0.0,0.0,0.0,0.0,0.0,0.0,0.0,nan,nan,4.180355920602327,2.893616403351977,nan,0.4075,0.06866,0.0,0.0,0.0,0.0,0.0,0.0,0.0,0.0,0.0,0.0,0.0,0.0,0.0,0.0,0.0,0.0,0.0,0.0,0.0,3.379139445821131e-05,0.0,0.0005857175039423293,0.0017008335210633027,0.00010137418337463393,0.0016895697229105655,0.0025681459788240595,0.0006645640910114891,0.005034917774273485,0.0009011038522189682,0.011286325749042578,0.011635503491777428,0.02573777877900428,0.03443343095291732,0.05754674476233386,0.06233385897724713,0.02546744762333859,0.06534129308402793,0.05432529849065105,0.04473980626267177,0.05984455958549223,0.06269430051813471,0.03542464519035819,0.03643838702410453,0.09276864158594278,0.03950214012164902,0.04716152286551025,0.027292182924082,0.04833295787339491,0.044525794097769765,0.006116242396936247,0.02324847938724938,0.013933318314935796,0.01446271682811444,0.002500563189907637,0.010396485694976346,0.0012728091912592927,0.0027033115566569045,0.003908537958999775,0.001745888713674251,0.00010137418337463393,0.0021513854471727867,0.001745888713674251,3.379139445821131e-05,2.2527596305474206e-05,0.0152399189006533,0.0,1.1263798152737103e-05,0.0002815949538184276,0.0,0.0,0.0,0.0,0.0,1.1263798152737103e-05,0.0,0.0,0.0,0.0,0.0,0.0,0.0,0.0,0.0,0.0,0.0,0.0,0.0,0.0,0.0,0.0,0.0,0.0,0.0,0.0,0.0,0.0,0.0,0.0,0.0,0.0,0.0,nan,nan,4.180355920602327,2.893616403351977,nan,0.8954402906909184,0.022753198180458116,0.0,0.0,0.0,0.0,0.0,0.0,0.0,0.0,0.0,0.0,0.0,0.0,0.0,0.0,0.0,0.0,0.0,0.0,0.0,0.0,0.0,0.0,0.0,0.0,0.09122502172024329,3.166811468288446,13.996524761077326,11.25977410947003,1.4726324934839274,0.013032145960034755,0.8962311851515299,0.02217266115768655,0.0,0.0,0.0,0.0,0.0,0.0,0.0,0.0,0.0,0.0,0.0,0.0,0.0,0.0,0.0,0.0,0.0,0.0,0.0,0.0,0.0,0.0,0.0,0.0,0.12634534394010297,2.5269068788020594,14.40336920917174,11.665886757136176,1.2494150678521294,0.02807674309780066,0.4075,0.01158,0.0,0.0,0.0,0.0,0.0,0.0,0.0,0.0,0.0,0.0,0.0,7.884448305821014,21.841876629018252,0.27367506516072987,0.0,0.0,0.0,0.0,0.0,0.0,0.0,0.0,0.0,0.0,0.0,0.0,0.0,0.0,0.0,0.0,0.4072,0.01195,0.0,0.0,0.0,0.0,0.0,0.0,0.0,0.0,0.0,0.0,0.02807674309780066,8.100140383715477,21.464670098268606,0.4071127749181096,0.0,0.0,0.0,0.0,0.0,0.0,0.0,0.0,0.0,0.0,0.0,0.0,0.0,0.0,0.0,0.0
92400,4473,2312,0.5168790520903197,1103,929,0.45428124301363737,1227,0.5486250838363514,0.4100000000000001,3.031466913465988,3.107205300610312,6.6202321724709785,2.078889057627528,8376.805231388329,506.4111976044285,7853.0,8866.4,8866.399999999998,1.8189894035458565e-12,7853.0,0.0,27.846858931365972,20.72061983575345,32.65950676213206,19.00241304641255,0.13525598032640287,0.10350994858037112,0.09210820478426113,0.08875475072658172,0.081377151799687,0.07198748043818466,0.07422311647663761,0.06773977196512408,0.05991504583053879,0.047619047619047616,0.04784261122289291,0.035546613011401745,0.029957522915269395,0.02682763246143528,0.023027051196065282,0.008048289738430584,0.006259780907668232,0.8961265141362182,0.022429361186065522,0.0,0.0,0.0,0.0,0.0,0.0,0.0,0.0,0.0,0.0,0.0,0.0,0.0,0.0,0.0,0.0,0.0,0.0,0.0,0.0,0.0,0.0,0.0,0.0,0.06036217303822939,2.7699530516431934,14.325955734406442,11.294433266264255,1.4822266934942996,0.06706908115358821,4.3281304197017,2.887867898638524,nan,nan,nan,4.27136021872864,2.9243445139152326,4.3840732910500355,2.848002905042441,1.0263880980646827,0.4072,0.011765,0.0,0.0,0.0,0.0,0.0,0.0,0.0,0.0,0.0,0.0,0.013413816230717643,8.256203890006695,21.37491616364856,0.35546613011401756,0.0,0.0,0.0,0.0,0.0,0.0,0.0,0.0,0.0,0.0,0.0,0.0,0.0,0.0,0.0,0.0,nan,nan,4.3281304197017,2.887867898638524,nan,0.4072,0.0684,0.0,0.0,0.0,0.0,0.0,0.0,0.0,0.0,0.0,0.0,0.0,0.0,0.0,0.0,0.0,0.0,0.0,0.0,2.23563603845294e-05,1.11781801922647e-05,0.0,0.0004135926671137939,0.001788508830762352,0.00027945450480661746,0.001777330650570087,0.0026156941649899397,0.0008048289738430583,0.0060697518443997315,0.0012519561815336462,0.010909903867650346,0.012094790968030405,0.024871450927788957,0.03382517326179298,0.05663983903420523,0.061211714732841496,0.023943661971830985,0.06780684104627767,0.052537446903644085,0.04594232059020791,0.06120053655264923,0.06264252179745138,0.0346411804158283,0.033288620612564275,0.09494746255309636,0.0411021685669573,0.04740666219539459,0.02578806170355466,0.04796557120500782,0.04757433489827856,0.0069081153588195846,0.02271406215068187,0.01324614352783367,0.015224681421864521,0.0024591996422982337,0.010898725687458082,0.0011289961994187347,0.002302705119606528,0.0032528504359490276,0.0019450033534540577,5.58909009613235e-05,0.002380952380952381,0.001151352559803264,0.00012295998211491168,2.23563603845294e-05,0.014654594232059021,0.0,0.0,0.00012295998211491168,1.11781801922647e-05,0.0,0.0,0.0,0.0,2.23563603845294e-05,0.0,0.0,0.0,0.0,0.0,0.0,0.0,0.0,0.0,0.0,0.0,0.0,0.0,0.0,0.0,0.0,0.0,0.0,0.0,0.0,0.0,0.0,0.0,0.0,0.0,0.0,0.0,nan,nan,4.3281304197017,2.887867898638524,nan,0.8962737182896442,0.022327418294551166,0.0,0.0,0.0,0.0,0.0,0.0,0.0,0.0,0.0,0.0,0.0,0.0,0.0,0.0,0.0,0.0,0.0,0.0,0.0,0.0,0.0,0.0,0.0,0.0,0.05190311418685122,2.569204152249135,14.532871972318341,11.340830449826992,1.4403114186851216,0.06487889273356402,0.8959690240840568,0.022536852194668045,0.0,0.0,0.0,0.0,0.0,0.0,0.0,0.0,0.0,0.0,0.0,0.0,0.0,0.0,0.0,0.0,0.0,0.0,0.0,0.0,0.0,0.0,0.0,0.0,0.06941230911614994,2.984729291994448,14.10458121240167,11.24479407681629,1.5270708005552989,0.06941230911614994,0.4072,0.01163,0.0,0.0,0.0,0.0,0.0,0.0,0.0,0.0,0.0,0.0,0.0,8.408304498269883,21.24134948096886,0.35034602076124577,0.0,0.0,0.0,0.0,0.0,0.0,0.0,0.0,0.0,0.0,0.0,0.0,0.0,0.0,0.0,0.0,0.4075,0.0119,0.0,0.0,0.0,0.0,0.0,0.0,0.0,0.0,0.0,0.0,0.02776492364645998,8.09347524294307,21.517815826006483,0.36094400740397975,0.0,0.0,0.0,0.0,0.0,0.0,0.0,0.0,0.0,0.0,0.0,0.0,0.0,0.0,0.0,0.0
92500,4637,2412,0.5201638990726764,1108,958,0.4455466896700453,1327,0.5723528143196032,0.4060000000000001,2.9370786516853933,3.0317563427663177,6.479299363057325,2.088309472224611,8380.134095320249,506.2878013032141,7853.0,8866.4,8866.4,0.0,7853.0,0.0,27.750700884192366,20.913718280047718,32.91919191919192,19.10594779375907,0.14707785205952123,0.10200560707353892,0.08992883329739056,0.08583135648048307,0.08087125296527928,0.07246064265689023,0.06405003234850119,0.06361871899935304,0.055639422040112144,0.06016821220616778,0.05003234850118611,0.040759111494500753,0.027604054345481993,0.023075264179426354,0.02005607073538926,0.010351520379555747,0.006469700237222342,0.8965279334753989,0.02217318940960328,0.0,0.0,0.0,0.0,0.0,0.0,0.0,0.0,0.0,0.0,0.0,0.0,0.0,0.0,0.0,0.0,0.0,0.0,0.0,0.0,0.0,0.0,0.0,0.0,0.08410610308389047,2.684925598447273,13.864567608367482,11.98188483933578,1.3780461505283592,0.0064697002372223434,4.267003367003367,2.813703020971537,nan,nan,nan,4.166890982503364,2.801966603680726,4.368846931894808,2.8221311020247093,1.0484668186039543,0.4075,0.01163,0.0,0.0,0.0,0.0,0.0,0.0,0.0,0.0,0.0,0.0,0.0064697002372223434,7.757170584429577,21.88699590252319,0.34936381281000656,0.0,0.0,0.0,0.0,0.0,0.0,0.0,0.0,0.0,0.0,0.0,0.0,0.0,0.0,0.0,0.0,nan,nan,4.267003367003367,2.813703020971537,nan,0.4075,0.06824,0.0,0.0,0.0,0.0,0.0,0.0,0.0,0.0,0.0,0.0,0.0,0.0,0.0,0.0,0.0,0.0,0.0,0.0,0.0,3.234850118611171e-05,0.0,0.0002587880094888937,0.0019301272374379987,0.0004097476816907483,0.0014880310545611387,0.0020595212421824455,0.0008087125296527927,0.006059952555531593,0.001466465387103731,0.009941772697864998,0.011192581410394652,0.025814103946517144,0.03495794694845805,0.05536985119689455,0.06112788440802243,0.02389475954280785,0.06734957946948458,0.05130472288117317,0.04611817985766659,0.06331679965494932,0.06131119258141039,0.034332542592193226,0.035022643950830275,0.09690532671986198,0.039950398964847963,0.048005175760189776,0.026633599309898642,0.04749838257494069,0.050948889368125944,0.0060707353892602975,0.019915893896916108,0.013295233987491913,0.013532456329523398,0.002533965926245417,0.011203364244123356,0.0011861117101574293,0.0025231830925167135,0.0032995471209833946,0.0019840414060815184,8.626266982963122e-05,0.0025447487599741213,0.0012184602113435412,0.00019409100711667026,0.0,0.014664653871037308,3.234850118611171e-05,6.469700237222342e-05,0.00014017683847315074,0.0,0.0,0.0,0.0,0.0,0.0,0.0,0.0,0.0,0.0,0.0,0.0,0.0,0.0,0.0,0.0,0.0,0.0,0.0,0.0,0.0,0.0,0.0,0.0,0.0,0.0,0.0,0.0,0.0,0.0,0.0,0.0,0.0,nan,nan,4.267003367003367,2.813703020971537,nan,0.8962662263740948,0.022286804963696626,0.0,0.0,0.0,0.0,0.0,0.0,0.0,0.0,0.0,0.0,0.0,0.0,0.0,0.0,0.0,0.0,0.0,0.0,0.0,0.0,0.0,0.0,0.0,0.0,0.13681592039800997,2.59950248756219,13.967661691542292,11.940298507462689,1.3557213930348262,0.0,0.8968116357353296,0.022045854659413812,0.0,0.0,0.0,0.0,0.0,0.0,0.0,0.0,0.0,0.0,0.0,0.0,0.0,0.0,0.0,0.0,0.0,0.0,0.0,0.0,0.0,0.0,0.0,0.0,0.026966292134831468,2.777528089887641,13.752808988764048,12.026966292134835,1.4022471910112364,0.013483146067415734,0.4075,0.01168,0.0,0.0,0.0,0.0,0.0,0.0,0.0,0.0,0.0,0.0,0.0,7.562189054726358,22.052238805970156,0.38557213930348266,0.0,0.0,0.0,0.0,0.0,0.0,0.0,0.0,0.0,0.0,0.0,0.0,0.0,0.0,0.0,0.0,0.4075,0.01158,0.0,0.0,0.0,0.0,0.0,0.0,0.0,0.0,0.0,0.0,0.013483146067415734,7.968539325842685,21.70786516853933,0.3101123595505618,0.0,0.0,0.0,0.0,0.0,0.0,0.0,0.0,0.0,0.0,0.0,0.0,0.0,0.0,0.0,0.0
92600,4598,2353,0.5117442366246194,1130,941,0.45041322314049587,1279,0.5563288386254893,0.3980000000000001,2.9207126948775057,3.084546355320976,6.603225806451613,2.096230698792438,8371.60160939539,506.56020539892336,7853.0,8866.4,8866.399999999998,1.8189894035458565e-12,7853.0,0.0,28.06546324488908,20.974078823780374,33.09185262065387,19.185189080784728,0.13875598086124402,0.09634623749456285,0.09177903436276642,0.08677685950413223,0.08786428882122663,0.07568508046976946,0.06633318834275773,0.06481078729882557,0.05458895171813832,0.05197912135711179,0.04784688995215311,0.03806002609830361,0.03588516746411483,0.025228360156589823,0.018921270117442365,0.013049151805132666,0.006089604175728578,0.8962609188460225,0.022392561018421898,0.0,0.0,0.0,0.0,0.0,0.0,0.0,0.0,0.0,0.0,0.0,0.0,0.0,0.0,0.0,0.0,0.0,0.0,0.0,0.0,0.0,0.0,0.0,0.0,0.09786863853849502,2.6620269682470643,14.262722923010008,11.528925619834714,1.4223575467594611,0.026098303610265338,4.214934409687185,2.877453144733702,nan,nan,nan,4.177582714382174,2.825596295796344,4.2520107238605895,2.927548266456407,1.017816046878541,0.408,0.011955,0.0,0.0,0.0,0.0,0.0,0.0,0.0,0.0,0.0,0.0,0.019573727707699003,7.712048716833395,21.889952153110055,0.3784254023488474,0.0,0.0,0.0,0.0,0.0,0.0,0.0,0.0,0.0,0.0,0.0,0.0,0.0,0.0,0.0,0.0,nan,nan,4.214934409687185,2.877453144733702,nan,0.408,0.0685,0.0,0.0,0.0,0.0,0.0,0.0,0.0,0.0,0.0,0.0,0.0,0.0,0.0,0.0,0.0,0.0,0.0,0.0,0.0,0.0,0.0,0.00025010874293170945,0.002174858634188778,0.00023923444976076556,0.0014136581122227054,0.0021639843410178336,0.0006089604175728578,0.00508916920400174,0.0015441496302740323,0.010069595476294041,0.010863418877772944,0.025097868638538495,0.034156154849934756,0.05709003914745542,0.0620922140060896,0.02413005654632449,0.06588734232274902,0.05288168769030013,0.04647672901261418,0.06447368421052632,0.059939103958242715,0.03129621574597651,0.03437364071335363,0.10079382340147891,0.03848412353197042,0.04594388864723793,0.02656589821661592,0.05072857764245324,0.05128316659417138,0.005469769464984776,0.01834493257938234,0.0128099173553719,0.012951283166594172,0.0028055676381035233,0.011439756415832971,0.0011200521966072206,0.003381905176163549,0.0038494997825141365,0.002250978686385385,0.0001848629839060461,0.0024249673771204873,0.0010330578512396695,0.00041322314049586776,2.174858634188778e-05,0.015234884732492389,6.524575902566333e-05,4.349717268377556e-05,3.2622879512831664e-05,1.087429317094389e-05,0.0,0.0,0.0,0.0,0.0,0.0,0.0,0.0,0.0,0.0,0.0,0.0,0.0,0.0,0.0,0.0,0.0,0.0,0.0,0.0,0.0,0.0,0.0,0.0,0.0,0.0,0.0,0.0,0.0,0.0,0.0,0.0,nan,nan,4.214934409687185,2.877453144733702,nan,0.8960851820742278,0.022350092323813988,0.0,0.0,0.0,0.0,0.0,0.0,0.0,0.0,0.0,0.0,0.0,0.0,0.0,0.0,0.0,0.0,0.0,0.0,0.0,0.0,0.0,0.0,0.0,0.0,0.06374840628984277,2.741181470463239,14.26689332766681,11.512962175945605,1.3897152571185725,0.025499362515937107,0.8964451097698679,0.022435509054731784,0.0,0.0,0.0,0.0,0.0,0.0,0.0,0.0,0.0,0.0,0.0,0.0,0.0,0.0,0.0,0.0,0.0,0.0,0.0,0.0,0.0,0.0,0.0,0.0,0.133630289532294,2.5790645879732743,14.258351893095771,11.545657015590203,1.4565701559020048,0.026726057906458805,0.4075,0.01192,0.0,0.0,0.0,0.0,0.0,0.0,0.0,0.0,0.0,0.0,0.025499362515937107,7.968550786230334,21.62345941351467,0.3824904377390566,0.0,0.0,0.0,0.0,0.0,0.0,0.0,0.0,0.0,0.0,0.0,0.0,0.0,0.0,0.0,0.0,0.4082,0.01198,0.0,0.0,0.0,0.0,0.0,0.0,0.0,0.0,0.0,0.0,0.013363028953229402,7.443207126948764,22.16926503340758,0.3741648106904233,0.0,0.0,0.0,0.0,0.0,0.0,0.0,0.0,0.0,0.0,0.0,0.0,0.0,0.0,0.0,0.0
92700,4555,2363,0.5187705817782656,1146,952,0.4605927552140505,1295,0.5686059275521405,0.4020000000000001,2.983120437956204,3.0844541520586155,6.484552845528455,2.159344695851043,8378.722107574094,506.3428180822153,7853.0,8866.4,8866.399999999998,1.8189894035458565e-12,7853.0,0.0,28.57145993413831,20.96551708520806,33.59514487079092,19.05912074177048,0.13830954994511527,0.09857299670691548,0.07925356750823272,0.0836443468715697,0.07947310647639956,0.07947310647639956,0.07156970362239297,0.06959385290889133,0.059055982436882544,0.052250274423710205,0.047859495060373215,0.04500548847420417,0.032052689352360046,0.026344676180021953,0.019099890230515917,0.010318331503841932,0.008122941822173435,0.896245588638649,0.02264607189744031,0.0,0.0,0.0,0.0,0.0,0.0,0.0,0.0,0.0,0.0,0.0,0.0,0.0,0.0,0.0,0.0,0.0,0.0,0.0,0.0,0.0,0.0,0.0,0.0,0.11855104281009882,2.7793633369923167,13.982436882546656,11.585071350164657,1.5016465422612517,0.03293084522502745,4.1831732361709175,2.892103285015064,nan,nan,nan,4.19479653102068,2.9002909164820214,4.171165240289664,2.8848309362868494,0.9943665227726156,0.408,0.011604,0.0,0.0,0.0,0.0,0.0,0.0,0.0,0.0,0.0,0.0,0.00658616904500549,7.396267837541153,22.1953896816685,0.4017563117453349,0.0,0.0,0.0,0.0,0.0,0.0,0.0,0.0,0.0,0.0,0.0,0.0,0.0,0.0,0.0,0.0,nan,nan,4.1831732361709175,2.892103285015064,nan,0.408,0.0686,0.0,0.0,0.0,0.0,0.0,0.0,0.0,0.0,0.0,0.0,0.0,0.0,0.0,0.0,0.0,0.0,0.0,0.0,0.0,0.0,0.0,0.0002854006586169045,0.002228320526893524,0.0003512623490669594,0.001163556531284303,0.0018002195389681668,0.000592755214050494,0.0050713501646542265,0.0012733260153677277,0.010603732162458836,0.01039517014270033,0.02689352360043908,0.033995609220636665,0.054720087815587265,0.0603622392974753,0.024500548847420416,0.06792535675082327,0.05414928649835346,0.04840834248079034,0.06601536772777168,0.05655323819978046,0.03053787047200878,0.033841931942919866,0.10201975850713502,0.03778265642151482,0.04446761800219539,0.024544456641053786,0.05353457738748628,0.051975850713501644,0.005938529088913282,0.0158397365532382,0.013841931942919869,0.012008781558726674,0.0030735455543358945,0.011931942919868276,0.0013830954994511525,0.003534577387486279,0.00420417124039517,0.0023819978046103183,0.0004939626783754116,0.003106476399560922,0.0007793633369923161,0.00024149286498353458,0.0,0.015170142700329308,5.48847420417124e-05,1.0976948408342481e-05,0.0,1.0976948408342481e-05,0.0,0.0,0.0,0.0,0.0,0.0,0.0,0.0,0.0,0.0,0.0,0.0,0.0,0.0,0.0,0.0,0.0,0.0,0.0,0.0,0.0,0.0,0.0,0.0,0.0,0.0,0.0,0.0,0.0,0.0,0.0,0.0,nan,nan,4.1831732361709175,2.892103285015064,nan,0.8966265379045658,0.02260252215230078,0.0,0.0,0.0,0.0,0.0,0.0,0.0,0.0,0.0,0.0,0.0,0.0,0.0,0.0,0.0,0.0,0.0,0.0,0.0,0.0,0.0,0.0,0.0,0.0,0.1269572577232332,2.729581041049514,13.774862462970804,11.895895048666953,1.4346170122725352,0.03808717731696996,0.8958349211590133,0.022685761426371444,0.0,0.0,0.0,0.0,0.0,0.0,0.0,0.0,0.0,0.0,0.0,0.0,0.0,0.0,0.0,0.0,0.0,0.0,0.0,0.0,0.0,0.0,0.0,0.0,0.10948905109489054,2.8330291970802928,14.206204379562047,11.250000000000004,1.5739051094890515,0.027372262773722636,0.408,0.01145,0.0,0.0,0.0,0.0,0.0,0.0,0.0,0.0,0.0,0.0,0.0,7.439695302581454,22.16673719847652,0.393567498942023,0.0,0.0,0.0,0.0,0.0,0.0,0.0,0.0,0.0,0.0,0.0,0.0,0.0,0.0,0.0,0.0,0.408,0.01176,0.0,0.0,0.0,0.0,0.0,0.0,0.0,0.0,0.0,0.0,0.013686131386861318,7.349452554744515,22.22627737226278,0.4105839416058395,0.0,0.0,0.0,0.0,0.0,0.0,0.0,0.0,0.0,0.0,0.0,0.0,0.0,0.0,0.0,0.0
92800,4301,2219,0.5159265287142525,1040,864,0.4426877470355731,1189,0.552894675656824,0.4340000000000001,2.979346781940442,3.185439972026014,6.794275491949911,2.2425953218121335,8375.839944199022,506.4428814794934,7853.0,8866.4,8866.400000000001,1.8189894035458565e-12,7853.0,0.0,27.844687282027436,20.979359278068923,32.95405179615706,19.1937998969047,0.14485003487561032,0.0957916763543362,0.09276912345966054,0.08904905835852127,0.08160892815624274,0.0744013020227854,0.07393629388514299,0.060451057893513134,0.056265984654731455,0.04975587072773774,0.042315740525459195,0.042315740525459195,0.03092304115322018,0.027202976052080913,0.02069286212508719,0.010927691234596606,0.006742617995814926,0.896039290432042,0.022342415979585518,0.0,0.0,0.0,0.0,0.0,0.0,0.0,0.0,0.0,0.0,0.0,0.0,0.0,0.0,0.0,0.0,0.0,0.0,0.0,0.0,0.0,0.0,0.0,0.0,0.0627760985817252,2.9783771215996286,14.01302022785399,11.585677749360617,1.3322483143455013,0.02790048825854453,4.299383834722725,2.9562907997498153,nan,nan,nan,4.370639534883721,2.957176656380481,4.229377713458756,2.9545872089232423,0.9676793704222227,0.4072,0.01182,0.0,0.0,0.0,0.0,0.0,0.0,0.0,0.0,0.0,0.0,0.0,7.944664031620541,21.706579865147642,0.3487561032318066,0.0,0.0,0.0,0.0,0.0,0.0,0.0,0.0,0.0,0.0,0.0,0.0,0.0,0.0,0.0,0.0,nan,nan,4.299383834722725,2.9562907997498153,nan,0.4072,0.0687,0.0,0.0,0.0,0.0,0.0,0.0,0.0,0.0,0.0,0.0,0.0,0.0,0.0,0.0,0.0,0.0,0.0,0.0,0.0,0.0,0.0,0.00046500813764240875,0.002336665891653104,0.0002790048825854452,0.0012671471750755638,0.0019879097884212974,0.0004882585445245292,0.005196465938153917,0.0010695187165775401,0.010416182283189955,0.010916066031155545,0.029039758195768425,0.034852359916298536,0.05614973262032086,0.06254359451290398,0.024215298767728436,0.06600790513833991,0.05249941873982795,0.04582655196465938,0.06403162055335969,0.058567774936061384,0.033178330620785866,0.03358521274122297,0.1030690537084399,0.039165310392931876,0.044315275517321555,0.024924436177633107,0.05308067891188096,0.04997674959311788,0.005289467565682399,0.015019762845849802,0.012392466868170193,0.01116019530341781,0.0029876772843524762,0.011787956289235062,0.0016856544989537316,0.004126947221576378,0.004103696814694257,0.0019181585677749361,0.0003255056963496861,0.0029876772843524762,0.0010927691234596606,0.00038363171355498723,3.487561032318065e-05,0.014984887235526621,9.300162752848175e-05,5.812601720530109e-05,0.00011625203441060219,0.0,0.0,0.0,0.0,0.0,0.0,0.0,0.0,0.0,0.0,0.0,0.0,0.0,0.0,0.0,0.0,0.0,0.0,0.0,0.0,0.0,0.0,0.0,0.0,0.0,0.0,0.0,0.0,0.0,0.0,0.0,0.0,0.0,nan,nan,4.299383834722725,2.9562907997498153,nan,0.8963791359217653,0.022311403765740468,0.0,0.0,0.0,0.0,0.0,0.0,0.0,0.0,0.0,0.0,0.0,0.0,0.0,0.0,0.0,0.0,0.0,0.0,0.0,0.0,0.0,0.0,0.0,0.0,0.04055881027489861,2.9472735466426325,13.81703470031546,11.816133393420463,1.3654799459215865,0.013519603424966204,0.8956770823908814,0.022369738484226045,0.0,0.0,0.0,0.0,0.0,0.0,0.0,0.0,0.0,0.0,0.0,0.0,0.0,0.0,0.0,0.0,0.0,0.0,0.0,0.0,0.0,0.0,0.0,0.0,0.08645533141210376,3.011527377521615,14.22190201729107,11.34005763688761,1.2968299711815565,0.04322766570605188,0.4067,0.01178,0.0,0.0,0.0,0.0,0.0,0.0,0.0,0.0,0.0,0.0,0.0,8.328075709779169,21.33393420459667,0.33799008562415506,0.0,0.0,0.0,0.0,0.0,0.0,0.0,0.0,0.0,0.0,0.0,0.0,0.0,0.0,0.0,0.0,0.4077,0.01185,0.0,0.0,0.0,0.0,0.0,0.0,0.0,0.0,0.0,0.0,0.0,7.536023054755033,22.10374639769453,0.3602305475504323,0.0,0.0,0.0,0.0,0.0,0.0,0.0,0.0,0.0,0.0,0.0,0.0,0.0,0.0,0.0,0.0
92900,4732,2457,0.5192307692307693,1153,949,0.4442096365173288,1339,0.5659340659340659,0.4020000000000001,2.9718681318681317,3.0806164332783177,6.503076923076923,2.080862929782829,8379.18846153846,506.3250831895095,7853.0,8866.4,8866.4,0.0,7853.0,0.0,28.029374471682164,20.789971923399687,32.738707262290994,19.107392413603215,0.13355874894336434,0.10693153000845308,0.08854606931530008,0.09150464919695689,0.08009298393913779,0.07290786136939983,0.06846999154691462,0.06149619611158073,0.05874894336432798,0.05473372781065089,0.04945054945054945,0.04015215553677092,0.035925612848689774,0.024936601859678782,0.015638207945900255,0.009087066779374472,0.007819103972950128,0.8960630094234155,0.02194581987838292,0.0,0.0,0.0,0.0,0.0,0.0,0.0,0.0,0.0,0.0,0.0,0.0,0.0,0.0,0.0,0.0,0.0,0.0,0.0,0.0,0.0,0.0,0.0,0.0,0.07607776838546071,2.567624683009299,14.277261200338126,11.817413355874898,1.24894336432798,0.012679628064243453,4.190366972477064,2.85359197369843,nan,nan,nan,4.121232417950435,2.825709275292404,4.256574727389352,2.878485154693088,1.032840251583342,0.4077,0.01146,0.0,0.0,0.0,0.0,0.0,0.0,0.0,0.0,0.0,0.0,0.0,7.607776838546059,22.04353338968724,0.34868977176669497,0.0,0.0,0.0,0.0,0.0,0.0,0.0,0.0,0.0,0.0,0.0,0.0,0.0,0.0,0.0,0.0,nan,nan,4.190366972477064,2.85359197369843,nan,0.4077,0.06836,0.0,0.0,0.0,0.0,0.0,0.0,0.0,0.0,0.0,0.0,0.0,0.0,0.0,0.0,0.0,0.0,0.0,0.0,0.0,0.0,0.0,0.0007290786136939983,0.002345731191885038,0.0003064243448858833,0.0011094674556213018,0.002092138630600169,0.00042265426880811494,0.00536770921386306,0.0007924767540152156,0.009065934065934067,0.0106614539306847,0.02937447168216399,0.03556635672020288,0.05267328825021133,0.059351225697379544,0.024799239222316145,0.0672759932375317,0.05462806424344886,0.04481191885038039,0.061337700760777686,0.060397295012679625,0.03622147083685545,0.033357988165680474,0.1062447168216399,0.03779585798816568,0.0448541842772612,0.0246301775147929,0.05320160608622147,0.05021132713440406,0.004807692307692308,0.014951394759087067,0.012880388841927303,0.010555790363482672,0.0035819949281487742,0.011242603550295858,0.0022083685545224007,0.0049767540152155535,0.0039518174133558745,0.0020604395604395605,0.0004543533389687236,0.0027155536770921388,0.0010460693153000846,0.00047548605240912934,7.396449704142012e-05,0.01426458157227388,1.0566356720202874e-05,4.22654268808115e-05,7.396449704142012e-05,0.0,0.0,0.0,0.0,0.0,0.0,0.0,0.0,0.0,0.0,0.0,0.0,0.0,0.0,0.0,0.0,0.0,0.0,0.0,0.0,0.0,0.0,0.0,0.0,0.0,0.0,0.0,0.0,0.0,0.0,0.0,0.0,0.0,nan,nan,4.190366972477064,2.85359197369843,nan,0.8962360357529854,0.02189201046472655,0.0,0.0,0.0,0.0,0.0,0.0,0.0,0.0,0.0,0.0,0.0,0.0,0.0,0.0,0.0,0.0,0.0,0.0,0.0,0.0,0.0,0.0,0.0,0.0,0.07326007326007328,2.4542124542124544,14.322344322344325,11.892551892551895,1.2454212454212457,0.012210012210012213,0.89587614098748,0.022002257978329498,0.0,0.0,0.0,0.0,0.0,0.0,0.0,0.0,0.0,0.0,0.0,0.0,0.0,0.0,0.0,0.0,0.0,0.0,0.0,0.0,0.0,0.0,0.0,0.0,0.07912087912087913,2.6901098901098903,14.228571428571431,11.736263736263739,1.252747252747253,0.01318681318681319,0.4077,0.0115,0.0,0.0,0.0,0.0,0.0,0.0,0.0,0.0,0.0,0.0,0.0,7.643467643467633,22.01465201465202,0.341880341880342,0.0,0.0,0.0,0.0,0.0,0.0,0.0,0.0,0.0,0.0,0.0,0.0,0.0,0.0,0.0,0.0,0.4077,0.01142,0.0,0.0,0.0,0.0,0.0,0.0,0.0,0.0,0.0,0.0,0.0,7.569230769230758,22.07472527472528,0.35604395604395617,0.0,0.0,0.0,0.0,0.0,0.0,0.0,0.0,0.0,0.0,0.0,0.0,0.0,0.0,0.0,0.0
93000,4697,2418,0.5147966787311049,1108,937,0.43538428784330424,1292,0.5501383862039599,0.4100000000000001,2.9802544975866607,3.1002067513321494,6.584218512898331,2.01213159477208,8374.694954226103,506.4780758806416,7853.0,8866.4,8866.399999999998,1.8189894035458565e-12,7853.0,0.0,28.561209282520757,21.23622749888375,33.41087613293051,19.50267527644176,0.13604428358526718,0.09601873536299765,0.09708324462422824,0.08516074089844582,0.08068980200127741,0.07345113902490952,0.06599957419629551,0.05918671492441984,0.06025122418565042,0.04875452416436023,0.04407068341494571,0.04641260378965297,0.039599744517777306,0.030657866723440494,0.017032148179689163,0.011496700021290185,0.008090270385352353,0.8964284311615967,0.022746159210965355,0.0,0.0,0.0,0.0,0.0,0.0,0.0,0.0,0.0,0.0,0.0,0.0,0.0,0.0,0.0,0.0,0.0,0.0,0.0,0.0,0.0,0.0,0.0,0.0,0.11496700021290188,2.7783691718117955,13.962103470300194,11.637215243772625,1.488183947200341,0.01916116670215031,4.2906208718626155,2.886231929908535,nan,nan,nan,4.302124833997344,2.8816326806279835,4.279421433267587,2.8916718125858725,0.9947227471061871,0.4075,0.01171,0.0,0.0,0.0,0.0,0.0,0.0,0.0,0.0,0.0,0.0,0.01916116670215031,7.868852459016383,21.767085373642757,0.34490100063870566,0.0,0.0,0.0,0.0,0.0,0.0,0.0,0.0,0.0,0.0,0.0,0.0,0.0,0.0,0.0,0.0,nan,nan,4.2906208718626155,2.886231929908535,nan,0.4075,0.0682,0.0,0.0,0.0,0.0,0.0,0.0,0.0,0.0,0.0,0.0,0.0,0.0,0.0,0.0,0.0,0.0,0.0,0.0,7.451564828614009e-05,0.0,0.0,0.0007664466680860123,0.0022141792633595912,0.000468384074941452,0.0010006387055567383,0.002022567596338088,0.0005641899084522035,0.004577389823291463,0.0008409623163721524,0.010293804556099639,0.011741537151373218,0.03089205876091122,0.03631041090057484,0.05208643815201192,0.060804769001490316,0.02503725782414307,0.06548860975090483,0.05256546731956568,0.043868426655311904,0.061826697892271666,0.05931445603576751,0.035735575899510326,0.031509474132424956,0.10846284862678306,0.037822014051522246,0.042984883968490525,0.02466467958271237,0.05472642111986374,0.05029806259314456,0.00570576964019587,0.015605705769640196,0.011794762614434746,0.012071535022354694,0.0035341707472855014,0.011847988077496274,0.001830955929316585,0.005067064083457526,0.004140941026186928,0.0017457951884181392,0.00020225675963380881,0.0031722375984671067,0.0007770917606983181,0.0007558015754737066,7.451564828614009e-05,0.012678305301256122,0.0,3.193527783691718e-05,0.0,0.0,0.0,0.0,0.0,0.0,0.0,0.0,0.0,0.0,0.0,0.0,0.0,0.0,0.0,0.0,0.0,0.0,0.0,0.0,0.0,0.0,0.0,0.0,0.0,0.0,0.0,0.0,0.0,0.0,0.0,0.0,0.0,0.0,nan,nan,4.2906208718626155,2.886231929908535,nan,0.8962503237552738,0.02271568726025881,0.0,0.0,0.0,0.0,0.0,0.0,0.0,0.0,0.0,0.0,0.0,0.0,0.0,0.0,0.0,0.0,0.0,0.0,0.0,0.0,0.0,0.0,0.0,0.0,0.07444168734491316,2.9156327543424325,13.870967741935488,11.637717121588093,1.4888337468982633,0.012406947890818861,0.8966174016348256,0.022776922433576815,0.0,0.0,0.0,0.0,0.0,0.0,0.0,0.0,0.0,0.0,0.0,0.0,0.0,0.0,0.0,0.0,0.0,0.0,0.0,0.0,0.0,0.0,0.0,0.0,0.1579640193067135,2.6327336551118914,14.058797718297502,11.636682755594562,1.4874945151382188,0.026327336551118918,0.4075,0.011765,0.0,0.0,0.0,0.0,0.0,0.0,0.0,0.0,0.0,0.0,0.012406947890818861,7.81637717121587,21.823821339950378,0.34739454094292815,0.0,0.0,0.0,0.0,0.0,0.0,0.0,0.0,0.0,0.0,0.0,0.0,0.0,0.0,0.0,0.0,0.4072,0.01165,0.0,0.0,0.0,0.0,0.0,0.0,0.0,0.0,0.0,0.0,0.026327336551118918,7.924528301886781,21.706888986397548,0.34225537516454596,0.0,0.0,0.0,0.0,0.0,0.0,0.0,0.0,0.0,0.0,0.0,0.0,0.0,0.0,0.0,0.0
93100,4661,2405,0.5159836944861618,1178,956,0.45784166487878136,1311,0.5625402274190088,0.4140000000000001,2.9370567375886525,3.063096957070091,6.460420032310178,2.1358469397186806,8375.897875992276,506.44103192112965,7853.0,8866.4,8866.399999999998,1.8189894035458565e-12,7853.0,0.0,28.36429950654366,20.712431291521124,32.98814627994956,18.988550627933623,0.12958592576700279,0.10319673889723235,0.09096760351855825,0.08324393906886934,0.07916756060931131,0.07616391332332118,0.07037116498605449,0.07101480369019524,0.05771293713795323,0.056854752199098905,0.050418365157691485,0.03883286848315812,0.0334692126153186,0.02445827075734821,0.018021883715940785,0.009869126796824716,0.006650933276121004,0.8962586536296983,0.022089410087702707,0.0,0.0,0.0,0.0,0.0,0.0,0.0,0.0,0.0,0.0,0.0,0.0,0.0,0.0,0.0,0.0,0.0,0.0,0.0,0.0,0.0,0.0,0.0,0.0,0.07080025745548167,2.7483372666809704,14.263033683758852,11.398841450332549,1.5061145676893375,0.01287277408281485,4.191007548408271,2.84847817238114,nan,nan,nan,4.231367465975373,2.8467445466189947,4.151696606786427,2.8494508317130913,0.98117136839814,0.4067,0.01195,0.0,0.0,0.0,0.0,0.0,0.0,0.0,0.0,0.0,0.0,0.01287277408281485,8.676249731817194,21.072731173567906,0.2381463205320747,0.0,0.0,0.0,0.0,0.0,0.0,0.0,0.0,0.0,0.0,0.0,0.0,0.0,0.0,0.0,0.0,nan,nan,4.191007548408271,2.84847817238114,nan,0.4067,0.06836,0.0,0.0,0.0,0.0,0.0,0.0,0.0,0.0,0.0,0.0,0.0,0.0,0.0,0.0,0.0,0.0,0.0,0.0,7.509118214975328e-05,0.0,0.0,0.0007616391332332117,0.002467281699206179,0.0006007294571980262,0.0009547307444754344,0.0020703711649860544,0.0005256382750482729,0.004666380605020382,0.00046127440463419867,0.012003861832224844,0.013108774940999785,0.031001930916112422,0.03709504398197812,0.052413645140527786,0.0600300364728599,0.028202102553100194,0.06482514481870844,0.05198455267110062,0.04078523921905171,0.06038403776013731,0.06005149109633126,0.03581849388543231,0.03069083887577773,0.11101694915254237,0.0355181291568333,0.0440141600514911,0.025906457841664877,0.0560394765071873,0.04832653936923407,0.006243295430165201,0.014921690624329543,0.00992276335550311,0.011789315597511264,0.0037331044840163054,0.01015876421368805,0.0020918257884574125,0.0055782021025531005,0.0037652864192233427,0.0017056425659729671,7.509118214975328e-05,0.0036901952370735893,0.0013945505256382751,0.0005149109633125939,0.0,0.012583136665951513,0.0,0.0,2.1454623471358076e-05,1.0727311735679038e-05,0.0,0.0,0.0,0.0,0.0,0.0,0.0,0.0,0.0,0.0,0.0,0.0,0.0,0.0,0.0,0.0,0.0,0.0,0.0,0.0,0.0,0.0,0.0,0.0,0.0,0.0,0.0,0.0,0.0,0.0,0.0,0.0,nan,nan,4.191007548408271,2.84847817238114,nan,0.8965890159973732,0.022090728650955932,0.0,0.0,0.0,0.0,0.0,0.0,0.0,0.0,0.0,0.0,0.0,0.0,0.0,0.0,0.0,0.0,0.0,0.0,0.0,0.0,0.0,0.0,0.0,0.0,0.07484407484407486,2.51975051975052,14.158004158004161,11.775467775467778,1.4469854469854473,0.024948024948024953,0.895906472116286,0.02208256228132171,0.0,0.0,0.0,0.0,0.0,0.0,0.0,0.0,0.0,0.0,0.0,0.0,0.0,0.0,0.0,0.0,0.0,0.0,0.0,0.0,0.0,0.0,0.0,0.0,0.06648936170212767,2.9920212765957457,14.375000000000004,10.997340425531918,1.5691489361702131,0.0,0.4067,0.01211,0.0,0.0,0.0,0.0,0.0,0.0,0.0,0.0,0.0,0.0,0.0,8.669438669438657,21.14345114345115,0.18711018711018715,0.0,0.0,0.0,0.0,0.0,0.0,0.0,0.0,0.0,0.0,0.0,0.0,0.0,0.0,0.0,0.0,0.4067,0.01179,0.0,0.0,0.0,0.0,0.0,0.0,0.0,0.0,0.0,0.0,0.02659574468085107,8.683510638297859,20.997340425531917,0.29255319148936176,0.0,0.0,0.0,0.0,0.0,0.0,0.0,0.0,0.0,0.0,0.0,0.0,0.0,0.0,0.0,0.0
93200,4862,2466,0.5071986836692719,1154,1013,0.4457013574660634,1395,0.5738379267791033,0.4020000000000001,2.9265442404006676,3.0688449934167004,6.476331360946745,2.211662639247879,8366.995146030438,506.64748182971795,7853.0,8866.4,8866.4,0.0,7853.0,0.0,28.292883587001235,21.044745447171913,33.41642084562439,19.182061171021438,0.14006581653640476,0.10016454134101192,0.08823529411764706,0.08185931715343481,0.08062525709584534,0.0746606334841629,0.07054709995886467,0.06314273961332785,0.06067461949814891,0.05244755244755245,0.04730563554092966,0.04730563554092966,0.03187988482106129,0.023241464417935006,0.020361990950226245,0.00925545043192102,0.008227067050596462,0.896972268133289,0.02201167293667755,0.0,0.0,0.0,0.0,0.0,0.0,0.0,0.0,0.0,0.0,0.0,0.0,0.0,0.0,0.0,0.0,0.0,0.0,0.0,0.0,0.0,0.0,0.0,0.0,0.06170300287947348,2.400246812011518,14.228712464006584,11.785273549979435,1.505553270259153,0.018510900863842043,4.325618262523779,2.8569015571796257,nan,nan,nan,4.352490421455939,2.858455817372369,4.29911838790932,2.8551203248037953,0.9877375873629687,0.407,0.01171,0.0,0.0,0.0,0.0,0.0,0.0,0.0,0.0,0.0,0.0,0.024681201151789393,8.070752776635118,21.6454134101193,0.2591526120937886,0.0,0.0,0.0,0.0,0.0,0.0,0.0,0.0,0.0,0.0,0.0,0.0,0.0,0.0,0.0,0.0,nan,nan,4.325618262523779,2.8569015571796257,nan,0.407,0.06854,0.0,0.0,0.0,0.0,0.0,0.0,0.0,0.0,0.0,0.0,0.0,0.0,0.0,0.0,0.0,0.0,0.0,0.0,0.00015425750719868367,0.0,0.0,0.00041135335252982314,0.0031057178116001647,0.0004730563554092966,0.0011517893870835046,0.001902509255450432,0.0005347593582887701,0.0042780748663101605,0.00032908268202385847,0.011559029206088029,0.012865076100370219,0.03237350884409708,0.03643562320032908,0.051347182229535174,0.060180995475113123,0.027941176470588237,0.06404771698889346,0.04950637597696421,0.0417420814479638,0.05878239407651172,0.06127108185931715,0.036507610037021805,0.03302139037433155,0.11082887700534759,0.03867749897161662,0.043706293706293704,0.026470588235294117,0.05445290004113534,0.04660633484162896,0.006293706293706294,0.014921842863019334,0.009265734265734266,0.01237145207733443,0.003331962155491567,0.010242698477992595,0.0019847799259563965,0.006303990127519539,0.003979843685726039,0.001655697243932538,0.00015425750719868367,0.004051830522418758,0.0014500205676676264,0.0010180995475113123,0.0,0.012309749074454956,0.0,0.0,0.0,0.0,0.0,0.0,0.0,0.0,0.0,0.0,0.0,0.0,0.0,0.0,0.0,0.0,0.0,0.0,0.0,0.0,0.0,0.0,0.0,0.0,0.0,0.0,0.0,0.0,0.0,0.0,0.0,0.0,0.0,0.0,0.0,0.0,nan,nan,4.325618262523779,2.8569015571796257,nan,0.8964743904968828,0.021831629824777196,0.0,0.0,0.0,0.0,0.0,0.0,0.0,0.0,0.0,0.0,0.0,0.0,0.0,0.0,0.0,0.0,0.0,0.0,0.0,0.0,0.0,0.0,0.0,0.0,0.03649635036496351,2.4574209245742096,14.574209245742095,11.484184914841853,1.4355231143552316,0.012165450121654504,0.8974846914435468,0.022183785637527327,0.0,0.0,0.0,0.0,0.0,0.0,0.0,0.0,0.0,0.0,0.0,0.0,0.0,0.0,0.0,0.0,0.0,0.0,0.0,0.0,0.0,0.0,0.0,0.0,0.08764607679465779,2.3414023372287147,13.873121869782974,12.095158597662774,1.57762938230384,0.025041736227045083,0.4072,0.011665,0.0,0.0,0.0,0.0,0.0,0.0,0.0,0.0,0.0,0.0,0.03649635036496351,7.834549878345487,21.836982968369835,0.29197080291970806,0.0,0.0,0.0,0.0,0.0,0.0,0.0,0.0,0.0,0.0,0.0,0.0,0.0,0.0,0.0,0.0,0.4067,0.01175,0.0,0.0,0.0,0.0,0.0,0.0,0.0,0.0,0.0,0.0,0.012520868113522541,8.313856427378953,21.448247078464114,0.22537562604340572,0.0,0.0,0.0,0.0,0.0,0.0,0.0,0.0,0.0,0.0,0.0,0.0,0.0,0.0,0.0,0.0
93300,4858,2424,0.49897076986414163,1197,1006,0.4534787978592013,1432,0.5895430218196789,0.38600000000000007,2.9580936729663105,2.967761977717486,6.275675675675676,2.019419960259582,8358.656978180321,506.6989264893735,7853.0,8866.4,8866.4,0.0,7853.0,0.0,28.97776862906546,21.127539148216854,33.87600291757841,19.24145502332219,0.1366817620419926,0.08460271716755867,0.09263071222725401,0.08213256484149856,0.08027995059695348,0.07657472210786331,0.07307533964594483,0.06298888431453273,0.062165500205846026,0.05660765747221078,0.04590366405928366,0.043433511733223545,0.03087690407575134,0.03046521202140799,0.02243721696171264,0.011527377521613832,0.007616303005351997,0.8966017600659629,0.022011500664668896,0.0,0.0,0.0,0.0,0.0,0.0,0.0,0.0,0.0,0.0,0.0,0.0,0.0,0.0,0.0,0.0,0.0,0.0,0.0,0.0,0.0,0.0,0.0,0.0,0.06792918896665295,2.5010292301358588,14.23425277892137,11.825854261012765,1.3647591601482094,0.006175380815150269,4.191122071516646,2.739485240357983,nan,nan,nan,4.223160434258142,2.7375588342763595,4.157629255989912,2.7410973270056656,0.9844829058028097,0.4072,0.01187,0.0,0.0,0.0,0.0,0.0,0.0,0.0,0.0,0.0,0.0,0.012350761630300537,8.312062577192249,21.292713050638127,0.3828736105393167,0.0,0.0,0.0,0.0,0.0,0.0,0.0,0.0,0.0,0.0,0.0,0.0,0.0,0.0,0.0,0.0,nan,nan,4.191122071516646,2.739485240357983,nan,0.4072,0.0687,0.0,0.0,0.0,0.0,0.0,0.0,0.0,0.0,0.0,0.0,0.0,0.0,0.0,0.0,0.0,0.0,0.0,0.0,0.00025730753396459446,0.0,0.0,0.0004322766570605187,0.0029641827912721287,0.00028818443804034583,0.001214491560312886,0.00215109098394401,0.0009468917249897078,0.003170028818443804,0.00036023054755043225,0.010961300946891725,0.014059283655825443,0.032091395636064224,0.0342013174145739,0.051595306710580484,0.06012762453684644,0.029610951008645532,0.06419308357348703,0.05226430629888843,0.042033758748456156,0.05760601070399341,0.06231988472622478,0.035796624125154386,0.03528200905722519,0.10798682585426102,0.03816385343762865,0.042939481268011524,0.02742898312062577,0.055434335117332235,0.04282626595306711,0.0070296418279127216,0.015037052284890901,0.008120625771922602,0.012371346233017702,0.0032317826265953068,0.010909839440098806,0.00299505969534788,0.006638534376286537,0.0037772745986002472,0.001585014409221902,0.00016467682173734047,0.003952243721696171,0.0013585837793330588,0.0011527377521613833,0.0,0.012947715109098394,2.0584602717167558e-05,0.0,0.0,0.0,0.0,0.0,0.0,0.0,0.0,0.0,0.0,0.0,0.0,0.0,0.0,0.0,0.0,0.0,0.0,0.0,0.0,0.0,0.0,0.0,0.0,0.0,0.0,0.0,0.0,0.0,0.0,0.0,0.0,0.0,0.0,0.0,nan,nan,4.191122071516646,2.739485240357983,nan,0.8964915962109078,0.02221674281563339,0.0,0.0,0.0,0.0,0.0,0.0,0.0,0.0,0.0,0.0,0.0,0.0,0.0,0.0,0.0,0.0,0.0,0.0,0.0,0.0,0.0,0.0,0.0,0.0,0.061881188118811895,2.611386138613862,14.20792079207921,11.769801980198023,1.336633663366337,0.012376237623762379,0.8967114713168477,0.02180462871705547,0.0,0.0,0.0,0.0,0.0,0.0,0.0,0.0,0.0,0.0,0.0,0.0,0.0,0.0,0.0,0.0,0.0,0.0,0.0,0.0,0.0,0.0,0.0,0.0,0.07395234182415777,2.3911257189811015,14.260476581758425,11.88167625308135,1.3927691043549717,0.0,0.4075,0.01185,0.0,0.0,0.0,0.0,0.0,0.0,0.0,0.0,0.0,0.0,0.012376237623762379,7.982673267326721,21.58415841584159,0.4207920792079209,0.0,0.0,0.0,0.0,0.0,0.0,0.0,0.0,0.0,0.0,0.0,0.0,0.0,0.0,0.0,0.0,0.4067,0.01189,0.0,0.0,0.0,0.0,0.0,0.0,0.0,0.0,0.0,0.0,0.012325390304026297,8.64009860312242,21.002465078060812,0.34511092851273634,0.0,0.0,0.0,0.0,0.0,0.0,0.0,0.0,0.0,0.0,0.0,0.0,0.0,0.0,0.0,0.0
93400,4573,2354,0.514760551060573,1090,923,0.44019243385086376,1312,0.5738027553028646,0.4060000000000001,2.931500675980171,2.9593603153007444,6.211480362537764,2.080840794668435,8374.658342444784,506.4791584964819,7853.0,8866.4,8866.4,0.0,7853.0,0.0,28.367811064946423,20.92924018305511,33.243845555843485,19.137258345749377,0.137546468401487,0.09359282746555872,0.09796632407609884,0.07850426415919527,0.08090968729499234,0.0756614913623442,0.0721626940739121,0.061884977039142794,0.06079160288650776,0.05007653619068445,0.05138858517384649,0.040892193308550186,0.03717472118959108,0.02580363000218675,0.01858736059479554,0.010715066695823311,0.006341570085283184,0.8963129222327866,0.022528718207910147,0.0,0.0,0.0,0.0,0.0,0.0,0.0,0.0,0.0,0.0,0.0,0.0,0.0,0.0,0.0,0.0,0.0,0.0,0.0,0.0,0.0,0.0,0.0,0.0,0.07216269407391211,2.761863109556091,14.01268314017057,11.644434725563091,1.508856330636344,0.0,4.2726965912926085,2.750611943955141,nan,nan,nan,4.331529093369418,2.7121176912036424,4.214141414141414,2.7871643060449323,0.9728992518120917,0.4075,0.012024,0.0,0.0,0.0,0.0,0.0,0.0,0.0,0.0,0.0,0.0,0.013120489831620383,7.7870107150666845,21.83905532473213,0.3608134703695606,0.0,0.0,0.0,0.0,0.0,0.0,0.0,0.0,0.0,0.0,0.0,0.0,0.0,0.0,0.0,0.0,nan,nan,4.2726965912926085,2.750611943955141,nan,0.4075,0.0691,0.0,0.0,0.0,0.0,0.0,0.0,0.0,0.0,0.0,0.0,0.0,0.0,0.0,0.0,0.0,0.0,0.0,0.0,7.653619068445222e-05,0.0,0.0,0.0006997594576864203,0.004264159195276624,0.0003717472118959108,0.0016400612289525476,0.0018150010933741527,0.00068882571616007,0.0028537065383774326,0.0004045484364749617,0.0103651869669801,0.012114585611196152,0.03368685764268533,0.03188279029083752,0.05064509075005467,0.062486332823092065,0.029597638311830307,0.06394052044609666,0.050513885851738466,0.04225891099934397,0.05790509512355128,0.05900940301771266,0.03614694948611415,0.03699978132516947,0.10879072818718566,0.038158757926962605,0.04363656243166412,0.02825278810408922,0.05431882790290837,0.04330855018587361,0.008692324513448502,0.015110430789416138,0.007260004373496611,0.011436693636562432,0.0024272906188497704,0.012869013776514324,0.003914279466433413,0.0063306363437568335,0.004078285589328668,0.001760332385742401,8.746993221080254e-05,0.003848677017275312,0.0009075005466870764,0.0013885851738464903,2.1867483052700635e-05,0.012814345068882571,0.0001858736059479554,1.0933741526350318e-05,0.0,2.1867483052700635e-05,0.0,0.0,0.0,0.0,0.0,0.0,0.0,0.0,0.0,0.0,0.0,0.0,0.0,0.0,0.0,0.0,0.0,0.0,0.0,0.0,0.0,0.0,0.0,0.0,0.0,0.0,0.0,0.0,0.0,0.0,0.0,0.0,nan,nan,4.2726965912926085,2.750611943955141,nan,0.8963941150078251,0.022255200464839312,0.0,0.0,0.0,0.0,0.0,0.0,0.0,0.0,0.0,0.0,0.0,0.0,0.0,0.0,0.0,0.0,0.0,0.0,0.0,0.0,0.0,0.0,0.0,0.0,0.03823279524214104,2.7655055225148693,13.903993203058628,11.864910790144439,1.4273576890399324,0.0,0.8962267898342103,0.022814976387911693,0.0,0.0,0.0,0.0,0.0,0.0,0.0,0.0,0.0,0.0,0.0,0.0,0.0,0.0,0.0,0.0,0.0,0.0,0.0,0.0,0.0,0.0,0.0,0.0,0.10815682739972964,2.7579990986931056,14.127985579089684,11.410545290671477,1.595313204146012,0.0,0.4077,0.011894,0.0,0.0,0.0,0.0,0.0,0.0,0.0,0.0,0.0,0.0,0.0,7.582837723024628,22.098555649957525,0.31860662701784204,0.0,0.0,0.0,0.0,0.0,0.0,0.0,0.0,0.0,0.0,0.0,0.0,0.0,0.0,0.0,0.0,0.4072,0.01216,0.0,0.0,0.0,0.0,0.0,0.0,0.0,0.0,0.0,0.0,0.02703920684993241,8.00360522757998,21.563767462821094,0.40558810274898616,0.0,0.0,0.0,0.0,0.0,0.0,0.0,0.0,0.0,0.0,0.0,0.0,0.0,0.0,0.0,0.0
93500,4505,2320,0.5149833518312985,1075,949,0.4492785793562708,1296,0.5753607103218646,0.4020000000000001,2.9125858123569794,3.072004234759442,6.558974358974359,2.1619140714501097,8374.884128745838,506.4724397578111,7853.0,8866.4,8866.4,0.0,7853.0,0.0,27.909655937846836,20.848176033978955,33.15140186915888,18.956581372718652,0.14783573806881242,0.09655937846836848,0.08657047724750278,0.08657047724750278,0.07746947835738069,0.07746947835738069,0.06881243063263041,0.06392896781354052,0.062375138734739176,0.051720310765815763,0.04839067702552719,0.04062153163152053,0.03196448390677026,0.02574916759156493,0.016648168701442843,0.01021087680355161,0.007103218645948946,0.896318535455456,0.022265925566154404,0.0,0.0,0.0,0.0,0.0,0.0,0.0,0.0,0.0,0.0,0.0,0.0,0.0,0.0,0.0,0.0,0.0,0.0,0.0,0.0,0.0,0.0,0.0,0.0,0.0865704772475028,2.6304106548279695,14.26415094339623,11.540510543840181,1.4384017758046619,0.03995560488346282,4.2345467032967035,2.8491615188430726,nan,nan,nan,4.184065934065934,2.870447940699863,4.285027472527473,2.8268135284309053,1.0241300065659882,0.4082,0.01163,0.0,0.0,0.0,0.0,0.0,0.0,0.0,0.0,0.0,0.0,0.0,7.1387347391786795,22.421753607103224,0.4395116537180911,0.0,0.0,0.0,0.0,0.0,0.0,0.0,0.0,0.0,0.0,0.0,0.0,0.0,0.0,0.0,0.0,nan,nan,4.2345467032967035,2.8491615188430726,nan,0.4082,0.06854,0.0,0.0,0.0,0.0,0.0,0.0,0.0,0.0,0.0,0.0,0.0,0.0,0.0,0.0,0.0,0.0,0.0,0.0,9.988901220865705e-05,0.0,0.0,0.0004772475027746948,0.003462819089900111,0.0004328523862375139,0.001753607103218646,0.002053274139844617,0.0007658157602663707,0.0022197558268590455,0.0003551609322974473,0.009733629300776914,0.012796892341842397,0.034206437291897894,0.030566037735849056,0.048779134295227525,0.06153163152053274,0.02734739178690344,0.0655826859045505,0.049378468368479464,0.043329633740288566,0.057891231964483904,0.05715871254162042,0.04146503884572697,0.038135405105438405,0.10940066592674806,0.03762486126526082,0.0455715871254162,0.02602663706992231,0.054961154273029965,0.043152053274139845,0.008801331853496115,0.015493895671476137,0.007169811320754717,0.010077691453940066,0.002630410654827969,0.014361820199778025,0.0038734739178690344,0.006193118756936737,0.004306326304106548,0.0017314095449500555,6.659267480577136e-05,0.004261931187569367,0.0011098779134295228,0.0015760266370699223,4.439511653718091e-05,0.01197558268590455,2.2197558268590455e-05,0.0,0.0,4.439511653718091e-05,0.0,0.0,0.0,0.0,0.0,0.0,0.0,0.0,0.0,0.0,0.0,0.0,0.0,0.0,0.0,0.0,0.0,0.0,0.0,0.0,0.0,0.0,0.0,0.0,0.0,0.0,0.0,0.0,0.0,0.0,0.0,0.0,nan,nan,4.2345467032967035,2.8491615188430726,nan,0.89646244742747,0.021940723211205337,0.0,0.0,0.0,0.0,0.0,0.0,0.0,0.0,0.0,0.0,0.0,0.0,0.0,0.0,0.0,0.0,0.0,0.0,0.0,0.0,0.0,0.0,0.0,0.0,0.07758620689655174,2.5086206896551726,14.107758620689658,11.93534482758621,1.344827586206897,0.025862068965517248,0.8961657318970704,0.022605097537104584,0.0,0.0,0.0,0.0,0.0,0.0,0.0,0.0,0.0,0.0,0.0,0.0,0.0,0.0,0.0,0.0,0.0,0.0,0.0,0.0,0.0,0.0,0.0,0.0,0.09610983981693366,2.759725400457666,14.430205949656754,11.121281464530894,1.5377574370709386,0.05491990846681923,0.408,0.011696,0.0,0.0,0.0,0.0,0.0,0.0,0.0,0.0,0.0,0.0,0.0,7.357758620689644,22.137931034482765,0.5043103448275863,0.0,0.0,0.0,0.0,0.0,0.0,0.0,0.0,0.0,0.0,0.0,0.0,0.0,0.0,0.0,0.0,0.4082,0.01154,0.0,0.0,0.0,0.0,0.0,0.0,0.0,0.0,0.0,0.0,0.0,6.906178489702508,22.72311212814646,0.37070938215102983,0.0,0.0,0.0,0.0,0.0,0.0,0.0,0.0,0.0,0.0,0.0,0.0,0.0,0.0,0.0,0.0
93600,4487,2360,0.5259638956986851,1084,892,0.44038332961889903,1258,0.5607310006685982,0.4140000000000001,3.0333803479078516,3.069070877084035,6.38006230529595,2.1657432003414474,8386.011811901048,506.01638170565553,7853.0,8866.4,8866.399999999998,1.8189894035458565e-12,7853.0,0.0,28.461109872966347,21.090764847713864,33.45613570103366,19.276511172236766,0.1372854914196568,0.09783819924225541,0.0931580120347671,0.08223757521729441,0.08491196790728772,0.06908847782482729,0.06373969244484065,0.06440829061733898,0.059282371294851796,0.05705371071985737,0.04724760418988188,0.04256741698239358,0.03632716737240918,0.028526855359928684,0.019166480944952085,0.011589034989971027,0.005571651437486071,0.8959870921335376,0.022221980057145707,0.0,0.0,0.0,0.0,0.0,0.0,0.0,0.0,0.0,0.0,0.0,0.0,0.0,0.0,0.0,0.0,0.0,0.0,0.0,0.0,0.0,0.0,0.0,0.0,0.05348785379986629,2.7278805437931806,14.542010251838649,11.20570537107199,1.4508580343213733,0.020057945174949857,4.186197471814144,2.8286398513956765,nan,nan,nan,4.1424676209952285,2.8777907846848727,4.232350925291295,2.7773480376476014,1.021698010104053,0.4084,0.01129,0.0,0.0,0.0,0.0,0.0,0.0,0.0,0.0,0.0,0.0,0.0,7.060396701582339,22.692221974593277,0.2473813238243816,0.0,0.0,0.0,0.0,0.0,0.0,0.0,0.0,0.0,0.0,0.0,0.0,0.0,0.0,0.0,0.0,nan,nan,4.186197471814144,2.8286398513956765,nan,0.4084,0.0691,0.0,0.0,0.0,0.0,0.0,0.0,0.0,0.0,0.0,0.0,0.0,0.0,0.0,0.0,0.0,0.0,0.0,0.0,0.0,0.0,0.0,0.000390015600624025,0.004513037664363718,0.0002897258747492757,0.001805215065745487,0.0017383552484956542,0.0007688878983730778,0.0019277913973701805,0.0006240249609984399,0.008892355694227768,0.012291063071094272,0.03394250055716514,0.030053487853799868,0.05125919322487185,0.06447515043458882,0.028114553153554715,0.061199019389347,0.050501448629373745,0.04100735457989748,0.05635168263873412,0.05863605972810341,0.03994874080677513,0.03877869400490305,0.11057499442834856,0.035457989748161355,0.046556719411633606,0.024381546690439047,0.0564408290617339,0.04442834856251393,0.009126365054602185,0.014352574102964118,0.007087140628482282,0.009872966347225318,0.002763539112993091,0.015366614664586583,0.004323601515489191,0.005839090706485402,0.0048696233563628255,0.0017049253398707376,6.685981724983285e-05,0.004033875640739915,0.0010809003788722978,0.0013037664363717406,0.00010028972587474928,0.012614218854468465,1.1143302874972142e-05,1.1143302874972142e-05,0.0,0.00012257633162469355,0.0,0.0,0.0,0.0,0.0,0.0,0.0,0.0,0.0,0.0,0.0,0.0,0.0,0.0,0.0,0.0,0.0,0.0,0.0,0.0,0.0,0.0,0.0,0.0,0.0,0.0,0.0,0.0,0.0,0.0,0.0,0.0,nan,nan,4.186197471814144,2.8286398513956765,nan,0.8959685998700433,0.022395853010044566,0.0,0.0,0.0,0.0,0.0,0.0,0.0,0.0,0.0,0.0,0.0,0.0,0.0,0.0,0.0,0.0,0.0,0.0,0.0,0.0,0.0,0.0,0.0,0.0,0.07627118644067798,2.8220338983050857,14.453389830508478,11.148305084745767,1.474576271186441,0.025423728813559327,0.896007610112779,0.022027436050805524,0.0,0.0,0.0,0.0,0.0,0.0,0.0,0.0,0.0,0.0,0.0,0.0,0.0,0.0,0.0,0.0,0.0,0.0,0.0,0.0,0.0,0.0,0.0,0.0,0.028208744710860375,2.6234132581100145,14.640338504936533,11.269393511988719,1.4245416078984487,0.014104372355430187,0.4084,0.01143,0.0,0.0,0.0,0.0,0.0,0.0,0.0,0.0,0.0,0.0,0.0,6.851694915254227,22.868644067796616,0.2796610169491526,0.0,0.0,0.0,0.0,0.0,0.0,0.0,0.0,0.0,0.0,0.0,0.0,0.0,0.0,0.0,0.0,0.4082,0.01115,0.0,0.0,0.0,0.0,0.0,0.0,0.0,0.0,0.0,0.0,0.0,7.291960507757395,22.496473906911145,0.2115655853314528,0.0,0.0,0.0,0.0,0.0,0.0,0.0,0.0,0.0,0.0,0.0,0.0,0.0,0.0,0.0,0.0
93700,4541,2354,0.5183880202598546,1106,922,0.4465976657123982,1257,0.5536225500990971,0.4220000000000001,2.998628257887517,3.190277001386481,6.8369028006589785,2.1671705744183534,8378.334419731336,506.3572339774324,7853.0,8866.4,8866.4,0.0,7853.0,0.0,27.55956837700947,20.83226040298825,32.568379446640314,19.12934274259818,0.14159876679145564,0.10195992072230786,0.09689495705791676,0.08610438229464876,0.08147985025324818,0.07597445496586655,0.07090949130147545,0.0609997797841885,0.056815679365778464,0.052411363135873155,0.04558467297951993,0.038757982823166705,0.029949350363356088,0.022021581149526535,0.019378991411583352,0.010790574763268003,0.008368200836820083,0.8938734551091416,0.022452380996464467,0.0,0.0,0.0,0.0,0.0,0.0,0.0,0.0,0.0,0.0,0.0,0.0,0.0,0.0,0.0,0.0,0.0,0.0,0.0,0.0,0.0,0.0,0.0,0.0,0.11231006386258535,3.369301915877561,14.778683109447261,10.735520810394188,0.9843646773838364,0.019819423034573885,4.346804835924007,2.961806848563506,nan,nan,nan,4.405349794238683,2.947347540604309,4.282729805013927,2.9709845327981075,0.9721656633520639,0.409,0.011345,0.0,0.0,0.0,0.0,0.0,0.0,0.0,0.0,0.0,0.0,0.0,6.48095133230565,23.135873155692586,0.3831755120017618,0.0,0.0,0.0,0.0,0.0,0.0,0.0,0.0,0.0,0.0,0.0,0.0,0.0,0.0,0.0,0.0,nan,nan,4.346804835924007,2.961806848563506,nan,0.409,0.0685,0.0,0.0,0.0,0.0,0.0,0.0,0.0,0.0,0.0,0.0,0.0,0.0,0.0,0.0,0.0,0.0,0.0,0.0,0.0,0.0,0.0,0.0002752697643690817,0.0045034133450781765,0.000286280554943845,0.0010019819423034574,0.0016516185862144902,0.0004624532041400573,0.0022351904866769433,0.0005615503193129266,0.007828672098656684,0.011803567496146224,0.030874256771636202,0.03076414886588857,0.05397489539748954,0.06264038757982823,0.02744990090288483,0.060834617925567054,0.051200176172649194,0.04006826690156353,0.05826910372164722,0.05892975115613301,0.0401673640167364,0.04143360493283418,0.11073552081039419,0.038251486456727594,0.04450561550319313,0.024421933494824927,0.05534023342876018,0.04621228804228143,0.009116934595903986,0.013532261616384057,0.00677163620347941,0.009788592820964545,0.0026866329002422375,0.015172869412023783,0.0053182118476106585,0.005505395287381634,0.0046465536225500995,0.0013763488218454085,4.4043162299053074e-05,0.004272186743008148,0.0012221977537987228,0.00114512221977538,2.2021581149526537e-05,0.012464214930632019,3.30323717242898e-05,0.00011010790574763268,0.0,8.808632459810615e-05,0.0,0.0,0.0,0.0,0.0,0.0,0.0,0.0,0.0,0.0,0.0,0.0,0.0,0.0,0.0,0.0,0.0,0.0,0.0,0.0,0.0,0.0,0.0,0.0,0.0,0.0,0.0,0.0,0.0,0.0,0.0,0.0,nan,nan,4.346804835924007,2.961806848563506,nan,0.8943698900983611,0.022441760141488035,0.0,0.0,0.0,0.0,0.0,0.0,0.0,0.0,0.0,0.0,0.0,0.0,0.0,0.0,0.0,0.0,0.0,0.0,0.0,0.0,0.0,0.0,0.0,0.0,0.08920985556499578,3.3389974511469847,14.78334749362787,10.743415463041634,1.0067969413763809,0.03823279524214104,0.8933391121897896,0.02245154443180995,0.0,0.0,0.0,0.0,0.0,0.0,0.0,0.0,0.0,0.0,0.0,0.0,0.0,0.0,0.0,0.0,0.0,0.0,0.0,0.0,0.0,0.0,0.0,0.0,0.13717421124828535,3.4019204389574766,14.773662551440333,10.727023319615913,0.9602194787379975,0.0,0.409,0.0111,0.0,0.0,0.0,0.0,0.0,0.0,0.0,0.0,0.0,0.0,0.0,6.2701784197111206,23.32200509770604,0.4078164825828378,0.0,0.0,0.0,0.0,0.0,0.0,0.0,0.0,0.0,0.0,0.0,0.0,0.0,0.0,0.0,0.0,0.4087,0.01159,0.0,0.0,0.0,0.0,0.0,0.0,0.0,0.0,0.0,0.0,0.0,6.707818930041142,22.93552812071331,0.3566529492455419,0.0,0.0,0.0,0.0,0.0,0.0,0.0,0.0,0.0,0.0,0.0,0.0,0.0,0.0,0.0,0.0
93800,4568,2398,0.5249562171628721,1152,925,0.4546847635726795,1281,0.5608581436077058,0.4100000000000001,2.9004608294930874,3.0484943431120892,6.446570972886763,2.1789774636805226,8384.990630472856,506.06844794976627,7853.0,8866.4,8866.399999999998,1.8189894035458565e-12,7853.0,0.0,28.596978984238177,21.075156554534946,33.36431706687323,19.336575771478653,0.13200525394045534,0.09676007005253941,0.09260070052539404,0.08603327495621717,0.08581436077057793,0.07158493870402802,0.06830122591943957,0.0669877408056042,0.05560420315236427,0.05363397548161121,0.048380035026269703,0.04006129597197899,0.03546409807355517,0.024956217162872153,0.023423817863397547,0.011821366024518389,0.006567425569176883,0.8934003358181638,0.022375091591531858,0.0,0.0,0.0,0.0,0.0,0.0,0.0,0.0,0.0,0.0,0.0,0.0,0.0,0.0,0.0,0.0,0.0,0.0,0.0,0.0,0.0,0.0,0.0,0.0,0.1576182136602452,3.362521891418565,14.94089316987741,10.442206654991246,1.077057793345009,0.01970227670753065,4.046604527296937,2.857668646863346,nan,nan,nan,4.004676018704075,2.8635137390591083,4.088254810882548,2.8512400950691044,1.0208703005656672,0.4084,0.011345,0.0,0.0,0.0,0.0,0.0,0.0,0.0,0.0,0.0,0.0,0.0,7.033712784588431,22.585376532399305,0.3809106830122593,0.0,0.0,0.0,0.0,0.0,0.0,0.0,0.0,0.0,0.0,0.0,0.0,0.0,0.0,0.0,0.0,nan,nan,4.046604527296937,2.857668646863346,nan,0.4084,0.068,0.0,0.0,0.0,0.0,0.0,0.0,0.0,0.0,0.0,0.0,0.0,0.0,0.0,0.0,0.0,0.0,0.0,0.0,0.0,0.0,1.0945709281961472e-05,2.1891418563922943e-05,0.0044111208406304725,4.3782837127845886e-05,0.0012915936952714536,0.0015652364273204904,0.0002736427320490368,0.0020030647985989493,0.0007005253940455342,0.0075853765323993,0.012292031523642732,0.0313922942206655,0.029115586690017514,0.05446584938704028,0.0647438704028021,0.026532399299474606,0.06279553415061297,0.052145359019264446,0.04049912434325744,0.05847197898423818,0.06002626970227671,0.04069614711033275,0.04058669001751313,0.11156961471103327,0.036241243432574434,0.041341943957968474,0.024157180385288968,0.05622810858143608,0.04486646234676007,0.010080998248686515,0.013047285464098073,0.006611208406304729,0.011109894921190893,0.002440893169877408,0.015050350262697023,0.00550569176882662,0.005440017513134852,0.005013134851138354,0.0017294220665499125,0.00019702276707530647,0.004203152364273205,0.001346322241681261,0.0011274080560420316,0.0,0.010912872154115587,4.3782837127845886e-05,3.2837127845884416e-05,0.0,3.2837127845884416e-05,0.0,0.0,0.0,0.0,0.0,0.0,0.0,0.0,0.0,0.0,0.0,0.0,0.0,0.0,0.0,0.0,0.0,0.0,0.0,0.0,0.0,0.0,0.0,0.0,0.0,0.0,0.0,0.0,0.0,0.0,0.0,0.0,nan,nan,4.046604527296937,2.857668646863346,nan,0.8930154865090304,0.022238004433568444,0.0,0.0,0.0,0.0,0.0,0.0,0.0,0.0,0.0,0.0,0.0,0.0,0.0,0.0,0.0,0.0,0.0,0.0,0.0,0.0,0.0,0.0,0.0,0.0,0.12510425354462054,3.490408673894913,14.974979149291078,10.371142618849044,1.0133444537114265,0.025020850708924108,0.8938256209072429,0.022517963021009047,0.0,0.0,0.0,0.0,0.0,0.0,0.0,0.0,0.0,0.0,0.0,0.0,0.0,0.0,0.0,0.0,0.0,0.0,0.0,0.0,0.0,0.0,0.0,0.0,0.19354838709677424,3.2211981566820285,14.903225806451616,10.520737327188941,1.1474654377880187,0.01382488479262673,0.408,0.01125,0.0,0.0,0.0,0.0,0.0,0.0,0.0,0.0,0.0,0.0,0.0,7.143452877397821,22.50625521267724,0.35029190992493753,0.0,0.0,0.0,0.0,0.0,0.0,0.0,0.0,0.0,0.0,0.0,0.0,0.0,0.0,0.0,0.0,0.409,0.01143,0.0,0.0,0.0,0.0,0.0,0.0,0.0,0.0,0.0,0.0,0.0,6.912442396313354,22.67281105990784,0.41474654377880193,0.0,0.0,0.0,0.0,0.0,0.0,0.0,0.0,0.0,0.0,0.0,0.0,0.0,0.0,0.0,0.0
93900,4603,2359,0.512491853139257,1141,941,0.4523137084510102,1312,0.5700630023897458,0.3980000000000001,2.984402852049911,3.0499739997592688,6.460122699386503,2.0708179788453833,8372.359243971321,506.5418378989779,7853.0,8866.4,8866.4,0.0,7853.0,0.0,28.34933738865957,20.930267438381055,33.309935483870966,19.084090773233054,0.13925700630023896,0.09602433195741908,0.09102759070171627,0.08668259830545297,0.07864436237236584,0.06995437757983923,0.07082337605909189,0.0638713882250706,0.06365413860525744,0.051922659135346515,0.051488159895720184,0.04019117966543558,0.036932435368238106,0.023897458179448185,0.018466217684119053,0.012383228329350423,0.004779491635889637,0.8940944126862794,0.022780243653157842,0.0,0.0,0.0,0.0,0.0,0.0,0.0,0.0,0.0,0.0,0.0,0.0,0.0,0.0,0.0,0.0,0.0,0.0,0.0,0.0,0.0,0.0,0.0,0.0,0.1173147946991093,3.1544644796871615,14.872908972409302,10.590918965891811,1.2383228329350426,0.026069954377579845,4.233300099700897,2.8060268026905475,nan,nan,nan,4.211021505376344,2.7966160483910127,4.251315789473685,2.8120976166449427,1.0095687671140827,0.4082,0.01147,0.0,0.0,0.0,0.0,0.0,0.0,0.0,0.0,0.0,0.0,0.006517488594394961,6.973712796002597,22.72648272865523,0.29328698674777326,0.0,0.0,0.0,0.0,0.0,0.0,0.0,0.0,0.0,0.0,0.0,0.0,0.0,0.0,0.0,0.0,nan,nan,4.233300099700897,2.8060268026905475,nan,0.4082,0.068,0.0,0.0,0.0,0.0,0.0,0.0,0.0,0.0,0.0,0.0,0.0,0.0,0.0,0.0,0.0,0.0,0.0,0.0,4.3449923962633065e-05,1.0862480990658266e-05,0.0,3.25874429719748e-05,0.005181403432543993,3.25874429719748e-05,0.0013578101238322833,0.0013578101238322833,0.00015207473386921573,0.0020095589832717794,0.000695198783402129,0.006756463176189441,0.01277427764501412,0.031555507277862264,0.02926352378883337,0.054844666521833584,0.06407777536389311,0.03050184662176841,0.058613947425592006,0.04931566369758853,0.04270041277427764,0.06086248099065827,0.06060178144688247,0.04078861611992179,0.03877905713665001,0.1117640669128829,0.03575928742124701,0.04262437540734304,0.022615685422550512,0.05587660221594612,0.04527482076906365,0.009754507929611123,0.01285031501194873,0.007983923528133825,0.011438192483163155,0.0021724961981316533,0.01497936128611775,0.005257440799478601,0.005844014772974147,0.004290679991310015,0.0014338474907668911,0.00020638713882250705,0.004236367586356724,0.0011948729089724093,0.0008364110362806865,5.431240495329133e-05,0.010873343471648925,0.000325874429719748,4.3449923962633065e-05,0.0,0.0,0.0,0.0,0.0,0.0,0.0,0.0,0.0,0.0,0.0,0.0,0.0,0.0,0.0,0.0,0.0,0.0,0.0,0.0,0.0,0.0,0.0,0.0,0.0,0.0,0.0,0.0,0.0,0.0,0.0,0.0,0.0,0.0,nan,nan,4.233300099700897,2.8060268026905475,nan,0.8943173672850732,0.023287280853719408,0.0,0.0,0.0,0.0,0.0,0.0,0.0,0.0,0.0,0.0,0.0,0.0,0.0,0.0,0.0,0.0,0.0,0.0,0.0,0.0,0.0,0.0,0.0,0.0,0.19075879610004243,3.204747774480713,14.31962696057652,10.898685883849092,1.3734633319203056,0.012717253073336163,0.8938600321610769,0.022232348480632616,0.0,0.0,0.0,0.0,0.0,0.0,0.0,0.0,0.0,0.0,0.0,0.0,0.0,0.0,0.0,0.0,0.0,0.0,0.0,0.0,0.0,0.0,0.0,0.0,0.04010695187165776,3.101604278074867,15.454545454545459,10.267379679144387,1.0962566844919788,0.04010695187165776,0.4084,0.01153,0.0,0.0,0.0,0.0,0.0,0.0,0.0,0.0,0.0,0.0,0.012717253073336163,6.791013141161499,22.827469266638413,0.3688003391267487,0.0,0.0,0.0,0.0,0.0,0.0,0.0,0.0,0.0,0.0,0.0,0.0,0.0,0.0,0.0,0.0,0.408,0.011406,0.0,0.0,0.0,0.0,0.0,0.0,0.0,0.0,0.0,0.0,0.0,7.165775401069508,22.62032085561498,0.21390374331550807,0.0,0.0,0.0,0.0,0.0,0.0,0.0,0.0,0.0,0.0,0.0,0.0,0.0,0.0,0.0,0.0
94000,4454,2352,0.5280646609788954,1157,870,0.4550965424337674,1231,0.5527615626403233,0.4140000000000001,3.0252140818268316,3.124567612610897,6.525974025974026,2.2330110472157743,8388.140727436012,505.9011909680686,7853.0,8866.4,8866.4,0.0,7853.0,0.0,28.552986079928154,20.682359390570994,33.36382922301777,18.807577211567818,0.1329142343960485,0.09699146834306241,0.09003143242029636,0.08037718904355635,0.07678491243825775,0.081275258194881,0.07386618769645263,0.06061966771441401,0.061517736865738665,0.061293219577907496,0.04782218230803772,0.0406376290974405,0.03794342164346655,0.02784014369106421,0.0163897620116749,0.00898069151324652,0.004714863044454423,0.8940022422371288,0.022239936956999964,0.0,0.0,0.0,0.0,0.0,0.0,0.0,0.0,0.0,0.0,0.0,0.0,0.0,0.0,0.0,0.0,0.0,0.0,0.0,0.0,0.0,0.0,0.0,0.0,0.08082622361921869,3.2465199820386177,14.824876515491695,10.615177368657388,1.2123933542882803,0.020206555904804673,4.16695001700102,2.9432480572845794,nan,nan,nan,4.2373907195696034,2.9559875151357033,4.094910591471802,2.928410183437429,0.9663755038118662,0.4087,0.01144,0.0,0.0,0.0,0.0,0.0,0.0,0.0,0.0,0.0,0.0,0.0,6.876964526268513,22.806466097889544,0.3165693758419399,0.0,0.0,0.0,0.0,0.0,0.0,0.0,0.0,0.0,0.0,0.0,0.0,0.0,0.0,0.0,0.0,nan,nan,4.16695001700102,2.9432480572845794,nan,0.4087,0.0679,0.0,0.0,0.0,0.0,0.0,0.0,0.0,0.0,0.0,0.0,0.0,0.0,0.0,0.0,0.0,0.0,0.0,0.0,1.122586439155815e-05,2.24517287831163e-05,0.0,6.73551863493489e-05,0.004759766502020655,0.0,0.0014144589133363269,0.0015603951504265829,0.0002469690166142793,0.0018185900314324204,0.0008419398293668612,0.00848675348001796,0.012022900763358779,0.030500673551863495,0.02785136955545577,0.05453524921418949,0.06496407723394701,0.032734620565783565,0.05550067355186349,0.04704759766502021,0.04041311180960934,0.06425684777727884,0.05813875168387966,0.041771441400987874,0.03778625954198473,0.11271890435563538,0.035765603951504264,0.042433767400089806,0.02432644813650651,0.05497305792546026,0.048215087561742254,0.011540188594521779,0.01170857656039515,0.008352043107319263,0.01122586439155815,0.0024247867085765602,0.015143691064211944,0.004591378536147283,0.005983385720700494,0.00522002694207454,0.0018185900314324204,0.00032555006735518634,0.004131118096093399,0.0011113605747642568,0.0008531656937584194,0.0,0.010035922766052986,0.00034800179613830265,0.0,0.0,0.0,0.0,0.0,0.0,0.0,0.0,0.0,0.0,0.0,0.0,0.0,0.0,0.0,0.0,0.0,0.0,0.0,0.0,0.0,0.0,0.0,0.0,0.0,0.0,0.0,0.0,0.0,0.0,0.0,0.0,0.0,0.0,0.0,nan,nan,4.16695001700102,2.9432480572845794,nan,0.8938075339003485,0.022288426074335864,0.0,0.0,0.0,0.0,0.0,0.0,0.0,0.0,0.0,0.0,0.0,0.0,0.0,0.0,0.0,0.0,0.0,0.0,0.0,0.0,0.0,0.0,0.0,0.0,0.08928571428571432,3.3928571428571437,14.553571428571432,10.73979591836735,1.2117346938775513,0.01275510204081633,0.8942201080830408,0.02218352931745238,0.0,0.0,0.0,0.0,0.0,0.0,0.0,0.0,0.0,0.0,0.0,0.0,0.0,0.0,0.0,0.0,0.0,0.0,0.0,0.0,0.0,0.0,0.0,0.0,0.07136060894386301,3.082778306374882,15.128449096098956,10.475737392959088,1.213130352045671,0.028544243577545203,0.409,0.011375,0.0,0.0,0.0,0.0,0.0,0.0,0.0,0.0,0.0,0.0,0.0,6.632653061224481,23.035714285714292,0.3316326530612246,0.0,0.0,0.0,0.0,0.0,0.0,0.0,0.0,0.0,0.0,0.0,0.0,0.0,0.0,0.0,0.0,0.4082,0.01149,0.0,0.0,0.0,0.0,0.0,0.0,0.0,0.0,0.0,0.0,0.0,7.150333016175061,22.549952426260706,0.2997145575642246,0.0,0.0,0.0,0.0,0.0,0.0,0.0,0.0,0.0,0.0,0.0,0.0,0.0,0.0,0.0,0.0
94100,4519,2291,0.5069705687098915,1063,970,0.44987829165744636,1309,0.5793317105554326,0.39000000000000007,2.933123877917415,3.0616815366806245,6.394695787831513,2.204499004103432,8366.763974330606,506.650757688821,7853.0,8866.4,8866.4,0.0,7853.0,0.0,28.166851073246292,20.952639427528784,33.25184989429175,19.097093819467958,0.14184554104890462,0.0982518256251383,0.08453197610090728,0.08807258242974109,0.08453197610090728,0.07236114184554104,0.07014826289001992,0.06373091391900863,0.061296747067935385,0.05023235229032972,0.04292985173710998,0.04138083646824519,0.03961053330382828,0.028546138526222616,0.01748174374861695,0.008187652135428191,0.006859924762115512,0.8937862137694041,0.022750111613116818,0.0,0.0,0.0,0.0,0.0,0.0,0.0,0.0,0.0,0.0,0.0,0.0,0.0,0.0,0.0,0.0,0.0,0.0,0.0,0.0,0.0,0.0,0.0,0.0,0.10621818986501441,3.3060411595485735,15.029873865899539,10.336357601239214,1.194954635981412,0.026554547466253603,4.244339303818858,2.850703397859568,nan,nan,nan,4.360054347826087,2.8919832966928873,4.129791526563551,2.8045440881330306,0.9471880846216184,0.409,0.01136,0.0,0.0,0.0,0.0,0.0,0.0,0.0,0.0,0.0,0.0,0.0,6.30670502323522,23.26842221730472,0.42487275946005765,0.0,0.0,0.0,0.0,0.0,0.0,0.0,0.0,0.0,0.0,0.0,0.0,0.0,0.0,0.0,0.0,nan,nan,4.244339303818858,2.850703397859568,nan,0.409,0.0679,0.0,0.0,0.0,0.0,0.0,0.0,0.0,0.0,0.0,0.0,0.0,0.0,0.0,0.0,0.0,0.0,0.0,0.0,5.532197388802833e-05,0.0,0.0,7.745076344323966e-05,0.0045585306483735336,3.3193184332816994e-05,0.001283469794202257,0.0015600796636423987,0.00012170834255366231,0.0013277273733126797,0.001316662978535074,0.009271962823633547,0.011329940252268201,0.02984067271520248,0.027262668732020358,0.055255587519362694,0.06561186103120159,0.03439920336357601,0.054171276831157335,0.046558973224164635,0.03910157114405842,0.06567824739986723,0.05710334144722284,0.040927196282363354,0.03855941579995574,0.10981411816773623,0.03658995352954193,0.03997565833148927,0.02710776720513388,0.05502323522903297,0.05129453418897986,0.00990263332595707,0.011783580438150034,0.008353618057092277,0.011794644832927638,0.00232352290329719,0.01681788006196061,0.004226598805045364,0.0051892011506970565,0.006395220181456074,0.002046913033857048,0.0004093826067714096,0.0037397654348307148,0.0014936932949767647,0.0006749280814339455,0.0,0.009360477981854392,0.00024341668510732462,3.3193184332816994e-05,0.0,0.0,0.0,0.0,0.0,0.0,0.0,0.0,0.0,0.0,0.0,0.0,0.0,0.0,0.0,0.0,0.0,0.0,0.0,0.0,0.0,0.0,0.0,0.0,0.0,0.0,0.0,0.0,0.0,0.0,0.0,0.0,0.0,0.0,nan,nan,4.244339303818858,2.850703397859568,nan,0.8934790709818986,0.022941634238610443,0.0,0.0,0.0,0.0,0.0,0.0,0.0,0.0,0.0,0.0,0.0,0.0,0.0,0.0,0.0,0.0,0.0,0.0,0.0,0.0,0.0,0.0,0.0,0.0,0.10475774770842429,3.299869052815365,15.111305106940204,10.213880401571368,1.2439982540375385,0.026189436927106072,0.8941020414741506,0.02254711459066681,0.0,0.0,0.0,0.0,0.0,0.0,0.0,0.0,0.0,0.0,0.0,0.0,0.0,0.0,0.0,0.0,0.0,0.0,0.0,0.0,0.0,0.0,0.0,0.0,0.10771992818671457,3.312387791741473,14.946140035906646,10.462298025134652,1.1445242369838422,0.02692998204667864,0.4087,0.011154,0.0,0.0,0.0,0.0,0.0,0.0,0.0,0.0,0.0,0.0,0.0,6.180707114797023,23.37407245744217,0.44522042776080323,0.0,0.0,0.0,0.0,0.0,0.0,0.0,0.0,0.0,0.0,0.0,0.0,0.0,0.0,0.0,0.0,0.4092,0.01157,0.0,0.0,0.0,0.0,0.0,0.0,0.0,0.0,0.0,0.0,0.0,6.436265709156185,23.159784560143635,0.40394973070017964,0.0,0.0,0.0,0.0,0.0,0.0,0.0,0.0,0.0,0.0,0.0,0.0,0.0,0.0,0.0,0.0
94200,4313,2195,0.5089265012752144,1038,874,0.44331092047298865,1222,0.566658938094134,0.4260000000000001,3.007082152974504,3.084189613971832,6.503184713375796,2.1291851370997716,8368.746116392302,506.61924339509324,7853.0,8866.4,8866.4,0.0,7853.0,0.0,28.043821006260142,20.965976201625715,33.10747922437673,19.164113349176752,0.1435195919313703,0.09691629955947137,0.09088801298400186,0.08462786923255275,0.08045444006492002,0.07813586830512405,0.07094829584975655,0.06422443774634826,0.05448643635520519,0.05286343612334802,0.041038720148388594,0.04289357755622537,0.036169719452817065,0.028286575469510782,0.017389288198469743,0.00950614421516346,0.007651286807326687,0.8941174059822973,0.02248307552062569,0.0,0.0,0.0,0.0,0.0,0.0,0.0,0.0,0.0,0.0,0.0,0.0,0.0,0.0,0.0,0.0,0.0,0.0,0.0,0.0,0.0,0.0,0.0,0.0,0.09738001391143059,3.0744261534894513,14.906097843728267,10.802225828889405,1.099003014143288,0.020867145838163695,4.225321888412017,2.8860108060751783,nan,nan,nan,4.2242725337118525,2.9038446260135404,4.226387887527037,2.8677801673398577,1.0005007616810475,0.409,0.01137,0.0,0.0,0.0,0.0,0.0,0.0,0.0,0.0,0.0,0.0,0.0,6.274055182007874,23.35033619290518,0.37560862508694653,0.0,0.0,0.0,0.0,0.0,0.0,0.0,0.0,0.0,0.0,0.0,0.0,0.0,0.0,0.0,0.0,nan,nan,4.225321888412017,2.8860108060751783,nan,0.409,0.06714,0.0,0.0,0.0,0.0,0.0,0.0,0.0,0.0,0.0,0.0,0.0,0.0,0.0,0.0,0.0,0.0,0.0,0.0,1.1592858798979828e-05,0.0,0.0,0.00011592858798979828,0.003709714815673545,0.0,0.001078135868305124,0.0017737073962439138,0.00022026431718061675,0.0009506144215163459,0.0018200788314398331,0.008972872710410387,0.011789937398562485,0.02910966844423835,0.026686760955251566,0.05680500811500116,0.06245073035010434,0.03400185485740784,0.05539067934152562,0.04427312775330396,0.040134477162068166,0.06836308833758405,0.056434036633433805,0.04129376304196615,0.04173429167632738,0.11076976582425226,0.03470901924414561,0.039624391374913054,0.02766056109436587,0.05364015766287967,0.05300255042893578,0.01007419429631347,0.012984001854857407,0.008451194064456295,0.010758172965453281,0.0023881289125898446,0.016821238117319733,0.004555993507999073,0.004602364943194992,0.0064456294922327845,0.0013099930442847206,0.0004637143519591931,0.002840250405750058,0.00135636447948064,0.0008462786923255274,2.3185717597959657e-05,0.009216322745188963,0.00031300718757245536,1.1592858798979828e-05,0.0,0.0,1.1592858798979828e-05,0.0,0.0,0.0,0.0,0.0,0.0,0.0,0.0,0.0,0.0,0.0,0.0,0.0,0.0,0.0,0.0,0.0,0.0,0.0,0.0,0.0,0.0,0.0,0.0,0.0,0.0,0.0,0.0,0.0,0.0,0.0,nan,nan,4.225321888412017,2.8860108060751783,nan,0.8938731070803075,0.022464063702108503,0.0,0.0,0.0,0.0,0.0,0.0,0.0,0.0,0.0,0.0,0.0,0.0,0.0,0.0,0.0,0.0,0.0,0.0,0.0,0.0,0.0,0.0,0.0,0.0,0.0956719817767654,3.2118451025056958,14.938496583143511,10.701594533029615,1.0250569476082008,0.027334851936218686,0.8943705863835566,0.022499962801712858,0.0,0.0,0.0,0.0,0.0,0.0,0.0,0.0,0.0,0.0,0.0,0.0,0.0,0.0,0.0,0.0,0.0,0.0,0.0,0.0,0.0,0.0,0.0,0.0,0.09915014164305952,2.9320113314447602,14.872521246458927,10.906515580736546,1.1756373937677056,0.014164305949008502,0.409,0.01133,0.0,0.0,0.0,0.0,0.0,0.0,0.0,0.0,0.0,0.0,0.0,6.355353075170834,23.30296127562643,0.34168564920273353,0.0,0.0,0.0,0.0,0.0,0.0,0.0,0.0,0.0,0.0,0.0,0.0,0.0,0.0,0.0,0.0,0.4092,0.0114,0.0,0.0,0.0,0.0,0.0,0.0,0.0,0.0,0.0,0.0,0.0,6.189801699716705,23.399433427762048,0.41076487252124655,0.0,0.0,0.0,0.0,0.0,0.0,0.0,0.0,0.0,0.0,0.0,0.0,0.0,0.0,0.0,0.0
94300,4536,2334,0.5145502645502645,1105,918,0.44598765432098764,1279,0.5639329805996472,0.4140000000000001,3.019073569482289,3.150998494493246,6.681089743589744,2.124165318339982,8374.445238095239,506.48540744380244,7853.0,8866.4,8866.400000000001,1.8189894035458565e-12,7853.0,0.0,28.042989417989418,20.87511480744175,32.96329313057158,19.12015152383089,0.1404320987654321,0.09810405643738977,0.0941358024691358,0.08509700176366843,0.08068783068783068,0.07164902998236332,0.0701058201058201,0.06437389770723104,0.06106701940035273,0.05246913580246913,0.04872134038800705,0.03880070546737213,0.03505291005291005,0.02358906525573192,0.018077601410934743,0.010582010582010581,0.007054673721340388,0.8949931375748056,0.02253464742959875,0.0,0.0,0.0,0.0,0.0,0.0,0.0,0.0,0.0,0.0,0.0,0.0,0.0,0.0,0.0,0.0,0.0,0.0,0.0,0.0,0.0,0.0,0.0,0.0,0.085978835978836,2.9497354497354507,14.728835978835981,10.906084656084658,1.2764550264550267,0.05291005291005292,4.3596581196581194,2.924441047221398,nan,nan,nan,4.362765229295003,2.9233575659213735,4.35655737704918,2.925518618398896,0.9985770831297227,0.409,0.01143,0.0,0.0,0.0,0.0,0.0,0.0,0.0,0.0,0.0,0.0,0.0,6.600529100529091,22.996031746031754,0.40343915343915354,0.0,0.0,0.0,0.0,0.0,0.0,0.0,0.0,0.0,0.0,0.0,0.0,0.0,0.0,0.0,0.0,nan,nan,4.3596581196581194,2.924441047221398,nan,0.409,0.0667,0.0,0.0,0.0,0.0,0.0,0.0,0.0,0.0,0.0,0.0,0.0,0.0,0.0,0.0,0.0,0.0,0.0,0.0,0.0,0.0,0.0,0.00013227513227513228,0.003472222222222222,0.0,0.0010361552028218695,0.0014329805996472662,0.0002535273368606702,0.0012125220458553791,0.0015321869488536155,0.009104938271604938,0.01105599647266314,0.028626543209876544,0.025826719576719576,0.05787037037037037,0.06340388007054673,0.03364197530864198,0.05577601410934744,0.04354056437389771,0.041633597883597884,0.06847442680776014,0.056801146384479716,0.042945326278659615,0.04562389770723104,0.10989858906525574,0.03439153439153439,0.03988095238095238,0.02611331569664903,0.05272266313932981,0.05092592592592592,0.01078042328042328,0.011298500881834215,0.007627865961199295,0.011144179894179894,0.0023148148148148147,0.01646825396825397,0.005279982363315697,0.005246913580246914,0.007032627865961199,0.0012345679012345679,0.0005842151675485009,0.002711640211640212,0.001267636684303351,0.0007495590828924162,1.1022927689594357e-05,0.008641975308641974,0.0002755731922398589,0.0,0.0,0.0,0.0,0.0,0.0,0.0,0.0,0.0,0.0,0.0,0.0,0.0,0.0,0.0,0.0,0.0,0.0,0.0,0.0,0.0,0.0,0.0,0.0,0.0,0.0,0.0,0.0,0.0,0.0,0.0,0.0,0.0,0.0,0.0,nan,nan,4.3596581196581194,2.924441047221398,nan,0.8946936812376302,0.02252269411186825,0.0,0.0,0.0,0.0,0.0,0.0,0.0,0.0,0.0,0.0,0.0,0.0,0.0,0.0,0.0,0.0,0.0,0.0,0.0,0.0,0.0,0.0,0.0,0.0,0.12853470437017997,2.8149100257069417,15.1413881748072,10.60411311053985,1.2467866323907457,0.06426735218508998,0.8953105449730651,0.02254296804138753,0.0,0.0,0.0,0.0,0.0,0.0,0.0,0.0,0.0,0.0,0.0,0.0,0.0,0.0,0.0,0.0,0.0,0.0,0.0,0.0,0.0,0.0,0.0,0.0,0.04087193460490464,3.092643051771118,14.29155313351499,11.226158038147142,1.3079019073569484,0.04087193460490464,0.4087,0.01131,0.0,0.0,0.0,0.0,0.0,0.0,0.0,0.0,0.0,0.0,0.0,6.593830334190222,22.956298200514144,0.44987146529562994,0.0,0.0,0.0,0.0,0.0,0.0,0.0,0.0,0.0,0.0,0.0,0.0,0.0,0.0,0.0,0.0,0.409,0.01156,0.0,0.0,0.0,0.0,0.0,0.0,0.0,0.0,0.0,0.0,0.0,6.607629427792905,23.038147138964586,0.35422343324250694,0.0,0.0,0.0,0.0,0.0,0.0,0.0,0.0,0.0,0.0,0.0,0.0,0.0,0.0,0.0,0.0
94400,4773,2457,0.5147705845380264,1188,971,0.4523360569872198,1342,0.5623297716320972,0.4100000000000001,2.9503454231433506,3.0284552714973447,6.47583081570997,2.043748589641266,8374.668510370837,506.47885809506204,7853.0,8866.4,8866.4,0.0,7853.0,0.0,28.441231929604022,20.907840865815906,33.46157684630739,19.044661258831976,0.13681122983448565,0.10140372931070606,0.08694741252880787,0.07961449821914938,0.0798240100565682,0.07521474963335428,0.07081500104755918,0.0664152524617641,0.05782526712759271,0.0590823381521056,0.04839723444374607,0.042530902996019276,0.03498847684894196,0.0251414204902577,0.017389482505761576,0.010894615545778337,0.006704378797402053,0.8955957756810735,0.02180461075426489,0.0,0.0,0.0,0.0,0.0,0.0,0.0,0.0,0.0,0.0,0.0,0.0,0.0,0.0,0.0,0.0,0.0,0.0,0.0,0.0,0.0,0.0,0.0,0.0,0.06913890634820868,2.74041483343809,14.525455688246389,11.451917033312386,1.2005028284098054,0.012570710245128854,4.18300862344299,2.85663711689456,nan,nan,nan,4.195439739413681,2.87790279212074,4.171052631578948,2.83598239329417,0.9941872343903237,0.409,0.01149,0.0,0.0,0.0,0.0,0.0,0.0,0.0,0.0,0.0,0.0,0.006285355122564427,6.712759270898796,22.866121935889385,0.41483343808925216,0.0,0.0,0.0,0.0,0.0,0.0,0.0,0.0,0.0,0.0,0.0,0.0,0.0,0.0,0.0,0.0,nan,nan,4.18300862344299,2.85663711689456,nan,0.409,0.0664,0.0,0.0,0.0,0.0,0.0,0.0,0.0,0.0,0.0,0.0,0.0,0.0,0.0,0.0,0.0,0.0,0.0,0.0,0.0,5.237795935470354e-05,0.0,0.00018856065367693276,0.0032474334799916195,0.0,0.0010161324114812487,0.001508485229415462,0.00020951183741881415,0.0012780222082547665,0.0014246804944479364,0.009197569662685942,0.011062225015713387,0.02882882882882883,0.024502409386130318,0.054525455688246384,0.06694950764718206,0.030808715692436622,0.05510161324114812,0.04494028912633564,0.04530693484181856,0.06918080871569243,0.0586214121097842,0.04380892520427404,0.04421747328724073,0.10592918499895244,0.03488372093023256,0.040603394091766186,0.026628954535931282,0.05299601927508904,0.05200083804734967,0.010381311544102241,0.010800335218939871,0.00784621831133459,0.010831761994552692,0.002357008170961659,0.016362874502409384,0.005950136182694322,0.004965430546825896,0.006452964592499476,0.0006809134716111461,0.0005971087366436204,0.0023884349465744816,0.0015189608212864028,0.0006809134716111461,0.0,0.00886235072281584,0.0002828409805153991,0.0,0.0,2.0951183741881417e-05,0.0,0.0,0.0,0.0,0.0,0.0,0.0,0.0,0.0,0.0,0.0,0.0,0.0,0.0,0.0,0.0,0.0,0.0,0.0,0.0,0.0,0.0,0.0,0.0,0.0,0.0,0.0,0.0,0.0,0.0,0.0,0.0,nan,nan,4.18300862344299,2.85663711689456,nan,0.8954320042221634,0.02154511564972161,0.0,0.0,0.0,0.0,0.0,0.0,0.0,0.0,0.0,0.0,0.0,0.0,0.0,0.0,0.0,0.0,0.0,0.0,0.0,0.0,0.0,0.0,0.0,0.0,0.07326007326007328,2.5274725274725283,14.835164835164838,11.440781440781445,1.1233211233211235,0.0,0.8957695176821711,0.022075241848181392,0.0,0.0,0.0,0.0,0.0,0.0,0.0,0.0,0.0,0.0,0.0,0.0,0.0,0.0,0.0,0.0,0.0,0.0,0.0,0.0,0.0,0.0,0.0,0.0,0.06476683937823835,2.966321243523317,14.196891191709847,11.46373056994819,1.2823834196891193,0.025906735751295342,0.4087,0.01146,0.0,0.0,0.0,0.0,0.0,0.0,0.0,0.0,0.0,0.0,0.012210012210012213,6.703296703296693,22.979242979242986,0.3052503052503053,0.0,0.0,0.0,0.0,0.0,0.0,0.0,0.0,0.0,0.0,0.0,0.0,0.0,0.0,0.0,0.0,0.409,0.01152,0.0,0.0,0.0,0.0,0.0,0.0,0.0,0.0,0.0,0.0,0.0,6.72279792746113,22.746113989637312,0.5310880829015545,0.0,0.0,0.0,0.0,0.0,0.0,0.0,0.0,0.0,0.0,0.0,0.0,0.0,0.0,0.0,0.0
94500,4797,2503,0.5217844486137169,1207,976,0.4550760892224307,1354,0.5645194913487597,0.4020000000000001,2.9943330427201396,3.076255942403277,6.436281859070465,2.1985554679022816,8381.776360225142,506.21885022113673,7853.0,8866.4,8866.4,0.0,7853.0,0.0,28.435063581405046,20.83390254284619,33.32822540781018,19.002029945015025,0.1344590368980613,0.0948509485094851,0.09151553053992079,0.08630393996247655,0.0879716489472587,0.06920992286845945,0.06587450489889514,0.06378986866791744,0.05899520533666875,0.0579528872211799,0.052949760266833436,0.0402334792578695,0.03585574317281635,0.028142589118198873,0.015426308109234938,0.009797790285595165,0.006670835939128622,0.8958094050070632,0.022331223337749916,0.0,0.0,0.0,0.0,0.0,0.0,0.0,0.0,0.0,0.0,0.0,0.0,0.0,0.0,0.0,0.0,0.0,0.0,0.0,0.0,0.0,0.0,0.0,0.0,0.10631644777986243,2.8080050031269552,14.202626641651035,11.569731081926207,1.2757973733583492,0.0375234521575985,4.171274229424849,2.847723221624264,nan,nan,nan,4.213962508080155,2.869515049472693,4.1313320825515945,2.826261667122669,0.980391276531265,0.409,0.01155,0.0,0.0,0.0,0.0,0.0,0.0,0.0,0.0,0.0,0.0,0.0,6.522826766729197,22.939337085678556,0.5378361475922453,0.0,0.0,0.0,0.0,0.0,0.0,0.0,0.0,0.0,0.0,0.0,0.0,0.0,0.0,0.0,0.0,nan,nan,4.171274229424849,2.847723221624264,nan,0.409,0.06647,0.0,0.0,0.0,0.0,0.0,0.0,0.0,0.0,0.0,0.0,0.0,0.0,0.0,0.0,0.0,0.0,0.0,0.0,0.0,0.00011465499270377319,0.0,0.00028142589118198874,0.003293725244944757,5.211590577444236e-05,0.0010318949343339587,0.0016885553470919325,8.338544923910778e-05,0.0009068167604752971,0.001104857202418178,0.009057744423598081,0.010537836147592246,0.02770481550969356,0.02559933291640609,0.05324160933917031,0.06469668542839274,0.03233270794246404,0.052897644361058996,0.0458411507191995,0.04583072753804461,0.07271211173650198,0.058765895351261206,0.04707108609547634,0.045017719407963314,0.10604544506983532,0.033270794246404,0.04034813425057328,0.024953095684803,0.05299145299145299,0.04968730456535335,0.01159057744423598,0.011350844277673546,0.007827809047321242,0.01016260162601626,0.002272253491765687,0.01629143214509068,0.005743172816343548,0.004356889722743382,0.0072336877214926,0.0005211590577444236,0.0007921617677715239,0.002293099854075464,0.001897018970189702,0.0009693558474046279,0.0,0.009318323952470293,0.00015634771732332708,0.0,0.0,2.0846362309776944e-05,0.0,2.0846362309776944e-05,2.0846362309776944e-05,0.0,0.0,0.0,0.0,0.0,0.0,0.0,0.0,0.0,0.0,0.0,0.0,0.0,0.0,0.0,0.0,0.0,0.0,0.0,0.0,0.0,0.0,0.0,0.0,0.0,0.0,0.0,0.0,0.0,nan,nan,4.171274229424849,2.847723221624264,nan,0.8959898099011533,0.02224274770185688,0.0,0.0,0.0,0.0,0.0,0.0,0.0,0.0,0.0,0.0,0.0,0.0,0.0,0.0,0.0,0.0,0.0,0.0,0.0,0.0,0.0,0.0,0.0,0.0,0.1078705553335997,2.7207351178585704,14.25089892129445,11.590091889732324,1.2824610467439077,0.047942469037155426,0.8956125639216632,0.02242570599206436,0.0,0.0,0.0,0.0,0.0,0.0,0.0,0.0,0.0,0.0,0.0,0.0,0.0,0.0,0.0,0.0,0.0,0.0,0.0,0.0,0.0,0.0,0.0,0.0,0.10462074978204013,2.903225806451614,14.149956408020927,11.54751525719268,1.2685265911072365,0.02615518744551003,0.409,0.0116,0.0,0.0,0.0,0.0,0.0,0.0,0.0,0.0,0.0,0.0,0.0,6.783859368757481,22.688773471833805,0.5273671594087096,0.0,0.0,0.0,0.0,0.0,0.0,0.0,0.0,0.0,0.0,0.0,0.0,0.0,0.0,0.0,0.0,0.4092,0.01149,0.0,0.0,0.0,0.0,0.0,0.0,0.0,0.0,0.0,0.0,0.0,6.238012205754132,23.212728857890156,0.5492589363557107,0.0,0.0,0.0,0.0,0.0,0.0,0.0,0.0,0.0,0.0,0.0,0.0,0.0,0.0,0.0,0.0
94600,4617,2386,0.5167857916395928,1133,956,0.45245830625947586,1325,0.5739657786441412,0.3980000000000001,2.9887942626624833,3.0606245467422615,6.447900466562986,2.111585705641708,8376.710721247564,506.41438107802344,7853.0,8866.4,8866.399999999998,1.8189894035458565e-12,7853.0,0.0,28.66904916612519,21.028597889589417,33.41045918367347,19.270169470500342,0.13125406107862247,0.09703270521983973,0.09161793372319688,0.08490361706735976,0.0792722547108512,0.07688975525232836,0.07320771063461122,0.06172839506172839,0.05912930474333983,0.05674680528481698,0.04136885423435131,0.04613385315139701,0.03465453757851419,0.03140567468052848,0.016244314489928524,0.009096816114359974,0.009313406974225688,0.89770206330735,0.02206208813321857,0.0,0.0,0.0,0.0,0.0,0.0,0.0,0.0,0.0,0.0,0.0,0.0,0.0,0.0,0.0,0.0,0.0,0.0,0.0,0.0,0.0,0.0,0.0,0.0,0.06497725795971411,2.2807017543859653,13.970110461338535,11.936322287199483,1.7024041585445098,0.04548408057179988,4.242753623188406,2.8451522798073916,nan,nan,nan,4.241699867197875,2.807694470427573,4.241334205362983,2.880886662961141,0.9999137935624064,0.4084,0.01137,0.0,0.0,0.0,0.0,0.0,0.0,0.0,0.0,0.0,0.0,0.006497725795971411,6.796621182586086,22.9109811565952,0.2858999350227421,0.0,0.0,0.0,0.0,0.0,0.0,0.0,0.0,0.0,0.0,0.0,0.0,0.0,0.0,0.0,0.0,nan,nan,4.242753623188406,2.8451522798073916,nan,0.4084,0.0667,0.0,0.0,0.0,0.0,0.0,0.0,0.0,0.0,0.0,0.0,0.0,0.0,0.0,0.0,0.0,0.0,0.0,0.0,0.0,0.0001949317738791423,0.0,9.746588693957115e-05,0.0032055447260125624,2.1659085986571366e-05,0.0008880225254494261,0.002155079055663851,5.4147714966428416e-05,0.0016027723630062812,0.001093783842321854,0.009616634178037688,0.011760883690708252,0.025557721464154214,0.027225471085120207,0.05457006714316656,0.06468486029889539,0.03230452674897119,0.054093567251461985,0.049555988737275285,0.045137535196014725,0.07064110894520251,0.05880441845354126,0.0452350010829543,0.0445527398743773,0.10717998700454841,0.030474333983105912,0.037416071041802036,0.023142733376651504,0.0546891921160927,0.05161360190599957,0.010970327052198397,0.012031622265540394,0.00863114576564869,0.009822395494910114,0.002230885856616851,0.015800303227203813,0.006356941737058696,0.00348711284383799,0.00697422568767598,0.0009746588693957114,0.0008230452674897119,0.0014511587611002817,0.0016027723630062812,0.0011371020142949967,3.248862897985705e-05,0.009800736408923543,0.00015161360190599956,0.0,0.0,0.0,0.0,4.331817197314273e-05,0.00010829542993285683,0.0,0.0,0.0,0.0,0.0,0.0,0.0,0.0,0.0,0.0,0.0,0.0,0.0,0.0,0.0,0.0,0.0,0.0,0.0,0.0,0.0,0.0,0.0,0.0,0.0,0.0,0.0,0.0,0.0,nan,nan,4.242753623188406,2.8451522798073916,nan,0.8976696222296104,0.02230807443473739,0.0,0.0,0.0,0.0,0.0,0.0,0.0,0.0,0.0,0.0,0.0,0.0,0.0,0.0,0.0,0.0,0.0,0.0,0.0,0.0,0.0,0.0,0.0,0.0,0.08801341156747697,2.2380553227158426,14.107292539815594,11.93210393964795,1.5590947191953064,0.0754400670578374,0.8977367582475054,0.021795886390019073,0.0,0.0,0.0,0.0,0.0,0.0,0.0,0.0,0.0,0.0,0.0,0.0,0.0,0.0,0.0,0.0,0.0,0.0,0.0,0.0,0.0,0.0,0.0,0.0,0.04034065441506052,2.32631107126849,13.823397579560739,11.940833706857914,1.855670103092784,0.013446884805020173,0.4087,0.011406,0.0,0.0,0.0,0.0,0.0,0.0,0.0,0.0,0.0,0.0,0.012573344509639567,6.613579212070401,23.059513830678966,0.31433361274098914,0.0,0.0,0.0,0.0,0.0,0.0,0.0,0.0,0.0,0.0,0.0,0.0,0.0,0.0,0.0,0.0,0.4082,0.01132,0.0,0.0,0.0,0.0,0.0,0.0,0.0,0.0,0.0,0.0,0.0,6.992380098610479,22.752129090094133,0.2554908112953833,0.0,0.0,0.0,0.0,0.0,0.0,0.0,0.0,0.0,0.0,0.0,0.0,0.0,0.0,0.0,0.0
94700,4433,2299,0.5186104218362283,1065,886,0.4401082788179562,1217,0.54906383938642,0.4300000000000001,2.9896907216494846,3.1120719987699164,6.649916247906198,2.0940341580218162,8378.559801488833,506.3488894900448,7853.0,8866.4,8866.4,0.0,7853.0,0.0,27.310399278141215,20.724269611064365,32.49687245036715,18.958546695410526,0.14820663207759982,0.10218813444619897,0.09451838484096549,0.09136025265057524,0.08256259869163095,0.06857658470561696,0.06451612903225806,0.06338822467854725,0.05549289420257162,0.05301150462440785,0.04895104895104895,0.03699526280171442,0.03383713061132416,0.02594180013534852,0.016016241822693435,0.00857207308820212,0.005865102639296188,0.898426783399498,0.02247966949255358,0.0,0.0,0.0,0.0,0.0,0.0,0.0,0.0,0.0,0.0,0.0,0.0,0.0,0.0,0.0,0.0,0.0,0.0,0.0,0.0,0.0,0.0,0.0,0.0,0.040604556733588995,2.3347620121813675,13.325062034739457,12.465598917211823,1.8069027746447106,0.027069704489059335,4.331305903398927,2.865700608261539,nan,nan,nan,4.324479540559943,2.909663485557493,4.338329764453961,2.8223174641444175,1.003202749316794,0.409,0.01129,0.0,0.0,0.0,0.0,0.0,0.0,0.0,0.0,0.0,0.0,0.006767426122264834,6.266636589217225,23.381457252425,0.3451387322355065,0.0,0.0,0.0,0.0,0.0,0.0,0.0,0.0,0.0,0.0,0.0,0.0,0.0,0.0,0.0,0.0,nan,nan,4.331305903398927,2.865700608261539,nan,0.409,0.0672,0.0,0.0,0.0,0.0,0.0,0.0,0.0,0.0,0.0,0.0,0.0,0.0,0.0,0.0,0.0,0.0,0.0,0.0,0.0,0.00041732461087299797,0.0,0.00011279043537108053,0.002977667493796526,2.2558087074216106e-05,0.0005526731333182946,0.002120460184976314,2.2558087074216106e-05,0.0010940672230994812,0.0016805774870291,0.009801488833746898,0.011154974058199865,0.026449357094518386,0.028457026844123618,0.051996390706068124,0.06320775998195353,0.031964809384164225,0.05592149785698173,0.05071057974283781,0.042803970223325064,0.06990751184299572,0.05916986239566885,0.04531919693210016,0.044360478231445975,0.10941800135348523,0.029934581547484775,0.037953981502368596,0.02218587863749154,0.055865102639296185,0.05032709226257613,0.011098578840514324,0.012993458154748477,0.008019399954883826,0.009000676742612226,0.0023347620121813672,0.014222873900293255,0.006598240469208211,0.005470336115497406,0.007196029776674938,0.001071509136025265,0.0006880216557635912,0.001477554703361155,0.0014098804421385067,0.0013083690503045342,0.00020302278366794496,0.01072637040378976,0.00018046469659372885,1.1279043537108053e-05,2.2558087074216106e-05,0.0,0.0,0.0,5.6395217685540266e-05,0.0,0.0,0.0,0.0,0.0,0.0,0.0,0.0,0.0,0.0,0.0,0.0,0.0,0.0,0.0,0.0,0.0,0.0,0.0,0.0,0.0,0.0,0.0,0.0,0.0,0.0,0.0,0.0,0.0,nan,nan,4.331305903398927,2.865700608261539,nan,0.8982956817275599,0.022481141641523338,0.0,0.0,0.0,0.0,0.0,0.0,0.0,0.0,0.0,0.0,0.0,0.0,0.0,0.0,0.0,0.0,0.0,0.0,0.0,0.0,0.0,0.0,0.0,0.0,0.026098303610265338,2.3749456285341455,13.218790778599395,12.488038277511965,1.852979556328839,0.039147455415398005,0.8985680217986478,0.022477227785024815,0.0,0.0,0.0,0.0,0.0,0.0,0.0,0.0,0.0,0.0,0.0,0.0,0.0,0.0,0.0,0.0,0.0,0.0,0.0,0.0,0.0,0.0,0.0,0.0,0.056232427366448,2.2914714151827558,13.439550140581073,12.44142455482662,1.7572633552015,0.014058106841612,0.4092,0.01152,0.0,0.0,0.0,0.0,0.0,0.0,0.0,0.0,0.0,0.0,0.013049151805132669,6.2635928664636715,23.292735972161815,0.4306220095693781,0.0,0.0,0.0,0.0,0.0,0.0,0.0,0.0,0.0,0.0,0.0,0.0,0.0,0.0,0.0,0.0,0.4087,0.01103,0.0,0.0,0.0,0.0,0.0,0.0,0.0,0.0,0.0,0.0,0.0,6.269915651358941,23.47703842549204,0.25304592314901597,0.0,0.0,0.0,0.0,0.0,0.0,0.0,0.0,0.0,0.0,0.0,0.0,0.0,0.0,0.0,0.0
94800,4801,2471,0.5146844407415122,1163,1006,0.4517808789835451,1357,0.5652988960633202,0.4060000000000001,2.923605150214592,3.133400415154471,6.743922204213939,2.201200390160586,8374.581212247449,506.4814305796869,7853.0,8866.4,8866.4,0.0,7853.0,0.0,27.210581128931473,20.378199296225517,31.983898934852615,18.7107756903223,0.14059570922724432,0.0997708810664445,0.09852114142886899,0.09018954384503229,0.07873359716725682,0.07977504686523641,0.07310976879816705,0.07019370964382421,0.05644657363049365,0.04603207665069777,0.0416579879191835,0.03853363882524474,0.03353468027494272,0.019995834201208082,0.016454905228077483,0.011664236617371381,0.0047906686107061025,0.8984013678158007,0.022468890680005647,0.0,0.0,0.0,0.0,0.0,0.0,0.0,0.0,0.0,0.0,0.0,0.0,0.0,0.0,0.0,0.0,0.0,0.0,0.0,0.0,0.0,0.0,0.0,0.0,0.06873568006665279,2.3807540095813375,13.284732347427623,12.341178921058116,1.9058529473026458,0.01874609456363258,4.299934512115259,2.9488801103703857,nan,nan,nan,4.266406757634828,2.9523807013930696,4.333553500660502,2.94585164767283,1.015738476624507,0.4082,0.01143,0.0,0.0,0.0,0.0,0.0,0.0,0.0,0.0,0.0,0.0,0.006248698187877527,7.136013330556124,22.56404915642575,0.2936888148302437,0.0,0.0,0.0,0.0,0.0,0.0,0.0,0.0,0.0,0.0,0.0,0.0,0.0,0.0,0.0,0.0,nan,nan,4.299934512115259,2.9488801103703857,nan,0.4082,0.06726,0.0,0.0,0.0,0.0,0.0,0.0,0.0,0.0,0.0,0.0,0.0,0.0,0.0,0.0,0.0,0.0,0.0,0.0,0.0,0.0003957508852322433,1.0414496979795876e-05,0.00010414496979795876,0.0036554884399083525,3.1243490939387625e-05,0.000666527806706936,0.0019370964382420329,0.0,0.0006352843157675485,0.0024994792751510102,0.0103520099979171,0.013820037492189127,0.02711935013538846,0.027056863153509685,0.04952093313892939,0.06435117683815872,0.03164965632159967,0.05916475734222037,0.05034367840033326,0.04334513642991043,0.06772547385961258,0.05857113101437201,0.04400124973963757,0.044126223703395126,0.10846698604457404,0.030847740054155384,0.03882524474067903,0.02249531347635909,0.05563424286606957,0.052666111226827746,0.009945844615705062,0.012799416788169132,0.007300562382836909,0.009643824203290982,0.0017392209956259112,0.012716100812330764,0.0058217038117058945,0.005800874817746303,0.006759008539887523,0.0011143511768381587,0.0006456988127473444,0.0014476150801916267,0.0012393251405957092,0.0014372005832118308,0.0001249739637575505,0.011081024786502813,0.000333263903353468,1.0414496979795876e-05,2.082899395959175e-05,0.0,0.0,0.0,0.0,0.0,0.0,0.0,0.0,0.0,0.0,0.0,0.0,0.0,0.0,0.0,0.0,0.0,0.0,0.0,0.0,0.0,0.0,0.0,0.0,0.0,0.0,0.0,0.0,0.0,0.0,0.0,0.0,0.0,nan,nan,4.299934512115259,2.9488801103703857,nan,0.8985658813130755,0.022520128407126035,0.0,0.0,0.0,0.0,0.0,0.0,0.0,0.0,0.0,0.0,0.0,0.0,0.0,0.0,0.0,0.0,0.0,0.0,0.0,0.0,0.0,0.0,0.0,0.0,0.06070416835289358,2.391744233104007,13.087818696883856,12.456495346013762,1.9910967219749094,0.012140833670578716,0.8982268987807082,0.02241310500694339,0.0,0.0,0.0,0.0,0.0,0.0,0.0,0.0,0.0,0.0,0.0,0.0,0.0,0.0,0.0,0.0,0.0,0.0,0.0,0.0,0.0,0.0,0.0,0.0,0.07725321888412018,2.3690987124463523,13.49356223175966,12.218884120171676,1.8154506437768245,0.025751072961373397,0.408,0.01147,0.0,0.0,0.0,0.0,0.0,0.0,0.0,0.0,0.0,0.0,0.012140833670578716,7.4180493727235834,22.278429785511943,0.29138000809388914,0.0,0.0,0.0,0.0,0.0,0.0,0.0,0.0,0.0,0.0,0.0,0.0,0.0,0.0,0.0,0.0,0.4084,0.01138,0.0,0.0,0.0,0.0,0.0,0.0,0.0,0.0,0.0,0.0,0.0,6.836909871244625,22.866952789699578,0.29613733905579404,0.0,0.0,0.0,0.0,0.0,0.0,0.0,0.0,0.0,0.0,0.0,0.0,0.0,0.0,0.0,0.0
94900,4934,2594,0.5257397648966355,1222,995,0.44933117146331575,1366,0.5537089582488853,0.3980000000000001,3.0213675213675213,3.105339461736889,6.546762589928058,2.1771310459222413,8385.78467774625,506.0281411017317,7853.0,8866.4,8866.4,0.0,7853.0,0.0,28.538102959059586,21.02957139971509,33.446072543838575,19.219509285655075,0.13417105796513984,0.09789217673287394,0.08654235914065667,0.08978516416700445,0.08188082691528172,0.07498986623429266,0.06526145115524928,0.0636400486420754,0.06445074989866234,0.05208755573571139,0.04620997162545602,0.04256181597081476,0.035468179975678964,0.02837454398054317,0.018240778273206325,0.011957843534657479,0.0064856100526955816,0.896957366788827,0.022486134282921077,0.0,0.0,0.0,0.0,0.0,0.0,0.0,0.0,0.0,0.0,0.0,0.0,0.0,0.0,0.0,0.0,0.0,0.0,0.0,0.0,0.0,0.0,0.0,0.0,0.05472233481961898,2.6570733684637218,13.783948115119582,11.911228212403731,1.5443858937981358,0.04864207539521687,4.192890262751159,2.906563295977206,nan,nan,nan,4.159925326695706,2.903541514015034,4.225429975429975,2.909176703176589,1.015746592448163,0.4082,0.01179,0.0,0.0,0.0,0.0,0.0,0.0,0.0,0.0,0.0,0.0,0.012160518848804218,7.016619375760022,22.582083502229434,0.389136603161735,0.0,0.0,0.0,0.0,0.0,0.0,0.0,0.0,0.0,0.0,0.0,0.0,0.0,0.0,0.0,0.0,nan,nan,4.192890262751159,2.906563295977206,nan,0.4082,0.06793,0.0,0.0,0.0,0.0,0.0,0.0,0.0,0.0,0.0,0.0,0.0,0.0,0.0,0.0,0.0,0.0,0.0,0.0,0.0,0.0003648155654641265,0.0,4.053506282934739e-05,0.003931901094446697,6.080259424402108e-05,0.0006282934738548845,0.0017126064045399271,0.0,0.0007701661937576003,0.003587353060397244,0.009383867044993919,0.014187271990271585,0.027361167409809484,0.027877989460883663,0.05186461289014998,0.06342723956222132,0.03309687880016214,0.05999189298743413,0.049087961086339685,0.04146736927442238,0.06984191325496554,0.055634373733279285,0.041568706931495746,0.043909606809890554,0.10950547223348196,0.030147952979327118,0.03802188893392785,0.021412646939602757,0.05545196595054722,0.054205512768544795,0.010468179975678962,0.014035265504661533,0.006293068504256182,0.00867450344548034,0.002036886907174706,0.011359951357924605,0.006161329550060803,0.00697203080664775,0.0073165788406972035,0.0010235103364410216,0.0003648155654641265,0.002047020672882043,0.001256586947709769,0.0019051479529793272,8.107012565869477e-05,0.011005269558167816,0.00045601945683015807,0.0,0.0,0.0,0.0,0.0,0.0,0.0,0.0,0.0,0.0,0.0,0.0,0.0,0.0,0.0,0.0,0.0,0.0,0.0,0.0,0.0,0.0,0.0,0.0,0.0,0.0,0.0,0.0,0.0,0.0,0.0,0.0,0.0,0.0,0.0,nan,nan,4.192890262751159,2.906563295977206,nan,0.8968830526840162,0.022588675468753244,0.0,0.0,0.0,0.0,0.0,0.0,0.0,0.0,0.0,0.0,0.0,0.0,0.0,0.0,0.0,0.0,0.0,0.0,0.0,0.0,0.0,0.0,0.0,0.0,0.03469545104086354,2.636854279105629,13.889745566692369,11.808018504240557,1.5728604471858139,0.057825751734772564,0.8970397474674078,0.022371624773295913,0.0,0.0,0.0,0.0,0.0,0.0,0.0,0.0,0.0,0.0,0.0,0.0,0.0,0.0,0.0,0.0,0.0,0.0,0.0,0.0,0.0,0.0,0.0,0.0,0.07692307692307694,2.67948717948718,13.66666666666667,12.025641025641029,1.5128205128205132,0.03846153846153847,0.4082,0.01192,0.0,0.0,0.0,0.0,0.0,0.0,0.0,0.0,0.0,0.0,0.011565150346954513,6.950655358519651,22.57517347725521,0.4626060138781805,0.0,0.0,0.0,0.0,0.0,0.0,0.0,0.0,0.0,0.0,0.0,0.0,0.0,0.0,0.0,0.0,0.4082,0.01164,0.0,0.0,0.0,0.0,0.0,0.0,0.0,0.0,0.0,0.0,0.012820512820512824,7.089743589743579,22.589743589743595,0.30769230769230776,0.0,0.0,0.0,0.0,0.0,0.0,0.0,0.0,0.0,0.0,0.0,0.0,0.0,0.0,0.0,0.0
95000,4861,2506,0.5155317835836247,1204,989,0.4511417403826373,1354,0.5570870191318659,0.4220000000000001,3.013588110403397,3.1609053757196754,6.775075987841945,2.131936647652971,8375.439909483644,506.45547212903773,7853.0,8866.4,8866.4,0.0,7853.0,0.0,27.723513680312692,20.640307663143005,32.61905928466438,18.89824629897677,0.13844887883151616,0.10183089899197696,0.08866488376877185,0.09277926352602345,0.0861962559144209,0.07138448878831516,0.06685867105533841,0.06274429129808681,0.0598642254680107,0.054721250771446205,0.046698210244805596,0.040320921621065625,0.031886443118699856,0.025509154494959885,0.017074675992594116,0.009668792429541247,0.005348693684427073,0.8978860370172588,0.022681273960231483,0.0,0.0,0.0,0.0,0.0,0.0,0.0,0.0,0.0,0.0,0.0,0.0,0.0,0.0,0.0,0.0,0.0,0.0,0.0,0.0,0.0,0.0,0.0,0.0,0.07405883563052872,2.3513680312692866,13.997119934169927,11.775354865254066,1.7650689158609343,0.03702941781526436,4.312480152429343,2.9821379715822545,nan,nan,nan,4.246124031007752,2.9787389099516988,4.37875,2.983755760363103,1.0312345960748517,0.4082,0.01136,0.0,0.0,0.0,0.0,0.0,0.0,0.0,0.0,0.0,0.0,0.006171569635877393,7.084961941987235,22.501542892408974,0.40732359596790796,0.0,0.0,0.0,0.0,0.0,0.0,0.0,0.0,0.0,0.0,0.0,0.0,0.0,0.0,0.0,0.0,nan,nan,4.312480152429343,2.9821379715822545,nan,0.4082,0.0682,0.0,0.0,0.0,0.0,0.0,0.0,0.0,0.0,0.0,0.0,0.0,0.0,0.0,0.0,0.0,0.0,0.0,0.0,0.0,0.0005142974696564493,0.0,8.228759514503188e-05,0.003805801275457725,0.0,0.0002674346842213536,0.0017280394980456696,5.142974696564493e-05,0.0010388808887060277,0.0033429335527669205,0.008177329767537544,0.014626620037029418,0.029541246657066447,0.02788520880477268,0.05303435507097305,0.06470890763217445,0.03224645134745937,0.05895906192141535,0.04980456696153055,0.040917506685867105,0.06914215182061305,0.05392923266817527,0.04190495782760749,0.044147294795309606,0.1065315778646369,0.029973256531577865,0.03867516971816499,0.023153672083933347,0.053363505451553175,0.05365151203456079,0.01236371117054104,0.01563464307755606,0.006675581156140712,0.008784200781732154,0.0024686278543509564,0.010429952684632792,0.006500720016457519,0.006459576218885003,0.007189878625797161,0.0009668792429541246,0.0003805801275457725,0.002067475828018926,0.0011931701296029624,0.0016560378522937668,6.171569635877391e-05,0.011427689775766303,0.0004114379757251594,8.228759514503188e-05,4.114379757251594e-05,0.0,0.0,0.0,0.0,0.0,0.0,0.0,0.0,0.0,0.0,0.0,0.0,0.0,0.0,0.0,0.0,0.0,0.0,0.0,0.0,0.0,0.0,0.0,0.0,0.0,0.0,0.0,0.0,0.0,0.0,0.0,0.0,0.0,nan,nan,4.312480152429343,2.9821379715822545,nan,0.898076627935682,0.022599617890558768,0.0,0.0,0.0,0.0,0.0,0.0,0.0,0.0,0.0,0.0,0.0,0.0,0.0,0.0,0.0,0.0,0.0,0.0,0.0,0.0,0.0,0.0,0.0,0.0,0.07182761372705508,2.2386272944932166,13.850758180367121,12.00718276137271,1.7837190742218678,0.04788507581803672,0.8976832256195652,0.022766091862165626,0.0,0.0,0.0,0.0,0.0,0.0,0.0,0.0,0.0,0.0,0.0,0.0,0.0,0.0,0.0,0.0,0.0,0.0,0.0,0.0,0.0,0.0,0.0,0.0,0.07643312101910829,2.4713375796178347,14.15286624203822,11.528662420382169,1.745222929936306,0.02547770700636943,0.4082,0.011444,0.0,0.0,0.0,0.0,0.0,0.0,0.0,0.0,0.0,0.0,0.01197126895450918,6.99122106943335,22.625698324022352,0.3711093375897846,0.0,0.0,0.0,0.0,0.0,0.0,0.0,0.0,0.0,0.0,0.0,0.0,0.0,0.0,0.0,0.0,0.4082,0.01127,0.0,0.0,0.0,0.0,0.0,0.0,0.0,0.0,0.0,0.0,0.0,7.184713375796168,22.369426751592364,0.4458598726114651,0.0,0.0,0.0,0.0,0.0,0.0,0.0,0.0,0.0,0.0,0.0,0.0,0.0,0.0,0.0,0.0
95100,4987,2498,0.5009023460998596,1132,1064,0.4403448967315019,1439,0.5771004611991177,0.39000000000000007,2.8802732020891924,2.9975429481633453,6.304895104895105,2.036565347728976,8360.614437537599,506.69917486018227,7853.0,8866.4,8866.4,0.0,7853.0,0.0,28.354120713856027,21.20056439776791,33.20346628679962,19.500253421979366,0.13615400040104272,0.1022658913174253,0.09344295167435332,0.0892320032083417,0.07780228594345298,0.07118508121114898,0.064567876478845,0.06316422699017446,0.05754962903549228,0.05434128734710247,0.046320433126127936,0.04110687788249449,0.03469019450571486,0.02887507519550832,0.020453178263485063,0.010026067776218167,0.008822939643071986,0.8981258037072612,0.022429715570954863,0.0,0.0,0.0,0.0,0.0,0.0,0.0,0.0,0.0,0.0,0.0,0.0,0.0,0.0,0.0,0.0,0.0,0.0,0.0,0.0,0.0,0.0,0.0,0.0,0.07820332865450173,2.376178062963706,13.438941247242834,12.301985161419694,1.774613996390616,0.030078203328654508,4.206054989187519,2.7720281463097103,nan,nan,nan,4.178461538461539,2.7615208913090075,4.230912476722533,2.780630503221048,1.0125526914100316,0.408,0.0116,0.0,0.0,0.0,0.0,0.0,0.0,0.0,0.0,0.0,0.0,0.006015640665730902,7.369159815520343,22.22177661920995,0.40304792460397043,0.0,0.0,0.0,0.0,0.0,0.0,0.0,0.0,0.0,0.0,0.0,0.0,0.0,0.0,0.0,0.0,nan,nan,4.206054989187519,2.7720281463097103,nan,0.408,0.06824,0.0,0.0,0.0,0.0,0.0,0.0,0.0,0.0,0.0,0.0,0.0,0.0,0.0,0.0,0.0,0.0,0.0,0.0,0.0,0.00032083416883898135,1.0026067776218167e-05,8.020854220974534e-05,0.004271104872668939,0.00010026067776218167,0.0001503910166432725,0.0017445357930619611,0.0,0.0010427110487266893,0.0032684980950471224,0.007529576899939844,0.01543011830759976,0.031822739121716466,0.028464006416683375,0.05394024463605374,0.06275315821134951,0.03180268698616403,0.056807700020052136,0.050772007218768796,0.04222979747343092,0.07024263084018448,0.051744535793061965,0.04240024062562663,0.044986966111890916,0.1048526168036896,0.030378985361941047,0.03899137758171245,0.023481050731902948,0.05184479647082414,0.055554441548024865,0.011560056145979547,0.015359935833166232,0.005935432123521155,0.008361740525365952,0.00251654301183076,0.01066773611389613,0.005724884700220574,0.007349107679967917,0.007319029476639262,0.0010326849809504713,0.0008020854220974534,0.001864848606376579,0.001022658913174253,0.0016342490475235612,0.0,0.011259274112693002,0.0004511730499298175,7.018247443352717e-05,5.0130338881090835e-05,0.0,0.0,0.0,0.0,0.0,0.0,0.0,0.0,0.0,0.0,0.0,0.0,0.0,0.0,0.0,0.0,0.0,0.0,0.0,0.0,0.0,0.0,0.0,0.0,0.0,0.0,0.0,0.0,0.0,0.0,0.0,0.0,0.0,nan,nan,4.206054989187519,2.7720281463097103,nan,0.8980798587214956,0.022023815116094844,0.0,0.0,0.0,0.0,0.0,0.0,0.0,0.0,0.0,0.0,0.0,0.0,0.0,0.0,0.0,0.0,0.0,0.0,0.0,0.0,0.0,0.0,0.0,0.0,0.04803843074459569,2.305844675740593,13.570856685348282,12.429943955164134,1.6092874299439555,0.03602882305844676,0.8981719148259606,0.022829736059258945,0.0,0.0,0.0,0.0,0.0,0.0,0.0,0.0,0.0,0.0,0.0,0.0,0.0,0.0,0.0,0.0,0.0,0.0,0.0,0.0,0.0,0.0,0.0,0.0,0.10847730012053036,2.4467657693852956,13.306548814785057,12.173563680192851,1.9405383688228208,0.02410606669345119,0.4077,0.011734,0.0,0.0,0.0,0.0,0.0,0.0,0.0,0.0,0.0,0.0,0.0,7.493995196156916,22.06164931945557,0.4443554843875101,0.0,0.0,0.0,0.0,0.0,0.0,0.0,0.0,0.0,0.0,0.0,0.0,0.0,0.0,0.0,0.0,0.408,0.01145,0.0,0.0,0.0,0.0,0.0,0.0,0.0,0.0,0.0,0.0,0.012053033346725596,7.243873041382071,22.382482924869432,0.3615910004017679,0.0,0.0,0.0,0.0,0.0,0.0,0.0,0.0,0.0,0.0,0.0,0.0,0.0,0.0,0.0,0.0
95200,5035,2591,0.5145978152929493,1248,1058,0.4579940417080437,1445,0.573982125124131,0.37400000000000005,2.9942716857610474,3.0873746257998884,6.625909752547307,2.071101081330834,8374.493426017874,506.48400226132856,7853.0,8866.4,8866.4,0.0,7853.0,0.0,27.88997020854022,20.582717770097364,32.739797121962724,18.81032324262359,0.13862959285004967,0.0945382323733863,0.09414101290963257,0.08659384309831182,0.08659384309831182,0.07507447864945382,0.06931479642502483,0.064746772591857,0.06196623634558093,0.053426017874875865,0.044687189672293945,0.040119165839126114,0.03217477656405164,0.025223435948361468,0.017676266137040715,0.009334657398212513,0.005759682224428997,0.8981521596264579,0.022918298333708613,0.0,0.0,0.0,0.0,0.0,0.0,0.0,0.0,0.0,0.0,0.0,0.0,0.0,0.0,0.0,0.0,0.0,0.0,0.0,0.0,0.0,0.0,0.0,0.0,0.0893743793445879,2.38927507447865,13.602780536246279,12.125124131082426,1.7696127110228406,0.02383316782522344,4.2071059823868815,2.8503921510064765,nan,nan,nan,4.227383863080685,2.836779614933187,4.187085093542547,2.8636278189486735,0.9904672083625804,0.4077,0.01176,0.0,0.0,0.0,0.0,0.0,0.0,0.0,0.0,0.0,0.0,0.01191658391261172,7.715988083416076,21.86693147964251,0.4051638530287985,0.0,0.0,0.0,0.0,0.0,0.0,0.0,0.0,0.0,0.0,0.0,0.0,0.0,0.0,0.0,0.0,nan,nan,4.2071059823868815,2.8503921510064765,nan,0.4077,0.0681,0.0,0.0,0.0,0.0,0.0,0.0,0.0,0.0,0.0,0.0,0.0,0.0,0.0,0.0,0.0,0.0,0.0,0.0,0.0,0.00015888778550148956,9.930486593843098e-06,2.9791459781529296e-05,0.004528301886792453,0.0,1.9860973187686195e-05,0.0010427010923535253,0.0,0.0013207547169811322,0.00323733862959285,0.007298907646474677,0.01727904667328699,0.03245283018867925,0.028679245283018868,0.05189672293942403,0.06500496524329692,0.03431976166832175,0.0572591857000993,0.04679245283018868,0.041708043694141016,0.07061569016881827,0.052701092353525325,0.0425819265143992,0.044766633565044685,0.10060575968222443,0.03073485600794439,0.03801390268123138,0.023247269116186693,0.051231380337636544,0.05948361469712016,0.011509433962264152,0.01576961271102284,0.0058887785501489575,0.009225422045680238,0.0028798411122144987,0.01051638530287984,0.005203574975173784,0.00717974180734856,0.007517378351539226,0.0010724925521350547,0.000804369414101291,0.0018073485600794438,0.000814299900695134,0.0011618669314796424,0.0,0.011171797418073486,0.00036742800397219464,8.937437934458789e-05,0.0,0.0,0.0,0.0,0.0,0.0,0.0,0.0,0.0,0.0,0.0,0.0,0.0,0.0,0.0,0.0,0.0,0.0,0.0,0.0,0.0,0.0,0.0,0.0,0.0,0.0,0.0,0.0,0.0,0.0,0.0,0.0,0.0,0.0,nan,nan,4.2071059823868815,2.8503921510064765,nan,0.8984981811170825,0.023011770782242254,0.0,0.0,0.0,0.0,0.0,0.0,0.0,0.0,0.0,0.0,0.0,0.0,0.0,0.0,0.0,0.0,0.0,0.0,0.0,0.0,0.0,0.0,0.0,0.0,0.06947124662292552,2.304129679660363,13.512157468159014,12.238517946738714,1.8525665766113473,0.023157082207641844,0.8977853258776002,0.022813055012085297,0.0,0.0,0.0,0.0,0.0,0.0,0.0,0.0,0.0,0.0,0.0,0.0,0.0,0.0,0.0,0.0,0.0,0.0,0.0,0.0,0.0,0.0,0.0,0.0,0.11047463175122751,2.4795417348608844,13.698854337152213,12.004909983633391,1.6816693944353522,0.02454991816693945,0.4077,0.01189,0.0,0.0,0.0,0.0,0.0,0.0,0.0,0.0,0.0,0.0,0.011578541103820922,7.757622539560004,21.837128521806257,0.39367039752991134,0.0,0.0,0.0,0.0,0.0,0.0,0.0,0.0,0.0,0.0,0.0,0.0,0.0,0.0,0.0,0.0,0.4077,0.01161,0.0,0.0,0.0,0.0,0.0,0.0,0.0,0.0,0.0,0.0,0.012274959083469724,7.671849427168565,21.89852700490999,0.41734860883797065,0.0,0.0,0.0,0.0,0.0,0.0,0.0,0.0,0.0,0.0,0.0,0.0,0.0,0.0,0.0,0.0
95300,4473,2293,0.5126313436172591,1104,926,0.4538341158059468,1250,0.558909009613235,0.4180000000000001,2.873394495412844,3.036706394287619,6.571678321678322,2.024353988646312,8372.500603621731,506.53828537132233,7853.0,8866.4,8866.399999999998,1.8189894035458565e-12,7853.0,0.0,28.160742231164765,20.97265647863962,32.9917880794702,19.26258250812289,0.1372680527610105,0.09792085848423876,0.09210820478426113,0.08629555108428348,0.08249496981891348,0.07422311647663761,0.07355242566510173,0.06952828079588642,0.051643192488262914,0.05119606528057232,0.04560697518443997,0.04001788508830762,0.03219315895372234,0.027945450480661747,0.020567851553767048,0.008942544153811759,0.008495416946121171,0.8986196773792576,0.02271008617987244,0.0,0.0,0.0,0.0,0.0,0.0,0.0,0.0,0.0,0.0,0.0,0.0,0.0,0.0,0.0,0.0,0.0,0.0,0.0,0.0,0.0,0.0,0.0,0.0,0.04694835680751175,2.3407109322602286,13.467471495640513,12.146210596914825,1.9584171696847756,0.040241448692152924,4.184816214359326,2.8330731176273893,nan,nan,nan,4.1470994475138125,2.811242698424881,4.222298221614227,2.854994552951718,1.0181328600994837,0.408,0.01132,0.0,0.0,0.0,0.0,0.0,0.0,0.0,0.0,0.0,0.0,0.026827632461435286,7.028839704896034,22.7699530516432,0.17437961099932936,0.0,0.0,0.0,0.0,0.0,0.0,0.0,0.0,0.0,0.0,0.0,0.0,0.0,0.0,0.0,0.0,nan,nan,4.184816214359326,2.8330731176273893,nan,0.408,0.0677,0.0,0.0,0.0,0.0,0.0,0.0,0.0,0.0,0.0,0.0,0.0,0.0,0.0,0.0,0.0,0.0,0.0,0.0,1.11781801922647e-05,0.0002906326849988822,1.11781801922647e-05,0.00010060362173038229,0.003789403085177733,0.0,1.11781801922647e-05,0.0007601162530739995,0.0,0.0014755197853789403,0.00425888665325285,0.007601162530739995,0.017996870109546165,0.0317907444668008,0.02663760339816678,0.05270511960652806,0.0644086742678292,0.03456293315448245,0.053845293986139055,0.04831209479096803,0.041001564945226915,0.07051196065280572,0.05052537446903644,0.046232953275206795,0.0468030404650123,0.09745137491616365,0.031488933601609655,0.039056561591772856,0.023910127431254192,0.0499664654594232,0.060507489380728814,0.01113346747149564,0.01697965571205008,0.00670690811535882,0.008942544153811759,0.003722334004024145,0.010686340263805053,0.0050525374469036445,0.006651017214397496,0.008428347864967583,0.0006930471719204113,0.0008718980549966465,0.0019561815336463224,0.000816007154035323,0.0013078470824949698,2.23563603845294e-05,0.009568522244578583,0.00034652358596020565,8.94254415381176e-05,0.0,0.0,0.0,0.0,0.0,0.0,0.0,0.0,0.0,0.0,0.0,0.0,0.0,0.0,0.0,0.0,0.0,0.0,0.0,0.0,0.0,0.0,0.0,0.0,0.0,0.0,0.0,0.0,0.0,0.0,0.0,0.0,0.0,0.0,nan,nan,4.184816214359326,2.8330731176273893,nan,0.8983731058243836,0.02246838128063803,0.0,0.0,0.0,0.0,0.0,0.0,0.0,0.0,0.0,0.0,0.0,0.0,0.0,0.0,0.0,0.0,0.0,0.0,0.0,0.0,0.0,0.0,0.0,0.0,0.06541648495420847,2.2110771914522465,13.593545573484521,12.298299171391193,1.7924116877453122,0.039249890972525084,0.8988790299367467,0.022958717032771775,0.0,0.0,0.0,0.0,0.0,0.0,0.0,0.0,0.0,0.0,0.0,0.0,0.0,0.0,0.0,0.0,0.0,0.0,0.0,0.0,0.0,0.0,0.0,0.0,0.02752293577981652,2.4770642201834865,13.334862385321104,11.986238532110095,2.1330275229357802,0.04128440366972478,0.4075,0.01137,0.0,0.0,0.0,0.0,0.0,0.0,0.0,0.0,0.0,0.0,0.05233318796336678,7.326646314871336,22.46402093327519,0.15699956389010034,0.0,0.0,0.0,0.0,0.0,0.0,0.0,0.0,0.0,0.0,0.0,0.0,0.0,0.0,0.0,0.0,0.4084,0.01126,0.0,0.0,0.0,0.0,0.0,0.0,0.0,0.0,0.0,0.0,0.0,6.715596330275219,23.091743119266063,0.19266055045871563,0.0,0.0,0.0,0.0,0.0,0.0,0.0,0.0,0.0,0.0,0.0,0.0,0.0,0.0,0.0,0.0
95400,4772,2442,0.5117351215423303,1142,968,0.44216261525565803,1331,0.557837384744342,0.3940000000000001,2.957510729613734,3.09525412452329,6.5827123695976155,2.08577592215645,8371.592372170997,506.56042234282995,7853.0,8866.4,8866.4,0.0,7853.0,0.0,28.220662196144175,20.89467180578912,32.92117617988634,19.20433512442912,0.13222967309304276,0.10226320201173512,0.09597652975691534,0.08528918692372171,0.07900251466890193,0.07732606873428331,0.06559094719195306,0.06160938809723386,0.06454316848281642,0.04840737636211232,0.04568315171835708,0.0442162615255658,0.03625314333612741,0.028709136630343673,0.01655490360435876,0.00901089689857502,0.007334450963956412,0.898066492562322,0.022283516087818034,0.0,0.0,0.0,0.0,0.0,0.0,0.0,0.0,0.0,0.0,0.0,0.0,0.0,0.0,0.0,0.0,0.0,0.0,0.0,0.0,0.0,0.0,0.0,0.0,0.06286672254819783,2.2380553227158426,13.560352053646273,12.422464375523893,1.7036881810561613,0.012573344509639567,4.219093851132686,2.8941785931514388,nan,nan,nan,4.112965340179717,2.8806064495887505,4.327023498694517,2.903940919453696,1.0520447270546283,0.4084,0.011444,0.0,0.0,0.0,0.0,0.0,0.0,0.0,0.0,0.0,0.0,0.012573344509639567,6.846186085498733,22.814333612740995,0.32690695725062874,0.0,0.0,0.0,0.0,0.0,0.0,0.0,0.0,0.0,0.0,0.0,0.0,0.0,0.0,0.0,0.0,nan,nan,4.219093851132686,2.8941785931514388,nan,0.4084,0.068,0.0,0.0,0.0,0.0,0.0,0.0,0.0,0.0,0.0,0.0,0.0,0.0,0.0,0.0,0.0,0.0,0.0,0.0,0.0,0.000345766974015088,0.0,0.00017812238055322715,0.004128248113998324,9.430008382229673e-05,7.334450963956412e-05,0.000827745180217938,0.0,0.001383067896060352,0.004882648784576698,0.007585917854149204,0.01692162615255658,0.0325859178541492,0.024109388097233866,0.052388935456831515,0.06379924559932942,0.03400041911148365,0.053489103101424976,0.048208298407376365,0.038002933780385585,0.07306160938809723,0.05264040234702431,0.04830259849119866,0.048627409891031016,0.09244551550712489,0.030155071248952222,0.039815590947191955,0.025984911986588432,0.050890611902766135,0.05840318524727577,0.011389354568315172,0.01743503772003353,0.007942162615255658,0.009147108130762784,0.00442162615255658,0.010865465213746857,0.005228415758591785,0.005574182732606873,0.008235540653813914,0.0006705783738474435,0.0007648784576697402,0.002703269069572506,0.0010163453478625314,0.0009744341994970663,8.382229673093043e-05,0.009828164291701592,0.00022003352891869239,0.00016764459346186087,0.0,0.0,0.0,0.0,0.0,0.0,0.0,0.0,0.0,0.0,0.0,0.0,0.0,0.0,0.0,0.0,0.0,0.0,0.0,0.0,0.0,0.0,0.0,0.0,0.0,0.0,0.0,0.0,0.0,0.0,0.0,0.0,0.0,0.0,nan,nan,4.219093851132686,2.8941785931514388,nan,0.8978448199942696,0.022341171833115982,0.0,0.0,0.0,0.0,0.0,0.0,0.0,0.0,0.0,0.0,0.0,0.0,0.0,0.0,0.0,0.0,0.0,0.0,0.0,0.0,0.0,0.0,0.0,0.0,0.08599508599508601,2.2113022113022116,13.882063882063886,12.149877149877153,1.6584766584766588,0.012285012285012288,0.8982988206357915,0.02222055508038393,0.0,0.0,0.0,0.0,0.0,0.0,0.0,0.0,0.0,0.0,0.0,0.0,0.0,0.0,0.0,0.0,0.0,0.0,0.0,0.0,0.0,0.0,0.0,0.0,0.03862660944206009,2.266094420600859,13.22317596566524,12.708154506437772,1.7510729613733909,0.012875536480686699,0.4082,0.01142,0.0,0.0,0.0,0.0,0.0,0.0,0.0,0.0,0.0,0.0,0.012285012285012288,6.94103194103193,22.70270270270271,0.34398034398034405,0.0,0.0,0.0,0.0,0.0,0.0,0.0,0.0,0.0,0.0,0.0,0.0,0.0,0.0,0.0,0.0,0.4087,0.01145,0.0,0.0,0.0,0.0,0.0,0.0,0.0,0.0,0.0,0.0,0.012875536480686699,6.746781115879819,22.93133047210301,0.3090128755364807,0.0,0.0,0.0,0.0,0.0,0.0,0.0,0.0,0.0,0.0,0.0,0.0,0.0,0.0,0.0,0.0
95500,4616,2397,0.5192807625649913,1102,970,0.4488734835355286,1296,0.561525129982669,0.4340000000000001,2.9792699414150516,3.1286841405360164,6.66890756302521,2.289095373747208,8379.239124783362,506.32313062183914,7853.0,8866.4,8866.4,0.0,7853.0,0.0,27.170060658578855,20.81606073200211,32.418434145064154,19.066931504386833,0.15142980935875217,0.10160311958405546,0.09337088388214905,0.08752166377816291,0.08383882149046794,0.07279029462738301,0.06910745233968804,0.06174176776429809,0.05827556325823224,0.05134315424610052,0.04397746967071057,0.03509532062391681,0.02794627383015598,0.0255632582322357,0.019714038128249567,0.00996533795493934,0.006715771230502599,0.89773941853534,0.022580530650942378,0.0,0.0,0.0,0.0,0.0,0.0,0.0,0.0,0.0,0.0,0.0,0.0,0.0,0.0,0.0,0.0,0.0,0.0,0.0,0.0,0.0,0.0,0.0,0.0,0.07798960138648181,2.469670710571924,13.732668977469674,11.958405545927214,1.728769497400347,0.03249566724436742,4.367430721861101,2.9115939279143648,nan,nan,nan,4.3175582990397805,2.900968395563929,4.417064846416382,2.9212851184427744,1.0230469493367889,0.4082,0.01155,0.0,0.0,0.0,0.0,0.0,0.0,0.0,0.0,0.0,0.0,0.01299826689774697,7.025563258232226,22.590987868284234,0.37045060658578866,0.0,0.0,0.0,0.0,0.0,0.0,0.0,0.0,0.0,0.0,0.0,0.0,0.0,0.0,0.0,0.0,nan,nan,4.367430721861101,2.9115939279143648,nan,0.4082,0.0682,0.0,0.0,0.0,0.0,0.0,0.0,0.0,0.0,0.0,0.0,0.0,0.0,0.0,0.0,0.0,0.0,0.0,0.0,0.0,0.00023830155979202774,2.1663778162911613e-05,0.00033578856152513,0.0040186308492201036,3.249566724436742e-05,0.00011915077989601387,0.000779896013864818,2.1663778162911613e-05,0.0015381282495667244,0.004852686308492201,0.007149046793760832,0.017677642980935875,0.03176993067590988,0.0229419410745234,0.056466637781629116,0.0659553726169844,0.03401213171577123,0.053942807625649916,0.04699956672443674,0.0365684575389948,0.07186958405545928,0.05212305025996534,0.048873483535528596,0.046923743500866553,0.09382582322357019,0.03052426343154246,0.03669844020797227,0.02468587521663778,0.051159012131715774,0.059033795493934144,0.013875649913344888,0.017569324090121317,0.00746317157712305,0.00839471403812825,0.005177642980935876,0.011037694974003465,0.005340121317157712,0.006055025996533796,0.007322357019064125,0.0006499133448873484,0.0007907279029462738,0.0028921143847487002,0.0008557192374350086,0.0008448873483535528,9.748700173310225e-05,0.010116984402079723,0.00011915077989601387,0.00023830155979202774,0.0,0.0,0.0,0.0,0.0,0.0,0.0,0.0,0.0,0.0,0.0,0.0,0.0,0.0,0.0,0.0,0.0,0.0,0.0,0.0,0.0,0.0,0.0,0.0,0.0,0.0,0.0,0.0,0.0,0.0,0.0,0.0,0.0,0.0,nan,nan,4.367430721861101,2.9115939279143648,nan,0.8976363110253848,0.022424000860940468,0.0,0.0,0.0,0.0,0.0,0.0,0.0,0.0,0.0,0.0,0.0,0.0,0.0,0.0,0.0,0.0,0.0,0.0,0.0,0.0,0.0,0.0,0.0,0.0,0.08760951188986235,2.3279098873591995,13.792240300375472,12.140175219023783,1.6145181476846062,0.03754693366708386,0.897850796949654,0.02274788150717255,0.0,0.0,0.0,0.0,0.0,0.0,0.0,0.0,0.0,0.0,0.0,0.0,0.0,0.0,0.0,0.0,0.0,0.0,0.0,0.0,0.0,0.0,0.0,0.0,0.06759801712483102,2.6228030644434432,13.668319062640833,11.762054979720599,1.85218566922037,0.02703920684993241,0.4084,0.01161,0.0,0.0,0.0,0.0,0.0,0.0,0.0,0.0,0.0,0.0,0.0,6.908635794743419,22.728410513141434,0.362953692115144,0.0,0.0,0.0,0.0,0.0,0.0,0.0,0.0,0.0,0.0,0.0,0.0,0.0,0.0,0.0,0.0,0.4082,0.01148,0.0,0.0,0.0,0.0,0.0,0.0,0.0,0.0,0.0,0.0,0.02703920684993241,7.151870211807109,22.4425416854439,0.3785488958990537,0.0,0.0,0.0,0.0,0.0,0.0,0.0,0.0,0.0,0.0,0.0,0.0,0.0,0.0,0.0,0.0
95600,4999,2584,0.5169033806761353,1186,1071,0.45149029805961194,1465,0.586117223444689,0.39000000000000007,2.9420289855072466,3.0287705353297367,6.475912408759124,2.069187419319328,8376.829885977195,506.4103642367602,7853.0,8866.4,8866.4,0.0,7853.0,0.0,28.073414682936587,20.81883512931261,33.038360733857516,19.02603976565089,0.13922784556911383,0.09521904380876176,0.09081816363272655,0.09001800360072014,0.08421684336867373,0.07481496299259852,0.06581316263252651,0.0666133226645329,0.05721144228845769,0.05141028205641128,0.047209441888377675,0.041408281656331265,0.034206841368273656,0.028605721144228845,0.01800360072014403,0.008801760352070413,0.00640128025605121,0.8978931139554709,0.02281719435112711,0.0,0.0,0.0,0.0,0.0,0.0,0.0,0.0,0.0,0.0,0.0,0.0,0.0,0.0,0.0,0.0,0.0,0.0,0.0,0.0,0.0,0.0,0.0,0.0,0.04800960192038409,2.484496899379877,13.64072814562913,12.080416083216646,1.722344468893779,0.024004800960192044,4.203457857363384,2.8005050305358608,nan,nan,nan,4.151105651105651,2.7838632069358598,4.256362507759156,2.8162341170957177,1.0253563425025014,0.4082,0.01145,0.0,0.0,0.0,0.0,0.0,0.0,0.0,0.0,0.0,0.0,0.012002400480096022,6.961392278455681,22.672534506901385,0.35407081416283265,0.0,0.0,0.0,0.0,0.0,0.0,0.0,0.0,0.0,0.0,0.0,0.0,0.0,0.0,0.0,0.0,nan,nan,4.203457857363384,2.8005050305358608,nan,0.4082,0.06885,0.0,0.0,0.0,0.0,0.0,0.0,0.0,0.0,0.0,0.0,0.0,0.0,0.0,0.0,0.0,0.0,0.0,0.0,0.0,0.00014002800560112023,1.0002000400080016e-05,0.00040008001600320064,0.005011002200440088,0.0,9.001800360072015e-05,0.0014802960592118423,0.00015003000600120024,0.0019803960792158432,0.005621124224844969,0.006881376275255051,0.01765353070614123,0.03285657131426285,0.023224644928985797,0.053420684136827365,0.0665633126625325,0.03482696539307861,0.054400880176035206,0.04541908381676335,0.03767753550710142,0.06927385477095419,0.053610722144428885,0.04377875575115023,0.04810962192438488,0.09109821964392878,0.031456291258251654,0.03831766353270654,0.026235247049409882,0.051860372074414886,0.05784156831366273,0.014072814562912582,0.017713542708541707,0.007141428285657132,0.008641728345669134,0.0051110222044408885,0.01280256051210242,0.005081016203240648,0.00601120224044809,0.007731546309261852,0.00046009201840368076,0.0008601720344068814,0.003190638127625525,0.000650130026005201,0.0010902180436087217,0.00029005801160232044,0.009511902380476096,7.001400280056011e-05,0.0001800360072014403,0.0,0.0,0.0,0.0,0.0,0.0,0.0,0.0,0.0,0.0,0.0,0.0,0.0,0.0,0.0,0.0,0.0,0.0,0.0,0.0,0.0,0.0,0.0,0.0,0.0,0.0,0.0,0.0,0.0,0.0,0.0,0.0,0.0,0.0,nan,nan,4.203457857363384,2.8005050305358608,nan,0.8980492853758505,0.02272844913424257,0.0,0.0,0.0,0.0,0.0,0.0,0.0,0.0,0.0,0.0,0.0,0.0,0.0,0.0,0.0,0.0,0.0,0.0,0.0,0.0,0.0,0.0,0.0,0.0,0.046439628482972145,2.3800309597523226,13.618421052631582,12.143962848297216,1.7763157894736845,0.03482972136222911,0.8977260137690274,0.02291059036115846,0.0,0.0,0.0,0.0,0.0,0.0,0.0,0.0,0.0,0.0,0.0,0.0,0.0,0.0,0.0,0.0,0.0,0.0,0.0,0.0,0.0,0.0,0.0,0.0,0.04968944099378883,2.5962732919254665,13.664596273291929,12.01242236024845,1.664596273291926,0.012422360248447208,0.408,0.01139,0.0,0.0,0.0,0.0,0.0,0.0,0.0,0.0,0.0,0.0,0.011609907120743036,7.186532507739928,22.47678018575852,0.32507739938080504,0.0,0.0,0.0,0.0,0.0,0.0,0.0,0.0,0.0,0.0,0.0,0.0,0.0,0.0,0.0,0.0,0.4084,0.01152,0.0,0.0,0.0,0.0,0.0,0.0,0.0,0.0,0.0,0.0,0.012422360248447208,6.720496894409928,22.88198757763976,0.38509316770186347,0.0,0.0,0.0,0.0,0.0,0.0,0.0,0.0,0.0,0.0,0.0,0.0,0.0,0.0,0.0,0.0
95700,4701,2443,0.5196766645394597,1153,979,0.45352052754733035,1332,0.5666879387364391,0.4060000000000001,2.9698848538529674,3.0642624297359733,6.510268562401264,2.1683429853881098,8379.64033184429,506.3074887515881,7853.0,8866.4,8866.399999999998,1.8189894035458565e-12,7853.0,0.0,28.24952137843012,21.108951028744904,33.418130888719126,19.249990022986598,0.14486279514996808,0.09295894490533929,0.09019357583492874,0.08679004467134652,0.07955754094873431,0.07019783024888322,0.07083599234205488,0.07019783024888322,0.05849819187406935,0.048287598383322694,0.051265688151457135,0.040416932567538824,0.031057221867687727,0.023611997447351627,0.0204211869814933,0.012550521165709424,0.008296107211231652,0.8969760108338952,0.022539473436506453,0.0,0.0,0.0,0.0,0.0,0.0,0.0,0.0,0.0,0.0,0.0,0.0,0.0,0.0,0.0,0.0,0.0,0.0,0.0,0.0,0.0,0.0,0.0,0.0,0.08296107211231656,2.5781748564135296,14.09061901723038,11.640076579451184,1.582641991065731,0.02552648372686663,4.1568627450980395,2.808059472441589,nan,nan,nan,4.1324900133155795,2.7963065909932614,4.181759794476558,2.819507463485318,1.011922540889929,0.408,0.01164,0.0,0.0,0.0,0.0,0.0,0.0,0.0,0.0,0.0,0.0,0.006381620931716657,7.313337587747277,22.386726228462035,0.29355456285896625,0.0,0.0,0.0,0.0,0.0,0.0,0.0,0.0,0.0,0.0,0.0,0.0,0.0,0.0,0.0,0.0,nan,nan,4.1568627450980395,2.808059472441589,nan,0.408,0.06866,0.0,0.0,0.0,0.0,0.0,0.0,0.0,0.0,0.0,0.0,0.0,0.0,0.0,0.0,0.0,0.0,0.0,0.0,0.0,0.0001169963837481387,0.0,0.00044671346522016594,0.00482875983833227,0.0,2.1272069772388854e-05,0.0014358647096362476,0.0003084450116996384,0.0022229312912146353,0.005371197617528185,0.00788130185067007,0.01801744309721336,0.03287598383322697,0.021218889597957882,0.052680280791321,0.0658476919804297,0.035184003403531165,0.05440331844288449,0.048489683046160394,0.03900233992767496,0.06994256541161455,0.05257392044245905,0.04469261859178898,0.046968730057434585,0.09156562433524781,0.030312699425654115,0.0362582429270368,0.02589874494788343,0.05339289512869602,0.057966390129759626,0.014124654328866199,0.01807062327164433,0.006838970431823016,0.008849181025313763,0.004222505849819188,0.012954690491384811,0.005052116570942353,0.005658370559455435,0.008508827908955541,0.000521165709423527,0.0008083386513507764,0.0032439906402893003,0.0005424377791959158,0.001318868325888109,0.00034035311635822167,0.00855137204850032,0.0002446288023824718,0.00022335673261008297,0.0,0.0,0.0,0.0,0.0,0.0,0.0,0.0,0.0,0.0,0.0,0.0,0.0,0.0,0.0,0.0,0.0,0.0,0.0,0.0,0.0,0.0,0.0,0.0,0.0,0.0,0.0,0.0,0.0,0.0,0.0,0.0,0.0,0.0,nan,nan,4.1568627450980395,2.808059472441589,nan,0.897045741523332,0.022661568979058157,0.0,0.0,0.0,0.0,0.0,0.0,0.0,0.0,0.0,0.0,0.0,0.0,0.0,0.0,0.0,0.0,0.0,0.0,0.0,0.0,0.0,0.0,0.0,0.0,0.09823986901350801,2.5296766270978313,14.343020875972169,11.334424887433487,1.6577977896029477,0.036839950880065496,0.8969005670454567,0.0224063807968544,0.0,0.0,0.0,0.0,0.0,0.0,0.0,0.0,0.0,0.0,0.0,0.0,0.0,0.0,0.0,0.0,0.0,0.0,0.0,0.0,0.0,0.0,0.0,0.0,0.06643046944198407,2.630646589902569,13.817537643932686,11.97077059344553,1.50132860938884,0.013286093888396815,0.4082,0.011696,0.0,0.0,0.0,0.0,0.0,0.0,0.0,0.0,0.0,0.0,0.0,7.146950470732695,22.54604993860009,0.3069995906672125,0.0,0.0,0.0,0.0,0.0,0.0,0.0,0.0,0.0,0.0,0.0,0.0,0.0,0.0,0.0,0.0,0.408,0.01158,0.0,0.0,0.0,0.0,0.0,0.0,0.0,0.0,0.0,0.0,0.013286093888396815,7.49335695305579,22.214348981399475,0.27900797165633306,0.0,0.0,0.0,0.0,0.0,0.0,0.0,0.0,0.0,0.0,0.0,0.0,0.0,0.0,0.0,0.0
95800,4834,2490,0.5151013653289201,1190,964,0.4455937112122466,1337,0.5531650806785271,0.4060000000000001,2.8929180887372015,3.064586507323188,6.411676646706587,2.140215488813316,8375.003723624328,506.46884015033936,7853.0,8866.4,8866.4,0.0,7853.0,0.0,28.419528340918493,21.185759558067737,33.41830708661417,19.401241931191596,0.13818783616052957,0.10095159288374017,0.08957385188249896,0.08585022755482002,0.07592056268100951,0.07509309060819197,0.0705419942076955,0.06371534960695077,0.05585436491518411,0.054406288787753415,0.049648324369052546,0.03909805544062888,0.032685146876292925,0.026685974348365744,0.0215142738932561,0.012825817128671908,0.007447248655357882,0.8983660662499745,0.022314813266509425,0.0,0.0,0.0,0.0,0.0,0.0,0.0,0.0,0.0,0.0,0.0,0.0,0.0,0.0,0.0,0.0,0.0,0.0,0.0,0.0,0.0,0.0,0.0,0.0,0.03723624327678941,2.258998758791891,13.653289201489454,12.318990484071165,1.6818369880016553,0.04964832436905255,4.205901218729955,2.883443004326029,nan,nan,nan,4.2621483375959075,2.8726729915017084,4.149292149292149,2.893137958462251,0.9735212903529736,0.408,0.01158,0.0,0.0,0.0,0.0,0.0,0.0,0.0,0.0,0.0,0.0,0.006206040546131569,7.2734795200661875,22.41621845262723,0.30409598676044686,0.0,0.0,0.0,0.0,0.0,0.0,0.0,0.0,0.0,0.0,0.0,0.0,0.0,0.0,0.0,0.0,nan,nan,4.205901218729955,2.883443004326029,nan,0.408,0.0679,0.0,0.0,0.0,0.0,0.0,0.0,0.0,0.0,0.0,0.0,0.0,0.0,0.0,0.0,0.0,0.0,0.0,0.0,0.0,7.240380637153497e-05,0.0,0.00035167563094745555,0.005057923045097228,0.0,0.0,0.0008067852709971038,0.0003206454282167977,0.002627223831195697,0.005233760860570956,0.008781547372776168,0.019135291683905667,0.03228175424079437,0.019042201075713694,0.05094124948282996,0.06600124120810923,0.03341952834091849,0.05666115018618122,0.0479623500206868,0.03759826230864708,0.07254861398427803,0.052968556061232935,0.045138601572196936,0.04640049648324369,0.09055647496896979,0.03032685146876293,0.03629499379395945,0.025506826644600744,0.05798510550268928,0.0575093090608192,0.014139429044269756,0.01908357467935457,0.006681836988001655,0.009867604468349193,0.003434009102192801,0.01294993793959454,0.005275134464211833,0.005895738518824989,0.007405875051717005,0.0005482002482416218,0.00043442283822920974,0.0028340918494000828,0.0005999172527927182,0.00143773272652048,0.00028961522548613986,0.0071886636326024,0.000258585022755482,0.00014480761274306993,0.0,0.0,0.0,0.0,0.0,0.0,0.0,0.0,0.0,0.0,0.0,0.0,0.0,0.0,0.0,0.0,0.0,0.0,0.0,0.0,0.0,0.0,0.0,0.0,0.0,0.0,0.0,0.0,0.0,0.0,0.0,0.0,0.0,0.0,nan,nan,4.205901218729955,2.883443004326029,nan,0.8980728977176559,0.022480518609844072,0.0,0.0,0.0,0.0,0.0,0.0,0.0,0.0,0.0,0.0,0.0,0.0,0.0,0.0,0.0,0.0,0.0,0.0,0.0,0.0,0.0,0.0,0.0,0.0,0.02409638554216868,2.2650602409638556,14.108433734939762,11.807228915662654,1.7349397590361448,0.0602409638554217,0.8986774952796132,0.022133174936970708,0.0,0.0,0.0,0.0,0.0,0.0,0.0,0.0,0.0,0.0,0.0,0.0,0.0,0.0,0.0,0.0,0.0,0.0,0.0,0.0,0.0,0.0,0.0,0.0,0.05119453924914677,2.2525597269624575,13.169795221843007,12.862627986348127,1.62542662116041,0.03839590443686008,0.408,0.01156,0.0,0.0,0.0,0.0,0.0,0.0,0.0,0.0,0.0,0.0,0.01204819277108434,7.253012048192761,22.469879518072297,0.26506024096385544,0.0,0.0,0.0,0.0,0.0,0.0,0.0,0.0,0.0,0.0,0.0,0.0,0.0,0.0,0.0,0.0,0.408,0.01161,0.0,0.0,0.0,0.0,0.0,0.0,0.0,0.0,0.0,0.0,0.0,7.295221843003402,22.35921501706485,0.3455631399317407,0.0,0.0,0.0,0.0,0.0,0.0,0.0,0.0,0.0,0.0,0.0,0.0,0.0,0.0,0.0,0.0
95900,4956,2518,0.5080710250201775,1201,1029,0.4499596448748991,1405,0.5669895076674738,0.3980000000000001,2.917965545529122,3.01565461007703,6.373751783166904,2.1083615319081446,8367.879176755448,506.63398135893226,7853.0,8866.4,8866.399999999998,1.8189894035458565e-12,7853.0,0.0,28.71912832929782,21.055103857095737,33.31851501537006,19.35946356631256,0.1297417271993543,0.09927360774818401,0.09120258272800645,0.08494753833736884,0.07970137207425343,0.07687651331719128,0.07041969330104923,0.06698950766747377,0.05831315577078289,0.048426150121065374,0.048627925746569815,0.04217110573042777,0.03349475383373689,0.030871670702179176,0.020984665052461663,0.012106537530266344,0.005851493139628733,0.8977705052391572,0.021996626798791892,0.0,0.0,0.0,0.0,0.0,0.0,0.0,0.0,0.0,0.0,0.0,0.0,0.0,0.0,0.0,0.0,0.0,0.0,0.0,0.0,0.0,0.0,0.0,0.0,0.06053268765133173,2.282082324455206,13.958837772397098,12.094430992736081,1.5799031476997583,0.024213075060532694,4.204978488014751,2.8222423785309143,nan,nan,nan,4.217629179331307,2.8202576736487583,4.192044748290864,2.824211465079979,0.993933930662795,0.4077,0.01197,0.0,0.0,0.0,0.0,0.0,0.0,0.0,0.0,0.0,0.0,0.012106537530266347,7.7966101694915135,21.76755447941889,0.4237288135593221,0.0,0.0,0.0,0.0,0.0,0.0,0.0,0.0,0.0,0.0,0.0,0.0,0.0,0.0,0.0,0.0,nan,nan,4.204978488014751,2.8222423785309143,nan,0.4077,0.0678,0.0,0.0,0.0,0.0,0.0,0.0,0.0,0.0,0.0,0.0,0.0,0.0,0.0,0.0,0.0,0.0,0.0,0.0,0.0,3.026634382566586e-05,0.0,0.0004136400322841001,0.005417675544794189,1.0088781275221954e-05,0.0,0.0007263922518159806,0.00016142050040355126,0.0026836158192090395,0.005498385794995965,0.008383777239709444,0.019985875706214688,0.03228410008071025,0.018573446327683617,0.04951573849878935,0.06628329297820823,0.03333333333333333,0.05666868442292171,0.05207828894269572,0.036037126715092814,0.07208434221146086,0.054671105730427765,0.04188861985472155,0.04961662631154157,0.08709644874899113,0.031991525423728816,0.03737893462469734,0.024485472154963682,0.05887812752219532,0.056023002421307505,0.01364003228410008,0.019652945924132366,0.005962469733656175,0.010391444713478611,0.002976190476190476,0.013397901533494754,0.004640839386602098,0.005266343825665859,0.007879338175948346,0.00035310734463276836,0.0006255044390637611,0.0035714285714285713,0.0007667473769168684,0.0011702986279257465,0.0003026634382566586,0.006799838579499597,0.00034301856335754643,6.053268765133172e-05,0.0,0.0,0.0,0.0,0.0,0.0,0.0,0.0,0.0,0.0,0.0,0.0,0.0,0.0,0.0,0.0,0.0,0.0,0.0,0.0,0.0,0.0,0.0,0.0,0.0,0.0,0.0,0.0,0.0,0.0,0.0,0.0,0.0,0.0,nan,nan,4.204978488014751,2.8222423785309143,nan,0.8976523722562646,0.02215828431012809,0.0,0.0,0.0,0.0,0.0,0.0,0.0,0.0,0.0,0.0,0.0,0.0,0.0,0.0,0.0,0.0,0.0,0.0,0.0,0.0,0.0,0.0,0.0,0.0,0.07148530579825259,2.406671961874504,13.891977760127087,12.1405877680699,1.4773629864972204,0.0119142176330421,0.8978925146119726,0.02182773680375809,0.0,0.0,0.0,0.0,0.0,0.0,0.0,0.0,0.0,0.0,0.0,0.0,0.0,0.0,0.0,0.0,0.0,0.0,0.0,0.0,0.0,0.0,0.0,0.0,0.049220672682526674,2.153404429860542,14.027891714520102,12.046759639048403,1.6858080393765384,0.036915504511895,0.408,0.01184,0.0,0.0,0.0,0.0,0.0,0.0,0.0,0.0,0.0,0.0,0.0119142176330421,7.541699761715636,22.041302621127883,0.40508339952343136,0.0,0.0,0.0,0.0,0.0,0.0,0.0,0.0,0.0,0.0,0.0,0.0,0.0,0.0,0.0,0.0,0.4075,0.0121,0.0,0.0,0.0,0.0,0.0,0.0,0.0,0.0,0.0,0.0,0.012305168170631669,8.059885151763728,21.484823625922893,0.44298605414274006,0.0,0.0,0.0,0.0,0.0,0.0,0.0,0.0,0.0,0.0,0.0,0.0,0.0,0.0,0.0,0.0
96000,4749,2479,0.5220046325542219,1192,964,0.4539903137502632,1318,0.5550642240471678,0.4100000000000001,2.992511013215859,3.1069676341788077,6.545038167938931,2.1374242092882745,8381.999494630449,506.209069989097,7853.0,8866.4,8866.4,0.0,7853.0,0.0,28.262792166771952,21.041887029575,33.05626089121235,19.33440172662729,0.1366603495472731,0.09938934512528953,0.08949252474205095,0.09349336702463676,0.08022741629816804,0.07096230785428512,0.06780374815750684,0.06506632975363234,0.0574857864813645,0.05285323225942304,0.045904400926510845,0.04527268898715519,0.03242787955359023,0.02505790692777427,0.018530216887765846,0.010949673615498,0.008422825858075385,0.8982177627641393,0.02225871788830106,0.0,0.0,0.0,0.0,0.0,0.0,0.0,0.0,0.0,0.0,0.0,0.0,0.0,0.0,0.0,0.0,0.0,0.0,0.0,0.0,0.0,0.0,0.0,0.0,0.05685407454200886,2.1478205938092234,13.859759949463047,12.192040429564122,1.7056222362602658,0.03790271636133923,4.14741935483871,2.8704068136336396,nan,nan,nan,4.125162127107653,2.8785223400507682,4.172125883108542,2.8611487719109694,1.01138470551067,0.408,0.01146,0.0,0.0,0.0,0.0,0.0,0.0,0.0,0.0,0.0,0.0,0.0,7.283638660770678,22.41945672773216,0.29690461149715736,0.0,0.0,0.0,0.0,0.0,0.0,0.0,0.0,0.0,0.0,0.0,0.0,0.0,0.0,0.0,0.0,nan,nan,4.14741935483871,2.8704068136336396,nan,0.408,0.06775,0.0,0.0,0.0,0.0,0.0,0.0,0.0,0.0,0.0,0.0,0.0,0.0,0.0,0.0,0.0,0.0,0.0,0.0,0.0,0.00018951358180669615,0.0,0.00035797009896820385,0.004906296062328911,7.369972625815961e-05,0.0,0.0007580543272267846,0.0002105706464518846,0.0026742472099389345,0.0061591914087176245,0.008170141082333124,0.02021478205938092,0.03328069067172036,0.018761844598862917,0.046651926721415035,0.06476100231627711,0.03281743524952622,0.05769635712781638,0.05293746051800379,0.0361339229311434,0.07020425352705832,0.055295851758264895,0.04341966729837861,0.04684144030322173,0.08573383870288481,0.033112234154558856,0.037986944619919985,0.02514213518635502,0.06351863550221098,0.05551695093703938,0.01396083385975995,0.01797220467466835,0.006517161507685829,0.010339018740787534,0.003474415666456096,0.013160665403242788,0.00375868603916614,0.005590650663297537,0.007970098968203833,0.00027374184038745,0.0006211834070330596,0.0032322594230364287,0.0012950094756790903,0.0012423668140661192,0.0005580122130974942,0.006138134344072436,0.00032638450200042114,4.2114129290376924e-05,0.0,0.0,0.0,0.0,0.0,0.0,0.0,0.0,0.0,0.0,0.0,0.0,0.0,0.0,0.0,0.0,0.0,0.0,0.0,0.0,0.0,0.0,0.0,0.0,0.0,0.0,0.0,0.0,0.0,0.0,0.0,0.0,0.0,0.0,nan,nan,4.14741935483871,2.8704068136336396,nan,0.898378344109194,0.0218077275423759,0.0,0.0,0.0,0.0,0.0,0.0,0.0,0.0,0.0,0.0,0.0,0.0,0.0,0.0,0.0,0.0,0.0,0.0,0.0,0.0,0.0,0.0,0.0,0.0,0.024203307785397345,2.0088745461879793,14.086325131101253,12.21056877773296,1.657926583299718,0.012101653892698672,0.8980423966168307,0.02273972111252391,0.0,0.0,0.0,0.0,0.0,0.0,0.0,0.0,0.0,0.0,0.0,0.0,0.0,0.0,0.0,0.0,0.0,0.0,0.0,0.0,0.0,0.0,0.0,0.0,0.09251101321585906,2.2995594713656393,13.612334801762119,12.171806167400884,1.757709251101322,0.06607929515418504,0.408,0.01145,0.0,0.0,0.0,0.0,0.0,0.0,0.0,0.0,0.0,0.0,0.0,7.1762807583703,22.496974586526832,0.32674465510286416,0.0,0.0,0.0,0.0,0.0,0.0,0.0,0.0,0.0,0.0,0.0,0.0,0.0,0.0,0.0,0.0,0.408,0.011475,0.0,0.0,0.0,0.0,0.0,0.0,0.0,0.0,0.0,0.0,0.0,7.400881057268712,22.334801762114544,0.26431718061674014,0.0,0.0,0.0,0.0,0.0,0.0,0.0,0.0,0.0,0.0,0.0,0.0,0.0,0.0,0.0,0.0
96100,4689,2465,0.5256984431648539,1180,934,0.4508423970995948,1294,0.5519300490509703,0.4220000000000001,3.075089928057554,3.1394779716314285,6.7050691244239635,2.0625299036660643,8385.742802303263,506.03029795476965,7853.0,8866.4,8866.4,0.0,7853.0,0.0,28.54851780763489,21.151139448701333,33.68312547722066,19.25185378267555,0.1416080187673278,0.0944764342077202,0.08871827681808488,0.0799744081893794,0.0838131797824696,0.07208359991469396,0.07528257624226914,0.05907442951588825,0.06120708040093837,0.054595862657283,0.044785668586052464,0.044145873320537425,0.032416293452761785,0.023245894647046277,0.02473875026658136,0.013222435487310728,0.006611217743655364,0.8988753848300608,0.022219311069910416,0.0,0.0,0.0,0.0,0.0,0.0,0.0,0.0,0.0,0.0,0.0,0.0,0.0,0.0,0.0,0.0,0.0,0.0,0.0,0.0,0.0,0.0,0.0,0.0,0.04478566858605248,2.0729366602687143,13.301343570057584,12.85988483685221,1.701855406269994,0.019193857965451058,4.195581546458739,2.919332388556867,nan,nan,nan,4.206359506813757,2.928565224540655,4.184775536759922,2.9100060419731473,0.9948687291186424,0.4087,0.01129,0.0,0.0,0.0,0.0,0.0,0.0,0.0,0.0,0.0,0.0,0.006397952655150353,6.685860524632108,22.96225207933462,0.3454894433781191,0.0,0.0,0.0,0.0,0.0,0.0,0.0,0.0,0.0,0.0,0.0,0.0,0.0,0.0,0.0,0.0,nan,nan,4.195581546458739,2.919332388556867,nan,0.4087,0.0677,0.0,0.0,0.0,0.0,0.0,0.0,0.0,0.0,0.0,0.0,0.0,0.0,0.0,0.0,0.0,0.0,0.0,0.0,0.0,6.397952655150352e-05,2.1326508850501173e-05,0.00034122414160801877,0.0042972915333759866,0.00011729579867775645,9.596928982725528e-05,0.001108978460226061,8.530603540200469e-05,0.0027724461505651524,0.005075709106419279,0.00835999146939646,0.02053742802303263,0.03509277031349968,0.018074216250799743,0.04323949669439113,0.063659628918746,0.03225634463638302,0.05694177863083813,0.05511836212412028,0.03582853486884197,0.068127532522926,0.055193004905097036,0.044838984858178714,0.046438473021966305,0.08598848368522073,0.0354766474728087,0.03797184900831734,0.025175943698016633,0.063574322883344,0.05492642354446577,0.013531669865642994,0.02017487737257411,0.006291320110897846,0.0099914693964598,0.0041053529537214755,0.01435274045638729,0.004254638515674984,0.004937086798891021,0.007485604606525912,0.00027724461505651527,0.0004478566858605246,0.003838771593090211,0.0016101514182128385,0.0007784175730432928,0.0005758157389635317,0.006227340584346343,0.0003198976327575176,0.0,0.0,0.0,0.0,0.0,0.0,0.0,0.0,0.0,0.0,0.0,0.0,0.0,0.0,0.0,0.0,0.0,0.0,0.0,0.0,0.0,0.0,0.0,0.0,0.0,0.0,0.0,0.0,0.0,0.0,0.0,0.0,0.0,0.0,0.0,nan,nan,4.195581546458739,2.919332388556867,nan,0.8987096872581188,0.022604470884260458,0.0,0.0,0.0,0.0,0.0,0.0,0.0,0.0,0.0,0.0,0.0,0.0,0.0,0.0,0.0,0.0,0.0,0.0,0.0,0.0,0.0,0.0,0.0,0.0,0.06085192697768764,2.16632860040568,13.253549695740368,12.730223123732255,1.7647058823529416,0.024340770791075057,0.89905903793925,0.02178298617609826,0.0,0.0,0.0,0.0,0.0,0.0,0.0,0.0,0.0,0.0,0.0,0.0,0.0,0.0,0.0,0.0,0.0,0.0,0.0,0.0,0.0,0.0,0.0,0.0,0.026978417266187056,1.969424460431655,13.354316546762593,13.003597122302162,1.632194244604317,0.013489208633093528,0.4087,0.01137,0.0,0.0,0.0,0.0,0.0,0.0,0.0,0.0,0.0,0.0,0.0,6.803245436105466,22.880324543610552,0.31643002028397577,0.0,0.0,0.0,0.0,0.0,0.0,0.0,0.0,0.0,0.0,0.0,0.0,0.0,0.0,0.0,0.0,0.4087,0.01121,0.0,0.0,0.0,0.0,0.0,0.0,0.0,0.0,0.0,0.0,0.013489208633093528,6.555755395683444,23.05305755395684,0.3776978417266188,0.0,0.0,0.0,0.0,0.0,0.0,0.0,0.0,0.0,0.0,0.0,0.0,0.0,0.0,0.0,0.0
96200,4895,2505,0.5117466802860061,1165,1031,0.44862104187946883,1409,0.5756894790602656,0.4020000000000001,2.984937238493724,3.174259557886038,6.8065522620904835,2.2076354807248895,8371.604085801839,506.5601472098079,7853.0,8866.4,8866.4,0.0,7853.0,0.0,27.866394279877426,20.872728892299836,32.50180592342885,19.266530307578538,0.13503575076608784,0.1003064351378958,0.09805924412665985,0.09458631256384066,0.0755873340143003,0.07722165474974464,0.06762002042900919,0.06353421859039837,0.05822267620020429,0.050459652706843716,0.04473953013278856,0.041062308478038816,0.02982635342185904,0.024106230847803882,0.019816138917262513,0.012053115423901941,0.007763023493360572,0.8998046070976569,0.022275461009408123,0.0,0.0,0.0,0.0,0.0,0.0,0.0,0.0,0.0,0.0,0.0,0.0,0.0,0.0,0.0,0.0,0.0,0.0,0.0,0.0,0.0,0.0,0.0,0.0,0.03064351378958121,1.9427987742594488,13.244126659857,12.839632277834529,1.9060265577119513,0.036772216547497454,4.3473416109519265,2.931677177604517,nan,nan,nan,4.416450777202073,2.9113880107487424,4.280525986224171,2.9496212845187673,0.9692230712318697,0.4087,0.01145,0.0,0.0,0.0,0.0,0.0,0.0,0.0,0.0,0.0,0.0,0.0,6.845760980592431,22.792645556690506,0.36159346271705833,0.0,0.0,0.0,0.0,0.0,0.0,0.0,0.0,0.0,0.0,0.0,0.0,0.0,0.0,0.0,0.0,nan,nan,4.3473416109519265,2.931677177604517,nan,0.4087,0.06805,0.0,0.0,0.0,0.0,0.0,0.0,0.0,0.0,0.0,0.0,0.0,0.0,0.0,0.0,0.0,0.0,0.0,0.0,0.0,3.0643513789581204e-05,3.0643513789581204e-05,0.00015321756894790602,0.004657814096016343,1.0214504596527069e-05,0.00014300306435137896,0.0006128702757916241,7.150153217568948e-05,0.003094994892747702,0.005005107252298264,0.007323799795709908,0.021910112359550562,0.03638406537282942,0.018069458631256384,0.040755873340143,0.06599591419816139,0.0323391215526047,0.0577732379979571,0.056772216547497444,0.037385086823289074,0.0675485188968335,0.05313585291113381,0.04556690500510725,0.04647599591419816,0.08318692543411645,0.03507660878447395,0.03634320735444331,0.023820224719101123,0.06493360572012258,0.055546475995914196,0.013524004085801839,0.020194075587334014,0.005934627170582227,0.010919305413687436,0.003707865168539326,0.014259448416751787,0.004300306435137896,0.004678243105209397,0.006884576098059244,0.0004902962206332993,0.00036772216547497445,0.004136874361593463,0.0017262512768130745,0.0007967313585291113,0.0006639427987742595,0.006874361593462717,0.00036772216547497445,0.0,0.0,2.0429009193054138e-05,0.0,0.0,0.0,0.0,0.0,0.0,0.0,0.0,0.0,0.0,0.0,0.0,0.0,0.0,0.0,0.0,0.0,0.0,0.0,0.0,0.0,0.0,0.0,0.0,0.0,0.0,0.0,0.0,0.0,0.0,0.0,0.0,nan,nan,4.3473416109519265,2.931677177604517,nan,0.89946875379471,0.02195044795448381,0.0,0.0,0.0,0.0,0.0,0.0,0.0,0.0,0.0,0.0,0.0,0.0,0.0,0.0,0.0,0.0,0.0,0.0,0.0,0.0,0.0,0.0,0.0,0.0,0.01197604790419162,1.9520958083832338,13.592814371257488,12.562874251497009,1.8323353293413178,0.04790419161676648,0.9001566207059757,0.02260574392325424,0.0,0.0,0.0,0.0,0.0,0.0,0.0,0.0,0.0,0.0,0.0,0.0,0.0,0.0,0.0,0.0,0.0,0.0,0.0,0.0,0.0,0.0,0.0,0.0,0.050209205020920515,1.9330543933054398,12.878661087866112,13.129707112970713,1.9832635983263602,0.025104602510460258,0.4087,0.011345,0.0,0.0,0.0,0.0,0.0,0.0,0.0,0.0,0.0,0.0,0.0,6.610778443113762,23.017964071856294,0.3712574850299402,0.0,0.0,0.0,0.0,0.0,0.0,0.0,0.0,0.0,0.0,0.0,0.0,0.0,0.0,0.0,0.0,0.4084,0.011566,0.0,0.0,0.0,0.0,0.0,0.0,0.0,0.0,0.0,0.0,0.0,7.09205020920501,22.55648535564854,0.3514644351464436,0.0,0.0,0.0,0.0,0.0,0.0,0.0,0.0,0.0,0.0,0.0,0.0,0.0,0.0,0.0,0.0
96300,4826,2494,0.5167840861997514,1191,1003,0.45462080397845006,1354,0.5611272275176129,0.4220000000000001,2.9965694682675816,3.177022225474735,6.8249211356466875,2.201077398235536,8376.70899295483,506.4144391293187,7853.0,8866.4,8866.400000000001,1.8189894035458565e-12,7853.0,0.0,27.612308329879816,20.720685177275126,32.31371106205543,19.110497814001416,0.13447990053874845,0.10319104848736013,0.0984251968503937,0.09117281392457521,0.08309158723580605,0.07438872772482387,0.06755076668048073,0.06610029009531704,0.056154164939908824,0.05511811023622047,0.04247824285122254,0.03377538334024036,0.03377538334024036,0.02673021135515955,0.016162453377538334,0.008288437629506838,0.009117281392457521,0.8992020720473177,0.022417789316536107,0.0,0.0,0.0,0.0,0.0,0.0,0.0,0.0,0.0,0.0,0.0,0.0,0.0,0.0,0.0,0.0,0.0,0.0,0.0,0.0,0.0,0.0,0.0,0.0,0.04351429755491091,2.200580190634066,13.40240364691256,12.45130542892665,1.8462494819726485,0.05594695399917117,4.316828478964402,2.9643417448548797,nan,nan,nan,4.260869565217392,2.893875745404329,4.372498386055519,3.031794976899575,1.0261986008089483,0.409,0.011475,0.0,0.0,0.0,0.0,0.0,0.0,0.0,0.0,0.0,0.0,0.012432656444260259,6.464981351015324,23.106092001657693,0.4164939908827187,0.0,0.0,0.0,0.0,0.0,0.0,0.0,0.0,0.0,0.0,0.0,0.0,0.0,0.0,0.0,0.0,nan,nan,4.316828478964402,2.9643417448548797,nan,0.409,0.06805,0.0,0.0,0.0,0.0,0.0,0.0,0.0,0.0,0.0,0.0,0.0,0.0,0.0,0.0,0.0,0.0,0.0,0.0,0.0,0.0,4.144218814753419e-05,0.0001554082055532532,0.004962702030667219,0.0,9.324492333195193e-05,0.0004765851636966432,1.0360547036883547e-05,0.0031703273932863654,0.004765851636966432,0.0071694985495234145,0.020907583920431,0.03439701616245338,0.017975549108992954,0.042571487774554495,0.06437007874015747,0.033630335681723994,0.058868628263572316,0.05504558640696229,0.03968089515126399,0.06569622876087858,0.052786987152921676,0.046301284707832575,0.04602154993783672,0.08323663489432243,0.035930377123912144,0.037038955656858684,0.02243058433485288,0.06585163696643183,0.05366763365105678,0.014142146705346042,0.021042271031910486,0.006900124326564443,0.010816411106506423,0.0028698715292167424,0.015509738914214671,0.004144218814753419,0.004838375466224617,0.00709697472026523,0.00042478242851222545,0.00064235391628678,0.0039162867799419805,0.002082469954413593,0.0008495648570244509,0.0005698300870285951,0.006506423539162868,0.00035225859925404064,0.0,0.0,4.144218814753419e-05,0.0,0.0,0.0,0.0,0.0,0.0,0.0,0.0,0.0,0.0,0.0,0.0,0.0,0.0,0.0,0.0,0.0,0.0,0.0,0.0,0.0,0.0,0.0,0.0,0.0,0.0,0.0,0.0,0.0,0.0,0.0,0.0,nan,nan,4.316828478964402,2.9643417448548797,nan,0.8993853878860198,0.02241743126607533,0.0,0.0,0.0,0.0,0.0,0.0,0.0,0.0,0.0,0.0,0.0,0.0,0.0,0.0,0.0,0.0,0.0,0.0,0.0,0.0,0.0,0.0,0.0,0.0,0.04811547714514837,2.129109863672815,13.36407377706496,12.41379310344828,1.98476343223737,0.06014434643143546,0.8990060215748809,0.02241651336315298,0.0,0.0,0.0,0.0,0.0,0.0,0.0,0.0,0.0,0.0,0.0,0.0,0.0,0.0,0.0,0.0,0.0,0.0,0.0,0.0,0.0,0.0,0.0,0.0,0.03859348198970841,2.277015437392796,13.443396226415098,12.491423670668956,1.69811320754717,0.05145797598627788,0.409,0.01136,0.0,0.0,0.0,0.0,0.0,0.0,0.0,0.0,0.0,0.0,0.024057738572574185,6.303127506014426,23.311948676824386,0.36086607858861275,0.0,0.0,0.0,0.0,0.0,0.0,0.0,0.0,0.0,0.0,0.0,0.0,0.0,0.0,0.0,0.0,0.4092,0.011604,0.0,0.0,0.0,0.0,0.0,0.0,0.0,0.0,0.0,0.0,0.0,6.638078902229836,22.88593481989709,0.4759862778730704,0.0,0.0,0.0,0.0,0.0,0.0,0.0,0.0,0.0,0.0,0.0,0.0,0.0,0.0,0.0,0.0
96400,4806,2493,0.5187265917602997,1160,982,0.44569288389513106,1389,0.5780274656679151,0.4020000000000001,3.0108084738434933,3.0260955959874165,6.389855072463768,2.091434909098538,8378.67752808989,506.34449086328306,7853.0,8866.4,8866.4,0.0,7853.0,0.0,28.58822305451519,21.03704445925588,33.46366100024637,19.24756947696303,0.13275072825634623,0.10091552226383688,0.09113607990012484,0.08447773616312942,0.07553058676654183,0.07823553890969621,0.06533499791926758,0.06637536412817312,0.059508947149396585,0.05305867665418227,0.05056179775280899,0.04265501456512692,0.031835205992509365,0.030170620058260506,0.022888056595921764,0.009779442363712027,0.00478568456096546,0.8990072840161984,0.02238487627497827,0.0,0.0,0.0,0.0,0.0,0.0,0.0,0.0,0.0,0.0,0.0,0.0,0.0,0.0,0.0,0.0,0.0,0.0,0.0,0.0,0.0,0.0,0.0,0.0,0.05617977528089889,2.1348314606741576,13.35830212234707,12.478152309612987,1.9225967540574287,0.04993757802746568,4.2624203821656055,2.7832395094974993,nan,nan,nan,4.213230571612074,2.7635585589857414,4.310802274162982,2.80162001698848,1.0231584056206955,0.4097,0.01124,0.0,0.0,0.0,0.0,0.0,0.0,0.0,0.0,0.0,0.0,0.0,6.079900124843936,23.539325842696634,0.3807740324594258,0.0,0.0,0.0,0.0,0.0,0.0,0.0,0.0,0.0,0.0,0.0,0.0,0.0,0.0,0.0,0.0,nan,nan,4.2624203821656055,2.7832395094974993,nan,0.4097,0.06805,0.0,0.0,0.0,0.0,0.0,0.0,0.0,0.0,0.0,0.0,0.0,0.0,0.0,0.0,0.0,0.0,0.0,0.0,0.0,0.0,0.0,0.00014565126924677486,0.004837702871410736,7.282563462338743e-05,0.00010403662089055348,0.0006242197253433209,4.161464835622139e-05,0.0031939242613399916,0.0055451518934665,0.007865168539325843,0.02099459009571369,0.033042030794839784,0.01730129005409904,0.03999167707032875,0.06460674157303371,0.03328131502288806,0.055919683728672495,0.053703703703703705,0.041000832292967124,0.06768622555139409,0.053069080316271326,0.04366416978776529,0.04528714107365793,0.08644402829796088,0.03626716604244694,0.03746358718268831,0.023002496878901373,0.06763420724094882,0.052215980024968786,0.013826466916354557,0.021296296296296296,0.008031627132750728,0.011100707449022055,0.0024968789013732834,0.01626092384519351,0.004629629629629629,0.004816895547232626,0.007927590511860174,0.0004889721181856013,0.0006138160632542655,0.003204327923429047,0.0023512276321265087,0.000749063670411985,0.0008322929671244278,0.006179775280898876,0.00018726591760299626,0.0,0.0,0.0,0.0,0.0,0.0,0.0,0.0,0.0,0.0,0.0,0.0,0.0,0.0,0.0,0.0,0.0,0.0,0.0,0.0,0.0,0.0,0.0,0.0,0.0,0.0,0.0,0.0,0.0,0.0,0.0,0.0,0.0,0.0,0.0,nan,nan,4.2624203821656055,2.7832395094974993,nan,0.8990355169156254,0.02235144419117099,0.0,0.0,0.0,0.0,0.0,0.0,0.0,0.0,0.0,0.0,0.0,0.0,0.0,0.0,0.0,0.0,0.0,0.0,0.0,0.0,0.0,0.0,0.0,0.0,0.0601684717208183,2.226233453670277,13.2129963898917,12.551143200962699,1.877256317689531,0.07220216606498196,0.8989768540039755,0.02242081444694566,0.0,0.0,0.0,0.0,0.0,0.0,0.0,0.0,0.0,0.0,0.0,0.0,0.0,0.0,0.0,0.0,0.0,0.0,0.0,0.0,0.0,0.0,0.0,0.0,0.051880674448767844,2.036316472114138,13.514915693904024,12.399481193255516,1.971465629053178,0.025940337224383922,0.4092,0.01124,0.0,0.0,0.0,0.0,0.0,0.0,0.0,0.0,0.0,0.0,0.0,6.37785800240673,23.261131167268356,0.3610108303249098,0.0,0.0,0.0,0.0,0.0,0.0,0.0,0.0,0.0,0.0,0.0,0.0,0.0,0.0,0.0,0.0,0.4102,0.01121,0.0,0.0,0.0,0.0,0.0,0.0,0.0,0.0,0.0,0.0,0.0,5.758754863813221,23.839169909208827,0.40207522697795084,0.0,0.0,0.0,0.0,0.0,0.0,0.0,0.0,0.0,0.0,0.0,0.0,0.0,0.0,0.0,0.0
96500,4637,2435,0.5251240025878801,1180,912,0.4511537632089713,1270,0.5477679534181583,0.4140000000000001,3.0036330608537694,3.105031729557544,6.603174603174603,2.205618241368299,8385.160664222558,506.05992192362555,7853.0,8866.4,8866.399999999998,1.8189894035458565e-12,7853.0,0.0,28.849471641147293,21.150043328621592,33.669295344696,19.352374383741722,0.13327582488678025,0.09488893681259435,0.08798792322622385,0.08410610308389045,0.08302781971102005,0.07806771619581626,0.06922579253827905,0.06167780892818633,0.06059952555531594,0.05477679534181583,0.044856588311408235,0.042915678240241534,0.033858097908130255,0.030407591114945006,0.019624757386241105,0.012723743799870606,0.007979296959240888,0.8989884438559956,0.022143785520917152,0.0,0.0,0.0,0.0,0.0,0.0,0.0,0.0,0.0,0.0,0.0,0.0,0.0,0.0,0.0,0.0,0.0,0.0,0.0,0.0,0.0,0.0,0.0,0.0,0.07763640284666812,2.0250161742505934,13.418158291999141,12.583566961397459,1.8697433685572573,0.025878800948889374,4.1284224250325945,2.890516434085119,nan,nan,nan,4.189313984168866,2.907622010560384,4.068943298969073,2.872463366276309,0.9712672085084417,0.409,0.011635,0.0,0.0,0.0,0.0,0.0,0.0,0.0,0.0,0.0,0.0,0.012939400474444687,6.508518438645667,23.038602544748766,0.43993961613111937,0.0,0.0,0.0,0.0,0.0,0.0,0.0,0.0,0.0,0.0,0.0,0.0,0.0,0.0,0.0,0.0,nan,nan,4.1284224250325945,2.890516434085119,nan,0.409,0.0683,0.0,0.0,0.0,0.0,0.0,0.0,0.0,0.0,0.0,0.0,0.0,0.0,0.0,0.0,0.0,0.0,0.0,0.0,0.0,2.1565667457407806e-05,0.0,4.313133491481561e-05,0.005779598878585293,9.704550355833513e-05,2.1565667457407806e-05,0.0005930558550787146,0.0,0.0035367694630148803,0.005758033211127884,0.008496872978218675,0.019042484364891095,0.03486090144489972,0.016465387103730862,0.03968082812163037,0.06636834160017252,0.0353569117964201,0.05486305801164546,0.05489540651283157,0.04292646107397024,0.0640823808496873,0.05367694630148803,0.04039249514772482,0.04664653871037309,0.08605779598878585,0.03635971533318956,0.03778304938537848,0.02301056717705413,0.06842786284235497,0.05214578391201208,0.015182229890015097,0.019764934224714256,0.006847099417726979,0.01179642009920207,0.0021781324131981885,0.015613543239163252,0.004571921500970455,0.00397886564589174,0.007698943282294587,0.00014017683847315074,0.0005067931852490835,0.0030407591114945008,0.0031162389475954282,0.0006901013586370498,0.001121414707785206,0.006135432391632521,0.00019409100711667026,0.0,3.234850118611171e-05,0.0,0.0,0.0,0.0,0.0,0.0,0.0,0.0,0.0,0.0,0.0,0.0,0.0,0.0,0.0,0.0,0.0,0.0,0.0,0.0,0.0,0.0,0.0,0.0,0.0,0.0,0.0,0.0,0.0,0.0,0.0,0.0,0.0,nan,nan,4.1284224250325945,2.890516434085119,nan,0.8989336451465834,0.02240427269944757,0.0,0.0,0.0,0.0,0.0,0.0,0.0,0.0,0.0,0.0,0.0,0.0,0.0,0.0,0.0,0.0,0.0,0.0,0.0,0.0,0.0,0.0,0.0,0.0,0.08624229979466122,2.131416837782341,13.379876796714582,12.394250513347025,1.9712525667351133,0.036960985626283374,0.8990490409756227,0.02185196038654769,0.0,0.0,0.0,0.0,0.0,0.0,0.0,0.0,0.0,0.0,0.0,0.0,0.0,0.0,0.0,0.0,0.0,0.0,0.0,0.0,0.0,0.0,0.0,0.0,0.0681198910081744,1.9073569482288832,13.460490463215262,12.792915531335153,1.7574931880108995,0.01362397820163488,0.4092,0.01174,0.0,0.0,0.0,0.0,0.0,0.0,0.0,0.0,0.0,0.0,0.012320328542094458,6.480492813141674,23.03901437371664,0.46817248459958943,0.0,0.0,0.0,0.0,0.0,0.0,0.0,0.0,0.0,0.0,0.0,0.0,0.0,0.0,0.0,0.0,0.409,0.011505,0.0,0.0,0.0,0.0,0.0,0.0,0.0,0.0,0.0,0.0,0.01362397820163488,6.539509536784732,23.038147138964586,0.4087193460490464,0.0,0.0,0.0,0.0,0.0,0.0,0.0,0.0,0.0,0.0,0.0,0.0,0.0,0.0,0.0,0.0
96600,4566,2362,0.5173017958826106,1143,942,0.45663600525624176,1295,0.5672360928602715,0.3980000000000001,3.0181488203266786,3.1026943714467756,6.610169491525424,2.095696993381365,8377.233639947437,506.3965456736385,7853.0,8866.4,8866.4,0.0,7853.0,0.0,28.06723609286027,20.724061351598973,32.964350767629455,18.9269252004209,0.1366622864651774,0.10052562417871222,0.08848007008322382,0.08782303985983356,0.08366184844502847,0.07293035479632064,0.06986421375383267,0.06285589137100307,0.06241787122207622,0.05475251861585633,0.049058256679807274,0.03591765221200175,0.03504161191414805,0.026500219010074464,0.019491896627244855,0.008760402978537012,0.005256241787122208,0.8990590123298969,0.022748168743396198,0.0,0.0,0.0,0.0,0.0,0.0,0.0,0.0,0.0,0.0,0.0,0.0,0.0,0.0,0.0,0.0,0.0,0.0,0.0,0.0,0.0,0.0,0.0,0.0,0.05256241787122209,2.2733245729303553,13.048620236530883,12.713534822601844,1.8856767411300923,0.026281208935611044,4.234049697783748,2.8784339354879553,nan,nan,nan,4.243351063829787,2.8756282281514456,4.224559023066486,2.881262981041346,0.995571415025383,0.4087,0.01157,0.0,0.0,0.0,0.0,0.0,0.0,0.0,0.0,0.0,0.0,0.0,6.833114323258861,22.706964520367944,0.45992115637319325,0.0,0.0,0.0,0.0,0.0,0.0,0.0,0.0,0.0,0.0,0.0,0.0,0.0,0.0,0.0,0.0,nan,nan,4.234049697783748,2.8784339354879553,nan,0.4087,0.06836,0.0,0.0,0.0,0.0,0.0,0.0,0.0,0.0,0.0,0.0,0.0,0.0,0.0,0.0,0.0,0.0,0.0,0.0,0.0,7.665352606219886e-05,1.0950503723171266e-05,9.855453350854139e-05,0.0060337275514673674,9.855453350854139e-05,0.0,0.0006898817345597898,1.0950503723171266e-05,0.0036136662286465177,0.007303985983355235,0.010359176522120017,0.020521243977222953,0.03318002628120893,0.016228646517739816,0.042455102934735,0.06285589137100307,0.0334975908891809,0.05300043802014893,0.053942181340341656,0.04206088480070083,0.06552781427945685,0.053219448094612355,0.04117389399912396,0.0453131844064827,0.08524967148488831,0.03533727551467367,0.04138195356986421,0.024682435392028034,0.06796977660972404,0.05168637757336837,0.015549715286903198,0.020192728865527813,0.006822163819535699,0.013217257993867719,0.0021572492334647393,0.013775733683749453,0.005628558913710031,0.002551467367498905,0.008486640385457732,0.0002847130968024529,0.0005913272010512483,0.002639071397284275,0.00268287341217696,0.0007555847568988174,0.001237406920718353,0.0056942619360490585,0.00015330705212439772,0.0,0.0,0.0,0.0,0.0,0.0,0.0,0.0,0.0,0.0,0.0,0.0,0.0,0.0,0.0,0.0,0.0,0.0,0.0,0.0,0.0,0.0,0.0,0.0,0.0,0.0,0.0,0.0,0.0,0.0,0.0,0.0,0.0,0.0,0.0,nan,nan,4.234049697783748,2.8784339354879553,nan,0.8999901253676434,0.022737741694186103,0.0,0.0,0.0,0.0,0.0,0.0,0.0,0.0,0.0,0.0,0.0,0.0,0.0,0.0,0.0,0.0,0.0,0.0,0.0,0.0,0.0,0.0,0.0,0.0,0.03810330228619814,2.1972904318374264,12.650296359017785,13.031329381879766,2.0575783234547,0.025402201524132098,0.8980611498094081,0.022717011532664914,0.0,0.0,0.0,0.0,0.0,0.0,0.0,0.0,0.0,0.0,0.0,0.0,0.0,0.0,0.0,0.0,0.0,0.0,0.0,0.0,0.0,0.0,0.0,0.0,0.06805807622504538,2.3548094373865704,13.475499092558987,12.372958257713252,1.7014519056261348,0.027223230490018156,0.4087,0.0115,0.0,0.0,0.0,0.0,0.0,0.0,0.0,0.0,0.0,0.0,0.0,6.998306519898381,22.54445385266724,0.45723962743437774,0.0,0.0,0.0,0.0,0.0,0.0,0.0,0.0,0.0,0.0,0.0,0.0,0.0,0.0,0.0,0.0,0.409,0.011665,0.0,0.0,0.0,0.0,0.0,0.0,0.0,0.0,0.0,0.0,0.0,6.656079854809428,22.88112522686026,0.4627949183303086,0.0,0.0,0.0,0.0,0.0,0.0,0.0,0.0,0.0,0.0,0.0,0.0,0.0,0.0,0.0,0.0
96700,4521,2302,0.5091793850917938,1076,948,0.44768856447688565,1293,0.5719973457199734,0.3980000000000001,2.9278954484001805,3.0414341088326164,6.49198717948718,2.0372964488135876,8369.002388852023,506.6146025941668,7853.0,8866.4,8866.399999999998,1.8189894035458565e-12,7853.0,0.0,28.106171201061713,20.80566508393651,32.95251836306401,19.053167491372133,0.13713780137137802,0.0986507409865074,0.09312099093120992,0.0920150409201504,0.07498341074983411,0.0718867507188675,0.07232913072329131,0.06436629064366291,0.059500110595001106,0.05308560053085601,0.046892280468922805,0.042247290422472904,0.038487060384870604,0.021897810218978103,0.015040920150409202,0.010838310108383101,0.007520460075204601,0.8994392731289399,0.022456613279583156,0.0,0.0,0.0,0.0,0.0,0.0,0.0,0.0,0.0,0.0,0.0,0.0,0.0,0.0,0.0,0.0,0.0,0.0,0.0,0.0,0.0,0.0,0.0,0.0,0.04644990046449902,2.1234240212342406,13.205043132050434,12.70736562707366,1.8712674187126745,0.04644990046449902,4.211584327086882,2.8093059115301857,nan,nan,nan,4.215268225584595,2.8259483740484024,4.204054054054054,2.7897466313893866,0.9973396303792779,0.4092,0.01161,0.0,0.0,0.0,0.0,0.0,0.0,0.0,0.0,0.0,0.0,0.006635700066357002,6.54943596549435,23.145321831453224,0.29860650298606506,0.0,0.0,0.0,0.0,0.0,0.0,0.0,0.0,0.0,0.0,0.0,0.0,0.0,0.0,0.0,0.0,nan,nan,4.211584327086882,2.8093059115301857,nan,0.409,0.0686,0.0,0.0,0.0,0.0,0.0,0.0,0.0,0.0,0.0,0.0,0.0,0.0,0.0,0.0,0.0,0.0,0.0,0.0,0.0,8.847600088476001e-05,0.0,0.00015483300154833,0.00564034505640345,6.635700066357e-05,2.2119000221190002e-05,0.0009621765096217651,1.1059500110595001e-05,0.0030966600309666,0.0081840300818403,0.010959964609599646,0.02046007520460075,0.03084494580844946,0.014742313647423136,0.042247290422472904,0.06810440168104402,0.03159699181596992,0.054943596549435966,0.05232249502322495,0.04200398142003981,0.06361424463614244,0.05215660252156602,0.04278920592789206,0.04524441495244415,0.08364299933642999,0.03461623534616235,0.04375138243751382,0.024684804246848043,0.06845830568458305,0.05085158150851581,0.015759787657597876,0.021156823711568237,0.00679053306790533,0.011358106613581066,0.00269851802698518,0.014532183145321832,0.00579517805795178,0.0023114355231143554,0.008615350586153507,0.00068568900685689,0.00068568900685689,0.002245078522450785,0.0033399690333996905,0.000718867507188675,0.0013271400132714001,0.005496571554965715,0.00019907100199071002,2.2119000221190002e-05,0.0,0.0,0.0,0.0,0.0,0.0,0.0,0.0,0.0,0.0,0.0,0.0,0.0,0.0,0.0,0.0,0.0,0.0,0.0,0.0,0.0,0.0,0.0,0.0,0.0,0.0,0.0,0.0,0.0,0.0,0.0,0.0,0.0,0.0,nan,nan,4.211584327086882,2.8093059115301857,nan,0.9001002451785226,0.022519942005701166,0.0,0.0,0.0,0.0,0.0,0.0,0.0,0.0,0.0,0.0,0.0,0.0,0.0,0.0,0.0,0.0,0.0,0.0,0.0,0.0,0.0,0.0,0.0,0.0,0.06516072980017378,1.9808861859252826,12.966985230234581,12.927888792354478,1.9939183318853175,0.06516072980017378,0.898753577924731,0.0223700967806701,0.0,0.0,0.0,0.0,0.0,0.0,0.0,0.0,0.0,0.0,0.0,0.0,0.0,0.0,0.0,0.0,0.0,0.0,0.0,0.0,0.0,0.0,0.0,0.0,0.02703920684993241,2.2712933753943223,13.452005407841373,12.478593961243806,1.7440288418206404,0.02703920684993241,0.409,0.011536,0.0,0.0,0.0,0.0,0.0,0.0,0.0,0.0,0.0,0.0,0.0,6.620330147697644,23.066898349261518,0.3127715030408341,0.0,0.0,0.0,0.0,0.0,0.0,0.0,0.0,0.0,0.0,0.0,0.0,0.0,0.0,0.0,0.0,0.4092,0.01168,0.0,0.0,0.0,0.0,0.0,0.0,0.0,0.0,0.0,0.0,0.013519603424966204,6.475890040558801,23.22667868409194,0.2839116719242903,0.0,0.0,0.0,0.0,0.0,0.0,0.0,0.0,0.0,0.0,0.0,0.0,0.0,0.0,0.0,0.0
96800,4449,2274,0.5111260957518543,1109,902,0.4520116880197797,1265,0.568667116205889,0.4060000000000001,2.869885057471264,2.975159802238727,6.17879746835443,2.039482081684607,8370.975185434929,506.574535674078,7853.0,8866.4,8866.4,0.0,7853.0,0.0,28.49449314452686,20.952729740723086,33.516586409844834,19.08110783476342,0.13845808046752078,0.09327938862665767,0.09035738368172623,0.0831647561249719,0.08001798156889188,0.07552258934592043,0.07035288828950326,0.06428410878849179,0.06023825578781749,0.0584400988986289,0.05057316250842886,0.03843560350640594,0.03416498089458305,0.024724657226342997,0.020903573836817263,0.008766014834794335,0.00831647561249719,0.9000111846447956,0.023011609765198456,0.0,0.0,0.0,0.0,0.0,0.0,0.0,0.0,0.0,0.0,0.0,0.0,0.0,0.0,0.0,0.0,0.0,0.0,0.0,0.0,0.0,0.0,0.0,0.0,0.06743088334457183,2.171274443695213,12.764666217127447,12.771409305461905,2.1645313553607557,0.06068779501011465,4.093150684931507,2.7748048810644295,nan,nan,nan,4.183310533515732,2.7817158510415037,4.002743484224966,2.7649070990109683,0.95683632667379,0.4087,0.01167,0.0,0.0,0.0,0.0,0.0,0.0,0.0,0.0,0.0,0.0,0.0,6.904922454484144,22.656776803776136,0.4383007417397169,0.0,0.0,0.0,0.0,0.0,0.0,0.0,0.0,0.0,0.0,0.0,0.0,0.0,0.0,0.0,0.0,nan,nan,4.093150684931507,2.7748048810644295,nan,0.4087,0.06915,0.0,0.0,0.0,0.0,0.0,0.0,0.0,0.0,0.0,0.0,0.0,0.0,0.0,0.0,0.0,0.0,0.0,0.0,0.0,3.371544167228591e-05,0.0,0.00014610024724657226,0.006158687345470893,0.00017981568891885816,4.495392222971454e-05,0.001202517419644864,0.00011238480557428635,0.003427736570015734,0.00823780624859519,0.010912564621263205,0.02117329737019555,0.030681051921780174,0.016172173522139805,0.0424252641042931,0.06826253090582153,0.03313104068329962,0.05661946504832547,0.05257361204765116,0.04253764890986739,0.062081366599235785,0.04953922229714543,0.03928972802877051,0.046561024949426835,0.07892784895482131,0.03476062036412677,0.04485277590469768,0.025016857720836144,0.06858844684198696,0.05250618116430659,0.016351989211058664,0.02148797482580355,0.00774331310406833,0.010777702854574061,0.002000449539222297,0.013778377163407508,0.005180939536974601,0.0029444819060463027,0.008282760170824905,0.0009215554057091481,0.0004944931445268599,0.001888064733648011,0.0038660373117554506,0.0005731625084288604,0.0012811867835468645,0.006057541020454035,0.00021353113059114409,0.0,0.0,0.0,0.0,0.0,0.0,0.0,0.0,0.0,0.0,0.0,0.0,0.0,0.0,0.0,0.0,0.0,0.0,0.0,0.0,0.0,0.0,0.0,0.0,0.0,0.0,0.0,0.0,0.0,0.0,0.0,0.0,0.0,0.0,0.0,nan,nan,4.093150684931507,2.7748048810644295,nan,0.8997698298597294,0.023712422018985387,0.0,0.0,0.0,0.0,0.0,0.0,0.0,0.0,0.0,0.0,0.0,0.0,0.0,0.0,0.0,0.0,0.0,0.0,0.0,0.0,0.0,0.0,0.0,0.0,0.06596306068601585,2.453825857519789,12.691292875989449,12.255936675461745,2.453825857519789,0.079155672823219,0.9002635252338717,0.022252513988323775,0.0,0.0,0.0,0.0,0.0,0.0,0.0,0.0,0.0,0.0,0.0,0.0,0.0,0.0,0.0,0.0,0.0,0.0,0.0,0.0,0.0,0.0,0.0,0.0,0.06896551724137932,1.8758620689655177,12.84137931034483,13.31034482758621,1.8620689655172418,0.04137931034482759,0.4087,0.011475,0.0,0.0,0.0,0.0,0.0,0.0,0.0,0.0,0.0,0.0,0.0,6.701846965699199,22.92875989445911,0.36939313984168876,0.0,0.0,0.0,0.0,0.0,0.0,0.0,0.0,0.0,0.0,0.0,0.0,0.0,0.0,0.0,0.0,0.4084,0.01188,0.0,0.0,0.0,0.0,0.0,0.0,0.0,0.0,0.0,0.0,0.0,7.117241379310335,22.37241379310345,0.510344827586207,0.0,0.0,0.0,0.0,0.0,0.0,0.0,0.0,0.0,0.0,0.0,0.0,0.0,0.0,0.0,0.0
96900,4717,2402,0.5092219631121475,1096,1006,0.44562221751112996,1364,0.5783336866652533,0.3940000000000001,2.9935205183585314,3.0931473628183825,6.582554517133956,2.177527753968253,8369.045537417851,506.613808467921,7853.0,8866.4,8866.4,0.0,7853.0,0.0,28.079923680305278,20.938358448559363,33.18453738910013,19.089142208629397,0.14394742421030315,0.09751960992156031,0.0898876404494382,0.08352766588933644,0.07631969472122112,0.07801568793724825,0.07207971168115328,0.0661437354250583,0.053635785456858175,0.05533177867288531,0.052999788000847994,0.03815984736061056,0.0290438838244647,0.026287894848420607,0.01695993216027136,0.013567945728217087,0.006571973712105152,0.899484313087795,0.02265404316420809,0.0,0.0,0.0,0.0,0.0,0.0,0.0,0.0,0.0,0.0,0.0,0.0,0.0,0.0,0.0,0.0,0.0,0.0,0.0,0.0,0.0,0.0,0.0,0.0,0.038159847360610566,2.1242315030739882,13.209667161331359,12.478270086919656,2.0860716557133774,0.06359974560101761,4.373853211009174,2.862650608778838,nan,nan,nan,4.403969270166454,2.8295694227450547,4.342281879194631,2.8965886255232314,0.9859927744297154,0.409,0.01217,0.0,0.0,0.0,0.0,0.0,0.0,0.0,0.0,0.0,0.0,0.006359974560101761,7.091371634513451,22.228111087555657,0.6741573033707867,0.0,0.0,0.0,0.0,0.0,0.0,0.0,0.0,0.0,0.0,0.0,0.0,0.0,0.0,0.0,0.0,nan,nan,4.373853211009174,2.862650608778838,nan,0.409,0.06964,0.0,0.0,0.0,0.0,0.0,0.0,0.0,0.0,0.0,0.0,0.0,0.0,0.0,0.0,0.0,0.0,0.0,0.0,0.0,0.0,0.0,9.53996184015264e-05,0.007038371846512614,0.0002013991944032224,8.479966080135679e-05,0.0009221963112147552,0.00014839940640237439,0.003625185499258003,0.00900996396014416,0.00953996184015264,0.020765316938732244,0.030082679669281322,0.01561373754504982,0.0419440322238711,0.06875132499470002,0.032775068899724404,0.057313970744117024,0.054420182319270725,0.04038583845664617,0.06214755140979436,0.04907780368878525,0.04263302946788213,0.04601441594233623,0.07763408946364214,0.0326690693237227,0.04417002331990672,0.02600169599321603,0.06867712529149883,0.0535933856264575,0.017362730549077804,0.020245919016323936,0.007494170023319906,0.011352554589781641,0.0022153911384354464,0.013154547381810473,0.004663981344074624,0.002724189103243587,0.008532965868136528,0.001165995336018656,0.000688997244011024,0.0018867924528301887,0.004155183379266483,0.0008691965232139071,0.0009433962264150943,0.007080771676913292,0.0001271994912020352,0.0,0.0,0.0,0.0,0.0,0.0,0.0,0.0,0.0,0.0,0.0,0.0,0.0,0.0,0.0,0.0,0.0,0.0,0.0,0.0,0.0,0.0,0.0,0.0,0.0,0.0,0.0,0.0,0.0,0.0,0.0,0.0,0.0,0.0,0.0,nan,nan,4.373853211009174,2.862650608778838,nan,0.8993614615498733,0.021897196216596446,0.0,0.0,0.0,0.0,0.0,0.0,0.0,0.0,0.0,0.0,0.0,0.0,0.0,0.0,0.0,0.0,0.0,0.0,0.0,0.0,0.0,0.0,0.0,0.0,0.03746877601998335,2.0482930890924234,13.189009159034141,12.764363030807663,1.9233971690258123,0.03746877601998335,0.8996117815085672,0.023412804336919477,0.0,0.0,0.0,0.0,0.0,0.0,0.0,0.0,0.0,0.0,0.0,0.0,0.0,0.0,0.0,0.0,0.0,0.0,0.0,0.0,0.0,0.0,0.0,0.0,0.0388768898488121,2.2030237580993526,13.231101511879054,12.181425485961126,2.254859611231102,0.09071274298056158,0.4084,0.01208,0.0,0.0,0.0,0.0,0.0,0.0,0.0,0.0,0.0,0.0,0.0,7.194004995836792,22.19400499583681,0.6119900083263947,0.0,0.0,0.0,0.0,0.0,0.0,0.0,0.0,0.0,0.0,0.0,0.0,0.0,0.0,0.0,0.0,0.4092,0.01225,0.0,0.0,0.0,0.0,0.0,0.0,0.0,0.0,0.0,0.0,0.012958963282937368,6.9848812095032295,22.2634989200864,0.73866090712743,0.0,0.0,0.0,0.0,0.0,0.0,0.0,0.0,0.0,0.0,0.0,0.0,0.0,0.0,0.0,0.0
97000,4666,2403,0.5150021431633091,1117,959,0.44492070295756536,1286,0.5512216030861552,0.4220000000000001,2.9376933274414494,3.1345025039852374,6.6656,2.196400837734315,8374.903171881697,506.47186848307314,7853.0,8866.4,8866.399999999998,1.8189894035458565e-12,7853.0,0.0,27.585726532361765,20.936149995563788,32.63799743260591,19.23478059903959,0.14187741105872267,0.10244320617231033,0.09579939991427347,0.09537076725246464,0.07715387912558937,0.06772396056579512,0.06665237891127304,0.06665237891127304,0.05807972567509644,0.05229318474067724,0.044577796828118306,0.03771967423917703,0.030432918988426916,0.028075439348478354,0.015859408486926702,0.012430347192456065,0.006858122588941277,0.8988204875372532,0.02263431697727739,0.0,0.0,0.0,0.0,0.0,0.0,0.0,0.0,0.0,0.0,0.0,0.0,0.0,0.0,0.0,0.0,0.0,0.0,0.0,0.0,0.0,0.0,0.0,0.0,0.05143591941705959,2.2631804543506218,13.411915987998288,12.31247321045864,1.9159879982854697,0.04500642948992715,4.19959609559071,2.9292475576319137,nan,nan,nan,4.224530831099195,2.9064712594528292,4.174442190669371,2.9518325996380974,0.9881433838614473,0.409,0.012054,0.0,0.0,0.0,0.0,0.0,0.0,0.0,0.0,0.0,0.0,0.012858979854264898,6.815259322760384,22.561080154307763,0.6108015430775826,0.0,0.0,0.0,0.0,0.0,0.0,0.0,0.0,0.0,0.0,0.0,0.0,0.0,0.0,0.0,0.0,nan,nan,4.19959609559071,2.9292475576319137,nan,0.409,0.0696,0.0,0.0,0.0,0.0,0.0,0.0,0.0,0.0,0.0,0.0,0.0,0.0,0.0,0.0,0.0,0.0,0.0,0.0,0.0,0.0,0.0,2.1431633090441493e-05,0.007586798114016288,0.00028932704672096014,7.501071581654523e-05,0.00071795970852979,9.644234890698671e-05,0.0036433776253750536,0.007983283326189456,0.008444063437633948,0.02354264894984998,0.030261465923703386,0.0158058294042006,0.04061294470638663,0.06958851264466352,0.031536648092584656,0.056675953707672526,0.05300042863266181,0.041116588084012,0.062055293613373336,0.046924560651521646,0.043591941705957996,0.04469567081011573,0.07725032147449636,0.03271538791255894,0.0468495499357051,0.024196313759108443,0.0688491213030433,0.05819759965709387,0.017884697813973425,0.02111015859408487,0.007286755250750107,0.010276468066866695,0.0022181740248606945,0.011937419631375911,0.00560437205315045,0.0024646378054007717,0.008679811401628804,0.0011037291041577368,0.0003214744963566224,0.001564509215602229,0.004104157736819545,0.0011680240034290612,0.0006643806258036862,0.007201028718388341,8.572653236176597e-05,0.0,0.0,0.0,0.0,0.0,0.0,0.0,0.0,0.0,0.0,0.0,0.0,0.0,0.0,0.0,0.0,0.0,0.0,0.0,0.0,0.0,0.0,0.0,0.0,0.0,0.0,0.0,0.0,0.0,0.0,0.0,0.0,0.0,0.0,0.0,nan,nan,4.19959609559071,2.9292475576319137,nan,0.8984339292030556,0.022219555175409546,0.0,0.0,0.0,0.0,0.0,0.0,0.0,0.0,0.0,0.0,0.0,0.0,0.0,0.0,0.0,0.0,0.0,0.0,0.0,0.0,0.0,0.0,0.0,0.0,0.03745318352059926,2.297128589263421,13.520599250936332,12.297128589263425,1.785268414481898,0.0624219725343321,0.8992309602182416,0.023059482443360684,0.0,0.0,0.0,0.0,0.0,0.0,0.0,0.0,0.0,0.0,0.0,0.0,0.0,0.0,0.0,0.0,0.0,0.0,0.0,0.0,0.0,0.0,0.0,0.0,0.06628369421122406,2.227132125497128,13.296509058771546,12.328767123287674,2.0547945205479454,0.026513477684489622,0.4092,0.011894,0.0,0.0,0.0,0.0,0.0,0.0,0.0,0.0,0.0,0.0,0.01248439450686642,6.65418227215979,22.70911360799002,0.6242197253433209,0.0,0.0,0.0,0.0,0.0,0.0,0.0,0.0,0.0,0.0,0.0,0.0,0.0,0.0,0.0,0.0,0.409,0.01222,0.0,0.0,0.0,0.0,0.0,0.0,0.0,0.0,0.0,0.0,0.013256738842244811,6.986301369863003,22.40388864339373,0.5965532479010165,0.0,0.0,0.0,0.0,0.0,0.0,0.0,0.0,0.0,0.0,0.0,0.0,0.0,0.0,0.0,0.0
97100,4678,2407,0.5145361265498076,1150,955,0.4499786233433091,1341,0.5733219324497648,0.3980000000000001,2.9832672831351825,3.1244102328030134,6.544901065449011,2.23195466836984,8374.430910645575,506.48582435400095,7853.0,8866.4,8866.4,0.0,7853.0,0.0,29.000855066267636,21.179933131631852,33.82757751449458,19.36809961866149,0.13125267208208635,0.0976913210773835,0.08978195810175288,0.07930739632321505,0.07631466438648996,0.08486532706284737,0.06712270200940573,0.06284737067122702,0.05921333903377512,0.05408294142796067,0.05194527575887131,0.043180846515604956,0.033988884138520734,0.02672082086361693,0.019880290722530995,0.01453612654980761,0.007268063274903805,0.8994933739463811,0.02259039598053298,0.0,0.0,0.0,0.0,0.0,0.0,0.0,0.0,0.0,0.0,0.0,0.0,0.0,0.0,0.0,0.0,0.0,0.0,0.0,0.0,0.0,0.0,0.0,0.0,0.03847798204360839,2.0649850363403166,13.011970927746903,12.851646002565202,1.9816160752458318,0.05130397605814452,4.2625607779578605,2.911850585348634,nan,nan,nan,4.2277741726151845,2.89184797797483,4.297279792746114,2.9312666556780727,1.0164402395428644,0.4092,0.01168,0.0,0.0,0.0,0.0,0.0,0.0,0.0,0.0,0.0,0.0,0.0,6.4963659683625385,23.02907225309962,0.47456177853783676,0.0,0.0,0.0,0.0,0.0,0.0,0.0,0.0,0.0,0.0,0.0,0.0,0.0,0.0,0.0,0.0,nan,nan,4.2625607779578605,2.911850585348634,nan,0.4092,0.0698,0.0,0.0,0.0,0.0,0.0,0.0,0.0,0.0,0.0,0.0,0.0,0.0,0.0,0.0,0.0,0.0,0.0,0.0,0.0,0.0,0.0,4.275331338178709e-05,0.008026934587430526,0.0005023514322359982,2.1376656690893544e-05,0.0005771697306541257,8.550662676357418e-05,0.003890551517742625,0.006744335185976913,0.008582727661393758,0.021932449764856775,0.029884566053869174,0.015359127832407012,0.04195168875587858,0.06930312099187687,0.03417058572039333,0.0569687900812313,0.05332407011543395,0.0412462590850791,0.06167165455322787,0.0458636169303121,0.04302052159042326,0.045307823856348864,0.07592988456605387,0.032439076528430956,0.045884993587002994,0.02340743907652843,0.06968790081231295,0.06016460025651988,0.016534843950406157,0.021088071825566483,0.006241983753740915,0.01148995297135528,0.0033347584437793927,0.011778537836682344,0.0063168020521590425,0.0024690038477982045,0.008358272766139376,0.0008764429243266353,0.00029927319367250964,0.0011543394613082515,0.004253954681487816,0.0009191962377084224,0.0009726378794356563,0.007877297990594272,3.206498503634031e-05,0.0,0.0,1.0688328345446772e-05,0.0,0.0,0.0,0.0,0.0,0.0,0.0,0.0,0.0,0.0,0.0,0.0,0.0,0.0,0.0,0.0,0.0,0.0,0.0,0.0,0.0,0.0,0.0,0.0,0.0,0.0,0.0,0.0,0.0,0.0,0.0,0.0,nan,nan,4.2625607779578605,2.911850585348634,nan,0.8995114965809298,0.022899393947826162,0.0,0.0,0.0,0.0,0.0,0.0,0.0,0.0,0.0,0.0,0.0,0.0,0.0,0.0,0.0,0.0,0.0,0.0,0.0,0.0,0.0,0.0,0.0,0.0,0.037390943082675536,2.09389281262983,12.999584545076862,12.638138761944331,2.1811383464894063,0.04985459077690072,0.8994741660285658,0.022258195232222906,0.0,0.0,0.0,0.0,0.0,0.0,0.0,0.0,0.0,0.0,0.0,0.0,0.0,0.0,0.0,0.0,0.0,0.0,0.0,0.0,0.0,0.0,0.0,0.0,0.039630118890356676,2.0343461030383096,13.025099075297229,13.077939233817705,1.7701453104359317,0.05284015852047557,0.4092,0.011604,0.0,0.0,0.0,0.0,0.0,0.0,0.0,0.0,0.0,0.0,0.0,6.493560448691308,23.132530120481935,0.3739094308267554,0.0,0.0,0.0,0.0,0.0,0.0,0.0,0.0,0.0,0.0,0.0,0.0,0.0,0.0,0.0,0.0,0.4094,0.01177,0.0,0.0,0.0,0.0,0.0,0.0,0.0,0.0,0.0,0.0,0.0,6.499339498018484,22.91941875825628,0.5812417437252313,0.0,0.0,0.0,0.0,0.0,0.0,0.0,0.0,0.0,0.0,0.0,0.0,0.0,0.0,0.0,0.0
97200,4418,2313,0.5235400633770937,1096,895,0.4506564056133997,1224,0.5540968764146673,0.4260000000000001,2.965795724465558,3.0667581971043396,6.469072164948454,2.1058514855820913,8383.555500226348,506.13812848762,7853.0,8866.4,8866.399999999998,1.8189894035458565e-12,7853.0,0.0,28.03689452240833,20.803272336965406,33.07835720075655,18.95801812797581,0.14259846084200997,0.09913988229968311,0.0869171570846537,0.08216387505658669,0.08239022181982798,0.07627885921231327,0.07129923042100499,0.06450882752376641,0.06405613399728384,0.04979628791308284,0.046627433227704844,0.04119511090991399,0.03123585332729742,0.027161611588954276,0.018560434585785424,0.009732910819375284,0.006337709370755998,0.8992886628943798,0.02295349151091308,0.0,0.0,0.0,0.0,0.0,0.0,0.0,0.0,0.0,0.0,0.0,0.0,0.0,0.0,0.0,0.0,0.0,0.0,0.0,0.0,0.0,0.0,0.0,0.0,0.061113626075147136,2.3494794024445453,12.738795835219559,12.854232684472615,1.914893617021277,0.08148483476686284,4.216491228070176,2.8208139246131556,nan,nan,nan,4.228253305497565,2.827089962995593,4.204529370134465,2.814366516700758,0.9943891877687996,0.4097,0.01156,0.0,0.0,0.0,0.0,0.0,0.0,0.0,0.0,0.0,0.0,0.006790402897238571,6.07741059302851,23.23675871435039,0.6790402897238571,0.0,0.0,0.0,0.0,0.0,0.0,0.0,0.0,0.0,0.0,0.0,0.0,0.0,0.0,0.0,0.0,nan,nan,4.216491228070176,2.8208139246131556,nan,0.4097,0.06976,0.0,0.0,0.0,0.0,0.0,0.0,0.0,0.0,0.0,0.0,0.0,0.0,0.0,0.0,0.0,0.0,0.0,0.0,0.0,0.0,0.0,2.2634676324128565e-05,0.0071865097329108195,0.0003282028066998642,0.00011317338162064282,0.000441376188320507,0.00018107741059302852,0.0036328655500226345,0.00599818922589407,0.006960162969669534,0.021921684019918515,0.03138297872340425,0.016002716161158895,0.038784517881394295,0.07091444092349479,0.03853553644182888,0.05803531009506564,0.05112041647804436,0.04171570846536894,0.05972159348121322,0.04637845178813943,0.043730194658216384,0.04322091444092349,0.0770597555454957,0.032378904481665916,0.04511090991398823,0.02282707107288366,0.07321186057039385,0.056598008148483474,0.01730421004979629,0.020235400633770936,0.007141240380262562,0.011656858306926211,0.0036668175645088274,0.011939791760977817,0.006201901312811227,0.0028180172023540063,0.008635129017655048,0.001120416478044364,0.00029425079221367137,0.0008261656858306926,0.004300588501584427,0.0009280217292892711,0.0007243096423721141,0.008623811679492983,5.658669081032141e-05,1.1317338162064282e-05,0.0,0.0,0.0,0.0,0.0,0.0,0.0,0.0,0.0,0.0,0.0,0.0,0.0,0.0,0.0,0.0,0.0,0.0,0.0,0.0,0.0,0.0,0.0,0.0,0.0,0.0,0.0,0.0,0.0,0.0,0.0,0.0,0.0,0.0,nan,nan,4.216491228070176,2.8208139246131556,nan,0.8996331338185641,0.022880711556459418,0.0,0.0,0.0,0.0,0.0,0.0,0.0,0.0,0.0,0.0,0.0,0.0,0.0,0.0,0.0,0.0,0.0,0.0,0.0,0.0,0.0,0.0,0.0,0.0,0.051880674448767844,2.295719844357977,12.658884565499354,12.970168612191962,1.9455252918287942,0.07782101167315177,0.8989101539881382,0.023027256649425346,0.0,0.0,0.0,0.0,0.0,0.0,0.0,0.0,0.0,0.0,0.0,0.0,0.0,0.0,0.0,0.0,0.0,0.0,0.0,0.0,0.0,0.0,0.0,0.0,0.07125890736342044,2.408551068883611,12.82660332541568,12.726840855106891,1.8812351543942998,0.08551068883610452,0.4097,0.01142,0.0,0.0,0.0,0.0,0.0,0.0,0.0,0.0,0.0,0.0,0.0,6.264591439688707,22.99610894941635,0.7392996108949418,0.0,0.0,0.0,0.0,0.0,0.0,0.0,0.0,0.0,0.0,0.0,0.0,0.0,0.0,0.0,0.0,0.41,0.011696,0.0,0.0,0.0,0.0,0.0,0.0,0.0,0.0,0.0,0.0,0.01425178147268409,5.871733966745834,23.501187648456064,0.6128266033254158,0.0,0.0,0.0,0.0,0.0,0.0,0.0,0.0,0.0,0.0,0.0,0.0,0.0,0.0,0.0,0.0
97300,4701,2410,0.5126568815145713,1125,988,0.44947883429057645,1353,0.5756222080408424,0.4020000000000001,2.996508075076386,3.0598548181083274,6.584234930448223,1.975569174843367,8372.526483726866,506.53763070003424,7853.0,8866.4,8866.399999999998,1.8189894035458565e-12,7853.0,0.0,28.08870453095086,20.95574296467612,33.040749177423436,19.189027855089357,0.14145926398638586,0.09636247606892151,0.09380982769623485,0.08338651350776431,0.08253563071686876,0.07530312699425654,0.06658157838757711,0.06275260582854712,0.061476281642203784,0.054243777919591576,0.04701127419697937,0.04062965326526271,0.03360987024037439,0.025313763029142736,0.016804935120187194,0.009997872793022762,0.00872154860667943,0.8999649936329732,0.02213151785805648,0.0,0.0,0.0,0.0,0.0,0.0,0.0,0.0,0.0,0.0,0.0,0.0,0.0,0.0,0.0,0.0,0.0,0.0,0.0,0.0,0.0,0.0,0.0,0.0,0.019144862795149972,2.09955328653478,12.858966177409066,13.075941289087432,1.9144862795149973,0.031908104658583285,4.335958005249344,2.833640885883822,nan,nan,nan,4.250328515111695,2.811374591392806,4.4222950819672135,2.853820214128069,1.0404595941805688,0.41,0.01136,0.0,0.0,0.0,0.0,0.0,0.0,0.0,0.0,0.0,0.0,0.006381620931716657,5.960433950223348,23.477983407785583,0.5552010210593492,0.0,0.0,0.0,0.0,0.0,0.0,0.0,0.0,0.0,0.0,0.0,0.0,0.0,0.0,0.0,0.0,nan,nan,4.335958005249344,2.833640885883822,nan,0.41,0.0699,0.0,0.0,0.0,0.0,0.0,0.0,0.0,0.0,0.0,0.0,0.0,0.0,0.0,0.0,0.0,0.0,0.0,0.0,0.0,0.0,0.0,2.1272069772388854e-05,0.008115294618166348,0.00026590087215486066,0.00017017655817911083,0.0005105296745373325,0.00021272069772388852,0.0034460753031269943,0.006105084024675601,0.006158264199106573,0.02167623909806424,0.029802169751116783,0.015911508189746862,0.038459902148479046,0.07066581578387578,0.03944905339289513,0.05773239736226335,0.05193575834928738,0.04101255052116571,0.057828121676239096,0.04657519676664539,0.0440863646032759,0.04731971920867901,0.07588810891299723,0.031174218251435865,0.04936183790682833,0.022824930865773238,0.07319719208679004,0.05387151669857477,0.016656030631780474,0.02196341203999149,0.006881514571367794,0.009838332269729844,0.00389278876834716,0.013071686875132951,0.005637098489683046,0.00269091682620719,0.00835992342054882,0.0008296107211231652,0.0002978089768134439,0.0007126143373750265,0.00417996171027441,0.0011593278025951925,0.0007338864071474154,0.008944905339289513,0.0003616251861306105,1.0636034886194427e-05,0.0,0.0,0.0,0.0,0.0,0.0,0.0,0.0,0.0,0.0,0.0,0.0,0.0,0.0,0.0,0.0,0.0,0.0,0.0,0.0,0.0,0.0,0.0,0.0,0.0,0.0,0.0,0.0,0.0,0.0,0.0,0.0,0.0,0.0,nan,nan,4.335958005249344,2.833640885883822,nan,0.8999415139934334,0.02205989431332296,0.0,0.0,0.0,0.0,0.0,0.0,0.0,0.0,0.0,0.0,0.0,0.0,0.0,0.0,0.0,0.0,0.0,0.0,0.0,0.0,0.0,0.0,0.0,0.0,0.01244813278008299,2.066390041493776,13.033195020746891,12.921161825726145,1.9543568464730294,0.01244813278008299,0.8999896928609484,0.02220658558878863,0.0,0.0,0.0,0.0,0.0,0.0,0.0,0.0,0.0,0.0,0.0,0.0,0.0,0.0,0.0,0.0,0.0,0.0,0.0,0.0,0.0,0.0,0.0,0.0,0.026189436927106072,2.134439109559145,12.67568747271934,13.23876036665212,1.8725447402880842,0.052378873854212145,0.4097,0.011406,0.0,0.0,0.0,0.0,0.0,0.0,0.0,0.0,0.0,0.0,0.0,6.099585062240655,23.327800829875525,0.5726141078838175,0.0,0.0,0.0,0.0,0.0,0.0,0.0,0.0,0.0,0.0,0.0,0.0,0.0,0.0,0.0,0.0,0.4102,0.01132,0.0,0.0,0.0,0.0,0.0,0.0,0.0,0.0,0.0,0.0,0.013094718463553036,5.814054997817538,23.635966826713233,0.5368834570056745,0.0,0.0,0.0,0.0,0.0,0.0,0.0,0.0,0.0,0.0,0.0,0.0,0.0,0.0,0.0,0.0
97400,4627,2450,0.529500756429652,1153,918,0.4475902312513508,1297,0.560622433542252,0.38600000000000007,3.053743683968764,3.0540011925121626,6.5007727975270475,2.0060764005605547,8389.59606656581,505.8172745210394,7853.0,8866.4,8866.399999999998,1.8189894035458565e-12,7853.0,0.0,28.5372811757078,21.038441453731135,33.322613578356304,19.3048421697463,0.13118651393991787,0.1043872919818457,0.08731359412146099,0.08363950724011239,0.07456235141560406,0.08018154311649017,0.07564296520423601,0.0663496866220013,0.055759671493408255,0.05143721633888049,0.05035660255024854,0.03695699157121245,0.03522800950940134,0.026583099200345798,0.021828398530365247,0.011454506159498595,0.007132051004970824,0.8999092971786505,0.022725009871873543,0.0,0.0,0.0,0.0,0.0,0.0,0.0,0.0,0.0,0.0,0.0,0.0,0.0,0.0,0.0,0.0,0.0,0.0,0.0,0.0,0.0,0.0,0.0,0.0,0.0324184136589583,1.9904905986600392,13.161875945537068,12.597795547871193,2.1590663496866225,0.05835314458612493,4.207272727272727,2.854895172555551,nan,nan,nan,4.255845023380093,2.8231095383686773,4.158480681074002,2.885463383226308,0.9771222068070602,0.4092,0.01209,0.0,0.0,0.0,0.0,0.0,0.0,0.0,0.0,0.0,0.0,0.0,6.730062675599731,22.641020099416476,0.6289172249837909,0.0,0.0,0.0,0.0,0.0,0.0,0.0,0.0,0.0,0.0,0.0,0.0,0.0,0.0,0.0,0.0,nan,nan,4.207272727272727,2.854895172555551,nan,0.4092,0.0698,0.0,0.0,0.0,0.0,0.0,0.0,0.0,0.0,0.0,0.0,0.0,0.0,0.0,0.0,0.0,0.0,0.0,0.0,0.0,0.0,0.0,0.0,0.008796196239464016,0.0001837043440674303,0.00016209206829479145,0.0004754700669980549,0.0001837043440674303,0.004344067430300411,0.0061378863194294355,0.006083855629997839,0.02154743894532094,0.029435919602334125,0.0147936027663713,0.03790793170520856,0.07299546142208775,0.04116057920899071,0.05822347093148909,0.05288523881564729,0.04099848714069591,0.05859087961962395,0.045364166846768965,0.04403501188675168,0.047039118219148475,0.07755565161011455,0.027977090987681003,0.049308407175275556,0.022271450183704345,0.07282256321590663,0.052906851091419925,0.016717095310136158,0.023730278798357467,0.006851091419926518,0.008396369137670197,0.004603414739572077,0.012848497946833801,0.00529500756429652,0.0027231467473524964,0.008526042792306029,0.00048627620488437434,0.00020531661984006915,0.0007240112383834018,0.00359844391614437,0.0007456235141560406,0.0008104603414739572,0.008882645342554571,0.0006483682731791658,2.1612275772638858e-05,0.0,0.0,0.0,0.0,0.0,0.0,0.0,0.0,0.0,0.0,0.0,0.0,0.0,0.0,0.0,0.0,0.0,0.0,0.0,0.0,0.0,0.0,0.0,0.0,0.0,0.0,0.0,0.0,0.0,0.0,0.0,0.0,0.0,0.0,nan,nan,4.207272727272727,2.854895172555551,nan,0.9000304430844832,0.022723637608848258,0.0,0.0,0.0,0.0,0.0,0.0,0.0,0.0,0.0,0.0,0.0,0.0,0.0,0.0,0.0,0.0,0.0,0.0,0.0,0.0,0.0,0.0,0.0,0.0,0.036734693877551024,1.9224489795918371,13.346938775510207,12.379591836734697,2.2408163265306125,0.07346938775510205,0.8997729593425045,0.022725781777612104,0.0,0.0,0.0,0.0,0.0,0.0,0.0,0.0,0.0,0.0,0.0,0.0,0.0,0.0,0.0,0.0,0.0,0.0,0.0,0.0,0.0,0.0,0.0,0.0,0.027560863573725315,2.0670647680293985,12.9536058796509,12.843362425355998,2.0670647680293985,0.04134129536058797,0.4092,0.012146,0.0,0.0,0.0,0.0,0.0,0.0,0.0,0.0,0.0,0.0,0.0,6.9673469387755,22.44489795918368,0.5877551020408164,0.0,0.0,0.0,0.0,0.0,0.0,0.0,0.0,0.0,0.0,0.0,0.0,0.0,0.0,0.0,0.0,0.4094,0.01203,0.0,0.0,0.0,0.0,0.0,0.0,0.0,0.0,0.0,0.0,0.0,6.463022508038576,22.86173633440515,0.6752411575562702,0.0,0.0,0.0,0.0,0.0,0.0,0.0,0.0,0.0,0.0,0.0,0.0,0.0,0.0,0.0,0.0
97500,4414,2234,0.5061169007702764,1045,924,0.4460806524694155,1274,0.577254191209787,0.4020000000000001,2.9357798165137616,3.07915522001578,6.5707236842105265,2.1147037250409846,8365.8988672406,506.66208072534226,7853.0,8866.4,8866.400000000001,1.8189894035458565e-12,7853.0,0.0,28.10036248300861,21.053175277519973,33.106400216041045,19.291572057455106,0.14136837335749886,0.09900317172632533,0.09107385591300408,0.08473040326234708,0.08654281830539194,0.07680108744902582,0.06048935206162211,0.06320797462618939,0.06071590394200272,0.050974173085636613,0.04553692795650204,0.03896692342546443,0.03647485274127775,0.02809243316719529,0.01676483914816493,0.009741730856366107,0.0095151789759855,0.9009014891724701,0.022102991384273987,0.0,0.0,0.0,0.0,0.0,0.0,0.0,0.0,0.0,0.0,0.0,0.0,0.0,0.0,0.0,0.0,0.0,0.0,0.0,0.0,0.0,0.0,0.0,0.0,0.020389669234254646,1.855459900317173,12.716357045763482,13.232895333031268,2.127322156773902,0.04757589487992751,4.255505068157987,2.8218839344033624,nan,nan,nan,4.24421052631579,2.8564503474168106,4.266713091922005,2.7871133125239274,1.0053019437812263,0.4097,0.01205,0.0,0.0,0.0,0.0,0.0,0.0,0.0,0.0,0.0,0.0,0.020389669234254646,6.341187131853185,23.05391934753059,0.5845038513819666,0.0,0.0,0.0,0.0,0.0,0.0,0.0,0.0,0.0,0.0,0.0,0.0,0.0,0.0,0.0,0.0,nan,nan,4.255505068157987,2.8218839344033624,nan,0.4097,0.0699,0.0,0.0,0.0,0.0,0.0,0.0,0.0,0.0,0.0,0.0,0.0,0.0,0.0,0.0,0.0,0.0,0.0,0.0,0.0,0.0,3.398278205709107e-05,0.0,0.008348436792025373,0.00014725872224739464,0.00011327594019030358,0.000758948799275034,0.00014725872224739464,0.004474399637516991,0.007045763479836883,0.005618486633439058,0.02239465337562302,0.027242863615768012,0.014646579066606253,0.03991844132306298,0.07152242863615768,0.04029225192569098,0.05868826461259628,0.051064793837788856,0.03949932034435886,0.05872224739465338,0.045355686452197556,0.04553692795650204,0.04815360217489805,0.07681241504304485,0.02748074309016765,0.048459447213411874,0.024524241051200726,0.07407113729043951,0.05195967376529225,0.017070684186678748,0.022360670593565928,0.007442229270502945,0.008359764386044403,0.005278658812868147,0.013343905754417762,0.006060262800181242,0.002378794743996375,0.008654281830539193,0.0004984141368373357,5.663797009515179e-05,0.0008382419574082465,0.0038966923425464432,0.0005323969188944268,0.0005210693248753964,0.008926144086995921,0.000724966017217943,2.2655188038060717e-05,0.0,0.0,0.0,0.0,0.0,0.0,0.0,0.0,0.0,0.0,0.0,0.0,0.0,0.0,0.0,0.0,0.0,0.0,0.0,0.0,0.0,0.0,0.0,0.0,0.0,0.0,0.0,0.0,0.0,0.0,0.0,0.0,0.0,0.0,nan,nan,4.255505068157987,2.8218839344033624,nan,0.9010568600524828,0.022245686398392465,0.0,0.0,0.0,0.0,0.0,0.0,0.0,0.0,0.0,0.0,0.0,0.0,0.0,0.0,0.0,0.0,0.0,0.0,0.0,0.0,0.0,0.0,0.0,0.0,0.04028648164726948,1.853178155774396,12.63652641002686,13.21396598030439,2.1888988361683084,0.06714413607878246,0.9007422696559801,0.021954658892205603,0.0,0.0,0.0,0.0,0.0,0.0,0.0,0.0,0.0,0.0,0.0,0.0,0.0,0.0,0.0,0.0,0.0,0.0,0.0,0.0,0.0,0.0,0.0,0.0,0.0,1.8577981651376152,12.798165137614681,13.252293577981655,2.064220183486239,0.02752293577981652,0.4094,0.01199,0.0,0.0,0.0,0.0,0.0,0.0,0.0,0.0,0.0,0.0,0.013428827215756493,6.62041181736794,22.829006266786042,0.5371530886302597,0.0,0.0,0.0,0.0,0.0,0.0,0.0,0.0,0.0,0.0,0.0,0.0,0.0,0.0,0.0,0.0,0.41,0.01211,0.0,0.0,0.0,0.0,0.0,0.0,0.0,0.0,0.0,0.0,0.02752293577981652,6.055045871559624,23.284403669724778,0.6330275229357799,0.0,0.0,0.0,0.0,0.0,0.0,0.0,0.0,0.0,0.0,0.0,0.0,0.0,0.0,0.0,0.0
97600,4465,2279,0.5104143337066069,1087,899,0.44479283314669654,1271,0.5693169092945128,0.3940000000000001,3.008234217749314,3.085830126270378,6.48,2.1166882696252727,8370.253885778278,506.5900763881769,7853.0,8866.4,8866.4,0.0,7853.0,0.0,28.467413213885777,20.923020582244366,33.16323839662447,19.199114586490502,0.12989921612541994,0.09272116461366181,0.10033594624860022,0.08756998880179172,0.07950727883538634,0.07883538633818589,0.06741321388577827,0.064501679731243,0.061142217245240764,0.04837625979843225,0.04927211646136618,0.0438969764837626,0.03449048152295633,0.021724524076147816,0.021052631578947368,0.011422172452407614,0.007838745800671893,0.9008313629688635,0.022345101540747907,0.0,0.0,0.0,0.0,0.0,0.0,0.0,0.0,0.0,0.0,0.0,0.0,0.0,0.0,0.0,0.0,0.0,0.0,0.0,0.0,0.0,0.0,0.0,0.0,0.04703247480403137,1.9484882418812994,12.732362821948492,13.108622620380743,2.1366181410974248,0.026875699888017923,4.274905854159535,2.8521870740680675,nan,nan,nan,4.264099037138927,2.846193187411538,4.285616905248807,2.858075121344903,1.0050462871341557,0.4104,0.01195,0.0,0.0,0.0,0.0,0.0,0.0,0.0,0.0,0.0,0.0,0.013437849944008961,5.999999999999991,23.287793952967533,0.698768197088466,0.0,0.0,0.0,0.0,0.0,0.0,0.0,0.0,0.0,0.0,0.0,0.0,0.0,0.0,0.0,0.0,nan,nan,4.274905854159535,2.8521870740680675,nan,0.4104,0.07074,0.0,0.0,0.0,0.0,0.0,0.0,0.0,0.0,0.0,0.0,0.0,0.0,0.0,0.0,0.0,0.0,0.0,0.0,0.0,0.0,4.479283314669653e-05,0.0,0.009518477043673012,0.0001007838745800672,0.00016797312430011198,0.00043673012318029114,0.00030235162374020154,0.00509518477043673,0.007368421052631579,0.0059686450167973125,0.022183650615901454,0.027513997760358344,0.014356103023516238,0.038902575587905934,0.06864501679731243,0.03951847704367301,0.05864501679731243,0.05053751399776036,0.03633818589025756,0.06135498320268757,0.04751399776035834,0.045845464725643895,0.04379619260918253,0.0748936170212766,0.026293393057110863,0.04975363941769317,0.025901455767077267,0.07432250839865621,0.053964165733482644,0.01702127659574468,0.022127659574468085,0.007894736842105263,0.009081746920492722,0.005296752519596865,0.01368421052631579,0.00715565509518477,0.00270996640537514,0.009428891377379619,0.0008958566629339306,1.1198208286674133e-05,0.0003471444568868981,0.004210526315789474,0.0006382978723404255,0.0009406494960806271,0.008421052631578947,0.000851063829787234,0.0,0.0,0.0,0.0,0.0,0.0,0.0,0.0,0.0,0.0,0.0,0.0,0.0,0.0,0.0,0.0,0.0,0.0,0.0,0.0,0.0,0.0,0.0,0.0,0.0,0.0,0.0,0.0,0.0,0.0,0.0,0.0,0.0,0.0,0.0,nan,nan,4.274905854159535,2.8521870740680675,nan,0.9010486993260318,0.022505986572759217,0.0,0.0,0.0,0.0,0.0,0.0,0.0,0.0,0.0,0.0,0.0,0.0,0.0,0.0,0.0,0.0,0.0,0.0,0.0,0.0,0.0,0.0,0.0,0.0,0.026327336551118918,1.9482229047828,12.6634488810882,13.084686265906102,2.2509872751206674,0.026327336551118918,0.9006047803714312,0.02217386122888888,0.0,0.0,0.0,0.0,0.0,0.0,0.0,0.0,0.0,0.0,0.0,0.0,0.0,0.0,0.0,0.0,0.0,0.0,0.0,0.0,0.0,0.0,0.0,0.0,0.06861848124428181,1.9487648673376032,12.804208600182985,13.13357731015554,2.0173833485818853,0.027447392497712723,0.4104,0.0122,0.0,0.0,0.0,0.0,0.0,0.0,0.0,0.0,0.0,0.0,0.026327336551118918,6.042123738481782,23.14172882843353,0.7898200965335676,0.0,0.0,0.0,0.0,0.0,0.0,0.0,0.0,0.0,0.0,0.0,0.0,0.0,0.0,0.0,0.0,0.4102,0.01168,0.0,0.0,0.0,0.0,0.0,0.0,0.0,0.0,0.0,0.0,0.0,5.956084172003651,23.44007319304667,0.6038426349496799,0.0,0.0,0.0,0.0,0.0,0.0,0.0,0.0,0.0,0.0,0.0,0.0,0.0,0.0,0.0,0.0
97700,4407,2323,0.5271159518947129,1064,902,0.44610846380757885,1237,0.561379623326526,0.4260000000000001,2.987523992322457,3.0806245178940106,6.539823008849558,2.167480484361984,8387.179305650103,505.9543237892014,7853.0,8866.4,8866.4,0.0,7853.0,0.0,27.881552076242343,20.848596651635596,32.89493636609802,19.05162251409904,0.14272747901066485,0.10279101429543908,0.08509189925119129,0.08940322214658498,0.07873837077376901,0.07510778307238485,0.07488087134104833,0.06262763784887679,0.05445881552076242,0.04606308146131155,0.05196278647606081,0.04402087587928296,0.03403675970047652,0.02314499659632403,0.01701837985023826,0.011345586566825504,0.006580440208758793,0.8999401275630654,0.02241770889739912,0.0,0.0,0.0,0.0,0.0,0.0,0.0,0.0,0.0,0.0,0.0,0.0,0.0,0.0,0.0,0.0,0.0,0.0,0.0,0.0,0.0,0.0,0.0,0.0,0.04765146358066713,2.0558202859087817,12.743362831858411,13.199455411844795,1.9128658951667805,0.04084411164057183,4.32229658330398,2.897697925499685,nan,nan,nan,4.347733711048159,2.94547508491116,4.297126839523476,2.8494111342912376,0.9883601722442007,0.4102,0.0119,0.0,0.0,0.0,0.0,0.0,0.0,0.0,0.0,0.0,0.0,0.006807351940095304,5.704560925799855,23.526208304969373,0.7624234172906741,0.0,0.0,0.0,0.0,0.0,0.0,0.0,0.0,0.0,0.0,0.0,0.0,0.0,0.0,0.0,0.0,nan,nan,4.32229658330398,2.897697925499685,nan,0.4102,0.0705,0.0,0.0,0.0,0.0,0.0,0.0,0.0,0.0,0.0,0.0,0.0,0.0,0.0,0.0,0.0,0.0,0.0,0.0,0.0,5.672793283412752e-05,0.00011345586566825505,0.0,0.009587020648967551,5.672793283412752e-05,0.0001928749716360336,0.0004765146358066712,0.0003744043567052417,0.0037440435670524166,0.00807805763557976,0.004958021329702746,0.020705695484456547,0.02564102564102564,0.015543453596550941,0.040946221919673245,0.06993419559791242,0.03786022237349671,0.05875879282958929,0.05232584524619923,0.03681642840934876,0.06133424098025868,0.048729294304515544,0.04760608123439982,0.04220558202859088,0.07342863626049467,0.027025187202178353,0.05130474245518493,0.025198547764919445,0.07398457000226911,0.05529838892670751,0.01747220331291128,0.019934195597912412,0.007476741547538007,0.00921261629226231,0.004878602223734967,0.014227365554799183,0.006603131381892444,0.0030633083730428863,0.00797594735647833,0.001168595416383027,0.0,0.00017018379850238256,0.0032448377581120944,0.0008055366462446108,0.001123213070115725,0.009621057408668029,0.0007374631268436578,0.0,0.0,0.0,0.0,0.0,0.0,0.0,0.0,0.0,0.0,0.0,0.0,0.0,0.0,0.0,0.0,0.0,0.0,0.0,0.0,0.0,0.0,0.0,0.0,0.0,0.0,0.0,0.0,0.0,0.0,0.0,0.0,0.0,0.0,0.0,nan,nan,4.32229658330398,2.897697925499685,nan,0.8999481038497124,0.022279321615547038,0.0,0.0,0.0,0.0,0.0,0.0,0.0,0.0,0.0,0.0,0.0,0.0,0.0,0.0,0.0,0.0,0.0,0.0,0.0,0.0,0.0,0.0,0.0,0.0,0.06457167455876024,1.8467498923805428,13.030563925957816,13.17262160998709,1.8596642272922947,0.025828669823504097,0.8999312365295333,0.022570963568815477,0.0,0.0,0.0,0.0,0.0,0.0,0.0,0.0,0.0,0.0,0.0,0.0,0.0,0.0,0.0,0.0,0.0,0.0,0.0,0.0,0.0,0.0,0.0,0.0,0.02879078694817659,2.2888675623800387,12.423224568138199,13.229366602687143,1.9721689059500964,0.05758157389635318,0.4102,0.0117,0.0,0.0,0.0,0.0,0.0,0.0,0.0,0.0,0.0,0.0,0.0,5.591907016788627,23.76237623762377,0.6457167455876023,0.0,0.0,0.0,0.0,0.0,0.0,0.0,0.0,0.0,0.0,0.0,0.0,0.0,0.0,0.0,0.0,0.4104,0.01213,0.0,0.0,0.0,0.0,0.0,0.0,0.0,0.0,0.0,0.0,0.014395393474088296,5.83013435700575,23.262955854126684,0.8925143953934743,0.0,0.0,0.0,0.0,0.0,0.0,0.0,0.0,0.0,0.0,0.0,0.0,0.0,0.0,0.0,0.0
97800,4604,2370,0.5147697654213728,1104,932,0.4422241529105126,1297,0.5634231103388357,0.4060000000000001,3.0304386750223813,3.0979192897391474,6.518072289156627,2.16133295430218,8374.667680278018,506.47888262700036,7853.0,8866.4,8866.399999999998,1.8189894035458565e-12,7853.0,0.0,28.480668983492617,21.055392582590862,33.40123615761009,19.247355501745428,0.13792354474370114,0.09426585577758471,0.09426585577758471,0.08405734144222415,0.0758036490008688,0.08079930495221546,0.07080799304952215,0.061251086012163336,0.05495221546481321,0.052562988705473504,0.052128583840139006,0.04691572545612511,0.030191138140747177,0.023892267593397045,0.018245004344048653,0.014986967854039966,0.0069504778453518675,0.9010174011376295,0.022200712478449073,0.0,0.0,0.0,0.0,0.0,0.0,0.0,0.0,0.0,0.0,0.0,0.0,0.0,0.0,0.0,0.0,0.0,0.0,0.0,0.0,0.0,0.0,0.0,0.0,0.039096437880104265,1.8570807993049525,12.426151172893139,13.429626411815816,2.195916594265856,0.05212858384013902,4.2891485809682806,2.8668619205930956,nan,nan,nan,4.275793650793651,2.877801607996309,4.3027646662171275,2.8556008616573356,1.0063078384099453,0.4094,0.01208,0.0,0.0,0.0,0.0,0.0,0.0,0.0,0.0,0.0,0.0,0.02606429192006951,6.476976542137263,22.86490008688098,0.6320590790616856,0.0,0.0,0.0,0.0,0.0,0.0,0.0,0.0,0.0,0.0,0.0,0.0,0.0,0.0,0.0,0.0,nan,nan,4.2891485809682806,2.8668619205930956,nan,0.4094,0.0703,0.0,0.0,0.0,0.0,0.0,0.0,0.0,0.0,0.0,0.0,0.0,0.0,0.0,0.0,0.0,0.0,0.0,0.0,0.0,1.0860121633362293e-05,4.3440486533449174e-05,0.0,0.010143353605560382,6.516072980017376e-05,0.00027150304083405736,0.0007059079061685491,0.00022806255430060817,0.003562119895742832,0.00810165073848827,0.005071676802780191,0.020254126846220678,0.026878801042571676,0.014454821894005213,0.03915073848827107,0.07343614248479582,0.0386511728931364,0.055929626411815814,0.05637489139878367,0.039748045178106,0.060968722849695914,0.05129235447437011,0.047502172024326675,0.04143136403127715,0.07079713292788879,0.02504344048653345,0.049902258905299736,0.026911381407471763,0.07306689834926151,0.055419200695047785,0.01764769765421373,0.01850564726324935,0.0075369244135534315,0.008557775847089487,0.004615551694178975,0.014367940920938314,0.0057015638575152044,0.0031602953953084275,0.008177671589921807,0.0010860121633362294,0.0,8.688097306689835e-05,0.0028236316246741965,0.0009665508253692441,0.0007927888792354475,0.0098501303214596,0.0007059079061685491,0.0,0.0,0.0,0.0,0.0,0.0,0.0,0.0,0.0,0.0,0.0,0.0,0.0,0.0,0.0,0.0,0.0,0.0,0.0,0.0,0.0,0.0,0.0,0.0,0.0,0.0,0.0,0.0,0.0,0.0,0.0,0.0,0.0,0.0,0.0,nan,nan,4.2891485809682806,2.8668619205930956,nan,0.9012189971243781,0.022196246066977888,0.0,0.0,0.0,0.0,0.0,0.0,0.0,0.0,0.0,0.0,0.0,0.0,0.0,0.0,0.0,0.0,0.0,0.0,0.0,0.0,0.0,0.0,0.0,0.0,0.06329113924050635,1.848101265822785,12.202531645569623,13.56962025316456,2.2531645569620258,0.06329113924050635,0.900803532521428,0.022203448977023397,0.0,0.0,0.0,0.0,0.0,0.0,0.0,0.0,0.0,0.0,0.0,0.0,0.0,0.0,0.0,0.0,0.0,0.0,0.0,0.0,0.0,0.0,0.0,0.0,0.013428827215756493,1.8666069829901526,12.663384064458374,13.281110116383173,2.1351835273052826,0.04028648164726948,0.4094,0.01196,0.0,0.0,0.0,0.0,0.0,0.0,0.0,0.0,0.0,0.0,0.025316455696202538,6.341772151898725,23.012658227848107,0.6202531645569621,0.0,0.0,0.0,0.0,0.0,0.0,0.0,0.0,0.0,0.0,0.0,0.0,0.0,0.0,0.0,0.0,0.4092,0.0122,0.0,0.0,0.0,0.0,0.0,0.0,0.0,0.0,0.0,0.0,0.026857654431512987,6.62041181736794,22.70814682184423,0.6445837063563117,0.0,0.0,0.0,0.0,0.0,0.0,0.0,0.0,0.0,0.0,0.0,0.0,0.0,0.0,0.0,0.0
97900,4600,2377,0.5167391304347826,1132,903,0.4423913043478261,1264,0.5495652173913044,0.4100000000000001,2.9109311740890687,3.0416485494788588,6.40282131661442,2.1457382569017613,8376.66343478261,506.41596724469105,7853.0,8866.4,8866.4,0.0,7853.0,0.0,28.36108695652174,20.92340708479183,33.07455803228286,19.203771992170918,0.1332608695652174,0.09565217391304348,0.09652173913043478,0.08739130434782609,0.08217391304347826,0.07630434782608696,0.06652173913043478,0.06347826086956522,0.05673913043478261,0.0558695652173913,0.04695652173913043,0.03847826086956522,0.03739130434782609,0.029130434782608697,0.017608695652173913,0.00826086956521739,0.00826086956521739,0.9003442387347635,0.0226908919620181,0.0,0.0,0.0,0.0,0.0,0.0,0.0,0.0,0.0,0.0,0.0,0.0,0.0,0.0,0.0,0.0,0.0,0.0,0.0,0.0,0.0,0.0,0.0,0.0,0.0391304347826087,2.060869565217392,12.919565217391307,12.782608695652177,2.1326086956521744,0.06521739130434784,4.173913043478261,2.8436142869901238,nan,nan,nan,4.236303630363036,2.822049357200414,4.109830508474576,2.8641805948206547,0.9701454067215617,0.4104,0.01187,0.0,0.0,0.0,0.0,0.0,0.0,0.0,0.0,0.0,0.0,0.0,5.713043478260862,23.56956521739131,0.7173913043478263,0.0,0.0,0.0,0.0,0.0,0.0,0.0,0.0,0.0,0.0,0.0,0.0,0.0,0.0,0.0,0.0,nan,nan,4.173913043478261,2.8436142869901238,nan,0.4104,0.0707,0.0,0.0,0.0,0.0,0.0,0.0,0.0,0.0,0.0,0.0,0.0,0.0,0.0,0.0,0.0,0.0,0.0,0.0,0.0,0.0,3.260869565217391e-05,1.0869565217391305e-05,0.009445652173913044,7.608695652173912e-05,0.0002608695652173913,0.0005,0.0001956521739130435,0.004597826086956522,0.00858695652173913,0.004630434782608696,0.019032608695652174,0.02608695652173913,0.014108695652173913,0.0375,0.07567391304347826,0.03959782608695652,0.05365217391304348,0.052945652173913046,0.041478260869565214,0.06039130434782609,0.05222826086956522,0.04521739130434783,0.03982608695652174,0.07422826086956522,0.025815217391304348,0.04835869565217391,0.028489130434782607,0.07654347826086956,0.05264130434782609,0.017195652173913042,0.02117391304347826,0.007369565217391304,0.008771739130434783,0.004641304347826087,0.014760869565217391,0.005152173913043478,0.0022282608695652173,0.00825,0.0012608695652173913,2.173913043478261e-05,0.00010869565217391305,0.002902173913043478,0.001315217391304348,0.001217391304347826,0.010608695652173913,0.0007934782608695652,2.173913043478261e-05,5.4347826086956524e-05,0.0,0.0,0.0,0.0,0.0,0.0,0.0,0.0,0.0,0.0,0.0,0.0,0.0,0.0,0.0,0.0,0.0,0.0,0.0,0.0,0.0,0.0,0.0,0.0,0.0,0.0,0.0,0.0,0.0,0.0,0.0,0.0,0.0,nan,nan,4.173913043478261,2.8436142869901238,nan,0.8996749618598078,0.022881675129445788,0.0,0.0,0.0,0.0,0.0,0.0,0.0,0.0,0.0,0.0,0.0,0.0,0.0,0.0,0.0,0.0,0.0,0.0,0.0,0.0,0.0,0.0,0.0,0.0,0.05048380311316787,2.30963399242743,13.125788809423646,12.38115271350442,2.0824568784181747,0.05048380311316787,0.9010598802695229,0.02246305138745116,0.0,0.0,0.0,0.0,0.0,0.0,0.0,0.0,0.0,0.0,0.0,0.0,0.0,0.0,0.0,0.0,0.0,0.0,0.0,0.0,0.0,0.0,0.0,0.0,0.026990553306342785,1.7948717948717954,12.699055330634282,13.211875843454795,2.1862348178137654,0.08097165991902835,0.4106,0.0118,0.0,0.0,0.0,0.0,0.0,0.0,0.0,0.0,0.0,0.0,0.0,5.692048801009667,23.60117795540598,0.7067732435843502,0.0,0.0,0.0,0.0,0.0,0.0,0.0,0.0,0.0,0.0,0.0,0.0,0.0,0.0,0.0,0.0,0.4102,0.01193,0.0,0.0,0.0,0.0,0.0,0.0,0.0,0.0,0.0,0.0,0.0,5.7354925775978325,23.53576248313091,0.7287449392712553,0.0,0.0,0.0,0.0,0.0,0.0,0.0,0.0,0.0,0.0,0.0,0.0,0.0,0.0,0.0,0.0
98000,4841,2550,0.5267506713488949,1170,998,0.44784135509192313,1352,0.5585622805205536,0.4220000000000001,2.944129201222174,3.10058699176096,6.625201938610663,2.162631246685394,8386.80913034497,505.9742928765642,7853.0,8866.4,8866.399999999998,1.8189894035458565e-12,7853.0,0.0,27.779177855814915,20.820292948383063,32.642120765832104,19.11178271655876,0.14129312125593885,0.09543482751497624,0.09812022309440198,0.09027060524684982,0.0803552984920471,0.07477793844247056,0.07147283619086965,0.06238380499896715,0.05680644494939062,0.04668456930386284,0.048130551538938235,0.040900640363561246,0.03552984920470977,0.02478826688700682,0.013426977897128692,0.011980995662053295,0.0076430489568271014,0.9014149128073283,0.0227173858143081,0.0,0.0,0.0,0.0,0.0,0.0,0.0,0.0,0.0,0.0,0.0,0.0,0.0,0.0,0.0,0.0,0.0,0.0,0.0,0.0,0.0,0.0,0.0,0.0,0.024788266887006822,1.8653170832472634,12.64201611237348,13.131584383391864,2.255732286717621,0.08056186738277218,4.217936354869817,2.922014291363453,nan,nan,nan,4.170731707317073,2.9253205353982374,4.266108247422681,2.918689475830502,1.0228680593235666,0.4102,0.01177,0.0,0.0,0.0,0.0,0.0,0.0,0.0,0.0,0.0,0.0,0.0,5.99876058665564,23.338153274116923,0.6630861392274325,0.0,0.0,0.0,0.0,0.0,0.0,0.0,0.0,0.0,0.0,0.0,0.0,0.0,0.0,0.0,0.0,nan,nan,4.217936354869817,2.922014291363453,nan,0.4102,0.07056,0.0,0.0,0.0,0.0,0.0,0.0,0.0,0.0,0.0,0.0,0.0,0.0,0.0,0.0,0.0,0.0,0.0,0.0,0.0,0.0,0.0,5.16422226812642e-05,0.009553811196033877,2.065688907250568e-05,0.00011361288989878125,0.0007023342284651931,4.131377814501136e-05,0.0043792604833712044,0.008056186738277215,0.0047097707085312955,0.01934517661640157,0.026079322454038423,0.014294567238173931,0.037678165668250364,0.07336294154100392,0.04014666391241479,0.05493699648832886,0.05189010535013427,0.04540384218136748,0.06144391654616815,0.05021689733526131,0.04397851683536459,0.0394649865730221,0.07340425531914893,0.028589134476347863,0.05028919644701508,0.028310266473869035,0.07647180334641603,0.049359636438752325,0.018064449493906218,0.02269159264614749,0.006703160504028093,0.00905804585829374,0.003687254699442264,0.012920884114852304,0.004141706259037389,0.00265441024581698,0.009181987192728775,0.0011361288989878125,5.16422226812642e-05,0.00014459822350753977,0.0031295186944846104,0.0014563106796116505,0.001291055567031605,0.010008262755629002,0.001229084899814088,0.0001549266680437926,0.0,0.0,0.0,0.0,0.0,0.0,0.0,0.0,0.0,0.0,0.0,0.0,0.0,0.0,0.0,0.0,0.0,0.0,0.0,0.0,0.0,0.0,0.0,0.0,0.0,0.0,0.0,0.0,0.0,0.0,0.0,0.0,0.0,0.0,nan,nan,4.217936354869817,2.922014291363453,nan,0.9010274143779979,0.023051898072548163,0.0,0.0,0.0,0.0,0.0,0.0,0.0,0.0,0.0,0.0,0.0,0.0,0.0,0.0,0.0,0.0,0.0,0.0,0.0,0.0,0.0,0.0,0.0,0.0,0.02352941176470589,1.9411764705882357,12.776470588235297,12.87058823529412,2.282352941176471,0.1058823529411765,0.901846218348486,0.022331261080993193,0.0,0.0,0.0,0.0,0.0,0.0,0.0,0.0,0.0,0.0,0.0,0.0,0.0,0.0,0.0,0.0,0.0,0.0,0.0,0.0,0.0,0.0,0.0,0.0,0.026189436927106072,1.780881711043213,12.492361414229597,13.422086425141863,2.2261021388040163,0.052378873854212145,0.4102,0.01186,0.0,0.0,0.0,0.0,0.0,0.0,0.0,0.0,0.0,0.0,0.0,6.094117647058815,23.223529411764712,0.6823529411764707,0.0,0.0,0.0,0.0,0.0,0.0,0.0,0.0,0.0,0.0,0.0,0.0,0.0,0.0,0.0,0.0,0.4104,0.011665,0.0,0.0,0.0,0.0,0.0,0.0,0.0,0.0,0.0,0.0,0.0,5.892623308598856,23.46573548668704,0.6416412047140988,0.0,0.0,0.0,0.0,0.0,0.0,0.0,0.0,0.0,0.0,0.0,0.0,0.0,0.0,0.0,0.0
98100,4866,2546,0.5232223592272914,1232,965,0.4515002055076038,1346,0.553226469379367,0.4420000000000001,3.0392241379310345,3.151862517476378,6.5568862275449105,2.192406029146213,8383.23353884094,506.1532006711228,7853.0,8866.4,8866.399999999998,1.8189894035458565e-12,7853.0,0.0,28.344636251541306,20.988630614823947,33.28250792876311,19.17478354342437,0.13707357172215373,0.09556103575832306,0.09330045211672831,0.08631319358816276,0.07973695026715988,0.07233867653103165,0.06987258528565557,0.06843403205918619,0.054048499794492395,0.053226469379367036,0.049732840115084255,0.0448006576243321,0.03370324702013974,0.026304973284011508,0.016029593094944512,0.011302918207973694,0.008220304151253596,0.9010743947980632,0.022580321089532628,0.0,0.0,0.0,0.0,0.0,0.0,0.0,0.0,0.0,0.0,0.0,0.0,0.0,0.0,0.0,0.0,0.0,0.0,0.0,0.0,0.0,0.0,0.0,0.0,0.04315659679408139,1.9358816276202224,12.546239210850805,13.193588162762024,2.2194821208384714,0.061652281134401986,4.204459798994975,2.9371503144186213,nan,nan,nan,4.253958201393287,2.960491670610659,4.155763239875389,2.9131840381092986,0.9769168015130624,0.4104,0.011765,0.0,0.0,0.0,0.0,0.0,0.0,0.0,0.0,0.0,0.0,0.0,5.789149198520337,23.51418002466092,0.6966707768187425,0.0,0.0,0.0,0.0,0.0,0.0,0.0,0.0,0.0,0.0,0.0,0.0,0.0,0.0,0.0,0.0,nan,nan,4.204459798994975,2.9371503144186213,nan,0.4104,0.0708,0.0,0.0,0.0,0.0,0.0,0.0,0.0,0.0,0.0,0.0,0.0,0.0,0.0,0.0,0.0,0.0,0.0,0.0,0.0,0.0,0.0,4.110152075626798e-05,0.008980682285244554,5.1376900945334976e-05,7.192766132346897e-05,0.0008939580764488286,0.0002260583641594739,0.004140978216193999,0.008014796547472256,0.0056617344841759145,0.020170571311138513,0.025462392108508015,0.014755445951500206,0.03817303740238389,0.07289354706124127,0.040711056309083435,0.0519317714755446,0.05539457459926017,0.0458898479243732,0.0593094944512947,0.05089395807644883,0.04085491163173038,0.0396013152486642,0.0740649404027949,0.02951089190300041,0.0510583641594739,0.02924373201808467,0.07226674886970819,0.05044184134812988,0.020036991368680642,0.02206124126592684,0.006596794081381011,0.00872379778051788,0.0037710645293875873,0.013060008220304151,0.004264282778462803,0.002466091245376079,0.009422523633374435,0.0006678997122893547,0.00015413070283600493,7.192766132346897e-05,0.002918207973695027,0.0015310316481709824,0.0013152486642005754,0.0103986847513358,0.0017262638717632551,0.00010275380189066995,0.0,0.0,0.0,0.0,0.0,0.0,0.0,0.0,0.0,0.0,0.0,0.0,0.0,0.0,0.0,0.0,0.0,0.0,0.0,0.0,0.0,0.0,0.0,0.0,0.0,0.0,0.0,0.0,0.0,0.0,0.0,0.0,0.0,0.0,nan,nan,4.204459798994975,2.9371503144186213,nan,0.9005097575245743,0.022110754185757493,0.0,0.0,0.0,0.0,0.0,0.0,0.0,0.0,0.0,0.0,0.0,0.0,0.0,0.0,0.0,0.0,0.0,0.0,0.0,0.0,0.0,0.0,0.0,0.0,0.023566378633150045,2.1091908876669287,12.702278083267874,13.114689709348,2.0149253731343286,0.03534956794972507,0.9016940355300903,0.023068740661959807,0.0,0.0,0.0,0.0,0.0,0.0,0.0,0.0,0.0,0.0,0.0,0.0,0.0,0.0,0.0,0.0,0.0,0.0,0.0,0.0,0.0,0.0,0.0,0.0,0.06465517241379312,1.7456896551724141,12.375000000000004,13.280172413793107,2.44396551724138,0.09051724137931037,0.4104,0.01182,0.0,0.0,0.0,0.0,0.0,0.0,0.0,0.0,0.0,0.0,0.0,5.526315789473676,23.71956009426552,0.7541241162608014,0.0,0.0,0.0,0.0,0.0,0.0,0.0,0.0,0.0,0.0,0.0,0.0,0.0,0.0,0.0,0.0,0.4102,0.011696,0.0,0.0,0.0,0.0,0.0,0.0,0.0,0.0,0.0,0.0,0.0,6.077586206896543,23.28879310344828,0.6336206896551725,0.0,0.0,0.0,0.0,0.0,0.0,0.0,0.0,0.0,0.0,0.0,0.0,0.0,0.0,0.0,0.0
98200,4992,2551,0.5110176282051282,1184,1039,0.4453125,1420,0.5689102564102564,0.4300000000000001,2.955755837771405,3.1705076332328996,6.790030211480363,2.220412783605981,8370.865264423077,506.57697033161963,7853.0,8866.4,8866.399999999998,1.8189894035458565e-12,7853.0,0.0,27.669270833333332,20.980077575578466,32.82491582491583,19.202213343447855,0.14723557692307693,0.09875801282051282,0.09194711538461539,0.08373397435897435,0.08613782051282051,0.07752403846153846,0.06450320512820513,0.06009615384615385,0.05548878205128205,0.057491987179487176,0.04366987179487179,0.0390625,0.03245192307692308,0.026642628205128204,0.016426282051282052,0.010817307692307692,0.008012820512820512,0.9018013700723457,0.022362371984898596,0.0,0.0,0.0,0.0,0.0,0.0,0.0,0.0,0.0,0.0,0.0,0.0,0.0,0.0,0.0,0.0,0.0,0.0,0.0,0.0,0.0,0.0,0.0,0.0,0.030048076923076927,1.790865384615385,12.025240384615387,13.762019230769234,2.3437500000000004,0.04807692307692309,4.345925694661255,2.954156669287956,nan,nan,nan,4.293017456359102,2.9585964391869313,4.39899937460913,2.948742685707958,1.0246870457265531,0.4106,0.01168,0.0,0.0,0.0,0.0,0.0,0.0,0.0,0.0,0.0,0.0,0.0,5.558894230769223,23.786057692307697,0.6550480769230771,0.0,0.0,0.0,0.0,0.0,0.0,0.0,0.0,0.0,0.0,0.0,0.0,0.0,0.0,0.0,0.0,nan,nan,4.345925694661255,2.954156669287956,nan,0.4106,0.0711,0.0,0.0,0.0,0.0,0.0,0.0,0.0,0.0,0.0,0.0,0.0,0.0,0.0,0.0,1.0016025641025641e-05,0.0,0.0,0.0,0.0,0.0,0.0,6.009615384615385e-05,0.008693910256410257,5.0080128205128203e-05,7.011217948717948e-05,0.0009415064102564103,0.00040064102564102563,0.0038962339743589744,0.008403445512820512,0.005568910256410257,0.021634615384615384,0.026171875,0.014342948717948717,0.03831129807692308,0.07107371794871795,0.041436298076923075,0.04880809294871795,0.05575921474358975,0.044110576923076926,0.059314903846153844,0.05040064102564103,0.04135616987179487,0.04044471153846154,0.07319711538461539,0.03021834935897436,0.05381610576923077,0.02936698717948718,0.07198517628205128,0.051131810897435896,0.02049278846153846,0.020532852564102564,0.007061298076923077,0.008253205128205128,0.0032552083333333335,0.012930689102564102,0.003936298076923077,0.0027744391025641027,0.010166266025641026,0.00040064102564102563,0.00030048076923076925,0.0,0.002904647435897436,0.0021033653846153845,0.001422275641025641,0.01086738782051282,0.0015725160256410257,2.0032051282051282e-05,0.0,3.0048076923076925e-05,0.0,0.0,0.0,0.0,0.0,0.0,0.0,0.0,0.0,0.0,0.0,0.0,0.0,0.0,0.0,0.0,0.0,0.0,0.0,0.0,0.0,0.0,0.0,0.0,0.0,0.0,0.0,0.0,0.0,0.0,0.0,0.0,nan,nan,4.345925694661255,2.954156669287956,nan,0.9025284931361558,0.02251539418377601,0.0,0.0,0.0,0.0,0.0,0.0,0.0,0.0,0.0,0.0,0.0,0.0,0.0,0.0,0.0,0.0,0.0,0.0,0.0,0.0,0.0,0.0,0.0,0.0,0.011760094080752648,1.7875343002744026,11.524892199137597,14.065072520580168,2.5637005096040775,0.04704037632301059,0.9010414802993921,0.022175864271098637,0.0,0.0,0.0,0.0,0.0,0.0,0.0,0.0,0.0,0.0,0.0,0.0,0.0,0.0,0.0,0.0,0.0,0.0,0.0,0.0,0.0,0.0,0.0,0.0,0.049160180253994275,1.794346579270791,12.548136009832039,13.445309299467434,2.1138877509217537,0.049160180253994275,0.4106,0.01179,0.0,0.0,0.0,0.0,0.0,0.0,0.0,0.0,0.0,0.0,0.0,5.609564876519005,23.70834966679734,0.6820854566836536,0.0,0.0,0.0,0.0,0.0,0.0,0.0,0.0,0.0,0.0,0.0,0.0,0.0,0.0,0.0,0.0,0.4106,0.011566,0.0,0.0,0.0,0.0,0.0,0.0,0.0,0.0,0.0,0.0,0.0,5.505940188447349,23.86726751331422,0.626792298238427,0.0,0.0,0.0,0.0,0.0,0.0,0.0,0.0,0.0,0.0,0.0,0.0,0.0,0.0,0.0,0.0
98300,4398,2262,0.514324693042292,1040,868,0.43383356070941337,1216,0.5529786266484766,0.4300000000000001,2.941479400749064,3.0970329014472595,6.457095709570957,2.2376852167929115,8374.21664392906,506.4920108442351,7853.0,8866.4,8866.399999999998,1.8189894035458565e-12,7853.0,0.0,28.384492951341517,21.34818659831958,33.40811907983762,19.595231230834695,0.14006366530241018,0.09822646657571624,0.0927694406548431,0.08981355161437017,0.07730786721236926,0.0723055934515689,0.07003183265120509,0.059345156889495224,0.05115961800818554,0.05525238744884038,0.04888585720782174,0.03956343792633015,0.035698044565711684,0.030013642564802184,0.018644838562983174,0.01227830832196453,0.008640291041382447,0.9022240733195024,0.022387559064010583,0.0,0.0,0.0,0.0,0.0,0.0,0.0,0.0,0.0,0.0,0.0,0.0,0.0,0.0,0.0,0.0,0.0,0.0,0.0,0.0,0.0,0.0,0.0,0.0,0.03410641200545703,1.6030013642564807,12.291950886766715,13.594815825375173,2.435197817189632,0.040927694406548434,4.208039492242595,2.8509801286199665,nan,nan,nan,4.216738197424893,2.8502601751309014,4.199582753824757,2.851654443742718,0.9959315843676013,0.4104,0.011826,0.0,0.0,0.0,0.0,0.0,0.0,0.0,0.0,0.0,0.0,0.013642564802182814,5.695770804911315,23.628922237380635,0.6616643929058664,0.0,0.0,0.0,0.0,0.0,0.0,0.0,0.0,0.0,0.0,0.0,0.0,0.0,0.0,0.0,0.0,nan,nan,4.208039492242595,2.8509801286199665,nan,0.4104,0.0708,0.0,0.0,0.0,0.0,0.0,0.0,0.0,0.0,0.0,0.0,0.0,0.0,0.0,0.0,0.0,0.0,0.0,0.0,2.2737608003638016e-05,0.0,0.0,0.0,0.008685766257389723,0.0,7.958162801273305e-05,0.001125511596180082,0.00011368804001819008,0.003910868576625739,0.008003638017280582,0.005150068212824011,0.021714415643474306,0.026921327876307414,0.01592769440654843,0.037642110050022735,0.0690768531150523,0.04282628467485221,0.047112323783537975,0.05627557980900409,0.04698726693951796,0.06050477489768077,0.04972714870395634,0.04141655297862665,0.03993860845839018,0.0725443383356071,0.031184629376989542,0.05334242837653479,0.03148021828103684,0.07278308321964529,0.047964984083674396,0.020895861755343338,0.019713506139154163,0.00815143246930423,0.007548885857207822,0.002887676216462028,0.013960891314233743,0.003865393360618463,0.002228285584356526,0.008822191905411551,0.0002955889040472942,0.0006252842201000454,1.1368804001819008e-05,0.002273760800363802,0.0014779445202364712,0.0016371077762619372,0.011539336061846294,0.0015120509322419282,2.2737608003638016e-05,0.0,6.821282401091406e-05,0.0,0.0,0.0,0.0,0.0,0.0,0.0,0.0,0.0,0.0,0.0,0.0,0.0,0.0,0.0,0.0,0.0,0.0,0.0,0.0,0.0,0.0,0.0,0.0,0.0,0.0,0.0,0.0,0.0,0.0,0.0,0.0,nan,nan,4.208039492242595,2.8509801286199665,nan,0.9016441469641516,0.02292957038520759,0.0,0.0,0.0,0.0,0.0,0.0,0.0,0.0,0.0,0.0,0.0,0.0,0.0,0.0,0.0,0.0,0.0,0.0,0.0,0.0,0.0,0.0,0.0,0.0,0.06631299734748011,1.8037135278514593,12.453580901856768,13.156498673740057,2.4801061007957563,0.03978779840848807,0.9028382088137923,0.02178206102327218,0.0,0.0,0.0,0.0,0.0,0.0,0.0,0.0,0.0,0.0,0.0,0.0,0.0,0.0,0.0,0.0,0.0,0.0,0.0,0.0,0.0,0.0,0.0,0.0,0.0,1.3904494382022474,12.120786516853936,14.058988764044948,2.387640449438203,0.04213483146067416,0.4104,0.01195,0.0,0.0,0.0,0.0,0.0,0.0,0.0,0.0,0.0,0.0,0.0,5.689655172413785,23.607427055702924,0.7029177718832893,0.0,0.0,0.0,0.0,0.0,0.0,0.0,0.0,0.0,0.0,0.0,0.0,0.0,0.0,0.0,0.0,0.4102,0.011696,0.0,0.0,0.0,0.0,0.0,0.0,0.0,0.0,0.0,0.0,0.028089887640449444,5.702247191011227,23.651685393258433,0.6179775280898877,0.0,0.0,0.0,0.0,0.0,0.0,0.0,0.0,0.0,0.0,0.0,0.0,0.0,0.0,0.0,0.0
98400,4585,2291,0.4996728462377317,1087,1001,0.4553980370774264,1332,0.5810250817884406,0.4020000000000001,2.864864864864865,3.035686331474081,6.589437819420784,2.087545004862429,8359.368462377319,506.6998915362076,7853.0,8866.4,8866.4,0.0,7853.0,0.0,27.671755725190838,20.74073740454465,32.675443169968716,18.980678164205617,0.14089422028353327,0.10163576881134133,0.09203925845147219,0.08396946564885496,0.0846237731733915,0.07633587786259542,0.06935659760087241,0.0678298800436205,0.06019629225736096,0.0495092693565976,0.04667393675027263,0.03794983642311887,0.029880043620501635,0.021155943293347874,0.01875681570338059,0.011995637949836423,0.007197382769901854,0.9026480662653724,0.022476055502526328,0.0,0.0,0.0,0.0,0.0,0.0,0.0,0.0,0.0,0.0,0.0,0.0,0.0,0.0,0.0,0.0,0.0,0.0,0.0,0.0,0.0,0.0,0.0,0.0,0.05888767720828791,1.7077426390403494,11.548527808069796,14.126499454743733,2.492911668484188,0.06543075245365323,4.3170566293658865,2.8123493623224474,nan,nan,nan,4.427210884353742,2.815857859718781,4.207572684246112,2.804574065751934,0.9503890359314358,0.4114,0.01151,0.0,0.0,0.0,0.0,0.0,0.0,0.0,0.0,0.0,0.0,0.006543075245365323,4.985823336968368,24.30098146128681,0.706652126499455,0.0,0.0,0.0,0.0,0.0,0.0,0.0,0.0,0.0,0.0,0.0,0.0,0.0,0.0,0.0,0.0,nan,nan,4.3170566293658865,2.8123493623224474,nan,0.4114,0.0706,0.0,0.0,0.0,0.0,0.0,0.0,0.0,0.0,0.0,0.0,0.0,0.0,0.0,0.0,0.0,0.0,0.0,0.0,0.0,0.0,3.271537622682661e-05,0.0,0.008625954198473283,0.0,0.0,0.0007306434023991276,7.633587786259542e-05,0.0033696837513631406,0.0075681570338058885,0.004874591057797165,0.02089422028353326,0.029094874591057796,0.012584514721919302,0.03661941112322792,0.06661941112322792,0.043958560523446016,0.04784078516902945,0.0549618320610687,0.046608505997818975,0.06109051254089422,0.05272628135223555,0.04085059978189749,0.036761177753544164,0.07604143947655398,0.03283533260632497,0.05390403489640131,0.03271537622682661,0.07177753544165758,0.04732824427480916,0.019465648854961833,0.02183206106870229,0.008189749182115595,0.007884405670665213,0.0030970556161395856,0.014176663031624863,0.003827699018538713,0.0019956379498364232,0.009040348964013087,0.00021810250817884405,0.0006652126499454744,0.0,0.001984732824427481,0.0021155943293347875,0.0013849509269356598,0.011690294438386041,0.0018756815703380588,0.0,0.0,6.543075245365322e-05,0.0,0.0,0.0,0.0,0.0,0.0,0.0,0.0,0.0,0.0,0.0,0.0,0.0,0.0,0.0,0.0,0.0,0.0,0.0,0.0,0.0,0.0,0.0,0.0,0.0,0.0,0.0,0.0,0.0,0.0,0.0,0.0,nan,nan,4.3170566293658865,2.8123493623224474,nan,0.9028814810948932,0.022829409515174606,0.0,0.0,0.0,0.0,0.0,0.0,0.0,0.0,0.0,0.0,0.0,0.0,0.0,0.0,0.0,0.0,0.0,0.0,0.0,0.0,0.0,0.0,0.0,0.0,0.06547359231776519,1.833260584897425,11.065037101702316,14.378000872981234,2.6189436927106073,0.03928415539065911,0.9024149566862827,0.022115071501855894,0.0,0.0,0.0,0.0,0.0,0.0,0.0,0.0,0.0,0.0,0.0,0.0,0.0,0.0,0.0,0.0,0.0,0.0,0.0,0.0,0.0,0.0,0.0,0.0,0.05231037489102006,1.582388840453357,12.031386224934614,13.875326939843072,2.3670444638186576,0.09154315605928512,0.4114,0.011696,0.0,0.0,0.0,0.0,0.0,0.0,0.0,0.0,0.0,0.0,0.0,5.1855085115669945,24.002618943692717,0.8118725447402882,0.0,0.0,0.0,0.0,0.0,0.0,0.0,0.0,0.0,0.0,0.0,0.0,0.0,0.0,0.0,0.0,0.4111,0.01134,0.0,0.0,0.0,0.0,0.0,0.0,0.0,0.0,0.0,0.0,0.013077593722755016,4.786399302528328,24.598953792502186,0.6015693112467307,0.0,0.0,0.0,0.0,0.0,0.0,0.0,0.0,0.0,0.0,0.0,0.0,0.0,0.0,0.0,0.0
98500,4606,2360,0.5123751628310899,1111,976,0.45310464611376466,1339,0.5814155449413808,0.39000000000000007,2.945681211041852,3.0594708733407834,6.573983739837399,2.0931105494200084,8372.240990013026,506.5447794316836,7853.0,8866.4,8866.399999999998,1.8189894035458565e-12,7853.0,0.0,28.236647850629613,20.996867484677015,33.250323247995865,19.1795356248417,0.1411202778983934,0.09834997828918801,0.08706035605731655,0.08575770733825445,0.07837603126356926,0.07924446374294399,0.06817194963091619,0.06860616587060356,0.057316543638732086,0.05036908380373426,0.04798089448545376,0.038862353452019105,0.030829353017802867,0.030612244897959183,0.020625271385149805,0.01107251411202779,0.005644811115935736,0.9024903753427024,0.022503152291160452,0.0,0.0,0.0,0.0,0.0,0.0,0.0,0.0,0.0,0.0,0.0,0.0,0.0,0.0,0.0,0.0,0.0,0.0,0.0,0.0,0.0,0.0,0.0,0.0,0.039079461571862796,1.550151975683891,12.134172818063398,13.514980460269218,2.7290490664350853,0.03256621797655233,4.2356073211314476,2.8321419970980917,nan,nan,nan,4.288474350433044,2.875624151611978,4.182845744680851,2.787070907272139,0.9753691879394062,0.4111,0.01202,0.0,0.0,0.0,0.0,0.0,0.0,0.0,0.0,0.0,0.0,0.0,5.392965696917057,23.701693443334786,0.9053408597481548,0.0,0.0,0.0,0.0,0.0,0.0,0.0,0.0,0.0,0.0,0.0,0.0,0.0,0.0,0.0,0.0,nan,nan,4.2356073211314476,2.8321419970980917,nan,0.4111,0.07074,0.0,0.0,0.0,0.0,0.0,0.0,0.0,0.0,0.0,0.0,0.0,0.0,0.0,0.0,0.0,0.0,0.0,0.0,0.0,0.0,0.0,0.0,0.008760312635692574,4.342162396873643e-05,0.0,0.0011398176291793312,0.00018454190186712984,0.003213200173686496,0.006882327399044724,0.004700390794615718,0.01932262266608771,0.030612244897959183,0.01355840208423795,0.03508467216673904,0.0673577941815024,0.045310464611376465,0.04820885801128962,0.05622014763352149,0.04814372557533652,0.060801128962223186,0.04986973512809379,0.04096830221450282,0.03487841945288754,0.07729049066435084,0.03395570994355189,0.05493920972644377,0.032034303082935305,0.06757490230134607,0.04853452019105515,0.020625271385149805,0.02229700390794616,0.007316543638732089,0.0075553625705601386,0.0032783326096396006,0.015067303517151541,0.003245766391663048,0.001628310898827616,0.009151107251411203,0.00022796352583586625,0.0005536257056013895,1.0855405992184108e-05,0.0017477203647416413,0.001899696048632219,0.0015631784628745114,0.011886669561441597,0.0022796352583586625,0.0,2.1710811984368215e-05,5.427702996092054e-05,0.0,0.0,0.0,0.0,0.0,0.0,0.0,0.0,0.0,0.0,0.0,0.0,0.0,0.0,0.0,0.0,0.0,0.0,0.0,0.0,0.0,0.0,0.0,0.0,0.0,0.0,0.0,0.0,0.0,0.0,0.0,0.0,nan,nan,4.2356073211314476,2.8321419970980917,nan,0.9024056139133745,0.02246988698852149,0.0,0.0,0.0,0.0,0.0,0.0,0.0,0.0,0.0,0.0,0.0,0.0,0.0,0.0,0.0,0.0,0.0,0.0,0.0,0.0,0.0,0.0,0.0,0.0,0.050847457627118654,1.5762711864406784,12.012711864406782,13.436440677966106,2.8983050847457634,0.025423728813559327,0.9025794389995208,0.022537709682827728,0.0,0.0,0.0,0.0,0.0,0.0,0.0,0.0,0.0,0.0,0.0,0.0,0.0,0.0,0.0,0.0,0.0,0.0,0.0,0.0,0.0,0.0,0.0,0.0,0.02671415850400713,1.5227070347284064,12.261798753339272,13.597506678539629,2.5512021371326807,0.040071237756010694,0.411,0.01201,0.0,0.0,0.0,0.0,0.0,0.0,0.0,0.0,0.0,0.0,0.0,5.415254237288128,23.720338983050855,0.8644067796610171,0.0,0.0,0.0,0.0,0.0,0.0,0.0,0.0,0.0,0.0,0.0,0.0,0.0,0.0,0.0,0.0,0.4114,0.01203,0.0,0.0,0.0,0.0,0.0,0.0,0.0,0.0,0.0,0.0,0.0,5.369545859305424,23.682101513802323,0.9483526268922531,0.0,0.0,0.0,0.0,0.0,0.0,0.0,0.0,0.0,0.0,0.0,0.0,0.0,0.0,0.0,0.0
98600,4380,2235,0.5102739726027398,1027,886,0.4367579908675799,1209,0.552054794520548,0.4420000000000001,3.0,3.215637781269268,6.8769771528998245,2.322575233014105,8370.111643835617,506.5930197630442,7853.0,8866.4,8866.4,0.0,7853.0,0.0,27.800456621004567,21.050307208719108,32.874760732841125,19.341713932432057,0.14383561643835616,0.10091324200913242,0.09726027397260274,0.08356164383561644,0.0821917808219178,0.07420091324200913,0.07031963470319634,0.0589041095890411,0.05593607305936073,0.053881278538812784,0.041552511415525115,0.04041095890410959,0.02899543378995434,0.02968036529680365,0.01872146118721461,0.0136986301369863,0.005936073059360731,0.9021685422963748,0.0227396784553077,0.0,0.0,0.0,0.0,0.0,0.0,0.0,0.0,0.0,0.0,0.0,0.0,0.0,0.0,0.0,0.0,0.0,0.0,0.0,0.0,0.0,0.0,0.0,0.0,0.047945205479452066,1.6917808219178085,12.006849315068497,13.66438356164384,2.513698630136987,0.07534246575342467,4.409694793536804,2.934322259753383,nan,nan,nan,4.457184325108853,2.937418605879896,4.36318407960199,2.9305407171785713,0.9789103975401404,0.4106,0.012085,0.0,0.0,0.0,0.0,0.0,0.0,0.0,0.0,0.0,0.0,0.0,5.8561643835616355,23.452054794520553,0.6917808219178083,0.0,0.0,0.0,0.0,0.0,0.0,0.0,0.0,0.0,0.0,0.0,0.0,0.0,0.0,0.0,0.0,nan,nan,4.409694793536804,2.934322259753383,nan,0.4106,0.071,0.0,0.0,0.0,0.0,0.0,0.0,0.0,0.0,0.0,0.0,0.0,0.0,0.0,0.0,0.0,0.0,0.0,0.0,0.0,2.2831050228310503e-05,0.0,3.424657534246575e-05,0.009965753424657534,0.00019406392694063928,0.0,0.0013926940639269407,6.84931506849315e-05,0.0032990867579908677,0.006986301369863014,0.005502283105022831,0.019235159817351598,0.03165525114155251,0.013755707762557077,0.03599315068493151,0.06494292237442922,0.04252283105022831,0.04873287671232877,0.05707762557077625,0.04778538812785388,0.0591324200913242,0.050833333333333335,0.04211187214611872,0.03511415525114155,0.07614155251141552,0.03501141552511416,0.05523972602739726,0.0341324200913242,0.06582191780821918,0.0480365296803653,0.02124429223744292,0.02115296803652968,0.007888127853881278,0.007773972602739726,0.0029680365296803654,0.014885844748858448,0.0032191780821917808,0.0019748858447488585,0.008127853881278539,0.00012557077625570775,0.00034246575342465754,0.0,0.002237442922374429,0.001735159817351598,0.0015525114155251142,0.011643835616438357,0.0022945205479452057,0.0,9.132420091324201e-05,0.0,0.0,0.0,0.0,0.0,0.0,0.0,0.0,0.0,0.0,0.0,0.0,0.0,0.0,0.0,0.0,0.0,0.0,0.0,0.0,0.0,0.0,0.0,0.0,0.0,0.0,0.0,0.0,0.0,0.0,0.0,0.0,0.0,nan,nan,4.409694793536804,2.934322259753383,nan,0.9019472175263185,0.02246347480553255,0.0,0.0,0.0,0.0,0.0,0.0,0.0,0.0,0.0,0.0,0.0,0.0,0.0,0.0,0.0,0.0,0.0,0.0,0.0,0.0,0.0,0.0,0.0,0.0,0.04026845637583893,1.718120805369128,11.959731543624164,13.771812080536916,2.4563758389261747,0.05369127516778525,0.9023991534204194,0.023021683006435756,0.0,0.0,0.0,0.0,0.0,0.0,0.0,0.0,0.0,0.0,0.0,0.0,0.0,0.0,0.0,0.0,0.0,0.0,0.0,0.0,0.0,0.0,0.0,0.0,0.05594405594405596,1.6643356643356648,12.055944055944058,13.552447552447555,2.5734265734265738,0.09790209790209793,0.4106,0.01206,0.0,0.0,0.0,0.0,0.0,0.0,0.0,0.0,0.0,0.0,0.0,5.82550335570469,23.489932885906047,0.6845637583892619,0.0,0.0,0.0,0.0,0.0,0.0,0.0,0.0,0.0,0.0,0.0,0.0,0.0,0.0,0.0,0.0,0.4106,0.01211,0.0,0.0,0.0,0.0,0.0,0.0,0.0,0.0,0.0,0.0,0.0,5.8881118881118795,23.41258741258742,0.6993006993006994,0.0,0.0,0.0,0.0,0.0,0.0,0.0,0.0,0.0,0.0,0.0,0.0,0.0,0.0,0.0,0.0
98700,4708,2385,0.5065845369583687,1122,972,0.4447748513169074,1365,0.5798640611724724,0.3980000000000001,2.9750322858372793,3.0254019896039166,6.396142433234421,2.099607837597513,8366.37276975361,506.6560609958348,7853.0,8866.4,8866.399999999996,3.637978807091713e-12,7853.0,0.0,28.37468139337298,21.11357734404513,33.285462333081384,19.354170562436767,0.1393372982158029,0.09983007646559049,0.08878504672897196,0.08857264231096007,0.07646559048428207,0.07412914188615123,0.06881903143585387,0.05989804587935429,0.05862361937128292,0.05777400169923534,0.04864061172472387,0.04035683942225998,0.03228547153780799,0.026338147833474938,0.02145284621920136,0.01231945624468989,0.006372132540356839,0.9029029832492973,0.022481366525713812,0.0,0.0,0.0,0.0,0.0,0.0,0.0,0.0,0.0,0.0,0.0,0.0,0.0,0.0,0.0,0.0,0.0,0.0,0.0,0.0,0.0,0.0,0.0,0.0,0.03823279524214104,1.5930331350892102,11.852166525063724,13.872132540356843,2.599830076465591,0.04460492778249789,4.308621815806663,2.817630899829785,nan,nan,nan,4.282907662082515,2.820983202340094,4.334201954397394,2.8140589805803833,1.0119765113707677,0.4106,0.011765,0.0,0.0,0.0,0.0,0.0,0.0,0.0,0.0,0.0,0.0,0.0,5.550127442650799,23.793542905692444,0.6563296516567546,0.0,0.0,0.0,0.0,0.0,0.0,0.0,0.0,0.0,0.0,0.0,0.0,0.0,0.0,0.0,0.0,nan,nan,4.308621815806663,2.817630899829785,nan,0.4106,0.07074,0.0,0.0,0.0,0.0,0.0,0.0,0.0,0.0,0.0,0.0,0.0,0.0,0.0,0.0,0.0,0.0,0.0,0.0,0.0,2.1240441801189464e-05,1.0620220900594732e-05,0.0,0.00872982158028887,0.000159303313508921,2.1240441801189464e-05,0.0017204757858963467,6.37213254035684e-05,0.002973661852166525,0.008336873406966865,0.005756159728122345,0.01943500424808836,0.030469413763806286,0.01324341546304163,0.03720263381478335,0.06585598980458794,0.0437553101104503,0.04573067119796092,0.05693500424808836,0.04831138487680544,0.05872982158028887,0.051508071367884455,0.04248088360237893,0.035652081563296516,0.07536108751062022,0.03469626168224299,0.05434367034834325,0.034409515717926935,0.06855352591333899,0.04728122344944775,0.0213678844519966,0.02012531860662702,0.007115548003398471,0.008262531860662703,0.0027506372132540357,0.015197536108751061,0.0036427357689039932,0.0023789294817332203,0.007593457943925234,0.00027612574341546304,0.0003929481733220051,0.0,0.0021240441801189465,0.001667374681393373,0.0016886151231945625,0.011799065420560747,0.001784197111299915,1.0620220900594732e-05,4.248088360237893e-05,3.18606627017842e-05,0.0,0.0,0.0,0.0,0.0,0.0,0.0,0.0,0.0,0.0,0.0,0.0,0.0,0.0,0.0,0.0,0.0,0.0,0.0,0.0,0.0,0.0,0.0,0.0,0.0,0.0,0.0,0.0,0.0,0.0,0.0,0.0,nan,nan,4.308621815806663,2.817630899829785,nan,0.9031487190748411,0.022743105814127747,0.0,0.0,0.0,0.0,0.0,0.0,0.0,0.0,0.0,0.0,0.0,0.0,0.0,0.0,0.0,0.0,0.0,0.0,0.0,0.0,0.0,0.0,0.0,0.0,0.03773584905660378,1.5220125786163525,11.987421383647801,13.68553459119497,2.704402515723271,0.0628930817610063,0.9026506888266016,0.022206603606528267,0.0,0.0,0.0,0.0,0.0,0.0,0.0,0.0,0.0,0.0,0.0,0.0,0.0,0.0,0.0,0.0,0.0,0.0,0.0,0.0,0.0,0.0,0.0,0.0,0.03874300473525614,1.6659492036160142,11.713301764959107,14.06371071889798,2.492466637968145,0.025828669823504097,0.4106,0.01168,0.0,0.0,0.0,0.0,0.0,0.0,0.0,0.0,0.0,0.0,0.0,5.635220125786155,23.773584905660382,0.5911949685534592,0.0,0.0,0.0,0.0,0.0,0.0,0.0,0.0,0.0,0.0,0.0,0.0,0.0,0.0,0.0,0.0,0.411,0.01185,0.0,0.0,0.0,0.0,0.0,0.0,0.0,0.0,0.0,0.0,0.0,5.4627636676711075,23.814033577270777,0.7232027550581147,0.0,0.0,0.0,0.0,0.0,0.0,0.0,0.0,0.0,0.0,0.0,0.0,0.0,0.0,0.0,0.0
98800,4558,2389,0.5241333918385257,1118,919,0.44690653795524354,1257,0.5515577007459412,0.4220000000000001,3.024435223605348,3.151156229809918,6.632090761750405,2.193804671121887,8384.15677928916,506.1094308020756,7853.0,8866.4,8866.399999999998,1.8189894035458565e-12,7853.0,0.0,28.056384379113645,21.193277335409217,33.11288632792038,19.44559202591989,0.14304519526107942,0.09828872312417727,0.09324265028521281,0.08315050460728389,0.08600263273365512,0.07218078104431769,0.06252742430890741,0.0695480473892058,0.05660377358490566,0.0533128565160158,0.04190434401053093,0.03773584905660377,0.03773584905660377,0.024352786309784994,0.01601579640193067,0.01491882404563405,0.009433962264150943,0.9020695121940053,0.022446050185070905,0.0,0.0,0.0,0.0,0.0,0.0,0.0,0.0,0.0,0.0,0.0,0.0,0.0,0.0,0.0,0.0,0.0,0.0,0.0,0.0,0.0,0.0,0.0,0.0,0.039491004826678375,1.6454585344449324,12.321193505923654,13.532250987275123,2.3694602896007027,0.09214567792891622,4.27309921581998,2.9329504378281417,nan,nan,nan,4.253711201079622,2.914272731269796,4.29290144727774,2.951773741059077,1.0092131892236056,0.4106,0.012024,0.0,0.0,0.0,0.0,0.0,0.0,0.0,0.0,0.0,0.0,0.0,5.713032031592796,23.411584028082498,0.875383940324704,0.0,0.0,0.0,0.0,0.0,0.0,0.0,0.0,0.0,0.0,0.0,0.0,0.0,0.0,0.0,0.0,nan,nan,4.27309921581998,2.9329504378281417,nan,0.4106,0.07074,0.0,0.0,0.0,0.0,0.0,0.0,0.0,0.0,0.0,0.0,0.0,0.0,0.0,0.0,0.0,0.0,0.0,1.0969723562966214e-05,0.0,9.872751206669592e-05,0.0,0.0,0.009082931110136024,8.775778850372971e-05,0.0001645458534444932,0.0014480035103115402,3.290917068889864e-05,0.0032580078982009653,0.008644142167617375,0.004146555506801228,0.019449319877139097,0.029662132514260642,0.012626151820974112,0.0371105748135147,0.06644361562088635,0.04738920579201404,0.04619350592365072,0.05677928916191312,0.04858490566037736,0.0564282580078982,0.05065818341377797,0.04439447125932427,0.033962264150943396,0.07487933304080738,0.035410267661254935,0.056647652479157526,0.03282141290039491,0.06446906537955244,0.04921017990346643,0.023562966213251425,0.020546292233435716,0.007031592803861343,0.007634927599824484,0.0030276437033786747,0.015478279947345326,0.003192189556823168,0.0024352786309784994,0.007031592803861343,0.00018648530057042563,3.290917068889864e-05,1.0969723562966214e-05,0.0024901272487933305,0.002018429135585783,0.0015138218516893374,0.011858271171566476,0.0017112768758227293,3.290917068889864e-05,5.484861781483107e-05,5.484861781483107e-05,0.0,0.0,0.0,0.0,0.0,0.0,0.0,0.0,0.0,0.0,0.0,0.0,0.0,0.0,0.0,0.0,0.0,0.0,0.0,0.0,0.0,0.0,0.0,0.0,0.0,0.0,0.0,0.0,0.0,0.0,0.0,0.0,nan,nan,4.27309921581998,2.9329504378281417,nan,0.9023828354027542,0.0223177934950327,0.0,0.0,0.0,0.0,0.0,0.0,0.0,0.0,0.0,0.0,0.0,0.0,0.0,0.0,0.0,0.0,0.0,0.0,0.0,0.0,0.0,0.0,0.0,0.0,0.025115110925073257,1.5069066555043955,12.29384679782336,13.687735454164926,2.4110506488070325,0.07534533277521976,0.9017244088534333,0.022581442335688953,0.0,0.0,0.0,0.0,0.0,0.0,0.0,0.0,0.0,0.0,0.0,0.0,0.0,0.0,0.0,0.0,0.0,0.0,0.0,0.0,0.0,0.0,0.0,0.0,0.05532503457814662,1.7980636237897654,12.351313969571235,13.36099585062241,2.3236514522821583,0.11065006915629325,0.411,0.01199,0.0,0.0,0.0,0.0,0.0,0.0,0.0,0.0,0.0,0.0,0.0,5.575554625366253,23.557974047718716,0.8664713269150274,0.0,0.0,0.0,0.0,0.0,0.0,0.0,0.0,0.0,0.0,0.0,0.0,0.0,0.0,0.0,0.0,0.4106,0.012054,0.0,0.0,0.0,0.0,0.0,0.0,0.0,0.0,0.0,0.0,0.0,5.864453665283532,23.25034578146612,0.885200553250346,0.0,0.0,0.0,0.0,0.0,0.0,0.0,0.0,0.0,0.0,0.0,0.0,0.0,0.0,0.0,0.0
98900,4661,2448,0.5252091825788457,1176,935,0.452907101480369,1304,0.5595365801330187,0.4060000000000001,3.046091278807049,3.1329407878093423,6.632558139534884,2.157344146398446,8385.246985625403,506.0555715783152,7853.0,8866.4,8866.399999999998,1.8189894035458565e-12,7853.0,0.0,28.479296288350138,20.839952903197062,33.08335431881138,19.13203082017361,0.13087320317528428,0.09590216691697061,0.09246942716155332,0.08882214117142244,0.08002574554816563,0.08045483801759279,0.07208753486376314,0.06114567689337052,0.05706929843381248,0.05406565114782236,0.04956018021883716,0.04054923836086677,0.03411285131945934,0.02531645569620253,0.019952799828363014,0.01094185797039262,0.006650933276121004,0.9022778551789779,0.022245231884287304,0.0,0.0,0.0,0.0,0.0,0.0,0.0,0.0,0.0,0.0,0.0,0.0,0.0,0.0,0.0,0.0,0.0,0.0,0.0,0.0,0.0,0.0,0.0,0.0,0.0257455481656297,1.667024243724523,11.978116284059217,13.870414074233,2.3685904312379322,0.09010941857970395,4.237986270022883,2.927965173520107,nan,nan,nan,4.2844884488448844,2.918065442452281,4.189241736876215,2.9353303449273023,0.977769408622318,0.4102,0.012,0.0,0.0,0.0,0.0,0.0,0.0,0.0,0.0,0.0,0.0,0.006436387041407425,5.882857755846376,23.402703282557397,0.7080025745548167,0.0,0.0,0.0,0.0,0.0,0.0,0.0,0.0,0.0,0.0,0.0,0.0,0.0,0.0,0.0,0.0,nan,nan,4.237986270022883,2.927965173520107,nan,0.4102,0.0711,0.0,0.0,0.0,0.0,0.0,0.0,0.0,0.0,0.0,0.0,0.0,0.0,0.0,0.0,0.0,0.0,0.0,0.0,0.0,0.00010727311735679038,1.0727311735679038e-05,0.0,0.009311306586569406,6.436387041407424e-05,0.00025745548165629695,0.0014052778373739542,4.290924694271615e-05,0.003068011156404205,0.009021669169706072,0.003915468783522849,0.021240077236644495,0.02946792533791032,0.013966959879854109,0.03755631838661232,0.06930916112422227,0.04758635485947221,0.04563398412357863,0.05595365801330187,0.04900236000858185,0.0541943788886505,0.05242437245226346,0.043509976399914184,0.03057283844668526,0.07392190517056425,0.03606522205535293,0.05754130015018236,0.03214975327183008,0.06487878137738683,0.050643638704140743,0.022291353786741044,0.01851534005578202,0.007798755631838661,0.00713366230422656,0.004162196953443467,0.014642780519201887,0.0035292855610384037,0.002145462347135808,0.006372023170993349,0.00010727311735679038,4.290924694271615e-05,3.218193520703712e-05,0.0031967388972323537,0.001995279982836301,0.0015447328899377815,0.011424586998498177,0.0020381892297790176,5.363655867839519e-05,0.0001394550525638275,0.0,1.0727311735679038e-05,0.0,0.0,0.0,0.0,0.0,0.0,0.0,0.0,0.0,0.0,0.0,0.0,0.0,0.0,0.0,0.0,0.0,0.0,0.0,0.0,0.0,0.0,0.0,0.0,0.0,0.0,0.0,0.0,0.0,0.0,0.0,nan,nan,4.237986270022883,2.927965173520107,nan,0.9020819928910997,0.02175462984706926,0.0,0.0,0.0,0.0,0.0,0.0,0.0,0.0,0.0,0.0,0.0,0.0,0.0,0.0,0.0,0.0,0.0,0.0,0.0,0.0,0.0,0.0,0.0,0.0,0.012254901960784317,1.6421568627450984,12.107843137254905,14.019607843137258,2.1200980392156867,0.09803921568627454,0.902494516218619,0.022773661600867547,0.0,0.0,0.0,0.0,0.0,0.0,0.0,0.0,0.0,0.0,0.0,0.0,0.0,0.0,0.0,0.0,0.0,0.0,0.0,0.0,0.0,0.0,0.0,0.0,0.040668775417984644,1.6945323090826936,11.834613646633532,13.705377315860826,2.643470402169002,0.08133755083596929,0.4102,0.012024,0.0,0.0,0.0,0.0,0.0,0.0,0.0,0.0,0.0,0.0,0.012254901960784317,5.894607843137247,23.394607843137262,0.6985294117647061,0.0,0.0,0.0,0.0,0.0,0.0,0.0,0.0,0.0,0.0,0.0,0.0,0.0,0.0,0.0,0.0,0.41,0.01198,0.0,0.0,0.0,0.0,0.0,0.0,0.0,0.0,0.0,0.0,0.0,5.869859918662441,23.411658382286497,0.7184816990510621,0.0,0.0,0.0,0.0,0.0,0.0,0.0,0.0,0.0,0.0,0.0,0.0,0.0,0.0,0.0,0.0
99000,4483,2342,0.5224180236448807,1104,870,0.44033013606959626,1234,0.55052420254294,0.4340000000000001,3.0406352171882296,3.1586912738248176,6.561128526645768,2.226625709299078,8382.41842516172,506.19044159107847,7853.0,8866.4,8866.4,0.0,7853.0,0.0,28.83337051081865,21.294366383027278,33.73602320675106,19.483133726301062,0.13718492081195627,0.09391032790542048,0.09234887352219495,0.07963417354450145,0.08119562792772697,0.07874191389694402,0.06223511041713139,0.06223511041713139,0.05933526656256971,0.05442783850100379,0.05175105955833147,0.04394378764220388,0.035913450814186926,0.024537140307829577,0.02141423154137854,0.013160829801472228,0.008030336828016953,0.9013268263138433,0.022699329460502023,0.0,0.0,0.0,0.0,0.0,0.0,0.0,0.0,0.0,0.0,0.0,0.0,0.0,0.0,0.0,0.0,0.0,0.0,0.0,0.0,0.0,0.0,0.0,0.0,0.04015168414008477,1.9540486281507923,12.286415346865942,13.437430292215037,2.201650680347982,0.08030336828016954,4.2390859481582535,2.9115778171841433,nan,nan,nan,4.174122505161734,2.888254569306369,4.299729364005413,2.9313549093719997,1.0300917998186092,0.4106,0.01222,0.0,0.0,0.0,0.0,0.0,0.0,0.0,0.0,0.0,0.0,0.01338389471336159,5.7349988846754325,23.53557885344636,0.7160383671648451,0.0,0.0,0.0,0.0,0.0,0.0,0.0,0.0,0.0,0.0,0.0,0.0,0.0,0.0,0.0,0.0,nan,nan,4.2390859481582535,2.9115778171841433,nan,0.4104,0.07184,0.0,0.0,0.0,0.0,0.0,0.0,0.0,0.0,0.0,0.0,0.0,0.0,0.0,0.0,0.0,0.0,0.0,0.0,0.0,3.3459736783403974e-05,4.461298237787196e-05,1.115324559446799e-05,0.010818648226633951,0.00014499219272808388,0.00011153245594467991,0.0008141869283961633,7.807271916127593e-05,0.003457506134285077,0.007907651126477806,0.0039036359580637966,0.021336158822217264,0.02939995538701762,0.014755743921481152,0.0359580637965648,0.06908320321213474,0.04418915904528218,0.045906758866830245,0.05776265893374972,0.04983270131608298,0.05202989069819317,0.05340173990631274,0.042605398170867725,0.030771804595137186,0.07406870399286192,0.03601383002453714,0.05833147445906759,0.03320321213473121,0.06314967655587776,0.05205219718938211,0.02463751951817979,0.016819094356457728,0.00749498103948249,0.0076957394601829135,0.0039817086772250725,0.013673879098817756,0.0030113763105063572,0.00205219718938211,0.00665848761989739,0.00016729868391701986,0.0,1.115324559446799e-05,0.003669417800579969,0.002342181574838278,0.0019183582422484943,0.012636627258532233,0.0018625920142761544,0.00011153245594467991,7.807271916127593e-05,0.0,0.0,0.0,0.0,0.0,0.0,0.0,0.0,0.0,0.0,0.0,0.0,0.0,0.0,0.0,0.0,0.0,0.0,0.0,0.0,0.0,0.0,0.0,0.0,0.0,0.0,0.0,0.0,0.0,0.0,0.0,0.0,0.0,nan,nan,4.2390859481582535,2.9115778171841433,nan,0.9012993792506184,0.022521107270014655,0.0,0.0,0.0,0.0,0.0,0.0,0.0,0.0,0.0,0.0,0.0,0.0,0.0,0.0,0.0,0.0,0.0,0.0,0.0,0.0,0.0,0.0,0.0,0.0,0.02561912894961572,2.0367207514944496,12.105038428693428,13.64218616567037,2.15200683176772,0.03842869342442357,0.9013568501447974,0.022892656779925732,0.0,0.0,0.0,0.0,0.0,0.0,0.0,0.0,0.0,0.0,0.0,0.0,0.0,0.0,0.0,0.0,0.0,0.0,0.0,0.0,0.0,0.0,0.0,0.0,0.056048575432041114,1.863615133115367,12.484820177487158,13.213451658103693,2.2559551611396547,0.1261092947220925,0.4106,0.01209,0.0,0.0,0.0,0.0,0.0,0.0,0.0,0.0,0.0,0.0,0.01280956447480786,5.418445772843715,23.736122971818965,0.8326216908625109,0.0,0.0,0.0,0.0,0.0,0.0,0.0,0.0,0.0,0.0,0.0,0.0,0.0,0.0,0.0,0.0,0.4104,0.01236,0.0,0.0,0.0,0.0,0.0,0.0,0.0,0.0,0.0,0.0,0.014012143858010279,6.081270434376451,23.316207379729104,0.5885100420364316,0.0,0.0,0.0,0.0,0.0,0.0,0.0,0.0,0.0,0.0,0.0,0.0,0.0,0.0,0.0,0.0
99100,4839,2477,0.5118826203761108,1142,1001,0.442860095060963,1357,0.5608596817524282,0.4100000000000001,2.9991532599491957,3.097484592164419,6.591654247391952,2.1967708532066683,8371.74184748915,506.55689108830404,7853.0,8866.4,8866.4,0.0,7853.0,0.0,28.023765240752223,20.97654279408126,32.96215286311133,19.220840017180965,0.14011159330440173,0.10229386236825791,0.0946476544740649,0.07997520148791072,0.07873527588344699,0.07439553626782393,0.07460219053523455,0.06199628022318661,0.05682992353792106,0.052283529654887376,0.05166356685265551,0.038437693738375696,0.03182475718123579,0.025831783426327755,0.016738995660260384,0.011572638974994833,0.008059516429014259,0.9012753778583971,0.02266491665200526,0.0,0.0,0.0,0.0,0.0,0.0,0.0,0.0,0.0,0.0,0.0,0.0,0.0,0.0,0.0,0.0,0.0,0.0,0.0,0.0,0.0,0.0,0.0,0.0,0.04339739615623064,1.8040917544947306,12.393056416615005,13.44079355238686,2.2442653440793556,0.07439553626782394,4.244387427838358,2.816027662509546,nan,nan,nan,4.257105943152455,2.808218815623994,4.233269598470363,2.823987133716387,0.9944008100807469,0.4104,0.012184,0.0,0.0,0.0,0.0,0.0,0.0,0.0,0.0,0.0,0.0,0.018598884066955985,5.964042157470543,23.254804711717302,0.7625542467451955,0.0,0.0,0.0,0.0,0.0,0.0,0.0,0.0,0.0,0.0,0.0,0.0,0.0,0.0,0.0,0.0,nan,nan,4.244387427838358,2.816027662509546,nan,0.4104,0.07184,0.0,0.0,0.0,0.0,0.0,0.0,0.0,0.0,0.0,0.0,0.0,0.0,0.0,0.0,0.0,0.0,0.0,0.0,0.0,1.0332713370531101e-05,0.0,1.0332713370531101e-05,0.010901012605910311,0.0003823103947096508,4.1330853482124403e-05,0.0008886133498656747,0.00015499070055796651,0.0037301095267617277,0.008090514569125852,0.004474064889439967,0.020438107046910518,0.02842529448233106,0.014465798718743542,0.03883033684645588,0.06776193428394296,0.045277949989667284,0.04695184955569333,0.054711717296962184,0.050785286216160366,0.05138458359165117,0.05149824343872701,0.042002479851208925,0.03068815871047737,0.07630708824137218,0.03554453399462699,0.059433767307294896,0.03357098574085555,0.06412481917751602,0.05225253151477578,0.023940896879520564,0.01688365364744782,0.007253564786112833,0.00703657780533168,0.00375077495350279,0.013701177929324241,0.002769167183302335,0.001632568712543914,0.007604877040710891,6.199628022318661e-05,1.0332713370531101e-05,1.0332713370531101e-05,0.0029241578838603015,0.002025211820624096,0.0016945649927671007,0.013081215127092375,0.002159537094441,0.00010332713370531102,0.00018598884066955984,0.0,3.0998140111593304e-05,0.0,0.0,0.0,0.0,0.0,0.0,0.0,0.0,0.0,0.0,0.0,0.0,0.0,0.0,0.0,0.0,0.0,0.0,0.0,0.0,0.0,0.0,0.0,0.0,0.0,0.0,0.0,0.0,0.0,0.0,0.0,nan,nan,4.244387427838358,2.816027662509546,nan,0.9006284640881628,0.022685584671858775,0.0,0.0,0.0,0.0,0.0,0.0,0.0,0.0,0.0,0.0,0.0,0.0,0.0,0.0,0.0,0.0,0.0,0.0,0.0,0.0,0.0,0.0,0.0,0.0,0.048445700444085596,1.9014937424303597,12.571659265240212,13.407347597900689,2.010496568429552,0.060557125555107,0.9019537882770551,0.02262335945329465,0.0,0.0,0.0,0.0,0.0,0.0,0.0,0.0,0.0,0.0,0.0,0.0,0.0,0.0,0.0,0.0,0.0,0.0,0.0,0.0,0.0,0.0,0.0,0.0,0.03810330228619814,1.7019475021168504,12.205757832345473,13.475867908552077,2.4894157493649454,0.08890770533446235,0.4104,0.0123,0.0,0.0,0.0,0.0,0.0,0.0,0.0,0.0,0.0,0.0,0.024222850222042798,5.958821154622519,23.253936213161086,0.7630197819943482,0.0,0.0,0.0,0.0,0.0,0.0,0.0,0.0,0.0,0.0,0.0,0.0,0.0,0.0,0.0,0.0,0.4104,0.01207,0.0,0.0,0.0,0.0,0.0,0.0,0.0,0.0,0.0,0.0,0.012701100762066049,5.969517358171033,23.255715495342937,0.762066045723963,0.0,0.0,0.0,0.0,0.0,0.0,0.0,0.0,0.0,0.0,0.0,0.0,0.0,0.0,0.0,0.0
99200,4667,2506,0.5369616455967431,1212,890,0.4503964002571245,1248,0.5348189415041783,0.4340000000000001,3.118926422952337,3.1444063075529587,6.665620094191523,2.1114091956102135,8397.15693164774,505.31363356982206,7853.0,8866.4,8866.4,0.0,7853.0,0.0,28.851082065566747,21.04961387474573,33.63898005554153,19.23408296115473,0.13113349046496678,0.09535033211913435,0.09256481679880009,0.08206556674523248,0.07885151060638526,0.0771373473323334,0.06620955646025284,0.06642382686950932,0.05592457681594172,0.05592457681594172,0.056353117634454684,0.04521105635311763,0.03214056138847225,0.02656953074780373,0.02014141847010928,0.010713520462824084,0.007285193914720377,0.9018211995531054,0.022621242418047714,0.0,0.0,0.0,0.0,0.0,0.0,0.0,0.0,0.0,0.0,0.0,0.0,0.0,0.0,0.0,0.0,0.0,0.0,0.0,0.0,0.0,0.0,0.0,0.0,0.05785301049925007,1.8320119991429187,12.07199485751018,13.524748232269127,2.474823226912364,0.03856867366616671,4.1563826314071175,2.9123720195290663,nan,nan,nan,4.158415841584159,2.9288572432210116,4.155138978668391,2.8969331179814817,0.9992119924893035,0.4102,0.011795,0.0,0.0,0.0,0.0,0.0,0.0,0.0,0.0,0.0,0.0,0.012856224555388904,5.836725948146553,23.514034711806307,0.6363831154917506,0.0,0.0,0.0,0.0,0.0,0.0,0.0,0.0,0.0,0.0,0.0,0.0,0.0,0.0,0.0,0.0,nan,nan,4.1563826314071175,2.9123720195290663,nan,0.4102,0.0722,0.0,0.0,0.0,0.0,0.0,0.0,0.0,0.0,0.0,0.0,0.0,0.0,0.0,0.0,0.0,0.0,0.0,0.0,0.0,0.0,0.0,0.0,0.011345618170130705,0.0005678165845296765,0.0,0.0011249196485965287,0.00029997857295907434,0.0031283479751446326,0.008977930147846582,0.003974716091707735,0.01935933147632312,0.029376473109063637,0.014056138847225199,0.040486393829012216,0.06384186843796871,0.045768159417184484,0.04812513391900579,0.05612813370473538,0.05250696378830084,0.05251767730876366,0.050685665309620744,0.04186843796871652,0.030522819798585815,0.07156631669166488,0.038429397900149986,0.06012427683736876,0.03355474608956503,0.06474180415684594,0.05162845511034926,0.02266980929933576,0.016680951360617098,0.0063209770730662095,0.0070280694236125995,0.0038997214484679664,0.013424041139918578,0.002271266338118706,0.0014998928647953717,0.008785086779515748,1.0713520462824084e-05,0.0,4.285408185129634e-05,0.002892650524962503,0.0016284551103492608,0.001660595671737733,0.013895436040282837,0.0021855581744161133,2.142704092564817e-05,0.0003749732161988429,0.0,0.0,0.0,0.0,0.0,0.0,0.0,0.0,0.0,0.0,0.0,0.0,0.0,0.0,0.0,0.0,0.0,0.0,0.0,0.0,0.0,0.0,0.0,0.0,0.0,0.0,0.0,0.0,0.0,0.0,0.0,0.0,0.0,nan,nan,4.1563826314071175,2.9123720195290663,nan,0.9018482357525197,0.022881122405934453,0.0,0.0,0.0,0.0,0.0,0.0,0.0,0.0,0.0,0.0,0.0,0.0,0.0,0.0,0.0,0.0,0.0,0.0,0.0,0.0,0.0,0.0,0.0,0.0,0.03591380686352754,1.8196328810853954,11.98324022346369,13.539505187549883,2.5977653631284925,0.02394253790901836,0.9017898470701193,0.02231604261558334,0.0,0.0,0.0,0.0,0.0,0.0,0.0,0.0,0.0,0.0,0.0,0.0,0.0,0.0,0.0,0.0,0.0,0.0,0.0,0.0,0.0,0.0,0.0,0.0,0.08329477093937993,1.8463674224895885,12.174919018972702,13.50763535400278,2.332253586302638,0.05552984729291996,0.4102,0.01177,0.0,0.0,0.0,0.0,0.0,0.0,0.0,0.0,0.0,0.0,0.0,5.937749401436544,23.37988826815643,0.6823623304070233,0.0,0.0,0.0,0.0,0.0,0.0,0.0,0.0,0.0,0.0,0.0,0.0,0.0,0.0,0.0,0.0,0.4102,0.01182,0.0,0.0,0.0,0.0,0.0,0.0,0.0,0.0,0.0,0.0,0.02776492364645998,5.719574271170746,23.66959740860713,0.5830633965756595,0.0,0.0,0.0,0.0,0.0,0.0,0.0,0.0,0.0,0.0,0.0,0.0,0.0,0.0,0.0,0.0
99300,5080,2594,0.5106299212598425,1242,1075,0.4561023622047244,1447,0.5696850393700787,0.38200000000000006,2.9541432019308127,3.0958652209388684,6.65,2.0567832026874253,8370.472362204724,506.58547769604496,7853.0,8866.4,8866.4,0.0,7853.0,0.0,27.994488188976376,20.911087768626082,32.81769374416433,19.221160013213204,0.13582677165354332,0.10196850393700788,0.09724409448818898,0.08011811023622047,0.08346456692913386,0.07775590551181102,0.0702755905511811,0.059645669291338584,0.06141732283464567,0.05433070866141732,0.04429133858267716,0.038779527559055116,0.0328740157480315,0.024409448818897637,0.01830708661417323,0.010826771653543307,0.008464566929133858,0.9033013351789609,0.022459410720194747,0.0,0.0,0.0,0.0,0.0,0.0,0.0,0.0,0.0,0.0,0.0,0.0,0.0,0.0,0.0,0.0,0.0,0.0,0.0,0.0,0.0,0.0,0.0,0.0,0.011811023622047247,1.5590551181102366,11.539370078740161,14.220472440944885,2.6102362204724416,0.059055118110236234,4.27452171272396,2.906782980859217,nan,nan,nan,4.256112469437653,2.9244447444164927,4.292697646348823,2.8891240548264308,1.008595914035139,0.4104,0.01209,0.0,0.0,0.0,0.0,0.0,0.0,0.0,0.0,0.0,0.0,0.0,5.822834645669283,23.433070866141737,0.7440944881889766,0.0,0.0,0.0,0.0,0.0,0.0,0.0,0.0,0.0,0.0,0.0,0.0,0.0,0.0,0.0,0.0,nan,nan,4.27452171272396,2.906782980859217,nan,0.4104,0.07227,0.0,0.0,0.0,0.0,0.0,0.0,0.0,0.0,0.0,0.0,0.0,0.0,0.0,0.0,0.0,0.0,0.0,0.0,0.0,0.0,0.0,1.968503937007874e-05,0.011476377952755905,0.00035433070866141734,0.0,0.0013976377952755906,0.00010826771653543308,0.003877952755905512,0.008622047244094488,0.0037992125984251967,0.020108267716535434,0.028326771653543307,0.01391732283464567,0.04071850393700788,0.059419291338582675,0.04516732283464567,0.051131889763779526,0.05747047244094488,0.05116141732283465,0.05419291338582677,0.049665354330708664,0.044301181102362204,0.0306003937007874,0.0683759842519685,0.039281496062992124,0.0590748031496063,0.03506889763779528,0.06608267716535433,0.051289370078740154,0.022706692913385826,0.01684055118110236,0.0055216535433070865,0.007559055118110236,0.003425196850393701,0.013484251968503938,0.001830708661417323,0.0014074803149606299,0.008572834645669292,9.84251968503937e-06,0.0,5.905511811023622e-05,0.0028838582677165356,0.0011318897637795275,0.0019291338582677166,0.015246062992125985,0.001889763779527559,0.0,0.00048228346456692916,9.84251968503937e-06,0.0,0.0,0.0,0.0,0.0,0.0,0.0,0.0,0.0,0.0,0.0,0.0,0.0,0.0,0.0,0.0,0.0,0.0,0.0,0.0,0.0,0.0,0.0,0.0,0.0,0.0,0.0,0.0,0.0,0.0,0.0,0.0,nan,nan,4.27452171272396,2.906782980859217,nan,0.904355286081295,0.022413981109273003,0.0,0.0,0.0,0.0,0.0,0.0,0.0,0.0,0.0,0.0,0.0,0.0,0.0,0.0,0.0,0.0,0.0,0.0,0.0,0.0,0.0,0.0,0.0,0.0,0.0,1.376252891287587,11.449498843484967,14.132613723978414,2.9606784888203554,0.08095605242868159,0.9022015971899608,0.02245403704855856,0.0,0.0,0.0,0.0,0.0,0.0,0.0,0.0,0.0,0.0,0.0,0.0,0.0,0.0,0.0,0.0,0.0,0.0,0.0,0.0,0.0,0.0,0.0,0.0,0.024135156878519717,1.7497988736926793,11.633145615446503,14.312148028962191,2.2445695897023334,0.03620273531777957,0.4104,0.012215,0.0,0.0,0.0,0.0,0.0,0.0,0.0,0.0,0.0,0.0,0.0,5.956052428681565,23.199691595990753,0.8442559753276795,0.0,0.0,0.0,0.0,0.0,0.0,0.0,0.0,0.0,0.0,0.0,0.0,0.0,0.0,0.0,0.0,0.4106,0.01195,0.0,0.0,0.0,0.0,0.0,0.0,0.0,0.0,0.0,0.0,0.0,5.6838294448913835,23.67658889782784,0.6395816572807725,0.0,0.0,0.0,0.0,0.0,0.0,0.0,0.0,0.0,0.0,0.0,0.0,0.0,0.0,0.0,0.0
99400,4454,2296,0.5154916928603502,1086,905,0.44701392007184554,1264,0.56757970363718,0.3980000000000001,2.9731232622798887,3.0342836502634194,6.329153605015674,2.1824599099495874,8375.39928154468,506.4567331559338,7853.0,8866.4,8866.4,0.0,7853.0,0.0,28.688145487202515,21.026155126168458,33.225433526011564,19.37315467139727,0.12640323304894477,0.09721598563089358,0.0976650202065559,0.08958239784463404,0.07700942972608892,0.07858105074090704,0.06892680736416704,0.05994611585092052,0.05545577009429726,0.05388414907947912,0.049842837898518184,0.04288280197575213,0.03412662775033678,0.030309833857207005,0.021329142343960484,0.012572968118545127,0.004265828468792097,0.9027342481039328,0.022331093412521836,0.0,0.0,0.0,0.0,0.0,0.0,0.0,0.0,0.0,0.0,0.0,0.0,0.0,0.0,0.0,0.0,0.0,0.0,0.0,0.0,0.0,0.0,0.0,0.0,0.020206555904804673,1.5424337674000903,11.888190390660084,13.949259092950161,2.539290525370454,0.06061966771441402,4.120246659815005,2.8071992690847143,nan,nan,nan,4.130315500685871,2.8130160011177265,4.110198494182067,2.801346361848082,0.9951294261902116,0.4106,0.012115,0.0,0.0,0.0,0.0,0.0,0.0,0.0,0.0,0.0,0.0,0.013471037269869783,5.637629097440494,23.540637629097446,0.808262236192187,0.0,0.0,0.0,0.0,0.0,0.0,0.0,0.0,0.0,0.0,0.0,0.0,0.0,0.0,0.0,0.0,nan,nan,4.120246659815005,2.8071992690847143,nan,0.4106,0.07275,0.0,0.0,0.0,0.0,0.0,0.0,0.0,0.0,0.0,0.0,0.0,0.0,0.0,0.0,0.0,0.0,0.0,0.0,0.0,0.0,0.0,0.0,0.010395150426582848,0.0003592276605298608,2.24517287831163e-05,0.0012460709474629546,5.612932195779075e-05,0.004748540637629098,0.008969465648854962,0.0034687920969914683,0.020116748989672206,0.029411764705882353,0.013920071845532105,0.04004265828468792,0.06166367310282892,0.045846430175123486,0.051728783116299956,0.05884598114054782,0.05189717108217333,0.051448136506511,0.04879883251010328,0.04228783116299955,0.030186349348899865,0.06614279299506062,0.04269196228109565,0.056320161652447236,0.03290300853165694,0.06872474180511899,0.05175123484508307,0.024045801526717557,0.0157723394701392,0.0046250561293219574,0.006679389312977099,0.003592276605298608,0.014223170184104177,0.001796138302649304,0.0015603951504265829,0.008778625954198474,1.122586439155815e-05,1.122586439155815e-05,0.0001347103726986978,0.0032442748091603053,0.001201167489896722,0.0025482712168837,0.015222272114952851,0.0016277503367759317,0.0,0.0008756174225415357,5.612932195779075e-05,0.0,0.0,0.0,0.0,0.0,0.0,0.0,0.0,0.0,0.0,0.0,0.0,0.0,0.0,0.0,0.0,0.0,0.0,0.0,0.0,0.0,0.0,0.0,0.0,0.0,0.0,0.0,0.0,0.0,0.0,0.0,0.0,nan,nan,4.120246659815005,2.8071992690847143,nan,0.9028998726544064,0.02240093145600097,0.0,0.0,0.0,0.0,0.0,0.0,0.0,0.0,0.0,0.0,0.0,0.0,0.0,0.0,0.0,0.0,0.0,0.0,0.0,0.0,0.0,0.0,0.0,0.0,0.013066202090592338,1.502613240418119,11.824912891986067,14.072299651567947,2.521777003484321,0.06533101045296169,0.9025580321781275,0.02225519544928783,0.0,0.0,0.0,0.0,0.0,0.0,0.0,0.0,0.0,0.0,0.0,0.0,0.0,0.0,0.0,0.0,0.0,0.0,0.0,0.0,0.0,0.0,0.0,0.0,0.0278035217794254,1.5848007414272478,11.955514365152922,13.818350324374425,2.5579240037071367,0.0556070435588508,0.4104,0.01214,0.0,0.0,0.0,0.0,0.0,0.0,0.0,0.0,0.0,0.0,0.013066202090592338,5.736062717770027,23.5322299651568,0.7186411149825785,0.0,0.0,0.0,0.0,0.0,0.0,0.0,0.0,0.0,0.0,0.0,0.0,0.0,0.0,0.0,0.0,0.411,0.012085,0.0,0.0,0.0,0.0,0.0,0.0,0.0,0.0,0.0,0.0,0.0139017608897127,5.532900834105646,23.549582947173317,0.9036144578313255,0.0,0.0,0.0,0.0,0.0,0.0,0.0,0.0,0.0,0.0,0.0,0.0,0.0,0.0,0.0,0.0
99500,4486,2335,0.5205082478823005,1097,924,0.4505127061970575,1256,0.5599643334819439,0.3980000000000001,2.917247791724779,3.090098320050857,6.604340567612688,2.06700315132472,8380.483058403923,506.27359647070176,7853.0,8866.4,8866.4,0.0,7853.0,0.0,27.862460989745877,20.76769016094937,32.46351706036745,19.152238747666267,0.13464110566205975,0.09696834596522515,0.09696834596522515,0.09206419973250111,0.08582255907267053,0.07378510922871155,0.07021845742309407,0.06152474364690147,0.05996433348194383,0.053276861346411054,0.04436023183236736,0.03611234953187695,0.03120820329915292,0.02719572001783326,0.015381185911725367,0.01359786000891663,0.0069103878733838605,0.9033865566185634,0.022850759342074874,0.0,0.0,0.0,0.0,0.0,0.0,0.0,0.0,0.0,0.0,0.0,0.0,0.0,0.0,0.0,0.0,0.0,0.0,0.0,0.0,0.0,0.0,0.0,0.0,0.04012483281319662,1.6049933125278648,11.582701738742758,13.78288007133304,2.875613018279091,0.1136870263040571,4.176002766251729,2.911643447080115,nan,nan,nan,4.13061797752809,2.893438073947099,4.220027247956403,2.9285230766892876,1.021645494914981,0.4106,0.012146,0.0,0.0,0.0,0.0,0.0,0.0,0.0,0.0,0.0,0.0,0.0,5.697726259473911,23.58002674988855,0.7222469906375392,0.0,0.0,0.0,0.0,0.0,0.0,0.0,0.0,0.0,0.0,0.0,0.0,0.0,0.0,0.0,0.0,nan,nan,4.176002766251729,2.911643447080115,nan,0.4106,0.0724,0.0,0.0,0.0,0.0,0.0,0.0,0.0,0.0,0.0,0.0,0.0,0.0,0.0,0.0,0.0,0.0,0.0,0.0,0.0,0.0,0.00010031208203299154,0.0,0.009707980383415069,0.00043468568880962997,0.0,0.001905929558626839,7.80205082478823e-05,0.004279982166740972,0.008470798038341507,0.0039121711992866695,0.020954079358002677,0.027385198395006687,0.013753901025412393,0.03999108337048596,0.063062862238074,0.047625947391885866,0.047525635309852876,0.05695497102095408,0.05464779313419527,0.05488185465893892,0.04910833704859563,0.04298930004458315,0.028979045920642,0.06496879179670084,0.04031431119037004,0.05741194828354882,0.03495318769505127,0.07011814534106107,0.04947614801604993,0.02316094516272849,0.015983058403923316,0.0057958091841284,0.00652028533214445,0.004658938921087829,0.013419527418635755,0.001616139099420419,0.002050824788230049,0.008805171645118145,3.343736067766384e-05,0.0,0.00011145786892554614,0.003154257690592956,0.0010588497547926884,0.0027864467231386537,0.014534106107891217,0.0016049933125278646,0.0,0.0007021845742309407,1.1145786892554615e-05,0.0,0.0,0.0,0.0,0.0,0.0,0.0,0.0,0.0,0.0,0.0,0.0,0.0,0.0,0.0,0.0,0.0,0.0,0.0,0.0,0.0,0.0,0.0,0.0,0.0,0.0,0.0,0.0,0.0,0.0,0.0,0.0,nan,nan,4.176002766251729,2.911643447080115,nan,0.9029299428937777,0.022817237012316832,0.0,0.0,0.0,0.0,0.0,0.0,0.0,0.0,0.0,0.0,0.0,0.0,0.0,0.0,0.0,0.0,0.0,0.0,0.0,0.0,0.0,0.0,0.0,0.0,0.038543897216274096,1.7087794432548185,11.511777301927198,13.875802997858676,2.7623126338329773,0.10278372591006427,0.9038822298158551,0.022876779329382712,0.0,0.0,0.0,0.0,0.0,0.0,0.0,0.0,0.0,0.0,0.0,0.0,0.0,0.0,0.0,0.0,0.0,0.0,0.0,0.0,0.0,0.0,0.0,0.0,0.041841004184100423,1.4923291492329154,11.65969316596932,13.68200836820084,2.998605299860531,0.12552301255230128,0.4106,0.012215,0.0,0.0,0.0,0.0,0.0,0.0,0.0,0.0,0.0,0.0,0.0,5.807280513918621,23.498929336188443,0.6937901498929339,0.0,0.0,0.0,0.0,0.0,0.0,0.0,0.0,0.0,0.0,0.0,0.0,0.0,0.0,0.0,0.0,0.4106,0.01208,0.0,0.0,0.0,0.0,0.0,0.0,0.0,0.0,0.0,0.0,0.0,5.578800557880047,23.668061366806143,0.7531380753138077,0.0,0.0,0.0,0.0,0.0,0.0,0.0,0.0,0.0,0.0,0.0,0.0,0.0,0.0,0.0,0.0
99600,4370,2247,0.5141876430205949,1060,896,0.4475972540045767,1233,0.5643020594965675,0.4140000000000001,2.991992463495054,3.0751969842109546,6.634680134680135,2.062053171362116,8374.077757437071,506.49597243322734,7853.0,8866.4,8866.4,0.0,7853.0,0.0,28.316933638443935,21.03803924806014,33.29986394557823,19.22485317429826,0.13958810068649885,0.09931350114416476,0.08764302059496568,0.08009153318077804,0.0794050343249428,0.08489702517162472,0.06727688787185354,0.06453089244851258,0.059038901601830666,0.0505720823798627,0.04805491990846682,0.04324942791762014,0.030892448512585814,0.02540045766590389,0.019908466819221968,0.013272311212814645,0.006864988558352402,0.9035753951192721,0.022695549146309793,0.0,0.0,0.0,0.0,0.0,0.0,0.0,0.0,0.0,0.0,0.0,0.0,0.0,0.0,0.0,0.0,0.0,0.0,0.0,0.0,0.0,0.0,0.0,0.0,0.027459954233409616,1.5652173913043483,11.643020594965678,13.9908466819222,2.6773455377574376,0.09610983981693366,4.271548703573932,2.852883673396954,nan,nan,nan,4.335429769392033,2.8702422377959858,4.207308503162333,2.8338685496735043,0.9704478510679078,0.4106,0.011955,0.0,0.0,0.0,0.0,0.0,0.0,0.0,0.0,0.0,0.0,0.0,5.588100686498848,23.594965675057214,0.8169336384439362,0.0,0.0,0.0,0.0,0.0,0.0,0.0,0.0,0.0,0.0,0.0,0.0,0.0,0.0,0.0,0.0,nan,nan,4.271548703573932,2.852883673396954,nan,0.4106,0.07227,0.0,0.0,0.0,0.0,0.0,0.0,0.0,0.0,0.0,0.0,0.0,0.0,0.0,0.0,0.0,0.0,0.0,0.0,0.0,0.0,0.00010297482837528604,8.009153318077803e-05,0.009496567505720824,0.0006750572082379863,0.0,0.0019336384439359268,4.576659038901602e-05,0.0038329519450800917,0.007894736842105263,0.004153318077803204,0.02379862700228833,0.027185354691075515,0.013237986270022883,0.04022883295194508,0.060617848970251714,0.04708237986270023,0.04556064073226545,0.05734553775743707,0.05502288329519451,0.057803203661327233,0.04782608695652174,0.04196796338672769,0.03178489702517163,0.06454233409610984,0.03971395881006865,0.057219679633867274,0.03399313501144165,0.07010297482837528,0.049736842105263156,0.022723112128146452,0.016018306636155607,0.005903890160183067,0.00602974828375286,0.004748283752860412,0.015091533180778032,0.0016819221967963387,0.0023798627002288328,0.009725400457665904,9.153318077803204e-05,0.0,3.432494279176202e-05,0.0027231121281464533,0.0014645308924485126,0.002276887871853547,0.014004576659038901,0.0017620137299771167,0.0,0.00035469107551487416,0.0,0.0,0.0,0.0,0.0,0.0,0.0,0.0,0.0,0.0,0.0,0.0,0.0,0.0,0.0,0.0,0.0,0.0,0.0,0.0,0.0,0.0,0.0,0.0,0.0,0.0,0.0,0.0,0.0,0.0,0.0,0.0,0.0,nan,nan,4.271548703573932,2.852883673396954,nan,0.9039696023949104,0.022611226975916558,0.0,0.0,0.0,0.0,0.0,0.0,0.0,0.0,0.0,0.0,0.0,0.0,0.0,0.0,0.0,0.0,0.0,0.0,0.0,0.0,0.0,0.0,0.0,0.0,0.0,1.5220293724966627,11.548731642189589,14.005340453938588,2.857142857142858,0.06675567423230976,0.9031581630192441,0.022777025657061224,0.0,0.0,0.0,0.0,0.0,0.0,0.0,0.0,0.0,0.0,0.0,0.0,0.0,0.0,0.0,0.0,0.0,0.0,0.0,0.0,0.0,0.0,0.0,0.0,0.056523787093735296,1.610927932171456,11.742816768723507,13.97550635892605,2.4870466321243527,0.1271785209609044,0.411,0.011696,0.0,0.0,0.0,0.0,0.0,0.0,0.0,0.0,0.0,0.0,0.0,5.500667556742315,23.684913217623503,0.8144192256341791,0.0,0.0,0.0,0.0,0.0,0.0,0.0,0.0,0.0,0.0,0.0,0.0,0.0,0.0,0.0,0.0,0.4104,0.012215,0.0,0.0,0.0,0.0,0.0,0.0,0.0,0.0,0.0,0.0,0.0,5.680640602920387,23.49976448422045,0.8195949128591618,0.0,0.0,0.0,0.0,0.0,0.0,0.0,0.0,0.0,0.0,0.0,0.0,0.0,0.0,0.0,0.0
99700,4636,2453,0.5291199309749784,1165,950,0.45621225194132875,1327,0.5724762726488352,0.39000000000000007,3.0577187356848374,3.0526549831017635,6.388467374810318,2.2092893796530793,8389.210138050044,505.8399368893951,7853.0,8866.4,8866.399999999998,1.8189894035458565e-12,7853.0,0.0,28.92018981880932,21.053623502954924,33.76228047849325,19.201759073882027,0.13330457290767903,0.0946937014667817,0.08326143226919758,0.0860655737704918,0.07981018119068162,0.07420189818809318,0.07333908541846419,0.06665228645383951,0.06320103537532355,0.0547886108714409,0.049396031061259706,0.03968938740293356,0.031708369283865404,0.030629853321829163,0.020276100086281276,0.01186367558239862,0.007118205349439172,0.9035706291741806,0.022656319079684174,0.0,0.0,0.0,0.0,0.0,0.0,0.0,0.0,0.0,0.0,0.0,0.0,0.0,0.0,0.0,0.0,0.0,0.0,0.0,0.0,0.0,0.0,0.0,0.0,0.01294219154443486,1.6113028472821402,11.654443485763592,13.867558239861953,2.7372735116479734,0.11647972389991375,4.223051948051948,2.8770116232678453,nan,nan,nan,4.248528449967299,2.9075080622623592,4.197936814958092,2.8464047926445484,0.9880919627572231,0.4111,0.012,0.0,0.0,0.0,0.0,0.0,0.0,0.0,0.0,0.0,0.0,0.0,5.235116479723892,23.865401207937882,0.8994823123382228,0.0,0.0,0.0,0.0,0.0,0.0,0.0,0.0,0.0,0.0,0.0,0.0,0.0,0.0,0.0,0.0,nan,nan,4.223051948051948,2.8770116232678453,nan,0.4114,0.07166,0.0,0.0,0.0,0.0,0.0,0.0,0.0,0.0,0.0,0.0,0.0,0.0,0.0,0.0,0.0,0.0,0.0,0.0,2.1570319240724762e-05,0.0,0.00010785159620362382,0.00026962899050905954,0.008369283865401207,0.0005284728213977567,0.0,0.0018766177739430543,7.549611734253667e-05,0.0047346850733390854,0.006902502157031924,0.004044434857635893,0.022389991371872305,0.02858067299396031,0.013427523727351166,0.04029335634167386,0.06055867126833477,0.04542709232096635,0.043917169974115614,0.056578947368421055,0.054281708369283865,0.05770060396893874,0.04645168248490077,0.04121009490940466,0.0352351164797239,0.062122519413287315,0.04216997411561691,0.05972821397756687,0.03459879206212252,0.07188308886971527,0.04718507333908542,0.023339085418464193,0.016921915444348578,0.006417169974115617,0.006805435720448663,0.004810181190681622,0.015196289905090596,0.0013912855910267472,0.0022217428817946504,0.011130284728213978,5.392579810181191e-05,1.0785159620362381e-05,0.0,0.003289473684210526,0.0017687661777394306,0.002577653149266609,0.011087144089732529,0.001725625539257981,1.0785159620362381e-05,0.0005392579810181191,2.1570319240724762e-05,1.0785159620362381e-05,0.0,0.0,0.0,0.0,0.0,0.0,0.0,0.0,0.0,0.0,0.0,0.0,0.0,0.0,0.0,0.0,0.0,0.0,0.0,0.0,0.0,0.0,0.0,0.0,0.0,0.0,0.0,0.0,0.0,0.0,0.0,nan,nan,4.223051948051948,2.8770116232678453,nan,0.9031831773018477,0.02284825137572136,0.0,0.0,0.0,0.0,0.0,0.0,0.0,0.0,0.0,0.0,0.0,0.0,0.0,0.0,0.0,0.0,0.0,0.0,0.0,0.0,0.0,0.0,0.0,0.0,0.0,1.7366490012229927,11.911944557684471,13.489604565837753,2.739502649816552,0.12229922543823891,0.9040060022583917,0.022430705283025324,0.0,0.0,0.0,0.0,0.0,0.0,0.0,0.0,0.0,0.0,0.0,0.0,0.0,0.0,0.0,0.0,0.0,0.0,0.0,0.0,0.0,0.0,0.0,0.0,0.02748511223087495,1.4704535043518099,11.365093907466791,14.292258360054973,2.734768666972057,0.1099404489234998,0.4114,0.01183,0.0,0.0,0.0,0.0,0.0,0.0,0.0,0.0,0.0,0.0,0.0,5.124337545862202,24.0073379535263,0.8683245006114964,0.0,0.0,0.0,0.0,0.0,0.0,0.0,0.0,0.0,0.0,0.0,0.0,0.0,0.0,0.0,0.0,0.4111,0.012184,0.0,0.0,0.0,0.0,0.0,0.0,0.0,0.0,0.0,0.0,0.0,5.359596885020606,23.705909299129644,0.9344938158497482,0.0,0.0,0.0,0.0,0.0,0.0,0.0,0.0,0.0,0.0,0.0,0.0,0.0,0.0,0.0,0.0
99800,4219,2225,0.5273761554870823,1126,798,0.4560322351268073,1145,0.542782649917042,0.4340000000000001,3.0581745235707123,3.1769332053738744,6.61641541038526,2.2361275785836146,8387.442995970609,505.93993336617996,7853.0,8866.4,8866.4,0.0,7853.0,0.0,28.393221142450816,20.614261351436802,32.958032240133406,18.872798089988837,0.12917753022043138,0.09836454136051197,0.09149087461483764,0.08769850675515525,0.07774354112348898,0.07608438018487794,0.06707750651813225,0.0701588054041242,0.06281109267598957,0.05807063285138658,0.051908035079402705,0.041953069447736434,0.02796871296515762,0.025835506044086277,0.0182507703247215,0.008769850675515525,0.006636643754444181,0.9029297866960305,0.02301751402699388,0.0,0.0,0.0,0.0,0.0,0.0,0.0,0.0,0.0,0.0,0.0,0.0,0.0,0.0,0.0,0.0,0.0,0.0,0.0,0.0,0.0,0.0,0.0,0.0,0.04977482815833137,1.8203365726475473,11.433989096942405,13.979616022754211,2.6736193410760847,0.042664138421426884,4.172226250906454,2.9457995150295213,nan,nan,nan,4.082014388489209,2.9240568004836778,4.263888888888889,2.964918678695936,1.0445550855755297,0.4116,0.0117,0.0,0.0,0.0,0.0,0.0,0.0,0.0,0.0,0.0,0.0,0.007110689736904482,5.005925574780747,24.13368096705381,0.8532827684285378,0.0,0.0,0.0,0.0,0.0,0.0,0.0,0.0,0.0,0.0,0.0,0.0,0.0,0.0,0.0,0.0,nan,nan,4.172226250906454,2.9457995150295213,nan,0.4116,0.0721,0.0,0.0,0.0,0.0,0.0,0.0,0.0,0.0,0.0,0.0,0.0,0.0,0.0,0.0,0.0,0.0,0.0,0.0,9.480919649205973e-05,1.1851149561507466e-05,0.0001422137947380896,0.0003081298885991941,0.008165442047878644,0.0004503436833372837,1.1851149561507466e-05,0.00177767243422612,7.11068973690448e-05,0.005321166153116852,0.0066010903057596585,0.004645650628110926,0.022576439914671724,0.030244133680967053,0.015050959943114482,0.03734297226831003,0.05977719838824366,0.042877459113534015,0.040341313107371414,0.05760843801848779,0.05561744489215454,0.061033420241763454,0.04575728845698033,0.03938136999288931,0.03699928893102631,0.06057122540886466,0.042320455084143165,0.059611282294382555,0.034036501540649446,0.07415264280635221,0.0466698269732164,0.022280161175634035,0.016911590424271154,0.0070514339890969426,0.008023228253140554,0.004219009243896658,0.016022754207158093,0.0021806115193173737,0.001931737378525717,0.009670538042190093,3.55534486845224e-05,8.295804693055226e-05,4.7404598246029865e-05,0.003128703484237971,0.002417634510547523,0.002109504621948329,0.011673382318084855,0.0018369281820336573,0.0,0.000711068973690448,9.480919649205973e-05,0.0,0.0,0.0,0.0,0.0,0.0,0.0,0.0,0.0,0.0,0.0,0.0,0.0,0.0,0.0,0.0,0.0,0.0,0.0,0.0,0.0,0.0,0.0,0.0,0.0,0.0,0.0,0.0,0.0,0.0,0.0,0.0,nan,nan,4.172226250906454,2.9457995150295213,nan,0.9032091073507673,0.022865768973239064,0.0,0.0,0.0,0.0,0.0,0.0,0.0,0.0,0.0,0.0,0.0,0.0,0.0,0.0,0.0,0.0,0.0,0.0,0.0,0.0,0.0,0.0,0.0,0.0,0.053932584269662937,1.7123595505617981,11.258426966292138,14.467415730337082,2.4539325842696633,0.053932584269662937,0.9026181074298373,0.023181693346629537,0.0,0.0,0.0,0.0,0.0,0.0,0.0,0.0,0.0,0.0,0.0,0.0,0.0,0.0,0.0,0.0,0.0,0.0,0.0,0.0,0.0,0.0,0.0,0.0,0.04513540621865598,1.940822467402207,11.629889669007023,13.435305917753263,2.91875626880642,0.030090270812437318,0.4116,0.01166,0.0,0.0,0.0,0.0,0.0,0.0,0.0,0.0,0.0,0.0,0.0,4.948314606741565,24.283146067415736,0.7685393258426968,0.0,0.0,0.0,0.0,0.0,0.0,0.0,0.0,0.0,0.0,0.0,0.0,0.0,0.0,0.0,0.0,0.4116,0.01175,0.0,0.0,0.0,0.0,0.0,0.0,0.0,0.0,0.0,0.0,0.015045135406218659,5.07021063189568,23.966900702106322,0.9478435305917755,0.0,0.0,0.0,0.0,0.0,0.0,0.0,0.0,0.0,0.0,0.0,0.0,0.0,0.0,0.0,0.0
99900,4364,2246,0.5146654445462878,1063,906,0.45119156736938587,1211,0.5549954170485792,0.4260000000000001,3.0736543909348444,3.2663122927651638,7.175221238938053,2.2148545557814225,8374.56196150321,506.48199583033255,7853.0,8866.4,8866.4,0.0,7853.0,0.0,27.238771769019248,20.64545766137963,32.46886244118461,18.846839576778784,0.14734188817598534,0.10219981668194317,0.09463794683776353,0.08226397800183317,0.08318056828597617,0.076993583868011,0.07447296058661779,0.06003666361136572,0.06049495875343722,0.04995417048579285,0.04285059578368469,0.03780934922089826,0.029560036663611365,0.02360219981668194,0.01856095325389551,0.011228230980751604,0.0048120989917506875,0.9033924385181378,0.02301024870914374,0.0,0.0,0.0,0.0,0.0,0.0,0.0,0.0,0.0,0.0,0.0,0.0,0.0,0.0,0.0,0.0,0.0,0.0,0.0,0.0,0.0,0.0,0.0,0.0,0.03437213565536206,1.5192483959670031,11.672777268560957,13.872593950504127,2.8116406966086163,0.08936755270394137,4.375270367700072,2.975527650203374,nan,nan,nan,4.335051546391752,2.982095756416241,4.413841807909605,2.968703123396186,1.0181751613965082,0.4119,0.01202,0.0,0.0,0.0,0.0,0.0,0.0,0.0,0.0,0.0,0.0,0.0,4.9427131072410555,24.177360219981676,0.8799266727772688,0.0,0.0,0.0,0.0,0.0,0.0,0.0,0.0,0.0,0.0,0.0,0.0,0.0,0.0,0.0,0.0,nan,nan,4.375270367700072,2.975527650203374,nan,0.4119,0.07245,0.0,0.0,0.0,0.0,0.0,0.0,0.0,0.0,0.0,0.0,0.0,0.0,0.0,0.0,0.0,0.0,0.0,0.0,8.020164986251146e-05,0.0,5.728689275893676e-05,0.0003093492208982585,0.00804307974335472,0.000882218148487626,3.4372135655362054e-05,0.0014436296975252063,6.874427131072411e-05,0.0058547204399633365,0.007034830430797434,0.0048006416131989,0.020840971585701192,0.030820348304307976,0.014745646196150321,0.03612511457378552,0.0594179651695692,0.04385884509624198,0.04160174152153987,0.055350595783684696,0.05655362053162236,0.060873052245646195,0.044912923923006415,0.039642529789184235,0.038428047662694774,0.06136571952337305,0.04132676443629697,0.05855866177818515,0.032298350137488545,0.07821952337305224,0.0442025664527956,0.023900091659028413,0.016040329972502293,0.0067483959670027495,0.007951420714940422,0.0040902841429880845,0.01629239230064161,0.0026351970669110905,0.001626947754353804,0.01016269477543538,0.0,1.1457378551787351e-05,0.00018331805682859762,0.0026351970669110905,0.002371677360219982,0.0024977085242896425,0.0125,0.001626947754353804,1.1457378551787351e-05,0.000813473877176902,0.00014894592117323556,0.0,0.0,0.0,0.0,0.0,0.0,0.0,0.0,0.0,0.0,0.0,0.0,0.0,0.0,0.0,0.0,0.0,0.0,0.0,0.0,0.0,0.0,0.0,0.0,0.0,0.0,0.0,0.0,0.0,0.0,0.0,0.0,nan,nan,4.375270367700072,2.975527650203374,nan,0.9033161406525521,0.022995323832262358,0.0,0.0,0.0,0.0,0.0,0.0,0.0,0.0,0.0,0.0,0.0,0.0,0.0,0.0,0.0,0.0,0.0,0.0,0.0,0.0,0.0,0.0,0.0,0.0,0.02671415850400713,1.4425645592163852,11.967943009795194,13.584149599287626,2.8851291184327703,0.09349955476402495,0.9034733473973189,0.023025788795247155,0.0,0.0,0.0,0.0,0.0,0.0,0.0,0.0,0.0,0.0,0.0,0.0,0.0,0.0,0.0,0.0,0.0,0.0,0.0,0.0,0.0,0.0,0.0,0.0,0.0424929178470255,1.6005665722379607,11.359773371104817,14.17847025495751,2.7337110481586406,0.084985835694051,0.4119,0.01199,0.0,0.0,0.0,0.0,0.0,0.0,0.0,0.0,0.0,0.0,0.0,4.955476402493314,24.296527159394486,0.7479964381121996,0.0,0.0,0.0,0.0,0.0,0.0,0.0,0.0,0.0,0.0,0.0,0.0,0.0,0.0,0.0,0.0,0.4119,0.01204,0.0,0.0,0.0,0.0,0.0,0.0,0.0,0.0,0.0,0.0,0.0,4.929178470254951,24.050991501416437,1.0198300283286121,0.0,0.0,0.0,0.0,0.0,0.0,0.0,0.0,0.0,0.0,0.0,0.0,0.0,0.0,0.0,0.0
100000,4943,2576,0.5211410074853328,1233,1020,0.4557960752579405,1405,0.5684806797491402,0.3980000000000001,2.926911702577102,3.068321846576847,6.543413173652695,2.104223375717577,8381.124296985636,506.24686616182726,7853.0,8866.4,8866.4,0.0,7853.0,0.0,27.789803762897026,20.67568226113256,32.679585941261436,18.928599903102274,0.13878211612381144,0.0954885696945175,0.0918470564434554,0.08901476835929598,0.0910378312765527,0.07485332793849889,0.0710095083957111,0.06392878818531256,0.05725268055836537,0.049767347764515475,0.04349585272101962,0.03965203317823184,0.031357475217479266,0.027715961966417155,0.020028322880841595,0.008496864252478252,0.006271495043495853,0.9045772225587155,0.02274141961603534,0.0,0.0,0.0,0.0,0.0,0.0,0.0,0.0,0.0,0.0,0.0,0.0,0.0,0.0,0.0,0.0,0.0,0.0,0.0,0.0,0.0,0.0,0.0,0.0,0.03641513251062108,1.3473599028929804,11.306898644547848,14.250455189156385,2.9556949221120785,0.10317620878009308,4.247432306255836,2.93005351591735,nan,nan,nan,4.1905940594059405,2.8831725244093986,4.303258145363409,2.975802903137803,1.0268849915692955,0.412,0.012024,0.0,0.0,0.0,0.0,0.0,0.0,0.0,0.0,0.0,0.0,0.01820756625531054,4.7339672263807335,24.313170139591346,0.9346550677726079,0.0,0.0,0.0,0.0,0.0,0.0,0.0,0.0,0.0,0.0,0.0,0.0,0.0,0.0,0.0,0.0,nan,nan,4.247432306255836,2.93005351591735,nan,0.412,0.07184,0.0,0.0,0.0,0.0,0.0,0.0,0.0,0.0,0.0,0.0,0.0,0.0,0.0,0.0,0.0,0.0,0.0,0.0,5.057657293141817e-05,0.0,0.0001213837750354036,0.00035403601051992717,0.007566255310540158,0.0012644143232854541,7.080720210398543e-05,0.0014566053004248431,2.0230629172567268e-05,0.005209387011936071,0.0084058264212017,0.004916042888933846,0.020311551689257537,0.029587295164879627,0.013372445883066963,0.034341493020432934,0.05879020837548048,0.04364758243981388,0.04399150313574752,0.057323487760469354,0.056251264414323286,0.06338256119765324,0.04190774833097309,0.03944972688650617,0.041401982601658914,0.0605705037426664,0.039176613392676515,0.060064738013352215,0.03220716164272709,0.07738215658506979,0.044315193202508596,0.02441836941128869,0.016771191584058265,0.006807606716568886,0.00843617236496055,0.004278778069997977,0.016164272708881246,0.002286061096500101,0.0014464899858385597,0.01080315597815092,1.0115314586283634e-05,1.0115314586283634e-05,0.0002933441230022254,0.0030447096904713737,0.0027715961966417154,0.0024984827028120575,0.011035808213635444,0.0010317620878009307,0.00019219097713938903,0.0007586485939712725,3.03459437588509e-05,0.0,0.0,0.0,0.0,0.0,0.0,0.0,0.0,0.0,0.0,0.0,0.0,0.0,0.0,0.0,0.0,0.0,0.0,0.0,0.0,0.0,0.0,0.0,0.0,0.0,0.0,0.0,0.0,0.0,0.0,0.0,0.0,nan,nan,4.247432306255836,2.93005351591735,nan,0.9045816117562122,0.0224010927421909,0.0,0.0,0.0,0.0,0.0,0.0,0.0,0.0,0.0,0.0,0.0,0.0,0.0,0.0,0.0,0.0,0.0,0.0,0.0,0.0,0.0,0.0,0.0,0.0,0.023291925465838515,1.3625776397515532,11.180124223602487,14.41770186335404,2.899844720496895,0.11645962732919257,0.9045724458063913,0.02310610015423406,0.0,0.0,0.0,0.0,0.0,0.0,0.0,0.0,0.0,0.0,0.0,0.0,0.0,0.0,0.0,0.0,0.0,0.0,0.0,0.0,0.0,0.0,0.0,0.0,0.05069708491761725,1.3307984790874527,11.444866920152094,14.068441064638787,3.0164765525982262,0.08871989860583018,0.4124,0.01193,0.0,0.0,0.0,0.0,0.0,0.0,0.0,0.0,0.0,0.0,0.011645962732919258,4.553571428571423,24.514751552795037,0.9200310559006213,0.0,0.0,0.0,0.0,0.0,0.0,0.0,0.0,0.0,0.0,0.0,0.0,0.0,0.0,0.0,0.0,0.4116,0.012115,0.0,0.0,0.0,0.0,0.0,0.0,0.0,0.0,0.0,0.0,0.025348542458808625,4.93029150823827,24.093789607097598,0.9505703422053234,0.0,0.0,0.0,0.0,0.0,0.0,0.0,0.0,0.0,0.0,0.0,0.0,0.0,0.0,0.0,0.0