year,n,n_male,p_male,n_male_fertile,n_female_fertile,p_fertile,n_pairs,p_pair,birth_rate,m_children,sd_children,m_children_over_40,sd_children_over_40,m_energy,sd_energy,min_energy,max_energy,m_energy_male,sd_energy_male,m_energy_female,sd_energy_female,m_age,sd_age,m_age_over_5,sd_age_over_5,p_age_0-5,p_age_5-10,p_age_10-15,p_age_15-20,p_age_20-25,p_age_25-30,p_age_30-35,p_age_35-40,p_age_40-45,p_age_45-50,p_age_50-55,p_age_55-60,p_age_60-65,p_age_65-70,p_age_70-75,p_age_75-80,p_age_80-100,m_culture,sd_culture,pdf_culture_0-33,pdf_culture_33-67,pdf_culture_67-100,pdf_culture_100-133,pdf_culture_133-167,pdf_culture_167-200,pdf_culture_200-233,pdf_culture_233-267,pdf_culture_267-300,pdf_culture_300-333,pdf_culture_333-367,pdf_culture_367-400,pdf_culture_400-433,pdf_culture_433-467,pdf_culture_467-500,pdf_culture_500-533,pdf_culture_533-567,pdf_culture_567-600,pdf_culture_600-633,pdf_culture_633-667,pdf_culture_667-700,pdf_culture_700-733,pdf_culture_733-767,pdf_culture_767-800,pdf_culture_800-833,pdf_culture_833-867,pdf_culture_867-900,pdf_culture_900-933,pdf_culture_933-967,pdf_culture_967-1000,m_children_culture_over_750,sd_children_culture_over_750,m_children_culture_under_750,sd_children_culture_under_750,ratio_children_culture_under-over_750,m_children_culture_over_median,sd_children_culture_over_median,m_children_culture_under_median,sd_children_culture_under_median,ratio_children_culture_under-over_median,m_pheno,sd_pheno,pdf_pheno_0-33,pdf_pheno_33-67,pdf_pheno_67-100,pdf_pheno_100-133,pdf_pheno_133-167,pdf_pheno_167-200,pdf_pheno_200-233,pdf_pheno_233-267,pdf_pheno_267-300,pdf_pheno_300-333,pdf_pheno_333-367,pdf_pheno_367-400,pdf_pheno_400-433,pdf_pheno_433-467,pdf_pheno_467-500,pdf_pheno_500-533,pdf_pheno_533-567,pdf_pheno_567-600,pdf_pheno_600-633,pdf_pheno_633-667,pdf_pheno_667-700,pdf_pheno_700-733,pdf_pheno_733-767,pdf_pheno_767-800,pdf_pheno_800-833,pdf_pheno_833-867,pdf_pheno_867-900,pdf_pheno_900-933,pdf_pheno_933-967,pdf_pheno_967-1000,m_children_pheno_over_750,sd_children_pheno_over_750,m_children_pheno_under_750,sd_children_pheno_under_750,ratio_children_pheno_under-over,m_geno,sd_geno,p_geno_0,p_geno_1,p_geno_2,p_geno_3,p_geno_4,p_geno_5,p_geno_6,p_geno_7,p_geno_8,p_geno_9,p_geno_10,p_geno_11,p_geno_12,p_geno_13,p_geno_14,p_geno_15,p_geno_16,p_geno_17,p_geno_18,p_geno_19,p_geno_20,p_geno_21,p_geno_22,p_geno_23,p_geno_24,p_geno_25,p_geno_26,p_geno_27,p_geno_28,p_geno_29,p_geno_30,p_geno_31,p_geno_32,p_geno_33,p_geno_34,p_geno_35,p_geno_36,p_geno_37,p_geno_38,p_geno_39,p_geno_40,p_geno_41,p_geno_42,p_geno_43,p_geno_44,p_geno_45,p_geno_46,p_geno_47,p_geno_48,p_geno_49,p_geno_50,p_geno_51,p_geno_52,p_geno_53,p_geno_54,p_geno_55,p_geno_56,p_geno_57,p_geno_58,p_geno_59,p_geno_60,p_geno_61,p_geno_62,p_geno_63,p_geno_64,p_geno_65,p_geno_66,p_geno_67,p_geno_68,p_geno_69,p_geno_70,p_geno_71,p_geno_72,p_geno_73,p_geno_74,p_geno_75,p_geno_76,p_geno_77,p_geno_78,p_geno_79,p_geno_80,p_geno_81,p_geno_82,p_geno_83,p_geno_84,p_geno_85,p_geno_86,p_geno_87,p_geno_88,p_geno_89,p_geno_90,p_geno_91,p_geno_92,p_geno_93,p_geno_94,p_geno_95,p_geno_96,p_geno_97,p_geno_98,p_geno_99,p_geno_100,m_children_geno_over_750,sd_children_geno_over_750,m_children_geno_under_750,sd_children_geno_under_750,ratio_children_geno_under-over,male_m_culture,male_sd_culture,male_pdf_culture_0-33,male_pdf_culture_33-67,male_pdf_culture_67-100,male_pdf_culture_100-133,male_pdf_culture_133-167,male_pdf_culture_167-200,male_pdf_culture_200-233,male_pdf_culture_233-267,male_pdf_culture_267-300,male_pdf_culture_300-333,male_pdf_culture_333-367,male_pdf_culture_367-400,male_pdf_culture_400-433,male_pdf_culture_433-467,male_pdf_culture_467-500,male_pdf_culture_500-533,male_pdf_culture_533-567,male_pdf_culture_567-600,male_pdf_culture_600-633,male_pdf_culture_633-667,male_pdf_culture_667-700,male_pdf_culture_700-733,male_pdf_culture_733-767,male_pdf_culture_767-800,male_pdf_culture_800-833,male_pdf_culture_833-867,male_pdf_culture_867-900,male_pdf_culture_900-933,male_pdf_culture_933-967,male_pdf_culture_967-1000,female_m_culture,female_sd_culture,female_pdf_culture_0-33,female_pdf_culture_33-67,female_pdf_culture_67-100,female_pdf_culture_100-133,female_pdf_culture_133-167,female_pdf_culture_167-200,female_pdf_culture_200-233,female_pdf_culture_233-267,female_pdf_culture_267-300,female_pdf_culture_300-333,female_pdf_culture_333-367,female_pdf_culture_367-400,female_pdf_culture_400-433,female_pdf_culture_433-467,female_pdf_culture_467-500,female_pdf_culture_500-533,female_pdf_culture_533-567,female_pdf_culture_567-600,female_pdf_culture_600-633,female_pdf_culture_633-667,female_pdf_culture_667-700,female_pdf_culture_700-733,female_pdf_culture_733-767,female_pdf_culture_767-800,female_pdf_culture_800-833,female_pdf_culture_833-867,female_pdf_culture_867-900,female_pdf_culture_900-933,female_pdf_culture_933-967,female_pdf_culture_967-1000,male_m_pheno,male_sd_pheno,male_pdf_pheno_0-33,male_pdf_pheno_33-67,male_pdf_pheno_67-100,male_pdf_pheno_100-133,male_pdf_pheno_133-167,male_pdf_pheno_167-200,male_pdf_pheno_200-233,male_pdf_pheno_233-267,male_pdf_pheno_267-300,male_pdf_pheno_300-333,male_pdf_pheno_333-367,male_pdf_pheno_367-400,male_pdf_pheno_400-433,male_pdf_pheno_433-467,male_pdf_pheno_467-500,male_pdf_pheno_500-533,male_pdf_pheno_533-567,male_pdf_pheno_567-600,male_pdf_pheno_600-633,male_pdf_pheno_633-667,male_pdf_pheno_667-700,male_pdf_pheno_700-733,male_pdf_pheno_733-767,male_pdf_pheno_767-800,male_pdf_pheno_800-833,male_pdf_pheno_833-867,male_pdf_pheno_867-900,male_pdf_pheno_900-933,male_pdf_pheno_933-967,male_pdf_pheno_967-1000,female_m_pheno,female_sd_pheno,female_pdf_pheno_0-33,female_pdf_pheno_33-67,female_pdf_pheno_67-100,female_pdf_pheno_100-133,female_pdf_pheno_133-167,female_pdf_pheno_167-200,female_pdf_pheno_200-233,female_pdf_pheno_233-267,female_pdf_pheno_267-300,female_pdf_pheno_300-333,female_pdf_pheno_333-367,female_pdf_pheno_367-400,female_pdf_pheno_400-433,female_pdf_pheno_433-467,female_pdf_pheno_467-500,female_pdf_pheno_500-533,female_pdf_pheno_533-567,female_pdf_pheno_567-600,female_pdf_pheno_600-633,female_pdf_pheno_633-667,female_pdf_pheno_667-700,female_pdf_pheno_700-733,female_pdf_pheno_733-767,female_pdf_pheno_767-800,female_pdf_pheno_800-833,female_pdf_pheno_833-867,female_pdf_pheno_867-900,female_pdf_pheno_900-933,female_pdf_pheno_933-967,female_pdf_pheno_967-1000
100,719,335,0.4659248956884562,157,167,0.4506258692628651,193,0.5368567454798331,0.49,2.6927083333333335,3.2176837163189123,7.0978260869565215,2.1062008998725217,9357.937413073714,1611.2452410974233,7853.0,11083.0,11083.0,0.0,7853.0,0.0,25.990264255910986,20.564188725242413,31.598627787307034,18.82938102763222,0.16550764951321278,0.10570236439499305,0.0917941585535466,0.08762169680111266,0.09735744089012517,0.07927677329624479,0.05702364394993046,0.05285118219749652,0.059805285118219746,0.0458970792767733,0.04033379694019471,0.037552155771905425,0.019471488178025034,0.027816411682892908,0.019471488178025034,0.006954102920723227,0.005563282336578581,0.9470585927843882,0.02339361686462214,0.0,0.0,0.0,0.0,0.0,0.0,0.0,0.0,0.0,0.0,0.0,0.0,0.0,0.0,0.0,0.0,0.0,0.0,0.0,0.0,0.0,0.0,0.0,0.0,0.0,0.0,0.7510431154381086,7.426981919332407,15.396383866481226,6.425591098748263,4.4387527839643655,3.1891260476489354,nan,nan,nan,4.304347826086956,2.9640568939076326,4.579908675799087,3.4038331858298663,1.0640191873068585,0.4043,0.0254,0.0,0.0,0.0,0.0,0.0,0.0,0.0,0.0,0.0,0.04172461752433937,1.4186369958275387,12.058414464534057,12.141863699582757,4.214186369958276,0.1251738525730181,0.0,0.0,0.0,0.0,0.0,0.0,0.0,0.0,0.0,0.0,0.0,0.0,0.0,0.0,0.0,nan,nan,4.4387527839643655,3.1891260476489354,nan,0.4043,0.114,0.0,0.0,0.0,0.0003477051460361613,0.0004172461752433936,0.0,0.0,0.00152990264255911,0.0005563282336578582,0.0002781641168289291,0.0014603616133518776,0.0014603616133518776,0.0017385257301808068,0.0020166898470097357,0.0016689847009735744,0.0027816411682892906,0.004798331015299026,0.003963838664812239,0.00521557719054242,0.005354659248956885,0.006467315716272601,0.006815020862308762,0.009735744089012517,0.013004172461752435,0.012100139082058415,0.018358831710709317,0.01161335187760779,0.01995827538247566,0.017107093184979136,0.026356050069541028,0.025521557719054244,0.02545201668984701,0.025104311543810848,0.025104311543810848,0.022253129346314324,0.02920723226703755,0.03574408901251738,0.036578581363004174,0.034075104311543813,0.03664812239221141,0.03226703755215577,0.037343532684283726,0.03949930458970793,0.031084840055632824,0.0368567454798331,0.03497913769123783,0.030458970792767732,0.032127955493741304,0.027051460361613353,0.02322670375521558,0.02726008344923505,0.020305980528511822,0.01912378303198887,0.01898470097357441,0.015577190542420028,0.012169680111265646,0.010848400556328233,0.012795549374130737,0.00674547983310153,0.007858136300417247,0.006884561891515995,0.008692628650904033,0.007788595271210014,0.005493741307371349,0.004033379694019471,0.004033379694019471,0.0011126564673157164,0.00152990264255911,0.0016689847009735744,0.0011821974965229485,0.0006954102920723226,0.0019471488178025036,0.0018776077885952712,0.0024339360222531293,0.0004867872044506259,0.0,0.0,0.0008344923504867872,0.0013212795549374132,0.0,0.00013908205841446454,0.0,0.00013908205841446454,0.0,0.0,0.0003477051460361613,0.0,0.0,0.0,0.0,0.0,0.0,0.0,0.0,0.0,0.0,0.0,0.0,0.0,0.0,0.0,nan,nan,4.4387527839643655,3.1891260476489354,nan,0.9473262973685763,0.023148210565458353,0.0,0.0,0.0,0.0,0.0,0.0,0.0,0.0,0.0,0.0,0.0,0.0,0.0,0.0,0.0,0.0,0.0,0.0,0.0,0.0,0.0,0.0,0.0,0.0,0.0,0.0,0.7164179104477614,6.895522388059703,15.940298507462689,6.4477611940298525,0.9468250484205782,0.023603144974021766,0.0,0.0,0.0,0.0,0.0,0.0,0.0,0.0,0.0,0.0,0.0,0.0,0.0,0.0,0.0,0.0,0.0,0.0,0.0,0.0,0.0,0.0,0.0,0.0,0.0,0.0,0.7812500000000001,7.890625000000001,14.921875000000002,6.406250000000001,0.4043,0.02646,0.0,0.0,0.0,0.0,0.0,0.0,0.0,0.0,0.0,0.08955223880597017,1.701492537313433,11.999999999999982,11.462686567164182,4.477611940298508,0.2686567164179105,0.0,0.0,0.0,0.0,0.0,0.0,0.0,0.0,0.0,0.0,0.0,0.0,0.0,0.0,0.0,0.4043,0.02446,0.0,0.0,0.0,0.0,0.0,0.0,0.0,0.0,0.0,0.0,1.1718750000000002,12.109374999999984,12.734375000000002,3.9843750000000004,0.0,0.0,0.0,0.0,0.0,0.0,0.0,0.0,0.0,0.0,0.0,0.0,0.0,0.0,0.0,0.0
200,614,321,0.5228013029315961,158,125,0.4609120521172638,160,0.5211726384364821,0.514,2.993174061433447,3.279883014293354,7.243243243243243,2.148606152902896,9541.648208469056,1613.3198509251965,7853.0,11083.0,11083.0,0.0,7853.0,0.0,24.587947882736156,19.192100659142003,30.0973630831643,17.43346241307008,0.16938110749185667,0.09771986970684039,0.10260586319218241,0.09120521172638436,0.10912052117263844,0.07003257328990228,0.07654723127035831,0.05537459283387622,0.05863192182410423,0.04071661237785016,0.04560260586319218,0.026058631921824105,0.019543973941368076,0.014657980456026058,0.014657980456026058,0.004885993485342019,0.003257328990228013,0.9456041524192798,0.02348949059337162,0.0,0.0,0.0,0.0,0.0,0.0,0.0,0.0,0.0,0.0,0.0,0.0,0.0,0.0,0.0,0.0,0.0,0.0,0.0,0.0,0.0,0.0,0.0,0.0,0.0,0.0,0.6351791530944627,8.061889250814334,15.488599348534205,5.8143322475570045,4.306233062330623,3.051675830847087,nan,nan,nan,4.408602150537634,3.0839039604719742,4.202185792349726,3.0150072050254737,0.9531787285085965,0.4062,0.02513,0.0,0.0,0.0,0.0,0.0,0.0,0.0,0.0,0.0,0.0,1.905537459283388,10.407166123778486,13.387622149837137,4.104234527687297,0.19543973941368084,0.0,0.0,0.0,0.0,0.0,0.0,0.0,0.0,0.0,0.0,0.0,0.0,0.0,0.0,0.0,nan,nan,4.306233062330623,3.051675830847087,nan,0.4062,0.11804,0.0,0.0,0.0,0.000244299674267101,0.00040716612377850165,0.0,0.0,0.0016286644951140066,0.0003257328990228013,0.0,0.000977198697068404,0.0033387622149837134,0.001547231270358306,0.002035830618892508,0.0026058631921824105,0.0025244299674267103,0.004885993485342019,0.003827361563517915,0.007980456026058631,0.003501628664495114,0.007084690553745929,0.0061074918566775245,0.011644951140065146,0.011726384364820847,0.014739413680781759,0.019706840390879478,0.008306188925081432,0.021498371335504887,0.01482084690553746,0.03322475570032573,0.023534201954397396,0.02214983713355049,0.02711726384364821,0.0248371335504886,0.02687296416938111,0.029315960912052116,0.031921824104234525,0.03599348534201954,0.028908794788273615,0.03566775244299674,0.03241042345276873,0.033387622149837134,0.03599348534201954,0.02280130293159609,0.03371335504885994,0.03241042345276873,0.029560260586319217,0.034446254071661235,0.03037459283387622,0.024022801302931596,0.026710097719869708,0.016938110749185668,0.017182410423452768,0.02280130293159609,0.018973941368078177,0.01026058631921824,0.012377850162866449,0.018403908794788273,0.00749185667752443,0.010586319218241042,0.007899022801302932,0.010749185667752443,0.005374592833876222,0.008957654723127036,0.006188925081433224,0.002280130293159609,0.0006514657980456026,0.0029315960912052116,0.0013843648208469055,0.0003257328990228013,0.000488599348534202,0.0021172638436482085,0.0021986970684039087,0.0013843648208469055,0.0003257328990228013,0.0,0.0,0.000977198697068404,0.003501628664495114,0.0,0.00016286644951140066,0.0,8.143322475570033e-05,0.0,0.0,0.00016286644951140066,0.0,0.0,0.0,0.0,0.0,0.0,0.0,0.0,0.0,0.0,0.0,0.0,0.0,0.0,0.0,nan,nan,4.306233062330623,3.051675830847087,nan,0.9455801982003209,0.02441880311167204,0.0,0.0,0.0,0.0,0.0,0.0,0.0,0.0,0.0,0.0,0.0,0.0,0.0,0.0,0.0,0.0,0.0,0.0,0.0,0.0,0.0,0.0,0.0,0.0,0.0,0.0,0.9345794392523367,7.2897196261682256,15.700934579439256,6.074766355140189,0.945630395778617,0.022427180676587506,0.0,0.0,0.0,0.0,0.0,0.0,0.0,0.0,0.0,0.0,0.0,0.0,0.0,0.0,0.0,0.0,0.0,0.0,0.0,0.0,0.0,0.0,0.0,0.0,0.0,0.0,0.3071672354948806,8.907849829351537,15.255972696245736,5.529010238907851,0.406,0.0251,0.0,0.0,0.0,0.0,0.0,0.0,0.0,0.0,0.0,0.0,1.962616822429907,10.560747663551386,13.551401869158882,3.6448598130841128,0.28037383177570097,0.0,0.0,0.0,0.0,0.0,0.0,0.0,0.0,0.0,0.0,0.0,0.0,0.0,0.0,0.0,0.4067,0.02518,0.0,0.0,0.0,0.0,0.0,0.0,0.0,0.0,0.0,0.0,1.8430034129692836,10.238907849829337,13.208191126279866,4.607508532423209,0.10238907849829354,0.0,0.0,0.0,0.0,0.0,0.0,0.0,0.0,0.0,0.0,0.0,0.0,0.0,0.0,0.0
300,488,234,0.47950819672131145,97,112,0.42827868852459017,115,0.4713114754098361,0.518,2.9645669291338583,3.21333411755334,6.714285714285714,2.4032291201801033,9401.811475409837,1613.6431077572813,7853.0,11083.0,11083.0,0.0,7853.0,0.0,26.26844262295082,21.258355831449993,32.244897959183675,19.50238667994452,0.18032786885245902,0.11885245901639344,0.07377049180327869,0.0778688524590164,0.07377049180327869,0.07991803278688525,0.07581967213114754,0.05942622950819672,0.055327868852459015,0.030737704918032786,0.0430327868852459,0.040983606557377046,0.018442622950819672,0.030737704918032786,0.020491803278688523,0.01639344262295082,0.004098360655737705,0.9479922223530832,0.02353193008908455,0.0,0.0,0.0,0.0,0.0,0.0,0.0,0.0,0.0,0.0,0.0,0.0,0.0,0.0,0.0,0.0,0.0,0.0,0.0,0.0,0.0,0.0,0.0,0.0,0.0,0.0,0.6762295081967215,7.315573770491805,16.106557377049185,5.901639344262296,4.545762711864406,3.154298763506249,nan,nan,nan,4.562913907284768,3.059186921671691,4.527777777777778,3.2509495289078503,0.9922996290920819,0.4004,0.02525,0.0,0.0,0.0,0.0,0.0,0.0,0.0,0.0,0.0,0.18442622950819676,2.64344262295082,11.680327868852443,12.479508196721314,2.8893442622950825,0.12295081967213117,0.0,0.0,0.0,0.0,0.0,0.0,0.0,0.0,0.0,0.0,0.0,0.0,0.0,0.0,0.0,nan,nan,4.545762711864406,3.154298763506249,nan,0.4004,0.1179,0.0,0.0,0.0,0.0003073770491803279,0.00194672131147541,0.0,0.0,0.0009221311475409836,0.0005122950819672131,0.00010245901639344262,0.0007172131147540983,0.003995901639344262,0.001127049180327869,0.0017418032786885246,0.00430327868852459,0.000819672131147541,0.008504098360655738,0.003278688524590164,0.011372950819672132,0.0030737704918032786,0.006864754098360655,0.006147540983606557,0.010963114754098361,0.01372950819672131,0.010758196721311475,0.024077868852459015,0.00778688524590164,0.016700819672131148,0.02038934426229508,0.03770491803278689,0.025204918032786884,0.025,0.022438524590163933,0.025614754098360656,0.03401639344262295,0.02540983606557377,0.03924180327868852,0.03432377049180328,0.01752049180327869,0.029815573770491804,0.039651639344262295,0.033094262295081965,0.03944672131147541,0.028790983606557376,0.02920081967213115,0.03432377049180328,0.03114754098360656,0.03524590163934426,0.030635245901639345,0.02305327868852459,0.021004098360655737,0.0125,0.019877049180327868,0.021926229508196723,0.022745901639344264,0.007991803278688524,0.007889344262295083,0.01875,0.004405737704918033,0.010348360655737705,0.005327868852459016,0.008504098360655738,0.004610655737704918,0.01331967213114754,0.003790983606557377,0.0,0.0007172131147540983,0.00194672131147541,0.0005122950819672131,0.0009221311475409836,0.0012295081967213116,0.0018442622950819673,0.0027663934426229507,0.001331967213114754,0.0004098360655737705,0.0,0.0,0.001331967213114754,0.002663934426229508,0.0,0.0,0.0,0.0,0.0,0.0,0.0003073770491803279,0.0,0.0,0.0,0.0,0.0,0.0,0.0,0.0,0.0,0.0,0.0,0.0,0.0,0.0,0.0,nan,nan,4.545762711864406,3.154298763506249,nan,0.9469785241999178,0.02284146525301735,0.0,0.0,0.0,0.0,0.0,0.0,0.0,0.0,0.0,0.0,0.0,0.0,0.0,0.0,0.0,0.0,0.0,0.0,0.0,0.0,0.0,0.0,0.0,0.0,0.0,0.0,0.7692307692307694,7.435897435897438,16.7948717948718,5.000000000000001,0.9489261017540308,0.024112878990570203,0.0,0.0,0.0,0.0,0.0,0.0,0.0,0.0,0.0,0.0,0.0,0.0,0.0,0.0,0.0,0.0,0.0,0.0,0.0,0.0,0.0,0.0,0.0,0.0,0.0,0.0,0.5905511811023623,7.20472440944882,15.472440944881892,6.7322834645669305,0.4011,0.02475,0.0,0.0,0.0,0.0,0.0,0.0,0.0,0.0,0.0,0.2564102564102565,2.17948717948718,11.02564102564101,13.84615384615385,2.5641025641025648,0.12820512820512825,0.0,0.0,0.0,0.0,0.0,0.0,0.0,0.0,0.0,0.0,0.0,0.0,0.0,0.0,0.0,0.3997,0.02568,0.0,0.0,0.0,0.0,0.0,0.0,0.0,0.0,0.0,0.11811023622047247,3.0708661417322842,12.283464566929116,11.220472440944883,3.188976377952757,0.11811023622047247,0.0,0.0,0.0,0.0,0.0,0.0,0.0,0.0,0.0,0.0,0.0,0.0,0.0,0.0,0.0
400,459,252,0.5490196078431373,126,73,0.4335511982570806,107,0.4662309368191721,0.516,2.898550724637681,3.247347163468054,6.524590163934426,2.4535458273927486,9626.333333333334,1607.2198217902726,7853.0,11083.0,11083.0,0.0,7853.0,0.0,25.956427015250544,20.0035469915881,30.532467532467532,18.616557645993744,0.1437908496732026,0.11982570806100218,0.10893246187363835,0.09586056644880174,0.06753812636165578,0.08496732026143791,0.058823529411764705,0.06100217864923747,0.05664488017429194,0.04357298474945534,0.054466230936819175,0.02832244008714597,0.032679738562091505,0.010893246187363835,0.02178649237472767,0.008714596949891068,0.002178649237472767,0.9445237432949424,0.022675026186651917,0.0,0.0,0.0,0.0,0.0,0.0,0.0,0.0,0.0,0.0,0.0,0.0,0.0,0.0,0.0,0.0,0.0,0.0,0.0,0.0,0.0,0.0,0.0,0.0,0.0,0.0,0.7843137254901962,8.954248366013074,15.032679738562095,5.2287581699346415,4.3610108303249095,3.1622199606139176,nan,nan,nan,4.5524475524475525,3.229406669352815,4.172932330827067,3.0816246037485486,0.9166349052354388,0.4043,0.02568,0.0,0.0,0.0,0.0,0.0,0.0,0.0,0.0,0.0,0.13071895424836605,2.0915032679738568,10.58823529411763,13.39869281045752,3.529411764705883,0.2614379084967321,0.0,0.0,0.0,0.0,0.0,0.0,0.0,0.0,0.0,0.0,0.0,0.0,0.0,0.0,0.0,nan,nan,4.3610108303249095,3.1622199606139176,nan,0.4043,0.1201,0.0,0.0,0.0,0.0,0.0016339869281045752,0.0,0.0,0.000980392156862745,0.00010893246187363834,0.0,0.0017429193899782135,0.005337690631808279,0.002505446623093682,0.0033769063180827887,0.005010893246187364,0.00130718954248366,0.010893246187363835,0.006100217864923747,0.006644880174291939,0.0029411764705882353,0.007625272331154684,0.0032679738562091504,0.006971677559912854,0.013180827886710239,0.0072984749455337694,0.029738562091503266,0.00718954248366013,0.00849673202614379,0.018736383442265796,0.035838779956427015,0.02701525054466231,0.014814814814814815,0.025272331154684097,0.03126361655773421,0.031154684095860568,0.02679738562091503,0.03126361655773421,0.03562091503267974,0.01917211328976035,0.023202614379084968,0.04379084967320261,0.033115468409586055,0.03376906318082789,0.02374727668845316,0.026252723311546843,0.04520697167755991,0.03649237472766884,0.0471677559912854,0.0318082788671024,0.024400871459694988,0.027886710239651415,0.008714596949891068,0.01644880174291939,0.01437908496732026,0.025490196078431372,0.008169934640522876,0.011546840958605665,0.022331154684095862,0.005555555555555556,0.011982570806100218,0.008169934640522876,0.005010893246187364,0.005664488017429194,0.009150326797385621,0.001851851851851852,0.0,0.0,0.0033769063180827887,0.00065359477124183,0.0,0.00130718954248366,0.00130718954248366,0.0032679738562091504,0.0007625272331154684,0.0,0.0,0.0,0.00130718954248366,0.006535947712418301,0.0,0.0,0.0,0.0,0.0,0.0,0.0008714596949891067,0.0,0.0,0.0,0.0,0.0,0.0,0.0,0.0,0.0,0.0,0.0,0.0,0.0,0.0,0.0,nan,nan,4.3610108303249095,3.1622199606139176,nan,0.9438445315001502,0.023070728092147903,0.0,0.0,0.0,0.0,0.0,0.0,0.0,0.0,0.0,0.0,0.0,0.0,0.0,0.0,0.0,0.0,0.0,0.0,0.0,0.0,0.0,0.0,0.0,0.0,0.0,0.0,0.9523809523809527,9.523809523809526,14.28571428571429,5.238095238095239,0.9453506098277327,0.022155691286292595,0.0,0.0,0.0,0.0,0.0,0.0,0.0,0.0,0.0,0.0,0.0,0.0,0.0,0.0,0.0,0.0,0.0,0.0,0.0,0.0,0.0,0.0,0.0,0.0,0.0,0.0,0.5797101449275364,8.260869565217394,15.942028985507251,5.217391304347827,0.4036,0.02634,0.0,0.0,0.0,0.0,0.0,0.0,0.0,0.0,0.0,0.23809523809523817,2.2619047619047623,10.833333333333318,12.380952380952385,4.047619047619048,0.23809523809523817,0.0,0.0,0.0,0.0,0.0,0.0,0.0,0.0,0.0,0.0,0.0,0.0,0.0,0.0,0.0,0.405,0.02486,0.0,0.0,0.0,0.0,0.0,0.0,0.0,0.0,0.0,0.0,1.8840579710144933,10.289855072463753,14.637681159420293,2.8985507246376816,0.2898550724637682,0.0,0.0,0.0,0.0,0.0,0.0,0.0,0.0,0.0,0.0,0.0,0.0,0.0,0.0,0.0
500,374,188,0.5026737967914439,84,77,0.4304812834224599,104,0.5561497326203209,0.516,3.2903225806451615,3.3747342234222573,6.963636363636364,2.4566321096806596,9476.636363636364,1614.9769079535288,7853.0,11083.0,11083.0,0.0,7853.0,0.0,28.09893048128342,21.693498100092032,33.52258064516129,19.880882528561553,0.15508021390374332,0.10160427807486631,0.09893048128342247,0.08021390374331551,0.08021390374331551,0.040106951871657755,0.08288770053475936,0.05614973262032086,0.058823529411764705,0.05080213903743316,0.040106951871657755,0.0481283422459893,0.0374331550802139,0.02406417112299465,0.02406417112299465,0.0106951871657754,0.0106951871657754,0.9491005278526143,0.023186864941030755,0.0,0.0,0.0,0.0,0.0,0.0,0.0,0.0,0.0,0.0,0.0,0.0,0.0,0.0,0.0,0.0,0.0,0.0,0.0,0.0,0.0,0.0,0.0,0.0,0.0,0.0,0.5614973262032087,6.6577540106951885,15.40106951871658,7.379679144385028,4.529411764705882,3.151159662252049,nan,nan,nan,4.535087719298246,3.1433020534658884,4.524193548387097,3.158357345809581,0.9975978037062457,0.4019,0.02658,0.0,0.0,0.0,0.0,0.0,0.0,0.0,0.0,0.0,0.08021390374331552,2.5668449197860967,11.791443850267363,11.63101604278075,3.850267379679145,0.08021390374331552,0.0,0.0,0.0,0.0,0.0,0.0,0.0,0.0,0.0,0.0,0.0,0.0,0.0,0.0,0.0,nan,nan,4.529411764705882,3.151159662252049,nan,0.4019,0.1226,0.0,0.0,0.0,0.0,0.004411764705882353,0.0,0.0,0.0010695187165775401,0.0,0.0,0.0025401069518716578,0.004946524064171123,0.0022727272727272726,0.0006684491978609625,0.005213903743315508,0.0014705882352941176,0.009625668449197862,0.004946524064171123,0.008556149732620321,0.002807486631016043,0.005213903743315508,0.002807486631016043,0.007754010695187166,0.014572192513368984,0.008689839572192513,0.04411764705882353,0.008422459893048129,0.0074866310160427805,0.017914438502673796,0.040240641711229944,0.029411764705882353,0.01270053475935829,0.021657754010695186,0.03248663101604278,0.02446524064171123,0.026871657754010694,0.029679144385026737,0.031818181818181815,0.028475935828877006,0.03208556149732621,0.03622994652406417,0.024732620320855617,0.029010695187165775,0.03141711229946524,0.024197860962566844,0.03663101604278075,0.03663101604278075,0.05080213903743316,0.035695187165775404,0.01911764705882353,0.023796791443850267,0.009759358288770054,0.014973262032085561,0.012032085561497326,0.027005347593582887,0.008155080213903744,0.008422459893048129,0.030080213903743314,0.0022727272727272726,0.017379679144385027,0.007754010695187166,0.007085561497326203,0.00267379679144385,0.006016042780748663,0.0008021390374331551,0.0,0.0,0.004946524064171123,0.0,0.0,0.0017379679144385028,0.001336898395721925,0.002807486631016043,0.00040106951871657755,0.0,0.0,0.0,0.0012032085561497327,0.009358288770053475,0.0,0.0,0.0,0.0,0.0,0.0,0.00013368983957219252,0.0,0.0,0.0,0.0,0.0,0.0,0.0,0.0,0.0,0.0,0.0,0.0,0.0,0.0,0.0,nan,nan,4.529411764705882,3.151159662252049,nan,0.9483423141088891,0.02375291458138206,0.0,0.0,0.0,0.0,0.0,0.0,0.0,0.0,0.0,0.0,0.0,0.0,0.0,0.0,0.0,0.0,0.0,0.0,0.0,0.0,0.0,0.0,0.0,0.0,0.0,0.0,0.6382978723404257,7.180851063829788,14.042553191489365,8.138297872340427,0.9498668944322934,0.0225744628176692,0.0,0.0,0.0,0.0,0.0,0.0,0.0,0.0,0.0,0.0,0.0,0.0,0.0,0.0,0.0,0.0,0.0,0.0,0.0,0.0,0.0,0.0,0.0,0.0,0.0,0.0,0.48387096774193555,6.129032258064518,16.774193548387103,6.612903225806453,0.403,0.02692,0.0,0.0,0.0,0.0,0.0,0.0,0.0,0.0,0.0,0.15957446808510642,2.23404255319149,11.010638297872324,12.287234042553195,4.308510638297873,0.0,0.0,0.0,0.0,0.0,0.0,0.0,0.0,0.0,0.0,0.0,0.0,0.0,0.0,0.0,0.0,0.4004,0.02617,0.0,0.0,0.0,0.0,0.0,0.0,0.0,0.0,0.0,0.0,2.9032258064516134,12.580645161290306,10.967741935483874,3.387096774193549,0.1612903225806452,0.0,0.0,0.0,0.0,0.0,0.0,0.0,0.0,0.0,0.0,0.0,0.0,0.0,0.0,0.0
600,354,190,0.536723163841808,89,64,0.4322033898305085,96,0.5423728813559322,0.518,3.3109756097560976,3.5622857179050755,7.510204081632653,2.365763016920384,9586.615819209039,1610.63816154758,7853.0,11083.0,11083.0,0.0,7853.0,0.0,26.463276836158194,20.38956907625691,31.256756756756758,18.877135326368297,0.1384180790960452,0.13559322033898305,0.0847457627118644,0.07909604519774012,0.09322033898305085,0.07909604519774012,0.05084745762711865,0.062146892655367235,0.05649717514124294,0.059322033898305086,0.05084745762711865,0.03672316384180791,0.01977401129943503,0.022598870056497175,0.01977401129943503,0.005649717514124294,0.005649717514124294,0.9505819816373836,0.0235020662778746,0.0,0.0,0.0,0.0,0.0,0.0,0.0,0.0,0.0,0.0,0.0,0.0,0.0,0.0,0.0,0.0,0.0,0.0,0.0,0.0,0.0,0.0,0.0,0.0,0.0,0.0,0.6779661016949154,6.864406779661018,15.000000000000002,7.457627118644069,4.779816513761468,3.277271740041695,nan,nan,nan,4.818965517241379,3.423043458101623,4.735294117647059,3.1025810589282434,0.9826370619804273,0.399,0.02542,0.0,0.0,0.0,0.0,0.0,0.0,0.0,0.0,0.0,0.16949152542372886,3.1355932203389836,11.186440677966084,13.050847457627121,2.2033898305084754,0.25423728813559326,0.0,0.0,0.0,0.0,0.0,0.0,0.0,0.0,0.0,0.0,0.0,0.0,0.0,0.0,0.0,nan,nan,4.779816513761468,3.277271740041695,nan,0.399,0.1223,0.0,0.0,0.0,0.0,0.00480225988700565,0.0,0.0,0.0007062146892655367,0.0,0.0,0.001271186440677966,0.004661016949152543,0.000423728813559322,0.0,0.0062146892655367235,0.000423728813559322,0.008757062146892656,0.002824858757062147,0.013418079096045197,0.003389830508474576,0.007627118644067797,0.0038135593220338985,0.012005649717514125,0.01115819209039548,0.010875706214689265,0.04562146892655367,0.01765536723163842,0.009745762711864408,0.016242937853107344,0.03361581920903955,0.030790960451977403,0.00903954802259887,0.016807909604519774,0.026977401129943502,0.032062146892655366,0.03347457627118644,0.02754237288135593,0.02937853107344633,0.02655367231638418,0.03983050847457627,0.04152542372881356,0.026412429378531072,0.03248587570621469,0.027401129943502824,0.019491525423728815,0.03290960451977401,0.042231638418079094,0.04858757062146893,0.03516949152542373,0.015254237288135594,0.02175141242937853,0.006073446327683616,0.01440677966101695,0.017796610169491526,0.019915254237288134,0.007909604519774011,0.005367231638418079,0.036440677966101696,0.0032485875706214687,0.016807909604519774,0.0062146892655367235,0.004519774011299435,0.002401129943502825,0.003672316384180791,0.00014124293785310735,0.0,0.0,0.003672316384180791,0.0,0.0,0.002824858757062147,0.004378531073446328,0.002824858757062147,0.0,0.0,0.0,0.0,0.00014124293785310735,0.010310734463276836,0.0,0.0,0.0,0.0,0.0,0.0,0.0,0.0,0.0,0.0,0.0,0.0,0.0,0.0,0.0,0.0,0.0,0.0,0.0,0.0,0.0,0.0,nan,nan,4.779816513761468,3.277271740041695,nan,0.9517851208385668,0.023004783829915925,0.0,0.0,0.0,0.0,0.0,0.0,0.0,0.0,0.0,0.0,0.0,0.0,0.0,0.0,0.0,0.0,0.0,0.0,0.0,0.0,0.0,0.0,0.0,0.0,0.0,0.0,0.6315789473684212,6.157894736842106,15.315789473684212,7.894736842105265,0.949188100855525,0.02399001261665723,0.0,0.0,0.0,0.0,0.0,0.0,0.0,0.0,0.0,0.0,0.0,0.0,0.0,0.0,0.0,0.0,0.0,0.0,0.0,0.0,0.0,0.0,0.0,0.0,0.0,0.0,0.7317073170731709,7.682926829268294,14.634146341463417,6.951219512195124,0.403,0.02367,0.0,0.0,0.0,0.0,0.0,0.0,0.0,0.0,0.0,0.0,2.2105263157894743,10.105263157894722,14.684210526315791,2.842105263157895,0.1578947368421053,0.0,0.0,0.0,0.0,0.0,0.0,0.0,0.0,0.0,0.0,0.0,0.0,0.0,0.0,0.0,0.394,0.0265,0.0,0.0,0.0,0.0,0.0,0.0,0.0,0.0,0.0,0.36585365853658547,4.207317073170732,12.439024390243885,11.158536585365857,1.4634146341463419,0.36585365853658547,0.0,0.0,0.0,0.0,0.0,0.0,0.0,0.0,0.0,0.0,0.0,0.0,0.0,0.0,0.0
700,215,118,0.5488372093023256,64,38,0.4744186046511628,52,0.48372093023255813,0.52,3.1237113402061856,3.407867585996532,7.481481481481482,2.470123259338232,9625.744186046511,1607.277751904917,7853.0,11083.0,11083.0,0.0,7853.0,0.0,28.0,20.433442720093666,33.016666666666666,18.533895375170808,0.13953488372093023,0.09302325581395349,0.07441860465116279,0.09302325581395349,0.09302325581395349,0.08372093023255814,0.07906976744186046,0.04186046511627907,0.06511627906976744,0.05116279069767442,0.06976744186046512,0.04186046511627907,0.013953488372093023,0.027906976744186046,0.013953488372093023,0.009302325581395349,0.009302325581395349,0.9478962909343631,0.022458700166347486,0.0,0.0,0.0,0.0,0.0,0.0,0.0,0.0,0.0,0.0,0.0,0.0,0.0,0.0,0.0,0.0,0.0,0.0,0.0,0.0,0.0,0.0,0.0,0.0,0.0,0.13953488372093026,0.4186046511627908,7.395348837209305,16.04651162790698,6.000000000000001,4.2,3.3041099947100516,nan,nan,nan,4.0,3.286335345030997,4.4,3.3097259273670554,1.1,0.3945,0.02669,0.0,0.0,0.0,0.0,0.0,0.0,0.0,0.0,0.0,0.4186046511627908,3.767441860465117,12.558139534883702,11.441860465116282,1.8139534883720936,0.0,0.0,0.0,0.0,0.0,0.0,0.0,0.0,0.0,0.0,0.0,0.0,0.0,0.0,0.0,0.0,nan,nan,4.2,3.3041099947100516,nan,0.3945,0.1233,0.0,0.0,0.0,0.0,0.002325581395348837,0.0,0.0,0.0009302325581395349,0.0,0.0,0.0025581395348837207,0.006744186046511628,0.0030232558139534882,0.0,0.005581395348837209,0.0016279069767441861,0.013023255813953489,0.0020930232558139536,0.012325581395348837,0.0030232558139534882,0.011627906976744186,0.003953488372093023,0.012093023255813953,0.008837209302325582,0.017674418604651163,0.05465116279069768,0.01674418604651163,0.0051162790697674414,0.018604651162790697,0.029767441860465118,0.033255813953488374,0.00813953488372093,0.02,0.025348837209302325,0.02883720930232558,0.027906976744186046,0.025813953488372093,0.024651162790697675,0.03395348837209302,0.04255813953488372,0.04255813953488372,0.026279069767441862,0.026976744186046512,0.023023255813953487,0.013488372093023256,0.02116279069767442,0.053953488372093024,0.046511627906976744,0.040697674418604654,0.01372093023255814,0.015116279069767442,0.0037209302325581397,0.015348837209302326,0.011162790697674419,0.03372093023255814,0.004651162790697674,0.007674418604651163,0.035813953488372095,0.0027906976744186047,0.01953488372093023,0.009069767441860464,0.0074418604651162795,0.0018604651162790699,0.0030232558139534882,0.0,0.0,0.0,0.00046511627906976747,0.0,0.0,0.0051162790697674414,0.0051162790697674414,0.0006976744186046512,0.0,0.0,0.0,0.0,0.0006976744186046512,0.005813953488372093,0.0,0.0,0.0,0.0,0.0,0.0,0.0,0.0,0.0,0.0,0.0,0.0,0.0,0.0,0.0,0.0,0.0,0.0,0.0,0.0,0.0,0.0,nan,nan,4.2,3.3041099947100516,nan,0.9485848869307566,0.02196518248331585,0.0,0.0,0.0,0.0,0.0,0.0,0.0,0.0,0.0,0.0,0.0,0.0,0.0,0.0,0.0,0.0,0.0,0.0,0.0,0.0,0.0,0.0,0.0,0.0,0.0,0.25423728813559326,0.25423728813559326,6.864406779661019,16.016949152542377,6.610169491525426,0.9470586174542142,0.023017060980575117,0.0,0.0,0.0,0.0,0.0,0.0,0.0,0.0,0.0,0.0,0.0,0.0,0.0,0.0,0.0,0.0,0.0,0.0,0.0,0.0,0.0,0.0,0.0,0.0,0.0,0.0,0.618556701030928,8.041237113402063,16.082474226804127,5.2577319587628875,0.396,0.02798,0.0,0.0,0.0,0.0,0.0,0.0,0.0,0.0,0.0,0.25423728813559326,4.067796610169492,12.203389830508458,10.93220338983051,2.5423728813559325,0.0,0.0,0.0,0.0,0.0,0.0,0.0,0.0,0.0,0.0,0.0,0.0,0.0,0.0,0.0,0.0,0.3928,0.02492,0.0,0.0,0.0,0.0,0.0,0.0,0.0,0.0,0.0,0.618556701030928,3.402061855670104,12.989690721649465,12.061855670103094,0.9278350515463919,0.0,0.0,0.0,0.0,0.0,0.0,0.0,0.0,0.0,0.0,0.0,0.0,0.0,0.0,0.0,0.0
800,101,45,0.44554455445544555,18,20,0.37623762376237624,22,0.43564356435643564,0.52,3.1785714285714284,3.2299222837683996,6.238095238095238,2.3279822022057743,9292.10891089109,1605.393199428751,7853.0,11083.0,11083.0,0.0,7853.0,0.0,27.96039603960396,21.278409450756506,31.528089887640448,20.158411904432704,0.1188118811881188,0.12871287128712872,0.10891089108910891,0.12871287128712872,0.019801980198019802,0.039603960396039604,0.07920792079207921,0.09900990099009901,0.04950495049504951,0.039603960396039604,0.0297029702970297,0.04950495049504951,0.0594059405940594,0.009900990099009901,0.019801980198019802,0.009900990099009901,0.009900990099009901,0.9463462115514396,0.021552561563185323,0.0,0.0,0.0,0.0,0.0,0.0,0.0,0.0,0.0,0.0,0.0,0.0,0.0,0.0,0.0,0.0,0.0,0.0,0.0,0.0,0.0,0.0,0.0,0.0,0.0,0.0,0.2970297029702971,7.425742574257427,17.524752475247528,4.752475247524754,4.639344262295082,3.2342064518652416,nan,nan,nan,5.038461538461538,3.6106761483856054,4.4411764705882355,2.871678915266737,0.881454872025146,0.401,0.02412,0.0,0.0,0.0,0.0,0.0,0.0,0.0,0.0,0.0,0.2970297029702971,1.4851485148514854,12.17821782178216,13.36633663366337,2.673267326732674,0.0,0.0,0.0,0.0,0.0,0.0,0.0,0.0,0.0,0.0,0.0,0.0,0.0,0.0,0.0,0.0,nan,nan,4.639344262295082,3.2342064518652416,nan,0.401,0.11755,0.0,0.0,0.0,0.0,0.0024752475247524753,0.0,0.0,0.0,0.0,0.0,0.0,0.009405940594059406,0.0009900990099009901,0.0,0.0014851485148514852,0.0004950495049504951,0.012376237623762377,0.0019801980198019802,0.013861386138613862,0.005940594059405941,0.010396039603960397,0.0004950495049504951,0.004455445544554455,0.009405940594059406,0.013366336633663366,0.05148514851485148,0.007425742574257425,0.005445544554455445,0.016831683168316833,0.04207920792079208,0.027722772277227723,0.009405940594059406,0.019306930693069307,0.027227722772277228,0.033663366336633666,0.019306930693069307,0.02574257425742574,0.01881188118811881,0.03217821782178218,0.05247524752475247,0.03514851485148515,0.040594059405940595,0.022277227722772276,0.016831683168316833,0.011881188118811881,0.026237623762376237,0.05891089108910891,0.0594059405940594,0.05,0.014356435643564357,0.02178217821782178,0.008415841584158416,0.017326732673267328,0.00891089108910891,0.030198019801980197,0.005940594059405941,0.00891089108910891,0.03415841584158416,0.0039603960396039604,0.013861386138613862,0.008415841584158416,0.0039603960396039604,0.0004950495049504951,0.0034653465346534654,0.0,0.0,0.0,0.0029702970297029703,0.0,0.0,0.004455445544554455,0.0039603960396039604,0.0029702970297029703,0.0,0.0,0.0,0.0,0.0019801980198019802,0.0019801980198019802,0.0,0.0,0.0,0.0,0.0,0.0,0.0,0.0,0.0,0.0,0.0,0.0,0.0,0.0,0.0,0.0,0.0,0.0,0.0,0.0,0.0,0.0,nan,nan,4.639344262295082,3.2342064518652416,nan,0.9452209817038641,0.02271140572273103,0.0,0.0,0.0,0.0,0.0,0.0,0.0,0.0,0.0,0.0,0.0,0.0,0.0,0.0,0.0,0.0,0.0,0.0,0.0,0.0,0.0,0.0,0.0,0.0,0.0,0.0,0.6666666666666669,8.000000000000002,16.666666666666668,4.666666666666668,0.9472504141075271,0.0205294584298441,0.0,0.0,0.0,0.0,0.0,0.0,0.0,0.0,0.0,0.0,0.0,0.0,0.0,0.0,0.0,0.0,0.0,0.0,0.0,0.0,0.0,0.0,0.0,0.0,0.0,0.0,0.0,6.964285714285716,18.21428571428572,4.821428571428572,0.4016,0.02528,0.0,0.0,0.0,0.0,0.0,0.0,0.0,0.0,0.0,0.6666666666666669,0.6666666666666669,11.333333333333316,14.66666666666667,2.6666666666666674,0.0,0.0,0.0,0.0,0.0,0.0,0.0,0.0,0.0,0.0,0.0,0.0,0.0,0.0,0.0,0.0,0.4001,0.02312,0.0,0.0,0.0,0.0,0.0,0.0,0.0,0.0,0.0,0.0,2.1428571428571432,12.857142857142838,12.321428571428573,2.6785714285714293,0.0,0.0,0.0,0.0,0.0,0.0,0.0,0.0,0.0,0.0,0.0,0.0,0.0,0.0,0.0,0.0
900,40,23,0.575,12,8,0.5,10,0.5,0.52,2.411764705882353,2.702043312436671,6.333333333333333,2.6246692913372702,9710.25,1596.727884612779,7853.0,11083.0,11083.0,0.0,7853.0,0.0,33.375,20.851483760154817,36.833333333333336,19.059118552545918,0.1,0.075,0.05,0.025,0.125,0.1,0.075,0.075,0.075,0.075,0.025,0.05,0.075,0.0,0.05,0.025,0.0,0.9455429464578629,0.020342063464379306,0.0,0.0,0.0,0.0,0.0,0.0,0.0,0.0,0.0,0.0,0.0,0.0,0.0,0.0,0.0,0.0,0.0,0.0,0.0,0.0,0.0,0.0,0.0,0.0,0.0,0.0,0.7500000000000002,7.500000000000002,17.250000000000004,4.500000000000001,2.7333333333333334,2.3228335186912457,nan,nan,nan,3.1333333333333333,2.526306042866189,2.3333333333333335,2.022100118413747,0.7446808510638299,0.395,0.02711,0.0,0.0,0.0,0.0,0.0,0.0,0.0,0.0,0.0,0.0,6.750000000000002,8.24999999999999,12.750000000000004,2.2500000000000004,0.0,0.0,0.0,0.0,0.0,0.0,0.0,0.0,0.0,0.0,0.0,0.0,0.0,0.0,0.0,0.0,nan,nan,2.7333333333333334,2.3228335186912457,nan,0.3948,0.1179,0.0,0.0,0.0,0.0,0.00125,0.0,0.0,0.0,0.0,0.0,0.0,0.00625,0.0,0.0,0.0075,0.0025,0.01625,0.00125,0.025,0.00875,0.0125,0.0,0.00875,0.00625,0.02,0.0425,0.00625,0.0025,0.02,0.03625,0.02625,0.00875,0.01125,0.02625,0.0325,0.0175,0.0375,0.02375,0.02125,0.05875,0.0325,0.055,0.0175,0.01,0.01,0.0275,0.05125,0.0625,0.0475,0.0225,0.03375,0.0075,0.01625,0.005,0.02875,0.01,0.00375,0.03,0.00125,0.015,0.00375,0.0,0.00125,0.00125,0.0,0.0,0.0,0.00375,0.0,0.0,0.00375,0.0,0.01,0.0,0.0,0.0,0.0,0.0,0.00125,0.0,0.0,0.0,0.0,0.0,0.0,0.0,0.0,0.0,0.0,0.0,0.0,0.0,0.0,0.0,0.0,0.0,0.0,0.0,0.0,0.0,0.0,nan,nan,2.7333333333333334,2.3228335186912457,nan,0.9497319693150728,0.018806304089352938,0.0,0.0,0.0,0.0,0.0,0.0,0.0,0.0,0.0,0.0,0.0,0.0,0.0,0.0,0.0,0.0,0.0,0.0,0.0,0.0,0.0,0.0,0.0,0.0,0.0,0.0,0.0,5.217391304347827,19.56521739130435,5.217391304347827,0.9398754449451671,0.020959003980919443,0.0,0.0,0.0,0.0,0.0,0.0,0.0,0.0,0.0,0.0,0.0,0.0,0.0,0.0,0.0,0.0,0.0,0.0,0.0,0.0,0.0,0.0,0.0,0.0,0.0,0.0,1.7647058823529416,10.588235294117649,14.117647058823533,3.529411764705883,0.395,0.02406,0.0,0.0,0.0,0.0,0.0,0.0,0.0,0.0,0.0,0.0,5.217391304347827,9.130434782608683,13.043478260869568,2.6086956521739135,0.0,0.0,0.0,0.0,0.0,0.0,0.0,0.0,0.0,0.0,0.0,0.0,0.0,0.0,0.0,0.0,0.3948,0.03075,0.0,0.0,0.0,0.0,0.0,0.0,0.0,0.0,0.0,0.0,8.823529411764708,7.058823529411755,12.352941176470592,1.7647058823529416,0.0,0.0,0.0,0.0,0.0,0.0,0.0,0.0,0.0,0.0,0.0,0.0,0.0,0.0,0.0,0.0
1000,10,7,0.7,4,1,0.5,2,0.4,0.52,3.3333333333333335,2.494438257849294,6.0,0.0,10114.0,1480.1719494707363,7853.0,11083.0,11083.0,0.0,7853.0,0.0,37.2,17.713271860387625,37.2,17.713271860387625,0.0,0.0,0.1,0.1,0.2,0.0,0.1,0.0,0.1,0.0,0.2,0.1,0.1,0.0,0.0,0.0,0.0,0.9627318918704987,0.029053043160199896,0.0,0.0,0.0,0.0,0.0,0.0,0.0,0.0,0.0,0.0,0.0,0.0,0.0,0.0,0.0,0.0,0.0,0.0,0.0,0.0,0.0,0.0,0.0,0.0,0.0,0.0,0.0,6.000000000000002,6.000000000000002,18.000000000000004,2.75,2.680951323690902,nan,nan,nan,0.25,0.4330127018922193,5.25,1.299038105676658,21.0,0.3691,0.02127,0.0,0.0,0.0,0.0,0.0,0.0,0.0,0.0,0.0,0.0,15.000000000000004,8.999999999999988,6.000000000000002,0.0,0.0,0.0,0.0,0.0,0.0,0.0,0.0,0.0,0.0,0.0,0.0,0.0,0.0,0.0,0.0,0.0,nan,nan,2.75,2.680951323690902,nan,0.3691,0.1307,0.0,0.0,0.0,0.0,0.0,0.0,0.0,0.0,0.0,0.0,0.0,0.05,0.0,0.0,0.005,0.02,0.015,0.0,0.04,0.03,0.0,0.0,0.01,0.0,0.045,0.04,0.0,0.0,0.0,0.07,0.04,0.0,0.03,0.005,0.035,0.0,0.01,0.0,0.01,0.04,0.03,0.085,0.02,0.0,0.0,0.035,0.04,0.065,0.05,0.005,0.015,0.0,0.06,0.0,0.035,0.005,0.0,0.045,0.0,0.015,0.0,0.0,0.0,0.0,0.0,0.0,0.0,0.0,0.0,0.0,0.0,0.0,0.0,0.0,0.0,0.0,0.0,0.0,0.0,0.0,0.0,0.0,0.0,0.0,0.0,0.0,0.0,0.0,0.0,0.0,0.0,0.0,0.0,0.0,0.0,0.0,0.0,0.0,0.0,0.0,0.0,nan,nan,2.75,2.680951323690902,nan,0.9720141036169869,0.02017947701932025,0.0,0.0,0.0,0.0,0.0,0.0,0.0,0.0,0.0,0.0,0.0,0.0,0.0,0.0,0.0,0.0,0.0,0.0,0.0,0.0,0.0,0.0,0.0,0.0,0.0,0.0,0.0,0.0,8.571428571428573,21.428571428571434,0.9410733977953593,0.03454430410413272,0.0,0.0,0.0,0.0,0.0,0.0,0.0,0.0,0.0,0.0,0.0,0.0,0.0,0.0,0.0,0.0,0.0,0.0,0.0,0.0,0.0,0.0,0.0,0.0,0.0,0.0,0.0,20.000000000000004,0.0,10.000000000000002,0.3694,0.01965,0.0,0.0,0.0,0.0,0.0,0.0,0.0,0.0,0.0,0.0,12.85714285714286,12.857142857142838,4.2857142857142865,0.0,0.0,0.0,0.0,0.0,0.0,0.0,0.0,0.0,0.0,0.0,0.0,0.0,0.0,0.0,0.0,0.0,0.3682,0.02458,0.0,0.0,0.0,0.0,0.0,0.0,0.0,0.0,0.0,0.0,20.000000000000004,0.0,10.000000000000002,0.0,0.0,0.0,0.0,0.0,0.0,0.0,0.0,0.0,0.0,0.0,0.0,0.0,0.0,0.0,0.0,0.0