year,n,n_male,p_male,n_male_fertile,n_female_fertile,p_fertile,n_pairs,p_pair,birth_rate,m_children,sd_children,m_children_over_40,sd_children_over_40,m_energy,sd_energy,min_energy,max_energy,m_energy_male,sd_energy_male,m_energy_female,sd_energy_female,m_age,sd_age,m_age_over_5,sd_age_over_5,p_age_0-5,p_age_5-10,p_age_10-15,p_age_15-20,p_age_20-25,p_age_25-30,p_age_30-35,p_age_35-40,p_age_40-45,p_age_45-50,p_age_50-55,p_age_55-60,p_age_60-65,p_age_65-70,p_age_70-75,p_age_75-80,p_age_80-100,m_culture,sd_culture,pdf_culture_0-33,pdf_culture_33-67,pdf_culture_67-100,pdf_culture_100-133,pdf_culture_133-167,pdf_culture_167-200,pdf_culture_200-233,pdf_culture_233-267,pdf_culture_267-300,pdf_culture_300-333,pdf_culture_333-367,pdf_culture_367-400,pdf_culture_400-433,pdf_culture_433-467,pdf_culture_467-500,pdf_culture_500-533,pdf_culture_533-567,pdf_culture_567-600,pdf_culture_600-633,pdf_culture_633-667,pdf_culture_667-700,pdf_culture_700-733,pdf_culture_733-767,pdf_culture_767-800,pdf_culture_800-833,pdf_culture_833-867,pdf_culture_867-900,pdf_culture_900-933,pdf_culture_933-967,pdf_culture_967-1000,m_children_culture_over_750,sd_children_culture_over_750,m_children_culture_under_750,sd_children_culture_under_750,ratio_children_culture_under-over_750,m_children_culture_over_median,sd_children_culture_over_median,m_children_culture_under_median,sd_children_culture_under_median,ratio_children_culture_under-over_median,m_pheno,sd_pheno,pdf_pheno_0-33,pdf_pheno_33-67,pdf_pheno_67-100,pdf_pheno_100-133,pdf_pheno_133-167,pdf_pheno_167-200,pdf_pheno_200-233,pdf_pheno_233-267,pdf_pheno_267-300,pdf_pheno_300-333,pdf_pheno_333-367,pdf_pheno_367-400,pdf_pheno_400-433,pdf_pheno_433-467,pdf_pheno_467-500,pdf_pheno_500-533,pdf_pheno_533-567,pdf_pheno_567-600,pdf_pheno_600-633,pdf_pheno_633-667,pdf_pheno_667-700,pdf_pheno_700-733,pdf_pheno_733-767,pdf_pheno_767-800,pdf_pheno_800-833,pdf_pheno_833-867,pdf_pheno_867-900,pdf_pheno_900-933,pdf_pheno_933-967,pdf_pheno_967-1000,m_children_pheno_over_750,sd_children_pheno_over_750,m_children_pheno_under_750,sd_children_pheno_under_750,ratio_children_pheno_under-over,m_geno,sd_geno,p_geno_0,p_geno_1,p_geno_2,p_geno_3,p_geno_4,p_geno_5,p_geno_6,p_geno_7,p_geno_8,p_geno_9,p_geno_10,p_geno_11,p_geno_12,p_geno_13,p_geno_14,p_geno_15,p_geno_16,p_geno_17,p_geno_18,p_geno_19,p_geno_20,p_geno_21,p_geno_22,p_geno_23,p_geno_24,p_geno_25,p_geno_26,p_geno_27,p_geno_28,p_geno_29,p_geno_30,p_geno_31,p_geno_32,p_geno_33,p_geno_34,p_geno_35,p_geno_36,p_geno_37,p_geno_38,p_geno_39,p_geno_40,p_geno_41,p_geno_42,p_geno_43,p_geno_44,p_geno_45,p_geno_46,p_geno_47,p_geno_48,p_geno_49,p_geno_50,p_geno_51,p_geno_52,p_geno_53,p_geno_54,p_geno_55,p_geno_56,p_geno_57,p_geno_58,p_geno_59,p_geno_60,p_geno_61,p_geno_62,p_geno_63,p_geno_64,p_geno_65,p_geno_66,p_geno_67,p_geno_68,p_geno_69,p_geno_70,p_geno_71,p_geno_72,p_geno_73,p_geno_74,p_geno_75,p_geno_76,p_geno_77,p_geno_78,p_geno_79,p_geno_80,p_geno_81,p_geno_82,p_geno_83,p_geno_84,p_geno_85,p_geno_86,p_geno_87,p_geno_88,p_geno_89,p_geno_90,p_geno_91,p_geno_92,p_geno_93,p_geno_94,p_geno_95,p_geno_96,p_geno_97,p_geno_98,p_geno_99,p_geno_100,m_children_geno_over_750,sd_children_geno_over_750,m_children_geno_under_750,sd_children_geno_under_750,ratio_children_geno_under-over,male_m_culture,male_sd_culture,male_pdf_culture_0-33,male_pdf_culture_33-67,male_pdf_culture_67-100,male_pdf_culture_100-133,male_pdf_culture_133-167,male_pdf_culture_167-200,male_pdf_culture_200-233,male_pdf_culture_233-267,male_pdf_culture_267-300,male_pdf_culture_300-333,male_pdf_culture_333-367,male_pdf_culture_367-400,male_pdf_culture_400-433,male_pdf_culture_433-467,male_pdf_culture_467-500,male_pdf_culture_500-533,male_pdf_culture_533-567,male_pdf_culture_567-600,male_pdf_culture_600-633,male_pdf_culture_633-667,male_pdf_culture_667-700,male_pdf_culture_700-733,male_pdf_culture_733-767,male_pdf_culture_767-800,male_pdf_culture_800-833,male_pdf_culture_833-867,male_pdf_culture_867-900,male_pdf_culture_900-933,male_pdf_culture_933-967,male_pdf_culture_967-1000,female_m_culture,female_sd_culture,female_pdf_culture_0-33,female_pdf_culture_33-67,female_pdf_culture_67-100,female_pdf_culture_100-133,female_pdf_culture_133-167,female_pdf_culture_167-200,female_pdf_culture_200-233,female_pdf_culture_233-267,female_pdf_culture_267-300,female_pdf_culture_300-333,female_pdf_culture_333-367,female_pdf_culture_367-400,female_pdf_culture_400-433,female_pdf_culture_433-467,female_pdf_culture_467-500,female_pdf_culture_500-533,female_pdf_culture_533-567,female_pdf_culture_567-600,female_pdf_culture_600-633,female_pdf_culture_633-667,female_pdf_culture_667-700,female_pdf_culture_700-733,female_pdf_culture_733-767,female_pdf_culture_767-800,female_pdf_culture_800-833,female_pdf_culture_833-867,female_pdf_culture_867-900,female_pdf_culture_900-933,female_pdf_culture_933-967,female_pdf_culture_967-1000,male_m_pheno,male_sd_pheno,male_pdf_pheno_0-33,male_pdf_pheno_33-67,male_pdf_pheno_67-100,male_pdf_pheno_100-133,male_pdf_pheno_133-167,male_pdf_pheno_167-200,male_pdf_pheno_200-233,male_pdf_pheno_233-267,male_pdf_pheno_267-300,male_pdf_pheno_300-333,male_pdf_pheno_333-367,male_pdf_pheno_367-400,male_pdf_pheno_400-433,male_pdf_pheno_433-467,male_pdf_pheno_467-500,male_pdf_pheno_500-533,male_pdf_pheno_533-567,male_pdf_pheno_567-600,male_pdf_pheno_600-633,male_pdf_pheno_633-667,male_pdf_pheno_667-700,male_pdf_pheno_700-733,male_pdf_pheno_733-767,male_pdf_pheno_767-800,male_pdf_pheno_800-833,male_pdf_pheno_833-867,male_pdf_pheno_867-900,male_pdf_pheno_900-933,male_pdf_pheno_933-967,male_pdf_pheno_967-1000,female_m_pheno,female_sd_pheno,female_pdf_pheno_0-33,female_pdf_pheno_33-67,female_pdf_pheno_67-100,female_pdf_pheno_100-133,female_pdf_pheno_133-167,female_pdf_pheno_167-200,female_pdf_pheno_200-233,female_pdf_pheno_233-267,female_pdf_pheno_267-300,female_pdf_pheno_300-333,female_pdf_pheno_333-367,female_pdf_pheno_367-400,female_pdf_pheno_400-433,female_pdf_pheno_433-467,female_pdf_pheno_467-500,female_pdf_pheno_500-533,female_pdf_pheno_533-567,female_pdf_pheno_567-600,female_pdf_pheno_600-633,female_pdf_pheno_633-667,female_pdf_pheno_667-700,female_pdf_pheno_700-733,female_pdf_pheno_733-767,female_pdf_pheno_767-800,female_pdf_pheno_800-833,female_pdf_pheno_833-867,female_pdf_pheno_867-900,female_pdf_pheno_900-933,female_pdf_pheno_933-967,female_pdf_pheno_967-1000
100,941,496,0.5270988310308182,231,185,0.44208289054197664,255,0.5419766206163655,0.454,3.004494382022472,3.086029051410277,6.702479338842975,1.973563409309377,8387.16195536663,505.95526581649585,7853.0,8866.4,8866.399999999998,1.8189894035458565e-12,7853.0,0.0,27.69500531349628,20.632338105283324,32.70012706480305,18.847991881121388,0.13708820403825717,0.10626992561105207,0.0871413390010627,0.09032943676939426,0.0818278427205101,0.07545164718384698,0.06801275239107332,0.07332624867162593,0.05526036131774708,0.04144527098831031,0.052072263549415514,0.03825717321997875,0.03825717321997875,0.023379383634431455,0.01700318809776833,0.009564293304994687,0.005313496280552604,0.9459083228511588,0.033362033316180664,0.0,0.0,0.0,0.0,0.0,0.0,0.0,0.0,0.0,0.0,0.0,0.0,0.0,0.0,0.0,0.0,0.0,0.0,0.0,0.0,0.0,0.0,0.0,0.03188097768331552,0.03188097768331563,0.3506907545164719,2.295430393198725,7.460148777895857,11.413390010626994,8.416578108395326,4.3533333333333335,2.8580568379388276,nan,nan,nan,4.2254901960784315,2.941388881218782,4.484641638225256,2.766931055417445,1.0613305037099212,0.3997,0.00853,0.0,0.0,0.0,0.0,0.0,0.0,0.0,0.0,0.0,0.0,0.0,16.5781083953241,13.421891604675881,0.0,0.0,0.0,0.0,0.0,0.0,0.0,0.0,0.0,0.0,0.0,0.0,0.0,0.0,0.0,0.0,0.0,nan,nan,4.3533333333333335,2.8580568379388276,nan,0.3997,0.03677,0.0,0.0,0.0,0.0,0.0,0.0,0.0,0.0,0.0,0.0,0.0,0.0,0.0,0.0,0.0,0.0,0.0,0.0,0.0,0.0,0.0,0.0,0.0,0.0,0.0,0.0,0.0,5.313496280552604e-05,0.0001594048884165781,0.0012752391073326248,0.0036131774707757703,0.01004250797024442,0.0089798087141339,0.019234856535600427,0.03235919234856536,0.03995749202975558,0.06556854410201912,0.08560042507970245,0.09048884165781083,0.10154091392136025,0.10706695005313496,0.10913921360255048,0.08804463336875665,0.08188097768331562,0.049149840595111585,0.04218916046758767,0.02598299681190223,0.017056323060573857,0.00844845908607864,0.006748140276301807,0.0019128586609989374,0.0024442082890541975,0.0005844845908607864,0.0003188097768331562,0.0001594048884165781,0.0,0.0,0.0,0.0,0.0,0.0,0.0,0.0,0.0,0.0,0.0,0.0,0.0,0.0,0.0,0.0,0.0,0.0,0.0,0.0,0.0,0.0,0.0,0.0,0.0,0.0,0.0,0.0,0.0,0.0,0.0,0.0,0.0,0.0,0.0,0.0,0.0,0.0,0.0,0.0,0.0,0.0,0.0,0.0,0.0,0.0,nan,nan,4.3533333333333335,2.8580568379388276,nan,0.9467467698118379,0.03359594348294403,0.0,0.0,0.0,0.0,0.0,0.0,0.0,0.0,0.0,0.0,0.0,0.0,0.0,0.0,0.0,0.0,0.0,0.0,0.0,0.0,0.0,0.0,0.0,0.0,0.06048387096774195,0.42338709677419367,2.17741935483871,7.258064516129034,11.673387096774196,8.407258064516132,0.9449737842163343,0.03307432847059939,0.0,0.0,0.0,0.0,0.0,0.0,0.0,0.0,0.0,0.0,0.0,0.0,0.0,0.0,0.0,0.0,0.0,0.0,0.0,0.0,0.0,0.0,0.0,0.06741573033707844,0.0,0.26966292134831465,2.426966292134832,7.685393258426968,11.12359550561798,8.426966292134834,0.3994,0.00844,0.0,0.0,0.0,0.0,0.0,0.0,0.0,0.0,0.0,0.0,0.0,16.572580645161263,13.427419354838714,0.0,0.0,0.0,0.0,0.0,0.0,0.0,0.0,0.0,0.0,0.0,0.0,0.0,0.0,0.0,0.0,0.0,0.3997,0.00862,0.0,0.0,0.0,0.0,0.0,0.0,0.0,0.0,0.0,0.0,0.0,16.584269662921322,13.415730337078653,0.0,0.0,0.0,0.0,0.0,0.0,0.0,0.0,0.0,0.0,0.0,0.0,0.0,0.0,0.0,0.0,0.0
200,928,487,0.5247844827586207,217,192,0.44073275862068967,257,0.5538793103448276,0.462,3.070294784580499,3.158984904583712,6.829059829059829,2.3252262027287545,8384.816594827586,506.07711533349016,7853.0,8866.4,8866.399999999998,1.8189894035458565e-12,7853.0,0.0,28.502155172413794,21.180820345955574,33.66365979381443,19.31858565098291,0.13900862068965517,0.0894396551724138,0.09698275862068965,0.09159482758620689,0.07758620689655173,0.07219827586206896,0.05818965517241379,0.07219827586206896,0.0668103448275862,0.04525862068965517,0.04418103448275862,0.04633620689655173,0.036637931034482756,0.01939655172413793,0.02478448275862069,0.011853448275862068,0.007543103448275862,0.9383526163753765,0.033300887251915254,0.0,0.0,0.0,0.0,0.0,0.0,0.0,0.0,0.0,0.0,0.0,0.0,0.0,0.0,0.0,0.0,0.0,0.0,0.0,0.0,0.0,0.0,0.03232758620689656,0.0,0.09698275862068967,0.517241379310345,3.200431034482759,8.793103448275865,11.411637931034484,5.948275862068966,4.468120805369128,2.922486959025569,nan,nan,nan,4.478688524590164,2.8538794277665223,4.457044673539519,2.9926674756807516,0.9951673685428647,0.3992,0.00837,0.0,0.0,0.0,0.0,0.0,0.0,0.0,0.0,0.0,0.0,0.0,16.325431034482737,13.674568965517246,0.0,0.0,0.0,0.0,0.0,0.0,0.0,0.0,0.0,0.0,0.0,0.0,0.0,0.0,0.0,0.0,0.0,nan,nan,4.468120805369128,2.922486959025569,nan,0.3992,0.03687,0.0,0.0,0.0,0.0,0.0,0.0,0.0,0.0,0.0,0.0,0.0,0.0,0.0,0.0,0.0,0.0,0.0,0.0,0.0,0.0,0.0,0.0,0.0,0.0,0.0,0.0,0.0,5.3879310344827585e-05,0.00048491379310344827,0.000646551724137931,0.003879310344827586,0.011314655172413793,0.012553879310344828,0.02004310344827586,0.027963362068965516,0.03933189655172414,0.06740301724137931,0.08389008620689656,0.09590517241379311,0.10043103448275863,0.11029094827586207,0.10738146551724138,0.08017241379310344,0.0865301724137931,0.04714439655172414,0.042510775862068965,0.025377155172413794,0.01670258620689655,0.008890086206896552,0.006573275862068966,0.0004310344827586207,0.0026939655172413795,0.0003771551724137931,0.000915948275862069,0.00010775862068965517,0.0,0.0,0.0,0.0,0.0,0.0,0.0,0.0,0.0,0.0,0.0,0.0,0.0,0.0,0.0,0.0,0.0,0.0,0.0,0.0,0.0,0.0,0.0,0.0,0.0,0.0,0.0,0.0,0.0,0.0,0.0,0.0,0.0,0.0,0.0,0.0,0.0,0.0,0.0,0.0,0.0,0.0,0.0,0.0,0.0,0.0,nan,nan,4.468120805369128,2.922486959025569,nan,0.9370139627975604,0.0334026300416584,0.0,0.0,0.0,0.0,0.0,0.0,0.0,0.0,0.0,0.0,0.0,0.0,0.0,0.0,0.0,0.0,0.0,0.0,0.0,0.0,0.0,0.0,0.0616016427104723,0.0,0.18480492813141686,0.6160164271047229,3.018480492813142,8.87063655030801,12.135523613963041,5.1129363449692,0.9398309027526924,0.03312537315030091,0.0,0.0,0.0,0.0,0.0,0.0,0.0,0.0,0.0,0.0,0.0,0.0,0.0,0.0,0.0,0.0,0.0,0.0,0.0,0.0,0.0,0.0,0.0,0.0,0.0,0.4081632653061225,3.4013605442176877,8.707482993197281,10.612244897959187,6.870748299319729,0.3992,0.00836,0.0,0.0,0.0,0.0,0.0,0.0,0.0,0.0,0.0,0.0,0.0,16.139630390143715,13.860369609856267,0.0,0.0,0.0,0.0,0.0,0.0,0.0,0.0,0.0,0.0,0.0,0.0,0.0,0.0,0.0,0.0,0.0,0.3992,0.00838,0.0,0.0,0.0,0.0,0.0,0.0,0.0,0.0,0.0,0.0,0.0,16.530612244897934,13.469387755102042,0.0,0.0,0.0,0.0,0.0,0.0,0.0,0.0,0.0,0.0,0.0,0.0,0.0,0.0,0.0,0.0,0.0
300,990,521,0.5262626262626262,235,191,0.4303030303030303,254,0.5131313131313131,0.47400000000000003,2.878464818763326,3.24417552372242,7.3628318584070795,2.226398126514237,8386.314545454545,506.0005493774169,7853.0,8866.4,8866.399999999998,1.8189894035458565e-12,7853.0,0.0,26.881818181818183,20.661367177994585,31.776029055690074,19.141930869259614,0.1414141414141414,0.10909090909090909,0.10707070707070707,0.0898989898989899,0.08383838383838384,0.07878787878787878,0.06161616161616162,0.052525252525252523,0.045454545454545456,0.050505050505050504,0.06060606060606061,0.03838383838383838,0.030303030303030304,0.01616161616161616,0.00909090909090909,0.01717171717171717,0.00808080808080808,0.9348786000049476,0.03412023762295008,0.0,0.0,0.0,0.0,0.0,0.0,0.0,0.0,0.0,0.0,0.0,0.0,0.0,0.0,0.0,0.0,0.0,0.0,0.0,0.0,0.0,0.0,0.0,0.03030303030303021,0.21212121212121218,0.8181818181818185,2.7878787878787885,9.90909090909091,10.90909090909091,5.333333333333334,4.322847682119205,3.0779187682079394,nan,nan,nan,4.151815181518152,3.1690627559770217,4.495016611295681,2.9734386309595946,1.082662983483777,0.3984,0.00783,0.0,0.0,0.0,0.0,0.0,0.0,0.0,0.0,0.0,0.0,0.0,17.242424242424217,12.757575757575761,0.0,0.0,0.0,0.0,0.0,0.0,0.0,0.0,0.0,0.0,0.0,0.0,0.0,0.0,0.0,0.0,0.0,nan,nan,4.322847682119205,3.0779187682079394,nan,0.3984,0.03592,0.0,0.0,0.0,0.0,0.0,0.0,0.0,0.0,0.0,0.0,0.0,0.0,0.0,0.0,0.0,0.0,0.0,0.0,0.0,0.0,0.0,0.0,0.0,0.0,0.0,0.0,0.0,0.0,0.0012121212121212121,0.0012626262626262627,0.0034343434343434343,0.00909090909090909,0.009494949494949495,0.01914141414141414,0.032373737373737374,0.03696969696969697,0.0740909090909091,0.08055555555555556,0.09398989898989898,0.10808080808080808,0.11075757575757576,0.1051010101010101,0.08424242424242424,0.08742424242424242,0.046464646464646465,0.042777777777777776,0.022525252525252525,0.014797979797979798,0.008787878787878787,0.004595959595959596,0.0,0.0018181818181818182,0.0007070707070707071,0.00030303030303030303,0.0,0.0,0.0,0.0,0.0,0.0,0.0,0.0,0.0,0.0,0.0,0.0,0.0,0.0,0.0,0.0,0.0,0.0,0.0,0.0,0.0,0.0,0.0,0.0,0.0,0.0,0.0,0.0,0.0,0.0,0.0,0.0,0.0,0.0,0.0,0.0,0.0,0.0,0.0,0.0,0.0,0.0,0.0,0.0,0.0,0.0,0.0,nan,nan,4.322847682119205,3.0779187682079394,nan,0.9343797292224276,0.03468412299133581,0.0,0.0,0.0,0.0,0.0,0.0,0.0,0.0,0.0,0.0,0.0,0.0,0.0,0.0,0.0,0.0,0.0,0.0,0.0,0.0,0.0,0.0,0.0,0.0,0.23032629558541273,0.8637236084452977,3.166986564299425,9.9616122840691,10.076775431861806,5.700575815738964,0.9354327826865955,0.03347398373734232,0.0,0.0,0.0,0.0,0.0,0.0,0.0,0.0,0.0,0.0,0.0,0.0,0.0,0.0,0.0,0.0,0.0,0.0,0.0,0.0,0.0,0.0,0.0,0.06396588486140706,0.19189765458422178,0.7675906183368871,2.3667377398720686,9.850746268656719,11.833688699360343,4.9253731343283595,0.3987,0.007767,0.0,0.0,0.0,0.0,0.0,0.0,0.0,0.0,0.0,0.0,0.0,17.101727447216867,12.898272552783112,0.0,0.0,0.0,0.0,0.0,0.0,0.0,0.0,0.0,0.0,0.0,0.0,0.0,0.0,0.0,0.0,0.0,0.3984,0.0079,0.0,0.0,0.0,0.0,0.0,0.0,0.0,0.0,0.0,0.0,0.0,17.398720682302745,12.60127931769723,0.0,0.0,0.0,0.0,0.0,0.0,0.0,0.0,0.0,0.0,0.0,0.0,0.0,0.0,0.0,0.0,0.0
400,1191,604,0.5071368597816961,267,251,0.434928631402183,334,0.5608732157850546,0.438,3.1567291311754686,3.3919387650596784,7.265432098765432,2.265667562695084,8366.932493702772,506.64838007718845,7853.0,8866.4,8866.4,0.0,7853.0,0.0,27.225020990764065,20.998134625369733,32.43768996960486,19.307171917975037,0.14777497900923595,0.10075566750629723,0.1015952980688497,0.08396305625524769,0.08648194794290512,0.07472712006717044,0.06465155331654072,0.06213266162888329,0.05793450881612091,0.042821158690176324,0.036943744752308987,0.04030226700251889,0.0327455919395466,0.03190596137699412,0.018471872376154493,0.014273719563392108,0.0025188916876574307,0.9338715521354419,0.03464210397055718,0.0,0.0,0.0,0.0,0.0,0.0,0.0,0.0,0.0,0.0,0.0,0.0,0.0,0.0,0.0,0.0,0.0,0.0,0.0,0.0,0.0,0.0,0.0,0.05037783375314846,0.2267002518891688,0.7808564231738038,3.551637279596978,10.352644836272043,9.647355163727962,5.3904282115869036,4.5621693121693125,3.1311876396705216,nan,nan,nan,4.457142857142857,2.9776408587148215,4.671159029649596,3.279389776916031,1.0480164489598451,0.3977,0.007935,0.0,0.0,0.0,0.0,0.0,0.0,0.0,0.0,0.0,0.0,0.025188916876574312,18.06045340050375,11.91435768261965,0.0,0.0,0.0,0.0,0.0,0.0,0.0,0.0,0.0,0.0,0.0,0.0,0.0,0.0,0.0,0.0,0.0,nan,nan,4.5621693121693125,3.1311876396705216,nan,0.3977,0.0362,0.0,0.0,0.0,0.0,0.0,0.0,0.0,0.0,0.0,0.0,0.0,0.0,0.0,0.0,0.0,0.0,0.0,0.0,0.0,0.0,0.0,0.0,0.0,0.0,0.0,0.0,0.0,0.0,0.0019311502938706968,0.0020990764063811922,0.0025608732157850547,0.012426532325776658,0.009235936188077247,0.0200671704450042,0.034466834592779175,0.03240973971452561,0.07963895885810243,0.0772879932829555,0.08795130142737195,0.11397984886649874,0.11263643996641477,0.11053736356003359,0.08115029387069689,0.08912678421494542,0.045885810243492864,0.03593618807724601,0.01922753988245172,0.016120906801007556,0.006842989084802686,0.004743912678421495,0.0,0.002434928631402183,0.0007556675062972292,0.00054575986565911,0.0,0.0,0.0,0.0,0.0,0.0,0.0,0.0,0.0,0.0,0.0,0.0,0.0,0.0,0.0,0.0,0.0,0.0,0.0,0.0,0.0,0.0,0.0,0.0,0.0,0.0,0.0,0.0,0.0,0.0,0.0,0.0,0.0,0.0,0.0,0.0,0.0,0.0,0.0,0.0,0.0,0.0,0.0,0.0,0.0,0.0,0.0,nan,nan,4.5621693121693125,3.1311876396705216,nan,0.9342636520302059,0.03416548978057085,0.0,0.0,0.0,0.0,0.0,0.0,0.0,0.0,0.0,0.0,0.0,0.0,0.0,0.0,0.0,0.0,0.0,0.0,0.0,0.0,0.0,0.0,0.0,0.049668874172185275,0.19867549668874177,0.7450331125827816,3.725165562913908,9.933774834437088,10.033112582781458,5.314569536423843,0.9334680967070987,0.035121202037727096,0.0,0.0,0.0,0.0,0.0,0.0,0.0,0.0,0.0,0.0,0.0,0.0,0.0,0.0,0.0,0.0,0.0,0.0,0.0,0.0,0.0,0.0,0.0,0.051107325383304786,0.25553662691652473,0.8177172061328792,3.373083475298127,10.783645655877345,9.250425894378196,5.46848381601363,0.3977,0.007557,0.0,0.0,0.0,0.0,0.0,0.0,0.0,0.0,0.0,0.0,0.0,18.07947019867547,11.920529801324506,0.0,0.0,0.0,0.0,0.0,0.0,0.0,0.0,0.0,0.0,0.0,0.0,0.0,0.0,0.0,0.0,0.0,0.3977,0.0083,0.0,0.0,0.0,0.0,0.0,0.0,0.0,0.0,0.0,0.0,0.05110732538330495,18.04088586030662,11.908006814310054,0.0,0.0,0.0,0.0,0.0,0.0,0.0,0.0,0.0,0.0,0.0,0.0,0.0,0.0,0.0,0.0,0.0
500,1328,695,0.5233433734939759,322,272,0.44728915662650603,362,0.5451807228915663,0.414,3.037914691943128,3.084151519656265,6.564971751412429,2.149106797590712,8383.356174698794,506.147483841044,7853.0,8866.4,8866.399999999998,1.8189894035458565e-12,7853.0,0.0,27.496987951807228,20.87873745403571,32.43845462713387,19.2021457822627,0.14533132530120482,0.11069277108433735,0.08960843373493976,0.08132530120481928,0.0783132530120482,0.07680722891566265,0.06852409638554217,0.06400602409638555,0.061746987951807226,0.053463855421686746,0.0391566265060241,0.03313253012048193,0.038403614457831324,0.024849397590361446,0.016566265060240965,0.010542168674698794,0.007530120481927711,0.928996463452118,0.03565779988484598,0.0,0.0,0.0,0.0,0.0,0.0,0.0,0.0,0.0,0.0,0.0,0.0,0.0,0.0,0.0,0.0,0.0,0.0,0.0,0.0,0.0,0.0,0.0,0.11295180722891532,0.4292168674698796,0.9713855421686749,3.795180722891567,10.79819277108434,9.849397590361448,4.043674698795181,4.302491103202847,2.828398766661833,nan,nan,nan,4.385844748858448,2.8291503788784436,4.212345679012346,2.824818696948439,0.9604411282703839,0.3972,0.008026,0.0,0.0,0.0,0.0,0.0,0.0,0.0,0.0,0.0,0.0,0.0,19.585843373493947,10.414156626506028,0.0,0.0,0.0,0.0,0.0,0.0,0.0,0.0,0.0,0.0,0.0,0.0,0.0,0.0,0.0,0.0,0.0,nan,nan,4.302491103202847,2.828398766661833,nan,0.3972,0.03595,0.0,0.0,0.0,0.0,0.0,0.0,0.0,0.0,0.0,0.0,0.0,0.0,0.0,0.0,0.0,0.0,0.0,0.0,0.0,0.0,0.0,0.0,0.0,0.0,0.0,0.0,0.0,0.0,0.0021837349397590363,0.002033132530120482,0.0021460843373493975,0.013893072289156627,0.010466867469879518,0.020105421686746987,0.03599397590361446,0.03414909638554217,0.07511295180722892,0.07925451807228916,0.08855421686746988,0.11939006024096385,0.10809487951807228,0.10775602409638554,0.07868975903614457,0.0927710843373494,0.04231927710843374,0.03772590361445783,0.022251506024096385,0.015286144578313253,0.006362951807228916,0.004367469879518073,0.0,0.0009412650602409639,7.530120481927712e-05,7.530120481927712e-05,0.0,0.0,0.0,0.0,0.0,0.0,0.0,0.0,0.0,0.0,0.0,0.0,0.0,0.0,0.0,0.0,0.0,0.0,0.0,0.0,0.0,0.0,0.0,0.0,0.0,0.0,0.0,0.0,0.0,0.0,0.0,0.0,0.0,0.0,0.0,0.0,0.0,0.0,0.0,0.0,0.0,0.0,0.0,0.0,0.0,0.0,0.0,nan,nan,4.302491103202847,2.828398766661833,nan,0.9284442177779383,0.03536918097465159,0.0,0.0,0.0,0.0,0.0,0.0,0.0,0.0,0.0,0.0,0.0,0.0,0.0,0.0,0.0,0.0,0.0,0.0,0.0,0.0,0.0,0.0,0.0,0.12949640287769743,0.4316546762589929,0.9496402877697844,3.755395683453238,11.00719424460432,10.014388489208637,3.7122302158273386,0.9296027995398825,0.03596225528154414,0.0,0.0,0.0,0.0,0.0,0.0,0.0,0.0,0.0,0.0,0.0,0.0,0.0,0.0,0.0,0.0,0.0,0.0,0.0,0.0,0.0,0.0,0.0,0.09478672985781961,0.42654028436018965,0.9952606635071092,3.838862559241707,10.568720379146923,9.668246445497632,4.407582938388626,0.3972,0.008125,0.0,0.0,0.0,0.0,0.0,0.0,0.0,0.0,0.0,0.0,0.0,19.467625899280545,10.532374100719426,0.0,0.0,0.0,0.0,0.0,0.0,0.0,0.0,0.0,0.0,0.0,0.0,0.0,0.0,0.0,0.0,0.0,0.397,0.00792,0.0,0.0,0.0,0.0,0.0,0.0,0.0,0.0,0.0,0.0,0.0,19.715639810426513,10.284360189573462,0.0,0.0,0.0,0.0,0.0,0.0,0.0,0.0,0.0,0.0,0.0,0.0,0.0,0.0,0.0,0.0,0.0
600,1332,685,0.5142642642642643,346,260,0.45495495495495497,380,0.5705705705705706,0.434,3.0865533230293662,3.1654903622103,6.545,2.246769903661699,8374.155405405405,506.49376230568254,7853.0,8866.4,8866.399999999998,1.8189894035458565e-12,7853.0,0.0,29.03978978978979,20.858973251840006,33.48646288209607,19.100562194215257,0.12612612612612611,0.08483483483483484,0.1021021021021021,0.07957957957957958,0.08033033033033032,0.08183183183183183,0.06756756756756757,0.07432432432432433,0.05405405405405406,0.0533033033033033,0.05555555555555555,0.033783783783783786,0.04504504504504504,0.023273273273273273,0.02252252252252252,0.008258258258258258,0.0075075075075075074,0.9268203929916874,0.03516206049349026,0.0,0.0,0.0,0.0,0.0,0.0,0.0,0.0,0.0,0.0,0.0,0.0,0.0,0.0,0.0,0.0,0.0,0.0,0.0,0.0,0.0,0.06756756756756757,0.02252252252252253,0.045045045045044904,0.18018018018018023,1.0135135135135136,4.256756756756757,11.328828828828831,9.61711711711712,3.468468468468469,4.308040770101925,2.9519007275774984,4.5,3.5,1.0445583596214512,4.346938775510204,2.914471814532233,4.27027027027027,2.9908146045895343,0.9823626443344753,0.3975,0.00829,0.0,0.0,0.0,0.0,0.0,0.0,0.0,0.0,0.0,0.0,0.02252252252252253,19.00900900900898,10.96846846846847,0.0,0.0,0.0,0.0,0.0,0.0,0.0,0.0,0.0,0.0,0.0,0.0,0.0,0.0,0.0,0.0,0.0,nan,nan,4.308474576271187,2.9532681199540085,nan,0.3975,0.0362,0.0,0.0,0.0,0.0,0.0,0.0,0.0,0.0,0.0,0.0,0.0,0.0,0.0,0.0,0.0,0.0,0.0,0.0,0.0,0.0,0.0,0.0,0.0,0.0,0.0,0.0,0.0,0.0,0.00228978978978979,0.0024024024024024023,0.002364864864864865,0.01433933933933934,0.008108108108108109,0.021396396396396396,0.03566066066066066,0.03532282282282282,0.07762762762762762,0.0801051051051051,0.07995495495495496,0.12072072072072072,0.09872372372372372,0.10746996996996996,0.08487237237237237,0.09917417417417418,0.04440690690690691,0.03581081081081081,0.02225975975975976,0.014414414414414415,0.0068693693693693695,0.004542042042042042,7.507507507507507e-05,0.0009009009009009009,0.00018768768768768769,0.0,0.0,0.0,0.0,0.0,0.0,0.0,0.0,0.0,0.0,0.0,0.0,0.0,0.0,0.0,0.0,0.0,0.0,0.0,0.0,0.0,0.0,0.0,0.0,0.0,0.0,0.0,0.0,0.0,0.0,0.0,0.0,0.0,0.0,0.0,0.0,0.0,0.0,0.0,0.0,0.0,0.0,0.0,0.0,0.0,0.0,0.0,0.0,nan,nan,4.308474576271187,2.9532681199540085,nan,0.9274911720387257,0.033932492596232,0.0,0.0,0.0,0.0,0.0,0.0,0.0,0.0,0.0,0.0,0.0,0.0,0.0,0.0,0.0,0.0,0.0,0.0,0.0,0.0,0.0,0.08759124087591243,0.0,0.04379562043795607,0.13138686131386865,0.7007299270072994,4.467153284671533,11.299270072992703,9.810218978102192,3.459854014598541,0.9261102173391045,0.03640516358959685,0.0,0.0,0.0,0.0,0.0,0.0,0.0,0.0,0.0,0.0,0.0,0.0,0.0,0.0,0.0,0.0,0.0,0.0,0.0,0.0,0.0,0.046367851622874816,0.046367851622874816,0.04636785162287466,0.23183925811437409,1.3446676970633697,4.034003091190109,11.36012364760433,9.412673879443588,3.477588871715611,0.397,0.00806,0.0,0.0,0.0,0.0,0.0,0.0,0.0,0.0,0.0,0.0,0.04379562043795621,19.70802919708026,10.248175182481754,0.0,0.0,0.0,0.0,0.0,0.0,0.0,0.0,0.0,0.0,0.0,0.0,0.0,0.0,0.0,0.0,0.0,0.3977,0.00852,0.0,0.0,0.0,0.0,0.0,0.0,0.0,0.0,0.0,0.0,0.0,18.26893353941265,11.731066460587328,0.0,0.0,0.0,0.0,0.0,0.0,0.0,0.0,0.0,0.0,0.0,0.0,0.0,0.0,0.0,0.0,0.0
700,1449,772,0.5327812284334024,360,276,0.4389233954451346,383,0.52864044168392,0.418,3.0059084194977843,3.172066124043724,6.596858638743456,2.274325301463191,8392.920496894409,505.6098185222359,7853.0,8866.4,8866.399999999998,1.8189894035458565e-12,7853.0,0.0,27.681849551414768,20.74326838587984,32.77088502894954,18.94093241427412,0.14630779848171152,0.08764665286404417,0.10351966873706005,0.08350586611456176,0.0759144237405107,0.07867494824016563,0.07453416149068323,0.060041407867494824,0.06625258799171843,0.05244996549344375,0.037267080745341616,0.03864734299516908,0.035196687370600416,0.026224982746721876,0.020703933747412008,0.006211180124223602,0.006901311249137336,0.9241079121642972,0.03389242098455475,0.0,0.0,0.0,0.0,0.0,0.0,0.0,0.0,0.0,0.0,0.0,0.0,0.0,0.0,0.0,0.0,0.0,0.0,0.0,0.0,0.02070393374741201,0.0,0.0,0.04140786749482389,0.24844720496894415,1.0351966873706007,4.968944099378883,11.966873706004144,8.902691511387166,2.8157349896480337,4.433079434167573,3.0192769106743302,7.0,0.0,1.5790378006872854,4.41991341991342,3.018893176284962,4.459518599562363,3.017636377818742,1.0089606234073516,0.3975,0.0079,0.0,0.0,0.0,0.0,0.0,0.0,0.0,0.0,0.0,0.0,0.0,18.716356107660427,11.283643892339548,0.0,0.0,0.0,0.0,0.0,0.0,0.0,0.0,0.0,0.0,0.0,0.0,0.0,0.0,0.0,0.0,0.0,nan,nan,4.435869565217391,3.0188207286426296,nan,0.3975,0.0358,0.0,0.0,0.0,0.0,0.0,0.0,0.0,0.0,0.0,0.0,0.0,0.0,0.0,0.0,0.0,0.0,0.0,0.0,0.0,0.0,0.0,0.0,0.0,0.0,0.0,0.0,0.0,0.0,0.002691511387163561,0.0024499654934437543,0.002587991718426501,0.011973775017253278,0.00728088336783989,0.01904761904761905,0.03450655624568668,0.0373015873015873,0.08095238095238096,0.0767080745341615,0.07922705314009662,0.12584541062801932,0.09986197377501725,0.11193926846100759,0.08146997929606625,0.1012767425810904,0.04278812974465148,0.029054520358868186,0.025534851621808144,0.01673567977915804,0.004796411318150448,0.004830917874396135,0.0,0.0010351966873706005,0.00010351966873706004,0.0,0.0,0.0,0.0,0.0,0.0,0.0,0.0,0.0,0.0,0.0,0.0,0.0,0.0,0.0,0.0,0.0,0.0,0.0,0.0,0.0,0.0,0.0,0.0,0.0,0.0,0.0,0.0,0.0,0.0,0.0,0.0,0.0,0.0,0.0,0.0,0.0,0.0,0.0,0.0,0.0,0.0,0.0,0.0,0.0,0.0,0.0,0.0,nan,nan,4.435869565217391,3.0188207286426296,nan,0.9248889803577581,0.03242945550736714,0.0,0.0,0.0,0.0,0.0,0.0,0.0,0.0,0.0,0.0,0.0,0.0,0.0,0.0,0.0,0.0,0.0,0.0,0.0,0.0,0.0,0.0,0.0,0.038860103626942887,0.23316062176165805,0.9715025906735753,4.935233160621763,11.774611398963733,9.481865284974095,2.564766839378239,0.9232172406054318,0.03546616840168645,0.0,0.0,0.0,0.0,0.0,0.0,0.0,0.0,0.0,0.0,0.0,0.0,0.0,0.0,0.0,0.0,0.0,0.0,0.0,0.0,0.04431314623338258,0.0,0.0,0.044313146233382436,0.2658788774002955,1.1078286558345645,5.007385524372232,12.186115214180209,8.24224519940916,3.1019202363367806,0.397,0.007965,0.0,0.0,0.0,0.0,0.0,0.0,0.0,0.0,0.0,0.0,0.0,18.84715025906733,11.152849740932645,0.0,0.0,0.0,0.0,0.0,0.0,0.0,0.0,0.0,0.0,0.0,0.0,0.0,0.0,0.0,0.0,0.0,0.398,0.00779,0.0,0.0,0.0,0.0,0.0,0.0,0.0,0.0,0.0,0.0,0.0,18.56720827178727,11.432791728212706,0.0,0.0,0.0,0.0,0.0,0.0,0.0,0.0,0.0,0.0,0.0,0.0,0.0,0.0,0.0,0.0,0.0
800,1466,743,0.5068212824010914,343,305,0.44201909959072305,402,0.548431105047749,0.45,2.759336099585062,3.130213378850376,6.7102272727272725,2.1508740175231553,8366.612687585266,506.6528444115836,7853.0,8866.4,8866.4,0.0,7853.0,0.0,26.214870395634378,20.46177876085647,31.682845188284517,18.73941091955712,0.16098226466575716,0.1009549795361528,0.09618008185538882,0.09890859481582538,0.08049113233287858,0.0791268758526603,0.059345156889495224,0.058663028649386086,0.056616643929058665,0.05252387448840382,0.04024556616643929,0.03342428376534789,0.030695770804911322,0.021145975443383355,0.017053206002728513,0.008867667121418827,0.0047748976807639835,0.9269585428914464,0.03568365723592187,0.0,0.0,0.0,0.0,0.0,0.0,0.0,0.0,0.0,0.0,0.0,0.0,0.0,0.0,0.0,0.0,0.0,0.0,0.0,0.0,0.0,0.02046384720327422,0.0,0.0409276944065483,0.38881309686221016,0.9004092769440656,4.338335607094135,11.29604365620737,9.270122783083222,3.744884038199182,4.164113785557987,2.9435578384908307,nan,nan,nan,4.109677419354838,2.9363888478595954,4.220489977728285,2.9499052463756246,1.0269638093373379,0.3972,0.00814,0.0,0.0,0.0,0.0,0.0,0.0,0.0,0.0,0.0,0.0,0.0,19.440654843110476,10.559345156889497,0.0,0.0,0.0,0.0,0.0,0.0,0.0,0.0,0.0,0.0,0.0,0.0,0.0,0.0,0.0,0.0,0.0,nan,nan,4.164113785557987,2.9435578384908307,nan,0.3972,0.03482,0.0,0.0,0.0,0.0,0.0,0.0,0.0,0.0,0.0,0.0,0.0,0.0,0.0,0.0,0.0,0.0,0.0,0.0,0.0,0.0,0.0,0.0,0.0,0.0,0.00013642564802182812,0.0,0.0,0.0,0.001159618008185539,0.0020463847203274215,0.0031718963165075034,0.009890859481582538,0.007435197817189631,0.018281036834924966,0.02980900409276944,0.043076398362892225,0.08117326057298772,0.07967257844474761,0.0796043656207367,0.12957025920873125,0.10289904502046385,0.11660982264665758,0.07854706684856753,0.09935197817189631,0.03929058663028649,0.028137789904502046,0.02684174624829468,0.013028649386084584,0.005150068212824011,0.004058663028649386,0.00017053206002728513,0.0008867667121418827,0.0,0.0,0.0,0.0,0.0,0.0,0.0,0.0,0.0,0.0,0.0,0.0,0.0,0.0,0.0,0.0,0.0,0.0,0.0,0.0,0.0,0.0,0.0,0.0,0.0,0.0,0.0,0.0,0.0,0.0,0.0,0.0,0.0,0.0,0.0,0.0,0.0,0.0,0.0,0.0,0.0,0.0,0.0,0.0,0.0,0.0,0.0,0.0,0.0,nan,nan,4.164113785557987,2.9435578384908307,nan,0.9274532536638858,0.03565864624695363,0.0,0.0,0.0,0.0,0.0,0.0,0.0,0.0,0.0,0.0,0.0,0.0,0.0,0.0,0.0,0.0,0.0,0.0,0.0,0.0,0.0,0.04037685060565277,0.0,0.04037685060565264,0.32301480484522216,0.8882907133243608,4.118438761776582,11.547779273216692,9.246298788694483,3.79542395693136,0.9264501471737113,0.03570220048724593,0.0,0.0,0.0,0.0,0.0,0.0,0.0,0.0,0.0,0.0,0.0,0.0,0.0,0.0,0.0,0.0,0.0,0.0,0.0,0.0,0.0,0.0,0.0,0.04149377593360983,0.45643153526970964,0.9128630705394193,4.564315352697097,11.03734439834025,9.294605809128633,3.692946058091287,0.3972,0.00819,0.0,0.0,0.0,0.0,0.0,0.0,0.0,0.0,0.0,0.0,0.0,19.74427994616417,10.255720053835804,0.0,0.0,0.0,0.0,0.0,0.0,0.0,0.0,0.0,0.0,0.0,0.0,0.0,0.0,0.0,0.0,0.0,0.3972,0.00808,0.0,0.0,0.0,0.0,0.0,0.0,0.0,0.0,0.0,0.0,0.0,19.128630705394162,10.871369294605811,0.0,0.0,0.0,0.0,0.0,0.0,0.0,0.0,0.0,0.0,0.0,0.0,0.0,0.0,0.0,0.0,0.0
900,1643,882,0.5368228849665246,416,321,0.4485696895922094,463,0.563603164942179,0.414,3.035479632063075,3.049319100647657,6.357446808510638,2.257822777363001,8397.016311625075,505.3240375112786,7853.0,8866.4,8866.399999999998,1.8189894035458565e-12,7853.0,0.0,28.870359099208766,21.032470426140986,33.88656069364162,19.103785412135103,0.13877054169202677,0.08642726719415703,0.08581862446743761,0.09129640900791236,0.08642726719415703,0.06999391357273281,0.06147291539866099,0.06512477175897748,0.05903834449178332,0.05782105903834449,0.044430919050517347,0.05295191722458917,0.03956177723676202,0.02799756542909312,0.017650639074863056,0.009738283627510651,0.005477784540474742,0.926451443791462,0.03650400360670911,0.0,0.0,0.0,0.0,0.0,0.0,0.0,0.0,0.0,0.0,0.0,0.0,0.0,0.0,0.0,0.0,0.0,0.0,0.0,0.0,0.0,0.0,0.05477784540474742,0.07303712720632966,0.3651856360316495,1.0042604990870363,4.583079732197201,10.919050517346319,9.29397443700548,3.706634205721242,4.035616438356165,2.890957553978934,8.0,0.0,1.9823489477257297,4.050909090909091,2.963589514409402,4.01651376146789,2.8091761096357484,0.9915092319602063,0.3967,0.007725,0.0,0.0,0.0,0.0,0.0,0.0,0.0,0.0,0.0,0.0,0.0,19.537431527693215,10.462568472306758,0.0,0.0,0.0,0.0,0.0,0.0,0.0,0.0,0.0,0.0,0.0,0.0,0.0,0.0,0.0,0.0,0.0,nan,nan,4.039233576642336,2.892116290689676,nan,0.3967,0.03516,0.0,0.0,0.0,0.0,0.0,0.0,0.0,0.0,0.0,0.0,0.0,0.0,0.0,0.0,0.0,0.0,0.0,0.0,0.0,0.0,0.0,0.0,0.0,0.0,0.00024345709068776628,0.0,0.0,3.0432136335970785e-05,0.0016737674984783932,0.0017650639074863056,0.0030127814972611077,0.009981740718198417,0.006299452221545952,0.01783323189287888,0.03231892878880097,0.045617772367620206,0.08384053560559951,0.08113207547169811,0.07894096165550822,0.12595861229458308,0.1036518563603165,0.11497261107729763,0.07659768715763847,0.09771758977480219,0.04093122337188071,0.025745587340231284,0.02796713329275715,0.013390139987827145,0.0037127206329884356,0.005264759586122946,0.0002130249543517955,0.0011868533171028605,0.0,0.0,0.0,0.0,0.0,0.0,0.0,0.0,0.0,0.0,0.0,0.0,0.0,0.0,0.0,0.0,0.0,0.0,0.0,0.0,0.0,0.0,0.0,0.0,0.0,0.0,0.0,0.0,0.0,0.0,0.0,0.0,0.0,0.0,0.0,0.0,0.0,0.0,0.0,0.0,0.0,0.0,0.0,0.0,0.0,0.0,0.0,0.0,0.0,nan,nan,4.039233576642336,2.892116290689676,nan,0.9268221786233033,0.035739949522227,0.0,0.0,0.0,0.0,0.0,0.0,0.0,0.0,0.0,0.0,0.0,0.0,0.0,0.0,0.0,0.0,0.0,0.0,0.0,0.0,0.0,0.0,0.06802721088435376,0.03401360544217676,0.37414965986394566,0.7142857142857144,4.761904761904763,11.22448979591837,9.421768707482995,3.4013605442176877,0.92602176163419,0.03736540167224912,0.0,0.0,0.0,0.0,0.0,0.0,0.0,0.0,0.0,0.0,0.0,0.0,0.0,0.0,0.0,0.0,0.0,0.0,0.0,0.0,0.0,0.0,0.039421813403416564,0.1182654402102493,0.35479632063074906,1.3403416557161631,4.375821287779239,10.565045992115639,9.145860709592643,4.060446780551906,0.3967,0.00784,0.0,0.0,0.0,0.0,0.0,0.0,0.0,0.0,0.0,0.0,0.0,19.421768707482965,10.578231292517009,0.0,0.0,0.0,0.0,0.0,0.0,0.0,0.0,0.0,0.0,0.0,0.0,0.0,0.0,0.0,0.0,0.0,0.3967,0.007576,0.0,0.0,0.0,0.0,0.0,0.0,0.0,0.0,0.0,0.0,0.0,19.671484888304832,10.32851511169514,0.0,0.0,0.0,0.0,0.0,0.0,0.0,0.0,0.0,0.0,0.0,0.0,0.0,0.0,0.0,0.0,0.0
1000,1452,785,0.540633608815427,360,284,0.44352617079889806,392,0.5399449035812672,0.438,3.0839580209895052,3.195128026337058,6.804347826086956,2.210346866516964,8400.878099173553,505.02401343743327,7853.0,8866.4,8866.399999999998,1.8189894035458565e-12,7853.0,0.0,28.2534435261708,21.022071779827794,33.02441008950366,19.322732635396985,0.1384297520661157,0.09090909090909091,0.1081267217630854,0.08608815426997245,0.06611570247933884,0.07300275482093664,0.0743801652892562,0.06542699724517906,0.05853994490358127,0.05785123966942149,0.04338842975206612,0.03994490358126722,0.03443526170798898,0.02134986225895317,0.027548209366391185,0.007575757575757576,0.006887052341597796,0.9223740556105438,0.037101300604200194,0.0,0.0,0.0,0.0,0.0,0.0,0.0,0.0,0.0,0.0,0.0,0.0,0.0,0.0,0.0,0.0,0.0,0.0,0.0,0.0,0.0,0.0,0.0,0.10330578512396663,0.5165289256198348,1.3223140495867771,5.3512396694214885,11.301652892561986,8.16115702479339,3.2438016528925626,4.319399785637728,2.955696239702806,nan,nan,nan,4.3961456102783725,2.9133500081552515,4.242489270386266,2.9955613488875925,0.9650474862495794,0.3972,0.00794,0.0,0.0,0.0,0.0,0.0,0.0,0.0,0.0,0.0,0.0,0.0,19.524793388429725,10.47520661157025,0.0,0.0,0.0,0.0,0.0,0.0,0.0,0.0,0.0,0.0,0.0,0.0,0.0,0.0,0.0,0.0,0.0,nan,nan,4.319399785637728,2.955696239702806,nan,0.3972,0.0358,0.0,0.0,0.0,0.0,0.0,0.0,0.0,0.0,0.0,0.0,0.0,0.0,0.0,0.0,0.0,0.0,0.0,0.0,0.0,0.0,0.0,0.0,0.0,0.0,6.887052341597796e-05,0.0,0.0,0.0,0.0022727272727272726,0.002066115702479339,0.003409090909090909,0.011673553719008264,0.0062327823691460055,0.015151515151515152,0.030888429752066116,0.048209366391184574,0.08715564738292012,0.08174931129476584,0.0756542699724518,0.12582644628099174,0.09807162534435261,0.10606060606060606,0.07834022038567492,0.10588842975206611,0.041391184573002754,0.024035812672176308,0.03040633608815427,0.012465564738292011,0.004545454545454545,0.006990358126721763,0.00020661157024793388,0.0012396694214876034,0.0,0.0,0.0,0.0,0.0,0.0,0.0,0.0,0.0,0.0,0.0,0.0,0.0,0.0,0.0,0.0,0.0,0.0,0.0,0.0,0.0,0.0,0.0,0.0,0.0,0.0,0.0,0.0,0.0,0.0,0.0,0.0,0.0,0.0,0.0,0.0,0.0,0.0,0.0,0.0,0.0,0.0,0.0,0.0,0.0,0.0,0.0,0.0,0.0,nan,nan,4.319399785637728,2.955696239702806,nan,0.9225963257680273,0.03745287725244026,0.0,0.0,0.0,0.0,0.0,0.0,0.0,0.0,0.0,0.0,0.0,0.0,0.0,0.0,0.0,0.0,0.0,0.0,0.0,0.0,0.0,0.0,0.0,0.11464968152866206,0.45859872611464975,1.4904458598726118,5.426751592356689,10.815286624203823,8.484076433121022,3.2101910828025484,0.9221124632962641,0.03668148450521072,0.0,0.0,0.0,0.0,0.0,0.0,0.0,0.0,0.0,0.0,0.0,0.0,0.0,0.0,0.0,0.0,0.0,0.0,0.0,0.0,0.0,0.0,0.0,0.08995502248875535,0.5847076461769117,1.1244377811094455,5.262368815592205,11.874062968515744,7.781109445277362,3.283358320839581,0.3967,0.00805,0.0,0.0,0.0,0.0,0.0,0.0,0.0,0.0,0.0,0.0,0.0,19.91082802547768,10.089171974522296,0.0,0.0,0.0,0.0,0.0,0.0,0.0,0.0,0.0,0.0,0.0,0.0,0.0,0.0,0.0,0.0,0.0,0.3975,0.0078,0.0,0.0,0.0,0.0,0.0,0.0,0.0,0.0,0.0,0.0,0.0,19.070464767616166,10.929535232383811,0.0,0.0,0.0,0.0,0.0,0.0,0.0,0.0,0.0,0.0,0.0,0.0,0.0,0.0,0.0,0.0,0.0
1100,1598,798,0.49937421777221525,386,316,0.43929912390488113,445,0.5569461827284106,0.458,2.995,3.2965853545752464,7.018518518518518,2.2339198296296625,8359.065832290362,506.6996031489623,7853.0,8866.4,8866.399999999998,1.8189894035458565e-12,7853.0,0.0,26.626408010012515,20.311897867566785,32.07262996941896,18.436271343043614,0.15331664580725907,0.10638297872340426,0.09386733416770963,0.09073842302878599,0.0769712140175219,0.0688360450563204,0.06633291614518148,0.07384230287859825,0.04943679599499374,0.0607008760951189,0.045682102628285357,0.038172715894868585,0.028160200250312892,0.02002503128911139,0.013141426783479349,0.011889862327909888,0.0025031289111389237,0.9207863761799804,0.03644302889536372,0.0,0.0,0.0,0.0,0.0,0.0,0.0,0.0,0.0,0.0,0.0,0.0,0.0,0.0,0.0,0.0,0.0,0.0,0.0,0.0,0.0,0.0,0.018773466833541932,0.0563204005006256,0.31914893617021284,1.7083854818523156,5.688360450563205,11.526908635794745,7.58448060075094,3.0976220275344186,4.5575575575575575,3.137560314187698,nan,nan,nan,4.514522821576763,3.0974485351499244,4.597678916827853,3.1739745643598773,1.0184196865399933,0.3972,0.007713,0.0,0.0,0.0,0.0,0.0,0.0,0.0,0.0,0.0,0.0,0.0,19.599499374217746,10.40050062578223,0.0,0.0,0.0,0.0,0.0,0.0,0.0,0.0,0.0,0.0,0.0,0.0,0.0,0.0,0.0,0.0,0.0,nan,nan,4.5575575575575575,3.137560314187698,nan,0.397,0.03632,0.0,0.0,0.0,0.0,0.0,0.0,0.0,0.0,0.0,0.0,0.0,0.0,0.0,0.0,0.0,0.0,0.0,0.0,0.0,0.0,0.0,0.0,0.0,0.0,9.386733416770963e-05,0.0,0.0,0.0,0.001783479349186483,0.0020963704630788484,0.003785982478097622,0.012703379224030038,0.006132665832290363,0.013798498122653317,0.03760951188986233,0.049342928660826034,0.08942428035043805,0.07722152690863579,0.06921151439299124,0.1269712140175219,0.09114518147684605,0.11235919899874844,0.07506257822277847,0.10463078848560702,0.04042553191489362,0.028316645807259073,0.030444305381727158,0.014205256570713391,0.005100125156445557,0.00707133917396746,0.00018773466833541926,0.0008760951188986233,0.0,0.0,0.0,0.0,0.0,0.0,0.0,0.0,0.0,0.0,0.0,0.0,0.0,0.0,0.0,0.0,0.0,0.0,0.0,0.0,0.0,0.0,0.0,0.0,0.0,0.0,0.0,0.0,0.0,0.0,0.0,0.0,0.0,0.0,0.0,0.0,0.0,0.0,0.0,0.0,0.0,0.0,0.0,0.0,0.0,0.0,0.0,0.0,0.0,nan,nan,4.5575575575575575,3.137560314187698,nan,0.9213580870837496,0.035924359675638964,0.0,0.0,0.0,0.0,0.0,0.0,0.0,0.0,0.0,0.0,0.0,0.0,0.0,0.0,0.0,0.0,0.0,0.0,0.0,0.0,0.0,0.0,0.03759398496240603,0.0375939849624059,0.22556390977443613,1.5413533834586468,5.676691729323309,11.691729323308273,7.481203007518798,3.30827067669173,0.9202160945534706,0.036944336478436264,0.0,0.0,0.0,0.0,0.0,0.0,0.0,0.0,0.0,0.0,0.0,0.0,0.0,0.0,0.0,0.0,0.0,0.0,0.0,0.0,0.0,0.0,0.0,0.07499999999999978,0.4125000000000001,1.8750000000000002,5.700000000000001,11.362500000000002,7.687500000000003,2.8875000000000006,0.3972,0.00769,0.0,0.0,0.0,0.0,0.0,0.0,0.0,0.0,0.0,0.0,0.0,19.210526315789448,10.78947368421053,0.0,0.0,0.0,0.0,0.0,0.0,0.0,0.0,0.0,0.0,0.0,0.0,0.0,0.0,0.0,0.0,0.0,0.397,0.007736,0.0,0.0,0.0,0.0,0.0,0.0,0.0,0.0,0.0,0.0,0.0,19.98749999999997,10.012500000000003,0.0,0.0,0.0,0.0,0.0,0.0,0.0,0.0,0.0,0.0,0.0,0.0,0.0,0.0,0.0,0.0,0.0
1200,1823,980,0.5375754251234229,500,364,0.473944048272079,489,0.5364783324190894,0.422,2.9715302491103204,3.0611243807579136,6.402597402597403,2.255880666725099,8397.778935820075,505.2671418634011,7853.0,8866.4,8866.399999999998,1.8189894035458565e-12,7853.0,0.0,28.520021941854086,20.50368254521715,33.046885035324344,18.74093362292061,0.12616566099835436,0.1047723532638508,0.08337904552934723,0.08063631376851343,0.07515085024684585,0.0784421283598464,0.08063631376851343,0.07734503565551289,0.06472846955567746,0.04607789358200768,0.052660449808008776,0.039495337356006584,0.029072956664838178,0.026878771256171146,0.018102029621503018,0.010422380691168404,0.006034009873834339,0.9206795933412708,0.03652227770916464,0.0,0.0,0.0,0.0,0.0,0.0,0.0,0.0,0.0,0.0,0.0,0.0,0.0,0.0,0.0,0.0,0.0,0.0,0.0,0.0,0.0,0.016456390565002747,0.016456390565002747,0.08228195282501347,0.41140976412506863,1.5139879319802525,5.3976961053209,11.733406472846957,7.915523861766321,2.9127811300054858,4.256857855361596,2.9909298913337756,5.0,0.0,1.1745752782659638,4.379934210526316,2.9799867530415844,4.137815126050421,2.9943080904628934,0.9447208398943506,0.3975,0.00766,0.0,0.0,0.0,0.0,0.0,0.0,0.0,0.0,0.0,0.0,0.0,19.50082281952822,10.499177180471753,0.0,0.0,0.0,0.0,0.0,0.0,0.0,0.0,0.0,0.0,0.0,0.0,0.0,0.0,0.0,0.0,0.0,nan,nan,4.2574750830564785,2.989764199783886,nan,0.3975,0.0362,0.0,0.0,0.0,0.0,0.0,0.0,0.0,0.0,0.0,0.0,0.0,0.0,0.0,0.0,0.0,0.0,0.0,0.0,0.0,0.0,0.0,0.0,0.0,0.0,0.0,0.0,0.0,0.0,0.0019199122325836533,0.0029895776193088314,0.0045255074053757545,0.013850795392210642,0.004772353263850795,0.01245200219418541,0.03850795392210642,0.043143170597915524,0.08735600658255623,0.07449259462424575,0.0709818979703785,0.13269336258913877,0.09509051014810752,0.10850246845858474,0.06862314865606144,0.10907844212835985,0.04550191991223258,0.027207899067471203,0.03455842018650576,0.01245200219418541,0.003784969829950631,0.006472846955567746,0.0004662643993417444,0.000575973669775096,0.0,0.0,0.0,0.0,0.0,0.0,0.0,0.0,0.0,0.0,0.0,0.0,0.0,0.0,0.0,0.0,0.0,0.0,0.0,0.0,0.0,0.0,0.0,0.0,0.0,0.0,0.0,0.0,0.0,0.0,0.0,0.0,0.0,0.0,0.0,0.0,0.0,0.0,0.0,0.0,0.0,0.0,0.0,0.0,0.0,0.0,0.0,0.0,0.0,nan,nan,4.2574750830564785,2.989764199783886,nan,0.9220521625207395,0.03676258265967959,0.0,0.0,0.0,0.0,0.0,0.0,0.0,0.0,0.0,0.0,0.0,0.0,0.0,0.0,0.0,0.0,0.0,0.0,0.0,0.0,0.0,0.03061224489795919,0.03061224489795919,0.03061224489795909,0.33673469387755106,1.4081632653061227,5.510204081632654,11.142857142857144,8.265306122448981,3.244897959183674,0.9190839613176891,0.03617551513318545,0.0,0.0,0.0,0.0,0.0,0.0,0.0,0.0,0.0,0.0,0.0,0.0,0.0,0.0,0.0,0.0,0.0,0.0,0.0,0.0,0.0,0.0,0.0,0.14234875444839815,0.49822064056939513,1.637010676156584,5.266903914590748,12.419928825622778,7.508896797153027,2.5266903914590753,0.3972,0.007626,0.0,0.0,0.0,0.0,0.0,0.0,0.0,0.0,0.0,0.0,0.0,20.112244897959155,9.887755102040819,0.0,0.0,0.0,0.0,0.0,0.0,0.0,0.0,0.0,0.0,0.0,0.0,0.0,0.0,0.0,0.0,0.0,0.3977,0.00768,0.0,0.0,0.0,0.0,0.0,0.0,0.0,0.0,0.0,0.0,0.0,18.790035587188584,11.20996441281139,0.0,0.0,0.0,0.0,0.0,0.0,0.0,0.0,0.0,0.0,0.0,0.0,0.0,0.0,0.0,0.0,0.0
1300,1872,922,0.49252136752136755,440,394,0.44551282051282054,535,0.5715811965811965,0.43,2.8905263157894736,3.219776837124962,6.963855421686747,2.3427875295928966,8352.121153846154,506.6433174245725,7853.0,8866.4,8866.399999999996,3.637978807091713e-12,7853.0,0.0,27.170405982905983,20.64044863661272,32.34149484536083,18.888253313352056,0.14636752136752137,0.10576923076923077,0.09455128205128205,0.08386752136752136,0.08066239316239317,0.0827991452991453,0.07051282051282051,0.053418803418803416,0.05555555555555555,0.05822649572649573,0.04006410256410257,0.042200854700854704,0.030982905982905984,0.025106837606837608,0.013354700854700854,0.010683760683760684,0.005876068376068376,0.9185278579337984,0.03665124157318211,0.0,0.0,0.0,0.0,0.0,0.0,0.0,0.0,0.0,0.0,0.0,0.0,0.0,0.0,0.0,0.0,0.0,0.0,0.0,0.0,0.0,0.01602564102564103,0.01602564102564103,0.0641025641025639,0.46474358974358987,1.5384615384615388,6.538461538461539,11.410256410256412,7.067307692307694,2.884615384615385,4.373737373737374,3.0198641748812394,9.0,1.0,2.0577367205542725,4.375816993464053,3.007496649578776,4.387543252595155,3.040439753586319,1.0026797873742475,0.397,0.00795,0.0,0.0,0.0,0.0,0.0,0.0,0.0,0.0,0.0,0.0,0.0,19.278846153846125,10.721153846153848,0.0,0.0,0.0,0.0,0.0,0.0,0.0,0.0,0.0,0.0,0.0,0.0,0.0,0.0,0.0,0.0,0.0,nan,nan,4.381512605042017,3.023548096223582,nan,0.397,0.03598,0.0,0.0,0.0,0.0,0.0,0.0,0.0,0.0,0.0,0.0,0.0,0.0,0.0,0.0,0.0,0.0,0.0,0.0,0.0,0.0,0.0,0.0,0.0,0.0,0.0,0.0,0.0,0.00010683760683760684,0.001842948717948718,0.0025908119658119657,0.005635683760683761,0.013087606837606838,0.0037126068376068374,0.011030982905982907,0.0421207264957265,0.042067307692307696,0.09113247863247863,0.0749732905982906,0.07158119658119658,0.13688568376068377,0.09660790598290599,0.10365918803418804,0.06821581196581196,0.10512820512820513,0.044764957264957266,0.029941239316239317,0.03159722222222222,0.012793803418803418,0.003125,0.006650641025641025,0.00034722222222222224,0.00040064102564102563,0.0,0.0,0.0,0.0,0.0,0.0,0.0,0.0,0.0,0.0,0.0,0.0,0.0,0.0,0.0,0.0,0.0,0.0,0.0,0.0,0.0,0.0,0.0,0.0,0.0,0.0,0.0,0.0,0.0,0.0,0.0,0.0,0.0,0.0,0.0,0.0,0.0,0.0,0.0,0.0,0.0,0.0,0.0,0.0,0.0,0.0,0.0,0.0,0.0,nan,nan,4.381512605042017,3.023548096223582,nan,0.9181274623001993,0.037528763684911225,0.0,0.0,0.0,0.0,0.0,0.0,0.0,0.0,0.0,0.0,0.0,0.0,0.0,0.0,0.0,0.0,0.0,0.0,0.0,0.0,0.0,0.03253796095444686,0.0,0.09761388286334026,0.4880694143167029,1.626898047722343,6.475054229934925,11.062906724511933,7.288503253796097,2.9284164859002173,0.9189164524329336,0.035774724237943756,0.0,0.0,0.0,0.0,0.0,0.0,0.0,0.0,0.0,0.0,0.0,0.0,0.0,0.0,0.0,0.0,0.0,0.0,0.0,0.0,0.0,0.0,0.03157894736842106,0.031578947368420957,0.44210526315789483,1.4526315789473687,6.600000000000002,11.747368421052634,6.852631578947371,2.842105263157895,0.397,0.00818,0.0,0.0,0.0,0.0,0.0,0.0,0.0,0.0,0.0,0.0,0.0,19.262472885032512,10.737527114967463,0.0,0.0,0.0,0.0,0.0,0.0,0.0,0.0,0.0,0.0,0.0,0.0,0.0,0.0,0.0,0.0,0.0,0.397,0.007725,0.0,0.0,0.0,0.0,0.0,0.0,0.0,0.0,0.0,0.0,0.0,19.294736842105237,10.70526315789474,0.0,0.0,0.0,0.0,0.0,0.0,0.0,0.0,0.0,0.0,0.0,0.0,0.0,0.0,0.0,0.0,0.0
1400,1987,1019,0.5128334172118773,486,400,0.4458983392048314,551,0.5546049320583795,0.426,3.040289256198347,3.151057266982294,6.702898550724638,2.117591673801732,8372.705385002515,506.5330689707594,7853.0,8866.4,8866.399999999998,1.8189894035458565e-12,7853.0,0.0,27.987418218419727,20.95883142552162,33.18840579710145,19.080100944384153,0.1459486663311525,0.09562154001006543,0.08354302969300453,0.09310518369401108,0.08354302969300453,0.07196779063915451,0.06643180674383492,0.0634121791645697,0.06391545042778057,0.050830397584297936,0.043784599899345744,0.04076497232008052,0.03724207347760443,0.026673376950176145,0.01509813789632612,0.012581781580271767,0.0055359838953195776,0.914815432892172,0.03554089626678169,0.0,0.0,0.0,0.0,0.0,0.0,0.0,0.0,0.0,0.0,0.0,0.0,0.0,0.0,0.0,0.0,0.0,0.0,0.0,0.0,0.0,0.0,0.0,0.10568696527428251,0.4529441368897837,2.083543029693005,6.7941620533467555,11.972823351786614,6.522395571212885,2.0684448917966787,4.33593141075604,2.9126291998431175,nan,nan,nan,4.416536661466458,2.8867832427228772,4.260530421216849,2.935471221851163,0.9646767926527731,0.3967,0.00803,0.0,0.0,0.0,0.0,0.0,0.0,0.0,0.0,0.0,0.0,0.0,19.567186713638623,10.43281328636135,0.0,0.0,0.0,0.0,0.0,0.0,0.0,0.0,0.0,0.0,0.0,0.0,0.0,0.0,0.0,0.0,0.0,nan,nan,4.33593141075604,2.9126291998431175,nan,0.3967,0.03598,0.0,0.0,0.0,0.0,0.0,0.0,0.0,0.0,0.0,0.0,0.0,0.0,0.0,0.0,0.0,0.0,0.0,0.0,0.0,0.0,0.0,0.0,0.0,0.0,0.0,0.0,0.0,0.00047810770005032714,0.0016607951685958732,0.0020885757423251133,0.006190236537493709,0.013588324106693507,0.00377453447408153,0.012380473074987419,0.042350276799194765,0.04001006542526422,0.09262707599396075,0.07491192752893809,0.07128837443381983,0.13701560140915953,0.10047810770005032,0.09921992954202315,0.06854554604932059,0.10480624056366382,0.04484146955208858,0.0319073980875692,0.02848515349773528,0.013865123301459486,0.0029944640161046806,0.0060140915953699045,0.00017614494212380474,0.0003019627579265224,0.0,0.0,0.0,0.0,0.0,0.0,0.0,0.0,0.0,0.0,0.0,0.0,0.0,0.0,0.0,0.0,0.0,0.0,0.0,0.0,0.0,0.0,0.0,0.0,0.0,0.0,0.0,0.0,0.0,0.0,0.0,0.0,0.0,0.0,0.0,0.0,0.0,0.0,0.0,0.0,0.0,0.0,0.0,0.0,0.0,0.0,0.0,0.0,0.0,nan,nan,4.33593141075604,2.9126291998431175,nan,0.9152358374955961,0.03611751900314404,0.0,0.0,0.0,0.0,0.0,0.0,0.0,0.0,0.0,0.0,0.0,0.0,0.0,0.0,0.0,0.0,0.0,0.0,0.0,0.0,0.0,0.0,0.0,0.117762512266928,0.38272816486751726,2.208047105004907,6.476938174681061,12.158979391560356,6.418056918547597,2.237487733071639,0.9143728788726586,0.034918140750071616,0.0,0.0,0.0,0.0,0.0,0.0,0.0,0.0,0.0,0.0,0.0,0.0,0.0,0.0,0.0,0.0,0.0,0.0,0.0,0.0,0.0,0.0,0.0,0.09297520661156995,0.5268595041322315,1.9524793388429758,7.1280991735537205,11.776859504132233,6.63223140495868,1.8904958677685955,0.3965,0.00804,0.0,0.0,0.0,0.0,0.0,0.0,0.0,0.0,0.0,0.0,0.0,19.8429833169774,10.157016683022572,0.0,0.0,0.0,0.0,0.0,0.0,0.0,0.0,0.0,0.0,0.0,0.0,0.0,0.0,0.0,0.0,0.0,0.3967,0.00801,0.0,0.0,0.0,0.0,0.0,0.0,0.0,0.0,0.0,0.0,0.0,19.276859504132204,10.72314049586777,0.0,0.0,0.0,0.0,0.0,0.0,0.0,0.0,0.0,0.0,0.0,0.0,0.0,0.0,0.0,0.0,0.0
1500,2081,1085,0.5213839500240269,513,402,0.43969245555021624,564,0.5420470927438732,0.422,3.0180722891566263,3.158095783014498,6.72887323943662,2.218776499097159,8381.370494954348,506.23638712407205,7853.0,8866.4,8866.4,0.0,7853.0,0.0,28.06150888995675,20.93643989677372,32.812961910176234,19.289857837437356,0.13503123498318118,0.10139356078808265,0.09274387313791446,0.09370494954348871,0.08553580009610764,0.06967803940413263,0.06054781355117732,0.06583373378183566,0.05766458433445459,0.05478135511773186,0.044209514656415184,0.04084574723690534,0.03652090341182124,0.025468524747717443,0.016818837097549257,0.012013455069678039,0.007208073041806823,0.9114808007709571,0.03782011171180534,0.0,0.0,0.0,0.0,0.0,0.0,0.0,0.0,0.0,0.0,0.0,0.0,0.0,0.0,0.0,0.0,0.0,0.0,0.0,0.0,0.0,0.0,0.0576645843344546,0.14416146083613604,0.6775588659298415,2.3642479577126387,7.496395963479098,11.518500720807307,5.651129264776551,2.0903411821239795,4.343396226415094,2.957147365471974,4.5,3.5,1.0360556038227628,4.362121212121212,2.9036166137858275,4.33033033033033,3.0103244084375733,0.992712059054539,0.3967,0.0082,0.0,0.0,0.0,0.0,0.0,0.0,0.0,0.0,0.0,0.0,0.0,19.447381066794783,10.552618933205192,0.0,0.0,0.0,0.0,0.0,0.0,0.0,0.0,0.0,0.0,0.0,0.0,0.0,0.0,0.0,0.0,0.0,nan,nan,4.3436322532027125,2.958046730800117,nan,0.3967,0.03586,0.0,0.0,0.0,0.0,0.0,0.0,0.0,0.0,0.0,0.0,0.0,0.0,0.0,0.0,0.0,0.0,0.0,0.0,0.0,0.0,0.0,0.0,0.0,0.0,0.0,0.0,0.0,0.0003363767419509851,0.001489668428640077,0.002378664103796252,0.006054781355117732,0.01367131186929361,0.004493032196059587,0.012349831811629025,0.04368092263334935,0.03656895723209995,0.09231138875540605,0.07381066794810187,0.06871696299855838,0.13882748678519943,0.10586256607400288,0.09550696780394041,0.0683805862566074,0.1089139836617011,0.04557904853435848,0.03342143200384431,0.02431523306102835,0.013695338779432966,0.0028351753964440175,0.0064872657376261415,0.00014416146083613647,0.00016818837097549256,0.0,0.0,0.0,0.0,0.0,0.0,0.0,0.0,0.0,0.0,0.0,0.0,0.0,0.0,0.0,0.0,0.0,0.0,0.0,0.0,0.0,0.0,0.0,0.0,0.0,0.0,0.0,0.0,0.0,0.0,0.0,0.0,0.0,0.0,0.0,0.0,0.0,0.0,0.0,0.0,0.0,0.0,0.0,0.0,0.0,0.0,0.0,0.0,0.0,nan,nan,4.3436322532027125,2.958046730800117,nan,0.9125679915951145,0.03649246881276607,0.0,0.0,0.0,0.0,0.0,0.0,0.0,0.0,0.0,0.0,0.0,0.0,0.0,0.0,0.0,0.0,0.0,0.0,0.0,0.0,0.0,0.0,0.02764976958525346,0.13824884792626685,0.5529953917050693,1.9907834101382493,7.880184331797237,11.474654377880187,6.000000000000002,1.9354838709677424,0.9102964613691391,0.039180954709180704,0.0,0.0,0.0,0.0,0.0,0.0,0.0,0.0,0.0,0.0,0.0,0.0,0.0,0.0,0.0,0.0,0.0,0.0,0.0,0.0,0.0,0.0,0.09036144578313254,0.15060240963855376,0.813253012048193,2.771084337349398,7.07831325301205,11.566265060240966,5.271084337349398,2.259036144578314,0.3967,0.00804,0.0,0.0,0.0,0.0,0.0,0.0,0.0,0.0,0.0,0.0,0.0,19.63133640552993,10.368663594470048,0.0,0.0,0.0,0.0,0.0,0.0,0.0,0.0,0.0,0.0,0.0,0.0,0.0,0.0,0.0,0.0,0.0,0.3967,0.00838,0.0,0.0,0.0,0.0,0.0,0.0,0.0,0.0,0.0,0.0,0.0,19.2469879518072,10.753012048192772,0.0,0.0,0.0,0.0,0.0,0.0,0.0,0.0,0.0,0.0,0.0,0.0,0.0,0.0,0.0,0.0,0.0
1600,2019,1069,0.529470034670629,511,386,0.4442793462109955,540,0.5349182763744428,0.422,2.9968421052631578,3.1124521600746675,6.637404580152672,2.124514704454801,8389.564933135214,505.8191136847528,7853.0,8866.4,8866.399999999998,1.8189894035458565e-12,7853.0,0.0,28.4210004952947,20.966023004933184,33.24707259953161,19.17987295471824,0.13818722139673106,0.0946012877662209,0.09212481426448738,0.08271421495789995,0.0871718672610203,0.07429420505200594,0.06736007924715205,0.06785537394749876,0.05151064883605745,0.05200594353640416,0.04853888063397722,0.04457652303120357,0.03615651312530956,0.026250619118375434,0.021792966815255076,0.0064388311045071814,0.008420009905894007,0.9109289582381453,0.03605807240965862,0.0,0.0,0.0,0.0,0.0,0.0,0.0,0.0,0.0,0.0,0.0,0.0,0.0,0.0,0.0,0.0,0.0,0.0,0.0,0.0,0.0,0.0,0.0,0.22288261515601712,0.6537890044576524,1.7682020802377418,8.410104011887075,11.218424962852898,6.092124814264489,1.6344725111441312,4.240698557327259,2.8951165330273136,nan,nan,nan,4.267459138187221,2.9178594800315447,4.208398133748056,2.8710152993785263,0.9861601476366441,0.3965,0.00802,0.0,0.0,0.0,0.0,0.0,0.0,0.0,0.0,0.0,0.0,0.0,19.881129271916762,10.11887072808321,0.0,0.0,0.0,0.0,0.0,0.0,0.0,0.0,0.0,0.0,0.0,0.0,0.0,0.0,0.0,0.0,0.0,nan,nan,4.240698557327259,2.8951165330273136,nan,0.3965,0.0359,0.0,0.0,0.0,0.0,0.0,0.0,0.0,0.0,0.0,0.0,0.0,0.0,0.0,0.0,0.0,0.0,0.0,0.0,0.0,0.0,0.0,2.4764735017335315e-05,0.0,0.0,0.0,0.0,0.0,0.0003467062902426944,0.0014858841010401188,0.003566121842496285,0.005646359583952452,0.014462605250123824,0.00475482912332838,0.012679544328875681,0.0420752847944527,0.033729569093610696,0.09536899455175829,0.07491332342743932,0.06849925705794949,0.13340762753838534,0.10752847944526994,0.09883605745418524,0.06857355126300149,0.11126795443288756,0.041654284299158,0.03588410104011887,0.02382367508667657,0.012431896978702327,0.0032441802872709264,0.005423476968796434,0.00014858841010401187,0.00019811788013868252,0.0,0.0,0.0,2.4764735017335315e-05,0.0,0.0,0.0,0.0,0.0,0.0,0.0,0.0,0.0,0.0,0.0,0.0,0.0,0.0,0.0,0.0,0.0,0.0,0.0,0.0,0.0,0.0,0.0,0.0,0.0,0.0,0.0,0.0,0.0,0.0,0.0,0.0,0.0,0.0,0.0,0.0,0.0,0.0,0.0,0.0,0.0,0.0,0.0,0.0,0.0,nan,nan,4.240698557327259,2.8951165330273136,nan,0.9108244263200251,0.03481860938027784,0.0,0.0,0.0,0.0,0.0,0.0,0.0,0.0,0.0,0.0,0.0,0.0,0.0,0.0,0.0,0.0,0.0,0.0,0.0,0.0,0.0,0.0,0.0,0.25257249766136497,0.5332086061739945,1.6276894293732465,8.306828811973809,11.84284377923293,5.977549111318991,1.4593077642656693,0.9110465841544302,0.03740336519099009,0.0,0.0,0.0,0.0,0.0,0.0,0.0,0.0,0.0,0.0,0.0,0.0,0.0,0.0,0.0,0.0,0.0,0.0,0.0,0.0,0.0,0.0,0.0,0.1894736842105257,0.7894736842105264,1.9263157894736846,8.526315789473687,10.515789473684212,6.2210526315789485,1.8315789473684216,0.3967,0.00797,0.0,0.0,0.0,0.0,0.0,0.0,0.0,0.0,0.0,0.0,0.0,19.44808231992514,10.551917680074839,0.0,0.0,0.0,0.0,0.0,0.0,0.0,0.0,0.0,0.0,0.0,0.0,0.0,0.0,0.0,0.0,0.0,0.3962,0.00806,0.0,0.0,0.0,0.0,0.0,0.0,0.0,0.0,0.0,0.0,0.0,20.368421052631547,9.631578947368423,0.0,0.0,0.0,0.0,0.0,0.0,0.0,0.0,0.0,0.0,0.0,0.0,0.0,0.0,0.0,0.0,0.0
1700,2057,1057,0.5138551288283909,495,412,0.4409333981526495,573,0.5571220223626641,0.43,3.107,3.2214206493409083,6.849829351535837,2.1713245131779737,8373.74078755469,506.50542572103194,7853.0,8866.4,8866.4,0.0,7853.0,0.0,27.5376762275158,20.39676128041823,32.09627507163324,18.783548031969925,0.1322314049586777,0.10500729217306758,0.10014584346135148,0.0855614973262032,0.08458920758385999,0.07340787554691298,0.0743801652892562,0.05979581915410792,0.05736509479824988,0.05542051531356344,0.04326689353427322,0.04618376276130287,0.025765678172095283,0.024307243558580455,0.018959649975692758,0.009236752552260573,0.004375303840544483,0.9105639936394291,0.03605407231856477,0.0,0.0,0.0,0.0,0.0,0.0,0.0,0.0,0.0,0.0,0.0,0.0,0.0,0.0,0.0,0.0,0.0,0.0,0.0,0.0,0.0,0.014584346135148278,0.014584346135148278,0.1458434613514823,0.5542051531356346,2.056392805055907,8.079727758872146,11.92999513855129,5.3087019931939725,1.895964997569276,4.3879573170731705,2.953853638088952,nan,nan,nan,4.477134146341464,2.9362268938637324,4.298780487804878,2.9686982407272926,0.9601634320735444,0.3965,0.00802,0.0,0.0,0.0,0.0,0.0,0.0,0.0,0.0,0.0,0.0,0.0,19.951385512882812,10.048614487117163,0.0,0.0,0.0,0.0,0.0,0.0,0.0,0.0,0.0,0.0,0.0,0.0,0.0,0.0,0.0,0.0,0.0,nan,nan,4.3879573170731705,2.953853638088952,nan,0.3965,0.03552,0.0,0.0,0.0,0.0,0.0,0.0,0.0,0.0,0.0,0.0,0.0,0.0,0.0,0.0,0.0,0.0,0.0,0.0,0.0,0.0,0.0,0.0,0.0,0.0,4.861448711716091e-05,0.0,0.0,0.00043753038405444823,0.001166747690811862,0.0040593096742829364,0.004423918327661643,0.013952357802625182,0.005979581915410793,0.01110841030627127,0.04297520661157025,0.031623723869713176,0.09693728731161887,0.07508507535245504,0.07126883811375789,0.13782207097715118,0.09927078269324259,0.10313563441905688,0.0681575109382596,0.11052503646086534,0.04516285853184249,0.03354399611084103,0.02484200291686923,0.011375789985415654,0.0017987360233349538,0.004885755955274672,0.00041322314049586776,0.0,0.0,0.0,0.0,0.0,0.0,0.0,0.0,0.0,0.0,0.0,0.0,0.0,0.0,0.0,0.0,0.0,0.0,0.0,0.0,0.0,0.0,0.0,0.0,0.0,0.0,0.0,0.0,0.0,0.0,0.0,0.0,0.0,0.0,0.0,0.0,0.0,0.0,0.0,0.0,0.0,0.0,0.0,0.0,0.0,0.0,0.0,0.0,0.0,0.0,nan,nan,4.3879573170731705,2.953853638088952,nan,0.9095395871120009,0.03605285139875593,0.0,0.0,0.0,0.0,0.0,0.0,0.0,0.0,0.0,0.0,0.0,0.0,0.0,0.0,0.0,0.0,0.0,0.0,0.0,0.0,0.0,0.028382213812677394,0.0,0.1986754966887411,0.4824976348155157,2.3841059602649013,8.344370860927153,11.636707663197733,5.137180700094608,1.788079470198676,0.9116467913389206,0.03602370760666549,0.0,0.0,0.0,0.0,0.0,0.0,0.0,0.0,0.0,0.0,0.0,0.0,0.0,0.0,0.0,0.0,0.0,0.0,0.0,0.0,0.0,0.0,0.030000000000000006,0.08999999999999972,0.6300000000000001,1.7100000000000004,7.800000000000002,12.240000000000002,5.490000000000001,2.0100000000000007,0.3965,0.007965,0.0,0.0,0.0,0.0,0.0,0.0,0.0,0.0,0.0,0.0,0.0,19.981078524124854,10.01892147587512,0.0,0.0,0.0,0.0,0.0,0.0,0.0,0.0,0.0,0.0,0.0,0.0,0.0,0.0,0.0,0.0,0.0,0.3962,0.008064,0.0,0.0,0.0,0.0,0.0,0.0,0.0,0.0,0.0,0.0,0.0,19.91999999999997,10.080000000000002,0.0,0.0,0.0,0.0,0.0,0.0,0.0,0.0,0.0,0.0,0.0,0.0,0.0,0.0,0.0,0.0,0.0
1800,2247,1149,0.5113484646194927,522,467,0.4401424121050289,628,0.5589675122385402,0.418,2.938069216757741,3.139412296749112,6.8,2.101231166195929,8371.200534045394,506.5694697834351,7853.0,8866.4,8866.4,0.0,7853.0,0.0,27.472630173564752,20.839694445930967,32.4765708200213,19.144655172672977,0.14196706720071206,0.105028927458834,0.09657320872274143,0.08322207387627949,0.08544726301735647,0.07298620382732532,0.07209612817089453,0.06230529595015576,0.0516243880729862,0.05028927458834001,0.04895416110369381,0.040498442367601244,0.03204272363150868,0.020026702269692925,0.016911437472185136,0.011570983533600357,0.008455718736092568,0.9096407776256641,0.03679741329380062,0.0,0.0,0.0,0.0,0.0,0.0,0.0,0.0,0.0,0.0,0.0,0.0,0.0,0.0,0.0,0.0,0.0,0.0,0.0,0.0,0.0,0.013351134846461953,0.040053404539385856,0.21361815754339053,0.54739652870494,2.136181575433912,8.19759679572764,11.97596795727637,5.073431241655541,1.8024032042723634,4.368495077355837,2.954758323565398,7.0,0.0,1.6023824855119124,4.475177304964539,2.913362611511242,4.2635983263598325,2.9911958016843254,0.9527216545431637,0.3965,0.00797,0.0,0.0,0.0,0.0,0.0,0.0,0.0,0.0,0.0,0.0,0.0,20.293724966622133,9.706275033377839,0.0,0.0,0.0,0.0,0.0,0.0,0.0,0.0,0.0,0.0,0.0,0.0,0.0,0.0,0.0,0.0,0.0,nan,nan,4.370344342937456,2.954542999653907,nan,0.3965,0.03525,0.0,0.0,0.0,0.0,0.0,0.0,0.0,0.0,0.0,0.0,0.0,0.0,0.0,0.0,0.0,0.0,0.0,0.0,0.0,0.0,0.0,0.0,0.0,0.0,0.0,0.0,0.0,0.0002892745883400089,0.0008233199821984869,0.004428126390743213,0.0035603026257231864,0.012483311081441923,0.00522919448153093,0.011459724076546506,0.04336893635959056,0.03351134846461949,0.09737427681352916,0.07681352914997774,0.0728526924788607,0.1391410769915443,0.09557187360925679,0.10238095238095238,0.06682242990654205,0.11388518024032043,0.0463729417000445,0.03186470850022252,0.024610591900311528,0.01025812194036493,0.0013351134846461949,0.005028927458834001,0.0005117935024477081,2.2251891410769917e-05,0.0,0.0,0.0,0.0,0.0,0.0,0.0,0.0,0.0,0.0,0.0,0.0,0.0,0.0,0.0,0.0,0.0,0.0,0.0,0.0,0.0,0.0,0.0,0.0,0.0,0.0,0.0,0.0,0.0,0.0,0.0,0.0,0.0,0.0,0.0,0.0,0.0,0.0,0.0,0.0,0.0,0.0,0.0,0.0,0.0,0.0,0.0,0.0,0.0,nan,nan,4.370344342937456,2.954542999653907,nan,0.9102217723121843,0.03623479197828705,0.0,0.0,0.0,0.0,0.0,0.0,0.0,0.0,0.0,0.0,0.0,0.0,0.0,0.0,0.0,0.0,0.0,0.0,0.0,0.0,0.0,0.0,0.026109660574412538,0.18276762402088717,0.5221932114882507,2.271540469973891,8.3289817232376,11.566579634464755,5.274151436031333,1.8276762402088778,0.9090327968471471,0.037367429050405354,0.0,0.0,0.0,0.0,0.0,0.0,0.0,0.0,0.0,0.0,0.0,0.0,0.0,0.0,0.0,0.0,0.0,0.0,0.0,0.0,0.0,0.027322404371584706,0.05464480874316941,0.2459016393442615,0.5737704918032788,1.9945355191256835,8.060109289617488,12.404371584699456,4.863387978142077,1.7759562841530059,0.3965,0.00801,0.0,0.0,0.0,0.0,0.0,0.0,0.0,0.0,0.0,0.0,0.0,20.261096605744097,9.738903394255876,0.0,0.0,0.0,0.0,0.0,0.0,0.0,0.0,0.0,0.0,0.0,0.0,0.0,0.0,0.0,0.0,0.0,0.3962,0.00794,0.0,0.0,0.0,0.0,0.0,0.0,0.0,0.0,0.0,0.0,0.0,20.327868852458987,9.672131147540986,0.0,0.0,0.0,0.0,0.0,0.0,0.0,0.0,0.0,0.0,0.0,0.0,0.0,0.0,0.0,0.0,0.0
1900,2392,1175,0.49122073578595316,551,527,0.4506688963210702,674,0.5635451505016722,0.38599999999999995,2.8833196384552178,3.027867199373584,6.396449704142012,2.04886730118974,8350.803093645485,506.6218856872636,7853.0,8866.4,8866.4,0.0,7853.0,0.0,27.979096989966557,20.75374160215263,32.63116370808679,19.11060032030368,0.13085284280936454,0.1020066889632107,0.09908026755852843,0.08361204013377926,0.08193979933110368,0.07190635451505016,0.0798494983277592,0.06438127090301003,0.05852842809364549,0.047658862876254184,0.048494983277591976,0.039297658862876256,0.029264214046822744,0.024665551839464884,0.019648829431438128,0.012959866220735786,0.005852842809364548,0.9096745957797985,0.03636906550286776,0.0,0.0,0.0,0.0,0.0,0.0,0.0,0.0,0.0,0.0,0.0,0.0,0.0,0.0,0.0,0.0,0.0,0.0,0.0,0.0,0.0,0.025083612040133787,0.08779264214046825,0.10033444816053481,0.5267558528428095,2.244983277591974,8.340301003344484,11.576086956521742,5.468227424749165,1.630434782608696,4.291801162040026,2.8669783395963413,2.0,1.0,0.46600481347773764,4.22093023255814,2.9022002101391946,4.356499356499357,2.8289389068699724,1.0321183048455775,0.3962,0.00787,0.0,0.0,0.0,0.0,0.0,0.0,0.0,0.0,0.0,0.0,0.0,20.68143812709027,9.3185618729097,0.0,0.0,0.0,0.0,0.0,0.0,0.0,0.0,0.0,0.0,0.0,0.0,0.0,0.0,0.0,0.0,0.0,nan,nan,4.288845905867182,2.8665343822099336,nan,0.3962,0.03555,0.0,0.0,0.0,0.0,0.0,0.0,0.0,0.0,0.0,0.0,0.0,0.0,0.0,0.0,0.0,0.0,0.0,0.0,0.0,0.0,0.0,0.0,0.0,0.0,0.0,0.0,0.00012541806020066888,0.00043896321070234116,0.0010451505016722408,0.0046822742474916385,0.0031145484949832774,0.0118938127090301,0.005999163879598662,0.010221571906354514,0.04933110367892977,0.03152173913043478,0.09759615384615385,0.0802257525083612,0.07096571906354515,0.1376463210702341,0.09232859531772575,0.0981814381270903,0.06966973244147157,0.11143394648829431,0.04991638795986622,0.031145484949832776,0.025,0.011120401337792641,0.0012959866220735787,0.0044105351170568565,0.0006061872909698997,8.361204013377926e-05,0.0,0.0,0.0,0.0,0.0,0.0,0.0,0.0,0.0,0.0,0.0,0.0,0.0,0.0,0.0,0.0,0.0,0.0,0.0,0.0,0.0,0.0,0.0,0.0,0.0,0.0,0.0,0.0,0.0,0.0,0.0,0.0,0.0,0.0,0.0,0.0,0.0,0.0,0.0,0.0,0.0,0.0,0.0,0.0,0.0,0.0,0.0,0.0,0.0,nan,nan,4.288845905867182,2.8665343822099336,nan,0.9090812814996597,0.03743321457305341,0.0,0.0,0.0,0.0,0.0,0.0,0.0,0.0,0.0,0.0,0.0,0.0,0.0,0.0,0.0,0.0,0.0,0.0,0.0,0.0,0.0,0.051063829787234054,0.12765957446808512,0.1276595744680847,0.4851063829787235,2.425531914893617,8.195744680851066,11.540425531914897,5.514893617021278,1.5319148936170217,0.9102474341357254,0.03530176575929586,0.0,0.0,0.0,0.0,0.0,0.0,0.0,0.0,0.0,0.0,0.0,0.0,0.0,0.0,0.0,0.0,0.0,0.0,0.0,0.0,0.0,0.0,0.04930156121610519,0.07395234182415752,0.5669679539852096,2.0706655710764177,8.479868529170092,11.610517666392772,5.423171733771571,1.7255546425636816,0.3965,0.007786,0.0,0.0,0.0,0.0,0.0,0.0,0.0,0.0,0.0,0.0,0.0,20.680851063829756,9.319148936170214,0.0,0.0,0.0,0.0,0.0,0.0,0.0,0.0,0.0,0.0,0.0,0.0,0.0,0.0,0.0,0.0,0.0,0.396,0.007965,0.0,0.0,0.0,0.0,0.0,0.0,0.0,0.0,0.0,0.0,0.0,20.68200493015609,9.31799506984388,0.0,0.0,0.0,0.0,0.0,0.0,0.0,0.0,0.0,0.0,0.0,0.0,0.0,0.0,0.0,0.0,0.0
2000,2273,1160,0.5103387593488782,527,464,0.4359876814782226,647,0.5692916849978003,0.40599999999999997,2.9110512129380055,3.1240012341169896,6.471153846153846,2.295299254702762,8370.177298724153,506.5916661488271,7853.0,8866.4,8866.4,0.0,7853.0,0.0,27.998680158380996,21.080252204702095,32.9685534591195,19.36388977060086,0.139463264408271,0.0985481742190937,0.09590849098108227,0.09546854377474703,0.08051033875934888,0.06599208095028597,0.06731192256929168,0.062032556093268805,0.056313242410910694,0.05191377034755829,0.04839419269687637,0.040475142982842056,0.0343158820941487,0.025516937967443906,0.020237571491421028,0.008798944126704795,0.008798944126704795,0.9110280187498144,0.036506909417488624,0.0,0.0,0.0,0.0,0.0,0.0,0.0,0.0,0.0,0.0,0.0,0.0,0.0,0.0,0.0,0.0,0.0,0.0,0.0,0.0,0.03959524857017158,0.03959524857017158,0.013198416190057197,0.0791904971403429,0.3959524857017159,2.1909370875494947,7.800263968323803,12.34051913770348,5.200175978882535,1.9005719313682363,4.18917066483893,2.877411840693406,5.8,3.7629775444453557,1.3845222513089006,4.273097826086956,2.904294827828572,4.119669876203576,2.8575989384348537,0.9640944447967671,0.3965,0.008156,0.0,0.0,0.0,0.0,0.0,0.0,0.0,0.0,0.0,0.0,0.0,20.285965684117876,9.714034315882095,0.0,0.0,0.0,0.0,0.0,0.0,0.0,0.0,0.0,0.0,0.0,0.0,0.0,0.0,0.0,0.0,0.0,nan,nan,4.194672131147541,2.882432000371268,nan,0.3965,0.036,0.0,0.0,0.0,0.0,0.0,0.0,0.0,0.0,0.0,0.0,0.0,0.0,0.0,0.0,0.0,0.0,0.0,0.0,0.0,0.0,0.0,0.0,0.0,0.0,0.0,0.0,0.00013198416190057194,0.0001539815222173339,0.0009018917729872415,0.005587329520457545,0.0028376594808622964,0.011306643202815662,0.007655081390233172,0.011218653761548614,0.04989001319841619,0.03196216454025517,0.09841619005719314,0.07782666080070391,0.06803783545974483,0.12982842058952926,0.09942806863176419,0.09458864936207655,0.07138143422789266,0.1092608886933568,0.05382754069511659,0.032468103827540694,0.024857017157941048,0.010778706555213374,0.0011878574571051474,0.005741311042674879,0.0007259128904531456,0.0,0.0,0.0,0.0,0.0,0.0,0.0,0.0,0.0,0.0,0.0,0.0,0.0,0.0,0.0,0.0,0.0,0.0,0.0,0.0,0.0,0.0,0.0,0.0,0.0,0.0,0.0,0.0,0.0,0.0,0.0,0.0,0.0,0.0,0.0,0.0,0.0,0.0,0.0,0.0,0.0,0.0,0.0,0.0,0.0,0.0,0.0,0.0,0.0,0.0,nan,nan,4.194672131147541,2.882432000371268,nan,0.9120548428132617,0.03512455243163338,0.0,0.0,0.0,0.0,0.0,0.0,0.0,0.0,0.0,0.0,0.0,0.0,0.0,0.0,0.0,0.0,0.0,0.0,0.0,0.0,0.0,0.051724137931034496,0.025862068965517248,0.0,0.2844827586206897,1.9137931034482762,8.17241379310345,12.698275862068968,4.603448275862069,2.2500000000000004,0.9099578337420886,0.03786438890866445,0.0,0.0,0.0,0.0,0.0,0.0,0.0,0.0,0.0,0.0,0.0,0.0,0.0,0.0,0.0,0.0,0.0,0.0,0.0,0.0,0.08086253369272238,0.02695417789757413,0.0,0.16172506738544423,0.5121293800539085,2.47978436657682,7.412398921832886,11.967654986522914,5.822102425876013,1.5363881401617254,0.3962,0.008224,0.0,0.0,0.0,0.0,0.0,0.0,0.0,0.0,0.0,0.0,0.0,19.758620689655146,10.24137931034483,0.0,0.0,0.0,0.0,0.0,0.0,0.0,0.0,0.0,0.0,0.0,0.0,0.0,0.0,0.0,0.0,0.0,0.3965,0.00807,0.0,0.0,0.0,0.0,0.0,0.0,0.0,0.0,0.0,0.0,0.0,20.83557951482477,9.164420485175203,0.0,0.0,0.0,0.0,0.0,0.0,0.0,0.0,0.0,0.0,0.0,0.0,0.0,0.0,0.0,0.0,0.0
2100,2342,1267,0.5409906063193851,609,465,0.45858240819812124,658,0.5619128949615713,0.40599999999999997,3.0986046511627907,3.1341402748288,6.6080246913580245,2.1894945128071366,8401.239880444064,504.99438445659234,7853.0,8866.4,8866.399999999998,1.8189894035458565e-12,7853.0,0.0,29.061058923996583,21.046269515887694,33.63373253493014,19.293550674902463,0.12724167378309137,0.09607173356105893,0.08582408198121264,0.08539709649871904,0.08497011101622545,0.07344150298889837,0.07813834329632792,0.055081127241673786,0.059777967549103334,0.055935098206660976,0.05251921434671221,0.035439795046968404,0.0448334756618275,0.030742954739538857,0.018787361229718188,0.007685738684884714,0.008112724167378309,0.909335254121295,0.03580857708839151,0.0,0.0,0.0,0.0,0.0,0.0,0.0,0.0,0.0,0.0,0.0,0.0,0.0,0.0,0.0,0.0,0.0,0.0,0.0,0.0,0.0,0.03842869342442357,0.05123825789923144,0.06404782237403908,0.5892399658411615,2.2929120409906067,8.326216908625108,11.579846285226305,5.533731853116995,1.5243381725021352,4.119718309859155,2.9285792830643254,5.0,1.0,1.2136752136752136,4.17797695262484,2.8973609793733544,4.0638569604086845,2.955352559498064,0.9726853466378127,0.3967,0.007736,0.0,0.0,0.0,0.0,0.0,0.0,0.0,0.0,0.0,0.0,0.0,19.931682322800995,10.068317677198976,0.0,0.0,0.0,0.0,0.0,0.0,0.0,0.0,0.0,0.0,0.0,0.0,0.0,0.0,0.0,0.0,0.0,nan,nan,4.120843989769821,2.927093703411429,nan,0.3967,0.0366,0.0,0.0,0.0,0.0,0.0,0.0,0.0,0.0,0.0,0.0,0.0,0.0,0.0,0.0,0.0,0.0,0.0,0.0,0.0,0.0,0.0,0.0,0.0,0.0,0.0,0.0,0.00014944491887275833,0.0002134927412467976,0.001515798462852263,0.005764304013663535,0.0040777113578138345,0.011379163108454313,0.007536293766011956,0.01061058923996584,0.04773697694278395,0.032557643040136634,0.0992527754056362,0.0759393680614859,0.06891545687446626,0.12788215200683176,0.09876174210076857,0.0888129803586678,0.07606746370623399,0.10964987190435525,0.05149444918872758,0.03157557643040137,0.030529461998292057,0.010930828351836038,0.0013023057216054654,0.006169940222032451,0.000982066609735269,8.539709649871905e-05,0.0001067463706233988,0.0,0.0,0.0,0.0,0.0,0.0,0.0,0.0,0.0,0.0,0.0,0.0,0.0,0.0,0.0,0.0,0.0,0.0,0.0,0.0,0.0,0.0,0.0,0.0,0.0,0.0,0.0,0.0,0.0,0.0,0.0,0.0,0.0,0.0,0.0,0.0,0.0,0.0,0.0,0.0,0.0,0.0,0.0,0.0,0.0,0.0,0.0,0.0,nan,nan,4.120843989769821,2.927093703411429,nan,0.9107206587068848,0.035444345333953055,0.0,0.0,0.0,0.0,0.0,0.0,0.0,0.0,0.0,0.0,0.0,0.0,0.0,0.0,0.0,0.0,0.0,0.0,0.0,0.0,0.0,0.07103393843725336,0.0,0.047355958958168756,0.47355958958168914,2.2494080505130234,8.0741910023678,11.460142067876877,6.014206787687452,1.6101026045777431,0.9077024098329766,0.03616508938956447,0.0,0.0,0.0,0.0,0.0,0.0,0.0,0.0,0.0,0.0,0.0,0.0,0.0,0.0,0.0,0.0,0.0,0.0,0.0,0.0,0.0,0.0,0.11162790697674421,0.08372093023255787,0.7255813953488374,2.3441860465116284,8.62325581395349,11.720930232558143,4.967441860465117,1.4232558139534885,0.3967,0.007755,0.0,0.0,0.0,0.0,0.0,0.0,0.0,0.0,0.0,0.0,0.0,19.747434885556405,10.25256511444357,0.0,0.0,0.0,0.0,0.0,0.0,0.0,0.0,0.0,0.0,0.0,0.0,0.0,0.0,0.0,0.0,0.0,0.3965,0.007706,0.0,0.0,0.0,0.0,0.0,0.0,0.0,0.0,0.0,0.0,0.0,20.148837209302297,9.851162790697677,0.0,0.0,0.0,0.0,0.0,0.0,0.0,0.0,0.0,0.0,0.0,0.0,0.0,0.0,0.0,0.0,0.0
2200,2323,1172,0.5045200172191132,533,491,0.44080929832113647,651,0.5604821351700388,0.43,2.9235447437011293,3.117629022012221,6.680511182108626,2.168649053288391,8364.280585449847,506.6792952518748,7853.0,8866.4,8866.4,0.0,7853.0,0.0,27.294446835987948,20.656806586628434,32.240864642305716,18.973303499271044,0.1446405510116229,0.10116229014205769,0.09728798966853207,0.08824795523030564,0.08351269909599655,0.08006887645286268,0.06069737408523461,0.06457167455876023,0.05510116229014206,0.054240206629358585,0.04175634954799828,0.03917348256564787,0.030133448127421438,0.02324580284115368,0.018941024537236333,0.01162290142057684,0.005596211795092553,0.9098589055711629,0.03572402243968912,0.0,0.0,0.0,0.0,0.0,0.0,0.0,0.0,0.0,0.0,0.0,0.0,0.0,0.0,0.0,0.0,0.0,0.0,0.0,0.0,0.0,0.0,0.025828669823504097,0.07748600947051203,0.555316401205338,2.479552303056393,8.355574687903575,11.248385708136034,5.3852776582006046,1.872578562204047,4.347203274215553,2.8954347956420388,8.0,0.0,1.8402636121136042,4.327102803738318,2.8907245000101205,4.373779637377964,2.9033302326096773,1.010787086823849,0.3962,0.00828,0.0,0.0,0.0,0.0,0.0,0.0,0.0,0.0,0.0,0.0,0.0,20.06887645286265,9.931123547137323,0.0,0.0,0.0,0.0,0.0,0.0,0.0,0.0,0.0,0.0,0.0,0.0,0.0,0.0,0.0,0.0,0.0,nan,nan,4.3496932515337425,2.8960174522643145,nan,0.3962,0.03638,0.0,0.0,0.0,0.0,0.0,0.0,0.0,0.0,0.0,0.0,0.0,0.0,0.0,0.0,0.0,0.0,0.0,0.0,0.0,0.0,0.0,0.0,0.0,0.0,0.0,0.0,0.00017219113215669393,0.00043047783039173483,0.002496771416272062,0.005337925096857512,0.0034653465346534654,0.00938441670253982,0.006586310804993543,0.010008609556607834,0.04894532931554025,0.03489022815325011,0.10348687042617305,0.07455876022384847,0.07615152819629789,0.1263237193284546,0.09832113646147224,0.08476108480413258,0.07630219543693499,0.10542402066293585,0.054218682737839,0.028971157985363753,0.02832544123977615,0.013387860525182952,0.0015281962978906586,0.005940594059405941,0.0005165733964700818,2.152389151958674e-05,2.152389151958674e-05,2.152389151958674e-05,0.0,0.0,0.0,0.0,0.0,0.0,0.0,0.0,0.0,0.0,0.0,0.0,0.0,0.0,0.0,0.0,0.0,0.0,0.0,0.0,0.0,0.0,0.0,0.0,0.0,0.0,0.0,0.0,0.0,0.0,0.0,0.0,0.0,0.0,0.0,0.0,0.0,0.0,0.0,0.0,0.0,0.0,0.0,0.0,0.0,0.0,0.0,nan,nan,4.3496932515337425,2.8960174522643145,nan,0.9102249488285377,0.03489417736193388,0.0,0.0,0.0,0.0,0.0,0.0,0.0,0.0,0.0,0.0,0.0,0.0,0.0,0.0,0.0,0.0,0.0,0.0,0.0,0.0,0.0,0.0,0.025597269624573385,0.07679180887371989,0.4607508532423209,2.3037542662116044,8.370307167235497,11.72354948805461,5.14505119453925,1.8941979522184305,0.9094861838529671,0.03654588605835002,0.0,0.0,0.0,0.0,0.0,0.0,0.0,0.0,0.0,0.0,0.0,0.0,0.0,0.0,0.0,0.0,0.0,0.0,0.0,0.0,0.0,0.0,0.02606429192006951,0.07819287576020827,0.6516072980017377,2.6585577758470897,8.340573414422243,10.764552562988708,5.629887054735015,1.8505647263249352,0.3965,0.00829,0.0,0.0,0.0,0.0,0.0,0.0,0.0,0.0,0.0,0.0,0.0,19.556313993174033,10.44368600682594,0.0,0.0,0.0,0.0,0.0,0.0,0.0,0.0,0.0,0.0,0.0,0.0,0.0,0.0,0.0,0.0,0.0,0.3962,0.00826,0.0,0.0,0.0,0.0,0.0,0.0,0.0,0.0,0.0,0.0,0.0,20.590790616854882,9.409209383145093,0.0,0.0,0.0,0.0,0.0,0.0,0.0,0.0,0.0,0.0,0.0,0.0,0.0,0.0,0.0,0.0,0.0
2300,2479,1292,0.5211778943122227,651,496,0.4626865671641791,694,0.5599031867688584,0.39799999999999996,2.962089300758214,3.094590494285867,6.581196581196581,2.133330593905758,8381.161678096005,506.2452828158532,7853.0,8866.4,8866.399999999998,1.8189894035458565e-12,7853.0,0.0,28.674062121823315,20.7025909967617,33.25472589792061,18.928775350429383,0.13029447357805568,0.09035901573215006,0.0899556272690601,0.08672851956434045,0.08511496571198064,0.07503025413473174,0.07382008874546188,0.07220653489310205,0.055667607906413875,0.05889471561113352,0.03993545784590561,0.0391286809197257,0.03872529245663574,0.030254134731746672,0.016942315449778138,0.012101653892698669,0.004840661557079467,0.9087873289738032,0.035133168932778285,0.0,0.0,0.0,0.0,0.0,0.0,0.0,0.0,0.0,0.0,0.0,0.0,0.0,0.0,0.0,0.0,0.0,0.0,0.0,0.0,0.0,0.0,0.04840661557079469,0.04840661557079452,0.5566760790641389,2.45663574021783,8.495361032674467,11.702299314239616,5.058491327148045,1.6337232755143207,4.145200486026732,2.9199836344020746,nan,nan,nan,4.15421686746988,2.919865535970659,4.133742331288343,2.9211356069549956,0.9950713848518923,0.3962,0.00793,0.0,0.0,0.0,0.0,0.0,0.0,0.0,0.0,0.0,0.0,0.012101653892698672,20.221863654699447,9.766034691407826,0.0,0.0,0.0,0.0,0.0,0.0,0.0,0.0,0.0,0.0,0.0,0.0,0.0,0.0,0.0,0.0,0.0,nan,nan,4.145200486026732,2.9199836344020746,nan,0.3962,0.0366,0.0,0.0,0.0,0.0,0.0,0.0,0.0,0.0,0.0,0.0,0.0,0.0,0.0,0.0,0.0,0.0,0.0,0.0,0.0,0.0,0.0,0.0,0.0,0.0,0.0,0.0,0.00018152480839048004,2.0169423154497783e-05,0.0025615167406212182,0.005929810407422347,0.00399354578459056,0.010286405808793869,0.005385235982250908,0.01083098023396531,0.04868898749495765,0.03553852359822509,0.10560709963695038,0.06891891891891892,0.07490923759580476,0.13057684550221862,0.10159338442920532,0.08275514320290439,0.0727914481645825,0.10564743848325937,0.052097620008067766,0.030032271077047198,0.029306171843485277,0.013432835820895522,0.0018354175070592982,0.006534893102057281,0.0005445744251714401,0.0,0.0,0.0,0.0,0.0,0.0,0.0,0.0,0.0,0.0,0.0,0.0,0.0,0.0,0.0,0.0,0.0,0.0,0.0,0.0,0.0,0.0,0.0,0.0,0.0,0.0,0.0,0.0,0.0,0.0,0.0,0.0,0.0,0.0,0.0,0.0,0.0,0.0,0.0,0.0,0.0,0.0,0.0,0.0,0.0,0.0,0.0,0.0,0.0,0.0,nan,nan,4.145200486026732,2.9199836344020746,nan,0.9084713755654108,0.035435472142836065,0.0,0.0,0.0,0.0,0.0,0.0,0.0,0.0,0.0,0.0,0.0,0.0,0.0,0.0,0.0,0.0,0.0,0.0,0.0,0.0,0.0,0.0,0.046439628482972145,0.04643962848297199,0.603715170278638,2.6470588235294126,8.126934984520124,12.027863777089786,4.8761609907120755,1.625386996904025,0.9091312310830223,0.03479787945754888,0.0,0.0,0.0,0.0,0.0,0.0,0.0,0.0,0.0,0.0,0.0,0.0,0.0,0.0,0.0,0.0,0.0,0.0,0.0,0.0,0.0,0.0,0.05054759898904803,0.050547598989047864,0.5054759898904803,2.2493681550126374,8.896377422072453,11.347935973041283,5.256950294860996,1.642796967144061,0.3962,0.00806,0.0,0.0,0.0,0.0,0.0,0.0,0.0,0.0,0.0,0.0,0.023219814241486073,20.363777089783255,9.613003095975236,0.0,0.0,0.0,0.0,0.0,0.0,0.0,0.0,0.0,0.0,0.0,0.0,0.0,0.0,0.0,0.0,0.0,0.3962,0.00778,0.0,0.0,0.0,0.0,0.0,0.0,0.0,0.0,0.0,0.0,0.0,20.067396798652037,9.932603201347938,0.0,0.0,0.0,0.0,0.0,0.0,0.0,0.0,0.0,0.0,0.0,0.0,0.0,0.0,0.0,0.0,0.0
2400,2349,1212,0.5159642401021711,564,469,0.4397616006811409,664,0.5653469561515538,0.414,2.9736147757255935,3.0875823645303475,6.393393393393393,2.1778750046621886,8375.878160919541,506.44166209866785,7853.0,8866.4,8866.399999999998,1.8189894035458565e-12,7853.0,0.0,28.437633035334184,21.098505141752348,33.656122448979595,19.193858320032895,0.14389101745423585,0.09621115368241805,0.08599404001702853,0.08514261387824607,0.08514261387824607,0.07109408258833547,0.05789697743720732,0.05661983822903363,0.06853980417198809,0.06002554278416347,0.0464027245636441,0.04427415921668795,0.034482758620689655,0.031077054065559814,0.017454235845040442,0.007237122179650915,0.008514261387824606,0.9090041552213163,0.034272063887777385,0.0,0.0,0.0,0.0,0.0,0.0,0.0,0.0,0.0,0.0,0.0,0.0,0.0,0.0,0.0,0.0,0.0,0.0,0.0,0.0,0.0,0.0,0.0,0.06385696040868435,0.5236270753512133,2.3499361430395918,8.799489144316732,11.62196679438059,5.006385696040869,1.6347381864623247,4.198428290766208,2.8375437218154085,nan,nan,nan,4.163185378590079,2.8856812770986515,4.234210526315789,2.7896213962876826,1.017060289481936,0.3967,0.00766,0.0,0.0,0.0,0.0,0.0,0.0,0.0,0.0,0.0,0.0,0.012771392081736912,20.127713920817342,9.859514687100896,0.0,0.0,0.0,0.0,0.0,0.0,0.0,0.0,0.0,0.0,0.0,0.0,0.0,0.0,0.0,0.0,0.0,nan,nan,4.198428290766208,2.8375437218154085,nan,0.3967,0.03622,0.0,0.0,0.0,0.0,0.0,0.0,0.0,0.0,0.0,0.0,0.0,0.0,0.0,0.0,0.0,0.0,0.0,0.0,0.0,0.0,0.0,0.0,0.0,0.0,0.0,0.0,0.00019157088122605365,0.00010642826734780758,0.0023414218816517666,0.005959982971477224,0.003171562366964666,0.009472115793954874,0.00476798637718178,0.009067688378033206,0.05065985525755641,0.033737760749255004,0.10683269476372925,0.06839080459770115,0.07224350787569178,0.12818220519369944,0.10461898680289484,0.08467432950191571,0.07575564069816944,0.10578969774372073,0.05100042571306939,0.032034908471690084,0.03071519795657727,0.012579821200510856,0.001851851851851852,0.005598126862494678,0.0002554278416347382,0.0,0.0,0.0,0.0,0.0,0.0,0.0,0.0,0.0,0.0,0.0,0.0,0.0,0.0,0.0,0.0,0.0,0.0,0.0,0.0,0.0,0.0,0.0,0.0,0.0,0.0,0.0,0.0,0.0,0.0,0.0,0.0,0.0,0.0,0.0,0.0,0.0,0.0,0.0,0.0,0.0,0.0,0.0,0.0,0.0,0.0,0.0,0.0,0.0,0.0,nan,nan,4.198428290766208,2.8375437218154085,nan,0.9090541547084405,0.03384840430505366,0.0,0.0,0.0,0.0,0.0,0.0,0.0,0.0,0.0,0.0,0.0,0.0,0.0,0.0,0.0,0.0,0.0,0.0,0.0,0.0,0.0,0.0,0.0,0.07425742574257402,0.4702970297029704,2.227722772277228,8.985148514851486,11.633663366336636,5.123762376237625,1.4851485148514856,0.9089508576149886,0.034717897882614306,0.0,0.0,0.0,0.0,0.0,0.0,0.0,0.0,0.0,0.0,0.0,0.0,0.0,0.0,0.0,0.0,0.0,0.0,0.0,0.0,0.0,0.0,0.0,0.0527704485488125,0.5804749340369394,2.4802110817941956,8.601583113456465,11.60949868073879,4.881266490765173,1.794195250659631,0.3965,0.0078,0.0,0.0,0.0,0.0,0.0,0.0,0.0,0.0,0.0,0.0,0.024752475247524757,19.925742574257395,10.04950495049505,0.0,0.0,0.0,0.0,0.0,0.0,0.0,0.0,0.0,0.0,0.0,0.0,0.0,0.0,0.0,0.0,0.0,0.3967,0.0075,0.0,0.0,0.0,0.0,0.0,0.0,0.0,0.0,0.0,0.0,0.0,20.343007915567252,9.65699208443272,0.0,0.0,0.0,0.0,0.0,0.0,0.0,0.0,0.0,0.0,0.0,0.0,0.0,0.0,0.0,0.0,0.0
2500,2371,1238,0.5221425558835934,612,461,0.45255166596372837,656,0.5533530156052299,0.40199999999999997,3.0450132391879965,3.070329542473156,6.481049562682216,2.1282679020390414,8382.139266132433,506.20289344830655,7853.0,8866.4,8866.4,0.0,7853.0,0.0,28.555461830451286,20.770902505114453,33.17475247524752,19.01829906159216,0.12863770560944748,0.09658371994938844,0.08814846056516237,0.08603964571910586,0.07633909742724589,0.08814846056516237,0.0771826233656685,0.06284268241248418,0.06242091944327288,0.04976803036693378,0.04934626739772248,0.036271615352172076,0.03289751159848165,0.030366933783213833,0.016448755799240825,0.010965837199493884,0.007591733445803458,0.9101341955775402,0.03619898072288329,0.0,0.0,0.0,0.0,0.0,0.0,0.0,0.0,0.0,0.0,0.0,0.0,0.0,0.0,0.0,0.0,0.0,0.0,0.0,0.0,0.0,0.0,0.0506115563053564,0.12652889076339058,0.4175453395191903,2.302825811893716,8.515394348376214,11.640657950231972,4.92197385069591,2.024462252214256,4.167095115681234,2.847286543694569,nan,nan,nan,4.090676883780332,2.8240352145541014,4.244818652849741,2.8704157582385688,1.037681237958585,0.397,0.00798,0.0,0.0,0.0,0.0,0.0,0.0,0.0,0.0,0.0,0.0,0.0,19.169126950653705,10.83087304934627,0.0,0.0,0.0,0.0,0.0,0.0,0.0,0.0,0.0,0.0,0.0,0.0,0.0,0.0,0.0,0.0,0.0,nan,nan,4.167095115681234,2.847286543694569,nan,0.397,0.03586,0.0,0.0,0.0,0.0,0.0,0.0,0.0,0.0,0.0,0.0,0.0,0.0,0.0,0.0,0.0,0.0,0.0,0.0,0.0,0.0,0.0,0.0,0.0,0.0,0.0,0.0,0.00014761703922395615,0.0,0.0024040489245044285,0.005377477857444116,0.003247574862927035,0.007739350485027415,0.00457612821594264,0.008350906790383803,0.05052720371151413,0.03477435681147195,0.11128215942640236,0.06674398987768874,0.06807254323070434,0.12648671446646984,0.10963728384647828,0.0803880219316744,0.07878532264867144,0.1121045972163644,0.04974694221847322,0.02973428932939688,0.028700970054829186,0.013918177983973008,0.0017714044706874737,0.0048713622943905525,0.0006115563053563897,0.0,0.0,0.0,0.0,0.0,0.0,0.0,0.0,0.0,0.0,0.0,0.0,0.0,0.0,0.0,0.0,0.0,0.0,0.0,0.0,0.0,0.0,0.0,0.0,0.0,0.0,0.0,0.0,0.0,0.0,0.0,0.0,0.0,0.0,0.0,0.0,0.0,0.0,0.0,0.0,0.0,0.0,0.0,0.0,0.0,0.0,0.0,0.0,0.0,0.0,nan,nan,4.167095115681234,2.847286543694569,nan,0.9114907058452366,0.035735534202227394,0.0,0.0,0.0,0.0,0.0,0.0,0.0,0.0,0.0,0.0,0.0,0.0,0.0,0.0,0.0,0.0,0.0,0.0,0.0,0.0,0.0,0.0,0.04846526655896609,0.07269789983844888,0.4119547657512117,2.0355411954765756,8.578352180936996,11.583198707592894,5.040387722132473,2.2294022617124396,0.9086519716486716,0.036641314443548005,0.0,0.0,0.0,0.0,0.0,0.0,0.0,0.0,0.0,0.0,0.0,0.0,0.0,0.0,0.0,0.0,0.0,0.0,0.0,0.0,0.0,0.0,0.05295675198587821,0.18534863195057313,0.42365401588702567,2.594880847308032,8.446601941747575,11.703442188879086,4.792586054721978,1.8005295675198592,0.397,0.00797,0.0,0.0,0.0,0.0,0.0,0.0,0.0,0.0,0.0,0.0,0.0,19.21647819063002,10.783521809369955,0.0,0.0,0.0,0.0,0.0,0.0,0.0,0.0,0.0,0.0,0.0,0.0,0.0,0.0,0.0,0.0,0.0,0.397,0.00798,0.0,0.0,0.0,0.0,0.0,0.0,0.0,0.0,0.0,0.0,0.0,19.117387466902002,10.882612533097973,0.0,0.0,0.0,0.0,0.0,0.0,0.0,0.0,0.0,0.0,0.0,0.0,0.0,0.0,0.0,0.0,0.0
2600,2282,1180,0.5170902716914987,546,459,0.4404031551270815,628,0.5503943908851884,0.442,2.9773139745916515,3.146806183339457,6.688963210702341,2.2188562380955443,8377.019281332165,506.4039222736502,7853.0,8866.4,8866.4,0.0,7853.0,0.0,28.6148115687993,21.193656751242145,33.44588296219575,19.454804877380802,0.13321647677475898,0.09991235758106924,0.09596844872918492,0.08063102541630149,0.08238387379491674,0.07318141980718668,0.06573181419807186,0.05828220858895705,0.05915863277826468,0.058720420683610865,0.04820333041191937,0.04425942156003506,0.034618755477651184,0.02673093777388256,0.020595968448729185,0.010078878177037686,0.008326029798422436,0.9095658000940612,0.036119219584047194,0.0,0.0,0.0,0.0,0.0,0.0,0.0,0.0,0.0,0.0,0.0,0.0,0.0,0.0,0.0,0.0,0.0,0.0,0.0,0.0,0.0,0.0,0.026292725679228753,0.19719544259421498,0.5127081507449607,2.077125328659071,8.400525854513587,12.107800175284842,4.7721297107800185,1.9062226117440846,4.231493943472409,2.9521037601451585,9.0,0.0,2.1269083969465647,4.236413043478261,2.951801248729965,4.233022636484687,2.9555565125857637,0.9991996986698941,0.3972,0.007812,0.0,0.0,0.0,0.0,0.0,0.0,0.0,0.0,0.0,0.0,0.0,19.154250657318112,10.845749342681861,0.0,0.0,0.0,0.0,0.0,0.0,0.0,0.0,0.0,0.0,0.0,0.0,0.0,0.0,0.0,0.0,0.0,nan,nan,4.234700739744452,2.953698904272573,nan,0.3972,0.03552,0.0,0.0,0.0,0.0,0.0,0.0,0.0,0.0,0.0,0.0,0.0,0.0,0.0,0.0,0.0,0.0,0.0,0.0,0.0,0.0,0.0,0.0,0.0,0.0,0.0,0.0,4.3821209465381244e-05,0.0,0.0020595968448729185,0.004535495179666959,0.0024758983347940404,0.006463628396143733,0.006091148115687993,0.00810692375109553,0.04489482909728308,0.03836546888694128,0.11441717791411044,0.06590709903593339,0.07105609114811569,0.12370727432077125,0.11010078878177038,0.08054338299737072,0.07903155127081507,0.11176599474145486,0.051643295354951796,0.02857142857142857,0.02782646801051709,0.014504820333041192,0.0014680105170902717,0.005587204206836108,0.0007668711656441718,6.573181419807186e-05,0.0,0.0,0.0,0.0,0.0,0.0,0.0,0.0,0.0,0.0,0.0,0.0,0.0,0.0,0.0,0.0,0.0,0.0,0.0,0.0,0.0,0.0,0.0,0.0,0.0,0.0,0.0,0.0,0.0,0.0,0.0,0.0,0.0,0.0,0.0,0.0,0.0,0.0,0.0,0.0,0.0,0.0,0.0,0.0,0.0,0.0,0.0,0.0,0.0,nan,nan,4.234700739744452,2.953698904272573,nan,0.9097694166130939,0.03602946270544587,0.0,0.0,0.0,0.0,0.0,0.0,0.0,0.0,0.0,0.0,0.0,0.0,0.0,0.0,0.0,0.0,0.0,0.0,0.0,0.0,0.0,0.0,0.025423728813559327,0.22881355932203318,0.5084745762711865,1.9322033898305089,8.440677966101697,12.432203389830512,4.398305084745764,2.033898305084746,0.9093477715165126,0.036213813604409964,0.0,0.0,0.0,0.0,0.0,0.0,0.0,0.0,0.0,0.0,0.0,0.0,0.0,0.0,0.0,0.0,0.0,0.0,0.0,0.0,0.0,0.0,0.027223230490018156,0.16333938294010839,0.517241379310345,2.2323049001814885,8.357531760435574,11.760435571687843,5.172413793103449,1.7695099818511801,0.3972,0.00789,0.0,0.0,0.0,0.0,0.0,0.0,0.0,0.0,0.0,0.0,0.0,19.093220338983024,10.906779661016952,0.0,0.0,0.0,0.0,0.0,0.0,0.0,0.0,0.0,0.0,0.0,0.0,0.0,0.0,0.0,0.0,0.0,0.3972,0.007725,0.0,0.0,0.0,0.0,0.0,0.0,0.0,0.0,0.0,0.0,0.0,19.219600725952787,10.78039927404719,0.0,0.0,0.0,0.0,0.0,0.0,0.0,0.0,0.0,0.0,0.0,0.0,0.0,0.0,0.0,0.0,0.0
2700,2730,1434,0.5252747252747253,664,562,0.4490842490842491,762,0.5582417582417583,0.39799999999999996,3.064043209876543,3.1458482846812035,6.729222520107238,2.1521555218345827,8385.313406593406,506.05221410708276,7853.0,8866.4,8866.399999999998,1.8189894035458565e-12,7853.0,0.0,27.22051282051282,20.41226424493733,32.032286212914485,18.745000622856537,0.14212454212454212,0.1021978021978022,0.0978021978021978,0.08608058608058608,0.0912087912087912,0.07106227106227106,0.06556776556776557,0.06117216117216117,0.05714285714285714,0.05274725274725275,0.046886446886446886,0.04395604395604396,0.0336996336996337,0.019413919413919414,0.01391941391941392,0.009523809523809525,0.005494505494505495,0.9085635479553279,0.03386791168545659,0.0,0.0,0.0,0.0,0.0,0.0,0.0,0.0,0.0,0.0,0.0,0.0,0.0,0.0,0.0,0.0,0.0,0.0,0.0,0.0,0.0,0.0,0.032967032967032975,0.06593406593406573,0.4065934065934067,2.3076923076923084,8.747252747252748,12.2967032967033,4.637362637362639,1.505494505494506,4.300982091276719,2.9445274102667387,0.0,0.0,0.0,4.343572241183162,2.9543822530845496,4.2520515826494725,2.9355741243083524,0.9789296336167854,0.3977,0.00782,0.0,0.0,0.0,0.0,0.0,0.0,0.0,0.0,0.0,0.0,0.0,18.241758241758216,11.75824175824176,0.0,0.0,0.0,0.0,0.0,0.0,0.0,0.0,0.0,0.0,0.0,0.0,0.0,0.0,0.0,0.0,0.0,nan,nan,4.298498845265589,2.945489770262192,nan,0.3977,0.0357,0.0,0.0,0.0,0.0,0.0,0.0,0.0,0.0,0.0,0.0,0.0,0.0,0.0,0.0,0.0,0.0,0.0,0.0,0.0,0.0,0.0,0.0,0.0,0.0,0.0,0.0,0.0,7.326007326007326e-05,0.0021794871794871794,0.004652014652014652,0.002655677655677656,0.00684981684981685,0.006465201465201465,0.007326007326007326,0.04217948717948718,0.03600732600732601,0.11232600732600732,0.063003663003663,0.0723992673992674,0.11957875457875458,0.11798534798534799,0.08238095238095237,0.07996336996336996,0.10791208791208791,0.05490842490842491,0.028406593406593406,0.02880952380952381,0.01412087912087912,0.0019413919413919414,0.006794871794871795,0.0009157509157509158,0.00016483516483516484,0.0,0.0,0.0,0.0,0.0,0.0,0.0,0.0,0.0,0.0,0.0,0.0,0.0,0.0,0.0,0.0,0.0,0.0,0.0,0.0,0.0,0.0,0.0,0.0,0.0,0.0,0.0,0.0,0.0,0.0,0.0,0.0,0.0,0.0,0.0,0.0,0.0,0.0,0.0,0.0,0.0,0.0,0.0,0.0,0.0,0.0,0.0,0.0,0.0,nan,nan,4.298498845265589,2.945489770262192,nan,0.9086350525107177,0.03494189706231425,0.0,0.0,0.0,0.0,0.0,0.0,0.0,0.0,0.0,0.0,0.0,0.0,0.0,0.0,0.0,0.0,0.0,0.0,0.0,0.0,0.0,0.0,0.020920502092050215,0.10460251046025072,0.5230125523012553,2.364016736401674,8.472803347280337,12.343096234309625,4.602510460251048,1.569037656903766,0.9084844294889474,0.03263822509652626,0.0,0.0,0.0,0.0,0.0,0.0,0.0,0.0,0.0,0.0,0.0,0.0,0.0,0.0,0.0,0.0,0.0,0.0,0.0,0.0,0.0,0.0,0.04629629629629631,0.023148148148148077,0.27777777777777785,2.2453703703703707,9.050925925925927,12.245370370370374,4.6759259259259265,1.4351851851851856,0.3977,0.00792,0.0,0.0,0.0,0.0,0.0,0.0,0.0,0.0,0.0,0.0,0.0,18.200836820083655,11.79916317991632,0.0,0.0,0.0,0.0,0.0,0.0,0.0,0.0,0.0,0.0,0.0,0.0,0.0,0.0,0.0,0.0,0.0,0.3982,0.00769,0.0,0.0,0.0,0.0,0.0,0.0,0.0,0.0,0.0,0.0,0.0,18.287037037037013,11.712962962962965,0.0,0.0,0.0,0.0,0.0,0.0,0.0,0.0,0.0,0.0,0.0,0.0,0.0,0.0,0.0,0.0,0.0
2800,2791,1469,0.5263346470798996,677,568,0.4460766750268721,793,0.5682551056968829,0.41,3.0075642965204237,3.065833922066966,6.455958549222798,2.1315246041690923,8386.387531350769,505.9967051971796,7853.0,8866.4,8866.399999999998,1.8189894035458565e-12,7853.0,0.0,28.647796488713723,21.165763204970272,33.44463229078614,19.410851846648818,0.1307774991042637,0.09817269795772125,0.09638122536725188,0.07989967753493371,0.07954138301683984,0.08419921175206019,0.0680759584378359,0.05983518452167682,0.05589394482264421,0.04872805446076675,0.050519527051236114,0.04371193120745252,0.03726262988176281,0.026872088857040486,0.019706198495163023,0.013973486205661053,0.006449301325689717,0.9066402363076683,0.03440811636155717,0.0,0.0,0.0,0.0,0.0,0.0,0.0,0.0,0.0,0.0,0.0,0.0,0.0,0.0,0.0,0.0,0.0,0.0,0.0,0.0,0.010748835542816198,0.0,0.010748835542816198,0.09673951988534545,0.48369759942672885,2.5259763525618064,9.372984593335724,11.823719097097817,4.1920458616983165,1.4833393049086352,4.187772925764192,2.9127979647362756,5.0,0.0,1.1939520333680917,4.2158351409978305,2.886510027296027,4.1602634467618005,2.937437957262968,0.9868183426587035,0.3977,0.00789,0.0,0.0,0.0,0.0,0.0,0.0,0.0,0.0,0.0,0.0,0.0,18.337513436044404,11.662486563955573,0.0,0.0,0.0,0.0,0.0,0.0,0.0,0.0,0.0,0.0,0.0,0.0,0.0,0.0,0.0,0.0,0.0,nan,nan,4.188216039279869,2.9120650755200383,nan,0.3977,0.03604,0.0,0.0,0.0,0.0,0.0,0.0,0.0,0.0,0.0,0.0,0.0,0.0,0.0,0.0,0.0,0.0,0.0,0.0,0.0,0.0,0.0,0.0,0.0,0.0,0.0,0.0,0.0,1.791472590469366e-05,0.0028484414188462916,0.005087782156932999,0.001773557864564672,0.0066642780365460405,0.0066642780365460405,0.008599068434252956,0.04100680759584378,0.04143676101755643,0.1138480831243282,0.0627015406664278,0.07053027588677893,0.11750268720888571,0.10936940164815478,0.08600859906843425,0.08006091006807596,0.10548190612683626,0.05721963453959154,0.03181655320673594,0.026334647079899676,0.014994625582228593,0.002418487997133644,0.006520960229308492,0.0009136510211393765,0.0001254030813328556,5.374417771408097e-05,0.0,0.0,0.0,0.0,0.0,0.0,0.0,0.0,0.0,0.0,0.0,0.0,0.0,0.0,0.0,0.0,0.0,0.0,0.0,0.0,0.0,0.0,0.0,0.0,0.0,0.0,0.0,0.0,0.0,0.0,0.0,0.0,0.0,0.0,0.0,0.0,0.0,0.0,0.0,0.0,0.0,0.0,0.0,0.0,0.0,0.0,0.0,0.0,nan,nan,4.188216039279869,2.9120650755200383,nan,0.9062712200244647,0.03421947808261,0.0,0.0,0.0,0.0,0.0,0.0,0.0,0.0,0.0,0.0,0.0,0.0,0.0,0.0,0.0,0.0,0.0,0.0,0.0,0.0,0.0,0.0,0.0,0.08168822328114338,0.5718175629680056,2.614023144996597,9.516678012253236,11.620149761742685,4.206943498978898,1.388699795779442,0.9070502854151011,0.03461191004707979,0.0,0.0,0.0,0.0,0.0,0.0,0.0,0.0,0.0,0.0,0.0,0.0,0.0,0.0,0.0,0.0,0.0,0.0,0.0,0.0,0.02269288956127081,0.0,0.02269288956127081,0.11346444780635366,0.38577912254160374,2.4281391830559764,9.213313161875947,12.049924357034799,4.175491679273828,1.5885022692889565,0.3977,0.00797,0.0,0.0,0.0,0.0,0.0,0.0,0.0,0.0,0.0,0.0,0.0,18.03267528931243,11.967324710687546,0.0,0.0,0.0,0.0,0.0,0.0,0.0,0.0,0.0,0.0,0.0,0.0,0.0,0.0,0.0,0.0,0.0,0.3977,0.007797,0.0,0.0,0.0,0.0,0.0,0.0,0.0,0.0,0.0,0.0,0.0,18.676248108925844,11.323751891074133,0.0,0.0,0.0,0.0,0.0,0.0,0.0,0.0,0.0,0.0,0.0,0.0,0.0,0.0,0.0,0.0,0.0
2900,2725,1427,0.5236697247706422,663,556,0.4473394495412844,749,0.5497247706422018,0.434,3.0808936825885977,3.2022846913531486,6.838440111420613,2.1905275476973936,8383.686899082568,506.13191825096595,7853.0,8866.4,8866.399999999998,1.8189894035458565e-12,7853.0,0.0,27.88697247706422,21.05180318736638,32.962702939885915,19.284523867447696,0.14311926605504588,0.09981651376146788,0.08954128440366972,0.08807339449541285,0.08880733944954128,0.06825688073394495,0.06825688073394495,0.06348623853211009,0.05834862385321101,0.049174311926605506,0.05100917431192661,0.03596330275229358,0.031192660550458717,0.027889908256880733,0.02018348623853211,0.009174311926605505,0.007706422018348624,0.9049620198328561,0.03503690967372671,0.0,0.0,0.0,0.0,0.0,0.0,0.0,0.0,0.0,0.0,0.0,0.0,0.0,0.0,0.0,0.0,0.0,0.0,0.0,0.0,0.0,0.0,0.011009174311926608,0.07706422018348599,0.6935779816513763,3.060550458715597,9.28073394495413,11.130275229357801,4.557798165137616,1.1889908256880737,4.306064073226545,2.938077147238606,nan,nan,nan,4.220571428571429,2.907021984149162,4.394495412844036,2.966999994198734,1.0412086342373494,0.3975,0.008,0.0,0.0,0.0,0.0,0.0,0.0,0.0,0.0,0.0,0.0,0.0,18.891743119266028,11.108256880733947,0.0,0.0,0.0,0.0,0.0,0.0,0.0,0.0,0.0,0.0,0.0,0.0,0.0,0.0,0.0,0.0,0.0,nan,nan,4.306064073226545,2.938077147238606,nan,0.3975,0.03616,0.0,0.0,0.0,0.0,0.0,0.0,0.0,0.0,0.0,0.0,0.0,0.0,0.0,0.0,0.0,0.0,0.0,0.0,0.0,0.0,0.0,0.0,0.0,0.0,0.0,0.0,0.0,5.504587155963303e-05,0.0025871559633027525,0.0046055045871559635,0.0013944954128440367,0.008954128440366972,0.006018348623853211,0.008477064220183485,0.043724770642201836,0.04343119266055046,0.1098532110091743,0.06322935779816513,0.07185321100917431,0.11673394495412844,0.11379816513761468,0.08188990825688074,0.07772477064220183,0.1033394495412844,0.058,0.031376146788990825,0.027853211009174313,0.015908256880733947,0.0028807339449541283,0.005541284403669725,0.0007155963302752293,5.504587155963303e-05,0.0,0.0,0.0,0.0,0.0,0.0,0.0,0.0,0.0,0.0,0.0,0.0,0.0,0.0,0.0,0.0,0.0,0.0,0.0,0.0,0.0,0.0,0.0,0.0,0.0,0.0,0.0,0.0,0.0,0.0,0.0,0.0,0.0,0.0,0.0,0.0,0.0,0.0,0.0,0.0,0.0,0.0,0.0,0.0,0.0,0.0,0.0,0.0,0.0,nan,nan,4.306064073226545,2.938077147238606,nan,0.9052181209228051,0.03516583221289418,0.0,0.0,0.0,0.0,0.0,0.0,0.0,0.0,0.0,0.0,0.0,0.0,0.0,0.0,0.0,0.0,0.0,0.0,0.0,0.0,0.0,0.0,0.0,0.021023125437981714,0.6727400140154172,3.132445690259286,9.376313945339877,10.868955851436583,4.688156972669939,1.2403644008409254,0.9046804664774191,0.034892455517063825,0.0,0.0,0.0,0.0,0.0,0.0,0.0,0.0,0.0,0.0,0.0,0.0,0.0,0.0,0.0,0.0,0.0,0.0,0.0,0.0,0.0,0.0,0.02311248073959939,0.13867488443759587,0.7164869029275811,2.9815100154083214,9.175654853620957,11.417565485362099,4.414483821263483,1.13251155624037,0.3975,0.00789,0.0,0.0,0.0,0.0,0.0,0.0,0.0,0.0,0.0,0.0,0.0,18.962859145059536,11.037140854940438,0.0,0.0,0.0,0.0,0.0,0.0,0.0,0.0,0.0,0.0,0.0,0.0,0.0,0.0,0.0,0.0,0.0,0.3975,0.00814,0.0,0.0,0.0,0.0,0.0,0.0,0.0,0.0,0.0,0.0,0.0,18.81355932203387,11.186440677966104,0.0,0.0,0.0,0.0,0.0,0.0,0.0,0.0,0.0,0.0,0.0,0.0,0.0,0.0,0.0,0.0,0.0
3000,2782,1463,0.52588066139468,690,549,0.44536304816678646,781,0.5614665708123652,0.43,3.0447308567096285,3.1421178179205516,6.6675603217158175,2.1202315872627464,8385.927462257368,506.0207606645582,7853.0,8866.4,8866.399999999998,1.8189894035458565e-12,7853.0,0.0,28.283608914450035,21.074115493688005,33.43078245915735,19.208190472947297,0.1434219985621855,0.09453630481667864,0.09417685118619698,0.07728253055355859,0.08375269590222861,0.07692307692307693,0.06649892163910856,0.0603882099209202,0.05895039539899353,0.053558590941768514,0.04852624011502516,0.04277498202731848,0.03666427030913012,0.027677929547088427,0.01689432063263839,0.011143062544931704,0.006829618979151689,0.9053820809985476,0.035501421046596766,0.0,0.0,0.0,0.0,0.0,0.0,0.0,0.0,0.0,0.0,0.0,0.0,0.0,0.0,0.0,0.0,0.0,0.0,0.0,0.0,0.0,0.0,0.0,0.09705248023005002,0.7872034507548528,2.83608914450036,9.133716750539183,11.37670740474479,4.281092739036665,1.4881380301941052,4.27202216066482,2.9371474203788255,nan,nan,nan,4.205524861878453,2.927064106324127,4.338888888888889,2.945738709256114,1.0317116249197174,0.398,0.00788,0.0,0.0,0.0,0.0,0.0,0.0,0.0,0.0,0.0,0.0,0.0,17.846872753414782,12.153127246585193,0.0,0.0,0.0,0.0,0.0,0.0,0.0,0.0,0.0,0.0,0.0,0.0,0.0,0.0,0.0,0.0,0.0,nan,nan,4.27202216066482,2.9371474203788255,nan,0.398,0.03662,0.0,0.0,0.0,0.0,0.0,0.0,0.0,0.0,0.0,0.0,0.0,0.0,0.0,0.0,0.0,0.0,0.0,0.0,0.0,0.0,0.0,0.0,0.0,0.0,0.0,0.0,0.0,0.0002875629043853343,0.0032530553558590943,0.004654924514737598,0.001186196980589504,0.008483105679367362,0.004960460100647017,0.008770668583752696,0.044859813084112146,0.042469446441409056,0.10661394680086268,0.06595974119338606,0.06903306973400432,0.11639108554996405,0.10789000718907261,0.0819374550682962,0.07641984184040258,0.10490654205607476,0.060406182602444285,0.036250898634076205,0.027336448598130843,0.017631200575125808,0.003648454349388929,0.005823148813803019,0.000593098490294752,0.00023364485981308412,0.0,0.0,0.0,0.0,0.0,0.0,0.0,0.0,0.0,0.0,0.0,0.0,0.0,0.0,0.0,0.0,0.0,0.0,0.0,0.0,0.0,0.0,0.0,0.0,0.0,0.0,0.0,0.0,0.0,0.0,0.0,0.0,0.0,0.0,0.0,0.0,0.0,0.0,0.0,0.0,0.0,0.0,0.0,0.0,0.0,0.0,0.0,0.0,0.0,nan,nan,4.27202216066482,2.9371474203788255,nan,0.9058118979570724,0.03527344213083375,0.0,0.0,0.0,0.0,0.0,0.0,0.0,0.0,0.0,0.0,0.0,0.0,0.0,0.0,0.0,0.0,0.0,0.0,0.0,0.0,0.0,0.0,0.0,0.08202323991797651,0.7177033492822968,2.7887901572112104,9.412166780587835,11.155160628844841,4.326725905673276,1.5174299384825705,0.9049053393682808,0.03574654408828525,0.0,0.0,0.0,0.0,0.0,0.0,0.0,0.0,0.0,0.0,0.0,0.0,0.0,0.0,0.0,0.0,0.0,0.0,0.0,0.0,0.0,0.0,0.0,0.11372251705837721,0.8642911296436696,2.8885519332827907,8.8248673237301,11.62244124336619,4.2304776345716455,1.455648218347233,0.398,0.00797,0.0,0.0,0.0,0.0,0.0,0.0,0.0,0.0,0.0,0.0,0.0,17.819548872180427,12.180451127819552,0.0,0.0,0.0,0.0,0.0,0.0,0.0,0.0,0.0,0.0,0.0,0.0,0.0,0.0,0.0,0.0,0.0,0.398,0.007782,0.0,0.0,0.0,0.0,0.0,0.0,0.0,0.0,0.0,0.0,0.0,17.877179681576926,12.12282031842305,0.0,0.0,0.0,0.0,0.0,0.0,0.0,0.0,0.0,0.0,0.0,0.0,0.0,0.0,0.0,0.0,0.0
3100,2970,1540,0.5185185185185185,702,630,0.4484848484848485,867,0.5838383838383838,0.418,3.0342657342657344,3.0695118150175205,6.5035799522673035,2.009965999113745,8378.466666666667,506.3523498733091,7853.0,8866.4,8866.399999999998,1.8189894035458565e-12,7853.0,0.0,28.032996632996632,20.845485476658116,32.881085395051876,19.07820427793875,0.1383838383838384,0.09528619528619528,0.09494949494949495,0.09528619528619528,0.0771043771043771,0.07272727272727272,0.0643097643097643,0.06127946127946128,0.06868686868686869,0.046464646464646465,0.05218855218855219,0.043434343434343436,0.034006734006734006,0.02154882154882155,0.017508417508417508,0.008417508417508417,0.008417508417508417,0.907578970687558,0.036170515371898915,0.0,0.0,0.0,0.0,0.0,0.0,0.0,0.0,0.0,0.0,0.0,0.0,0.0,0.0,0.0,0.0,0.0,0.0,0.0,0.0,0.0,0.0,0.020202020202020207,0.08080808080808057,0.7575757575757577,2.4848484848484853,8.81818181818182,11.404040404040407,4.727272727272728,1.7070707070707074,4.364766839378238,2.847160584026124,nan,nan,nan,4.419558359621451,2.8718870523292748,4.3115423901940755,2.8219154693632604,0.9755595558112219,0.398,0.008064,0.0,0.0,0.0,0.0,0.0,0.0,0.0,0.0,0.0,0.0,0.0,18.212121212121186,11.78787878787879,0.0,0.0,0.0,0.0,0.0,0.0,0.0,0.0,0.0,0.0,0.0,0.0,0.0,0.0,0.0,0.0,0.0,nan,nan,4.364766839378238,2.847160584026124,nan,0.398,0.03625,0.0,0.0,0.0,0.0,0.0,0.0,0.0,0.0,0.0,0.0,0.0,0.0,0.0,0.0,0.0,0.0,0.0,0.0,0.0,0.0,0.0,0.0,0.0,5.0505050505050505e-05,0.0,0.0,0.0,0.00011784511784511784,0.0026094276094276096,0.0047138047138047135,0.0010437710437710438,0.007912457912457913,0.0038383838383838384,0.00792929292929293,0.04708754208754209,0.044848484848484846,0.10375420875420875,0.06691919191919192,0.07222222222222222,0.11602693602693602,0.10924242424242424,0.08575757575757575,0.07260942760942761,0.10420875420875421,0.06075757575757576,0.03466329966329966,0.026094276094276093,0.017525252525252524,0.003787878787878788,0.005538720538720539,0.000505050505050505,0.00023569023569023568,0.0,0.0,0.0,0.0,0.0,0.0,0.0,0.0,0.0,0.0,0.0,0.0,0.0,0.0,0.0,0.0,0.0,0.0,0.0,0.0,0.0,0.0,0.0,0.0,0.0,0.0,0.0,0.0,0.0,0.0,0.0,0.0,0.0,0.0,0.0,0.0,0.0,0.0,0.0,0.0,0.0,0.0,0.0,0.0,0.0,0.0,0.0,0.0,0.0,nan,nan,4.364766839378238,2.847160584026124,nan,0.9078449431951944,0.03632143450832818,0.0,0.0,0.0,0.0,0.0,0.0,0.0,0.0,0.0,0.0,0.0,0.0,0.0,0.0,0.0,0.0,0.0,0.0,0.0,0.0,0.0,0.0,0.0,0.13636363636363594,0.7012987012987014,2.571428571428572,8.474025974025976,11.629870129870133,4.753246753246755,1.733766233766234,0.9072925387562571,0.03600508245463321,0.0,0.0,0.0,0.0,0.0,0.0,0.0,0.0,0.0,0.0,0.0,0.0,0.0,0.0,0.0,0.0,0.0,0.0,0.0,0.0,0.0,0.0,0.04195804195804197,0.020979020979020914,0.8181818181818183,2.391608391608392,9.188811188811192,11.160839160839163,4.699300699300701,1.6783216783216786,0.3977,0.00809,0.0,0.0,0.0,0.0,0.0,0.0,0.0,0.0,0.0,0.0,0.0,18.48701298701296,11.512987012987015,0.0,0.0,0.0,0.0,0.0,0.0,0.0,0.0,0.0,0.0,0.0,0.0,0.0,0.0,0.0,0.0,0.0,0.398,0.00804,0.0,0.0,0.0,0.0,0.0,0.0,0.0,0.0,0.0,0.0,0.0,17.916083916083892,12.083916083916087,0.0,0.0,0.0,0.0,0.0,0.0,0.0,0.0,0.0,0.0,0.0,0.0,0.0,0.0,0.0,0.0,0.0
3200,3034,1575,0.519116677653263,702,647,0.4446275543836519,873,0.5754779169413315,0.426,3.0267306374228924,3.0976740157481606,6.66243654822335,2.1219807221226508,8379.072841133817,506.3295202004359,7853.0,8866.4,8866.399999999998,1.8189894035458565e-12,7853.0,0.0,27.656558998022412,20.786608741961988,32.865689381933436,18.9034106371446,0.14930784442979564,0.09294660514172709,0.08998022412656559,0.0955833882663151,0.07877389584706658,0.07382992748846408,0.06526038233355307,0.06427158866183257,0.057350032959789056,0.05108767303889255,0.05009887936717205,0.04054054054054054,0.036585365853658534,0.023401450230718525,0.015161502966381015,0.01054713249835201,0.005273566249176005,0.9073358725267723,0.035754710015413416,0.0,0.0,0.0,0.0,0.0,0.0,0.0,0.0,0.0,0.0,0.0,0.0,0.0,0.0,0.0,0.0,0.0,0.0,0.0,0.0,0.0,0.0,0.029663810151615035,0.07910349373763984,0.6921555702043508,2.531311799604483,8.978246539222152,11.381015161502969,4.696769940672381,1.6117336849044168,4.355670103092783,2.8733209017737806,nan,nan,nan,4.383505154639176,2.888893785087957,4.3278350515463915,2.857392015007948,0.987300094073377,0.3977,0.00799,0.0,0.0,0.0,0.0,0.0,0.0,0.0,0.0,0.0,0.0,0.0,18.520105471324957,11.479894528675018,0.0,0.0,0.0,0.0,0.0,0.0,0.0,0.0,0.0,0.0,0.0,0.0,0.0,0.0,0.0,0.0,0.0,nan,nan,4.355670103092783,2.8733209017737806,nan,0.3977,0.0364,0.0,0.0,0.0,0.0,0.0,0.0,0.0,0.0,0.0,0.0,0.0,0.0,0.0,0.0,0.0,0.0,0.0,0.0,0.0,0.0,0.0,0.0,0.0,4.943968358602505e-05,0.0,0.0,0.0,3.295978905735003e-05,0.003180619644034278,0.004433091628213579,0.0005603164139749506,0.007729070533948583,0.003839815425181279,0.009805537244561634,0.04714897824653922,0.04398483849703362,0.10786090969017799,0.0659690177982861,0.07193473961766644,0.11755108767303889,0.11010217534607779,0.080273566249176,0.0742089650626236,0.0981542518127884,0.06194792353328939,0.035959129861568885,0.028213579433091628,0.017270929466051417,0.0036255767963085037,0.00545484508899143,0.0005603164139749506,0.00014831905075807515,0.0,0.0,0.0,0.0,0.0,0.0,0.0,0.0,0.0,0.0,0.0,0.0,0.0,0.0,0.0,0.0,0.0,0.0,0.0,0.0,0.0,0.0,0.0,0.0,0.0,0.0,0.0,0.0,0.0,0.0,0.0,0.0,0.0,0.0,0.0,0.0,0.0,0.0,0.0,0.0,0.0,0.0,0.0,0.0,0.0,0.0,0.0,0.0,0.0,nan,nan,4.355670103092783,2.8733209017737806,nan,0.9076199486898997,0.036129680172977734,0.0,0.0,0.0,0.0,0.0,0.0,0.0,0.0,0.0,0.0,0.0,0.0,0.0,0.0,0.0,0.0,0.0,0.0,0.0,0.0,0.0,0.0,0.038095238095238106,0.09523809523809496,0.7238095238095239,2.3809523809523814,8.952380952380954,11.542857142857144,4.476190476190477,1.7904761904761908,0.9070292104589686,0.03534289987841633,0.0,0.0,0.0,0.0,0.0,0.0,0.0,0.0,0.0,0.0,0.0,0.0,0.0,0.0,0.0,0.0,0.0,0.0,0.0,0.0,0.0,0.0,0.020562028786840308,0.06168608636052071,0.6579849211788898,2.6936257710760803,9.006168608636054,11.206305688827968,4.934886908841674,1.4187799862919812,0.398,0.00798,0.0,0.0,0.0,0.0,0.0,0.0,0.0,0.0,0.0,0.0,0.0,18.361904761904736,11.638095238095241,0.0,0.0,0.0,0.0,0.0,0.0,0.0,0.0,0.0,0.0,0.0,0.0,0.0,0.0,0.0,0.0,0.0,0.3975,0.007996,0.0,0.0,0.0,0.0,0.0,0.0,0.0,0.0,0.0,0.0,0.0,18.690884167237808,11.309115832762169,0.0,0.0,0.0,0.0,0.0,0.0,0.0,0.0,0.0,0.0,0.0,0.0,0.0,0.0,0.0,0.0,0.0
3300,3108,1583,0.5093307593307593,733,638,0.4411196911196911,896,0.5765765765765766,0.39799999999999996,2.958032786885246,3.0772900680402957,6.432071269487751,2.2025386111146217,8369.15579150579,506.6117626022898,7853.0,8866.4,8866.399999999998,1.8189894035458565e-12,7853.0,0.0,28.684684684684683,21.17730955125771,33.518631178707224,19.4286506625497,0.13223938223938225,0.10296010296010295,0.08783783783783784,0.0859073359073359,0.0826898326898327,0.064993564993565,0.07142857142857142,0.06306306306306306,0.061454311454311454,0.057593307593307594,0.04633204633204633,0.037644787644787646,0.037001287001287,0.030244530244530245,0.01866151866151866,0.013835263835263836,0.006113256113256113,0.9063335588463178,0.035279814883634776,0.0,0.0,0.0,0.0,0.0,0.0,0.0,0.0,0.0,0.0,0.0,0.0,0.0,0.0,0.0,0.0,0.0,0.0,0.0,0.0,0.0,0.0,0.028957528957528962,0.14478764478764433,0.6177606177606179,2.606177606177607,8.97683397683398,11.669884169884172,4.642857142857144,1.312741312741313,4.328232971372162,2.871097512275373,nan,nan,nan,4.538310412573674,2.9002753568056825,4.116071428571429,2.825517869876812,0.9069611935683365,0.3984,0.00784,0.0,0.0,0.0,0.0,0.0,0.0,0.0,0.0,0.0,0.0,0.0,17.760617760617734,12.239382239382241,0.0,0.0,0.0,0.0,0.0,0.0,0.0,0.0,0.0,0.0,0.0,0.0,0.0,0.0,0.0,0.0,0.0,nan,nan,4.328232971372162,2.871097512275373,nan,0.3984,0.0359,0.0,0.0,0.0,0.0,0.0,0.0,0.0,0.0,0.0,0.0,0.0,0.0,0.0,0.0,0.0,0.0,0.0,0.0,0.0,0.0,0.0,0.0,0.0,0.0001287001287001287,0.0,0.0,0.0,3.217503217503217e-05,0.0030405405405405407,0.003684041184041184,0.00028957528957528956,0.006499356499356499,0.0045045045045045045,0.010746460746460747,0.04182754182754183,0.03857786357786358,0.11015122265122265,0.06348133848133848,0.07422779922779922,0.12044723294723295,0.10912162162162162,0.08561776061776062,0.07602960102960103,0.10278314028314028,0.058832046332046334,0.033188545688545686,0.02981016731016731,0.01862934362934363,0.0024453024453024454,0.005228442728442729,0.00043436293436293434,0.00019305019305019305,1.6087516087516086e-05,0.0,3.217503217503217e-05,0.0,0.0,0.0,0.0,0.0,0.0,0.0,0.0,0.0,0.0,0.0,0.0,0.0,0.0,0.0,0.0,0.0,0.0,0.0,0.0,0.0,0.0,0.0,0.0,0.0,0.0,0.0,0.0,0.0,0.0,0.0,0.0,0.0,0.0,0.0,0.0,0.0,0.0,0.0,0.0,0.0,0.0,0.0,0.0,0.0,0.0,nan,nan,4.328232971372162,2.871097512275373,nan,0.906201655286366,0.03529978480640409,0.0,0.0,0.0,0.0,0.0,0.0,0.0,0.0,0.0,0.0,0.0,0.0,0.0,0.0,0.0,0.0,0.0,0.0,0.0,0.0,0.0,0.0,0.05685407454200885,0.1326595072646869,0.6064434617814278,2.6531901452937467,9.039797852179408,11.730890713834494,4.47252053063803,1.3076437144662036,0.9064704790662547,0.03525855152466679,0.0,0.0,0.0,0.0,0.0,0.0,0.0,0.0,0.0,0.0,0.0,0.0,0.0,0.0,0.0,0.0,0.0,0.0,0.0,0.0,0.0,0.0,0.0,0.15737704918032738,0.6295081967213116,2.5573770491803285,8.911475409836068,11.606557377049183,4.819672131147542,1.3180327868852462,0.398,0.007866,0.0,0.0,0.0,0.0,0.0,0.0,0.0,0.0,0.0,0.0,0.0,18.250157927984812,11.749842072015163,0.0,0.0,0.0,0.0,0.0,0.0,0.0,0.0,0.0,0.0,0.0,0.0,0.0,0.0,0.0,0.0,0.0,0.3987,0.00781,0.0,0.0,0.0,0.0,0.0,0.0,0.0,0.0,0.0,0.0,0.0,17.25245901639342,12.74754098360656,0.0,0.0,0.0,0.0,0.0,0.0,0.0,0.0,0.0,0.0,0.0,0.0,0.0,0.0,0.0,0.0,0.0
3400,3090,1595,0.5161812297734628,742,639,0.4469255663430421,880,0.56957928802589,0.40199999999999997,2.9478260869565216,3.075845092539513,6.453051643192488,2.1304637204138555,8376.098058252428,506.4345897404222,7853.0,8866.4,8866.399999999998,1.8189894035458565e-12,7853.0,0.0,27.816504854368933,20.939525795365235,33.046728971962615,19.105221763857386,0.14563106796116504,0.09838187702265372,0.09255663430420712,0.08122977346278318,0.0825242718446602,0.07864077669902912,0.06957928802588997,0.05533980582524272,0.062135922330097085,0.05663430420711974,0.045954692556634306,0.038187702265372166,0.03300970873786408,0.019417475728155338,0.021359223300970873,0.01197411003236246,0.00744336569579288,0.905728876417123,0.03385263875391823,0.0,0.0,0.0,0.0,0.0,0.0,0.0,0.0,0.0,0.0,0.0,0.0,0.0,0.0,0.0,0.0,0.0,0.0,0.0,0.0,0.0,0.0,0.009708737864077673,0.0485436893203882,0.5436893203883497,2.786407766990292,9.407766990291265,11.650485436893206,4.398058252427186,1.155339805825243,4.261809045226131,2.8520113230230786,nan,nan,nan,4.3216432865731464,2.8329850181807337,4.201612903225806,2.8697668746210407,0.9722257540967666,0.3984,0.007717,0.0,0.0,0.0,0.0,0.0,0.0,0.0,0.0,0.0,0.0,0.0,17.38834951456308,12.611650485436895,0.0,0.0,0.0,0.0,0.0,0.0,0.0,0.0,0.0,0.0,0.0,0.0,0.0,0.0,0.0,0.0,0.0,nan,nan,4.261809045226131,2.8520113230230786,nan,0.3984,0.03577,0.0,0.0,0.0,0.0,0.0,0.0,0.0,0.0,0.0,0.0,0.0,0.0,0.0,0.0,0.0,0.0,0.0,0.0,0.0,0.0,0.0,0.0,0.0,0.0002588996763754045,0.0,0.0,0.0,0.0,0.002540453074433657,0.0027346278317152105,0.00043689320388349515,0.005517799352750809,0.005080906148867314,0.009466019417475728,0.04033980582524272,0.04288025889967637,0.10885113268608414,0.06553398058252427,0.07432038834951456,0.12310679611650485,0.10635922330097088,0.0847411003236246,0.07590614886731392,0.10122977346278317,0.0584789644012945,0.031877022653721686,0.03355987055016181,0.01865695792880259,0.0015372168284789644,0.005792880258899676,0.0007119741100323624,3.2362459546925564e-05,4.854368932038835e-05,0.0,0.0,0.0,0.0,0.0,0.0,0.0,0.0,0.0,0.0,0.0,0.0,0.0,0.0,0.0,0.0,0.0,0.0,0.0,0.0,0.0,0.0,0.0,0.0,0.0,0.0,0.0,0.0,0.0,0.0,0.0,0.0,0.0,0.0,0.0,0.0,0.0,0.0,0.0,0.0,0.0,0.0,0.0,0.0,0.0,0.0,0.0,0.0,nan,nan,4.261809045226131,2.8520113230230786,nan,0.9058051658648308,0.03292502474419464,0.0,0.0,0.0,0.0,0.0,0.0,0.0,0.0,0.0,0.0,0.0,0.0,0.0,0.0,0.0,0.0,0.0,0.0,0.0,0.0,0.0,0.0,0.0,0.0,0.5642633228840127,2.6332288401253923,9.592476489028215,11.905956112852667,4.13793103448276,1.1661442006269596,0.9056474839963243,0.03481487637662488,0.0,0.0,0.0,0.0,0.0,0.0,0.0,0.0,0.0,0.0,0.0,0.0,0.0,0.0,0.0,0.0,0.0,0.0,0.0,0.0,0.0,0.0,0.020066889632107027,0.10033444816053481,0.5217391304347828,2.949832775919733,9.210702341137127,11.377926421404684,4.675585284280937,1.1438127090301007,0.3984,0.007748,0.0,0.0,0.0,0.0,0.0,0.0,0.0,0.0,0.0,0.0,0.0,16.92789968652035,13.072100313479627,0.0,0.0,0.0,0.0,0.0,0.0,0.0,0.0,0.0,0.0,0.0,0.0,0.0,0.0,0.0,0.0,0.0,0.3984,0.007683,0.0,0.0,0.0,0.0,0.0,0.0,0.0,0.0,0.0,0.0,0.0,17.879598662207332,12.120401337792645,0.0,0.0,0.0,0.0,0.0,0.0,0.0,0.0,0.0,0.0,0.0,0.0,0.0,0.0,0.0,0.0,0.0
3500,2961,1525,0.5150287065180682,733,564,0.4380276933468423,800,0.5403579871664979,0.414,3.0557103064066853,3.0862196154783628,6.3475336322869955,2.1818309498473796,8374.93009118541,506.47105970872997,7853.0,8866.4,8866.399999999998,1.8189894035458565e-12,7853.0,0.0,28.350219520432287,21.065647558145685,33.12370311252993,19.376717049628276,0.13103681188787572,0.10435663627152988,0.09929078014184398,0.07970280310705842,0.07598784194528875,0.0800405268490375,0.07058426207362378,0.05707531239446133,0.060790273556231005,0.05572441742654509,0.041202296521445456,0.044241810199257006,0.038162782843633905,0.022627490712597096,0.019250253292806486,0.0121580547112462,0.007767646065518406,0.9043740932500994,0.03567762939292386,0.0,0.0,0.0,0.0,0.0,0.0,0.0,0.0,0.0,0.0,0.0,0.0,0.0,0.0,0.0,0.0,0.0,0.0,0.0,0.0,0.0,0.0,0.07092198581560286,0.17223910840932063,0.7092198581560285,2.7456940222897677,9.15906788247214,11.59067882472138,4.397163120567377,1.1550151975683893,4.301837270341207,2.81143555017435,6.0,0.0,1.3947528981086028,4.282722513089006,2.784712364754146,4.322818086225026,2.836945464099806,1.0093621692774815,0.3982,0.007744,0.0,0.0,0.0,0.0,0.0,0.0,0.0,0.0,0.0,0.0,0.0,17.81155015197566,12.188449848024318,0.0,0.0,0.0,0.0,0.0,0.0,0.0,0.0,0.0,0.0,0.0,0.0,0.0,0.0,0.0,0.0,0.0,nan,nan,4.302728226652675,2.8109669251266616,nan,0.3982,0.0357,0.0,0.0,0.0,0.0,0.0,0.0,0.0,0.0,0.0,0.0,0.0,0.0,0.0,0.0,0.0,0.0,0.0,0.0,0.0,0.0,0.0,0.0,0.0,0.00020263424518743666,0.0,0.0,0.0,0.0,0.0025329280648429585,0.003056399864910503,0.00021952043228638972,0.005606214116852415,0.003900709219858156,0.009017223910840932,0.04110097939885174,0.04380276933468423,0.10997973657548125,0.06649780479567714,0.0759709557581898,0.12532928064842958,0.101435325903411,0.08507261060452549,0.07911178655859506,0.09741641337386019,0.05685579196217494,0.03049645390070922,0.035106382978723406,0.020077676460655183,0.0016210739614994933,0.004863221884498481,0.0006754474839581223,5.0658561296859166e-05,0.0,0.0,0.0,0.0,0.0,0.0,0.0,0.0,0.0,0.0,0.0,0.0,0.0,0.0,0.0,0.0,0.0,0.0,0.0,0.0,0.0,0.0,0.0,0.0,0.0,0.0,0.0,0.0,0.0,0.0,0.0,0.0,0.0,0.0,0.0,0.0,0.0,0.0,0.0,0.0,0.0,0.0,0.0,0.0,0.0,0.0,0.0,0.0,0.0,nan,nan,4.302728226652675,2.8109669251266616,nan,0.9042420896154936,0.03608019702024193,0.0,0.0,0.0,0.0,0.0,0.0,0.0,0.0,0.0,0.0,0.0,0.0,0.0,0.0,0.0,0.0,0.0,0.0,0.0,0.0,0.0,0.0,0.07868852459016396,0.21639344262295016,0.7278688524590166,2.5377049180327873,9.403278688524592,11.33114754098361,4.485245901639345,1.2196721311475414,0.9045142781684657,0.035244536182887774,0.0,0.0,0.0,0.0,0.0,0.0,0.0,0.0,0.0,0.0,0.0,0.0,0.0,0.0,0.0,0.0,0.0,0.0,0.0,0.0,0.0,0.0,0.0626740947075209,0.1253481894150414,0.6894150417827299,2.9665738161559894,8.89972144846797,11.866295264623957,4.303621169916436,1.0863509749303624,0.3984,0.00783,0.0,0.0,0.0,0.0,0.0,0.0,0.0,0.0,0.0,0.0,0.0,17.37049180327866,12.629508196721314,0.0,0.0,0.0,0.0,0.0,0.0,0.0,0.0,0.0,0.0,0.0,0.0,0.0,0.0,0.0,0.0,0.0,0.398,0.007645,0.0,0.0,0.0,0.0,0.0,0.0,0.0,0.0,0.0,0.0,0.0,18.279944289693567,11.72005571030641,0.0,0.0,0.0,0.0,0.0,0.0,0.0,0.0,0.0,0.0,0.0,0.0,0.0,0.0,0.0,0.0,0.0
3600,3062,1577,0.515022860875245,770,625,0.4555845852384063,866,0.565643370346179,0.422,3.090909090909091,3.1810388656007977,6.777011494252873,2.108205160763032,8374.924167210973,506.4712378138883,7853.0,8866.4,8866.399999999998,1.8189894035458565e-12,7853.0,0.0,28.45754408883083,21.036141807832188,33.39472663823187,19.242056903823677,0.13455258001306336,0.09960809928151534,0.09274983670803397,0.08229915088177661,0.08099281515349445,0.07511430437622468,0.06564337034617897,0.06629653821032006,0.06401045068582625,0.05094709340300457,0.04768125408229915,0.041149575440888306,0.033964728935336384,0.025800130633572827,0.020248203788373612,0.012410189418680601,0.006531678641410843,0.9038358951105471,0.03552099266214403,0.0,0.0,0.0,0.0,0.0,0.0,0.0,0.0,0.0,0.0,0.0,0.0,0.0,0.0,0.0,0.0,0.0,0.0,0.0,0.0,0.0,0.0,0.01959503592423253,0.2645329849771383,0.5682560418027435,2.8412802090137173,9.542782495101243,11.453298497713915,4.026779882429786,1.2834748530372309,4.35964035964036,2.9159949321090024,4.0,0.0,0.917506874427131,4.326326326326327,2.9172123243540193,4.392430278884462,2.912977979197639,1.015279465202586,0.3982,0.00784,0.0,0.0,0.0,0.0,0.0,0.0,0.0,0.0,0.0,0.0,0.0,17.58654474199867,12.413455258001308,0.0,0.0,0.0,0.0,0.0,0.0,0.0,0.0,0.0,0.0,0.0,0.0,0.0,0.0,0.0,0.0,0.0,nan,nan,4.35946080878682,2.9152780039091692,nan,0.3982,0.0358,0.0,0.0,0.0,0.0,0.0,0.0,0.0,0.0,0.0,0.0,0.0,0.0,0.0,0.0,0.0,0.0,0.0,0.0,0.0,0.0,0.0,0.0,0.0,3.2658393207054215e-05,0.0,0.0,0.0,0.0,0.0026453298497713914,0.003804702808621816,0.00019595035924232528,0.006123448726322665,0.0037883736120182887,0.00958523840627041,0.03972893533638145,0.04428478118876551,0.10955258001306335,0.06654147615937296,0.07441214892227302,0.12653494448073155,0.10117570215545395,0.08638145003265839,0.08321358589157414,0.09387655127367733,0.05323318092749837,0.03260940561724363,0.032021554539516654,0.02297517962116264,0.0014532984977139124,0.005502939255388635,0.00032658393207054214,0.0,0.0,0.0,0.0,0.0,0.0,0.0,0.0,0.0,0.0,0.0,0.0,0.0,0.0,0.0,0.0,0.0,0.0,0.0,0.0,0.0,0.0,0.0,0.0,0.0,0.0,0.0,0.0,0.0,0.0,0.0,0.0,0.0,0.0,0.0,0.0,0.0,0.0,0.0,0.0,0.0,0.0,0.0,0.0,0.0,0.0,0.0,0.0,0.0,0.0,nan,nan,4.35946080878682,2.9152780039091692,nan,0.9030388708574226,0.03605204573072396,0.0,0.0,0.0,0.0,0.0,0.0,0.0,0.0,0.0,0.0,0.0,0.0,0.0,0.0,0.0,0.0,0.0,0.0,0.0,0.0,0.0,0.0,0.019023462270133167,0.3233988585922628,0.5136334812935955,2.986683576410907,9.587824984147117,11.185795814838302,4.223208623969564,1.1604311984781233,0.9046822972971984,0.0349282989410639,0.0,0.0,0.0,0.0,0.0,0.0,0.0,0.0,0.0,0.0,0.0,0.0,0.0,0.0,0.0,0.0,0.0,0.0,0.0,0.0,0.0,0.0,0.020202020202020207,0.2020202020202014,0.6262626262626264,2.6868686868686873,9.494949494949497,11.73737373737374,3.818181818181819,1.4141414141414144,0.3982,0.00794,0.0,0.0,0.0,0.0,0.0,0.0,0.0,0.0,0.0,0.0,0.0,17.23525681674062,12.764743183259355,0.0,0.0,0.0,0.0,0.0,0.0,0.0,0.0,0.0,0.0,0.0,0.0,0.0,0.0,0.0,0.0,0.0,0.398,0.00774,0.0,0.0,0.0,0.0,0.0,0.0,0.0,0.0,0.0,0.0,0.0,17.959595959595934,12.040404040404043,0.0,0.0,0.0,0.0,0.0,0.0,0.0,0.0,0.0,0.0,0.0,0.0,0.0,0.0,0.0,0.0,0.0
3700,3157,1629,0.5159961989230282,772,620,0.44092492872980676,880,0.5574912891986062,0.38999999999999996,2.9587696335078535,3.092424717401404,6.535714285714286,2.0763488362498044,8375.910547988597,506.44062646465204,7853.0,8866.4,8866.399999999998,1.8189894035458565e-12,7853.0,0.0,28.234399746594868,20.99082370510179,33.312027231467475,19.15269854086208,0.14063984795692114,0.10738042445359519,0.08077288565093443,0.08267342413683877,0.08330693696547355,0.07158694963573012,0.06493506493506493,0.06303452644916059,0.0598669623059867,0.057649667405764965,0.04909724421919544,0.04592968007602154,0.03230915426037377,0.027241051631295535,0.018055115616091227,0.010452961672473868,0.005068102629078239,0.9023887012478367,0.03457864733288709,0.0,0.0,0.0,0.0,0.0,0.0,0.0,0.0,0.0,0.0,0.0,0.0,0.0,0.0,0.0,0.0,0.0,0.0,0.0,0.0,0.0,0.0,0.0,0.14254038644282502,0.6746911624960407,3.221412733607856,10.101362052581567,10.947101678808998,3.7440608172315497,1.1688311688311692,4.273617229564366,2.8875183288082997,nan,nan,nan,4.274052478134111,2.8657552511579794,4.273445212240869,2.9108598913749657,0.9998579180072428,0.3984,0.008095,0.0,0.0,0.0,0.0,0.0,0.0,0.0,0.0,0.0,0.0,0.0,17.56097560975607,12.439024390243905,0.0,0.0,0.0,0.0,0.0,0.0,0.0,0.0,0.0,0.0,0.0,0.0,0.0,0.0,0.0,0.0,0.0,nan,nan,4.273617229564366,2.8875183288082997,nan,0.3984,0.03586,0.0,0.0,0.0,0.0,0.0,0.0,0.0,0.0,0.0,0.0,0.0,0.0,0.0,0.0,0.0,0.0,0.0,0.0,0.0,0.0,0.0,0.0,0.0,0.0,0.0,0.0,0.0,6.335128286347799e-05,0.0027557808045612924,0.003563509661070637,0.00026924295216978144,0.00630345264491606,0.004181184668989547,0.010199556541019957,0.03924611973392461,0.04494773519163763,0.10771301868862844,0.062179284130503644,0.07524548622109598,0.12483370288248337,0.10400696864111499,0.08519163763066202,0.08175483053531835,0.0928888184985746,0.058932530883750396,0.03280012670256573,0.03496990814063985,0.021491922711434908,0.0008077288565093443,0.0052739942983845425,0.00028508077288565093,7.918910357934748e-05,0.0,0.0,1.5837820715869496e-05,0.0,0.0,0.0,0.0,0.0,0.0,0.0,0.0,0.0,0.0,0.0,0.0,0.0,0.0,0.0,0.0,0.0,0.0,0.0,0.0,0.0,0.0,0.0,0.0,0.0,0.0,0.0,0.0,0.0,0.0,0.0,0.0,0.0,0.0,0.0,0.0,0.0,0.0,0.0,0.0,0.0,0.0,0.0,0.0,0.0,0.0,nan,nan,4.273617229564366,2.8875183288082997,nan,0.9027464635683906,0.03450292678613958,0.0,0.0,0.0,0.0,0.0,0.0,0.0,0.0,0.0,0.0,0.0,0.0,0.0,0.0,0.0,0.0,0.0,0.0,0.0,0.0,0.0,0.0,0.0,0.11049723756906042,0.7550644567219155,2.9834254143646413,10.331491712707184,10.773480662983427,3.885819521178638,1.1602209944751385,0.9020072910252042,0.034655123392685845,0.0,0.0,0.0,0.0,0.0,0.0,0.0,0.0,0.0,0.0,0.0,0.0,0.0,0.0,0.0,0.0,0.0,0.0,0.0,0.0,0.0,0.0,0.0,0.17670157068062772,0.5890052356020944,3.4751308900523568,9.85602094240838,11.132198952879584,3.5929319371727755,1.1780104712041888,0.3984,0.00827,0.0,0.0,0.0,0.0,0.0,0.0,0.0,0.0,0.0,0.0,0.0,18.15837937384896,11.841620626151014,0.0,0.0,0.0,0.0,0.0,0.0,0.0,0.0,0.0,0.0,0.0,0.0,0.0,0.0,0.0,0.0,0.0,0.3984,0.00791,0.0,0.0,0.0,0.0,0.0,0.0,0.0,0.0,0.0,0.0,0.0,16.924083769633484,13.075916230366495,0.0,0.0,0.0,0.0,0.0,0.0,0.0,0.0,0.0,0.0,0.0,0.0,0.0,0.0,0.0,0.0,0.0
3800,3340,1716,0.5137724550898204,773,702,0.4416167664670659,959,0.574251497005988,0.37799999999999995,2.9242610837438425,3.0157309353940085,6.396017699115045,1.9722145316822854,8373.657005988023,506.50774128718905,7853.0,8866.4,8866.399999999998,1.8189894035458565e-12,7853.0,0.0,28.479940119760478,21.206679379285564,33.27343473646975,19.523575899404054,0.13502994011976047,0.09940119760479042,0.10089820359281437,0.07994011976047904,0.08083832335329341,0.06976047904191617,0.06766467065868263,0.06736526946107785,0.05808383233532934,0.052095808383233536,0.04640718562874251,0.0344311377245509,0.03562874251497006,0.03143712574850299,0.02155688622754491,0.011976047904191617,0.0074850299401197605,0.9005591781731851,0.03452418185844691,0.0,0.0,0.0,0.0,0.0,0.0,0.0,0.0,0.0,0.0,0.0,0.0,0.0,0.0,0.0,0.0,0.0,0.0,0.0,0.0,0.0,0.0,0.017964071856287428,0.16167664670658632,0.7904191616766468,3.2784431137724557,10.535928143712576,10.571856287425152,3.709580838323354,0.9341317365269464,4.300092764378479,2.834884073360154,nan,nan,nan,4.3665743305632505,2.8433184530173645,4.232991612301957,2.8247594058199743,0.9694078909120362,0.399,0.007797,0.0,0.0,0.0,0.0,0.0,0.0,0.0,0.0,0.0,0.0,0.0,16.22155688622752,13.778443113772457,0.0,0.0,0.0,0.0,0.0,0.0,0.0,0.0,0.0,0.0,0.0,0.0,0.0,0.0,0.0,0.0,0.0,nan,nan,4.300092764378479,2.834884073360154,nan,0.3992,0.0357,0.0,0.0,0.0,0.0,0.0,0.0,0.0,0.0,0.0,0.0,0.0,0.0,0.0,0.0,0.0,0.0,0.0,0.0,0.0,0.0,0.0,0.0,0.0,0.0,0.0,0.0,0.0,0.0001347305389221557,0.0018862275449101796,0.0030239520958083833,0.0002245508982035928,0.006931137724550898,0.0036077844311377246,0.011541916167664671,0.03785928143712575,0.0429940119760479,0.10639221556886228,0.062410179640718565,0.07016467065868263,0.1248502994011976,0.10179640718562874,0.08934131736526946,0.0843562874251497,0.09368263473053892,0.06333832335329341,0.034161676646706586,0.03404191616766467,0.020718562874251497,0.0005538922155688623,0.005553892215568863,0.0003592814371257485,1.497005988023952e-05,2.994011976047904e-05,2.994011976047904e-05,0.0,0.0,0.0,0.0,0.0,0.0,0.0,0.0,0.0,0.0,0.0,0.0,0.0,0.0,0.0,0.0,0.0,0.0,0.0,0.0,0.0,0.0,0.0,0.0,0.0,0.0,0.0,0.0,0.0,0.0,0.0,0.0,0.0,0.0,0.0,0.0,0.0,0.0,0.0,0.0,0.0,0.0,0.0,0.0,0.0,0.0,0.0,nan,nan,4.300092764378479,2.834884073360154,nan,0.9004332446482354,0.03439287529132374,0.0,0.0,0.0,0.0,0.0,0.0,0.0,0.0,0.0,0.0,0.0,0.0,0.0,0.0,0.0,0.0,0.0,0.0,0.0,0.0,0.0,0.0,0.034965034965034975,0.15734265734265684,0.7692307692307694,3.4440559440559446,10.437062937062938,10.419580419580422,3.951048951048952,0.7867132867132869,0.9006922458633414,0.034661889351623905,0.0,0.0,0.0,0.0,0.0,0.0,0.0,0.0,0.0,0.0,0.0,0.0,0.0,0.0,0.0,0.0,0.0,0.0,0.0,0.0,0.0,0.0,0.0,0.16625615763546744,0.8128078817733991,3.1034482758620694,10.640394088669954,10.732758620689657,3.454433497536946,1.0899014778325127,0.3992,0.00775,0.0,0.0,0.0,0.0,0.0,0.0,0.0,0.0,0.0,0.0,0.0,16.31118881118879,13.68881118881119,0.0,0.0,0.0,0.0,0.0,0.0,0.0,0.0,0.0,0.0,0.0,0.0,0.0,0.0,0.0,0.0,0.0,0.399,0.00784,0.0,0.0,0.0,0.0,0.0,0.0,0.0,0.0,0.0,0.0,0.0,16.12684729064037,13.873152709359609,0.0,0.0,0.0,0.0,0.0,0.0,0.0,0.0,0.0,0.0,0.0,0.0,0.0,0.0,0.0,0.0,0.0
3900,3326,1660,0.49909801563439565,781,718,0.45069152134696333,966,0.5808779314491882,0.40599999999999997,2.8979591836734695,3.098488678302782,6.468271334792123,2.1839828382967674,8358.785929043897,506.6991755216176,7853.0,8866.4,8866.399999999998,1.8189894035458565e-12,7853.0,0.0,27.619963920625377,20.752236796287992,32.516117478510026,19.055296501343324,0.13890559230306676,0.10703547805171378,0.09440769693325315,0.08478653036680697,0.07787131689717378,0.07997594708358388,0.06584485868911606,0.061034275405892964,0.06374022850270596,0.04630186410102225,0.04720384846662658,0.04269392663860493,0.030667468430547205,0.029765484064942876,0.01503307276007216,0.0072158749248346366,0.00751653638003608,0.8999352917675505,0.035967428454766366,0.0,0.0,0.0,0.0,0.0,0.0,0.0,0.0,0.0,0.0,0.0,0.0,0.0,0.0,0.0,0.0,0.0,0.0,0.0,0.0,0.0,0.0,0.02705953096812989,0.15333734215273553,0.8749248346361997,3.6620565243535785,10.219482862297056,10.381840048105834,3.616957306073362,1.0643415514131092,4.352941176470588,2.944330708259918,nan,nan,nan,4.39517625231911,2.879402721723758,4.31015037593985,3.008079717429316,0.9806547288440604,0.3987,0.007725,0.0,0.0,0.0,0.0,0.0,0.0,0.0,0.0,0.0,0.0,0.0,17.33613950691519,12.663860493084789,0.0,0.0,0.0,0.0,0.0,0.0,0.0,0.0,0.0,0.0,0.0,0.0,0.0,0.0,0.0,0.0,0.0,nan,nan,4.352941176470588,2.944330708259918,nan,0.3987,0.03574,0.0,0.0,0.0,0.0,0.0,0.0,0.0,0.0,0.0,0.0,0.0,0.0,0.0,0.0,0.0,0.0,0.0,0.0,0.0,0.0,0.0,0.0,0.0,0.0,0.0,0.0,0.0,7.51653638003608e-05,0.00187913409500902,0.0026458208057727,0.00013529765484064944,0.00772699939867709,0.004434756464221287,0.01232711966325917,0.03705652435357787,0.043009621166566446,0.1071858087793145,0.06419122068550812,0.07026458208057727,0.12196331930246543,0.10452495490078172,0.09102525556223692,0.08532772098616957,0.09076969332531569,0.06252254960914011,0.0334786530366807,0.029630186410102226,0.02248947684906795,0.0010673481659651232,0.005742633794347565,0.0002555622369212267,0.0002705953096812989,0.0,0.0,0.0,0.0,0.0,0.0,0.0,0.0,0.0,0.0,0.0,0.0,0.0,0.0,0.0,0.0,0.0,0.0,0.0,0.0,0.0,0.0,0.0,0.0,0.0,0.0,0.0,0.0,0.0,0.0,0.0,0.0,0.0,0.0,0.0,0.0,0.0,0.0,0.0,0.0,0.0,0.0,0.0,0.0,0.0,0.0,0.0,0.0,0.0,nan,nan,4.352941176470588,2.944330708259918,nan,0.8992734905466976,0.03530780485858953,0.0,0.0,0.0,0.0,0.0,0.0,0.0,0.0,0.0,0.0,0.0,0.0,0.0,0.0,0.0,0.0,0.0,0.0,0.0,0.0,0.0,0.0,0.01807228915662651,0.10843373493975869,0.9578313253012051,3.5963855421686755,10.60843373493976,10.319277108433736,3.4518072289156634,0.9397590361445786,0.9005947095506331,0.036600958716373456,0.0,0.0,0.0,0.0,0.0,0.0,0.0,0.0,0.0,0.0,0.0,0.0,0.0,0.0,0.0,0.0,0.0,0.0,0.0,0.0,0.0,0.0,0.036014405762304934,0.19807923169267647,0.7923169267707084,3.7274909963985605,9.831932773109246,10.444177671068429,3.781512605042018,1.1884753901560627,0.3987,0.007645,0.0,0.0,0.0,0.0,0.0,0.0,0.0,0.0,0.0,0.0,0.0,17.674698795180696,12.32530120481928,0.0,0.0,0.0,0.0,0.0,0.0,0.0,0.0,0.0,0.0,0.0,0.0,0.0,0.0,0.0,0.0,0.0,0.399,0.007805,0.0,0.0,0.0,0.0,0.0,0.0,0.0,0.0,0.0,0.0,0.0,16.9987995198079,13.001200480192079,0.0,0.0,0.0,0.0,0.0,0.0,0.0,0.0,0.0,0.0,0.0,0.0,0.0,0.0,0.0,0.0,0.0
4000,3183,1660,0.5215205780710022,767,610,0.43261074458058435,851,0.5347156770342444,0.418,3.087984241628365,3.1548158177836236,6.5176211453744495,2.221916777208187,8381.508953817154,506.23044113664383,7853.0,8866.4,8866.399999999998,1.8189894035458565e-12,7853.0,0.0,28.704681118441723,21.563198658025758,33.89785955689072,19.74969369322332,0.14074772227458374,0.10493245366006912,0.08733898837574615,0.08074143889412504,0.0706880301602262,0.07571473452717561,0.06691800188501414,0.0666038328620798,0.0568645931511153,0.053408733898837574,0.04995287464655985,0.040841972981464025,0.03361608545397424,0.027018535972353125,0.020420986490732013,0.012566760917373547,0.011624253848570531,0.9003982648810538,0.03610107653813496,0.0,0.0,0.0,0.0,0.0,0.0,0.0,0.0,0.0,0.0,0.0,0.0,0.0,0.0,0.0,0.0,0.0,0.0,0.0,0.0,0.0,0.0,0.009425070688030163,0.23562676720075326,0.8671065032987749,3.4118755890669186,10.301602262016967,10.527803958529692,3.3930254476908583,1.2535344015080117,4.267543859649122,2.895694728985765,nan,nan,nan,4.242453748782863,2.825090845072841,4.2926829268292686,2.9645375770608924,1.0118396524796096,0.399,0.007797,0.0,0.0,0.0,0.0,0.0,0.0,0.0,0.0,0.0,0.0,0.009425070688030163,16.390197926484426,13.600377002827523,0.0,0.0,0.0,0.0,0.0,0.0,0.0,0.0,0.0,0.0,0.0,0.0,0.0,0.0,0.0,0.0,0.0,nan,nan,4.267543859649122,2.895694728985765,nan,0.399,0.03583,0.0,0.0,0.0,0.0,0.0,0.0,0.0,0.0,0.0,0.0,0.0,0.0,0.0,0.0,0.0,0.0,0.0,0.0,0.0,0.0,0.0,0.0,0.0,0.0,0.0,0.0,0.0,7.854225573358467e-05,0.0022463085139805216,0.002890355010995916,0.00025133521834747095,0.006958843857995602,0.004649701539428212,0.011278667923342759,0.0351555136663525,0.040433553251649386,0.10834118755890669,0.06300659754948162,0.07529060634621426,0.1183631793905121,0.10739868049010368,0.0912818096135721,0.08509267986176564,0.08999371661954131,0.06236255105246623,0.03187244737668866,0.031134150172792963,0.023578385171222117,0.001445177505497958,0.00604775369148602,0.0003455859252277725,0.0005026704366949419,0.0,0.0,0.0,0.0,0.0,0.0,0.0,0.0,0.0,0.0,0.0,0.0,0.0,0.0,0.0,0.0,0.0,0.0,0.0,0.0,0.0,0.0,0.0,0.0,0.0,0.0,0.0,0.0,0.0,0.0,0.0,0.0,0.0,0.0,0.0,0.0,0.0,0.0,0.0,0.0,0.0,0.0,0.0,0.0,0.0,0.0,0.0,0.0,0.0,nan,nan,4.267543859649122,2.895694728985765,nan,0.9001085092504341,0.03588722440012905,0.0,0.0,0.0,0.0,0.0,0.0,0.0,0.0,0.0,0.0,0.0,0.0,0.0,0.0,0.0,0.0,0.0,0.0,0.0,0.0,0.0,0.0,0.01807228915662651,0.21686746987951738,0.8493975903614459,3.4156626506024104,10.60843373493976,10.246987951807231,3.4156626506024104,1.2289156626506026,0.9007140852007048,0.036330099851201475,0.0,0.0,0.0,0.0,0.0,0.0,0.0,0.0,0.0,0.0,0.0,0.0,0.0,0.0,0.0,0.0,0.0,0.0,0.0,0.0,0.0,0.0,0.0,0.2560735390676289,0.8864084044648721,3.4077478660538416,9.967170059093895,10.833880499015104,3.3683519369665142,1.2803676953381486,0.399,0.00789,0.0,0.0,0.0,0.0,0.0,0.0,0.0,0.0,0.0,0.0,0.0,16.64457831325299,13.35542168674699,0.0,0.0,0.0,0.0,0.0,0.0,0.0,0.0,0.0,0.0,0.0,0.0,0.0,0.0,0.0,0.0,0.0,0.3992,0.007694,0.0,0.0,0.0,0.0,0.0,0.0,0.0,0.0,0.0,0.0,0.019697964543663828,16.112934996716984,13.867367038739333,0.0,0.0,0.0,0.0,0.0,0.0,0.0,0.0,0.0,0.0,0.0,0.0,0.0,0.0,0.0,0.0,0.0
4100,3280,1695,0.5167682926829268,769,691,0.4451219512195122,919,0.5603658536585366,0.426,2.926813880126183,3.0770864184416613,6.713235294117647,2.1094143141067017,8376.692987804878,506.41497644270265,7853.0,8866.4,8866.399999999998,1.8189894035458565e-12,7853.0,0.0,27.520426829268292,20.834573688785344,32.522437066763956,19.14528899029344,0.1420731707317073,0.10091463414634147,0.09542682926829268,0.08932926829268292,0.08231707317073171,0.07378048780487804,0.07347560975609756,0.06554878048780488,0.049695121951219515,0.049695121951219515,0.044817073170731705,0.036280487804878046,0.03536585365853658,0.02804878048780488,0.015853658536585366,0.010365853658536586,0.00701219512195122,0.9005480343067065,0.03662453732973176,0.0,0.0,0.0,0.0,0.0,0.0,0.0,0.0,0.0,0.0,0.0,0.0,0.0,0.0,0.0,0.0,0.0,0.0,0.0,0.0,0.018292682926829274,0.009146341463414637,0.03658536585365855,0.36585365853658425,0.6402439024390245,3.2012195121951224,10.353658536585368,10.884146341463417,3.3750000000000004,1.1158536585365857,4.282088122605364,2.893284774986602,5.0,0.0,1.1676546247623307,4.292589027911453,2.9400577039761067,4.272380952380952,2.844895018168349,0.9952923339739482,0.3992,0.007996,0.0,0.0,0.0,0.0,0.0,0.0,0.0,0.0,0.0,0.0,0.009146341463414637,16.134146341463392,13.856707317073173,0.0,0.0,0.0,0.0,0.0,0.0,0.0,0.0,0.0,0.0,0.0,0.0,0.0,0.0,0.0,0.0,0.0,nan,nan,4.282431785543322,2.8926348134474456,nan,0.3992,0.0361,0.0,0.0,0.0,0.0,0.0,0.0,0.0,0.0,0.0,0.0,0.0,0.0,0.0,0.0,0.0,0.0,0.0,0.0,0.0,0.0,0.0,0.0,0.0,0.0,0.0,0.0,1.524390243902439e-05,6.097560975609756e-05,0.001829268292682927,0.0031402439024390246,0.00010670731707317073,0.0075,0.005289634146341464,0.011509146341463414,0.03699695121951219,0.038765243902439024,0.10657012195121951,0.05960365853658536,0.0742530487804878,0.119375,0.11146341463414634,0.08861280487804878,0.08492378048780488,0.0904420731707317,0.06301829268292683,0.03359756097560976,0.02919207317073171,0.023323170731707317,0.001951219512195122,0.007865853658536585,0.0001981707317073171,0.00035060975609756096,0.0,4.573170731707317e-05,0.0,0.0,0.0,0.0,0.0,0.0,0.0,0.0,0.0,0.0,0.0,0.0,0.0,0.0,0.0,0.0,0.0,0.0,0.0,0.0,0.0,0.0,0.0,0.0,0.0,0.0,0.0,0.0,0.0,0.0,0.0,0.0,0.0,0.0,0.0,0.0,0.0,0.0,0.0,0.0,0.0,0.0,0.0,0.0,0.0,0.0,0.0,nan,nan,4.282431785543322,2.8926348134474456,nan,0.9003382218270879,0.03755549542324526,0.0,0.0,0.0,0.0,0.0,0.0,0.0,0.0,0.0,0.0,0.0,0.0,0.0,0.0,0.0,0.0,0.0,0.0,0.0,0.0,0.03539823008849558,0.01769911504424779,0.03539823008849558,0.40707964601769786,0.761061946902655,3.0796460176991154,9.964601769911507,11.203539823008851,3.3451327433628326,1.1504424778761064,0.9007724079047844,0.03560067568538892,0.0,0.0,0.0,0.0,0.0,0.0,0.0,0.0,0.0,0.0,0.0,0.0,0.0,0.0,0.0,0.0,0.0,0.0,0.0,0.0,0.0,0.0,0.03785488958990537,0.3217665615141946,0.5110410094637226,3.3312302839116725,10.769716088328078,10.542586750788645,3.4069400630914832,1.0788643533123032,0.3992,0.00795,0.0,0.0,0.0,0.0,0.0,0.0,0.0,0.0,0.0,0.0,0.0,15.89380530973449,14.10619469026549,0.0,0.0,0.0,0.0,0.0,0.0,0.0,0.0,0.0,0.0,0.0,0.0,0.0,0.0,0.0,0.0,0.0,0.3994,0.00805,0.0,0.0,0.0,0.0,0.0,0.0,0.0,0.0,0.0,0.0,0.018927444794952685,16.391167192429,13.589905362776028,0.0,0.0,0.0,0.0,0.0,0.0,0.0,0.0,0.0,0.0,0.0,0.0,0.0,0.0,0.0,0.0,0.0
4200,3343,1744,0.5216871073885732,831,680,0.45198923122943463,921,0.5510020939276099,0.418,2.9874921826141336,3.098321061180801,6.57488986784141,2.0825231141359644,8381.67771462758,506.2231425564703,7853.0,8866.4,8866.399999999998,1.8189894035458565e-12,7853.0,0.0,28.127729584205802,20.94011274342409,33.111111111111114,19.13826708081482,0.14029314986539038,0.09661980257253963,0.0891414896799282,0.09033801974274604,0.07717618905174993,0.07508226144181873,0.0759796589889321,0.06251869578223153,0.055937780436733475,0.05234819024827999,0.049655997606939874,0.038588094525874965,0.03380197427460365,0.026024528866287765,0.01734968591085851,0.01226443314388274,0.006880047861202512,0.8983518477510344,0.0356202210679253,0.0,0.0,0.0,0.0,0.0,0.0,0.0,0.0,0.0,0.0,0.0,0.0,0.0,0.0,0.0,0.0,0.0,0.0,0.0,0.0,0.0,0.0,0.07179180376906971,0.2333233622494758,0.7986838169309005,3.742147771462759,10.616212982351184,10.517499252168713,3.015255758300928,1.005085252766976,4.181524249422633,2.9403351657294716,6.0,0.0,1.4348834640450678,4.229433272394881,2.9553985320439256,4.1361940298507465,2.9238015263245027,0.9779546722837079,0.3997,0.008,0.0,0.0,0.0,0.0,0.0,0.0,0.0,0.0,0.0,0.0,0.0,15.139096619802551,14.860903380197431,0.0,0.0,0.0,0.0,0.0,0.0,0.0,0.0,0.0,0.0,0.0,0.0,0.0,0.0,0.0,0.0,0.0,nan,nan,4.183202584217812,2.9394966885091276,nan,0.3997,0.03622,0.0,0.0,0.0,0.0,0.0,0.0,0.0,0.0,0.0,0.0,0.0,0.0,0.0,0.0,0.0,0.0,0.0,0.0,0.0,0.0,0.0,0.0,0.0,0.0,0.0,0.0,0.0,1.4956625785222854e-05,0.0019144481005085253,0.003051151660185462,4.4869877355668565e-05,0.0065210888423571645,0.005683517798384685,0.011890517499252169,0.034579718815435236,0.03960514507927012,0.10524977565061322,0.06057433443015256,0.07500747831289262,0.1154501944361352,0.10825605743344302,0.09101106790308107,0.08332336224947652,0.0930002991325157,0.06558480406820222,0.03446006580915346,0.02918037690696979,0.024693389171402933,0.0022285372419982054,0.00839066706551002,2.991325157044571e-05,0.00017947950942267426,7.478312892611427e-05,0.0,0.0,0.0,0.0,0.0,0.0,0.0,0.0,0.0,0.0,0.0,0.0,0.0,0.0,0.0,0.0,0.0,0.0,0.0,0.0,0.0,0.0,0.0,0.0,0.0,0.0,0.0,0.0,0.0,0.0,0.0,0.0,0.0,0.0,0.0,0.0,0.0,0.0,0.0,0.0,0.0,0.0,0.0,0.0,0.0,0.0,0.0,0.0,nan,nan,4.183202584217812,2.9394966885091276,nan,0.897451076690757,0.036261512270155706,0.0,0.0,0.0,0.0,0.0,0.0,0.0,0.0,0.0,0.0,0.0,0.0,0.0,0.0,0.0,0.0,0.0,0.0,0.0,0.0,0.0,0.0,0.08600917431192662,0.24082568807339375,0.8600917431192662,4.008027522935781,10.424311926605506,10.33830275229358,3.0963302752293584,0.946100917431193,0.8993343022407928,0.03488083539636508,0.0,0.0,0.0,0.0,0.0,0.0,0.0,0.0,0.0,0.0,0.0,0.0,0.0,0.0,0.0,0.0,0.0,0.0,0.0,0.0,0.0,0.0,0.05628517823639776,0.2251407129455903,0.7317073170731708,3.4521575984990625,10.825515947467169,10.712945590994373,2.9268292682926833,1.0694183864915574,0.3997,0.00801,0.0,0.0,0.0,0.0,0.0,0.0,0.0,0.0,0.0,0.0,0.0,15.344036697247683,14.655963302752298,0.0,0.0,0.0,0.0,0.0,0.0,0.0,0.0,0.0,0.0,0.0,0.0,0.0,0.0,0.0,0.0,0.0,0.4,0.007996,0.0,0.0,0.0,0.0,0.0,0.0,0.0,0.0,0.0,0.0,0.0,14.915572232645383,15.0844277673546,0.0,0.0,0.0,0.0,0.0,0.0,0.0,0.0,0.0,0.0,0.0,0.0,0.0,0.0,0.0,0.0,0.0
4300,3349,1742,0.5201552702299194,818,667,0.44341594505822635,929,0.5547924753657808,0.414,3.0,3.090825897605569,6.510964912280702,2.219305830026566,8380.125350851,506.28815415987503,7853.0,8866.4,8866.399999999998,1.8189894035458565e-12,7853.0,0.0,28.401612421618392,21.14560727114756,33.44768683274021,19.34122153642689,0.1391460137354434,0.09495371752762019,0.095252314123619,0.08569722305165721,0.07882950134368469,0.07196177963571215,0.07017020005971931,0.0638996715437444,0.055240370259779036,0.05165721110779337,0.05494177366378023,0.03911615407584353,0.02926246640788295,0.028068080023887727,0.022096148103911615,0.014034040011943864,0.005673335323977307,0.9001889180766892,0.03574725986008358,0.0,0.0,0.0,0.0,0.0,0.0,0.0,0.0,0.0,0.0,0.0,0.0,0.0,0.0,0.0,0.0,0.0,0.0,0.0,0.0,0.0,0.0,0.00895789787996417,0.14332636607942625,0.7972529113168111,3.7623171095849517,10.15825619587937,10.498656315318007,3.4667064795461338,1.164526724395342,4.255663430420712,2.8246339039173196,1.0,0.0,0.23498098859315592,4.293738489871086,2.876733590829524,4.215413184772516,2.772062531556696,0.9817582497668782,0.3997,0.00812,0.0,0.0,0.0,0.0,0.0,0.0,0.0,0.0,0.0,0.0,0.0,15.443415945058204,14.556584054941776,0.0,0.0,0.0,0.0,0.0,0.0,0.0,0.0,0.0,0.0,0.0,0.0,0.0,0.0,0.0,0.0,0.0,nan,nan,4.254158964879852,2.8248478742443734,nan,0.3997,0.0361,0.0,0.0,0.0,0.0,0.0,0.0,0.0,0.0,0.0,0.0,0.0,0.0,0.0,0.0,0.0,0.0,0.0,0.0,0.0,0.0,0.0,0.0,0.0,0.0,0.0,0.0,0.0,0.0,0.0015079128097939684,0.0030755449387876977,0.00013436846819946252,0.006106300388175574,0.0059271424305762915,0.01121230217975515,0.03729471484025082,0.04010152284263959,0.10443415945058226,0.06255598686174978,0.07409674529710361,0.11327261869214691,0.10601672140937593,0.08908629441624366,0.08626455658405494,0.09628247237981487,0.06484025082114064,0.035428486115258284,0.02924753657808301,0.023678710062705284,0.002299193789190803,0.006957300686772171,8.957897879964168e-05,2.985965959988056e-05,5.971931919976112e-05,0.0,0.0,0.0,0.0,0.0,0.0,0.0,0.0,0.0,0.0,0.0,0.0,0.0,0.0,0.0,0.0,0.0,0.0,0.0,0.0,0.0,0.0,0.0,0.0,0.0,0.0,0.0,0.0,0.0,0.0,0.0,0.0,0.0,0.0,0.0,0.0,0.0,0.0,0.0,0.0,0.0,0.0,0.0,0.0,0.0,0.0,0.0,0.0,nan,nan,4.254158964879852,2.8248478742443734,nan,0.8995397035481598,0.03600663577197352,0.0,0.0,0.0,0.0,0.0,0.0,0.0,0.0,0.0,0.0,0.0,0.0,0.0,0.0,0.0,0.0,0.0,0.0,0.0,0.0,0.0,0.0,0.017221584385763496,0.20665901262916123,0.8266360505166477,3.857634902411023,10.212399540757751,10.470723306544205,3.2204362801377733,1.1882893226176812,0.9008926714735144,0.035450524920603015,0.0,0.0,0.0,0.0,0.0,0.0,0.0,0.0,0.0,0.0,0.0,0.0,0.0,0.0,0.0,0.0,0.0,0.0,0.0,0.0,0.0,0.0,0.0,0.07467330429371477,0.7654013690105789,3.6589919103920354,10.099564405724955,10.528935905413817,3.7336652146857503,1.138767890479154,0.3997,0.00823,0.0,0.0,0.0,0.0,0.0,0.0,0.0,0.0,0.0,0.0,0.0,16.016073478760024,13.983926521239956,0.0,0.0,0.0,0.0,0.0,0.0,0.0,0.0,0.0,0.0,0.0,0.0,0.0,0.0,0.0,0.0,0.0,0.4,0.00799,0.0,0.0,0.0,0.0,0.0,0.0,0.0,0.0,0.0,0.0,0.0,14.822650902302406,15.177349097697576,0.0,0.0,0.0,0.0,0.0,0.0,0.0,0.0,0.0,0.0,0.0,0.0,0.0,0.0,0.0,0.0,0.0
4400,3276,1695,0.5173992673992674,823,669,0.4554334554334554,911,0.5561660561660562,0.422,2.862112586970272,3.0801994136016386,6.569086651053865,2.164603442917692,8377.332417582418,506.39311591904476,7853.0,8866.4,8866.399999999998,1.8189894035458565e-12,7853.0,0.0,28.233821733821735,20.86290862301854,33.04299132947977,19.115105057021403,0.13278388278388278,0.10347985347985347,0.08791208791208792,0.09065934065934066,0.0815018315018315,0.07631257631257632,0.0641025641025641,0.06227106227106227,0.061660561660561664,0.05463980463980464,0.04822954822954823,0.04120879120879121,0.033577533577533576,0.027777777777777776,0.01617826617826618,0.012515262515262516,0.005189255189255189,0.8998941952346736,0.0360028118780495,0.0,0.0,0.0,0.0,0.0,0.0,0.0,0.0,0.0,0.0,0.0,0.0,0.0,0.0,0.0,0.0,0.0,0.0,0.0,0.0,0.0,0.0,0.01831501831501832,0.1648351648351643,0.9157509157509159,3.681318681318682,10.320512820512823,10.24725274725275,3.4706959706959712,1.1813186813186816,4.149742629854937,2.9229764733817323,nan,nan,nan,4.172350230414747,2.9472740677334452,4.126425855513308,2.8975185005850492,0.9889931639566909,0.3997,0.00801,0.0,0.0,0.0,0.0,0.0,0.0,0.0,0.0,0.0,0.0,0.0,15.613553113553092,14.386446886446889,0.0,0.0,0.0,0.0,0.0,0.0,0.0,0.0,0.0,0.0,0.0,0.0,0.0,0.0,0.0,0.0,0.0,nan,nan,4.149742629854937,2.9229764733817323,nan,0.3997,0.03616,0.0,0.0,0.0,0.0,0.0,0.0,0.0,0.0,0.0,0.0,0.0,0.0,0.0,0.0,0.0,0.0,0.0,0.0,0.0,0.0,0.0,0.0,0.0,0.0,0.0,4.578754578754579e-05,1.5262515262515263e-05,0.0,0.001617826617826618,0.0026098901098901097,0.0001221001221001221,0.007463369963369964,0.005463980463980464,0.011141636141636142,0.03905677655677656,0.04122405372405372,0.10242673992673992,0.06011904761904762,0.07431318681318681,0.11306471306471307,0.10102258852258852,0.08905677655677656,0.08908730158730159,0.0995115995115995,0.0655982905982906,0.03635531135531136,0.028266178266178266,0.023336385836385837,0.002106227106227106,0.006974969474969475,0.0,0.0,0.0,0.0,0.0,0.0,0.0,0.0,0.0,0.0,0.0,0.0,0.0,0.0,0.0,0.0,0.0,0.0,0.0,0.0,0.0,0.0,0.0,0.0,0.0,0.0,0.0,0.0,0.0,0.0,0.0,0.0,0.0,0.0,0.0,0.0,0.0,0.0,0.0,0.0,0.0,0.0,0.0,0.0,0.0,0.0,0.0,0.0,0.0,0.0,0.0,nan,nan,4.149742629854937,2.9229764733817323,nan,0.9005421194003395,0.03578122776051979,0.0,0.0,0.0,0.0,0.0,0.0,0.0,0.0,0.0,0.0,0.0,0.0,0.0,0.0,0.0,0.0,0.0,0.0,0.0,0.0,0.0,0.0,0.0,0.10619469026548639,0.9026548672566373,3.6637168141592933,10.088495575221241,10.477876106194692,3.5044247787610625,1.256637168141593,0.8991995516794532,0.0362259989100602,0.0,0.0,0.0,0.0,0.0,0.0,0.0,0.0,0.0,0.0,0.0,0.0,0.0,0.0,0.0,0.0,0.0,0.0,0.0,0.0,0.0,0.0,0.0379506641366224,0.2277039848197336,0.9297912713472487,3.7001897533206836,10.569259962049339,10.000000000000002,3.434535104364327,1.1005692599620496,0.3997,0.00795,0.0,0.0,0.0,0.0,0.0,0.0,0.0,0.0,0.0,0.0,0.0,15.557522123893785,14.442477876106198,0.0,0.0,0.0,0.0,0.0,0.0,0.0,0.0,0.0,0.0,0.0,0.0,0.0,0.0,0.0,0.0,0.0,0.3997,0.00807,0.0,0.0,0.0,0.0,0.0,0.0,0.0,0.0,0.0,0.0,0.0,15.673624288425025,14.326375711574954,0.0,0.0,0.0,0.0,0.0,0.0,0.0,0.0,0.0,0.0,0.0,0.0,0.0,0.0,0.0,0.0,0.0
4500,3308,1695,0.5123941958887546,791,678,0.4440749697702539,933,0.5640870616686819,0.422,2.924984500929944,3.0626768582218222,6.55787037037037,2.105192676554424,8372.260278113665,506.54430153117625,7853.0,8866.4,8866.399999999998,1.8189894035458565e-12,7853.0,0.0,27.530532043530833,20.88483939138028,32.50975433526011,19.204122350619617,0.1444981862152358,0.10399032648125756,0.0903869407496977,0.08978234582829504,0.08494558645707376,0.07164449818621524,0.06378476420798065,0.07285368802902055,0.05259975816203144,0.0562273276904474,0.035973397823458285,0.039298669891172915,0.03536880290205562,0.02267230955259976,0.015417170495767836,0.011789600967351875,0.008766626360338573,0.897557584359395,0.0361928146340475,0.0,0.0,0.0,0.0,0.0,0.0,0.0,0.0,0.0,0.0,0.0,0.0,0.0,0.0,0.0,0.0,0.0,0.0,0.0,0.0,0.0,0.0,0.045344619105199525,0.26299879081015637,0.9340991535671103,3.8633615477629997,10.773881499395408,9.948609431680776,3.0652962515114877,1.1064087061668684,4.318073438245112,2.85183682968413,nan,nan,nan,4.352941176470588,2.833907240703497,4.282837967401726,2.8694113299185755,0.9838952087274235,0.4,0.00773,0.0,0.0,0.0,0.0,0.0,0.0,0.0,0.0,0.0,0.0,0.0,15.226723095525976,14.773276904474004,0.0,0.0,0.0,0.0,0.0,0.0,0.0,0.0,0.0,0.0,0.0,0.0,0.0,0.0,0.0,0.0,0.0,nan,nan,4.318073438245112,2.85183682968413,nan,0.4,0.0361,0.0,0.0,0.0,0.0,0.0,0.0,0.0,0.0,0.0,0.0,0.0,0.0,0.0,0.0,0.0,0.0,0.0,0.0,0.0,0.0,0.0,0.0,0.0,0.0,0.0,0.00022672309552599758,6.0459492140266024e-05,0.0,0.001647521160822249,0.002569528415961306,7.557436517533252e-05,0.0066958887545344615,0.0055471584038694075,0.010973397823458284,0.03695586457073761,0.04277509068923821,0.10350665054413542,0.060489721886336154,0.07512091898428053,0.10779927448609432,0.10285671100362757,0.08886033857315599,0.09265417170495768,0.100226723095526,0.0678657799274486,0.033902660217654174,0.02690447400241838,0.022853688029020557,0.001617291414752116,0.007663240628778718,0.00013603385731559856,1.5114873035066506e-05,0.0,0.0,0.0,0.0,0.0,0.0,0.0,0.0,0.0,0.0,0.0,0.0,0.0,0.0,0.0,0.0,0.0,0.0,0.0,0.0,0.0,0.0,0.0,0.0,0.0,0.0,0.0,0.0,0.0,0.0,0.0,0.0,0.0,0.0,0.0,0.0,0.0,0.0,0.0,0.0,0.0,0.0,0.0,0.0,0.0,0.0,0.0,0.0,0.0,nan,nan,4.318073438245112,2.85183682968413,nan,0.8968799238008032,0.03492542246403724,0.0,0.0,0.0,0.0,0.0,0.0,0.0,0.0,0.0,0.0,0.0,0.0,0.0,0.0,0.0,0.0,0.0,0.0,0.0,0.0,0.0,0.0,0.0,0.26548672566371595,0.9203539823008853,3.681415929203541,11.504424778761065,9.769911504424782,2.88495575221239,0.9734513274336286,0.8982696951137739,0.037465277657273435,0.0,0.0,0.0,0.0,0.0,0.0,0.0,0.0,0.0,0.0,0.0,0.0,0.0,0.0,0.0,0.0,0.0,0.0,0.0,0.0,0.0,0.0,0.09299442033477993,0.2603843769373829,0.9485430874147552,4.054556726596405,10.00619962802232,10.136391816491013,3.2548047117172976,1.2461252324860512,0.4,0.007805,0.0,0.0,0.0,0.0,0.0,0.0,0.0,0.0,0.0,0.0,0.0,15.292035398230068,14.707964601769916,0.0,0.0,0.0,0.0,0.0,0.0,0.0,0.0,0.0,0.0,0.0,0.0,0.0,0.0,0.0,0.0,0.0,0.3997,0.00765,0.0,0.0,0.0,0.0,0.0,0.0,0.0,0.0,0.0,0.0,0.0,15.158090514569103,14.841909485430877,0.0,0.0,0.0,0.0,0.0,0.0,0.0,0.0,0.0,0.0,0.0,0.0,0.0,0.0,0.0,0.0,0.0
4600,3114,1617,0.5192678227360308,751,626,0.4421965317919075,877,0.5632626846499679,0.426,3.0460921843687374,3.042322228485379,6.406392694063927,2.1526569016455763,8379.226011560693,506.32363649402294,7853.0,8866.4,8866.399999999998,1.8189894035458565e-12,7853.0,0.0,28.291265253693,20.898359577177054,33.15188427864484,19.132085488917355,0.13583815028901733,0.1014771997430957,0.09248554913294797,0.08477842003853564,0.073538856775851,0.07482337829158639,0.06647398843930635,0.07225433526011561,0.05394990366088632,0.05684007707129094,0.05170199100834939,0.0394990366088632,0.03564547206165703,0.029543994861913937,0.015093127809890815,0.009312780989081566,0.00674373795761079,0.8992014592399793,0.035228697622862085,0.0,0.0,0.0,0.0,0.0,0.0,0.0,0.0,0.0,0.0,0.0,0.0,0.0,0.0,0.0,0.0,0.0,0.0,0.0,0.0,0.0,0.0,0.028901734104046246,0.07707129094412307,0.809248554913295,3.8824662813102124,10.857418111753374,9.903660886319848,3.333333333333334,1.107899807321773,4.311630218687872,2.8063411451042657,6.0,0.0,1.391585014409222,4.349494949494949,2.860224393873289,4.2783203125,2.7510081090665475,0.9836361145784952,0.4,0.007698,0.0,0.0,0.0,0.0,0.0,0.0,0.0,0.0,0.0,0.0,0.0,14.942196531791886,15.057803468208094,0.0,0.0,0.0,0.0,0.0,0.0,0.0,0.0,0.0,0.0,0.0,0.0,0.0,0.0,0.0,0.0,0.0,nan,nan,4.313306852035749,2.8054514402671176,nan,0.4,0.03632,0.0,0.0,0.0,0.0,0.0,0.0,0.0,0.0,0.0,0.0,0.0,0.0,0.0,0.0,0.0,0.0,0.0,0.0,0.0,0.0,0.0,0.0,1.6056518946692357e-05,0.0,0.0,0.00024084778420038535,4.816955684007707e-05,0.0,0.0010597302504816955,0.003098908156711625,9.633911368015414e-05,0.006326268464996789,0.006936416184971098,0.01199421965317919,0.03729929351316635,0.04052665382145151,0.1017019910083494,0.05894348105330764,0.07785806037251124,0.10846178548490687,0.10146114322414901,0.08567758509955042,0.09487797045600514,0.100417469492614,0.0668272318561336,0.033477842003853564,0.027424534360950548,0.02527296082209377,0.0024084778420038534,0.007402055234425177,0.00014450867052023122,0.0,0.0,0.0,0.0,0.0,0.0,0.0,0.0,0.0,0.0,0.0,0.0,0.0,0.0,0.0,0.0,0.0,0.0,0.0,0.0,0.0,0.0,0.0,0.0,0.0,0.0,0.0,0.0,0.0,0.0,0.0,0.0,0.0,0.0,0.0,0.0,0.0,0.0,0.0,0.0,0.0,0.0,0.0,0.0,0.0,0.0,0.0,0.0,0.0,0.0,nan,nan,4.313306852035749,2.8054514402671176,nan,0.8985533945045873,0.035397051563071,0.0,0.0,0.0,0.0,0.0,0.0,0.0,0.0,0.0,0.0,0.0,0.0,0.0,0.0,0.0,0.0,0.0,0.0,0.0,0.0,0.0,0.0,0.037105751391465686,0.11131725417439668,0.9647495361781079,3.747680890538034,10.500927643784788,10.315398886827461,3.302411873840446,1.0204081632653064,0.8999014730523568,0.035032473840126664,0.0,0.0,0.0,0.0,0.0,0.0,0.0,0.0,0.0,0.0,0.0,0.0,0.0,0.0,0.0,0.0,0.0,0.0,0.0,0.0,0.0,0.0,0.020040080160320647,0.040080160320641156,0.6412825651302607,4.02805611222445,11.242484969939882,9.458917835671345,3.3667334669338684,1.2024048096192388,0.3997,0.00773,0.0,0.0,0.0,0.0,0.0,0.0,0.0,0.0,0.0,0.0,0.0,15.732838589981425,14.267161410018556,0.0,0.0,0.0,0.0,0.0,0.0,0.0,0.0,0.0,0.0,0.0,0.0,0.0,0.0,0.0,0.0,0.0,0.4004,0.007652,0.0,0.0,0.0,0.0,0.0,0.0,0.0,0.0,0.0,0.0,0.0,14.088176352705391,15.911823647294591,0.0,0.0,0.0,0.0,0.0,0.0,0.0,0.0,0.0,0.0,0.0,0.0,0.0,0.0,0.0,0.0,0.0
4700,3179,1680,0.5284680717206669,812,633,0.45454545454545453,895,0.5630701478452343,0.414,3.068045363575717,3.1382487662425254,6.596846846846847,2.117513620144878,8388.549543881723,505.8780424349493,7853.0,8866.4,8866.399999999998,1.8189894035458565e-12,7853.0,0.0,28.883296634161685,20.98299692916558,33.60983727810651,19.17130593557196,0.12865681031770998,0.09531299150676313,0.09657124882038377,0.07675369613085876,0.08084303240012583,0.07455174583202265,0.07203523120478138,0.06322743000943692,0.06354199433784209,0.051273985530040894,0.05536332179930796,0.04120792702107581,0.03460207612456748,0.029569046870084933,0.018559295375904374,0.01100975149418056,0.006920415224913495,0.9008995728434238,0.035341559489764994,0.0,0.0,0.0,0.0,0.0,0.0,0.0,0.0,0.0,0.0,0.0,0.0,0.0,0.0,0.0,0.0,0.0,0.0,0.0,0.0,0.0,0.0,0.0283107895564643,0.1038062283737021,0.6983328090594528,3.652091852783895,10.493865995596101,10.352312047813781,3.368983957219252,1.302296319597358,4.192399049881235,2.9151971682195525,3.0,0.0,0.7155807365439093,4.29688972667295,2.890962181305713,4.080459770114943,2.9320597710918377,0.949631019103302,0.3994,0.007797,0.0,0.0,0.0,0.0,0.0,0.0,0.0,0.0,0.0,0.0,0.0,16.108839257628162,13.891160742371817,0.0,0.0,0.0,0.0,0.0,0.0,0.0,0.0,0.0,0.0,0.0,0.0,0.0,0.0,0.0,0.0,0.0,nan,nan,4.1918328584995255,2.914620733396903,nan,0.3994,0.0365,0.0,0.0,0.0,0.0,0.0,0.0,0.0,0.0,0.0,0.0,0.0,0.0,0.0,0.0,0.0,0.0,0.0,0.0,0.0,0.0,0.0,0.0,0.0,0.0,0.0,0.0004561182761874803,0.0,3.145643284051588e-05,0.0010380622837370243,0.0031456432840515887,7.864108210128971e-05,0.006464296948726015,0.007675369613085876,0.013699276502044668,0.03766907832651777,0.04303240012582573,0.1030670022019503,0.05806857502359233,0.07672223969801824,0.11034916640452973,0.10418370556778861,0.08293488518402013,0.09073608052846807,0.09773513683548285,0.06833910034602077,0.033123623781063226,0.027115445108524695,0.024724756212645485,0.002736709657124882,0.0066844919786096255,0.00017301038062283736,0.0,0.0,1.572821642025794e-05,0.0,0.0,0.0,0.0,0.0,0.0,0.0,0.0,0.0,0.0,0.0,0.0,0.0,0.0,0.0,0.0,0.0,0.0,0.0,0.0,0.0,0.0,0.0,0.0,0.0,0.0,0.0,0.0,0.0,0.0,0.0,0.0,0.0,0.0,0.0,0.0,0.0,0.0,0.0,0.0,0.0,0.0,0.0,0.0,0.0,0.0,0.0,nan,nan,4.1918328584995255,2.914620733396903,nan,0.9014975855393069,0.03518551370147654,0.0,0.0,0.0,0.0,0.0,0.0,0.0,0.0,0.0,0.0,0.0,0.0,0.0,0.0,0.0,0.0,0.0,0.0,0.0,0.0,0.0,0.0,0.017857142857142863,0.1071428571428568,0.6071428571428573,3.8392857142857153,10.267857142857146,10.500000000000002,3.3035714285714293,1.3571428571428574,0.9002293518100125,0.03550366403900019,0.0,0.0,0.0,0.0,0.0,0.0,0.0,0.0,0.0,0.0,0.0,0.0,0.0,0.0,0.0,0.0,0.0,0.0,0.0,0.0,0.0,0.0,0.04002668445630421,0.1000667111407602,0.8005336891260842,3.442294863242162,10.74716477651768,10.186791194129421,3.442294863242162,1.2408272181454305,0.3994,0.007904,0.0,0.0,0.0,0.0,0.0,0.0,0.0,0.0,0.0,0.0,0.0,16.142857142857117,13.85714285714286,0.0,0.0,0.0,0.0,0.0,0.0,0.0,0.0,0.0,0.0,0.0,0.0,0.0,0.0,0.0,0.0,0.0,0.3994,0.007675,0.0,0.0,0.0,0.0,0.0,0.0,0.0,0.0,0.0,0.0,0.0,16.07071380920611,13.929286190793865,0.0,0.0,0.0,0.0,0.0,0.0,0.0,0.0,0.0,0.0,0.0,0.0,0.0,0.0,0.0,0.0,0.0
4800,3311,1729,0.5221987315010571,793,693,0.44880700694654185,953,0.5756569012382966,0.41,2.9734513274336285,3.1123997509485033,6.724770642201835,2.1066585552708625,8382.196194503169,506.20036668583646,7853.0,8866.4,8866.399999999998,1.8189894035458565e-12,7853.0,0.0,27.672908486861974,20.837905137365034,32.576826196473554,19.15844004546168,0.13802476593174268,0.1038961038961039,0.0960434913923286,0.08366052552099064,0.08849290244639083,0.07399577167019028,0.06372697070371489,0.06674720628209001,0.05557233464210208,0.052854122621564484,0.041679250981576564,0.04107520386590154,0.036544850498338874,0.02567200241618846,0.014195107218363033,0.009664753850800362,0.008154636061612805,0.9022425879743732,0.035900185823964405,0.0,0.0,0.0,0.0,0.0,0.0,0.0,0.0,0.0,0.0,0.0,0.0,0.0,0.0,0.0,0.0,0.0,0.0,0.0,0.0,0.0,0.0,0.027182120205376022,0.12684989429175436,0.6523708849290246,3.4340078526125044,9.830866807610995,10.800362428269407,3.8326789489580197,1.2956810631229239,4.320338186942227,2.9493556274936665,nan,nan,nan,4.303724928366762,2.880527031923531,4.334875115633673,3.015343925649993,1.0072379596246017,0.4,0.00802,0.0,0.0,0.0,0.0,0.0,0.0,0.0,0.0,0.0,0.0,0.0,15.049833887043167,14.950166112956815,0.0,0.0,0.0,0.0,0.0,0.0,0.0,0.0,0.0,0.0,0.0,0.0,0.0,0.0,0.0,0.0,0.0,nan,nan,4.320338186942227,2.9493556274936665,nan,0.4,0.0366,0.0,0.0,0.0,0.0,0.0,0.0,0.0,0.0,0.0,0.0,0.0,0.0,0.0,0.0,0.0,0.0,0.0,0.0,0.0,0.0,0.0,0.0,0.0,0.0,0.0,0.0003624282694050136,0.0,6.040471156750227e-05,0.0009362730292962851,0.003729990939293265,0.00013591060102688008,0.006855934762911507,0.008048927816369678,0.014180006040471156,0.034657203261854425,0.041090305043793414,0.10286922379945636,0.05646330413772274,0.07413168227121715,0.10942313500453035,0.10379039565086076,0.08248263364542434,0.09355179704016914,0.10403201449713077,0.06712473572938689,0.03344910903050438,0.02694050135910601,0.02598912715191785,0.002854122621564482,0.006689821806100876,0.00015101177891875566,0.0,0.0,0.0,0.0,0.0,0.0,0.0,0.0,0.0,0.0,0.0,0.0,0.0,0.0,0.0,0.0,0.0,0.0,0.0,0.0,0.0,0.0,0.0,0.0,0.0,0.0,0.0,0.0,0.0,0.0,0.0,0.0,0.0,0.0,0.0,0.0,0.0,0.0,0.0,0.0,0.0,0.0,0.0,0.0,0.0,0.0,0.0,0.0,0.0,0.0,nan,nan,4.320338186942227,2.9493556274936665,nan,0.9020591306851874,0.03529038455782081,0.0,0.0,0.0,0.0,0.0,0.0,0.0,0.0,0.0,0.0,0.0,0.0,0.0,0.0,0.0,0.0,0.0,0.0,0.0,0.0,0.0,0.0,0.017351069982648935,0.12145748987854213,0.6072874493927127,3.4355118565644887,10.046269519953732,10.58415268941585,4.042799305957201,1.1451706188548296,0.9024430921798108,0.03655396454493176,0.0,0.0,0.0,0.0,0.0,0.0,0.0,0.0,0.0,0.0,0.0,0.0,0.0,0.0,0.0,0.0,0.0,0.0,0.0,0.0,0.0,0.0,0.037926675094816696,0.132743362831858,0.7016434892541089,3.432364096080911,9.595448798988624,11.036662452591658,3.603034134007586,1.4601769911504427,0.4,0.00809,0.0,0.0,0.0,0.0,0.0,0.0,0.0,0.0,0.0,0.0,0.0,14.939271255060708,15.060728744939276,0.0,0.0,0.0,0.0,0.0,0.0,0.0,0.0,0.0,0.0,0.0,0.0,0.0,0.0,0.0,0.0,0.0,0.4,0.007935,0.0,0.0,0.0,0.0,0.0,0.0,0.0,0.0,0.0,0.0,0.0,15.170670037926651,14.829329962073327,0.0,0.0,0.0,0.0,0.0,0.0,0.0,0.0,0.0,0.0,0.0,0.0,0.0,0.0,0.0,0.0,0.0
4900,3262,1668,0.5113427345187002,754,660,0.4334763948497854,935,0.5732679337829553,0.41,2.8695106649937263,3.001971144393017,6.301927194860814,2.1045623253833994,8371.19472716125,506.569601582535,7853.0,8866.4,8866.399999999998,1.8189894035458565e-12,7853.0,0.0,28.05824647455549,20.881647553003244,32.66991341991342,19.26088240943792,0.13120784794604537,0.10331085223789087,0.0941140404659718,0.09258123850398528,0.08307786633966892,0.07786633966891478,0.06897608828939301,0.0539546290619252,0.05671367259350092,0.052421827099938687,0.045064377682403435,0.045370938074800735,0.03310852237890864,0.026364193746167996,0.01870018393623544,0.010423053341508276,0.00674432863274065,0.9000102749892643,0.0365432296405419,0.0,0.0,0.0,0.0,0.0,0.0,0.0,0.0,0.0,0.0,0.0,0.0,0.0,0.0,0.0,0.0,0.0,0.0,0.0,0.0,0.0,0.01839362354383814,0.08277130594727163,0.2942979767014093,0.6253832004904968,3.55916615573268,10.116492949110977,10.797057020232987,3.3476394849785414,1.158798283261803,4.137667304015296,2.7836548165818527,4.0,2.449489742783178,0.966728280961183,4.133079847908745,2.8070675369720646,4.141491395793499,2.7581028328439183,1.0020351767191262,0.4,0.007935,0.0,0.0,0.0,0.0,0.0,0.0,0.0,0.0,0.0,0.0,0.0,15.432250153280174,14.567749846719806,0.0,0.0,0.0,0.0,0.0,0.0,0.0,0.0,0.0,0.0,0.0,0.0,0.0,0.0,0.0,0.0,0.0,nan,nan,4.137273593898952,2.7827660767003866,nan,0.4,0.03687,0.0,0.0,0.0,0.0,0.0,0.0,0.0,0.0,0.0,0.0,0.0,0.0,0.0,0.0,0.0,0.0,0.0,0.0,0.0,0.0,0.0,0.0,0.0,0.0,0.0,0.00015328019619865113,0.0,4.598405885959534e-05,0.0008890251379521766,0.004153893316983446,0.00038320049049662784,0.0075260576333537705,0.008415082771305947,0.013381361128142245,0.038228080931943596,0.037385039852851014,0.10737277743715512,0.051778050275904354,0.07567443286327406,0.10643776824034334,0.10643776824034334,0.08569895769466584,0.0891477621091355,0.10396995708154506,0.0658185162477008,0.03333844267320662,0.02769773145309626,0.024509503372164315,0.0034334763948497852,0.007694665849172287,0.00016860821581851624,0.00016860821581851624,6.131207847946045e-05,3.0656039239730225e-05,0.0,0.0,0.0,0.0,0.0,0.0,0.0,0.0,0.0,0.0,0.0,0.0,0.0,0.0,0.0,0.0,0.0,0.0,0.0,0.0,0.0,0.0,0.0,0.0,0.0,0.0,0.0,0.0,0.0,0.0,0.0,0.0,0.0,0.0,0.0,0.0,0.0,0.0,0.0,0.0,0.0,0.0,0.0,0.0,0.0,0.0,0.0,nan,nan,4.137273593898952,2.7827660767003866,nan,0.8997931959245988,0.037315536795615424,0.0,0.0,0.0,0.0,0.0,0.0,0.0,0.0,0.0,0.0,0.0,0.0,0.0,0.0,0.0,0.0,0.0,0.0,0.0,0.0,0.0,0.01798561151079137,0.05395683453237411,0.44964028776978276,0.6834532374100721,3.5251798561151086,9.892086330935253,10.683453237410074,3.5791366906474824,1.115107913669065,0.9002374317520385,0.03571578027590944,0.0,0.0,0.0,0.0,0.0,0.0,0.0,0.0,0.0,0.0,0.0,0.0,0.0,0.0,0.0,0.0,0.0,0.0,0.0,0.0,0.0,0.01882057716436638,0.11292346298619826,0.1317440401505642,0.5646173149309913,3.594730238393978,10.351317440401507,10.915934755332499,3.1053952321204523,1.2045169385194483,0.4001,0.00786,0.0,0.0,0.0,0.0,0.0,0.0,0.0,0.0,0.0,0.0,0.0,14.676258992805733,15.323741007194249,0.0,0.0,0.0,0.0,0.0,0.0,0.0,0.0,0.0,0.0,0.0,0.0,0.0,0.0,0.0,0.0,0.0,0.3994,0.007996,0.0,0.0,0.0,0.0,0.0,0.0,0.0,0.0,0.0,0.0,0.0,16.22333751568379,13.776662484316187,0.0,0.0,0.0,0.0,0.0,0.0,0.0,0.0,0.0,0.0,0.0,0.0,0.0,0.0,0.0,0.0,0.0
5000,3210,1659,0.516822429906542,802,609,0.4395638629283489,893,0.5563862928348909,0.418,3.007736943907157,3.079424359936557,6.52967032967033,1.9730878630951278,8376.747850467289,506.41313252565317,7853.0,8866.4,8866.399999999998,1.8189894035458565e-12,7853.0,0.0,28.690654205607476,21.210573243762752,33.727777777777774,19.354173793005906,0.13987538940809968,0.08847352024922119,0.0940809968847352,0.08348909657320873,0.08348909657320873,0.07850467289719626,0.06012461059190031,0.06043613707165109,0.055763239875389406,0.06199376947040498,0.04672897196261682,0.0426791277258567,0.03987538940809969,0.025856697819314642,0.019626168224299065,0.012149532710280374,0.006853582554517134,0.8989787524734331,0.03522850372058326,0.0,0.0,0.0,0.0,0.0,0.0,0.0,0.0,0.0,0.0,0.0,0.0,0.0,0.0,0.0,0.0,0.0,0.0,0.0,0.0,0.0,0.0,0.018691588785046735,0.25233644859813004,0.6542056074766357,3.6635514018691593,10.813084112149536,10.205607476635516,3.327102803738318,1.065420560747664,4.273724368144969,2.8283328939215617,nan,nan,nan,4.2696310312204355,2.87555764097138,4.2778846153846155,2.7795080060897757,1.001933090729346,0.4001,0.00817,0.0,0.0,0.0,0.0,0.0,0.0,0.0,0.0,0.0,0.0,0.0,14.869158878504653,15.13084112149533,0.0,0.0,0.0,0.0,0.0,0.0,0.0,0.0,0.0,0.0,0.0,0.0,0.0,0.0,0.0,0.0,0.0,nan,nan,4.273724368144969,2.8283328939215617,nan,0.4001,0.03702,0.0,0.0,0.0,0.0,0.0,0.0,0.0,0.0,0.0,0.0,0.0,0.0,0.0,0.0,0.0,0.0,0.0,0.0,0.0,0.0,0.0,0.0,0.0,0.0,0.0,1.557632398753894e-05,0.0,4.672897196261682e-05,0.0010124610591900312,0.0046105919003115265,0.0003426791277258567,0.009361370716510903,0.008208722741433023,0.013925233644859814,0.03844236760124611,0.03680685358255452,0.10141744548286605,0.049641744548286605,0.0792834890965732,0.10320872274143301,0.10190031152647976,0.08954828660436137,0.09118380062305297,0.10727414330218069,0.0678816199376947,0.03160436137071651,0.029501557632398753,0.0235202492211838,0.004221183800623053,0.0067601246105919,0.00018691588785046728,0.0,4.672897196261682e-05,0.0,4.672897196261682e-05,0.0,0.0,0.0,0.0,0.0,0.0,0.0,0.0,0.0,0.0,0.0,0.0,0.0,0.0,0.0,0.0,0.0,0.0,0.0,0.0,0.0,0.0,0.0,0.0,0.0,0.0,0.0,0.0,0.0,0.0,0.0,0.0,0.0,0.0,0.0,0.0,0.0,0.0,0.0,0.0,0.0,0.0,0.0,0.0,0.0,0.0,nan,nan,4.273724368144969,2.8283328939215617,nan,0.8980744396296519,0.03573796586873841,0.0,0.0,0.0,0.0,0.0,0.0,0.0,0.0,0.0,0.0,0.0,0.0,0.0,0.0,0.0,0.0,0.0,0.0,0.0,0.0,0.0,0.0,0.01808318264014467,0.1989150090415907,0.7594936708860761,4.0867992766726955,10.795660036166367,9.728752260397831,3.3092224231464744,1.103074141048825,0.8999460348769359,0.03464916794286772,0.0,0.0,0.0,0.0,0.0,0.0,0.0,0.0,0.0,0.0,0.0,0.0,0.0,0.0,0.0,0.0,0.0,0.0,0.0,0.0,0.0,0.0,0.019342359767891688,0.30947775628626595,0.5415860735009672,3.21083172147002,10.831721470019344,10.715667311411995,3.346228239845262,1.0251450676982594,0.4001,0.008224,0.0,0.0,0.0,0.0,0.0,0.0,0.0,0.0,0.0,0.0,0.0,14.918625678119326,15.081374321880656,0.0,0.0,0.0,0.0,0.0,0.0,0.0,0.0,0.0,0.0,0.0,0.0,0.0,0.0,0.0,0.0,0.0,0.4001,0.00811,0.0,0.0,0.0,0.0,0.0,0.0,0.0,0.0,0.0,0.0,0.0,14.816247582205008,15.183752417794974,0.0,0.0,0.0,0.0,0.0,0.0,0.0,0.0,0.0,0.0,0.0,0.0,0.0,0.0,0.0,0.0,0.0
5100,3043,1611,0.5294117647058824,749,588,0.43936904370686825,825,0.5422280644101216,0.422,3.107541899441341,3.159785561668777,6.571753986332574,2.1889605762027236,8389.50588235294,505.82259674431555,7853.0,8866.4,8866.399999999998,1.8189894035458565e-12,7853.0,0.0,28.822543542556687,21.36671172336844,33.88858483189992,19.530246051184733,0.1350640814985212,0.09924416694051923,0.09530069010844561,0.07131120604666448,0.08708511337495892,0.06966809069996714,0.06736772921459086,0.06375287545185672,0.05455142951035163,0.06572461386789352,0.046993098915543874,0.04206375287545186,0.03581991455800197,0.023989484061781138,0.017088399605652317,0.015773907328294447,0.009201445941505093,0.897930630758488,0.03436543720134276,0.0,0.0,0.0,0.0,0.0,0.0,0.0,0.0,0.0,0.0,0.0,0.0,0.0,0.0,0.0,0.0,0.0,0.0,0.0,0.0,0.0,0.0,0.03943476832073613,0.12816299704239198,0.7492605980939864,3.7955964508708515,11.475517581334213,9.878409464344399,2.9181728557344733,1.0154452842589552,4.20785103170609,2.913201432922166,5.0,0.0,1.1882549934218394,4.2257085020242915,2.973340894847453,4.19,2.8505964288197654,0.9915497005988025,0.4001,0.00805,0.0,0.0,0.0,0.0,0.0,0.0,0.0,0.0,0.0,0.0,0.0,14.896483733158046,15.103516266841934,0.0,0.0,0.0,0.0,0.0,0.0,0.0,0.0,0.0,0.0,0.0,0.0,0.0,0.0,0.0,0.0,0.0,nan,nan,4.208647561588738,2.91184464675365,nan,0.4001,0.03705,0.0,0.0,0.0,0.0,0.0,0.0,0.0,0.0,0.0,0.0,0.0,0.0,0.0,0.0,0.0,0.0,0.0,0.0,0.0,0.0,0.0,0.0,0.0,0.0,1.643115346697338e-05,0.0,0.0,0.0,0.000821557673348669,0.0038941833716726916,0.0001807426881367072,0.010680249753532697,0.007081827144265527,0.015231679263884324,0.036510023003614854,0.0362964180085442,0.10534012487676635,0.05004929346040092,0.07952678278015117,0.09769963851462372,0.10782122905027933,0.09153795596450871,0.0919158724942491,0.10169240880709826,0.06781137035819915,0.028639500492934605,0.03164640157739073,0.02351298061123891,0.0036805783766020376,0.008149852119618797,0.00016431153466973383,4.9293460400920144e-05,1.643115346697338e-05,0.0,3.286230693394676e-05,0.0,0.0,0.0,0.0,0.0,0.0,0.0,0.0,0.0,0.0,0.0,0.0,0.0,0.0,0.0,0.0,0.0,0.0,0.0,0.0,0.0,0.0,0.0,0.0,0.0,0.0,0.0,0.0,0.0,0.0,0.0,0.0,0.0,0.0,0.0,0.0,0.0,0.0,0.0,0.0,0.0,0.0,0.0,0.0,0.0,0.0,nan,nan,4.208647561588738,2.91184464675365,nan,0.8983673931352105,0.0340784729274467,0.0,0.0,0.0,0.0,0.0,0.0,0.0,0.0,0.0,0.0,0.0,0.0,0.0,0.0,0.0,0.0,0.0,0.0,0.0,0.0,0.0,0.0,0.03724394785847301,0.13035381750465508,0.7635009310986967,3.6871508379888276,11.284916201117321,10.093109869646185,2.998137802607077,1.0055865921787712,0.8974392730846751,0.03467885972353601,0.0,0.0,0.0,0.0,0.0,0.0,0.0,0.0,0.0,0.0,0.0,0.0,0.0,0.0,0.0,0.0,0.0,0.0,0.0,0.0,0.0,0.0,0.041899441340782134,0.12569832402234596,0.7332402234636873,3.917597765363129,11.689944134078214,9.63687150837989,2.828212290502794,1.0265363128491622,0.4004,0.00808,0.0,0.0,0.0,0.0,0.0,0.0,0.0,0.0,0.0,0.0,0.0,14.469273743016739,15.530726256983245,0.0,0.0,0.0,0.0,0.0,0.0,0.0,0.0,0.0,0.0,0.0,0.0,0.0,0.0,0.0,0.0,0.0,0.3997,0.007996,0.0,0.0,0.0,0.0,0.0,0.0,0.0,0.0,0.0,0.0,0.0,15.377094972067017,14.622905027932964,0.0,0.0,0.0,0.0,0.0,0.0,0.0,0.0,0.0,0.0,0.0,0.0,0.0,0.0,0.0,0.0,0.0
5200,3134,1613,0.5146777281429483,750,637,0.4425654116145501,878,0.5603063178047224,0.434,2.980276134122288,3.1676172438132215,6.694711538461538,2.2200075609411996,8374.574409700062,506.48163040338835,7853.0,8866.4,8866.399999999998,1.8189894035458565e-12,7853.0,0.0,28.098915124441607,20.974361657520518,33.249140236912496,19.116036082925348,0.14326738991703894,0.09763880025526483,0.08615188257817485,0.09285258455647734,0.07913209955328654,0.07051691129546905,0.06445437141033823,0.06892150606253988,0.05552010210593491,0.053924696873005745,0.05232929164007658,0.042756860242501596,0.03063178047223995,0.02488832163369496,0.018825781748564134,0.011167836630504148,0.007019783024888321,0.8976325343274432,0.03307536120413353,0.0,0.0,0.0,0.0,0.0,0.0,0.0,0.0,0.0,0.0,0.0,0.0,0.0,0.0,0.0,0.0,0.0,0.0,0.0,0.0,0.0,0.0,0.038289725590299944,0.15315890236119928,0.7179323548181239,3.7428206764518195,11.238034460753033,10.15634971282706,3.30248883216337,0.6509253350350991,4.351952545724172,2.999374608355523,5.0,0.0,1.1489095865515675,4.36,2.9614861134234616,4.3447265625,3.034520066601461,0.9964969180045871,0.3997,0.007904,0.0,0.0,0.0,0.0,0.0,0.0,0.0,0.0,0.0,0.0,0.0,15.516911295469026,14.483088704530953,0.0,0.0,0.0,0.0,0.0,0.0,0.0,0.0,0.0,0.0,0.0,0.0,0.0,0.0,0.0,0.0,0.0,nan,nan,4.3522727272727275,2.9986681451916986,nan,0.3997,0.03674,0.0,0.0,0.0,0.0,0.0,0.0,0.0,0.0,0.0,0.0,0.0,0.0,0.0,0.0,0.0,0.0,0.0,0.0,0.0,0.0,0.0,0.0,0.0,0.0,3.190810465858328e-05,0.0,7.97702616464582e-05,1.595405232929164e-05,0.0005902999361837907,0.003621569878749202,9.572431397574984e-05,0.010593490746649649,0.008088704530950862,0.015012763241863434,0.03584875558391831,0.038401403956604976,0.10196234843650287,0.051978302488832166,0.07884492661135928,0.10177089980855138,0.1078334396936822,0.09396936821952775,0.08977345245692406,0.10258455647734524,0.06520421186981493,0.02949904275686024,0.03095086151882578,0.021920867900446714,0.004148053605615826,0.007131461391193363,0.0,4.786215698787492e-05,0.0,0.0,0.0,0.0,0.0,0.0,0.0,0.0,0.0,0.0,0.0,0.0,0.0,0.0,0.0,0.0,0.0,0.0,0.0,0.0,0.0,0.0,0.0,0.0,0.0,0.0,0.0,0.0,0.0,0.0,0.0,0.0,0.0,0.0,0.0,0.0,0.0,0.0,0.0,0.0,0.0,0.0,0.0,0.0,0.0,0.0,0.0,0.0,0.0,nan,nan,4.3522727272727275,2.9986681451916986,nan,0.8974879837819529,0.0334434547663593,0.0,0.0,0.0,0.0,0.0,0.0,0.0,0.0,0.0,0.0,0.0,0.0,0.0,0.0,0.0,0.0,0.0,0.0,0.0,0.0,0.0,0.0,0.055796652200867956,0.1673899566026033,0.6881587104773715,3.9243645381277137,11.084934903905769,9.876007439553629,3.570985740855549,0.6323620582765036,0.8977858282326868,0.03267977496372925,0.0,0.0,0.0,0.0,0.0,0.0,0.0,0.0,0.0,0.0,0.0,0.0,0.0,0.0,0.0,0.0,0.0,0.0,0.0,0.0,0.0,0.0,0.019723865877712035,0.1380670611439838,0.7495069033530574,3.5502958579881665,11.400394477317557,10.45364891518738,3.0177514792899416,0.6706114398422092,0.4,0.00807,0.0,0.0,0.0,0.0,0.0,0.0,0.0,0.0,0.0,0.0,0.0,15.64166150030996,14.35833849969002,0.0,0.0,0.0,0.0,0.0,0.0,0.0,0.0,0.0,0.0,0.0,0.0,0.0,0.0,0.0,0.0,0.0,0.3997,0.00773,0.0,0.0,0.0,0.0,0.0,0.0,0.0,0.0,0.0,0.0,0.0,15.384615384615364,14.615384615384619,0.0,0.0,0.0,0.0,0.0,0.0,0.0,0.0,0.0,0.0,0.0,0.0,0.0,0.0,0.0,0.0,0.0
5300,3236,1741,0.5380098887515451,849,653,0.4641532756489493,889,0.5494437577255872,0.41,2.9719063545150504,3.126841404434841,6.786967418546366,2.17694241359789,8398.219221260815,505.23376727358607,7853.0,8866.4,8866.399999999998,1.8189894035458565e-12,7853.0,0.0,28.1495673671199,20.487926510335978,32.80487804878049,18.721313837048765,0.13102595797280595,0.09610630407911001,0.09456118665018541,0.08899876390605686,0.07725587144622992,0.08065512978986403,0.07292954264524104,0.06118665018541409,0.06242274412855377,0.05686032138442522,0.04326328800988875,0.04171817058096415,0.040173053152039555,0.022249690976514216,0.016996291718170582,0.00865265760197775,0.004944375772558714,0.8976097478081181,0.03508371971570061,0.0,0.0,0.0,0.0,0.0,0.0,0.0,0.0,0.0,0.0,0.0,0.0,0.0,0.0,0.0,0.0,0.0,0.0,0.0,0.0,0.0,0.0,0.04635352286773796,0.1205191594561183,0.9826946847960448,3.782447466007417,11.115574783683563,10.095797280593327,2.873918417799753,0.9826946847960448,4.080188679245283,2.9261643324067084,3.0,0.0,0.7352601156069365,4.067101584342963,2.889252618789022,4.092557251908397,2.962233971462087,1.0062589210123074,0.3997,0.00822,0.0,0.0,0.0,0.0,0.0,0.0,0.0,0.0,0.0,0.0,0.0,15.99196538936957,14.00803461063041,0.0,0.0,0.0,0.0,0.0,0.0,0.0,0.0,0.0,0.0,0.0,0.0,0.0,0.0,0.0,0.0,0.0,nan,nan,4.07967939651108,2.925568420128505,nan,0.3997,0.0368,0.0,0.0,0.0,0.0,0.0,0.0,0.0,0.0,0.0,0.0,0.0,0.0,0.0,0.0,0.0,0.0,0.0,0.0,0.0,0.0,0.0,0.0,0.0,0.0,4.6353522867737945e-05,0.0,9.270704573547589e-05,0.0,0.000849814585908529,0.005052533992583436,0.00023176761433868975,0.009208899876390605,0.007617428924598269,0.014493201483312733,0.03838071693448702,0.03765451174289246,0.1015760197775031,0.05287391841779975,0.07901730531520396,0.10004635352286774,0.1076946847960445,0.0954264524103832,0.09181087762669964,0.0990265760197775,0.06832509270704573,0.028754635352286773,0.028708281829419036,0.02169344870210136,0.0043726823238566135,0.006875772558714462,6.180469715698394e-05,7.725587144622991e-05,0.0,3.090234857849197e-05,0.0,0.0,0.0,0.0,0.0,0.0,0.0,0.0,0.0,0.0,0.0,0.0,0.0,0.0,0.0,0.0,0.0,0.0,0.0,0.0,0.0,0.0,0.0,0.0,0.0,0.0,0.0,0.0,0.0,0.0,0.0,0.0,0.0,0.0,0.0,0.0,0.0,0.0,0.0,0.0,0.0,0.0,0.0,0.0,0.0,0.0,0.0,nan,nan,4.07967939651108,2.925568420128505,nan,0.8974146255126704,0.03443035682910973,0.0,0.0,0.0,0.0,0.0,0.0,0.0,0.0,0.0,0.0,0.0,0.0,0.0,0.0,0.0,0.0,0.0,0.0,0.0,0.0,0.0,0.0,0.05169442848937393,0.10338885697874751,0.8443423319931075,3.790924755887422,11.476163124641014,9.959793222286045,2.860425043078691,0.9132682366456062,0.8978369771836194,0.035828240064199116,0.0,0.0,0.0,0.0,0.0,0.0,0.0,0.0,0.0,0.0,0.0,0.0,0.0,0.0,0.0,0.0,0.0,0.0,0.0,0.0,0.0,0.0,0.040133779264214055,0.14046822742474874,1.1438127090301007,3.772575250836121,10.695652173913047,10.254180602006691,2.889632107023412,1.0635451505016726,0.3994,0.00821,0.0,0.0,0.0,0.0,0.0,0.0,0.0,0.0,0.0,0.0,0.0,16.00804135554277,13.99195864445721,0.0,0.0,0.0,0.0,0.0,0.0,0.0,0.0,0.0,0.0,0.0,0.0,0.0,0.0,0.0,0.0,0.0,0.3997,0.00823,0.0,0.0,0.0,0.0,0.0,0.0,0.0,0.0,0.0,0.0,0.0,15.97324414715717,14.026755852842811,0.0,0.0,0.0,0.0,0.0,0.0,0.0,0.0,0.0,0.0,0.0,0.0,0.0,0.0,0.0,0.0,0.0
5400,3200,1671,0.5221875,781,629,0.440625,877,0.548125,0.40599999999999997,2.9280575539568345,3.080995814120603,6.328054298642534,2.248897229351061,8382.1848125,506.2008723884617,7853.0,8866.4,8866.399999999996,3.637978807091713e-12,7853.0,0.0,28.10625,20.958276072652062,32.85445142223864,19.29594391938542,0.13375,0.100625,0.1025,0.084375,0.078125,0.073125,0.063125,0.064375,0.0625,0.0571875,0.0440625,0.044375,0.0284375,0.025,0.0190625,0.0128125,0.0065625,0.8980675873160362,0.03603080239271028,0.0,0.0,0.0,0.0,0.0,0.0,0.0,0.0,0.0,0.0,0.0,0.0,0.0,0.0,0.0,0.0,0.0,0.0,0.0,0.0,0.0,0.0,0.06562500000000002,0.2531249999999992,0.7406250000000001,3.6468750000000005,11.128125000000002,10.078125000000002,3.0375000000000005,1.0500000000000003,4.208904109589041,2.89575892269347,4.0,1.0,0.9503661513425549,4.274682306940371,2.931911301941675,4.142717497556207,2.855113785235885,0.9691287445689458,0.4004,0.00785,0.0,0.0,0.0,0.0,0.0,0.0,0.0,0.0,0.0,0.0,0.0,14.343749999999979,15.656250000000005,0.0,0.0,0.0,0.0,0.0,0.0,0.0,0.0,0.0,0.0,0.0,0.0,0.0,0.0,0.0,0.0,0.0,nan,nan,4.20869990224829,2.8945194734666413,nan,0.4004,0.03668,0.0,0.0,0.0,0.0,0.0,0.0,0.0,0.0,0.0,0.0,0.0,0.0,0.0,0.0,0.0,0.0,0.0,0.0,0.0,0.0,0.0,0.0,0.0,0.0,0.000140625,0.0,0.00015625,3.125e-05,0.000734375,0.004875,0.0003125,0.0094375,0.005921875,0.013,0.037203125,0.035453125,0.098375,0.053296875,0.07903125,0.103109375,0.107625,0.09490625,0.0913125,0.099,0.0701875,0.031859375,0.0319375,0.0201875,0.0043125,0.007375,1.5625e-05,0.0001875,0.0,1.5625e-05,0.0,0.0,0.0,0.0,0.0,0.0,0.0,0.0,0.0,0.0,0.0,0.0,0.0,0.0,0.0,0.0,0.0,0.0,0.0,0.0,0.0,0.0,0.0,0.0,0.0,0.0,0.0,0.0,0.0,0.0,0.0,0.0,0.0,0.0,0.0,0.0,0.0,0.0,0.0,0.0,0.0,0.0,0.0,0.0,0.0,0.0,0.0,nan,nan,4.20869990224829,2.8945194734666413,nan,0.8981823610517523,0.03622304746566608,0.0,0.0,0.0,0.0,0.0,0.0,0.0,0.0,0.0,0.0,0.0,0.0,0.0,0.0,0.0,0.0,0.0,0.0,0.0,0.0,0.0,0.0,0.07181328545780971,0.25134649910233314,0.7181328545780971,3.8420107719928196,10.897666068222623,10.143626570915622,2.9622980251346505,1.1131059245960506,0.8979421544106199,0.03581910276303996,0.0,0.0,0.0,0.0,0.0,0.0,0.0,0.0,0.0,0.0,0.0,0.0,0.0,0.0,0.0,0.0,0.0,0.0,0.0,0.0,0.0,0.0,0.05886200130804448,0.2550686723348586,0.7652060170045784,3.4336167429692614,11.379986919555268,10.006540222367564,3.1196860693263577,0.9810333551340747,0.4004,0.007694,0.0,0.0,0.0,0.0,0.0,0.0,0.0,0.0,0.0,0.0,0.0,14.38061041292637,15.619389587073613,0.0,0.0,0.0,0.0,0.0,0.0,0.0,0.0,0.0,0.0,0.0,0.0,0.0,0.0,0.0,0.0,0.0,0.4004,0.00802,0.0,0.0,0.0,0.0,0.0,0.0,0.0,0.0,0.0,0.0,0.0,14.303466317854786,15.696533682145196,0.0,0.0,0.0,0.0,0.0,0.0,0.0,0.0,0.0,0.0,0.0,0.0,0.0,0.0,0.0,0.0,0.0
5500,3193,1692,0.529909176323207,797,648,0.45255245850297526,886,0.5549639837143752,0.422,3.0313124583610924,3.131530172640299,6.713253012048193,2.1015640236793782,8390.009959285937,505.79264167056107,7853.0,8866.4,8866.399999999998,1.8189894035458565e-12,7853.0,0.0,27.989664891951143,20.7167727310518,32.82503714710253,18.959491819419267,0.13560914500469778,0.0977137488255559,0.09113686188537426,0.09207641716254306,0.08769182586908864,0.06984027560288131,0.0692139054181021,0.06482931412464767,0.057626056999686814,0.0554337613529596,0.047604134043219545,0.038834951456310676,0.03319761979329784,0.02474162229877858,0.019417475728155338,0.008142812402129659,0.006890072032571249,0.8975901172111074,0.034653414499460654,0.0,0.0,0.0,0.0,0.0,0.0,0.0,0.0,0.0,0.0,0.0,0.0,0.0,0.0,0.0,0.0,0.0,0.0,0.0,0.0,0.0,0.018791105543376138,0.037582211086752276,0.10335108048856842,0.8643908549953023,3.8427810836204204,11.349827748199187,9.602254932665208,3.3542123394926406,0.8268086439085501,4.25,2.8942103393451024,6.0,2.8284271247461903,1.411764705882353,4.249521988527724,2.8905917740161464,4.256862745098039,2.900422883430918,1.0017274311299325,0.4,0.00841,0.0,0.0,0.0,0.0,0.0,0.0,0.0,0.0,0.0,0.0,0.009395552771688069,14.854368932038815,15.13623551518948,0.0,0.0,0.0,0.0,0.0,0.0,0.0,0.0,0.0,0.0,0.0,0.0,0.0,0.0,0.0,0.0,0.0,nan,nan,4.252539912917271,2.8948826415251734,nan,0.4,0.03702,0.0,0.0,0.0,0.0,0.0,0.0,0.0,0.0,0.0,0.0,0.0,0.0,0.0,0.0,0.0,0.0,0.0,0.0,0.0,0.0,0.0,0.0,0.0,0.0,0.000140933291575321,0.0,1.5659254619480113e-05,1.5659254619480113e-05,0.0007986219855934857,0.004917005950516755,0.0004854368932038835,0.009035389915440025,0.006435953648606326,0.013153773880363295,0.04458189790165988,0.03479486376448481,0.10037582211086753,0.053679924835577826,0.07715314751017852,0.09768243031631695,0.10775133103664265,0.09412777951769495,0.09076103977450674,0.09990604447228311,0.06857187597870341,0.03224240526150955,0.030833072345756343,0.019793297839022863,0.004212339492640151,0.008142812402129659,7.829627309740057e-05,0.0002348888192922017,7.829627309740057e-05,0.0,0.0,0.0,0.0,0.0,0.0,0.0,0.0,0.0,0.0,0.0,0.0,0.0,0.0,0.0,0.0,0.0,0.0,0.0,0.0,0.0,0.0,0.0,0.0,0.0,0.0,0.0,0.0,0.0,0.0,0.0,0.0,0.0,0.0,0.0,0.0,0.0,0.0,0.0,0.0,0.0,0.0,0.0,0.0,0.0,0.0,0.0,0.0,nan,nan,4.252539912917271,2.8948826415251734,nan,0.897889120535084,0.03386747290006109,0.0,0.0,0.0,0.0,0.0,0.0,0.0,0.0,0.0,0.0,0.0,0.0,0.0,0.0,0.0,0.0,0.0,0.0,0.0,0.0,0.0,0.0,0.017730496453900714,0.10638297872340392,0.8865248226950356,3.8297872340425543,11.20567375886525,9.734042553191491,3.4751773049645394,0.74468085106383,0.897253066162361,0.035515502755160404,0.0,0.0,0.0,0.0,0.0,0.0,0.0,0.0,0.0,0.0,0.0,0.0,0.0,0.0,0.0,0.0,0.0,0.0,0.0,0.0,0.0,0.03997335109926717,0.059960026648900745,0.09993337774816759,0.8394403730846104,3.857428381079281,11.512325116588944,9.453697534976685,3.2178547634910064,0.9193870752831447,0.3997,0.00838,0.0,0.0,0.0,0.0,0.0,0.0,0.0,0.0,0.0,0.0,0.0,15.05319148936168,14.946808510638302,0.0,0.0,0.0,0.0,0.0,0.0,0.0,0.0,0.0,0.0,0.0,0.0,0.0,0.0,0.0,0.0,0.0,0.4001,0.00844,0.0,0.0,0.0,0.0,0.0,0.0,0.0,0.0,0.0,0.0,0.019986675549633584,14.630246502331756,15.34976682211859,0.0,0.0,0.0,0.0,0.0,0.0,0.0,0.0,0.0,0.0,0.0,0.0,0.0,0.0,0.0,0.0,0.0
5600,3312,1715,0.5178140096618358,773,716,0.44957729468599034,951,0.5742753623188406,0.418,2.9430181590482154,3.107126622784248,6.710843373493976,2.1739427314362545,8377.752717391304,506.3783065997097,7853.0,8866.4,8866.399999999998,1.8189894035458565e-12,7853.0,0.0,27.676026570048307,20.81505993170922,32.78349022447502,19.02184923782617,0.14643719806763286,0.09480676328502416,0.09148550724637682,0.08635265700483091,0.09027777777777778,0.07578502415458938,0.0646135265700483,0.06310386473429952,0.058574879227053143,0.04861111111111111,0.043176328502415456,0.043478260869565216,0.035024154589371984,0.026268115942028984,0.014794685990338164,0.010869565217391304,0.006340579710144928,0.8963127007375017,0.035363043533052224,0.0,0.0,0.0,0.0,0.0,0.0,0.0,0.0,0.0,0.0,0.0,0.0,0.0,0.0,0.0,0.0,0.0,0.0,0.0,0.0,0.0,0.01811594202898551,0.027173913043478264,0.15398550724637633,0.9963768115942032,4.284420289855073,10.869565217391306,9.864130434782611,2.817028985507247,0.969202898550725,4.292568203198495,2.9263475783634245,nan,nan,nan,4.248372093023256,2.930304318058195,4.337773549000952,2.9216033797176193,1.0210436972139312,0.4006,0.008026,0.0,0.0,0.0,0.0,0.0,0.0,0.0,0.0,0.0,0.0,0.0,13.94927536231882,16.050724637681164,0.0,0.0,0.0,0.0,0.0,0.0,0.0,0.0,0.0,0.0,0.0,0.0,0.0,0.0,0.0,0.0,0.0,nan,nan,4.292568203198495,2.9263475783634245,nan,0.4006,0.0371,0.0,0.0,0.0,0.0,0.0,0.0,0.0,0.0,0.0,0.0,0.0,0.0,0.0,0.0,0.0,0.0,0.0,0.0,0.0,0.0,0.0,0.0,0.0,0.0,0.0002868357487922705,0.0,0.0,1.5096618357487922e-05,0.001177536231884058,0.003713768115942029,0.0008454106280193237,0.008891908212560386,0.006325483091787439,0.013435990338164252,0.04497282608695652,0.03392210144927536,0.10031702898550725,0.049833937198067634,0.07062198067632851,0.09695048309178744,0.10671799516908212,0.09494263285024154,0.0987469806763285,0.09909420289855073,0.07116545893719807,0.03238224637681159,0.03251811594202898,0.01997282608695652,0.005147946859903382,0.007352053140096618,4.528985507246377e-05,0.00036231884057971015,0.00024154589371980676,0.0,0.0,0.0,0.0,0.0,0.0,0.0,0.0,0.0,0.0,0.0,0.0,0.0,0.0,0.0,0.0,0.0,0.0,0.0,0.0,0.0,0.0,0.0,0.0,0.0,0.0,0.0,0.0,0.0,0.0,0.0,0.0,0.0,0.0,0.0,0.0,0.0,0.0,0.0,0.0,0.0,0.0,0.0,0.0,0.0,0.0,0.0,0.0,nan,nan,4.292568203198495,2.9263475783634245,nan,0.8966543737027804,0.03632991387691042,0.0,0.0,0.0,0.0,0.0,0.0,0.0,0.0,0.0,0.0,0.0,0.0,0.0,0.0,0.0,0.0,0.0,0.0,0.0,0.0,0.0,0.03498542274052479,0.017492711370262395,0.13994169096209869,1.0320699708454812,4.3032069970845495,10.880466472303208,9.481049562682218,2.9037900874635576,1.2069970845481053,0.8959457820553144,0.03429060027661457,0.0,0.0,0.0,0.0,0.0,0.0,0.0,0.0,0.0,0.0,0.0,0.0,0.0,0.0,0.0,0.0,0.0,0.0,0.0,0.0,0.0,0.0,0.03757044458359425,0.16906700062617355,0.9580463368816532,4.264245460237947,10.857858484658738,10.275516593613027,2.723857232310583,0.7138384470882907,0.4006,0.00796,0.0,0.0,0.0,0.0,0.0,0.0,0.0,0.0,0.0,0.0,0.0,13.941690962099106,16.05830903790088,0.0,0.0,0.0,0.0,0.0,0.0,0.0,0.0,0.0,0.0,0.0,0.0,0.0,0.0,0.0,0.0,0.0,0.4006,0.00809,0.0,0.0,0.0,0.0,0.0,0.0,0.0,0.0,0.0,0.0,0.0,13.957420162805239,16.042579837194744,0.0,0.0,0.0,0.0,0.0,0.0,0.0,0.0,0.0,0.0,0.0,0.0,0.0,0.0,0.0,0.0,0.0
5700,3415,1750,0.5124450951683748,843,675,0.4445095168374817,949,0.555783308931186,0.40599999999999997,2.9447447447447446,3.0504188179452973,6.50836820083682,2.032922812479429,8372.31185944363,506.5430198920659,7853.0,8866.4,8866.399999999998,1.8189894035458565e-12,7853.0,0.0,28.52152269399707,21.021415337837123,33.352249134948096,19.230988998176,0.13733528550512444,0.09341142020497804,0.09370424597364568,0.08579795021961932,0.07525622254758418,0.07701317715959004,0.07203513909224012,0.06325036603221083,0.05300146412884334,0.05710102489019034,0.04948755490483162,0.04216691068814055,0.03806734992679356,0.026647144948755492,0.018740849194729136,0.010541727672035138,0.00644216691068814,0.8957424383037785,0.0365924944163523,0.0,0.0,0.0,0.0,0.0,0.0,0.0,0.0,0.0,0.0,0.0,0.0,0.0,0.0,0.0,0.0,0.0,0.0,0.0,0.0,0.008784773060029285,0.026354319180087852,0.09663250366032212,0.17569546120058513,0.9136163982430456,4.243045387994145,11.024890190336752,9.636896046852126,2.881405563689605,0.9926793557833092,4.26032315978456,2.8929907064669598,4.875,2.4206145913796355,1.1442793931731985,4.252453166815344,2.8768285506912794,4.270197486535009,2.9066367684847565,1.0041727254889332,0.4001,0.0079,0.0,0.0,0.0,0.0,0.0,0.0,0.0,0.0,0.0,0.0,0.0,14.92532942898973,15.074670571010254,0.0,0.0,0.0,0.0,0.0,0.0,0.0,0.0,0.0,0.0,0.0,0.0,0.0,0.0,0.0,0.0,0.0,nan,nan,4.26252236135957,2.891671107701763,nan,0.4001,0.03696,0.0,0.0,0.0,0.0,0.0,0.0,0.0,0.0,0.0,0.0,0.0,0.0,0.0,0.0,0.0,0.0,0.0,0.0,0.0,0.0,0.0,0.0,0.0,0.0,0.00017569546120058566,0.0,0.0,0.0,0.000951683748169839,0.0036749633967789164,0.0009370424597364568,0.010761346998535872,0.005666178623718887,0.013308931185944364,0.04642752562225476,0.03477306002928258,0.09954612005856515,0.04980966325036603,0.069502196193265,0.10140556368960468,0.10490483162518302,0.09467057101024891,0.09777452415812592,0.10178623718887263,0.07291361639824305,0.028960468521229868,0.03228404099560761,0.017159590043923867,0.004992679355783309,0.007071742313323573,7.320644216691069e-05,0.0002635431918008785,0.00020497803806734992,0.0,0.0,0.0,0.0,0.0,0.0,0.0,0.0,0.0,0.0,0.0,0.0,0.0,0.0,0.0,0.0,0.0,0.0,0.0,0.0,0.0,0.0,0.0,0.0,0.0,0.0,0.0,0.0,0.0,0.0,0.0,0.0,0.0,0.0,0.0,0.0,0.0,0.0,0.0,0.0,0.0,0.0,0.0,0.0,0.0,0.0,0.0,0.0,nan,nan,4.26252236135957,2.891671107701763,nan,0.895337860243661,0.03623553831424033,0.0,0.0,0.0,0.0,0.0,0.0,0.0,0.0,0.0,0.0,0.0,0.0,0.0,0.0,0.0,0.0,0.0,0.0,0.0,0.0,0.017142857142857147,0.017142857142857147,0.08571428571428573,0.1542857142857138,0.9257142857142859,4.4228571428571435,11.10857142857143,9.411428571428573,2.8800000000000003,0.9771428571428574,0.8961676704990971,0.03695918479013477,0.0,0.0,0.0,0.0,0.0,0.0,0.0,0.0,0.0,0.0,0.0,0.0,0.0,0.0,0.0,0.0,0.0,0.0,0.0,0.0,0.0,0.03603603603603604,0.10810810810810813,0.1981981981981976,0.900900900900901,4.054054054054055,10.93693693693694,9.873873873873876,2.8828828828828836,1.0090090090090094,0.4,0.00787,0.0,0.0,0.0,0.0,0.0,0.0,0.0,0.0,0.0,0.0,0.0,15.22285714285712,14.777142857142861,0.0,0.0,0.0,0.0,0.0,0.0,0.0,0.0,0.0,0.0,0.0,0.0,0.0,0.0,0.0,0.0,0.0,0.4004,0.00791,0.0,0.0,0.0,0.0,0.0,0.0,0.0,0.0,0.0,0.0,0.0,14.61261261261259,15.387387387387392,0.0,0.0,0.0,0.0,0.0,0.0,0.0,0.0,0.0,0.0,0.0,0.0,0.0,0.0,0.0,0.0,0.0
5800,3428,1729,0.5043757292882147,800,713,0.441365227537923,993,0.5793465577596266,0.38599999999999995,2.975868157739847,2.992241349848469,6.297455968688846,1.9984273135426514,8364.134364060676,506.6805960517703,7853.0,8866.4,8866.399999999998,1.8189894035458565e-12,7853.0,0.0,28.941073512252043,21.389959482014078,33.863746119351504,19.581171480520503,0.13623103850641774,0.08955659276546091,0.09422403733955659,0.08984830805134189,0.07992998833138856,0.06534422403733955,0.07234539089848308,0.062427071178529754,0.056009334889148193,0.05280046674445741,0.047841306884480746,0.044340723453908985,0.0382147024504084,0.028004667444574097,0.022462077012835473,0.012543757292882146,0.007876312718786464,0.8934404670566216,0.035130592450314746,0.0,0.0,0.0,0.0,0.0,0.0,0.0,0.0,0.0,0.0,0.0,0.0,0.0,0.0,0.0,0.0,0.0,0.0,0.0,0.0,0.0,0.017502917152858816,0.07876312718786466,0.20128354725787567,1.0239206534422407,4.57701283547258,11.49941656942824,9.250291715285883,2.6866977829638277,0.6651108518086349,4.2607729897823186,2.768574542973155,2.5,3.278719262151,0.5867479929100199,4.28886925795053,2.747716648047888,4.226179875333927,2.793031385479182,0.9853832376679723,0.4001,0.00819,0.0,0.0,0.0,0.0,0.0,0.0,0.0,0.0,0.0,0.0,0.0,14.973745624270691,15.026254375729293,0.0,0.0,0.0,0.0,0.0,0.0,0.0,0.0,0.0,0.0,0.0,0.0,0.0,0.0,0.0,0.0,0.0,nan,nan,4.257649667405765,2.7705535514550035,nan,0.4,0.03687,0.0,0.0,0.0,0.0,0.0,0.0,0.0,0.0,0.0,0.0,0.0,0.0,0.0,0.0,0.0,0.0,0.0,0.0,0.0,0.0,0.0,0.0,0.0,0.0,0.00010210035005834306,0.0,0.0,0.0,0.0008897316219369895,0.004011085180863477,0.0004521586931155193,0.012850058343057176,0.0054988331388564765,0.013360560093348892,0.04775379229871645,0.035064177362893814,0.09606184364060677,0.048191365227537926,0.06689031505250875,0.10027712952158693,0.10897024504084014,0.10007292882147024,0.09749124854142358,0.10163360560093349,0.07254959159859976,0.02632730455075846,0.03359101516919487,0.01573803967327888,0.005280046674445741,0.0065052508751458574,4.3757292882147023e-05,0.00026254375729288217,0.00013127187864644108,0.0,0.0,0.0,0.0,0.0,0.0,0.0,0.0,0.0,0.0,0.0,0.0,0.0,0.0,0.0,0.0,0.0,0.0,0.0,0.0,0.0,0.0,0.0,0.0,0.0,0.0,0.0,0.0,0.0,0.0,0.0,0.0,0.0,0.0,0.0,0.0,0.0,0.0,0.0,0.0,0.0,0.0,0.0,0.0,0.0,0.0,0.0,0.0,nan,nan,4.257649667405765,2.7705535514550035,nan,0.8936081907182432,0.035485145715299336,0.0,0.0,0.0,0.0,0.0,0.0,0.0,0.0,0.0,0.0,0.0,0.0,0.0,0.0,0.0,0.0,0.0,0.0,0.0,0.0,0.0,0.017351069982648935,0.08675534991324467,0.17351069982648878,1.1104684788895318,4.632735685367265,11.347599768652403,9.074609600925392,2.828224407171776,0.7287449392712552,0.8932697818235764,0.03476523599521755,0.0,0.0,0.0,0.0,0.0,0.0,0.0,0.0,0.0,0.0,0.0,0.0,0.0,0.0,0.0,0.0,0.0,0.0,0.0,0.0,0.0,0.017657445556209538,0.07062978222483815,0.22954679223072325,0.9358446144791056,4.520306062389642,11.653914067098295,9.429075927015894,2.5426721600941735,0.6003531489111243,0.4001,0.00817,0.0,0.0,0.0,0.0,0.0,0.0,0.0,0.0,0.0,0.0,0.0,14.626951995373027,15.373048004626956,0.0,0.0,0.0,0.0,0.0,0.0,0.0,0.0,0.0,0.0,0.0,0.0,0.0,0.0,0.0,0.0,0.0,0.4,0.008194,0.0,0.0,0.0,0.0,0.0,0.0,0.0,0.0,0.0,0.0,0.0,15.326662742789855,14.673337257210127,0.0,0.0,0.0,0.0,0.0,0.0,0.0,0.0,0.0,0.0,0.0,0.0,0.0,0.0,0.0,0.0,0.0
5900,3146,1649,0.5241576605212969,777,642,0.45104895104895104,875,0.5562619198982836,0.422,2.9472277889111558,3.081484234432616,6.544334975369458,2.135036120899409,8384.18137317228,506.10824175031894,7853.0,8866.4,8866.399999999998,1.8189894035458565e-12,7853.0,0.0,28.157660521296886,21.008458021694036,33.25911854103344,19.17398821703618,0.14272091544818818,0.10203432930705658,0.08486967577876668,0.08773045136681501,0.08010171646535283,0.06643356643356643,0.07565162110616656,0.06420851875397329,0.05435473617291799,0.052129688493324854,0.05149396058486968,0.041004450095359184,0.03464717101080737,0.0270184361093452,0.019389701207883026,0.009218054672600126,0.006993006993006993,0.8928447133670244,0.03688501942578908,0.0,0.0,0.0,0.0,0.0,0.0,0.0,0.0,0.0,0.0,0.0,0.0,0.0,0.0,0.0,0.0,0.0,0.0,0.0,0.0,0.0,0.057215511760966314,0.057215511760966314,0.2765416401780029,1.0870947234583601,4.615384615384617,11.862682771773683,8.496503496503498,2.6605212968849337,0.8868404322949779,4.151960784313726,2.8798566955141056,5.5,1.6583123951777,1.3246753246753247,4.2017291066282425,2.898811722434057,4.1056829511465605,2.85662679697696,0.9771412784964721,0.4001,0.00814,0.0,0.0,0.0,0.0,0.0,0.0,0.0,0.0,0.0,0.0,0.0,14.666242848061009,15.333757151938972,0.0,0.0,0.0,0.0,0.0,0.0,0.0,0.0,0.0,0.0,0.0,0.0,0.0,0.0,0.0,0.0,0.0,nan,nan,4.154598825831703,2.8785891211314056,nan,0.4001,0.03714,0.0,0.0,0.0,0.0,0.0,0.0,0.0,0.0,0.0,0.0,0.0,0.0,0.0,0.0,0.0,0.0,0.0,0.0,0.0,0.0,0.0,0.0,0.0,0.0,7.946598855689765e-05,0.0,1.589319771137953e-05,0.0,0.00101716465352829,0.003941513032422123,0.00023839796567069293,0.014272091544818817,0.006516211061665607,0.013747616020343294,0.048585505403687224,0.03490146217418945,0.09287984742530198,0.04823585505403687,0.06527336300063573,0.0972822631913541,0.10623013350286077,0.10308328035600763,0.09591544818817546,0.10591226954863318,0.06935791481246027,0.03178639542275906,0.03296249205340115,0.015559440559440559,0.0059599491417673236,0.005928162746344564,0.0,0.00023839796567069293,6.357279084551812e-05,0.0,0.0,1.589319771137953e-05,0.0,0.0,0.0,0.0,0.0,0.0,0.0,0.0,0.0,0.0,0.0,0.0,0.0,0.0,0.0,0.0,0.0,0.0,0.0,0.0,0.0,0.0,0.0,0.0,0.0,0.0,0.0,0.0,0.0,0.0,0.0,0.0,0.0,0.0,0.0,0.0,0.0,0.0,0.0,0.0,0.0,0.0,0.0,0.0,0.0,nan,nan,4.154598825831703,2.8785891211314056,nan,0.8931339701570982,0.03686448140190245,0.0,0.0,0.0,0.0,0.0,0.0,0.0,0.0,0.0,0.0,0.0,0.0,0.0,0.0,0.0,0.0,0.0,0.0,0.0,0.0,0.0,0.07277137659187388,0.03638568829593694,0.2728926622195261,1.0006064281382658,4.566403881140086,11.970891449363252,8.514251061249244,2.6197695573074595,0.9460278956943605,0.8925260864820334,0.03690500552792776,0.0,0.0,0.0,0.0,0.0,0.0,0.0,0.0,0.0,0.0,0.0,0.0,0.0,0.0,0.0,0.0,0.0,0.0,0.0,0.0,0.0,0.040080160320641295,0.08016032064128259,0.2805611222444881,1.1823647294589181,4.669338677354711,11.743486973947899,8.476953907815634,2.7054108216432873,0.8216432865731464,0.4004,0.00812,0.0,0.0,0.0,0.0,0.0,0.0,0.0,0.0,0.0,0.0,0.0,14.281382656155225,15.718617343844759,0.0,0.0,0.0,0.0,0.0,0.0,0.0,0.0,0.0,0.0,0.0,0.0,0.0,0.0,0.0,0.0,0.0,0.4,0.008156,0.0,0.0,0.0,0.0,0.0,0.0,0.0,0.0,0.0,0.0,0.0,15.09018036072142,14.90981963927856,0.0,0.0,0.0,0.0,0.0,0.0,0.0,0.0,0.0,0.0,0.0,0.0,0.0,0.0,0.0,0.0,0.0
6000,3093,1574,0.5088910442935661,750,609,0.4393792434529583,836,0.5405754930488199,0.446,2.989466754443713,3.2632806051800447,6.939024390243903,2.3172079550014906,8368.7101842871,506.6198837186637,7853.0,8866.4,8866.399999999998,1.8189894035458565e-12,7853.0,0.0,27.557710960232782,20.8437984598905,32.64108527131783,19.09096589141438,0.14678305851923698,0.09537665696734562,0.10119624959586163,0.08600064662140317,0.08309085030714516,0.06983511154219205,0.06951180084060782,0.06272227610733916,0.052699644358228256,0.05625606207565471,0.04235370190753314,0.041707080504364696,0.032331070158422244,0.026834788231490464,0.01713546718396379,0.009699321047526674,0.006466214031684449,0.892520333893508,0.034300242053285385,0.0,0.0,0.0,0.0,0.0,0.0,0.0,0.0,0.0,0.0,0.0,0.0,0.0,0.0,0.0,0.0,0.0,0.0,0.0,0.0,0.0,0.0,0.01939864209505335,0.21338506304558616,1.105722599418041,4.898157129000971,11.648884578079537,9.078564500484969,2.453928225024249,0.5819592628516005,4.383358856559469,3.043256086048289,4.0,0.0,0.9125422149761268,4.338071065989848,3.0572245027024505,4.430184804928132,3.028060514453792,1.0212338012764357,0.4006,0.00798,0.0,0.0,0.0,0.0,0.0,0.0,0.0,0.0,0.0,0.0,0.0,13.811833171677964,16.18816682832202,0.0,0.0,0.0,0.0,0.0,0.0,0.0,0.0,0.0,0.0,0.0,0.0,0.0,0.0,0.0,0.0,0.0,nan,nan,4.3831632653061225,3.042491962305139,nan,0.4006,0.0371,0.0,0.0,0.0,0.0,0.0,0.0,0.0,0.0,0.0,0.0,0.0,0.0,0.0,0.0,0.0,0.0,0.0,0.0,0.0,0.0,0.0,0.0,0.0,0.0,0.00022631749110895572,0.0,0.0,0.0,0.0010022631749110895,0.004073714839961203,0.0003556417717426447,0.012883931458131263,0.006223731005496282,0.013288069835111542,0.05022631749110896,0.0360491432266408,0.08831231813773036,0.04641125121241513,0.06784675072744908,0.09009052699644358,0.10308761720012932,0.1081474296799224,0.1020368574199806,0.1036210798577433,0.0710798577432913,0.03494988684125445,0.03244422890397672,0.015729065632072423,0.005512447462010992,0.006094406724862593,0.0,0.0002909796314258002,0.0,0.0,0.0,1.616553507921112e-05,0.0,0.0,0.0,0.0,0.0,0.0,0.0,0.0,0.0,0.0,0.0,0.0,0.0,0.0,0.0,0.0,0.0,0.0,0.0,0.0,0.0,0.0,0.0,0.0,0.0,0.0,0.0,0.0,0.0,0.0,0.0,0.0,0.0,0.0,0.0,0.0,0.0,0.0,0.0,0.0,0.0,0.0,0.0,0.0,0.0,nan,nan,4.3831632653061225,3.042491962305139,nan,0.8916042221395306,0.034421030604728446,0.0,0.0,0.0,0.0,0.0,0.0,0.0,0.0,0.0,0.0,0.0,0.0,0.0,0.0,0.0,0.0,0.0,0.0,0.0,0.0,0.0,0.0,0.019059720457433295,0.19059720457433232,1.0864040660736978,5.336721728081323,11.531130876747143,9.01524777636595,2.191867852604829,0.6289707750952988,0.8934696162508223,0.03414871187399252,0.0,0.0,0.0,0.0,0.0,0.0,0.0,0.0,0.0,0.0,0.0,0.0,0.0,0.0,0.0,0.0,0.0,0.0,0.0,0.0,0.0,0.0,0.019749835418038188,0.23699802501645745,1.1257406188281767,4.443712969058592,11.77090190915076,9.144173798551682,2.72547728768927,0.5332455562870311,0.401,0.007996,0.0,0.0,0.0,0.0,0.0,0.0,0.0,0.0,0.0,0.0,0.0,13.703939008894515,16.296060991105467,0.0,0.0,0.0,0.0,0.0,0.0,0.0,0.0,0.0,0.0,0.0,0.0,0.0,0.0,0.0,0.0,0.0,0.4006,0.007965,0.0,0.0,0.0,0.0,0.0,0.0,0.0,0.0,0.0,0.0,0.0,13.9236339697169,16.076366030283083,0.0,0.0,0.0,0.0,0.0,0.0,0.0,0.0,0.0,0.0,0.0,0.0,0.0,0.0,0.0,0.0,0.0
6100,3130,1617,0.5166134185303515,758,642,0.4472843450479233,897,0.5731629392971246,0.41,2.9372108393919367,2.9958149956669904,6.201342281879195,2.155000010189545,8376.536038338658,506.42021860610885,7853.0,8866.4,8866.399999999998,1.8189894035458565e-12,7853.0,0.0,28.982428115015974,21.30826560848249,34.02995828593098,19.406130191280138,0.13769968051118212,0.09105431309904154,0.08626198083067092,0.0853035143769968,0.08274760383386581,0.07124600638977636,0.07348242811501597,0.05910543130990415,0.06134185303514377,0.05463258785942492,0.04600638977635783,0.04536741214057508,0.03961661341853035,0.02779552715654952,0.017252396166134186,0.012460063897763577,0.008626198083067093,0.8911957816955761,0.03471139885469145,0.0,0.0,0.0,0.0,0.0,0.0,0.0,0.0,0.0,0.0,0.0,0.0,0.0,0.0,0.0,0.0,0.0,0.0,0.0,0.0,0.0,0.019169329073482434,0.057507987220447296,0.21086261980830606,1.0447284345047927,5.2523961661341865,11.817891373801919,8.760383386581472,2.185303514376997,0.6517571884984027,4.131171345595353,2.8439106807338534,4.5,2.0615528128088303,1.0892794376098418,4.1178743961352655,2.84369279608807,4.145893719806764,2.841543101280357,1.0068043172219616,0.401,0.00824,0.0,0.0,0.0,0.0,0.0,0.0,0.0,0.0,0.0,0.0,0.0,13.629392971245988,16.370607028753998,0.0,0.0,0.0,0.0,0.0,0.0,0.0,0.0,0.0,0.0,0.0,0.0,0.0,0.0,0.0,0.0,0.0,nan,nan,4.131884057971014,2.8426526745459673,nan,0.401,0.03732,0.0,0.0,0.0,0.0,0.0,0.0,0.0,0.0,0.0,0.0,0.0,0.0,0.0,0.0,0.0,0.0,0.0,0.0,0.0,0.0,0.0,0.0,0.0,0.0,9.584664536741214e-05,0.0,0.0,0.0,0.0020926517571884986,0.0038977635782747604,0.0003354632587859425,0.010143769968051119,0.005798722044728435,0.014536741214057508,0.052683706070287536,0.03710862619808307,0.08634185303514377,0.0470926517571885,0.06680511182108627,0.08579872204472844,0.10376996805111821,0.1099520766773163,0.09924920127795527,0.10468051118210862,0.07308306709265176,0.034584664536741215,0.03257188498402556,0.016022364217252397,0.005207667731629393,0.007923322683706071,1.597444089456869e-05,0.00019169329073482429,1.597444089456869e-05,0.0,0.0,0.0,0.0,0.0,0.0,0.0,0.0,0.0,0.0,0.0,0.0,0.0,0.0,0.0,0.0,0.0,0.0,0.0,0.0,0.0,0.0,0.0,0.0,0.0,0.0,0.0,0.0,0.0,0.0,0.0,0.0,0.0,0.0,0.0,0.0,0.0,0.0,0.0,0.0,0.0,0.0,0.0,0.0,0.0,0.0,0.0,0.0,nan,nan,4.131884057971014,2.8426526745459673,nan,0.8914750920598272,0.03437391296180575,0.0,0.0,0.0,0.0,0.0,0.0,0.0,0.0,0.0,0.0,0.0,0.0,0.0,0.0,0.0,0.0,0.0,0.0,0.0,0.0,0.0,0.0,0.05565862708719852,0.22263450834879336,0.9647495361781079,5.324675324675326,11.632653061224492,9.053803339517627,2.0779220779220786,0.6679035250463823,0.8908972722051637,0.03506603318123979,0.0,0.0,0.0,0.0,0.0,0.0,0.0,0.0,0.0,0.0,0.0,0.0,0.0,0.0,0.0,0.0,0.0,0.0,0.0,0.0,0.0,0.03965631196298745,0.05948446794448117,0.19828155981493661,1.1302048909451423,5.175148711169863,12.015862524785197,8.446794448116327,2.3000660938532724,0.6345009914077993,0.401,0.00829,0.0,0.0,0.0,0.0,0.0,0.0,0.0,0.0,0.0,0.0,0.0,13.413729128014822,16.586270871985164,0.0,0.0,0.0,0.0,0.0,0.0,0.0,0.0,0.0,0.0,0.0,0.0,0.0,0.0,0.0,0.0,0.0,0.401,0.008194,0.0,0.0,0.0,0.0,0.0,0.0,0.0,0.0,0.0,0.0,0.0,13.859881031064091,16.14011896893589,0.0,0.0,0.0,0.0,0.0,0.0,0.0,0.0,0.0,0.0,0.0,0.0,0.0,0.0,0.0,0.0,0.0
6200,3073,1598,0.5200130165961601,758,615,0.44679466319557437,854,0.5558086560364465,0.418,3.111864406779661,3.165549982780067,6.601769911504425,2.1535721426522856,8379.981191018549,506.29394949067773,7853.0,8866.4,8866.399999999998,1.8189894035458565e-12,7853.0,0.0,28.81028311096648,21.317371485702715,33.726327944572745,19.50904745766398,0.13634884477709078,0.09013992840872112,0.09079075821672633,0.09111617312072894,0.0790758216726326,0.07647250244061178,0.07126586397657013,0.05694760820045558,0.06052717214448422,0.05076472502440612,0.04848682069638789,0.04165310771233322,0.03807354376830459,0.026358607224210868,0.01887406443215099,0.015294500488122356,0.0078099576960624795,0.8904876360821872,0.03469071038187607,0.0,0.0,0.0,0.0,0.0,0.0,0.0,0.0,0.0,0.0,0.0,0.0,0.0,0.0,0.0,0.0,0.0,0.0,0.0,0.0,0.0,0.009762447120078102,0.03904978848031241,0.21477383664171754,1.2495932313699971,5.056947608200457,12.271396029938174,8.356654734786856,2.1184510250569484,0.6833712984054671,4.155096011816839,2.9040239960966776,7.0,5.0,1.6846782794169923,4.0,2.869619139179409,4.318271119842829,2.937274868214569,1.0795677799607073,0.4014,0.00823,0.0,0.0,0.0,0.0,0.0,0.0,0.0,0.0,0.0,0.0,0.0,12.866905304262916,17.133094695737068,0.0,0.0,0.0,0.0,0.0,0.0,0.0,0.0,0.0,0.0,0.0,0.0,0.0,0.0,0.0,0.0,0.0,nan,nan,4.157894736842105,2.908196584325242,nan,0.4014,0.0374,0.0,0.0,0.0,0.0,0.0,0.0,0.0,0.0,0.0,0.0,0.0,0.0,0.0,0.0,0.0,0.0,0.0,0.0,0.0,0.0,0.0,0.0,0.0,0.0,4.88122356003905e-05,0.0,0.0,0.0,0.0026033192320208264,0.002668402212821347,0.0005206638464041653,0.010559713634884478,0.006654734786853238,0.014985356329319882,0.05139928408721119,0.03579563944028637,0.08566547347868532,0.04796615684998373,0.0650504393101204,0.0863000325414904,0.10245688252521966,0.10261958997722095,0.10248942401561992,0.10740318906605922,0.07539863325740319,0.03547022453628376,0.03486820696387895,0.016287015945330295,0.005434428896843475,0.007240481614057923,0.0,0.00011389521640091117,0.0,0.0,0.0,0.0,0.0,0.0,0.0,0.0,0.0,0.0,0.0,0.0,0.0,0.0,0.0,0.0,0.0,0.0,0.0,0.0,0.0,0.0,0.0,0.0,0.0,0.0,0.0,0.0,0.0,0.0,0.0,0.0,0.0,0.0,0.0,0.0,0.0,0.0,0.0,0.0,0.0,0.0,0.0,0.0,0.0,0.0,0.0,0.0,0.0,nan,nan,4.157894736842105,2.908196584325242,nan,0.8900094094204813,0.03444969716393593,0.0,0.0,0.0,0.0,0.0,0.0,0.0,0.0,0.0,0.0,0.0,0.0,0.0,0.0,0.0,0.0,0.0,0.0,0.0,0.0,0.0,0.018773466833541932,0.037546933667083865,0.26282853566958614,1.1451814768460578,5.219023779724657,12.35294117647059,8.241551939924909,2.121401752190238,0.6007509386733418,0.8910057419841573,0.034942560303936346,0.0,0.0,0.0,0.0,0.0,0.0,0.0,0.0,0.0,0.0,0.0,0.0,0.0,0.0,0.0,0.0,0.0,0.0,0.0,0.0,0.0,0.0,0.040677966101694926,0.16271186440677915,1.36271186440678,4.881355932203391,12.18305084745763,8.481355932203392,2.115254237288136,0.7728813559322035,0.4016,0.008,0.0,0.0,0.0,0.0,0.0,0.0,0.0,0.0,0.0,0.0,0.0,12.334167709637027,17.665832290362957,0.0,0.0,0.0,0.0,0.0,0.0,0.0,0.0,0.0,0.0,0.0,0.0,0.0,0.0,0.0,0.0,0.0,0.4011,0.00847,0.0,0.0,0.0,0.0,0.0,0.0,0.0,0.0,0.0,0.0,0.0,13.444067796610149,16.555932203389833,0.0,0.0,0.0,0.0,0.0,0.0,0.0,0.0,0.0,0.0,0.0,0.0,0.0,0.0,0.0,0.0,0.0
6300,3151,1636,0.5192002538876547,789,627,0.4493811488416376,860,0.5458584576324976,0.41,3.0006600660066005,3.072178932402165,6.495555555555556,1.968920240532929,8379.15753728975,506.3262725186377,7853.0,8866.4,8866.399999999998,1.8189894035458565e-12,7853.0,0.0,28.14122500793399,20.898024721984967,33.15085066162571,19.06352737128995,0.14249444620755317,0.09108219612821326,0.0948905109489051,0.08600444303395748,0.08251348778165661,0.07235798159314503,0.0660107902253253,0.06537607108854332,0.060933037131069505,0.05775944144715963,0.04760393525864805,0.041256743890828305,0.02856236115518883,0.028879720723579815,0.016502697556331325,0.009838146620120596,0.007933989209774674,0.8904747867614494,0.0352257291854574,0.0,0.0,0.0,0.0,0.0,0.0,0.0,0.0,0.0,0.0,0.0,0.0,0.0,0.0,0.0,0.0,0.0,0.0,0.0,0.0,0.0,0.0,0.057124722310377664,0.33322754681053535,1.1424944462075535,5.160266582037449,12.139003490955254,8.245001586797844,2.237384957156459,0.685496667724532,4.179512195121951,2.872912986907032,nan,nan,nan,4.181467181467181,2.8704129379326466,4.181638696939783,2.8738839165504895,1.0000410180123764,0.4011,0.007866,0.0,0.0,0.0,0.0,0.0,0.0,0.0,0.0,0.0,0.0,0.0,13.233894001904138,16.766105998095846,0.0,0.0,0.0,0.0,0.0,0.0,0.0,0.0,0.0,0.0,0.0,0.0,0.0,0.0,0.0,0.0,0.0,nan,nan,4.179512195121951,2.872912986907032,nan,0.4011,0.0374,0.0,0.0,0.0,0.0,0.0,0.0,0.0,0.0,0.0,0.0,0.0,0.0,0.0,0.0,0.0,0.0,0.0,0.0,0.0,0.0,0.0,0.0,0.0,0.0,0.0,0.0,1.586797841954935e-05,0.0,0.0021897810218978104,0.002316724849254205,0.0005236432878451286,0.008870199936528086,0.007489685814027293,0.01537607108854332,0.05682323072040622,0.0365598222786417,0.08332275468105363,0.0475563313233894,0.06661377340526817,0.08963821009203428,0.10198349730244367,0.09819105046017138,0.0988416375753729,0.1110282450015868,0.0767851475721993,0.032069184385909236,0.032513487781656615,0.018724214535068232,0.004792129482703904,0.007695969533481435,0.0,7.933989209774674e-05,0.0,0.0,0.0,0.0,0.0,0.0,0.0,0.0,0.0,0.0,0.0,0.0,0.0,0.0,0.0,0.0,0.0,0.0,0.0,0.0,0.0,0.0,0.0,0.0,0.0,0.0,0.0,0.0,0.0,0.0,0.0,0.0,0.0,0.0,0.0,0.0,0.0,0.0,0.0,0.0,0.0,0.0,0.0,0.0,0.0,0.0,0.0,0.0,0.0,nan,nan,4.179512195121951,2.872912986907032,nan,0.8896940492986175,0.035454508546862565,0.0,0.0,0.0,0.0,0.0,0.0,0.0,0.0,0.0,0.0,0.0,0.0,0.0,0.0,0.0,0.0,0.0,0.0,0.0,0.0,0.0,0.0,0.03667481662591688,0.4034229828850843,1.1735941320293402,5.226161369193155,12.194376528117362,8.105134474327631,2.1454767726161377,0.7151589242053791,0.891317880153656,0.03495742118972548,0.0,0.0,0.0,0.0,0.0,0.0,0.0,0.0,0.0,0.0,0.0,0.0,0.0,0.0,0.0,0.0,0.0,0.0,0.0,0.0,0.0,0.0,0.07920792079207922,0.25742574257425666,1.1089108910891092,5.08910891089109,12.079207920792081,8.396039603960398,2.3366336633663374,0.6534653465346536,0.401,0.00788,0.0,0.0,0.0,0.0,0.0,0.0,0.0,0.0,0.0,0.0,0.0,13.404645476772597,16.59535452322739,0.0,0.0,0.0,0.0,0.0,0.0,0.0,0.0,0.0,0.0,0.0,0.0,0.0,0.0,0.0,0.0,0.0,0.4011,0.00786,0.0,0.0,0.0,0.0,0.0,0.0,0.0,0.0,0.0,0.0,0.0,13.049504950495031,16.950495049504955,0.0,0.0,0.0,0.0,0.0,0.0,0.0,0.0,0.0,0.0,0.0,0.0,0.0,0.0,0.0,0.0,0.0
6400,3376,1756,0.5201421800947867,791,700,0.4416469194312796,962,0.5699052132701422,0.40199999999999997,2.969753086419753,3.062468735162614,6.6,2.0176994600562073,8380.112085308056,506.2886891620002,7853.0,8866.4,8866.399999999998,1.8189894035458565e-12,7853.0,0.0,27.667357819905213,20.873131800727535,32.91330717088833,19.026090707046652,0.1504739336492891,0.10159952606635071,0.08708530805687204,0.08619668246445497,0.07553317535545023,0.07464454976303317,0.07316350710900474,0.05894549763033175,0.05894549763033175,0.052428909952606635,0.044727488151658765,0.043246445497630334,0.03672985781990521,0.023400473933649288,0.01925355450236967,0.008886255924170616,0.004739336492890996,0.888518942740715,0.03625582763215027,0.0,0.0,0.0,0.0,0.0,0.0,0.0,0.0,0.0,0.0,0.0,0.0,0.0,0.0,0.0,0.0,0.0,0.0,0.0,0.0,0.0,0.0,0.06220379146919433,0.3732227488151647,1.324052132701422,5.713862559241707,11.81872037914692,7.819905213270144,2.1327014218009483,0.7553317535545025,4.314737331473733,2.8669490654740355,5.0,3.0,1.1588190927701756,4.321828358208955,2.84584818305314,4.308973172987974,2.888108087629305,0.9970255215720071,0.4011,0.00826,0.0,0.0,0.0,0.0,0.0,0.0,0.0,0.0,0.0,0.0,0.0,13.276066350710881,16.723933649289105,0.0,0.0,0.0,0.0,0.0,0.0,0.0,0.0,0.0,0.0,0.0,0.0,0.0,0.0,0.0,0.0,0.0,nan,nan,4.3153738968880635,2.8671515278912265,nan,0.4011,0.03745,0.0,0.0,0.0,0.0,0.0,0.0,0.0,0.0,0.0,0.0,0.0,0.0,0.0,0.0,0.0,0.0,0.0,0.0,0.0,0.0,0.0,0.0,0.0,0.0,0.0,0.0,0.0,2.962085308056872e-05,0.0019253554502369668,0.002058649289099526,0.0005627962085308056,0.007449644549763033,0.00811611374407583,0.014736374407582938,0.05981931279620853,0.03724822274881517,0.08316054502369669,0.04804502369668247,0.06518068720379147,0.08643364928909952,0.10506516587677725,0.09412026066350711,0.10004443127962086,0.11189277251184834,0.08028732227488151,0.031427725118483414,0.029843009478672987,0.019016587677725117,0.005746445497630332,0.007449644549763033,8.886255924170616e-05,0.0002517772511848341,0.0,0.0,0.0,0.0,0.0,0.0,0.0,0.0,0.0,0.0,0.0,0.0,0.0,0.0,0.0,0.0,0.0,0.0,0.0,0.0,0.0,0.0,0.0,0.0,0.0,0.0,0.0,0.0,0.0,0.0,0.0,0.0,0.0,0.0,0.0,0.0,0.0,0.0,0.0,0.0,0.0,0.0,0.0,0.0,0.0,0.0,0.0,0.0,0.0,nan,nan,4.3153738968880635,2.8671515278912265,nan,0.888936074454855,0.036303730690791514,0.0,0.0,0.0,0.0,0.0,0.0,0.0,0.0,0.0,0.0,0.0,0.0,0.0,0.0,0.0,0.0,0.0,0.0,0.0,0.0,0.0,0.0,0.06833712984054671,0.29043280182232256,1.3838268792710708,5.7061503416856505,11.82232346241458,7.858769931662872,1.9817767653758547,0.8883826879271073,0.8880667925616841,0.03619840285034149,0.0,0.0,0.0,0.0,0.0,0.0,0.0,0.0,0.0,0.0,0.0,0.0,0.0,0.0,0.0,0.0,0.0,0.0,0.0,0.0,0.0,0.0,0.055555555555555566,0.46296296296296147,1.2592592592592595,5.722222222222223,11.814814814814817,7.77777777777778,2.2962962962962967,0.6111111111111113,0.4011,0.00811,0.0,0.0,0.0,0.0,0.0,0.0,0.0,0.0,0.0,0.0,0.0,13.291571753986315,16.70842824601367,0.0,0.0,0.0,0.0,0.0,0.0,0.0,0.0,0.0,0.0,0.0,0.0,0.0,0.0,0.0,0.0,0.0,0.4011,0.00842,0.0,0.0,0.0,0.0,0.0,0.0,0.0,0.0,0.0,0.0,0.0,13.259259259259238,16.740740740740744,0.0,0.0,0.0,0.0,0.0,0.0,0.0,0.0,0.0,0.0,0.0,0.0,0.0,0.0,0.0,0.0,0.0
6500,3253,1682,0.5170611743006456,821,633,0.4469720258223179,899,0.5527205656317246,0.414,2.9401654996817315,3.1060581814352584,6.504405286343612,2.180960458827177,8376.989794036273,506.40492989522033,7853.0,8866.4,8866.399999999998,1.8189894035458565e-12,7853.0,0.0,28.58899477405472,21.111370731945645,33.54668125455871,19.279675325866624,0.13771902858899476,0.09529664924684907,0.08945588687365509,0.08884106978173993,0.07715954503535198,0.07531509375960652,0.06517061174300645,0.06394097755917615,0.05840762373193975,0.055640946818321546,0.04518905625576391,0.04703350753150937,0.036889025514909315,0.026437134952351674,0.020288964033200123,0.011066707654472794,0.006148170919151552,0.8867881971434597,0.03562047768879905,0.0,0.0,0.0,0.0,0.0,0.0,0.0,0.0,0.0,0.0,0.0,0.0,0.0,0.0,0.0,0.0,0.0,0.0,0.0,0.0,0.0,0.02766676913618199,0.03688902551490932,0.3596679987703647,1.3925607131878268,5.883799569628037,12.284045496464804,7.414694128496773,2.0381186596987404,0.5625576391023672,4.1306390977443606,2.8704550812560994,4.0,1.8708286933869707,0.9683731513083049,4.147769516728625,2.8881736564053835,4.1118483412322275,2.850260135419022,0.9913396404135955,0.4016,0.008354,0.0,0.0,0.0,0.0,0.0,0.0,0.0,0.0,0.0,0.0,0.0,12.46849062403933,17.531509375960656,0.0,0.0,0.0,0.0,0.0,0.0,0.0,0.0,0.0,0.0,0.0,0.0,0.0,0.0,0.0,0.0,0.0,nan,nan,4.130393996247655,2.86891132487268,nan,0.4016,0.03754,0.0,0.0,0.0,0.0,0.0,0.0,0.0,0.0,0.0,0.0,0.0,0.0,0.0,0.0,0.0,0.0,0.0,0.0,0.0,0.0,0.0,0.0,0.0,0.0,0.0,0.0,9.222256378727328e-05,1.537042729787888e-05,0.0019059329849369813,0.0021364893944051644,0.0006916692284045496,0.007300952966492469,0.007777436212726713,0.013695050722410083,0.06014448201660006,0.03801106670765447,0.08154011681524746,0.04529664924684906,0.06417153396864433,0.08705810021518598,0.10474946203504458,0.09620350445742391,0.10115278204734092,0.11252689824777129,0.0798339993851829,0.03184752536120504,0.029234552720565632,0.019335997540731634,0.006255763910236705,0.008407623731939748,0.00012296341838303104,0.00044574239163848754,4.611128189363664e-05,0.0,0.0,0.0,0.0,0.0,0.0,0.0,0.0,0.0,0.0,0.0,0.0,0.0,0.0,0.0,0.0,0.0,0.0,0.0,0.0,0.0,0.0,0.0,0.0,0.0,0.0,0.0,0.0,0.0,0.0,0.0,0.0,0.0,0.0,0.0,0.0,0.0,0.0,0.0,0.0,0.0,0.0,0.0,0.0,0.0,0.0,0.0,0.0,nan,nan,4.130393996247655,2.86891132487268,nan,0.8863547304722699,0.0363182480325745,0.0,0.0,0.0,0.0,0.0,0.0,0.0,0.0,0.0,0.0,0.0,0.0,0.0,0.0,0.0,0.0,0.0,0.0,0.0,0.0,0.0,0.03567181926278241,0.07134363852556481,0.41022592152199633,1.3376932223543403,6.0107015457788355,12.324613555291322,7.080856123662308,2.1403091557669445,0.5885850178359098,0.8872522906768405,0.034851951010247996,0.0,0.0,0.0,0.0,0.0,0.0,0.0,0.0,0.0,0.0,0.0,0.0,0.0,0.0,0.0,0.0,0.0,0.0,0.0,0.0,0.0,0.01909611712285169,0.0,0.30553787396562604,1.4513049013367285,5.747931253978359,12.240611075747934,7.772119669000638,1.9287078294080207,0.5346912794398474,0.4019,0.00844,0.0,0.0,0.0,0.0,0.0,0.0,0.0,0.0,0.0,0.0,0.0,12.235434007134346,17.76456599286564,0.0,0.0,0.0,0.0,0.0,0.0,0.0,0.0,0.0,0.0,0.0,0.0,0.0,0.0,0.0,0.0,0.0,0.4014,0.008255,0.0,0.0,0.0,0.0,0.0,0.0,0.0,0.0,0.0,0.0,0.0,12.718014003819205,17.281985996180783,0.0,0.0,0.0,0.0,0.0,0.0,0.0,0.0,0.0,0.0,0.0,0.0,0.0,0.0,0.0,0.0,0.0
6600,3319,1711,0.515516721904188,847,679,0.45977704127749325,945,0.5694486291051521,0.39799999999999996,2.978233830845771,3.0826345366612418,6.510245901639344,2.0999359721366195,8375.424645977704,506.45594626667753,7853.0,8866.4,8866.399999999998,1.8189894035458565e-12,7853.0,0.0,28.613437782464597,20.970610582137986,33.47522281639929,19.160375109231733,0.13317264236215728,0.09671587827658934,0.08376016872551974,0.09129255799939741,0.08345887315456463,0.07984332630310334,0.0653811388972582,0.06025911419102139,0.06236818318770714,0.055137089484784574,0.04579692678517626,0.04157878879180476,0.03555287737270262,0.028321783669780054,0.019282916541126845,0.010244049412473637,0.00783368484483278,0.8880509454897277,0.03442482926561574,0.0,0.0,0.0,0.0,0.0,0.0,0.0,0.0,0.0,0.0,0.0,0.0,0.0,0.0,0.0,0.0,0.0,0.0,0.0,0.0,0.0,0.00903886712865321,0.02711660138595963,0.2892437481169018,1.0665863211810789,5.929496836396506,12.419403434769512,7.90900873757156,1.726423621572763,0.6236818318770715,4.1956423059464365,2.9349644660143195,9.0,0.0,2.14508276533593,4.319559228650138,3.0027219650943393,4.082585278276481,2.8631883513605514,0.9451393214377312,0.4016,0.00828,0.0,0.0,0.0,0.0,0.0,0.0,0.0,0.0,0.0,0.0,0.0,12.437481169026798,17.56251883097319,0.0,0.0,0.0,0.0,0.0,0.0,0.0,0.0,0.0,0.0,0.0,0.0,0.0,0.0,0.0,0.0,0.0,nan,nan,4.197822141560798,2.9360817459980697,nan,0.4016,0.03757,0.0,0.0,0.0,0.0,0.0,0.0,0.0,0.0,0.0,0.0,0.0,0.0,0.0,0.0,0.0,0.0,0.0,0.0,0.0,0.0,0.0,0.0,0.0,0.0,0.0,0.0,0.00010545344983428744,0.0,0.001340765290750226,0.0021843928894245256,0.0008586923772220548,0.007878879180476047,0.00754745405242543,0.014884001205182283,0.0601235311840916,0.03778246459777041,0.0819825248568846,0.04548056643567339,0.06319674600783369,0.08418198252485688,0.10546851461283518,0.09508888219343176,0.10213919855378126,0.11319674600783368,0.07859294968363965,0.034242241639047905,0.028849050918951492,0.018514612835191322,0.006899668574871949,0.0088731545646279,0.0002711660138595963,0.00030129557095510696,0.0,1.5064778547755348e-05,0.0,0.0,0.0,0.0,0.0,0.0,0.0,0.0,0.0,0.0,0.0,0.0,0.0,0.0,0.0,0.0,0.0,0.0,0.0,0.0,0.0,0.0,0.0,0.0,0.0,0.0,0.0,0.0,0.0,0.0,0.0,0.0,0.0,0.0,0.0,0.0,0.0,0.0,0.0,0.0,0.0,0.0,0.0,0.0,0.0,0.0,0.0,nan,nan,4.197822141560798,2.9360817459980697,nan,0.8889326978189634,0.034649576725180285,0.0,0.0,0.0,0.0,0.0,0.0,0.0,0.0,0.0,0.0,0.0,0.0,0.0,0.0,0.0,0.0,0.0,0.0,0.0,0.0,0.0,0.0,0.035067212156633554,0.26300409117475076,1.016949152542373,5.698421975452953,12.466393921683228,8.047925189947401,1.7884278199883112,0.6838106370543543,0.8871127127563182,0.03415907783482779,0.0,0.0,0.0,0.0,0.0,0.0,0.0,0.0,0.0,0.0,0.0,0.0,0.0,0.0,0.0,0.0,0.0,0.0,0.0,0.0,0.0,0.018656716417910453,0.018656716417910453,0.31716417910447664,1.1194029850746272,6.1753731343283595,12.369402985074629,7.761194029850748,1.66044776119403,0.5597014925373136,0.4016,0.008156,0.0,0.0,0.0,0.0,0.0,0.0,0.0,0.0,0.0,0.0,0.0,12.255990648743408,17.74400935125658,0.0,0.0,0.0,0.0,0.0,0.0,0.0,0.0,0.0,0.0,0.0,0.0,0.0,0.0,0.0,0.0,0.0,0.4016,0.00841,0.0,0.0,0.0,0.0,0.0,0.0,0.0,0.0,0.0,0.0,0.0,12.630597014925355,17.369402985074633,0.0,0.0,0.0,0.0,0.0,0.0,0.0,0.0,0.0,0.0,0.0,0.0,0.0,0.0,0.0,0.0,0.0
6700,3079,1604,0.5209483598570964,766,605,0.4452744397531666,833,0.5410847677817473,0.422,3.0996610169491525,3.2065980526924744,6.776765375854214,2.226432126871723,8380.92906787918,506.25509051957283,7853.0,8866.4,8866.399999999998,1.8189894035458565e-12,7853.0,0.0,28.26014939915557,21.188666873473878,33.350271528316526,19.399786303337944,0.14063007469957778,0.10003247807729783,0.09093861643390712,0.08216953556349464,0.08411822020136409,0.07469957778499513,0.0678791815524521,0.059434881455017866,0.059434881455017866,0.052939265995453066,0.04839233517375771,0.03897369275738876,0.03312763884378045,0.02890548879506333,0.015589477102955504,0.014939915556999025,0.007794738551477752,0.8867920530465718,0.03415172522449644,0.0,0.0,0.0,0.0,0.0,0.0,0.0,0.0,0.0,0.0,0.0,0.0,0.0,0.0,0.0,0.0,0.0,0.0,0.0,0.0,0.0,0.0,0.029230269568041575,0.3410198116271506,1.1692107827216631,5.943488145501788,12.900292302695682,7.268593699253006,1.7927898668398834,0.55537512179279,4.334002006018054,2.9710703642498877,4.0,0.0,0.9229345059014117,4.415650406504065,2.9865890936601494,4.257425742574258,2.9519366535991374,0.96416730280623,0.4023,0.007797,0.0,0.0,0.0,0.0,0.0,0.0,0.0,0.0,0.0,0.0,0.0,11.487495940240322,18.512504059759667,0.0,0.0,0.0,0.0,0.0,0.0,0.0,0.0,0.0,0.0,0.0,0.0,0.0,0.0,0.0,0.0,0.0,nan,nan,4.333834586466166,2.970335049868611,nan,0.4023,0.03723,0.0,0.0,0.0,0.0,0.0,0.0,0.0,0.0,0.0,0.0,0.0,0.0,0.0,0.0,0.0,0.0,0.0,0.0,0.0,0.0,0.0,0.0,0.0,0.0,0.0,0.0,0.0,4.871711594673595e-05,0.0011367327054238388,0.0018025332900292303,0.0010880155894771029,0.007843455667424488,0.005440077947385514,0.014274114972393634,0.058476778174732055,0.03522247482949009,0.08023708996427412,0.04861968171484248,0.06326729457616109,0.08593699253004222,0.10472556024683338,0.09654108476778175,0.10254952906787917,0.11519974017538162,0.07643715492042871,0.034848976940565116,0.032039623254303345,0.017473205586229296,0.007161416044170185,0.009110100682039624,0.00024358557973367976,0.0002111075024358558,0.0,4.871711594673595e-05,0.0,1.6239038648911984e-05,0.0,0.0,0.0,0.0,0.0,0.0,0.0,0.0,0.0,0.0,0.0,0.0,0.0,0.0,0.0,0.0,0.0,0.0,0.0,0.0,0.0,0.0,0.0,0.0,0.0,0.0,0.0,0.0,0.0,0.0,0.0,0.0,0.0,0.0,0.0,0.0,0.0,0.0,0.0,0.0,0.0,0.0,0.0,0.0,0.0,nan,nan,4.333834586466166,2.970335049868611,nan,0.8870102620481553,0.03427451177531155,0.0,0.0,0.0,0.0,0.0,0.0,0.0,0.0,0.0,0.0,0.0,0.0,0.0,0.0,0.0,0.0,0.0,0.0,0.0,0.0,0.0,0.0,0.0374064837905237,0.3553615960099739,1.140897755610973,5.854114713216958,12.793017456359104,7.4438902743142155,1.7394014962593518,0.6359102244389029,0.886554760003494,0.0340161082920109,0.0,0.0,0.0,0.0,0.0,0.0,0.0,0.0,0.0,0.0,0.0,0.0,0.0,0.0,0.0,0.0,0.0,0.0,0.0,0.0,0.0,0.0,0.020338983050847463,0.3254237288135583,1.2000000000000004,6.040677966101696,13.016949152542376,7.0779661016949165,1.850847457627119,0.4677966101694916,0.4023,0.007683,0.0,0.0,0.0,0.0,0.0,0.0,0.0,0.0,0.0,0.0,0.0,11.371571072319187,18.6284289276808,0.0,0.0,0.0,0.0,0.0,0.0,0.0,0.0,0.0,0.0,0.0,0.0,0.0,0.0,0.0,0.0,0.0,0.4023,0.00792,0.0,0.0,0.0,0.0,0.0,0.0,0.0,0.0,0.0,0.0,0.0,11.61355932203388,18.386440677966107,0.0,0.0,0.0,0.0,0.0,0.0,0.0,0.0,0.0,0.0,0.0,0.0,0.0,0.0,0.0,0.0,0.0
6800,3047,1587,0.5208401706596653,739,624,0.44732523793895634,851,0.5585822120118149,0.418,2.923972602739726,3.0800463613865436,6.5675,2.2517645858304105,8380.819428946505,506.25967617515556,7853.0,8866.4,8866.399999999998,1.8189894035458565e-12,7853.0,0.0,28.170987856908436,21.03408017537115,33.099415204678365,19.27308265580845,0.1407942238267148,0.10239579914670167,0.08959632425336396,0.08270429931079751,0.08204791598293404,0.0735149327207089,0.06563833278634723,0.06301279947489334,0.05743354118805382,0.052838857893009517,0.05021332458155563,0.04627502461437479,0.031834591401378405,0.02822448309812931,0.015753199868723335,0.010502133245815556,0.007220216606498195,0.8836020620916959,0.03593925903251757,0.0,0.0,0.0,0.0,0.0,0.0,0.0,0.0,0.0,0.0,0.0,0.0,0.0,0.0,0.0,0.0,0.0,0.0,0.0,0.0,0.0,0.03938299967180835,0.12799474893337712,0.40367574663603417,1.5654742369543817,6.350508697079095,12.494256645881197,6.921562192320316,1.624548736462094,0.4725959960617001,4.185279187817259,2.8348245092414968,5.0,2.138089935299395,1.1946634323832626,4.239307535641548,2.826763769845913,4.137688442211055,2.8383831272933544,0.9760293178600182,0.4028,0.008255,0.0,0.0,0.0,0.0,0.0,0.0,0.0,0.0,0.0,0.0,0.0,10.623564161470282,19.376435838529705,0.0,0.0,0.0,0.0,0.0,0.0,0.0,0.0,0.0,0.0,0.0,0.0,0.0,0.0,0.0,0.0,0.0,nan,nan,4.188163884673748,2.83307324536574,nan,0.4028,0.0371,0.0,0.0,0.0,0.0,0.0,0.0,0.0,0.0,0.0,0.0,0.0,0.0,0.0,0.0,0.0,0.0,0.0,0.0,0.0,0.0,0.0,0.0,0.0,0.0,0.0,0.0,0.0,4.922874958976042e-05,0.00077125041023958,0.002051197899573351,0.0013127666557269445,0.007072530357728914,0.005398752871677059,0.014243518214637348,0.05556284870364293,0.03514932720708894,0.08058746307843781,0.04561864128651132,0.06396455530029538,0.08421398096488349,0.10021332458155563,0.09922874958976043,0.10864785034460124,0.11668854611092878,0.07551690187069249,0.03654414177879882,0.0332129963898917,0.01608139153265507,0.007745323268788973,0.009369872005251067,0.0005086970790941911,0.0002461437479488021,0.0,0.0,0.0,0.0,0.0,0.0,0.0,0.0,0.0,0.0,0.0,0.0,0.0,0.0,0.0,0.0,0.0,0.0,0.0,0.0,0.0,0.0,0.0,0.0,0.0,0.0,0.0,0.0,0.0,0.0,0.0,0.0,0.0,0.0,0.0,0.0,0.0,0.0,0.0,0.0,0.0,0.0,0.0,0.0,0.0,0.0,0.0,0.0,0.0,nan,nan,4.188163884673748,2.83307324536574,nan,0.8837996883894109,0.03544148461554601,0.0,0.0,0.0,0.0,0.0,0.0,0.0,0.0,0.0,0.0,0.0,0.0,0.0,0.0,0.0,0.0,0.0,0.0,0.0,0.0,0.0,0.0,0.13232514177693766,0.3591682419659724,1.5311909262759926,6.616257088846882,12.36294896030246,6.899810964083177,1.625708884688091,0.47258979206049156,0.8833872450132892,0.03647141349667316,0.0,0.0,0.0,0.0,0.0,0.0,0.0,0.0,0.0,0.0,0.0,0.0,0.0,0.0,0.0,0.0,0.0,0.0,0.0,0.0,0.0,0.08219178082191783,0.12328767123287673,0.45205479452054653,1.6027397260273977,6.061643835616439,12.636986301369866,6.945205479452056,1.623287671232877,0.47260273972602745,0.4028,0.008415,0.0,0.0,0.0,0.0,0.0,0.0,0.0,0.0,0.0,0.0,0.0,11.039697542533066,18.960302457466923,0.0,0.0,0.0,0.0,0.0,0.0,0.0,0.0,0.0,0.0,0.0,0.0,0.0,0.0,0.0,0.0,0.0,0.403,0.008064,0.0,0.0,0.0,0.0,0.0,0.0,0.0,0.0,0.0,0.0,0.0,10.171232876712313,19.828767123287676,0.0,0.0,0.0,0.0,0.0,0.0,0.0,0.0,0.0,0.0,0.0,0.0,0.0,0.0,0.0,0.0,0.0
6900,3121,1635,0.5238705543095162,765,634,0.4482537648189683,887,0.568407561678949,0.40199999999999997,3.047779273216689,3.1174418878884955,6.5418604651162795,2.148415593390945,8383.890419737263,506.12223186986637,7853.0,8866.4,8866.399999999998,1.8189894035458565e-12,7853.0,0.0,28.884972765139377,21.279465917370004,33.768181818181816,19.493337316234946,0.13200897148349888,0.09836590836270426,0.09131688561358539,0.08490868311438642,0.08042294136494713,0.06247997436719,0.06856776674142903,0.07497596924062801,0.05991669336751041,0.053508490868311435,0.04806151874399231,0.03556552387055431,0.036526754245434154,0.03300224287087472,0.022108298622236462,0.011855174623518103,0.006408202499198975,0.8826763809815846,0.034842673043471634,0.0,0.0,0.0,0.0,0.0,0.0,0.0,0.0,0.0,0.0,0.0,0.0,0.0,0.0,0.0,0.0,0.0,0.0,0.0,0.0,0.0,0.009612303748798465,0.06728612624158925,0.3075937199615498,1.7975008010253126,6.719000320410126,12.75552707465556,6.38256968920218,1.6052547260493435,0.35565523870554316,4.245853658536586,2.9108786500246864,1.6666666666666667,1.247219128924647,0.39253982843137253,4.258603736479842,2.952089941369155,4.224154589371981,2.870472050469617,0.9919106943872789,0.4028,0.00804,0.0,0.0,0.0,0.0,0.0,0.0,0.0,0.0,0.0,0.0,0.0,11.034924703620618,18.96507529637937,0.0,0.0,0.0,0.0,0.0,0.0,0.0,0.0,0.0,0.0,0.0,0.0,0.0,0.0,0.0,0.0,0.0,nan,nan,4.242084754018509,2.9108095797849023,nan,0.4028,0.03726,0.0,0.0,0.0,0.0,0.0,0.0,0.0,0.0,0.0,0.0,0.0,0.0,0.0,0.0,0.0,0.0,0.0,0.0,0.0,0.0,0.0,0.0,0.0,0.0,0.0,0.0,0.0,0.0,0.00044857417494392825,0.0027395065684075615,0.0008170458186478693,0.007193207305350849,0.00555911566805511,0.014130086510733738,0.054485741749439286,0.034844601089394425,0.08385132970201858,0.04400833066324896,0.06664530599166933,0.08337071451457866,0.09911887215636014,0.1,0.10998077539250241,0.11135853892983018,0.07348606215956424,0.03849727651393784,0.03330663248958667,0.016533162447933354,0.007978212111502724,0.011054149311118231,0.0003043896187119513,0.0002082665812239667,3.2041012495994874e-05,0.0,4.806151874399231e-05,0.0,0.0,0.0,0.0,0.0,0.0,0.0,0.0,0.0,0.0,0.0,0.0,0.0,0.0,0.0,0.0,0.0,0.0,0.0,0.0,0.0,0.0,0.0,0.0,0.0,0.0,0.0,0.0,0.0,0.0,0.0,0.0,0.0,0.0,0.0,0.0,0.0,0.0,0.0,0.0,0.0,0.0,0.0,0.0,0.0,0.0,nan,nan,4.242084754018509,2.9108095797849023,nan,0.8829054153293645,0.03567780965930216,0.0,0.0,0.0,0.0,0.0,0.0,0.0,0.0,0.0,0.0,0.0,0.0,0.0,0.0,0.0,0.0,0.0,0.0,0.0,0.0,0.0,0.018348623853211014,0.07339449541284405,0.27522935779816426,1.8715596330275233,6.623853211009175,12.69724770642202,6.293577981651377,1.706422018348624,0.4403669724770643,0.8824243815477892,0.03389824671695126,0.0,0.0,0.0,0.0,0.0,0.0,0.0,0.0,0.0,0.0,0.0,0.0,0.0,0.0,0.0,0.0,0.0,0.0,0.0,0.0,0.0,0.0,0.06056527590847915,0.3432032301480474,1.7160161507402425,6.823687752355317,12.819650067294754,6.480484522207269,1.4939434724091525,0.262449528936743,0.4028,0.008156,0.0,0.0,0.0,0.0,0.0,0.0,0.0,0.0,0.0,0.0,0.0,11.082568807339435,18.917431192660555,0.0,0.0,0.0,0.0,0.0,0.0,0.0,0.0,0.0,0.0,0.0,0.0,0.0,0.0,0.0,0.0,0.0,0.403,0.00792,0.0,0.0,0.0,0.0,0.0,0.0,0.0,0.0,0.0,0.0,0.0,10.982503364737534,19.017496635262454,0.0,0.0,0.0,0.0,0.0,0.0,0.0,0.0,0.0,0.0,0.0,0.0,0.0,0.0,0.0,0.0,0.0
7000,3130,1600,0.5111821086261981,742,645,0.4431309904153355,879,0.5616613418530352,0.434,2.99281045751634,3.1241125186896075,6.699029126213592,2.1669850715043095,8371.031948881788,506.57326906829616,7853.0,8866.4,8866.399999999998,1.8189894035458565e-12,7853.0,0.0,27.891373801916934,20.899081006842373,32.848057882711345,19.167939156470887,0.13929712460063898,0.09744408945686901,0.10319488817891374,0.0817891373801917,0.07699680511182108,0.07827476038338659,0.06932907348242812,0.0610223642172524,0.06038338658146965,0.05207667731629393,0.04536741214057508,0.039936102236421724,0.034185303514377,0.027476038338658148,0.014057507987220448,0.00926517571884984,0.009904153354632588,0.8818198230891182,0.03570890326024238,0.0,0.0,0.0,0.0,0.0,0.0,0.0,0.0,0.0,0.0,0.0,0.0,0.0,0.0,0.0,0.0,0.0,0.0,0.0,0.0,0.0,0.0,0.06709265175718852,0.258785942492012,2.0894568690095854,7.284345047923324,11.769968051118212,6.421725239616615,1.562300319488818,0.5463258785942493,4.402103154732099,2.8501298995030253,4.0,1.0,0.9086565805937891,4.370741482965932,2.8655275513590515,4.432567432567432,2.831903710064173,1.0141454144205175,0.4033,0.008026,0.0,0.0,0.0,0.0,0.0,0.0,0.0,0.0,0.0,0.0,0.0,10.361022364217238,19.63897763578275,0.0,0.0,0.0,0.0,0.0,0.0,0.0,0.0,0.0,0.0,0.0,0.0,0.0,0.0,0.0,0.0,0.0,nan,nan,4.401700850425213,2.848907728617648,nan,0.4033,0.03723,0.0,0.0,0.0,0.0,0.0,0.0,0.0,0.0,0.0,0.0,0.0,0.0,0.0,0.0,0.0,0.0,0.0,0.0,0.0,0.0,0.0,0.0,0.0,0.0,0.0,0.0,0.0,0.0,0.0003035143769968051,0.0016453674121405752,0.0007987220447284345,0.007795527156549521,0.004776357827476038,0.01428115015974441,0.055287539936102234,0.033578274760383386,0.08391373801916933,0.04086261980830671,0.0693929712460064,0.08381789137380191,0.09902555910543132,0.0949520766773163,0.1126038338658147,0.1103035143769968,0.0754632587859425,0.04044728434504792,0.03412140575079872,0.017204472843450478,0.007332268370607029,0.011421725239616614,0.0003194888178913738,0.00022364217252396167,0.0,0.0,0.00012779552715654952,0.0,0.0,0.0,0.0,0.0,0.0,0.0,0.0,0.0,0.0,0.0,0.0,0.0,0.0,0.0,0.0,0.0,0.0,0.0,0.0,0.0,0.0,0.0,0.0,0.0,0.0,0.0,0.0,0.0,0.0,0.0,0.0,0.0,0.0,0.0,0.0,0.0,0.0,0.0,0.0,0.0,0.0,0.0,0.0,0.0,0.0,nan,nan,4.401700850425213,2.848907728617648,nan,0.8812711180374027,0.035203158025862546,0.0,0.0,0.0,0.0,0.0,0.0,0.0,0.0,0.0,0.0,0.0,0.0,0.0,0.0,0.0,0.0,0.0,0.0,0.0,0.0,0.0,0.0,0.037500000000000006,0.18749999999999944,2.1937500000000005,7.687500000000003,11.362500000000002,6.506250000000001,1.5187500000000003,0.5062500000000001,0.8823936322935266,0.03622134606745421,0.0,0.0,0.0,0.0,0.0,0.0,0.0,0.0,0.0,0.0,0.0,0.0,0.0,0.0,0.0,0.0,0.0,0.0,0.0,0.0,0.0,0.0,0.09803921568627452,0.3333333333333323,1.9803921568627454,6.862745098039217,12.196078431372552,6.333333333333335,1.6078431372549022,0.5882352941176472,0.4033,0.00797,0.0,0.0,0.0,0.0,0.0,0.0,0.0,0.0,0.0,0.0,0.0,10.387499999999983,19.612500000000004,0.0,0.0,0.0,0.0,0.0,0.0,0.0,0.0,0.0,0.0,0.0,0.0,0.0,0.0,0.0,0.0,0.0,0.4033,0.00808,0.0,0.0,0.0,0.0,0.0,0.0,0.0,0.0,0.0,0.0,0.0,10.333333333333318,19.66666666666667,0.0,0.0,0.0,0.0,0.0,0.0,0.0,0.0,0.0,0.0,0.0,0.0,0.0,0.0,0.0,0.0,0.0
7100,3326,1740,0.5231509320505111,846,675,0.45730607336139506,931,0.5598316295850871,0.38999999999999996,2.960277427490542,3.0226652718222695,6.444201312910285,1.9751337840621255,8383.161154539986,506.15656098449483,7853.0,8866.4,8866.399999999998,1.8189894035458565e-12,7853.0,0.0,28.780817799158147,21.05087340823237,33.49982325910216,19.272040399225812,0.13138905592303066,0.09350571256764882,0.09200240529164161,0.08749248346361996,0.07997594708358388,0.07215874924834637,0.06975345760673482,0.06644618159951894,0.0661455201443175,0.050511124473842456,0.043896572459410706,0.046001202645820805,0.032772098616957304,0.02916416115453999,0.019542994588093807,0.011425135297654841,0.007817197835237523,0.8834345833730497,0.03531680077273726,0.0,0.0,0.0,0.0,0.0,0.0,0.0,0.0,0.0,0.0,0.0,0.0,0.0,0.0,0.0,0.0,0.0,0.0,0.0,0.0,0.0,0.0,0.06313890559230309,0.2976548406494278,1.6867107636800964,6.936259771497295,12.158749248346364,6.611545399879737,1.6776909200240533,0.5682501503307278,4.098226466575716,2.8018365219908246,0.0,0.0,0.0,4.142071494042163,2.815594083738719,4.051397655545537,2.788949974451766,0.9781090600133172,0.403,0.008,0.0,0.0,0.0,0.0,0.0,0.0,0.0,0.0,0.0,0.0,0.0,10.535177390258553,19.437763078773305,0.02705953096812989,0.0,0.0,0.0,0.0,0.0,0.0,0.0,0.0,0.0,0.0,0.0,0.0,0.0,0.0,0.0,0.0,nan,nan,4.096363636363637,2.80256140222175,nan,0.403,0.03723,0.0,0.0,0.0,0.0,0.0,0.0,0.0,0.0,0.0,0.0,0.0,0.0,0.0,0.0,0.0,0.0,0.0,0.0,0.0,0.0,0.0,0.0,0.0,0.0,0.0,0.0,0.0,1.5033072760072159e-05,0.0003006614552014432,0.0012627781118460613,0.0004810583283223091,0.007396271797955502,0.005006013229104029,0.014597113650030066,0.05535177390258569,0.03576368009621166,0.08475646422128683,0.04134095009019843,0.07038484666265785,0.085207456404089,0.09990980156343957,0.09607636800962116,0.10774203247143717,0.11226698737221888,0.06967829224293445,0.03828923631990379,0.03722188815393866,0.017874323511725798,0.007125676488274203,0.011244738424533975,0.000285628382441371,0.0003006614552014432,0.0,0.0,0.00012026458208057727,0.0,0.0,0.0,0.0,0.0,0.0,0.0,0.0,0.0,0.0,0.0,0.0,0.0,0.0,0.0,0.0,0.0,0.0,0.0,0.0,0.0,0.0,0.0,0.0,0.0,0.0,0.0,0.0,0.0,0.0,0.0,0.0,0.0,0.0,0.0,0.0,0.0,0.0,0.0,0.0,0.0,0.0,0.0,0.0,0.0,0.0,nan,nan,4.096363636363637,2.80256140222175,nan,0.8825394671196225,0.03575802689246914,0.0,0.0,0.0,0.0,0.0,0.0,0.0,0.0,0.0,0.0,0.0,0.0,0.0,0.0,0.0,0.0,0.0,0.0,0.0,0.0,0.0,0.0,0.06896551724137932,0.29310344827586116,1.8275862068965523,7.155172413793106,11.827586206896553,6.672413793103449,1.6034482758620692,0.5517241379310346,0.8844166150760531,0.03479982581308943,0.0,0.0,0.0,0.0,0.0,0.0,0.0,0.0,0.0,0.0,0.0,0.0,0.0,0.0,0.0,0.0,0.0,0.0,0.0,0.0,0.0,0.0,0.05674653215636823,0.30264817150062956,1.5321563682219423,6.696090794451451,12.52206809583859,6.544766708701136,1.7591424968474152,0.5863808322824717,0.403,0.00798,0.0,0.0,0.0,0.0,0.0,0.0,0.0,0.0,0.0,0.0,0.0,10.310344827586192,19.672413793103452,0.01724137931034483,0.0,0.0,0.0,0.0,0.0,0.0,0.0,0.0,0.0,0.0,0.0,0.0,0.0,0.0,0.0,0.0,0.4028,0.00803,0.0,0.0,0.0,0.0,0.0,0.0,0.0,0.0,0.0,0.0,0.0,10.781841109709946,19.180327868852462,0.03783102143757883,0.0,0.0,0.0,0.0,0.0,0.0,0.0,0.0,0.0,0.0,0.0,0.0,0.0,0.0,0.0,0.0
7200,3233,1637,0.5063408598824621,782,672,0.44973708629755643,908,0.5617073925146923,0.39399999999999996,2.817042606516291,3.023568287414868,6.380510440835267,2.1870724840194544,8366.125827404887,506.65925309043985,7853.0,8866.4,8866.399999999998,1.8189894035458565e-12,7853.0,0.0,27.39034952056913,20.578648772679976,32.16685042263874,18.934637275562462,0.14073615836684195,0.10269099907206929,0.09805134549953604,0.08536962573461182,0.08289514382926075,0.07206928549334983,0.07299721620785649,0.06588308072997216,0.060934116919270025,0.050726879059696875,0.04763377667800804,0.03557067738942159,0.025982060006186206,0.02381688833900402,0.014846891432106402,0.012681719764924219,0.007114135477884318,0.8830265951643336,0.034569458276262566,0.0,0.0,0.0,0.0,0.0,0.0,0.0,0.0,0.0,0.0,0.0,0.0,0.0,0.0,0.0,0.0,0.0,0.0,0.0,0.0,0.0,0.0,0.05567584287039902,0.2690999072069277,1.8929786575935665,6.625425301577484,12.65697494587071,6.560470151562018,1.475409836065574,0.46396535725332516,4.184120798830979,2.831903892804588,6.0,0.0,1.4339930151338764,4.140609636184857,2.856256880048355,4.226833976833976,2.8071361791727996,1.0208240689717774,0.4033,0.00835,0.0,0.0,0.0,0.0,0.0,0.0,0.0,0.0,0.0,0.0,0.0,10.22579647386327,19.755644911846588,0.01855861429013301,0.0,0.0,0.0,0.0,0.0,0.0,0.0,0.0,0.0,0.0,0.0,0.0,0.0,0.0,0.0,0.0,nan,nan,4.185004868549172,2.8314978050212183,nan,0.4033,0.0369,0.0,0.0,0.0,0.0,0.0,0.0,0.0,0.0,0.0,0.0,0.0,0.0,0.0,0.0,0.0,0.0,0.0,0.0,0.0,0.0,0.0,0.0,0.0,0.0,0.0,0.0,0.0,0.0,0.0001546551190844417,0.0010207237859573151,0.0006031549644293226,0.0073615836684194245,0.005026291370244355,0.01450665017012063,0.05442313640581503,0.03192081657902877,0.08096195484070523,0.043751933188988554,0.07233219919579338,0.08608103928240025,0.10064955150015466,0.09817506959480359,0.10954222084751006,0.1144602536343953,0.0656510980513455,0.041215589236003713,0.036065573770491806,0.017708011135168573,0.006495515001546551,0.01090318589545314,0.0004330343334364367,0.00041756882152799255,1.546551190844417e-05,0.0,0.00012372409526755336,0.0,0.0,0.0,0.0,0.0,0.0,0.0,0.0,0.0,0.0,0.0,0.0,0.0,0.0,0.0,0.0,0.0,0.0,0.0,0.0,0.0,0.0,0.0,0.0,0.0,0.0,0.0,0.0,0.0,0.0,0.0,0.0,0.0,0.0,0.0,0.0,0.0,0.0,0.0,0.0,0.0,0.0,0.0,0.0,0.0,0.0,nan,nan,4.185004868549172,2.8314978050212183,nan,0.8831057978899798,0.03487427480528244,0.0,0.0,0.0,0.0,0.0,0.0,0.0,0.0,0.0,0.0,0.0,0.0,0.0,0.0,0.0,0.0,0.0,0.0,0.0,0.0,0.0,0.0,0.05497861942577887,0.3298717165546721,1.8692730604764816,6.634086744043984,12.590103848503363,6.487477092241907,1.5943799633475872,0.43982895540623096,0.8829453577822014,0.03425380321893345,0.0,0.0,0.0,0.0,0.0,0.0,0.0,0.0,0.0,0.0,0.0,0.0,0.0,0.0,0.0,0.0,0.0,0.0,0.0,0.0,0.0,0.0,0.05639097744360903,0.20676691729323243,1.917293233082707,6.61654135338346,12.725563909774438,6.635338345864663,1.353383458646617,0.48872180451127833,0.4033,0.0084,0.0,0.0,0.0,0.0,0.0,0.0,0.0,0.0,0.0,0.0,0.0,9.859499083689661,20.12217470983507,0.018326206475259624,0.0,0.0,0.0,0.0,0.0,0.0,0.0,0.0,0.0,0.0,0.0,0.0,0.0,0.0,0.0,0.0,0.4033,0.0083,0.0,0.0,0.0,0.0,0.0,0.0,0.0,0.0,0.0,0.0,0.0,10.601503759398481,19.379699248120307,0.018796992481203013,0.0,0.0,0.0,0.0,0.0,0.0,0.0,0.0,0.0,0.0,0.0,0.0,0.0,0.0,0.0,0.0
7300,3191,1594,0.4995299279222814,775,665,0.45126919460984016,920,0.5766217486681291,0.41,2.951784596117721,3.066706445762958,6.39186295503212,2.1582415512723263,8359.223628956439,506.6997760712241,7853.0,8866.4,8866.399999999998,1.8189894035458565e-12,7853.0,0.0,28.122845502977125,20.936263311655626,33.255063765941486,19.076351473383713,0.1416483860858665,0.09996866186148542,0.08774678784080225,0.0786587276715763,0.08053901598245064,0.07897210905672203,0.07489815104982764,0.06361642118458163,0.06048260733312441,0.0532748354747728,0.044813538075838294,0.03917267314321529,0.03196490128486368,0.02538389219680351,0.019429645879034785,0.012221874020683171,0.007207771858351614,0.8825649074423242,0.03429798352846848,0.0,0.0,0.0,0.0,0.0,0.0,0.0,0.0,0.0,0.0,0.0,0.0,0.0,0.0,0.0,0.0,0.0,0.0,0.0,0.0,0.0,0.009401441554371672,0.09401441554371671,0.32905045440300745,1.4572234409276092,7.032278282670011,12.579128799749297,6.665622062049516,1.3726104669382642,0.46067063616421194,4.293493975903615,2.835426673119658,7.0,0.0,1.6303737793242787,4.2846153846153845,2.7619937486271797,4.3072463768115945,2.9076437083087656,1.0052819191840348,0.404,0.00798,0.0,0.0,0.0,0.0,0.0,0.0,0.0,0.0,0.0,0.0,0.0,9.119398307740507,20.880601692259486,0.0,0.0,0.0,0.0,0.0,0.0,0.0,0.0,0.0,0.0,0.0,0.0,0.0,0.0,0.0,0.0,0.0,nan,nan,4.294797687861272,2.835365684026075,nan,0.404,0.0366,0.0,0.0,0.0,0.0,0.0,0.0,0.0,0.0,0.0,0.0,0.0,0.0,0.0,0.0,0.0,0.0,0.0,0.0,0.0,0.0,0.0,0.0,0.0,0.0,0.0,0.0,0.0,0.0,6.267627702914446e-05,0.0011125039172673143,0.0002820432466311501,0.006925728611720464,0.004136634283923535,0.013506737699780632,0.05391726731432153,0.02671576308367283,0.08074271388279536,0.04561266060795989,0.07173299905985585,0.08694766530868066,0.09589470385459103,0.10053274835474772,0.11427452209338765,0.11349106863052334,0.06795675336884989,0.04158570980883736,0.03827953619554998,0.01888122845502977,0.005985584456283297,0.010623628956439988,0.0003603885929175807,0.0002820432466311501,1.5669069257286116e-05,0.0,0.00014102162331557506,0.0,0.0,0.0,0.0,0.0,0.0,0.0,0.0,0.0,0.0,0.0,0.0,0.0,0.0,0.0,0.0,0.0,0.0,0.0,0.0,0.0,0.0,0.0,0.0,0.0,0.0,0.0,0.0,0.0,0.0,0.0,0.0,0.0,0.0,0.0,0.0,0.0,0.0,0.0,0.0,0.0,0.0,0.0,0.0,0.0,0.0,nan,nan,4.294797687861272,2.835365684026075,nan,0.8822481318504328,0.033635225553794404,0.0,0.0,0.0,0.0,0.0,0.0,0.0,0.0,0.0,0.0,0.0,0.0,0.0,0.0,0.0,0.0,0.0,0.0,0.0,0.0,0.0,0.0,0.07528230865746552,0.3199498117942274,1.4491844416562112,6.944792973651193,12.83563362609787,6.643663739021331,1.3362609786700128,0.3952321204516939,0.8828810879642245,0.03494410171351168,0.0,0.0,0.0,0.0,0.0,0.0,0.0,0.0,0.0,0.0,0.0,0.0,0.0,0.0,0.0,0.0,0.0,0.0,0.0,0.0,0.0,0.018785222291797125,0.11271133375078274,0.3381340012523471,1.4652473387601757,7.1195992485911095,12.323105823418913,6.687539135879776,1.4088916718847841,0.5259862241703195,0.4038,0.00807,0.0,0.0,0.0,0.0,0.0,0.0,0.0,0.0,0.0,0.0,0.0,9.10915934755331,20.89084065244668,0.0,0.0,0.0,0.0,0.0,0.0,0.0,0.0,0.0,0.0,0.0,0.0,0.0,0.0,0.0,0.0,0.0,0.4043,0.00789,0.0,0.0,0.0,0.0,0.0,0.0,0.0,0.0,0.0,0.0,0.0,9.129618033813387,20.870381966186603,0.0,0.0,0.0,0.0,0.0,0.0,0.0,0.0,0.0,0.0,0.0,0.0,0.0,0.0,0.0,0.0,0.0
7400,3332,1730,0.5192076830732293,813,673,0.4459783913565426,925,0.5552220888355343,0.41,2.9625468164794007,3.0747809122837992,6.597285067873303,2.083286616594343,8379.165066026411,506.32598314187595,7853.0,8866.4,8866.399999999998,1.8189894035458565e-12,7853.0,0.0,28.350240096038416,21.180144483702588,33.19325044404973,19.474106064694805,0.1362545018007203,0.09903961584633854,0.0897358943577431,0.09153661464585834,0.07713085234093638,0.08013205282112845,0.07172869147659064,0.061524609843937574,0.0546218487394958,0.0468187274909964,0.04321728691476591,0.0429171668667467,0.034213685474189674,0.03391356542617047,0.018907563025210083,0.01050420168067227,0.0078031212484993995,0.882849854474165,0.03722704686760364,0.0,0.0,0.0,0.0,0.0,0.0,0.0,0.0,0.0,0.0,0.0,0.0,0.0,0.0,0.0,0.0,0.0,0.0,0.0,0.0,0.0,0.0,0.0810324129651861,0.4231692677070815,2.0528211284513813,6.455582232893159,12.199879951980794,6.374549819927973,1.7196878751500604,0.6932773109243698,4.237436606731213,2.915177066565578,4.0,0.0,0.943966924164944,4.215023474178404,2.8653277183807897,4.258823529411765,2.9609794867398747,1.0103914143068677,0.4043,0.008,0.0,0.0,0.0,0.0,0.0,0.0,0.0,0.0,0.0,0.0,0.0,8.904561824729878,21.09543817527011,0.0,0.0,0.0,0.0,0.0,0.0,0.0,0.0,0.0,0.0,0.0,0.0,0.0,0.0,0.0,0.0,0.0,nan,nan,4.2373271889400925,2.914509744301677,nan,0.4043,0.03653,0.0,0.0,0.0,0.0,0.0,0.0,0.0,0.0,0.0,0.0,0.0,0.0,0.0,0.0,0.0,0.0,0.0,0.0,0.0,0.0,0.0,0.0,0.0,0.0,0.0,0.0,0.0,4.501800720288115e-05,1.5006002400960385e-05,0.0010804321728691477,6.002400960384154e-05,0.00622749099639856,0.005387154861944778,0.0125,0.05033013205282113,0.026320528211284513,0.08092737094837935,0.04834933973589436,0.07354441776710684,0.08865546218487395,0.09405762304921969,0.096968787515006,0.11686674669867947,0.1162515006002401,0.06751200480192077,0.03783013205282113,0.03786014405762305,0.01916266506602641,0.006032412965186074,0.012965186074429771,0.00016506602641056423,0.0005702280912364946,0.00012004801920768308,1.5006002400960385e-05,0.0001800720288115246,0.0,0.0,0.0,0.0,0.0,0.0,0.0,0.0,0.0,0.0,0.0,0.0,0.0,0.0,0.0,0.0,0.0,0.0,0.0,0.0,0.0,0.0,0.0,0.0,0.0,0.0,0.0,0.0,0.0,0.0,0.0,0.0,0.0,0.0,0.0,0.0,0.0,0.0,0.0,0.0,0.0,0.0,0.0,0.0,0.0,0.0,nan,nan,4.2373271889400925,2.914509744301677,nan,0.8811213448213014,0.03701475536339395,0.0,0.0,0.0,0.0,0.0,0.0,0.0,0.0,0.0,0.0,0.0,0.0,0.0,0.0,0.0,0.0,0.0,0.0,0.0,0.0,0.0,0.0,0.12138728323699426,0.43352601156069226,2.3063583815028905,6.606936416184972,12.208092485549136,6.08670520231214,1.7687861271676304,0.4682080924855493,0.8847164722640862,0.03736525781657091,0.0,0.0,0.0,0.0,0.0,0.0,0.0,0.0,0.0,0.0,0.0,0.0,0.0,0.0,0.0,0.0,0.0,0.0,0.0,0.0,0.0,0.0,0.03745318352059926,0.4119850187265905,1.7790262172284648,6.292134831460675,12.191011235955058,6.685393258426967,1.666666666666667,0.9363295880149815,0.4043,0.007965,0.0,0.0,0.0,0.0,0.0,0.0,0.0,0.0,0.0,0.0,0.0,8.930635838150277,21.069364161849716,0.0,0.0,0.0,0.0,0.0,0.0,0.0,0.0,0.0,0.0,0.0,0.0,0.0,0.0,0.0,0.0,0.0,0.4045,0.00803,0.0,0.0,0.0,0.0,0.0,0.0,0.0,0.0,0.0,0.0,0.0,8.87640449438201,21.12359550561798,0.0,0.0,0.0,0.0,0.0,0.0,0.0,0.0,0.0,0.0,0.0,0.0,0.0,0.0,0.0,0.0,0.0
7500,3383,1802,0.5326633165829145,852,655,0.4454626071534141,925,0.5468519065917824,0.40199999999999997,3.075268817204301,3.098840146487152,6.592436974789916,2.0584590656652417,8392.801005025125,505.6176554139763,7853.0,8866.4,8866.399999999996,3.637978807091713e-12,7853.0,0.0,28.56104049660065,20.89763025753315,33.34007673526334,19.105305676222606,0.13301803133313628,0.08335796630209873,0.1031628731894768,0.08897428318060893,0.080697605675436,0.07419450192137156,0.07301211942063257,0.06710020691693763,0.05734555128584097,0.052320425657700266,0.04670410877919007,0.03901862252438664,0.03488028377180018,0.03015075376884422,0.019213715637008574,0.010345846881466154,0.00650310375406444,0.8848507592320759,0.036960146130373475,0.0,0.0,0.0,0.0,0.0,0.0,0.0,0.0,0.0,0.0,0.0,0.0,0.0,0.0,0.0,0.0,0.0,0.0,0.0,0.0,0.0,0.03547147502216968,0.12415016257759388,0.4256577002660347,1.4099911321312448,6.455808454034881,12.441619864026014,6.500147797812594,2.0218740762636718,0.5852793378657998,4.196550158874262,2.876004139409221,4.428571428571429,2.9692299558323607,1.0552885729738082,4.178343949044586,2.942742122144011,4.213513513513513,2.8089941287911495,1.0084171061305207,0.405,0.00791,0.0,0.0,0.0,0.0,0.0,0.0,0.0,0.0,0.0,0.0,0.0,7.679574342299723,22.2849541826781,0.03547147502216968,0.0,0.0,0.0,0.0,0.0,0.0,0.0,0.0,0.0,0.0,0.0,0.0,0.0,0.0,0.0,0.0,nan,nan,4.197285067873303,2.876333742208015,nan,0.405,0.0362,0.0,0.0,0.0,0.0,0.0,0.0,0.0,0.0,0.0,0.0,0.0,0.0,0.0,0.0,0.0,0.0,0.0,0.0,0.0,0.0,0.0,0.0,0.0,0.0,0.0,0.0,0.0,0.00017735737511084836,0.0,0.000975465563109666,7.389890629618682e-05,0.005261602128288501,0.005616316878510198,0.011616908069760568,0.049881761749926104,0.0229825598581141,0.07806680461129176,0.0458468814661543,0.07583505764114691,0.08699379249187111,0.09506355305941472,0.09899497487437187,0.11977534732485959,0.11810523204256577,0.06952409104345256,0.039048182086905116,0.03681643511676027,0.018238250073898905,0.006931717410582324,0.013183564883239728,0.0002808158439255099,0.000487732781554833,4.433934377771209e-05,0.0,0.00017735737511084836,0.0,0.0,0.0,0.0,0.0,0.0,0.0,0.0,0.0,0.0,0.0,0.0,0.0,0.0,0.0,0.0,0.0,0.0,0.0,0.0,0.0,0.0,0.0,0.0,0.0,0.0,0.0,0.0,0.0,0.0,0.0,0.0,0.0,0.0,0.0,0.0,0.0,0.0,0.0,0.0,0.0,0.0,0.0,0.0,0.0,0.0,nan,nan,4.197285067873303,2.876333742208015,nan,0.8851911531436721,0.03644743142998507,0.0,0.0,0.0,0.0,0.0,0.0,0.0,0.0,0.0,0.0,0.0,0.0,0.0,0.0,0.0,0.0,0.0,0.0,0.0,0.0,0.0,0.016648168701442846,0.11653718091009992,0.4661487236403981,1.2153163152053277,6.592674805771366,12.436182019977805,6.609322974472809,2.031076581576027,0.5160932297447282,0.884462783375848,0.037532226984269924,0.0,0.0,0.0,0.0,0.0,0.0,0.0,0.0,0.0,0.0,0.0,0.0,0.0,0.0,0.0,0.0,0.0,0.0,0.0,0.0,0.0,0.0569259962049336,0.1328273244781784,0.37950664136622275,1.631878557874763,6.299810246679318,12.447817836812147,6.375711574952563,2.0113851992409875,0.664136622390892,0.405,0.00774,0.0,0.0,0.0,0.0,0.0,0.0,0.0,0.0,0.0,0.0,0.0,7.8412874583795675,22.12541620421754,0.03329633740288569,0.0,0.0,0.0,0.0,0.0,0.0,0.0,0.0,0.0,0.0,0.0,0.0,0.0,0.0,0.0,0.0,0.4053,0.008095,0.0,0.0,0.0,0.0,0.0,0.0,0.0,0.0,0.0,0.0,0.0,7.495256166982911,22.46679316888046,0.0379506641366224,0.0,0.0,0.0,0.0,0.0,0.0,0.0,0.0,0.0,0.0,0.0,0.0,0.0,0.0,0.0,0.0
7600,3306,1737,0.5254083484573503,804,694,0.4531155474894132,920,0.5565638233514821,0.422,2.8330146590184833,3.0200361134624685,6.420398009950249,2.2603838534574527,8385.448820326677,506.0453420907895,7853.0,8866.4,8866.399999999998,1.8189894035458565e-12,7853.0,0.0,27.547489413188142,20.674332468970956,32.31395766056692,19.019245885320686,0.13883847549909256,0.10254083484573502,0.09346642468239565,0.0852994555353902,0.09134906231094979,0.07108287961282517,0.07380520266182698,0.06321839080459771,0.05928614640048397,0.0499092558983666,0.04204476709013914,0.0411373260738052,0.028735632183908046,0.022686025408348458,0.017543859649122806,0.01058681185722928,0.008469449485783424,0.8827468662534564,0.03589150416891605,0.0,0.0,0.0,0.0,0.0,0.0,0.0,0.0,0.0,0.0,0.0,0.0,0.0,0.0,0.0,0.0,0.0,0.0,0.0,0.0,0.04537205081669692,0.03629764065335754,0.15426497277676954,0.44464609800362837,1.3157894736842108,6.370235934664248,13.003629764065337,6.724137931034484,1.5698729582577136,0.33575317604355726,4.217741935483871,2.8869476973797954,3.25,2.0866640042581523,0.7705544933078394,4.272556390977444,2.877668530535108,4.151515151515151,2.8890069817637203,0.9716700662587155,0.406,0.00793,0.0,0.0,0.0,0.0,0.0,0.0,0.0,0.0,0.0,0.0,0.0,6.941923774954618,23.058076225045376,0.0,0.0,0.0,0.0,0.0,0.0,0.0,0.0,0.0,0.0,0.0,0.0,0.0,0.0,0.0,0.0,0.0,nan,nan,4.212264150943396,2.883957017912659,nan,0.406,0.03644,0.0,0.0,0.0,0.0,0.0,0.0,0.0,0.0,0.0,0.0,0.0,0.0,0.0,0.0,0.0,0.0,0.0,0.0,0.0,0.0,0.0,0.0,0.0,0.0,0.0,0.0,0.0,0.0001663641863278887,1.5124016938898971e-05,0.001043557168784029,7.562008469449486e-05,0.005187537810042347,0.00529340592861464,0.011781609195402299,0.046370235934664245,0.023185117967332122,0.07710223835450696,0.0455686630369026,0.07326073805202662,0.09245311554748942,0.08782516636418633,0.09959165154264973,0.11581972171808833,0.12120387174833636,0.07389594676346037,0.03944343617664852,0.0382788868723533,0.01749848759830611,0.009331518451300666,0.013898971566848155,0.00046884452510586813,0.0007259528130671506,0.00018148820326678765,0.0,0.0003176043557168784,0.0,1.5124016938898971e-05,0.0,0.0,0.0,0.0,0.0,0.0,0.0,0.0,0.0,0.0,0.0,0.0,0.0,0.0,0.0,0.0,0.0,0.0,0.0,0.0,0.0,0.0,0.0,0.0,0.0,0.0,0.0,0.0,0.0,0.0,0.0,0.0,0.0,0.0,0.0,0.0,0.0,0.0,0.0,0.0,0.0,0.0,0.0,0.0,nan,nan,4.212264150943396,2.883957017912659,nan,0.8831344285639937,0.0353021636696788,0.0,0.0,0.0,0.0,0.0,0.0,0.0,0.0,0.0,0.0,0.0,0.0,0.0,0.0,0.0,0.0,0.0,0.0,0.0,0.0,0.017271157167530228,0.034542314335060456,0.15544041450777205,0.4317789291882542,1.2780656303972369,6.4075993091537145,13.039723661485322,6.614853195164077,1.6407599309153715,0.37996545768566503,0.8823178058752518,0.036528065428091804,0.0,0.0,0.0,0.0,0.0,0.0,0.0,0.0,0.0,0.0,0.0,0.0,0.0,0.0,0.0,0.0,0.0,0.0,0.0,0.0,0.07648183556405355,0.038240917782026776,0.1529636711281071,0.45889101338431976,1.3575525812619507,6.328871892925432,12.963671128107077,6.845124282982793,1.4913957934990443,0.2868068833652008,0.4058,0.00807,0.0,0.0,0.0,0.0,0.0,0.0,0.0,0.0,0.0,0.0,0.0,7.288428324697744,22.71157167530225,0.0,0.0,0.0,0.0,0.0,0.0,0.0,0.0,0.0,0.0,0.0,0.0,0.0,0.0,0.0,0.0,0.0,0.4062,0.007767,0.0,0.0,0.0,0.0,0.0,0.0,0.0,0.0,0.0,0.0,0.0,6.558317399617581,23.441682600382414,0.0,0.0,0.0,0.0,0.0,0.0,0.0,0.0,0.0,0.0,0.0,0.0,0.0,0.0,0.0,0.0,0.0
7700,3640,1867,0.5129120879120879,912,740,0.45384615384615384,1020,0.5604395604395604,0.40599999999999997,2.9599548787366046,3.0324580649396893,6.465208747514911,2.0164044694102112,8372.785109890108,506.53101573266326,7853.0,8866.4,8866.399999999996,3.637978807091713e-12,7853.0,0.0,28.443956043956042,20.946547402519105,33.41318537859008,19.09433523734815,0.1370879120879121,0.09752747252747253,0.08983516483516484,0.08351648351648351,0.0782967032967033,0.07417582417582418,0.07280219780219781,0.06895604395604396,0.05851648351648352,0.049175824175824175,0.05,0.03901098901098901,0.03626373626373627,0.031868131868131866,0.016483516483516484,0.009615384615384616,0.006868131868131868,0.8831840544611543,0.034405369888112,0.0,0.0,0.0,0.0,0.0,0.0,0.0,0.0,0.0,0.0,0.0,0.0,0.0,0.0,0.0,0.0,0.0,0.0,0.0,0.0,0.0,0.016483516483516487,0.09065934065934067,0.3379120879120868,1.590659340659341,6.585164835164836,12.931318681318682,6.527472527472528,1.5082417582417584,0.4120879120879121,4.178571428571429,2.814959075695264,5.285714285714286,2.249716535431946,1.264957264957265,4.108494533221195,2.764518096732418,4.254590984974958,2.8606112317155623,1.0355596071924718,0.4055,0.00811,0.0,0.0,0.0,0.0,0.0,0.0,0.0,0.0,0.0,0.0,0.0,7.434065934065923,22.549450549450555,0.016483516483516487,0.0,0.0,0.0,0.0,0.0,0.0,0.0,0.0,0.0,0.0,0.0,0.0,0.0,0.0,0.0,0.0,nan,nan,4.181818181818182,2.8141043789881617,nan,0.4055,0.03665,0.0,0.0,0.0,0.0,0.0,0.0,0.0,0.0,0.0,0.0,0.0,0.0,0.0,0.0,0.0,0.0,0.0,0.0,0.0,0.0,0.0,0.0,0.0,0.0,0.0,0.0,6.868131868131868e-05,0.00031593406593406596,2.7472527472527473e-05,0.0016483516483516484,4.120879120879121e-05,0.004752747252747253,0.005425824175824176,0.011936813186813187,0.047953296703296705,0.023214285714285715,0.07906593406593407,0.04799450549450549,0.0756456043956044,0.08938186813186813,0.08402472527472528,0.09392857142857143,0.12059065934065934,0.11997252747252747,0.07728021978021977,0.03951923076923077,0.0360989010989011,0.01666208791208791,0.009464285714285715,0.012884615384615385,0.0007829670329670329,0.0007829670329670329,0.00016483516483516484,0.0,0.0003708791208791209,0.0,0.0,0.0,0.0,0.0,0.0,0.0,0.0,0.0,0.0,0.0,0.0,0.0,0.0,0.0,0.0,0.0,0.0,0.0,0.0,0.0,0.0,0.0,0.0,0.0,0.0,0.0,0.0,0.0,0.0,0.0,0.0,0.0,0.0,0.0,0.0,0.0,0.0,0.0,0.0,0.0,0.0,0.0,0.0,0.0,0.0,nan,nan,4.181818181818182,2.8141043789881617,nan,0.8832082822160665,0.03437904348547906,0.0,0.0,0.0,0.0,0.0,0.0,0.0,0.0,0.0,0.0,0.0,0.0,0.0,0.0,0.0,0.0,0.0,0.0,0.0,0.0,0.0,0.0,0.12854847348687737,0.4017139796464904,1.4461703267273704,6.395286555972149,13.336904124263528,6.36314943760043,1.5265131226566686,0.40171397964649175,0.8831585422116219,0.034433051866310294,0.0,0.0,0.0,0.0,0.0,0.0,0.0,0.0,0.0,0.0,0.0,0.0,0.0,0.0,0.0,0.0,0.0,0.0,0.0,0.0,0.0,0.03384094754653131,0.05076142131979696,0.2707275803722496,1.7428087986463625,6.785109983079527,12.504230118443319,6.700507614213199,1.4890016920473776,0.42301184433164135,0.4055,0.008125,0.0,0.0,0.0,0.0,0.0,0.0,0.0,0.0,0.0,0.0,0.0,7.504017139796455,22.47991430101768,0.01606855918585967,0.0,0.0,0.0,0.0,0.0,0.0,0.0,0.0,0.0,0.0,0.0,0.0,0.0,0.0,0.0,0.0,0.4055,0.008095,0.0,0.0,0.0,0.0,0.0,0.0,0.0,0.0,0.0,0.0,0.0,7.360406091370548,22.62267343485618,0.016920473773265655,0.0,0.0,0.0,0.0,0.0,0.0,0.0,0.0,0.0,0.0,0.0,0.0,0.0,0.0,0.0,0.0
7800,3661,1856,0.5069653100245834,879,772,0.4509696804151871,1052,0.5747063643813166,0.41,2.973961218836565,3.1256047549824015,6.562862669245648,2.191599472104927,8366.758645178912,506.65083196244535,7853.0,8866.4,8866.399999999998,1.8189894035458565e-12,7853.0,0.0,27.71974870254029,20.638102930965587,32.70916204760352,18.82487179308892,0.14094509696804153,0.10133843212237094,0.09450969680415187,0.08221797323135756,0.08085222616771374,0.07839388145315487,0.06528270964217427,0.06446326140398798,0.06173176727670036,0.05162523900573614,0.05217153783119366,0.04042611308385687,0.030592734225621414,0.024310297732859875,0.016935263589183285,0.009560229445506692,0.004643540016388965,0.8840182282924001,0.0343033383374494,0.0,0.0,0.0,0.0,0.0,0.0,0.0,0.0,0.0,0.0,0.0,0.0,0.0,0.0,0.0,0.0,0.0,0.0,0.0,0.0,0.0,0.016388964763725762,0.04916689429117728,0.18027861240098278,1.6962578530456165,6.653919694072659,12.496585632340892,6.817809341709918,1.6307019939907132,0.45889101338432137,4.241613588110403,2.8838463543476363,4.666666666666667,3.39934634239519,1.10021023125438,4.253412969283277,2.8895682017554636,4.231028667790894,2.87963983616436,0.9947373317253616,0.4055,0.007763,0.0,0.0,0.0,0.0,0.0,0.0,0.0,0.0,0.0,0.0,0.0,7.3422562141491285,22.649549303469,0.008194482381862881,0.0,0.0,0.0,0.0,0.0,0.0,0.0,0.0,0.0,0.0,0.0,0.0,0.0,0.0,0.0,0.0,nan,nan,4.242154368108567,2.8846005287157492,nan,0.4055,0.03662,0.0,0.0,0.0,0.0,0.0,0.0,0.0,0.0,0.0,0.0,0.0,0.0,0.0,0.0,0.0,0.0,0.0,0.0,0.0,0.0,0.0,0.0,0.0,0.0,0.0,0.0,8.194482381862879e-05,0.0002458344714558864,0.0,0.001966675771647091,0.00019120458891013384,0.004343075662387326,0.005654192843485386,0.009901666211417645,0.050546298825457525,0.022848948374760994,0.0788718929254302,0.05010925976509151,0.07405080579076755,0.08742146954384047,0.08486752253482654,0.09568423927888554,0.12275334608030593,0.11806883365200765,0.07603113903305107,0.038404807429664026,0.03516798688882819,0.019106801420376945,0.009218792679595739,0.012783392515706092,0.0004643540016388965,0.0006692160611854684,0.00015023217700081945,0.0,0.0003960666484567058,0.0,0.0,0.0,0.0,0.0,0.0,0.0,0.0,0.0,0.0,0.0,0.0,0.0,0.0,0.0,0.0,0.0,0.0,0.0,0.0,0.0,0.0,0.0,0.0,0.0,0.0,0.0,0.0,0.0,0.0,0.0,0.0,0.0,0.0,0.0,0.0,0.0,0.0,0.0,0.0,0.0,0.0,0.0,0.0,0.0,0.0,nan,nan,4.242154368108567,2.8846005287157492,nan,0.8844440954191417,0.03435041527901541,0.0,0.0,0.0,0.0,0.0,0.0,0.0,0.0,0.0,0.0,0.0,0.0,0.0,0.0,0.0,0.0,0.0,0.0,0.0,0.0,0.0,0.0,0.03232758620689656,0.1778017241379305,1.8426724137931039,6.38469827586207,12.543103448275865,6.86961206896552,1.7456896551724144,0.40409482758620696,0.8835803283548751,0.034249342313218425,0.0,0.0,0.0,0.0,0.0,0.0,0.0,0.0,0.0,0.0,0.0,0.0,0.0,0.0,0.0,0.0,0.0,0.0,0.0,0.0,0.0,0.033240997229916906,0.06648199445983381,0.18282548476454236,1.545706371191136,6.930747922437675,12.44875346260388,6.764542936288089,1.512465373961219,0.515235457063712,0.4055,0.00788,0.0,0.0,0.0,0.0,0.0,0.0,0.0,0.0,0.0,0.0,0.0,7.338362068965506,22.64547413793104,0.01616379310344828,0.0,0.0,0.0,0.0,0.0,0.0,0.0,0.0,0.0,0.0,0.0,0.0,0.0,0.0,0.0,0.0,0.4053,0.007637,0.0,0.0,0.0,0.0,0.0,0.0,0.0,0.0,0.0,0.0,0.0,7.346260387811623,22.65373961218837,0.0,0.0,0.0,0.0,0.0,0.0,0.0,0.0,0.0,0.0,0.0,0.0,0.0,0.0,0.0,0.0,0.0
7900,3463,1840,0.5313312157089229,872,654,0.44065838868033497,942,0.5440369621715275,0.45,3.055452865064695,3.1775368033860074,6.709129511677283,2.2170688665494596,8391.45105399942,505.70422241654813,7853.0,8866.4,8866.399999999998,1.8189894035458565e-12,7853.0,0.0,28.905573202425643,21.246732842805702,33.831568158524085,19.409914406849595,0.13600924054288188,0.09269419578400231,0.09067282702858794,0.08143228414669362,0.08085475021657522,0.07132544036962171,0.07450187698527289,0.06410626624314178,0.056887092116661854,0.05111175281547791,0.051400519780537106,0.04418134565405717,0.03840600635287323,0.026855327750505344,0.020213687554143805,0.010684377707190298,0.008663008951775917,0.8830285868891188,0.03475272435039694,0.0,0.0,0.0,0.0,0.0,0.0,0.0,0.0,0.0,0.0,0.0,0.0,0.0,0.0,0.0,0.0,0.0,0.0,0.0,0.0,0.0,0.008663008951775918,0.05197805371065551,0.311868322263932,1.6286456829338727,7.051689286745598,12.214842622004046,6.670516892867457,1.5680046202714413,0.4937915102512274,4.2484554280670785,2.9717053147128505,2.0,2.0,0.4707593227381323,4.216783216783217,2.953935055083032,4.2769367764915405,2.99076534496267,1.0142652720369656,0.4053,0.00802,0.0,0.0,0.0,0.0,0.0,0.0,0.0,0.0,0.0,0.0,0.0,7.76205602079121,22.237943979208783,0.0,0.0,0.0,0.0,0.0,0.0,0.0,0.0,0.0,0.0,0.0,0.0,0.0,0.0,0.0,0.0,0.0,nan,nan,4.24647266313933,2.9717379653944898,nan,0.4053,0.03677,0.0,0.0,0.0,0.0,0.0,0.0,0.0,0.0,0.0,0.0,0.0,0.0,0.0,0.0,0.0,0.0,0.0,0.0,0.0,0.0,0.0,0.0,0.0,0.0,0.0,0.0,5.775339301183944e-05,0.0004764654923476754,1.443834825295986e-05,0.0021513138896910194,0.00017326017903551835,0.0033785734911926076,0.005053421888535951,0.011074213110020213,0.0523390124169795,0.023779959572624892,0.07864568293387236,0.050490903840600634,0.0745307536817788,0.08847819809413802,0.0816921744152469,0.09621715275772452,0.12237943979208779,0.11527577245163154,0.079136586774473,0.03661565116950621,0.03639907594571181,0.018827606121859658,0.008071036673404563,0.012821253248628357,0.00014438348252959862,0.0009962460294542304,0.00024545192030031766,0.0,0.0005342188853595149,0.0,0.0,0.0,0.0,0.0,0.0,0.0,0.0,0.0,0.0,0.0,0.0,0.0,0.0,0.0,0.0,0.0,0.0,0.0,0.0,0.0,0.0,0.0,0.0,0.0,0.0,0.0,0.0,0.0,0.0,0.0,0.0,0.0,0.0,0.0,0.0,0.0,0.0,0.0,0.0,0.0,0.0,0.0,0.0,0.0,0.0,nan,nan,4.24647266313933,2.9717379653944898,nan,0.8837943547769733,0.03416914639526823,0.0,0.0,0.0,0.0,0.0,0.0,0.0,0.0,0.0,0.0,0.0,0.0,0.0,0.0,0.0,0.0,0.0,0.0,0.0,0.0,0.0,0.01630434782608696,0.03260869565217392,0.22826086956521668,1.5652173913043481,6.913043478260872,12.521739130434785,6.684782608695654,1.5000000000000002,0.5380434782608697,0.882160433522728,0.035382656020800304,0.0,0.0,0.0,0.0,0.0,0.0,0.0,0.0,0.0,0.0,0.0,0.0,0.0,0.0,0.0,0.0,0.0,0.0,0.0,0.0,0.0,0.0,0.07393715341959337,0.40665434380776216,1.7005545286506472,7.208872458410353,11.866913123844734,6.654343807763402,1.6451016635859521,0.44362292051756014,0.4055,0.00801,0.0,0.0,0.0,0.0,0.0,0.0,0.0,0.0,0.0,0.0,0.0,7.54891304347825,22.451086956521742,0.0,0.0,0.0,0.0,0.0,0.0,0.0,0.0,0.0,0.0,0.0,0.0,0.0,0.0,0.0,0.0,0.0,0.405,0.00802,0.0,0.0,0.0,0.0,0.0,0.0,0.0,0.0,0.0,0.0,0.0,8.003696857670969,21.996303142329026,0.0,0.0,0.0,0.0,0.0,0.0,0.0,0.0,0.0,0.0,0.0,0.0,0.0,0.0,0.0,0.0,0.0
8000,3940,1986,0.5040609137055837,964,817,0.45203045685279186,1137,0.5771573604060913,0.418,3.0010235414534288,3.15758075909603,6.7,2.2236333903198733,8363.815329949237,506.683287724599,7853.0,8866.4,8866.399999999998,1.8189894035458565e-12,7853.0,0.0,27.56522842639594,20.46832538917538,32.41540785498489,18.732992804023272,0.13553299492385787,0.10253807106598985,0.09365482233502538,0.09441624365482233,0.07639593908629441,0.07944162436548223,0.06725888324873096,0.06954314720812182,0.05685279187817259,0.05050761421319797,0.049238578680203045,0.03857868020304569,0.028934010152284265,0.024873096446700507,0.018781725888324875,0.008883248730964468,0.004568527918781726,0.8798981347816245,0.034553753384670406,0.0,0.0,0.0,0.0,0.0,0.0,0.0,0.0,0.0,0.0,0.0,0.0,0.0,0.0,0.0,0.0,0.0,0.0,0.0,0.0,0.0,0.007614213197969545,0.06091370558375636,0.35025380710659787,2.2461928934010156,7.020304568527921,12.54822335025381,6.144670050761422,1.2563451776649748,0.3654822335025381,4.356665355878883,2.970526639902621,5.5,1.118033988749895,1.2624334326202726,4.278326996197719,2.9718747932255845,4.4439935064935066,2.9632674840074795,1.0387222646709848,0.4058,0.00815,0.0,0.0,0.0,0.0,0.0,0.0,0.0,0.0,0.0,0.0,0.0,7.317258883248721,22.682741116751274,0.0,0.0,0.0,0.0,0.0,0.0,0.0,0.0,0.0,0.0,0.0,0.0,0.0,0.0,0.0,0.0,0.0,nan,nan,4.3584609344326655,2.9688690470409447,nan,0.4058,0.0371,0.0,0.0,0.0,0.0,0.0,0.0,0.0,0.0,0.0,0.0,0.0,0.0,0.0,0.0,0.0,0.0,0.0,0.0,0.0,0.0,0.0,0.0,0.0,0.0,0.0,0.0,0.0,0.0005456852791878173,2.5380710659898476e-05,0.002398477157360406,5.076142131979695e-05,0.0034771573604060915,0.004479695431472081,0.010913705583756345,0.05251269035532995,0.02383248730964467,0.07848984771573604,0.05253807106598985,0.07525380710659899,0.08661167512690356,0.07475888324873096,0.09746192893401015,0.12125634517766498,0.11229695431472081,0.08368020304568528,0.03550761421319797,0.0374746192893401,0.021408629441624364,0.010291878172588833,0.012779187817258883,0.00034263959390862947,0.0009390862944162437,0.00031725888324873094,0.0,0.0003553299492385787,0.0,0.0,0.0,0.0,0.0,0.0,0.0,0.0,0.0,0.0,0.0,0.0,0.0,0.0,0.0,0.0,0.0,0.0,0.0,0.0,0.0,0.0,0.0,0.0,0.0,0.0,0.0,0.0,0.0,0.0,0.0,0.0,0.0,0.0,0.0,0.0,0.0,0.0,0.0,0.0,0.0,0.0,0.0,0.0,0.0,0.0,nan,nan,4.3584609344326655,2.9688690470409447,nan,0.8800431785566689,0.03486953780729504,0.0,0.0,0.0,0.0,0.0,0.0,0.0,0.0,0.0,0.0,0.0,0.0,0.0,0.0,0.0,0.0,0.0,0.0,0.0,0.0,0.0,0.0,0.060422960725075546,0.37764350453172085,2.1903323262839884,6.888217522658612,12.643504531722058,6.2688821752265875,1.1631419939577041,0.4078549848942599,0.8797507156735189,0.03422918261092059,0.0,0.0,0.0,0.0,0.0,0.0,0.0,0.0,0.0,0.0,0.0,0.0,0.0,0.0,0.0,0.0,0.0,0.0,0.0,0.0,0.0,0.015353121801432962,0.06141248720573185,0.3224155578300911,2.302968270214944,7.15455475946776,12.45138178096213,6.01842374616172,1.3510747185261005,0.3224155578300922,0.4058,0.00814,0.0,0.0,0.0,0.0,0.0,0.0,0.0,0.0,0.0,0.0,0.0,7.507552870090623,22.49244712990937,0.0,0.0,0.0,0.0,0.0,0.0,0.0,0.0,0.0,0.0,0.0,0.0,0.0,0.0,0.0,0.0,0.0,0.4058,0.008156,0.0,0.0,0.0,0.0,0.0,0.0,0.0,0.0,0.0,0.0,0.0,7.123848515864882,22.87615148413511,0.0,0.0,0.0,0.0,0.0,0.0,0.0,0.0,0.0,0.0,0.0,0.0,0.0,0.0,0.0,0.0,0.0
8100,4224,2181,0.5163352272727273,1045,858,0.4505208333333333,1200,0.5681818181818182,0.38999999999999996,2.9304943710230056,2.988977155314229,6.327759197324415,2.0470058064024905,8376.25411931818,506.4295125025784,7853.0,8866.4,8866.4,0.0,7853.0,0.0,28.418323863636363,20.976311392015738,33.19284516489659,19.230769846726627,0.13423295454545456,0.09327651515151515,0.09185606060606061,0.09019886363636363,0.08049242424242424,0.08120265151515152,0.06960227272727272,0.05752840909090909,0.059185606060606064,0.05894886363636364,0.049479166666666664,0.03669507575757576,0.033380681818181816,0.023910984848484848,0.018702651515151516,0.013494318181818182,0.0078125,0.8791910797414003,0.03541512406956671,0.0,0.0,0.0,0.0,0.0,0.0,0.0,0.0,0.0,0.0,0.0,0.0,0.0,0.0,0.0,0.0,0.0,0.0,0.0,0.0,0.0,0.014204545454545458,0.1207386363636364,0.45454545454545314,1.9531250000000004,7.478693181818183,12.372159090909093,5.951704545454547,1.2500000000000002,0.4048295454545456,4.124324324324324,2.81937365148815,2.5,2.598076211353316,0.6061598951507209,4.14902807775378,2.8092912782217345,4.094964028776978,2.8298848068938782,0.9869694665922649,0.406,0.007996,0.0,0.0,0.0,0.0,0.0,0.0,0.0,0.0,0.0,0.0,0.0,6.9886363636363535,22.99005681818182,0.021306818181818184,0.0,0.0,0.0,0.0,0.0,0.0,0.0,0.0,0.0,0.0,0.0,0.0,0.0,0.0,0.0,0.0,nan,nan,4.121986326016553,2.819740125906424,nan,0.406,0.03726,0.0,0.0,0.0,0.0,0.0,0.0,0.0,0.0,0.0,0.0,0.0,0.0,0.0,0.0,0.0,0.0,0.0,0.0,0.0,0.0,0.0,0.0,0.0,0.0,0.0,0.0,0.0,0.000615530303030303,0.0,0.0021543560606060606,2.3674242424242424e-05,0.003018465909090909,0.004474431818181818,0.010369318181818183,0.052805397727272725,0.02346117424242424,0.07819602272727273,0.05498342803030303,0.07704782196969696,0.08594933712121212,0.07027698863636364,0.09498106060606061,0.1215909090909091,0.11193181818181819,0.08567708333333333,0.035333806818181816,0.03944128787878788,0.022407670454545454,0.009576231060606061,0.013517992424242424,0.0005089962121212121,0.0008996212121212122,0.0003196022727272727,0.0,0.00043797348484848485,0.0,0.0,0.0,0.0,0.0,0.0,0.0,0.0,0.0,0.0,0.0,0.0,0.0,0.0,0.0,0.0,0.0,0.0,0.0,0.0,0.0,0.0,0.0,0.0,0.0,0.0,0.0,0.0,0.0,0.0,0.0,0.0,0.0,0.0,0.0,0.0,0.0,0.0,0.0,0.0,0.0,0.0,0.0,0.0,0.0,0.0,nan,nan,4.121986326016553,2.819740125906424,nan,0.8791648527451034,0.0355280045877894,0.0,0.0,0.0,0.0,0.0,0.0,0.0,0.0,0.0,0.0,0.0,0.0,0.0,0.0,0.0,0.0,0.0,0.0,0.0,0.0,0.0,0.013755158184319122,0.06877579092159561,0.46767537826684863,2.03576341127923,7.53782668500688,12.187070151306743,5.928473177441543,1.348005502063274,0.4126547455295737,0.8792190783116027,0.03529419879758283,0.0,0.0,0.0,0.0,0.0,0.0,0.0,0.0,0.0,0.0,0.0,0.0,0.0,0.0,0.0,0.0,0.0,0.0,0.0,0.0,0.0,0.014684287812041119,0.17621145374449343,0.4405286343612321,1.8649045521292222,7.415565345080766,12.569750367107199,5.976505139500735,1.1453744493392073,0.3964757709251102,0.406,0.00794,0.0,0.0,0.0,0.0,0.0,0.0,0.0,0.0,0.0,0.0,0.0,6.71251719394772,23.273727647867958,0.013755158184319122,0.0,0.0,0.0,0.0,0.0,0.0,0.0,0.0,0.0,0.0,0.0,0.0,0.0,0.0,0.0,0.0,0.406,0.00806,0.0,0.0,0.0,0.0,0.0,0.0,0.0,0.0,0.0,0.0,0.0,7.283406754772383,22.687224669603527,0.029368575624082238,0.0,0.0,0.0,0.0,0.0,0.0,0.0,0.0,0.0,0.0,0.0,0.0,0.0,0.0,0.0,0.0
8200,4100,2085,0.5085365853658537,1005,855,0.45365853658536587,1178,0.5746341463414634,0.39799999999999996,2.8863523573200993,2.9653896584119477,6.194207836456559,2.0345651568793888,8368.350975609756,506.6261448257474,7853.0,8866.4,8866.399999999998,1.8189894035458565e-12,7853.0,0.0,27.819024390243904,20.56409205326155,32.60468478889531,18.82919637787748,0.13585365853658538,0.10195121951219512,0.09121951219512195,0.09097560975609756,0.08121951219512195,0.0748780487804878,0.06463414634146342,0.07,0.06390243902439025,0.05121951219512195,0.042926829268292686,0.041463414634146344,0.033414634146341465,0.024390243902439025,0.017804878048780486,0.008048780487804878,0.006097560975609756,0.8795013730118915,0.03531316695067193,0.0,0.0,0.0,0.0,0.0,0.0,0.0,0.0,0.0,0.0,0.0,0.0,0.0,0.0,0.0,0.0,0.0,0.0,0.0,0.0,0.0,0.014634146341463419,0.058536585365853676,0.3731707317073159,2.1585365853658542,7.514634146341465,12.519512195121955,5.560975609756098,1.2731707317073173,0.5268292682926831,4.1868381240544625,2.7812114089329727,4.333333333333333,4.0276819911981905,1.034989461005721,4.247216035634744,2.7553925073278536,4.124615384615384,2.8098470130393918,0.9711338792303658,0.406,0.00828,0.0,0.0,0.0,0.0,0.0,0.0,0.0,0.0,0.0,0.0,0.0,6.980487804878039,23.012195121951223,0.0073170731707317095,0.0,0.0,0.0,0.0,0.0,0.0,0.0,0.0,0.0,0.0,0.0,0.0,0.0,0.0,0.0,0.0,nan,nan,4.187004155647903,2.7829445030212545,nan,0.406,0.0374,0.0,0.0,0.0,0.0,0.0,0.0,0.0,0.0,0.0,0.0,0.0,0.0,0.0,0.0,0.0,0.0,0.0,0.0,0.0,0.0,0.0,0.0,0.0,0.0,0.0,0.0,0.0,0.0004878048780487805,0.0,0.0022560975609756096,6.097560975609756e-05,0.00224390243902439,0.004841463414634146,0.01228048780487805,0.05159756097560975,0.022926829268292682,0.0783780487804878,0.059597560975609754,0.07407317073170731,0.0843048780487805,0.06889024390243903,0.09410975609756098,0.12278048780487805,0.1111219512195122,0.08507317073170732,0.03485365853658537,0.0400609756097561,0.024646341463414635,0.009841463414634146,0.013621951219512195,0.0002682926829268293,0.0008170731707317073,0.00015853658536585366,1.2195121951219513e-05,0.0006951219512195122,0.0,0.0,0.0,0.0,0.0,0.0,0.0,0.0,0.0,0.0,0.0,0.0,0.0,0.0,0.0,0.0,0.0,0.0,0.0,0.0,0.0,0.0,0.0,0.0,0.0,0.0,0.0,0.0,0.0,0.0,0.0,0.0,0.0,0.0,0.0,0.0,0.0,0.0,0.0,0.0,0.0,0.0,0.0,0.0,0.0,0.0,nan,nan,4.187004155647903,2.7829445030212545,nan,0.8795024357825446,0.035451568403033124,0.0,0.0,0.0,0.0,0.0,0.0,0.0,0.0,0.0,0.0,0.0,0.0,0.0,0.0,0.0,0.0,0.0,0.0,0.0,0.0,0.0,0.014388489208633098,0.07194244604316548,0.3165467625899271,2.215827338129497,7.496402877697843,12.40287769784173,5.712230215827339,1.1942446043165469,0.5755395683453238,0.879500273321166,0.035169384119648685,0.0,0.0,0.0,0.0,0.0,0.0,0.0,0.0,0.0,0.0,0.0,0.0,0.0,0.0,0.0,0.0,0.0,0.0,0.0,0.0,0.0,0.014888337468982634,0.044665012406947896,0.4317617866004949,2.0992555831265514,7.533498759305212,12.640198511166258,5.404466501240695,1.3548387096774195,0.4764267990074443,0.406,0.00817,0.0,0.0,0.0,0.0,0.0,0.0,0.0,0.0,0.0,0.0,0.0,7.021582733812939,22.978417266187055,0.0,0.0,0.0,0.0,0.0,0.0,0.0,0.0,0.0,0.0,0.0,0.0,0.0,0.0,0.0,0.0,0.0,0.4062,0.00838,0.0,0.0,0.0,0.0,0.0,0.0,0.0,0.0,0.0,0.0,0.0,6.937965260545896,23.047146401985117,0.014888337468982634,0.0,0.0,0.0,0.0,0.0,0.0,0.0,0.0,0.0,0.0,0.0,0.0,0.0,0.0,0.0,0.0
8300,4057,2138,0.5269903869854572,1011,811,0.4491003204338181,1121,0.5526250924328321,0.40199999999999997,3.0349140177175613,3.0737555691721217,6.579439252336448,2.0252489551711585,8387.052058171063,505.96121878441096,7853.0,8866.4,8866.399999999998,1.8189894035458565e-12,7853.0,0.0,27.772738476706927,20.81293648398514,32.58543007606787,19.144774676934674,0.1375400542272615,0.10327828444663545,0.09563717032289869,0.08454523046586147,0.07936899186591077,0.07862952920877496,0.07296031550406705,0.06457973872319447,0.05718511215183633,0.05126941089474982,0.04436775942814888,0.03401528222824747,0.03302933201873305,0.024402267685481885,0.019472516637909786,0.012077890066551638,0.007641114123736751,0.8789416977358416,0.03450699183170088,0.0,0.0,0.0,0.0,0.0,0.0,0.0,0.0,0.0,0.0,0.0,0.0,0.0,0.0,0.0,0.0,0.0,0.0,0.0,0.0,0.0,0.0,0.05176238599950704,0.41409908799605494,1.9965491742667,7.875277298496428,12.201133842740946,5.886122750801086,1.1683509982745874,0.4067044614246982,4.3185670261941445,2.869365925171219,nan,nan,nan,4.241621200311769,2.8346340121393734,4.393754760091394,2.9009320125664684,1.0358668425573794,0.4055,0.00825,0.0,0.0,0.0,0.0,0.0,0.0,0.0,0.0,0.0,0.0,0.0,7.7569632733546845,22.243036726645308,0.0,0.0,0.0,0.0,0.0,0.0,0.0,0.0,0.0,0.0,0.0,0.0,0.0,0.0,0.0,0.0,0.0,nan,nan,4.3185670261941445,2.869365925171219,nan,0.4055,0.03748,0.0,0.0,0.0,0.0,0.0,0.0,0.0,0.0,0.0,0.0,0.0,0.0,0.0,0.0,0.0,0.0,0.0,0.0,0.0,0.0,0.0,0.0,0.0,0.0,0.0,0.0,0.0,0.0005422726152329307,2.464875523786049e-05,0.0027113630761646536,4.929751047572098e-05,0.002218387971407444,0.005706186837564703,0.011856051269410894,0.05229233423712103,0.023058910525018485,0.0793813162435297,0.06062361350751787,0.07581957111165886,0.08631994084298743,0.06863445895982252,0.09248212965245255,0.12224550160216908,0.11048804535370964,0.08493961054966724,0.03332511708158738,0.038624599457727386,0.023625831895489276,0.009945772738476707,0.013384274094158245,0.00018486566428395365,0.0005176238599950702,0.00029578506285432587,0.0,0.0007024895242790239,0.0,0.0,0.0,0.0,0.0,0.0,0.0,0.0,0.0,0.0,0.0,0.0,0.0,0.0,0.0,0.0,0.0,0.0,0.0,0.0,0.0,0.0,0.0,0.0,0.0,0.0,0.0,0.0,0.0,0.0,0.0,0.0,0.0,0.0,0.0,0.0,0.0,0.0,0.0,0.0,0.0,0.0,0.0,0.0,0.0,0.0,nan,nan,4.3185670261941445,2.869365925171219,nan,0.8781801332537541,0.034684784065298645,0.0,0.0,0.0,0.0,0.0,0.0,0.0,0.0,0.0,0.0,0.0,0.0,0.0,0.0,0.0,0.0,0.0,0.0,0.0,0.0,0.0,0.0,0.0841908325537886,0.5191768007483614,1.9784845650140321,7.871842843779235,12.165575304022454,5.9354536950420975,1.1085126286248832,0.3367633302151544,0.8797901734329251,0.034287909591930024,0.0,0.0,0.0,0.0,0.0,0.0,0.0,0.0,0.0,0.0,0.0,0.0,0.0,0.0,0.0,0.0,0.0,0.0,0.0,0.0,0.0,0.0,0.015633142261594585,0.2970297029702961,2.0166753517457012,7.879103699843671,12.240750390828559,5.831162063574779,1.235018238665972,0.4846274101094321,0.4058,0.008255,0.0,0.0,0.0,0.0,0.0,0.0,0.0,0.0,0.0,0.0,0.0,7.478952291861542,22.52104770813845,0.0,0.0,0.0,0.0,0.0,0.0,0.0,0.0,0.0,0.0,0.0,0.0,0.0,0.0,0.0,0.0,0.0,0.4053,0.00824,0.0,0.0,0.0,0.0,0.0,0.0,0.0,0.0,0.0,0.0,0.0,8.066701406982792,21.9332985930172,0.0,0.0,0.0,0.0,0.0,0.0,0.0,0.0,0.0,0.0,0.0,0.0,0.0,0.0,0.0,0.0,0.0
8400,3940,2021,0.5129441624365483,927,835,0.44720812182741115,1122,0.5695431472081218,0.39399999999999996,2.972381448671183,3.0239220118768397,6.371747211895911,2.1623899751200435,8372.817614213196,506.5301750116705,7853.0,8866.4,8866.4,0.0,7853.0,0.0,28.344416243654823,20.94148014465731,33.25271084337349,19.15072567440063,0.13629441624365482,0.09467005076142132,0.09644670050761421,0.08730964467005076,0.07309644670050762,0.0766497461928934,0.06802030456852792,0.07106598984771574,0.06142131979695432,0.047715736040609136,0.04898477157360406,0.04060913705583756,0.03350253807106599,0.027411167512690356,0.017766497461928935,0.012690355329949238,0.006345177664974619,0.8777455391315034,0.035735625549414465,0.0,0.0,0.0,0.0,0.0,0.0,0.0,0.0,0.0,0.0,0.0,0.0,0.0,0.0,0.0,0.0,0.0,0.0,0.0,0.0,0.0,0.007614213197969545,0.10659898477157363,0.5406091370558358,2.276649746192894,7.675126903553301,12.258883248730966,5.467005076142133,1.2791878172588835,0.38832487309644675,4.255968688845401,2.763658235112817,5.5,0.5,1.2923027404818834,4.202482544608223,2.7674479363796456,4.312302839116719,2.757028310885951,1.0261322428690145,0.4053,0.00812,0.0,0.0,0.0,0.0,0.0,0.0,0.0,0.0,0.0,0.0,0.0,7.781725888324862,22.203045685279193,0.01522842639593909,0.0,0.0,0.0,0.0,0.0,0.0,0.0,0.0,0.0,0.0,0.0,0.0,0.0,0.0,0.0,0.0,nan,nan,4.256941728588189,2.762831498633006,nan,0.4053,0.03738,0.0,0.0,0.0,0.0,0.0,0.0,0.0,0.0,0.0,0.0,0.0,0.0,0.0,0.0,0.0,0.0,0.0,0.0,0.0,0.0,0.0,0.0,0.0,0.0,0.0,0.0,0.0,0.0003553299492385787,1.2690355329949238e-05,0.002982233502538071,0.00017766497461928934,0.0016624365482233502,0.00785532994923858,0.010647208121827411,0.05154822335025381,0.02432741116751269,0.07477157360406092,0.06359137055837563,0.07845177664974619,0.08534263959390863,0.06914974619289341,0.09418781725888326,0.12073604060913705,0.10788071065989847,0.08621827411167513,0.033223350253807106,0.03923857868020304,0.024885786802030456,0.008515228426395939,0.012880710659898478,0.00019035532994923857,0.0002030456852791878,0.00046954314720812183,0.0,0.0004949238578680203,0.0,0.0,0.0,0.0,0.0,0.0,0.0,0.0,0.0,0.0,0.0,0.0,0.0,0.0,0.0,0.0,0.0,0.0,0.0,0.0,0.0,0.0,0.0,0.0,0.0,0.0,0.0,0.0,0.0,0.0,0.0,0.0,0.0,0.0,0.0,0.0,0.0,0.0,0.0,0.0,0.0,0.0,0.0,0.0,0.0,0.0,nan,nan,4.256941728588189,2.762831498633006,nan,0.8770377210671804,0.03592329823037991,0.0,0.0,0.0,0.0,0.0,0.0,0.0,0.0,0.0,0.0,0.0,0.0,0.0,0.0,0.0,0.0,0.0,0.0,0.0,0.0,0.0,0.0,0.10390895596239488,0.5640771895101417,2.4641266699653643,7.808015833745673,12.127659574468087,5.314200890648195,1.2023750618505693,0.41563582384957953,0.878490979625509,0.03552166062490136,0.0,0.0,0.0,0.0,0.0,0.0,0.0,0.0,0.0,0.0,0.0,0.0,0.0,0.0,0.0,0.0,0.0,0.0,0.0,0.0,0.0,0.015633142261594585,0.10943199583116209,0.5158936946326196,2.0792079207920797,7.535174570088589,12.397081813444505,5.62793121417405,1.3600833767587288,0.3595622720166754,0.4053,0.00817,0.0,0.0,0.0,0.0,0.0,0.0,0.0,0.0,0.0,0.0,0.0,7.808015833745658,22.16229589312222,0.029688273132112822,0.0,0.0,0.0,0.0,0.0,0.0,0.0,0.0,0.0,0.0,0.0,0.0,0.0,0.0,0.0,0.0,0.4055,0.00806,0.0,0.0,0.0,0.0,0.0,0.0,0.0,0.0,0.0,0.0,0.0,7.7540385617509004,22.245961438249093,0.0,0.0,0.0,0.0,0.0,0.0,0.0,0.0,0.0,0.0,0.0,0.0,0.0,0.0,0.0,0.0,0.0
8500,3736,1986,0.5315845824411135,927,743,0.4470021413276231,1012,0.5417558886509636,0.41,3.0325714285714285,3.133518645554996,6.6305220883534135,2.177843921196933,8391.707815845823,505.68803597156574,7853.0,8866.4,8866.399999999998,1.8189894035458565e-12,7853.0,0.0,28.133029978586723,21.07834933099468,33.0939789741956,19.34391610353621,0.13945396145610278,0.09850107066381156,0.0936830835117773,0.0869914346895075,0.07762312633832977,0.08029978586723768,0.06718415417558886,0.06316916488222699,0.05192719486081371,0.05647751605995718,0.04416488222698073,0.04309421841541756,0.03185224839400428,0.024089935760171308,0.022483940042826552,0.011777301927194861,0.007226980728051392,0.8787362206033261,0.035762795806919025,0.0,0.0,0.0,0.0,0.0,0.0,0.0,0.0,0.0,0.0,0.0,0.0,0.0,0.0,0.0,0.0,0.0,0.0,0.0,0.0,0.0,0.04014989293361885,0.07226980728051394,0.49785867237687215,1.8870449678800862,7.949678800856533,12.46252676659529,5.275695931477517,1.3490364025695933,0.4657387580299787,4.22787979966611,2.94407937242888,2.3333333333333335,2.1343747458109497,0.5518920697597894,4.315,2.961268027945686,4.131447587354409,2.9234878881132884,0.9574617815421573,0.405,0.007725,0.0,0.0,0.0,0.0,0.0,0.0,0.0,0.0,0.0,0.0,0.0,7.612419700214122,22.371520342612424,0.01605995717344754,0.0,0.0,0.0,0.0,0.0,0.0,0.0,0.0,0.0,0.0,0.0,0.0,0.0,0.0,0.0,0.0,nan,nan,4.223147377185678,2.9438537989802396,nan,0.405,0.0373,0.0,0.0,0.0,0.0,0.0,0.0,0.0,0.0,0.0,0.0,0.0,0.0,0.0,0.0,0.0,0.0,0.0,0.0,0.0,0.0,0.0,0.0,0.0,0.0,0.0,0.0,0.0,0.00048179871520342613,2.6766595289079228e-05,0.0033592077087794435,0.00014721627408993576,0.0016862955032119914,0.007173447537473234,0.012272483940042827,0.0514186295503212,0.023353854389721627,0.07676659528907923,0.061630085653104925,0.07934957173447538,0.08281584582441114,0.06990096359743041,0.095610278372591,0.11846895074946467,0.11094753747323341,0.08851713062098501,0.03367237687366167,0.03748661670235546,0.02390256959314775,0.0074411134903640255,0.01212526766595289,0.00024089935760171306,0.0002944325481798715,0.00044164882226980725,0.0,0.0004684154175588865,0.0,0.0,0.0,0.0,0.0,0.0,0.0,0.0,0.0,0.0,0.0,0.0,0.0,0.0,0.0,0.0,0.0,0.0,0.0,0.0,0.0,0.0,0.0,0.0,0.0,0.0,0.0,0.0,0.0,0.0,0.0,0.0,0.0,0.0,0.0,0.0,0.0,0.0,0.0,0.0,0.0,0.0,0.0,0.0,0.0,0.0,nan,nan,4.223147377185678,2.9438537989802396,nan,0.8783996638514604,0.03641064056913207,0.0,0.0,0.0,0.0,0.0,0.0,0.0,0.0,0.0,0.0,0.0,0.0,0.0,0.0,0.0,0.0,0.0,0.0,0.0,0.0,0.0,0.030211480362537773,0.04531722054380665,0.5891238670694846,1.9486404833836863,8.202416918429005,11.948640483383688,5.347432024169185,1.3897280966767374,0.49848942598187324,0.8791181644371577,0.035009147579758364,0.0,0.0,0.0,0.0,0.0,0.0,0.0,0.0,0.0,0.0,0.0,0.0,0.0,0.0,0.0,0.0,0.0,0.0,0.0,0.0,0.0,0.051428571428571435,0.10285714285714287,0.3942857142857131,1.8171428571428576,7.662857142857145,13.045714285714288,5.194285714285716,1.3028571428571432,0.42857142857142866,0.4053,0.00778,0.0,0.0,0.0,0.0,0.0,0.0,0.0,0.0,0.0,0.0,0.0,7.567975830815699,22.416918429003026,0.015105740181268886,0.0,0.0,0.0,0.0,0.0,0.0,0.0,0.0,0.0,0.0,0.0,0.0,0.0,0.0,0.0,0.0,0.405,0.007668,0.0,0.0,0.0,0.0,0.0,0.0,0.0,0.0,0.0,0.0,0.0,7.662857142857131,22.320000000000004,0.017142857142857147,0.0,0.0,0.0,0.0,0.0,0.0,0.0,0.0,0.0,0.0,0.0,0.0,0.0,0.0,0.0,0.0
8600,3852,1969,0.5111630321910696,913,789,0.4418483904465213,1091,0.5664589823468328,0.418,3.0701009028146573,3.1960831944567283,6.784905660377358,2.120643923782914,8371.012616822429,506.57370115376966,7853.0,8866.4,8866.399999999998,1.8189894035458565e-12,7853.0,0.0,27.427829698857735,20.80874522013823,32.53493449781659,19.080513549106673,0.14330218068535824,0.1041017653167186,0.09501557632398754,0.0893042575285566,0.08099688473520249,0.07658359293873312,0.06645898234683281,0.05970924195223261,0.058151609553478714,0.04984423676012461,0.04698857736240914,0.037383177570093455,0.031931464174454825,0.02596053997923157,0.017653167185877467,0.00960539979231568,0.007009345794392523,0.8782101136285073,0.0363818707651506,0.0,0.0,0.0,0.0,0.0,0.0,0.0,0.0,0.0,0.0,0.0,0.0,0.0,0.0,0.0,0.0,0.0,0.0,0.0,0.0,0.0,0.007788161993769472,0.11682242990654208,0.6152647975077863,2.048286604361371,7.803738317757011,12.040498442367603,5.615264797507789,1.3006230529595018,0.4517133956386294,4.410245901639344,2.963185581766927,4.0,1.0,0.9069789053061983,4.439344262295082,2.9984301186730096,4.380523731587561,2.925151452261503,0.9867501758745985,0.405,0.008,0.0,0.0,0.0,0.0,0.0,0.0,0.0,0.0,0.0,0.0,0.0,7.7492211838006115,22.24299065420561,0.007788161993769472,0.0,0.0,0.0,0.0,0.0,0.0,0.0,0.0,0.0,0.0,0.0,0.0,0.0,0.0,0.0,0.0,nan,nan,4.40990990990991,2.962133404831405,nan,0.405,0.03748,0.0,0.0,0.0,0.0,0.0,0.0,0.0,0.0,0.0,0.0,0.0,0.0,0.0,0.0,0.0,0.0,0.0,0.0,0.0,0.0,0.0,0.0,0.0,0.0,0.0,0.0,0.0,0.0010903426791277258,2.5960539979231568e-05,0.0027258566978193145,5.1921079958463136e-05,0.00264797507788162,0.006009865005192108,0.012837487019730011,0.05186915887850467,0.022001557632398753,0.07754413291796469,0.06346053997923157,0.07880321910695742,0.08352803738317757,0.06789979231568016,0.09500259605399793,0.11836708203530634,0.10922897196261683,0.08931723779854621,0.03382658359293873,0.03717549325025961,0.024325025960539978,0.007827102803738318,0.013174974039460021,0.00010384215991692627,0.0002466251298026999,0.0005711318795430945,0.0,0.00027258566978193146,6.490134994807892e-05,0.0,0.0,0.0,0.0,0.0,0.0,0.0,0.0,0.0,0.0,0.0,0.0,0.0,0.0,0.0,0.0,0.0,0.0,0.0,0.0,0.0,0.0,0.0,0.0,0.0,0.0,0.0,0.0,0.0,0.0,0.0,0.0,0.0,0.0,0.0,0.0,0.0,0.0,0.0,0.0,0.0,0.0,0.0,0.0,0.0,nan,nan,4.40990990990991,2.962133404831405,nan,0.878886756919979,0.035828067853011895,0.0,0.0,0.0,0.0,0.0,0.0,0.0,0.0,0.0,0.0,0.0,0.0,0.0,0.0,0.0,0.0,0.0,0.0,0.0,0.0,0.0,0.0,0.12188928390045711,0.5789740985271693,1.858811579481971,7.861858811579483,11.990858303707467,5.713560182833927,1.5388522092432708,0.335195530726257,0.8775025668197405,0.03693883639293286,0.0,0.0,0.0,0.0,0.0,0.0,0.0,0.0,0.0,0.0,0.0,0.0,0.0,0.0,0.0,0.0,0.0,0.0,0.0,0.0,0.0,0.01593202336696761,0.11152416356877326,0.6532129580456697,2.246415294742433,7.742963356346258,12.092405735528414,5.512480084970792,1.0515135422198623,0.5735528412108339,0.405,0.0079,0.0,0.0,0.0,0.0,0.0,0.0,0.0,0.0,0.0,0.0,0.0,7.541899441340771,22.458100558659222,0.0,0.0,0.0,0.0,0.0,0.0,0.0,0.0,0.0,0.0,0.0,0.0,0.0,0.0,0.0,0.0,0.0,0.4053,0.0081,0.0,0.0,0.0,0.0,0.0,0.0,0.0,0.0,0.0,0.0,0.0,7.966011683483791,22.018056293149233,0.01593202336696761,0.0,0.0,0.0,0.0,0.0,0.0,0.0,0.0,0.0,0.0,0.0,0.0,0.0,0.0,0.0,0.0
8700,3753,1931,0.5145217159605648,979,754,0.4617639221955769,1053,0.5611510791366906,0.438,3.088913282107574,3.181622245698589,6.6512915129151295,2.1788543046913165,8374.416306954436,506.4862488850242,7853.0,8866.4,8866.4,0.0,7853.0,0.0,28.414601652011726,20.890327347040913,33.40215326155795,19.003110186407685,0.13828936850519585,0.09459099387156941,0.08526512123634426,0.08233413269384493,0.08792965627498002,0.0759392486011191,0.07114308553157474,0.06661337596589395,0.056488142819078074,0.056488142819078074,0.05142552624567013,0.03996802557953637,0.02984279243272049,0.026112443378630428,0.01705302424726885,0.01332267519317879,0.007194244604316547,0.8798393636679859,0.03571449979502994,0.0,0.0,0.0,0.0,0.0,0.0,0.0,0.0,0.0,0.0,0.0,0.0,0.0,0.0,0.0,0.0,0.0,0.0,0.0,0.0,0.0,0.0,0.06394884092725821,0.4396482813748987,1.8705035971223027,7.729816147082336,12.406075139888092,5.595523581135093,1.3029576338928859,0.5915267785771384,4.232006433453961,2.922888632937236,6.0,0.0,1.4177672209026126,4.275666936135813,2.931858509675737,4.1936,2.9113775158848774,0.980806050293061,0.405,0.00805,0.0,0.0,0.0,0.0,0.0,0.0,0.0,0.0,0.0,0.0,0.0,7.8257394084732095,22.17426059152678,0.0,0.0,0.0,0.0,0.0,0.0,0.0,0.0,0.0,0.0,0.0,0.0,0.0,0.0,0.0,0.0,0.0,nan,nan,4.232717041800643,2.9225160415611486,nan,0.405,0.0378,0.0,0.0,0.0,0.0,0.0,0.0,0.0,0.0,0.0,0.0,0.0,0.0,0.0,0.0,0.0,0.0,0.0,0.0,0.0,0.0,0.0,0.0,0.0,0.0,0.0,0.0,0.0,0.0009858779642952305,7.993605115907275e-05,0.0028244071409539036,0.00017319477751132428,0.0033972821742605914,0.0057553956834532375,0.013735678124167332,0.05291766586730615,0.0207300826005862,0.07715161204369837,0.0641886490807354,0.07611244337863043,0.08525179856115107,0.06747934985345057,0.09469757527311484,0.12088995470290434,0.10586197708499867,0.0871169730881961,0.031508126831867836,0.040487609912070344,0.025246469491073807,0.008832933653077538,0.013375965893951505,6.661337596589395e-05,0.00014654942712496668,0.000506261657340794,0.0,0.00043964828137490005,3.9968025579536374e-05,0.0,0.0,0.0,0.0,0.0,0.0,0.0,0.0,0.0,0.0,0.0,0.0,0.0,0.0,0.0,0.0,0.0,0.0,0.0,0.0,0.0,0.0,0.0,0.0,0.0,0.0,0.0,0.0,0.0,0.0,0.0,0.0,0.0,0.0,0.0,0.0,0.0,0.0,0.0,0.0,0.0,0.0,0.0,0.0,0.0,nan,nan,4.232717041800643,2.9225160415611486,nan,0.8802563618156714,0.03643917036062052,0.0,0.0,0.0,0.0,0.0,0.0,0.0,0.0,0.0,0.0,0.0,0.0,0.0,0.0,0.0,0.0,0.0,0.0,0.0,0.0,0.0,0.0,0.031071983428275513,0.4350077679958557,1.973070947695495,8.047643707923358,11.885033661315383,5.515277058518903,1.4293112377006734,0.6835836354220612,0.8793974188693138,0.03492463563392883,0.0,0.0,0.0,0.0,0.0,0.0,0.0,0.0,0.0,0.0,0.0,0.0,0.0,0.0,0.0,0.0,0.0,0.0,0.0,0.0,0.0,0.0,0.09879253567508234,0.4445664105378691,1.7618002195389686,7.392974753018663,12.9582875960483,5.680570801317235,1.1690450054884745,0.49396267837541175,0.4053,0.00796,0.0,0.0,0.0,0.0,0.0,0.0,0.0,0.0,0.0,0.0,0.0,7.612635939927487,22.387364060072507,0.0,0.0,0.0,0.0,0.0,0.0,0.0,0.0,0.0,0.0,0.0,0.0,0.0,0.0,0.0,0.0,0.0,0.405,0.00814,0.0,0.0,0.0,0.0,0.0,0.0,0.0,0.0,0.0,0.0,0.0,8.051591657519198,21.948408342480793,0.0,0.0,0.0,0.0,0.0,0.0,0.0,0.0,0.0,0.0,0.0,0.0,0.0,0.0,0.0,0.0,0.0
8800,3889,2022,0.5199280020570841,990,788,0.457186937516071,1064,0.5471843661609669,0.414,2.9930369576861273,3.0966323675120453,6.5769944341372915,2.161200591827083,8379.895037284647,506.29739330661334,7853.0,8866.4,8866.399999999998,1.8189894035458565e-12,7853.0,0.0,27.95371560812548,20.821639484381453,33.027359360590225,18.981089534563683,0.14271020827976344,0.09642581640524557,0.08742607354075597,0.09154024170737979,0.07894060169709437,0.0717408074055027,0.0781691951658524,0.06248392903059913,0.05708408331190538,0.051169966572383645,0.05065569555155567,0.040113139624582156,0.03419902288506043,0.022370789406016972,0.017485214708151196,0.008999742864489586,0.008485471843661609,0.8776931148410364,0.03465195257992045,0.0,0.0,0.0,0.0,0.0,0.0,0.0,0.0,0.0,0.0,0.0,0.0,0.0,0.0,0.0,0.0,0.0,0.0,0.0,0.0,0.0,0.0,0.07714065312419646,0.547698637181793,1.9053741321676527,8.122910773977889,12.566212393931604,5.160709694008744,1.241964515299563,0.37798920030856265,4.174703557312253,2.9297965656465474,6.0,1.0,1.4372277977655745,4.262282091917591,2.952098373683428,4.090551181102362,2.903783387912385,0.959709163515743,0.406,0.0086,0.0,0.0,0.0,0.0,0.0,0.0,0.0,0.0,0.0,0.0,0.0,7.328362046798652,22.66392388788892,0.0077140653124196466,0.0,0.0,0.0,0.0,0.0,0.0,0.0,0.0,0.0,0.0,0.0,0.0,0.0,0.0,0.0,0.0,nan,nan,4.176145339652448,2.9292229732305564,nan,0.406,0.03778,0.0,0.0,0.0,0.0,0.0,0.0,0.0,0.0,0.0,0.0,0.0,0.0,0.0,0.0,0.0,0.0,0.0,0.0,0.0,0.0,0.0,0.0,0.0,0.0,0.0,0.0,0.0,0.0008614039598868604,1.2856775520699408e-05,0.0021213679609154022,0.00011571097968629468,0.004088454615582412,0.005721265106711237,0.015080997685780407,0.049190023142195935,0.019516585240421703,0.0719336590383132,0.06263821033684752,0.07806634096168681,0.08592183080483415,0.06780663409616867,0.09722293648752893,0.12472357932630496,0.10385703265620982,0.08830033427616354,0.030740550269992287,0.04172023656466958,0.023862175366418104,0.009899717150938545,0.014952429930573411,6.428387760349704e-05,5.142710208279763e-05,0.0005271277963486758,0.0,0.000912831061969658,7.714065312419645e-05,0.0,1.2856775520699408e-05,0.0,0.0,0.0,0.0,0.0,0.0,0.0,0.0,0.0,0.0,0.0,0.0,0.0,0.0,0.0,0.0,0.0,0.0,0.0,0.0,0.0,0.0,0.0,0.0,0.0,0.0,0.0,0.0,0.0,0.0,0.0,0.0,0.0,0.0,0.0,0.0,0.0,0.0,0.0,0.0,0.0,0.0,0.0,nan,nan,4.176145339652448,2.9292229732305564,nan,0.8777638993029778,0.03452046759462895,0.0,0.0,0.0,0.0,0.0,0.0,0.0,0.0,0.0,0.0,0.0,0.0,0.0,0.0,0.0,0.0,0.0,0.0,0.0,0.0,0.0,0.0,0.04451038575667657,0.5489614243323425,1.8694362017804158,7.908011869436203,12.937685459940656,5.044510385756677,1.1721068249258162,0.47477744807121675,0.8776164537901283,0.03479363066837989,0.0,0.0,0.0,0.0,0.0,0.0,0.0,0.0,0.0,0.0,0.0,0.0,0.0,0.0,0.0,0.0,0.0,0.0,0.0,0.0,0.0,0.0,0.11247991430101771,0.546331012319227,1.9442956614890203,8.35565077664703,12.163899303695771,5.2865559721478315,1.317621853240493,0.27316550615961444,0.406,0.00856,0.0,0.0,0.0,0.0,0.0,0.0,0.0,0.0,0.0,0.0,0.0,7.270029673590494,22.715133531157274,0.014836795252225523,0.0,0.0,0.0,0.0,0.0,0.0,0.0,0.0,0.0,0.0,0.0,0.0,0.0,0.0,0.0,0.0,0.406,0.00865,0.0,0.0,0.0,0.0,0.0,0.0,0.0,0.0,0.0,0.0,0.0,7.391537225495436,22.608462774504556,0.0,0.0,0.0,0.0,0.0,0.0,0.0,0.0,0.0,0.0,0.0,0.0,0.0,0.0,0.0,0.0,0.0
8900,3966,2063,0.5201714573877962,994,820,0.45738779626828036,1146,0.5779122541603631,0.414,2.996847083552286,3.08761371043338,6.635338345864661,2.0743943944118217,8380.14175491679,506.2874920990263,7853.0,8866.4,8866.399999999998,1.8189894035458565e-12,7853.0,0.0,28.063792233988906,20.518179217651486,32.69845513963161,18.801342317905345,0.13212304589006554,0.0940494200706001,0.09682299546142209,0.08850226928895613,0.08169440242057488,0.0794251134644478,0.07690368129097327,0.06177508825012607,0.059001512859304085,0.049167927382753406,0.04967221381744831,0.037821482602118005,0.03479576399394856,0.02697932425617751,0.018154311649016642,0.00680786686838124,0.006303580433686334,0.8790303125143412,0.0356403394239248,0.0,0.0,0.0,0.0,0.0,0.0,0.0,0.0,0.0,0.0,0.0,0.0,0.0,0.0,0.0,0.0,0.0,0.0,0.0,0.0,0.0075642965204236025,0.06051437216338882,0.06807866868381242,0.47655068078668533,2.019667170953102,7.32980332829047,12.685325264750382,5.650529500756431,1.2329803328290472,0.4689863842662634,4.195668986852281,2.9060429540317845,4.571428571428571,2.0603150145508513,1.0895589203423306,4.110098709187548,2.8727816620356,4.286050156739812,2.9335097380210344,1.042809543030913,0.4062,0.00831,0.0,0.0,0.0,0.0,0.0,0.0,0.0,0.0,0.0,0.0,0.0,6.898638426626314,23.10136157337368,0.0,0.0,0.0,0.0,0.0,0.0,0.0,0.0,0.0,0.0,0.0,0.0,0.0,0.0,0.0,0.0,0.0,nan,nan,4.196683378326263,2.9041568594067337,nan,0.4062,0.03818,0.0,0.0,0.0,0.0,0.0,0.0,0.0,0.0,0.0,0.0,0.0,0.0,0.0,0.0,0.0,0.0,0.0,0.0,0.0,0.0,0.0,0.0,0.0,0.0,0.0,3.7821482602118e-05,0.0,0.0004790721129601614,0.0,0.002130610186585981,0.00010085728693898134,0.004172970247100353,0.006076651538073626,0.01638930912758447,0.05061775088250126,0.017750882501260716,0.07254160363086233,0.06313666162380233,0.07728189611699446,0.08378719112455875,0.06386787695410993,0.09640695915279879,0.1240796772566818,0.10615229450327786,0.08725416036308624,0.030648008068582956,0.04398638426626324,0.023877962682803833,0.010716086737266768,0.016654059505799294,3.7821482602118e-05,0.0,0.0006933938477054968,2.5214321734745334e-05,0.0008698940998487141,0.000226928895612708,0.0,0.0,0.0,0.0,0.0,0.0,0.0,0.0,0.0,0.0,0.0,0.0,0.0,0.0,0.0,0.0,0.0,0.0,0.0,0.0,0.0,0.0,0.0,0.0,0.0,0.0,0.0,0.0,0.0,0.0,0.0,0.0,0.0,0.0,0.0,0.0,0.0,0.0,0.0,0.0,0.0,0.0,0.0,0.0,0.0,nan,nan,4.196683378326263,2.9041568594067337,nan,0.8790994607529707,0.03574524539740273,0.0,0.0,0.0,0.0,0.0,0.0,0.0,0.0,0.0,0.0,0.0,0.0,0.0,0.0,0.0,0.0,0.0,0.0,0.0,0.0,0.014541929229277755,0.04362578768783326,0.05816771691711102,0.4653417353368866,2.1522055259331077,7.358216190014543,12.476975278720314,5.642268540959768,1.3378574890935533,0.4507998061076104,0.8789553504458741,0.03552611121024763,0.0,0.0,0.0,0.0,0.0,0.0,0.0,0.0,0.0,0.0,0.0,0.0,0.0,0.0,0.0,0.0,0.0,0.0,0.0,0.0,0.0,0.07882291119285341,0.07882291119285341,0.4887020493956895,1.8759852863899111,7.299001576458226,12.911192853389387,5.659485023646874,1.1192853389385184,0.4887020493956911,0.406,0.00828,0.0,0.0,0.0,0.0,0.0,0.0,0.0,0.0,0.0,0.0,0.0,6.834706737760533,23.165293262239462,0.0,0.0,0.0,0.0,0.0,0.0,0.0,0.0,0.0,0.0,0.0,0.0,0.0,0.0,0.0,0.0,0.0,0.4062,0.00835,0.0,0.0,0.0,0.0,0.0,0.0,0.0,0.0,0.0,0.0,0.0,6.967945349448229,23.032054650551764,0.0,0.0,0.0,0.0,0.0,0.0,0.0,0.0,0.0,0.0,0.0,0.0,0.0,0.0,0.0,0.0,0.0
9000,4108,2105,0.512414800389484,974,852,0.4444985394352483,1168,0.5686465433300877,0.418,2.9760359460808785,3.104668486825335,6.626353790613718,2.1258488364778487,8372.2811587147,506.54378334492986,7853.0,8866.4,8866.4,0.0,7853.0,0.0,27.939143135345667,20.82232755192391,32.84564147118448,19.08452646952304,0.13777994157740994,0.09785783836416748,0.09615384615384616,0.0866601752677702,0.0813047711781889,0.07692307692307693,0.07108081791626096,0.06426484907497566,0.05647517039922103,0.0501460564751704,0.046981499513145085,0.03967867575462512,0.035053554040895815,0.02020447906523856,0.019474196689386564,0.012901655306718598,0.007059396299902629,0.8814741192420014,0.03573584319756,0.0,0.0,0.0,0.0,0.0,0.0,0.0,0.0,0.0,0.0,0.0,0.0,0.0,0.0,0.0,0.0,0.0,0.0,0.0,0.014605647517039926,0.014605647517039926,0.014605647517039926,0.07302823758519962,0.30671859785783745,1.6869522882181114,7.463485881207402,12.480525803310616,5.88607594936709,1.4897760467380723,0.5696202531645571,4.273962264150944,2.8623188512328905,4.25,3.832427429188973,0.9943934310436163,4.205794947994057,2.8693692582383092,4.344036697247707,2.8568260823347926,1.0328693507322757,0.4058,0.0083,0.0,0.0,0.0,0.0,0.0,0.0,0.0,0.0,0.0,0.0,0.0,7.1640701071080715,22.821324245374882,0.014605647517039926,0.0,0.0,0.0,0.0,0.0,0.0,0.0,0.0,0.0,0.0,0.0,0.0,0.0,0.0,0.0,0.0,nan,nan,4.273926149208742,2.864028371280843,nan,0.4058,0.03812,0.0,0.0,0.0,0.0,0.0,0.0,0.0,0.0,0.0,0.0,0.0,0.0,0.0,0.0,0.0,0.0,0.0,0.0,0.0,0.0,0.0,0.0,0.0,0.0,0.0,0.0,0.0,0.0002555988315481986,1.2171372930866602e-05,0.0015092502434274587,3.6514118792599804e-05,0.00505111976630964,0.005878773125608569,0.015141187925998053,0.05296981499513145,0.01915774099318403,0.07457400194741967,0.06808666017526777,0.07401411879259981,0.07967380720545278,0.0624269717624148,0.09972005842259007,0.12166504381694256,0.10598831548198637,0.08724440116845181,0.03215676728334956,0.04127312560856865,0.024561830574488804,0.010990749756572542,0.01601752677702045,0.00018257059396299902,0.0,0.0004138266796494645,0.0,0.0009493670886075949,4.868549172346641e-05,0.0,0.0,0.0,0.0,0.0,0.0,0.0,0.0,0.0,0.0,0.0,0.0,0.0,0.0,0.0,0.0,0.0,0.0,0.0,0.0,0.0,0.0,0.0,0.0,0.0,0.0,0.0,0.0,0.0,0.0,0.0,0.0,0.0,0.0,0.0,0.0,0.0,0.0,0.0,0.0,0.0,0.0,0.0,0.0,0.0,nan,nan,4.273926149208742,2.864028371280843,nan,0.8809238377772715,0.03496988747595649,0.0,0.0,0.0,0.0,0.0,0.0,0.0,0.0,0.0,0.0,0.0,0.0,0.0,0.0,0.0,0.0,0.0,0.0,0.0,0.01425178147268409,0.0,0.01425178147268409,0.05700712589073636,0.34204275534441697,1.8527315914489315,7.382422802850358,12.655581947743471,5.786223277909739,1.4251781472684089,0.47030878859857495,0.8820524230279508,0.03651456115638643,0.0,0.0,0.0,0.0,0.0,0.0,0.0,0.0,0.0,0.0,0.0,0.0,0.0,0.0,0.0,0.0,0.0,0.0,0.0,0.014977533699450827,0.029955067398901653,0.014977533699450827,0.08986520219670496,0.269595606590114,1.5127309036445333,7.548676984523217,12.29655516724913,5.991013479780331,1.5576635047428862,0.6739890164752872,0.406,0.00842,0.0,0.0,0.0,0.0,0.0,0.0,0.0,0.0,0.0,0.0,0.0,6.912114014251771,23.07363420427554,0.01425178147268409,0.0,0.0,0.0,0.0,0.0,0.0,0.0,0.0,0.0,0.0,0.0,0.0,0.0,0.0,0.0,0.0,0.4058,0.00816,0.0,0.0,0.0,0.0,0.0,0.0,0.0,0.0,0.0,0.0,0.0,7.428856714927598,22.556165751372944,0.014977533699450827,0.0,0.0,0.0,0.0,0.0,0.0,0.0,0.0,0.0,0.0,0.0,0.0,0.0,0.0,0.0,0.0
9100,4437,2269,0.5113815641199009,1079,932,0.45323416723011045,1296,0.5841784989858012,0.39399999999999996,2.919280442804428,2.961380736413554,6.244131455399061,2.046377574725063,8371.234077079107,506.5687071522806,7853.0,8866.4,8866.4,0.0,7853.0,0.0,28.418976786116744,20.977918148454926,33.35643564356435,19.167188506898196,0.13635339193148524,0.09758846067162497,0.08586883029073698,0.08181203515889114,0.08699571782736083,0.08023439260761776,0.07257155735857561,0.06220419202163624,0.058598151904439934,0.05116069416272256,0.04439936894297949,0.04192021636240703,0.033581248591390576,0.02636916835699797,0.02208699571782736,0.011494252873563218,0.0067613252197430695,0.8819994028957411,0.0363693843594683,0.0,0.0,0.0,0.0,0.0,0.0,0.0,0.0,0.0,0.0,0.0,0.0,0.0,0.0,0.0,0.0,0.0,0.0,0.0,0.0,0.0,0.06761325219743071,0.0473292765382015,0.41920216362406904,1.7849898580121708,6.970926301555107,12.39350912778905,6.260987153482084,1.5077755240027049,0.5476673427991887,4.140061791967044,2.7767891118467998,5.5,2.0615528128088303,1.3284825870646766,4.112734864300626,2.7714792786122042,4.1756393001345895,2.779607307715286,1.0152950379515069,0.4055,0.008286,0.0,0.0,0.0,0.0,0.0,0.0,0.0,0.0,0.0,0.0,0.0,7.430696416497622,22.5422582826234,0.027045300878972285,0.0,0.0,0.0,0.0,0.0,0.0,0.0,0.0,0.0,0.0,0.0,0.0,0.0,0.0,0.0,0.0,nan,nan,4.144714334587753,2.7757925416296407,nan,0.4055,0.0379,0.0,0.0,0.0,0.0,0.0,0.0,0.0,0.0,0.0,0.0,0.0,0.0,0.0,0.0,0.0,0.0,0.0,0.0,0.0,0.0,0.0,0.0,0.0,0.0,0.0,0.0,0.0,0.0002704530087897228,5.634437683119225e-05,0.0014649537976109985,0.0,0.005296371422132071,0.0060401171963038085,0.014908722109533468,0.05371872887085869,0.01765832769889565,0.07411539328375027,0.07331530313274735,0.07214334009465856,0.07763128239801667,0.0643002028397566,0.09978589136804147,0.12252648185711067,0.10953346855983773,0.085113815641199,0.033310795582600854,0.03993689429794906,0.021467207572684246,0.010592742844264142,0.014965066486364661,0.0004394861392832995,2.2537750732476897e-05,0.00021410863195853053,0.00010141987829614604,0.0010705431597926526,0.0,0.0,0.0,0.0,0.0,0.0,0.0,0.0,0.0,0.0,0.0,0.0,0.0,0.0,0.0,0.0,0.0,0.0,0.0,0.0,0.0,0.0,0.0,0.0,0.0,0.0,0.0,0.0,0.0,0.0,0.0,0.0,0.0,0.0,0.0,0.0,0.0,0.0,0.0,0.0,0.0,0.0,0.0,0.0,0.0,0.0,nan,nan,4.144714334587753,2.7757925416296407,nan,0.8811990158470678,0.036577170643674516,0.0,0.0,0.0,0.0,0.0,0.0,0.0,0.0,0.0,0.0,0.0,0.0,0.0,0.0,0.0,0.0,0.0,0.0,0.0,0.0,0.0,0.07933010136624065,0.039665050683120325,0.4627589246364023,1.9303657999118558,7.179374173644779,12.0317320405465,6.319964742177172,1.454385191714412,0.5024239753195241,0.8828370773484346,0.03613165557063007,0.0,0.0,0.0,0.0,0.0,0.0,0.0,0.0,0.0,0.0,0.0,0.0,0.0,0.0,0.0,0.0,0.0,0.0,0.0,0.0,0.0,0.05535055350553507,0.05535055350553507,0.37361623616236045,1.6328413284132846,6.752767527675278,12.772140221402218,6.1992619926199275,1.5636531365313657,0.595018450184502,0.4058,0.00837,0.0,0.0,0.0,0.0,0.0,0.0,0.0,0.0,0.0,0.0,0.0,7.219039224327887,22.741295724988987,0.039665050683120325,0.0,0.0,0.0,0.0,0.0,0.0,0.0,0.0,0.0,0.0,0.0,0.0,0.0,0.0,0.0,0.0,0.4053,0.008194,0.0,0.0,0.0,0.0,0.0,0.0,0.0,0.0,0.0,0.0,0.0,7.6522140221402095,22.3339483394834,0.013837638376383767,0.0,0.0,0.0,0.0,0.0,0.0,0.0,0.0,0.0,0.0,0.0,0.0,0.0,0.0,0.0,0.0
9200,4233,2160,0.5102763997165131,996,850,0.43609733049846444,1197,0.5655563430191354,0.40599999999999997,2.9705740472744813,3.040108553619829,6.283387622149837,2.276022358156989,8370.114103472715,506.59296920590936,7853.0,8866.4,8866.4,0.0,7853.0,0.0,28.945192534845262,21.348531849087998,33.969433538979246,19.498865090978004,0.13678242381289865,0.098747932908103,0.08788093550673282,0.08173871958421923,0.07276163477439168,0.07252539570044886,0.07181667847862036,0.06709189699976376,0.058114812189936214,0.05362626978502244,0.050082683675879994,0.0446491849751949,0.0344909047956532,0.024805102763997167,0.024568863690054336,0.011811953697141508,0.008504606661941885,0.8834705541608691,0.03531697074094099,0.0,0.0,0.0,0.0,0.0,0.0,0.0,0.0,0.0,0.0,0.0,0.0,0.0,0.0,0.0,0.0,0.0,0.0,0.0,0.0,0.0,0.007087172218284906,0.08504606661941887,0.4323175053153778,1.509567682494685,6.810772501771795,12.260807937632888,6.718639262934091,1.6867469879518076,0.4890148830616585,4.236699239956569,2.8186339458487155,8.5,1.5,2.0062788313685287,4.276611151339609,2.785648352112664,4.201012292118583,2.853891887047946,0.9823227184923404,0.4058,0.0086,0.0,0.0,0.0,0.0,0.0,0.0,0.0,0.0,0.0,0.0,0.0,7.441530829199139,22.558469170800855,0.0,0.0,0.0,0.0,0.0,0.0,0.0,0.0,0.0,0.0,0.0,0.0,0.0,0.0,0.0,0.0,0.0,nan,nan,4.239783001808318,2.82023326788418,nan,0.4058,0.03824,0.0,0.0,0.0,0.0,0.0,0.0,0.0,0.0,0.0,0.0,0.0,0.0,0.0,0.0,0.0,0.0,0.0,0.0,0.0,0.0,0.0,0.0,0.0,0.0,2.3623907394283014e-05,0.0,0.0,0.00014174344436569808,9.449562957713205e-05,0.001913536498936924,2.3623907394283014e-05,0.005315379163713678,0.005965036617056461,0.015721710370895346,0.05657925820930782,0.01873375856366643,0.06820222064729506,0.07071816678478621,0.07136782423812899,0.07964800377982519,0.06055988660524451,0.09762579730687455,0.12593905031892275,0.11032364753130168,0.08498700685093315,0.03485707536026459,0.04065674462556107,0.022525395700448855,0.0105008268367588,0.015154736593432553,0.0006850933144342074,9.449562957713205e-05,0.0003071107961256792,3.543586109142452e-05,0.0012993149066855658,0.0,0.0,0.0,0.0,0.0,0.0,0.0,0.0,0.0,0.0,0.0,0.0,0.0,0.0,0.0,0.0,0.0,0.0,0.0,0.0,0.0,0.0,0.0,0.0,0.0,0.0,0.0,0.0,0.0,0.0,0.0,0.0,0.0,0.0,0.0,0.0,0.0,0.0,0.0,0.0,0.0,0.0,0.0,0.0,0.0,0.0,nan,nan,4.239783001808318,2.82023326788418,nan,0.8832980703148577,0.03553837631986167,0.0,0.0,0.0,0.0,0.0,0.0,0.0,0.0,0.0,0.0,0.0,0.0,0.0,0.0,0.0,0.0,0.0,0.0,0.0,0.0,0.0,0.013888888888888892,0.08333333333333334,0.5277777777777761,1.3611111111111114,6.7777777777777795,12.347222222222225,6.791666666666669,1.6527777777777781,0.44444444444444453,0.8836502768368866,0.0350838847171232,0.0,0.0,0.0,0.0,0.0,0.0,0.0,0.0,0.0,0.0,0.0,0.0,0.0,0.0,0.0,0.0,0.0,0.0,0.0,0.0,0.0,0.0,0.08683068017366137,0.3328509406657008,1.6642547033285098,6.845151953690306,12.170767004341538,6.642547033285096,1.722141823444284,0.5354558610709118,0.4058,0.00865,0.0,0.0,0.0,0.0,0.0,0.0,0.0,0.0,0.0,0.0,0.0,7.430555555555545,22.569444444444446,0.0,0.0,0.0,0.0,0.0,0.0,0.0,0.0,0.0,0.0,0.0,0.0,0.0,0.0,0.0,0.0,0.0,0.406,0.00854,0.0,0.0,0.0,0.0,0.0,0.0,0.0,0.0,0.0,0.0,0.0,7.452966714905923,22.54703328509407,0.0,0.0,0.0,0.0,0.0,0.0,0.0,0.0,0.0,0.0,0.0,0.0,0.0,0.0,0.0,0.0,0.0
9300,4152,2137,0.5146917148362236,1049,841,0.4552023121387283,1172,0.5645472061657033,0.418,2.933498759305211,3.038797009081951,6.397260273972603,2.185661405975895,8374.588583815028,506.4812139378742,7853.0,8866.4,8866.399999999998,1.8189894035458565e-12,7853.0,0.0,28.316233140655108,21.060513474619373,33.348637015781925,19.2398841931644,0.13945086705202311,0.0953757225433526,0.08911368015414259,0.09248554913294797,0.07923892100192678,0.07369942196531792,0.06984585741811175,0.06430635838150289,0.05659922928709056,0.051541425818882464,0.046242774566473986,0.04022157996146435,0.03395953757225433,0.028660886319845858,0.02432562620423892,0.008188824662813102,0.00674373795761079,0.8822282228999285,0.03596696816520928,0.0,0.0,0.0,0.0,0.0,0.0,0.0,0.0,0.0,0.0,0.0,0.0,0.0,0.0,0.0,0.0,0.0,0.0,0.0,0.0,0.0,0.04335260115606937,0.10115606936416188,0.39739884393063457,1.7485549132947982,6.900289017341042,12.550578034682085,6.127167630057805,1.5968208092485554,0.5346820809248556,4.192619926199262,2.8815133118285283,4.888888888888889,2.4241582476968255,1.1660701363218526,4.188104089219331,2.8654342613108503,4.201601164483261,2.8949532553033834,1.0032227172430297,0.4053,0.008446,0.0,0.0,0.0,0.0,0.0,0.0,0.0,0.0,0.0,0.0,0.0,7.854046242774555,22.131502890173415,0.014450867052023125,0.0,0.0,0.0,0.0,0.0,0.0,0.0,0.0,0.0,0.0,0.0,0.0,0.0,0.0,0.0,0.0,nan,nan,4.194924604634057,2.8803968939787103,nan,0.4053,0.0385,0.0,0.0,0.0,0.0,0.0,0.0,0.0,0.0,0.0,0.0,0.0,0.0,0.0,0.0,0.0,0.0,0.0,0.0,0.0,0.0,0.0,0.0,0.0,0.0,2.4084778420038536e-05,0.0,0.0,0.00014450867052023122,2.4084778420038536e-05,0.002251926782273603,1.2042389210019268e-05,0.006587186897880539,0.006286127167630058,0.01676300578034682,0.056996628131021194,0.021134393063583817,0.06520953757225434,0.0694364161849711,0.07592726396917149,0.08035886319845857,0.058297206165703275,0.09938583815028902,0.12528901734104048,0.10858622350674374,0.08345375722543352,0.03322495183044316,0.03978805394990366,0.022579479768786128,0.009730250481695568,0.016076589595375723,0.0006502890173410405,3.6127167630057806e-05,0.0004094412331406551,0.0,0.0013367052023121387,0.0,0.0,0.0,0.0,0.0,0.0,0.0,0.0,0.0,0.0,0.0,0.0,0.0,0.0,0.0,0.0,0.0,0.0,0.0,0.0,0.0,0.0,0.0,0.0,0.0,0.0,0.0,0.0,0.0,0.0,0.0,0.0,0.0,0.0,0.0,0.0,0.0,0.0,0.0,0.0,0.0,0.0,0.0,0.0,0.0,0.0,nan,nan,4.194924604634057,2.8803968939787103,nan,0.8814721513865538,0.035699496353013796,0.0,0.0,0.0,0.0,0.0,0.0,0.0,0.0,0.0,0.0,0.0,0.0,0.0,0.0,0.0,0.0,0.0,0.0,0.0,0.0,0.0,0.04211511464670099,0.08423022929340197,0.4492278895648091,1.9232569021993453,6.78053345811886,12.6626111371081,6.064576509124943,1.4740290126345348,0.5194197473093122,0.8830300714478599,0.03623124248600744,0.0,0.0,0.0,0.0,0.0,0.0,0.0,0.0,0.0,0.0,0.0,0.0,0.0,0.0,0.0,0.0,0.0,0.0,0.0,0.0,0.0,0.044665012406947896,0.11910669975186107,0.3424317617865994,1.5632754342431767,7.027295285359803,12.4317617866005,6.193548387096776,1.7270471464019856,0.5508684863523574,0.4053,0.008484,0.0,0.0,0.0,0.0,0.0,0.0,0.0,0.0,0.0,0.0,0.0,7.917641553579773,22.054281703322417,0.02807674309780066,0.0,0.0,0.0,0.0,0.0,0.0,0.0,0.0,0.0,0.0,0.0,0.0,0.0,0.0,0.0,0.0,0.4055,0.00841,0.0,0.0,0.0,0.0,0.0,0.0,0.0,0.0,0.0,0.0,0.0,7.786600496277905,22.213399503722087,0.0,0.0,0.0,0.0,0.0,0.0,0.0,0.0,0.0,0.0,0.0,0.0,0.0,0.0,0.0,0.0,0.0
9400,4097,2102,0.5130583353673419,1010,836,0.45057359043202344,1152,0.5623627044178667,0.418,2.966416040100251,3.1378320401391253,6.660777385159011,2.2021789955710926,8372.933317061263,506.52716543099234,7853.0,8866.4,8866.399999999998,1.8189894035458565e-12,7853.0,0.0,28.052233341469368,20.741389266868715,32.93103448275862,18.95226954927446,0.1381498657554308,0.09494752257749572,0.09616792775201367,0.08640468635587015,0.08420795704173786,0.07444471564559434,0.06761044666829387,0.06272882597022211,0.05711496216743959,0.051989260434464245,0.051989260434464245,0.041737856968513544,0.03270685867708079,0.025140346595069564,0.019282401757383452,0.011471808640468635,0.003905296558457408,0.8833762856847285,0.03432791219547418,0.0,0.0,0.0,0.0,0.0,0.0,0.0,0.0,0.0,0.0,0.0,0.0,0.0,0.0,0.0,0.0,0.0,0.0,0.0,0.0,0.0,0.0073224310471076415,0.04393458628264584,0.35147669026116557,1.654869416646327,6.4144495972662945,12.968025384427634,6.5462533561142315,1.6475469855992193,0.366121552355382,4.219311377245509,2.9065718647301018,9.0,0.0,2.1330494944119214,4.373867069486405,2.9553494689867144,4.0748702742772425,2.8549617509142045,0.9316401732244982,0.405,0.0083,0.0,0.0,0.0,0.0,0.0,0.0,0.0,0.0,0.0,0.0,0.0,8.047351720771283,21.9453258481816,0.0073224310471076415,0.0,0.0,0.0,0.0,0.0,0.0,0.0,0.0,0.0,0.0,0.0,0.0,0.0,0.0,0.0,0.0,nan,nan,4.222887060583395,2.9084227176464865,nan,0.405,0.03857,0.0,0.0,0.0,0.0,0.0,0.0,0.0,0.0,0.0,0.0,0.0,0.0,0.0,0.0,0.0,0.0,0.0,0.0,0.0,0.0,0.0,0.0,0.0,0.0,0.0,0.0,0.0,0.000244081034903588,4.88162069807176e-05,0.00203807664144496,0.0,0.006077617769099341,0.00630949475225775,0.01628020502806932,0.0593605076885526,0.021808640468635586,0.06274103002196729,0.07046619477666585,0.07722723944349524,0.08164510617525018,0.06126433976080058,0.0987551867219917,0.12444471564559434,0.10643153526970954,0.07909445936050769,0.032841103246277766,0.0406394923114474,0.02338296314376373,0.009030998291432755,0.017378569685135466,0.0006956309494752258,0.0,0.0004393458628264584,4.88162069807176e-05,0.0013058335367341957,0.0,0.0,0.0,0.0,0.0,0.0,0.0,0.0,0.0,0.0,0.0,0.0,0.0,0.0,0.0,0.0,0.0,0.0,0.0,0.0,0.0,0.0,0.0,0.0,0.0,0.0,0.0,0.0,0.0,0.0,0.0,0.0,0.0,0.0,0.0,0.0,0.0,0.0,0.0,0.0,0.0,0.0,0.0,0.0,0.0,0.0,nan,nan,4.222887060583395,2.9084227176464865,nan,0.8828201083542618,0.03368278007349631,0.0,0.0,0.0,0.0,0.0,0.0,0.0,0.0,0.0,0.0,0.0,0.0,0.0,0.0,0.0,0.0,0.0,0.0,0.0,0.0,0.0,0.0,0.028544243577545203,0.38534728829685894,1.6698382492863943,6.63653663177926,12.816365366317797,6.6650808753568045,1.5271170313986684,0.2711703139866794,0.883962293077531,0.03498521619248463,0.0,0.0,0.0,0.0,0.0,0.0,0.0,0.0,0.0,0.0,0.0,0.0,0.0,0.0,0.0,0.0,0.0,0.0,0.0,0.0,0.0,0.01503759398496241,0.06015037593984964,0.31578947368420957,1.6390977443609027,6.180451127819551,13.127819548872184,6.42105263157895,1.7744360902255643,0.4661654135338347,0.405,0.00816,0.0,0.0,0.0,0.0,0.0,0.0,0.0,0.0,0.0,0.0,0.0,8.078020932445279,21.921979067554712,0.0,0.0,0.0,0.0,0.0,0.0,0.0,0.0,0.0,0.0,0.0,0.0,0.0,0.0,0.0,0.0,0.0,0.4053,0.00844,0.0,0.0,0.0,0.0,0.0,0.0,0.0,0.0,0.0,0.0,0.0,8.015037593984951,21.96992481203008,0.01503759398496241,0.0,0.0,0.0,0.0,0.0,0.0,0.0,0.0,0.0,0.0,0.0,0.0,0.0,0.0,0.0,0.0
9500,4279,2247,0.5251226922178079,1055,869,0.4496377658331386,1197,0.5594765132040196,0.418,2.9734251968503935,3.1255365650089004,6.6050269299820465,2.170929991501359,8385.159336293525,506.0599887320602,7853.0,8866.4,8866.4,0.0,7853.0,0.0,28.037391913998597,20.827337553133763,32.72642029784887,19.163077899644108,0.13063799953260108,0.1004907688712316,0.10025706940874037,0.08903949520916102,0.08156111240944146,0.07361533068473942,0.07127833605982706,0.061696658097686374,0.05468567422294929,0.05375087637298434,0.04860948819817715,0.03972890862351017,0.0315494274363169,0.028978733348913297,0.017994858611825194,0.009114279037158215,0.0070109838747370885,0.8821202209965875,0.03433255284619041,0.0,0.0,0.0,0.0,0.0,0.0,0.0,0.0,0.0,0.0,0.0,0.0,0.0,0.0,0.0,0.0,0.0,0.0,0.0,0.0,0.0,0.007010983874737089,0.07712082262210798,0.3715821453610645,1.549427436316897,7.340500116849733,12.36036457116149,6.443094180883386,1.4723066136947889,0.37859312923580285,4.179061371841155,2.9368310704406713,4.0,0.816496580927726,0.9571527297857637,4.121278140885984,2.9090231686168773,4.236559139784946,2.9609084486833708,1.0279721472218275,0.4048,0.008255,0.0,0.0,0.0,0.0,0.0,0.0,0.0,0.0,0.0,0.0,0.0,8.293993923813963,21.691984108436554,0.014021967749474179,0.0,0.0,0.0,0.0,0.0,0.0,0.0,0.0,0.0,0.0,0.0,0.0,0.0,0.0,0.0,0.0,nan,nan,4.1788676523620625,2.9353707777299554,nan,0.4048,0.03864,0.0,0.0,0.0,0.0,0.0,0.0,0.0,0.0,0.0,0.0,0.0,0.0,0.0,0.0,0.0,0.0,0.0,0.0,0.0,0.0,0.0,0.0,0.0,0.0,0.0,0.0,0.0,8.179481187193269e-05,5.842486562280907e-05,0.0023603645711614864,1.1684973124561813e-05,0.006391680299135312,0.007057723767235335,0.01708343070810937,0.05754849263846693,0.022832437485393785,0.06394017293760225,0.07201448936667446,0.07763496143958869,0.07890862351016592,0.05972189763963543,0.09980135545688244,0.12474877307782192,0.10354054685674223,0.0832904884318766,0.032192100958167796,0.039518579107268054,0.022855807431642908,0.008553400327179248,0.017597569525590093,0.0009114279037158215,4.673989249824725e-05,0.00012853470437017994,3.505491937368544e-05,0.001133442393082496,0.0,0.0,0.0,0.0,0.0,0.0,0.0,0.0,0.0,0.0,0.0,0.0,0.0,0.0,0.0,0.0,0.0,0.0,0.0,0.0,0.0,0.0,0.0,0.0,0.0,0.0,0.0,0.0,0.0,0.0,0.0,0.0,0.0,0.0,0.0,0.0,0.0,0.0,0.0,0.0,0.0,0.0,0.0,0.0,0.0,0.0,nan,nan,4.1788676523620625,2.9353707777299554,nan,0.8825393143525695,0.03480663888771828,0.0,0.0,0.0,0.0,0.0,0.0,0.0,0.0,0.0,0.0,0.0,0.0,0.0,0.0,0.0,0.0,0.0,0.0,0.0,0.0,0.0,0.013351134846461953,0.09345794392523367,0.4138851802403192,1.441922563417891,7.463284379172231,11.97596795727637,6.622162883845128,1.6021361815754342,0.3738317757009347,0.8816567845935896,0.03379451325244655,0.0,0.0,0.0,0.0,0.0,0.0,0.0,0.0,0.0,0.0,0.0,0.0,0.0,0.0,0.0,0.0,0.0,0.0,0.0,0.0,0.0,0.0,0.059055118110236234,0.3248031496062982,1.6683070866141736,7.20472440944882,12.785433070866146,6.245078740157482,1.3287401574803153,0.38385826771653553,0.4048,0.008354,0.0,0.0,0.0,0.0,0.0,0.0,0.0,0.0,0.0,0.0,0.0,8.277703604806398,21.708945260347132,0.013351134846461953,0.0,0.0,0.0,0.0,0.0,0.0,0.0,0.0,0.0,0.0,0.0,0.0,0.0,0.0,0.0,0.0,0.4048,0.00815,0.0,0.0,0.0,0.0,0.0,0.0,0.0,0.0,0.0,0.0,0.0,8.312007874015736,21.673228346456696,0.014763779527559058,0.0,0.0,0.0,0.0,0.0,0.0,0.0,0.0,0.0,0.0,0.0,0.0,0.0,0.0,0.0,0.0
9600,4470,2268,0.5073825503355704,1105,932,0.4557046979865772,1312,0.5870246085011186,0.39799999999999996,3.0599455040871937,3.106940985255197,6.524024024024024,2.194764318517426,8367.181476510068,506.6447646124739,7853.0,8866.4,8866.4,0.0,7853.0,0.0,28.417002237136465,20.962108714336754,33.29271523178808,19.153209747217144,0.13736017897091723,0.09217002237136465,0.083668903803132,0.09373601789709173,0.08277404921700224,0.07874720357941835,0.06957494407158837,0.06442953020134229,0.060626398210290824,0.05436241610738255,0.04697986577181208,0.03557046979865772,0.03131991051454139,0.02930648769574944,0.019686800894854587,0.011633109619686801,0.008053691275167786,0.8813284972503415,0.03600786157552774,0.0,0.0,0.0,0.0,0.0,0.0,0.0,0.0,0.0,0.0,0.0,0.0,0.0,0.0,0.0,0.0,0.0,0.0,0.0,0.0,0.0,0.013422818791946312,0.09395973154362419,0.4161073825503343,1.8724832214765106,7.093959731543626,12.348993288590608,6.073825503355707,1.5704697986577185,0.516778523489933,4.199322033898305,2.86041354388782,3.75,1.7853571071357126,0.8930012915724895,4.128137384412153,2.8534367500047093,4.272916666666666,2.8635331408264006,1.0350713333333332,0.4048,0.00836,0.0,0.0,0.0,0.0,0.0,0.0,0.0,0.0,0.0,0.0,0.0,8.34228187919462,21.657718120805374,0.0,0.0,0.0,0.0,0.0,0.0,0.0,0.0,0.0,0.0,0.0,0.0,0.0,0.0,0.0,0.0,0.0,nan,nan,4.198713608666215,2.8592788713392365,nan,0.4048,0.03845,0.0,0.0,0.0,0.0,0.0,0.0,0.0,0.0,0.0,0.0,0.0,0.0,0.0,0.0,0.0,0.0,0.0,0.0,0.0,0.0,0.0,0.0,0.0,0.0,0.0,0.0,0.0,1.1185682326621925e-05,0.00011185682326621924,0.002181208053691275,5.592841163310962e-05,0.005950782997762864,0.007606263982102908,0.015223713646532439,0.06099552572706935,0.023243847874720357,0.06246085011185682,0.07068232662192393,0.08041387024608501,0.07551454138702461,0.0583668903803132,0.10293064876957495,0.12436241610738255,0.1049552572706935,0.08327740492170023,0.03168903803131991,0.039217002237136464,0.02261744966442953,0.010279642058165547,0.015917225950782998,0.0009619686800894855,7.829977628635347e-05,2.237136465324385e-05,0.0,0.00087248322147651,0.0,0.0,0.0,0.0,0.0,0.0,0.0,0.0,0.0,0.0,0.0,0.0,0.0,0.0,0.0,0.0,0.0,0.0,0.0,0.0,0.0,0.0,0.0,0.0,0.0,0.0,0.0,0.0,0.0,0.0,0.0,0.0,0.0,0.0,0.0,0.0,0.0,0.0,0.0,0.0,0.0,0.0,0.0,0.0,0.0,0.0,nan,nan,4.198713608666215,2.8592788713392365,nan,0.8824579165936357,0.036451538114405484,0.0,0.0,0.0,0.0,0.0,0.0,0.0,0.0,0.0,0.0,0.0,0.0,0.0,0.0,0.0,0.0,0.0,0.0,0.0,0.0,0.0,0.02645502645502646,0.06613756613756615,0.4497354497354483,1.7989417989417993,6.931216931216933,11.904761904761909,6.560846560846563,1.7328042328042332,0.5291005291005292,0.8801652261011174,0.035507561994407924,0.0,0.0,0.0,0.0,0.0,0.0,0.0,0.0,0.0,0.0,0.0,0.0,0.0,0.0,0.0,0.0,0.0,0.0,0.0,0.0,0.0,0.0,0.12261580381471392,0.38147138964577537,1.948228882833788,7.261580381471392,12.806539509536789,5.5722070844686655,1.4032697547683928,0.5040871934604906,0.4045,0.00826,0.0,0.0,0.0,0.0,0.0,0.0,0.0,0.0,0.0,0.0,0.0,8.730158730158717,21.269841269841272,0.0,0.0,0.0,0.0,0.0,0.0,0.0,0.0,0.0,0.0,0.0,0.0,0.0,0.0,0.0,0.0,0.0,0.405,0.008446,0.0,0.0,0.0,0.0,0.0,0.0,0.0,0.0,0.0,0.0,0.0,7.942779291553122,22.05722070844687,0.0,0.0,0.0,0.0,0.0,0.0,0.0,0.0,0.0,0.0,0.0,0.0,0.0,0.0,0.0,0.0,0.0
9700,4311,2209,0.5124101136627233,1009,881,0.4384133611691023,1222,0.5669218278821619,0.40599999999999997,2.939105613701237,3.1098050577059135,6.503378378378378,2.1763444288636897,8372.276409185803,506.54390128792494,7853.0,8866.4,8866.400000000001,1.8189894035458565e-12,7853.0,0.0,27.92971468336813,21.031317865056593,32.82515168229454,19.350621122553655,0.13801902110879147,0.10160055671537926,0.09487357921595918,0.09162607283692879,0.0797958710276038,0.07492461145905822,0.06402226861517049,0.06263048016701461,0.05590350266759453,0.04987241939225238,0.048248666202737184,0.04244954766875435,0.03409881697981907,0.025516121549524474,0.016933426119229877,0.012062166550684296,0.007422871723498028,0.8810949222694774,0.035562347432526106,0.0,0.0,0.0,0.0,0.0,0.0,0.0,0.0,0.0,0.0,0.0,0.0,0.0,0.0,0.0,0.0,0.0,0.0,0.0,0.0,0.0,0.013917884481558807,0.09046624913013225,0.4314544189283216,1.7188587334725125,7.265135699373697,12.491301322199028,5.984690327070287,1.586638830897704,0.4175365344467642,4.305878084179971,2.8794820414331888,4.0,1.0,0.9289626695879328,4.282240235814296,2.8737756663419627,4.328336902212706,2.883035742542594,1.0107646147483467,0.405,0.0082,0.0,0.0,0.0,0.0,0.0,0.0,0.0,0.0,0.0,0.0,0.0,8.13500347947111,21.864996520528884,0.0,0.0,0.0,0.0,0.0,0.0,0.0,0.0,0.0,0.0,0.0,0.0,0.0,0.0,0.0,0.0,0.0,nan,nan,4.3056562726613485,2.8785755432398643,nan,0.405,0.03882,0.0,0.0,0.0,0.0,0.0,0.0,0.0,0.0,0.0,0.0,0.0,0.0,0.0,0.0,0.0,0.0,0.0,0.0,0.0,0.0,0.0,0.0,0.0,0.0,0.0,0.0,0.0,0.0,0.0002551612154952447,0.002424031547204825,8.118765947575968e-05,0.004534910693574577,0.008199953607051728,0.0174321503131524,0.05877986546045001,0.022291811644630018,0.06424263511946184,0.07297610763163999,0.07824170726049641,0.07696590118302019,0.05871027603804222,0.10160055671537926,0.11774530271398748,0.10654140570633264,0.0833101368591974,0.030143818139642776,0.04154488517745303,0.023393644166086754,0.010032475063790304,0.018568777545813035,0.0005451171421943865,0.0004523312456506611,2.319647413593134e-05,0.0,0.0009626536766411505,0.0,0.0,0.0,0.0,0.0,0.0,0.0,0.0,0.0,0.0,0.0,0.0,0.0,0.0,0.0,0.0,0.0,0.0,0.0,0.0,0.0,0.0,0.0,0.0,0.0,0.0,0.0,0.0,0.0,0.0,0.0,0.0,0.0,0.0,0.0,0.0,0.0,0.0,0.0,0.0,0.0,0.0,0.0,0.0,0.0,0.0,nan,nan,4.3056562726613485,2.8785755432398643,nan,0.8811519227722966,0.03604152408865168,0.0,0.0,0.0,0.0,0.0,0.0,0.0,0.0,0.0,0.0,0.0,0.0,0.0,0.0,0.0,0.0,0.0,0.0,0.0,0.0,0.0,0.027161611588954283,0.12222725215029427,0.4345857854232671,1.6704391127206886,7.279311905839748,12.507922136713448,5.89406971480308,1.6704391127206886,0.39384336803983716,0.8810350202187031,0.03505162035683928,0.0,0.0,0.0,0.0,0.0,0.0,0.0,0.0,0.0,0.0,0.0,0.0,0.0,0.0,0.0,0.0,0.0,0.0,0.0,0.0,0.0,0.0,0.057088487155090406,0.42816365366317655,1.7697431018078025,7.250237868696481,12.473834443387254,6.079923882017129,1.4985727878211232,0.4424357754519506,0.405,0.00819,0.0,0.0,0.0,0.0,0.0,0.0,0.0,0.0,0.0,0.0,0.0,8.270710728836566,21.729289271163427,0.0,0.0,0.0,0.0,0.0,0.0,0.0,0.0,0.0,0.0,0.0,0.0,0.0,0.0,0.0,0.0,0.0,0.405,0.00821,0.0,0.0,0.0,0.0,0.0,0.0,0.0,0.0,0.0,0.0,0.0,7.992388201712642,22.00761179828735,0.0,0.0,0.0,0.0,0.0,0.0,0.0,0.0,0.0,0.0,0.0,0.0,0.0,0.0,0.0,0.0,0.0
9800,4377,2255,0.5151930546036098,1117,901,0.46104637879826366,1218,0.5565455791638109,0.39399999999999996,2.8854853911404335,3.0182583681382438,6.333889816360601,2.143134410869172,8375.096641535298,506.4660239635364,7853.0,8866.4,8866.4,0.0,7853.0,0.0,28.302490290153074,20.6382924245335,33.03611859838275,18.83856198914393,0.13159698423577793,0.09709846927119031,0.09047292666209733,0.08613205391820881,0.0840758510395248,0.07836417637651359,0.06899702992917524,0.06716929403701165,0.058259081562714185,0.054603609778387026,0.04706419922321225,0.0420379255197624,0.037468585789353435,0.023075165638565227,0.01667809001599269,0.01233721727210418,0.004569339730408956,0.8808781134638308,0.03643585891104209,0.0,0.0,0.0,0.0,0.0,0.0,0.0,0.0,0.0,0.0,0.0,0.0,0.0,0.0,0.0,0.0,0.0,0.0,0.0,0.0,0.0,0.006854009595613436,0.1370801919122687,0.4729266620973255,1.8779986291980812,7.292666209732695,11.877998629198084,6.278272789581907,1.5764222069910903,0.4797806716929405,4.065693430656935,2.8854015082150966,6.25,1.479019945774904,1.5372531418312387,4.077445652173913,2.9258465882400393,4.056818181818182,2.8408863635454535,0.9949410802459786,0.4048,0.00811,0.0,0.0,0.0,0.0,0.0,0.0,0.0,0.0,0.0,0.0,0.0,8.430431802604511,21.56956819739548,0.0,0.0,0.0,0.0,0.0,0.0,0.0,0.0,0.0,0.0,0.0,0.0,0.0,0.0,0.0,0.0,0.0,nan,nan,4.0687261367580705,2.8850710436801266,nan,0.4048,0.03882,0.0,0.0,0.0,0.0,0.0,0.0,0.0,0.0,0.0,0.0,0.0,0.0,0.0,0.0,0.0,0.0,0.0,0.0,0.0,0.0,0.0,0.0,0.0,0.0,0.0,0.0,2.284669865204478e-05,0.0,0.00038839387708476127,0.0024560201050948137,6.854009595613433e-05,0.003541238291066941,0.008350468357322368,0.018197395476353666,0.05941283984464245,0.024445967557687916,0.06335389536212017,0.0738291066940827,0.07667352067626228,0.07861549006168608,0.05635138222526845,0.10220470641992233,0.1169408270504912,0.10920721955677405,0.08085446652958647,0.030911583276216587,0.04033584647018506,0.02465158784555632,0.01004112405757368,0.016518163125428375,0.0007882111034955448,0.0004912040210189628,6.854009595613433e-05,0.0,0.0012794151245145078,0.0,0.0,0.0,0.0,0.0,0.0,0.0,0.0,0.0,0.0,0.0,0.0,0.0,0.0,0.0,0.0,0.0,0.0,0.0,0.0,0.0,0.0,0.0,0.0,0.0,0.0,0.0,0.0,0.0,0.0,0.0,0.0,0.0,0.0,0.0,0.0,0.0,0.0,0.0,0.0,0.0,0.0,0.0,0.0,0.0,0.0,nan,nan,4.0687261367580705,2.8850710436801266,nan,0.8815111383630537,0.03606693355463364,0.0,0.0,0.0,0.0,0.0,0.0,0.0,0.0,0.0,0.0,0.0,0.0,0.0,0.0,0.0,0.0,0.0,0.0,0.0,0.0,0.0,0.0,0.11973392461197342,0.35920177383591906,1.9822616407982265,7.170731707317075,11.90687361419069,6.212860310421288,1.7960088691796012,0.45232815964523293,0.8802054126401986,0.036811928157950854,0.0,0.0,0.0,0.0,0.0,0.0,0.0,0.0,0.0,0.0,0.0,0.0,0.0,0.0,0.0,0.0,0.0,0.0,0.0,0.0,0.0,0.014137606032045244,0.15551366635249766,0.5937794533458983,1.7672007540056556,7.422243166823753,11.847313854853915,6.347785108388314,1.343072573044298,0.5089538171536288,0.4048,0.00814,0.0,0.0,0.0,0.0,0.0,0.0,0.0,0.0,0.0,0.0,0.0,8.474501108647438,21.52549889135255,0.0,0.0,0.0,0.0,0.0,0.0,0.0,0.0,0.0,0.0,0.0,0.0,0.0,0.0,0.0,0.0,0.0,0.4048,0.00807,0.0,0.0,0.0,0.0,0.0,0.0,0.0,0.0,0.0,0.0,0.0,8.383600377002816,21.616399622997175,0.0,0.0,0.0,0.0,0.0,0.0,0.0,0.0,0.0,0.0,0.0,0.0,0.0,0.0,0.0,0.0,0.0
9900,4311,2218,0.5144977963349571,1046,874,0.4453723034098817,1225,0.5683136163303177,0.39799999999999996,2.9947443860487337,3.120217673768811,6.52027027027027,2.282334019288726,8374.392066805845,506.48695261869517,7853.0,8866.4,8866.4,0.0,7853.0,0.0,27.96311760612387,20.86040209854897,32.75996700577399,19.184425758811877,0.13732312688471351,0.09928090930178612,0.09603340292275574,0.09069821387149153,0.07886801206216655,0.0744606819763396,0.06819763395963814,0.061934585942936674,0.054279749478079335,0.05683136163303178,0.04476919508234748,0.04384133611691023,0.030387381118070052,0.02737183948039898,0.017861285084667132,0.01229413129204361,0.0055671537926235215,0.8817940626446373,0.03592039137676714,0.0,0.0,0.0,0.0,0.0,0.0,0.0,0.0,0.0,0.0,0.0,0.0,0.0,0.0,0.0,0.0,0.0,0.0,0.0,0.0,0.0,0.0,0.07654836464857342,0.403618649965204,1.8580375782881007,7.279053583855256,11.955462769659015,6.2700069589422425,1.6283924843423805,0.5288796102992346,4.271295633500358,2.9132259501420052,nan,nan,nan,4.29178674351585,2.9009620744510802,4.249110320284697,2.925262574569707,0.9900562572696257,0.404,0.00808,0.0,0.0,0.0,0.0,0.0,0.0,0.0,0.0,0.0,0.0,0.0,9.130132219902562,20.86986778009743,0.0,0.0,0.0,0.0,0.0,0.0,0.0,0.0,0.0,0.0,0.0,0.0,0.0,0.0,0.0,0.0,0.0,nan,nan,4.271295633500358,2.9132259501420052,nan,0.404,0.03867,0.0,0.0,0.0,0.0,0.0,0.0,0.0,0.0,0.0,0.0,0.0,0.0,0.0,0.0,0.0,0.0,0.0,0.0,0.0,0.0,0.0,0.0,0.0,0.0,0.0,0.0,0.0,0.0,0.00031315240083507306,0.0022964509394572024,3.479471120389701e-05,0.004314544189283229,0.009093017861285085,0.019751797726745533,0.05673857573648805,0.026815124101136626,0.06576200417536535,0.07529575504523313,0.0747970308513106,0.07923915564834146,0.05782881002087683,0.10295755045233125,0.11630712131755973,0.10716771050800278,0.08234748318255625,0.03278821619113895,0.03569937369519833,0.023393644166086754,0.009313384365576433,0.014857341684064022,0.000985850150777082,0.0003711435861749014,0.00017397355601948505,0.0,0.0013569937369519833,0.0,0.0,0.0,0.0,0.0,0.0,0.0,0.0,0.0,0.0,0.0,0.0,0.0,0.0,0.0,0.0,0.0,0.0,0.0,0.0,0.0,0.0,0.0,0.0,0.0,0.0,0.0,0.0,0.0,0.0,0.0,0.0,0.0,0.0,0.0,0.0,0.0,0.0,0.0,0.0,0.0,0.0,0.0,0.0,0.0,0.0,nan,nan,4.271295633500358,2.9132259501420052,nan,0.8827130653441113,0.03669811574551119,0.0,0.0,0.0,0.0,0.0,0.0,0.0,0.0,0.0,0.0,0.0,0.0,0.0,0.0,0.0,0.0,0.0,0.0,0.0,0.0,0.0,0.0,0.0946798917944094,0.44634806131649996,1.6501352569882781,7.3174030658250695,11.862037871956721,6.221821460775475,1.7583408476104603,0.6492335437330929,0.8808201744518835,0.03505111823653105,0.0,0.0,0.0,0.0,0.0,0.0,0.0,0.0,0.0,0.0,0.0,0.0,0.0,0.0,0.0,0.0,0.0,0.0,0.0,0.0,0.0,0.0,0.057333970377448654,0.35833731485905285,2.0783564261825136,7.238413760152892,12.054467271858579,6.321070234113714,1.490683229813665,0.4013377926421406,0.404,0.008255,0.0,0.0,0.0,0.0,0.0,0.0,0.0,0.0,0.0,0.0,0.0,9.143372407574379,20.85662759242561,0.0,0.0,0.0,0.0,0.0,0.0,0.0,0.0,0.0,0.0,0.0,0.0,0.0,0.0,0.0,0.0,0.0,0.404,0.00789,0.0,0.0,0.0,0.0,0.0,0.0,0.0,0.0,0.0,0.0,0.0,9.116101290014319,20.88389870998567,0.0,0.0,0.0,0.0,0.0,0.0,0.0,0.0,0.0,0.0,0.0,0.0,0.0,0.0,0.0,0.0,0.0
10000,4252,2201,0.5176387582314205,1016,878,0.44543744120413925,1203,0.5658513640639699,0.40599999999999997,2.9819600195026816,3.079978322243646,6.59792027729636,2.0784932819072854,8377.575117591721,506.38460696498464,7853.0,8866.4,8866.4,0.0,7853.0,0.0,28.17285983066792,21.03591846059551,33.15858783973102,19.2825232186117,0.13781749764816556,0.10583254938852305,0.0900752587017874,0.07855126999059266,0.08301975540921919,0.07878645343367827,0.0658513640639699,0.06326434619002823,0.058090310442144875,0.05315145813734713,0.044684854186265284,0.04233301975540922,0.03292568203198495,0.02916274694261524,0.017873941674506115,0.01246472248353716,0.0061147695202257765,0.8789859101919217,0.034776776669271016,0.0,0.0,0.0,0.0,0.0,0.0,0.0,0.0,0.0,0.0,0.0,0.0,0.0,0.0,0.0,0.0,0.0,0.0,0.0,0.0,0.0,0.007055503292568205,0.11288805268109128,0.3809971777986818,2.095484477892757,7.500000000000002,12.417685794920041,5.968955785512701,1.107714016933208,0.40921919096895587,4.291499452754469,2.873223762469426,4.857142857142857,2.294625486315573,1.1318055403747829,4.266618497109826,2.8761298074816524,4.319648093841642,2.867636359893692,1.012428952053655,0.4038,0.008095,0.0,0.0,0.0,0.0,0.0,0.0,0.0,0.0,0.0,0.0,0.0,9.680150517403561,20.312793979303862,0.007055503292568205,0.0,0.0,0.0,0.0,0.0,0.0,0.0,0.0,0.0,0.0,0.0,0.0,0.0,0.0,0.0,0.0,nan,nan,4.292940320232897,2.872039520127108,nan,0.4038,0.0386,0.0,0.0,0.0,0.0,0.0,0.0,0.0,0.0,0.0,0.0,0.0,0.0,0.0,0.0,0.0,0.0,0.0,0.0,0.0,0.0,0.0,0.0,0.0,0.0,0.0,0.0,0.0,0.0,0.0003410159924741298,0.0019990592662276576,0.00011759172154280339,0.0037394167450611475,0.009289746001881467,0.0194379115710254,0.05911335841956726,0.028621825023518344,0.06792097836312323,0.07200141110065851,0.07168391345249295,0.08136171213546567,0.05881937911571025,0.10378645343367827,0.11816792097836312,0.10301034807149577,0.08055032925682032,0.03314910630291627,0.03822906867356538,0.02329492003762935,0.009430856067732831,0.013381937911571025,0.0008231420507996237,0.0005997177798682973,8.231420507996237e-05,0.0,0.0010465663217309501,0.0,0.0,0.0,0.0,0.0,0.0,0.0,0.0,0.0,0.0,0.0,0.0,0.0,0.0,0.0,0.0,0.0,0.0,0.0,0.0,0.0,0.0,0.0,0.0,0.0,0.0,0.0,0.0,0.0,0.0,0.0,0.0,0.0,0.0,0.0,0.0,0.0,0.0,0.0,0.0,0.0,0.0,0.0,0.0,0.0,0.0,nan,nan,4.292940320232897,2.872039520127108,nan,0.8794314966099959,0.03447463260359786,0.0,0.0,0.0,0.0,0.0,0.0,0.0,0.0,0.0,0.0,0.0,0.0,0.0,0.0,0.0,0.0,0.0,0.0,0.0,0.0,0.0,0.0,0.06815084052703319,0.36801453884597796,2.030895047705589,7.551113130395277,12.471603816447073,5.983643798273514,1.0767832803271242,0.449795547478419,0.8785077357861776,0.03509183166841457,0.0,0.0,0.0,0.0,0.0,0.0,0.0,0.0,0.0,0.0,0.0,0.0,0.0,0.0,0.0,0.0,0.0,0.0,0.0,0.0,0.0,0.014627011214041934,0.16089712335446127,0.3949293027791309,2.1647976596782064,7.445148707947345,12.359824475865436,5.953193564115066,1.1409068746952709,0.36567528035104835,0.4038,0.00804,0.0,0.0,0.0,0.0,0.0,0.0,0.0,0.0,0.0,0.0,0.0,9.691049522944104,20.308950477055888,0.0,0.0,0.0,0.0,0.0,0.0,0.0,0.0,0.0,0.0,0.0,0.0,0.0,0.0,0.0,0.0,0.0,0.4038,0.008156,0.0,0.0,0.0,0.0,0.0,0.0,0.0,0.0,0.0,0.0,0.0,9.668454412481703,20.316918576304246,0.014627011214041934,0.0,0.0,0.0,0.0,0.0,0.0,0.0,0.0,0.0,0.0,0.0,0.0,0.0,0.0,0.0,0.0
10100,4212,2162,0.5132953466286799,997,864,0.44183285849952514,1173,0.5569800569800569,0.418,2.904390243902439,3.0814361941214043,6.554174067495559,2.1781645649513184,8373.173504273504,506.52083341417625,7853.0,8866.4,8866.399999999998,1.8189894035458565e-12,7853.0,0.0,28.1170465337132,20.987861639440908,33.01240834743373,19.263025303239687,0.13770180436847104,0.09401709401709402,0.09876543209876543,0.08665716999050332,0.08333333333333333,0.07502374169040836,0.06956315289648624,0.059354226020892686,0.0560303893637227,0.05270655270655271,0.04772079772079772,0.04344729344729345,0.03347578347578348,0.024691358024691357,0.018518518518518517,0.011633428300094967,0.0073599240265906935,0.8810514089671748,0.03471853721707182,0.0,0.0,0.0,0.0,0.0,0.0,0.0,0.0,0.0,0.0,0.0,0.0,0.0,0.0,0.0,0.0,0.0,0.0,0.0,0.0,0.0,0.02136752136752137,0.06410256410256411,0.3276353276353266,1.830484330484331,7.286324786324788,12.443019943019946,6.274928774928776,1.3176638176638178,0.43447293447293456,4.278002203452075,2.9353764556632727,2.0,0.0,0.46750794059575934,4.226934523809524,2.945156557888693,4.326086956521739,2.9245662219620647,1.023457290893367,0.4043,0.00809,0.0,0.0,0.0,0.0,0.0,0.0,0.0,0.0,0.0,0.0,0.0,9.294871794871781,20.6980056980057,0.007122507122507124,0.0,0.0,0.0,0.0,0.0,0.0,0.0,0.0,0.0,0.0,0.0,0.0,0.0,0.0,0.0,0.0,nan,nan,4.277165932452276,2.9351620243234104,nan,0.4043,0.03867,0.0,0.0,0.0,0.0,0.0,0.0,0.0,0.0,0.0,0.0,0.0,0.0,0.0,0.0,0.0,0.0,0.0,0.0,0.0,0.0,0.0,0.0,0.0,0.0,0.0,0.0,0.0,0.0,0.0005341880341880342,0.002006172839506173,0.00013057929724596392,0.003466286799620133,0.008333333333333333,0.021462488129154796,0.059354226020892686,0.02646011396011396,0.06841168091168091,0.06915954415954416,0.06756885090218423,0.08044871794871795,0.06164529914529915,0.10601851851851851,0.11961063627730295,0.10282526115859449,0.07825261158594492,0.03320275403608737,0.04104938271604938,0.024382716049382715,0.009900284900284901,0.013568376068376069,0.0006885090218423552,0.0006885090218423552,0.0,7.122507122507122e-05,0.0007597340930674264,0.0,0.0,0.0,0.0,0.0,0.0,0.0,0.0,0.0,0.0,0.0,0.0,0.0,0.0,0.0,0.0,0.0,0.0,0.0,0.0,0.0,0.0,0.0,0.0,0.0,0.0,0.0,0.0,0.0,0.0,0.0,0.0,0.0,0.0,0.0,0.0,0.0,0.0,0.0,0.0,0.0,0.0,0.0,0.0,0.0,0.0,nan,nan,4.277165932452276,2.9351620243234104,nan,0.8809265062337005,0.03440973093136756,0.0,0.0,0.0,0.0,0.0,0.0,0.0,0.0,0.0,0.0,0.0,0.0,0.0,0.0,0.0,0.0,0.0,0.0,0.0,0.0,0.0,0.027752081406105463,0.055504162812210926,0.36077705827936984,1.7067530064754861,7.31267345050879,12.585568917668828,6.188714153561519,1.3320999074930622,0.4301572617946347,0.8811831356548682,0.035040784148064996,0.0,0.0,0.0,0.0,0.0,0.0,0.0,0.0,0.0,0.0,0.0,0.0,0.0,0.0,0.0,0.0,0.0,0.0,0.0,0.0,0.0,0.014634146341463419,0.07317073170731708,0.2926829268292674,1.960975609756098,7.258536585365856,12.292682926829272,6.3658536585365875,1.3024390243902442,0.43902439024390255,0.4043,0.00792,0.0,0.0,0.0,0.0,0.0,0.0,0.0,0.0,0.0,0.0,0.0,8.86679000925068,21.13320999074931,0.0,0.0,0.0,0.0,0.0,0.0,0.0,0.0,0.0,0.0,0.0,0.0,0.0,0.0,0.0,0.0,0.0,0.404,0.008255,0.0,0.0,0.0,0.0,0.0,0.0,0.0,0.0,0.0,0.0,0.0,9.74634146341462,20.239024390243905,0.014634146341463419,0.0,0.0,0.0,0.0,0.0,0.0,0.0,0.0,0.0,0.0,0.0,0.0,0.0,0.0,0.0,0.0
10200,4301,2187,0.508486398511974,1007,897,0.4426877470355731,1203,0.5594047895838177,0.426,2.911542100283822,3.113924716403574,6.611599297012302,2.1520266512352775,8368.300116252034,506.6270107292458,7853.0,8866.4,8866.399999999998,1.8189894035458565e-12,7853.0,0.0,27.738200418507326,20.91456482959778,32.74451541238545,19.179467480489528,0.14415252266914672,0.09393164380376656,0.10392931876307836,0.08532899325738201,0.08230644036270635,0.06998372471518252,0.07207626133457336,0.05812601720530109,0.05649848872355266,0.0530109276912346,0.046500813764240874,0.04045570797488956,0.03208556149732621,0.026737967914438502,0.017670309230411532,0.009765170890490584,0.00744013020227854,0.883413052037826,0.03508096502259232,0.0,0.0,0.0,0.0,0.0,0.0,0.0,0.0,0.0,0.0,0.0,0.0,0.0,0.0,0.0,0.0,0.0,0.0,0.0,0.0,0.0,0.006975122064636133,0.08370146477563359,0.34875610323180545,1.5903278307370383,6.786793768890957,12.31806556614741,6.821669379214138,1.5624273424784938,0.48128342245989314,4.299198250728863,2.879969923878706,7.0,2.943920288775949,1.62821056200729,4.26178390137781,2.9235479666447035,4.3428362573099415,2.8377429302353328,1.0190184105547744,0.404,0.008194,0.0,0.0,0.0,0.0,0.0,0.0,0.0,0.0,0.0,0.0,0.0,9.444315275517308,20.55568472448268,0.0,0.0,0.0,0.0,0.0,0.0,0.0,0.0,0.0,0.0,0.0,0.0,0.0,0.0,0.0,0.0,0.0,nan,nan,4.302147797597379,2.8814216882915438,nan,0.404,0.0389,0.0,0.0,0.0,0.0,0.0,0.0,0.0,0.0,0.0,0.0,0.0,0.0,0.0,0.0,0.0,0.0,0.0,0.0,0.0,0.0,0.0,0.0,0.0,0.0,0.0,0.0,0.0,0.0,0.0005115089514066496,0.002348291095094164,0.0003138804929086259,0.004138572425017438,0.007754010695187166,0.021064868635201114,0.06263659614043246,0.02712159962799349,0.07097186700767263,0.06677516856544989,0.06596140432457567,0.07971401999534992,0.06007905138339921,0.10366193908393397,0.11914671006742618,0.10153452685421994,0.08046965821901883,0.03593350383631713,0.04301325273192281,0.02129737270402232,0.010369681469425716,0.01278772378516624,0.0009765170890490584,0.0005812601720530109,0.0,8.137642408742153e-05,0.0007556382236689142,0.0,0.0,0.0,0.0,0.0,0.0,0.0,0.0,0.0,0.0,0.0,0.0,0.0,0.0,0.0,0.0,0.0,0.0,0.0,0.0,0.0,0.0,0.0,0.0,0.0,0.0,0.0,0.0,0.0,0.0,0.0,0.0,0.0,0.0,0.0,0.0,0.0,0.0,0.0,0.0,0.0,0.0,0.0,0.0,0.0,0.0,nan,nan,4.302147797597379,2.8814216882915438,nan,0.8842897744117723,0.03511835978526435,0.0,0.0,0.0,0.0,0.0,0.0,0.0,0.0,0.0,0.0,0.0,0.0,0.0,0.0,0.0,0.0,0.0,0.0,0.0,0.0,0.0,0.0,0.06858710562414268,0.39780521262002616,1.4266117969821677,6.748971193415639,12.318244170096026,7.037037037037039,1.4403292181069962,0.56241426611797,0.8825060549556025,0.035019145374786155,0.0,0.0,0.0,0.0,0.0,0.0,0.0,0.0,0.0,0.0,0.0,0.0,0.0,0.0,0.0,0.0,0.0,0.0,0.0,0.0,0.0,0.014191106906338697,0.09933774834437088,0.29801324503311166,1.7596972563859985,6.825922421948913,12.31788079470199,6.5988647114474945,1.688741721854305,0.39735099337748353,0.404,0.0082,0.0,0.0,0.0,0.0,0.0,0.0,0.0,0.0,0.0,0.0,0.0,9.341563786008217,20.658436213991774,0.0,0.0,0.0,0.0,0.0,0.0,0.0,0.0,0.0,0.0,0.0,0.0,0.0,0.0,0.0,0.0,0.0,0.4038,0.00817,0.0,0.0,0.0,0.0,0.0,0.0,0.0,0.0,0.0,0.0,0.0,9.550614947965927,20.449385052034064,0.0,0.0,0.0,0.0,0.0,0.0,0.0,0.0,0.0,0.0,0.0,0.0,0.0,0.0,0.0,0.0,0.0
10300,4503,2287,0.5078836331334666,1048,964,0.4468132356206973,1307,0.5805018876304686,0.418,2.9557761732851984,3.1027577451344563,6.684729064039409,2.0428368103337236,8367.689273817456,506.63701158114134,7853.0,8866.4,8866.399999999998,1.8189894035458565e-12,7853.0,0.0,27.828336664445924,20.965334713721237,32.83306836248013,19.212895561938858,0.14323784143904064,0.1001554519209416,0.09060626249167222,0.08594270486342438,0.08527648234510327,0.07750388629802354,0.07039751276926494,0.056628914057295136,0.05818343326671108,0.05018876304685765,0.046635576282478344,0.03841883188985121,0.03353320008882967,0.02731512325116589,0.01798800799467022,0.011325782811459028,0.006662225183211193,0.883291892943953,0.03500961842672215,0.0,0.0,0.0,0.0,0.0,0.0,0.0,0.0,0.0,0.0,0.0,0.0,0.0,0.0,0.0,0.0,0.0,0.0,0.0,0.0,0.0,0.013324450366422389,0.01998667554963358,0.39307128580945916,1.7721518987341776,6.642238507661561,12.265156562291809,6.7888074616922065,1.6655562958027985,0.4397068620919388,4.331379310344827,2.876812441164857,11.0,0.0,2.539606719210254,4.297783933518006,2.8537714886703807,4.369251887439945,2.9033082311996465,1.0166290244059426,0.4043,0.0083,0.0,0.0,0.0,0.0,0.0,0.0,0.0,0.0,0.0,0.0,0.0,9.340439706862078,20.64623584277149,0.013324450366422389,0.0,0.0,0.0,0.0,0.0,0.0,0.0,0.0,0.0,0.0,0.0,0.0,0.0,0.0,0.0,0.0,nan,nan,4.333678042054464,2.8789791733811216,nan,0.4043,0.03882,0.0,0.0,0.0,0.0,0.0,0.0,0.0,0.0,0.0,0.0,0.0,0.0,0.0,0.0,0.0,0.0,0.0,0.0,0.0,0.0,0.0,0.0,0.0,0.0,0.0,0.0,0.0,0.0,0.0004219409282700422,0.002520541860981568,0.00038862980235398624,0.0033644237175216524,0.007905840550743948,0.021052631578947368,0.06131467910282034,0.029324894514767934,0.06818787475016655,0.06447923606484565,0.06592271818787475,0.08141239173884077,0.058671996446813236,0.10297579391516766,0.12411725516322451,0.10391960914945592,0.0776926493448812,0.03597601598934044,0.04428159005107706,0.020508549855651786,0.009671330224294915,0.01350210970464135,0.0009882300688429935,0.0006773262269598046,0.0,0.00011103708638685321,0.0006107039751276927,0.0,0.0,0.0,0.0,0.0,0.0,0.0,0.0,0.0,0.0,0.0,0.0,0.0,0.0,0.0,0.0,0.0,0.0,0.0,0.0,0.0,0.0,0.0,0.0,0.0,0.0,0.0,0.0,0.0,0.0,0.0,0.0,0.0,0.0,0.0,0.0,0.0,0.0,0.0,0.0,0.0,0.0,0.0,0.0,0.0,0.0,nan,nan,4.333678042054464,2.8789791733811216,nan,0.8845678499342314,0.03453567887097016,0.0,0.0,0.0,0.0,0.0,0.0,0.0,0.0,0.0,0.0,0.0,0.0,0.0,0.0,0.0,0.0,0.0,0.0,0.0,0.0,0.0,0.0,0.01311762133799738,0.35417577612592804,1.587232181897683,6.5063401836467,12.107564494971582,7.227809357236556,1.731526016615654,0.47223436816790565,0.8819750546602135,0.035443975440928414,0.0,0.0,0.0,0.0,0.0,0.0,0.0,0.0,0.0,0.0,0.0,0.0,0.0,0.0,0.0,0.0,0.0,0.0,0.0,0.0,0.0,0.027075812274368238,0.027075812274368238,0.43321299638989036,1.9629963898916971,6.782490974729243,12.42779783393502,6.335740072202167,1.5974729241877261,0.4061371841155236,0.404,0.00841,0.0,0.0,0.0,0.0,0.0,0.0,0.0,0.0,0.0,0.0,0.0,9.615216440752063,20.384783559247925,0.0,0.0,0.0,0.0,0.0,0.0,0.0,0.0,0.0,0.0,0.0,0.0,0.0,0.0,0.0,0.0,0.0,0.4045,0.00817,0.0,0.0,0.0,0.0,0.0,0.0,0.0,0.0,0.0,0.0,0.0,9.05685920577616,20.91606498194946,0.027075812274368238,0.0,0.0,0.0,0.0,0.0,0.0,0.0,0.0,0.0,0.0,0.0,0.0,0.0,0.0,0.0,0.0
10400,4536,2316,0.5105820105820106,1097,941,0.44929453262786595,1294,0.5705467372134039,0.43,2.997297297297297,3.1435608276888938,6.6672,2.2259479239191555,8370.423809523809,506.5865078239815,7853.0,8866.4,8866.4,0.0,7853.0,0.0,27.980599647266313,20.93712922633068,32.941964285714285,19.18826846179065,0.14087301587301587,0.09700176366843033,0.09060846560846561,0.09259259259259259,0.08267195767195767,0.07253086419753087,0.07054673721340388,0.06349206349206349,0.05445326278659612,0.05246913580246913,0.04673721340388007,0.04188712522045855,0.034832451499118164,0.01917989417989418,0.020943562610229276,0.011022927689594356,0.008156966490299823,0.8816414153502311,0.035223094597311086,0.0,0.0,0.0,0.0,0.0,0.0,0.0,0.0,0.0,0.0,0.0,0.0,0.0,0.0,0.0,0.0,0.0,0.0,0.0,0.0,0.0,0.006613756613756615,0.085978835978836,0.3505291005290994,1.805555555555556,7.26851851851852,12.23544973544974,6.243386243386245,1.5277777777777781,0.4761904761904763,4.29451821586653,2.902468730897148,3.5,2.179449471770337,0.8149924680884802,4.2946001367054,2.8837142996577456,4.292286874154263,2.919503274705906,0.9994613555447535,0.4038,0.00828,0.0,0.0,0.0,0.0,0.0,0.0,0.0,0.0,0.0,0.0,0.0,9.821428571428557,20.17857142857143,0.0,0.0,0.0,0.0,0.0,0.0,0.0,0.0,0.0,0.0,0.0,0.0,0.0,0.0,0.0,0.0,0.0,nan,nan,4.293437606256376,2.901755459830682,nan,0.4038,0.039,0.0,0.0,0.0,0.0,0.0,0.0,0.0,0.0,0.0,0.0,0.0,0.0,0.0,0.0,0.0,0.0,0.0,0.0,0.0,0.0,0.0,0.0,0.0,0.0,0.0,0.0,0.0,1.1022927689594357e-05,0.00029761904761904765,0.0026785714285714286,0.00034171075837742505,0.004111552028218695,0.008509700176366843,0.022707231040564373,0.06128747795414462,0.028560405643738976,0.07006172839506172,0.06359126984126984,0.06757054673721341,0.08007054673721341,0.058410493827160494,0.10198412698412698,0.12427248677248677,0.10359347442680776,0.07526455026455027,0.036375661375661374,0.044554673721340386,0.021197089947089947,0.008630952380952382,0.01290784832451499,0.0015432098765432098,0.0005731922398589065,1.1022927689594357e-05,0.0001763668430335097,0.0007054673721340388,0.0,0.0,0.0,0.0,0.0,0.0,0.0,0.0,0.0,0.0,0.0,0.0,0.0,0.0,0.0,0.0,0.0,0.0,0.0,0.0,0.0,0.0,0.0,0.0,0.0,0.0,0.0,0.0,0.0,0.0,0.0,0.0,0.0,0.0,0.0,0.0,0.0,0.0,0.0,0.0,0.0,0.0,0.0,0.0,0.0,0.0,nan,nan,4.293437606256376,2.901755459830682,nan,0.8810362803760999,0.03582986563796887,0.0,0.0,0.0,0.0,0.0,0.0,0.0,0.0,0.0,0.0,0.0,0.0,0.0,0.0,0.0,0.0,0.0,0.0,0.0,0.0,0.0,0.012953367875647671,0.10362694300518137,0.3238341968911907,2.1502590673575135,7.318652849740934,11.865284974093267,6.152849740932644,1.6321243523316067,0.44041450777202085,0.8822727183232436,0.034567450104659544,0.0,0.0,0.0,0.0,0.0,0.0,0.0,0.0,0.0,0.0,0.0,0.0,0.0,0.0,0.0,0.0,0.0,0.0,0.0,0.0,0.0,0.0,0.06756756756756759,0.3783783783783772,1.4459459459459463,7.216216216216218,12.621621621621625,6.3378378378378395,1.4189189189189193,0.5135135135135136,0.404,0.00823,0.0,0.0,0.0,0.0,0.0,0.0,0.0,0.0,0.0,0.0,0.0,9.624352331606204,20.375647668393785,0.0,0.0,0.0,0.0,0.0,0.0,0.0,0.0,0.0,0.0,0.0,0.0,0.0,0.0,0.0,0.0,0.0,0.4038,0.00832,0.0,0.0,0.0,0.0,0.0,0.0,0.0,0.0,0.0,0.0,0.0,10.027027027027012,19.972972972972975,0.0,0.0,0.0,0.0,0.0,0.0,0.0,0.0,0.0,0.0,0.0,0.0,0.0,0.0,0.0,0.0,0.0
10500,4704,2528,0.5374149659863946,1182,902,0.44302721088435376,1278,0.5433673469387755,0.426,3.0716911764705883,3.1078068338287586,6.53125,2.1137108216357317,8397.616326530613,505.2793704302836,7853.0,8866.4,8866.399999999998,1.8189894035458565e-12,7853.0,0.0,28.53996598639456,21.083029929762258,33.28170426065163,19.37324566824212,0.1296768707482993,0.10352891156462585,0.09162414965986394,0.08609693877551021,0.08078231292517007,0.07334183673469388,0.07079081632653061,0.06356292517006802,0.05399659863945578,0.05548469387755102,0.047619047619047616,0.04145408163265306,0.03380102040816327,0.031037414965986394,0.018494897959183673,0.0116921768707483,0.00701530612244898,0.881101502625107,0.03602547999606513,0.0,0.0,0.0,0.0,0.0,0.0,0.0,0.0,0.0,0.0,0.0,0.0,0.0,0.0,0.0,0.0,0.0,0.0,0.0,0.0,0.0,0.006377551020408165,0.06377551020408165,0.49107142857142705,1.9196428571428574,7.225765306122451,12.110969387755105,6.1989795918367365,1.428571428571429,0.5548469387755103,4.21949623814197,2.92562466729502,3.3333333333333335,2.3570226039551585,0.7899837196681913,4.252361673414305,2.9167042682144997,4.185325743200506,2.932154997059661,0.9842356000354093,0.4036,0.00825,0.0,0.0,0.0,0.0,0.0,0.0,0.0,0.0,0.0,0.0,0.0,9.795918367346925,20.197704081632658,0.006377551020408165,0.0,0.0,0.0,0.0,0.0,0.0,0.0,0.0,0.0,0.0,0.0,0.0,0.0,0.0,0.0,0.0,nan,nan,4.217760365654587,2.9248813753348584,nan,0.4036,0.03882,0.0,0.0,0.0,0.0,0.0,0.0,0.0,0.0,0.0,0.0,0.0,0.0,0.0,0.0,0.0,0.0,0.0,0.0,0.0,0.0,0.0,0.0,0.0,0.0,0.0,0.0,7.440476190476191e-05,1.0629251700680271e-05,0.0004570578231292517,0.0031462585034013604,0.00042517006802721087,0.004060374149659864,0.007759353741496599,0.023713860544217688,0.05773809523809524,0.028635204081632653,0.07087585034013605,0.06478528911564625,0.07253401360544218,0.08056972789115646,0.05738732993197279,0.10276360544217687,0.12048256802721088,0.1053890306122449,0.07599914965986394,0.036660289115646255,0.04223001700680272,0.02150297619047619,0.007568027210884354,0.012691326530612244,0.001328656462585034,0.0005314625850340137,3.188775510204082e-05,9.566326530612244e-05,0.0005527210884353742,0.0,0.0,0.0,0.0,0.0,0.0,0.0,0.0,0.0,0.0,0.0,0.0,0.0,0.0,0.0,0.0,0.0,0.0,0.0,0.0,0.0,0.0,0.0,0.0,0.0,0.0,0.0,0.0,0.0,0.0,0.0,0.0,0.0,0.0,0.0,0.0,0.0,0.0,0.0,0.0,0.0,0.0,0.0,0.0,0.0,0.0,nan,nan,4.217760365654587,2.9248813753348584,nan,0.8809088374004711,0.03566453058327431,0.0,0.0,0.0,0.0,0.0,0.0,0.0,0.0,0.0,0.0,0.0,0.0,0.0,0.0,0.0,0.0,0.0,0.0,0.0,0.0,0.0,0.01186708860759494,0.03560126582278481,0.43908227848101133,2.0055379746835444,7.286392405063292,12.187500000000004,6.170886075949369,1.2697784810126587,0.5933544303797469,0.8813253342831397,0.03643904979675005,0.0,0.0,0.0,0.0,0.0,0.0,0.0,0.0,0.0,0.0,0.0,0.0,0.0,0.0,0.0,0.0,0.0,0.0,0.0,0.0,0.0,0.0,0.0965073529411765,0.5514705882352925,1.819852941176471,7.155330882352943,12.022058823529415,6.231617647058825,1.6130514705882357,0.5101102941176472,0.4036,0.0082,0.0,0.0,0.0,0.0,0.0,0.0,0.0,0.0,0.0,0.0,0.0,9.647943037974668,20.352056962025323,0.0,0.0,0.0,0.0,0.0,0.0,0.0,0.0,0.0,0.0,0.0,0.0,0.0,0.0,0.0,0.0,0.0,0.4036,0.00831,0.0,0.0,0.0,0.0,0.0,0.0,0.0,0.0,0.0,0.0,0.0,9.967830882352926,20.01838235294118,0.013786764705882356,0.0,0.0,0.0,0.0,0.0,0.0,0.0,0.0,0.0,0.0,0.0,0.0,0.0,0.0,0.0,0.0
10600,5010,2595,0.5179640718562875,1158,1013,0.43333333333333335,1398,0.5580838323353293,0.418,3.0,3.1855002759820277,6.794336810730253,2.2376065294077616,8377.904790419161,506.3728622327565,7853.0,8866.4,8866.399999999998,1.8189894035458565e-12,7853.0,0.0,27.559281437125748,20.753197062284713,32.40916646877226,19.08786820106545,0.13992015968063873,0.10239520958083832,0.09760479041916167,0.09081836327345309,0.08003992015968064,0.07584830339321358,0.06726546906187625,0.059880239520958084,0.0560878243512974,0.05029940119760479,0.04750499001996008,0.04311377245508982,0.032335329341317366,0.024151696606786427,0.01716566866267465,0.008383233532934131,0.00718562874251497,0.8807224707451171,0.035117166524602325,0.0,0.0,0.0,0.0,0.0,0.0,0.0,0.0,0.0,0.0,0.0,0.0,0.0,0.0,0.0,0.0,0.0,0.0,0.0,0.0,0.0,0.017964071856287428,0.09580838323353295,0.39520958083832214,1.7365269461077848,7.275449101796409,12.82035928143713,5.820359281437127,1.3413173652694614,0.4970059880239522,4.483614381164492,2.9928808381398144,2.4285714285714284,1.049781318335648,0.5416548396253194,4.517721518987342,2.9956195654114985,4.440127388535032,2.9869004847944223,0.9828244990032713,0.404,0.0082,0.0,0.0,0.0,0.0,0.0,0.0,0.0,0.0,0.0,0.0,0.0,9.017964071856275,20.976047904191624,0.00598802395209581,0.0,0.0,0.0,0.0,0.0,0.0,0.0,0.0,0.0,0.0,0.0,0.0,0.0,0.0,0.0,0.0,nan,nan,4.479047619047619,2.991528628881055,nan,0.404,0.03888,0.0,0.0,0.0,0.0,0.0,0.0,0.0,0.0,0.0,0.0,0.0,0.0,0.0,0.0,0.0,0.0,0.0,0.0,0.0,0.0,0.0,0.0,0.0,0.0,0.0,0.0,0.0001596806387225549,9.980039920159681e-06,0.0003393213572854291,0.0024650698602794413,0.00047904191616766467,0.004830339321357286,0.007245508982035928,0.024560878243512975,0.05753493013972056,0.02907185628742515,0.06843313373253493,0.06164670658682635,0.07015968063872255,0.07976047904191617,0.05669660678642714,0.10636726546906188,0.12182634730538922,0.10473053892215568,0.07583832335329341,0.039560878243512974,0.04382235528942116,0.02127744510978044,0.008323353293413174,0.012644710578842316,0.0010079840319361278,0.0007085828343313373,9.98003992015968e-05,0.0,0.0003992015968063872,0.0,0.0,0.0,0.0,0.0,0.0,0.0,0.0,0.0,0.0,0.0,0.0,0.0,0.0,0.0,0.0,0.0,0.0,0.0,0.0,0.0,0.0,0.0,0.0,0.0,0.0,0.0,0.0,0.0,0.0,0.0,0.0,0.0,0.0,0.0,0.0,0.0,0.0,0.0,0.0,0.0,0.0,0.0,0.0,0.0,0.0,nan,nan,4.479047619047619,2.991528628881055,nan,0.8803783942738939,0.03434008761943413,0.0,0.0,0.0,0.0,0.0,0.0,0.0,0.0,0.0,0.0,0.0,0.0,0.0,0.0,0.0,0.0,0.0,0.0,0.0,0.0,0.0,0.0115606936416185,0.0578034682080925,0.3236994219653169,1.8381502890173413,7.537572254335261,12.843930635838154,5.687861271676302,1.2369942196531796,0.46242774566474,0.8810921926676116,0.03592976668828775,0.0,0.0,0.0,0.0,0.0,0.0,0.0,0.0,0.0,0.0,0.0,0.0,0.0,0.0,0.0,0.0,0.0,0.0,0.0,0.0,0.0,0.024844720496894415,0.1366459627329193,0.4720496894409923,1.6273291925465843,6.993788819875778,12.795031055900624,5.96273291925466,1.4534161490683233,0.5341614906832299,0.404,0.00826,0.0,0.0,0.0,0.0,0.0,0.0,0.0,0.0,0.0,0.0,0.0,9.028901734104034,20.97109826589596,0.0,0.0,0.0,0.0,0.0,0.0,0.0,0.0,0.0,0.0,0.0,0.0,0.0,0.0,0.0,0.0,0.0,0.404,0.00815,0.0,0.0,0.0,0.0,0.0,0.0,0.0,0.0,0.0,0.0,0.0,9.00621118012421,20.981366459627335,0.012422360248447208,0.0,0.0,0.0,0.0,0.0,0.0,0.0,0.0,0.0,0.0,0.0,0.0,0.0,0.0,0.0,0.0
10700,4259,2231,0.5238318854191125,1028,832,0.4367222352664945,1191,0.5592862174219301,0.39799999999999996,2.9817554240631163,2.9511410014432675,6.035168195718654,2.116698980525262,8383.851232683728,506.1241033184018,7853.0,8866.4,8866.4,0.0,7853.0,0.0,29.248415120920402,21.45470981143209,34.22243821160789,19.588269779807955,0.1347734209908429,0.09250997886827894,0.09086640056351256,0.0831181028410425,0.07184785160835877,0.07771777412538154,0.0680911011974642,0.059403615872270485,0.06316036628316506,0.052594505752524064,0.0490725522423104,0.04648978633482038,0.038037097910307585,0.0319323784926039,0.017844564451749236,0.015261798544259216,0.007278703921108241,0.8799016740042773,0.034543383541975496,0.0,0.0,0.0,0.0,0.0,0.0,0.0,0.0,0.0,0.0,0.0,0.0,0.0,0.0,0.0,0.0,0.0,0.0,0.0,0.0,0.0,0.007043907020427332,0.04226344212256399,0.4860295844094843,1.8525475463723884,7.360882836346562,12.481803240197232,6.142286921812634,1.2467715426156376,0.38037097910307593,4.042598509052183,2.722321787970201,3.5,0.5,0.8657797681770284,3.9921875,2.7236488078458487,4.095035460992908,2.7170678355271134,1.0257623072545836,0.4038,0.008316,0.0,0.0,0.0,0.0,0.0,0.0,0.0,0.0,0.0,0.0,0.0,9.685372153087565,20.314627846912423,0.0,0.0,0.0,0.0,0.0,0.0,0.0,0.0,0.0,0.0,0.0,0.0,0.0,0.0,0.0,0.0,0.0,nan,nan,4.0422135509045765,2.7214268493366305,nan,0.4038,0.0391,0.0,0.0,0.0,0.0,0.0,0.0,0.0,0.0,0.0,0.0,0.0,0.0,0.0,0.0,0.0,0.0,0.0,0.0,0.0,0.0,0.0,0.0,0.0,0.0,0.0,0.0,0.0001408781404085466,0.0,0.0004578539563277765,0.0022657900915707915,0.0002582765907490021,0.006973467950223057,0.007912655552946702,0.023890584644282696,0.06057760037567504,0.026919464663066446,0.06723409250997887,0.062068560694998824,0.07055646865461376,0.08127494717069735,0.05632777647335055,0.10656257337403147,0.11546137590983799,0.10547076778586523,0.07644987086170463,0.04022070908664006,0.04435313453862409,0.02205916881897159,0.008088753228457384,0.013289504578539564,0.0004578539563277765,0.00036393519605541205,0.0001408781404085466,2.3479690068091102e-05,0.00019957736557877436,0.0,0.0,0.0,0.0,0.0,0.0,0.0,0.0,0.0,0.0,0.0,0.0,0.0,0.0,0.0,0.0,0.0,0.0,0.0,0.0,0.0,0.0,0.0,0.0,0.0,0.0,0.0,0.0,0.0,0.0,0.0,0.0,0.0,0.0,0.0,0.0,0.0,0.0,0.0,0.0,0.0,0.0,0.0,0.0,0.0,0.0,nan,nan,4.0422135509045765,2.7214268493366305,nan,0.8797879365729089,0.03475633167746548,0.0,0.0,0.0,0.0,0.0,0.0,0.0,0.0,0.0,0.0,0.0,0.0,0.0,0.0,0.0,0.0,0.0,0.0,0.0,0.0,0.0,0.0,0.026893769610040346,0.5513222770058253,1.869116987897804,7.530255490811297,12.223218287763338,6.17212012550426,1.237113402061856,0.389959659345585,0.8800267963954918,0.034307157195047115,0.0,0.0,0.0,0.0,0.0,0.0,0.0,0.0,0.0,0.0,0.0,0.0,0.0,0.0,0.0,0.0,0.0,0.0,0.0,0.0,0.0,0.014792899408284026,0.059171597633136105,0.4142011834319514,1.8343195266272194,7.174556213017754,12.766272189349117,6.109467455621304,1.2573964497041423,0.36982248520710065,0.404,0.008385,0.0,0.0,0.0,0.0,0.0,0.0,0.0,0.0,0.0,0.0,0.0,9.318691169878965,20.681308830121026,0.0,0.0,0.0,0.0,0.0,0.0,0.0,0.0,0.0,0.0,0.0,0.0,0.0,0.0,0.0,0.0,0.0,0.4036,0.00823,0.0,0.0,0.0,0.0,0.0,0.0,0.0,0.0,0.0,0.0,0.0,10.08875739644969,19.9112426035503,0.0,0.0,0.0,0.0,0.0,0.0,0.0,0.0,0.0,0.0,0.0,0.0,0.0,0.0,0.0,0.0,0.0
10800,3985,2029,0.5091593475533249,952,807,0.44140526976160604,1132,0.5681304893350063,0.438,3.0950920245398774,3.1768198722517993,6.753571428571429,2.154726058633696,8368.982082810538,506.6149750438671,7853.0,8866.4,8866.399999999998,1.8189894035458565e-12,7853.0,0.0,28.152572145545797,21.02540278788614,33.024412027389104,19.30766551572431,0.1385194479297365,0.10363864491844417,0.0903387703889586,0.08431618569636136,0.08055207026348808,0.07603513174404015,0.06976160602258469,0.06424090338770388,0.049937264742785446,0.05897114178168131,0.04165621079046424,0.04441656210790464,0.03161856963613551,0.026599749058971143,0.022835633626097866,0.010288582183186951,0.006273525721455458,0.8804745786462255,0.03489174139480933,0.0,0.0,0.0,0.0,0.0,0.0,0.0,0.0,0.0,0.0,0.0,0.0,0.0,0.0,0.0,0.0,0.0,0.0,0.0,0.0,0.0,0.05269761606022586,0.08281053952321206,0.3387703889585937,1.6411543287327484,7.5282308657465515,12.760351317440405,5.781681304893351,1.377666248431619,0.4366373902133,4.377042801556421,2.9137835275872574,3.5,2.692582403567252,0.7996266334785314,4.409302325581395,2.978200951681945,4.34190031152648,2.846939899927732,0.9847136782470394,0.4033,0.00822,0.0,0.0,0.0,0.0,0.0,0.0,0.0,0.0,0.0,0.0,0.0,10.795483061480535,19.20451693851945,0.0,0.0,0.0,0.0,0.0,0.0,0.0,0.0,0.0,0.0,0.0,0.0,0.0,0.0,0.0,0.0,0.0,nan,nan,4.375679875679876,2.9136576259995413,nan,0.4033,0.03912,0.0,0.0,0.0,0.0,0.0,0.0,0.0,0.0,0.0,0.0,0.0,0.0,0.0,0.0,0.0,0.0,0.0,0.0,0.0,0.0,0.0,0.0,0.0,0.0,0.0,0.0,0.00017565872020075283,0.0,0.0006649937264742785,0.0024843161856963614,0.00042659974905897115,0.006537013801756587,0.007791718946047679,0.027277289836888333,0.05991217063989963,0.028544542032622335,0.06553324968632371,0.0628732747804266,0.07017565872020075,0.08332496863237139,0.05685069008782936,0.10676286072772899,0.11607277289836888,0.10164366373902133,0.07618569636135508,0.040514429109159346,0.041480552070263486,0.025006273525721455,0.0070765370138017565,0.011744040150564617,0.00021329987452948558,0.0003387703889585947,0.00012547051442910915,0.0,0.0002634880803011292,0.0,0.0,0.0,0.0,0.0,0.0,0.0,0.0,0.0,0.0,0.0,0.0,0.0,0.0,0.0,0.0,0.0,0.0,0.0,0.0,0.0,0.0,0.0,0.0,0.0,0.0,0.0,0.0,0.0,0.0,0.0,0.0,0.0,0.0,0.0,0.0,0.0,0.0,0.0,0.0,0.0,0.0,0.0,0.0,0.0,0.0,nan,nan,4.375679875679876,2.9136576259995413,nan,0.8805550196712507,0.034625607269465106,0.0,0.0,0.0,0.0,0.0,0.0,0.0,0.0,0.0,0.0,0.0,0.0,0.0,0.0,0.0,0.0,0.0,0.0,0.0,0.0,0.0,0.059142434696895035,0.11828486939379007,0.3252833908329216,1.4785608674223758,7.39280433711188,13.351404632824055,5.47067520946279,1.3307047806801382,0.4731394775751603,0.8803911354766057,0.03516548529507019,0.0,0.0,0.0,0.0,0.0,0.0,0.0,0.0,0.0,0.0,0.0,0.0,0.0,0.0,0.0,0.0,0.0,0.0,0.0,0.0,0.0,0.04601226993865031,0.04601226993865031,0.3527607361963179,1.8098159509202458,7.66871165644172,12.147239263803684,6.104294478527608,1.4263803680981597,0.39877300613496947,0.403,0.0082,0.0,0.0,0.0,0.0,0.0,0.0,0.0,0.0,0.0,0.0,0.0,10.985707244948234,19.014292755051752,0.0,0.0,0.0,0.0,0.0,0.0,0.0,0.0,0.0,0.0,0.0,0.0,0.0,0.0,0.0,0.0,0.0,0.4033,0.00823,0.0,0.0,0.0,0.0,0.0,0.0,0.0,0.0,0.0,0.0,0.0,10.59815950920244,19.40184049079755,0.0,0.0,0.0,0.0,0.0,0.0,0.0,0.0,0.0,0.0,0.0,0.0,0.0,0.0,0.0,0.0,0.0
10900,4270,2178,0.5100702576112413,1012,882,0.44355971896955504,1223,0.5728337236533958,0.40599999999999997,2.998565965583174,3.0897192520285723,6.665557404326123,1.9773160510751737,8369.905199063232,506.59722059253306,7853.0,8866.4,8866.4,0.0,7853.0,0.0,28.37072599531616,21.049679948555774,33.15970107943537,19.339329006183256,0.1323185011709602,0.10046838407494145,0.09180327868852459,0.09039812646370024,0.08477751756440281,0.0702576112412178,0.06604215456674473,0.06252927400468385,0.05737704918032787,0.05807962529274005,0.040515222482435595,0.04285714285714286,0.03911007025761124,0.02622950819672131,0.021545667447306793,0.009601873536299765,0.006088992974238876,0.8790278259289628,0.03385191805365225,0.0,0.0,0.0,0.0,0.0,0.0,0.0,0.0,0.0,0.0,0.0,0.0,0.0,0.0,0.0,0.0,0.0,0.0,0.0,0.0,0.0,0.007025761124121782,0.12646370023419207,0.36533957845433146,1.8196721311475414,7.6791569086651075,12.716627634660425,5.8384074941452,1.1170960187353631,0.3302107728337237,4.2862292718096615,2.855365555912002,5.2,1.6,1.2131875525651807,4.3330930064888245,2.8628983140010646,4.242816091954023,2.844121806680456,0.9791657104060284,0.4033,0.00834,0.0,0.0,0.0,0.0,0.0,0.0,0.0,0.0,0.0,0.0,0.0,10.278688524590148,19.721311475409838,0.0,0.0,0.0,0.0,0.0,0.0,0.0,0.0,0.0,0.0,0.0,0.0,0.0,0.0,0.0,0.0,0.0,nan,nan,4.287873335732278,2.853865602617417,nan,0.4033,0.0395,0.0,0.0,0.0,0.0,0.0,0.0,0.0,0.0,0.0,0.0,0.0,0.0,0.0,0.0,0.0,0.0,0.0,0.0,0.0,0.0,0.0,0.0,0.0,0.0,0.0,0.0,0.0004449648711943794,0.0,0.0011007025761124122,0.0029156908665105385,0.0006908665105386417,0.0066042154566744735,0.008594847775175643,0.02600702576112412,0.05831381733021077,0.030081967213114753,0.0674824355971897,0.059847775175644026,0.07117096018735362,0.08153395784543326,0.05599531615925059,0.10621779859484777,0.11728337236533957,0.10074941451990632,0.07625292740046838,0.039941451990632315,0.042002341920374706,0.026686182669789227,0.006908665105386417,0.012107728337236534,0.0001405152224824356,0.000351288056206089,0.0001288056206088993,0.0,0.0004449648711943794,0.0,0.0,0.0,0.0,0.0,0.0,0.0,0.0,0.0,0.0,0.0,0.0,0.0,0.0,0.0,0.0,0.0,0.0,0.0,0.0,0.0,0.0,0.0,0.0,0.0,0.0,0.0,0.0,0.0,0.0,0.0,0.0,0.0,0.0,0.0,0.0,0.0,0.0,0.0,0.0,0.0,0.0,0.0,0.0,0.0,0.0,nan,nan,4.287873335732278,2.853865602617417,nan,0.8787355262604846,0.03322824729352937,0.0,0.0,0.0,0.0,0.0,0.0,0.0,0.0,0.0,0.0,0.0,0.0,0.0,0.0,0.0,0.0,0.0,0.0,0.0,0.0,0.0,0.013774104683195596,0.11019283746556477,0.34435261707988873,1.8319559228650142,7.796143250688707,12.57575757575758,6.033057851239671,1.0743801652892564,0.22038567493112954,0.8793321417406001,0.034486614317758006,0.0,0.0,0.0,0.0,0.0,0.0,0.0,0.0,0.0,0.0,0.0,0.0,0.0,0.0,0.0,0.0,0.0,0.0,0.0,0.0,0.0,0.0,0.1434034416826004,0.3871892925430198,1.8068833652007652,7.557361376673042,12.863288718929258,5.635755258126196,1.1615678776290632,0.4445506692160613,0.403,0.00853,0.0,0.0,0.0,0.0,0.0,0.0,0.0,0.0,0.0,0.0,0.0,10.330578512396679,19.66942148760331,0.0,0.0,0.0,0.0,0.0,0.0,0.0,0.0,0.0,0.0,0.0,0.0,0.0,0.0,0.0,0.0,0.0,0.4033,0.00814,0.0,0.0,0.0,0.0,0.0,0.0,0.0,0.0,0.0,0.0,0.0,10.224665391969394,19.775334608030597,0.0,0.0,0.0,0.0,0.0,0.0,0.0,0.0,0.0,0.0,0.0,0.0,0.0,0.0,0.0,0.0,0.0
11000,4346,2254,0.5186378278877128,1051,868,0.441555453290382,1204,0.5540727105384261,0.41,3.0975143403441683,3.0961416711582026,6.515625,2.0301800066434996,8378.587574781406,506.3478542651055,7853.0,8866.4,8866.400000000001,1.8189894035458565e-12,7853.0,0.0,28.59387942936033,21.18511423527654,33.42065217391304,19.427700629477034,0.13529682466635987,0.0927289461573861,0.09940174873446847,0.08145421076852279,0.0786930510814542,0.0747814081914404,0.06925908881730326,0.061665899677864705,0.06350667280257709,0.05453290381960423,0.0441785549930971,0.04325816843074091,0.031753336401288544,0.02761159687068569,0.021398987574781408,0.013115508513575702,0.007363092498849517,0.8804841513629339,0.03412839192669484,0.0,0.0,0.0,0.0,0.0,0.0,0.0,0.0,0.0,0.0,0.0,0.0,0.0,0.0,0.0,0.0,0.0,0.0,0.0,0.0,0.0,0.02070869765301427,0.03451449608835712,0.31063046479521306,1.9673262770363558,7.206626783248966,12.956741831569262,5.743212149102625,1.339162448228256,0.4210768522779568,4.3069552874379,2.8234974006464286,3.0,2.943920288775949,0.6965477465601054,4.254804270462634,2.804264681967415,4.3559322033898304,2.842450871317849,1.0237679400740567,0.4036,0.0083,0.0,0.0,0.0,0.0,0.0,0.0,0.0,0.0,0.0,0.0,0.0,10.181776346065332,19.818223653934655,0.0,0.0,0.0,0.0,0.0,0.0,0.0,0.0,0.0,0.0,0.0,0.0,0.0,0.0,0.0,0.0,0.0,nan,nan,4.305565402339596,2.823949496039159,nan,0.4036,0.03918,0.0,0.0,0.0,0.0,0.0,0.0,0.0,0.0,0.0,0.0,0.0,0.0,0.0,0.0,0.0,0.0,0.0,0.0,0.0,0.0,0.0,0.0,1.150483202945237e-05,0.0,1.150483202945237e-05,0.0,0.0006672802577082375,0.0,0.001242521859180856,0.0030602853198343303,0.0006672802577082375,0.006672802577082374,0.007604693971468016,0.026576161988034974,0.05407271053842614,0.029337321675103542,0.06848826507132996,0.056626783248964564,0.06960423377818684,0.08297284859641049,0.05800736309249885,0.11046939714680165,0.1179245283018868,0.09879199263690751,0.08015416474919466,0.03976069949378739,0.041682006442705935,0.027404509894155545,0.005591348366313852,0.011286240220892776,0.00021859180855959503,0.0007248044178554993,1.150483202945237e-05,0.0,0.0003566497929130235,0.0,0.0,0.0,0.0,0.0,0.0,0.0,0.0,0.0,0.0,0.0,0.0,0.0,0.0,0.0,0.0,0.0,0.0,0.0,0.0,0.0,0.0,0.0,0.0,0.0,0.0,0.0,0.0,0.0,0.0,0.0,0.0,0.0,0.0,0.0,0.0,0.0,0.0,0.0,0.0,0.0,0.0,0.0,0.0,0.0,0.0,nan,nan,4.305565402339596,2.823949496039159,nan,0.8809721148585258,0.03405024788548965,0.0,0.0,0.0,0.0,0.0,0.0,0.0,0.0,0.0,0.0,0.0,0.0,0.0,0.0,0.0,0.0,0.0,0.0,0.0,0.0,0.0,0.013309671694764866,0.05323868677905946,0.3327417923691205,1.8633540372670812,7.160603371783497,12.817213842058566,6.082519964507544,1.2644188110026622,0.4125998225377108,0.8799584010192131,0.0342045976359295,0.0,0.0,0.0,0.0,0.0,0.0,0.0,0.0,0.0,0.0,0.0,0.0,0.0,0.0,0.0,0.0,0.0,0.0,0.0,0.0,0.0,0.028680688336520082,0.014340344168260041,0.2868068833651999,2.079349904397706,7.2562141491395815,13.107074569789678,5.377629063097515,1.419694072657744,0.43021032504780127,0.4036,0.00824,0.0,0.0,0.0,0.0,0.0,0.0,0.0,0.0,0.0,0.0,0.0,10.354924578527049,19.64507542147294,0.0,0.0,0.0,0.0,0.0,0.0,0.0,0.0,0.0,0.0,0.0,0.0,0.0,0.0,0.0,0.0,0.0,0.4036,0.00837,0.0,0.0,0.0,0.0,0.0,0.0,0.0,0.0,0.0,0.0,0.0,9.995219885277233,20.004780114722756,0.0,0.0,0.0,0.0,0.0,0.0,0.0,0.0,0.0,0.0,0.0,0.0,0.0,0.0,0.0,0.0,0.0
11100,4219,2184,0.5176582128466461,1005,854,0.44062574069684757,1159,0.5494192936714861,0.442,3.0633906633906633,3.180006845944959,6.766903914590747,2.1798431221147405,8377.59483289879,506.3839106404588,7853.0,8866.4,8866.4,0.0,7853.0,0.0,27.890969424034132,20.958009723951662,33.03723706651507,19.14980975733128,0.14245081772931975,0.10002370229912301,0.09694240341313107,0.07987674804456033,0.08272102393932211,0.07561033420241764,0.06304811566721973,0.062100023702299126,0.060440862763688076,0.05451528798293435,0.04527139132495852,0.03744963261436359,0.03768665560559374,0.02820573595638777,0.018724816307181796,0.009954965631666271,0.0049774828158331355,0.8796740146179453,0.03441877836858188,0.0,0.0,0.0,0.0,0.0,0.0,0.0,0.0,0.0,0.0,0.0,0.0,0.0,0.0,0.0,0.0,0.0,0.0,0.0,0.0,0.0,0.007110689736904482,0.035553448684522405,0.34842379710831844,2.026546575017777,7.750651813225884,12.429485660109034,5.589002133206922,1.4434700165916097,0.36975586631903307,4.387793077781913,2.9106480089726885,3.0,0.0,0.6837150127226463,4.3357717629846375,2.942869919926952,4.442424242424242,2.875395129952003,1.0245982688365007,0.4036,0.00871,0.0,0.0,0.0,0.0,0.0,0.0,0.0,0.0,0.0,0.0,0.0,9.898080113771021,20.09480919649206,0.007110689736904482,0.0,0.0,0.0,0.0,0.0,0.0,0.0,0.0,0.0,0.0,0.0,0.0,0.0,0.0,0.0,0.0,nan,nan,4.387276785714286,2.9102296016128957,nan,0.4036,0.0393,0.0,0.0,0.0,0.0,0.0,0.0,0.0,0.0,0.0,0.0,0.0,0.0,0.0,0.0,0.0,0.0,0.0,0.0,0.0,0.0,0.0,0.0,0.0,0.0,0.0,0.0,0.000711068973690448,0.0,0.0012088172552737616,0.003223512680730031,0.000533301730267836,0.0065773880066366435,0.007869163308840958,0.024437070395828396,0.05502488741407917,0.031097416449395593,0.06918701114008059,0.0577862052619104,0.06896183929841194,0.08273287508888362,0.05593742593031524,0.10975349608912065,0.11913960654183456,0.09280635221616497,0.08364541360511969,0.041076084380184875,0.041976771746859445,0.029118274472623846,0.0050248874140791655,0.010630481156672197,0.00013036264517658213,0.0009717942640436123,0.0,0.0,0.00043849253377577625,0.0,0.0,0.0,0.0,0.0,0.0,0.0,0.0,0.0,0.0,0.0,0.0,0.0,0.0,0.0,0.0,0.0,0.0,0.0,0.0,0.0,0.0,0.0,0.0,0.0,0.0,0.0,0.0,0.0,0.0,0.0,0.0,0.0,0.0,0.0,0.0,0.0,0.0,0.0,0.0,0.0,0.0,0.0,0.0,0.0,0.0,nan,nan,4.387276785714286,2.9102296016128957,nan,0.8799755385780073,0.03392622404862231,0.0,0.0,0.0,0.0,0.0,0.0,0.0,0.0,0.0,0.0,0.0,0.0,0.0,0.0,0.0,0.0,0.0,0.0,0.0,0.0,0.0,0.01373626373626374,0.02747252747252748,0.2884615384615376,1.950549450549451,7.802197802197804,12.458791208791212,5.618131868131869,1.5109890109890114,0.3296703296703297,0.8793504134735839,0.034936777833965635,0.0,0.0,0.0,0.0,0.0,0.0,0.0,0.0,0.0,0.0,0.0,0.0,0.0,0.0,0.0,0.0,0.0,0.0,0.0,0.0,0.0,0.0,0.04422604422604423,0.41277641277641147,2.1081081081081083,7.6953316953316975,12.398034398034401,5.557739557739558,1.3710073710073711,0.4127764127764129,0.4038,0.00873,0.0,0.0,0.0,0.0,0.0,0.0,0.0,0.0,0.0,0.0,0.0,9.725274725274712,20.260989010989015,0.01373626373626374,0.0,0.0,0.0,0.0,0.0,0.0,0.0,0.0,0.0,0.0,0.0,0.0,0.0,0.0,0.0,0.0,0.4033,0.00869,0.0,0.0,0.0,0.0,0.0,0.0,0.0,0.0,0.0,0.0,0.0,10.08353808353807,19.91646191646192,0.0,0.0,0.0,0.0,0.0,0.0,0.0,0.0,0.0,0.0,0.0,0.0,0.0,0.0,0.0,0.0,0.0
11200,4675,2365,0.5058823529411764,1131,962,0.4477005347593583,1327,0.5677005347593583,0.39799999999999996,2.932900432900433,3.0953532809373048,6.571865443425076,2.1253250602822966,8365.661176470589,506.66493304262366,7853.0,8866.4,8866.399999999998,1.8189894035458565e-12,7853.0,0.0,28.03700534759358,20.81522785890544,33.028804486362475,18.995563732686897,0.14074866310160428,0.09219251336898396,0.09475935828877005,0.08684491978609625,0.08235294117647059,0.0772192513368984,0.06844919786096257,0.06374331550802138,0.0586096256684492,0.05283422459893048,0.048770053475935826,0.03721925133689839,0.031443850267379676,0.028021390374331552,0.024171122994652405,0.008128342245989306,0.004491978609625668,0.8796062773816726,0.034175620636004184,0.0,0.0,0.0,0.0,0.0,0.0,0.0,0.0,0.0,0.0,0.0,0.0,0.0,0.0,0.0,0.0,0.0,0.0,0.0,0.0,0.0,0.0,0.05133689839572194,0.45561497326203065,1.7839572192513373,7.912299465240643,12.340106951871661,5.640641711229948,1.4695187165775405,0.3465240641711231,4.291005291005291,2.8981792395802417,nan,nan,nan,4.3527868852459015,2.901689802284259,4.230974632843791,2.892151662634056,0.9720151122456737,0.4038,0.00844,0.0,0.0,0.0,0.0,0.0,0.0,0.0,0.0,0.0,0.0,0.0,9.696256684491965,20.303743315508026,0.0,0.0,0.0,0.0,0.0,0.0,0.0,0.0,0.0,0.0,0.0,0.0,0.0,0.0,0.0,0.0,0.0,nan,nan,4.291005291005291,2.8981792395802417,nan,0.4038,0.03958,0.0,0.0,0.0,0.0,0.0,0.0,0.0,0.0,0.0,0.0,0.0,0.0,0.0,0.0,0.0,0.0,0.0,0.0,0.0,0.0,0.0,0.0,0.0,0.0,0.0,0.0,0.000748663101604278,0.0,0.0021497326203208556,0.002737967914438503,0.0006737967914438503,0.006609625668449198,0.008181818181818182,0.02386096256684492,0.0527379679144385,0.032737967914438504,0.0692620320855615,0.05501604278074866,0.07014973262032086,0.08383957219251337,0.05425668449197861,0.10605347593582888,0.12166844919786096,0.09083422459893048,0.08566844919786096,0.042919786096256685,0.04258823529411765,0.029197860962566845,0.00611764705882353,0.009529411764705882,0.00022459893048128342,0.0015401069518716577,4.2780748663101606e-05,3.20855614973262e-05,0.0006203208556149732,0.0,0.0,0.0,0.0,0.0,0.0,0.0,0.0,0.0,0.0,0.0,0.0,0.0,0.0,0.0,0.0,0.0,0.0,0.0,0.0,0.0,0.0,0.0,0.0,0.0,0.0,0.0,0.0,0.0,0.0,0.0,0.0,0.0,0.0,0.0,0.0,0.0,0.0,0.0,0.0,0.0,0.0,0.0,0.0,0.0,0.0,nan,nan,4.291005291005291,2.8981792395802417,nan,0.8794983386489352,0.03379620410241475,0.0,0.0,0.0,0.0,0.0,0.0,0.0,0.0,0.0,0.0,0.0,0.0,0.0,0.0,0.0,0.0,0.0,0.0,0.0,0.0,0.0,0.0,0.038054968287526435,0.39323467230443854,1.8520084566596198,7.852008456659621,12.545454545454549,5.568710359408035,1.3446088794926008,0.4059196617336153,0.8797167860842371,0.03455940651320759,0.0,0.0,0.0,0.0,0.0,0.0,0.0,0.0,0.0,0.0,0.0,0.0,0.0,0.0,0.0,0.0,0.0,0.0,0.0,0.0,0.0,0.0,0.06493506493506494,0.5194805194805179,1.7142857142857146,7.974025974025976,12.129870129870133,5.714285714285716,1.5974025974025978,0.28571428571428575,0.4038,0.0083,0.0,0.0,0.0,0.0,0.0,0.0,0.0,0.0,0.0,0.0,0.0,9.716701902748401,20.28329809725159,0.0,0.0,0.0,0.0,0.0,0.0,0.0,0.0,0.0,0.0,0.0,0.0,0.0,0.0,0.0,0.0,0.0,0.4038,0.008575,0.0,0.0,0.0,0.0,0.0,0.0,0.0,0.0,0.0,0.0,0.0,9.675324675324662,20.32467532467533,0.0,0.0,0.0,0.0,0.0,0.0,0.0,0.0,0.0,0.0,0.0,0.0,0.0,0.0,0.0,0.0,0.0
11300,4660,2430,0.5214592274678111,1122,922,0.4386266094420601,1303,0.5592274678111588,0.40599999999999997,2.9681614349775787,3.0567677954180077,6.4557926829268295,2.10208882315526,8381.44678111588,506.2331157787861,7853.0,8866.4,8866.4,0.0,7853.0,0.0,29.02596566523605,21.394926688726663,33.830679807935304,19.63409635221818,0.1332618025751073,0.09785407725321889,0.08669527896995709,0.08583690987124463,0.0796137339055794,0.07317596566523606,0.06888412017167382,0.06158798283261802,0.06351931330472103,0.046137339055793994,0.05429184549356223,0.04206008583690987,0.035622317596566526,0.02682403433476395,0.02145922746781116,0.014377682403433477,0.008798283261802575,0.8790714422648557,0.03516439673686487,0.0,0.0,0.0,0.0,0.0,0.0,0.0,0.0,0.0,0.0,0.0,0.0,0.0,0.0,0.0,0.0,0.0,0.0,0.0,0.0,0.0,0.012875536480686699,0.08369098712446355,0.40557939914162966,2.0729613733905583,7.667381974248928,12.328326180257514,5.587982832618027,1.4806866952789703,0.3605150214592276,4.172244094488189,2.8697999789916557,1.3333333333333333,0.4714045207910317,0.31957222615396713,4.097560975609756,2.7967351923384594,4.2405475880052155,2.9385534605814074,1.0348955423107966,0.4038,0.00827,0.0,0.0,0.0,0.0,0.0,0.0,0.0,0.0,0.0,0.0,0.0,9.669527896995694,20.330472103004293,0.0,0.0,0.0,0.0,0.0,0.0,0.0,0.0,0.0,0.0,0.0,0.0,0.0,0.0,0.0,0.0,0.0,nan,nan,4.1694526384791875,2.8698064821180944,nan,0.4038,0.03983,0.0,0.0,0.0,0.0,0.0,0.0,0.0,0.0,0.0,0.0,0.0,0.0,0.0,0.0,0.0,0.0,0.0,0.0,0.0,0.0,0.0,0.0,0.0,0.0,0.0,0.0,0.0006866952789699571,1.072961373390558e-05,0.0021781115879828325,0.0022639484978540774,0.000740343347639485,0.0071030042918454935,0.007714592274678112,0.02650214592274678,0.05388412017167382,0.0323068669527897,0.06977467811158798,0.05548283261802575,0.06813304721030043,0.08579399141630902,0.05198497854077253,0.10773605150214592,0.11876609442060086,0.08651287553648068,0.08741416309012875,0.04438841201716738,0.041448497854077254,0.02958154506437768,0.007199570815450643,0.01017167381974249,0.0003540772532188841,0.0014484978540772531,7.510729613733905e-05,0.0,0.00034334763948497857,0.0,0.0,0.0,0.0,0.0,0.0,0.0,0.0,0.0,0.0,0.0,0.0,0.0,0.0,0.0,0.0,0.0,0.0,0.0,0.0,0.0,0.0,0.0,0.0,0.0,0.0,0.0,0.0,0.0,0.0,0.0,0.0,0.0,0.0,0.0,0.0,0.0,0.0,0.0,0.0,0.0,0.0,0.0,0.0,0.0,0.0,nan,nan,4.1694526384791875,2.8698064821180944,nan,0.8792866196161435,0.03494991279012624,0.0,0.0,0.0,0.0,0.0,0.0,0.0,0.0,0.0,0.0,0.0,0.0,0.0,0.0,0.0,0.0,0.0,0.0,0.0,0.0,0.0,0.0,0.08641975308641978,0.35802469135802356,2.08641975308642,7.617283950617286,12.419753086419757,5.555555555555557,1.4814814814814818,0.3950617283950618,0.878836966496412,0.035395147885122866,0.0,0.0,0.0,0.0,0.0,0.0,0.0,0.0,0.0,0.0,0.0,0.0,0.0,0.0,0.0,0.0,0.0,0.0,0.0,0.0,0.0,0.02690582959641256,0.08071748878923768,0.45739910313901205,2.058295964125561,7.721973094170405,12.22869955156951,5.623318385650226,1.479820627802691,0.3228699551569507,0.4036,0.008255,0.0,0.0,0.0,0.0,0.0,0.0,0.0,0.0,0.0,0.0,0.0,9.76543209876542,20.234567901234573,0.0,0.0,0.0,0.0,0.0,0.0,0.0,0.0,0.0,0.0,0.0,0.0,0.0,0.0,0.0,0.0,0.0,0.4038,0.00828,0.0,0.0,0.0,0.0,0.0,0.0,0.0,0.0,0.0,0.0,0.0,9.56502242152465,20.43497757847534,0.0,0.0,0.0,0.0,0.0,0.0,0.0,0.0,0.0,0.0,0.0,0.0,0.0,0.0,0.0,0.0,0.0
11400,4502,2359,0.523989338071968,1092,910,0.44469124833407375,1249,0.5548645046645935,0.422,3.0139990667288847,3.111520299761422,6.6202321724709785,2.078091182873857,8384.010795202132,506.1164641035103,7853.0,8866.4,8866.4,0.0,7853.0,0.0,27.939582407818747,20.736267642431326,32.68322818086225,19.05661007303762,0.1332741003998223,0.10195468680586406,0.09551310528653932,0.09151488227454464,0.07663260772989783,0.07219013771657042,0.07418924922256774,0.06308307418924922,0.05752998667258996,0.054642381163927146,0.04886717014660151,0.03753887161261661,0.03398489560195469,0.024655708573967126,0.016881386050644157,0.010884051532652154,0.006663705019991115,0.8765359240365208,0.03513009650425491,0.0,0.0,0.0,0.0,0.0,0.0,0.0,0.0,0.0,0.0,0.0,0.0,0.0,0.0,0.0,0.0,0.0,0.0,0.0,0.0,0.0,0.006663705019991117,0.15326521545979568,0.6197245668591718,2.0390937361172816,8.11639271434918,12.28787205686362,5.297645490892937,1.259440248778321,0.21990226565970686,4.235842541436464,2.900747637969339,3.4,1.624807680927192,0.8026738403847721,4.253914227365555,2.8863531857451004,4.214385474860335,2.9122626092164863,0.9907076752392114,0.4036,0.008415,0.0,0.0,0.0,0.0,0.0,0.0,0.0,0.0,0.0,0.0,0.0,10.048867170146586,19.951132829853403,0.0,0.0,0.0,0.0,0.0,0.0,0.0,0.0,0.0,0.0,0.0,0.0,0.0,0.0,0.0,0.0,0.0,nan,nan,4.234401930368838,2.899238966775575,nan,0.4036,0.03986,0.0,0.0,0.0,0.0,0.0,0.0,0.0,0.0,0.0,0.0,0.0,0.0,0.0,0.0,0.0,0.0,0.0,0.0,0.0,0.0,0.0,0.0,0.0,0.0,0.0,0.0,0.0008440693025322079,0.0,0.0023989338071968014,0.0022989782318969345,0.000866281652598845,0.006841403820524211,0.008151932474455798,0.028809418036428253,0.055408707241226124,0.030886272767658818,0.06806974677920924,0.055064415815193245,0.06772545535317637,0.08055308751665927,0.05363171923589516,0.11125055530875166,0.11662594402487783,0.086994669035984,0.0892047978676144,0.04607952021323856,0.04169258107507774,0.028898267436694804,0.006896934695690804,0.009062638827187917,0.00035539760106619283,0.0011883607285650822,6.663705019991116e-05,0.0,0.0001332741003998223,0.0,0.0,0.0,0.0,0.0,0.0,0.0,0.0,0.0,0.0,0.0,0.0,0.0,0.0,0.0,0.0,0.0,0.0,0.0,0.0,0.0,0.0,0.0,0.0,0.0,0.0,0.0,0.0,0.0,0.0,0.0,0.0,0.0,0.0,0.0,0.0,0.0,0.0,0.0,0.0,0.0,0.0,0.0,0.0,0.0,0.0,nan,nan,4.234401930368838,2.899238966775575,nan,0.8759490572683586,0.03532554240172698,0.0,0.0,0.0,0.0,0.0,0.0,0.0,0.0,0.0,0.0,0.0,0.0,0.0,0.0,0.0,0.0,0.0,0.0,0.0,0.0,0.0,0.0,0.17804154302670627,0.5977108944467977,2.0729122509537943,8.469690546841884,11.877914370495976,5.353963543874524,1.2208562950402715,0.22891055532005092,0.877181943031432,0.034902277819056055,0.0,0.0,0.0,0.0,0.0,0.0,0.0,0.0,0.0,0.0,0.0,0.0,0.0,0.0,0.0,0.0,0.0,0.0,0.0,0.0,0.0,0.013999066728884743,0.1259916005599627,0.643957069528696,2.0018665422305184,7.727484834344379,12.739150723285118,5.235650956602894,1.3019132057862812,0.20998600093327116,0.4033,0.008415,0.0,0.0,0.0,0.0,0.0,0.0,0.0,0.0,0.0,0.0,0.0,10.173802458668913,19.826197541331076,0.0,0.0,0.0,0.0,0.0,0.0,0.0,0.0,0.0,0.0,0.0,0.0,0.0,0.0,0.0,0.0,0.0,0.4036,0.008415,0.0,0.0,0.0,0.0,0.0,0.0,0.0,0.0,0.0,0.0,0.0,9.911339244050383,20.088660755949608,0.0,0.0,0.0,0.0,0.0,0.0,0.0,0.0,0.0,0.0,0.0,0.0,0.0,0.0,0.0,0.0,0.0
11500,4823,2472,0.5125440597138711,1133,1001,0.4424631971801783,1355,0.5618909392494298,0.414,3.0370055295618887,3.1223307966914273,6.6636225266362255,2.168917193805914,8372.412150114036,506.5405129300893,7853.0,8866.4,8866.4,0.0,7853.0,0.0,27.521044992743107,20.81053823783868,32.500495785820526,19.120294107431825,0.1420277835372175,0.1067800124403898,0.09309558366162139,0.08563134978229318,0.079411154882853,0.07609371760315156,0.0673854447439353,0.06489736678415924,0.05929919137466307,0.0510055981754095,0.044370723616006635,0.03835786854654779,0.030893634667219574,0.02467343976777939,0.018660584698320548,0.009537632179141614,0.007878913539290898,0.8757897342806062,0.034842512149185975,0.0,0.0,0.0,0.0,0.0,0.0,0.0,0.0,0.0,0.0,0.0,0.0,0.0,0.0,0.0,0.0,0.0,0.0,0.0,0.0,0.0,0.012440389798880368,0.13062409288824386,0.47273481235745235,2.1832884097035046,8.571428571428573,12.129380053908358,4.994816504250467,1.2191582002902759,0.2861289653742484,4.361632115827575,2.822578914590401,4.5,2.179449471770337,1.031723877781969,4.32941943900848,2.8248089237172374,4.396951623591782,2.8180082144190335,1.0155984388980266,0.4036,0.00829,0.0,0.0,0.0,0.0,0.0,0.0,0.0,0.0,0.0,0.0,0.0,10.0642753472942,19.92950445780635,0.006220194899440184,0.0,0.0,0.0,0.0,0.0,0.0,0.0,0.0,0.0,0.0,0.0,0.0,0.0,0.0,0.0,0.0,nan,nan,4.361813999342754,2.821834191557213,nan,0.4036,0.03967,0.0,0.0,0.0,0.0,0.0,0.0,0.0,0.0,0.0,0.0,0.0,0.0,0.0,0.0,0.0,0.0,0.0,0.0,0.0,0.0,0.0,0.0,0.0,0.0,1.036699149906697e-05,0.0,0.0004250466514617458,0.0,0.002135600248807796,0.0022911051212938004,0.000704955421936554,0.006354965788928053,0.0079722164627825,0.027317022600041468,0.05701845324486834,0.030986937590711177,0.06896122745179349,0.054945054945054944,0.06834957495334854,0.07882023636740618,0.05475844909807174,0.1157578270785818,0.11574746008708273,0.08455318266639021,0.08731080240514202,0.04644412191582003,0.040918515446817336,0.029691063653327805,0.007329462989840349,0.009361393323657475,0.0007775243624300228,0.0008086253369272237,5.1834957495334856e-05,0.0,0.00019697283848227245,0.0,0.0,0.0,0.0,0.0,0.0,0.0,0.0,0.0,0.0,0.0,0.0,0.0,0.0,0.0,0.0,0.0,0.0,0.0,0.0,0.0,0.0,0.0,0.0,0.0,0.0,0.0,0.0,0.0,0.0,0.0,0.0,0.0,0.0,0.0,0.0,0.0,0.0,0.0,0.0,0.0,0.0,0.0,0.0,0.0,0.0,nan,nan,4.361813999342754,2.821834191557213,nan,0.8760551459677397,0.03458134880669886,0.0,0.0,0.0,0.0,0.0,0.0,0.0,0.0,0.0,0.0,0.0,0.0,0.0,0.0,0.0,0.0,0.0,0.0,0.0,0.0,0.0,0.01213592233009709,0.13349514563106799,0.44902912621359087,2.0873786407766994,8.652912621359224,12.233009708737868,4.866504854368933,1.2864077669902916,0.27912621359223305,0.8755106625279078,0.03511285840478154,0.0,0.0,0.0,0.0,0.0,0.0,0.0,0.0,0.0,0.0,0.0,0.0,0.0,0.0,0.0,0.0,0.0,0.0,0.0,0.0,0.0,0.012760527435133989,0.1276052743513399,0.4976605699702239,2.2841344108889836,8.485750744364102,12.020416843896218,5.129732028923863,1.148447469162059,0.2934921310080817,0.4036,0.008415,0.0,0.0,0.0,0.0,0.0,0.0,0.0,0.0,0.0,0.0,0.0,10.266990291262122,19.72087378640777,0.01213592233009709,0.0,0.0,0.0,0.0,0.0,0.0,0.0,0.0,0.0,0.0,0.0,0.0,0.0,0.0,0.0,0.0,0.4036,0.008156,0.0,0.0,0.0,0.0,0.0,0.0,0.0,0.0,0.0,0.0,0.0,9.851127179923424,20.148872820076566,0.0,0.0,0.0,0.0,0.0,0.0,0.0,0.0,0.0,0.0,0.0,0.0,0.0,0.0,0.0,0.0,0.0
11600,4932,2485,0.5038523925385239,1144,1053,0.44545823195458234,1407,0.5705596107055961,0.39799999999999996,2.90028606456886,3.0236548546281106,6.498493975903615,2.062282662508753,8363.60401459854,506.68495998007893,7853.0,8866.4,8866.4,0.0,7853.0,0.0,27.74756690997567,21.00273570024503,32.90798442064265,19.224049378729326,0.14497161394971614,0.09874290348742903,0.09306569343065693,0.08576642335766424,0.08556366585563666,0.072992700729927,0.07116788321167883,0.064882400648824,0.05170316301703163,0.05089213300892133,0.045012165450121655,0.03751013787510138,0.03426601784266018,0.024330900243309004,0.021289537712895375,0.010340632603406326,0.007502027575020276,0.8769224243297484,0.03531405770606967,0.0,0.0,0.0,0.0,0.0,0.0,0.0,0.0,0.0,0.0,0.0,0.0,0.0,0.0,0.0,0.0,0.0,0.0,0.0,0.0,0.0,0.006082725060827252,0.12165450121654503,0.5231143552311419,2.049878345498784,8.534063260340634,11.818734793187351,5.261557177615574,1.3868613138686134,0.2980535279805353,4.316831683168317,2.7924993624585723,4.375,3.2379584617471546,1.0134747706422018,4.389873417721519,2.7964532209368924,4.243104554201411,2.7890171495802543,0.9665664930274263,0.4033,0.008224,0.0,0.0,0.0,0.0,0.0,0.0,0.0,0.0,0.0,0.0,0.0,10.663017031630156,19.33698296836983,0.0,0.0,0.0,0.0,0.0,0.0,0.0,0.0,0.0,0.0,0.0,0.0,0.0,0.0,0.0,0.0,0.0,nan,nan,4.316979929913986,2.7937264726970596,nan,0.4033,0.03992,0.0,0.0,0.0,0.0,0.0,0.0,0.0,0.0,0.0,0.0,0.0,0.0,0.0,0.0,0.0,0.0,0.0,0.0,0.0,0.0,0.0,0.0,0.0,0.0,0.0,0.0,0.0003751013787510138,4.0551500405515004e-05,0.0017031630170316302,0.002645985401459854,0.0005778588807785888,0.006711273317112733,0.008384022708840227,0.02678426601784266,0.059134225466342255,0.03334347120843471,0.06943430656934306,0.0548661800486618,0.06922141119221412,0.07851784266017843,0.05323398215733982,0.11164841849148419,0.11573398215733982,0.08371857258718572,0.0884529602595296,0.046674776966747766,0.03882806163828062,0.031326034063260344,0.00746147607461476,0.008961881589618815,0.0009833738848337389,0.0007806163828061639,9.124087591240875e-05,0.0,0.000364963503649635,0.0,0.0,0.0,0.0,0.0,0.0,0.0,0.0,0.0,0.0,0.0,0.0,0.0,0.0,0.0,0.0,0.0,0.0,0.0,0.0,0.0,0.0,0.0,0.0,0.0,0.0,0.0,0.0,0.0,0.0,0.0,0.0,0.0,0.0,0.0,0.0,0.0,0.0,0.0,0.0,0.0,0.0,0.0,0.0,0.0,0.0,nan,nan,4.316979929913986,2.7937264726970596,nan,0.8769601209062926,0.03592958396081755,0.0,0.0,0.0,0.0,0.0,0.0,0.0,0.0,0.0,0.0,0.0,0.0,0.0,0.0,0.0,0.0,0.0,0.0,0.0,0.0,0.0,0.0,0.1690140845070423,0.5311871227364169,2.0281690140845074,8.414486921529177,11.770623742454731,5.29979879275654,1.484909456740443,0.3018108651911469,0.8768841423547945,0.03467775134928383,0.0,0.0,0.0,0.0,0.0,0.0,0.0,0.0,0.0,0.0,0.0,0.0,0.0,0.0,0.0,0.0,0.0,0.0,0.0,0.0,0.0,0.012259910093992648,0.07355946056395588,0.5149162239476894,2.0719248058847572,8.655496526358808,11.867592970984882,5.222721700040868,1.287290559869228,0.2942378422558235,0.4036,0.00833,0.0,0.0,0.0,0.0,0.0,0.0,0.0,0.0,0.0,0.0,0.0,10.599597585513063,19.400402414486923,0.0,0.0,0.0,0.0,0.0,0.0,0.0,0.0,0.0,0.0,0.0,0.0,0.0,0.0,0.0,0.0,0.0,0.403,0.0081,0.0,0.0,0.0,0.0,0.0,0.0,0.0,0.0,0.0,0.0,0.0,10.727421332243548,19.272578667756438,0.0,0.0,0.0,0.0,0.0,0.0,0.0,0.0,0.0,0.0,0.0,0.0,0.0,0.0,0.0,0.0,0.0
11700,5013,2589,0.5164572112507481,1196,1040,0.44604029523239574,1421,0.5669259924197088,0.38199999999999995,2.9104785478547854,3.0149225838872775,6.317321688500728,2.225570555342524,8376.377737881507,506.4254565670604,7853.0,8866.4,8866.4,0.0,7853.0,0.0,27.73867943347297,20.720878637298796,32.55400284225485,19.03252836070484,0.13524835427887494,0.10153600638340315,0.09934171154997008,0.0881707560343108,0.07939357670057849,0.07400758029124277,0.07480550568521843,0.06203869938160782,0.05505685218432076,0.055854777578296426,0.044683822062637144,0.03690404947137443,0.03371234789547178,0.02373828047077598,0.017554358667464593,0.010771992818671455,0.00718132854578097,0.8775214920637495,0.034867074083392395,0.0,0.0,0.0,0.0,0.0,0.0,0.0,0.0,0.0,0.0,0.0,0.0,0.0,0.0,0.0,0.0,0.0,0.0,0.0,0.0,0.0,0.0,0.08976660682226215,0.472770795930579,2.046678635547577,8.168761220825854,12.286056253740279,5.391980849790546,1.119090365050868,0.42489527229204077,4.249067164179104,2.8661852324184753,nan,nan,nan,4.242892459826947,2.879699980863016,4.254852849092048,2.8532545095807773,1.0028189235005003,0.4038,0.0084,0.0,0.0,0.0,0.0,0.0,0.0,0.0,0.0,0.0,0.0,0.0,10.071813285457795,19.92220227408738,0.005984440454817476,0.0,0.0,0.0,0.0,0.0,0.0,0.0,0.0,0.0,0.0,0.0,0.0,0.0,0.0,0.0,0.0,nan,nan,4.249067164179104,2.8661852324184753,nan,0.4038,0.04004,0.0,0.0,0.0,0.0,0.0,0.0,0.0,0.0,0.0,0.0,0.0,0.0,0.0,0.0,0.0,0.0,0.0,0.0,0.0,0.0,0.0,0.0,0.0,0.0,0.0,0.0,0.00018950728106922004,4.9870337123478956e-05,0.0017454617993217633,0.002533413125872731,0.00047875523638539794,0.00637342908438061,0.006732495511669659,0.027757829642928385,0.05957510472770796,0.032764811490125674,0.06711549970077797,0.05652304009575105,0.07047676042290046,0.07872531418312388,0.051555954518252546,0.10879712746858168,0.12096548972671055,0.0793836026331538,0.08833034111310592,0.047785757031717536,0.03773189706762418,0.03267504488330341,0.008368242569319768,0.011091162976261719,0.0012068621583881908,0.0007380809894274885,6.981847197287054e-05,0.0,0.00023937761819269897,0.0,0.0,1.994813484939158e-05,0.0,0.0,0.0,0.0,0.0,0.0,0.0,0.0,0.0,0.0,0.0,0.0,0.0,0.0,0.0,0.0,0.0,0.0,0.0,0.0,0.0,0.0,0.0,0.0,0.0,0.0,0.0,0.0,0.0,0.0,0.0,0.0,0.0,0.0,0.0,0.0,0.0,0.0,0.0,0.0,0.0,0.0,0.0,nan,nan,4.249067164179104,2.8661852324184753,nan,0.8774532224506704,0.034320002908050345,0.0,0.0,0.0,0.0,0.0,0.0,0.0,0.0,0.0,0.0,0.0,0.0,0.0,0.0,0.0,0.0,0.0,0.0,0.0,0.0,0.0,0.0,0.09269988412514486,0.4403244495944366,2.0857473928157595,7.925840092699885,12.433371958285054,5.643105446118193,0.9849362688296641,0.3939745075318657,0.8775944087420753,0.035441913837863256,0.0,0.0,0.0,0.0,0.0,0.0,0.0,0.0,0.0,0.0,0.0,0.0,0.0,0.0,0.0,0.0,0.0,0.0,0.0,0.0,0.0,0.0,0.08663366336633666,0.5074257425742559,2.0049504950495054,8.42821782178218,12.128712871287131,5.123762376237625,1.2623762376237626,0.457920792079208,0.4036,0.00846,0.0,0.0,0.0,0.0,0.0,0.0,0.0,0.0,0.0,0.0,0.0,10.173812282734632,19.814600231749715,0.011587485515643108,0.0,0.0,0.0,0.0,0.0,0.0,0.0,0.0,0.0,0.0,0.0,0.0,0.0,0.0,0.0,0.0,0.404,0.008316,0.0,0.0,0.0,0.0,0.0,0.0,0.0,0.0,0.0,0.0,0.0,9.962871287128698,20.03712871287129,0.0,0.0,0.0,0.0,0.0,0.0,0.0,0.0,0.0,0.0,0.0,0.0,0.0,0.0,0.0,0.0,0.0
11800,4552,2303,0.5059314586994728,1049,959,0.44112478031634444,1318,0.5790861159929701,0.38999999999999996,2.974655402401067,3.076001527476423,6.539755351681957,2.0855063997037515,8365.710940246046,506.6643451017234,7853.0,8866.4,8866.399999999998,1.8189894035458565e-12,7853.0,0.0,28.61884885764499,21.258192377030632,33.43620331950208,19.522611013180057,0.13400702987697716,0.09731985940246046,0.09424428822495606,0.08501757469244288,0.0828207381370826,0.07139718804920914,0.06766256590509666,0.06348857644991213,0.05755711775043937,0.052943760984182776,0.047231985940246045,0.040421792618629174,0.03624780316344464,0.028119507908611598,0.02218804920913884,0.01164323374340949,0.007688927943760984,0.8766966215703106,0.03419427700393842,0.0,0.0,0.0,0.0,0.0,0.0,0.0,0.0,0.0,0.0,0.0,0.0,0.0,0.0,0.0,0.0,0.0,0.0,0.0,0.0,0.0065905096660808455,0.0065905096660808455,0.06590509666080845,0.4876977152899809,2.168277680140598,8.416080843585238,12.40333919156415,4.83743409490334,1.3444639718804923,0.2636203866432338,4.3515889114266395,2.861600681876135,5.25,3.766629793329841,1.2064558732131758,4.3772169167803545,2.8582232249116934,4.328877005347594,2.867878591553059,0.9889564734049513,0.404,0.008415,0.0,0.0,0.0,0.0,0.0,0.0,0.0,0.0,0.0,0.0,0.0,9.674868189806665,20.325131810193326,0.0,0.0,0.0,0.0,0.0,0.0,0.0,0.0,0.0,0.0,0.0,0.0,0.0,0.0,0.0,0.0,0.0,nan,nan,4.352802160702228,2.8632058817035255,nan,0.404,0.04004,0.0,0.0,0.0,0.0,0.0,0.0,0.0,0.0,0.0,0.0,0.0,0.0,0.0,0.0,0.0,0.0,0.0,0.0,0.0,0.0,0.0,0.0,0.0,0.0,0.0,0.0,0.00014279437609841827,0.0,0.002515377855887522,0.002251757469244288,0.0003185413005272408,0.005810632688927944,0.006810193321616872,0.027482425307557116,0.05992970123022847,0.031195079086115993,0.06585017574692442,0.0538774165202109,0.07096880492091388,0.07860281195079086,0.05242750439367311,0.10833699472759227,0.12494507908611599,0.0781634446397188,0.0883238137082601,0.04829745166959578,0.03988356766256591,0.03220562390158172,0.008106326889279437,0.011258787346221441,0.0010215289982425308,0.0006810193321616872,5.4920913884007027e-05,1.0984182776801407e-05,0.0005052724077328647,0.0,0.0,2.1968365553602813e-05,0.0,0.0,0.0,0.0,0.0,0.0,0.0,0.0,0.0,0.0,0.0,0.0,0.0,0.0,0.0,0.0,0.0,0.0,0.0,0.0,0.0,0.0,0.0,0.0,0.0,0.0,0.0,0.0,0.0,0.0,0.0,0.0,0.0,0.0,0.0,0.0,0.0,0.0,0.0,0.0,0.0,0.0,0.0,nan,nan,4.352802160702228,2.8632058817035255,nan,0.8764373140390986,0.03443520378315382,0.0,0.0,0.0,0.0,0.0,0.0,0.0,0.0,0.0,0.0,0.0,0.0,0.0,0.0,0.0,0.0,0.0,0.0,0.0,0.0,0.0,0.0,0.07815892314372559,0.5471124620060773,2.0451584889274863,8.597481545809815,12.323056882327402,4.89795918367347,1.2114633087277467,0.29960920538428143,0.8769621552494485,0.033943740634711436,0.0,0.0,0.0,0.0,0.0,0.0,0.0,0.0,0.0,0.0,0.0,0.0,0.0,0.0,0.0,0.0,0.0,0.0,0.0,0.0,0.013339261894175192,0.013339261894175192,0.05335704757670077,0.42685638061360476,2.294353045798133,8.230324588706093,12.48554913294798,4.775455758114719,1.4806580702534464,0.22676745220097827,0.404,0.00826,0.0,0.0,0.0,0.0,0.0,0.0,0.0,0.0,0.0,0.0,0.0,9.652627008250095,20.347372991749893,0.0,0.0,0.0,0.0,0.0,0.0,0.0,0.0,0.0,0.0,0.0,0.0,0.0,0.0,0.0,0.0,0.0,0.404,0.00856,0.0,0.0,0.0,0.0,0.0,0.0,0.0,0.0,0.0,0.0,0.0,9.697643397065347,20.30235660293464,0.0,0.0,0.0,0.0,0.0,0.0,0.0,0.0,0.0,0.0,0.0,0.0,0.0,0.0,0.0,0.0,0.0
11900,4424,2291,0.5178571428571429,1074,917,0.45004520795660036,1243,0.5619349005424955,0.422,3.0150023441162683,3.1758523908298315,6.773869346733668,2.2110095929497127,8377.79642857143,506.37674637858225,7853.0,8866.4,8866.4,0.0,7853.0,0.0,27.7626582278481,20.74720177181944,32.764515257899,18.976203934726158,0.13969258589511754,0.10284810126582279,0.09403254972875226,0.0867992766726944,0.0759493670886076,0.07572332730560578,0.07255877034358046,0.0653254972875226,0.05628390596745027,0.049954792043399636,0.05018083182640145,0.0406871609403255,0.03187160940325497,0.024638336347197108,0.01604882459312839,0.011075949367088608,0.006329113924050633,0.8770808399020009,0.03604997443401948,0.0,0.0,0.0,0.0,0.0,0.0,0.0,0.0,0.0,0.0,0.0,0.0,0.0,0.0,0.0,0.0,0.0,0.0,0.0,0.0,0.0,0.013562386980108502,0.10171790235081377,0.5153707052441213,2.3734177215189876,8.028933092224234,12.253616636528033,4.862115732368898,1.4511754068716098,0.4000904159132008,4.297543859649123,2.9435438008844805,3.6666666666666665,3.091206165165235,0.8532005225342914,4.339635854341736,2.966936924394638,4.2540350877192985,2.9197499650514556,0.9802746660098691,0.404,0.00858,0.0,0.0,0.0,0.0,0.0,0.0,0.0,0.0,0.0,0.0,0.0,9.405515370705231,20.587703435804706,0.006781193490054251,0.0,0.0,0.0,0.0,0.0,0.0,0.0,0.0,0.0,0.0,0.0,0.0,0.0,0.0,0.0,0.0,nan,nan,4.296880476691202,2.9437739723397955,nan,0.404,0.03976,0.0,0.0,0.0,0.0,0.0,0.0,0.0,0.0,0.0,0.0,0.0,0.0,0.0,0.0,0.0,0.0,0.0,0.0,0.0,0.0,0.0,0.0,0.0,0.0,0.0,0.0,0.00019213381555153707,0.0,0.0028933092224231465,0.0021021699819168175,0.00030515370705244124,0.004825949367088607,0.007097649186256781,0.027520343580470164,0.05768535262206148,0.030820524412296563,0.06437613019891501,0.05588833634719711,0.06829792043399638,0.08128390596745028,0.05449819168173599,0.11148282097649186,0.1295886075949367,0.07379068716094032,0.08627938517179023,0.04769439421338156,0.03757911392405063,0.03512658227848101,0.008035714285714285,0.010363924050632911,0.0011301989150090416,0.0006668173598553345,5.650994575045208e-05,2.2603978300180832e-05,0.00032775768535262207,0.0,0.0,6.78119349005425e-05,0.0,0.0,0.0,0.0,0.0,0.0,0.0,0.0,0.0,0.0,0.0,0.0,0.0,0.0,0.0,0.0,0.0,0.0,0.0,0.0,0.0,0.0,0.0,0.0,0.0,0.0,0.0,0.0,0.0,0.0,0.0,0.0,0.0,0.0,0.0,0.0,0.0,0.0,0.0,0.0,0.0,0.0,0.0,nan,nan,4.296880476691202,2.9437739723397955,nan,0.877756287207618,0.0357104808847659,0.0,0.0,0.0,0.0,0.0,0.0,0.0,0.0,0.0,0.0,0.0,0.0,0.0,0.0,0.0,0.0,0.0,0.0,0.0,0.0,0.0,0.013094718463553036,0.07856831078131822,0.47140986468790774,2.265386294194675,8.013967699694458,12.295940637276301,4.923614142295942,1.5451767786992583,0.3928415539065911,0.8763553594626343,0.036397130806723646,0.0,0.0,0.0,0.0,0.0,0.0,0.0,0.0,0.0,0.0,0.0,0.0,0.0,0.0,0.0,0.0,0.0,0.0,0.0,0.0,0.0,0.01406469760900141,0.1265822784810127,0.5625879043600546,2.489451476793249,8.045007032348806,12.208157524613224,4.796061884669481,1.3502109704641352,0.4078762306610409,0.404,0.00851,0.0,0.0,0.0,0.0,0.0,0.0,0.0,0.0,0.0,0.0,0.0,9.624618070711465,20.375381929288523,0.0,0.0,0.0,0.0,0.0,0.0,0.0,0.0,0.0,0.0,0.0,0.0,0.0,0.0,0.0,0.0,0.0,0.4043,0.00867,0.0,0.0,0.0,0.0,0.0,0.0,0.0,0.0,0.0,0.0,0.0,9.170182841068904,20.815752461322084,0.01406469760900141,0.0,0.0,0.0,0.0,0.0,0.0,0.0,0.0,0.0,0.0,0.0,0.0,0.0,0.0,0.0,0.0
12000,4476,2337,0.5221179624664879,1098,915,0.4497319034852547,1243,0.5554066130473637,0.426,3.010752688172043,3.1281461162224513,6.561374795417349,2.1568785582057104,8382.114343163537,506.2039976339054,7853.0,8866.4,8866.399999999998,1.8189894035458565e-12,7853.0,0.0,28.467605004468275,21.038722877235312,33.3722531109346,19.23332352842776,0.13695263628239498,0.0969615728328865,0.09204647006255585,0.09115281501340483,0.07037533512064344,0.07283288650580876,0.06747095621090259,0.06613047363717604,0.06411974977658624,0.05563002680965148,0.044906166219839144,0.04133154602323503,0.035522788203753354,0.02680965147453083,0.021894548704200177,0.009830205540661306,0.006032171581769437,0.8771130825335475,0.034838143377300866,0.0,0.0,0.0,0.0,0.0,0.0,0.0,0.0,0.0,0.0,0.0,0.0,0.0,0.0,0.0,0.0,0.0,0.0,0.0,0.0,0.0,0.0,0.0804289544235925,0.44235924932975734,2.2453083109919576,8.21045576407507,12.419571045576411,5.026809651474531,1.1662198391420913,0.4088471849865953,4.25197934595525,2.900741855302752,4.25,2.5860201081971503,0.9995344883419689,4.31560773480663,2.916277340323795,4.188911704312115,2.883057303963913,0.9706423664336603,0.4038,0.008415,0.0,0.0,0.0,0.0,0.0,0.0,0.0,0.0,0.0,0.0,0.0,9.772117962466472,20.22117962466488,0.00670241286863271,0.0,0.0,0.0,0.0,0.0,0.0,0.0,0.0,0.0,0.0,0.0,0.0,0.0,0.0,0.0,0.0,nan,nan,4.251976624269508,2.9003325477833286,nan,0.4038,0.03976,0.0,0.0,0.0,0.0,0.0,0.0,0.0,0.0,0.0,0.0,0.0,0.0,0.0,0.0,0.0,0.0,0.0,0.0,0.0,0.0,0.0,0.0,0.0,0.0,0.0,0.0,0.00011170688114387846,3.351206434316354e-05,0.0030942806076854333,0.0022006255585344057,0.00027926720285969614,0.004736371760500447,0.006233243967828418,0.029021447721179625,0.05746201966041108,0.031456657730116175,0.06513628239499553,0.05539544235924933,0.06775022341376229,0.0824396782841823,0.0544124218051832,0.10875781948168008,0.13040661304736373,0.07617292225201072,0.08552278820375335,0.047006255585344055,0.03715370866845397,0.03533288650580876,0.007350312779267203,0.010142984807864165,0.0013404825737265416,0.0007484361036639857,7.819481680071492e-05,8.936550491510277e-05,0.00013404825737265417,0.0,0.0,0.0,0.0,0.0,0.0,0.0,0.0,0.0,0.0,0.0,0.0,0.0,0.0,0.0,0.0,0.0,0.0,0.0,0.0,0.0,0.0,0.0,0.0,0.0,0.0,0.0,0.0,0.0,0.0,0.0,0.0,0.0,0.0,0.0,0.0,0.0,0.0,0.0,0.0,0.0,0.0,0.0,0.0,0.0,0.0,nan,nan,4.251976624269508,2.9003325477833286,nan,0.8769019545272317,0.03474551694292629,0.0,0.0,0.0,0.0,0.0,0.0,0.0,0.0,0.0,0.0,0.0,0.0,0.0,0.0,0.0,0.0,0.0,0.0,0.0,0.0,0.0,0.0,0.07702182284980746,0.4878048780487789,2.3106546854942236,8.125802310654686,12.426187419768938,5.057766367137356,1.1553273427471118,0.3594351732991015,0.8773437539457773,0.034937604786236066,0.0,0.0,0.0,0.0,0.0,0.0,0.0,0.0,0.0,0.0,0.0,0.0,0.0,0.0,0.0,0.0,0.0,0.0,0.0,0.0,0.0,0.0,0.0841514726507714,0.39270687237026525,2.173913043478261,8.30294530154278,12.412342215988783,4.992987377279103,1.1781206171107996,0.46283309957924273,0.404,0.00836,0.0,0.0,0.0,0.0,0.0,0.0,0.0,0.0,0.0,0.0,0.0,9.627727856225917,20.372272143774072,0.0,0.0,0.0,0.0,0.0,0.0,0.0,0.0,0.0,0.0,0.0,0.0,0.0,0.0,0.0,0.0,0.0,0.4038,0.00847,0.0,0.0,0.0,0.0,0.0,0.0,0.0,0.0,0.0,0.0,0.0,9.92987377279101,20.056100981767184,0.014025245441795234,0.0,0.0,0.0,0.0,0.0,0.0,0.0,0.0,0.0,0.0,0.0,0.0,0.0,0.0,0.0,0.0
12100,4664,2419,0.5186535162950258,1134,971,0.4513293310463122,1326,0.5686106346483705,0.41,2.997772828507795,3.1383105028877645,6.70483870967742,2.141368828076191,8378.603473413377,506.34726097107455,7853.0,8866.4,8866.4,0.0,7853.0,0.0,27.99764150943396,20.74245287358326,32.95711003318866,18.92429318972185,0.14000857632933106,0.09433962264150944,0.08962264150943396,0.09155231560891938,0.08340480274442538,0.07032590051457976,0.07461406518010291,0.0660377358490566,0.05703259005145798,0.05767581475128645,0.04416809605488851,0.04095197255574614,0.029588336192109776,0.025085763293310463,0.01843910806174957,0.01072041166380789,0.006432246998284734,0.877616761070173,0.03495016655651122,0.0,0.0,0.0,0.0,0.0,0.0,0.0,0.0,0.0,0.0,0.0,0.0,0.0,0.0,0.0,0.0,0.0,0.0,0.0,0.0,0.0,0.019296740994854206,0.07718696397941682,0.39236706689536754,2.1676672384219557,8.310463121783878,12.015437392795887,5.325900514579762,1.3186106346483708,0.3730703259005147,4.248593181065872,2.940337241207031,4.0,2.8284271247461903,0.9414881184261784,4.16490765171504,2.941466469547425,4.331568497683653,2.936441678361289,1.0400154961178996,0.404,0.0086,0.0,0.0,0.0,0.0,0.0,0.0,0.0,0.0,0.0,0.0,0.0,9.391080617495698,20.596054888507723,0.01286449399656947,0.0,0.0,0.0,0.0,0.0,0.0,0.0,0.0,0.0,0.0,0.0,0.0,0.0,0.0,0.0,0.0,nan,nan,4.248100429468121,2.940140420893533,nan,0.404,0.04004,0.0,0.0,0.0,0.0,0.0,0.0,0.0,0.0,0.0,0.0,0.0,0.0,0.0,0.0,0.0,0.0,0.0,0.0,0.0,0.0,0.0,0.0,1.072041166380789e-05,0.0,0.0,0.0,0.00012864493996569469,4.288164665523156e-05,0.0027015437392795883,0.002465694682675815,0.00031089193825042884,0.0050814751286449395,0.0066466552315608916,0.0300278730703259,0.0589729845626072,0.03134648370497427,0.06302530017152659,0.05383790737564322,0.06661663807890222,0.08209691252144083,0.0546204974271012,0.10760077186963979,0.13128216123499142,0.07398156089193825,0.08781089193825042,0.048649228130360204,0.037467838765008574,0.0350557461406518,0.00686106346483705,0.010398799313893654,0.0015115780445969125,0.0008897941680960549,0.00013936535162950258,0.0002036878216123499,0.0002144082332761578,0.0,0.0,0.0,0.0,0.0,0.0,0.0,0.0,0.0,0.0,0.0,0.0,0.0,0.0,0.0,0.0,0.0,0.0,0.0,0.0,0.0,0.0,0.0,0.0,0.0,0.0,0.0,0.0,0.0,0.0,0.0,0.0,0.0,0.0,0.0,0.0,0.0,0.0,0.0,0.0,0.0,0.0,0.0,0.0,0.0,0.0,nan,nan,4.248100429468121,2.940140420893533,nan,0.8777835429478599,0.0348597746156011,0.0,0.0,0.0,0.0,0.0,0.0,0.0,0.0,0.0,0.0,0.0,0.0,0.0,0.0,0.0,0.0,0.0,0.0,0.0,0.0,0.0,0.02480363786688715,0.07441091360066145,0.38445638693674955,2.1579164944191818,8.185200496072758,12.240595287308809,5.183960314179415,1.4138073584125677,0.33484911120297656,0.8774370526683357,0.03504641509729506,0.0,0.0,0.0,0.0,0.0,0.0,0.0,0.0,0.0,0.0,0.0,0.0,0.0,0.0,0.0,0.0,0.0,0.0,0.0,0.0,0.0,0.013363028953229402,0.08017817371937641,0.40089086859688067,2.1781737193763924,8.445434298440981,11.772828507795104,5.478841870824055,1.2160356347438754,0.41425389755011144,0.404,0.0085,0.0,0.0,0.0,0.0,0.0,0.0,0.0,0.0,0.0,0.0,0.0,9.301364200082665,20.698635799917326,0.0,0.0,0.0,0.0,0.0,0.0,0.0,0.0,0.0,0.0,0.0,0.0,0.0,0.0,0.0,0.0,0.0,0.404,0.008705,0.0,0.0,0.0,0.0,0.0,0.0,0.0,0.0,0.0,0.0,0.0,9.48775055679286,20.48552338530067,0.026726057906458805,0.0,0.0,0.0,0.0,0.0,0.0,0.0,0.0,0.0,0.0,0.0,0.0,0.0,0.0,0.0,0.0
12200,4563,2371,0.5196142888450581,1086,924,0.44049967126890205,1278,0.5601577909270217,0.414,2.954379562043796,3.101494662353006,6.5220949263502455,2.1644545955944583,8379.577120315584,506.3099743121398,7853.0,8866.4,8866.399999999998,1.8189894035458565e-12,7853.0,0.0,27.889546351084814,21.024767187182974,32.9818945158751,19.2687749055552,0.14245014245014245,0.09840017532325225,0.09533201840894148,0.08941485864562787,0.08130615822923515,0.07144422529037914,0.06684198991891299,0.05895244356782818,0.057637519175980714,0.05413105413105413,0.047337278106508875,0.042296734604426914,0.03374972605741836,0.023230330922638615,0.017094017094017096,0.012710935787858865,0.007670392285776901,0.8784642037320184,0.03435363523990057,0.0,0.0,0.0,0.0,0.0,0.0,0.0,0.0,0.0,0.0,0.0,0.0,0.0,0.0,0.0,0.0,0.0,0.0,0.0,0.0,0.0,0.01314924391847469,0.04602235371466142,0.2958579881656796,2.136752136752137,8.389217619986852,11.972386587771206,5.463510848126234,1.3083497698882316,0.3747534516765287,4.228473413379073,2.8733015241965294,5.333333333333333,1.247219128924647,1.2612904970523013,4.230449826989619,2.8477223591891683,4.228784792939579,2.896248424902535,0.9996064167835256,0.4038,0.0085,0.0,0.0,0.0,0.0,0.0,0.0,0.0,0.0,0.0,0.0,0.0,10.059171597633123,19.94082840236687,0.0,0.0,0.0,0.0,0.0,0.0,0.0,0.0,0.0,0.0,0.0,0.0,0.0,0.0,0.0,0.0,0.0,nan,nan,4.22960932145305,2.8723208009600847,nan,0.4038,0.0403,0.0,0.0,0.0,0.0,0.0,0.0,0.0,0.0,0.0,0.0,0.0,0.0,0.0,0.0,0.0,0.0,0.0,0.0,0.0,0.0,0.0,0.0,0.0,0.0,0.0,2.1915406530791147e-05,0.0003287310979618672,5.478851632697787e-05,0.0025202717510409817,0.0027065527065527066,0.00033968880122726275,0.005029585798816568,0.006421214113521805,0.031229454306377382,0.05714442252903791,0.0329169406092483,0.06677624369932063,0.056497918036379574,0.062393162393162394,0.0811856234933158,0.05507341661187815,0.10771422309883848,0.13232522463291693,0.07224413762875301,0.08495507341661188,0.046668858207319745,0.036839798378259916,0.03755204909051063,0.007736138505369274,0.010749506903353058,0.0012272627657243043,0.0005807582730659654,9.861932938856015e-05,0.00015340784571553804,0.0005150120534735919,0.0,0.0,0.0,0.0,0.0,0.0,0.0,0.0,0.0,0.0,0.0,0.0,0.0,0.0,0.0,0.0,0.0,0.0,0.0,0.0,0.0,0.0,0.0,0.0,0.0,0.0,0.0,0.0,0.0,0.0,0.0,0.0,0.0,0.0,0.0,0.0,0.0,0.0,0.0,0.0,0.0,0.0,0.0,0.0,0.0,0.0,nan,nan,4.22960932145305,2.8723208009600847,nan,0.878511604353729,0.033558573322916,0.0,0.0,0.0,0.0,0.0,0.0,0.0,0.0,0.0,0.0,0.0,0.0,0.0,0.0,0.0,0.0,0.0,0.0,0.0,0.0,0.0,0.0126528890763391,0.0379586672290173,0.215099114297764,2.1003795866722905,8.249683677773094,12.412484183888658,5.453395191902152,1.1261071277941799,0.3922395613665121,0.8784129323478598,0.03519333489429421,0.0,0.0,0.0,0.0,0.0,0.0,0.0,0.0,0.0,0.0,0.0,0.0,0.0,0.0,0.0,0.0,0.0,0.0,0.0,0.0,0.0,0.013686131386861318,0.05474452554744527,0.3832116788321156,2.1760948905109494,8.54014598540146,11.496350364963506,5.474452554744526,1.505474452554745,0.35583941605839425,0.4038,0.008446,0.0,0.0,0.0,0.0,0.0,0.0,0.0,0.0,0.0,0.0,0.0,9.919865035849838,20.08013496415015,0.0,0.0,0.0,0.0,0.0,0.0,0.0,0.0,0.0,0.0,0.0,0.0,0.0,0.0,0.0,0.0,0.0,0.4038,0.008545,0.0,0.0,0.0,0.0,0.0,0.0,0.0,0.0,0.0,0.0,0.0,10.209854014598525,19.790145985401463,0.0,0.0,0.0,0.0,0.0,0.0,0.0,0.0,0.0,0.0,0.0,0.0,0.0,0.0,0.0,0.0,0.0
12300,4680,2439,0.5211538461538462,1181,926,0.4502136752136752,1332,0.5692307692307692,0.41,2.991521642124052,3.066337718170378,6.403587443946188,2.240752926435919,8381.137307692308,506.24631538304067,7853.0,8866.4,8866.4,0.0,7853.0,0.0,28.330128205128204,20.913685822552136,33.326042726347914,19.073771312767843,0.13760683760683762,0.09935897435897435,0.08525641025641026,0.0858974358974359,0.08034188034188035,0.07777777777777778,0.07072649572649573,0.062393162393162394,0.05876068376068376,0.05726495726495726,0.04700854700854701,0.041025641025641026,0.03482905982905983,0.025427350427350427,0.01752136752136752,0.01217948717948718,0.006623931623931624,0.8790682780946422,0.03368477061817666,0.0,0.0,0.0,0.0,0.0,0.0,0.0,0.0,0.0,0.0,0.0,0.0,0.0,0.0,0.0,0.0,0.0,0.0,0.0,0.0,0.0,0.0,0.07692307692307694,0.3076923076923067,1.92948717948718,8.070512820512823,12.500000000000004,5.557692307692309,1.2115384615384617,0.34615384615384626,4.210766721044045,2.8573390636569567,1.5,1.5,0.35622966062296607,4.114721485411141,2.8741453790353324,4.300192431045542,2.8383326265529374,1.0450749695433807,0.4036,0.00861,0.0,0.0,0.0,0.0,0.0,0.0,0.0,0.0,0.0,0.0,0.0,10.076923076923062,19.91666666666667,0.006410256410256412,0.0,0.0,0.0,0.0,0.0,0.0,0.0,0.0,0.0,0.0,0.0,0.0,0.0,0.0,0.0,0.0,nan,nan,4.208999021845451,2.857502131357577,nan,0.4036,0.0402,0.0,0.0,0.0,0.0,0.0,0.0,0.0,0.0,0.0,0.0,0.0,0.0,0.0,0.0,0.0,0.0,0.0,0.0,0.0,0.0,0.0,0.0,0.0,0.0,0.0,9.615384615384615e-05,0.0003311965811965812,5.341880341880342e-05,0.002713675213675214,0.002767094017094017,0.0005341880341880342,0.004583333333333333,0.005373931623931624,0.030747863247863248,0.059882478632478635,0.030833333333333334,0.06599358974358974,0.05601495726495726,0.0630448717948718,0.08567307692307692,0.05450854700854701,0.10655982905982905,0.13602564102564102,0.0704059829059829,0.08457264957264957,0.043696581196581194,0.037585470085470085,0.036014957264957265,0.008814102564102564,0.010897435897435897,0.00125,0.0004166666666666667,0.0001388888888888889,0.00011752136752136752,0.0003525641025641026,0.0,0.0,0.0,0.0,0.0,0.0,0.0,0.0,0.0,0.0,0.0,0.0,0.0,0.0,0.0,0.0,0.0,0.0,0.0,0.0,0.0,0.0,0.0,0.0,0.0,0.0,0.0,0.0,0.0,0.0,0.0,0.0,0.0,0.0,0.0,0.0,0.0,0.0,0.0,0.0,0.0,0.0,0.0,0.0,0.0,0.0,nan,nan,4.208999021845451,2.857502131357577,nan,0.8789199148841255,0.03424949054577001,0.0,0.0,0.0,0.0,0.0,0.0,0.0,0.0,0.0,0.0,0.0,0.0,0.0,0.0,0.0,0.0,0.0,0.0,0.0,0.0,0.0,0.0,0.08610086100861011,0.33210332103320933,1.9926199261992623,8.09348093480935,12.373923739237396,5.436654366543667,1.3284132841328418,0.35670356703567047,0.8792297497012689,0.0330584381904848,0.0,0.0,0.0,0.0,0.0,0.0,0.0,0.0,0.0,0.0,0.0,0.0,0.0,0.0,0.0,0.0,0.0,0.0,0.0,0.0,0.0,0.0,0.06693440428380189,0.281124497991967,1.8607764390896926,8.045515394912988,12.637215528781796,5.689424364123161,1.0843373493975905,0.3346720214190094,0.4036,0.008575,0.0,0.0,0.0,0.0,0.0,0.0,0.0,0.0,0.0,0.0,0.0,9.950799507995065,20.036900369003693,0.012300123001230016,0.0,0.0,0.0,0.0,0.0,0.0,0.0,0.0,0.0,0.0,0.0,0.0,0.0,0.0,0.0,0.0,0.4036,0.008644,0.0,0.0,0.0,0.0,0.0,0.0,0.0,0.0,0.0,0.0,0.0,10.214190093708151,19.78580990629184,0.0,0.0,0.0,0.0,0.0,0.0,0.0,0.0,0.0,0.0,0.0,0.0,0.0,0.0,0.0,0.0,0.0
12400,4853,2510,0.5172058520502781,1188,1024,0.4558005357510818,1391,0.5732536575314239,0.38199999999999995,3.003414425949637,3.084938746526707,6.663076923076923,2.13801268117195,8377.136410467752,506.39990283371884,7853.0,8866.4,8866.4,0.0,7853.0,0.0,28.184628065114364,20.835023440907293,32.85377702210347,19.166909218212137,0.13146507315062847,0.09973212445909746,0.09808365959200495,0.0865444055223573,0.07706573253657531,0.07665361631980218,0.07335668658561714,0.06408407170822172,0.058108386565011334,0.05233875953018751,0.05027817844632186,0.036472285184422006,0.03132083247475788,0.026787554090253452,0.019163404079950545,0.011127137852874511,0.00741809190191634,0.8773986887813916,0.036132243459030246,0.0,0.0,0.0,0.0,0.0,0.0,0.0,0.0,0.0,0.0,0.0,0.0,0.0,0.0,0.0,0.0,0.0,0.0,0.0,0.0,0.0061817432515969516,0.018545229754790855,0.1792705542963116,0.5749021223985146,2.0894292190397694,7.646816402225429,12.425303935709874,5.4770245209149,1.261075623325778,0.3214506490830415,4.258023514458214,2.850834836460915,4.090909090909091,2.6783490659374976,0.960753052917232,4.351990049751244,2.839265114067493,4.159354838709677,2.858336912672744,0.9557362933188284,0.4036,0.008415,0.0,0.0,0.0,0.0,0.0,0.0,0.0,0.0,0.0,0.0,0.0,10.20605810838655,19.78776014836184,0.0061817432515969516,0.0,0.0,0.0,0.0,0.0,0.0,0.0,0.0,0.0,0.0,0.0,0.0,0.0,0.0,0.0,0.0,nan,nan,4.257441418619379,2.850269152022046,nan,0.4036,0.04,0.0,0.0,0.0,0.0,0.0,0.0,0.0,0.0,0.0,0.0,0.0,0.0,0.0,0.0,0.0,0.0,0.0,0.0,0.0,0.0,0.0,0.0,0.0,0.0,0.0,0.0001854522975479085,0.0002678755409025345,0.0001442406758705955,0.002761178652379971,0.002091489800123635,0.0005975685143210385,0.004255099938182567,0.005810838656501133,0.030002060581083866,0.060632598392746755,0.031423861528951165,0.06374407582938389,0.054430249330311146,0.06359983515351329,0.09146919431279621,0.05265814959818669,0.10764475582114157,0.13498866680403873,0.07023490624356069,0.0850504842365547,0.04250978776014836,0.039882546878219655,0.03356686585617144,0.008108386565011333,0.011765917988872863,0.0015042241912219245,0.00035029878425716054,6.18174325159695e-05,5.151452709664125e-05,0.000206058108386565,0.0,0.0,0.0,0.0,0.0,0.0,0.0,0.0,0.0,0.0,0.0,0.0,0.0,0.0,0.0,0.0,0.0,0.0,0.0,0.0,0.0,0.0,0.0,0.0,0.0,0.0,0.0,0.0,0.0,0.0,0.0,0.0,0.0,0.0,0.0,0.0,0.0,0.0,0.0,0.0,0.0,0.0,0.0,0.0,0.0,0.0,nan,nan,4.257441418619379,2.850269152022046,nan,0.8768718242882733,0.03577953459495592,0.0,0.0,0.0,0.0,0.0,0.0,0.0,0.0,0.0,0.0,0.0,0.0,0.0,0.0,0.0,0.0,0.0,0.0,0.0,0.0,0.011952191235059764,0.02390438247011953,0.19123505976095623,0.5498007968127473,2.0916334661354585,7.792828685258965,12.394422310756974,5.54581673306773,1.111553784860558,0.2868525896414343,0.8779631061427775,0.03649787449941811,0.0,0.0,0.0,0.0,0.0,0.0,0.0,0.0,0.0,0.0,0.0,0.0,0.0,0.0,0.0,0.0,0.0,0.0,0.0,0.0,0.0,0.012804097311139568,0.1664532650448144,0.6017925736235576,2.087067861715749,7.490396927016647,12.4583866837388,5.403329065300897,1.421254801536492,0.35851472471190793,0.4036,0.00835,0.0,0.0,0.0,0.0,0.0,0.0,0.0,0.0,0.0,0.0,0.0,10.135458167330663,19.852589641434268,0.011952191235059764,0.0,0.0,0.0,0.0,0.0,0.0,0.0,0.0,0.0,0.0,0.0,0.0,0.0,0.0,0.0,0.0,0.4036,0.008484,0.0,0.0,0.0,0.0,0.0,0.0,0.0,0.0,0.0,0.0,0.0,10.281690140845054,19.71830985915493,0.0,0.0,0.0,0.0,0.0,0.0,0.0,0.0,0.0,0.0,0.0,0.0,0.0,0.0,0.0,0.0,0.0
12500,4609,2368,0.513777392059015,1106,973,0.4510739856801909,1311,0.5688869602950749,0.40199999999999997,2.930834448906738,3.0709503388606874,6.548644338118022,2.1834765701778873,8373.662009112606,506.5076033995337,7853.0,8866.4,8866.399999999998,1.8189894035458565e-12,7853.0,0.0,28.041223692775006,20.951525158970036,32.993800051666234,19.205800886809072,0.1388587546105446,0.10240833152527663,0.09264482534172272,0.0828813191581688,0.07810804946843133,0.07528748101540464,0.07268387936645693,0.059665871121718374,0.06595790844000868,0.050770232154480364,0.044695161640269036,0.04295942720763723,0.0297244521588197,0.026252983293556086,0.01757431113039705,0.011499240616185723,0.008027771750922109,0.8775929938973509,0.03507546520145745,0.0,0.0,0.0,0.0,0.0,0.0,0.0,0.0,0.0,0.0,0.0,0.0,0.0,0.0,0.0,0.0,0.0,0.0,0.0,0.0,0.0,0.019527012367107837,0.14319809069212414,0.48166630505532504,1.98524625732263,7.9800390540247355,12.63397700151877,5.168149273161207,1.2106747667606859,0.37752223909741817,4.24739845585767,2.8480995081520564,4.5,2.29128784747792,1.05947206196159,4.0814814814814815,2.832369502224562,4.412550066755674,2.8527554499769443,1.0811148076443122,0.4033,0.008545,0.0,0.0,0.0,0.0,0.0,0.0,0.0,0.0,0.0,0.0,0.0,10.251681492731597,19.741809503146023,0.006509004122369279,0.0,0.0,0.0,0.0,0.0,0.0,0.0,0.0,0.0,0.0,0.0,0.0,0.0,0.0,0.0,0.0,nan,nan,4.24773717733825,2.8474407718795596,nan,0.4033,0.0401,0.0,0.0,0.0,0.0,0.0,0.0,0.0,0.0,0.0,0.0,0.0,0.0,0.0,0.0,0.0,0.0,0.0,0.0,0.0,0.0,0.0,0.0,0.0,0.0,0.0,0.00017357344326318074,0.0002603601648947711,0.0002603601648947711,0.002668691690171404,0.0024300282056845305,0.001008895638967238,0.004436971143415057,0.0056411369060533735,0.030570622694727708,0.05938381427641571,0.031633760034714686,0.06520937296593621,0.05331959210240833,0.06446083749186375,0.09292688218702538,0.04912128444348015,0.10898242568886961,0.13602733781731396,0.07054675634627902,0.08462790193100456,0.0405727923627685,0.040844000867867214,0.03300065090041224,0.008082013451941853,0.011195487090475157,0.0018442178346712954,0.000423085267954003,6.509004122369277e-05,5.424170101974398e-05,0.00022781514428292472,0.0,0.0,0.0,0.0,0.0,0.0,0.0,0.0,0.0,0.0,0.0,0.0,0.0,0.0,0.0,0.0,0.0,0.0,0.0,0.0,0.0,0.0,0.0,0.0,0.0,0.0,0.0,0.0,0.0,0.0,0.0,0.0,0.0,0.0,0.0,0.0,0.0,0.0,0.0,0.0,0.0,0.0,0.0,0.0,0.0,0.0,nan,nan,4.24773717733825,2.8474407718795596,nan,0.8779238863671953,0.03445089200025068,0.0,0.0,0.0,0.0,0.0,0.0,0.0,0.0,0.0,0.0,0.0,0.0,0.0,0.0,0.0,0.0,0.0,0.0,0.0,0.0,0.0,0.025337837837837843,0.1266891891891892,0.44341216216216084,1.9510135135135138,7.943412162162164,12.744932432432435,5.333614864864867,1.102195945945946,0.329391891891892,0.877243349377676,0.03572023959370531,0.0,0.0,0.0,0.0,0.0,0.0,0.0,0.0,0.0,0.0,0.0,0.0,0.0,0.0,0.0,0.0,0.0,0.0,0.0,0.0,0.0,0.013386880856760378,0.16064257028112452,0.522088353413653,2.021419009370817,8.018741633199467,12.516733601070953,4.993306559571621,1.3253012048192774,0.4283801874163321,0.4036,0.00859,0.0,0.0,0.0,0.0,0.0,0.0,0.0,0.0,0.0,0.0,0.0,9.995777027027014,20.004222972972975,0.0,0.0,0.0,0.0,0.0,0.0,0.0,0.0,0.0,0.0,0.0,0.0,0.0,0.0,0.0,0.0,0.0,0.4033,0.00851,0.0,0.0,0.0,0.0,0.0,0.0,0.0,0.0,0.0,0.0,0.0,10.52208835341364,19.46452476572959,0.013386880856760378,0.0,0.0,0.0,0.0,0.0,0.0,0.0,0.0,0.0,0.0,0.0,0.0,0.0,0.0,0.0,0.0
12600,4558,2373,0.5206230802983765,1130,920,0.44975866608161474,1272,0.5581395348837209,0.40199999999999997,2.8672768878718538,2.992401536453576,6.25,2.1658035756284844,8380.599429574375,506.2688059158549,7853.0,8866.4,8866.399999999998,1.8189894035458565e-12,7853.0,0.0,28.12922334357174,20.770475591755975,32.88586251621271,19.047035639923532,0.13317244405440984,0.10728389644580956,0.09280386134269417,0.08117595436594997,0.07634927599824484,0.0776656428258008,0.06998683633172444,0.06230802983764809,0.06230802983764809,0.05792014041246161,0.04453707766564283,0.03971039929793769,0.03268977621763931,0.028521281263712155,0.017112768758227294,0.01228609039052216,0.004168494953927161,0.8771939501525959,0.0357072021691634,0.0,0.0,0.0,0.0,0.0,0.0,0.0,0.0,0.0,0.0,0.0,0.0,0.0,0.0,0.0,0.0,0.0,0.0,0.0,0.0,0.0,0.006581834137779729,0.1382185168933743,0.45414655550679983,2.237823606845108,8.174637999122425,12.1763931548925,5.081175954365951,1.309784993418166,0.4212373848179027,4.110316649642493,2.803534991019109,2.7142857142857144,2.864276807966203,0.6603592729338256,4.0566289140572955,2.785250308682401,4.159390159390159,2.823441654137301,1.025331684881693,0.4036,0.00851,0.0,0.0,0.0,0.0,0.0,0.0,0.0,0.0,0.0,0.0,0.0,9.787187362878441,20.212812637121548,0.0,0.0,0.0,0.0,0.0,0.0,0.0,0.0,0.0,0.0,0.0,0.0,0.0,0.0,0.0,0.0,0.0,nan,nan,4.106997282608695,2.8045052952489806,nan,0.4036,0.04025,0.0,0.0,0.0,0.0,0.0,0.0,0.0,0.0,0.0,0.0,0.0,0.0,0.0,0.0,0.0,0.0,0.0,0.0,0.0,0.0,0.0,0.0,0.0,0.0,0.0,0.00013163668275559457,0.0003181219833260202,0.0005265467310223783,0.0026546731022378234,0.0028960070206230804,0.0011847301448003511,0.004684071961386573,0.004771829749890303,0.030495831505046072,0.05796401930671347,0.029190434401053095,0.06503949100482667,0.05370776656428258,0.06909828872312418,0.09062088635366389,0.047871873628784554,0.11013602457218079,0.13617814831066258,0.07233435717419921,0.0831834137779728,0.03975427819218956,0.03938130759104871,0.03360026327336551,0.009192628345765686,0.011540149188240456,0.0025120666959192626,0.0007020623080298377,2.1939447125932428e-05,0.0002413339183852567,6.581834137779729e-05,0.0,0.0,0.0,0.0,0.0,0.0,0.0,0.0,0.0,0.0,0.0,0.0,0.0,0.0,0.0,0.0,0.0,0.0,0.0,0.0,0.0,0.0,0.0,0.0,0.0,0.0,0.0,0.0,0.0,0.0,0.0,0.0,0.0,0.0,0.0,0.0,0.0,0.0,0.0,0.0,0.0,0.0,0.0,0.0,0.0,0.0,nan,nan,4.106997282608695,2.8045052952489806,nan,0.877965900398637,0.035917194353825295,0.0,0.0,0.0,0.0,0.0,0.0,0.0,0.0,0.0,0.0,0.0,0.0,0.0,0.0,0.0,0.0,0.0,0.0,0.0,0.0,0.0,0.012642225031605565,0.12642225031605564,0.4677623261694044,2.1618204804045518,7.787610619469028,12.31352718078382,5.322376738305944,1.3527180783817956,0.4551201011378003,0.8763555803888177,0.035458702340348765,0.0,0.0,0.0,0.0,0.0,0.0,0.0,0.0,0.0,0.0,0.0,0.0,0.0,0.0,0.0,0.0,0.0,0.0,0.0,0.0,0.0,0.0,0.15102974828375287,0.4393592677345524,2.3203661327231124,8.59496567505721,12.027459954233413,4.819221967963387,1.2631578947368423,0.38443935926773465,0.4033,0.00863,0.0,0.0,0.0,0.0,0.0,0.0,0.0,0.0,0.0,0.0,0.0,10.189633375474068,19.81036662452592,0.0,0.0,0.0,0.0,0.0,0.0,0.0,0.0,0.0,0.0,0.0,0.0,0.0,0.0,0.0,0.0,0.0,0.4038,0.00838,0.0,0.0,0.0,0.0,0.0,0.0,0.0,0.0,0.0,0.0,0.0,9.350114416475959,20.649885583524032,0.0,0.0,0.0,0.0,0.0,0.0,0.0,0.0,0.0,0.0,0.0,0.0,0.0,0.0,0.0,0.0,0.0
12700,4436,2283,0.5146528403967539,1105,913,0.4549143372407574,1205,0.5432822362488728,0.434,2.9284718996748724,3.1257128994586254,6.599303135888502,2.196703152649726,8374.549188458072,506.4823704751593,7853.0,8866.4,8866.399999999998,1.8189894035458565e-12,7853.0,0.0,27.548692515779983,20.80904465824782,32.62810810810811,19.053270108465647,0.1444995491433724,0.1018935978358882,0.09467989179440937,0.08318304779080253,0.0809287646528404,0.07664562669071236,0.06762849413886383,0.06785392245266006,0.06086564472497746,0.04824165915238954,0.047565374211000905,0.03606853020739405,0.027953110910730387,0.025924256086564474,0.01825969341749324,0.009467989179440937,0.008340847610459874,0.8771234226586907,0.03501878710161516,0.0,0.0,0.0,0.0,0.0,0.0,0.0,0.0,0.0,0.0,0.0,0.0,0.0,0.0,0.0,0.0,0.0,0.0,0.0,0.0,0.0,0.0,0.1352569882777277,0.45311091073038634,2.1505861136158706,8.311541929666367,12.119026149684403,5.315599639314699,1.2173128944995493,0.29756537421100093,4.224691358024692,2.953243612103432,4.8,2.039607805437114,1.1361776738749267,4.223954642097803,2.984394841127981,4.2274317704688595,2.919623607867091,1.0008231926395235,0.4033,0.00848,0.0,0.0,0.0,0.0,0.0,0.0,0.0,0.0,0.0,0.0,0.0,10.16456266907122,19.83543733092877,0.0,0.0,0.0,0.0,0.0,0.0,0.0,0.0,0.0,0.0,0.0,0.0,0.0,0.0,0.0,0.0,0.0,nan,nan,4.225704225352112,2.9519821218511173,nan,0.4033,0.0397,0.0,0.0,0.0,0.0,0.0,0.0,0.0,0.0,0.0,0.0,0.0,0.0,0.0,0.0,0.0,0.0,0.0,0.0,0.0,0.0,0.0,0.0,0.0,0.0,0.0,5.63570784490532e-05,0.0003606853020739405,0.00042831379621280434,0.002569882777276826,0.0030207394048692516,0.0008678990081154192,0.004643823264201984,0.004779080252479711,0.031706492335437333,0.0550834084761046,0.027727682596934176,0.06527276825969341,0.05560189359783589,0.07283588818755636,0.0882439134355275,0.04748647430117223,0.11388638412984671,0.14182822362488728,0.06727908025247971,0.08654192966636609,0.03772542831379621,0.03698151487826871,0.03249549143372408,0.008915689810640216,0.010324616771866546,0.001972497745716862,0.001003155996393147,0.0,0.00032687105500450855,3.381424706943192e-05,0.0,0.0,0.0,0.0,0.0,0.0,0.0,0.0,0.0,0.0,0.0,0.0,0.0,0.0,0.0,0.0,0.0,0.0,0.0,0.0,0.0,0.0,0.0,0.0,0.0,0.0,0.0,0.0,0.0,0.0,0.0,0.0,0.0,0.0,0.0,0.0,0.0,0.0,0.0,0.0,0.0,0.0,0.0,0.0,0.0,0.0,nan,nan,4.225704225352112,2.9519821218511173,nan,0.8769766654406417,0.03464918262864347,0.0,0.0,0.0,0.0,0.0,0.0,0.0,0.0,0.0,0.0,0.0,0.0,0.0,0.0,0.0,0.0,0.0,0.0,0.0,0.0,0.0,0.0,0.10512483574244418,0.48620236530880273,2.1287779237844946,8.475689881734562,12.286465177398163,4.993429697766098,1.235216819973719,0.2890932982917215,0.8772790412043506,0.03540582961479237,0.0,0.0,0.0,0.0,0.0,0.0,0.0,0.0,0.0,0.0,0.0,0.0,0.0,0.0,0.0,0.0,0.0,0.0,0.0,0.0,0.0,0.0,0.16720854621458434,0.4180213655364594,2.173711100789596,8.137482582443104,11.941477008824899,5.657222480260103,1.1983279145378545,0.30654900139340463,0.4033,0.008385,0.0,0.0,0.0,0.0,0.0,0.0,0.0,0.0,0.0,0.0,0.0,9.84231274638632,20.15768725361367,0.0,0.0,0.0,0.0,0.0,0.0,0.0,0.0,0.0,0.0,0.0,0.0,0.0,0.0,0.0,0.0,0.0,0.403,0.008575,0.0,0.0,0.0,0.0,0.0,0.0,0.0,0.0,0.0,0.0,0.0,10.506270320483031,19.493729679516957,0.0,0.0,0.0,0.0,0.0,0.0,0.0,0.0,0.0,0.0,0.0,0.0,0.0,0.0,0.0,0.0,0.0
12800,4847,2499,0.5155766453476377,1155,992,0.44295440478646586,1388,0.5727253971528781,0.39399999999999996,2.979131175468484,3.0568141984951893,6.467930029154519,2.178879021658258,8375.485372395295,506.4540571644595,7853.0,8866.4,8866.4,0.0,7853.0,0.0,28.18753868372189,20.861685677432725,32.954146341463414,19.144453310657635,0.1349288219517227,0.09428512481947597,0.09449143800288838,0.08685785021662884,0.0905714875180524,0.07262224056117186,0.07159067464410976,0.06395708685785022,0.056529812255003094,0.05075304311945533,0.04332576851660821,0.04373839488343305,0.030946977511863007,0.026820713843614608,0.019187126057355064,0.013204043738394884,0.006189395502372601,0.8773678815657512,0.03620444098259534,0.0,0.0,0.0,0.0,0.0,0.0,0.0,0.0,0.0,0.0,0.0,0.0,0.0,0.0,0.0,0.0,0.0,0.0,0.0,0.0,0.006189395502372603,0.024757582009490412,0.1671136785640603,0.47658345368268884,2.3457808953992165,7.860532288013205,12.056942438621832,5.378584691561792,1.3492882195172275,0.3342273571281206,4.208359923420549,2.8235121946956223,3.625,2.7357585785299112,0.8613806960345743,4.129093198992443,2.8025420152036,4.28783000643915,2.8427719242342024,1.0384435031608008,0.4028,0.00865,0.0,0.0,0.0,0.0,0.0,0.0,0.0,0.0,0.0,0.0,0.006189395502372603,11.208995254796765,18.78481534970085,0.0,0.0,0.0,0.0,0.0,0.0,0.0,0.0,0.0,0.0,0.0,0.0,0.0,0.0,0.0,0.0,0.0,nan,nan,4.206874602164227,2.823445281113173,nan,0.4028,0.0395,0.0,0.0,0.0,0.0,0.0,0.0,0.0,0.0,0.0,0.0,0.0,0.0,0.0,0.0,0.0,0.0,0.0,0.0,0.0,0.0,0.0,0.0,0.0,0.0,0.0,2.0631318341242005e-05,0.0003404167526304931,0.0004023107076542191,0.0028161749535795338,0.0022178667216835157,0.0008871466886734062,0.0043016298741489585,0.004972147720239324,0.033701258510418816,0.055529193315452856,0.029203631112028058,0.06590674644109759,0.05576645347637714,0.07487105426036723,0.08896224468743552,0.04939137610893336,0.1117392201361667,0.13716731999174747,0.06946564885496183,0.08509387249845266,0.03818857024963895,0.039127295234165464,0.029069527542809986,0.00833505260986177,0.0096760883020425,0.0018361873323705384,0.0007117804827728492,0.0,0.0002888384567773881,0.0,0.0,0.0,0.0,1.0315659170621002e-05,0.0,0.0,0.0,0.0,0.0,0.0,0.0,0.0,0.0,0.0,0.0,0.0,0.0,0.0,0.0,0.0,0.0,0.0,0.0,0.0,0.0,0.0,0.0,0.0,0.0,0.0,0.0,0.0,0.0,0.0,0.0,0.0,0.0,0.0,0.0,0.0,0.0,0.0,0.0,0.0,0.0,0.0,nan,nan,4.206874602164227,2.823445281113173,nan,0.8767715910521924,0.036955619423911366,0.0,0.0,0.0,0.0,0.0,0.0,0.0,0.0,0.0,0.0,0.0,0.0,0.0,0.0,0.0,0.0,0.0,0.0,0.0,0.0,0.01200480192076831,0.03601440576230493,0.20408163265306126,0.5282112845138038,2.376950780312125,7.81512605042017,12.01680672268908,5.366146458583435,1.2845138055222092,0.3601440576230493,0.8780025195527117,0.035376402485772555,0.0,0.0,0.0,0.0,0.0,0.0,0.0,0.0,0.0,0.0,0.0,0.0,0.0,0.0,0.0,0.0,0.0,0.0,0.0,0.0,0.0,0.012776831345826238,0.12776831345826237,0.4216354344122645,2.312606473594549,7.908858603066441,12.099659284497447,5.391822827938673,1.4182282793867125,0.3066439522998297,0.4028,0.008606,0.0,0.0,0.0,0.0,0.0,0.0,0.0,0.0,0.0,0.0,0.0,10.924369747899144,19.075630252100844,0.0,0.0,0.0,0.0,0.0,0.0,0.0,0.0,0.0,0.0,0.0,0.0,0.0,0.0,0.0,0.0,0.0,0.4026,0.00869,0.0,0.0,0.0,0.0,0.0,0.0,0.0,0.0,0.0,0.0,0.012776831345826238,11.511925042589422,18.47529812606474,0.0,0.0,0.0,0.0,0.0,0.0,0.0,0.0,0.0,0.0,0.0,0.0,0.0,0.0,0.0,0.0,0.0
12900,4759,2484,0.5219583946207187,1187,932,0.4452616095818449,1322,0.5555789031309099,0.40199999999999997,2.94989010989011,3.0298360650917666,6.347181008902077,2.0923626998043416,8381.952637108636,506.21113198122305,7853.0,8866.4,8866.4,0.0,7853.0,0.0,28.261189325488548,20.864336013060658,33.158852867830426,19.06884633190282,0.13658331582265182,0.09981088463963017,0.08867409119562933,0.08741332212649716,0.08047909224627023,0.07459550325698676,0.07165370876234503,0.062408068922042446,0.05883588989283463,0.05337255725992856,0.048539609161588566,0.04013448203404076,0.03593191847026686,0.02710653498634167,0.01975204874973734,0.008405127127547804,0.006303845345660853,0.8770328591816263,0.03592357434002993,0.0,0.0,0.0,0.0,0.0,0.0,0.0,0.0,0.0,0.0,0.0,0.0,0.0,0.0,0.0,0.0,0.0,0.0,0.0,0.0,0.0,0.006303845345660855,0.14498844295019964,0.5106114729985275,2.3135112418575337,7.879806682076068,12.103383063668842,5.339357007774744,1.304895986551797,0.39714225677663384,4.23022279625444,2.889240008887115,2.8,3.249615361854384,0.6619036714754599,4.179239200515796,2.886882168350002,4.275483870967742,2.893749480551395,1.0230292323157928,0.4026,0.00862,0.0,0.0,0.0,0.0,0.0,0.0,0.0,0.0,0.0,0.0,0.0,11.636898508089917,18.356797646564406,0.006303845345660855,0.0,0.0,0.0,0.0,0.0,0.0,0.0,0.0,0.0,0.0,0.0,0.0,0.0,0.0,0.0,0.0,nan,nan,4.227917472598324,2.8904265348686717,nan,0.4026,0.0395,0.0,0.0,0.0,0.0,0.0,0.0,0.0,0.0,0.0,0.0,0.0,0.0,0.0,0.0,0.0,0.0,0.0,0.0,0.0,0.0,0.0,0.0,0.0,0.0,0.0,6.303845345660853e-05,0.0005253204454717378,0.0002626602227358689,0.0033305316242908172,0.0015129228829586048,0.0006093717167472158,0.004580794284513553,0.005410800588358899,0.03398823282202143,0.05548434545072494,0.03137213700357218,0.0637528892624501,0.05699726833368355,0.07499474679554528,0.08960916158856903,0.0538978777054003,0.10498003782307207,0.13501786089514603,0.0705295230090355,0.08696154654339147,0.038033200252153815,0.039451565454927506,0.028871611683126706,0.0074490439167892416,0.009812985921412061,0.0017440638789661693,0.00043076276528682497,0.0,0.0003046858583736079,0.0,2.101281781886951e-05,0.0,0.0,0.0,0.0,0.0,0.0,0.0,0.0,0.0,0.0,0.0,0.0,0.0,0.0,0.0,0.0,0.0,0.0,0.0,0.0,0.0,0.0,0.0,0.0,0.0,0.0,0.0,0.0,0.0,0.0,0.0,0.0,0.0,0.0,0.0,0.0,0.0,0.0,0.0,0.0,0.0,0.0,0.0,0.0,0.0,nan,nan,4.227917472598324,2.8904265348686717,nan,0.8766784597902099,0.035717379119280086,0.0,0.0,0.0,0.0,0.0,0.0,0.0,0.0,0.0,0.0,0.0,0.0,0.0,0.0,0.0,0.0,0.0,0.0,0.0,0.0,0.0,0.0,0.18115942028985513,0.5072463768115927,2.1859903381642516,8.043478260869566,12.137681159420293,5.31400966183575,1.2439613526570052,0.3864734299516909,0.8774198165830676,0.0361434007830402,0.0,0.0,0.0,0.0,0.0,0.0,0.0,0.0,0.0,0.0,0.0,0.0,0.0,0.0,0.0,0.0,0.0,0.0,0.0,0.0,0.0,0.01318681318681319,0.10549450549450552,0.5142857142857127,2.4527472527472534,7.701098901098903,12.06593406593407,5.3670329670329675,1.3714285714285719,0.4087912087912089,0.4023,0.00878,0.0,0.0,0.0,0.0,0.0,0.0,0.0,0.0,0.0,0.0,0.0,11.944444444444427,18.04347826086957,0.012077294685990341,0.0,0.0,0.0,0.0,0.0,0.0,0.0,0.0,0.0,0.0,0.0,0.0,0.0,0.0,0.0,0.0,0.4026,0.00844,0.0,0.0,0.0,0.0,0.0,0.0,0.0,0.0,0.0,0.0,0.0,11.301098901098886,18.698901098901104,0.0,0.0,0.0,0.0,0.0,0.0,0.0,0.0,0.0,0.0,0.0,0.0,0.0,0.0,0.0,0.0,0.0
13000,4604,2424,0.526498696785404,1222,913,0.46372719374456994,1275,0.553866203301477,0.40599999999999997,2.958715596330275,3.065663973434407,6.407643312101911,2.16355279299128,8386.553779322327,505.9879094762122,7853.0,8866.4,8866.4,0.0,7853.0,0.0,28.77063423110339,20.90843983077801,33.607792873622145,19.030244301613497,0.13336229365768898,0.09556907037358818,0.0870981754995656,0.08188531711555169,0.08123370981754996,0.07710686359687229,0.0682015638575152,0.06537793223284101,0.05886185925282363,0.06277150304083405,0.04843614248479583,0.04365768896611642,0.03366637706342311,0.029539530842745437,0.015204170286707211,0.009774109470026065,0.008253692441355343,0.8783846495205376,0.035326183359854754,0.0,0.0,0.0,0.0,0.0,0.0,0.0,0.0,0.0,0.0,0.0,0.0,0.0,0.0,0.0,0.0,0.0,0.0,0.0,0.0,0.0,0.03258036490008689,0.09774109470026067,0.41051259774109344,2.0330147697654217,7.988705473501305,12.295829713292791,5.447437011294528,1.2836663770634233,0.4105125977410948,4.024844720496894,2.8932241410662582,4.125,3.370367190678191,1.0248842592592593,3.968565815324165,2.9236621497987847,4.0811688311688314,2.8643412125453294,1.0283737302301659,0.4026,0.00845,0.0,0.0,0.0,0.0,0.0,0.0,0.0,0.0,0.0,0.0,0.0,11.396611642050376,18.596872284969596,0.0065160729800173775,0.0,0.0,0.0,0.0,0.0,0.0,0.0,0.0,0.0,0.0,0.0,0.0,0.0,0.0,0.0,0.0,nan,nan,4.025105966742745,2.8945755481079103,nan,0.4026,0.03912,0.0,0.0,0.0,0.0,0.0,0.0,0.0,0.0,0.0,0.0,0.0,0.0,0.0,0.0,0.0,0.0,0.0,0.0,0.0,0.0,0.0,0.0,0.0,0.0,0.0,5.4300608166811465e-05,0.0008036490008688097,6.516072980017376e-05,0.003105994787141616,0.0013466550825369243,0.0009013900955690704,0.004930495221546482,0.004930495221546482,0.03325369244135534,0.05269331016507385,0.030701563857515206,0.06393353605560383,0.058742397914856644,0.07645525629887055,0.09048653344917464,0.054984795829713294,0.1039748045178106,0.13567549956559513,0.07302345786272807,0.08692441355343179,0.037728062554300605,0.037532580364900085,0.02846437880104257,0.00748262380538662,0.009915291051259774,0.001259774109470026,0.00040182450043440486,2.1720243266724587e-05,0.00020634231103388358,0.0,0.0,0.0,0.0,0.0,0.0,0.0,0.0,0.0,0.0,0.0,0.0,0.0,0.0,0.0,0.0,0.0,0.0,0.0,0.0,0.0,0.0,0.0,0.0,0.0,0.0,0.0,0.0,0.0,0.0,0.0,0.0,0.0,0.0,0.0,0.0,0.0,0.0,0.0,0.0,0.0,0.0,0.0,0.0,0.0,0.0,0.0,nan,nan,4.025105966742745,2.8945755481079103,nan,0.8789929294153409,0.035025922810536035,0.0,0.0,0.0,0.0,0.0,0.0,0.0,0.0,0.0,0.0,0.0,0.0,0.0,0.0,0.0,0.0,0.0,0.0,0.0,0.0,0.0,0.037128712871287134,0.07425742574257427,0.3712871287128701,1.9059405940594063,7.90841584158416,12.512376237623766,5.433168316831685,1.3242574257425745,0.4331683168316833,0.8777082869219124,0.03564489643763624,0.0,0.0,0.0,0.0,0.0,0.0,0.0,0.0,0.0,0.0,0.0,0.0,0.0,0.0,0.0,0.0,0.0,0.0,0.0,0.0,0.0,0.02752293577981652,0.12385321100917433,0.4541284403669711,2.174311926605505,8.077981651376149,12.055045871559637,5.463302752293579,1.2385321100917432,0.38532110091743127,0.4023,0.00843,0.0,0.0,0.0,0.0,0.0,0.0,0.0,0.0,0.0,0.0,0.0,11.485148514851469,18.502475247524757,0.012376237623762379,0.0,0.0,0.0,0.0,0.0,0.0,0.0,0.0,0.0,0.0,0.0,0.0,0.0,0.0,0.0,0.0,0.4026,0.00848,0.0,0.0,0.0,0.0,0.0,0.0,0.0,0.0,0.0,0.0,0.0,11.298165137614662,18.701834862385326,0.0,0.0,0.0,0.0,0.0,0.0,0.0,0.0,0.0,0.0,0.0,0.0,0.0,0.0,0.0,0.0,0.0
13100,4543,2294,0.5049526744441999,1093,937,0.44684129429892144,1277,0.5621835791327316,0.40199999999999997,2.907514450867052,3.0407608135761555,6.451355661881978,2.0694737127268144,8364.71904028175,506.67514171769864,7853.0,8866.4,8866.399999999998,1.8189894035458565e-12,7853.0,0.0,27.80145278450363,20.730830051892827,32.644857367181366,19.045580057306022,0.13449262601804976,0.1049966982170372,0.09685230024213075,0.08738718908210434,0.07924279110719788,0.0763812458727713,0.06559542152762492,0.06537530266343826,0.05965221219458507,0.04952674444199868,0.05062733876293198,0.037200088047545675,0.03411842394893242,0.02531366938146599,0.0162887959498129,0.010125467752586397,0.0068236847897864845,0.8783842345415536,0.03501166619752506,0.0,0.0,0.0,0.0,0.0,0.0,0.0,0.0,0.0,0.0,0.0,0.0,0.0,0.0,0.0,0.0,0.0,0.0,0.0,0.0,0.0,0.03962139555359895,0.07263922518159807,0.3764032577591888,2.086726832489545,7.864847017389392,12.322254017169275,5.639445300462251,1.1820383006823687,0.416024653312789,4.269786648313834,2.8552174666275447,4.0,1.9364916731037085,0.9368149580915538,4.195448460508701,2.844818330171723,4.347427766032417,2.860599407826091,1.0362248057518237,0.402,0.008286,0.0,0.0,0.0,0.0,0.0,0.0,0.0,0.0,0.0,0.0,0.0,11.945850759410064,18.054149240589922,0.0,0.0,0.0,0.0,0.0,0.0,0.0,0.0,0.0,0.0,0.0,0.0,0.0,0.0,0.0,0.0,0.0,nan,nan,4.2690459849004805,2.8531351554834794,nan,0.402,0.03943,0.0,0.0,0.0,0.0,0.0,0.0,0.0,0.0,0.0,0.0,0.0,0.0,0.0,0.0,0.0,0.0,0.0,0.0,0.0,0.0,0.0,0.0,0.0,0.0,0.0,3.301782962799912e-05,0.0009024873431653093,8.804754567466431e-05,0.0036319612590799033,0.0015848558221439578,0.0005282852740479859,0.005018710103455866,0.004919656614571869,0.036814880035219016,0.053532907770195905,0.02922077922077922,0.06497908870790227,0.05768214836011446,0.07642526964560863,0.09328637464230685,0.05438036539731455,0.10232225401716927,0.13110279550957518,0.074983491085186,0.08839973585736298,0.0361104996698217,0.035252036099493726,0.028505392912172575,0.007847237508254458,0.010653753026634382,0.0010565705480959718,0.0004732555580013207,3.301782962799912e-05,0.00023112480739599384,0.0,0.0,0.0,0.0,0.0,0.0,0.0,0.0,0.0,0.0,0.0,0.0,0.0,0.0,0.0,0.0,0.0,0.0,0.0,0.0,0.0,0.0,0.0,0.0,0.0,0.0,0.0,0.0,0.0,0.0,0.0,0.0,0.0,0.0,0.0,0.0,0.0,0.0,0.0,0.0,0.0,0.0,0.0,0.0,0.0,0.0,0.0,nan,nan,4.2690459849004805,2.8531351554834794,nan,0.8788306871339769,0.03523042612777254,0.0,0.0,0.0,0.0,0.0,0.0,0.0,0.0,0.0,0.0,0.0,0.0,0.0,0.0,0.0,0.0,0.0,0.0,0.0,0.0,0.0,0.02615518744551003,0.06538796861377508,0.4315605928509141,2.0401046207497826,7.781168265039234,12.201394943330431,5.845684394071492,1.1246730601569312,0.4838709677419356,0.8779288489270497,0.03478120858754374,0.0,0.0,0.0,0.0,0.0,0.0,0.0,0.0,0.0,0.0,0.0,0.0,0.0,0.0,0.0,0.0,0.0,0.0,0.0,0.0,0.0,0.05335704757670077,0.08003557136505114,0.3201422854602035,2.1342819030680307,7.950200088928415,12.445531347265455,5.429079590929303,1.2405513561582928,0.346820809248555,0.4019,0.00817,0.0,0.0,0.0,0.0,0.0,0.0,0.0,0.0,0.0,0.0,0.0,12.04446381865735,17.955536181342637,0.0,0.0,0.0,0.0,0.0,0.0,0.0,0.0,0.0,0.0,0.0,0.0,0.0,0.0,0.0,0.0,0.0,0.402,0.00841,0.0,0.0,0.0,0.0,0.0,0.0,0.0,0.0,0.0,0.0,0.0,11.84526456202755,18.154735437972434,0.0,0.0,0.0,0.0,0.0,0.0,0.0,0.0,0.0,0.0,0.0,0.0,0.0,0.0,0.0,0.0,0.0
13200,4638,2408,0.5191893057352307,1142,908,0.4420008624407072,1281,0.5523932729624839,0.39399999999999996,2.902690582959641,2.9611750679729933,6.166163141993958,2.0805973369493294,8379.146442432084,506.3266987595415,7853.0,8866.4,8866.399999999998,1.8189894035458565e-12,7853.0,0.0,28.621388529538596,21.146173736724183,33.45897043832824,19.388829412154873,0.1332470892626132,0.0963777490297542,0.09249676584734799,0.086244070720138,0.07826649417852523,0.07740405347132384,0.07115135834411385,0.06101768003449763,0.056705476498490726,0.05821474773609314,0.04721862871927555,0.03988788270806382,0.03363518758085381,0.028891763691246228,0.018973695558430356,0.011427339370418284,0.008840017248814143,0.8781821171031424,0.035524260255054056,0.0,0.0,0.0,0.0,0.0,0.0,0.0,0.0,0.0,0.0,0.0,0.0,0.0,0.0,0.0,0.0,0.0,0.0,0.0,0.0,0.0,0.025873221216041402,0.07115135834411386,0.4527813712807231,2.0116429495472192,8.285899094437259,12.089262613195347,5.33635187580854,1.2225097024579563,0.5045278137128073,4.116926134481616,2.780457822385179,3.0,1.8708286933869707,0.7286990103789525,4.181159420289855,2.7860916045834934,4.049169435215947,2.7717561582014367,0.9684322046097065,0.4023,0.008446,0.0,0.0,0.0,0.0,0.0,0.0,0.0,0.0,0.0,0.0,0.0,11.927554980595067,18.07244501940492,0.0,0.0,0.0,0.0,0.0,0.0,0.0,0.0,0.0,0.0,0.0,0.0,0.0,0.0,0.0,0.0,0.0,nan,nan,4.115448230234866,2.779747450293374,nan,0.4023,0.03937,0.0,0.0,0.0,0.0,0.0,0.0,0.0,0.0,0.0,0.0,0.0,0.0,0.0,0.0,0.0,0.0,0.0,0.0,0.0,0.0,0.0,0.0,0.0,0.0,0.0,9.702457956015524e-05,0.0008408796895213454,1.078050884001725e-05,0.003428201811125485,0.0018865890470030186,0.0004635618801207417,0.003967227253126347,0.005271668822768434,0.03566192324277706,0.05266278568348426,0.029851228978007762,0.06466149202242345,0.05905562742561449,0.07680034497628288,0.09439413540319103,0.05494825355756792,0.1034928848641656,0.12685424752048297,0.07436394997843898,0.08926261319534282,0.03592065545493747,0.0381845623113411,0.026929711082363087,0.008516601983613627,0.010252263906856404,0.0011211729193617939,0.00047434238896075894,0.00021561017680034498,0.0003988788270806382,0.0,1.078050884001725e-05,0.0,0.0,0.0,0.0,0.0,0.0,0.0,0.0,0.0,0.0,0.0,0.0,0.0,0.0,0.0,0.0,0.0,0.0,0.0,0.0,0.0,0.0,0.0,0.0,0.0,0.0,0.0,0.0,0.0,0.0,0.0,0.0,0.0,0.0,0.0,0.0,0.0,0.0,0.0,0.0,0.0,0.0,0.0,0.0,0.0,nan,nan,4.115448230234866,2.779747450293374,nan,0.8780748835730791,0.03601463769429751,0.0,0.0,0.0,0.0,0.0,0.0,0.0,0.0,0.0,0.0,0.0,0.0,0.0,0.0,0.0,0.0,0.0,0.0,0.0,0.0,0.0,0.04983388704318938,0.062292358803986723,0.4734219269102975,2.0058139534883725,8.334717607973424,11.897840531561465,5.3571428571428585,1.3455149501661134,0.4734219269102991,0.8782979100808969,0.034986654424553607,0.0,0.0,0.0,0.0,0.0,0.0,0.0,0.0,0.0,0.0,0.0,0.0,0.0,0.0,0.0,0.0,0.0,0.0,0.0,0.0,0.0,0.0,0.08071748878923768,0.4304932735425996,2.017937219730942,8.233183856502244,12.295964125560541,5.31390134529148,1.0896860986547088,0.5381165919282512,0.4023,0.00851,0.0,0.0,0.0,0.0,0.0,0.0,0.0,0.0,0.0,0.0,0.0,11.611295681063106,18.38870431893688,0.0,0.0,0.0,0.0,0.0,0.0,0.0,0.0,0.0,0.0,0.0,0.0,0.0,0.0,0.0,0.0,0.0,0.402,0.00838,0.0,0.0,0.0,0.0,0.0,0.0,0.0,0.0,0.0,0.0,0.0,12.269058295964108,17.730941704035878,0.0,0.0,0.0,0.0,0.0,0.0,0.0,0.0,0.0,0.0,0.0,0.0,0.0,0.0,0.0,0.0,0.0
13300,4353,2254,0.5178038134619802,1037,892,0.44314266023432114,1211,0.5563978865150471,0.422,2.989518818484993,3.1624109441243133,6.662629757785467,2.2194534703866533,8377.742384562373,506.37867486625396,7853.0,8866.4,8866.400000000001,1.8189894035458565e-12,7853.0,0.0,28.154606018837583,21.043995517368263,33.292548803959306,19.206665338395233,0.14105214794394672,0.09878244888582587,0.09372846312887664,0.08637721111876867,0.07489087985297496,0.07672869285550195,0.06685044796691937,0.0629450953365495,0.0576613829542844,0.052837123822651044,0.04916149781759706,0.04548587181254307,0.029864461291063633,0.025959108660693776,0.02067539627842867,0.009418791637950839,0.007580978635423846,0.8792322099468994,0.03422785260493547,0.0,0.0,0.0,0.0,0.0,0.0,0.0,0.0,0.0,0.0,0.0,0.0,0.0,0.0,0.0,0.0,0.0,0.0,0.0,0.0,0.0,0.020675396278428675,0.06891798759476224,0.45485871812542933,1.8676774638180569,7.53962784286699,12.763611302549968,5.616815988973123,1.2956581667815301,0.37215713301171616,4.266143417766679,2.8955818455310713,2.3333333333333335,2.0548046676563256,0.5469420750404193,4.263233190271817,2.897032444706052,4.265103056147832,2.8950017657889275,1.000438602767562,0.4023,0.00838,0.0,0.0,0.0,0.0,0.0,0.0,0.0,0.0,0.0,0.0,0.0,11.86767746381804,18.118538938662994,0.01378359751895245,0.0,0.0,0.0,0.0,0.0,0.0,0.0,0.0,0.0,0.0,0.0,0.0,0.0,0.0,0.0,0.0,nan,nan,4.26407697790449,2.8955023839347156,nan,0.4023,0.03964,0.0,0.0,0.0,0.0,0.0,0.0,0.0,0.0,0.0,0.0,0.0,0.0,0.0,0.0,0.0,0.0,0.0,0.0,0.0,0.0,0.0,0.0,0.0,0.0,0.0,5.743165632896853e-05,0.0009533654950608776,0.0,0.00452561451872272,0.002446588559614059,0.0006776935446818287,0.003675626005053986,0.00501952676315185,0.03672180105674248,0.05362968067999081,0.02941649437169768,0.0620491614978176,0.059430277969216634,0.07360441075120606,0.09063864001837812,0.05575465196416265,0.10431886055593843,0.13132322536181942,0.07441994027107741,0.09024810475534115,0.036779232713071444,0.036905582356995176,0.02634964392373076,0.008878934068458534,0.009614059269469332,0.0011945784516425454,0.0005168849069607167,0.00026418561911325524,0.0005398575694923041,3.445899379738111e-05,0.0,0.0,1.1486331265793706e-05,0.0,0.0,0.0,0.0,0.0,0.0,0.0,0.0,0.0,0.0,0.0,0.0,0.0,0.0,0.0,0.0,0.0,0.0,0.0,0.0,0.0,0.0,0.0,0.0,0.0,0.0,0.0,0.0,0.0,0.0,0.0,0.0,0.0,0.0,0.0,0.0,0.0,0.0,0.0,0.0,0.0,0.0,0.0,nan,nan,4.26407697790449,2.8955023839347156,nan,0.8781835239284739,0.03404207513221529,0.0,0.0,0.0,0.0,0.0,0.0,0.0,0.0,0.0,0.0,0.0,0.0,0.0,0.0,0.0,0.0,0.0,0.0,0.0,0.0,0.0,0.02661934338952973,0.07985803016858918,0.519077196095828,1.8899733806566108,7.626441881100268,12.737355811889977,5.643300798580303,1.2111801242236027,0.2661934338952973,0.8803583358571097,0.034390643637164826,0.0,0.0,0.0,0.0,0.0,0.0,0.0,0.0,0.0,0.0,0.0,0.0,0.0,0.0,0.0,0.0,0.0,0.0,0.0,0.0,0.0,0.014292520247737021,0.057170080990948086,0.38589804668889827,1.8437351119580756,7.446403049070988,12.791805621724635,5.5883754168651745,1.386374464030491,0.4859456884230587,0.4023,0.00843,0.0,0.0,0.0,0.0,0.0,0.0,0.0,0.0,0.0,0.0,0.0,11.685891748003533,18.300798580301688,0.013309671694764866,0.0,0.0,0.0,0.0,0.0,0.0,0.0,0.0,0.0,0.0,0.0,0.0,0.0,0.0,0.0,0.0,0.4023,0.00832,0.0,0.0,0.0,0.0,0.0,0.0,0.0,0.0,0.0,0.0,0.0,12.062887089090026,17.922820390662224,0.014292520247737021,0.0,0.0,0.0,0.0,0.0,0.0,0.0,0.0,0.0,0.0,0.0,0.0,0.0,0.0,0.0,0.0
13400,4492,2322,0.5169189670525378,1105,870,0.4396705253784506,1224,0.5449688334817453,0.39799999999999996,2.9373271889400923,3.005484732651433,6.228878648233487,2.072753936389716,8376.845681211042,506.4098296990385,7853.0,8866.4,8866.399999999998,1.8189894035458565e-12,7853.0,0.0,28.431878895814783,21.257737342318126,33.40354591161683,19.514927300206857,0.1371326803205699,0.10574354407836153,0.09082813891362422,0.07791629563668745,0.07813891362422083,0.0761353517364203,0.06678539626001781,0.06411398040961709,0.05543187889581478,0.06010685663401603,0.04719501335707925,0.040516473731077474,0.030721282279608193,0.028717720391807658,0.01892252894033838,0.01313446126447017,0.008459483526268923,0.8795899386556681,0.037005518075843576,0.0,0.0,0.0,0.0,0.0,0.0,0.0,0.0,0.0,0.0,0.0,0.0,0.0,0.0,0.0,0.0,0.0,0.0,0.0,0.0,0.0,0.06678539626001782,0.13357079252003565,0.4007123775601056,1.963490650044524,7.820569902048087,11.854407836153165,5.7902938557435455,1.4826357969723958,0.4875333926981301,4.258692628650904,2.797123291531199,5.5,2.2638462845343543,1.291476159372959,4.2487972508591065,2.790254936090486,4.2825330549756435,2.801641280033934,1.0079400833046848,0.4023,0.008224,0.0,0.0,0.0,0.0,0.0,0.0,0.0,0.0,0.0,0.0,0.0,11.320124666073003,18.67319679430098,0.006678539626001782,0.0,0.0,0.0,0.0,0.0,0.0,0.0,0.0,0.0,0.0,0.0,0.0,0.0,0.0,0.0,0.0,nan,nan,4.265560165975104,2.7959693494790905,nan,0.4023,0.0397,0.0,0.0,0.0,0.0,0.0,0.0,0.0,0.0,0.0,0.0,0.0,0.0,0.0,0.0,0.0,0.0,0.0,0.0,0.0,0.0,0.0,0.0,0.0,0.0,0.0,8.904719501335708e-05,0.000946126447016919,4.452359750667854e-05,0.004697239536954586,0.002092609082813891,0.0010129118432769368,0.0030721282279608194,0.005264915405164737,0.037666963490650046,0.053584149599287624,0.030053428317008014,0.06123107747105966,0.060262689225289406,0.0681433659839715,0.09091718610863758,0.05800311665182547,0.10339492430988424,0.13377114870881568,0.07446571682991986,0.08674309884238647,0.03861308993766696,0.0393699910952805,0.026369100623330366,0.008949243098842386,0.009205253784505789,0.0007457702582368656,0.0003784505788067676,0.00030053428317008014,0.0005120213713268032,0.00010017809439002671,0.0,0.0,0.0,0.0,0.0,0.0,0.0,0.0,0.0,0.0,0.0,0.0,0.0,0.0,0.0,0.0,0.0,0.0,0.0,0.0,0.0,0.0,0.0,0.0,0.0,0.0,0.0,0.0,0.0,0.0,0.0,0.0,0.0,0.0,0.0,0.0,0.0,0.0,0.0,0.0,0.0,0.0,0.0,0.0,0.0,0.0,nan,nan,4.265560165975104,2.7959693494790905,nan,0.8805813252361143,0.0372045824286003,0.0,0.0,0.0,0.0,0.0,0.0,0.0,0.0,0.0,0.0,0.0,0.0,0.0,0.0,0.0,0.0,0.0,0.0,0.0,0.0,0.0,0.03875968992248063,0.12919896640826875,0.3617571059431513,1.9121447028423777,7.739018087855299,11.731266149870804,6.033591731266151,1.472868217054264,0.5813953488372094,0.8785291093285732,0.03676171880990261,0.0,0.0,0.0,0.0,0.0,0.0,0.0,0.0,0.0,0.0,0.0,0.0,0.0,0.0,0.0,0.0,0.0,0.0,0.0,0.0,0.0,0.09677419354838712,0.13824884792626732,0.44239631336405394,2.0184331797235027,7.90783410138249,11.986175115207377,5.529953917050692,1.493087557603687,0.3870967741935485,0.4023,0.00824,0.0,0.0,0.0,0.0,0.0,0.0,0.0,0.0,0.0,0.0,0.0,11.356589147286806,18.630490956072354,0.012919896640826876,0.0,0.0,0.0,0.0,0.0,0.0,0.0,0.0,0.0,0.0,0.0,0.0,0.0,0.0,0.0,0.0,0.4023,0.00821,0.0,0.0,0.0,0.0,0.0,0.0,0.0,0.0,0.0,0.0,0.0,11.281105990783393,18.718894009216594,0.0,0.0,0.0,0.0,0.0,0.0,0.0,0.0,0.0,0.0,0.0,0.0,0.0,0.0,0.0,0.0,0.0
13500,4658,2339,0.5021468441391155,1074,1020,0.44954916273078577,1349,0.579218548733362,0.37399999999999994,2.9051315222078484,3.048630492615116,6.490654205607477,2.1733460160196207,8361.875611850579,506.6953292789222,7853.0,8866.4,8866.4,0.0,7853.0,0.0,28.078145126663806,20.6625630148388,32.89392012210634,18.88706252112557,0.13675397166165737,0.09982825246887075,0.09381708887934737,0.08480034349506226,0.07406612279948475,0.07578359811077716,0.07492486045513096,0.06247316444826106,0.0631172176899957,0.05452984113353371,0.04937741519965651,0.0369257191927866,0.03370545298411335,0.028123658222413053,0.0197509660798626,0.007084585659081151,0.00493774151996565,0.8795079098924028,0.03565397133961144,0.0,0.0,0.0,0.0,0.0,0.0,0.0,0.0,0.0,0.0,0.0,0.0,0.0,0.0,0.0,0.0,0.0,0.0,0.0,0.0,0.0064405324173465025,0.019321597252039507,0.07084585659081152,0.4379562043795607,1.9063975955345647,7.838127951910693,12.249892657793048,5.558179476170031,1.43623872906827,0.47659939888364117,4.308100929614874,2.8561158685100723,4.4,2.4166091947189146,1.0213316892725033,4.317969271877088,2.852725100447252,4.298684210526316,2.8580907052129008,0.9955337659588328,0.402,0.00843,0.0,0.0,0.0,0.0,0.0,0.0,0.0,0.0,0.0,0.0,0.0,12.082438814942018,17.911120652640623,0.0064405324173465025,0.0,0.0,0.0,0.0,0.0,0.0,0.0,0.0,0.0,0.0,0.0,0.0,0.0,0.0,0.0,0.0,nan,nan,4.3082532316871065,2.8554458953079735,nan,0.402,0.0397,0.0,0.0,0.0,0.0,0.0,0.0,0.0,0.0,0.0,0.0,0.0,0.0,0.0,0.0,0.0,0.0,0.0,0.0,0.0,0.0,0.0,0.0,0.0,0.0,0.0,9.660798626019751e-05,0.0011700300558179476,8.587376556462001e-05,0.004068269643623873,0.0021683125805066553,0.0014813224559896952,0.002984113353370545,0.006215113782739373,0.03590596822670674,0.05382138256762559,0.03052812365822241,0.06647702876771146,0.060723486474881926,0.06665951051953628,0.08957707170459425,0.058093602404465434,0.09889437526835551,0.13360884499785317,0.07349720910261914,0.09039287247745814,0.03966294547015887,0.038074280807213395,0.02711464147702877,0.008630313439244312,0.008469300128810649,0.00072992700729927,0.00046157148990983257,0.00022541863460712752,0.00010734220695577502,7.51395448690425e-05,0.0,0.0,0.0,0.0,0.0,0.0,0.0,0.0,0.0,0.0,0.0,0.0,0.0,0.0,0.0,0.0,0.0,0.0,0.0,0.0,0.0,0.0,0.0,0.0,0.0,0.0,0.0,0.0,0.0,0.0,0.0,0.0,0.0,0.0,0.0,0.0,0.0,0.0,0.0,0.0,0.0,0.0,0.0,0.0,0.0,0.0,nan,nan,4.3082532316871065,2.8554458953079735,nan,0.878615161607081,0.03635170005674511,0.0,0.0,0.0,0.0,0.0,0.0,0.0,0.0,0.0,0.0,0.0,0.0,0.0,0.0,0.0,0.0,0.0,0.0,0.0,0.0,0.01282599401453613,0.03847798204360839,0.07695596408721678,0.5130397605814435,2.077811030354853,7.9905942710560085,11.915348439504065,5.463873450192391,1.4493373236425826,0.46173578452330066,0.8804083576023501,0.03491299578171914,0.0,0.0,0.0,0.0,0.0,0.0,0.0,0.0,0.0,0.0,0.0,0.0,0.0,0.0,0.0,0.0,0.0,0.0,0.0,0.0,0.0,0.0,0.06468305304010351,0.36222509702457845,1.733505821474774,7.684346701164297,12.587322121604142,5.653298835705047,1.4230271668822772,0.49159120310478666,0.402,0.00831,0.0,0.0,0.0,0.0,0.0,0.0,0.0,0.0,0.0,0.0,0.0,11.774262505344147,18.22573749465584,0.0,0.0,0.0,0.0,0.0,0.0,0.0,0.0,0.0,0.0,0.0,0.0,0.0,0.0,0.0,0.0,0.0,0.402,0.00856,0.0,0.0,0.0,0.0,0.0,0.0,0.0,0.0,0.0,0.0,0.0,12.393272962483811,17.593790426908154,0.012936610608020701,0.0,0.0,0.0,0.0,0.0,0.0,0.0,0.0,0.0,0.0,0.0,0.0,0.0,0.0,0.0,0.0
13600,4260,2234,0.5244131455399061,1047,878,0.4518779342723005,1174,0.5511737089201878,0.418,2.8203356367226062,3.0118720480530956,6.386847195357833,2.182500544899878,8384.44028169014,506.09565149474685,7853.0,8866.4,8866.400000000001,1.8189894035458565e-12,7853.0,0.0,27.723708920187793,20.74212224123178,32.480111265646734,19.086942051365426,0.13568075117370892,0.10305164319248826,0.09436619718309859,0.08967136150234742,0.0795774647887324,0.08098591549295775,0.06877934272300469,0.06713615023474179,0.05539906103286385,0.04812206572769953,0.04671361502347418,0.04107981220657277,0.0284037558685446,0.022300469483568074,0.020422535211267606,0.0107981220657277,0.007511737089201878,0.8796340530327228,0.037168247720374525,0.0,0.0,0.0,0.0,0.0,0.0,0.0,0.0,0.0,0.0,0.0,0.0,0.0,0.0,0.0,0.0,0.0,0.0,0.0,0.0,0.0,0.02816901408450705,0.15492957746478875,0.5774647887323926,1.9084507042253525,7.380281690140847,12.14084507042254,5.887323943661974,1.4014084507042255,0.5211267605633804,4.11666059059424,2.8492740478430534,4.0,2.494438257849294,0.9716613531703862,4.145137880986938,2.830090802520279,4.0873362445414845,2.865942113842232,0.9860555575942166,0.4019,0.00852,0.0,0.0,0.0,0.0,0.0,0.0,0.0,0.0,0.0,0.0,0.0,12.514084507042234,17.48591549295775,0.0,0.0,0.0,0.0,0.0,0.0,0.0,0.0,0.0,0.0,0.0,0.0,0.0,0.0,0.0,0.0,0.0,nan,nan,4.116279069767442,2.8481934488584275,nan,0.4019,0.03986,0.0,0.0,0.0,0.0,0.0,0.0,0.0,0.0,0.0,0.0,0.0,0.0,0.0,0.0,0.0,0.0,0.0,0.0,0.0,0.0,0.0,0.0,0.0,0.0,0.0,5.868544600938967e-05,0.0015023474178403756,3.5211267605633805e-05,0.004201877934272301,0.0022300469483568074,0.0016197183098591549,0.0025704225352112674,0.007417840375586854,0.0365962441314554,0.054683098591549295,0.03085680751173709,0.06551643192488263,0.06328638497652582,0.06481220657276995,0.08809859154929578,0.05825117370892019,0.09652582159624414,0.13309859154929576,0.07151408450704225,0.09583333333333334,0.041338028169014086,0.03767605633802817,0.023004694835680753,0.009389671361502348,0.00835680751173709,0.0008450704225352113,0.00035211267605633805,0.00015258215962441314,5.868544600938967e-05,0.00011737089201877934,0.0,0.0,0.0,0.0,0.0,0.0,0.0,0.0,0.0,0.0,0.0,0.0,0.0,0.0,0.0,0.0,0.0,0.0,0.0,0.0,0.0,0.0,0.0,0.0,0.0,0.0,0.0,0.0,0.0,0.0,0.0,0.0,0.0,0.0,0.0,0.0,0.0,0.0,0.0,0.0,0.0,0.0,0.0,0.0,0.0,0.0,nan,nan,4.116279069767442,2.8481934488584275,nan,0.8791442870453413,0.03696941114573414,0.0,0.0,0.0,0.0,0.0,0.0,0.0,0.0,0.0,0.0,0.0,0.0,0.0,0.0,0.0,0.0,0.0,0.0,0.0,0.0,0.0,0.013428827215756493,0.16114592658907792,0.5908683974932838,2.0277529095792306,7.332139659803046,12.126230975828115,5.948970456580127,1.3025962399283797,0.49686660698299023,0.8801741010168345,0.03737883339900974,0.0,0.0,0.0,0.0,0.0,0.0,0.0,0.0,0.0,0.0,0.0,0.0,0.0,0.0,0.0,0.0,0.0,0.0,0.0,0.0,0.0,0.04442250740375124,0.1480750246791708,0.5626850937808472,1.7769002961500497,7.433366238894375,12.156959526159925,5.819348469891413,1.510365251727542,0.547877591312932,0.4019,0.00843,0.0,0.0,0.0,0.0,0.0,0.0,0.0,0.0,0.0,0.0,0.0,12.515666965085032,17.484333034914954,0.0,0.0,0.0,0.0,0.0,0.0,0.0,0.0,0.0,0.0,0.0,0.0,0.0,0.0,0.0,0.0,0.0,0.4016,0.00862,0.0,0.0,0.0,0.0,0.0,0.0,0.0,0.0,0.0,0.0,0.0,12.512339585389913,17.487660414610072,0.0,0.0,0.0,0.0,0.0,0.0,0.0,0.0,0.0,0.0,0.0,0.0,0.0,0.0,0.0,0.0,0.0
13700,4323,2211,0.5114503816793893,1033,881,0.44274809160305345,1237,0.5722877631274578,0.422,2.9990530303030303,3.149675165585006,6.567796610169491,2.1315976882130663,8371.303816793892,506.56711444369694,7853.0,8866.4,8866.4,0.0,7853.0,0.0,27.96622715706685,21.008491443644076,33.188820912124584,19.176604374587576,0.14480684709692343,0.09923664122137404,0.08975248669905159,0.08281286143881564,0.08512606985889429,0.07425399028452463,0.06546379828822577,0.06500115660421003,0.05713624797594263,0.055285681239879716,0.043950959981494335,0.043950959981494335,0.028452463566967384,0.025213971778857276,0.02266944251677076,0.011566042100393246,0.005320379366180893,0.8771359610965674,0.03579455110704849,0.0,0.0,0.0,0.0,0.0,0.0,0.0,0.0,0.0,0.0,0.0,0.0,0.0,0.0,0.0,0.0,0.0,0.0,0.0,0.0,0.0,0.006939625260235949,0.16655100624566277,0.5204718945176945,2.0888272033310207,8.27203331020125,11.970853573907013,5.357390700902152,1.1450381679389314,0.4718945176960445,4.34785740007202,2.926538434083633,3.6,3.720215047547655,0.8279940367732317,4.384285714285714,2.980802179389478,4.308472121650977,2.874718243433374,0.9827078804678019,0.402,0.008385,0.0,0.0,0.0,0.0,0.0,0.0,0.0,0.0,0.0,0.0,0.0,12.2623178348369,17.737682165163086,0.0,0.0,0.0,0.0,0.0,0.0,0.0,0.0,0.0,0.0,0.0,0.0,0.0,0.0,0.0,0.0,0.0,nan,nan,4.346513299784328,2.9283291916080953,nan,0.4019,0.04,0.0,0.0,0.0,0.0,0.0,0.0,0.0,0.0,0.0,0.0,0.0,0.0,0.0,0.0,0.0,0.0,0.0,0.0,0.0,0.0,0.0,0.0,0.0,0.0,0.0,2.313208420078649e-05,0.0017927365255609531,0.0,0.004695813092759658,0.0020587554938699976,0.0021628498727735367,0.00263705759888966,0.00748322923895443,0.037219523479065465,0.05409437890353921,0.029157992135091373,0.06480453388850335,0.060525098311357856,0.06323155216284987,0.08841082581540596,0.06172796668979875,0.09538514920194309,0.12886884108258154,0.07263474439046957,0.10105250983113578,0.04250520471894518,0.038433957899606755,0.021605366643534584,0.00876705991209808,0.009403192227619709,0.0008096229470275272,0.00021975479990747165,0.00026601896830904463,0.0,2.313208420078649e-05,0.0,0.0,0.0,0.0,0.0,0.0,0.0,0.0,0.0,0.0,0.0,0.0,0.0,0.0,0.0,0.0,0.0,0.0,0.0,0.0,0.0,0.0,0.0,0.0,0.0,0.0,0.0,0.0,0.0,0.0,0.0,0.0,0.0,0.0,0.0,0.0,0.0,0.0,0.0,0.0,0.0,0.0,0.0,0.0,0.0,0.0,nan,nan,4.346513299784328,2.9283291916080953,nan,0.8769920354027492,0.036127567185971064,0.0,0.0,0.0,0.0,0.0,0.0,0.0,0.0,0.0,0.0,0.0,0.0,0.0,0.0,0.0,0.0,0.0,0.0,0.0,0.0,0.0,0.0,0.17639077340569884,0.5291723202170947,2.211668928086839,8.018995929443692,12.062415196743558,5.278154681139757,1.289009497964722,0.4341926729986432,0.8772866333072836,0.03544194641795109,0.0,0.0,0.0,0.0,0.0,0.0,0.0,0.0,0.0,0.0,0.0,0.0,0.0,0.0,0.0,0.0,0.0,0.0,0.0,0.0,0.0,0.014204545454545458,0.15625000000000003,0.5113636363636348,1.9602272727272732,8.53693181818182,11.875000000000004,5.44034090909091,0.994318181818182,0.5113636363636365,0.402,0.008316,0.0,0.0,0.0,0.0,0.0,0.0,0.0,0.0,0.0,0.0,0.0,12.293080054274066,17.706919945725918,0.0,0.0,0.0,0.0,0.0,0.0,0.0,0.0,0.0,0.0,0.0,0.0,0.0,0.0,0.0,0.0,0.0,0.4019,0.00845,0.0,0.0,0.0,0.0,0.0,0.0,0.0,0.0,0.0,0.0,0.0,12.230113636363619,17.769886363636367,0.0,0.0,0.0,0.0,0.0,0.0,0.0,0.0,0.0,0.0,0.0,0.0,0.0,0.0,0.0,0.0,0.0
13800,4434,2270,0.5119530897609382,1114,946,0.4645917907081642,1283,0.5787099684258006,0.40199999999999997,2.9491682070240297,3.0457394640680957,6.451718494271685,2.1760960312268245,8371.813261163736,506.5551884089027,7853.0,8866.4,8866.4,0.0,7853.0,0.0,28.570590888588182,20.898742093154798,33.3264221158958,19.104202031445546,0.13328822733423545,0.09336941813261164,0.09066305818673884,0.09179070816418583,0.07352277852954443,0.07555254848894903,0.06901217861975643,0.06765899864682003,0.06698240866035182,0.05367613892647722,0.04758682904826342,0.043752819124943616,0.03134866937302661,0.02277852954442941,0.018718989625620207,0.011953089760938205,0.008344609833107803,0.8765461092792118,0.03561868302191982,0.0,0.0,0.0,0.0,0.0,0.0,0.0,0.0,0.0,0.0,0.0,0.0,0.0,0.0,0.0,0.0,0.0,0.0,0.0,0.0,0.0,0.020297699594046013,0.11502029769959407,0.5142083897158306,2.1650879566982413,8.491204330175915,11.989174560216512,5.033829499323411,1.2922868741542628,0.37889039242219225,4.207681849082257,2.872317203053915,5.444444444444445,2.8327886186626583,1.2939296837834684,4.243771043771043,2.8803005457372555,4.1787175989085945,2.8652283358990753,0.984670840110959,0.402,0.008575,0.0,0.0,0.0,0.0,0.0,0.0,0.0,0.0,0.0,0.0,0.0,12.002706359945854,17.99729364005413,0.0,0.0,0.0,0.0,0.0,0.0,0.0,0.0,0.0,0.0,0.0,0.0,0.0,0.0,0.0,0.0,0.0,nan,nan,4.211453744493392,2.873006969874039,nan,0.402,0.04004,0.0,0.0,0.0,0.0,0.0,0.0,0.0,0.0,0.0,0.0,0.0,0.0,0.0,0.0,0.0,0.0,0.0,0.0,0.0,0.0,0.0,0.0,0.0,0.0,0.0,4.510599909788002e-05,0.0014433919711321606,3.3829499323410016e-05,0.0049165539016689215,0.0027063599458728013,0.0019282814614343708,0.002898060442038791,0.007126747857465043,0.036423094271538115,0.056089309878213804,0.02814614343707713,0.06370094722598106,0.0609043752819125,0.0616147947677041,0.08528416779431665,0.06283265674334687,0.09644790257104195,0.1299954894000902,0.07300405953991881,0.10386783942264322,0.04087731168245377,0.03868967072620658,0.02178619756427605,0.008930987821380243,0.008829499323410013,0.0009697789806044204,0.00036084799278304015,0.00014659449706811006,0.0,0.0,0.0,0.0,0.0,0.0,0.0,0.0,0.0,0.0,0.0,0.0,0.0,0.0,0.0,0.0,0.0,0.0,0.0,0.0,0.0,0.0,0.0,0.0,0.0,0.0,0.0,0.0,0.0,0.0,0.0,0.0,0.0,0.0,0.0,0.0,0.0,0.0,0.0,0.0,0.0,0.0,0.0,0.0,0.0,0.0,0.0,0.0,nan,nan,4.211453744493392,2.873006969874039,nan,0.8765417077205254,0.03548957651465949,0.0,0.0,0.0,0.0,0.0,0.0,0.0,0.0,0.0,0.0,0.0,0.0,0.0,0.0,0.0,0.0,0.0,0.0,0.0,0.0,0.0,0.026431718061674016,0.10572687224669607,0.46255506607929375,2.259911894273128,8.365638766519826,11.986784140969165,5.2334801762114544,1.1497797356828197,0.4096916299559472,0.8765507264410501,0.0357536120033677,0.0,0.0,0.0,0.0,0.0,0.0,0.0,0.0,0.0,0.0,0.0,0.0,0.0,0.0,0.0,0.0,0.0,0.0,0.0,0.0,0.0,0.013863216266173756,0.1247689463955638,0.568391866913122,2.0656192236598896,8.622920517560075,11.9916820702403,4.824399260628467,1.4417744916820707,0.34658040665434386,0.402,0.00844,0.0,0.0,0.0,0.0,0.0,0.0,0.0,0.0,0.0,0.0,0.0,11.828193832599101,18.171806167400884,0.0,0.0,0.0,0.0,0.0,0.0,0.0,0.0,0.0,0.0,0.0,0.0,0.0,0.0,0.0,0.0,0.0,0.402,0.00871,0.0,0.0,0.0,0.0,0.0,0.0,0.0,0.0,0.0,0.0,0.0,12.185767097966712,17.814232902033275,0.0,0.0,0.0,0.0,0.0,0.0,0.0,0.0,0.0,0.0,0.0,0.0,0.0,0.0,0.0,0.0,0.0
13900,4569,2378,0.5204639964981397,1143,932,0.4541475158678048,1281,0.5607353906762967,0.40599999999999997,2.962117754450023,3.127581965657006,6.694078947368421,2.0723344817605165,8380.438214051215,506.2754353886487,7853.0,8866.4,8866.399999999998,1.8189894035458565e-12,7853.0,0.0,27.852265265922522,20.64578587254892,32.81246739697444,18.826349779620802,0.14248194353250165,0.09564456117312323,0.09148610199168308,0.08579557890129132,0.08251258481068068,0.07660319544758153,0.06806741081199387,0.06412781790326111,0.059969358721820964,0.05734296344933246,0.04683738235937842,0.04289778945064566,0.03195447581527686,0.01926023199824907,0.019916830816371196,0.009192383453709783,0.005909389363099146,0.8761004229999784,0.035696077588089195,0.0,0.0,0.0,0.0,0.0,0.0,0.0,0.0,0.0,0.0,0.0,0.0,0.0,0.0,0.0,0.0,0.0,0.0,0.0,0.0,0.0,0.03282994090610637,0.14445173998686806,0.5581089954038065,2.193040052527906,8.371634931057125,12.107682206172033,5.062376887721603,1.1884438608010508,0.3414313854235063,4.241004752206382,2.9416644766853026,5.181818181818182,2.9485954073139737,1.2218373910386076,4.2303030303030305,2.9332915933252015,4.254928619986404,2.948389248748894,1.0058212353836056,0.4019,0.00852,0.0,0.0,0.0,0.0,0.0,0.0,0.0,0.0,0.0,0.0,0.0,12.20617202889033,17.793827971109653,0.0,0.0,0.0,0.0,0.0,0.0,0.0,0.0,0.0,0.0,0.0,0.0,0.0,0.0,0.0,0.0,0.0,nan,nan,4.244504565437944,2.942247811516243,nan,0.4019,0.0399,0.0,0.0,0.0,0.0,0.0,0.0,0.0,0.0,0.0,0.0,0.0,0.0,0.0,0.0,0.0,0.0,0.0,0.0,0.0,0.0,0.0,0.0,1.094331363536879e-05,0.0,1.094331363536879e-05,0.0,0.0009192383453709783,0.00014226307725979427,0.005077697526811118,0.002298095863427446,0.001871306631648063,0.0027358284088421976,0.006423725103961479,0.0376231122783979,0.05839352155832786,0.02800393959290873,0.06266141387612169,0.06228934121251915,0.05935653315824031,0.08647406434668417,0.06279273363974612,0.10039395929087327,0.12458962573867367,0.07692055154300723,0.10358940687240097,0.03946158896913986,0.03728386955570147,0.02196323046618516,0.008481068067410813,0.008437294812869338,0.0011709345589844605,0.000525279054497702,8.754650908295032e-05,1.094331363536879e-05,0.0,0.0,0.0,0.0,0.0,0.0,0.0,0.0,0.0,0.0,0.0,0.0,0.0,0.0,0.0,0.0,0.0,0.0,0.0,0.0,0.0,0.0,0.0,0.0,0.0,0.0,0.0,0.0,0.0,0.0,0.0,0.0,0.0,0.0,0.0,0.0,0.0,0.0,0.0,0.0,0.0,0.0,0.0,0.0,0.0,0.0,0.0,nan,nan,4.244504565437944,2.942247811516243,nan,0.8764129624184287,0.035328702804611326,0.0,0.0,0.0,0.0,0.0,0.0,0.0,0.0,0.0,0.0,0.0,0.0,0.0,0.0,0.0,0.0,0.0,0.0,0.0,0.0,0.0,0.03784693019343987,0.12615643397813292,0.5677039529015963,1.9932716568545,8.376787216148026,12.388561816652652,4.970563498738437,1.1606391925988226,0.37846930193439876,0.8757612086060601,0.036087512733198414,0.0,0.0,0.0,0.0,0.0,0.0,0.0,0.0,0.0,0.0,0.0,0.0,0.0,0.0,0.0,0.0,0.0,0.0,0.0,0.0,0.0,0.027384755819260618,0.1643085349155637,0.5476951163852106,2.4098585120949343,8.366042902784118,11.802829758101327,5.162026471930626,1.2186216339570974,0.3012323140118668,0.402,0.00852,0.0,0.0,0.0,0.0,0.0,0.0,0.0,0.0,0.0,0.0,0.0,11.972245584524794,18.027754415475194,0.0,0.0,0.0,0.0,0.0,0.0,0.0,0.0,0.0,0.0,0.0,0.0,0.0,0.0,0.0,0.0,0.0,0.4019,0.00852,0.0,0.0,0.0,0.0,0.0,0.0,0.0,0.0,0.0,0.0,0.0,12.46006389776356,17.539936102236425,0.0,0.0,0.0,0.0,0.0,0.0,0.0,0.0,0.0,0.0,0.0,0.0,0.0,0.0,0.0,0.0,0.0
14000,4594,2366,0.5150195907705704,1143,919,0.44884632128863733,1257,0.5472355245973008,0.418,2.9784560143626573,3.1379822537874578,6.684552845528455,2.1064373853949383,8374.920853286896,506.4713374172507,7853.0,8866.4,8866.4,0.0,7853.0,0.0,27.737919024814975,20.797039691438535,32.78072916666667,19.023186058114696,0.14257727470613843,0.09860687853722247,0.09599477579451458,0.08837614279494993,0.07858075750979539,0.07074444928167174,0.07226817588158467,0.05986068785372225,0.06094906399651719,0.05158902916848063,0.050500653025685675,0.039834566826295166,0.03156290814105355,0.023073574227252938,0.019808445798868087,0.00957771005659556,0.0060949063996517195,0.8744347710219165,0.03474172416599216,0.0,0.0,0.0,0.0,0.0,0.0,0.0,0.0,0.0,0.0,0.0,0.0,0.0,0.0,0.0,0.0,0.0,0.0,0.0,0.0,0.0,0.013060513713539402,0.09795385285154552,0.5354810622551137,2.461906835002177,8.841967784066174,11.956900304745323,4.747496734871572,1.0317805833696128,0.31345232912494564,4.2656196654148175,2.927678855769894,4.0,2.1213203435596424,0.9377301104530175,4.320626276378489,2.9819042421485618,4.209128065395095,2.8675101091549906,0.9741939700749007,0.4019,0.008766,0.0,0.0,0.0,0.0,0.0,0.0,0.0,0.0,0.0,0.0,0.006530256856769701,12.544623421854576,17.44884632128864,0.0,0.0,0.0,0.0,0.0,0.0,0.0,0.0,0.0,0.0,0.0,0.0,0.0,0.0,0.0,0.0,0.0,nan,nan,4.264896152536602,2.9258170560483743,nan,0.4019,0.04004,0.0,0.0,0.0,0.0,0.0,0.0,0.0,0.0,0.0,0.0,0.0,0.0,0.0,0.0,0.0,0.0,0.0,0.0,0.0,0.0,0.0,0.0,0.0,0.0,0.0001197213757074445,0.0,0.001044841097083152,2.1767522855899e-05,0.0055398345668262955,0.0028733130169786678,0.002198519808445799,0.0023835437527209404,0.006802350892468437,0.036852416195037006,0.061003482803656944,0.030311275576839356,0.05821723987810187,0.061014366565084896,0.05865259033521985,0.08404440574662603,0.06592294296909011,0.09911841532433609,0.12562037440139312,0.07822159338267305,0.10132781889420985,0.03957335655202438,0.039834566826295166,0.023073574227252938,0.007662168045276448,0.007020026121027427,0.0008707009142359599,0.000500653025685677,0.0001197213757074445,0.0,5.4418807139747494e-05,0.0,0.0,0.0,0.0,0.0,0.0,0.0,0.0,0.0,0.0,0.0,0.0,0.0,0.0,0.0,0.0,0.0,0.0,0.0,0.0,0.0,0.0,0.0,0.0,0.0,0.0,0.0,0.0,0.0,0.0,0.0,0.0,0.0,0.0,0.0,0.0,0.0,0.0,0.0,0.0,0.0,0.0,0.0,0.0,0.0,0.0,nan,nan,4.264896152536602,2.9258170560483743,nan,0.874280767479088,0.03549838560856074,0.0,0.0,0.0,0.0,0.0,0.0,0.0,0.0,0.0,0.0,0.0,0.0,0.0,0.0,0.0,0.0,0.0,0.0,0.0,0.0,0.0,0.012679628064243453,0.11411665257819106,0.6339814032121704,2.4598478444632295,8.698224852071007,12.083685545224009,4.539306846999155,1.1284868977176672,0.3296703296703298,0.874598313383825,0.03391895564900434,0.0,0.0,0.0,0.0,0.0,0.0,0.0,0.0,0.0,0.0,0.0,0.0,0.0,0.0,0.0,0.0,0.0,0.0,0.0,0.0,0.0,0.01346499102333932,0.08078994614003591,0.4308797127468568,2.4640933572710955,8.994614003590666,11.822262118491924,4.968581687612209,0.9290843806104131,0.29622980251346503,0.402,0.00884,0.0,0.0,0.0,0.0,0.0,0.0,0.0,0.0,0.0,0.0,0.0,12.413355874894318,17.586644125105668,0.0,0.0,0.0,0.0,0.0,0.0,0.0,0.0,0.0,0.0,0.0,0.0,0.0,0.0,0.0,0.0,0.0,0.4016,0.00869,0.0,0.0,0.0,0.0,0.0,0.0,0.0,0.0,0.0,0.0,0.01346499102333932,12.684021543985619,17.302513464991026,0.0,0.0,0.0,0.0,0.0,0.0,0.0,0.0,0.0,0.0,0.0,0.0,0.0,0.0,0.0,0.0,0.0
14100,4811,2450,0.5092496362502599,1145,992,0.4441903970068593,1359,0.5649553107462066,0.39799999999999996,2.9779754341380773,3.1048905093757897,6.593423019431988,2.1328840595513023,8369.073581376013,506.6132903627649,7853.0,8866.4,8866.399999999998,1.8189894035458565e-12,7853.0,0.0,27.797547287466223,20.701874750339773,32.54702117183653,19.02901797518713,0.133236333402619,0.10392849719393057,0.09706921637913116,0.09270421949698607,0.07565994595718147,0.07482851797963001,0.06713780918727916,0.06381209727707338,0.05965495738931615,0.05383496154645604,0.049262107669923096,0.03450426106838495,0.03595926002909998,0.02535855331531906,0.015589274579089585,0.011432134691332363,0.006027852837247973,0.8741262310682625,0.03559468139507005,0.0,0.0,0.0,0.0,0.0,0.0,0.0,0.0,0.0,0.0,0.0,0.0,0.0,0.0,0.0,0.0,0.0,0.0,0.0,0.0,0.0062357098316358365,0.024942839326543346,0.16212845562253175,0.49885678653086524,2.394512575348161,9.054250675535233,12.022448555393892,4.246518395344004,1.215963417168988,0.3741425898981502,4.313578638879844,2.869517979095768,4.4,3.411744421846396,1.0200347248433608,4.2631578947368425,2.8562877133413997,4.362179487179487,2.8859039144922667,1.0232272871161758,0.4014,0.008575,0.0,0.0,0.0,0.0,0.0,0.0,0.0,0.0,0.0,0.0,0.0062357098316358365,13.001454998960696,16.99230929120765,0.0,0.0,0.0,0.0,0.0,0.0,0.0,0.0,0.0,0.0,0.0,0.0,0.0,0.0,0.0,0.0,0.0,nan,nan,4.313859136643947,2.871447720908878,nan,0.4014,0.04034,0.0,0.0,0.0,0.0,0.0,0.0,0.0,0.0,0.0,0.0,0.0,0.0,0.0,0.0,0.0,0.0,0.0,0.0,0.0,0.0,0.0,0.0,6.235709831635835e-05,0.0,0.0004157139887757223,0.0,0.0014757846601538142,1.0392849719393058e-05,0.005227603408854708,0.0029515693203076283,0.0015173560590313864,0.0023176054874246518,0.007233423404697568,0.037351901891498646,0.06581791727291623,0.029110372064019955,0.05632924547911037,0.06276241945541468,0.05678653086676367,0.08385990438578259,0.06730409478278944,0.1005923924340054,0.12295780503013927,0.07548326751195178,0.10127832051548534,0.03944086468509665,0.04055289960507171,0.022864269382664726,0.007586780295156932,0.006734566618166701,0.0010288921222199128,0.0006651423820411557,0.00013510704635210974,0.0,0.0001454998960715028,0.0,0.0,0.0,0.0,0.0,0.0,0.0,0.0,0.0,0.0,0.0,0.0,0.0,0.0,0.0,0.0,0.0,0.0,0.0,0.0,0.0,0.0,0.0,0.0,0.0,0.0,0.0,0.0,0.0,0.0,0.0,0.0,0.0,0.0,0.0,0.0,0.0,0.0,0.0,0.0,0.0,0.0,0.0,0.0,0.0,0.0,nan,nan,4.313859136643947,2.871447720908878,nan,0.8745511785088753,0.035753813585864005,0.0,0.0,0.0,0.0,0.0,0.0,0.0,0.0,0.0,0.0,0.0,0.0,0.0,0.0,0.0,0.0,0.0,0.0,0.0,0.0,0.012244897959183676,0.036734693877551024,0.07346938775510205,0.5265306122448963,2.375510204081633,8.975510204081635,12.036734693877554,4.346938775510205,1.1632653061224492,0.453061224489796,0.8736852648550048,0.0354234056723313,0.0,0.0,0.0,0.0,0.0,0.0,0.0,0.0,0.0,0.0,0.0,0.0,0.0,0.0,0.0,0.0,0.0,0.0,0.0,0.0,0.0,0.01270648030495553,0.2541296060991106,0.47013977128335305,2.4142312579415504,9.135959339263026,12.007623888182977,4.142312579415503,1.270648030495553,0.2922490470139772,0.4016,0.00881,0.0,0.0,0.0,0.0,0.0,0.0,0.0,0.0,0.0,0.0,0.012244897959183676,12.832653061224471,17.15510204081633,0.0,0.0,0.0,0.0,0.0,0.0,0.0,0.0,0.0,0.0,0.0,0.0,0.0,0.0,0.0,0.0,0.0,0.4014,0.008316,0.0,0.0,0.0,0.0,0.0,0.0,0.0,0.0,0.0,0.0,0.0,13.176620076238864,16.82337992376112,0.0,0.0,0.0,0.0,0.0,0.0,0.0,0.0,0.0,0.0,0.0,0.0,0.0,0.0,0.0,0.0,0.0
14200,4650,2351,0.5055913978494624,1090,947,0.43806451612903224,1325,0.5698924731182796,0.414,3.011744236624619,3.09166068160233,6.453194650817236,2.181502553297997,8365.366322580645,506.6683163455278,7853.0,8866.4,8866.4,0.0,7853.0,0.0,28.2294623655914,21.21338674352363,33.39263645726056,19.399044360259545,0.14451612903225808,0.09806451612903226,0.09591397849462366,0.07978494623655914,0.07655913978494623,0.07397849462365591,0.06688172043010752,0.06279569892473118,0.05956989247311828,0.053763440860215055,0.045806451612903226,0.046021505376344085,0.03139784946236559,0.026021505376344085,0.0189247311827957,0.010752688172043012,0.009247311827956989,0.8754813802626825,0.035962347545594686,0.0,0.0,0.0,0.0,0.0,0.0,0.0,0.0,0.0,0.0,0.0,0.0,0.0,0.0,0.0,0.0,0.0,0.0,0.0,0.0,0.0,0.03225806451612904,0.09032258064516131,0.5290322580645145,2.3483870967741938,8.490322580645163,12.167741935483875,4.75483870967742,1.2000000000000002,0.3870967741935485,4.314734380220514,2.8357132613469185,3.6666666666666665,2.494438257849294,0.8498012492901761,4.3249503639973526,2.8618591573862644,4.303030303030303,2.8083133396928024,0.994931719644803,0.402,0.00859,0.0,0.0,0.0,0.0,0.0,0.0,0.0,0.0,0.0,0.0,0.0,12.225806451612886,17.7741935483871,0.0,0.0,0.0,0.0,0.0,0.0,0.0,0.0,0.0,0.0,0.0,0.0,0.0,0.0,0.0,0.0,0.0,nan,nan,4.314085447263017,2.8354661620004626,nan,0.402,0.04056,0.0,0.0,0.0,0.0,0.0,0.0,0.0,0.0,0.0,0.0,0.0,0.0,0.0,0.0,0.0,0.0,0.0,0.0,0.0,0.0,0.0,0.0,6.451612903225807e-05,0.0,0.0006021505376344086,0.0,0.0014086021505376343,3.2258064516129034e-05,0.004956989247311828,0.0032150537634408603,0.0011935483870967741,0.002021505376344086,0.006473118279569892,0.03653763440860215,0.0656236559139785,0.030150537634408604,0.05455913978494624,0.06306451612903226,0.05613978494623656,0.08313978494623656,0.06909677419354839,0.0966989247311828,0.1225483870967742,0.07508602150537634,0.10175268817204301,0.041268817204301075,0.043774193548387096,0.02304301075268817,0.007053763440860215,0.007881720430107526,0.0014946236559139786,0.0007956989247311828,6.451612903225807e-05,0.0,0.00023655913978494624,2.150537634408602e-05,0.0,0.0,0.0,0.0,0.0,0.0,0.0,0.0,0.0,0.0,0.0,0.0,0.0,0.0,0.0,0.0,0.0,0.0,0.0,0.0,0.0,0.0,0.0,0.0,0.0,0.0,0.0,0.0,0.0,0.0,0.0,0.0,0.0,0.0,0.0,0.0,0.0,0.0,0.0,0.0,0.0,0.0,0.0,0.0,0.0,nan,nan,4.314085447263017,2.8354661620004626,nan,0.87461683543273,0.03577435274470774,0.0,0.0,0.0,0.0,0.0,0.0,0.0,0.0,0.0,0.0,0.0,0.0,0.0,0.0,0.0,0.0,0.0,0.0,0.0,0.0,0.0,0.025521054870267977,0.07656316461080392,0.5869842620161615,2.3351765206295196,8.804763930242451,12.096980008507021,4.517226712037432,1.1612079965971929,0.3955763504891536,0.8763654798256308,0.03613219656057864,0.0,0.0,0.0,0.0,0.0,0.0,0.0,0.0,0.0,0.0,0.0,0.0,0.0,0.0,0.0,0.0,0.0,0.0,0.0,0.0,0.0,0.039147455415398005,0.10439321444106135,0.4697694649847745,2.361896476729013,8.16876903001305,12.240104393214445,4.997825141365812,1.2396694214876034,0.3784254023488474,0.4019,0.008705,0.0,0.0,0.0,0.0,0.0,0.0,0.0,0.0,0.0,0.0,0.0,12.390472139515081,17.609527860484903,0.0,0.0,0.0,0.0,0.0,0.0,0.0,0.0,0.0,0.0,0.0,0.0,0.0,0.0,0.0,0.0,0.0,0.402,0.00847,0.0,0.0,0.0,0.0,0.0,0.0,0.0,0.0,0.0,0.0,0.0,12.057416267942566,17.942583732057418,0.0,0.0,0.0,0.0,0.0,0.0,0.0,0.0,0.0,0.0,0.0,0.0,0.0,0.0,0.0,0.0,0.0
14300,4643,2433,0.5240146457032091,1150,945,0.4512168856342882,1300,0.5599827697609304,0.41,3.014027149321267,3.0843764199130113,6.574132492113565,2.0769942235181733,8384.036441955634,506.1152315361986,7853.0,8866.4,8866.399999999998,1.8189894035458565e-12,7853.0,0.0,28.396726254576784,21.04961284165995,33.23196533265358,19.314302783377265,0.13331897480077537,0.09735085074305407,0.09347404695240147,0.08873573120827051,0.08076674563859573,0.0775360758130519,0.06375188455739823,0.06375188455739823,0.06289037260391989,0.05341374111565798,0.04242946370880896,0.038552659918156366,0.03726039198793883,0.028645272453155287,0.02046090889511092,0.009907387465001078,0.007753607581305191,0.8727256921044768,0.03602506383216349,0.0,0.0,0.0,0.0,0.0,0.0,0.0,0.0,0.0,0.0,0.0,0.0,0.0,0.0,0.0,0.0,0.0,0.0,0.0,0.0,0.0,0.02584535860435064,0.1486108119750162,0.697824682317465,2.4940771053198367,9.259099720008617,11.720870127073017,4.212793452509154,1.0338143441740255,0.4070643980185226,4.207204230006609,2.87058854041055,2.5,2.692582403567252,0.5942188359123399,4.268068331143232,2.879834747697006,4.137176938369781,2.861110598936867,0.9693324045872548,0.4026,0.008545,0.0,0.0,0.0,0.0,0.0,0.0,0.0,0.0,0.0,0.0,0.0,11.307344389403386,18.6926556105966,0.0,0.0,0.0,0.0,0.0,0.0,0.0,0.0,0.0,0.0,0.0,0.0,0.0,0.0,0.0,0.0,0.0,nan,nan,4.203825857519789,2.871249740544485,nan,0.4026,0.04025,0.0,0.0,0.0,0.0,0.0,0.0,0.0,0.0,0.0,0.0,0.0,0.0,0.0,0.0,0.0,0.0,0.0,0.0,0.0,0.0,0.0,0.0,2.1537798836958863e-05,0.0,0.0004415248761576567,1.0768899418479431e-05,0.001249192332543614,9.692009476631489e-05,0.004382942063321129,0.00302606073659272,0.0010445832435925049,0.0020891664871850097,0.005933663579582167,0.038294206332112855,0.060273530045229375,0.029851389188024983,0.05461985785052768,0.06221193194055567,0.05615981046737024,0.08247900064613396,0.07148395433986647,0.0969093258668964,0.12090243377126858,0.07673917725608442,0.10610596597027784,0.04054490631057506,0.04477708378203748,0.02309928925263838,0.006665948740038768,0.007699763084212793,0.0017553306052121474,0.000721516261038122,0.00022614688778806806,0.0,0.00018307129011415032,0.0,0.0,0.0,0.0,0.0,0.0,0.0,0.0,0.0,0.0,0.0,0.0,0.0,0.0,0.0,0.0,0.0,0.0,0.0,0.0,0.0,0.0,0.0,0.0,0.0,0.0,0.0,0.0,0.0,0.0,0.0,0.0,0.0,0.0,0.0,0.0,0.0,0.0,0.0,0.0,0.0,0.0,0.0,0.0,0.0,0.0,nan,nan,4.203825857519789,2.871249740544485,nan,0.8721302519401208,0.0361645429364033,0.0,0.0,0.0,0.0,0.0,0.0,0.0,0.0,0.0,0.0,0.0,0.0,0.0,0.0,0.0,0.0,0.0,0.0,0.0,0.0,0.0,0.024660912453760796,0.13563501849568435,0.6781750924784196,2.6880394574599267,9.556103575832307,11.134401972872999,4.389642416769421,1.023427866831073,0.36991368680641196,0.8733812151451456,0.03585945120727384,0.0,0.0,0.0,0.0,0.0,0.0,0.0,0.0,0.0,0.0,0.0,0.0,0.0,0.0,0.0,0.0,0.0,0.0,0.0,0.0,0.0,0.027149321266968333,0.16289592760181,0.7194570135746584,2.2805429864253397,8.932126696832581,12.366515837104076,4.018099547511313,1.0452488687782808,0.4479638009049775,0.4028,0.008446,0.0,0.0,0.0,0.0,0.0,0.0,0.0,0.0,0.0,0.0,0.0,11.035758323057937,18.96424167694205,0.0,0.0,0.0,0.0,0.0,0.0,0.0,0.0,0.0,0.0,0.0,0.0,0.0,0.0,0.0,0.0,0.0,0.4023,0.00866,0.0,0.0,0.0,0.0,0.0,0.0,0.0,0.0,0.0,0.0,0.0,11.606334841628943,18.393665158371043,0.0,0.0,0.0,0.0,0.0,0.0,0.0,0.0,0.0,0.0,0.0,0.0,0.0,0.0,0.0,0.0,0.0
14400,4572,2409,0.5269028871391076,1102,916,0.44138232720909887,1274,0.5573053368328958,0.414,3.1007859454461397,3.176138254790343,6.829470198675497,2.1428440246580114,8386.963385826772,505.96600458258104,7853.0,8866.4,8866.399999999998,1.8189894035458565e-12,7853.0,0.0,27.84776902887139,20.754712791839875,32.66822429906542,19.055583495954384,0.13626421697287838,0.10279965004374453,0.09601924759405074,0.0842082239720035,0.08180227471566054,0.07174103237095363,0.07742782152230972,0.06430446194225722,0.05730533683289589,0.05074365704286964,0.04483814523184602,0.0415573053368329,0.029965004374453194,0.024059492563429572,0.018810148731408575,0.012467191601049869,0.005686789151356081,0.8725590164840795,0.03582569743134875,0.0,0.0,0.0,0.0,0.0,0.0,0.0,0.0,0.0,0.0,0.0,0.0,0.0,0.0,0.0,0.0,0.0,0.0,0.0,0.0,0.0,0.019685039370078743,0.1246719160104987,0.6036745406824128,2.7034120734908145,9.488188976377954,11.167979002624675,4.507874015748032,1.0958005249343834,0.2887139107611549,4.430880330123796,2.9290737128169306,3.5,2.0615528128088303,0.7899107489328677,4.458161865569273,2.947174121830841,4.397260273972603,2.9064864917590807,0.9863393045310854,0.4026,0.00853,0.0,0.0,0.0,0.0,0.0,0.0,0.0,0.0,0.0,0.0,0.0,11.076115485564289,18.9238845144357,0.0,0.0,0.0,0.0,0.0,0.0,0.0,0.0,0.0,0.0,0.0,0.0,0.0,0.0,0.0,0.0,0.0,nan,nan,4.427690198766278,2.9270454633638563,nan,0.4026,0.0404,0.0,0.0,0.0,0.0,0.0,0.0,0.0,0.0,0.0,0.0,0.0,0.0,0.0,0.0,0.0,0.0,0.0,0.0,0.0,0.0,0.0,0.0,2.1872265966754154e-05,0.0,0.0006014873140857392,0.0,0.0013123359580052493,0.000142169728783902,0.004013560804899388,0.003127734033245844,0.0009951881014873141,0.0020669291338582677,0.007163167104111986,0.037379702537182855,0.06202974628171479,0.028860454943132108,0.05469160104986877,0.06242344706911636,0.05603674540682415,0.08059930008748907,0.0688976377952756,0.09958442694663167,0.12155511811023623,0.07510936132983377,0.10754593175853018,0.03962160979877515,0.04430227471566054,0.02477034120734908,0.006681977252843394,0.007666229221347331,0.0016185476815398076,0.0009076990376202975,0.00022965879265091863,0.0,4.374453193350831e-05,0.0,0.0,0.0,0.0,0.0,0.0,0.0,0.0,0.0,0.0,0.0,0.0,0.0,0.0,0.0,0.0,0.0,0.0,0.0,0.0,0.0,0.0,0.0,0.0,0.0,0.0,0.0,0.0,0.0,0.0,0.0,0.0,0.0,0.0,0.0,0.0,0.0,0.0,0.0,0.0,0.0,0.0,0.0,0.0,0.0,0.0,nan,nan,4.427690198766278,2.9270454633638563,nan,0.8728944533788697,0.03585261126131472,0.0,0.0,0.0,0.0,0.0,0.0,0.0,0.0,0.0,0.0,0.0,0.0,0.0,0.0,0.0,0.0,0.0,0.0,0.0,0.0,0.0,0.012453300124533004,0.11207970112079703,0.6475716064757141,2.689912826899129,9.352428393524285,11.033623910336242,4.6948941469489425,1.2079701120797013,0.24906600249066008,0.872185430039535,0.03579199874951971,0.0,0.0,0.0,0.0,0.0,0.0,0.0,0.0,0.0,0.0,0.0,0.0,0.0,0.0,0.0,0.0,0.0,0.0,0.0,0.0,0.0,0.02773925104022192,0.1386962552011096,0.5547850208044366,2.718446601941748,9.639389736477117,11.317614424410543,4.299583911234397,0.9708737864077672,0.33287101248266304,0.4026,0.008644,0.0,0.0,0.0,0.0,0.0,0.0,0.0,0.0,0.0,0.0,0.0,11.39476961394768,18.605230386052305,0.0,0.0,0.0,0.0,0.0,0.0,0.0,0.0,0.0,0.0,0.0,0.0,0.0,0.0,0.0,0.0,0.0,0.4026,0.0084,0.0,0.0,0.0,0.0,0.0,0.0,0.0,0.0,0.0,0.0,0.0,10.721220527045755,19.278779472954234,0.0,0.0,0.0,0.0,0.0,0.0,0.0,0.0,0.0,0.0,0.0,0.0,0.0,0.0,0.0,0.0,0.0
14500,4504,2376,0.5275310834813499,1126,921,0.45448490230905864,1260,0.5595026642984015,0.422,3.018327067669173,3.1080393304288965,6.6461538461538465,2.1506325231976833,8387.6,505.9312996840577,7853.0,8866.4,8866.399999999998,1.8189894035458565e-12,7853.0,0.0,27.89076376554174,20.829363921408667,33.087466666666664,18.95078053578679,0.1447602131438721,0.10102131438721136,0.08592362344582594,0.08903197158081705,0.07371225577264653,0.07548845470692718,0.07126998223801066,0.06327708703374778,0.0630550621669627,0.0541740674955595,0.04507104795737123,0.04196269982238011,0.03441385435168739,0.024422735346358793,0.016651865008880995,0.008214920071047958,0.007548845470692718,0.874382397461001,0.034601974942999006,0.0,0.0,0.0,0.0,0.0,0.0,0.0,0.0,0.0,0.0,0.0,0.0,0.0,0.0,0.0,0.0,0.0,0.0,0.0,0.0,0.0,0.013321492007104798,0.066607460035524,0.5062166962699807,2.4511545293072827,9.058614564831263,11.949378330373005,4.49600355239787,1.185612788632327,0.27309058614564835,4.1772368872128895,2.874316691796764,4.666666666666667,2.6246692913372702,1.1171659143755985,4.187198898830007,2.8808743391002554,4.168370824812542,2.8673719119023486,0.9955034201927389,0.4026,0.008125,0.0,0.0,0.0,0.0,0.0,0.0,0.0,0.0,0.0,0.0,0.0,11.083481349911175,18.916518650088815,0.0,0.0,0.0,0.0,0.0,0.0,0.0,0.0,0.0,0.0,0.0,0.0,0.0,0.0,0.0,0.0,0.0,nan,nan,4.177739726027397,2.87411410306949,nan,0.4026,0.0402,0.0,0.0,0.0,0.0,0.0,0.0,0.0,0.0,0.0,0.0,0.0,0.0,0.0,0.0,0.0,0.0,0.0,0.0,0.0,0.0,0.0,0.0,0.0,0.0,0.00023312611012433392,0.0,0.0011212255772646536,0.00018872113676731794,0.003985346358792185,0.003208259325044405,0.0006993783303730018,0.0021092362344582592,0.00708259325044405,0.03744449378330373,0.06191163410301954,0.0295848134991119,0.05492895204262877,0.0637544404973357,0.058203818827708705,0.0789076376554174,0.06906083481349912,0.10491785079928952,0.11675177619893429,0.07517761989342807,0.10560612788632327,0.03857682060390764,0.04675843694493783,0.023534635879218474,0.006072380106571936,0.007171403197158081,0.0016762877442273534,0.0008880994671403197,0.00035523978685612787,0.0,8.880994671403197e-05,0.0,0.0,0.0,0.0,0.0,0.0,0.0,0.0,0.0,0.0,0.0,0.0,0.0,0.0,0.0,0.0,0.0,0.0,0.0,0.0,0.0,0.0,0.0,0.0,0.0,0.0,0.0,0.0,0.0,0.0,0.0,0.0,0.0,0.0,0.0,0.0,0.0,0.0,0.0,0.0,0.0,0.0,0.0,0.0,0.0,0.0,nan,nan,4.177739726027397,2.87411410306949,nan,0.8749986754774245,0.034272129678235085,0.0,0.0,0.0,0.0,0.0,0.0,0.0,0.0,0.0,0.0,0.0,0.0,0.0,0.0,0.0,0.0,0.0,0.0,0.0,0.0,0.0,0.0,0.06313131313131315,0.5176767676767661,2.285353535353536,8.851010101010102,12.373737373737377,4.482323232323233,1.123737373737374,0.3030303030303031,0.8736942975704831,0.034953747835895395,0.0,0.0,0.0,0.0,0.0,0.0,0.0,0.0,0.0,0.0,0.0,0.0,0.0,0.0,0.0,0.0,0.0,0.0,0.0,0.0,0.0,0.028195488721804517,0.0704887218045113,0.49342105263157743,2.6362781954887224,9.290413533834588,11.475563909774438,4.511278195488723,1.254699248120301,0.2396616541353384,0.4026,0.00816,0.0,0.0,0.0,0.0,0.0,0.0,0.0,0.0,0.0,0.0,0.0,10.820707070707055,19.17929292929293,0.0,0.0,0.0,0.0,0.0,0.0,0.0,0.0,0.0,0.0,0.0,0.0,0.0,0.0,0.0,0.0,0.0,0.4023,0.00808,0.0,0.0,0.0,0.0,0.0,0.0,0.0,0.0,0.0,0.0,0.0,11.376879699248104,18.623120300751882,0.0,0.0,0.0,0.0,0.0,0.0,0.0,0.0,0.0,0.0,0.0,0.0,0.0,0.0,0.0,0.0,0.0
14600,4653,2384,0.5123576187405975,1127,939,0.4440146142273802,1301,0.5592091124006018,0.40599999999999997,3.0176289114147203,3.17669003222519,6.7616,2.2469458026396634,8372.223210831722,506.54521929484645,7853.0,8866.4,8866.399999999998,1.8189894035458565e-12,7853.0,0.0,27.522028798624543,20.57589616825025,32.42783901563702,18.85326259714778,0.14055448098001289,0.10208467655276166,0.08983451536643026,0.09456264775413711,0.0851063829787234,0.06963249516441006,0.06877283473028153,0.06619385342789598,0.05888673973780357,0.04814098431119708,0.049000644745325596,0.04040404040404041,0.030732860520094562,0.02471523748119493,0.015473887814313346,0.010315925209542231,0.005587792821835375,0.8726939517991045,0.03552170043639008,0.0,0.0,0.0,0.0,0.0,0.0,0.0,0.0,0.0,0.0,0.0,0.0,0.0,0.0,0.0,0.0,0.0,0.0,0.0,0.0,0.0,0.012894906511927791,0.12894906511927792,0.6705351386202429,2.5145067698259194,9.277885235332045,11.553836234687301,4.58413926499033,0.9606705351386204,0.2965828497743392,4.380856083586114,2.913864711740085,5.833333333333333,3.6247605284885913,1.3315510078473611,4.365951742627346,2.9486433410351633,4.401351351351352,2.8839721689272286,1.008108108108108,0.4026,0.00819,0.0,0.0,0.0,0.0,0.0,0.0,0.0,0.0,0.0,0.0,0.0,11.237911025145053,18.762088974854937,0.0,0.0,0.0,0.0,0.0,0.0,0.0,0.0,0.0,0.0,0.0,0.0,0.0,0.0,0.0,0.0,0.0,nan,nan,4.383787420114363,2.9162026090095865,nan,0.4026,0.04004,0.0,0.0,0.0,0.0,0.0,0.0,0.0,0.0,0.0,0.0,0.0,0.0,0.0,0.0,0.0,0.0,0.0,0.0,0.0,0.0,0.0,0.0,0.0,0.0,0.0002578981302385558,0.0,0.0007522028798624544,0.00023640661938534278,0.0038039974210186977,0.0029658284977433914,0.0007092198581560284,0.002030947775628627,0.007038469804427251,0.03500967117988395,0.06318504190844616,0.03089404685149366,0.05530840318074361,0.06347517730496453,0.06016548463356974,0.0783150655491081,0.07137330754352031,0.1011712873415001,0.11451751558134537,0.07675693101225016,0.1054588437567161,0.04012465076294863,0.04501396948205459,0.02544594885020417,0.005802707930367505,0.006608639587362992,0.001966473243068988,0.0009671179883945841,0.0006232538147431764,0.0,0.0,1.074575542660649e-05,0.0,1.074575542660649e-05,0.0,0.0,0.0,0.0,0.0,0.0,0.0,0.0,0.0,0.0,0.0,0.0,0.0,0.0,0.0,0.0,0.0,0.0,0.0,0.0,0.0,0.0,0.0,0.0,0.0,0.0,0.0,0.0,0.0,0.0,0.0,0.0,0.0,0.0,0.0,0.0,0.0,0.0,0.0,0.0,0.0,0.0,0.0,nan,nan,4.383787420114363,2.9162026090095865,nan,0.8722575984195174,0.0361853329167301,0.0,0.0,0.0,0.0,0.0,0.0,0.0,0.0,0.0,0.0,0.0,0.0,0.0,0.0,0.0,0.0,0.0,0.0,0.0,0.0,0.0,0.012583892617449667,0.188758389261745,0.7172818791946287,2.529362416107383,9.513422818791948,11.262583892617453,4.479865771812081,0.9563758389261747,0.339765100671141,0.87315242092953,0.03480491306477397,0.0,0.0,0.0,0.0,0.0,0.0,0.0,0.0,0.0,0.0,0.0,0.0,0.0,0.0,0.0,0.0,0.0,0.0,0.0,0.0,0.0,0.013221683561040108,0.06610841780520055,0.621419127368883,2.4988981930365806,9.030409872190393,11.859850154252978,4.693697664169238,0.9651828999559279,0.25121198765976205,0.4026,0.00814,0.0,0.0,0.0,0.0,0.0,0.0,0.0,0.0,0.0,0.0,0.0,11.010906040268441,18.989093959731548,0.0,0.0,0.0,0.0,0.0,0.0,0.0,0.0,0.0,0.0,0.0,0.0,0.0,0.0,0.0,0.0,0.0,0.4026,0.00823,0.0,0.0,0.0,0.0,0.0,0.0,0.0,0.0,0.0,0.0,0.0,11.476421330982795,18.52357866901719,0.0,0.0,0.0,0.0,0.0,0.0,0.0,0.0,0.0,0.0,0.0,0.0,0.0,0.0,0.0,0.0,0.0
14700,4763,2453,0.5150115473441108,1116,985,0.44110854503464203,1364,0.5727482678983834,0.39399999999999996,3.0095238095238095,3.0811387165394954,6.603244837758112,1.9808347445426173,8374.912702078522,506.4715823177743,7853.0,8866.4,8866.399999999998,1.8189894035458565e-12,7853.0,0.0,28.254461473861014,20.872052526597333,32.91248454882571,19.195816264472914,0.13205962628595422,0.09951711106445517,0.09174889775351669,0.09321855973126181,0.08020155364266218,0.07579256770942683,0.06991391979844636,0.057316817132059626,0.0608859962208692,0.05269787948771783,0.04702918328784379,0.04283014906571488,0.03485198404366996,0.0258240604660928,0.019105605710686542,0.009447826999790049,0.007558261599832038,0.8735042240422938,0.03570688340346111,0.0,0.0,0.0,0.0,0.0,0.0,0.0,0.0,0.0,0.0,0.0,0.0,0.0,0.0,0.0,0.0,0.0,0.0,0.0,0.0,0.0,0.02519420533277347,0.15746378332983416,0.5731681713205945,2.6453915599412143,8.805374763804327,11.816082301070757,4.623136678563931,1.0077682133109387,0.3464203233256352,4.319349593495935,2.8349960897687145,5.8,2.785677655436824,1.3427947598253274,4.189292543021033,2.8511824964826515,4.457615894039735,2.812788606792616,1.0640498003572714,0.4028,0.008415,0.0,0.0,0.0,0.0,0.0,0.0,0.0,0.0,0.0,0.0,0.0,10.795716985093414,19.19798446357338,0.006298551333193367,0.0,0.0,0.0,0.0,0.0,0.0,0.0,0.0,0.0,0.0,0.0,0.0,0.0,0.0,0.0,0.0,nan,nan,4.3217532467532465,2.8355433371815906,nan,0.4028,0.04007,0.0,0.0,0.0,0.0,0.0,0.0,0.0,0.0,0.0,0.0,0.0,0.0,0.0,0.0,0.0,0.0,0.0,0.0,0.0,0.0,0.0,0.0,0.0,0.0,0.00033592273777031283,0.0,0.0006823430610959479,8.398068444257821e-05,0.0033382322065924836,0.0030652949821541047,0.00040940583665756875,0.001637623346630275,0.007253831618727693,0.03641612429141298,0.061956749947512074,0.03224858282595003,0.05408356078102036,0.061179928616418223,0.059101406676464414,0.07769263069494016,0.07574007978165022,0.09813142977115263,0.11710056686961999,0.08009657778710896,0.10087129960109174,0.04031072853243754,0.04539155994121352,0.02509972706277556,0.006393029603191266,0.007306319546504304,0.0020575267688431663,0.0013961788788578627,0.0006193575477640142,0.0,0.0,0.0,0.0,0.0,0.0,0.0,0.0,0.0,0.0,0.0,0.0,0.0,0.0,0.0,0.0,0.0,0.0,0.0,0.0,0.0,0.0,0.0,0.0,0.0,0.0,0.0,0.0,0.0,0.0,0.0,0.0,0.0,0.0,0.0,0.0,0.0,0.0,0.0,0.0,0.0,0.0,0.0,0.0,0.0,0.0,0.0,0.0,nan,nan,4.3217532467532465,2.8355433371815906,nan,0.8731127412670057,0.03602136301967921,0.0,0.0,0.0,0.0,0.0,0.0,0.0,0.0,0.0,0.0,0.0,0.0,0.0,0.0,0.0,0.0,0.0,0.0,0.0,0.0,0.0,0.03668976763147167,0.22013860578883004,0.5014268242967779,2.9107215654300864,8.16958825927436,12.291072156543011,4.52507134121484,1.0640032613126786,0.2812882185079495,0.873919941465576,0.03536513104259432,0.0,0.0,0.0,0.0,0.0,0.0,0.0,0.0,0.0,0.0,0.0,0.0,0.0,0.0,0.0,0.0,0.0,0.0,0.0,0.0,0.0,0.01298701298701299,0.09090909090909094,0.6493506493506472,2.363636363636364,9.480519480519481,11.311688311688314,4.727272727272728,0.9480519480519483,0.41558441558441567,0.4028,0.00841,0.0,0.0,0.0,0.0,0.0,0.0,0.0,0.0,0.0,0.0,0.0,10.99470036689766,19.005299633102325,0.0,0.0,0.0,0.0,0.0,0.0,0.0,0.0,0.0,0.0,0.0,0.0,0.0,0.0,0.0,0.0,0.0,0.403,0.00842,0.0,0.0,0.0,0.0,0.0,0.0,0.0,0.0,0.0,0.0,0.0,10.584415584415568,19.402597402597404,0.01298701298701299,0.0,0.0,0.0,0.0,0.0,0.0,0.0,0.0,0.0,0.0,0.0,0.0,0.0,0.0,0.0,0.0
14800,4586,2377,0.5183166157871784,1139,908,0.44635848233754905,1252,0.5460095944177933,0.41,2.9316432775011316,3.1087631609098905,6.5483359746434235,2.1461186550917373,8378.262058438726,506.3598917632765,7853.0,8866.4,8866.4,0.0,7853.0,0.0,28.75294374182294,21.11451491076759,33.671487603305785,19.28865478907641,0.13388573920627997,0.10008722197993894,0.09136502398604449,0.07675534234627127,0.07784561709550807,0.07849978194505015,0.07043174880069777,0.06279982555604012,0.058656781508940256,0.0538595726122983,0.04666375926733537,0.04622764936764064,0.03597906672481466,0.030963802878325338,0.019188835586567816,0.011993022241604884,0.004797208896641954,0.872412628486486,0.035389653917891346,0.0,0.0,0.0,0.0,0.0,0.0,0.0,0.0,0.0,0.0,0.0,0.0,0.0,0.0,0.0,0.0,0.0,0.0,0.0,0.0,0.0,0.019624945486262542,0.09158307893589188,0.562581770606191,2.8194505015263855,9.367640645442654,11.65067597034453,4.075447012647188,1.0597470562581772,0.3532490187527258,4.183455637091394,2.9152528076460604,6.5,2.8722813232690143,1.553739435496731,4.116978609625669,2.828962218700803,4.26158940397351,3.001067380252379,1.0351254665277432,0.403,0.00843,0.0,0.0,0.0,0.0,0.0,0.0,0.0,0.0,0.0,0.0,0.0,10.79372001744438,19.199738334060186,0.006541648495420847,0.0,0.0,0.0,0.0,0.0,0.0,0.0,0.0,0.0,0.0,0.0,0.0,0.0,0.0,0.0,0.0,nan,nan,4.189620758483034,2.917581331782616,nan,0.403,0.03973,0.0,0.0,0.0,0.0,0.0,0.0,0.0,0.0,0.0,0.0,0.0,0.0,0.0,0.0,0.0,0.0,0.0,0.0,0.0,0.0,0.0,0.0,1.0902747492368077e-05,0.0,0.00017444395987788923,2.1805494984736154e-05,0.0005451373746184038,0.00013083296990841692,0.0032817269952027913,0.002115133013519407,0.00021805494984736154,0.0013846489315307458,0.0070213693850850415,0.03488879197557784,0.059997819450501526,0.03361317051897078,0.058296990841692105,0.06186218927169647,0.060913650239860444,0.07980811164413432,0.076569995638901,0.09551897078063672,0.11759703445268208,0.07649367640645442,0.09885521151330136,0.0427605756650676,0.04521369385085042,0.024531181857828172,0.007293938072394243,0.006683384212821631,0.001864369821194941,0.0016790231138246838,0.0006541648495420846,0.0,0.0,0.0,0.0,0.0,0.0,0.0,0.0,0.0,0.0,0.0,0.0,0.0,0.0,0.0,0.0,0.0,0.0,0.0,0.0,0.0,0.0,0.0,0.0,0.0,0.0,0.0,0.0,0.0,0.0,0.0,0.0,0.0,0.0,0.0,0.0,0.0,0.0,0.0,0.0,0.0,0.0,0.0,0.0,0.0,0.0,0.0,0.0,nan,nan,4.189620758483034,2.917581331782616,nan,0.8722718162701116,0.03469120646861479,0.0,0.0,0.0,0.0,0.0,0.0,0.0,0.0,0.0,0.0,0.0,0.0,0.0,0.0,0.0,0.0,0.0,0.0,0.0,0.0,0.0,0.012620950778291968,0.08834665544804378,0.4922170803533851,2.8775767774505687,9.276398822044596,12.05300799326883,3.9251156920488017,0.9970551114850654,0.27766091712242325,0.8725641498256993,0.036125527136178774,0.0,0.0,0.0,0.0,0.0,0.0,0.0,0.0,0.0,0.0,0.0,0.0,0.0,0.0,0.0,0.0,0.0,0.0,0.0,0.0,0.0,0.027161611588954283,0.09506564056134,0.6382978723404236,2.7569035762788596,9.465821638750567,11.21774558623812,4.237211407876869,1.1272068809416027,0.43458578542326853,0.403,0.008575,0.0,0.0,0.0,0.0,0.0,0.0,0.0,0.0,0.0,0.0,0.0,10.689945309213279,19.31005469078671,0.0,0.0,0.0,0.0,0.0,0.0,0.0,0.0,0.0,0.0,0.0,0.0,0.0,0.0,0.0,0.0,0.0,0.4028,0.00828,0.0,0.0,0.0,0.0,0.0,0.0,0.0,0.0,0.0,0.0,0.0,10.905387052965127,19.081032141240385,0.013580805794477142,0.0,0.0,0.0,0.0,0.0,0.0,0.0,0.0,0.0,0.0,0.0,0.0,0.0,0.0,0.0,0.0
14900,4424,2353,0.531871609403255,1104,865,0.44507233273056057,1212,0.5479204339963833,0.422,3.023660067600193,3.050978475107785,6.4688026981450255,2.1233754230097,8391.998688969257,505.6695409957643,7853.0,8866.4,8866.399999999998,1.8189894035458565e-12,7853.0,0.0,28.123191681735985,20.897049488762086,33.006442953020134,19.15995436074434,0.13630198915009042,0.10465641952983726,0.0922242314647378,0.07685352622061482,0.08205244122965642,0.07820976491862568,0.07165461121157324,0.06577757685352623,0.055831826401446655,0.050406871609403256,0.044755877034358044,0.04430379746835443,0.0352622061482821,0.027124773960216998,0.018309222423146473,0.010397830018083183,0.005877034358047016,0.871197932249922,0.03383825069679003,0.0,0.0,0.0,0.0,0.0,0.0,0.0,0.0,0.0,0.0,0.0,0.0,0.0,0.0,0.0,0.0,0.0,0.0,0.0,0.0,0.0,0.006781193490054251,0.14918625678119352,0.5967450271247721,2.7735081374321884,9.568264014466548,11.846745027124777,4.000904159132008,0.8544303797468357,0.20343580470162753,4.2470258922323305,2.8215902414387206,6.0,0.0,1.412753336628769,4.2366946778711485,2.77392788471141,4.2585604472396925,2.867725979807515,1.0051610444063275,0.4026,0.00841,0.0,0.0,0.0,0.0,0.0,0.0,0.0,0.0,0.0,0.0,0.0,11.270343580470147,18.716094032549734,0.013562386980108502,0.0,0.0,0.0,0.0,0.0,0.0,0.0,0.0,0.0,0.0,0.0,0.0,0.0,0.0,0.0,0.0,nan,nan,4.247639034627492,2.8212871650003124,nan,0.4028,0.0398,0.0,0.0,0.0,0.0,0.0,0.0,0.0,0.0,0.0,0.0,0.0,0.0,0.0,0.0,0.0,0.0,0.0,0.0,0.0,0.0,0.0,0.0,0.0,0.0,0.00012432188065099458,4.5207956600361664e-05,0.000734629294755877,5.650994575045208e-05,0.0031871609403254972,0.0019439421338155515,0.0002147377938517179,0.0015935804701627486,0.005639692585895117,0.036381103074141045,0.06339285714285714,0.03269665461121157,0.060431735985533454,0.059437160940325494,0.0625,0.07808544303797468,0.07636754068716094,0.09484629294755877,0.11681735985533453,0.0779385171790235,0.09693716094032549,0.04515144665461121,0.043015370705244124,0.024864376130198915,0.006543851717902351,0.006950723327305606,0.0017066003616636528,0.0018309222423146473,0.0005537974683544304,1.1301989150090416e-05,0.0,0.0,0.0,0.0,0.0,0.0,0.0,0.0,0.0,0.0,0.0,0.0,0.0,0.0,0.0,0.0,0.0,0.0,0.0,0.0,0.0,0.0,0.0,0.0,0.0,0.0,0.0,0.0,0.0,0.0,0.0,0.0,0.0,0.0,0.0,0.0,0.0,0.0,0.0,0.0,0.0,0.0,0.0,0.0,0.0,0.0,0.0,nan,nan,4.247639034627492,2.8212871650003124,nan,0.870527412148673,0.03365996713976238,0.0,0.0,0.0,0.0,0.0,0.0,0.0,0.0,0.0,0.0,0.0,0.0,0.0,0.0,0.0,0.0,0.0,0.0,0.0,0.0,0.0,0.0,0.14024649383765408,0.6119847003824885,2.8686782830429247,9.766255843603911,11.793455163620912,3.748406289842755,0.8542286442838931,0.2167445813854654,0.8719597544605636,0.03402364532353142,0.0,0.0,0.0,0.0,0.0,0.0,0.0,0.0,0.0,0.0,0.0,0.0,0.0,0.0,0.0,0.0,0.0,0.0,0.0,0.0,0.0,0.014485755673587642,0.15934331240946406,0.5794302269435038,2.665379043940126,9.343312409464028,11.907291163689044,4.287783679381942,0.8546595847416709,0.18831482375663935,0.4026,0.00838,0.0,0.0,0.0,0.0,0.0,0.0,0.0,0.0,0.0,0.0,0.0,11.194220144496372,18.805779855503616,0.0,0.0,0.0,0.0,0.0,0.0,0.0,0.0,0.0,0.0,0.0,0.0,0.0,0.0,0.0,0.0,0.0,0.4028,0.00844,0.0,0.0,0.0,0.0,0.0,0.0,0.0,0.0,0.0,0.0,0.0,11.356832448092693,18.61419604056012,0.028971511347175283,0.0,0.0,0.0,0.0,0.0,0.0,0.0,0.0,0.0,0.0,0.0,0.0,0.0,0.0,0.0,0.0
15000,4363,2269,0.5200550080220032,1096,863,0.44900297960119184,1218,0.5583314233325694,0.422,3.0081184336198663,3.1543289024069625,6.638513513513513,2.2378205990653424,8380.0237451295,506.2922430611702,7853.0,8866.4,8866.4,0.0,7853.0,0.0,28.3742837497135,20.788247280404033,33.13961038961039,19.000925309541284,0.1349988539995416,0.093742837497135,0.09534723813889526,0.08870043548017419,0.06990602796241119,0.07678203071281228,0.07403162961265185,0.06967682787073115,0.05592482236992895,0.05798762319504928,0.046986018794407516,0.041943616777446714,0.03140041256016502,0.024982809993123998,0.023836809534723814,0.00893880357552143,0.00481320192528077,0.870993521613537,0.034389553480712896,0.0,0.0,0.0,0.0,0.0,0.0,0.0,0.0,0.0,0.0,0.0,0.0,0.0,0.0,0.0,0.0,0.0,0.0,0.0,0.0,0.0,0.0,0.05500802200320881,0.6188402475360971,2.8604171441668584,9.832683933073575,11.634196653678664,3.8161815264726116,0.8388723355489345,0.34380013752005506,4.2995424146427315,2.9404562213302334,4.0,3.0,0.9303315595579206,4.263977353149327,3.0067789000942318,4.334265734265735,2.873099369205555,1.0164842294634828,0.4023,0.00836,0.0,0.0,0.0,0.0,0.0,0.0,0.0,0.0,0.0,0.0,0.0,12.03988081595231,17.960119184047677,0.0,0.0,0.0,0.0,0.0,0.0,0.0,0.0,0.0,0.0,0.0,0.0,0.0,0.0,0.0,0.0,0.0,nan,nan,4.29933169187478,2.9405092585021415,nan,0.4023,0.0399,0.0,0.0,0.0,0.0,0.0,0.0,0.0,0.0,0.0,0.0,0.0,0.0,0.0,0.0,0.0,0.0,0.0,0.0,0.0,0.0,0.0,0.0,0.0,0.0,0.0,5.730002292000917e-05,0.0010199404079761633,9.168003667201467e-05,0.002269080907632363,0.0023034609213843683,0.0001031400412560165,0.0017877607151042861,0.006807242722897089,0.03576667430666972,0.06754526701810681,0.032477652991061194,0.05884712353884942,0.05736878294751318,0.06515012606005043,0.08137749255099702,0.07384826953930781,0.09856749942699977,0.11218198487279395,0.08154939261975705,0.09295209718083887,0.04288333715333486,0.04346779738711896,0.023951409580563833,0.005661242264496906,0.007036442814577126,0.002257620903048361,0.0019023607609443044,0.0007334402933761174,3.43800137520055e-05,0.0,0.0,0.0,0.0,0.0,0.0,0.0,0.0,0.0,0.0,0.0,0.0,0.0,0.0,0.0,0.0,0.0,0.0,0.0,0.0,0.0,0.0,0.0,0.0,0.0,0.0,0.0,0.0,0.0,0.0,0.0,0.0,0.0,0.0,0.0,0.0,0.0,0.0,0.0,0.0,0.0,0.0,0.0,0.0,0.0,0.0,0.0,nan,nan,4.29933169187478,2.9405092585021415,nan,0.8705688629606423,0.03481254486080333,0.0,0.0,0.0,0.0,0.0,0.0,0.0,0.0,0.0,0.0,0.0,0.0,0.0,0.0,0.0,0.0,0.0,0.0,0.0,0.0,0.0,0.0,0.06610841780520055,0.7933010136624038,2.7236668135742628,9.83693256941384,11.595416483032176,3.8607315998237115,0.7800793301013664,0.3437637725870428,0.8714536698864206,0.03391925767785576,0.0,0.0,0.0,0.0,0.0,0.0,0.0,0.0,0.0,0.0,0.0,0.0,0.0,0.0,0.0,0.0,0.0,0.0,0.0,0.0,0.0,0.0,0.042979942693409746,0.42979942693409606,3.0085959885386826,9.828080229226362,11.676217765042981,3.767908309455588,0.9025787965616048,0.34383954154727797,0.402,0.00828,0.0,0.0,0.0,0.0,0.0,0.0,0.0,0.0,0.0,0.0,0.0,11.952401939180238,18.047598060819748,0.0,0.0,0.0,0.0,0.0,0.0,0.0,0.0,0.0,0.0,0.0,0.0,0.0,0.0,0.0,0.0,0.0,0.4023,0.00846,0.0,0.0,0.0,0.0,0.0,0.0,0.0,0.0,0.0,0.0,0.0,12.134670487106,17.865329512893986,0.0,0.0,0.0,0.0,0.0,0.0,0.0,0.0,0.0,0.0,0.0,0.0,0.0,0.0,0.0,0.0,0.0
15100,4433,2290,0.5165801939995488,1045,922,0.4437175727498308,1271,0.5734265734265734,0.41,2.9617358842743817,3.0397017025922435,6.466777408637873,2.1004016180477496,8376.502368599144,506.42133684261205,7853.0,8866.4,8866.399999999998,1.8189894035458565e-12,7853.0,0.0,28.144371757274982,20.966999529506445,33.218901453958,19.114462866159798,0.14279269117978796,0.09542070832393414,0.09181141439205956,0.08639747349424769,0.07805098127678772,0.0724114595082337,0.0724114595082337,0.06271148206632078,0.05955334987593052,0.050078953304759755,0.04601849763140086,0.04511617414843221,0.03519061583577713,0.02594180013534852,0.02097902097902098,0.010151139183397249,0.004962779156327543,0.8718885969099169,0.03440010389315913,0.0,0.0,0.0,0.0,0.0,0.0,0.0,0.0,0.0,0.0,0.0,0.0,0.0,0.0,0.0,0.0,0.0,0.0,0.0,0.0,0.0,0.0,0.08120911346717799,0.6226032032483626,2.713737875028198,9.643582224227387,11.545228964583806,4.22964132641552,0.8188585607940448,0.3451387322355065,4.255155540020971,2.813542452318393,6.333333333333333,1.8856180831641267,1.488390559115054,4.1668994413407825,2.7977833196754958,4.347309573724668,2.82723936361755,1.0432960130004565,0.4016,0.00845,0.0,0.0,0.0,0.0,0.0,0.0,0.0,0.0,0.0,0.0,0.0,12.95285359801487,17.047146401985113,0.0,0.0,0.0,0.0,0.0,0.0,0.0,0.0,0.0,0.0,0.0,0.0,0.0,0.0,0.0,0.0,0.0,nan,nan,4.257332402234637,2.8135338583692784,nan,0.4016,0.03992,0.0,0.0,0.0,0.0,0.0,0.0,0.0,0.0,0.0,0.0,0.0,0.0,0.0,0.0,0.0,0.0,0.0,0.0,0.0,0.0,0.0,0.0,0.0,0.0,0.0,5.6395217685540266e-05,0.0009587187006541845,0.0001691856530566208,0.0021542973155876384,0.0030904579291676066,0.00023685991427926912,0.0016692984434919919,0.0072749830814346945,0.03746898263027295,0.0690390254906384,0.031491089555605686,0.05841416647868261,0.05628242725016919,0.06509136025265058,0.08326189939093165,0.07639296187683284,0.10201894879314234,0.11184299571396346,0.07797202797202797,0.09191292578389353,0.04081885856079404,0.04172118204376269,0.02242273855177081,0.00620347394540943,0.006902774644710129,0.0022332506203473945,0.0017369727047146402,0.0010940672230994812,6.767426122264832e-05,0.0,0.0,0.0,0.0,0.0,0.0,0.0,0.0,0.0,0.0,0.0,0.0,0.0,0.0,0.0,0.0,0.0,0.0,0.0,0.0,0.0,0.0,0.0,0.0,0.0,0.0,0.0,0.0,0.0,0.0,0.0,0.0,0.0,0.0,0.0,0.0,0.0,0.0,0.0,0.0,0.0,0.0,0.0,0.0,0.0,0.0,0.0,nan,nan,4.257332402234637,2.8135338583692784,nan,0.8723295255519418,0.03429430020146567,0.0,0.0,0.0,0.0,0.0,0.0,0.0,0.0,0.0,0.0,0.0,0.0,0.0,0.0,0.0,0.0,0.0,0.0,0.0,0.0,0.0,0.0,0.10480349344978168,0.5633187772925746,2.7641921397379923,9.275109170305678,11.868995633187776,4.244541484716158,0.8646288209606989,0.31441048034934505,0.8714174225794284,0.03450658009432053,0.0,0.0,0.0,0.0,0.0,0.0,0.0,0.0,0.0,0.0,0.0,0.0,0.0,0.0,0.0,0.0,0.0,0.0,0.0,0.0,0.0,0.0,0.055996266915538974,0.6859542697153502,2.6598226784881014,10.037330844610361,11.199253383107795,4.213719085394308,0.769948670088661,0.3779748016798881,0.4016,0.00837,0.0,0.0,0.0,0.0,0.0,0.0,0.0,0.0,0.0,0.0,0.0,12.91703056768557,17.082969432314414,0.0,0.0,0.0,0.0,0.0,0.0,0.0,0.0,0.0,0.0,0.0,0.0,0.0,0.0,0.0,0.0,0.0,0.4016,0.00854,0.0,0.0,0.0,0.0,0.0,0.0,0.0,0.0,0.0,0.0,0.0,12.991133924405021,17.008866075594963,0.0,0.0,0.0,0.0,0.0,0.0,0.0,0.0,0.0,0.0,0.0,0.0,0.0,0.0,0.0,0.0,0.0
15200,4457,2342,0.5254655597935831,1106,893,0.4485079649988782,1246,0.5591204846309177,0.40599999999999997,3.038770685579196,3.1221636435957763,6.590764331210191,2.1855877203429115,8385.506798294817,506.04238870056173,7853.0,8866.4,8866.4,0.0,7853.0,0.0,27.929324657841597,20.8455797588574,33.05400322407308,18.98690225147118,0.14583800762844962,0.09602871886919452,0.09019519856405654,0.08660533991474086,0.08166928427193179,0.06977787749607359,0.07336773614538927,0.06282252636302446,0.059232667713708775,0.052277316580659636,0.049136190262508414,0.03903971281130805,0.031635629347094456,0.028045770697778773,0.01974422257123626,0.009423378954453668,0.005160421808391295,0.8728236793294893,0.03457866984823241,0.0,0.0,0.0,0.0,0.0,0.0,0.0,0.0,0.0,0.0,0.0,0.0,0.0,0.0,0.0,0.0,0.0,0.0,0.0,0.0,0.0,0.0,0.12788871438187124,0.5721337222346853,2.5645052726048916,9.194525465559796,11.792685663002022,4.476105003365493,1.009647745120036,0.26250841373120937,4.272632674297607,2.933989381946649,4.333333333333333,2.357022603955158,1.0142068517616496,4.322377622377623,2.956607382464689,4.222680412371134,2.910326624764341,0.9769346367401264,0.4014,0.00839,0.0,0.0,0.0,0.0,0.0,0.0,0.0,0.0,0.0,0.0,0.0067309849674669076,13.017724927080977,16.97554408795154,0.0,0.0,0.0,0.0,0.0,0.0,0.0,0.0,0.0,0.0,0.0,0.0,0.0,0.0,0.0,0.0,0.0,nan,nan,4.272695772695773,2.933449197624025,nan,0.4014,0.04016,0.0,0.0,0.0,0.0,0.0,0.0,0.0,0.0,0.0,0.0,0.0,0.0,0.0,0.0,0.0,0.0,0.0,0.0,0.0,0.0,0.0,0.0,0.0,0.0,0.0,0.0001234013910702266,0.0012227956024231546,0.00015705631590756113,0.0026475207538703164,0.0027148306035449854,0.0003477675566524568,0.001671527933587615,0.00742652008077182,0.03907336773614539,0.07194301099394211,0.030872784384114876,0.05728068207314337,0.05474534440206417,0.06400044873233117,0.08375588961184653,0.07655373569665694,0.10314112631815123,0.11126318151222796,0.07573479919228181,0.09554633161319273,0.040520529504150776,0.039623064841821855,0.020910926632263856,0.006753421584025129,0.006775858200583352,0.0021202602647520754,0.001828584249495176,0.0012227956024231546,0.0,0.0,2.243661655822302e-05,0.0,0.0,0.0,0.0,0.0,0.0,0.0,0.0,0.0,0.0,0.0,0.0,0.0,0.0,0.0,0.0,0.0,0.0,0.0,0.0,0.0,0.0,0.0,0.0,0.0,0.0,0.0,0.0,0.0,0.0,0.0,0.0,0.0,0.0,0.0,0.0,0.0,0.0,0.0,0.0,0.0,0.0,0.0,0.0,0.0,nan,nan,4.272695772695773,2.933449197624025,nan,0.8738987814351904,0.03423997236501852,0.0,0.0,0.0,0.0,0.0,0.0,0.0,0.0,0.0,0.0,0.0,0.0,0.0,0.0,0.0,0.0,0.0,0.0,0.0,0.0,0.0,0.0,0.10247651579846288,0.5508112724167361,2.3953885567890696,9.09479077711358,11.695132365499576,4.918872758326217,1.0247651579846286,0.21776259607173362,0.8716331880143349,0.03491128228031768,0.0,0.0,0.0,0.0,0.0,0.0,0.0,0.0,0.0,0.0,0.0,0.0,0.0,0.0,0.0,0.0,0.0,0.0,0.0,0.0,0.0,0.0,0.15602836879432627,0.595744680851062,2.7517730496453905,9.304964539007093,11.90070921985816,3.98581560283688,0.9929078014184399,0.31205673758865254,0.4014,0.00835,0.0,0.0,0.0,0.0,0.0,0.0,0.0,0.0,0.0,0.0,0.0,12.950469684030724,17.04953031596926,0.0,0.0,0.0,0.0,0.0,0.0,0.0,0.0,0.0,0.0,0.0,0.0,0.0,0.0,0.0,0.0,0.0,0.4011,0.00844,0.0,0.0,0.0,0.0,0.0,0.0,0.0,0.0,0.0,0.0,0.01418439716312057,13.092198581560265,16.8936170212766,0.0,0.0,0.0,0.0,0.0,0.0,0.0,0.0,0.0,0.0,0.0,0.0,0.0,0.0,0.0,0.0,0.0
15300,4322,2292,0.5303100416473855,1090,852,0.44932901434521055,1178,0.5451180009254974,0.43,2.9945812807881773,3.1890314166527682,6.86096256684492,2.2015855088116503,8390.41619620546,505.7681339217285,7853.0,8866.4,8866.399999999998,1.8189894035458565e-12,7853.0,0.0,28.07820453493753,21.148762257895793,33.10240132486889,19.413800995393235,0.14275798241554835,0.1001850994909764,0.0906987505784359,0.08375751966682092,0.0879222582137899,0.07519666820916243,0.06362795002313744,0.05853771402128644,0.056223970384081445,0.05529847292919945,0.04534937528921795,0.04049051365108746,0.034012031466913464,0.02892179546506247,0.017353077279037482,0.011105969458583989,0.008560851457658492,0.8729417823161973,0.03434919879076907,0.0,0.0,0.0,0.0,0.0,0.0,0.0,0.0,0.0,0.0,0.0,0.0,0.0,0.0,0.0,0.0,0.0,0.0,0.0,0.0,0.0,0.006941230911614995,0.04858861638130497,0.5622397038408127,2.498843128181398,9.530310041647388,11.682091624248036,4.3799167052290615,1.0342434058306342,0.2568255437297548,4.231672597864769,3.0103133010349463,2.0,2.0,0.47262635606761416,4.278254649499285,2.99985203990695,4.182461103253183,3.019845373318936,0.9776091995231482,0.4006,0.0084,0.0,0.0,0.0,0.0,0.0,0.0,0.0,0.0,0.0,0.0,0.0,14.285053216103636,15.701064322073117,0.01388246182322999,0.0,0.0,0.0,0.0,0.0,0.0,0.0,0.0,0.0,0.0,0.0,0.0,0.0,0.0,0.0,0.0,nan,nan,4.230085348506401,3.010303240085216,nan,0.4006,0.0403,0.0,0.0,0.0,0.0,0.0,0.0,0.0,0.0,0.0,0.0,0.0,0.0,0.0,0.0,0.0,0.0,0.0,0.0,0.0,0.0,0.0,0.0,0.0,0.0,0.0,0.0003354928273947247,0.001191577973160574,8.098102730217491e-05,0.002822767237390097,0.002950023137436372,0.00025451180009254974,0.0014807959278111986,0.007785747339194817,0.039923646459972234,0.07464136973623323,0.030911614993058768,0.05924340583063396,0.053655714946783895,0.06539796390559927,0.0818486811661268,0.07709393799167052,0.10497454881999074,0.11336186950485887,0.07406293382693198,0.09082600647848219,0.03773715872281351,0.038489125404905136,0.022269782508098104,0.006964368347987043,0.006085145765849144,0.001966682091624248,0.0025451180009254974,0.0010643220731142988,0.0,0.0,3.4706154558074966e-05,0.0,0.0,0.0,0.0,0.0,0.0,0.0,0.0,0.0,0.0,0.0,0.0,0.0,0.0,0.0,0.0,0.0,0.0,0.0,0.0,0.0,0.0,0.0,0.0,0.0,0.0,0.0,0.0,0.0,0.0,0.0,0.0,0.0,0.0,0.0,0.0,0.0,0.0,0.0,0.0,0.0,0.0,0.0,0.0,0.0,nan,nan,4.230085348506401,3.010303240085216,nan,0.8723381641491545,0.03389097810756927,0.0,0.0,0.0,0.0,0.0,0.0,0.0,0.0,0.0,0.0,0.0,0.0,0.0,0.0,0.0,0.0,0.0,0.0,0.0,0.0,0.0,0.013089005235602098,0.05235602094240839,0.5497382198952863,2.5392670157068067,9.672774869109949,11.649214659685867,4.358638743455498,0.9685863874345552,0.19633507853403145,0.8736233058821392,0.03484675558678702,0.0,0.0,0.0,0.0,0.0,0.0,0.0,0.0,0.0,0.0,0.0,0.0,0.0,0.0,0.0,0.0,0.0,0.0,0.0,0.0,0.0,0.0,0.044334975369458136,0.5763546798029539,2.45320197044335,9.36945812807882,11.7192118226601,4.403940886699508,1.1083743842364535,0.32512315270935965,0.4006,0.008385,0.0,0.0,0.0,0.0,0.0,0.0,0.0,0.0,0.0,0.0,0.0,14.25392670157066,15.73298429319372,0.013089005235602098,0.0,0.0,0.0,0.0,0.0,0.0,0.0,0.0,0.0,0.0,0.0,0.0,0.0,0.0,0.0,0.0,0.4006,0.008415,0.0,0.0,0.0,0.0,0.0,0.0,0.0,0.0,0.0,0.0,0.0,14.320197044334954,15.665024630541875,0.014778325123152712,0.0,0.0,0.0,0.0,0.0,0.0,0.0,0.0,0.0,0.0,0.0,0.0,0.0,0.0,0.0,0.0
15400,4607,2353,0.5107445192098979,1101,966,0.44866507488604296,1324,0.5747775124810072,0.39799999999999996,2.921472937000887,3.0512554843849076,6.423622047244095,2.2155661437805634,8370.588495767312,506.58299483887646,7853.0,8866.4,8866.399999999998,1.8189894035458565e-12,7853.0,0.0,28.201649663555457,21.147295082645243,33.30350194552529,19.349102894132155,0.14477968309094855,0.09507271543303668,0.09290210549164316,0.08335142174951161,0.07575428695463425,0.08052962882570003,0.06750596917733884,0.06642066420664207,0.058389407423486,0.05339700455828088,0.04341219882787063,0.03972216192750163,0.032125027132624266,0.025830258302583026,0.018233123507705666,0.011938354677664425,0.010635988712828304,0.8724990744173643,0.03488691419202265,0.0,0.0,0.0,0.0,0.0,0.0,0.0,0.0,0.0,0.0,0.0,0.0,0.0,0.0,0.0,0.0,0.0,0.0,0.0,0.0,0.006511829824180596,0.013023659648361193,0.09116561753852835,0.5730410245278905,2.578684610375516,9.60494899066638,11.877577599305408,3.8810505752116353,1.0288691122205342,0.3451269806815716,4.2509212730318255,2.8223242596542457,5.0,1.0,1.1762156198281977,4.212651413189771,2.8220915367169987,4.292,2.8201777721744183,1.0188357827476038,0.401,0.0084,0.0,0.0,0.0,0.0,0.0,0.0,0.0,0.0,0.0,0.0,0.0,14.26090731495548,15.72606902539614,0.013023659648361193,0.0,0.0,0.0,0.0,0.0,0.0,0.0,0.0,0.0,0.0,0.0,0.0,0.0,0.0,0.0,0.0,nan,nan,4.2514228322731835,2.821564423525372,nan,0.401,0.04053,0.0,0.0,0.0,0.0,0.0,0.0,0.0,0.0,0.0,0.0,0.0,0.0,0.0,0.0,0.0,0.0,0.0,0.0,0.0,0.0,0.0,0.0,0.0,0.0,1.0853049706967659e-05,0.00042326893857173864,0.0011612763186455394,0.0002604731929672238,0.0029628825700021705,0.002886911222053397,7.59713479487736e-05,0.001486867809854569,0.007651400043412199,0.03897330149772086,0.07548296071196006,0.030714130670718473,0.05783590188843065,0.056587801172129366,0.06497720859561537,0.07869546342522249,0.07689385717386586,0.10285435207293249,0.11733232038202734,0.07092467983503364,0.09187106576948123,0.03873453440416757,0.038343824614716734,0.024126329498589102,0.007434339049272846,0.005752116344692858,0.0017907532016496635,0.0026481441285001084,0.0010418927718688952,1.0853049706967659e-05,0.0,5.426524853483829e-05,0.0,0.0,0.0,0.0,0.0,0.0,0.0,0.0,0.0,0.0,0.0,0.0,0.0,0.0,0.0,0.0,0.0,0.0,0.0,0.0,0.0,0.0,0.0,0.0,0.0,0.0,0.0,0.0,0.0,0.0,0.0,0.0,0.0,0.0,0.0,0.0,0.0,0.0,0.0,0.0,0.0,0.0,0.0,0.0,0.0,nan,nan,4.2514228322731835,2.821564423525372,nan,0.872248929711134,0.034846040239508005,0.0,0.0,0.0,0.0,0.0,0.0,0.0,0.0,0.0,0.0,0.0,0.0,0.0,0.0,0.0,0.0,0.0,0.0,0.0,0.0,0.0,0.025499362515937107,0.11474713132171697,0.5864853378665515,2.537186570335742,9.549511262218447,11.99745006374841,3.9141521461963458,0.9817254568635786,0.2932426689332767,0.8727602059585179,0.03492762118870578,0.0,0.0,0.0,0.0,0.0,0.0,0.0,0.0,0.0,0.0,0.0,0.0,0.0,0.0,0.0,0.0,0.0,0.0,0.0,0.0,0.013309671694764866,0.0,0.06654835847382433,0.5590062111801225,2.6220053238686782,9.662821650399291,11.752440106477376,3.846495119787046,1.078083407275954,0.399290150842946,0.401,0.008316,0.0,0.0,0.0,0.0,0.0,0.0,0.0,0.0,0.0,0.0,0.0,14.24139396515085,15.758606034849132,0.0,0.0,0.0,0.0,0.0,0.0,0.0,0.0,0.0,0.0,0.0,0.0,0.0,0.0,0.0,0.0,0.0,0.401,0.008484,0.0,0.0,0.0,0.0,0.0,0.0,0.0,0.0,0.0,0.0,0.0,14.281277728482676,15.692102928127776,0.02661934338952973,0.0,0.0,0.0,0.0,0.0,0.0,0.0,0.0,0.0,0.0,0.0,0.0,0.0,0.0,0.0,0.0
15500,4480,2357,0.5261160714285714,1159,889,0.45714285714285713,1249,0.5575892857142857,0.40199999999999997,3.012246820536976,3.069740605821709,6.507223113964687,2.0396225597338384,8386.166026785713,506.00833928521143,7853.0,8866.4,8866.4,0.0,7853.0,0.0,28.616071428571427,20.886607352779524,33.442774261603375,19.055407095122803,0.13303571428571428,0.09441964285714285,0.08705357142857142,0.08861607142857143,0.0828125,0.07857142857142857,0.06763392857142857,0.06316964285714285,0.06049107142857143,0.052901785714285714,0.05,0.045089285714285714,0.03325892857142857,0.025892857142857145,0.018973214285714284,0.011830357142857142,0.00625,0.8724357991479337,0.03451991578395998,0.0,0.0,0.0,0.0,0.0,0.0,0.0,0.0,0.0,0.0,0.0,0.0,0.0,0.0,0.0,0.0,0.0,0.0,0.0,0.0,0.0,0.03348214285714286,0.08035714285714286,0.5357142857142841,2.8392857142857153,9.073660714285715,11.892857142857146,4.345982142857143,0.9508928571428573,0.2477678571428572,4.124788637132228,2.920601493731571,4.428571428571429,2.1946130708196026,1.0736480867660667,4.193856655290102,2.900034683786662,4.0587058038692465,2.936148822200675,0.967774088975984,0.4014,0.00876,0.0,0.0,0.0,0.0,0.0,0.0,0.0,0.0,0.0,0.0,0.0,13.305803571428552,16.69419642857143,0.0,0.0,0.0,0.0,0.0,0.0,0.0,0.0,0.0,0.0,0.0,0.0,0.0,0.0,0.0,0.0,0.0,nan,nan,4.125506072874494,2.9191368992337177,nan,0.4014,0.0409,0.0,0.0,0.0,0.0,0.0,0.0,0.0,0.0,0.0,0.0,0.0,0.0,0.0,0.0,0.0,0.0,0.0,0.0,0.0,0.0,0.0,0.0,0.0,0.0,0.0,0.0006473214285714285,0.0010379464285714287,0.00042410714285714285,0.0030133928571428573,0.0031026785714285713,6.696428571428572e-05,0.0018080357142857143,0.007109375,0.03877232142857143,0.07592633928571428,0.028995535714285713,0.054408482142857144,0.06149553571428571,0.06444196428571429,0.07627232142857143,0.07491071428571429,0.1028125,0.11630580357142857,0.07068080357142857,0.09405133928571428,0.038895089285714286,0.039542410714285714,0.024933035714285713,0.007533482142857143,0.007220982142857143,0.0012834821428571429,0.0027901785714285715,0.0014174107142857144,2.232142857142857e-05,3.348214285714286e-05,4.464285714285714e-05,0.0,0.0,0.0,0.0,0.0,0.0,0.0,0.0,0.0,0.0,0.0,0.0,0.0,0.0,0.0,0.0,0.0,0.0,0.0,0.0,0.0,0.0,0.0,0.0,0.0,0.0,0.0,0.0,0.0,0.0,0.0,0.0,0.0,0.0,0.0,0.0,0.0,0.0,0.0,0.0,0.0,0.0,0.0,0.0,0.0,nan,nan,4.125506072874494,2.9191368992337177,nan,0.8734747737608171,0.03421712064026029,0.0,0.0,0.0,0.0,0.0,0.0,0.0,0.0,0.0,0.0,0.0,0.0,0.0,0.0,0.0,0.0,0.0,0.0,0.0,0.0,0.0,0.0,0.06364022061943149,0.5091217649554503,2.761985574883327,8.998727195587612,11.747984726347054,4.60755197284684,1.0818837505303354,0.2291047942299534,0.8712823073144123,0.03481670430466193,0.0,0.0,0.0,0.0,0.0,0.0,0.0,0.0,0.0,0.0,0.0,0.0,0.0,0.0,0.0,0.0,0.0,0.0,0.0,0.0,0.0,0.07065473386716911,0.09891662741403677,0.5652378709373511,2.9251059821008014,9.156853509185117,12.053697597739053,4.055581723975507,0.805463966085728,0.26848798869524265,0.4011,0.00868,0.0,0.0,0.0,0.0,0.0,0.0,0.0,0.0,0.0,0.0,0.0,13.619007212558317,16.380992787441667,0.0,0.0,0.0,0.0,0.0,0.0,0.0,0.0,0.0,0.0,0.0,0.0,0.0,0.0,0.0,0.0,0.0,0.4016,0.008835,0.0,0.0,0.0,0.0,0.0,0.0,0.0,0.0,0.0,0.0,0.0,12.958078191238794,17.04192180876119,0.0,0.0,0.0,0.0,0.0,0.0,0.0,0.0,0.0,0.0,0.0,0.0,0.0,0.0,0.0,0.0,0.0
15600,4422,2256,0.5101763907734057,1067,934,0.4525101763907734,1279,0.5784712799638173,0.40199999999999997,2.9533702677747,3.1171561130571486,6.701013513513513,2.1701598022691675,8370.01275440977,506.59504251076476,7853.0,8866.4,8866.4,0.0,7853.0,0.0,27.96336499321574,20.795465712377922,32.92587601078167,19.022816601553114,0.13704206241519673,0.10492989597467209,0.08683853459972862,0.08389868837630032,0.08729081863410222,0.07643600180913614,0.06625961103573044,0.06512890094979647,0.05879692446856626,0.0540479421076436,0.0506558118498417,0.03889642695612845,0.028493894165535955,0.024875621890547265,0.01786521935775667,0.011533242876526458,0.007010402532790593,0.8711417917884997,0.036698170579138864,0.0,0.0,0.0,0.0,0.0,0.0,0.0,0.0,0.0,0.0,0.0,0.0,0.0,0.0,0.0,0.0,0.0,0.0,0.0,0.0,0.020352781546811402,0.040705563093622804,0.18317503392130263,0.7869742198100382,2.6322930800542745,9.44369063772049,11.383989145183179,4.185888738127545,1.0447761194029852,0.27815468113975583,4.299019607843137,2.92785791663593,4.333333333333333,2.527625148017184,1.007981755986317,4.243668720054757,2.9155644463526085,4.356787491115849,2.936292606521996,1.0266558910516541,0.4014,0.00872,0.0,0.0,0.0,0.0,0.0,0.0,0.0,0.0,0.0,0.0,0.0,13.439620081411107,16.553595658073274,0.0067842605156038,0.0,0.0,0.0,0.0,0.0,0.0,0.0,0.0,0.0,0.0,0.0,0.0,0.0,0.0,0.0,0.0,nan,nan,4.299163179916318,2.9262981832093464,nan,0.4014,0.04086,0.0,0.0,0.0,0.0,0.0,0.0,0.0,0.0,0.0,0.0,0.0,0.0,0.0,0.0,0.0,0.0,0.0,0.0,0.0,0.0,0.0,0.0,0.0,0.0,1.1307100859339666e-05,0.0009271822704658525,0.0007575757575757576,0.0003279059249208503,0.0028606965174129352,0.0032903663500678426,7.914970601537765e-05,0.0018317503392130258,0.00842379014020805,0.036352329262777025,0.07589326096788783,0.02848258706467662,0.05529172320217096,0.06212121212121212,0.06429217548620533,0.07676390773405699,0.07356399819086386,0.10335820895522388,0.11751469923111714,0.0708955223880597,0.09481004070556309,0.03715513342379014,0.03803708729081864,0.025893260967887834,0.00779059249208503,0.008830845771144279,0.0009271822704658525,0.0020239710538218,0.0014473089099954772,4.522840343735866e-05,0.0,0.0,0.0,0.0,0.0,0.0,0.0,0.0,0.0,0.0,0.0,0.0,0.0,0.0,0.0,0.0,0.0,0.0,0.0,0.0,0.0,0.0,0.0,0.0,0.0,0.0,0.0,0.0,0.0,0.0,0.0,0.0,0.0,0.0,0.0,0.0,0.0,0.0,0.0,0.0,0.0,0.0,0.0,0.0,0.0,0.0,0.0,nan,nan,4.299163179916318,2.9262981832093464,nan,0.8714895048409912,0.03640627391700593,0.0,0.0,0.0,0.0,0.0,0.0,0.0,0.0,0.0,0.0,0.0,0.0,0.0,0.0,0.0,0.0,0.0,0.0,0.0,0.0,0.02659574468085107,0.02659574468085107,0.14627659574468088,0.7978723404255293,2.593085106382979,9.348404255319151,11.369680851063833,4.348404255319149,1.0638297872340428,0.2792553191489362,0.87077963082524,0.03699627330190331,0.0,0.0,0.0,0.0,0.0,0.0,0.0,0.0,0.0,0.0,0.0,0.0,0.0,0.0,0.0,0.0,0.0,0.0,0.0,0.0,0.013850415512465377,0.05540166204986151,0.22160664819944603,0.7756232686980585,2.6731301939058176,9.542936288088644,11.398891966759006,4.01662049861496,1.0249307479224379,0.27700831024930755,0.4014,0.008675,0.0,0.0,0.0,0.0,0.0,0.0,0.0,0.0,0.0,0.0,0.0,13.377659574468066,16.622340425531917,0.0,0.0,0.0,0.0,0.0,0.0,0.0,0.0,0.0,0.0,0.0,0.0,0.0,0.0,0.0,0.0,0.0,0.4014,0.00877,0.0,0.0,0.0,0.0,0.0,0.0,0.0,0.0,0.0,0.0,0.0,13.50415512465372,16.4819944598338,0.013850415512465377,0.0,0.0,0.0,0.0,0.0,0.0,0.0,0.0,0.0,0.0,0.0,0.0,0.0,0.0,0.0,0.0
15700,4542,2365,0.520695728753853,1091,931,0.44517833553500663,1303,0.5737560546014971,0.38999999999999996,3.018833256775379,3.03207685405693,6.5015432098765435,2.083888243427624,8380.673051519154,506.2657613447454,7853.0,8866.4,8866.399999999998,1.8189894035458565e-12,7853.0,0.0,28.191105239982388,20.868716517157175,33.11567652447003,19.08666217163899,0.1380449141347424,0.09841479524438573,0.08806693086745927,0.08740642888595332,0.0841039189784236,0.07287538529282254,0.07089387934830471,0.06384852487890796,0.057683839718185824,0.0548216644649934,0.04601497137824747,0.0479964773227653,0.02906208718626156,0.02289740202553941,0.019815059445178335,0.010347864376926464,0.007705856450902686,0.8715771948356872,0.03453071788129004,0.0,0.0,0.0,0.0,0.0,0.0,0.0,0.0,0.0,0.0,0.0,0.0,0.0,0.0,0.0,0.0,0.0,0.0,0.0,0.0,0.013210039630118893,0.039630118890356676,0.07926023778071335,0.528401585204754,2.8335535006605026,9.498018494055485,11.770145310435934,4.154557463672392,0.8058124174372525,0.27741083223249674,4.295098706603131,2.852103795273107,5.777777777777778,3.0469576001782417,1.345202560512807,4.248633879781421,2.8416180629498333,4.349966284558327,2.8650670562648766,1.0238505853044038,0.4019,0.00833,0.0,0.0,0.0,0.0,0.0,0.0,0.0,0.0,0.0,0.0,0.0,12.496697490092453,17.503302509907535,0.0,0.0,0.0,0.0,0.0,0.0,0.0,0.0,0.0,0.0,0.0,0.0,0.0,0.0,0.0,0.0,0.0,nan,nan,4.299626739056667,2.8538920013344846,nan,0.4019,0.04086,0.0,0.0,0.0,0.0,0.0,0.0,0.0,0.0,0.0,0.0,0.0,0.0,0.0,0.0,0.0,0.0,0.0,0.0,0.0,0.0,0.0,0.0,0.0,0.0,0.0,0.0010568031704095112,0.00042932628797886396,0.00027520915896081023,0.0027080581241743723,0.0032694848084544254,8.806693086745927e-05,0.001937472479084104,0.008410391897842361,0.03582122413033906,0.07560546014971378,0.02691545574636724,0.053874944958168205,0.061492734478203435,0.062472479084103916,0.07525319242624394,0.07305151915455746,0.10861955085865257,0.12105900484368119,0.06971598414795245,0.09441875825627477,0.03891457507705857,0.036228533685601055,0.024559665345662705,0.008828709819462792,0.009313077939233817,0.0009247027741083224,0.0032694848084544254,0.0014751210920299427,0.0,0.0,1.1008366358432408e-05,0.0,0.0,0.0,0.0,0.0,0.0,0.0,0.0,0.0,0.0,0.0,0.0,0.0,0.0,0.0,0.0,0.0,0.0,0.0,0.0,0.0,0.0,0.0,0.0,0.0,0.0,0.0,0.0,0.0,0.0,0.0,0.0,0.0,0.0,0.0,0.0,0.0,0.0,0.0,0.0,0.0,0.0,0.0,0.0,0.0,nan,nan,4.299626739056667,2.8538920013344846,nan,0.8724252342169683,0.03416262730140204,0.0,0.0,0.0,0.0,0.0,0.0,0.0,0.0,0.0,0.0,0.0,0.0,0.0,0.0,0.0,0.0,0.0,0.0,0.0,0.0,0.012684989429175479,0.050739957716701915,0.050739957716701915,0.4439746300211403,2.7399577167019036,9.463002114164906,11.80972515856237,4.262156448202961,0.9260042283298099,0.24101479915433408,0.8706559210016358,0.03490285671816703,0.0,0.0,0.0,0.0,0.0,0.0,0.0,0.0,0.0,0.0,0.0,0.0,0.0,0.0,0.0,0.0,0.0,0.0,0.0,0.0,0.013780431786862658,0.027560863573725315,0.11024345429490126,0.6201194304088176,2.9352319706017465,9.536058796508959,11.727147450620123,4.037666513550759,0.6752411575562702,0.31694993109784114,0.4019,0.00836,0.0,0.0,0.0,0.0,0.0,0.0,0.0,0.0,0.0,0.0,0.0,12.469344608879474,17.53065539112051,0.0,0.0,0.0,0.0,0.0,0.0,0.0,0.0,0.0,0.0,0.0,0.0,0.0,0.0,0.0,0.0,0.0,0.4019,0.0083,0.0,0.0,0.0,0.0,0.0,0.0,0.0,0.0,0.0,0.0,0.0,12.526412494258135,17.47358750574185,0.0,0.0,0.0,0.0,0.0,0.0,0.0,0.0,0.0,0.0,0.0,0.0,0.0,0.0,0.0,0.0,0.0
15800,4505,2325,0.516093229744728,1113,930,0.453496115427303,1279,0.5678135405105439,0.40599999999999997,2.9623853211009172,3.1082101693791935,6.595432300163132,2.1485103190948056,8376.008879023308,506.4374694520568,7853.0,8866.4,8866.4,0.0,7853.0,0.0,28.005105438401777,20.947144956166028,32.98651150489289,19.178295334167657,0.141842397336293,0.09589345172031076,0.09211986681465038,0.09056603773584905,0.07991120976692564,0.07524972253052165,0.06592674805771365,0.06503884572697004,0.055937846836847945,0.055271920088790234,0.0486126526082131,0.03773584905660377,0.03551609322974473,0.023529411764705882,0.016870144284128745,0.012652608213096559,0.00732519422863485,0.8726905303181343,0.034625966514076546,0.0,0.0,0.0,0.0,0.0,0.0,0.0,0.0,0.0,0.0,0.0,0.0,0.0,0.0,0.0,0.0,0.0,0.0,0.0,0.0,0.006659267480577138,0.01997780244173141,0.09988901220865708,0.5993340732519404,2.517203107658158,9.336293007769147,11.886792452830193,4.3751387347391795,0.8390677025527195,0.3196448390677026,4.274066461116821,2.915549200963041,4.666666666666667,1.699673171197595,1.091856364219301,4.249655172413793,2.8970406812262994,4.297076818490822,2.931715208794833,1.0111589397617158,0.402,0.00869,0.0,0.0,0.0,0.0,0.0,0.0,0.0,0.0,0.0,0.0,0.0,12.179800221975565,17.813540510543845,0.006659267480577138,0.0,0.0,0.0,0.0,0.0,0.0,0.0,0.0,0.0,0.0,0.0,0.0,0.0,0.0,0.0,0.0,nan,nan,4.274469541409993,2.914588117943674,nan,0.402,0.04095,0.0,0.0,0.0,0.0,0.0,0.0,0.0,0.0,0.0,0.0,0.0,0.0,0.0,0.0,0.0,0.0,0.0,0.0,0.0,0.0,0.0,0.0,0.0,0.0,0.0,0.0014428412874583796,0.00023307436182019978,2.2197558268590455e-05,0.003618201997780244,0.0028967813540510543,0.00015538290788013318,0.0019200887902330744,0.007713651498335183,0.036148723640399553,0.07508324084350722,0.02725860155382908,0.05239733629300777,0.057114317425083244,0.06251942286348501,0.07755826859045505,0.07338512763596004,0.10786903440621531,0.1202552719200888,0.06920088790233074,0.09445061043285238,0.04126526082130966,0.03825749167591565,0.02499445061043285,0.009100998890122086,0.010643729189789123,0.0007214206437291898,0.0028412874583795783,0.0009322974472807991,0.0,0.0,0.0,0.0,0.0,0.0,0.0,0.0,0.0,0.0,0.0,0.0,0.0,0.0,0.0,0.0,0.0,0.0,0.0,0.0,0.0,0.0,0.0,0.0,0.0,0.0,0.0,0.0,0.0,0.0,0.0,0.0,0.0,0.0,0.0,0.0,0.0,0.0,0.0,0.0,0.0,0.0,0.0,0.0,0.0,0.0,0.0,0.0,nan,nan,4.274469541409993,2.914588117943674,nan,0.8719749322501562,0.03522306006288773,0.0,0.0,0.0,0.0,0.0,0.0,0.0,0.0,0.0,0.0,0.0,0.0,0.0,0.0,0.0,0.0,0.0,0.0,0.0,0.0,0.0,0.012903225806451616,0.09032258064516131,0.7741935483870943,2.5548387096774197,9.470967741935485,11.470967741935487,4.425806451612904,0.8903225806451615,0.3096774193548388,0.8734537255053126,0.03396098491250627,0.0,0.0,0.0,0.0,0.0,0.0,0.0,0.0,0.0,0.0,0.0,0.0,0.0,0.0,0.0,0.0,0.0,0.0,0.0,0.0,0.01376146788990826,0.02752293577981652,0.11009174311926608,0.4128440366972464,2.4770642201834865,9.192660550458717,12.3302752293578,4.321100917431194,0.7844036697247708,0.33027522935779824,0.4023,0.0087,0.0,0.0,0.0,0.0,0.0,0.0,0.0,0.0,0.0,0.0,0.0,11.999999999999982,17.987096774193553,0.012903225806451616,0.0,0.0,0.0,0.0,0.0,0.0,0.0,0.0,0.0,0.0,0.0,0.0,0.0,0.0,0.0,0.0,0.402,0.00867,0.0,0.0,0.0,0.0,0.0,0.0,0.0,0.0,0.0,0.0,0.0,12.371559633027504,17.62844036697248,0.0,0.0,0.0,0.0,0.0,0.0,0.0,0.0,0.0,0.0,0.0,0.0,0.0,0.0,0.0,0.0,0.0
15900,4496,2302,0.5120106761565836,1093,944,0.4530693950177936,1283,0.5707295373665481,0.40599999999999997,2.9922515952597997,3.072421826240481,6.643790849673203,1.915855073365022,8371.871619217083,506.553789528451,7853.0,8866.4,8866.399999999998,1.8189894035458565e-12,7853.0,0.0,27.840524911032027,20.738697219399302,32.68568409931326,19.013312849820274,0.13901245551601424,0.099644128113879,0.09141459074733096,0.09230427046263345,0.0780693950177936,0.07139679715302491,0.074288256227758,0.06494661921708185,0.06138790035587188,0.05137900355871886,0.04248220640569395,0.04114768683274021,0.03047153024911032,0.024466192170818506,0.022019572953736653,0.00956405693950178,0.006005338078291815,0.8713933947857376,0.0350548929553825,0.0,0.0,0.0,0.0,0.0,0.0,0.0,0.0,0.0,0.0,0.0,0.0,0.0,0.0,0.0,0.0,0.0,0.0,0.0,0.0,0.01334519572953737,0.05338078291814948,0.12010676156583633,0.6005338078291796,2.622330960854093,9.608540925266906,11.37010676156584,4.550711743772243,0.8207295373665482,0.24021352313167266,4.303701141473539,2.8677376443363447,3.0714285714285716,3.3050672289312217,0.7136714354605369,4.344239945466939,2.9408111169521054,4.250347705146036,2.7977582455209897,0.9783869580180818,0.4023,0.008835,0.0,0.0,0.0,0.0,0.0,0.0,0.0,0.0,0.0,0.0,0.0,11.710409252669024,18.289590747330966,0.0,0.0,0.0,0.0,0.0,0.0,0.0,0.0,0.0,0.0,0.0,0.0,0.0,0.0,0.0,0.0,0.0,nan,nan,4.29776247848537,2.8712735608031763,nan,0.4023,0.0411,0.0,0.0,0.0,0.0,0.0,0.0,0.0,0.0,0.0,0.0,0.0,0.0,0.0,0.0,0.0,0.0,0.0,0.0,0.0,0.0,0.0,0.0,0.0,0.0,0.0,0.0017348754448398577,0.0001445729537366548,3.336298932384342e-05,0.0037255338078291816,0.0028247330960854094,0.00010008896797153025,0.0021797153024911034,0.006828291814946619,0.03604314946619217,0.07381005338078292,0.0275355871886121,0.051045373665480426,0.05740658362989324,0.06239991103202847,0.08010453736654805,0.0733540925266904,0.10779581850533808,0.11818282918149466,0.06942838078291814,0.09199288256227758,0.042159697508896796,0.03876779359430605,0.027001779359430603,0.010564946619217083,0.01084297153024911,0.000400355871886121,0.002491103202846975,0.0010898576512455517,0.0,0.0,0.0,0.0,1.112099644128114e-05,0.0,0.0,0.0,0.0,0.0,0.0,0.0,0.0,0.0,0.0,0.0,0.0,0.0,0.0,0.0,0.0,0.0,0.0,0.0,0.0,0.0,0.0,0.0,0.0,0.0,0.0,0.0,0.0,0.0,0.0,0.0,0.0,0.0,0.0,0.0,0.0,0.0,0.0,0.0,0.0,0.0,0.0,0.0,nan,nan,4.29776247848537,2.8712735608031763,nan,0.8717545404784272,0.03524319469108035,0.0,0.0,0.0,0.0,0.0,0.0,0.0,0.0,0.0,0.0,0.0,0.0,0.0,0.0,0.0,0.0,0.0,0.0,0.0,0.0,0.013032145960034755,0.06516072980017378,0.13032145960034755,0.6125108601216315,2.502172024326673,9.643788010425718,11.142484795829716,4.743701129452651,0.8992180712423982,0.24761077324066033,0.8710144716387134,0.03485220557069591,0.0,0.0,0.0,0.0,0.0,0.0,0.0,0.0,0.0,0.0,0.0,0.0,0.0,0.0,0.0,0.0,0.0,0.0,0.0,0.0,0.01367365542388332,0.04102096627164996,0.10938924339106657,0.5879671832269808,2.7484047402005474,9.571558796718325,11.60893345487694,4.348222424794896,0.7383773928896994,0.23245214220601645,0.4023,0.008675,0.0,0.0,0.0,0.0,0.0,0.0,0.0,0.0,0.0,0.0,0.0,11.794092093831434,18.20590790616855,0.0,0.0,0.0,0.0,0.0,0.0,0.0,0.0,0.0,0.0,0.0,0.0,0.0,0.0,0.0,0.0,0.0,0.4026,0.00901,0.0,0.0,0.0,0.0,0.0,0.0,0.0,0.0,0.0,0.0,0.0,11.622607110300804,18.377392889699184,0.0,0.0,0.0,0.0,0.0,0.0,0.0,0.0,0.0,0.0,0.0,0.0,0.0,0.0,0.0,0.0,0.0
16000,4567,2359,0.5165316400262755,1116,930,0.44799649660608715,1314,0.5754324501861178,0.40599999999999997,3.0321557971014492,3.1271888666358674,6.640575079872204,2.184072972488636,8376.453164002629,506.42296699093424,7853.0,8866.4,8866.4,0.0,7853.0,0.0,28.040289029997812,20.683040713572332,32.76525336091003,18.938716616676817,0.13619443836216336,0.09853295379899278,0.09546748412524633,0.08145390847383403,0.07773155244142764,0.08320560543026057,0.06744033282242172,0.0672213707028684,0.054302605649222686,0.05911977227939567,0.046419969345303264,0.040507992117363695,0.03131158309612437,0.029121961900591197,0.01686008320560543,0.008977446901686009,0.006130939347492884,0.8721708334690376,0.03498691256285193,0.0,0.0,0.0,0.0,0.0,0.0,0.0,0.0,0.0,0.0,0.0,0.0,0.0,0.0,0.0,0.0,0.0,0.0,0.0,0.00656886358659952,0.00656886358659952,0.01313772717319904,0.07225749945259471,0.5649222684475568,2.8443179329975923,9.446025837530108,11.679439456973947,4.131815195971098,0.8736588570177362,0.3612874972629736,4.321645313553607,2.8879472821844034,5.0,1.0,1.1569667654860354,4.388140161725067,2.8841549733455425,4.256064690026954,2.888621536055654,0.9699017199017199,0.4023,0.00884,0.0,0.0,0.0,0.0,0.0,0.0,0.0,0.0,0.0,0.0,0.0,12.060433544996698,17.939566455003288,0.0,0.0,0.0,0.0,0.0,0.0,0.0,0.0,0.0,0.0,0.0,0.0,0.0,0.0,0.0,0.0,0.0,nan,nan,4.322102425876011,2.8871444589724375,nan,0.4023,0.04095,0.0,0.0,0.0,0.0,0.0,0.0,0.0,0.0,0.0,0.0,0.0,0.0,0.0,0.0,0.0,0.0,0.0,0.0,0.0,0.0,0.0,0.0,5.474052988832932e-05,0.0,0.0,0.0015765272607838844,9.853295379899277e-05,7.663674184366105e-05,0.0036457192905627327,0.003076417779724108,0.00028465075541931245,0.0020691920297788483,0.0065798116925771845,0.03555944821545873,0.07057149113203416,0.027939566455003284,0.0531092620976571,0.060126998029340926,0.06172542150208014,0.08327129406612656,0.07231223998248303,0.1096233851543683,0.12051675060214583,0.06712283774906941,0.08746441865557258,0.03922706371797679,0.04023428946792205,0.027545434639807312,0.01209765710532078,0.009886139697832275,0.000722574994525947,0.002145828771622509,0.0013247208232975696,0.0,0.0,0.0,0.0,1.0948105977665863e-05,0.0,0.0,0.0,0.0,0.0,0.0,0.0,0.0,0.0,0.0,0.0,0.0,0.0,0.0,0.0,0.0,0.0,0.0,0.0,0.0,0.0,0.0,0.0,0.0,0.0,0.0,0.0,0.0,0.0,0.0,0.0,0.0,0.0,0.0,0.0,0.0,0.0,0.0,0.0,0.0,0.0,0.0,0.0,nan,nan,4.322102425876011,2.8871444589724375,nan,0.8725748161432753,0.03473160100017884,0.0,0.0,0.0,0.0,0.0,0.0,0.0,0.0,0.0,0.0,0.0,0.0,0.0,0.0,0.0,0.0,0.0,0.0,0.0,0.012717253073336163,0.0,0.012717253073336163,0.038151759220008484,0.5214073760067809,2.8359474353539644,9.398050021195424,11.801610852055958,4.10767274268758,0.9537939805002121,0.317931326833404,0.8717392233564801,0.035252526715558584,0.0,0.0,0.0,0.0,0.0,0.0,0.0,0.0,0.0,0.0,0.0,0.0,0.0,0.0,0.0,0.0,0.0,0.0,0.0,0.0,0.013586956521739134,0.013586956521739134,0.10869565217391307,0.611413043478259,2.853260869565218,9.497282608695654,11.548913043478263,4.157608695652175,0.7880434782608697,0.407608695652174,0.4023,0.00886,0.0,0.0,0.0,0.0,0.0,0.0,0.0,0.0,0.0,0.0,0.0,12.221280203476033,17.778719796523955,0.0,0.0,0.0,0.0,0.0,0.0,0.0,0.0,0.0,0.0,0.0,0.0,0.0,0.0,0.0,0.0,0.0,0.4023,0.00882,0.0,0.0,0.0,0.0,0.0,0.0,0.0,0.0,0.0,0.0,0.0,11.888586956521722,18.111413043478265,0.0,0.0,0.0,0.0,0.0,0.0,0.0,0.0,0.0,0.0,0.0,0.0,0.0,0.0,0.0,0.0,0.0
16100,4464,2319,0.519489247311828,1082,899,0.44377240143369173,1211,0.5425627240143369,0.418,2.9263403263403265,3.0904290007462567,6.5755517826825125,2.1591546896815665,8379.450403225806,506.3149331912084,7853.0,8866.4,8866.400000000001,1.8189894035458565e-12,7853.0,0.0,27.681451612903224,20.807484093676262,32.65668449197861,19.066483618212256,0.14068100358422939,0.1039426523297491,0.09655017921146954,0.0835573476702509,0.0835573476702509,0.07078853046594982,0.06496415770609319,0.05981182795698925,0.06003584229390681,0.058915770609319,0.04861111111111111,0.042114695340501794,0.029345878136200716,0.021505376344086023,0.01724910394265233,0.01232078853046595,0.006048387096774193,0.8708863564663463,0.035726041683134056,0.0,0.0,0.0,0.0,0.0,0.0,0.0,0.0,0.0,0.0,0.0,0.0,0.0,0.0,0.0,0.0,0.0,0.0,0.0,0.0,0.0,0.03360215053763441,0.08064516129032259,0.672043010752686,3.010752688172044,9.76478494623656,10.961021505376346,4.186827956989248,0.9475806451612905,0.342741935483871,4.299929178470255,2.905801561450997,5.0,2.8284271247461903,1.1628098492958905,4.372675250357654,3.0184028067803887,4.23130677847659,2.7896731617937967,0.9676700272059992,0.4023,0.00889,0.0,0.0,0.0,0.0,0.0,0.0,0.0,0.0,0.0,0.0,0.0,11.94220430107525,18.051075268817208,0.0067204301075268836,0.0,0.0,0.0,0.0,0.0,0.0,0.0,0.0,0.0,0.0,0.0,0.0,0.0,0.0,0.0,0.0,nan,nan,4.301166489925769,2.9058154140318906,nan,0.4023,0.04095,0.0,0.0,0.0,0.0,0.0,0.0,0.0,0.0,0.0,0.0,0.0,0.0,0.0,0.0,0.0,0.0,0.0,0.0,0.0,0.0,0.0,0.0,0.0,0.0,0.0,0.001657706093189964,8.960573476702509e-05,0.0003920250896057348,0.0032594086021505374,0.0030465949820788533,0.0003024193548387097,0.0018145161290322581,0.006866039426523298,0.03539426523297491,0.07198700716845878,0.02768817204301075,0.05154569892473118,0.061122311827956986,0.06309363799283155,0.08325492831541219,0.07262544802867384,0.10868055555555556,0.12470878136200717,0.06395609318996416,0.08537186379928316,0.03718637992831541,0.04233870967741935,0.02567204301075269,0.01244399641577061,0.01201836917562724,0.000828853046594982,0.0015905017921146953,0.001064068100358423,0.0,0.0,0.0,0.0,0.0,0.0,0.0,0.0,0.0,0.0,0.0,0.0,0.0,0.0,0.0,0.0,0.0,0.0,0.0,0.0,0.0,0.0,0.0,0.0,0.0,0.0,0.0,0.0,0.0,0.0,0.0,0.0,0.0,0.0,0.0,0.0,0.0,0.0,0.0,0.0,0.0,0.0,0.0,0.0,0.0,0.0,0.0,0.0,nan,nan,4.301166489925769,2.9058154140318906,nan,0.8703971525213234,0.03545648715592203,0.0,0.0,0.0,0.0,0.0,0.0,0.0,0.0,0.0,0.0,0.0,0.0,0.0,0.0,0.0,0.0,0.0,0.0,0.0,0.0,0.0,0.025873221216041402,0.10349288486416561,0.7373868046571775,3.13065976714101,9.41785252263907,11.164294954721866,4.230271668822769,0.996119016817594,0.19404915912031054,0.8714152440880284,0.03600771647397585,0.0,0.0,0.0,0.0,0.0,0.0,0.0,0.0,0.0,0.0,0.0,0.0,0.0,0.0,0.0,0.0,0.0,0.0,0.0,0.0,0.0,0.04195804195804197,0.05594405594405596,0.6013986013985995,2.881118881118882,10.139860139860142,10.741258741258743,4.139860139860141,0.8951048951048953,0.5034965034965037,0.402,0.0089,0.0,0.0,0.0,0.0,0.0,0.0,0.0,0.0,0.0,0.0,0.0,11.888745148771005,18.098318240620962,0.012936610608020701,0.0,0.0,0.0,0.0,0.0,0.0,0.0,0.0,0.0,0.0,0.0,0.0,0.0,0.0,0.0,0.0,0.4023,0.008865,0.0,0.0,0.0,0.0,0.0,0.0,0.0,0.0,0.0,0.0,0.0,11.999999999999982,18.000000000000004,0.0,0.0,0.0,0.0,0.0,0.0,0.0,0.0,0.0,0.0,0.0,0.0,0.0,0.0,0.0,0.0,0.0
16200,4573,2338,0.5112617537721408,1129,935,0.45134485020774107,1301,0.5689919090312705,0.39799999999999996,2.915883668903803,3.0168939780936417,6.286153846153846,2.1820157880749362,8371.112661272688,506.57145711407264,7853.0,8866.4,8866.4,0.0,7853.0,0.0,28.341351410452656,20.886687044686244,33.141121736882916,19.11596845762201,0.13492237043516292,0.09665427509293681,0.08659523288869451,0.08790728187185655,0.08900065602449159,0.07194401924338509,0.07041329542969604,0.06735184780231795,0.058823529411764705,0.050513885851738466,0.049420511699103435,0.04023616881696917,0.03411327356221299,0.024928930680078724,0.018150010933741526,0.011152416356877323,0.007872293898972229,0.8728016740562043,0.03566441657192916,0.0,0.0,0.0,0.0,0.0,0.0,0.0,0.0,0.0,0.0,0.0,0.0,0.0,0.0,0.0,0.0,0.0,0.0,0.0,0.0,0.0,0.019680734747430574,0.11152416356877326,0.5313798381806237,2.761863109556091,9.328668270282092,11.552591296741749,4.244478460529194,1.0890006560244918,0.3608134703695606,4.186310517529216,2.8305534733243394,2.0,0.0,0.4777476471526559,4.20990099009901,2.8364961750817055,4.161377447670493,2.8232217805464304,0.9884739468831603,0.402,0.00876,0.0,0.0,0.0,0.0,0.0,0.0,0.0,0.0,0.0,0.0,0.006560244915810191,12.156133828996264,17.8307456811721,0.006560244915810191,0.0,0.0,0.0,0.0,0.0,0.0,0.0,0.0,0.0,0.0,0.0,0.0,0.0,0.0,0.0,0.0,nan,nan,4.184851518184852,2.830172072554741,nan,0.402,0.04114,0.0,0.0,0.0,0.0,0.0,0.0,0.0,0.0,0.0,0.0,0.0,0.0,0.0,0.0,0.0,0.0,0.0,0.0,0.0,0.0,0.0,0.0,0.0,0.0,0.0,0.0017384649026897004,9.840367373715286e-05,0.0005357533347911655,0.0032910561994314454,0.002514760551060573,0.00028427727968510823,0.0018259348349005029,0.007380275530286464,0.0362890881259567,0.07338727312486333,0.029368029739776952,0.04862234856767986,0.061600699759457686,0.06244259785698666,0.08153291056199431,0.07507106931992127,0.10662584736496829,0.12697354034550623,0.06599606385305051,0.08046140389241198,0.03684670894380057,0.04171222392302646,0.02873387273124863,0.011961513229827248,0.010835337852613165,0.0007762956483708725,0.0015635250382680954,0.0015307238136890444,0.0,0.0,0.0,0.0,0.0,0.0,0.0,0.0,0.0,0.0,0.0,0.0,0.0,0.0,0.0,0.0,0.0,0.0,0.0,0.0,0.0,0.0,0.0,0.0,0.0,0.0,0.0,0.0,0.0,0.0,0.0,0.0,0.0,0.0,0.0,0.0,0.0,0.0,0.0,0.0,0.0,0.0,0.0,0.0,0.0,0.0,0.0,0.0,nan,nan,4.184851518184852,2.830172072554741,nan,0.8729138492110247,0.036146953227377265,0.0,0.0,0.0,0.0,0.0,0.0,0.0,0.0,0.0,0.0,0.0,0.0,0.0,0.0,0.0,0.0,0.0,0.0,0.0,0.0,0.0,0.03849443969204449,0.15397775876817796,0.4491017964071843,2.822925577416596,9.277159965782722,11.548331907613347,4.131736526946108,1.2061591103507272,0.37211291702309673,0.8726843293081193,0.03515217117109799,0.0,0.0,0.0,0.0,0.0,0.0,0.0,0.0,0.0,0.0,0.0,0.0,0.0,0.0,0.0,0.0,0.0,0.0,0.0,0.0,0.0,0.0,0.06711409395973156,0.6174496644295283,2.6979865771812084,9.382550335570471,11.557046979865776,4.362416107382551,0.9664429530201344,0.34899328859060413,0.402,0.0088,0.0,0.0,0.0,0.0,0.0,0.0,0.0,0.0,0.0,0.0,0.012831479897348164,11.920444824636425,18.066723695466212,0.0,0.0,0.0,0.0,0.0,0.0,0.0,0.0,0.0,0.0,0.0,0.0,0.0,0.0,0.0,0.0,0.0,0.402,0.00872,0.0,0.0,0.0,0.0,0.0,0.0,0.0,0.0,0.0,0.0,0.0,12.40268456375837,17.583892617449667,0.013422818791946312,0.0,0.0,0.0,0.0,0.0,0.0,0.0,0.0,0.0,0.0,0.0,0.0,0.0,0.0,0.0,0.0
16300,4642,2369,0.510340370529944,1057,1011,0.44549763033175355,1326,0.5713054717794054,0.39399999999999996,2.9511658600967885,3.0752105798130156,6.572567783094099,2.1325487614324583,8370.178931495044,506.5916323773241,7853.0,8866.4,8866.399999999998,1.8189894035458565e-12,7853.0,0.0,27.949806118052564,20.949660150238536,32.86014344262295,19.225564904081846,0.14110297285652737,0.0943558810857389,0.0958638517880224,0.08703145196036191,0.08293838862559241,0.08013787160706592,0.06936665230504092,0.06355019388194744,0.05342524773804395,0.04760878931495045,0.04825506247307195,0.03856096510124946,0.035545023696682464,0.02218871176217148,0.02089616544592848,0.011848341232227487,0.007324429125376993,0.873732402965664,0.03522705843340514,0.0,0.0,0.0,0.0,0.0,0.0,0.0,0.0,0.0,0.0,0.0,0.0,0.0,0.0,0.0,0.0,0.0,0.0,0.0,0.0,0.006462731581214995,0.01292546316242999,0.1227919000430849,0.5040930633347679,2.436449806118053,9.157690650581648,11.962516156828956,4.407582938388626,0.9823352003446792,0.4071520896165447,4.293859649122807,2.8572095664507042,3.7777777777777777,2.698879511442471,0.8798093292475314,4.228744939271255,2.815449888374036,4.355466130114017,2.8960996170674536,1.0299666195674124,0.4023,0.008995,0.0,0.0,0.0,0.0,0.0,0.0,0.0,0.0,0.0,0.0,0.0,11.704006893580337,18.276604911676007,0.019388194743644983,0.0,0.0,0.0,0.0,0.0,0.0,0.0,0.0,0.0,0.0,0.0,0.0,0.0,0.0,0.0,0.0,nan,nan,4.2922973427514295,2.8568841923759347,nan,0.4023,0.0415,0.0,0.0,0.0,0.0,0.0,0.0,0.0,0.0,0.0,0.0,0.0,0.0,0.0,0.0,0.0,0.0,0.0,0.0,0.0,0.0,0.0,0.0,0.0,2.154243860404998e-05,0.0,0.0016372253339077983,0.00019388194743644982,0.0009370960792761741,0.002843601895734597,0.002832830676432572,0.0003123653597587247,0.0013571736320551486,0.006893580353295993,0.037289961223610515,0.07305040930633348,0.03179663937957777,0.048395088323998275,0.06115898319689789,0.06077121930202499,0.07738043946574752,0.07153166738474795,0.10848772080999569,0.128877638948729,0.06678155967255493,0.07972856527358897,0.03559887979319259,0.04402197328737613,0.030428694528220595,0.011665230504093063,0.011417492460146488,0.0006785868160275743,0.001938819474364498,0.001949590693666523,2.154243860404998e-05,0.0,0.0,0.0,0.0,0.0,0.0,0.0,0.0,0.0,0.0,0.0,0.0,0.0,0.0,0.0,0.0,0.0,0.0,0.0,0.0,0.0,0.0,0.0,0.0,0.0,0.0,0.0,0.0,0.0,0.0,0.0,0.0,0.0,0.0,0.0,0.0,0.0,0.0,0.0,0.0,0.0,0.0,0.0,0.0,0.0,0.0,0.0,nan,nan,4.2922973427514295,2.8568841923759347,nan,0.8744711358620678,0.03527513122028667,0.0,0.0,0.0,0.0,0.0,0.0,0.0,0.0,0.0,0.0,0.0,0.0,0.0,0.0,0.0,0.0,0.0,0.0,0.0,0.0,0.0,0.0,0.10130856901646267,0.5571971295905428,2.330097087378641,8.965808357956945,12.195018995356694,4.419586323343183,0.987758547910511,0.44322498944702415,0.8729624697357561,0.03516037105558822,0.0,0.0,0.0,0.0,0.0,0.0,0.0,0.0,0.0,0.0,0.0,0.0,0.0,0.0,0.0,0.0,0.0,0.0,0.0,0.0,0.013198416190057197,0.026396832380114393,0.14518257809062915,0.44874615046194316,2.547294324681039,9.357677078750552,11.720193576770791,4.395072591289046,0.9766827980642325,0.3695556533216015,0.4023,0.00893,0.0,0.0,0.0,0.0,0.0,0.0,0.0,0.0,0.0,0.0,0.0,11.764457577036707,18.210215280709164,0.025327142254115666,0.0,0.0,0.0,0.0,0.0,0.0,0.0,0.0,0.0,0.0,0.0,0.0,0.0,0.0,0.0,0.0,0.4026,0.00906,0.0,0.0,0.0,0.0,0.0,0.0,0.0,0.0,0.0,0.0,0.0,11.641003079630428,18.345798504179502,0.013198416190057197,0.0,0.0,0.0,0.0,0.0,0.0,0.0,0.0,0.0,0.0,0.0,0.0,0.0,0.0,0.0,0.0
16400,4494,2358,0.5246995994659546,1076,917,0.44348019581664444,1254,0.5580774365821095,0.43,3.000936329588015,3.116796207476891,6.6245901639344265,2.150497901760665,8384.7305740988,506.0813772114959,7853.0,8866.4,8866.399999999998,1.8189894035458565e-12,7853.0,0.0,28.127058299955497,20.995350162894535,33.069047619047616,19.229475958897503,0.14085447263017356,0.09323542501112594,0.09457053849577214,0.08856252781486426,0.08121940364931018,0.0778816199376947,0.06720071206052515,0.06030262572318647,0.06119270137961727,0.04984423676012461,0.04606141522029372,0.04072096128170895,0.035603026257231864,0.027814864263462396,0.014908767245215844,0.011125945705384957,0.008900756564307966,0.8754272473802766,0.03615518006504162,0.0,0.0,0.0,0.0,0.0,0.0,0.0,0.0,0.0,0.0,0.0,0.0,0.0,0.0,0.0,0.0,0.0,0.0,0.0,0.0,0.0,0.03337783711615488,0.08010680907877171,0.5407209612817072,2.510013351134847,8.778371161548733,11.535380507343127,4.919893190921229,1.134846461949266,0.46728971962616833,4.2031789910158945,2.880512098447587,2.6,2.0591260281974,0.6185794146662283,4.189357290946787,2.8795343561074533,4.211432506887053,2.8805525158220715,1.0052693562298853,0.4028,0.00912,0.0,0.0,0.0,0.0,0.0,0.0,0.0,0.0,0.0,0.0,0.0,11.668891855807727,18.324432576769027,0.006675567423230977,0.0,0.0,0.0,0.0,0.0,0.0,0.0,0.0,0.0,0.0,0.0,0.0,0.0,0.0,0.0,0.0,nan,nan,4.200413935839944,2.880065509349249,nan,0.4028,0.04178,0.0,0.0,0.0,0.0,0.0,0.0,0.0,0.0,0.0,0.0,0.0,0.0,0.0,0.0,0.0,0.0,0.0,0.0,0.0,0.0,0.0,0.0,0.0,1.1125945705384958e-05,0.0,0.0014908767245215844,0.00015576323987538941,0.00130173564753004,0.002914997774810859,0.002948375611927014,0.0004450378282153983,0.00132398753894081,0.006019136626613262,0.03465732087227414,0.07591232754784157,0.03140854472630174,0.05010013351134846,0.05984646194926569,0.06070315976858033,0.07557854917668001,0.07102803738317758,0.10995772140631954,0.12782599020916777,0.06675567423230974,0.07804850912327548,0.036348464619492656,0.04483756119270138,0.030307076101468624,0.01196039163328883,0.01193813974187806,0.0005896751223854027,0.0029817534490431687,0.00260347129506008,0.0,0.0,0.0,0.0,0.0,0.0,0.0,0.0,0.0,0.0,0.0,0.0,0.0,0.0,0.0,0.0,0.0,0.0,0.0,0.0,0.0,0.0,0.0,0.0,0.0,0.0,0.0,0.0,0.0,0.0,0.0,0.0,0.0,0.0,0.0,0.0,0.0,0.0,0.0,0.0,0.0,0.0,0.0,0.0,0.0,0.0,0.0,0.0,nan,nan,4.200413935839944,2.880065509349249,nan,0.8744480589671697,0.03655311178448381,0.0,0.0,0.0,0.0,0.0,0.0,0.0,0.0,0.0,0.0,0.0,0.0,0.0,0.0,0.0,0.0,0.0,0.0,0.0,0.0,0.0,0.025445292620865145,0.11450381679389315,0.6615776081424917,2.684478371501273,8.51145038167939,11.641221374045804,4.910941475826973,1.068702290076336,0.3816793893129772,0.8765082053756446,0.035679547410857076,0.0,0.0,0.0,0.0,0.0,0.0,0.0,0.0,0.0,0.0,0.0,0.0,0.0,0.0,0.0,0.0,0.0,0.0,0.0,0.0,0.0,0.04213483146067416,0.04213483146067416,0.4073033707865156,2.3174157303370793,9.07303370786517,11.418539325842698,4.929775280898877,1.207865168539326,0.5617977528089889,0.4028,0.009224,0.0,0.0,0.0,0.0,0.0,0.0,0.0,0.0,0.0,0.0,0.0,11.386768447837133,18.600508905852422,0.012722646310432573,0.0,0.0,0.0,0.0,0.0,0.0,0.0,0.0,0.0,0.0,0.0,0.0,0.0,0.0,0.0,0.0,0.4028,0.009,0.0,0.0,0.0,0.0,0.0,0.0,0.0,0.0,0.0,0.0,0.0,11.980337078651669,18.019662921348317,0.0,0.0,0.0,0.0,0.0,0.0,0.0,0.0,0.0,0.0,0.0,0.0,0.0,0.0,0.0,0.0,0.0
16500,4457,2322,0.5209782364819385,1078,899,0.4435719093560691,1240,0.556428090643931,0.43,2.9985948477751756,3.129447339147608,6.616260162601626,2.147957017016301,8380.959344850797,506.2538199920221,7853.0,8866.4,8866.399999999998,1.8189894035458565e-12,7853.0,0.0,28.450078528157952,21.062878728367004,33.423886963476406,19.245055798345653,0.13776082566748934,0.09715054969710568,0.09356069104779,0.08884900157056316,0.07000224366165582,0.07763069329145166,0.06506618801884675,0.06371999102535338,0.05878393538254431,0.05250168274624187,0.05564280906439309,0.041507740632712585,0.03679605115548575,0.024231545882880862,0.020417321067982948,0.00987211128561813,0.0065066188018846755,0.8729457118090209,0.03501067446706498,0.0,0.0,0.0,0.0,0.0,0.0,0.0,0.0,0.0,0.0,0.0,0.0,0.0,0.0,0.0,0.0,0.0,0.0,0.0,0.0,0.0,0.03365492483733454,0.11442674444693743,0.5182858424949501,2.5846982275072925,9.322414179941667,11.73210679829482,4.361678258918556,0.9894547902176354,0.34328023334081226,4.2339910003461405,2.8896769084852765,3.875,3.018174116912409,0.9152121484630478,4.254421768707483,2.886851055976056,4.211781206171108,2.8941157689295305,0.9899773541847663,0.402,0.0086,0.0,0.0,0.0,0.0,0.0,0.0,0.0,0.0,0.0,0.0,0.0,12.01480816692841,17.97846084810411,0.0067309849674669076,0.0,0.0,0.0,0.0,0.0,0.0,0.0,0.0,0.0,0.0,0.0,0.0,0.0,0.0,0.0,0.0,nan,nan,4.232999654815326,2.8901010174848056,nan,0.402,0.0418,0.0,0.0,0.0,0.0,0.0,0.0,0.0,0.0,0.0,0.0,0.0,0.0,0.0,0.0,0.0,0.0,0.0,0.0,0.0,0.0,0.0,0.0,0.0,5.609154139555755e-05,0.0,0.0009647745120035899,0.00017949293246578415,0.0011779223693067086,0.0025802109041956475,0.0034888938748036794,0.0004487323311644604,0.0012788871438187122,0.005968140004487323,0.035472290778550596,0.07620596814000449,0.034574826116221674,0.051895894099169844,0.060803230872784386,0.06220551940767332,0.07525241193628,0.07288534888938748,0.10853713260040386,0.1229975319721786,0.06775858200583353,0.07453444020641688,0.03484406551492035,0.04577069777877496,0.030278214045321966,0.011285618128786179,0.012082118016603097,0.0009535562037244783,0.0031635629347094457,0.002333408122055194,2.243661655822302e-05,0.0,0.0,0.0,0.0,0.0,0.0,0.0,0.0,0.0,0.0,0.0,0.0,0.0,0.0,0.0,0.0,0.0,0.0,0.0,0.0,0.0,0.0,0.0,0.0,0.0,0.0,0.0,0.0,0.0,0.0,0.0,0.0,0.0,0.0,0.0,0.0,0.0,0.0,0.0,0.0,0.0,0.0,0.0,0.0,0.0,0.0,0.0,nan,nan,4.232999654815326,2.8901010174848056,nan,0.8726285725549621,0.0343098975090658,0.0,0.0,0.0,0.0,0.0,0.0,0.0,0.0,0.0,0.0,0.0,0.0,0.0,0.0,0.0,0.0,0.0,0.0,0.0,0.0,0.0,0.03875968992248063,0.10335917312661501,0.465116279069766,2.583979328165375,9.366925064599485,11.98966408268734,4.224806201550388,0.9431524547803619,0.28423772609819126,0.873290628599618,0.03575405006290385,0.0,0.0,0.0,0.0,0.0,0.0,0.0,0.0,0.0,0.0,0.0,0.0,0.0,0.0,0.0,0.0,0.0,0.0,0.0,0.0,0.0,0.028103044496487126,0.12646370023419207,0.5761124121779841,2.585480093676815,9.27400468384075,11.451990632318504,4.510538641686184,1.0398126463700237,0.40749414519906335,0.402,0.00857,0.0,0.0,0.0,0.0,0.0,0.0,0.0,0.0,0.0,0.0,0.0,11.899224806201532,18.087855297157628,0.012919896640826876,0.0,0.0,0.0,0.0,0.0,0.0,0.0,0.0,0.0,0.0,0.0,0.0,0.0,0.0,0.0,0.0,0.402,0.00862,0.0,0.0,0.0,0.0,0.0,0.0,0.0,0.0,0.0,0.0,0.0,12.140515222482419,17.85948477751757,0.0,0.0,0.0,0.0,0.0,0.0,0.0,0.0,0.0,0.0,0.0,0.0,0.0,0.0,0.0,0.0,0.0
16600,4607,2397,0.5202952029520295,1141,924,0.44823095289776427,1273,0.5526372910787931,0.426,2.942081447963801,3.0906797876724976,6.488853503184713,2.170635666135428,8380.267158671586,506.28241326771126,7853.0,8866.4,8866.4,0.0,7853.0,0.0,28.42261775558932,21.039401794659344,33.273497688751924,19.26441139030905,0.13805079227262862,0.0931191664857825,0.0959409594095941,0.08421966572606902,0.08204905578467549,0.07141306707184719,0.06880833514217495,0.0649012372476666,0.058823529411764705,0.05817234642934665,0.044931625786846105,0.039070978945083566,0.03407857607987844,0.028652051226394616,0.01910136748426308,0.011504232689385717,0.007163012806598654,0.8731035436340855,0.035368918504053555,0.0,0.0,0.0,0.0,0.0,0.0,0.0,0.0,0.0,0.0,0.0,0.0,0.0,0.0,0.0,0.0,0.0,0.0,0.0,0.0,0.0,0.013023659648361193,0.11070110701107014,0.56652919470371,2.7479921858042116,9.103538094204474,11.760364662470158,4.219665726069026,1.1721293683525074,0.306056001736488,4.177489177489178,2.899952246692979,4.666666666666667,2.6874192494328497,1.117098445595855,4.229595222295952,2.94526038936655,4.125249833444371,2.852170886949576,0.9753296986194959,0.402,0.00867,0.0,0.0,0.0,0.0,0.0,0.0,0.0,0.0,0.0,0.0,0.0,12.294334708052945,17.692641632298677,0.013023659648361193,0.0,0.0,0.0,0.0,0.0,0.0,0.0,0.0,0.0,0.0,0.0,0.0,0.0,0.0,0.0,0.0,nan,nan,4.178464606181455,2.8996260692491216,nan,0.402,0.04163,0.0,0.0,0.0,0.0,0.0,0.0,0.0,0.0,0.0,0.0,0.0,0.0,0.0,0.0,0.0,0.0,0.0,0.0,0.0,0.0,0.0,0.0,0.0,0.00014108964619057956,0.0,0.0014434556110266986,0.0002604731929672238,0.0010635988712828304,0.0029411764705882353,0.0035923594530062946,0.0003472975906229651,0.0017256349034078576,0.0057195571955719554,0.03364445409159974,0.07776210115042327,0.032787063164749296,0.05031473844150206,0.059930540481875405,0.06307792489689602,0.07293249403082266,0.07710006511829824,0.10964836118949425,0.12410462339917516,0.06790753201649663,0.07700238767093553,0.03349251139570219,0.045202952029520294,0.02932494030822661,0.011829824180594747,0.010418927718688952,0.0013566312133709573,0.002159756891686564,0.0027675276752767526,0.0,0.0,0.0,0.0,0.0,0.0,0.0,0.0,0.0,0.0,0.0,0.0,0.0,0.0,0.0,0.0,0.0,0.0,0.0,0.0,0.0,0.0,0.0,0.0,0.0,0.0,0.0,0.0,0.0,0.0,0.0,0.0,0.0,0.0,0.0,0.0,0.0,0.0,0.0,0.0,0.0,0.0,0.0,0.0,0.0,0.0,0.0,0.0,nan,nan,4.178464606181455,2.8996260692491216,nan,0.8733156739446984,0.03479735628079565,0.0,0.0,0.0,0.0,0.0,0.0,0.0,0.0,0.0,0.0,0.0,0.0,0.0,0.0,0.0,0.0,0.0,0.0,0.0,0.0,0.0,0.012515644555694622,0.08760951188986235,0.5381727158948669,2.740926157697122,8.848560700876096,12.165206508135173,4.192740926157698,1.1013767209011267,0.3128911138923655,0.8728734638356516,0.03597716627393535,0.0,0.0,0.0,0.0,0.0,0.0,0.0,0.0,0.0,0.0,0.0,0.0,0.0,0.0,0.0,0.0,0.0,0.0,0.0,0.0,0.0,0.013574660633484167,0.13574660633484165,0.5972850678733013,2.7556561085972855,9.380090497737559,11.321266968325794,4.248868778280544,1.2488687782805432,0.29864253393665163,0.4019,0.00881,0.0,0.0,0.0,0.0,0.0,0.0,0.0,0.0,0.0,0.0,0.0,12.640801001251546,17.346683354192745,0.012515644555694622,0.0,0.0,0.0,0.0,0.0,0.0,0.0,0.0,0.0,0.0,0.0,0.0,0.0,0.0,0.0,0.0,0.4023,0.00851,0.0,0.0,0.0,0.0,0.0,0.0,0.0,0.0,0.0,0.0,0.0,11.91855203619908,18.067873303167424,0.013574660633484167,0.0,0.0,0.0,0.0,0.0,0.0,0.0,0.0,0.0,0.0,0.0,0.0,0.0,0.0,0.0,0.0
16700,4979,2547,0.5115485037156056,1196,1012,0.44346254267925284,1421,0.570797348865234,0.38599999999999995,2.944901315789474,3.056661780482333,6.428779069767442,2.1480487949784655,8371.403253665394,506.56482690139796,7853.0,8866.4,8866.4,0.0,7853.0,0.0,27.58365133560956,20.709429732833115,32.769100580270795,18.8902619075471,0.14661578630247038,0.10263105041172926,0.0891745330387628,0.08294838320947981,0.0843542880096405,0.0731070496083551,0.06527415143603134,0.06909017875075317,0.060453906406909015,0.05282185177746535,0.04679654549106246,0.039365334404498895,0.02851978308897369,0.02349869451697128,0.018879293030729064,0.010845551315525205,0.005623619200642699,0.8707218430779214,0.03426215921400316,0.0,0.0,0.0,0.0,0.0,0.0,0.0,0.0,0.0,0.0,0.0,0.0,0.0,0.0,0.0,0.0,0.0,0.0,0.0,0.0,0.0,0.01807591885920868,0.11448081944165497,0.6507330789315103,2.813818035750151,9.785097409118299,11.478208475597512,4.091182968467565,0.8073910423779878,0.24101225145611574,4.31577287066246,2.838831198401543,4.4,3.0724582991474434,1.0195161172428917,4.318125,2.8219091913764696,4.315756035578145,2.8563744502781523,0.9994513904942874,0.402,0.00891,0.0,0.0,0.0,0.0,0.0,0.0,0.0,0.0,0.0,0.0,0.0,12.231371761397854,17.756577626029326,0.012050612572805788,0.0,0.0,0.0,0.0,0.0,0.0,0.0,0.0,0.0,0.0,0.0,0.0,0.0,0.0,0.0,0.0,nan,nan,4.315905511811024,2.839216192806948,nan,0.402,0.04175,0.0,0.0,0.0,0.0,0.0,0.0,0.0,0.0,0.0,0.0,0.0,0.0,0.0,0.0,0.0,0.0,0.0,0.0,0.0,0.0,0.0,0.0,0.0,0.0,0.0,0.0013657360915846556,0.00018075918859208675,0.0009138381201044386,0.003564972886121711,0.0028318939546093593,0.0004418557943362121,0.0018176340630648724,0.005965053223538863,0.0335308294838321,0.07721430006025307,0.034404498895360514,0.049889536051415946,0.06121711186985338,0.06434022896163888,0.0706165896766419,0.07693311910022092,0.1093994778067885,0.12176139787105844,0.066670014059048,0.07682265515163687,0.03486643904398474,0.045159670616589674,0.031050411729262904,0.011327575818437437,0.010614581241213094,0.0018678449487848966,0.0020988150230970073,0.003133159268929504,0.0,0.0,0.0,0.0,0.0,0.0,0.0,0.0,0.0,0.0,0.0,0.0,0.0,0.0,0.0,0.0,0.0,0.0,0.0,0.0,0.0,0.0,0.0,0.0,0.0,0.0,0.0,0.0,0.0,0.0,0.0,0.0,0.0,0.0,0.0,0.0,0.0,0.0,0.0,0.0,0.0,0.0,0.0,0.0,0.0,0.0,0.0,0.0,nan,nan,4.315905511811024,2.839216192806948,nan,0.8710451264871912,0.03448524878592818,0.0,0.0,0.0,0.0,0.0,0.0,0.0,0.0,0.0,0.0,0.0,0.0,0.0,0.0,0.0,0.0,0.0,0.0,0.0,0.0,0.0,0.011778563015312134,0.09422850412249707,0.6595995288574773,2.7444051825677276,9.787985865724384,11.307420494699649,4.310954063604241,0.8244994110718494,0.25912838633686697,0.8703832728298087,0.03402365971007375,0.0,0.0,0.0,0.0,0.0,0.0,0.0,0.0,0.0,0.0,0.0,0.0,0.0,0.0,0.0,0.0,0.0,0.0,0.0,0.0,0.0,0.024671052631578955,0.13569078947368424,0.6414473684210507,2.8865131578947376,9.782072368421055,11.657072368421055,3.861019736842106,0.7894736842105265,0.22203947368421056,0.4023,0.00882,0.0,0.0,0.0,0.0,0.0,0.0,0.0,0.0,0.0,0.0,0.0,12.049469964664294,17.93875147232038,0.011778563015312134,0.0,0.0,0.0,0.0,0.0,0.0,0.0,0.0,0.0,0.0,0.0,0.0,0.0,0.0,0.0,0.0,0.402,0.00901,0.0,0.0,0.0,0.0,0.0,0.0,0.0,0.0,0.0,0.0,0.0,12.421874999999982,17.565789473684212,0.012335526315789477,0.0,0.0,0.0,0.0,0.0,0.0,0.0,0.0,0.0,0.0,0.0,0.0,0.0,0.0,0.0,0.0
16800,4619,2385,0.5163455293353539,1110,934,0.4425200259796493,1290,0.558562459406798,0.43,2.987018800358102,3.128165257875231,6.669329073482428,2.19517009690148,8376.264559428448,506.4291711295285,7853.0,8866.4,8866.399999999996,3.637978807091713e-12,7853.0,0.0,28.262610954752112,21.23255726391279,33.40269151138716,19.4080449318492,0.14440355055206755,0.09482571985278199,0.0917947607707296,0.0852998484520459,0.07988742151980949,0.07469149166486252,0.06711409395973154,0.06473262610954753,0.05520675470881143,0.04827884823554882,0.049144836544706645,0.043299415457891316,0.03767049144836545,0.02359818142455077,0.02035072526520892,0.01212383632820957,0.007577397705130981,0.8701849955969441,0.03454294161639776,0.0,0.0,0.0,0.0,0.0,0.0,0.0,0.0,0.0,0.0,0.0,0.0,0.0,0.0,0.0,0.0,0.0,0.0,0.0,0.0,0.0064949123186836995,0.019484736956051095,0.12340333405499028,0.6819657934617861,2.6434293137042655,10.047629357003682,11.547954102619618,3.8579779172981175,0.8248538644728298,0.24680666810998056,4.321392701707398,2.944268802863545,5.714285714285714,2.3123448651769496,1.3223250254548675,4.250498338870432,2.913887258339996,4.399597044996642,2.9716863761538272,1.035077935394708,0.402,0.00869,0.0,0.0,0.0,0.0,0.0,0.0,0.0,0.0,0.0,0.0,0.0,11.879194630872465,18.10781554449015,0.012989824637367399,0.0,0.0,0.0,0.0,0.0,0.0,0.0,0.0,0.0,0.0,0.0,0.0,0.0,0.0,0.0,0.0,nan,nan,4.324649298597194,2.943718382661746,nan,0.402,0.04196,0.0,0.0,0.0,0.0,0.0,0.0,0.0,0.0,0.0,0.0,0.0,0.0,0.0,0.0,0.0,0.0,0.0,0.0,0.0,0.0,0.0,0.0,0.0,0.0,0.0,0.002035072526520892,5.4124269322364146e-05,0.001028361117124919,0.0038861225373457457,0.0028902359818142455,0.0005195929854946959,0.0016670274951288157,0.006440788049361334,0.03240961247023165,0.07933535397272137,0.034520458973803854,0.04977267806884607,0.060933102403117556,0.05988309157826369,0.07171465685213249,0.07845854080969906,0.10906040268456375,0.12161723316735223,0.06638882875081187,0.0805585624594068,0.03309157826369344,0.042595799956700583,0.03144620047629357,0.011463520242476726,0.011918164104784586,0.0022082701883524574,0.001591253518077506,0.0025113660965576964,0.0,0.0,0.0,0.0,0.0,0.0,0.0,0.0,0.0,0.0,0.0,0.0,0.0,0.0,0.0,0.0,0.0,0.0,0.0,0.0,0.0,0.0,0.0,0.0,0.0,0.0,0.0,0.0,0.0,0.0,0.0,0.0,0.0,0.0,0.0,0.0,0.0,0.0,0.0,0.0,0.0,0.0,0.0,0.0,0.0,0.0,0.0,0.0,nan,nan,4.324649298597194,2.943718382661746,nan,0.8697788786338311,0.03463171938723408,0.0,0.0,0.0,0.0,0.0,0.0,0.0,0.0,0.0,0.0,0.0,0.0,0.0,0.0,0.0,0.0,0.0,0.0,0.0,0.0,0.01257861635220126,0.02515723270440252,0.15094339622641512,0.7044025157232683,2.7672955974842774,9.735849056603776,11.647798742138368,3.9874213836477996,0.7421383647798744,0.2264150943396227,0.8706185627218432,0.03444262607925963,0.0,0.0,0.0,0.0,0.0,0.0,0.0,0.0,0.0,0.0,0.0,0.0,0.0,0.0,0.0,0.0,0.0,0.0,0.0,0.0,0.0,0.013428827215756493,0.09400179051029546,0.658012533572066,2.511190689346464,10.38048343777977,11.441360787824534,3.7197851387645486,0.9131602506714416,0.26857654431512984,0.402,0.00875,0.0,0.0,0.0,0.0,0.0,0.0,0.0,0.0,0.0,0.0,0.0,11.67295597484275,18.301886792452834,0.02515723270440252,0.0,0.0,0.0,0.0,0.0,0.0,0.0,0.0,0.0,0.0,0.0,0.0,0.0,0.0,0.0,0.0,0.4019,0.00862,0.0,0.0,0.0,0.0,0.0,0.0,0.0,0.0,0.0,0.0,0.0,12.09937332139658,17.900626678603405,0.0,0.0,0.0,0.0,0.0,0.0,0.0,0.0,0.0,0.0,0.0,0.0,0.0,0.0,0.0,0.0,0.0
16900,4908,2529,0.5152811735941321,1171,1026,0.4476365118174409,1411,0.5749796251018745,0.40599999999999997,3.0248003362757463,3.1088922336777767,6.627043090638931,2.189189912984251,8375.185941320293,506.46330135699293,7853.0,8866.4,8866.399999999998,1.8189894035458565e-12,7853.0,0.0,28.199062754686228,21.137953153185133,33.121278140885984,19.421930568019373,0.13712306438467808,0.10309698451507743,0.09026079869600652,0.0843520782396088,0.08068459657701711,0.07966585167074165,0.06744091279543603,0.06092094539527303,0.057660961695191526,0.05032599837000815,0.049918500407497964,0.03993480032599837,0.03341483292583537,0.028117359413202935,0.015688671556642216,0.01202118989405053,0.009372453137734311,0.8708827172898624,0.03524296013765153,0.0,0.0,0.0,0.0,0.0,0.0,0.0,0.0,0.0,0.0,0.0,0.0,0.0,0.0,0.0,0.0,0.0,0.0,0.0,0.0,0.006112469437652813,0.03667481662591687,0.12836185819070908,0.647921760391196,2.7139364303178493,9.963325183374085,11.36308068459658,3.8325183374083136,1.008557457212714,0.2995110024449878,4.300818124606671,2.852268695735622,2.2857142857142856,2.185294077254051,0.5314603453321627,4.179503500954806,2.7959892176315466,4.410161090458488,2.9020004806022026,1.0551877966966623,0.402,0.00882,0.0,0.0,0.0,0.0,0.0,0.0,0.0,0.0,0.0,0.0,0.0,11.766503667481647,18.22738386308069,0.006112469437652813,0.0,0.0,0.0,0.0,0.0,0.0,0.0,0.0,0.0,0.0,0.0,0.0,0.0,0.0,0.0,0.0,nan,nan,4.296389324960754,2.8525352120018113,nan,0.402,0.04178,0.0,0.0,0.0,0.0,0.0,0.0,0.0,0.0,0.0,0.0,0.0,0.0,0.0,0.0,0.0,0.0,0.0,0.0,0.0,0.0,0.0,0.0,0.0,0.0,2.0374898125509373e-05,0.0014568052159739202,7.13121434392828e-05,0.000682559087204564,0.0031988590057049713,0.0035859820700896495,0.0006010594947025265,0.0012938060309698452,0.006560717196414018,0.032008964955175224,0.07821923390383048,0.03493276283618582,0.04900162999185004,0.060910757946210266,0.06230643846780766,0.07238182559087204,0.08263039934800326,0.10775264873675632,0.118480032599837,0.06520986145069274,0.07960472697636511,0.03361858190709047,0.04407090464547677,0.029808475957620213,0.012968622656886716,0.012082314588427057,0.002567237163814181,0.0013447432762836186,0.002628361858190709,0.0,0.0,0.0,0.0,0.0,0.0,0.0,0.0,0.0,0.0,0.0,0.0,0.0,0.0,0.0,0.0,0.0,0.0,0.0,0.0,0.0,0.0,0.0,0.0,0.0,0.0,0.0,0.0,0.0,0.0,0.0,0.0,0.0,0.0,0.0,0.0,0.0,0.0,0.0,0.0,0.0,0.0,0.0,0.0,0.0,0.0,0.0,0.0,nan,nan,4.296389324960754,2.8525352120018113,nan,0.8716263322549264,0.03581967025169238,0.0,0.0,0.0,0.0,0.0,0.0,0.0,0.0,0.0,0.0,0.0,0.0,0.0,0.0,0.0,0.0,0.0,0.0,0.0,0.0,0.011862396204033218,0.04744958481613287,0.16607354685646505,0.6524317912218247,2.621589561091341,9.739027283511271,11.577698695136421,3.7485172004744967,1.1150652431791224,0.3202846975088969,0.8700922161353241,0.03460183466603327,0.0,0.0,0.0,0.0,0.0,0.0,0.0,0.0,0.0,0.0,0.0,0.0,0.0,0.0,0.0,0.0,0.0,0.0,0.0,0.0,0.0,0.025220680958385883,0.08827238335435059,0.6431273644388379,2.812105926860026,10.20176544766709,11.134930643127367,3.9218158890290047,0.8953341740226988,0.2774274905422447,0.4023,0.00877,0.0,0.0,0.0,0.0,0.0,0.0,0.0,0.0,0.0,0.0,0.0,11.589561091340434,18.41043890865955,0.0,0.0,0.0,0.0,0.0,0.0,0.0,0.0,0.0,0.0,0.0,0.0,0.0,0.0,0.0,0.0,0.0,0.402,0.00886,0.0,0.0,0.0,0.0,0.0,0.0,0.0,0.0,0.0,0.0,0.0,11.954602774274889,18.032786885245905,0.012610340479192942,0.0,0.0,0.0,0.0,0.0,0.0,0.0,0.0,0.0,0.0,0.0,0.0,0.0,0.0,0.0,0.0
17000,4820,2459,0.5101659751037344,1157,978,0.4429460580912863,1353,0.5614107883817427,0.414,2.900889453621347,3.069352827866897,6.536776212832551,2.14238315192162,8370.002199170123,506.595257273752,7853.0,8866.4,8866.4,0.0,7853.0,0.0,27.64253112033195,20.753818231515638,32.71016654238131,18.97631249847754,0.1429460580912863,0.1020746887966805,0.09481327800829875,0.08132780082987552,0.08257261410788382,0.07634854771784233,0.06784232365145228,0.06742738589211618,0.061410788381742736,0.045020746887966805,0.046473029045643155,0.03962655601659751,0.033817427385892114,0.023651452282157676,0.01991701244813278,0.008713692946058092,0.006016597510373444,0.8691829498254412,0.035036489180949815,0.0,0.0,0.0,0.0,0.0,0.0,0.0,0.0,0.0,0.0,0.0,0.0,0.0,0.0,0.0,0.0,0.0,0.0,0.0,0.0,0.006224066390041495,0.04356846473029047,0.1120331950207469,0.603734439834023,3.0871369294605815,10.338174273858924,11.078838174273862,3.603734439834026,0.8589211618257263,0.2676348547717843,4.299480856586632,2.896359188832889,3.875,3.2572035551988456,0.9012716021432345,4.319408740359897,2.893598760925488,4.277053455019557,2.901158816445204,0.9901941937227243,0.4019,0.00877,0.0,0.0,0.0,0.0,0.0,0.0,0.0,0.0,0.0,0.0,0.0,12.553941908713675,17.44605809128631,0.0,0.0,0.0,0.0,0.0,0.0,0.0,0.0,0.0,0.0,0.0,0.0,0.0,0.0,0.0,0.0,0.0,nan,nan,4.298381877022654,2.8974317334989004,nan,0.4019,0.0417,0.0,0.0,0.0,0.0,0.0,0.0,0.0,0.0,0.0,0.0,0.0,0.0,0.0,0.0,0.0,0.0,0.0,0.0,0.0,0.0,0.0,0.0,0.0,0.0,1.037344398340249e-05,0.0017738589211618258,4.149377593360996e-05,0.00046680497925311206,0.003558091286307054,0.0035477178423236515,0.0005394190871369295,0.000570539419087137,0.006670124481327801,0.030798755186721993,0.07603734439834024,0.035529045643153526,0.0537344398340249,0.06347510373443983,0.06431535269709543,0.07135892116182573,0.08245850622406639,0.10817427385892116,0.1174585062240664,0.06271784232365145,0.07930497925311203,0.03216804979253112,0.043817427385892116,0.03071576763485477,0.013568464730290457,0.011006224066390041,0.002219917012448133,0.001421161825726141,0.002520746887966805,1.037344398340249e-05,1.037344398340249e-05,0.0,0.0,0.0,0.0,0.0,0.0,0.0,0.0,0.0,0.0,0.0,0.0,0.0,0.0,0.0,0.0,0.0,0.0,0.0,0.0,0.0,0.0,0.0,0.0,0.0,0.0,0.0,0.0,0.0,0.0,0.0,0.0,0.0,0.0,0.0,0.0,0.0,0.0,0.0,0.0,0.0,0.0,0.0,0.0,0.0,0.0,nan,nan,4.298381877022654,2.8974317334989004,nan,0.8692363075193907,0.034548791991751183,0.0,0.0,0.0,0.0,0.0,0.0,0.0,0.0,0.0,0.0,0.0,0.0,0.0,0.0,0.0,0.0,0.0,0.0,0.0,0.0,0.0,0.024400162667751125,0.06100040666937781,0.6588043920292782,3.147620984139895,10.492069947132984,10.711671411142744,3.7942252948352997,0.890605937372916,0.2196014640097601,0.8691273773690998,0.03553722976294305,0.0,0.0,0.0,0.0,0.0,0.0,0.0,0.0,0.0,0.0,0.0,0.0,0.0,0.0,0.0,0.0,0.0,0.0,0.0,0.0,0.01270648030495553,0.06353240152477765,0.1651842439644219,0.546378653113086,3.0241423125794165,10.177890724269378,11.461245235069889,3.405336721728082,0.8259212198221094,0.31766200762388824,0.4016,0.008644,0.0,0.0,0.0,0.0,0.0,0.0,0.0,0.0,0.0,0.0,0.0,12.944286295241948,17.055713704758034,0.0,0.0,0.0,0.0,0.0,0.0,0.0,0.0,0.0,0.0,0.0,0.0,0.0,0.0,0.0,0.0,0.0,0.402,0.0089,0.0,0.0,0.0,0.0,0.0,0.0,0.0,0.0,0.0,0.0,0.0,12.147395171537466,17.852604828462518,0.0,0.0,0.0,0.0,0.0,0.0,0.0,0.0,0.0,0.0,0.0,0.0,0.0,0.0,0.0,0.0,0.0
17100,4721,2452,0.5193814869730989,1177,983,0.4575301842829909,1372,0.5812327896632069,0.36199999999999993,2.7972675187307185,2.850679603090856,5.92463768115942,2.067723371534216,8379.341198898539,506.3191812541056,7853.0,8866.4,8866.4,0.0,7853.0,0.0,29.350561321753865,21.059023884685303,34.01710885197124,19.213391965450935,0.12645625926710444,0.09023511967803431,0.08642236814234272,0.08854056343994916,0.08472781190425757,0.07074772294005507,0.0694768057614912,0.06354585892819319,0.06291040033891125,0.05443761914848549,0.05231942385087905,0.04363482313069265,0.039610252065240416,0.03071383181529337,0.018640118618936666,0.01186189366659606,0.005719127303537386,0.8666029816283889,0.034475139824781245,0.0,0.0,0.0,0.0,0.0,0.0,0.0,0.0,0.0,0.0,0.0,0.0,0.0,0.0,0.0,0.0,0.0,0.0,0.0,0.0,0.03177292946409659,0.03177292946409659,0.1969921626773989,0.5973310739250141,3.5267951705147222,10.497775894937517,10.790086846007204,3.4950222410506258,0.6990044482101252,0.1334463037492057,3.88511174063582,2.6805038651616204,1.9166666666666667,1.6562172428626492,0.49333630397796324,3.8550995024875623,2.6310476631979993,3.90126582278481,2.72965401762211,1.0119753900690394,0.4016,0.0088,0.0,0.0,0.0,0.0,0.0,0.0,0.0,0.0,0.0,0.0,0.0,12.709171785638617,17.278119042575728,0.01270917178563864,0.0,0.0,0.0,0.0,0.0,0.0,0.0,0.0,0.0,0.0,0.0,0.0,0.0,0.0,0.0,0.0,nan,nan,3.8777046095954844,2.680095428823726,nan,0.4016,0.04172,0.0,0.0,0.0,0.0,0.0,0.0,0.0,0.0,0.0,0.0,0.0,0.0,0.0,0.0,0.0,0.0,0.0,0.0,0.0,0.0,0.0,0.0,0.0,0.0,0.0,0.0017369201440372802,0.0,0.0003283202711289981,0.0033255666172421097,0.0033785214996822706,0.0005825037068417708,0.0007095954246981572,0.006873543740732895,0.0313492904045753,0.07679517051472146,0.036316458377462404,0.0558885829273459,0.060379156958271556,0.0651980512603262,0.07094895149332768,0.08695191696674433,0.10784791357763186,0.11699851726329168,0.05748782037703876,0.08067146790934124,0.030830332556661726,0.04327472993009956,0.030893878415589916,0.011936030502012286,0.012709171785638636,0.0020864223681423427,0.0015992374496928616,0.002859563651768693,4.236390595212879e-05,0.0,0.0,0.0,0.0,0.0,0.0,0.0,0.0,0.0,0.0,0.0,0.0,0.0,0.0,0.0,0.0,0.0,0.0,0.0,0.0,0.0,0.0,0.0,0.0,0.0,0.0,0.0,0.0,0.0,0.0,0.0,0.0,0.0,0.0,0.0,0.0,0.0,0.0,0.0,0.0,0.0,0.0,0.0,0.0,0.0,0.0,0.0,nan,nan,3.8777046095954844,2.680095428823726,nan,0.8670279711095972,0.03455963549958187,0.0,0.0,0.0,0.0,0.0,0.0,0.0,0.0,0.0,0.0,0.0,0.0,0.0,0.0,0.0,0.0,0.0,0.0,0.0,0.0,0.06117455138662318,0.036704730831973904,0.14681892332789562,0.575040783034256,3.327895595432301,10.534257748776511,11.011419249592173,3.5114192495921706,0.5872756933115825,0.20799347471451882,0.866143715780913,0.034377689884065,0.0,0.0,0.0,0.0,0.0,0.0,0.0,0.0,0.0,0.0,0.0,0.0,0.0,0.0,0.0,0.0,0.0,0.0,0.0,0.0,0.0,0.026443367122080216,0.25121198765976205,0.621419127368883,3.741736447774351,10.458351696782726,10.550903481710005,3.4773027765535485,0.8197443807844867,0.05288673424416043,0.4016,0.00874,0.0,0.0,0.0,0.0,0.0,0.0,0.0,0.0,0.0,0.0,0.0,12.74877650897225,17.238988580750412,0.012234910277324635,0.0,0.0,0.0,0.0,0.0,0.0,0.0,0.0,0.0,0.0,0.0,0.0,0.0,0.0,0.0,0.0,0.4019,0.00886,0.0,0.0,0.0,0.0,0.0,0.0,0.0,0.0,0.0,0.0,0.0,12.666372851476403,17.32040546496254,0.013221683561040108,0.0,0.0,0.0,0.0,0.0,0.0,0.0,0.0,0.0,0.0,0.0,0.0,0.0,0.0,0.0,0.0
17200,4553,2330,0.5117504941796618,1092,951,0.44871513287942016,1314,0.5772018449374039,0.39799999999999996,2.9910031488978857,3.1060010453100895,6.562111801242236,2.2047786638219677,8371.60795080167,506.5600563681515,7853.0,8866.4,8866.4,0.0,7853.0,0.0,27.81945969690314,20.780285115403384,32.895871680252434,18.971176534334017,0.14298264880298703,0.10498572369866023,0.08763452668570174,0.08258291236547331,0.08038655831320009,0.07577421480342632,0.06567098616296947,0.07138150669887985,0.061278278058423015,0.04963760158137492,0.04546452888205579,0.03953437294091808,0.03360421699978036,0.02591697781682407,0.01669229079727652,0.011860311882275423,0.004612343509773776,0.866572468903414,0.03399085379062486,0.0,0.0,0.0,0.0,0.0,0.0,0.0,0.0,0.0,0.0,0.0,0.0,0.0,0.0,0.0,0.0,0.0,0.0,0.0,0.0,0.0329453107840984,0.05271249725455745,0.11860311882275425,0.6984405886228838,3.0112014056665943,10.990555677575228,10.95102130463431,3.3142982648802994,0.6852624643092469,0.14495936745003296,4.283070596298835,2.8883842247111744,5.785714285714286,2.882919438658652,1.350833276181332,4.375426621160409,2.8918521951053586,4.206002728512961,2.8868837289342744,0.9612783147069404,0.402,0.00887,0.0,0.0,0.0,0.0,0.0,0.0,0.0,0.0,0.0,0.0,0.0,12.3940259169778,17.592795958708546,0.013178124313639362,0.0,0.0,0.0,0.0,0.0,0.0,0.0,0.0,0.0,0.0,0.0,0.0,0.0,0.0,0.0,0.0,nan,nan,4.29024556616644,2.890215005384675,nan,0.402,0.04184,0.0,0.0,0.0,0.0,0.0,0.0,0.0,0.0,0.0,0.0,0.0,0.0,0.0,0.0,0.0,0.0,0.0,0.0,0.0,0.0,0.0,0.0,0.0,0.0,0.0,0.0014605754447616956,0.0,0.0003733801888864485,0.003206676916318911,0.0028772238084779265,0.001175049417966176,0.00041730726993191304,0.006457280913683285,0.034032506039973646,0.07370964199428948,0.03793103448275862,0.05453547111794421,0.061201405666593454,0.06412255655611684,0.07012958488908412,0.08695365692949704,0.10922468701954754,0.11404568416428729,0.0609598067208434,0.07745442565341533,0.031649461893257194,0.04159894575005491,0.03269273006808698,0.013551504502525806,0.013397759718866682,0.0030639139029211507,0.0012629035800571051,0.0023720623764550844,0.00014276301339775972,0.0,0.0,0.0,0.0,0.0,0.0,0.0,0.0,0.0,0.0,0.0,0.0,0.0,0.0,0.0,0.0,0.0,0.0,0.0,0.0,0.0,0.0,0.0,0.0,0.0,0.0,0.0,0.0,0.0,0.0,0.0,0.0,0.0,0.0,0.0,0.0,0.0,0.0,0.0,0.0,0.0,0.0,0.0,0.0,0.0,0.0,0.0,nan,nan,4.29024556616644,2.890215005384675,nan,0.8677039514027952,0.03334535038208152,0.0,0.0,0.0,0.0,0.0,0.0,0.0,0.0,0.0,0.0,0.0,0.0,0.0,0.0,0.0,0.0,0.0,0.0,0.0,0.0,0.025751072961373397,0.025751072961373397,0.10300429184549359,0.5665236051502128,2.987124463519314,10.76394849785408,11.278969957081548,3.3476394849785414,0.7339055793991418,0.1673819742489271,0.8653865245833249,0.03461484789989447,0.0,0.0,0.0,0.0,0.0,0.0,0.0,0.0,0.0,0.0,0.0,0.0,0.0,0.0,0.0,0.0,0.0,0.0,0.0,0.0,0.04048582995951418,0.08097165991902835,0.13495276653171392,0.8367071524966236,3.0364372469635637,11.2280701754386,10.607287449392715,3.2793522267206487,0.6342780026990554,0.12145748987854253,0.4019,0.00895,0.0,0.0,0.0,0.0,0.0,0.0,0.0,0.0,0.0,0.0,0.0,12.643776824034315,17.343347639484982,0.012875536480686699,0.0,0.0,0.0,0.0,0.0,0.0,0.0,0.0,0.0,0.0,0.0,0.0,0.0,0.0,0.0,0.0,0.402,0.008804,0.0,0.0,0.0,0.0,0.0,0.0,0.0,0.0,0.0,0.0,0.0,12.132253711201061,17.854251012145752,0.013495276653171392,0.0,0.0,0.0,0.0,0.0,0.0,0.0,0.0,0.0,0.0,0.0,0.0,0.0,0.0,0.0,0.0
17300,4245,2179,0.5133097762073027,995,903,0.44711425206124855,1223,0.5762073027090695,0.422,2.992739593417231,3.0858082463675665,6.590277777777778,2.2727650635185803,8373.188127208481,506.5204442314324,7853.0,8866.4,8866.4,0.0,7853.0,0.0,27.94040047114252,20.755506010626984,32.911566535654124,18.952089061713618,0.1392226148409894,0.0989399293286219,0.0939929328621908,0.08598351001177856,0.07444051825677267,0.08244994110718493,0.06643109540636043,0.06713780918727916,0.058657243816254416,0.05347467608951708,0.041931684334511186,0.04452296819787986,0.035571260306242636,0.023321554770318022,0.018374558303886925,0.009658421672555949,0.005889281507656066,0.8671944570344806,0.034295185170711166,0.0,0.0,0.0,0.0,0.0,0.0,0.0,0.0,0.0,0.0,0.0,0.0,0.0,0.0,0.0,0.0,0.0,0.0,0.0,0.0,0.014134275618374562,0.042402826855123685,0.13427561837455834,0.657243816254415,3.30035335689046,10.494699646643111,11.01766784452297,3.477031802120142,0.6855123674911662,0.176678445229682,4.313072134749176,2.8363985682688226,4.4,2.835489375751565,1.020154512267595,4.363095238095238,2.857583051407537,4.262893982808023,2.8142746433370682,0.9770343644089329,0.4014,0.00879,0.0,0.0,0.0,0.0,0.0,0.0,0.0,0.0,0.0,0.0,0.0,13.151943462897508,16.848056537102476,0.0,0.0,0.0,0.0,0.0,0.0,0.0,0.0,0.0,0.0,0.0,0.0,0.0,0.0,0.0,0.0,0.0,nan,nan,4.313389273987596,2.8364000937855196,nan,0.4014,0.04214,0.0,0.0,0.0,0.0,0.0,0.0,0.0,0.0,0.0,0.0,0.0,0.0,0.0,0.0,0.0,0.0,0.0,0.0,0.0,1.1778563015312131e-05,0.0,0.0,0.0,0.0,0.0,0.0014134275618374558,2.3557126030624262e-05,0.0004004711425206125,0.002956419316843345,0.0025206124852767964,0.0012131919905771496,0.0004946996466431095,0.006713780918727915,0.037809187279151946,0.07733804475853946,0.03819787985865725,0.0537809187279152,0.06182567726737338,0.06187279151943463,0.06875147232037691,0.08849234393404004,0.10676089517078917,0.1169964664310954,0.059305064782096586,0.07260306242638398,0.03082449941107185,0.04273262661955241,0.032202591283863366,0.014381625441696112,0.012732626619552415,0.0038044758539458184,0.0014723203769140165,0.0021554770318021202,0.00021201413427561838,0.0,0.0,0.0,0.0,0.0,0.0,0.0,0.0,0.0,0.0,0.0,0.0,0.0,0.0,0.0,0.0,0.0,0.0,0.0,0.0,0.0,0.0,0.0,0.0,0.0,0.0,0.0,0.0,0.0,0.0,0.0,0.0,0.0,0.0,0.0,0.0,0.0,0.0,0.0,0.0,0.0,0.0,0.0,0.0,0.0,0.0,0.0,nan,nan,4.313389273987596,2.8364000937855196,nan,0.8668520340081364,0.03394339726636545,0.0,0.0,0.0,0.0,0.0,0.0,0.0,0.0,0.0,0.0,0.0,0.0,0.0,0.0,0.0,0.0,0.0,0.0,0.0,0.0,0.013767783386874717,0.05507113354749887,0.05507113354749887,0.7159247361174829,3.538320330426802,10.422212023864159,10.780174391922902,3.634694814134925,0.6470858191831116,0.13767783386874716,0.8675556089097971,0.03465868028611266,0.0,0.0,0.0,0.0,0.0,0.0,0.0,0.0,0.0,0.0,0.0,0.0,0.0,0.0,0.0,0.0,0.0,0.0,0.0,0.0,0.014520813165537274,0.029041626331074547,0.2178121974830591,0.5953533397870262,3.0493707647628274,10.571151984511134,11.268151016456923,3.3107454017424987,0.7260406582768636,0.2178121974830591,0.4014,0.00885,0.0,0.0,0.0,0.0,0.0,0.0,0.0,0.0,0.0,0.0,0.0,13.272143184947206,16.727856815052778,0.0,0.0,0.0,0.0,0.0,0.0,0.0,0.0,0.0,0.0,0.0,0.0,0.0,0.0,0.0,0.0,0.0,0.4016,0.00872,0.0,0.0,0.0,0.0,0.0,0.0,0.0,0.0,0.0,0.0,0.0,13.025169409486912,16.974830590513072,0.0,0.0,0.0,0.0,0.0,0.0,0.0,0.0,0.0,0.0,0.0,0.0,0.0,0.0,0.0,0.0,0.0
17400,4027,2158,0.5358827911596722,1034,781,0.4507077228706233,1112,0.5522721629004221,0.418,3.1016586409844837,3.085432804367825,6.488135593220339,2.0648047263326537,8396.06362056121,505.39348739341705,7853.0,8866.4,8866.399999999998,1.8189894035458565e-12,7853.0,0.0,29.15793394586541,21.189154576547946,33.89997083697871,19.372397632337517,0.12987335485473056,0.09038986838837844,0.09187981127390117,0.0836851254035262,0.08418177303203377,0.06928234417680655,0.07549043953315122,0.0608393344921778,0.06232927737770052,0.056866153464117206,0.048174819965234664,0.03948348646635212,0.03898683883784455,0.02681897193940899,0.024087409982617332,0.009187981127390117,0.008443009684628756,0.8692550102504571,0.03677352246732057,0.0,0.0,0.0,0.0,0.0,0.0,0.0,0.0,0.0,0.0,0.0,0.0,0.0,0.0,0.0,0.0,0.0,0.0,0.0,0.0,0.0,0.05214800099329527,0.11174571641420415,0.7226222994785177,3.285324062577602,10.012416190712692,10.682890489197916,3.7025080705239644,1.0131611621554508,0.4171840079463622,4.133233532934132,2.883891409887904,4.166666666666667,3.0230595245361758,1.0080888566944344,4.109710896960712,2.890612959542548,4.158132530120482,2.878408425983553,1.0117822480397782,0.4014,0.00889,0.0,0.0,0.0,0.0,0.0,0.0,0.0,0.0,0.0,0.0,0.0,13.27539111000743,16.71715917556494,0.00744971442761361,0.0,0.0,0.0,0.0,0.0,0.0,0.0,0.0,0.0,0.0,0.0,0.0,0.0,0.0,0.0,0.0,nan,nan,4.133308439133682,2.884211151830862,nan,0.4014,0.0418,0.0,0.0,0.0,0.0,0.0,0.0,0.0,0.0,0.0,0.0,0.0,0.0,0.0,0.0,0.0,0.0,0.0,0.0,0.0,1.2416190712689347e-05,0.0,0.0,0.0,0.0,0.0,0.0012292028805562453,8.691333498882543e-05,0.00024832381425378696,0.0026570648125155204,0.002868140054631239,0.0013161162155450707,0.00014899428855227217,0.005661782964986342,0.03837844549292277,0.07707971194437546,0.03867643407002731,0.05307921529674696,0.060355103054382915,0.06409237645890241,0.07159175564936678,0.08957039980134095,0.10550037248572137,0.11698534889495903,0.061323565929972686,0.07246088899925503,0.030841817730320336,0.03965731313632977,0.033896200645641916,0.013446734541842562,0.0108393344921778,0.0038117705487956295,0.0014526943133846535,0.002719145766078967,1.2416190712689347e-05,0.0,0.0,0.0,0.0,0.0,0.0,0.0,0.0,0.0,0.0,0.0,0.0,0.0,0.0,0.0,0.0,0.0,0.0,0.0,0.0,0.0,0.0,0.0,0.0,0.0,0.0,0.0,0.0,0.0,0.0,0.0,0.0,0.0,0.0,0.0,0.0,0.0,0.0,0.0,0.0,0.0,0.0,0.0,0.0,0.0,0.0,0.0,nan,nan,4.133308439133682,2.884211151830862,nan,0.868813324377866,0.036803635347470366,0.0,0.0,0.0,0.0,0.0,0.0,0.0,0.0,0.0,0.0,0.0,0.0,0.0,0.0,0.0,0.0,0.0,0.0,0.0,0.0,0.0,0.0556070435588508,0.16682113067655238,0.7367933271547706,3.29471733086191,9.99536607970343,10.607043558850789,3.80908248378128,0.9592215013901763,0.3753475440222429,0.8697649931894897,0.03673211677039604,0.0,0.0,0.0,0.0,0.0,0.0,0.0,0.0,0.0,0.0,0.0,0.0,0.0,0.0,0.0,0.0,0.0,0.0,0.0,0.0,0.0,0.04815409309791333,0.04815409309791333,0.7062600321027266,3.2744783306581065,10.032102728731944,10.770465489566615,3.579454253611558,1.0754414125200644,0.46548956661316226,0.4014,0.00896,0.0,0.0,0.0,0.0,0.0,0.0,0.0,0.0,0.0,0.0,0.0,13.234476367006469,16.751621872103804,0.0139017608897127,0.0,0.0,0.0,0.0,0.0,0.0,0.0,0.0,0.0,0.0,0.0,0.0,0.0,0.0,0.0,0.0,0.4011,0.00882,0.0,0.0,0.0,0.0,0.0,0.0,0.0,0.0,0.0,0.0,0.0,13.322632423756,16.677367576243984,0.0,0.0,0.0,0.0,0.0,0.0,0.0,0.0,0.0,0.0,0.0,0.0,0.0,0.0,0.0,0.0,0.0
17500,4150,2183,0.5260240963855422,1052,829,0.4532530120481928,1148,0.5532530120481928,0.414,3.075749872902898,3.179090403729923,6.686411149825784,2.190235698805422,8386.072819277106,506.01320575986625,7853.0,8866.4,8866.4,0.0,7853.0,0.0,28.50433734939759,21.052507059173664,33.27600909607732,19.30713573741816,0.1346987951807229,0.09301204819277109,0.09373493975903614,0.09180722891566265,0.07879518072289157,0.07927710843373494,0.060481927710843375,0.06433734939759037,0.05855421686746988,0.051807228915662654,0.05108433734939759,0.04216867469879518,0.03686746987951807,0.02506024096385542,0.019518072289156627,0.01253012048192771,0.006265060240963855,0.8708072234205453,0.03687861924462825,0.0,0.0,0.0,0.0,0.0,0.0,0.0,0.0,0.0,0.0,0.0,0.0,0.0,0.0,0.0,0.0,0.0,0.0,0.0,0.007228915662650604,0.02168674698795181,0.007228915662650604,0.13734939759036147,0.7373493975903591,2.8481927710843378,9.889156626506026,11.13975903614458,3.7590361445783143,1.055421686746988,0.39759036144578325,4.366925064599483,3.0175612793260793,4.0,2.516611478423583,0.9159763313609467,4.388270230141054,3.072247431982507,4.344298245614035,2.9606132215964416,0.9899796543464905,0.4006,0.00906,0.0,0.0,0.0,0.0,0.0,0.0,0.0,0.0,0.0,0.0,0.007228915662650604,14.240963855421665,15.744578313253015,0.007228915662650604,0.0,0.0,0.0,0.0,0.0,0.0,0.0,0.0,0.0,0.0,0.0,0.0,0.0,0.0,0.0,0.0,nan,nan,4.366114180478822,3.016595137961589,nan,0.4006,0.04202,0.0,0.0,0.0,0.0,0.0,0.0,0.0,0.0,0.0,0.0,0.0,0.0,0.0,0.0,0.0,0.0,0.0,0.0,0.0,0.0,0.0,0.0,0.0,0.0,0.0,0.001530120481927711,0.00033734939759036143,0.0002891566265060241,0.002963855421686747,0.0036385542168674697,0.0011566265060240963,0.00021686746987951806,0.006481927710843374,0.040493975903614456,0.07451807228915662,0.04053012048192771,0.05345783132530121,0.05991566265060241,0.06630120481927711,0.06955421686746988,0.08896385542168675,0.10455421686746988,0.11875903614457832,0.05897590361445783,0.0740722891566265,0.03274698795180723,0.037686746987951804,0.031602409638554214,0.012554216867469879,0.010180722891566265,0.004289156626506024,0.0016265060240963855,0.0025903614457831324,0.0,0.0,0.0,1.2048192771084337e-05,0.0,0.0,0.0,0.0,0.0,0.0,0.0,0.0,0.0,0.0,0.0,0.0,0.0,0.0,0.0,0.0,0.0,0.0,0.0,0.0,0.0,0.0,0.0,0.0,0.0,0.0,0.0,0.0,0.0,0.0,0.0,0.0,0.0,0.0,0.0,0.0,0.0,0.0,0.0,0.0,0.0,0.0,0.0,0.0,nan,nan,4.366114180478822,3.016595137961589,nan,0.8704435181519442,0.03705506036806689,0.0,0.0,0.0,0.0,0.0,0.0,0.0,0.0,0.0,0.0,0.0,0.0,0.0,0.0,0.0,0.0,0.0,0.0,0.0,0.013742556115437475,0.02748511223087495,0.013742556115437475,0.08245533669262484,0.7420980302336212,2.858451672010995,10.11452130096198,11.090242785158042,3.614292258360056,0.9894640403114981,0.45350435180943666,0.8712108678543816,0.036677587021247335,0.0,0.0,0.0,0.0,0.0,0.0,0.0,0.0,0.0,0.0,0.0,0.0,0.0,0.0,0.0,0.0,0.0,0.0,0.0,0.0,0.015251652262328422,0.0,0.1982714794102695,0.7320793085917618,2.836807320793086,9.639044229791562,11.194712760549061,3.9196746314184048,1.1286222674123032,0.33553634977122526,0.401,0.008896,0.0,0.0,0.0,0.0,0.0,0.0,0.0,0.0,0.0,0.0,0.0,14.086120018323388,15.900137425561157,0.013742556115437475,0.0,0.0,0.0,0.0,0.0,0.0,0.0,0.0,0.0,0.0,0.0,0.0,0.0,0.0,0.0,0.0,0.4006,0.00925,0.0,0.0,0.0,0.0,0.0,0.0,0.0,0.0,0.0,0.0,0.015251652262328422,14.412811387900335,15.57193695983732,0.0,0.0,0.0,0.0,0.0,0.0,0.0,0.0,0.0,0.0,0.0,0.0,0.0,0.0,0.0,0.0,0.0
17600,3983,2081,0.5224704996233994,1018,786,0.4529249309565654,1087,0.545819733868943,0.434,3.0509989484752893,3.2186409197261496,6.848030018761726,2.182434752175681,8382.471604318353,506.1880520486118,7853.0,8866.4,8866.4,0.0,7853.0,0.0,28.502636203866434,21.00868226913287,33.36463595839525,19.222228895434686,0.1365804669846849,0.10369068541300527,0.08511172483052976,0.0843585237258348,0.07707757971378358,0.0718051719809189,0.07205623901581722,0.06301782575947779,0.054481546572934976,0.061511423550087874,0.04845593773537535,0.04418779814210394,0.03615365302535777,0.028621641978408236,0.017072558373085613,0.010293748430831032,0.0055234747677629925,0.8710044192034726,0.03550667872478414,0.0,0.0,0.0,0.0,0.0,0.0,0.0,0.0,0.0,0.0,0.0,0.0,0.0,0.0,0.0,0.0,0.0,0.0,0.007532011046949537,0.015064022093899074,0.0,0.02259603314084861,0.17323625407983934,0.5799648506151124,2.591011800150641,9.881998493597793,11.591765001255338,3.9994978659302043,0.8737132814461464,0.2636203866432338,4.27758554402153,3.0202178679211684,2.9,2.5079872407968904,0.6779525435915873,4.1907294832826745,2.9775153984651874,4.355212355212355,3.0595886765974245,1.0392492220234741,0.4006,0.00892,0.0,0.0,0.0,0.0,0.0,0.0,0.0,0.0,0.0,0.0,0.0,14.205372834546804,15.79462716545318,0.0,0.0,0.0,0.0,0.0,0.0,0.0,0.0,0.0,0.0,0.0,0.0,0.0,0.0,0.0,0.0,0.0,nan,nan,4.27230945997702,3.0196210124089276,nan,0.4006,0.04236,0.0,0.0,0.0,0.0,0.0,0.0,0.0,0.0,0.0,0.0,0.0,0.0,0.0,0.0,0.0,0.0,0.0,0.0,0.0,0.0,0.0,0.0,0.0,0.0,0.0,0.001870449409992468,0.0007908611599297012,0.00036404720060256087,0.0026236505146874215,0.0034521717298518703,0.0016444890785839818,0.0003891539040923927,0.006841576700979161,0.038789856891790105,0.07599799146372081,0.04069796635701732,0.053740898819984936,0.06049460205874969,0.06561636957067538,0.06954556866683405,0.08772282199347226,0.10381621893045444,0.11820236003012805,0.059578207381370825,0.07588501129801657,0.029751443635450667,0.036630680391664575,0.033843836304293246,0.012603565151895556,0.009779061009289481,0.004079839317097665,0.0021340697966357016,0.002912377604820487,8.787346221441125e-05,7.532011046949536e-05,0.0,0.0,0.0,3.766005523474768e-05,0.0,0.0,0.0,0.0,0.0,0.0,0.0,0.0,0.0,0.0,0.0,0.0,0.0,0.0,0.0,0.0,0.0,0.0,0.0,0.0,0.0,0.0,0.0,0.0,0.0,0.0,0.0,0.0,0.0,0.0,0.0,0.0,0.0,0.0,0.0,0.0,0.0,0.0,0.0,0.0,0.0,0.0,nan,nan,4.27230945997702,3.0196210124089276,nan,0.8707150145541699,0.0356730938720551,0.0,0.0,0.0,0.0,0.0,0.0,0.0,0.0,0.0,0.0,0.0,0.0,0.0,0.0,0.0,0.0,0.0,0.0,0.01441614608361365,0.01441614608361365,0.0,0.0288322921672273,0.21624219125420477,0.4613166746756353,2.710235463719366,9.918308505526191,11.749159058145125,3.676117251321481,0.9370494954348872,0.27390677558865933,0.8713210601473206,0.035320987467658306,0.0,0.0,0.0,0.0,0.0,0.0,0.0,0.0,0.0,0.0,0.0,0.0,0.0,0.0,0.0,0.0,0.0,0.0,0.0,0.01577287066246057,0.0,0.01577287066246057,0.12618296529968456,0.7097791798107234,2.4605678233438493,9.842271293375397,11.419558359621453,4.353312302839118,0.8044164037854891,0.2523659305993691,0.401,0.00889,0.0,0.0,0.0,0.0,0.0,0.0,0.0,0.0,0.0,0.0,0.0,13.925997116770764,16.07400288322922,0.0,0.0,0.0,0.0,0.0,0.0,0.0,0.0,0.0,0.0,0.0,0.0,0.0,0.0,0.0,0.0,0.0,0.4004,0.00896,0.0,0.0,0.0,0.0,0.0,0.0,0.0,0.0,0.0,0.0,0.0,14.511041009463701,15.48895899053628,0.0,0.0,0.0,0.0,0.0,0.0,0.0,0.0,0.0,0.0,0.0,0.0,0.0,0.0,0.0,0.0,0.0
17700,4257,2167,0.5090439276485789,1021,907,0.4529011040638948,1214,0.5703547098895936,0.422,2.9645933014354067,3.079596374496435,6.737881508078995,2.075647765119737,8368.865116279068,506.6171045706915,7853.0,8866.4,8866.4,0.0,7853.0,0.0,27.438336856941508,20.609015404818834,32.43467266085979,18.84525768983702,0.14117923420249,0.10523843081982617,0.09419779187221047,0.08104298801973221,0.08409678177120038,0.07822410147991543,0.06976744186046512,0.06483439041578576,0.054498473103124265,0.05308902983321588,0.04980032887009631,0.039934225980737606,0.028188865398167725,0.023020906741836974,0.017148226450552032,0.009631195677707306,0.00610758750293634,0.8707315274771318,0.035650008102168694,0.0,0.0,0.0,0.0,0.0,0.0,0.0,0.0,0.0,0.0,0.0,0.0,0.0,0.0,0.0,0.0,0.0,0.0,0.0,0.0,0.007047216349541933,0.014094432699083866,0.11980267794221285,0.6412966878083137,2.9880197322057795,9.823819591261454,11.169837914023962,3.953488372093024,0.9443269908386189,0.33826638477801274,4.373161764705882,2.8597254604465614,3.0,2.0976176963403033,0.6860025220680959,4.29372197309417,2.811673198793141,4.444844989185292,2.902219353350514,1.0351962742436762,0.4004,0.00875,0.0,0.0,0.0,0.0,0.0,0.0,0.0,0.0,0.0,0.0,0.0,14.622973925299487,15.369978858350954,0.007047216349541933,0.0,0.0,0.0,0.0,0.0,0.0,0.0,0.0,0.0,0.0,0.0,0.0,0.0,0.0,0.0,0.0,nan,nan,4.370642201834863,2.8591171650919787,nan,0.4004,0.04248,0.0,0.0,0.0,0.0,0.0,0.0,0.0,0.0,0.0,0.0,0.0,0.0,0.0,0.0,0.0,0.0,0.0,0.0,0.0,0.0,0.0,0.0,0.0,0.0,0.0,0.0016913319238900633,0.0009748649283533005,0.00030537937514681703,0.003464881371858116,0.0031242659149635895,0.001844021611463472,0.00032887009631195677,0.006013624618275781,0.038101949729856706,0.07972750763448438,0.0413789053323937,0.054251820530890296,0.06163965233732675,0.06690157387831806,0.06806436457599248,0.08542400751703078,0.10119802677942213,0.11869861404745126,0.058656330749354,0.07446558609349307,0.031195677707305615,0.03710359408033827,0.03533004463237022,0.012567535823349777,0.008327460653042048,0.004369274136715997,0.002137655626027719,0.0023960535588442564,8.221752407798919e-05,7.047216349541931e-05,0.0,0.0,0.0,0.00016443504815597838,0.0,0.0,0.0,0.0,0.0,0.0,0.0,0.0,0.0,0.0,0.0,0.0,0.0,0.0,0.0,0.0,0.0,0.0,0.0,0.0,0.0,0.0,0.0,0.0,0.0,0.0,0.0,0.0,0.0,0.0,0.0,0.0,0.0,0.0,0.0,0.0,0.0,0.0,0.0,0.0,0.0,0.0,nan,nan,4.370642201834863,2.8591171650919787,nan,0.870975411895458,0.03553411517596618,0.0,0.0,0.0,0.0,0.0,0.0,0.0,0.0,0.0,0.0,0.0,0.0,0.0,0.0,0.0,0.0,0.0,0.0,0.0,0.0,0.013844023996308264,0.013844023996308264,0.09690816797415785,0.636825103830178,2.9487771112136603,9.760036917397326,11.24134748500231,4.028610982925705,0.9137055837563454,0.3461005999077066,0.8704786578433936,0.03576801836375899,0.0,0.0,0.0,0.0,0.0,0.0,0.0,0.0,0.0,0.0,0.0,0.0,0.0,0.0,0.0,0.0,0.0,0.0,0.0,0.0,0.0,0.014354066985645937,0.14354066985645936,0.645933014354065,3.0287081339712927,9.88995215311005,11.095693779904307,3.875598086124403,0.9760765550239237,0.3301435406698565,0.4004,0.00881,0.0,0.0,0.0,0.0,0.0,0.0,0.0,0.0,0.0,0.0,0.0,14.356252884171646,15.629903091832029,0.013844023996308264,0.0,0.0,0.0,0.0,0.0,0.0,0.0,0.0,0.0,0.0,0.0,0.0,0.0,0.0,0.0,0.0,0.4001,0.00868,0.0,0.0,0.0,0.0,0.0,0.0,0.0,0.0,0.0,0.0,0.0,14.899521531100458,15.100478468899524,0.0,0.0,0.0,0.0,0.0,0.0,0.0,0.0,0.0,0.0,0.0,0.0,0.0,0.0,0.0,0.0,0.0
17800,4252,2186,0.5141110065851364,1003,860,0.43814675446848544,1186,0.5578551269990593,0.414,2.9753146176185865,3.0524410625304377,6.489830508474577,1.9921196372805334,8374.000094073377,506.4981710820804,7853.0,8866.4,8866.4,0.0,7853.0,0.0,28.26599247412982,21.09142265746533,33.16466648060285,19.35942370758555,0.13640639698965193,0.10277516462841016,0.09548447789275635,0.08137347130761995,0.07878645343367827,0.06679209783631232,0.07549388523047977,0.06632173095014111,0.053621825023518345,0.05667920978363123,0.04656632173095014,0.03927563499529633,0.032455315145813735,0.029397930385700845,0.021636876763875823,0.009877704609595485,0.0070555032925682035,0.8704471140399028,0.03616247031084804,0.0,0.0,0.0,0.0,0.0,0.0,0.0,0.0,0.0,0.0,0.0,0.0,0.0,0.0,0.0,0.0,0.0,0.0,0.0,0.0,0.0,0.007055503292568205,0.22577610536218257,0.6138287864534318,3.019755409219192,9.920037629350896,10.99952963311383,3.9440263405456264,0.9172154280338666,0.3527751646284102,4.269005847953216,2.838231814065785,3.7142857142857144,2.3733211036908783,0.8700587084148729,4.341184867951463,2.8105686177564144,4.1907600596125185,2.8628830612355416,0.9653493659186352,0.4001,0.008804,0.0,0.0,0.0,0.0,0.0,0.0,0.0,0.0,0.0,0.0,0.007055503292568205,14.887111947318887,15.105832549388527,0.0,0.0,0.0,0.0,0.0,0.0,0.0,0.0,0.0,0.0,0.0,0.0,0.0,0.0,0.0,0.0,0.0,nan,nan,4.2675902296755375,2.8372803810013085,nan,0.4001,0.04248,0.0,0.0,0.0,0.0,0.0,0.0,0.0,0.0,0.0,0.0,0.0,0.0,0.0,0.0,0.0,0.0,0.0,0.0,0.0,0.0,0.0,0.0,0.0,0.0,0.0,0.0014346190028222013,0.0006820319849482596,0.00014111006585136406,0.0035042333019755408,0.0033866415804327376,0.0016580432737535278,0.0003527751646284102,0.005667920978363123,0.03847601128880527,0.07956255879586077,0.042485888993414864,0.054680150517403575,0.06547507055503293,0.06969661335841956,0.06836782690498588,0.0873236124176858,0.09561382878645343,0.11475776105362183,0.05958372530573847,0.07221307619943557,0.03246707431796802,0.036947318908748826,0.036053621825023516,0.011041862652869237,0.008266698024459078,0.0047389463781749765,0.0022695202257761054,0.0025752587017873942,0.0001763875823142051,9.407337723424271e-05,0.0,0.0,0.0,0.0002704609595484478,3.5277516462841014e-05,0.0,0.0,0.0,0.0,0.0,0.0,0.0,0.0,0.0,0.0,0.0,0.0,0.0,0.0,0.0,0.0,0.0,0.0,0.0,0.0,0.0,0.0,0.0,0.0,0.0,0.0,0.0,0.0,0.0,0.0,0.0,0.0,0.0,0.0,0.0,0.0,0.0,0.0,0.0,0.0,0.0,nan,nan,4.2675902296755375,2.8372803810013085,nan,0.8700481296021897,0.036147927209819096,0.0,0.0,0.0,0.0,0.0,0.0,0.0,0.0,0.0,0.0,0.0,0.0,0.0,0.0,0.0,0.0,0.0,0.0,0.0,0.0,0.0,0.0,0.23330283623055814,0.5626715462031089,3.156450137236963,9.977127172918575,11.061299176578228,3.691674290942361,0.9332113449222326,0.3842634949679781,0.8708692727915199,0.03617306048672073,0.0,0.0,0.0,0.0,0.0,0.0,0.0,0.0,0.0,0.0,0.0,0.0,0.0,0.0,0.0,0.0,0.0,0.0,0.0,0.0,0.0,0.014520813165537274,0.2178121974830591,0.6679574056147123,2.87512100677638,9.859632139399809,10.934172313649567,4.21103581800581,0.900290416263311,0.31945788964182,0.4001,0.008736,0.0,0.0,0.0,0.0,0.0,0.0,0.0,0.0,0.0,0.0,0.013723696248856361,15.082342177493114,14.903934126258008,0.0,0.0,0.0,0.0,0.0,0.0,0.0,0.0,0.0,0.0,0.0,0.0,0.0,0.0,0.0,0.0,0.0,0.4001,0.00887,0.0,0.0,0.0,0.0,0.0,0.0,0.0,0.0,0.0,0.0,0.0,14.680542110358159,15.319457889641823,0.0,0.0,0.0,0.0,0.0,0.0,0.0,0.0,0.0,0.0,0.0,0.0,0.0,0.0,0.0,0.0,0.0
17900,4454,2259,0.5071845532105972,1078,924,0.44948361023798833,1268,0.5693758419398294,0.40599999999999997,2.9453302961275627,3.087740446349919,6.542536115569823,2.187305705358916,8366.980826223618,506.64768781619966,7853.0,8866.4,8866.4,0.0,7853.0,0.0,28.225415356982488,20.829021943848264,33.16088580576307,19.007525231795253,0.13718006286484058,0.09115401885945218,0.09497081275258194,0.09474629546475079,0.07453973955994611,0.07409070498428379,0.07453973955994611,0.05972159856308936,0.05994611585092052,0.0552312528064661,0.0449034575662326,0.0431073192635833,0.03524921418949259,0.026044005388414906,0.018185900314324203,0.011001347103726987,0.005388414907947912,0.8700666036582282,0.03506215785520065,0.0,0.0,0.0,0.0,0.0,0.0,0.0,0.0,0.0,0.0,0.0,0.0,0.0,0.0,0.0,0.0,0.0,0.0,0.0,0.0,0.020206555904804673,0.06061966771441402,0.10776829815895826,0.5590480466995942,2.640323304894477,10.722945666816347,10.931746744499328,3.845981140547823,0.8621463852716661,0.24921418949259097,4.326026443980515,2.906542018843612,4.333333333333333,3.6132472314464668,1.0016890533258263,4.26875,2.8842235800510023,4.383125864453666,2.93400771880006,1.0267937603405366,0.3997,0.008965,0.0,0.0,0.0,0.0,0.0,0.0,0.0,0.0,0.0,0.0,0.006735518634934891,15.545577009429703,14.447687471935343,0.0,0.0,0.0,0.0,0.0,0.0,0.0,0.0,0.0,0.0,0.0,0.0,0.0,0.0,0.0,0.0,0.0,nan,nan,4.326056826056826,2.9098359094010475,nan,0.3997,0.04248,0.0,0.0,0.0,0.0,0.0,0.0,0.0,0.0,0.0,0.0,0.0,0.0,0.0,0.0,0.0,0.0,0.0,0.0,0.0,0.0,0.0,0.0,0.0,0.0,0.0,0.0016502020655590481,0.0009317467444993265,2.24517287831163e-05,0.003569824876515492,0.0032779524023349798,0.0015154916928603501,0.00037045352492141897,0.005781320161652447,0.04228783116299955,0.07542658284687921,0.04309609339919174,0.05415356982487651,0.06753480017961383,0.07191288729232151,0.06928603502469691,0.0878760664571172,0.09659856308935788,0.11182083520431073,0.059081724292770546,0.07068926807364168,0.03281320161652447,0.03559721598563089,0.036394252357431524,0.010047148630444544,0.008576560395150427,0.004647507858105074,0.00224517287831163,0.0022227211495285137,0.00016838796587337226,0.0001347103726986978,0.0,0.0,0.0,0.0002694207453973956,0.0,0.0,0.0,0.0,0.0,0.0,0.0,0.0,0.0,0.0,0.0,0.0,0.0,0.0,0.0,0.0,0.0,0.0,0.0,0.0,0.0,0.0,0.0,0.0,0.0,0.0,0.0,0.0,0.0,0.0,0.0,0.0,0.0,0.0,0.0,0.0,0.0,0.0,0.0,0.0,0.0,0.0,nan,nan,4.326056826056826,2.9098359094010475,nan,0.8693717811264893,0.03583952127325533,0.0,0.0,0.0,0.0,0.0,0.0,0.0,0.0,0.0,0.0,0.0,0.0,0.0,0.0,0.0,0.0,0.0,0.0,0.0,0.0,0.026560424966799476,0.09296148738379817,0.13280212483399736,0.6241699867197856,2.7224435590969462,10.810092961487385,10.703851261620187,3.731739707835326,0.9163346613545819,0.23904382470119526,0.870781685252396,0.03422898344422277,0.0,0.0,0.0,0.0,0.0,0.0,0.0,0.0,0.0,0.0,0.0,0.0,0.0,0.0,0.0,0.0,0.0,0.0,0.0,0.0,0.013667425968109343,0.027334851936218686,0.08200455580865605,0.4920273348519347,2.555808656036447,10.633257403189068,11.166287015945333,3.9635535307517094,0.8063781321184512,0.2596810933940775,0.3997,0.00901,0.0,0.0,0.0,0.0,0.0,0.0,0.0,0.0,0.0,0.0,0.0,15.670650730411664,14.329349269588317,0.0,0.0,0.0,0.0,0.0,0.0,0.0,0.0,0.0,0.0,0.0,0.0,0.0,0.0,0.0,0.0,0.0,0.3994,0.00891,0.0,0.0,0.0,0.0,0.0,0.0,0.0,0.0,0.0,0.0,0.013667425968109343,15.416856492027312,14.56947608200456,0.0,0.0,0.0,0.0,0.0,0.0,0.0,0.0,0.0,0.0,0.0,0.0,0.0,0.0,0.0,0.0,0.0
18000,4509,2355,0.52228875582169,1092,909,0.44377910844976715,1262,0.5597693501885118,0.418,2.967502321262767,3.09038443147497,6.523255813953488,2.1052751410704147,8382.287425149701,506.19630404133386,7853.0,8866.4,8866.399999999998,1.8189894035458565e-12,7853.0,0.0,28.512974051896208,21.184980321481277,33.45538299552514,19.414706296749234,0.13461964958970948,0.09736083388778,0.0920381459303615,0.09403415391439343,0.07473941006875139,0.07030383677090264,0.07252162341982701,0.061654468840097586,0.0587713461964959,0.051452650255045466,0.05100909292526059,0.04014193834553116,0.03348857839875804,0.02838766910623198,0.018407629186072298,0.012641383898868928,0.00842758926591262,0.8701281656471265,0.03502937084031539,0.0,0.0,0.0,0.0,0.0,0.0,0.0,0.0,0.0,0.0,0.0,0.0,0.0,0.0,0.0,0.0,0.0,0.0,0.0,0.0,0.006653359946773122,0.08649367930805059,0.09980039920159683,0.6121091151031252,2.774451097804392,10.033266799733868,11.523619427811047,3.7391882900864943,0.8848968729208252,0.2395209580838324,4.251882272416153,2.884771710054596,4.25,3.139134700306227,0.9995573084352867,4.214819850441876,2.815432479340296,4.291381668946649,2.9542650900550327,1.0181649088742775,0.3994,0.00881,0.0,0.0,0.0,0.0,0.0,0.0,0.0,0.0,0.0,0.0,0.006653359946773122,15.988023952095785,13.99866932801065,0.006653359946773122,0.0,0.0,0.0,0.0,0.0,0.0,0.0,0.0,0.0,0.0,0.0,0.0,0.0,0.0,0.0,0.0,nan,nan,4.251874573960463,2.885857713213617,nan,0.3994,0.04214,0.0,0.0,0.0,0.0,0.0,0.0,0.0,0.0,0.0,0.0,0.0,0.0,0.0,0.0,0.0,0.0,0.0,0.0,0.0,0.0,0.0,0.0,0.0,0.0,0.0,0.002173430915945886,0.0008538478598358838,5.5444666223109334e-05,0.003703703703703704,0.0032268795741849632,0.0014415613218008428,0.00036593479707252164,0.005777334220447993,0.041483699268130406,0.073020625415835,0.04282546019072965,0.05430250609891329,0.0677533821246396,0.07164559769350189,0.07159015302727878,0.0935573297848747,0.09212685739631847,0.11479263694832557,0.06003548458638279,0.07054779330228432,0.034054113994233755,0.034176092259924594,0.033532934131736525,0.009902417387447328,0.007451763140385895,0.0046019072965180745,0.00249500998003992,0.0019405633178088267,0.00012197826569084055,9.98003992015968e-05,1.1088933244621867e-05,0.0,0.0,0.00033266799733865603,0.0,0.0,0.0,0.0,0.0,0.0,0.0,0.0,0.0,0.0,0.0,0.0,0.0,0.0,0.0,0.0,0.0,0.0,0.0,0.0,0.0,0.0,0.0,0.0,0.0,0.0,0.0,0.0,0.0,0.0,0.0,0.0,0.0,0.0,0.0,0.0,0.0,0.0,0.0,0.0,0.0,0.0,nan,nan,4.251874573960463,2.885857713213617,nan,0.8699456018500521,0.03525039478916569,0.0,0.0,0.0,0.0,0.0,0.0,0.0,0.0,0.0,0.0,0.0,0.0,0.0,0.0,0.0,0.0,0.0,0.0,0.0,0.0,0.012738853503184716,0.07643312101910829,0.10191082802547773,0.6114649681528643,2.8917197452229306,10.02547770700637,11.40127388535032,3.783439490445861,0.8280254777070065,0.26751592356687903,0.8703277653416994,0.03478501867898172,0.0,0.0,0.0,0.0,0.0,0.0,0.0,0.0,0.0,0.0,0.0,0.0,0.0,0.0,0.0,0.0,0.0,0.0,0.0,0.0,0.0,0.09749303621169919,0.09749303621169919,0.6128133704735357,2.646239554317549,10.041782729805016,11.657381615598888,3.6908077994428976,0.9470752089136493,0.2089136490250697,0.3994,0.00869,0.0,0.0,0.0,0.0,0.0,0.0,0.0,0.0,0.0,0.0,0.012738853503184716,15.885350318471316,14.101910828025481,0.0,0.0,0.0,0.0,0.0,0.0,0.0,0.0,0.0,0.0,0.0,0.0,0.0,0.0,0.0,0.0,0.0,0.3994,0.008934,0.0,0.0,0.0,0.0,0.0,0.0,0.0,0.0,0.0,0.0,0.0,16.10027855153201,13.885793871866298,0.013927576601671312,0.0,0.0,0.0,0.0,0.0,0.0,0.0,0.0,0.0,0.0,0.0,0.0,0.0,0.0,0.0,0.0
18100,4628,2354,0.5086430423509075,1121,965,0.45073465859982714,1341,0.5795159896283492,0.414,2.981090589270009,3.0946791581773763,6.543171114599686,2.119677856196053,8368.45885911841,506.6242911536553,7853.0,8866.4,8866.4,0.0,7853.0,0.0,27.781114952463266,20.783483098755575,32.81240310077519,19.010005557057845,0.14174589455488332,0.09593777009507347,0.09248055315471046,0.09464131374243734,0.07994814174589455,0.0754105445116681,0.06784788245462403,0.0628781331028522,0.05898876404494382,0.05553154710458081,0.04256698357821953,0.03802938634399308,0.03219533275713051,0.027225583405358685,0.016205704407951597,0.013612791702679343,0.004753673292999135,0.8680552818338316,0.03588153514615907,0.0,0.0,0.0,0.0,0.0,0.0,0.0,0.0,0.0,0.0,0.0,0.0,0.0,0.0,0.0,0.0,0.0,0.0,0.0,0.0,0.006482281763180641,0.08426966292134834,0.16853932584269668,0.7065687121866876,3.23465859982714,10.164217804667244,11.01987899740709,3.5263612791702688,0.9010371650821091,0.1879861711322386,4.228005372733378,2.816660137299325,3.9285714285714284,2.2508501795126756,0.9291784381133916,4.19385026737968,2.8234341434867716,4.259358288770054,2.8048574396314505,1.015620019126554,0.3997,0.00905,0.0,0.0,0.0,0.0,0.0,0.0,0.0,0.0,0.0,0.0,0.012964563526361283,15.460242005185803,14.520311149524636,0.006482281763180641,0.0,0.0,0.0,0.0,0.0,0.0,0.0,0.0,0.0,0.0,0.0,0.0,0.0,0.0,0.0,0.0,nan,nan,4.226604278074866,2.8143517255041184,nan,0.3997,0.04242,0.0,0.0,0.0,0.0,0.0,0.0,0.0,0.0,0.0,0.0,0.0,0.0,0.0,0.0,0.0,0.0,0.0,0.0,0.0,0.0,0.0,0.0,0.0,0.0,0.0,0.003025064822817632,0.0009075194468452896,6.48228176318064e-05,0.00368409680207433,0.0023120138288677617,0.0020095073465859984,0.0004969749351771824,0.004948141745894555,0.04234010371650821,0.0722018150388937,0.04119490060501296,0.05396499567847882,0.06677830596369923,0.07158599827139153,0.06984658599827138,0.0959161624891962,0.09273984442523768,0.11503889369057908,0.05996110630942092,0.071985738980121,0.03450734658599827,0.03318928262748488,0.032973206568712186,0.010036732929991356,0.007616681071737252,0.005380293863439931,0.002657735522904062,0.0019230769230769232,0.0001404494382022472,3.24114088159032e-05,2.1607605877268798e-05,0.0,0.0,0.0005185825410544512,0.0,0.0,0.0,0.0,0.0,0.0,0.0,0.0,0.0,0.0,0.0,0.0,0.0,0.0,0.0,0.0,0.0,0.0,0.0,0.0,0.0,0.0,0.0,0.0,0.0,0.0,0.0,0.0,0.0,0.0,0.0,0.0,0.0,0.0,0.0,0.0,0.0,0.0,0.0,0.0,0.0,0.0,nan,nan,4.226604278074866,2.8143517255041184,nan,0.8673029449295977,0.03693911479942872,0.0,0.0,0.0,0.0,0.0,0.0,0.0,0.0,0.0,0.0,0.0,0.0,0.0,0.0,0.0,0.0,0.0,0.0,0.0,0.0,0.012744265080713682,0.11469838572642313,0.17841971112999155,0.739167374681391,3.4664401019541216,10.18266779949023,10.756159728122348,3.3262531860662707,1.045029736618522,0.17841971112999155,0.8688340861753298,0.0347357035983225,0.0,0.0,0.0,0.0,0.0,0.0,0.0,0.0,0.0,0.0,0.0,0.0,0.0,0.0,0.0,0.0,0.0,0.0,0.0,0.0,0.0,0.05277044854881268,0.158311345646438,0.6728232189973594,2.9947229551451193,10.145118733509236,11.292875989445914,3.733509234828497,0.7519788918205806,0.19788918205804754,0.3997,0.00903,0.0,0.0,0.0,0.0,0.0,0.0,0.0,0.0,0.0,0.0,0.012744265080713682,15.344095157179249,14.64316057774002,0.0,0.0,0.0,0.0,0.0,0.0,0.0,0.0,0.0,0.0,0.0,0.0,0.0,0.0,0.0,0.0,0.0,0.3997,0.009056,0.0,0.0,0.0,0.0,0.0,0.0,0.0,0.0,0.0,0.0,0.01319261213720317,15.580474934036918,14.393139841688658,0.01319261213720317,0.0,0.0,0.0,0.0,0.0,0.0,0.0,0.0,0.0,0.0,0.0,0.0,0.0,0.0,0.0,0.0
18200,4699,2365,0.5032985741647159,1084,948,0.43243243243243246,1351,0.5750159608427325,0.40599999999999997,2.921165381319623,2.997963778415873,6.227467811158799,2.0265874464597937,8363.042775058522,506.688973488577,7853.0,8866.4,8866.399999999998,1.8189894035458565e-12,7853.0,0.0,28.536284315811876,21.215342974154165,33.41813602015113,19.45635103296665,0.1355607576080017,0.09810597999574378,0.0951266226856778,0.08427324962758033,0.07874015748031496,0.07512236646094914,0.06724835071291764,0.058735901255586295,0.0612896360927857,0.0508618855075548,0.04660566077888913,0.04852096190678868,0.034901042775058524,0.024686103426260906,0.02149393487976165,0.011917429240263885,0.006809959565865078,0.8681561490352369,0.035871781964087815,0.0,0.0,0.0,0.0,0.0,0.0,0.0,0.0,0.0,0.0,0.0,0.0,0.0,0.0,0.0,0.0,0.0,0.0,0.0,0.0,0.0,0.03192168546499256,0.15960842732496278,0.651202383485846,3.2496275803362424,10.878910406469465,10.329857416471592,3.4603107044051935,0.9384975526707812,0.30006384337093006,4.244473771032663,2.779351026153456,5.0,2.04494943258218,1.1780023319082782,4.249834327369118,2.7826991367151144,4.2441253263707575,2.773039863310661,0.9986566532813774,0.3997,0.00912,0.0,0.0,0.0,0.0,0.0,0.0,0.0,0.0,0.0,0.0,0.006384337092998512,15.724622260055309,14.268993402851674,0.0,0.0,0.0,0.0,0.0,0.0,0.0,0.0,0.0,0.0,0.0,0.0,0.0,0.0,0.0,0.0,0.0,nan,nan,4.247205785667324,2.7774155664082185,nan,0.3997,0.04224,0.0,0.0,0.0,0.0,0.0,0.0,0.0,0.0,0.0,0.0,0.0,0.0,0.0,0.0,0.0,0.0,0.0,0.0,0.0,0.0,0.0,0.0,1.0640561821664184e-05,0.0,0.0,0.003543307086614173,0.0008831666311981273,0.0,0.003064481804639285,0.001670568206001277,0.0018940200042562247,0.0005001064056182167,0.004479676526920621,0.042349436050223455,0.07479250904447755,0.04214726537561183,0.05150031921685465,0.06724835071291764,0.0707065333049585,0.07107895296871675,0.09387103639072143,0.09392423919982976,0.11685464992551607,0.05925728878484784,0.07297297297297298,0.03584805277718663,0.0318791232177059,0.03276228984890402,0.00865077676101298,0.007544158331559907,0.005745903383698659,0.0026814215790593745,0.0014790380932113215,6.38433709299851e-05,1.0640561821664184e-05,0.0,0.0,0.0,0.0005852309001915301,0.0,0.0,0.0,0.0,0.0,0.0,0.0,0.0,0.0,0.0,0.0,0.0,0.0,0.0,0.0,0.0,0.0,0.0,0.0,0.0,0.0,0.0,0.0,0.0,0.0,0.0,0.0,0.0,0.0,0.0,0.0,0.0,0.0,0.0,0.0,0.0,0.0,0.0,0.0,0.0,0.0,0.0,nan,nan,4.247205785667324,2.7774155664082185,nan,0.8688219044727704,0.0350199806740041,0.0,0.0,0.0,0.0,0.0,0.0,0.0,0.0,0.0,0.0,0.0,0.0,0.0,0.0,0.0,0.0,0.0,0.0,0.0,0.0,0.0,0.050739957716701915,0.12684989429175478,0.5961945031712456,3.044397463002115,10.985200845665965,10.338266384778015,3.6405919661733623,0.9767441860465118,0.24101479915433408,0.8674815510876075,0.03670242872676238,0.0,0.0,0.0,0.0,0.0,0.0,0.0,0.0,0.0,0.0,0.0,0.0,0.0,0.0,0.0,0.0,0.0,0.0,0.0,0.0,0.0,0.012853470437017999,0.19280205655526997,0.7069408740359875,3.4575835475578414,10.771208226221082,10.321336760925451,3.2776349614395897,0.8997429305912599,0.35989717223650397,0.3997,0.00911,0.0,0.0,0.0,0.0,0.0,0.0,0.0,0.0,0.0,0.0,0.0,15.437632135306533,14.56236786469345,0.0,0.0,0.0,0.0,0.0,0.0,0.0,0.0,0.0,0.0,0.0,0.0,0.0,0.0,0.0,0.0,0.0,0.3994,0.009125,0.0,0.0,0.0,0.0,0.0,0.0,0.0,0.0,0.0,0.0,0.012853470437017999,16.0154241645244,13.971722365038563,0.0,0.0,0.0,0.0,0.0,0.0,0.0,0.0,0.0,0.0,0.0,0.0,0.0,0.0,0.0,0.0,0.0
18300,4738,2457,0.5185732376530181,1141,972,0.4459687631912199,1319,0.556775010552976,0.418,3.0170977641385357,3.1372472895111727,6.64751552795031,2.252323170841154,8378.522119037569,506.350291631135,7853.0,8866.4,8866.4,0.0,7853.0,0.0,27.362811312790207,20.54670331635689,32.15002508780733,18.889983627160536,0.13908822287885184,0.10911777121148164,0.09286618826509076,0.09159983115238497,0.0740818910932883,0.07555930772477838,0.07007176023638666,0.06205149852258337,0.061629379485014776,0.05783030814689742,0.045799915576192486,0.03651329674968341,0.026382439848037148,0.023638666103841282,0.019628535246939638,0.00823132123258759,0.0059096665259603205,0.869572710329191,0.03583137591739349,0.0,0.0,0.0,0.0,0.0,0.0,0.0,0.0,0.0,0.0,0.0,0.0,0.0,0.0,0.0,0.0,0.0,0.0,0.0,0.0,0.0,0.006331785563528917,0.12030392570704941,0.6901646264246496,3.2355424229632765,10.092866188265091,10.979316167159142,3.50780920219502,0.987758547910511,0.379907133811735,4.370160213618157,2.889630436540088,4.0,3.40587727318528,0.9152982509738029,4.40551445864156,2.8870784153456066,4.334214002642008,2.8936325708118806,0.98381563454872,0.3994,0.00928,0.0,0.0,0.0,0.0,0.0,0.0,0.0,0.0,0.0,0.0,0.012663571127057833,15.506542845082292,14.480793583790632,0.0,0.0,0.0,0.0,0.0,0.0,0.0,0.0,0.0,0.0,0.0,0.0,0.0,0.0,0.0,0.0,0.0,nan,nan,4.369543485504832,2.8906066645651807,nan,0.3997,0.04224,0.0,0.0,0.0,0.0,0.0,0.0,0.0,0.0,0.0,0.0,0.0,0.0,0.0,0.0,0.0,0.0,0.0,0.0,0.0,0.0,0.0,2.1105951878429718e-05,0.0,1.0552975939214859e-05,0.0,0.003440270156184044,0.0013191219924018572,2.1105951878429718e-05,0.00299704516673702,0.001266357112705783,0.0015090755593077248,0.0005698607007176024,0.0050865344027015615,0.04244406922752216,0.07666737019839595,0.03992190797804981,0.050495989869143096,0.0698818066694808,0.06950189953566906,0.06868932038834952,0.09494512452511608,0.09366821443647108,0.12079991557619249,0.057724778387505275,0.07274166314900803,0.03490924440692275,0.031490080202617135,0.03290417897847193,0.008959476572393415,0.007724778387505277,0.005434782608695652,0.002691008864499789,0.0013824398480371464,6.331785563528915e-05,2.1105951878429718e-05,0.0,0.0,0.0,0.0006964964119881807,0.0,0.0,0.0,0.0,0.0,0.0,0.0,0.0,0.0,0.0,0.0,0.0,0.0,0.0,0.0,0.0,0.0,0.0,0.0,0.0,0.0,0.0,0.0,0.0,0.0,0.0,0.0,0.0,0.0,0.0,0.0,0.0,0.0,0.0,0.0,0.0,0.0,0.0,0.0,0.0,0.0,0.0,nan,nan,4.369543485504832,2.8906066645651807,nan,0.8697522262222747,0.03654345107693309,0.0,0.0,0.0,0.0,0.0,0.0,0.0,0.0,0.0,0.0,0.0,0.0,0.0,0.0,0.0,0.0,0.0,0.0,0.0,0.0,0.0,0.0,0.12210012210012212,0.7570207570207547,3.2844932844932853,9.98778998778999,10.989010989010993,3.382173382173383,1.0134310134310136,0.46398046398046405,0.8693793431440502,0.03504714799249638,0.0,0.0,0.0,0.0,0.0,0.0,0.0,0.0,0.0,0.0,0.0,0.0,0.0,0.0,0.0,0.0,0.0,0.0,0.0,0.0,0.0,0.013152126260412103,0.11836913634370892,0.6181499342393668,3.182814555019729,10.206049978079792,10.968873301183695,3.6431389741341524,0.9601052170100834,0.28934677772906625,0.3994,0.00937,0.0,0.0,0.0,0.0,0.0,0.0,0.0,0.0,0.0,0.0,0.012210012210012213,15.445665445665423,14.542124542124546,0.0,0.0,0.0,0.0,0.0,0.0,0.0,0.0,0.0,0.0,0.0,0.0,0.0,0.0,0.0,0.0,0.0,0.3997,0.00918,0.0,0.0,0.0,0.0,0.0,0.0,0.0,0.0,0.0,0.0,0.013152126260412103,15.572117492327903,14.414730381411665,0.0,0.0,0.0,0.0,0.0,0.0,0.0,0.0,0.0,0.0,0.0,0.0,0.0,0.0,0.0,0.0,0.0
18400,4998,2584,0.5170068027210885,1250,1029,0.45598239295718285,1414,0.5658263305322129,0.39799999999999996,2.913007456503728,3.032394251885357,6.422680412371134,2.1462337192596284,8376.93469387755,506.4068081364497,7853.0,8866.4,8866.4,0.0,7853.0,0.0,27.74609843937575,20.60903813294108,32.57461977186312,18.87764894281802,0.13765506202480993,0.09643857543017206,0.09223689475790316,0.09463785514205682,0.07903161264505802,0.08103241296518607,0.07042817126850741,0.06402561024409764,0.05902360944377751,0.048619447779111646,0.043817527010804325,0.04341736694677871,0.034013605442176874,0.022609043617446978,0.015806322529011603,0.01020408163265306,0.0070028011204481795,0.8710706347153158,0.034950103087138557,0.0,0.0,0.0,0.0,0.0,0.0,0.0,0.0,0.0,0.0,0.0,0.0,0.0,0.0,0.0,0.0,0.0,0.0,0.0,0.0,0.0,0.018007202881152463,0.1320528211284514,0.5762304921968769,2.77310924369748,9.747899159663866,11.458583433373352,4.093637454981994,0.9123649459783916,0.2881152460984394,4.228580266006805,2.9014155052744734,3.1666666666666665,2.9107081994288304,0.7488723087801428,4.222291797119599,2.8984143109397036,4.230816077953715,2.9050672586669193,1.002018875351043,0.3994,0.0089,0.0,0.0,0.0,0.0,0.0,0.0,0.0,0.0,0.0,0.0,0.006002400960384155,15.954381752701057,14.02761104441777,0.01200480192076831,0.0,0.0,0.0,0.0,0.0,0.0,0.0,0.0,0.0,0.0,0.0,0.0,0.0,0.0,0.0,0.0,nan,nan,4.226613152207471,2.9017920358869285,nan,0.3994,0.0422,0.0,0.0,0.0,0.0,0.0,0.0,0.0,0.0,0.0,0.0,0.0,0.0,0.0,0.0,0.0,0.0,0.0,0.0,0.0,0.0,0.0,1.0004001600640255e-05,0.0,0.0,0.0,0.004201680672268907,0.0009703881552621048,0.0,0.002661064425770308,0.0013505402160864347,0.0015006002400960385,0.0010604241696678671,0.004931972789115646,0.04321728691476591,0.0762905162064826,0.03937575030012005,0.04890956382553021,0.06852741096438575,0.07170868347338935,0.06762705082032813,0.09647859143657463,0.09616846738695478,0.12007803121248499,0.05657262905162065,0.07246898759503802,0.0350140056022409,0.031832733093237295,0.031782713085234095,0.009463785514205682,0.00784313725490196,0.005392156862745098,0.003161264505802321,0.0008403361344537816,4.001600640256102e-05,0.0,0.0,0.0,0.0,0.0005202080832332933,0.0,0.0,0.0,0.0,0.0,0.0,0.0,0.0,0.0,0.0,0.0,0.0,0.0,0.0,0.0,0.0,0.0,0.0,0.0,0.0,0.0,0.0,0.0,0.0,0.0,0.0,0.0,0.0,0.0,0.0,0.0,0.0,0.0,0.0,0.0,0.0,0.0,0.0,0.0,0.0,0.0,0.0,nan,nan,4.226613152207471,2.9017920358869285,nan,0.8705305770131826,0.035012644822677665,0.0,0.0,0.0,0.0,0.0,0.0,0.0,0.0,0.0,0.0,0.0,0.0,0.0,0.0,0.0,0.0,0.0,0.0,0.0,0.0,0.0,0.0,0.18575851393188858,0.6617647058823509,2.7515479876161,9.578173374613005,11.633126934984523,4.098297213622292,0.8359133126934987,0.2554179566563468,0.8716487246499934,0.03487376641504261,0.0,0.0,0.0,0.0,0.0,0.0,0.0,0.0,0.0,0.0,0.0,0.0,0.0,0.0,0.0,0.0,0.0,0.0,0.0,0.0,0.0,0.037282518641259324,0.07456503728251865,0.48467274233636964,2.79618889809445,9.929577464788734,11.271748135874072,4.088649544324773,0.9942004971002487,0.32311516155758085,0.3994,0.00878,0.0,0.0,0.0,0.0,0.0,0.0,0.0,0.0,0.0,0.0,0.0,15.99845201238388,14.001547987616101,0.0,0.0,0.0,0.0,0.0,0.0,0.0,0.0,0.0,0.0,0.0,0.0,0.0,0.0,0.0,0.0,0.0,0.3994,0.00903,0.0,0.0,0.0,0.0,0.0,0.0,0.0,0.0,0.0,0.0,0.01242750621375311,15.907207953603953,14.055509527754767,0.02485501242750622,0.0,0.0,0.0,0.0,0.0,0.0,0.0,0.0,0.0,0.0,0.0,0.0,0.0,0.0,0.0,0.0
18500,4712,2444,0.5186757215619694,1193,924,0.4492784380305603,1322,0.5611205432937182,0.40199999999999997,2.9307760141093473,3.029261456360996,6.281296023564065,2.0960979455170223,8378.625976230898,506.346420372167,7853.0,8866.4,8866.4,0.0,7853.0,0.0,28.675084889643465,20.885854563153533,33.31331006979063,19.15578138393943,0.1269100169779287,0.0963497453310696,0.09125636672325976,0.08977079796264856,0.07915959252971137,0.08064516129032258,0.07236842105263158,0.0632427843803056,0.057724957555178265,0.050933786078098474,0.044779286926994906,0.04753820033955857,0.0350169779286927,0.02737691001697793,0.01931239388794567,0.010611205432937181,0.00700339558573854,0.8721688208510192,0.03480723073162805,0.0,0.0,0.0,0.0,0.0,0.0,0.0,0.0,0.0,0.0,0.0,0.0,0.0,0.0,0.0,0.0,0.0,0.0,0.0,0.0,0.0,0.01273344651952462,0.14006791171477082,0.6112054329371798,2.4957555178268254,9.524617996604416,11.994906621392193,4.030135823429543,0.8149405772495757,0.3756366723259763,4.1204002582311166,2.8691099152024773,3.6666666666666665,3.299831645537222,0.8898811855333595,4.146675358539765,2.891790074215315,4.0938098276962345,2.8474520855104863,0.9872511044939513,0.3987,0.00876,0.0,0.0,0.0,0.0,0.0,0.0,0.0,0.0,0.0,0.0,0.0,16.52801358234293,13.47198641765705,0.0,0.0,0.0,0.0,0.0,0.0,0.0,0.0,0.0,0.0,0.0,0.0,0.0,0.0,0.0,0.0,0.0,nan,nan,4.119961302805547,2.869592521040705,nan,0.3987,0.04163,0.0,0.0,0.0,0.0,0.0,0.0,0.0,0.0,0.0,0.0,0.0,0.0,0.0,0.0,0.0,0.0,0.0,0.0,0.0,0.0,0.0,0.0,0.0,5.305602716468591e-05,0.0,0.004138370118845501,0.0008064516129032258,0.0,0.0021328522920203733,0.0010929541595925297,0.0015916808149405773,0.0012627334465195245,0.0055178268251273345,0.04153225806451613,0.07857597623089983,0.04003607809847198,0.04874787775891341,0.07071307300509339,0.0728883701188455,0.07041595925297114,0.0992041595925297,0.0948323429541596,0.11964134125636672,0.05508276740237691,0.07104202037351443,0.0329902376910017,0.03123938879456706,0.0316213921901528,0.009115025466893039,0.007724957555178268,0.0041808149405772495,0.0028862478777589135,0.0007109507640067912,6.366723259762309e-05,1.0611205432937182e-05,0.0,0.0,0.0,0.00014855687606112053,0.0,0.0,0.0,0.0,0.0,0.0,0.0,0.0,0.0,0.0,0.0,0.0,0.0,0.0,0.0,0.0,0.0,0.0,0.0,0.0,0.0,0.0,0.0,0.0,0.0,0.0,0.0,0.0,0.0,0.0,0.0,0.0,0.0,0.0,0.0,0.0,0.0,0.0,0.0,0.0,0.0,0.0,nan,nan,4.119961302805547,2.869592521040705,nan,0.872382355887449,0.03416669032593939,0.0,0.0,0.0,0.0,0.0,0.0,0.0,0.0,0.0,0.0,0.0,0.0,0.0,0.0,0.0,0.0,0.0,0.0,0.0,0.0,0.0,0.0,0.0981996726677578,0.6137479541734842,2.6022913256955817,9.157119476268415,12.299509001636665,4.136661211129297,0.761047463175123,0.3314238952536826,0.8719387151944784,0.03548309859572482,0.0,0.0,0.0,0.0,0.0,0.0,0.0,0.0,0.0,0.0,0.0,0.0,0.0,0.0,0.0,0.0,0.0,0.0,0.0,0.0,0.0,0.02645502645502646,0.18518518518518523,0.6084656084656066,2.3809523809523814,9.920634920634923,11.66666666666667,3.9153439153439162,0.8730158730158732,0.42328042328042337,0.3987,0.008705,0.0,0.0,0.0,0.0,0.0,0.0,0.0,0.0,0.0,0.0,0.0,16.865793780687373,13.134206219312606,0.0,0.0,0.0,0.0,0.0,0.0,0.0,0.0,0.0,0.0,0.0,0.0,0.0,0.0,0.0,0.0,0.0,0.399,0.008804,0.0,0.0,0.0,0.0,0.0,0.0,0.0,0.0,0.0,0.0,0.0,16.164021164021143,13.835978835978839,0.0,0.0,0.0,0.0,0.0,0.0,0.0,0.0,0.0,0.0,0.0,0.0,0.0,0.0,0.0,0.0,0.0
18600,4690,2410,0.5138592750533049,1131,957,0.44520255863539443,1312,0.5594882729211087,0.40599999999999997,3.013157894736842,3.122049853999568,6.6578125,2.1701313819314603,8373.744989339019,506.5053092263364,7853.0,8866.4,8866.399999999998,1.8189894035458565e-12,7853.0,0.0,27.680170575692962,20.8553054299487,32.76653895274585,19.075360506229174,0.14541577825159915,0.10533049040511727,0.08507462686567165,0.08635394456289978,0.08102345415778252,0.07420042643923241,0.07100213219616204,0.0628997867803838,0.055010660980810235,0.05543710021321962,0.04776119402985075,0.03731343283582089,0.03155650319829424,0.026226012793176972,0.018763326226012792,0.010660980810234541,0.005970149253731343,0.8722889475985123,0.03464660508366955,0.0,0.0,0.0,0.0,0.0,0.0,0.0,0.0,0.0,0.0,0.0,0.0,0.0,0.0,0.0,0.0,0.0,0.0,0.0,0.0,0.0,0.03198294243070363,0.15991471215351816,0.4797441364605529,2.7441364605543717,9.371002132196164,11.667377398720685,4.31130063965885,1.0106609808102347,0.2238805970149254,4.297324414715719,2.8434445286890475,4.875,2.8912583765550943,1.1344268036423066,4.325067024128686,2.8774502897131864,4.272908366533865,2.8096819257951293,0.9879403816625641,0.3992,0.0087,0.0,0.0,0.0,0.0,0.0,0.0,0.0,0.0,0.0,0.0,0.012793176972281453,16.45202558635392,13.535181236673777,0.0,0.0,0.0,0.0,0.0,0.0,0.0,0.0,0.0,0.0,0.0,0.0,0.0,0.0,0.0,0.0,0.0,nan,nan,4.298865910607072,2.8437293435003173,nan,0.3992,0.0416,0.0,0.0,0.0,0.0,0.0,0.0,0.0,0.0,0.0,0.0,0.0,0.0,0.0,0.0,0.0,0.0,0.0,0.0,0.0,0.0,0.0,0.0,0.0,3.1982942430703626e-05,0.0,0.004072494669509595,0.0009061833688699361,3.1982942430703626e-05,0.002260127931769723,0.0008742004264392324,0.0018656716417910447,0.001417910447761194,0.00570362473347548,0.03957356076759062,0.07682302771855011,0.03992537313432836,0.04657782515991471,0.07268656716417911,0.0750319829424307,0.0723134328358209,0.09678038379530916,0.09251599147121535,0.12118336886993604,0.05754797441364606,0.07143923240938166,0.0323454157782516,0.03147121535181237,0.031257995735607676,0.009541577825159915,0.007857142857142858,0.0035927505330490407,0.003155650319829424,0.0009061833688699361,2.1321961620469083e-05,0.0,0.0,0.0,0.0,0.00028784648187633264,0.0,0.0,0.0,0.0,0.0,0.0,0.0,0.0,0.0,0.0,0.0,0.0,0.0,0.0,0.0,0.0,0.0,0.0,0.0,0.0,0.0,0.0,0.0,0.0,0.0,0.0,0.0,0.0,0.0,0.0,0.0,0.0,0.0,0.0,0.0,0.0,0.0,0.0,0.0,0.0,0.0,0.0,nan,nan,4.298865910607072,2.8437293435003173,nan,0.8721896831672716,0.03404487629497885,0.0,0.0,0.0,0.0,0.0,0.0,0.0,0.0,0.0,0.0,0.0,0.0,0.0,0.0,0.0,0.0,0.0,0.0,0.0,0.0,0.0,0.03734439834024897,0.1120331950207469,0.4481327800829861,2.800829875518673,9.53526970954357,11.551867219917016,4.319502074688797,1.0082987551867222,0.18672199170124487,0.8723938718438149,0.035271180928674296,0.0,0.0,0.0,0.0,0.0,0.0,0.0,0.0,0.0,0.0,0.0,0.0,0.0,0.0,0.0,0.0,0.0,0.0,0.0,0.0,0.0,0.026315789473684216,0.21052631578947373,0.5131578947368405,2.68421052631579,9.197368421052634,11.78947368421053,4.302631578947369,1.0131578947368423,0.26315789473684215,0.3992,0.0086,0.0,0.0,0.0,0.0,0.0,0.0,0.0,0.0,0.0,0.0,0.01244813278008299,16.10788381742736,13.879668049792533,0.0,0.0,0.0,0.0,0.0,0.0,0.0,0.0,0.0,0.0,0.0,0.0,0.0,0.0,0.0,0.0,0.0,0.399,0.008804,0.0,0.0,0.0,0.0,0.0,0.0,0.0,0.0,0.0,0.0,0.013157894736842108,16.815789473684184,13.17105263157895,0.0,0.0,0.0,0.0,0.0,0.0,0.0,0.0,0.0,0.0,0.0,0.0,0.0,0.0,0.0,0.0,0.0
18700,4646,2397,0.5159276797244942,1146,945,0.45006457167455877,1296,0.5578992681876883,0.40599999999999997,2.9524232992441086,3.030151526192181,6.387537993920972,2.147373390810155,8375.841110632802,506.44284430480354,7853.0,8866.4,8866.4,0.0,7853.0,0.0,28.382694791218253,20.93568636447593,33.185448995166624,19.172208961399264,0.13517003874300473,0.09621179509255273,0.09362892811020232,0.08953938872148084,0.07684029272492467,0.07167455876022384,0.0705983641842445,0.0673697804563065,0.05919070167886354,0.050581145071028843,0.05101162290142058,0.039388721480843734,0.036160137752905726,0.02755058114507103,0.017649591046061126,0.010977184674989237,0.0064571674558760225,0.8717060270260184,0.03390608269586501,0.0,0.0,0.0,0.0,0.0,0.0,0.0,0.0,0.0,0.0,0.0,0.0,0.0,0.0,0.0,0.0,0.0,0.0,0.0,0.0,0.0,0.01937150236762807,0.06457167455876024,0.47783039173482417,2.860525182953079,9.756780025828672,11.62935858803272,4.029272492466639,0.9040034438226433,0.25828669823504097,4.133619267568459,2.812335801674003,3.5,2.5,0.8467156197621518,4.131039046988749,2.793115089852126,4.1353482260183965,2.8309949432811052,1.0010431223187755,0.3987,0.008896,0.0,0.0,0.0,0.0,0.0,0.0,0.0,0.0,0.0,0.0,0.01937150236762807,16.69823504089537,13.275936289281105,0.006457167455876024,0.0,0.0,0.0,0.0,0.0,0.0,0.0,0.0,0.0,0.0,0.0,0.0,0.0,0.0,0.0,0.0,nan,nan,4.133201450708869,2.812188312298642,nan,0.3987,0.04166,0.0,0.0,0.0,0.0,0.0,0.0,0.0,0.0,0.0,0.0,0.0,0.0,0.0,0.0,0.0,0.0,0.0,0.0,0.0,0.0,0.0,6.457167455876022e-05,0.0,5.3809728798966854e-05,1.076194575979337e-05,0.004035729659922514,0.0011515281962978907,7.53336203185536e-05,0.002173913043478261,0.0011407662505380973,0.0017326732673267327,0.0015820060266896255,0.006058975462763668,0.04118596642272923,0.0764743865690917,0.03932414980628498,0.046050365906155834,0.07507533362031855,0.07477399913904434,0.07363323288850625,0.09653465346534654,0.09056177356866121,0.12456952216960826,0.05472449418854929,0.07145931984502799,0.03235040895393887,0.029347826086956522,0.02928325441239776,0.009664227292294447,0.009115368058544985,0.003669823504089539,0.003282393456736978,0.00046276366767111494,0.0,0.0,0.0,0.0,0.0,0.000376668101592768,0.0,0.0,0.0,0.0,0.0,0.0,0.0,0.0,0.0,0.0,0.0,0.0,0.0,0.0,0.0,0.0,0.0,0.0,0.0,0.0,0.0,0.0,0.0,0.0,0.0,0.0,0.0,0.0,0.0,0.0,0.0,0.0,0.0,0.0,0.0,0.0,0.0,0.0,0.0,0.0,0.0,0.0,nan,nan,4.133201450708869,2.812188312298642,nan,0.8711315900224121,0.03370130815271984,0.0,0.0,0.0,0.0,0.0,0.0,0.0,0.0,0.0,0.0,0.0,0.0,0.0,0.0,0.0,0.0,0.0,0.0,0.0,0.0,0.0,0.025031289111389243,0.06257822277847311,0.5131414267834777,2.8285356695869845,10.162703379224032,11.314142678347938,4.11764705882353,0.725907384230288,0.25031289111389243,0.8723182660200798,0.03411233262956631,0.0,0.0,0.0,0.0,0.0,0.0,0.0,0.0,0.0,0.0,0.0,0.0,0.0,0.0,0.0,0.0,0.0,0.0,0.0,0.0,0.0,0.013339261894175192,0.06669630947087596,0.44019564250777987,2.894619831036017,9.32414406402846,11.965317919075147,3.9350822587816814,1.0938194753223658,0.26678523788350383,0.3984,0.00904,0.0,0.0,0.0,0.0,0.0,0.0,0.0,0.0,0.0,0.0,0.025031289111389243,16.795994993742152,13.178973717146436,0.0,0.0,0.0,0.0,0.0,0.0,0.0,0.0,0.0,0.0,0.0,0.0,0.0,0.0,0.0,0.0,0.0,0.3987,0.00873,0.0,0.0,0.0,0.0,0.0,0.0,0.0,0.0,0.0,0.0,0.013339261894175192,16.594041796353913,13.379279679857717,0.013339261894175192,0.0,0.0,0.0,0.0,0.0,0.0,0.0,0.0,0.0,0.0,0.0,0.0,0.0,0.0,0.0,0.0
18800,4627,2431,0.5253944240328506,1156,919,0.4484547222822563,1298,0.5610546790577048,0.41,3.009562841530055,3.1646383481317804,6.718849840255591,2.2096642119400696,8385.43470931489,506.04605989620933,7853.0,8866.4,8866.4,0.0,7853.0,0.0,27.950724011238382,20.737925262986618,32.65091930541369,19.07291936189415,0.13118651393991787,0.10460341473957208,0.0946617678841582,0.08558461205964989,0.0814782796628485,0.07693970175059434,0.07240112383834017,0.06570131834882213,0.057272530797492976,0.05381456667387076,0.04387291981845688,0.040414955694834664,0.030257186081694403,0.025502485411713852,0.020531661984006917,0.007780419278149989,0.007996542035876377,0.8693507591462533,0.03451880111699278,0.0,0.0,0.0,0.0,0.0,0.0,0.0,0.0,0.0,0.0,0.0,0.0,0.0,0.0,0.0,0.0,0.0,0.0,0.0,0.0,0.0,0.04538577912254162,0.1296736546358332,0.6354009077155804,2.96952669116058,10.159930840717529,11.113032202290904,3.9355954181975368,0.8299113896693324,0.18154311649016647,4.280389523169912,2.945034565568845,5.375,2.912795049432761,1.2557268376872992,4.187711006076975,2.900768989327955,4.377408637873754,2.9858616895342585,1.045298644419708,0.3984,0.00883,0.0,0.0,0.0,0.0,0.0,0.0,0.0,0.0,0.0,0.0,0.019451048195374975,17.201210287443242,12.77933866436136,0.0,0.0,0.0,0.0,0.0,0.0,0.0,0.0,0.0,0.0,0.0,0.0,0.0,0.0,0.0,0.0,0.0,nan,nan,4.283322170127261,2.9454921706371544,nan,0.3984,0.04144,0.0,0.0,0.0,0.0,0.0,0.0,0.0,0.0,0.0,0.0,0.0,0.0,0.0,0.0,0.0,0.0,0.0,0.0,0.0,0.0,0.0,6.483682731791658e-05,0.0,1.0806137886319429e-05,1.0806137886319429e-05,0.004311649016641452,0.0009833585476550681,4.3224551545277716e-05,0.0023773503349902745,0.0011022260644045817,0.0021720337151502054,0.0018802679922195807,0.004603414739572077,0.0404905986600389,0.07748000864491031,0.03848065701318349,0.049729846552842016,0.07239031770045386,0.07268208342338449,0.07398962610762913,0.09640155608385563,0.09541819753620057,0.12750162092068296,0.05401988329371083,0.07061811108709747,0.03105684028528204,0.026356170304733088,0.02856062243354225,0.010838556299978389,0.00851523665441971,0.003468770261508537,0.0036092500540306893,0.0005727253079749298,0.0,0.0,0.0,0.0,0.0,0.0002593473092716663,0.0,0.0,0.0,0.0,0.0,0.0,0.0,0.0,0.0,0.0,0.0,0.0,0.0,0.0,0.0,0.0,0.0,0.0,0.0,0.0,0.0,0.0,0.0,0.0,0.0,0.0,0.0,0.0,0.0,0.0,0.0,0.0,0.0,0.0,0.0,0.0,0.0,0.0,0.0,0.0,0.0,0.0,nan,nan,4.283322170127261,2.9454921706371544,nan,0.8695633633055347,0.034250069893732714,0.0,0.0,0.0,0.0,0.0,0.0,0.0,0.0,0.0,0.0,0.0,0.0,0.0,0.0,0.0,0.0,0.0,0.0,0.0,0.0,0.0,0.04936240230357879,0.12340600575894696,0.6540518305224167,2.8383381324557804,10.19333607568902,11.266968325791858,3.9119703825586187,0.7651172357054712,0.19744960921431515,0.8691154036311287,0.034812356655632835,0.0,0.0,0.0,0.0,0.0,0.0,0.0,0.0,0.0,0.0,0.0,0.0,0.0,0.0,0.0,0.0,0.0,0.0,0.0,0.0,0.0,0.04098360655737705,0.1366120218579235,0.6147540983606539,3.1147540983606565,10.122950819672132,10.942622950819674,3.961748633879782,0.9016393442622953,0.1639344262295082,0.3984,0.008736,0.0,0.0,0.0,0.0,0.0,0.0,0.0,0.0,0.0,0.0,0.024681201151789393,17.326203208556127,12.649115590292064,0.0,0.0,0.0,0.0,0.0,0.0,0.0,0.0,0.0,0.0,0.0,0.0,0.0,0.0,0.0,0.0,0.0,0.3987,0.00893,0.0,0.0,0.0,0.0,0.0,0.0,0.0,0.0,0.0,0.0,0.013661202185792353,17.062841530054623,12.923497267759567,0.0,0.0,0.0,0.0,0.0,0.0,0.0,0.0,0.0,0.0,0.0,0.0,0.0,0.0,0.0,0.0,0.0
18900,4462,2310,0.5177050649932765,1065,918,0.4444195428059166,1245,0.558045719408337,0.43,2.990706319702602,3.1593237040404287,6.671794871794872,2.208369710541068,8377.642312864187,506.3822305423873,7853.0,8866.4,8866.4,0.0,7853.0,0.0,27.967727476467953,21.094275974270055,33.151881720430104,19.2739669738936,0.14589870013446885,0.09323173464813984,0.09278350515463918,0.08785298072613178,0.08516360376512774,0.07059614522635589,0.07014791573285523,0.06454504706409682,0.057821604661586735,0.047288211564320934,0.047512326311071267,0.03809950694755715,0.0340654415060511,0.024652622142536978,0.020842671447781264,0.012774540564769161,0.006723442402510085,0.8700001512151938,0.03625066005920391,0.0,0.0,0.0,0.0,0.0,0.0,0.0,0.0,0.0,0.0,0.0,0.0,0.0,0.0,0.0,0.0,0.0,0.0,0.0,0.0,0.0067234424025100865,0.05378753922008069,0.18153294486777236,0.6656207978484964,2.938144329896908,10.024652622142538,11.053339309726583,3.88614970865083,0.8404303003137609,0.34961900493052456,4.23558196434813,2.9153990841141706,4.8,3.1874754901018454,1.1332563129229245,4.242652084757348,2.9357273752999506,4.234253361641897,2.897818949127521,0.9980204072953269,0.3984,0.00882,0.0,0.0,0.0,0.0,0.0,0.0,0.0,0.0,0.0,0.0,0.0067234424025100865,17.185118780815753,12.801434334379206,0.0067234424025100865,0.0,0.0,0.0,0.0,0.0,0.0,0.0,0.0,0.0,0.0,0.0,0.0,0.0,0.0,0.0,0.0,nan,nan,4.238525730180807,2.917167267072743,nan,0.3984,0.04156,0.0,0.0,0.0,0.0,0.0,0.0,0.0,0.0,0.0,0.0,0.0,0.0,0.0,0.0,0.0,0.0,0.0,0.0,0.0,0.0,0.0,0.0001456745853877185,0.0,0.0,2.2411474675033616e-05,0.004661586732406992,0.0010645450470640968,1.1205737337516808e-05,0.0020170327207530256,0.0008740475123263111,0.0021402958314657105,0.0018601523980277903,0.005221873599282833,0.0412034961900493,0.07674809502465262,0.03970192738682205,0.05002241147467503,0.07090990587180636,0.06992380098610489,0.0738682205289108,0.09937247870909906,0.09835275661138503,0.12142536978933213,0.055289108023307935,0.07001344688480501,0.029717615419094578,0.028249663827879874,0.029583146571044376,0.011261766024204393,0.008314657104437472,0.004123711340206186,0.003260869565217391,0.00044822949350067237,0.0,0.0,0.0,0.0,0.0,0.00019049753473778574,0.0,0.0,0.0,0.0,0.0,0.0,0.0,0.0,0.0,0.0,0.0,0.0,0.0,0.0,0.0,0.0,0.0,0.0,0.0,0.0,0.0,0.0,0.0,0.0,0.0,0.0,0.0,0.0,0.0,0.0,0.0,0.0,0.0,0.0,0.0,0.0,0.0,0.0,0.0,0.0,0.0,0.0,nan,nan,4.238525730180807,2.917167267072743,nan,0.8705025276580414,0.03617821131982049,0.0,0.0,0.0,0.0,0.0,0.0,0.0,0.0,0.0,0.0,0.0,0.0,0.0,0.0,0.0,0.0,0.0,0.0,0.0,0.0,0.0,0.07792207792207793,0.15584415584415587,0.727272727272725,2.766233766233767,10.051948051948054,10.844155844155848,4.207792207792209,0.8441558441558443,0.32467532467532473,0.8694608902565608,0.03632053529109545,0.0,0.0,0.0,0.0,0.0,0.0,0.0,0.0,0.0,0.0,0.0,0.0,0.0,0.0,0.0,0.0,0.0,0.0,0.0,0.0,0.013940520446096658,0.027881040892193315,0.20910780669144988,0.5994423791821543,3.1226765799256513,9.995353159851303,11.277881040892195,3.540892193308551,0.8364312267657995,0.3763940520446098,0.3984,0.0087,0.0,0.0,0.0,0.0,0.0,0.0,0.0,0.0,0.0,0.0,0.0,17.441558441558417,12.558441558441562,0.0,0.0,0.0,0.0,0.0,0.0,0.0,0.0,0.0,0.0,0.0,0.0,0.0,0.0,0.0,0.0,0.0,0.3987,0.00895,0.0,0.0,0.0,0.0,0.0,0.0,0.0,0.0,0.0,0.0,0.013940520446096658,16.909851301115218,13.06226765799257,0.013940520446096658,0.0,0.0,0.0,0.0,0.0,0.0,0.0,0.0,0.0,0.0,0.0,0.0,0.0,0.0,0.0,0.0
19000,4774,2475,0.5184331797235023,1151,986,0.4476330121491412,1366,0.5722664432341852,0.38999999999999996,2.9812962157459766,3.040268793295047,6.505970149253732,2.1235973841232716,8378.380184331798,506.35554772642695,7853.0,8866.4,8866.4,0.0,7853.0,0.0,28.395266024298284,20.969660755129087,33.245039682539684,19.202553752908646,0.13573523250942607,0.0961457896941768,0.09488898198575618,0.08588186007540846,0.07498952660242983,0.07875994972769167,0.07100963552576456,0.06388772517804776,0.06032677000418936,0.04754922496857981,0.05236698785085882,0.041474654377880185,0.035609551738583996,0.022203602848764138,0.017595307917888565,0.013824884792626729,0.007750314201927106,0.8706519157381102,0.03483821329989714,0.0,0.0,0.0,0.0,0.0,0.0,0.0,0.0,0.0,0.0,0.0,0.0,0.0,0.0,0.0,0.0,0.0,0.0,0.0,0.00628403854210306,0.00628403854210306,0.018852115626309177,0.0942605781315459,0.5844155844155826,3.0037704231252627,10.010473397570173,11.229576874738168,3.9526602429828244,0.7917888563049855,0.30163385002094684,4.181026137463698,2.810885833054684,5.5,1.5,1.3154665431812917,4.182112767336358,2.8079401251085714,4.181643132220796,2.8129075078996832,0.9998877038612565,0.3984,0.0088,0.0,0.0,0.0,0.0,0.0,0.0,0.0,0.0,0.0,0.0,0.0,17.545035609551714,12.454964390448264,0.0,0.0,0.0,0.0,0.0,0.0,0.0,0.0,0.0,0.0,0.0,0.0,0.0,0.0,0.0,0.0,0.0,nan,nan,4.18187681393099,2.8104369377411706,nan,0.3984,0.04144,0.0,0.0,0.0,0.0,0.0,0.0,0.0,0.0,0.0,0.0,0.0,0.0,0.0,0.0,0.0,0.0,0.0,0.0,0.0,0.0,0.0,0.00012568077084206116,0.0,0.0,1.0473397570171764e-05,0.004440720569752828,0.0013824884792626728,0.0,0.0016966904063678257,0.0013929618768328447,0.0029430247172182655,0.002084206116464181,0.0055509007121910346,0.040762463343108506,0.07413070800167575,0.037683284457478004,0.052597402597402594,0.07019271051529116,0.068475073313783,0.07722036028487642,0.09739212400502723,0.10162337662337663,0.12154377880184332,0.05546711353162966,0.06839128613322162,0.03081273565144533,0.02850858818600754,0.02939882697947214,0.011185588604943444,0.0071742773355676585,0.0043045664013405946,0.0028068705488060327,0.0006912442396313364,0.0,0.0,0.0,0.0,0.0,1.0473397570171764e-05,0.0,0.0,0.0,0.0,0.0,0.0,0.0,0.0,0.0,0.0,0.0,0.0,0.0,0.0,0.0,0.0,0.0,0.0,0.0,0.0,0.0,0.0,0.0,0.0,0.0,0.0,0.0,0.0,0.0,0.0,0.0,0.0,0.0,0.0,0.0,0.0,0.0,0.0,0.0,0.0,0.0,0.0,nan,nan,4.18187681393099,2.8104369377411706,nan,0.8706336829397413,0.03435841186837859,0.0,0.0,0.0,0.0,0.0,0.0,0.0,0.0,0.0,0.0,0.0,0.0,0.0,0.0,0.0,0.0,0.0,0.0,0.0,0.0,0.0,0.03636363636363637,0.096969696969697,0.5939393939393921,2.824242424242425,10.169696969696973,11.430303030303033,3.8060606060606066,0.7272727272727274,0.31515151515151524,0.8706715443487943,0.03534745646223139,0.0,0.0,0.0,0.0,0.0,0.0,0.0,0.0,0.0,0.0,0.0,0.0,0.0,0.0,0.0,0.0,0.0,0.0,0.0,0.013049151805132669,0.013049151805132669,0.0,0.09134406263592869,0.5741626794258355,3.197042192257504,9.839060461070032,11.013484123531974,4.1104828186167905,0.8612440191387561,0.2870813397129187,0.3984,0.008865,0.0,0.0,0.0,0.0,0.0,0.0,0.0,0.0,0.0,0.0,0.0,17.490909090909064,12.509090909090911,0.0,0.0,0.0,0.0,0.0,0.0,0.0,0.0,0.0,0.0,0.0,0.0,0.0,0.0,0.0,0.0,0.0,0.3984,0.00873,0.0,0.0,0.0,0.0,0.0,0.0,0.0,0.0,0.0,0.0,0.0,17.603305785123943,12.396694214876037,0.0,0.0,0.0,0.0,0.0,0.0,0.0,0.0,0.0,0.0,0.0,0.0,0.0,0.0,0.0,0.0,0.0
19100,4624,2359,0.5101643598615917,1108,946,0.44420415224913495,1312,0.5674740484429066,0.422,2.9977924944812364,3.180166805465374,6.75314465408805,2.2480752461624873,8370.000562283738,506.59529055907996,7853.0,8866.4,8866.4,0.0,7853.0,0.0,27.613754325259517,20.9310955846948,32.63217796171754,19.2296341637804,0.1444636678200692,0.10553633217993079,0.08499134948096886,0.08801903114186851,0.0884515570934256,0.08023356401384082,0.06487889273356401,0.058823529411764705,0.051470588235294115,0.05363321799307959,0.04390138408304498,0.03957612456747405,0.03352076124567474,0.02616782006920415,0.017084775086505192,0.012975778546712802,0.0062716262975778545,0.8714013797678956,0.036300227060164794,0.0,0.0,0.0,0.0,0.0,0.0,0.0,0.0,0.0,0.0,0.0,0.0,0.0,0.0,0.0,0.0,0.0,0.0,0.0,0.0,0.0,0.012975778546712806,0.12975778546712805,0.6552768166089945,2.8741349480968865,9.57612456747405,11.340830449826992,4.0808823529411775,0.8499134948096888,0.4801038062283738,4.339533310787961,2.9408041246485364,2.3333333333333335,2.285218200133681,0.5376922277639236,4.266799733865602,2.8997457050871867,4.406164383561644,2.9812363575458734,1.032662571104499,0.3984,0.00876,0.0,0.0,0.0,0.0,0.0,0.0,0.0,0.0,0.0,0.0,0.0,17.381055363321774,12.618944636678204,0.0,0.0,0.0,0.0,0.0,0.0,0.0,0.0,0.0,0.0,0.0,0.0,0.0,0.0,0.0,0.0,0.0,nan,nan,4.335470806614917,2.9410074484928983,nan,0.3984,0.04135,0.0,0.0,0.0,0.0,0.0,0.0,0.0,0.0,0.0,0.0,0.0,0.0,0.0,0.0,0.0,0.0,0.0,2.162629757785467e-05,0.0,0.0,0.0,8.650519031141868e-05,0.0,0.0,0.0,0.004346885813148789,0.001286764705882353,1.0813148788927335e-05,0.0017841695501730104,0.001221885813148789,0.0035467128027681662,0.0027249134948096887,0.005060553633217993,0.03932742214532872,0.07515138408304499,0.0361159169550173,0.05219506920415225,0.07000432525951557,0.06769031141868512,0.07791955017301037,0.09801038062283737,0.1051038062283737,0.12218858131487889,0.055968858131487886,0.06778762975778546,0.029455017301038063,0.027076124567474047,0.0298659169550173,0.010358996539792388,0.0069096020761245675,0.004411764705882353,0.0037197231833910036,0.0006271626297577854,1.0813148788927335e-05,0.0,1.0813148788927335e-05,0.0,0.0,0.0,0.0,0.0,0.0,0.0,0.0,0.0,0.0,0.0,0.0,0.0,0.0,0.0,0.0,0.0,0.0,0.0,0.0,0.0,0.0,0.0,0.0,0.0,0.0,0.0,0.0,0.0,0.0,0.0,0.0,0.0,0.0,0.0,0.0,0.0,0.0,0.0,0.0,0.0,0.0,0.0,0.0,0.0,nan,nan,4.335470806614917,2.9410074484928983,nan,0.871613926834957,0.03583936585446847,0.0,0.0,0.0,0.0,0.0,0.0,0.0,0.0,0.0,0.0,0.0,0.0,0.0,0.0,0.0,0.0,0.0,0.0,0.0,0.0,0.0,0.012717253073336163,0.1017380245866893,0.6358626536668059,2.823230182280628,9.779567613395509,11.381941500635866,3.9550657058075465,0.8266214497668506,0.48325561678677414,0.8711800117629517,0.036772768855104596,0.0,0.0,0.0,0.0,0.0,0.0,0.0,0.0,0.0,0.0,0.0,0.0,0.0,0.0,0.0,0.0,0.0,0.0,0.0,0.0,0.0,0.013245033112582785,0.1589403973509934,0.6754966887417198,2.9271523178807954,9.364238410596029,11.298013245033117,4.211920529801326,0.8741721854304638,0.47682119205298024,0.3984,0.00866,0.0,0.0,0.0,0.0,0.0,0.0,0.0,0.0,0.0,0.0,0.0,17.27002967359048,12.729970326409498,0.0,0.0,0.0,0.0,0.0,0.0,0.0,0.0,0.0,0.0,0.0,0.0,0.0,0.0,0.0,0.0,0.0,0.3984,0.00886,0.0,0.0,0.0,0.0,0.0,0.0,0.0,0.0,0.0,0.0,0.0,17.49668874172183,12.50331125827815,0.0,0.0,0.0,0.0,0.0,0.0,0.0,0.0,0.0,0.0,0.0,0.0,0.0,0.0,0.0,0.0,0.0
19200,4482,2338,0.5216421240517626,1096,888,0.4426595269968764,1252,0.5586791610887997,0.426,3.0233208955223883,3.095708539205949,6.445161290322581,2.0826222164776014,8381.632128514057,506.2251196245033,7853.0,8866.4,8866.4,0.0,7853.0,0.0,28.94801427933958,21.185402049561887,33.561357702349866,19.453010136700602,0.13096831771530568,0.0928157072735386,0.09526996876394467,0.08366800535475234,0.07697456492637215,0.07608210620258812,0.06916555109326193,0.0678268630075859,0.05689424364123159,0.05109326193663543,0.047746541722445336,0.04663096831771531,0.03681392235609103,0.026550647032574745,0.020972780008924587,0.013386880856760375,0.0071396697902722,0.8721830937171929,0.033997836605882396,0.0,0.0,0.0,0.0,0.0,0.0,0.0,0.0,0.0,0.0,0.0,0.0,0.0,0.0,0.0,0.0,0.0,0.0,0.0,0.0,0.0,0.026773761713520756,0.09370816599732265,0.441767068273091,2.7710843373493983,9.605087014725571,11.626506024096388,4.2503346720214195,0.9303882195448463,0.2543507362784472,4.2211965811965815,2.8745797648706315,4.25,1.479019945774904,1.0068235198833724,4.172581767571329,2.86135187130389,4.268048128342246,2.880822713341634,1.0228794463688804,0.3987,0.008804,0.0,0.0,0.0,0.0,0.0,0.0,0.0,0.0,0.0,0.0,0.0,17.048192771084313,12.951807228915666,0.0,0.0,0.0,0.0,0.0,0.0,0.0,0.0,0.0,0.0,0.0,0.0,0.0,0.0,0.0,0.0,0.0,nan,nan,4.22127514490283,2.871696203148406,nan,0.3987,0.0411,0.0,0.0,0.0,0.0,0.0,0.0,0.0,0.0,0.0,0.0,0.0,0.0,0.0,0.0,0.0,0.0,0.0,0.0,0.0,0.0,0.0,0.0,2.2311468094600625e-05,0.0,1.1155734047300312e-05,0.003960285586791611,0.0016510486390004463,0.0,0.001249442213297635,0.0010821062025881303,0.003101294065149487,0.0028670236501561804,0.004495760821062026,0.03830879071842927,0.07677376171352075,0.03417001338688086,0.053413654618473895,0.0710508701472557,0.06896474788041053,0.07815707273538598,0.09434404283801874,0.10802097278000893,0.12241186970102633,0.05466309683177153,0.06916555109326193,0.030131637661758144,0.027242302543507364,0.027677376171352075,0.010943775100401607,0.007563587684069612,0.00466309683177153,0.0032351628737170906,0.0006581883087907185,0.0,0.0,0.0,0.0,0.0,0.0,0.0,0.0,0.0,0.0,0.0,0.0,0.0,0.0,0.0,0.0,0.0,0.0,0.0,0.0,0.0,0.0,0.0,0.0,0.0,0.0,0.0,0.0,0.0,0.0,0.0,0.0,0.0,0.0,0.0,0.0,0.0,0.0,0.0,0.0,0.0,0.0,0.0,0.0,0.0,0.0,0.0,0.0,nan,nan,4.22127514490283,2.871696203148406,nan,0.872232970133921,0.035001257573380906,0.0,0.0,0.0,0.0,0.0,0.0,0.0,0.0,0.0,0.0,0.0,0.0,0.0,0.0,0.0,0.0,0.0,0.0,0.0,0.0,0.0,0.05132591958939266,0.12831479897348164,0.4362703165098361,2.8614200171086406,9.354148845166812,11.61248930710009,4.298545765611634,0.949529512403764,0.3079555175363559,0.8721287042291751,0.03286863761185061,0.0,0.0,0.0,0.0,0.0,0.0,0.0,0.0,0.0,0.0,0.0,0.0,0.0,0.0,0.0,0.0,0.0,0.0,0.0,0.0,0.0,0.0,0.05597014925373136,0.4477611940298494,2.6725746268656723,9.878731343283583,11.641791044776122,4.197761194029852,0.9095149253731345,0.19589552238805977,0.3984,0.008934,0.0,0.0,0.0,0.0,0.0,0.0,0.0,0.0,0.0,0.0,0.0,17.19418306244651,12.805816937553468,0.0,0.0,0.0,0.0,0.0,0.0,0.0,0.0,0.0,0.0,0.0,0.0,0.0,0.0,0.0,0.0,0.0,0.3987,0.00866,0.0,0.0,0.0,0.0,0.0,0.0,0.0,0.0,0.0,0.0,0.0,16.88899253731341,13.11100746268657,0.0,0.0,0.0,0.0,0.0,0.0,0.0,0.0,0.0,0.0,0.0,0.0,0.0,0.0,0.0,0.0,0.0
19300,4542,2363,0.5202553940995156,1068,931,0.4401144870101277,1295,0.5702333773667988,0.40199999999999997,3.0642496558054155,3.1030196730623905,6.557098765432099,2.1871846671059045,8380.22681638045,506.2840505183658,7853.0,8866.4,8866.399999999998,1.8189894035458565e-12,7853.0,0.0,28.383971818582122,21.05371688155058,33.07700285195748,19.374708877540318,0.1312197269925143,0.10039630118890357,0.09929546455306032,0.08586525759577279,0.0717745486569793,0.07617789520035227,0.06781153676794363,0.06803170409511229,0.05922501100836636,0.0488771466314399,0.04777630999559666,0.04579480405107882,0.03720827829150154,0.02443857331571995,0.015852047556142668,0.011448701012769706,0.008806693086745927,0.8743896160368245,0.03417209552636269,0.0,0.0,0.0,0.0,0.0,0.0,0.0,0.0,0.0,0.0,0.0,0.0,0.0,0.0,0.0,0.0,0.0,0.0,0.0,0.0,0.0,0.013210039630118893,0.11889035667107004,0.48877146631439744,2.2721268163804496,8.976221928665787,12.140026420079263,4.788639365918098,0.9445178335535008,0.25759577278731843,4.376880984952121,2.863198561682245,3.2,3.059411708155671,0.7311142365994686,4.362569060773481,2.844818305266962,4.386900742741391,2.8824957622375575,1.0055773746223735,0.3987,0.00896,0.0,0.0,0.0,0.0,0.0,0.0,0.0,0.0,0.0,0.0,0.006605019815059446,16.704095112285312,13.289299867899606,0.0,0.0,0.0,0.0,0.0,0.0,0.0,0.0,0.0,0.0,0.0,0.0,0.0,0.0,0.0,0.0,0.0,nan,nan,4.374871969955616,2.863957072240845,nan,0.3987,0.04135,0.0,0.0,0.0,0.0,0.0,0.0,0.0,0.0,0.0,0.0,0.0,0.0,0.0,0.0,0.0,0.0,0.0,0.0,0.0,0.0,0.0,0.0,3.3025099075297225e-05,0.0,3.3025099075297225e-05,0.004898723029502422,0.0021686481726111845,0.0,0.0012439453985028622,0.001133861734918538,0.0034015852047556143,0.0030823425803610744,0.004997798326728313,0.037780713342140025,0.0719066490532805,0.03251871422280934,0.05246587406428886,0.07091589608102157,0.0702443857331572,0.07796125055041832,0.09525539409951563,0.10839938353148393,0.1261889035667107,0.05656098634962572,0.06813077939233818,0.026838397181858212,0.028500660501981506,0.026398062527520916,0.012802730074856892,0.007870981946279172,0.004029062087186262,0.0034125935711140465,0.0008256274768824307,0.0,0.0,0.0,0.0,0.0,0.0,0.0,0.0,0.0,0.0,0.0,0.0,0.0,0.0,0.0,0.0,0.0,0.0,0.0,0.0,0.0,0.0,0.0,0.0,0.0,0.0,0.0,0.0,0.0,0.0,0.0,0.0,0.0,0.0,0.0,0.0,0.0,0.0,0.0,0.0,0.0,0.0,0.0,0.0,0.0,0.0,0.0,0.0,nan,nan,4.374871969955616,2.863957072240845,nan,0.8749738883730016,0.034893381818913445,0.0,0.0,0.0,0.0,0.0,0.0,0.0,0.0,0.0,0.0,0.0,0.0,0.0,0.0,0.0,0.0,0.0,0.0,0.0,0.0,0.0,0.012695725772323321,0.1269572577232332,0.4951333051206079,2.1963605586119344,8.988573846804911,12.073635209479479,4.6974185357596285,1.066440964875159,0.3427845958527297,0.8737560063395384,0.03336072372377791,0.0,0.0,0.0,0.0,0.0,0.0,0.0,0.0,0.0,0.0,0.0,0.0,0.0,0.0,0.0,0.0,0.0,0.0,0.0,0.0,0.0,0.013767783386874717,0.11014226709499773,0.4818724185406135,2.3542909591555765,8.96282698485544,12.212023864157874,4.887563102340524,0.8122992198256083,0.1652134006424966,0.399,0.00903,0.0,0.0,0.0,0.0,0.0,0.0,0.0,0.0,0.0,0.0,0.012695725772323321,16.82183664832837,13.165467625899284,0.0,0.0,0.0,0.0,0.0,0.0,0.0,0.0,0.0,0.0,0.0,0.0,0.0,0.0,0.0,0.0,0.0,0.3987,0.008865,0.0,0.0,0.0,0.0,0.0,0.0,0.0,0.0,0.0,0.0,0.0,16.576411197797132,13.423588802202849,0.0,0.0,0.0,0.0,0.0,0.0,0.0,0.0,0.0,0.0,0.0,0.0,0.0,0.0,0.0,0.0,0.0
19400,4786,2408,0.5031341412452988,1107,1015,0.44337651483493523,1384,0.5783535311324697,0.39399999999999996,2.9310344827586206,3.0968858754898307,6.582689335394127,2.16167479026118,8362.876138737987,506.69004543479724,7853.0,8866.4,8866.399999999998,1.8189894035458565e-12,7853.0,0.0,27.683242791475134,20.891616295538448,32.84312248995984,19.09993371088226,0.14584203928123693,0.1007104053489344,0.09068115336397826,0.08650229837024655,0.08483075637275386,0.07187630589218554,0.0637275386544087,0.06581696615127455,0.05745925616381112,0.05307145842039281,0.04847471792728792,0.04074383618888425,0.031132469703301295,0.022983702465524447,0.01713330547430004,0.011700793982448809,0.007312996239030506,0.8742429129109939,0.03433342377702365,0.0,0.0,0.0,0.0,0.0,0.0,0.0,0.0,0.0,0.0,0.0,0.0,0.0,0.0,0.0,0.0,0.0,0.0,0.0,0.0,0.0,0.006268282490597577,0.06895110739657336,0.5453405766819874,2.4007521938988723,9.120351023819476,11.87839531968241,4.651065608023402,1.053071458420393,0.2758044295862934,4.2973856209150325,2.8402671261746733,4.333333333333333,1.247219128924647,1.0083650190114068,4.211664482306684,2.8326675566291546,4.3825634352635,2.843002424319709,1.0405775326298585,0.399,0.00881,0.0,0.0,0.0,0.0,0.0,0.0,0.0,0.0,0.0,0.0,0.018804847471792733,16.353949017969054,13.627246134559133,0.0,0.0,0.0,0.0,0.0,0.0,0.0,0.0,0.0,0.0,0.0,0.0,0.0,0.0,0.0,0.0,0.0,nan,nan,4.297420829252367,2.839144410014707,nan,0.399,0.04144,0.0,0.0,0.0,0.0,0.0,0.0,0.0,0.0,0.0,0.0,0.0,0.0,0.0,0.0,0.0,0.0,0.0,0.0,0.0,0.0,0.0,0.0,0.0,1.0447137484329294e-05,7.312996239030506e-05,0.005359381529460928,0.0016088591725867112,3.1341412452987885e-05,0.0013267864605098203,0.0012014208106978688,0.003771416631842875,0.002841621395737568,0.005119097367321354,0.037369410781445886,0.07035102381947346,0.033974091099038865,0.050856665273715004,0.07331801086502299,0.0681884663602173,0.07894901796907647,0.09348098620977852,0.1088800668616799,0.12580442958629334,0.055505641454241535,0.06706017551190974,0.028416213957375678,0.03016088591725867,0.028416213957375678,0.012327622231508567,0.007511491851232763,0.00458629335562056,0.0027580442958629334,0.0007417467613873798,0.0,0.0,0.0,0.0,0.0,0.0,0.0,0.0,0.0,0.0,0.0,0.0,0.0,0.0,0.0,0.0,0.0,0.0,0.0,0.0,0.0,0.0,0.0,0.0,0.0,0.0,0.0,0.0,0.0,0.0,0.0,0.0,0.0,0.0,0.0,0.0,0.0,0.0,0.0,0.0,0.0,0.0,0.0,0.0,0.0,0.0,0.0,0.0,nan,nan,4.297420829252367,2.839144410014707,nan,0.8740808032329296,0.03501151788394146,0.0,0.0,0.0,0.0,0.0,0.0,0.0,0.0,0.0,0.0,0.0,0.0,0.0,0.0,0.0,0.0,0.0,0.0,0.0,0.0,0.0,0.012458471760797346,0.07475083056478407,0.6727574750830544,2.4044850498338874,9.057308970099669,11.947674418604654,4.372923588039868,1.1088039867109636,0.3488372093023257,0.8744070677069479,0.03363205043268151,0.0,0.0,0.0,0.0,0.0,0.0,0.0,0.0,0.0,0.0,0.0,0.0,0.0,0.0,0.0,0.0,0.0,0.0,0.0,0.0,0.0,0.0,0.06307821698906646,0.41631623212783725,2.396972245584525,9.184188393608075,11.808242220353241,4.932716568544997,0.99663582842725,0.20185029436501267,0.399,0.00879,0.0,0.0,0.0,0.0,0.0,0.0,0.0,0.0,0.0,0.0,0.02491694352159469,16.43272425249167,13.542358803986714,0.0,0.0,0.0,0.0,0.0,0.0,0.0,0.0,0.0,0.0,0.0,0.0,0.0,0.0,0.0,0.0,0.0,0.399,0.00884,0.0,0.0,0.0,0.0,0.0,0.0,0.0,0.0,0.0,0.0,0.012615643397813292,16.274179983179117,13.713204373423048,0.0,0.0,0.0,0.0,0.0,0.0,0.0,0.0,0.0,0.0,0.0,0.0,0.0,0.0,0.0,0.0,0.0
19500,4605,2390,0.5190010857763301,1154,888,0.44343105320304016,1261,0.5476655808903366,0.40199999999999997,2.8984198645598194,3.007000445501168,6.277429467084639,2.1016096921923073,8378.955700325732,506.33398859346335,7853.0,8866.4,8866.399999999998,1.8189894035458565e-12,7853.0,0.0,28.179804560260585,20.848614791491983,32.9732853840226,19.105001555311258,0.13659066232356135,0.09750271444082519,0.09337676438653637,0.08338762214983714,0.08382193268186754,0.0753528773072747,0.06948968512486428,0.06862106406080347,0.053420195439739415,0.051248642779587406,0.048859934853420196,0.04125950054288816,0.03735070575461455,0.02280130293159609,0.02193268186753529,0.008469055374592834,0.006514657980456026,0.8732740622131108,0.03545827395408589,0.0,0.0,0.0,0.0,0.0,0.0,0.0,0.0,0.0,0.0,0.0,0.0,0.0,0.0,0.0,0.0,0.0,0.0,0.0,0.0,0.0,0.006514657980456027,0.07817589576547232,0.6840390879478806,2.6188925081433228,9.218241042345278,11.491856677524433,4.442996742671011,1.153094462540717,0.30618892508143325,4.138312123241795,2.843181824030023,3.6666666666666665,0.4714045207910317,0.8860295109384693,4.089403973509934,2.8399853632185272,4.18403247631935,2.8410702359408164,1.0231399253833553,0.399,0.00871,0.0,0.0,0.0,0.0,0.0,0.0,0.0,0.0,0.0,0.0,0.0,16.31921824104232,13.680781758957657,0.0,0.0,0.0,0.0,0.0,0.0,0.0,0.0,0.0,0.0,0.0,0.0,0.0,0.0,0.0,0.0,0.0,nan,nan,4.137838742054199,2.8418331295822643,nan,0.399,0.0408,0.0,0.0,0.0,0.0,0.0,0.0,0.0,0.0,0.0,0.0,0.0,0.0,0.0,0.0,0.0,0.0,0.0,0.0,0.0,0.0,0.0,0.0,0.0,0.0,0.0,0.00490770901194354,0.0014657980456026058,3.257328990228013e-05,0.0010966340933767644,0.0013029315960912053,0.002736156351791531,0.002985884907709012,0.005092290988056461,0.0352442996742671,0.06926167209554832,0.034364820846905536,0.05099891422366992,0.07445168295331162,0.07142236699239957,0.08127035830618892,0.09036916395222584,0.1092942453854506,0.12906623235613462,0.05631921824104234,0.06555917480998914,0.02738327904451683,0.031986970684039086,0.02737242128121607,0.01257328990228013,0.006720955483170467,0.003995656894679696,0.002225841476655809,0.0004777415852334419,2.171552660152009e-05,0.0,0.0,0.0,0.0,0.0,0.0,0.0,0.0,0.0,0.0,0.0,0.0,0.0,0.0,0.0,0.0,0.0,0.0,0.0,0.0,0.0,0.0,0.0,0.0,0.0,0.0,0.0,0.0,0.0,0.0,0.0,0.0,0.0,0.0,0.0,0.0,0.0,0.0,0.0,0.0,0.0,0.0,0.0,0.0,0.0,0.0,0.0,nan,nan,4.137838742054199,2.8418331295822643,nan,0.8736151339369339,0.03591311921142926,0.0,0.0,0.0,0.0,0.0,0.0,0.0,0.0,0.0,0.0,0.0,0.0,0.0,0.0,0.0,0.0,0.0,0.0,0.0,0.0,0.0,0.0,0.06276150627615064,0.6778242677824247,2.6108786610878667,9.288702928870295,11.472803347280339,4.1924686192468625,1.3054393305439334,0.38912133891213396,0.8729060435133648,0.03495712375898599,0.0,0.0,0.0,0.0,0.0,0.0,0.0,0.0,0.0,0.0,0.0,0.0,0.0,0.0,0.0,0.0,0.0,0.0,0.0,0.0,0.0,0.013544018058690748,0.09480812641083523,0.6907449209932258,2.627539503386005,9.142212189616254,11.512415349887137,4.71331828442438,0.9887133182844245,0.21670428893905197,0.3992,0.00865,0.0,0.0,0.0,0.0,0.0,0.0,0.0,0.0,0.0,0.0,0.0,16.117154811715455,13.882845188284522,0.0,0.0,0.0,0.0,0.0,0.0,0.0,0.0,0.0,0.0,0.0,0.0,0.0,0.0,0.0,0.0,0.0,0.399,0.00877,0.0,0.0,0.0,0.0,0.0,0.0,0.0,0.0,0.0,0.0,0.0,16.537246049661377,13.462753950338604,0.0,0.0,0.0,0.0,0.0,0.0,0.0,0.0,0.0,0.0,0.0,0.0,0.0,0.0,0.0,0.0,0.0
19600,4385,2275,0.5188141391106044,1027,900,0.4394526795895097,1221,0.5568985176738882,0.422,2.960663507109005,3.0757987496557555,6.65438596491228,2.0065305813363783,8378.766248574686,506.3411578820036,7853.0,8866.4,8866.399999999998,1.8189894035458565e-12,7853.0,0.0,27.709464082098062,21.19431657881444,32.90348231423088,19.472295293757647,0.14846066134549601,0.10216647662485746,0.08848346636259977,0.09304446978335233,0.07936145952109463,0.07411630558722919,0.06545039908779932,0.05974914481185861,0.053591790193842644,0.052679589509692135,0.04492588369441277,0.04104903078677309,0.028278221208665907,0.028734321550741165,0.0209806157354618,0.009578107183580388,0.009350057012542759,0.8742985882400243,0.034860363886141214,0.0,0.0,0.0,0.0,0.0,0.0,0.0,0.0,0.0,0.0,0.0,0.0,0.0,0.0,0.0,0.0,0.0,0.0,0.0,0.0,0.0,0.0273660205245154,0.12998859749144814,0.4104903078677296,2.469783352337515,9.071835803876855,11.911060433295328,4.604332953249716,1.005701254275941,0.3694412770809579,4.295764536970567,2.848299578468964,4.0,3.082207001484488,0.931149732620321,4.288062902072909,2.8204439309178757,4.302659956865564,2.876761818583944,1.0034041139614809,0.3984,0.00859,0.0,0.0,0.0,0.0,0.0,0.0,0.0,0.0,0.0,0.0,0.0,16.953249714937265,13.046750285062718,0.0,0.0,0.0,0.0,0.0,0.0,0.0,0.0,0.0,0.0,0.0,0.0,0.0,0.0,0.0,0.0,0.0,nan,nan,4.295340501792115,2.8486706593840556,nan,0.3984,0.04138,0.0,0.0,0.0,0.0,0.0,0.0,0.0,0.0,0.0,0.0,0.0,0.0,0.0,0.0,0.0,0.0,0.0,0.0,0.0,0.0,0.0,0.0,0.0,0.0,0.0,0.004937286202964652,0.002360319270239453,2.280501710376283e-05,0.0010262257696693272,0.0012998859749144811,0.0030786773090079817,0.0030330672748004562,0.0055986316989737744,0.03858608893956671,0.07117445838084378,0.034503990877993156,0.050535917901938426,0.0769327251995439,0.07071835803876853,0.07669327251995439,0.0896921322690992,0.10866590649942988,0.12586088939566706,0.0559521094640821,0.06664766248574687,0.026499429874572406,0.0327594070695553,0.027058152793614596,0.01225769669327252,0.007913340935005701,0.0034207525655644243,0.001961231470923603,0.0007981755986316989,1.1402508551881415e-05,0.0,0.0,0.0,0.0,0.0,0.0,0.0,0.0,0.0,0.0,0.0,0.0,0.0,0.0,0.0,0.0,0.0,0.0,0.0,0.0,0.0,0.0,0.0,0.0,0.0,0.0,0.0,0.0,0.0,0.0,0.0,0.0,0.0,0.0,0.0,0.0,0.0,0.0,0.0,0.0,0.0,0.0,0.0,0.0,0.0,0.0,0.0,nan,nan,4.295340501792115,2.8486706593840556,nan,0.8742438082380609,0.03532357994482483,0.0,0.0,0.0,0.0,0.0,0.0,0.0,0.0,0.0,0.0,0.0,0.0,0.0,0.0,0.0,0.0,0.0,0.0,0.0,0.0,0.0,0.01318681318681319,0.14505494505494507,0.4615384615384601,2.5582417582417585,8.901098901098903,12.02637362637363,4.470329670329671,1.041758241758242,0.3824175824175825,0.8743576519862171,0.034353830054498116,0.0,0.0,0.0,0.0,0.0,0.0,0.0,0.0,0.0,0.0,0.0,0.0,0.0,0.0,0.0,0.0,0.0,0.0,0.0,0.0,0.0,0.04265402843601897,0.11374407582938391,0.35545023696682354,2.3744075829383893,9.255924170616115,11.786729857819909,4.7488151658767785,0.9668246445497632,0.3554502369668247,0.3987,0.008675,0.0,0.0,0.0,0.0,0.0,0.0,0.0,0.0,0.0,0.0,0.0,16.81318681318679,13.18681318681319,0.0,0.0,0.0,0.0,0.0,0.0,0.0,0.0,0.0,0.0,0.0,0.0,0.0,0.0,0.0,0.0,0.0,0.3984,0.0085,0.0,0.0,0.0,0.0,0.0,0.0,0.0,0.0,0.0,0.0,0.0,17.104265402843577,12.895734597156402,0.0,0.0,0.0,0.0,0.0,0.0,0.0,0.0,0.0,0.0,0.0,0.0,0.0,0.0,0.0,0.0,0.0
19700,4587,2426,0.5288859821233922,1140,919,0.44887726182690213,1271,0.5541748419446261,0.40199999999999997,2.963442850532161,3.0602549839769986,6.487220447284345,2.065384013670813,8388.973054283846,505.85371234468056,7853.0,8866.4,8866.4,0.0,7853.0,0.0,28.19882275997384,21.038125376245166,33.18453153386971,19.26105574424536,0.14105079572705473,0.09417920209287116,0.09417920209287116,0.08916503161107478,0.07804665358622193,0.07434052757793765,0.06801831262262917,0.06278613472858077,0.058862001308044476,0.05341181600174406,0.051013734466971876,0.03793328973185088,0.0329191192500545,0.026378896882494004,0.018094615216917374,0.010464355788096796,0.009156311314584695,0.8742689100880495,0.036138155396400556,0.0,0.0,0.0,0.0,0.0,0.0,0.0,0.0,0.0,0.0,0.0,0.0,0.0,0.0,0.0,0.0,0.0,0.0,0.0,0.0,0.006540222367560499,0.026160889470241994,0.17004578155657296,0.536298234139959,2.589928057553957,8.65271419228254,11.850882930019624,4.6762589928057565,1.1706998037933292,0.3204708960104644,4.188215488215488,2.897333474069241,4.5,1.9790570145063195,1.074443283222124,4.160834454912517,2.8705307078309072,4.216924110141035,2.9215088413851786,1.0134803861668409,0.3984,0.008736,0.0,0.0,0.0,0.0,0.0,0.0,0.0,0.0,0.0,0.0,0.0,17.266187050359687,12.73381294964029,0.0,0.0,0.0,0.0,0.0,0.0,0.0,0.0,0.0,0.0,0.0,0.0,0.0,0.0,0.0,0.0,0.0,nan,nan,4.188844086021505,2.8958088470955117,nan,0.3984,0.04132,0.0,0.0,0.0,0.0,0.0,0.0,0.0,0.0,0.0,0.0,0.0,0.0,0.0,0.0,0.0,0.0,0.0,0.0,0.0,0.0,0.0,0.0,0.0,2.1800741225201658e-05,0.0,0.004392849356878134,0.0020492696751689557,0.0,0.0007739263134946588,0.0016677567037279267,0.003052103771528232,0.0032810115543928492,0.004676258992805755,0.040865489426640506,0.07299978199258775,0.03574231523871812,0.0473730106823632,0.08081534772182254,0.06897754523653804,0.07343579681709178,0.09029867015478527,0.10771746239372139,0.12406801831262262,0.05502507085240898,0.07039459341617615,0.02686941356006104,0.0316655766296054,0.028428166557662962,0.012851536952256376,0.006910834968388925,0.0031284063658164377,0.0018748637453673426,0.0006322214955308481,0.0,1.0900370612600829e-05,0.0,0.0,0.0,0.0,0.0,0.0,0.0,0.0,0.0,0.0,0.0,0.0,0.0,0.0,0.0,0.0,0.0,0.0,0.0,0.0,0.0,0.0,0.0,0.0,0.0,0.0,0.0,0.0,0.0,0.0,0.0,0.0,0.0,0.0,0.0,0.0,0.0,0.0,0.0,0.0,0.0,0.0,0.0,0.0,0.0,0.0,nan,nan,4.188844086021505,2.8958088470955117,nan,0.873884521529189,0.03597339851121905,0.0,0.0,0.0,0.0,0.0,0.0,0.0,0.0,0.0,0.0,0.0,0.0,0.0,0.0,0.0,0.0,0.0,0.0,0.0,0.0,0.012366034624896953,0.024732069249793907,0.13602638087386648,0.5441055234954641,2.831821929101402,8.594394064303382,11.599340478153342,4.921681780708987,1.0882110469909319,0.24732069249793903,0.8747004356057707,0.036317378698936954,0.0,0.0,0.0,0.0,0.0,0.0,0.0,0.0,0.0,0.0,0.0,0.0,0.0,0.0,0.0,0.0,0.0,0.0,0.0,0.0,0.0,0.02776492364645998,0.20823692734844984,0.5275335492827378,2.318371124479408,8.718186024988434,12.13327163350301,4.400740397963906,1.263304025913929,0.4025913928736697,0.3984,0.00876,0.0,0.0,0.0,0.0,0.0,0.0,0.0,0.0,0.0,0.0,0.0,17.21352019785653,12.786479802143448,0.0,0.0,0.0,0.0,0.0,0.0,0.0,0.0,0.0,0.0,0.0,0.0,0.0,0.0,0.0,0.0,0.0,0.3984,0.00872,0.0,0.0,0.0,0.0,0.0,0.0,0.0,0.0,0.0,0.0,0.0,17.325312355391,12.67468764460898,0.0,0.0,0.0,0.0,0.0,0.0,0.0,0.0,0.0,0.0,0.0,0.0,0.0,0.0,0.0,0.0,0.0
19800,4670,2413,0.5167023554603855,1124,942,0.4423982869379015,1301,0.5571734475374732,0.40199999999999997,2.933540097474524,3.0897110124223732,6.492845786963434,2.195246275460371,8376.626167023554,506.4172142313989,7853.0,8866.4,8866.399999999998,1.8189894035458565e-12,7853.0,0.0,28.0203426124197,20.880433898675662,32.943949044585985,19.13626409499323,0.1398286937901499,0.09978586723768737,0.09764453961456103,0.0815845824411135,0.08244111349036402,0.06766595289079229,0.06659528907922913,0.06531049250535331,0.06274089935760171,0.05139186295503212,0.04796573875802998,0.040042826552462524,0.03790149892933619,0.025910064239828695,0.01734475374732334,0.008565310492505354,0.007280513918629551,0.875213095284121,0.0346828978872927,0.0,0.0,0.0,0.0,0.0,0.0,0.0,0.0,0.0,0.0,0.0,0.0,0.0,0.0,0.0,0.0,0.0,0.0,0.0,0.0,0.0,0.012847965738758033,0.10278372591006427,0.6102783725910046,2.1777301927194865,8.608137044967881,12.417558886509639,4.728051391862956,1.0599571734475377,0.2826552462526767,4.271271271271272,2.8939927458153125,4.625,3.0388114452858046,1.0828157956409654,4.274172185430464,2.8603816624919807,4.270234113712375,2.9284471918107413,0.9990786352193501,0.3977,0.00867,0.0,0.0,0.0,0.0,0.0,0.0,0.0,0.0,0.0,0.0,0.006423982869379017,18.03854389721625,11.95503211991435,0.0,0.0,0.0,0.0,0.0,0.0,0.0,0.0,0.0,0.0,0.0,0.0,0.0,0.0,0.0,0.0,0.0,nan,nan,4.272212978369384,2.894445296070511,nan,0.3977,0.04166,0.0,0.0,0.0,0.0,0.0,0.0,0.0,0.0,0.0,0.0,0.0,0.0,0.0,0.0,0.0,0.0,0.0,0.0,0.0,0.0,0.0,0.0,0.0,6.423982869379015e-05,0.0,0.004486081370449679,0.0023019271948608137,0.0,0.0008458244111349037,0.0016595289079229122,0.003233404710920771,0.00367237687366167,0.004400428265524625,0.041102783725910065,0.07581370449678801,0.03902569593147752,0.04791220556745182,0.08218415417558886,0.06919700214132762,0.07170235546038543,0.09038543897216274,0.10223768736616702,0.1238865096359743,0.05183083511777302,0.07367237687366167,0.024828693790149892,0.03247323340471092,0.027430406852248394,0.014336188436830835,0.005931477516059957,0.0021841541755888653,0.0023661670235546038,0.000835117773019272,0.0,0.0,0.0,0.0,0.0,0.0,0.0,0.0,0.0,0.0,0.0,0.0,0.0,0.0,0.0,0.0,0.0,0.0,0.0,0.0,0.0,0.0,0.0,0.0,0.0,0.0,0.0,0.0,0.0,0.0,0.0,0.0,0.0,0.0,0.0,0.0,0.0,0.0,0.0,0.0,0.0,0.0,0.0,0.0,0.0,0.0,0.0,0.0,nan,nan,4.272212978369384,2.894445296070511,nan,0.8756981788954199,0.0349408508941383,0.0,0.0,0.0,0.0,0.0,0.0,0.0,0.0,0.0,0.0,0.0,0.0,0.0,0.0,0.0,0.0,0.0,0.0,0.0,0.0,0.0,0.024865312888520518,0.08702859510982182,0.6837961044343119,1.9519270617488607,8.752590136759222,12.44508910070452,4.5254869457107345,1.205967675093245,0.32324906755076677,0.8746944835189173,0.03439741097033277,0.0,0.0,0.0,0.0,0.0,0.0,0.0,0.0,0.0,0.0,0.0,0.0,0.0,0.0,0.0,0.0,0.0,0.0,0.0,0.0,0.0,0.0,0.11962782454585735,0.5316792202038088,2.4191404519273374,8.453699601240587,12.388125830748784,4.944616747895437,0.9038546743464778,0.2392556490917147,0.3977,0.00859,0.0,0.0,0.0,0.0,0.0,0.0,0.0,0.0,0.0,0.0,0.012432656444260259,18.325735598839593,11.661831744716125,0.0,0.0,0.0,0.0,0.0,0.0,0.0,0.0,0.0,0.0,0.0,0.0,0.0,0.0,0.0,0.0,0.0,0.398,0.00875,0.0,0.0,0.0,0.0,0.0,0.0,0.0,0.0,0.0,0.0,0.0,17.73150199379705,12.268498006202927,0.0,0.0,0.0,0.0,0.0,0.0,0.0,0.0,0.0,0.0,0.0,0.0,0.0,0.0,0.0,0.0,0.0
19900,4606,2370,0.5145462440295268,1114,927,0.44311767260095525,1292,0.5610073816760747,0.39799999999999996,2.946779964221825,3.040180151878773,6.4169230769230765,2.119511498926779,8374.441163699523,506.4855260447071,7853.0,8866.4,8866.399999999998,1.8189894035458565e-12,7853.0,0.0,28.690838037342598,21.192876803723408,33.545920985120574,19.411084994477193,0.1337386018237082,0.09313938341293965,0.09400781589231437,0.09096830221450282,0.0755536257056014,0.07468519322622666,0.06838905775075987,0.06361267911419888,0.059053408597481545,0.05145462440295267,0.049717759444203216,0.04320451584889275,0.034954407294832825,0.026052974381241857,0.019539730785931395,0.012809379070777248,0.00911854103343465,0.8763283538238618,0.03486802929775325,0.0,0.0,0.0,0.0,0.0,0.0,0.0,0.0,0.0,0.0,0.0,0.0,0.0,0.0,0.0,0.0,0.0,0.0,0.0,0.0,0.0,0.013026487190620932,0.12375162831089885,0.45592705167173114,2.305688232739905,8.063395570994357,12.401215805471129,5.060790273556232,1.217976552323057,0.35822839774207565,4.149283572142619,2.79149473202925,6.666666666666667,1.247219128924647,1.6067030731341687,4.126880313930673,2.76687228167209,4.177627118644068,2.8165926878826606,1.0122966504606625,0.3984,0.008545,0.0,0.0,0.0,0.0,0.0,0.0,0.0,0.0,0.0,0.0,0.0,17.33174120712112,12.668258792878857,0.0,0.0,0.0,0.0,0.0,0.0,0.0,0.0,0.0,0.0,0.0,0.0,0.0,0.0,0.0,0.0,0.0,nan,nan,4.151797603195739,2.7915115467001805,nan,0.3984,0.04178,0.0,0.0,0.0,0.0,0.0,0.0,0.0,0.0,0.0,0.0,0.0,0.0,0.0,0.0,0.0,0.0,0.0,0.0,0.0,0.0,0.0,0.0,0.0,0.0,3.256621797655232e-05,0.0036691272253582285,0.0026161528441163697,1.0855405992184108e-05,0.0010312635692574902,0.001422058184976118,0.003603994789405124,0.0033217542336083368,0.005091185410334346,0.038862353452019105,0.07734476769431177,0.03675640468953539,0.04760095527572731,0.08201259227095094,0.07019105514546244,0.0738384715588363,0.08689752496743378,0.10008684324793747,0.12230785931393834,0.052105948762483714,0.07511940946591403,0.02787668258792879,0.03444420321320017,0.02627008250108554,0.014730785931393833,0.006914893617021276,0.002149370386452453,0.0029852366478506295,0.000705601389491967,0.0,0.0,0.0,0.0,0.0,0.0,0.0,0.0,0.0,0.0,0.0,0.0,0.0,0.0,0.0,0.0,0.0,0.0,0.0,0.0,0.0,0.0,0.0,0.0,0.0,0.0,0.0,0.0,0.0,0.0,0.0,0.0,0.0,0.0,0.0,0.0,0.0,0.0,0.0,0.0,0.0,0.0,0.0,0.0,0.0,0.0,0.0,0.0,nan,nan,4.151797603195739,2.7915115467001805,nan,0.8766251848216802,0.03420631507515604,0.0,0.0,0.0,0.0,0.0,0.0,0.0,0.0,0.0,0.0,0.0,0.0,0.0,0.0,0.0,0.0,0.0,0.0,0.0,0.0,0.0,0.012658227848101269,0.10126582278481015,0.4050632911392393,2.227848101265823,7.9873417721519,13.037974683544308,4.59493670886076,1.278481012658228,0.35443037974683556,0.8760137342063173,0.03555325226675417,0.0,0.0,0.0,0.0,0.0,0.0,0.0,0.0,0.0,0.0,0.0,0.0,0.0,0.0,0.0,0.0,0.0,0.0,0.0,0.0,0.0,0.01341681574239714,0.14758497316636854,0.5098389982110896,2.3881932021466907,8.144007155635064,11.726296958855102,5.554561717352416,1.153846153846154,0.3622540250447228,0.3984,0.008606,0.0,0.0,0.0,0.0,0.0,0.0,0.0,0.0,0.0,0.0,0.0,17.253164556962002,12.746835443037977,0.0,0.0,0.0,0.0,0.0,0.0,0.0,0.0,0.0,0.0,0.0,0.0,0.0,0.0,0.0,0.0,0.0,0.3984,0.008484,0.0,0.0,0.0,0.0,0.0,0.0,0.0,0.0,0.0,0.0,0.0,17.415026833631458,12.584973166368519,0.0,0.0,0.0,0.0,0.0,0.0,0.0,0.0,0.0,0.0,0.0,0.0,0.0,0.0,0.0,0.0,0.0
20000,4705,2477,0.526461211477152,1115,952,0.4393198724760893,1309,0.5564293304994686,0.40199999999999997,3.004039497307002,3.0326591276364003,6.426791277258567,2.1191381271445437,8386.515791710946,505.9899241239048,7853.0,8866.4,8866.4,0.0,7853.0,0.0,27.94112646121148,20.87157579839459,32.84732052578362,19.138641777814005,0.13751328374070138,0.10605738575982997,0.09670563230605739,0.0767268862911796,0.07502656748140277,0.0820403825717322,0.06928799149840595,0.06524973432518598,0.056535600425079706,0.05377258235919235,0.04442082890541977,0.044208289054197665,0.03273113708820404,0.02507970244420829,0.018065887353878853,0.009564293304994687,0.007013815090329437,0.8758117919520542,0.03499286756657895,0.0,0.0,0.0,0.0,0.0,0.0,0.0,0.0,0.0,0.0,0.0,0.0,0.0,0.0,0.0,0.0,0.0,0.0,0.0,0.006376195536663126,0.019128586609989374,0.03188097768331563,0.0765143464399575,0.37619553666312316,2.257173219978746,8.626992561105208,12.408076514346442,4.654622741764082,1.1859723698193414,0.35706695005313505,4.277369826435247,2.800945486599595,3.0833333333333335,2.5644470922381863,0.7208479646247887,4.241978609625669,2.768279517348902,4.299801455989411,2.8311388896694574,1.0136311027671223,0.399,0.00879,0.0,0.0,0.0,0.0,0.0,0.0,0.0,0.0,0.0,0.0,0.012752391073326251,16.68012752391071,13.307120085015944,0.0,0.0,0.0,0.0,0.0,0.0,0.0,0.0,0.0,0.0,0.0,0.0,0.0,0.0,0.0,0.0,0.0,nan,nan,4.272606382978723,2.8010531101563756,nan,0.399,0.042,0.0,0.0,0.0,0.0,0.0,0.0,0.0,0.0,0.0,0.0,0.0,0.0,0.0,0.0,0.0,0.0,0.0,0.0,0.0,0.0,0.0,0.0,0.0,1.0626992561105207e-05,0.00019128586609989373,0.003421891604675877,0.0031987247608926675,2.1253985122210414e-05,0.0016153028692879915,0.0011689691817215729,0.0034537725823591925,0.003623804463336876,0.005334750265674814,0.03833156216790648,0.07167906482465462,0.036482465462274176,0.05011689691817216,0.08311370882040382,0.07006376195536664,0.07348565356004251,0.08607863974495218,0.09859723698193411,0.12113708820403826,0.05119022316684378,0.07578108395324124,0.030765143464399576,0.0365249734325186,0.027906482465462273,0.014229543039319873,0.0066524973432518595,0.0017747077577045696,0.003124335812964931,0.0007970244420828905,0.00012752391073326248,0.0,0.0,0.0,0.0,0.0,0.0,0.0,0.0,0.0,0.0,0.0,0.0,0.0,0.0,0.0,0.0,0.0,0.0,0.0,0.0,0.0,0.0,0.0,0.0,0.0,0.0,0.0,0.0,0.0,0.0,0.0,0.0,0.0,0.0,0.0,0.0,0.0,0.0,0.0,0.0,0.0,0.0,0.0,0.0,0.0,0.0,0.0,nan,nan,4.272606382978723,2.8010531101563756,nan,0.8758459038728661,0.035206037663272155,0.0,0.0,0.0,0.0,0.0,0.0,0.0,0.0,0.0,0.0,0.0,0.0,0.0,0.0,0.0,0.0,0.0,0.0,0.0,0.0,0.024222850222042798,0.036334275333064193,0.07266855066612839,0.39967702866370486,2.2042793702058945,8.720226079935408,12.426322163907956,4.493338716188939,1.2232539362131614,0.3996770286637062,0.8757738677025697,0.034754299572846446,0.0,0.0,0.0,0.0,0.0,0.0,0.0,0.0,0.0,0.0,0.0,0.0,0.0,0.0,0.0,0.0,0.0,0.0,0.0,0.01346499102333932,0.01346499102333932,0.02692998204667864,0.08078994614003591,0.3500897666068212,2.315978456014363,8.52333931777379,12.387791741472176,4.833931777378816,1.1445242369838422,0.30969479353680435,0.399,0.008705,0.0,0.0,0.0,0.0,0.0,0.0,0.0,0.0,0.0,0.0,0.0,16.713766653209504,13.286233346790475,0.0,0.0,0.0,0.0,0.0,0.0,0.0,0.0,0.0,0.0,0.0,0.0,0.0,0.0,0.0,0.0,0.0,0.399,0.00889,0.0,0.0,0.0,0.0,0.0,0.0,0.0,0.0,0.0,0.0,0.02692998204667864,16.642728904847374,13.330341113105927,0.0,0.0,0.0,0.0,0.0,0.0,0.0,0.0,0.0,0.0,0.0,0.0,0.0,0.0,0.0,0.0,0.0
20100,4811,2503,0.5202660569528165,1165,959,0.44148825607981707,1338,0.5562253169819165,0.41,2.9787694974003465,3.1324017856699915,6.603076923076923,2.207537384003983,8380.237622115983,506.2836122943551,7853.0,8866.4,8866.4,0.0,7853.0,0.0,27.744959467886094,20.815928064994978,32.75571002979146,19.043289540717684,0.14155061317813344,0.10579921014342132,0.08917065059239243,0.08896279359800457,0.07358137601330285,0.08189565578881729,0.06672209519850343,0.058823529411764705,0.05819995842860112,0.05570567449594679,0.04697568073165662,0.04115568488879651,0.03388069008522137,0.022864269382664726,0.020369985450010394,0.008106422781126586,0.006235709831635835,0.8746623949309789,0.03556758548679849,0.0,0.0,0.0,0.0,0.0,0.0,0.0,0.0,0.0,0.0,0.0,0.0,0.0,0.0,0.0,0.0,0.0,0.0,0.0,0.0,0.0062357098316358365,0.024942839326543346,0.09353564747453755,0.5799210143421308,2.431926834337976,8.966950737892331,11.517356059031389,4.92621076699231,1.1224277696944505,0.3304926210766993,4.26749105109014,2.9183554759527497,3.8,2.4819347291981715,0.890452951044685,4.258831085420681,2.898484873465015,4.274819197896121,2.9373387544010185,1.0037541081472265,0.3987,0.009094,0.0,0.0,0.0,0.0,0.0,0.0,0.0,0.0,0.0,0.0,0.031178549158179178,16.68675950945747,13.282061941384331,0.0,0.0,0.0,0.0,0.0,0.0,0.0,0.0,0.0,0.0,0.0,0.0,0.0,0.0,0.0,0.0,0.0,nan,nan,4.266731643924627,2.9177602138415857,nan,0.3987,0.042,0.0,0.0,0.0,0.0,0.0,0.0,0.0,0.0,0.0,0.0,0.0,0.0,0.0,0.0,0.0,0.0,0.0,0.0,0.0,0.0,0.0,0.0,1.0392849719393058e-05,0.0,8.314279775514447e-05,0.0038557472458948245,0.0028060694242361254,0.0,0.0017044273539804614,0.0009353564747453752,0.0033880690085221366,0.003232176262731241,0.005955102889212222,0.03723758054458533,0.07105591353149034,0.03629183122012056,0.054604032425691125,0.08383911868634379,0.06864477239659114,0.07325919767200166,0.0851901891498649,0.09945957181459156,0.1217002702140927,0.0525462481812513,0.07236541259613385,0.030295156932030762,0.03602161712741634,0.028694658075244232,0.012991062149241322,0.007223030554978175,0.0019330700478071088,0.0038557472458948245,0.0007898565786738724,3.1178549158179175e-05,0.0,0.0,0.0,0.0,0.0,0.0,0.0,0.0,0.0,0.0,0.0,0.0,0.0,0.0,0.0,0.0,0.0,0.0,0.0,0.0,0.0,0.0,0.0,0.0,0.0,0.0,0.0,0.0,0.0,0.0,0.0,0.0,0.0,0.0,0.0,0.0,0.0,0.0,0.0,0.0,0.0,0.0,0.0,0.0,0.0,0.0,0.0,nan,nan,4.266731643924627,2.9177602138415857,nan,0.8753684451234279,0.03591512298139357,0.0,0.0,0.0,0.0,0.0,0.0,0.0,0.0,0.0,0.0,0.0,0.0,0.0,0.0,0.0,0.0,0.0,0.0,0.0,0.0,0.0,0.011985617259288857,0.09588493807431085,0.5633240111865744,2.504994007191371,8.497802636835798,11.877746703955257,4.854174990011987,1.1985617259288854,0.3955253695565322,0.8738966914510397,0.03517078819197663,0.0,0.0,0.0,0.0,0.0,0.0,0.0,0.0,0.0,0.0,0.0,0.0,0.0,0.0,0.0,0.0,0.0,0.0,0.0,0.0,0.01299826689774697,0.038994800693240905,0.09098786828422879,0.5979202772963587,2.3526863084922014,9.47573656845754,11.126516464471408,5.004332755632583,1.0398613518197575,0.25996533795493937,0.3987,0.00908,0.0,0.0,0.0,0.0,0.0,0.0,0.0,0.0,0.0,0.0,0.023971234518577713,16.92369157011584,13.052337195365563,0.0,0.0,0.0,0.0,0.0,0.0,0.0,0.0,0.0,0.0,0.0,0.0,0.0,0.0,0.0,0.0,0.0,0.399,0.00911,0.0,0.0,0.0,0.0,0.0,0.0,0.0,0.0,0.0,0.0,0.038994800693240905,16.42980935875214,13.531195840554595,0.0,0.0,0.0,0.0,0.0,0.0,0.0,0.0,0.0,0.0,0.0,0.0,0.0,0.0,0.0,0.0,0.0
20200,4965,2558,0.5152064451158107,1212,1033,0.4521651560926485,1433,0.5772406847935548,0.39399999999999996,2.919817199833818,2.9932429595440397,6.401481481481482,2.0505459141295423,8375.110211480362,506.4656112532522,7853.0,8866.4,8866.399999999998,1.8189894035458565e-12,7853.0,0.0,28.31802618328298,21.003653049440427,33.352927063339735,19.15726813338508,0.1419939577039275,0.09204431017119839,0.08801611278952669,0.08721047331319234,0.08338368580060423,0.07774420946626384,0.06706948640483383,0.06465256797583081,0.05740181268882175,0.05518630412890232,0.04491440080563948,0.0433031218529708,0.033635448136958714,0.024572004028197383,0.017925478348439074,0.013695871097683786,0.0072507552870090634,0.8738852216637987,0.0348202401838484,0.0,0.0,0.0,0.0,0.0,0.0,0.0,0.0,0.0,0.0,0.0,0.0,0.0,0.0,0.0,0.0,0.0,0.0,0.0,0.006042296072507555,0.006042296072507555,0.01208459214501511,0.10271903323262842,0.48338368580060276,2.4894259818731124,8.99093655589124,12.096676737160124,4.501510574018128,0.9607250755287011,0.35045317220543815,4.206407886629698,2.844810579330895,5.0,3.0237157840738176,1.1886626629559103,4.284751990202082,2.9028556504704954,4.1327980234712784,2.784015126650571,0.9645361115233096,0.3987,0.00909,0.0,0.0,0.0,0.0,0.0,0.0,0.0,0.0,0.0,0.0,0.0,16.598187311178226,13.401812688821755,0.0,0.0,0.0,0.0,0.0,0.0,0.0,0.0,0.0,0.0,0.0,0.0,0.0,0.0,0.0,0.0,0.0,nan,nan,4.20811558561328,2.845445271207222,nan,0.3987,0.04227,0.0,0.0,0.0,0.0,0.0,0.0,0.0,0.0,0.0,0.0,0.0,0.0,0.0,0.0,0.0,0.0,0.0,0.0,0.0,0.0,0.0,0.0,0.0,0.0,1.0070493454179255e-05,0.004108761329305136,0.0033836858006042296,0.0,0.0014098690835850957,0.001742195367573011,0.0030614300100704935,0.0029405840886203424,0.005699899295065459,0.03849949647532729,0.06895266868076536,0.038408862034239676,0.053997985901309165,0.08245720040281974,0.06952668680765357,0.07357502517623364,0.08430010070493454,0.10006042296072508,0.12199395770392749,0.05379657603222558,0.06895266868076536,0.028821752265861027,0.03696878147029205,0.02930513595166163,0.014078549848942598,0.007734138972809668,0.0017522658610271903,0.003484390735146022,0.0009164149043303122,6.042296072507553e-05,0.0,0.0,0.0,0.0,0.0,0.0,0.0,0.0,0.0,0.0,0.0,0.0,0.0,0.0,0.0,0.0,0.0,0.0,0.0,0.0,0.0,0.0,0.0,0.0,0.0,0.0,0.0,0.0,0.0,0.0,0.0,0.0,0.0,0.0,0.0,0.0,0.0,0.0,0.0,0.0,0.0,0.0,0.0,0.0,0.0,0.0,0.0,nan,nan,4.20811558561328,2.845445271207222,nan,0.8742245908497459,0.034311366974627514,0.0,0.0,0.0,0.0,0.0,0.0,0.0,0.0,0.0,0.0,0.0,0.0,0.0,0.0,0.0,0.0,0.0,0.0,0.0,0.0,0.011727912431587181,0.011727912431587181,0.046911649726348724,0.504300234558247,2.4276778733385465,9.159499609069586,11.8921032056294,4.679437060203284,0.9499609069585615,0.31665363565285387,0.8735245625953928,0.035349438472099017,0.0,0.0,0.0,0.0,0.0,0.0,0.0,0.0,0.0,0.0,0.0,0.0,0.0,0.0,0.0,0.0,0.0,0.0,0.0,0.01246364769422518,0.0,0.01246364769422518,0.16202742002492734,0.4611549646863301,2.555047777316162,8.811798919817202,12.314083921894477,4.312422102201912,0.972164520149564,0.3863730785209806,0.3987,0.00917,0.0,0.0,0.0,0.0,0.0,0.0,0.0,0.0,0.0,0.0,0.0,16.419077404222026,13.580922595777954,0.0,0.0,0.0,0.0,0.0,0.0,0.0,0.0,0.0,0.0,0.0,0.0,0.0,0.0,0.0,0.0,0.0,0.3987,0.00899,0.0,0.0,0.0,0.0,0.0,0.0,0.0,0.0,0.0,0.0,0.0,16.78853344412129,13.21146655587869,0.0,0.0,0.0,0.0,0.0,0.0,0.0,0.0,0.0,0.0,0.0,0.0,0.0,0.0,0.0,0.0,0.0
20300,4720,2509,0.5315677966101695,1205,934,0.4531779661016949,1285,0.5444915254237288,0.41,2.9828132066938036,2.997914766167938,6.376947040498442,1.9885884786406178,8391.690805084747,505.68911239024084,7853.0,8866.4,8866.4,0.0,7853.0,0.0,27.857627118644068,20.59041823720425,32.64807837226827,18.854537490316815,0.13474576271186442,0.10021186440677966,0.09364406779661016,0.08707627118644068,0.08283898305084746,0.08029661016949152,0.07097457627118645,0.06292372881355932,0.06038135593220339,0.05063559322033898,0.04788135593220339,0.03834745762711864,0.03114406779661017,0.025211864406779663,0.015254237288135594,0.012923728813559321,0.005508474576271186,0.8726969709588309,0.034111542698186614,0.0,0.0,0.0,0.0,0.0,0.0,0.0,0.0,0.0,0.0,0.0,0.0,0.0,0.0,0.0,0.0,0.0,0.0,0.0,0.0,0.0,0.012711864406779664,0.06991525423728814,0.47033898305084604,2.6758474576271194,9.45762711864407,11.936440677966106,4.13771186440678,0.9470338983050849,0.29237288135593226,4.135498687664042,2.8104510058525287,2.8,3.1874754901018454,0.6770646568821895,4.10916179337232,2.785330179653815,4.157859973579921,2.837900626262406,1.0118511226027036,0.3984,0.008995,0.0,0.0,0.0,0.0,0.0,0.0,0.0,0.0,0.0,0.0,0.012711864406779664,16.932203389830484,13.055084745762715,0.0,0.0,0.0,0.0,0.0,0.0,0.0,0.0,0.0,0.0,0.0,0.0,0.0,0.0,0.0,0.0,0.0,nan,nan,4.1333114968883065,2.8116284562648217,nan,0.3984,0.0423,0.0,0.0,0.0,0.0,0.0,0.0,0.0,0.0,0.0,0.0,0.0,0.0,0.0,0.0,0.0,0.0,0.0,0.0,0.0,0.0,0.0,0.0,0.0,0.0,0.0,0.003940677966101695,0.0031567796610169493,1.0593220338983052e-05,0.0017372881355932203,0.0019173728813559321,0.0034004237288135595,0.0026483050847457626,0.0060911016949152545,0.03942796610169492,0.06971398305084746,0.03865466101694915,0.05399364406779661,0.07890889830508474,0.07244703389830509,0.07467161016949153,0.08221398305084746,0.09453389830508474,0.1276800847457627,0.05540254237288136,0.0688771186440678,0.02655720338983051,0.03691737288135593,0.0293114406779661,0.013781779661016949,0.007341101694915254,0.002277542372881356,0.0034322033898305086,0.0007838983050847458,0.0001483050847457627,2.1186440677966103e-05,0.0,0.0,0.0,0.0,0.0,0.0,0.0,0.0,0.0,0.0,0.0,0.0,0.0,0.0,0.0,0.0,0.0,0.0,0.0,0.0,0.0,0.0,0.0,0.0,0.0,0.0,0.0,0.0,0.0,0.0,0.0,0.0,0.0,0.0,0.0,0.0,0.0,0.0,0.0,0.0,0.0,0.0,0.0,0.0,0.0,0.0,nan,nan,4.1333114968883065,2.8116284562648217,nan,0.8730254647455258,0.03467606068305325,0.0,0.0,0.0,0.0,0.0,0.0,0.0,0.0,0.0,0.0,0.0,0.0,0.0,0.0,0.0,0.0,0.0,0.0,0.0,0.0,0.0,0.0,0.08369868473495419,0.5141490633718596,2.6664009565563975,9.26664009565564,12.100438421681948,4.077321642088482,0.9326424870466323,0.3587086488640894,0.8723242025685926,0.03345549756616871,0.0,0.0,0.0,0.0,0.0,0.0,0.0,0.0,0.0,0.0,0.0,0.0,0.0,0.0,0.0,0.0,0.0,0.0,0.0,0.0,0.0,0.0271370420624152,0.0542740841248304,0.42062415196743425,2.6865671641791047,9.67435549525102,11.750339213025784,4.206241519674356,0.9633649932157397,0.2170963364993216,0.3987,0.009026,0.0,0.0,0.0,0.0,0.0,0.0,0.0,0.0,0.0,0.0,0.0,16.54842566759663,13.45157433240335,0.0,0.0,0.0,0.0,0.0,0.0,0.0,0.0,0.0,0.0,0.0,0.0,0.0,0.0,0.0,0.0,0.0,0.3984,0.008965,0.0,0.0,0.0,0.0,0.0,0.0,0.0,0.0,0.0,0.0,0.0271370420624152,17.3677069199457,12.605156037991863,0.0,0.0,0.0,0.0,0.0,0.0,0.0,0.0,0.0,0.0,0.0,0.0,0.0,0.0,0.0,0.0,0.0
20400,4722,2463,0.5216010165184244,1188,960,0.4548919949174079,1315,0.5569673867005506,0.414,2.9800796812749004,3.08476267689375,6.5854430379746836,2.1359587403379807,8381.590470139772,506.2269227501236,7853.0,8866.4,8866.399999999998,1.8189894035458565e-12,7853.0,0.0,28.161584074544685,20.722392683379212,32.99849435382685,18.9307792166114,0.13892418466751377,0.09360440491317239,0.09233375688267684,0.08640406607369759,0.07983905124947056,0.0796272765777213,0.06903854299025837,0.06374417619652689,0.060144006776789494,0.05421431596781025,0.04807285048708174,0.04277848369335027,0.03218975010588734,0.023506988564167726,0.017153748411689963,0.013130029648454045,0.0052943667937314694,0.8729156194375461,0.03503417479287231,0.0,0.0,0.0,0.0,0.0,0.0,0.0,0.0,0.0,0.0,0.0,0.0,0.0,0.0,0.0,0.0,0.0,0.0,0.0,0.0,0.0,0.006353240152477765,0.15247776365946636,0.6162642947903412,2.566709021601017,9.021601016518426,12.071156289707755,4.307496823379925,0.9402795425667092,0.31766200762388824,4.13227169320767,2.862188665808386,7.0,1.0,1.6939834840739283,4.135483870967742,2.9053397321857686,4.132766514061478,2.8180081000288717,0.999342916816738,0.3984,0.00908,0.0,0.0,0.0,0.0,0.0,0.0,0.0,0.0,0.0,0.0,0.01270648030495553,16.931385006353217,13.055908513341807,0.0,0.0,0.0,0.0,0.0,0.0,0.0,0.0,0.0,0.0,0.0,0.0,0.0,0.0,0.0,0.0,0.0,nan,nan,4.134134459240013,2.862305131970955,nan,0.3984,0.04285,0.0,0.0,0.0,0.0,0.0,0.0,0.0,0.0,0.0,0.0,0.0,0.0,0.0,0.0,0.0,0.0,0.0,0.0,0.0,0.0,0.0,0.0,0.0,0.0,1.0588733587462939e-05,0.004288437102922491,0.002964845404489623,1.0588733587462939e-05,0.0020436255823803474,0.0016200762388818297,0.0034731046166878443,0.0027318932655654386,0.006819144430326133,0.040396018636171115,0.07106099110546378,0.03925243540872512,0.055146124523506986,0.07691656077933079,0.07125158831003812,0.07744599745870394,0.07910842863193562,0.09380559085133418,0.12228928420160949,0.05493434985175773,0.06766200762388819,0.02654595510376959,0.03978187208809826,0.03101440067767895,0.015046590427784837,0.006956797966963151,0.0031977975434138075,0.0032719186785260482,0.0007306226175349428,8.470986869970351e-05,0.00013765353663701822,0.0,0.0,0.0,0.0,0.0,0.0,0.0,0.0,0.0,0.0,0.0,0.0,0.0,0.0,0.0,0.0,0.0,0.0,0.0,0.0,0.0,0.0,0.0,0.0,0.0,0.0,0.0,0.0,0.0,0.0,0.0,0.0,0.0,0.0,0.0,0.0,0.0,0.0,0.0,0.0,0.0,0.0,0.0,0.0,0.0,0.0,nan,nan,4.134134459240013,2.862305131970955,nan,0.8721916887801786,0.03471589855210107,0.0,0.0,0.0,0.0,0.0,0.0,0.0,0.0,0.0,0.0,0.0,0.0,0.0,0.0,0.0,0.0,0.0,0.0,0.0,0.0,0.0,0.0,0.17052375152253355,0.572472594397075,2.7161997563946416,9.196102314250915,12.131546894031672,4.019488428745433,0.8647990255785629,0.3288672350791718,0.8737049249749945,0.03536104566980942,0.0,0.0,0.0,0.0,0.0,0.0,0.0,0.0,0.0,0.0,0.0,0.0,0.0,0.0,0.0,0.0,0.0,0.0,0.0,0.0,0.0,0.013280212483399738,0.13280212483399736,0.6640106241699846,2.4037184594953525,8.831341301460824,12.005312084993363,4.621513944223109,1.0225763612217798,0.30544488711819395,0.3987,0.00915,0.0,0.0,0.0,0.0,0.0,0.0,0.0,0.0,0.0,0.0,0.0,16.91839220462848,13.081607795371502,0.0,0.0,0.0,0.0,0.0,0.0,0.0,0.0,0.0,0.0,0.0,0.0,0.0,0.0,0.0,0.0,0.0,0.3984,0.00901,0.0,0.0,0.0,0.0,0.0,0.0,0.0,0.0,0.0,0.0,0.026560424966799476,16.945551128818035,13.027888446215142,0.0,0.0,0.0,0.0,0.0,0.0,0.0,0.0,0.0,0.0,0.0,0.0,0.0,0.0,0.0,0.0,0.0
20500,4883,2533,0.518738480442351,1220,1013,0.45730083964775753,1402,0.5742371492934671,0.39799999999999996,3.020851063829787,3.085448227576029,6.554572271386431,2.0963097320206425,8378.68957608028,506.3440391673345,7853.0,8866.4,8866.399999999998,1.8189894035458565e-12,7853.0,0.0,28.755068605365555,20.825346989120924,33.38914244535191,19.0389917442886,0.12615195576489863,0.1017816915830432,0.08560311284046693,0.08539832070448494,0.08314560720868319,0.07208683186565636,0.06860536555396272,0.06962932623387262,0.060823264386647556,0.05426991603522425,0.05345074749129634,0.04423510137210731,0.03501945525291829,0.022731927093999592,0.020888797870161787,0.010034814663116936,0.006143764079459349,0.8738027461698595,0.0353979448861875,0.0,0.0,0.0,0.0,0.0,0.0,0.0,0.0,0.0,0.0,0.0,0.0,0.0,0.0,0.0,0.0,0.0,0.0,0.0,0.00614376407945935,0.00614376407945935,0.0,0.07986893303297156,0.577513823469177,2.5988122056113054,9.221789883268483,11.378251075158717,4.761417161580996,1.0935900061437642,0.27646938357567075,4.223529411764706,2.877833064471907,5.142857142857143,2.799416848895061,1.2176681257461202,4.179268292682927,2.887662477949184,4.273809523809524,2.8679528688516505,1.0226214792891186,0.3984,0.009125,0.0,0.0,0.0,0.0,0.0,0.0,0.0,0.0,0.0,0.0,0.01843129223837805,17.03665779234075,12.94491091542085,0.0,0.0,0.0,0.0,0.0,0.0,0.0,0.0,0.0,0.0,0.0,0.0,0.0,0.0,0.0,0.0,0.0,nan,nan,4.225517454433117,2.8779826509378257,nan,0.3984,0.0428,0.0,0.0,0.0,0.0,0.0,0.0,0.0,0.0,0.0,0.0,0.0,0.0,0.0,0.0,0.0,0.0,0.0,0.0,0.0,0.0,0.0,0.0,0.0,5.119803399549457e-05,2.047921359819783e-05,0.0038603317632602907,0.0033381118165062462,0.0,0.0019557648986278926,0.0019455252918287938,0.0039217694040548845,0.003010444398935081,0.006635265205816096,0.038715953307393,0.07018226500102397,0.040446446856440714,0.05640999385623592,0.07700184312922384,0.06775547818963752,0.07731927093999591,0.08272578332992013,0.09234077411427401,0.12291624001638338,0.055007167724759366,0.06863608437436003,0.02687896784763465,0.03837804628302273,0.032049969281179605,0.01462215850911325,0.007003891050583658,0.0030206840057341797,0.0030514028261314765,0.0005426991603522424,2.047921359819783e-05,0.00010239606799098914,0.00013311488838828588,0.0,0.0,0.0,0.0,0.0,0.0,0.0,0.0,0.0,0.0,0.0,0.0,0.0,0.0,0.0,0.0,0.0,0.0,0.0,0.0,0.0,0.0,0.0,0.0,0.0,0.0,0.0,0.0,0.0,0.0,0.0,0.0,0.0,0.0,0.0,0.0,0.0,0.0,0.0,0.0,0.0,0.0,0.0,0.0,0.0,nan,nan,4.225517454433117,2.8779826509378257,nan,0.8748500982951704,0.03492495910312378,0.0,0.0,0.0,0.0,0.0,0.0,0.0,0.0,0.0,0.0,0.0,0.0,0.0,0.0,0.0,0.0,0.0,0.0,0.0,0.0,0.0,0.0,0.0829056454796684,0.544808527437819,2.416107382550336,9.036715357283855,11.666008685353338,4.844058428740625,1.1488353730754048,0.2605606000789578,0.8726738342833011,0.03586655259044879,0.0,0.0,0.0,0.0,0.0,0.0,0.0,0.0,0.0,0.0,0.0,0.0,0.0,0.0,0.0,0.0,0.0,0.0,0.0,0.012765957446808513,0.012765957446808513,0.0,0.07659574468085108,0.6127659574468066,2.7957446808510644,9.421276595744683,11.068085106382982,4.672340425531916,1.0340425531914896,0.2936170212765958,0.3984,0.00924,0.0,0.0,0.0,0.0,0.0,0.0,0.0,0.0,0.0,0.0,0.03553099091985788,16.971969996052085,12.992499013028032,0.0,0.0,0.0,0.0,0.0,0.0,0.0,0.0,0.0,0.0,0.0,0.0,0.0,0.0,0.0,0.0,0.0,0.3987,0.008995,0.0,0.0,0.0,0.0,0.0,0.0,0.0,0.0,0.0,0.0,0.0,17.106382978723378,12.893617021276599,0.0,0.0,0.0,0.0,0.0,0.0,0.0,0.0,0.0,0.0,0.0,0.0,0.0,0.0,0.0,0.0,0.0
20600,4753,2418,0.5087313275825794,1135,986,0.44624447717231225,1366,0.5747948664001683,0.39799999999999996,2.9109207708779445,3.05099215233948,6.307237813884786,2.3092181002309453,8368.548327372186,506.622736464437,7853.0,8866.4,8866.399999999998,1.8189894035458565e-12,7853.0,0.0,28.734904270986746,21.40225177645486,33.76744186046512,19.60019061388392,0.13801809383547234,0.09341468546181358,0.09257311171891437,0.08710288239006943,0.07889753839680202,0.07532084998948033,0.06606353881758889,0.06416999789606564,0.05743740795287187,0.04818009678098043,0.04986324426677888,0.043551441195034714,0.03324216284451925,0.02966547443719756,0.0195665895224069,0.013254786450662739,0.009678098043341047,0.8761902361600343,0.03520824049685928,0.0,0.0,0.0,0.0,0.0,0.0,0.0,0.0,0.0,0.0,0.0,0.0,0.0,0.0,0.0,0.0,0.0,0.0,0.0,0.0,0.0,0.0,0.06942983378918578,0.5175678518830196,2.436355985693247,8.249526614769621,12.402693035977281,4.759099516095098,1.1235009467704609,0.4418262150220914,4.196485623003195,2.859553872902157,4.75,2.165063509461097,1.1318995051389418,4.264271969211033,2.837158362609562,4.130793650793651,2.878608185287489,0.9686984509006168,0.3984,0.009415,0.0,0.0,0.0,0.0,0.0,0.0,0.0,0.0,0.0,0.0,0.012623606143488326,16.96612665684828,13.021249737008208,0.0,0.0,0.0,0.0,0.0,0.0,0.0,0.0,0.0,0.0,0.0,0.0,0.0,0.0,0.0,0.0,0.0,nan,nan,4.197192086790045,2.858843314321437,nan,0.3984,0.04297,0.0,0.0,0.0,0.0,0.0,0.0,0.0,0.0,0.0,0.0,0.0,0.0,0.0,0.0,0.0,0.0,0.0,0.0,0.0,0.0,0.0,0.0,0.0,5.2598358931201344e-05,0.0,0.00390279823269514,0.0034294130023143276,0.0,0.0025983589312013463,0.002303808121186619,0.0036924047969703346,0.003355775299810646,0.0069850620660635385,0.0376183463075952,0.0712918156953503,0.041110877340626975,0.05828950136755733,0.07375341889333052,0.0681569535030507,0.07508941721018304,0.08225331369661266,0.09602356406480118,0.12162844519251,0.054975804754891645,0.06855670103092784,0.025973069640227223,0.039248895434462444,0.032758257942352195,0.013917525773195877,0.005649063749211025,0.002840311382284873,0.0029981064590784766,0.0013359983168525142,0.0,0.00010519671786240269,0.00010519671786240269,0.0,0.0,0.0,0.0,0.0,0.0,0.0,0.0,0.0,0.0,0.0,0.0,0.0,0.0,0.0,0.0,0.0,0.0,0.0,0.0,0.0,0.0,0.0,0.0,0.0,0.0,0.0,0.0,0.0,0.0,0.0,0.0,0.0,0.0,0.0,0.0,0.0,0.0,0.0,0.0,0.0,0.0,0.0,0.0,0.0,nan,nan,4.197192086790045,2.858843314321437,nan,0.8769121261743399,0.03540136841824104,0.0,0.0,0.0,0.0,0.0,0.0,0.0,0.0,0.0,0.0,0.0,0.0,0.0,0.0,0.0,0.0,0.0,0.0,0.0,0.0,0.0,0.0,0.0620347394540943,0.5086848635235716,2.307692307692308,8.188585607940448,12.593052109181144,4.5285359801488845,1.3275434243176183,0.48387096774193555,0.8754426858154558,0.034991431823190915,0.0,0.0,0.0,0.0,0.0,0.0,0.0,0.0,0.0,0.0,0.0,0.0,0.0,0.0,0.0,0.0,0.0,0.0,0.0,0.0,0.0,0.0,0.07708779443254819,0.5267665952890775,2.5695931477516063,8.312633832976447,12.205567451820132,4.997858672376874,0.9122055674518204,0.39828693790149905,0.3982,0.00934,0.0,0.0,0.0,0.0,0.0,0.0,0.0,0.0,0.0,0.0,0.012406947890818861,16.88585607940444,13.101736972704717,0.0,0.0,0.0,0.0,0.0,0.0,0.0,0.0,0.0,0.0,0.0,0.0,0.0,0.0,0.0,0.0,0.0,0.3984,0.00948,0.0,0.0,0.0,0.0,0.0,0.0,0.0,0.0,0.0,0.0,0.012847965738758033,17.049250535331883,12.937901498929339,0.0,0.0,0.0,0.0,0.0,0.0,0.0,0.0,0.0,0.0,0.0,0.0,0.0,0.0,0.0,0.0,0.0
20700,4673,2334,0.49946501176974106,1096,992,0.4468221699122619,1319,0.5645195805692275,0.418,2.9516887558785805,3.1721008065472858,6.786644951140065,2.1631540221287313,8359.157842927456,506.699709952264,7853.0,8866.4,8866.400000000001,1.8189894035458565e-12,7853.0,0.0,27.084956130965118,20.664135069112042,32.144841780293284,18.986132632340535,0.14316285041729082,0.1082816178044083,0.09715386261502247,0.08816606034667238,0.08131821099935801,0.07318638989942221,0.06805050288893644,0.06419858763107211,0.056494757115343464,0.051786860689064844,0.04408303017333619,0.03466723732077894,0.03509522790498609,0.022041515086668094,0.015621656323560882,0.008987802268350097,0.007703830515728654,0.8765932485451668,0.03488302086883068,0.0,0.0,0.0,0.0,0.0,0.0,0.0,0.0,0.0,0.0,0.0,0.0,0.0,0.0,0.0,0.0,0.0,0.0,0.0,0.0,0.012839717526214427,0.03209929381553606,0.05135887010485771,0.436550395891289,2.0992938155360585,8.326556815750054,12.525144446822173,5.039589129039162,1.1298951423068695,0.34667237320778954,4.391274710293115,2.9419987636789693,5.8,2.1354156504062622,1.3208009934802856,4.441908713692946,2.9554811507785557,4.345174262734584,2.927089347351817,0.9782223235114758,0.3982,0.00906,0.0,0.0,0.0,0.0,0.0,0.0,0.0,0.0,0.0,0.0,0.019259576289321637,17.57757329338752,12.403167130323135,0.0,0.0,0.0,0.0,0.0,0.0,0.0,0.0,0.0,0.0,0.0,0.0,0.0,0.0,0.0,0.0,0.0,nan,nan,4.393671316774413,2.941387407282195,nan,0.3982,0.04333,0.0,0.0,0.0,0.0,0.0,0.0,0.0,0.0,0.0,0.0,0.0,0.0,0.0,0.0,0.0,0.0,0.0,0.0,0.0,0.0,0.0,0.0,0.0,0.0,0.0,0.0045367001925957625,0.00317783008773807,0.0,0.0032206291461587843,0.002557243740637706,0.0037342178472073613,0.004033811256152365,0.006997646051786861,0.03800556387759469,0.07104643697838647,0.03937513374705756,0.05803552321848919,0.07397817248020544,0.06935587417076824,0.07497325058848706,0.0828803766317141,0.09501390969398674,0.12054354804194307,0.05624866252942435,0.06713032313289108,0.026011127755189385,0.03737427776588915,0.033051572865396964,0.01457307939225337,0.005242884656537556,0.003648619730365932,0.003306227263000214,0.0014551679863043013,0.0,0.0004065910549967901,5.349882302589343e-05,3.209929381553606e-05,0.0,0.0,0.0,0.0,0.0,0.0,0.0,0.0,0.0,0.0,0.0,0.0,0.0,0.0,0.0,0.0,0.0,0.0,0.0,0.0,0.0,0.0,0.0,0.0,0.0,0.0,0.0,0.0,0.0,0.0,0.0,0.0,0.0,0.0,0.0,0.0,0.0,0.0,0.0,0.0,0.0,0.0,0.0,0.0,nan,nan,4.393671316774413,2.941387407282195,nan,0.8766817505939862,0.03466425403041298,0.0,0.0,0.0,0.0,0.0,0.0,0.0,0.0,0.0,0.0,0.0,0.0,0.0,0.0,0.0,0.0,0.0,0.0,0.0,0.0,0.025706940874035997,0.0,0.08997429305912599,0.41131105398457457,2.0179948586118255,8.393316195372753,12.673521850899746,4.987146529562983,1.0154241645244217,0.38560411311053994,0.8765049356841389,0.03509973851108928,0.0,0.0,0.0,0.0,0.0,0.0,0.0,0.0,0.0,0.0,0.0,0.0,0.0,0.0,0.0,0.0,0.0,0.0,0.0,0.0,0.0,0.06412997007268065,0.01282599401453613,0.4617357845232991,2.1804189824711417,8.259940145361266,12.377084224027366,5.091919623770843,1.2441214194100045,0.3078238563488671,0.3982,0.00902,0.0,0.0,0.0,0.0,0.0,0.0,0.0,0.0,0.0,0.0,0.012853470437017999,17.46786632390743,12.51928020565553,0.0,0.0,0.0,0.0,0.0,0.0,0.0,0.0,0.0,0.0,0.0,0.0,0.0,0.0,0.0,0.0,0.0,0.3982,0.0091,0.0,0.0,0.0,0.0,0.0,0.0,0.0,0.0,0.0,0.0,0.02565198802907226,17.687045746045293,12.287302265925613,0.0,0.0,0.0,0.0,0.0,0.0,0.0,0.0,0.0,0.0,0.0,0.0,0.0,0.0,0.0,0.0,0.0
20800,4840,2459,0.5080578512396694,1188,970,0.44586776859504135,1387,0.5731404958677686,0.38999999999999996,2.9214615707685847,3.029209149201615,6.286324786324786,2.1534603168178617,8367.865826446281,506.6341967124298,7853.0,8866.4,8866.4,0.0,7853.0,0.0,28.535123966942148,20.87840648172262,33.293615984405456,19.094838667236118,0.13264462809917354,0.09793388429752066,0.0884297520661157,0.08739669421487603,0.08037190082644628,0.07706611570247934,0.07045454545454545,0.059297520661157024,0.0603305785123967,0.05640495867768595,0.05268595041322314,0.040702479338842974,0.03595041322314049,0.024793388429752067,0.019421487603305785,0.010537190082644627,0.005578512396694215,0.8771108081887576,0.0344242652103604,0.0,0.0,0.0,0.0,0.0,0.0,0.0,0.0,0.0,0.0,0.0,0.0,0.0,0.0,0.0,0.0,0.0,0.0,0.0,0.0,0.0,0.030991735537190087,0.11776859504132234,0.42148760330578383,2.150826446280992,8.008264462809919,12.390495867768598,5.510330578512399,1.097107438016529,0.27272727272727276,4.2046173308032895,2.806573368999227,4.75,1.920286436967152,1.129710417450169,4.177552314521243,2.768411056777158,4.232850849590938,2.841950108448795,1.0132370658477396,0.3982,0.009,0.0,0.0,0.0,0.0,0.0,0.0,0.0,0.0,0.0,0.0,0.018595041322314054,17.27479338842973,12.706611570247937,0.0,0.0,0.0,0.0,0.0,0.0,0.0,0.0,0.0,0.0,0.0,0.0,0.0,0.0,0.0,0.0,0.0,nan,nan,4.205306380290588,2.8056971444650984,nan,0.3982,0.04285,0.0,0.0,0.0,0.0,0.0,0.0,0.0,0.0,0.0,0.0,0.0,0.0,0.0,0.0,0.0,0.0,0.0,0.0,0.0,0.0,0.0,0.0,4.132231404958678e-05,0.0,0.0,0.0038326446280991734,0.002458677685950413,7.231404958677686e-05,0.0034607438016528926,0.002572314049586777,0.004049586776859504,0.0035847107438016527,0.007386363636363636,0.03769628099173554,0.06864669421487603,0.039039256198347104,0.05694214876033058,0.07432851239669422,0.07234504132231405,0.07731404958677686,0.08956611570247934,0.0956095041322314,0.11629132231404958,0.05640495867768595,0.06569214876033058,0.02503099173553719,0.03553719008264463,0.032706611570247936,0.014431818181818181,0.0058057851239669426,0.004349173553719009,0.0036053719008264464,0.000981404958677686,0.0,0.00014462809917355373,7.231404958677686e-05,0.0,0.0,0.0,0.0,0.0,0.0,0.0,0.0,0.0,0.0,0.0,0.0,0.0,0.0,0.0,0.0,0.0,0.0,0.0,0.0,0.0,0.0,0.0,0.0,0.0,0.0,0.0,0.0,0.0,0.0,0.0,0.0,0.0,0.0,0.0,0.0,0.0,0.0,0.0,0.0,0.0,0.0,0.0,0.0,0.0,nan,nan,4.205306380290588,2.8056971444650984,nan,0.8770744816323226,0.03458738972699562,0.0,0.0,0.0,0.0,0.0,0.0,0.0,0.0,0.0,0.0,0.0,0.0,0.0,0.0,0.0,0.0,0.0,0.0,0.0,0.0,0.0,0.03660024400162668,0.07320048800325336,0.41480276535176774,2.1350142334282234,8.332655551037009,11.931679544530299,5.758438389589266,0.9882065880439205,0.3294021960146402,0.8771483247793808,0.03425494101565681,0.0,0.0,0.0,0.0,0.0,0.0,0.0,0.0,0.0,0.0,0.0,0.0,0.0,0.0,0.0,0.0,0.0,0.0,0.0,0.0,0.0,0.025199496010079803,0.16379672406551873,0.4283914321713552,2.167156656866863,7.6732465350693,12.86434271314574,5.254094918101639,1.2095758084838306,0.21419571608567833,0.3982,0.00897,0.0,0.0,0.0,0.0,0.0,0.0,0.0,0.0,0.0,0.0,0.024400162667751125,17.250915006100016,12.724684831232212,0.0,0.0,0.0,0.0,0.0,0.0,0.0,0.0,0.0,0.0,0.0,0.0,0.0,0.0,0.0,0.0,0.0,0.3982,0.00903,0.0,0.0,0.0,0.0,0.0,0.0,0.0,0.0,0.0,0.0,0.012599748005039902,17.299454010919757,12.687946241075181,0.0,0.0,0.0,0.0,0.0,0.0,0.0,0.0,0.0,0.0,0.0,0.0,0.0,0.0,0.0,0.0,0.0
20900,4645,2417,0.5203444564047363,1143,977,0.4564047362755651,1336,0.5752421959095801,0.40199999999999997,2.9187612208258527,3.0144993555958104,6.3888,2.1698005806986043,8380.317072120559,506.2803831249789,7853.0,8866.4,8866.4,0.0,7853.0,0.0,28.055113024757805,20.864429333778926,33.15444015444015,18.998633940645306,0.14381054897739504,0.09494079655543596,0.08934337997847147,0.08740581270182993,0.08008611410118407,0.07534983853606028,0.07039827771797631,0.06264800861141012,0.06221743810548978,0.05317545748116254,0.04520990312163617,0.039397201291711516,0.035091496232508075,0.024757804090419805,0.0193756727664155,0.010979547900968783,0.00581270182992465,0.8759085719885688,0.034153616125365584,0.0,0.0,0.0,0.0,0.0,0.0,0.0,0.0,0.0,0.0,0.0,0.0,0.0,0.0,0.0,0.0,0.0,0.0,0.0,0.0,0.0,0.012917115177610336,0.10333692142088269,0.4068891280947242,2.31216361679225,8.370290635091498,12.303552206673846,5.179763186221745,1.0139935414424115,0.2970936490850377,4.188161375661376,2.854376581160865,5.2,3.9698866482558417,1.2415949467035137,4.09861932938856,2.8413226611135425,4.281830238726791,2.8695351877948423,1.0447006405363248,0.3982,0.00924,0.0,0.0,0.0,0.0,0.0,0.0,0.0,0.0,0.0,0.0,0.03229278794402584,17.308934337997822,12.65877287405813,0.0,0.0,0.0,0.0,0.0,0.0,0.0,0.0,0.0,0.0,0.0,0.0,0.0,0.0,0.0,0.0,0.0,nan,nan,4.189831627599868,2.8568722386252574,nan,0.3982,0.04312,0.0,0.0,0.0,0.0,0.0,0.0,0.0,0.0,0.0,0.0,0.0,0.0,0.0,0.0,0.0,0.0,0.0,0.0,0.0,0.0,0.0,0.0,2.1528525296017223e-05,4.3057050592034446e-05,0.0,0.0035844994617868675,0.003293864370290635,0.00015069967707212055,0.0041872981700753495,0.0021205597416576964,0.0036490850376749194,0.0033476856835306782,0.00728740581270183,0.036964477933261575,0.0701399354144241,0.038493003229278795,0.058966630785791174,0.0713778256189451,0.07643702906350915,0.07755651237890204,0.09045209903121636,0.09201291711517762,0.1138751345532831,0.05651237890204521,0.06576964477933261,0.025769644779332617,0.03454251883745963,0.03177610333692142,0.01590958019375673,0.006641550053821313,0.004445640473627556,0.0037459634015069966,0.000721205597416577,0.0,0.00015069967707212055,3.229278794402584e-05,2.1528525296017223e-05,0.0,0.0,0.0,0.0,0.0,0.0,0.0,0.0,0.0,0.0,0.0,0.0,0.0,0.0,0.0,0.0,0.0,0.0,0.0,0.0,0.0,0.0,0.0,0.0,0.0,0.0,0.0,0.0,0.0,0.0,0.0,0.0,0.0,0.0,0.0,0.0,0.0,0.0,0.0,0.0,0.0,0.0,0.0,0.0,nan,nan,4.189831627599868,2.8568722386252574,nan,0.8761976408869657,0.03409552344760547,0.0,0.0,0.0,0.0,0.0,0.0,0.0,0.0,0.0,0.0,0.0,0.0,0.0,0.0,0.0,0.0,0.0,0.0,0.0,0.0,0.0,0.012412081092263138,0.08688456764584197,0.38477451386015604,2.345883326437733,8.092676872155566,12.61067438973935,5.225486139842782,0.9433181630119986,0.2978899462143153,0.8755949815364029,0.034213763475726744,0.0,0.0,0.0,0.0,0.0,0.0,0.0,0.0,0.0,0.0,0.0,0.0,0.0,0.0,0.0,0.0,0.0,0.0,0.0,0.0,0.0,0.01346499102333932,0.12118491921005388,0.4308797127468568,2.275583482944345,8.671454219030522,11.970377019748657,5.130161579892281,1.090664272890485,0.29622980251346503,0.398,0.00916,0.0,0.0,0.0,0.0,0.0,0.0,0.0,0.0,0.0,0.0,0.04964832436905255,17.563094745552313,12.387256930078612,0.0,0.0,0.0,0.0,0.0,0.0,0.0,0.0,0.0,0.0,0.0,0.0,0.0,0.0,0.0,0.0,0.0,0.3982,0.009315,0.0,0.0,0.0,0.0,0.0,0.0,0.0,0.0,0.0,0.0,0.01346499102333932,17.03321364452421,12.953321364452426,0.0,0.0,0.0,0.0,0.0,0.0,0.0,0.0,0.0,0.0,0.0,0.0,0.0,0.0,0.0,0.0,0.0
21000,4676,2486,0.5316509837467921,1190,903,0.4476047904191617,1291,0.5521813515825492,0.39399999999999996,3.0273972602739727,3.0430965487051758,6.378086419753086,2.130165771660471,8391.775106928999,505.68377224852003,7853.0,8866.4,8866.4,0.0,7853.0,0.0,28.39114627887083,20.72880612143001,33.20814365199798,18.902096466480245,0.13515825491873396,0.09837467921300257,0.08917878528656972,0.08169375534644996,0.07869974337040206,0.07356715141146279,0.0772027373823781,0.07057313943541488,0.05752780153977759,0.056244653550042774,0.04726261762189906,0.038280581693755346,0.03699743370402053,0.02566295979469632,0.01561163387510693,0.011976047904191617,0.005988023952095809,0.8733240547880747,0.0350735906730502,0.0,0.0,0.0,0.0,0.0,0.0,0.0,0.0,0.0,0.0,0.0,0.0,0.0,0.0,0.0,0.0,0.0,0.0,0.0,0.0,0.012831479897348164,0.019247219846022245,0.11548331907613348,0.5902480752780136,2.3417450812660396,9.38622754491018,11.907613344739095,4.317792985457657,1.013686911890505,0.29512403763900774,4.232818151923709,2.8432214425085536,4.857142857142857,3.136356914300021,1.1474962265826156,4.2616088947024195,2.8183919504700174,4.206714944042133,2.8694540644105446,0.9871189609331525,0.3982,0.00898,0.0,0.0,0.0,0.0,0.0,0.0,0.0,0.0,0.0,0.0,0.019247219846022245,17.11719418306242,12.863558597091535,0.0,0.0,0.0,0.0,0.0,0.0,0.0,0.0,0.0,0.0,0.0,0.0,0.0,0.0,0.0,0.0,0.0,nan,nan,4.234251968503937,2.844086286077412,nan,0.3982,0.04315,0.0,0.0,0.0,0.0,0.0,0.0,0.0,0.0,0.0,0.0,0.0,0.0,0.0,0.0,0.0,0.0,0.0,0.0,0.0,0.0,0.0,1.0692899914456802e-05,0.0,0.0,0.0,0.0025983746792130028,0.0035286569717707444,0.00019247219846022241,0.004940119760479042,0.0018926432848588538,0.003378956372968349,0.0032399486740804107,0.007046621043627032,0.03802395209580838,0.07062660393498717,0.04062232677502139,0.05907827202737383,0.07075491873396066,0.0749251497005988,0.07475406330196749,0.08977758768177929,0.09417236954662105,0.11371899059024808,0.056661676646706585,0.0654940119760479,0.025866124893071,0.035083404619332764,0.03189692044482464,0.015044910179640719,0.007100085543199315,0.004619332763045338,0.0037104362703165097,0.001079982891360137,0.0,0.0001497005988023952,0.0,0.0,1.0692899914456802e-05,0.0,0.0,0.0,0.0,0.0,0.0,0.0,0.0,0.0,0.0,0.0,0.0,0.0,0.0,0.0,0.0,0.0,0.0,0.0,0.0,0.0,0.0,0.0,0.0,0.0,0.0,0.0,0.0,0.0,0.0,0.0,0.0,0.0,0.0,0.0,0.0,0.0,0.0,0.0,0.0,0.0,0.0,0.0,nan,nan,4.234251968503937,2.844086286077412,nan,0.8734424539323977,0.0353032766107534,0.0,0.0,0.0,0.0,0.0,0.0,0.0,0.0,0.0,0.0,0.0,0.0,0.0,0.0,0.0,0.0,0.0,0.0,0.0,0.0,0.012067578439259858,0.024135156878519717,0.09654062751407887,0.5671761866452114,2.3049074818986326,9.690265486725664,11.512469831053904,4.416733708769108,1.0498793242156075,0.3258246178600162,0.8731896528370304,0.034810535872689556,0.0,0.0,0.0,0.0,0.0,0.0,0.0,0.0,0.0,0.0,0.0,0.0,0.0,0.0,0.0,0.0,0.0,0.0,0.0,0.0,0.013698630136986304,0.013698630136986304,0.13698630136986303,0.6164383561643817,2.3835616438356166,9.041095890410961,12.356164383561648,4.205479452054796,0.9726027397260276,0.26027397260273977,0.3982,0.00882,0.0,0.0,0.0,0.0,0.0,0.0,0.0,0.0,0.0,0.0,0.024135156878519717,17.08769106999193,12.888173773129528,0.0,0.0,0.0,0.0,0.0,0.0,0.0,0.0,0.0,0.0,0.0,0.0,0.0,0.0,0.0,0.0,0.0,0.398,0.00916,0.0,0.0,0.0,0.0,0.0,0.0,0.0,0.0,0.0,0.0,0.013698630136986304,17.150684931506827,12.835616438356167,0.0,0.0,0.0,0.0,0.0,0.0,0.0,0.0,0.0,0.0,0.0,0.0,0.0,0.0,0.0,0.0,0.0
21100,4367,2226,0.5097320815204947,1023,894,0.4389741241126632,1207,0.5527822303640944,0.434,2.956562354040168,3.1583582237103376,6.694589877835951,2.192145756283346,8369.562491412871,506.6040083370155,7853.0,8866.4,8866.4,0.0,7853.0,0.0,27.42408976414014,20.840175975315532,32.74570637119113,19.009871749883615,0.15319441264025646,0.09297000228990153,0.09663384474467598,0.08770322876116327,0.08083352415846119,0.07304785894206549,0.06686512479963362,0.06159835127089535,0.05976643004350813,0.05198076482711243,0.045569040531257154,0.04396610945729334,0.028165788871078543,0.024959926723150904,0.012823448591710557,0.012136478131440347,0.007785665216395695,0.875150564731273,0.0357317107349364,0.0,0.0,0.0,0.0,0.0,0.0,0.0,0.0,0.0,0.0,0.0,0.0,0.0,0.0,0.0,0.0,0.0,0.0,0.0,0.0,0.0,0.03434852301351043,0.17174261506755212,0.47400961758644233,2.356308678726815,8.710785436226244,11.863979848866503,4.87749026791848,1.133501259445844,0.3778337531486147,4.414056809905317,2.9086741089009682,3.3333333333333335,2.211083193570267,0.7551632153562688,4.293116210214656,2.83990882725431,4.526052819414704,2.967261175034082,1.0542581653498733,0.3982,0.00908,0.0,0.0,0.0,0.0,0.0,0.0,0.0,0.0,0.0,0.0,0.0,17.607052896725413,12.392947103274562,0.0,0.0,0.0,0.0,0.0,0.0,0.0,0.0,0.0,0.0,0.0,0.0,0.0,0.0,0.0,0.0,0.0,nan,nan,4.4117005813953485,2.90777221583564,nan,0.3982,0.0429,0.0,0.0,0.0,0.0,0.0,0.0,0.0,0.0,0.0,0.0,0.0,0.0,0.0,0.0,0.0,0.0,0.0,0.0,0.0,0.0,0.0,0.0,0.0,0.0,0.0,0.0023242500572475382,0.0036752919624456148,0.0005381268605449966,0.0051408289443553926,0.001476986489580948,0.0030112205175177468,0.0029883215021754067,0.006239981680787726,0.03733684451568583,0.07158232196015571,0.040073276849095486,0.0541790702999771,0.07118158919166476,0.08207007098694756,0.0771467826883444,0.09212273872223495,0.09357682619647355,0.11130066407144493,0.05488893977558965,0.06466681932676895,0.026436913212731852,0.03477215479734371,0.030570185482024274,0.01636134646210213,0.006045340050377834,0.005358369590107625,0.003869933592855507,0.0009503091367071216,1.1449507671170139e-05,0.00010304556904053126,0.0,0.0,0.0,0.0,0.0,0.0,0.0,0.0,0.0,0.0,0.0,0.0,0.0,0.0,0.0,0.0,0.0,0.0,0.0,0.0,0.0,0.0,0.0,0.0,0.0,0.0,0.0,0.0,0.0,0.0,0.0,0.0,0.0,0.0,0.0,0.0,0.0,0.0,0.0,0.0,0.0,0.0,0.0,0.0,0.0,0.0,nan,nan,4.4117005813953485,2.90777221583564,nan,0.8765724676745706,0.035847844785985655,0.0,0.0,0.0,0.0,0.0,0.0,0.0,0.0,0.0,0.0,0.0,0.0,0.0,0.0,0.0,0.0,0.0,0.0,0.0,0.0,0.0,0.04043126684636119,0.1482479784366577,0.47169811320754573,2.1967654986522915,8.463611859838277,11.927223719676553,5.134770889487871,1.2129380053908358,0.40431266846361197,0.8736722107136267,0.03555031214668247,0.0,0.0,0.0,0.0,0.0,0.0,0.0,0.0,0.0,0.0,0.0,0.0,0.0,0.0,0.0,0.0,0.0,0.0,0.0,0.0,0.0,0.028024287716020557,0.1961700140121439,0.47641289117234786,2.52218589444185,8.967772069126578,11.798225128444656,4.609995329285382,1.050910789350771,0.35030359645025694,0.3982,0.00912,0.0,0.0,0.0,0.0,0.0,0.0,0.0,0.0,0.0,0.0,0.0,17.439353099730432,12.560646900269544,0.0,0.0,0.0,0.0,0.0,0.0,0.0,0.0,0.0,0.0,0.0,0.0,0.0,0.0,0.0,0.0,0.0,0.3982,0.009056,0.0,0.0,0.0,0.0,0.0,0.0,0.0,0.0,0.0,0.0,0.0,17.78141055581501,12.218589444184964,0.0,0.0,0.0,0.0,0.0,0.0,0.0,0.0,0.0,0.0,0.0,0.0,0.0,0.0,0.0,0.0,0.0
21200,4694,2394,0.510012782275245,1102,965,0.44034938219002984,1334,0.5683851725607159,0.39799999999999996,2.9030434782608694,3.0889268359916913,6.549295774647887,2.2175135814065188,8369.846953557731,506.5983905753127,7853.0,8866.4,8866.399999999998,1.8189894035458565e-12,7853.0,0.0,27.55496378355347,20.717361275814156,32.33771818871743,19.082205605247964,0.1337878142309331,0.11056668086919472,0.09480187473370259,0.08457605453770771,0.08649339582445675,0.08095440988495953,0.06561567959096719,0.059224541968470386,0.053046442266723476,0.05155517682147422,0.04452492543672774,0.04218150830847891,0.034512143161482746,0.02556455048998722,0.018108223263740945,0.008521516829995739,0.005965061780997018,0.876714480967028,0.03505427222674548,0.0,0.0,0.0,0.0,0.0,0.0,0.0,0.0,0.0,0.0,0.0,0.0,0.0,0.0,0.0,0.0,0.0,0.0,0.0,0.0,0.0,0.031955688112484025,0.0958670643374521,0.504899872177246,2.1793779292714106,7.950575202386026,12.315722198551345,5.406902428632298,1.1695781849169153,0.34512143161482756,4.249833222148099,2.8834298588147,5.0,3.7032803990902057,1.1765167569264579,4.293724966622163,2.8998366758813416,4.209688122096881,2.8712401979512925,0.9804279861475634,0.398,0.00876,0.0,0.0,0.0,0.0,0.0,0.0,0.0,0.0,0.0,0.0,0.0,17.933532168726007,12.06646783127397,0.0,0.0,0.0,0.0,0.0,0.0,0.0,0.0,0.0,0.0,0.0,0.0,0.0,0.0,0.0,0.0,0.0,nan,nan,4.251580698835275,2.8858369506466084,nan,0.398,0.04254,0.0,0.0,0.0,0.0,0.0,0.0,0.0,0.0,0.0,0.0,0.0,0.0,0.0,0.0,0.0,0.0,0.0,0.0,0.0,0.0,0.0,0.0,0.0,0.0,2.1303792074989347e-05,0.0021303792074989347,0.0034831700042607583,0.0002023860247123988,0.005347251810822327,0.001864081806561568,0.002801448657861099,0.0018427780144865786,0.006252662974009374,0.0371964209629314,0.07072858968896463,0.040999147848317,0.05382403067746059,0.07389220281210056,0.08417128248828291,0.0820089475926715,0.09074350234341713,0.09431188751597784,0.10794631444397103,0.052790796761823605,0.06545590115040477,0.026065189603749466,0.034245845760545374,0.027993182786536005,0.017724755006391136,0.006391137622496805,0.00489987217724755,0.004196847038772902,0.000458031529612271,0.0,1.0651896037494674e-05,0.0,0.0,0.0,0.0,0.0,0.0,0.0,0.0,0.0,0.0,0.0,0.0,0.0,0.0,0.0,0.0,0.0,0.0,0.0,0.0,0.0,0.0,0.0,0.0,0.0,0.0,0.0,0.0,0.0,0.0,0.0,0.0,0.0,0.0,0.0,0.0,0.0,0.0,0.0,0.0,0.0,0.0,0.0,0.0,0.0,0.0,nan,nan,4.251580698835275,2.8858369506466084,nan,0.8757257746873344,0.03514678956832433,0.0,0.0,0.0,0.0,0.0,0.0,0.0,0.0,0.0,0.0,0.0,0.0,0.0,0.0,0.0,0.0,0.0,0.0,0.0,0.0,0.0,0.025062656641604016,0.12531328320802007,0.5764411027568904,2.105263157894737,8.245614035087721,12.393483709273186,5.1002506265664165,1.0902255639097747,0.3383458646616542,0.8777435952425003,0.03492799990701646,0.0,0.0,0.0,0.0,0.0,0.0,0.0,0.0,0.0,0.0,0.0,0.0,0.0,0.0,0.0,0.0,0.0,0.0,0.0,0.0,0.0,0.0391304347826087,0.06521739130434784,0.43043478260869433,2.2565217391304353,7.643478260869567,12.234782608695655,5.7260869565217405,1.2521739130434784,0.35217391304347834,0.398,0.00875,0.0,0.0,0.0,0.0,0.0,0.0,0.0,0.0,0.0,0.0,0.0,17.93233082706764,12.067669172932334,0.0,0.0,0.0,0.0,0.0,0.0,0.0,0.0,0.0,0.0,0.0,0.0,0.0,0.0,0.0,0.0,0.0,0.398,0.008766,0.0,0.0,0.0,0.0,0.0,0.0,0.0,0.0,0.0,0.0,0.0,17.934782608695627,12.065217391304351,0.0,0.0,0.0,0.0,0.0,0.0,0.0,0.0,0.0,0.0,0.0,0.0,0.0,0.0,0.0,0.0,0.0
21300,4536,2363,0.5209435626102292,1084,927,0.443342151675485,1271,0.560405643738977,0.414,2.9926369075011503,3.12066595475384,6.564227642276423,2.157691105679538,8380.924206349207,506.25529435734904,7853.0,8866.4,8866.399999999998,1.8189894035458565e-12,7853.0,0.0,28.84700176366843,21.346204673748023,33.8855421686747,19.503078842029417,0.1371252204585538,0.09634038800705468,0.08752204585537919,0.08487654320987655,0.07517636684303351,0.07760141093474426,0.0667989417989418,0.06768077601410935,0.054673721340388004,0.053130511463844794,0.050705467372134036,0.044753086419753084,0.0341710758377425,0.027777777777777776,0.02072310405643739,0.012566137566137565,0.00837742504409171,0.8763484463910367,0.03420058569377243,0.0,0.0,0.0,0.0,0.0,0.0,0.0,0.0,0.0,0.0,0.0,0.0,0.0,0.0,0.0,0.0,0.0,0.0,0.0,0.0,0.0,0.033068783068783074,0.07936507936507937,0.4365079365079352,2.1164021164021167,8.511904761904763,12.473544973544977,4.966931216931218,1.117724867724868,0.2645502645502646,4.247217537942665,2.914046319293999,5.25,3.5619517121937516,1.2361033907726513,4.2826523777628935,2.887337611707589,4.21409214092141,2.942809306566819,0.9839911739749241,0.3982,0.00909,0.0,0.0,0.0,0.0,0.0,0.0,0.0,0.0,0.0,0.0,0.019841269841269844,17.321428571428545,12.658730158730162,0.0,0.0,0.0,0.0,0.0,0.0,0.0,0.0,0.0,0.0,0.0,0.0,0.0,0.0,0.0,0.0,0.0,nan,nan,4.248568541596497,2.915248144981437,nan,0.3982,0.04306,0.0,0.0,0.0,0.0,0.0,0.0,0.0,0.0,0.0,0.0,0.0,0.0,0.0,0.0,0.0,0.0,0.0,0.0,0.0,0.0,0.0,0.0,0.0,0.0,0.0,0.002259700176366843,0.003902116402116402,0.0001763668430335097,0.005368165784832452,0.0023148148148148147,0.0034391534391534392,0.0012014991181657849,0.006360229276895944,0.038470017636684305,0.07195767195767196,0.04132495590828924,0.053053350970017635,0.06957671957671957,0.08109567901234568,0.08335537918871253,0.09210758377425043,0.09484126984126984,0.10245811287477954,0.05131172839506173,0.0697310405643739,0.026223544973544975,0.03605599647266314,0.029905202821869488,0.016743827160493826,0.00736331569664903,0.00419973544973545,0.0046186067019400355,0.0005401234567901234,0.0,4.409171075837743e-05,0.0,0.0,0.0,0.0,0.0,0.0,0.0,0.0,0.0,0.0,0.0,0.0,0.0,0.0,0.0,0.0,0.0,0.0,0.0,0.0,0.0,0.0,0.0,0.0,0.0,0.0,0.0,0.0,0.0,0.0,0.0,0.0,0.0,0.0,0.0,0.0,0.0,0.0,0.0,0.0,0.0,0.0,0.0,0.0,0.0,0.0,nan,nan,4.248568541596497,2.915248144981437,nan,0.8777327974923224,0.03348306170702068,0.0,0.0,0.0,0.0,0.0,0.0,0.0,0.0,0.0,0.0,0.0,0.0,0.0,0.0,0.0,0.0,0.0,0.0,0.0,0.0,0.0,0.012695725772323321,0.07617435463393991,0.38087177316969834,1.8535759627592048,8.518831993228948,12.73381294964029,4.9513330512060945,1.1933982225983921,0.27930596699111304,0.8748430521653865,0.03490187429681427,0.0,0.0,0.0,0.0,0.0,0.0,0.0,0.0,0.0,0.0,0.0,0.0,0.0,0.0,0.0,0.0,0.0,0.0,0.0,0.0,0.0,0.05522319374137139,0.08283479061205708,0.4970087436723408,2.402208927749655,8.504371836171194,12.190520018407735,4.983893235158767,1.0354348826507136,0.24850437183617125,0.3982,0.008965,0.0,0.0,0.0,0.0,0.0,0.0,0.0,0.0,0.0,0.0,0.03808717731696996,17.24079559881504,12.721117223867967,0.0,0.0,0.0,0.0,0.0,0.0,0.0,0.0,0.0,0.0,0.0,0.0,0.0,0.0,0.0,0.0,0.0,0.398,0.00922,0.0,0.0,0.0,0.0,0.0,0.0,0.0,0.0,0.0,0.0,0.0,17.4091118269673,12.590888173032678,0.0,0.0,0.0,0.0,0.0,0.0,0.0,0.0,0.0,0.0,0.0,0.0,0.0,0.0,0.0,0.0,0.0
21400,4827,2437,0.5048684483115807,1154,1004,0.44706857261238864,1403,0.5813134452040605,0.40199999999999997,2.89581589958159,3.0303249862997186,6.28954802259887,2.157513037638669,8364.633685518955,506.6759800377356,7853.0,8866.4,8866.4,0.0,7853.0,0.0,27.929355707478766,20.77030612162982,32.73041983795728,19.05538724880923,0.13465920861818936,0.10089082245701264,0.09177542987362751,0.09177542987362751,0.08183136523720738,0.07893101305158484,0.06877978040190595,0.05759270768593329,0.06256474000414336,0.05365651543401699,0.04205510669152683,0.03853325046612803,0.037290242386575516,0.026724673710379118,0.016987777087217732,0.009529728609902631,0.006422208411021338,0.8768031850028092,0.03579153485898943,0.0,0.0,0.0,0.0,0.0,0.0,0.0,0.0,0.0,0.0,0.0,0.0,0.0,0.0,0.0,0.0,0.0,0.0,0.0,0.0,0.0,0.055935363579863284,0.04972032318210069,0.4474829086389047,2.2933499067743943,8.297078931013052,12.206339341205721,4.972032318210069,1.1622125543816038,0.5158483530142947,4.206267988487368,2.902418802453759,5.125,2.9764702249476644,1.218419752147799,4.221092757306226,2.906534254501483,4.196153846153846,2.9002626895919366,0.994091835317001,0.3982,0.00899,0.0,0.0,0.0,0.0,0.0,0.0,0.0,0.0,0.0,0.0,0.0062150403977625866,17.53884400248599,12.454940957116225,0.0,0.0,0.0,0.0,0.0,0.0,0.0,0.0,0.0,0.0,0.0,0.0,0.0,0.0,0.0,0.0,0.0,nan,nan,4.208612440191388,2.9029802353661625,nan,0.3982,0.04294,0.0,0.0,0.0,0.0,0.0,0.0,0.0,0.0,0.0,0.0,0.0,0.0,0.0,0.0,0.0,0.0,0.0,0.0,0.0,0.0,0.0,0.0,0.0,0.0,2.0716801325875283e-05,0.0025378081624197225,0.0037600994406463643,0.00018645121193287757,0.004754505904288378,0.002631033768386161,0.003128237000207168,0.0014087424901595195,0.006991920447482909,0.03827429044955459,0.07086181893515642,0.040232028174849804,0.055117049927491196,0.06770250673296042,0.08140667081002693,0.0850010358400663,0.0903977625854568,0.09578413093018438,0.10055935363579863,0.05496167391754713,0.06960845245494096,0.026517505697120365,0.03864719287342035,0.027004350528278435,0.016490573855396727,0.00584213797389683,0.004723430702299565,0.004764864304951316,0.0006007872384503832,1.0358400662937642e-05,2.0716801325875283e-05,1.0358400662937642e-05,4.1433602651750566e-05,0.0,0.0,0.0,0.0,0.0,0.0,0.0,0.0,0.0,0.0,0.0,0.0,0.0,0.0,0.0,0.0,0.0,0.0,0.0,0.0,0.0,0.0,0.0,0.0,0.0,0.0,0.0,0.0,0.0,0.0,0.0,0.0,0.0,0.0,0.0,0.0,0.0,0.0,0.0,0.0,0.0,0.0,0.0,0.0,nan,nan,4.208612440191388,2.9029802353661625,nan,0.8766515222934117,0.036101443761669016,0.0,0.0,0.0,0.0,0.0,0.0,0.0,0.0,0.0,0.0,0.0,0.0,0.0,0.0,0.0,0.0,0.0,0.0,0.0,0.0,0.0,0.06155108740254412,0.07386130488305294,0.4431678292983162,2.252769798933115,8.444809191629053,12.06401313089865,5.0225687320476,1.0709889208042678,0.5662700041034059,0.8769578302006342,0.03547207601410858,0.0,0.0,0.0,0.0,0.0,0.0,0.0,0.0,0.0,0.0,0.0,0.0,0.0,0.0,0.0,0.0,0.0,0.0,0.0,0.0,0.0,0.050209205020920515,0.025104602510460258,0.4518828451882831,2.3347280334728038,8.146443514644353,12.351464435146447,4.92050209205021,1.2552301255230127,0.46443514644351475,0.3982,0.00901,0.0,0.0,0.0,0.0,0.0,0.0,0.0,0.0,0.0,0.0,0.012310217480508825,17.60361099712759,12.384078785391878,0.0,0.0,0.0,0.0,0.0,0.0,0.0,0.0,0.0,0.0,0.0,0.0,0.0,0.0,0.0,0.0,0.0,0.398,0.00896,0.0,0.0,0.0,0.0,0.0,0.0,0.0,0.0,0.0,0.0,0.0,17.472803347280312,12.527196652719669,0.0,0.0,0.0,0.0,0.0,0.0,0.0,0.0,0.0,0.0,0.0,0.0,0.0,0.0,0.0,0.0,0.0
21500,4763,2399,0.5036741549443629,1135,976,0.44320806214570646,1338,0.5618307789208482,0.414,2.934010152284264,3.0869866030718347,6.579510703363915,2.048108489421889,8363.423388620618,506.68631950860845,7853.0,8866.4,8866.399999999998,1.8189894035458565e-12,7853.0,0.0,27.849884526558892,20.86576508845376,32.746380429355966,19.137038466470084,0.14129750157463783,0.10014696619777451,0.09468822170900693,0.08608020155364267,0.08125131219819441,0.06697459584295612,0.07411295402057527,0.06676464413184967,0.054587444887675834,0.05017845895444048,0.045769473021205126,0.04450976275456645,0.036111694310308626,0.024984253621667018,0.015326474910770523,0.009027923577577156,0.008188116733151375,0.874989575707009,0.03499458642218031,0.0,0.0,0.0,0.0,0.0,0.0,0.0,0.0,0.0,0.0,0.0,0.0,0.0,0.0,0.0,0.0,0.0,0.0,0.0,0.0,0.0,0.012597102666386735,0.13856812933025406,0.5605710686542078,2.217090069284065,8.843166071803486,12.181398278395973,4.692420743229058,1.0077682133109387,0.3464203233256352,4.308621815806663,2.8580248088477336,5.0,0.0,1.1604638823618585,4.313712807244502,2.874346687510773,4.305207646671061,2.840252254154943,0.998028343342849,0.3977,0.00936,0.0,0.0,0.0,0.0,0.0,0.0,0.0,0.0,0.0,0.0,0.0188956539995801,17.875288683602747,12.105815662397651,0.0,0.0,0.0,0.0,0.0,0.0,0.0,0.0,0.0,0.0,0.0,0.0,0.0,0.0,0.0,0.0,0.0,nan,nan,4.309073107049608,2.857146447934121,nan,0.398,0.04327,0.0,0.0,0.0,0.0,0.0,0.0,0.0,0.0,0.0,0.0,0.0,0.0,0.0,0.0,0.0,0.0,0.0,0.0,0.0,0.0,0.0,0.0,0.0,5.248792777661138e-05,0.0,0.0033697249632584506,0.0037161452865840856,0.00036741549443627963,0.0047344110854503465,0.002970816712156204,0.0027818601721604033,0.0018055847155154315,0.00687591853873609,0.03763384421583036,0.0720974175939534,0.042924627335712784,0.054629435229897126,0.0664917069074113,0.07861641822380852,0.08801175729582196,0.09077262229687172,0.09521310098677305,0.10159563300440899,0.05242494226327945,0.06854923367625446,0.02523619567499475,0.0391140037791308,0.02642242284274617,0.01629225278186017,0.005920638253201764,0.005731681713205963,0.004723913499895024,0.0006613478899853034,6.298551333193365e-05,0.00019945412555112324,0.0,0.0,0.0,0.0,0.0,0.0,0.0,0.0,0.0,0.0,0.0,0.0,0.0,0.0,0.0,0.0,0.0,0.0,0.0,0.0,0.0,0.0,0.0,0.0,0.0,0.0,0.0,0.0,0.0,0.0,0.0,0.0,0.0,0.0,0.0,0.0,0.0,0.0,0.0,0.0,0.0,0.0,0.0,0.0,0.0,0.0,nan,nan,4.309073107049608,2.857146447934121,nan,0.8752420085974165,0.03468365755077693,0.0,0.0,0.0,0.0,0.0,0.0,0.0,0.0,0.0,0.0,0.0,0.0,0.0,0.0,0.0,0.0,0.0,0.0,0.0,0.0,0.0,0.0,0.12505210504376826,0.5377240516882017,2.1008753647353067,9.003751563151315,12.18007503126303,4.68945393914131,0.9754064193413924,0.3876615256356816,0.8747334054430124,0.035305474456406624,0.0,0.0,0.0,0.0,0.0,0.0,0.0,0.0,0.0,0.0,0.0,0.0,0.0,0.0,0.0,0.0,0.0,0.0,0.0,0.0,0.0,0.025380710659898484,0.15228426395939088,0.5837563451776632,2.3350253807106602,8.68020304568528,12.182741116751272,4.695431472081219,1.0406091370558377,0.30456852791878175,0.398,0.00946,0.0,0.0,0.0,0.0,0.0,0.0,0.0,0.0,0.0,0.0,0.025010421008753652,18.145060441850745,11.829929137140478,0.0,0.0,0.0,0.0,0.0,0.0,0.0,0.0,0.0,0.0,0.0,0.0,0.0,0.0,0.0,0.0,0.0,0.3977,0.00926,0.0,0.0,0.0,0.0,0.0,0.0,0.0,0.0,0.0,0.0,0.012690355329949242,17.601522842639568,12.38578680203046,0.0,0.0,0.0,0.0,0.0,0.0,0.0,0.0,0.0,0.0,0.0,0.0,0.0,0.0,0.0,0.0,0.0
21600,4876,2495,0.5116899097621,1134,1021,0.441960623461854,1410,0.5783429040196882,0.418,2.99580008399832,3.0954273900284357,6.497076023391813,2.223937472841656,8371.546554552911,506.56149591656157,7853.0,8866.4,8866.4,0.0,7853.0,0.0,27.852748154224773,21.132304588133465,33.086785009861934,19.322061843518295,0.14827727645611158,0.10028712059064807,0.09085315832649712,0.08347005742411813,0.0773174733388023,0.07403609515996719,0.07075471698113207,0.06357670221493027,0.059269893355209186,0.04799015586546349,0.045118949958982774,0.04593929450369155,0.03342904019688269,0.022969647251845776,0.015176374077112387,0.011279737489745693,0.010254306808859722,0.8726078073346684,0.034786291482304624,0.0,0.0,0.0,0.0,0.0,0.0,0.0,0.0,0.0,0.0,0.0,0.0,0.0,0.0,0.0,0.0,0.0,0.0,0.0,0.0,0.0,0.012305168170631669,0.18457752255947502,0.5414273995077916,2.5041017227235445,9.431911402789172,11.65299425758819,4.479081214109927,0.9228876127973751,0.2707136997538967,4.372674791533034,2.8996998303123727,4.571428571428571,2.969229955832361,1.0454535929084852,4.418797953964194,2.9595187947133903,4.327354260089686,2.838118176005009,0.9793057535494529,0.397,0.00905,0.0,0.0,0.0,0.0,0.0,0.0,0.0,0.0,0.0,0.0,0.0,18.913043478260843,11.086956521739133,0.0,0.0,0.0,0.0,0.0,0.0,0.0,0.0,0.0,0.0,0.0,0.0,0.0,0.0,0.0,0.0,0.0,nan,nan,4.37312,2.899872663687149,nan,0.397,0.0432,0.0,0.0,0.0,0.0,0.0,0.0,0.0,0.0,0.0,0.0,0.0,0.0,0.0,0.0,0.0,0.0,0.0,0.0,0.0,0.0,0.0,0.0,0.0,0.00018457752255947497,0.0,0.0031685808039376537,0.0034454470877768664,0.0004306808859721083,0.0051681706316653,0.0028917145200984414,0.0032916324856439704,0.0015381460213289581,0.007311320754716981,0.03832034454470878,0.07543068088597212,0.04105824446267432,0.054552912223133715,0.06945242001640689,0.08017842493847416,0.08963289581624283,0.09571369975389664,0.08812551271534044,0.10151763740771123,0.049456521739130434,0.06720672682526661,0.02565627563576702,0.03651558654634947,0.027286710418375718,0.016355619360131256,0.0063269073010664475,0.005065627563576702,0.0038453650533223954,0.0006665299425758818,5.127153404429861e-05,0.00015381460213289582,0.0,0.0,0.0,0.0,0.0,0.0,0.0,0.0,0.0,0.0,0.0,0.0,0.0,0.0,0.0,0.0,0.0,0.0,0.0,0.0,0.0,0.0,0.0,0.0,0.0,0.0,0.0,0.0,0.0,0.0,0.0,0.0,0.0,0.0,0.0,0.0,0.0,0.0,0.0,0.0,0.0,0.0,0.0,0.0,0.0,0.0,nan,nan,4.37312,2.899872663687149,nan,0.873216954524627,0.03482266004844815,0.0,0.0,0.0,0.0,0.0,0.0,0.0,0.0,0.0,0.0,0.0,0.0,0.0,0.0,0.0,0.0,0.0,0.0,0.0,0.0,0.0,0.012024048096192388,0.13226452905811625,0.5050100200400787,2.5250501002004015,9.462925851703408,11.603206412825655,4.48496993987976,0.9498997995991986,0.3246492985971945,0.8719694947605622,0.03473668116792361,0.0,0.0,0.0,0.0,0.0,0.0,0.0,0.0,0.0,0.0,0.0,0.0,0.0,0.0,0.0,0.0,0.0,0.0,0.0,0.0,0.0,0.012599748005039902,0.23939521209575812,0.5795884082318336,2.4821503569928605,9.399412011759766,11.70516589668207,4.472910541789165,0.894582108357833,0.21419571608567833,0.3972,0.00898,0.0,0.0,0.0,0.0,0.0,0.0,0.0,0.0,0.0,0.0,0.0,18.673346693386748,11.32665330661323,0.0,0.0,0.0,0.0,0.0,0.0,0.0,0.0,0.0,0.0,0.0,0.0,0.0,0.0,0.0,0.0,0.0,0.397,0.009125,0.0,0.0,0.0,0.0,0.0,0.0,0.0,0.0,0.0,0.0,0.0,19.16421671566566,10.835783284334317,0.0,0.0,0.0,0.0,0.0,0.0,0.0,0.0,0.0,0.0,0.0,0.0,0.0,0.0,0.0,0.0,0.0
21700,4688,2426,0.5174914675767918,1136,941,0.44304607508532423,1311,0.5593003412969283,0.39399999999999996,2.9610963748894785,3.0448007954095964,6.25,2.2894087043533453,8377.425853242321,506.3898538940443,7853.0,8866.4,8866.4,0.0,7853.0,0.0,28.86753412969283,21.32214083985398,33.53555332999499,19.64362927550445,0.128839590443686,0.10004266211604096,0.09492320819112628,0.08084470989761092,0.08148464163822526,0.07337883959044368,0.06868600682593856,0.06868600682593856,0.053540955631399316,0.05204778156996587,0.05012798634812287,0.040955631399317405,0.03775597269624573,0.027517064846416382,0.01727815699658703,0.014078498293515358,0.009812286689419795,0.871346010422849,0.03559622649229327,0.0,0.0,0.0,0.0,0.0,0.0,0.0,0.0,0.0,0.0,0.0,0.0,0.0,0.0,0.0,0.0,0.0,0.0,0.0,0.0,0.0,0.01919795221843004,0.17278156996587035,0.6399317406143324,2.732508532423209,9.541382252559728,11.557167235494884,3.973976109215018,1.0686860068259387,0.2943686006825939,4.147433801896044,2.845510412009215,5.2,2.4819347291981715,1.2537873413730591,4.059244791666667,2.800624084555745,4.239528795811518,2.8866378906953374,1.0444131885110652,0.3962,0.00921,0.0,0.0,0.0,0.0,0.0,0.0,0.0,0.0,0.0,0.0,0.03199658703071673,19.6843003412969,10.283703071672356,0.0,0.0,0.0,0.0,0.0,0.0,0.0,0.0,0.0,0.0,0.0,0.0,0.0,0.0,0.0,0.0,0.0,nan,nan,4.149151436031332,2.845272164920577,nan,0.3962,0.04306,0.0,0.0,0.0,0.0,0.0,0.0,0.0,0.0,0.0,0.0,0.0,0.0,0.0,0.0,0.0,0.0,0.0,0.0,0.0,0.0,0.0,0.0,0.0,3.1996587030716724e-05,3.1996587030716724e-05,0.0031783276450511946,0.0038609215017064847,0.00021331058020477816,0.005204778156996587,0.0028263651877133106,0.0037116040955631397,0.0015891638225255973,0.0066979522184300345,0.04126493174061433,0.07851962457337884,0.03743600682593857,0.0564953071672355,0.06930460750853243,0.0810580204778157,0.09099829351535836,0.09782423208191127,0.08679607508532423,0.09810153583617748,0.0513971843003413,0.06427047781569965,0.025938566552901023,0.0351962457337884,0.02861561433447099,0.015411689419795222,0.005844709897610921,0.004223549488054607,0.002975682593856655,0.0008852389078498294,0.0,9.598976109215016e-05,0.0,0.0,0.0,0.0,0.0,0.0,0.0,0.0,0.0,0.0,0.0,0.0,0.0,0.0,0.0,0.0,0.0,0.0,0.0,0.0,0.0,0.0,0.0,0.0,0.0,0.0,0.0,0.0,0.0,0.0,0.0,0.0,0.0,0.0,0.0,0.0,0.0,0.0,0.0,0.0,0.0,0.0,0.0,0.0,0.0,0.0,nan,nan,4.149151436031332,2.845272164920577,nan,0.8713077524675383,0.03628821639894353,0.0,0.0,0.0,0.0,0.0,0.0,0.0,0.0,0.0,0.0,0.0,0.0,0.0,0.0,0.0,0.0,0.0,0.0,0.0,0.0,0.0,0.037098103874690855,0.19785655399835125,0.6430338004946394,2.7699917559769176,9.682605111294313,11.005770816158288,4.315746084089036,1.051112943116241,0.29678483099752684,0.8713870421644864,0.03483874679604558,0.0,0.0,0.0,0.0,0.0,0.0,0.0,0.0,0.0,0.0,0.0,0.0,0.0,0.0,0.0,0.0,0.0,0.0,0.0,0.0,0.0,0.0,0.14588859416445626,0.636604774535807,2.6923076923076925,9.389920424403185,12.148541114058359,3.6074270557029187,1.0875331564986739,0.29177718832891253,0.3962,0.00923,0.0,0.0,0.0,0.0,0.0,0.0,0.0,0.0,0.0,0.0,0.012366034624896953,19.736191261335506,10.251442704039574,0.0,0.0,0.0,0.0,0.0,0.0,0.0,0.0,0.0,0.0,0.0,0.0,0.0,0.0,0.0,0.0,0.0,0.3962,0.00917,0.0,0.0,0.0,0.0,0.0,0.0,0.0,0.0,0.0,0.0,0.053050397877984094,19.628647214854084,10.318302387267906,0.0,0.0,0.0,0.0,0.0,0.0,0.0,0.0,0.0,0.0,0.0,0.0,0.0,0.0,0.0,0.0,0.0
21800,4769,2420,0.5074439085762215,1172,992,0.4537638918012162,1356,0.5686726777102118,0.41,2.9054916985951467,3.074429286081609,6.574803149606299,2.022393082500917,8367.243656951143,506.6438425953712,7853.0,8866.4,8866.399999999998,1.8189894035458565e-12,7853.0,0.0,27.594044873139023,20.776043063471306,32.491131651261554,19.08812042966127,0.14132941916544348,0.10065003145313482,0.09456909205284127,0.08869784021807507,0.08135877542461732,0.07548752358985113,0.07171314741035857,0.06416439505137346,0.054728454602642064,0.05179282868525897,0.044873139022855946,0.03921157475361711,0.031662822394632,0.02432375760117425,0.018662193331935417,0.009226252883204026,0.007548752358985112,0.8712285724569102,0.033725902474135865,0.0,0.0,0.0,0.0,0.0,0.0,0.0,0.0,0.0,0.0,0.0,0.0,0.0,0.0,0.0,0.0,0.0,0.0,0.0,0.0,0.0,0.018871880897462782,0.11323128538477671,0.48437827636820985,2.9691759278674783,9.4988467183896,11.618788005871254,4.170685678339275,0.9373034179073183,0.18871880897462784,4.309274983670804,2.926495363261317,4.0,2.1213203435596424,0.9282303902993557,4.316166883963494,2.9074892125408702,4.301566579634465,2.9436257016945633,0.9966172984683989,0.3962,0.00893,0.0,0.0,0.0,0.0,0.0,0.0,0.0,0.0,0.0,0.0,0.025162507863283713,19.94128748165231,10.03355001048438,0.0,0.0,0.0,0.0,0.0,0.0,0.0,0.0,0.0,0.0,0.0,0.0,0.0,0.0,0.0,0.0,0.0,nan,nan,4.308871493803001,2.925610573221871,nan,0.3962,0.043,0.0,0.0,0.0,0.0,0.0,0.0,0.0,0.0,0.0,0.0,0.0,0.0,0.0,0.0,0.0,0.0,0.0,0.0,0.0,0.0,0.0,5.242189138184106e-05,0.0,0.00011532816104005033,4.1937513105472846e-05,0.0029565946739358354,0.004026001258125393,0.00022017194380373245,0.004959110924722164,0.0029775634304885722,0.003627594883623401,0.0016670161459425457,0.007045502201719438,0.0418536380792619,0.07796183686307402,0.03827846508702034,0.05549381421681694,0.06809603690501154,0.08086600964562801,0.08834137135667855,0.09625707695533654,0.08989305934158104,0.10079681274900398,0.05242189138184106,0.06566366114489411,0.026420633256447893,0.03372824491507653,0.028349758859299645,0.014374082616900818,0.004938142168169428,0.004508282658838331,0.003229188509121409,0.0007758439924512476,2.0968756552736423e-05,4.1937513105472846e-05,0.0,0.0,0.0,0.0,0.0,0.0,0.0,0.0,0.0,0.0,0.0,0.0,0.0,0.0,0.0,0.0,0.0,0.0,0.0,0.0,0.0,0.0,0.0,0.0,0.0,0.0,0.0,0.0,0.0,0.0,0.0,0.0,0.0,0.0,0.0,0.0,0.0,0.0,0.0,0.0,0.0,0.0,0.0,0.0,0.0,0.0,nan,nan,4.308871493803001,2.925610573221871,nan,0.8719102913929411,0.03397443084979657,0.0,0.0,0.0,0.0,0.0,0.0,0.0,0.0,0.0,0.0,0.0,0.0,0.0,0.0,0.0,0.0,0.0,0.0,0.0,0.0,0.0,0.0,0.14876033057851243,0.49586776859503984,2.9008264462809925,9.371900826446282,11.491735537190086,4.462809917355373,0.9173553719008266,0.2107438016528926,0.8705262481379682,0.03345340695171941,0.0,0.0,0.0,0.0,0.0,0.0,0.0,0.0,0.0,0.0,0.0,0.0,0.0,0.0,0.0,0.0,0.0,0.0,0.0,0.0,0.0,0.03831417624521073,0.07662835249042146,0.4725415070242642,3.0395913154533853,9.629629629629632,11.74968071519796,3.869731800766284,0.9578544061302684,0.16602809706257987,0.3965,0.008865,0.0,0.0,0.0,0.0,0.0,0.0,0.0,0.0,0.0,0.0,0.03719008264462811,19.747933884297492,10.214876033057854,0.0,0.0,0.0,0.0,0.0,0.0,0.0,0.0,0.0,0.0,0.0,0.0,0.0,0.0,0.0,0.0,0.0,0.3962,0.00899,0.0,0.0,0.0,0.0,0.0,0.0,0.0,0.0,0.0,0.0,0.012771392081736912,20.140485312899077,9.84674329501916,0.0,0.0,0.0,0.0,0.0,0.0,0.0,0.0,0.0,0.0,0.0,0.0,0.0,0.0,0.0,0.0,0.0
21900,4785,2460,0.5141065830721003,1185,972,0.4507836990595611,1346,0.5625914315569488,0.418,2.9991397849462365,3.0933851228216924,6.5175953079178885,2.1580813327051325,8373.995611285267,506.49829762594504,7853.0,8866.4,8866.399999999998,1.8189894035458565e-12,7853.0,0.0,28.498223615464994,20.914495954841584,33.152013752455794,19.186442441159965,0.13187042842215255,0.09947753396029257,0.08986415882967608,0.08735632183908046,0.08150470219435736,0.07439916405433647,0.07314524555903866,0.061233019853709506,0.0593521421107628,0.052873563218390804,0.04723092998955068,0.03970741901776385,0.037199582027168235,0.029049111807732498,0.02006269592476489,0.010240334378265412,0.005433646812957158,0.8707874095801151,0.03471486849243505,0.0,0.0,0.0,0.0,0.0,0.0,0.0,0.0,0.0,0.0,0.0,0.0,0.0,0.0,0.0,0.0,0.0,0.0,0.0,0.0,0.00626959247648903,0.01253918495297806,0.09404388714733544,0.645768025078368,2.8589341692789976,9.974921630094045,11.128526645768028,4.031347962382446,0.9905956112852666,0.2570532915360502,4.259554140127388,2.878398759561185,3.0,2.0816659994661326,0.7042990654205608,4.242405063291139,2.8578294477416644,4.272030651340996,2.897362492704483,1.0069832058956847,0.3962,0.00892,0.0,0.0,0.0,0.0,0.0,0.0,0.0,0.0,0.0,0.0,0.01880877742946709,20.13793103448273,9.843260188087775,0.0,0.0,0.0,0.0,0.0,0.0,0.0,0.0,0.0,0.0,0.0,0.0,0.0,0.0,0.0,0.0,0.0,nan,nan,4.257151938970121,2.877614021085213,nan,0.3962,0.0432,0.0,0.0,0.0,0.0,0.0,0.0,0.0,0.0,0.0,0.0,0.0,0.0,0.0,0.0,0.0,0.0,0.0,2.089864158829676e-05,0.0,0.0,0.0,5.22466039707419e-05,0.0,0.00015673981191222572,1.044932079414838e-05,0.0034482758620689655,0.004022988505747126,0.00018808777429467084,0.004764890282131662,0.0030616509926854754,0.003625914315569488,0.002058516196447231,0.006760710553814002,0.04239289446185998,0.07924764890282132,0.03743991640543365,0.05241379310344828,0.0703239289446186,0.07852664576802508,0.09217345872518286,0.09614420062695925,0.08815047021943574,0.10420062695924764,0.05075235109717868,0.06442006269592476,0.024273772204806688,0.03256008359456635,0.029425287356321838,0.01568443051201672,0.004681295715778474,0.005642633228840125,0.0024555903866248694,0.0008881922675026123,1.044932079414838e-05,2.089864158829676e-05,0.0,0.0,0.0,0.0,0.0,0.0,0.0,0.0,0.0,0.0,0.0,0.0,0.0,0.0,0.0,0.0,0.0,0.0,0.0,0.0,0.0,0.0,0.0,0.0,0.0,0.0,0.0,0.0,0.0,0.0,0.0,0.0,0.0,0.0,0.0,0.0,0.0,0.0,0.0,0.0,0.0,0.0,0.0,0.0,0.0,0.0,nan,nan,4.257151938970121,2.877614021085213,nan,0.8705228582145722,0.034371717404744,0.0,0.0,0.0,0.0,0.0,0.0,0.0,0.0,0.0,0.0,0.0,0.0,0.0,0.0,0.0,0.0,0.0,0.0,0.0,0.0,0.0,0.02439024390243903,0.09756097560975611,0.5975609756097543,2.9146341463414642,9.987804878048783,11.134146341463417,4.073170731707318,0.9634146341463417,0.20731707317073175,0.8710673219926895,0.035072116742750195,0.0,0.0,0.0,0.0,0.0,0.0,0.0,0.0,0.0,0.0,0.0,0.0,0.0,0.0,0.0,0.0,0.0,0.0,0.0,0.0,0.012903225806451616,0.0,0.09032258064516131,0.696774193548385,2.8000000000000007,9.961290322580647,11.122580645161294,3.987096774193549,1.0193548387096776,0.3096774193548388,0.3962,0.00887,0.0,0.0,0.0,0.0,0.0,0.0,0.0,0.0,0.0,0.0,0.02439024390243903,20.219512195121922,9.756097560975611,0.0,0.0,0.0,0.0,0.0,0.0,0.0,0.0,0.0,0.0,0.0,0.0,0.0,0.0,0.0,0.0,0.0,0.3962,0.00898,0.0,0.0,0.0,0.0,0.0,0.0,0.0,0.0,0.0,0.0,0.012903225806451616,20.051612903225777,9.935483870967744,0.0,0.0,0.0,0.0,0.0,0.0,0.0,0.0,0.0,0.0,0.0,0.0,0.0,0.0,0.0,0.0,0.0
22000,4649,2473,0.5319423531942353,1147,934,0.44762314476231446,1297,0.5579694557969456,0.426,3.1020220588235294,3.1574310619993136,6.681528662420382,2.2840856693039924,8392.070380727037,505.6649567169812,7853.0,8866.4,8866.399999999998,1.8189894035458565e-12,7853.0,0.0,28.428694342869434,20.8784836678787,33.60730828615543,18.907437344572312,0.14433211443321145,0.09184770918477092,0.08625510862551086,0.08539470853947086,0.07700580770058077,0.07270380727038073,0.0699075069907507,0.06926220692622069,0.058292105829210586,0.05700150570015057,0.04882770488277049,0.046246504624650464,0.032480103248010324,0.02710260271026027,0.01699290169929017,0.012475801247580125,0.003871800387180039,0.8698422404149959,0.034916664535373086,0.0,0.0,0.0,0.0,0.0,0.0,0.0,0.0,0.0,0.0,0.0,0.0,0.0,0.0,0.0,0.0,0.0,0.0,0.0,0.0,0.0,0.0,0.10970101097010113,0.742095074209505,2.9361152936115302,10.079587007958702,11.060443106044314,3.833082383308239,1.0066681006668103,0.23230802323080238,4.267082785808147,2.9690619852051148,2.3333333333333335,2.0548046676563256,0.5468216696178819,4.230563002680965,2.9217551290678716,4.2998712998713,3.0135109713894637,1.0163827597287673,0.3962,0.008934,0.0,0.0,0.0,0.0,0.0,0.0,0.0,0.0,0.0,0.0,0.006453000645300066,19.86233598623357,10.131211013121103,0.0,0.0,0.0,0.0,0.0,0.0,0.0,0.0,0.0,0.0,0.0,0.0,0.0,0.0,0.0,0.0,0.0,nan,nan,4.265178864456843,2.96891981969964,nan,0.3962,0.04318,0.0,0.0,0.0,0.0,0.0,0.0,0.0,0.0,0.0,0.0,0.0,0.0,0.0,0.0,0.0,0.0,0.0,0.0,0.0,0.0,0.0,0.0,0.0,8.604000860400086e-05,0.0,0.0038610453861045385,0.004775220477522048,0.00032265003226500323,0.0047106904710690475,0.0027640352764035274,0.003570660357066036,0.0022477952247795226,0.006388470638847064,0.041417509141750915,0.07776941277694127,0.03783609378360938,0.053108195310819534,0.0693805119380512,0.07704882770488276,0.0899010539901054,0.09819315981931598,0.0893202839320284,0.10474295547429555,0.05426973542697354,0.06331469133146914,0.024360077436007745,0.03224349322434932,0.029834372983437298,0.015605506560550656,0.00505485050548505,0.005162400516240052,0.0021510002151000217,0.0005592600559260056,0.0,0.0,0.0,0.0,0.0,0.0,0.0,0.0,0.0,0.0,0.0,0.0,0.0,0.0,0.0,0.0,0.0,0.0,0.0,0.0,0.0,0.0,0.0,0.0,0.0,0.0,0.0,0.0,0.0,0.0,0.0,0.0,0.0,0.0,0.0,0.0,0.0,0.0,0.0,0.0,0.0,0.0,0.0,0.0,0.0,0.0,0.0,0.0,nan,nan,4.265178864456843,2.96891981969964,nan,0.8697621898037964,0.034553955141429775,0.0,0.0,0.0,0.0,0.0,0.0,0.0,0.0,0.0,0.0,0.0,0.0,0.0,0.0,0.0,0.0,0.0,0.0,0.0,0.0,0.0,0.0,0.09704811969268098,0.8127780024262005,2.8143954710877486,10.068742418115653,11.330367974120504,3.6514355034371215,0.9826122118883949,0.24262029923170242,0.8699332170517129,0.03532413834709516,0.0,0.0,0.0,0.0,0.0,0.0,0.0,0.0,0.0,0.0,0.0,0.0,0.0,0.0,0.0,0.0,0.0,0.0,0.0,0.0,0.0,0.0,0.12408088235294121,0.6617647058823508,3.0744485294117654,10.091911764705884,10.753676470588237,4.03952205882353,1.0340073529411766,0.2205882352941177,0.3962,0.00889,0.0,0.0,0.0,0.0,0.0,0.0,0.0,0.0,0.0,0.0,0.012131014961585123,20.040436716538586,9.947432268499801,0.0,0.0,0.0,0.0,0.0,0.0,0.0,0.0,0.0,0.0,0.0,0.0,0.0,0.0,0.0,0.0,0.0,0.3962,0.008995,0.0,0.0,0.0,0.0,0.0,0.0,0.0,0.0,0.0,0.0,0.0,19.659926470588207,10.340073529411766,0.0,0.0,0.0,0.0,0.0,0.0,0.0,0.0,0.0,0.0,0.0,0.0,0.0,0.0,0.0,0.0,0.0
22100,4659,2402,0.515561279244473,1113,935,0.4395793088645632,1296,0.5563425627817128,0.43,3.072219760744351,3.1937319662040102,6.813271604938271,2.1539533937685498,8375.469800386349,506.4545422797337,7853.0,8866.4,8866.4,0.0,7853.0,0.0,28.12985619231595,20.976537332961886,33.170081967213115,19.176588954444103,0.14123202403949345,0.0995921871646276,0.09637261214852973,0.07963082206482078,0.07576733204550333,0.07619660871431638,0.07018673535093367,0.0643915003219575,0.05859626529298133,0.05001073191672033,0.0463618802318094,0.0420691135436789,0.03734707018673535,0.026185876797596052,0.02017600343421335,0.011805108392358874,0.004078128353723975,0.8691282491618457,0.03530998419247288,0.0,0.0,0.0,0.0,0.0,0.0,0.0,0.0,0.0,0.0,0.0,0.0,0.0,0.0,0.0,0.0,0.0,0.0,0.0,0.0,0.0,0.019317450096587252,0.15453960077269802,0.6632324533161602,3.032839665164199,10.186735350933679,11.410173857050873,3.322601416613008,0.8757244043786222,0.3348358016741791,4.457803081044876,2.960285416683492,4.875,2.521780125229002,1.0935880099166104,4.437373053486797,3.020518525820638,4.4798945286750165,2.8982567878164827,1.00958257840296,0.3967,0.00912,0.0,0.0,0.0,0.0,0.0,0.0,0.0,0.0,0.0,0.0,0.0064391500321957515,18.905344494526695,11.088216355441086,0.0,0.0,0.0,0.0,0.0,0.0,0.0,0.0,0.0,0.0,0.0,0.0,0.0,0.0,0.0,0.0,0.0,nan,nan,4.458917835671342,2.959278677625042,nan,0.3967,0.0432,0.0,0.0,0.0,0.0,0.0,0.0,0.0,0.0,0.0,0.0,0.0,0.0,0.0,0.0,0.0,0.0,0.0,0.0,0.0,0.0,0.0,0.0,0.0,2.1463833440652502e-05,0.0,0.0027259068469628676,0.005086928525434643,0.00022537025112685127,0.004936681691350075,0.002275166344709165,0.0040995921871646275,0.0025756600128783,0.00583816269585748,0.041414466623739,0.08013522215067612,0.03417042283751878,0.05426057093796952,0.0661086069972097,0.07742004722043357,0.09172569220862846,0.09940974458038206,0.09068469628675681,0.10034342133505043,0.05236102167847177,0.062427559562137795,0.02699077055162052,0.03446018458896759,0.03212062674393647,0.013844172569220863,0.00592401802962009,0.005226443442798884,0.0025112685125563425,0.0006761107533805537,0.0,0.0,0.0,0.0,0.0,0.0,0.0,0.0,0.0,0.0,0.0,0.0,0.0,0.0,0.0,0.0,0.0,0.0,0.0,0.0,0.0,0.0,0.0,0.0,0.0,0.0,0.0,0.0,0.0,0.0,0.0,0.0,0.0,0.0,0.0,0.0,0.0,0.0,0.0,0.0,0.0,0.0,0.0,0.0,0.0,0.0,0.0,0.0,nan,nan,4.458917835671342,2.959278677625042,nan,0.8692753752949435,0.03448211502849594,0.0,0.0,0.0,0.0,0.0,0.0,0.0,0.0,0.0,0.0,0.0,0.0,0.0,0.0,0.0,0.0,0.0,0.0,0.0,0.0,0.0,0.012489592006661119,0.16236469608659454,0.6369691923397149,2.822647793505413,10.203996669442134,11.815154038301419,3.247293921731891,0.8368026644462949,0.2622814321398835,0.8689716709732322,0.03616957459849431,0.0,0.0,0.0,0.0,0.0,0.0,0.0,0.0,0.0,0.0,0.0,0.0,0.0,0.0,0.0,0.0,0.0,0.0,0.0,0.0,0.0,0.026583961010190525,0.14621178555604789,0.6911829862649513,3.2565352237483394,10.168365086397875,10.979175897208687,3.4027470093043872,0.9171466548515731,0.4120513956579531,0.3967,0.008934,0.0,0.0,0.0,0.0,0.0,0.0,0.0,0.0,0.0,0.0,0.012489592006661119,19.134054954204803,10.853455453788513,0.0,0.0,0.0,0.0,0.0,0.0,0.0,0.0,0.0,0.0,0.0,0.0,0.0,0.0,0.0,0.0,0.0,0.3967,0.009315,0.0,0.0,0.0,0.0,0.0,0.0,0.0,0.0,0.0,0.0,0.0,18.66194062915372,11.33805937084626,0.0,0.0,0.0,0.0,0.0,0.0,0.0,0.0,0.0,0.0,0.0,0.0,0.0,0.0,0.0,0.0,0.0
22200,4840,2544,0.5256198347107438,1200,968,0.4479338842975207,1339,0.5533057851239669,0.40599999999999997,2.923780487804878,3.0569266170548324,6.421216848673947,2.135164120242598,8385.663140495866,506.03439145535515,7853.0,8866.4,8866.399999999998,1.8189894035458565e-12,7853.0,0.0,28.979132231404957,21.254658664618844,33.85892116182573,19.441747895897343,0.13161157024793388,0.09566115702479339,0.09359504132231405,0.0834710743801653,0.07561983471074381,0.07314049586776859,0.06942148760330578,0.06652892561983471,0.058884297520661155,0.049586776859504134,0.052479338842975204,0.04442148760330578,0.03615702479338843,0.029958677685950414,0.019421487603305785,0.012396694214876033,0.007644628099173554,0.869984431626383,0.03583732568543011,0.0,0.0,0.0,0.0,0.0,0.0,0.0,0.0,0.0,0.0,0.0,0.0,0.0,0.0,0.0,0.0,0.0,0.0,0.0,0.0,0.0,0.018595041322314054,0.17355371900826452,0.6198347107437997,3.018595041322315,10.028925619834713,11.002066115702481,3.7747933884297526,1.0723140495867771,0.2913223140495868,4.095058231035568,2.8556330921552306,5.1,2.5475478405713994,1.245403535741737,4.08498759305211,2.864967304339251,4.111746031746032,2.8452503110140452,1.0065504332839184,0.397,0.00921,0.0,0.0,0.0,0.0,0.0,0.0,0.0,0.0,0.0,0.0,0.018595041322314054,18.82438016528923,11.157024793388432,0.0,0.0,0.0,0.0,0.0,0.0,0.0,0.0,0.0,0.0,0.0,0.0,0.0,0.0,0.0,0.0,0.0,nan,nan,4.098211484154377,2.855271620936489,nan,0.397,0.04358,0.0,0.0,0.0,0.0,0.0,0.0,0.0,0.0,0.0,0.0,0.0,0.0,0.0,0.0,0.0,0.0,0.0,0.0,0.0,0.0,0.0,0.0,0.0,8.264462809917356e-05,2.066115702479339e-05,0.0036570247933884296,0.004607438016528926,0.00021694214876033058,0.004803719008264463,0.0020144628099173553,0.004287190082644628,0.003037190082644628,0.0065599173553719005,0.04115702479338843,0.0791012396694215,0.033770661157024796,0.056632231404958676,0.06567148760330578,0.07707644628099174,0.08703512396694214,0.0941012396694215,0.09179752066115703,0.10447314049586777,0.05393595041322314,0.06177685950413223,0.02671487603305785,0.03665289256198347,0.03140495867768595,0.014328512396694216,0.006580578512396695,0.005299586776859504,0.0021797520661157024,0.0009504132231404959,7.231404958677686e-05,0.0,0.0,0.0,0.0,0.0,0.0,0.0,0.0,0.0,0.0,0.0,0.0,0.0,0.0,0.0,0.0,0.0,0.0,0.0,0.0,0.0,0.0,0.0,0.0,0.0,0.0,0.0,0.0,0.0,0.0,0.0,0.0,0.0,0.0,0.0,0.0,0.0,0.0,0.0,0.0,0.0,0.0,0.0,0.0,0.0,0.0,0.0,nan,nan,4.098211484154377,2.855271620936489,nan,0.8701026257150953,0.03575245910956655,0.0,0.0,0.0,0.0,0.0,0.0,0.0,0.0,0.0,0.0,0.0,0.0,0.0,0.0,0.0,0.0,0.0,0.0,0.0,0.0,0.0,0.011792452830188682,0.20047169811320759,0.6839622641509413,2.712264150943397,10.259433962264154,11.00235849056604,3.738207547169812,1.1556603773584908,0.23584905660377362,0.8698534709287853,0.03593067088168341,0.0,0.0,0.0,0.0,0.0,0.0,0.0,0.0,0.0,0.0,0.0,0.0,0.0,0.0,0.0,0.0,0.0,0.0,0.0,0.0,0.0,0.026132404181184676,0.1437282229965157,0.5487804878048763,3.3580139372822306,9.773519163763067,11.001742160278749,3.8153310104529625,0.9799651567944253,0.35278745644599313,0.397,0.009285,0.0,0.0,0.0,0.0,0.0,0.0,0.0,0.0,0.0,0.0,0.011792452830188682,18.797169811320728,11.19103773584906,0.0,0.0,0.0,0.0,0.0,0.0,0.0,0.0,0.0,0.0,0.0,0.0,0.0,0.0,0.0,0.0,0.0,0.397,0.009125,0.0,0.0,0.0,0.0,0.0,0.0,0.0,0.0,0.0,0.0,0.026132404181184676,18.85452961672471,11.11933797909408,0.0,0.0,0.0,0.0,0.0,0.0,0.0,0.0,0.0,0.0,0.0,0.0,0.0,0.0,0.0,0.0,0.0
22300,4879,2541,0.5208034433285509,1236,986,0.45542119286739086,1415,0.5800368928059029,0.41,3.0812660393498716,3.1499833293870605,6.705109489051095,2.08590407040493,8380.782209469153,506.2612274744122,7853.0,8866.4,8866.4,0.0,7853.0,0.0,28.21213363394138,20.630179657609407,33.0595382746051,18.813585827652968,0.13383890141422422,0.1016601762656282,0.085673293707727,0.08505841360934618,0.08157409305185488,0.07972945275671244,0.0703012912482066,0.06702193072350891,0.058823529411764705,0.05267472842795655,0.052879688460750154,0.03873744619799139,0.03217872514859602,0.02930928468948555,0.014757122361139578,0.010862881738061079,0.0049190407870465256,0.8690184076366475,0.03594934559589398,0.0,0.0,0.0,0.0,0.0,0.0,0.0,0.0,0.0,0.0,0.0,0.0,0.0,0.0,0.0,0.0,0.0,0.0,0.0,0.0,0.024595203935232634,0.024595203935232634,0.13527362164377948,0.7686001229760172,3.0313588850174225,10.047140807542531,11.000204960032796,3.8860422217667563,0.7993441278950606,0.2828448452551753,4.2721024679787565,2.924115694199137,4.0,2.9059326290271157,0.9363071297989032,4.295641187618446,2.928894103969007,4.249077490774908,2.9195995041439993,0.9891602452789233,0.3972,0.00926,0.0,0.0,0.0,0.0,0.0,0.0,0.0,0.0,0.0,0.0,0.024595203935232634,18.489444558311103,11.485960237753641,0.0,0.0,0.0,0.0,0.0,0.0,0.0,0.0,0.0,0.0,0.0,0.0,0.0,0.0,0.0,0.0,0.0,nan,nan,4.271339563862928,2.924100268462675,nan,0.3972,0.04376,0.0,0.0,0.0,0.0,0.0,0.0,0.0,0.0,0.0,0.0,0.0,0.0,0.0,0.0,0.0,0.0,0.0,0.0,0.0,0.0,0.0,0.0,0.0,5.124000819840131e-05,0.0,0.003976224636195942,0.004006968641114983,0.00026644804263168683,0.005124000819840131,0.0022135683541709365,0.004621848739495798,0.003279360524697684,0.007470793195326912,0.039997950399672064,0.07788481246156999,0.033336749333879895,0.054529616724738675,0.06795449887271982,0.07563025210084033,0.08662635786021726,0.09217052674728428,0.09298011887681902,0.10490879278540685,0.05705062512810002,0.060821889731502356,0.02617339618774339,0.03631891781102685,0.03191227710596434,0.014388194302111088,0.008075425292068047,0.004970280795244927,0.0020598483295757326,0.0009633121541299446,0.00014347202295552367,5.124000819840131e-05,4.099200655872105e-05,0.0,0.0,0.0,0.0,0.0,0.0,0.0,0.0,0.0,0.0,0.0,0.0,0.0,0.0,0.0,0.0,0.0,0.0,0.0,0.0,0.0,0.0,0.0,0.0,0.0,0.0,0.0,0.0,0.0,0.0,0.0,0.0,0.0,0.0,0.0,0.0,0.0,0.0,0.0,0.0,0.0,0.0,0.0,0.0,0.0,nan,nan,4.271339563862928,2.924100268462675,nan,0.8694630783873719,0.03532169715596429,0.0,0.0,0.0,0.0,0.0,0.0,0.0,0.0,0.0,0.0,0.0,0.0,0.0,0.0,0.0,0.0,0.0,0.0,0.0,0.0,0.023612750885478165,0.023612750885478165,0.12987012987012989,0.6729634002361254,3.175914994096813,9.62219598583235,11.381345926800476,3.9787485242030702,0.7674144037780403,0.22432113341204254,0.8685351277488842,0.036613169276499456,0.0,0.0,0.0,0.0,0.0,0.0,0.0,0.0,0.0,0.0,0.0,0.0,0.0,0.0,0.0,0.0,0.0,0.0,0.0,0.0,0.02566295979469633,0.02566295979469633,0.14114627887082978,0.8725406330196722,2.874251497005989,10.508982035928145,10.585970915312236,3.7852865697177083,0.8340461933276306,0.34644995722840044,0.3972,0.0092,0.0,0.0,0.0,0.0,0.0,0.0,0.0,0.0,0.0,0.0,0.023612750885478165,18.323494687131024,11.652892561983474,0.0,0.0,0.0,0.0,0.0,0.0,0.0,0.0,0.0,0.0,0.0,0.0,0.0,0.0,0.0,0.0,0.0,0.3972,0.00932,0.0,0.0,0.0,0.0,0.0,0.0,0.0,0.0,0.0,0.0,0.02566295979469633,18.669803250641547,11.304533789563733,0.0,0.0,0.0,0.0,0.0,0.0,0.0,0.0,0.0,0.0,0.0,0.0,0.0,0.0,0.0,0.0,0.0
22400,4939,2563,0.5189309576837416,1194,1022,0.44867382061145983,1377,0.5576027535938449,0.418,2.981060606060606,3.08303627611298,6.538461538461538,2.113937527801331,8378.884632516705,506.3366862821603,7853.0,8866.4,8866.399999999998,1.8189894035458565e-12,7853.0,0.0,27.937639198218264,20.9096378889183,32.990566037735846,19.106850976847138,0.14253897550111358,0.0957683741648107,0.0935412026726058,0.08868191941688601,0.07511642032800162,0.07653371127758656,0.07126948775055679,0.06701761490180198,0.06134845110346224,0.05061753391374772,0.04150637780927313,0.036242154282243366,0.036242154282243366,0.02733346831342377,0.01984207329418911,0.009313626240129581,0.007086454747924681,0.8685809680869594,0.034729059097823416,0.0,0.0,0.0,0.0,0.0,0.0,0.0,0.0,0.0,0.0,0.0,0.0,0.0,0.0,0.0,0.0,0.0,0.0,0.0,0.0,0.0,0.012148208139299456,0.13970439360194373,0.6802996558007672,3.2435715731929546,10.016197610852402,11.224944320712698,3.547276776675441,0.9293379226564084,0.20651953836809075,4.267783749604805,2.835024784316779,4.75,2.7726341266023544,1.1129898511000815,4.254603174603175,2.785096860985141,4.282035175879397,2.8834528573694773,1.006447605135062,0.3972,0.00887,0.0,0.0,0.0,0.0,0.0,0.0,0.0,0.0,0.0,0.0,0.012148208139299456,18.331646082202848,11.656205709657828,0.0,0.0,0.0,0.0,0.0,0.0,0.0,0.0,0.0,0.0,0.0,0.0,0.0,0.0,0.0,0.0,0.0,nan,nan,4.268392800757815,2.834998582402047,nan,0.3972,0.04352,0.0,0.0,0.0,0.0,0.0,0.0,0.0,0.0,0.0,0.0,0.0,0.0,0.0,0.0,0.0,0.0,0.0,0.0,0.0,0.0,0.0,0.0,0.0,7.086454747924681e-05,8.098805426199635e-05,0.0034521158129175947,0.0034318687993520956,0.0004859283255719781,0.004778295201457785,0.0024498886414253897,0.0045252075318890465,0.00310791658230411,0.006995343186879935,0.03737598704191132,0.08313423769993926,0.032162381048795305,0.05483903624215428,0.06879935209556591,0.077768779105082,0.08588783154484714,0.08966389957481272,0.09299453330633732,0.1053148410609435,0.0578659647701964,0.06224944320712695,0.02442802186677465,0.035837214010933385,0.031666329216440574,0.014729702368900588,0.007592630087062158,0.0043632314233650535,0.002713099817776878,0.000911115610447459,0.0001822231220894918,0.00010123506782749544,4.0494027130998175e-05,0.0,0.0,0.0,0.0,0.0,0.0,0.0,0.0,0.0,0.0,0.0,0.0,0.0,0.0,0.0,0.0,0.0,0.0,0.0,0.0,0.0,0.0,0.0,0.0,0.0,0.0,0.0,0.0,0.0,0.0,0.0,0.0,0.0,0.0,0.0,0.0,0.0,0.0,0.0,0.0,0.0,0.0,0.0,0.0,0.0,nan,nan,4.268392800757815,2.834998582402047,nan,0.8688185739880002,0.034578541677702565,0.0,0.0,0.0,0.0,0.0,0.0,0.0,0.0,0.0,0.0,0.0,0.0,0.0,0.0,0.0,0.0,0.0,0.0,0.0,0.0,0.0,0.02341006632852127,0.1404603979711276,0.6788919235271146,3.148653921186111,10.078033554428407,11.201716738197428,3.593445181428015,0.9715177526336326,0.16387046429964888,0.8683246617214848,0.03488888062638574,0.0,0.0,0.0,0.0,0.0,0.0,0.0,0.0,0.0,0.0,0.0,0.0,0.0,0.0,0.0,0.0,0.0,0.0,0.0,0.0,0.0,0.0,0.13888888888888892,0.6818181818181797,3.345959595959597,9.949494949494952,11.250000000000004,3.4974747474747483,0.883838383838384,0.2525252525252526,0.3972,0.00883,0.0,0.0,0.0,0.0,0.0,0.0,0.0,0.0,0.0,0.0,0.0,18.283261802575083,11.716738197424895,0.0,0.0,0.0,0.0,0.0,0.0,0.0,0.0,0.0,0.0,0.0,0.0,0.0,0.0,0.0,0.0,0.0,0.3972,0.00893,0.0,0.0,0.0,0.0,0.0,0.0,0.0,0.0,0.0,0.0,0.02525252525252526,18.383838383838356,11.590909090909093,0.0,0.0,0.0,0.0,0.0,0.0,0.0,0.0,0.0,0.0,0.0,0.0,0.0,0.0,0.0,0.0,0.0
22500,4736,2375,0.5014780405405406,1130,994,0.4484797297297297,1345,0.5679898648648649,0.39399999999999996,2.8187208809826343,2.914743121047623,6.175115207373272,2.0099739268010524,8361.197846283783,506.69778611763246,7853.0,8866.4,8866.399999999998,1.8189894035458565e-12,7853.0,0.0,28.488386824324323,21.04467256843235,33.34132933533233,19.27586979759298,0.13407939189189189,0.10050675675675676,0.09480574324324324,0.08319256756756757,0.0711570945945946,0.07706925675675676,0.07305743243243243,0.0625,0.05933277027027027,0.0542652027027027,0.048564189189189186,0.040751689189189186,0.037162162162162164,0.026393581081081082,0.01921452702702703,0.011402027027027027,0.006545608108108108,0.8696925325092633,0.03506261208584811,0.0,0.0,0.0,0.0,0.0,0.0,0.0,0.0,0.0,0.0,0.0,0.0,0.0,0.0,0.0,0.0,0.0,0.0,0.0,0.0,0.0,0.025337837837837843,0.10135135135135137,0.6904560810810789,2.983530405405406,10.242820945945947,11.097972972972975,3.629645270270271,0.880489864864865,0.34839527027027034,4.113952735513111,2.707368495180361,4.666666666666667,2.8087165910587863,1.1343510649459658,4.16613621896881,2.7132931183440028,4.062335958005249,2.7008647983165988,0.9750847654738344,0.3967,0.00898,0.0,0.0,0.0,0.0,0.0,0.0,0.0,0.0,0.0,0.0,0.012668918918918921,19.326435810810782,10.660895270270274,0.0,0.0,0.0,0.0,0.0,0.0,0.0,0.0,0.0,0.0,0.0,0.0,0.0,0.0,0.0,0.0,0.0,nan,nan,4.11502423263328,2.707677791397991,nan,0.3967,0.04346,0.0,0.0,0.0,0.0,0.0,0.0,0.0,0.0,0.0,0.0,0.0,0.0,0.0,0.0,0.0,0.0,0.0,0.0,0.0,0.0,0.0,0.0,1.0557432432432433e-05,2.1114864864864866e-05,0.0001583614864864865,0.0036528716216216216,0.0037162162162162164,0.000316722972972973,0.0050570101351351355,0.0023754222972972973,0.004423564189189189,0.0034100506756756755,0.006587837837837838,0.039421452702702704,0.0828758445945946,0.032316300675675674,0.053494510135135134,0.06880278716216216,0.077734375,0.08683488175675676,0.09419341216216216,0.09160684121621622,0.10610219594594594,0.057221283783783786,0.06023015202702703,0.023764780405405406,0.035314611486486486,0.029655827702702704,0.015815033783783784,0.006915118243243243,0.004518581081081081,0.002459881756756757,0.0006967905405405406,0.0001900337837837838,0.00010557432432432433,0.0,0.0,0.0,0.0,0.0,0.0,0.0,0.0,0.0,0.0,0.0,0.0,0.0,0.0,0.0,0.0,0.0,0.0,0.0,0.0,0.0,0.0,0.0,0.0,0.0,0.0,0.0,0.0,0.0,0.0,0.0,0.0,0.0,0.0,0.0,0.0,0.0,0.0,0.0,0.0,0.0,0.0,0.0,0.0,0.0,0.0,nan,nan,4.11502423263328,2.707677791397991,nan,0.8703714062791121,0.03478271790696107,0.0,0.0,0.0,0.0,0.0,0.0,0.0,0.0,0.0,0.0,0.0,0.0,0.0,0.0,0.0,0.0,0.0,0.0,0.0,0.0,0.0,0.02526315789473685,0.13894736842105265,0.6189473684210507,2.6652631578947377,10.43368421052632,11.077894736842108,3.7642105263157903,0.9347368421052633,0.34105263157894744,0.869009633227861,0.03532877064156249,0.0,0.0,0.0,0.0,0.0,0.0,0.0,0.0,0.0,0.0,0.0,0.0,0.0,0.0,0.0,0.0,0.0,0.0,0.0,0.0,0.0,0.02541296060991106,0.06353240152477765,0.7623888182973292,3.3036848792884377,10.050825921219824,11.11817026683609,3.4942820838627706,0.8259212198221094,0.3557814485387549,0.3967,0.00891,0.0,0.0,0.0,0.0,0.0,0.0,0.0,0.0,0.0,0.0,0.0,19.338947368421024,10.66105263157895,0.0,0.0,0.0,0.0,0.0,0.0,0.0,0.0,0.0,0.0,0.0,0.0,0.0,0.0,0.0,0.0,0.0,0.3967,0.00905,0.0,0.0,0.0,0.0,0.0,0.0,0.0,0.0,0.0,0.0,0.02541296060991106,19.313850063532374,10.66073697585769,0.0,0.0,0.0,0.0,0.0,0.0,0.0,0.0,0.0,0.0,0.0,0.0,0.0,0.0,0.0,0.0,0.0
22600,4499,2347,0.5216714825516782,1123,900,0.4496554789953323,1263,0.5614581018004001,0.426,3.032527881040892,3.138953831499572,6.544164037854889,2.2784352532770145,8381.66188041787,506.22382975173247,7853.0,8866.4,8866.4,0.0,7853.0,0.0,28.38875305623472,21.0266983351459,33.31952506596306,19.234890620658224,0.1393643031784841,0.09579906645921316,0.09424316514781063,0.08557457212713937,0.07246054678817515,0.07823960880195599,0.06823738608579684,0.06801511446988219,0.05667926205823516,0.05112247166036897,0.04556568126250278,0.04645476772616137,0.03711935985774616,0.02822849522116026,0.01355856857079351,0.010891309179817737,0.008446321404756613,0.8687714293125498,0.03376251362824025,0.0,0.0,0.0,0.0,0.0,0.0,0.0,0.0,0.0,0.0,0.0,0.0,0.0,0.0,0.0,0.0,0.0,0.0,0.0,0.0,0.0,0.0,0.1000222271615915,0.6401422538341833,3.0873527450544573,10.395643476328075,11.229162036008004,3.580795732384975,0.7735052233829742,0.19337630584574356,4.19571136827774,2.9114726917137768,5.4,1.624807680927192,1.287028474081285,4.288448393711551,2.944261745058232,4.110209601081812,2.8731387349046056,0.9584374635611559,0.3972,0.00903,0.0,0.0,0.0,0.0,0.0,0.0,0.0,0.0,0.0,0.0,0.013336296954878864,18.604134252055985,11.382529450989113,0.0,0.0,0.0,0.0,0.0,0.0,0.0,0.0,0.0,0.0,0.0,0.0,0.0,0.0,0.0,0.0,0.0,nan,nan,4.197757390417941,2.910191892837164,nan,0.3972,0.04343,0.0,0.0,0.0,0.0,0.0,0.0,0.0,0.0,0.0,0.0,0.0,0.0,0.0,0.0,0.0,0.0,0.0,0.0,0.0,0.0,0.0,0.0,0.0,0.0,7.779506557012669e-05,0.0035007779506557014,0.00358968659702156,0.00024449877750611245,0.0062458324072016,0.001789286508112914,0.003345187819515448,0.003667481662591687,0.006079128695265615,0.03975327850633474,0.08256279173149589,0.03244054234274283,0.05421204712158258,0.06677039342076017,0.07382751722605023,0.08432985107801734,0.0913869748833074,0.09556568126250278,0.10901311402533896,0.06079128695265615,0.06325850188930873,0.022538341853745276,0.033296288064014225,0.030095576794843298,0.016392531673705267,0.006845965770171149,0.004856634807735052,0.002167148255167815,0.0009557679484329851,0.00017781729273171816,0.0002222716159146477,0.0,0.0,0.0,0.0,0.0,0.0,0.0,0.0,0.0,0.0,0.0,0.0,0.0,0.0,0.0,0.0,0.0,0.0,0.0,0.0,0.0,0.0,0.0,0.0,0.0,0.0,0.0,0.0,0.0,0.0,0.0,0.0,0.0,0.0,0.0,0.0,0.0,0.0,0.0,0.0,0.0,0.0,0.0,0.0,0.0,0.0,nan,nan,4.197757390417941,2.910191892837164,nan,0.8681637031959888,0.03444189815976086,0.0,0.0,0.0,0.0,0.0,0.0,0.0,0.0,0.0,0.0,0.0,0.0,0.0,0.0,0.0,0.0,0.0,0.0,0.0,0.0,0.0,0.0,0.14060502769492972,0.7285896889646335,3.0421815083084796,10.609288453344698,10.737111205794635,3.745206646783128,0.8052833404345976,0.1917341286749042,0.8694342235484088,0.03299286977866738,0.0,0.0,0.0,0.0,0.0,0.0,0.0,0.0,0.0,0.0,0.0,0.0,0.0,0.0,0.0,0.0,0.0,0.0,0.0,0.0,0.0,0.0,0.05576208178438663,0.5436802973977678,3.136617100371748,10.162639405204462,11.765799256505579,3.4014869888475845,0.7388475836431229,0.1951672862453532,0.397,0.009125,0.0,0.0,0.0,0.0,0.0,0.0,0.0,0.0,0.0,0.0,0.025564550489987223,18.76438005965059,11.210055389859399,0.0,0.0,0.0,0.0,0.0,0.0,0.0,0.0,0.0,0.0,0.0,0.0,0.0,0.0,0.0,0.0,0.0,0.3975,0.00893,0.0,0.0,0.0,0.0,0.0,0.0,0.0,0.0,0.0,0.0,0.0,18.42936802973975,11.570631970260226,0.0,0.0,0.0,0.0,0.0,0.0,0.0,0.0,0.0,0.0,0.0,0.0,0.0,0.0,0.0,0.0,0.0
22700,4884,2532,0.5184275184275184,1210,974,0.44717444717444715,1366,0.5593775593775594,0.41,2.9868197278911564,3.1621829659839595,6.668674698795181,2.22564070703915,8378.374447174447,506.35575934586603,7853.0,8866.4,8866.4,0.0,7853.0,0.0,28.207207207207208,20.898541551152682,32.987893462469735,19.17948481934228,0.13288288288288289,0.0990990990990991,0.09643734643734644,0.08824733824733824,0.08046683046683047,0.07248157248157248,0.06961506961506962,0.06511056511056511,0.05773955773955774,0.05528255528255528,0.04668304668304668,0.038902538902538905,0.030303030303030304,0.02846027846027846,0.02252252252252252,0.010851760851760851,0.004914004914004914,0.8702969296997829,0.034095885633275244,0.0,0.0,0.0,0.0,0.0,0.0,0.0,0.0,0.0,0.0,0.0,0.0,0.0,0.0,0.0,0.0,0.0,0.0,0.0,0.0,0.0,0.006142506142506144,0.12285012285012287,0.5712530712530695,2.641277641277642,10.558968058968063,11.191646191646194,3.722358722358723,0.9090909090909093,0.27641277641277645,4.256385998107852,2.97135266687347,5.0,0.0,1.1747054901089131,4.219898605830164,2.966724538794512,4.29297365119197,2.974608280031501,1.0173167775313003,0.3975,0.00898,0.0,0.0,0.0,0.0,0.0,0.0,0.0,0.0,0.0,0.0,0.030712530712530717,18.151105651105624,11.818181818181822,0.0,0.0,0.0,0.0,0.0,0.0,0.0,0.0,0.0,0.0,0.0,0.0,0.0,0.0,0.0,0.0,0.0,nan,nan,4.256620428751576,2.9709135875097847,nan,0.3975,0.04352,0.0,0.0,0.0,0.0,0.0,0.0,0.0,0.0,0.0,0.0,0.0,0.0,0.0,0.0,0.0,0.0,0.0,0.0,0.0,0.0,0.0,0.0,0.0,1.0237510237510238e-05,3.071253071253071e-05,0.0036343161343161345,0.0033476658476658478,0.00015356265356265356,0.006603194103194103,0.0016277641277641277,0.0031736281736281734,0.003798116298116298,0.00558968058968059,0.038554463554463556,0.08155200655200655,0.03268837018837019,0.0544021294021294,0.06694307944307944,0.07326986076986076,0.08499180999181,0.09301801801801801,0.0946969696969697,0.10549754299754299,0.0632063882063882,0.061353398853398855,0.02542997542997543,0.031623669123669124,0.03195126945126945,0.016646191646191646,0.007391482391482391,0.004545454545454545,0.002886977886977887,0.0010135135135135136,0.00020475020475020476,0.0001638001638001638,0.0,0.0,0.0,0.0,0.0,0.0,0.0,0.0,0.0,0.0,0.0,0.0,0.0,0.0,0.0,0.0,0.0,0.0,0.0,0.0,0.0,0.0,0.0,0.0,0.0,0.0,0.0,0.0,0.0,0.0,0.0,0.0,0.0,0.0,0.0,0.0,0.0,0.0,0.0,0.0,0.0,0.0,0.0,0.0,0.0,0.0,nan,nan,4.256620428751576,2.9709135875097847,nan,0.8701859734022599,0.03468601168111888,0.0,0.0,0.0,0.0,0.0,0.0,0.0,0.0,0.0,0.0,0.0,0.0,0.0,0.0,0.0,0.0,0.0,0.0,0.0,0.0,0.0,0.01184834123222749,0.15402843601895738,0.5924170616113725,2.582938388625593,10.758293838862562,10.888625592417064,3.7559241706161144,0.9834123222748817,0.27251184834123227,0.8704163775506879,0.03344855049004751,0.0,0.0,0.0,0.0,0.0,0.0,0.0,0.0,0.0,0.0,0.0,0.0,0.0,0.0,0.0,0.0,0.0,0.0,0.0,0.0,0.0,0.0,0.08928571428571432,0.5484693877551003,2.704081632653062,10.344387755102042,11.517857142857146,3.686224489795919,0.8290816326530615,0.2806122448979592,0.3975,0.00902,0.0,0.0,0.0,0.0,0.0,0.0,0.0,0.0,0.0,0.0,0.04739336492890996,18.28199052132699,11.670616113744078,0.0,0.0,0.0,0.0,0.0,0.0,0.0,0.0,0.0,0.0,0.0,0.0,0.0,0.0,0.0,0.0,0.0,0.3977,0.008934,0.0,0.0,0.0,0.0,0.0,0.0,0.0,0.0,0.0,0.0,0.01275510204081633,18.01020408163263,11.977040816326534,0.0,0.0,0.0,0.0,0.0,0.0,0.0,0.0,0.0,0.0,0.0,0.0,0.0,0.0,0.0,0.0,0.0
22800,4660,2420,0.51931330472103,1178,923,0.45085836909871246,1295,0.555793991416309,0.38599999999999995,2.8691964285714286,2.9101634215258847,6.033625730994152,2.079637637192589,8379.27210300429,506.3218569092087,7853.0,8866.4,8866.399999999998,1.8189894035458565e-12,7853.0,0.0,29.227682403433477,21.155998494780377,33.83366783743101,19.391642678335145,0.1259656652360515,0.09635193133047211,0.09291845493562231,0.0851931330472103,0.07381974248927038,0.07575107296137339,0.06609442060085836,0.06609442060085836,0.05987124463519313,0.05965665236051502,0.04742489270386266,0.04377682403433476,0.04055793991416309,0.030472103004291845,0.01738197424892704,0.010085836909871245,0.008583690987124463,0.8701875158901379,0.034865726557890456,0.0,0.0,0.0,0.0,0.0,0.0,0.0,0.0,0.0,0.0,0.0,0.0,0.0,0.0,0.0,0.0,0.0,0.0,0.0,0.0,0.0,0.006437768240343349,0.11587982832618028,0.7017167381974228,2.9549356223175973,10.023605150214594,11.324034334763951,3.7339055793991425,0.8304721030042921,0.3090128755364807,4.029430789133247,2.7150294287349426,3.75,2.277608394786075,0.9306525403322898,4.110966904607398,2.727039676764004,3.9479099678456593,2.6996225420802284,0.9603361105682968,0.3982,0.0095,0.0,0.0,0.0,0.0,0.0,0.0,0.0,0.0,0.0,0.0,0.025751072961373397,17.188841201716713,12.778969957081548,0.006437768240343349,0.0,0.0,0.0,0.0,0.0,0.0,0.0,0.0,0.0,0.0,0.0,0.0,0.0,0.0,0.0,0.0,nan,nan,4.02906976744186,2.7145283186123743,nan,0.3982,0.0438,0.0,0.0,0.0,0.0,0.0,0.0,0.0,0.0,0.0,0.0,0.0,0.0,0.0,0.0,0.0,0.0,0.0,0.0,0.0,0.0,0.0,0.0,0.0,1.072961373390558e-05,9.656652360515021e-05,0.0033047210300429183,0.0029506437768240345,0.00017167381974248928,0.006995708154506438,0.0015665236051502147,0.0028755364806866955,0.003701716738197425,0.005611587982832618,0.03973175965665236,0.07839055793991416,0.030622317596566525,0.05515021459227468,0.06894849785407725,0.07351931330472103,0.08258583690987124,0.09080472103004292,0.09305793991416308,0.1059656652360515,0.06797210300429185,0.061437768240343346,0.025160944206008583,0.03043991416309013,0.03333690987124464,0.017339055793991417,0.008143776824034334,0.00509656652360515,0.003229613733905579,0.001040772532188841,0.0002682403433476395,0.00043991416309012877,3.218884120171674e-05,0.0,0.0,0.0,0.0,0.0,0.0,0.0,0.0,0.0,0.0,0.0,0.0,0.0,0.0,0.0,0.0,0.0,0.0,0.0,0.0,0.0,0.0,0.0,0.0,0.0,0.0,0.0,0.0,0.0,0.0,0.0,0.0,0.0,0.0,0.0,0.0,0.0,0.0,0.0,0.0,0.0,0.0,0.0,0.0,0.0,nan,nan,4.02906976744186,2.7145283186123743,nan,0.870047389032427,0.03494397066361583,0.0,0.0,0.0,0.0,0.0,0.0,0.0,0.0,0.0,0.0,0.0,0.0,0.0,0.0,0.0,0.0,0.0,0.0,0.0,0.0,0.0,0.012396694214876035,0.12396694214876035,0.7933884297520637,2.8388429752066124,9.954545454545457,11.35537190082645,3.7066115702479348,0.9669421487603308,0.2479338842975207,0.870338902941772,0.03478036275079835,0.0,0.0,0.0,0.0,0.0,0.0,0.0,0.0,0.0,0.0,0.0,0.0,0.0,0.0,0.0,0.0,0.0,0.0,0.0,0.0,0.0,0.0,0.10714285714285716,0.6026785714285696,3.0803571428571437,10.098214285714286,11.290178571428575,3.763392857142858,0.6830357142857144,0.3750000000000001,0.3982,0.009575,0.0,0.0,0.0,0.0,0.0,0.0,0.0,0.0,0.0,0.0,0.03719008264462811,17.23140495867766,12.719008264462813,0.012396694214876035,0.0,0.0,0.0,0.0,0.0,0.0,0.0,0.0,0.0,0.0,0.0,0.0,0.0,0.0,0.0,0.0,0.3982,0.009415,0.0,0.0,0.0,0.0,0.0,0.0,0.0,0.0,0.0,0.0,0.013392857142857146,17.142857142857117,12.843750000000004,0.0,0.0,0.0,0.0,0.0,0.0,0.0,0.0,0.0,0.0,0.0,0.0,0.0,0.0,0.0,0.0,0.0
22900,4535,2356,0.5195148842337376,1146,910,0.45336273428886437,1277,0.5631753031973539,0.40199999999999997,3.0073428178063333,3.0839472833820807,6.469936708860759,2.1806937686089554,8379.476383682471,506.31391907436586,7853.0,8866.4,8866.4,0.0,7853.0,0.0,28.506725468577727,20.93095461398086,33.36394469084268,19.114722903063797,0.13803748621830209,0.09415656008820286,0.08974641675854465,0.08269018743109151,0.07916207276736494,0.07894156560088203,0.07386990077177508,0.06306504961411245,0.05711135611907387,0.0515986769570011,0.04961411245865491,0.04454244762954796,0.03660418963616317,0.025358324145534728,0.017640573318632856,0.010143329658213893,0.007717750826901874,0.8696373232012942,0.03313363507910647,0.0,0.0,0.0,0.0,0.0,0.0,0.0,0.0,0.0,0.0,0.0,0.0,0.0,0.0,0.0,0.0,0.0,0.0,0.0,0.0,0.0,0.019845644983461967,0.205071664829107,0.5027563395810348,2.606394707828005,10.412348401323044,11.642778390297687,3.697905181918413,0.7938257993384787,0.1190738699007718,4.244601889338732,2.8922195193986386,7.142857142857143,2.9485382057928993,1.6828096789944018,4.218963165075034,2.8666013007990454,4.283909574468085,2.924330553017662,1.015393926624125,0.3984,0.00905,0.0,0.0,0.0,0.0,0.0,0.0,0.0,0.0,0.0,0.0,0.013230429988974645,17.001102535832388,12.985667034178615,0.0,0.0,0.0,0.0,0.0,0.0,0.0,0.0,0.0,0.0,0.0,0.0,0.0,0.0,0.0,0.0,0.0,nan,nan,4.251430494782902,2.895764698246846,nan,0.3984,0.0433,0.0,0.0,0.0,0.0,0.0,0.0,0.0,0.0,0.0,0.0,0.0,0.0,0.0,0.0,0.0,0.0,0.0,0.0,0.0,0.0,0.0,0.0,0.0,0.0,0.000308710033076075,0.003219404630650496,0.0024035281146637267,9.922822491730981e-05,0.006295479603087101,0.0014002205071664828,0.003197353914002205,0.0034509371554575525,0.00525909592061742,0.04143329658213892,0.071742006615215,0.03127894156560088,0.05834619625137817,0.06825799338478501,0.07366041896361632,0.08240352811466373,0.0913340683572216,0.10011025358324145,0.1038478500551268,0.06981256890848953,0.06019845644983462,0.024509371554575523,0.029812568908489524,0.031907386990077176,0.01711135611907387,0.007805953693495038,0.0061962513781697905,0.0033847850055126793,0.0007607497243660419,0.00011025358324145535,0.00034178610804851155,0.0,0.0,0.0,0.0,0.0,0.0,0.0,0.0,0.0,0.0,0.0,0.0,0.0,0.0,0.0,0.0,0.0,0.0,0.0,0.0,0.0,0.0,0.0,0.0,0.0,0.0,0.0,0.0,0.0,0.0,0.0,0.0,0.0,0.0,0.0,0.0,0.0,0.0,0.0,0.0,0.0,0.0,0.0,0.0,0.0,0.0,nan,nan,4.251430494782902,2.895764698246846,nan,0.870569760963346,0.03316269428651377,0.0,0.0,0.0,0.0,0.0,0.0,0.0,0.0,0.0,0.0,0.0,0.0,0.0,0.0,0.0,0.0,0.0,0.0,0.0,0.0,0.0,0.02546689303904924,0.1782682512733447,0.5093378607809832,2.457555178268252,10.263157894736844,11.651103565365029,3.998302207130731,0.8022071307300511,0.11460101867572159,0.8686291435925771,0.03307262119847551,0.0,0.0,0.0,0.0,0.0,0.0,0.0,0.0,0.0,0.0,0.0,0.0,0.0,0.0,0.0,0.0,0.0,0.0,0.0,0.0,0.0,0.013767783386874717,0.23405231757687017,0.4956402019274881,2.767324460761818,10.573657641119782,11.633776961909136,3.3731069297843055,0.7847636530518589,0.12391005048187244,0.3984,0.00899,0.0,0.0,0.0,0.0,0.0,0.0,0.0,0.0,0.0,0.0,0.01273344651952462,17.02461799660439,12.962648556876065,0.0,0.0,0.0,0.0,0.0,0.0,0.0,0.0,0.0,0.0,0.0,0.0,0.0,0.0,0.0,0.0,0.0,0.3984,0.00911,0.0,0.0,0.0,0.0,0.0,0.0,0.0,0.0,0.0,0.0,0.013767783386874717,16.975676916016496,13.010555300596607,0.0,0.0,0.0,0.0,0.0,0.0,0.0,0.0,0.0,0.0,0.0,0.0,0.0,0.0,0.0,0.0,0.0
23000,4126,2179,0.528114396509937,1048,817,0.4520116335433834,1122,0.5438681531749879,0.422,2.8664612223934256,3.050952339622047,6.423507462686567,2.14791803307528,8388.191129423169,505.89835495304,7853.0,8866.4,8866.4,0.0,7853.0,0.0,27.868637905962192,20.82932048326887,32.952988972722,19.026331024704454,0.14226854095976732,0.09912748424624333,0.08579738245273873,0.09112942317014057,0.08773630634997576,0.0756180319922443,0.06616577799321377,0.0605913717886573,0.056955889481337854,0.05210857973824527,0.0506543868153175,0.03514299563742123,0.03587009209888512,0.027387300048473097,0.016238487639360154,0.010906446921958314,0.006301502666020358,0.8693369651846209,0.03260557685715574,0.0,0.0,0.0,0.0,0.0,0.0,0.0,0.0,0.0,0.0,0.0,0.0,0.0,0.0,0.0,0.0,0.0,0.0,0.0,0.0,0.0072709646146388775,0.02908385845855551,0.06543868153174989,0.5744062045564694,2.7411536597188566,10.157537566650511,11.895298109549202,3.7154629180804664,0.6834706737760544,0.13087736306349979,4.0778151889263,2.8702985398226337,4.25,4.02336923485777,1.0422247706422019,4.1082283172720535,2.890412395219591,4.047439759036145,2.8536083814293436,0.9852032181414218,0.399,0.00894,0.0,0.0,0.0,0.0,0.0,0.0,0.0,0.0,0.0,0.0,0.014541929229277755,16.26514784294714,13.720310227823562,0.0,0.0,0.0,0.0,0.0,0.0,0.0,0.0,0.0,0.0,0.0,0.0,0.0,0.0,0.0,0.0,0.0,nan,nan,4.07807246918192,2.8723744961527977,nan,0.3992,0.04333,0.0,0.0,0.0,0.0,0.0,0.0,0.0,0.0,0.0,0.0,0.0,0.0,0.0,0.0,0.0,0.0,0.0,0.0,0.0,0.0,0.0,0.0,0.0,4.847309743092584e-05,0.00023024721279689772,0.002508482792050412,0.0022297624818225885,6.05913717886573e-05,0.006349975763451285,0.0016965584100824044,0.002896267571497819,0.0037566650508967523,0.005998545807077072,0.04045079980610761,0.07135239941832283,0.031858943286476,0.05512603005332041,0.06593553078041686,0.07102520601066409,0.08794231701405719,0.08911778962675715,0.09964857004362579,0.10380513814832767,0.0742729035385361,0.06050654386815318,0.023570043625787688,0.03038051381483277,0.030089675230247213,0.018819680077556956,0.007816286960736791,0.007089190499272904,0.004168686379059622,0.0008603974793989336,0.00019389238972370335,0.00019389238972370335,0.0,0.0,0.0,0.0,0.0,0.0,0.0,0.0,0.0,0.0,0.0,0.0,0.0,0.0,0.0,0.0,0.0,0.0,0.0,0.0,0.0,0.0,0.0,0.0,0.0,0.0,0.0,0.0,0.0,0.0,0.0,0.0,0.0,0.0,0.0,0.0,0.0,0.0,0.0,0.0,0.0,0.0,0.0,0.0,0.0,0.0,nan,nan,4.07807246918192,2.8723744961527977,nan,0.8691722499279322,0.03248263203026009,0.0,0.0,0.0,0.0,0.0,0.0,0.0,0.0,0.0,0.0,0.0,0.0,0.0,0.0,0.0,0.0,0.0,0.0,0.0,0.0,0.0,0.04130335016062415,0.06883891693437358,0.5369435520881122,2.6847177604405696,10.518586507572282,11.757687012391008,3.538320330426802,0.72969251950436,0.12391005048187244,0.8695213075289068,0.032741641455803515,0.0,0.0,0.0,0.0,0.0,0.0,0.0,0.0,0.0,0.0,0.0,0.0,0.0,0.0,0.0,0.0,0.0,0.0,0.0,0.0,0.01540832049306626,0.01540832049306626,0.06163328197226504,0.6163328197226484,2.804314329738059,9.753466872110941,12.049306625577813,3.91371340523883,0.6317411402157166,0.13867488443759632,0.399,0.00908,0.0,0.0,0.0,0.0,0.0,0.0,0.0,0.0,0.0,0.0,0.0,16.383662230380885,13.616337769619095,0.0,0.0,0.0,0.0,0.0,0.0,0.0,0.0,0.0,0.0,0.0,0.0,0.0,0.0,0.0,0.0,0.0,0.3992,0.00879,0.0,0.0,0.0,0.0,0.0,0.0,0.0,0.0,0.0,0.0,0.03081664098613252,16.13251155624035,13.836671802773502,0.0,0.0,0.0,0.0,0.0,0.0,0.0,0.0,0.0,0.0,0.0,0.0,0.0,0.0,0.0,0.0,0.0
23100,4353,2266,0.5205605329657708,1073,867,0.44566965311279577,1198,0.5504249942568343,0.40199999999999997,3.035936751317681,3.1152825718493373,6.647668393782383,2.119130867696516,8380.536044107514,506.2714185750067,7853.0,8866.4,8866.4,0.0,7853.0,0.0,28.356305995864922,21.02660610622938,33.22210125204137,19.272977897093785,0.13530898231104985,0.09855272226051,0.09740408913393062,0.0815529519871353,0.07764759935676545,0.07328279347576384,0.07121525384792098,0.06983689409602573,0.058810016080863774,0.0505398575694923,0.04686423156443832,0.03790489317711923,0.03652653342522398,0.026188835286009647,0.019986216402481046,0.01171605789110958,0.006662072134160349,0.870352026473071,0.03499032425370821,0.0,0.0,0.0,0.0,0.0,0.0,0.0,0.0,0.0,0.0,0.0,0.0,0.0,0.0,0.0,0.0,0.0,0.0,0.0,0.0,0.006891798759476225,0.01378359751895245,0.04824259131633358,0.6960716747070964,2.9152308752584433,10.158511371467954,11.219848380427294,3.6664369400413515,0.9579600275671952,0.3170227429359063,4.372863247863248,2.8668587306141986,3.5,0.5,0.8003909113119961,4.3538350217076704,2.8793861243753436,4.393132445690259,2.8514313274659475,1.0090259331799798,0.3992,0.00908,0.0,0.0,0.0,0.0,0.0,0.0,0.0,0.0,0.0,0.0,0.01378359751895245,15.85113714679529,14.135079255685737,0.0,0.0,0.0,0.0,0.0,0.0,0.0,0.0,0.0,0.0,0.0,0.0,0.0,0.0,0.0,0.0,0.0,nan,nan,4.372241992882563,2.865963898236439,nan,0.3992,0.0432,0.0,0.0,0.0,0.0,0.0,0.0,0.0,0.0,0.0,0.0,0.0,0.0,0.0,0.0,0.0,0.0,0.0,0.0,0.0,0.0,0.0,0.0,0.0,0.0,0.0002067539627842867,0.0019182173213875488,0.0015391683896163566,0.00012634964392373076,0.006374913852515506,0.002021594302779692,0.0025959108660693776,0.004226969905812084,0.005501952676315185,0.0412359292441994,0.07161727544222375,0.02842866988283942,0.05771881461061337,0.06494371697679761,0.07437399494601424,0.08858258672180105,0.08890420399724328,0.10002297266253159,0.10430737422467264,0.07103147254766827,0.05938433264415346,0.023225361819434874,0.0310245807489088,0.029301631059039743,0.02021594302779692,0.00799448656099242,0.007845164254537101,0.00421548357454629,0.0007925568573397657,0.00010337698139214335,0.0002182402940500804,0.0,0.0,0.0,0.0,0.0,0.0,0.0,0.0,0.0,0.0,0.0,0.0,0.0,0.0,0.0,0.0,0.0,0.0,0.0,0.0,0.0,0.0,0.0,0.0,0.0,0.0,0.0,0.0,0.0,0.0,0.0,0.0,0.0,0.0,0.0,0.0,0.0,0.0,0.0,0.0,0.0,0.0,0.0,0.0,0.0,0.0,nan,nan,4.372241992882563,2.865963898236439,nan,0.8704875536650971,0.03556194414343985,0.0,0.0,0.0,0.0,0.0,0.0,0.0,0.0,0.0,0.0,0.0,0.0,0.0,0.0,0.0,0.0,0.0,0.0,0.0,0.0,0.013239187996469552,0.013239187996469552,0.06619593998234777,0.80759046778464,2.9258605472197714,9.995586937334512,11.081200353045016,3.8393645189761703,0.9532215357458078,0.3045013239187997,0.8702048752430128,0.03435830508470764,0.0,0.0,0.0,0.0,0.0,0.0,0.0,0.0,0.0,0.0,0.0,0.0,0.0,0.0,0.0,0.0,0.0,0.0,0.0,0.0,0.0,0.014374700527072357,0.028749401054144714,0.5749880210828924,2.9036895064686155,10.335409678965023,11.370388116914233,3.4786775275515103,0.9631049353138479,0.3306181121226642,0.3992,0.00895,0.0,0.0,0.0,0.0,0.0,0.0,0.0,0.0,0.0,0.0,0.013239187996469552,15.979699911738724,14.007060900264786,0.0,0.0,0.0,0.0,0.0,0.0,0.0,0.0,0.0,0.0,0.0,0.0,0.0,0.0,0.0,0.0,0.0,0.3992,0.00922,0.0,0.0,0.0,0.0,0.0,0.0,0.0,0.0,0.0,0.0,0.014374700527072357,15.711547676090056,14.27407762338285,0.0,0.0,0.0,0.0,0.0,0.0,0.0,0.0,0.0,0.0,0.0,0.0,0.0,0.0,0.0,0.0,0.0
23200,4429,2278,0.5143373221946264,1058,939,0.4508918491758862,1274,0.5752991645969745,0.41,2.98930729893073,3.1382786923781314,6.782094594594595,2.083919369121034,8374.229442312035,506.4916438660179,7853.0,8866.4,8866.399999999998,1.8189894035458565e-12,7853.0,0.0,27.599909686159403,20.659224971424532,32.44050496911093,18.97710264729633,0.13795439151049899,0.10318356288101152,0.0950553172273651,0.08624971776924814,0.07947617972454278,0.07947617972454278,0.07970196432603296,0.05644615037254459,0.05825242718446602,0.05125310453827049,0.04244750508015353,0.04041544366674193,0.028674644389252654,0.027319936780311582,0.017611198916233913,0.010611876270038383,0.005870399638744638,0.8676994599050366,0.03463931342076204,0.0,0.0,0.0,0.0,0.0,0.0,0.0,0.0,0.0,0.0,0.0,0.0,0.0,0.0,0.0,0.0,0.0,0.0,0.0,0.0,0.006773538044705353,0.006773538044705353,0.1557913750282231,0.697674418604649,3.3529013321291496,10.336419056220368,10.952811018288555,3.5425603973808992,0.7315421088281782,0.2167532174305713,4.3125220458553795,2.9156940459856493,4.5,3.640054944640259,1.0434729265499754,4.240559440559441,2.9277127224043618,4.385653409090909,2.9049319101490165,1.0342157610488127,0.3994,0.009026,0.0,0.0,0.0,0.0,0.0,0.0,0.0,0.0,0.0,0.0,0.013547076089410706,16.019417475728133,13.967035448182438,0.0,0.0,0.0,0.0,0.0,0.0,0.0,0.0,0.0,0.0,0.0,0.0,0.0,0.0,0.0,0.0,0.0,nan,nan,4.31278619232124,2.916849657963888,nan,0.3994,0.04318,0.0,0.0,0.0,0.0,0.0,0.0,0.0,0.0,0.0,0.0,0.0,0.0,0.0,0.0,0.0,0.0,0.0,0.0,0.0,0.0,1.1289230074508918e-05,0.0,0.0,0.0,0.00025965229171370514,0.00167080605102732,0.0015692029803567396,0.0001919169112666516,0.005610747347030933,0.0018740121923684805,0.0025513659968390157,0.004368932038834952,0.005486565816211334,0.04065251749830662,0.07307518627229623,0.030413185820727027,0.057258974937909234,0.06335515917814405,0.0750733799954843,0.09233461277940845,0.08567396703544818,0.09536012643937683,0.10497855046285844,0.07017385414314743,0.061221494694061865,0.0226574847595394,0.032941973357417026,0.03027771505983292,0.019169112666516143,0.008218559494242493,0.00854594716640325,0.004030255136599684,0.000688643034545044,0.00011289230074508918,0.0001919169112666516,0.0,0.0,0.0,0.0,0.0,0.0,0.0,0.0,0.0,0.0,0.0,0.0,0.0,0.0,0.0,0.0,0.0,0.0,0.0,0.0,0.0,0.0,0.0,0.0,0.0,0.0,0.0,0.0,0.0,0.0,0.0,0.0,0.0,0.0,0.0,0.0,0.0,0.0,0.0,0.0,0.0,0.0,0.0,0.0,0.0,0.0,nan,nan,4.31278619232124,2.916849657963888,nan,0.8681966062174019,0.03454687131107675,0.0,0.0,0.0,0.0,0.0,0.0,0.0,0.0,0.0,0.0,0.0,0.0,0.0,0.0,0.0,0.0,0.0,0.0,0.0,0.0,0.0,0.013169446883230908,0.15803336259877088,0.6584723441615431,3.173836698858649,10.390693590869185,10.917471466198423,3.674275680421423,0.8428446005267781,0.1712028094820018,0.8671729609280173,0.03472918687234342,0.0,0.0,0.0,0.0,0.0,0.0,0.0,0.0,0.0,0.0,0.0,0.0,0.0,0.0,0.0,0.0,0.0,0.0,0.0,0.0,0.013947001394700143,0.0,0.15341701534170157,0.7391910739191051,3.5425383542538365,10.278940027894004,10.990237099023712,3.403068340306835,0.6136680613668063,0.2649930264993027,0.3992,0.00919,0.0,0.0,0.0,0.0,0.0,0.0,0.0,0.0,0.0,0.0,0.0,16.31694468832307,13.683055311676913,0.0,0.0,0.0,0.0,0.0,0.0,0.0,0.0,0.0,0.0,0.0,0.0,0.0,0.0,0.0,0.0,0.0,0.3994,0.008835,0.0,0.0,0.0,0.0,0.0,0.0,0.0,0.0,0.0,0.0,0.027894002789400286,15.704323570432333,14.267782426778247,0.0,0.0,0.0,0.0,0.0,0.0,0.0,0.0,0.0,0.0,0.0,0.0,0.0,0.0,0.0,0.0,0.0
23300,4601,2354,0.5116279069767442,1101,991,0.4546837643990437,1333,0.5794392523364486,0.39799999999999996,2.889185580774366,3.0727282257419692,6.553156146179402,2.20268599371632,8371.483720930233,506.5629614579398,7853.0,8866.4,8866.4,0.0,7853.0,0.0,27.626385568354706,20.53652635564065,32.48720599638149,18.77363499903458,0.13975222777657031,0.0969354488154749,0.09410997609215388,0.09237122364703325,0.07954792436426864,0.0788958921973484,0.06976744186046512,0.063899152358183,0.059986959356661596,0.052814605520539015,0.04433818735057596,0.03760052162573354,0.03390567267985221,0.024994566398609,0.015214083894805478,0.010649858726363834,0.005216257335361878,0.8680555711775028,0.03470578491064309,0.0,0.0,0.0,0.0,0.0,0.0,0.0,0.0,0.0,0.0,0.0,0.0,0.0,0.0,0.0,0.0,0.0,0.0,0.0,0.0,0.0,0.013040643338404698,0.14996739839165402,0.7628776352966723,3.1101934362095203,10.43903499239296,11.006302977613565,3.5470549880460776,0.710715061943056,0.26081286676809395,4.28193832599119,2.8947086721177184,3.5714285714285716,2.4411439272335804,0.8340681951793063,4.319293478260869,2.929647467432853,4.241077441077441,2.8584677532481946,0.9818914742475612,0.399,0.00877,0.0,0.0,0.0,0.0,0.0,0.0,0.0,0.0,0.0,0.0,0.006520321669202349,16.411649641382287,13.581830036948492,0.0,0.0,0.0,0.0,0.0,0.0,0.0,0.0,0.0,0.0,0.0,0.0,0.0,0.0,0.0,0.0,0.0,nan,nan,4.28025693035835,2.893925173353639,nan,0.399,0.04318,0.0,0.0,0.0,0.0,0.0,0.0,0.0,0.0,0.0,0.0,0.0,0.0,0.0,0.0,0.0,0.0,0.0,0.0,0.0,0.0,0.0,0.0,0.0,0.0,5.433601391001956e-05,0.0019560965007607042,0.0012931971310584656,9.78048250380352e-05,0.005237991740925886,0.0020321669202347315,0.0028146055205390133,0.005074983699195827,0.0058356878939361005,0.04100195609650076,0.07652684199087155,0.0316778961095414,0.05589002390784612,0.06248641599652249,0.07288632905890025,0.09381656161703977,0.08268854596826777,0.0927733101499674,0.10724842425559661,0.0700173875244512,0.0649750054336014,0.022190828080851988,0.03291675722668985,0.029895674853292763,0.01772440773744838,0.0074549011084546835,0.008715496631167137,0.0036839817430993262,0.0007498369919582699,0.00013040643338404695,0.00015214083894805476,0.0,0.0,0.0,0.0,0.0,0.0,0.0,0.0,0.0,0.0,0.0,0.0,0.0,0.0,0.0,0.0,0.0,0.0,0.0,0.0,0.0,0.0,0.0,0.0,0.0,0.0,0.0,0.0,0.0,0.0,0.0,0.0,0.0,0.0,0.0,0.0,0.0,0.0,0.0,0.0,0.0,0.0,0.0,0.0,0.0,0.0,nan,nan,4.28025693035835,2.893925173353639,nan,0.8680400230060114,0.03405939760817919,0.0,0.0,0.0,0.0,0.0,0.0,0.0,0.0,0.0,0.0,0.0,0.0,0.0,0.0,0.0,0.0,0.0,0.0,0.0,0.0,0.0,0.012744265080713682,0.10195412064570945,0.777400169923532,3.058623619371284,10.615972812234498,10.807136788445202,3.7468139337298223,0.6499575191163978,0.22939677145284626,0.8680718597381126,0.035370277702488365,0.0,0.0,0.0,0.0,0.0,0.0,0.0,0.0,0.0,0.0,0.0,0.0,0.0,0.0,0.0,0.0,0.0,0.0,0.0,0.0,0.0,0.013351134846461953,0.20026702269692928,0.7476635514018668,3.1642189586114826,10.25367156208278,11.21495327102804,3.3377837116154883,0.7743658210947932,0.2937249666221629,0.399,0.00881,0.0,0.0,0.0,0.0,0.0,0.0,0.0,0.0,0.0,0.0,0.012744265080713682,16.478334749362762,13.508920985556502,0.0,0.0,0.0,0.0,0.0,0.0,0.0,0.0,0.0,0.0,0.0,0.0,0.0,0.0,0.0,0.0,0.0,0.399,0.008736,0.0,0.0,0.0,0.0,0.0,0.0,0.0,0.0,0.0,0.0,0.0,16.3417890520694,13.658210947930577,0.0,0.0,0.0,0.0,0.0,0.0,0.0,0.0,0.0,0.0,0.0,0.0,0.0,0.0,0.0,0.0,0.0
23400,4572,2360,0.5161854768153981,1084,932,0.4409448818897638,1295,0.5664916885389326,0.39799999999999996,2.9864376130198913,3.0660004170154,6.525821596244131,2.1242043318121424,8376.102362204725,506.43445036263563,7853.0,8866.4,8866.399999999998,1.8189894035458565e-12,7853.0,0.0,28.04090113735783,21.065791575229582,33.080918820151396,19.294858036193087,0.1437007874015748,0.09426946631671042,0.09405074365704287,0.08967629046369203,0.08070866141732283,0.07677165354330709,0.06780402449693788,0.06189851268591426,0.049431321084864394,0.052930883639545054,0.05074365704286964,0.04046369203849519,0.03127734033245844,0.027340332458442695,0.02252843394575678,0.009623797025371828,0.006780402449693788,0.8659447580054468,0.03532736174045886,0.0,0.0,0.0,0.0,0.0,0.0,0.0,0.0,0.0,0.0,0.0,0.0,0.0,0.0,0.0,0.0,0.0,0.0,0.0,0.0,0.006561679790026248,0.019685039370078743,0.1771653543307087,0.7086614173228325,3.5301837270341214,10.918635170603677,10.380577427821525,3.202099737532809,0.8005249343832023,0.25590551181102367,4.300818553888131,2.8380982211297585,4.666666666666667,2.4267032964268394,1.0850647634152788,4.286301369863014,2.860970956386274,4.316644113667118,2.813774661362942,1.007079003827739,0.3992,0.009026,0.0,0.0,0.0,0.0,0.0,0.0,0.0,0.0,0.0,0.0,0.006561679790026248,16.358267716535412,13.635170603674544,0.0,0.0,0.0,0.0,0.0,0.0,0.0,0.0,0.0,0.0,0.0,0.0,0.0,0.0,0.0,0.0,0.0,nan,nan,4.301565690946222,2.8373669227645038,nan,0.3992,0.0432,0.0,0.0,0.0,0.0,0.0,0.0,0.0,0.0,0.0,0.0,0.0,0.0,0.0,0.0,0.0,0.0,0.0,0.0,0.0,0.0,0.0,0.0,1.0936132983377077e-05,0.0,4.374453193350831e-05,0.0019138232720909887,0.0013451443569553806,0.000284339457567804,0.004997812773403325,0.002274715660542432,0.002909011373578303,0.00426509186351706,0.005205599300087489,0.0414588801399825,0.07750437445319334,0.03159448818897638,0.05498687664041995,0.061646981627296586,0.07327209098862641,0.09291338582677165,0.08183508311461067,0.09235564304461942,0.10761154855643044,0.06897419072615923,0.06853674540682415,0.023009623797025373,0.031616360454943135,0.031572615923009625,0.01713692038495188,0.007666229221347331,0.008278652668416448,0.0034886264216972876,0.0011920384951881015,0.0,9.84251968503937e-05,0.0,0.0,0.0,0.0,0.0,0.0,0.0,0.0,0.0,0.0,0.0,0.0,0.0,0.0,0.0,0.0,0.0,0.0,0.0,0.0,0.0,0.0,0.0,0.0,0.0,0.0,0.0,0.0,0.0,0.0,0.0,0.0,0.0,0.0,0.0,0.0,0.0,0.0,0.0,0.0,0.0,0.0,0.0,0.0,0.0,0.0,nan,nan,4.301565690946222,2.8373669227645038,nan,0.8664157334273145,0.03553299784665546,0.0,0.0,0.0,0.0,0.0,0.0,0.0,0.0,0.0,0.0,0.0,0.0,0.0,0.0,0.0,0.0,0.0,0.0,0.0,0.0,0.0,0.012711864406779664,0.20338983050847462,0.5466101694915236,3.711864406779662,10.868644067796613,10.283898305084747,3.177966101694916,0.9406779661016951,0.25423728813559326,0.8654422706656603,0.0350996715539397,0.0,0.0,0.0,0.0,0.0,0.0,0.0,0.0,0.0,0.0,0.0,0.0,0.0,0.0,0.0,0.0,0.0,0.0,0.0,0.0,0.013562386980108502,0.027124773960217004,0.14918625678119352,0.8815551537070496,3.336347197106692,10.971971066907777,10.483725135623871,3.2278481012658236,0.6509945750452081,0.25768535262206155,0.3992,0.00898,0.0,0.0,0.0,0.0,0.0,0.0,0.0,0.0,0.0,0.0,0.012711864406779664,16.30932203389828,13.677966101694919,0.0,0.0,0.0,0.0,0.0,0.0,0.0,0.0,0.0,0.0,0.0,0.0,0.0,0.0,0.0,0.0,0.0,0.3992,0.00908,0.0,0.0,0.0,0.0,0.0,0.0,0.0,0.0,0.0,0.0,0.0,16.410488245931262,13.58951175406872,0.0,0.0,0.0,0.0,0.0,0.0,0.0,0.0,0.0,0.0,0.0,0.0,0.0,0.0,0.0,0.0,0.0
23500,4414,2268,0.513819664703217,1028,906,0.43815133665609424,1253,0.5677390122338015,0.422,3.0447343895619756,3.1746098892655126,6.740237691001698,2.15654583223382,8373.70484821024,506.5064207160734,7853.0,8866.4,8866.4,0.0,7853.0,0.0,27.563207974626188,20.767270750636442,32.560400866738895,19.035218048829904,0.14159492523787948,0.10512007249660173,0.09605799728137744,0.0851835070231083,0.07657453556864521,0.07589487992750339,0.06932487539646578,0.06252831898504757,0.055505210693248756,0.05301314000906208,0.04961486180335297,0.03987313094698686,0.03262347077480743,0.024694154961486182,0.017671046669687357,0.008835523334843678,0.0058903488898957865,0.8662878031448698,0.03440455126748783,0.0,0.0,0.0,0.0,0.0,0.0,0.0,0.0,0.0,0.0,0.0,0.0,0.0,0.0,0.0,0.0,0.0,0.0,0.0,0.0,0.0,0.013593112822836434,0.17671046669687362,0.7136384231989102,3.39148164929769,11.105573176257364,10.51427276846398,3.2147711826008165,0.6048935206162213,0.26506570004531044,4.384533143264433,2.930538736107524,2.857142857142857,2.799416848895061,0.6516412953867233,4.44738725841088,2.9784940158337294,4.314971751412429,2.8822859776276775,0.9702262251284667,0.3994,0.008865,0.0,0.0,0.0,0.0,0.0,0.0,0.0,0.0,0.0,0.0,0.013593112822836434,15.570910738559107,14.415496148618036,0.0,0.0,0.0,0.0,0.0,0.0,0.0,0.0,0.0,0.0,0.0,0.0,0.0,0.0,0.0,0.0,0.0,nan,nan,4.380732314255243,2.9312076966269798,nan,0.3994,0.0432,0.0,0.0,0.0,0.0,0.0,0.0,0.0,0.0,0.0,0.0,0.0,0.0,0.0,0.0,0.0,0.0,0.0,0.0,0.0,0.0,0.0,0.0,0.0,0.0,7.92931581332125e-05,0.0023901223380154053,0.0012007249660172178,0.00030584503851381964,0.0048708654281830535,0.002412777526053466,0.002809243316719529,0.003602174898051654,0.005448572723153603,0.041436338921613046,0.07603081105573176,0.03289533303126416,0.051415949252378794,0.06096511101042139,0.07328953330312642,0.09166289080199366,0.08152469415496148,0.09759855006796557,0.10638876302673313,0.06957408246488446,0.06866787494336203,0.023448119619392842,0.03432260987766198,0.029621658359764387,0.01746714997734481,0.007566832804712279,0.007328953330312642,0.004315813321250566,0.0011780697779791571,5.663797009515179e-05,0.00012460353420933393,0.0,0.0,0.0,0.0,0.0,0.0,0.0,0.0,0.0,0.0,0.0,0.0,0.0,0.0,0.0,0.0,0.0,0.0,0.0,0.0,0.0,0.0,0.0,0.0,0.0,0.0,0.0,0.0,0.0,0.0,0.0,0.0,0.0,0.0,0.0,0.0,0.0,0.0,0.0,0.0,0.0,0.0,0.0,0.0,0.0,0.0,nan,nan,4.380732314255243,2.9312076966269798,nan,0.8660590032105724,0.03388126762502353,0.0,0.0,0.0,0.0,0.0,0.0,0.0,0.0,0.0,0.0,0.0,0.0,0.0,0.0,0.0,0.0,0.0,0.0,0.0,0.0,0.0,0.02645502645502646,0.2248677248677249,0.6216931216931197,3.43915343915344,11.005291005291008,10.753968253968255,3.201058201058202,0.5423280423280424,0.18518518518518523,0.8665296103447704,0.0349474407465821,0.0,0.0,0.0,0.0,0.0,0.0,0.0,0.0,0.0,0.0,0.0,0.0,0.0,0.0,0.0,0.0,0.0,0.0,0.0,0.0,0.0,0.0,0.12581547064305687,0.8108108108108083,3.341099720410066,11.211556383970178,10.260950605778193,3.2292637465051266,0.6710158434296366,0.34948741845293574,0.3997,0.00882,0.0,0.0,0.0,0.0,0.0,0.0,0.0,0.0,0.0,0.0,0.0,15.436507936507914,14.563492063492067,0.0,0.0,0.0,0.0,0.0,0.0,0.0,0.0,0.0,0.0,0.0,0.0,0.0,0.0,0.0,0.0,0.0,0.3994,0.00891,0.0,0.0,0.0,0.0,0.0,0.0,0.0,0.0,0.0,0.0,0.027958993476234862,15.712954333643966,14.25908667287978,0.0,0.0,0.0,0.0,0.0,0.0,0.0,0.0,0.0,0.0,0.0,0.0,0.0,0.0,0.0,0.0,0.0
23600,4428,2320,0.5239385727190605,1132,887,0.4559620596205962,1230,0.5555555555555556,0.418,3.049335863377609,3.130985279250702,6.615384615384615,2.158458937066884,8383.959349593495,506.1189326208815,7853.0,8866.4,8866.4,0.0,7853.0,0.0,28.648825654923215,21.015861239632727,33.528327097808656,19.192786156269964,0.13392050587172538,0.0930442637759711,0.08943089430894309,0.09033423667570009,0.07926829268292683,0.07113821138211382,0.07181571815718157,0.06255645889792232,0.06639566395663957,0.05555555555555555,0.047199638663053295,0.041779584462511295,0.03184281842818428,0.027326106594399276,0.018518518518518517,0.01016260162601626,0.00971093044263776,0.8645671230506121,0.034704397410160404,0.0,0.0,0.0,0.0,0.0,0.0,0.0,0.0,0.0,0.0,0.0,0.0,0.0,0.0,0.0,0.0,0.0,0.0,0.0,0.0,0.0,0.013550135501355016,0.19647696476964774,0.8401084010840083,3.7804878048780495,10.894308943089433,10.311653116531167,3.1233062330623316,0.6910569105691058,0.14905149051490518,4.188965517241379,2.9041258935706438,3.125,2.2603926650031405,0.7460075732630886,4.232142857142857,2.9140074406574907,4.139807162534435,2.8913544475429,0.9781822831304995,0.399,0.00898,0.0,0.0,0.0,0.0,0.0,0.0,0.0,0.0,0.0,0.0,0.006775067750677508,16.368563685636833,13.624661246612469,0.0,0.0,0.0,0.0,0.0,0.0,0.0,0.0,0.0,0.0,0.0,0.0,0.0,0.0,0.0,0.0,0.0,nan,nan,4.186038514442916,2.9030857488354704,nan,0.399,0.0438,0.0,0.0,0.0,0.0,0.0,0.0,0.0,0.0,0.0,0.0,0.0,0.0,0.0,0.0,0.0,0.0,0.0,0.0,0.0,0.0,0.0,0.0,0.0,0.0,5.6458897922312554e-05,0.0028794037940379404,0.0018631436314363143,0.00024841915085817523,0.005374887082204155,0.0029584462511291778,0.004177958446251129,0.004076332429990967,0.005995934959349593,0.04059394760614273,0.07652439024390244,0.03272357723577236,0.050971093044263775,0.061540198735320684,0.07321589882565492,0.0949977416440831,0.08125564588979223,0.0960252935862692,0.10501355013550136,0.06904923215898826,0.06460027100271003,0.023136856368563687,0.03473351400180669,0.029561878952122856,0.01686991869918699,0.008242999096657632,0.007125112917795845,0.004799006323396567,0.0012985546522131888,7.904245709123757e-05,1.1291779584462512e-05,0.0,0.0,0.0,0.0,0.0,0.0,0.0,0.0,0.0,0.0,0.0,0.0,0.0,0.0,0.0,0.0,0.0,0.0,0.0,0.0,0.0,0.0,0.0,0.0,0.0,0.0,0.0,0.0,0.0,0.0,0.0,0.0,0.0,0.0,0.0,0.0,0.0,0.0,0.0,0.0,0.0,0.0,0.0,0.0,0.0,0.0,nan,nan,4.186038514442916,2.9030857488354704,nan,0.865065135652649,0.034303705812256786,0.0,0.0,0.0,0.0,0.0,0.0,0.0,0.0,0.0,0.0,0.0,0.0,0.0,0.0,0.0,0.0,0.0,0.0,0.0,0.0,0.0,0.0,0.12931034482758624,0.8534482758620663,3.905172413793104,10.616379310344831,10.42241379310345,3.2198275862068972,0.6982758620689657,0.15517241379310348,0.8640190256897368,0.03513194605973795,0.0,0.0,0.0,0.0,0.0,0.0,0.0,0.0,0.0,0.0,0.0,0.0,0.0,0.0,0.0,0.0,0.0,0.0,0.0,0.0,0.0,0.0284629981024668,0.2703984819734346,0.8254269449715345,3.6432637571157502,11.200189753320684,10.189753320683113,3.017077798861481,0.6831119544592031,0.14231499051233398,0.399,0.00887,0.0,0.0,0.0,0.0,0.0,0.0,0.0,0.0,0.0,0.0,0.012931034482758624,16.280172413793082,13.70689655172414,0.0,0.0,0.0,0.0,0.0,0.0,0.0,0.0,0.0,0.0,0.0,0.0,0.0,0.0,0.0,0.0,0.0,0.399,0.0091,0.0,0.0,0.0,0.0,0.0,0.0,0.0,0.0,0.0,0.0,0.0,16.465844402277014,13.534155597722963,0.0,0.0,0.0,0.0,0.0,0.0,0.0,0.0,0.0,0.0,0.0,0.0,0.0,0.0,0.0,0.0,0.0
23700,4665,2407,0.5159699892818864,1125,978,0.4508038585209003,1318,0.565058949624866,0.39799999999999996,2.971213463241807,3.1332334494943774,6.74512987012987,2.0760638759200023,8375.883987138262,506.44147594792065,7853.0,8866.4,8866.4,0.0,7853.0,0.0,28.063879957127547,20.942523107797633,33.05288707204905,19.170976218523727,0.14083601286173633,0.09603429796355842,0.09431939978563773,0.08981779206859593,0.08102893890675242,0.07009646302250803,0.06302250803858521,0.07116827438370847,0.05873526259378349,0.049732047159699894,0.04844587352625938,0.039013933547695605,0.035798499464094316,0.02572347266881029,0.01822079314040729,0.012647374062165059,0.0053590568060021436,0.8631132747838224,0.03431622839600555,0.0,0.0,0.0,0.0,0.0,0.0,0.0,0.0,0.0,0.0,0.0,0.0,0.0,0.0,0.0,0.0,0.0,0.0,0.0,0.0,0.0,0.05787781350482316,0.1993569131832798,0.8038585209003191,3.7942122186495184,11.646302250803862,9.877813504823152,2.8360128617363354,0.6559485530546625,0.12861736334405147,4.2670890296765585,2.9184230262357524,4.1875,3.1268744378372473,0.9813481675392671,4.314643799472296,2.952450226530441,4.21762349799733,2.8860252971499807,0.9775137170102358,0.3994,0.00945,0.0,0.0,0.0,0.0,0.0,0.0,0.0,0.0,0.0,0.0,0.025723472668810296,15.742765273311875,14.231511254019296,0.0,0.0,0.0,0.0,0.0,0.0,0.0,0.0,0.0,0.0,0.0,0.0,0.0,0.0,0.0,0.0,0.0,nan,nan,4.266666666666667,2.919574243705883,nan,0.3994,0.04416,0.0,0.0,0.0,0.0,0.0,0.0,0.0,0.0,0.0,0.0,0.0,0.0,0.0,0.0,0.0,0.0,0.0,0.0,0.0,0.0,0.0,0.0,0.0,0.0,0.00012861736334405144,0.0032904608788853163,0.002079314040728832,0.00013933547695605574,0.004694533762057878,0.0033440514469453377,0.004619506966773847,0.004737406216505895,0.006055734190782422,0.040042872454448014,0.07457663451232584,0.032497320471597,0.05156484458735262,0.059067524115755624,0.07041800643086817,0.09690246516613076,0.08077170418006431,0.09520900321543409,0.10355841371918542,0.07049303322615219,0.065005359056806,0.024212218649517683,0.035530546623794214,0.031468381564844584,0.017063236870310826,0.009088960342979636,0.0068703108252947485,0.004512325830653805,0.0018006430868167203,0.00021436227224008573,4.2872454448017146e-05,0.0,0.0,0.0,0.0,0.0,0.0,0.0,0.0,0.0,0.0,0.0,0.0,0.0,0.0,0.0,0.0,0.0,0.0,0.0,0.0,0.0,0.0,0.0,0.0,0.0,0.0,0.0,0.0,0.0,0.0,0.0,0.0,0.0,0.0,0.0,0.0,0.0,0.0,0.0,0.0,0.0,0.0,0.0,0.0,0.0,0.0,nan,nan,4.266666666666667,2.919574243705883,nan,0.8632488504058353,0.034371433193147186,0.0,0.0,0.0,0.0,0.0,0.0,0.0,0.0,0.0,0.0,0.0,0.0,0.0,0.0,0.0,0.0,0.0,0.0,0.0,0.0,0.0,0.037390943082675536,0.2368093061902784,0.7602825093477334,3.6518487744079775,11.641046946406318,9.796427087660991,3.0909846281678446,0.6730369754881598,0.11217282924802661,0.8629687528519423,0.0342566919746758,0.0,0.0,0.0,0.0,0.0,0.0,0.0,0.0,0.0,0.0,0.0,0.0,0.0,0.0,0.0,0.0,0.0,0.0,0.0,0.0,0.0,0.07971656333038088,0.15943312666076176,0.8503100088573933,3.9459698848538536,11.651904340124007,9.96457041629761,2.564216120460585,0.637732506643047,0.14614703277236496,0.3994,0.00938,0.0,0.0,0.0,0.0,0.0,0.0,0.0,0.0,0.0,0.0,0.04985459077690072,15.21811383464892,14.732031574574162,0.0,0.0,0.0,0.0,0.0,0.0,0.0,0.0,0.0,0.0,0.0,0.0,0.0,0.0,0.0,0.0,0.0,0.3992,0.00954,0.0,0.0,0.0,0.0,0.0,0.0,0.0,0.0,0.0,0.0,0.0,16.302037201062866,13.697962798937116,0.0,0.0,0.0,0.0,0.0,0.0,0.0,0.0,0.0,0.0,0.0,0.0,0.0,0.0,0.0,0.0,0.0
23800,4670,2375,0.5085653104925053,1105,987,0.44796573875803,1342,0.5747323340471092,0.39799999999999996,2.871023965141612,3.0345736955274116,6.5024,2.1166941772490424,8368.380085653105,506.62564691599914,7853.0,8866.4,8866.399999999998,1.8189894035458565e-12,7853.0,0.0,28.14775160599572,21.051502316051263,33.16330696606277,19.26366843430274,0.14325481798715203,0.09357601713062098,0.08822269807280514,0.09014989293361884,0.08394004282655246,0.07773019271948609,0.06895074946466809,0.06295503211991435,0.05460385438972163,0.04925053533190578,0.04411134903640257,0.0417558886509636,0.03511777301927195,0.02955032119914347,0.017773019271948607,0.012205567451820129,0.006852248394004282,0.8635633707812307,0.0343018474514764,0.0,0.0,0.0,0.0,0.0,0.0,0.0,0.0,0.0,0.0,0.0,0.0,0.0,0.0,0.0,0.0,0.0,0.0,0.0,0.0,0.0,0.019271948608137048,0.21199143468950754,0.7259100642398264,3.7708779443254827,11.768736616702359,9.899357601713064,2.8137044967880094,0.6102783725910065,0.17987152034261247,4.231074380165289,2.856888384659344,5.888888888888889,2.4241582476968255,1.3918188052886078,4.281914893617022,2.839274808743496,4.190849673202615,2.8738478106607808,0.9787325944870702,0.3997,0.00919,0.0,0.0,0.0,0.0,0.0,0.0,0.0,0.0,0.0,0.0,0.019271948608137048,15.50749464668092,14.466809421841544,0.006423982869379017,0.0,0.0,0.0,0.0,0.0,0.0,0.0,0.0,0.0,0.0,0.0,0.0,0.0,0.0,0.0,0.0,nan,nan,4.235992089650626,2.8571245567813692,nan,0.3997,0.0444,0.0,0.0,0.0,0.0,0.0,0.0,0.0,0.0,0.0,0.0,0.0,0.0,0.0,0.0,0.0,0.0,0.0,0.0,0.0,0.0,0.0,0.0,5.3533190578158456e-05,0.0,0.0001284796573875803,0.003576017130620985,0.002441113490364026,0.00021413276231263382,0.0041648822269807284,0.0032119914346895075,0.00487152034261242,0.0051177730192719486,0.005802997858672377,0.04186295503211991,0.07163811563169165,0.03237687366167023,0.05145610278372591,0.056295503211991435,0.06946466809421842,0.0970235546038544,0.08237687366167024,0.09691648822269808,0.1037152034261242,0.07276231263383298,0.06252676659528908,0.02461456102783726,0.03550321199143469,0.0317558886509636,0.016927194860813705,0.009132762312633833,0.007687366167023555,0.004668094218415418,0.00139186295503212,0.0002355460385438972,8.565310492505354e-05,0.0,0.0,0.0,0.0,0.0,0.0,0.0,0.0,0.0,0.0,0.0,0.0,0.0,0.0,0.0,0.0,0.0,0.0,0.0,0.0,0.0,0.0,0.0,0.0,0.0,0.0,0.0,0.0,0.0,0.0,0.0,0.0,0.0,0.0,0.0,0.0,0.0,0.0,0.0,0.0,0.0,0.0,0.0,0.0,0.0,0.0,nan,nan,4.235992089650626,2.8571245567813692,nan,0.8632421386116429,0.03457107149835854,0.0,0.0,0.0,0.0,0.0,0.0,0.0,0.0,0.0,0.0,0.0,0.0,0.0,0.0,0.0,0.0,0.0,0.0,0.0,0.0,0.0,0.037894736842105266,0.22736842105263164,0.6568421052631559,4.029473684210527,11.608421052631583,9.928421052631581,2.741052631578948,0.568421052631579,0.2021052631578948,0.8638958005863597,0.034017801855805795,0.0,0.0,0.0,0.0,0.0,0.0,0.0,0.0,0.0,0.0,0.0,0.0,0.0,0.0,0.0,0.0,0.0,0.0,0.0,0.0,0.0,0.0,0.19607843137254907,0.7973856209150302,3.50326797385621,11.93464052287582,9.869281045751636,2.8888888888888897,0.6535947712418302,0.15686274509803924,0.3997,0.00915,0.0,0.0,0.0,0.0,0.0,0.0,0.0,0.0,0.0,0.0,0.02526315789473685,15.385263157894716,14.576842105263161,0.012631578947368424,0.0,0.0,0.0,0.0,0.0,0.0,0.0,0.0,0.0,0.0,0.0,0.0,0.0,0.0,0.0,0.0,0.3994,0.009254,0.0,0.0,0.0,0.0,0.0,0.0,0.0,0.0,0.0,0.0,0.013071895424836605,15.633986928104553,14.35294117647059,0.0,0.0,0.0,0.0,0.0,0.0,0.0,0.0,0.0,0.0,0.0,0.0,0.0,0.0,0.0,0.0,0.0
23900,4485,2337,0.5210702341137123,1082,928,0.44816053511705684,1272,0.5672240802675586,0.414,3.014897579143389,3.029150989265301,6.3858267716535435,2.0690720050587714,8381.052575250835,506.2498963260706,7853.0,8866.4,8866.399999999998,1.8189894035458565e-12,7853.0,0.0,28.505239687848384,21.121505083799782,33.533934252386004,19.25620265039747,0.1415830546265329,0.09186176142697881,0.09386845039018953,0.08428093645484949,0.08004459308807135,0.0653288740245262,0.07045707915273133,0.06711259754738015,0.06086956521739131,0.05306577480490524,0.050836120401337795,0.04370122630992196,0.03322185061315496,0.025418060200668897,0.017837235228539576,0.012931995540691193,0.00758082497212932,0.8647852091087546,0.034257975059195526,0.0,0.0,0.0,0.0,0.0,0.0,0.0,0.0,0.0,0.0,0.0,0.0,0.0,0.0,0.0,0.0,0.0,0.0,0.0,0.0,0.0,0.0,0.16053511705685622,0.6956521739130413,3.6254180602006696,11.73244147157191,10.026755852842811,2.76923076923077,0.7290969899665554,0.26086956521739135,4.1593011305241525,2.751493722097656,5.0,1.0,1.2021250308870768,4.189821182943604,2.767418184303559,4.130197682344922,2.733833592142046,0.9857694402707676,0.3987,0.00898,0.0,0.0,0.0,0.0,0.0,0.0,0.0,0.0,0.0,0.0,0.0,16.595317725752487,13.404682274247495,0.0,0.0,0.0,0.0,0.0,0.0,0.0,0.0,0.0,0.0,0.0,0.0,0.0,0.0,0.0,0.0,0.0,nan,nan,4.159876754536118,2.7507639569790934,nan,0.3987,0.04404,0.0,0.0,0.0,0.0,0.0,0.0,0.0,0.0,0.0,0.0,0.0,0.0,0.0,0.0,0.0,0.0,0.0,0.0,0.0,0.0,0.0,0.0,0.0,0.0,0.0001226309921962096,0.003355629877369008,0.0019620958751393534,0.0002229654403567447,0.00391304347826087,0.0035785953177257523,0.005183946488294315,0.005016722408026756,0.005841694537346711,0.043656633221850615,0.07547380156075809,0.03177257525083612,0.0530546265328874,0.05697881828316611,0.07,0.0959866220735786,0.08224080267558528,0.09701226309921962,0.10547380156075808,0.07001114827201783,0.06351170568561873,0.023210702341137125,0.03511705685618729,0.028840579710144927,0.015473801560758083,0.010033444816053512,0.00725752508361204,0.0045150501672240806,0.0011036789297658863,4.459308807134894e-05,3.3444816053511705e-05,0.0,0.0,0.0,0.0,0.0,0.0,0.0,0.0,0.0,0.0,0.0,0.0,0.0,0.0,0.0,0.0,0.0,0.0,0.0,0.0,0.0,0.0,0.0,0.0,0.0,0.0,0.0,0.0,0.0,0.0,0.0,0.0,0.0,0.0,0.0,0.0,0.0,0.0,0.0,0.0,0.0,0.0,0.0,0.0,0.0,0.0,nan,nan,4.159876754536118,2.7507639569790934,nan,0.8658186202891933,0.03415541171952292,0.0,0.0,0.0,0.0,0.0,0.0,0.0,0.0,0.0,0.0,0.0,0.0,0.0,0.0,0.0,0.0,0.0,0.0,0.0,0.0,0.0,0.0,0.16688061617458286,0.6290115532734255,3.388960205391528,11.501925545571249,10.359435173299103,2.9525032092426193,0.7060333761232351,0.2952503209242619,0.8636608692909308,0.03433390317014774,0.0,0.0,0.0,0.0,0.0,0.0,0.0,0.0,0.0,0.0,0.0,0.0,0.0,0.0,0.0,0.0,0.0,0.0,0.0,0.0,0.0,0.0,0.15363128491620115,0.7681564245810032,3.882681564245811,11.98324022346369,9.664804469273745,2.5698324022346375,0.7541899441340785,0.22346368715083803,0.399,0.00887,0.0,0.0,0.0,0.0,0.0,0.0,0.0,0.0,0.0,0.0,0.0,16.251604621309347,13.748395378690633,0.0,0.0,0.0,0.0,0.0,0.0,0.0,0.0,0.0,0.0,0.0,0.0,0.0,0.0,0.0,0.0,0.0,0.3987,0.00909,0.0,0.0,0.0,0.0,0.0,0.0,0.0,0.0,0.0,0.0,0.0,16.969273743016736,13.030726256983243,0.0,0.0,0.0,0.0,0.0,0.0,0.0,0.0,0.0,0.0,0.0,0.0,0.0,0.0,0.0,0.0,0.0
24000,4555,2334,0.512403951701427,1105,932,0.44720087815587267,1266,0.5558726673984632,0.422,2.9131022062134173,3.137995982620509,6.811965811965812,2.183589235078138,8372.270164654226,506.5440562878667,7853.0,8866.4,8866.400000000001,1.8189894035458565e-12,7853.0,0.0,27.45861690450055,20.811310302486156,32.438845144356954,19.119325884778355,0.1437980241492865,0.10735455543358946,0.09220636663007684,0.0845225027442371,0.07903402854006586,0.0796926454445664,0.06871569703622393,0.06169045005488474,0.0570801317233809,0.052250274423710205,0.04610318331503842,0.03468715697036224,0.0287596048298573,0.029198682766191,0.01668496158068057,0.012952799121844128,0.005268935236004391,0.8640055867110336,0.03408080240612086,0.0,0.0,0.0,0.0,0.0,0.0,0.0,0.0,0.0,0.0,0.0,0.0,0.0,0.0,0.0,0.0,0.0,0.0,0.0,0.0,0.0,0.00658616904500549,0.15148188803512627,0.7376509330406125,3.872667398463228,11.440175631174537,10.248079034028542,2.667398463227223,0.6520307354555435,0.22392974753018666,4.33678756476684,2.878100993351044,5.333333333333333,2.494438257849294,1.2297889287136596,4.313328681088625,2.897205552853618,4.364754098360656,2.8574059311514315,1.011922443447795,0.3987,0.00937,0.0,0.0,0.0,0.0,0.0,0.0,0.0,0.0,0.0,0.0,0.00658616904500549,16.72228320526891,13.271130625686062,0.0,0.0,0.0,0.0,0.0,0.0,0.0,0.0,0.0,0.0,0.0,0.0,0.0,0.0,0.0,0.0,0.0,nan,nan,4.337819185645273,2.877908707564037,nan,0.3987,0.04434,0.0,0.0,0.0,0.0,0.0,0.0,0.0,0.0,0.0,0.0,0.0,0.0,0.0,0.0,0.0,0.0,0.0,0.0,0.0,0.0,0.0,0.0,0.0,3.2930845225027445e-05,0.00012074643249176729,0.003380900109769484,0.001899012074643249,0.00042810098792535675,0.0029088913282107574,0.0038199780461031833,0.006443468715697036,0.005400658616904501,0.005203073545554336,0.04475301866081229,0.07771679473106477,0.029989023051591658,0.05430296377607025,0.05622392974753019,0.0671569703622393,0.09687156970362239,0.08261251372118551,0.096794731064764,0.10208562019758508,0.06755214050493963,0.06757409440175631,0.023391877058177826,0.036158068057080134,0.02836443468715697,0.014368825466520307,0.010669593852908891,0.0074972557628979145,0.005082327113062568,0.0009001097694840834,0.00014270032930845225,0.00015367727771679472,0.0,0.0,0.0,0.0,0.0,0.0,0.0,0.0,0.0,0.0,0.0,0.0,0.0,0.0,0.0,0.0,0.0,0.0,0.0,0.0,0.0,0.0,0.0,0.0,0.0,0.0,0.0,0.0,0.0,0.0,0.0,0.0,0.0,0.0,0.0,0.0,0.0,0.0,0.0,0.0,0.0,0.0,0.0,0.0,0.0,0.0,nan,nan,4.337819185645273,2.877908707564037,nan,0.8633388475975422,0.03472218881005406,0.0,0.0,0.0,0.0,0.0,0.0,0.0,0.0,0.0,0.0,0.0,0.0,0.0,0.0,0.0,0.0,0.0,0.0,0.0,0.0,0.0,0.012853470437017999,0.17994858611825199,0.7969151670951132,3.9331619537275073,11.580976863753216,9.961439588688947,2.5835475578406175,0.732647814910026,0.21850899742930596,0.8647062481657335,0.03337916258279838,0.0,0.0,0.0,0.0,0.0,0.0,0.0,0.0,0.0,0.0,0.0,0.0,0.0,0.0,0.0,0.0,0.0,0.0,0.0,0.0,0.0,0.0,0.12156686177397572,0.6753714542998628,3.809095002251239,11.292210715893745,10.549302116163892,2.7555155335434494,0.5673120216118867,0.22962629446195412,0.3984,0.00946,0.0,0.0,0.0,0.0,0.0,0.0,0.0,0.0,0.0,0.0,0.012853470437017999,17.0179948586118,12.96915167095116,0.0,0.0,0.0,0.0,0.0,0.0,0.0,0.0,0.0,0.0,0.0,0.0,0.0,0.0,0.0,0.0,0.0,0.399,0.00926,0.0,0.0,0.0,0.0,0.0,0.0,0.0,0.0,0.0,0.0,0.0,16.411526339486695,13.588473660513285,0.0,0.0,0.0,0.0,0.0,0.0,0.0,0.0,0.0,0.0,0.0,0.0,0.0,0.0,0.0,0.0,0.0
24100,4722,2399,0.5080474375264719,1185,960,0.4542566709021601,1331,0.563744176196527,0.40599999999999997,2.8966853207059837,3.041342658174079,6.438729198184569,2.163781266307039,8367.855273189325,506.63436669772733,7853.0,8866.4,8866.399999999998,1.8189894035458565e-12,7853.0,0.0,28.66349004659043,21.008541281930675,33.40469061876247,19.255268557453373,0.13214739517153748,0.10144006776789496,0.08809826344769166,0.0760271071579839,0.0817450232952139,0.08407454468445574,0.07136806437950022,0.060144006776789494,0.05781448538754765,0.05802626005929691,0.04870817450232952,0.041296060991105464,0.033672172808132145,0.027107157983905124,0.01757729775518848,0.013765353663701822,0.00698856416772554,0.8625499523201013,0.035595251048615925,0.0,0.0,0.0,0.0,0.0,0.0,0.0,0.0,0.0,0.0,0.0,0.0,0.0,0.0,0.0,0.0,0.0,0.0,0.0,0.0,0.006353240152477765,0.02541296060991106,0.15247776365946636,0.9720457433290948,4.155019059720458,11.45489199491741,9.783989834815758,2.509529860228717,0.6353240152477765,0.3049555273189327,4.153202446089475,2.813656729087808,5.857142857142857,2.4743582965269675,1.410271455141263,4.1506761107533805,2.843949734120138,4.163356822549647,2.784065578764423,1.0030550954731,0.3982,0.00926,0.0,0.0,0.0,0.0,0.0,0.0,0.0,0.0,0.0,0.0,0.01270648030495553,17.17280813214737,12.814485387547652,0.0,0.0,0.0,0.0,0.0,0.0,0.0,0.0,0.0,0.0,0.0,0.0,0.0,0.0,0.0,0.0,0.0,nan,nan,4.157032755298651,2.814097172709196,nan,0.3982,0.04437,0.0,0.0,0.0,0.0,0.0,0.0,0.0,0.0,0.0,0.0,0.0,0.0,0.0,0.0,0.0,0.0,0.0,0.0,0.0,0.0,0.0,0.0,0.0,3.176620076238882e-05,2.1177467174925878e-05,0.003949597628123676,0.0018212621770436256,0.0004553155442609064,0.00295425667090216,0.003949597628123676,0.005961457009741635,0.005749682337992376,0.005124947056332063,0.045732740364252435,0.07849428208386278,0.029224904701397714,0.0554002541296061,0.0557708598051673,0.06777848369335028,0.10354722575180009,0.07873782295637442,0.09527742481999153,0.09800931808555696,0.06775730622617535,0.06925031766200762,0.02219398559932232,0.03708174502329521,0.029457856840321896,0.012759423972892842,0.010705209656925032,0.006024989411266412,0.005262600592969081,0.001037695891571368,0.0001905972045743329,0.00027530707327403644,1.0588733587462939e-05,0.0,0.0,0.0,0.0,0.0,0.0,0.0,0.0,0.0,0.0,0.0,0.0,0.0,0.0,0.0,0.0,0.0,0.0,0.0,0.0,0.0,0.0,0.0,0.0,0.0,0.0,0.0,0.0,0.0,0.0,0.0,0.0,0.0,0.0,0.0,0.0,0.0,0.0,0.0,0.0,0.0,0.0,0.0,0.0,0.0,nan,nan,4.157032755298651,2.814097172709196,nan,0.8633412520256376,0.03556664542823884,0.0,0.0,0.0,0.0,0.0,0.0,0.0,0.0,0.0,0.0,0.0,0.0,0.0,0.0,0.0,0.0,0.0,0.0,0.0,0.0,0.012505210504376826,0.012505210504376826,0.1500625260525219,0.8878699458107516,4.051688203418092,11.22967903293039,10.00416840350146,2.6511046269278875,0.7002917882451023,0.3001250521050438,0.8617327642040523,0.035606315290917866,0.0,0.0,0.0,0.0,0.0,0.0,0.0,0.0,0.0,0.0,0.0,0.0,0.0,0.0,0.0,0.0,0.0,0.0,0.0,0.0,0.0,0.03874300473525614,0.15497201894102455,1.0589754627636643,4.261730520878175,11.687473095135603,9.556607834696514,2.3633232888506246,0.5682307361170901,0.3099440378820491,0.3984,0.00917,0.0,0.0,0.0,0.0,0.0,0.0,0.0,0.0,0.0,0.0,0.012505210504376826,16.844518549395556,13.142976240100044,0.0,0.0,0.0,0.0,0.0,0.0,0.0,0.0,0.0,0.0,0.0,0.0,0.0,0.0,0.0,0.0,0.0,0.398,0.009346,0.0,0.0,0.0,0.0,0.0,0.0,0.0,0.0,0.0,0.0,0.012914334911752048,17.511838140335747,12.47524752475248,0.0,0.0,0.0,0.0,0.0,0.0,0.0,0.0,0.0,0.0,0.0,0.0,0.0,0.0,0.0,0.0,0.0
24200,4848,2477,0.5109323432343235,1132,1022,0.4443069306930693,1389,0.573019801980198,0.39799999999999996,2.897089835512442,2.947658816925304,6.221225710014948,2.1370315227726633,8370.778836633663,506.5788678763105,7853.0,8866.4,8866.4,0.0,7853.0,0.0,28.461633663366335,21.27186733470763,33.631812577065354,19.415892762950197,0.14521452145214522,0.09570957095709572,0.08766501650165016,0.08106435643564357,0.08353960396039604,0.06992574257425743,0.07198844884488449,0.06415016501650166,0.055074257425742575,0.05033003300330033,0.054661716171617164,0.03547854785478548,0.03816006600660066,0.026815181518151814,0.018564356435643563,0.014438943894389438,0.007219471947194719,0.864081936455009,0.03397170993013837,0.0,0.0,0.0,0.0,0.0,0.0,0.0,0.0,0.0,0.0,0.0,0.0,0.0,0.0,0.0,0.0,0.0,0.0,0.0,0.0,0.006188118811881189,0.012376237623762379,0.14232673267326734,0.7611386138613838,3.898514851485149,11.472772277227726,9.99381188118812,2.908415841584159,0.587871287128713,0.21658415841584164,4.19484240687679,2.7273863396043643,4.25,2.7271780286589284,1.0131489071038253,4.204121056020606,2.7351770650368006,4.18609022556391,2.719756365669764,0.9957111533620389,0.3982,0.00939,0.0,0.0,0.0,0.0,0.0,0.0,0.0,0.0,0.0,0.0,0.024752475247524757,17.091584158415817,12.883663366336636,0.0,0.0,0.0,0.0,0.0,0.0,0.0,0.0,0.0,0.0,0.0,0.0,0.0,0.0,0.0,0.0,0.0,nan,nan,4.1949825341378215,2.7273872237524595,nan,0.3982,0.0445,0.0,0.0,0.0,0.0,0.0,0.0,0.0,0.0,0.0,0.0,0.0,0.0,0.0,0.0,0.0,0.0,0.0,0.0,0.0,0.0,0.0,0.0,0.0,1.0313531353135314e-05,1.0313531353135314e-05,0.0038675742574257425,0.0021245874587458745,0.0002165841584158416,0.0029806105610561055,0.004032590759075908,0.006260313531353135,0.006610973597359736,0.005476485148514851,0.04455445544554455,0.07904290429042904,0.028506600660066005,0.05501237623762376,0.052959983498349836,0.07153465346534653,0.10123762376237624,0.07961014851485149,0.09690594059405941,0.09664810231023102,0.06919348184818482,0.06715140264026402,0.022390676567656767,0.037077145214521455,0.03063118811881188,0.012407178217821783,0.009333745874587459,0.006528465346534653,0.006528465346534653,0.0006806930693069306,7.21947194719472e-05,0.0003712871287128713,3.094059405940594e-05,0.0,0.0,0.0,0.0,0.0,0.0,0.0,0.0,0.0,0.0,0.0,0.0,0.0,0.0,0.0,0.0,0.0,0.0,0.0,0.0,0.0,0.0,0.0,0.0,0.0,0.0,0.0,0.0,0.0,0.0,0.0,0.0,0.0,0.0,0.0,0.0,0.0,0.0,0.0,0.0,0.0,0.0,0.0,0.0,0.0,nan,nan,4.1949825341378215,2.7273872237524595,nan,0.8635581423546164,0.03475764308368802,0.0,0.0,0.0,0.0,0.0,0.0,0.0,0.0,0.0,0.0,0.0,0.0,0.0,0.0,0.0,0.0,0.0,0.0,0.0,0.0,0.012111425111021399,0.012111425111021399,0.181671376665321,0.8114654824384311,4.105773112636254,11.42107387969318,9.810254339927333,2.7977392006459434,0.5934598304400486,0.2543399273314494,0.8646291477526356,0.03312188725524245,0.0,0.0,0.0,0.0,0.0,0.0,0.0,0.0,0.0,0.0,0.0,0.0,0.0,0.0,0.0,0.0,0.0,0.0,0.0,0.0,0.0,0.0126528890763391,0.1012231126107128,0.7085617882749873,3.681990721214678,11.52678194854492,10.185575706452974,3.024040489245045,0.5820328975115986,0.1771404470687474,0.3982,0.00934,0.0,0.0,0.0,0.0,0.0,0.0,0.0,0.0,0.0,0.0,0.024222850222042798,17.137666532095253,12.838110617682684,0.0,0.0,0.0,0.0,0.0,0.0,0.0,0.0,0.0,0.0,0.0,0.0,0.0,0.0,0.0,0.0,0.0,0.3982,0.00944,0.0,0.0,0.0,0.0,0.0,0.0,0.0,0.0,0.0,0.0,0.0253057781526782,17.043441585828738,12.931252636018561,0.0,0.0,0.0,0.0,0.0,0.0,0.0,0.0,0.0,0.0,0.0,0.0,0.0,0.0,0.0,0.0,0.0
24300,4797,2413,0.5030227225349176,1129,1014,0.4467375442985199,1376,0.5736918907650616,0.41,2.8557046979865772,2.989380141587471,6.263392857142857,2.136829630427468,8362.763227016885,506.6907406300641,7853.0,8866.4,8866.399999999998,1.8189894035458565e-12,7853.0,0.0,28.16260162601626,20.988005800407674,33.08496408223929,19.232665743150665,0.13800291849072338,0.09443402126328955,0.09505941213258287,0.0954763393787784,0.07525536793829476,0.07421304982280592,0.06670835939128622,0.0648321867834063,0.05586825099020221,0.05565978736710444,0.047112778820095895,0.038982697519282884,0.032520325203252036,0.03043568897227434,0.01813633520950594,0.009380863039399626,0.007921617677715239,0.8634795143575948,0.03438297626887992,0.0,0.0,0.0,0.0,0.0,0.0,0.0,0.0,0.0,0.0,0.0,0.0,0.0,0.0,0.0,0.0,0.0,0.0,0.0,0.0,0.01250781738586617,0.0375234521575985,0.12507817385866168,0.6754221388367709,4.1776110068793,11.488430268918076,9.862414008755474,2.814258911819888,0.6191369606003754,0.18761726078799254,4.21011673151751,2.811861361875807,3.727272727272727,2.7663861917641706,0.885313392707108,4.243433696348495,2.7635282755993074,4.17351598173516,2.8605151859527287,0.9835233163479142,0.398,0.009254,0.0,0.0,0.0,0.0,0.0,0.0,0.0,0.0,0.0,0.0,0.01250781738586617,17.504690431519677,12.482801751094437,0.0,0.0,0.0,0.0,0.0,0.0,0.0,0.0,0.0,0.0,0.0,0.0,0.0,0.0,0.0,0.0,0.0,nan,nan,4.208400646203554,2.81184786132139,nan,0.398,0.0442,0.0,0.0,0.0,0.0,0.0,0.0,0.0,0.0,0.0,0.0,0.0,0.0,0.0,0.0,0.0,0.0,0.0,0.0,0.0,0.0,0.0,0.0,1.0423181154888472e-05,0.0,0.0,0.003689806128830519,0.002074213049822806,0.00019804044194288097,0.0031165311653116533,0.004200542005420054,0.005774442359808214,0.007859078590785908,0.0054930164686262245,0.04441317490097978,0.07796539503856577,0.027454659161976234,0.055399207838232226,0.05512820512820513,0.0700750469043152,0.10087554721701063,0.08121742755889097,0.0999166145507609,0.09522618303106108,0.07183656451949134,0.06766729205753597,0.02113821138211382,0.03641859495518032,0.027652699603919115,0.012945590994371483,0.008734625807796539,0.005503439649781113,0.006722951844903065,0.0007608922243068585,0.0001876172607879925,0.0003335417969564311,1.0423181154888472e-05,0.0,0.0,0.0,0.0,0.0,0.0,0.0,0.0,0.0,0.0,0.0,0.0,0.0,0.0,0.0,0.0,0.0,0.0,0.0,0.0,0.0,0.0,0.0,0.0,0.0,0.0,0.0,0.0,0.0,0.0,0.0,0.0,0.0,0.0,0.0,0.0,0.0,0.0,0.0,0.0,0.0,0.0,0.0,0.0,0.0,nan,nan,4.208400646203554,2.81184786132139,nan,0.8632427260582248,0.034408562304971815,0.0,0.0,0.0,0.0,0.0,0.0,0.0,0.0,0.0,0.0,0.0,0.0,0.0,0.0,0.0,0.0,0.0,0.0,0.0,0.0,0.012432656444260259,0.037297969332780775,0.1491918773311231,0.6216328222130109,4.189805221715707,11.748860339825946,9.759635308744302,2.6108578532946547,0.6837961044343143,0.1864898466639039,0.8637191830515462,0.034355397710489975,0.0,0.0,0.0,0.0,0.0,0.0,0.0,0.0,0.0,0.0,0.0,0.0,0.0,0.0,0.0,0.0,0.0,0.0,0.0,0.0,0.012583892617449667,0.037751677852349,0.10067114093959734,0.7298657718120782,4.1652684563758395,11.224832214765105,9.966442953020136,3.02013422818792,0.5536912751677854,0.188758389261745,0.398,0.00924,0.0,0.0,0.0,0.0,0.0,0.0,0.0,0.0,0.0,0.0,0.012432656444260259,17.56734355573972,12.420223787816,0.0,0.0,0.0,0.0,0.0,0.0,0.0,0.0,0.0,0.0,0.0,0.0,0.0,0.0,0.0,0.0,0.0,0.398,0.00926,0.0,0.0,0.0,0.0,0.0,0.0,0.0,0.0,0.0,0.0,0.012583892617449667,17.44127516778521,12.546140939597318,0.0,0.0,0.0,0.0,0.0,0.0,0.0,0.0,0.0,0.0,0.0,0.0,0.0,0.0,0.0,0.0,0.0
24400,4882,2503,0.5126997132322818,1141,1011,0.44080294961081523,1361,0.5575583777140516,0.40199999999999997,2.9558638083228246,3.07987854118411,6.578538102643857,2.1305683883809987,8372.569889389595,506.5365297262374,7853.0,8866.4,8866.4,0.0,7853.0,0.0,27.386317083162638,20.912105158280802,32.70111524163569,19.121742265203128,0.15034821794346578,0.10569438754608768,0.08992216304793117,0.08377714051618189,0.0823433019254404,0.0733306022122081,0.06820975010241705,0.06431790249897583,0.05612453912331012,0.05100368701351905,0.046907005325686195,0.03748463744367063,0.030110610405571486,0.02437525604260549,0.017206063088897994,0.011265874641540352,0.007578861122490782,0.8647288676047609,0.03372258406027812,0.0,0.0,0.0,0.0,0.0,0.0,0.0,0.0,0.0,0.0,0.0,0.0,0.0,0.0,0.0,0.0,0.0,0.0,0.0,0.0,0.0,0.006145022531749284,0.09217533797623927,0.6943875460876668,3.7668988119623115,11.872183531339617,9.739860712822615,2.8820155673904146,0.712822613682917,0.2335108562064728,4.365115522290921,2.846338036156652,4.5,2.0615528128088303,1.030900551662442,4.318508829300196,2.8452438944528797,4.411498708010336,2.8449233223316672,1.0215328675674396,0.3982,0.00945,0.0,0.0,0.0,0.0,0.0,0.0,0.0,0.0,0.0,0.0,0.03072511265874642,17.27980335927896,12.689471528062272,0.0,0.0,0.0,0.0,0.0,0.0,0.0,0.0,0.0,0.0,0.0,0.0,0.0,0.0,0.0,0.0,0.0,nan,nan,4.365290867728307,2.845462498364389,nan,0.3982,0.0443,0.0,0.0,0.0,0.0,0.0,0.0,0.0,0.0,0.0,0.0,0.0,0.0,0.0,0.0,0.0,0.0,0.0,0.0,0.0,0.0,0.0,0.0,1.0241704219582138e-05,1.0241704219582138e-05,0.0,0.0034309709135600165,0.0016489143793527244,0.0002458009012699713,0.0031646866038508806,0.004537074969274887,0.005970913560016387,0.007199918066366244,0.0064420319541171655,0.04484842277755018,0.07932199918066367,0.02624948791478902,0.05652396558787382,0.05406595657517411,0.0676054895534617,0.10032773453502662,0.08246620237607538,0.09866857845145433,0.0953502662843097,0.07300286767718148,0.06651986890618598,0.021671446128635804,0.03690086030315445,0.027417042195821386,0.013375665710774273,0.009545268332650554,0.004731667349446948,0.007210159770585826,0.0007783695206882425,0.00022531749283080706,0.0004608766898811962,4.096681687832855e-05,0.0,0.0,0.0,3.0725112658746415e-05,0.0,0.0,0.0,0.0,0.0,0.0,0.0,0.0,0.0,0.0,0.0,0.0,0.0,0.0,0.0,0.0,0.0,0.0,0.0,0.0,0.0,0.0,0.0,0.0,0.0,0.0,0.0,0.0,0.0,0.0,0.0,0.0,0.0,0.0,0.0,0.0,0.0,0.0,0.0,0.0,0.0,nan,nan,4.365290867728307,2.845462498364389,nan,0.8649624662307849,0.033701818737488655,0.0,0.0,0.0,0.0,0.0,0.0,0.0,0.0,0.0,0.0,0.0,0.0,0.0,0.0,0.0,0.0,0.0,0.0,0.0,0.0,0.0,0.0,0.1078705553335997,0.6951658010387514,3.751498202157412,11.913703555733123,9.600479424690374,2.996404314822214,0.7191370355573314,0.2157411106671994,0.864483093178137,0.03374267215344123,0.0,0.0,0.0,0.0,0.0,0.0,0.0,0.0,0.0,0.0,0.0,0.0,0.0,0.0,0.0,0.0,0.0,0.0,0.0,0.0,0.0,0.012610340479192942,0.07566204287515764,0.6935687263556094,3.783102143757882,11.828499369482978,9.886506935687265,2.761664564943254,0.7061790668348047,0.2522068095838588,0.3982,0.00955,0.0,0.0,0.0,0.0,0.0,0.0,0.0,0.0,0.0,0.0,0.047942469037155426,17.127447063523746,12.824610467439076,0.0,0.0,0.0,0.0,0.0,0.0,0.0,0.0,0.0,0.0,0.0,0.0,0.0,0.0,0.0,0.0,0.0,0.398,0.00935,0.0,0.0,0.0,0.0,0.0,0.0,0.0,0.0,0.0,0.0,0.012610340479192942,17.440100882723808,12.547288776796977,0.0,0.0,0.0,0.0,0.0,0.0,0.0,0.0,0.0,0.0,0.0,0.0,0.0,0.0,0.0,0.0,0.0
24500,4761,2469,0.518588531821046,1146,963,0.44297416509136733,1311,0.5507246376811594,0.40199999999999997,2.9554973821989527,3.106280634036918,6.5813953488372094,2.1389618376502426,8378.537618147448,506.3497152586646,7853.0,8866.4,8866.4,0.0,7853.0,0.0,27.77903801722327,20.78680019581218,32.64918851435706,19.070760605651532,0.13904641881957572,0.0955681579500105,0.1001890359168242,0.08968704053770217,0.08128544423440454,0.07078344885528251,0.07120352867044738,0.06112161310649023,0.0630119722747322,0.048729258559126236,0.05103969754253308,0.03885738290275152,0.02856542743121193,0.02499474900231044,0.016173072883847932,0.013022474270111321,0.006721277042638101,0.8645257542198933,0.03288002334253116,0.0,0.0,0.0,0.0,0.0,0.0,0.0,0.0,0.0,0.0,0.0,0.0,0.0,0.0,0.0,0.0,0.0,0.0,0.0,0.0,0.0,0.012602394454946443,0.07561436672967865,0.7120352867044717,3.698802772526781,11.379962192816638,10.5419029615627,2.841839949590423,0.5545053560176435,0.18273471959672344,4.207677165354331,2.877048531522048,3.3333333333333335,1.699673171197595,0.7922027290448344,4.207054212932723,2.8595884534531115,4.206578947368421,2.8929513033867877,0.9998870312717053,0.3977,0.00926,0.0,0.0,0.0,0.0,0.0,0.0,0.0,0.0,0.0,0.0,0.006301197227473221,18.02142407057338,11.965973534971647,0.006301197227473221,0.0,0.0,0.0,0.0,0.0,0.0,0.0,0.0,0.0,0.0,0.0,0.0,0.0,0.0,0.0,0.0,nan,nan,4.206817436905933,2.876258118820483,nan,0.3977,0.04413,0.0,0.0,0.0,0.0,0.0,0.0,0.0,0.0,0.0,0.0,0.0,0.0,0.0,0.0,0.0,0.0,0.0,0.0,0.0,0.0,0.0,0.0,0.0,0.0,0.0,0.0036546943919344675,0.0015332913253518169,0.0001890359168241966,0.002614996849401386,0.004893929846670867,0.005618567527830288,0.006878806973324931,0.00573408947700063,0.04364629279563117,0.08412098298676748,0.0265490443184205,0.05787649653434152,0.0546208779668137,0.06665616467128754,0.09925435832808234,0.08438353287124553,0.09789960092417559,0.09488552825036757,0.0740285654274312,0.06574249107330393,0.02200168031926066,0.03464608275572359,0.027389203948750263,0.012612896450325562,0.008401596303297627,0.004505356017643352,0.008065532451165721,0.0010291955471539592,0.00016803192606595254,0.00035706784289014915,4.2007981516488134e-05,0.0,0.0,0.0,0.0,0.0,0.0,0.0,0.0,0.0,0.0,0.0,0.0,0.0,0.0,0.0,0.0,0.0,0.0,0.0,0.0,0.0,0.0,0.0,0.0,0.0,0.0,0.0,0.0,0.0,0.0,0.0,0.0,0.0,0.0,0.0,0.0,0.0,0.0,0.0,0.0,0.0,0.0,0.0,0.0,0.0,nan,nan,4.206817436905933,2.876258118820483,nan,0.864132709351567,0.03374159616708965,0.0,0.0,0.0,0.0,0.0,0.0,0.0,0.0,0.0,0.0,0.0,0.0,0.0,0.0,0.0,0.0,0.0,0.0,0.0,0.0,0.0,0.012150668286755775,0.07290400972053464,0.6925880923450769,4.046172539489673,11.227217496962336,10.425273390036455,2.6731470230862704,0.6075334143377886,0.24301336573511548,0.8649491520296216,0.03192049817393596,0.0,0.0,0.0,0.0,0.0,0.0,0.0,0.0,0.0,0.0,0.0,0.0,0.0,0.0,0.0,0.0,0.0,0.0,0.0,0.0,0.0,0.013089005235602098,0.07853403141361258,0.7329842931937149,3.324607329842933,11.54450261780105,10.667539267015709,3.0235602094240845,0.49738219895287966,0.11780104712041888,0.3977,0.00906,0.0,0.0,0.0,0.0,0.0,0.0,0.0,0.0,0.0,0.0,0.012150668286755775,17.958687727825005,12.029161603888216,0.0,0.0,0.0,0.0,0.0,0.0,0.0,0.0,0.0,0.0,0.0,0.0,0.0,0.0,0.0,0.0,0.0,0.3977,0.009476,0.0,0.0,0.0,0.0,0.0,0.0,0.0,0.0,0.0,0.0,0.0,18.08900523560207,11.897905759162306,0.013089005235602098,0.0,0.0,0.0,0.0,0.0,0.0,0.0,0.0,0.0,0.0,0.0,0.0,0.0,0.0,0.0,0.0
24600,4656,2401,0.5156786941580757,1139,990,0.4572594501718213,1353,0.5811855670103093,0.38999999999999996,3.0381374722838137,3.036417554331079,6.454135338345865,2.052268551444338,8375.588788659794,506.45082327401167,7853.0,8866.4,8866.4,0.0,7853.0,0.0,28.39024914089347,21.14732074472312,33.40224891387682,19.3419922843438,0.1400343642611684,0.09579037800687286,0.08483676975945018,0.08934707903780069,0.08891752577319588,0.06572164948453608,0.07323883161512028,0.06593642611683849,0.059922680412371136,0.05197594501718213,0.04209621993127148,0.03994845360824742,0.03350515463917526,0.02620274914089347,0.020833333333333332,0.01331615120274914,0.008376288659793814,0.8637537837950224,0.03490358398644173,0.0,0.0,0.0,0.0,0.0,0.0,0.0,0.0,0.0,0.0,0.0,0.0,0.0,0.0,0.0,0.0,0.0,0.0,0.0,0.0,0.006443298969072166,0.04510309278350517,0.18041237113402067,0.9020618556701003,3.8659793814433,11.037371134020622,10.238402061855671,2.9123711340206193,0.6121134020618557,0.19974226804123715,4.280156914024191,2.844843900371908,3.7777777777777777,2.8196838978776713,0.8826260003224793,4.17845554834523,2.8284184894271904,4.379829731499672,2.8578753832939574,1.0481934487095814,0.3977,0.0096,0.0,0.0,0.0,0.0,0.0,0.0,0.0,0.0,0.0,0.0,0.012886597938144333,17.809278350515438,12.177835051546396,0.0,0.0,0.0,0.0,0.0,0.0,0.0,0.0,0.0,0.0,0.0,0.0,0.0,0.0,0.0,0.0,0.0,nan,nan,4.278683181225554,2.84490016277052,nan,0.3977,0.04453,0.0,0.0,0.0,0.0,0.0,0.0,0.0,0.0,0.0,0.0,0.0,0.0,0.0,0.0,0.0,0.0,0.0,0.0,0.0,0.0,2.147766323024055e-05,0.0,0.0,0.0,1.0738831615120276e-05,0.0039733676975945015,0.0012779209621993127,5.3694158075601374e-05,0.002641752577319588,0.006851374570446735,0.006862113402061856,0.007087628865979381,0.0059278350515463915,0.043245274914089346,0.08322594501718213,0.026492697594501718,0.05742053264604811,0.05125644329896907,0.06749355670103092,0.0987865120274914,0.08350515463917525,0.09802405498281787,0.09582259450171822,0.0725622852233677,0.0663659793814433,0.02338917525773196,0.0336340206185567,0.02977878006872852,0.012532216494845361,0.007656786941580756,0.004166666666666667,0.008301116838487973,0.0009128006872852234,0.00027920962199312713,0.0003865979381443299,5.3694158075601374e-05,0.0,0.0,0.0,0.0,0.0,0.0,0.0,0.0,0.0,0.0,0.0,0.0,0.0,0.0,0.0,0.0,0.0,0.0,0.0,0.0,0.0,0.0,0.0,0.0,0.0,0.0,0.0,0.0,0.0,0.0,0.0,0.0,0.0,0.0,0.0,0.0,0.0,0.0,0.0,0.0,0.0,0.0,0.0,0.0,0.0,nan,nan,4.278683181225554,2.84490016277052,nan,0.8644229903513071,0.033745783514415234,0.0,0.0,0.0,0.0,0.0,0.0,0.0,0.0,0.0,0.0,0.0,0.0,0.0,0.0,0.0,0.0,0.0,0.0,0.0,0.0,0.0,0.012494793835901711,0.08746355685131198,0.8871303623490184,3.835901707621825,10.995418575593506,10.508121615993339,2.9112869637650984,0.562265722615577,0.19991670137442738,0.863041249452832,0.036081906654330614,0.0,0.0,0.0,0.0,0.0,0.0,0.0,0.0,0.0,0.0,0.0,0.0,0.0,0.0,0.0,0.0,0.0,0.0,0.0,0.0,0.01330376940133038,0.07982261640798227,0.27937915742793795,0.9179600886917931,3.8980044345898013,11.082039911308208,9.951219512195124,2.9135254988913535,0.6651884700665189,0.1995565410199557,0.3975,0.00954,0.0,0.0,0.0,0.0,0.0,0.0,0.0,0.0,0.0,0.0,0.012494793835901711,18.05497709287794,11.932528113286134,0.0,0.0,0.0,0.0,0.0,0.0,0.0,0.0,0.0,0.0,0.0,0.0,0.0,0.0,0.0,0.0,0.0,0.398,0.00966,0.0,0.0,0.0,0.0,0.0,0.0,0.0,0.0,0.0,0.0,0.01330376940133038,17.54767184035474,12.439024390243906,0.0,0.0,0.0,0.0,0.0,0.0,0.0,0.0,0.0,0.0,0.0,0.0,0.0,0.0,0.0,0.0,0.0
24700,4589,2399,0.5227718457180214,1180,898,0.45282196556984095,1264,0.5508825452168228,0.40199999999999997,2.9488584474885844,3.0435403671159444,6.44,2.076920797719547,8382.776988450643,506.17422159178426,7853.0,8866.4,8866.399999999998,1.8189894035458565e-12,7853.0,0.0,28.16517759860536,20.817163134585495,32.937371134020616,19.093110035324848,0.13336238831989541,0.09457398125953367,0.09261276966659403,0.09392024406188712,0.08346044889954238,0.0723469165395511,0.07321856613641316,0.06471998256700806,0.05491392460230987,0.054696012203094356,0.04837655262584441,0.03878840706036173,0.03355850947918937,0.02484201351056875,0.016125517541948138,0.012421006755284375,0.008062758770974069,0.8652265248773507,0.03468009632960396,0.0,0.0,0.0,0.0,0.0,0.0,0.0,0.0,0.0,0.0,0.0,0.0,0.0,0.0,0.0,0.0,0.0,0.0,0.0,0.0,0.0065373719764654625,0.019612115929396386,0.16343429941163654,0.7452604053170603,3.562867727173677,11.375027239049905,10.021791239921553,3.196774896491611,0.6471998256700807,0.2614948790586185,4.163873994638069,2.8635680521832514,3.0,1.9364916731037085,0.7204828973843059,4.1186783546864465,2.882868763202681,4.199602122015915,2.840232898657465,1.0196479939341194,0.3977,0.00949,0.0,0.0,0.0,0.0,0.0,0.0,0.0,0.0,0.0,0.0,0.032686859882327314,18.115057746785766,11.845718021355419,0.0065373719764654625,0.0,0.0,0.0,0.0,0.0,0.0,0.0,0.0,0.0,0.0,0.0,0.0,0.0,0.0,0.0,0.0,nan,nan,4.160762032085562,2.8621208540072978,nan,0.3977,0.04514,0.0,0.0,0.0,0.0,0.0,0.0,0.0,0.0,0.0,0.0,0.0,0.0,0.0,0.0,0.0,0.0,0.0,0.0,0.0,0.0,0.0,0.0,0.0,3.268685988232731e-05,0.0,0.0046633253432120285,0.0011658313358030071,0.00016343429941163652,0.0029418173894094576,0.007877533231640881,0.006798866855524079,0.0074634996731314015,0.00574199171932883,0.04340814992373066,0.08571584223142296,0.026487252124645894,0.0588581390281107,0.04852909130529527,0.06349967313140117,0.09304859446502506,0.08391806493789497,0.09863804750490303,0.09794072782741338,0.07015689692743517,0.06910002179123992,0.025757245587273915,0.033046415341032906,0.03027892787099586,0.012780562213989976,0.007681412072346917,0.0044236217040749615,0.008356940509915015,0.0005774678579211157,0.00015253867945086075,0.0007300065373719765,0.0,6.537371976465461e-05,0.0,0.0,0.0,0.0,0.0,0.0,0.0,0.0,0.0,0.0,0.0,0.0,0.0,0.0,0.0,0.0,0.0,0.0,0.0,0.0,0.0,0.0,0.0,0.0,0.0,0.0,0.0,0.0,0.0,0.0,0.0,0.0,0.0,0.0,0.0,0.0,0.0,0.0,0.0,0.0,0.0,0.0,0.0,0.0,nan,nan,4.160762032085562,2.8621208540072978,nan,0.8654358628492844,0.03493041883501467,0.0,0.0,0.0,0.0,0.0,0.0,0.0,0.0,0.0,0.0,0.0,0.0,0.0,0.0,0.0,0.0,0.0,0.0,0.0,0.0,0.0,0.025010421008753652,0.16256773655689877,0.8253438932888678,3.526469362234265,11.242184243434767,10.091704877032099,3.238849520633598,0.6127553147144644,0.27511463109629014,0.8649972089893742,0.034402332352402226,0.0,0.0,0.0,0.0,0.0,0.0,0.0,0.0,0.0,0.0,0.0,0.0,0.0,0.0,0.0,0.0,0.0,0.0,0.0,0.0,0.013698630136986304,0.013698630136986304,0.16438356164383564,0.6575342465753404,3.602739726027398,11.520547945205482,9.945205479452056,3.1506849315068504,0.6849315068493151,0.24657534246575347,0.3975,0.009445,0.0,0.0,0.0,0.0,0.0,0.0,0.0,0.0,0.0,0.0,0.012505210504376826,18.545227177990803,11.442267611504796,0.0,0.0,0.0,0.0,0.0,0.0,0.0,0.0,0.0,0.0,0.0,0.0,0.0,0.0,0.0,0.0,0.0,0.398,0.00954,0.0,0.0,0.0,0.0,0.0,0.0,0.0,0.0,0.0,0.0,0.054794520547945216,17.64383561643833,12.287671232876715,0.013698630136986304,0.0,0.0,0.0,0.0,0.0,0.0,0.0,0.0,0.0,0.0,0.0,0.0,0.0,0.0,0.0,0.0
24800,4599,2404,0.522722330941509,1152,933,0.45335942596216566,1286,0.5592520113068058,0.39399999999999996,3.0082004555808655,3.0677878469946966,6.503852080123266,2.0927051998837487,8382.726810176127,506.1765067771444,7853.0,8866.4,8866.399999999998,1.8189894035458565e-12,7853.0,0.0,28.632093933463796,21.07078897577465,33.416260579635804,19.30648987225,0.13133289845618612,0.09784735812133072,0.09371602522287453,0.08284409654272668,0.08001739508588823,0.07675581648184387,0.06610132637529897,0.06305718634485757,0.06631876494890193,0.056968906283974774,0.04674929332463579,0.04131332898456186,0.031746031746031744,0.024570558817134158,0.0182648401826484,0.013916068710589258,0.008480104370515329,0.8671666240661033,0.034015905808062054,0.0,0.0,0.0,0.0,0.0,0.0,0.0,0.0,0.0,0.0,0.0,0.0,0.0,0.0,0.0,0.0,0.0,0.0,0.0,0.0,0.0,0.019569471624266147,0.1630789302022179,0.6718851924331356,3.2093933463796485,10.750163078930205,10.867579908675802,3.476842791911286,0.6066536203522506,0.23483365949119378,4.228609184010572,2.8775128312558143,2.75,1.984313483298443,0.6503320312499999,4.234487263226649,2.874107827094283,4.216234198270127,2.879334666342187,0.9956894273564035,0.3975,0.00949,0.0,0.0,0.0,0.0,0.0,0.0,0.0,0.0,0.0,0.0,0.0,18.180039138943222,11.813437703848665,0.006523157208088716,0.0,0.0,0.0,0.0,0.0,0.0,0.0,0.0,0.0,0.0,0.0,0.0,0.0,0.0,0.0,0.0,nan,nan,4.224711696869852,2.876522396020153,nan,0.3975,0.04532,0.0,0.0,0.0,0.0,0.0,0.0,0.0,0.0,0.0,0.0,0.0,0.0,0.0,0.0,0.0,0.0,0.0,0.0,0.0,0.0,0.0,0.0,0.0,2.1743857360295716e-05,0.0,0.004500978473581213,0.0009023700804522722,0.00016307893020221786,0.004044357469015003,0.008599695585996955,0.006490541422048271,0.007708197434224831,0.006479669493368124,0.042324418351815614,0.08904109589041095,0.025059795607740812,0.05803435529462927,0.04734724940204392,0.0616547075451185,0.09363992172211351,0.08644270493585562,0.0974777125462057,0.09579256360078278,0.06941726462274407,0.06951511198086541,0.026973255055446836,0.033985649054142204,0.02981082844096543,0.014405305501195911,0.006566644922809306,0.0042400521852576645,0.0073602957164601,0.0007175472928897587,0.00014133507284192217,0.001076320939334638,0.0,6.523157208088715e-05,0.0,0.0,0.0,0.0,0.0,0.0,0.0,0.0,0.0,0.0,0.0,0.0,0.0,0.0,0.0,0.0,0.0,0.0,0.0,0.0,0.0,0.0,0.0,0.0,0.0,0.0,0.0,0.0,0.0,0.0,0.0,0.0,0.0,0.0,0.0,0.0,0.0,0.0,0.0,0.0,0.0,0.0,0.0,0.0,nan,nan,4.224711696869852,2.876522396020153,nan,0.8669426697066144,0.034451820370761214,0.0,0.0,0.0,0.0,0.0,0.0,0.0,0.0,0.0,0.0,0.0,0.0,0.0,0.0,0.0,0.0,0.0,0.0,0.0,0.0,0.0,0.024958402662229623,0.18718801996672219,0.6613976705490828,3.2695507487520805,10.70715474209651,10.856905158069887,3.4941763727121473,0.5116472545757073,0.2870216306156406,0.8674119025536713,0.03353026752186662,0.0,0.0,0.0,0.0,0.0,0.0,0.0,0.0,0.0,0.0,0.0,0.0,0.0,0.0,0.0,0.0,0.0,0.0,0.0,0.0,0.0,0.013667425968109343,0.13667425968109342,0.6833712984054648,3.143507972665149,10.79726651480638,10.879271070615037,3.4578587699316636,0.7107061503416858,0.17767653758542146,0.3975,0.00947,0.0,0.0,0.0,0.0,0.0,0.0,0.0,0.0,0.0,0.0,0.0,18.25707154742094,11.730449251247924,0.012479201331114811,0.0,0.0,0.0,0.0,0.0,0.0,0.0,0.0,0.0,0.0,0.0,0.0,0.0,0.0,0.0,0.0,0.3975,0.00952,0.0,0.0,0.0,0.0,0.0,0.0,0.0,0.0,0.0,0.0,0.0,18.09567198177674,11.904328018223238,0.0,0.0,0.0,0.0,0.0,0.0,0.0,0.0,0.0,0.0,0.0,0.0,0.0,0.0,0.0,0.0,0.0
24900,4456,2306,0.5175044883303411,1080,924,0.4497307001795332,1259,0.5650807899461401,0.422,3.012558139534884,3.104884443809542,6.7135761589403975,2.0705474351692374,8377.439048473967,506.3893918312646,7853.0,8866.4,8866.4,0.0,7853.0,0.0,28.051840215439857,20.865770812186096,33.14143853998927,19.02431180315993,0.14070915619389587,0.09919210053859964,0.08393177737881508,0.08864452423698384,0.08191202872531418,0.08056552962298025,0.06912028725314183,0.06418312387791741,0.05453321364452424,0.05767504488330341,0.04398563734290844,0.04061938958707361,0.03231597845601436,0.026481149012567325,0.02064631956912029,0.008527827648114902,0.006956912028725314,0.8654304868951306,0.03558613191809727,0.0,0.0,0.0,0.0,0.0,0.0,0.0,0.0,0.0,0.0,0.0,0.0,0.0,0.0,0.0,0.0,0.0,0.0,0.0,0.0,0.0,0.00673249551166966,0.19524236983842017,0.8819569120287225,3.6422800718132864,10.792190305206464,10.388240574506286,3.1238779174147226,0.6732495511669659,0.29622980251346503,4.297739130434783,2.859074663583844,2.0,2.160246899469287,0.4653609582389122,4.323098394975576,2.862931198534299,4.267820069204152,2.855620771108474,0.9872132621742615,0.3975,0.00943,0.0,0.0,0.0,0.0,0.0,0.0,0.0,0.0,0.0,0.0,0.02692998204667864,18.21813285457807,11.734739676840219,0.02019748653500898,0.0,0.0,0.0,0.0,0.0,0.0,0.0,0.0,0.0,0.0,0.0,0.0,0.0,0.0,0.0,0.0,nan,nan,4.295343988881167,2.8593966625164993,nan,0.3975,0.04556,0.0,0.0,0.0,0.0,0.0,0.0,0.0,0.0,0.0,0.0,0.0,0.0,0.0,0.0,0.0,0.0,0.0,0.0,0.0,0.0,0.0,0.0,0.0,0.0,0.0,0.004488330341113106,0.0006059245960502693,0.00032540394973070016,0.004645421903052065,0.008550269299820466,0.007989228007181328,0.007461849192100538,0.007013016157989228,0.041932226211849194,0.08893626570915619,0.02479802513464991,0.05743940754039497,0.046285906642728906,0.060435368043087974,0.09624102333931778,0.08480700179533214,0.09955116696588868,0.09682450628366247,0.06685368043087972,0.06808797127468581,0.025920107719928188,0.03448159784560144,0.030464542190305206,0.014979802513464991,0.006732495511669659,0.00486983842010772,0.007170107719928187,0.0007966786355475763,0.000381508078994614,0.0009088868940754039,1.1220825852782766e-05,1.1220825852782766e-05,0.0,0.0,0.0,0.0,0.0,0.0,0.0,0.0,0.0,0.0,0.0,0.0,0.0,0.0,0.0,0.0,0.0,0.0,0.0,0.0,0.0,0.0,0.0,0.0,0.0,0.0,0.0,0.0,0.0,0.0,0.0,0.0,0.0,0.0,0.0,0.0,0.0,0.0,0.0,0.0,0.0,0.0,0.0,0.0,nan,nan,4.295343988881167,2.8593966625164993,nan,0.8658282983489173,0.03570434940965108,0.0,0.0,0.0,0.0,0.0,0.0,0.0,0.0,0.0,0.0,0.0,0.0,0.0,0.0,0.0,0.0,0.0,0.0,0.0,0.0,0.0,0.0,0.22116218560277542,0.8196010407632238,3.5776235906331317,11.05810928013877,10.017346053772767,3.252385082393756,0.7805724197745015,0.27320034692107553,0.8650038109823714,0.035453937862318076,0.0,0.0,0.0,0.0,0.0,0.0,0.0,0.0,0.0,0.0,0.0,0.0,0.0,0.0,0.0,0.0,0.0,0.0,0.0,0.0,0.0,0.013953488372093027,0.1674418604651163,0.9488372093023226,3.711627906976745,10.506976744186048,10.786046511627909,2.986046511627908,0.558139534883721,0.32093023255813957,0.3975,0.009254,0.0,0.0,0.0,0.0,0.0,0.0,0.0,0.0,0.0,0.0,0.013009540329575025,18.473547267996505,11.500433651344322,0.013009540329575025,0.0,0.0,0.0,0.0,0.0,0.0,0.0,0.0,0.0,0.0,0.0,0.0,0.0,0.0,0.0,0.0,0.3975,0.00962,0.0,0.0,0.0,0.0,0.0,0.0,0.0,0.0,0.0,0.0,0.041860465116279076,17.9441860465116,11.98604651162791,0.027906976744186053,0.0,0.0,0.0,0.0,0.0,0.0,0.0,0.0,0.0,0.0,0.0,0.0,0.0,0.0,0.0,0.0
25000,4799,2382,0.4963534069597833,1118,1038,0.4492602625546989,1388,0.5784538445509481,0.40199999999999997,2.9350434422838227,3.0622288077768705,6.476529160739687,2.137307545394906,8356.004542613045,506.68652399161067,7853.0,8866.4,8866.4,0.0,7853.0,0.0,28.026672223379872,20.876923224174238,32.93018073780639,19.11648601018461,0.13857053552823506,0.100437591164826,0.09001875390706397,0.08689310272973536,0.08210043759116482,0.07709939570743905,0.06626380495936654,0.06584705146905605,0.061054386330485516,0.04959366534694728,0.04646801416961867,0.0414669722858929,0.03083975828297562,0.027505730360491767,0.0189622838091269,0.009793707022296311,0.007084809335278183,0.8671976115386122,0.03492034491103392,0.0,0.0,0.0,0.0,0.0,0.0,0.0,0.0,0.0,0.0,0.0,0.0,0.0,0.0,0.0,0.0,0.0,0.0,0.0,0.0,0.006251302354657221,0.018753907063971665,0.13752865180245888,0.681391956657635,3.388205876224214,10.53344446759742,11.077307772452597,3.075640758491353,0.7689101896228383,0.31256511773286105,4.295476419634264,2.885187587764765,3.8333333333333335,2.3033791601808753,0.8924116812308611,4.267961165048543,2.8656049901647114,4.3188131313131315,2.900278566458727,1.0119148146616301,0.398,0.0095,0.0,0.0,0.0,0.0,0.0,0.0,0.0,0.0,0.0,0.0,0.03125651177328611,17.591164826005393,12.3775786622213,0.0,0.0,0.0,0.0,0.0,0.0,0.0,0.0,0.0,0.0,0.0,0.0,0.0,0.0,0.0,0.0,0.0,nan,nan,4.29370405880473,2.883322072070246,nan,0.398,0.0458,0.0,0.0,0.0,0.0,0.0,0.0,0.0,0.0,0.0,0.0,0.0,0.0,0.0,0.0,0.0,0.0,0.0,0.0,0.0,0.0,0.0,0.0,0.0,0.0,0.0,0.003719524901021046,0.0005626172119191498,0.00044801000208376745,0.005459470723067306,0.00830381329443634,0.008397582829756198,0.0065847051469056055,0.007397374453011044,0.04326943113148573,0.08897687018128776,0.024973952906855595,0.05454261304438425,0.04225880391748281,0.05917899562408835,0.09542613044384246,0.0832048343404876,0.09811419045634508,0.10181287768285059,0.0718691394040425,0.06639924984371744,0.02525526151281517,0.0355386538862263,0.031277349447801625,0.014450927276515941,0.006595123984163368,0.004615544905188581,0.008751823296520108,0.000937695353198583,0.0003542404667639091,0.0012815169827047302,4.167534903104813e-05,0.0,0.0,0.0,0.0,0.0,0.0,0.0,0.0,0.0,0.0,0.0,0.0,0.0,0.0,0.0,0.0,0.0,0.0,0.0,0.0,0.0,0.0,0.0,0.0,0.0,0.0,0.0,0.0,0.0,0.0,0.0,0.0,0.0,0.0,0.0,0.0,0.0,0.0,0.0,0.0,0.0,0.0,0.0,0.0,0.0,nan,nan,4.29370405880473,2.883322072070246,nan,0.8683317358457772,0.035051562136346304,0.0,0.0,0.0,0.0,0.0,0.0,0.0,0.0,0.0,0.0,0.0,0.0,0.0,0.0,0.0,0.0,0.0,0.0,0.0,0.0,0.0,0.012594458438287156,0.1763224181360202,0.6045340050377814,3.2493702770780866,10.176322418136023,11.4735516372796,3.0856423173803535,0.9068010075566753,0.3148614609571789,0.8660799102147946,0.03475435305276378,0.0,0.0,0.0,0.0,0.0,0.0,0.0,0.0,0.0,0.0,0.0,0.0,0.0,0.0,0.0,0.0,0.0,0.0,0.0,0.0,0.012412081092263138,0.024824162184526277,0.0992966487381051,0.757136946628049,3.5250310302027312,10.885395117914774,10.686801820438562,3.0657840297889956,0.63301613570542,0.31030202730657847,0.3982,0.00953,0.0,0.0,0.0,0.0,0.0,0.0,0.0,0.0,0.0,0.0,0.037783375314861464,17.128463476070504,12.833753148614612,0.0,0.0,0.0,0.0,0.0,0.0,0.0,0.0,0.0,0.0,0.0,0.0,0.0,0.0,0.0,0.0,0.0,0.3977,0.00946,0.0,0.0,0.0,0.0,0.0,0.0,0.0,0.0,0.0,0.0,0.024824162184526277,18.04716590815057,11.928009929664876,0.0,0.0,0.0,0.0,0.0,0.0,0.0,0.0,0.0,0.0,0.0,0.0,0.0,0.0,0.0,0.0,0.0
25100,4726,2435,0.515234870926788,1112,1000,0.4468895471857808,1343,0.5683453237410072,0.422,2.9615888258402445,3.0728546235730247,6.553772070626003,2.1708519366906978,8375.139018197207,506.46473393229087,7853.0,8866.4,8866.399999999998,1.8189894035458565e-12,7853.0,0.0,27.962759204401184,21.02634949709355,33.079787234042556,19.22385767493347,0.14430808294540837,0.10071942446043165,0.08908167583580194,0.08442657638595007,0.08146424037240796,0.07426999576809142,0.06749894202285231,0.06242065171392298,0.06559458315700381,0.05014811680067711,0.04253068133728311,0.041261108760050784,0.030258146424037242,0.030258146424037242,0.01629284807448159,0.012060939483707152,0.007405840033855269,0.8652009364033069,0.035544768095269456,0.0,0.0,0.0,0.0,0.0,0.0,0.0,0.0,0.0,0.0,0.0,0.0,0.0,0.0,0.0,0.0,0.0,0.0,0.0,0.0,0.0,0.025391451544646643,0.1904358865848498,0.8569614896318213,3.529411764705883,11.12780363944139,10.042319085907746,3.2881929750317402,0.7363520947947526,0.20313161235717314,4.284105960264901,2.8310153729276277,4.7272727272727275,2.73332661424962,1.103444399162439,4.28562091503268,2.857187206346756,4.2858094603597605,2.8036318576580137,1.000043994868146,0.3984,0.00938,0.0,0.0,0.0,0.0,0.0,0.0,0.0,0.0,0.0,0.0,0.025391451544646643,16.986881083368573,12.981379602200596,0.006347862886161661,0.0,0.0,0.0,0.0,0.0,0.0,0.0,0.0,0.0,0.0,0.0,0.0,0.0,0.0,0.0,0.0,nan,nan,4.285714285714286,2.8307923789577423,nan,0.3984,0.0459,0.0,0.0,0.0,0.0,0.0,0.0,0.0,0.0,0.0,0.0,0.0,0.0,0.0,0.0,0.0,0.0,0.0,0.0,0.0,0.0,0.0,0.0,1.0579771476936098e-05,0.0,2.1159542953872196e-05,0.004305966991112992,0.0007405840033855269,0.0004760897164621244,0.004993652137113838,0.007596275920440119,0.008495556495979687,0.005808294540837918,0.007183664832839611,0.04214980956411341,0.0873677528565383,0.02439695302581464,0.05428480744815912,0.04380025391451545,0.05968049090139653,0.09798984341938215,0.07966567922132882,0.0985928903935675,0.10399915361828184,0.0677316969953449,0.06748836225137538,0.026460008463817183,0.03615107913669065,0.0326491747778248,0.013753702920016927,0.007363520947947524,0.005194667795175624,0.009606432501057978,0.0006559458315700381,0.0003808717731696995,0.0008992805755395684,6.34786288616166e-05,4.231908590774439e-05,0.0,0.0,0.0,0.0,0.0,0.0,0.0,0.0,0.0,0.0,0.0,0.0,0.0,0.0,0.0,0.0,0.0,0.0,0.0,0.0,0.0,0.0,0.0,0.0,0.0,0.0,0.0,0.0,0.0,0.0,0.0,0.0,0.0,0.0,0.0,0.0,0.0,0.0,0.0,0.0,0.0,0.0,0.0,0.0,nan,nan,4.285714285714286,2.8307923789577423,nan,0.8654580810476378,0.03541991095508128,0.0,0.0,0.0,0.0,0.0,0.0,0.0,0.0,0.0,0.0,0.0,0.0,0.0,0.0,0.0,0.0,0.0,0.0,0.0,0.0,0.0,0.024640657084188916,0.2094455852156058,0.7638603696098539,3.486652977412732,11.29774127310062,9.942505133470227,3.2895277207392204,0.8254620123203287,0.16016427104722797,0.8649276290227107,0.03567496222351134,0.0,0.0,0.0,0.0,0.0,0.0,0.0,0.0,0.0,0.0,0.0,0.0,0.0,0.0,0.0,0.0,0.0,0.0,0.0,0.0,0.0,0.026189436927106072,0.17023134002618948,0.9559144478393685,3.574858140549979,10.94718463553034,10.148406809253602,3.2867743343518123,0.6416412047140988,0.24879965080750768,0.3982,0.0093,0.0,0.0,0.0,0.0,0.0,0.0,0.0,0.0,0.0,0.0,0.024640657084188916,17.494866529774104,12.468172484599592,0.012320328542094458,0.0,0.0,0.0,0.0,0.0,0.0,0.0,0.0,0.0,0.0,0.0,0.0,0.0,0.0,0.0,0.0,0.3987,0.009445,0.0,0.0,0.0,0.0,0.0,0.0,0.0,0.0,0.0,0.0,0.026189436927106072,16.446966390222588,13.526844172850288,0.0,0.0,0.0,0.0,0.0,0.0,0.0,0.0,0.0,0.0,0.0,0.0,0.0,0.0,0.0,0.0,0.0
25200,4654,2376,0.5105285775676837,1142,948,0.4490760636012033,1330,0.5715513536742587,0.41,2.9653204565408253,3.0316055601278116,6.301634472511144,2.1063013793999583,8370.36966050709,506.5876511963781,7853.0,8866.4,8866.399999999998,1.8189894035458565e-12,7853.0,0.0,29.19896862913623,21.228420651832977,33.79337183027869,19.48421627008983,0.12806188225182638,0.0908895573700043,0.0938977223893425,0.08530296519123334,0.08079071766222604,0.07649333906317146,0.06489041684572411,0.06682423721529866,0.05930382466695316,0.05156854318865492,0.05027932960893855,0.04275891706059304,0.03889127632144392,0.03115599484314568,0.018908465835840136,0.011602922217447357,0.008379888268156424,0.8637631495955885,0.03556529297197718,0.0,0.0,0.0,0.0,0.0,0.0,0.0,0.0,0.0,0.0,0.0,0.0,0.0,0.0,0.0,0.0,0.0,0.0,0.0,0.0,0.0,0.05156854318865493,0.193382036957456,0.792866351525567,4.0352385045122485,11.29351095831543,9.759346798452945,2.9265148259561675,0.6832831972496779,0.2642887838418565,4.2117761873780095,2.834925645656527,3.4705882352941178,3.4319887401917226,0.8240201000458884,4.274059910771192,2.8647162616279616,4.139290407358739,2.8107722239918735,0.9684680359597168,0.3982,0.00984,0.0,0.0,0.0,0.0,0.0,0.0,0.0,0.0,0.0,0.0,0.045122475290073065,17.314138375590865,12.64073914911904,0.0,0.0,0.0,0.0,0.0,0.0,0.0,0.0,0.0,0.0,0.0,0.0,0.0,0.0,0.0,0.0,0.0,nan,nan,4.207699773536072,2.8390821000711877,nan,0.3982,0.04648,0.0,0.0,0.0,0.0,0.0,0.0,0.0,0.0,0.0,0.0,0.0,0.0,0.0,0.0,0.0,0.0,0.0,0.0,0.0,0.0,0.0,0.0,0.0,0.0,0.0,0.005167597765363128,0.0006875805758487322,0.0005479157713794585,0.005436183927804039,0.007412978083369145,0.009679845294370434,0.006274172754619682,0.007208852599914052,0.04538031800601633,0.08457241082939407,0.026761925225612375,0.05318006016330039,0.041254834550923936,0.057370004297378596,0.09582079931241942,0.07798667812634293,0.10232058444348947,0.1026536312849162,0.06917705199828104,0.06883326171035668,0.027009024495058015,0.032606360120326604,0.0337559088955737,0.013783841856467555,0.007348517404383326,0.005049419853889127,0.010636012032660078,0.0007627847013321874,0.00026858616244091106,0.0008379888268156424,0.00020412548345509238,0.0,1.0743446497636441e-05,0.0,0.0,0.0,0.0,0.0,0.0,0.0,0.0,0.0,0.0,0.0,0.0,0.0,0.0,0.0,0.0,0.0,0.0,0.0,0.0,0.0,0.0,0.0,0.0,0.0,0.0,0.0,0.0,0.0,0.0,0.0,0.0,0.0,0.0,0.0,0.0,0.0,0.0,0.0,0.0,0.0,0.0,0.0,nan,nan,4.207699773536072,2.8390821000711877,nan,0.8636070035322748,0.03521265214196688,0.0,0.0,0.0,0.0,0.0,0.0,0.0,0.0,0.0,0.0,0.0,0.0,0.0,0.0,0.0,0.0,0.0,0.0,0.0,0.0,0.0,0.05050505050505052,0.23989898989898994,0.6944444444444422,3.9267676767676774,11.502525252525256,9.949494949494952,2.727272727272728,0.6944444444444446,0.2146464646464647,0.8639260130927058,0.03592869398960279,0.0,0.0,0.0,0.0,0.0,0.0,0.0,0.0,0.0,0.0,0.0,0.0,0.0,0.0,0.0,0.0,0.0,0.0,0.0,0.0,0.0,0.05267778753292363,0.14486391571553997,0.8955223880596987,4.148375768217735,11.075504828797193,9.561018437225638,3.134328358208956,0.6716417910447762,0.31606672519754175,0.398,0.009796,0.0,0.0,0.0,0.0,0.0,0.0,0.0,0.0,0.0,0.0,0.02525252525252526,17.651515151515127,12.323232323232327,0.0,0.0,0.0,0.0,0.0,0.0,0.0,0.0,0.0,0.0,0.0,0.0,0.0,0.0,0.0,0.0,0.0,0.3987,0.00987,0.0,0.0,0.0,0.0,0.0,0.0,0.0,0.0,0.0,0.0,0.06584723441615453,16.96224758560138,12.971905179982445,0.0,0.0,0.0,0.0,0.0,0.0,0.0,0.0,0.0,0.0,0.0,0.0,0.0,0.0,0.0,0.0,0.0
25300,4482,2335,0.5209727800089246,1120,908,0.4524765729585007,1255,0.5600178491744757,0.43,3.0051234280391244,3.1468442315662473,6.724662162162162,2.1189779266035695,8380.953815261044,506.2540521683251,7853.0,8866.4,8866.4,0.0,7853.0,0.0,28.216867469879517,20.814211866470675,33.1380498145204,18.98932199352792,0.13810798750557787,0.09683177153056671,0.08946898705934851,0.08902275769745649,0.0785363676929942,0.07407407407407407,0.06983489513609996,0.06381079875055778,0.05823293172690763,0.05555555555555555,0.05042391789379741,0.043953592146363234,0.03413654618473896,0.024765729585006693,0.016956715751896476,0.010263275323516287,0.006024096385542169,0.8640567451675574,0.03438849643994951,0.0,0.0,0.0,0.0,0.0,0.0,0.0,0.0,0.0,0.0,0.0,0.0,0.0,0.0,0.0,0.0,0.0,0.0,0.0,0.0,0.0,0.006693440428380189,0.14056224899598396,0.7898259705488597,4.002677376171353,11.378848728246322,9.866131191432398,2.945113788487283,0.6157965194109773,0.2543507362784472,4.307243391692413,2.9281367127333753,4.0,2.6076809620810595,0.928668207539651,4.328082191780822,2.948861938607933,4.285322359396433,2.906086736906156,0.9901203742235786,0.3982,0.00961,0.0,0.0,0.0,0.0,0.0,0.0,0.0,0.0,0.0,0.0,0.0,17.3895582329317,12.610441767068277,0.0,0.0,0.0,0.0,0.0,0.0,0.0,0.0,0.0,0.0,0.0,0.0,0.0,0.0,0.0,0.0,0.0,nan,nan,4.306716929403701,2.9276451896484055,nan,0.3982,0.04642,0.0,0.0,0.0,0.0,0.0,0.0,0.0,0.0,0.0,0.0,0.0,0.0,0.0,0.0,0.0,0.0,0.0,0.0,0.0,0.0,0.0,0.0,3.346720214190094e-05,0.0,1.1155734047300312e-05,0.004752342704149933,0.0007809013833110219,0.0006916555109326194,0.00570058009817046,0.008143685854529228,0.0107206604194556,0.005689424364123159,0.008879964301651048,0.04364123159303882,0.07916108879964302,0.026528335564480143,0.05428380187416332,0.043373493975903614,0.05534359660865685,0.09824854975457385,0.07949576082106202,0.10428380187416332,0.10259928603302097,0.06822846943328871,0.06579651941097724,0.028714859437751004,0.03172690763052209,0.036278447121820614,0.01285140562248996,0.0069500223114680945,0.004897367246764837,0.010218652387327085,0.0005800981704596163,0.00016733601070950468,0.0010821062025881303,0.00014502454261490407,0.0,0.0,0.0,0.0,0.0,0.0,0.0,0.0,0.0,0.0,0.0,0.0,0.0,0.0,0.0,0.0,0.0,0.0,0.0,0.0,0.0,0.0,0.0,0.0,0.0,0.0,0.0,0.0,0.0,0.0,0.0,0.0,0.0,0.0,0.0,0.0,0.0,0.0,0.0,0.0,0.0,0.0,0.0,0.0,0.0,nan,nan,4.306716929403701,2.9276451896484055,nan,0.8643538781866527,0.034827747540541756,0.0,0.0,0.0,0.0,0.0,0.0,0.0,0.0,0.0,0.0,0.0,0.0,0.0,0.0,0.0,0.0,0.0,0.0,0.0,0.0,0.0,0.012847965738758033,0.16702355460385443,0.8094218415417533,3.828693790149894,11.447537473233409,9.700214132762314,3.122055674518202,0.6680942184154177,0.2441113490364026,0.8637335939800456,0.03390136713493363,0.0,0.0,0.0,0.0,0.0,0.0,0.0,0.0,0.0,0.0,0.0,0.0,0.0,0.0,0.0,0.0,0.0,0.0,0.0,0.0,0.0,0.0,0.11178388448998605,0.7685142058686515,4.191895668374477,11.304145319049839,10.046576618537497,2.7526781555659063,0.5589194224499302,0.2654867256637169,0.398,0.00959,0.0,0.0,0.0,0.0,0.0,0.0,0.0,0.0,0.0,0.0,0.0,17.678800856531023,12.321199143468954,0.0,0.0,0.0,0.0,0.0,0.0,0.0,0.0,0.0,0.0,0.0,0.0,0.0,0.0,0.0,0.0,0.0,0.3987,0.00962,0.0,0.0,0.0,0.0,0.0,0.0,0.0,0.0,0.0,0.0,0.0,17.074988355845342,12.925011644154639,0.0,0.0,0.0,0.0,0.0,0.0,0.0,0.0,0.0,0.0,0.0,0.0,0.0,0.0,0.0,0.0,0.0
25400,4544,2372,0.5220070422535211,1094,915,0.44212147887323944,1262,0.5554577464788732,0.422,3.054327808471455,3.1169344769220904,6.601275917065391,2.0637058764764484,8382.001936619718,506.2089624088158,7853.0,8866.4,8866.4,0.0,7853.0,0.0,27.950264084507044,20.953979796126,33.019731649565905,19.16004898253044,0.14282570422535212,0.10145246478873239,0.09264964788732394,0.08362676056338028,0.07658450704225352,0.07482394366197183,0.0682218309859155,0.06536091549295775,0.06007922535211268,0.05171654929577465,0.045774647887323945,0.03939260563380282,0.0371919014084507,0.02750880281690141,0.01584507042253521,0.01034330985915493,0.006602112676056338,0.8656728188704017,0.03423350471964522,0.0,0.0,0.0,0.0,0.0,0.0,0.0,0.0,0.0,0.0,0.0,0.0,0.0,0.0,0.0,0.0,0.0,0.0,0.0,0.0,0.0,0.00660211267605634,0.1188380281690141,0.7262323943661949,3.7235915492957754,10.873679577464792,10.688820422535214,2.8389084507042264,0.8120598591549297,0.21126760563380287,4.359751895244659,2.880243489243151,6.8,2.9933259094191533,1.5597217831172936,4.368891947694426,2.872643582747466,4.359009628610729,2.891741903030936,0.9977380262084734,0.3984,0.00989,0.0,0.0,0.0,0.0,0.0,0.0,0.0,0.0,0.0,0.0,0.02640845070422536,17.04665492957744,12.9137323943662,0.01320422535211268,0.0,0.0,0.0,0.0,0.0,0.0,0.0,0.0,0.0,0.0,0.0,0.0,0.0,0.0,0.0,0.0,nan,nan,4.363949088407293,2.882216082118001,nan,0.3984,0.04623,0.0,0.0,0.0,0.0,0.0,0.0,0.0,0.0,0.0,0.0,0.0,0.0,0.0,0.0,0.0,0.0,0.0,0.0,0.0,0.0,0.0,0.0,0.0001210387323943662,0.0,0.0,0.003730193661971831,0.0006712147887323943,0.00047315140845070425,0.006095950704225352,0.007449383802816901,0.011190580985915494,0.005798855633802817,0.008802816901408451,0.04513644366197183,0.07496698943661972,0.025308098591549297,0.05562279929577465,0.04683098591549296,0.054962588028169015,0.09899867957746479,0.0824493838028169,0.1027068661971831,0.10238776408450705,0.06586707746478873,0.06376540492957747,0.028609154929577465,0.031150968309859153,0.04102112676056338,0.011377640845070423,0.00664612676056338,0.004819542253521126,0.011366637323943662,0.00028609154929577465,0.00014304577464788732,0.0011553697183098591,7.702464788732395e-05,0.0,1.1003521126760564e-05,0.0,0.0,0.0,0.0,0.0,0.0,0.0,0.0,0.0,0.0,0.0,0.0,0.0,0.0,0.0,0.0,0.0,0.0,0.0,0.0,0.0,0.0,0.0,0.0,0.0,0.0,0.0,0.0,0.0,0.0,0.0,0.0,0.0,0.0,0.0,0.0,0.0,0.0,0.0,0.0,0.0,0.0,0.0,nan,nan,4.363949088407293,2.882216082118001,nan,0.8648624018362361,0.03373897563793948,0.0,0.0,0.0,0.0,0.0,0.0,0.0,0.0,0.0,0.0,0.0,0.0,0.0,0.0,0.0,0.0,0.0,0.0,0.0,0.0,0.0,0.01264755480607083,0.10118043844856664,0.7588532883642471,3.920741989881957,10.914839797639127,10.623946037099497,2.74451939291737,0.746205733558179,0.17706576728499163,0.8665578599408625,0.0347439478085861,0.0,0.0,0.0,0.0,0.0,0.0,0.0,0.0,0.0,0.0,0.0,0.0,0.0,0.0,0.0,0.0,0.0,0.0,0.0,0.0,0.0,0.0,0.138121546961326,0.6906077348066276,3.5082872928176805,10.828729281767957,10.759668508287294,2.9419889502762437,0.8839779005524864,0.2486187845303868,0.3984,0.00995,0.0,0.0,0.0,0.0,0.0,0.0,0.0,0.0,0.0,0.0,0.02529510961214166,16.973018549747025,12.989038785834742,0.01264755480607083,0.0,0.0,0.0,0.0,0.0,0.0,0.0,0.0,0.0,0.0,0.0,0.0,0.0,0.0,0.0,0.0,0.3987,0.00981,0.0,0.0,0.0,0.0,0.0,0.0,0.0,0.0,0.0,0.0,0.0276243093922652,17.127071823204396,12.831491712707185,0.0138121546961326,0.0,0.0,0.0,0.0,0.0,0.0,0.0,0.0,0.0,0.0,0.0,0.0,0.0,0.0,0.0,0.0
25500,4805,2477,0.5155046826222685,1197,959,0.44869927159209155,1340,0.5577523413111343,0.38999999999999996,2.892611683848797,3.0159336971666693,6.3567073170731705,2.1027459137402547,8375.412445369408,506.45632492892526,7853.0,8866.4,8866.4,0.0,7853.0,0.0,28.172112382934444,20.869340630892566,33.02097211941771,19.11849125747025,0.13652445369406868,0.0967741935483871,0.09843912591050989,0.08428720083246619,0.07513007284079085,0.07721123829344433,0.07221644120707596,0.06305931321540062,0.05785639958376691,0.05764828303850156,0.04516129032258064,0.044745057232049947,0.030801248699271592,0.023933402705515087,0.01768990634755463,0.010613943808532778,0.007908428720083247,0.8629592515923602,0.03476638864226358,0.0,0.0,0.0,0.0,0.0,0.0,0.0,0.0,0.0,0.0,0.0,0.0,0.0,0.0,0.0,0.0,0.0,0.0,0.0,0.0,0.0,0.018730489073881376,0.2122788761706556,0.9677419354838679,3.8834547346514054,11.350676378772116,9.989594172736734,2.7221644120707604,0.6867845993756505,0.1685744016649324,4.174572442723459,2.847673954891559,4.666666666666667,3.858612300930075,1.1178789518435497,4.198841698841699,2.8331506393205275,4.15483870967742,2.865685608409181,0.9895202076381164,0.3982,0.00949,0.0,0.0,0.0,0.0,0.0,0.0,0.0,0.0,0.0,0.0,0.006243496357960459,17.21956295525492,12.7741935483871,0.0,0.0,0.0,0.0,0.0,0.0,0.0,0.0,0.0,0.0,0.0,0.0,0.0,0.0,0.0,0.0,0.0,nan,nan,4.175523349436393,2.8500552173963976,nan,0.3982,0.04608,0.0,0.0,0.0,0.0,0.0,0.0,0.0,0.0,0.0,0.0,0.0,0.0,0.0,0.0,0.0,0.0,0.0,0.0,0.0,0.0,0.0,0.0,9.365244536940687e-05,0.0,2.081165452653486e-05,0.0027471383975026012,0.000749219562955255,0.0004474505723204995,0.007398543184183142,0.006586888657648283,0.011737773152965661,0.005078043704474506,0.008532778355879293,0.045067637877211235,0.0778563995837669,0.026066597294484913,0.05661810613943809,0.04723204994797087,0.05476586888657648,0.10187304890738813,0.07644120707596254,0.10126951092611863,0.10145681581685743,0.06833506763787721,0.06434963579604579,0.03004162330905307,0.031956295525494276,0.03903225806451613,0.010114464099895942,0.0065660770031217485,0.0048074921956295525,0.01145681581685744,0.00016649323621227888,8.324661810613944e-05,0.0009885535900104059,6.243496357960458e-05,0.0,0.0,0.0,0.0,0.0,0.0,0.0,0.0,0.0,0.0,0.0,0.0,0.0,0.0,0.0,0.0,0.0,0.0,0.0,0.0,0.0,0.0,0.0,0.0,0.0,0.0,0.0,0.0,0.0,0.0,0.0,0.0,0.0,0.0,0.0,0.0,0.0,0.0,0.0,0.0,0.0,0.0,0.0,0.0,0.0,nan,nan,4.175523349436393,2.8500552173963976,nan,0.862303024970768,0.0344146436755806,0.0,0.0,0.0,0.0,0.0,0.0,0.0,0.0,0.0,0.0,0.0,0.0,0.0,0.0,0.0,0.0,0.0,0.0,0.0,0.0,0.0,0.024222850222042798,0.242228502220428,1.0173597093257942,3.8635446104158264,11.481631005248287,10.052482842147763,2.579733548647558,0.5934598304400486,0.14533710133225677,0.8636574789728086,0.035123319988281686,0.0,0.0,0.0,0.0,0.0,0.0,0.0,0.0,0.0,0.0,0.0,0.0,0.0,0.0,0.0,0.0,0.0,0.0,0.0,0.0,0.0,0.012886597938144333,0.18041237113402067,0.9149484536082445,3.9046391752577327,11.21134020618557,9.922680412371136,2.8737113402061865,0.7860824742268043,0.193298969072165,0.3982,0.00957,0.0,0.0,0.0,0.0,0.0,0.0,0.0,0.0,0.0,0.0,0.0,17.19822365765036,12.80177634234962,0.0,0.0,0.0,0.0,0.0,0.0,0.0,0.0,0.0,0.0,0.0,0.0,0.0,0.0,0.0,0.0,0.0,0.3982,0.009415,0.0,0.0,0.0,0.0,0.0,0.0,0.0,0.0,0.0,0.0,0.012886597938144333,17.24226804123709,12.744845360824746,0.0,0.0,0.0,0.0,0.0,0.0,0.0,0.0,0.0,0.0,0.0,0.0,0.0,0.0,0.0,0.0,0.0
25600,4740,2478,0.5227848101265823,1156,956,0.44556962025316454,1315,0.5548523206751055,0.40199999999999997,2.929266136162688,3.0872003075722643,6.5495207667731625,2.2018598209908777,8382.790126582278,506.17362244037787,7853.0,8866.4,8866.399999999998,1.8189894035458565e-12,7853.0,0.0,27.810759493670886,20.785813744226306,32.85649432534679,18.978552607740465,0.1440928270042194,0.09957805907172995,0.09135021097046414,0.08734177215189873,0.07763713080168777,0.07278481012658228,0.06919831223628692,0.06624472573839663,0.05949367088607595,0.0510548523206751,0.046202531645569624,0.04535864978902954,0.032278481012658226,0.024050632911392405,0.016877637130801686,0.01139240506329114,0.005063291139240506,0.8626690823946321,0.03515371265897401,0.0,0.0,0.0,0.0,0.0,0.0,0.0,0.0,0.0,0.0,0.0,0.0,0.0,0.0,0.0,0.0,0.0,0.0,0.0,0.0,0.0,0.0063291139240506345,0.2025316455696203,0.9620253164556931,4.012658227848102,11.740506329113927,9.58227848101266,2.5949367088607604,0.6645569620253167,0.23417721518987347,4.219327176781003,2.855418137492485,3.75,1.0897247358851685,0.8887672946142421,4.116731517509727,2.856828841405181,4.323962516733601,2.8469672139318307,1.050338720983493,0.3984,0.00952,0.0,0.0,0.0,0.0,0.0,0.0,0.0,0.0,0.0,0.0,0.025316455696202538,16.778481012658204,13.196202531645573,0.0,0.0,0.0,0.0,0.0,0.0,0.0,0.0,0.0,0.0,0.0,0.0,0.0,0.0,0.0,0.0,0.0,nan,nan,4.2187088274044795,2.8538613868032847,nan,0.3984,0.04578,0.0,0.0,0.0,0.0,0.0,0.0,0.0,0.0,0.0,0.0,0.0,0.0,0.0,0.0,0.0,0.0,0.0,0.0,0.0,0.0,0.0,0.0,6.329113924050633e-05,0.0,3.1645569620253167e-05,0.0025210970464135023,0.0008755274261603376,0.0002848101265822785,0.00740506329113924,0.00739451476793249,0.00979957805907173,0.004789029535864979,0.008786919831223629,0.044556962025316456,0.07691983122362869,0.027067510548523206,0.0560126582278481,0.04498945147679325,0.05419831223628692,0.10675105485232067,0.07354430379746836,0.1074367088607595,0.10021097046413502,0.06726793248945148,0.06428270042194092,0.030864978902953588,0.03258438818565401,0.03759493670886076,0.009251054852320676,0.007109704641350211,0.004451476793248945,0.011613924050632912,0.00022151898734177215,3.1645569620253167e-05,0.0010654008438818565,2.109704641350211e-05,0.0,0.0,0.0,0.0,0.0,0.0,0.0,0.0,0.0,0.0,0.0,0.0,0.0,0.0,0.0,0.0,0.0,0.0,0.0,0.0,0.0,0.0,0.0,0.0,0.0,0.0,0.0,0.0,0.0,0.0,0.0,0.0,0.0,0.0,0.0,0.0,0.0,0.0,0.0,0.0,0.0,0.0,0.0,0.0,0.0,nan,nan,4.2187088274044795,2.8538613868032847,nan,0.8628290695370543,0.0349175881035223,0.0,0.0,0.0,0.0,0.0,0.0,0.0,0.0,0.0,0.0,0.0,0.0,0.0,0.0,0.0,0.0,0.0,0.0,0.0,0.0,0.0,0.012106537530266347,0.21791767554479424,0.9443099273607719,3.9951573849878943,11.658595641646492,9.697336561743343,2.627118644067797,0.6779661016949154,0.16949152542372886,0.8624938179654004,0.03540974805966265,0.0,0.0,0.0,0.0,0.0,0.0,0.0,0.0,0.0,0.0,0.0,0.0,0.0,0.0,0.0,0.0,0.0,0.0,0.0,0.0,0.0,0.0,0.18567639257294435,0.9814323607427026,4.0318302387267915,11.830238726790455,9.456233421750666,2.5596816976127323,0.6498673740053051,0.3050397877984085,0.3982,0.00961,0.0,0.0,0.0,0.0,0.0,0.0,0.0,0.0,0.0,0.0,0.036319612590799036,16.937046004842593,13.02663438256659,0.0,0.0,0.0,0.0,0.0,0.0,0.0,0.0,0.0,0.0,0.0,0.0,0.0,0.0,0.0,0.0,0.0,0.3987,0.009415,0.0,0.0,0.0,0.0,0.0,0.0,0.0,0.0,0.0,0.0,0.013262599469496024,16.604774535808996,13.381962864721489,0.0,0.0,0.0,0.0,0.0,0.0,0.0,0.0,0.0,0.0,0.0,0.0,0.0,0.0,0.0,0.0,0.0
25700,4391,2278,0.5187884308813482,1084,870,0.4450011386927807,1203,0.5479389660669551,0.434,2.9256980596308564,3.087410476857367,6.647469458987784,2.0966144198878243,8378.740195855158,506.3421382245379,7853.0,8866.4,8866.399999999998,1.8189894035458565e-12,7853.0,0.0,27.63242997039399,20.888163134593132,32.770092946965555,19.10497065736006,0.14689136870872238,0.09792757913914826,0.09587793213391027,0.08562969710772034,0.08175814165338192,0.07560920063766796,0.06877704395354134,0.05830107037121385,0.05830107037121385,0.048280573901161465,0.04987474379412434,0.040309724436347075,0.03233887497153268,0.025962195399681167,0.016624914598041447,0.010475973582327488,0.007059895240264177,0.8615853334988095,0.034712550719210845,0.0,0.0,0.0,0.0,0.0,0.0,0.0,0.0,0.0,0.0,0.0,0.0,0.0,0.0,0.0,0.0,0.0,0.0,0.0,0.0,0.02049647005237987,0.061489410157139615,0.15030744705078572,0.874516055568205,4.338419494420406,11.491687542700983,9.708494648143933,2.6577089501252567,0.5602368480983831,0.13664313368253247,4.220223101835193,2.85736382945189,2.8333333333333335,3.1490739379485304,0.6713705093224193,4.24473493100944,2.7787611760250353,4.17887323943662,2.939120089316651,0.9844839094446923,0.3984,0.00952,0.0,0.0,0.0,0.0,0.0,0.0,0.0,0.0,0.0,0.0,0.006832156684126624,16.86176269642448,13.131405146891373,0.0,0.0,0.0,0.0,0.0,0.0,0.0,0.0,0.0,0.0,0.0,0.0,0.0,0.0,0.0,0.0,0.0,nan,nan,4.211297819091884,2.861486083484708,nan,0.3984,0.04602,0.0,0.0,0.0,0.0,0.0,0.0,0.0,0.0,0.0,0.0,0.0,0.0,0.0,0.0,0.0,0.0,0.0,0.0,0.0,0.0,0.0,0.0,0.0,0.0,0.0,0.0022090639945342746,0.0006604418127989068,0.00018219084491004326,0.008358005010248235,0.007595080847187428,0.011147802322933272,0.005169665224322478,0.008802095194716466,0.04345251651104532,0.07424276930084263,0.028831701207014348,0.056228649510362105,0.045752675928034614,0.05518105215212935,0.10543156456388067,0.07342291049874744,0.10491915281257116,0.10257344568435436,0.0646549760874516,0.06331131860624004,0.03280573901161467,0.03252106581644272,0.037815987246640856,0.008528808927351401,0.007367342291049875,0.005044409018446823,0.012707811432475518,0.00013664313368253245,0.0,0.0009337280801639718,1.1386927806877704e-05,0.0,0.0,0.0,0.0,0.0,0.0,0.0,0.0,0.0,0.0,0.0,0.0,0.0,0.0,0.0,0.0,0.0,0.0,0.0,0.0,0.0,0.0,0.0,0.0,0.0,0.0,0.0,0.0,0.0,0.0,0.0,0.0,0.0,0.0,0.0,0.0,0.0,0.0,0.0,0.0,0.0,0.0,0.0,0.0,0.0,nan,nan,4.211297819091884,2.861486083484708,nan,0.8612409281406201,0.03626737337357941,0.0,0.0,0.0,0.0,0.0,0.0,0.0,0.0,0.0,0.0,0.0,0.0,0.0,0.0,0.0,0.0,0.0,0.0,0.0,0.0,0.026338893766461816,0.07901668129938544,0.1712028094820018,0.961369622475853,4.50395083406497,11.365232660228273,9.350307287093944,2.6865671641791047,0.6453028972783144,0.21071115013169453,0.8619566327917367,0.03295021024177697,0.0,0.0,0.0,0.0,0.0,0.0,0.0,0.0,0.0,0.0,0.0,0.0,0.0,0.0,0.0,0.0,0.0,0.0,0.0,0.0,0.014197823000473264,0.04259346900141979,0.12778040700425938,0.7808802650260269,4.159962139138666,11.628017037387602,10.09465215333649,2.6265972550875536,0.46852815901561773,0.056791292001893055,0.3982,0.00971,0.0,0.0,0.0,0.0,0.0,0.0,0.0,0.0,0.0,0.0,0.013169446883230908,17.159789288849844,12.827041264266905,0.0,0.0,0.0,0.0,0.0,0.0,0.0,0.0,0.0,0.0,0.0,0.0,0.0,0.0,0.0,0.0,0.0,0.3987,0.00931,0.0,0.0,0.0,0.0,0.0,0.0,0.0,0.0,0.0,0.0,0.0,16.540463795551325,13.459536204448655,0.0,0.0,0.0,0.0,0.0,0.0,0.0,0.0,0.0,0.0,0.0,0.0,0.0,0.0,0.0,0.0,0.0
25800,4701,2432,0.5173367368644969,1136,963,0.44650074452244204,1317,0.5603063178047224,0.38999999999999996,2.9365359189070075,3.12504640228732,6.592125984251968,2.1849018896949435,8377.26904913848,506.3953184147435,7853.0,8866.4,8866.4,0.0,7853.0,0.0,28.081259306530526,20.786569300727813,32.86703601108033,19.064363639274685,0.13635396724101256,0.09678791746436928,0.09380982769623485,0.09338438630078706,0.0799829823441821,0.07275047862156987,0.06870878536481599,0.06360348861944268,0.05828547117634546,0.05084024675600936,0.047862156987874924,0.041693256753882156,0.032971708147202725,0.031269942565411615,0.01744309721335886,0.008508827908955541,0.00574345883854499,0.8610489958145597,0.034585837328354414,0.0,0.0,0.0,0.0,0.0,0.0,0.0,0.0,0.0,0.0,0.0,0.0,0.0,0.0,0.0,0.0,0.0,0.0,0.0,0.0,0.0,0.038289725590299944,0.15954052329291643,0.9189534141671956,4.499042756860243,11.66560306317805,9.317166560306319,2.629227823867263,0.6636885768985324,0.10848755583918318,4.256537570340947,3.004144956427258,4.266666666666667,2.4890872936792627,1.0023796562718719,4.310666666666667,3.0107838772578077,4.206514657980456,2.991141628754895,0.9758385380406254,0.3984,0.00972,0.0,0.0,0.0,0.0,0.0,0.0,0.0,0.0,0.0,0.0,0.019144862795149972,17.134652201659197,12.846202935545632,0.0,0.0,0.0,0.0,0.0,0.0,0.0,0.0,0.0,0.0,0.0,0.0,0.0,0.0,0.0,0.0,0.0,nan,nan,4.256587615283268,3.0018175350499425,nan,0.3984,0.0462,0.0,0.0,0.0,0.0,0.0,0.0,0.0,0.0,0.0,0.0,0.0,0.0,0.0,0.0,0.0,0.0,0.0,0.0,0.0,0.0,0.0,0.0,0.0,3.190810465858328e-05,0.0,0.002350563709848968,0.0006594341629440545,0.00038289725590299936,0.00807275047862157,0.008338651350776431,0.011912359072537758,0.0050733886407147415,0.009614975537119761,0.04310784939374601,0.07235694533078069,0.029461816634758563,0.05293554562858966,0.048691767708998086,0.053477983407785576,0.10254201233780047,0.07760051052967454,0.10153158902361199,0.10444586258242927,0.06459263986385876,0.06332695171240162,0.036066794299085304,0.03226972984471389,0.035737077217613274,0.009200170176558178,0.007264411827270794,0.0053924696873005745,0.012624973409912784,0.00017017655817911083,0.0,0.0007445224420336099,2.1272069772388854e-05,0.0,0.0,0.0,0.0,0.0,0.0,0.0,0.0,0.0,0.0,0.0,0.0,0.0,0.0,0.0,0.0,0.0,0.0,0.0,0.0,0.0,0.0,0.0,0.0,0.0,0.0,0.0,0.0,0.0,0.0,0.0,0.0,0.0,0.0,0.0,0.0,0.0,0.0,0.0,0.0,0.0,0.0,0.0,0.0,0.0,nan,nan,4.256587615283268,3.0018175350499425,nan,0.8610771724366044,0.03451619087728341,0.0,0.0,0.0,0.0,0.0,0.0,0.0,0.0,0.0,0.0,0.0,0.0,0.0,0.0,0.0,0.0,0.0,0.0,0.0,0.0,0.0,0.037006578947368425,0.17269736842105268,0.9498355263157865,4.366776315789474,11.435032894736844,9.65871710526316,2.627467105263159,0.6537828947368423,0.09868421052631582,0.8610187950455811,0.03466030620648413,0.0,0.0,0.0,0.0,0.0,0.0,0.0,0.0,0.0,0.0,0.0,0.0,0.0,0.0,0.0,0.0,0.0,0.0,0.0,0.0,0.0,0.039665050683120325,0.14543851917144118,0.8858527985896844,4.6408109299250775,11.912736888497138,8.951079770824153,2.6311150286469815,0.6743058616130455,0.11899515204936098,0.3987,0.00966,0.0,0.0,0.0,0.0,0.0,0.0,0.0,0.0,0.0,0.0,0.024671052631578955,16.689967105263133,13.285361842105265,0.0,0.0,0.0,0.0,0.0,0.0,0.0,0.0,0.0,0.0,0.0,0.0,0.0,0.0,0.0,0.0,0.0,0.3982,0.00977,0.0,0.0,0.0,0.0,0.0,0.0,0.0,0.0,0.0,0.0,0.013221683561040108,17.611282503305397,12.375495813133542,0.0,0.0,0.0,0.0,0.0,0.0,0.0,0.0,0.0,0.0,0.0,0.0,0.0,0.0,0.0,0.0,0.0
25900,4620,2410,0.5216450216450217,1181,924,0.4556277056277056,1276,0.5523809523809524,0.414,2.9524886877828056,3.0872685076143487,6.559055118110236,2.0545840558690425,8381.635064935064,506.22499239596453,7853.0,8866.4,8866.399999999998,1.8189894035458565e-12,7853.0,0.0,28.06904761904762,20.730955239775533,33.04691930910028,18.888251317031717,0.1393939393939394,0.09588744588744588,0.09329004329004328,0.08246753246753247,0.08333333333333333,0.07813852813852813,0.06536796536796537,0.0645021645021645,0.06277056277056277,0.050216450216450215,0.04935064935064935,0.04177489177489178,0.03614718614718615,0.025108225108225107,0.01753246753246753,0.008658008658008658,0.006060606060606061,0.8624152878017136,0.03489524275609753,0.0,0.0,0.0,0.0,0.0,0.0,0.0,0.0,0.0,0.0,0.0,0.0,0.0,0.0,0.0,0.0,0.0,0.0,0.0,0.0,0.0,0.03896103896103897,0.11038961038961041,0.9675324675324646,4.233766233766235,11.474025974025977,9.629870129870131,2.6428571428571432,0.681818181818182,0.22077922077922082,4.156353958749168,2.887126636069829,3.6,2.0591260281974,0.8661437489995198,4.182239893969516,2.906413468624514,4.12849533954727,2.865168060624731,0.9871493372487452,0.3984,0.00929,0.0,0.0,0.0,0.0,0.0,0.0,0.0,0.0,0.0,0.0,0.006493506493506495,16.97402597402595,13.019480519480522,0.0,0.0,0.0,0.0,0.0,0.0,0.0,0.0,0.0,0.0,0.0,0.0,0.0,0.0,0.0,0.0,0.0,nan,nan,4.1554300896712055,2.8860375015448843,nan,0.3984,0.04584,0.0,0.0,0.0,0.0,0.0,0.0,0.0,0.0,0.0,0.0,0.0,0.0,0.0,0.0,0.0,0.0,0.0,0.0,0.0,0.0,0.0,0.0,0.0,0.00011904761904761905,0.0,0.0015800865800865802,0.0006493506493506494,0.00027056277056277056,0.008225108225108226,0.008777056277056277,0.011915584415584416,0.005606060606060606,0.009274891774891774,0.041655844155844154,0.07154761904761905,0.028214285714285713,0.051287878787878785,0.04991341991341992,0.05266233766233766,0.10848484848484849,0.07768398268398269,0.10382034632034633,0.10437229437229437,0.0672077922077922,0.06034632034632035,0.0363961038961039,0.030995670995670997,0.034534632034632036,0.008863636363636363,0.007261904761904762,0.004696969696969697,0.01198051948051948,0.0006277056277056277,4.329004329004329e-05,0.000974025974025974,1.0822510822510823e-05,0.0,0.0,0.0,0.0,0.0,0.0,0.0,0.0,0.0,0.0,0.0,0.0,0.0,0.0,0.0,0.0,0.0,0.0,0.0,0.0,0.0,0.0,0.0,0.0,0.0,0.0,0.0,0.0,0.0,0.0,0.0,0.0,0.0,0.0,0.0,0.0,0.0,0.0,0.0,0.0,0.0,0.0,0.0,0.0,0.0,nan,nan,4.1554300896712055,2.8860375015448843,nan,0.8627431722350141,0.034696509101521326,0.0,0.0,0.0,0.0,0.0,0.0,0.0,0.0,0.0,0.0,0.0,0.0,0.0,0.0,0.0,0.0,0.0,0.0,0.0,0.0,0.0,0.06224066390041495,0.04979253112033196,0.9336099585062212,4.219917012448134,11.43983402489627,9.709543568464731,2.688796680497926,0.6846473029045645,0.21161825726141084,0.8620577305690196,0.03510718885732632,0.0,0.0,0.0,0.0,0.0,0.0,0.0,0.0,0.0,0.0,0.0,0.0,0.0,0.0,0.0,0.0,0.0,0.0,0.0,0.0,0.0,0.013574660633484167,0.17647058823529416,1.004524886877825,4.248868778280544,11.511312217194574,9.542986425339368,2.5927601809954757,0.6787330316742083,0.2307692307692308,0.3987,0.00902,0.0,0.0,0.0,0.0,0.0,0.0,0.0,0.0,0.0,0.0,0.0,16.904564315352673,13.095435684647306,0.0,0.0,0.0,0.0,0.0,0.0,0.0,0.0,0.0,0.0,0.0,0.0,0.0,0.0,0.0,0.0,0.0,0.3984,0.009575,0.0,0.0,0.0,0.0,0.0,0.0,0.0,0.0,0.0,0.0,0.013574660633484167,17.049773755656087,12.936651583710411,0.0,0.0,0.0,0.0,0.0,0.0,0.0,0.0,0.0,0.0,0.0,0.0,0.0,0.0,0.0,0.0,0.0
26000,4792,2531,0.5281719532554258,1228,955,0.455550918196995,1315,0.5488313856427379,0.40599999999999997,3.003095975232198,3.1162766491425113,6.6117274167987325,2.1992194325949272,8388.249457429049,505.89506666946926,7853.0,8866.4,8866.399999999998,1.8189894035458565e-12,7853.0,0.0,28.223288814691152,20.842426356571515,33.07321296067277,19.073625713635924,0.13564273789649417,0.09557595993322204,0.09202838063439066,0.08702003338898164,0.0847245409015025,0.07721202003338898,0.06949081803005008,0.06636060100166945,0.057804674457429046,0.047996661101836396,0.048414023372287146,0.04152754590984975,0.035684474123539235,0.025459098497495825,0.016903171953255424,0.01001669449081803,0.00813856427378965,0.8620178770267705,0.03487311302216656,0.0,0.0,0.0,0.0,0.0,0.0,0.0,0.0,0.0,0.0,0.0,0.0,0.0,0.0,0.0,0.0,0.0,0.0,0.0,0.0,0.0,0.018781302170283808,0.22537562604340572,0.9578464106844711,4.156928213689484,11.48163606010017,9.597245409015027,2.779632721202004,0.5822203672787981,0.20033388981636066,4.232102728731943,2.9416579402234846,3.375,2.394655507583502,0.7974759159523628,4.193734015345268,2.9730566084034367,4.2661962796664525,2.907437604039765,1.0172786981854447,0.399,0.00947,0.0,0.0,0.0,0.0,0.0,0.0,0.0,0.0,0.0,0.0,0.0,16.383555926544215,13.603923205342241,0.012520868113522541,0.0,0.0,0.0,0.0,0.0,0.0,0.0,0.0,0.0,0.0,0.0,0.0,0.0,0.0,0.0,0.0,nan,nan,4.229907140569964,2.940705883981623,nan,0.399,0.04544,0.0,0.0,0.0,0.0,0.0,0.0,0.0,0.0,0.0,0.0,0.0,0.0,0.0,0.0,0.0,0.0,0.0,0.0,0.0,0.0,0.0,0.0,0.0,0.00012520868113522537,0.0,0.0014190317195325543,0.0006990818030050084,0.00019824707846410685,0.007314273789649416,0.00830550918196995,0.010924457429048413,0.005164858096828047,0.009213272120200334,0.04188230383973289,0.06882303839732888,0.027034641068447413,0.05328672787979966,0.05007303839732888,0.052410267111853086,0.10828464106844742,0.0810517529215359,0.10650041736227045,0.10274415692821369,0.06964732888146911,0.06051752921535893,0.03660267111853088,0.029319699499165276,0.032940317195325544,0.008962854757929883,0.006688230383973289,0.005425709515859766,0.01207220367278798,0.000761686143572621,5.217028380634391e-05,0.0015546744574290484,0.0,0.0,0.0,0.0,0.0,0.0,0.0,0.0,0.0,0.0,0.0,0.0,0.0,0.0,0.0,0.0,0.0,0.0,0.0,0.0,0.0,0.0,0.0,0.0,0.0,0.0,0.0,0.0,0.0,0.0,0.0,0.0,0.0,0.0,0.0,0.0,0.0,0.0,0.0,0.0,0.0,0.0,0.0,0.0,0.0,0.0,nan,nan,4.229907140569964,2.940705883981623,nan,0.8618343921105224,0.03456349421818924,0.0,0.0,0.0,0.0,0.0,0.0,0.0,0.0,0.0,0.0,0.0,0.0,0.0,0.0,0.0,0.0,0.0,0.0,0.0,0.0,0.0,0.011853022520742792,0.20150138285262748,1.0904780719083331,4.053733702094035,11.54484393520348,9.636507309363889,2.7617542473330707,0.4859739233504545,0.21335440537337025,0.8622232730121857,0.03521534226395151,0.0,0.0,0.0,0.0,0.0,0.0,0.0,0.0,0.0,0.0,0.0,0.0,0.0,0.0,0.0,0.0,0.0,0.0,0.0,0.0,0.0,0.02653693056169837,0.2521008403361345,0.8093763821317975,4.272445820433437,11.4108801415303,9.553295002211412,2.7996461742591783,0.6899601946041577,0.1857585139318886,0.399,0.0094,0.0,0.0,0.0,0.0,0.0,0.0,0.0,0.0,0.0,0.0,0.0,16.511260371394684,13.465033583563812,0.023706045041485584,0.0,0.0,0.0,0.0,0.0,0.0,0.0,0.0,0.0,0.0,0.0,0.0,0.0,0.0,0.0,0.0,0.3992,0.00954,0.0,0.0,0.0,0.0,0.0,0.0,0.0,0.0,0.0,0.0,0.0,16.240601503759375,13.759398496240605,0.0,0.0,0.0,0.0,0.0,0.0,0.0,0.0,0.0,0.0,0.0,0.0,0.0,0.0,0.0,0.0,0.0
26100,4729,2479,0.5242123070416579,1193,926,0.44808627616832314,1303,0.5510678790441954,0.422,2.992888888888889,3.103251787129267,6.533333333333333,2.130084735852577,8384.236751956016,506.1055599412525,7853.0,8866.4,8866.4,0.0,7853.0,0.0,28.226897864241913,21.027253451972484,33.33249115715007,19.1772301190028,0.14210192429689153,0.0979065341509833,0.08796785789807571,0.0862761683231127,0.08479593994502009,0.06682173821103828,0.06851342778600127,0.06470712624233453,0.06026644110805667,0.0518079932332417,0.048213152886445336,0.04313808416155635,0.03446817508987101,0.026855572002537534,0.01966589130894481,0.01036159864664834,0.006132374709240854,0.8612198026267488,0.03435586964035378,0.0,0.0,0.0,0.0,0.0,0.0,0.0,0.0,0.0,0.0,0.0,0.0,0.0,0.0,0.0,0.0,0.0,0.0,0.0,0.0,0.0,0.019031507718333687,0.15859589765278073,0.9832945654472374,4.313808416155636,11.621907379995774,9.674349756819625,2.455064495665046,0.6026644110805668,0.17128356946500323,4.257328990228013,2.9017971572679397,3.875,2.7128168017763383,0.9101951032899771,4.257644762524398,2.8896392079532616,4.255844155844156,2.913827023651978,0.9995770885593624,0.3992,0.00947,0.0,0.0,0.0,0.0,0.0,0.0,0.0,0.0,0.0,0.0,0.02537534362444492,16.011841827024718,13.962782829350818,0.0,0.0,0.0,0.0,0.0,0.0,0.0,0.0,0.0,0.0,0.0,0.0,0.0,0.0,0.0,0.0,0.0,nan,nan,4.256335282651072,2.901387238611604,nan,0.3992,0.04517,0.0,0.0,0.0,0.0,0.0,0.0,0.0,0.0,0.0,0.0,0.0,0.0,0.0,0.0,0.0,0.0,0.0,0.0,0.0,0.0,0.0,0.0,4.229223937407486e-05,2.114611968703743e-05,0.0,0.0015013744977796575,0.000370057094523155,0.00010573059843518714,0.0059737788115880736,0.007750052865299218,0.010657644322266863,0.005381687460351026,0.008310425037005709,0.04530556142947769,0.0693275533939522,0.024740960033833793,0.05259039966166208,0.05076126030873335,0.052759568619158384,0.1087016282512159,0.08179319094946078,0.10849016705434553,0.10222034256713892,0.06851342778600127,0.06010784521040389,0.036984563332628465,0.026919010361598647,0.03396066821738211,0.01020300274899556,0.006142947769084373,0.006185240008458448,0.011503489109748362,0.0008987100866990908,0.00012687671812222458,0.0016388242757454008,1.0573059843518714e-05,0.0,0.0,0.0,0.0,0.0,0.0,0.0,0.0,0.0,0.0,0.0,0.0,0.0,0.0,0.0,0.0,0.0,0.0,0.0,0.0,0.0,0.0,0.0,0.0,0.0,0.0,0.0,0.0,0.0,0.0,0.0,0.0,0.0,0.0,0.0,0.0,0.0,0.0,0.0,0.0,0.0,0.0,0.0,0.0,0.0,nan,nan,4.256335282651072,2.901387238611604,nan,0.8604424535001944,0.03504375571260128,0.0,0.0,0.0,0.0,0.0,0.0,0.0,0.0,0.0,0.0,0.0,0.0,0.0,0.0,0.0,0.0,0.0,0.0,0.0,0.0,0.0,0.012101653892698672,0.19362646228317876,1.0649455425574796,4.501815248083905,11.774909237595807,9.330375151270674,2.2993142396127473,0.6050826946349336,0.2178297700685761,0.8620762686199612,0.033560820356324204,0.0,0.0,0.0,0.0,0.0,0.0,0.0,0.0,0.0,0.0,0.0,0.0,0.0,0.0,0.0,0.0,0.0,0.0,0.0,0.0,0.0,0.026666666666666672,0.12000000000000002,0.8933333333333306,4.106666666666667,11.453333333333337,10.053333333333335,2.626666666666667,0.6000000000000001,0.12000000000000002,0.3992,0.00948,0.0,0.0,0.0,0.0,0.0,0.0,0.0,0.0,0.0,0.0,0.036304961678096014,16.010488100040316,13.953206938281568,0.0,0.0,0.0,0.0,0.0,0.0,0.0,0.0,0.0,0.0,0.0,0.0,0.0,0.0,0.0,0.0,0.0,0.3992,0.00945,0.0,0.0,0.0,0.0,0.0,0.0,0.0,0.0,0.0,0.0,0.013333333333333336,16.01333333333331,13.973333333333336,0.0,0.0,0.0,0.0,0.0,0.0,0.0,0.0,0.0,0.0,0.0,0.0,0.0,0.0,0.0,0.0,0.0
26200,4857,2563,0.52769199094091,1206,1006,0.4554251595635166,1361,0.5604282478896438,0.414,2.957279860505667,3.124823512109929,6.711001642036125,2.16750758810586,8387.763063619519,505.9222810474813,7853.0,8866.4,8866.399999999998,1.8189894035458565e-12,7853.0,0.0,27.860201770640312,20.716306240396364,32.78431372549019,18.94043938605624,0.14103355981058266,0.09882643607164916,0.08894379246448425,0.08997323450689726,0.07906114885731934,0.07206094296891086,0.07329627341980646,0.06938439365863702,0.06423718344657196,0.04982499485278979,0.04117768169652049,0.03911879761169446,0.03253036854025118,0.024500720609429687,0.019147621988882025,0.010500308832612723,0.006382540662960675,0.8626588214344514,0.035530579288824915,0.0,0.0,0.0,0.0,0.0,0.0,0.0,0.0,0.0,0.0,0.0,0.0,0.0,0.0,0.0,0.0,0.0,0.0,0.0,0.0,0.0,0.05558987029030267,0.2408894379246449,0.8585546633724495,3.8727609635577522,11.64298949969117,9.7467572575664,2.7053736874613965,0.6609017912291539,0.2161828289067326,4.303126994256541,2.9669542092825885,4.666666666666667,2.4267032964268394,1.0844826733896882,4.387832699619772,2.9758902756520342,4.220663265306122,2.9519591503584963,0.9619015933929896,0.3992,0.00948,0.0,0.0,0.0,0.0,0.0,0.0,0.0,0.0,0.0,0.0,0.018529956763434222,16.26930203829522,13.712168004941324,0.0,0.0,0.0,0.0,0.0,0.0,0.0,0.0,0.0,0.0,0.0,0.0,0.0,0.0,0.0,0.0,0.0,nan,nan,4.304513668150032,2.965165201886638,nan,0.3992,0.04517,0.0,0.0,0.0,0.0,0.0,0.0,0.0,0.0,0.0,0.0,0.0,0.0,0.0,0.0,0.0,0.0,0.0,0.0,0.0,0.0,0.0,0.0,6.176652254478072e-05,0.00011323862466543134,0.0,0.0015544574840436482,0.00041177681696520483,7.206094296891085e-05,0.0063207741404158945,0.0067737286390776195,0.009810582664196005,0.005404570722668314,0.008667901997117563,0.04701461807700227,0.06778875849289685,0.026014000411776816,0.05243977764051884,0.05189417335803994,0.055497220506485485,0.10586781964175417,0.08231418571134445,0.11017088737904056,0.1010603253036854,0.06956969322627136,0.058307597282273006,0.03486720197652872,0.027537574634548076,0.03202594193946881,0.010767963763640106,0.006382540662960675,0.005981058266419601,0.012826847848466131,0.000679431747992588,0.00026765493102738315,0.0015029853819229977,3.088326127239036e-05,0.0,0.0,0.0,0.0,0.0,0.0,0.0,0.0,0.0,0.0,0.0,0.0,0.0,0.0,0.0,0.0,0.0,0.0,0.0,0.0,0.0,0.0,0.0,0.0,0.0,0.0,0.0,0.0,0.0,0.0,0.0,0.0,0.0,0.0,0.0,0.0,0.0,0.0,0.0,0.0,0.0,0.0,0.0,0.0,0.0,nan,nan,4.304513668150032,2.965165201886638,nan,0.8625949670967998,0.03558016799410122,0.0,0.0,0.0,0.0,0.0,0.0,0.0,0.0,0.0,0.0,0.0,0.0,0.0,0.0,0.0,0.0,0.0,0.0,0.0,0.0,0.0,0.02341006632852127,0.22239563012095206,0.9364026531408477,3.897776043698791,11.775263363246198,9.445961763558332,2.7506827936012495,0.7491221225126806,0.1989855637924308,0.8627301634865007,0.03547495776211033,0.0,0.0,0.0,0.0,0.0,0.0,0.0,0.0,0.0,0.0,0.0,0.0,0.0,0.0,0.0,0.0,0.0,0.0,0.0,0.0,0.0,0.09154315605928512,0.2615518744551003,0.7715780296425434,3.8448125544899745,11.49520488230166,10.082824760244117,2.654751525719268,0.5623365300784656,0.2353966870095903,0.3992,0.00972,0.0,0.0,0.0,0.0,0.0,0.0,0.0,0.0,0.0,0.0,0.011705033164260635,16.082715567694084,13.905579399141633,0.0,0.0,0.0,0.0,0.0,0.0,0.0,0.0,0.0,0.0,0.0,0.0,0.0,0.0,0.0,0.0,0.0,0.399,0.009224,0.0,0.0,0.0,0.0,0.0,0.0,0.0,0.0,0.0,0.0,0.02615518744551003,16.477768090671294,13.496076721883176,0.0,0.0,0.0,0.0,0.0,0.0,0.0,0.0,0.0,0.0,0.0,0.0,0.0,0.0,0.0,0.0,0.0
26300,5095,2660,0.5220804710500491,1276,1077,0.4618253189401374,1467,0.5758586849852797,0.3539999999999999,2.9285420944558522,3.0530939183229764,6.561224489795919,2.0485821632615777,8382.07634936212,506.2056785430446,7853.0,8866.4,8866.399999999998,1.8189894035458565e-12,7853.0,0.0,28.3540726202159,20.628026006314787,32.887942936033134,18.932841005117158,0.12580961727183512,0.0971540726202159,0.09656526005888126,0.08969578017664377,0.08007850834151128,0.07536800785083415,0.07536800785083415,0.061629048086359176,0.06182531894013739,0.05436702649656526,0.04730127576054956,0.04317958783120707,0.033366045142296366,0.02433758586849853,0.017664376840039256,0.00942100098135427,0.0068694798822374874,0.8628587662647236,0.03646932889725005,0.0,0.0,0.0,0.0,0.0,0.0,0.0,0.0,0.0,0.0,0.0,0.0,0.0,0.0,0.0,0.0,0.0,0.0,0.0,0.0,0.01177625122669284,0.03532875368007851,0.2473012757605496,0.9538763493621167,4.009813542688911,11.23454367026497,9.680078508341515,2.8969578017664386,0.6771344455348383,0.253189401373896,4.144225014961101,2.9115467694852994,3.3076923076923075,2.892553181071256,0.7981449597334073,4.08273381294964,2.904410638900822,4.195729537366548,2.9167379336491317,1.0276764858043175,0.399,0.00951,0.0,0.0,0.0,0.0,0.0,0.0,0.0,0.0,0.0,0.0,0.02355250245338568,16.539744847890066,13.430814524043182,0.00588812561334642,0.0,0.0,0.0,0.0,0.0,0.0,0.0,0.0,0.0,0.0,0.0,0.0,0.0,0.0,0.0,0.0,nan,nan,4.140983606557377,2.9119372359649534,nan,0.399,0.04556,0.0,0.0,0.0,0.0,0.0,0.0,0.0,0.0,0.0,0.0,0.0,0.0,0.0,0.0,0.0,0.0,0.0,0.0,0.0,0.0,0.0,0.0,0.0,0.00011776251226692835,0.0,0.001393523061825319,0.0006182531894013738,9.813542688910697e-05,0.007016683022571148,0.007124631992149166,0.010078508341511286,0.004877330716388616,0.00873405299313052,0.046997055937193326,0.06884200196270854,0.028086359175662413,0.05192345436702649,0.05203140333660451,0.05391560353287537,0.10778213935230618,0.07973503434739941,0.11041216879293425,0.09858684985279687,0.06723258096172718,0.06004906771344455,0.03564278704612365,0.0284396467124632,0.029548577036310107,0.010667320902845927,0.00787046123650638,0.007556427870461236,0.011864573110893032,0.0009322865554465162,0.00026496565260058884,0.0013542688910696762,0.00020608439646712463,0.0,0.0,0.0,0.0,0.0,0.0,0.0,0.0,0.0,0.0,0.0,0.0,0.0,0.0,0.0,0.0,0.0,0.0,0.0,0.0,0.0,0.0,0.0,0.0,0.0,0.0,0.0,0.0,0.0,0.0,0.0,0.0,0.0,0.0,0.0,0.0,0.0,0.0,0.0,0.0,0.0,0.0,0.0,0.0,0.0,nan,nan,4.140983606557377,2.9119372359649534,nan,0.863342018862416,0.036430215803360894,0.0,0.0,0.0,0.0,0.0,0.0,0.0,0.0,0.0,0.0,0.0,0.0,0.0,0.0,0.0,0.0,0.0,0.0,0.0,0.0,0.022556390977443615,0.022556390977443615,0.2593984962406016,0.8571428571428544,4.139097744360903,11.120300751879702,9.744360902255641,2.819548872180452,0.7781954887218047,0.23684210526315794,0.8623308599362384,0.036504697634307436,0.0,0.0,0.0,0.0,0.0,0.0,0.0,0.0,0.0,0.0,0.0,0.0,0.0,0.0,0.0,0.0,0.0,0.0,0.0,0.0,0.0,0.04928131416837783,0.23408624229979472,1.0595482546201198,3.86858316221766,11.35934291581109,9.609856262833677,2.981519507186859,0.566735112936345,0.27104722792607805,0.399,0.009415,0.0,0.0,0.0,0.0,0.0,0.0,0.0,0.0,0.0,0.0,0.04511278195488723,16.13909774436088,13.815789473684212,0.0,0.0,0.0,0.0,0.0,0.0,0.0,0.0,0.0,0.0,0.0,0.0,0.0,0.0,0.0,0.0,0.0,0.3987,0.009605,0.0,0.0,0.0,0.0,0.0,0.0,0.0,0.0,0.0,0.0,0.0,16.977412731006137,13.010266940451748,0.012320328542094458,0.0,0.0,0.0,0.0,0.0,0.0,0.0,0.0,0.0,0.0,0.0,0.0,0.0,0.0,0.0,0.0
26400,4058,2073,0.5108427796944307,957,834,0.4413504189255791,1122,0.5529817644159685,0.438,2.8977329974811084,3.0607813986006054,6.52434456928839,2.1214013461705394,8370.688072942334,506.58084473557983,7853.0,8866.4,8866.399999999998,1.8189894035458565e-12,7853.0,0.0,27.8876293740759,21.022851041026605,32.98141044555916,19.26593126893967,0.1429275505174963,0.09906357811729916,0.0929029078363726,0.08624938393297191,0.08206012814194184,0.08082799408575653,0.06628881222276983,0.061113849186791525,0.0527353376047314,0.049038935436175456,0.04879250862493839,0.04115327747658945,0.029817644159684575,0.027846229669788072,0.022671266633809757,0.011089206505667817,0.005421389847215377,0.8638980589869458,0.0349574090454023,0.0,0.0,0.0,0.0,0.0,0.0,0.0,0.0,0.0,0.0,0.0,0.0,0.0,0.0,0.0,0.0,0.0,0.0,0.0,0.0,0.007392804337111879,0.029571217348447518,0.22917693445046827,0.7614588467225211,3.69640216855594,11.547560374568755,9.79546574667324,3.0532281912272063,0.6801379990142928,0.19960571710202077,4.221964423820572,2.8317469118184944,5.214285714285714,2.30460940070024,1.235037814356371,4.1266209000762775,2.8174812434646053,4.329712955779674,2.839223223597666,1.0492150988959617,0.3984,0.0095,0.0,0.0,0.0,0.0,0.0,0.0,0.0,0.0,0.0,0.0,0.014785608674223759,16.959093149334624,13.011335633316909,0.014785608674223759,0.0,0.0,0.0,0.0,0.0,0.0,0.0,0.0,0.0,0.0,0.0,0.0,0.0,0.0,0.0,0.0,nan,nan,4.227307692307693,2.8301033654570986,nan,0.3984,0.04526,0.0,0.0,0.0,0.0,0.0,0.0,0.0,0.0,0.0,0.0,0.0,0.0,0.0,0.0,0.0,0.0,0.0,0.0,0.0,0.0,0.0,0.0,0.0,4.928536224741252e-05,0.0,0.0014169541646131098,0.00046821094135041894,8.62493839329719e-05,0.006924593395761459,0.007134056185312962,0.010584031542631838,0.0049162148841793984,0.009943321833415475,0.04621734844751109,0.07190734351897486,0.02625677673730902,0.0513676688023657,0.052723016264169545,0.05434943321833415,0.11182848693937901,0.07668802365697387,0.10857565303104978,0.0958723509117792,0.0700591424346969,0.060091177920157716,0.03617545588960079,0.029189255791030065,0.02944800394282898,0.010448496796451453,0.007848693937900443,0.007171020206998522,0.009610645638245442,0.0008871365204534253,0.00022178413011335633,0.0012198127156234598,0.0003203548546081814,0.0,0.0,0.0,0.0,0.0,0.0,0.0,0.0,0.0,0.0,0.0,0.0,0.0,0.0,0.0,0.0,0.0,0.0,0.0,0.0,0.0,0.0,0.0,0.0,0.0,0.0,0.0,0.0,0.0,0.0,0.0,0.0,0.0,0.0,0.0,0.0,0.0,0.0,0.0,0.0,0.0,0.0,0.0,0.0,0.0,nan,nan,4.227307692307693,2.8301033654570986,nan,0.8643842156072544,0.03456664515304979,0.0,0.0,0.0,0.0,0.0,0.0,0.0,0.0,0.0,0.0,0.0,0.0,0.0,0.0,0.0,0.0,0.0,0.0,0.0,0.0,0.0,0.0,0.21707670043415345,0.7380607814761193,3.7916063675832135,11.201157742402318,9.95658465991317,3.2706222865412453,0.6367583212735167,0.18813314037626633,0.8633903498313289,0.03535375149860484,0.0,0.0,0.0,0.0,0.0,0.0,0.0,0.0,0.0,0.0,0.0,0.0,0.0,0.0,0.0,0.0,0.0,0.0,0.0,0.0,0.015113350125944587,0.06045340050377835,0.2418136020151134,0.785894206549116,3.596977329974812,11.909319899244334,9.627204030226702,2.826196473551638,0.7254408060453401,0.21158690176322423,0.3984,0.00964,0.0,0.0,0.0,0.0,0.0,0.0,0.0,0.0,0.0,0.0,0.028943560057887126,16.714905933429787,13.227206946454418,0.028943560057887126,0.0,0.0,0.0,0.0,0.0,0.0,0.0,0.0,0.0,0.0,0.0,0.0,0.0,0.0,0.0,0.0,0.3984,0.009346,0.0,0.0,0.0,0.0,0.0,0.0,0.0,0.0,0.0,0.0,0.0,17.214105793450855,12.785894206549122,0.0,0.0,0.0,0.0,0.0,0.0,0.0,0.0,0.0,0.0,0.0,0.0,0.0,0.0,0.0,0.0,0.0
26500,4201,2217,0.5277314925017853,1037,795,0.4360866460366579,1132,0.5389193049273983,0.43,3.0443548387096775,3.1578193379076773,6.665511265164644,2.1705623364600437,8387.803094501309,505.9200589811104,7853.0,8866.4,8866.399999999998,1.8189894035458565e-12,7853.0,0.0,28.62104260890264,21.220814001299217,33.45022497187851,19.481511741248823,0.13282551773387288,0.09711973339681028,0.09973815758152821,0.08283741966198524,0.0745060699833373,0.07617233991906688,0.06831706736491312,0.060223756248512256,0.056653177814806,0.05451083075458224,0.05165436800761723,0.04665555820042847,0.03308736015234468,0.029754820280885504,0.015472506546060461,0.010949773863365866,0.00952154248988336,0.864678487142646,0.034223937354922906,0.0,0.0,0.0,0.0,0.0,0.0,0.0,0.0,0.0,0.0,0.0,0.0,0.0,0.0,0.0,0.0,0.0,0.0,0.0,0.0,0.0,0.021423470602237565,0.1285408236134254,0.8712211378243249,3.7919542965960495,11.075934301356822,10.404665555820044,2.8421804332301837,0.6212806474648894,0.24279933349202576,4.1730345334313,2.9389765105799297,3.6666666666666665,2.6246692913372702,0.878657158787452,4.239385065885798,2.9701690458045396,4.102639296187683,2.9051009969438377,0.9677439610762175,0.3992,0.00935,0.0,0.0,0.0,0.0,0.0,0.0,0.0,0.0,0.0,0.0,0.014282313734825046,16.12473220661745,13.860985479647706,0.0,0.0,0.0,0.0,0.0,0.0,0.0,0.0,0.0,0.0,0.0,0.0,0.0,0.0,0.0,0.0,0.0,nan,nan,4.171365800073233,2.9381392621065356,nan,0.3992,0.0453,0.0,0.0,0.0,0.0,0.0,0.0,0.0,0.0,0.0,0.0,0.0,0.0,0.0,0.0,0.0,0.0,0.0,0.0,0.0,0.0,0.0,0.0,0.0,3.57057843370626e-05,1.1901928112354201e-05,0.0013925255891454416,0.0005117829088312307,3.57057843370626e-05,0.007164960723637229,0.006593668174244227,0.009128778862175672,0.005415377291121162,0.010830754582242324,0.04651273506308022,0.0687098309926208,0.02538681266365151,0.05318971673411092,0.049428707450607,0.05637943346822185,0.10590335634372769,0.07951678171863842,0.10614139490597477,0.09850035705784337,0.06836467507736253,0.06419900023803857,0.0376815044037134,0.0301713877648179,0.02943346822185194,0.010997381575815281,0.008759819090692691,0.007914782194715544,0.008914544156153297,0.0008926446084265652,0.0001547250654606046,0.0014996429421566294,0.00021423470602237562,1.1901928112354201e-05,0.0,0.0,0.0,0.0,0.0,0.0,0.0,0.0,0.0,0.0,0.0,0.0,0.0,0.0,0.0,0.0,0.0,0.0,0.0,0.0,0.0,0.0,0.0,0.0,0.0,0.0,0.0,0.0,0.0,0.0,0.0,0.0,0.0,0.0,0.0,0.0,0.0,0.0,0.0,0.0,0.0,0.0,0.0,0.0,nan,nan,4.171365800073233,2.9381392621065356,nan,0.8643131185126401,0.03396994785631559,0.0,0.0,0.0,0.0,0.0,0.0,0.0,0.0,0.0,0.0,0.0,0.0,0.0,0.0,0.0,0.0,0.0,0.0,0.0,0.0,0.0,0.027063599458728018,0.14884979702300408,0.7983761840324739,3.9918809201623824,10.987821380243574,10.514208389715835,2.6792963464140733,0.6359945872801084,0.21650879566982414,0.8650867644877683,0.03450096623875634,0.0,0.0,0.0,0.0,0.0,0.0,0.0,0.0,0.0,0.0,0.0,0.0,0.0,0.0,0.0,0.0,0.0,0.0,0.0,0.0,0.0,0.015120967741935488,0.10584677419354842,0.9526209677419325,3.568548387096775,11.174395161290324,10.282258064516132,3.0241935483870974,0.6048387096774195,0.27217741935483875,0.399,0.0094,0.0,0.0,0.0,0.0,0.0,0.0,0.0,0.0,0.0,0.0,0.013531799729364009,16.72530446549389,13.261163734776728,0.0,0.0,0.0,0.0,0.0,0.0,0.0,0.0,0.0,0.0,0.0,0.0,0.0,0.0,0.0,0.0,0.0,0.3997,0.00928,0.0,0.0,0.0,0.0,0.0,0.0,0.0,0.0,0.0,0.0,0.015120967741935488,15.453629032258043,14.531250000000004,0.0,0.0,0.0,0.0,0.0,0.0,0.0,0.0,0.0,0.0,0.0,0.0,0.0,0.0,0.0,0.0,0.0
26600,4231,2214,0.5232805483337273,1037,839,0.4433939966910896,1178,0.5568423540534153,0.39399999999999996,3.0118988596926126,3.08560031671478,6.5574324324324325,2.0981198538477965,8383.292507681397,506.1504554787074,7853.0,8866.4,8866.400000000001,1.8189894035458565e-12,7853.0,0.0,27.837390687780665,20.860365270833938,32.84500282326369,19.110247372660062,0.14086504372488773,0.1009217679035689,0.09335854407941385,0.08484991727723942,0.08201370834318128,0.07586858898605531,0.07185062632947294,0.05766958165918223,0.05790593240368707,0.05577877570314346,0.04585204443393997,0.043961238477901204,0.02765303710706689,0.02221696998345545,0.021744268494445756,0.011581186480737414,0.00590876861262113,0.8639505731245215,0.03386832325856847,0.0,0.0,0.0,0.0,0.0,0.0,0.0,0.0,0.0,0.0,0.0,0.0,0.0,0.0,0.0,0.0,0.0,0.0,0.0,0.0,0.0,0.014181044670290716,0.19144410304892465,0.8579532025525853,3.538170645237533,11.373197825573152,10.267076341290476,3.077286693453085,0.5388796974710471,0.14181044670290713,4.3226401179941005,2.8851344335045286,4.333333333333333,2.2852182001336816,1.002473769512923,4.328260869565217,2.876478551890019,4.319371727748691,2.8912769889729226,0.9979462555320934,0.3994,0.00984,0.0,0.0,0.0,0.0,0.0,0.0,0.0,0.0,0.0,0.0,0.02127156700543607,15.457338690616853,14.514299220042547,0.007090522335145358,0.0,0.0,0.0,0.0,0.0,0.0,0.0,0.0,0.0,0.0,0.0,0.0,0.0,0.0,0.0,0.0,nan,nan,4.322663723325975,2.8839475997574646,nan,0.3994,0.0455,0.0,0.0,0.0,0.0,0.0,0.0,0.0,0.0,0.0,0.0,0.0,0.0,0.0,0.0,0.0,0.0,0.0,0.0,0.0,0.0,0.0,0.0,0.0,0.0,0.0,0.0008508626802174427,0.0007681399196407468,3.545261167572678e-05,0.008378633892696762,0.006239659654927913,0.008295911132120066,0.0056487827936658,0.011226660363980146,0.04722287875206807,0.06538643346726543,0.02592767667218152,0.054195225714961,0.050059087686126214,0.05807137792484046,0.10085086268021744,0.08292365870952494,0.10631056487827936,0.09428031198298274,0.06894351217206335,0.06406286929803828,0.03997872843299456,0.02943748522807847,0.029354762467501773,0.012042070432521862,0.009194043961238478,0.008236823445993855,0.00935948948239187,0.001004490664145592,0.0001772630583786339,0.001229023871425195,0.0003072559678562987,0.0,0.0,0.0,0.0,0.0,0.0,0.0,0.0,0.0,0.0,0.0,0.0,0.0,0.0,0.0,0.0,0.0,0.0,0.0,0.0,0.0,0.0,0.0,0.0,0.0,0.0,0.0,0.0,0.0,0.0,0.0,0.0,0.0,0.0,0.0,0.0,0.0,0.0,0.0,0.0,0.0,0.0,0.0,0.0,0.0,nan,nan,4.322663723325975,2.8839475997574646,nan,0.8633656097136861,0.03332821102550857,0.0,0.0,0.0,0.0,0.0,0.0,0.0,0.0,0.0,0.0,0.0,0.0,0.0,0.0,0.0,0.0,0.0,0.0,0.0,0.0,0.0,0.013550135501355016,0.1626016260162602,0.7994579945799434,3.83468834688347,11.28726287262873,10.257452574525747,3.048780487804879,0.4878048780487806,0.10840108401084013,0.8645926697985867,0.034440004284015606,0.0,0.0,0.0,0.0,0.0,0.0,0.0,0.0,0.0,0.0,0.0,0.0,0.0,0.0,0.0,0.0,0.0,0.0,0.0,0.0,0.0,0.014873574615765993,0.2231036192364899,0.9221616261774885,3.2126921170054548,11.467526028755579,10.277640059494301,3.1085770946950926,0.5949429846306397,0.1784828953891919,0.3994,0.01008,0.0,0.0,0.0,0.0,0.0,0.0,0.0,0.0,0.0,0.0,0.027100271002710032,15.257452574525722,14.701897018970193,0.013550135501355016,0.0,0.0,0.0,0.0,0.0,0.0,0.0,0.0,0.0,0.0,0.0,0.0,0.0,0.0,0.0,0.0,0.3997,0.009575,0.0,0.0,0.0,0.0,0.0,0.0,0.0,0.0,0.0,0.0,0.014873574615765993,15.676747645017329,14.308378780366885,0.0,0.0,0.0,0.0,0.0,0.0,0.0,0.0,0.0,0.0,0.0,0.0,0.0,0.0,0.0,0.0,0.0
26700,4101,2194,0.5349914654962205,1011,837,0.45062179956108267,1146,0.5588880760790051,0.426,3.0262191924488726,3.1398690549800596,6.685393258426966,2.164207507088293,8395.160351133869,505.457667364402,7853.0,8866.4,8866.4,0.0,7853.0,0.0,27.928310168251645,20.79473726862333,32.972044263249856,18.958368056095956,0.1445988783223604,0.09509875640087784,0.08997805413313825,0.09119726895879054,0.07973664959765911,0.06949524506217995,0.06876371616678859,0.06681297244574494,0.059741526456961715,0.05218239453791758,0.05047549378200439,0.03779565959522068,0.03730797366495977,0.025359668373567422,0.01633747866374055,0.010241404535479151,0.00487685930260912,0.8645922493510233,0.03485969650106843,0.0,0.0,0.0,0.0,0.0,0.0,0.0,0.0,0.0,0.0,0.0,0.0,0.0,0.0,0.0,0.0,0.0,0.0,0.0,0.0,0.0,0.04389173372348208,0.1170446232626189,0.8632040965618115,3.5479151426481357,11.382589612289687,10.226773957571325,2.9114850036576447,0.6510607168983176,0.2560351133869788,4.2236941710825135,2.9469699051459313,4.0,3.40587727318528,0.9470382650775159,4.270722433460076,2.951782707296338,4.175898203592815,2.946334361418984,0.9777966769452549,0.3997,0.00981,0.0,0.0,0.0,0.0,0.0,0.0,0.0,0.0,0.0,0.0,0.0365764447695684,15.566934893928288,14.396488661302126,0.0,0.0,0.0,0.0,0.0,0.0,0.0,0.0,0.0,0.0,0.0,0.0,0.0,0.0,0.0,0.0,0.0,nan,nan,4.222850678733032,2.948866339478682,nan,0.3997,0.0452,0.0,0.0,0.0,0.0,0.0,0.0,0.0,0.0,0.0,0.0,0.0,0.0,0.0,0.0,0.0,0.0,0.0,0.0,0.0,0.0,0.0,0.0,0.0,4.87685930260912e-05,0.0,0.001085101194830529,0.0008900268227261644,0.0,0.006827603023652768,0.005730309680565716,0.008485735186539868,0.005693733235796148,0.01202145818093148,0.04859790295049988,0.06254572055596196,0.025249939039258717,0.05569373323579615,0.05025603511338698,0.05436478907583516,0.10028041940990003,0.08747866374055109,0.10542550597415265,0.09530602292123873,0.07181175323091929,0.06169227017800537,0.04131919044135577,0.028407705437698123,0.029870763228480857,0.012448183369909778,0.008693001706900755,0.008790538892952938,0.008729578151670324,0.0007924896366739819,0.0002682272616435016,0.0008412582297000732,0.0003535722994391612,0.0,0.0,0.0,0.0,0.0,0.0,0.0,0.0,0.0,0.0,0.0,0.0,0.0,0.0,0.0,0.0,0.0,0.0,0.0,0.0,0.0,0.0,0.0,0.0,0.0,0.0,0.0,0.0,0.0,0.0,0.0,0.0,0.0,0.0,0.0,0.0,0.0,0.0,0.0,0.0,0.0,0.0,0.0,0.0,0.0,nan,nan,4.222850678733032,2.948866339478682,nan,0.8638115658364518,0.03488893112130175,0.0,0.0,0.0,0.0,0.0,0.0,0.0,0.0,0.0,0.0,0.0,0.0,0.0,0.0,0.0,0.0,0.0,0.0,0.0,0.0,0.0,0.0683682771194166,0.09571558796718325,0.8887876025524128,3.760255241567913,11.157702825888789,10.405651777575207,2.762078395624431,0.642661804922516,0.21877848678213313,0.8654904243017155,0.03480437587281292,0.0,0.0,0.0,0.0,0.0,0.0,0.0,0.0,0.0,0.0,0.0,0.0,0.0,0.0,0.0,0.0,0.0,0.0,0.0,0.0,0.0,0.01573151546932355,0.14158363922391193,0.8337703198741453,3.3036182485579455,11.641321447299426,10.0209753539591,3.0833770319874154,0.660723649711589,0.2988987939171474,0.3997,0.00977,0.0,0.0,0.0,0.0,0.0,0.0,0.0,0.0,0.0,0.0,0.02734731084776664,15.533272561531426,14.439380127620787,0.0,0.0,0.0,0.0,0.0,0.0,0.0,0.0,0.0,0.0,0.0,0.0,0.0,0.0,0.0,0.0,0.0,0.3997,0.00986,0.0,0.0,0.0,0.0,0.0,0.0,0.0,0.0,0.0,0.0,0.04719454640797064,15.605663345568933,14.347142108023077,0.0,0.0,0.0,0.0,0.0,0.0,0.0,0.0,0.0,0.0,0.0,0.0,0.0,0.0,0.0,0.0,0.0
26800,4168,2161,0.5184740882917467,1040,839,0.45081573896353166,1160,0.5566218809980806,0.422,3.0209267563527655,3.1356256186041134,6.570190641247834,2.30040584130564,8378.421641074854,506.35401662815315,7853.0,8866.4,8866.4,0.0,7853.0,0.0,28.29246641074856,20.918086308258115,33.183034443495586,19.1408052771803,0.13795585412667946,0.09213051823416507,0.09380998080614203,0.08877159309021113,0.08013435700575816,0.07605566218809981,0.07365642994241843,0.06525911708253358,0.0508637236084453,0.052783109404990404,0.051583493282149714,0.04030710172744722,0.03574856046065259,0.024712092130518233,0.01583493282149712,0.014395393474088292,0.005998080614203455,0.866189966275001,0.03401774414191725,0.0,0.0,0.0,0.0,0.0,0.0,0.0,0.0,0.0,0.0,0.0,0.0,0.0,0.0,0.0,0.0,0.0,0.0,0.0,0.0,0.014395393474088296,0.014395393474088296,0.10796545105566221,0.6909788867562359,3.3469289827255286,11.127639155470252,10.71017274472169,3.159788867562381,0.5326295585412669,0.29510556621881,4.20124633431085,2.926175964980419,4.0,3.4641016151377544,0.9520984207311753,4.219298245614035,2.9047010855559083,4.182284040995608,2.9499995376568733,0.9912274026476077,0.3992,0.009415,0.0,0.0,0.0,0.0,0.0,0.0,0.0,0.0,0.0,0.0,0.0,16.079654510556598,13.913147792706338,0.007197696737044148,0.0,0.0,0.0,0.0,0.0,0.0,0.0,0.0,0.0,0.0,0.0,0.0,0.0,0.0,0.0,0.0,nan,nan,4.2008046817849305,2.927479862095955,nan,0.3992,0.04498,0.0,0.0,0.0,0.0,0.0,0.0,0.0,0.0,0.0,0.0,0.0,0.0,0.0,0.0,0.0,0.0,0.0,0.0,0.0,0.0,0.0,0.0,0.0,8.397312859884837e-05,0.0,0.0010316698656429942,0.0009956813819577736,2.399232245681382e-05,0.006118042226487524,0.0062859884836852205,0.009716890595009598,0.0051463531669865645,0.012859884836852208,0.052111324376199614,0.05909309021113244,0.02353646833013436,0.05613003838771593,0.04914827255278311,0.05664587332053743,0.1001679462571977,0.08803982725527831,0.10785748560460652,0.094781669865643,0.07010556621880998,0.062332053742802304,0.04255038387715931,0.028550863723608447,0.030254318618042227,0.010436660268714011,0.007821497120921304,0.00900911708253359,0.006573896353166986,0.0012116122840690978,0.0002519193857965451,0.0007437619961612284,0.0003718809980806142,0.0,1.199616122840691e-05,0.0,0.0,0.0,0.0,0.0,0.0,0.0,0.0,0.0,0.0,0.0,0.0,0.0,0.0,0.0,0.0,0.0,0.0,0.0,0.0,0.0,0.0,0.0,0.0,0.0,0.0,0.0,0.0,0.0,0.0,0.0,0.0,0.0,0.0,0.0,0.0,0.0,0.0,0.0,0.0,0.0,0.0,0.0,nan,nan,4.2008046817849305,2.927479862095955,nan,0.8661343838428248,0.033511649754146854,0.0,0.0,0.0,0.0,0.0,0.0,0.0,0.0,0.0,0.0,0.0,0.0,0.0,0.0,0.0,0.0,0.0,0.0,0.0,0.0,0.01388246182322999,0.01388246182322999,0.08329477093937993,0.6663581675150372,3.3734382230448876,11.21702915316983,10.578435909301252,3.3179083757519674,0.45812124016658967,0.27764923646459977,0.8662498136272345,0.03455428552673363,0.0,0.0,0.0,0.0,0.0,0.0,0.0,0.0,0.0,0.0,0.0,0.0,0.0,0.0,0.0,0.0,0.0,0.0,0.0,0.0,0.014947683109118091,0.014947683109118091,0.1345291479820628,0.7174887892376659,3.318385650224216,11.03139013452915,10.852017937219733,2.9895366218236177,0.6128550074738417,0.3139013452914799,0.399,0.00935,0.0,0.0,0.0,0.0,0.0,0.0,0.0,0.0,0.0,0.0,0.0,16.39518741323459,13.59093012494216,0.01388246182322999,0.0,0.0,0.0,0.0,0.0,0.0,0.0,0.0,0.0,0.0,0.0,0.0,0.0,0.0,0.0,0.0,0.3992,0.00948,0.0,0.0,0.0,0.0,0.0,0.0,0.0,0.0,0.0,0.0,0.0,15.739910313901321,14.260089686098658,0.0,0.0,0.0,0.0,0.0,0.0,0.0,0.0,0.0,0.0,0.0,0.0,0.0,0.0,0.0,0.0,0.0
26900,4301,2238,0.5203441060218554,1104,879,0.4610555684724483,1212,0.5635898628225994,0.38999999999999996,3.0,3.054521532663439,6.512733446519524,1.9885728299679555,8380.31671704255,506.28039758456714,7853.0,8866.4,8866.400000000001,1.8189894035458565e-12,7853.0,0.0,28.497791211346197,20.907048574063232,33.46686913307565,19.02831106109132,0.13950244129272263,0.08974657056498489,0.08718902580795164,0.08416647291327599,0.08114392001860032,0.07812136712392467,0.08091141594977912,0.06486863520111602,0.05673099279237387,0.05115089514066496,0.04673331783306208,0.04161822831899558,0.032783073703789814,0.02394791908858405,0.023017902813299233,0.012555219716345037,0.005812601720530109,0.8666652808408908,0.034167648967177104,0.0,0.0,0.0,0.0,0.0,0.0,0.0,0.0,0.0,0.0,0.0,0.0,0.0,0.0,0.0,0.0,0.0,0.0,0.0,0.0,0.0,0.006975122064636133,0.13252731922808653,0.6765868402697026,3.515461520576611,10.734712857475008,10.664961636828647,3.3480585910253438,0.6696117182050687,0.2511043943269008,4.2088763649172245,2.8737149334450707,3.3333333333333335,1.9720265943665387,0.7919770134181382,4.263829787234043,2.874423200745684,4.153417015341701,2.869092773844488,0.9741047890272453,0.3987,0.00935,0.0,0.0,0.0,0.0,0.0,0.0,0.0,0.0,0.0,0.0,0.02790048825854453,16.656591490351058,13.315508021390377,0.0,0.0,0.0,0.0,0.0,0.0,0.0,0.0,0.0,0.0,0.0,0.0,0.0,0.0,0.0,0.0,0.0,nan,nan,4.207029876977153,2.872392033451381,nan,0.3987,0.04477,0.0,0.0,0.0,0.0,0.0,0.0,0.0,0.0,0.0,0.0,0.0,0.0,0.0,0.0,0.0,0.0,0.0,0.0,0.0,0.0,0.0,0.0,0.0,6.97512206463613e-05,0.0,0.0010462683096954196,0.0008951406649616369,0.0,0.005719600093001627,0.006114857009997675,0.009672169262962101,0.005359218786328761,0.010451057893513136,0.05761450825389444,0.05891653103929319,0.023785166240409206,0.0577423854917461,0.046465938153917696,0.057149500116252035,0.10232504068821205,0.08803766565914904,0.11116019530341781,0.09481515926528715,0.06726342710997442,0.06192745873052778,0.04224598930481283,0.026272959776796095,0.03017902813299233,0.009811671704254824,0.007754010695187166,0.008579400139502442,0.0060683561962334345,0.0012555219716345037,0.00029063008602650547,0.0006858870030225528,0.0003255056963496861,0.0,0.0,0.0,0.0,0.0,0.0,0.0,0.0,0.0,0.0,0.0,0.0,0.0,0.0,0.0,0.0,0.0,0.0,0.0,0.0,0.0,0.0,0.0,0.0,0.0,0.0,0.0,0.0,0.0,0.0,0.0,0.0,0.0,0.0,0.0,0.0,0.0,0.0,0.0,0.0,0.0,0.0,0.0,0.0,0.0,nan,nan,4.207029876977153,2.872392033451381,nan,0.8664541533208511,0.03419952797725079,0.0,0.0,0.0,0.0,0.0,0.0,0.0,0.0,0.0,0.0,0.0,0.0,0.0,0.0,0.0,0.0,0.0,0.0,0.0,0.0,0.0,0.01340482573726542,0.160857908847185,0.7238605898123303,3.4316353887399473,10.777479892761395,10.482573726541556,3.565683646112601,0.6300268096514746,0.2144772117962467,0.8668943178694166,0.03413155524527852,0.0,0.0,0.0,0.0,0.0,0.0,0.0,0.0,0.0,0.0,0.0,0.0,0.0,0.0,0.0,0.0,0.0,0.0,0.0,0.0,0.0,0.0,0.10179350460494428,0.6253029568589413,3.606398448860883,10.688317983519148,10.862821134270481,3.1119728550654395,0.7125545322346098,0.29083858458555506,0.3987,0.00935,0.0,0.0,0.0,0.0,0.0,0.0,0.0,0.0,0.0,0.0,0.05361930294906168,16.581769436997295,13.364611260053623,0.0,0.0,0.0,0.0,0.0,0.0,0.0,0.0,0.0,0.0,0.0,0.0,0.0,0.0,0.0,0.0,0.0,0.3984,0.00936,0.0,0.0,0.0,0.0,0.0,0.0,0.0,0.0,0.0,0.0,0.0,16.737760542898666,13.262239457101312,0.0,0.0,0.0,0.0,0.0,0.0,0.0,0.0,0.0,0.0,0.0,0.0,0.0,0.0,0.0,0.0,0.0
27000,4332,2240,0.5170821791320406,1046,890,0.4469067405355494,1215,0.5609418282548476,0.422,3.018642447418738,3.166829827913561,6.756432246998285,2.246175854098797,8377.01108033241,506.40420268568533,7853.0,8866.4,8866.4,0.0,7853.0,0.0,28.01869806094183,21.048209433899203,33.090182018753445,19.258049015146693,0.14312096029547552,0.09833795013850416,0.09164358264081256,0.08771929824561403,0.07802400738688828,0.07386888273314866,0.07779316712834719,0.06001846722068329,0.054709141274238225,0.049630655586334255,0.04409048938134811,0.038781163434903045,0.034856879039704525,0.029085872576177285,0.02146814404432133,0.01038781163434903,0.006463527239150508,0.8673681793450648,0.03319552306957354,0.0,0.0,0.0,0.0,0.0,0.0,0.0,0.0,0.0,0.0,0.0,0.0,0.0,0.0,0.0,0.0,0.0,0.0,0.0,0.0,0.0,0.0069252077562326885,0.08310249307479226,0.7271468144044299,3.1094182825484773,10.754847645429365,11.101108033241,3.3518005540166214,0.7548476454293631,0.11080332409972302,4.351147776183645,2.934558003664428,6.0,0.0,1.378946500700684,4.254636233951498,2.92245168806959,4.449891852919971,2.942769110680083,1.0458924355060855,0.3992,0.009186,0.0,0.0,0.0,0.0,0.0,0.0,0.0,0.0,0.0,0.0,0.0,16.22576177285316,13.774238227146817,0.0,0.0,0.0,0.0,0.0,0.0,0.0,0.0,0.0,0.0,0.0,0.0,0.0,0.0,0.0,0.0,0.0,nan,nan,4.3517389745428465,2.9341979165353367,nan,0.3992,0.04465,0.0,0.0,0.0,0.0,0.0,0.0,0.0,0.0,0.0,0.0,0.0,0.0,0.0,0.0,0.0,0.0,0.0,0.0,0.0,0.0,0.0,0.0,0.0,0.00012696214219759926,0.0,0.0011195752539242844,0.0004963065558633426,3.462603878116344e-05,0.005551708217913204,0.006244228993536473,0.009475992613111727,0.005170821791320407,0.00894506001846722,0.054743767313019394,0.060156971375807944,0.02412280701754386,0.059452908587257616,0.04379039704524469,0.05998384118190212,0.10259695290858725,0.08701523545706372,0.10947599261311172,0.09405586334256695,0.06621652816251154,0.06545475530932594,0.04440212373037858,0.024803785780240072,0.0316943674976916,0.010941828254847645,0.006371191135734072,0.008529547553093259,0.0062211449676823636,0.001569713758079409,0.0004616805170821791,0.0004385964912280702,0.0003347183748845799,0.0,0.0,0.0,0.0,0.0,0.0,0.0,0.0,0.0,0.0,0.0,0.0,0.0,0.0,0.0,0.0,0.0,0.0,0.0,0.0,0.0,0.0,0.0,0.0,0.0,0.0,0.0,0.0,0.0,0.0,0.0,0.0,0.0,0.0,0.0,0.0,0.0,0.0,0.0,0.0,0.0,0.0,0.0,0.0,0.0,nan,nan,4.3517389745428465,2.9341979165353367,nan,0.866715165892882,0.033429691335849346,0.0,0.0,0.0,0.0,0.0,0.0,0.0,0.0,0.0,0.0,0.0,0.0,0.0,0.0,0.0,0.0,0.0,0.0,0.0,0.0,0.0,0.013392857142857146,0.09375000000000003,0.7499999999999977,3.3080357142857153,10.433035714285715,11.491071428571432,3.0669642857142865,0.6964285714285716,0.1473214285714286,0.8680673906896584,0.03292858955704664,0.0,0.0,0.0,0.0,0.0,0.0,0.0,0.0,0.0,0.0,0.0,0.0,0.0,0.0,0.0,0.0,0.0,0.0,0.0,0.0,0.0,0.0,0.0717017208413002,0.7026768642447397,2.896749521988528,11.09942638623327,10.68355640535373,3.6567877629063106,0.8173996175908224,0.0717017208413002,0.3992,0.00926,0.0,0.0,0.0,0.0,0.0,0.0,0.0,0.0,0.0,0.0,0.0,15.883928571428548,14.116071428571432,0.0,0.0,0.0,0.0,0.0,0.0,0.0,0.0,0.0,0.0,0.0,0.0,0.0,0.0,0.0,0.0,0.0,0.399,0.009094,0.0,0.0,0.0,0.0,0.0,0.0,0.0,0.0,0.0,0.0,0.0,16.59177820267684,13.408221797323138,0.0,0.0,0.0,0.0,0.0,0.0,0.0,0.0,0.0,0.0,0.0,0.0,0.0,0.0,0.0,0.0,0.0
27100,4374,2255,0.515546410608139,1064,889,0.44650205761316875,1230,0.5624142661179699,0.418,2.9447852760736195,3.0671684593986175,6.436548223350254,2.2301466867204978,8375.454732510289,506.4550112335044,7853.0,8866.4,8866.4,0.0,7853.0,0.0,28.378600823045268,20.846517293620384,33.21915584415584,19.041425589091016,0.1364883401920439,0.09739368998628258,0.09099222679469593,0.08184727937814358,0.08299039780521263,0.0772748056698674,0.06584362139917696,0.06744398719707362,0.058070416095107456,0.0541838134430727,0.047325102880658436,0.041609510745313216,0.037951531778692274,0.03040695016003658,0.014631915866483767,0.010059442158207591,0.0054869684499314125,0.8662973035537439,0.033371796920539556,0.0,0.0,0.0,0.0,0.0,0.0,0.0,0.0,0.0,0.0,0.0,0.0,0.0,0.0,0.0,0.0,0.0,0.0,0.0,0.0,0.006858710562414268,0.02743484224965707,0.09602194787379975,0.6515775034293533,3.4293552812071337,10.953360768175585,10.781893004115227,3.2373113854595346,0.6584362139917697,0.15775034293552814,4.164258019034191,2.854197248390729,3.3333333333333335,2.8087165910587863,0.8004627278370295,4.237134909596662,2.8426682645340153,4.086120996441281,2.8642575083829023,0.9643594276846482,0.399,0.00944,0.0,0.0,0.0,0.0,0.0,0.0,0.0,0.0,0.0,0.0,0.03429355281207134,16.32373113854593,13.641975308641978,0.0,0.0,0.0,0.0,0.0,0.0,0.0,0.0,0.0,0.0,0.0,0.0,0.0,0.0,0.0,0.0,0.0,nan,nan,4.162504396763982,2.8543567460269452,nan,0.399,0.04495,0.0,0.0,0.0,0.0,0.0,0.0,0.0,0.0,0.0,0.0,0.0,0.0,0.0,0.0,0.0,0.0,0.0,0.0,0.0,0.0,0.0,0.0,0.0,1.1431184270690443e-05,0.0,0.0012459990855052583,0.0004572473708276177,2.2862368541380887e-05,0.005864197530864198,0.0070073159579332415,0.010722450845907635,0.00541838134430727,0.008847736625514403,0.054492455418381346,0.059659350708733426,0.025480109739368997,0.058790580704160954,0.041620941929583904,0.05973936899862826,0.10312071330589849,0.08944901691815273,0.10528120713305898,0.09693644261545496,0.06617512574302697,0.0639917695473251,0.04359853680841335,0.024874256973022407,0.031812985825331506,0.011476909007773206,0.005887059899405579,0.008024691358024692,0.006412894375857339,0.0019204389574759945,0.0004000914494741655,0.0008459076360310928,0.0003200731595793324,9.144947416552355e-05,0.0,0.0,0.0,0.0,0.0,0.0,0.0,0.0,0.0,0.0,0.0,0.0,0.0,0.0,0.0,0.0,0.0,0.0,0.0,0.0,0.0,0.0,0.0,0.0,0.0,0.0,0.0,0.0,0.0,0.0,0.0,0.0,0.0,0.0,0.0,0.0,0.0,0.0,0.0,0.0,0.0,0.0,0.0,0.0,nan,nan,4.162504396763982,2.8543567460269452,nan,0.8654911296066318,0.033918393295846706,0.0,0.0,0.0,0.0,0.0,0.0,0.0,0.0,0.0,0.0,0.0,0.0,0.0,0.0,0.0,0.0,0.0,0.0,0.0,0.0,0.01330376940133038,0.039911308203991136,0.09312638580931266,0.6651884700665167,3.6319290465631937,10.909090909090912,10.829268292682928,2.9800443458980053,0.6385809312638582,0.1995565410199557,0.8671552187263432,0.03275832697665475,0.0,0.0,0.0,0.0,0.0,0.0,0.0,0.0,0.0,0.0,0.0,0.0,0.0,0.0,0.0,0.0,0.0,0.0,0.0,0.0,0.0,0.014157621519584713,0.099103350637093,0.63709296838131,3.21378008494573,11.000471920717322,10.731477111845212,3.511090136857009,0.6795658329400662,0.1132609721566777,0.3992,0.009575,0.0,0.0,0.0,0.0,0.0,0.0,0.0,0.0,0.0,0.0,0.05321507760532152,16.031042128603083,13.915742793791578,0.0,0.0,0.0,0.0,0.0,0.0,0.0,0.0,0.0,0.0,0.0,0.0,0.0,0.0,0.0,0.0,0.0,0.3987,0.009285,0.0,0.0,0.0,0.0,0.0,0.0,0.0,0.0,0.0,0.0,0.014157621519584713,16.63520528551201,13.350637092968384,0.0,0.0,0.0,0.0,0.0,0.0,0.0,0.0,0.0,0.0,0.0,0.0,0.0,0.0,0.0,0.0,0.0
27200,4375,2240,0.512,1063,894,0.4473142857142857,1234,0.5641142857142857,0.41,3.034192037470726,3.1068786704974283,6.565916398713826,2.192063082789185,8371.8608,506.55404938008326,7853.0,8866.4,8866.4,0.0,7853.0,0.0,28.205485714285714,20.960426758702667,32.93416082029142,19.283005607155452,0.1334857142857143,0.09371428571428571,0.09897142857142857,0.0896,0.08251428571428572,0.07725714285714286,0.07222857142857143,0.06285714285714286,0.05462857142857143,0.048228571428571426,0.046857142857142854,0.03977142857142857,0.03337142857142857,0.0272,0.02034285714285714,0.010742857142857143,0.008228571428571429,0.8655741626739502,0.03441843143118004,0.0,0.0,0.0,0.0,0.0,0.0,0.0,0.0,0.0,0.0,0.0,0.0,0.0,0.0,0.0,0.0,0.0,0.0,0.0,0.0,0.0,0.05485714285714287,0.14400000000000002,0.6514285714285695,3.5725714285714294,11.170285714285717,10.48457142857143,2.9417142857142866,0.8091428571428574,0.17142857142857146,4.254770318021201,2.847062251364948,4.3,2.7946377224964243,1.0106303463167512,4.2556022408963585,2.8172270648254276,4.255846917080085,2.8769519935452132,1.000057495078223,0.3994,0.00951,0.0,0.0,0.0,0.0,0.0,0.0,0.0,0.0,0.0,0.0,0.0,15.89485714285712,14.098285714285717,0.0068571428571428585,0.0,0.0,0.0,0.0,0.0,0.0,0.0,0.0,0.0,0.0,0.0,0.0,0.0,0.0,0.0,0.0,nan,nan,4.254929577464789,2.846880612247865,nan,0.3994,0.0448,0.0,0.0,0.0,0.0,0.0,0.0,0.0,0.0,0.0,0.0,0.0,0.0,0.0,0.0,0.0,0.0,0.0,0.0,0.0,0.0,0.0,8e-05,0.0,0.0,0.0,0.0012457142857142858,0.00011428571428571428,0.0,0.005657142857142857,0.006822857142857143,0.00968,0.005017142857142857,0.0088,0.05683428571428571,0.05733714285714286,0.025302857142857144,0.05610285714285714,0.04011428571428571,0.06417142857142857,0.1008,0.08937142857142857,0.10876571428571429,0.09377142857142858,0.06626285714285714,0.06546285714285714,0.043222857142857146,0.025954285714285714,0.03409142857142857,0.010742857142857143,0.0057942857142857145,0.009188571428571428,0.006297142857142857,0.0013942857142857142,0.00018285714285714286,0.0011657142857142858,0.00017142857142857143,8e-05,0.0,0.0,0.0,0.0,0.0,0.0,0.0,0.0,0.0,0.0,0.0,0.0,0.0,0.0,0.0,0.0,0.0,0.0,0.0,0.0,0.0,0.0,0.0,0.0,0.0,0.0,0.0,0.0,0.0,0.0,0.0,0.0,0.0,0.0,0.0,0.0,0.0,0.0,0.0,0.0,0.0,0.0,0.0,0.0,nan,nan,4.254929577464789,2.846880612247865,nan,0.8659822092258505,0.03441810479636632,0.0,0.0,0.0,0.0,0.0,0.0,0.0,0.0,0.0,0.0,0.0,0.0,0.0,0.0,0.0,0.0,0.0,0.0,0.0,0.0,0.0,0.04017857142857143,0.1473214285714286,0.6294642857142838,3.5491071428571437,11.169642857142861,10.379464285714286,3.0535714285714293,0.8839285714285716,0.1473214285714286,0.8651460482588418,0.03441357348226595,0.0,0.0,0.0,0.0,0.0,0.0,0.0,0.0,0.0,0.0,0.0,0.0,0.0,0.0,0.0,0.0,0.0,0.0,0.0,0.0,0.0,0.07025761124121781,0.14051522248243561,0.6744730679156887,3.597189695550352,11.170960187353632,10.594847775175646,2.824355971896956,0.7306791569086654,0.1967213114754099,0.3994,0.00956,0.0,0.0,0.0,0.0,0.0,0.0,0.0,0.0,0.0,0.0,0.0,15.669642857142835,14.316964285714288,0.013392857142857146,0.0,0.0,0.0,0.0,0.0,0.0,0.0,0.0,0.0,0.0,0.0,0.0,0.0,0.0,0.0,0.0,0.3994,0.009445,0.0,0.0,0.0,0.0,0.0,0.0,0.0,0.0,0.0,0.0,0.0,16.131147540983584,13.868852459016397,0.0,0.0,0.0,0.0,0.0,0.0,0.0,0.0,0.0,0.0,0.0,0.0,0.0,0.0,0.0,0.0,0.0
27300,4295,2197,0.5115250291036089,1041,870,0.44493597206053553,1207,0.5620488940628638,0.40599999999999997,3.0390848427073403,3.126564054195075,6.558587479935794,2.2102967694317486,8371.379464493597,506.56537594780656,7853.0,8866.4,8866.399999999998,1.8189894035458565e-12,7853.0,0.0,28.359953434225844,21.046284776848207,33.23365517241379,19.286393946699857,0.1359720605355064,0.09755529685681025,0.08963911525029103,0.0889406286379511,0.0840512223515716,0.07543655413271246,0.06286379511059371,0.06589057043073342,0.05681024447031432,0.05448195576251455,0.044935972060535505,0.04470314318975553,0.0339930151338766,0.027240977881257275,0.018859138533178114,0.010942956926658906,0.007683352735739232,0.8648307992498866,0.0342007184368942,0.0,0.0,0.0,0.0,0.0,0.0,0.0,0.0,0.0,0.0,0.0,0.0,0.0,0.0,0.0,0.0,0.0,0.0,0.0,0.0,0.0,0.03492433061699651,0.12572759022118746,0.7543655413271222,3.778812572759023,11.0151338766007,10.61699650756694,2.919674039580909,0.530849825378347,0.2235157159487777,4.272172351885099,2.8942891430443467,3.888888888888889,2.1314806770278754,0.9102837078127042,4.205420827389443,2.8837236688147887,4.336925287356322,2.8992892064200833,1.0312702260640372,0.3992,0.009605,0.0,0.0,0.0,0.0,0.0,0.0,0.0,0.0,0.0,0.0,0.013969732246798606,16.002328288707776,13.976717112922005,0.006984866123399303,0.0,0.0,0.0,0.0,0.0,0.0,0.0,0.0,0.0,0.0,0.0,0.0,0.0,0.0,0.0,0.0,nan,nan,4.2709377236936295,2.892236550339957,nan,0.3992,0.04416,0.0,0.0,0.0,0.0,0.0,0.0,0.0,0.0,0.0,0.0,0.0,0.0,0.0,0.0,0.0,0.0,0.0,0.0,0.0,0.0,0.0,5.820721769499418e-05,0.0,0.0,0.0,0.0013853317811408615,0.00011641443538998836,0.0,0.00590221187427241,0.005552968568102445,0.008451688009313155,0.006228172293364377,0.008859138533178114,0.05811408614668219,0.053864959254947616,0.023271245634458673,0.05832363213038417,0.038975552968568104,0.06585564610011642,0.10161816065192084,0.0930034924330617,0.10670547147846333,0.0980325960419092,0.06918509895227008,0.06573923166472642,0.03958090803259604,0.024819557625145518,0.0339930151338766,0.010582072176949942,0.005087310826542491,0.008067520372526194,0.006111757857974389,0.0010477299185098952,0.00033760186263096626,0.0010128055878928987,9.313154831199069e-05,2.3282887077997672e-05,0.0,0.0,0.0,0.0,0.0,0.0,0.0,0.0,0.0,0.0,0.0,0.0,0.0,0.0,0.0,0.0,0.0,0.0,0.0,0.0,0.0,0.0,0.0,0.0,0.0,0.0,0.0,0.0,0.0,0.0,0.0,0.0,0.0,0.0,0.0,0.0,0.0,0.0,0.0,0.0,0.0,0.0,0.0,0.0,nan,nan,4.2709377236936295,2.892236550339957,nan,0.8649904458534734,0.034436237259631367,0.0,0.0,0.0,0.0,0.0,0.0,0.0,0.0,0.0,0.0,0.0,0.0,0.0,0.0,0.0,0.0,0.0,0.0,0.0,0.0,0.0,0.027309968138370513,0.1228948566226673,0.8329540282202978,3.959945380063724,10.623577605826128,10.73281747837961,2.963131543013201,0.4915794264906692,0.2457897132453346,0.864663619274634,0.033951530202111,0.0,0.0,0.0,0.0,0.0,0.0,0.0,0.0,0.0,0.0,0.0,0.0,0.0,0.0,0.0,0.0,0.0,0.0,0.0,0.0,0.0,0.04289799809342231,0.12869399428026695,0.6720686367969474,3.5891325071496674,11.425166825548143,10.49571020019066,2.874165872259295,0.5719733079122975,0.20019065776930414,0.3992,0.00966,0.0,0.0,0.0,0.0,0.0,0.0,0.0,0.0,0.0,0.0,0.013654984069185257,16.30405097860717,13.668639053254442,0.013654984069185257,0.0,0.0,0.0,0.0,0.0,0.0,0.0,0.0,0.0,0.0,0.0,0.0,0.0,0.0,0.0,0.0,0.3994,0.00954,0.0,0.0,0.0,0.0,0.0,0.0,0.0,0.0,0.0,0.0,0.014299332697807438,15.686367969494732,14.29933269780744,0.0,0.0,0.0,0.0,0.0,0.0,0.0,0.0,0.0,0.0,0.0,0.0,0.0,0.0,0.0,0.0,0.0
27400,4417,2257,0.5109803033733303,1075,930,0.45392800543355216,1264,0.5723341634593616,0.40599999999999997,2.899537037037037,3.042842203360894,6.412671232876712,2.171399646808195,8370.827439438532,506.5778026044386,7853.0,8866.4,8866.399999999998,1.8189894035458565e-12,7853.0,0.0,28.018111840615802,20.926905526786406,33.2173322466721,19.042640311004842,0.1451211229341182,0.09304958116368577,0.09282318315598823,0.08399366085578447,0.08195607878650668,0.06927779035544487,0.07312655648630292,0.070183382386235,0.0568258999320806,0.05456191985510527,0.04120443740095087,0.039619651347068144,0.03486529318541997,0.02694136291600634,0.02014942268508037,0.00996151233869142,0.006339144215530904,0.8637687499797908,0.033942876844930366,0.0,0.0,0.0,0.0,0.0,0.0,0.0,0.0,0.0,0.0,0.0,0.0,0.0,0.0,0.0,0.0,0.0,0.0,0.0,0.0,0.0,0.040751641385555815,0.17659044600407522,0.7267376047090763,3.7899026488566907,11.512338691419519,10.113199003848768,2.7982793751414996,0.6656101426307449,0.17659044600407522,4.1988834612700625,2.8573088189845315,4.777777777777778,2.779999111821512,1.137868631470094,4.246366782006921,2.8803466517641745,4.154545454545454,2.8329783006810496,0.9783764963849708,0.3994,0.009445,0.0,0.0,0.0,0.0,0.0,0.0,0.0,0.0,0.0,0.0,0.013583880461851938,15.764093275979148,14.215530903328053,0.006791940230925969,0.0,0.0,0.0,0.0,0.0,0.0,0.0,0.0,0.0,0.0,0.0,0.0,0.0,0.0,0.0,0.0,nan,nan,4.200695652173913,2.8572530808876495,nan,0.3994,0.04395,0.0,0.0,0.0,0.0,0.0,0.0,0.0,0.0,0.0,0.0,0.0,0.0,0.0,0.0,0.0,0.0,0.0,0.0,0.0,0.0,0.0,3.395970115462984e-05,0.0,0.0,0.0,0.0008150328277111162,0.00011319900384876613,0.0,0.00558071088974417,0.005693909893592936,0.006678741227077202,0.005999547203984605,0.00848992528865746,0.06225945211682137,0.052230020375820696,0.023013357482454155,0.05619198551052751,0.042110029431741,0.06725152818655196,0.09918496717228889,0.09439664930948607,0.10859180439212135,0.09625311297260584,0.07001358388046185,0.06512338691419516,0.03943853294091012,0.023703871405931626,0.032997509621915326,0.01049354765678062,0.005818428797826579,0.008806882499434005,0.006327824315146027,0.0010640706361784017,0.0002716776092370387,0.0008716323296354992,0.0001697985057731492,1.1319900384876613e-05,0.0,0.0,0.0,0.0,0.0,0.0,0.0,0.0,0.0,0.0,0.0,0.0,0.0,0.0,0.0,0.0,0.0,0.0,0.0,0.0,0.0,0.0,0.0,0.0,0.0,0.0,0.0,0.0,0.0,0.0,0.0,0.0,0.0,0.0,0.0,0.0,0.0,0.0,0.0,0.0,0.0,0.0,0.0,0.0,nan,nan,4.200695652173913,2.8572530808876495,nan,0.8638884430973204,0.03378507663524093,0.0,0.0,0.0,0.0,0.0,0.0,0.0,0.0,0.0,0.0,0.0,0.0,0.0,0.0,0.0,0.0,0.0,0.0,0.0,0.0,0.0,0.05316792202038105,0.15950376606114314,0.7177669472751418,3.708462560921578,11.484271156402308,10.314576871953923,2.738147984049624,0.6513070447496678,0.17279574656623842,0.8636436817546685,0.03410653469878155,0.0,0.0,0.0,0.0,0.0,0.0,0.0,0.0,0.0,0.0,0.0,0.0,0.0,0.0,0.0,0.0,0.0,0.0,0.0,0.0,0.0,0.027777777777777783,0.1944444444444445,0.7361111111111088,3.875000000000001,11.54166666666667,9.90277777777778,2.861111111111112,0.6805555555555557,0.1805555555555556,0.3992,0.009384,0.0,0.0,0.0,0.0,0.0,0.0,0.0,0.0,0.0,0.0,0.013291980505095263,16.109880372175432,13.876827647319454,0.0,0.0,0.0,0.0,0.0,0.0,0.0,0.0,0.0,0.0,0.0,0.0,0.0,0.0,0.0,0.0,0.0,0.3997,0.0095,0.0,0.0,0.0,0.0,0.0,0.0,0.0,0.0,0.0,0.0,0.013888888888888892,15.402777777777754,14.569444444444448,0.013888888888888892,0.0,0.0,0.0,0.0,0.0,0.0,0.0,0.0,0.0,0.0,0.0,0.0,0.0,0.0,0.0,0.0
27500,4447,2277,0.5120305824151113,1123,926,0.4607600629637958,1276,0.573870024735777,0.39399999999999996,2.9815668202764978,3.0600188753379367,6.421383647798742,2.17080006640088,8371.891792219474,506.5533044038673,7853.0,8866.4,8866.399999999998,1.8189894035458565e-12,7853.0,0.0,28.24870699347875,20.713205040949322,32.957317073170735,18.95240262421426,0.133123454013942,0.09826849561502136,0.08994827973914998,0.08792444344501911,0.08297728805936587,0.070159658196537,0.07420733078479874,0.06970991679784125,0.06049021812457837,0.049921295255228246,0.04879694175848887,0.03845288958848662,0.036429053294355744,0.026309871823701373,0.018664268045873622,0.009219698673262874,0.005396896784348999,0.8602652851452794,0.03344293182550489,0.0,0.0,0.0,0.0,0.0,0.0,0.0,0.0,0.0,0.0,0.0,0.0,0.0,0.0,0.0,0.0,0.0,0.0,0.0,0.0,0.006746120980436251,0.006746120980436251,0.23611423431526876,0.917472453339327,4.391724758263999,11.940634135372164,9.60647627614122,2.2464582864852716,0.5869125252979538,0.060715088823926254,4.19684499314129,2.8330919150317277,4.625,3.2379584617471546,1.1020183036443862,4.173434273916036,2.8468954804818765,4.222297756628144,2.8217265054402674,1.0117082190601407,0.3992,0.0094,0.0,0.0,0.0,0.0,0.0,0.0,0.0,0.0,0.0,0.0,0.006746120980436251,15.73195412637731,14.261299752642234,0.0,0.0,0.0,0.0,0.0,0.0,0.0,0.0,0.0,0.0,0.0,0.0,0.0,0.0,0.0,0.0,0.0,nan,nan,4.198016415868673,2.83436675754624,nan,0.3992,0.04395,0.0,0.0,0.0,0.0,0.0,0.0,0.0,0.0,0.0,0.0,0.0,0.0,0.0,0.0,0.0,0.0,0.0,0.0,0.0,0.0,0.0,4.4974139869574995e-05,0.0,0.0,0.0,0.0009107263323588936,6.746120980436249e-05,0.0,0.004778502361142343,0.006015291207555656,0.005306948504609849,0.0059590735327186865,0.009725657746795593,0.06416685405891612,0.051720260850011246,0.024668315718461883,0.054497413986957496,0.0440634135372161,0.06676411063638409,0.09883067236339105,0.09606476276141218,0.105396896784349,0.09570496964245559,0.07167753541713515,0.06716887789521025,0.036991230042725434,0.021520125927591637,0.032729930290083205,0.011108612547785024,0.005891612322914325,0.009590735327186867,0.006127726557229593,0.0012817629862828873,0.00029233190915223744,0.0007870474477175624,0.00014616595457611872,0.0,0.0,0.0,0.0,0.0,0.0,0.0,0.0,0.0,0.0,0.0,0.0,0.0,0.0,0.0,0.0,0.0,0.0,0.0,0.0,0.0,0.0,0.0,0.0,0.0,0.0,0.0,0.0,0.0,0.0,0.0,0.0,0.0,0.0,0.0,0.0,0.0,0.0,0.0,0.0,0.0,0.0,0.0,0.0,0.0,nan,nan,4.198016415868673,2.83436675754624,nan,0.860188741012786,0.03314866267081768,0.0,0.0,0.0,0.0,0.0,0.0,0.0,0.0,0.0,0.0,0.0,0.0,0.0,0.0,0.0,0.0,0.0,0.0,0.0,0.0,0.013175230566534918,0.0,0.19762845849802377,0.9090909090909063,4.268774703557313,12.252964426877474,9.604743083003955,2.081686429512517,0.6060606060606062,0.06587615283267459,0.8603456035737068,0.033748765746969445,0.0,0.0,0.0,0.0,0.0,0.0,0.0,0.0,0.0,0.0,0.0,0.0,0.0,0.0,0.0,0.0,0.0,0.0,0.0,0.0,0.0,0.01382488479262673,0.27649769585253464,0.926267281105988,4.520737327188941,11.612903225806456,9.608294930875578,2.419354838709678,0.566820276497696,0.05529953917050692,0.399,0.009575,0.0,0.0,0.0,0.0,0.0,0.0,0.0,0.0,0.0,0.0,0.013175230566534918,16.113306982872178,13.873517786561267,0.0,0.0,0.0,0.0,0.0,0.0,0.0,0.0,0.0,0.0,0.0,0.0,0.0,0.0,0.0,0.0,0.0,0.3994,0.00921,0.0,0.0,0.0,0.0,0.0,0.0,0.0,0.0,0.0,0.0,0.0,15.331797235023018,14.668202764976963,0.0,0.0,0.0,0.0,0.0,0.0,0.0,0.0,0.0,0.0,0.0,0.0,0.0,0.0,0.0,0.0,0.0
27600,4481,2279,0.5085918321803169,1102,924,0.452131220709663,1272,0.567730417317563,0.39399999999999996,2.899636693914623,3.0773276348312155,6.530100334448161,2.1141971894360485,8368.406962731531,506.62518571424323,7853.0,8866.4,8866.4,0.0,7853.0,0.0,28.00848024994421,20.866145907271527,32.97049441786284,19.09390686425588,0.14081678196831066,0.09663021646953805,0.09082794019192145,0.08993528230305735,0.08011604552555233,0.07520642713679983,0.07208212452577549,0.06293238116491855,0.05735326935951796,0.053113144387413526,0.04820352599866101,0.03682213791564383,0.030127203749163133,0.02700290113813881,0.020307966971658112,0.01316670386074537,0.005355947333184557,0.8620814972758107,0.034537143442928825,0.0,0.0,0.0,0.0,0.0,0.0,0.0,0.0,0.0,0.0,0.0,0.0,0.0,0.0,0.0,0.0,0.0,0.0,0.0,0.0,0.006694934166480698,0.046864539165364885,0.14728855166257535,0.8971211783084105,4.117384512385629,11.6893550546753,9.660790002231646,2.7047534032582017,0.5355947333184558,0.19415309082794024,4.248442906574394,2.873191803460727,2.888888888888889,1.7916128329552332,0.679987692530452,4.254847645429363,2.9412784906590486,4.232462173314993,2.8009906610397937,0.9947388310981201,0.3994,0.0093,0.0,0.0,0.0,0.0,0.0,0.0,0.0,0.0,0.0,0.0,0.02008480249944209,15.59250167373352,14.38741352376702,0.0,0.0,0.0,0.0,0.0,0.0,0.0,0.0,0.0,0.0,0.0,0.0,0.0,0.0,0.0,0.0,0.0,nan,nan,4.244222145567437,2.8714610007869594,nan,0.3994,0.04398,0.0,0.0,0.0,0.0,0.0,0.0,0.0,0.0,0.0,0.0,0.0,0.0,0.0,0.0,0.0,0.0,0.0,0.0,0.0,0.0,0.0,0.0,0.0,0.0,0.0,0.0011046641374693148,4.4632894443204644e-05,0.0,0.004340548984601652,0.005757643383173399,0.005779959830395001,0.005724168712340995,0.009216692702521758,0.06484043740236554,0.054150859183218034,0.0230752064271368,0.05444097299709886,0.04398571747377818,0.06430484266904708,0.09754519080562374,0.09746708324034814,0.10679535817897791,0.09584914081678197,0.06949341664806963,0.06879044856058915,0.038473555010042404,0.020062486052220486,0.0326489622852042,0.011604552555233207,0.00547868779290337,0.011292122294130775,0.005701852265119393,0.0008257085471992859,0.00045748716804284756,0.0007029680874804731,4.4632894443204644e-05,0.0,0.0,0.0,0.0,0.0,0.0,0.0,0.0,0.0,0.0,0.0,0.0,0.0,0.0,0.0,0.0,0.0,0.0,0.0,0.0,0.0,0.0,0.0,0.0,0.0,0.0,0.0,0.0,0.0,0.0,0.0,0.0,0.0,0.0,0.0,0.0,0.0,0.0,0.0,0.0,0.0,0.0,0.0,0.0,0.0,nan,nan,4.244222145567437,2.8714610007869594,nan,0.8615360015994261,0.03476865130308117,0.0,0.0,0.0,0.0,0.0,0.0,0.0,0.0,0.0,0.0,0.0,0.0,0.0,0.0,0.0,0.0,0.0,0.0,0.0,0.0,0.013163668275559459,0.0658183413777973,0.21061869240895134,0.8819657744624808,4.001755155770075,11.89995612110575,9.68845985081176,2.566915313734094,0.4738920579201405,0.1974550241333919,0.8626460679599527,0.03428675649314961,0.0,0.0,0.0,0.0,0.0,0.0,0.0,0.0,0.0,0.0,0.0,0.0,0.0,0.0,0.0,0.0,0.0,0.0,0.0,0.0,0.0,0.02724795640326976,0.08174386920980928,0.9128065395095339,4.237057220708448,11.47138964577657,9.63215258855586,2.8474114441416902,0.5994550408719347,0.19073569482288832,0.3994,0.00932,0.0,0.0,0.0,0.0,0.0,0.0,0.0,0.0,0.0,0.0,0.0,15.546292233435695,14.453707766564285,0.0,0.0,0.0,0.0,0.0,0.0,0.0,0.0,0.0,0.0,0.0,0.0,0.0,0.0,0.0,0.0,0.0,0.3994,0.00926,0.0,0.0,0.0,0.0,0.0,0.0,0.0,0.0,0.0,0.0,0.04087193460490464,15.640326975476816,14.31880108991826,0.0,0.0,0.0,0.0,0.0,0.0,0.0,0.0,0.0,0.0,0.0,0.0,0.0,0.0,0.0,0.0,0.0
27700,4482,2330,0.5198572066041945,1133,876,0.44823739402052654,1231,0.5493083444890674,0.40599999999999997,2.928903345724907,3.0354260716997548,6.4188311688311686,2.135028497650968,8379.82329317269,506.300249922796,7853.0,8866.4,8866.4,0.0,7853.0,0.0,28.698572066041944,20.99714059526739,33.49039220847592,19.206497590695644,0.13253012048192772,0.09906291834002677,0.0892458723784025,0.07786702365015619,0.0818830879071843,0.07742079428826416,0.07429718875502007,0.06269522534582775,0.0571173583221776,0.05488621151271754,0.05176260597947345,0.04417670682730924,0.03190539937527889,0.024542614904060688,0.019187862561356538,0.015171798304328426,0.006247211066488175,0.8633053567807412,0.034506766882470605,0.0,0.0,0.0,0.0,0.0,0.0,0.0,0.0,0.0,0.0,0.0,0.0,0.0,0.0,0.0,0.0,0.0,0.0,0.0,0.0,0.013386880856760378,0.0,0.10709504685408303,0.9036144578313224,3.8420348058902283,11.927710843373497,9.484605087014728,2.891566265060242,0.6224899598393575,0.20749665327978586,4.159741144414169,2.8132182039861426,5.0,3.7416573867739413,1.2019978711209367,4.1531165311653115,2.8405450620071346,4.168147641831852,2.787855176788417,1.0036192364345535,0.399,0.00925,0.0,0.0,0.0,0.0,0.0,0.0,0.0,0.0,0.0,0.0,0.013386880856760378,16.43239625167334,13.554216867469883,0.0,0.0,0.0,0.0,0.0,0.0,0.0,0.0,0.0,0.0,0.0,0.0,0.0,0.0,0.0,0.0,0.0,nan,nan,4.1605988431439265,2.8144499876378366,nan,0.399,0.04382,0.0,0.0,0.0,0.0,0.0,0.0,0.0,0.0,0.0,0.0,0.0,0.0,0.0,0.0,0.0,0.0,0.0,0.0,0.0,0.0,0.0,0.0,0.0,0.0,1.1155734047300312e-05,0.0014725568942436412,4.462293618920125e-05,1.1155734047300312e-05,0.004406514948683623,0.005533244087460955,0.005455153949129853,0.005142793395805444,0.009705488621151271,0.06675591253904507,0.05448460508701473,0.023014279339580543,0.054529228023203924,0.04475680499776885,0.06319723337795627,0.09759036144578313,0.10142793395805444,0.10618027666220438,0.09557117358322177,0.06880856760374833,0.06721329763498438,0.039513609995537706,0.020046854082998663,0.030946006247211066,0.010553324408746095,0.005287817938420348,0.011144578313253013,0.005421686746987952,0.0006804997768853191,0.00035698348951361,0.0007028112449799197,0.0,3.346720214190094e-05,0.0,0.0,0.0,0.0,0.0,0.0,0.0,0.0,0.0,0.0,0.0,0.0,0.0,0.0,0.0,0.0,0.0,0.0,0.0,0.0,0.0,0.0,0.0,0.0,0.0,0.0,0.0,0.0,0.0,0.0,0.0,0.0,0.0,0.0,0.0,0.0,0.0,0.0,0.0,0.0,0.0,0.0,0.0,0.0,nan,nan,4.1605988431439265,2.8144499876378366,nan,0.863799510032834,0.034381667516806505,0.0,0.0,0.0,0.0,0.0,0.0,0.0,0.0,0.0,0.0,0.0,0.0,0.0,0.0,0.0,0.0,0.0,0.0,0.0,0.0,0.0,0.0,0.0901287553648069,0.9270386266094391,3.708154506437769,11.81974248927039,9.682403433476397,2.896995708154507,0.6695278969957084,0.20600858369098718,0.8627703302577969,0.0346337557950311,0.0,0.0,0.0,0.0,0.0,0.0,0.0,0.0,0.0,0.0,0.0,0.0,0.0,0.0,0.0,0.0,0.0,0.0,0.0,0.0,0.027881040892193315,0.0,0.1254646840148699,0.8782527881040865,3.986988847583644,12.044609665427513,9.270446096654277,2.8856877323420083,0.5715613382899629,0.20910780669144988,0.3987,0.00914,0.0,0.0,0.0,0.0,0.0,0.0,0.0,0.0,0.0,0.0,0.012875536480686699,16.931330472102978,13.055793991416312,0.0,0.0,0.0,0.0,0.0,0.0,0.0,0.0,0.0,0.0,0.0,0.0,0.0,0.0,0.0,0.0,0.0,0.399,0.00935,0.0,0.0,0.0,0.0,0.0,0.0,0.0,0.0,0.0,0.0,0.013940520446096658,15.892193308550162,14.093866171003722,0.0,0.0,0.0,0.0,0.0,0.0,0.0,0.0,0.0,0.0,0.0,0.0,0.0,0.0,0.0,0.0,0.0
27800,4512,2334,0.5172872340425532,1106,915,0.4479166666666667,1314,0.5824468085106383,0.38999999999999996,3.0601469237832872,3.0355349344681692,6.395209580838324,2.0236863376525576,8377.218882978723,506.3970564084843,7853.0,8866.4,8866.400000000001,1.8189894035458565e-12,7853.0,0.0,28.813386524822697,21.048054143134006,33.578700078308536,19.254834076772465,0.131427304964539,0.09574468085106383,0.0888741134751773,0.08820921985815602,0.0775709219858156,0.07335992907801418,0.07424645390070922,0.06382978723404255,0.05673758865248227,0.05939716312056738,0.04343971631205674,0.04565602836879433,0.036569148936170214,0.025487588652482268,0.01950354609929078,0.012854609929078014,0.0070921985815602835,0.862118145622683,0.035081175802821704,0.0,0.0,0.0,0.0,0.0,0.0,0.0,0.0,0.0,0.0,0.0,0.0,0.0,0.0,0.0,0.0,0.0,0.0,0.0,0.0,0.0,0.033244680851063836,0.21941489361702132,0.9242021276595717,4.168882978723405,11.5093085106383,9.753989361702128,2.5332446808510642,0.5851063829787235,0.27260638297872347,4.234580384226492,2.8275172995160394,4.777777777777778,2.657391276244755,1.1282765573596518,4.241795043536504,2.813434423389119,4.230613621038436,2.840931217601995,0.9973639880325887,0.399,0.00888,0.0,0.0,0.0,0.0,0.0,0.0,0.0,0.0,0.0,0.0,0.006648936170212768,16.555851063829763,13.437500000000004,0.0,0.0,0.0,0.0,0.0,0.0,0.0,0.0,0.0,0.0,0.0,0.0,0.0,0.0,0.0,0.0,0.0,nan,nan,4.23622311827957,2.8271755793848117,nan,0.399,0.04385,0.0,0.0,0.0,0.0,0.0,0.0,0.0,0.0,0.0,0.0,0.0,0.0,0.0,0.0,0.0,0.0,0.0,0.0,0.0,0.0,0.0,0.0,0.0,0.0,0.0,0.0012965425531914893,0.0,0.0,0.004898049645390071,0.004820478723404255,0.005507535460992908,0.005197251773049645,0.008721187943262411,0.06958111702127659,0.054000443262411345,0.024035904255319148,0.052127659574468084,0.04239804964539007,0.06429521276595744,0.09571143617021277,0.10291445035460993,0.11119237588652482,0.09463652482269504,0.06757535460992908,0.06739804964539008,0.03601507092198582,0.019691932624113475,0.032845744680851066,0.011380762411347518,0.0056294326241134755,0.01067154255319149,0.0059286347517730495,0.0005097517730496454,0.0004986702127659574,0.0005208333333333333,0.0,0.0,0.0,0.0,0.0,0.0,0.0,0.0,0.0,0.0,0.0,0.0,0.0,0.0,0.0,0.0,0.0,0.0,0.0,0.0,0.0,0.0,0.0,0.0,0.0,0.0,0.0,0.0,0.0,0.0,0.0,0.0,0.0,0.0,0.0,0.0,0.0,0.0,0.0,0.0,0.0,0.0,0.0,0.0,0.0,0.0,nan,nan,4.23622311827957,2.8271755793848117,nan,0.8617769611014601,0.03558448402514844,0.0,0.0,0.0,0.0,0.0,0.0,0.0,0.0,0.0,0.0,0.0,0.0,0.0,0.0,0.0,0.0,0.0,0.0,0.0,0.0,0.0,0.051413881748071995,0.23136246786632395,0.8868894601542389,4.293059125964011,11.760925449871468,9.395886889460156,2.5192802056555275,0.5398457583547559,0.32133676092544994,0.8624837676027262,0.03452993474609592,0.0,0.0,0.0,0.0,0.0,0.0,0.0,0.0,0.0,0.0,0.0,0.0,0.0,0.0,0.0,0.0,0.0,0.0,0.0,0.0,0.0,0.013774104683195596,0.20661157024793395,0.9641873278236885,4.035812672176309,11.239669421487605,10.137741046831957,2.548209366391185,0.6336088154269973,0.22038567493112954,0.399,0.00896,0.0,0.0,0.0,0.0,0.0,0.0,0.0,0.0,0.0,0.0,0.012853470437017999,16.33676092544985,13.650385604113113,0.0,0.0,0.0,0.0,0.0,0.0,0.0,0.0,0.0,0.0,0.0,0.0,0.0,0.0,0.0,0.0,0.0,0.3987,0.0088,0.0,0.0,0.0,0.0,0.0,0.0,0.0,0.0,0.0,0.0,0.0,16.790633608815405,13.209366391184576,0.0,0.0,0.0,0.0,0.0,0.0,0.0,0.0,0.0,0.0,0.0,0.0,0.0,0.0,0.0,0.0,0.0
27900,4410,2305,0.5226757369614512,1073,882,0.4433106575963719,1222,0.5541950113378685,0.426,3.0014251781472683,3.1489541848331823,6.732638888888889,2.1224766017919543,8382.679591836735,506.1786526109303,7853.0,8866.4,8866.4,0.0,7853.0,0.0,28.01360544217687,20.81566425517107,32.95385860766325,19.028872244696867,0.13922902494331066,0.09569160997732426,0.09773242630385487,0.08163265306122448,0.08117913832199547,0.07891156462585033,0.07482993197278912,0.06235827664399093,0.05011337868480726,0.049886621315192746,0.05215419501133787,0.040589569160997735,0.034467120181405894,0.029251700680272108,0.017006802721088437,0.008390022675736962,0.006575963718820862,0.8618079459991584,0.036873490672184,0.0,0.0,0.0,0.0,0.0,0.0,0.0,0.0,0.0,0.0,0.0,0.0,0.0,0.0,0.0,0.0,0.0,0.0,0.0,0.0,0.006802721088435376,0.0816326530612245,0.272108843537415,0.9183673469387726,4.197278911564626,11.551020408163268,9.197278911564627,2.7959183673469394,0.7346938775510207,0.24489795918367352,4.280509373894588,2.913962342880821,5.0,2.70801280154532,1.168085282208082,4.314878892733564,2.9168084781376713,4.2542857142857144,2.909280014725573,0.985957154313209,0.3987,0.00932,0.0,0.0,0.0,0.0,0.0,0.0,0.0,0.0,0.0,0.0,0.013605442176870751,16.646258503401338,13.333333333333337,0.006802721088435376,0.0,0.0,0.0,0.0,0.0,0.0,0.0,0.0,0.0,0.0,0.0,0.0,0.0,0.0,0.0,0.0,nan,nan,4.28506151142355,2.9132637176039746,nan,0.3987,0.04382,0.0,0.0,0.0,0.0,0.0,0.0,0.0,0.0,0.0,0.0,0.0,0.0,0.0,0.0,0.0,0.0,0.0,0.0,0.0,0.0,0.0,0.0,0.0,0.0,0.0,0.0013151927437641724,0.0,3.401360544217687e-05,0.0047505668934240365,0.004761904761904762,0.005204081632653061,0.004183673469387755,0.009682539682539683,0.07160997732426304,0.05480725623582766,0.024546485260770974,0.049444444444444444,0.0436281179138322,0.06253968253968253,0.09757369614512472,0.10108843537414966,0.10931972789115646,0.09990929705215419,0.06801587301587302,0.06670068027210885,0.034829931972789115,0.017585034013605443,0.032732426303854874,0.01098639455782313,0.006349206349206349,0.01038548752834467,0.006609977324263039,0.0006575963718820862,0.0002380952380952381,0.0005102040816326531,0.0,0.0,0.0,0.0,0.0,0.0,0.0,0.0,0.0,0.0,0.0,0.0,0.0,0.0,0.0,0.0,0.0,0.0,0.0,0.0,0.0,0.0,0.0,0.0,0.0,0.0,0.0,0.0,0.0,0.0,0.0,0.0,0.0,0.0,0.0,0.0,0.0,0.0,0.0,0.0,0.0,0.0,0.0,0.0,0.0,0.0,nan,nan,4.28506151142355,2.9132637176039746,nan,0.8618657980203112,0.03731932045251898,0.0,0.0,0.0,0.0,0.0,0.0,0.0,0.0,0.0,0.0,0.0,0.0,0.0,0.0,0.0,0.0,0.0,0.0,0.0,0.0,0.013015184381778745,0.1171366594360087,0.2863340563991324,0.8590021691973942,4.1518438177874195,11.609544468546641,9.097613882863342,2.863340563991324,0.7548806941431673,0.24728850325379614,0.8617445973489177,0.03637892974344548,0.0,0.0,0.0,0.0,0.0,0.0,0.0,0.0,0.0,0.0,0.0,0.0,0.0,0.0,0.0,0.0,0.0,0.0,0.0,0.0,0.0,0.04275534441805226,0.2565320665083136,0.9833729216151988,4.247030878859858,11.486935866983375,9.30641330166271,2.722090261282661,0.7125890736342044,0.2422802850356295,0.3987,0.009346,0.0,0.0,0.0,0.0,0.0,0.0,0.0,0.0,0.0,0.0,0.0,16.789587852494552,13.197396963123648,0.013015184381778745,0.0,0.0,0.0,0.0,0.0,0.0,0.0,0.0,0.0,0.0,0.0,0.0,0.0,0.0,0.0,0.0,0.3987,0.0093,0.0,0.0,0.0,0.0,0.0,0.0,0.0,0.0,0.0,0.0,0.02850356294536818,16.48931116389546,13.482185273159148,0.0,0.0,0.0,0.0,0.0,0.0,0.0,0.0,0.0,0.0,0.0,0.0,0.0,0.0,0.0,0.0,0.0
28000,4652,2443,0.5251504729148754,1157,952,0.45335339638865,1307,0.561908856405847,0.40599999999999997,2.9560887279311907,3.10527090314138,6.693574958813839,2.160375883434522,8385.187489251935,506.05857160177845,7853.0,8866.4,8866.399999999998,1.8189894035458565e-12,7853.0,0.0,28.1567067927773,20.988874139649727,33.175807278318814,19.19257793317331,0.14036973344797937,0.09823731728288908,0.08834909716251074,0.08770421324161651,0.07953568357695615,0.07803095442820292,0.06878761822871883,0.06599312123817713,0.05631986242476354,0.0528804815133276,0.047936371453138435,0.040842648323301804,0.03224419604471195,0.024720550300945828,0.018701633705932932,0.010318142734307825,0.009028374892519347,0.8607429547470803,0.035608165359062256,0.0,0.0,0.0,0.0,0.0,0.0,0.0,0.0,0.0,0.0,0.0,0.0,0.0,0.0,0.0,0.0,0.0,0.0,0.0,0.0,0.006448839208942392,0.0838349097162511,0.20636285468615653,1.0511607910576064,4.165950128976785,11.762682717110923,9.337919174548583,2.585984522785899,0.6319862424763544,0.1676698194325022,4.241962214119987,2.9740546155674403,4.157894736842105,3.082431676704489,0.9801819363222872,4.236566186107471,2.970099972150922,4.2463576158940395,2.9794389185653505,1.0023111712071622,0.399,0.00887,0.0,0.0,0.0,0.0,0.0,0.0,0.0,0.0,0.0,0.0,0.0,16.52192605331038,13.465176268271714,0.012897678417884783,0.0,0.0,0.0,0.0,0.0,0.0,0.0,0.0,0.0,0.0,0.0,0.0,0.0,0.0,0.0,0.0,nan,nan,4.241436100131752,2.9747525300137596,nan,0.399,0.04413,0.0,0.0,0.0,0.0,0.0,0.0,0.0,0.0,0.0,0.0,0.0,0.0,0.0,0.0,0.0,0.0,0.0,0.0,0.0,0.0,0.0,0.0,0.0,0.0,0.0,0.0008276010318142734,0.0,5.374032674118659e-05,0.004621668099742046,0.0052343078245915735,0.005094582975064489,0.004363714531384351,0.010748065348237317,0.07015262252794496,0.05507308684436801,0.02604256233877902,0.04976354256233878,0.045066638005159074,0.061607910576096304,0.09462596732588134,0.09807609630266552,0.10810404127257094,0.09990326741186586,0.0697871883061049,0.06651977644024076,0.036865864144453996,0.017368873602751505,0.03209372312983663,0.010662080825451418,0.007104471195184867,0.011887360275150473,0.007104471195184867,0.0004944110060189166,0.0003546861564918315,0.00039767841788478076,0.0,0.0,0.0,0.0,0.0,0.0,0.0,0.0,0.0,0.0,0.0,0.0,0.0,0.0,0.0,0.0,0.0,0.0,0.0,0.0,0.0,0.0,0.0,0.0,0.0,0.0,0.0,0.0,0.0,0.0,0.0,0.0,0.0,0.0,0.0,0.0,0.0,0.0,0.0,0.0,0.0,0.0,0.0,0.0,0.0,0.0,nan,nan,4.241436100131752,2.9747525300137596,nan,0.860951540853662,0.035173251951154214,0.0,0.0,0.0,0.0,0.0,0.0,0.0,0.0,0.0,0.0,0.0,0.0,0.0,0.0,0.0,0.0,0.0,0.0,0.0,0.0,0.0,0.0859598853868195,0.24559967253377,0.8964388047482575,4.138354482194025,11.665984445354075,9.738027015963981,2.431436758084323,0.638559148587802,0.1596397871469505,0.8605122730547403,0.036081641204340376,0.0,0.0,0.0,0.0,0.0,0.0,0.0,0.0,0.0,0.0,0.0,0.0,0.0,0.0,0.0,0.0,0.0,0.0,0.0,0.0,0.013580805794477142,0.08148483476686284,0.1629696695337257,1.2222725215029389,4.196468990493437,11.869624264373023,8.895427795382528,2.7569035762788596,0.6247170665459485,0.17655047532820287,0.3992,0.00893,0.0,0.0,0.0,0.0,0.0,0.0,0.0,0.0,0.0,0.0,0.0,16.66393778141627,13.311502251330335,0.024559967253377002,0.0,0.0,0.0,0.0,0.0,0.0,0.0,0.0,0.0,0.0,0.0,0.0,0.0,0.0,0.0,0.0,0.399,0.00883,0.0,0.0,0.0,0.0,0.0,0.0,0.0,0.0,0.0,0.0,0.0,16.36487098234493,13.635129017655052,0.0,0.0,0.0,0.0,0.0,0.0,0.0,0.0,0.0,0.0,0.0,0.0,0.0,0.0,0.0,0.0,0.0
28100,4626,2430,0.5252918287937743,1147,930,0.44898400345871164,1282,0.5542585386943364,0.422,3.0132058287795993,3.109610889901864,6.4890625,2.159978095049519,8385.33073929961,506.051336529166,7853.0,8866.4,8866.4,0.0,7853.0,0.0,28.30544747081712,20.85511651182867,33.02957674655788,19.125705161746694,0.13380890618244703,0.09835711197578902,0.09446606139213143,0.08560311284046693,0.08149589277993947,0.07457846952010376,0.0648508430609598,0.06333765672287073,0.06830955469087764,0.050367488110678774,0.04626026805015132,0.04215304798962387,0.03761348897535668,0.02356247297881539,0.01772589710332901,0.011889321227842628,0.005620406398616515,0.861018663456674,0.03518710709193854,0.0,0.0,0.0,0.0,0.0,0.0,0.0,0.0,0.0,0.0,0.0,0.0,0.0,0.0,0.0,0.0,0.0,0.0,0.0,0.0064850843060959805,0.012970168612191961,0.0324254215304799,0.2658884565499352,0.933852140077818,4.351491569390403,11.511024643320367,9.675745784695202,2.4837872892347606,0.5382619974059664,0.18806744487678345,4.212744772651842,2.92661831974874,5.545454545454546,2.4629485789352845,1.316351890447849,4.211588541666667,2.937525900147158,4.223790322580645,2.9143782676959034,1.0028971920673784,0.3994,0.009094,0.0,0.0,0.0,0.0,0.0,0.0,0.0,0.0,0.0,0.0,0.0,15.856031128404647,14.143968871595334,0.0,0.0,0.0,0.0,0.0,0.0,0.0,0.0,0.0,0.0,0.0,0.0,0.0,0.0,0.0,0.0,0.0,nan,nan,4.217592592592593,2.9261650369446346,nan,0.3994,0.04416,0.0,0.0,0.0,0.0,0.0,0.0,0.0,0.0,0.0,0.0,0.0,0.0,0.0,0.0,0.0,0.0,0.0,0.0,0.0,0.0,0.0,0.0,0.0,0.0,2.16169476869866e-05,0.0008971033290099438,4.32338953739732e-05,0.0,0.004085603112840467,0.005220492866407263,0.005047557284911371,0.004399048854301773,0.009641158668396023,0.07183311716385646,0.05125378296584522,0.027204928664072633,0.0487137916126243,0.043568958063121485,0.06542369217466494,0.0953199308257674,0.09690877648076092,0.1085603112840467,0.09729788153912668,0.07114137483787289,0.06912019022913965,0.03567877215737138,0.017315175097276266,0.030501513186338088,0.01054907047124946,0.008300907911802853,0.013143104193687851,0.007479463899697363,0.0006917423259835712,0.00032425421530479895,0.0003026372676178124,0.0,1.08084738434933e-05,0.0,0.0,0.0,0.0,0.0,0.0,0.0,0.0,0.0,0.0,0.0,0.0,0.0,0.0,0.0,0.0,0.0,0.0,0.0,0.0,0.0,0.0,0.0,0.0,0.0,0.0,0.0,0.0,0.0,0.0,0.0,0.0,0.0,0.0,0.0,0.0,0.0,0.0,0.0,0.0,0.0,0.0,0.0,0.0,nan,nan,4.217592592592593,2.9261650369446346,nan,0.8607210720026934,0.03546391475720335,0.0,0.0,0.0,0.0,0.0,0.0,0.0,0.0,0.0,0.0,0.0,0.0,0.0,0.0,0.0,0.0,0.0,0.0,0.0,0.0,0.0,0.03703703703703704,0.308641975308642,1.0370370370370339,4.370370370370371,11.308641975308644,9.592592592592593,2.679012345679013,0.506172839506173,0.16049382716049387,0.8613479654754229,0.03487528363209705,0.0,0.0,0.0,0.0,0.0,0.0,0.0,0.0,0.0,0.0,0.0,0.0,0.0,0.0,0.0,0.0,0.0,0.0,0.0,0.013661202185792353,0.027322404371584706,0.027322404371584706,0.21857923497267764,0.8196721311475383,4.330601092896176,11.734972677595632,9.767759562841531,2.2677595628415306,0.5737704918032788,0.21857923497267764,0.3994,0.00905,0.0,0.0,0.0,0.0,0.0,0.0,0.0,0.0,0.0,0.0,0.0,15.666666666666643,14.333333333333336,0.0,0.0,0.0,0.0,0.0,0.0,0.0,0.0,0.0,0.0,0.0,0.0,0.0,0.0,0.0,0.0,0.0,0.3994,0.00913,0.0,0.0,0.0,0.0,0.0,0.0,0.0,0.0,0.0,0.0,0.0,16.06557377049178,13.9344262295082,0.0,0.0,0.0,0.0,0.0,0.0,0.0,0.0,0.0,0.0,0.0,0.0,0.0,0.0,0.0,0.0,0.0
28200,4621,2403,0.5200173122700714,1152,899,0.4438433239558537,1271,0.5500973815191517,0.40599999999999997,2.9486023444544633,3.089157619868442,6.52373417721519,2.0896232426987535,8379.98554425449,506.2937750894227,7853.0,8866.4,8866.399999999998,1.8189894035458565e-12,7853.0,0.0,28.343432157541656,20.729980386234637,33.12455242966752,18.940763379093276,0.13460289980523696,0.09846353603116209,0.09391906513741614,0.08353170309456827,0.07639039169011036,0.07747240856957369,0.06773425665440382,0.06621943302315517,0.05951092837048258,0.0551828608526293,0.05085479333477602,0.04566111231335209,0.031811296256221595,0.02596840510711967,0.018394286950876432,0.006924908028565245,0.007357714780350574,0.8598788623117415,0.03455742460031776,0.0,0.0,0.0,0.0,0.0,0.0,0.0,0.0,0.0,0.0,0.0,0.0,0.0,0.0,0.0,0.0,0.0,0.0,0.0,0.006492101276779919,0.0,0.019476303830339756,0.1687946331962779,1.0387362042847836,4.505518286085263,12.257087210560488,9.069465483661547,2.220298636658732,0.4739233932049341,0.240207747240857,4.167283742847526,2.8662464227585227,5.0,2.9871519752227074,1.1998223083757371,4.204330175913396,2.846821493576359,4.1368770764119605,2.88745750537647,0.9839562791980814,0.3997,0.009415,0.0,0.0,0.0,0.0,0.0,0.0,0.0,0.0,0.0,0.0,0.012984202553559839,15.69790088725382,14.289114910192602,0.0,0.0,0.0,0.0,0.0,0.0,0.0,0.0,0.0,0.0,0.0,0.0,0.0,0.0,0.0,0.0,0.0,nan,nan,4.170911528150134,2.867308754011721,nan,0.3997,0.04416,0.0,0.0,0.0,0.0,0.0,0.0,0.0,0.0,0.0,0.0,0.0,0.0,0.0,0.0,0.0,0.0,0.0,0.0,0.0,0.0,0.0,0.0,0.0,0.0,0.0,0.00043280675178532783,0.00010820168794633196,0.0,0.004847435619995672,0.005204501190218568,0.005399264228521965,0.00446872971218351,0.009889634278294741,0.06888119454663492,0.05071413114044579,0.02654187405323523,0.05098463536031162,0.042642285219649426,0.06689028348842242,0.09586669552045012,0.0924367020125514,0.10919714347543821,0.09616966024669985,0.07497294957801341,0.07061242155377624,0.03607444276130708,0.016327634711101494,0.028467864098679938,0.01198874702445358,0.009619130058428911,0.01334126812378273,0.0065570222895477166,0.0006816706340618913,0.0002921445574550963,0.0003895260766067951,0.0,0.0,0.0,0.0,0.0,0.0,0.0,0.0,0.0,0.0,0.0,0.0,0.0,0.0,0.0,0.0,0.0,0.0,0.0,0.0,0.0,0.0,0.0,0.0,0.0,0.0,0.0,0.0,0.0,0.0,0.0,0.0,0.0,0.0,0.0,0.0,0.0,0.0,0.0,0.0,0.0,0.0,0.0,0.0,0.0,0.0,nan,nan,4.170911528150134,2.867308754011721,nan,0.8605160048441544,0.033629550276298166,0.0,0.0,0.0,0.0,0.0,0.0,0.0,0.0,0.0,0.0,0.0,0.0,0.0,0.0,0.0,0.0,0.0,0.0,0.0,0.01248439450686642,0.0,0.0,0.1872659176029963,0.8614232209737801,4.344569288389514,12.48439450686642,9.213483146067418,2.2097378277153563,0.4619225967540575,0.22471910112359555,0.8591885766916387,0.035522463312678686,0.0,0.0,0.0,0.0,0.0,0.0,0.0,0.0,0.0,0.0,0.0,0.0,0.0,0.0,0.0,0.0,0.0,0.0,0.0,0.0,0.0,0.04057709648331831,0.14878268710550047,1.230838593327318,4.679891794409379,12.010820559062221,8.913435527502257,2.231740306582507,0.48692515779981976,0.2569882777276826,0.3997,0.00933,0.0,0.0,0.0,0.0,0.0,0.0,0.0,0.0,0.0,0.0,0.02496878901373284,15.543071161048667,14.431960049937581,0.0,0.0,0.0,0.0,0.0,0.0,0.0,0.0,0.0,0.0,0.0,0.0,0.0,0.0,0.0,0.0,0.0,0.3997,0.0095,0.0,0.0,0.0,0.0,0.0,0.0,0.0,0.0,0.0,0.0,0.0,15.865644724977434,14.134355275022546,0.0,0.0,0.0,0.0,0.0,0.0,0.0,0.0,0.0,0.0,0.0,0.0,0.0,0.0,0.0,0.0,0.0
28300,4817,2395,0.4971974257836828,1146,1017,0.4490346688810463,1399,0.5808594560930039,0.414,2.9091659785301403,3.100572422262763,6.648854961832061,2.203826180515551,8356.859871289184,506.6920402659843,7853.0,8866.4,8866.399999999998,1.8189894035458565e-12,7853.0,0.0,28.09072036537264,21.062918463296448,33.07292954264524,19.308653508664356,0.1395059165455678,0.10172306414780984,0.09072036537263857,0.08719119784097987,0.07369732198463774,0.07784928378658916,0.07452771434502803,0.0653933983807349,0.05439069960556363,0.05086153207390492,0.043803197010587505,0.037990450487855515,0.03716005812746523,0.027402947892879385,0.019721818559269255,0.010379904504878554,0.007681129333610131,0.8589421171901482,0.03407970511871168,0.0,0.0,0.0,0.0,0.0,0.0,0.0,0.0,0.0,0.0,0.0,0.0,0.0,0.0,0.0,0.0,0.0,0.0,0.0,0.0,0.0,0.024911770811708537,0.17438239568195976,0.8594560930039418,5.162964500726595,12.15071621341084,8.575877101930663,2.4351255968445096,0.4546398173136808,0.1619265102761055,4.308210391276459,2.873135941647461,5.75,2.48746859276655,1.3346609096999926,4.362637362637362,2.861324074952143,4.26489226869455,2.8827175066017108,0.9775949532775922,0.4,0.00914,0.0,0.0,0.0,0.0,0.0,0.0,0.0,0.0,0.0,0.0,0.018683828108781404,15.277143450280237,14.704172721610965,0.0,0.0,0.0,0.0,0.0,0.0,0.0,0.0,0.0,0.0,0.0,0.0,0.0,0.0,0.0,0.0,0.0,nan,nan,4.311900191938579,2.87313862595154,nan,0.4,0.0441,0.0,0.0,0.0,0.0,0.0,0.0,0.0,0.0,0.0,0.0,0.0,0.0,0.0,0.0,0.0,0.0,0.0,0.0,0.0,0.0,0.0,0.0,0.0,0.0,0.0,0.0006850736973219847,1.0379904504878555e-05,1.0379904504878555e-05,0.005065393398380735,0.005138052729914885,0.005791986713722234,0.003830184762300187,0.010608262403985883,0.0652480797176666,0.05003113971351464,0.028710815860494083,0.051183309113556154,0.041696076396097154,0.06711646252854474,0.09742578368279012,0.09273406684658501,0.10741125181648328,0.09807971766659747,0.0745899937720573,0.07215071621341083,0.03368279011833091,0.01746937928171061,0.028617396719950176,0.012476645214864024,0.008490761884990658,0.013400456715798214,0.007214033630890596,0.0005189952252439277,0.00026987751712684245,0.00034253684866099234,0.0,0.0,0.0,0.0,0.0,0.0,0.0,0.0,0.0,0.0,0.0,0.0,0.0,0.0,0.0,0.0,0.0,0.0,0.0,0.0,0.0,0.0,0.0,0.0,0.0,0.0,0.0,0.0,0.0,0.0,0.0,0.0,0.0,0.0,0.0,0.0,0.0,0.0,0.0,0.0,0.0,0.0,0.0,0.0,0.0,0.0,nan,nan,4.311900191938579,2.87313862595154,nan,0.8584089833659767,0.03430749458327208,0.0,0.0,0.0,0.0,0.0,0.0,0.0,0.0,0.0,0.0,0.0,0.0,0.0,0.0,0.0,0.0,0.0,0.0,0.0,0.0,0.0,0.03757828810020877,0.1377870563674322,0.8768267223382019,5.411273486430064,12.175365344467643,8.367432150313155,2.342379958246347,0.47599164926931115,0.17536534446764096,0.8594693077388231,0.033844690627941064,0.0,0.0,0.0,0.0,0.0,0.0,0.0,0.0,0.0,0.0,0.0,0.0,0.0,0.0,0.0,0.0,0.0,0.0,0.0,0.0,0.0,0.01238645747316268,0.21056977704376553,0.8422791081750594,4.917423616845583,12.126341866226262,8.781998348472339,2.5268373245251863,0.43352601156069376,0.14863748967795212,0.4,0.00898,0.0,0.0,0.0,0.0,0.0,0.0,0.0,0.0,0.0,0.0,0.012526096033402925,14.906054279749457,15.081419624217123,0.0,0.0,0.0,0.0,0.0,0.0,0.0,0.0,0.0,0.0,0.0,0.0,0.0,0.0,0.0,0.0,0.0,0.3997,0.00929,0.0,0.0,0.0,0.0,0.0,0.0,0.0,0.0,0.0,0.0,0.02477291494632536,15.644095788604435,14.331131296449218,0.0,0.0,0.0,0.0,0.0,0.0,0.0,0.0,0.0,0.0,0.0,0.0,0.0,0.0,0.0,0.0,0.0
28400,4820,2529,0.524688796680498,1158,958,0.43900414937759336,1316,0.546058091286307,0.426,3.0279353993889133,3.1785380884832106,6.738993710691824,2.152471504707274,8384.719626556016,506.08191855370336,7853.0,8866.4,8866.399999999998,1.8189894035458565e-12,7853.0,0.0,28.30290456431535,21.157352387012804,33.26781750924784,19.395126634293607,0.13755186721991702,0.0979253112033195,0.1,0.08589211618257261,0.07302904564315353,0.07240663900414938,0.06410788381742738,0.06493775933609959,0.05912863070539419,0.05663900414937759,0.046473029045643155,0.045228215767634854,0.03278008298755187,0.026348547717842324,0.018464730290456432,0.012240663900414938,0.006846473029045643,0.8579771735979809,0.034480404700006816,0.0,0.0,0.0,0.0,0.0,0.0,0.0,0.0,0.0,0.0,0.0,0.0,0.0,0.0,0.0,0.0,0.0,0.0,0.0,0.0,0.006224066390041495,0.06846473029045644,0.2240663900414938,1.1265560165975068,4.724066390041495,12.11203319502075,8.931535269709546,2.209543568464731,0.5103734439834026,0.08713692946058094,4.326742301458671,2.9569928524393703,4.857142857142857,3.419631201024521,1.1225865833297657,4.293927648578811,2.981560787341992,4.36428110896196,2.9368137549441573,1.0163844075031014,0.3994,0.009315,0.0,0.0,0.0,0.0,0.0,0.0,0.0,0.0,0.0,0.0,0.01244813278008299,15.535269709543547,14.452282157676352,0.0,0.0,0.0,0.0,0.0,0.0,0.0,0.0,0.0,0.0,0.0,0.0,0.0,0.0,0.0,0.0,0.0,nan,nan,4.329138431752178,2.959459257424874,nan,0.3994,0.044,0.0,0.0,0.0,0.0,0.0,0.0,0.0,0.0,0.0,0.0,0.0,0.0,0.0,0.0,0.0,0.0,0.0,0.0,0.0,0.0,0.0,0.0,0.0,0.0,0.0,0.0006120331950207468,1.037344398340249e-05,0.0,0.0048029045643153525,0.00533195020746888,0.005954356846473029,0.0035477178423236515,0.011950207468879669,0.06484439834024897,0.04931535269709544,0.02995850622406639,0.050736514522821574,0.04298755186721992,0.06989626556016597,0.09532157676348547,0.09490663900414938,0.10548755186721992,0.09786307053941909,0.07282157676348548,0.07303941908713693,0.03342323651452282,0.01612033195020747,0.028174273858921163,0.013402489626556017,0.008402489626556016,0.013340248962655602,0.0066908713692946055,0.000549792531120332,0.00022821576763485478,0.00028008298755186723,0.0,0.0,0.0,0.0,0.0,0.0,0.0,0.0,0.0,0.0,0.0,0.0,0.0,0.0,0.0,0.0,0.0,0.0,0.0,0.0,0.0,0.0,0.0,0.0,0.0,0.0,0.0,0.0,0.0,0.0,0.0,0.0,0.0,0.0,0.0,0.0,0.0,0.0,0.0,0.0,0.0,0.0,0.0,0.0,0.0,0.0,nan,nan,4.329138431752178,2.959459257424874,nan,0.8575104672053719,0.03416724180409211,0.0,0.0,0.0,0.0,0.0,0.0,0.0,0.0,0.0,0.0,0.0,0.0,0.0,0.0,0.0,0.0,0.0,0.0,0.0,0.0,0.0,0.0711743772241993,0.26097271648873077,1.079478054567019,4.709371293001187,12.064056939501782,9.205219454329775,2.0759193357058128,0.46263345195729544,0.0711743772241993,0.8584923636751995,0.034815566125192335,0.0,0.0,0.0,0.0,0.0,0.0,0.0,0.0,0.0,0.0,0.0,0.0,0.0,0.0,0.0,0.0,0.0,0.0,0.0,0.0,0.013094718463553036,0.06547359231776519,0.1833260584897425,1.1785246617197696,4.740288083806199,12.164993452640772,8.629419467481451,2.3570493234395467,0.5630728939327806,0.10475774770842429,0.3997,0.009315,0.0,0.0,0.0,0.0,0.0,0.0,0.0,0.0,0.0,0.0,0.023724792408066436,15.148279952550393,14.827995255041522,0.0,0.0,0.0,0.0,0.0,0.0,0.0,0.0,0.0,0.0,0.0,0.0,0.0,0.0,0.0,0.0,0.0,0.3994,0.00931,0.0,0.0,0.0,0.0,0.0,0.0,0.0,0.0,0.0,0.0,0.0,15.962461807071126,14.037538192928855,0.0,0.0,0.0,0.0,0.0,0.0,0.0,0.0,0.0,0.0,0.0,0.0,0.0,0.0,0.0,0.0,0.0
28500,4735,2449,0.5172122492080253,1161,967,0.4494192185850053,1357,0.5731784582893348,0.36999999999999994,2.941819772528434,2.9289682110201114,6.050824175824176,2.1047824616439823,8377.142893347413,506.3996795730331,7853.0,8866.4,8866.399999999998,1.8189894035458565e-12,7853.0,0.0,29.724815205913412,21.373287289248335,34.46018793273986,19.51088736021202,0.12650475184794086,0.09271383315733897,0.08658922914466737,0.08173178458289335,0.07708553326293559,0.07835269271383316,0.0675818373812038,0.061034846884899685,0.059134107708553325,0.058711721224920806,0.057022175290390706,0.04561774023231257,0.03569165786694826,0.027877507919746566,0.021752903907074975,0.014783526927138331,0.00781414994720169,0.8585495112941787,0.03429654384560575,0.0,0.0,0.0,0.0,0.0,0.0,0.0,0.0,0.0,0.0,0.0,0.0,0.0,0.0,0.0,0.0,0.0,0.0,0.0,0.0,0.006335797254487858,0.031678986272439286,0.1837381203801479,1.1087645195353715,4.593453009503697,12.69060190073918,8.451953537486801,2.274551214361141,0.5068637803590286,0.15205913410770858,4.02574568288854,2.7700964768492797,3.909090909090909,2.609581835346786,0.9710228158988103,4.032663316582915,2.741627445049436,4.018079800498753,2.797005399637612,0.996383651463242,0.3997,0.009186,0.0,0.0,0.0,0.0,0.0,0.0,0.0,0.0,0.0,0.0,0.0,15.472016895459324,14.52164730728617,0.006335797254487858,0.0,0.0,0.0,0.0,0.0,0.0,0.0,0.0,0.0,0.0,0.0,0.0,0.0,0.0,0.0,0.0,nan,nan,4.025344180225281,2.7695683981132935,nan,0.3997,0.04385,0.0,0.0,0.0,0.0,0.0,0.0,0.0,0.0,0.0,0.0,0.0,0.0,0.0,0.0,0.0,0.0,0.0,0.0,0.0,0.0,0.0,0.0,0.0,0.0,1.0559662090813093e-05,0.0006230200633579726,4.2238648363252374e-05,0.0,0.004308342133051742,0.00512143611404435,0.0055966209081309394,0.0037909186906019006,0.01194297782470961,0.06488912354804646,0.0501583949313622,0.0278247096092925,0.0502428722280887,0.04089757127771911,0.07227032734952482,0.09359028511087646,0.10090813093980992,0.10136219640971489,0.09730728616684266,0.074350580781415,0.07246040126715945,0.033748680042238646,0.016504751847940865,0.0302428722280887,0.013136219640971489,0.008521647307286167,0.012682154171066527,0.006209081309398099,0.0006441393875395988,0.0002534318901795143,0.0003590285110876452,0.0,0.0,0.0,0.0,0.0,0.0,0.0,0.0,0.0,0.0,0.0,0.0,0.0,0.0,0.0,0.0,0.0,0.0,0.0,0.0,0.0,0.0,0.0,0.0,0.0,0.0,0.0,0.0,0.0,0.0,0.0,0.0,0.0,0.0,0.0,0.0,0.0,0.0,0.0,0.0,0.0,0.0,0.0,0.0,0.0,0.0,nan,nan,4.025344180225281,2.7695683981132935,nan,0.8591014445193109,0.034877032038053785,0.0,0.0,0.0,0.0,0.0,0.0,0.0,0.0,0.0,0.0,0.0,0.0,0.0,0.0,0.0,0.0,0.0,0.0,0.0,0.0,0.0,0.03674969375255207,0.1959983666802777,1.126990608411593,4.385463454471213,12.899142507145777,8.158432013066559,2.437729685585954,0.5757452021233157,0.18374846876276035,0.8579582232502815,0.033653519084345204,0.0,0.0,0.0,0.0,0.0,0.0,0.0,0.0,0.0,0.0,0.0,0.0,0.0,0.0,0.0,0.0,0.0,0.0,0.0,0.0,0.013123359580052497,0.026246719160104993,0.17060367454068245,1.0892388451443535,4.816272965879266,12.467191601049873,8.766404199475067,2.0997375328083994,0.4330708661417324,0.11811023622047247,0.4001,0.0092,0.0,0.0,0.0,0.0,0.0,0.0,0.0,0.0,0.0,0.0,0.0,14.785626786443425,15.214373213556557,0.0,0.0,0.0,0.0,0.0,0.0,0.0,0.0,0.0,0.0,0.0,0.0,0.0,0.0,0.0,0.0,0.0,0.3994,0.00916,0.0,0.0,0.0,0.0,0.0,0.0,0.0,0.0,0.0,0.0,0.0,16.207349081364807,13.779527559055122,0.013123359580052497,0.0,0.0,0.0,0.0,0.0,0.0,0.0,0.0,0.0,0.0,0.0,0.0,0.0,0.0,0.0,0.0
28600,4523,2389,0.5281892549193014,1167,888,0.45434446164050407,1267,0.560247623258899,0.38599999999999995,3.0126522961574507,3.08294112091292,6.481072555205047,2.1143466936876703,8388.26699093522,505.8940768865622,7853.0,8866.4,8866.399999999998,1.8189894035458565e-12,7853.0,0.0,28.54985629007296,20.606874323394795,33.15256875973015,18.83023252294038,0.12845456555383594,0.09285872208711032,0.09241653769621933,0.08865797037364581,0.08268848109661729,0.07716117621047977,0.06986513376077824,0.06234799911563122,0.061905814724740216,0.05483086447048419,0.05284103471147469,0.04554499226177316,0.032721644925934115,0.025204510280787087,0.019013928808313065,0.007738226840592527,0.00574839708158302,0.8560883924546243,0.03444819400149126,0.0,0.0,0.0,0.0,0.0,0.0,0.0,0.0,0.0,0.0,0.0,0.0,0.0,0.0,0.0,0.0,0.0,0.0,0.0,0.0,0.006632765863365025,0.06632765863365024,0.19898297590095074,1.2403272164492556,5.153659075834624,12.555825779349993,8.14503648021225,2.076055715233253,0.43112978111872663,0.12602255140393548,4.166216216216216,2.897238994471872,3.3125,3.422695392523267,0.7950859552384042,4.136786188579017,2.8114523482019584,4.187074829931973,2.989727812989173,1.0121564516657386,0.3997,0.00904,0.0,0.0,0.0,0.0,0.0,0.0,0.0,0.0,0.0,0.0,0.006632765863365025,15.30842361264645,14.684943621490165,0.0,0.0,0.0,0.0,0.0,0.0,0.0,0.0,0.0,0.0,0.0,0.0,0.0,0.0,0.0,0.0,0.0,nan,nan,4.161626344086022,2.9009903833806963,nan,0.3997,0.04367,0.0,0.0,0.0,0.0,0.0,0.0,0.0,0.0,0.0,0.0,0.0,0.0,0.0,0.0,0.0,0.0,0.0,0.0,0.0,0.0,0.0,0.0,0.0,0.0,0.0,0.000574839708158302,1.105460977227504e-05,0.0,0.004488171567543666,0.004720318372761442,0.004565553835949591,0.004012823347335839,0.012049524651779792,0.0651005969489277,0.04950254256024762,0.02943842582356843,0.05002210921954455,0.04277028520893213,0.07092637629891665,0.09462745965067433,0.10076276807428698,0.10037585673225735,0.09635197877514924,0.07328100818041124,0.072186601812956,0.03617068317488393,0.016073402608887906,0.03153880168030068,0.012911784214017246,0.008611541012602255,0.013110767189918196,0.004565553835949591,0.0006632765863365023,0.00029847446385142603,0.000287419854079151,0.0,0.0,0.0,0.0,0.0,0.0,0.0,0.0,0.0,0.0,0.0,0.0,0.0,0.0,0.0,0.0,0.0,0.0,0.0,0.0,0.0,0.0,0.0,0.0,0.0,0.0,0.0,0.0,0.0,0.0,0.0,0.0,0.0,0.0,0.0,0.0,0.0,0.0,0.0,0.0,0.0,0.0,0.0,0.0,0.0,0.0,nan,nan,4.161626344086022,2.9009903833806963,nan,0.8558319253171024,0.03577594186831298,0.0,0.0,0.0,0.0,0.0,0.0,0.0,0.0,0.0,0.0,0.0,0.0,0.0,0.0,0.0,0.0,0.0,0.0,0.0,0.0,0.012557555462536629,0.08790288823775641,0.2511511092507326,1.218082879866049,5.362076182503141,12.394307241523654,7.7480117203851,2.27291753871913,0.5148597739640017,0.1381331100879029,0.8563755058527216,0.03289590321747962,0.0,0.0,0.0,0.0,0.0,0.0,0.0,0.0,0.0,0.0,0.0,0.0,0.0,0.0,0.0,0.0,0.0,0.0,0.0,0.0,0.0,0.042174320524835995,0.14058106841611998,1.2652296157450758,4.9203373945642,12.736644798500471,8.589503280224932,1.855670103092784,0.33739456419868796,0.112464854732896,0.3997,0.00903,0.0,0.0,0.0,0.0,0.0,0.0,0.0,0.0,0.0,0.0,0.0,15.659271661783151,14.340728338216831,0.0,0.0,0.0,0.0,0.0,0.0,0.0,0.0,0.0,0.0,0.0,0.0,0.0,0.0,0.0,0.0,0.0,0.4,0.00905,0.0,0.0,0.0,0.0,0.0,0.0,0.0,0.0,0.0,0.0,0.014058106841612,14.915651358950306,15.070290534208063,0.0,0.0,0.0,0.0,0.0,0.0,0.0,0.0,0.0,0.0,0.0,0.0,0.0,0.0,0.0,0.0,0.0
28700,4308,2200,0.510677808727948,1003,895,0.44057567316620244,1214,0.5636025998142989,0.43,2.977703984819734,3.116640780837164,6.660929432013769,2.1333363759911075,8370.520891364902,506.5844434149837,7853.0,8866.4,8866.4,0.0,7853.0,0.0,27.66225626740947,20.904342769553697,32.826547685443394,19.109717210729485,0.14391829155060354,0.10306406685236769,0.09517177344475394,0.08263695450324977,0.07683379758588672,0.07636954503249768,0.06731662024141133,0.06453110492107707,0.0638347260909935,0.04921077065923862,0.04387186629526462,0.03899721448467967,0.034586815227483754,0.02692664809656453,0.016016713091922007,0.009749303621169917,0.006963788300835654,0.8552026704797727,0.0341169044797698,0.0,0.0,0.0,0.0,0.0,0.0,0.0,0.0,0.0,0.0,0.0,0.0,0.0,0.0,0.0,0.0,0.0,0.0,0.0,0.0,0.006963788300835656,0.041782729805013935,0.2506963788300836,1.044568245125345,5.863509749303623,12.597493036211702,7.90389972144847,1.6852367688022287,0.45264623955431765,0.15320334261838442,4.35117302052786,2.8392654407066575,3.3333333333333335,2.211083193570267,0.7660769446784611,4.470289855072464,2.8393944399377227,4.2232866617538685,2.831206265503282,0.944745597863566,0.4,0.00922,0.0,0.0,0.0,0.0,0.0,0.0,0.0,0.0,0.0,0.0,0.006963788300835656,14.993036211699142,15.000000000000004,0.0,0.0,0.0,0.0,0.0,0.0,0.0,0.0,0.0,0.0,0.0,0.0,0.0,0.0,0.0,0.0,0.0,nan,nan,4.3478260869565215,2.838025988404203,nan,0.4,0.04388,0.0,0.0,0.0,0.0,0.0,0.0,0.0,0.0,0.0,0.0,0.0,0.0,0.0,0.0,0.0,0.0,0.0,0.0,0.0,0.0,0.0,0.0,0.0,0.0,1.160631383472609e-05,0.000638347260909935,5.8031569173630455e-05,0.0,0.004526462395543176,0.004654131847725162,0.005013927576601671,0.003667595171773445,0.012163416898792943,0.06133936861652739,0.04905988857938719,0.030663881151346332,0.05234447539461467,0.045682451253481894,0.07069405756731661,0.09380222841225627,0.10004642525533891,0.10176415970287836,0.09146935933147632,0.0730849582172702,0.07188950789229341,0.03759285051067781,0.01662024141132776,0.031093314763231197,0.012604456824512535,0.009076137418755802,0.014322191272051997,0.0049907149489322195,0.0005803156917363045,0.00010445682451253482,0.0004294336118848654,1.160631383472609e-05,0.0,0.0,0.0,0.0,0.0,0.0,0.0,0.0,0.0,0.0,0.0,0.0,0.0,0.0,0.0,0.0,0.0,0.0,0.0,0.0,0.0,0.0,0.0,0.0,0.0,0.0,0.0,0.0,0.0,0.0,0.0,0.0,0.0,0.0,0.0,0.0,0.0,0.0,0.0,0.0,0.0,0.0,0.0,0.0,0.0,nan,nan,4.3478260869565215,2.838025988404203,nan,0.8545720344510945,0.0339608762867865,0.0,0.0,0.0,0.0,0.0,0.0,0.0,0.0,0.0,0.0,0.0,0.0,0.0,0.0,0.0,0.0,0.0,0.0,0.0,0.0,0.0,0.02727272727272728,0.23181818181818187,1.240909090909087,5.850000000000001,12.668181818181822,7.731818181818183,1.7318181818181821,0.34090909090909094,0.17727272727272733,0.8558608295229853,0.034266610181507555,0.0,0.0,0.0,0.0,0.0,0.0,0.0,0.0,0.0,0.0,0.0,0.0,0.0,0.0,0.0,0.0,0.0,0.0,0.0,0.0,0.0142314990512334,0.0569259962049336,0.2703984819734346,0.8396584440227678,5.877609108159395,12.523719165085392,8.083491461100571,1.6366223908918411,0.5692599620493359,0.1280834914611006,0.4,0.00916,0.0,0.0,0.0,0.0,0.0,0.0,0.0,0.0,0.0,0.0,0.0,14.959090909090886,15.040909090909095,0.0,0.0,0.0,0.0,0.0,0.0,0.0,0.0,0.0,0.0,0.0,0.0,0.0,0.0,0.0,0.0,0.0,0.4001,0.00928,0.0,0.0,0.0,0.0,0.0,0.0,0.0,0.0,0.0,0.0,0.0142314990512334,15.028462998102444,14.957305502846303,0.0,0.0,0.0,0.0,0.0,0.0,0.0,0.0,0.0,0.0,0.0,0.0,0.0,0.0,0.0,0.0,0.0
28800,4379,2283,0.5213519068280429,1037,896,0.441424982872802,1240,0.5663393468828499,0.414,2.997614503816794,3.076551001549162,6.549488054607509,2.1068168435615484,8381.33802237954,506.23777613637486,7853.0,8866.4,8866.399999999998,1.8189894035458565e-12,7853.0,0.0,28.241836035624573,21.24353344182459,33.28940920228696,19.47744622688929,0.13952957296186344,0.10321991322219685,0.09134505594884677,0.08243891299383421,0.08243891299383421,0.06919387988125143,0.07033569308061201,0.0701073304407399,0.051381593971226304,0.05412194564969171,0.04247545101621375,0.03927837405800411,0.03630965973966659,0.026490066225165563,0.023292989266955926,0.010504681434117378,0.007535967115779858,0.8544741712849171,0.03423530230455044,0.0,0.0,0.0,0.0,0.0,0.0,0.0,0.0,0.0,0.0,0.0,0.0,0.0,0.0,0.0,0.0,0.0,0.0,0.0,0.0,0.027403516784654035,0.034254395980817545,0.21237725508106878,1.2126056177209372,5.460150719342316,13.256451244576391,7.488010961406715,1.705868919844714,0.47271066453528215,0.13016670472710667,4.250178189593727,2.858280970036459,4.0,2.4201534780139164,0.9411370115713568,4.265492957746479,2.839721910969549,4.229449606862044,2.872231137225023,0.9915500151467893,0.3997,0.009125,0.0,0.0,0.0,0.0,0.0,0.0,0.0,0.0,0.0,0.0,0.0,15.304864124229253,14.695135875770728,0.0,0.0,0.0,0.0,0.0,0.0,0.0,0.0,0.0,0.0,0.0,0.0,0.0,0.0,0.0,0.0,0.0,nan,nan,4.248936170212766,2.8563259896318427,nan,0.3997,0.044,0.0,0.0,0.0,0.0,0.0,0.0,0.0,0.0,0.0,0.0,0.0,0.0,0.0,0.0,0.0,0.0,0.0,0.0,0.0,0.0,0.0,0.0,0.0,0.0,0.00015985384791048185,0.0002740351678465403,5.709065996802923e-05,0.0,0.0042932176295957985,0.004601507193423156,0.004670015985384791,0.003539620918017812,0.012696962776889701,0.06279972596483216,0.05028545329984015,0.030497830554921213,0.056885133592144324,0.0460949988581868,0.07178579584379996,0.09104818451701302,0.0984585521808632,0.10196391870290021,0.09109385704498744,0.06877140899748801,0.07273350079926924,0.03523635533226764,0.017252797442338434,0.0320278602420644,0.012263073761132679,0.009910938570449874,0.015186115551495774,0.004841287965288879,0.00019410824389129937,7.992692395524092e-05,0.00025119890385932864,4.567252797442338e-05,0.0,0.0,0.0,0.0,0.0,0.0,0.0,0.0,0.0,0.0,0.0,0.0,0.0,0.0,0.0,0.0,0.0,0.0,0.0,0.0,0.0,0.0,0.0,0.0,0.0,0.0,0.0,0.0,0.0,0.0,0.0,0.0,0.0,0.0,0.0,0.0,0.0,0.0,0.0,0.0,0.0,0.0,0.0,0.0,0.0,nan,nan,4.248936170212766,2.8563259896318427,nan,0.8542700127400278,0.03491048640835885,0.0,0.0,0.0,0.0,0.0,0.0,0.0,0.0,0.0,0.0,0.0,0.0,0.0,0.0,0.0,0.0,0.0,0.0,0.0,0.0,0.039421813403416564,0.05256241787122209,0.26281208935611045,1.1957950065702985,5.440210249671487,13.101182654402105,7.542706964520369,1.76084099868594,0.45992115637319325,0.14454664914586074,0.8546965443564736,0.03348297648386551,0.0,0.0,0.0,0.0,0.0,0.0,0.0,0.0,0.0,0.0,0.0,0.0,0.0,0.0,0.0,0.0,0.0,0.0,0.0,0.0,0.014312977099236644,0.014312977099236644,0.15744274809160308,1.2309160305343472,5.481870229007635,13.425572519083973,7.428435114503818,1.6459923664122142,0.4866412213740459,0.11450381679389315,0.3994,0.00896,0.0,0.0,0.0,0.0,0.0,0.0,0.0,0.0,0.0,0.0,0.0,15.400788436268046,14.599211563731934,0.0,0.0,0.0,0.0,0.0,0.0,0.0,0.0,0.0,0.0,0.0,0.0,0.0,0.0,0.0,0.0,0.0,0.3997,0.0093,0.0,0.0,0.0,0.0,0.0,0.0,0.0,0.0,0.0,0.0,0.0,15.20038167938929,14.79961832061069,0.0,0.0,0.0,0.0,0.0,0.0,0.0,0.0,0.0,0.0,0.0,0.0,0.0,0.0,0.0,0.0,0.0
28900,4394,2229,0.5072826581702321,1059,902,0.446290395994538,1259,0.5730541647701412,0.41,2.9394919168591223,3.090406330759053,6.483606557377049,2.2126077136228264,8367.080245789713,506.64624934177033,7853.0,8866.4,8866.400000000001,1.8189894035458565e-12,7853.0,0.0,28.175011379153393,21.109692576534417,33.00970612024805,19.42695946354688,0.13723258989531179,0.09786071916249431,0.09467455621301775,0.08807464724624488,0.08192990441511151,0.0760127446517979,0.06827492034592626,0.06395084205735094,0.058033682294037325,0.04938552571688666,0.04369594902139281,0.040282203004096497,0.033682294037323625,0.02594446973145198,0.02116522530723714,0.010923987255348202,0.008875739644970414,0.8545351958052375,0.034092819826008716,0.0,0.0,0.0,0.0,0.0,0.0,0.0,0.0,0.0,0.0,0.0,0.0,0.0,0.0,0.0,0.0,0.0,0.0,0.0,0.0,0.0,0.047792444242148395,0.30723714155666826,1.1333636777423723,5.700955848884845,12.289485662266731,8.117888029130635,1.959490213928084,0.34137460172963136,0.10241238051888941,4.2423920736022644,2.861695278838252,3.6666666666666665,3.2386554137309655,0.8642922679122529,4.1597757533286615,2.754822633543811,4.31966053748232,2.9681850779630348,1.0384359142498771,0.399,0.008736,0.0,0.0,0.0,0.0,0.0,0.0,0.0,0.0,0.0,0.0,0.0,16.392808375056873,13.607191624943107,0.0,0.0,0.0,0.0,0.0,0.0,0.0,0.0,0.0,0.0,0.0,0.0,0.0,0.0,0.0,0.0,0.0,nan,nan,4.239352340725096,2.8641197813457695,nan,0.399,0.04376,0.0,0.0,0.0,0.0,0.0,0.0,0.0,0.0,0.0,0.0,0.0,0.0,0.0,0.0,0.0,0.0,0.0,0.0,0.0,0.0,0.0,0.0,0.0,1.137915339098771e-05,0.00030723714155666816,0.00039827036868456985,0.0,2.275830678197542e-05,0.0035047792444242148,0.005564406008192991,0.005905780609922622,0.0032999544833864363,0.01292671825216204,0.06405325443786983,0.049920345926263085,0.02983614019116978,0.05632680928538917,0.04664314974965863,0.07349795175238963,0.09223941738734638,0.09691624943104234,0.10540509786071917,0.08969048702776514,0.06830905780609922,0.07107419208010923,0.03788120163859809,0.016784251251706874,0.028812016385980882,0.01202776513427401,0.010286754665452891,0.013609467455621301,0.004278561675011379,0.0001137915339098771,0.0001137915339098771,0.0002162039144287665,2.275830678197542e-05,0.0,0.0,0.0,0.0,0.0,0.0,0.0,0.0,0.0,0.0,0.0,0.0,0.0,0.0,0.0,0.0,0.0,0.0,0.0,0.0,0.0,0.0,0.0,0.0,0.0,0.0,0.0,0.0,0.0,0.0,0.0,0.0,0.0,0.0,0.0,0.0,0.0,0.0,0.0,0.0,0.0,0.0,0.0,0.0,0.0,nan,nan,4.239352340725096,2.8641197813457695,nan,0.854564711431475,0.03427992413651266,0.0,0.0,0.0,0.0,0.0,0.0,0.0,0.0,0.0,0.0,0.0,0.0,0.0,0.0,0.0,0.0,0.0,0.0,0.0,0.0,0.0,0.026917900403768513,0.2826379542395694,1.211305518169579,5.5316285329744295,12.611036339165548,7.954239569313595,1.884253028263796,0.34993270524899067,0.1480484522207268,0.8545048076616424,0.03389907869896618,0.0,0.0,0.0,0.0,0.0,0.0,0.0,0.0,0.0,0.0,0.0,0.0,0.0,0.0,0.0,0.0,0.0,0.0,0.0,0.0,0.0,0.06928406466512703,0.33256351039260973,1.0531177829099274,5.875288683602773,11.958429561200926,8.286374133949193,2.036951501154735,0.33256351039260973,0.05542725173210163,0.399,0.0088,0.0,0.0,0.0,0.0,0.0,0.0,0.0,0.0,0.0,0.0,0.0,16.446837146702535,13.553162853297446,0.0,0.0,0.0,0.0,0.0,0.0,0.0,0.0,0.0,0.0,0.0,0.0,0.0,0.0,0.0,0.0,0.0,0.399,0.008675,0.0,0.0,0.0,0.0,0.0,0.0,0.0,0.0,0.0,0.0,0.0,16.337182448036927,13.662817551963052,0.0,0.0,0.0,0.0,0.0,0.0,0.0,0.0,0.0,0.0,0.0,0.0,0.0,0.0,0.0,0.0,0.0
29000,4465,2317,0.5189249720044793,1096,904,0.4479283314669653,1265,0.5666293393057111,0.414,2.977653631284916,3.0631867887459165,6.453225806451613,2.0742832218613056,8378.878566629339,506.33691607668095,7853.0,8866.4,8866.399999999998,1.8189894035458565e-12,7853.0,0.0,28.36797312430011,21.023904808179104,33.35889243876464,19.183605144355518,0.1428891377379619,0.09003359462486002,0.0940649496080627,0.08667413213885779,0.07950727883538634,0.0748040313549832,0.06405375139977604,0.06517357222844344,0.05845464725643897,0.053303471444568866,0.05106382978723404,0.04703247480403135,0.031578947368421054,0.023516237402015677,0.01769316909294513,0.011646136618141097,0.00851063829787234,0.8520564740475722,0.033983942361486365,0.0,0.0,0.0,0.0,0.0,0.0,0.0,0.0,0.0,0.0,0.0,0.0,0.0,0.0,0.0,0.0,0.0,0.0,0.0,0.0,0.006718924972004481,0.033594624860022404,0.33594624860022404,1.377379619260914,6.201567749160136,12.645016797312433,7.222844344904817,1.7670772676371784,0.3426651735722285,0.06718924972004481,4.250863856254319,2.880352674139407,4.8125,2.788788939665388,1.13212282555682,4.313818924438394,2.838317207731457,4.192921582234559,2.920929738019636,0.9719744049712115,0.399,0.00901,0.0,0.0,0.0,0.0,0.0,0.0,0.0,0.0,0.0,0.0,0.013437849944008961,16.48824188129897,13.498320268757002,0.0,0.0,0.0,0.0,0.0,0.0,0.0,0.0,0.0,0.0,0.0,0.0,0.0,0.0,0.0,0.0,0.0,nan,nan,4.253951890034364,2.880156636709359,nan,0.399,0.04382,0.0,0.0,0.0,0.0,0.0,0.0,0.0,0.0,0.0,0.0,0.0,0.0,0.0,0.0,0.0,0.0,0.0,0.0,0.0,0.0,0.0,0.0,0.0,4.479283314669653e-05,0.000257558790593505,0.0004143337066069429,0.0,0.0,0.0037737961926091823,0.005856662933930571,0.007200447928331467,0.003807390817469205,0.011802911534154536,0.061478163493840984,0.050985442329227325,0.030750279955207165,0.05662933930571109,0.04638297872340426,0.07040313549832027,0.08847704367301232,0.10185890257558791,0.1035946248600224,0.09143337066069429,0.06833146696528555,0.07318029115341546,0.03816349384098544,0.015408734602463605,0.028958566629339304,0.012172452407614782,0.010806270996640537,0.01316909294512878,0.004143337066069429,0.00012318029115341545,0.0001455767077267637,0.00019036954087346024,3.35946248600224e-05,2.2396416573348266e-05,0.0,0.0,0.0,0.0,0.0,0.0,0.0,0.0,0.0,0.0,0.0,0.0,0.0,0.0,0.0,0.0,0.0,0.0,0.0,0.0,0.0,0.0,0.0,0.0,0.0,0.0,0.0,0.0,0.0,0.0,0.0,0.0,0.0,0.0,0.0,0.0,0.0,0.0,0.0,0.0,0.0,0.0,0.0,0.0,nan,nan,4.253951890034364,2.880156636709359,nan,0.8524287455957616,0.03384890972513693,0.0,0.0,0.0,0.0,0.0,0.0,0.0,0.0,0.0,0.0,0.0,0.0,0.0,0.0,0.0,0.0,0.0,0.0,0.0,0.0,0.0,0.025895554596460948,0.29779887785930087,1.385412170910656,6.227880880448858,12.520500647388868,7.224859732412604,1.9292188174363405,0.3236944324557618,0.06473888649115236,0.8516549129781332,0.03412444735975758,0.0,0.0,0.0,0.0,0.0,0.0,0.0,0.0,0.0,0.0,0.0,0.0,0.0,0.0,0.0,0.0,0.0,0.0,0.0,0.0,0.013966480446927377,0.04189944134078213,0.37709497206703924,1.3687150837988784,6.173184357541901,12.779329608938552,7.2206703910614545,1.592178770949721,0.36312849162011185,0.06983240223463688,0.3992,0.00897,0.0,0.0,0.0,0.0,0.0,0.0,0.0,0.0,0.0,0.0,0.012947777298230474,16.171773845489835,13.815278377211914,0.0,0.0,0.0,0.0,0.0,0.0,0.0,0.0,0.0,0.0,0.0,0.0,0.0,0.0,0.0,0.0,0.0,0.3987,0.009056,0.0,0.0,0.0,0.0,0.0,0.0,0.0,0.0,0.0,0.0,0.013966480446927377,16.829608938547462,13.15642458100559,0.0,0.0,0.0,0.0,0.0,0.0,0.0,0.0,0.0,0.0,0.0,0.0,0.0,0.0,0.0,0.0,0.0
29100,4632,2375,0.5127374784110535,1106,953,0.44451640759930916,1308,0.5647668393782384,0.41,3.0,3.0951532136614803,6.685847589424572,2.0056456913648675,8372.608160621761,506.5355558984607,7853.0,8866.4,8866.399999999998,1.8189894035458565e-12,7853.0,0.0,27.878238341968913,20.93423231364123,32.930304594734125,19.167503247786136,0.1405440414507772,0.1040587219343696,0.09024179620034542,0.08721934369602763,0.07707253886010362,0.07642487046632124,0.07102763385146804,0.05569948186528497,0.067573402417962,0.05008635578583765,0.04641623488773748,0.04015544041450777,0.0325993091537133,0.025690846286701208,0.016191709844559584,0.011658031088082901,0.007340241796200345,0.8521839113510334,0.035441523041730046,0.0,0.0,0.0,0.0,0.0,0.0,0.0,0.0,0.0,0.0,0.0,0.0,0.0,0.0,0.0,0.0,0.0,0.0,0.0,0.0,0.012953367875647671,0.06476683937823835,0.36917098445595864,1.4378238341968868,6.224093264248706,12.195595854922283,7.338082901554405,1.7940414507772025,0.47279792746114,0.09067357512953371,4.385057471264368,2.881735842731823,3.611111111111111,3.0937012871835234,0.8235037134119704,4.362115127175368,2.8476599421366338,4.398785425101215,2.9194445395562245,1.0084065406016902,0.3987,0.00893,0.0,0.0,0.0,0.0,0.0,0.0,0.0,0.0,0.0,0.0,0.0,16.87823834196889,13.115284974093267,0.0064766839378238355,0.0,0.0,0.0,0.0,0.0,0.0,0.0,0.0,0.0,0.0,0.0,0.0,0.0,0.0,0.0,0.0,nan,nan,4.380376344086022,2.8836891821459094,nan,0.3987,0.0438,0.0,0.0,0.0,0.0,0.0,0.0,0.0,0.0,0.0,0.0,0.0,0.0,0.0,0.0,0.0,0.0,0.0,0.0,0.0,0.0,0.0,0.0,0.0,0.0,0.0004641623488773748,0.00038860103626943003,8.635578583765112e-05,0.0001079447322970639,0.002957685664939551,0.004576856649395509,0.008862262521588947,0.0034974093264248706,0.01342832469775475,0.06204663212435233,0.05243955094991364,0.03176813471502591,0.05503022452504318,0.04428972366148532,0.06954879101899827,0.08823402417962004,0.10484671848013817,0.10447970639032815,0.09264896373056995,0.06530656303972367,0.07526986183074266,0.036496113989637306,0.015306563039723662,0.028011658031088082,0.011517702936096719,0.010546200345423144,0.012273316062176166,0.004922279792746114,6.476683937823834e-05,4.317789291882556e-05,0.0004533678756476684,0.0,7.556131260794473e-05,1.079447322970639e-05,0.0,0.0,0.0,0.0,0.0,0.0,0.0,0.0,0.0,0.0,0.0,0.0,0.0,0.0,0.0,0.0,0.0,0.0,0.0,0.0,0.0,0.0,0.0,0.0,0.0,0.0,0.0,0.0,0.0,0.0,0.0,0.0,0.0,0.0,0.0,0.0,0.0,0.0,0.0,0.0,0.0,0.0,0.0,nan,nan,4.380376344086022,2.8836891821459094,nan,0.8527033331770646,0.03620030049091131,0.0,0.0,0.0,0.0,0.0,0.0,0.0,0.0,0.0,0.0,0.0,0.0,0.0,0.0,0.0,0.0,0.0,0.0,0.0,0.0,0.012631578947368424,0.07578947368421053,0.3663157894736843,1.4652631578947322,5.987368421052633,12.315789473684214,7.162105263157896,1.9705263157894741,0.49263157894736853,0.15157894736842106,0.8516373332221793,0.03461671062616946,0.0,0.0,0.0,0.0,0.0,0.0,0.0,0.0,0.0,0.0,0.0,0.0,0.0,0.0,0.0,0.0,0.0,0.0,0.0,0.0,0.013291980505095263,0.05316792202038105,0.37217545414266734,1.408949933540093,6.473194505981393,12.069118298626499,7.523260965883918,1.6083296411165269,0.4519273371732389,0.026583961010190525,0.399,0.009094,0.0,0.0,0.0,0.0,0.0,0.0,0.0,0.0,0.0,0.0,0.0,16.395789473684186,13.604210526315793,0.0,0.0,0.0,0.0,0.0,0.0,0.0,0.0,0.0,0.0,0.0,0.0,0.0,0.0,0.0,0.0,0.0,0.3984,0.008736,0.0,0.0,0.0,0.0,0.0,0.0,0.0,0.0,0.0,0.0,0.0,17.385910500664572,12.600797518830309,0.013291980505095263,0.0,0.0,0.0,0.0,0.0,0.0,0.0,0.0,0.0,0.0,0.0,0.0,0.0,0.0,0.0,0.0
29200,4663,2403,0.5153334763028093,1152,947,0.45013939523911645,1317,0.5648723997426549,0.40199999999999997,2.961946902654867,3.0812541574854513,6.531393568147013,2.1407611360763834,8375.238944885268,506.4616779104343,7853.0,8866.4,8866.399999999998,1.8189894035458565e-12,7853.0,0.0,28.562513403388376,21.094903796646552,33.45519167301345,19.288241582597372,0.13682178854814497,0.0958610336693116,0.08985631567660304,0.08878404460647651,0.07870469654728715,0.06969761955822432,0.07012652798627493,0.06390735577954107,0.057259275144756594,0.06090499678318679,0.04868110658374437,0.03945957538065623,0.034956036886124815,0.026592322539137896,0.018657516620201587,0.013296161269568948,0.0064336264207591675,0.8523729734606889,0.035611342020665245,0.0,0.0,0.0,0.0,0.0,0.0,0.0,0.0,0.0,0.0,0.0,0.0,0.0,0.0,0.0,0.0,0.0,0.0,0.0,0.0,0.012867252841518339,0.10293802273214671,0.2895131889341626,1.473300450353845,6.189148616770321,12.500536135535066,6.986918292944458,1.8335835299163632,0.5275573665022518,0.08363714346986921,4.194005270092227,2.8635372332376323,4.782608695652174,2.5359420124204672,1.1403439880625148,4.172323759791123,2.887411514294758,4.224115334207077,2.836218727146821,1.0124131245314834,0.3992,0.00903,0.0,0.0,0.0,0.0,0.0,0.0,0.0,0.0,0.0,0.0,0.0,16.296375723782948,13.703624276217031,0.0,0.0,0.0,0.0,0.0,0.0,0.0,0.0,0.0,0.0,0.0,0.0,0.0,0.0,0.0,0.0,0.0,nan,nan,4.198430859758091,2.8616658158533603,nan,0.3992,0.04364,0.0,0.0,0.0,0.0,0.0,0.0,0.0,0.0,0.0,0.0,0.0,0.0,0.0,0.0,0.0,0.0,0.0,0.0,0.0,0.0,0.0,0.0,0.0,0.0,0.0004181857173493459,0.00045035384945314174,8.578168561012223e-05,0.0,0.00345271284580742,0.0039674029594681534,0.007559511044392023,0.0034634355565086854,0.01344627921938666,0.06126956894702981,0.05147973407677461,0.031674887411537636,0.05291657731074416,0.044220458932018016,0.07304310529701909,0.08849453141754235,0.10169418829079992,0.10294874544284795,0.09282650654085353,0.06917220673386232,0.07713918078490242,0.03670383873043105,0.015161912931589106,0.028286510829937807,0.01192365429980699,0.010401029380227321,0.011484023161055115,0.00538280077203517,0.00020373150332404032,0.0,0.0006219172206733862,0.0,4.289084280506112e-05,6.433626420759168e-05,0.0,0.0,0.0,0.0,0.0,0.0,0.0,0.0,0.0,0.0,0.0,0.0,0.0,0.0,0.0,0.0,0.0,0.0,0.0,0.0,0.0,0.0,0.0,0.0,0.0,0.0,0.0,0.0,0.0,0.0,0.0,0.0,0.0,0.0,0.0,0.0,0.0,0.0,0.0,0.0,0.0,0.0,0.0,nan,nan,4.198430859758091,2.8616658158533603,nan,0.8525533604959226,0.035338530038357026,0.0,0.0,0.0,0.0,0.0,0.0,0.0,0.0,0.0,0.0,0.0,0.0,0.0,0.0,0.0,0.0,0.0,0.0,0.0,0.0,0.0,0.09987515605493136,0.2871410736579276,1.5355805243445646,5.917602996254683,12.784019975031214,6.966292134831463,1.8102372034956309,0.5118601747815232,0.08739076154806494,0.8521811725555268,0.03589814767166072,0.0,0.0,0.0,0.0,0.0,0.0,0.0,0.0,0.0,0.0,0.0,0.0,0.0,0.0,0.0,0.0,0.0,0.0,0.0,0.0,0.026548672566371688,0.10619469026548675,0.29203539823008856,1.4070796460176946,6.4778761061946915,12.19911504424779,7.008849557522126,1.8584070796460181,0.5442477876106195,0.07964601769911506,0.3992,0.00892,0.0,0.0,0.0,0.0,0.0,0.0,0.0,0.0,0.0,0.0,0.0,16.304619225967517,13.695380774032463,0.0,0.0,0.0,0.0,0.0,0.0,0.0,0.0,0.0,0.0,0.0,0.0,0.0,0.0,0.0,0.0,0.0,0.3992,0.009155,0.0,0.0,0.0,0.0,0.0,0.0,0.0,0.0,0.0,0.0,0.0,16.287610619469003,13.712389380530977,0.0,0.0,0.0,0.0,0.0,0.0,0.0,0.0,0.0,0.0,0.0,0.0,0.0,0.0,0.0,0.0,0.0
29300,4544,2291,0.504181338028169,1010,929,0.4267165492957746,1276,0.5616197183098591,0.40599999999999997,3.008433200177541,3.1246368466627756,6.672897196261682,2.1469780295134187,8363.937367957747,506.68228182243604,7853.0,8866.4,8866.4,0.0,7853.0,0.0,27.86773767605634,21.03069055114327,32.796175006549646,19.3421777123815,0.14040492957746478,0.10321302816901408,0.09925176056338028,0.08296654929577464,0.0743838028169014,0.07878521126760564,0.06954225352112677,0.06007922535211268,0.055897887323943664,0.04621478873239437,0.051056338028169015,0.03895246478873239,0.03873239436619718,0.02464788732394366,0.018926056338028168,0.01056338028169014,0.006382042253521127,0.8522727478452972,0.034847787834907044,0.0,0.0,0.0,0.0,0.0,0.0,0.0,0.0,0.0,0.0,0.0,0.0,0.0,0.0,0.0,0.0,0.0,0.0,0.0,0.00660211267605634,0.01980633802816902,0.05941901408450705,0.23107394366197187,1.4194542253521083,6.397447183098593,12.306338028169018,7.3943661971831,1.6637323943661977,0.35651408450704236,0.14524647887323947,4.400278940027894,2.8387928230265302,5.076923076923077,2.813744793564905,1.153773009874436,4.391274238227147,2.8218000354434847,4.4154488517745305,2.8562128786202625,1.0055051477625647,0.4,0.00899,0.0,0.0,0.0,0.0,0.0,0.0,0.0,0.0,0.0,0.0,0.0,15.396126760563359,14.603873239436624,0.0,0.0,0.0,0.0,0.0,0.0,0.0,0.0,0.0,0.0,0.0,0.0,0.0,0.0,0.0,0.0,0.0,nan,nan,4.403332176327664,2.83904252300865,nan,0.4,0.0439,0.0,0.0,0.0,0.0,0.0,0.0,0.0,0.0,0.0,0.0,0.0,0.0,0.0,0.0,0.0,0.0,0.0,0.0,0.0,0.0,0.0,1.1003521126760564e-05,0.0,0.0,0.0005171654929577464,0.00019806338028169015,0.00022007042253521127,0.0,0.0032350352112676057,0.003928257042253521,0.007559419014084507,0.004632482394366197,0.013644366197183098,0.059231954225352115,0.05116637323943662,0.02990757042253521,0.050869278169014084,0.046566901408450705,0.07109375,0.0892825704225352,0.09950484154929577,0.10334507042253521,0.0921875,0.06915713028169014,0.07934639084507042,0.03752200704225352,0.014491637323943662,0.029170334507042255,0.013171214788732394,0.010816461267605633,0.012577024647887325,0.005710827464788733,0.0002970950704225352,0.0,0.0006051936619718309,0.0,0.0,3.301056338028169e-05,0.0,0.0,0.0,0.0,0.0,0.0,0.0,0.0,0.0,0.0,0.0,0.0,0.0,0.0,0.0,0.0,0.0,0.0,0.0,0.0,0.0,0.0,0.0,0.0,0.0,0.0,0.0,0.0,0.0,0.0,0.0,0.0,0.0,0.0,0.0,0.0,0.0,0.0,0.0,0.0,0.0,0.0,0.0,nan,nan,4.403332176327664,2.83904252300865,nan,0.852243020746813,0.0351716966619063,0.0,0.0,0.0,0.0,0.0,0.0,0.0,0.0,0.0,0.0,0.0,0.0,0.0,0.0,0.0,0.0,0.0,0.0,0.0,0.013094718463553036,0.026189436927106072,0.07856831078131822,0.26189436927106075,1.2570929725010873,6.534264513312966,12.191182889567877,7.490178961152337,1.6499345264076826,0.34046268005237895,0.15713662156263644,0.8523029763329256,0.03451527265958482,0.0,0.0,0.0,0.0,0.0,0.0,0.0,0.0,0.0,0.0,0.0,0.0,0.0,0.0,0.0,0.0,0.0,0.0,0.0,0.0,0.013315579227696408,0.03994673768308922,0.19973368841544611,1.5845539280958674,6.258322237017312,12.423435419440748,7.296937416777632,1.6777629826897473,0.37283621837549946,0.13315579227696409,0.4,0.009,0.0,0.0,0.0,0.0,0.0,0.0,0.0,0.0,0.0,0.0,0.0,15.543430816237429,14.456569183762552,0.0,0.0,0.0,0.0,0.0,0.0,0.0,0.0,0.0,0.0,0.0,0.0,0.0,0.0,0.0,0.0,0.0,0.3997,0.00897,0.0,0.0,0.0,0.0,0.0,0.0,0.0,0.0,0.0,0.0,0.0,15.246338215712361,14.753661784287619,0.0,0.0,0.0,0.0,0.0,0.0,0.0,0.0,0.0,0.0,0.0,0.0,0.0,0.0,0.0,0.0,0.0
29400,4499,2336,0.519226494776617,1084,891,0.43898644143142923,1268,0.5636808179595466,0.43,3.042995839112344,3.1061510706759834,6.548895899053628,2.176365819799607,8379.184129806625,506.3252498993888,7853.0,8866.4,8866.4,0.0,7853.0,0.0,28.626139142031562,21.057416644512358,33.58623417721519,19.207614039343916,0.13558568570793508,0.09246499222049344,0.09891086908201822,0.08112913980884641,0.0773505223382974,0.0735719048677484,0.06690375639030896,0.06868192931762614,0.05867970660146699,0.055345632362747275,0.046899310957990666,0.044676594798844185,0.03734163147366081,0.027783951989330962,0.016892642809513227,0.010891309179817737,0.006890420093354078,0.8507767860214825,0.033877898203061134,0.0,0.0,0.0,0.0,0.0,0.0,0.0,0.0,0.0,0.0,0.0,0.0,0.0,0.0,0.0,0.0,0.0,0.0,0.0,0.006668148477439432,0.05334518781951546,0.05334518781951546,0.24005334518781957,1.4203156256945944,6.414758835296734,12.92287174927762,7.034896643698601,1.5136697043787513,0.2733940875750167,0.06668148477439433,4.279547790339158,2.8624926193048847,3.9523809523809526,2.819594541540469,0.9235510726865194,4.312971859986273,2.8363370231489697,4.242076871207013,2.887190581861954,0.9835623808638794,0.3994,0.00892,0.0,0.0,0.0,0.0,0.0,0.0,0.0,0.0,0.0,0.0,0.0,15.67681707046008,14.3231829295399,0.0,0.0,0.0,0.0,0.0,0.0,0.0,0.0,0.0,0.0,0.0,0.0,0.0,0.0,0.0,0.0,0.0,nan,nan,4.2772108843537415,2.862321089038104,nan,0.3994,0.0436,0.0,0.0,0.0,0.0,0.0,0.0,0.0,0.0,0.0,0.0,0.0,0.0,0.0,0.0,0.0,0.0,0.0,0.0,0.0,0.0,0.0,0.0,0.0,0.0,0.0005445654589908869,0.00026672593909757725,0.00013336296954878863,2.222716159146477e-05,0.003578573016225828,0.0038341853745276727,0.007835074460991331,0.004256501444765503,0.013814180929095355,0.05906868192931763,0.04754389864414314,0.03169593242942876,0.051000222271615915,0.04768837519448767,0.07368304067570572,0.08957546121360302,0.10215603467437208,0.10295621249166481,0.09532118248499667,0.0674705490108913,0.07712825072238275,0.0378195154478773,0.012680595687930651,0.02837297177150478,0.011958212936208046,0.009857746165814625,0.013425205601244721,0.005256723716381418,0.0005334518781951545,5.5567903978661923e-05,0.0004667703934207602,0.0,0.0,0.0,0.0,0.0,0.0,0.0,0.0,0.0,0.0,0.0,0.0,0.0,0.0,0.0,0.0,0.0,0.0,0.0,0.0,0.0,0.0,0.0,0.0,0.0,0.0,0.0,0.0,0.0,0.0,0.0,0.0,0.0,0.0,0.0,0.0,0.0,0.0,0.0,0.0,0.0,0.0,0.0,0.0,0.0,0.0,nan,nan,4.2772108843537415,2.862321089038104,nan,0.850915787486385,0.03446119990214287,0.0,0.0,0.0,0.0,0.0,0.0,0.0,0.0,0.0,0.0,0.0,0.0,0.0,0.0,0.0,0.0,0.0,0.0,0.0,0.0,0.07705479452054796,0.02568493150684932,0.29537671232876717,1.4383561643835572,6.344178082191783,12.880993150684935,6.9092465753424674,1.6181506849315073,0.34674657534246583,0.0642123287671233,0.8506266670099188,0.03323579432392711,0.0,0.0,0.0,0.0,0.0,0.0,0.0,0.0,0.0,0.0,0.0,0.0,0.0,0.0,0.0,0.0,0.0,0.0,0.0,0.01386962552011096,0.02773925104022192,0.08321775312066576,0.1803051317614425,1.4008321775312023,6.490984743411929,12.968099861303749,7.170596393897366,1.400832177531207,0.19417475728155345,0.0693481276005548,0.3994,0.00896,0.0,0.0,0.0,0.0,0.0,0.0,0.0,0.0,0.0,0.0,0.0,15.513698630136965,14.486301369863018,0.0,0.0,0.0,0.0,0.0,0.0,0.0,0.0,0.0,0.0,0.0,0.0,0.0,0.0,0.0,0.0,0.0,0.3994,0.00888,0.0,0.0,0.0,0.0,0.0,0.0,0.0,0.0,0.0,0.0,0.0,15.8529819694868,14.147018030513179,0.0,0.0,0.0,0.0,0.0,0.0,0.0,0.0,0.0,0.0,0.0,0.0,0.0,0.0,0.0,0.0,0.0
29500,4732,2392,0.5054945054945055,1131,997,0.44970414201183434,1376,0.5815722738799662,0.40599999999999997,2.9683760683760685,3.1156936523823475,6.630841121495327,2.1622322266981295,8365.268131868132,506.6694049451762,7853.0,8866.4,8866.4,0.0,7853.0,0.0,28.42244294167371,21.082419555625982,33.4634944612286,19.25258582897199,0.13736263736263737,0.09657650042265427,0.08791208791208792,0.08706677937447169,0.08093829247675402,0.07882502113271345,0.06741335587489433,0.06931530008453085,0.051775147928994084,0.05198647506339814,0.04775993237531699,0.04268808114961961,0.034657650042265425,0.027261200338123414,0.018385460693153,0.012890955198647506,0.007185122569737954,0.8509042875326395,0.033232200823481904,0.0,0.0,0.0,0.0,0.0,0.0,0.0,0.0,0.0,0.0,0.0,0.0,0.0,0.0,0.0,0.0,0.0,0.0,0.0,0.006339814032121726,0.012679628064243453,0.012679628064243453,0.22823330515638213,1.5278951817413309,6.656804733727812,12.844463229078617,6.8089602704987335,1.5215553677092142,0.2979712595097211,0.08241758241758244,4.238434163701068,2.875687869905576,3.1,2.1656407827707715,0.7314021830394627,4.228387096774194,2.8787487164976264,4.24113475177305,2.870043099085882,1.003014779561829,0.3992,0.00868,0.0,0.0,0.0,0.0,0.0,0.0,0.0,0.0,0.0,0.0,0.0,16.363060016906147,13.63060016906171,0.006339814032121726,0.0,0.0,0.0,0.0,0.0,0.0,0.0,0.0,0.0,0.0,0.0,0.0,0.0,0.0,0.0,0.0,nan,nan,4.234762979683973,2.874404866731164,nan,0.3992,0.04373,0.0,0.0,0.0,0.0,0.0,0.0,0.0,0.0,0.0,0.0,0.0,0.0,0.0,0.0,0.0,0.0,0.0,0.0,0.0,0.0,0.0,0.0,0.0,0.0,0.0007924767540152156,0.0002747252747252747,0.00019019442096365174,0.00020076077768385462,0.003286136939983094,0.003772189349112426,0.006973795435333897,0.004765426880811496,0.015754437869822484,0.06002747252747253,0.04474852071005917,0.03371724429416737,0.05114116652578191,0.04947168216398986,0.07265426880811496,0.08865173288250211,0.10128909551986474,0.10300084530853762,0.09435756551141167,0.07006551141166525,0.07640532544378698,0.03759509721048183,0.011253169907016062,0.028243871513102283,0.01128486897717667,0.009161031276415892,0.014106086221470837,0.0057797971259509725,0.0005071851225697379,8.4530853761623e-05,0.0004437869822485207,0.0,0.0,0.0,0.0,0.0,0.0,0.0,0.0,0.0,0.0,0.0,0.0,0.0,0.0,0.0,0.0,0.0,0.0,0.0,0.0,0.0,0.0,0.0,0.0,0.0,0.0,0.0,0.0,0.0,0.0,0.0,0.0,0.0,0.0,0.0,0.0,0.0,0.0,0.0,0.0,0.0,0.0,0.0,0.0,0.0,0.0,nan,nan,4.234762979683973,2.874404866731164,nan,0.850888903349339,0.03393329794013554,0.0,0.0,0.0,0.0,0.0,0.0,0.0,0.0,0.0,0.0,0.0,0.0,0.0,0.0,0.0,0.0,0.0,0.0,0.0,0.012541806020066893,0.025083612040133787,0.025083612040133787,0.2006688963210703,1.6555183946488243,6.647157190635453,12.579431438127093,7.035953177257527,1.4172240802675589,0.2884615384615385,0.11287625418060203,0.8509200135866801,0.032499887855837774,0.0,0.0,0.0,0.0,0.0,0.0,0.0,0.0,0.0,0.0,0.0,0.0,0.0,0.0,0.0,0.0,0.0,0.0,0.0,0.0,0.0,0.0,0.25641025641025644,1.3974358974358931,6.666666666666668,13.115384615384619,6.576923076923078,1.6282051282051286,0.30769230769230776,0.051282051282051294,0.3994,0.00864,0.0,0.0,0.0,0.0,0.0,0.0,0.0,0.0,0.0,0.0,0.0,15.790133779264194,14.209866220735789,0.0,0.0,0.0,0.0,0.0,0.0,0.0,0.0,0.0,0.0,0.0,0.0,0.0,0.0,0.0,0.0,0.0,0.399,0.00872,0.0,0.0,0.0,0.0,0.0,0.0,0.0,0.0,0.0,0.0,0.0,16.948717948717924,13.038461538461542,0.012820512820512824,0.0,0.0,0.0,0.0,0.0,0.0,0.0,0.0,0.0,0.0,0.0,0.0,0.0,0.0,0.0,0.0
29600,4669,2396,0.5131719854358535,1158,942,0.4497751124437781,1314,0.5628614264296423,0.43,2.9661240651121865,3.1532489793593688,6.605873261205564,2.282416383251285,8373.048490040694,506.52414336696074,7853.0,8866.4,8866.399999999998,1.8189894035458565e-12,7853.0,0.0,28.320839580209896,20.996840027368393,33.2008123889312,19.22684399961201,0.136431784107946,0.0983079888627115,0.09188263011351468,0.08952666523880917,0.07860355536517455,0.07731848361533519,0.06703790961662026,0.05675733561790533,0.06296851574212893,0.05204540586849432,0.04604840436924395,0.043692439494538444,0.03384022274576997,0.029556650246305417,0.019490254872563718,0.01113728849860784,0.005354465624330691,0.8507628168429622,0.033982034254211334,0.0,0.0,0.0,0.0,0.0,0.0,0.0,0.0,0.0,0.0,0.0,0.0,0.0,0.0,0.0,0.0,0.0,0.0,0.0,0.0,0.006425358749196831,0.057828228742771486,0.2827157849646606,1.4457057185692823,6.476761619190406,12.85714285714286,6.945812807881775,1.4714071535660744,0.32126793745984156,0.13493253373313346,4.279842157185136,2.9937375348497706,2.6,2.471167065713419,0.6074990395697273,4.21395955642531,2.950540462116408,4.3296126066973075,3.035415218582817,1.0274452207534013,0.3992,0.00918,0.0,0.0,0.0,0.0,0.0,0.0,0.0,0.0,0.0,0.0,0.025701434996787325,15.742128935532213,14.225744270721785,0.006425358749196831,0.0,0.0,0.0,0.0,0.0,0.0,0.0,0.0,0.0,0.0,0.0,0.0,0.0,0.0,0.0,0.0,nan,nan,4.271596858638744,2.9936983666988684,nan,0.3992,0.04364,0.0,0.0,0.0,0.0,0.0,0.0,0.0,0.0,0.0,0.0,0.0,0.0,0.0,0.0,0.0,0.0,0.0,0.0,0.0,0.0,0.0,0.0,0.0,0.0,0.0008245877061469265,0.000139216106232598,0.000278432212465196,0.00028914114371385736,0.0029449560933818807,0.0037159991432855,0.006639537374170058,0.005386592418076676,0.016738059541657743,0.0593167701863354,0.0422360248447205,0.03328335832083958,0.05134932533733134,0.05123152709359606,0.07208181623473978,0.08866995073891626,0.10293424716213322,0.10473334761190833,0.09433497536945813,0.06945812807881774,0.07314200042835725,0.03893767402013279,0.01184407796101949,0.028849860783893767,0.0111479974298565,0.008631398586421075,0.013407581923324053,0.006628828442921396,0.0002998500749625187,0.0,0.0005247376311844077,0.0,0.0,0.0,0.0,0.0,0.0,0.0,0.0,0.0,0.0,0.0,0.0,0.0,0.0,0.0,0.0,0.0,0.0,0.0,0.0,0.0,0.0,0.0,0.0,0.0,0.0,0.0,0.0,0.0,0.0,0.0,0.0,0.0,0.0,0.0,0.0,0.0,0.0,0.0,0.0,0.0,0.0,0.0,0.0,0.0,0.0,nan,nan,4.271596858638744,2.9936983666988684,nan,0.8506960101139566,0.033788700932352325,0.0,0.0,0.0,0.0,0.0,0.0,0.0,0.0,0.0,0.0,0.0,0.0,0.0,0.0,0.0,0.0,0.0,0.0,0.0,0.0,0.012520868113522541,0.037562604340567615,0.2754590984974959,1.4899833055091773,6.460767946577631,12.871452420701171,7.024207011686145,1.414858096828047,0.28797996661101843,0.1252086811352254,0.8508332387183241,0.034184504430367996,0.0,0.0,0.0,0.0,0.0,0.0,0.0,0.0,0.0,0.0,0.0,0.0,0.0,0.0,0.0,0.0,0.0,0.0,0.0,0.0,0.0,0.07919049714034317,0.2903651561812583,1.3990321161460582,6.49362076550814,12.842058952925653,6.863176418829742,1.5310162780466348,0.3563572371315443,0.14518257809062915,0.399,0.00908,0.0,0.0,0.0,0.0,0.0,0.0,0.0,0.0,0.0,0.0,0.037562604340567615,16.001669449081778,13.94824707846411,0.012520868113522541,0.0,0.0,0.0,0.0,0.0,0.0,0.0,0.0,0.0,0.0,0.0,0.0,0.0,0.0,0.0,0.0,0.3994,0.00927,0.0,0.0,0.0,0.0,0.0,0.0,0.0,0.0,0.0,0.0,0.013198416190057197,15.468543774747008,14.518257809062916,0.0,0.0,0.0,0.0,0.0,0.0,0.0,0.0,0.0,0.0,0.0,0.0,0.0,0.0,0.0,0.0,0.0
29700,4944,2601,0.5260922330097088,1272,1007,0.46096278317152106,1375,0.5562297734627831,0.36999999999999994,2.8544600938967135,2.9579043241150216,6.275862068965517,2.0559058087904245,8386.141868932038,506.00960224819914,7853.0,8866.4,8866.4,0.0,7853.0,0.0,28.765978964401295,20.874132724565918,33.199292452830186,19.22263184298849,0.12338187702265373,0.0970873786407767,0.0918284789644013,0.09122168284789645,0.08313106796116505,0.07200647249190939,0.07261326860841424,0.06957928802588997,0.058656957928802586,0.056836569579288024,0.04085760517799353,0.04227346278317152,0.03418284789644013,0.02669902912621359,0.020024271844660196,0.011933656957928803,0.007686084142394822,0.8507398530406859,0.034399370086499674,0.0,0.0,0.0,0.0,0.0,0.0,0.0,0.0,0.0,0.0,0.0,0.0,0.0,0.0,0.0,0.0,0.0,0.0,0.0,0.0,0.006067961165048545,0.030339805825242726,0.21844660194174761,1.7536407766990236,6.601941747572817,12.55461165048544,6.692961165048545,1.6626213592233012,0.3519417475728156,0.12742718446601944,3.9604294478527606,2.7994245354509864,4.9,3.047950130825634,1.2372395631631943,3.94099569760295,2.815613634627819,3.985392574558734,2.7856743149181185,1.0112653959462041,0.3992,0.00896,0.0,0.0,0.0,0.0,0.0,0.0,0.0,0.0,0.0,0.0,0.006067961165048545,16.35922330097085,13.63470873786408,0.0,0.0,0.0,0.0,0.0,0.0,0.0,0.0,0.0,0.0,0.0,0.0,0.0,0.0,0.0,0.0,0.0,nan,nan,3.963302752293578,2.800698707617207,nan,0.3992,0.0432,0.0,0.0,0.0,0.0,0.0,0.0,0.0,0.0,0.0,0.0,0.0,0.0,0.0,0.0,0.0,0.0,0.0,0.0,0.0,0.0,0.0,0.0,0.0,0.0,0.00093042071197411,0.00015169902912621358,0.00024271844660194174,0.00037419093851132686,0.003246359223300971,0.003033980582524272,0.006887135922330097,0.0056533171521035595,0.017253236245954692,0.059051375404530745,0.040382281553398056,0.03277710355987055,0.049959546925566346,0.05339805825242718,0.06823422330097087,0.08819781553398058,0.10663430420711974,0.11057847896440129,0.09361852750809062,0.06969053398058253,0.07025687702265372,0.0417576860841424,0.01190331715210356,0.0277710355987055,0.011751618122977345,0.007696197411003236,0.012489886731391587,0.005491504854368932,0.00018203883495145632,0.0,0.0003944174757281553,1.011326860841424e-05,0.0,0.0,0.0,0.0,0.0,0.0,0.0,0.0,0.0,0.0,0.0,0.0,0.0,0.0,0.0,0.0,0.0,0.0,0.0,0.0,0.0,0.0,0.0,0.0,0.0,0.0,0.0,0.0,0.0,0.0,0.0,0.0,0.0,0.0,0.0,0.0,0.0,0.0,0.0,0.0,0.0,0.0,0.0,0.0,0.0,nan,nan,3.963302752293578,2.800698707617207,nan,0.8503609688086768,0.034705174656498396,0.0,0.0,0.0,0.0,0.0,0.0,0.0,0.0,0.0,0.0,0.0,0.0,0.0,0.0,0.0,0.0,0.0,0.0,0.0,0.0,0.011534025374855827,0.04613610149942331,0.1730103806228374,1.7531718569780799,6.851211072664361,12.41061130334487,6.643598615916956,1.5801614763552483,0.39215686274509814,0.1384083044982699,0.8511604581996512,0.0340517385567752,0.0,0.0,0.0,0.0,0.0,0.0,0.0,0.0,0.0,0.0,0.0,0.0,0.0,0.0,0.0,0.0,0.0,0.0,0.0,0.0,0.0,0.012804097311139568,0.2688860435339309,1.7541613316261149,6.325224071702946,12.71446862996159,6.747759282970552,1.7541613316261206,0.3072983354673496,0.1152368758002561,0.3992,0.008995,0.0,0.0,0.0,0.0,0.0,0.0,0.0,0.0,0.0,0.0,0.011534025374855827,16.309111880046114,13.679354094579011,0.0,0.0,0.0,0.0,0.0,0.0,0.0,0.0,0.0,0.0,0.0,0.0,0.0,0.0,0.0,0.0,0.0,0.3992,0.00891,0.0,0.0,0.0,0.0,0.0,0.0,0.0,0.0,0.0,0.0,0.0,16.414852752880897,13.585147247119082,0.0,0.0,0.0,0.0,0.0,0.0,0.0,0.0,0.0,0.0,0.0,0.0,0.0,0.0,0.0,0.0,0.0
29800,4521,2325,0.5142667551426675,1067,939,0.44370714443707143,1296,0.5733244857332449,0.43,3.056921675774135,3.1627013417500516,6.722929936305732,2.185574378628609,8374.15792966158,506.49369025674997,7853.0,8866.4,8866.4,0.0,7853.0,0.0,27.989825259898254,21.037676632187864,33.00237341772152,19.26841671109856,0.143773501437735,0.0962176509621765,0.0944481309444813,0.09002433090024331,0.0780800707808007,0.07365627073656271,0.0654722406547224,0.06060606060606061,0.05994249059942491,0.05264322052643221,0.050652510506525104,0.04003539040035391,0.029197080291970802,0.028312320283123204,0.019685910196859103,0.0092899800928998,0.007962840079628402,0.8513438681062674,0.034643350941547774,0.0,0.0,0.0,0.0,0.0,0.0,0.0,0.0,0.0,0.0,0.0,0.0,0.0,0.0,0.0,0.0,0.0,0.0,0.0,0.0,0.013271400132714004,0.07962840079628403,0.29860650298606506,1.353682813536824,6.270736562707367,13.132050431320508,6.755142667551429,1.6124751161247515,0.3251493032514931,0.15925680159256805,4.37934595524957,2.896609731585114,5.166666666666667,2.5,1.1797804328459887,4.305723905723906,2.950683462092964,4.46624913013222,2.834769346210608,1.0372818201824126,0.3992,0.00894,0.0,0.0,0.0,0.0,0.0,0.0,0.0,0.0,0.0,0.0,0.006635700066357002,15.992037159920349,14.001327140013275,0.0,0.0,0.0,0.0,0.0,0.0,0.0,0.0,0.0,0.0,0.0,0.0,0.0,0.0,0.0,0.0,0.0,nan,nan,4.384194320903181,2.894988992208867,nan,0.3992,0.043,0.0,0.0,0.0,0.0,0.0,0.0,0.0,0.0,0.0,0.0,0.0,0.0,0.0,0.0,0.0,0.0,0.0,0.0,0.0,0.0,0.0,0.0,0.0,0.0,0.0006414510064145101,0.00026542800265428,0.00039814200398142005,0.00018801150188011502,0.0026100420261004204,0.0028533510285335103,0.005739880557398805,0.00453439504534395,0.018834328688343286,0.061358106613581063,0.0396040698960407,0.03565582835655828,0.05002211900022119,0.0511059500110595,0.06598097765980977,0.08376465383764654,0.10971024109710241,0.11342623313426232,0.09861756248617562,0.06806016368060164,0.06804910418049104,0.04085379340853793,0.011866843618668436,0.026896704268967044,0.01249723512497235,0.007675293076752931,0.012519354125193541,0.005916832559168326,7.7416500774165e-05,1.1059500110595001e-05,0.00026542800265428,0.0,0.0,0.0,0.0,0.0,0.0,0.0,0.0,0.0,0.0,0.0,0.0,0.0,0.0,0.0,0.0,0.0,0.0,0.0,0.0,0.0,0.0,0.0,0.0,0.0,0.0,0.0,0.0,0.0,0.0,0.0,0.0,0.0,0.0,0.0,0.0,0.0,0.0,0.0,0.0,0.0,0.0,0.0,0.0,0.0,0.0,nan,nan,4.384194320903181,2.894988992208867,nan,0.8512735962355009,0.03437820166714833,0.0,0.0,0.0,0.0,0.0,0.0,0.0,0.0,0.0,0.0,0.0,0.0,0.0,0.0,0.0,0.0,0.0,0.0,0.0,0.0,0.025806451612903233,0.0774193548387097,0.28387096774193554,1.2903225806451573,6.193548387096776,13.470967741935487,6.554838709677421,1.5870967741935489,0.3870967741935485,0.12903225806451615,0.8514182679694424,0.03492172783661348,0.0,0.0,0.0,0.0,0.0,0.0,0.0,0.0,0.0,0.0,0.0,0.0,0.0,0.0,0.0,0.0,0.0,0.0,0.0,0.0,0.0,0.0819672131147541,0.3142076502732241,1.4207650273224,6.3524590163934445,12.77322404371585,6.9672131147541,1.6393442622950825,0.2595628415300547,0.19125683060109294,0.3992,0.00888,0.0,0.0,0.0,0.0,0.0,0.0,0.0,0.0,0.0,0.0,0.0,16.038709677419334,13.961290322580648,0.0,0.0,0.0,0.0,0.0,0.0,0.0,0.0,0.0,0.0,0.0,0.0,0.0,0.0,0.0,0.0,0.0,0.3992,0.00901,0.0,0.0,0.0,0.0,0.0,0.0,0.0,0.0,0.0,0.0,0.013661202185792353,15.942622950819649,14.04371584699454,0.0,0.0,0.0,0.0,0.0,0.0,0.0,0.0,0.0,0.0,0.0,0.0,0.0,0.0,0.0,0.0,0.0
29900,4770,2431,0.509643605870021,1161,981,0.4490566037735849,1350,0.5660377358490566,0.418,2.9576742197520307,3.082783270439089,6.4798807749627425,2.1726790176996476,8369.472830188679,506.60574591106155,7853.0,8866.4,8866.4,0.0,7853.0,0.0,27.940461215932913,20.962905697944326,32.73255525204867,19.300448598875075,0.1360587002096436,0.10545073375262054,0.09224318658280922,0.08469601677148847,0.0830188679245283,0.07777777777777778,0.0710691823899371,0.055765199161425576,0.06058700209643606,0.0530398322851153,0.042348008385744235,0.040880503144654086,0.03312368972746331,0.024737945492662474,0.02180293501048218,0.010272536687631027,0.007127882599580713,0.8515788271742047,0.03393438375525467,0.0,0.0,0.0,0.0,0.0,0.0,0.0,0.0,0.0,0.0,0.0,0.0,0.0,0.0,0.0,0.0,0.0,0.0,0.0,0.0,0.00628930817610063,0.07547169811320756,0.2767295597484277,1.3962264150943353,6.132075471698115,13.07547169811321,7.0440251572327055,1.566037735849057,0.2955974842767296,0.13207547169811323,4.315256452139824,2.8588016124171323,4.111111111111111,2.7057323693079818,0.9526921879863054,4.332897318508829,2.876298042328964,4.295483870967742,2.839657906145281,0.9913652586731589,0.3997,0.009285,0.0,0.0,0.0,0.0,0.0,0.0,0.0,0.0,0.0,0.0,0.01886792452830189,15.383647798742118,14.57232704402516,0.02515723270440252,0.0,0.0,0.0,0.0,0.0,0.0,0.0,0.0,0.0,0.0,0.0,0.0,0.0,0.0,0.0,0.0,nan,nan,4.314063007469958,2.8579729603259127,nan,0.3997,0.04282,0.0,0.0,0.0,0.0,0.0,0.0,0.0,0.0,0.0,0.0,0.0,0.0,0.0,0.0,0.0,0.0,0.0,0.0,0.0,0.0,0.0,0.0,0.0,0.0,0.0004192872117400419,0.00023060796645702305,0.0004821802935010482,0.0003668763102725367,0.001949685534591195,0.00279874213836478,0.004486373165618449,0.0049161425576519915,0.019182389937106917,0.0590041928721174,0.04018867924528302,0.03477987421383648,0.05118448637316562,0.05150943396226415,0.0650524109014675,0.08425576519916142,0.10627882599580712,0.11415094339622642,0.10241090146750524,0.06758909853249476,0.06788259958071279,0.04229559748427673,0.011582809224318659,0.027421383647798742,0.012526205450733753,0.007987421383647799,0.012788259958071278,0.006027253668763103,0.00012578616352201257,1.0482180293501048e-05,0.00010482180293501048,1.0482180293501048e-05,0.0,0.0,0.0,0.0,0.0,0.0,0.0,0.0,0.0,0.0,0.0,0.0,0.0,0.0,0.0,0.0,0.0,0.0,0.0,0.0,0.0,0.0,0.0,0.0,0.0,0.0,0.0,0.0,0.0,0.0,0.0,0.0,0.0,0.0,0.0,0.0,0.0,0.0,0.0,0.0,0.0,0.0,0.0,0.0,0.0,nan,nan,4.314063007469958,2.8579729603259127,nan,0.8510384057981396,0.03421559679160205,0.0,0.0,0.0,0.0,0.0,0.0,0.0,0.0,0.0,0.0,0.0,0.0,0.0,0.0,0.0,0.0,0.0,0.0,0.0,0.0,0.012340600575894697,0.09872480460715757,0.2591526120937886,1.3451254627725175,6.466474701768821,12.932949403537641,6.91073632250103,1.5302344714109424,0.2961744138214727,0.14808720691073635,0.852140504970363,0.033630416420915056,0.0,0.0,0.0,0.0,0.0,0.0,0.0,0.0,0.0,0.0,0.0,0.0,0.0,0.0,0.0,0.0,0.0,0.0,0.0,0.0,0.0,0.05130397605814452,0.29499786233433095,1.4493373236425777,5.784523300555795,13.22359982898675,7.182556648140232,1.6032492518170163,0.29499786233433095,0.11543394613082517,0.3997,0.00943,0.0,0.0,0.0,0.0,0.0,0.0,0.0,0.0,0.0,0.0,0.03702180172768409,15.401069518716557,14.524886877828058,0.03702180172768409,0.0,0.0,0.0,0.0,0.0,0.0,0.0,0.0,0.0,0.0,0.0,0.0,0.0,0.0,0.0,0.0,0.3997,0.009125,0.0,0.0,0.0,0.0,0.0,0.0,0.0,0.0,0.0,0.0,0.0,15.365540829414257,14.621633176571187,0.01282599401453613,0.0,0.0,0.0,0.0,0.0,0.0,0.0,0.0,0.0,0.0,0.0,0.0,0.0,0.0,0.0,0.0
30000,4933,2571,0.5211838637745794,1201,1003,0.4467869450638557,1383,0.5607135617271437,0.41,2.9521591871295514,3.0463255019067095,6.513636363636364,2.079800861944324,8381.167727549158,506.2450263201357,7853.0,8866.4,8866.4,0.0,7853.0,0.0,27.993107642408273,20.833823436867004,32.89761503252228,19.065644289977694,0.13946888303263735,0.09993918508007298,0.09162781269004662,0.08514088789783093,0.08230285830123657,0.08007297790391242,0.06263936752483276,0.06365294952361646,0.06101763632677883,0.05189539833772552,0.04540847354550983,0.0397324143523211,0.03365092235961889,0.028583012365700385,0.021285221974457733,0.009730387188323536,0.003851611595378066,0.8508232420171803,0.03504459162551974,0.0,0.0,0.0,0.0,0.0,0.0,0.0,0.0,0.0,0.0,0.0,0.0,0.0,0.0,0.0,0.0,0.0,0.0,0.0,0.006081491992702211,0.03648895195621326,0.07297790391242652,0.24934117170079065,1.4169876342996104,6.5619298601256855,12.838029596594367,6.7565376038921565,1.5994323940806814,0.3040745996351105,0.1581187918102575,4.196529968454259,2.829462045472161,4.421052631578948,2.4776004833557517,1.053501980162765,4.1572755417956655,2.80932238586638,4.234583598219962,2.8396921759809275,1.0185958461610425,0.4,0.00922,0.0,0.0,0.0,0.0,0.0,0.0,0.0,0.0,0.0,0.0,0.0,15.386174741536566,14.60774376647071,0.006081491992702211,0.0,0.0,0.0,0.0,0.0,0.0,0.0,0.0,0.0,0.0,0.0,0.0,0.0,0.0,0.0,0.0,nan,nan,4.197867670116024,2.8275481214032943,nan,0.4,0.04294,0.0,0.0,0.0,0.0,0.0,0.0,0.0,0.0,0.0,0.0,0.0,0.0,0.0,0.0,0.0,0.0,0.0,0.0,0.0,0.0,0.0,0.0,0.0,0.0,0.0005067909993918508,0.00024325967970808838,0.0005574700993310359,0.0003040745996351105,0.001925805797689033,0.002098114737482262,0.0047739712142712346,0.005797689033042773,0.0199067504561119,0.05683154267180215,0.04297587674842895,0.03523211027772147,0.052392053517129535,0.047901885262517735,0.06180823028583012,0.08356983579971619,0.10789580377052503,0.11438272856274073,0.10004054327995135,0.0713054936144334,0.06785931481856883,0.0428542469085749,0.01188931684573282,0.027802554226636935,0.012203527265355767,0.008595175349685789,0.01246705858503953,0.005392256233529293,0.00021285221974457733,2.027163997567403e-05,0.00010135819987837016,0.00015203729981755524,0.0,0.0,0.0,0.0,0.0,0.0,0.0,0.0,0.0,0.0,0.0,0.0,0.0,0.0,0.0,0.0,0.0,0.0,0.0,0.0,0.0,0.0,0.0,0.0,0.0,0.0,0.0,0.0,0.0,0.0,0.0,0.0,0.0,0.0,0.0,0.0,0.0,0.0,0.0,0.0,0.0,0.0,0.0,0.0,0.0,nan,nan,4.197867670116024,2.8275481214032943,nan,0.8505856209068343,0.03490375608898796,0.0,0.0,0.0,0.0,0.0,0.0,0.0,0.0,0.0,0.0,0.0,0.0,0.0,0.0,0.0,0.0,0.0,0.0,0.0,0.0,0.035005834305717624,0.08168028004667446,0.2450408401400234,1.435239206534418,6.522753792298718,13.010501750291718,6.604434072345392,1.610268378063011,0.2683780630105018,0.18669778296382736,0.8510818888735306,0.03519542491817937,0.0,0.0,0.0,0.0,0.0,0.0,0.0,0.0,0.0,0.0,0.0,0.0,0.0,0.0,0.0,0.0,0.0,0.0,0.0,0.012701100762066049,0.03810330228619814,0.06350550381033024,0.25402201524132095,1.3971210838272605,6.604572396274345,12.650296359017785,6.9220999153259966,1.5876375952582562,0.3429297205757833,0.12701100762066048,0.4,0.009315,0.0,0.0,0.0,0.0,0.0,0.0,0.0,0.0,0.0,0.0,0.0,15.390898483080491,14.60910151691949,0.0,0.0,0.0,0.0,0.0,0.0,0.0,0.0,0.0,0.0,0.0,0.0,0.0,0.0,0.0,0.0,0.0,0.3997,0.00909,0.0,0.0,0.0,0.0,0.0,0.0,0.0,0.0,0.0,0.0,0.0,15.38103302286196,14.606265876375955,0.012701100762066049,0.0,0.0,0.0,0.0,0.0,0.0,0.0,0.0,0.0,0.0,0.0,0.0,0.0,0.0,0.0,0.0
30100,4750,2452,0.5162105263157895,1185,937,0.44673684210526315,1315,0.5536842105263158,0.438,3.0382941688424716,3.161908163532508,6.7477203647416415,2.065096235732746,8376.12774736842,506.4336275529096,7853.0,8866.4,8866.4,0.0,7853.0,0.0,28.294526315789472,21.06888430430655,33.155649787977055,19.336182940254854,0.13726315789473684,0.09915789473684211,0.08884210526315789,0.08421052631578947,0.08526315789473685,0.07831578947368421,0.07221052631578948,0.06021052631578947,0.05326315789473684,0.04863157894736842,0.05157894736842105,0.04421052631578947,0.032210526315789474,0.02568421052631579,0.018105263157894735,0.011578947368421053,0.009263157894736843,0.8499846289534317,0.0333912791734843,0.0,0.0,0.0,0.0,0.0,0.0,0.0,0.0,0.0,0.0,0.0,0.0,0.0,0.0,0.0,0.0,0.0,0.0,0.0,0.012631578947368424,0.018947368421052633,0.03157894736842106,0.22105263157894742,1.6926315789473632,6.454736842105265,13.200000000000003,6.618947368421054,1.395789473684211,0.2589473684210527,0.09473684210526319,4.240219851277077,2.9658317528033096,5.4375,3.2009520068254695,1.2823627525733894,4.306545690213869,2.931050819037023,4.187100893997446,3.003422849187392,0.972264361089249,0.4,0.00915,0.0,0.0,0.0,0.0,0.0,0.0,0.0,0.0,0.0,0.0,0.0,15.385263157894716,14.602105263157897,0.012631578947368424,0.0,0.0,0.0,0.0,0.0,0.0,0.0,0.0,0.0,0.0,0.0,0.0,0.0,0.0,0.0,0.0,nan,nan,4.246381473142489,2.968325973307587,nan,0.4,0.0431,0.0,0.0,0.0,0.0,0.0,0.0,0.0,0.0,0.0,0.0,0.0,0.0,0.0,0.0,0.0,0.0,0.0,0.0,0.0,0.0,0.0,0.0,0.0,0.0,0.0004631578947368421,0.00031578947368421053,0.0004,0.0002,0.0023157894736842107,0.0024,0.004768421052631579,0.0062,0.01937894736842105,0.056736842105263155,0.04093684210526316,0.03688421052631579,0.055189473684210524,0.04868421052631579,0.05916842105263158,0.0818,0.10874736842105263,0.11566315789473684,0.09881052631578947,0.07216842105263158,0.06708421052631579,0.043347368421052634,0.011768421052631579,0.025905263157894737,0.01183157894736842,0.008494736842105263,0.014052631578947369,0.005778947368421053,0.00014736842105263158,1.0526315789473684e-05,0.00017894736842105264,2.105263157894737e-05,0.00014736842105263158,0.0,0.0,0.0,0.0,0.0,0.0,0.0,0.0,0.0,0.0,0.0,0.0,0.0,0.0,0.0,0.0,0.0,0.0,0.0,0.0,0.0,0.0,0.0,0.0,0.0,0.0,0.0,0.0,0.0,0.0,0.0,0.0,0.0,0.0,0.0,0.0,0.0,0.0,0.0,0.0,0.0,0.0,0.0,0.0,nan,nan,4.246381473142489,2.968325973307587,nan,0.8493056695963003,0.033194342892252524,0.0,0.0,0.0,0.0,0.0,0.0,0.0,0.0,0.0,0.0,0.0,0.0,0.0,0.0,0.0,0.0,0.0,0.0,0.0,0.012234910277324635,0.02446982055464927,0.0,0.269168026101142,1.7006525285481189,6.631321370309952,13.189233278955957,6.435562805872759,1.4192495921696577,0.20799347471451882,0.11011419249592172,0.8507090886330169,0.033585007108903144,0.0,0.0,0.0,0.0,0.0,0.0,0.0,0.0,0.0,0.0,0.0,0.0,0.0,0.0,0.0,0.0,0.0,0.0,0.0,0.013054830287206269,0.013054830287206269,0.06527415143603134,0.1697127937336815,1.6840731070496031,6.26631853785901,13.211488250652744,6.814621409921672,1.3707571801566583,0.31331592689295046,0.07832898172323761,0.4,0.00896,0.0,0.0,0.0,0.0,0.0,0.0,0.0,0.0,0.0,0.0,0.0,14.999999999999979,15.000000000000004,0.0,0.0,0.0,0.0,0.0,0.0,0.0,0.0,0.0,0.0,0.0,0.0,0.0,0.0,0.0,0.0,0.0,0.3997,0.00934,0.0,0.0,0.0,0.0,0.0,0.0,0.0,0.0,0.0,0.0,0.0,15.79634464751956,14.177545691906008,0.026109660574412538,0.0,0.0,0.0,0.0,0.0,0.0,0.0,0.0,0.0,0.0,0.0,0.0,0.0,0.0,0.0,0.0
30200,4620,2402,0.5199134199134199,1165,927,0.45281385281385284,1321,0.5718614718614718,0.38199999999999995,2.8890892696122634,2.8851408724824523,6.037037037037037,1.9859036842386648,8379.88025974026,506.2979825328316,7853.0,8866.4,8866.4,0.0,7853.0,0.0,29.216233766233767,21.19112665761182,34.20809841107125,19.255605027749116,0.13636363636363635,0.09134199134199134,0.08268398268398268,0.08484848484848485,0.07467532467532467,0.07554112554112555,0.07575757575757576,0.0632034632034632,0.06277056277056277,0.05779220779220779,0.04415584415584416,0.045454545454545456,0.03658008658008658,0.030086580086580085,0.0170995670995671,0.01341991341991342,0.008225108225108226,0.8504566287065481,0.03409712640547015,0.0,0.0,0.0,0.0,0.0,0.0,0.0,0.0,0.0,0.0,0.0,0.0,0.0,0.0,0.0,0.0,0.0,0.0,0.0,0.006493506493506495,0.006493506493506495,0.058441558441558454,0.31168831168831174,1.4025974025973982,6.5779220779220795,13.058441558441562,6.610389610389612,1.5584415584415587,0.29870129870129875,0.11038961038961041,4.0198373983739835,2.7042748404304437,3.875,2.4206145913796355,0.9639693390502387,3.945026178010471,2.7026967092022205,4.09149072296865,2.7011427200345834,1.0371263810046611,0.3994,0.008484,0.0,0.0,0.0,0.0,0.0,0.0,0.0,0.0,0.0,0.0,0.0,15.68181818181816,14.311688311688314,0.006493506493506495,0.0,0.0,0.0,0.0,0.0,0.0,0.0,0.0,0.0,0.0,0.0,0.0,0.0,0.0,0.0,0.0,nan,nan,4.019087673891945,2.7029031582299523,nan,0.3994,0.04288,0.0,0.0,0.0,0.0,0.0,0.0,0.0,0.0,0.0,0.0,0.0,0.0,0.0,0.0,0.0,0.0,0.0,0.0,0.0,0.0,0.0,0.0,0.0,0.0,0.00040043290043290043,0.0002922077922077922,0.0004978354978354978,0.0003463203463203463,0.0024567099567099565,0.0033225108225108223,0.005822510822510823,0.006190476190476191,0.019209956709956708,0.05418831168831169,0.04134199134199134,0.036536796536796534,0.05244588744588745,0.048917748917748916,0.06335497835497836,0.08182900432900433,0.10801948051948052,0.12027056277056276,0.10091991341991342,0.07083333333333333,0.06458874458874458,0.043787878787878785,0.011536796536796536,0.024166666666666666,0.009967532467532467,0.008712121212121213,0.014426406926406926,0.005248917748917749,8.658008658008658e-05,2.1645021645021645e-05,0.0001406926406926407,2.1645021645021645e-05,9.74025974025974e-05,0.0,0.0,0.0,0.0,0.0,0.0,0.0,0.0,0.0,0.0,0.0,0.0,0.0,0.0,0.0,0.0,0.0,0.0,0.0,0.0,0.0,0.0,0.0,0.0,0.0,0.0,0.0,0.0,0.0,0.0,0.0,0.0,0.0,0.0,0.0,0.0,0.0,0.0,0.0,0.0,0.0,0.0,0.0,0.0,nan,nan,4.019087673891945,2.7029031582299523,nan,0.8499102277322971,0.03429235250906642,0.0,0.0,0.0,0.0,0.0,0.0,0.0,0.0,0.0,0.0,0.0,0.0,0.0,0.0,0.0,0.0,0.0,0.0,0.0,0.0,0.012489592006661119,0.08742714404662784,0.36219816819317247,1.4363030807660238,6.382181515403832,13.263946711074109,6.5570358034970875,1.5112406328059953,0.24979184013322236,0.1373855120732723,0.851048357804903,0.03387449706813594,0.0,0.0,0.0,0.0,0.0,0.0,0.0,0.0,0.0,0.0,0.0,0.0,0.0,0.0,0.0,0.0,0.0,0.0,0.0,0.013525698827772771,0.0,0.027051397655545543,0.2569882777276826,1.3660955816050453,6.789900811541932,12.83588818755636,6.6681695220919766,1.6095581605049598,0.35166816952209207,0.08115419296663662,0.3997,0.00831,0.0,0.0,0.0,0.0,0.0,0.0,0.0,0.0,0.0,0.0,0.0,15.437135720233117,14.562864279766863,0.0,0.0,0.0,0.0,0.0,0.0,0.0,0.0,0.0,0.0,0.0,0.0,0.0,0.0,0.0,0.0,0.0,0.3994,0.008675,0.0,0.0,0.0,0.0,0.0,0.0,0.0,0.0,0.0,0.0,0.0,15.94679891794407,14.039675383228136,0.013525698827772771,0.0,0.0,0.0,0.0,0.0,0.0,0.0,0.0,0.0,0.0,0.0,0.0,0.0,0.0,0.0,0.0
30300,4524,2351,0.5196728558797524,1111,935,0.45225464190981435,1278,0.5649867374005305,0.414,3.0124252185918086,3.193172113276388,6.809931506849315,2.273997745982468,8379.636472148542,506.30764074648357,7853.0,8866.4,8866.4,0.0,7853.0,0.0,27.5473032714412,20.58117179431327,32.58946532556909,18.772510825950203,0.14279398762157383,0.10322723253757736,0.09239610963748895,0.08421750663129973,0.08377541998231654,0.07117595048629531,0.0652077807250221,0.06476569407603891,0.0656498673740053,0.05570291777188329,0.04398762157382847,0.03912466843501326,0.03470380194518125,0.023430592396109638,0.017020335985853226,0.007736516357206013,0.005083996463306808,0.8505600604148801,0.03301533334482619,0.0,0.0,0.0,0.0,0.0,0.0,0.0,0.0,0.0,0.0,0.0,0.0,0.0,0.0,0.0,0.0,0.0,0.0,0.0,0.0,0.006631299734748012,0.019893899204244034,0.27188328912466847,1.4920424403182977,6.511936339522548,13.222811671087536,6.717506631299736,1.3527851458885944,0.3050397877984085,0.09946949602122018,4.354181064270906,3.00379651557044,4.25,2.680951323690902,0.9760733275136894,4.323066392881588,2.99183381627889,4.38477508650519,3.0130127299199376,1.0142742877428883,0.3992,0.00913,0.0,0.0,0.0,0.0,0.0,0.0,0.0,0.0,0.0,0.0,0.013262599469496024,16.220159151193613,13.766578249336874,0.0,0.0,0.0,0.0,0.0,0.0,0.0,0.0,0.0,0.0,0.0,0.0,0.0,0.0,0.0,0.0,0.0,nan,nan,4.353750860289058,3.0025421733869546,nan,0.3992,0.04318,0.0,0.0,0.0,0.0,0.0,0.0,0.0,0.0,0.0,0.0,0.0,0.0,0.0,0.0,0.0,0.0,0.0,0.0,0.0,0.0,0.0,0.0,0.0,0.0,0.0008178603006189213,0.0002431476569407604,0.0002541998231653404,0.0001215738284703802,0.0027740937223695843,0.0029619805481874446,0.0059018567639257296,0.007979664014146773,0.01970601237842617,0.05247568523430592,0.04286030061892131,0.03680371352785146,0.05522767462422635,0.048176392572944295,0.06485411140583554,0.0800287356321839,0.10697391688770999,0.12228116710875332,0.09927055702917773,0.06955128205128205,0.06213527851458886,0.04344606542882405,0.010941644562334218,0.0243921308576481,0.009946949602122016,0.008289124668435014,0.015649867374005304,0.005559239610963749,6.63129973474801e-05,0.0,0.00028735632183908046,1.1052166224580018e-05,1.1052166224580018e-05,0.0,0.0,0.0,0.0,0.0,0.0,0.0,0.0,0.0,0.0,0.0,0.0,0.0,0.0,0.0,0.0,0.0,0.0,0.0,0.0,0.0,0.0,0.0,0.0,0.0,0.0,0.0,0.0,0.0,0.0,0.0,0.0,0.0,0.0,0.0,0.0,0.0,0.0,0.0,0.0,0.0,0.0,0.0,0.0,nan,nan,4.353750860289058,3.0025421733869546,nan,0.8510112502584047,0.03312177441564773,0.0,0.0,0.0,0.0,0.0,0.0,0.0,0.0,0.0,0.0,0.0,0.0,0.0,0.0,0.0,0.0,0.0,0.0,0.0,0.0,0.012760527435133989,0.025521054870267977,0.3190131858783497,1.3781369629944662,6.520629519353468,13.05401956614207,6.903445342407488,1.3653764355593367,0.3317737133134837,0.08932369204593792,0.8500719116242098,0.032892815949322286,0.0,0.0,0.0,0.0,0.0,0.0,0.0,0.0,0.0,0.0,0.0,0.0,0.0,0.0,0.0,0.0,0.0,0.0,0.0,0.0,0.0,0.013805798435342848,0.22089277496548557,1.6152784169351078,6.502531063046481,13.405430280717905,6.5163368614818244,1.339162448228256,0.27611596870685695,0.11044638748274278,0.399,0.009125,0.0,0.0,0.0,0.0,0.0,0.0,0.0,0.0,0.0,0.0,0.012760527435133989,16.486601446193085,13.50063802637176,0.0,0.0,0.0,0.0,0.0,0.0,0.0,0.0,0.0,0.0,0.0,0.0,0.0,0.0,0.0,0.0,0.0,0.3992,0.00913,0.0,0.0,0.0,0.0,0.0,0.0,0.0,0.0,0.0,0.0,0.013805798435342848,15.931891394385618,14.054302807179019,0.0,0.0,0.0,0.0,0.0,0.0,0.0,0.0,0.0,0.0,0.0,0.0,0.0,0.0,0.0,0.0,0.0
30400,4395,2307,0.5249146757679181,1120,893,0.45802047781569966,1245,0.5665529010238908,0.426,2.9976053639846745,3.0720115237604206,6.454397394136808,2.1605822923642366,8384.948532423208,506.07055003277355,7853.0,8866.4,8866.399999999998,1.8189894035458565e-12,7853.0,0.0,29.03481228668942,20.909380695610732,33.692984795945584,19.08838384566539,0.12832764505119454,0.08737201365187713,0.09260523321956769,0.09260523321956769,0.07622298065984073,0.07485779294653015,0.06825938566552901,0.0646188850967008,0.06621160409556313,0.05255972696245734,0.05187713310580205,0.04436860068259386,0.03708759954493743,0.028896473265073948,0.017747440273037544,0.00955631399317406,0.006825938566552901,0.8509606233364622,0.033163569154509485,0.0,0.0,0.0,0.0,0.0,0.0,0.0,0.0,0.0,0.0,0.0,0.0,0.0,0.0,0.0,0.0,0.0,0.0,0.0,0.0,0.006825938566552903,0.020477815699658706,0.2389078498293516,1.535836177474398,6.573378839590445,12.901023890784986,6.737201365187715,1.5767918088737205,0.35494880546075097,0.05460750853242322,4.128800819952169,2.9155311458248385,3.888888888888889,3.603838831161523,0.9418930722199237,4.166437414030261,2.968394050063836,4.090418353576248,2.8670358729487773,0.981754421607769,0.3987,0.0091,0.0,0.0,0.0,0.0,0.0,0.0,0.0,0.0,0.0,0.0,0.006825938566552903,16.73720136518769,13.255972696245736,0.0,0.0,0.0,0.0,0.0,0.0,0.0,0.0,0.0,0.0,0.0,0.0,0.0,0.0,0.0,0.0,0.0,nan,nan,4.128065395095367,2.9179193281399582,nan,0.3987,0.04355,0.0,0.0,0.0,0.0,0.0,0.0,0.0,0.0,0.0,0.0,0.0,0.0,0.0,0.0,0.0,0.0,0.0,0.0,0.0,0.0,0.0,0.0,0.0,0.0,0.0011604095563139932,0.00015927189988623435,0.00012514220705346984,0.00019340159271899886,0.0033219567690557453,0.002480091012514221,0.0070193401592719,0.008031854379977247,0.02129692832764505,0.052207053469852105,0.043253697383390216,0.03856655290102389,0.056359499431171786,0.04833902161547213,0.06370875995449374,0.0810580204778157,0.10483503981797497,0.12309442548350398,0.09526734926052333,0.06870307167235495,0.06071672354948805,0.044004550625711035,0.012229806598407281,0.024459613196814563,0.009397042093287827,0.008657565415244596,0.01572241183162685,0.005199089874857793,6.825938566552901e-05,3.4129692832764505e-05,0.0003299203640500569,0.0,0.0,0.0,0.0,0.0,0.0,0.0,0.0,0.0,0.0,0.0,0.0,0.0,0.0,0.0,0.0,0.0,0.0,0.0,0.0,0.0,0.0,0.0,0.0,0.0,0.0,0.0,0.0,0.0,0.0,0.0,0.0,0.0,0.0,0.0,0.0,0.0,0.0,0.0,0.0,0.0,0.0,0.0,0.0,0.0,0.0,nan,nan,4.128065395095367,2.9179193281399582,nan,0.8507998171801375,0.033333787402053235,0.0,0.0,0.0,0.0,0.0,0.0,0.0,0.0,0.0,0.0,0.0,0.0,0.0,0.0,0.0,0.0,0.0,0.0,0.0,0.0,0.013003901170351108,0.026007802340702216,0.24707412223667105,1.5344603381014257,6.723016905071523,12.65279583875163,6.80104031209363,1.6254876462938885,0.3381014304291288,0.03901170351105332,0.8511382956557347,0.03297356390633487,0.0,0.0,0.0,0.0,0.0,0.0,0.0,0.0,0.0,0.0,0.0,0.0,0.0,0.0,0.0,0.0,0.0,0.0,0.0,0.0,0.0,0.014367816091954026,0.22988505747126442,1.5373563218390758,6.408045977011496,13.175287356321842,6.666666666666669,1.5229885057471269,0.3735632183908047,0.07183908045977012,0.3987,0.00919,0.0,0.0,0.0,0.0,0.0,0.0,0.0,0.0,0.0,0.0,0.0,16.65799739921974,13.342002600780237,0.0,0.0,0.0,0.0,0.0,0.0,0.0,0.0,0.0,0.0,0.0,0.0,0.0,0.0,0.0,0.0,0.0,0.3987,0.00901,0.0,0.0,0.0,0.0,0.0,0.0,0.0,0.0,0.0,0.0,0.014367816091954026,16.824712643678136,13.160919540229889,0.0,0.0,0.0,0.0,0.0,0.0,0.0,0.0,0.0,0.0,0.0,0.0,0.0,0.0,0.0,0.0,0.0
30500,4678,2426,0.5185976913210774,1130,952,0.4450619923044036,1295,0.5536554082941428,0.414,3.094138543516874,3.2143690096201474,6.961165048543689,2.2393465735162232,8378.54690038478,506.3493698484141,7853.0,8866.4,8866.4,0.0,7853.0,0.0,27.743266353142367,20.793271137616145,32.696328403875576,19.05996687722173,0.14151346729371525,0.09790508764429243,0.09491235570756734,0.08935442496793501,0.07802479692176144,0.08123129542539546,0.06819153484395041,0.06541256947413425,0.05386917486105173,0.051303976058144504,0.04724241128687473,0.03826421547669944,0.028858486532706284,0.028858486532706284,0.01838392475416845,0.010902094912355708,0.005771697306541257,0.8511944956609254,0.03356477555015574,0.0,0.0,0.0,0.0,0.0,0.0,0.0,0.0,0.0,0.0,0.0,0.0,0.0,0.0,0.0,0.0,0.0,0.0,0.0,0.0,0.0,0.019238991021804194,0.23086789226165033,1.4557503206498459,6.643864899529715,13.063274903805048,6.4707139803334774,1.6802052159042329,0.3206498503634032,0.11543394613082517,4.413516226162596,2.9771570358672372,4.5,2.692582403567252,1.0195952092177079,4.423489932885906,3.016484670386571,4.403858948769129,2.936889698846674,0.9955621049409803,0.3984,0.00918,0.0,0.0,0.0,0.0,0.0,0.0,0.0,0.0,0.0,0.0,0.01282599401453613,17.411286874732767,12.569474134245407,0.006412997007268065,0.0,0.0,0.0,0.0,0.0,0.0,0.0,0.0,0.0,0.0,0.0,0.0,0.0,0.0,0.0,0.0,nan,nan,4.413631807550952,2.976796546962634,nan,0.3984,0.04416,0.0,0.0,0.0,0.0,0.0,0.0,0.0,0.0,0.0,0.0,0.0,0.0,0.0,0.0,0.0,0.0,0.0,0.0,0.0,0.0,0.0,0.0,0.0,0.0,0.0010047028644719965,0.00028858486532706287,0.000235143223599829,0.0001175716117999145,0.0034416417272338604,0.0028324070115433946,0.009053014108593415,0.008507909362975631,0.02029713552800342,0.05493800769559641,0.03986746472851646,0.043469431380932025,0.05705429670799487,0.04723172295852929,0.06321077383497221,0.07954253954681488,0.10130397605814451,0.11882214621633176,0.09324497648567764,0.0688542112013681,0.06380932022231722,0.04496579734929457,0.012345019238991022,0.025181701581872596,0.00983326207781103,0.008604104318084652,0.016171440786660968,0.005333475844377939,7.481829841812741e-05,0.00013894826849080805,0.00021376656690893543,1.0688328345446772e-05,0.0,0.0,0.0,0.0,0.0,0.0,0.0,0.0,0.0,0.0,0.0,0.0,0.0,0.0,0.0,0.0,0.0,0.0,0.0,0.0,0.0,0.0,0.0,0.0,0.0,0.0,0.0,0.0,0.0,0.0,0.0,0.0,0.0,0.0,0.0,0.0,0.0,0.0,0.0,0.0,0.0,0.0,0.0,0.0,0.0,nan,nan,4.413631807550952,2.976796546962634,nan,0.8512700676721477,0.0337353512730339,0.0,0.0,0.0,0.0,0.0,0.0,0.0,0.0,0.0,0.0,0.0,0.0,0.0,0.0,0.0,0.0,0.0,0.0,0.0,0.0,0.0,0.024732069249793907,0.22258862324814513,1.5457543281121138,6.690024732069252,12.774113767518552,6.640560593569663,1.6694146743610885,0.29678483099752684,0.13602638087386648,0.851113084604431,0.033379853647232664,0.0,0.0,0.0,0.0,0.0,0.0,0.0,0.0,0.0,0.0,0.0,0.0,0.0,0.0,0.0,0.0,0.0,0.0,0.0,0.0,0.0,0.013321492007104798,0.23978685612788636,1.3587921847246849,6.594138543516875,13.374777975133219,6.287744227353465,1.6918294849023094,0.3463587921847248,0.0932504440497336,0.3984,0.00915,0.0,0.0,0.0,0.0,0.0,0.0,0.0,0.0,0.0,0.0,0.024732069249793907,17.324814509480603,12.638087386644685,0.012366034624896953,0.0,0.0,0.0,0.0,0.0,0.0,0.0,0.0,0.0,0.0,0.0,0.0,0.0,0.0,0.0,0.0,0.3982,0.00922,0.0,0.0,0.0,0.0,0.0,0.0,0.0,0.0,0.0,0.0,0.0,17.504440497335676,12.495559502664301,0.0,0.0,0.0,0.0,0.0,0.0,0.0,0.0,0.0,0.0,0.0,0.0,0.0,0.0,0.0,0.0,0.0
30600,4628,2375,0.5131806395851339,1115,924,0.4405790838375108,1278,0.5522904062229905,0.418,2.994229915667998,3.143619849199669,6.646781789638933,2.1408510399614857,8373.057260155574,506.5239121711196,7853.0,8866.4,8866.399999999998,1.8189894035458565e-12,7853.0,0.0,27.927830596369922,21.004660014193,33.20582877959927,19.142481699868597,0.14671564390665515,0.0989628349178911,0.0881590319792567,0.08643042350907519,0.08167675021607605,0.07303370786516854,0.06460674157303371,0.06158167675021608,0.06309420916162489,0.05596369922212619,0.042134831460674156,0.04235090751944685,0.03327571305099395,0.025064822817631807,0.02052722558340536,0.010803802938634399,0.0056179775280898875,0.8510083881631018,0.03374503446803221,0.0,0.0,0.0,0.0,0.0,0.0,0.0,0.0,0.0,0.0,0.0,0.0,0.0,0.0,0.0,0.0,0.0,0.0,0.0,0.0,0.0,0.05834053586862577,0.27873811581676755,1.328867761452027,6.709161624891964,12.569144338807263,7.026793431287815,1.6529818496110635,0.2852203975799482,0.09075194468452898,4.292344173441735,2.8703173824726402,4.416666666666667,2.9568658332016953,1.0289637755504695,4.221232876712329,2.852245183991736,4.3623670212765955,2.8867716882685754,1.0334343422138292,0.399,0.009254,0.0,0.0,0.0,0.0,0.0,0.0,0.0,0.0,0.0,0.0,0.0,16.296456352636106,13.703543647363876,0.0,0.0,0.0,0.0,0.0,0.0,0.0,0.0,0.0,0.0,0.0,0.0,0.0,0.0,0.0,0.0,0.0,nan,nan,4.292847503373819,2.8706838967003088,nan,0.399,0.04462,0.0,0.0,0.0,0.0,0.0,0.0,0.0,0.0,0.0,0.0,0.0,0.0,0.0,0.0,0.0,0.0,0.0,0.0,0.0,0.0,0.0,0.0,0.0,0.0,0.0013072601555747623,0.0002808988764044944,0.0002268798617113224,3.24114088159032e-05,0.003349178910976664,0.0027009507346585997,0.009636992221261884,0.007584269662921348,0.01998703543647364,0.055639585133967155,0.038818063958513394,0.04297752808988764,0.057789541918755405,0.04877917026793431,0.06058772687986171,0.07653414001728609,0.09877917026793431,0.11970613656006915,0.09302074330164217,0.06958729472774416,0.06430423509075195,0.04684528954191876,0.012294727744165946,0.026285652549697492,0.009691011235955057,0.008664649956784789,0.018993085566119273,0.005121002592912705,3.24114088159032e-05,0.000216076058772688,0.0001944684528954192,3.24114088159032e-05,0.0,0.0,0.0,0.0,0.0,0.0,0.0,0.0,0.0,0.0,0.0,0.0,0.0,0.0,0.0,0.0,0.0,0.0,0.0,0.0,0.0,0.0,0.0,0.0,0.0,0.0,0.0,0.0,0.0,0.0,0.0,0.0,0.0,0.0,0.0,0.0,0.0,0.0,0.0,0.0,0.0,0.0,0.0,0.0,0.0,nan,nan,4.292847503373819,2.8706838967003088,nan,0.8517261239102012,0.033432767173496664,0.0,0.0,0.0,0.0,0.0,0.0,0.0,0.0,0.0,0.0,0.0,0.0,0.0,0.0,0.0,0.0,0.0,0.0,0.0,0.0,0.0,0.037894736842105266,0.24000000000000005,1.288421052631575,6.7200000000000015,12.18947368421053,7.414736842105265,1.7684210526315793,0.2526315789473685,0.08842105263157897,0.8502517870093683,0.03405473865617124,0.0,0.0,0.0,0.0,0.0,0.0,0.0,0.0,0.0,0.0,0.0,0.0,0.0,0.0,0.0,0.0,0.0,0.0,0.0,0.0,0.0,0.07989347536617844,0.31957390146471376,1.3715046604527255,6.697736351531293,12.969374167776301,6.617842876165115,1.531291611185087,0.31957390146471376,0.09320905459387487,0.399,0.009445,0.0,0.0,0.0,0.0,0.0,0.0,0.0,0.0,0.0,0.0,0.0,16.35789473684208,13.642105263157898,0.0,0.0,0.0,0.0,0.0,0.0,0.0,0.0,0.0,0.0,0.0,0.0,0.0,0.0,0.0,0.0,0.0,0.399,0.009056,0.0,0.0,0.0,0.0,0.0,0.0,0.0,0.0,0.0,0.0,0.0,16.231691078561894,13.768308921438086,0.0,0.0,0.0,0.0,0.0,0.0,0.0,0.0,0.0,0.0,0.0,0.0,0.0,0.0,0.0,0.0,0.0
30700,4618,2444,0.5292334343871806,1142,896,0.44131658726721523,1229,0.5322650498051105,0.426,2.9912603495860166,3.118396164644543,6.576547231270358,2.2294673996732244,8389.32516240797,505.83321337403424,7853.0,8866.4,8866.4,0.0,7853.0,0.0,28.397574707665655,21.08190041442524,33.168243416006135,19.379331789211296,0.13339107838891295,0.09874404504114336,0.09527934170636639,0.08531831961888263,0.07990472065829364,0.07405803378085751,0.07254222607189259,0.06301429190125596,0.0552187093980078,0.04893893460372455,0.05218709398007795,0.04504114335210048,0.034430489389346036,0.02317020355132092,0.020355132091814637,0.008445214378518839,0.00996102208748376,0.8513946683311834,0.034055241693486435,0.0,0.0,0.0,0.0,0.0,0.0,0.0,0.0,0.0,0.0,0.0,0.0,0.0,0.0,0.0,0.0,0.0,0.0,0.0,0.0,0.006496318752706801,0.032481593763534,0.2988306626245128,1.4226938068427848,6.554785621481162,12.91468168038112,6.801645734084021,1.4291901255954962,0.4222607189259421,0.11693373754872241,4.243779421654337,2.924645405213123,4.75,2.48746859276655,1.1192853181205928,4.313008130081301,2.928389940721753,4.178618857901727,2.917519495187153,0.9688409416058668,0.399,0.009346,0.0,0.0,0.0,0.0,0.0,0.0,0.0,0.0,0.0,0.0,0.019488956258120402,16.53313122563878,13.427890861844958,0.019488956258120402,0.0,0.0,0.0,0.0,0.0,0.0,0.0,0.0,0.0,0.0,0.0,0.0,0.0,0.0,0.0,0.0,nan,nan,4.245137491616365,2.923677278849585,nan,0.399,0.0451,0.0,0.0,0.0,0.0,0.0,0.0,0.0,0.0,0.0,0.0,0.0,0.0,0.0,0.0,0.0,0.0,0.0,0.0,0.0,0.0,0.0,0.0,0.0,0.0,0.001017756604590732,0.00021654395842355997,0.00029233434387180597,1.0827197921177999e-05,0.0037570376786487656,0.0025768731052403637,0.010502381983542659,0.010015158077089649,0.020300996102208747,0.05491554785621481,0.038598960588999566,0.043038111736682545,0.056647899523603294,0.05086617583369424,0.059246427024686014,0.07667821567778259,0.09784538761368558,0.12013858813339108,0.09376353399740148,0.06552620181896925,0.06354482459939367,0.04435902988306626,0.014475963620614984,0.02666738847986141,0.009657860545690775,0.00865093113902122,0.021177999133824166,0.00519705500216544,1.0827197921177999e-05,0.00017323516673884798,0.00012992637505413598,0.0,0.0,0.0,0.0,0.0,0.0,0.0,0.0,0.0,0.0,0.0,0.0,0.0,0.0,0.0,0.0,0.0,0.0,0.0,0.0,0.0,0.0,0.0,0.0,0.0,0.0,0.0,0.0,0.0,0.0,0.0,0.0,0.0,0.0,0.0,0.0,0.0,0.0,0.0,0.0,0.0,0.0,0.0,0.0,0.0,0.0,nan,nan,4.245137491616365,2.923677278849585,nan,0.851878727345732,0.03367568270021545,0.0,0.0,0.0,0.0,0.0,0.0,0.0,0.0,0.0,0.0,0.0,0.0,0.0,0.0,0.0,0.0,0.0,0.0,0.0,0.0,0.0,0.0,0.2700490998363339,1.4484451718494227,6.493453355155484,12.92553191489362,6.910801963993455,1.3870703764320789,0.42962356792144035,0.13502454991816695,0.850850491591737,0.03446883545270521,0.0,0.0,0.0,0.0,0.0,0.0,0.0,0.0,0.0,0.0,0.0,0.0,0.0,0.0,0.0,0.0,0.0,0.0,0.0,0.0,0.01379944802207912,0.0689972401103956,0.3311867525298989,1.3937442502299864,6.623735050597978,12.902483900643977,6.678932842686295,1.476540938362466,0.41398344066237364,0.09659613615455384,0.3987,0.00933,0.0,0.0,0.0,0.0,0.0,0.0,0.0,0.0,0.0,0.0,0.012274959083469724,16.71849427168574,13.244680851063833,0.02454991816693945,0.0,0.0,0.0,0.0,0.0,0.0,0.0,0.0,0.0,0.0,0.0,0.0,0.0,0.0,0.0,0.0,0.399,0.00936,0.0,0.0,0.0,0.0,0.0,0.0,0.0,0.0,0.0,0.0,0.02759889604415824,16.324747010119573,13.633854645814171,0.01379944802207912,0.0,0.0,0.0,0.0,0.0,0.0,0.0,0.0,0.0,0.0,0.0,0.0,0.0,0.0,0.0,0.0
30800,4893,2579,0.5270795013284284,1237,971,0.4512568976088289,1376,0.5624361332515839,0.40199999999999997,2.9740708729472773,3.0713528625649382,6.480712166172107,2.1905682832996947,8387.142366646229,505.95632866172724,7853.0,8866.4,8866.4,0.0,7853.0,0.0,28.65767422848968,20.998484682186756,33.74038929440389,19.050489934865862,0.14101778050275904,0.0862456570611077,0.09012875536480687,0.0868587778459023,0.0809319435928878,0.07296137339055794,0.06989576946658492,0.06580829756795423,0.06029021050480278,0.056407112201103615,0.046188432454526876,0.04148783977110158,0.03596975270795013,0.030656039239730228,0.01941549151849581,0.009401185366850603,0.00633558144287758,0.8519161345645399,0.034105518519831644,0.0,0.0,0.0,0.0,0.0,0.0,0.0,0.0,0.0,0.0,0.0,0.0,0.0,0.0,0.0,0.0,0.0,0.0,0.0,0.0,0.006131207847946047,0.06744328632740651,0.26364193746168,1.391784181483748,6.198651134273454,13.102391171060702,6.873083997547519,1.58185162477008,0.41079092581238513,0.10423053341508279,4.141172820353708,2.892358166583734,5.461538461538462,3.5216994283875684,1.3188385750759317,4.12268803945746,2.902078964848647,4.1686298822070675,2.8904499605781315,1.011143662171357,0.3987,0.008965,0.0,0.0,0.0,0.0,0.0,0.0,0.0,0.0,0.0,0.0,0.0,16.977314530962577,13.022685469037404,0.0,0.0,0.0,0.0,0.0,0.0,0.0,0.0,0.0,0.0,0.0,0.0,0.0,0.0,0.0,0.0,0.0,nan,nan,4.146477132262052,2.8963645555845794,nan,0.3987,0.04507,0.0,0.0,0.0,0.0,0.0,0.0,0.0,0.0,0.0,0.0,0.0,0.0,0.0,0.0,0.0,0.0,0.0,0.0,0.0,0.0,0.0,0.0,0.0,0.0,0.000715307582260372,0.00029634171265072553,7.15307582260372e-05,1.0218679746576742e-05,0.0038728796239525854,0.0020028612303290413,0.011117923564275496,0.00991211935417944,0.02236868996525649,0.05268751277334968,0.03827917433067648,0.04566727978745146,0.057061107704884526,0.05721438790108318,0.056826078070713264,0.07300224810954424,0.09695483343552012,0.12200081749437973,0.0882689556509299,0.06525648886163908,0.0671776006539955,0.046188432454526876,0.014152871449008788,0.02396280400572246,0.008696096464336807,0.00827713059472716,0.022276721847537297,0.005293276108726753,2.0437359493153485e-05,0.00022481095442468833,0.0001430615164520744,0.0,0.0,0.0,0.0,0.0,0.0,0.0,0.0,0.0,0.0,0.0,0.0,0.0,0.0,0.0,0.0,0.0,0.0,0.0,0.0,0.0,0.0,0.0,0.0,0.0,0.0,0.0,0.0,0.0,0.0,0.0,0.0,0.0,0.0,0.0,0.0,0.0,0.0,0.0,0.0,0.0,0.0,0.0,0.0,0.0,0.0,nan,nan,4.146477132262052,2.8963645555845794,nan,0.8514853907260104,0.034196947636964514,0.0,0.0,0.0,0.0,0.0,0.0,0.0,0.0,0.0,0.0,0.0,0.0,0.0,0.0,0.0,0.0,0.0,0.0,0.0,0.0,0.011632415664986432,0.05816207832493216,0.30244280728964723,1.395889879798367,6.269872043427687,13.086467623109735,6.863125242341995,1.5122140364482362,0.39550213260953865,0.10469174098487788,0.8523962073214835,0.03399689898712209,0.0,0.0,0.0,0.0,0.0,0.0,0.0,0.0,0.0,0.0,0.0,0.0,0.0,0.0,0.0,0.0,0.0,0.0,0.0,0.0,0.0,0.07778738115816769,0.2203975799481418,1.3872082973206525,6.1192739844425255,13.120138288677618,6.884183232497841,1.6594641313742442,0.4278305963699223,0.10371650821089026,0.3984,0.00895,0.0,0.0,0.0,0.0,0.0,0.0,0.0,0.0,0.0,0.0,0.0,17.122915858859997,12.87708414113998,0.0,0.0,0.0,0.0,0.0,0.0,0.0,0.0,0.0,0.0,0.0,0.0,0.0,0.0,0.0,0.0,0.0,0.3987,0.00898,0.0,0.0,0.0,0.0,0.0,0.0,0.0,0.0,0.0,0.0,0.0,16.815038893690552,13.184961106309425,0.0,0.0,0.0,0.0,0.0,0.0,0.0,0.0,0.0,0.0,0.0,0.0,0.0,0.0,0.0,0.0,0.0
30900,4769,2456,0.5149926609352066,1195,959,0.45166701614594257,1340,0.5619626756133361,0.422,3.0281020319930825,3.1676852323188265,6.641566265060241,2.19963468047234,8374.893562591737,506.4721568415887,7853.0,8866.4,8866.4,0.0,7853.0,0.0,28.409939190605996,20.98178207513638,33.365628891656286,19.156959702750697,0.1394422310756972,0.09477877961836863,0.08806877752149297,0.08785908995596561,0.0826169008177815,0.07129377227930384,0.07108408471377647,0.0650031453134829,0.05808345565107989,0.05095407842314951,0.04885720276787586,0.04298595093310967,0.037534074229398195,0.024533445166701615,0.02033969385615433,0.009855315579786118,0.006710002096875656,0.851262574839277,0.03424825623437577,0.0,0.0,0.0,0.0,0.0,0.0,0.0,0.0,0.0,0.0,0.0,0.0,0.0,0.0,0.0,0.0,0.0,0.0,0.0,0.0,0.025162507863283713,0.06290626965820928,0.32082197525686734,1.4405535751729879,6.16481442650451,13.046760327112604,6.907108408471379,1.5600754875235903,0.40889075277836034,0.06290626965820928,4.258199356913183,2.937487273908191,3.95,2.801338965566288,0.9276221399984899,4.295497780596069,2.963131947986939,4.218427835051546,2.908943833993414,0.9820579710475772,0.3987,0.00911,0.0,0.0,0.0,0.0,0.0,0.0,0.0,0.0,0.0,0.0,0.0,16.65758020549379,13.342419794506188,0.0,0.0,0.0,0.0,0.0,0.0,0.0,0.0,0.0,0.0,0.0,0.0,0.0,0.0,0.0,0.0,0.0,nan,nan,4.256230031948882,2.93674003231012,nan,0.3987,0.04495,0.0,0.0,0.0,0.0,0.0,0.0,0.0,0.0,0.0,0.0,0.0,0.0,0.0,0.0,0.0,0.0,0.0,0.0,0.0,0.0,0.0,0.0,0.0,0.0,0.0007234221010694066,0.00023065632208010066,0.00010484378276368212,1.0484378276368211e-05,0.003375969804990564,0.0014678129586915495,0.013220801006500315,0.010662612707066471,0.02339064793457748,0.05079681274900399,0.03885510589222059,0.043468232333822604,0.054130845040889074,0.05721325225414133,0.05442440763262738,0.07543510169846929,0.10269448521702663,0.12173411616691131,0.08675823023694695,0.06439505137345355,0.07002516250786328,0.044118263786957435,0.01640805200251625,0.02174460054518767,0.009708534283916964,0.008775424617320194,0.02010903753407423,0.005630111134409729,0.0,0.0003774376179492556,1.0484378276368211e-05,0.0,0.0,0.0,0.0,0.0,0.0,0.0,0.0,0.0,0.0,0.0,0.0,0.0,0.0,0.0,0.0,0.0,0.0,0.0,0.0,0.0,0.0,0.0,0.0,0.0,0.0,0.0,0.0,0.0,0.0,0.0,0.0,0.0,0.0,0.0,0.0,0.0,0.0,0.0,0.0,0.0,0.0,0.0,0.0,0.0,0.0,nan,nan,4.256230031948882,2.93674003231012,nan,0.8515418834183426,0.0345338749757036,0.0,0.0,0.0,0.0,0.0,0.0,0.0,0.0,0.0,0.0,0.0,0.0,0.0,0.0,0.0,0.0,0.0,0.0,0.0,0.0,0.012214983713355053,0.024429967426710105,0.3786644951140066,1.4657980456026012,6.327361563517917,12.728013029315964,6.999185667752444,1.5024429967426713,0.46416938110749195,0.09771986970684042,0.8509659981552368,0.03393983241998558,0.0,0.0,0.0,0.0,0.0,0.0,0.0,0.0,0.0,0.0,0.0,0.0,0.0,0.0,0.0,0.0,0.0,0.0,0.0,0.0,0.03891050583657588,0.10376134889753569,0.2594033722438392,1.4137483787289191,5.992217898832687,13.385214007782105,6.80933852140078,1.6212710765239953,0.35019455252918297,0.025940337224383922,0.3987,0.00898,0.0,0.0,0.0,0.0,0.0,0.0,0.0,0.0,0.0,0.0,0.0,16.551302931596066,13.448697068403911,0.0,0.0,0.0,0.0,0.0,0.0,0.0,0.0,0.0,0.0,0.0,0.0,0.0,0.0,0.0,0.0,0.0,0.3987,0.009254,0.0,0.0,0.0,0.0,0.0,0.0,0.0,0.0,0.0,0.0,0.0,16.77042801556418,13.2295719844358,0.0,0.0,0.0,0.0,0.0,0.0,0.0,0.0,0.0,0.0,0.0,0.0,0.0,0.0,0.0,0.0,0.0
31000,4759,2455,0.5158646774532465,1154,939,0.43979827694893886,1354,0.5690271065349863,0.38199999999999995,2.939236111111111,2.984878924554821,6.268011527377522,2.039293351047133,8375.77726413112,506.4448751622016,7853.0,8866.4,8866.399999999998,1.8189894035458565e-12,7853.0,0.0,28.973313721370037,21.150317094171218,33.82147284899578,19.31866650136196,0.13154023954612312,0.10107165370876235,0.08909434755200672,0.08237024584996848,0.07417524690060937,0.07417524690060937,0.0687119142677033,0.06135742803109897,0.05694473628913637,0.05610422357638159,0.06114729985291027,0.041395251103172936,0.03488127757932339,0.03172935490649296,0.018281151502416475,0.011346921622189535,0.005673460811094768,0.8524332813891976,0.034510487748948354,0.0,0.0,0.0,0.0,0.0,0.0,0.0,0.0,0.0,0.0,0.0,0.0,0.0,0.0,0.0,0.0,0.0,0.0,0.0,0.0,0.006303845345660855,0.05043076276528684,0.29628073124606014,1.3048959865517926,6.291237654969533,12.897667577222109,6.9468375709182615,1.6137844084891788,0.4538768648875815,0.1386845976045388,4.133888532991672,2.747664233893866,4.153846153846154,2.1066252211737155,1.0048278081750885,4.14920634920635,2.754037325880069,4.118589743589744,2.7363953569684325,0.9926210935200988,0.3992,0.00923,0.0,0.0,0.0,0.0,0.0,0.0,0.0,0.0,0.0,0.0,0.006303845345660855,16.4215171254465,13.57217902920782,0.0,0.0,0.0,0.0,0.0,0.0,0.0,0.0,0.0,0.0,0.0,0.0,0.0,0.0,0.0,0.0,0.0,nan,nan,4.133971291866029,2.7453153984805416,nan,0.3992,0.04517,0.0,0.0,0.0,0.0,0.0,0.0,0.0,0.0,0.0,0.0,0.0,0.0,0.0,0.0,0.0,0.0,0.0,0.0,0.0,0.0,0.0,0.0,0.0,0.0,0.0011767177978566927,0.00010506408909434755,9.45576801849128e-05,0.0,0.0032254675351964697,0.001796595923513343,0.013227568816978357,0.010506408909434755,0.022347131750367726,0.04849758352595083,0.0386951040134482,0.04353855852069763,0.05335154444210969,0.05804790922462702,0.05656650556839672,0.07160117671779785,0.10564194158436646,0.11931077957554108,0.08868459760453877,0.06645303635217482,0.06503467114940113,0.04586047488968271,0.016516074805631435,0.02321916368985081,0.010443370455978146,0.008321075856272326,0.02103383063668838,0.0061987812565665055,1.0506408909434756e-05,0.00048329480983399874,0.0,0.0,0.0,1.0506408909434756e-05,0.0,0.0,0.0,0.0,0.0,0.0,0.0,0.0,0.0,0.0,0.0,0.0,0.0,0.0,0.0,0.0,0.0,0.0,0.0,0.0,0.0,0.0,0.0,0.0,0.0,0.0,0.0,0.0,0.0,0.0,0.0,0.0,0.0,0.0,0.0,0.0,0.0,0.0,0.0,0.0,0.0,0.0,0.0,nan,nan,4.133971291866029,2.7453153984805416,nan,0.8528520864527482,0.03405315923977713,0.0,0.0,0.0,0.0,0.0,0.0,0.0,0.0,0.0,0.0,0.0,0.0,0.0,0.0,0.0,0.0,0.0,0.0,0.0,0.0,0.0,0.024439918533604894,0.28105906313645623,1.234215885947043,6.427698574338087,12.916496945010186,6.867617107942975,1.6619144602851328,0.4154786150712832,0.17107942973523427,0.8519870285979576,0.034985695126910375,0.0,0.0,0.0,0.0,0.0,0.0,0.0,0.0,0.0,0.0,0.0,0.0,0.0,0.0,0.0,0.0,0.0,0.0,0.0,0.0,0.013020833333333336,0.07812500000000001,0.31250000000000006,1.380208333333329,6.145833333333335,12.87760416666667,7.031250000000002,1.5625000000000004,0.49479166666666674,0.10416666666666669,0.3992,0.00925,0.0,0.0,0.0,0.0,0.0,0.0,0.0,0.0,0.0,0.0,0.012219959266802447,16.27698574338083,13.710794297352345,0.0,0.0,0.0,0.0,0.0,0.0,0.0,0.0,0.0,0.0,0.0,0.0,0.0,0.0,0.0,0.0,0.0,0.399,0.0092,0.0,0.0,0.0,0.0,0.0,0.0,0.0,0.0,0.0,0.0,0.0,16.575520833333307,13.42447916666667,0.0,0.0,0.0,0.0,0.0,0.0,0.0,0.0,0.0,0.0,0.0,0.0,0.0,0.0,0.0,0.0,0.0
31100,4365,2268,0.5195876288659794,1093,846,0.4442153493699885,1165,0.5337915234822451,0.438,2.995708154506438,3.212172943399432,6.767284991568297,2.1906921484088566,8379.550103092784,506.3110342538524,7853.0,8866.4,8866.4,0.0,7853.0,0.0,28.107674684994272,20.962418742083514,32.99972789115646,19.233792539074575,0.13768613974799543,0.10286368843069874,0.09186712485681559,0.08407789232531501,0.08270332187857961,0.07422680412371134,0.06345933562428407,0.06300114547537228,0.06048109965635739,0.056357388316151204,0.04765177548682703,0.04169530355097365,0.030927835051546393,0.026575028636884306,0.016036655211912942,0.013974799541809852,0.006414662084765177,0.8510888553976603,0.03442160178886214,0.0,0.0,0.0,0.0,0.0,0.0,0.0,0.0,0.0,0.0,0.0,0.0,0.0,0.0,0.0,0.0,0.0,0.0,0.0,0.0,0.0,0.04123711340206186,0.2680412371134021,1.5807560137456995,6.501718213058421,12.749140893470793,6.852233676975946,1.512027491408935,0.35738831615120287,0.13745704467353956,4.290552584670232,3.0128778647637735,4.25,2.165063509461097,0.9905484004985458,4.3418803418803416,3.019393327384495,4.239176721078779,3.0013478690790416,0.9763458196185378,0.3992,0.00933,0.0,0.0,0.0,0.0,0.0,0.0,0.0,0.0,0.0,0.0,0.0068728522336769775,16.116838487972487,13.869415807560141,0.0068728522336769775,0.0,0.0,0.0,0.0,0.0,0.0,0.0,0.0,0.0,0.0,0.0,0.0,0.0,0.0,0.0,0.0,nan,nan,4.290437255599005,3.0108060366725944,nan,0.3992,0.04544,0.0,0.0,0.0,0.0,0.0,0.0,0.0,0.0,0.0,0.0,0.0,0.0,0.0,0.0,0.0,0.0,0.0,0.0,0.0,0.0,0.0,0.0,0.0,0.0,0.0013058419243986254,0.0,9.163802978235968e-05,2.290950744558992e-05,0.00438717067583047,0.0018213058419243985,0.014673539518900344,0.009610538373424972,0.020916380297823597,0.04631156930126002,0.040492554410080185,0.04261168384879725,0.05515463917525773,0.058018327605956474,0.05434135166093929,0.06828178694158075,0.10394043528064147,0.12487972508591065,0.08531500572737687,0.0722794959908362,0.06451317296678122,0.04413516609392898,0.016357388316151203,0.02381443298969072,0.010171821305841924,0.008109965635738832,0.020458190148911797,0.007033218785796105,0.00012600229095074457,0.0007445589919816724,2.290950744558992e-05,2.290950744558992e-05,0.0,3.436426116838488e-05,0.0,0.0,0.0,0.0,0.0,0.0,0.0,0.0,0.0,0.0,0.0,0.0,0.0,0.0,0.0,0.0,0.0,0.0,0.0,0.0,0.0,0.0,0.0,0.0,0.0,0.0,0.0,0.0,0.0,0.0,0.0,0.0,0.0,0.0,0.0,0.0,0.0,0.0,0.0,0.0,0.0,0.0,0.0,nan,nan,4.290437255599005,3.0108060366725944,nan,0.8505182948219713,0.03510233934162376,0.0,0.0,0.0,0.0,0.0,0.0,0.0,0.0,0.0,0.0,0.0,0.0,0.0,0.0,0.0,0.0,0.0,0.0,0.0,0.0,0.0,0.06613756613756615,0.3042328042328043,1.7592592592592537,6.560846560846563,12.685185185185189,6.600529100529102,1.4814814814814818,0.42328042328042337,0.11904761904761907,0.8517059423722252,0.033658979509294806,0.0,0.0,0.0,0.0,0.0,0.0,0.0,0.0,0.0,0.0,0.0,0.0,0.0,0.0,0.0,0.0,0.0,0.0,0.0,0.0,0.0,0.014306151645207443,0.22889842632331908,1.3876967095851174,6.437768240343349,12.818311874105868,7.124463519313307,1.5450643776824038,0.2861230329041488,0.15736766809728187,0.3992,0.0093,0.0,0.0,0.0,0.0,0.0,0.0,0.0,0.0,0.0,0.0,0.0,16.349206349206327,13.650793650793654,0.0,0.0,0.0,0.0,0.0,0.0,0.0,0.0,0.0,0.0,0.0,0.0,0.0,0.0,0.0,0.0,0.0,0.3994,0.00937,0.0,0.0,0.0,0.0,0.0,0.0,0.0,0.0,0.0,0.0,0.014306151645207443,15.865522174535025,14.105865522174538,0.014306151645207443,0.0,0.0,0.0,0.0,0.0,0.0,0.0,0.0,0.0,0.0,0.0,0.0,0.0,0.0,0.0,0.0
31200,4709,2478,0.5262263750265449,1141,942,0.4423444468039924,1313,0.5576555531960077,0.41,3.0268937696100404,3.0939557604050383,6.538819875776397,2.070207742713288,8386.277808451901,506.0024803278081,7853.0,8866.4,8866.399999999998,1.8189894035458565e-12,7853.0,0.0,28.29284349118709,20.978764297739488,33.107286432160805,19.246308715418987,0.13506052240390742,0.10044595455510724,0.09407517519643237,0.0864302399660225,0.08048417923125929,0.07220216606498195,0.06370779358674877,0.06859205776173286,0.060947122531323,0.051178594181354856,0.04778084519006159,0.0399235506476959,0.03312805266510937,0.029942662985771928,0.01783818220428966,0.011255043533658951,0.0070078572945423655,0.8514032584766745,0.03408890726352236,0.0,0.0,0.0,0.0,0.0,0.0,0.0,0.0,0.0,0.0,0.0,0.0,0.0,0.0,0.0,0.0,0.0,0.0,0.0,0.0,0.0,0.05096623486939904,0.42684221703121694,1.3060097685283458,6.211509874708008,12.996389891696754,6.950520280314294,1.637290295179444,0.32490974729241884,0.09556169038012319,4.299536116633532,2.8341159417287076,3.75,2.118372016431486,0.872187114673243,4.315095583388266,2.8628717196694415,4.276791584483892,2.7973960305195007,0.9911232559825945,0.3992,0.009056,0.0,0.0,0.0,0.0,0.0,0.0,0.0,0.0,0.0,0.0,0.0,16.468464642174535,13.531535357825444,0.0,0.0,0.0,0.0,0.0,0.0,0.0,0.0,0.0,0.0,0.0,0.0,0.0,0.0,0.0,0.0,0.0,nan,nan,4.295918367346939,2.8303449141462034,nan,0.3992,0.0453,0.0,0.0,0.0,0.0,0.0,0.0,0.0,0.0,0.0,0.0,0.0,0.0,0.0,0.0,0.0,0.0,0.0,0.0,0.0,0.0,0.0,0.0,0.0,0.0,0.0012741558717349756,0.0,0.00014865151836908049,1.0617965597791463e-05,0.004300276067105543,0.001263537906137184,0.013824591208324485,0.011000212359311956,0.022403907411339987,0.045317477171373965,0.04101720110426842,0.04185602038649395,0.05406668082395413,0.060755999150562755,0.05403482692716076,0.0685177320025483,0.10342960288808664,0.1242514334253557,0.08727967721384583,0.07246761520492674,0.0644298152473986,0.04565725207050329,0.01495009556169038,0.02046081970694415,0.00987470800594606,0.00885538330855808,0.020874920365258016,0.006848587810575494,0.00010617965597791463,0.0007007857294542366,0.0,0.0,0.0,2.1235931195582926e-05,0.0,0.0,0.0,0.0,0.0,0.0,0.0,0.0,0.0,0.0,0.0,0.0,0.0,0.0,0.0,0.0,0.0,0.0,0.0,0.0,0.0,0.0,0.0,0.0,0.0,0.0,0.0,0.0,0.0,0.0,0.0,0.0,0.0,0.0,0.0,0.0,0.0,0.0,0.0,0.0,0.0,0.0,0.0,nan,nan,4.295918367346939,2.8303449141462034,nan,0.8515163496725977,0.034757000287493116,0.0,0.0,0.0,0.0,0.0,0.0,0.0,0.0,0.0,0.0,0.0,0.0,0.0,0.0,0.0,0.0,0.0,0.0,0.0,0.0,0.0,0.04842615012106539,0.5447941888619856,1.2590799031476958,6.06537530266344,12.978208232445523,6.876513317191285,1.7554479418886202,0.3874092009685231,0.08474576271186443,0.8512776466508127,0.03333070449144069,0.0,0.0,0.0,0.0,0.0,0.0,0.0,0.0,0.0,0.0,0.0,0.0,0.0,0.0,0.0,0.0,0.0,0.0,0.0,0.0,0.0,0.05378753922008069,0.2958314657104438,1.358135365307033,6.373823397579562,13.016584491259529,7.032720753025551,1.5060510981622595,0.2554908112953833,0.10757507844016138,0.3992,0.009125,0.0,0.0,0.0,0.0,0.0,0.0,0.0,0.0,0.0,0.0,0.0,16.319612590799007,13.680387409200971,0.0,0.0,0.0,0.0,0.0,0.0,0.0,0.0,0.0,0.0,0.0,0.0,0.0,0.0,0.0,0.0,0.0,0.399,0.00897,0.0,0.0,0.0,0.0,0.0,0.0,0.0,0.0,0.0,0.0,0.0,16.63379650380993,13.366203496190053,0.0,0.0,0.0,0.0,0.0,0.0,0.0,0.0,0.0,0.0,0.0,0.0,0.0,0.0,0.0,0.0,0.0
31300,4795,2512,0.5238790406673618,1160,996,0.44963503649635034,1367,0.5701772679874869,0.41,2.9956197985107313,3.0838732605823305,6.605431309904153,2.1320397519904764,8383.899019812305,506.1218207508184,7853.0,8866.4,8866.4,0.0,7853.0,0.0,27.525338894681962,20.576111518935893,32.424912978617606,18.847676618178085,0.14202294056308654,0.1005213764337852,0.0940563086548488,0.08550573514077164,0.08196037539103232,0.08008342022940564,0.06777893639207508,0.06715328467153285,0.05672575599582899,0.05005213764337852,0.044212721584984356,0.04358706986444213,0.030448383733055265,0.0264859228362878,0.013555787278415016,0.00959332638164755,0.006256517205422315,0.8514232166865073,0.03435247359398864,0.0,0.0,0.0,0.0,0.0,0.0,0.0,0.0,0.0,0.0,0.0,0.0,0.0,0.0,0.0,0.0,0.0,0.0,0.0,0.0,0.006256517205422317,0.05630865484880085,0.3253388946819605,1.332638164754949,6.450469238790408,13.169968717413976,6.594369134515121,1.5703858185610013,0.35662148070907207,0.13764337851929095,4.32797638570023,2.87614814379647,4.214285714285714,3.211109541855574,0.9737312172519812,4.3649538866930175,2.9092347112688746,4.293393782383419,2.8448768397834856,0.9836057593809282,0.3987,0.00928,0.0,0.0,0.0,0.0,0.0,0.0,0.0,0.0,0.0,0.0,0.012513034410844634,16.98018769551614,12.99478623566215,0.012513034410844634,0.0,0.0,0.0,0.0,0.0,0.0,0.0,0.0,0.0,0.0,0.0,0.0,0.0,0.0,0.0,0.0,nan,nan,4.327456741756448,2.877778059246781,nan,0.3987,0.04535,0.0,0.0,0.0,0.0,0.0,0.0,0.0,0.0,0.0,0.0,0.0,0.0,0.0,0.0,0.0,0.0,0.0,0.0,0.0,0.0,0.0,0.0,0.0,0.0,0.0010948905109489052,0.0,0.00016684045881126174,1.0427528675703859e-05,0.0038686131386861315,0.0013660062565172054,0.014202294056308655,0.010604796663190823,0.022909280500521375,0.04875912408759124,0.040291970802919706,0.04193952033368092,0.05430656934306569,0.06374348279457769,0.05570385818561001,0.06708029197080292,0.1000104275286757,0.12091762252346194,0.08632950990615224,0.0751303441084463,0.06440041710114702,0.0470385818561001,0.01480709071949948,0.019697601668404587,0.008592283628779979,0.008488008342022941,0.021751824817518247,0.0059124087591240874,2.0855057351407717e-05,0.0007507820646506778,0.0,1.0427528675703859e-05,7.299270072992701e-05,2.0855057351407717e-05,0.0,0.0,0.0,0.0,0.0,0.0,0.0,0.0,0.0,0.0,0.0,0.0,0.0,0.0,0.0,0.0,0.0,0.0,0.0,0.0,0.0,0.0,0.0,0.0,0.0,0.0,0.0,0.0,0.0,0.0,0.0,0.0,0.0,0.0,0.0,0.0,0.0,0.0,0.0,0.0,0.0,0.0,0.0,nan,nan,4.327456741756448,2.877778059246781,nan,0.8514884545639821,0.035090661424048306,0.0,0.0,0.0,0.0,0.0,0.0,0.0,0.0,0.0,0.0,0.0,0.0,0.0,0.0,0.0,0.0,0.0,0.0,0.0,0.0,0.0,0.05971337579617836,0.3463375796178345,1.397292993630569,6.4848726114649695,12.898089171974526,6.640127388535033,1.6242038216560513,0.4060509554140128,0.14331210191082805,0.8513514350184317,0.033521315666179094,0.0,0.0,0.0,0.0,0.0,0.0,0.0,0.0,0.0,0.0,0.0,0.0,0.0,0.0,0.0,0.0,0.0,0.0,0.0,0.0,0.013140604467805522,0.05256241787122209,0.302233902759527,1.2614980289093258,6.412614980289095,13.46911957950066,6.54402102496715,1.511169513797635,0.302233902759527,0.13140604467805522,0.3987,0.00917,0.0,0.0,0.0,0.0,0.0,0.0,0.0,0.0,0.0,0.0,0.023885350318471343,17.042197452229278,12.91003184713376,0.023885350318471343,0.0,0.0,0.0,0.0,0.0,0.0,0.0,0.0,0.0,0.0,0.0,0.0,0.0,0.0,0.0,0.0,0.3984,0.009384,0.0,0.0,0.0,0.0,0.0,0.0,0.0,0.0,0.0,0.0,0.0,16.911957950065677,13.0880420499343,0.0,0.0,0.0,0.0,0.0,0.0,0.0,0.0,0.0,0.0,0.0,0.0,0.0,0.0,0.0,0.0,0.0
31400,4980,2533,0.5086345381526104,1182,1054,0.44899598393574297,1454,0.5839357429718876,0.38599999999999995,3.0102165917449937,3.0790394763525897,6.562322946175637,2.149430977592398,8368.450240963855,506.6244400767439,7853.0,8866.4,8866.399999999998,1.8189894035458565e-12,7853.0,0.0,28.22710843373494,20.787595449463883,32.96964666824757,19.05071122036621,0.13273092369477912,0.10240963855421686,0.09016064257028113,0.08473895582329317,0.0789156626506024,0.07991967871485944,0.07349397590361446,0.06285140562248996,0.05943775100401606,0.05542168674698795,0.04357429718875502,0.03835341365461847,0.035341365461847386,0.027309236947791166,0.01967871485943775,0.008835341365461847,0.006827309236947791,0.8518589859985444,0.03512843302814392,0.0,0.0,0.0,0.0,0.0,0.0,0.0,0.0,0.0,0.0,0.0,0.0,0.0,0.0,0.0,0.0,0.0,0.0,0.0,0.0,0.00602409638554217,0.054216867469879526,0.30722891566265065,1.5963855421686697,6.319277108433736,12.481927710843376,6.891566265060242,1.8313253012048196,0.41566265060240976,0.09638554216867472,4.294099378881987,2.8629398893444504,3.111111111111111,2.491962388000645,0.72450840947261,4.25278810408922,2.8449026627988956,4.322044334975369,2.8791943930054833,1.016284900444383,0.3984,0.00903,0.0,0.0,0.0,0.0,0.0,0.0,0.0,0.0,0.0,0.0,0.0,16.987951807228892,13.012048192771088,0.0,0.0,0.0,0.0,0.0,0.0,0.0,0.0,0.0,0.0,0.0,0.0,0.0,0.0,0.0,0.0,0.0,nan,nan,4.287523162445955,2.862362303102024,nan,0.3984,0.045,0.0,0.0,0.0,0.0,0.0,0.0,0.0,0.0,0.0,0.0,0.0,0.0,0.0,0.0,0.0,0.0,0.0,0.0,0.0,0.0,0.0,0.0,2.0080321285140562e-05,0.0,0.0010140562248995985,0.0,0.0002108433734939759,2.0080321285140562e-05,0.004096385542168675,0.0015261044176706827,0.013413654618473896,0.010592369477911647,0.022228915662650603,0.04691767068273092,0.04115461847389558,0.04437751004016064,0.054447791164658636,0.06085341365461847,0.05864457831325301,0.07001004016064256,0.10042168674698795,0.1185441767068273,0.08683734939759036,0.07609437751004015,0.06320281124497992,0.04755020080321285,0.014969879518072288,0.01891566265060241,0.008483935742971887,0.007118473895582329,0.022309236947791165,0.005451807228915663,0.0,0.00046184738955823293,0.0,0.0,5.020080321285141e-05,6.0240963855421684e-05,0.0,0.0,0.0,0.0,0.0,0.0,0.0,0.0,0.0,0.0,0.0,0.0,0.0,0.0,0.0,0.0,0.0,0.0,0.0,0.0,0.0,0.0,0.0,0.0,0.0,0.0,0.0,0.0,0.0,0.0,0.0,0.0,0.0,0.0,0.0,0.0,0.0,0.0,0.0,0.0,0.0,0.0,0.0,nan,nan,4.287523162445955,2.862362303102024,nan,0.8510960519102031,0.03503757213359237,0.0,0.0,0.0,0.0,0.0,0.0,0.0,0.0,0.0,0.0,0.0,0.0,0.0,0.0,0.0,0.0,0.0,0.0,0.0,0.0,0.011843663639952628,0.07106198183971577,0.2724042637189104,1.729174891433078,6.4429530201342295,12.376628503750496,6.727200947493093,1.8831425187524677,0.3789972364784841,0.10659297275957365,0.8526487334631003,0.035204829053785504,0.0,0.0,0.0,0.0,0.0,0.0,0.0,0.0,0.0,0.0,0.0,0.0,0.0,0.0,0.0,0.0,0.0,0.0,0.0,0.0,0.0,0.03677973028197794,0.34327748263179414,1.45892930118512,6.191254597466287,12.59092766653045,7.061708214139765,1.7776869636289339,0.45361667347772794,0.08581937065794853,0.3984,0.00907,0.0,0.0,0.0,0.0,0.0,0.0,0.0,0.0,0.0,0.0,0.0,17.0430319778918,12.956968022108175,0.0,0.0,0.0,0.0,0.0,0.0,0.0,0.0,0.0,0.0,0.0,0.0,0.0,0.0,0.0,0.0,0.0,0.3984,0.009,0.0,0.0,0.0,0.0,0.0,0.0,0.0,0.0,0.0,0.0,0.0,16.93093583980382,13.069064160196161,0.0,0.0,0.0,0.0,0.0,0.0,0.0,0.0,0.0,0.0,0.0,0.0,0.0,0.0,0.0,0.0,0.0
31500,4723,2466,0.5221257675206437,1185,960,0.45416049121321195,1342,0.5682828710565319,0.418,3.062472308373948,3.1572431093638844,6.632047477744807,2.1538550679031805,8382.122252805422,506.2036473388251,7853.0,8866.4,8866.4,0.0,7853.0,0.0,28.472157526995552,21.071674709461497,33.434137757667166,19.24852180760657,0.13995341943679865,0.09273766673724328,0.08934998941350836,0.08638577175524031,0.08342155409697226,0.07092949396569977,0.0705060343002329,0.06436586915096337,0.06224857082362905,0.05102688968875715,0.05039170019055685,0.041075587550285834,0.030489095913614227,0.02667795892441245,0.020537793775142917,0.012280330298539064,0.007622273978403557,0.849946982548092,0.035362622923795904,0.0,0.0,0.0,0.0,0.0,0.0,0.0,0.0,0.0,0.0,0.0,0.0,0.0,0.0,0.0,0.0,0.0,0.0,0.006351894982002965,0.02540757992801186,0.02540757992801186,0.04446326487402076,0.3112428541181453,1.492695320770692,6.637730256193099,13.36438704213424,6.040652127884821,1.5435104806267206,0.36205801397416904,0.1460935845860682,4.187904269081501,2.921118382848983,4.08,3.223910668737582,0.9742343038072439,4.165490699166132,2.868432443381212,4.208600770218228,2.977795959071631,1.010349337968928,0.3987,0.00887,0.0,0.0,0.0,0.0,0.0,0.0,0.0,0.0,0.0,0.0,0.01270378996400593,16.927800127037877,13.059496082998098,0.0,0.0,0.0,0.0,0.0,0.0,0.0,0.0,0.0,0.0,0.0,0.0,0.0,0.0,0.0,0.0,0.0,nan,nan,4.187038819377607,2.923687532338399,nan,0.3987,0.04446,0.0,0.0,0.0,0.0,0.0,0.0,0.0,0.0,0.0,0.0,0.0,0.0,0.0,0.0,0.0,0.0,0.0,0.0,0.0,0.0,0.0,0.0,0.0,0.0,0.0004234596654668643,0.0,6.351894982002965e-05,8.469193309337285e-05,0.003726445056108406,0.0010480626720304892,0.013413084903662926,0.010967605335591785,0.022295151386830404,0.04487613804785094,0.04273766673724328,0.0439233538005505,0.054435739995765405,0.05704001693838662,0.05945373703154774,0.07008257463476604,0.10366292610628837,0.12288799491848401,0.09104382807537582,0.07524878255346178,0.06190980309125556,0.04475968663984756,0.014842261274613593,0.01811348719034512,0.00829980944315054,0.0064365869150963375,0.021734067330086808,0.005526148634342579,6.351894982002965e-05,0.0007410544145670124,9.527842473004446e-05,0.0,6.351894982002965e-05,0.0,0.0,0.0,0.0,0.0,0.0,0.0,0.0,0.0,0.0,0.0,0.0,0.0,0.0,0.0,0.0,0.0,0.0,0.0,0.0,0.0,0.0,0.0,0.0,0.0,0.0,0.0,0.0,0.0,0.0,0.0,0.0,0.0,0.0,0.0,0.0,0.0,0.0,0.0,0.0,0.0,0.0,0.0,0.0,nan,nan,4.187038819377607,2.923687532338399,nan,0.8504712425009178,0.035113270620800205,0.0,0.0,0.0,0.0,0.0,0.0,0.0,0.0,0.0,0.0,0.0,0.0,0.0,0.0,0.0,0.0,0.0,0.0,0.0,0.03649635036496351,0.024330900243309007,0.024330900243309007,0.3527980535279806,1.3625304136252998,6.545012165450123,13.576642335766426,6.046228710462288,1.5085158150851585,0.37712895377128963,0.14598540145985403,0.8493741757055273,0.03562425189502988,0.0,0.0,0.0,0.0,0.0,0.0,0.0,0.0,0.0,0.0,0.0,0.0,0.0,0.0,0.0,0.0,0.0,0.0,0.013291980505095263,0.013291980505095263,0.026583961010190525,0.0664599025254763,0.2658396101019052,1.6349136021267119,6.739034116083298,13.13247673903412,6.0345591493132495,1.5817456801063363,0.34559149313247683,0.14621178555604789,0.3987,0.008995,0.0,0.0,0.0,0.0,0.0,0.0,0.0,0.0,0.0,0.0,0.012165450121654504,16.52068126520679,13.467153284671536,0.0,0.0,0.0,0.0,0.0,0.0,0.0,0.0,0.0,0.0,0.0,0.0,0.0,0.0,0.0,0.0,0.0,0.3984,0.008736,0.0,0.0,0.0,0.0,0.0,0.0,0.0,0.0,0.0,0.0,0.013291980505095263,17.372618520159477,12.614089499335405,0.0,0.0,0.0,0.0,0.0,0.0,0.0,0.0,0.0,0.0,0.0,0.0,0.0,0.0,0.0,0.0,0.0
31600,4962,2574,0.5187424425634825,1215,1031,0.45264006449012495,1393,0.5614671503426037,0.41,2.9355108877721943,3.105222587602727,6.644409937888199,2.200215219489937,8378.693591293832,506.34388856760444,7853.0,8866.4,8866.399999999998,1.8189894035458565e-12,7853.0,0.0,27.479443772672308,20.601663465318843,32.36905333974051,18.896993944079448,0.13865376864167675,0.10681176944780331,0.09189842805320435,0.08786779524385328,0.07819427650141073,0.07799274486094317,0.07134220072551391,0.06610237807335752,0.06166868198307134,0.05259975816203144,0.0380894800483676,0.0384925433293027,0.03486497380088674,0.02418379685610641,0.014913341394598953,0.010681176944780331,0.005642885933091495,0.8512720111659917,0.035924591743327176,0.0,0.0,0.0,0.0,0.0,0.0,0.0,0.0,0.0,0.0,0.0,0.0,0.0,0.0,0.0,0.0,0.0,0.0,0.0,0.0,0.018137847642079808,0.06045949214026603,0.2599758162031439,1.565900846432885,6.6444981862152375,12.53325272067715,6.638452237001211,1.5961305925030234,0.47158403869407506,0.2116082224909311,4.263040712468193,2.8902455790552377,4.333333333333333,3.1126980079810007,1.0164888457807955,4.2406015037593985,2.9046683778118965,4.286628278950736,2.8774934144124895,1.0108538317383826,0.3984,0.00898,0.0,0.0,0.0,0.0,0.0,0.0,0.0,0.0,0.0,0.0,0.006045949214026604,17.20072551390566,12.793228536880292,0.0,0.0,0.0,0.0,0.0,0.0,0.0,0.0,0.0,0.0,0.0,0.0,0.0,0.0,0.0,0.0,0.0,nan,nan,4.2633744855967075,2.8913463374213344,nan,0.3984,0.04483,0.0,0.0,0.0,0.0,0.0,0.0,0.0,0.0,0.0,0.0,0.0,0.0,0.0,0.0,0.0,0.0,0.0,0.0,0.0,0.0,0.0,1.007658202337767e-05,0.0,0.0,0.0006650544135429262,2.015316404675534e-05,1.007658202337767e-05,7.05360741636437e-05,0.003657799274486094,0.0015517936316001612,0.013059250302297461,0.011436920596533656,0.021896412736799677,0.04574768238613462,0.04501209189842805,0.043238613462313585,0.055209592906086256,0.05750705360741636,0.05658000806126562,0.0696291817815397,0.10030229746070134,0.12287384119306731,0.09600967351874244,0.0734683595324466,0.06228335348649738,0.045485691253526805,0.014157597742845626,0.01657597742845627,0.008141878274889158,0.005179363160016123,0.0218863361547763,0.0065800080612656185,9.068923821039904e-05,0.0011688835147118098,0.00021160822249093107,0.0,0.0002821442966545748,0.0,0.0,0.0,0.0,0.0,0.0,0.0,0.0,0.0,0.0,0.0,0.0,0.0,0.0,0.0,0.0,0.0,0.0,0.0,0.0,0.0,0.0,0.0,0.0,0.0,0.0,0.0,0.0,0.0,0.0,0.0,0.0,0.0,0.0,0.0,0.0,0.0,0.0,0.0,0.0,0.0,0.0,0.0,0.0,nan,nan,4.2633744855967075,2.8913463374213344,nan,0.8510014247134756,0.036318673841323826,0.0,0.0,0.0,0.0,0.0,0.0,0.0,0.0,0.0,0.0,0.0,0.0,0.0,0.0,0.0,0.0,0.0,0.0,0.0,0.0,0.011655011655011658,0.08158508158508161,0.32634032634032645,1.561771561771557,6.666666666666668,12.389277389277392,6.841491841491843,1.4102564102564106,0.442890442890443,0.2680652680652681,0.851563673447724,0.035492605318048924,0.0,0.0,0.0,0.0,0.0,0.0,0.0,0.0,0.0,0.0,0.0,0.0,0.0,0.0,0.0,0.0,0.0,0.0,0.0,0.0,0.025125628140703522,0.03768844221105528,0.18844221105527642,1.5703517587939648,6.620603015075378,12.68844221105528,6.41959798994975,1.7964824120603018,0.5025125628140704,0.15075376884422112,0.3984,0.008995,0.0,0.0,0.0,0.0,0.0,0.0,0.0,0.0,0.0,0.0,0.011655011655011658,17.191142191142166,12.7972027972028,0.0,0.0,0.0,0.0,0.0,0.0,0.0,0.0,0.0,0.0,0.0,0.0,0.0,0.0,0.0,0.0,0.0,0.3984,0.008965,0.0,0.0,0.0,0.0,0.0,0.0,0.0,0.0,0.0,0.0,0.0,17.211055276381884,12.788944723618094,0.0,0.0,0.0,0.0,0.0,0.0,0.0,0.0,0.0,0.0,0.0,0.0,0.0,0.0,0.0,0.0,0.0
31700,4407,2299,0.5216700703426367,1111,899,0.4560925799863853,1235,0.56047197640118,0.414,2.920303605313093,2.977350538080693,6.289340101522843,2.0688336065947794,8381.660449285228,506.2238918375848,7853.0,8866.4,8866.4,0.0,7853.0,0.0,28.75811209439528,20.970389550870937,33.636168500134154,19.10946426494492,0.1329702745631949,0.09371454504197867,0.09235307465395962,0.08168822328114364,0.07828454731109598,0.07737690038574994,0.0762423417290674,0.06421601996823235,0.05604719764011799,0.05196278647606081,0.053778080326752895,0.04220558202859088,0.03562514181983208,0.0247333787156796,0.01996823235761289,0.011345586566825504,0.007488087134104833,0.8513179615643767,0.03410136131399173,0.0,0.0,0.0,0.0,0.0,0.0,0.0,0.0,0.0,0.0,0.0,0.0,0.0,0.0,0.0,0.0,0.0,0.0,0.0,0.0,0.006807351940095304,0.06126616746085774,0.2927161334240981,1.470388019060581,6.58270932607216,12.48468345813479,6.997957794417973,1.7494894486044932,0.2791014295439075,0.07488087134104834,4.013783597518953,2.7353676033766963,3.9285714285714284,2.5485089678444677,0.9787701138147565,4.036856745479833,2.763139880201292,3.9932295192958702,2.70508589616203,0.9891927732553767,0.399,0.008736,0.0,0.0,0.0,0.0,0.0,0.0,0.0,0.0,0.0,0.0,0.0,16.56228727025185,13.437712729748132,0.0,0.0,0.0,0.0,0.0,0.0,0.0,0.0,0.0,0.0,0.0,0.0,0.0,0.0,0.0,0.0,0.0,nan,nan,4.0133744855967075,2.7345073256086145,nan,0.399,0.04446,0.0,0.0,0.0,0.0,0.0,0.0,0.0,0.0,0.0,0.0,0.0,0.0,0.0,0.0,0.0,0.0,0.0,0.0,0.0,0.0,0.0,0.0,0.0,0.0,0.0003630587701384162,0.0,7.941910596777853e-05,0.00015883821193555706,0.00348309507601543,0.0019174041297935103,0.012071704107102336,0.012230542319037894,0.02122759246653052,0.042409802586793735,0.04382800090764693,0.04236442024052643,0.05520762423417291,0.05904243249375993,0.05658044020875879,0.0715793056501021,0.10191740412979351,0.12479010664851373,0.09441797140912185,0.07734286362604946,0.061118674835488995,0.043759927388245974,0.014227365554799183,0.017075107783072384,0.0077717267982754705,0.004674381665532108,0.02180621738143862,0.006727932834127525,4.538234626730202e-05,0.0011572498298162016,0.00011345586566825505,0.0,0.0005105513955071477,0.0,0.0,0.0,0.0,0.0,0.0,0.0,0.0,0.0,0.0,0.0,0.0,0.0,0.0,0.0,0.0,0.0,0.0,0.0,0.0,0.0,0.0,0.0,0.0,0.0,0.0,0.0,0.0,0.0,0.0,0.0,0.0,0.0,0.0,0.0,0.0,0.0,0.0,0.0,0.0,0.0,0.0,0.0,0.0,nan,nan,4.0133744855967075,2.7345073256086145,nan,0.8518604089405911,0.03336695022691884,0.0,0.0,0.0,0.0,0.0,0.0,0.0,0.0,0.0,0.0,0.0,0.0,0.0,0.0,0.0,0.0,0.0,0.0,0.0,0.0,0.013049151805132669,0.039147455415398005,0.3001304915180514,1.4223575467594562,6.276642018268814,12.4619399739017,7.451065680730754,1.7616354936929104,0.22183558068725537,0.052196607220530676,0.850726364544492,0.03487507651625031,0.0,0.0,0.0,0.0,0.0,0.0,0.0,0.0,0.0,0.0,0.0,0.0,0.0,0.0,0.0,0.0,0.0,0.0,0.0,0.0,0.0,0.08538899430740039,0.28462998102466797,1.5227703984819687,6.916508538899432,12.50948766603416,6.503795066413664,1.736242884250475,0.34155597722960157,0.09962049335863381,0.399,0.00889,0.0,0.0,0.0,0.0,0.0,0.0,0.0,0.0,0.0,0.0,0.0,16.454980426272268,13.54501957372771,0.0,0.0,0.0,0.0,0.0,0.0,0.0,0.0,0.0,0.0,0.0,0.0,0.0,0.0,0.0,0.0,0.0,0.399,0.008575,0.0,0.0,0.0,0.0,0.0,0.0,0.0,0.0,0.0,0.0,0.0,16.679316888045516,13.320683111954462,0.0,0.0,0.0,0.0,0.0,0.0,0.0,0.0,0.0,0.0,0.0,0.0,0.0,0.0,0.0,0.0,0.0
31800,4740,2498,0.5270042194092827,1151,957,0.4447257383966245,1355,0.5717299578059072,0.38599999999999995,2.9973238180196256,3.077788977158148,6.488584474885845,2.1233514990160924,8387.066075949368,505.96046079425344,7853.0,8866.4,8866.4,0.0,7853.0,0.0,28.353586497890294,21.04406362182246,33.103611457036116,19.357943768835007,0.13248945147679325,0.10042194092827005,0.09725738396624473,0.08755274261603375,0.0759493670886076,0.07573839662447257,0.06582278481012659,0.0630801687763713,0.05569620253164557,0.0540084388185654,0.052531645569620256,0.04451476793248945,0.031223628691983123,0.024050632911392405,0.021308016877637132,0.010548523206751054,0.007805907172995781,0.852158083040503,0.034405421868885476,0.0,0.0,0.0,0.0,0.0,0.0,0.0,0.0,0.0,0.0,0.0,0.0,0.0,0.0,0.0,0.0,0.0,0.0,0.0,0.0,0.018987341772151903,0.05696202531645571,0.2721518987341773,1.2974683544303758,6.379746835443039,12.759493670886078,6.943037974683546,1.7025316455696207,0.47468354430379756,0.09493670886075951,4.303040209218699,2.891300979725671,4.357142857142857,2.99063163077976,1.012573121628808,4.339622641509434,2.9112570625996184,4.266927083333333,2.8716647202479075,0.9832484148550723,0.399,0.00886,0.0,0.0,0.0,0.0,0.0,0.0,0.0,0.0,0.0,0.0,0.0063291139240506345,16.518987341772128,13.4746835443038,0.0,0.0,0.0,0.0,0.0,0.0,0.0,0.0,0.0,0.0,0.0,0.0,0.0,0.0,0.0,0.0,0.0,nan,nan,4.303286690530427,2.891763543122905,nan,0.399,0.04462,0.0,0.0,0.0,0.0,0.0,0.0,0.0,0.0,0.0,0.0,0.0,0.0,0.0,0.0,0.0,0.0,0.0,0.0,0.0,0.0,0.0,0.0,0.0,0.0,0.0004324894514767933,0.0,0.00014767932489451475,0.0003059071729957806,0.00339662447257384,0.001940928270042194,0.012320675105485231,0.012436708860759494,0.022331223628691985,0.04188818565400844,0.04376582278481013,0.0420042194092827,0.053934599156118146,0.057225738396624475,0.05741561181434599,0.07135021097046414,0.099957805907173,0.12360759493670886,0.09548523206751054,0.07974683544303797,0.062246835443037975,0.04283755274261603,0.014082278481012659,0.017468354430379748,0.008111814345991562,0.004789029535864979,0.022816455696202532,0.006476793248945147,3.1645569620253167e-05,0.0010443037974683545,1.0548523206751054e-05,0.0,0.00039029535864978904,0.0,0.0,0.0,0.0,0.0,0.0,0.0,0.0,0.0,0.0,0.0,0.0,0.0,0.0,0.0,0.0,0.0,0.0,0.0,0.0,0.0,0.0,0.0,0.0,0.0,0.0,0.0,0.0,0.0,0.0,0.0,0.0,0.0,0.0,0.0,0.0,0.0,0.0,0.0,0.0,0.0,0.0,0.0,0.0,nan,nan,4.303286690530427,2.891763543122905,nan,0.8523072635917496,0.033698271076502626,0.0,0.0,0.0,0.0,0.0,0.0,0.0,0.0,0.0,0.0,0.0,0.0,0.0,0.0,0.0,0.0,0.0,0.0,0.0,0.0,0.024019215372297845,0.04803843074459569,0.2281825460368295,1.2610088070456325,6.317053642914333,12.802241793434751,7.109687750200162,1.681345076060849,0.48038430744595684,0.04803843074459569,0.8519918684923256,0.03517583337097601,0.0,0.0,0.0,0.0,0.0,0.0,0.0,0.0,0.0,0.0,0.0,0.0,0.0,0.0,0.0,0.0,0.0,0.0,0.0,0.0,0.013380909901873331,0.06690454950936665,0.3211418376449599,1.3380909901873286,6.4495985727029455,12.711864406779664,6.757359500446032,1.7261373773416597,0.46833184656556653,0.14719000892060663,0.3992,0.00884,0.0,0.0,0.0,0.0,0.0,0.0,0.0,0.0,0.0,0.0,0.0,16.321056845476356,13.678943154523623,0.0,0.0,0.0,0.0,0.0,0.0,0.0,0.0,0.0,0.0,0.0,0.0,0.0,0.0,0.0,0.0,0.0,0.399,0.00887,0.0,0.0,0.0,0.0,0.0,0.0,0.0,0.0,0.0,0.0,0.013380909901873331,16.73951828724351,13.247100802854597,0.0,0.0,0.0,0.0,0.0,0.0,0.0,0.0,0.0,0.0,0.0,0.0,0.0,0.0,0.0,0.0,0.0
31900,4386,2324,0.5298677610579116,1118,885,0.45668034655722756,1203,0.5485636114911081,0.434,2.9524733268671195,3.035303303229516,6.455516014234876,2.0859587776333304,8389.967989056086,505.7951550168312,7853.0,8866.4,8866.4,0.0,7853.0,0.0,27.717738258093934,20.599344771318396,32.72759466085535,18.772328716277997,0.14158686730506156,0.09758321933424532,0.09416324669402645,0.08321933424532604,0.0816233470132239,0.07341541267669859,0.07615139078887369,0.06703146374829001,0.06064751481988144,0.049247606019151846,0.046511627906976744,0.03875968992248062,0.033515731874145006,0.02416780665754674,0.016187870497036023,0.010031919744642043,0.006155950752393981,0.8509169712601543,0.03512757192813665,0.0,0.0,0.0,0.0,0.0,0.0,0.0,0.0,0.0,0.0,0.0,0.0,0.0,0.0,0.0,0.0,0.0,0.0,0.0,0.0,0.027359781121751033,0.17783857729138172,0.25991792065663477,1.4569083447332376,6.217510259917923,12.989056087551303,6.8125854993160075,1.6279069767441865,0.3146374829001369,0.11627906976744189,4.158436944937833,2.861971964378284,4.142857142857143,2.5125535158615087,0.9962534475604697,4.211347517730497,2.8245401859789765,4.105890603085554,2.8927789527336407,0.9749588666808069,0.3997,0.009315,0.0,0.0,0.0,0.0,0.0,0.0,0.0,0.0,0.0,0.0,0.006839945280437758,15.102599179206543,14.883720930232561,0.006839945280437758,0.0,0.0,0.0,0.0,0.0,0.0,0.0,0.0,0.0,0.0,0.0,0.0,0.0,0.0,0.0,0.0,nan,nan,4.158321579689704,2.859541818438068,nan,0.3997,0.04526,0.0,0.0,0.0,0.0,0.0,0.0,0.0,0.0,0.0,0.0,0.0,0.0,0.0,0.0,0.0,0.0,0.0,0.0,0.0,0.0,0.0,0.0,0.0,0.0,0.0007751937984496124,6.839945280437756e-05,6.839945280437756e-05,0.00011399908800729594,0.003796169630642955,0.0017555859553123575,0.012186502507979936,0.01292749658002736,0.021226630186958504,0.04168946648426813,0.0434906520747834,0.041997264021887824,0.05259917920656635,0.056646146830825354,0.05688554491564068,0.074156406748746,0.09571363429092568,0.12180802553579571,0.09302325581395349,0.07729138166894665,0.06417008663930689,0.046728226174190604,0.014671682626538987,0.018479252165982674,0.00926812585499316,0.004046967624259006,0.025501595987232104,0.00756953944368445,0.00021659826721386229,0.0006611947104423165,2.2799817601459188e-05,0.0,0.00044459644322845417,0.0,0.0,0.0,0.0,0.0,0.0,0.0,0.0,0.0,0.0,0.0,0.0,0.0,0.0,0.0,0.0,0.0,0.0,0.0,0.0,0.0,0.0,0.0,0.0,0.0,0.0,0.0,0.0,0.0,0.0,0.0,0.0,0.0,0.0,0.0,0.0,0.0,0.0,0.0,0.0,0.0,0.0,0.0,0.0,nan,nan,4.158321579689704,2.859541818438068,nan,0.8509371232709458,0.03449119913931508,0.0,0.0,0.0,0.0,0.0,0.0,0.0,0.0,0.0,0.0,0.0,0.0,0.0,0.0,0.0,0.0,0.0,0.0,0.0,0.0,0.0,0.12908777969018936,0.2839931153184166,1.3941480206540404,6.402753872633392,13.076592082616182,6.686746987951809,1.5619621342512913,0.33562822719449237,0.12908777969018936,0.8508942587125891,0.03583124443999666,0.0,0.0,0.0,0.0,0.0,0.0,0.0,0.0,0.0,0.0,0.0,0.0,0.0,0.0,0.0,0.0,0.0,0.0,0.0,0.0,0.05819592628516005,0.2327837051406402,0.2327837051406402,1.5276430649854462,6.0087293889427755,12.890397672162953,6.954413191076626,1.7022308438409315,0.29097963142580024,0.1018428709990301,0.3997,0.00931,0.0,0.0,0.0,0.0,0.0,0.0,0.0,0.0,0.0,0.0,0.012908777969018936,15.258175559380357,14.716006884681587,0.012908777969018936,0.0,0.0,0.0,0.0,0.0,0.0,0.0,0.0,0.0,0.0,0.0,0.0,0.0,0.0,0.0,0.0,0.4,0.00932,0.0,0.0,0.0,0.0,0.0,0.0,0.0,0.0,0.0,0.0,0.0,14.927255092143529,15.072744907856453,0.0,0.0,0.0,0.0,0.0,0.0,0.0,0.0,0.0,0.0,0.0,0.0,0.0,0.0,0.0,0.0,0.0
32000,4529,2359,0.5208655332302936,1092,919,0.4440273791123868,1283,0.5665709869728417,0.418,2.999078341013825,3.0639872035836633,6.3712948517940715,2.1239411697289534,8380.845131375578,506.258603303795,7853.0,8866.4,8866.4,0.0,7853.0,0.0,28.375800397438727,21.03989202070158,33.39296033622275,19.187420711593866,0.14109074850960476,0.09074850960476927,0.09582689335394126,0.08611172444248179,0.07860454846544492,0.0724221682490616,0.06756458379333186,0.059395009935968204,0.06359019651137117,0.06005740781629499,0.04703024950320159,0.04040627069993376,0.03599028483108854,0.021859130050783836,0.02031353499668801,0.011481563258997572,0.007507175977036874,0.8500818320261929,0.03618537270876249,0.0,0.0,0.0,0.0,0.0,0.0,0.0,0.0,0.0,0.0,0.0,0.0,0.0,0.0,0.0,0.0,0.0,0.0,0.006623978803267831,0.026495915213071323,0.033119894016339156,0.033119894016339156,0.2848310885405167,1.66261867962022,6.756458379333187,12.850518878339592,6.173548244645619,1.5433870611614047,0.43055862221240904,0.19871936409803492,4.279958677685951,2.83920516143263,3.869565217391304,2.9826213715030425,0.904112751734198,4.246366782006921,2.7974646734203765,4.3063427800269904,2.881712123442224,1.0141240738492505,0.4001,0.00934,0.0,0.0,0.0,0.0,0.0,0.0,0.0,0.0,0.0,0.0,0.0,14.937072201368933,15.062927798631048,0.0,0.0,0.0,0.0,0.0,0.0,0.0,0.0,0.0,0.0,0.0,0.0,0.0,0.0,0.0,0.0,0.0,nan,nan,4.2767338571916635,2.8405914669945767,nan,0.4001,0.04535,0.0,0.0,0.0,0.0,0.0,0.0,0.0,0.0,0.0,0.0,0.0,0.0,0.0,0.0,0.0,0.0,0.0,0.0,0.0,0.0,0.0,0.0,0.0,0.0,0.0005078383749172003,2.20799293442261e-05,0.00011039964672113049,6.62397880326783e-05,0.0034886288363877235,0.0018436741002428793,0.012375800397438729,0.011569882976374476,0.02107529255906381,0.040759549569441375,0.04423713844115699,0.04218370501214396,0.05301391035548686,0.05749613601236476,0.055221903289909474,0.07534775888717156,0.0955177743431221,0.12277544711856922,0.09503201589754913,0.07469640097151689,0.0615919629057187,0.04742768823139766,0.014859792448664165,0.017752263192757783,0.009803488628836388,0.004338706116140428,0.026926473835283727,0.008600132479576065,0.00033119894016339147,0.0005630381982777655,0.0,5.5199823360565245e-05,0.00040847869286818285,0.0,0.0,0.0,0.0,0.0,0.0,0.0,0.0,0.0,0.0,0.0,0.0,0.0,0.0,0.0,0.0,0.0,0.0,0.0,0.0,0.0,0.0,0.0,0.0,0.0,0.0,0.0,0.0,0.0,0.0,0.0,0.0,0.0,0.0,0.0,0.0,0.0,0.0,0.0,0.0,0.0,0.0,0.0,0.0,nan,nan,4.2767338571916635,2.8405914669945767,nan,0.8501755597228567,0.03602731672301701,0.0,0.0,0.0,0.0,0.0,0.0,0.0,0.0,0.0,0.0,0.0,0.0,0.0,0.0,0.0,0.0,0.0,0.0,0.0,0.038151759220008484,0.038151759220008484,0.012717253073336163,0.3688003391267487,1.6532428995336954,6.460364561254771,13.073336159389575,6.155150487494702,1.6278083933870289,0.39423484527342106,0.17804154302670627,0.8499799409494971,0.03635614124164233,0.0,0.0,0.0,0.0,0.0,0.0,0.0,0.0,0.0,0.0,0.0,0.0,0.0,0.0,0.0,0.0,0.0,0.0,0.01382488479262673,0.01382488479262673,0.02764976958525346,0.05529953917050692,0.19354838709677424,1.672811059907829,7.078341013824886,12.60829493087558,6.193548387096776,1.451612903225807,0.4700460829493089,0.2211981566820277,0.4,0.00916,0.0,0.0,0.0,0.0,0.0,0.0,0.0,0.0,0.0,0.0,0.0,15.286138194150041,14.71386180584994,0.0,0.0,0.0,0.0,0.0,0.0,0.0,0.0,0.0,0.0,0.0,0.0,0.0,0.0,0.0,0.0,0.0,0.4004,0.00952,0.0,0.0,0.0,0.0,0.0,0.0,0.0,0.0,0.0,0.0,0.0,14.557603686635924,15.442396313364059,0.0,0.0,0.0,0.0,0.0,0.0,0.0,0.0,0.0,0.0,0.0,0.0,0.0,0.0,0.0,0.0,0.0
32100,4431,2320,0.5235838411193862,1103,864,0.4439178515007899,1182,0.5335138794854435,0.434,2.9739459971577453,3.213216359022963,6.818965517241379,2.363512647161783,8383.599864590386,506.1360355404079,7853.0,8866.4,8866.4,0.0,7853.0,0.0,27.300383660573235,20.430523037229456,32.02679528403001,18.79826991759759,0.1358609794628752,0.10539381629429023,0.0988490182802979,0.08440532611148725,0.08869329722410291,0.07740916271721959,0.07109004739336493,0.06025727826675694,0.05393816294290228,0.04829609568946062,0.04807041299932295,0.045136538027533285,0.03182125930941097,0.021665538253215978,0.013540961408259987,0.007673211464680659,0.007898894154818325,0.8502334609335148,0.03421387029824735,0.0,0.0,0.0,0.0,0.0,0.0,0.0,0.0,0.0,0.0,0.0,0.0,0.0,0.0,0.0,0.0,0.0,0.0,0.0,0.0,0.013540961408259989,0.027081922816519978,0.4062288422477997,1.475964793500334,6.601218686526745,12.73527420446852,6.811103588354775,1.5233581584292488,0.3385240352064997,0.06770480704129994,4.212986086336069,3.031164523469507,3.1875,2.9414866564375233,0.7565892539588449,4.143767705382436,2.9855429697504237,4.268136557610242,3.075382051666643,1.0300134710896702,0.4011,0.00914,0.0,0.0,0.0,0.0,0.0,0.0,0.0,0.0,0.0,0.0,0.0067704807041299945,13.642518618821917,16.35071090047394,0.0,0.0,0.0,0.0,0.0,0.0,0.0,0.0,0.0,0.0,0.0,0.0,0.0,0.0,0.0,0.0,0.0,nan,nan,4.207165661582121,3.0316420021804853,nan,0.4011,0.04517,0.0,0.0,0.0,0.0,0.0,0.0,0.0,0.0,0.0,0.0,0.0,0.0,0.0,0.0,0.0,0.0,0.0,0.0,0.0,0.0,0.0,0.0,0.0,0.0,0.00019183028661701648,0.0001466937485894832,0.0,1.1284134506883322e-05,0.0027194764161588805,0.0019521552696908147,0.011633942676596705,0.01059580230196344,0.020740239223651546,0.04076957797336944,0.04396298803881742,0.04088241931843828,0.05220040622884225,0.05476190476190476,0.053001579778830965,0.07708192281651997,0.09902956443240804,0.12087564883773415,0.0953283683141503,0.0776009930038366,0.0633265628526292,0.04788986684721282,0.015910629654705483,0.016587677725118485,0.008733920108327691,0.004208982171067479,0.029383886255924172,0.009128864816068607,0.00039494470774091627,0.00027081922816519973,0.00011284134506883322,3.3852403520649966e-05,0.0005303543218235161,0.0,0.0,0.0,0.0,0.0,0.0,0.0,0.0,0.0,0.0,0.0,0.0,0.0,0.0,0.0,0.0,0.0,0.0,0.0,0.0,0.0,0.0,0.0,0.0,0.0,0.0,0.0,0.0,0.0,0.0,0.0,0.0,0.0,0.0,0.0,0.0,0.0,0.0,0.0,0.0,0.0,0.0,0.0,0.0,nan,nan,4.207165661582121,3.0316420021804853,nan,0.8499069734380162,0.03432870807768084,0.0,0.0,0.0,0.0,0.0,0.0,0.0,0.0,0.0,0.0,0.0,0.0,0.0,0.0,0.0,0.0,0.0,0.0,0.0,0.0,0.012931034482758624,0.051724137931034496,0.46551724137931044,1.2801724137930994,6.711206896551726,12.918103448275865,6.685344827586208,1.4353448275862073,0.40086206896551735,0.03879310344827587,0.8505922723923289,0.03408360973668341,0.0,0.0,0.0,0.0,0.0,0.0,0.0,0.0,0.0,0.0,0.0,0.0,0.0,0.0,0.0,0.0,0.0,0.0,0.0,0.0,0.01421127427759356,0.0,0.34107058266224544,1.6911416390336282,6.480341070582664,12.534343912837521,6.949313121743251,1.620085267645666,0.27001421127427766,0.09947891994315493,0.4014,0.009315,0.0,0.0,0.0,0.0,0.0,0.0,0.0,0.0,0.0,0.0,0.0,13.086206896551705,16.913793103448278,0.0,0.0,0.0,0.0,0.0,0.0,0.0,0.0,0.0,0.0,0.0,0.0,0.0,0.0,0.0,0.0,0.0,0.4006,0.008934,0.0,0.0,0.0,0.0,0.0,0.0,0.0,0.0,0.0,0.0,0.01421127427759356,14.253908100426317,15.731880625296071,0.0,0.0,0.0,0.0,0.0,0.0,0.0,0.0,0.0,0.0,0.0,0.0,0.0,0.0,0.0,0.0,0.0
32200,4468,2372,0.5308863025962399,1116,881,0.44695613249776184,1205,0.5393912264995524,0.426,2.9813931297709924,3.0964362004018273,6.629441624365482,2.0795709711998915,8391.000179051029,505.7323291933919,7853.0,8866.4,8866.4,0.0,7853.0,0.0,28.369964189794093,21.003172849336206,33.30507573744353,19.20510283149716,0.13809310653536258,0.09646374216651746,0.09153983885407341,0.0846016114592659,0.07855863921217547,0.07609668755595345,0.07363473589973142,0.06378692927484333,0.05729632945389436,0.04991047448522829,0.04677708146821844,0.04498657117278424,0.03267681289167413,0.02820053715308863,0.01991942703670546,0.011190689346463742,0.006266786034019696,0.8494753873871177,0.034574678299986714,0.0,0.0,0.0,0.0,0.0,0.0,0.0,0.0,0.0,0.0,0.0,0.0,0.0,0.0,0.0,0.0,0.0,0.0,0.0,0.0,0.04028648164726948,0.09400179051029546,0.31557743957027756,1.557743957027748,6.573410922112804,13.140107430617729,6.479409131602508,1.4167412712623102,0.30886302596239934,0.07385854968666071,4.1640138408304495,2.904253975725569,4.052631578947368,2.910483486883893,0.9732512267872607,4.204404679972471,2.8731248482621545,4.122252747252747,2.9345234523109167,0.9804605077358393,0.4014,0.00907,0.0,0.0,0.0,0.0,0.0,0.0,0.0,0.0,0.0,0.0,0.006714413607878247,13.16696508504922,16.806177260519252,0.02014324082363474,0.0,0.0,0.0,0.0,0.0,0.0,0.0,0.0,0.0,0.0,0.0,0.0,0.0,0.0,0.0,0.0,nan,nan,4.163286352698522,2.904308565602332,nan,0.4014,0.0455,0.0,0.0,0.0,0.0,0.0,0.0,0.0,0.0,0.0,0.0,0.0,0.0,0.0,0.0,0.0,0.0,0.0,0.0,0.0,0.0,0.0,0.0,0.0,0.0,0.00025738585496866607,2.2381378692927485e-05,0.0,1.1190689346463742e-05,0.0019695613249776185,0.0029431512981199642,0.011280214861235453,0.011022829006266785,0.019180841539838855,0.04129364368845121,0.04325201432408236,0.043587735004476276,0.05258504923903312,0.054062220232766335,0.051421217547000894,0.07764100268576545,0.09575872873769024,0.11603625783348254,0.09488585496866607,0.07788719785138765,0.06853178155774396,0.04776186213070725,0.016248880931065354,0.01725604297224709,0.009747090420769919,0.004386750223813787,0.02952103849597135,0.00965756490599821,0.0005371530886302597,0.0002461951656222023,0.00025738585496866607,0.0,0.0007385854968666069,1.1190689346463742e-05,0.0,0.0,0.0,0.0,0.0,0.0,0.0,0.0,0.0,0.0,0.0,0.0,0.0,0.0,0.0,0.0,0.0,0.0,0.0,0.0,0.0,0.0,0.0,0.0,0.0,0.0,0.0,0.0,0.0,0.0,0.0,0.0,0.0,0.0,0.0,0.0,0.0,0.0,0.0,0.0,0.0,0.0,0.0,nan,nan,4.163286352698522,2.904308565602332,nan,0.849924721062485,0.03417792012882177,0.0,0.0,0.0,0.0,0.0,0.0,0.0,0.0,0.0,0.0,0.0,0.0,0.0,0.0,0.0,0.0,0.0,0.0,0.0,0.0,0.01264755480607083,0.07588532883642497,0.3414839797639124,1.5556492411467069,6.475548060708265,13.330522765598653,6.298482293423273,1.5303541315345703,0.3161888701517707,0.06323777403035415,0.8489668857277805,0.03501130452762807,0.0,0.0,0.0,0.0,0.0,0.0,0.0,0.0,0.0,0.0,0.0,0.0,0.0,0.0,0.0,0.0,0.0,0.0,0.0,0.0,0.07156488549618321,0.11450381679389315,0.28625954198473286,1.5601145038167892,6.6841603053435135,12.92461832061069,6.6841603053435135,1.2881679389312979,0.30057251908396954,0.08587786259541987,0.4016,0.00907,0.0,0.0,0.0,0.0,0.0,0.0,0.0,0.0,0.0,0.0,0.01264755480607083,12.97639123102865,17.010961214165263,0.0,0.0,0.0,0.0,0.0,0.0,0.0,0.0,0.0,0.0,0.0,0.0,0.0,0.0,0.0,0.0,0.0,0.4011,0.009056,0.0,0.0,0.0,0.0,0.0,0.0,0.0,0.0,0.0,0.0,0.0,13.382633587786241,16.574427480916032,0.04293893129770993,0.0,0.0,0.0,0.0,0.0,0.0,0.0,0.0,0.0,0.0,0.0,0.0,0.0,0.0,0.0,0.0
32300,4469,2363,0.5287536361602149,1118,872,0.44528977399865743,1226,0.5486686059521145,0.40599999999999997,2.994301994301994,3.1384582280715874,6.536348949919224,2.2102464239644237,8388.838934884763,505.86145580957384,7853.0,8866.4,8866.399999999998,1.8189894035458565e-12,7853.0,0.0,28.45468784963079,21.12412609151805,33.23527858463164,19.397876822973803,0.13537704184381294,0.09532333855448646,0.09151935556052808,0.09084806444394719,0.08189751622286866,0.07227567688520922,0.06847169389125084,0.06086372790333408,0.06645782054150817,0.05526963526515999,0.039606175878272545,0.03736853882300291,0.03669724770642202,0.026851644663235624,0.01969120608637279,0.013873349742671738,0.00760796598791676,0.8485628689501103,0.03437959326904408,0.0,0.0,0.0,0.0,0.0,0.0,0.0,0.0,0.0,0.0,0.0,0.0,0.0,0.0,0.0,0.0,0.0,0.0,0.0,0.0,0.006712911165808908,0.07384202282389797,0.3759230252852988,1.6782277914522212,6.907585589617366,13.14388006265384,6.034907138062208,1.376146788990826,0.2953680912955919,0.10740657865294252,4.203806228373702,2.940056147304634,4.523809523809524,2.6836195816391184,1.076122275397936,4.231815091774303,2.950066085250518,4.179861111111111,2.9262243368543643,0.9877230031236056,0.401,0.00912,0.0,0.0,0.0,0.0,0.0,0.0,0.0,0.0,0.0,0.0,0.0,13.98970686954574,16.010293130454244,0.0,0.0,0.0,0.0,0.0,0.0,0.0,0.0,0.0,0.0,0.0,0.0,0.0,0.0,0.0,0.0,0.0,nan,nan,4.20611473720371,2.9384111526911316,nan,0.401,0.04538,0.0,0.0,0.0,0.0,0.0,0.0,0.0,0.0,0.0,0.0,0.0,0.0,0.0,0.0,0.0,0.0,0.0,0.0,0.0,0.0,0.0,0.0,0.0,0.0,0.00015663459386887446,2.2376370552696353e-05,7.831729693443723e-05,3.3564555829044526e-05,0.0018572387558737974,0.003300514656522712,0.01159095994629671,0.011982546430968896,0.018818527634817634,0.04408144998881181,0.043824121727455805,0.04283956142313717,0.05467666144551354,0.05119713582456926,0.05054822107854106,0.08086820317744461,0.09232490490042515,0.11745356903110316,0.09518908033117028,0.07879838890132021,0.06993734616245245,0.04562541955694786,0.017531886328037594,0.016491385097337212,0.0088946072946968,0.00392705303199821,0.027522935779816515,0.008357574401432089,0.0006712911165808906,0.00017901096442157082,0.00040277466994853437,1.1188185276348177e-05,0.0008055493398970687,0.0,0.0,0.0,0.0,0.0,0.0,0.0,0.0,0.0,0.0,0.0,0.0,0.0,0.0,0.0,0.0,0.0,0.0,0.0,0.0,0.0,0.0,0.0,0.0,0.0,0.0,0.0,0.0,0.0,0.0,0.0,0.0,0.0,0.0,0.0,0.0,0.0,0.0,0.0,0.0,0.0,0.0,0.0,0.0,nan,nan,4.20611473720371,2.9384111526911316,nan,0.8486979466800311,0.034154116530306915,0.0,0.0,0.0,0.0,0.0,0.0,0.0,0.0,0.0,0.0,0.0,0.0,0.0,0.0,0.0,0.0,0.0,0.0,0.0,0.0,0.0,0.050782903089293285,0.4443504020313162,1.637748624629703,6.72873465933136,13.279729157850193,6.005078290308931,1.460008463817182,0.317393144308083,0.07617435463393991,0.8484113073756552,0.03463021054757579,0.0,0.0,0.0,0.0,0.0,0.0,0.0,0.0,0.0,0.0,0.0,0.0,0.0,0.0,0.0,0.0,0.0,0.0,0.0,0.0,0.014245014245014249,0.09971509971509974,0.2991452991452992,1.7236467236467183,7.10826210826211,12.991452991452995,6.06837606837607,1.2820512820512822,0.27065527065527073,0.14245014245014248,0.4006,0.009285,0.0,0.0,0.0,0.0,0.0,0.0,0.0,0.0,0.0,0.0,0.0,13.838341091832396,16.16165890816759,0.0,0.0,0.0,0.0,0.0,0.0,0.0,0.0,0.0,0.0,0.0,0.0,0.0,0.0,0.0,0.0,0.0,0.401,0.00893,0.0,0.0,0.0,0.0,0.0,0.0,0.0,0.0,0.0,0.0,0.0,14.159544159544138,15.840455840455844,0.0,0.0,0.0,0.0,0.0,0.0,0.0,0.0,0.0,0.0,0.0,0.0,0.0,0.0,0.0,0.0,0.0
32400,4431,2277,0.5138794854434665,1054,920,0.44549763033175355,1262,0.5696231099074701,0.426,2.989786443825441,3.1278673234955114,6.568181818181818,2.3331101962233523,8373.76547054841,506.50474088428,7853.0,8866.4,8866.399999999998,1.8189894035458565e-12,7853.0,0.0,28.494696456781764,21.257561350000287,33.4994635193133,19.458716057681606,0.13902053712480253,0.09659219137892124,0.08779056646355224,0.08711351839313924,0.07989167230873392,0.07876325885804558,0.07176709546377792,0.05709772060482961,0.057323403294967275,0.051004287971112616,0.049198826450011286,0.04197698036560596,0.033852403520649964,0.02663055743624464,0.019860076732114647,0.014218009478672985,0.007898894154818325,0.8485938434782697,0.032968621304313495,0.0,0.0,0.0,0.0,0.0,0.0,0.0,0.0,0.0,0.0,0.0,0.0,0.0,0.0,0.0,0.0,0.0,0.0,0.0,0.0,0.013540961408259989,0.06770480704129994,0.22342586323628982,1.6181448882870633,6.953283683141505,13.27691266079892,6.188219363574816,1.3067027758970888,0.29113067027758976,0.06093432633716995,4.260235947258848,2.9136796598375803,4.333333333333333,2.886751345948129,1.017158060487593,4.26004084411164,2.900982720931042,4.2608391608391605,2.927289850567528,1.0001873964961214,0.401,0.00914,0.0,0.0,0.0,0.0,0.0,0.0,0.0,0.0,0.0,0.0,0.0,13.818551117129296,16.161137440758296,0.02031144211238998,0.0,0.0,0.0,0.0,0.0,0.0,0.0,0.0,0.0,0.0,0.0,0.0,0.0,0.0,0.0,0.0,nan,nan,4.260689655172413,2.9135189424172308,nan,0.401,0.04556,0.0,0.0,0.0,0.0,0.0,0.0,0.0,0.0,0.0,0.0,0.0,0.0,0.0,0.0,0.0,0.0,0.0,0.0,0.0,0.0,0.0,0.0,0.0,0.0,0.00010155721056194989,7.898894154818325e-05,0.00011284134506883322,0.00018054615211013315,0.0023358158429248477,0.003712480252764613,0.012254570074475288,0.011701647483638005,0.019645678176483862,0.04432408034303769,0.04214624238320921,0.042541187090950124,0.0541976980365606,0.05183931392462198,0.047540058677499435,0.08208079440306928,0.09202211690363349,0.11597833446174678,0.09564432408034304,0.07885353193410065,0.06974723538704582,0.04765290002256827,0.019532836831415032,0.014861205145565335,0.008824193184382758,0.0035996389076957797,0.028593996840442337,0.008519521552696908,0.0004287971112615662,0.00022568269013766644,0.0003610923042202663,3.3852403520649966e-05,0.00032723990069961635,0.0,0.0,0.0,0.0,0.0,0.0,0.0,0.0,0.0,0.0,0.0,0.0,0.0,0.0,0.0,0.0,0.0,0.0,0.0,0.0,0.0,0.0,0.0,0.0,0.0,0.0,0.0,0.0,0.0,0.0,0.0,0.0,0.0,0.0,0.0,0.0,0.0,0.0,0.0,0.0,0.0,0.0,0.0,0.0,nan,nan,4.260689655172413,2.9135189424172308,nan,0.8483894562637486,0.03269286942760926,0.0,0.0,0.0,0.0,0.0,0.0,0.0,0.0,0.0,0.0,0.0,0.0,0.0,0.0,0.0,0.0,0.0,0.0,0.0,0.0,0.026350461133069835,0.05270092226613967,0.19762845849802377,1.5678524374176501,6.916996047430832,13.754940711462455,5.902503293807643,1.1857707509881426,0.316205533596838,0.0790513833992095,0.8488099018289961,0.03325626787922908,0.0,0.0,0.0,0.0,0.0,0.0,0.0,0.0,0.0,0.0,0.0,0.0,0.0,0.0,0.0,0.0,0.0,0.0,0.0,0.0,0.0,0.08356545961002787,0.2506963788300836,1.6713091922005519,6.991643454038999,12.771587743732594,6.490250696378832,1.4345403899721452,0.26462395543175493,0.041782729805013935,0.401,0.0091,0.0,0.0,0.0,0.0,0.0,0.0,0.0,0.0,0.0,0.0,0.0,13.386034255599453,16.600790513833996,0.013175230566534918,0.0,0.0,0.0,0.0,0.0,0.0,0.0,0.0,0.0,0.0,0.0,0.0,0.0,0.0,0.0,0.0,0.4006,0.00917,0.0,0.0,0.0,0.0,0.0,0.0,0.0,0.0,0.0,0.0,0.0,14.27576601671307,15.69637883008357,0.027855153203342625,0.0,0.0,0.0,0.0,0.0,0.0,0.0,0.0,0.0,0.0,0.0,0.0,0.0,0.0,0.0,0.0
32500,4664,2389,0.5122212692967409,1082,954,0.4365351629502573,1329,0.5698970840480274,0.40599999999999997,3.043956043956044,3.1437084837870857,6.692878338278931,2.170556211457684,8372.085034305315,506.5486165465818,7853.0,8866.4,8866.399999999998,1.8189894035458565e-12,7853.0,0.0,28.03902229845626,21.098483123786817,33.07983623336745,19.336519740488626,0.1423670668953688,0.0975557461406518,0.09283876500857632,0.08876500857632934,0.08276157804459691,0.0701114922813036,0.06689536878216124,0.0619639794168096,0.0589622641509434,0.0508147512864494,0.047384219554030875,0.04159519725557462,0.03494854202401372,0.027658662092624357,0.016938250428816467,0.01072041166380789,0.007718696397941681,0.8493282291303368,0.034575579541506585,0.0,0.0,0.0,0.0,0.0,0.0,0.0,0.0,0.0,0.0,0.0,0.0,0.0,0.0,0.0,0.0,0.0,0.0,0.0,0.0,0.0,0.045025728987993154,0.32161234991423676,1.6723842195540257,7.120497427101202,12.63293310463122,6.162092624356777,1.6144939965694687,0.3344768439108063,0.09648370497427104,4.350501672240803,2.9225609702073188,4.285714285714286,2.4907993963089563,0.9851080653663679,4.372093023255814,2.9475625277734228,4.328218812541694,2.89331270376262,0.9899649411664514,0.4004,0.00897,0.0,0.0,0.0,0.0,0.0,0.0,0.0,0.0,0.0,0.0,0.0,14.51114922813034,15.488850771869643,0.0,0.0,0.0,0.0,0.0,0.0,0.0,0.0,0.0,0.0,0.0,0.0,0.0,0.0,0.0,0.0,0.0,nan,nan,4.350199733688416,2.9207001399738166,nan,0.4004,0.04544,0.0,0.0,0.0,0.0,0.0,0.0,0.0,0.0,0.0,0.0,0.0,0.0,0.0,0.0,0.0,0.0,0.0,0.0,0.0,0.0,0.0,0.0,0.0,0.0,0.00012864493996569469,3.216123499142367e-05,0.00012864493996569469,0.00025728987993138937,0.0028516295025728987,0.004234562607204117,0.012660806174957118,0.011138507718696398,0.019886363636363636,0.04430746140651801,0.04303173241852487,0.040780445969125216,0.05716123499142367,0.049174528301886795,0.04745926243567753,0.08469125214408234,0.08857204116638079,0.11773156089193824,0.0967302744425386,0.07959905660377359,0.06872855917667238,0.04649442538593482,0.02148370497427101,0.014686963979416809,0.008919382504288165,0.00315180102915952,0.025793310463121784,0.009176672384219554,0.00031089193825042884,0.00015008576329331047,0.00013936535162950258,6.432246998284734e-05,0.00034305317324185246,0.0,0.0,0.0,0.0,0.0,0.0,0.0,0.0,0.0,0.0,0.0,0.0,0.0,0.0,0.0,0.0,0.0,0.0,0.0,0.0,0.0,0.0,0.0,0.0,0.0,0.0,0.0,0.0,0.0,0.0,0.0,0.0,0.0,0.0,0.0,0.0,0.0,0.0,0.0,0.0,0.0,0.0,0.0,0.0,nan,nan,4.350199733688416,2.9207001399738166,nan,0.8491128738228872,0.0344185805383504,0.0,0.0,0.0,0.0,0.0,0.0,0.0,0.0,0.0,0.0,0.0,0.0,0.0,0.0,0.0,0.0,0.0,0.0,0.0,0.0,0.0,0.025115110925073257,0.30138133110087906,1.7078275429049758,7.358727501046465,12.394307241523654,6.228547509418168,1.5822519882796153,0.339053997488489,0.06278777731268315,0.8495543758685772,0.034738244943990464,0.0,0.0,0.0,0.0,0.0,0.0,0.0,0.0,0.0,0.0,0.0,0.0,0.0,0.0,0.0,0.0,0.0,0.0,0.0,0.0,0.0,0.06593406593406595,0.34285714285714297,1.6351648351648302,6.870329670329672,12.883516483516487,6.092307692307694,1.6483516483516487,0.3296703296703297,0.1318681318681319,0.4006,0.00892,0.0,0.0,0.0,0.0,0.0,0.0,0.0,0.0,0.0,0.0,0.0,14.441188781917099,15.558811218082884,0.0,0.0,0.0,0.0,0.0,0.0,0.0,0.0,0.0,0.0,0.0,0.0,0.0,0.0,0.0,0.0,0.0,0.4001,0.009026,0.0,0.0,0.0,0.0,0.0,0.0,0.0,0.0,0.0,0.0,0.0,14.584615384615363,15.41538461538462,0.0,0.0,0.0,0.0,0.0,0.0,0.0,0.0,0.0,0.0,0.0,0.0,0.0,0.0,0.0,0.0,0.0
32600,4563,2333,0.5112864343633574,1131,944,0.4547446855139163,1297,0.5684856454087224,0.40599999999999997,3.0017937219730944,3.0979519362962753,6.604133545310016,2.1738543399288863,8371.137672583827,506.5708930109043,7853.0,8866.4,8866.4,0.0,7853.0,0.0,28.1385053692746,20.98929767363555,33.40626645602949,19.05703677302127,0.14990138067061143,0.08831908831908832,0.08963401271093578,0.08656585579662503,0.07911461757615604,0.07122507122507123,0.07012930089853167,0.06837606837606838,0.06136313828621521,0.049967126890203814,0.052816129739206664,0.04076265614727153,0.02827087442472058,0.02388779311856235,0.019943019943019943,0.013806706114398421,0.005917159763313609,0.8496562899817978,0.034686396607478326,0.0,0.0,0.0,0.0,0.0,0.0,0.0,0.0,0.0,0.0,0.0,0.0,0.0,0.0,0.0,0.0,0.0,0.0,0.0,0.0,0.0,0.0723208415516108,0.3221564760026299,1.5910585141354323,6.837606837606839,12.899408284023671,6.344510190664038,1.3543721236028932,0.44049967126890216,0.13806706114398423,4.224669603524229,2.8399080299768547,3.6315789473684212,2.8508636976738613,0.8596125349871028,4.271621621621621,2.857518308577712,4.169912693082606,2.8231999725590025,0.9761896212847606,0.4006,0.00933,0.0,0.0,0.0,0.0,0.0,0.0,0.0,0.0,0.0,0.0,0.006574621959237345,14.194608809993404,15.785667324128866,0.01314924391847469,0.0,0.0,0.0,0.0,0.0,0.0,0.0,0.0,0.0,0.0,0.0,0.0,0.0,0.0,0.0,0.0,nan,nan,4.220875420875421,2.8403718708914547,nan,0.4006,0.04562,0.0,0.0,0.0,0.0,0.0,0.0,0.0,0.0,0.0,0.0,0.0,0.0,0.0,0.0,0.0,0.0,0.0,0.0,0.0,0.0,0.0,0.0,0.0,0.0,6.574621959237344e-05,0.00010957703265395574,0.00021915406530791147,0.00018628095551172474,0.003364014902476441,0.0051062897216743374,0.011286434363357441,0.00935787858864782,0.020458031996493535,0.044992329607714224,0.042548761779531014,0.04032434801665571,0.05705676090291475,0.04992329607714223,0.04767696690773614,0.08528380451457375,0.08550295857988166,0.1222770107385492,0.094071882533421,0.0769669077361385,0.0678062678062678,0.047874205566513256,0.022923515231207538,0.014968222660530352,0.009478413324567172,0.0025860179706333553,0.02584922200306816,0.010409818102125795,0.0004821389436774052,0.0003944773175542406,4.383081306158229e-05,0.0,0.0004054350208196362,0.0,0.0,0.0,0.0,0.0,0.0,0.0,0.0,0.0,0.0,0.0,0.0,0.0,0.0,0.0,0.0,0.0,0.0,0.0,0.0,0.0,0.0,0.0,0.0,0.0,0.0,0.0,0.0,0.0,0.0,0.0,0.0,0.0,0.0,0.0,0.0,0.0,0.0,0.0,0.0,0.0,0.0,0.0,0.0,nan,nan,4.220875420875421,2.8403718708914547,nan,0.8492067944988181,0.03529710049339382,0.0,0.0,0.0,0.0,0.0,0.0,0.0,0.0,0.0,0.0,0.0,0.0,0.0,0.0,0.0,0.0,0.0,0.0,0.0,0.0,0.0,0.05143591941705959,0.37291041577368206,1.7745392198885501,6.892413201885986,12.666095156450925,6.4037719674239195,1.2216030861551652,0.43720531504500654,0.1800257179597086,0.8501265469153366,0.03402940410277027,0.0,0.0,0.0,0.0,0.0,0.0,0.0,0.0,0.0,0.0,0.0,0.0,0.0,0.0,0.0,0.0,0.0,0.0,0.0,0.0,0.0,0.09417040358744397,0.2690582959641256,1.3991031390134487,6.780269058295966,13.143497757847538,6.282511210762333,1.4932735426008972,0.4439461883408073,0.09417040358744397,0.4006,0.009384,0.0,0.0,0.0,0.0,0.0,0.0,0.0,0.0,0.0,0.0,0.012858979854264898,14.517788255465044,15.456493784826407,0.012858979854264898,0.0,0.0,0.0,0.0,0.0,0.0,0.0,0.0,0.0,0.0,0.0,0.0,0.0,0.0,0.0,0.0,0.401,0.00928,0.0,0.0,0.0,0.0,0.0,0.0,0.0,0.0,0.0,0.0,0.0,13.856502242152446,16.13004484304933,0.01345291479820628,0.0,0.0,0.0,0.0,0.0,0.0,0.0,0.0,0.0,0.0,0.0,0.0,0.0,0.0,0.0,0.0
32700,4709,2450,0.5202803142917817,1138,953,0.44404332129963897,1294,0.5495858993416861,0.40599999999999997,2.984949092518814,3.092601251491773,6.572567783094099,2.117538279847043,8380.252070503291,506.2830259825304,7853.0,8866.4,8866.399999999998,1.8189894035458565e-12,7853.0,0.0,27.74538118496496,20.8012759138328,32.694275582573454,19.076726051819577,0.13973242726693566,0.10299426629857719,0.09237630070078573,0.09173922276491824,0.0747504778084519,0.07581227436823104,0.0690167763856445,0.06689318326608622,0.05924824803567636,0.05754937354002973,0.0399235506476959,0.036313442344446806,0.032703334041197706,0.02569547674665534,0.015926948396687193,0.012316840093438097,0.0070078572945423655,0.8505178927666418,0.0336436329828096,0.0,0.0,0.0,0.0,0.0,0.0,0.0,0.0,0.0,0.0,0.0,0.0,0.0,0.0,0.0,0.0,0.0,0.0,0.0,0.0,0.01274155871734976,0.01274155871734976,0.2930558504990444,1.395200679549794,6.670205988532599,13.359524315141222,6.326183903164155,1.4780208112125721,0.33128052665109375,0.1210448078148227,4.29415715245131,2.890799556066711,4.538461538461538,3.2013310841053557,1.056892278819085,4.33377748167888,2.890838463682094,4.256375838926174,2.893183893214041,0.9821399130250865,0.4006,0.00938,0.0,0.0,0.0,0.0,0.0,0.0,0.0,0.0,0.0,0.0,0.0,14.327882777659779,15.672117222340203,0.0,0.0,0.0,0.0,0.0,0.0,0.0,0.0,0.0,0.0,0.0,0.0,0.0,0.0,0.0,0.0,0.0,nan,nan,4.295218990304246,2.8922660353047367,nan,0.4006,0.0456,0.0,0.0,0.0,0.0,0.0,0.0,0.0,0.0,0.0,0.0,0.0,0.0,0.0,0.0,0.0,0.0,0.0,0.0,0.0,0.0,0.0,0.0,0.0,0.0,3.185389679337439e-05,3.185389679337439e-05,8.49437247823317e-05,5.308982798895732e-05,0.0036844340624336376,0.005022297727755362,0.01262476109577405,0.008313867063070716,0.01936716925037163,0.04696326183903164,0.04335315353578254,0.03911658526226375,0.05647695901465279,0.05006370779358675,0.04840730516033128,0.08881928222552558,0.08073901040560628,0.12592907198980674,0.09197281800806965,0.07490974729241877,0.06702059885325971,0.048279889573157785,0.02257379486090465,0.016627734126141432,0.0104480781482268,0.0025376937778721596,0.02597154385219792,0.009747292418772563,0.00015926948396687195,0.00026544913994478657,3.185389679337439e-05,3.185389679337439e-05,0.0003397748991293268,0.0,0.0,0.0,0.0,0.0,0.0,0.0,0.0,0.0,0.0,0.0,0.0,0.0,0.0,0.0,0.0,0.0,0.0,0.0,0.0,0.0,0.0,0.0,0.0,0.0,0.0,0.0,0.0,0.0,0.0,0.0,0.0,0.0,0.0,0.0,0.0,0.0,0.0,0.0,0.0,0.0,0.0,0.0,0.0,nan,nan,4.295218990304246,2.8922660353047367,nan,0.8509180199613376,0.034211443338229626,0.0,0.0,0.0,0.0,0.0,0.0,0.0,0.0,0.0,0.0,0.0,0.0,0.0,0.0,0.0,0.0,0.0,0.0,0.0,0.0,0.012244897959183676,0.024489795918367353,0.33061224489795926,1.3714285714285672,6.685714285714287,13.1265306122449,6.391836734693879,1.6040816326530616,0.33061224489795926,0.12244897959183676,0.8500839345430895,0.03301129548060595,0.0,0.0,0.0,0.0,0.0,0.0,0.0,0.0,0.0,0.0,0.0,0.0,0.0,0.0,0.0,0.0,0.0,0.0,0.0,0.0,0.013280212483399738,0.0,0.252324037184595,1.4209827357237672,6.653386454183268,13.612217795484732,6.2549800796812765,1.3413014608233733,0.3320053120849934,0.11952191235059763,0.4006,0.009254,0.0,0.0,0.0,0.0,0.0,0.0,0.0,0.0,0.0,0.0,0.0,14.522448979591816,15.477551020408166,0.0,0.0,0.0,0.0,0.0,0.0,0.0,0.0,0.0,0.0,0.0,0.0,0.0,0.0,0.0,0.0,0.0,0.4006,0.00951,0.0,0.0,0.0,0.0,0.0,0.0,0.0,0.0,0.0,0.0,0.0,14.116865869853896,15.883134130146086,0.0,0.0,0.0,0.0,0.0,0.0,0.0,0.0,0.0,0.0,0.0,0.0,0.0,0.0,0.0,0.0,0.0
32800,4696,2375,0.5057495741056218,1125,972,0.4465502555366269,1368,0.5826235093696763,0.38599999999999995,2.939250323136579,3.035083831264219,6.36734693877551,2.1331168326904972,8365.526618398637,506.6664983182097,7853.0,8866.4,8866.399999999998,1.8189894035458565e-12,7853.0,0.0,28.455494037478704,21.03704395911814,33.25849484017115,19.30447760821142,0.13138841567291312,0.09902044293015332,0.09284497444633731,0.08390119250425894,0.08879897785349233,0.07261499148211244,0.06984667802385008,0.0600511073253833,0.06111584327086882,0.05472742759795571,0.046422487223168656,0.03705281090289608,0.03577512776831346,0.026405451448040886,0.021081771720613287,0.011073253833049404,0.007879045996592844,0.8489991423040882,0.03490193787734058,0.0,0.0,0.0,0.0,0.0,0.0,0.0,0.0,0.0,0.0,0.0,0.0,0.0,0.0,0.0,0.0,0.0,0.0,0.0,0.0,0.0,0.0702725724020443,0.3066439522998297,1.8462521294718852,6.746166950596254,12.732112436115846,6.318143100511075,1.4885008517887568,0.3641396933560478,0.12776831345826237,4.262778505897772,2.7969307531119076,4.428571428571429,2.7957693986829897,1.0388931591083783,4.251625487646294,2.7334584590087907,4.275523560209424,2.859379324006324,1.0056209260746436,0.401,0.009445,0.0,0.0,0.0,0.0,0.0,0.0,0.0,0.0,0.0,0.0,0.006388415672913119,14.028960817717184,15.958262350936971,0.006388415672913119,0.0,0.0,0.0,0.0,0.0,0.0,0.0,0.0,0.0,0.0,0.0,0.0,0.0,0.0,0.0,0.0,nan,nan,4.263535551206784,2.796947786305042,nan,0.401,0.04556,0.0,0.0,0.0,0.0,0.0,0.0,0.0,0.0,0.0,0.0,0.0,0.0,0.0,0.0,0.0,0.0,0.0,0.0,0.0,0.0,0.0,0.0,0.0,0.0,2.129471890971039e-05,1.0647359454855195e-05,5.323679727427598e-05,9.582623509369676e-05,0.004354770017035775,0.005046848381601363,0.011690800681431005,0.008890545144804089,0.017632027257240203,0.04700809199318569,0.04340928449744463,0.03886286201022147,0.0550149063032368,0.048977853492333905,0.04962734241908007,0.09124787052810902,0.08343270868824532,0.12604344122657582,0.08741482112436116,0.07900340715502556,0.06524701873935264,0.04765758091993186,0.022817291311754685,0.01659923339011925,0.009795570698466781,0.002832197614991482,0.02620315161839864,0.010221465076660987,0.0002661839863713799,0.00012776831345826236,1.0647359454855195e-05,2.129471890971039e-05,0.00036201022146507665,0.0,0.0,0.0,0.0,0.0,0.0,0.0,0.0,0.0,0.0,0.0,0.0,0.0,0.0,0.0,0.0,0.0,0.0,0.0,0.0,0.0,0.0,0.0,0.0,0.0,0.0,0.0,0.0,0.0,0.0,0.0,0.0,0.0,0.0,0.0,0.0,0.0,0.0,0.0,0.0,0.0,0.0,0.0,0.0,nan,nan,4.263535551206784,2.796947786305042,nan,0.8486712009028384,0.03497963274552697,0.0,0.0,0.0,0.0,0.0,0.0,0.0,0.0,0.0,0.0,0.0,0.0,0.0,0.0,0.0,0.0,0.0,0.0,0.0,0.0,0.0,0.07578947368421053,0.34105263157894744,1.7684210526315736,6.997894736842107,12.720000000000002,6.113684210526317,1.4652631578947373,0.4042105263157896,0.11368421052631582,0.8493347135354403,0.034819058746466035,0.0,0.0,0.0,0.0,0.0,0.0,0.0,0.0,0.0,0.0,0.0,0.0,0.0,0.0,0.0,0.0,0.0,0.0,0.0,0.0,0.0,0.06462731581214995,0.2714347264110298,1.9258940112020622,6.488582507539855,12.74450667815597,6.5273588970271454,1.5122791900043089,0.3231365790607497,0.14218009478672988,0.4006,0.00938,0.0,0.0,0.0,0.0,0.0,0.0,0.0,0.0,0.0,0.0,0.012631578947368424,14.362105263157874,15.612631578947372,0.012631578947368424,0.0,0.0,0.0,0.0,0.0,0.0,0.0,0.0,0.0,0.0,0.0,0.0,0.0,0.0,0.0,0.0,0.401,0.009514,0.0,0.0,0.0,0.0,0.0,0.0,0.0,0.0,0.0,0.0,0.0,13.688065489013336,16.311934510986646,0.0,0.0,0.0,0.0,0.0,0.0,0.0,0.0,0.0,0.0,0.0,0.0,0.0,0.0,0.0,0.0,0.0
32900,4635,2391,0.5158576051779935,1094,946,0.4401294498381877,1307,0.5639697950377562,0.39799999999999996,2.945632798573975,3.0248058821222563,6.3059701492537314,2.115428794401636,8375.77009708738,506.44510263166933,7853.0,8866.4,8866.399999999998,1.8189894035458565e-12,7853.0,0.0,28.61747572815534,21.308828890058876,33.66777920410783,19.492851830222214,0.1389428263214671,0.09816612729234088,0.0895361380798274,0.08349514563106795,0.07961165048543689,0.07637540453074433,0.06580366774541532,0.05868392664509169,0.061488673139158574,0.05199568500539374,0.04897518878101403,0.040560949298813376,0.03646170442286947,0.0284789644012945,0.021574973031283712,0.01272923408845739,0.007119741100323625,0.8503918484576698,0.033592175503240854,0.0,0.0,0.0,0.0,0.0,0.0,0.0,0.0,0.0,0.0,0.0,0.0,0.0,0.0,0.0,0.0,0.0,0.0,0.0,0.0,0.012944983818770229,0.06472491909385114,0.20711974110032366,1.3398058252427143,6.938511326860843,12.98381877022654,6.550161812297736,1.5080906148867317,0.2977346278317153,0.09708737864077673,4.120333333333333,2.7736594159261077,4.85,2.8155816450602176,1.177089232262762,4.150804289544236,2.766743935978504,4.100130890052356,2.7819632194900676,0.9877919082767829,0.401,0.00926,0.0,0.0,0.0,0.0,0.0,0.0,0.0,0.0,0.0,0.0,0.0,13.831715210355966,16.155339805825246,0.012944983818770229,0.0,0.0,0.0,0.0,0.0,0.0,0.0,0.0,0.0,0.0,0.0,0.0,0.0,0.0,0.0,0.0,nan,nan,4.1251655629139075,2.7745703931651575,nan,0.401,0.0459,0.0,0.0,0.0,0.0,0.0,0.0,0.0,0.0,0.0,0.0,0.0,0.0,0.0,0.0,0.0,0.0,0.0,0.0,0.0,0.0,0.0,0.0,0.0,0.0,0.0,0.0,0.0,7.551240560949299e-05,0.004293419633225459,0.004401294498381877,0.011585760517799353,0.009611650485436893,0.01824163969795038,0.04483279395900755,0.04411003236245955,0.04065803667745415,0.05656957928802589,0.04968716289104639,0.05076591154261057,0.08777777777777777,0.08326860841423948,0.125933117583603,0.08466019417475729,0.07841423948220065,0.06288025889967637,0.047659115426105715,0.0252319309600863,0.017680690399137,0.009816612729234089,0.002535059331175836,0.027475728155339805,0.010906148867313916,0.00030204962243797197,0.00020496224379719526,3.2362459546925564e-05,0.0,0.0003775620280474649,1.0787486515641855e-05,0.0,0.0,0.0,0.0,0.0,0.0,0.0,0.0,0.0,0.0,0.0,0.0,0.0,0.0,0.0,0.0,0.0,0.0,0.0,0.0,0.0,0.0,0.0,0.0,0.0,0.0,0.0,0.0,0.0,0.0,0.0,0.0,0.0,0.0,0.0,0.0,0.0,0.0,0.0,0.0,0.0,0.0,0.0,nan,nan,4.1251655629139075,2.7745703931651575,nan,0.8509653689770557,0.0340901343769726,0.0,0.0,0.0,0.0,0.0,0.0,0.0,0.0,0.0,0.0,0.0,0.0,0.0,0.0,0.0,0.0,0.0,0.0,0.0,0.0,0.012547051442910918,0.03764115432873275,0.2634880803011293,1.317440401505642,7.038895859473025,12.647427854454206,6.562107904642411,1.6813048933500632,0.3136762860727729,0.12547051442910917,0.8497807577438321,0.03304238983527898,0.0,0.0,0.0,0.0,0.0,0.0,0.0,0.0,0.0,0.0,0.0,0.0,0.0,0.0,0.0,0.0,0.0,0.0,0.0,0.0,0.013368983957219254,0.09358288770053479,0.1470588235294118,1.3636363636363593,6.831550802139039,13.342245989304816,6.537433155080215,1.323529411764706,0.28074866310160435,0.06684491978609627,0.401,0.00921,0.0,0.0,0.0,0.0,0.0,0.0,0.0,0.0,0.0,0.0,0.0,13.939774153074007,16.035131744040154,0.025094102885821836,0.0,0.0,0.0,0.0,0.0,0.0,0.0,0.0,0.0,0.0,0.0,0.0,0.0,0.0,0.0,0.0,0.401,0.00932,0.0,0.0,0.0,0.0,0.0,0.0,0.0,0.0,0.0,0.0,0.0,13.716577540106933,16.28342245989305,0.0,0.0,0.0,0.0,0.0,0.0,0.0,0.0,0.0,0.0,0.0,0.0,0.0,0.0,0.0,0.0,0.0
33000,4741,2495,0.526260282640793,1160,966,0.4484286015608521,1328,0.5602193630035858,0.40599999999999997,2.9532502226179878,3.072592432052482,6.4448,2.098512082405055,8386.31217042818,506.0006742931291,7853.0,8866.4,8866.4,0.0,7853.0,0.0,27.940729803838853,20.676883337454466,32.78287002253944,18.9313068021611,0.1345707656612529,0.0993461295085425,0.09238557266399494,0.08985446108415945,0.08521408985446108,0.07572242143007804,0.0681290866905716,0.06580890107572242,0.05779371440624341,0.05294241721155874,0.04661463826197005,0.03585741404766927,0.03627926597764185,0.028896857203121705,0.014764817549040287,0.008858890529424172,0.0069605568445475635,0.8500647984006641,0.035339277001542845,0.0,0.0,0.0,0.0,0.0,0.0,0.0,0.0,0.0,0.0,0.0,0.0,0.0,0.0,0.0,0.0,0.0,0.0,0.0,0.006327778949588696,0.018983336848766085,0.05062223159670957,0.32271672642902344,1.594600295296346,6.8466568234549685,12.649230120227804,6.460662307530058,1.4553891584054002,0.4429445264712087,0.15186669479012868,4.130249343832021,2.8550555502556336,4.3125,3.196066918886399,1.044125824132179,4.126315789473685,2.8290954673596476,4.1360103626943,2.8841443698273155,1.0023494501427512,0.4014,0.00916,0.0,0.0,0.0,0.0,0.0,0.0,0.0,0.0,0.0,0.0,0.0,13.497152499472666,16.477536384728964,0.025311115798354784,0.0,0.0,0.0,0.0,0.0,0.0,0.0,0.0,0.0,0.0,0.0,0.0,0.0,0.0,0.0,0.0,nan,nan,4.131201044386423,2.856972208895459,nan,0.4014,0.04556,0.0,0.0,0.0,0.0,0.0,0.0,0.0,0.0,0.0,0.0,0.0,0.0,0.0,0.0,0.0,0.0,0.0,0.0,0.0,0.0,0.0,0.0,0.0,0.0,0.0,1.054629824931449e-05,0.0,3.163889474794347e-05,0.0032166209660409195,0.003786121071503902,0.01223370596920481,0.009586585108626871,0.01912043872600717,0.04448428601560852,0.041130563172326516,0.038947479434718414,0.055726639949377765,0.05279476903606834,0.051529213246150604,0.08999156296140055,0.08117485762497363,0.12305420797300147,0.08700696055684455,0.08075300569500106,0.06596709554946213,0.04573929550727695,0.024804893482387683,0.01791816072558532,0.009143640582155664,0.0029107783168107995,0.028411727483653237,0.009259649862898123,0.0004323982282218941,0.0002214722632356043,8.437038599451593e-05,0.0,0.0005273149124657245,0.0,0.0,0.0,0.0,0.0,0.0,0.0,0.0,0.0,0.0,0.0,0.0,0.0,0.0,0.0,0.0,0.0,0.0,0.0,0.0,0.0,0.0,0.0,0.0,0.0,0.0,0.0,0.0,0.0,0.0,0.0,0.0,0.0,0.0,0.0,0.0,0.0,0.0,0.0,0.0,0.0,0.0,0.0,0.0,nan,nan,4.131201044386423,2.856972208895459,nan,0.8506427613432278,0.034589659838278976,0.0,0.0,0.0,0.0,0.0,0.0,0.0,0.0,0.0,0.0,0.0,0.0,0.0,0.0,0.0,0.0,0.0,0.0,0.0,0.0,0.0,0.060120240480961935,0.30060120240480964,1.4068136272545047,6.985971943887777,12.949899799599201,6.228456913827657,1.430861723446894,0.5050100200400802,0.13226452905811625,0.8494227603144234,0.03614294694256477,0.0,0.0,0.0,0.0,0.0,0.0,0.0,0.0,0.0,0.0,0.0,0.0,0.0,0.0,0.0,0.0,0.0,0.0,0.0,0.013357079252003565,0.040071237756010694,0.040071237756010694,0.3472840605520927,1.8032056990204752,6.691896705253786,12.315227070347287,6.718610863757793,1.4826357969723958,0.3739982190560998,0.17364203027604636,0.4011,0.00916,0.0,0.0,0.0,0.0,0.0,0.0,0.0,0.0,0.0,0.0,0.0,13.551102204408798,16.424849699398802,0.024048096192384776,0.0,0.0,0.0,0.0,0.0,0.0,0.0,0.0,0.0,0.0,0.0,0.0,0.0,0.0,0.0,0.0,0.4014,0.00916,0.0,0.0,0.0,0.0,0.0,0.0,0.0,0.0,0.0,0.0,0.0,13.437221727515563,16.536064113980412,0.02671415850400713,0.0,0.0,0.0,0.0,0.0,0.0,0.0,0.0,0.0,0.0,0.0,0.0,0.0,0.0,0.0,0.0
33100,4586,2400,0.5233318796336677,1174,920,0.45660706498037507,1286,0.5608373310074138,0.446,3.193046660567246,3.2424544195662337,6.771822358346095,2.2687036227124016,8383.34452682076,506.1480281018807,7853.0,8866.4,8866.399999999998,1.8189894035458565e-12,7853.0,0.0,28.312254688181422,20.76033389493643,33.18738692168519,18.92775196336337,0.13650239860444832,0.08656781508940253,0.09790667248146533,0.08940252943741823,0.08111644134321849,0.07457479284779764,0.07174007849978195,0.06432621020497166,0.06127344090710859,0.055167902311382466,0.04840819886611426,0.03946794592237244,0.032272132577409504,0.026602703881378108,0.016572176188399478,0.010902747492368076,0.00719581334496293,0.8512734162251189,0.03491880774900738,0.0,0.0,0.0,0.0,0.0,0.0,0.0,0.0,0.0,0.0,0.0,0.0,0.0,0.0,0.0,0.0,0.0,0.0,0.0,0.0,0.02616659398168339,0.10466637592673356,0.22895769733972965,1.4260793720017402,6.450065416484956,12.723506323593549,7.058438726559094,1.537287396423899,0.2812908853030964,0.1635412123855212,4.354243542435424,3.038825075482101,4.28,2.9328484447717376,0.982949152542373,4.25748502994012,3.09629801636242,4.449767132401863,2.9753877754284774,1.0451633067666823,0.4014,0.00939,0.0,0.0,0.0,0.0,0.0,0.0,0.0,0.0,0.0,0.0,0.0,13.619712167466183,16.380287832533803,0.0,0.0,0.0,0.0,0.0,0.0,0.0,0.0,0.0,0.0,0.0,0.0,0.0,0.0,0.0,0.0,0.0,nan,nan,4.353626081170991,3.0379664270497324,nan,0.4014,0.04565,0.0,0.0,0.0,0.0,0.0,0.0,0.0,0.0,0.0,0.0,0.0,0.0,0.0,0.0,0.0,0.0,0.0,0.0,0.0,0.0,0.0,0.0,0.0,0.0,0.0,0.0,1.0902747492368077e-05,8.722197993894462e-05,0.0033798517226341037,0.0033362407326646315,0.013039686000872219,0.008689489751417357,0.017880505887483647,0.043894461404273874,0.04301133885739206,0.03991495856955953,0.05407762756214566,0.05367422590492804,0.05294374182293938,0.09010030527692979,0.08181421718273005,0.12357174007849978,0.08834496293065852,0.07718054949847361,0.06424989097252508,0.045900566942869606,0.025643262102049716,0.01621238552115133,0.009714348015699956,0.0030527692978630614,0.029600959441779328,0.008809419973833405,0.0006977758395115569,0.0003270824247710423,0.000141735717400785,0.0,0.0006977758395115569,0.0,0.0,0.0,0.0,0.0,0.0,0.0,0.0,0.0,0.0,0.0,0.0,0.0,0.0,0.0,0.0,0.0,0.0,0.0,0.0,0.0,0.0,0.0,0.0,0.0,0.0,0.0,0.0,0.0,0.0,0.0,0.0,0.0,0.0,0.0,0.0,0.0,0.0,0.0,0.0,0.0,0.0,0.0,0.0,nan,nan,4.353626081170991,3.0379664270497324,nan,0.8511192759871483,0.03499318748486076,0.0,0.0,0.0,0.0,0.0,0.0,0.0,0.0,0.0,0.0,0.0,0.0,0.0,0.0,0.0,0.0,0.0,0.0,0.0,0.0,0.05000000000000001,0.06250000000000001,0.275,1.5374999999999952,6.262500000000002,12.787500000000003,6.987500000000002,1.5750000000000004,0.3250000000000001,0.1375,0.8514426461295698,0.034836178232366254,0.0,0.0,0.0,0.0,0.0,0.0,0.0,0.0,0.0,0.0,0.0,0.0,0.0,0.0,0.0,0.0,0.0,0.0,0.0,0.0,0.0,0.15096065873741998,0.1784080512351327,1.30375114364135,6.655992680695336,12.653247941445565,7.136322049405308,1.4958828911253435,0.23330283623055814,0.19213174748398906,0.4011,0.00935,0.0,0.0,0.0,0.0,0.0,0.0,0.0,0.0,0.0,0.0,0.0,14.17499999999998,15.825000000000003,0.0,0.0,0.0,0.0,0.0,0.0,0.0,0.0,0.0,0.0,0.0,0.0,0.0,0.0,0.0,0.0,0.0,0.4014,0.00942,0.0,0.0,0.0,0.0,0.0,0.0,0.0,0.0,0.0,0.0,0.0,13.01006404391581,16.989935956084175,0.0,0.0,0.0,0.0,0.0,0.0,0.0,0.0,0.0,0.0,0.0,0.0,0.0,0.0,0.0,0.0,0.0
33200,5051,2598,0.5143535933478519,1205,1044,0.4452583646802613,1397,0.5531577905365275,0.41,2.9523033020790868,3.131538051699036,6.712732919254658,2.1416657728752035,8374.245931498714,506.4911705813188,7853.0,8866.4,8866.399999999998,1.8189894035458565e-12,7853.0,0.0,26.79311027519303,20.436267311496017,31.707334441015902,18.82893712710003,0.14412987527222332,0.11146307661849139,0.09305088101366066,0.08810136606612552,0.08275588992278757,0.07582656899623837,0.07265887942981587,0.06770936448228074,0.05701841219560483,0.04791130469214017,0.04078400316768957,0.03385468224114037,0.03108295387052069,0.021183923975450405,0.014848544842605425,0.010294991090873094,0.007325282122352009,0.85164535469264,0.03480250818896785,0.0,0.0,0.0,0.0,0.0,0.0,0.0,0.0,0.0,0.0,0.0,0.0,0.0,0.0,0.0,0.0,0.0,0.0,0.0,0.0,0.017818253811126512,0.0415759255592952,0.27915264304098203,1.4313997228271584,6.361116610572165,12.983567610374186,6.8778459710948345,1.4789150663235007,0.32072856860027726,0.20787962779647598,4.373286579534587,2.9392901616824556,5.083333333333333,2.1778557242286634,1.1623599873654542,4.405972045743329,2.926848926682955,4.346886912325286,2.947723234206885,0.9865897620764239,0.4011,0.00956,0.0,0.0,0.0,0.0,0.0,0.0,0.0,0.0,0.0,0.0,0.0,13.975450405860206,16.012670758265692,0.011878835874084342,0.0,0.0,0.0,0.0,0.0,0.0,0.0,0.0,0.0,0.0,0.0,0.0,0.0,0.0,0.0,0.0,nan,nan,4.375992378532867,2.93708912784015,nan,0.4011,0.04608,0.0,0.0,0.0,0.0,0.0,0.0,0.0,0.0,0.0,0.0,0.0,0.0,0.0,0.0,0.0,0.0,0.0,0.0,0.0,0.0,0.0,0.0,0.0,0.0,0.0,0.0,2.969708968521085e-05,4.9495149475351414e-05,0.003326074044743615,0.004058602256978816,0.011710552365868146,0.009275391011680855,0.01712532171847159,0.04752524252623243,0.04666402692536131,0.040793902197584636,0.052940011878835874,0.051197782617303504,0.05227677687586617,0.08695307859829737,0.08075628588398337,0.12241140368243912,0.08998218174618887,0.07885567214412988,0.06608592357948921,0.043080578103345875,0.024717877647990497,0.016254207087705405,0.010720649376361116,0.0025242526232429224,0.028954662443080578,0.00836468026133439,0.0010393981389823798,0.0007424272421302713,0.0004157592555929519,0.0,0.0011581864977232232,0.0,0.0,9.899029895070284e-06,0.0,0.0,0.0,0.0,0.0,0.0,0.0,0.0,0.0,0.0,0.0,0.0,0.0,0.0,0.0,0.0,0.0,0.0,0.0,0.0,0.0,0.0,0.0,0.0,0.0,0.0,0.0,0.0,0.0,0.0,0.0,0.0,0.0,0.0,0.0,0.0,0.0,0.0,0.0,0.0,0.0,nan,nan,4.375992378532867,2.93708912784015,nan,0.8510730420285871,0.03420246209050844,0.0,0.0,0.0,0.0,0.0,0.0,0.0,0.0,0.0,0.0,0.0,0.0,0.0,0.0,0.0,0.0,0.0,0.0,0.0,0.0,0.034642032332563515,0.04618937644341802,0.2771362586605081,1.385681293302536,6.30484988452656,13.221709006928409,6.974595842956122,1.3048498845265593,0.2886836027713626,0.1616628175519631,0.8522514974978619,0.035416860376731335,0.0,0.0,0.0,0.0,0.0,0.0,0.0,0.0,0.0,0.0,0.0,0.0,0.0,0.0,0.0,0.0,0.0,0.0,0.0,0.0,0.0,0.03668976763147167,0.2812882185079495,1.479820627802686,6.420709335507543,12.731349368120672,6.775377089278436,1.6632694659600493,0.3546677537708929,0.25682837342030174,0.401,0.00964,0.0,0.0,0.0,0.0,0.0,0.0,0.0,0.0,0.0,0.0,0.0,13.995381062355639,15.981524249422636,0.02309468822170901,0.0,0.0,0.0,0.0,0.0,0.0,0.0,0.0,0.0,0.0,0.0,0.0,0.0,0.0,0.0,0.0,0.4011,0.00947,0.0,0.0,0.0,0.0,0.0,0.0,0.0,0.0,0.0,0.0,0.0,13.954341622503037,16.045658377496945,0.0,0.0,0.0,0.0,0.0,0.0,0.0,0.0,0.0,0.0,0.0,0.0,0.0,0.0,0.0,0.0,0.0
33300,4315,2232,0.5172653534183083,1054,858,0.44310544611819236,1188,0.5506373117033604,0.40199999999999997,2.8449351896303408,2.9829821422519522,6.085346215780999,2.200306174919175,8377.196709154114,506.39782302926244,7853.0,8866.4,8866.4,0.0,7853.0,0.0,28.871842410196987,21.42033194942061,33.96443341604632,19.56048928538662,0.13719582850521436,0.09501738122827347,0.08736964078794901,0.08597914252607185,0.08180764774044033,0.07253765932792584,0.06836616454229433,0.06257242178447277,0.0593279258400927,0.05052143684820394,0.05005793742757821,0.0421784472769409,0.03453070683661645,0.026882966396292004,0.022479721900347624,0.015990730011587486,0.007184241019698725,0.8527968887105878,0.033511483552854174,0.0,0.0,0.0,0.0,0.0,0.0,0.0,0.0,0.0,0.0,0.0,0.0,0.0,0.0,0.0,0.0,0.0,0.0,0.0,0.0,0.0,0.02780996523754346,0.29895712630359217,1.23754345307068,6.034762456546931,13.049826187717269,7.161066048667441,1.758980301274624,0.3128621089223639,0.11819235225955971,3.9985845718329793,2.8001361266505054,3.8666666666666667,2.4997777679003566,0.9670088495575222,4.088028169014085,2.8134481473948916,3.9078114004222377,2.7808690075831697,0.9559159670283509,0.4011,0.00937,0.0,0.0,0.0,0.0,0.0,0.0,0.0,0.0,0.0,0.0,0.0,13.988412514484336,16.00463499420626,0.006952491309385865,0.0,0.0,0.0,0.0,0.0,0.0,0.0,0.0,0.0,0.0,0.0,0.0,0.0,0.0,0.0,0.0,nan,nan,3.9978880675818376,2.7986512646690893,nan,0.4011,0.04608,0.0,0.0,0.0,0.0,0.0,0.0,0.0,0.0,0.0,0.0,0.0,0.0,0.0,0.0,0.0,0.0,0.0,0.0,0.0,0.0,0.0,0.0,0.0,0.0,0.0,0.0,4.634994206257242e-05,0.00010428736964078795,0.00339513325608343,0.004380069524913094,0.010648899188876014,0.008099652375434531,0.01668597914252607,0.049084588644264196,0.04682502896871379,0.042375434530706836,0.05377752027809965,0.05136732329084589,0.051019698725376594,0.08717265353418308,0.0778215527230591,0.12044032444959443,0.09342989571263036,0.07950173812282735,0.06550405561993047,0.04293163383545771,0.02381228273464658,0.016929316338354577,0.01119351100811124,0.0029084588644264194,0.029188876013904984,0.008482039397450753,0.0009385863267670915,0.0005677867902665122,5.793742757821553e-05,0.0,0.0013093858632676708,0.0,0.0,0.0,0.0,0.0,0.0,0.0,0.0,0.0,0.0,0.0,0.0,0.0,0.0,0.0,0.0,0.0,0.0,0.0,0.0,0.0,0.0,0.0,0.0,0.0,0.0,0.0,0.0,0.0,0.0,0.0,0.0,0.0,0.0,0.0,0.0,0.0,0.0,0.0,0.0,0.0,0.0,0.0,0.0,nan,nan,3.9978880675818376,2.7986512646690893,nan,0.8525527009880671,0.03410842456758557,0.0,0.0,0.0,0.0,0.0,0.0,0.0,0.0,0.0,0.0,0.0,0.0,0.0,0.0,0.0,0.0,0.0,0.0,0.0,0.0,0.0,0.040322580645161296,0.32258064516129037,1.209677419354835,6.276881720430109,13.010752688172046,6.948924731182798,1.6666666666666672,0.403225806451613,0.1209677419354839,0.8530585435337592,0.03285779517124473,0.0,0.0,0.0,0.0,0.0,0.0,0.0,0.0,0.0,0.0,0.0,0.0,0.0,0.0,0.0,0.0,0.0,0.0,0.0,0.0,0.0,0.014402304368698994,0.2736437830052809,1.2674027844455074,5.775324051848297,13.091694671147387,7.388382141142585,1.8578972635621704,0.21603456553048495,0.11521843494959196,0.4011,0.00938,0.0,0.0,0.0,0.0,0.0,0.0,0.0,0.0,0.0,0.0,0.0,14.260752688172023,15.73924731182796,0.0,0.0,0.0,0.0,0.0,0.0,0.0,0.0,0.0,0.0,0.0,0.0,0.0,0.0,0.0,0.0,0.0,0.4011,0.00936,0.0,0.0,0.0,0.0,0.0,0.0,0.0,0.0,0.0,0.0,0.0,13.696591454632722,16.289006240998564,0.014402304368698994,0.0,0.0,0.0,0.0,0.0,0.0,0.0,0.0,0.0,0.0,0.0,0.0,0.0,0.0,0.0,0.0
33400,4210,2182,0.5182897862232779,1003,836,0.4368171021377672,1176,0.5586698337292162,0.40599999999999997,3.0152859960552267,3.080328734964,6.354785478547854,2.247375117993711,8378.234869358668,506.3608877252042,7853.0,8866.4,8866.399999999998,1.8189894035458565e-12,7853.0,0.0,28.21567695961995,21.032890007590893,33.360716316088684,19.176251205292527,0.14299287410926365,0.09501187648456057,0.09097387173396675,0.08479809976247031,0.08242280285035629,0.07387173396674585,0.0679334916864608,0.065083135391924,0.057482185273159146,0.05320665083135392,0.04489311163895487,0.04156769596199525,0.03491686460807601,0.026128266033254157,0.02161520190023753,0.012351543942992874,0.004750593824228029,0.8522575892915069,0.033752782286493574,0.0,0.0,0.0,0.0,0.0,0.0,0.0,0.0,0.0,0.0,0.0,0.0,0.0,0.0,0.0,0.0,0.0,0.0,0.0,0.0,0.007125890736342045,0.04275534441805226,0.3562945368171022,1.1472684085510652,6.249406175771973,13.125890736342047,7.019002375296914,1.589073634204276,0.3634204275534442,0.09976247030878863,4.234247590808006,2.854382629169134,6.2727272727272725,3.3868974563994834,1.4814266615737204,4.145710059171598,2.8302956227899623,4.338983050847458,2.8854407734936864,1.046619997278459,0.4014,0.009636,0.0,0.0,0.0,0.0,0.0,0.0,0.0,0.0,0.0,0.0,0.0,13.581947743467914,16.396674584323044,0.02137767220902613,0.0,0.0,0.0,0.0,0.0,0.0,0.0,0.0,0.0,0.0,0.0,0.0,0.0,0.0,0.0,0.0,nan,nan,4.2425249169435215,2.8596853573672543,nan,0.4014,0.04633,0.0,0.0,0.0,0.0,0.0,0.0,0.0,0.0,0.0,0.0,0.0,0.0,0.0,0.0,0.0,0.0,0.0,0.0,0.0,0.0,0.0,0.0,0.0,2.375296912114014e-05,0.0,0.0,0.00010688836104513064,0.00013064133016627079,0.004216152019002375,0.004085510688836104,0.010843230403800475,0.007969121140142518,0.014691211401425179,0.0486104513064133,0.048741092636579574,0.040771971496437055,0.05193586698337292,0.053646080760095013,0.052232779097387175,0.08648456057007126,0.07671021377672209,0.11757719714964371,0.09408551068883611,0.0813064133016627,0.06358669833729216,0.04421615201900238,0.023871733966745842,0.016342042755344417,0.0117458432304038,0.0031235154394299285,0.03131828978622328,0.009228028503562946,0.000997624703087886,0.0004038004750593824,0.00013064133016627079,0.0,0.0008669833729216152,0.0,0.0,0.0,0.0,0.0,0.0,0.0,0.0,0.0,0.0,0.0,0.0,0.0,0.0,0.0,0.0,0.0,0.0,0.0,0.0,0.0,0.0,0.0,0.0,0.0,0.0,0.0,0.0,0.0,0.0,0.0,0.0,0.0,0.0,0.0,0.0,0.0,0.0,0.0,0.0,0.0,0.0,0.0,0.0,nan,nan,4.2425249169435215,2.8596853573672543,nan,0.8536068576667202,0.033546411219134056,0.0,0.0,0.0,0.0,0.0,0.0,0.0,0.0,0.0,0.0,0.0,0.0,0.0,0.0,0.0,0.0,0.0,0.0,0.0,0.0,0.0,0.013748854262144825,0.3299725022914758,1.113657195233727,5.788267644362971,13.185151237396887,7.300641613198902,1.8423464711274065,0.3299725022914758,0.09624197983501377,0.8508058616807005,0.033913526692938345,0.0,0.0,0.0,0.0,0.0,0.0,0.0,0.0,0.0,0.0,0.0,0.0,0.0,0.0,0.0,0.0,0.0,0.0,0.0,0.0,0.014792899408284026,0.07396449704142014,0.38461538461538475,1.1834319526627184,6.745562130177516,13.062130177514797,6.715976331360949,1.3165680473372783,0.39940828402366874,0.1035502958579882,0.4014,0.00971,0.0,0.0,0.0,0.0,0.0,0.0,0.0,0.0,0.0,0.0,0.0,13.597616865261209,16.374885426214487,0.02749770852428965,0.0,0.0,0.0,0.0,0.0,0.0,0.0,0.0,0.0,0.0,0.0,0.0,0.0,0.0,0.0,0.0,0.4014,0.00956,0.0,0.0,0.0,0.0,0.0,0.0,0.0,0.0,0.0,0.0,0.0,13.56508875739643,16.42011834319527,0.014792899408284026,0.0,0.0,0.0,0.0,0.0,0.0,0.0,0.0,0.0,0.0,0.0,0.0,0.0,0.0,0.0,0.0
33500,4203,2162,0.5143944801332382,1002,871,0.44563407090173685,1223,0.5819652629074471,0.40599999999999997,3.035766780989711,3.152376286134248,6.696335078534031,2.267134603043177,8374.287366167024,506.48997892190226,7853.0,8866.4,8866.399999999998,1.8189894035458565e-12,7853.0,0.0,27.940994527718296,20.768550907347183,32.7906779661017,19.037384365903954,0.1377587437544611,0.09493219129193434,0.10302165120152272,0.08113252438734238,0.08779443254817987,0.07447061622650487,0.06590530573399953,0.06876040923150131,0.05139186295503212,0.05067808708065667,0.048060908874613374,0.039257673090649536,0.03735427075898168,0.025933856768974542,0.01736854627646919,0.011420413990007138,0.004758505829169641,0.8531961622420816,0.034619826772409,0.0,0.0,0.0,0.0,0.0,0.0,0.0,0.0,0.0,0.0,0.0,0.0,0.0,0.0,0.0,0.0,0.0,0.0,0.0,0.0,0.0,0.014275517487508925,0.28551034975017847,1.4846538187009233,5.824411134903641,13.054960742326912,7.016416845110637,1.7701641684511067,0.37830121341898654,0.17130620985010708,4.314222712238148,2.911303016829695,5.25,2.222048604328897,1.2169051878354205,4.352941176470588,2.9577196699201265,4.282106782106782,2.862492713866383,0.9837272337272337,0.4014,0.00932,0.0,0.0,0.0,0.0,0.0,0.0,0.0,0.0,0.0,0.0,0.0,13.154889364739454,16.837972876516776,0.007137758743754463,0.0,0.0,0.0,0.0,0.0,0.0,0.0,0.0,0.0,0.0,0.0,0.0,0.0,0.0,0.0,0.0,nan,nan,4.316965921582997,2.9099609371700996,nan,0.4014,0.04614,0.0,0.0,0.0,0.0,0.0,0.0,0.0,0.0,0.0,0.0,0.0,0.0,0.0,0.0,0.0,0.0,0.0,0.0,0.0,0.0,0.0,0.0,0.0,2.3792529145848203e-05,0.0,0.0,0.00016654770402093743,3.568879371877231e-05,0.003854389721627409,0.002819414703783012,0.01246728527242446,0.007994289793004997,0.013752081846300262,0.04541993813942422,0.048477278134665715,0.041803473709255294,0.05714965500832739,0.05298596240780395,0.049393290506780874,0.08809183916250297,0.07717106828455865,0.12224601475136807,0.0956578634308827,0.07974066143231026,0.061741613133476085,0.040280751843921006,0.024315964787056863,0.016226504877468476,0.011503687842017607,0.0030573399952414943,0.030847014037592196,0.00933856768974542,0.001748750892219843,0.0006661908160837497,0.00032119914346895073,0.0,0.000701879609802522,0.0,0.0,0.0,0.0,0.0,0.0,0.0,0.0,0.0,0.0,0.0,0.0,0.0,0.0,0.0,0.0,0.0,0.0,0.0,0.0,0.0,0.0,0.0,0.0,0.0,0.0,0.0,0.0,0.0,0.0,0.0,0.0,0.0,0.0,0.0,0.0,0.0,0.0,0.0,0.0,0.0,0.0,0.0,0.0,nan,nan,4.316965921582997,2.9099609371700996,nan,0.8529247207348265,0.03435494133856505,0.0,0.0,0.0,0.0,0.0,0.0,0.0,0.0,0.0,0.0,0.0,0.0,0.0,0.0,0.0,0.0,0.0,0.0,0.0,0.0,0.0,0.013876040703052732,0.2636447733580019,1.5818686401480062,5.827937095282148,13.029602220166517,7.00740055504163,1.8038852913968553,0.2636447733580019,0.208140610545791,0.8534836960679932,0.03489592022023934,0.0,0.0,0.0,0.0,0.0,0.0,0.0,0.0,0.0,0.0,0.0,0.0,0.0,0.0,0.0,0.0,0.0,0.0,0.0,0.0,0.0,0.014698677119059289,0.30867221950024504,1.3816756491915685,5.820676139147477,13.081822635962768,7.02596766291034,1.734443900048996,0.4997550220480158,0.13228809407153358,0.4014,0.00936,0.0,0.0,0.0,0.0,0.0,0.0,0.0,0.0,0.0,0.0,0.0,13.237742830712286,16.748381128584647,0.013876040703052732,0.0,0.0,0.0,0.0,0.0,0.0,0.0,0.0,0.0,0.0,0.0,0.0,0.0,0.0,0.0,0.0,0.4014,0.00928,0.0,0.0,0.0,0.0,0.0,0.0,0.0,0.0,0.0,0.0,0.0,13.067123958843684,16.932876041156298,0.0,0.0,0.0,0.0,0.0,0.0,0.0,0.0,0.0,0.0,0.0,0.0,0.0,0.0,0.0,0.0,0.0
33600,4264,2209,0.5180581613508443,1039,847,0.4423076923076923,1176,0.551594746716698,0.41,3.0316301703163018,3.0827156510724643,6.4464,2.121303146653019,8378.000140712946,506.36942527159573,7853.0,8866.4,8866.400000000001,1.8189894035458565e-12,7853.0,0.0,28.431988742964354,21.000559922488605,33.240022172949004,19.245367893739054,0.13555347091932457,0.09896810506566604,0.09333958724202626,0.08395872420262664,0.0799718574108818,0.07434333958724203,0.06449343339587242,0.06590056285178236,0.058395872420262666,0.053705440900562854,0.05018761726078799,0.0424484052532833,0.03541275797373358,0.025328330206378986,0.021575984990619138,0.010787992495309569,0.005628517823639775,0.8524889954510818,0.03434584147179796,0.0,0.0,0.0,0.0,0.0,0.0,0.0,0.0,0.0,0.0,0.0,0.0,0.0,0.0,0.0,0.0,0.0,0.0,0.0,0.0,0.0,0.05628517823639776,0.3377110694183865,1.3719512195121908,6.057692307692309,12.840056285178239,7.04268292682927,1.836303939962477,0.3869606003752346,0.0703564727954972,4.276950998185118,2.8488661984153616,4.4,2.244994432064365,1.0287702622422135,4.227773695811903,2.8436337437683927,4.3254985754985755,2.8492823046703135,1.0231149741490373,0.4011,0.0098,0.0,0.0,0.0,0.0,0.0,0.0,0.0,0.0,0.0,0.0,0.00703564727954972,13.670262664165083,16.301594746716702,0.021106941838649158,0.0,0.0,0.0,0.0,0.0,0.0,0.0,0.0,0.0,0.0,0.0,0.0,0.0,0.0,0.0,0.0,nan,nan,4.277396021699819,2.846922595453724,nan,0.4011,0.0468,0.0,0.0,0.0,0.0,0.0,0.0,0.0,0.0,0.0,0.0,0.0,0.0,0.0,0.0,0.0,0.0,0.0,0.0,0.0,0.0,0.0,0.0,0.0,0.0,0.0,1.1726078799249531e-05,0.00011726078799249531,0.0,0.006038930581613509,0.002849437148217636,0.013180112570356473,0.008712476547842402,0.014364446529080675,0.046880863039399624,0.04853424015009381,0.04337476547842402,0.054115853658536585,0.04913227016885553,0.047701688555347094,0.08813320825515948,0.07828330206378988,0.12393292682926829,0.09393761726078799,0.08480300187617261,0.057704033771106944,0.039047842401500936,0.023909474671669793,0.01618198874296435,0.012265478424015009,0.002427298311444653,0.030347091932457788,0.009193245778611633,0.0022631332082551593,0.0009380863039399625,0.0005276735459662289,1.1726078799249531e-05,0.001078799249530957,0.0,0.0,0.0,0.0,0.0,0.0,0.0,0.0,0.0,0.0,0.0,0.0,0.0,0.0,0.0,0.0,0.0,0.0,0.0,0.0,0.0,0.0,0.0,0.0,0.0,0.0,0.0,0.0,0.0,0.0,0.0,0.0,0.0,0.0,0.0,0.0,0.0,0.0,0.0,0.0,0.0,0.0,0.0,0.0,nan,nan,4.277396021699819,2.846922595453724,nan,0.8519833619748914,0.03470483464941657,0.0,0.0,0.0,0.0,0.0,0.0,0.0,0.0,0.0,0.0,0.0,0.0,0.0,0.0,0.0,0.0,0.0,0.0,0.0,0.0,0.0,0.0679040289723857,0.4210049796287914,1.4259846084200951,5.98913535536442,12.698053417836128,7.22498868266184,1.7519239474875514,0.36668175645088286,0.05432322317790857,0.8530325206816921,0.033947315273042136,0.0,0.0,0.0,0.0,0.0,0.0,0.0,0.0,0.0,0.0,0.0,0.0,0.0,0.0,0.0,0.0,0.0,0.0,0.0,0.0,0.0,0.04379562043795621,0.24817518248175188,1.313868613138682,6.13138686131387,12.99270072992701,6.846715328467155,1.9270072992700735,0.40875912408759135,0.08759124087591243,0.4011,0.009705,0.0,0.0,0.0,0.0,0.0,0.0,0.0,0.0,0.0,0.0,0.0,13.282028066998622,16.704391127206883,0.013580805794477142,0.0,0.0,0.0,0.0,0.0,0.0,0.0,0.0,0.0,0.0,0.0,0.0,0.0,0.0,0.0,0.0,0.401,0.00991,0.0,0.0,0.0,0.0,0.0,0.0,0.0,0.0,0.0,0.0,0.014598540145985404,14.087591240875893,15.868613138686134,0.02919708029197081,0.0,0.0,0.0,0.0,0.0,0.0,0.0,0.0,0.0,0.0,0.0,0.0,0.0,0.0,0.0,0.0
33700,4475,2281,0.5097206703910615,1076,917,0.44536312849162013,1244,0.5559776536312849,0.422,2.9726526891522336,3.122999572039595,6.676716917922948,2.114243933969505,8369.550927374303,506.60423333196303,7853.0,8866.4,8866.4,0.0,7853.0,0.0,27.60737430167598,20.7193168533876,32.71252346473585,18.926059179105533,0.1465921787709497,0.10391061452513967,0.08871508379888268,0.08402234636871508,0.08022346368715083,0.07486033519553073,0.06748603351955307,0.061899441340782124,0.05899441340782123,0.0594413407821229,0.0446927374301676,0.03664804469273743,0.03709497206703911,0.02435754189944134,0.01698324022346369,0.008044692737430168,0.006033519553072626,0.8536416838954947,0.03400963768701734,0.0,0.0,0.0,0.0,0.0,0.0,0.0,0.0,0.0,0.0,0.0,0.0,0.0,0.0,0.0,0.0,0.0,0.0,0.0,0.0,0.013407821229050283,0.05363128491620113,0.23463687150837995,1.3474860335195489,5.7921787709497226,12.677094972067042,7.6424581005586605,1.7430167597765367,0.3754189944134079,0.12067039106145254,4.381236823612087,2.874840460994379,3.8,3.0594117081556713,0.8673349907771272,4.342348754448398,2.895121709819687,4.412371134020619,2.8582282883230636,1.0161254619404967,0.401,0.009636,0.0,0.0,0.0,0.0,0.0,0.0,0.0,0.0,0.0,0.0,0.006703910614525141,13.823463687150818,16.163128491620114,0.006703910614525141,0.0,0.0,0.0,0.0,0.0,0.0,0.0,0.0,0.0,0.0,0.0,0.0,0.0,0.0,0.0,0.0,nan,nan,4.378189444250262,2.876145366811548,nan,0.401,0.04672,0.0,0.0,0.0,0.0,0.0,0.0,0.0,0.0,0.0,0.0,0.0,0.0,0.0,0.0,0.0,0.0,0.0,0.0,0.0,0.0,1.11731843575419e-05,0.0,0.0,0.0,0.0,0.0,6.70391061452514e-05,0.0001005586592178771,0.006301675977653631,0.003754189944134078,0.012,0.009106145251396648,0.014067039106145252,0.04592178770949721,0.04846927374301676,0.04651396648044693,0.05188826815642458,0.048625698324022346,0.047273743016759774,0.09020111731843575,0.08068156424581005,0.12111731843575418,0.09298324022346369,0.08373184357541899,0.05622346368715084,0.04137430167597765,0.02511731843575419,0.016089385474860336,0.012804469273743017,0.002201117318435754,0.02983240223463687,0.009195530726256984,0.0023687150837988827,0.0007597765363128491,0.0003575418994413408,0.0,0.0008603351955307262,0.0,0.0,0.0,0.0,0.0,0.0,0.0,0.0,0.0,0.0,0.0,0.0,0.0,0.0,0.0,0.0,0.0,0.0,0.0,0.0,0.0,0.0,0.0,0.0,0.0,0.0,0.0,0.0,0.0,0.0,0.0,0.0,0.0,0.0,0.0,0.0,0.0,0.0,0.0,0.0,0.0,0.0,0.0,0.0,nan,nan,4.378189444250262,2.876145366811548,nan,0.853921762269508,0.0347381130373037,0.0,0.0,0.0,0.0,0.0,0.0,0.0,0.0,0.0,0.0,0.0,0.0,0.0,0.0,0.0,0.0,0.0,0.0,0.0,0.0,0.026304252520824207,0.052608505041648414,0.27619465146865413,1.3020604997807939,5.918456817185446,12.533976326172734,7.549320473476547,1.788689171416046,0.381411661551951,0.17097764138535734,0.8533504994054654,0.03323284786609317,0.0,0.0,0.0,0.0,0.0,0.0,0.0,0.0,0.0,0.0,0.0,0.0,0.0,0.0,0.0,0.0,0.0,0.0,0.0,0.0,0.0,0.05469462169553328,0.1914311759343665,1.3947128532360942,5.660893345487695,12.825888787602556,7.7392889699179594,1.695533272561532,0.3691886964448497,0.0683682771194166,0.401,0.0097,0.0,0.0,0.0,0.0,0.0,0.0,0.0,0.0,0.0,0.0,0.013152126260412103,14.059622972380515,15.927224901359056,0.0,0.0,0.0,0.0,0.0,0.0,0.0,0.0,0.0,0.0,0.0,0.0,0.0,0.0,0.0,0.0,0.0,0.4011,0.00957,0.0,0.0,0.0,0.0,0.0,0.0,0.0,0.0,0.0,0.0,0.0,13.577939835916116,16.408386508659984,0.01367365542388332,0.0,0.0,0.0,0.0,0.0,0.0,0.0,0.0,0.0,0.0,0.0,0.0,0.0,0.0,0.0,0.0
33800,4899,2560,0.5225556235966524,1163,974,0.43621147172892427,1375,0.5613390487854665,0.40199999999999997,3.0679777682770415,3.1362253050611666,6.593567251461988,2.1168399210439115,8382.557868952848,506.1841639432572,7853.0,8866.4,8866.399999999998,1.8189894035458565e-12,7853.0,0.0,27.8238416003266,20.886785359988647,32.86572265625,19.133373291220902,0.14268218003674218,0.10063278220044908,0.09246785058175137,0.0892018779342723,0.07572974076342111,0.07307613798734436,0.07021841192080017,0.0665441926923862,0.05776689120228618,0.052663808940600125,0.04102878138395591,0.04225352112676056,0.03735456215554195,0.0226576852418861,0.017962849561134926,0.01143090426617677,0.006327822004490713,0.8527527297119822,0.034001647867259996,0.0,0.0,0.0,0.0,0.0,0.0,0.0,0.0,0.0,0.0,0.0,0.0,0.0,0.0,0.0,0.0,0.0,0.0,0.0,0.0,0.012247397428046543,0.030618493570116357,0.26944274341702396,1.4023270055113246,6.062461726883039,12.792406613594615,7.183098591549297,1.7942437232088184,0.3429271279853032,0.11022657685241888,4.333440102498399,2.8959031817525074,3.6666666666666665,3.39934634239519,0.8461329982506713,4.325714285714286,2.9176973494742824,4.337403598971722,2.877296010710721,1.0027022850991432,0.4011,0.00953,0.0,0.0,0.0,0.0,0.0,0.0,0.0,0.0,0.0,0.0,0.0,13.545621555419453,16.429883649724438,0.024494794856093086,0.0,0.0,0.0,0.0,0.0,0.0,0.0,0.0,0.0,0.0,0.0,0.0,0.0,0.0,0.0,0.0,nan,nan,4.331523474928138,2.897695569673946,nan,0.4011,0.04684,0.0,0.0,0.0,0.0,0.0,0.0,0.0,0.0,0.0,0.0,0.0,0.0,0.0,0.0,0.0,0.0,0.0,0.0,0.0,0.0,0.0,0.0,0.0,0.0,0.0,1.0206164523372116e-05,9.185548071034906e-05,6.12369871402327e-05,0.0058991630945090835,0.003980404164115126,0.010634823433353745,0.009512145335782813,0.013849765258215962,0.045213308838538475,0.049448867115737906,0.04686670749132476,0.054368238416003266,0.05015309246785058,0.04726474790773627,0.0878852827107573,0.0812921004286589,0.11775872627066748,0.09113084302918963,0.08500714431516636,0.0567360685854256,0.041406409471320675,0.025678709940804244,0.015737905695039803,0.014166156358440499,0.0021330883853847723,0.02875076546233925,0.009716268626250255,0.0031639110022453564,0.0006021637068789549,0.0002959787711777914,0.0,0.0011737089201877935,0.0,0.0,0.0,0.0,1.0206164523372116e-05,0.0,0.0,0.0,0.0,0.0,0.0,0.0,0.0,0.0,0.0,0.0,0.0,0.0,0.0,0.0,0.0,0.0,0.0,0.0,0.0,0.0,0.0,0.0,0.0,0.0,0.0,0.0,0.0,0.0,0.0,0.0,0.0,0.0,0.0,0.0,0.0,0.0,0.0,0.0,nan,nan,4.331523474928138,2.897695569673946,nan,0.8531242404598742,0.03358667135367515,0.0,0.0,0.0,0.0,0.0,0.0,0.0,0.0,0.0,0.0,0.0,0.0,0.0,0.0,0.0,0.0,0.0,0.0,0.0,0.0,0.011718750000000003,0.03515625000000001,0.17578125000000006,1.4296874999999956,6.046875000000002,12.808593750000004,7.230468750000002,1.7929687500000004,0.3984375000000001,0.07031250000000001,0.8523461168369915,0.03444551199916058,0.0,0.0,0.0,0.0,0.0,0.0,0.0,0.0,0.0,0.0,0.0,0.0,0.0,0.0,0.0,0.0,0.0,0.0,0.0,0.0,0.01282599401453613,0.02565198802907226,0.3719538264215478,1.3723813595553613,6.079521162890125,12.774690038477985,7.131252672082088,1.795639162035058,0.28217186831979485,0.15391192817443355,0.4011,0.00956,0.0,0.0,0.0,0.0,0.0,0.0,0.0,0.0,0.0,0.0,0.0,13.69921874999998,16.265625000000004,0.03515625000000001,0.0,0.0,0.0,0.0,0.0,0.0,0.0,0.0,0.0,0.0,0.0,0.0,0.0,0.0,0.0,0.0,0.4011,0.00951,0.0,0.0,0.0,0.0,0.0,0.0,0.0,0.0,0.0,0.0,0.0,13.37751175716116,16.609662248824286,0.01282599401453613,0.0,0.0,0.0,0.0,0.0,0.0,0.0,0.0,0.0,0.0,0.0,0.0,0.0,0.0,0.0,0.0
33900,5067,2600,0.5131241365699625,1215,1109,0.4586540359186896,1482,0.5849615156897573,0.36199999999999993,2.8633968382650994,2.9956707537536142,6.562596599690881,2.0258052524194725,8373.0,506.52541890807396,7853.0,8866.4,8866.399999999998,1.8189894035458565e-12,7853.0,0.0,28.251430826919282,20.75364000699315,33.11485380116959,18.93659847545834,0.13637260706532464,0.09867771857114664,0.0880205249654628,0.08584961515689757,0.07775804223406355,0.082099861851194,0.07124531280836786,0.06512729425695678,0.05940398657983027,0.04894414841128873,0.044997039668442866,0.044997039668442866,0.035129267811328205,0.029208604697059402,0.018156700217090982,0.010657193605683837,0.0033550424314189855,0.8519789287270891,0.033484035315536856,0.0,0.0,0.0,0.0,0.0,0.0,0.0,0.0,0.0,0.0,0.0,0.0,0.0,0.0,0.0,0.0,0.0,0.0,0.0,0.0,0.0118413262285376,0.05920663114268799,0.24866785079928957,1.5097690941385389,5.825932504440499,13.060982830076972,7.217288336293667,1.7051509769094142,0.2723505032563648,0.088809946714032,4.169578313253012,2.855744971150711,4.833333333333333,1.4624940645653537,1.159189963639866,4.212856276531231,2.9200263594573483,4.126491646778043,2.785187525649368,0.9794997445713247,0.4014,0.00947,0.0,0.0,0.0,0.0,0.0,0.0,0.0,0.0,0.0,0.0,0.0059206631142688,13.386619301361732,16.601539372409714,0.0059206631142688,0.0,0.0,0.0,0.0,0.0,0.0,0.0,0.0,0.0,0.0,0.0,0.0,0.0,0.0,0.0,0.0,nan,nan,4.170775706554419,2.853983059176714,nan,0.4014,0.04672,0.0,0.0,0.0,0.0,0.0,0.0,0.0,0.0,0.0,0.0,0.0,0.0,0.0,0.0,0.0,0.0,0.0,0.0,0.0,0.0,0.0,0.0,0.0,0.0,0.0,4.933885928557332e-05,0.00011841326228537596,0.00015788434971383461,0.006295638444839155,0.002901124925991711,0.009611209788829683,0.010144069469113875,0.015225971975527925,0.044207617919873696,0.05177619893428064,0.045204262877442274,0.051213735938425105,0.04876652851786067,0.04601342016972568,0.08860272350503257,0.08275113479376357,0.12041641997237024,0.09410894020130255,0.08552397868561279,0.05467732386027235,0.04175054272745214,0.025745016775212157,0.01638050128281034,0.012236037102822183,0.002279455298993487,0.026850207223209,0.011663706335109532,0.0034142490625616736,0.0005821985395697652,0.0003749753305703572,9.867771857114663e-06,0.000937438326425893,0.0,9.867771857114663e-06,0.0,0.0,0.0,0.0,0.0,0.0,0.0,0.0,0.0,0.0,0.0,0.0,0.0,0.0,0.0,0.0,0.0,0.0,0.0,0.0,0.0,0.0,0.0,0.0,0.0,0.0,0.0,0.0,0.0,0.0,0.0,0.0,0.0,0.0,0.0,0.0,0.0,0.0,0.0,0.0,0.0,0.0,nan,nan,4.170775706554419,2.853983059176714,nan,0.8522819966536301,0.033767529808616886,0.0,0.0,0.0,0.0,0.0,0.0,0.0,0.0,0.0,0.0,0.0,0.0,0.0,0.0,0.0,0.0,0.0,0.0,0.0,0.0,0.01153846153846154,0.06923076923076925,0.26538461538461544,1.4769230769230723,5.584615384615386,13.303846153846157,7.223076923076924,1.6615384615384619,0.276923076923077,0.12692307692307694,0.8516595219135478,0.0331796398489988,0.0,0.0,0.0,0.0,0.0,0.0,0.0,0.0,0.0,0.0,0.0,0.0,0.0,0.0,0.0,0.0,0.0,0.0,0.0,0.0,0.012160518848804218,0.04864207539521687,0.23104985812728016,1.5443858937981305,6.080259424402109,12.805026347790841,7.211187677340901,1.7511147142278074,0.2675314146736928,0.04864207539521687,0.4011,0.00936,0.0,0.0,0.0,0.0,0.0,0.0,0.0,0.0,0.0,0.0,0.01153846153846154,13.396153846153826,16.592307692307696,0.0,0.0,0.0,0.0,0.0,0.0,0.0,0.0,0.0,0.0,0.0,0.0,0.0,0.0,0.0,0.0,0.0,0.4014,0.00959,0.0,0.0,0.0,0.0,0.0,0.0,0.0,0.0,0.0,0.0,0.0,13.376570733684616,16.61126874746656,0.012160518848804218,0.0,0.0,0.0,0.0,0.0,0.0,0.0,0.0,0.0,0.0,0.0,0.0,0.0,0.0,0.0,0.0
34000,4253,2190,0.5149306371972725,1000,856,0.4363978368210675,1202,0.565248060192805,0.41,3.0324769752787204,3.0120797390128558,6.230891719745223,2.0446920176090364,8374.830707735717,506.47403850880266,7853.0,8866.4,8866.4,0.0,7853.0,0.0,28.54479191159182,21.148722179679247,33.637051569506724,19.27505490344899,0.1408417587585234,0.09381612979073595,0.09264048906654127,0.08347049141782271,0.07876792852104397,0.06795203385845286,0.06677639313425818,0.07030331530684222,0.06113331765812368,0.056195626616506,0.044204091229720195,0.042087937926169765,0.03715024688455208,0.02868563367035034,0.018810251587114978,0.009640253938396426,0.0075241006348459915,0.8529001981433408,0.03270694287570768,0.0,0.0,0.0,0.0,0.0,0.0,0.0,0.0,0.0,0.0,0.0,0.0,0.0,0.0,0.0,0.0,0.0,0.0,0.0,0.007053844345168118,0.021161533035504353,0.06348459910651306,0.22572301904537978,1.0369151187397099,5.918175405596052,13.592758053138963,7.075005878203623,1.6929226428403483,0.3174229955325653,0.04937691041617683,4.2931918008784775,2.7516901080549254,4.35,2.3296995514443486,1.0132321596043992,4.380607814761215,2.75872517820343,4.203067932797662,2.7351494384149895,0.959471404546807,0.4011,0.00956,0.0,0.0,0.0,0.0,0.0,0.0,0.0,0.0,0.0,0.0,0.007053844345168118,13.790265694803647,16.195626616506,0.007053844345168118,0.0,0.0,0.0,0.0,0.0,0.0,0.0,0.0,0.0,0.0,0.0,0.0,0.0,0.0,0.0,0.0,nan,nan,4.2936046511627906,2.748861249550565,nan,0.4011,0.04697,0.0,0.0,0.0,0.0,0.0,0.0,0.0,0.0,0.0,0.0,0.0,0.0,0.0,0.0,0.0,0.0,0.0,0.0,0.0,0.0,0.0,0.0,0.0,0.0,0.00012932047966141547,0.0,0.00011756407241946862,8.229485069362803e-05,0.005984011286150952,0.003362332471196802,0.008782036209734305,0.010122266635316247,0.015636021631789326,0.045450270397366564,0.05215142252527628,0.045979308723254175,0.052868563367035035,0.05062308958382318,0.044733129555607806,0.08850223371737596,0.08006113331765813,0.12111450740653656,0.09459205266870445,0.08365859393369386,0.05347989654361627,0.04265224547378321,0.023536327298377617,0.016235598401128617,0.01221490712438279,0.0029861274394545026,0.02786268516341406,0.011486009875382083,0.003362332471196802,0.0006230895838231837,0.0003056665882906184,3.5269221725840586e-05,0.001093345873501058,1.1756407241946861e-05,0.0001528332941453092,0.0,1.1756407241946861e-05,0.0,0.0,0.0,0.0,0.0,0.0,0.0,0.0,0.0,0.0,0.0,0.0,0.0,0.0,0.0,0.0,0.0,0.0,0.0,0.0,0.0,0.0,0.0,0.0,0.0,0.0,0.0,0.0,0.0,0.0,0.0,0.0,0.0,0.0,0.0,0.0,0.0,0.0,0.0,0.0,nan,nan,4.2936046511627906,2.748861249550565,nan,0.8530595705389432,0.03250501201122237,0.0,0.0,0.0,0.0,0.0,0.0,0.0,0.0,0.0,0.0,0.0,0.0,0.0,0.0,0.0,0.0,0.0,0.0,0.0,0.0,0.04109589041095891,0.06849315068493152,0.21917808219178087,0.9178082191780794,5.904109589041098,13.726027397260276,6.945205479452056,1.8356164383561648,0.30136986301369867,0.04109589041095891,0.8527310146501904,0.03291910515778616,0.0,0.0,0.0,0.0,0.0,0.0,0.0,0.0,0.0,0.0,0.0,0.0,0.0,0.0,0.0,0.0,0.0,0.0,0.0,0.014541929229277755,0.0,0.05816771691711102,0.23267086766844408,1.1633543383422165,5.933107125545323,13.451284537081923,7.212796897721766,1.541444498303442,0.3344643722733883,0.05816771691711102,0.4011,0.00966,0.0,0.0,0.0,0.0,0.0,0.0,0.0,0.0,0.0,0.0,0.0,13.643835616438336,16.342465753424662,0.013698630136986304,0.0,0.0,0.0,0.0,0.0,0.0,0.0,0.0,0.0,0.0,0.0,0.0,0.0,0.0,0.0,0.0,0.401,0.009445,0.0,0.0,0.0,0.0,0.0,0.0,0.0,0.0,0.0,0.0,0.014541929229277755,13.945710130877343,16.039747939893363,0.0,0.0,0.0,0.0,0.0,0.0,0.0,0.0,0.0,0.0,0.0,0.0,0.0,0.0,0.0,0.0,0.0
34100,4303,2253,0.5235881942830584,1055,867,0.44666511735998143,1186,0.5512433186149198,0.426,2.9634146341463414,3.1810610361769864,6.700884955752213,2.361359124734813,8383.604276086451,506.1358272092409,7853.0,8866.4,8866.4,0.0,7853.0,0.0,27.651405995816873,20.823021217894496,32.52695604091789,19.13508302066939,0.14222635370671624,0.09876830118521962,0.09760632117127585,0.087148501045782,0.08645131303741575,0.07064838484778062,0.07181036486172437,0.05879618870555427,0.05368347664420172,0.05275389263304671,0.04810597257727167,0.03788054845456658,0.031373460376481525,0.029049500348594003,0.01835928422031141,0.00906344410876133,0.006274692075296305,0.8513727412649346,0.03430740711660319,0.0,0.0,0.0,0.0,0.0,0.0,0.0,0.0,0.0,0.0,0.0,0.0,0.0,0.0,0.0,0.0,0.0,0.0,0.0,0.0,0.020915640250987685,0.06971880083662563,0.2440158029281897,1.464094817569133,6.295607715547295,12.981640715779692,6.762723681152686,1.7220543806646529,0.33465024401580296,0.10457820125493844,4.25100769512642,2.966964791925515,3.9411764705882355,2.710992616894803,0.9271158165878195,4.188790560471976,2.9065673801730654,4.308855291576674,3.021699906329529,1.028663340735558,0.4016,0.00925,0.0,0.0,0.0,0.0,0.0,0.0,0.0,0.0,0.0,0.0,0.0,12.800371833604443,17.19962816639554,0.0,0.0,0.0,0.0,0.0,0.0,0.0,0.0,0.0,0.0,0.0,0.0,0.0,0.0,0.0,0.0,0.0,nan,nan,4.249089584850692,2.965547664629243,nan,0.4016,0.0469,0.0,0.0,0.0,0.0,0.0,0.0,0.0,0.0,0.0,0.0,0.0,0.0,0.0,0.0,0.0,0.0,0.0,0.0,0.0,0.0,0.0,0.0,0.0,0.0,0.00019753660237043923,0.0,0.00019753660237043923,0.00019753660237043923,0.005786660469439926,0.002974668835696026,0.008842667906112016,0.009226121310713455,0.014036718568440623,0.044596792935161514,0.052207762026493146,0.046002788752033466,0.050790146409481755,0.0510806414129677,0.04388798512665582,0.0891238670694864,0.0826051591912619,0.12177550546130607,0.08954217987450616,0.08600976063211713,0.054775737857308854,0.043934464327213575,0.025075528700906343,0.016151522193818265,0.013060655356727865,0.0031605856379270277,0.02624912851498954,0.012258889147106669,0.0038112944457355333,0.0006390890076690681,0.00047641180571694167,9.295840111550081e-05,0.0010690216128282594,0.0,6.971880083662561e-05,3.4859400418312805e-05,5.809900069718801e-05,0.0,0.0,0.0,0.0,0.0,0.0,0.0,0.0,0.0,0.0,0.0,0.0,0.0,0.0,0.0,0.0,0.0,0.0,0.0,0.0,0.0,0.0,0.0,0.0,0.0,0.0,0.0,0.0,0.0,0.0,0.0,0.0,0.0,0.0,0.0,0.0,0.0,0.0,0.0,0.0,nan,nan,4.249089584850692,2.965547664629243,nan,0.8512870001359034,0.03479800836045878,0.0,0.0,0.0,0.0,0.0,0.0,0.0,0.0,0.0,0.0,0.0,0.0,0.0,0.0,0.0,0.0,0.0,0.0,0.0,0.0,0.026631158455392816,0.06657789613848204,0.19973368841544611,1.61118508655126,6.444740346205061,12.52996005326232,6.910785619174436,1.7709720372836222,0.31957390146471376,0.11984021304926767,0.8514669728569868,0.03375975084585939,0.0,0.0,0.0,0.0,0.0,0.0,0.0,0.0,0.0,0.0,0.0,0.0,0.0,0.0,0.0,0.0,0.0,0.0,0.0,0.0,0.014634146341463419,0.07317073170731708,0.29268292682926833,1.30243902439024,6.131707317073173,13.478048780487809,6.600000000000001,1.6682926829268296,0.351219512195122,0.0878048780487805,0.4014,0.00917,0.0,0.0,0.0,0.0,0.0,0.0,0.0,0.0,0.0,0.0,0.0,13.009320905459369,16.990679094540617,0.0,0.0,0.0,0.0,0.0,0.0,0.0,0.0,0.0,0.0,0.0,0.0,0.0,0.0,0.0,0.0,0.0,0.4019,0.00932,0.0,0.0,0.0,0.0,0.0,0.0,0.0,0.0,0.0,0.0,0.0,12.570731707317055,17.42926829268293,0.0,0.0,0.0,0.0,0.0,0.0,0.0,0.0,0.0,0.0,0.0,0.0,0.0,0.0,0.0,0.0,0.0
34200,4301,2242,0.5212741222971402,1065,851,0.44547779586142755,1191,0.5538246919321088,0.426,2.9553181155900923,3.0808980218432596,6.512733446519524,2.104709933335791,8381.25919553592,506.24113926847525,7853.0,8866.4,8866.4,0.0,7853.0,0.0,28.495233666589165,21.052691020008563,33.305578455619674,19.310939713634326,0.13136479888398048,0.10160427807486631,0.09788421297372704,0.0797488956056731,0.0797488956056731,0.07044873285282492,0.07021622878400371,0.06370611485701,0.05649848872355266,0.06370611485701,0.0478958381771681,0.03603813066728668,0.037898163217856315,0.0265054638456173,0.017902813299232736,0.010927691234596606,0.007905138339920948,0.8521481002937553,0.03406403203770953,0.0,0.0,0.0,0.0,0.0,0.0,0.0,0.0,0.0,0.0,0.0,0.0,0.0,0.0,0.0,0.0,0.0,0.0,0.0,0.0,0.020925366193908397,0.0,0.2720297605208092,1.5136014880260358,6.0544059521041635,12.841199720995121,7.282027435480122,1.520576610090677,0.3487561032318066,0.1464775633573588,4.187365398420675,2.855970387877602,4.444444444444445,3.5624932315291997,1.0613939844181572,4.216502115655853,2.8513394583909486,4.159041394335512,2.86568989979243,0.9863724196634481,0.4016,0.00977,0.0,0.0,0.0,0.0,0.0,0.0,0.0,0.0,0.0,0.0,0.006975122064636133,13.120204603580545,16.86584515229017,0.006975122064636133,0.0,0.0,0.0,0.0,0.0,0.0,0.0,0.0,0.0,0.0,0.0,0.0,0.0,0.0,0.0,0.0,nan,nan,4.1881932021466906,2.8585627808350225,nan,0.4016,0.04703,0.0,0.0,0.0,0.0,0.0,0.0,0.0,0.0,0.0,0.0,0.0,0.0,0.0,0.0,0.0,0.0,0.0,0.0,0.0,0.0,0.0,0.0,0.0,0.0,0.0003952569169960474,0.0,0.00022087886538014415,5.812601720530109e-05,0.005161590327830737,0.00266217158800279,0.008184143222506393,0.009869797721460126,0.015031388049290863,0.04385026737967915,0.05476633341083469,0.04321088119042083,0.05367356428737503,0.05346431062543595,0.04572192513368984,0.08630551034643107,0.08572425017437806,0.11875145315043013,0.08716577540106951,0.08747965589397814,0.05127877237851662,0.043989769820971865,0.024936061381074168,0.01654266449662869,0.013101604278074866,0.0034294350151127645,0.024331550802139036,0.013485235991629853,0.0046152057661009065,0.0005463845617298303,0.0006045105789351313,0.00010462683096954197,0.0011392699372239014,0.0,2.3250406882120437e-05,1.1625203441060218e-05,0.00016275284817484305,0.0,0.0,0.0,0.0,0.0,0.0,0.0,0.0,0.0,0.0,0.0,0.0,0.0,0.0,0.0,0.0,0.0,0.0,0.0,0.0,0.0,0.0,0.0,0.0,0.0,0.0,0.0,0.0,0.0,0.0,0.0,0.0,0.0,0.0,0.0,0.0,0.0,0.0,0.0,0.0,nan,nan,4.1881932021466906,2.8585627808350225,nan,0.8512608383140002,0.033633878512196645,0.0,0.0,0.0,0.0,0.0,0.0,0.0,0.0,0.0,0.0,0.0,0.0,0.0,0.0,0.0,0.0,0.0,0.0,0.0,0.0,0.013380909901873331,0.0,0.22747546833184662,1.5254237288135546,6.355932203389832,12.97948260481713,6.998215878679752,1.3648528099910795,0.40142729705619995,0.1338090990187333,0.8531142204290689,0.03450038199679262,0.0,0.0,0.0,0.0,0.0,0.0,0.0,0.0,0.0,0.0,0.0,0.0,0.0,0.0,0.0,0.0,0.0,0.0,0.0,0.0,0.02914035939776591,0.0,0.320543953375425,1.5007285089849396,5.726080621661001,12.690626517727056,7.59106362311802,1.690140845070423,0.29140359397765914,0.1602719766877125,0.4019,0.009674,0.0,0.0,0.0,0.0,0.0,0.0,0.0,0.0,0.0,0.0,0.0,12.765388046387136,17.23461195361285,0.0,0.0,0.0,0.0,0.0,0.0,0.0,0.0,0.0,0.0,0.0,0.0,0.0,0.0,0.0,0.0,0.0,0.4011,0.00987,0.0,0.0,0.0,0.0,0.0,0.0,0.0,0.0,0.0,0.0,0.014570179698882956,13.506556580864478,16.46430305973774,0.014570179698882956,0.0,0.0,0.0,0.0,0.0,0.0,0.0,0.0,0.0,0.0,0.0,0.0,0.0,0.0,0.0,0.0
34300,4497,2325,0.5170113408939293,1069,922,0.4427396041805648,1275,0.5670446964643095,0.418,2.992633517495396,3.130810041766232,6.729372937293729,2.1654415786519707,8376.939292861907,506.4066515969366,7853.0,8866.4,8866.4,0.0,7853.0,0.0,28.109628641316434,20.873726656964305,32.93229715489989,19.141008010630372,0.13497887480542584,0.09717589504113854,0.09695352457193684,0.0913942628418946,0.07493884812096953,0.07471647765176785,0.07449410718256616,0.06026239715365799,0.06315321325327997,0.051145207916388706,0.04136090727151434,0.04514120524794307,0.0311318656882366,0.026239715365799422,0.016900155659328443,0.012675116744496331,0.00733822548365577,0.852240687519915,0.034785217089793576,0.0,0.0,0.0,0.0,0.0,0.0,0.0,0.0,0.0,0.0,0.0,0.0,0.0,0.0,0.0,0.0,0.0,0.0,0.0,0.0,0.0,0.053368912608405615,0.36024016010673793,1.4676450967311494,6.117411607738494,12.621747831887928,7.138092061374251,1.7278185456971318,0.4136090727151435,0.10006671114076053,4.2639418081053,2.8750010221063387,4.2727272727272725,2.956991994052835,1.0020604091278338,4.249134948096886,2.847242509714382,4.276859504132231,2.9030124089257034,1.0065247530083181,0.4016,0.009796,0.0,0.0,0.0,0.0,0.0,0.0,0.0,0.0,0.0,0.0,0.0,12.961974649766491,17.038025350233493,0.0,0.0,0.0,0.0,0.0,0.0,0.0,0.0,0.0,0.0,0.0,0.0,0.0,0.0,0.0,0.0,0.0,nan,nan,4.263975155279503,2.875316708106347,nan,0.4016,0.04718,0.0,0.0,0.0,0.0,0.0,0.0,0.0,0.0,0.0,0.0,0.0,0.0,0.0,0.0,0.0,0.0,0.0,0.0,0.0,0.0,0.0,0.0,0.0,0.0,0.0005448076495441405,0.0,0.00027796308650211254,4.4474093840338e-05,0.004480764954414054,0.0036468756949077164,0.008405603735823882,0.010240160106737825,0.015910607071380922,0.04187235935067823,0.0533022014676451,0.04517456081832333,0.05412497220369135,0.05399154992217033,0.046086279742050255,0.08140982877473872,0.08342228152101401,0.11854569713142095,0.08695797198132088,0.09190571492105848,0.052724038247720706,0.0436179675339115,0.025572603958194353,0.016121859017122524,0.013653546808983766,0.0038136535468089837,0.02371581054036024,0.013431176339782077,0.004247275961752279,0.00042250389148321105,0.000489215032243718,4.4474093840338e-05,0.0016900155659328442,0.0,0.0,0.0,0.000111185234600845,0.0,0.0,0.0,0.0,0.0,0.0,0.0,0.0,0.0,0.0,0.0,0.0,0.0,0.0,0.0,0.0,0.0,0.0,0.0,0.0,0.0,0.0,0.0,0.0,0.0,0.0,0.0,0.0,0.0,0.0,0.0,0.0,0.0,0.0,0.0,0.0,0.0,0.0,0.0,0.0,nan,nan,4.263975155279503,2.875316708106347,nan,0.8529407813215768,0.03554889444916669,0.0,0.0,0.0,0.0,0.0,0.0,0.0,0.0,0.0,0.0,0.0,0.0,0.0,0.0,0.0,0.0,0.0,0.0,0.0,0.0,0.0,0.051612903225806465,0.46451612903225814,1.4322580645161245,5.870967741935486,12.503225806451615,7.354838709677421,1.7032258064516133,0.503225806451613,0.11612903225806454,0.8514912777184123,0.03393271087079013,0.0,0.0,0.0,0.0,0.0,0.0,0.0,0.0,0.0,0.0,0.0,0.0,0.0,0.0,0.0,0.0,0.0,0.0,0.0,0.0,0.0,0.0552486187845304,0.2486187845303868,1.5055248618784485,6.381215469613261,12.74861878453039,6.9060773480663,1.7541436464088402,0.3176795580110498,0.08287292817679559,0.4016,0.00981,0.0,0.0,0.0,0.0,0.0,0.0,0.0,0.0,0.0,0.0,0.0,13.045161290322563,16.95483870967742,0.0,0.0,0.0,0.0,0.0,0.0,0.0,0.0,0.0,0.0,0.0,0.0,0.0,0.0,0.0,0.0,0.0,0.4019,0.00977,0.0,0.0,0.0,0.0,0.0,0.0,0.0,0.0,0.0,0.0,0.0,12.872928176795561,17.127071823204425,0.0,0.0,0.0,0.0,0.0,0.0,0.0,0.0,0.0,0.0,0.0,0.0,0.0,0.0,0.0,0.0,0.0
34400,4523,2356,0.5208932124695999,1124,921,0.4521335396860491,1294,0.572186601812956,0.40599999999999997,2.960775265343793,3.0222727963165354,6.400630914826499,2.0337219177015182,8380.873181516692,506.2574309424613,7853.0,8866.4,8866.4,0.0,7853.0,0.0,28.902498341808535,21.20972208220788,33.673001822442075,19.447760387505216,0.13066548750829096,0.10258677868671236,0.08910015476453681,0.08290957329206279,0.07472916206057927,0.07472916206057927,0.06920185717444174,0.06146363033384922,0.06301127570196773,0.05549414105682069,0.049966836170683177,0.044439531284545655,0.032721644925934115,0.0291841697988061,0.02034048198098607,0.010612425381384037,0.008843687817820032,0.8525930626081888,0.03414264611333927,0.0,0.0,0.0,0.0,0.0,0.0,0.0,0.0,0.0,0.0,0.0,0.0,0.0,0.0,0.0,0.0,0.0,0.0,0.0,0.0,0.0,0.03316382931682512,0.23214680521777586,1.5321689144373156,6.068980764978998,12.595622374530182,7.514923723192573,1.552067212027416,0.3449038248949813,0.12602255140393548,4.186514592418652,2.8241719068810203,3.4285714285714284,1.498298354528788,0.8189560439560438,4.189848384970336,2.8439209548754674,4.180272108843537,2.8000519785209996,0.9977144098671564,0.4016,0.00945,0.0,0.0,0.0,0.0,0.0,0.0,0.0,0.0,0.0,0.0,0.0,13.099712580145901,16.873756356400623,0.0265310634534601,0.0,0.0,0.0,0.0,0.0,0.0,0.0,0.0,0.0,0.0,0.0,0.0,0.0,0.0,0.0,0.0,nan,nan,4.184738955823293,2.8220318010385363,nan,0.4016,0.0467,0.0,0.0,0.0,0.0,0.0,0.0,0.0,0.0,0.0,0.0,0.0,0.0,0.0,0.0,0.0,0.0,0.0,0.0,0.0,0.0,0.0,0.0,0.0,0.0,0.0005969489277028521,9.949148795047535e-05,0.000574839708158302,4.421843908910016e-05,0.004012823347335839,0.003371655980543887,0.007881936767632103,0.01007074950254256,0.01575281892549193,0.04061463630333849,0.05539464956887022,0.04476011496794163,0.053382710590316164,0.05519566659296927,0.043013486623922174,0.08194782224187486,0.07974795489719214,0.12133539686049083,0.0885253150563785,0.09404156533274376,0.05321689144373204,0.046495688702188814,0.025635640061905815,0.015553835949590979,0.01397302675215565,0.003239000663276586,0.02328100818041123,0.012060579261552067,0.0038248949812071634,0.0004974574397523767,0.00040902056157417644,1.105460977227504e-05,0.0013928808313066548,0.0,0.0,0.0,4.421843908910016e-05,0.0,0.0,0.0,0.0,0.0,0.0,0.0,0.0,0.0,0.0,0.0,0.0,0.0,0.0,0.0,0.0,0.0,0.0,0.0,0.0,0.0,0.0,0.0,0.0,0.0,0.0,0.0,0.0,0.0,0.0,0.0,0.0,0.0,0.0,0.0,0.0,0.0,0.0,0.0,0.0,nan,nan,4.184738955823293,2.8220318010385363,nan,0.8526069555804766,0.03448178173641656,0.0,0.0,0.0,0.0,0.0,0.0,0.0,0.0,0.0,0.0,0.0,0.0,0.0,0.0,0.0,0.0,0.0,0.0,0.0,0.0,0.0,0.06366723259762311,0.22920203735144318,1.5789473684210478,5.971986417657047,12.45331069609508,7.741935483870969,1.5280135823429546,0.29286926994906626,0.14006791171477082,0.8525779579276581,0.033770061432391384,0.0,0.0,0.0,0.0,0.0,0.0,0.0,0.0,0.0,0.0,0.0,0.0,0.0,0.0,0.0,0.0,0.0,0.0,0.0,0.0,0.0,0.0,0.2353484079372405,1.4813105676049791,6.174434702353485,12.750346100599911,7.268112598061839,1.5782187355791422,0.40147669589293966,0.11075219197046611,0.4016,0.00958,0.0,0.0,0.0,0.0,0.0,0.0,0.0,0.0,0.0,0.0,0.0,13.217317487266534,16.73174872665535,0.05093378607809848,0.0,0.0,0.0,0.0,0.0,0.0,0.0,0.0,0.0,0.0,0.0,0.0,0.0,0.0,0.0,0.0,0.4019,0.00931,0.0,0.0,0.0,0.0,0.0,0.0,0.0,0.0,0.0,0.0,0.0,12.971850484540822,17.028149515459162,0.0,0.0,0.0,0.0,0.0,0.0,0.0,0.0,0.0,0.0,0.0,0.0,0.0,0.0,0.0,0.0,0.0
34500,4570,2348,0.5137855579868709,1073,955,0.4437636761487965,1299,0.5684901531728666,0.418,3.0135013501350136,3.136239999092284,6.671428571428572,2.2064068737467726,8373.670284463895,506.5073752197471,7853.0,8866.4,8866.4,0.0,7853.0,0.0,27.82210065645514,20.89954282076005,32.82910896263392,19.151195465585335,0.1413566739606127,0.09803063457330416,0.09540481400437636,0.08884026258205689,0.08183807439824946,0.075054704595186,0.06761487964989059,0.061487964989059084,0.05798687089715536,0.04901531728665208,0.04835886214442013,0.04091903719912473,0.03347921225382932,0.02472647702407002,0.018380743982494528,0.011597374179431073,0.005908096280087528,0.8519326574040711,0.033133313366344334,0.0,0.0,0.0,0.0,0.0,0.0,0.0,0.0,0.0,0.0,0.0,0.0,0.0,0.0,0.0,0.0,0.0,0.0,0.0,0.0,0.006564551422319476,0.026258205689277905,0.275711159737418,1.3851203501094047,6.105032822757114,12.892778993435451,7.378555798687091,1.5689277899343548,0.2954048140043764,0.06564551422319476,4.359835503769705,2.923878479039875,4.615384615384615,3.0009860312509473,1.0586143929957794,4.411642411642411,2.9654378240334394,4.311827956989247,2.8829438905010876,0.9773747631064222,0.4016,0.009636,0.0,0.0,0.0,0.0,0.0,0.0,0.0,0.0,0.0,0.0,0.006564551422319476,13.13566739606125,16.844638949671776,0.013129102844638953,0.0,0.0,0.0,0.0,0.0,0.0,0.0,0.0,0.0,0.0,0.0,0.0,0.0,0.0,0.0,0.0,nan,nan,4.360968952575913,2.9242742729196713,nan,0.4016,0.04654,0.0,0.0,0.0,0.0,0.0,0.0,0.0,0.0,0.0,0.0,0.0,0.0,0.0,0.0,0.0,0.0,0.0,0.0,0.0,0.0,0.0,0.0,0.0,0.0,0.0003938730853391685,1.0940919037199125e-05,0.0006564551422319475,8.7527352297593e-05,0.004387308533916849,0.0033807439824945296,0.006586433260393873,0.01013129102844639,0.014901531728665207,0.0412582056892779,0.054409190371991246,0.04575492341356674,0.051947483588621446,0.057396061269146606,0.044201312910284465,0.08580962800875273,0.0787746170678337,0.1223741794310722,0.085164113785558,0.09644420131291029,0.05309628008752735,0.04362144420131291,0.022822757111597373,0.015295404814004376,0.014573304157549235,0.004277899343544857,0.023687089715536104,0.01175054704595186,0.004660831509846827,0.0005361050328227571,0.0004048140043763676,0.0,0.0011925601750547045,0.0,0.0,0.0,1.0940919037199125e-05,0.0,0.0,0.0,0.0,0.0,0.0,0.0,0.0,0.0,0.0,0.0,0.0,0.0,0.0,0.0,0.0,0.0,0.0,0.0,0.0,0.0,0.0,0.0,0.0,0.0,0.0,0.0,0.0,0.0,0.0,0.0,0.0,0.0,0.0,0.0,0.0,0.0,0.0,0.0,0.0,nan,nan,4.360968952575913,2.9242742729196713,nan,0.8516177795763925,0.03326719751973535,0.0,0.0,0.0,0.0,0.0,0.0,0.0,0.0,0.0,0.0,0.0,0.0,0.0,0.0,0.0,0.0,0.0,0.0,0.0,0.0,0.012776831345826238,0.038330494037478714,0.2810902896081772,1.303236797274272,6.298977853492335,12.853492333901196,7.308347529812608,1.5843270868824535,0.22998296422487227,0.08943781942078367,0.852265390590115,0.032987980912915334,0.0,0.0,0.0,0.0,0.0,0.0,0.0,0.0,0.0,0.0,0.0,0.0,0.0,0.0,0.0,0.0,0.0,0.0,0.0,0.0,0.0,0.013501350135013504,0.2700270027002701,1.471647164716467,5.900090009000902,12.934293429342938,7.452745274527454,1.552655265526553,0.36453645364536463,0.04050405040504051,0.4016,0.00956,0.0,0.0,0.0,0.0,0.0,0.0,0.0,0.0,0.0,0.0,0.0,13.364565587734223,16.622657580919935,0.012776831345826238,0.0,0.0,0.0,0.0,0.0,0.0,0.0,0.0,0.0,0.0,0.0,0.0,0.0,0.0,0.0,0.0,0.4016,0.00972,0.0,0.0,0.0,0.0,0.0,0.0,0.0,0.0,0.0,0.0,0.013501350135013504,12.893789378937877,17.079207920792083,0.013501350135013504,0.0,0.0,0.0,0.0,0.0,0.0,0.0,0.0,0.0,0.0,0.0,0.0,0.0,0.0,0.0,0.0
34600,4735,2363,0.4990496304118268,1053,1020,0.4378035902851109,1333,0.5630411826821542,0.39799999999999996,2.893760539629005,3.042090042715299,6.43969465648855,2.0368243276924605,8358.736895459344,506.6990846939075,7853.0,8866.4,8866.399999999998,1.8189894035458565e-12,7853.0,0.0,27.89778247096093,20.864689667320967,32.704909819639276,19.19639547259235,0.13600844772967266,0.10263991552270327,0.09841605068637804,0.08722280887011616,0.07771911298838437,0.07391763463569166,0.0703273495248152,0.06399155227032735,0.05343189017951425,0.0515311510031679,0.04815205913410771,0.0409714889123548,0.03505807814149947,0.026610348468848997,0.018162618796198522,0.008447729672650475,0.007391763463569166,0.8520734435779366,0.03382353811954857,0.0,0.0,0.0,0.0,0.0,0.0,0.0,0.0,0.0,0.0,0.0,0.0,0.0,0.0,0.0,0.0,0.0,0.0,0.0,0.0,0.0,0.06969376979936644,0.2090813093980993,1.393875395987324,6.291446673706443,12.868004223864839,7.096092925026401,1.6092925026399159,0.3231256599788807,0.13938753959873287,4.2987056090275475,2.83763321814886,4.833333333333333,2.8819360776317637,1.1243694667490218,4.394562334217507,2.833841930482935,4.2071240105540895,2.839943496581764,0.9573476698227806,0.4019,0.00951,0.0,0.0,0.0,0.0,0.0,0.0,0.0,0.0,0.0,0.0,0.0,12.89334741288277,17.074973600844775,0.031678986272439286,0.0,0.0,0.0,0.0,0.0,0.0,0.0,0.0,0.0,0.0,0.0,0.0,0.0,0.0,0.0,0.0,nan,nan,4.3008264462809915,2.8380093089431018,nan,0.4019,0.04636,0.0,0.0,0.0,0.0,0.0,0.0,0.0,0.0,0.0,0.0,0.0,0.0,0.0,0.0,0.0,0.0,0.0,0.0,0.0,0.0,0.0,0.0,5.279831045406547e-05,0.0,0.0003273495248152059,0.0,0.0006441393875395988,0.00011615628299894404,0.00487856388595565,0.0035586061246040126,0.0055966209081309394,0.009968321013727561,0.014107708553326293,0.041414994720168956,0.05324181626187962,0.04329461457233368,0.05446673706441394,0.05424498416050686,0.048384371700105594,0.085480464625132,0.0791869060190074,0.1271911298838437,0.0837170010559662,0.09511087645195354,0.05262935586061246,0.043336853220696935,0.02270327349524815,0.015258711721224921,0.016135163674762407,0.0045300950369588176,0.023463569165786693,0.010791974656810982,0.0033368532206969376,0.0008764519535374868,0.0001900739176346357,0.0,0.0017529039070749736,1.0559662090813093e-05,0.0,0.0,0.0,0.0,0.0,0.0,0.0,0.0,0.0,0.0,0.0,0.0,0.0,0.0,0.0,0.0,0.0,0.0,0.0,0.0,0.0,0.0,0.0,0.0,0.0,0.0,0.0,0.0,0.0,0.0,0.0,0.0,0.0,0.0,0.0,0.0,0.0,0.0,0.0,0.0,0.0,0.0,0.0,nan,nan,4.3008264462809915,2.8380093089431018,nan,0.8521984224595914,0.033915544333382334,0.0,0.0,0.0,0.0,0.0,0.0,0.0,0.0,0.0,0.0,0.0,0.0,0.0,0.0,0.0,0.0,0.0,0.0,0.0,0.0,0.0,0.07617435463393991,0.1904358865848498,1.4473127380448538,6.258992805755398,12.708421498095644,7.173085061362676,1.7012272534913249,0.317393144308083,0.1269572577232332,0.8519489388994583,0.03373117104397422,0.0,0.0,0.0,0.0,0.0,0.0,0.0,0.0,0.0,0.0,0.0,0.0,0.0,0.0,0.0,0.0,0.0,0.0,0.0,0.0,0.0,0.06323777403035415,0.22765598650927493,1.3406408094435034,6.323777403035415,13.026981450252954,7.01939291736931,1.5177065767284996,0.3288364249578416,0.15177065767284995,0.4016,0.00967,0.0,0.0,0.0,0.0,0.0,0.0,0.0,0.0,0.0,0.0,0.0,13.038510368176029,16.948793906051634,0.012695725772323321,0.0,0.0,0.0,0.0,0.0,0.0,0.0,0.0,0.0,0.0,0.0,0.0,0.0,0.0,0.0,0.0,0.4019,0.009346,0.0,0.0,0.0,0.0,0.0,0.0,0.0,0.0,0.0,0.0,0.0,12.748735244519375,17.200674536256326,0.05059021922428332,0.0,0.0,0.0,0.0,0.0,0.0,0.0,0.0,0.0,0.0,0.0,0.0,0.0,0.0,0.0,0.0
34700,4729,2409,0.5094100232607317,1142,953,0.44301120744343414,1306,0.5523366462254177,0.40199999999999997,2.9172413793103447,3.0774562901198284,6.473684210526316,2.139422124802994,8369.236117572425,506.61025696450787,7853.0,8866.4,8866.399999999998,1.8189894035458565e-12,7853.0,0.0,27.79171072108268,20.839069776554254,32.79717100277848,19.0856415835049,0.14337069147811377,0.0979065341509833,0.09198562063861282,0.08944808627616832,0.08289278917318672,0.06978219496722352,0.07253119052653838,0.06111228589553817,0.06047790230492705,0.05032776485514908,0.048213152886445336,0.036794248255445125,0.03404525269613026,0.026855572002537534,0.01882004652146331,0.009304292662296468,0.006132374709240854,0.8499802189413753,0.03350487654121597,0.0,0.0,0.0,0.0,0.0,0.0,0.0,0.0,0.0,0.0,0.0,0.0,0.0,0.0,0.0,0.0,0.0,0.0,0.0,0.0,0.0,0.06978219496722353,0.24106576443222674,1.516176781560579,6.7815605836329045,12.979488263903576,6.603933178261791,1.4210192429689157,0.304504123493339,0.082469866779446,4.2266355140186915,2.827902793167387,3.727272727272727,2.4896479886598457,0.8818533594652997,4.259879437374414,2.8358964413014367,4.19035029742234,2.8184993539629795,0.9836781437187977,0.4019,0.00979,0.0,0.0,0.0,0.0,0.0,0.0,0.0,0.0,0.0,0.0,0.00634383590611123,12.674984140410217,17.312328187777545,0.00634383590611123,0.0,0.0,0.0,0.0,0.0,0.0,0.0,0.0,0.0,0.0,0.0,0.0,0.0,0.0,0.0,0.0,nan,nan,4.224808779514467,2.8268999346965873,nan,0.4019,0.04697,0.0,0.0,0.0,0.0,0.0,0.0,0.0,0.0,0.0,0.0,0.0,0.0,0.0,0.0,0.0,0.0,0.0,0.0,0.0,0.0,0.0,0.0,9.515753859166843e-05,0.0,0.00012687671812222458,0.0,0.0007083950095157539,4.229223937407486e-05,0.006227532247832523,0.0038697399027278496,0.005635440896595474,0.010921970818354831,0.01431592302812434,0.04227109325438782,0.05089871008669909,0.041509832945654475,0.05517022626348065,0.05564601395643899,0.04793825333051385,0.08441530979065341,0.07616832311270882,0.12825121590188202,0.08610699936561642,0.0936138718545147,0.04922816663142313,0.04444914358215268,0.02222457179107634,0.01620850074011419,0.01604990484246141,0.005487418058786213,0.023567350391203213,0.012222457179107634,0.003404525269613026,0.0010995982237259462,0.00025375343624444916,0.0,0.0017974201733981815,7.4011418904631e-05,0.0,0.0,0.0,0.0,0.0,0.0,0.0,0.0,0.0,0.0,0.0,0.0,0.0,0.0,0.0,0.0,0.0,0.0,0.0,0.0,0.0,0.0,0.0,0.0,0.0,0.0,0.0,0.0,0.0,0.0,0.0,0.0,0.0,0.0,0.0,0.0,0.0,0.0,0.0,0.0,0.0,0.0,0.0,nan,nan,4.224808779514467,2.8268999346965873,nan,0.8495661070258749,0.032934931029392565,0.0,0.0,0.0,0.0,0.0,0.0,0.0,0.0,0.0,0.0,0.0,0.0,0.0,0.0,0.0,0.0,0.0,0.0,0.0,0.0,0.0,0.07471980074719801,0.19925280199252807,1.5815691158156862,6.662515566625157,13.399750933997513,6.55043586550436,1.1830635118306354,0.26151930261519307,0.08717310087173104,0.8504102170467377,0.03408127808078232,0.0,0.0,0.0,0.0,0.0,0.0,0.0,0.0,0.0,0.0,0.0,0.0,0.0,0.0,0.0,0.0,0.0,0.0,0.0,0.0,0.0,0.06465517241379312,0.2844827586206897,1.448275862068961,6.905172413793105,12.543103448275865,6.659482758620691,1.6681034482758625,0.3491379310344829,0.07758620689655174,0.402,0.00987,0.0,0.0,0.0,0.0,0.0,0.0,0.0,0.0,0.0,0.0,0.012453300124533004,12.85180572851804,17.12328767123288,0.012453300124533004,0.0,0.0,0.0,0.0,0.0,0.0,0.0,0.0,0.0,0.0,0.0,0.0,0.0,0.0,0.0,0.0,0.4019,0.009705,0.0,0.0,0.0,0.0,0.0,0.0,0.0,0.0,0.0,0.0,0.0,12.49137931034481,17.508620689655174,0.0,0.0,0.0,0.0,0.0,0.0,0.0,0.0,0.0,0.0,0.0,0.0,0.0,0.0,0.0,0.0,0.0
34800,4718,2410,0.5108096651123357,1157,978,0.45252225519287836,1335,0.5659177617634591,0.41,2.996533795493934,3.1275576895629236,6.569908814589666,2.261506946594852,8370.65451462484,506.5815715255875,7853.0,8866.4,8866.399999999998,1.8189894035458565e-12,7853.0,0.0,27.607248834251802,20.68106604120422,32.652791878172586,18.8986679309898,0.142433234421365,0.09983043662568886,0.09114031369224247,0.08817295464179738,0.0847816871555744,0.07566765578635015,0.07058075455701568,0.06273844849512505,0.05616786774056804,0.05256464603645612,0.043662568885120816,0.03836371343789741,0.037727850784230604,0.025646460364561256,0.015048749470114454,0.010385756676557863,0.005086901229334464,0.8492477478845587,0.0338738840937971,0.0,0.0,0.0,0.0,0.0,0.0,0.0,0.0,0.0,0.0,0.0,0.0,0.0,0.0,0.0,0.0,0.0,0.0,0.0,0.0,0.012717253073336163,0.06358626536668081,0.40059347181008914,1.3925392115303052,6.810089020771515,12.99067401441289,6.644764730818145,1.3289529461636291,0.24798643493005515,0.10809665112335738,4.311236327477626,2.907179065490489,3.0555555555555554,2.50493340391011,0.7087423011540794,4.32751677852349,2.940137855974544,4.280906148867314,2.873614677512725,0.9892292434572422,0.402,0.00931,0.0,0.0,0.0,0.0,0.0,0.0,0.0,0.0,0.0,0.0,0.0,12.132259431962678,17.842306061890636,0.025434506146672326,0.0,0.0,0.0,0.0,0.0,0.0,0.0,0.0,0.0,0.0,0.0,0.0,0.0,0.0,0.0,0.0,nan,nan,4.303789126853378,2.906557173810008,nan,0.402,0.04715,0.0,0.0,0.0,0.0,0.0,0.0,0.0,0.0,0.0,0.0,0.0,0.0,0.0,0.0,0.0,0.0,0.0,0.0,0.0,0.0,0.0,0.0,4.23908435777872e-05,0.0,0.000105977108944468,0.0,0.0008266214497668503,0.0,0.006740144128868164,0.004737176769817719,0.005245866892751166,0.010915642221280204,0.013437897414158542,0.04307969478592624,0.0514730818143281,0.03939169139465876,0.05324289953370072,0.05285078423060619,0.04805002119542179,0.08708139041966935,0.07479864349300551,0.13048961424332345,0.08902077151335312,0.09349300551080966,0.048887240356083085,0.042888935989826196,0.020040271301398897,0.016935142009325985,0.018153878762187367,0.00533064857990674,0.02257312420517168,0.01278083933870284,0.0036032217041119118,0.0012293344637558288,0.00022255192878338278,0.0,0.0022997032640949557,3.17931326833404e-05,0.0,0.0,0.0,0.0,0.0,0.0,0.0,0.0,0.0,0.0,0.0,0.0,0.0,0.0,0.0,0.0,0.0,0.0,0.0,0.0,0.0,0.0,0.0,0.0,0.0,0.0,0.0,0.0,0.0,0.0,0.0,0.0,0.0,0.0,0.0,0.0,0.0,0.0,0.0,0.0,0.0,0.0,0.0,nan,nan,4.303789126853378,2.906557173810008,nan,0.8492241437504401,0.03436668490197315,0.0,0.0,0.0,0.0,0.0,0.0,0.0,0.0,0.0,0.0,0.0,0.0,0.0,0.0,0.0,0.0,0.0,0.0,0.0,0.0,0.02489626556016598,0.08713692946058094,0.4107883817427387,1.3692946058091242,6.883817427385893,12.647302904564318,6.8589211618257275,1.356846473029046,0.2614107883817428,0.09958506224066392,0.849272395182317,0.033351516049616635,0.0,0.0,0.0,0.0,0.0,0.0,0.0,0.0,0.0,0.0,0.0,0.0,0.0,0.0,0.0,0.0,0.0,0.0,0.0,0.0,0.0,0.038994800693240905,0.3899480069324091,1.416811091854415,6.73310225303293,13.349220103986138,6.421143847487003,1.2998266897746968,0.23396880415944546,0.11698440207972273,0.4023,0.00934,0.0,0.0,0.0,0.0,0.0,0.0,0.0,0.0,0.0,0.0,0.0,11.900414937759319,18.06224066390042,0.03734439834024897,0.0,0.0,0.0,0.0,0.0,0.0,0.0,0.0,0.0,0.0,0.0,0.0,0.0,0.0,0.0,0.0,0.402,0.00927,0.0,0.0,0.0,0.0,0.0,0.0,0.0,0.0,0.0,0.0,0.0,12.374350086655095,17.612651646447144,0.01299826689774697,0.0,0.0,0.0,0.0,0.0,0.0,0.0,0.0,0.0,0.0,0.0,0.0,0.0,0.0,0.0,0.0
34900,4756,2461,0.5174516400336417,1122,951,0.4358704793944491,1318,0.5542472666105971,0.43,2.979520697167756,3.1049919377781783,6.642414860681114,2.1123248211087327,8377.385492010093,506.3912651027472,7853.0,8866.4,8866.4,0.0,7853.0,0.0,28.327796467619848,21.359649895834433,33.36482084690554,19.630199460427107,0.1402439024390244,0.10050462573591253,0.09524810765349033,0.08200168208578637,0.07716568544995794,0.07947855340622371,0.06455004205214467,0.06160639192598823,0.05740117746005046,0.052565180824222034,0.0443650126156434,0.04142136248948696,0.03174936921783011,0.029226240538267452,0.021867115222876366,0.011774600504625737,0.008830950378469302,0.8490095141808259,0.03599940676782819,0.0,0.0,0.0,0.0,0.0,0.0,0.0,0.0,0.0,0.0,0.0,0.0,0.0,0.0,0.0,0.0,0.0,0.0,0.006307821698906646,0.012615643397813292,0.006307821698906646,0.05677039529015981,0.29015979814970566,1.8544995794785477,7.279226240538269,12.0542472666106,6.333052985702272,1.5454163162321282,0.4478553406223718,0.11354079058031961,4.324572930354797,2.851868577612154,4.071428571428571,2.603960876222598,0.9414637322568041,4.262230919765166,2.842986491692631,4.384918032786885,2.857380792488354,1.0287847175179516,0.4014,0.009575,0.0,0.0,0.0,0.0,0.0,0.0,0.0,0.0,0.0,0.0,0.0,13.492430613961291,16.494953742640877,0.012615643397813292,0.0,0.0,0.0,0.0,0.0,0.0,0.0,0.0,0.0,0.0,0.0,0.0,0.0,0.0,0.0,0.0,nan,nan,4.323413996075867,2.8508339604530213,nan,0.4014,0.04697,0.0,0.0,0.0,0.0,0.0,0.0,0.0,0.0,0.0,0.0,0.0,0.0,0.0,0.0,0.0,0.0,0.0,0.0,0.0,0.0,0.0,0.0,0.0,0.0,3.153910849453322e-05,0.0,0.0011143818334735072,0.00011564339781328847,0.007600925147182506,0.004625735912531539,0.0050567703952901595,0.010702270815811606,0.011858704793944491,0.04392346509671993,0.05314339781328848,0.04208368376787216,0.05448906644238856,0.053563919259882256,0.04792893187552565,0.0848507148864592,0.07626156433978133,0.13307401177460051,0.08858284272497897,0.08880361648444071,0.05044154751892346,0.041358284272497894,0.020237594617325484,0.015306980656013457,0.020048359966358283,0.005025231286795627,0.02079478553406224,0.012111017661900756,0.003542893187552565,0.0010828427249789739,0.00010513036164844407,0.0,0.0020605550883095037,1.0513036164844407e-05,6.307821698906644e-05,0.0,0.0,0.0,0.0,0.0,0.0,0.0,0.0,0.0,0.0,0.0,0.0,0.0,0.0,0.0,0.0,0.0,0.0,0.0,0.0,0.0,0.0,0.0,0.0,0.0,0.0,0.0,0.0,0.0,0.0,0.0,0.0,0.0,0.0,0.0,0.0,0.0,0.0,0.0,0.0,0.0,0.0,nan,nan,4.323413996075867,2.8508339604530213,nan,0.8485894207061184,0.03533475839933589,0.0,0.0,0.0,0.0,0.0,0.0,0.0,0.0,0.0,0.0,0.0,0.0,0.0,0.0,0.0,0.0,0.0,0.0,0.0,0.024380333197887044,0.0,0.012190166598943522,0.25599349857781395,1.92604632263307,7.472572125152379,12.177976432344579,6.131653799268592,1.4993904916700531,0.36570499796830563,0.13409183258837873,0.8494599935016341,0.036693413900437705,0.0,0.0,0.0,0.0,0.0,0.0,0.0,0.0,0.0,0.0,0.0,0.0,0.0,0.0,0.0,0.0,0.0,0.0,0.013071895424836605,0.0,0.013071895424836605,0.10457516339869284,0.3267973856209151,1.7777777777777721,7.071895424836603,11.921568627450984,6.549019607843139,1.5947712418300657,0.5359477124183007,0.09150326797385623,0.4014,0.009636,0.0,0.0,0.0,0.0,0.0,0.0,0.0,0.0,0.0,0.0,0.0,13.628606257618834,16.359203575782207,0.012190166598943522,0.0,0.0,0.0,0.0,0.0,0.0,0.0,0.0,0.0,0.0,0.0,0.0,0.0,0.0,0.0,0.0,0.4014,0.00952,0.0,0.0,0.0,0.0,0.0,0.0,0.0,0.0,0.0,0.0,0.0,13.346405228758151,16.640522875817,0.013071895424836605,0.0,0.0,0.0,0.0,0.0,0.0,0.0,0.0,0.0,0.0,0.0,0.0,0.0,0.0,0.0,0.0
35000,4993,2587,0.518125375525736,1252,1002,0.4514320048067294,1397,0.5595834167834969,0.39399999999999996,3.006234413965087,3.0889357215471094,6.498583569405099,2.087497717109371,8378.06825555778,506.3669590205939,7853.0,8866.4,8866.4,0.0,7853.0,0.0,28.389745643901463,20.924877579039034,33.13921058851335,19.192040992988982,0.1333867414380132,0.09793711195673943,0.09533346685359503,0.08632084918886442,0.07830963348688164,0.07310234328059283,0.07310234328059283,0.06529140797115962,0.05647907069897857,0.05507710795113158,0.0438614059683557,0.04265972361305828,0.03344682555577809,0.028640096134588424,0.01982775886240737,0.011816543160424594,0.005407570598838373,0.8498536796959469,0.03502489558992915,0.0,0.0,0.0,0.0,0.0,0.0,0.0,0.0,0.0,0.0,0.0,0.0,0.0,0.0,0.0,0.0,0.0,0.0,0.0,0.0,0.0,0.07210094131784499,0.360504706589225,1.5922291207690717,6.513118365711998,12.972161025435613,6.609252954135791,1.4059683556979776,0.31844582415381545,0.15621870618866418,4.296581459809055,2.9333732795377774,5.0,3.199264621385211,1.1637158626621746,4.295955882352941,2.9353797426138497,4.305947271612507,2.935473259385922,1.0023257662632452,0.4019,0.00962,0.0,0.0,0.0,0.0,0.0,0.0,0.0,0.0,0.0,0.0,0.0,12.58762267174042,17.376326857600645,0.036050470658922494,0.0,0.0,0.0,0.0,0.0,0.0,0.0,0.0,0.0,0.0,0.0,0.0,0.0,0.0,0.0,0.0,nan,nan,4.300245098039215,2.935257268800232,nan,0.4019,0.04672,0.0,0.0,0.0,0.0,0.0,0.0,0.0,0.0,0.0,0.0,0.0,0.0,0.0,0.0,0.0,0.0,0.0,0.0,0.0,0.0,0.00011015421590226317,0.0,0.0,0.0,0.0,0.0,0.0008812337272181053,0.0001401962747846986,0.007160024033647106,0.004406168636090527,0.004996995794111756,0.011115561786501102,0.011025435609853796,0.04178850390546766,0.05104145804125776,0.040416583216503106,0.05516723412777889,0.05338473863408772,0.051602243140396555,0.08222511516122571,0.08028239535349489,0.13198477869016623,0.0845083116362908,0.09220909272982175,0.05150210294412177,0.04347085920288404,0.02153014219907871,0.015752052874023634,0.019677548567995192,0.004366112557580613,0.019807730823152413,0.012387342279190867,0.0030843180452633685,0.0015421590226316843,0.00016022431403965552,1.001401962747847e-05,0.0020829160825155215,0.0,0.00015021029441217705,3.004205888243541e-05,0.0,0.0,0.0,0.0,0.0,0.0,0.0,0.0,0.0,0.0,0.0,0.0,0.0,0.0,0.0,0.0,0.0,0.0,0.0,0.0,0.0,0.0,0.0,0.0,0.0,0.0,0.0,0.0,0.0,0.0,0.0,0.0,0.0,0.0,0.0,0.0,0.0,0.0,0.0,0.0,0.0,nan,nan,4.300245098039215,2.935257268800232,nan,0.8499552347874798,0.03513818824529517,0.0,0.0,0.0,0.0,0.0,0.0,0.0,0.0,0.0,0.0,0.0,0.0,0.0,0.0,0.0,0.0,0.0,0.0,0.0,0.0,0.0,0.057982218786238895,0.37108620023192895,1.6350985697719316,6.5983764978739865,12.732895245458062,6.7027444916892165,1.472748357170468,0.25512176265945113,0.1739466563587167,0.8497444847575447,0.034902340135331986,0.0,0.0,0.0,0.0,0.0,0.0,0.0,0.0,0.0,0.0,0.0,0.0,0.0,0.0,0.0,0.0,0.0,0.0,0.0,0.0,0.0,0.08728179551122196,0.34912718204488785,1.546134663341641,6.421446384039902,13.229426433915215,6.508728179551124,1.3341645885286786,0.38653366583541154,0.13715710723192023,0.402,0.00965,0.0,0.0,0.0,0.0,0.0,0.0,0.0,0.0,0.0,0.0,0.0,12.396598376497856,17.55701584847314,0.04638577502899112,0.0,0.0,0.0,0.0,0.0,0.0,0.0,0.0,0.0,0.0,0.0,0.0,0.0,0.0,0.0,0.0,0.4019,0.00959,0.0,0.0,0.0,0.0,0.0,0.0,0.0,0.0,0.0,0.0,0.0,12.793017456359085,17.182044887780553,0.024937655860349132,0.0,0.0,0.0,0.0,0.0,0.0,0.0,0.0,0.0,0.0,0.0,0.0,0.0,0.0,0.0,0.0
35100,4822,2485,0.515346329323932,1162,999,0.4481542928245541,1363,0.5653255910410618,0.414,2.9606332905434316,3.1229531259848975,6.6947535771065185,2.209026390581087,8375.251970136873,506.46127811004624,7853.0,8866.4,8866.4,0.0,7853.0,0.0,27.80340107839071,20.888753670557552,32.83370508054523,19.125668124063875,0.14143508917461634,0.0966403981750311,0.09601824968892576,0.09228535877229366,0.07590211530485276,0.07631688096225632,0.06615512235586893,0.06864371630029034,0.056200746578183323,0.05184570717544587,0.045416839485690585,0.03919535462463708,0.03318125259228536,0.02488593944421402,0.01659062629614268,0.011613438407299876,0.0076731646619659895,0.8506149950239086,0.03540936020253593,0.0,0.0,0.0,0.0,0.0,0.0,0.0,0.0,0.0,0.0,0.0,0.0,0.0,0.0,0.0,0.0,0.0,0.0,0.0,0.0,0.0062214848610535065,0.10576524263790961,0.3048527581916218,1.486934881791783,6.613438407299877,12.735379510576527,6.650767316466198,1.549149730402323,0.3981750311074244,0.14931563666528413,4.2630718954248366,2.880134070282997,3.652173913043478,2.5810125355923184,0.8567000516606396,4.240078074170462,2.854576755307091,4.276843467011643,2.901967815669528,1.008670923553306,0.4014,0.00949,0.0,0.0,0.0,0.0,0.0,0.0,0.0,0.0,0.0,0.0,0.018664454583160517,13.357527996681855,16.617586063873915,0.0062214848610535065,0.0,0.0,0.0,0.0,0.0,0.0,0.0,0.0,0.0,0.0,0.0,0.0,0.0,0.0,0.0,0.0,nan,nan,4.258514433992864,2.878497688824758,nan,0.4014,0.04712,0.0,0.0,0.0,0.0,0.0,0.0,0.0,0.0,0.0,0.0,0.0,0.0,0.0,0.0,0.0,0.0,0.0,0.0,0.0,0.0,0.00013479883865615927,0.0,0.0,0.0,0.0,6.221484861053504e-05,0.00100580671920365,2.0738282870178348e-05,0.007486520116134384,0.00478017420157611,0.005889672335130651,0.012463708004977187,0.011976358357527996,0.04263790958108669,0.05192866030692659,0.041144753214433845,0.05443799253421817,0.05348403152218996,0.052550808793031936,0.07636872666943177,0.08367897138116964,0.13012235586893406,0.08201990875155538,0.09231646619659892,0.05097469929489838,0.04610120282040647,0.021173786810452094,0.01621733720447947,0.01771049357113231,0.003878058896723351,0.020292409788469516,0.012028204064703443,0.00326627955205309,0.001182082123600166,0.00011406055578598092,6.221484861053504e-05,0.0023123185400248858,0.0,0.00017627540439651596,0.0,0.0,0.0,0.0,0.0,0.0,0.0,0.0,0.0,0.0,0.0,0.0,0.0,0.0,0.0,0.0,0.0,0.0,0.0,0.0,0.0,0.0,0.0,0.0,0.0,0.0,0.0,0.0,0.0,0.0,0.0,0.0,0.0,0.0,0.0,0.0,0.0,0.0,0.0,0.0,0.0,0.0,nan,nan,4.258514433992864,2.878497688824758,nan,0.8510626659786678,0.03542977507937653,0.0,0.0,0.0,0.0,0.0,0.0,0.0,0.0,0.0,0.0,0.0,0.0,0.0,0.0,0.0,0.0,0.0,0.0,0.0,0.0,0.012072434607645878,0.12072434607645878,0.2655935613682093,1.4124748490945631,6.627766599597587,12.808853118712276,6.53118712273642,1.6418511066398394,0.42253521126760574,0.15694164989939643,0.8501389734909276,0.035381426419767055,0.0,0.0,0.0,0.0,0.0,0.0,0.0,0.0,0.0,0.0,0.0,0.0,0.0,0.0,0.0,0.0,0.0,0.0,0.0,0.0,0.0,0.08985879332477538,0.3465982028241336,1.5661103979460798,6.598202824133506,12.65725288831836,6.777920410783056,1.4505776636713739,0.3722721437740694,0.141206675224647,0.4011,0.00963,0.0,0.0,0.0,0.0,0.0,0.0,0.0,0.0,0.0,0.0,0.036217303822937634,13.37625754527161,16.57545271629779,0.012072434607645878,0.0,0.0,0.0,0.0,0.0,0.0,0.0,0.0,0.0,0.0,0.0,0.0,0.0,0.0,0.0,0.0,0.4014,0.00935,0.0,0.0,0.0,0.0,0.0,0.0,0.0,0.0,0.0,0.0,0.0,13.337612323491637,16.66238767650835,0.0,0.0,0.0,0.0,0.0,0.0,0.0,0.0,0.0,0.0,0.0,0.0,0.0,0.0,0.0,0.0,0.0
35200,4812,2454,0.5099750623441397,1191,963,0.4476309226932668,1377,0.5723192019950125,0.39799999999999996,2.9732824427480917,3.0540311653179484,6.354570637119114,2.1920373139457774,8369.80872817955,506.59915477090146,7853.0,8866.4,8866.399999999998,1.8189894035458565e-12,7853.0,0.0,28.80631753948462,21.14254892119295,33.66904001964154,19.328284567512178,0.13487115544472153,0.09372402327514547,0.09081463009143807,0.08686616791354947,0.07709891936824605,0.07065669160432253,0.0743973399833749,0.06359102244389027,0.05881130507065669,0.054655029093931835,0.04945968412302577,0.04197838736492103,0.0369908561928512,0.025768911055694097,0.020157938487115546,0.014754779717373233,0.005403158769742311,0.8500861924014682,0.03427392062805642,0.0,0.0,0.0,0.0,0.0,0.0,0.0,0.0,0.0,0.0,0.0,0.0,0.0,0.0,0.0,0.0,0.0,0.0,0.0,0.0,0.006234413965087283,0.056109725685785546,0.3366583541147133,1.5648379052369028,6.745635910224441,12.73690773067332,6.427680798004989,1.7518703241895266,0.2930174563591023,0.08104738154613468,4.156576862123614,2.8374142282036194,4.0,2.5,0.9623303339942045,4.134480560866794,2.8992674622220957,4.17665418227216,2.7721423709569,1.0102004643109326,0.401,0.00931,0.0,0.0,0.0,0.0,0.0,0.0,0.0,0.0,0.0,0.0,0.0,14.064837905236887,15.92269326683292,0.012468827930174566,0.0,0.0,0.0,0.0,0.0,0.0,0.0,0.0,0.0,0.0,0.0,0.0,0.0,0.0,0.0,0.0,nan,nan,4.155786818038473,2.8358342040550193,nan,0.401,0.04715,0.0,0.0,0.0,0.0,0.0,0.0,0.0,0.0,0.0,0.0,0.0,0.0,0.0,0.0,0.0,0.0,0.0,0.0,0.0,0.0,2.0781379883624272e-05,0.0,0.0,0.0,0.0,0.0001454696591853699,0.0017871986699916874,4.1562759767248545e-05,0.007190357439733998,0.005018703241895262,0.005891521197007481,0.013622194513715711,0.01148171238570241,0.04261221945137157,0.051579384871155445,0.0434954280964256,0.05608894430590191,0.05339775561097257,0.04980257689110557,0.07274522028262677,0.08522443890274314,0.12985245220282626,0.08319825436408977,0.09448254364089775,0.05069617622610141,0.045168329177057355,0.02081255195344971,0.01576267664172901,0.017362842892768078,0.004239401496259352,0.02023067331670823,0.011855777223607648,0.0028158769742310887,0.0010806317539484621,5.195344970906068e-05,7.273482959268495e-05,0.001974231088944306,0.0,0.0001974231088944306,0.0,0.0,0.0,0.0,0.0,0.0,0.0,0.0,0.0,0.0,0.0,0.0,0.0,0.0,0.0,0.0,0.0,0.0,0.0,0.0,0.0,0.0,0.0,0.0,0.0,0.0,0.0,0.0,0.0,0.0,0.0,0.0,0.0,0.0,0.0,0.0,0.0,0.0,0.0,0.0,0.0,0.0,nan,nan,4.155786818038473,2.8358342040550193,nan,0.8499323470911168,0.03415199560518944,0.0,0.0,0.0,0.0,0.0,0.0,0.0,0.0,0.0,0.0,0.0,0.0,0.0,0.0,0.0,0.0,0.0,0.0,0.0,0.0,0.0,0.024449877750611252,0.3789731051344744,1.5770171149144205,6.907090464547679,12.481662591687044,6.430317848410759,1.8826405867970664,0.2322738386308069,0.08557457212713938,0.850246301134124,0.03439962001380072,0.0,0.0,0.0,0.0,0.0,0.0,0.0,0.0,0.0,0.0,0.0,0.0,0.0,0.0,0.0,0.0,0.0,0.0,0.0,0.0,0.012722646310432573,0.08905852417302801,0.29262086513994917,1.5521628498727686,6.577608142493641,13.00254452926209,6.424936386768449,1.6157760814249367,0.35623409669211203,0.07633587786259544,0.401,0.00919,0.0,0.0,0.0,0.0,0.0,0.0,0.0,0.0,0.0,0.0,0.0,14.095354523227362,15.892420537897314,0.012224938875305626,0.0,0.0,0.0,0.0,0.0,0.0,0.0,0.0,0.0,0.0,0.0,0.0,0.0,0.0,0.0,0.0,0.401,0.00942,0.0,0.0,0.0,0.0,0.0,0.0,0.0,0.0,0.0,0.0,0.0,14.033078880407103,15.954198473282446,0.012722646310432573,0.0,0.0,0.0,0.0,0.0,0.0,0.0,0.0,0.0,0.0,0.0,0.0,0.0,0.0,0.0,0.0
35300,4608,2417,0.5245225694444444,1142,940,0.4518229166666667,1261,0.5473090277777778,0.43,2.901414879050662,3.1248701014626974,6.640809443507589,2.278461512924997,8384.551171874999,506.09021849512067,7853.0,8866.4,8866.4,0.0,7853.0,0.0,27.893446180555557,20.813004050424972,32.85418821096174,19.032029296136624,0.14192708333333334,0.0954861111111111,0.09266493055555555,0.09244791666666667,0.0779079861111111,0.07291666666666667,0.068359375,0.06705729166666667,0.059027777777777776,0.055338541666666664,0.04600694444444445,0.036675347222222224,0.032552083333333336,0.026475694444444444,0.018663194444444444,0.010633680555555556,0.005859375,0.8491793091589999,0.0346317406263594,0.0,0.0,0.0,0.0,0.0,0.0,0.0,0.0,0.0,0.0,0.0,0.0,0.0,0.0,0.0,0.0,0.0,0.0,0.0,0.006510416666666668,0.02604166666666667,0.07812500000000001,0.29296875000000006,1.5364583333333286,7.044270833333335,12.812500000000004,6.106770833333335,1.7317708333333337,0.31901041666666674,0.04557291666666668,4.1834239130434785,2.9639449722554905,3.84,2.708209740769721,0.9179084118220201,4.164642375168691,2.9537399678848604,4.196368527236046,2.9702243931325403,1.0076179775378837,0.4011,0.00968,0.0,0.0,0.0,0.0,0.0,0.0,0.0,0.0,0.0,0.0,0.006510416666666668,13.710937499999979,16.282552083333336,0.0,0.0,0.0,0.0,0.0,0.0,0.0,0.0,0.0,0.0,0.0,0.0,0.0,0.0,0.0,0.0,0.0,nan,nan,4.180532165712361,2.962050005569254,nan,0.4011,0.0478,0.0,0.0,0.0,0.0,0.0,0.0,0.0,0.0,0.0,0.0,0.0,0.0,0.0,0.0,0.0,0.0,0.0,0.0,0.0,0.0,0.0,0.0,0.0,0.0,9.765625e-05,0.00013020833333333333,0.002864583333333333,2.170138888888889e-05,0.007237413194444445,0.004969618055555555,0.006944444444444444,0.01384548611111111,0.012141927083333334,0.04345703125,0.05021701388888889,0.04365234375,0.05366753472222222,0.05294053819444444,0.04890407986111111,0.07112630208333333,0.08459201388888889,0.1305447048611111,0.08451605902777778,0.09116753472222222,0.05103081597222222,0.04679904513888889,0.022526041666666666,0.015831163194444445,0.01644965277777778,0.0043294270833333336,0.02097439236111111,0.012358940972222222,0.0029188368055555556,0.0010416666666666667,5.425347222222222e-05,7.595486111111111e-05,0.0023328993055555555,0.00011935763888888888,0.00010850694444444444,1.0850694444444445e-05,0.0,0.0,0.0,0.0,0.0,0.0,0.0,0.0,0.0,0.0,0.0,0.0,0.0,0.0,0.0,0.0,0.0,0.0,0.0,0.0,0.0,0.0,0.0,0.0,0.0,0.0,0.0,0.0,0.0,0.0,0.0,0.0,0.0,0.0,0.0,0.0,0.0,0.0,0.0,0.0,0.0,nan,nan,4.180532165712361,2.962050005569254,nan,0.848722878817344,0.035157235137012806,0.0,0.0,0.0,0.0,0.0,0.0,0.0,0.0,0.0,0.0,0.0,0.0,0.0,0.0,0.0,0.0,0.0,0.0,0.0,0.0,0.024824162184526277,0.07447248655357883,0.35995035167563105,1.6880430285477812,6.963177492759621,12.747207281754244,6.069507654116675,1.6756309474555238,0.3475382705833679,0.04964832436905255,0.8496828199466686,0.03403553330640583,0.0,0.0,0.0,0.0,0.0,0.0,0.0,0.0,0.0,0.0,0.0,0.0,0.0,0.0,0.0,0.0,0.0,0.0,0.0,0.013692377909630309,0.027384755819260618,0.08215426745778184,0.21907804655408494,1.3692377909630262,7.133728890917391,12.88452761296212,6.147877681424009,1.7937015061615704,0.2875399361022365,0.04107713372889092,0.4011,0.00969,0.0,0.0,0.0,0.0,0.0,0.0,0.0,0.0,0.0,0.0,0.0,13.529168390566799,16.470831609433183,0.0,0.0,0.0,0.0,0.0,0.0,0.0,0.0,0.0,0.0,0.0,0.0,0.0,0.0,0.0,0.0,0.0,0.401,0.009674,0.0,0.0,0.0,0.0,0.0,0.0,0.0,0.0,0.0,0.0,0.013692377909630309,13.911455956184371,16.07485166590598,0.0,0.0,0.0,0.0,0.0,0.0,0.0,0.0,0.0,0.0,0.0,0.0,0.0,0.0,0.0,0.0,0.0
35400,4814,2532,0.5259659326963024,1234,937,0.45097631906938096,1320,0.5484004985459078,0.422,3.049517966695881,3.168051269692221,6.683183183183183,2.2314136066990446,8386.013876194433,506.01627436242,7853.0,8866.4,8866.4,0.0,7853.0,0.0,28.432904029912756,20.90534898345388,33.306273062730625,19.087818607616466,0.13689239717490653,0.0943082675529705,0.09555463232239302,0.082675529705027,0.07706688824262567,0.07166597424179477,0.0751973410884919,0.0656418778562526,0.05837141670128791,0.05754050685500623,0.04777731616119651,0.03946821769837973,0.03489821354383049,0.02762775238886581,0.018487744079767346,0.01017864561695056,0.006647278770253427,0.8495144477562138,0.03573448369125887,0.0,0.0,0.0,0.0,0.0,0.0,0.0,0.0,0.0,0.0,0.0,0.0,0.0,0.0,0.0,0.0,0.0,0.0,0.0,0.00623182384711259,0.02492729538845036,0.11217282924802661,0.3365184877440799,1.6576651433319434,6.730369754881597,12.775238886580809,6.275446614042378,1.5891150810137105,0.3552139592854176,0.13710012463647697,4.186039065001601,2.9361282261457076,4.678571428571429,2.9887117557877128,1.1176607183835825,4.1829814459373,2.9264460645010595,4.197732997481109,2.947260162888997,1.0035265639435564,0.4011,0.00997,0.0,0.0,0.0,0.0,0.0,0.0,0.0,0.0,0.0,0.0,0.018695471541337768,13.753635230577462,16.19651017864562,0.031159119235562947,0.0,0.0,0.0,0.0,0.0,0.0,0.0,0.0,0.0,0.0,0.0,0.0,0.0,0.0,0.0,0.0,nan,nan,4.190415741034593,2.936963381663082,nan,0.4011,0.04785,0.0,0.0,0.0,0.0,0.0,0.0,0.0,0.0,0.0,0.0,0.0,0.0,0.0,0.0,0.0,0.0,0.0,0.0,0.0,0.0,0.0,0.0,0.0,0.0,0.0001038637307852098,9.347735770668883e-05,0.003250934773577067,1.038637307852098e-05,0.00784171167428334,0.004725799750727046,0.006823847112588284,0.012827170751973411,0.010749896136269215,0.045201495637723306,0.050270045700041545,0.043134607395097634,0.057363938512671374,0.05126713751557956,0.04785002077274616,0.07083506439551308,0.08402575820523474,0.12967386788533444,0.08693394266722061,0.08902160365600333,0.050789364353967595,0.048483589530535935,0.02413793103448276,0.014572081429164935,0.015008309098462817,0.00487120897382634,0.020533859576235977,0.013273784794349814,0.0020253427503115914,0.0015579559617781471,7.270461154964686e-05,7.270461154964686e-05,0.0024200249272953883,0.00011425010386373078,6.231823847112588e-05,0.0,0.0,0.0,0.0,0.0,0.0,0.0,0.0,0.0,0.0,0.0,0.0,0.0,0.0,0.0,0.0,0.0,0.0,0.0,0.0,0.0,0.0,0.0,0.0,0.0,0.0,0.0,0.0,0.0,0.0,0.0,0.0,0.0,0.0,0.0,0.0,0.0,0.0,0.0,0.0,0.0,0.0,nan,nan,4.190415741034593,2.936963381663082,nan,0.8494389195106983,0.03554956136570989,0.0,0.0,0.0,0.0,0.0,0.0,0.0,0.0,0.0,0.0,0.0,0.0,0.0,0.0,0.0,0.0,0.0,0.0,0.0,0.01184834123222749,0.01184834123222749,0.1184834123222749,0.35545023696682476,1.6706161137440707,6.836492890995262,12.405213270142182,6.575829383886258,1.5995260663507112,0.26066350710900477,0.15402843601895738,0.8495982503493975,0.03593836547389454,0.0,0.0,0.0,0.0,0.0,0.0,0.0,0.0,0.0,0.0,0.0,0.0,0.0,0.0,0.0,0.0,0.0,0.0,0.0,0.0,0.039439088518843125,0.10517090271691501,0.315512708150745,1.6432953549517915,6.612620508326032,13.18580192813322,5.942156003505699,1.5775635407537252,0.4601226993865032,0.11831726555652938,0.401,0.009796,0.0,0.0,0.0,0.0,0.0,0.0,0.0,0.0,0.0,0.0,0.02369668246445498,13.992890995260643,15.95971563981043,0.02369668246445498,0.0,0.0,0.0,0.0,0.0,0.0,0.0,0.0,0.0,0.0,0.0,0.0,0.0,0.0,0.0,0.0,0.4014,0.01016,0.0,0.0,0.0,0.0,0.0,0.0,0.0,0.0,0.0,0.0,0.013146362839614376,13.488168273444328,16.4592462751972,0.039439088518843125,0.0,0.0,0.0,0.0,0.0,0.0,0.0,0.0,0.0,0.0,0.0,0.0,0.0,0.0,0.0,0.0
35500,4682,2493,0.5324647586501495,1197,923,0.4527979495941905,1269,0.5420760358821016,0.434,3.1425308359981727,3.1907193524212203,6.76517571884984,2.234095663926807,8392.599786416062,505.63078827715515,7853.0,8866.4,8866.4,0.0,7853.0,0.0,28.403887227680478,21.02620996773082,33.509429153924565,19.128626331804927,0.14224690303289192,0.09440410081161897,0.0914139256727894,0.0813754805638616,0.07817172148654421,0.07133703545493379,0.0672789406236651,0.07454079453225118,0.05852199914566424,0.05296881674498078,0.046347714651858184,0.0457069628363947,0.03438701409653994,0.027552328064929518,0.01751388295600171,0.007902605724049551,0.008329773601025202,0.852152123633535,0.03522399284959311,0.0,0.0,0.0,0.0,0.0,0.0,0.0,0.0,0.0,0.0,0.0,0.0,0.0,0.0,0.0,0.0,0.0,0.0,0.0,0.0,0.0,0.025630072618539092,0.3588210166595473,1.396838957710376,6.099957283212304,12.956001708671511,6.939342161469459,1.69158479282358,0.28193079880393,0.24989320803075613,4.262566137566138,2.9594661639871056,3.8181818181818183,3.0545995666202623,0.8957472318217081,4.261159227181879,2.9947350628336764,4.257605177993527,2.9266627381075034,0.9991659431157418,0.4006,0.00999,0.0,0.0,0.0,0.0,0.0,0.0,0.0,0.0,0.0,0.0,0.006407518154634773,14.365655702691136,15.595899188381036,0.03203759077317386,0.0,0.0,0.0,0.0,0.0,0.0,0.0,0.0,0.0,0.0,0.0,0.0,0.0,0.0,0.0,0.0,nan,nan,4.259356533158241,2.9604034002903648,nan,0.4006,0.04858,0.0,0.0,0.0,0.0,0.0,0.0,0.0,0.0,0.0,0.0,0.0,0.0,0.0,0.0,0.0,0.0,0.0,0.0,0.0,0.0,0.0,0.0,0.0,0.0,2.135839384878257e-05,0.00011747116616830415,0.004015378043571123,1.0679196924391286e-05,0.008287056813327637,0.005585219991456642,0.007742417770183682,0.01253737718923537,0.012142246903032892,0.04503417343015805,0.04974369927381461,0.04420119607005553,0.05872490388722768,0.05332123024348569,0.0470632208457924,0.07101665954720206,0.0802648440837249,0.12446604015378043,0.09132849209739427,0.08467535241349851,0.05225331055104656,0.047938914993592485,0.024028193079880394,0.015239214011106365,0.014064502349423323,0.0045386586928662966,0.019703118325501923,0.014886800512601453,0.001975651431012388,0.0020397266125587355,3.2037590773173855e-05,3.2037590773173855e-05,0.0028193079880392993,0.00010679196924391286,4.271678769756514e-05,0.0,0.0,0.0,0.0,0.0,0.0,0.0,0.0,0.0,0.0,0.0,0.0,0.0,0.0,0.0,0.0,0.0,0.0,0.0,0.0,0.0,0.0,0.0,0.0,0.0,0.0,0.0,0.0,0.0,0.0,0.0,0.0,0.0,0.0,0.0,0.0,0.0,0.0,0.0,0.0,0.0,0.0,nan,nan,4.259356533158241,2.9604034002903648,nan,0.8522442005697236,0.034924480713699864,0.0,0.0,0.0,0.0,0.0,0.0,0.0,0.0,0.0,0.0,0.0,0.0,0.0,0.0,0.0,0.0,0.0,0.0,0.0,0.0,0.0,0.04813477737665464,0.3610108303249098,1.2755716004813438,5.968712394705176,13.369434416365827,6.702767749699159,1.7809867629362217,0.2406738868832732,0.25270758122743686,0.8520472594024167,0.0355617374800119,0.0,0.0,0.0,0.0,0.0,0.0,0.0,0.0,0.0,0.0,0.0,0.0,0.0,0.0,0.0,0.0,0.0,0.0,0.0,0.0,0.0,0.0,0.35632708999543183,1.534947464595701,6.249428962996804,12.485153037916861,7.20877112836912,1.5897670169026956,0.328917313841937,0.24668798538145276,0.4006,0.009964,0.0,0.0,0.0,0.0,0.0,0.0,0.0,0.0,0.0,0.0,0.01203369434416366,14.356197352587223,15.595667870036104,0.03610108303249098,0.0,0.0,0.0,0.0,0.0,0.0,0.0,0.0,0.0,0.0,0.0,0.0,0.0,0.0,0.0,0.0,0.4004,0.01001,0.0,0.0,0.0,0.0,0.0,0.0,0.0,0.0,0.0,0.0,0.0,14.376427592507975,15.596162631338514,0.027409776153494752,0.0,0.0,0.0,0.0,0.0,0.0,0.0,0.0,0.0,0.0,0.0,0.0,0.0,0.0,0.0,0.0
35600,4675,2411,0.5157219251336899,1116,981,0.4485561497326203,1324,0.5664171122994652,0.434,2.9231448763250882,3.063854244346646,6.550653594771242,2.105637367435493,8375.632598930482,506.44944692567316,7853.0,8866.4,8866.4,0.0,7853.0,0.0,27.50631016042781,20.686581787821503,32.395105786387965,18.993750974930002,0.14032085561497326,0.09967914438502674,0.09818181818181818,0.09390374331550802,0.0772192513368984,0.07636363636363637,0.06887700534759358,0.06310160427807486,0.056898395721925135,0.048983957219251334,0.04641711229946524,0.04,0.035080213903743315,0.021176470588235293,0.017754010695187165,0.008983957219251337,0.007058823529411765,0.8535190838415992,0.03415926217065368,0.0,0.0,0.0,0.0,0.0,0.0,0.0,0.0,0.0,0.0,0.0,0.0,0.0,0.0,0.0,0.0,0.0,0.0,0.0,0.0,0.0064171122994652425,0.08342245989304815,0.22459893048128346,1.3155080213903703,5.942245989304815,12.795721925133693,7.219251336898397,1.9251336898395726,0.39144385026737977,0.09625668449197863,4.236143768894861,2.890626955464102,4.857142857142857,2.4159335036125373,1.1465953759189822,4.287929871881322,2.895115744684918,4.193098871930989,2.8817445027407205,0.977884199885777,0.4006,0.00998,0.0,0.0,0.0,0.0,0.0,0.0,0.0,0.0,0.0,0.0,0.019251336898395723,14.201069518716556,15.766844919786099,0.012834224598930485,0.0,0.0,0.0,0.0,0.0,0.0,0.0,0.0,0.0,0.0,0.0,0.0,0.0,0.0,0.0,0.0,nan,nan,4.239050484787697,2.8888977410540284,nan,0.4006,0.04892,0.0,0.0,0.0,0.0,0.0,0.0,0.0,0.0,0.0,0.0,0.0,0.0,0.0,0.0,0.0,0.0,0.0,0.0,0.0,0.0,0.0,0.0,0.0,0.0,5.3475935828877e-05,0.00017112299465240642,0.004513368983957219,1.0695187165775402e-05,0.008588235294117647,0.006267379679144385,0.007711229946524064,0.012385026737967915,0.011401069518716578,0.04724064171122995,0.04935828877005347,0.04290909090909091,0.05564705882352941,0.05647058823529412,0.04489839572192513,0.07106951871657755,0.07866310160427807,0.12405347593582888,0.09440641711229947,0.08657754010695187,0.04821390374331551,0.04596791443850268,0.025893048128342245,0.01760427807486631,0.013368983957219251,0.004887700534759358,0.018545454545454546,0.015786096256684493,0.0020320855614973264,0.0024705882352941176,9.625668449197861e-05,3.20855614973262e-05,0.0023957219251336897,0.00026737967914438503,4.2780748663101606e-05,0.0,0.0,0.0,0.0,0.0,0.0,0.0,0.0,0.0,0.0,0.0,0.0,0.0,0.0,0.0,0.0,0.0,0.0,0.0,0.0,0.0,0.0,0.0,0.0,0.0,0.0,0.0,0.0,0.0,0.0,0.0,0.0,0.0,0.0,0.0,0.0,0.0,0.0,0.0,0.0,0.0,0.0,nan,nan,4.239050484787697,2.8888977410540284,nan,0.8528046538996924,0.034090687843799164,0.0,0.0,0.0,0.0,0.0,0.0,0.0,0.0,0.0,0.0,0.0,0.0,0.0,0.0,0.0,0.0,0.0,0.0,0.0,0.0,0.012442969722107013,0.0995437577768561,0.1990875155537122,1.294068851099125,6.097055163832437,12.940688510991293,7.067606802156783,1.7669017005391958,0.44794690999585246,0.07465781833264207,0.8542799012399815,0.034215740156528215,0.0,0.0,0.0,0.0,0.0,0.0,0.0,0.0,0.0,0.0,0.0,0.0,0.0,0.0,0.0,0.0,0.0,0.0,0.0,0.0,0.0,0.06625441696113075,0.2517667844522969,1.3383392226148367,5.777385159010603,12.641342756183748,7.3807420494699665,2.0936395759717317,0.3312720848056538,0.11925795053003536,0.4004,0.00978,0.0,0.0,0.0,0.0,0.0,0.0,0.0,0.0,0.0,0.0,0.024885939444214026,14.30941518042304,15.653255910410621,0.012442969722107013,0.0,0.0,0.0,0.0,0.0,0.0,0.0,0.0,0.0,0.0,0.0,0.0,0.0,0.0,0.0,0.0,0.4006,0.010185,0.0,0.0,0.0,0.0,0.0,0.0,0.0,0.0,0.0,0.0,0.013250883392226152,14.085689045936375,15.887809187279155,0.013250883392226152,0.0,0.0,0.0,0.0,0.0,0.0,0.0,0.0,0.0,0.0,0.0,0.0,0.0,0.0,0.0,0.0
35700,4896,2550,0.5208333333333334,1200,982,0.4456699346405229,1376,0.5620915032679739,0.40199999999999997,3.0349531116794544,3.063071986346209,6.443820224719101,2.0878705379910856,8380.8125,506.2599651796988,7853.0,8866.4,8866.399999999998,1.8189894035458565e-12,7853.0,0.0,28.763684640522875,21.173505066841937,33.70029027576197,19.333598122561146,0.13623366013071894,0.09272875816993464,0.08598856209150327,0.09089052287581699,0.08047385620915033,0.07169117647058823,0.06801470588235294,0.06372549019607843,0.061274509803921566,0.06004901960784314,0.046772875816993464,0.041870915032679736,0.030433006535947712,0.028186274509803922,0.019812091503267973,0.014093137254901961,0.007761437908496732,0.8523410907976963,0.03415998745404389,0.0,0.0,0.0,0.0,0.0,0.0,0.0,0.0,0.0,0.0,0.0,0.0,0.0,0.0,0.0,0.0,0.0,0.0,0.0,0.012254901960784317,0.0061274509803921585,0.024509803921568634,0.16544117647058829,1.4522058823529367,6.3174019607843155,12.898284313725494,6.862745098039217,1.740196078431373,0.41666666666666674,0.10416666666666669,4.209375,2.808119853100113,4.25,2.277608394786075,1.0096510764662212,4.224907063197026,2.793087450627391,4.193992490613266,2.819548061131423,0.992682780444319,0.4006,0.01024,0.0,0.0,0.0,0.0,0.0,0.0,0.0,0.0,0.0,0.0,0.03063725490196079,14.40563725490194,15.539215686274513,0.024509803921568634,0.0,0.0,0.0,0.0,0.0,0.0,0.0,0.0,0.0,0.0,0.0,0.0,0.0,0.0,0.0,0.0,nan,nan,4.209526774595267,2.8063256069852893,nan,0.4006,0.04907,0.0,0.0,0.0,0.0,0.0,0.0,0.0,0.0,0.0,0.0,0.0,0.0,0.0,0.0,0.0,0.0,0.0,0.0,0.0,0.0,0.0,0.0,0.0,0.0,0.00015318627450980392,0.00030637254901960784,0.004748774509803921,5.1062091503267975e-05,0.009099264705882354,0.0054023692810457515,0.007863562091503268,0.011938316993464052,0.012959558823529413,0.04717116013071895,0.049979575163398696,0.039797794117647056,0.05684232026143791,0.05709763071895425,0.04284109477124183,0.07190563725490196,0.0754391339869281,0.12463235294117647,0.09738562091503268,0.08727532679738562,0.04835580065359477,0.04625204248366013,0.024928513071895426,0.016697303921568627,0.014042075163398693,0.005157271241830065,0.018137254901960786,0.015522875816993464,0.0026348039215686276,0.0022773692810457518,9.191176470588235e-05,5.1062091503267975e-05,0.0026552287581699347,0.0002042483660130719,0.00010212418300653595,0.0,0.0,0.0,0.0,0.0,0.0,0.0,0.0,0.0,0.0,0.0,0.0,0.0,0.0,0.0,0.0,0.0,0.0,0.0,0.0,0.0,0.0,0.0,0.0,0.0,0.0,0.0,0.0,0.0,0.0,0.0,0.0,0.0,0.0,0.0,0.0,0.0,0.0,0.0,0.0,0.0,0.0,nan,nan,4.209526774595267,2.8063256069852893,nan,0.8525429802081165,0.03479053189911068,0.0,0.0,0.0,0.0,0.0,0.0,0.0,0.0,0.0,0.0,0.0,0.0,0.0,0.0,0.0,0.0,0.0,0.0,0.0,0.011764705882352944,0.011764705882352944,0.03529411764705883,0.1882352941176471,1.4117647058823486,6.305882352941178,12.835294117647061,6.941176470588236,1.6352941176470592,0.4588235294117648,0.16470588235294123,0.85212164578637,0.033459757358832706,0.0,0.0,0.0,0.0,0.0,0.0,0.0,0.0,0.0,0.0,0.0,0.0,0.0,0.0,0.0,0.0,0.0,0.0,0.0,0.012787723785166244,0.0,0.012787723785166244,0.14066496163682868,1.4961636828644456,6.329923273657291,12.966751918158572,6.777493606138109,1.8542199488491053,0.3708439897698211,0.03836317135549873,0.4006,0.01031,0.0,0.0,0.0,0.0,0.0,0.0,0.0,0.0,0.0,0.0,0.02352941176470589,14.552941176470569,15.411764705882355,0.011764705882352944,0.0,0.0,0.0,0.0,0.0,0.0,0.0,0.0,0.0,0.0,0.0,0.0,0.0,0.0,0.0,0.0,0.4006,0.01017,0.0,0.0,0.0,0.0,0.0,0.0,0.0,0.0,0.0,0.0,0.03836317135549873,14.24552429667517,15.677749360613813,0.03836317135549873,0.0,0.0,0.0,0.0,0.0,0.0,0.0,0.0,0.0,0.0,0.0,0.0,0.0,0.0,0.0,0.0
35800,4984,2580,0.5176565008025682,1227,979,0.4426163723916533,1355,0.5437399678972713,0.414,2.9267886855241265,3.076744044237163,6.514749262536873,2.1442632895996763,8377.593097913323,506.3839719492157,7853.0,8866.4,8866.399999999998,1.8189894035458565e-12,7853.0,0.0,27.448635634028893,20.690860969834386,32.41934709553529,18.999951996200444,0.14125200642054575,0.1007223113964687,0.0981139646869984,0.09329855537720706,0.07885232744783306,0.0764446227929374,0.06601123595505617,0.062199036918138044,0.059791332263242375,0.049357945425361156,0.04333868378812199,0.036115569823434994,0.03591492776886036,0.025682182985553772,0.014646869983948636,0.013443017656500803,0.004815409309791332,0.8514299638581314,0.03471066475016321,0.0,0.0,0.0,0.0,0.0,0.0,0.0,0.0,0.0,0.0,0.0,0.0,0.0,0.0,0.0,0.0,0.0,0.0,0.0,0.0,0.024077046548956666,0.04213483146067417,0.31902086677367586,1.4205457463884386,6.326243980738364,13.140048154093101,6.57303370786517,1.6071428571428574,0.40329052969502416,0.14446227929374,4.218372536554355,2.9024716031869784,4.944444444444445,2.5921295882862676,1.1721213339026615,4.299298021697511,2.9358846673058663,4.147150907952411,2.864987346625653,0.9646111730386565,0.4006,0.00984,0.0,0.0,0.0,0.0,0.0,0.0,0.0,0.0,0.0,0.0,0.0060192616372391665,14.247592295345084,15.74036918138042,0.0060192616372391665,0.0,0.0,0.0,0.0,0.0,0.0,0.0,0.0,0.0,0.0,0.0,0.0,0.0,0.0,0.0,0.0,nan,nan,4.222503160556258,2.9013139365570733,nan,0.4006,0.0491,0.0,0.0,0.0,0.0,0.0,0.0,0.0,0.0,0.0,0.0,0.0,0.0,0.0,0.0,0.0,0.0,0.0,0.0,0.0,0.0,0.0,0.0,0.0,0.0,3.0096308186195826e-05,0.00039125200642054576,0.0042837078651685396,3.0096308186195826e-05,0.009751203852327448,0.006019261637239166,0.00784510433386838,0.011175762439807384,0.014737158908507223,0.0487760834670947,0.048475120385232745,0.038874398073836275,0.057443820224719104,0.056841894060995185,0.04014847512038523,0.07045545746388443,0.07479935794542536,0.12517054574638845,0.09578651685393258,0.08798154093097914,0.05118378812199037,0.047301364365971106,0.02406701444622793,0.01663322632423756,0.015549759229534511,0.00583868378812199,0.018138041733547352,0.01507825040128411,0.0027287319422150884,0.0016753611556982342,0.00011035313001605137,0.00010032102728731942,0.002277287319422151,0.00030096308186195825,0.0,0.0,0.0,0.0,0.0,0.0,0.0,0.0,0.0,0.0,0.0,0.0,0.0,0.0,0.0,0.0,0.0,0.0,0.0,0.0,0.0,0.0,0.0,0.0,0.0,0.0,0.0,0.0,0.0,0.0,0.0,0.0,0.0,0.0,0.0,0.0,0.0,0.0,0.0,0.0,0.0,0.0,0.0,nan,nan,4.222503160556258,2.9013139365570733,nan,0.8508016023755998,0.03467553497515967,0.0,0.0,0.0,0.0,0.0,0.0,0.0,0.0,0.0,0.0,0.0,0.0,0.0,0.0,0.0,0.0,0.0,0.0,0.0,0.0,0.02325581395348838,0.06976744186046513,0.24418604651162795,1.546511627906972,6.511627906976746,13.081395348837212,6.395348837209304,1.5930232558139539,0.4069767441860466,0.12790697674418608,0.8521043285107652,0.03473568353558895,0.0,0.0,0.0,0.0,0.0,0.0,0.0,0.0,0.0,0.0,0.0,0.0,0.0,0.0,0.0,0.0,0.0,0.0,0.0,0.0,0.024958402662229623,0.012479201331114811,0.39933444259567397,1.2853577371048213,6.127287853577372,13.202995008319471,6.763727121464227,1.6222961730449255,0.39933444259567397,0.16222961730449256,0.4004,0.01002,0.0,0.0,0.0,0.0,0.0,0.0,0.0,0.0,0.0,0.0,0.0,14.49999999999998,15.500000000000004,0.0,0.0,0.0,0.0,0.0,0.0,0.0,0.0,0.0,0.0,0.0,0.0,0.0,0.0,0.0,0.0,0.0,0.401,0.00965,0.0,0.0,0.0,0.0,0.0,0.0,0.0,0.0,0.0,0.0,0.012479201331114811,13.976705490848564,15.998336106489187,0.012479201331114811,0.0,0.0,0.0,0.0,0.0,0.0,0.0,0.0,0.0,0.0,0.0,0.0,0.0,0.0,0.0,0.0
35900,4800,2505,0.521875,1179,971,0.4479166666666667,1338,0.5575,0.422,2.9010893246187366,3.032614816624103,6.35,2.2077986774160365,8381.868125,506.2148399977861,7853.0,8866.4,8866.4,0.0,7853.0,0.0,28.387291666666666,20.881506095863802,33.26283316880553,19.063689447461766,0.13729166666666667,0.09375,0.09395833333333334,0.08479166666666667,0.08291666666666667,0.06833333333333333,0.07,0.06541666666666666,0.060625,0.05541666666666667,0.046875,0.04416666666666667,0.03854166666666667,0.026041666666666668,0.014583333333333334,0.01125,0.0060416666666666665,0.8513212368140618,0.034573554543258965,0.0,0.0,0.0,0.0,0.0,0.0,0.0,0.0,0.0,0.0,0.0,0.0,0.0,0.0,0.0,0.0,0.0,0.0,0.0,0.0,0.006250000000000001,0.056250000000000015,0.25000000000000006,1.4999999999999953,6.431250000000001,12.950000000000003,6.775000000000001,1.4875000000000005,0.3812500000000001,0.16250000000000006,4.164630225080386,2.8634356022923777,4.076923076923077,2.4325212770525995,0.9789399914477122,4.140102827763497,2.9012737189915887,4.188257817485641,2.8218158174969585,1.011631351134377,0.4004,0.00995,0.0,0.0,0.0,0.0,0.0,0.0,0.0,0.0,0.0,0.0,0.012500000000000002,14.637499999999978,15.325000000000003,0.025000000000000005,0.0,0.0,0.0,0.0,0.0,0.0,0.0,0.0,0.0,0.0,0.0,0.0,0.0,0.0,0.0,0.0,nan,nan,4.164265129682997,2.861781910901458,nan,0.4004,0.0492,0.0,0.0,0.0,0.0,0.0,0.0,0.0,0.0,0.0,0.0,0.0,0.0,0.0,0.0,0.0,0.0,0.0,0.0,0.0,0.0,0.0,0.0,0.0,0.0,8.333333333333333e-05,0.0003958333333333333,0.004354166666666667,7.291666666666667e-05,0.009197916666666667,0.006197916666666667,0.008114583333333333,0.011322916666666667,0.0154375,0.04795833333333333,0.05103125,0.039572916666666666,0.05744791666666667,0.05732291666666667,0.04009375,0.07057291666666667,0.076625,0.12253125,0.09388541666666667,0.08441666666666667,0.051729166666666666,0.04869791666666667,0.0229375,0.017208333333333332,0.016104166666666666,0.0057395833333333335,0.018958333333333334,0.0155,0.0027916666666666667,0.001375,0.00010416666666666667,4.1666666666666665e-05,0.001979166666666667,0.00019791666666666666,0.0,0.0,0.0,0.0,0.0,0.0,0.0,0.0,0.0,0.0,0.0,0.0,0.0,0.0,0.0,0.0,0.0,0.0,0.0,0.0,0.0,0.0,0.0,0.0,0.0,0.0,0.0,0.0,0.0,0.0,0.0,0.0,0.0,0.0,0.0,0.0,0.0,0.0,0.0,0.0,0.0,0.0,0.0,nan,nan,4.164265129682997,2.861781910901458,nan,0.8509734094023943,0.03468933157435333,0.0,0.0,0.0,0.0,0.0,0.0,0.0,0.0,0.0,0.0,0.0,0.0,0.0,0.0,0.0,0.0,0.0,0.0,0.0,0.0,0.01197604790419162,0.0598802395209581,0.27544910179640725,1.5329341317365222,6.5988023952095824,12.610778443113775,6.826347305389223,1.604790419161677,0.3592814371257486,0.1197604790419162,0.8517008915705878,0.03444273016136687,0.0,0.0,0.0,0.0,0.0,0.0,0.0,0.0,0.0,0.0,0.0,0.0,0.0,0.0,0.0,0.0,0.0,0.0,0.0,0.0,0.0,0.05228758169934642,0.22222222222222227,1.4640522875816948,6.248366013071897,13.3202614379085,6.718954248366015,1.359477124183007,0.40522875816993476,0.20915032679738568,0.4006,0.00978,0.0,0.0,0.0,0.0,0.0,0.0,0.0,0.0,0.0,0.0,0.02395209580838324,14.119760479041895,15.856287425149704,0.0,0.0,0.0,0.0,0.0,0.0,0.0,0.0,0.0,0.0,0.0,0.0,0.0,0.0,0.0,0.0,0.0,0.4001,0.01012,0.0,0.0,0.0,0.0,0.0,0.0,0.0,0.0,0.0,0.0,0.0,15.202614379084945,14.745098039215689,0.05228758169934642,0.0,0.0,0.0,0.0,0.0,0.0,0.0,0.0,0.0,0.0,0.0,0.0,0.0,0.0,0.0,0.0
36000,4971,2596,0.5222289277811305,1231,1003,0.44940655803661234,1398,0.5624622812311406,0.414,2.96,3.0444565671846404,6.493993993993994,2.1104900217949525,8382.226795413397,506.1990058153046,7853.0,8866.4,8866.4,0.0,7853.0,0.0,28.00341983504325,20.793555387604442,33.01680268843015,18.976441567595472,0.1416214041440354,0.09877288271977469,0.09132971233152283,0.07966203983101991,0.08107020720177027,0.08107020720177027,0.07583987125326896,0.058740696037014685,0.05833836250251458,0.04868235767451217,0.04828002414001207,0.04284852142426071,0.03339368336350835,0.023938845302755984,0.02152484409575538,0.008851337759002213,0.006035003017501509,0.8505025873287801,0.034157558120727134,0.0,0.0,0.0,0.0,0.0,0.0,0.0,0.0,0.0,0.0,0.0,0.0,0.0,0.0,0.0,0.0,0.0,0.0,0.0,0.0,0.01810500905250453,0.05431502715751359,0.307785153892577,1.5208207604103754,6.590223295111649,12.576946288473147,6.928183464091734,1.5872057936028972,0.3560651780325891,0.0603500301750151,4.2422825070159025,2.862439495702417,5.083333333333333,3.0402393911591163,1.1982543182653436,4.2580049261083746,2.8762335044967275,4.232601880877743,2.850584794228611,0.9940340498258069,0.4006,0.0099,0.0,0.0,0.0,0.0,0.0,0.0,0.0,0.0,0.0,0.0,0.01207000603500302,14.091732045866003,15.878092939046473,0.01810500905250453,0.0,0.0,0.0,0.0,0.0,0.0,0.0,0.0,0.0,0.0,0.0,0.0,0.0,0.0,0.0,0.0,nan,nan,4.245417831624728,2.8635815655805352,nan,0.4006,0.0492,0.0,0.0,0.0,0.0,0.0,0.0,0.0,0.0,0.0,0.0,0.0,0.0,0.0,0.0,0.0,0.0,0.0,0.0,0.0,0.0,0.0,1.0058338362502514e-05,7.040836853751761e-05,0.0,1.0058338362502514e-05,0.0002011667672500503,0.004325085495876081,0.0,0.008911687789177229,0.005763427881713941,0.008388654194327097,0.011738080869040435,0.016535908267954133,0.046147656407161536,0.05132770066385033,0.038583785958559644,0.058056729028364513,0.05582377791188896,0.04324079662039831,0.0692013679340173,0.07255079460873064,0.1215952524642929,0.09616777308388655,0.08661235163950916,0.049134982900824783,0.05125729229531281,0.023466103399718368,0.017129350231341784,0.016727016696841682,0.0056226111446389055,0.018899617783142225,0.016254274793804063,0.003128143230738282,0.0014886340776503722,6.0350030175015085e-05,4.0233353450010056e-05,0.0014986924160128746,3.0175015087507542e-05,0.0,0.0,0.0,0.0,0.0,0.0,0.0,0.0,0.0,0.0,0.0,0.0,0.0,0.0,0.0,0.0,0.0,0.0,0.0,0.0,0.0,0.0,0.0,0.0,0.0,0.0,0.0,0.0,0.0,0.0,0.0,0.0,0.0,0.0,0.0,0.0,0.0,0.0,0.0,0.0,0.0,0.0,0.0,nan,nan,4.245417831624728,2.8635815655805352,nan,0.8505124166630816,0.034835324858200664,0.0,0.0,0.0,0.0,0.0,0.0,0.0,0.0,0.0,0.0,0.0,0.0,0.0,0.0,0.0,0.0,0.0,0.0,0.0,0.0,0.03466872110939908,0.06933744221879816,0.32357473035439144,1.548536209553154,6.587057010785826,12.238058551617877,7.164869029275811,1.6525423728813562,0.31201848998459175,0.06933744221879816,0.8504918433490553,0.03340099149522977,0.0,0.0,0.0,0.0,0.0,0.0,0.0,0.0,0.0,0.0,0.0,0.0,0.0,0.0,0.0,0.0,0.0,0.0,0.0,0.0,0.0,0.037894736842105266,0.29052631578947374,1.490526315789469,6.593684210526317,12.947368421052635,6.669473684210528,1.515789473684211,0.4042105263157896,0.0505263157894737,0.401,0.01001,0.0,0.0,0.0,0.0,0.0,0.0,0.0,0.0,0.0,0.0,0.011556240369799695,13.86748844375961,16.120955315870575,0.0,0.0,0.0,0.0,0.0,0.0,0.0,0.0,0.0,0.0,0.0,0.0,0.0,0.0,0.0,0.0,0.0,0.4006,0.009796,0.0,0.0,0.0,0.0,0.0,0.0,0.0,0.0,0.0,0.0,0.012631578947368424,14.336842105263136,15.612631578947372,0.037894736842105266,0.0,0.0,0.0,0.0,0.0,0.0,0.0,0.0,0.0,0.0,0.0,0.0,0.0,0.0,0.0,0.0
36100,4940,2551,0.5163967611336032,1223,1044,0.45890688259109313,1423,0.5761133603238866,0.39399999999999996,2.9702804520719965,3.038671494327464,6.4767616191904045,2.118098566374506,8376.316477732793,506.42747029338307,7853.0,8866.4,8866.399999999998,1.8189894035458565e-12,7853.0,0.0,28.01093117408907,20.75626538118576,32.9556733317273,18.94830510668575,0.1408906882591093,0.09696356275303644,0.08623481781376519,0.0874493927125506,0.0860323886639676,0.07469635627530365,0.07105263157894737,0.06558704453441296,0.056882591093117406,0.05465587044534413,0.048582995951417005,0.04068825910931174,0.03279352226720648,0.02368421052631579,0.015587044534412956,0.009919028340080972,0.008299595141700405,0.8498326172230215,0.03345864268365291,0.0,0.0,0.0,0.0,0.0,0.0,0.0,0.0,0.0,0.0,0.0,0.0,0.0,0.0,0.0,0.0,0.0,0.0,0.0,0.0,0.0,0.02429149797570851,0.3582995951417005,1.603238866396756,6.582995951417005,12.777327935222676,6.9170040485829976,1.3603238866396765,0.30971659919028344,0.06680161943319839,4.187888198757764,2.840114578639147,3.3333333333333335,2.7243755655603397,0.7959461129650229,4.157441574415744,2.819028532623014,4.210689869484152,2.861151477579218,1.0128079478966319,0.4011,0.0097,0.0,0.0,0.0,0.0,0.0,0.0,0.0,0.0,0.0,0.0,0.012145748987854255,13.90080971659917,16.08097165991903,0.006072874493927127,0.0,0.0,0.0,0.0,0.0,0.0,0.0,0.0,0.0,0.0,0.0,0.0,0.0,0.0,0.0,0.0,nan,nan,4.183925811437404,2.840182207958377,nan,0.4011,0.04907,0.0,0.0,0.0,0.0,0.0,0.0,0.0,0.0,0.0,0.0,0.0,0.0,0.0,0.0,0.0,0.0,0.0,0.0,0.0,0.0,0.0,0.0,0.00014170040485829958,0.0,0.0,0.00025303643724696357,0.00444331983805668,7.085020242914979e-05,0.009281376518218623,0.005506072874493927,0.008431174089068827,0.010759109311740891,0.016103238866396762,0.045394736842105265,0.047732793522267204,0.03785425101214575,0.058785425101214574,0.05490890688259109,0.044908906882591096,0.06809716599190284,0.07483805668016194,0.12079959514170041,0.09754048582995951,0.08883603238866397,0.049119433198380566,0.05303643724696356,0.021740890688259108,0.016892712550607286,0.017125506072874493,0.0060526315789473685,0.01862348178137652,0.016568825910931173,0.0026821862348178137,0.0014979757085020243,0.00011133603238866397,0.0,0.0018623481781376518,0.0,0.0,0.0,0.0,0.0,0.0,0.0,0.0,0.0,0.0,0.0,0.0,0.0,0.0,0.0,0.0,0.0,0.0,0.0,0.0,0.0,0.0,0.0,0.0,0.0,0.0,0.0,0.0,0.0,0.0,0.0,0.0,0.0,0.0,0.0,0.0,0.0,0.0,0.0,0.0,0.0,0.0,0.0,0.0,nan,nan,4.183925811437404,2.840182207958377,nan,0.849956312538455,0.03386954591393514,0.0,0.0,0.0,0.0,0.0,0.0,0.0,0.0,0.0,0.0,0.0,0.0,0.0,0.0,0.0,0.0,0.0,0.0,0.0,0.0,0.0,0.023520188161505296,0.39984319874559004,1.6346530772246128,6.5033320266562145,12.736181889455118,6.903175225401805,1.4582516660133285,0.28224225793806357,0.05880047040376324,0.8497005340293543,0.033013718438486196,0.0,0.0,0.0,0.0,0.0,0.0,0.0,0.0,0.0,0.0,0.0,0.0,0.0,0.0,0.0,0.0,0.0,0.0,0.0,0.0,0.0,0.025115110925073257,0.3139388865634157,1.5696944328170734,6.66806195060695,12.821264127249899,6.931770615320219,1.2557555462536627,0.339053997488489,0.07534533277521976,0.4011,0.00972,0.0,0.0,0.0,0.0,0.0,0.0,0.0,0.0,0.0,0.0,0.023520188161505296,14.006272050176381,15.958447667581343,0.011760094080752648,0.0,0.0,0.0,0.0,0.0,0.0,0.0,0.0,0.0,0.0,0.0,0.0,0.0,0.0,0.0,0.0,0.4011,0.00967,0.0,0.0,0.0,0.0,0.0,0.0,0.0,0.0,0.0,0.0,0.0,13.788195897865194,16.21180410213479,0.0,0.0,0.0,0.0,0.0,0.0,0.0,0.0,0.0,0.0,0.0,0.0,0.0,0.0,0.0,0.0,0.0
36200,4728,2483,0.5251692047377327,1171,957,0.4500846023688663,1305,0.5520304568527918,0.458,3.048106904231626,3.2048685441072324,6.762214983713355,2.267632102972938,8385.20647208122,506.0576151802972,7853.0,8866.4,8866.4,0.0,7853.0,0.0,28.24703891708968,21.135928317707677,33.35716089921697,19.295726875334697,0.14192047377326567,0.09475465313028765,0.094331641285956,0.08946700507614214,0.07593062605752961,0.06831641285956007,0.07191201353637902,0.06302876480541456,0.06175972927241963,0.053934010152284266,0.04801184433164129,0.03722504230118443,0.03637901861252115,0.023477157360406092,0.01988155668358714,0.011209813874788494,0.008460236886632826,0.8504175162683485,0.03312884618838989,0.0,0.0,0.0,0.0,0.0,0.0,0.0,0.0,0.0,0.0,0.0,0.0,0.0,0.0,0.0,0.0,0.0,0.0,0.0,0.0,0.012690355329949242,0.03807106598984772,0.2601522842639594,1.6116751269035483,6.364213197969545,13.115482233502542,6.719543147208124,1.472081218274112,0.3616751269035534,0.04441624365482235,4.2951787471302065,2.9831899831269433,5.090909090909091,3.058655243865586,1.18526128727717,4.258769027134348,2.9661471075109227,4.336346029696578,3.0005125147030562,1.0182158276412634,0.4011,0.00994,0.0,0.0,0.0,0.0,0.0,0.0,0.0,0.0,0.0,0.0,0.006345177664974621,13.680203045685259,16.28807106598985,0.025380710659898484,0.0,0.0,0.0,0.0,0.0,0.0,0.0,0.0,0.0,0.0,0.0,0.0,0.0,0.0,0.0,0.0,nan,nan,4.298039215686274,2.983844749422833,nan,0.4011,0.04922,0.0,0.0,0.0,0.0,0.0,0.0,0.0,0.0,0.0,0.0,0.0,0.0,0.0,0.0,0.0,0.0,0.0,0.0,0.0,0.0,1.0575296108291032e-05,0.0,0.0002326565143824027,0.0,0.0,0.0002749576988155668,0.004653130287648054,2.1150592216582064e-05,0.010025380710659898,0.0060490693739424705,0.007614213197969543,0.011611675126903554,0.015334179357021997,0.04160321489001692,0.04818104906937394,0.04161379018612521,0.05889382402707276,0.055403976311336714,0.04412013536379018,0.0676924703891709,0.07615270727580373,0.120748730964467,0.09711294416243654,0.08727791878172589,0.05019035532994924,0.05187182741116751,0.023212774957698815,0.017354060913705584,0.015714890016920474,0.0054145516074450084,0.017988578680203045,0.016254230118443316,0.0030033840947546533,0.0015757191201353638,0.00042301184433164127,1.0575296108291032e-05,0.0023477157360406093,1.0575296108291032e-05,0.0,0.0,0.0,0.0,0.0,0.0,0.0,0.0,0.0,0.0,0.0,0.0,0.0,0.0,0.0,0.0,0.0,0.0,0.0,0.0,0.0,0.0,0.0,0.0,0.0,0.0,0.0,0.0,0.0,0.0,0.0,0.0,0.0,0.0,0.0,0.0,0.0,0.0,0.0,0.0,0.0,0.0,0.0,nan,nan,4.298039215686274,2.983844749422833,nan,0.8505050096116237,0.03297508018343044,0.0,0.0,0.0,0.0,0.0,0.0,0.0,0.0,0.0,0.0,0.0,0.0,0.0,0.0,0.0,0.0,0.0,0.0,0.0,0.0,0.0,0.03624647603705196,0.22956101490132907,1.6552557390253675,6.40354409987918,13.217881594844949,6.451872734595249,1.6069271043093036,0.3503826016915023,0.04832863471606928,0.8503207474615101,0.03329781873234288,0.0,0.0,0.0,0.0,0.0,0.0,0.0,0.0,0.0,0.0,0.0,0.0,0.0,0.0,0.0,0.0,0.0,0.0,0.0,0.0,0.026726057906458805,0.040089086859688206,0.2939866369710468,1.5634743875278347,6.320712694877507,13.002227171492208,7.015590200445436,1.3229398663697107,0.3741648106904233,0.040089086859688206,0.401,0.0099,0.0,0.0,0.0,0.0,0.0,0.0,0.0,0.0,0.0,0.0,0.01208215867901732,14.09987917841319,15.86387434554974,0.02416431735803464,0.0,0.0,0.0,0.0,0.0,0.0,0.0,0.0,0.0,0.0,0.0,0.0,0.0,0.0,0.0,0.0,0.4011,0.00998,0.0,0.0,0.0,0.0,0.0,0.0,0.0,0.0,0.0,0.0,0.0,13.216035634743855,16.75723830734967,0.026726057906458805,0.0,0.0,0.0,0.0,0.0,0.0,0.0,0.0,0.0,0.0,0.0,0.0,0.0,0.0,0.0,0.0
36300,4683,2399,0.5122784539824898,1134,973,0.4499252615844544,1380,0.5893657911595132,0.37399999999999994,2.953590192644483,2.9494486231445554,6.15,2.10008503229206,8372.142985265855,506.547196337788,7853.0,8866.4,8866.399999999998,1.8189894035458565e-12,7853.0,0.0,29.883408071748878,21.39273277916267,34.8035175879397,19.408297134906665,0.13196668802049968,0.08904548366431775,0.08221225710014948,0.0753790305359812,0.07922272047832586,0.07495195387572069,0.06918641896220372,0.07260303224428785,0.05872304078582106,0.053811659192825115,0.05359812086269485,0.049540892590219945,0.0395045910740978,0.02775998291693359,0.02007260303224429,0.014734144778987828,0.007687379884689302,0.8505364516187167,0.03311915372018258,0.0,0.0,0.0,0.0,0.0,0.0,0.0,0.0,0.0,0.0,0.0,0.0,0.0,0.0,0.0,0.0,0.0,0.0,0.0,0.0,0.006406149903907753,0.01921844971172326,0.24983984625240235,1.550288276745671,6.623959000640617,12.966047405509292,6.700832799487509,1.4862267777065987,0.32030749519538765,0.07687379884689303,4.05698992443325,2.7517274642816387,2.3333333333333335,1.4142135623730951,0.5751390505756047,4.057428214731585,2.730362481165228,4.0467466835123185,2.7704948400076863,0.9973674133825746,0.4016,0.009865,0.0,0.0,0.0,0.0,0.0,0.0,0.0,0.0,0.0,0.0,0.006406149903907753,12.921204356181915,17.065983344010252,0.006406149903907753,0.0,0.0,0.0,0.0,0.0,0.0,0.0,0.0,0.0,0.0,0.0,0.0,0.0,0.0,0.0,0.0,nan,nan,4.052119309262166,2.7503873393355973,nan,0.4016,0.0495,0.0,0.0,0.0,0.0,0.0,0.0,0.0,0.0,0.0,0.0,0.0,0.0,0.0,0.0,0.0,0.0,0.0,0.0,0.0,0.0,0.0,0.0,5.3384582532564594e-05,0.0,0.0,0.00021353833013025838,0.0047085201793721975,0.0,0.010068332265641683,0.006213965406790519,0.00790091821481956,0.010751654922058509,0.01637838992099082,0.04118086696562033,0.046754217382020076,0.04240871236386932,0.057324364723467865,0.05601110399316677,0.04208840486867393,0.06665598975016016,0.07750373692077728,0.11860986547085202,0.09874012385223148,0.08506299380738842,0.05295750587230408,0.052402306213965404,0.023062139654067906,0.016623959000640617,0.01631432842195174,0.006662395900064061,0.018150758061071963,0.018332265641682683,0.0025517830450565875,0.0012705530642750373,0.0005124919923126201,0.0,0.002466367713004484,0.0,6.406149903907751e-05,0.0,0.0,0.0,0.0,0.0,0.0,0.0,0.0,0.0,0.0,0.0,0.0,0.0,0.0,0.0,0.0,0.0,0.0,0.0,0.0,0.0,0.0,0.0,0.0,0.0,0.0,0.0,0.0,0.0,0.0,0.0,0.0,0.0,0.0,0.0,0.0,0.0,0.0,0.0,0.0,0.0,0.0,nan,nan,4.052119309262166,2.7503873393355973,nan,0.8505347155192933,0.03356364639543401,0.0,0.0,0.0,0.0,0.0,0.0,0.0,0.0,0.0,0.0,0.0,0.0,0.0,0.0,0.0,0.0,0.0,0.0,0.0,0.0,0.0,0.025010421008753652,0.3126302626094206,1.5256356815339678,6.602751146310965,13.04293455606503,6.427678199249689,1.6131721550646105,0.4126719466444353,0.037515631513130476,0.8505382751312022,0.03264576446999807,0.0,0.0,0.0,0.0,0.0,0.0,0.0,0.0,0.0,0.0,0.0,0.0,0.0,0.0,0.0,0.0,0.0,0.0,0.0,0.0,0.013134851138353769,0.013134851138353769,0.18388791593695275,1.5761821366024469,6.646234676007007,12.885288966725048,6.987740805604205,1.3528896672504382,0.22329246935201405,0.11821366024518391,0.4019,0.009735,0.0,0.0,0.0,0.0,0.0,0.0,0.0,0.0,0.0,0.0,0.0,12.567736556898689,17.432263443101295,0.0,0.0,0.0,0.0,0.0,0.0,0.0,0.0,0.0,0.0,0.0,0.0,0.0,0.0,0.0,0.0,0.0,0.4014,0.009995,0.0,0.0,0.0,0.0,0.0,0.0,0.0,0.0,0.0,0.0,0.013134851138353769,13.292469352013992,16.681260945709287,0.013134851138353769,0.0,0.0,0.0,0.0,0.0,0.0,0.0,0.0,0.0,0.0,0.0,0.0,0.0,0.0,0.0,0.0
36400,4447,2284,0.5136046773105465,1139,908,0.46031032156510004,1261,0.5671239037553407,0.40199999999999997,2.8779472954230236,3.034839928494073,6.509274873524452,2.037671764429727,8373.486979986508,506.5123978570036,7853.0,8866.4,8866.4,0.0,7853.0,0.0,27.767483696874297,20.518232899066383,32.57710779082177,18.75548099077773,0.13852035079829098,0.09512030582415111,0.09714414211828198,0.08657521924893187,0.08365190015740949,0.07645603777827749,0.06791095120305825,0.06386327861479649,0.06251405441870925,0.05554306273892512,0.046323364065662245,0.04025185518326962,0.027883966719136496,0.024735776928266246,0.0188891387452215,0.008320215875871374,0.006296379581740499,0.8491365934238558,0.03484804492960984,0.0,0.0,0.0,0.0,0.0,0.0,0.0,0.0,0.0,0.0,0.0,0.0,0.0,0.0,0.0,0.0,0.0,0.0,0.0,0.006746120980436251,0.03373060490218125,0.04722284686305376,0.33055992804137624,1.6932763660894932,6.854058916123231,12.64897683831797,6.503260625140546,1.423431526872049,0.4115133798066113,0.04722284686305376,4.123430962343096,2.8471220047038637,5.769230769230769,2.965282348830213,1.399133590914413,4.0,2.832779669703274,4.266384778012685,2.861780242257638,1.0665961945031712,0.4014,0.01027,0.0,0.0,0.0,0.0,0.0,0.0,0.0,0.0,0.0,0.0,0.006746120980436251,13.66764110636382,16.278389925792673,0.04722284686305376,0.0,0.0,0.0,0.0,0.0,0.0,0.0,0.0,0.0,0.0,0.0,0.0,0.0,0.0,0.0,0.0,nan,nan,4.130857341200972,2.8498017360638177,nan,0.4014,0.04922,0.0,0.0,0.0,0.0,0.0,0.0,0.0,0.0,0.0,0.0,0.0,0.0,0.0,0.0,0.0,0.0,0.0,0.0,0.0,0.0,0.0,0.0,0.00020238362941308748,1.1243534967393749e-05,0.0,0.0002586013042500562,0.003699123004272543,6.746120980436249e-05,0.010490218124578368,0.005745446368338206,0.0071284011693276365,0.011209804362491567,0.017270069709916798,0.04151113109961772,0.047279064537890714,0.04282662469080279,0.056903530469979764,0.055779176973240384,0.04381605576793344,0.06559478299977513,0.08030132673712616,0.1152799640206881,0.10222621992354396,0.0845176523498988,0.054778502361142345,0.04952777153136946,0.024780751068135824,0.014088149314144366,0.01649426579716663,0.0055880368787946935,0.017404992129525523,0.017674836968742974,0.002372385878120081,0.0010906228918371936,0.0010793793568697999,1.1243534967393749e-05,0.0029233190915223745,0.0,6.746120980436249e-05,0.0,0.0,0.0,0.0,0.0,0.0,0.0,0.0,0.0,0.0,0.0,0.0,0.0,0.0,0.0,0.0,0.0,0.0,0.0,0.0,0.0,0.0,0.0,0.0,0.0,0.0,0.0,0.0,0.0,0.0,0.0,0.0,0.0,0.0,0.0,0.0,0.0,0.0,0.0,0.0,0.0,0.0,nan,nan,4.130857341200972,2.8498017360638177,nan,0.8492385999229451,0.03485821245467076,0.0,0.0,0.0,0.0,0.0,0.0,0.0,0.0,0.0,0.0,0.0,0.0,0.0,0.0,0.0,0.0,0.0,0.0,0.0,0.0,0.013134851138353769,0.06567425569176884,0.2889667250437829,1.8782837127845824,6.711908931698776,12.609457092819618,6.711908931698776,1.1558669001751316,0.4991243432574432,0.06567425569176884,0.8490288805972631,0.034836981188535766,0.0,0.0,0.0,0.0,0.0,0.0,0.0,0.0,0.0,0.0,0.0,0.0,0.0,0.0,0.0,0.0,0.0,0.0,0.0,0.01386962552011096,0.05547850208044384,0.02773925104022192,0.37447988904299595,1.4979195561719787,7.004160887656035,12.69070735090153,6.282940360610265,1.705963938973648,0.31900138696255204,0.02773925104022192,0.4019,0.01016,0.0,0.0,0.0,0.0,0.0,0.0,0.0,0.0,0.0,0.0,0.0,13.1479859894921,16.786339754816115,0.06567425569176884,0.0,0.0,0.0,0.0,0.0,0.0,0.0,0.0,0.0,0.0,0.0,0.0,0.0,0.0,0.0,0.0,0.401,0.01036,0.0,0.0,0.0,0.0,0.0,0.0,0.0,0.0,0.0,0.0,0.01386962552011096,14.216366158113711,15.742024965325939,0.02773925104022192,0.0,0.0,0.0,0.0,0.0,0.0,0.0,0.0,0.0,0.0,0.0,0.0,0.0,0.0,0.0,0.0
36500,4212,2161,0.5130579297245964,1016,854,0.4439696106362773,1191,0.5655270655270656,0.41,2.98488542174549,3.0901087419524944,6.541946308724833,2.1759636229478687,8372.932905982903,506.5271761704868,7853.0,8866.4,8866.4,0.0,7853.0,0.0,28.30792972459639,20.98641544489746,33.23083427282976,19.19755735010095,0.1372269705603039,0.09639126305792972,0.09639126305792972,0.08238366571699905,0.0788224121557455,0.07454890788224122,0.07003798670465337,0.06433998100664767,0.05674264007597341,0.0584045584045584,0.048670465337132006,0.03941120607787275,0.03300094966761633,0.027540360873694207,0.017094017094017096,0.012345679012345678,0.006647673314339981,0.8475487743489309,0.03535631819887689,0.0,0.0,0.0,0.0,0.0,0.0,0.0,0.0,0.0,0.0,0.0,0.0,0.0,0.0,0.0,0.0,0.0,0.0,0.0,0.0,0.07122507122507124,0.1495726495726496,0.4131054131054132,1.5598290598290552,6.90883190883191,13.155270655270659,6.125356125356127,1.2250712250712252,0.28490028490028496,0.10683760683760686,4.274619100706057,2.8206685590910183,4.875,3.3236839500770827,1.1404524906546119,4.301818181818182,2.875823417836796,4.261127596439169,2.7778910790779094,0.9905410727140926,0.401,0.00989,0.0,0.0,0.0,0.0,0.0,0.0,0.0,0.0,0.0,0.0,0.007122507122507124,14.28062678062676,15.705128205128208,0.007122507122507124,0.0,0.0,0.0,0.0,0.0,0.0,0.0,0.0,0.0,0.0,0.0,0.0,0.0,0.0,0.0,0.0,nan,nan,4.281674623576937,2.827839900527864,nan,0.401,0.04907,0.0,0.0,0.0,0.0,0.0,0.0,0.0,0.0,0.0,0.0,0.0,0.0,0.0,0.0,0.0,0.0,0.0,0.0,0.0,0.0,0.0,0.0,0.00023741690408357076,0.0,0.0,0.0003798670465337132,0.002825261158594492,0.00010683760683760684,0.009603513770180436,0.006362773029439696,0.006754510921177588,0.012072649572649573,0.017497625830959165,0.04420702754036088,0.04677113010446344,0.0454653371320038,0.05815527065527065,0.057039411206077875,0.04201092117758785,0.06514719848053181,0.08196818613485281,0.1144349477682811,0.1014957264957265,0.08359449192782527,0.052397910731244064,0.049311490978157645,0.02409781576448243,0.015159069325735993,0.016749762583095917,0.005080721747388414,0.016191832858499525,0.01690408357075024,0.002908357075023742,0.0010090218423551758,0.0012464387464387464,0.0,0.002801519468186135,0.0,1.1870845204178537e-05,0.0,0.0,0.0,0.0,0.0,0.0,0.0,0.0,0.0,0.0,0.0,0.0,0.0,0.0,0.0,0.0,0.0,0.0,0.0,0.0,0.0,0.0,0.0,0.0,0.0,0.0,0.0,0.0,0.0,0.0,0.0,0.0,0.0,0.0,0.0,0.0,0.0,0.0,0.0,0.0,0.0,0.0,nan,nan,4.281674623576937,2.827839900527864,nan,0.8478431754893365,0.03627970097799665,0.0,0.0,0.0,0.0,0.0,0.0,0.0,0.0,0.0,0.0,0.0,0.0,0.0,0.0,0.0,0.0,0.0,0.0,0.0,0.0,0.06941230911614994,0.15270708005552988,0.5275335492827395,1.4993058769088339,6.885701064322075,12.89680703378066,6.247107820453495,1.304951411383619,0.2637667746413698,0.15270708005552988,0.8472385837763243,0.03435384382812331,0.0,0.0,0.0,0.0,0.0,0.0,0.0,0.0,0.0,0.0,0.0,0.0,0.0,0.0,0.0,0.0,0.0,0.0,0.0,0.0,0.07313505607020966,0.14627011214041932,0.29254022428083865,1.6235982447586492,6.933203315455877,13.427596294490495,5.9970745977571935,1.1409068746952709,0.3071672354948806,0.058508044856167736,0.4006,0.00992,0.0,0.0,0.0,0.0,0.0,0.0,0.0,0.0,0.0,0.0,0.01388246182322999,14.132346136048106,15.839888940305418,0.01388246182322999,0.0,0.0,0.0,0.0,0.0,0.0,0.0,0.0,0.0,0.0,0.0,0.0,0.0,0.0,0.0,0.0,0.401,0.00986,0.0,0.0,0.0,0.0,0.0,0.0,0.0,0.0,0.0,0.0,0.0,14.436860068259364,15.563139931740618,0.0,0.0,0.0,0.0,0.0,0.0,0.0,0.0,0.0,0.0,0.0,0.0,0.0,0.0,0.0,0.0,0.0
36600,4078,2101,0.515203531142717,973,824,0.44065718489455613,1099,0.538989700833742,0.434,3.0627212948912494,3.151078896048406,6.578125,2.211273347577891,8375.107258460028,506.4657010960817,7853.0,8866.4,8866.4,0.0,7853.0,0.0,28.222167729279057,21.189809403796406,33.320832112510985,19.402710858085907,0.14271701814615007,0.09710642471799902,0.0895046591466405,0.08852378616969102,0.08141245708680726,0.07699852869053457,0.061059342815105444,0.06302108876900442,0.06473761647866601,0.04977930358018637,0.03727317312408043,0.0461010299166258,0.036047081902893574,0.026483570377636097,0.019127023050514957,0.010789602746444336,0.009318293281020108,0.8476658363649809,0.033115138805347596,0.0,0.0,0.0,0.0,0.0,0.0,0.0,0.0,0.0,0.0,0.0,0.0,0.0,0.0,0.0,0.0,0.0,0.0,0.00735654732712114,0.01471309465424228,0.01471309465424228,0.06620892594409025,0.3384011770475724,1.3609612555174062,7.363903874448261,13.050514958312903,6.26042177538009,1.2800392349190781,0.2206964198136342,0.02206964198136342,4.2243491577335375,2.92023432748123,4.25,2.277608394786075,1.0060721406561537,4.2289613343442,2.9234423711125403,4.220015278838808,2.9099859155666636,0.9978845738236622,0.4001,0.00994,0.0,0.0,0.0,0.0,0.0,0.0,0.0,0.0,0.0,0.0,0.02206964198136342,14.595389897008316,15.382540461010302,0.0,0.0,0.0,0.0,0.0,0.0,0.0,0.0,0.0,0.0,0.0,0.0,0.0,0.0,0.0,0.0,0.0,nan,nan,4.224505327245053,2.916750935307466,nan,0.4001,0.0491,0.0,0.0,0.0,0.0,0.0,0.0,0.0,0.0,0.0,0.0,0.0,0.0,0.0,0.0,0.0,0.0,0.0,0.0,0.0,0.0,0.0,0.0,0.0002452182442373713,0.0,0.0,0.0001348700343305542,0.0032368808239333006,2.4521824423737128e-05,0.011022560078469839,0.0068293281020107895,0.0075282000980872975,0.011365865620402158,0.01877145659637077,0.042790583619421285,0.049190779794016676,0.04325649828347229,0.05940411966650319,0.05887690044139284,0.04203040706228543,0.06232221677292791,0.08288376655223148,0.11452918097106425,0.1003923491907798,0.08478420794507112,0.053138793526238355,0.05107896027464443,0.021051986267778322,0.013192741539970574,0.017631191760666992,0.005210887690044139,0.015841098577734185,0.015338401177047573,0.0030407062285434036,0.0008950465914664051,0.0010544384502206964,0.0,0.002893575282000981,1.2260912211868564e-05,0.0,0.0,0.0,0.0,0.0,0.0,0.0,0.0,0.0,0.0,0.0,0.0,0.0,0.0,0.0,0.0,0.0,0.0,0.0,0.0,0.0,0.0,0.0,0.0,0.0,0.0,0.0,0.0,0.0,0.0,0.0,0.0,0.0,0.0,0.0,0.0,0.0,0.0,0.0,0.0,0.0,0.0,0.0,nan,nan,4.224505327245053,2.916750935307466,nan,0.8480167000819138,0.03303771792803779,0.0,0.0,0.0,0.0,0.0,0.0,0.0,0.0,0.0,0.0,0.0,0.0,0.0,0.0,0.0,0.0,0.0,0.0,0.0,0.02855782960495003,0.014278914802475015,0.07139457401237508,0.34269395525940033,1.327939076630172,7.068062827225132,13.222275107091864,6.411232746311282,1.2993812470252264,0.19990480723465023,0.014278914802475015,0.8472929660213916,0.03319315299099939,0.0,0.0,0.0,0.0,0.0,0.0,0.0,0.0,0.0,0.0,0.0,0.0,0.0,0.0,0.0,0.0,0.0,0.0,0.015174506828528077,0.0,0.015174506828528077,0.06069802731411231,0.3338391502276177,1.3960546282245783,7.678300455235207,12.86798179059181,6.1001517450682865,1.2594840667678302,0.24279210925644923,0.030349013657056154,0.4001,0.009926,0.0,0.0,0.0,0.0,0.0,0.0,0.0,0.0,0.0,0.0,0.02855782960495003,14.578772013326967,15.392670157068066,0.0,0.0,0.0,0.0,0.0,0.0,0.0,0.0,0.0,0.0,0.0,0.0,0.0,0.0,0.0,0.0,0.0,0.4,0.009964,0.0,0.0,0.0,0.0,0.0,0.0,0.0,0.0,0.0,0.0,0.015174506828528077,14.613050075872513,15.371775417298942,0.0,0.0,0.0,0.0,0.0,0.0,0.0,0.0,0.0,0.0,0.0,0.0,0.0,0.0,0.0,0.0,0.0
36700,4468,2225,0.49798567591763654,1045,926,0.4411369740376007,1271,0.5689346463742166,0.40599999999999997,2.910387873383861,3.115476157963375,6.640522875816994,2.1446525049815777,8357.658683974933,506.69588811128676,7853.0,8866.4,8866.4,0.0,7853.0,0.0,27.219785138764546,20.60964395921782,32.12105825761625,18.940228923521158,0.14368845120859444,0.10273052820053716,0.09758281110116383,0.09153983885407341,0.08348254252461952,0.07318710832587287,0.06423455684870188,0.062444046553267685,0.05461056401074306,0.05729632945389436,0.045658012533572066,0.03804834377797672,0.029319606087735005,0.022157564905998208,0.01812891674127126,0.010966875559534467,0.004923903312444047,0.8479814726722593,0.034755961041572914,0.0,0.0,0.0,0.0,0.0,0.0,0.0,0.0,0.0,0.0,0.0,0.0,0.0,0.0,0.0,0.0,0.0,0.0,0.0,0.0,0.006714413607878247,0.05371530886302597,0.30214861235452106,1.678603401969556,7.815577439570279,12.132945389435992,6.170546105640109,1.336168307967771,0.34914950760966884,0.15443151298119967,4.318376068376068,2.8555795707322535,5.230769230769231,2.7218163096852512,1.211281543790203,4.27183787561146,2.8080018269631895,4.374820143884892,2.9029529377891548,1.024107251087728,0.4001,0.01017,0.0,0.0,0.0,0.0,0.0,0.0,0.0,0.0,0.0,0.0,0.02014324082363474,14.879140555058168,15.067144136078786,0.03357206803939123,0.0,0.0,0.0,0.0,0.0,0.0,0.0,0.0,0.0,0.0,0.0,0.0,0.0,0.0,0.0,0.0,nan,nan,4.32258064516129,2.8556461986645445,nan,0.4001,0.0489,0.0,0.0,0.0,0.0,0.0,0.0,0.0,0.0,0.0,0.0,0.0,0.0,0.0,0.0,0.0,0.0,0.0,0.0,0.0,0.0,0.0,0.0,0.00017905102954341988,0.0,2.2381378692927485e-05,7.833482542524619e-05,0.0033572068039391225,5.595344673231871e-05,0.011582363473589973,0.006367502238137869,0.0070277529095792305,0.010619964189794091,0.017323187108325873,0.0436101163831692,0.04679946284691137,0.04502014324082364,0.06206356311548791,0.0590756490599821,0.04073410922112802,0.0645367054610564,0.0817591763652641,0.11354073410922112,0.10176812891674127,0.08514995523724261,0.05238361683079678,0.05172336615935542,0.019874664279319606,0.013719785138764548,0.018218442256042973,0.005102954341987467,0.014335273052820053,0.015778871978513877,0.0036369740376007162,0.0009623992837958818,0.0007721575649059982,0.0,0.0028088630259623993,0.0,0.0,0.0,0.0,1.1190689346463742e-05,0.0,0.0,0.0,0.0,0.0,0.0,0.0,0.0,0.0,0.0,0.0,0.0,0.0,0.0,0.0,0.0,0.0,0.0,0.0,0.0,0.0,0.0,0.0,0.0,0.0,0.0,0.0,0.0,0.0,0.0,0.0,0.0,0.0,0.0,0.0,0.0,0.0,0.0,0.0,nan,nan,4.32258064516129,2.8556461986645445,nan,0.8471474819236927,0.03465851147581392,0.0,0.0,0.0,0.0,0.0,0.0,0.0,0.0,0.0,0.0,0.0,0.0,0.0,0.0,0.0,0.0,0.0,0.0,0.0,0.0,0.013483146067415734,0.06741573033707866,0.32359550561797756,1.5910112359550512,8.359550561797754,11.784269662921352,6.175280898876406,1.1460674157303372,0.404494382022472,0.13483146067415733,0.848808770672955,0.03483263660851696,0.0,0.0,0.0,0.0,0.0,0.0,0.0,0.0,0.0,0.0,0.0,0.0,0.0,0.0,0.0,0.0,0.0,0.0,0.0,0.0,0.0,0.04012483281319662,0.28087382969237634,1.7654926437806455,7.275969683459654,12.47882300490415,6.1658493089612145,1.5247436469014717,0.29424877396344185,0.17387427552385204,0.4,0.01028,0.0,0.0,0.0,0.0,0.0,0.0,0.0,0.0,0.0,0.0,0.026966292134831468,15.141573033707843,14.81797752808989,0.013483146067415734,0.0,0.0,0.0,0.0,0.0,0.0,0.0,0.0,0.0,0.0,0.0,0.0,0.0,0.0,0.0,0.0,0.4004,0.01005,0.0,0.0,0.0,0.0,0.0,0.0,0.0,0.0,0.0,0.0,0.01337494427106554,14.61881408827461,15.314311190370043,0.05349977708426216,0.0,0.0,0.0,0.0,0.0,0.0,0.0,0.0,0.0,0.0,0.0,0.0,0.0,0.0,0.0,0.0
36800,4226,2183,0.5165641268338854,1014,839,0.43847610033128254,1156,0.547089446284903,0.446,2.9902104747919727,3.11626590193446,6.560891938250429,2.2339913960870406,8376.48608613346,506.42187681055,7853.0,8866.4,8866.4,0.0,7853.0,0.0,28.30383341221013,21.203015918193024,33.47663551401869,19.35809912726421,0.14363464268812115,0.10056791292001893,0.0889730241362991,0.08140085186938002,0.0776147657359205,0.07051585423568386,0.07619498343587316,0.05986748698532891,0.057264552768575484,0.05087553241836252,0.051585423568386184,0.04188357785139612,0.035967818267865596,0.023899668717463324,0.022243256034074774,0.010175106483672503,0.007335541883577852,0.8485062677489036,0.03514355747011154,0.0,0.0,0.0,0.0,0.0,0.0,0.0,0.0,0.0,0.0,0.0,0.0,0.0,0.0,0.0,0.0,0.0,0.0,0.0,0.0,0.007098911500236632,0.049692380501656426,0.45433033601514444,1.7108376715570226,7.013724562233793,12.56507335541884,6.332229058211076,1.4339801230477995,0.3123521060104118,0.12068149550402274,4.239556377079483,2.8645818208552374,3.6315789473684212,2.639986569259885,0.8565940924861858,4.139362490733877,2.8633053121190577,4.329454545454546,2.860611135075109,1.0459230268299038,0.4001,0.010155,0.0,0.0,0.0,0.0,0.0,0.0,0.0,0.0,0.0,0.0,0.007098911500236632,14.879318504495957,15.09228584950308,0.021296734500709895,0.0,0.0,0.0,0.0,0.0,0.0,0.0,0.0,0.0,0.0,0.0,0.0,0.0,0.0,0.0,0.0,nan,nan,4.235315712187959,2.8635233570431526,nan,0.4001,0.04944,0.0,0.0,0.0,0.0,0.0,0.0,0.0,0.0,0.0,0.0,0.0,0.0,0.0,0.0,0.0,0.0,0.0,0.0,0.0,0.0,0.0,0.0,0.00027212494084240415,0.0,1.183151916706105e-05,0.00010648367250354946,0.002981542830099385,0.0,0.01137008991954567,0.00709891150023663,0.00743019403691434,0.011784193090392806,0.017203028868906768,0.04202555608140085,0.045646000946521534,0.04783483199242783,0.06296734500709891,0.057264552768575484,0.04221486038807383,0.06715570279223852,0.08439422621864648,0.10679129200189304,0.09944391859914813,0.08422858495030762,0.048840511121628016,0.054070042593469,0.019888783719829627,0.014398958826313299,0.018965925224798865,0.005205868433506862,0.013665404637955514,0.01652863227638429,0.004744439185991481,0.0009701845716990062,0.000946521533364884,3.5494557501183154e-05,0.0035139611926171322,0.0,0.0,0.0,0.0,0.0,0.0,0.0,0.0,0.0,0.0,0.0,0.0,0.0,0.0,0.0,0.0,0.0,0.0,0.0,0.0,0.0,0.0,0.0,0.0,0.0,0.0,0.0,0.0,0.0,0.0,0.0,0.0,0.0,0.0,0.0,0.0,0.0,0.0,0.0,0.0,0.0,0.0,0.0,0.0,nan,nan,4.235315712187959,2.8635233570431526,nan,0.8485864849468464,0.03509042548345034,0.0,0.0,0.0,0.0,0.0,0.0,0.0,0.0,0.0,0.0,0.0,0.0,0.0,0.0,0.0,0.0,0.0,0.0,0.0,0.0,0.013742556115437475,0.06871278057718737,0.4397617956939992,1.635364177737054,7.036188731103987,12.656894182317915,6.307833256985801,1.4567109482363725,0.24736601007787454,0.13742556115437474,0.8484205535329911,0.03520003975898071,0.0,0.0,0.0,0.0,0.0,0.0,0.0,0.0,0.0,0.0,0.0,0.0,0.0,0.0,0.0,0.0,0.0,0.0,0.0,0.0,0.0,0.029368575624082238,0.4698972099853158,1.7914831130690105,6.989720998531573,12.46696035242291,6.358296622613805,1.4096916299559474,0.38179148311306915,0.10279001468428783,0.4004,0.010155,0.0,0.0,0.0,0.0,0.0,0.0,0.0,0.0,0.0,0.0,0.0,14.66330737517176,15.336692624828222,0.0,0.0,0.0,0.0,0.0,0.0,0.0,0.0,0.0,0.0,0.0,0.0,0.0,0.0,0.0,0.0,0.0,0.4001,0.01016,0.0,0.0,0.0,0.0,0.0,0.0,0.0,0.0,0.0,0.0,0.014684287812041119,15.110132158590288,14.831130690161531,0.04405286343612336,0.0,0.0,0.0,0.0,0.0,0.0,0.0,0.0,0.0,0.0,0.0,0.0,0.0,0.0,0.0,0.0
36900,4817,2420,0.5023873780361221,1117,1018,0.4432219223583143,1384,0.5746315133900768,0.39799999999999996,2.887776387150605,2.9991524215105247,6.3934681181959565,2.065585809720689,8362.119368901806,506.69422401890154,7853.0,8866.4,8866.399999999998,1.8189894035458565e-12,7853.0,0.0,28.039651235208638,20.860557170576815,32.75226660132321,19.17648174146842,0.1351463566535188,0.09570271953498027,0.09860909279634628,0.09113556155283371,0.07452771434502803,0.08075565704795516,0.07120614490346688,0.0639402117500519,0.05584388623624663,0.04878555117292921,0.04421839319078264,0.04089682374922151,0.03570687149678223,0.028233340253269668,0.01847623001868383,0.011210296865268839,0.0056051484326344195,0.8487105769613161,0.03381595576951656,0.0,0.0,0.0,0.0,0.0,0.0,0.0,0.0,0.0,0.0,0.0,0.0,0.0,0.0,0.0,0.0,0.0,0.0,0.0,0.0,0.006227942702927134,0.09964708324683415,0.29894124974050246,1.5694415611376327,7.050031139713516,12.854473738841605,6.427236869420803,1.3452356238322611,0.28648536433464816,0.06227942702927134,4.242532467532468,2.775228330769722,4.318181818181818,3.0657397688940446,1.0178311777760771,4.2376623376623375,2.791570751854146,4.2485586162716205,2.764231042936863,1.0025712946764167,0.4001,0.01041,0.0,0.0,0.0,0.0,0.0,0.0,0.0,0.0,0.0,0.0,0.018683828108781404,14.841187461075338,15.121444882707083,0.018683828108781404,0.0,0.0,0.0,0.0,0.0,0.0,0.0,0.0,0.0,0.0,0.0,0.0,0.0,0.0,0.0,0.0,nan,nan,4.243068987749838,2.7774029438639865,nan,0.4001,0.0501,0.0,0.0,0.0,0.0,0.0,0.0,0.0,0.0,0.0,0.0,0.0,0.0,0.0,0.0,0.0,0.0,0.0,0.0,0.0,0.0,0.0,0.0,0.000280257421631721,0.0,9.341914054390699e-05,9.341914054390699e-05,0.0031554909694830806,0.0,0.012455885405854267,0.008947477683205314,0.007286692962424746,0.01286070168154453,0.017344820427652067,0.040357068714967824,0.043886236246626534,0.04848453394228773,0.06084700020759809,0.05798214656425161,0.04516296450072659,0.06431388831222752,0.08432634419763338,0.1039236039028441,0.10126634834959518,0.08215694415611377,0.049481004774756074,0.05391322399833921,0.020988166908864438,0.013493875856342121,0.019887897031347312,0.005698567573178327,0.012694623209466472,0.016638986921320324,0.005968445090305169,0.0011521694000415196,0.0008303923603902845,0.0,0.004027402947892879,0.0,0.0,0.0,0.0,0.0,0.0,0.0,0.0,0.0,0.0,0.0,0.0,0.0,0.0,0.0,0.0,0.0,0.0,0.0,0.0,0.0,0.0,0.0,0.0,0.0,0.0,0.0,0.0,0.0,0.0,0.0,0.0,0.0,0.0,0.0,0.0,0.0,0.0,0.0,0.0,0.0,0.0,0.0,0.0,nan,nan,4.243068987749838,2.7774029438639865,nan,0.8481927045120681,0.03396315702486548,0.0,0.0,0.0,0.0,0.0,0.0,0.0,0.0,0.0,0.0,0.0,0.0,0.0,0.0,0.0,0.0,0.0,0.0,0.0,0.0,0.012396694214876035,0.09917355371900828,0.30991735537190085,1.7107438016528873,7.264462809917357,12.50826446280992,6.483471074380167,1.2768595041322317,0.27272727272727276,0.061983471074380174,0.8492334185663143,0.03365860709077791,0.0,0.0,0.0,0.0,0.0,0.0,0.0,0.0,0.0,0.0,0.0,0.0,0.0,0.0,0.0,0.0,0.0,0.0,0.0,0.0,0.0,0.10012515644555697,0.28785982478097627,1.426783479349182,6.8335419274092635,13.204005006257825,6.370463078848562,1.4142678347934923,0.30037546933667086,0.06257822277847311,0.4004,0.01041,0.0,0.0,0.0,0.0,0.0,0.0,0.0,0.0,0.0,0.0,0.02479338842975207,14.65289256198345,15.309917355371903,0.012396694214876035,0.0,0.0,0.0,0.0,0.0,0.0,0.0,0.0,0.0,0.0,0.0,0.0,0.0,0.0,0.0,0.0,0.4,0.01041,0.0,0.0,0.0,0.0,0.0,0.0,0.0,0.0,0.0,0.0,0.012515644555694622,15.031289111389215,14.931163954943683,0.025031289111389243,0.0,0.0,0.0,0.0,0.0,0.0,0.0,0.0,0.0,0.0,0.0,0.0,0.0,0.0,0.0,0.0
37000,4688,2433,0.5189846416382252,1109,954,0.4400597269624573,1323,0.564419795221843,0.41,2.951219512195122,3.0101553279118107,6.363914373088685,2.0703928549209656,8378.939035836176,506.33462206340783,7853.0,8866.4,8866.399999999998,1.8189894035458565e-12,7853.0,0.0,28.53178327645051,21.083073862110695,33.33719466129438,19.318660701744385,0.1356655290102389,0.0996160409556314,0.09300341296928327,0.08255119453924915,0.07508532423208192,0.07572525597269625,0.0684726962457338,0.06612627986348123,0.05695392491467577,0.05439419795221843,0.047994880546075085,0.04223549488054607,0.03967576791808874,0.026450511945392493,0.01727815699658703,0.012585324232081911,0.006186006825938567,0.8487279731081004,0.03472935008292318,0.0,0.0,0.0,0.0,0.0,0.0,0.0,0.0,0.0,0.0,0.0,0.0,0.0,0.0,0.0,0.0,0.0,0.0,0.0,0.0,0.025597269624573385,0.05759385665529011,0.35196245733788406,1.6254266211604045,7.071245733788397,12.721843003412973,6.207337883959046,1.5166382252559731,0.3199658703071673,0.10238907849829354,4.196033057851239,2.7963821016469317,4.958333333333333,3.1288864721423746,1.1816716562934952,4.2274819197896125,2.7708081044071338,4.1767015706806285,2.8284607417258676,0.9879880387255421,0.3994,0.01026,0.0,0.0,0.0,0.0,0.0,0.0,0.0,0.0,0.0,0.0,0.01919795221843004,15.345563139931718,14.622440273037546,0.012798634812286692,0.0,0.0,0.0,0.0,0.0,0.0,0.0,0.0,0.0,0.0,0.0,0.0,0.0,0.0,0.0,0.0,nan,nan,4.2020334535913415,2.7999641210621027,nan,0.3994,0.05005,0.0,0.0,0.0,0.0,0.0,0.0,0.0,0.0,0.0,0.0,0.0,0.0,0.0,0.0,0.0,0.0,0.0,0.0,0.0,0.0,0.0,0.0,5.332764505119454e-05,0.0,8.532423208191126e-05,6.399317406143345e-05,0.002783703071672355,0.0,0.012553327645051194,0.010217576791808874,0.007625853242320819,0.013246587030716723,0.01931527303754266,0.041862201365187715,0.044560580204778155,0.046917662116040953,0.06274530716723549,0.057892491467576794,0.0450938566552901,0.06315059726962458,0.08282849829351537,0.10530076791808873,0.09950938566552901,0.08190059726962458,0.049306740614334474,0.05332764505119454,0.02167235494880546,0.013790529010238908,0.018899317406143343,0.005460750853242321,0.012905290102389078,0.01592363481228669,0.005492747440273038,0.0010878839590443687,0.0007039249146757679,0.0,0.0037116040955631397,0.0,0.0,0.0,1.0665529010238908e-05,0.0,0.0,0.0,0.0,0.0,0.0,0.0,0.0,0.0,0.0,0.0,0.0,0.0,0.0,0.0,0.0,0.0,0.0,0.0,0.0,0.0,0.0,0.0,0.0,0.0,0.0,0.0,0.0,0.0,0.0,0.0,0.0,0.0,0.0,0.0,0.0,0.0,0.0,0.0,0.0,nan,nan,4.2020334535913415,2.7999641210621027,nan,0.8488938523769575,0.03420467875932075,0.0,0.0,0.0,0.0,0.0,0.0,0.0,0.0,0.0,0.0,0.0,0.0,0.0,0.0,0.0,0.0,0.0,0.0,0.0,0.0,0.012330456226880398,0.08631319358816278,0.2712700369913687,1.590628853267566,7.188655980271272,12.651048088779287,6.362515413070285,1.4180024660912458,0.3452527743526511,0.07398273736128239,0.848549000043298,0.035285813996016505,0.0,0.0,0.0,0.0,0.0,0.0,0.0,0.0,0.0,0.0,0.0,0.0,0.0,0.0,0.0,0.0,0.0,0.0,0.0,0.0,0.039911308203991136,0.02660753880266076,0.43902439024390255,1.662971175166292,6.944567627494458,12.798226164079827,6.039911308203993,1.6230598669623064,0.29268292682926833,0.1330376940133038,0.3994,0.01021,0.0,0.0,0.0,0.0,0.0,0.0,0.0,0.0,0.0,0.0,0.0,15.561035758323033,14.426633785450065,0.012330456226880398,0.0,0.0,0.0,0.0,0.0,0.0,0.0,0.0,0.0,0.0,0.0,0.0,0.0,0.0,0.0,0.0,0.3997,0.010315,0.0,0.0,0.0,0.0,0.0,0.0,0.0,0.0,0.0,0.0,0.039911308203991136,15.113082039911285,14.833702882483374,0.01330376940133038,0.0,0.0,0.0,0.0,0.0,0.0,0.0,0.0,0.0,0.0,0.0,0.0,0.0,0.0,0.0,0.0
37100,4687,2428,0.5180285897162364,1125,970,0.4469810113078728,1321,0.5636867932579475,0.39799999999999996,2.936697653829128,3.0621385072353253,6.494345718901454,2.156528282369461,8377.970172818434,506.3705074203911,7853.0,8866.4,8866.399999999998,1.8189894035458565e-12,7853.0,0.0,27.914230851290803,20.84836862318952,32.84756097560975,19.10735700226841,0.14017495199487945,0.10219756774055899,0.09473010454448474,0.08470236825261361,0.07766161723917218,0.07403456368679326,0.06998079795178153,0.06550032003413697,0.05845956902069554,0.05077874973330489,0.048431832728824405,0.03947087689353531,0.034136974610625134,0.024322594410070408,0.01770855557926179,0.012374653296351611,0.005333902282910177,0.8483714580739361,0.03350420557748369,0.0,0.0,0.0,0.0,0.0,0.0,0.0,0.0,0.0,0.0,0.0,0.0,0.0,0.0,0.0,0.0,0.0,0.0,0.0,0.0,0.006400682739492214,0.057606144655429924,0.3712395988905484,1.5105611265201575,7.027949647962451,12.98058459569021,6.394282056752722,1.292937913377427,0.268828675058673,0.089609558352891,4.297623033143623,2.8702795266214967,4.0,2.5751852258368566,0.9307470592817636,4.314888010540185,2.856410345157385,4.276209677419355,2.880864498221089,0.9910360748584093,0.3992,0.010155,0.0,0.0,0.0,0.0,0.0,0.0,0.0,0.0,0.0,0.0,0.012801365478984429,15.995306165991018,13.972690420311503,0.01920204821847664,0.0,0.0,0.0,0.0,0.0,0.0,0.0,0.0,0.0,0.0,0.0,0.0,0.0,0.0,0.0,0.0,nan,nan,4.295741849634065,2.8686066345604244,nan,0.3992,0.05002,0.0,0.0,0.0,0.0,0.0,0.0,0.0,0.0,0.0,0.0,0.0,0.0,0.0,0.0,0.0,0.0,0.0,0.0,0.0,0.0,0.0,0.0,0.0,0.0,5.3339022829101774e-05,7.467463196074248e-05,0.0022722423725197354,2.1335609131640708e-05,0.012844036697247707,0.011190526989545552,0.007339449541284404,0.014657563473437166,0.019788777469596758,0.04139108171538297,0.04541284403669725,0.04581822061019842,0.06298271815660338,0.057126093449967996,0.0438660123746533,0.06236398549178579,0.08863878813740132,0.10549391935139749,0.09903989758907616,0.08061659910390441,0.04803712395988906,0.0523575848090463,0.024258587582675486,0.012897375720076808,0.016951141455088543,0.004939193513974824,0.01324941327074888,0.015521655643268616,0.004693834008960956,0.0012054619159377,0.0009494346063580115,0.0,0.0038830808619586088,0.0,2.1335609131640708e-05,0.0,4.2671218263281416e-05,0.0,0.0,0.0,0.0,0.0,0.0,0.0,0.0,0.0,0.0,0.0,0.0,0.0,0.0,0.0,0.0,0.0,0.0,0.0,0.0,0.0,0.0,0.0,0.0,0.0,0.0,0.0,0.0,0.0,0.0,0.0,0.0,0.0,0.0,0.0,0.0,0.0,0.0,0.0,0.0,nan,nan,4.295741849634065,2.8686066345604244,nan,0.8487256457031853,0.03305316966917384,0.0,0.0,0.0,0.0,0.0,0.0,0.0,0.0,0.0,0.0,0.0,0.0,0.0,0.0,0.0,0.0,0.0,0.0,0.0,0.0,0.012355848434925867,0.04942339373970347,0.2718286655683691,1.42092257001647,6.993410214168041,13.39373970345964,6.264415156507415,1.1861614497528832,0.30889621087314667,0.09884678747940694,0.8479907730080586,0.03397819355370316,0.0,0.0,0.0,0.0,0.0,0.0,0.0,0.0,0.0,0.0,0.0,0.0,0.0,0.0,0.0,0.0,0.0,0.0,0.0,0.0,0.0,0.06640106241699868,0.4780876494023905,1.6069057104913629,7.06507304116866,12.536520584329352,6.533864541832671,1.4077025232403721,0.22576361221779553,0.07968127490039842,0.3992,0.01026,0.0,0.0,0.0,0.0,0.0,0.0,0.0,0.0,0.0,0.0,0.012355848434925867,16.000823723228972,13.96210873146623,0.024711696869851734,0.0,0.0,0.0,0.0,0.0,0.0,0.0,0.0,0.0,0.0,0.0,0.0,0.0,0.0,0.0,0.0,0.3992,0.01005,0.0,0.0,0.0,0.0,0.0,0.0,0.0,0.0,0.0,0.0,0.013280212483399738,15.989375830013257,13.984063745019924,0.013280212483399738,0.0,0.0,0.0,0.0,0.0,0.0,0.0,0.0,0.0,0.0,0.0,0.0,0.0,0.0,0.0,0.0
37200,4634,2318,0.5002157962883038,1101,971,0.4471299093655589,1313,0.5666810530858869,0.40199999999999997,2.8747841105354057,3.07685713413185,6.5730519480519485,2.1534903193984776,8359.918687958569,506.6999528079479,7853.0,8866.4,8866.399999999998,1.8189894035458565e-12,7853.0,0.0,27.323910228744065,20.76010713045338,32.294861864187965,19.09390324606049,0.14285714285714285,0.10574018126888217,0.09602934829520932,0.08416055243849806,0.08264997842037117,0.07617608977125594,0.07250755287009064,0.06409149762624083,0.05308588692274493,0.048985757444971946,0.04423823910228744,0.04078549848942598,0.028053517479499353,0.0256797583081571,0.01640051791109193,0.011868795856711264,0.006689684937419077,0.8468555333442507,0.03354977217080611,0.0,0.0,0.0,0.0,0.0,0.0,0.0,0.0,0.0,0.0,0.0,0.0,0.0,0.0,0.0,0.0,0.0,0.0,0.0,0.0,0.006473888649115237,0.10358221838584379,0.3431160984031076,1.6184721622788036,7.464393612429868,12.973672852826935,5.891238670694865,1.3465688390159694,0.15537332757876568,0.09710832973672855,4.280300443837487,2.8480868936491097,4.666666666666667,2.6246692913372702,1.0902661455425275,4.3243606998654105,2.7563285974138094,4.238487972508591,2.9367027672759343,0.9801420988402998,0.399,0.010445,0.0,0.0,0.0,0.0,0.0,0.0,0.0,0.0,0.0,0.0,0.03884333189469142,16.333621061717714,13.601640051791112,0.025895554596460948,0.0,0.0,0.0,0.0,0.0,0.0,0.0,0.0,0.0,0.0,0.0,0.0,0.0,0.0,0.0,0.0,nan,nan,4.281876912614757,2.847317440400137,nan,0.399,0.05002,0.0,0.0,0.0,0.0,0.0,0.0,0.0,0.0,0.0,0.0,0.0,0.0,0.0,0.0,0.0,0.0,0.0,0.0,0.0,0.0,0.0,0.0,0.0,3.2369443245576176e-05,0.0,0.00017263703064307294,0.0028485110056107035,0.00017263703064307294,0.011879585671126456,0.011242986620630125,0.007801035822183859,0.013951230038843332,0.019885627967198963,0.04059128182995252,0.04515537332757877,0.0476909797151489,0.06362753560638756,0.05981873111782477,0.043472162278808804,0.06282908933966336,0.08615666810530859,0.10228744065602072,0.10076607682347864,0.08259602934829521,0.048597324126025035,0.05084160552438498,0.024924471299093656,0.011652999568407424,0.016119982736296935,0.005049633146309884,0.013649115235217954,0.015418644799309452,0.004078549848942598,0.001262408286577471,0.0013271471730686233,0.0,0.004100129477772983,0.0,0.0,0.0,0.0,0.0,0.0,0.0,0.0,0.0,0.0,0.0,0.0,0.0,0.0,0.0,0.0,0.0,0.0,0.0,0.0,0.0,0.0,0.0,0.0,0.0,0.0,0.0,0.0,0.0,0.0,0.0,0.0,0.0,0.0,0.0,0.0,0.0,0.0,0.0,0.0,0.0,0.0,0.0,0.0,nan,nan,4.281876912614757,2.847317440400137,nan,0.8463615254917671,0.033449928511518616,0.0,0.0,0.0,0.0,0.0,0.0,0.0,0.0,0.0,0.0,0.0,0.0,0.0,0.0,0.0,0.0,0.0,0.0,0.0,0.0,0.01294219154443486,0.11647972389991375,0.3106125970664366,1.6566005176876566,7.648835202761003,12.877480586712686,5.823986194995688,1.3459879206212255,0.11647972389991375,0.09059534081104403,0.8473499678010974,0.03364214269083009,0.0,0.0,0.0,0.0,0.0,0.0,0.0,0.0,0.0,0.0,0.0,0.0,0.0,0.0,0.0,0.0,0.0,0.0,0.0,0.0,0.0,0.09067357512953371,0.3756476683937825,1.5803108808290107,7.2797927461139915,13.069948186528501,5.958549222797929,1.3471502590673579,0.19430051813471508,0.10362694300518137,0.399,0.01027,0.0,0.0,0.0,0.0,0.0,0.0,0.0,0.0,0.0,0.0,0.02588438308886972,16.333045729076765,13.641069887834343,0.0,0.0,0.0,0.0,0.0,0.0,0.0,0.0,0.0,0.0,0.0,0.0,0.0,0.0,0.0,0.0,0.0,0.399,0.01062,0.0,0.0,0.0,0.0,0.0,0.0,0.0,0.0,0.0,0.0,0.051813471502590684,16.334196891191684,13.562176165803113,0.051813471502590684,0.0,0.0,0.0,0.0,0.0,0.0,0.0,0.0,0.0,0.0,0.0,0.0,0.0,0.0,0.0,0.0
37300,4577,2380,0.5199912606510815,1111,927,0.44526982739785886,1281,0.5597552982302818,0.39799999999999996,2.9845243513882567,3.0076123892549114,6.291217257318952,2.0419181661308614,8379.959143543805,506.29483219056397,7853.0,8866.4,8866.399999999998,1.8189894035458565e-12,7853.0,0.0,29.02971378632292,21.297655165804436,33.987845875355575,19.43746265394794,0.13393052217609788,0.09132619619838322,0.09394800087393489,0.08214987983395237,0.0762508193139611,0.07319204719248416,0.07253659602359624,0.06620056805767971,0.0600830238147258,0.053528512125846625,0.04806641905178064,0.04063797247105091,0.0367052654577234,0.03015075376884422,0.020755953681450733,0.01201660476294516,0.008520865195542932,0.8484389464199373,0.03446695696808165,0.0,0.0,0.0,0.0,0.0,0.0,0.0,0.0,0.0,0.0,0.0,0.0,0.0,0.0,0.0,0.0,0.0,0.0,0.0,0.00655451168887918,0.01310902337775836,0.032772558444395895,0.3211710727550798,1.6386279222197895,7.177190299322702,12.932051562158623,6.036705265457725,1.3830019663535071,0.33428009613283816,0.12453572208870442,4.179109474389019,2.789524165943171,3.764705882352941,2.9211080042200317,0.9008392590393524,4.182419035029742,2.8246451439513094,4.173825503355705,2.754127981048425,0.9979453202555596,0.3984,0.01042,0.0,0.0,0.0,0.0,0.0,0.0,0.0,0.0,0.0,0.0,0.06554511688879179,16.740222853397395,13.19423202971379,0.0,0.0,0.0,0.0,0.0,0.0,0.0,0.0,0.0,0.0,0.0,0.0,0.0,0.0,0.0,0.0,0.0,nan,nan,4.17676431424767,2.7904594301422487,nan,0.3984,0.05002,0.0,0.0,0.0,0.0,0.0,0.0,0.0,0.0,0.0,0.0,0.0,0.0,0.0,0.0,0.0,0.0,0.0,0.0,0.0,0.0,0.0,0.0,0.0,0.0,0.0,4.3696744592527856e-05,0.0031789381691064017,0.00034957395674022285,0.01251911732575923,0.01212584662442648,0.00795280751584007,0.013688005243609351,0.01908455320078654,0.039578326414682105,0.04744374044133712,0.04782608695652174,0.06314179593620275,0.06145947126939043,0.04242953899934455,0.06137207778020538,0.09377321389556478,0.09993445488311122,0.0988748088267424,0.08381035612846843,0.04637317019882019,0.04946471487874153,0.02359624207996504,0.010541839632947345,0.016845095040419488,0.0050578981865851,0.013240113611535941,0.01651736945597553,0.003637753987327944,0.0010268734979244046,0.0014529167577015513,0.0,0.003637753987327944,0.0,2.1848372296263928e-05,0.0,0.0,0.0,0.0,0.0,0.0,0.0,0.0,0.0,0.0,0.0,0.0,0.0,0.0,0.0,0.0,0.0,0.0,0.0,0.0,0.0,0.0,0.0,0.0,0.0,0.0,0.0,0.0,0.0,0.0,0.0,0.0,0.0,0.0,0.0,0.0,0.0,0.0,0.0,0.0,0.0,0.0,nan,nan,4.17676431424767,2.7904594301422487,nan,0.8485007437086907,0.03447320469228735,0.0,0.0,0.0,0.0,0.0,0.0,0.0,0.0,0.0,0.0,0.0,0.0,0.0,0.0,0.0,0.0,0.0,0.0,0.0,0.012605042016806726,0.012605042016806726,0.025210084033613453,0.3907563025210085,1.5756302521008354,7.08403361344538,13.021008403361348,6.063025210084035,1.3613445378151265,0.3529411764705883,0.10084033613445381,0.848372001701124,0.03446006250724181,0.0,0.0,0.0,0.0,0.0,0.0,0.0,0.0,0.0,0.0,0.0,0.0,0.0,0.0,0.0,0.0,0.0,0.0,0.0,0.0,0.013654984069185257,0.04096495220755576,0.2457897132453346,1.7068730086481512,7.278106508875742,12.835685025034142,6.008192990441513,1.4064633591260813,0.31406463359126086,0.1502048247610378,0.3987,0.01045,0.0,0.0,0.0,0.0,0.0,0.0,0.0,0.0,0.0,0.0,0.07563025210084034,16.52521008403359,13.39915966386555,0.0,0.0,0.0,0.0,0.0,0.0,0.0,0.0,0.0,0.0,0.0,0.0,0.0,0.0,0.0,0.0,0.0,0.3982,0.01039,0.0,0.0,0.0,0.0,0.0,0.0,0.0,0.0,0.0,0.0,0.05461993627674103,16.973145197997244,12.972234865725992,0.0,0.0,0.0,0.0,0.0,0.0,0.0,0.0,0.0,0.0,0.0,0.0,0.0,0.0,0.0,0.0,0.0
37400,4495,2316,0.5152391546162403,1069,916,0.44160177975528364,1287,0.5726362625139043,0.41,3.008260670032125,3.0936025794630004,6.516483516483516,2.101459806237611,8375.143359288099,506.4646015803064,7853.0,8866.4,8866.4,0.0,7853.0,0.0,28.24671857619577,20.98814427294667,33.175647120972,19.194325535670583,0.14149054505005562,0.09454949944382647,0.09365962180200223,0.09187986651835373,0.0731924360400445,0.07030033370411569,0.06896551724137931,0.06629588431590656,0.060066740823136816,0.054060066740823136,0.0424916573971079,0.047608453837597334,0.03337041156840934,0.026918798665183537,0.01846496106785317,0.011345939933259178,0.005339265850945495,0.849782895272778,0.03510940351322086,0.0,0.0,0.0,0.0,0.0,0.0,0.0,0.0,0.0,0.0,0.0,0.0,0.0,0.0,0.0,0.0,0.0,0.0,0.0,0.0,0.00667408231368187,0.04004449388209122,0.3670745272525029,1.5951056729699615,6.88765294771969,12.687430478309235,6.24694104560623,1.6418242491657402,0.41379310344827597,0.11345939933259179,4.320428620808849,2.8719631562271055,4.523809523809524,2.6478930998967325,1.0470742421298465,4.382614647501711,2.8646298749333043,4.259641873278237,2.8756500060238035,0.9719407741464163,0.3977,0.01027,0.0,0.0,0.0,0.0,0.0,0.0,0.0,0.0,0.0,0.0,0.03337041156840935,17.813125695216883,12.140155728587322,0.01334816462736374,0.0,0.0,0.0,0.0,0.0,0.0,0.0,0.0,0.0,0.0,0.0,0.0,0.0,0.0,0.0,0.0,nan,nan,4.321894303363075,2.8704624987221408,nan,0.3977,0.0504,0.0,0.0,0.0,0.0,0.0,0.0,0.0,0.0,0.0,0.0,0.0,0.0,0.0,0.0,0.0,0.0,0.0,0.0,0.0,0.0,0.0,0.0,0.0,0.0,1.1123470522803115e-05,0.0,0.0037041156840934373,0.0003225806451612903,0.014215795328142381,0.012658509454949944,0.009110122358175751,0.014649610678531702,0.017408231368186873,0.04124582869855395,0.04763070077864294,0.045283648498331476,0.06389321468298109,0.06364849833147943,0.04331479421579533,0.06211345939933259,0.09145717463848721,0.097174638487208,0.10078976640711902,0.08406006674082314,0.04446051167964405,0.04717463848720801,0.023726362625139042,0.009877641824249165,0.01739710789766407,0.00489432703003337,0.013359288097886541,0.016696329254727475,0.003804226918798665,0.0008565072302558398,0.0014349276974416018,1.1123470522803115e-05,0.003615127919911012,0.0,0.0,0.0,0.0,0.0,0.0,0.0,0.0,0.0,0.0,0.0,0.0,0.0,0.0,0.0,0.0,0.0,0.0,0.0,0.0,0.0,0.0,0.0,0.0,0.0,0.0,0.0,0.0,0.0,0.0,0.0,0.0,0.0,0.0,0.0,0.0,0.0,0.0,0.0,0.0,0.0,0.0,0.0,0.0,nan,nan,4.321894303363075,2.8704624987221408,nan,0.8495691905573448,0.03576423742203631,0.0,0.0,0.0,0.0,0.0,0.0,0.0,0.0,0.0,0.0,0.0,0.0,0.0,0.0,0.0,0.0,0.0,0.0,0.0,0.0,0.0,0.06476683937823835,0.4533678756476685,1.6191709844559534,6.904145077720209,12.383419689119174,6.411917098445597,1.619170984455959,0.42746113989637313,0.11658031088082904,0.8500100362185985,0.03439827987347978,0.0,0.0,0.0,0.0,0.0,0.0,0.0,0.0,0.0,0.0,0.0,0.0,0.0,0.0,0.0,0.0,0.0,0.0,0.0,0.0,0.013767783386874717,0.013767783386874717,0.2753556677374943,1.5695273061037125,6.870123910050483,13.010555300596607,6.071592473611751,1.6659017898118407,0.3992657182193668,0.11014226709499773,0.398,0.010315,0.0,0.0,0.0,0.0,0.0,0.0,0.0,0.0,0.0,0.0,0.025906735751295342,17.875647668393757,12.085492227979278,0.012953367875647671,0.0,0.0,0.0,0.0,0.0,0.0,0.0,0.0,0.0,0.0,0.0,0.0,0.0,0.0,0.0,0.0,0.3975,0.010216,0.0,0.0,0.0,0.0,0.0,0.0,0.0,0.0,0.0,0.0,0.04130335016062415,17.74667278568148,12.198256080771,0.013767783386874717,0.0,0.0,0.0,0.0,0.0,0.0,0.0,0.0,0.0,0.0,0.0,0.0,0.0,0.0,0.0,0.0
37500,4481,2318,0.5172952465967418,1079,893,0.4400803392099978,1243,0.5547868779290337,0.414,2.950531668978271,3.0915830500309074,6.513911620294599,2.180343578395066,8377.22700290114,506.39677543335847,7853.0,8866.4,8866.399999999998,1.8189894035458565e-12,7853.0,0.0,28.261771925909397,21.19234208349591,33.277585748471154,19.43993948385711,0.13903146619058246,0.10153983485829056,0.09060477571970542,0.08859629546976121,0.0798928810533363,0.07275161794242356,0.0653871903592948,0.06181655880383843,0.0557911180540058,0.05467529569292569,0.04842669047087703,0.041954920776612364,0.03615264449899576,0.024548091943762552,0.018522651193929925,0.012720374916313323,0.007587592055344789,0.8493818276110996,0.03481214758791412,0.0,0.0,0.0,0.0,0.0,0.0,0.0,0.0,0.0,0.0,0.0,0.0,0.0,0.0,0.0,0.0,0.0,0.0,0.0,0.0,0.0,0.09372907833072977,0.34144164249051556,1.626869002454804,6.741798705646063,12.974782414639593,6.125864762329838,1.6268690024548096,0.3481365766569963,0.12050881499665256,4.181755116198405,2.8945365977205304,4.681818181818182,3.25278012051179,1.1195821017071845,4.1166892808683855,2.9454480949620834,4.258041958041958,2.8463917187241363,1.0343364940925917,0.3977,0.01044,0.0,0.0,0.0,0.0,0.0,0.0,0.0,0.0,0.0,0.0,0.046864539165364885,17.795135014505664,12.144610577995985,0.013389868332961396,0.0,0.0,0.0,0.0,0.0,0.0,0.0,0.0,0.0,0.0,0.0,0.0,0.0,0.0,0.0,0.0,nan,nan,4.185542168674699,2.897740396386175,nan,0.3977,0.0505,0.0,0.0,0.0,0.0,0.0,0.0,0.0,0.0,0.0,0.0,0.0,0.0,0.0,0.0,0.0,0.0,0.0,0.0,0.0,0.0,0.0,0.0,0.0,1.1158223610801161e-05,0.0,0.0,0.0047199285873688905,0.00013389868332961392,0.013267127873242579,0.013099754519080563,0.00856951573309529,0.015621513055121624,0.01769694264673064,0.041698281633563934,0.0471434947556349,0.04553671055567954,0.06419326043293908,0.06191698281633564,0.04105110466413747,0.06120285650524437,0.09598303950011158,0.09732202633340772,0.09789109573755858,0.08495871457264004,0.04408614148627538,0.050702968087480475,0.021970542289667484,0.010589154206650301,0.017931265342557463,0.004318232537380049,0.012608792680205311,0.016123633117607675,0.00345904931934836,0.0007922338763668824,0.001327828609685338,0.0,0.004072751617942423,0.0,0.0,0.0,0.0,0.0,0.0,0.0,0.0,0.0,0.0,0.0,0.0,0.0,0.0,0.0,0.0,0.0,0.0,0.0,0.0,0.0,0.0,0.0,0.0,0.0,0.0,0.0,0.0,0.0,0.0,0.0,0.0,0.0,0.0,0.0,0.0,0.0,0.0,0.0,0.0,0.0,0.0,0.0,0.0,nan,nan,4.185542168674699,2.897740396386175,nan,0.8482378902005367,0.03400553460793482,0.0,0.0,0.0,0.0,0.0,0.0,0.0,0.0,0.0,0.0,0.0,0.0,0.0,0.0,0.0,0.0,0.0,0.0,0.0,0.0,0.0,0.07765314926660916,0.3364969801553064,1.7601380500431352,6.639344262295084,13.550474547023299,5.798101811906818,1.4624676445211393,0.2976704055220018,0.07765314926660916,0.850607739269761,0.03561555006927776,0.0,0.0,0.0,0.0,0.0,0.0,0.0,0.0,0.0,0.0,0.0,0.0,0.0,0.0,0.0,0.0,0.0,0.0,0.0,0.0,0.0,0.11095700416088768,0.346740638002774,1.4840499306518677,6.851595006934814,12.357836338418865,6.4771151178918185,1.8030513176144247,0.40221914008321785,0.16643550624133152,0.3977,0.01038,0.0,0.0,0.0,0.0,0.0,0.0,0.0,0.0,0.0,0.0,0.07765314926660916,17.976704055219994,11.932700603968941,0.01294219154443486,0.0,0.0,0.0,0.0,0.0,0.0,0.0,0.0,0.0,0.0,0.0,0.0,0.0,0.0,0.0,0.0,0.3977,0.0105,0.0,0.0,0.0,0.0,0.0,0.0,0.0,0.0,0.0,0.0,0.01386962552011096,17.600554785020776,12.371705963938977,0.01386962552011096,0.0,0.0,0.0,0.0,0.0,0.0,0.0,0.0,0.0,0.0,0.0,0.0,0.0,0.0,0.0,0.0
37600,4603,2396,0.5205300890723441,1135,917,0.4457962198566153,1264,0.549207038887682,0.418,3.001359311282284,3.155320441330642,6.660771704180064,2.1463431960158634,8380.505192265913,506.272687367962,7853.0,8866.4,8866.399999999998,1.8189894035458565e-12,7853.0,0.0,28.122094286335,20.966052566047733,32.97938144329897,19.25301121524893,0.13556376276341517,0.10449706713013253,0.09363458613947426,0.08516185096676081,0.080165109711058,0.07060612643927873,0.06669563328264176,0.06604388442320226,0.06256789050619162,0.052357158374972845,0.04040842928524875,0.0432326743428199,0.03628068650879861,0.029111449054964152,0.016510971105800566,0.010862480990658266,0.006300238974581794,0.8496859791147794,0.03419551393424143,0.0,0.0,0.0,0.0,0.0,0.0,0.0,0.0,0.0,0.0,0.0,0.0,0.0,0.0,0.0,0.0,0.0,0.0,0.0,0.0,0.006517488594394961,0.09124484032152946,0.30632196393656314,1.6033021942211552,6.452313708451012,13.158809472083426,6.615250923310886,1.375190093417337,0.29328698674777326,0.09776232891592442,4.31407205982325,2.9615596039596,4.368421052631579,3.2152682840634244,1.0125980725529549,4.3355570380253505,2.9526183594734974,4.295003422313484,2.973744741189375,0.9906462732801834,0.3977,0.010124,0.0,0.0,0.0,0.0,0.0,0.0,0.0,0.0,0.0,0.0,0.019552465783184883,17.86443623723656,12.109493808385839,0.006517488594394961,0.0,0.0,0.0,0.0,0.0,0.0,0.0,0.0,0.0,0.0,0.0,0.0,0.0,0.0,0.0,0.0,nan,nan,4.314420803782506,2.963260013229385,nan,0.3977,0.05066,0.0,0.0,0.0,0.0,0.0,0.0,0.0,0.0,0.0,0.0,0.0,0.0,0.0,0.0,0.0,0.0,0.0,0.0,0.0,0.0,0.0,0.0,0.0,0.0,0.0,5.431240495329133e-05,0.005333478166413209,2.1724961981316532e-05,0.013176189441668477,0.012796002606995437,0.007864436237236585,0.01496849880512709,0.01836845535520313,0.04208125135781012,0.05117314794699109,0.042722137736258964,0.06302411470779926,0.05910275907017163,0.04273300021724962,0.06469693678036063,0.09446013469476429,0.09699109276558766,0.09762111666304583,0.08585704975016294,0.04511188355420378,0.04677384314577449,0.022409298283728004,0.010927655876602216,0.017923093634586138,0.00463827938301108,0.013360851618509667,0.015815772322398437,0.0036280686508798608,0.0007169237453834456,0.0015207473386921572,0.0,0.004116880295459483,0.0,0.0,1.0862480990658266e-05,0.0,0.0,0.0,0.0,0.0,0.0,0.0,0.0,0.0,0.0,0.0,0.0,0.0,0.0,0.0,0.0,0.0,0.0,0.0,0.0,0.0,0.0,0.0,0.0,0.0,0.0,0.0,0.0,0.0,0.0,0.0,0.0,0.0,0.0,0.0,0.0,0.0,0.0,0.0,0.0,0.0,nan,nan,4.314420803782506,2.963260013229385,nan,0.8494589632013206,0.034045740929322964,0.0,0.0,0.0,0.0,0.0,0.0,0.0,0.0,0.0,0.0,0.0,0.0,0.0,0.0,0.0,0.0,0.0,0.0,0.0,0.0,0.0,0.10016694490818033,0.28797996661101843,1.6777963272120149,6.473288814691154,13.196994991652758,6.510851419031721,1.364774624373957,0.31302170283806346,0.07512520868113523,0.8499324359016609,0.034355675606605185,0.0,0.0,0.0,0.0,0.0,0.0,0.0,0.0,0.0,0.0,0.0,0.0,0.0,0.0,0.0,0.0,0.0,0.0,0.0,0.0,0.013593112822836434,0.08155867693701858,0.32623470774807434,1.5224286361576753,6.429542365201633,13.117353874037159,6.728590847304035,1.386497507929316,0.2718622564567286,0.1223380154055279,0.3977,0.010216,0.0,0.0,0.0,0.0,0.0,0.0,0.0,0.0,0.0,0.0,0.037562604340567615,17.59181969949914,12.37061769616027,0.0,0.0,0.0,0.0,0.0,0.0,0.0,0.0,0.0,0.0,0.0,0.0,0.0,0.0,0.0,0.0,0.0,0.3975,0.010025,0.0,0.0,0.0,0.0,0.0,0.0,0.0,0.0,0.0,0.0,0.0,18.160398731309442,11.826008155867697,0.013593112822836434,0.0,0.0,0.0,0.0,0.0,0.0,0.0,0.0,0.0,0.0,0.0,0.0,0.0,0.0,0.0,0.0
37700,4711,2442,0.5183612821057101,1173,960,0.45277011250265337,1327,0.5633623434514965,0.414,2.972234464521816,3.1198514765069674,6.624203821656051,2.2436435697344783,8378.307323285926,506.3582304259829,7853.0,8866.4,8866.4,0.0,7853.0,0.0,27.862661855232435,20.91665107346611,32.62276954008545,19.276501437897508,0.13627679898110803,0.10040331139885375,0.09361069836552749,0.09000212269157291,0.09148800679261303,0.07195924432180004,0.06559116960305668,0.064317554659308,0.0573126724686903,0.05009552112078115,0.04457652303120357,0.03714710252600297,0.03184037359371683,0.02526002971768202,0.02016556994268733,0.01337295690936107,0.006580343876034812,0.8495090489831858,0.03434251688591755,0.0,0.0,0.0,0.0,0.0,0.0,0.0,0.0,0.0,0.0,0.0,0.0,0.0,0.0,0.0,0.0,0.0,0.0,0.0,0.0,0.012736149437486737,0.0382084483124602,0.35661218424962865,1.5920186796858367,6.839312247930377,12.755253661642966,6.508172362555722,1.4837614094672047,0.32477181065591176,0.08915304606240716,4.180441224892986,2.913477261955162,4.8,2.1039645117412666,1.1482041587901701,4.11483870967742,2.896444840821402,4.254497001998668,2.923950826854953,1.0339401619783528,0.3977,0.01029,0.0,0.0,0.0,0.0,0.0,0.0,0.0,0.0,0.0,0.0,0.0382084483124602,17.964338781575012,11.96561239651879,0.03184037359371684,0.0,0.0,0.0,0.0,0.0,0.0,0.0,0.0,0.0,0.0,0.0,0.0,0.0,0.0,0.0,0.0,nan,nan,4.18348623853211,2.9103719089212436,nan,0.3977,0.05075,0.0,0.0,0.0,0.0,0.0,0.0,0.0,0.0,0.0,0.0,0.0,0.0,0.0,0.0,0.0,0.0,0.0,0.0,0.0,0.0,0.0,0.0,0.0,2.1226915729144554e-05,0.0,1.0613457864572277e-05,0.005773721078327319,0.0,0.012417745701549564,0.011876459350456378,0.009679473572489918,0.015867119507535554,0.01701337295690936,0.044608363404797284,0.05059435364041605,0.04248567183188283,0.06360645298238166,0.058023774145616644,0.0421142008066228,0.06385056251326682,0.09159414137125875,0.09744215665463808,0.09768626618552324,0.08379324984079813,0.0457121630227128,0.04830184674166844,0.02501592018679686,0.0116005094459775,0.018032264911908298,0.004924644449161537,0.013341116535767352,0.014827000636807471,0.0034918276374442795,0.0009233708342177881,0.0019316493313521546,3.1840373593716835e-05,0.0033750796009339844,0.0,3.1840373593716835e-05,0.0,0.0,0.0,0.0,0.0,0.0,0.0,0.0,0.0,0.0,0.0,0.0,0.0,0.0,0.0,0.0,0.0,0.0,0.0,0.0,0.0,0.0,0.0,0.0,0.0,0.0,0.0,0.0,0.0,0.0,0.0,0.0,0.0,0.0,0.0,0.0,0.0,0.0,0.0,0.0,0.0,0.0,nan,nan,4.18348623853211,2.9103719089212436,nan,0.8494244387265018,0.033853511528814446,0.0,0.0,0.0,0.0,0.0,0.0,0.0,0.0,0.0,0.0,0.0,0.0,0.0,0.0,0.0,0.0,0.0,0.0,0.0,0.0,0.012285012285012288,0.03685503685503686,0.257985257985258,1.683046683046678,7.063882063882065,12.61670761670762,6.314496314496316,1.6953316953316957,0.24570024570024573,0.07371007371007372,0.8496001103524333,0.03486091405951597,0.0,0.0,0.0,0.0,0.0,0.0,0.0,0.0,0.0,0.0,0.0,0.0,0.0,0.0,0.0,0.0,0.0,0.0,0.0,0.0,0.013221683561040108,0.039665050683120325,0.4627589246364038,1.4940502423975273,6.597620096959014,12.904363155575146,6.716615249008376,1.2560599382988102,0.4098721903922434,0.10577346848832087,0.3977,0.01024,0.0,0.0,0.0,0.0,0.0,0.0,0.0,0.0,0.0,0.0,0.024570024570024575,17.972972972972947,11.97788697788698,0.024570024570024575,0.0,0.0,0.0,0.0,0.0,0.0,0.0,0.0,0.0,0.0,0.0,0.0,0.0,0.0,0.0,0.0,0.3977,0.01035,0.0,0.0,0.0,0.0,0.0,0.0,0.0,0.0,0.0,0.0,0.05288673424416043,17.95504627589244,11.952401939180259,0.039665050683120325,0.0,0.0,0.0,0.0,0.0,0.0,0.0,0.0,0.0,0.0,0.0,0.0,0.0,0.0,0.0,0.0
37800,4675,2403,0.5140106951871658,1123,939,0.4410695187165775,1302,0.5570053475935829,0.41,2.9713908450704225,3.08856509291218,6.505327245053272,2.041514104687554,8373.898438502674,506.50103094079253,7853.0,8866.4,8866.399999999998,1.8189894035458565e-12,7853.0,0.0,28.189304812834223,21.072127040699726,33.07489210459507,19.359238714166036,0.13518716577540107,0.1039572192513369,0.09133689839572193,0.08919786096256685,0.08192513368983957,0.06994652406417112,0.07037433155080214,0.06160427807486631,0.05390374331550802,0.05625668449197861,0.04770053475935829,0.043422459893048125,0.029518716577540106,0.027593582887700533,0.01818181818181818,0.012406417112299466,0.0074866310160427805,0.8487265084899046,0.034772321270795575,0.0,0.0,0.0,0.0,0.0,0.0,0.0,0.0,0.0,0.0,0.0,0.0,0.0,0.0,0.0,0.0,0.0,0.0,0.0,0.0064171122994652425,0.0,0.03208556149732621,0.25668449197860965,1.7582887700534704,7.206417112299467,12.7572192513369,6.057754010695189,1.398930481283423,0.39144385026737977,0.1347593582887701,4.242333333333334,2.8691940602816595,4.846153846153846,2.741312258646994,1.1423321708542105,4.234741784037559,2.8733424493748587,4.257725180802104,2.863423206292376,1.0054273431384124,0.3977,0.01041,0.0,0.0,0.0,0.0,0.0,0.0,0.0,0.0,0.0,0.0,0.012834224598930485,17.794652406417086,12.17967914438503,0.012834224598930485,0.0,0.0,0.0,0.0,0.0,0.0,0.0,0.0,0.0,0.0,0.0,0.0,0.0,0.0,0.0,0.0,nan,nan,4.244938599402589,2.8689275363178566,nan,0.3977,0.051,0.0,0.0,0.0,0.0,0.0,0.0,0.0,0.0,0.0,0.0,0.0,0.0,0.0,0.0,0.0,0.0,0.0,0.0,0.0,0.0,0.0,0.0,1.0695187165775402e-05,0.0,0.0,0.0,0.005839572192513369,4.2780748663101606e-05,0.013037433155080214,0.013144385026737967,0.009155080213903743,0.01544385026737968,0.01706951871657754,0.044032085561497326,0.048042780748663104,0.04236363636363636,0.06371122994652406,0.05801069518716578,0.04303743315508021,0.06638502673796791,0.09170053475935828,0.09417112299465241,0.09638502673796791,0.08294117647058824,0.048609625668449195,0.047411764705882355,0.02546524064171123,0.010877005347593583,0.020502673796791444,0.005368983957219252,0.012160427807486631,0.015508021390374332,0.0031871657754010694,0.0006524064171122995,0.001411764705882353,6.41711229946524e-05,0.00425668449197861,0.0,0.0,0.0,0.0,0.0,0.0,0.0,0.0,0.0,0.0,0.0,0.0,0.0,0.0,0.0,0.0,0.0,0.0,0.0,0.0,0.0,0.0,0.0,0.0,0.0,0.0,0.0,0.0,0.0,0.0,0.0,0.0,0.0,0.0,0.0,0.0,0.0,0.0,0.0,0.0,0.0,0.0,0.0,0.0,nan,nan,4.244938599402589,2.8689275363178566,nan,0.8482193933444077,0.03525826039646235,0.0,0.0,0.0,0.0,0.0,0.0,0.0,0.0,0.0,0.0,0.0,0.0,0.0,0.0,0.0,0.0,0.0,0.0,0.0,0.01248439450686642,0.0,0.03745318352059926,0.2621722846441948,1.6729088639200949,7.715355805243447,12.347066167290889,6.129837702871412,1.2484394506866419,0.42446941323345827,0.14981273408239704,0.8492628631090194,0.03424269127062024,0.0,0.0,0.0,0.0,0.0,0.0,0.0,0.0,0.0,0.0,0.0,0.0,0.0,0.0,0.0,0.0,0.0,0.0,0.0,0.0,0.0,0.02640845070422536,0.25088028169014087,1.848591549295769,6.668133802816903,13.191021126760566,5.981514084507044,1.5580985915492962,0.35651408450704236,0.1188380281690141,0.3975,0.01033,0.0,0.0,0.0,0.0,0.0,0.0,0.0,0.0,0.0,0.0,0.01248439450686642,18.10237203495628,11.872659176029966,0.01248439450686642,0.0,0.0,0.0,0.0,0.0,0.0,0.0,0.0,0.0,0.0,0.0,0.0,0.0,0.0,0.0,0.0,0.3982,0.010475,0.0,0.0,0.0,0.0,0.0,0.0,0.0,0.0,0.0,0.0,0.01320422535211268,17.469190140845043,12.504401408450708,0.01320422535211268,0.0,0.0,0.0,0.0,0.0,0.0,0.0,0.0,0.0,0.0,0.0,0.0,0.0,0.0,0.0,0.0
37900,4851,2485,0.5122655122655123,1192,989,0.44959802102659246,1375,0.5668934240362812,0.39799999999999996,2.9623837700760776,3.0668552427704383,6.4827067669172935,2.157013783657059,8372.12987012987,506.5475183322433,7853.0,8866.4,8866.4,0.0,7853.0,0.0,28.567099567099568,21.06298487653334,33.50818870691762,19.226387872730697,0.1383219954648526,0.09750566893424037,0.08802308802308802,0.08431251288394145,0.07730364873222016,0.07194392908678623,0.06926406926406926,0.06782106782106782,0.05998763141620284,0.05730777159348588,0.050917336631622345,0.03772418058132344,0.034425891568748715,0.027004741290455575,0.01834673263244692,0.013193156050298907,0.006596578025149453,0.8502714755952395,0.034218271138179,0.0,0.0,0.0,0.0,0.0,0.0,0.0,0.0,0.0,0.0,0.0,0.0,0.0,0.0,0.0,0.0,0.0,0.0,0.0,0.0,0.0,0.037105751391465686,0.3092145949288807,1.5646258503401311,6.7903525046382205,12.479901051329625,6.722325293753867,1.7439703153988872,0.272108843537415,0.080395794681509,4.227431105479886,2.829922050336458,4.5,2.796681707207413,1.0644762475648133,4.178459611772072,2.8386079440265073,4.280356007628735,2.820703022998258,1.0243861148183862,0.398,0.01038,0.0,0.0,0.0,0.0,0.0,0.0,0.0,0.0,0.0,0.0,0.04947433518862091,17.32220160791587,12.628324056895488,0.0,0.0,0.0,0.0,0.0,0.0,0.0,0.0,0.0,0.0,0.0,0.0,0.0,0.0,0.0,0.0,0.0,nan,nan,4.228634500157679,2.829833852049758,nan,0.398,0.0508,0.0,0.0,0.0,0.0,0.0,0.0,0.0,0.0,0.0,0.0,0.0,0.0,0.0,0.0,0.0,0.0,0.0,0.0,0.0,0.0,0.0,0.0,0.0,0.0,0.0,0.0,0.006101834673263245,5.1535765821480104e-05,0.011935683364254792,0.012801484230055659,0.009183673469387756,0.015244279529993816,0.017377860235003092,0.04250669964955679,0.048556998556998555,0.042444856730571016,0.06271902700474129,0.05775097917955061,0.04349618635332921,0.06868686868686869,0.09437229437229437,0.09298082869511441,0.09763966192537621,0.08273551844980416,0.04872191300762729,0.046433725005153574,0.024211502782931354,0.010678210678210679,0.020439084724799012,0.005442176870748299,0.011760461760461761,0.015594722737579881,0.0031436817151102867,0.0007524221809936095,0.0012059369202226345,6.184291898577613e-05,0.004968047825190682,0.0,0.0,0.0,0.0,0.0,0.0,0.0,0.0,0.0,0.0,0.0,0.0,0.0,0.0,0.0,0.0,0.0,0.0,0.0,0.0,0.0,0.0,0.0,0.0,0.0,0.0,0.0,0.0,0.0,0.0,0.0,0.0,0.0,0.0,0.0,0.0,0.0,0.0,0.0,0.0,0.0,0.0,0.0,0.0,nan,nan,4.228634500157679,2.829833852049758,nan,0.8509303822603744,0.03482870323216194,0.0,0.0,0.0,0.0,0.0,0.0,0.0,0.0,0.0,0.0,0.0,0.0,0.0,0.0,0.0,0.0,0.0,0.0,0.0,0.0,0.0,0.04828973843058351,0.35010060362173046,1.496981891348084,6.748490945674046,12.265593561368211,6.845070422535213,1.8350100603621735,0.31388329979879287,0.09657947686116702,0.8495794286540476,0.033551255904992625,0.0,0.0,0.0,0.0,0.0,0.0,0.0,0.0,0.0,0.0,0.0,0.0,0.0,0.0,0.0,0.0,0.0,0.0,0.0,0.0,0.0,0.025359256128486905,0.26627218934911245,1.6356720202874,6.834319526627221,12.70498732037194,6.593406593406595,1.6483516483516487,0.22823330515638213,0.06339814032121725,0.398,0.01039,0.0,0.0,0.0,0.0,0.0,0.0,0.0,0.0,0.0,0.0,0.08450704225352115,17.54124748490943,12.374245472837025,0.0,0.0,0.0,0.0,0.0,0.0,0.0,0.0,0.0,0.0,0.0,0.0,0.0,0.0,0.0,0.0,0.0,0.398,0.01039,0.0,0.0,0.0,0.0,0.0,0.0,0.0,0.0,0.0,0.0,0.012679628064243453,17.092138630600143,12.895181741335591,0.0,0.0,0.0,0.0,0.0,0.0,0.0,0.0,0.0,0.0,0.0,0.0,0.0,0.0,0.0,0.0,0.0
38000,4579,2407,0.525660624590522,1143,936,0.4540292640314479,1275,0.5568901506879231,0.422,3.0124309392265194,3.1122836567619823,6.651465798045603,2.070190820636231,8385.704476960034,506.03226890983433,7853.0,8866.4,8866.4,0.0,7853.0,0.0,28.27167503821795,21.007637190354544,33.1962156557802,19.21446222287798,0.1384581786416248,0.09827473247433938,0.09478051976414065,0.08517143481109413,0.0786197859794715,0.06988425420397466,0.0692290893208124,0.06311421707796462,0.059620004367765884,0.05437868530246779,0.05350513212491811,0.04018344616728543,0.031229526097401178,0.027516925092815024,0.018563005022930772,0.011356191308145884,0.006114872242847783,0.8511413799984847,0.03509285912707203,0.0,0.0,0.0,0.0,0.0,0.0,0.0,0.0,0.0,0.0,0.0,0.0,0.0,0.0,0.0,0.0,0.0,0.0,0.0,0.0,0.006551648831622627,0.05896483948460364,0.3210307927495087,1.539637475431312,6.119240008735534,12.965713037781178,6.846473029045645,1.651015505568902,0.3603406857392445,0.13103297663245253,4.212737127371274,2.8549154755670783,3.875,2.496873044429772,0.9198295271791572,4.145790554414784,2.801674796358678,4.272908366533865,2.9015307886069586,1.0306618992085153,0.3977,0.01056,0.0,0.0,0.0,0.0,0.0,0.0,0.0,0.0,0.0,0.0,0.03930989298973576,17.420834243284535,12.526752566062463,0.013103297663245254,0.0,0.0,0.0,0.0,0.0,0.0,0.0,0.0,0.0,0.0,0.0,0.0,0.0,0.0,0.0,0.0,nan,nan,4.210916442048518,2.8532129656791163,nan,0.3977,0.05084,0.0,0.0,0.0,0.0,0.0,0.0,0.0,0.0,0.0,0.0,0.0,0.0,0.0,0.0,0.0,0.0,0.0,0.0,0.0,0.0,0.0,0.0,1.0919414719371043e-05,0.0,0.0,0.0,0.00649705175802577,2.1838829438742085e-05,0.011913081458833807,0.013365363616510155,0.008517143481109412,0.014435466259008517,0.018945184538108756,0.042105263157894736,0.04764140642061585,0.04438742083424328,0.06515614763048701,0.05725049137366237,0.041362742956977505,0.06727451408604498,0.09527189342651234,0.0941908713692946,0.09906093033413409,0.08140423673291111,0.04699716095217296,0.04704083861105045,0.023181917449224723,0.011683773749727015,0.01962218825070976,0.006093033413409042,0.010569993448351168,0.015734876610613673,0.0032758244158113126,0.0007316007861978597,0.0016379122079056563,8.735531775496834e-05,0.004531557108538982,0.0,0.0,0.0,0.0,0.0,0.0,0.0,0.0,0.0,0.0,0.0,0.0,0.0,0.0,0.0,0.0,0.0,0.0,0.0,0.0,0.0,0.0,0.0,0.0,0.0,0.0,0.0,0.0,0.0,0.0,0.0,0.0,0.0,0.0,0.0,0.0,0.0,0.0,0.0,0.0,0.0,0.0,0.0,0.0,nan,nan,4.210916442048518,2.8532129656791163,nan,0.8512925684179663,0.0354623729544494,0.0,0.0,0.0,0.0,0.0,0.0,0.0,0.0,0.0,0.0,0.0,0.0,0.0,0.0,0.0,0.0,0.0,0.0,0.0,0.0,0.01246364769422518,0.06231823847112589,0.3365184877440799,1.4333194848358908,6.4312422102201925,12.737847943498133,6.767760697964272,1.6950560864146245,0.3988367262152058,0.12463647694225179,0.8509738337159376,0.034677996672269694,0.0,0.0,0.0,0.0,0.0,0.0,0.0,0.0,0.0,0.0,0.0,0.0,0.0,0.0,0.0,0.0,0.0,0.0,0.0,0.0,0.0,0.0552486187845304,0.3038674033149172,1.6574585635359063,5.773480662983427,13.2182320441989,6.933701657458565,1.6022099447513816,0.3176795580110498,0.138121546961326,0.3977,0.01073,0.0,0.0,0.0,0.0,0.0,0.0,0.0,0.0,0.0,0.0,0.037390943082675536,17.5862068965517,12.351474864977153,0.02492729538845036,0.0,0.0,0.0,0.0,0.0,0.0,0.0,0.0,0.0,0.0,0.0,0.0,0.0,0.0,0.0,0.0,0.398,0.01037,0.0,0.0,0.0,0.0,0.0,0.0,0.0,0.0,0.0,0.0,0.041436464088397795,17.237569060773456,12.720994475138125,0.0,0.0,0.0,0.0,0.0,0.0,0.0,0.0,0.0,0.0,0.0,0.0,0.0,0.0,0.0,0.0,0.0
38100,4839,2499,0.5164290142591444,1174,1000,0.4492663773506923,1386,0.5728456292622442,0.39799999999999996,2.950854700854701,3.0482829894903727,6.44213649851632,2.1817435529692877,8376.349163050216,506.42639679397354,7853.0,8866.4,8866.4,0.0,7853.0,0.0,28.031411448646416,20.88019350914883,32.999015748031496,19.090426626846966,0.1407315561066336,0.09960735689191982,0.09278776606736928,0.08100847282496383,0.0816284356271957,0.07811531308121512,0.06964248811737962,0.06013639181649101,0.06344286009506096,0.049183715643728046,0.047943790039264314,0.04112419921471378,0.03347799132052077,0.026658400495970243,0.016945649927671006,0.011572638974994833,0.005992973754908039,0.8494906847721833,0.0346606232986494,0.0,0.0,0.0,0.0,0.0,0.0,0.0,0.0,0.0,0.0,0.0,0.0,0.0,0.0,0.0,0.0,0.0,0.0,0.0,0.0,0.006199628022318662,0.055796652200867956,0.3471791692498451,1.5003099814011112,7.055176689398637,12.796032238065719,6.267823930564168,1.4631122132672043,0.3781773093614384,0.1301921884686919,4.22172236503856,2.8278028596231954,3.8125,2.4036105653786763,0.903067437966205,4.186119873817034,2.83890220009753,4.254215304798962,2.813063328857927,1.016266956760566,0.3977,0.010056,0.0,0.0,0.0,0.0,0.0,0.0,0.0,0.0,0.0,0.0,0.03099814011159331,17.780533168009892,12.182269063856172,0.006199628022318662,0.0,0.0,0.0,0.0,0.0,0.0,0.0,0.0,0.0,0.0,0.0,0.0,0.0,0.0,0.0,0.0,nan,nan,4.21962915601023,2.825945893847855,nan,0.3977,0.0509,0.0,0.0,0.0,0.0,0.0,0.0,0.0,0.0,0.0,0.0,0.0,0.0,0.0,0.0,0.0,0.0,0.0,0.0,0.0,0.0,0.0,0.0,0.0,1.0332713370531101e-05,1.0332713370531101e-05,2.0665426741062202e-05,0.00665426741062203,7.232899359371771e-05,0.011779293242405457,0.013535854515395743,0.008576152097540814,0.014569125852448853,0.01904319074188882,0.04348005786319487,0.04646621202727836,0.04683818970861748,0.06413515189088655,0.05901012605910312,0.039377970655094026,0.06762760901012606,0.09473031618102914,0.08942963422194668,0.09683818970861749,0.08605083694978301,0.044151684232279394,0.04996900185988841,0.024064889439966937,0.011417648274436866,0.018908865468071915,0.006881587104773714,0.011252324860508369,0.016170696424881174,0.002655507336226493,0.0005682992353792106,0.001725563132878694,5.166356685265551e-05,0.0039160983674312875,1.0332713370531101e-05,0.0,0.0,0.0,0.0,0.0,0.0,0.0,0.0,0.0,0.0,0.0,0.0,0.0,0.0,0.0,0.0,0.0,0.0,0.0,0.0,0.0,0.0,0.0,0.0,0.0,0.0,0.0,0.0,0.0,0.0,0.0,0.0,0.0,0.0,0.0,0.0,0.0,0.0,0.0,0.0,0.0,0.0,0.0,nan,nan,4.21962915601023,2.825945893847855,nan,0.8499944273258696,0.03455349128906556,0.0,0.0,0.0,0.0,0.0,0.0,0.0,0.0,0.0,0.0,0.0,0.0,0.0,0.0,0.0,0.0,0.0,0.0,0.0,0.0,0.0,0.04801920768307324,0.3001200480192077,1.5366146458583385,6.854741896758705,12.78511404561825,6.542617046818729,1.392557022809124,0.4201680672268909,0.1200480192076831,0.8489527135577977,0.0347666116492143,0.0,0.0,0.0,0.0,0.0,0.0,0.0,0.0,0.0,0.0,0.0,0.0,0.0,0.0,0.0,0.0,0.0,0.0,0.0,0.0,0.012820512820512824,0.06410256410256411,0.3974358974358975,1.461538461538457,7.269230769230771,12.80769230769231,5.974358974358976,1.5384615384615388,0.3333333333333334,0.14102564102564105,0.3977,0.00996,0.0,0.0,0.0,0.0,0.0,0.0,0.0,0.0,0.0,0.0,0.04801920768307324,17.61104441776708,12.340936374549823,0.0,0.0,0.0,0.0,0.0,0.0,0.0,0.0,0.0,0.0,0.0,0.0,0.0,0.0,0.0,0.0,0.0,0.3975,0.01016,0.0,0.0,0.0,0.0,0.0,0.0,0.0,0.0,0.0,0.0,0.012820512820512824,17.961538461538435,12.012820512820516,0.012820512820512824,0.0,0.0,0.0,0.0,0.0,0.0,0.0,0.0,0.0,0.0,0.0,0.0,0.0,0.0,0.0,0.0
38200,4687,2382,0.5082142095156816,1170,970,0.4565820354171112,1343,0.5730744612758695,0.40599999999999997,2.950542299349241,3.0545554204401792,6.381954887218045,2.192599809079821,8368.024279923191,506.63161800637766,7853.0,8866.4,8866.4,0.0,7853.0,0.0,28.331555365905697,20.899695240352585,33.308980213089804,19.049533965893264,0.1391081715382974,0.09259654363132068,0.08982291444420738,0.08960955835289097,0.0812886707915511,0.07680819287390656,0.06656710049071901,0.06422018348623854,0.057392788564113506,0.05867292511201195,0.048645188820140815,0.03797738425432046,0.03541711115852358,0.02496266268401963,0.02026882867505867,0.008534243652656284,0.00810753147002347,0.8499761937726198,0.03457929230994201,0.0,0.0,0.0,0.0,0.0,0.0,0.0,0.0,0.0,0.0,0.0,0.0,0.0,0.0,0.0,0.0,0.0,0.0,0.0,0.0,0.006400682739492214,0.057606144655429924,0.31363345423511846,1.5425645402176185,6.970343503307021,12.494132707488802,6.528696394282059,1.6193727330915302,0.37764028163004065,0.089609558352891,4.24535679374389,2.8461269627817605,4.857142857142857,3.136356914300021,1.1441071017400744,4.267798824297844,2.8896764922634217,4.229529335912314,2.8064914569868282,0.9910329680565891,0.3975,0.00993,0.0,0.0,0.0,0.0,0.0,0.0,0.0,0.0,0.0,0.0,0.01920204821847664,17.83230211222528,12.148495839556222,0.0,0.0,0.0,0.0,0.0,0.0,0.0,0.0,0.0,0.0,0.0,0.0,0.0,0.0,0.0,0.0,0.0,nan,nan,4.248134933506325,2.8478088370169634,nan,0.3975,0.05035,0.0,0.0,0.0,0.0,0.0,0.0,0.0,0.0,0.0,0.0,0.0,0.0,0.0,0.0,0.0,0.0,0.0,0.0,0.0,0.0,0.0,0.0,0.0,0.0,8.534243652656283e-05,5.3339022829101774e-05,0.006005973970556859,4.2671218263281416e-05,0.010945167484531683,0.013708128867079155,0.008054192447194367,0.016631107318113934,0.01801792191167058,0.04548751866865799,0.045604864518882016,0.04646895668871346,0.06334542351184126,0.05977170898229144,0.039513548111798594,0.06616172391721784,0.09561553232344784,0.08875613398762534,0.09996799658630254,0.08795604864518881,0.04133774269255387,0.04957328781736719,0.02703221676978878,0.01173458502240239,0.01747386387881374,0.008096863665457648,0.010379773842543205,0.01445487518668658,0.0026882867505867293,0.0005227224237251974,0.0012161297205035204,2.1335609131640708e-05,0.0032750160017068486,0.0,0.0,0.0,0.0,0.0,0.0,0.0,0.0,0.0,0.0,0.0,0.0,0.0,0.0,0.0,0.0,0.0,0.0,0.0,0.0,0.0,0.0,0.0,0.0,0.0,0.0,0.0,0.0,0.0,0.0,0.0,0.0,0.0,0.0,0.0,0.0,0.0,0.0,0.0,0.0,0.0,0.0,0.0,0.0,nan,nan,4.248134933506325,2.8478088370169634,nan,0.849741163997466,0.03425342703465915,0.0,0.0,0.0,0.0,0.0,0.0,0.0,0.0,0.0,0.0,0.0,0.0,0.0,0.0,0.0,0.0,0.0,0.0,0.0,0.0,0.012594458438287156,0.037783375314861464,0.28967254408060455,1.624685138539038,6.964735516372797,12.468513853904286,6.59949622166247,1.5743073047858946,0.34005037783375325,0.0881612090680101,0.8502190748678112,0.034911185444357506,0.0,0.0,0.0,0.0,0.0,0.0,0.0,0.0,0.0,0.0,0.0,0.0,0.0,0.0,0.0,0.0,0.0,0.0,0.0,0.0,0.0,0.07809110629067247,0.3383947939262474,1.4577006507592145,6.976138828633407,12.520607375271153,6.455531453362258,1.6659436008676793,0.41648590021691984,0.09110629067245121,0.3972,0.00986,0.0,0.0,0.0,0.0,0.0,0.0,0.0,0.0,0.0,0.0,0.025188916876574312,18.173803526448335,11.801007556675065,0.0,0.0,0.0,0.0,0.0,0.0,0.0,0.0,0.0,0.0,0.0,0.0,0.0,0.0,0.0,0.0,0.0,0.3975,0.01002,0.0,0.0,0.0,0.0,0.0,0.0,0.0,0.0,0.0,0.0,0.013015184381778745,17.479392624728824,12.507592190889374,0.0,0.0,0.0,0.0,0.0,0.0,0.0,0.0,0.0,0.0,0.0,0.0,0.0,0.0,0.0,0.0,0.0
38300,4743,2390,0.5039004849251528,1136,1013,0.4530887623866751,1358,0.5726333544170357,0.38999999999999996,2.857628559286018,2.996194325576602,6.412420382165605,2.099508253396824,8363.65275142315,506.6845821180931,7853.0,8866.4,8866.399999999998,1.8189894035458565e-12,7853.0,0.0,27.925574530887623,20.782127978335307,32.80565990483346,19.022158721759222,0.13978494623655913,0.10225595614589922,0.0915032679738562,0.07885304659498207,0.08264811300864432,0.07569049125026354,0.07526881720430108,0.06641366223908918,0.05840185536580224,0.04933586337760911,0.044275774826059454,0.040059034366434744,0.03520978283786633,0.026143790849673203,0.017710309930423784,0.011806873286949189,0.004638414505587181,0.8511706362438182,0.035355732650154195,0.0,0.0,0.0,0.0,0.0,0.0,0.0,0.0,0.0,0.0,0.0,0.0,0.0,0.0,0.0,0.0,0.0,0.0,0.0,0.0,0.012650221378874133,0.0569259962049336,0.37950664136622403,1.378874130297276,6.5338393421884895,12.846299810246682,6.660341555977231,1.4927261227071478,0.48070841239721707,0.15812776723592664,4.206873977086743,2.7997694344210835,3.411764705882353,2.1436314303868937,0.8109976016550411,4.199739752765127,2.758282009874882,4.201434159061278,2.832659781428185,1.0004034550700518,0.3977,0.01005,0.0,0.0,0.0,0.0,0.0,0.0,0.0,0.0,0.0,0.0,0.037950664136622396,17.760910815939255,12.188488298545227,0.012650221378874133,0.0,0.0,0.0,0.0,0.0,0.0,0.0,0.0,0.0,0.0,0.0,0.0,0.0,0.0,0.0,0.0,nan,nan,4.202473958333333,2.797184061015083,nan,0.3977,0.05017,0.0,0.0,0.0,0.0,0.0,0.0,0.0,0.0,0.0,0.0,0.0,0.0,0.0,0.0,0.0,0.0,0.0,0.0,0.0,0.0,0.0,0.0,1.0541851149061775e-05,0.0,7.379295804343243e-05,2.108370229812355e-05,0.006325110689437065,0.00022137887413029727,0.010647269660552393,0.013862534261016234,0.00801180687328695,0.015053763440860216,0.0170988825637782,0.04430740037950664,0.04537212734556188,0.04573055028462998,0.06422095720008433,0.05903436643474594,0.037897954880877084,0.06807927472064094,0.09755429053341767,0.09000632511068944,0.09898798228969007,0.08770820156019397,0.04018553658022349,0.051275563989036474,0.027809403331224964,0.011880666244992621,0.018912080961416826,0.008306978705460679,0.009930423782416192,0.01354627872654438,0.0030255112797807297,0.0005376344086021505,0.0011912291798439807,5.2709255745308875e-05,0.0031203879401222856,0.0,0.0,0.0,0.0,0.0,0.0,0.0,0.0,0.0,0.0,0.0,0.0,0.0,0.0,0.0,0.0,0.0,0.0,0.0,0.0,0.0,0.0,0.0,0.0,0.0,0.0,0.0,0.0,0.0,0.0,0.0,0.0,0.0,0.0,0.0,0.0,0.0,0.0,0.0,0.0,0.0,0.0,0.0,0.0,nan,nan,4.202473958333333,2.797184061015083,nan,0.8508596611821003,0.03508724234212417,0.0,0.0,0.0,0.0,0.0,0.0,0.0,0.0,0.0,0.0,0.0,0.0,0.0,0.0,0.0,0.0,0.0,0.0,0.0,0.0,0.0,0.06276150627615064,0.37656903765690386,1.4686192468619201,6.615062761506278,12.74058577405858,6.715481171548118,1.5062761506276154,0.3514644351464436,0.16317991631799167,0.8514865012661326,0.035623594624106115,0.0,0.0,0.0,0.0,0.0,0.0,0.0,0.0,0.0,0.0,0.0,0.0,0.0,0.0,0.0,0.0,0.0,0.0,0.0,0.0,0.025499362515937107,0.05099872503187421,0.3824904377390566,1.2877178070548196,6.451338716532089,12.953676158096052,6.604334891627711,1.4789630259243522,0.6119847003824905,0.15299617509562263,0.3977,0.01013,0.0,0.0,0.0,0.0,0.0,0.0,0.0,0.0,0.0,0.0,0.025104602510460258,17.874476987447675,12.087866108786613,0.012552301255230129,0.0,0.0,0.0,0.0,0.0,0.0,0.0,0.0,0.0,0.0,0.0,0.0,0.0,0.0,0.0,0.0,0.398,0.00996,0.0,0.0,0.0,0.0,0.0,0.0,0.0,0.0,0.0,0.0,0.05099872503187421,17.645558861028448,12.290692732681686,0.012749681257968553,0.0,0.0,0.0,0.0,0.0,0.0,0.0,0.0,0.0,0.0,0.0,0.0,0.0,0.0,0.0,0.0
38400,4570,2353,0.5148796498905908,1139,928,0.4522975929978118,1283,0.5614879649890591,0.40199999999999997,2.9833107803337846,3.0407236350943436,6.391371340523883,2.0541932308691755,8374.779037199125,506.4755795071933,7853.0,8866.4,8866.399999999998,1.8189894035458565e-12,7853.0,0.0,28.207877461706783,21.060164499719015,33.2562630480167,19.24953128029827,0.1437636761487965,0.08840262582056893,0.09277899343544858,0.09234135667396061,0.07789934354485777,0.07964989059080962,0.06695842450765864,0.06301969365426696,0.059956236323851206,0.05010940919037199,0.03960612691466083,0.043982494529540485,0.036980306345733044,0.02538293216630197,0.019912472647702406,0.01312910284463895,0.00612691466083151,0.8521394265950117,0.03603070549244238,0.0,0.0,0.0,0.0,0.0,0.0,0.0,0.0,0.0,0.0,0.0,0.0,0.0,0.0,0.0,0.0,0.0,0.0,0.0,0.006564551422319476,0.026258205689277905,0.07221006564551423,0.31509846827133486,1.4376367614879606,6.40043763676149,12.400437636761492,7.010940919037201,1.7330415754923418,0.413566739606127,0.18380743982494535,4.2190444145356665,2.839848279820862,4.588235294117647,3.010937386369348,1.087505805416512,4.170355466130114,2.826853328261951,4.271695594125501,2.854086136113816,1.0243001175363657,0.398,0.0102,0.0,0.0,0.0,0.0,0.0,0.0,0.0,0.0,0.0,0.0,0.01969365426695843,17.527352297592973,12.452954048140047,0.0,0.0,0.0,0.0,0.0,0.0,0.0,0.0,0.0,0.0,0.0,0.0,0.0,0.0,0.0,0.0,0.0,nan,nan,4.221144195383071,2.8409861499249702,nan,0.398,0.0501,0.0,0.0,0.0,0.0,0.0,0.0,0.0,0.0,0.0,0.0,0.0,0.0,0.0,0.0,0.0,0.0,0.0,0.0,0.0,0.0,0.0,0.0,0.0,0.0,8.7527352297593e-05,1.0940919037199125e-05,0.006444201312910285,0.00044857768052516413,0.009715536105032823,0.015175054704595186,0.007669584245076587,0.015098468271334792,0.017297592997811816,0.04312910284463895,0.04550328227571116,0.04525164113785558,0.06513129102844639,0.0587417943107221,0.03688183807439825,0.06659737417943107,0.09820568927789934,0.09169584245076587,0.09682713347921225,0.09022975929978118,0.04106126914660831,0.05142231947483589,0.02712253829321663,0.013019693654266959,0.01823851203501094,0.008479212253829322,0.008851203501094092,0.013161925601750547,0.003851203501094092,0.0008315098468271335,0.0011706783369803064,0.0,0.002647702407002188,0.0,0.0,0.0,0.0,0.0,0.0,0.0,0.0,0.0,0.0,0.0,0.0,0.0,0.0,0.0,0.0,0.0,0.0,0.0,0.0,0.0,0.0,0.0,0.0,0.0,0.0,0.0,0.0,0.0,0.0,0.0,0.0,0.0,0.0,0.0,0.0,0.0,0.0,0.0,0.0,0.0,0.0,0.0,0.0,nan,nan,4.221144195383071,2.8409861499249702,nan,0.852649336184434,0.03633073034909766,0.0,0.0,0.0,0.0,0.0,0.0,0.0,0.0,0.0,0.0,0.0,0.0,0.0,0.0,0.0,0.0,0.0,0.0,0.0,0.012749681257968553,0.025499362515937107,0.03824904377390566,0.3314917127071824,1.4789630259243474,6.362090947726308,12.150446238844031,7.254568635784107,1.6702082447938806,0.48448788780280505,0.1912452188695283,0.8515982370307761,0.03570155275634625,0.0,0.0,0.0,0.0,0.0,0.0,0.0,0.0,0.0,0.0,0.0,0.0,0.0,0.0,0.0,0.0,0.0,0.0,0.0,0.0,0.027063599458728018,0.10825439783491207,0.29769959404600815,1.3937753721244883,6.441136671177269,12.665764546684713,6.75236806495264,1.799729364005413,0.33829499323410017,0.17591339648173213,0.3977,0.01019,0.0,0.0,0.0,0.0,0.0,0.0,0.0,0.0,0.0,0.0,0.012749681257968553,17.658308542286417,12.328941776455592,0.0,0.0,0.0,0.0,0.0,0.0,0.0,0.0,0.0,0.0,0.0,0.0,0.0,0.0,0.0,0.0,0.0,0.398,0.01019,0.0,0.0,0.0,0.0,0.0,0.0,0.0,0.0,0.0,0.0,0.027063599458728018,17.388362652232722,12.584573748308529,0.0,0.0,0.0,0.0,0.0,0.0,0.0,0.0,0.0,0.0,0.0,0.0,0.0,0.0,0.0,0.0,0.0
38500,4508,2344,0.5199645075421473,1063,906,0.4367790594498669,1262,0.5598935226264419,0.418,3.017097966728281,3.0888242425109604,6.440322580645161,2.2014628331223647,8379.932031943212,506.2959163211261,7853.0,8866.4,8866.4,0.0,7853.0,0.0,28.267968056787932,21.366059412218085,33.24808656637635,19.6729984213157,0.13842058562555457,0.09937888198757763,0.09849157054125998,0.08096716947648624,0.08163265306122448,0.07542147293700088,0.07342502218278615,0.05789707187222715,0.053016858917480036,0.048580301685891746,0.04791481810115351,0.0417036379769299,0.031721384205856254,0.027950310559006212,0.022404614019520853,0.011535048802129548,0.009538598047914819,0.851134613909971,0.035330396381419146,0.0,0.0,0.0,0.0,0.0,0.0,0.0,0.0,0.0,0.0,0.0,0.0,0.0,0.0,0.0,0.0,0.0,0.0,0.0,0.0,0.02661934338952973,0.059893522626441896,0.3127772848269743,1.457409050576748,6.501774622892637,12.684117125110918,6.787932564330082,1.6370896184560786,0.35270629991126895,0.17968056787932568,4.258937868795557,2.8380339630425553,4.0625,2.946793808531571,0.9538763243683782,4.19986216402481,2.814019247061836,4.316044260027662,2.8620384379269024,1.0276633116672365,0.3977,0.01025,0.0,0.0,0.0,0.0,0.0,0.0,0.0,0.0,0.0,0.0,0.05323868677905946,17.34915705412597,12.577639751552798,0.019964507542147295,0.0,0.0,0.0,0.0,0.0,0.0,0.0,0.0,0.0,0.0,0.0,0.0,0.0,0.0,0.0,0.0,nan,nan,4.257852951328961,2.838683413615002,nan,0.3977,0.05032,0.0,0.0,0.0,0.0,0.0,0.0,0.0,0.0,0.0,0.0,0.0,0.0,0.0,0.0,0.0,0.0,0.0,0.0,0.0,0.0,0.0,0.0,0.0,0.0,0.00021073646850044365,0.0,0.006577196095829636,0.0006543921916592724,0.009660603371783497,0.015217391304347827,0.007508873114463177,0.014962289263531499,0.017114019520851818,0.04474267968056788,0.04564108251996451,0.04427684117125111,0.06558340727595385,0.059826974267968056,0.03743345164152618,0.06888864241348713,0.09487577639751553,0.08748890860692103,0.09657275953859805,0.08923025732031943,0.043733362910381546,0.05186335403726708,0.026142413487133986,0.012455634427684117,0.019498669032830523,0.009194764862466726,0.0100377107364685,0.01266637089618456,0.0031721384205856255,0.0005102040816326531,0.001419698314108252,4.4365572315882877e-05,0.002761756876663709,0.0,3.327417923691216e-05,0.0,0.0,0.0,0.0,0.0,0.0,0.0,0.0,0.0,0.0,0.0,0.0,0.0,0.0,0.0,0.0,0.0,0.0,0.0,0.0,0.0,0.0,0.0,0.0,0.0,0.0,0.0,0.0,0.0,0.0,0.0,0.0,0.0,0.0,0.0,0.0,0.0,0.0,0.0,0.0,0.0,0.0,nan,nan,4.257852951328961,2.838683413615002,nan,0.851201916920854,0.03529314152679656,0.0,0.0,0.0,0.0,0.0,0.0,0.0,0.0,0.0,0.0,0.0,0.0,0.0,0.0,0.0,0.0,0.0,0.0,0.0,0.0,0.03839590443686008,0.05119453924914677,0.2815699658703072,1.4334470989761048,6.373720136518773,12.977815699658706,6.668088737201367,1.5998293515358366,0.3839590443686008,0.1919795221843004,0.8510617126819167,0.03537056131260989,0.0,0.0,0.0,0.0,0.0,0.0,0.0,0.0,0.0,0.0,0.0,0.0,0.0,0.0,0.0,0.0,0.0,0.0,0.0,0.0,0.013863216266173756,0.06931608133086878,0.34658040665434386,1.4833641404805868,6.640480591497229,12.36598890942699,6.917744916820704,1.6774491682070245,0.31885397412199634,0.16635859519408505,0.3977,0.01021,0.0,0.0,0.0,0.0,0.0,0.0,0.0,0.0,0.0,0.0,0.07679180887372015,17.495733788395878,12.427474402730379,0.0,0.0,0.0,0.0,0.0,0.0,0.0,0.0,0.0,0.0,0.0,0.0,0.0,0.0,0.0,0.0,0.0,0.398,0.010284,0.0,0.0,0.0,0.0,0.0,0.0,0.0,0.0,0.0,0.0,0.027726432532347512,17.190388170055428,12.740295748613681,0.04158964879852126,0.0,0.0,0.0,0.0,0.0,0.0,0.0,0.0,0.0,0.0,0.0,0.0,0.0,0.0,0.0,0.0
38600,4648,2379,0.5118330464716007,1082,970,0.4414802065404475,1336,0.5748709122203098,0.40199999999999997,2.878360511238431,3.053830798826826,6.438871473354232,2.1703025472247655,8371.691609294321,506.55808285578877,7853.0,8866.4,8866.399999999998,1.8189894035458565e-12,7853.0,0.0,27.916092943201377,21.00255740230567,32.83009211873081,19.296541002705606,0.13855421686746988,0.10283993115318417,0.09466437177280551,0.08971600688468158,0.07551635111876076,0.07487091222030981,0.06970740103270223,0.06368330464716007,0.056583476764199656,0.050344234079173836,0.048407917383821,0.0391566265060241,0.03442340791738382,0.02302065404475043,0.018717728055077452,0.012478485370051634,0.007314974182444062,0.8516787418040884,0.03350156797918445,0.0,0.0,0.0,0.0,0.0,0.0,0.0,0.0,0.0,0.0,0.0,0.0,0.0,0.0,0.0,0.0,0.0,0.0,0.0,0.0,0.019363166953528403,0.07745266781411361,0.29044750430292604,1.2392426850258136,6.247848537005165,12.953958691910502,7.1966437177280564,1.613597246127367,0.30981067125645445,0.051635111876075744,4.215679676985195,2.821325092626062,4.7894736842105265,3.1884486801812546,1.136109489143083,4.174056915949702,2.7963319823173816,4.265540540540541,2.8515811838971836,1.0219171962512696,0.3975,0.009926,0.0,0.0,0.0,0.0,0.0,0.0,0.0,0.0,0.0,0.0,0.03227194492254734,18.11101549053354,11.856712564543892,0.0,0.0,0.0,0.0,0.0,0.0,0.0,0.0,0.0,0.0,0.0,0.0,0.0,0.0,0.0,0.0,0.0,nan,nan,4.219324640588432,2.8241757945780757,nan,0.3975,0.0502,0.0,0.0,0.0,0.0,0.0,0.0,0.0,0.0,0.0,0.0,0.0,0.0,0.0,0.0,0.0,0.0,0.0,0.0,0.0,0.0,0.0,0.0,0.0,0.0,0.0002689328743545611,1.0757314974182445e-05,0.005679862306368331,0.0009574010327022375,0.009369621342512909,0.015232358003442342,0.00713209982788296,0.016135972461273667,0.017448364888123923,0.04684810671256454,0.04796686746987952,0.04357788296041308,0.06469449225473321,0.059122203098106715,0.039866609294320135,0.06494191049913942,0.09362091222030981,0.08623063683304648,0.09915017211703958,0.08753227194492255,0.0462026678141136,0.05118330464716007,0.025376506024096385,0.014221170395869192,0.01896514629948365,0.008035714285714285,0.010133390705679863,0.012661359724612737,0.003098106712564544,0.0008390705679862307,0.0011295180722891566,7.530120481927712e-05,0.002259036144578313,0.0,3.227194492254733e-05,0.0,0.0,0.0,0.0,0.0,0.0,0.0,0.0,0.0,0.0,0.0,0.0,0.0,0.0,0.0,0.0,0.0,0.0,0.0,0.0,0.0,0.0,0.0,0.0,0.0,0.0,0.0,0.0,0.0,0.0,0.0,0.0,0.0,0.0,0.0,0.0,0.0,0.0,0.0,0.0,0.0,0.0,nan,nan,4.219324640588432,2.8241757945780757,nan,0.8512382772150237,0.033407143178206755,0.0,0.0,0.0,0.0,0.0,0.0,0.0,0.0,0.0,0.0,0.0,0.0,0.0,0.0,0.0,0.0,0.0,0.0,0.0,0.0,0.012610340479192942,0.10088272383354353,0.20176544766708707,1.4375788146279906,6.00252206809584,13.190416141235817,7.187894073139977,1.50063051702396,0.30264817150063056,0.0630517023959647,0.8521405598990136,0.033594084213997795,0.0,0.0,0.0,0.0,0.0,0.0,0.0,0.0,0.0,0.0,0.0,0.0,0.0,0.0,0.0,0.0,0.0,0.0,0.0,0.0,0.026443367122080216,0.05288673424416043,0.38342882327016314,1.0312913177611251,6.505068312031733,12.706037902159546,7.205817540766859,1.7320405464962543,0.3173204054649626,0.039665050683120325,0.3975,0.00987,0.0,0.0,0.0,0.0,0.0,0.0,0.0,0.0,0.0,0.0,0.03783102143757882,18.259773013871346,11.70239596469105,0.0,0.0,0.0,0.0,0.0,0.0,0.0,0.0,0.0,0.0,0.0,0.0,0.0,0.0,0.0,0.0,0.0,0.3975,0.00999,0.0,0.0,0.0,0.0,0.0,0.0,0.0,0.0,0.0,0.0,0.026443367122080216,17.95504627589244,12.018510356985459,0.0,0.0,0.0,0.0,0.0,0.0,0.0,0.0,0.0,0.0,0.0,0.0,0.0,0.0,0.0,0.0,0.0
38700,4520,2392,0.5292035398230088,1118,916,0.45,1245,0.5508849557522124,0.418,2.882048872180451,3.01822427215242,6.412891986062718,2.1892772419206126,8389.294867256636,505.8349867615543,7853.0,8866.4,8866.4,0.0,7853.0,0.0,27.936946902654867,20.903460302674752,33.00449735449735,19.10556114188456,0.14314159292035397,0.09911504424778761,0.09269911504424778,0.08495575221238938,0.07942477876106195,0.075,0.0670353982300885,0.0661504424778761,0.05707964601769912,0.05442477876106195,0.047787610619469026,0.0413716814159292,0.032964601769911506,0.023672566371681417,0.016150442477876108,0.011504424778761062,0.00752212389380531,0.8529771659754019,0.03409037057730327,0.0,0.0,0.0,0.0,0.0,0.0,0.0,0.0,0.0,0.0,0.0,0.0,0.0,0.0,0.0,0.0,0.0,0.0,0.0,0.006637168141592922,0.033185840707964605,0.04646017699115045,0.27212389380530977,1.2743362831858367,5.946902654867258,12.776548672566374,7.367256637168143,1.865044247787611,0.3584070796460178,0.053097345132743376,4.087405368203717,2.851075251244254,4.857142857142857,3.419631201024521,1.1883193418805473,4.110959836623554,2.8757943285587078,4.070985527222605,2.8327717503517076,0.9902761615317117,0.3977,0.01017,0.0,0.0,0.0,0.0,0.0,0.0,0.0,0.0,0.0,0.0,0.006637168141592922,17.8805309734513,12.099557522123897,0.013274336283185844,0.0,0.0,0.0,0.0,0.0,0.0,0.0,0.0,0.0,0.0,0.0,0.0,0.0,0.0,0.0,0.0,nan,nan,4.091095890410959,2.854566666557068,nan,0.3977,0.05054,0.0,0.0,0.0,0.0,0.0,0.0,0.0,0.0,0.0,0.0,0.0,0.0,0.0,0.0,0.0,0.0,0.0,0.0,0.0,0.0,0.0,0.0,0.0,1.1061946902654867e-05,7.743362831858407e-05,3.3185840707964604e-05,0.005287610619469026,0.0011061946902654867,0.009690265486725663,0.014712389380530974,0.008584070796460177,0.015608407079646018,0.017146017699115043,0.04713495575221239,0.04865044247787611,0.04597345132743363,0.061106194690265486,0.059679203539823006,0.03880530973451327,0.06680309734513275,0.09001106194690266,0.08337389380530974,0.10283185840707965,0.09040929203539823,0.044192477876106195,0.04948008849557522,0.026836283185840706,0.012201327433628319,0.01879424778761062,0.008307522123893806,0.01081858407079646,0.013805309734513275,0.0036172566371681417,0.001073008849557522,0.0012721238938053097,2.2123893805309735e-05,0.002511061946902655,0.0,3.3185840707964604e-05,0.0,0.0,0.0,0.0,0.0,0.0,0.0,0.0,0.0,0.0,0.0,0.0,0.0,0.0,0.0,0.0,0.0,0.0,0.0,0.0,0.0,0.0,0.0,0.0,0.0,0.0,0.0,0.0,0.0,0.0,0.0,0.0,0.0,0.0,0.0,0.0,0.0,0.0,0.0,0.0,0.0,0.0,nan,nan,4.091095890410959,2.854566666557068,nan,0.8534851973022904,0.03370683759647524,0.0,0.0,0.0,0.0,0.0,0.0,0.0,0.0,0.0,0.0,0.0,0.0,0.0,0.0,0.0,0.0,0.0,0.0,0.0,0.0,0.025083612040133787,0.03762541806020067,0.26337792642140473,1.2667224080267518,5.794314381270905,12.892976588628766,7.261705685618731,2.081939799331104,0.351170568561873,0.025083612040133787,0.8524061082057038,0.034507469901288494,0.0,0.0,0.0,0.0,0.0,0.0,0.0,0.0,0.0,0.0,0.0,0.0,0.0,0.0,0.0,0.0,0.0,0.0,0.0,0.014097744360902258,0.04229323308270677,0.05639097744360903,0.2819548872180452,1.2828947368421013,6.1184210526315805,12.645676691729326,7.4859022556390995,1.62124060150376,0.3665413533834588,0.08458646616541354,0.3977,0.01021,0.0,0.0,0.0,0.0,0.0,0.0,0.0,0.0,0.0,0.0,0.012541806020066893,17.633779264214024,12.328595317725755,0.025083612040133787,0.0,0.0,0.0,0.0,0.0,0.0,0.0,0.0,0.0,0.0,0.0,0.0,0.0,0.0,0.0,0.0,0.3977,0.01014,0.0,0.0,0.0,0.0,0.0,0.0,0.0,0.0,0.0,0.0,0.0,18.157894736842078,11.842105263157897,0.0,0.0,0.0,0.0,0.0,0.0,0.0,0.0,0.0,0.0,0.0,0.0,0.0,0.0,0.0,0.0,0.0
38800,4604,2409,0.5232406602953953,1132,939,0.4498262380538662,1296,0.5629887054735013,0.418,2.90250569476082,3.036838079489617,6.399014778325123,2.133492172170847,8383.252085143355,506.15233802225987,7853.0,8866.4,8866.399999999998,1.8189894035458565e-12,7853.0,0.0,28.21763683753258,21.00200606801991,32.985369609856264,19.309128542978353,0.13357949609035621,0.1027367506516073,0.09404865334491747,0.08731537793223285,0.07819287576020852,0.06841876629018245,0.0714596003475239,0.07167680278019113,0.05755864465682016,0.05147697654213727,0.04691572545612511,0.037793223284100785,0.03301476976542137,0.026498696785403997,0.021285838401390096,0.010425716768027803,0.007602085143353606,0.8555969092946379,0.035370374368857496,0.0,0.0,0.0,0.0,0.0,0.0,0.0,0.0,0.0,0.0,0.0,0.0,0.0,0.0,0.0,0.0,0.0,0.0,0.0,0.0,0.019548218940052133,0.0586446568201564,0.24761077324066033,1.1207645525629852,5.636403127715032,12.778019113814079,7.337098175499567,2.1177237185056477,0.48218940052128595,0.20199826238053872,4.174496644295302,2.829569520758861,4.470588235294118,2.5464542143427487,1.0709286930206166,4.1846049046321525,2.8577744326065817,4.168083714846305,2.7993508643603366,0.996051911670906,0.398,0.01013,0.0,0.0,0.0,0.0,0.0,0.0,0.0,0.0,0.0,0.0,0.039096437880104265,17.2219808861859,12.719374456993922,0.019548218940052133,0.0,0.0,0.0,0.0,0.0,0.0,0.0,0.0,0.0,0.0,0.0,0.0,0.0,0.0,0.0,0.0,nan,nan,4.176176176176176,2.828130946575371,nan,0.398,0.05072,0.0,0.0,0.0,0.0,0.0,0.0,0.0,0.0,0.0,0.0,0.0,0.0,0.0,0.0,0.0,0.0,0.0,0.0,0.0,0.0,0.0,0.0,0.0,0.0,4.3440486533449174e-05,0.0001737619461337967,0.005603822762814944,0.0012706342311033885,0.00923110338835795,0.014932667245873154,0.00762380538662033,0.015475673327541269,0.020569070373588183,0.04355994787141616,0.04947871416159861,0.046459600347523895,0.056657254561251084,0.06039313640312771,0.04020417028670721,0.06566029539530843,0.08905299739357081,0.0830364900086881,0.10475673327541268,0.09237619461337968,0.04127932232841008,0.05013032145960035,0.027443527367506517,0.013401390095569071,0.018831450912250216,0.008394874022589052,0.011403127715030409,0.012945264986967854,0.004658992180712424,0.0011946133796698524,0.001585577758470895,2.1720243266724587e-05,0.002139443961772372,0.0,1.0860121633362293e-05,0.0,0.0,0.0,0.0,0.0,0.0,0.0,0.0,0.0,0.0,0.0,0.0,0.0,0.0,0.0,0.0,0.0,0.0,0.0,0.0,0.0,0.0,0.0,0.0,0.0,0.0,0.0,0.0,0.0,0.0,0.0,0.0,0.0,0.0,0.0,0.0,0.0,0.0,0.0,0.0,0.0,0.0,nan,nan,4.176176176176176,2.828130946575371,nan,0.8550516335288239,0.03497132486279224,0.0,0.0,0.0,0.0,0.0,0.0,0.0,0.0,0.0,0.0,0.0,0.0,0.0,0.0,0.0,0.0,0.0,0.0,0.0,0.0,0.03735990037359901,0.06226650062266502,0.22415940224159406,0.9713574097135711,5.67870485678705,13.312577833125781,6.936488169364883,2.0921544209215446,0.5105853051058531,0.17434620174346208,0.8561953463424039,0.035793650426288334,0.0,0.0,0.0,0.0,0.0,0.0,0.0,0.0,0.0,0.0,0.0,0.0,0.0,0.0,0.0,0.0,0.0,0.0,0.0,0.0,0.0,0.05466970387243737,0.27334851936218685,1.284738041002274,5.589977220956721,12.191343963553534,7.7767653758542155,2.1457858769931666,0.4510250569476083,0.23234624145785882,0.398,0.0101,0.0,0.0,0.0,0.0,0.0,0.0,0.0,0.0,0.0,0.0,0.03735990037359901,17.52179327521791,12.428393524283939,0.012453300124533004,0.0,0.0,0.0,0.0,0.0,0.0,0.0,0.0,0.0,0.0,0.0,0.0,0.0,0.0,0.0,0.0,0.3982,0.01015,0.0,0.0,0.0,0.0,0.0,0.0,0.0,0.0,0.0,0.0,0.041002277904328026,16.89293849658312,13.038724373576313,0.027334851936218686,0.0,0.0,0.0,0.0,0.0,0.0,0.0,0.0,0.0,0.0,0.0,0.0,0.0,0.0,0.0,0.0
38900,4631,2368,0.5113366443532714,1058,953,0.4342474627510257,1294,0.5588425825955518,0.414,2.9036676977463545,3.0076496636718177,6.3715670436187395,1.9994100826147534,8371.188555387605,506.5697415905393,7853.0,8866.4,8866.399999999998,1.8189894035458565e-12,7853.0,0.0,27.70978190455625,20.85292062550545,32.616709511568125,19.14759016754066,0.14359749514143813,0.09889872597711077,0.1012740228892248,0.0855106888361045,0.075793565104729,0.07125890736342043,0.06499676095875621,0.06953141870006478,0.057438998056575256,0.052688404232347226,0.0405959835888577,0.04469876916432736,0.03541351759879076,0.0259123299503347,0.01705895055063701,0.009717123731375513,0.0056143381559058516,0.8575864157520188,0.034960887784883675,0.0,0.0,0.0,0.0,0.0,0.0,0.0,0.0,0.0,0.0,0.0,0.0,0.0,0.0,0.0,0.0,0.0,0.0,0.0,0.0,0.006478082487583677,0.012956164975167354,0.25264521701576337,1.0947959404016379,5.175987907579358,12.275966313971068,8.363204491470526,2.0924206434895276,0.5247246814942778,0.20082055711509397,4.315825609337453,2.7895297618558006,4.125,1.6909686573085854,0.9557846802418072,4.334248455730954,2.76215986356949,4.293916609706083,2.8109268116674944,0.9906946160477852,0.398,0.010605,0.0,0.0,0.0,0.0,0.0,0.0,0.0,0.0,0.0,0.0,0.03239041243791838,17.38717339667456,12.548045778449582,0.03239041243791838,0.0,0.0,0.0,0.0,0.0,0.0,0.0,0.0,0.0,0.0,0.0,0.0,0.0,0.0,0.0,0.0,nan,nan,4.315302978432044,2.7871302729005123,nan,0.398,0.05084,0.0,0.0,0.0,0.0,0.0,0.0,0.0,0.0,0.0,0.0,0.0,0.0,0.0,0.0,0.0,0.0,0.0,0.0,0.0,0.0,0.0,0.0,0.0,0.0,6.478082487583676e-05,0.0003778881451090477,0.0052904340315266685,0.001759879075793565,0.008961347441157418,0.014651263226085079,0.008626646512632261,0.01523429064996761,0.02239257179874757,0.04435327143165623,0.04885553876052688,0.047430360613258477,0.05502051392787735,0.060624055279637226,0.03728136471604405,0.06605484776506154,0.09017490822716476,0.08086806305333621,0.10602461671345281,0.09189160008637444,0.04255020513927878,0.050053984020729865,0.027326711293457137,0.01175771971496437,0.0198013388037141,0.009879075793565105,0.010224573526236234,0.013010148995897215,0.004761390628374001,0.001349600518246599,0.0017922694882314834,2.1593608291945583e-05,0.0015331461887281364,0.0,0.0,0.0,0.0,0.0,0.0,0.0,0.0,0.0,0.0,0.0,0.0,0.0,0.0,0.0,0.0,0.0,0.0,0.0,0.0,0.0,0.0,0.0,0.0,0.0,0.0,0.0,0.0,0.0,0.0,0.0,0.0,0.0,0.0,0.0,0.0,0.0,0.0,0.0,0.0,0.0,0.0,0.0,0.0,nan,nan,4.315302978432044,2.7871302729005123,nan,0.8576961757766234,0.036035232596333254,0.0,0.0,0.0,0.0,0.0,0.0,0.0,0.0,0.0,0.0,0.0,0.0,0.0,0.0,0.0,0.0,0.0,0.0,0.0,0.0,0.012668918918918921,0.0,0.2787162162162163,1.2162162162162125,5.181587837837839,11.9847972972973,8.272804054054056,2.1917229729729732,0.633445945945946,0.2280405405405406,0.857471563017479,0.03379977135217747,0.0,0.0,0.0,0.0,0.0,0.0,0.0,0.0,0.0,0.0,0.0,0.0,0.0,0.0,0.0,0.0,0.0,0.0,0.0,0.0,0.0,0.026513477684489622,0.2253645603181618,0.967741935483868,5.1701281484754755,12.580645161290326,8.457799381352189,1.9885108263367215,0.41095890410958913,0.17233760494918254,0.3977,0.01068,0.0,0.0,0.0,0.0,0.0,0.0,0.0,0.0,0.0,0.0,0.038006756756756764,17.571790540540515,12.35219594594595,0.038006756756756764,0.0,0.0,0.0,0.0,0.0,0.0,0.0,0.0,0.0,0.0,0.0,0.0,0.0,0.0,0.0,0.0,0.398,0.01052,0.0,0.0,0.0,0.0,0.0,0.0,0.0,0.0,0.0,0.0,0.026513477684489622,17.19399027839149,12.752982766239509,0.026513477684489622,0.0,0.0,0.0,0.0,0.0,0.0,0.0,0.0,0.0,0.0,0.0,0.0,0.0,0.0,0.0,0.0
39000,4958,2500,0.5042355788624445,1138,1070,0.445340863251311,1443,0.582089552238806,0.38599999999999995,2.9621643612693247,3.019295237118172,6.307799442896936,2.123281321399664,8363.992335619201,506.6818191478079,7853.0,8866.4,8866.4,0.0,7853.0,0.0,28.487696651875755,20.977930495386207,33.35004775549188,19.1871521478068,0.13392496974586526,0.09963695038321904,0.09217426381605485,0.0808793868495361,0.08027430415490117,0.07644211375554659,0.07341670028237192,0.060508269463493344,0.05506252521177894,0.05526421944332392,0.0500201694231545,0.045784590560709965,0.03469140782573618,0.024606696248487294,0.018959257765227916,0.013110125050423558,0.0052440500201694235,0.8572048359746267,0.0351632275962321,0.0,0.0,0.0,0.0,0.0,0.0,0.0,0.0,0.0,0.0,0.0,0.0,0.0,0.0,0.0,0.0,0.0,0.0,0.0,0.0,0.0,0.054457442517144024,0.2057281161758774,1.288826139572404,5.082694634933443,12.04114562323518,8.380395320693829,2.3114158935054463,0.5143202904396935,0.12101653892698672,4.259179265658747,2.824403802487948,4.166666666666667,3.131382371342656,0.9782792427315755,4.232317073170732,2.8291262974249975,4.28580285182889,2.8217608135426606,1.0126374696728684,0.3975,0.00982,0.0,0.0,0.0,0.0,0.0,0.0,0.0,0.0,0.0,0.0,0.036304961678096014,17.75917708753527,12.204517950786611,0.0,0.0,0.0,0.0,0.0,0.0,0.0,0.0,0.0,0.0,0.0,0.0,0.0,0.0,0.0,0.0,0.0,nan,nan,4.258837995696281,2.825603070251179,nan,0.3975,0.0506,0.0,0.0,0.0,0.0,0.0,0.0,0.0,0.0,0.0,0.0,0.0,0.0,0.0,0.0,0.0,0.0,0.0,0.0,0.0,0.0,0.0,0.0,0.0,0.0,9.076240419524002e-05,0.0002016942315449778,0.00472972972972973,0.002127874142799516,0.009247680516337233,0.014552238805970149,0.007210568777732957,0.01598426784993949,0.021218233158531666,0.046409842678499395,0.05009076240419524,0.045774505849132716,0.05246066962484873,0.06391690197660346,0.039471561113352156,0.06699273900766438,0.0913574021782977,0.08532674465510287,0.10351956434045986,0.08768656716417911,0.03909842678499395,0.04882008874546188,0.029195240016135538,0.01282775312626059,0.020744251714400967,0.009883017345703913,0.009590560709963695,0.01209156918112142,0.004739814441306979,0.0014118596208148447,0.0014219443323920935,0.0,0.0017749092375958047,0.0,3.0254134731746673e-05,0.0,0.0,0.0,0.0,0.0,0.0,0.0,0.0,0.0,0.0,0.0,0.0,0.0,0.0,0.0,0.0,0.0,0.0,0.0,0.0,0.0,0.0,0.0,0.0,0.0,0.0,0.0,0.0,0.0,0.0,0.0,0.0,0.0,0.0,0.0,0.0,0.0,0.0,0.0,0.0,0.0,0.0,nan,nan,4.258837995696281,2.825603070251179,nan,0.8567686682224274,0.03533511554651926,0.0,0.0,0.0,0.0,0.0,0.0,0.0,0.0,0.0,0.0,0.0,0.0,0.0,0.0,0.0,0.0,0.0,0.0,0.0,0.0,0.0,0.08400000000000002,0.18000000000000005,1.295999999999996,5.088000000000002,12.288000000000002,8.232000000000001,2.2560000000000002,0.4680000000000001,0.10800000000000003,0.857648456552535,0.03498195833854114,0.0,0.0,0.0,0.0,0.0,0.0,0.0,0.0,0.0,0.0,0.0,0.0,0.0,0.0,0.0,0.0,0.0,0.0,0.0,0.0,0.0,0.024410089503661518,0.23189585028478443,1.2815296989422253,5.077298616761596,11.790073230268513,8.5313262815297,2.3677786818551674,0.5614320585842149,0.13425549227013836,0.3977,0.00974,0.0,0.0,0.0,0.0,0.0,0.0,0.0,0.0,0.0,0.0,0.024000000000000004,17.687999999999974,12.288000000000002,0.0,0.0,0.0,0.0,0.0,0.0,0.0,0.0,0.0,0.0,0.0,0.0,0.0,0.0,0.0,0.0,0.0,0.3972,0.009895,0.0,0.0,0.0,0.0,0.0,0.0,0.0,0.0,0.0,0.0,0.048820179007323036,17.831570382424708,12.119609438567945,0.0,0.0,0.0,0.0,0.0,0.0,0.0,0.0,0.0,0.0,0.0,0.0,0.0,0.0,0.0,0.0,0.0
39100,4950,2574,0.52,1222,1001,0.4490909090909091,1407,0.5684848484848485,0.40199999999999997,2.904040404040404,2.9771945483691344,6.173410404624278,2.16954443402785,8379.967999999999,506.29447772615475,7853.0,8866.4,8866.399999999998,1.8189894035458565e-12,7853.0,0.0,28.17919191919192,20.82753643843842,33.15504807692308,18.98546378400703,0.1412121212121212,0.09434343434343434,0.09333333333333334,0.07939393939393939,0.08262626262626263,0.07393939393939394,0.07515151515151515,0.06303030303030303,0.06323232323232324,0.050101010101010104,0.050101010101010104,0.03676767676767677,0.035555555555555556,0.027676767676767678,0.016767676767676768,0.01191919191919192,0.0048484848484848485,0.8556476672851678,0.033161489907188965,0.0,0.0,0.0,0.0,0.0,0.0,0.0,0.0,0.0,0.0,0.0,0.0,0.0,0.0,0.0,0.0,0.0,0.0,0.0,0.0,0.006060606060606062,0.012121212121212125,0.21212121212121215,1.1151515151515117,5.624242424242426,12.593939393939397,8.006060606060608,1.9939393939393943,0.33939393939393947,0.096969696969697,4.178171641791045,2.819778870055546,3.090909090909091,2.8429992311112526,0.7397755180742454,4.156886967263743,2.766176043090558,4.192164179104478,2.874188320275553,1.0084864496240935,0.3977,0.009895,0.0,0.0,0.0,0.0,0.0,0.0,0.0,0.0,0.0,0.0,0.030303030303030307,17.58787878787876,12.375757575757579,0.006060606060606062,0.0,0.0,0.0,0.0,0.0,0.0,0.0,0.0,0.0,0.0,0.0,0.0,0.0,0.0,0.0,0.0,nan,nan,4.1744654477843195,2.8205703265687894,nan,0.3977,0.0501,0.0,0.0,0.0,0.0,0.0,0.0,0.0,0.0,0.0,0.0,0.0,0.0,0.0,0.0,0.0,0.0,0.0,0.0,0.0,0.0,0.0,0.0,0.0,0.0,0.0001313131313131313,0.0002323232323232323,0.004090909090909091,0.0014444444444444444,0.008424242424242424,0.01504040404040404,0.0071111111111111115,0.015636363636363636,0.020464646464646463,0.04672727272727273,0.05095959595959596,0.04606060606060606,0.05218181818181818,0.06260606060606061,0.03973737373737374,0.0693939393939394,0.09162626262626263,0.08293939393939394,0.10490909090909091,0.08823232323232323,0.03893939393939394,0.04951515151515151,0.03201010101010101,0.013646464646464646,0.018737373737373737,0.00997979797979798,0.009121212121212122,0.01106060606060606,0.0044444444444444444,0.0012222222222222222,0.0013737373737373738,2.0202020202020203e-05,0.00196969696969697,0.0,0.0,1.0101010101010101e-05,0.0,0.0,0.0,0.0,0.0,0.0,0.0,0.0,0.0,0.0,0.0,0.0,0.0,0.0,0.0,0.0,0.0,0.0,0.0,0.0,0.0,0.0,0.0,0.0,0.0,0.0,0.0,0.0,0.0,0.0,0.0,0.0,0.0,0.0,0.0,0.0,0.0,0.0,0.0,0.0,0.0,nan,nan,4.1744654477843195,2.8205703265687894,nan,0.8549646555265903,0.03326204774452659,0.0,0.0,0.0,0.0,0.0,0.0,0.0,0.0,0.0,0.0,0.0,0.0,0.0,0.0,0.0,0.0,0.0,0.0,0.0,0.0,0.011655011655011658,0.011655011655011658,0.2214452214452215,1.1888111888111852,5.675990675990677,12.634032634032637,7.867132867132868,1.96969696969697,0.34965034965034975,0.06993006993006994,0.8563875966902935,0.0330362757024258,0.0,0.0,0.0,0.0,0.0,0.0,0.0,0.0,0.0,0.0,0.0,0.0,0.0,0.0,0.0,0.0,0.0,0.0,0.0,0.0,0.0,0.01262626262626263,0.20202020202020207,1.0353535353535321,5.56818181818182,12.550505050505054,8.156565656565657,2.0202020202020208,0.3282828282828284,0.1262626262626263,0.3977,0.00999,0.0,0.0,0.0,0.0,0.0,0.0,0.0,0.0,0.0,0.0,0.023310023310023315,17.7272727272727,12.23776223776224,0.011655011655011658,0.0,0.0,0.0,0.0,0.0,0.0,0.0,0.0,0.0,0.0,0.0,0.0,0.0,0.0,0.0,0.0,0.3977,0.00979,0.0,0.0,0.0,0.0,0.0,0.0,0.0,0.0,0.0,0.0,0.03787878787878789,17.436868686868664,12.525252525252528,0.0,0.0,0.0,0.0,0.0,0.0,0.0,0.0,0.0,0.0,0.0,0.0,0.0,0.0,0.0,0.0,0.0
39200,4593,2351,0.5118658828652297,1121,935,0.44763770955802307,1274,0.5547572392771609,0.426,2.9977698483496877,3.164039472679691,6.69578783151326,2.20751751605501,8371.724885695623,506.5572940191534,7853.0,8866.4,8866.4,0.0,7853.0,0.0,28.0232963204877,20.928358546291467,32.866219008264466,19.22346231750921,0.13607663836272588,0.10167646418462878,0.09514478554321794,0.08904855214456782,0.07576747224036577,0.08099281515349445,0.07032440670585674,0.059220553015458303,0.05682560418027433,0.05051164816024385,0.045504027868495535,0.039843239712606136,0.038972349227084695,0.024167210973220117,0.017200087089048553,0.011974744175919878,0.006749401262791204,0.8550481253944138,0.0341884454109217,0.0,0.0,0.0,0.0,0.0,0.0,0.0,0.0,0.0,0.0,0.0,0.0,0.0,0.0,0.0,0.0,0.0,0.0,0.0,0.0,0.0,0.06531678641410844,0.22860875244937953,1.2736773350751103,5.303723056825605,12.521227955584589,8.327890267798827,1.7112998040496412,0.4310907903331157,0.1371652514696277,4.23827202159973,2.8962123339768757,3.7333333333333334,2.7194770739161522,0.880862133036046,4.144675150703282,2.8218777585189923,4.32277628032345,2.9609304742596776,1.042971070866663,0.398,0.01012,0.0,0.0,0.0,0.0,0.0,0.0,0.0,0.0,0.0,0.0,0.013063357282821689,17.439581972566923,12.54082299150882,0.0065316786414108445,0.0,0.0,0.0,0.0,0.0,0.0,0.0,0.0,0.0,0.0,0.0,0.0,0.0,0.0,0.0,0.0,nan,nan,4.235728676964405,2.895569812004029,nan,0.398,0.04996,0.0,0.0,0.0,0.0,0.0,0.0,0.0,0.0,0.0,0.0,0.0,0.0,0.0,0.0,0.0,0.0,0.0,0.0,0.0,0.0,0.0,0.0,0.0,0.0,6.531678641410843e-05,0.00014151970389723493,0.004212932723709994,0.001045068582625735,0.008589157413455258,0.014979316350968866,0.007119529719137818,0.015523622904419769,0.018179838885260178,0.044110603091661225,0.05200304811669933,0.047757456999782275,0.05164380579142173,0.06323753537992598,0.0410842586544742,0.07069453516220335,0.09436098410624864,0.0839211844110603,0.10377748748094927,0.08521663400827346,0.03707816242107555,0.05206836490311343,0.03148269105160026,0.01410842586544742,0.016971478336599174,0.010145874156324843,0.009351186588286523,0.01196385804485086,0.004147615937295885,0.0009688656651426083,0.0018941868060091444,1.0886131069018071e-05,0.00214456782059656,0.0,0.0,0.0,0.0,0.0,0.0,0.0,0.0,0.0,0.0,0.0,0.0,0.0,0.0,0.0,0.0,0.0,0.0,0.0,0.0,0.0,0.0,0.0,0.0,0.0,0.0,0.0,0.0,0.0,0.0,0.0,0.0,0.0,0.0,0.0,0.0,0.0,0.0,0.0,0.0,0.0,0.0,0.0,0.0,nan,nan,4.235728676964405,2.895569812004029,nan,0.8551205555614843,0.034127297194747414,0.0,0.0,0.0,0.0,0.0,0.0,0.0,0.0,0.0,0.0,0.0,0.0,0.0,0.0,0.0,0.0,0.0,0.0,0.0,0.0,0.0,0.10208421948107191,0.26797107613781374,1.1229264142917872,5.270097830710338,12.67120374308805,8.192258613356021,1.7992343683538923,0.48490004253509156,0.08932369204593792,0.8549721738677488,0.03425228472437767,0.0,0.0,0.0,0.0,0.0,0.0,0.0,0.0,0.0,0.0,0.0,0.0,0.0,0.0,0.0,0.0,0.0,0.0,0.0,0.0,0.0,0.026761819803746662,0.18733273862622662,1.4317573595004416,5.3389830508474585,12.363960749330957,8.470115967885818,1.619090098126673,0.37466547725245325,0.18733273862622662,0.3977,0.01005,0.0,0.0,0.0,0.0,0.0,0.0,0.0,0.0,0.0,0.0,0.025521054870267977,17.635048915355142,12.339430029774567,0.0,0.0,0.0,0.0,0.0,0.0,0.0,0.0,0.0,0.0,0.0,0.0,0.0,0.0,0.0,0.0,0.0,0.3982,0.010185,0.0,0.0,0.0,0.0,0.0,0.0,0.0,0.0,0.0,0.0,0.0,17.23461195361282,12.752007136485284,0.013380909901873331,0.0,0.0,0.0,0.0,0.0,0.0,0.0,0.0,0.0,0.0,0.0,0.0,0.0,0.0,0.0,0.0
39300,4786,2439,0.5096113664855829,1115,1001,0.4421228583368157,1391,0.5812787296280819,0.40599999999999997,2.8512995313165743,2.9761946816884124,6.256134969325154,2.097407638936497,8369.44015879649,506.6063751144659,7853.0,8866.4,8866.4,0.0,7853.0,0.0,28.318428750522358,21.125254356392354,33.42924881457449,19.285863218937305,0.14145424153781863,0.09820309235269536,0.09047221061429168,0.08503969912244046,0.07563727538654409,0.07751776013372336,0.06644379440033431,0.06456330965315503,0.057668198913497705,0.054951943167572084,0.0442958629335562,0.04304220643543669,0.037191809444212284,0.027580442958629336,0.01817801922273297,0.010238194734642709,0.007521938988717091,0.8547018403619391,0.03410295865607658,0.0,0.0,0.0,0.0,0.0,0.0,0.0,0.0,0.0,0.0,0.0,0.0,0.0,0.0,0.0,0.0,0.0,0.0,0.0,0.0,0.006268282490597577,0.03134141245298789,0.22565816966151278,1.2661930631007063,5.610112829084832,12.799832845800253,7.735060593397411,1.780192227329712,0.42624320936063526,0.11909736732135397,4.201612903225806,2.7851560410032206,2.923076923076923,2.5558842655132534,0.6957035287169644,4.207008436080467,2.781108550364407,4.185750636132315,2.7896757149006066,0.9949470507912846,0.3977,0.01013,0.0,0.0,0.0,0.0,0.0,0.0,0.0,0.0,0.0,0.0,0.04387797743418305,17.363142498955263,12.592979523610534,0.0,0.0,0.0,0.0,0.0,0.0,0.0,0.0,0.0,0.0,0.0,0.0,0.0,0.0,0.0,0.0,0.0,nan,nan,4.196273690973338,2.7854583602205834,nan,0.3977,0.0502,0.0,0.0,0.0,0.0,0.0,0.0,0.0,0.0,0.0,0.0,0.0,0.0,0.0,0.0,0.0,0.0,0.0,0.0,0.0,0.0,0.0,0.0,1.0447137484329294e-05,7.312996239030506e-05,3.1341412452987885e-05,2.0894274968658587e-05,0.00384454659423318,0.0013476807354784789,0.009287505223568741,0.016913915587129128,0.007521938988717091,0.015493104889260343,0.0181884663602173,0.04416005014625993,0.05201629753447556,0.04665691600501463,0.05082532386126201,0.06298579189302131,0.0409423318010865,0.07099874634350188,0.09266610948600083,0.08253238612620142,0.10244463017133305,0.08447555369828667,0.037620142081069785,0.05494149603008776,0.03383827831174258,0.01509611366485583,0.015952778938570833,0.009047221061429168,0.00932929377350606,0.011282908483075638,0.004920601755119098,0.0006686167989970748,0.001995403259506895,0.0,0.0018700376096949436,0.0,0.0,0.0,0.0,0.0,0.0,0.0,0.0,0.0,0.0,0.0,0.0,0.0,0.0,0.0,0.0,0.0,0.0,0.0,0.0,0.0,0.0,0.0,0.0,0.0,0.0,0.0,0.0,0.0,0.0,0.0,0.0,0.0,0.0,0.0,0.0,0.0,0.0,0.0,0.0,0.0,0.0,0.0,0.0,nan,nan,4.196273690973338,2.7854583602205834,nan,0.8545664953814026,0.03389771217654107,0.0,0.0,0.0,0.0,0.0,0.0,0.0,0.0,0.0,0.0,0.0,0.0,0.0,0.0,0.0,0.0,0.0,0.0,0.0,0.0,0.012300123001230016,0.036900369003690044,0.2337023370233703,1.2300123001229972,5.6703567035670375,12.755227552275526,7.773677736777369,1.8081180811808122,0.3813038130381305,0.09840098400984013,0.8548424907273112,0.03431438422421918,0.0,0.0,0.0,0.0,0.0,0.0,0.0,0.0,0.0,0.0,0.0,0.0,0.0,0.0,0.0,0.0,0.0,0.0,0.0,0.0,0.0,0.025564550489987223,0.2172986791648914,1.3037920749893441,5.547507456327228,12.84618662121858,7.694929697486154,1.7511717085641247,0.47294418406476363,0.14060502769492972,0.3977,0.0101,0.0,0.0,0.0,0.0,0.0,0.0,0.0,0.0,0.0,0.0,0.061500615006150075,17.232472324723222,12.706027060270605,0.0,0.0,0.0,0.0,0.0,0.0,0.0,0.0,0.0,0.0,0.0,0.0,0.0,0.0,0.0,0.0,0.0,0.3977,0.010155,0.0,0.0,0.0,0.0,0.0,0.0,0.0,0.0,0.0,0.0,0.025564550489987223,17.498934810396225,12.475500639113765,0.0,0.0,0.0,0.0,0.0,0.0,0.0,0.0,0.0,0.0,0.0,0.0,0.0,0.0,0.0,0.0,0.0
39400,4868,2525,0.5186935086277732,1244,983,0.45747740345110927,1368,0.562037797863599,0.40599999999999997,2.966709346991037,3.061986119598429,6.362043795620438,2.223370604464598,8378.644001643386,506.34574630556074,7853.0,8866.4,8866.399999999998,1.8189894035458565e-12,7853.0,0.0,28.636400986031223,20.893833199421735,33.50983726014088,19.01773491608786,0.13599013968775678,0.09120788824979457,0.08976992604765817,0.0838126540673788,0.07990961380443715,0.07621199671322926,0.07436318816762531,0.0671733771569433,0.0642974527526705,0.049506984387838945,0.049506984387838945,0.04293344289235826,0.03204601479046836,0.028142974527526704,0.017666392769104356,0.009860312243221035,0.0076006573541495485,0.8543189239115038,0.03550566114517518,0.0,0.0,0.0,0.0,0.0,0.0,0.0,0.0,0.0,0.0,0.0,0.0,0.0,0.0,0.0,0.0,0.0,0.0,0.0,0.0,0.006162695152013149,0.04313886606409204,0.33894823336072316,1.3742810188989274,5.7682826622843075,12.214461791290061,7.641741988496304,2.033689400164339,0.4437140509449467,0.13557929334428925,4.18039950062422,2.872864190034359,4.25,2.839454172900137,1.016649245931014,4.127646326276463,2.9045453817964177,4.233581164807931,2.83967944820664,1.0256647082035808,0.3975,0.01019,0.0,0.0,0.0,0.0,0.0,0.0,0.0,0.0,0.0,0.0,0.030813475760065743,17.84716516023005,12.11585866885785,0.006162695152013149,0.0,0.0,0.0,0.0,0.0,0.0,0.0,0.0,0.0,0.0,0.0,0.0,0.0,0.0,0.0,0.0,nan,nan,4.180745341614907,2.872703306849904,nan,0.3975,0.05035,0.0,0.0,0.0,0.0,0.0,0.0,0.0,0.0,0.0,0.0,0.0,0.0,0.0,0.0,0.0,0.0,0.0,0.0,0.0,0.0,0.0,0.0,0.0,7.189811010682005e-05,0.00015406737880032867,1.0271158586688578e-05,0.004858258011503698,0.0012325390304026294,0.008925636811832375,0.01661873459326212,0.00766228430566968,0.01660846343467543,0.019381676253081348,0.04421733771569433,0.05343056696795399,0.04566557107641742,0.04694946589975349,0.06317789646672145,0.041711175020542314,0.07318200493015613,0.08894823336072309,0.08412078882497946,0.10309161873459326,0.08034100246507805,0.03852711585866886,0.05628594905505341,0.03490139687756779,0.016783073130649136,0.015786770747740344,0.008216926869350863,0.008997534921939195,0.010332785538208709,0.00520747740345111,0.0007703368940016434,0.002557518488085456,5.135579293344289e-05,0.0012119967132292523,0.0,1.0271158586688578e-05,0.0,0.0,0.0,0.0,0.0,0.0,0.0,0.0,0.0,0.0,0.0,0.0,0.0,0.0,0.0,0.0,0.0,0.0,0.0,0.0,0.0,0.0,0.0,0.0,0.0,0.0,0.0,0.0,0.0,0.0,0.0,0.0,0.0,0.0,0.0,0.0,0.0,0.0,0.0,0.0,0.0,0.0,nan,nan,4.180745341614907,2.872703306849904,nan,0.8546672542732541,0.035760131364785855,0.0,0.0,0.0,0.0,0.0,0.0,0.0,0.0,0.0,0.0,0.0,0.0,0.0,0.0,0.0,0.0,0.0,0.0,0.0,0.0,0.011881188118811885,0.0712871287128713,0.29702970297029707,1.366336633663362,5.453465346534655,12.582178217821784,7.56831683168317,2.0198019801980203,0.47524752475247534,0.1544554455445545,0.8539435358776072,0.03522551036647549,0.0,0.0,0.0,0.0,0.0,0.0,0.0,0.0,0.0,0.0,0.0,0.0,0.0,0.0,0.0,0.0,0.0,0.0,0.0,0.0,0.0,0.012804097311139568,0.384122919334187,1.3828425096030688,6.107554417413574,11.818181818181822,7.7208706786171595,2.0486555697823308,0.40973111395646616,0.1152368758002561,0.3975,0.010254,0.0,0.0,0.0,0.0,0.0,0.0,0.0,0.0,0.0,0.0,0.02376237623762377,18.142574257425718,11.821782178217825,0.011881188118811885,0.0,0.0,0.0,0.0,0.0,0.0,0.0,0.0,0.0,0.0,0.0,0.0,0.0,0.0,0.0,0.0,0.3977,0.01012,0.0,0.0,0.0,0.0,0.0,0.0,0.0,0.0,0.0,0.0,0.0384122919334187,17.528809218950038,12.43277848911652,0.0,0.0,0.0,0.0,0.0,0.0,0.0,0.0,0.0,0.0,0.0,0.0,0.0,0.0,0.0,0.0,0.0
39500,4758,2498,0.525010508617066,1186,978,0.4548129466162253,1339,0.5628415300546448,0.426,2.992920353982301,3.1538631126730152,6.840266222961731,2.1801805621403587,8385.045649432535,506.06569539422736,7853.0,8866.4,8866.4,0.0,7853.0,0.0,27.514081546868432,20.632824379977393,32.63191113355213,18.824246763248336,0.14417822614543926,0.1008827238335435,0.0878520386717108,0.09415720891130727,0.08112652374947457,0.07103825136612021,0.0748213535098781,0.06473308112652375,0.05128205128205128,0.053593947036569986,0.051492223623371164,0.03930222782681799,0.029634300126103404,0.022278268179907523,0.017234131988230348,0.010718789407313998,0.005674653215636823,0.8549629086303631,0.03503507665005342,0.0,0.0,0.0,0.0,0.0,0.0,0.0,0.0,0.0,0.0,0.0,0.0,0.0,0.0,0.0,0.0,0.0,0.0,0.0,0.0,0.006305170239596471,0.03783102143757882,0.30264817150063056,1.2105926860025182,5.838587641866332,12.225725094577557,7.900378310214378,1.8474148802017658,0.46027742749054235,0.17023959646910472,4.308524590163935,2.976006696221079,3.5384615384615383,2.872023800399149,0.821269895160771,4.346508563899868,3.000629764311065,4.264724919093851,2.9510271930142875,0.9811840598945841,0.397,0.01013,0.0,0.0,0.0,0.0,0.0,0.0,0.0,0.0,0.0,0.0,0.03152585119798235,18.50567465321561,11.456494325346787,0.006305170239596471,0.0,0.0,0.0,0.0,0.0,0.0,0.0,0.0,0.0,0.0,0.0,0.0,0.0,0.0,0.0,0.0,nan,nan,4.305256284688214,2.9759941355696578,nan,0.397,0.05035,0.0,0.0,0.0,0.0,0.0,0.0,0.0,0.0,0.0,0.0,0.0,0.0,0.0,0.0,0.0,0.0,0.0,0.0,0.0,0.0,0.0,0.0,0.0,0.0,0.0002101723413198823,5.2543085329970576e-05,0.00457124842370744,0.001639344262295082,0.008585540142917193,0.016225304749894913,0.007986548970155528,0.01585750315258512,0.02134300126103405,0.04512400168137873,0.05653635981504834,0.04364228667507356,0.048213535098781,0.06381883144178226,0.04182429592265658,0.07129045817570408,0.09370533837746953,0.08346994535519126,0.10012610340479193,0.07681799075241698,0.03792559899117276,0.056799075241698194,0.0344577553593947,0.01737074401008827,0.016561580496006725,0.0069987389659520805,0.009436738125262715,0.009499789827658681,0.004991593106347204,0.0007881462799495586,0.0033942833123160993,1.0508617065994115e-05,0.000725094577553594,0.0,0.0,0.0,0.0,0.0,0.0,0.0,0.0,0.0,0.0,0.0,0.0,0.0,0.0,0.0,0.0,0.0,0.0,0.0,0.0,0.0,0.0,0.0,0.0,0.0,0.0,0.0,0.0,0.0,0.0,0.0,0.0,0.0,0.0,0.0,0.0,0.0,0.0,0.0,0.0,0.0,0.0,0.0,0.0,nan,nan,4.305256284688214,2.9759941355696578,nan,0.8555838838875819,0.034744463913375725,0.0,0.0,0.0,0.0,0.0,0.0,0.0,0.0,0.0,0.0,0.0,0.0,0.0,0.0,0.0,0.0,0.0,0.0,0.0,0.0,0.0,0.024019215372297845,0.25220176140912737,1.2850280224179302,5.6565252201761425,12.35788630904724,7.79423538831065,1.981585268214572,0.46837469975980794,0.18014411529223384,0.8542765386336673,0.035340821355157676,0.0,0.0,0.0,0.0,0.0,0.0,0.0,0.0,0.0,0.0,0.0,0.0,0.0,0.0,0.0,0.0,0.0,0.0,0.0,0.0,0.013274336283185844,0.053097345132743376,0.3584070796460178,1.128318584070793,6.0398230088495595,12.079646017699119,8.01769911504425,1.699115044247788,0.4513274336283187,0.15929203539823011,0.397,0.01016,0.0,0.0,0.0,0.0,0.0,0.0,0.0,0.0,0.0,0.0,0.024019215372297845,18.494795836669308,11.469175340272221,0.012009607686148923,0.0,0.0,0.0,0.0,0.0,0.0,0.0,0.0,0.0,0.0,0.0,0.0,0.0,0.0,0.0,0.0,0.397,0.0101,0.0,0.0,0.0,0.0,0.0,0.0,0.0,0.0,0.0,0.0,0.03982300884955753,18.517699115044223,11.442477876106198,0.0,0.0,0.0,0.0,0.0,0.0,0.0,0.0,0.0,0.0,0.0,0.0,0.0,0.0,0.0,0.0,0.0
39600,5092,2632,0.5168892380204242,1242,1050,0.45011783189316573,1457,0.5722702278083268,0.37399999999999994,2.953252032520325,3.07095122996195,6.584770114942529,2.108071026531124,8376.815553809898,506.4108488349952,7853.0,8866.4,8866.399999999998,1.8189894035458565e-12,7853.0,0.0,28.054202670856245,20.74349120445594,32.74530706836617,19.05240131681556,0.13295365278868815,0.0974076983503535,0.09151610369206599,0.09406912804399058,0.08483896307934014,0.07266300078554595,0.0720738413197172,0.06657501963864886,0.05577376276512176,0.05420267085624509,0.04556166535742341,0.03672427336999214,0.03318931657501964,0.027690494893951294,0.016889238020424194,0.010604870384917517,0.007266300078554596,0.8548138307031458,0.03407316086643342,0.0,0.0,0.0,0.0,0.0,0.0,0.0,0.0,0.0,0.0,0.0,0.0,0.0,0.0,0.0,0.0,0.0,0.0,0.0,0.0,0.0,0.029457973291437553,0.2179890023566379,1.378633150039273,5.496857816182248,12.537313432835823,7.965435978004715,1.7910447761194033,0.49489395129615094,0.08837391987431267,4.168481548699335,2.8685222284950798,2.25,1.8763883748662837,0.5397648936942167,4.213544844417328,2.9066479632417077,4.110780226325193,2.8285739832957653,0.9756108877710674,0.397,0.01023,0.0,0.0,0.0,0.0,0.0,0.0,0.0,0.0,0.0,0.0,0.023566378633150045,18.617439120188504,11.358994501178321,0.0,0.0,0.0,0.0,0.0,0.0,0.0,0.0,0.0,0.0,0.0,0.0,0.0,0.0,0.0,0.0,0.0,nan,nan,4.1615430982519594,2.8678663311511743,nan,0.397,0.04993,0.0,0.0,0.0,0.0,0.0,0.0,0.0,0.0,0.0,0.0,0.0,0.0,0.0,0.0,0.0,0.0,0.0,0.0,0.0,0.0,0.0,0.0,0.0,0.0,0.0004516889238020424,0.00019638648860958367,0.0041928515318146115,0.001394344069128044,0.008857030636292224,0.013658680282796544,0.009102513747054203,0.01407109190887667,0.022064021995286724,0.046661429693637076,0.05392772977219167,0.0441967792615868,0.050923016496465044,0.06511194029850746,0.04383346425765907,0.07204438334642577,0.09210526315789473,0.0840141398271799,0.09946975648075412,0.07562843676355067,0.036940298507462686,0.058572270227808323,0.03497643362136685,0.017704241948153968,0.015907305577376275,0.006745875883739199,0.008994501178318931,0.008719560094265515,0.0046936370777690495,0.00048114689709347996,0.003593872741555381,0.0,0.0007462686567164179,1.9638648860958365e-05,0.0,0.0,0.0,0.0,0.0,0.0,0.0,0.0,0.0,0.0,0.0,0.0,0.0,0.0,0.0,0.0,0.0,0.0,0.0,0.0,0.0,0.0,0.0,0.0,0.0,0.0,0.0,0.0,0.0,0.0,0.0,0.0,0.0,0.0,0.0,0.0,0.0,0.0,0.0,0.0,0.0,0.0,0.0,nan,nan,4.1615430982519594,2.8678663311511743,nan,0.8541747736079353,0.03455425624664942,0.0,0.0,0.0,0.0,0.0,0.0,0.0,0.0,0.0,0.0,0.0,0.0,0.0,0.0,0.0,0.0,0.0,0.0,0.0,0.0,0.0,0.05699088145896657,0.26215805471124626,1.5615501519756791,5.4369300911854115,12.424012158054714,7.853343465045594,1.9034954407294837,0.4445288753799393,0.05699088145896657,0.8554975698391597,0.033537308351595886,0.0,0.0,0.0,0.0,0.0,0.0,0.0,0.0,0.0,0.0,0.0,0.0,0.0,0.0,0.0,0.0,0.0,0.0,0.0,0.0,0.0,0.0,0.1707317073170732,1.182926829268289,5.560975609756099,12.658536585365857,8.085365853658539,1.6707317073170735,0.5487804878048781,0.12195121951219515,0.3972,0.01041,0.0,0.0,0.0,0.0,0.0,0.0,0.0,0.0,0.0,0.0,0.011398176291793316,18.14589665653493,11.842705167173255,0.0,0.0,0.0,0.0,0.0,0.0,0.0,0.0,0.0,0.0,0.0,0.0,0.0,0.0,0.0,0.0,0.0,0.3967,0.01003,0.0,0.0,0.0,0.0,0.0,0.0,0.0,0.0,0.0,0.0,0.03658536585365854,19.12195121951217,10.841463414634148,0.0,0.0,0.0,0.0,0.0,0.0,0.0,0.0,0.0,0.0,0.0,0.0,0.0,0.0,0.0,0.0,0.0
39700,4168,2141,0.5136756238003839,997,887,0.45201535508637236,1195,0.5734165067178503,0.41,2.8490379871731624,2.9880377874910797,6.283393501805054,2.15152838808209,8373.558877159307,506.51043575022516,7853.0,8866.4,8866.4,0.0,7853.0,0.0,28.031429942418427,20.91363789881039,33.0853623603552,19.087554469093277,0.14227447216890596,0.09788867562380038,0.08805182341650672,0.08589251439539347,0.08277351247600767,0.07629558541266794,0.07005758157389635,0.06238003838771593,0.05878119001919386,0.05710172744721689,0.045105566218809984,0.036468330134357005,0.03382917466410749,0.025671785028790788,0.018234165067178502,0.013435700575815739,0.005758157389635317,0.856722656687482,0.03524684193961477,0.0,0.0,0.0,0.0,0.0,0.0,0.0,0.0,0.0,0.0,0.0,0.0,0.0,0.0,0.0,0.0,0.0,0.0,0.0,0.0,0.0,0.05758157389635318,0.25191938579654516,1.0220729366602654,5.491842610364684,12.365642994241846,7.996641074856048,2.0873320537428026,0.5110364683301345,0.21593090211132443,4.11275415896488,2.797583455582426,3.9285714285714284,3.1044734017286757,0.9552166934189404,4.173363095238095,2.8179651133515846,4.051636363636364,2.779579277278791,0.9708324608178416,0.397,0.00983,0.0,0.0,0.0,0.0,0.0,0.0,0.0,0.0,0.0,0.0,0.02879078694817659,18.46928982725525,11.494721689059503,0.007197696737044148,0.0,0.0,0.0,0.0,0.0,0.0,0.0,0.0,0.0,0.0,0.0,0.0,0.0,0.0,0.0,0.0,nan,nan,4.111805810959912,2.7992808298209533,nan,0.397,0.0496,0.0,0.0,0.0,0.0,0.0,0.0,0.0,0.0,0.0,0.0,0.0,0.0,0.0,0.0,0.0,0.0,0.0,0.0,0.0,0.0,0.0,0.0,0.0,0.0,0.0004678502879078695,0.00010796545105566218,0.004006717850287908,0.0012116122840690978,0.00935700575815739,0.012859884836852208,0.010220729366602687,0.014491362763915548,0.02072936660268714,0.04566938579654511,0.0534668905950096,0.04121880998080614,0.05275911708253359,0.0654510556621881,0.04546545105566219,0.07281669865642994,0.09473368522072936,0.08475287907869482,0.09830854126679463,0.07658349328214971,0.03686420345489443,0.05861324376199616,0.034021113243761995,0.017298464491362762,0.01479126679462572,0.006741842610364683,0.008253358925143953,0.008109404990403071,0.005986084452975048,0.0003358925143953935,0.0036708253358925143,0.0,0.0006357965451055663,0.0,0.0,0.0,0.0,0.0,0.0,0.0,0.0,0.0,0.0,0.0,0.0,0.0,0.0,0.0,0.0,0.0,0.0,0.0,0.0,0.0,0.0,0.0,0.0,0.0,0.0,0.0,0.0,0.0,0.0,0.0,0.0,0.0,0.0,0.0,0.0,0.0,0.0,0.0,0.0,0.0,0.0,0.0,0.0,nan,nan,4.111805810959912,2.7992808298209533,nan,0.8567777490404264,0.035185897921468784,0.0,0.0,0.0,0.0,0.0,0.0,0.0,0.0,0.0,0.0,0.0,0.0,0.0,0.0,0.0,0.0,0.0,0.0,0.0,0.0,0.0,0.09808500700607195,0.1961700140121439,1.1069593647828084,5.52078468005605,12.106492293320882,8.183092013078003,2.129845866417562,0.4624007473143392,0.1961700140121439,0.8566644658992958,0.035311005928729364,0.0,0.0,0.0,0.0,0.0,0.0,0.0,0.0,0.0,0.0,0.0,0.0,0.0,0.0,0.0,0.0,0.0,0.0,0.0,0.0,0.0,0.014800197335964483,0.31080414405525414,0.9324124321657593,5.461272816970894,12.63936852491367,7.799703996053283,2.0424272323630985,0.5624074987666503,0.23680315737543173,0.3967,0.00991,0.0,0.0,0.0,0.0,0.0,0.0,0.0,0.0,0.0,0.0,0.042036431574030836,18.580102755721597,11.377860812704345,0.0,0.0,0.0,0.0,0.0,0.0,0.0,0.0,0.0,0.0,0.0,0.0,0.0,0.0,0.0,0.0,0.0,0.397,0.009735,0.0,0.0,0.0,0.0,0.0,0.0,0.0,0.0,0.0,0.0,0.014800197335964483,18.35224469659593,11.618154908732118,0.014800197335964483,0.0,0.0,0.0,0.0,0.0,0.0,0.0,0.0,0.0,0.0,0.0,0.0,0.0,0.0,0.0,0.0
39800,4234,2170,0.5125177137458667,1023,875,0.4482758620689655,1197,0.5654227680680208,0.39399999999999996,2.890988372093023,3.010356186891813,6.374358974358974,2.173270167642477,8372.385451110062,506.5411822647139,7853.0,8866.4,8866.4,0.0,7853.0,0.0,28.69083608880491,21.066567372268267,33.53350083752094,19.27965371658584,0.1336797354747284,0.09990552668871044,0.09116674539442607,0.0807746811525744,0.07416154936230515,0.07817666509211148,0.07652338214454417,0.05857345299952763,0.06235238545111006,0.05101558809636278,0.04841757203589986,0.04345772319319792,0.03613604156825697,0.027869626830420408,0.01771374586679263,0.0134624468587624,0.006613131790269249,0.8570734566120702,0.034597672214251605,0.0,0.0,0.0,0.0,0.0,0.0,0.0,0.0,0.0,0.0,0.0,0.0,0.0,0.0,0.0,0.0,0.0,0.0,0.0,0.0,0.0,0.007085498346717054,0.2905054322153992,1.2612187057156314,4.952763344355221,12.512990080302318,8.332546055739256,2.0122815304676434,0.42512990080302326,0.20547945205479456,4.1050541516245485,2.801394008448188,6.555555555555555,3.02254900194121,1.5969474003068234,4.119713261648745,2.7660263393351503,4.10621387283237,2.844905516769426,0.9967232212634691,0.397,0.01047,0.0,0.0,0.0,0.0,0.0,0.0,0.0,0.0,0.0,0.0,0.056683986773736435,18.23098724610295,11.698157770429857,0.014170996693434109,0.0,0.0,0.0,0.0,0.0,0.0,0.0,0.0,0.0,0.0,0.0,0.0,0.0,0.0,0.0,0.0,nan,nan,4.112990284274919,2.80559515576058,nan,0.397,0.05005,0.0,0.0,0.0,0.0,0.0,0.0,0.0,0.0,0.0,0.0,0.0,0.0,0.0,0.0,0.0,0.0,0.0,0.0,0.0,0.0,0.0,0.0,0.0,0.0,0.00048417572035899857,0.00017713745866792632,0.004333963155408597,0.0017005196032120926,0.01004959848842702,0.012021728861596599,0.011336797354747285,0.01593056211620217,0.019815777042985358,0.044355219650448745,0.052550779404818136,0.04194615021256495,0.051924893717524796,0.06669815777042985,0.040162966461974495,0.07294520547945206,0.09884270193670289,0.08104629192253189,0.10111006140765234,0.07529522909777987,0.038131790269248934,0.058715162966461974,0.03337269721303732,0.017418516769012755,0.014218233349078886,0.006707605101558809,0.008715162966461975,0.008939537080774681,0.005538497874350496,0.00012990080302314596,0.004511100614076524,0.0,0.0008738781294284364,0.0,0.0,0.0,0.0,0.0,0.0,0.0,0.0,0.0,0.0,0.0,0.0,0.0,0.0,0.0,0.0,0.0,0.0,0.0,0.0,0.0,0.0,0.0,0.0,0.0,0.0,0.0,0.0,0.0,0.0,0.0,0.0,0.0,0.0,0.0,0.0,0.0,0.0,0.0,0.0,0.0,0.0,0.0,0.0,nan,nan,4.112990284274919,2.80559515576058,nan,0.8561424192745015,0.034789526983162004,0.0,0.0,0.0,0.0,0.0,0.0,0.0,0.0,0.0,0.0,0.0,0.0,0.0,0.0,0.0,0.0,0.0,0.0,0.0,0.0,0.0,0.01382488479262673,0.3179723502304148,1.2995391705069084,5.2534562211981575,12.580645161290326,7.935483870967744,1.9354838709677424,0.5391705069124425,0.12442396313364058,0.8580523088516653,0.03436762263177026,0.0,0.0,0.0,0.0,0.0,0.0,0.0,0.0,0.0,0.0,0.0,0.0,0.0,0.0,0.0,0.0,0.0,0.0,0.0,0.0,0.0,0.0,0.26162790697674426,1.2209302325581357,4.636627906976745,12.441860465116283,8.750000000000002,2.093023255813954,0.3052325581395349,0.2906976744186047,0.397,0.01068,0.0,0.0,0.0,0.0,0.0,0.0,0.0,0.0,0.0,0.0,0.06912442396313366,18.17972350230412,11.737327188940096,0.01382488479262673,0.0,0.0,0.0,0.0,0.0,0.0,0.0,0.0,0.0,0.0,0.0,0.0,0.0,0.0,0.0,0.0,0.397,0.01023,0.0,0.0,0.0,0.0,0.0,0.0,0.0,0.0,0.0,0.0,0.043604651162790706,18.284883720930207,11.656976744186048,0.014534883720930236,0.0,0.0,0.0,0.0,0.0,0.0,0.0,0.0,0.0,0.0,0.0,0.0,0.0,0.0,0.0,0.0
39900,4093,2127,0.5196677253848033,1026,823,0.45174688492548254,1155,0.5643782066943562,0.418,3.0798575788402847,3.107309529605679,6.636363636363637,2.0276430524239313,8379.631272904957,506.30784544621446,7853.0,8866.4,8866.399999999998,1.8189894035458565e-12,7853.0,0.0,28.404837527485952,20.710245986920054,33.13569576490925,18.919617126516616,0.1341314439286587,0.08893232347911068,0.09455167358905449,0.08746640605912534,0.08282433422917175,0.08038113852919619,0.07060835572929391,0.06230149034937699,0.05888101636941119,0.05399462496946005,0.051062790129489374,0.041778646469582216,0.03200586366967994,0.02369899828976301,0.02076716344979233,0.010994380649890056,0.005619350109943806,0.8556925679022078,0.03496295048779867,0.0,0.0,0.0,0.0,0.0,0.0,0.0,0.0,0.0,0.0,0.0,0.0,0.0,0.0,0.0,0.0,0.0,0.0,0.0,0.0,0.014659174199853412,0.051307109699486944,0.21255802589787448,1.2680185682873157,5.519179086244809,12.357683850476427,7.732714390422674,2.2575128267774254,0.4471048130955291,0.1392621548986074,4.24365671641791,2.8925981300308337,4.555555555555555,2.586765939293959,1.0734976601502584,4.251650770359501,2.9334366307194335,4.2377358490566035,2.849179055221845,0.9967271720904487,0.3958,0.01035,0.0,0.0,0.0,0.0,0.0,0.0,0.0,0.0,0.0,0.0,0.05863669679941365,19.811873931101854,10.114830197898854,0.014659174199853412,0.0,0.0,0.0,0.0,0.0,0.0,0.0,0.0,0.0,0.0,0.0,0.0,0.0,0.0,0.0,0.0,nan,nan,4.244700632205281,2.891684580209294,nan,0.3958,0.04993,0.0,0.0,0.0,0.0,0.0,0.0,0.0,0.0,0.0,0.0,0.0,0.0,0.0,0.0,0.0,0.0,0.0,0.0,0.0,0.0,0.0,0.0,0.0,0.0,0.00045199120449548007,0.0002443195699975568,0.004703151722452968,0.00107500610798925,0.010823356950891766,0.012252626435377474,0.012704617639872955,0.015465428780845347,0.020571707793794282,0.04576105546054239,0.055863669679941365,0.041595406792084046,0.05134375763498656,0.06850720742731493,0.039616418275103836,0.07383337405326167,0.09806987539701931,0.08448570730515514,0.10070852675299291,0.06961886147080382,0.03584168091864158,0.058331297336916686,0.034644515025653556,0.016528218910334718,0.01436599071585634,0.007256291228927437,0.00814805765941852,0.007903738089420962,0.004947471292450525,0.00025653554849743466,0.0032372343024676276,1.221597849987784e-05,0.0008062545809919375,2.443195699975568e-05,0.0,0.0,0.0,0.0,0.0,0.0,0.0,0.0,0.0,0.0,0.0,0.0,0.0,0.0,0.0,0.0,0.0,0.0,0.0,0.0,0.0,0.0,0.0,0.0,0.0,0.0,0.0,0.0,0.0,0.0,0.0,0.0,0.0,0.0,0.0,0.0,0.0,0.0,0.0,0.0,0.0,0.0,0.0,nan,nan,4.244700632205281,2.891684580209294,nan,0.855900184223783,0.03492765992418234,0.0,0.0,0.0,0.0,0.0,0.0,0.0,0.0,0.0,0.0,0.0,0.0,0.0,0.0,0.0,0.0,0.0,0.0,0.0,0.0,0.014104372355430187,0.014104372355430187,0.25387870239774335,1.3258110014104332,5.373765867418901,12.397743300423135,7.672778561354021,2.3272214386459806,0.4795486600846263,0.14104372355430186,0.8554679494301882,0.03499970404501675,0.0,0.0,0.0,0.0,0.0,0.0,0.0,0.0,0.0,0.0,0.0,0.0,0.0,0.0,0.0,0.0,0.0,0.0,0.0,0.0,0.015259409969481184,0.09155645981688709,0.16785350966429302,1.2054933875890095,5.676500508647,12.314343845371313,7.797558494404885,2.1820956256358093,0.41200406917599197,0.13733468972533064,0.396,0.01051,0.0,0.0,0.0,0.0,0.0,0.0,0.0,0.0,0.0,0.0,0.05641748942172075,19.943582510578253,9.97179125528914,0.028208744710860375,0.0,0.0,0.0,0.0,0.0,0.0,0.0,0.0,0.0,0.0,0.0,0.0,0.0,0.0,0.0,0.0,0.3958,0.010185,0.0,0.0,0.0,0.0,0.0,0.0,0.0,0.0,0.0,0.0,0.06103763987792474,19.66937945066121,10.269582909460835,0.0,0.0,0.0,0.0,0.0,0.0,0.0,0.0,0.0,0.0,0.0,0.0,0.0,0.0,0.0,0.0,0.0
40000,4084,2139,0.5237512242899118,997,801,0.44025465230166505,1088,0.5328109696376102,0.446,2.9444730077120824,3.1999359798249647,6.817829457364341,2.264863040245535,8383.769490695395,506.12799726715764,7853.0,8866.4,8866.4,0.0,7853.0,0.0,27.52154750244858,20.84076976934373,32.58790724977987,19.109446579380727,0.14373163565132224,0.10357492654260529,0.09769833496571988,0.08055827619980412,0.08839373163565133,0.07590597453476983,0.06072477962781587,0.06047992164544564,0.061704211557296766,0.04676787463271303,0.0494613124387855,0.03942213516160627,0.031341821743388835,0.02693437806072478,0.01665034280117532,0.011508325171400588,0.00514201762977473,0.8561389831703861,0.03626216327910625,0.0,0.0,0.0,0.0,0.0,0.0,0.0,0.0,0.0,0.0,0.0,0.0,0.0,0.0,0.0,0.0,0.0,0.0,0.0,0.0,0.0,0.07345739471106759,0.33790401567091094,1.4103819784524931,4.943682664054849,12.568560235063666,7.8525954946131264,2.0347698334965725,0.6243878550440746,0.15426052889324196,4.2740365901128845,2.95964016837511,3.25,2.7271780286589284,0.7604052823315118,4.281102362204725,2.960720073179277,4.254752851711027,2.957963768159884,0.9938451575635467,0.3953,0.01074,0.0,0.0,0.0,0.0,0.0,0.0,0.0,0.0,0.0,0.0,0.10284035259549464,19.71596474045051,10.173849167482862,0.00734573947110676,0.0,0.0,0.0,0.0,0.0,0.0,0.0,0.0,0.0,0.0,0.0,0.0,0.0,0.0,0.0,0.0,nan,nan,4.267698259187621,2.9593475681094157,nan,0.3955,0.05014,0.0,0.0,0.0,0.0,0.0,0.0,0.0,0.0,0.0,0.0,0.0,0.0,0.0,0.0,0.0,0.0,0.0,0.0,0.0,0.0,0.0,1.2242899118511263e-05,0.0,2.4485798237022526e-05,0.0002693437806072478,0.00045298726738491674,0.00465230166503428,0.0009304603330068561,0.011373653281096964,0.012830558276199805,0.014985308521057786,0.017360430950048973,0.019955925563173358,0.04390303623898139,0.05651322233104799,0.03866307541625857,0.053134182174338886,0.07086190009794319,0.038736532810969636,0.07365328109696376,0.09433153770812928,0.08636141038197845,0.1017384916748286,0.0694539666993144,0.033863858961802155,0.059427032321253674,0.03370470127326151,0.01636875612144956,0.013920176297747307,0.0074681684622918704,0.008741429970617042,0.0069417238001958865,0.004762487757100881,0.0003917727717923604,0.0033545543584720863,0.0,0.0008570029382957884,0.0,0.0,0.0,0.0,0.0,0.0,0.0,0.0,0.0,0.0,0.0,0.0,0.0,0.0,0.0,0.0,0.0,0.0,0.0,0.0,0.0,0.0,0.0,0.0,0.0,0.0,0.0,0.0,0.0,0.0,0.0,0.0,0.0,0.0,0.0,0.0,0.0,0.0,0.0,0.0,0.0,0.0,0.0,0.0,nan,nan,4.267698259187621,2.9593475681094157,nan,0.855389254290459,0.03774367923696948,0.0,0.0,0.0,0.0,0.0,0.0,0.0,0.0,0.0,0.0,0.0,0.0,0.0,0.0,0.0,0.0,0.0,0.0,0.0,0.0,0.0,0.0841514726507714,0.4488078541374475,1.4726507713884947,5.175315568022441,12.30014025245442,7.50350631136045,2.1318373071528756,0.7012622720897617,0.18232819074333806,0.8569634922059459,0.03454084216215971,0.0,0.0,0.0,0.0,0.0,0.0,0.0,0.0,0.0,0.0,0.0,0.0,0.0,0.0,0.0,0.0,0.0,0.0,0.0,0.0,0.0,0.06169665809768639,0.21593830334190237,1.3419023136246744,4.688946015424166,12.863753213367612,8.236503856041132,1.9280205655526996,0.5398457583547559,0.12339331619537278,0.395,0.010574,0.0,0.0,0.0,0.0,0.0,0.0,0.0,0.0,0.0,0.0,0.0841514726507714,20.23842917251049,9.677419354838712,0.0,0.0,0.0,0.0,0.0,0.0,0.0,0.0,0.0,0.0,0.0,0.0,0.0,0.0,0.0,0.0,0.0,0.3958,0.010925,0.0,0.0,0.0,0.0,0.0,0.0,0.0,0.0,0.0,0.0,0.12339331619537278,19.141388174807172,10.71979434447301,0.015424164524421597,0.0,0.0,0.0,0.0,0.0,0.0,0.0,0.0,0.0,0.0,0.0,0.0,0.0,0.0,0.0,0.0
40100,4465,2343,0.5247480403135498,1075,924,0.4477043673012318,1251,0.5603583426651736,0.43,2.9679547596606977,3.103145232115444,6.5691768826619965,2.2073026042153625,8384.779664053753,506.07894685607175,7853.0,8866.4,8866.4,0.0,7853.0,0.0,27.95162374020157,20.904172929147656,33.01391118245051,19.078750912678874,0.14535274356103023,0.09720044792833146,0.09137737961926092,0.08152295632698768,0.07973124300111982,0.07166853303471445,0.07704367301231803,0.06629339305711086,0.05621500559910415,0.05263157894736842,0.04837625979843225,0.04008958566629339,0.031578947368421054,0.024412094064949607,0.018141097424412094,0.011646136618141097,0.006718924972004479,0.8564345387435307,0.034778492163722995,0.0,0.0,0.0,0.0,0.0,0.0,0.0,0.0,0.0,0.0,0.0,0.0,0.0,0.0,0.0,0.0,0.0,0.0,0.0,0.0,0.006718924972004481,0.04703247480403137,0.26203807390817474,1.2765957446808471,4.9988801791713335,12.282194848824192,8.506159014557673,2.055991041433371,0.39641657334826436,0.16797312430011202,4.3569176882662,2.9264959576979903,4.066666666666666,2.1437246921084703,0.9333815687220302,4.3625086147484495,2.939936340262878,4.348132487667371,2.9056119973241237,0.9967046192109565,0.3953,0.01041,0.0,0.0,0.0,0.0,0.0,0.0,0.0,0.0,0.0,0.0,0.08062709966405376,20.318029115341517,9.587905935050394,0.013437849944008961,0.0,0.0,0.0,0.0,0.0,0.0,0.0,0.0,0.0,0.0,0.0,0.0,0.0,0.0,0.0,0.0,nan,nan,4.355400696864112,2.9230247381659002,nan,0.3953,0.05,0.0,0.0,0.0,0.0,0.0,0.0,0.0,0.0,0.0,0.0,0.0,0.0,0.0,0.0,0.0,0.0,0.0,0.0,0.0,0.0,0.0,0.0,0.0,0.0001007838745800672,0.00019036954087346024,0.0002687569988801792,0.004456886898096305,0.0009406494960806271,0.012239641657334826,0.012833146696528555,0.015319148936170212,0.018309070548712204,0.01856662933930571,0.041993281075028,0.05566629339305711,0.038566629339305714,0.05138857782754759,0.07472564389697649,0.03961926091825308,0.07435610302351624,0.09431131019036954,0.08973124300111981,0.09697648376259799,0.06927211646136618,0.035789473684210524,0.05932810750279955,0.03430011198208287,0.01620380739081747,0.012418812989921613,0.0072564389697648375,0.008521836506159015,0.006618141097424412,0.005274356103023516,0.00033594624860022396,0.0030683090705487122,7.838745800671893e-05,0.0009182530795072789,2.2396416573348266e-05,3.35946248600224e-05,0.0,0.0,0.0,0.0,0.0,0.0,0.0,0.0,0.0,0.0,0.0,0.0,0.0,0.0,0.0,0.0,0.0,0.0,0.0,0.0,0.0,0.0,0.0,0.0,0.0,0.0,0.0,0.0,0.0,0.0,0.0,0.0,0.0,0.0,0.0,0.0,0.0,0.0,0.0,0.0,0.0,0.0,nan,nan,4.355400696864112,2.9230247381659002,nan,0.8565014136992506,0.034193288552636,0.0,0.0,0.0,0.0,0.0,0.0,0.0,0.0,0.0,0.0,0.0,0.0,0.0,0.0,0.0,0.0,0.0,0.0,0.0,0.0,0.0,0.05121638924455827,0.29449423815621,1.1651728553136966,5.134443021766966,12.279129321382845,8.55313700384123,1.9718309859154934,0.4481434058898849,0.10243277848911654,0.8563606989597173,0.03541326446653772,0.0,0.0,0.0,0.0,0.0,0.0,0.0,0.0,0.0,0.0,0.0,0.0,0.0,0.0,0.0,0.0,0.0,0.0,0.0,0.0,0.014137606032045244,0.04241281809613573,0.2262016965127239,1.3996229971724745,4.849198868991518,12.285579641847317,8.454288407163055,2.148916116870877,0.33930254476908583,0.24033930254476915,0.395,0.01043,0.0,0.0,0.0,0.0,0.0,0.0,0.0,0.0,0.0,0.0,0.08962868117797698,20.704225352112644,9.193341869398209,0.012804097311139568,0.0,0.0,0.0,0.0,0.0,0.0,0.0,0.0,0.0,0.0,0.0,0.0,0.0,0.0,0.0,0.0,0.3955,0.01037,0.0,0.0,0.0,0.0,0.0,0.0,0.0,0.0,0.0,0.0,0.07068803016022622,19.891611687087625,10.023562676720077,0.014137606032045244,0.0,0.0,0.0,0.0,0.0,0.0,0.0,0.0,0.0,0.0,0.0,0.0,0.0,0.0,0.0,0.0
40200,4805,2458,0.5115504682622268,1163,1002,0.4505723204994797,1401,0.5831425598335067,0.39399999999999996,3.0328078397954834,3.070016203075766,6.461538461538462,2.176166399253205,8371.405244536942,506.56478090203854,7853.0,8866.4,8866.399999999998,1.8189894035458565e-12,7853.0,0.0,28.333402705515088,20.866314926678022,33.41519741743233,18.95862072268166,0.14151925078043703,0.09510926118626431,0.08616024973985432,0.08428720083246619,0.07658688865764829,0.07783558792924038,0.07159209157127992,0.06847034339229968,0.06347554630593132,0.048283038501560877,0.04890738813735692,0.043912591050988554,0.033714880332986474,0.022892819979188347,0.019979188345473464,0.010197710718002082,0.007075962539021852,0.8562523366757412,0.03582794349896413,0.0,0.0,0.0,0.0,0.0,0.0,0.0,0.0,0.0,0.0,0.0,0.0,0.0,0.0,0.0,0.0,0.0,0.0,0.0,0.0,0.012486992715920919,0.0936524453694069,0.2747138397502602,1.1550468262226812,5.425598335067639,12.074921956295528,8.228928199791884,2.04162330905307,0.5119667013527577,0.18106139438085334,4.340057636887608,2.8638023125625827,3.7,2.3685438564654024,0.8525232403718459,4.3274111675126905,2.888039381749353,4.342911877394636,2.834387489478153,1.0035819822249188,0.395,0.010155,0.0,0.0,0.0,0.0,0.0,0.0,0.0,0.0,0.0,0.0,0.11862643080124873,20.5535900104058,9.327783558792925,0.0,0.0,0.0,0.0,0.0,0.0,0.0,0.0,0.0,0.0,0.0,0.0,0.0,0.0,0.0,0.0,0.0,nan,nan,4.335984727966911,2.861374537991249,nan,0.395,0.04984,0.0,0.0,0.0,0.0,0.0,0.0,0.0,0.0,0.0,0.0,0.0,0.0,0.0,0.0,0.0,0.0,0.0,0.0,0.0,0.0,0.0,0.0,0.0,9.365244536940687e-05,0.0001768990634755463,0.0003850156087408949,0.005161290322580645,0.0007804370447450572,0.012091571279916754,0.012528616024973986,0.015775234131113425,0.018730489073881373,0.017804370447450573,0.04336108220603538,0.05376690946930281,0.03801248699271592,0.05475546305931322,0.07525494276795006,0.03854318418314256,0.07351716961498439,0.09275754422476587,0.08891779396462018,0.09833506763787721,0.06960457856399584,0.03466181061394381,0.05983350676378772,0.03637877211238293,0.01643080124869927,0.012195629552549428,0.006378772112382934,0.00882414151925078,0.007273673257023933,0.003756503642039542,0.00029136316337148805,0.002903225806451613,6.243496357960458e-05,0.00047866805411030176,0.0001040582726326743,7.284079084287201e-05,0.0,0.0,0.0,0.0,0.0,0.0,0.0,0.0,0.0,0.0,0.0,0.0,0.0,0.0,0.0,0.0,0.0,0.0,0.0,0.0,0.0,0.0,0.0,0.0,0.0,0.0,0.0,0.0,0.0,0.0,0.0,0.0,0.0,0.0,0.0,0.0,0.0,0.0,0.0,0.0,0.0,0.0,nan,nan,4.335984727966911,2.861374537991249,nan,0.8565506434372715,0.036130692871770224,0.0,0.0,0.0,0.0,0.0,0.0,0.0,0.0,0.0,0.0,0.0,0.0,0.0,0.0,0.0,0.0,0.0,0.0,0.0,0.0,0.012205044751830759,0.09764035801464607,0.25630593978844596,1.1472742066720876,5.419039869812858,12.070789259560621,8.226200162733932,2.026037428803906,0.5370219690805534,0.2074857607811229,0.8559399216694176,0.035505421774050534,0.0,0.0,0.0,0.0,0.0,0.0,0.0,0.0,0.0,0.0,0.0,0.0,0.0,0.0,0.0,0.0,0.0,0.0,0.0,0.0,0.012782275244993611,0.08947592671495529,0.293992330634853,1.1631870472944148,5.432466979122285,12.079250106518964,8.231785257775886,2.0579463144439716,0.4857264593097572,0.15338730293992334,0.395,0.01017,0.0,0.0,0.0,0.0,0.0,0.0,0.0,0.0,0.0,0.0,0.09764035801464607,20.82180634662324,9.080553295362085,0.0,0.0,0.0,0.0,0.0,0.0,0.0,0.0,0.0,0.0,0.0,0.0,0.0,0.0,0.0,0.0,0.0,0.3953,0.010124,0.0,0.0,0.0,0.0,0.0,0.0,0.0,0.0,0.0,0.0,0.14060502769492972,20.272688538559837,9.586706433745208,0.0,0.0,0.0,0.0,0.0,0.0,0.0,0.0,0.0,0.0,0.0,0.0,0.0,0.0,0.0,0.0,0.0
40300,4666,2387,0.5115730818688384,1111,962,0.44427775396485214,1331,0.5705100728675525,0.40599999999999997,3.0245721807810444,3.085061741529039,6.543413173652695,2.131086218341739,8371.42816116588,506.5642508464913,7853.0,8866.4,8866.4,0.0,7853.0,0.0,28.18259751393056,20.958352896478598,33.218158567774935,19.15907903978178,0.14166309472781827,0.10030004286326619,0.08979854264894985,0.08144020574367766,0.07715387912558937,0.07951135876553793,0.06922417488212602,0.06493784826403771,0.05786540934419203,0.05207886840977283,0.048435490784397774,0.04050578654093442,0.0372910415773682,0.026789541363051863,0.015859408486926702,0.00964423489069867,0.007501071581654522,0.8531838263046879,0.03476743441389608,0.0,0.0,0.0,0.0,0.0,0.0,0.0,0.0,0.0,0.0,0.0,0.0,0.0,0.0,0.0,0.0,0.0,0.0,0.006429489927132449,0.006429489927132449,0.012858979854264898,0.09644234890698673,0.20574367766823837,1.4337762537505314,5.574367766823833,13.051864552078872,7.406772396056581,1.7102443206172315,0.34719245606515226,0.14787826832404632,4.258729630861324,2.8631756218517768,4.523809523809524,2.5563934345656287,1.062243888653384,4.2364112639161755,2.8519063275633685,4.285143237841439,2.8705073746193515,1.0115031263230603,0.395,0.010216,0.0,0.0,0.0,0.0,0.0,0.0,0.0,0.0,0.0,0.0,0.07715387912558938,20.330047149592772,9.592798971281614,0.0,0.0,0.0,0.0,0.0,0.0,0.0,0.0,0.0,0.0,0.0,0.0,0.0,0.0,0.0,0.0,0.0,nan,nan,4.2605680317040955,2.861245850101734,nan,0.395,0.04974,0.0,0.0,0.0,0.0,0.0,0.0,0.0,0.0,0.0,0.0,0.0,0.0,0.0,0.0,0.0,0.0,0.0,0.0,0.0,0.0,0.0,0.0,0.0,3.2147449635662235e-05,0.0001607372481783112,0.0002357479639948564,0.006386626660951565,0.0008572653236176596,0.013555507929704244,0.011155165023574797,0.014337762537505358,0.019481354479211316,0.016877411058722674,0.041973853407629665,0.05399699957136734,0.040302186026575225,0.05507929704243463,0.07547149592798971,0.03575867981140163,0.0735533647663952,0.09094513501928847,0.0885340762966138,0.10153236176596657,0.07086369481354479,0.03489069867123875,0.05923703386198028,0.0384804972138877,0.016695242177453922,0.01149807115302186,0.005936562366052293,0.008390484354907845,0.007158165452207458,0.0028075439348478354,5.357908272610373e-05,0.002711101585940849,3.2147449635662235e-05,0.0007929704243463352,0.0,0.00022503214744963565,0.0,0.0,0.0,0.0,0.0,0.0,0.0,0.0,0.0,0.0,0.0,0.0,0.0,0.0,0.0,0.0,0.0,0.0,0.0,0.0,0.0,0.0,0.0,0.0,0.0,0.0,0.0,0.0,0.0,0.0,0.0,0.0,0.0,0.0,0.0,0.0,0.0,0.0,0.0,0.0,0.0,0.0,nan,nan,4.2605680317040955,2.861245850101734,nan,0.8535858461883811,0.0350745352806965,0.0,0.0,0.0,0.0,0.0,0.0,0.0,0.0,0.0,0.0,0.0,0.0,0.0,0.0,0.0,0.0,0.0,0.0,0.0,0.01256807708420612,0.02513615416841224,0.08797653958944283,0.21365731043150402,1.4201927105152867,5.479681608713868,12.95768747381651,7.490573942186847,1.8223711772098872,0.33933808127356524,0.15081692501047342,0.852762755017994,0.034437812901793353,0.0,0.0,0.0,0.0,0.0,0.0,0.0,0.0,0.0,0.0,0.0,0.0,0.0,0.0,0.0,0.0,0.0,0.0,0.013163668275559459,0.0,0.0,0.10530934620447567,0.1974550241333919,1.4480035103115356,5.673541026766127,13.1505046072839,7.318999561211059,1.5928038613426945,0.3554190434401054,0.14480035103115405,0.395,0.010185,0.0,0.0,0.0,0.0,0.0,0.0,0.0,0.0,0.0,0.0,0.11311269375785507,20.511101801424353,9.375785504817765,0.0,0.0,0.0,0.0,0.0,0.0,0.0,0.0,0.0,0.0,0.0,0.0,0.0,0.0,0.0,0.0,0.0,0.395,0.010254,0.0,0.0,0.0,0.0,0.0,0.0,0.0,0.0,0.0,0.0,0.039491004826678375,20.14041246160594,9.820096533567355,0.0,0.0,0.0,0.0,0.0,0.0,0.0,0.0,0.0,0.0,0.0,0.0,0.0,0.0,0.0,0.0,0.0
40400,4644,2376,0.5116279069767442,1141,922,0.444229112833764,1285,0.5534022394487511,0.414,2.9691358024691357,3.0990297954223855,6.697965571205008,1.9940079860872966,8371.483720930231,506.5629614579399,7853.0,8866.4,8866.399999999998,1.8189894035458565e-12,7853.0,0.0,27.90826873385013,20.832661087245107,32.95625321667524,19.024394253105406,0.14233419465977606,0.0966838931955211,0.09366925064599484,0.08440999138673558,0.08440999138673558,0.07450473729543497,0.06782945736434108,0.06309216192937123,0.05878552971576227,0.05426356589147287,0.04478897502153316,0.03940568475452196,0.037037037037037035,0.026055124892334195,0.017226528854435832,0.00904392764857881,0.006459948320413436,0.8523562989493673,0.03399947191776546,0.0,0.0,0.0,0.0,0.0,0.0,0.0,0.0,0.0,0.0,0.0,0.0,0.0,0.0,0.0,0.0,0.0,0.0,0.006459948320413438,0.006459948320413438,0.006459948320413438,0.04521963824289407,0.22609819121447033,1.395348837209298,6.253229974160209,12.635658914728685,7.351421188630493,1.6343669250645998,0.3165374677002584,0.12273901808785533,4.244279946164199,2.8621687016451793,5.0,3.0912061651652345,1.178056128111622,4.247347480106101,2.908500688200517,4.25033738191633,2.8184045255621495,1.000703945656491,0.3953,0.01017,0.0,0.0,0.0,0.0,0.0,0.0,0.0,0.0,0.0,0.0,0.09043927648578814,20.01937984496121,9.890180878552973,0.0,0.0,0.0,0.0,0.0,0.0,0.0,0.0,0.0,0.0,0.0,0.0,0.0,0.0,0.0,0.0,0.0,nan,nan,4.248829431438127,2.864198972403115,nan,0.3953,0.04953,0.0,0.0,0.0,0.0,0.0,0.0,0.0,0.0,0.0,0.0,0.0,0.0,0.0,0.0,0.0,0.0,0.0,0.0,0.0,0.0,0.0,0.0,0.0,0.00010766580534022394,0.00015073212747631351,0.0004198966408268734,0.006406115417743325,0.0008290267011197244,0.011864771748492679,0.011670973298880276,0.0138458225667528,0.01865848406546081,0.015385443583118002,0.044282945736434105,0.053703703703703705,0.03753229974160207,0.05591085271317829,0.07700258397932816,0.03268733850129199,0.07507536606373816,0.0941322136089578,0.08765073212747632,0.10207795004306633,0.0714900947459087,0.0361541774332472,0.058505598621877694,0.038813522825150736,0.01645133505598622,0.012026270456503015,0.005706287683031869,0.007396640826873385,0.006319982773471146,0.0031869078380706286,4.3066322136089577e-05,0.0032945736434108527,1.0766580534022394e-05,0.0009689922480620155,6.459948320413436e-05,0.0001722652885443583,0.0,0.0,0.0,0.0,0.0,0.0,0.0,0.0,0.0,0.0,0.0,0.0,0.0,0.0,0.0,0.0,0.0,0.0,0.0,0.0,0.0,0.0,0.0,0.0,0.0,0.0,0.0,0.0,0.0,0.0,0.0,0.0,0.0,0.0,0.0,0.0,0.0,0.0,0.0,0.0,0.0,0.0,nan,nan,4.248829431438127,2.864198972403115,nan,0.8524280927749194,0.03367858956754971,0.0,0.0,0.0,0.0,0.0,0.0,0.0,0.0,0.0,0.0,0.0,0.0,0.0,0.0,0.0,0.0,0.0,0.0,0.0,0.01262626262626263,0.0,0.05050505050505052,0.20202020202020207,1.439393939393935,6.250000000000002,12.752525252525256,7.260101010101011,1.5782828282828287,0.340909090909091,0.11363636363636366,0.8522810863702175,0.03433225681101105,0.0,0.0,0.0,0.0,0.0,0.0,0.0,0.0,0.0,0.0,0.0,0.0,0.0,0.0,0.0,0.0,0.0,0.0,0.01322751322751323,0.0,0.01322751322751323,0.03968253968253969,0.2513227513227514,1.349206349206345,6.256613756613758,12.513227513227516,7.447089947089949,1.6931216931216935,0.29100529100529104,0.1322751322751323,0.3953,0.010124,0.0,0.0,0.0,0.0,0.0,0.0,0.0,0.0,0.0,0.0,0.10101010101010104,19.99999999999997,9.8989898989899,0.0,0.0,0.0,0.0,0.0,0.0,0.0,0.0,0.0,0.0,0.0,0.0,0.0,0.0,0.0,0.0,0.0,0.3953,0.01022,0.0,0.0,0.0,0.0,0.0,0.0,0.0,0.0,0.0,0.0,0.07936507936507937,20.03968253968251,9.880952380952383,0.0,0.0,0.0,0.0,0.0,0.0,0.0,0.0,0.0,0.0,0.0,0.0,0.0,0.0,0.0,0.0,0.0
40500,4675,2446,0.5232085561497326,1127,932,0.440427807486631,1337,0.5719786096256685,0.418,3.070435172723194,3.1077510356724125,6.502985074626865,2.1954818020336253,8383.21955080214,506.153850849784,7853.0,8866.4,8866.4,0.0,7853.0,0.0,28.664598930481283,21.328538242357837,33.71933842239186,19.4988055371097,0.13775401069518717,0.10010695187165776,0.09155080213903743,0.07871657754010696,0.08064171122994652,0.06973262032085562,0.06737967914438503,0.06631016042780749,0.05925133689839572,0.050481283422459895,0.05368983957219251,0.03935828877005348,0.04,0.025240641711229948,0.019251336898395723,0.01090909090909091,0.009625668449197862,0.8525195995244113,0.03498393928949511,0.0,0.0,0.0,0.0,0.0,0.0,0.0,0.0,0.0,0.0,0.0,0.0,0.0,0.0,0.0,0.0,0.0,0.0,0.012834224598930485,0.019251336898395723,0.02566844919786097,0.03208556149732621,0.3272727272727273,1.3925133689839528,5.736898395721926,12.789304812834228,7.469518716577542,1.7775401069518721,0.3336898395721926,0.08342245989304815,4.280909990108803,2.8469397321658687,3.6666666666666665,2.42670329642684,0.8565157116451017,4.309757694826457,2.8568194828391236,4.243598161523309,2.8333703567505446,0.9846488972262715,0.3958,0.01019,0.0,0.0,0.0,0.0,0.0,0.0,0.0,0.0,0.0,0.0,0.08983957219251339,19.6748663101604,10.228877005347595,0.0064171122994652425,0.0,0.0,0.0,0.0,0.0,0.0,0.0,0.0,0.0,0.0,0.0,0.0,0.0,0.0,0.0,0.0,nan,nan,4.277286135693215,2.845031431176122,nan,0.3958,0.0493,0.0,0.0,0.0,0.0,0.0,0.0,0.0,0.0,0.0,0.0,0.0,0.0,0.0,0.0,0.0,0.0,0.0,0.0,0.0,0.0,0.0,0.0,0.0,3.20855614973262e-05,4.2780748663101606e-05,0.0006096256684491978,0.006641711229946524,0.0014759358288770053,0.011112299465240642,0.010941176470588235,0.013080213903743315,0.01855614973262032,0.01427807486631016,0.043893048128342244,0.05203208556149733,0.03758288770053476,0.05713368983957219,0.07361497326203209,0.03279144385026738,0.07824598930481283,0.094524064171123,0.08824598930481284,0.10232085561497326,0.07355080213903743,0.03613903743315508,0.05843850267379679,0.03932620320855615,0.01567914438502674,0.01344385026737968,0.005807486631016043,0.007251336898395722,0.00520855614973262,0.0035935828877005347,2.1390374331550803e-05,0.003037433155080214,0.0,0.001037433155080214,0.0001283422459893048,0.0001818181818181818,0.0,0.0,0.0,0.0,0.0,0.0,0.0,0.0,0.0,0.0,0.0,0.0,0.0,0.0,0.0,0.0,0.0,0.0,0.0,0.0,0.0,0.0,0.0,0.0,0.0,0.0,0.0,0.0,0.0,0.0,0.0,0.0,0.0,0.0,0.0,0.0,0.0,0.0,0.0,0.0,0.0,0.0,nan,nan,4.277286135693215,2.845031431176122,nan,0.8527503197347153,0.03441852028908113,0.0,0.0,0.0,0.0,0.0,0.0,0.0,0.0,0.0,0.0,0.0,0.0,0.0,0.0,0.0,0.0,0.0,0.0,0.012264922322158629,0.012264922322158629,0.024529844644317258,0.024529844644317258,0.3066230580539657,1.312346688470969,5.81357318070319,12.829108748977927,7.555192150449716,1.7416189697465254,0.2943581357318071,0.07358953393295177,0.8522664179926017,0.035592348056575185,0.0,0.0,0.0,0.0,0.0,0.0,0.0,0.0,0.0,0.0,0.0,0.0,0.0,0.0,0.0,0.0,0.0,0.0,0.013458950201884257,0.026917900403768513,0.026917900403768513,0.04037685060565276,0.34993270524899067,1.4804845222072631,5.652759084791388,12.74562584118439,7.375504710632573,1.8169582772543746,0.3768506056527592,0.0942126514131898,0.3958,0.00998,0.0,0.0,0.0,0.0,0.0,0.0,0.0,0.0,0.0,0.0,0.0858544562551104,19.697465249386724,10.216680294358138,0.0,0.0,0.0,0.0,0.0,0.0,0.0,0.0,0.0,0.0,0.0,0.0,0.0,0.0,0.0,0.0,0.0,0.3958,0.01043,0.0,0.0,0.0,0.0,0.0,0.0,0.0,0.0,0.0,0.0,0.0942126514131898,19.65006729475098,10.242261103633918,0.013458950201884257,0.0,0.0,0.0,0.0,0.0,0.0,0.0,0.0,0.0,0.0,0.0,0.0,0.0,0.0,0.0,0.0
40600,4924,2621,0.5322908204711616,1225,969,0.4455727051177904,1355,0.5503655564581641,0.41,3.0542770299609203,3.156657692250154,6.617691154422789,2.268852798234537,8392.423517465475,505.64222668274704,7853.0,8866.4,8866.399999999998,1.8189894035458565e-12,7853.0,0.0,28.01360682372055,20.839411945643125,33.0210806881512,19.042484772468633,0.13992688870836717,0.10093419983753046,0.08915515840779854,0.08489033306255077,0.07818846466287571,0.07595450852965069,0.0751421608448416,0.062144597887896016,0.06011372867587327,0.05503655564581641,0.04183590576766856,0.041429731925264016,0.03472786352558895,0.024370430544272948,0.018480909829406988,0.010357432981316004,0.007311129163281885,0.8496014379225156,0.03442586233576245,0.0,0.0,0.0,0.0,0.0,0.0,0.0,0.0,0.0,0.0,0.0,0.0,0.0,0.0,0.0,0.0,0.0,0.0,0.0,0.0,0.024370430544272955,0.07311129163281886,0.3655564581640943,1.4439480097481678,6.671405361494721,12.83712428919578,6.665312753858653,1.510966693744923,0.3229082047116167,0.08529650690495534,4.2995861190703595,2.9784907291887537,4.458333333333333,3.2012909722311855,1.0369215105516476,4.319216182048041,2.9449002211118316,4.282375236891977,3.015099741172127,0.9914704558412275,0.3962,0.010056,0.0,0.0,0.0,0.0,0.0,0.0,0.0,0.0,0.0,0.0,0.03046303818034119,19.557270511779013,10.41226645004062,0.0,0.0,0.0,0.0,0.0,0.0,0.0,0.0,0.0,0.0,0.0,0.0,0.0,0.0,0.0,0.0,0.0,nan,nan,4.300789889415482,2.980274700554742,nan,0.3962,0.04913,0.0,0.0,0.0,0.0,0.0,0.0,0.0,0.0,0.0,0.0,0.0,0.0,0.0,0.0,0.0,0.0,0.0,0.0,0.0,0.0,0.0,0.0,0.0,8.123476848090982e-05,0.0,0.0007006498781478473,0.006691714053614947,0.0015942323314378554,0.010926076360682373,0.01122055239642567,0.01157595450852965,0.017932575142160845,0.013769293257514217,0.04363322502030869,0.05267059301380991,0.03590576766856214,0.05890536149471974,0.07002437043054427,0.03201665312753859,0.0795186839967506,0.09573517465475223,0.08973395613322502,0.10218318440292445,0.07502030869212023,0.0362408610885459,0.05853980503655565,0.04052599512591389,0.014987814784727863,0.015069049553208773,0.0043460601137286755,0.007351746547522339,0.005026401299756296,0.0038688058489033308,1.0154346060113728e-05,0.002467506092607636,1.0154346060113728e-05,0.0014419171405361494,0.00013200649878147846,0.0001421608448415922,0.0,0.0,0.0,0.0,0.0,0.0,0.0,0.0,0.0,0.0,0.0,0.0,0.0,0.0,0.0,0.0,0.0,0.0,0.0,0.0,0.0,0.0,0.0,0.0,0.0,0.0,0.0,0.0,0.0,0.0,0.0,0.0,0.0,0.0,0.0,0.0,0.0,0.0,0.0,0.0,0.0,0.0,nan,nan,4.300789889415482,2.980274700554742,nan,0.848854470871551,0.03471233632768934,0.0,0.0,0.0,0.0,0.0,0.0,0.0,0.0,0.0,0.0,0.0,0.0,0.0,0.0,0.0,0.0,0.0,0.0,0.0,0.0,0.022892025944296075,0.11446012972148037,0.41205646699732934,1.465089660434944,6.70736360167875,12.842426554750098,6.695917588706602,1.3162914917970243,0.34338038916444114,0.08012209080503627,0.8504515467547252,0.03407698849701077,0.0,0.0,0.0,0.0,0.0,0.0,0.0,0.0,0.0,0.0,0.0,0.0,0.0,0.0,0.0,0.0,0.0,0.0,0.0,0.0,0.026052974381241864,0.026052974381241864,0.31263569257490237,1.419887103777677,6.630481980026055,12.831089882761619,6.630481980026055,1.732522796352584,0.29960920538428143,0.09118541033434653,0.3962,0.00983,0.0,0.0,0.0,0.0,0.0,0.0,0.0,0.0,0.0,0.0,0.011446012972148038,19.629912247233854,10.358641739793974,0.0,0.0,0.0,0.0,0.0,0.0,0.0,0.0,0.0,0.0,0.0,0.0,0.0,0.0,0.0,0.0,0.0,0.396,0.010315,0.0,0.0,0.0,0.0,0.0,0.0,0.0,0.0,0.0,0.0,0.05210594876248373,19.474598349978262,10.473295701259229,0.0,0.0,0.0,0.0,0.0,0.0,0.0,0.0,0.0,0.0,0.0,0.0,0.0,0.0,0.0,0.0,0.0
40700,5032,2618,0.5202702702702703,1254,1006,0.4491255961844197,1432,0.5691573926868044,0.39399999999999996,2.975144987572494,3.132565982569391,6.654178674351585,2.1550165594569544,8380.241891891892,506.2834390709434,7853.0,8866.4,8866.399999999998,1.8189894035458565e-12,7853.0,0.0,28.358306836248012,20.930723479337512,33.35469378103571,19.08491782214913,0.13732114467408585,0.09538950715421304,0.08863275039745629,0.08803656597774245,0.07790143084260731,0.08147853736089031,0.06736883942766296,0.06677265500794913,0.05445151033386327,0.05465023847376788,0.049682034976152624,0.04133545310015898,0.03477742448330683,0.027623211446740858,0.01629570747217806,0.009936406995230525,0.008346581875993641,0.8504334944396595,0.034457970128591205,0.0,0.0,0.0,0.0,0.0,0.0,0.0,0.0,0.0,0.0,0.0,0.0,0.0,0.0,0.0,0.0,0.0,0.0,0.0,0.0,0.0,0.05365659777424484,0.28616852146263916,1.5798887122416485,6.432829888712243,12.99682034976153,6.7070747217806055,1.430842607313196,0.3934817170111289,0.11923688394276633,4.2696766320927395,2.9559304231722283,5.6875,2.517904634810461,1.3320680908831095,4.265379975874548,2.978130258656301,4.287897310513447,2.9325548545227496,1.0052790923121175,0.397,0.01024,0.0,0.0,0.0,0.0,0.0,0.0,0.0,0.0,0.0,0.0,0.05365659777424484,18.678457869634315,11.250000000000004,0.017885532591414947,0.0,0.0,0.0,0.0,0.0,0.0,0.0,0.0,0.0,0.0,0.0,0.0,0.0,0.0,0.0,0.0,nan,nan,4.2765634486945965,2.9556040386397853,nan,0.397,0.0497,0.0,0.0,0.0,0.0,0.0,0.0,0.0,0.0,0.0,0.0,0.0,0.0,0.0,0.0,0.0,0.0,0.0,0.0,0.0,0.0,0.0,0.0,0.0,8.942766295707472e-05,0.0,0.0009141494435612082,0.006498410174880763,0.001609697933227345,0.01100953895071542,0.011238076311605723,0.010890302066772654,0.01893879173290938,0.014119634340222575,0.045280206677265504,0.05057631160572337,0.03259141494435612,0.059141494435612084,0.06689189189189189,0.03199523052464229,0.08274046104928458,0.09423688394276629,0.08776828298887122,0.09906597774244832,0.07410572337042926,0.03919912559618442,0.05852543720190779,0.0445647853736089,0.01476550079491256,0.015371621621621622,0.004650238473767885,0.008803656597774245,0.0052563593004769475,0.004640302066772655,1.987281399046105e-05,0.0029014308426073133,8.942766295707472e-05,0.0012817965023847377,4.9682034976152626e-05,0.00017885532591414944,0.0,0.0,0.0,0.0,0.0,0.0,0.0,0.0,0.0,0.0,0.0,0.0,0.0,0.0,0.0,0.0,0.0,0.0,0.0,0.0,0.0,0.0,0.0,0.0,0.0,0.0,0.0,0.0,0.0,0.0,0.0,0.0,0.0,0.0,0.0,0.0,0.0,0.0,0.0,0.0,0.0,0.0,nan,nan,4.2765634486945965,2.9556040386397853,nan,0.8504155479468308,0.03415340460627665,0.0,0.0,0.0,0.0,0.0,0.0,0.0,0.0,0.0,0.0,0.0,0.0,0.0,0.0,0.0,0.0,0.0,0.0,0.0,0.0,0.0,0.04583651642475173,0.2635599694423224,1.6042780748663052,6.382734912146678,13.18945760122231,6.497326203208558,1.5699006875477468,0.3208556149732621,0.12605042016806725,0.8504529575375159,0.03478524904783243,0.0,0.0,0.0,0.0,0.0,0.0,0.0,0.0,0.0,0.0,0.0,0.0,0.0,0.0,0.0,0.0,0.0,0.0,0.0,0.0,0.0,0.062137531068765545,0.3106876553438277,1.5534382767191335,6.487158243579123,12.78790389395195,6.934548467274235,1.2800331400165703,0.47224523612261815,0.11184755592377799,0.397,0.010185,0.0,0.0,0.0,0.0,0.0,0.0,0.0,0.0,0.0,0.0,0.034377387318563796,18.678380443086297,11.264323911382737,0.022918258212375864,0.0,0.0,0.0,0.0,0.0,0.0,0.0,0.0,0.0,0.0,0.0,0.0,0.0,0.0,0.0,0.0,0.3967,0.01031,0.0,0.0,0.0,0.0,0.0,0.0,0.0,0.0,0.0,0.0,0.07456503728251865,18.678541839270892,11.23446561723281,0.01242750621375311,0.0,0.0,0.0,0.0,0.0,0.0,0.0,0.0,0.0,0.0,0.0,0.0,0.0,0.0,0.0,0.0
40800,4822,2471,0.512442969722107,1141,980,0.4398589796764828,1386,0.5748652011613439,0.38199999999999995,2.9736282433007233,3.031688934058062,6.428985507246376,2.0848036399577934,8372.309705516383,506.54307351575727,7853.0,8866.4,8866.4,0.0,7853.0,0.0,28.5230194939859,21.133794642528564,33.30347528144885,19.411329900344306,0.13396930734135212,0.10493571132310245,0.08834508502695977,0.07984238905018665,0.0777685607631688,0.08004977187888843,0.0742430526752385,0.059104106180008296,0.05578598092077976,0.052467855661551224,0.05184570717544587,0.0414765657403567,0.03318125259228536,0.029448361675653255,0.01845707175445873,0.00953961012028204,0.00953961012028204,0.8506962160805062,0.03577571119297019,0.0,0.0,0.0,0.0,0.0,0.0,0.0,0.0,0.0,0.0,0.0,0.0,0.0,0.0,0.0,0.0,0.0,0.0,0.0,0.0,0.018664454583160517,0.0995437577768561,0.34218166735794286,1.5678141849854783,6.401907922024058,12.691829116549153,6.6756532559104125,1.6922438822065538,0.3608461219411034,0.14931563666528413,4.302893890675241,2.778458359179165,3.347826086956522,2.663908466441807,0.7780405866413678,4.326713645099296,2.781076352150192,4.265267175572519,2.7762606411226467,0.9857983507652801,0.397,0.010185,0.0,0.0,0.0,0.0,0.0,0.0,0.0,0.0,0.0,0.0,0.04977187888842805,18.129406885109887,11.814599751140609,0.0062214848610535065,0.0,0.0,0.0,0.0,0.0,0.0,0.0,0.0,0.0,0.0,0.0,0.0,0.0,0.0,0.0,0.0,nan,nan,4.2958825406958185,2.7788309296732283,nan,0.397,0.0496,0.0,0.0,0.0,0.0,0.0,0.0,0.0,0.0,0.0,0.0,0.0,0.0,0.0,0.0,0.0,0.0,0.0,0.0,0.0,0.0,0.0,0.0,0.0,0.00017627540439651596,0.0,0.001244296972210701,0.005879303193695562,0.001244296972210701,0.011094981335545416,0.011395686437163002,0.010835752799668188,0.017534218166735793,0.014060555785980922,0.045810866860223974,0.04975114060555786,0.032196184155951886,0.06272293654085442,0.06450642886768976,0.031636250518457074,0.08613645790128577,0.09593529655744504,0.08803401078390709,0.09774989630858565,0.07093529655744504,0.041134384072998756,0.05539195354624637,0.04411032766486935,0.015802571547075903,0.015885524678556615,0.004707590211530485,0.009238905018664454,0.00540232268768146,0.004852758191621734,1.0369141435089174e-05,0.003245541269182912,0.00021775197013687266,0.0008502695976773123,1.0369141435089174e-05,0.0002592285358772294,0.0,0.0,0.0,0.0,0.0,0.0,0.0,0.0,0.0,0.0,0.0,0.0,0.0,0.0,0.0,0.0,0.0,0.0,0.0,0.0,0.0,0.0,0.0,0.0,0.0,0.0,0.0,0.0,0.0,0.0,0.0,0.0,0.0,0.0,0.0,0.0,0.0,0.0,0.0,0.0,0.0,0.0,nan,nan,4.2958825406958185,2.7788309296732283,nan,0.8510020071801171,0.0356674007291002,0.0,0.0,0.0,0.0,0.0,0.0,0.0,0.0,0.0,0.0,0.0,0.0,0.0,0.0,0.0,0.0,0.0,0.0,0.0,0.0,0.012140833670578716,0.13354917037636588,0.2792391744233104,1.5418858761634917,6.483205180089034,12.590044516390128,6.665317685147715,1.8089842169162287,0.36422501011736147,0.12140833670578716,0.8503748167580313,0.03588638927353409,0.0,0.0,0.0,0.0,0.0,0.0,0.0,0.0,0.0,0.0,0.0,0.0,0.0,0.0,0.0,0.0,0.0,0.0,0.0,0.0,0.025521054870267977,0.06380263717566995,0.40833687792428763,1.595065929391743,6.316461080391324,12.79880901743939,6.68651637601021,1.5695448745214806,0.35729476818375167,0.17864738409187583,0.397,0.01011,0.0,0.0,0.0,0.0,0.0,0.0,0.0,0.0,0.0,0.0,0.03642250101173614,18.126264670173992,11.837312828814248,0.0,0.0,0.0,0.0,0.0,0.0,0.0,0.0,0.0,0.0,0.0,0.0,0.0,0.0,0.0,0.0,0.0,0.397,0.01027,0.0,0.0,0.0,0.0,0.0,0.0,0.0,0.0,0.0,0.0,0.06380263717566995,18.132709485325368,11.790727350063806,0.012760527435133989,0.0,0.0,0.0,0.0,0.0,0.0,0.0,0.0,0.0,0.0,0.0,0.0,0.0,0.0,0.0,0.0
40900,4432,2262,0.5103790613718412,1050,892,0.4381768953068592,1227,0.5537003610108303,0.438,3.0133640552995393,3.1478624480570465,6.697068403908795,2.128469470117715,8370.218140794224,506.5908198084848,7853.0,8866.4,8866.399999999998,1.8189894035458565e-12,7853.0,0.0,28.03610108303249,21.21944726422365,33.283622559652926,19.401996137567416,0.14778880866425992,0.09589350180505415,0.09657039711191336,0.08393501805054152,0.0796480144404332,0.07129963898916968,0.06114620938628159,0.06272563176895307,0.06046931407942238,0.05347472924187725,0.04512635379061372,0.04444945848375451,0.034747292418772564,0.02278880866425993,0.021886281588447652,0.00970216606498195,0.008348375451263539,0.8487304530177091,0.035214014679673465,0.0,0.0,0.0,0.0,0.0,0.0,0.0,0.0,0.0,0.0,0.0,0.0,0.0,0.0,0.0,0.0,0.0,0.0,0.0,0.0,0.0338447653429603,0.07445848375451265,0.43998194945848385,1.7396209386281536,6.708032490974731,12.833935018050544,6.274819494584839,1.4891696750902532,0.3113718411552347,0.09476534296028884,4.3828125,2.8902343486028514,5.461538461538462,2.885384512847854,1.2461264225970108,4.412997903563942,2.8604777226073606,4.372076541459958,2.923506216994133,0.9907270832666981,0.397,0.01024,0.0,0.0,0.0,0.0,0.0,0.0,0.0,0.0,0.0,0.0,0.013537906137184119,18.553700361010804,11.425992779783396,0.006768953068592059,0.0,0.0,0.0,0.0,0.0,0.0,0.0,0.0,0.0,0.0,0.0,0.0,0.0,0.0,0.0,0.0,nan,nan,4.3926812104152,2.8920142766011665,nan,0.397,0.04965,0.0,0.0,0.0,0.0,0.0,0.0,0.0,0.0,0.0,0.0,0.0,0.0,0.0,0.0,0.0,0.0,0.0,0.0,0.0,0.0,0.0,0.0,0.0,7.8971119133574e-05,0.0,0.0012184115523465704,0.005967960288808664,0.001286101083032491,0.010390342960288809,0.012951263537906137,0.013109205776173286,0.016865974729241878,0.013932761732851986,0.04390794223826715,0.051793772563176896,0.03281814079422383,0.05890117328519855,0.06198104693140794,0.030640794223826713,0.08658619133574007,0.09657039711191336,0.08745487364620938,0.10219990974729241,0.06796028880866425,0.04281362815884476,0.05605821299638989,0.04472021660649819,0.01704648014440433,0.014023014440433213,0.005042870036101083,0.009363718411552346,0.005652075812274368,0.0051331227436823106,3.384476534296029e-05,0.002199909747292419,0.00029332129963898916,0.0007558664259927798,0.0,0.00024819494584837545,0.0,0.0,0.0,0.0,0.0,0.0,0.0,0.0,0.0,0.0,0.0,0.0,0.0,0.0,0.0,0.0,0.0,0.0,0.0,0.0,0.0,0.0,0.0,0.0,0.0,0.0,0.0,0.0,0.0,0.0,0.0,0.0,0.0,0.0,0.0,0.0,0.0,0.0,0.0,0.0,0.0,0.0,nan,nan,4.3926812104152,2.8920142766011665,nan,0.8487685502998392,0.03491332275268905,0.0,0.0,0.0,0.0,0.0,0.0,0.0,0.0,0.0,0.0,0.0,0.0,0.0,0.0,0.0,0.0,0.0,0.0,0.0,0.0,0.013262599469496024,0.06631299734748011,0.4376657824933688,1.7108753315649816,6.843501326259949,12.57294429708223,6.498673740053052,1.4721485411140587,0.3050397877984085,0.07957559681697614,0.8486907405512674,0.03552470215833195,0.0,0.0,0.0,0.0,0.0,0.0,0.0,0.0,0.0,0.0,0.0,0.0,0.0,0.0,0.0,0.0,0.0,0.0,0.0,0.0,0.05529953917050692,0.08294930875576038,0.4423963133640554,1.7695852534562158,6.5668202764976975,13.105990783410142,6.041474654377882,1.5069124423963138,0.3179723502304148,0.11059907834101385,0.3967,0.0102,0.0,0.0,0.0,0.0,0.0,0.0,0.0,0.0,0.0,0.0,0.026525198938992047,18.74005305039785,11.220159151193638,0.013262599469496024,0.0,0.0,0.0,0.0,0.0,0.0,0.0,0.0,0.0,0.0,0.0,0.0,0.0,0.0,0.0,0.0,0.3972,0.01028,0.0,0.0,0.0,0.0,0.0,0.0,0.0,0.0,0.0,0.0,0.0,18.359447004608267,11.640552995391708,0.0,0.0,0.0,0.0,0.0,0.0,0.0,0.0,0.0,0.0,0.0,0.0,0.0,0.0,0.0,0.0,0.0
41000,4785,2458,0.5136886102403344,1177,970,0.44869383490073145,1367,0.5713688610240334,0.40199999999999997,2.9755049419853887,3.108937708444208,6.526158445440957,2.2279620706708534,8373.572037617556,506.5100754894585,7853.0,8866.4,8866.399999999998,1.8189894035458565e-12,7853.0,0.0,28.103239289446186,20.85237457838221,33.07363184079602,19.037996864709207,0.13918495297805641,0.09926854754440961,0.08756530825496343,0.08798328108672936,0.0794148380355277,0.07628004179728318,0.06938349007314525,0.06311389759665621,0.060815047021943576,0.05768025078369906,0.04535005224660397,0.04075235109717868,0.03197492163009404,0.026541274817136886,0.016927899686520375,0.011912225705329153,0.005851619644723093,0.8483320465282213,0.03387238068383852,0.0,0.0,0.0,0.0,0.0,0.0,0.0,0.0,0.0,0.0,0.0,0.0,0.0,0.0,0.0,0.0,0.0,0.0,0.0,0.0,0.0,0.06269592476489029,0.37617554858934177,1.498432601880873,7.373040752351098,12.92163009404389,5.8432601880877755,1.479623824451411,0.38244514106583083,0.06269592476489029,4.26468689477082,2.9098215702657284,3.8333333333333335,2.91070819942883,0.8988545766474921,4.318475452196383,2.939527419222997,4.210121716848175,2.8790569044588157,0.9749092621811479,0.397,0.01023,0.0,0.0,0.0,0.0,0.0,0.0,0.0,0.0,0.0,0.0,0.03761755485893418,18.445141065830693,11.50470219435737,0.01253918495297806,0.0,0.0,0.0,0.0,0.0,0.0,0.0,0.0,0.0,0.0,0.0,0.0,0.0,0.0,0.0,0.0,nan,nan,4.263022508038585,2.9099478779226455,nan,0.397,0.0497,0.0,0.0,0.0,0.0,0.0,0.0,0.0,0.0,0.0,0.0,0.0,0.0,0.0,0.0,0.0,0.0,0.0,0.0,0.0,0.0,0.0,0.0,0.0,0.0001044932079414838,1.044932079414838e-05,0.0012852664576802509,0.006081504702194357,0.0017763845350052246,0.010219435736677116,0.011954022988505748,0.014681295715778475,0.016938349007314526,0.013897596656217346,0.043396029258098226,0.05100313479623825,0.033396029258098224,0.059111807732497385,0.05985370950888192,0.03065830721003135,0.08633228840125391,0.09897596656217346,0.08328108672936259,0.10174503657262278,0.07152560083594567,0.041661442006269596,0.05916405433646813,0.04363636363636364,0.017523510971786834,0.013490073145245559,0.006060606060606061,0.008892371995820271,0.004743991640543364,0.005297805642633229,6.269592476489028e-05,0.0020689655172413794,0.00021943573667711599,0.000741901776384535,0.0,0.0002089864158829676,0.0,0.0,0.0,0.0,0.0,0.0,0.0,0.0,0.0,0.0,0.0,0.0,0.0,0.0,0.0,0.0,0.0,0.0,0.0,0.0,0.0,0.0,0.0,0.0,0.0,0.0,0.0,0.0,0.0,0.0,0.0,0.0,0.0,0.0,0.0,0.0,0.0,0.0,0.0,0.0,0.0,0.0,nan,nan,4.263022508038585,2.9099478779226455,nan,0.8485647212498745,0.03367090961310648,0.0,0.0,0.0,0.0,0.0,0.0,0.0,0.0,0.0,0.0,0.0,0.0,0.0,0.0,0.0,0.0,0.0,0.0,0.0,0.0,0.0,0.048820179007323036,0.31733116354759977,1.4524003254678557,7.530512611879578,12.99837266069976,5.663140764849473,1.5500406834825065,0.3661513425549228,0.07323026851098455,0.8480862732296294,0.03408217532474535,0.0,0.0,0.0,0.0,0.0,0.0,0.0,0.0,0.0,0.0,0.0,0.0,0.0,0.0,0.0,0.0,0.0,0.0,0.0,0.0,0.0,0.0773528147829824,0.4383326171035669,1.5470562956596428,7.206703910614527,12.840567253975077,6.033519553072627,1.405242801890847,0.3996562097120757,0.05156854318865493,0.3967,0.01032,0.0,0.0,0.0,0.0,0.0,0.0,0.0,0.0,0.0,0.0,0.048820179007323036,18.698128559804694,11.228641171684298,0.024410089503661518,0.0,0.0,0.0,0.0,0.0,0.0,0.0,0.0,0.0,0.0,0.0,0.0,0.0,0.0,0.0,0.0,0.3972,0.01013,0.0,0.0,0.0,0.0,0.0,0.0,0.0,0.0,0.0,0.0,0.025784271594327467,18.177911474000833,11.796304254404816,0.0,0.0,0.0,0.0,0.0,0.0,0.0,0.0,0.0,0.0,0.0,0.0,0.0,0.0,0.0,0.0,0.0
41100,4665,2412,0.5170418006430868,1124,970,0.44887459807073954,1290,0.5530546623794212,0.438,3.0053262316910785,3.154825391573694,6.826229508196722,2.0896232023151584,8376.970160771703,506.40559983763933,7853.0,8866.4,8866.4,0.0,7853.0,0.0,27.378349410503752,20.62338870013982,32.23371647509578,18.96229470667666,0.14083601286173633,0.10589496248660236,0.09346195069667738,0.08745980707395498,0.0827438370846731,0.07374062165058949,0.07652733118971061,0.05680600214362272,0.06087888531618435,0.04780278670953912,0.046516613076098605,0.03622722400857449,0.03129689174705252,0.028938906752411574,0.016720257234726688,0.00857449088960343,0.005573419078242229,0.847569893282965,0.03405412055591358,0.0,0.0,0.0,0.0,0.0,0.0,0.0,0.0,0.0,0.0,0.0,0.0,0.0,0.0,0.0,0.0,0.0,0.0,0.0,0.0,0.006430868167202574,0.05787781350482316,0.3086816720257235,1.7813504823151072,7.292604501607719,12.823151125401932,6.04501607717042,1.2926045016077172,0.28295819935691324,0.10932475884244375,4.288279132791328,2.922999771112253,2.9444444444444446,2.4601766472760587,0.6866261158069358,4.328795098706603,2.8997537473585147,4.231333333333334,2.944002641907027,0.9774852440111129,0.397,0.00991,0.0,0.0,0.0,0.0,0.0,0.0,0.0,0.0,0.0,0.0,0.006430868167202574,18.906752411575535,11.073954983922834,0.012861736334405148,0.0,0.0,0.0,0.0,0.0,0.0,0.0,0.0,0.0,0.0,0.0,0.0,0.0,0.0,0.0,0.0,nan,nan,4.2801346801346805,2.922277601318475,nan,0.397,0.04977,0.0,0.0,0.0,0.0,0.0,0.0,0.0,0.0,0.0,0.0,0.0,0.0,0.0,0.0,0.0,0.0,0.0,0.0,0.0,0.0,0.0,0.0,0.0,0.0,2.1436227224008573e-05,0.001082529474812433,0.00669882100750268,0.0015434083601286173,0.01022508038585209,0.011254019292604502,0.014651661307609861,0.016184351554126473,0.014437299035369775,0.045809217577706327,0.05302250803858521,0.0337513397642015,0.060010718113612006,0.05812433011789925,0.03007502679528403,0.08453376205787781,0.0972454448017149,0.08310825294748124,0.10308681672025724,0.07086816720257234,0.0407502679528403,0.058360128617363345,0.04511254019292604,0.018863879957127544,0.013944265809217577,0.006152197213290461,0.008553054662379421,0.003397642015005359,0.005562700964630225,1.0718113612004287e-05,0.0019828510182207932,0.0006538049303322615,0.0007395498392282958,0.0,0.00018220793140407289,0.0,0.0,0.0,0.0,0.0,0.0,0.0,0.0,0.0,0.0,0.0,0.0,0.0,0.0,0.0,0.0,0.0,0.0,0.0,0.0,0.0,0.0,0.0,0.0,0.0,0.0,0.0,0.0,0.0,0.0,0.0,0.0,0.0,0.0,0.0,0.0,0.0,0.0,0.0,0.0,0.0,0.0,nan,nan,4.2801346801346805,2.922277601318475,nan,0.8469256117915237,0.033866198908088285,0.0,0.0,0.0,0.0,0.0,0.0,0.0,0.0,0.0,0.0,0.0,0.0,0.0,0.0,0.0,0.0,0.0,0.0,0.0,0.0,0.0,0.04975124378109454,0.3233830845771145,1.803482587064671,7.450248756218907,12.89800995024876,5.820895522388061,1.2686567164179106,0.2611940298507463,0.12437810945273634,0.8482596433750005,0.03424072785117309,0.0,0.0,0.0,0.0,0.0,0.0,0.0,0.0,0.0,0.0,0.0,0.0,0.0,0.0,0.0,0.0,0.0,0.0,0.0,0.0,0.013315579227696408,0.06657789613848204,0.29294274300932094,1.75765645805592,7.123834886817578,12.743009320905463,6.284953395472705,1.3182423435419444,0.3062583222370174,0.09320905459387487,0.397,0.00982,0.0,0.0,0.0,0.0,0.0,0.0,0.0,0.0,0.0,0.0,0.012437810945273634,18.93034825870644,11.044776119402988,0.012437810945273634,0.0,0.0,0.0,0.0,0.0,0.0,0.0,0.0,0.0,0.0,0.0,0.0,0.0,0.0,0.0,0.0,0.397,0.01001,0.0,0.0,0.0,0.0,0.0,0.0,0.0,0.0,0.0,0.0,0.0,18.881491344873478,11.105193075898805,0.013315579227696408,0.0,0.0,0.0,0.0,0.0,0.0,0.0,0.0,0.0,0.0,0.0,0.0,0.0,0.0,0.0,0.0
41200,4740,2425,0.5116033755274262,1142,950,0.4413502109704641,1324,0.5586497890295359,0.418,2.982289416846652,3.047519535642976,6.284074605451937,2.1810956495755947,8371.458860759494,506.5635391474979,7853.0,8866.4,8866.4,0.0,7853.0,0.0,28.768565400843883,21.214491883484147,33.64563591022444,19.415572384803223,0.13523206751054853,0.0970464135021097,0.08691983122362869,0.08481012658227848,0.08312236286919832,0.07341772151898734,0.06729957805907173,0.06223628691983123,0.06118143459915612,0.05464135021097046,0.04725738396624472,0.04135021097046414,0.039451476793248945,0.024683544303797468,0.020464135021097046,0.013291139240506329,0.007594936708860759,0.8479708089858671,0.032856479424213964,0.0,0.0,0.0,0.0,0.0,0.0,0.0,0.0,0.0,0.0,0.0,0.0,0.0,0.0,0.0,0.0,0.0,0.0,0.0,0.0,0.012658227848101269,0.025316455696202538,0.29113924050632917,1.6202531645569571,7.468354430379748,12.955696202531648,5.943037974683546,1.3734177215189878,0.24683544303797472,0.06329113924050635,4.164299548095546,2.7849180834354694,5.583333333333333,2.6912925436591904,1.3407616980595818,4.118300653594771,2.80377751507709,4.219620253164557,2.767669559846551,1.0246022833426078,0.3965,0.01032,0.0,0.0,0.0,0.0,0.0,0.0,0.0,0.0,0.0,0.0,0.06329113924050635,18.797468354430354,11.139240506329116,0.0,0.0,0.0,0.0,0.0,0.0,0.0,0.0,0.0,0.0,0.0,0.0,0.0,0.0,0.0,0.0,0.0,nan,nan,4.169774919614148,2.7859522922008564,nan,0.3965,0.05014,0.0,0.0,0.0,0.0,0.0,0.0,0.0,0.0,0.0,0.0,0.0,0.0,0.0,0.0,0.0,0.0,0.0,0.0,0.0,0.0,0.0,0.0,0.0,1.0548523206751054e-05,0.00016877637130801687,0.0008227848101265823,0.007689873417721519,0.0016139240506329114,0.011466244725738397,0.010010548523206752,0.015485232067510549,0.016381856540084387,0.014335443037974684,0.04544303797468354,0.05359704641350211,0.03534810126582279,0.06008438818565401,0.05625527426160338,0.030042194092827004,0.08419831223628692,0.0979746835443038,0.08421940928270043,0.105084388185654,0.06660337552742616,0.04079113924050633,0.057341772151898736,0.045,0.019430379746835442,0.012732067510548523,0.005569620253164557,0.008428270042194094,0.003639240506329114,0.006065400843881856,5.2742616033755275e-05,0.002162447257383966,0.0008649789029535865,0.0006751054852320675,2.109704641350211e-05,0.00037974683544303797,1.0548523206751054e-05,0.0,0.0,0.0,0.0,0.0,0.0,0.0,0.0,0.0,0.0,0.0,0.0,0.0,0.0,0.0,0.0,0.0,0.0,0.0,0.0,0.0,0.0,0.0,0.0,0.0,0.0,0.0,0.0,0.0,0.0,0.0,0.0,0.0,0.0,0.0,0.0,0.0,0.0,0.0,0.0,0.0,nan,nan,4.169774919614148,2.7859522922008564,nan,0.848180952956996,0.03255763720526467,0.0,0.0,0.0,0.0,0.0,0.0,0.0,0.0,0.0,0.0,0.0,0.0,0.0,0.0,0.0,0.0,0.0,0.0,0.0,0.0,0.01237113402061856,0.01237113402061856,0.28453608247422685,1.7072164948453556,7.12577319587629,13.05154639175258,6.173195876288661,1.3360824742268045,0.24742268041237117,0.04948453608247424,0.8477506797720495,0.03316520608437688,0.0,0.0,0.0,0.0,0.0,0.0,0.0,0.0,0.0,0.0,0.0,0.0,0.0,0.0,0.0,0.0,0.0,0.0,0.0,0.0,0.012958963282937368,0.0388768898488121,0.29805615550755943,1.5291576673866043,7.82721382289417,12.855291576673869,5.701943844492442,1.412526997840173,0.24622030237581,0.0777537796976242,0.3967,0.01023,0.0,0.0,0.0,0.0,0.0,0.0,0.0,0.0,0.0,0.0,0.06185567010309279,18.519587628865953,11.418556701030932,0.0,0.0,0.0,0.0,0.0,0.0,0.0,0.0,0.0,0.0,0.0,0.0,0.0,0.0,0.0,0.0,0.0,0.3965,0.010414,0.0,0.0,0.0,0.0,0.0,0.0,0.0,0.0,0.0,0.0,0.06479481641468683,19.08855291576671,10.846652267818577,0.0,0.0,0.0,0.0,0.0,0.0,0.0,0.0,0.0,0.0,0.0,0.0,0.0,0.0,0.0,0.0,0.0
41300,4974,2597,0.5221149979895456,1209,1022,0.44853236831523924,1373,0.5520707679935666,0.418,2.9436264198569626,3.1390738406905756,6.759170653907496,2.17299460014993,8382.111338962604,506.2041306487956,7853.0,8866.4,8866.4,0.0,7853.0,0.0,27.824487334137515,20.78241277204851,32.65291030534351,19.068728550033313,0.1401286690792119,0.09931644551668677,0.0912746280659429,0.08926417370325694,0.08363490148773622,0.07237635705669482,0.07096903900281464,0.0677523120225171,0.055890631282669884,0.046441495778045835,0.05126658624849216,0.03839967832730197,0.031363088057901084,0.025331724969843185,0.021511861680739847,0.009047044632086852,0.006031363088057901,0.8484435671297096,0.033712121106770264,0.0,0.0,0.0,0.0,0.0,0.0,0.0,0.0,0.0,0.0,0.0,0.0,0.0,0.0,0.0,0.0,0.0,0.0,0.0,0.0,0.006031363088057903,0.07840772014475274,0.2834740651387214,1.598311218335339,7.189384800965019,12.804583835946927,6.338962605548856,1.2665862484921595,0.3437876960193004,0.09047044632086854,4.281632653061225,2.9363940289602968,5.538461538461538,3.586628685192236,1.2935396348170418,4.200249532127262,2.8990845351121153,4.373667711598746,2.9788485334956496,1.0412875897360447,0.3967,0.01047,0.0,0.0,0.0,0.0,0.0,0.0,0.0,0.0,0.0,0.0,0.05428226779252112,18.998793727382363,10.940892641737035,0.006031363088057903,0.0,0.0,0.0,0.0,0.0,0.0,0.0,0.0,0.0,0.0,0.0,0.0,0.0,0.0,0.0,0.0,nan,nan,4.286741713570982,2.940416102695405,nan,0.3967,0.0502,0.0,0.0,0.0,0.0,0.0,0.0,0.0,0.0,0.0,0.0,0.0,0.0,0.0,0.0,0.0,0.0,0.0,0.0,0.0,0.0,0.0,0.0,1.0052271813429835e-05,0.0,0.00022114997989545638,0.0008242862887012465,0.0077603538399678325,0.001156011258544431,0.010705669481302775,0.009418978689183755,0.015530759951749096,0.01822476879774829,0.013932448733413752,0.044461198230800164,0.05620225170888621,0.03595697627663852,0.060062324085243264,0.055619219943707277,0.028980699638118213,0.08647969441093688,0.09468234821069561,0.08400683554483314,0.10566948130277443,0.06412344189786892,0.039565741857659834,0.0572778447929232,0.04650180940892642,0.019652191395255328,0.014093285082428629,0.006282669883393647,0.009700442299959791,0.004091274628065943,0.0049256131885806196,0.00019099316445516686,0.001889827100924809,0.0010152794531564134,0.0006232408524326498,0.0,0.00016083634901487736,0.0,0.0,0.0,0.0,0.0,0.0,0.0,0.0,0.0,0.0,0.0,0.0,0.0,0.0,0.0,0.0,0.0,0.0,0.0,0.0,0.0,0.0,0.0,0.0,0.0,0.0,0.0,0.0,0.0,0.0,0.0,0.0,0.0,0.0,0.0,0.0,0.0,0.0,0.0,0.0,0.0,0.0,nan,nan,4.286741713570982,2.940416102695405,nan,0.8484803654388322,0.03378773285348202,0.0,0.0,0.0,0.0,0.0,0.0,0.0,0.0,0.0,0.0,0.0,0.0,0.0,0.0,0.0,0.0,0.0,0.0,0.0,0.0,0.011551790527531771,0.0808625336927224,0.31189834424335783,1.5710435117443156,6.861763573353871,13.319214478244131,6.110897189064306,1.3169041201386218,0.3234501347708896,0.09241432422025417,0.8484033630031671,0.033629270855269434,0.0,0.0,0.0,0.0,0.0,0.0,0.0,0.0,0.0,0.0,0.0,0.0,0.0,0.0,0.0,0.0,0.0,0.0,0.0,0.0,0.0,0.0757257046697518,0.25241901556583934,1.6281026503996585,7.547328565418597,12.24232225494321,6.5881363062684075,1.2116112747160288,0.36600757257046707,0.08834665544804378,0.3967,0.01032,0.0,0.0,0.0,0.0,0.0,0.0,0.0,0.0,0.0,0.0,0.023103581055063542,19.07200616095492,10.904890257989992,0.0,0.0,0.0,0.0,0.0,0.0,0.0,0.0,0.0,0.0,0.0,0.0,0.0,0.0,0.0,0.0,0.0,0.3967,0.01063,0.0,0.0,0.0,0.0,0.0,0.0,0.0,0.0,0.0,0.0,0.08834665544804378,18.918805216659628,10.980227177114012,0.012620950778291968,0.0,0.0,0.0,0.0,0.0,0.0,0.0,0.0,0.0,0.0,0.0,0.0,0.0,0.0,0.0,0.0
41400,4559,2277,0.49945163413029176,1040,984,0.44395700811581484,1303,0.5716165825839,0.38999999999999996,2.862401402278703,2.9165124233063704,6.079528718703976,2.0892125797821195,8359.144286027638,506.6996952653324,7853.0,8866.4,8866.399999999998,1.8189894035458565e-12,7853.0,0.0,28.54178547927177,21.26999679677067,33.414070612668745,19.539722816609924,0.13621408203553412,0.10002193463478833,0.08993200263215617,0.08642246106602325,0.07984207062952402,0.07742926080280764,0.06295240184250932,0.061855670103092786,0.05681070410177671,0.055494626014476856,0.04935292827374424,0.03904364992322878,0.036411493748629085,0.027637639833296774,0.020618556701030927,0.010747971046282079,0.009212546611098925,0.8485361355442467,0.03425803534379224,0.0,0.0,0.0,0.0,0.0,0.0,0.0,0.0,0.0,0.0,0.0,0.0,0.0,0.0,0.0,0.0,0.0,0.0,0.0,0.0,0.0,0.05264312349199387,0.26321561745996935,1.8359289317832803,7.034437376617681,12.733055494626017,6.113182715507788,1.5529721430138193,0.3487606931344594,0.06580390436499234,4.138104838709677,2.7458570277721734,4.0,2.935197542821371,0.9666260657734471,4.064646464646465,2.694025556033494,4.2075848303393215,2.795923457344775,1.0351662480208568,0.3962,0.00997,0.0,0.0,0.0,0.0,0.0,0.0,0.0,0.0,0.0,0.0,0.03290195218249617,19.445053739855204,10.522044307962274,0.0,0.0,0.0,0.0,0.0,0.0,0.0,0.0,0.0,0.0,0.0,0.0,0.0,0.0,0.0,0.0,0.0,nan,nan,4.1375041820006695,2.746723817582719,nan,0.3962,0.05038,0.0,0.0,0.0,0.0,0.0,0.0,0.0,0.0,0.0,0.0,0.0,0.0,0.0,0.0,0.0,0.0,0.0,0.0,0.0,0.0,0.0,0.0,3.290195218249616e-05,0.0,0.00042772537837245007,0.0007238429480149155,0.007885501206404914,0.001074797104628208,0.011384075455143671,0.00851063829787234,0.016648387804343058,0.018534766396139504,0.014257512612415004,0.044395700811581486,0.05949769686334722,0.03694889230094319,0.05981574906777802,0.05443079622724282,0.028778240842289977,0.08595086641807415,0.09435183154200483,0.08491993858302259,0.1059223513928493,0.0642904145645975,0.03893397674928713,0.05527527966659355,0.04405571397236236,0.018918622504935294,0.01388462382101338,0.0065694231191050665,0.00979381443298969,0.004189515244571178,0.005845580171090151,0.0003509541566132924,0.0017438034656722967,0.0010857644220223733,0.0005044966001316078,0.0,5.483658697082694e-05,0.0,0.0,1.0967317394165387e-05,0.0,0.0,0.0,0.0,0.0,0.0,0.0,0.0,0.0,0.0,0.0,0.0,0.0,0.0,0.0,0.0,0.0,0.0,0.0,0.0,0.0,0.0,0.0,0.0,0.0,0.0,0.0,0.0,0.0,0.0,0.0,0.0,0.0,0.0,0.0,0.0,0.0,0.0,0.0,nan,nan,4.1375041820006695,2.746723817582719,nan,0.8484743113155474,0.033590730658612816,0.0,0.0,0.0,0.0,0.0,0.0,0.0,0.0,0.0,0.0,0.0,0.0,0.0,0.0,0.0,0.0,0.0,0.0,0.0,0.0,0.0,0.06587615283267459,0.25032938076416344,1.673254281949929,7.061923583662716,13.148880105401847,5.876152832674573,1.5283267457180505,0.3557312252964428,0.03952569169960475,0.8485978243123221,0.03491105789967429,0.0,0.0,0.0,0.0,0.0,0.0,0.0,0.0,0.0,0.0,0.0,0.0,0.0,0.0,0.0,0.0,0.0,0.0,0.0,0.0,0.0,0.039439088518843125,0.2760736196319019,1.9982471516213784,7.007011393514462,12.318141980718671,6.349693251533744,1.5775635407537252,0.3418054338299738,0.09202453987730064,0.3958,0.00981,0.0,0.0,0.0,0.0,0.0,0.0,0.0,0.0,0.0,0.0,0.013175230566534918,19.89459815546769,10.092226613965746,0.0,0.0,0.0,0.0,0.0,0.0,0.0,0.0,0.0,0.0,0.0,0.0,0.0,0.0,0.0,0.0,0.0,0.3965,0.01013,0.0,0.0,0.0,0.0,0.0,0.0,0.0,0.0,0.0,0.0,0.052585451358457505,18.99649430324274,10.950920245398777,0.0,0.0,0.0,0.0,0.0,0.0,0.0,0.0,0.0,0.0,0.0,0.0,0.0,0.0,0.0,0.0,0.0
41500,4448,2299,0.5168615107913669,1061,906,0.44222122302158273,1244,0.5593525179856115,0.38999999999999996,2.954397394136808,3.0445376289271238,6.451612903225806,2.095905527257454,8376.787455035972,506.4117977302597,7853.0,8866.4,8866.4,0.0,7853.0,0.0,27.918390287769785,20.8705832340912,32.805503606732564,19.140441668024494,0.13848920863309352,0.10026978417266187,0.09689748201438848,0.0825089928057554,0.08273381294964029,0.07464028776978417,0.06946942446043165,0.06294964028776978,0.05598021582733813,0.05710431654676259,0.043615107913669064,0.0397931654676259,0.03304856115107914,0.029676258992805755,0.01506294964028777,0.012140287769784174,0.005620503597122302,0.8502293736439386,0.03471587155366953,0.0,0.0,0.0,0.0,0.0,0.0,0.0,0.0,0.0,0.0,0.0,0.0,0.0,0.0,0.0,0.0,0.0,0.0,0.0,0.0,0.0,0.04046762589928058,0.2832733812949641,1.51079136690647,6.960431654676261,12.727068345323744,6.414118705035973,1.517535971223022,0.40467625899280585,0.14163669064748205,4.227959255356516,2.8339513227116284,5.0,2.0,1.182603638780427,4.249822064056939,2.870553960390429,4.2104899930986885,2.794898309008459,0.9907450075872815,0.396,0.01019,0.0,0.0,0.0,0.0,0.0,0.0,0.0,0.0,0.0,0.0,0.04046762589928058,19.383992805755366,10.575539568345325,0.0,0.0,0.0,0.0,0.0,0.0,0.0,0.0,0.0,0.0,0.0,0.0,0.0,0.0,0.0,0.0,0.0,nan,nan,4.229852838121934,2.8324637551756995,nan,0.396,0.05023,0.0,0.0,0.0,0.0,0.0,0.0,0.0,0.0,0.0,0.0,0.0,0.0,0.0,0.0,0.0,0.0,0.0,0.0,0.0,0.0,0.0,1.1241007194244605e-05,0.0,1.1241007194244605e-05,0.0006070143884892086,0.0004608812949640288,0.00935251798561151,0.0010678956834532375,0.00933003597122302,0.00908273381294964,0.016164568345323743,0.01923336330935252,0.015107913669064749,0.043221672661870505,0.06172437050359712,0.03591501798561151,0.054428956834532374,0.05484487410071943,0.028338579136690648,0.0856115107913669,0.09922437050359713,0.08679181654676259,0.10672212230215827,0.06588354316546763,0.04026528776978417,0.05189973021582734,0.04304181654676259,0.018592625899280575,0.013444244604316547,0.006519784172661871,0.010128147482014389,0.003495953237410072,0.005744154676258993,0.00019109712230215827,0.0015737410071942446,0.0015512589928057554,0.00041591726618705034,0.0,0.0,0.0,0.0,0.0,0.0,0.0,0.0,0.0,0.0,0.0,0.0,0.0,0.0,0.0,0.0,0.0,0.0,0.0,0.0,0.0,0.0,0.0,0.0,0.0,0.0,0.0,0.0,0.0,0.0,0.0,0.0,0.0,0.0,0.0,0.0,0.0,0.0,0.0,0.0,0.0,0.0,0.0,0.0,nan,nan,4.229852838121934,2.8324637551756995,nan,0.8498158477969457,0.03470014183835454,0.0,0.0,0.0,0.0,0.0,0.0,0.0,0.0,0.0,0.0,0.0,0.0,0.0,0.0,0.0,0.0,0.0,0.0,0.0,0.0,0.0,0.052196607220530676,0.3001304915180514,1.5528490648107824,6.79860809047412,12.90561113527621,6.394084384515008,1.461505002174859,0.40452370595911274,0.1304915180513267,0.850671763556566,0.03472723999212011,0.0,0.0,0.0,0.0,0.0,0.0,0.0,0.0,0.0,0.0,0.0,0.0,0.0,0.0,0.0,0.0,0.0,0.0,0.0,0.0,0.0,0.027919962773382975,0.26523964634713826,1.4657980456026012,7.13355048859935,12.536063285248956,6.435551419264776,1.5774778966961382,0.40483946021405315,0.15355979525360636,0.3962,0.01034,0.0,0.0,0.0,0.0,0.0,0.0,0.0,0.0,0.0,0.0,0.039147455415398005,19.09090909090906,10.869943453675514,0.0,0.0,0.0,0.0,0.0,0.0,0.0,0.0,0.0,0.0,0.0,0.0,0.0,0.0,0.0,0.0,0.0,0.3958,0.01004,0.0,0.0,0.0,0.0,0.0,0.0,0.0,0.0,0.0,0.0,0.04187994416007446,19.697533736621658,10.260586319218243,0.0,0.0,0.0,0.0,0.0,0.0,0.0,0.0,0.0,0.0,0.0,0.0,0.0,0.0,0.0,0.0,0.0
41600,4523,2305,0.5096175105018793,1064,952,0.4457218660181296,1328,0.58722087110325,0.38599999999999995,2.891794409377818,3.011701754221345,6.3858267716535435,2.1416280660146256,8369.446385142604,506.606255366682,7853.0,8866.4,8866.4,0.0,7853.0,0.0,27.98872429803228,20.864832594782854,32.780308981408744,19.170208782085044,0.13486623922175547,0.10192350210037586,0.09086889232810082,0.09551182843245633,0.0822462967057263,0.07251824010612426,0.06566438204731373,0.06632765863365023,0.05261994251602919,0.053062126906920186,0.04576608445721866,0.04267079372098165,0.030510722971479106,0.0291841697988061,0.02011938978554057,0.012160070749502542,0.003979659518019014,0.8514352404198867,0.03482397715325817,0.0,0.0,0.0,0.0,0.0,0.0,0.0,0.0,0.0,0.0,0.0,0.0,0.0,0.0,0.0,0.0,0.0,0.0,0.0,0.0,0.019898297590095072,0.0265310634534601,0.25867786867123593,1.5653327437541407,6.427150121600709,12.748175989387578,6.592969268184834,1.8638072076055718,0.3979659518019015,0.09949148795047537,4.237555784414693,2.8532966098589942,3.8666666666666667,3.116978594016256,0.9124756966947505,4.274139095205942,2.845409196555912,4.19432918395574,2.863949808524201,0.9813272545716353,0.396,0.010124,0.0,0.0,0.0,0.0,0.0,0.0,0.0,0.0,0.0,0.0,0.046429361043555176,19.599823126243614,10.353747512712802,0.0,0.0,0.0,0.0,0.0,0.0,0.0,0.0,0.0,0.0,0.0,0.0,0.0,0.0,0.0,0.0,0.0,nan,nan,4.235655737704918,2.854832300886153,nan,0.396,0.05002,0.0,0.0,0.0,0.0,0.0,0.0,0.0,0.0,0.0,0.0,0.0,0.0,0.0,0.0,0.0,0.0,0.0,0.0,0.0,0.0,0.0,1.105460977227504e-05,0.0,1.105460977227504e-05,0.000541675878841477,0.0005085120495246518,0.010081804112314836,0.0008954233915542782,0.008279902719434004,0.009794384258235684,0.016272385584788857,0.019102365686491266,0.016371877072739332,0.041720097280566,0.06052398850320584,0.036833959761220426,0.0568206942294937,0.05651116515587,0.028288746407251823,0.08026752155648906,0.10005527304886137,0.08597170019898298,0.10479770064116736,0.06598496573070971,0.0425160291841698,0.05294052619942516,0.04534600928587221,0.018792836612867566,0.01604023877957108,0.006135308423612647,0.007826663718770728,0.0026199425160291843,0.004886137519345567,0.0002542560247623259,0.0012712801238116294,0.0015476453681185054,0.00013265531726730045,4.421843908910016e-05,0.0,0.0,0.0,0.0,0.0,0.0,0.0,0.0,0.0,0.0,0.0,0.0,0.0,0.0,0.0,0.0,0.0,0.0,0.0,0.0,0.0,0.0,0.0,0.0,0.0,0.0,0.0,0.0,0.0,0.0,0.0,0.0,0.0,0.0,0.0,0.0,0.0,0.0,0.0,0.0,0.0,0.0,0.0,nan,nan,4.235655737704918,2.854832300886153,nan,0.8519176689507905,0.03523708433040154,0.0,0.0,0.0,0.0,0.0,0.0,0.0,0.0,0.0,0.0,0.0,0.0,0.0,0.0,0.0,0.0,0.0,0.0,0.0,0.0,0.013015184381778745,0.02603036876355749,0.2342733188720174,1.535791757049887,6.364425162689806,12.885032537960958,6.416485900216921,1.939262472885033,0.4555314533622561,0.13015184381778744,0.8509338888582396,0.03438223629971467,0.0,0.0,0.0,0.0,0.0,0.0,0.0,0.0,0.0,0.0,0.0,0.0,0.0,0.0,0.0,0.0,0.0,0.0,0.0,0.0,0.027051397655545543,0.027051397655545543,0.28403967538322816,1.5960324616771817,6.49233543733093,12.605951307484224,6.776375112714159,1.7853922452660058,0.33814247069431924,0.06762849413886385,0.3958,0.010086,0.0,0.0,0.0,0.0,0.0,0.0,0.0,0.0,0.0,0.0,0.02603036876355749,19.691973969631206,10.281995661605208,0.0,0.0,0.0,0.0,0.0,0.0,0.0,0.0,0.0,0.0,0.0,0.0,0.0,0.0,0.0,0.0,0.0,0.396,0.01016,0.0,0.0,0.0,0.0,0.0,0.0,0.0,0.0,0.0,0.0,0.06762849413886385,19.5040577096483,10.428313796212805,0.0,0.0,0.0,0.0,0.0,0.0,0.0,0.0,0.0,0.0,0.0,0.0,0.0,0.0,0.0,0.0,0.0
41700,4252,2194,0.5159924741298213,1028,884,0.44967074317968014,1224,0.5757290686735654,0.41,2.9538386783284745,3.051279796052861,6.34453781512605,2.231316357118552,8375.906773283159,506.4407472742967,7853.0,8866.4,8866.4,0.0,7853.0,0.0,28.2189557855127,20.87576448520828,33.0105702364395,19.138421174260895,0.1359360301034807,0.09924741298212605,0.09289746001881467,0.08795860771401694,0.07690498588899342,0.07478833490122296,0.07031984948259642,0.06326434619002823,0.058090310442144875,0.05221072436500471,0.05432737535277517,0.03645343367826905,0.03739416745061148,0.025870178739416744,0.016933207902163686,0.011053621825023518,0.006349952963311383,0.8515125143281267,0.03316652123047743,0.0,0.0,0.0,0.0,0.0,0.0,0.0,0.0,0.0,0.0,0.0,0.0,0.0,0.0,0.0,0.0,0.0,0.0,0.0,0.0,0.007055503292568205,0.01411100658513641,0.22577610536218257,1.6439322671683863,6.103010348071497,12.953904045155225,7.0837253057384775,1.6298212605832554,0.2822201317027282,0.05644402634054564,4.247020585048754,2.8371623216980253,3.375,1.8666480653835098,0.7946747448979591,4.182076813655761,2.820291785962721,4.308533916849015,2.8490455685150895,1.0302378719540333,0.3958,0.00997,0.0,0.0,0.0,0.0,0.0,0.0,0.0,0.0,0.0,0.0,0.02822201317027282,19.72718720602067,10.244590780809032,0.0,0.0,0.0,0.0,0.0,0.0,0.0,0.0,0.0,0.0,0.0,0.0,0.0,0.0,0.0,0.0,0.0,nan,nan,4.244508462369463,2.8352289392458294,nan,0.3958,0.0503,0.0,0.0,0.0,0.0,0.0,0.0,0.0,0.0,0.0,0.0,0.0,0.0,0.0,0.0,0.0,0.0,0.0,0.0,0.0,0.0,0.0,0.0,0.0,0.0,0.001105362182502352,0.00047036688617121356,0.0104068673565381,0.000799623706491063,0.008607714016933207,0.010524459078080903,0.016980244590780808,0.01904985888993415,0.016462841015992474,0.04094543744120414,0.059207431796801505,0.03651222953904045,0.05612652869238006,0.057196613358419565,0.027457666980244592,0.07868062088428975,0.10001175917215428,0.08374882408278457,0.10560912511759173,0.06725070555032926,0.04381467544684854,0.05315145813734713,0.0456961429915334,0.018861712135465662,0.017626999059266228,0.006197083725305738,0.008125587958607714,0.0023400752587017875,0.004268579492003763,0.0005644402634054562,0.000870178739416745,0.001140639698965193,4.7036688617121355e-05,0.00014111006585136406,0.0,0.0,0.0,0.0,0.0,0.0,0.0,0.0,0.0,0.0,0.0,0.0,0.0,0.0,0.0,0.0,0.0,0.0,0.0,0.0,0.0,0.0,0.0,0.0,0.0,0.0,0.0,0.0,0.0,0.0,0.0,0.0,0.0,0.0,0.0,0.0,0.0,0.0,0.0,0.0,0.0,0.0,0.0,nan,nan,4.244508462369463,2.8352289392458294,nan,0.8517041264769155,0.032918233432053266,0.0,0.0,0.0,0.0,0.0,0.0,0.0,0.0,0.0,0.0,0.0,0.0,0.0,0.0,0.0,0.0,0.0,0.0,0.0,0.0,0.01367365542388332,0.01367365542388332,0.20510483135824983,1.681859617137643,6.043755697356429,12.880583409298088,7.260711030082043,1.6545123062898819,0.20510483135824983,0.04102096627164996,0.8513082397632858,0.03342797632279261,0.0,0.0,0.0,0.0,0.0,0.0,0.0,0.0,0.0,0.0,0.0,0.0,0.0,0.0,0.0,0.0,0.0,0.0,0.0,0.0,0.0,0.014577259475218662,0.24781341107871727,1.6034985422740473,6.166180758017495,13.032069970845484,6.895043731778427,1.6034985422740529,0.3644314868804665,0.07288629737609331,0.396,0.00996,0.0,0.0,0.0,0.0,0.0,0.0,0.0,0.0,0.0,0.0,0.04102096627164996,19.66271649954418,10.296262534184141,0.0,0.0,0.0,0.0,0.0,0.0,0.0,0.0,0.0,0.0,0.0,0.0,0.0,0.0,0.0,0.0,0.0,0.3958,0.00999,0.0,0.0,0.0,0.0,0.0,0.0,0.0,0.0,0.0,0.0,0.014577259475218662,19.79591836734691,10.189504373177844,0.0,0.0,0.0,0.0,0.0,0.0,0.0,0.0,0.0,0.0,0.0,0.0,0.0,0.0,0.0,0.0,0.0
41800,4212,2169,0.5149572649572649,1024,889,0.4541785375118709,1209,0.5740740740740741,0.418,3.013705335291238,3.1217438249119422,6.660472972972973,2.106439237856875,8374.857692307693,506.4732316360906,7853.0,8866.4,8866.400000000001,1.8189894035458565e-12,7853.0,0.0,28.08309591642925,20.913588532030946,33.05397004803617,19.113414214009783,0.14031339031339032,0.09639126305792972,0.08404558404558404,0.09306742640075974,0.08618233618233619,0.0754985754985755,0.07003798670465337,0.06433998100664767,0.05579297245963913,0.051756885090218425,0.050332383665717,0.03442545109211776,0.03442545109211776,0.026353276353276354,0.016856600189933523,0.013770180436847104,0.00641025641025641,0.8508693314345813,0.03308063594233099,0.0,0.0,0.0,0.0,0.0,0.0,0.0,0.0,0.0,0.0,0.0,0.0,0.0,0.0,0.0,0.0,0.0,0.0,0.0,0.0,0.0,0.04273504273504274,0.25641025641025644,1.5170940170940124,6.502849002849005,12.777777777777782,6.851851851851854,1.6951566951566956,0.3133903133903134,0.04273504273504274,4.225063938618926,2.903977883205955,4.75,3.442988043352266,1.1242433414043582,4.183866279069767,2.8723422790756024,4.270939548434086,2.940191699680235,1.0208116759849404,0.3955,0.009964,0.0,0.0,0.0,0.0,0.0,0.0,0.0,0.0,0.0,0.0,0.056980056980056995,20.149572649572622,9.793447293447295,0.0,0.0,0.0,0.0,0.0,0.0,0.0,0.0,0.0,0.0,0.0,0.0,0.0,0.0,0.0,0.0,0.0,nan,nan,4.227355401964351,2.9067540217234558,nan,0.3955,0.05032,0.0,0.0,0.0,0.0,0.0,0.0,0.0,0.0,0.0,0.0,0.0,0.0,0.0,0.0,0.0,0.0,0.0,0.0,0.0,0.0,0.0,0.0,0.0,0.0,0.0013414055080721748,0.00021367521367521368,0.009413580246913581,0.0005698005698005698,0.006861348528015195,0.010125830959164292,0.01704653371320038,0.021557454890788225,0.017830009496676163,0.04287749287749288,0.06099240265906933,0.03925688509021842,0.05835707502374169,0.055401234567901234,0.029344729344729346,0.07688746438746438,0.09687796771130104,0.0806386514719848,0.10346628679962014,0.06893399810066476,0.04539411206077873,0.05250474833808167,0.04301994301994302,0.01915954415954416,0.016749762583095917,0.005947293447293447,0.008915004748338081,0.0028727445394112062,0.004736467236467237,0.0005816714150047483,0.0010683760683760685,0.0008309591642924976,5.935422602089269e-05,0.00016619183285849953,0.0,0.0,0.0,0.0,0.0,0.0,0.0,0.0,0.0,0.0,0.0,0.0,0.0,0.0,0.0,0.0,0.0,0.0,0.0,0.0,0.0,0.0,0.0,0.0,0.0,0.0,0.0,0.0,0.0,0.0,0.0,0.0,0.0,0.0,0.0,0.0,0.0,0.0,0.0,0.0,0.0,0.0,0.0,nan,nan,4.227355401964351,2.9067540217234558,nan,0.8504000036823085,0.032949526810997165,0.0,0.0,0.0,0.0,0.0,0.0,0.0,0.0,0.0,0.0,0.0,0.0,0.0,0.0,0.0,0.0,0.0,0.0,0.0,0.0,0.0,0.06915629322268328,0.2489626556016598,1.521438450899027,6.473029045643155,13.167358229598896,6.514522821576765,1.6320885200553255,0.34578146611341637,0.02766251728907331,0.851367604510783,0.033212007223028674,0.0,0.0,0.0,0.0,0.0,0.0,0.0,0.0,0.0,0.0,0.0,0.0,0.0,0.0,0.0,0.0,0.0,0.0,0.0,0.0,0.0,0.014684287812041119,0.26431718061674014,1.5124816446402303,6.534508076358298,12.364170337738623,7.209985315712189,1.7621145374449343,0.27900146842878126,0.058737151248164476,0.3955,0.00998,0.0,0.0,0.0,0.0,0.0,0.0,0.0,0.0,0.0,0.0,0.06915629322268328,19.94467496542182,9.986168741355465,0.0,0.0,0.0,0.0,0.0,0.0,0.0,0.0,0.0,0.0,0.0,0.0,0.0,0.0,0.0,0.0,0.0,0.3955,0.00994,0.0,0.0,0.0,0.0,0.0,0.0,0.0,0.0,0.0,0.0,0.04405286343612336,20.367107195301,9.58883994126285,0.0,0.0,0.0,0.0,0.0,0.0,0.0,0.0,0.0,0.0,0.0,0.0,0.0,0.0,0.0,0.0,0.0
41900,4267,2213,0.5186313569252402,991,877,0.43777829857042416,1192,0.5587063510663229,0.414,2.9625121713729308,3.1198170992562906,6.712230215827338,2.1280740923859125,8378.58101710804,506.3480988341575,7853.0,8866.4,8866.4,0.0,7853.0,0.0,27.58518865713616,20.77778568002305,32.46621998883305,19.11104676599597,0.1363955940942114,0.1061635809702367,0.099601593625498,0.08647761893602063,0.08061870166393251,0.07475978439184439,0.06796344035622218,0.061401453011483476,0.05694867588469651,0.05202718537614249,0.04523084134052027,0.037497070541363954,0.035153503632528706,0.028357159596906493,0.016170611670963207,0.010311694398875087,0.004921490508554019,0.8518098370934472,0.03441797015853137,0.0,0.0,0.0,0.0,0.0,0.0,0.0,0.0,0.0,0.0,0.0,0.0,0.0,0.0,0.0,0.0,0.0,0.0,0.0,0.0,0.0,0.02109210217951723,0.3163815326927584,1.328802437309581,6.587766580735882,12.767752519334431,6.7846262010780425,1.673306772908367,0.40074994141082737,0.11952191235059764,4.308373293987459,2.901061249377509,1.4,1.4966629547095764,0.32494863013698627,4.325461254612546,2.832008868937145,4.2801470588235295,2.9704752999790234,0.9895238465630238,0.3953,0.009926,0.0,0.0,0.0,0.0,0.0,0.0,0.0,0.0,0.0,0.0,0.0632763065385517,20.614014530114805,9.31567846262011,0.0070307007265057436,0.0,0.0,0.0,0.0,0.0,0.0,0.0,0.0,0.0,0.0,0.0,0.0,0.0,0.0,0.0,0.0,nan,nan,4.303019145802651,2.901780422118486,nan,0.3953,0.04974,0.0,0.0,0.0,0.0,0.0,0.0,0.0,0.0,0.0,0.0,0.0,0.0,0.0,0.0,0.0,0.0,0.0,0.0,0.0,0.0,0.0,1.1717834544176237e-05,0.0,0.0,0.0010194516053433325,0.0002577923599718772,0.008893836419029763,0.00031638153269275836,0.0069018045465198035,0.009374267635340989,0.016100304663698148,0.022720881181157723,0.01859620342160769,0.041645183970002345,0.06229200843684087,0.039430513241153035,0.05883524724630888,0.0531052261542067,0.029505507382235764,0.07709163346613546,0.10007030700726506,0.08384110616358097,0.10323412233419264,0.06798687602531052,0.04635575345676119,0.05392547457229904,0.040180454651980314,0.017787672838059525,0.016604171549097727,0.0051324115303491916,0.009233653620810875,0.002519334426997891,0.004534801968596203,0.0002577923599718772,0.0014998828216545583,0.0005741738926646355,3.515350363252871e-05,0.0001288961799859386,0.0,0.0,0.0,0.0,0.0,0.0,0.0,0.0,0.0,0.0,0.0,0.0,0.0,0.0,0.0,0.0,0.0,0.0,0.0,0.0,0.0,0.0,0.0,0.0,0.0,0.0,0.0,0.0,0.0,0.0,0.0,0.0,0.0,0.0,0.0,0.0,0.0,0.0,0.0,0.0,0.0,0.0,0.0,nan,nan,4.303019145802651,2.901780422118486,nan,0.8521657084858477,0.03442722034310022,0.0,0.0,0.0,0.0,0.0,0.0,0.0,0.0,0.0,0.0,0.0,0.0,0.0,0.0,0.0,0.0,0.0,0.0,0.0,0.0,0.0,0.013556258472661549,0.32535020334387715,1.2607320379575198,6.737460460912789,12.498870311793949,6.832354270221421,1.7758698599186629,0.420244012652508,0.13556258472661548,0.851426417720817,0.0344038818113724,0.0,0.0,0.0,0.0,0.0,0.0,0.0,0.0,0.0,0.0,0.0,0.0,0.0,0.0,0.0,0.0,0.0,0.0,0.0,0.0,0.0,0.029211295034079852,0.3067185978578384,1.402142161635828,6.426484907497567,13.057448880233695,6.733203505355406,1.5628042843232721,0.3797468354430381,0.10223953261927948,0.3955,0.00991,0.0,0.0,0.0,0.0,0.0,0.0,0.0,0.0,0.0,0.0,0.054225033890646195,20.34794396746495,9.584274740171715,0.013556258472661549,0.0,0.0,0.0,0.0,0.0,0.0,0.0,0.0,0.0,0.0,0.0,0.0,0.0,0.0,0.0,0.0,0.395,0.00994,0.0,0.0,0.0,0.0,0.0,0.0,0.0,0.0,0.0,0.0,0.07302823758519962,20.900681596884098,9.026290165530673,0.0,0.0,0.0,0.0,0.0,0.0,0.0,0.0,0.0,0.0,0.0,0.0,0.0,0.0,0.0,0.0,0.0
42000,4420,2288,0.5176470588235295,1070,901,0.4459276018099548,1218,0.551131221719457,0.40599999999999997,2.9155722326454034,3.0690003476846104,6.514237855946399,2.1255126401942555,8377.583529411766,506.3843099620863,7853.0,8866.4,8866.399999999998,1.8189894035458565e-12,7853.0,0.0,28.145701357466063,21.091945709899896,33.32610463540255,19.238897698059038,0.14479638009049775,0.09728506787330317,0.09004524886877828,0.08619909502262443,0.07398190045248869,0.0757918552036199,0.07013574660633484,0.06334841628959276,0.05972850678733032,0.056108597285067875,0.04230769230769231,0.03778280542986425,0.03959276018099547,0.025565610859728506,0.01809954751131222,0.012895927601809954,0.006334841628959276,0.8508798895108753,0.03332060008058792,0.0,0.0,0.0,0.0,0.0,0.0,0.0,0.0,0.0,0.0,0.0,0.0,0.0,0.0,0.0,0.0,0.0,0.0,0.0,0.0,0.0,0.0,0.29864253393665163,1.472850678733027,6.393665158371042,13.126696832579189,6.848416289592762,1.4117647058823533,0.3733031674208146,0.07466063348416291,4.223082336382829,2.8736325756277727,3.0,2.7838821814150108,0.7103816030661556,4.220660576247365,2.8277702017961213,4.218640504555011,2.919593352109337,0.9995213849453514,0.395,0.00958,0.0,0.0,0.0,0.0,0.0,0.0,0.0,0.0,0.0,0.0,0.0407239819004525,20.66742081447961,9.291855203619912,0.0,0.0,0.0,0.0,0.0,0.0,0.0,0.0,0.0,0.0,0.0,0.0,0.0,0.0,0.0,0.0,0.0,nan,nan,4.219649122807017,2.8741131141057528,nan,0.395,0.04962,0.0,0.0,0.0,0.0,0.0,0.0,0.0,0.0,0.0,0.0,0.0,0.0,0.0,0.0,0.0,0.0,0.0,0.0,0.0,0.0,0.0,0.0,0.0,0.0,0.0014027149321266968,0.0002828054298642534,0.008382352941176471,0.0005090497737556561,0.006447963800904977,0.008846153846153846,0.017239819004524887,0.022737556561085972,0.01840497737556561,0.04097285067873303,0.06430995475113122,0.03957013574660633,0.05863122171945701,0.052126696832579186,0.02845022624434389,0.07955882352941177,0.10307692307692308,0.08254524886877829,0.10096153846153846,0.06828054298642534,0.047024886877828055,0.05161764705882353,0.04081447963800905,0.0184841628959276,0.015192307692307692,0.0059841628959276015,0.009638009049773756,0.0026244343891402714,0.0038800904977375566,0.00020361990950226245,0.0010407239819004526,0.00045248868778280545,0.0,0.00030542986425339364,0.0,0.0,0.0,0.0,0.0,0.0,0.0,0.0,0.0,0.0,0.0,0.0,0.0,0.0,0.0,0.0,0.0,0.0,0.0,0.0,0.0,0.0,0.0,0.0,0.0,0.0,0.0,0.0,0.0,0.0,0.0,0.0,0.0,0.0,0.0,0.0,0.0,0.0,0.0,0.0,0.0,0.0,0.0,nan,nan,4.219649122807017,2.8741131141057528,nan,0.8509972298947664,0.032993186407258936,0.0,0.0,0.0,0.0,0.0,0.0,0.0,0.0,0.0,0.0,0.0,0.0,0.0,0.0,0.0,0.0,0.0,0.0,0.0,0.0,0.0,0.0,0.32779720279720287,1.3505244755244714,6.18881118881119,13.583916083916087,6.81818181818182,1.3505244755244759,0.31468531468531474,0.06555944055944057,0.8507539632452362,0.0336679741353848,0.0,0.0,0.0,0.0,0.0,0.0,0.0,0.0,0.0,0.0,0.0,0.0,0.0,0.0,0.0,0.0,0.0,0.0,0.0,0.0,0.0,0.0,0.26735459662288935,1.6041275797373309,6.613508442776737,12.636022514071298,6.880863039399626,1.4774859287054414,0.43621013133208264,0.08442776735459663,0.3953,0.00957,0.0,0.0,0.0,0.0,0.0,0.0,0.0,0.0,0.0,0.0,0.03933566433566434,20.729895104895075,9.230769230769232,0.0,0.0,0.0,0.0,0.0,0.0,0.0,0.0,0.0,0.0,0.0,0.0,0.0,0.0,0.0,0.0,0.0,0.395,0.009605,0.0,0.0,0.0,0.0,0.0,0.0,0.0,0.0,0.0,0.0,0.042213883677298315,20.600375234521547,9.357410881801128,0.0,0.0,0.0,0.0,0.0,0.0,0.0,0.0,0.0,0.0,0.0,0.0,0.0,0.0,0.0,0.0,0.0
42100,4280,2184,0.5102803738317757,1026,876,0.444392523364486,1200,0.5607476635514018,0.426,2.9842557251908395,3.151886660778094,6.72310405643739,2.16738992277709,8370.118130841121,506.5928863987108,7853.0,8866.4,8866.4,0.0,7853.0,0.0,27.548831775700936,20.682839709487094,32.548477228276056,18.929261556039886,0.14182242990654206,0.10186915887850467,0.09252336448598131,0.09182242990654206,0.07523364485981308,0.07757009345794393,0.0691588785046729,0.0661214953271028,0.05397196261682243,0.053504672897196265,0.04929906542056075,0.03878504672897196,0.0308411214953271,0.021962616822429906,0.01985981308411215,0.009579439252336449,0.006074766355140187,0.8521083423328177,0.03374716073869243,0.0,0.0,0.0,0.0,0.0,0.0,0.0,0.0,0.0,0.0,0.0,0.0,0.0,0.0,0.0,0.0,0.0,0.0,0.0,0.0,0.007009345794392525,0.042056074766355145,0.30140186915887857,1.2196261682242953,6.210280373831777,13.219626168224302,6.869158878504675,1.6401869158878508,0.39953271028037396,0.09112149532710283,4.29097605893186,2.899808142090947,2.6666666666666665,2.0816659994661326,0.6214592274678111,4.334808259587021,2.86443931230094,4.226579520697168,2.9299875935134416,0.9750326352612044,0.3948,0.009895,0.0,0.0,0.0,0.0,0.0,0.0,0.0,0.0,0.0,0.0,0.07710280373831777,20.768691588785018,9.154205607476637,0.0,0.0,0.0,0.0,0.0,0.0,0.0,0.0,0.0,0.0,0.0,0.0,0.0,0.0,0.0,0.0,0.0,nan,nan,4.280278082693012,2.8981558533669487,nan,0.3948,0.04962,0.0,0.0,0.0,0.0,0.0,0.0,0.0,0.0,0.0,0.0,0.0,0.0,0.0,0.0,0.0,0.0,0.0,0.0,0.0,0.0,0.0,0.0,0.0,0.0,0.0011098130841121496,0.00010514018691588785,0.008189252336448597,0.000794392523364486,0.007219626168224299,0.009836448598130841,0.016483644859813084,0.02483644859813084,0.016787383177570094,0.04206775700934579,0.06461448598130841,0.03860981308411215,0.05939252336448598,0.05191588785046729,0.02899532710280374,0.07841121495327102,0.10088785046728972,0.08324766355140187,0.10035046728971962,0.06653037383177571,0.046717289719626166,0.0552803738317757,0.03963785046728972,0.020350467289719627,0.015397196261682244,0.005467289719626168,0.009427570093457944,0.002231308411214953,0.0034813084112149534,0.00031542056074766354,0.0005490654205607476,0.0005257009345794393,0.0,0.0002219626168224299,1.1682242990654205e-05,0.0,0.0,0.0,0.0,0.0,0.0,0.0,0.0,0.0,0.0,0.0,0.0,0.0,0.0,0.0,0.0,0.0,0.0,0.0,0.0,0.0,0.0,0.0,0.0,0.0,0.0,0.0,0.0,0.0,0.0,0.0,0.0,0.0,0.0,0.0,0.0,0.0,0.0,0.0,0.0,0.0,0.0,nan,nan,4.280278082693012,2.8981558533669487,nan,0.8514234062843707,0.034430262487667326,0.0,0.0,0.0,0.0,0.0,0.0,0.0,0.0,0.0,0.0,0.0,0.0,0.0,0.0,0.0,0.0,0.0,0.0,0.0,0.0,0.0,0.041208791208791215,0.315934065934066,1.3598901098901057,6.662087912087914,12.554945054945058,6.840659340659342,1.7582417582417587,0.3846153846153847,0.08241758241758243,0.8528220352382605,0.033005230364649966,0.0,0.0,0.0,0.0,0.0,0.0,0.0,0.0,0.0,0.0,0.0,0.0,0.0,0.0,0.0,0.0,0.0,0.0,0.0,0.0,0.014312977099236644,0.04293893129770993,0.28625954198473286,1.0734732824427449,5.739503816793894,13.912213740458018,6.898854961832063,1.5171755725190843,0.4150763358778627,0.10019083969465652,0.395,0.00995,0.0,0.0,0.0,0.0,0.0,0.0,0.0,0.0,0.0,0.0,0.0686813186813187,20.535714285714256,9.395604395604398,0.0,0.0,0.0,0.0,0.0,0.0,0.0,0.0,0.0,0.0,0.0,0.0,0.0,0.0,0.0,0.0,0.0,0.3948,0.00984,0.0,0.0,0.0,0.0,0.0,0.0,0.0,0.0,0.0,0.0,0.08587786259541987,21.011450381679357,8.902671755725192,0.0,0.0,0.0,0.0,0.0,0.0,0.0,0.0,0.0,0.0,0.0,0.0,0.0,0.0,0.0,0.0,0.0
42200,4513,2352,0.5211610901839131,1074,936,0.44538001329492577,1246,0.5521825836472413,0.418,2.875983341045812,3.0752376036688776,6.551194539249146,2.1405256618205164,8381.144648792377,506.2460044663774,7853.0,8866.4,8866.4,0.0,7853.0,0.0,27.943939729669843,20.83965786311992,32.93895348837209,19.04940235238464,0.13959672058497674,0.09882561489031687,0.09372922667848438,0.09284289829381787,0.08176379348548637,0.06558830046532241,0.06536671836915577,0.06137824063815644,0.061821404830489694,0.05428761356082429,0.047640150675825395,0.046089076002658984,0.030578329270994905,0.027476179924662086,0.019499224462663417,0.008420119654331929,0.005096388211832484,0.853511857849094,0.03401409683312109,0.0,0.0,0.0,0.0,0.0,0.0,0.0,0.0,0.0,0.0,0.0,0.0,0.0,0.0,0.0,0.0,0.0,0.0,0.0,0.0,0.006647462884998893,0.046532240194992254,0.2260137380899624,1.2829603368047822,5.876357190339022,12.783071127852873,7.6445823177487275,1.6485707954797257,0.3589629957899403,0.12630179481497897,4.1640597844977405,2.8742963220827393,5.8,2.87981480886069,1.392871452420701,4.204308547602502,2.8723034956449873,4.143939393939394,2.8796948332097725,0.9856411219634358,0.3945,0.00981,0.0,0.0,0.0,0.0,0.0,0.0,0.0,0.0,0.0,0.0,0.07312209173498782,21.35165078661641,8.575227121648572,0.0,0.0,0.0,0.0,0.0,0.0,0.0,0.0,0.0,0.0,0.0,0.0,0.0,0.0,0.0,0.0,0.0,nan,nan,4.172544951590595,2.8767261382096745,nan,0.3945,0.0496,0.0,0.0,0.0,0.0,0.0,0.0,0.0,0.0,0.0,0.0,0.0,0.0,0.0,0.0,0.0,0.0,0.0,0.0,0.0,0.0,0.0,0.0,0.0,0.0,0.0010635940615998226,0.00027697762020828715,0.008165300243740306,0.0009638821183248394,0.0071127852869488145,0.009361843563040106,0.016042543762463994,0.02614668734766231,0.016807001994238867,0.04069355196100155,0.06702858409040549,0.03922003102149346,0.06000443164192333,0.05223797917128296,0.0298027919344117,0.07943718147573677,0.10314646576556614,0.0815311322845114,0.1002105029913583,0.06441391535563927,0.04400620429869267,0.05557278971859074,0.037358741413693775,0.020596055838688235,0.01638599601152227,0.005772213605140705,0.00856414801684024,0.0024484821626412586,0.0040106359406159985,0.00045424329714159096,0.0004210059827165965,0.0005207179259915799,0.0,0.00022158209616662973,0.0,0.0,0.0,0.0,0.0,0.0,0.0,0.0,0.0,0.0,0.0,0.0,0.0,0.0,0.0,0.0,0.0,0.0,0.0,0.0,0.0,0.0,0.0,0.0,0.0,0.0,0.0,0.0,0.0,0.0,0.0,0.0,0.0,0.0,0.0,0.0,0.0,0.0,0.0,0.0,0.0,0.0,0.0,nan,nan,4.172544951590595,2.8767261382096745,nan,0.8529994129171582,0.03423307172437291,0.0,0.0,0.0,0.0,0.0,0.0,0.0,0.0,0.0,0.0,0.0,0.0,0.0,0.0,0.0,0.0,0.0,0.0,0.0,0.0,0.01275510204081633,0.05102040816326532,0.24234693877551025,1.2755102040816286,6.109693877551022,12.576530612244902,7.704081632653063,1.5433673469387759,0.3698979591836736,0.11479591836734697,0.854069595229896,0.03376531688049383,0.0,0.0,0.0,0.0,0.0,0.0,0.0,0.0,0.0,0.0,0.0,0.0,0.0,0.0,0.0,0.0,0.0,0.0,0.0,0.0,0.0,0.04164738546968996,0.20823692734844984,1.2910689495603846,5.622397038408145,13.0078667283665,7.579824155483574,1.7630726515502086,0.3470615455807497,0.13882461823229988,0.3945,0.00989,0.0,0.0,0.0,0.0,0.0,0.0,0.0,0.0,0.0,0.0,0.05102040816326532,21.326530612244866,8.622448979591839,0.0,0.0,0.0,0.0,0.0,0.0,0.0,0.0,0.0,0.0,0.0,0.0,0.0,0.0,0.0,0.0,0.0,0.3945,0.009735,0.0,0.0,0.0,0.0,0.0,0.0,0.0,0.0,0.0,0.0,0.09717723276260994,21.37899120777415,8.523831559463213,0.0,0.0,0.0,0.0,0.0,0.0,0.0,0.0,0.0,0.0,0.0,0.0,0.0,0.0,0.0,0.0,0.0
42300,4962,2560,0.5159209995969367,1197,1037,0.4502216848045143,1435,0.5783958081418783,0.39399999999999996,2.9654454621149045,3.07511648089774,6.457431457431458,2.1528846476084076,8375.834340991536,506.4430600183683,7853.0,8866.4,8866.399999999998,1.8189894035458565e-12,7853.0,0.0,28.198105602579606,20.931089130264915,33.02792362768496,19.19190693678099,0.13683998387746876,0.0981459089076985,0.09109230149133414,0.08605401047964531,0.08665860540104796,0.07214832728738411,0.06993147924224104,0.06166868198307134,0.05985489721886336,0.05763804917372027,0.04091092301491334,0.044135429262394194,0.03325272067714631,0.024788391777509067,0.01652559451833938,0.010882708585247884,0.00947198710197501,0.8530502964272129,0.033467291710371806,0.0,0.0,0.0,0.0,0.0,0.0,0.0,0.0,0.0,0.0,0.0,0.0,0.0,0.0,0.0,0.0,0.0,0.0,0.0,0.0,0.0,0.05441354292623943,0.19347037484885132,1.2998790810157155,6.166868198307136,12.70858524788392,7.436517533252722,1.7049576783555023,0.3385731559854898,0.09673518742442566,4.292027194066749,2.9412791578751865,4.083333333333333,3.4268141991586814,0.951376388988888,4.324667472793228,2.904636410397736,4.256587202007529,2.9823882704505094,0.984257686581917,0.3948,0.0096,0.0,0.0,0.0,0.0,0.0,0.0,0.0,0.0,0.0,0.0,0.030229746070133016,21.239419588875425,8.730350665054415,0.0,0.0,0.0,0.0,0.0,0.0,0.0,0.0,0.0,0.0,0.0,0.0,0.0,0.0,0.0,0.0,0.0,nan,nan,4.291256157635468,2.9432476614196488,nan,0.3948,0.05008,0.0,0.0,0.0,0.0,0.0,0.0,0.0,0.0,0.0,0.0,0.0,0.0,0.0,0.0,0.0,0.0,0.0,0.0,0.0,0.0,0.0,0.0,0.0,5.0382910116888354e-05,0.0008665860540104796,0.00036275695284159615,0.009209995969367191,0.0009270455461507457,0.006942765014107215,0.00886739218057235,0.015931076178960096,0.025231761386537686,0.016706972994760177,0.043792825473599355,0.06586054010479646,0.03902660217654172,0.058333333333333334,0.05560257960499798,0.031378476420798065,0.07524183796856107,0.1015316404675534,0.0820838371624345,0.0993248690044337,0.06252519145505844,0.044871019750100764,0.05359733978234583,0.037726723095526,0.020908907698508665,0.018923821039903265,0.005804111245465538,0.010106811769447803,0.00220677146311971,0.004443772672309553,0.0003929866989117291,0.0004836759371221282,0.00032245062474808546,0.0,0.0004131398629584845,0.0,0.0,0.0,0.0,0.0,0.0,0.0,0.0,0.0,0.0,0.0,0.0,0.0,0.0,0.0,0.0,0.0,0.0,0.0,0.0,0.0,0.0,0.0,0.0,0.0,0.0,0.0,0.0,0.0,0.0,0.0,0.0,0.0,0.0,0.0,0.0,0.0,0.0,0.0,0.0,0.0,0.0,0.0,nan,nan,4.291256157635468,2.9432476614196488,nan,0.8527850211597979,0.03390351183047512,0.0,0.0,0.0,0.0,0.0,0.0,0.0,0.0,0.0,0.0,0.0,0.0,0.0,0.0,0.0,0.0,0.0,0.0,0.0,0.0,0.0,0.058593750000000014,0.18750000000000006,1.3710937499999958,6.269531250000002,12.703125000000004,7.242187500000002,1.6875000000000004,0.3632812500000001,0.11718750000000003,0.8533330211085542,0.03299368196079427,0.0,0.0,0.0,0.0,0.0,0.0,0.0,0.0,0.0,0.0,0.0,0.0,0.0,0.0,0.0,0.0,0.0,0.0,0.0,0.0,0.0,0.049958368026644474,0.1998334721065779,1.2239800166527857,6.057452123230643,12.71440466278102,7.643630308076604,1.7235636969192343,0.3122398001665279,0.0749375520399667,0.3948,0.009476,0.0,0.0,0.0,0.0,0.0,0.0,0.0,0.0,0.0,0.0,0.0,21.234374999999968,8.765625000000002,0.0,0.0,0.0,0.0,0.0,0.0,0.0,0.0,0.0,0.0,0.0,0.0,0.0,0.0,0.0,0.0,0.0,0.3945,0.00973,0.0,0.0,0.0,0.0,0.0,0.0,0.0,0.0,0.0,0.0,0.06244796003330559,21.244796003330528,8.692756036636139,0.0,0.0,0.0,0.0,0.0,0.0,0.0,0.0,0.0,0.0,0.0,0.0,0.0,0.0,0.0,0.0,0.0
42400,4760,2446,0.5138655462184873,1162,1004,0.4550420168067227,1371,0.5760504201680672,0.39799999999999996,2.9498703543647364,3.0478880967137156,6.457496136012365,2.189119202005193,8373.751344537815,506.50513296182834,7853.0,8866.4,8866.4,0.0,7853.0,0.0,28.20420168067227,20.69206763516272,32.961777115909655,18.917963177120143,0.1334033613445378,0.10105042016806723,0.08634453781512605,0.09222689075630253,0.08025210084033614,0.07626050420168068,0.06554621848739496,0.0684873949579832,0.059243697478991594,0.05315126050420168,0.04600840336134454,0.0430672268907563,0.037815126050420166,0.0273109243697479,0.015546218487394958,0.007773109243697479,0.006512605042016807,0.8521796433865523,0.03470913086294139,0.0,0.0,0.0,0.0,0.0,0.0,0.0,0.0,0.0,0.0,0.0,0.0,0.0,0.0,0.0,0.0,0.0,0.0,0.0,0.0,0.0,0.08193277310924373,0.29621848739495804,1.3739495798319286,6.271008403361346,12.699579831932777,7.033613445378153,1.7836134453781516,0.33403361344537824,0.12605042016806725,4.207297384565709,2.8220792765343248,4.2631578947368425,3.1927896606532844,1.01327705295472,4.231884057971015,2.8251577811040476,4.182472204054938,2.823577534773596,0.98832391123216,0.394,0.009766,0.0,0.0,0.0,0.0,0.0,0.0,0.0,0.0,0.0,0.0,0.06302521008403363,21.724789915966355,8.212184873949582,0.0,0.0,0.0,0.0,0.0,0.0,0.0,0.0,0.0,0.0,0.0,0.0,0.0,0.0,0.0,0.0,0.0,nan,nan,4.207637997432606,2.824490491937263,nan,0.394,0.05057,0.0,0.0,0.0,0.0,0.0,0.0,0.0,0.0,0.0,0.0,0.0,0.0,0.0,0.0,0.0,0.0,0.0,0.0,0.0,0.0,0.0,6.302521008403361e-05,0.0,0.00014705882352941175,0.0009453781512605042,0.000588235294117647,0.00957983193277311,0.000976890756302521,0.0073319327731092435,0.010808823529411765,0.016691176470588234,0.023813025210084035,0.01672268907563025,0.04580882352941176,0.06807773109243698,0.041081932773109245,0.05605042016806722,0.05694327731092437,0.02816176470588235,0.07610294117647058,0.09811974789915967,0.08294117647058824,0.09850840336134453,0.06255252100840336,0.042205882352941176,0.05528361344537815,0.03540966386554622,0.0226890756302521,0.018224789915966388,0.005987394957983194,0.010588235294117647,0.0025105042016806724,0.003623949579831933,0.00032563025210084035,0.0004516806722689076,0.0003676470588235294,0.0,0.0003151260504201681,0.0,0.0,0.0,0.0,0.0,0.0,0.0,0.0,0.0,0.0,0.0,0.0,0.0,0.0,0.0,0.0,0.0,0.0,0.0,0.0,0.0,0.0,0.0,0.0,0.0,0.0,0.0,0.0,0.0,0.0,0.0,0.0,0.0,0.0,0.0,0.0,0.0,0.0,0.0,0.0,0.0,0.0,0.0,nan,nan,4.207637997432606,2.824490491937263,nan,0.8518622396963108,0.035776901908610347,0.0,0.0,0.0,0.0,0.0,0.0,0.0,0.0,0.0,0.0,0.0,0.0,0.0,0.0,0.0,0.0,0.0,0.0,0.0,0.0,0.0,0.09811937857726903,0.35568274734260025,1.5085854456255063,6.255110384300901,12.399836467702373,7.125919869174163,1.753883892068684,0.331152902698283,0.1717089125102208,0.8525151530781385,0.03354025128351608,0.0,0.0,0.0,0.0,0.0,0.0,0.0,0.0,0.0,0.0,0.0,0.0,0.0,0.0,0.0,0.0,0.0,0.0,0.0,0.0,0.0,0.0648228176318064,0.23336214347450307,1.2316335350043177,6.287813310285222,13.016421780466727,6.936041486603286,1.8150388936905795,0.33707865168539336,0.07778738115816769,0.3938,0.00977,0.0,0.0,0.0,0.0,0.0,0.0,0.0,0.0,0.0,0.0,0.0858544562551104,21.63532297628779,8.278822567457075,0.0,0.0,0.0,0.0,0.0,0.0,0.0,0.0,0.0,0.0,0.0,0.0,0.0,0.0,0.0,0.0,0.0,0.394,0.00976,0.0,0.0,0.0,0.0,0.0,0.0,0.0,0.0,0.0,0.0,0.038893690579083845,21.819360414866,8.141745894554886,0.0,0.0,0.0,0.0,0.0,0.0,0.0,0.0,0.0,0.0,0.0,0.0,0.0,0.0,0.0,0.0,0.0
42500,4715,2370,0.5026511134676565,1109,972,0.44135737009544007,1333,0.5654294803817603,0.39799999999999996,2.895948827292111,3.075358527046241,6.522151898734177,2.1316221735689522,8362.386638388123,506.69287736672527,7853.0,8866.4,8866.399999999998,1.8189894035458565e-12,7853.0,0.0,27.699893955461295,20.682923371293917,32.391020817657385,19.047189682454896,0.13488865323435842,0.10286320254506894,0.10371155885471899,0.08610816542948038,0.07613997879109226,0.07168610816542947,0.0704135737009544,0.06744432661717921,0.05514316012725345,0.05747613997879109,0.046447507953340406,0.03732767762460233,0.032873806998939555,0.02523860021208908,0.01505832449628844,0.00975609756097561,0.007423117709437964,0.8525869227037197,0.03432509169416453,0.0,0.0,0.0,0.0,0.0,0.0,0.0,0.0,0.0,0.0,0.0,0.0,0.0,0.0,0.0,0.0,0.0,0.0,0.0,0.0,0.0,0.03181336161187699,0.26723223753976677,1.43160127253446,6.299045599151645,12.229056203605518,7.482502651113469,1.7815482502651117,0.40084835630965016,0.07635206786850478,4.299664429530202,2.803245941200227,4.5,3.1622776601683795,1.046593303675954,4.309953239812959,2.81210543990824,4.290604026845638,2.7973103640346135,0.9955105747346435,0.394,0.00971,0.0,0.0,0.0,0.0,0.0,0.0,0.0,0.0,0.0,0.0,0.07635206786850478,22.05938494167547,7.864262990455993,0.0,0.0,0.0,0.0,0.0,0.0,0.0,0.0,0.0,0.0,0.0,0.0,0.0,0.0,0.0,0.0,0.0,nan,nan,4.300200803212851,2.8042876833192336,nan,0.394,0.0505,0.0,0.0,0.0,0.0,0.0,0.0,0.0,0.0,0.0,0.0,0.0,0.0,0.0,0.0,0.0,0.0,0.0,0.0,0.0,0.0,1.0604453870625662e-05,4.241781548250265e-05,0.0,6.362672322375397e-05,0.0015164369034994698,0.0006256627783669141,0.00936373276776246,0.0015800636267232237,0.006500530222693531,0.009236479321314953,0.015217391304347827,0.023382820784729585,0.017953340402969246,0.04725344644750795,0.06918345705196183,0.04352067868504772,0.05372216330858961,0.05533404029692471,0.027698833510074232,0.07770943796394486,0.0984305408271474,0.08128313891834571,0.1013255567338282,0.06166489925768823,0.039883351007423115,0.056956521739130433,0.032757158006362676,0.02386002120890774,0.01951219512195122,0.005811240721102863,0.010572640509013785,0.0028525980911983033,0.0038600212089077413,0.0003499469777306469,0.0005620360551431601,0.0004029692470837752,0.0,0.0,0.0,0.0,0.0,0.0,0.0,0.0,0.0,0.0,0.0,0.0,0.0,0.0,0.0,0.0,0.0,0.0,0.0,0.0,0.0,0.0,0.0,0.0,0.0,0.0,0.0,0.0,0.0,0.0,0.0,0.0,0.0,0.0,0.0,0.0,0.0,0.0,0.0,0.0,0.0,0.0,0.0,0.0,0.0,nan,nan,4.300200803212851,2.8042876833192336,nan,0.8531479899138841,0.0338237589815292,0.0,0.0,0.0,0.0,0.0,0.0,0.0,0.0,0.0,0.0,0.0,0.0,0.0,0.0,0.0,0.0,0.0,0.0,0.0,0.0,0.0,0.012658227848101269,0.2658227848101266,1.34177215189873,6.1392405063291156,12.316455696202535,7.5822784810126596,1.936708860759494,0.3417721518987343,0.06329113924050635,0.8520198739667946,0.03481525105923074,0.0,0.0,0.0,0.0,0.0,0.0,0.0,0.0,0.0,0.0,0.0,0.0,0.0,0.0,0.0,0.0,0.0,0.0,0.0,0.0,0.0,0.05117270788912581,0.2686567164179105,1.5223880597014878,6.460554371002134,12.1407249466951,7.3816631130063985,1.6247334754797444,0.4605543710021323,0.08955223880597017,0.394,0.00962,0.0,0.0,0.0,0.0,0.0,0.0,0.0,0.0,0.0,0.0,0.10126582278481015,22.24050632911389,7.6582278481012676,0.0,0.0,0.0,0.0,0.0,0.0,0.0,0.0,0.0,0.0,0.0,0.0,0.0,0.0,0.0,0.0,0.0,0.394,0.0098,0.0,0.0,0.0,0.0,0.0,0.0,0.0,0.0,0.0,0.0,0.05117270788912581,21.876332622601247,8.072494669509597,0.0,0.0,0.0,0.0,0.0,0.0,0.0,0.0,0.0,0.0,0.0,0.0,0.0,0.0,0.0,0.0,0.0
42600,4808,2468,0.5133111480865225,1169,997,0.4504991680532446,1365,0.5678036605657238,0.414,3.026068376068376,3.185665666531009,6.755070202808112,2.305980159466164,8373.18951747088,506.52040720824135,7853.0,8866.4,8866.399999999998,1.8189894035458565e-12,7853.0,0.0,27.849625623960065,20.82108376088956,32.7886521308226,19.076463948434327,0.13997504159733776,0.10024958402662229,0.09858569051580698,0.08402662229617304,0.07778702163061564,0.07217138103161398,0.06884359400998336,0.064891846921797,0.06031613976705491,0.05636439267886855,0.04409317803660566,0.039725457570715474,0.034525790349417634,0.024958402662229616,0.017054908485856904,0.010815307820299502,0.005615640599001664,0.8525206541856395,0.035402420171315195,0.0,0.0,0.0,0.0,0.0,0.0,0.0,0.0,0.0,0.0,0.0,0.0,0.0,0.0,0.0,0.0,0.0,0.0,0.0,0.006239600665557406,0.012479201331114811,0.03119800332778703,0.2995008319467555,1.2853577371048213,6.333194675540767,13.022046589018306,6.657653910149752,1.7283693843594015,0.4492512479201332,0.17470881863560736,4.4331707317073175,2.98380542671757,6.545454545454546,2.104697618689132,1.476472471190781,4.477864583333333,2.9698186010813847,4.403870967741936,2.9971143943847216,0.9834756915457421,0.394,0.00969,0.0,0.0,0.0,0.0,0.0,0.0,0.0,0.0,0.0,0.0,0.05615640599001665,21.94467554076536,7.9929284525790365,0.006239600665557406,0.0,0.0,0.0,0.0,0.0,0.0,0.0,0.0,0.0,0.0,0.0,0.0,0.0,0.0,0.0,0.0,nan,nan,4.440699935191186,2.9837889985923165,nan,0.394,0.0501,0.0,0.0,0.0,0.0,0.0,0.0,0.0,0.0,0.0,0.0,0.0,0.0,0.0,0.0,0.0,0.0,0.0,0.0,0.0,0.0,0.0,0.0,0.0,3.119800332778702e-05,0.0014143094841930117,0.0005823627287853577,0.0079346921797005,0.0016950915141430948,0.00687396006655574,0.007986688851913478,0.01577579034941764,0.023492096505823627,0.017460482529118138,0.04699459234608985,0.07063227953410982,0.042294093178036604,0.055511647254575705,0.0538477537437604,0.030574043261231282,0.07831738768718802,0.09787853577371049,0.08354825291181364,0.10133111480865224,0.06266638935108153,0.03901830282861897,0.054814891846921794,0.03336106489184692,0.023575291181364394,0.018136439267886856,0.0050852745424292845,0.010243344425956738,0.0026102329450915143,0.004596505823627288,0.00011439267886855241,0.0006967554076539102,0.0009047420965058237,0.0,0.0,0.0,0.0,0.0,0.0,0.0,0.0,0.0,0.0,0.0,0.0,0.0,0.0,0.0,0.0,0.0,0.0,0.0,0.0,0.0,0.0,0.0,0.0,0.0,0.0,0.0,0.0,0.0,0.0,0.0,0.0,0.0,0.0,0.0,0.0,0.0,0.0,0.0,0.0,0.0,0.0,0.0,0.0,0.0,nan,nan,4.440699935191186,2.9837889985923165,nan,0.8526051731076774,0.0355850614156929,0.0,0.0,0.0,0.0,0.0,0.0,0.0,0.0,0.0,0.0,0.0,0.0,0.0,0.0,0.0,0.0,0.0,0.0,0.0,0.0,0.024311183144246358,0.0,0.340356564019449,1.2763371150729295,6.333063209076177,12.982171799027556,6.6004862236628865,1.7990275526742305,0.4619124797406808,0.1823338735818477,0.8524315120063276,0.03520854188499903,0.0,0.0,0.0,0.0,0.0,0.0,0.0,0.0,0.0,0.0,0.0,0.0,0.0,0.0,0.0,0.0,0.0,0.0,0.0,0.012820512820512824,0.0,0.06410256410256411,0.25641025641025644,1.2948717948717907,6.333333333333335,13.064102564102567,6.71794871794872,1.6538461538461542,0.435897435897436,0.1666666666666667,0.3943,0.00975,0.0,0.0,0.0,0.0,0.0,0.0,0.0,0.0,0.0,0.0,0.036466774716369534,21.576175040518606,8.387358184764993,0.0,0.0,0.0,0.0,0.0,0.0,0.0,0.0,0.0,0.0,0.0,0.0,0.0,0.0,0.0,0.0,0.0,0.394,0.00963,0.0,0.0,0.0,0.0,0.0,0.0,0.0,0.0,0.0,0.0,0.07692307692307694,22.333333333333304,7.576923076923078,0.012820512820512824,0.0,0.0,0.0,0.0,0.0,0.0,0.0,0.0,0.0,0.0,0.0,0.0,0.0,0.0,0.0,0.0
42700,4918,2483,0.5048800325335502,1200,1017,0.4507930052867019,1420,0.5774705164701098,0.39799999999999996,2.9117043121149897,3.0755054292958457,6.535714285714286,2.1521109712682245,8364.6454249695,506.67586559048857,7853.0,8866.4,8866.4,0.0,7853.0,0.0,28.25986173241155,20.90754010315664,32.90502392344498,19.23443442327223,0.13277755185034568,0.09597397315982106,0.09556730378202521,0.09007726718178122,0.08031720211468077,0.07869052460349736,0.07055713704758032,0.05978039853599024,0.05815372102480683,0.053883692557950384,0.0469703131354209,0.03863359089060594,0.03294021960146401,0.02541683611224075,0.022976819845465637,0.010166734444896299,0.0071167141114274095,0.8523096243217254,0.03492153453574845,0.0,0.0,0.0,0.0,0.0,0.0,0.0,0.0,0.0,0.0,0.0,0.0,0.0,0.0,0.0,0.0,0.0,0.0,0.0,0.006100040666937781,0.03660024400162668,0.08540056933712893,0.2196014640097601,1.250508336722241,6.234241561610412,12.980886539243597,6.966246441642946,1.7141114274095164,0.36600244001626686,0.14030093533956894,4.21883830455259,2.8752431991453085,4.608695652173913,2.6984557650752867,1.0924086962993163,4.212632895559725,2.842950402145933,4.230577998756992,2.9048999091108527,1.0042598307619404,0.394,0.00989,0.0,0.0,0.0,0.0,0.0,0.0,0.0,0.0,0.0,0.0,0.10980073200488005,21.97234648230985,7.917852785685239,0.0,0.0,0.0,0.0,0.0,0.0,0.0,0.0,0.0,0.0,0.0,0.0,0.0,0.0,0.0,0.0,0.0,nan,nan,4.221633416458853,2.8742026239414415,nan,0.394,0.05032,0.0,0.0,0.0,0.0,0.0,0.0,0.0,0.0,0.0,0.0,0.0,0.0,0.0,0.0,0.0,0.0,0.0,0.0,0.0,0.0,2.0333468889792597e-05,0.0,0.0,1.0166734444896299e-05,0.00129117527450183,0.0005693371289141927,0.008255388369255795,0.0017080113867425782,0.005876372509150061,0.008163887759251729,0.014640097600650671,0.024715331435542904,0.017954453029686866,0.04823098820658804,0.07055713704758032,0.04318828792191948,0.05758438389589264,0.05401586010573404,0.03234038226921513,0.08032736884912565,0.09810898739324929,0.07707401382675884,0.09953233021553477,0.06128507523383489,0.039457096380642535,0.054605530703538026,0.0318727124847499,0.023088653924359496,0.0203233021553477,0.005022366815778772,0.010166734444896299,0.003080520536803579,0.004707198047986987,0.00021350142334282228,0.0008946726311508743,0.0011183407889385928,0.0,0.0,0.0,0.0,0.0,0.0,0.0,0.0,0.0,0.0,0.0,0.0,0.0,0.0,0.0,0.0,0.0,0.0,0.0,0.0,0.0,0.0,0.0,0.0,0.0,0.0,0.0,0.0,0.0,0.0,0.0,0.0,0.0,0.0,0.0,0.0,0.0,0.0,0.0,0.0,0.0,0.0,0.0,0.0,0.0,nan,nan,4.221633416458853,2.8742026239414415,nan,0.8521304349480643,0.03449196412986297,0.0,0.0,0.0,0.0,0.0,0.0,0.0,0.0,0.0,0.0,0.0,0.0,0.0,0.0,0.0,0.0,0.0,0.0,0.0,0.0,0.0604107933950866,0.08457511075312124,0.2416431735803464,1.2082158679017279,5.72694321385421,13.604510672573502,6.89891260571889,1.7156665324204594,0.3624647603705196,0.09665726943213857,0.8524923459705142,0.03535326318657284,0.0,0.0,0.0,0.0,0.0,0.0,0.0,0.0,0.0,0.0,0.0,0.0,0.0,0.0,0.0,0.0,0.0,0.0,0.0,0.012320328542094458,0.012320328542094458,0.08624229979466122,0.19712525667351133,1.2936344969199138,6.751540041067764,12.344969199178648,7.034907597535936,1.7125256673511298,0.36960985626283377,0.18480492813141688,0.3938,0.00975,0.0,0.0,0.0,0.0,0.0,0.0,0.0,0.0,0.0,0.0,0.07249295207410392,22.049939589206573,7.877567458719293,0.0,0.0,0.0,0.0,0.0,0.0,0.0,0.0,0.0,0.0,0.0,0.0,0.0,0.0,0.0,0.0,0.0,0.394,0.010025,0.0,0.0,0.0,0.0,0.0,0.0,0.0,0.0,0.0,0.0,0.1478439425051335,21.893223819301816,7.95893223819302,0.0,0.0,0.0,0.0,0.0,0.0,0.0,0.0,0.0,0.0,0.0,0.0,0.0,0.0,0.0,0.0,0.0
42800,4613,2433,0.52742250162584,1147,918,0.44764795144157815,1254,0.543680901799263,0.442,3.0275229357798166,3.1330107324224015,6.5493630573248405,2.241569394925308,8387.489963147626,505.93735575489325,7853.0,8866.4,8866.399999999998,1.8189894035458565e-12,7853.0,0.0,28.96618252763928,21.20149288001383,33.58735398679533,19.49520685859101,0.12681552135269888,0.094515499674832,0.09494905701278994,0.08562757424669412,0.08172555820507262,0.07847387817038803,0.06741816605246044,0.06785172339041838,0.0559288965965749,0.04747452850639497,0.04378929113375244,0.04443962714068936,0.036635595057446346,0.03251680034684587,0.02471276826360286,0.011055712117927595,0.006069802731411229,0.8545454666357662,0.03517737662271205,0.0,0.0,0.0,0.0,0.0,0.0,0.0,0.0,0.0,0.0,0.0,0.0,0.0,0.0,0.0,0.0,0.0,0.0,0.0,0.0,0.0,0.013006720138738352,0.2861478430522437,1.4112291350531065,5.60589637979623,12.876652937350968,7.199219596791678,1.9119878603945375,0.5397788857576415,0.15608064166486021,4.154962083745467,2.903728847555358,3.0,2.260776661041756,0.7220282494842089,4.14071661237785,2.926861468064716,4.164010624169987,2.8782844713292493,1.0056255991348222,0.3936,0.01003,0.0,0.0,0.0,0.0,0.0,0.0,0.0,0.0,0.0,0.0,0.11706048124864515,22.35204855842182,7.530890960329505,0.0,0.0,0.0,0.0,0.0,0.0,0.0,0.0,0.0,0.0,0.0,0.0,0.0,0.0,0.0,0.0,0.0,nan,nan,4.151545036160421,2.902714600289371,nan,0.3936,0.04996,0.0,0.0,0.0,0.0,0.0,0.0,0.0,0.0,0.0,0.0,0.0,0.0,0.0,0.0,0.0,0.0,0.0,0.0,0.0,0.0,0.0,0.0,1.0838933448948623e-05,3.251680034684587e-05,0.0014632560156080641,0.0005853024062432257,0.007944938218079341,0.0014524170821591156,0.006004769130717538,0.006828528072837633,0.015532191632343378,0.023249512247994798,0.018718838066334273,0.04930630825926729,0.06894645566876219,0.044927379145892045,0.058703663559505743,0.055863862995881204,0.03210492087578582,0.08311294168653804,0.0968783871667028,0.07992629525254714,0.09984825493171472,0.06180359852590505,0.03787123347062649,0.05264469976154346,0.027693474962063733,0.022241491437242574,0.020767396488185562,0.0056362453934532845,0.009115543030565791,0.0038478213743767613,0.005365272057229568,6.503360069369174e-05,0.0006394970734879688,0.0007912421417732496,7.587253414264036e-05,0.0,0.0,0.0,0.0,0.0,0.0,0.0,0.0,0.0,0.0,0.0,0.0,0.0,0.0,0.0,0.0,0.0,0.0,0.0,0.0,0.0,0.0,0.0,0.0,0.0,0.0,0.0,0.0,0.0,0.0,0.0,0.0,0.0,0.0,0.0,0.0,0.0,0.0,0.0,0.0,0.0,0.0,0.0,0.0,nan,nan,4.151545036160421,2.902714600289371,nan,0.8541349029521417,0.03541106441614665,0.0,0.0,0.0,0.0,0.0,0.0,0.0,0.0,0.0,0.0,0.0,0.0,0.0,0.0,0.0,0.0,0.0,0.0,0.0,0.0,0.0,0.012330456226880398,0.2836004932182491,1.4056720098643607,5.832305795314428,12.872996300863134,6.991368680641186,1.9112207151664615,0.5055487053020963,0.18495684340320598,0.8550036783065271,0.03490902006341646,0.0,0.0,0.0,0.0,0.0,0.0,0.0,0.0,0.0,0.0,0.0,0.0,0.0,0.0,0.0,0.0,0.0,0.0,0.0,0.0,0.0,0.01376146788990826,0.28899082568807344,1.417431192660546,5.353211009174313,12.880733944954132,7.431192660550461,1.9128440366972481,0.5779816513761469,0.12385321100917433,0.3933,0.00998,0.0,0.0,0.0,0.0,0.0,0.0,0.0,0.0,0.0,0.0,0.13563501849568435,22.503082614056687,7.361282367447597,0.0,0.0,0.0,0.0,0.0,0.0,0.0,0.0,0.0,0.0,0.0,0.0,0.0,0.0,0.0,0.0,0.0,0.3936,0.010086,0.0,0.0,0.0,0.0,0.0,0.0,0.0,0.0,0.0,0.0,0.09633027522935782,22.183486238532076,7.7201834862385335,0.0,0.0,0.0,0.0,0.0,0.0,0.0,0.0,0.0,0.0,0.0,0.0,0.0,0.0,0.0,0.0,0.0
42900,4882,2552,0.5227365833674723,1230,994,0.4555510036870135,1358,0.5563293732077018,0.426,3.055793991416309,3.2078730121813575,6.803328290468986,2.202471681877423,8382.741253584596,506.1758495160058,7853.0,8866.4,8866.4,0.0,7853.0,0.0,27.59852519459238,20.62022285560438,32.595838433292535,18.83011552633754,0.1417451863990168,0.09545268332650553,0.09709135600163868,0.08746415403523146,0.08049979516591561,0.08213846784104875,0.06452273658336748,0.06677591151167554,0.05591970503891847,0.05182302335108562,0.05120852109791069,0.038918476034412126,0.030725112658746414,0.022531749283080705,0.016591560835723065,0.01106104055714871,0.005530520278574355,0.8535961722653697,0.03534326991928908,0.0,0.0,0.0,0.0,0.0,0.0,0.0,0.0,0.0,0.0,0.0,0.0,0.0,0.0,0.0,0.0,0.0,0.0,0.0,0.0,0.0,0.08603031544448998,0.38099139696845563,1.425645227365829,5.469070053256863,12.70176157312577,7.656698074559608,1.751331421548546,0.3564113068414585,0.17206063088897997,4.333333333333333,3.0454255779127783,3.769230769230769,2.469937593538819,0.8698224852071006,4.319257837492002,3.015177043456233,4.337992376111817,3.0674530383128045,1.0043374439139048,0.3933,0.01001,0.0,0.0,0.0,0.0,0.0,0.0,0.0,0.0,0.0,0.0,0.10446538303973783,22.36173699303561,7.533797623924623,0.0,0.0,0.0,0.0,0.0,0.0,0.0,0.0,0.0,0.0,0.0,0.0,0.0,0.0,0.0,0.0,0.0,nan,nan,4.328657953458719,3.0415334312873377,nan,0.3933,0.04935,0.0,0.0,0.0,0.0,0.0,0.0,0.0,0.0,0.0,0.0,0.0,0.0,0.0,0.0,0.0,0.0,0.0,0.0,0.0,0.0,0.0,0.0,0.0,5.1208521097910693e-05,0.0014645637034002457,0.0006145022531749283,0.006820975010241704,0.001177795985251946,0.006073330602212208,0.006288406390823433,0.01603850880786563,0.024487914789020893,0.018168783285538715,0.046702171241294554,0.06812781646866038,0.04452068824252355,0.0614092585006145,0.05625768127816469,0.03260958623514953,0.08671650962720197,0.09798238426874231,0.07918885702580909,0.10318517001229005,0.05820360507988529,0.037371978697255226,0.05148504711183941,0.028553871364195002,0.022050389184760343,0.020094223678820154,0.005899221630479312,0.008172879967226546,0.0035333879557558376,0.005725112658746415,9.217533797623924e-05,0.0003072511265874642,0.0005632937320770176,6.145022531749283e-05,0.0,0.0,0.0,0.0,0.0,0.0,0.0,0.0,0.0,0.0,0.0,0.0,0.0,0.0,0.0,0.0,0.0,0.0,0.0,0.0,0.0,0.0,0.0,0.0,0.0,0.0,0.0,0.0,0.0,0.0,0.0,0.0,0.0,0.0,0.0,0.0,0.0,0.0,0.0,0.0,0.0,0.0,0.0,0.0,nan,nan,4.328657953458719,3.0415334312873377,nan,0.8532566785298544,0.03490509318553183,0.0,0.0,0.0,0.0,0.0,0.0,0.0,0.0,0.0,0.0,0.0,0.0,0.0,0.0,0.0,0.0,0.0,0.0,0.0,0.0,0.0,0.09404388714733544,0.3526645768025079,1.4694357366771114,5.583855799373042,12.801724137931037,7.4294670846395,1.8103448275862073,0.3173981191222571,0.14106583072100315,0.8539680126143115,0.03581335260818789,0.0,0.0,0.0,0.0,0.0,0.0,0.0,0.0,0.0,0.0,0.0,0.0,0.0,0.0,0.0,0.0,0.0,0.0,0.0,0.0,0.0,0.07725321888412018,0.41201716738197436,1.377682403433472,5.34334763948498,12.592274678111592,7.905579399141632,1.6866952789699574,0.3991416309012876,0.20600858369098718,0.3933,0.010086,0.0,0.0,0.0,0.0,0.0,0.0,0.0,0.0,0.0,0.0,0.1528213166144201,22.511755485893385,7.335423197492164,0.0,0.0,0.0,0.0,0.0,0.0,0.0,0.0,0.0,0.0,0.0,0.0,0.0,0.0,0.0,0.0,0.0,0.3936,0.009926,0.0,0.0,0.0,0.0,0.0,0.0,0.0,0.0,0.0,0.0,0.051502145922746795,22.197424892703832,7.751072961373392,0.0,0.0,0.0,0.0,0.0,0.0,0.0,0.0,0.0,0.0,0.0,0.0,0.0,0.0,0.0,0.0,0.0
43000,4953,2581,0.5210983242479306,1230,1004,0.45103977387441957,1385,0.5592570159499294,0.40199999999999997,3.005902192242833,3.1048238979552307,6.61021897810219,2.115265498047721,8381.081041792853,506.24869486434443,7853.0,8866.4,8866.4,0.0,7853.0,0.0,28.06480920654149,20.7690238420501,32.91255390512698,19.022211578662578,0.1360791439531597,0.1003432263274783,0.08903694730466384,0.09065213002220876,0.08479709267110842,0.07106803957197658,0.07026044821320412,0.06137694326670705,0.05855037351100343,0.055320008075913585,0.050676357762971934,0.03977387441954371,0.03290934786997779,0.026246719160104987,0.01635372501514234,0.008681607106803957,0.007874015748031496,0.852251013998501,0.034324622351149046,0.0,0.0,0.0,0.0,0.0,0.0,0.0,0.0,0.0,0.0,0.0,0.0,0.0,0.0,0.0,0.0,0.0,0.0,0.0,0.0,0.018170805572380377,0.05451241671714114,0.3089036947304664,1.471835251362806,5.796486977589341,12.992125984251972,7.2804360993337385,1.647486371895821,0.32101756511205337,0.10902483343428228,4.182557049077837,2.8768289197902153,2.8421052631578947,2.6805961217361776,0.6795138069388718,4.149689440993789,2.879454404488506,4.198506533914125,2.8759540410702145,1.0117640352644428,0.3936,0.009544,0.0,0.0,0.0,0.0,0.0,0.0,0.0,0.0,0.0,0.0,0.11508176862507573,22.44094488188973,7.443973349485162,0.0,0.0,0.0,0.0,0.0,0.0,0.0,0.0,0.0,0.0,0.0,0.0,0.0,0.0,0.0,0.0,0.0,nan,nan,4.174642635177129,2.877542696445444,nan,0.3936,0.04916,0.0,0.0,0.0,0.0,0.0,0.0,0.0,0.0,0.0,0.0,0.0,0.0,0.0,0.0,0.0,0.0,0.0,0.0,0.0,0.0,0.0,0.0,0.0,5.047445992327882e-05,0.0013426206339592166,0.0008479709267110841,0.006925095901473854,0.0011003432263274784,0.005612759943468605,0.005532000807591359,0.015667272360185745,0.02421764587118918,0.01775691500100949,0.04653745204926307,0.06803957197657985,0.04560872198667474,0.06365838885523925,0.05675348273773471,0.03129416515243287,0.08902685241267919,0.09565919644659802,0.07761962447001818,0.10616797900262467,0.05712699374116697,0.03630123157682213,0.051463759337775083,0.029285281647486373,0.022158287906319404,0.02017968907732687,0.006016555622854835,0.008287906319402382,0.003593781546537452,0.004996971532404603,0.00021199273167777104,0.00029275186755501714,0.0006561679790026247,1.0094891984655765e-05,0.0,0.0,0.0,0.0,0.0,0.0,0.0,0.0,0.0,0.0,0.0,0.0,0.0,0.0,0.0,0.0,0.0,0.0,0.0,0.0,0.0,0.0,0.0,0.0,0.0,0.0,0.0,0.0,0.0,0.0,0.0,0.0,0.0,0.0,0.0,0.0,0.0,0.0,0.0,0.0,0.0,0.0,0.0,0.0,nan,nan,4.174642635177129,2.877542696445444,nan,0.8532494650890272,0.03495329112117972,0.0,0.0,0.0,0.0,0.0,0.0,0.0,0.0,0.0,0.0,0.0,0.0,0.0,0.0,0.0,0.0,0.0,0.0,0.0,0.0,0.023246803564509887,0.09298721425803955,0.2208446338628439,1.5110422316931373,5.451375435877568,13.018209996125536,7.3924835335141434,1.7667570709027511,0.3835722588144131,0.1394808213870593,0.8511645880859176,0.033593515377087046,0.0,0.0,0.0,0.0,0.0,0.0,0.0,0.0,0.0,0.0,0.0,0.0,0.0,0.0,0.0,0.0,0.0,0.0,0.0,0.0,0.01264755480607083,0.01264755480607083,0.40472175379426656,1.429173693085999,6.172006745362565,12.9637436762226,7.158516020236089,1.5177065767284996,0.2529510961214166,0.07588532883642497,0.3936,0.00948,0.0,0.0,0.0,0.0,0.0,0.0,0.0,0.0,0.0,0.0,0.11623401782254943,22.270437814800434,7.613328167376987,0.0,0.0,0.0,0.0,0.0,0.0,0.0,0.0,0.0,0.0,0.0,0.0,0.0,0.0,0.0,0.0,0.0,0.3933,0.009605,0.0,0.0,0.0,0.0,0.0,0.0,0.0,0.0,0.0,0.0,0.11382799325463747,22.626475548060675,7.2596964586846555,0.0,0.0,0.0,0.0,0.0,0.0,0.0,0.0,0.0,0.0,0.0,0.0,0.0,0.0,0.0,0.0,0.0
43100,4999,2558,0.5117023404680936,1206,1029,0.4470894178835767,1432,0.5729145829165834,0.39799999999999996,3.0024580090126998,3.081441671401665,6.521203830369357,2.164386961107812,8371.559151830366,506.5612011572384,7853.0,8866.4,8866.399999999998,1.8189894035458565e-12,7853.0,0.0,29.014602920584117,21.471054655860907,33.95457771469127,19.662213023695216,0.13582716543308662,0.09621924384876976,0.08561712342468494,0.08761752350470094,0.07701540308061612,0.07461492298459692,0.06821364272854571,0.0610122024404881,0.0638127625525105,0.05521104220844169,0.04100820164032806,0.04340868173634727,0.03680736147229446,0.027005401080216044,0.02380476095219044,0.014802960592118424,0.008001600320064013,0.8549265153147169,0.03444747326001234,0.0,0.0,0.0,0.0,0.0,0.0,0.0,0.0,0.0,0.0,0.0,0.0,0.0,0.0,0.0,0.0,0.0,0.0,0.0,0.0,0.0,0.036007201440288066,0.19203840768153635,1.2902580516103181,5.623124624924986,12.830566113222648,7.435487097419485,1.9383876775355076,0.528105621124225,0.12602520504100823,4.245083207261724,2.859994953716759,5.5,2.6299556396765835,1.295616535994298,4.179095354523227,2.8711665269758115,4.31063321385902,2.845112635254347,1.0314751993379199,0.3933,0.00962,0.0,0.0,0.0,0.0,0.0,0.0,0.0,0.0,0.0,0.0,0.04800960192038409,22.714542908581684,7.237447489497901,0.0,0.0,0.0,0.0,0.0,0.0,0.0,0.0,0.0,0.0,0.0,0.0,0.0,0.0,0.0,0.0,0.0,nan,nan,4.247357293868922,2.8600928642059884,nan,0.3933,0.049,0.0,0.0,0.0,0.0,0.0,0.0,0.0,0.0,0.0,0.0,0.0,0.0,0.0,0.0,0.0,0.0,0.0,0.0,0.0,0.0,1.0002000400080016e-05,0.0,0.0,0.0001200240048009602,0.0013102620524104822,0.0011002200440088017,0.006891378275655131,0.001250250050010002,0.0057811562312462495,0.005851170234046809,0.015273054610922184,0.022704540908181636,0.017413482696539306,0.048949789957991596,0.06672334466893379,0.045999199839967995,0.061852370474094816,0.05753150630126025,0.03184636927385477,0.09112822564512903,0.09693938787757551,0.076625325065013,0.10742148429685937,0.05442088417683537,0.03695739147829566,0.05128025605121024,0.029455891178235646,0.022354470894178836,0.01982396479295859,0.005681136227245449,0.008121624324864973,0.003680736147229446,0.004500900180036007,6.00120024004801e-05,0.0003800760152030406,0.0005601120224044809,0.0,0.0,0.0,0.0,0.0,0.0,0.0,0.0,0.0,0.0,0.0,0.0,0.0,0.0,0.0,0.0,0.0,0.0,0.0,0.0,0.0,0.0,0.0,0.0,0.0,0.0,0.0,0.0,0.0,0.0,0.0,0.0,0.0,0.0,0.0,0.0,0.0,0.0,0.0,0.0,0.0,0.0,0.0,0.0,0.0,nan,nan,4.247357293868922,2.8600928642059884,nan,0.8550915589921637,0.033643900052304686,0.0,0.0,0.0,0.0,0.0,0.0,0.0,0.0,0.0,0.0,0.0,0.0,0.0,0.0,0.0,0.0,0.0,0.0,0.0,0.0,0.0,0.0,0.21110242376856925,1.1376075058639528,5.6763096168881955,13.01798279906177,7.505863956215795,1.899921813917123,0.3987490226739641,0.15246286161063335,0.8547535608997603,0.03526909384359256,0.0,0.0,0.0,0.0,0.0,0.0,0.0,0.0,0.0,0.0,0.0,0.0,0.0,0.0,0.0,0.0,0.0,0.0,0.0,0.0,0.0,0.0737402703809914,0.17206063088897997,1.4502253174928263,5.567390413764852,12.63416632527653,7.361736993035643,1.9786972552232696,0.6636624334289227,0.09832036050798855,0.3933,0.00953,0.0,0.0,0.0,0.0,0.0,0.0,0.0,0.0,0.0,0.0,0.046911649726348724,22.716966379984328,7.23612197028929,0.0,0.0,0.0,0.0,0.0,0.0,0.0,0.0,0.0,0.0,0.0,0.0,0.0,0.0,0.0,0.0,0.0,0.393,0.00972,0.0,0.0,0.0,0.0,0.0,0.0,0.0,0.0,0.0,0.0,0.049160180253994275,22.712003277345318,7.238836542400657,0.0,0.0,0.0,0.0,0.0,0.0,0.0,0.0,0.0,0.0,0.0,0.0,0.0,0.0,0.0,0.0,0.0
43200,4932,2581,0.5233171127331712,1202,1024,0.451338199513382,1381,0.5600162206001622,0.414,2.988940876222884,3.0860143667093127,6.606606606606607,2.1695860203956636,8383.329562043793,506.14872695445774,7853.0,8866.4,8866.4,0.0,7853.0,0.0,27.899432278994322,20.807278687829925,33.00509956289461,18.972110182230068,0.14314679643146797,0.09630981346309814,0.09225466342254664,0.0827250608272506,0.08313057583130576,0.07785888077858881,0.07197891321978914,0.06589618815896188,0.054339010543390104,0.047850770478507706,0.0494728304947283,0.040145985401459854,0.03629359286293593,0.026358475263584754,0.016017842660178427,0.01013787510137875,0.006082725060827251,0.8531826766931421,0.034505902107617184,0.0,0.0,0.0,0.0,0.0,0.0,0.0,0.0,0.0,0.0,0.0,0.0,0.0,0.0,0.0,0.0,0.0,0.0,0.0,0.0,0.0,0.03649635036496351,0.3406326034063261,1.313868613138682,5.973236009732362,12.627737226277375,7.4635036496350375,1.7031630170316305,0.3832116788321169,0.15815085158150857,4.218484753222257,2.879599738621959,4.0,2.6457513110645907,0.9482077651091736,4.2099308610936514,2.8936614545759767,4.225907384230288,2.8644215445555816,1.0037949609301864,0.3933,0.009735,0.0,0.0,0.0,0.0,0.0,0.0,0.0,0.0,0.0,0.0,0.060827250608272515,22.633819951338168,7.305352798053529,0.0,0.0,0.0,0.0,0.0,0.0,0.0,0.0,0.0,0.0,0.0,0.0,0.0,0.0,0.0,0.0,0.0,nan,nan,4.217936657259329,2.8790576107464583,nan,0.3933,0.04926,0.0,0.0,0.0,0.0,0.0,0.0,0.0,0.0,0.0,0.0,0.0,0.0,0.0,0.0,0.0,0.0,0.0,0.0,0.0,0.0,0.0,0.0,0.0,4.0551500405515004e-05,0.0009428223844282238,0.0016626115166261152,0.007694647201946472,0.0017842660178426601,0.004886455798864558,0.0070660989456609894,0.014223438767234387,0.022860908353609082,0.018309002433090023,0.046228710462287104,0.06505474452554745,0.04845904298459043,0.06253041362530413,0.058769261962692616,0.03166058394160584,0.08988240064882401,0.0966646390916464,0.07786901865369018,0.10756285482562855,0.05242295214922952,0.03524939172749392,0.050425790754257904,0.03109286293592863,0.022830494728304947,0.019261962692619625,0.006731549067315491,0.008373884833738849,0.003913219789132198,0.004531630170316302,7.096512570965126e-05,0.0004359286293592863,0.0005068937550689375,0.0,0.0,0.0,0.0,0.0,0.0,0.0,0.0,0.0,0.0,0.0,0.0,0.0,0.0,0.0,0.0,0.0,0.0,0.0,0.0,0.0,0.0,0.0,0.0,0.0,0.0,0.0,0.0,0.0,0.0,0.0,0.0,0.0,0.0,0.0,0.0,0.0,0.0,0.0,0.0,0.0,0.0,0.0,0.0,0.0,nan,nan,4.217936657259329,2.8790576107464583,nan,0.8534096868081593,0.03478684042378008,0.0,0.0,0.0,0.0,0.0,0.0,0.0,0.0,0.0,0.0,0.0,0.0,0.0,0.0,0.0,0.0,0.0,0.0,0.0,0.0,0.0,0.034870205346764827,0.3719488570321582,1.2669507942657845,6.04416892677257,12.530027121270829,7.450600542425418,1.6737698566447117,0.4765594730724526,0.15110422316931427,0.8529334580173192,0.034193086137905664,0.0,0.0,0.0,0.0,0.0,0.0,0.0,0.0,0.0,0.0,0.0,0.0,0.0,0.0,0.0,0.0,0.0,0.0,0.0,0.0,0.0,0.03828158230540196,0.3062526584432157,1.3653764355593323,5.895363675031903,12.735006380263721,7.4776690769885175,1.7354317311782224,0.28073160357294774,0.16588685665674185,0.3933,0.009705,0.0,0.0,0.0,0.0,0.0,0.0,0.0,0.0,0.0,0.0,0.04649360712901977,22.68888027896161,7.264626113909339,0.0,0.0,0.0,0.0,0.0,0.0,0.0,0.0,0.0,0.0,0.0,0.0,0.0,0.0,0.0,0.0,0.0,0.3933,0.00977,0.0,0.0,0.0,0.0,0.0,0.0,0.0,0.0,0.0,0.0,0.07656316461080392,22.573373032751988,7.350063802637178,0.0,0.0,0.0,0.0,0.0,0.0,0.0,0.0,0.0,0.0,0.0,0.0,0.0,0.0,0.0,0.0,0.0
43300,4402,2294,0.5211267605633803,1086,880,0.4466151749204907,1242,0.5642889595638346,0.39399999999999996,2.8823529411764706,2.842382503584783,5.874806800618238,2.0049626802194505,8381.10985915493,506.2474769625681,7853.0,8866.4,8866.399999999998,1.8189894035458565e-12,7853.0,0.0,29.392776010904136,21.236781388717816,34.19417735042735,19.376980413441768,0.12925942753293956,0.08746024534302589,0.08995910949568378,0.08427987278509769,0.08064516129032258,0.07950931394820536,0.06792367105860972,0.06201726487960018,0.06019990913221263,0.05929123125851885,0.045888232621535664,0.045206724216265336,0.03702862335302135,0.0315765561108587,0.017264879600181735,0.014538845979100408,0.007950931394820535,0.8522473620398918,0.034606154059031245,0.0,0.0,0.0,0.0,0.0,0.0,0.0,0.0,0.0,0.0,0.0,0.0,0.0,0.0,0.0,0.0,0.0,0.0,0.0,0.0,0.013630168105406636,0.054520672421626545,0.3134938664243526,1.3562017264879558,6.11994547932758,12.846433439345756,7.223989095865518,1.5674693321217632,0.33393911858246256,0.17037710131758294,4.012619372442019,2.6672265055029447,3.3846153846153846,2.527950265408459,0.8434927588348752,4.055967633175994,2.636477692559216,3.963064295485636,2.696707912427584,0.9770946550632085,0.3933,0.00984,0.0,0.0,0.0,0.0,0.0,0.0,0.0,0.0,0.0,0.0,0.08859609268514314,22.455701953657396,7.45570195365743,0.0,0.0,0.0,0.0,0.0,0.0,0.0,0.0,0.0,0.0,0.0,0.0,0.0,0.0,0.0,0.0,0.0,nan,nan,4.009847198641766,2.6669526578472356,nan,0.3933,0.04947,0.0,0.0,0.0,0.0,0.0,0.0,0.0,0.0,0.0,0.0,0.0,0.0,0.0,0.0,0.0,0.0,0.0,0.0,0.0,0.0,0.0,0.0,0.0,1.1358473421172194e-05,0.0009541117673784644,0.0016469786460699683,0.008371194911403907,0.001578827805542935,0.004588823262153567,0.008098591549295774,0.01360745115856429,0.0239777373920945,0.017935029532030897,0.04711494775102226,0.06250567923671059,0.05095411176737846,0.06090413448432531,0.057803271240345296,0.031519763743752836,0.09064061790095411,0.09284416174466152,0.07978191731031349,0.10661063153112221,0.05235120399818265,0.03585870059064062,0.049522944116310766,0.03230349840981372,0.02494320763289414,0.019025442980463426,0.007360290776919582,0.008939118582462517,0.003203089504770559,0.0041912766924125395,0.0,0.0003293957292139936,0.00045433893684688776,3.407542026351658e-05,3.407542026351658e-05,0.0,0.0,0.0,0.0,0.0,0.0,0.0,0.0,0.0,0.0,0.0,0.0,0.0,0.0,0.0,0.0,0.0,0.0,0.0,0.0,0.0,0.0,0.0,0.0,0.0,0.0,0.0,0.0,0.0,0.0,0.0,0.0,0.0,0.0,0.0,0.0,0.0,0.0,0.0,0.0,0.0,0.0,0.0,nan,nan,4.009847198641766,2.6669526578472356,nan,0.8526280502339707,0.0342821560247834,0.0,0.0,0.0,0.0,0.0,0.0,0.0,0.0,0.0,0.0,0.0,0.0,0.0,0.0,0.0,0.0,0.0,0.0,0.0,0.0,0.02615518744551003,0.03923278116826504,0.30078465562336537,1.3077593722754972,5.950305143853533,13.129904097646037,6.970357454228424,1.8047079337401921,0.34001743679163043,0.13077593722755015,0.8518330837110415,0.03495061689975883,0.0,0.0,0.0,0.0,0.0,0.0,0.0,0.0,0.0,0.0,0.0,0.0,0.0,0.0,0.0,0.0,0.0,0.0,0.0,0.0,0.0,0.07115749525616699,0.3273244781783682,1.4089184060721018,6.304554079696397,12.537950664136625,7.500000000000002,1.3092979127134727,0.3273244781783682,0.213472485768501,0.3933,0.00986,0.0,0.0,0.0,0.0,0.0,0.0,0.0,0.0,0.0,0.0,0.02615518744551003,22.33653007846553,7.637314734088929,0.0,0.0,0.0,0.0,0.0,0.0,0.0,0.0,0.0,0.0,0.0,0.0,0.0,0.0,0.0,0.0,0.0,0.3933,0.00983,0.0,0.0,0.0,0.0,0.0,0.0,0.0,0.0,0.0,0.0,0.1565464895635674,22.58538899430737,7.258064516129034,0.0,0.0,0.0,0.0,0.0,0.0,0.0,0.0,0.0,0.0,0.0,0.0,0.0,0.0,0.0,0.0,0.0
43400,4213,2192,0.5202943270828388,1007,846,0.4398291004035129,1182,0.561120341799193,0.418,3.0366155368629393,3.137874997571137,6.815551537070524,2.0247948824658817,8380.266271065748,506.28244932492964,7853.0,8866.4,8866.399999999998,1.8189894035458565e-12,7853.0,0.0,27.80251602183717,20.75421990343608,32.44873949579832,19.13882000501176,0.13268454782815095,0.10182767624020887,0.09992879183479705,0.08663660099691431,0.08260147163541419,0.07785426062188465,0.07286968905767861,0.061001661523854736,0.05103251839544268,0.052456681699501545,0.048421552338001425,0.04082601471635414,0.028008544979824353,0.028245905530500832,0.018988844054118204,0.012105388084500356,0.004509850462853074,0.8530772326820513,0.035678149492708124,0.0,0.0,0.0,0.0,0.0,0.0,0.0,0.0,0.0,0.0,0.0,0.0,0.0,0.0,0.0,0.0,0.0,0.0,0.0,0.0,0.0,0.12105388084500358,0.3702824590553051,1.2247804414906203,5.88891526228341,12.525516259197724,7.455494896748162,1.8585331117968198,0.41300735817707107,0.14241633040588658,4.297378277153558,2.891669660627712,4.296296296296297,2.664093408645103,0.9997482230356556,4.18521284540702,2.865945294388047,4.407952871870398,2.9082678988641875,1.0532207165300613,0.3928,0.00947,0.0,0.0,0.0,0.0,0.0,0.0,0.0,0.0,0.0,0.0,0.07120816520294329,23.29219083788271,6.636600996914314,0.0,0.0,0.0,0.0,0.0,0.0,0.0,0.0,0.0,0.0,0.0,0.0,0.0,0.0,0.0,0.0,0.0,nan,nan,4.297367445309603,2.889480191378194,nan,0.3928,0.04947,0.0,0.0,0.0,0.0,0.0,0.0,0.0,0.0,0.0,0.0,0.0,0.0,0.0,0.0,0.0,0.0,0.0,0.0,0.0,0.0,0.0,0.0,0.0,0.0,0.0014478993591265131,0.0011393306432470923,0.008070258723000238,0.0017089959648706385,0.005043911701875148,0.009221457393781154,0.013031094232138619,0.024293852361737478,0.017291716116781392,0.04960835509138381,0.06101352955138856,0.05286019463565155,0.06201044386422976,0.05880607643009732,0.03102302397341562,0.09000712081652029,0.09360313315926894,0.07936150011868028,0.10682411583194873,0.049821979586992644,0.03765725136482317,0.046570140042724896,0.03032281034892001,0.027332067410396392,0.018704011393306432,0.006147638262520769,0.00951815808212675,0.0028483266081177306,0.004046997389033942,1.1868027533823878e-05,0.0003204367434132447,0.00011868027533823879,1.1868027533823878e-05,0.00020175646807500593,0.0,0.0,0.0,0.0,0.0,0.0,0.0,0.0,0.0,0.0,0.0,0.0,0.0,0.0,0.0,0.0,0.0,0.0,0.0,0.0,0.0,0.0,0.0,0.0,0.0,0.0,0.0,0.0,0.0,0.0,0.0,0.0,0.0,0.0,0.0,0.0,0.0,0.0,0.0,0.0,0.0,0.0,0.0,nan,nan,4.297367445309603,2.889480191378194,nan,0.8533407864126846,0.035794937391093705,0.0,0.0,0.0,0.0,0.0,0.0,0.0,0.0,0.0,0.0,0.0,0.0,0.0,0.0,0.0,0.0,0.0,0.0,0.0,0.0,0.0,0.12317518248175185,0.3968978102189782,1.1496350364963468,5.81660583941606,12.618613138686134,7.417883211678833,1.9297445255474457,0.36952554744525556,0.17791970802919713,0.852791379254269,0.035548837402070585,0.0,0.0,0.0,0.0,0.0,0.0,0.0,0.0,0.0,0.0,0.0,0.0,0.0,0.0,0.0,0.0,0.0,0.0,0.0,0.0,0.0,0.11875309252845129,0.34141514101929743,1.3062840178129598,5.9673428995546764,12.424542305789217,7.496288965858488,1.7812963879267694,0.4601682335477488,0.10390895596239488,0.3928,0.00953,0.0,0.0,0.0,0.0,0.0,0.0,0.0,0.0,0.0,0.0,0.05474452554744527,23.17062043795617,6.774635036496352,0.0,0.0,0.0,0.0,0.0,0.0,0.0,0.0,0.0,0.0,0.0,0.0,0.0,0.0,0.0,0.0,0.0,0.3928,0.0094,0.0,0.0,0.0,0.0,0.0,0.0,0.0,0.0,0.0,0.0,0.08906481939633847,23.42404750123698,6.486887679366652,0.0,0.0,0.0,0.0,0.0,0.0,0.0,0.0,0.0,0.0,0.0,0.0,0.0,0.0,0.0,0.0,0.0
43500,4341,2273,0.5236120709513937,1032,898,0.4445980188896568,1279,0.5892651462796591,0.40599999999999997,3.0270793036750483,3.0570402272717536,6.420701168614357,2.1758974528665074,8383.628472702143,506.13468384822494,7853.0,8866.4,8866.399999999998,1.8189894035458565e-12,7853.0,0.0,28.523381709283576,20.965075975983545,33.282065217391306,19.214543972801,0.13245795899562313,0.09974660216539968,0.0930661137986639,0.08730707210320203,0.07717115871918913,0.07233356369500116,0.0691085003455425,0.0672656070029947,0.06127620363971435,0.04768486523842433,0.04745450357060585,0.04307763188205482,0.0377793135222299,0.0285648468094909,0.01796821008984105,0.0119788067265607,0.005759041695461875,0.8540224969812704,0.035718102044768545,0.0,0.0,0.0,0.0,0.0,0.0,0.0,0.0,0.0,0.0,0.0,0.0,0.0,0.0,0.0,0.0,0.0,0.0,0.0,0.0,0.020732550103662754,0.05528680027643401,0.27643400138217006,1.3407049067035204,5.888044229440223,12.391154111955775,7.387698686938495,2.0732550103662755,0.4008293020041466,0.16586040082930203,4.1978798586572434,2.8166081949894908,3.5,2.0207259421636903,0.8337542087542088,4.167366946778712,2.841888464000769,4.218683651804671,2.782188158529866,1.0123139396365435,0.3933,0.01004,0.0,0.0,0.0,0.0,0.0,0.0,0.0,0.0,0.0,0.0,0.14512785072563927,22.28058051140287,7.57429163787146,0.0,0.0,0.0,0.0,0.0,0.0,0.0,0.0,0.0,0.0,0.0,0.0,0.0,0.0,0.0,0.0,0.0,nan,nan,4.194933145672062,2.814084851756335,nan,0.3933,0.04974,0.0,0.0,0.0,0.0,0.0,0.0,0.0,0.0,0.0,0.0,0.0,0.0,0.0,0.0,0.0,0.0,0.0,0.0,0.0,0.0,0.0,0.0,0.0,0.0,0.0009675190048375951,0.000598940336328035,0.008580972126238194,0.0019120018428933426,0.005586270444598019,0.009732780465330569,0.013407049067035246,0.025719880211932736,0.01516931582584658,0.048663902326652846,0.05755586270444598,0.05268371343008523,0.06375259156876296,0.058546417876065425,0.03238885049527759,0.08747984335406589,0.09383782538585579,0.07656070029947017,0.10590877677954388,0.05064501266989173,0.03811333794056669,0.04615296014743147,0.03487675650771711,0.027378484220225756,0.019292789679797282,0.007060585118636259,0.009686708131766874,0.0023842432619212164,0.004895185441142594,0.0,0.00026491591799124623,9.214466712739e-05,0.0,0.00010366275051831375,0.0,0.0,0.0,0.0,0.0,0.0,0.0,0.0,0.0,0.0,0.0,0.0,0.0,0.0,0.0,0.0,0.0,0.0,0.0,0.0,0.0,0.0,0.0,0.0,0.0,0.0,0.0,0.0,0.0,0.0,0.0,0.0,0.0,0.0,0.0,0.0,0.0,0.0,0.0,0.0,0.0,0.0,0.0,nan,nan,4.194933145672062,2.814084851756335,nan,0.8539500008372027,0.03574302213945916,0.0,0.0,0.0,0.0,0.0,0.0,0.0,0.0,0.0,0.0,0.0,0.0,0.0,0.0,0.0,0.0,0.0,0.0,0.0,0.0,0.03959524857017158,0.05279366476022879,0.23757149142102954,1.3990321161460582,5.8996920369555665,12.28772547294325,7.509898812142544,1.9929608446986367,0.4091509018917731,0.17157941047074357,0.8541021796386523,0.03569052168187922,0.0,0.0,0.0,0.0,0.0,0.0,0.0,0.0,0.0,0.0,0.0,0.0,0.0,0.0,0.0,0.0,0.0,0.0,0.0,0.0,0.0,0.05802707930367506,0.31914893617021284,1.2765957446808471,5.8752417794971,12.504835589941976,7.253384912959382,2.161508704061896,0.3916827852998067,0.15957446808510642,0.3933,0.01006,0.0,0.0,0.0,0.0,0.0,0.0,0.0,0.0,0.0,0.0,0.15838099428068633,22.31852177738668,7.523097228332602,0.0,0.0,0.0,0.0,0.0,0.0,0.0,0.0,0.0,0.0,0.0,0.0,0.0,0.0,0.0,0.0,0.0,0.3933,0.01002,0.0,0.0,0.0,0.0,0.0,0.0,0.0,0.0,0.0,0.0,0.13056092843326889,22.23887814313343,7.630560928433271,0.0,0.0,0.0,0.0,0.0,0.0,0.0,0.0,0.0,0.0,0.0,0.0,0.0,0.0,0.0,0.0,0.0
43600,4246,2196,0.5171926519076778,1025,832,0.4373528026377767,1162,0.5473386716910033,0.438,3.0234146341463415,3.152302766315055,6.709897610921502,2.1744257387344232,8377.12303344324,506.40036325582895,7853.0,8866.4,8866.4,0.0,7853.0,0.0,27.97338671691003,20.882958910192723,32.789782244556115,19.183258465874648,0.13447951012717851,0.10739519547809703,0.08949599623174753,0.08714083843617522,0.07889778615167216,0.08078191238813001,0.06782854451248234,0.06217616580310881,0.05628827131417805,0.053697597739048517,0.04309938765897315,0.04097974564295808,0.03320772491756948,0.02849740932642487,0.019547809703250117,0.010598210080075365,0.005887894488930758,0.8532696137353041,0.03415983495246603,0.0,0.0,0.0,0.0,0.0,0.0,0.0,0.0,0.0,0.0,0.0,0.0,0.0,0.0,0.0,0.0,0.0,0.0,0.0,0.0,0.007065473386716912,0.028261893546867648,0.23316062176165808,1.3000471031559073,6.04097974564296,12.922750824305233,7.199717381064533,1.6886481394253419,0.45925577013659924,0.1201130475741875,4.36767976278725,2.905687125382469,6.076923076923077,2.0554444947519057,1.3913389733145332,4.347988077496274,2.8871586762619206,4.403214024835647,2.9213485706706046,1.0127014946580013,0.393,0.009705,0.0,0.0,0.0,0.0,0.0,0.0,0.0,0.0,0.0,0.0,0.1201130475741875,23.075836081017393,6.8040508714083865,0.0,0.0,0.0,0.0,0.0,0.0,0.0,0.0,0.0,0.0,0.0,0.0,0.0,0.0,0.0,0.0,0.0,nan,nan,4.375876060494282,2.9046054257997787,nan,0.393,0.05005,0.0,0.0,0.0,0.0,0.0,0.0,0.0,0.0,0.0,0.0,0.0,0.0,0.0,0.0,0.0,0.0,0.0,0.0,0.0,0.0,0.0,0.0,0.0,0.0,0.0008949599623174752,0.0007889778615167216,0.007571832312764955,0.0022491756947715497,0.007277437588318418,0.01149317004239284,0.013836552048987281,0.025730098916627413,0.014507772020725389,0.04941121055110692,0.05840791333019312,0.048469147432878,0.062129062647197364,0.06033914272256241,0.034255770136599153,0.08924870466321244,0.0916156382477626,0.07532972209138013,0.10439236928874235,0.05177814413565709,0.036198775317946304,0.047797927461139894,0.035927932171455484,0.026201130475741876,0.01933584550164861,0.0068299576071596795,0.010209609043805934,0.002225624116815827,0.0051813471502590676,2.3551577955723033e-05,0.00023551577955723034,5.8878944889307586e-05,0.0,4.7103155911446066e-05,0.0,0.0,0.0,0.0,0.0,0.0,0.0,0.0,0.0,0.0,0.0,0.0,0.0,0.0,0.0,0.0,0.0,0.0,0.0,0.0,0.0,0.0,0.0,0.0,0.0,0.0,0.0,0.0,0.0,0.0,0.0,0.0,0.0,0.0,0.0,0.0,0.0,0.0,0.0,0.0,0.0,0.0,0.0,nan,nan,4.375876060494282,2.9046054257997787,nan,0.852971286558714,0.03366419807813289,0.0,0.0,0.0,0.0,0.0,0.0,0.0,0.0,0.0,0.0,0.0,0.0,0.0,0.0,0.0,0.0,0.0,0.0,0.0,0.0,0.0,0.027322404371584706,0.24590163934426235,1.284153005464477,5.997267759562843,12.923497267759567,7.404371584699455,1.62568306010929,0.4098360655737706,0.0819672131147541,0.8535891876278854,0.03468006736327237,0.0,0.0,0.0,0.0,0.0,0.0,0.0,0.0,0.0,0.0,0.0,0.0,0.0,0.0,0.0,0.0,0.0,0.0,0.0,0.0,0.014634146341463419,0.029268292682926838,0.21951219512195128,1.3170731707317034,6.087804878048782,12.921951219512199,6.9804878048780505,1.7560975609756102,0.5121951219512196,0.1609756097560976,0.393,0.009796,0.0,0.0,0.0,0.0,0.0,0.0,0.0,0.0,0.0,0.0,0.10928961748633882,23.26502732240434,6.625683060109291,0.0,0.0,0.0,0.0,0.0,0.0,0.0,0.0,0.0,0.0,0.0,0.0,0.0,0.0,0.0,0.0,0.0,0.3933,0.009605,0.0,0.0,0.0,0.0,0.0,0.0,0.0,0.0,0.0,0.0,0.13170731707317077,22.873170731707287,6.995121951219514,0.0,0.0,0.0,0.0,0.0,0.0,0.0,0.0,0.0,0.0,0.0,0.0,0.0,0.0,0.0,0.0,0.0
43700,4406,2332,0.5292782569223786,1104,878,0.4498411257376305,1210,0.5492510213345438,0.426,3.0713596914175505,3.120022652607215,6.6237458193979935,2.1297160178444274,8389.370585565137,505.83055102694385,7853.0,8866.4,8866.399999999998,1.8189894035458565e-12,7853.0,0.0,28.6359509759419,20.997114479606005,33.46700643776824,19.204442368989035,0.13458919655015888,0.09396277802995914,0.09192010894235134,0.08284157966409442,0.0787562414888788,0.07989105764866092,0.07172038129822969,0.061960962324103495,0.05832955061280073,0.055832955061280075,0.04857013163867453,0.04403086699954607,0.03109396277802996,0.02973218338629142,0.016341352700862462,0.013163867453472538,0.007262823422605538,0.8541737551506249,0.033282707393671195,0.0,0.0,0.0,0.0,0.0,0.0,0.0,0.0,0.0,0.0,0.0,0.0,0.0,0.0,0.0,0.0,0.0,0.0,0.0,0.0,0.0,0.02042669087607808,0.17022242396731732,1.157512482977754,5.869269178393102,13.107126645483435,7.503404448479348,1.5728551974580123,0.46981389014979585,0.12936904221516116,4.204994797086369,2.8719853261833843,4.0,2.7774602993176543,0.951249690670626,4.164600550964187,2.8405345775347457,4.244784422809458,2.9024276303867036,1.0192536765204785,0.3933,0.0097,0.0,0.0,0.0,0.0,0.0,0.0,0.0,0.0,0.0,0.0,0.054471175669541544,22.67362687244663,7.271901951883796,0.0,0.0,0.0,0.0,0.0,0.0,0.0,0.0,0.0,0.0,0.0,0.0,0.0,0.0,0.0,0.0,0.0,nan,nan,4.2044982698961935,2.8717778105643204,nan,0.3933,0.04996,0.0,0.0,0.0,0.0,0.0,0.0,0.0,0.0,0.0,0.0,0.0,0.0,0.0,0.0,0.0,0.0,0.0,0.0,0.0,0.0,0.0,0.0,0.0,0.0,0.0005560599182932365,0.0007603268270540173,0.007694053563322742,0.0018043576940535632,0.007047208352246936,0.01327734906945075,0.012914207898320472,0.025748978665456196,0.0149682251475261,0.049568769859282796,0.055844303222877895,0.04751475261007717,0.06251702224239673,0.0609963685882887,0.03437358147980027,0.09135270086246028,0.09045619609623241,0.07436450295052202,0.10666137085792102,0.05228098048116205,0.034793463458919656,0.04893327280980481,0.0370177031320926,0.024682251475261006,0.017771221062187925,0.006763504312301407,0.011824784384929642,0.0021674988651838403,0.004981842941443486,0.00013617793917385383,5.6740807989105766e-05,4.539264639128461e-05,0.0,0.0001248297775760327,0.0,0.0,0.0,0.0,0.0,0.0,0.0,0.0,0.0,0.0,0.0,0.0,0.0,0.0,0.0,0.0,0.0,0.0,0.0,0.0,0.0,0.0,0.0,0.0,0.0,0.0,0.0,0.0,0.0,0.0,0.0,0.0,0.0,0.0,0.0,0.0,0.0,0.0,0.0,0.0,0.0,0.0,0.0,nan,nan,4.2044982698961935,2.8717778105643204,nan,0.8540683282127103,0.03385578429643244,0.0,0.0,0.0,0.0,0.0,0.0,0.0,0.0,0.0,0.0,0.0,0.0,0.0,0.0,0.0,0.0,0.0,0.0,0.0,0.0,0.0,0.02572898799313894,0.1286449399656947,1.1192109777015402,6.162092624356777,13.070325900514582,7.268439108061751,1.5694682675814755,0.4759862778730704,0.18010291595197261,0.8542922969149531,0.032625914428158154,0.0,0.0,0.0,0.0,0.0,0.0,0.0,0.0,0.0,0.0,0.0,0.0,0.0,0.0,0.0,0.0,0.0,0.0,0.0,0.0,0.0,0.014464802314368374,0.21697203471552562,1.2005785920925711,5.540019286403087,13.148505303760851,7.767598842815817,1.576663452266153,0.46287367405978797,0.07232401157184186,0.393,0.00971,0.0,0.0,0.0,0.0,0.0,0.0,0.0,0.0,0.0,0.0,0.05145797598627788,23.04030874785588,6.908233276157806,0.0,0.0,0.0,0.0,0.0,0.0,0.0,0.0,0.0,0.0,0.0,0.0,0.0,0.0,0.0,0.0,0.0,0.3936,0.00968,0.0,0.0,0.0,0.0,0.0,0.0,0.0,0.0,0.0,0.0,0.057859209257473496,22.26133076181289,7.680810028929606,0.0,0.0,0.0,0.0,0.0,0.0,0.0,0.0,0.0,0.0,0.0,0.0,0.0,0.0,0.0,0.0,0.0
43800,4519,2345,0.5189201150697057,1072,909,0.43837132108873644,1271,0.562513830493472,0.41,2.9319227230910765,3.0445877419459113,6.402889245585874,2.138042938604397,8378.87364461164,506.33710248440843,7853.0,8866.4,8866.4,0.0,7853.0,0.0,27.752157556981633,20.742418725920576,32.68082300184648,19.01220502238769,0.1380836468245187,0.10090728037176366,0.09736667404292985,0.0865235671608763,0.0849745518920115,0.07059083868112415,0.0648373533967692,0.06461606550121708,0.05952644390351848,0.05288780703695508,0.045806594379287455,0.04514273069263111,0.032750608541712765,0.025669395884045144,0.014162425315335252,0.00863022792653242,0.007523788448771852,0.8560640360433778,0.03544624817679382,0.0,0.0,0.0,0.0,0.0,0.0,0.0,0.0,0.0,0.0,0.0,0.0,0.0,0.0,0.0,0.0,0.0,0.0,0.0,0.0,0.0,0.026554547466253603,0.2522682009294092,1.2215091834476617,5.370657225049791,12.480637309139194,7.9265324186767,1.9783137862358933,0.5111750387253818,0.23235229032971902,4.306136680613668,2.861469860221454,4.625,2.117634293262177,1.0740485829959514,4.353514265831594,2.8967880796011607,4.260778859527121,2.822422627944879,0.978698724606853,0.3933,0.00983,0.0,0.0,0.0,0.0,0.0,0.0,0.0,0.0,0.0,0.0,0.0730250055321974,22.531533525116146,7.395441469351628,0.0,0.0,0.0,0.0,0.0,0.0,0.0,0.0,0.0,0.0,0.0,0.0,0.0,0.0,0.0,0.0,0.0,nan,nan,4.307023643949931,2.859718449673328,nan,0.3933,0.05002,0.0,0.0,0.0,0.0,0.0,0.0,0.0,0.0,0.0,0.0,0.0,0.0,0.0,0.0,0.0,0.0,0.0,0.0,0.0,0.0,0.0,0.0,0.0,2.212878955521133e-05,0.0006638636866563399,0.0006417348971011286,0.00829829608320425,0.0020026554547466252,0.007225049789776499,0.013542819207789334,0.012867891126355389,0.024640407169727815,0.014925868554990042,0.04904846204912591,0.05778933392343439,0.04712325735782253,0.061274618278380176,0.06102013719849524,0.03318211993803939,0.08869218853728701,0.08971011285682673,0.0722394335029874,0.10514494357158663,0.05567603452091171,0.03695507855720292,0.053606992697499446,0.03988714317326842,0.023821641956184997,0.015102898871431732,0.005786678468687763,0.011794644832927638,0.00257800398318212,0.004658110201371985,6.638636866563399e-05,0.0,0.0,0.0,1.1064394777605665e-05,0.0,0.0,0.0,0.0,0.0,0.0,0.0,0.0,0.0,0.0,0.0,0.0,0.0,0.0,0.0,0.0,0.0,0.0,0.0,0.0,0.0,0.0,0.0,0.0,0.0,0.0,0.0,0.0,0.0,0.0,0.0,0.0,0.0,0.0,0.0,0.0,0.0,0.0,0.0,0.0,0.0,0.0,0.0,nan,nan,4.307023643949931,2.859718449673328,nan,0.856585741551446,0.0358298522730291,0.0,0.0,0.0,0.0,0.0,0.0,0.0,0.0,0.0,0.0,0.0,0.0,0.0,0.0,0.0,0.0,0.0,0.0,0.0,0.0,0.0,0.025586353944562906,0.2942430703624734,1.100213219616201,5.28358208955224,12.49893390191898,7.84221748400853,2.2004264392324098,0.5245202558635396,0.23027718550106616,0.8555012948214734,0.03501904942386811,0.0,0.0,0.0,0.0,0.0,0.0,0.0,0.0,0.0,0.0,0.0,0.0,0.0,0.0,0.0,0.0,0.0,0.0,0.0,0.0,0.0,0.02759889604415824,0.20699172033118682,1.3523459061637493,5.464581416743331,12.460901563937446,8.017479300827969,1.7387304507819692,0.4967801287948483,0.23459061637534503,0.3936,0.00975,0.0,0.0,0.0,0.0,0.0,0.0,0.0,0.0,0.0,0.0,0.0767590618336887,22.3240938166311,7.599147121535183,0.0,0.0,0.0,0.0,0.0,0.0,0.0,0.0,0.0,0.0,0.0,0.0,0.0,0.0,0.0,0.0,0.0,0.393,0.009895,0.0,0.0,0.0,0.0,0.0,0.0,0.0,0.0,0.0,0.0,0.0689972401103956,22.75528978840843,7.1757129714811425,0.0,0.0,0.0,0.0,0.0,0.0,0.0,0.0,0.0,0.0,0.0,0.0,0.0,0.0,0.0,0.0,0.0
43900,4491,2345,0.5221554219550212,1123,883,0.4466711200178134,1238,0.5513248719661545,0.414,2.9818266542404475,3.1306061541813324,6.5754716981132075,2.2755804285796737,8382.152304609219,506.2023153026215,7853.0,8866.4,8866.4,0.0,7853.0,0.0,28.479403250946337,21.04713060496495,33.35460058001582,19.26109379825734,0.13649521264751727,0.09262970385214875,0.09262970385214875,0.09107103095079047,0.07926965041193498,0.07548430193720775,0.06924961033177467,0.05856156757960365,0.06390558895568915,0.04765085727009575,0.04965486528612781,0.04408817635270541,0.037630817189935425,0.025829436651079937,0.01892674237363616,0.008461367178802049,0.008461367178802049,0.8567140265632329,0.034950811902810686,0.0,0.0,0.0,0.0,0.0,0.0,0.0,0.0,0.0,0.0,0.0,0.0,0.0,0.0,0.0,0.0,0.0,0.0,0.0,0.0,0.0,0.013360053440213763,0.2872411489645959,1.242484969939876,5.050100200400802,12.665330661322649,7.989311957247831,2.137608550434202,0.42084168336673355,0.19372077488309958,4.223742730071844,2.9507110918381616,2.4285714285714284,3.3319725113401715,0.5749809076392585,4.221009549795362,2.9509857887527007,4.220779220779221,2.9539283379760053,0.999945432718542,0.3938,0.00949,0.0,0.0,0.0,0.0,0.0,0.0,0.0,0.0,0.0,0.0,0.06680026720106881,22.197728790915132,7.7354709418837695,0.0,0.0,0.0,0.0,0.0,0.0,0.0,0.0,0.0,0.0,0.0,0.0,0.0,0.0,0.0,0.0,0.0,nan,nan,4.219453924914676,2.952981435855138,nan,0.3938,0.05026,0.0,0.0,0.0,0.0,0.0,0.0,0.0,0.0,0.0,0.0,0.0,0.0,0.0,0.0,0.0,0.0,0.0,0.0,0.0,0.0,0.0,0.0,0.0,0.0,0.0007682030728122912,0.0007348029392117569,0.008461367178802049,0.0017145401914940993,0.006691160097973725,0.013393453573814296,0.013426853707414829,0.02492763304386551,0.014217323535960811,0.04865286127811178,0.05711422845691383,0.04800712536183478,0.060699176130037856,0.05833890002226676,0.031128924515698063,0.08612781117791138,0.09309730572255623,0.07110888443553774,0.1048207526163438,0.05817189935426408,0.03570474281897128,0.054275217100868405,0.042006234691605436,0.025729236250278335,0.014952126475172568,0.006000890670229348,0.012135381874860832,0.002571810287241149,0.0047205522155421955,0.0001002004008016032,4.45335114673792e-05,1.11333778668448e-05,0.0,0.0001447339122689824,0.0,0.0,0.0,0.0,0.0,0.0,0.0,0.0,0.0,0.0,0.0,0.0,0.0,0.0,0.0,0.0,0.0,0.0,0.0,0.0,0.0,0.0,0.0,0.0,0.0,0.0,0.0,0.0,0.0,0.0,0.0,0.0,0.0,0.0,0.0,0.0,0.0,0.0,0.0,0.0,0.0,0.0,0.0,nan,nan,4.219453924914676,2.952981435855138,nan,0.8565467069906466,0.03569757776769464,0.0,0.0,0.0,0.0,0.0,0.0,0.0,0.0,0.0,0.0,0.0,0.0,0.0,0.0,0.0,0.0,0.0,0.0,0.0,0.0,0.0,0.012793176972281453,0.2686567164179105,1.3176972281449852,5.155650319829425,12.742004264392326,7.739872068230278,2.008528784648188,0.4477611940298508,0.3070362473347548,0.8568968617904997,0.03411517492224583,0.0,0.0,0.0,0.0,0.0,0.0,0.0,0.0,0.0,0.0,0.0,0.0,0.0,0.0,0.0,0.0,0.0,0.0,0.0,0.0,0.0,0.013979496738117431,0.3075489282385835,1.160298229263743,4.934762348555453,12.581547064305688,8.261882572227401,2.278657968313141,0.3914259086672881,0.06989748369058715,0.394,0.009674,0.0,0.0,0.0,0.0,0.0,0.0,0.0,0.0,0.0,0.0,0.0767590618336887,22.06823027718547,7.8550106609808115,0.0,0.0,0.0,0.0,0.0,0.0,0.0,0.0,0.0,0.0,0.0,0.0,0.0,0.0,0.0,0.0,0.0,0.3938,0.00928,0.0,0.0,0.0,0.0,0.0,0.0,0.0,0.0,0.0,0.0,0.055917986952469724,22.339235787511615,7.604846225535883,0.0,0.0,0.0,0.0,0.0,0.0,0.0,0.0,0.0,0.0,0.0,0.0,0.0,0.0,0.0,0.0,0.0
44000,4380,2274,0.5191780821917809,1059,909,0.44931506849315067,1237,0.5648401826484019,0.414,2.9249762583095915,3.065147822255207,6.428082191780822,2.257779341496495,8379.135068493151,506.327135469418,7853.0,8866.4,8866.4,0.0,7853.0,0.0,28.35958904109589,20.89034562831315,33.23944805194805,19.08127331889162,0.1365296803652968,0.09520547945205479,0.09429223744292238,0.08721461187214612,0.07351598173515982,0.07237442922374429,0.07648401826484018,0.06324200913242009,0.05867579908675799,0.05684931506849315,0.04794520547945205,0.045205479452054796,0.03287671232876712,0.022602739726027398,0.01986301369863014,0.012100456621004566,0.00502283105022831,0.8574131617943446,0.03519924925452928,0.0,0.0,0.0,0.0,0.0,0.0,0.0,0.0,0.0,0.0,0.0,0.0,0.0,0.0,0.0,0.0,0.0,0.0,0.0,0.0,0.0,0.027397260273972608,0.26027397260273977,1.1301369863013664,5.226027397260275,12.068493150684935,8.417808219178085,2.164383561643836,0.5547945205479453,0.15068493150684933,4.197322057787174,2.845164514778,4.666666666666667,2.6666666666666665,1.1118200134318335,4.17601683029453,2.8818262792514164,4.221674876847291,2.8068445063619953,1.010933396202223,0.394,0.00954,0.0,0.0,0.0,0.0,0.0,0.0,0.0,0.0,0.0,0.0,0.06849315068493152,21.958904109589007,7.972602739726029,0.0,0.0,0.0,0.0,0.0,0.0,0.0,0.0,0.0,0.0,0.0,0.0,0.0,0.0,0.0,0.0,0.0,nan,nan,4.198805760449596,2.844739902699308,nan,0.394,0.05005,0.0,0.0,0.0,0.0,0.0,0.0,0.0,0.0,0.0,0.0,0.0,0.0,0.0,0.0,0.0,0.0,0.0,0.0,0.0,0.0,0.0,0.0,5.7077625570776254e-05,0.0,0.0006506849315068493,0.0007420091324200913,0.008230593607305936,0.0014497716894977168,0.007077625570776256,0.013527397260273973,0.013287671232876712,0.025057077625570776,0.014155251141552512,0.04776255707762557,0.05852739726027397,0.046415525114155254,0.057591324200913244,0.056883561643835616,0.032922374429223744,0.08606164383561644,0.09534246575342466,0.07100456621004567,0.10518264840182648,0.06014840182648402,0.03773972602739726,0.05333333333333334,0.0419634703196347,0.02581050228310502,0.01517123287671233,0.005878995433789954,0.010844748858447488,0.0028881278538812785,0.00363013698630137,7.990867579908676e-05,0.00018264840182648402,0.0,0.0,0.0003995433789954338,0.0,0.0,0.0,0.0,0.0,0.0,0.0,0.0,0.0,0.0,0.0,0.0,0.0,0.0,0.0,0.0,0.0,0.0,0.0,0.0,0.0,0.0,0.0,0.0,0.0,0.0,0.0,0.0,0.0,0.0,0.0,0.0,0.0,0.0,0.0,0.0,0.0,0.0,0.0,0.0,0.0,0.0,0.0,nan,nan,4.198805760449596,2.844739902699308,nan,0.8571164487953655,0.03548603708211884,0.0,0.0,0.0,0.0,0.0,0.0,0.0,0.0,0.0,0.0,0.0,0.0,0.0,0.0,0.0,0.0,0.0,0.0,0.0,0.0,0.0,0.02638522427440634,0.27704485488126657,1.160949868073875,5.32981530343008,11.965699208443276,8.337730870712402,2.2295514511873353,0.5408970976253299,0.1319261213720317,0.8577335442063475,0.03488410308155017,0.0,0.0,0.0,0.0,0.0,0.0,0.0,0.0,0.0,0.0,0.0,0.0,0.0,0.0,0.0,0.0,0.0,0.0,0.0,0.0,0.0,0.028490028490028498,0.2421652421652422,1.0968660968660935,5.113960113960115,12.179487179487182,8.504273504273506,2.0940170940170946,0.5698005698005699,0.17094017094017097,0.394,0.00938,0.0,0.0,0.0,0.0,0.0,0.0,0.0,0.0,0.0,0.0,0.06596306068601585,21.978891820580444,7.955145118733511,0.0,0.0,0.0,0.0,0.0,0.0,0.0,0.0,0.0,0.0,0.0,0.0,0.0,0.0,0.0,0.0,0.0,0.394,0.009705,0.0,0.0,0.0,0.0,0.0,0.0,0.0,0.0,0.0,0.0,0.07122507122507124,21.937321937321908,7.991452991452993,0.0,0.0,0.0,0.0,0.0,0.0,0.0,0.0,0.0,0.0,0.0,0.0,0.0,0.0,0.0,0.0,0.0
44100,4595,2372,0.5162132752992383,1098,918,0.43873775843307944,1283,0.5584330794341675,0.41,2.9599640125955915,3.0482280862234505,6.485483870967742,2.084841355006732,8376.130533188247,506.4335371785223,7853.0,8866.4,8866.4,0.0,7853.0,0.0,28.241349292709465,20.900392526338706,33.05511202678341,19.15157833908882,0.13340587595212186,0.09836779107725789,0.09815016322089228,0.08443960826985854,0.07421109902067465,0.0763873775843308,0.07725788900979326,0.06659412404787812,0.05331882480957562,0.050707290533188246,0.046789989118607184,0.04309031556039173,0.03482045701849837,0.02676822633297062,0.018280739934711642,0.011534276387377584,0.0058759521218716,0.858107226237379,0.034728187967909996,0.0,0.0,0.0,0.0,0.0,0.0,0.0,0.0,0.0,0.0,0.0,0.0,0.0,0.0,0.0,0.0,0.0,0.0,0.0,0.0,0.0,0.03264417845484223,0.3199129488574538,1.064200217627853,4.779107725788902,12.293797606093584,8.702937976060937,2.1936887921653976,0.4766050054406965,0.13710554951033735,4.265444670739987,2.8184740101552013,4.823529411764706,2.975098497976892,1.1308385840409694,4.216161616161616,2.839311829319898,4.322274881516588,2.7996272549551935,1.0251682157885533,0.3936,0.0094,0.0,0.0,0.0,0.0,0.0,0.0,0.0,0.0,0.0,0.0,0.07834602829162134,22.263329706202363,7.658324265505986,0.0,0.0,0.0,0.0,0.0,0.0,0.0,0.0,0.0,0.0,0.0,0.0,0.0,0.0,0.0,0.0,0.0,nan,nan,4.268646641916976,2.819712519906119,nan,0.3936,0.0498,0.0,0.0,0.0,0.0,0.0,0.0,0.0,0.0,0.0,0.0,0.0,0.0,0.0,0.0,0.0,0.0,0.0,0.0,0.0,0.0,0.0,0.0,2.176278563656148e-05,0.0,0.0006855277475516866,0.0005767138193688792,0.00854189336235038,0.0019912948857453753,0.007736670293797606,0.012295973884657236,0.012861806311207834,0.026235038084874863,0.014896626768226333,0.047856365614798696,0.054689880304679,0.04520130576713819,0.06072905331882481,0.05832426550598477,0.03455930359085963,0.08771490750816105,0.09428726877040261,0.07102285092491839,0.10573449401523395,0.0589227421109902,0.03795429815016322,0.053764961915125135,0.041936887921653974,0.024047878128400434,0.015516866158868336,0.00499455930359086,0.010511425462459196,0.0029379760609358,0.002709466811751904,6.528835690968444e-05,0.0003155603917301415,0.0,0.0,0.0003590859630032644,0.0,0.0,0.0,0.0,0.0,0.0,0.0,0.0,0.0,0.0,0.0,0.0,0.0,0.0,0.0,0.0,0.0,0.0,0.0,0.0,0.0,0.0,0.0,0.0,0.0,0.0,0.0,0.0,0.0,0.0,0.0,0.0,0.0,0.0,0.0,0.0,0.0,0.0,0.0,0.0,0.0,0.0,0.0,nan,nan,4.268646641916976,2.819712519906119,nan,0.8582824402022321,0.03451475848849051,0.0,0.0,0.0,0.0,0.0,0.0,0.0,0.0,0.0,0.0,0.0,0.0,0.0,0.0,0.0,0.0,0.0,0.0,0.0,0.0,0.0,0.037942664418212486,0.29089376053962906,1.0244519392917337,4.919898819561552,11.977234401349076,9.0177065767285,2.1500843170320407,0.4300168634064082,0.15177065767284995,0.8579202682865776,0.03495351721108382,0.0,0.0,0.0,0.0,0.0,0.0,0.0,0.0,0.0,0.0,0.0,0.0,0.0,0.0,0.0,0.0,0.0,0.0,0.0,0.0,0.0,0.026990553306342785,0.35087719298245623,1.1066126855600504,4.628879892037787,12.631578947368425,8.367071524966263,2.240215924426451,0.5263157894736843,0.12145748987854253,0.3936,0.00939,0.0,0.0,0.0,0.0,0.0,0.0,0.0,0.0,0.0,0.0,0.08853288364249581,22.23440134907248,7.677065767284993,0.0,0.0,0.0,0.0,0.0,0.0,0.0,0.0,0.0,0.0,0.0,0.0,0.0,0.0,0.0,0.0,0.0,0.3938,0.0094,0.0,0.0,0.0,0.0,0.0,0.0,0.0,0.0,0.0,0.0,0.06747638326585696,22.294197031039104,7.638326585695008,0.0,0.0,0.0,0.0,0.0,0.0,0.0,0.0,0.0,0.0,0.0,0.0,0.0,0.0,0.0,0.0,0.0
44200,4560,2325,0.5098684210526315,1062,925,0.4357456140350877,1291,0.5662280701754386,0.418,2.9982102908277404,3.128707578955639,6.586477987421383,2.1892546729652884,8369.700657894737,506.60129968415225,7853.0,8866.4,8866.4,0.0,7853.0,0.0,27.57719298245614,20.89664849770034,32.5977433744424,19.19406300746296,0.14342105263157895,0.10438596491228071,0.10043859649122808,0.07916666666666666,0.07872807017543859,0.07763157894736843,0.06820175438596492,0.06118421052631579,0.05592105263157895,0.04912280701754386,0.0462719298245614,0.04517543859649123,0.03223684210526316,0.024342105263157894,0.015570175438596491,0.0125,0.005701754385964913,0.8573431497995267,0.03434866547240773,0.0,0.0,0.0,0.0,0.0,0.0,0.0,0.0,0.0,0.0,0.0,0.0,0.0,0.0,0.0,0.0,0.0,0.0,0.0,0.0,0.0,0.05263157894736843,0.23684210526315794,0.9802631578947338,5.125000000000001,12.506578947368425,8.480263157894738,2.0000000000000004,0.4736842105263159,0.1447368421052632,4.342270194986073,2.865396543792589,4.777777777777778,2.9355210696939795,1.100294906405082,4.354884047786367,2.8959204537899113,4.335378323108385,2.836728852541779,0.995520954297762,0.3943,0.00925,0.0,0.0,0.0,0.0,0.0,0.0,0.0,0.0,0.0,0.0,0.03289473684210527,21.93421052631576,8.032894736842106,0.0,0.0,0.0,0.0,0.0,0.0,0.0,0.0,0.0,0.0,0.0,0.0,0.0,0.0,0.0,0.0,0.0,nan,nan,4.344982698961938,2.8660434278804154,nan,0.3943,0.04977,0.0,0.0,0.0,0.0,0.0,0.0,0.0,0.0,0.0,0.0,0.0,0.0,0.0,0.0,0.0,0.0,0.0,0.0,0.0,0.0,0.0,0.0,1.0964912280701754e-05,0.0,0.000800438596491228,0.000668859649122807,0.008859649122807017,0.001875,0.007149122807017544,0.01156798245614035,0.011831140350877192,0.024078947368421054,0.01486842105263158,0.0481140350877193,0.05422149122807018,0.044583333333333336,0.06419956140350877,0.05732456140350877,0.034396929824561405,0.08451754385964912,0.09796052631578947,0.07332236842105264,0.10508771929824562,0.057291666666666664,0.03679824561403509,0.056217105263157895,0.04119517543859649,0.023146929824561402,0.016052631578947367,0.005877192982456141,0.010592105263157894,0.003289473684210526,0.003300438596491228,4.3859649122807014e-05,0.00037280701754385966,0.0,0.0,0.00037280701754385966,0.0,0.0,0.0,1.0964912280701754e-05,0.0,0.0,0.0,0.0,0.0,0.0,0.0,0.0,0.0,0.0,0.0,0.0,0.0,0.0,0.0,0.0,0.0,0.0,0.0,0.0,0.0,0.0,0.0,0.0,0.0,0.0,0.0,0.0,0.0,0.0,0.0,0.0,0.0,0.0,0.0,0.0,0.0,0.0,0.0,nan,nan,4.344982698961938,2.8660434278804154,nan,0.8572159292364633,0.03342725837443014,0.0,0.0,0.0,0.0,0.0,0.0,0.0,0.0,0.0,0.0,0.0,0.0,0.0,0.0,0.0,0.0,0.0,0.0,0.0,0.0,0.0,0.025806451612903233,0.19354838709677424,0.9935483870967711,5.122580645161291,12.670967741935486,8.425806451612905,1.9741935483870972,0.5161290322580646,0.0774193548387097,0.8574754933382841,0.035281162381514596,0.0,0.0,0.0,0.0,0.0,0.0,0.0,0.0,0.0,0.0,0.0,0.0,0.0,0.0,0.0,0.0,0.0,0.0,0.0,0.0,0.0,0.08053691275167786,0.2818791946308725,0.9664429530201312,5.127516778523491,12.335570469798661,8.536912751677853,2.026845637583893,0.429530201342282,0.214765100671141,0.394,0.00925,0.0,0.0,0.0,0.0,0.0,0.0,0.0,0.0,0.0,0.0,0.03870967741935485,22.141935483870938,7.819354838709679,0.0,0.0,0.0,0.0,0.0,0.0,0.0,0.0,0.0,0.0,0.0,0.0,0.0,0.0,0.0,0.0,0.0,0.3943,0.00925,0.0,0.0,0.0,0.0,0.0,0.0,0.0,0.0,0.0,0.0,0.026845637583892624,21.718120805369097,8.255033557046982,0.0,0.0,0.0,0.0,0.0,0.0,0.0,0.0,0.0,0.0,0.0,0.0,0.0,0.0,0.0,0.0,0.0
44300,4623,2385,0.5158987670343933,1098,938,0.44040666234047154,1307,0.5654337010599177,0.40199999999999997,2.973637176050045,3.089045231762176,6.4961948249619486,2.1918072465851703,8375.811810512654,506.44377729616167,7853.0,8866.4,8866.399999999996,3.637978807091713e-12,7853.0,0.0,28.01795370971231,21.097589084101617,32.940056598919476,19.40630941660534,0.13865455332035476,0.1044776119402985,0.0936621241617997,0.08522604369457062,0.08154877784988103,0.07116590958252217,0.06878650227125244,0.05926887302617348,0.06337875838200303,0.05191434133679429,0.045425048669695,0.03893575600259572,0.033311702357776335,0.02682240969067705,0.016655851178888167,0.010382868267358857,0.010382868267358857,0.8584540341933413,0.033787728165497695,0.0,0.0,0.0,0.0,0.0,0.0,0.0,0.0,0.0,0.0,0.0,0.0,0.0,0.0,0.0,0.0,0.0,0.0,0.0,0.0,0.006489292667099288,0.038935756002595724,0.1492537313432836,0.9149902660609966,4.970798182998054,12.433484750162236,8.702141466580144,2.1284879948085664,0.5126541207008437,0.14276443867618432,4.296057104010877,2.835216902081973,4.375,2.54644359843292,1.0183756626315374,4.2586685159500695,2.7625036187838337,4.333112143331121,2.901933742401294,1.0174804935162802,0.3938,0.00937,0.0,0.0,0.0,0.0,0.0,0.0,0.0,0.0,0.0,0.0,0.05840363400389359,22.34263465282281,7.598961713173265,0.0,0.0,0.0,0.0,0.0,0.0,0.0,0.0,0.0,0.0,0.0,0.0,0.0,0.0,0.0,0.0,0.0,nan,nan,4.296271186440678,2.8344765446886515,nan,0.3938,0.0499,0.0,0.0,0.0,0.0,0.0,0.0,0.0,0.0,0.0,0.0,0.0,0.0,0.0,0.0,0.0,0.0,0.0,0.0,0.0,0.0,0.0,0.0,0.0,0.00010815487778498811,0.0009625784122863941,0.000627298291152931,0.009085009733939001,0.001762924507895306,0.00790612156608263,0.010966904607397793,0.011972744970798184,0.024745836037205277,0.015141682889898334,0.05022712524334848,0.05568894657149037,0.04383517196625568,0.06324897252866105,0.056770495349340255,0.03503136491455765,0.0845122215011897,0.0946463335496431,0.07738481505515898,0.10261734804239671,0.05800346095608912,0.035777633571274066,0.0554618213281419,0.040698680510491025,0.02336145360155743,0.015877136058836252,0.0054401903525849015,0.010501838632922344,0.0033311702357776336,0.003893575600259572,0.0,0.00014060134112048453,0.0,0.0,0.00027038719446247024,0.0,0.0,0.0,0.0,0.0,0.0,0.0,0.0,0.0,0.0,0.0,0.0,0.0,0.0,0.0,0.0,0.0,0.0,0.0,0.0,0.0,0.0,0.0,0.0,0.0,0.0,0.0,0.0,0.0,0.0,0.0,0.0,0.0,0.0,0.0,0.0,0.0,0.0,0.0,0.0,0.0,0.0,0.0,nan,nan,4.296271186440678,2.8344765446886515,nan,0.8580663910951755,0.03331170542433317,0.0,0.0,0.0,0.0,0.0,0.0,0.0,0.0,0.0,0.0,0.0,0.0,0.0,0.0,0.0,0.0,0.0,0.0,0.0,0.0,0.01257861635220126,0.05031446540880504,0.11320754716981135,1.0188679245282986,4.767295597484278,12.792452830188683,8.515723270440253,2.2515723270440255,0.36477987421383656,0.11320754716981135,0.8588671391035853,0.03428292038117103,0.0,0.0,0.0,0.0,0.0,0.0,0.0,0.0,0.0,0.0,0.0,0.0,0.0,0.0,0.0,0.0,0.0,0.0,0.0,0.0,0.0,0.02680965147453084,0.18766756032171586,0.8042895442359224,5.187667560321716,12.050938337801611,8.900804289544238,1.9973190348525474,0.6702412868632709,0.17426273458445046,0.3938,0.00946,0.0,0.0,0.0,0.0,0.0,0.0,0.0,0.0,0.0,0.0,0.08805031446540883,22.301886792452798,7.610062893081762,0.0,0.0,0.0,0.0,0.0,0.0,0.0,0.0,0.0,0.0,0.0,0.0,0.0,0.0,0.0,0.0,0.0,0.3938,0.00927,0.0,0.0,0.0,0.0,0.0,0.0,0.0,0.0,0.0,0.0,0.02680965147453084,22.386058981233212,7.587131367292227,0.0,0.0,0.0,0.0,0.0,0.0,0.0,0.0,0.0,0.0,0.0,0.0,0.0,0.0,0.0,0.0,0.0
44400,4601,2443,0.5309715279287112,1183,905,0.4538143881764834,1249,0.5429254509889154,0.418,3.0379981464318813,3.16146311138221,6.608,2.1677490629683134,8391.086546402956,505.7269764456855,7853.0,8866.4,8866.399999999998,1.8189894035458565e-12,7853.0,0.0,28.346446424690285,20.87916490538031,33.212722122070566,19.084899785608624,0.13605737883068897,0.09802216909367528,0.09063247120191263,0.08672027820039122,0.07867854814170833,0.07433166702890676,0.06976744186046512,0.06498587263638339,0.061291023690502065,0.054988046076939794,0.046294283851336666,0.04455553140621604,0.03303629645729189,0.024125190176048684,0.019343620951966962,0.011519234948924147,0.005650945446642034,0.8595469846618717,0.03449541551824949,0.0,0.0,0.0,0.0,0.0,0.0,0.0,0.0,0.0,0.0,0.0,0.0,0.0,0.0,0.0,0.0,0.0,0.0,0.0,0.0,0.013040643338404698,0.04564225168441644,0.21517061508367752,0.8998043903499212,4.655509671810477,12.140838948054775,8.945881330145623,2.432079982612476,0.5281460552053903,0.12388611171484462,4.133510461640651,2.9784083398014154,3.5555555555555554,4.030746032714901,0.8601781920117128,4.06,2.991387637869756,4.20144832126399,2.9721503923980266,1.0348394879960567,0.3938,0.009125,0.0,0.0,0.0,0.0,0.0,0.0,0.0,0.0,0.0,0.0,0.05216257335361879,22.690719408824137,7.257118017822214,0.0,0.0,0.0,0.0,0.0,0.0,0.0,0.0,0.0,0.0,0.0,0.0,0.0,0.0,0.0,0.0,0.0,nan,nan,4.131788079470199,2.982262594114618,nan,0.3938,0.05008,0.0,0.0,0.0,0.0,0.0,0.0,0.0,0.0,0.0,0.0,0.0,0.0,0.0,0.0,0.0,0.0,0.0,0.0,0.0,0.0,0.0,1.0867202782003912e-05,0.0,9.78048250380352e-05,0.0008476418169963051,0.0007063681808302543,0.010052162573353618,0.0017713540534666377,0.0074983699195826994,0.010356444251249729,0.012616822429906542,0.023896978917626602,0.015518365572701587,0.05198869810910672,0.05685720495544447,0.03952401651814823,0.06382308193870898,0.05654205607476635,0.03664420778091719,0.08435122799391437,0.0952945011953923,0.07592914583786134,0.1022169093675288,0.05980221690936753,0.036285590089111065,0.05487937404911976,0.040371658335144535,0.021549663116713757,0.016072592914583787,0.0052705933492718975,0.010758530754183874,0.002966746359487068,0.005096718104759835,0.0,0.00024994566398608997,0.0,0.0,0.00015214083894805476,0.0,0.0,0.0,0.0,0.0,0.0,0.0,0.0,0.0,0.0,0.0,0.0,0.0,0.0,0.0,0.0,0.0,0.0,0.0,0.0,0.0,0.0,0.0,0.0,0.0,0.0,0.0,0.0,0.0,0.0,0.0,0.0,0.0,0.0,0.0,0.0,0.0,0.0,0.0,0.0,0.0,0.0,0.0,nan,nan,4.131788079470199,2.982262594114618,nan,0.8598912126013748,0.0342057451152235,0.0,0.0,0.0,0.0,0.0,0.0,0.0,0.0,0.0,0.0,0.0,0.0,0.0,0.0,0.0,0.0,0.0,0.0,0.0,0.0,0.024559967253377002,0.0613999181334425,0.22103970528039302,0.8104789193614383,4.359394187474417,12.329103561195256,9.209987720016375,2.333196889070815,0.540319279574294,0.11051985264019651,0.8591572956645566,0.034816326697604226,0.0,0.0,0.0,0.0,0.0,0.0,0.0,0.0,0.0,0.0,0.0,0.0,0.0,0.0,0.0,0.0,0.0,0.0,0.0,0.0,0.0,0.0278035217794254,0.2085264133456905,1.000926784059311,4.990732159406859,11.927710843373497,8.646895273401299,2.544022242817424,0.5143651529193699,0.139017608897127,0.3938,0.00912,0.0,0.0,0.0,0.0,0.0,0.0,0.0,0.0,0.0,0.0,0.036839950880065496,22.853049529267263,7.1101105198526415,0.0,0.0,0.0,0.0,0.0,0.0,0.0,0.0,0.0,0.0,0.0,0.0,0.0,0.0,0.0,0.0,0.0,0.3938,0.00914,0.0,0.0,0.0,0.0,0.0,0.0,0.0,0.0,0.0,0.0,0.0695088044485635,22.506950880444823,7.423540315106582,0.0,0.0,0.0,0.0,0.0,0.0,0.0,0.0,0.0,0.0,0.0,0.0,0.0,0.0,0.0,0.0,0.0
44500,4894,2546,0.5202288516550878,1183,1000,0.44605639558643234,1390,0.5680425010216592,0.38599999999999995,3.000425894378194,3.015363808677507,6.40843023255814,2.0410863730723907,8380.199918267266,506.2851403616694,7853.0,8866.4,8866.399999999998,1.8189894035458565e-12,7853.0,0.0,28.21373109930527,20.963774958164198,33.120116476583355,19.20645784348313,0.1354720065386187,0.10237024928483858,0.09215365753984471,0.0805067429505517,0.08459337964854924,0.0768287699223539,0.0704944830404577,0.06129955046996322,0.05537392725786677,0.0551695954229669,0.0469963220269718,0.04025337147527585,0.03677973028197793,0.026358806702084184,0.0190028606456886,0.008990600735594606,0.0073559460563955865,0.8582263570514853,0.03512632558700315,0.0,0.0,0.0,0.0,0.0,0.0,0.0,0.0,0.0,0.0,0.0,0.0,0.0,0.0,0.0,0.0,0.0,0.0,0.0,0.0,0.0,0.01838986514098897,0.28197793216183087,1.0666121781773568,5.020433183489988,12.002451982018801,8.643236616264815,2.2496935022476507,0.5149162239476911,0.20228851655087868,4.240025332488917,2.796228165993082,4.5,2.611786471254603,1.0613144137415982,4.306782825140012,2.7972068105543797,4.1738019169329075,2.7921301862086483,0.9691229129477218,0.3936,0.00948,0.0,0.0,0.0,0.0,0.0,0.0,0.0,0.0,0.0,0.0,0.0796894156109522,22.33142623620757,7.588884348181448,0.0,0.0,0.0,0.0,0.0,0.0,0.0,0.0,0.0,0.0,0.0,0.0,0.0,0.0,0.0,0.0,0.0,nan,nan,4.241172761664565,2.7954939668515144,nan,0.3936,0.0502,0.0,0.0,0.0,0.0,0.0,0.0,0.0,0.0,0.0,0.0,0.0,0.0,0.0,0.0,0.0,0.0,0.0,0.0,0.0,0.0,0.0,0.0,0.0,0.00023498161013485902,0.0007764609726195341,0.0004086636697997548,0.009307315079689415,0.0022272170004086636,0.008704536166734778,0.009807928075194115,0.012494891704127504,0.02541888026154475,0.015008173273395995,0.052104617899468735,0.05614017163874131,0.03851655087862689,0.06523293829178586,0.0588373518594197,0.037188393951777685,0.08371475275847977,0.09365549652635881,0.07595014303228444,0.1015120555782591,0.0580098079280752,0.03589088680016347,0.05461789946873723,0.039926440539436045,0.02439722108704536,0.015519002860645689,0.005363710666121782,0.010155292194523907,0.0029321618308132407,0.0055986922762566406,5.108295872496935e-05,0.0001021659174499387,0.0,0.0,0.00019411524315488354,0.0,0.0,0.0,0.0,0.0,0.0,0.0,0.0,0.0,0.0,0.0,0.0,0.0,0.0,0.0,0.0,0.0,0.0,0.0,0.0,0.0,0.0,0.0,0.0,0.0,0.0,0.0,0.0,0.0,0.0,0.0,0.0,0.0,0.0,0.0,0.0,0.0,0.0,0.0,0.0,0.0,0.0,0.0,nan,nan,4.241172761664565,2.7954939668515144,nan,0.8582592846274095,0.034825354309393194,0.0,0.0,0.0,0.0,0.0,0.0,0.0,0.0,0.0,0.0,0.0,0.0,0.0,0.0,0.0,0.0,0.0,0.0,0.0,0.0,0.0,0.011783189316575023,0.25923016496465046,1.1311861743911984,4.890023566378635,11.983503534956798,8.884524744697567,2.1091908876669287,0.553809897879026,0.17674783974862535,0.8581906527890054,0.03544975488030854,0.0,0.0,0.0,0.0,0.0,0.0,0.0,0.0,0.0,0.0,0.0,0.0,0.0,0.0,0.0,0.0,0.0,0.0,0.0,0.0,0.0,0.025553662691652476,0.3066439522998297,0.9965928449744432,5.1618398637138,12.02299829642249,8.381601362862012,2.4020442930153325,0.4727427597955708,0.22998296422487227,0.3936,0.00946,0.0,0.0,0.0,0.0,0.0,0.0,0.0,0.0,0.0,0.0,0.08248232521602517,22.340926944226204,7.576590730557739,0.0,0.0,0.0,0.0,0.0,0.0,0.0,0.0,0.0,0.0,0.0,0.0,0.0,0.0,0.0,0.0,0.0,0.3936,0.009514,0.0,0.0,0.0,0.0,0.0,0.0,0.0,0.0,0.0,0.0,0.07666098807495743,22.3211243611584,7.602214650766611,0.0,0.0,0.0,0.0,0.0,0.0,0.0,0.0,0.0,0.0,0.0,0.0,0.0,0.0,0.0,0.0,0.0
44600,4608,2387,0.5180121527777778,1135,938,0.4498697916666667,1296,0.5625,0.422,2.9770373705538047,3.1426986990429646,6.723793677204659,2.2140640125360598,8377.953515624999,506.37110814829055,7853.0,8866.4,8866.4,0.0,7853.0,0.0,27.491536458333332,20.5782913333881,32.36589147286822,18.849601245101525,0.1430121527777778,0.09461805555555555,0.09678819444444445,0.09266493055555555,0.0798611111111111,0.07964409722222222,0.06770833333333333,0.06401909722222222,0.05642361111111111,0.051432291666666664,0.04600694444444445,0.03819444444444445,0.033637152777777776,0.024305555555555556,0.014539930555555556,0.009765625,0.007378472222222222,0.8581312477278212,0.03394914435454977,0.0,0.0,0.0,0.0,0.0,0.0,0.0,0.0,0.0,0.0,0.0,0.0,0.0,0.0,0.0,0.0,0.0,0.0,0.0,0.0,0.006510416666666668,0.019531250000000003,0.19531250000000006,1.0091145833333302,4.856770833333334,12.56510416666667,8.528645833333336,2.200520833333334,0.4622395833333334,0.15625000000000003,4.285957736877982,2.9129076834046694,3.375,2.2325713874364688,0.787455268389662,4.346414073071719,2.938549253437208,4.219945355191257,2.882865528986069,0.970902745170093,0.3933,0.00948,0.0,0.0,0.0,0.0,0.0,0.0,0.0,0.0,0.0,0.0,0.07161458333333334,22.662760416666636,7.265625000000002,0.0,0.0,0.0,0.0,0.0,0.0,0.0,0.0,0.0,0.0,0.0,0.0,0.0,0.0,0.0,0.0,0.0,nan,nan,4.283480625424881,2.9116597432333364,nan,0.3933,0.05032,0.0,0.0,0.0,0.0,0.0,0.0,0.0,0.0,0.0,0.0,0.0,0.0,0.0,0.0,0.0,0.0,0.0,0.0,0.0,0.0,0.0,0.0,0.0,0.00028211805555555553,0.00046657986111111113,0.0009765625,0.009754774305555556,0.001833767361111111,0.008203125,0.010492621527777777,0.012445746527777777,0.027159288194444443,0.014312065972222222,0.04984809027777778,0.05687934027777778,0.04035373263888889,0.06458333333333334,0.05928819444444444,0.03651258680555555,0.08361545138888889,0.09334852430555556,0.07641059027777777,0.10104166666666667,0.05840928819444444,0.03501519097222222,0.05400390625,0.040538194444444446,0.024403211805555554,0.015462239583333334,0.00478515625,0.010460069444444444,0.003266059027777778,0.005533854166666667,1.0850694444444445e-05,0.00021701388888888888,0.0,0.0,7.595486111111111e-05,1.0850694444444445e-05,0.0,0.0,0.0,0.0,0.0,0.0,0.0,0.0,0.0,0.0,0.0,0.0,0.0,0.0,0.0,0.0,0.0,0.0,0.0,0.0,0.0,0.0,0.0,0.0,0.0,0.0,0.0,0.0,0.0,0.0,0.0,0.0,0.0,0.0,0.0,0.0,0.0,0.0,0.0,0.0,0.0,0.0,nan,nan,4.283480625424881,2.9116597432333364,nan,0.8582114801778422,0.0343121989567192,0.0,0.0,0.0,0.0,0.0,0.0,0.0,0.0,0.0,0.0,0.0,0.0,0.0,0.0,0.0,0.0,0.0,0.0,0.0,0.0,0.01256807708420612,0.02513615416841224,0.23879346459991627,1.0305823209048983,4.713028906577295,12.517804775869296,8.634268956849603,2.2622538751571013,0.40217846669459584,0.16338500209467957,0.8580450186156195,0.0335543614921545,0.0,0.0,0.0,0.0,0.0,0.0,0.0,0.0,0.0,0.0,0.0,0.0,0.0,0.0,0.0,0.0,0.0,0.0,0.0,0.0,0.0,0.013507429085997301,0.1485817199459703,0.9860423232777997,5.011256190904999,12.61593876632148,8.415128320576319,2.1341737955875737,0.5267897343538948,0.1485817199459703,0.393,0.00958,0.0,0.0,0.0,0.0,0.0,0.0,0.0,0.0,0.0,0.0,0.08797653958944283,22.987012987012953,6.925010473397571,0.0,0.0,0.0,0.0,0.0,0.0,0.0,0.0,0.0,0.0,0.0,0.0,0.0,0.0,0.0,0.0,0.0,0.3936,0.00937,0.0,0.0,0.0,0.0,0.0,0.0,0.0,0.0,0.0,0.0,0.054029716343989204,22.314272850067503,7.631697433588475,0.0,0.0,0.0,0.0,0.0,0.0,0.0,0.0,0.0,0.0,0.0,0.0,0.0,0.0,0.0,0.0,0.0
44700,4898,2560,0.5226623111474071,1221,975,0.4483462637811352,1379,0.5630869742752144,0.40599999999999997,2.959366980325064,3.0336817433727434,6.37536231884058,2.0836774763016463,8382.665986116783,506.17927010268164,7853.0,8866.4,8866.399999999998,1.8189894035458565e-12,7853.0,0.0,28.660065332788893,20.942848443678585,33.45544315992293,19.12748628155326,0.13270722743977134,0.09452837893017559,0.09473254389546754,0.08350347080440997,0.07717435688035933,0.0759493670886076,0.07186606778276848,0.062474479379338504,0.05655369538587179,0.05941200489995917,0.04899959167006942,0.04512045732952225,0.03246222948142099,0.029195590036749694,0.01837484687627603,0.012249897917517355,0.0046957942017149855,0.8571019699472269,0.034185628308612735,0.0,0.0,0.0,0.0,0.0,0.0,0.0,0.0,0.0,0.0,0.0,0.0,0.0,0.0,0.0,0.0,0.0,0.0,0.0,0.0,0.006124948958758678,0.03062474479379339,0.14699877501020828,1.0963658636177998,5.298080849326257,12.482645977950186,8.29318089015925,2.0273581053491223,0.40424663127807275,0.21437321355655375,4.186620819005939,2.845703197242085,1.5714285714285714,1.6781914463529615,0.3753453296498171,4.213880126182965,2.8318261808863365,4.148673658235657,2.860004103520868,0.9845257895348879,0.3933,0.00966,0.0,0.0,0.0,0.0,0.0,0.0,0.0,0.0,0.0,0.0,0.07349938750510414,22.66843609636583,7.258064516129034,0.0,0.0,0.0,0.0,0.0,0.0,0.0,0.0,0.0,0.0,0.0,0.0,0.0,0.0,0.0,0.0,0.0,nan,nan,4.180910792264504,2.846294925626159,nan,0.3933,0.05005,0.0,0.0,0.0,0.0,0.0,0.0,0.0,0.0,0.0,0.0,0.0,0.0,0.0,0.0,0.0,0.0,0.0,1.0208248264597795e-05,0.0,0.0,0.0,0.0,0.0,0.00030624744793793387,0.0004593711719069008,0.00069416088199265,0.009085340955492037,0.0020008166598611678,0.008207431604736627,0.010208248264597795,0.012127398938342181,0.026041241322988976,0.015822784810126583,0.04827480604328297,0.05982033483054308,0.0439873417721519,0.06381175990200082,0.05660473662719477,0.037147815434871376,0.08492241731318906,0.09094528378930175,0.07625561453654553,0.10116374030216414,0.05898325847284606,0.03550428746427113,0.05612494895875868,0.03951612903225806,0.023683135973866884,0.01416904859126174,0.004685585953450388,0.010504287464271131,0.003001224989791752,0.005624744793793385,5.104124132298898e-05,0.0002143732135565537,0.0,0.0,4.083299305839118e-05,0.0,0.0,0.0,0.0,0.0,0.0,0.0,0.0,0.0,0.0,0.0,0.0,0.0,0.0,0.0,0.0,0.0,0.0,0.0,0.0,0.0,0.0,0.0,0.0,0.0,0.0,0.0,0.0,0.0,0.0,0.0,0.0,0.0,0.0,0.0,0.0,0.0,0.0,0.0,0.0,0.0,0.0,0.0,nan,nan,4.180910792264504,2.846294925626159,nan,0.8575251455651596,0.034250108856942456,0.0,0.0,0.0,0.0,0.0,0.0,0.0,0.0,0.0,0.0,0.0,0.0,0.0,0.0,0.0,0.0,0.0,0.0,0.0,0.0,0.011718750000000003,0.03515625000000001,0.17578125000000006,1.1015624999999967,4.886718750000002,12.562500000000004,8.542968750000002,2.1445312500000004,0.3632812500000001,0.17578125000000006,0.8566386125554786,0.03410886426536103,0.0,0.0,0.0,0.0,0.0,0.0,0.0,0.0,0.0,0.0,0.0,0.0,0.0,0.0,0.0,0.0,0.0,0.0,0.0,0.0,0.0,0.02566295979469633,0.11548331907613348,1.0906757912745904,5.748502994011978,12.395209580838326,8.019674935842602,1.899059024807528,0.4491017964071857,0.2566295979469633,0.3933,0.00969,0.0,0.0,0.0,0.0,0.0,0.0,0.0,0.0,0.0,0.0,0.03515625000000001,22.628906249999968,7.335937500000002,0.0,0.0,0.0,0.0,0.0,0.0,0.0,0.0,0.0,0.0,0.0,0.0,0.0,0.0,0.0,0.0,0.0,0.393,0.009636,0.0,0.0,0.0,0.0,0.0,0.0,0.0,0.0,0.0,0.0,0.11548331907613348,22.71171941830621,7.172797262617624,0.0,0.0,0.0,0.0,0.0,0.0,0.0,0.0,0.0,0.0,0.0,0.0,0.0,0.0,0.0,0.0,0.0
44800,5020,2625,0.5229083665338645,1229,1003,0.4446215139442231,1402,0.5585657370517928,0.40599999999999997,3.0029227557411273,3.143803232454002,6.672937771345875,2.160051701263973,8382.915338645418,506.1678951213504,7853.0,8866.4,8866.399999999998,1.8189894035458565e-12,7853.0,0.0,28.109561752988046,20.998642249011326,33.02107506511958,19.277176887129393,0.13745019920318724,0.10139442231075697,0.09243027888446215,0.08685258964143426,0.07888446215139443,0.07749003984063745,0.07111553784860558,0.05697211155378486,0.06095617529880478,0.05517928286852589,0.043227091633466136,0.041035856573705176,0.03386454183266932,0.0250996015936255,0.019721115537848607,0.010159362549800797,0.008167330677290837,0.8558511606844298,0.03488509212900998,0.0,0.0,0.0,0.0,0.0,0.0,0.0,0.0,0.0,0.0,0.0,0.0,0.0,0.0,0.0,0.0,0.0,0.0,0.0,0.0,0.0,0.04780876494023906,0.23904382470119526,1.254980079681271,5.342629482071715,12.65139442231076,7.882470119521914,1.960159362549801,0.4243027888446216,0.1972111553784861,4.236149798823893,2.9259306494034245,4.4,2.870540018881465,1.0386790385036897,4.201982651796778,2.9181474720863614,4.271446078431373,2.9327375231079587,1.0165311074297014,0.3933,0.00939,0.0,0.0,0.0,0.0,0.0,0.0,0.0,0.0,0.0,0.0,0.059760956175298814,22.733067729083633,7.2071713147410374,0.0,0.0,0.0,0.0,0.0,0.0,0.0,0.0,0.0,0.0,0.0,0.0,0.0,0.0,0.0,0.0,0.0,nan,nan,4.23690696241528,2.925698201258951,nan,0.3933,0.05038,0.0,0.0,0.0,0.0,0.0,0.0,0.0,0.0,0.0,0.0,0.0,0.0,0.0,0.0,0.0,0.0,0.0,0.0,0.0,0.0,0.0,0.0,0.0,0.0003884462151394422,0.00030876494023904385,0.00031872509960159364,0.009442231075697211,0.0013745019920318724,0.006872509960159362,0.010956175298804782,0.013087649402390438,0.027161354581673305,0.01550796812749004,0.04716135458167331,0.0631374501992032,0.04659362549800797,0.06243027888446215,0.05595617529880478,0.035079681274900396,0.08399402390438247,0.09176294820717132,0.07356573705179283,0.10126494023904382,0.056812749003984066,0.035189243027888444,0.0575398406374502,0.03787848605577689,0.025169322709163347,0.015209163346613546,0.0052888446215139445,0.009591633466135459,0.003854581673306773,0.006693227091633466,7.968127490039841e-05,0.0003286852589641434,0.0,0.0,0.0,0.0,0.0,0.0,0.0,0.0,0.0,0.0,0.0,0.0,0.0,0.0,0.0,0.0,0.0,0.0,0.0,0.0,0.0,0.0,0.0,0.0,0.0,0.0,0.0,0.0,0.0,0.0,0.0,0.0,0.0,0.0,0.0,0.0,0.0,0.0,0.0,0.0,0.0,0.0,0.0,0.0,0.0,0.0,nan,nan,4.23690696241528,2.925698201258951,nan,0.8561608574276879,0.03398370019517745,0.0,0.0,0.0,0.0,0.0,0.0,0.0,0.0,0.0,0.0,0.0,0.0,0.0,0.0,0.0,0.0,0.0,0.0,0.0,0.0,0.0,0.011428571428571432,0.1828571428571429,1.2571428571428531,5.245714285714287,12.77714285714286,8.125714285714286,1.8171428571428574,0.3657142857142858,0.2171428571428572,0.8555117227090425,0.035843948242926124,0.0,0.0,0.0,0.0,0.0,0.0,0.0,0.0,0.0,0.0,0.0,0.0,0.0,0.0,0.0,0.0,0.0,0.0,0.0,0.0,0.0,0.08768267223382048,0.3006263048016702,1.2526096033402883,5.448851774530273,12.513569937369523,7.615866388308978,2.1169102296450943,0.4885177453027141,0.17536534446764096,0.3936,0.00936,0.0,0.0,0.0,0.0,0.0,0.0,0.0,0.0,0.0,0.0,0.011428571428571432,22.617142857142824,7.371428571428573,0.0,0.0,0.0,0.0,0.0,0.0,0.0,0.0,0.0,0.0,0.0,0.0,0.0,0.0,0.0,0.0,0.0,0.393,0.00941,0.0,0.0,0.0,0.0,0.0,0.0,0.0,0.0,0.0,0.0,0.11273486430062633,22.860125260960302,7.027139874739041,0.0,0.0,0.0,0.0,0.0,0.0,0.0,0.0,0.0,0.0,0.0,0.0,0.0,0.0,0.0,0.0,0.0
44900,4744,2458,0.5181281618887015,1158,954,0.4451939291736931,1315,0.5543844856661045,0.41,2.972878390201225,3.0881138694072483,6.5522620904836195,2.115428510884429,8378.07107925801,506.36685658413273,7853.0,8866.4,8866.399999999998,1.8189894035458565e-12,7853.0,0.0,28.52866779089376,21.108409353685488,33.46273136568284,19.320691791678325,0.13511804384485665,0.10328836424957842,0.08832209106239461,0.08979763912310287,0.07272344013490725,0.07209106239460371,0.06112984822934233,0.06935075885328837,0.05986509274873524,0.057124789207419896,0.047217537942664416,0.047217537942664416,0.03351602023608769,0.024451939291736932,0.02065767284991568,0.01011804384485666,0.008010118043844857,0.8553636262529415,0.03526924881464577,0.0,0.0,0.0,0.0,0.0,0.0,0.0,0.0,0.0,0.0,0.0,0.0,0.0,0.0,0.0,0.0,0.0,0.0,0.0,0.0,0.018971332209106243,0.05691399662731873,0.3035413153456999,1.1256323777403001,5.444772344013492,12.609612141652617,7.911045531197304,1.8718381112984828,0.4616357504215853,0.19603709949409787,4.164763458401305,2.8575645554818667,4.35,2.8857408061016154,1.0444770857814336,4.142305215711526,2.862321626171136,4.189947780678851,2.852982177998682,1.011501461743239,0.3936,0.009445,0.0,0.0,0.0,0.0,0.0,0.0,0.0,0.0,0.0,0.0,0.07588532883642497,22.64544688026978,7.2786677908937625,0.0,0.0,0.0,0.0,0.0,0.0,0.0,0.0,0.0,0.0,0.0,0.0,0.0,0.0,0.0,0.0,0.0,nan,nan,4.165964343598055,2.85778678382556,nan,0.3936,0.0505,0.0,0.0,0.0,0.0,0.0,0.0,0.0,0.0,0.0,0.0,0.0,0.0,0.0,0.0,0.0,0.0,0.0,0.0,0.0,0.0,0.0,0.0,2.1079258010118044e-05,0.00035834738617200677,0.0001897133220910624,0.00034780775716694774,0.00904300168634064,0.0016968802698145026,0.00797849915682968,0.011467116357504217,0.013585581787521079,0.027023608768971332,0.014091483979763912,0.047344013490725124,0.05948566610455312,0.04588954468802698,0.0658199831365936,0.055016863406408094,0.034643760539629004,0.0853920741989882,0.09213743676222597,0.07447301854974706,0.10237141652613828,0.052677065767284995,0.03442242833052277,0.05828414839797639,0.04147344013490725,0.023303119730185496,0.014565767284991569,0.005101180438448567,0.010486930860033727,0.003562394603709949,0.007029932546374368,0.00012647554806070825,0.0005586003372681282,3.161888701517706e-05,0.0,0.0,0.0,0.0,0.0,0.0,0.0,0.0,0.0,0.0,0.0,0.0,0.0,0.0,0.0,0.0,0.0,0.0,0.0,0.0,0.0,0.0,0.0,0.0,0.0,0.0,0.0,0.0,0.0,0.0,0.0,0.0,0.0,0.0,0.0,0.0,0.0,0.0,0.0,0.0,0.0,0.0,0.0,0.0,0.0,nan,nan,4.165964343598055,2.85778678382556,nan,0.8554386376025136,0.03459923501583522,0.0,0.0,0.0,0.0,0.0,0.0,0.0,0.0,0.0,0.0,0.0,0.0,0.0,0.0,0.0,0.0,0.0,0.0,0.0,0.0,0.012205044751830759,0.06102522375915379,0.32953620829943053,1.1350691619202569,5.4068348250610265,12.314890154597236,8.336045565500408,1.8795768917819369,0.3783563873067535,0.1464605370219691,0.8552829710048014,0.0359755810438636,0.0,0.0,0.0,0.0,0.0,0.0,0.0,0.0,0.0,0.0,0.0,0.0,0.0,0.0,0.0,0.0,0.0,0.0,0.0,0.0,0.026246719160104993,0.05249343832020999,0.27559055118110243,1.1154855643044586,5.485564304461944,12.926509186351709,7.454068241469818,1.8635170603674545,0.5511811023622049,0.2493438320209974,0.3938,0.00954,0.0,0.0,0.0,0.0,0.0,0.0,0.0,0.0,0.0,0.0,0.10984540276647684,22.518307567127714,7.371847030105778,0.0,0.0,0.0,0.0,0.0,0.0,0.0,0.0,0.0,0.0,0.0,0.0,0.0,0.0,0.0,0.0,0.0,0.3933,0.00934,0.0,0.0,0.0,0.0,0.0,0.0,0.0,0.0,0.0,0.0,0.03937007874015749,22.782152230971096,7.178477690288715,0.0,0.0,0.0,0.0,0.0,0.0,0.0,0.0,0.0,0.0,0.0,0.0,0.0,0.0,0.0,0.0,0.0
45000,5023,2572,0.5120445948636273,1187,1036,0.44256420465857055,1434,0.5709735217997213,0.39799999999999996,2.99265605875153,3.0517010933344975,6.464335664335664,2.0503591905825616,8371.905992434798,506.55296243204566,7853.0,8866.4,8866.4,0.0,7853.0,0.0,28.567390005972527,21.163588055512513,33.59166271909048,19.338026458171665,0.13876169619749154,0.10252836950029863,0.08699980091578738,0.08361536930121441,0.06967947441767867,0.07784192713517818,0.06987855863030061,0.062313358550666935,0.05992434799920366,0.057336253235118456,0.050567390005972525,0.03623332669719291,0.03862233724865618,0.02787178976707147,0.019112084411706153,0.011148715906828588,0.007565200079633685,0.8544738325801191,0.035356775154422,0.0,0.0,0.0,0.0,0.0,0.0,0.0,0.0,0.0,0.0,0.0,0.0,0.0,0.0,0.0,0.0,0.0,0.0,0.0,0.0,0.023890105514632696,0.05972526378658174,0.28070873979693417,1.3438184351980846,5.387218793549673,12.673700975512645,7.740394186740993,1.857455703762692,0.5076647421859447,0.12542305395182166,4.29969040247678,2.795390926232888,4.142857142857143,3.240895148033058,0.9635245227123109,4.280961182994455,2.783398732326059,4.315304240934235,2.8139664980233854,1.008022277351218,0.3928,0.00957,0.0,0.0,0.0,0.0,0.0,0.0,0.0,0.0,0.0,0.0,0.09556042205853078,23.107704559028434,6.796735018913002,0.0,0.0,0.0,0.0,0.0,0.0,0.0,0.0,0.0,0.0,0.0,0.0,0.0,0.0,0.0,0.0,0.0,nan,nan,4.298677330052292,2.7985244778834057,nan,0.3928,0.05072,0.0,0.0,0.0,0.0,0.0,0.0,0.0,0.0,0.0,0.0,0.0,0.0,0.0,0.0,0.0,0.0,0.0,0.0,0.0,0.0,0.0,0.0,0.0,0.0003683057933505873,0.0002588094764085208,0.00028867210830181165,0.009854668524785984,0.00254827792156082,0.008192315349392793,0.011447342225761497,0.012651801712124228,0.026985865020903842,0.014692414891499105,0.05120445948636273,0.05935695799323114,0.04360939677483575,0.0669719291260203,0.05459884531156679,0.03606410511646426,0.08558630300617161,0.09193708938881147,0.07425841130798327,0.10203065896874378,0.0496615568385427,0.0349691419470436,0.05747561218395381,0.03977702568186343,0.024268365518614374,0.014563010153294843,0.005146326896277125,0.010601234322118257,0.0038124626717101332,0.006330877961377663,2.9862631893290862e-05,0.0004578936890304599,0.0,0.0,0.0,0.0,0.0,0.0,0.0,0.0,0.0,0.0,0.0,0.0,0.0,0.0,0.0,0.0,0.0,0.0,0.0,0.0,0.0,0.0,0.0,0.0,0.0,0.0,0.0,0.0,0.0,0.0,0.0,0.0,0.0,0.0,0.0,0.0,0.0,0.0,0.0,0.0,0.0,0.0,0.0,0.0,0.0,0.0,nan,nan,4.298677330052292,2.7985244778834057,nan,0.854087829867937,0.03489128652481081,0.0,0.0,0.0,0.0,0.0,0.0,0.0,0.0,0.0,0.0,0.0,0.0,0.0,0.0,0.0,0.0,0.0,0.0,0.0,0.0,0.034992223950233284,0.058320373250388816,0.19828926905132196,1.3297045101088607,5.575427682737171,12.783825816485228,7.709953343701401,1.632970451010887,0.5598755832037325,0.11664074650077763,0.854878891321748,0.035834272722033066,0.0,0.0,0.0,0.0,0.0,0.0,0.0,0.0,0.0,0.0,0.0,0.0,0.0,0.0,0.0,0.0,0.0,0.0,0.0,0.0,0.012239902080783356,0.06119951040391678,0.3671970624235007,1.358629130966948,5.189718482252143,12.558139534883724,7.772337821297431,2.0930232558139537,0.4528763769889842,0.13463892288861692,0.393,0.009575,0.0,0.0,0.0,0.0,0.0,0.0,0.0,0.0,0.0,0.0,0.13996889580093314,23.036547433903543,6.8234836702954915,0.0,0.0,0.0,0.0,0.0,0.0,0.0,0.0,0.0,0.0,0.0,0.0,0.0,0.0,0.0,0.0,0.0,0.3928,0.00955,0.0,0.0,0.0,0.0,0.0,0.0,0.0,0.0,0.0,0.0,0.048959608323133424,23.18237454100364,6.768665850673196,0.0,0.0,0.0,0.0,0.0,0.0,0.0,0.0,0.0,0.0,0.0,0.0,0.0,0.0,0.0,0.0,0.0
45100,4986,2562,0.5138387484957883,1233,986,0.44504612916165265,1382,0.5543521861211392,0.39799999999999996,2.9542079207920793,3.089954785628908,6.541007194244604,2.090947014444515,8373.724187725633,506.505885611052,7853.0,8866.4,8866.4,0.0,7853.0,0.0,28.22503008423586,21.005450347305533,33.19379474940334,19.230027227621285,0.13638186923385479,0.10148415563578018,0.08904933814681107,0.08764540713999197,0.07661452065784195,0.07741676694745286,0.06738868832731648,0.06819093461692739,0.05695948656237465,0.05756117127958283,0.04372242278379462,0.04191736863217008,0.03590052146008825,0.022663457681508223,0.016044925792218213,0.011833132771760931,0.009225832330525471,0.8555507795116388,0.033481952135892355,0.0,0.0,0.0,0.0,0.0,0.0,0.0,0.0,0.0,0.0,0.0,0.0,0.0,0.0,0.0,0.0,0.0,0.0,0.0,0.0,0.0,0.02406738868832732,0.14440433212996392,1.113116726835135,5.589651022864021,13.002406738868835,7.665463297232252,1.8652226233453675,0.44524669073405543,0.15042117930204574,4.323785803237858,2.9158637030376777,4.125,2.8912583765550943,0.9540250576036865,4.350031308703819,2.945904738214398,4.2969808995687,2.885668499729554,0.9878045914223714,0.3926,0.00981,0.0,0.0,0.0,0.0,0.0,0.0,0.0,0.0,0.0,0.0,0.13838748495788208,23.243080625752075,6.618531889290013,0.0,0.0,0.0,0.0,0.0,0.0,0.0,0.0,0.0,0.0,0.0,0.0,0.0,0.0,0.0,0.0,0.0,nan,nan,4.323291925465838,2.915819622346181,nan,0.3926,0.0506,0.0,0.0,0.0,0.0,0.0,0.0,0.0,0.0,0.0,0.0,0.0,0.0,0.0,0.0,0.0,0.0,0.0,0.0,0.0,0.0,0.0,0.0,0.0,0.00024067388688327315,0.0005214600882470919,0.00046129161652627357,0.0103088648215002,0.002547131969514641,0.007360609707180104,0.01219414360208584,0.012294424388287204,0.026103088648215002,0.015463297232250301,0.05324909747292419,0.060018050541516245,0.04273967107902126,0.06695748094665062,0.05423184917769755,0.03749498596068993,0.08455675892498997,0.09063377456879262,0.07583233052547132,0.10157440834336141,0.04796430004011232,0.03800641797031689,0.057821901323706376,0.03841756919374248,0.024799438427597274,0.013668271159245888,0.00424187725631769,0.010489370236662656,0.0034496590453269153,0.005976734857601283,2.0056157240272763e-05,0.00036101083032490973,0.0,0.0,0.0,0.0,0.0,0.0,0.0,0.0,0.0,0.0,0.0,0.0,0.0,0.0,0.0,0.0,0.0,0.0,0.0,0.0,0.0,0.0,0.0,0.0,0.0,0.0,0.0,0.0,0.0,0.0,0.0,0.0,0.0,0.0,0.0,0.0,0.0,0.0,0.0,0.0,0.0,0.0,0.0,0.0,0.0,0.0,nan,nan,4.323291925465838,2.915819622346181,nan,0.8551288400889374,0.03298616371005971,0.0,0.0,0.0,0.0,0.0,0.0,0.0,0.0,0.0,0.0,0.0,0.0,0.0,0.0,0.0,0.0,0.0,0.0,0.0,0.0,0.0,0.035128805620608904,0.15222482435597195,1.1475409836065538,5.351288056206091,13.407494145199067,7.552693208430915,1.8501170960187356,0.386416861826698,0.11709601873536302,0.8559967402381079,0.03399241522762438,0.0,0.0,0.0,0.0,0.0,0.0,0.0,0.0,0.0,0.0,0.0,0.0,0.0,0.0,0.0,0.0,0.0,0.0,0.0,0.0,0.0,0.012376237623762379,0.13613861386138615,1.0767326732673232,5.841584158415843,12.574257425742577,7.784653465346536,1.8811881188118815,0.5074257425742575,0.1856435643564357,0.3923,0.009766,0.0,0.0,0.0,0.0,0.0,0.0,0.0,0.0,0.0,0.0,0.09367681498829042,23.46604215456671,6.440281030444966,0.0,0.0,0.0,0.0,0.0,0.0,0.0,0.0,0.0,0.0,0.0,0.0,0.0,0.0,0.0,0.0,0.0,0.3926,0.00986,0.0,0.0,0.0,0.0,0.0,0.0,0.0,0.0,0.0,0.0,0.1856435643564357,23.007425742574224,6.806930693069308,0.0,0.0,0.0,0.0,0.0,0.0,0.0,0.0,0.0,0.0,0.0,0.0,0.0,0.0,0.0,0.0,0.0
45200,4867,2522,0.5181836860489007,1161,950,0.4337374152455311,1359,0.5584549003492911,0.40199999999999997,2.9684434968017057,3.0752928904327113,6.464544138929088,2.1166698756251097,8378.127347441956,506.3648120340248,7853.0,8866.4,8866.4,0.0,7853.0,0.0,28.396753647010478,21.126575930375942,33.28404384896468,19.391440562323396,0.13581261557427574,0.10232175878364495,0.09739058968563798,0.08177522087528251,0.07602219026094104,0.07335114033285392,0.06780357509759606,0.06163961372508732,0.05814670228066571,0.05424286007807685,0.05033901787548798,0.040887610437641254,0.03472364906513253,0.026915964659954796,0.021162934045613313,0.010478734333264845,0.00698582288884323,0.857098880369168,0.03381226325680717,0.0,0.0,0.0,0.0,0.0,0.0,0.0,0.0,0.0,0.0,0.0,0.0,0.0,0.0,0.0,0.0,0.0,0.0,0.0,0.0,0.0,0.024655845490034935,0.19108280254777074,1.1464968152866206,4.986644750359565,12.691596465995483,8.481610848572018,1.8923361413601811,0.4006574892130677,0.18491884117526203,4.302652604666028,2.8869388809033274,4.0,3.854496446637726,0.9296590655871648,4.247612985359644,2.8786930503884247,4.358056265984655,2.8995864079188247,1.0260012578842939,0.392,0.00995,0.0,0.0,0.0,0.0,0.0,0.0,0.0,0.0,0.0,0.0,0.20957468666529694,23.36757756318057,6.422847750154101,0.0,0.0,0.0,0.0,0.0,0.0,0.0,0.0,0.0,0.0,0.0,0.0,0.0,0.0,0.0,0.0,0.0,nan,nan,4.301977040816326,2.8894947248228364,nan,0.392,0.0511,0.0,0.0,0.0,0.0,0.0,0.0,0.0,0.0,0.0,0.0,0.0,0.0,0.0,0.0,0.0,0.0,0.0,0.0,0.0,0.0,1.027326895418122e-05,0.0,0.0,0.00023628518594616808,0.00044175056502979246,0.000749948633655229,0.011249229504828437,0.002465584549003493,0.007499486336552291,0.012564207930963633,0.012163550441750565,0.027963838093281283,0.014998972673104582,0.052332032052599134,0.06183480583521676,0.042716252311485514,0.06721799876720773,0.05634888021368399,0.03628518594616807,0.08615163344976372,0.08871995068830903,0.07530306143414835,0.09841791658105609,0.04547976166016026,0.03937743990137662,0.05646188617217999,0.03595644133963427,0.027347441956030408,0.014249024039449353,0.005280460242449147,0.009718512430655435,0.0030203410725292788,0.006913910006163961,8.218615163344976e-05,0.00044175056502979246,0.0,0.0,0.0,0.0,0.0,0.0,0.0,0.0,0.0,0.0,0.0,0.0,0.0,0.0,0.0,0.0,0.0,0.0,0.0,0.0,0.0,0.0,0.0,0.0,0.0,0.0,0.0,0.0,0.0,0.0,0.0,0.0,0.0,0.0,0.0,0.0,0.0,0.0,0.0,0.0,0.0,0.0,0.0,0.0,0.0,0.0,nan,nan,4.301977040816326,2.8894947248228364,nan,0.8574390359382418,0.034239317384421125,0.0,0.0,0.0,0.0,0.0,0.0,0.0,0.0,0.0,0.0,0.0,0.0,0.0,0.0,0.0,0.0,0.0,0.0,0.0,0.0,0.0,0.03568596352101507,0.23790642347343383,1.0467882632831054,4.912767644726409,12.44250594766059,8.838223632038066,1.8675654242664557,0.4282315622521809,0.19032513877874707,0.856733049944774,0.033342999215338606,0.0,0.0,0.0,0.0,0.0,0.0,0.0,0.0,0.0,0.0,0.0,0.0,0.0,0.0,0.0,0.0,0.0,0.0,0.0,0.0,0.0,0.012793176972281453,0.14072494669509597,1.2537313432835782,5.066098081023455,12.959488272921112,8.09808102345416,1.9189765458422179,0.3710021321961621,0.17910447761194034,0.392,0.01002,0.0,0.0,0.0,0.0,0.0,0.0,0.0,0.0,0.0,0.0,0.1665344964314037,23.314829500396478,6.518636003172087,0.0,0.0,0.0,0.0,0.0,0.0,0.0,0.0,0.0,0.0,0.0,0.0,0.0,0.0,0.0,0.0,0.0,0.392,0.00987,0.0,0.0,0.0,0.0,0.0,0.0,0.0,0.0,0.0,0.0,0.25586353944562906,23.4243070362473,6.319829424307038,0.0,0.0,0.0,0.0,0.0,0.0,0.0,0.0,0.0,0.0,0.0,0.0,0.0,0.0,0.0,0.0,0.0
45300,4869,2540,0.5216676935715753,1249,982,0.45820497021975765,1357,0.5574039843910454,0.38599999999999995,2.935165306998712,3.005305881956206,6.265602322206096,2.112371044504443,8381.658040665434,506.22399631994426,7853.0,8866.4,8866.399999999998,1.8189894035458565e-12,7853.0,0.0,29.10351201478743,21.192744886093784,34.09754317684262,19.265608716019226,0.13555144793592114,0.08892996508523311,0.08687615526802218,0.08872458410351201,0.07434791538303553,0.07332101047443007,0.07106181967549804,0.0698295337851715,0.06058738960772232,0.05052372150338879,0.051345245430273155,0.04579995892380365,0.03470938591086466,0.0306017662764428,0.017457383446292874,0.011090573012939002,0.009242144177449169,0.8576260484765751,0.034620859607156135,0.0,0.0,0.0,0.0,0.0,0.0,0.0,0.0,0.0,0.0,0.0,0.0,0.0,0.0,0.0,0.0,0.0,0.0,0.0,0.0,0.00616142945163278,0.0308071472581639,0.17252002464571786,1.0844115834873658,5.434380776340112,12.211953173136171,8.046826863832411,2.3536660505237217,0.4867529266789896,0.17252002464571786,4.060408921933085,2.8185095996186016,5.0,2.8284271247461903,1.2314030670634013,4.204826732673268,2.8844498539717143,3.919035846724351,2.7448562632691655,0.9320326605307654,0.3926,0.009766,0.0,0.0,0.0,0.0,0.0,0.0,0.0,0.0,0.0,0.0,0.17252002464571786,23.24091189155881,6.586568083795442,0.0,0.0,0.0,0.0,0.0,0.0,0.0,0.0,0.0,0.0,0.0,0.0,0.0,0.0,0.0,0.0,0.0,nan,nan,4.062442040185472,2.8188692257472274,nan,0.3926,0.05112,0.0,0.0,0.0,0.0,0.0,0.0,0.0,0.0,0.0,0.0,0.0,0.0,0.0,0.0,0.0,0.0,0.0,0.0,0.0,0.0,1.0269049086054631e-05,0.0,0.0,0.0001643047853768741,0.0004929143561306223,0.0005956048469911686,0.01195317313616759,0.0019613883754364347,0.007722324912713083,0.011942904087081535,0.011799137399876772,0.0271616348326145,0.015465187923598274,0.049794619018278904,0.06273362086670774,0.04263709180529883,0.06747792154446498,0.05439515300883138,0.03713288149517355,0.08684534812076401,0.08786198398028343,0.0769357157527213,0.10146847401930581,0.04323269665229,0.03665023618812898,0.058030396385294725,0.035417950297802425,0.03012939001848429,0.014643663996713904,0.00501129595399466,0.010505237215033887,0.0026596837132881494,0.006099815157116451,0.0003286095707537482,0.0006777572396796057,3.080714725816389e-05,3.080714725816389e-05,0.0,0.0,0.0,0.0,0.0,0.0,0.0,0.0,0.0,0.0,0.0,0.0,0.0,0.0,0.0,0.0,0.0,0.0,0.0,0.0,0.0,0.0,0.0,0.0,0.0,0.0,0.0,0.0,0.0,0.0,0.0,0.0,0.0,0.0,0.0,0.0,0.0,0.0,0.0,0.0,0.0,0.0,0.0,0.0,nan,nan,4.062442040185472,2.8188692257472274,nan,0.8581910689750055,0.0344488475453604,0.0,0.0,0.0,0.0,0.0,0.0,0.0,0.0,0.0,0.0,0.0,0.0,0.0,0.0,0.0,0.0,0.0,0.0,0.0,0.0,0.011811023622047247,0.023622047244094495,0.1299212598425197,1.086614173228343,5.314960629921261,12.023622047244098,8.385826771653544,2.3385826771653546,0.531496062992126,0.1535433070866142,0.8570098389162429,0.034797028927893894,0.0,0.0,0.0,0.0,0.0,0.0,0.0,0.0,0.0,0.0,0.0,0.0,0.0,0.0,0.0,0.0,0.0,0.0,0.0,0.0,0.0,0.03864319450407901,0.21897810218978106,1.0820094461142087,5.5646200085873785,12.417346500644056,7.67711464147703,2.3701159295835126,0.4379562043795621,0.19321597252039507,0.3926,0.00989,0.0,0.0,0.0,0.0,0.0,0.0,0.0,0.0,0.0,0.0,0.1771653543307087,23.114173228346424,6.708661417322836,0.0,0.0,0.0,0.0,0.0,0.0,0.0,0.0,0.0,0.0,0.0,0.0,0.0,0.0,0.0,0.0,0.0,0.3923,0.00963,0.0,0.0,0.0,0.0,0.0,0.0,0.0,0.0,0.0,0.0,0.16745384285100906,23.379132674967764,6.453413482181195,0.0,0.0,0.0,0.0,0.0,0.0,0.0,0.0,0.0,0.0,0.0,0.0,0.0,0.0,0.0,0.0,0.0
45400,4766,2419,0.5075535039865715,1144,996,0.44901384809064204,1339,0.5618967687788502,0.40599999999999997,2.9326800170430336,3.115950104608034,6.547140649149923,2.20870562576112,8367.354720939991,506.64217673554447,7853.0,8866.4,8866.4,0.0,7853.0,0.0,27.294376835921106,20.431969497044534,32.1735102653981,18.723529185606708,0.1399496433067562,0.10071338648762064,0.10113302559798573,0.08875367184221569,0.08120016785564414,0.07700377675199328,0.06651279899286613,0.060847671002937476,0.06189676877885019,0.054133445237096095,0.04553084347461183,0.037557700377675196,0.030214015946286196,0.026856903063365505,0.014477549307595467,0.008182962652119178,0.005035669324381032,0.8583421710780124,0.03572439518631162,0.0,0.0,0.0,0.0,0.0,0.0,0.0,0.0,0.0,0.0,0.0,0.0,0.0,0.0,0.0,0.0,0.0,0.0,0.0,0.0,0.006294586655476292,0.03147293327738146,0.27696181284095683,1.0826689047419185,5.104909777591272,11.86529584557281,8.510281158203947,2.335291649181704,0.5791019723038188,0.20772135963071764,4.259860788863109,2.898473712941171,3.6666666666666665,3.0731814857642963,0.8607480029048656,4.2135794330916285,2.8802512460537892,4.299077733860343,2.918775113173825,1.0202911330203597,0.3926,0.00952,0.0,0.0,0.0,0.0,0.0,0.0,0.0,0.0,0.0,0.0,0.08812421317666809,23.472513638271053,6.439362148552247,0.0,0.0,0.0,0.0,0.0,0.0,0.0,0.0,0.0,0.0,0.0,0.0,0.0,0.0,0.0,0.0,0.0,nan,nan,4.256342668863262,2.8998986179872586,nan,0.3926,0.05057,0.0,0.0,0.0,0.0,0.0,0.0,0.0,0.0,0.0,0.0,0.0,0.0,0.0,0.0,0.0,0.0,0.0,0.0,0.0,0.0,0.0,0.0,0.0,0.0001468736886277801,0.0005874947545111204,0.0006714225765841376,0.010742761225346202,0.0013638271086865296,0.007417121275702896,0.011865295845572808,0.009704154427192614,0.02997272345782627,0.016712127570289552,0.048573227024758706,0.0618233319345363,0.045048258497691986,0.06818086445656735,0.0516995383969786,0.03561686949223668,0.0879039026437264,0.08967687788501888,0.07719261435165757,0.1030109106168695,0.043317247167436006,0.03555392362568191,0.0585396558959295,0.03777801091061687,0.029867813680234997,0.014708350818296266,0.0044376835921107844,0.009515316827528326,0.0015631556861099454,0.005350398657154847,0.0008287872429710449,0.0006084767100293748,0.0,2.09819555182543e-05,0.0,0.0,0.0,0.0,0.0,0.0,0.0,0.0,0.0,0.0,0.0,0.0,0.0,0.0,0.0,0.0,0.0,0.0,0.0,0.0,0.0,0.0,0.0,0.0,0.0,0.0,0.0,0.0,0.0,0.0,0.0,0.0,0.0,0.0,0.0,0.0,0.0,0.0,0.0,0.0,0.0,0.0,0.0,0.0,nan,nan,4.256342668863262,2.8998986179872586,nan,0.8582469579255891,0.03599418360903178,0.0,0.0,0.0,0.0,0.0,0.0,0.0,0.0,0.0,0.0,0.0,0.0,0.0,0.0,0.0,0.0,0.0,0.0,0.0,0.0,0.012401818933443574,0.0496072757337743,0.2728400165357586,1.0665564282761437,4.985531211244316,11.980157089706493,8.458040512608518,2.3191401405539485,0.6324927656056223,0.22323274080198433,0.8584403051281666,0.03544391374954415,0.0,0.0,0.0,0.0,0.0,0.0,0.0,0.0,0.0,0.0,0.0,0.0,0.0,0.0,0.0,0.0,0.0,0.0,0.0,0.0,0.0,0.012782275244993611,0.28121005538985944,1.099275671069447,5.227950575202387,11.746910950149129,8.56412441414572,2.351938645078824,0.524073285044738,0.1917341286749042,0.3928,0.009636,0.0,0.0,0.0,0.0,0.0,0.0,0.0,0.0,0.0,0.0,0.0992145514675486,23.290615957006995,6.610169491525426,0.0,0.0,0.0,0.0,0.0,0.0,0.0,0.0,0.0,0.0,0.0,0.0,0.0,0.0,0.0,0.0,0.0,0.3926,0.0094,0.0,0.0,0.0,0.0,0.0,0.0,0.0,0.0,0.0,0.0,0.07669365146996167,23.659991478483136,6.2633148700468695,0.0,0.0,0.0,0.0,0.0,0.0,0.0,0.0,0.0,0.0,0.0,0.0,0.0,0.0,0.0,0.0,0.0
45500,5073,2595,0.511531638083974,1202,1064,0.4466784939877784,1475,0.5815099546619358,0.37799999999999995,2.95318805488297,3.058784424030279,6.507082152974505,2.1351186648047524,8371.3861620343,506.56522148377684,7853.0,8866.4,8866.399999999998,1.8189894035458565e-12,7853.0,0.0,27.96688350088705,20.840738379270753,32.825649426632346,19.114526113596263,0.1373940469150404,0.1017149615612064,0.09146461659767396,0.08555095604178987,0.08653656613443722,0.07845456337472896,0.06426177804060713,0.06623299822590184,0.0514488468361916,0.04849201655824956,0.0534200670214863,0.03863591563177607,0.03705893948354031,0.024640252316183716,0.017740981667652277,0.009264734870885078,0.00768775872264932,0.8579305569589338,0.03480494649166088,0.0,0.0,0.0,0.0,0.0,0.0,0.0,0.0,0.0,0.0,0.0,0.0,0.0,0.0,0.0,0.0,0.0,0.0,0.0,0.005913660555884093,0.005913660555884093,0.04139562389118866,0.15966883500887052,1.1649911295091626,4.861028976936725,12.477823772915437,8.385570668243645,2.105263157894737,0.626848018923714,0.16558249556475463,4.232956282482421,2.850203257634148,4.9,1.9209372712298547,1.157583417593529,4.233128834355829,2.8348630465340228,4.238787878787879,2.860802766734559,1.0013368467281512,0.392,0.00945,0.0,0.0,0.0,0.0,0.0,0.0,0.0,0.0,0.0,0.0,0.11235955056179778,23.873447664104045,6.0141927853341235,0.0,0.0,0.0,0.0,0.0,0.0,0.0,0.0,0.0,0.0,0.0,0.0,0.0,0.0,0.0,0.0,0.0,nan,nan,4.234989332520573,2.8480690788303016,nan,0.392,0.0505,0.0,0.0,0.0,0.0,0.0,0.0,0.0,0.0,0.0,0.0,0.0,0.0,0.0,0.0,0.0,0.0,0.0,0.0,0.0,0.0,0.0,0.0,0.0,7.88488074117879e-05,0.00043366844076483344,0.0008574807806031934,0.01175832840528287,0.0010940272028385572,0.007530061107825744,0.011896313818253498,0.009944805834811749,0.02775478020894934,0.01862803075103489,0.0511531638083974,0.06132465996451804,0.046313818253498916,0.0670609107037256,0.0503351074315001,0.03425980682042184,0.08873447664104081,0.0913759116893357,0.07778434851172876,0.10225704711216242,0.043741375911689334,0.03486102897693672,0.058348117484723044,0.03868519613640844,0.029223339246993888,0.013561994874827519,0.004257835600236547,0.008752217622708457,0.0014784151389710231,0.005273013995663316,0.0007786319731914055,0.0004632367435442539,0.0,0.0,0.0,0.0,0.0,0.0,0.0,0.0,0.0,0.0,0.0,0.0,0.0,0.0,0.0,0.0,0.0,0.0,0.0,0.0,0.0,0.0,0.0,0.0,0.0,0.0,0.0,0.0,0.0,0.0,0.0,0.0,0.0,0.0,0.0,0.0,0.0,0.0,0.0,0.0,0.0,0.0,0.0,0.0,0.0,0.0,nan,nan,4.234989332520573,2.8480690788303016,nan,0.8574471327381097,0.03474971819424099,0.0,0.0,0.0,0.0,0.0,0.0,0.0,0.0,0.0,0.0,0.0,0.0,0.0,0.0,0.0,0.0,0.0,0.0,0.0,0.0,0.0115606936416185,0.034682080924855495,0.1734104046242775,1.1213872832369907,4.994219653179192,12.786127167630061,8.000000000000002,2.0462427745664744,0.670520231213873,0.161849710982659,0.8584368062943004,0.03485550225356814,0.0,0.0,0.0,0.0,0.0,0.0,0.0,0.0,0.0,0.0,0.0,0.0,0.0,0.0,0.0,0.0,0.0,0.0,0.0,0.012106537530266347,0.0,0.04842615012106539,0.14527845036319614,1.2106537530266306,4.721549636803875,12.154963680387413,8.789346246973366,2.1670702179176757,0.5811138014527846,0.16949152542372886,0.392,0.00952,0.0,0.0,0.0,0.0,0.0,0.0,0.0,0.0,0.0,0.0,0.1271676300578035,23.849710982658927,6.023121387283238,0.0,0.0,0.0,0.0,0.0,0.0,0.0,0.0,0.0,0.0,0.0,0.0,0.0,0.0,0.0,0.0,0.0,0.3923,0.00937,0.0,0.0,0.0,0.0,0.0,0.0,0.0,0.0,0.0,0.0,0.09685230024213078,23.89830508474573,6.004842615012108,0.0,0.0,0.0,0.0,0.0,0.0,0.0,0.0,0.0,0.0,0.0,0.0,0.0,0.0,0.0,0.0,0.0
45600,4514,2374,0.5259193619849357,1104,885,0.4406291537439078,1273,0.5640230394328755,0.41,3.0574766355140186,3.1140269308549042,6.576619273301738,2.1153669176479544,8385.966681435535,506.01872637913704,7853.0,8866.4,8866.399999999998,1.8189894035458565e-12,7853.0,0.0,28.586840939299957,21.289408496318696,33.55576012624934,19.51868686655274,0.13735046521931768,0.10079751883030572,0.09060700044306602,0.08573327425786442,0.07842268498006202,0.07465662383695171,0.06047851129818343,0.05782011519716438,0.06424457244129375,0.05649091714665485,0.05073105892778024,0.03898980948161276,0.035002215330084185,0.03145768719539211,0.0179441736818786,0.00974745237040319,0.009525919361984936,0.8572898533394974,0.034944148401751814,0.0,0.0,0.0,0.0,0.0,0.0,0.0,0.0,0.0,0.0,0.0,0.0,0.0,0.0,0.0,0.0,0.0,0.0,0.0,0.0,0.0,0.059813912272928677,0.24590163934426235,1.2162162162162125,4.951262738147985,12.368187859991142,8.373947718210015,2.1200708905626944,0.5117412494461676,0.1528577758085955,4.315124615909867,2.9134634074939303,4.642857142857143,3.084688983098455,1.07594972477479,4.313096862210095,2.9522447976623476,4.320243737305349,2.876318067911808,1.0016570170630463,0.3923,0.00944,0.0,0.0,0.0,0.0,0.0,0.0,0.0,0.0,0.0,0.0,0.09304386353566683,23.96544085068672,5.941515285777583,0.0,0.0,0.0,0.0,0.0,0.0,0.0,0.0,0.0,0.0,0.0,0.0,0.0,0.0,0.0,0.0,0.0,nan,nan,4.316683656133198,2.914388994601298,nan,0.3923,0.0503,0.0,0.0,0.0,0.0,0.0,0.0,0.0,0.0,0.0,0.0,0.0,0.0,0.0,0.0,0.0,0.0,0.0,0.0,0.0,0.0,0.0,0.0,0.0,6.645990252547629e-05,0.0002879929109437306,0.0007199822773593266,0.011342490031014622,0.001085511741249446,0.006778910057598582,0.012505538325210456,0.010677891005759858,0.02622950819672131,0.020613646433318564,0.049523704031900755,0.06047851129818343,0.04684315463003988,0.06798848028356225,0.05007753655294639,0.03495790872840053,0.0861541869738591,0.09335400974745237,0.08081524147097918,0.0990363314133806,0.04671023482498892,0.03445945945945946,0.05790872840053168,0.03905626938413824,0.02968542312804608,0.01166371289322109,0.003821444395214887,0.009226849800620293,0.0019716437749224634,0.004906956136464333,0.0006867523260965884,0.0003433761630482942,0.0,0.0,0.0,0.0,0.0,2.2153300841825433e-05,0.0,0.0,0.0,0.0,0.0,0.0,0.0,0.0,0.0,0.0,0.0,0.0,0.0,0.0,0.0,0.0,0.0,0.0,0.0,0.0,0.0,0.0,0.0,0.0,0.0,0.0,0.0,0.0,0.0,0.0,0.0,0.0,0.0,0.0,0.0,0.0,0.0,0.0,0.0,0.0,nan,nan,4.316683656133198,2.914388994601298,nan,0.8572734915969145,0.03493018371261403,0.0,0.0,0.0,0.0,0.0,0.0,0.0,0.0,0.0,0.0,0.0,0.0,0.0,0.0,0.0,0.0,0.0,0.0,0.0,0.0,0.0,0.05054759898904803,0.22746419545071614,1.2636899747261965,5.130581297388375,12.156697556866051,8.454085930918282,2.0092670598146594,0.5560235888795283,0.15164279696714408,0.8573080041698207,0.034959624585055825,0.0,0.0,0.0,0.0,0.0,0.0,0.0,0.0,0.0,0.0,0.0,0.0,0.0,0.0,0.0,0.0,0.0,0.0,0.0,0.0,0.0,0.07009345794392524,0.2663551401869159,1.1635514018691553,4.752336448598132,12.60280373831776,8.285046728971965,2.2429906542056077,0.46261682242990665,0.15420560747663553,0.3923,0.00943,0.0,0.0,0.0,0.0,0.0,0.0,0.0,0.0,0.0,0.0,0.10109519797809606,23.883740522325155,6.015164279696716,0.0,0.0,0.0,0.0,0.0,0.0,0.0,0.0,0.0,0.0,0.0,0.0,0.0,0.0,0.0,0.0,0.0,0.392,0.009445,0.0,0.0,0.0,0.0,0.0,0.0,0.0,0.0,0.0,0.0,0.08411214953271029,24.056074766355106,5.859813084112151,0.0,0.0,0.0,0.0,0.0,0.0,0.0,0.0,0.0,0.0,0.0,0.0,0.0,0.0,0.0,0.0,0.0
45700,4463,2309,0.5173650011203227,1106,917,0.45328254537306745,1244,0.5574725520950033,0.40199999999999997,2.958681522748375,3.1035459588692498,6.514237855946399,2.1745940448753793,8377.297692135333,506.3943238539605,7853.0,8866.4,8866.400000000001,1.8189894035458565e-12,7853.0,0.0,27.859063410262156,20.695049859901257,32.8509898341359,18.90307853498869,0.1404884606766749,0.10082903876316379,0.08872955411158413,0.08828142505041452,0.079542908357607,0.07797445664351334,0.06520277840017925,0.07237284337889312,0.057808648890880575,0.050414519381581896,0.0452610351781313,0.04100380909701994,0.0318171633430428,0.027111808200761818,0.017925162446784673,0.010979161998655613,0.00425722608111136,0.8566495949127416,0.03492971194003956,0.0,0.0,0.0,0.0,0.0,0.0,0.0,0.0,0.0,0.0,0.0,0.0,0.0,0.0,0.0,0.0,0.0,0.0,0.0,0.0,0.04705355142280978,0.06049742325789829,0.18149226977369487,1.0351781313018116,5.189334528344164,12.845619538427071,7.925162446784675,2.11740981402644,0.45036970647546504,0.14788259018597358,4.2185868430212325,2.9329867421418334,3.85,2.987892233665733,0.9126278877887788,4.244428969359332,2.8892275947970627,4.18956043956044,2.9767507221350726,0.9870728123394243,0.3923,0.00967,0.0,0.0,0.0,0.0,0.0,0.0,0.0,0.0,0.0,0.0,0.14788259018597358,23.701546045261004,6.1505713645529925,0.0,0.0,0.0,0.0,0.0,0.0,0.0,0.0,0.0,0.0,0.0,0.0,0.0,0.0,0.0,0.0,0.0,nan,nan,4.216038714137573,2.933528823740777,nan,0.3923,0.05045,0.0,0.0,0.0,0.0,0.0,0.0,0.0,0.0,0.0,0.0,0.0,0.0,0.0,0.0,0.0,0.0,0.0,0.0,0.0,0.0,0.0,0.0,2.2406453058480843e-05,5.601613264620211e-05,0.00016804839793860632,0.0004817387407573381,0.011539323325117633,0.0011763387855702441,0.00846963925610576,0.011684965269997759,0.009903652251848532,0.027313466278288148,0.02078198521174098,0.050896258122339236,0.05973560385390993,0.04551870938830383,0.06633430427963254,0.05020165807752633,0.033318395697961016,0.08415863768765404,0.09837553215326014,0.0814586600941071,0.09634774815146763,0.04787138695944432,0.037844499215774145,0.05387631637911718,0.03771006049742326,0.031032937485995966,0.012547613712749272,0.003036074389424154,0.010295765180371947,0.00238628725072821,0.004089177683172754,0.0006497871386959445,0.000717006497871387,0.0,0.0,0.0,0.0,0.0,0.0,0.0,0.0,0.0,0.0,0.0,0.0,0.0,0.0,0.0,0.0,0.0,0.0,0.0,0.0,0.0,0.0,0.0,0.0,0.0,0.0,0.0,0.0,0.0,0.0,0.0,0.0,0.0,0.0,0.0,0.0,0.0,0.0,0.0,0.0,0.0,0.0,0.0,0.0,0.0,0.0,nan,nan,4.216038714137573,2.933528823740777,nan,0.8567463687200368,0.03490306401857133,0.0,0.0,0.0,0.0,0.0,0.0,0.0,0.0,0.0,0.0,0.0,0.0,0.0,0.0,0.0,0.0,0.0,0.0,0.0,0.0,0.064963187527068,0.038977912516240804,0.19488956258120405,0.9874404504114304,5.0671286271113045,13.005630142919015,7.977479428323951,2.0398440883499354,0.48072758770030327,0.1429190125595496,0.8565458573449399,0.03495795735788353,0.0,0.0,0.0,0.0,0.0,0.0,0.0,0.0,0.0,0.0,0.0,0.0,0.0,0.0,0.0,0.0,0.0,0.0,0.0,0.0,0.027855153203342625,0.08356545961002787,0.16713091922005574,1.0863509749303588,5.320334261838441,12.674094707520895,7.869080779944292,2.2005571030640674,0.4178272980501394,0.15320334261838442,0.3923,0.00987,0.0,0.0,0.0,0.0,0.0,0.0,0.0,0.0,0.0,0.0,0.22087483759203122,23.321784322217376,6.45734084019056,0.0,0.0,0.0,0.0,0.0,0.0,0.0,0.0,0.0,0.0,0.0,0.0,0.0,0.0,0.0,0.0,0.0,0.392,0.009445,0.0,0.0,0.0,0.0,0.0,0.0,0.0,0.0,0.0,0.0,0.06963788300835656,24.108635097493003,5.821727019498609,0.0,0.0,0.0,0.0,0.0,0.0,0.0,0.0,0.0,0.0,0.0,0.0,0.0,0.0,0.0,0.0,0.0
45800,4291,2244,0.5229550221393614,1040,858,0.44232113726404104,1178,0.5490561640643207,0.414,2.9975574010747437,3.1373841305630754,6.65034965034965,2.1637792025031555,8382.96261943603,506.1657243798461,7853.0,8866.4,8866.400000000001,1.8189894035458565e-12,7853.0,0.0,27.997436494989515,20.851926447897917,32.913573407202215,19.078254324276784,0.1412258214868329,0.10044278722908413,0.09531577720810999,0.08366348170589606,0.06968072710323933,0.0766721044045677,0.07434164530412492,0.06595199254253088,0.05686320205080401,0.05406665113027266,0.044977860638545794,0.04567699836867863,0.03076206012584479,0.024236774644604987,0.01980890235376369,0.010487065951992542,0.005826147751106968,0.855645932578396,0.034303123129877135,0.0,0.0,0.0,0.0,0.0,0.0,0.0,0.0,0.0,0.0,0.0,0.0,0.0,0.0,0.0,0.0,0.0,0.0,0.0,0.0,0.0,0.027965509205313453,0.23770682824516434,1.2234910277324595,5.558144954556048,12.318806804940577,7.9212304824050355,2.1463528315078073,0.4544395245863436,0.11186203682125381,4.326880934989043,2.908291562282492,4.0,2.0,0.9244534481303285,4.350036310820625,2.942104446700925,4.299707602339181,2.869368357026469,0.9884302785343994,0.3926,0.009415,0.0,0.0,0.0,0.0,0.0,0.0,0.0,0.0,0.0,0.0,0.10487065951992545,23.42111395944998,6.474015381030065,0.0,0.0,0.0,0.0,0.0,0.0,0.0,0.0,0.0,0.0,0.0,0.0,0.0,0.0,0.0,0.0,0.0,nan,nan,4.3259286234522945,2.9061111666443855,nan,0.3926,0.0504,0.0,0.0,0.0,0.0,0.0,0.0,0.0,0.0,0.0,0.0,0.0,0.0,0.0,0.0,0.0,0.0,0.0,0.0,0.0,0.0,0.0,2.330459100442787e-05,0.0,4.660918200885574e-05,0.00010487065951992542,0.0006641808436261944,0.011162899091120951,0.0008389652761594034,0.009205313446749009,0.011815427639244931,0.009613143789326498,0.026776975064087626,0.019063155441622,0.04564204148217199,0.06146585877417851,0.04650431134933582,0.06877184805406665,0.0518410626893498,0.03288277790724773,0.08438592402703332,0.09829876485667677,0.08119319505942671,0.09533908179911442,0.049755301794453505,0.03930319272896761,0.05166627825681659,0.035539501281752504,0.032346772314145886,0.012852481938941972,0.0022838499184339315,0.01231647634584013,0.0026450710790025633,0.004311349335819156,0.00046609182008855747,0.0008739221626660452,0.0,0.0,0.0,0.0,0.0,0.0,0.0,0.0,0.0,0.0,0.0,0.0,0.0,0.0,0.0,0.0,0.0,0.0,0.0,0.0,0.0,0.0,0.0,0.0,0.0,0.0,0.0,0.0,0.0,0.0,0.0,0.0,0.0,0.0,0.0,0.0,0.0,0.0,0.0,0.0,0.0,0.0,0.0,0.0,0.0,0.0,nan,nan,4.3259286234522945,2.9061111666443855,nan,0.8558782812958308,0.03505868602245804,0.0,0.0,0.0,0.0,0.0,0.0,0.0,0.0,0.0,0.0,0.0,0.0,0.0,0.0,0.0,0.0,0.0,0.0,0.0,0.0,0.0,0.02673796791443851,0.28074866310160435,1.2299465240641674,5.574866310160429,12.072192513368988,7.981283422459895,2.1791443850267385,0.5347593582887702,0.12032085561497328,0.8553912229926981,0.033453391502988254,0.0,0.0,0.0,0.0,0.0,0.0,0.0,0.0,0.0,0.0,0.0,0.0,0.0,0.0,0.0,0.0,0.0,0.0,0.0,0.0,0.0,0.02931118710307768,0.19052271617000494,1.2164142647777196,5.539814362481682,12.589154860771865,7.855398143624819,2.110405471421593,0.366389838788471,0.10258915486077189,0.3926,0.00935,0.0,0.0,0.0,0.0,0.0,0.0,0.0,0.0,0.0,0.0,0.09358288770053479,23.51604278074863,6.390374331550804,0.0,0.0,0.0,0.0,0.0,0.0,0.0,0.0,0.0,0.0,0.0,0.0,0.0,0.0,0.0,0.0,0.0,0.3926,0.009476,0.0,0.0,0.0,0.0,0.0,0.0,0.0,0.0,0.0,0.0,0.11724474841231072,23.317049340498258,6.565705911089401,0.0,0.0,0.0,0.0,0.0,0.0,0.0,0.0,0.0,0.0,0.0,0.0,0.0,0.0,0.0,0.0,0.0
45900,4377,2213,0.5055974411697509,1002,938,0.44322595384966873,1254,0.572995202193283,0.40599999999999997,2.897874306839187,3.040426189678866,6.380398671096345,2.15430061429282,8365.372446881427,506.66824781742264,7853.0,8866.4,8866.4,0.0,7853.0,0.0,27.88165410098241,20.869125006325902,32.8898281974366,19.094939489206883,0.14256339958875944,0.10006854009595613,0.08955905871601554,0.08727438885081105,0.08361891706648389,0.07059629883481837,0.0721955677404615,0.06602695910440941,0.05277587388622344,0.05757368060315284,0.04432259538496687,0.035869316883710305,0.037011651816312545,0.027644505368974184,0.013936486177747315,0.011880283299063285,0.007082476582133882,0.8539116868342007,0.033402963952941137,0.0,0.0,0.0,0.0,0.0,0.0,0.0,0.0,0.0,0.0,0.0,0.0,0.0,0.0,0.0,0.0,0.0,0.0,0.0,0.0,0.0,0.04797806716929405,0.2124742974640165,1.261137765592868,5.80534612748458,12.878684030157645,7.518848526387939,1.8231665524331737,0.3495544893762852,0.10281014393420153,4.351891506067095,2.8871861788003246,4.875,2.8476964374736293,1.1202025586353945,4.320594479830149,2.860494355029751,4.386819484240688,2.914630307090921,1.0153277528635694,0.3923,0.00971,0.0,0.0,0.0,0.0,0.0,0.0,0.0,0.0,0.0,0.0,0.1165181631254284,23.57779300891018,6.305688827964361,0.0,0.0,0.0,0.0,0.0,0.0,0.0,0.0,0.0,0.0,0.0,0.0,0.0,0.0,0.0,0.0,0.0,nan,nan,4.3533807829181494,2.887209052838198,nan,0.3923,0.05048,0.0,0.0,0.0,0.0,0.0,0.0,0.0,0.0,0.0,0.0,0.0,0.0,0.0,0.0,0.0,0.0,0.0,0.0,0.0,0.0,0.0,9.138679460817912e-05,0.0,0.0,0.0001142334932602239,0.0006511309115832762,0.011114918894219785,0.0007996344528215673,0.009401416495316426,0.01218871373086589,0.009492803289924606,0.02934658441855152,0.018722869545350698,0.044848069453963905,0.06264564770390678,0.04706419922321225,0.066838016906557,0.05191912268677176,0.0341329677861549,0.08506968243088874,0.09503084304318025,0.08263650902444597,0.09616175462645647,0.051530728809687,0.03757139593328764,0.05198766278272789,0.033127713045464934,0.03235092529129541,0.01209732693625771,0.0020904729266620972,0.01266849440255883,0.0025359835503769705,0.00411240575736806,0.0005368974183230524,0.001085218185972127,3.4270047978067166e-05,0.0,0.0,0.0,0.0,0.0,0.0,0.0,0.0,0.0,0.0,0.0,0.0,0.0,0.0,0.0,0.0,0.0,0.0,0.0,0.0,0.0,0.0,0.0,0.0,0.0,0.0,0.0,0.0,0.0,0.0,0.0,0.0,0.0,0.0,0.0,0.0,0.0,0.0,0.0,0.0,0.0,0.0,0.0,0.0,0.0,nan,nan,4.3533807829181494,2.887209052838198,nan,0.8541661368685506,0.034174556443383845,0.0,0.0,0.0,0.0,0.0,0.0,0.0,0.0,0.0,0.0,0.0,0.0,0.0,0.0,0.0,0.0,0.0,0.0,0.0,0.0,0.0,0.040668775417984644,0.27112516945323095,1.2742882964301814,5.693628558517851,13.068233167645733,7.157704473565298,1.9385449615906014,0.43380027112516956,0.12200632625395394,0.8536514752232874,0.032592960914553444,0.0,0.0,0.0,0.0,0.0,0.0,0.0,0.0,0.0,0.0,0.0,0.0,0.0,0.0,0.0,0.0,0.0,0.0,0.0,0.0,0.0,0.055452865064695024,0.1524953789279113,1.247689463955634,5.919593345656194,12.684842883548987,7.888170055452867,1.705175600739372,0.26340110905730135,0.08317929759704253,0.392,0.00978,0.0,0.0,0.0,0.0,0.0,0.0,0.0,0.0,0.0,0.0,0.149118843199277,23.479439674649765,6.371441482150928,0.0,0.0,0.0,0.0,0.0,0.0,0.0,0.0,0.0,0.0,0.0,0.0,0.0,0.0,0.0,0.0,0.0,0.3923,0.00964,0.0,0.0,0.0,0.0,0.0,0.0,0.0,0.0,0.0,0.0,0.08317929759704253,23.678373382624734,6.2384473197781904,0.0,0.0,0.0,0.0,0.0,0.0,0.0,0.0,0.0,0.0,0.0,0.0,0.0,0.0,0.0,0.0,0.0
46000,4392,2301,0.5239071038251366,1076,890,0.447632058287796,1237,0.5632969034608379,0.414,2.952654232424677,3.101372921403294,6.66376306620209,2.196015663431523,8383.927459016393,506.1204601965907,7853.0,8866.4,8866.4,0.0,7853.0,0.0,28.058970856102004,20.966588731145762,32.912479740680716,19.261596193154723,0.1384335154826958,0.09904371584699453,0.0965391621129326,0.08492714025500911,0.07991803278688525,0.07604735883424409,0.07012750455373407,0.06238615664845173,0.05396174863387978,0.056010928961748634,0.04644808743169399,0.039162112932604735,0.03210382513661202,0.02686703096539162,0.020947176684881604,0.009335154826958106,0.007741347905282332,0.8538435056045625,0.03486553457831303,0.0,0.0,0.0,0.0,0.0,0.0,0.0,0.0,0.0,0.0,0.0,0.0,0.0,0.0,0.0,0.0,0.0,0.0,0.0,0.0,0.027322404371584706,0.047814207650273235,0.18442622950819676,1.4549180327868807,5.86065573770492,12.472677595628419,7.506830601092898,1.9193989071038255,0.40300546448087443,0.12295081967213117,4.193536931818182,2.8780568218259295,4.5,2.921594476602509,1.0730798543483784,4.141143260409315,2.8341315400652234,4.249115357395612,2.921030874341844,1.0260730166035419,0.3926,0.00944,0.0,0.0,0.0,0.0,0.0,0.0,0.0,0.0,0.0,0.0,0.1366120218579235,23.326502732240403,6.536885245901641,0.0,0.0,0.0,0.0,0.0,0.0,0.0,0.0,0.0,0.0,0.0,0.0,0.0,0.0,0.0,0.0,0.0,nan,nan,4.195053003533569,2.878354134517223,nan,0.3926,0.05063,0.0,0.0,0.0,0.0,0.0,0.0,0.0,0.0,0.0,0.0,0.0,0.0,0.0,0.0,0.0,0.0,0.0,0.0,0.0,0.0,0.0,0.0,0.0,0.0,0.00014799635701275046,0.0007172131147540983,0.011350182149362478,0.0006261384335154827,0.009005009107468124,0.012556921675774135,0.008697632058287797,0.029690346083788708,0.018169398907103826,0.04408014571948998,0.06501593806921675,0.046152094717668485,0.06584699453551912,0.050398451730418944,0.03229735883424408,0.08776183970856102,0.0941712204007286,0.08624772313296904,0.09472905282331512,0.047893897996357016,0.03781876138433515,0.05440573770491803,0.03318533697632058,0.032650273224043715,0.01197632058287796,0.0017759562841530056,0.01362704918032787,0.0028346994535519126,0.004474043715846994,0.0005236794171220401,0.001127049180327869,2.2768670309653916e-05,2.2768670309653916e-05,0.0,0.0,0.0,0.0,0.0,0.0,0.0,0.0,0.0,0.0,0.0,0.0,0.0,0.0,0.0,0.0,0.0,0.0,0.0,0.0,0.0,0.0,0.0,0.0,0.0,0.0,0.0,0.0,0.0,0.0,0.0,0.0,0.0,0.0,0.0,0.0,0.0,0.0,0.0,0.0,0.0,0.0,0.0,0.0,nan,nan,4.195053003533569,2.878354134517223,nan,0.8542044281130612,0.0352866881518361,0.0,0.0,0.0,0.0,0.0,0.0,0.0,0.0,0.0,0.0,0.0,0.0,0.0,0.0,0.0,0.0,0.0,0.0,0.0,0.0,0.026075619295958283,0.05215123859191657,0.19556714471968714,1.5254237288135546,5.658409387222948,12.581486310299873,7.353324641460237,2.0599739243807043,0.4041720990873534,0.14341590612777055,0.8534463354983665,0.034391748253067005,0.0,0.0,0.0,0.0,0.0,0.0,0.0,0.0,0.0,0.0,0.0,0.0,0.0,0.0,0.0,0.0,0.0,0.0,0.0,0.0,0.02869440459110474,0.04304160688665711,0.17216642754662845,1.377331420373023,6.083213773314205,12.352941176470592,7.675753228120518,1.7647058823529416,0.4017216642754664,0.1004304160688666,0.3926,0.00948,0.0,0.0,0.0,0.0,0.0,0.0,0.0,0.0,0.0,0.0,0.11734028683181227,23.27249022164273,6.610169491525426,0.0,0.0,0.0,0.0,0.0,0.0,0.0,0.0,0.0,0.0,0.0,0.0,0.0,0.0,0.0,0.0,0.0,0.3928,0.00939,0.0,0.0,0.0,0.0,0.0,0.0,0.0,0.0,0.0,0.0,0.15781922525107606,23.385939741750324,6.456241032998567,0.0,0.0,0.0,0.0,0.0,0.0,0.0,0.0,0.0,0.0,0.0,0.0,0.0,0.0,0.0,0.0,0.0
46100,4603,2346,0.5096676080816859,1092,938,0.44101672822072563,1319,0.5731044970671302,0.41,2.9787328311918477,3.034506846500907,6.410687022900763,2.088326402071123,8369.497154029981,506.60527610054817,7853.0,8866.4,8866.4,0.0,7853.0,0.0,28.07277862263741,20.86725275375036,32.96308724832215,19.12501140653464,0.13621551162285467,0.1027590701716272,0.09472083423854008,0.07690636541386052,0.08516185096676081,0.07625461655442103,0.07473386921572887,0.060612643927873126,0.05713665001086248,0.052357158374972845,0.044536172061698895,0.03845318270693026,0.03932218118618292,0.027156202476645665,0.018031718444492723,0.00934173365196611,0.006300238974581794,0.8526029885138944,0.03377972880988153,0.0,0.0,0.0,0.0,0.0,0.0,0.0,0.0,0.0,0.0,0.0,0.0,0.0,0.0,0.0,0.0,0.0,0.0,0.0,0.0,0.0,0.05213990875515969,0.31283945253095813,1.2709102759070132,5.943949598088205,13.041494677384318,7.306104714316752,1.6033021942211605,0.3584618726917229,0.11079730610471435,4.317229729729729,2.796663147044181,4.764705882352941,2.818623188402574,1.103648909285915,4.29415715245131,2.791760779866154,4.344317417619368,2.802596245924913,1.0116810501775475,0.3923,0.00976,0.0,0.0,0.0,0.0,0.0,0.0,0.0,0.0,0.0,0.0,0.16293721485987403,23.391266565283477,6.445796219856617,0.0,0.0,0.0,0.0,0.0,0.0,0.0,0.0,0.0,0.0,0.0,0.0,0.0,0.0,0.0,0.0,0.0,nan,nan,4.319785018474975,2.796992281981816,nan,0.3923,0.05093,0.0,0.0,0.0,0.0,0.0,0.0,0.0,0.0,0.0,0.0,0.0,0.0,0.0,0.0,0.0,0.0,0.0,0.0,0.0,0.0,0.0,0.0,0.0,0.0,1.0862480990658266e-05,0.001227460351944384,0.012600477949163589,0.0007929611123180534,0.009732782967629807,0.01390397566804258,0.009526395828807299,0.02731913969150554,0.018325005431240497,0.04378666087334347,0.06100369324353682,0.04778405387790571,0.0668694329784923,0.05430154247230067,0.0337062785140126,0.08611774929393874,0.09403649793612862,0.08582446230719096,0.08787747121442538,0.05002172496198132,0.035694112535303066,0.05670215077123615,0.03448837714534,0.03328264175537693,0.010971105800564849,0.001987834021290463,0.013252226808603084,0.0032804692591787963,0.004399304801216598,0.0005974364544862047,0.0005648490115142299,0.0,1.0862480990658266e-05,0.0,0.0,0.0,0.0,0.0,0.0,0.0,0.0,0.0,0.0,0.0,0.0,0.0,0.0,0.0,0.0,0.0,0.0,0.0,0.0,0.0,0.0,0.0,0.0,0.0,0.0,0.0,0.0,0.0,0.0,0.0,0.0,0.0,0.0,0.0,0.0,0.0,0.0,0.0,0.0,0.0,0.0,0.0,0.0,nan,nan,4.319785018474975,2.796992281981816,nan,0.8532897397837675,0.03359443337797986,0.0,0.0,0.0,0.0,0.0,0.0,0.0,0.0,0.0,0.0,0.0,0.0,0.0,0.0,0.0,0.0,0.0,0.0,0.0,0.0,0.0,0.012787723785166244,0.30690537084398983,1.1764705882352904,5.984654731457802,13.043478260869568,7.327365728900257,1.6496163682864453,0.3708439897698211,0.12787723785166244,0.8518891566666977,0.033956541447025104,0.0,0.0,0.0,0.0,0.0,0.0,0.0,0.0,0.0,0.0,0.0,0.0,0.0,0.0,0.0,0.0,0.0,0.0,0.0,0.0,0.0,0.09304386353566683,0.3190075321222863,1.3690739920248074,5.901639344262296,13.039432875498452,7.284005316792204,1.5551617190961458,0.34559149313247683,0.09304386353566683,0.392,0.00974,0.0,0.0,0.0,0.0,0.0,0.0,0.0,0.0,0.0,0.0,0.19181585677749366,23.363171355498686,6.445012787723787,0.0,0.0,0.0,0.0,0.0,0.0,0.0,0.0,0.0,0.0,0.0,0.0,0.0,0.0,0.0,0.0,0.0,0.3923,0.00977,0.0,0.0,0.0,0.0,0.0,0.0,0.0,0.0,0.0,0.0,0.1329198050509526,23.420469649977814,6.446610544971202,0.0,0.0,0.0,0.0,0.0,0.0,0.0,0.0,0.0,0.0,0.0,0.0,0.0,0.0,0.0,0.0,0.0
46200,4759,2436,0.5118722420676612,1139,1008,0.4511451985711284,1404,0.5900399243538559,0.38199999999999995,2.978476108480413,2.9785373602604865,6.330459770114943,1.9985606361073083,8371.731330111368,506.5571409976876,7853.0,8866.4,8866.4,0.0,7853.0,0.0,28.351964698466066,20.878114444834456,33.378033525143856,18.99074601382205,0.1418365202773692,0.09308678293759193,0.08909434755200672,0.08300063038453456,0.07816768228619458,0.08026896406808152,0.06682076066400504,0.064089094347552,0.06387896616936331,0.05505358268543812,0.04895986551796596,0.038033200252153815,0.03698255936121034,0.02710653498634167,0.017860895146039085,0.008825383483925194,0.006934229880226938,0.8519122214045788,0.033446623870880536,0.0,0.0,0.0,0.0,0.0,0.0,0.0,0.0,0.0,0.0,0.0,0.0,0.0,0.0,0.0,0.0,0.0,0.0,0.0,0.0,0.0,0.05673460811094769,0.2773691952090776,1.2796806051691492,6.146249212019334,13.320025215381385,6.789241437276741,1.7713805421307,0.27106534986341674,0.08825383483925196,4.268134715025907,2.7710560158523965,3.789473684210526,2.4404259198672906,0.8878524079546362,4.269670050761421,2.834969071670164,4.260613977792293,2.7002449296048825,0.9978789759251974,0.3916,0.00968,0.0,0.0,0.0,0.0,0.0,0.0,0.0,0.0,0.0,0.0,0.14498844295019964,23.910485396091584,5.944526160958186,0.0,0.0,0.0,0.0,0.0,0.0,0.0,0.0,0.0,0.0,0.0,0.0,0.0,0.0,0.0,0.0,0.0,nan,nan,4.265207595751529,2.7694055314196206,nan,0.3916,0.05127,0.0,0.0,0.0,0.0,0.0,0.0,0.0,0.0,0.0,0.0,0.0,0.0,0.0,0.0,0.0,0.0,0.0,0.0,0.0,0.0,0.0,0.0,0.0,5.2532044547173775e-05,0.0,0.0015444421096869091,0.012975415003151922,0.0006724101702038244,0.00943475520067241,0.015980247951250262,0.009623870561042237,0.029764656440428663,0.01862786299642782,0.042393359949569234,0.060916158856902713,0.04818239125866779,0.0649926455137634,0.0549275057785249,0.033116200882538346,0.08828535406598025,0.0950724942214751,0.08520697625551586,0.08683546963647826,0.05028367304055474,0.03317923933599496,0.054223576381592774,0.03565875183862156,0.03316873292708552,0.010275267913427191,0.0016915318344189955,0.013406177768438748,0.004023954612313511,0.004044967430132381,0.000472788400924564,0.0009665896196679975,0.0,0.0,0.0,0.0,0.0,0.0,0.0,0.0,0.0,0.0,0.0,0.0,0.0,0.0,0.0,0.0,0.0,0.0,0.0,0.0,0.0,0.0,0.0,0.0,0.0,0.0,0.0,0.0,0.0,0.0,0.0,0.0,0.0,0.0,0.0,0.0,0.0,0.0,0.0,0.0,0.0,0.0,0.0,0.0,0.0,0.0,nan,nan,4.265207595751529,2.7694055314196206,nan,0.8521990224058404,0.033462583719057463,0.0,0.0,0.0,0.0,0.0,0.0,0.0,0.0,0.0,0.0,0.0,0.0,0.0,0.0,0.0,0.0,0.0,0.0,0.0,0.0,0.0,0.07389162561576355,0.24630541871921188,1.3423645320197004,6.108374384236455,13.140394088669954,6.958128078817736,1.7733990147783254,0.27093596059113306,0.08620689655172416,0.8516114692568933,0.033427236420005946,0.0,0.0,0.0,0.0,0.0,0.0,0.0,0.0,0.0,0.0,0.0,0.0,0.0,0.0,0.0,0.0,0.0,0.0,0.0,0.0,0.0,0.03874300473525614,0.3099440378820491,1.2139474817046885,6.185966422729231,13.508394317692641,6.612139474817049,1.7692638829100304,0.271201033146793,0.09040034438226434,0.3916,0.0098,0.0,0.0,0.0,0.0,0.0,0.0,0.0,0.0,0.0,0.0,0.13546798029556653,23.91625615763543,5.948275862068967,0.0,0.0,0.0,0.0,0.0,0.0,0.0,0.0,0.0,0.0,0.0,0.0,0.0,0.0,0.0,0.0,0.0,0.3918,0.00955,0.0,0.0,0.0,0.0,0.0,0.0,0.0,0.0,0.0,0.0,0.15497201894102455,23.904433921653002,5.940594059405942,0.0,0.0,0.0,0.0,0.0,0.0,0.0,0.0,0.0,0.0,0.0,0.0,0.0,0.0,0.0,0.0,0.0
46300,4370,2270,0.5194508009153318,1081,864,0.4450800915331808,1217,0.556979405034325,0.414,3.01,3.0549561605458666,6.337519623233909,2.0680849410501225,8379.411441647597,506.3164515085138,7853.0,8866.4,8866.4,0.0,7853.0,0.0,28.449656750572082,20.842832507368925,33.27848443843031,19.03302762565321,0.13546910755148742,0.0954233409610984,0.09130434782608696,0.09038901601830664,0.07871853546910755,0.07231121281464531,0.06178489702517163,0.06613272311212814,0.06796338672768878,0.05217391304347826,0.0437070938215103,0.04874141876430206,0.03775743707093822,0.02471395881006865,0.017391304347826087,0.010755148741418764,0.005263157894736842,0.8501790055693969,0.03591678754755791,0.0,0.0,0.0,0.0,0.0,0.0,0.0,0.0,0.0,0.0,0.0,0.0,0.0,0.0,0.0,0.0,0.0,0.0,0.0,0.013729977116704808,0.04118993135011442,0.07551487414187644,0.4118993135011443,1.6064073226544573,6.398169336384441,12.7070938215103,6.693363844393595,1.5652173913043483,0.36384439359267745,0.12356979405034328,4.217499114417286,2.8533935240017927,4.0606060606060606,2.8808604979151835,0.962799505215094,4.1891891891891895,2.8200758234204364,4.241379310344827,2.8858175488220286,1.0124582869855394,0.3918,0.00988,0.0,0.0,0.0,0.0,0.0,0.0,0.0,0.0,0.0,0.0,0.1647597254004577,23.478260869565183,6.356979405034327,0.0,0.0,0.0,0.0,0.0,0.0,0.0,0.0,0.0,0.0,0.0,0.0,0.0,0.0,0.0,0.0,0.0,nan,nan,4.215686274509804,2.8537616616431496,nan,0.3918,0.05136,0.0,0.0,0.0,0.0,0.0,0.0,0.0,0.0,0.0,0.0,0.0,0.0,0.0,0.0,0.0,0.0,0.0,0.0,0.0,0.0,0.0,0.0,0.0,0.0,9.153318077803204e-05,0.0015903890160183067,0.012437070938215103,0.0008924485125858123,0.00914187643020595,0.0167162471395881,0.008707093821510298,0.02897025171624714,0.0177116704805492,0.043135011441647594,0.06085812356979405,0.04787185354691075,0.06580091533180778,0.057414187643020594,0.035240274599542334,0.08715102974828376,0.09322654462242563,0.08242562929061785,0.08529748283752861,0.04989702517162471,0.03431350114416476,0.05565217391304348,0.037963386727688786,0.030766590389016017,0.010675057208237986,0.002013729977116705,0.01397025171624714,0.00402745995423341,0.00454233409610984,0.0007437070938215103,0.0007437070938215103,0.0,1.1441647597254004e-05,0.0,0.0,0.0,0.0,0.0,0.0,0.0,0.0,0.0,0.0,0.0,0.0,0.0,0.0,0.0,0.0,0.0,0.0,0.0,0.0,0.0,0.0,0.0,0.0,0.0,0.0,0.0,0.0,0.0,0.0,0.0,0.0,0.0,0.0,0.0,0.0,0.0,0.0,0.0,0.0,0.0,0.0,0.0,0.0,nan,nan,4.215686274509804,2.8537616616431496,nan,0.8504328821986782,0.03627964614201877,0.0,0.0,0.0,0.0,0.0,0.0,0.0,0.0,0.0,0.0,0.0,0.0,0.0,0.0,0.0,0.0,0.0,0.0,0.0,0.026431718061674016,0.06607929515418504,0.05286343612334803,0.44933920704845826,1.493392070484577,6.370044052863438,12.594713656387668,6.898678414096918,1.5859030837004409,0.3303964757709252,0.13215859030837007,0.8499045770225071,0.03551834500548903,0.0,0.0,0.0,0.0,0.0,0.0,0.0,0.0,0.0,0.0,0.0,0.0,0.0,0.0,0.0,0.0,0.0,0.0,0.0,0.0,0.014285714285714289,0.10000000000000003,0.37142857142857155,1.728571428571423,6.428571428571431,12.828571428571433,6.471428571428573,1.5428571428571434,0.40000000000000013,0.11428571428571431,0.392,0.0099,0.0,0.0,0.0,0.0,0.0,0.0,0.0,0.0,0.0,0.0,0.11894273127753306,23.45814977973565,6.422907488986786,0.0,0.0,0.0,0.0,0.0,0.0,0.0,0.0,0.0,0.0,0.0,0.0,0.0,0.0,0.0,0.0,0.0,0.3918,0.00984,0.0,0.0,0.0,0.0,0.0,0.0,0.0,0.0,0.0,0.0,0.21428571428571433,23.499999999999964,6.285714285714287,0.0,0.0,0.0,0.0,0.0,0.0,0.0,0.0,0.0,0.0,0.0,0.0,0.0,0.0,0.0,0.0,0.0
46400,4232,2186,0.5165406427221172,1050,863,0.4520321361058601,1205,0.5694706994328923,0.422,2.966275659824047,3.0935774465265613,6.457286432160804,2.2267450025915254,8376.462287334592,506.4226650963722,7853.0,8866.4,8866.4,0.0,7853.0,0.0,28.306947069943288,20.844846523696024,33.087126500977384,19.088462448309397,0.13397920604914934,0.09475425330812855,0.09310018903591682,0.08790170132325142,0.08506616257088846,0.07419659735349717,0.0723062381852552,0.06143667296786389,0.06332703213610585,0.0474952741020794,0.045368620037807186,0.046313799621928164,0.032372400756143664,0.026465028355387523,0.0165406427221172,0.011342155009451797,0.008034026465028356,0.8501422211725004,0.03383370123913685,0.0,0.0,0.0,0.0,0.0,0.0,0.0,0.0,0.0,0.0,0.0,0.0,0.0,0.0,0.0,0.0,0.0,0.0,0.0,0.014177693761814748,0.007088846880907374,0.03544423440453687,0.2693761814744802,1.4673913043478215,6.784026465028357,12.937145557655958,6.521739130434784,1.6091682419659739,0.27646502835538755,0.0779773156899811,4.197746274082152,2.8923761975128133,4.2,2.7129319932501073,1.0005368895046762,4.271622587562545,2.8927435546305333,4.122165325530358,2.8881361126674165,0.9650115947819562,0.392,0.00978,0.0,0.0,0.0,0.0,0.0,0.0,0.0,0.0,0.0,0.0,0.20557655954631385,23.471172022684275,6.323251417769378,0.0,0.0,0.0,0.0,0.0,0.0,0.0,0.0,0.0,0.0,0.0,0.0,0.0,0.0,0.0,0.0,0.0,nan,nan,4.197758496023138,2.8914331102744493,nan,0.392,0.0513,0.0,0.0,0.0,0.0,0.0,0.0,0.0,0.0,0.0,0.0,0.0,0.0,0.0,0.0,0.0,0.0,0.0,0.0,0.0,0.0,0.0,0.0,0.0,0.0,9.45179584120983e-05,0.0010396975425330812,0.011094045368620038,0.0009806238185255198,0.009380907372400757,0.01456758034026465,0.00842391304347826,0.0320179584120983,0.01724952741020794,0.04338374291115312,0.06410680529300566,0.04750708884688091,0.06585538752362949,0.05630907372400756,0.035597826086956524,0.08766540642722118,0.09333648393194707,0.0821124763705104,0.08592863894139886,0.04599480151228733,0.03434546313799622,0.05484404536862004,0.03729914933837429,0.03175803402646503,0.010503308128544423,0.0025401701323251417,0.015784499054820416,0.003544423440453686,0.005387523629489603,0.0007088846880907373,0.0006379962192816635,0.0,0.0,0.0,0.0,0.0,0.0,0.0,0.0,0.0,0.0,0.0,0.0,0.0,0.0,0.0,0.0,0.0,0.0,0.0,0.0,0.0,0.0,0.0,0.0,0.0,0.0,0.0,0.0,0.0,0.0,0.0,0.0,0.0,0.0,0.0,0.0,0.0,0.0,0.0,0.0,0.0,0.0,0.0,0.0,0.0,0.0,nan,nan,4.197758496023138,2.8914331102744493,nan,0.8499734214927118,0.03394319045075098,0.0,0.0,0.0,0.0,0.0,0.0,0.0,0.0,0.0,0.0,0.0,0.0,0.0,0.0,0.0,0.0,0.0,0.0,0.0,0.013723696248856361,0.013723696248856361,0.041171088746569086,0.21957913998170178,1.5507776761207637,6.944190301921319,12.831655992680698,6.381518755718209,1.633119853613907,0.30192131747483997,0.06861848124428181,0.8503225711725091,0.03371539340125592,0.0,0.0,0.0,0.0,0.0,0.0,0.0,0.0,0.0,0.0,0.0,0.0,0.0,0.0,0.0,0.0,0.0,0.0,0.0,0.014662756598240474,0.0,0.029325513196480947,0.32258064516129037,1.3782991202345998,6.612903225806454,13.049853372434022,6.671554252199416,1.583577712609971,0.24926686217008803,0.08797653958944283,0.392,0.00964,0.0,0.0,0.0,0.0,0.0,0.0,0.0,0.0,0.0,0.0,0.12351326623970725,23.79688929551689,6.079597438243368,0.0,0.0,0.0,0.0,0.0,0.0,0.0,0.0,0.0,0.0,0.0,0.0,0.0,0.0,0.0,0.0,0.0,0.3923,0.009926,0.0,0.0,0.0,0.0,0.0,0.0,0.0,0.0,0.0,0.0,0.29325513196480946,23.12316715542519,6.583577712609973,0.0,0.0,0.0,0.0,0.0,0.0,0.0,0.0,0.0,0.0,0.0,0.0,0.0,0.0,0.0,0.0,0.0
46500,4431,2343,0.5287745429925524,1098,892,0.4491085533739562,1212,0.5470548408937035,0.418,2.986111111111111,3.102387322493024,6.613675213675213,2.1060314679715715,8388.860121868653,505.8602349390641,7853.0,8866.4,8866.4,0.0,7853.0,0.0,27.903859174001354,20.825770474758592,32.716617607706716,19.125411058397646,0.13631234484315052,0.09726923944933423,0.09907470097043557,0.09095012412547958,0.08259986459038592,0.06680207628074927,0.07266982622432859,0.0652222974497856,0.05664635522455427,0.05055292259083728,0.04829609568946062,0.040397201534642296,0.02911306702775897,0.02663055743624464,0.020311442112389978,0.011284134506883321,0.005867749943579328,0.8511042173601279,0.0329003596588639,0.0,0.0,0.0,0.0,0.0,0.0,0.0,0.0,0.0,0.0,0.0,0.0,0.0,0.0,0.0,0.0,0.0,0.0,0.0,0.0,0.0,0.027081922816519978,0.29113067027758976,1.2457684495599148,6.5605958023019655,13.35138794854435,6.580907244414355,1.5504400812457688,0.3249830737982397,0.06770480704129994,4.278913963328632,2.9465369608591567,4.625,2.8695600708122493,1.080881747012773,4.219101123595506,2.9496762878758687,4.343904157857646,2.9405879727987188,1.0295804794922252,0.392,0.00973,0.0,0.0,0.0,0.0,0.0,0.0,0.0,0.0,0.0,0.0,0.14218009478672988,23.90656736628297,5.951252538930266,0.0,0.0,0.0,0.0,0.0,0.0,0.0,0.0,0.0,0.0,0.0,0.0,0.0,0.0,0.0,0.0,0.0,nan,nan,4.279887482419128,2.946380265354619,nan,0.392,0.05112,0.0,0.0,0.0,0.0,0.0,0.0,0.0,0.0,0.0,0.0,0.0,0.0,0.0,0.0,0.0,0.0,0.0,0.0,0.0,0.0,0.0,0.0,0.0,0.0,4.513653802753329e-05,0.0007560370119611826,0.011588806138569172,0.0005190701873166329,0.009602798465357706,0.013326562852629203,0.009636650868878356,0.03053486797562627,0.01721958925750395,0.0450575490859851,0.06270593545475062,0.04922139471902505,0.06693748589483187,0.057266982622432856,0.03712480252764613,0.08817422703678628,0.09311667795080117,0.08280297901150982,0.08212593094109681,0.045847438501466935,0.03352516361995035,0.05329496727600993,0.03853531934100655,0.03111035883547732,0.012209433536447755,0.0026404874746106975,0.0156962310990747,0.0033513879485443467,0.004694199954863462,0.0006206273978785827,0.0007109004739336493,0.0,0.0,0.0,0.0,0.0,0.0,0.0,0.0,0.0,0.0,0.0,0.0,0.0,0.0,0.0,0.0,0.0,0.0,0.0,0.0,0.0,0.0,0.0,0.0,0.0,0.0,0.0,0.0,0.0,0.0,0.0,0.0,0.0,0.0,0.0,0.0,0.0,0.0,0.0,0.0,0.0,0.0,0.0,0.0,0.0,0.0,nan,nan,4.279887482419128,2.946380265354619,nan,0.8518080038999931,0.03359446572206761,0.0,0.0,0.0,0.0,0.0,0.0,0.0,0.0,0.0,0.0,0.0,0.0,0.0,0.0,0.0,0.0,0.0,0.0,0.0,0.0,0.0,0.012804097311139568,0.25608194622279135,1.4084507042253476,6.4532650448143425,12.829705505761847,6.939820742637646,1.690140845070423,0.32010243277848915,0.08962868117797698,0.850314479877894,0.03208524633523051,0.0,0.0,0.0,0.0,0.0,0.0,0.0,0.0,0.0,0.0,0.0,0.0,0.0,0.0,0.0,0.0,0.0,0.0,0.0,0.0,0.0,0.04310344827586208,0.3304597701149426,1.0632183908045945,6.681034482758623,13.936781609195405,6.178160919540232,1.3936781609195406,0.3304597701149426,0.04310344827586208,0.392,0.00958,0.0,0.0,0.0,0.0,0.0,0.0,0.0,0.0,0.0,0.0,0.12804097311139567,24.03329065300893,5.838668373879643,0.0,0.0,0.0,0.0,0.0,0.0,0.0,0.0,0.0,0.0,0.0,0.0,0.0,0.0,0.0,0.0,0.0,0.392,0.00989,0.0,0.0,0.0,0.0,0.0,0.0,0.0,0.0,0.0,0.0,0.15804597701149428,23.76436781609192,6.077586206896553,0.0,0.0,0.0,0.0,0.0,0.0,0.0,0.0,0.0,0.0,0.0,0.0,0.0,0.0,0.0,0.0,0.0
46600,4540,2371,0.5222466960352423,1083,935,0.4444933920704846,1265,0.5572687224669604,0.41,2.9746426924850162,3.055473389504914,6.542087542087542,2.0140281643715507,8382.244801762114,506.1982041784688,7853.0,8866.4,8866.399999999998,1.8189894035458565e-12,7853.0,0.0,27.717621145374448,20.848139767998116,32.748089591567854,19.107967101677033,0.14118942731277534,0.10550660792951543,0.09361233480176212,0.08656387665198238,0.07731277533039647,0.07356828193832599,0.06563876651982378,0.06607929515418502,0.06233480176211454,0.04911894273127753,0.0473568281938326,0.03898678414096916,0.03259911894273128,0.02555066079295154,0.018061674008810574,0.009911894273127754,0.006607929515418502,0.8506517562178263,0.035298764397153806,0.0,0.0,0.0,0.0,0.0,0.0,0.0,0.0,0.0,0.0,0.0,0.0,0.0,0.0,0.0,0.0,0.0,0.0,0.0,0.0,0.013215859030837008,0.05286343612334803,0.3237885462555067,1.526431718061669,6.832599118942733,12.555066079295157,6.693832599118944,1.4140969162995598,0.41629955947136577,0.17180616740088112,4.225739130434783,2.803382758110067,5.866666666666666,2.305548862105411,1.3883172826295715,4.193947730398899,2.8058823477963295,4.275069637883008,2.8005107339903437,1.0193426129029017,0.3918,0.00996,0.0,0.0,0.0,0.0,0.0,0.0,0.0,0.0,0.0,0.0,0.21806167400881063,23.4052863436123,6.376651982378856,0.0,0.0,0.0,0.0,0.0,0.0,0.0,0.0,0.0,0.0,0.0,0.0,0.0,0.0,0.0,0.0,0.0,nan,nan,4.234256055363322,2.8035079761787616,nan,0.3918,0.05148,0.0,0.0,0.0,0.0,0.0,0.0,0.0,0.0,0.0,0.0,0.0,0.0,0.0,0.0,0.0,0.0,0.0,0.0,0.0,0.0,2.2026431718061676e-05,0.0,0.0,0.0,7.709251101321586e-05,0.0007929515418502203,0.012533039647577092,0.0007268722466960353,0.00986784140969163,0.013303964757709251,0.010440528634361233,0.029823788546255506,0.016134361233480176,0.04854625550660793,0.06120044052863436,0.04712555066079295,0.0673568281938326,0.05942731277533039,0.03553964757709251,0.08903083700440528,0.09797356828193833,0.0776101321585903,0.07983480176211454,0.04378854625550661,0.03371145374449339,0.05368942731277533,0.039592511013215856,0.030176211453744495,0.01289647577092511,0.0033590308370044053,0.014933920704845815,0.0033590308370044053,0.005506607929515419,0.0008480176211453745,0.0007488986784140969,0.0,0.0,2.2026431718061676e-05,0.0,0.0,0.0,0.0,0.0,0.0,0.0,0.0,0.0,0.0,0.0,0.0,0.0,0.0,0.0,0.0,0.0,0.0,0.0,0.0,0.0,0.0,0.0,0.0,0.0,0.0,0.0,0.0,0.0,0.0,0.0,0.0,0.0,0.0,0.0,0.0,0.0,0.0,0.0,0.0,0.0,0.0,0.0,nan,nan,4.234256055363322,2.8035079761787616,nan,0.8511106240151051,0.03501107430342375,0.0,0.0,0.0,0.0,0.0,0.0,0.0,0.0,0.0,0.0,0.0,0.0,0.0,0.0,0.0,0.0,0.0,0.0,0.0,0.0,0.0253057781526782,0.0253057781526782,0.3289751159848166,1.4171235765499746,6.845212990299453,12.3618726275833,7.03500632644454,1.3412062420919446,0.4175453395191903,0.2024462252214256,0.850150153844683,0.03560382324144505,0.0,0.0,0.0,0.0,0.0,0.0,0.0,0.0,0.0,0.0,0.0,0.0,0.0,0.0,0.0,0.0,0.0,0.0,0.0,0.0,0.0,0.08298755186721993,0.31811894882434305,1.6459197786998567,6.818810511756571,12.766251728907333,6.320885200553252,1.493775933609959,0.41493775933609967,0.13831258644536656,0.3918,0.00991,0.0,0.0,0.0,0.0,0.0,0.0,0.0,0.0,0.0,0.0,0.1771404470687474,23.3445803458456,6.478279207085619,0.0,0.0,0.0,0.0,0.0,0.0,0.0,0.0,0.0,0.0,0.0,0.0,0.0,0.0,0.0,0.0,0.0,0.3918,0.009995,0.0,0.0,0.0,0.0,0.0,0.0,0.0,0.0,0.0,0.0,0.26279391424619647,23.471645919778666,6.2655601659751055,0.0,0.0,0.0,0.0,0.0,0.0,0.0,0.0,0.0,0.0,0.0,0.0,0.0,0.0,0.0,0.0,0.0
46700,4676,2453,0.5245936698032506,1155,943,0.44867408041060736,1313,0.5615911035072711,0.40199999999999997,2.973459289248763,3.041283947827232,6.481191222570533,2.136881056576221,8384.623224978615,506.0866752411737,7853.0,8866.4,8866.399999999998,1.8189894035458565e-12,7853.0,0.0,28.36890504704876,20.918916740270387,33.12471598081292,19.1860000496704,0.13387510692899915,0.09538066723695467,0.09366980325064157,0.09003421727972626,0.07891360136869119,0.07763045337895637,0.06993156544054747,0.06266039349871685,0.05859709153122327,0.05218135158254919,0.0451240376390077,0.04426860564585115,0.036142001710863986,0.02480752780153978,0.017750213857998288,0.011976047904191617,0.007057313943541489,0.8493800894432949,0.033253445393955465,0.0,0.0,0.0,0.0,0.0,0.0,0.0,0.0,0.0,0.0,0.0,0.0,0.0,0.0,0.0,0.0,0.0,0.0,0.0,0.0,0.0,0.03207869974337041,0.28229255774165957,1.6039349871685151,6.813515825491875,12.985457656116342,6.5440547476475635,1.334473909324209,0.33361847733105227,0.07057313943541489,4.17505758473182,2.8769241877636857,3.0,1.6733200530681511,0.7185529634300125,4.107752956636006,2.8706600122825527,4.234446627373936,2.877101533383712,1.0308425730747168,0.3916,0.00982,0.0,0.0,0.0,0.0,0.0,0.0,0.0,0.0,0.0,0.0,0.17322497861420022,24.059024807527766,5.767750213858,0.0,0.0,0.0,0.0,0.0,0.0,0.0,0.0,0.0,0.0,0.0,0.0,0.0,0.0,0.0,0.0,0.0,nan,nan,4.17120367333552,2.874585924664808,nan,0.3916,0.05182,0.0,0.0,0.0,0.0,0.0,0.0,0.0,0.0,0.0,0.0,0.0,0.0,0.0,0.0,0.0,0.0,0.0,0.0,0.0,0.0,0.0,0.0,0.0,0.0,0.0,0.0008982035928143712,0.0129704875962361,0.0008768177929854577,0.009078272027373824,0.013280581693755346,0.010885372112917024,0.028656971770744225,0.0177715996578272,0.05043840889649273,0.06397562018819504,0.04918733960650128,0.06330196749358426,0.0592814371257485,0.037810094097519245,0.0878956372968349,0.09758340461933276,0.07676432848588537,0.07736313088109495,0.04458939264328486,0.03467707442258341,0.05026732249786142,0.036901197604790416,0.03191830624465355,0.012778015397775877,0.0029833190761334475,0.016926860564585117,0.0032934131736526945,0.005891787852865697,0.0008447390932420873,0.0008768177929854577,0.0,0.0,0.0,0.0,3.2078699743370405e-05,0.0,0.0,0.0,0.0,0.0,0.0,0.0,0.0,0.0,0.0,0.0,0.0,0.0,0.0,0.0,0.0,0.0,0.0,0.0,0.0,0.0,0.0,0.0,0.0,0.0,0.0,0.0,0.0,0.0,0.0,0.0,0.0,0.0,0.0,0.0,0.0,0.0,0.0,0.0,0.0,0.0,nan,nan,4.17120367333552,2.874585924664808,nan,0.8492188582214296,0.033516846811171244,0.0,0.0,0.0,0.0,0.0,0.0,0.0,0.0,0.0,0.0,0.0,0.0,0.0,0.0,0.0,0.0,0.0,0.0,0.0,0.0,0.0,0.024459845087647786,0.2812882185079495,1.6754993885038676,6.971055849979618,12.596820220138609,6.701997554015493,1.3208316347329805,0.342437831227069,0.08560945780676725,0.8495580022580657,0.03295943332281503,0.0,0.0,0.0,0.0,0.0,0.0,0.0,0.0,0.0,0.0,0.0,0.0,0.0,0.0,0.0,0.0,0.0,0.0,0.0,0.0,0.0,0.04048582995951418,0.28340080971659926,1.5249662618083624,6.639676113360325,13.414304993252365,6.369770580296898,1.3495276653171393,0.3238866396761134,0.05398110661268557,0.3916,0.00979,0.0,0.0,0.0,0.0,0.0,0.0,0.0,0.0,0.0,0.0,0.19567876070118229,23.995108030982436,5.809213208316349,0.0,0.0,0.0,0.0,0.0,0.0,0.0,0.0,0.0,0.0,0.0,0.0,0.0,0.0,0.0,0.0,0.0,0.3914,0.00985,0.0,0.0,0.0,0.0,0.0,0.0,0.0,0.0,0.0,0.0,0.1484480431848853,24.12955465587041,5.721997300944671,0.0,0.0,0.0,0.0,0.0,0.0,0.0,0.0,0.0,0.0,0.0,0.0,0.0,0.0,0.0,0.0,0.0
46800,4635,2356,0.5083063646170443,1073,1003,0.44789644012944985,1305,0.5631067961165048,0.434,2.8745063624396665,3.0836024603119094,6.614159292035398,2.1034681541470985,8368.117669902913,506.63007493969934,7853.0,8866.4,8866.4,0.0,7853.0,0.0,26.962891046386193,20.73429594982802,32.178403755868544,19.01776872670552,0.15188781014023733,0.10248112189859762,0.09751887810140238,0.08478964401294499,0.08565264293419633,0.07162891046386193,0.07076591154261057,0.062135922330097085,0.05889967637540453,0.045307443365695796,0.04703344120819849,0.03495145631067961,0.0284789644012945,0.024379719525350594,0.01488673139158576,0.011866235167206042,0.007335490830636462,0.8492843459853591,0.03469875266175882,0.0,0.0,0.0,0.0,0.0,0.0,0.0,0.0,0.0,0.0,0.0,0.0,0.0,0.0,0.0,0.0,0.0,0.0,0.0,0.0,0.025889967637540458,0.03883495145631068,0.3624595469255664,1.663430420711969,6.679611650485438,13.074433656957932,6.090614886731393,1.6440129449838192,0.3236245954692557,0.09708737864077673,4.315953038674033,2.8964580538069495,3.6315789473684212,3.132352845550844,0.8414315250483196,4.3469945355191255,2.8879018864880206,4.275671950379049,2.9088769790098303,0.9835926674033514,0.3909,0.009926,0.0,0.0,0.0,0.0,0.0,0.0,0.0,0.0,0.0,0.0,0.20711974110032366,24.381877022653686,5.411003236245956,0.0,0.0,0.0,0.0,0.0,0.0,0.0,0.0,0.0,0.0,0.0,0.0,0.0,0.0,0.0,0.0,0.0,nan,nan,4.311492281303602,2.8985810101810046,nan,0.3909,0.05154,0.0,0.0,0.0,0.0,0.0,0.0,0.0,0.0,0.0,0.0,0.0,0.0,0.0,0.0,0.0,0.0,0.0,0.0,0.0,0.0,0.0,0.0,0.0,0.0,0.0,0.0007551240560949298,0.013915857605177993,0.0007119741100323624,0.00871628910463862,0.012545846817691478,0.011391585760517799,0.028651564185544768,0.018932038834951457,0.0524487594390507,0.06400215749730313,0.05064724919093851,0.06263214670981661,0.06005393743257821,0.036386192017259976,0.08787486515641856,0.09875943905070118,0.07604099244875943,0.07938511326860842,0.04641855447680691,0.032524271844660196,0.04837108953613808,0.03730312837108954,0.030453074433656958,0.011693635382955772,0.0033009708737864077,0.01587918015102481,0.0031607335490830635,0.0056957928802588995,0.0006903991370010787,0.0006148867313915858,0.0,0.0,0.0,0.0,4.314994606256742e-05,0.0,0.0,0.0,0.0,0.0,0.0,0.0,0.0,0.0,0.0,0.0,0.0,0.0,0.0,0.0,0.0,0.0,0.0,0.0,0.0,0.0,0.0,0.0,0.0,0.0,0.0,0.0,0.0,0.0,0.0,0.0,0.0,0.0,0.0,0.0,0.0,0.0,0.0,0.0,0.0,0.0,nan,nan,4.311492281303602,2.8985810101810046,nan,0.8490677322869795,0.034440083824642656,0.0,0.0,0.0,0.0,0.0,0.0,0.0,0.0,0.0,0.0,0.0,0.0,0.0,0.0,0.0,0.0,0.0,0.0,0.0,0.0,0.0,0.05093378607809848,0.33106960950764014,1.6808149405772443,6.863327674023771,13.077249575551786,5.9974533106960966,1.5280135823429546,0.369269949066214,0.10186757215619696,0.8495082783563036,0.034962738601409984,0.0,0.0,0.0,0.0,0.0,0.0,0.0,0.0,0.0,0.0,0.0,0.0,0.0,0.0,0.0,0.0,0.0,0.0,0.0,0.0,0.052654673102237835,0.026327336551118918,0.3949100482667838,1.6454585344449268,6.4896884598508136,13.071522597630542,6.186924089512946,1.7639315489249674,0.2764370337867486,0.09214567792891622,0.3906,0.01002,0.0,0.0,0.0,0.0,0.0,0.0,0.0,0.0,0.0,0.0,0.21646859083191855,24.16808149405769,5.615449915110358,0.0,0.0,0.0,0.0,0.0,0.0,0.0,0.0,0.0,0.0,0.0,0.0,0.0,0.0,0.0,0.0,0.0,0.3909,0.00982,0.0,0.0,0.0,0.0,0.0,0.0,0.0,0.0,0.0,0.0,0.1974550241333919,24.602896007020586,5.1996489688459855,0.0,0.0,0.0,0.0,0.0,0.0,0.0,0.0,0.0,0.0,0.0,0.0,0.0,0.0,0.0,0.0,0.0
46900,4618,2415,0.5229536595928974,1136,924,0.4460805543525336,1291,0.5591165006496319,0.40599999999999997,2.971402632773491,2.99592690405895,6.3503086419753085,2.028911379587983,8382.961238631442,506.1657878376717,7853.0,8866.4,8866.4,0.0,7853.0,0.0,28.839324382849718,21.071321783622903,33.449378330373,19.358469864317026,0.12689475963620614,0.09592897358163707,0.09441316587267215,0.08726721524469468,0.08250324815937635,0.07362494586401039,0.06864443482026851,0.06756171502815071,0.05283672585534863,0.0519705500216544,0.054352533564313556,0.04092680814205284,0.035729753139887396,0.02728453876136856,0.022304027717626677,0.01104374187960156,0.0067128627111303595,0.8489502974922598,0.035418789416820605,0.0,0.0,0.0,0.0,0.0,0.0,0.0,0.0,0.0,0.0,0.0,0.0,0.0,0.0,0.0,0.0,0.0,0.0,0.0,0.0,0.006496318752706801,0.09094846253789522,0.3637938501515809,1.7799913382416575,6.808142052836727,12.73278475530533,6.171502815071461,1.6110870506712867,0.31182330012992643,0.12343005630142921,4.13251817580965,2.784853056642662,3.2777777777777777,2.076470176781195,0.793167177573415,4.119736842105263,2.7820155386093215,4.135170603674541,2.7818962517806605,1.0037462979216387,0.3904,0.01002,0.0,0.0,0.0,0.0,0.0,0.0,0.0,0.0,0.0,0.0,0.27284538761368565,24.718492854049337,5.0086617583369435,0.0,0.0,0.0,0.0,0.0,0.0,0.0,0.0,0.0,0.0,0.0,0.0,0.0,0.0,0.0,0.0,0.0,nan,nan,4.127463863337714,2.7819665203668142,nan,0.3904,0.05157,0.0,0.0,0.0,0.0,0.0,0.0,0.0,0.0,0.0,0.0,0.0,0.0,0.0,0.0,0.0,0.0,0.0,0.0,0.0,0.0,0.0,0.0,0.0,0.0,1.0827197921177999e-05,0.00102858380251191,0.014519272412299698,0.0008553486357730619,0.009408834993503682,0.01126028583802512,0.012245560848852317,0.027522737115634473,0.020062797747942833,0.05568427890861845,0.06316587267215244,0.04946946730186228,0.06119532265049805,0.05898657427457774,0.036650064963187526,0.08641186660892161,0.09715244694673018,0.0833694239930706,0.07884365526201818,0.04608055435253357,0.031691208315288,0.04994586401039411,0.03448462537895193,0.030045474231268948,0.011682546556951062,0.0029666522304027717,0.01585101775660459,0.0026418362927674317,0.005283672585534863,0.000638804677349502,0.00081203984408835,3.2481593763533996e-05,0.0,0.0,0.0,0.0,0.0,0.0,0.0,0.0,0.0,0.0,0.0,0.0,0.0,0.0,0.0,0.0,0.0,0.0,0.0,0.0,0.0,0.0,0.0,0.0,0.0,0.0,0.0,0.0,0.0,0.0,0.0,0.0,0.0,0.0,0.0,0.0,0.0,0.0,0.0,0.0,0.0,0.0,0.0,0.0,0.0,nan,nan,4.127463863337714,2.7819665203668142,nan,0.8486863333492792,0.03512487235180317,0.0,0.0,0.0,0.0,0.0,0.0,0.0,0.0,0.0,0.0,0.0,0.0,0.0,0.0,0.0,0.0,0.0,0.0,0.0,0.0,0.0,0.08695652173913046,0.3354037267080746,1.950310559006205,6.745341614906834,12.534161490683234,6.397515527950312,1.5279503105590067,0.3354037267080746,0.08695652173913046,0.8492396635409653,0.03573597341972948,0.0,0.0,0.0,0.0,0.0,0.0,0.0,0.0,0.0,0.0,0.0,0.0,0.0,0.0,0.0,0.0,0.0,0.0,0.0,0.0,0.013617793917385386,0.09532455742169771,0.3949160236041762,1.593281888334085,6.876985928279621,12.950522015433503,5.923740354062644,1.7022242396731733,0.2859736722650931,0.16341352700862463,0.3904,0.00998,0.0,0.0,0.0,0.0,0.0,0.0,0.0,0.0,0.0,0.0,0.2732919254658386,24.795031055900584,4.9316770186335415,0.0,0.0,0.0,0.0,0.0,0.0,0.0,0.0,0.0,0.0,0.0,0.0,0.0,0.0,0.0,0.0,0.0,0.3906,0.010056,0.0,0.0,0.0,0.0,0.0,0.0,0.0,0.0,0.0,0.0,0.27235587834770775,24.634589196550124,5.093054925102134,0.0,0.0,0.0,0.0,0.0,0.0,0.0,0.0,0.0,0.0,0.0,0.0,0.0,0.0,0.0,0.0,0.0
47000,4526,2316,0.5117101193106496,1110,961,0.4575784357048166,1303,0.5757843570481661,0.41,3.0782805429864255,3.177797514548021,6.7632,2.213758288522033,8371.567034909414,506.5610165443632,7853.0,8866.4,8866.4,0.0,7853.0,0.0,27.625939019001326,20.561246334025512,32.699920613919026,18.70094242046775,0.1444984533804684,0.09699513919575785,0.08948298718515245,0.08793636765355722,0.0821917808219178,0.08020326999558108,0.0627485638532921,0.06319045514803358,0.06584180291648255,0.051480335837384004,0.04904993371630579,0.0382235969951392,0.0344675209898365,0.026734423331860362,0.011489173663278833,0.009279717189571365,0.0061864781263809105,0.8491715149730905,0.03497089732252669,0.0,0.0,0.0,0.0,0.0,0.0,0.0,0.0,0.0,0.0,0.0,0.0,0.0,0.0,0.0,0.0,0.0,0.0,0.0,0.0066283694211224055,0.0066283694211224055,0.07954043305346886,0.3446752098983651,1.4714980114891691,7.390631904551482,12.375165709235532,6.277065841802918,1.5576668139637653,0.38444542642509955,0.10605391073795849,4.303351573187414,2.9271785971940605,3.736842105263158,3.005995855009187,0.8683562199626063,4.272545090180361,2.963460578333425,4.327800829875518,2.890656288894427,1.0129327458292137,0.3896,0.01001,0.0,0.0,0.0,0.0,0.0,0.0,0.0,0.0,0.0,0.0,0.31816173221387545,25.174547061422853,4.507291206363235,0.0,0.0,0.0,0.0,0.0,0.0,0.0,0.0,0.0,0.0,0.0,0.0,0.0,0.0,0.0,0.0,0.0,nan,nan,4.299694189602446,2.928045793029721,nan,0.3896,0.05148,0.0,0.0,0.0,0.0,0.0,0.0,0.0,0.0,0.0,0.0,0.0,0.0,0.0,0.0,0.0,0.0,0.0,0.0,0.0,0.0,0.0,0.0,0.0,4.418912947414936e-05,0.0,0.0009500662836942112,0.014737074679628811,0.0012152010605391073,0.00901458241272647,0.011842686699072028,0.01465974370304905,0.026016349977905435,0.02054794520547945,0.05656208572691118,0.06285903667697747,0.05215422006186478,0.06320150243040212,0.05686036235086169,0.03745028722934158,0.08659964648696421,0.09740388864339372,0.0837273530711445,0.07571807335395493,0.043161732213875384,0.030678303137428194,0.05402121078214759,0.03451171011931065,0.027673442333186037,0.012472381794078656,0.0027507733097657974,0.014250994255413168,0.0027286787450287227,0.004661953159522758,0.0007070260715863897,0.0007843570481661511,2.209456473707468e-05,0.0,1.104728236853734e-05,0.0,0.0,0.0,0.0,0.0,0.0,0.0,0.0,0.0,0.0,0.0,0.0,0.0,0.0,0.0,0.0,0.0,0.0,0.0,0.0,0.0,0.0,0.0,0.0,0.0,0.0,0.0,0.0,0.0,0.0,0.0,0.0,0.0,0.0,0.0,0.0,0.0,0.0,0.0,0.0,0.0,0.0,0.0,nan,nan,4.299694189602446,2.928045793029721,nan,0.8498503832928257,0.03541132342260507,0.0,0.0,0.0,0.0,0.0,0.0,0.0,0.0,0.0,0.0,0.0,0.0,0.0,0.0,0.0,0.0,0.0,0.0,0.0,0.012953367875647671,0.012953367875647671,0.07772020725388602,0.33678756476683946,1.4507772020725342,7.266839378238344,12.150259067357515,6.554404145077722,1.658031088082902,0.3497409326424871,0.1295336787564767,0.8484600855484268,0.03448897800617419,0.0,0.0,0.0,0.0,0.0,0.0,0.0,0.0,0.0,0.0,0.0,0.0,0.0,0.0,0.0,0.0,0.0,0.0,0.0,0.0,0.0,0.081447963800905,0.3529411764705883,1.4932126696832533,7.520361990950228,12.61085972850679,5.986425339366518,1.4524886877828058,0.42081447963800916,0.081447963800905,0.3896,0.009895,0.0,0.0,0.0,0.0,0.0,0.0,0.0,0.0,0.0,0.0,0.32383419689119175,25.129533678756438,4.546632124352333,0.0,0.0,0.0,0.0,0.0,0.0,0.0,0.0,0.0,0.0,0.0,0.0,0.0,0.0,0.0,0.0,0.0,0.3896,0.01014,0.0,0.0,0.0,0.0,0.0,0.0,0.0,0.0,0.0,0.0,0.3122171945701358,25.22171945701354,4.466063348416291,0.0,0.0,0.0,0.0,0.0,0.0,0.0,0.0,0.0,0.0,0.0,0.0,0.0,0.0,0.0,0.0,0.0
47100,4569,2377,0.5202451302254323,1136,962,0.4591814401400744,1357,0.5940030641278179,0.38999999999999996,2.9949817518248176,3.021436852989205,6.367069486404834,2.1944044863133834,8380.216414970453,506.2844721268469,7853.0,8866.4,8866.4,0.0,7853.0,0.0,28.725322827752244,20.977315704412238,33.74083701585651,19.048626531412943,0.139198949441891,0.08907857299190194,0.08820310790107244,0.08163711971985117,0.07966732326548479,0.07988618953819217,0.07310133508426352,0.06675421317574962,0.05581089954038083,0.05559203326767345,0.05209017290435544,0.03742613263296126,0.03611293499671701,0.02954694681549573,0.01729043554388269,0.011381046180783541,0.007222586999343401,0.8508855056700078,0.03566057845962621,0.0,0.0,0.0,0.0,0.0,0.0,0.0,0.0,0.0,0.0,0.0,0.0,0.0,0.0,0.0,0.0,0.0,0.0,0.0,0.0,0.0,0.01313197636244255,0.4005252790544978,1.503611293499667,6.927117531188445,12.383453709783325,6.53972422849639,1.5233092580433358,0.5384110308601445,0.17071569271175316,4.17948717948718,2.856990227913488,4.714285714285714,2.4907993963089563,1.1279579316389132,4.177557755775577,2.899554644726217,4.187662337662338,2.812168085397742,1.0024187773042252,0.3896,0.00985,0.0,0.0,0.0,0.0,0.0,0.0,0.0,0.0,0.0,0.0,0.27577150361129354,25.200262639527214,4.523965856861459,0.0,0.0,0.0,0.0,0.0,0.0,0.0,0.0,0.0,0.0,0.0,0.0,0.0,0.0,0.0,0.0,0.0,nan,nan,4.1819371727748695,2.8556481033722587,nan,0.3896,0.05142,0.0,0.0,0.0,0.0,0.0,0.0,0.0,0.0,0.0,0.0,0.0,0.0,0.0,0.0,0.0,0.0,0.0,0.0,0.0,0.0,0.0,1.094331363536879e-05,1.094331363536879e-05,0.0,0.0,0.000831691836288028,0.014073101335084263,0.0012803676953381483,0.01003501860363318,0.01228934121251915,0.014839133289560078,0.026187349529437513,0.020113810461807834,0.05644561173123222,0.05872182096738893,0.04955132414094988,0.06501422630772598,0.060899540380827316,0.03957102210549354,0.08784197855110527,0.096706062595754,0.0845042678923178,0.0726854891661195,0.044790982709564456,0.030805427883563143,0.051608667104399215,0.033409936528780916,0.0290326110746334,0.012431604289778945,0.0024294156270518712,0.014631210330488071,0.0022214926679798644,0.005526373385861239,0.0007441453272050777,0.0007222586999343401,3.282994090610637e-05,0.0,0.0,0.0,0.0,0.0,0.0,0.0,0.0,0.0,0.0,0.0,0.0,0.0,0.0,0.0,0.0,0.0,0.0,0.0,0.0,0.0,0.0,0.0,0.0,0.0,0.0,0.0,0.0,0.0,0.0,0.0,0.0,0.0,0.0,0.0,0.0,0.0,0.0,0.0,0.0,0.0,0.0,0.0,0.0,0.0,nan,nan,4.1819371727748695,2.8556481033722587,nan,0.8510022669165487,0.036184923004633926,0.0,0.0,0.0,0.0,0.0,0.0,0.0,0.0,0.0,0.0,0.0,0.0,0.0,0.0,0.0,0.0,0.0,0.0,0.0,0.0,0.0,0.0,0.4291123264619269,1.6281026503996585,6.739587715607911,12.040387042490538,6.954143878838874,1.514514093395036,0.49221708035338674,0.2019352124526715,0.8507588900299403,0.03508268557028998,0.0,0.0,0.0,0.0,0.0,0.0,0.0,0.0,0.0,0.0,0.0,0.0,0.0,0.0,0.0,0.0,0.0,0.0,0.0,0.0,0.0,0.027372262773722636,0.36952554744525556,1.368613138686127,7.130474452554746,12.755474452554747,6.090328467153286,1.5328467153284675,0.5885036496350367,0.13686131386861317,0.3896,0.009766,0.0,0.0,0.0,0.0,0.0,0.0,0.0,0.0,0.0,0.0,0.25241901556583934,25.456457719814857,4.2911232646192685,0.0,0.0,0.0,0.0,0.0,0.0,0.0,0.0,0.0,0.0,0.0,0.0,0.0,0.0,0.0,0.0,0.0,0.3896,0.00994,0.0,0.0,0.0,0.0,0.0,0.0,0.0,0.0,0.0,0.0,0.30109489051094895,24.922445255474415,4.7764598540145995,0.0,0.0,0.0,0.0,0.0,0.0,0.0,0.0,0.0,0.0,0.0,0.0,0.0,0.0,0.0,0.0,0.0
47200,4486,2324,0.5180561747659385,1134,895,0.45229603209986624,1248,0.5563976816763263,0.39799999999999996,2.904255319148936,3.093754029034376,6.484025559105431,2.1943655176168435,8377.9981275078,506.3694980246224,7853.0,8866.4,8866.4,0.0,7853.0,0.0,28.511591618368257,21.035270135291825,33.29665701500395,19.29793469879293,0.1326348640213999,0.09808292465448061,0.0954079358002675,0.08270173874275524,0.07757467677218012,0.08181007579135087,0.0664288898796255,0.06531431119037004,0.054837271511368704,0.05171645118145341,0.053053945608559964,0.04079358002674989,0.036335265269728044,0.02429781542576906,0.019839500668747213,0.011814534106107891,0.0073562193490860454,0.8507426389083234,0.03446948745139996,0.0,0.0,0.0,0.0,0.0,0.0,0.0,0.0,0.0,0.0,0.0,0.0,0.0,0.0,0.0,0.0,0.0,0.0,0.0,0.0,0.0,0.05349977708426216,0.29424877396344185,1.6116807846633923,6.526972804279984,12.605884975479272,6.908158716005351,1.54480606330807,0.32099866250557296,0.1337494427106554,4.196799455226421,2.974997956519221,4.818181818181818,2.3671302847802793,1.1480610092487427,4.270161290322581,2.9907333541275136,4.126712328767123,2.95347000689508,0.9664066643382875,0.3894,0.01,0.0,0.0,0.0,0.0,0.0,0.0,0.0,0.0,0.0,0.0,0.41462327240303176,25.41908158716002,4.166295140436915,0.0,0.0,0.0,0.0,0.0,0.0,0.0,0.0,0.0,0.0,0.0,0.0,0.0,0.0,0.0,0.0,0.0,nan,nan,4.199118046132972,2.9732022096642234,nan,0.3894,0.05185,0.0,0.0,0.0,0.0,0.0,0.0,0.0,0.0,0.0,0.0,0.0,0.0,0.0,0.0,0.0,0.0,0.0,0.0,0.0,0.0,0.0,0.0,2.229157378510923e-05,1.1145786892554615e-05,0.0,0.00041239411502452073,0.014823896567097638,0.0014600980829246545,0.011246098974587606,0.012717342844404815,0.015069103878733838,0.027530093624609897,0.01893669193045029,0.05601872492197949,0.061000891662951404,0.04915292019616585,0.06623941150245208,0.06268390548372715,0.038241194828354884,0.08382746321890326,0.09981052162282657,0.0819995541685243,0.07032991529201961,0.04587605884975479,0.028399465002229157,0.05028979045920642,0.03246767721801159,0.03214444939812751,0.01202630405706643,0.0028087382969237628,0.014578689255461436,0.0024966562639322336,0.005873829692376282,0.000691038787338386,0.0004235399019170753,0.0003789567543468569,1.1145786892554615e-05,0.0,0.0,0.0,0.0,0.0,0.0,0.0,0.0,0.0,0.0,0.0,0.0,0.0,0.0,0.0,0.0,0.0,0.0,0.0,0.0,0.0,0.0,0.0,0.0,0.0,0.0,0.0,0.0,0.0,0.0,0.0,0.0,0.0,0.0,0.0,0.0,0.0,0.0,0.0,0.0,0.0,0.0,0.0,0.0,nan,nan,4.199118046132972,2.9732022096642234,nan,0.850052416529795,0.034306216101804496,0.0,0.0,0.0,0.0,0.0,0.0,0.0,0.0,0.0,0.0,0.0,0.0,0.0,0.0,0.0,0.0,0.0,0.0,0.0,0.0,0.0,0.051635111876075744,0.34853700516351127,1.7168674698795128,6.1962134251290895,13.0895008605852,6.751290877796904,1.445783132530121,0.2581755593803787,0.1419965576592083,0.8514845800774722,0.03462879567024765,0.0,0.0,0.0,0.0,0.0,0.0,0.0,0.0,0.0,0.0,0.0,0.0,0.0,0.0,0.0,0.0,0.0,0.0,0.0,0.0,0.0,0.055504162812210926,0.23589269195189644,1.4986123959296902,6.882516188714155,12.086031452358931,7.076780758556893,1.651248843663275,0.38852913968547653,0.12488436632747459,0.3892,0.010025,0.0,0.0,0.0,0.0,0.0,0.0,0.0,0.0,0.0,0.0,0.42598967297762486,25.469018932874317,4.104991394148022,0.0,0.0,0.0,0.0,0.0,0.0,0.0,0.0,0.0,0.0,0.0,0.0,0.0,0.0,0.0,0.0,0.0,0.3894,0.00997,0.0,0.0,0.0,0.0,0.0,0.0,0.0,0.0,0.0,0.0,0.40240518038852924,25.36540240518035,4.232192414431083,0.0,0.0,0.0,0.0,0.0,0.0,0.0,0.0,0.0,0.0,0.0,0.0,0.0,0.0,0.0,0.0,0.0
47300,4285,2245,0.5239206534422404,1100,855,0.456242707117853,1174,0.5479579929988332,0.434,3.017156862745098,3.1511279889660244,6.676521739130434,2.22391470100665,8383.941190198366,506.11980271252617,7853.0,8866.4,8866.4,0.0,7853.0,0.0,28.02007001166861,20.745950520658244,32.968333333333334,18.934231126014424,0.138389731621937,0.0984830805134189,0.09031505250875146,0.08284714119019837,0.08681446907817969,0.07421236872812136,0.0690781796966161,0.06744457409568261,0.05507584597432905,0.05507584597432905,0.05087514585764294,0.04060676779463244,0.03337222870478413,0.024504084014002333,0.0147024504084014,0.01073512252042007,0.007467911318553093,0.8490435744945477,0.033171623031623756,0.0,0.0,0.0,0.0,0.0,0.0,0.0,0.0,0.0,0.0,0.0,0.0,0.0,0.0,0.0,0.0,0.0,0.0,0.0,0.0,0.0,0.04200700116686115,0.38506417736289394,1.561260210035001,6.539089848308053,13.351225204200704,6.441073512252044,1.3512252042007002,0.2730455075845975,0.05600933488914821,4.177465802735781,2.92905736017049,4.384615384615385,3.0518206807503647,1.0495873794451995,4.068051575931232,2.9111158245670667,4.288888888888889,2.943990632506351,1.054285770186457,0.389,0.01003,0.0,0.0,0.0,0.0,0.0,0.0,0.0,0.0,0.0,0.0,0.3360560093348892,25.631271878646405,4.032672112018671,0.0,0.0,0.0,0.0,0.0,0.0,0.0,0.0,0.0,0.0,0.0,0.0,0.0,0.0,0.0,0.0,0.0,nan,nan,4.178430670010749,2.929675048371167,nan,0.389,0.0513,0.0,0.0,0.0,0.0,0.0,0.0,0.0,0.0,0.0,0.0,0.0,0.0,0.0,0.0,0.0,0.0,0.0,0.0,0.0,0.0,0.0,0.0,0.0,0.0,0.0,0.0001866977829638273,0.013570595099183198,0.001015169194865811,0.011995332555425904,0.011586931155192532,0.016067677946324386,0.02733955659276546,0.018914819136522754,0.058903150525087516,0.06218203033838973,0.05077012835472579,0.06528588098016336,0.06247374562427071,0.03950991831971995,0.08170361726954492,0.09868144690781797,0.08270711785297549,0.0724970828471412,0.047292882147024505,0.027922987164527423,0.048634772462077015,0.0323803967327888,0.03284714119019837,0.011143523920653443,0.00220536756126021,0.012905484247374562,0.002322053675612602,0.004947491248541424,0.0008051341890315053,0.0005367561260210035,0.0005834305717619603,8.168028004667444e-05,0.0,0.0,0.0,0.0,0.0,0.0,0.0,0.0,0.0,0.0,0.0,0.0,0.0,0.0,0.0,0.0,0.0,0.0,0.0,0.0,0.0,0.0,0.0,0.0,0.0,0.0,0.0,0.0,0.0,0.0,0.0,0.0,0.0,0.0,0.0,0.0,0.0,0.0,0.0,0.0,0.0,0.0,0.0,0.0,nan,nan,4.178430670010749,2.929675048371167,nan,0.8491718601277782,0.03254155335030208,0.0,0.0,0.0,0.0,0.0,0.0,0.0,0.0,0.0,0.0,0.0,0.0,0.0,0.0,0.0,0.0,0.0,0.0,0.0,0.0,0.0,0.026726057906458805,0.3073496659242762,1.6302895322939817,6.547884187082407,13.20267260579065,6.70824053452116,1.296213808463252,0.21380846325167044,0.066815144766147,0.8489023974128798,0.033850895065328124,0.0,0.0,0.0,0.0,0.0,0.0,0.0,0.0,0.0,0.0,0.0,0.0,0.0,0.0,0.0,0.0,0.0,0.0,0.0,0.0,0.0,0.05882352941176472,0.47058823529411775,1.4852941176470542,6.529411764705884,13.514705882352946,6.147058823529414,1.4117647058823533,0.33823529411764713,0.04411764705882354,0.3892,0.01005,0.0,0.0,0.0,0.0,0.0,0.0,0.0,0.0,0.0,0.0,0.38752783964365267,25.41648106904228,4.195991091314032,0.0,0.0,0.0,0.0,0.0,0.0,0.0,0.0,0.0,0.0,0.0,0.0,0.0,0.0,0.0,0.0,0.0,0.3887,0.01,0.0,0.0,0.0,0.0,0.0,0.0,0.0,0.0,0.0,0.0,0.2794117647058824,25.867647058823493,3.852941176470589,0.0,0.0,0.0,0.0,0.0,0.0,0.0,0.0,0.0,0.0,0.0,0.0,0.0,0.0,0.0,0.0,0.0
47400,4687,2350,0.5013868145935566,1085,1000,0.44484745039470874,1349,0.5756347343716663,0.39799999999999996,2.9358151476251604,3.0624908038874987,6.538341158059468,2.0988150176445672,8361.10539790911,506.6980509699212,7853.0,8866.4,8866.4,0.0,7853.0,0.0,27.771068914017494,20.85642015725935,32.74217358106388,19.117736923189828,0.1391081715382974,0.10198421164924258,0.09110305099210582,0.0936633240879027,0.08086195860891829,0.07382120759547685,0.06720716876466823,0.06656710049071901,0.05397909110305099,0.048645188820140815,0.05035203755067207,0.03648389161510561,0.03371026242799232,0.027309579688500108,0.01834862385321101,0.01173458502240239,0.00512054619159377,0.8493647571944825,0.033100197158429046,0.0,0.0,0.0,0.0,0.0,0.0,0.0,0.0,0.0,0.0,0.0,0.0,0.0,0.0,0.0,0.0,0.0,0.0,0.0,0.0,0.01920204821847664,0.025602730957968858,0.3072327714956262,1.5169618092596497,6.9255387241305755,12.878173671858335,6.547898442500535,1.459355664604225,0.26242799231918074,0.057606144655429924,4.32032032032032,2.903548649312267,4.357142857142857,2.5525097693150913,1.0085231034026214,4.24885993485342,2.9524941705763434,4.395254237288135,2.8476058072824064,1.0344549607846194,0.389,0.01008,0.0,0.0,0.0,0.0,0.0,0.0,0.0,0.0,0.0,0.0,0.4032430125880095,25.50672071687643,4.090036270535524,0.0,0.0,0.0,0.0,0.0,0.0,0.0,0.0,0.0,0.0,0.0,0.0,0.0,0.0,0.0,0.0,0.0,nan,nan,4.320491531052807,2.9020157948184284,nan,0.3892,0.0517,0.0,0.0,0.0,0.0,0.0,0.0,0.0,0.0,0.0,0.0,0.0,0.0,0.0,0.0,0.0,0.0,0.0,0.0,0.0,0.0,0.0,0.0,0.0,2.1335609131640708e-05,0.0,0.0002346917004480478,0.014284190313633455,0.001749519948794538,0.01231064646895669,0.012427992319180712,0.018177938980157883,0.025858758267548538,0.019671431619372733,0.05724343930019202,0.05902496266268402,0.05124813313420098,0.06278002986985279,0.056528696394282055,0.04139108171538297,0.0830701941540431,0.09676765521655643,0.08747599743972691,0.07399189246852998,0.048079795178152335,0.0289844250053339,0.050128013654789846,0.030392575208022188,0.031683379560486453,0.011681245999573289,0.002048218476637508,0.013068060593129933,0.0023682526136121185,0.00509921058246213,0.0008427565606998079,0.00036270535523789206,0.0008214209515681673,0.00018135267761894603,0.0,0.0,0.0,0.0,0.0,0.0,0.0,0.0,0.0,0.0,0.0,0.0,0.0,0.0,0.0,0.0,0.0,0.0,0.0,0.0,0.0,0.0,0.0,0.0,0.0,0.0,0.0,0.0,0.0,0.0,0.0,0.0,0.0,0.0,0.0,0.0,0.0,0.0,0.0,0.0,0.0,0.0,0.0,0.0,nan,nan,4.320491531052807,2.9020157948184284,nan,0.8486572140835701,0.032756105454640146,0.0,0.0,0.0,0.0,0.0,0.0,0.0,0.0,0.0,0.0,0.0,0.0,0.0,0.0,0.0,0.0,0.0,0.0,0.0,0.0,0.012765957446808513,0.03829787234042554,0.3063829787234043,1.5319148936170164,7.110638297872342,12.919148936170215,6.4468085106382995,1.314893617021277,0.24255319148936175,0.07659574468085108,0.8500762361464054,0.033427535189405166,0.0,0.0,0.0,0.0,0.0,0.0,0.0,0.0,0.0,0.0,0.0,0.0,0.0,0.0,0.0,0.0,0.0,0.0,0.0,0.0,0.02567394094993582,0.01283697047496791,0.30808729139922986,1.5019255455712406,6.739409499358153,12.836970474967911,6.649550706033378,1.604621309370989,0.282413350449294,0.03851091142490373,0.3892,0.01023,0.0,0.0,0.0,0.0,0.0,0.0,0.0,0.0,0.0,0.0,0.3957446808510639,25.365957446808473,4.238297872340426,0.0,0.0,0.0,0.0,0.0,0.0,0.0,0.0,0.0,0.0,0.0,0.0,0.0,0.0,0.0,0.0,0.0,0.389,0.00993,0.0,0.0,0.0,0.0,0.0,0.0,0.0,0.0,0.0,0.0,0.4107830551989731,25.64826700898584,3.9409499358151483,0.0,0.0,0.0,0.0,0.0,0.0,0.0,0.0,0.0,0.0,0.0,0.0,0.0,0.0,0.0,0.0,0.0
47500,4784,2453,0.5127508361204013,1159,986,0.4483695652173913,1386,0.5794314381270903,0.38199999999999995,2.9558129558129558,2.9896467090721526,6.33186490455213,2.0781354357303585,8372.621697324415,506.53521075859675,7853.0,8866.4,8866.399999999998,1.8189894035458565e-12,7853.0,0.0,28.64673913043478,20.912097986800344,33.30999754360108,19.168792079991334,0.13085284280936454,0.09385451505016723,0.09218227424749163,0.08841973244147157,0.08277591973244147,0.07274247491638795,0.07023411371237458,0.06605351170568562,0.05664715719063545,0.05664715719063545,0.047658862876254184,0.04013377926421405,0.03908862876254181,0.026337792642140468,0.018603678929765888,0.010869565217391304,0.006897993311036789,0.8507802850351884,0.0334446815423275,0.0,0.0,0.0,0.0,0.0,0.0,0.0,0.0,0.0,0.0,0.0,0.0,0.0,0.0,0.0,0.0,0.0,0.0,0.0,0.0,0.0,0.018812709030100336,0.22575250836120406,1.4799331103678883,6.471571906354517,13.708193979933114,6.1266722408026775,1.4548494983277596,0.41387959866220747,0.10033444816053515,4.25344,2.827820391467605,4.166666666666667,2.852873794770615,0.9795992576988665,4.153094462540716,2.7609447943051317,4.349624060150376,2.887501128300628,1.0473212442871886,0.3896,0.01015,0.0,0.0,0.0,0.0,0.0,0.0,0.0,0.0,0.0,0.0,0.38879598662207365,25.020903010033408,4.590301003344482,0.0,0.0,0.0,0.0,0.0,0.0,0.0,0.0,0.0,0.0,0.0,0.0,0.0,0.0,0.0,0.0,0.0,nan,nan,4.253273714468221,2.8278711604386197,nan,0.3896,0.05197,0.0,0.0,0.0,0.0,0.0,0.0,0.0,0.0,0.0,0.0,0.0,0.0,0.0,0.0,0.0,0.0,0.0,0.0,0.0,0.0,3.135451505016722e-05,0.0,0.0,6.270903010033444e-05,0.0,5.225752508361204e-05,0.015332357859531772,0.0013900501672240802,0.013701923076923077,0.01175794314381271,0.01576086956521739,0.027006688963210703,0.01861413043478261,0.055967809364548496,0.05757734113712375,0.0479933110367893,0.06466346153846154,0.05394021739130435,0.04453386287625418,0.08228469899665551,0.09967600334448161,0.0867997491638796,0.07365175585284281,0.046749581939799334,0.029535953177257525,0.05128553511705686,0.030664715719063543,0.03363294314381271,0.011256270903010034,0.0021530100334448163,0.013346571906354516,0.0024247491638795986,0.00538252508361204,0.0006688963210702341,0.0006688963210702341,0.001024247491638796,0.0004076086956521739,0.0,0.0,0.0,0.0,0.0,0.0,0.0,0.0,0.0,0.0,0.0,0.0,0.0,0.0,0.0,0.0,0.0,0.0,0.0,0.0,0.0,0.0,0.0,0.0,0.0,0.0,0.0,0.0,0.0,0.0,0.0,0.0,0.0,0.0,0.0,0.0,0.0,0.0,0.0,0.0,0.0,0.0,0.0,0.0,nan,nan,4.253273714468221,2.8278711604386197,nan,0.8508243313187538,0.03349641320629216,0.0,0.0,0.0,0.0,0.0,0.0,0.0,0.0,0.0,0.0,0.0,0.0,0.0,0.0,0.0,0.0,0.0,0.0,0.0,0.0,0.0,0.024459845087647786,0.25682837342030174,1.3819812474520952,6.445169180595191,13.991031390134532,5.955972278842236,1.3942111699959236,0.45250713412148397,0.09783938035059114,0.8507339334549284,0.0333900930492711,0.0,0.0,0.0,0.0,0.0,0.0,0.0,0.0,0.0,0.0,0.0,0.0,0.0,0.0,0.0,0.0,0.0,0.0,0.0,0.0,0.0,0.012870012870012873,0.1930501930501931,1.583011583011578,6.499356499356501,13.410553410553414,6.306306306306308,1.518661518661519,0.37323037323037334,0.10296010296010298,0.3894,0.01035,0.0,0.0,0.0,0.0,0.0,0.0,0.0,0.0,0.0,0.0,0.3179779861394212,24.92458214431305,4.757439869547493,0.0,0.0,0.0,0.0,0.0,0.0,0.0,0.0,0.0,0.0,0.0,0.0,0.0,0.0,0.0,0.0,0.0,0.39,0.009926,0.0,0.0,0.0,0.0,0.0,0.0,0.0,0.0,0.0,0.0,0.4633204633204634,25.122265122265084,4.4144144144144155,0.0,0.0,0.0,0.0,0.0,0.0,0.0,0.0,0.0,0.0,0.0,0.0,0.0,0.0,0.0,0.0,0.0
47600,4541,2363,0.520369962563312,1131,919,0.45144241356529397,1262,0.5558247082140497,0.41,2.9393939393939394,3.0538479242046357,6.405448717948718,2.1964501789013546,8380.342920061661,506.2793298677398,7853.0,8866.4,8866.399999999998,1.8189894035458565e-12,7853.0,0.0,27.94318432063422,20.86015000144919,32.952956636005254,19.074558595360568,0.14027747192248402,0.0953534463774499,0.09381193569698304,0.09182999339352566,0.08147985025324818,0.06980841224399911,0.07090949130147545,0.06430301695661748,0.058577405857740586,0.05329222638185422,0.0502092050209205,0.03545474565073772,0.03215150847830874,0.02664611319092711,0.016295970050649637,0.013212948689715922,0.006386258533362696,0.8510687951342278,0.03269380281719311,0.0,0.0,0.0,0.0,0.0,0.0,0.0,0.0,0.0,0.0,0.0,0.0,0.0,0.0,0.0,0.0,0.0,0.0,0.0,0.0,0.0,0.02642589737943185,0.23783307641488663,1.446817881523889,6.573441973133672,12.717463113851577,7.194450561550321,1.4798502532481836,0.2642589737943185,0.05945826910372166,4.141148325358851,2.8331782064850013,4.416666666666667,2.812422838447701,1.0665318698247643,4.188949522510232,2.8321219468575523,4.095788043478261,2.833405862413888,0.9777601810355204,0.3896,0.00984,0.0,0.0,0.0,0.0,0.0,0.0,0.0,0.0,0.0,0.0,0.350143140277472,25.467958599427405,4.18189826029509,0.0,0.0,0.0,0.0,0.0,0.0,0.0,0.0,0.0,0.0,0.0,0.0,0.0,0.0,0.0,0.0,0.0,nan,nan,4.142273655547992,2.833148237442522,nan,0.3896,0.05222,0.0,0.0,0.0,0.0,0.0,0.0,0.0,0.0,0.0,0.0,0.0,0.0,0.0,0.0,0.0,0.0,0.0,0.0,0.0,0.0,0.0,0.0,0.0,4.4043162299053074e-05,5.505395287381634e-05,5.505395287381634e-05,0.0159766571239815,0.0017947588636864128,0.014325038537767011,0.01141818982602951,0.01607575423915437,0.026877339792997137,0.01916978639066285,0.05569257872715261,0.05538427659105924,0.04936137414666373,0.0648095133230566,0.054701607575423916,0.04489099317330984,0.08046685752036996,0.0982602950891874,0.09069588196432504,0.07308962783527857,0.04316229905307201,0.03015855538427659,0.0518277912354107,0.029608015855538426,0.032184540850033035,0.013179916317991631,0.0025324818321955517,0.013113851574543053,0.0024333847170226824,0.006000880863245981,0.0005945826910372165,0.0007046905967848492,0.0010350143140277473,0.0003193129266681348,0.0,0.0,0.0,0.0,0.0,0.0,0.0,0.0,0.0,0.0,0.0,0.0,0.0,0.0,0.0,0.0,0.0,0.0,0.0,0.0,0.0,0.0,0.0,0.0,0.0,0.0,0.0,0.0,0.0,0.0,0.0,0.0,0.0,0.0,0.0,0.0,0.0,0.0,0.0,0.0,0.0,0.0,0.0,0.0,nan,nan,4.142273655547992,2.833148237442522,nan,0.8510792857754095,0.03222601399337786,0.0,0.0,0.0,0.0,0.0,0.0,0.0,0.0,0.0,0.0,0.0,0.0,0.0,0.0,0.0,0.0,0.0,0.0,0.0,0.0,0.0,0.0,0.1777401608125265,1.4600084638171769,6.969953449005503,12.454506982649178,7.173085061362676,1.4092255607278887,0.27930596699111304,0.07617435463393991,0.8510574134147091,0.03319386676498805,0.0,0.0,0.0,0.0,0.0,0.0,0.0,0.0,0.0,0.0,0.0,0.0,0.0,0.0,0.0,0.0,0.0,0.0,0.0,0.0,0.0,0.055096418732782385,0.3030303030303031,1.4325068870523372,6.143250688705236,13.002754820936643,7.217630853994492,1.5564738292011024,0.24793388429752072,0.041322314049586785,0.3896,0.009964,0.0,0.0,0.0,0.0,0.0,0.0,0.0,0.0,0.0,0.0,0.355480321625053,25.40414727041892,4.240372407955989,0.0,0.0,0.0,0.0,0.0,0.0,0.0,0.0,0.0,0.0,0.0,0.0,0.0,0.0,0.0,0.0,0.0,0.3896,0.009705,0.0,0.0,0.0,0.0,0.0,0.0,0.0,0.0,0.0,0.0,0.34435261707988984,25.537190082644592,4.118457300275483,0.0,0.0,0.0,0.0,0.0,0.0,0.0,0.0,0.0,0.0,0.0,0.0,0.0,0.0,0.0,0.0,0.0
47700,4575,2413,0.5274316939890711,1117,901,0.4410928961748634,1273,0.5565027322404371,0.426,3.0522664199814984,3.1638199471485517,6.6790923824959485,2.1576670769904145,8387.499278688525,505.9368439878614,7853.0,8866.4,8866.399999999998,1.8189894035458565e-12,7853.0,0.0,27.886775956284154,20.87665231807805,32.94435736677116,19.068574678276395,0.14338797814207652,0.10098360655737705,0.08918032786885247,0.08677595628415301,0.07934426229508197,0.07562841530054645,0.07038251366120218,0.05639344262295082,0.0605464480874317,0.054863387978142074,0.04896174863387978,0.03825136612021858,0.034972677595628415,0.027103825136612022,0.01814207650273224,0.008524590163934427,0.006557377049180328,0.8488013326274892,0.03485858377523777,0.0,0.0,0.0,0.0,0.0,0.0,0.0,0.0,0.0,0.0,0.0,0.0,0.0,0.0,0.0,0.0,0.0,0.0,0.0,0.0,0.0,0.059016393442622966,0.45901639344262307,1.6983606557376996,6.701639344262297,12.911475409836068,6.1836065573770504,1.5672131147540989,0.36065573770491816,0.059016393442622966,4.332417582417582,2.8893407136734255,4.333333333333333,2.2484562605386733,1.0002113718030015,4.325865580448065,2.873384255843224,4.3420689655172415,2.8995045704162026,1.0037456977725827,0.39,0.01001,0.0,0.0,0.0,0.0,0.0,0.0,0.0,0.0,0.0,0.0,0.3344262295081968,24.94426229508193,4.721311475409837,0.0,0.0,0.0,0.0,0.0,0.0,0.0,0.0,0.0,0.0,0.0,0.0,0.0,0.0,0.0,0.0,0.0,nan,nan,4.332421340629275,2.8870012972028145,nan,0.39,0.05194,0.0,0.0,0.0,0.0,0.0,0.0,0.0,0.0,0.0,0.0,0.0,0.0,0.0,0.0,0.0,0.0,0.0,0.0,0.0,0.0,0.0,0.0,0.0,1.092896174863388e-05,6.557377049180328e-05,2.185792349726776e-05,0.014819672131147541,0.001366120218579235,0.014863387978142076,0.010786885245901639,0.016043715846994537,0.027398907103825136,0.02017486338797814,0.05444808743169399,0.05591256830601093,0.04792349726775956,0.06276502732240437,0.053005464480874315,0.04653551912568306,0.07852459016393443,0.09763934426229508,0.09207650273224044,0.07558469945355191,0.04377049180327869,0.0313224043715847,0.05293989071038251,0.03145355191256831,0.032153005464480876,0.012557377049180328,0.0027978142076502733,0.012830601092896176,0.002830601092896175,0.004950819672131147,0.0008852459016393442,0.0004699453551912568,0.000819672131147541,0.0002513661202185792,0.0,0.0,0.0,0.0,0.0,0.0,0.0,0.0,0.0,0.0,0.0,0.0,0.0,0.0,0.0,0.0,0.0,0.0,0.0,0.0,0.0,0.0,0.0,0.0,0.0,0.0,0.0,0.0,0.0,0.0,0.0,0.0,0.0,0.0,0.0,0.0,0.0,0.0,0.0,0.0,0.0,0.0,0.0,0.0,nan,nan,4.332421340629275,2.8870012972028145,nan,0.8487154245376587,0.03512711538598799,0.0,0.0,0.0,0.0,0.0,0.0,0.0,0.0,0.0,0.0,0.0,0.0,0.0,0.0,0.0,0.0,0.0,0.0,0.0,0.0,0.0,0.07459593866556155,0.5346042271031911,1.6659759635308693,6.427683381682554,13.265644426025696,6.029838375466226,1.5665147119767928,0.38541234977206806,0.049730625777041036,0.8488972143207183,0.0345561603872138,0.0,0.0,0.0,0.0,0.0,0.0,0.0,0.0,0.0,0.0,0.0,0.0,0.0,0.0,0.0,0.0,0.0,0.0,0.0,0.0,0.0,0.04162812210915819,0.37465309898242377,1.7345050878815857,7.00740055504163,12.516188714153564,6.355226641998152,1.5679925994449588,0.33302497687326554,0.06938020351526365,0.39,0.00997,0.0,0.0,0.0,0.0,0.0,0.0,0.0,0.0,0.0,0.0,0.33568172399502705,24.91504351429752,4.749274761707419,0.0,0.0,0.0,0.0,0.0,0.0,0.0,0.0,0.0,0.0,0.0,0.0,0.0,0.0,0.0,0.0,0.0,0.3901,0.01005,0.0,0.0,0.0,0.0,0.0,0.0,0.0,0.0,0.0,0.0,0.33302497687326554,24.976873265494874,4.690101757631823,0.0,0.0,0.0,0.0,0.0,0.0,0.0,0.0,0.0,0.0,0.0,0.0,0.0,0.0,0.0,0.0,0.0
47800,4723,2397,0.5075164090620369,1179,954,0.45161973322041077,1333,0.5644717340673301,0.422,3.0507308684436802,3.193664041118573,6.7298507462686565,2.2560376654374763,8367.317128943467,506.6427433080024,7853.0,8866.4,8866.4,0.0,7853.0,0.0,27.84691933093373,20.694762617735382,32.85811836115326,18.886567423278464,0.14080033876773237,0.09379631590091043,0.09739572305737879,0.08638577175524031,0.07939868727503706,0.07474063095490155,0.07262333262756722,0.06754181664196485,0.05759051450349354,0.0527207283506246,0.047639212365022235,0.03853482955748465,0.030277366080880795,0.022866821935210672,0.019479144611475756,0.012280330298539064,0.0059284353165360995,0.8484226907180473,0.03683789433693549,0.0,0.0,0.0,0.0,0.0,0.0,0.0,0.0,0.0,0.0,0.0,0.0,0.0,0.0,0.0,0.0,0.0,0.0,0.0,0.0,0.019055684946008896,0.10163031971204745,0.4446326487402076,1.727715435104801,7.050603430023292,12.544992589455857,5.9390218081727735,1.6006775354647473,0.374761803938175,0.19690874444209194,4.362314049586777,2.95088745870371,2.933333333333333,2.5420901286583493,0.6724259876730322,4.381664499349805,2.9621543203787346,4.3144363876071194,2.9382811763006793,0.9846569467487387,0.39,0.010025,0.0,0.0,0.0,0.0,0.0,0.0,0.0,0.0,0.0,0.0,0.32394664408215124,25.121744653821686,4.554308702096126,0.0,0.0,0.0,0.0,0.0,0.0,0.0,0.0,0.0,0.0,0.0,0.0,0.0,0.0,0.0,0.0,0.0,nan,nan,4.348281505728314,2.950515418809083,nan,0.39,0.05203,0.0,0.0,0.0,0.0,0.0,0.0,0.0,0.0,0.0,0.0,0.0,0.0,0.0,0.0,0.0,0.0,0.0,0.0,0.0,0.0,0.0,0.0,2.1172983273343213e-05,0.0,0.0001482108829134025,9.527842473004446e-05,0.0144293881007834,0.00118568706330722,0.015509210247723905,0.011560448867245394,0.016546686428117723,0.026519161549862377,0.02074952360787635,0.05586491636671607,0.05545204319288588,0.04387042134236714,0.06695955960194791,0.05177853059496083,0.04723692568282871,0.07988566589032395,0.09817912343849249,0.09323523184416685,0.07510057167054839,0.04039805208553885,0.03103959347872115,0.05112216811348719,0.032193521067118355,0.030076222739784036,0.014143552826593266,0.0033770908320982424,0.012809654880372645,0.003123015032818124,0.005145034935422401,0.0008786788058437433,0.000645775989836968,0.0004552191403768791,0.00023290281600677536,0.0,3.175947491001482e-05,0.0,0.0,0.0,0.0,0.0,0.0,0.0,0.0,0.0,0.0,0.0,0.0,0.0,0.0,0.0,0.0,0.0,0.0,0.0,0.0,0.0,0.0,0.0,0.0,0.0,0.0,0.0,0.0,0.0,0.0,0.0,0.0,0.0,0.0,0.0,0.0,0.0,0.0,0.0,0.0,0.0,0.0,nan,nan,4.348281505728314,2.950515418809083,nan,0.8490596149780375,0.03656220791258069,0.0,0.0,0.0,0.0,0.0,0.0,0.0,0.0,0.0,0.0,0.0,0.0,0.0,0.0,0.0,0.0,0.0,0.0,0.0,0.0,0.025031289111389243,0.10012515644555697,0.4130162703379225,1.6896120150187681,6.8710888610763465,12.690863579474346,5.869837296620777,1.7647058823529416,0.42553191489361714,0.15018773466833543,0.8477663246599232,0.037108417845365005,0.0,0.0,0.0,0.0,0.0,0.0,0.0,0.0,0.0,0.0,0.0,0.0,0.0,0.0,0.0,0.0,0.0,0.0,0.0,0.0,0.012897678417884783,0.10318142734307827,0.477214101461737,1.7669819432502094,7.235597592433364,12.394668959587277,6.0103181427343095,1.4316423043852111,0.3224419604471196,0.2450558899398109,0.3896,0.010056,0.0,0.0,0.0,0.0,0.0,0.0,0.0,0.0,0.0,0.0,0.3128911138923655,25.131414267834757,4.555694618272842,0.0,0.0,0.0,0.0,0.0,0.0,0.0,0.0,0.0,0.0,0.0,0.0,0.0,0.0,0.0,0.0,0.0,0.39,0.00998,0.0,0.0,0.0,0.0,0.0,0.0,0.0,0.0,0.0,0.0,0.3353396388650044,25.11177987962163,4.552880481513329,0.0,0.0,0.0,0.0,0.0,0.0,0.0,0.0,0.0,0.0,0.0,0.0,0.0,0.0,0.0,0.0,0.0
47900,4978,2538,0.5098433105664926,1219,1045,0.45480112494977903,1434,0.5761349939734833,0.38599999999999995,2.9401639344262294,3.019422370013069,6.47925608011445,2.0440251787983788,8369.675210928084,506.6018013854077,7853.0,8866.4,8866.399999999998,1.8189894035458565e-12,7853.0,0.0,28.51707513057453,21.054517272836865,33.43142857142857,19.243095554785675,0.13680192848533548,0.09742868621936521,0.08778625954198473,0.08557653676175171,0.07613499397348332,0.07794294897549217,0.07633587786259542,0.06066693451185215,0.06006428284451587,0.05464041783848935,0.047408597830454,0.038368822820409806,0.03615910004017678,0.025914021695460025,0.019686621132985135,0.009240658899156288,0.009843310566492567,0.8500612381832242,0.03431178512557381,0.0,0.0,0.0,0.0,0.0,0.0,0.0,0.0,0.0,0.0,0.0,0.0,0.0,0.0,0.0,0.0,0.0,0.0,0.0,0.0,0.0,0.05423865006026518,0.33748493370831667,1.729610285255117,6.171153073523505,12.999196464443555,6.876255524306952,1.4825231016472482,0.2772197669746887,0.07231820008035357,4.214725816389402,2.799818237761686,4.95,2.3553131426627756,1.1744536218112713,4.26387176325524,2.800944759289461,4.175182481751825,2.794192300373986,0.9791998243784644,0.3896,0.010315,0.0,0.0,0.0,0.0,0.0,0.0,0.0,0.0,0.0,0.0,0.4098031337886702,25.10044194455601,4.489754921655284,0.0,0.0,0.0,0.0,0.0,0.0,0.0,0.0,0.0,0.0,0.0,0.0,0.0,0.0,0.0,0.0,0.0,nan,nan,4.219228413962033,2.7978992455927396,nan,0.3896,0.05182,0.0,0.0,0.0,0.0,0.0,0.0,0.0,0.0,0.0,0.0,0.0,0.0,0.0,0.0,0.0,0.0,0.0,0.0,0.0,0.0,0.0,0.0,0.0,0.0,7.030936118923262e-05,3.013258336681398e-05,0.013328646042587385,0.0011651265568501407,0.01698473282442748,0.011902370429891522,0.016994777018883085,0.02648654077942949,0.019947770188830857,0.0564684612294094,0.054841301727601446,0.0424568099638409,0.06489554037766171,0.05333467255926075,0.04797107271996786,0.07947971072719968,0.10320409803133788,0.09229610285255123,0.07788268380875854,0.03869023704298915,0.03062474889513861,0.04797107271996786,0.03194053836882282,0.031046605062274007,0.013378867014865408,0.0036862193652069104,0.0127159501807955,0.002752109280835677,0.005614704700683005,0.0008336681398151869,0.0004620329449578144,0.0004017677782241864,0.00014061872237846525,0.0,0.0,0.0,0.0,0.0,0.0,0.0,0.0,0.0,0.0,0.0,0.0,0.0,0.0,0.0,0.0,0.0,0.0,0.0,0.0,0.0,0.0,0.0,0.0,0.0,0.0,0.0,0.0,0.0,0.0,0.0,0.0,0.0,0.0,0.0,0.0,0.0,0.0,0.0,0.0,0.0,0.0,0.0,0.0,nan,nan,4.219228413962033,2.7978992455927396,nan,0.8505842713176781,0.03368808088277219,0.0,0.0,0.0,0.0,0.0,0.0,0.0,0.0,0.0,0.0,0.0,0.0,0.0,0.0,0.0,0.0,0.0,0.0,0.0,0.0,0.0,0.03546099290780142,0.33096926713948,1.5721040189125246,6.087470449172578,13.309692671394801,6.808510638297874,1.477541371158393,0.33096926713948,0.04728132387706857,0.8495171979802554,0.034940424977385476,0.0,0.0,0.0,0.0,0.0,0.0,0.0,0.0,0.0,0.0,0.0,0.0,0.0,0.0,0.0,0.0,0.0,0.0,0.0,0.0,0.0,0.0737704918032787,0.3442622950819673,1.8934426229508137,6.258196721311477,12.676229508196725,6.946721311475411,1.4877049180327873,0.22131147540983612,0.09836065573770494,0.3896,0.010254,0.0,0.0,0.0,0.0,0.0,0.0,0.0,0.0,0.0,0.0,0.35460992907801425,25.236406619385306,4.408983451536644,0.0,0.0,0.0,0.0,0.0,0.0,0.0,0.0,0.0,0.0,0.0,0.0,0.0,0.0,0.0,0.0,0.0,0.3896,0.010376,0.0,0.0,0.0,0.0,0.0,0.0,0.0,0.0,0.0,0.0,0.46721311475409844,24.95901639344259,4.5737704918032795,0.0,0.0,0.0,0.0,0.0,0.0,0.0,0.0,0.0,0.0,0.0,0.0,0.0,0.0,0.0,0.0,0.0
48000,5020,2547,0.5073705179282868,1187,1047,0.4450199203187251,1445,0.5756972111553785,0.38599999999999995,2.9260008087343308,3.0179043931178726,6.405172413793103,2.069115176579507,8367.169282868525,506.6449445256804,7853.0,8866.4,8866.4,0.0,7853.0,0.0,28.21155378486056,20.932995599222473,33.05762871988663,19.207626335534638,0.13306772908366535,0.10438247011952191,0.09482071713147411,0.08645418326693227,0.07689243027888447,0.07250996015936255,0.06792828685258964,0.06912350597609562,0.054382470119521915,0.05398406374501992,0.04800796812749004,0.04203187250996016,0.0350597609561753,0.025298804780876493,0.018725099601593624,0.010756972111553785,0.006573705179282869,0.8502045455088179,0.03490953535749666,0.0,0.0,0.0,0.0,0.0,0.0,0.0,0.0,0.0,0.0,0.0,0.0,0.0,0.0,0.0,0.0,0.0,0.0,0.0,0.005976095617529882,0.02390438247011953,0.0657370517928287,0.3167330677290838,1.5836653386454134,6.645418326693228,12.555776892430282,6.747011952191237,1.6254980079681278,0.3645418326693228,0.0657370517928287,4.233106013639182,2.7707792573640457,5.260869565217392,2.540410636172442,1.2427918290415425,4.224830142063002,2.7558867117160113,4.255828220858896,2.7849639699734374,1.0073371183582678,0.39,0.01013,0.0,0.0,0.0,0.0,0.0,0.0,0.0,0.0,0.0,0.0,0.32270916334661365,24.908366533864505,4.768924302788846,0.0,0.0,0.0,0.0,0.0,0.0,0.0,0.0,0.0,0.0,0.0,0.0,0.0,0.0,0.0,0.0,0.0,nan,nan,4.240381655894121,2.7705560623562335,nan,0.39,0.05197,0.0,0.0,0.0,0.0,0.0,0.0,0.0,0.0,0.0,0.0,0.0,0.0,0.0,0.0,0.0,0.0,0.0,0.0,0.0,0.0,0.0,0.0,0.0,0.0,3.9840637450199205e-05,7.968127490039841e-05,0.013874501992031872,0.0010557768924302788,0.01803784860557769,0.013117529880478087,0.01743027888446215,0.026274900398406374,0.01953187250996016,0.05474103585657371,0.050079681274900395,0.04381474103585657,0.0628784860557769,0.053157370517928286,0.04883466135458167,0.07762948207171315,0.10661354581673307,0.09415338645418327,0.07880478087649402,0.03708167330677291,0.030278884462151396,0.04898406374501992,0.032131474103585654,0.030916334661354582,0.013705179282868525,0.0035159362549800795,0.01345617529880478,0.0030179282868525894,0.004741035856573705,0.0007370517928286853,0.00027888446215139443,0.0009561752988047809,4.9800796812749006e-05,0.0,0.0,0.0,0.0,0.0,0.0,0.0,0.0,0.0,0.0,0.0,0.0,0.0,0.0,0.0,0.0,0.0,0.0,0.0,0.0,0.0,0.0,0.0,0.0,0.0,0.0,0.0,0.0,0.0,0.0,0.0,0.0,0.0,0.0,0.0,0.0,0.0,0.0,0.0,0.0,0.0,0.0,0.0,0.0,nan,nan,4.240381655894121,2.7705560623562335,nan,0.8501704428820316,0.035385285343773706,0.0,0.0,0.0,0.0,0.0,0.0,0.0,0.0,0.0,0.0,0.0,0.0,0.0,0.0,0.0,0.0,0.0,0.0,0.0,0.011778563015312134,0.023557126030624268,0.09422850412249707,0.28268551236749123,1.6843345111896295,6.51354534746761,12.63839811542992,6.607773851590108,1.7196702002355717,0.32979976442873976,0.09422850412249707,0.850239668594311,0.03441263945226339,0.0,0.0,0.0,0.0,0.0,0.0,0.0,0.0,0.0,0.0,0.0,0.0,0.0,0.0,0.0,0.0,0.0,0.0,0.0,0.0,0.024262029923170246,0.036393044884755366,0.35179943388596857,1.47998382531338,6.781237363526083,12.470683380509506,6.8904164981803495,1.5285078851597254,0.400323493732309,0.036393044884755366,0.39,0.01011,0.0,0.0,0.0,0.0,0.0,0.0,0.0,0.0,0.0,0.0,0.23557126030624267,24.758539458186064,5.005889281507658,0.0,0.0,0.0,0.0,0.0,0.0,0.0,0.0,0.0,0.0,0.0,0.0,0.0,0.0,0.0,0.0,0.0,0.3896,0.01015,0.0,0.0,0.0,0.0,0.0,0.0,0.0,0.0,0.0,0.0,0.41245450869389416,25.06267691063482,4.52486858067125,0.0,0.0,0.0,0.0,0.0,0.0,0.0,0.0,0.0,0.0,0.0,0.0,0.0,0.0,0.0,0.0,0.0
48100,4402,2287,0.5195365742844161,1096,866,0.44570649704679693,1230,0.558836892321672,0.41,2.948936170212766,3.0045265382968434,6.246774193548387,2.1654335587587403,8379.498364379826,506.31306004080454,7853.0,8866.4,8866.399999999998,1.8189894035458565e-12,7853.0,0.0,28.720808723307588,21.021969176991032,33.537553648068666,19.22755046852443,0.1308496138119037,0.09791004089050431,0.08836892321671967,0.08655156746933212,0.0781462971376647,0.07155838255338483,0.07723761926397092,0.06428895956383462,0.05974557019536574,0.05338482507950931,0.0481599273057701,0.04338936846887778,0.03680145388459791,0.023625624716038164,0.021353930031803726,0.011812812358019082,0.0068150840527033164,0.8495679406186009,0.03536138847224131,0.0,0.0,0.0,0.0,0.0,0.0,0.0,0.0,0.0,0.0,0.0,0.0,0.0,0.0,0.0,0.0,0.0,0.0,0.0,0.020445252158109953,0.006815084052703318,0.08178100863243981,0.28623353021353937,1.6083598364379779,6.924125397546572,12.941844616083602,6.024534302589734,1.54020899591095,0.4429804634257157,0.12267151294865973,4.222260990928123,2.8496531876482734,4.157894736842105,3.264855246162279,0.9847555008502994,4.234968901174844,2.830638787591825,4.208623087621697,2.874448979512945,0.9937789829942225,0.3896,0.01001,0.0,0.0,0.0,0.0,0.0,0.0,0.0,0.0,0.0,0.0,0.3134938664243526,25.05906406179006,4.627442071785553,0.0,0.0,0.0,0.0,0.0,0.0,0.0,0.0,0.0,0.0,0.0,0.0,0.0,0.0,0.0,0.0,0.0,nan,nan,4.221837088388215,2.8525900702066855,nan,0.3896,0.0515,0.0,0.0,0.0,0.0,0.0,0.0,0.0,0.0,0.0,0.0,0.0,0.0,0.0,0.0,0.0,0.0,0.0,0.0,0.0,0.0,0.0,0.0,0.0,0.0,7.950931394820536e-05,0.00010222626079054975,0.013993639254884144,0.0008291685597455702,0.017457973648341663,0.012278509768287142,0.017219445706497048,0.02676056338028169,0.017526124488868696,0.05623580190822353,0.04845524761472058,0.046706042707860065,0.06275556565197637,0.052703316674238984,0.053748296228986824,0.07577237619263971,0.10549750113584734,0.09153793730122671,0.08148568832348932,0.038630168105406634,0.030701953657428442,0.051079054975011355,0.031701499318491595,0.029373012267151295,0.01273284870513403,0.0029986369831894594,0.012437528396183553,0.002919127669241254,0.004225352112676056,0.0005452067242162653,0.00038618809631985464,0.0009768287142208087,0.00014766015447523851,0.0,0.0,0.0,0.0,0.0,0.0,0.0,0.0,0.0,0.0,0.0,0.0,0.0,0.0,0.0,0.0,0.0,0.0,0.0,0.0,0.0,0.0,0.0,0.0,0.0,0.0,0.0,0.0,0.0,0.0,0.0,0.0,0.0,0.0,0.0,0.0,0.0,0.0,0.0,0.0,0.0,0.0,0.0,0.0,nan,nan,4.221837088388215,2.8525900702066855,nan,0.8488141294384711,0.03550319729362312,0.0,0.0,0.0,0.0,0.0,0.0,0.0,0.0,0.0,0.0,0.0,0.0,0.0,0.0,0.0,0.0,0.0,0.0,0.0,0.01311762133799738,0.01311762133799738,0.0655881066899869,0.3410581547879319,1.6528202885876642,7.135986007870574,12.724092697857458,6.0078705728028,1.521644075207696,0.3935286401399214,0.1311762133799738,0.8503830546464762,0.035189238078518426,0.0,0.0,0.0,0.0,0.0,0.0,0.0,0.0,0.0,0.0,0.0,0.0,0.0,0.0,0.0,0.0,0.0,0.0,0.0,0.02836879432624114,0.0,0.099290780141844,0.22695035460992913,1.5602836879432576,6.6950354609929095,13.17730496453901,6.042553191489364,1.5602836879432629,0.49645390070921996,0.11347517730496456,0.3894,0.009995,0.0,0.0,0.0,0.0,0.0,0.0,0.0,0.0,0.0,0.0,0.2623524267599476,25.12024486226494,4.617402710975077,0.0,0.0,0.0,0.0,0.0,0.0,0.0,0.0,0.0,0.0,0.0,0.0,0.0,0.0,0.0,0.0,0.0,0.39,0.010025,0.0,0.0,0.0,0.0,0.0,0.0,0.0,0.0,0.0,0.0,0.36879432624113484,24.992907801418404,4.638297872340426,0.0,0.0,0.0,0.0,0.0,0.0,0.0,0.0,0.0,0.0,0.0,0.0,0.0,0.0,0.0,0.0,0.0
48200,4604,2362,0.5130321459600348,1106,923,0.44070373588184186,1298,0.5638575152041703,0.41,3.0245316681534344,3.1090534798714806,6.570996978851964,2.1024238428767434,8372.9067767159,506.5278581171782,7853.0,8866.4,8866.4,0.0,7853.0,0.0,27.905951346655083,20.752629955558657,32.75341759092081,19.02690943765577,0.1372719374456994,0.10447437011294526,0.09296264118158123,0.08449174630755864,0.08231972198088619,0.07710686359687229,0.06798436142484796,0.05560382276281494,0.05668983492615117,0.05430060816681147,0.051259774109470024,0.04170286707211121,0.034969591659426584,0.024978279756733276,0.019765421372719374,0.00999131190269331,0.0041268462206776714,0.8527668996104771,0.03335947781659415,0.0,0.0,0.0,0.0,0.0,0.0,0.0,0.0,0.0,0.0,0.0,0.0,0.0,0.0,0.0,0.0,0.0,0.0,0.0,0.0,0.0,0.0,0.2345786272806256,1.3618592528236275,5.98827106863597,12.99956559513467,7.317549956559515,1.6681146828844486,0.3192875760208515,0.11077324066029542,4.319378798109385,2.894957527743204,6.2,3.1874754901018454,1.4353915898077225,4.252680965147453,2.9066969078840255,4.393220338983051,2.884433052819305,1.0330472412549585,0.3896,0.01028,0.0,0.0,0.0,0.0,0.0,0.0,0.0,0.0,0.0,0.0,0.34535186794092104,24.89791485664636,4.756733275412685,0.0,0.0,0.0,0.0,0.0,0.0,0.0,0.0,0.0,0.0,0.0,0.0,0.0,0.0,0.0,0.0,0.0,nan,nan,4.3225480283114255,2.896502635069856,nan,0.3896,0.05148,0.0,0.0,0.0,0.0,0.0,0.0,0.0,0.0,0.0,0.0,0.0,0.0,0.0,0.0,0.0,0.0,0.0,0.0,0.0,0.0,0.0,0.0,0.0,0.0,0.00011946133796698524,4.3440486533449174e-05,0.014976107732406603,0.0007602085143353606,0.016116420503909643,0.011631190269331017,0.018635968722849696,0.024272371850564727,0.01699609035621199,0.05894874022589053,0.04587315377932233,0.047480451781059946,0.061109904430929625,0.056700695047784536,0.054908774978279756,0.07691138140747177,0.10034752389226759,0.09259339704604691,0.08357949609035621,0.03836880973066898,0.03275412684622068,0.04909860990443093,0.031385751520417025,0.03000651607298002,0.01235881841876629,0.0029430929626411816,0.010718940052128584,0.002845351867940921,0.004800173761946133,0.000629887054735013,0.00021720243266724586,0.001661598609904431,0.00020634231103388358,0.0,0.0,0.0,0.0,0.0,0.0,0.0,0.0,0.0,0.0,0.0,0.0,0.0,0.0,0.0,0.0,0.0,0.0,0.0,0.0,0.0,0.0,0.0,0.0,0.0,0.0,0.0,0.0,0.0,0.0,0.0,0.0,0.0,0.0,0.0,0.0,0.0,0.0,0.0,0.0,0.0,0.0,0.0,0.0,nan,nan,4.3225480283114255,2.896502635069856,nan,0.8528651780086892,0.03354947568464693,0.0,0.0,0.0,0.0,0.0,0.0,0.0,0.0,0.0,0.0,0.0,0.0,0.0,0.0,0.0,0.0,0.0,0.0,0.0,0.0,0.0,0.0,0.22861981371718887,1.4098221845893266,5.804403048264184,13.24724809483489,7.214225232853516,1.6130397967823882,0.36833192209991544,0.11430990685859443,0.852663360994698,0.03315781783263241,0.0,0.0,0.0,0.0,0.0,0.0,0.0,0.0,0.0,0.0,0.0,0.0,0.0,0.0,0.0,0.0,0.0,0.0,0.0,0.0,0.0,0.0,0.24085637823371994,1.311329170383582,6.1819803746654785,12.738626226583412,7.4264049955396985,1.7261373773416597,0.2676181980374666,0.10704727921498665,0.3896,0.01018,0.0,0.0,0.0,0.0,0.0,0.0,0.0,0.0,0.0,0.0,0.3810330228619815,25.046570702794206,4.572396274343777,0.0,0.0,0.0,0.0,0.0,0.0,0.0,0.0,0.0,0.0,0.0,0.0,0.0,0.0,0.0,0.0,0.0,0.3896,0.010376,0.0,0.0,0.0,0.0,0.0,0.0,0.0,0.0,0.0,0.0,0.30776092774308655,24.741302408563747,4.950936663693132,0.0,0.0,0.0,0.0,0.0,0.0,0.0,0.0,0.0,0.0,0.0,0.0,0.0,0.0,0.0,0.0,0.0
48300,4619,2353,0.5094176228620914,1108,954,0.4464169733708595,1325,0.5737172548170599,0.40599999999999997,2.973080317740512,3.0970872843176918,6.584375,2.0906950660904617,8369.243819008445,506.61011193888925,7853.0,8866.4,8866.399999999998,1.8189894035458565e-12,7853.0,0.0,27.956917081619398,20.807088376694498,32.97311966916516,19.006693087594844,0.1392076206971206,0.10435159125351808,0.09092877246157177,0.08335137475644079,0.08053691275167785,0.07339250920112579,0.06927906473262611,0.067330591037021,0.05520675470881143,0.05022732193115393,0.05195929854946958,0.04264992422602295,0.033340549902576316,0.02359818142455077,0.018835245724182725,0.01212383632820957,0.0036804503139207623,0.8525978311570492,0.03504109513204072,0.0,0.0,0.0,0.0,0.0,0.0,0.0,0.0,0.0,0.0,0.0,0.0,0.0,0.0,0.0,0.0,0.0,0.0,0.0,0.0,0.0064949123186836995,0.05845421086815329,0.2792812297033991,1.4418705347477763,6.248105650573719,12.372807967092447,7.261311972288376,1.7990907122753848,0.42866421303312413,0.10391859709893919,4.398855604173679,2.9238256932142224,4.333333333333333,3.091206165165234,0.9851047006912029,4.401320132013201,2.932012606933753,4.395649218218899,2.9171347511477608,0.9987115425317383,0.3901,0.01031,0.0,0.0,0.0,0.0,0.0,0.0,0.0,0.0,0.0,0.0,0.44814894998917526,24.55076856462434,5.001082485386448,0.0,0.0,0.0,0.0,0.0,0.0,0.0,0.0,0.0,0.0,0.0,0.0,0.0,0.0,0.0,0.0,0.0,nan,nan,4.398526456798392,2.924694127412003,nan,0.3901,0.0512,0.0,0.0,0.0,0.0,0.0,0.0,0.0,0.0,0.0,0.0,0.0,0.0,0.0,0.0,0.0,0.0,0.0,0.0,0.0,0.0,0.0,0.0,0.0,0.0,0.00021649707728945658,0.0001840225156960381,0.01411560943927257,0.0006711409395973154,0.012805802121671357,0.012751677852348993,0.01951721151764451,0.022061052175795626,0.016020783719419788,0.057490798874215196,0.04772678068846071,0.04851699502056722,0.06144187053474778,0.060002164970772896,0.055867070794544275,0.07790647326261095,0.1015154795410262,0.0913942411777441,0.07974669841957134,0.03636068413076424,0.03424983762719203,0.05119073392509201,0.03010391859709894,0.03025546655120156,0.012849101537129249,0.002911885689543191,0.011755791296817492,0.0025871400736090064,0.00443819008443386,0.0007902143321065166,0.00030309590820523923,0.0020458973803853648,0.00020567222342498376,0.0,0.0,0.0,0.0,0.0,0.0,0.0,0.0,0.0,0.0,0.0,0.0,0.0,0.0,0.0,0.0,0.0,0.0,0.0,0.0,0.0,0.0,0.0,0.0,0.0,0.0,0.0,0.0,0.0,0.0,0.0,0.0,0.0,0.0,0.0,0.0,0.0,0.0,0.0,0.0,0.0,0.0,0.0,0.0,nan,nan,4.398526456798392,2.924694127412003,nan,0.8521970577610841,0.035334845129280985,0.0,0.0,0.0,0.0,0.0,0.0,0.0,0.0,0.0,0.0,0.0,0.0,0.0,0.0,0.0,0.0,0.0,0.0,0.0,0.0,0.0,0.03824904377390566,0.30599235019124527,1.568210794730127,6.336591585210371,12.150446238844031,7.254568635784107,1.8104547386315346,0.39524011899702516,0.14024649383765408,0.8530139917045806,0.03472854346055752,0.0,0.0,0.0,0.0,0.0,0.0,0.0,0.0,0.0,0.0,0.0,0.0,0.0,0.0,0.0,0.0,0.0,0.0,0.0,0.0,0.013239187996469552,0.07943512797881731,0.2515445719329215,1.3106796116504815,6.156222418358342,12.603706972639015,7.268314210061784,1.7872903795233896,0.46337157987643435,0.06619593998234777,0.3904,0.010284,0.0,0.0,0.0,0.0,0.0,0.0,0.0,0.0,0.0,0.0,0.3824904377390566,24.50488737781552,5.11262218444539,0.0,0.0,0.0,0.0,0.0,0.0,0.0,0.0,0.0,0.0,0.0,0.0,0.0,0.0,0.0,0.0,0.0,0.39,0.01033,0.0,0.0,0.0,0.0,0.0,0.0,0.0,0.0,0.0,0.0,0.5163283318623125,24.59841129744039,4.885260370697265,0.0,0.0,0.0,0.0,0.0,0.0,0.0,0.0,0.0,0.0,0.0,0.0,0.0,0.0,0.0,0.0,0.0
48400,4544,2399,0.5279489436619719,1118,869,0.4372799295774648,1226,0.539612676056338,0.422,3.044755244755245,3.108279303967094,6.520249221183801,2.0371307016294264,8388.023459507043,505.90776989640386,7853.0,8866.4,8866.399999999998,1.8189894035458565e-12,7853.0,0.0,28.68111795774648,21.23749082890719,33.57302785732882,19.451176976761893,0.1366637323943662,0.09507042253521127,0.09815140845070422,0.07570422535211267,0.0801056338028169,0.08032570422535211,0.06338028169014084,0.058758802816901406,0.06602112676056338,0.05457746478873239,0.04401408450704225,0.03939260563380282,0.037852112676056336,0.02970950704225352,0.02112676056338028,0.01210387323943662,0.007042253521126761,0.8499423938895195,0.03380501943987495,0.0,0.0,0.0,0.0,0.0,0.0,0.0,0.0,0.0,0.0,0.0,0.0,0.0,0.0,0.0,0.0,0.0,0.0,0.0,0.0,0.00660211267605634,0.03961267605633804,0.3036971830985916,1.4656690140845023,6.826584507042255,12.893926056338032,6.4568661971831,1.6043133802816905,0.3235035211267606,0.07922535211267608,4.20339558573854,2.8942402872111943,4.923076923076923,2.758526319544786,1.1712142772810032,4.244035446489434,2.9062417033950707,4.169684775318578,2.881527204233086,0.9824811380328228,0.3901,0.00989,0.0,0.0,0.0,0.0,0.0,0.0,0.0,0.0,0.0,0.0,0.349911971830986,25.0352112676056,4.614876760563381,0.0,0.0,0.0,0.0,0.0,0.0,0.0,0.0,0.0,0.0,0.0,0.0,0.0,0.0,0.0,0.0,0.0,nan,nan,4.206558485463151,2.894049335606475,nan,0.3901,0.05084,0.0,0.0,0.0,0.0,0.0,0.0,0.0,0.0,0.0,0.0,0.0,0.0,0.0,0.0,0.0,0.0,0.0,0.0,1.1003521126760564e-05,0.0,0.0,0.0,1.1003521126760564e-05,0.0,0.00019806338028169015,0.00023107394366197182,0.01466769366197183,0.0007042253521126761,0.012422975352112677,0.010992517605633802,0.020257482394366196,0.020257482394366196,0.01500880281690141,0.06091549295774648,0.04774427816901408,0.04652288732394366,0.060453345070422534,0.06602112676056338,0.05563380281690141,0.07880721830985915,0.10207966549295774,0.09102112676056338,0.0762544014084507,0.03699383802816902,0.036806778169014086,0.05110035211267606,0.029412411971830987,0.02967649647887324,0.012026848591549295,0.0026298415492957746,0.011696742957746479,0.001969630281690141,0.004346390845070423,0.0006161971830985916,0.0003631161971830986,0.0020246478873239436,0.0001210387323943662,0.0,0.0,0.0,0.0,0.0,0.0,0.0,0.0,0.0,0.0,0.0,0.0,0.0,0.0,0.0,0.0,0.0,0.0,0.0,0.0,0.0,0.0,0.0,0.0,0.0,0.0,0.0,0.0,0.0,0.0,0.0,0.0,0.0,0.0,0.0,0.0,0.0,0.0,0.0,0.0,0.0,0.0,0.0,0.0,nan,nan,4.206558485463151,2.894049335606475,nan,0.8499296034758863,0.03382029845303205,0.0,0.0,0.0,0.0,0.0,0.0,0.0,0.0,0.0,0.0,0.0,0.0,0.0,0.0,0.0,0.0,0.0,0.0,0.0,0.0,0.0,0.025010421008753652,0.36265110462692796,1.338057523968316,6.927886619424762,12.867861609003755,6.477699041267196,1.6256773655689876,0.287619841600667,0.08753647353063779,0.8499566988789397,0.03378791724295802,0.0,0.0,0.0,0.0,0.0,0.0,0.0,0.0,0.0,0.0,0.0,0.0,0.0,0.0,0.0,0.0,0.0,0.0,0.0,0.0,0.01398601398601399,0.05594405594405596,0.23776223776223782,1.6083916083916032,6.713286713286715,12.923076923076927,6.433566433566435,1.5804195804195809,0.36363636363636376,0.06993006993006995,0.3901,0.00972,0.0,0.0,0.0,0.0,0.0,0.0,0.0,0.0,0.0,0.0,0.35014589412255115,24.960400166736104,4.68945393914131,0.0,0.0,0.0,0.0,0.0,0.0,0.0,0.0,0.0,0.0,0.0,0.0,0.0,0.0,0.0,0.0,0.0,0.39,0.01006,0.0,0.0,0.0,0.0,0.0,0.0,0.0,0.0,0.0,0.0,0.3496503496503497,25.11888111888108,4.531468531468533,0.0,0.0,0.0,0.0,0.0,0.0,0.0,0.0,0.0,0.0,0.0,0.0,0.0,0.0,0.0,0.0,0.0
48500,4846,2477,0.511143210895584,1134,1032,0.44696657036731324,1389,0.5732562938505984,0.39799999999999996,2.9248628113127904,3.043696513761271,6.510802469135802,2.1365154156886828,8370.992529921585,506.5741493285755,7853.0,8866.4,8866.4,0.0,7853.0,0.0,27.602765167148164,20.756515085112184,32.64739313071411,18.997508257387484,0.14156004952538176,0.10689228229467602,0.09038382170862568,0.08439950474618242,0.07738340899711102,0.07944696657036732,0.07449442839455221,0.05963681386710689,0.06190672719768882,0.04539826661163846,0.04560462236896409,0.04044572843582336,0.03363598844407759,0.026207181180354932,0.018984729673957902,0.008873297565002063,0.0047461824184894755,0.8498778526467131,0.03438644229782173,0.0,0.0,0.0,0.0,0.0,0.0,0.0,0.0,0.0,0.0,0.0,0.0,0.0,0.0,0.0,0.0,0.0,0.0,0.0,0.0,0.006190672719768883,0.05571605447791995,0.3219149814279819,1.6529096161782864,6.642591828312011,12.765167148163437,6.555922410235247,1.5414775072224518,0.37763103590590186,0.08047874535699548,4.254863813229572,2.8392787078191097,4.117647058823529,2.825979329285721,0.9677506119045697,4.198979591836735,2.7647930467614104,4.310502283105023,2.9123083732364656,1.026559474469726,0.39,0.009865,0.0,0.0,0.0,0.0,0.0,0.0,0.0,0.0,0.0,0.0,0.2847709451093686,25.183656624019775,4.531572430870822,0.0,0.0,0.0,0.0,0.0,0.0,0.0,0.0,0.0,0.0,0.0,0.0,0.0,0.0,0.0,0.0,0.0,nan,nan,4.254111576910674,2.8392240468926593,nan,0.39,0.051,0.0,0.0,0.0,0.0,0.0,0.0,0.0,0.0,0.0,0.0,0.0,0.0,0.0,0.0,0.0,0.0,0.0,0.0,0.0,0.0,0.0,0.0,0.0,3.0953363598844406e-05,0.0002579446966570367,6.190672719768881e-05,0.015765579859678084,0.0005984316962443252,0.013052001650846058,0.009657449442839455,0.021027651671481636,0.019531572430870822,0.014548080891456872,0.06427981840693356,0.046450680973999174,0.046460998761865456,0.06552827073875361,0.06181386710689228,0.05377631035905902,0.07927156417664052,0.09793644242674371,0.09195212546430045,0.07633099463475031,0.03567891044160132,0.037092447379281884,0.05223895996698308,0.03293437886917045,0.03068510111432109,0.010947172926124639,0.002404044572843582,0.009946347503095336,0.0014651258770119685,0.005035080478745357,0.0006087494841106066,0.0002992158481221626,0.002228642179116797,8.254230293025175e-05,0.0,2.0635575732562937e-05,0.0,0.0,0.0,0.0,0.0,0.0,0.0,0.0,0.0,0.0,0.0,0.0,0.0,0.0,0.0,0.0,0.0,0.0,0.0,0.0,0.0,0.0,0.0,0.0,0.0,0.0,0.0,0.0,0.0,0.0,0.0,0.0,0.0,0.0,0.0,0.0,0.0,0.0,0.0,0.0,0.0,0.0,nan,nan,4.254111576910674,2.8392240468926593,nan,0.8488465246049252,0.033035482911058865,0.0,0.0,0.0,0.0,0.0,0.0,0.0,0.0,0.0,0.0,0.0,0.0,0.0,0.0,0.0,0.0,0.0,0.0,0.0,0.0,0.0,0.024222850222042798,0.3148970528865564,1.610819539765841,6.927735163504241,12.947113443681877,6.503835284618492,1.271699636657247,0.3754541784416634,0.024222850222042798,0.8509561977541462,0.035712591185349696,0.0,0.0,0.0,0.0,0.0,0.0,0.0,0.0,0.0,0.0,0.0,0.0,0.0,0.0,0.0,0.0,0.0,0.0,0.0,0.0,0.012663571127057833,0.08864499788940483,0.3292528493035037,1.696918531025744,6.344449134655974,12.574926129168428,6.610384128324189,1.823554242296328,0.379907133811735,0.13929928239763617,0.39,0.00991,0.0,0.0,0.0,0.0,0.0,0.0,0.0,0.0,0.0,0.0,0.3391199031085992,25.058538554703233,4.602341542188132,0.0,0.0,0.0,0.0,0.0,0.0,0.0,0.0,0.0,0.0,0.0,0.0,0.0,0.0,0.0,0.0,0.0,0.39,0.00981,0.0,0.0,0.0,0.0,0.0,0.0,0.0,0.0,0.0,0.0,0.227944280287041,25.314478682988565,4.4575770367243575,0.0,0.0,0.0,0.0,0.0,0.0,0.0,0.0,0.0,0.0,0.0,0.0,0.0,0.0,0.0,0.0,0.0
48600,4664,2417,0.5182246998284734,1152,933,0.447041166380789,1309,0.5613207547169812,0.426,3.0209167779261237,3.1750597491960066,6.695721077654516,2.1976714542387854,8378.168910806175,506.36329777505927,7853.0,8866.4,8866.4,0.0,7853.0,0.0,28.288807890222984,20.984761152731604,33.20341140529531,19.214822079521056,0.13657804459691253,0.09905660377358491,0.09176672384219554,0.08640651801029159,0.08083190394511149,0.07289879931389365,0.06882504288164666,0.0630360205831904,0.05981989708404803,0.05274442538593482,0.05038593481989708,0.037307032590051456,0.03409090909090909,0.03237564322469983,0.01650943396226415,0.010934819897084048,0.006432246998284734,0.849527038978876,0.03488460001909534,0.0,0.0,0.0,0.0,0.0,0.0,0.0,0.0,0.0,0.0,0.0,0.0,0.0,0.0,0.0,0.0,0.0,0.0,0.0,0.0,0.006432246998284735,0.05789022298456262,0.35377358490566047,1.6016295025728937,6.837478559176674,12.993138936535166,6.149228130360207,1.4665523156089197,0.45025728987993147,0.08361921097770157,4.296210106382978,2.9507863175813864,3.3529411764705883,2.8889480371314527,0.780441620275751,4.236877523553163,2.9671393557997447,4.34307992202729,2.9349514632661524,1.0250661950655262,0.3894,0.0096,0.0,0.0,0.0,0.0,0.0,0.0,0.0,0.0,0.0,0.0,0.26372212692967417,25.8962264150943,3.8400514579759872,0.0,0.0,0.0,0.0,0.0,0.0,0.0,0.0,0.0,0.0,0.0,0.0,0.0,0.0,0.0,0.0,0.0,nan,nan,4.290909090909091,2.9512849141735025,nan,0.3894,0.0506,0.0,0.0,0.0,0.0,0.0,0.0,0.0,0.0,0.0,0.0,0.0,0.0,0.0,0.0,0.0,0.0,0.0,0.0,0.0,0.0,0.0,4.288164665523156e-05,0.0,0.0001179245283018868,0.0005789022298456261,0.00016080617495711836,0.013153945111492281,0.0004395368782161235,0.013250428816466552,0.008372641509433962,0.022341337907375643,0.020197255574614065,0.015480274442538593,0.06689536878216124,0.04477915951972556,0.04870283018867925,0.06319682675814751,0.06529802744425386,0.055756861063464835,0.0797384219554031,0.10375214408233276,0.08781089193825042,0.0737778730703259,0.03390866209262436,0.03475557461406518,0.054491852487135506,0.030295883361921096,0.029138078902229844,0.01138507718696398,0.0019832761578044596,0.010388078902229845,0.001265008576329331,0.004984991423670669,0.0007933104631217838,0.0002251286449399657,0.0024978559176672384,4.288164665523156e-05,0.0,0.0,0.0,0.0,0.0,0.0,0.0,0.0,0.0,0.0,0.0,0.0,0.0,0.0,0.0,0.0,0.0,0.0,0.0,0.0,0.0,0.0,0.0,0.0,0.0,0.0,0.0,0.0,0.0,0.0,0.0,0.0,0.0,0.0,0.0,0.0,0.0,0.0,0.0,0.0,0.0,0.0,0.0,0.0,nan,nan,4.290909090909091,2.9512849141735025,nan,0.8494456946775841,0.0345293925290978,0.0,0.0,0.0,0.0,0.0,0.0,0.0,0.0,0.0,0.0,0.0,0.0,0.0,0.0,0.0,0.0,0.0,0.0,0.0,0.0,0.012412081092263138,0.04964832436905255,0.3351261894911048,1.6632188663632552,6.702523789822095,13.107157633429875,6.181216383947043,1.3777410012412086,0.5088953247827886,0.06206040546131569,0.8496145374996693,0.035262477621605996,0.0,0.0,0.0,0.0,0.0,0.0,0.0,0.0,0.0,0.0,0.0,0.0,0.0,0.0,0.0,0.0,0.0,0.0,0.0,0.0,0.0,0.06675567423230976,0.3738317757009347,1.5353805073431193,6.9826435246996015,12.870493991989322,6.114819759679574,1.5620827770360484,0.3871829105473966,0.10680907877169563,0.3894,0.00964,0.0,0.0,0.0,0.0,0.0,0.0,0.0,0.0,0.0,0.0,0.23582954075299964,25.730244104261445,4.03392635498552,0.0,0.0,0.0,0.0,0.0,0.0,0.0,0.0,0.0,0.0,0.0,0.0,0.0,0.0,0.0,0.0,0.0,0.3894,0.009544,0.0,0.0,0.0,0.0,0.0,0.0,0.0,0.0,0.0,0.0,0.2937249666221629,26.07476635514015,3.631508678237651,0.0,0.0,0.0,0.0,0.0,0.0,0.0,0.0,0.0,0.0,0.0,0.0,0.0,0.0,0.0,0.0,0.0
48700,4924,2516,0.5109666937449229,1207,1007,0.4496344435418359,1391,0.5649878147847278,0.36599999999999994,2.806893687707641,2.9375565001128923,6.178674351585014,2.000664291841716,8370.813647441104,506.578105370292,7853.0,8866.4,8866.4,0.0,7853.0,0.0,28.870227457351746,21.115981197434124,33.65836724922193,19.337553722621042,0.13220958570268074,0.09545085296506906,0.09240454914703493,0.08265637692932574,0.07879772542648253,0.07351746547522339,0.07229894394800974,0.06295694557270512,0.06255077173030058,0.05706742485783915,0.046913078797725424,0.039601949634443544,0.03736799350121852,0.02619821283509342,0.018480909829406988,0.012388302193338748,0.009138911454102356,0.8490528010987926,0.034175663932016175,0.0,0.0,0.0,0.0,0.0,0.0,0.0,0.0,0.0,0.0,0.0,0.0,0.0,0.0,0.0,0.0,0.0,0.0,0.0,0.0,0.006092607636068239,0.07311129163281886,0.2863525588952072,1.7424857839155103,6.671405361494721,13.099106417546713,6.324126726238831,1.3647441104792855,0.34118602761982136,0.09138911454102358,4.084080370942813,2.812487617096755,3.7777777777777777,2.6782157318208775,0.9250008409863087,4.159275452841974,2.773838786086227,4.007869249394673,2.8462304304626653,0.963597937870682,0.3892,0.009674,0.0,0.0,0.0,0.0,0.0,0.0,0.0,0.0,0.0,0.0,0.3107229894394801,25.79610073111288,3.893176279447604,0.0,0.0,0.0,0.0,0.0,0.0,0.0,0.0,0.0,0.0,0.0,0.0,0.0,0.0,0.0,0.0,0.0,nan,nan,4.082385490316631,2.811854089568883,nan,0.3892,0.0506,0.0,0.0,0.0,0.0,0.0,0.0,0.0,0.0,0.0,0.0,0.0,0.0,0.0,0.0,0.0,0.0,0.0,0.0,0.0,0.0,5.077173030056864e-05,0.0,0.0,0.00012185215272136474,0.0007412672623883022,0.00017262388302193338,0.014277010560519903,0.0003046303818034119,0.013241267262388301,0.007534524776604387,0.02333468724614135,0.020897644191714054,0.01429731925264013,0.06773964256701868,0.04262794476035743,0.05101543460601137,0.06396222583265637,0.06580016246953696,0.05386880584890333,0.07732534524776605,0.10722989439480098,0.08656580016246954,0.07103980503655564,0.03415922014622259,0.03545897644191714,0.05757514216084484,0.028970349309504467,0.029782696994313566,0.010824532900081235,0.002122258326563769,0.009372461413484972,0.0016754670999187652,0.004945166531275386,0.000710804224207961,0.00011169780666125102,0.002142567018683997,0.0,0.0,0.0,0.0,0.0,0.0,0.0,0.0,0.0,0.0,0.0,0.0,0.0,0.0,0.0,0.0,0.0,0.0,0.0,0.0,0.0,0.0,0.0,0.0,0.0,0.0,0.0,0.0,0.0,0.0,0.0,0.0,0.0,0.0,0.0,0.0,0.0,0.0,0.0,0.0,0.0,0.0,0.0,0.0,0.0,nan,nan,4.082385490316631,2.811854089568883,nan,0.8483627105934253,0.03379026082704054,0.0,0.0,0.0,0.0,0.0,0.0,0.0,0.0,0.0,0.0,0.0,0.0,0.0,0.0,0.0,0.0,0.0,0.0,0.0,0.0,0.011923688394276632,0.08346581875993643,0.29809220985691576,1.669316375198723,6.927662957074723,13.056438791732912,6.224165341812402,1.3235294117647063,0.3457869634340223,0.05961844197138316,0.8497738425072245,0.034559045495030756,0.0,0.0,0.0,0.0,0.0,0.0,0.0,0.0,0.0,0.0,0.0,0.0,0.0,0.0,0.0,0.0,0.0,0.0,0.0,0.0,0.0,0.062292358803986723,0.2740863787375416,1.8189368770764063,6.403654485049835,13.143687707641199,6.42857142857143,1.4078073089701,0.33637873754152836,0.12458471760797345,0.3892,0.009636,0.0,0.0,0.0,0.0,0.0,0.0,0.0,0.0,0.0,0.0,0.3338632750397457,26.04133545310012,3.624801271860096,0.0,0.0,0.0,0.0,0.0,0.0,0.0,0.0,0.0,0.0,0.0,0.0,0.0,0.0,0.0,0.0,0.0,0.3892,0.00971,0.0,0.0,0.0,0.0,0.0,0.0,0.0,0.0,0.0,0.0,0.28654485049833894,25.539867109634514,4.17358803986711,0.0,0.0,0.0,0.0,0.0,0.0,0.0,0.0,0.0,0.0,0.0,0.0,0.0,0.0,0.0,0.0,0.0
48800,4855,2501,0.5151390319258496,1181,992,0.44757981462409885,1397,0.5754891864057673,0.38999999999999996,3.0174171622769754,3.065850902629905,6.485632183908046,2.1595339009399743,8375.041894953658,506.4676853060131,7853.0,8866.4,8866.4,0.0,7853.0,0.0,28.418743563336765,21.037966240825185,33.349058909802004,19.240616056976148,0.1380020597322348,0.09268795056642637,0.09474768280123584,0.08712667353244079,0.07929969104016478,0.07600411946446962,0.07126673532440783,0.06323377960865087,0.05808444902162719,0.04819773429454171,0.04593202883625129,0.046343975283213185,0.03604531410916581,0.025334706488156538,0.018331616889804326,0.01153450051493306,0.007826982492276004,0.8494497924459951,0.0344553207398268,0.0,0.0,0.0,0.0,0.0,0.0,0.0,0.0,0.0,0.0,0.0,0.0,0.0,0.0,0.0,0.0,0.0,0.0,0.0,0.0,0.0,0.0741503604531411,0.3151390319258497,1.6065911431513853,6.90834191555098,12.753861997940271,6.55612770339856,1.2852729145211126,0.3831101956745624,0.11740473738414009,4.254988913525499,2.8731901066330376,4.565217391304348,2.856359600983799,1.0729093504316107,4.270219435736677,2.88662849874711,4.245580808080808,2.8598877151856947,0.994230126103199,0.3892,0.009674,0.0,0.0,0.0,0.0,0.0,0.0,0.0,0.0,0.0,0.0,0.2966014418125644,25.73635427394435,3.967044284243049,0.0,0.0,0.0,0.0,0.0,0.0,0.0,0.0,0.0,0.0,0.0,0.0,0.0,0.0,0.0,0.0,0.0,nan,nan,4.257232704402516,2.873188991971205,nan,0.3892,0.05026,0.0,0.0,0.0,0.0,0.0,0.0,0.0,0.0,0.0,0.0,0.0,0.0,0.0,0.0,0.0,0.0,0.0,0.0,0.0,0.0,0.0,0.0,0.0,0.00012358393408856848,0.0008238928939237899,0.00020597322348094748,0.013975283213182286,0.00021627188465499485,0.013944387229660144,0.005901132852729145,0.023305870236869208,0.02022657054582904,0.01627188465499485,0.06467559217301751,0.042090628218331615,0.05216271884654995,0.0629145211122554,0.06697219361483008,0.054037075180226574,0.08150360453141092,0.10894953656024717,0.0856951596292482,0.06971163748712668,0.03372811534500515,0.036910401647785786,0.05522142121524202,0.028063851699279094,0.0313697219361483,0.00969104016477858,0.0019876416065911433,0.010216271884654994,0.0018743563336766221,0.0048403707518022655,0.0006179196704428424,0.00020597322348094748,0.0014727085478887744,6.179196704428424e-05,0.0,0.0,3.089598352214212e-05,0.0,0.0,0.0,0.0,0.0,0.0,0.0,0.0,0.0,0.0,0.0,0.0,0.0,0.0,0.0,0.0,0.0,0.0,0.0,0.0,0.0,0.0,0.0,0.0,0.0,0.0,0.0,0.0,0.0,0.0,0.0,0.0,0.0,0.0,0.0,0.0,0.0,0.0,0.0,0.0,0.0,nan,nan,4.257232704402516,2.873188991971205,nan,0.8495132643573049,0.03401931577855189,0.0,0.0,0.0,0.0,0.0,0.0,0.0,0.0,0.0,0.0,0.0,0.0,0.0,0.0,0.0,0.0,0.0,0.0,0.0,0.0,0.0,0.05997600959616155,0.31187524990004006,1.5473810475809628,6.993202718912436,12.77489004398241,6.537385045981609,1.3434626149540188,0.31187524990004006,0.1199520191923231,0.849382356910657,0.03491246124872054,0.0,0.0,0.0,0.0,0.0,0.0,0.0,0.0,0.0,0.0,0.0,0.0,0.0,0.0,0.0,0.0,0.0,0.0,0.0,0.0,0.0,0.08920985556499578,0.31860662701784204,1.6694987255734868,6.81818181818182,12.731520815632969,6.57604078164826,1.2234494477485134,0.4587935429056925,0.11469838572642313,0.3892,0.00962,0.0,0.0,0.0,0.0,0.0,0.0,0.0,0.0,0.0,0.0,0.22790883646541388,25.885645741703282,3.8864454218312683,0.0,0.0,0.0,0.0,0.0,0.0,0.0,0.0,0.0,0.0,0.0,0.0,0.0,0.0,0.0,0.0,0.0,0.3892,0.009735,0.0,0.0,0.0,0.0,0.0,0.0,0.0,0.0,0.0,0.0,0.3695836873406968,25.577740016992315,4.05267629566695,0.0,0.0,0.0,0.0,0.0,0.0,0.0,0.0,0.0,0.0,0.0,0.0,0.0,0.0,0.0,0.0,0.0
48900,4647,2392,0.5147406929201636,1142,915,0.4426511727996557,1280,0.5508930492791048,0.414,3.03059866962306,3.1225443525452796,6.673374613003096,2.073749406173074,8374.638218205293,506.47975244510104,7853.0,8866.4,8866.4,0.0,7853.0,0.0,28.19216698945556,20.893271959811884,32.899187404774,19.217864138124476,0.131697869593286,0.10329244673983215,0.09640628362384333,0.08414030557348827,0.07833010544437272,0.07682375726275016,0.07230471271788251,0.06111469765440069,0.05767161609640628,0.05379814934366258,0.04820314181192167,0.04346890466967936,0.03227888960619755,0.024101570905960833,0.015063481816225521,0.013341941037228319,0.00796212610286206,0.8494302399034831,0.03367440875185679,0.0,0.0,0.0,0.0,0.0,0.0,0.0,0.0,0.0,0.0,0.0,0.0,0.0,0.0,0.0,0.0,0.0,0.0,0.0,0.0,0.01936733376371853,0.07746933505487412,0.3227888960619755,1.4525500322788851,6.849580374435121,12.94383473208522,6.546158812136864,1.4719173660426086,0.2388637830858619,0.07746933505487412,4.267586671154493,2.8622749998030472,4.285714285714286,2.913725436338734,1.0042477437382398,4.270916334661354,2.8716994028734257,4.264468371467026,2.8534251253840983,0.9984902623490891,0.389,0.00981,0.0,0.0,0.0,0.0,0.0,0.0,0.0,0.0,0.0,0.0,0.3550677856681731,25.66171723692701,3.9832149774047783,0.0,0.0,0.0,0.0,0.0,0.0,0.0,0.0,0.0,0.0,0.0,0.0,0.0,0.0,0.0,0.0,0.0,nan,nan,4.267713903743315,2.8626397382643365,nan,0.389,0.05057,0.0,0.0,0.0,0.0,0.0,0.0,0.0,0.0,0.0,0.0,0.0,0.0,0.0,0.0,0.0,0.0,0.0,0.0,0.0,7.531740908112761e-05,1.0759629868732516e-05,0.0,0.0,0.0002797503765870454,0.0012158381751667742,0.0002044329675059178,0.015622982569399613,0.0003443081557994405,0.013191306219066064,0.005691844200559501,0.023681945341080268,0.018958467828706693,0.016354637400473424,0.06534323219281257,0.04120938239724554,0.05107596298687325,0.0626425650957607,0.06508500107596299,0.05375511082418765,0.0855390574564235,0.10820959758984292,0.08613083709920379,0.06887239078975683,0.03573273079406068,0.036787174521196474,0.054336130837099206,0.027996556918442005,0.0316333118140736,0.0083387131482677,0.0018829352270281902,0.010210888745427157,0.0016247041101786098,0.005035506778566817,0.000753174090811276,0.00036582741553690555,0.0017215407789972026,8.607703894986012e-05,0.0,0.0,0.0,0.0,0.0,0.0,0.0,0.0,0.0,0.0,0.0,0.0,0.0,0.0,0.0,0.0,0.0,0.0,0.0,0.0,0.0,0.0,0.0,0.0,0.0,0.0,0.0,0.0,0.0,0.0,0.0,0.0,0.0,0.0,0.0,0.0,0.0,0.0,0.0,0.0,0.0,0.0,0.0,0.0,nan,nan,4.267713903743315,2.8626397382643365,nan,0.8487050882151295,0.03367766105196657,0.0,0.0,0.0,0.0,0.0,0.0,0.0,0.0,0.0,0.0,0.0,0.0,0.0,0.0,0.0,0.0,0.0,0.0,0.0,0.0,0.025083612040133787,0.11287625418060203,0.32608695652173925,1.367056856187287,7.198996655518396,12.75501672240803,6.559364548494985,1.3545150501672245,0.22575250836120406,0.07525083612040134,0.8501994473706856,0.033653884996185914,0.0,0.0,0.0,0.0,0.0,0.0,0.0,0.0,0.0,0.0,0.0,0.0,0.0,0.0,0.0,0.0,0.0,0.0,0.0,0.0,0.01330376940133038,0.039911308203991136,0.3192904656319291,1.5432372505543188,6.478935698447895,13.144124168514416,6.532150776053217,1.5964523281596457,0.2527716186252772,0.07982261640798227,0.3892,0.00972,0.0,0.0,0.0,0.0,0.0,0.0,0.0,0.0,0.0,0.0,0.2759197324414716,25.723244147157153,4.000836120401338,0.0,0.0,0.0,0.0,0.0,0.0,0.0,0.0,0.0,0.0,0.0,0.0,0.0,0.0,0.0,0.0,0.0,0.389,0.0099,0.0,0.0,0.0,0.0,0.0,0.0,0.0,0.0,0.0,0.0,0.43902439024390255,25.59645232815961,3.964523281596453,0.0,0.0,0.0,0.0,0.0,0.0,0.0,0.0,0.0,0.0,0.0,0.0,0.0,0.0,0.0,0.0,0.0
49000,4620,2417,0.5231601731601732,1151,919,0.44805194805194803,1246,0.5393939393939394,0.414,3.0363141171130277,3.126845882116487,6.62037037037037,2.2029060180938687,8383.170519480518,506.1561268179161,7853.0,8866.4,8866.4,0.0,7853.0,0.0,28.1495670995671,20.815441576812766,32.94079958995387,19.097133116287893,0.1341991341991342,0.10151515151515152,0.09632034632034632,0.07900432900432901,0.07943722943722943,0.08203463203463203,0.07077922077922078,0.06298701298701298,0.05974025974025974,0.049783549783549784,0.04632034632034632,0.04264069264069264,0.033116883116883114,0.025108225108225107,0.021645021645021644,0.008874458874458875,0.006493506493506494,0.8484684234960771,0.03402332889985334,0.0,0.0,0.0,0.0,0.0,0.0,0.0,0.0,0.0,0.0,0.0,0.0,0.0,0.0,0.0,0.0,0.0,0.0,0.0,0.01298701298701299,0.0,0.09090909090909094,0.34415584415584427,1.4999999999999953,7.305194805194807,12.655844155844159,6.2402597402597415,1.5454545454545459,0.25974025974025977,0.04545454545454547,4.1850353892821035,2.8727310368601473,4.833333333333333,2.362907813126304,1.1549085930579044,4.212779973649539,2.8863259544771225,4.16428084526244,2.853549711361115,0.9884876189379803,0.389,0.009705,0.0,0.0,0.0,0.0,0.0,0.0,0.0,0.0,0.0,0.0,0.32467532467532473,25.863636363636324,3.8116883116883127,0.0,0.0,0.0,0.0,0.0,0.0,0.0,0.0,0.0,0.0,0.0,0.0,0.0,0.0,0.0,0.0,0.0,nan,nan,4.18894472361809,2.870367007734129,nan,0.389,0.0509,0.0,0.0,0.0,0.0,0.0,0.0,0.0,0.0,0.0,0.0,0.0,0.0,0.0,0.0,0.0,0.0,0.0,0.0,0.0,5.411255411255411e-05,0.0,0.0,1.0822510822510823e-05,4.329004329004329e-05,0.001341991341991342,0.0003246753246753247,0.016515151515151514,0.00011904761904761905,0.014437229437229438,0.005508658008658009,0.02420995670995671,0.019015151515151516,0.015205627705627705,0.06604978354978355,0.04043290043290043,0.05103896103896104,0.06575757575757575,0.06286796536796536,0.052294372294372296,0.08832251082251082,0.10655844155844156,0.08583333333333333,0.0664935064935065,0.03532467532467533,0.03897186147186147,0.05437229437229437,0.028084415584415583,0.02923160173160173,0.009502164502164501,0.0013203463203463205,0.011417748917748917,0.0013528138528138528,0.004556277056277056,0.0010064935064935064,0.0005086580086580087,0.001829004329004329,8.658008658008658e-05,0.0,0.0,0.0,0.0,0.0,0.0,0.0,0.0,0.0,0.0,0.0,0.0,0.0,0.0,0.0,0.0,0.0,0.0,0.0,0.0,0.0,0.0,0.0,0.0,0.0,0.0,0.0,0.0,0.0,0.0,0.0,0.0,0.0,0.0,0.0,0.0,0.0,0.0,0.0,0.0,0.0,0.0,0.0,0.0,nan,nan,4.18894472361809,2.870367007734129,nan,0.8485279410991188,0.03426343448039869,0.0,0.0,0.0,0.0,0.0,0.0,0.0,0.0,0.0,0.0,0.0,0.0,0.0,0.0,0.0,0.0,0.0,0.0,0.0,0.012412081092263138,0.0,0.12412081092263139,0.3227141083988416,1.4398014067025193,7.360364087712041,12.523789822093507,6.354985519238727,1.5515101365328925,0.26065370293752593,0.04964832436905255,0.8484031243374063,0.033757814074287566,0.0,0.0,0.0,0.0,0.0,0.0,0.0,0.0,0.0,0.0,0.0,0.0,0.0,0.0,0.0,0.0,0.0,0.0,0.0,0.013617793917385386,0.0,0.054471175669541544,0.36768043576940546,1.5660463004993141,7.244666364049026,12.800726282342264,6.1143894689060385,1.5388107126645487,0.2587380844303223,0.04085338175215616,0.389,0.00982,0.0,0.0,0.0,0.0,0.0,0.0,0.0,0.0,0.0,0.0,0.3475382705833679,25.730244104261445,3.922217625155152,0.0,0.0,0.0,0.0,0.0,0.0,0.0,0.0,0.0,0.0,0.0,0.0,0.0,0.0,0.0,0.0,0.0,0.3887,0.00957,0.0,0.0,0.0,0.0,0.0,0.0,0.0,0.0,0.0,0.0,0.2995914661824785,26.009986382206048,3.6904221516114397,0.0,0.0,0.0,0.0,0.0,0.0,0.0,0.0,0.0,0.0,0.0,0.0,0.0,0.0,0.0,0.0,0.0
49100,4743,2433,0.512966476913346,1123,991,0.44570946658233185,1364,0.5751633986928104,0.39799999999999996,2.9766233766233765,3.0626034861806857,6.485029940119761,2.1223258268398033,8372.840227703984,506.5295888848816,7853.0,8866.4,8866.399999999998,1.8189894035458565e-12,7853.0,0.0,27.905123339658445,20.76055119897727,32.692903548225885,19.064919591639367,0.13451402066202825,0.1039426523297491,0.09508749736453721,0.08644317942230656,0.0813830908707569,0.07864220957200084,0.06430529200927683,0.06304026987138941,0.05903436643474594,0.0516550706304027,0.05228758169934641,0.035842293906810034,0.03373392367699768,0.02445709466582332,0.01876449504532996,0.012439384355892895,0.004427577482605946,0.8486318008044639,0.03363215410510884,0.0,0.0,0.0,0.0,0.0,0.0,0.0,0.0,0.0,0.0,0.0,0.0,0.0,0.0,0.0,0.0,0.0,0.0,0.0,0.0,0.012650221378874133,0.07590132827324479,0.24035420619860853,1.6065781151170095,7.273877292852626,12.757748260594564,6.236559139784948,1.42314990512334,0.30993042378241625,0.06325110689437066,4.335965778216519,2.8719507308577126,3.0,2.8491484796029023,0.6918873795249298,4.361854996734161,2.88417066968437,4.295931758530184,2.8631900854046304,0.9848864214300256,0.389,0.009636,0.0,0.0,0.0,0.0,0.0,0.0,0.0,0.0,0.0,0.0,0.3289057558507275,26.02150537634405,3.6495888678051873,0.0,0.0,0.0,0.0,0.0,0.0,0.0,0.0,0.0,0.0,0.0,0.0,0.0,0.0,0.0,0.0,0.0,nan,nan,4.3285340314136125,2.873542871835466,nan,0.389,0.051,0.0,0.0,0.0,0.0,0.0,0.0,0.0,0.0,0.0,0.0,0.0,0.0,0.0,0.0,0.0,0.0,0.0,0.0,0.0,5.2709255745308875e-05,0.0,0.0,1.0541851149061775e-05,0.0,0.0008328062407758802,0.0002951718321737297,0.016171199662660764,7.379295804343243e-05,0.014505587181109003,0.0058823529411764705,0.02513177313936327,0.020145477545857052,0.0160236137465739,0.06627661817415138,0.03854100780096985,0.05268817204301075,0.06567573265865485,0.06156441071052077,0.05332068311195446,0.08588446131140628,0.10850727387729285,0.08479865064305292,0.0664347459413873,0.03643263757115749,0.0382774615222433,0.051391524351676154,0.029253636938646427,0.02792536369386464,0.010014758591608686,0.0016234450769555134,0.011669829222011385,0.0016023613746573898,0.005450137044064938,0.0011385199240986717,0.00036896479021716216,0.0018975332068311196,0.00010541851149061775,3.162555344718533e-05,0.0,0.0,0.0,0.0,0.0,0.0,0.0,0.0,0.0,0.0,0.0,0.0,0.0,0.0,0.0,0.0,0.0,0.0,0.0,0.0,0.0,0.0,0.0,0.0,0.0,0.0,0.0,0.0,0.0,0.0,0.0,0.0,0.0,0.0,0.0,0.0,0.0,0.0,0.0,0.0,0.0,0.0,0.0,nan,nan,4.3285340314136125,2.873542871835466,nan,0.8485085455370792,0.03396600143184719,0.0,0.0,0.0,0.0,0.0,0.0,0.0,0.0,0.0,0.0,0.0,0.0,0.0,0.0,0.0,0.0,0.0,0.0,0.0,0.0,0.0,0.061652281134401986,0.23427866831072755,1.72626387176325,7.2503082614056735,12.73736128236745,6.115906288532678,1.4303329223181263,0.38224414303329235,0.061652281134401986,0.8487616190146574,0.03327641549993111,0.0,0.0,0.0,0.0,0.0,0.0,0.0,0.0,0.0,0.0,0.0,0.0,0.0,0.0,0.0,0.0,0.0,0.0,0.0,0.0,0.02597402597402598,0.09090909090909094,0.2467532467532468,1.480519480519476,7.2987012987013005,12.779220779220783,6.363636363636365,1.415584415584416,0.23376623376623382,0.06493506493506494,0.3887,0.00959,0.0,0.0,0.0,0.0,0.0,0.0,0.0,0.0,0.0,0.0,0.3452527743526511,26.041923551171354,3.6128236744759565,0.0,0.0,0.0,0.0,0.0,0.0,0.0,0.0,0.0,0.0,0.0,0.0,0.0,0.0,0.0,0.0,0.0,0.389,0.00969,0.0,0.0,0.0,0.0,0.0,0.0,0.0,0.0,0.0,0.0,0.31168831168831174,25.99999999999996,3.688311688311689,0.0,0.0,0.0,0.0,0.0,0.0,0.0,0.0,0.0,0.0,0.0,0.0,0.0,0.0,0.0,0.0,0.0
49200,4654,2387,0.5128921357971638,1120,926,0.4396218306832832,1319,0.5668242372152986,0.40199999999999997,3.0564622849580942,3.154370647315624,6.6626865671641795,2.164078227190886,8372.764890416845,506.5315376542665,7853.0,8866.4,8866.4,0.0,7853.0,0.0,27.91405242801891,20.870894710546988,33.04840370751802,19.026290148458614,0.14503652771809197,0.09798023205844435,0.09174903308981522,0.08100558659217877,0.0827245380318006,0.07606360120326601,0.07069187795444778,0.06274172754619682,0.05758487322733133,0.05027932960893855,0.04877524709926945,0.04103996562097121,0.035238504512247526,0.026858616244091103,0.015255694026643748,0.010528577567683713,0.006446067898581865,0.848511287914513,0.03425317353952124,0.0,0.0,0.0,0.0,0.0,0.0,0.0,0.0,0.0,0.0,0.0,0.0,0.0,0.0,0.0,0.0,0.0,0.0,0.0,0.0,0.03223033949290933,0.07090674688440053,0.3351955307262571,1.5277180919638973,6.9295229909755065,13.343360550064464,5.90459819510099,1.4503652771809201,0.34164159862483895,0.06446067898581866,4.3321008403361345,2.9096122569217955,4.153846153846154,2.8105886009915553,0.9588525999140525,4.5183968462549275,2.968514683687778,4.137254901960785,2.833101122596935,0.9156466425453417,0.3887,0.01007,0.0,0.0,0.0,0.0,0.0,0.0,0.0,0.0,0.0,0.0,0.48345509239364,25.719810915341604,3.7967339922647194,0.0,0.0,0.0,0.0,0.0,0.0,0.0,0.0,0.0,0.0,0.0,0.0,0.0,0.0,0.0,0.0,0.0,nan,nan,4.330556481172942,2.908815724755572,nan,0.3887,0.05096,0.0,0.0,0.0,0.0,0.0,0.0,0.0,0.0,0.0,0.0,0.0,0.0,0.0,0.0,0.0,0.0,0.0,0.0,0.0,0.00013966480446927373,0.0,0.0,0.0,1.0743446497636441e-05,0.0005586592178770949,0.00048345509239363987,0.01667382896433176,3.2230339492909325e-05,0.014901160292221745,0.006263429308122045,0.026042114310270734,0.021110872367855606,0.016297808336914483,0.06247314138375591,0.0365277180919639,0.05209497206703911,0.06903738719381178,0.06252685861624409,0.05234207133648475,0.08264933390631715,0.111259131929523,0.08553932101418135,0.06501933820369575,0.037516115169746456,0.0398581865062312,0.052041254834550923,0.027857756768371295,0.027739578856897294,0.009518693596905888,0.0022024065320154704,0.010861624409110442,0.0016222604211431027,0.006113021057155135,0.0005586592178770949,0.0006016330038676408,0.0014288783841856468,9.669101847872797e-05,0.0,0.0,0.0,0.0,0.0,0.0,0.0,0.0,0.0,0.0,0.0,0.0,0.0,0.0,0.0,0.0,0.0,0.0,0.0,0.0,0.0,0.0,0.0,0.0,0.0,0.0,0.0,0.0,0.0,0.0,0.0,0.0,0.0,0.0,0.0,0.0,0.0,0.0,0.0,0.0,0.0,0.0,0.0,0.0,nan,nan,4.330556481172942,2.908815724755572,nan,0.8479218660261924,0.03480272907038774,0.0,0.0,0.0,0.0,0.0,0.0,0.0,0.0,0.0,0.0,0.0,0.0,0.0,0.0,0.0,0.0,0.0,0.0,0.0,0.0,0.05027230833682448,0.0628403854210306,0.3770423125261836,1.5710096355257597,7.038123167155427,13.196480938416425,5.969836614997907,1.281943862589024,0.3644742354419775,0.08797653958944283,0.8491319099027889,0.03365367794795484,0.0,0.0,0.0,0.0,0.0,0.0,0.0,0.0,0.0,0.0,0.0,0.0,0.0,0.0,0.0,0.0,0.0,0.0,0.0,0.0,0.013233348037053378,0.07940008822232025,0.2911336568151743,1.4821349801499732,6.81517423908249,13.498014997794446,5.83590648434054,1.6277018085575654,0.317600352889281,0.03970004411116013,0.3887,0.01001,0.0,0.0,0.0,0.0,0.0,0.0,0.0,0.0,0.0,0.0,0.42731462086300803,25.664013405948854,3.908671973188103,0.0,0.0,0.0,0.0,0.0,0.0,0.0,0.0,0.0,0.0,0.0,0.0,0.0,0.0,0.0,0.0,0.0,0.3884,0.01013,0.0,0.0,0.0,0.0,0.0,0.0,0.0,0.0,0.0,0.0,0.5425672695191884,25.778561976179937,3.678870754300839,0.0,0.0,0.0,0.0,0.0,0.0,0.0,0.0,0.0,0.0,0.0,0.0,0.0,0.0,0.0,0.0,0.0
49300,4476,2352,0.5254691689008043,1058,897,0.43677390527256477,1222,0.5460232350312779,0.43,2.993879472693032,3.13333036070488,6.562180579216355,2.248785554838453,8385.510455764075,506.0422021662329,7853.0,8866.4,8866.4,0.0,7853.0,0.0,28.233243967828418,21.17072023539659,33.27650506126798,19.39385813988339,0.14119749776586238,0.10254691689008043,0.08735478105451296,0.0871313672922252,0.07707774798927614,0.07529043789097409,0.06613047363717604,0.06523681858802502,0.059428060768543345,0.050044682752457555,0.04736371760500447,0.04177837354781055,0.03351206434316354,0.026362823949955316,0.02100089365504915,0.010277033065236819,0.008266309204647005,0.8478911621321302,0.03476350633710661,0.0,0.0,0.0,0.0,0.0,0.0,0.0,0.0,0.0,0.0,0.0,0.0,0.0,0.0,0.0,0.0,0.0,0.0,0.0,0.020107238605898126,0.020107238605898126,0.0804289544235925,0.2747989276139411,1.689008042895437,7.560321715817696,12.674262734584454,5.717158176943701,1.568364611260054,0.29490616621983917,0.10053619302949064,4.449841605068638,2.9562754250661083,4.705882352941177,2.5613577714208517,1.0575392947876825,4.502092050209205,3.018133679815964,4.400280898876405,2.887380510641203,0.9773858130403911,0.3887,0.00983,0.0,0.0,0.0,0.0,0.0,0.0,0.0,0.0,0.0,0.0,0.35522788203753364,25.904825737265377,3.739946380697052,0.0,0.0,0.0,0.0,0.0,0.0,0.0,0.0,0.0,0.0,0.0,0.0,0.0,0.0,0.0,0.0,0.0,nan,nan,4.451364590622813,2.954148065025985,nan,0.3887,0.05106,0.0,0.0,0.0,0.0,0.0,0.0,0.0,0.0,0.0,0.0,0.0,0.0,0.0,0.0,0.0,0.0,0.0,0.0,0.0,0.00015638963360142984,0.0,0.0,1.1170688114387846e-05,3.351206434316354e-05,0.0006478999106344951,0.0005920464700625559,0.016923592493297588,0.000145218945487042,0.015024575513851654,0.006769436997319035,0.023849419124218053,0.020084897229669347,0.015605451295799821,0.06471179624664879,0.03693029490616622,0.05252457551385165,0.07073279714030384,0.060020107238605895,0.054088471849865954,0.08112153708668454,0.11264521894548704,0.08524352100089365,0.06480116175156389,0.038080875781948166,0.038941018766756035,0.05046916890080429,0.028094280607685432,0.027390527256479,0.009785522788203754,0.0024575513851653264,0.011550491510277034,0.001675603217158177,0.006836461126005362,0.0003686327077747989,0.0005361930294906167,0.001016532618409294,0.00013404825737265417,0.0,0.0,0.0,0.0,0.0,0.0,0.0,0.0,0.0,0.0,0.0,0.0,0.0,0.0,0.0,0.0,0.0,0.0,0.0,0.0,0.0,0.0,0.0,0.0,0.0,0.0,0.0,0.0,0.0,0.0,0.0,0.0,0.0,0.0,0.0,0.0,0.0,0.0,0.0,0.0,0.0,0.0,0.0,0.0,nan,nan,4.451364590622813,2.954148065025985,nan,0.8483514540201548,0.034592156830061796,0.0,0.0,0.0,0.0,0.0,0.0,0.0,0.0,0.0,0.0,0.0,0.0,0.0,0.0,0.0,0.0,0.0,0.0,0.0,0.01275510204081633,0.01275510204081633,0.07653061224489797,0.24234693877551025,1.734693877551015,7.461734693877553,12.818877551020412,5.599489795918369,1.619897959183674,0.2806122448979592,0.1403061224489796,0.8473814603804195,0.034945195864432434,0.0,0.0,0.0,0.0,0.0,0.0,0.0,0.0,0.0,0.0,0.0,0.0,0.0,0.0,0.0,0.0,0.0,0.0,0.0,0.028248587570621476,0.028248587570621476,0.08474576271186442,0.31073446327683624,1.63841807909604,7.66949152542373,12.514124293785315,5.847457627118645,1.511299435028249,0.31073446327683624,0.05649717514124295,0.3884,0.00978,0.0,0.0,0.0,0.0,0.0,0.0,0.0,0.0,0.0,0.0,0.35714285714285726,26.0459183673469,3.5969387755102047,0.0,0.0,0.0,0.0,0.0,0.0,0.0,0.0,0.0,0.0,0.0,0.0,0.0,0.0,0.0,0.0,0.0,0.3887,0.00987,0.0,0.0,0.0,0.0,0.0,0.0,0.0,0.0,0.0,0.0,0.35310734463276844,25.74858757062143,3.8983050847457634,0.0,0.0,0.0,0.0,0.0,0.0,0.0,0.0,0.0,0.0,0.0,0.0,0.0,0.0,0.0,0.0,0.0
49400,4660,2379,0.5105150214592274,1133,968,0.45085836909871246,1332,0.5716738197424893,0.40199999999999997,2.8996054362121875,3.0248140543711974,6.381475667189953,2.163744868727188,8370.35592274678,506.5879403523286,7853.0,8866.4,8866.399999999998,1.8189894035458565e-12,7853.0,0.0,28.47725321888412,20.89739181644139,33.23803494555584,19.13659398804953,0.1332618025751073,0.09957081545064378,0.08819742489270387,0.08583690987124463,0.08369098712446352,0.07060085836909871,0.07124463519313305,0.0684549356223176,0.05643776824034335,0.04742489270386266,0.05257510729613734,0.04463519313304721,0.03583690987124463,0.027682403433476395,0.018454935622317595,0.009871244635193134,0.006223175965665236,0.8457530565655794,0.03412523223066543,0.0,0.0,0.0,0.0,0.0,0.0,0.0,0.0,0.0,0.0,0.0,0.0,0.0,0.0,0.0,0.0,0.0,0.0,0.0,0.012875536480686699,0.0,0.09656652360515024,0.32188841201716745,1.847639484978535,7.879828326180259,12.605150214592278,5.613733905579401,1.2618025751072963,0.2639484978540773,0.09656652360515024,4.170892327955219,2.8337949996480063,4.529411764705882,2.830872803650815,1.0859574902827636,4.141041931385006,2.8439606636139168,4.206756756756757,2.822775664899044,1.0158691523680785,0.3892,0.009476,0.0,0.0,0.0,0.0,0.0,0.0,0.0,0.0,0.0,0.0,0.20600858369098718,26.085836909871208,3.708154506437769,0.0,0.0,0.0,0.0,0.0,0.0,0.0,0.0,0.0,0.0,0.0,0.0,0.0,0.0,0.0,0.0,0.0,nan,nan,4.172888015717092,2.8339042797580225,nan,0.3892,0.0513,0.0,0.0,0.0,0.0,0.0,0.0,0.0,0.0,0.0,0.0,0.0,0.0,0.0,0.0,0.0,0.0,0.0,0.0,0.0,0.00010729613733905579,0.0,0.0,2.145922746781116e-05,3.218884120171674e-05,0.0006545064377682404,0.0008154506437768241,0.01810085836909871,0.00018240343347639484,0.014849785407725321,0.006276824034334764,0.021416309012875535,0.01946351931330472,0.016062231759656653,0.06521459227467812,0.03604077253218884,0.05232832618025751,0.06974248927038626,0.05877682403433476,0.056448497854077254,0.08236051502145923,0.11049356223175966,0.08432403433476394,0.06140557939914163,0.04018240343347639,0.03923819742489271,0.05350858369098713,0.029892703862660946,0.02623390557939914,0.009570815450643777,0.0032832618025751075,0.012199570815450644,0.0015021459227467812,0.007221030042918455,0.00028969957081545066,0.00027896995708154504,0.0014055793991416309,7.510729613733905e-05,0.0,0.0,0.0,0.0,0.0,0.0,0.0,0.0,0.0,0.0,0.0,0.0,0.0,0.0,0.0,0.0,0.0,0.0,0.0,0.0,0.0,0.0,0.0,0.0,0.0,0.0,0.0,0.0,0.0,0.0,0.0,0.0,0.0,0.0,0.0,0.0,0.0,0.0,0.0,0.0,0.0,0.0,0.0,0.0,nan,nan,4.172888015717092,2.8339042797580225,nan,0.8454413674317673,0.03469843075574119,0.0,0.0,0.0,0.0,0.0,0.0,0.0,0.0,0.0,0.0,0.0,0.0,0.0,0.0,0.0,0.0,0.0,0.0,0.0,0.012610340479192942,0.0,0.11349306431273647,0.3656998738965953,1.9419924337957064,7.944514501891552,12.459016393442626,5.510718789407315,1.261034047919294,0.30264817150063056,0.08827238335435059,0.8460781369905418,0.0335138770226323,0.0,0.0,0.0,0.0,0.0,0.0,0.0,0.0,0.0,0.0,0.0,0.0,0.0,0.0,0.0,0.0,0.0,0.0,0.0,0.013152126260412103,0.0,0.07891275756247261,0.27619465146865413,1.749232792634804,7.812362998684789,12.75756247259974,5.721174923279265,1.2626041209995618,0.22358614642700575,0.10521701008329683,0.3892,0.00953,0.0,0.0,0.0,0.0,0.0,0.0,0.0,0.0,0.0,0.0,0.21437578814628,26.065573770491767,3.7200504413619173,0.0,0.0,0.0,0.0,0.0,0.0,0.0,0.0,0.0,0.0,0.0,0.0,0.0,0.0,0.0,0.0,0.0,0.3892,0.009415,0.0,0.0,0.0,0.0,0.0,0.0,0.0,0.0,0.0,0.0,0.19728189390618156,26.10697062691798,3.6957474791758007,0.0,0.0,0.0,0.0,0.0,0.0,0.0,0.0,0.0,0.0,0.0,0.0,0.0,0.0,0.0,0.0,0.0
49500,4622,2429,0.5255300735612289,1086,927,0.4355257464301168,1304,0.5642578970142795,0.40599999999999997,3.0606475148198813,3.0528804904363507,6.424100156494522,2.1252152086881493,8385.57217654695,506.0390503515745,7853.0,8866.4,8866.4,0.0,7853.0,0.0,28.418217221981827,21.07379518220753,33.4235324407827,19.261081507753648,0.14041540458675897,0.09930765902206837,0.08978797057550844,0.08156642146257032,0.07334487234963219,0.07810471657291215,0.07356122890523582,0.063392470791865,0.05668541756815231,0.052574643011683256,0.049978364344439634,0.04132410212029425,0.033318909562959756,0.030506274340112504,0.019688446559930767,0.010168758113370835,0.006274340112505409,0.843244780288636,0.034238540386778926,0.0,0.0,0.0,0.0,0.0,0.0,0.0,0.0,0.0,0.0,0.0,0.0,0.0,0.0,0.0,0.0,0.0,0.0,0.0,0.0,0.006490696668109045,0.12332323669407186,0.3894418000865427,2.19385547382085,8.21722198182605,12.721765469493729,4.978364344439638,1.0255300735612292,0.24664647338814372,0.09736045002163568,4.346855983772819,2.81933617076119,3.5652173913043477,2.634653462181412,0.8201830022926008,4.322056833558864,2.7863359019705918,4.359281437125748,2.850218329692348,1.0086127057094325,0.389,0.00965,0.0,0.0,0.0,0.0,0.0,0.0,0.0,0.0,0.0,0.0,0.28559065339679796,25.969277369104248,3.745131977498919,0.0,0.0,0.0,0.0,0.0,0.0,0.0,0.0,0.0,0.0,0.0,0.0,0.0,0.0,0.0,0.0,0.0,nan,nan,4.340825226434083,2.8187874021700057,nan,0.389,0.05106,0.0,0.0,0.0,0.0,0.0,0.0,0.0,0.0,0.0,0.0,0.0,0.0,0.0,0.0,0.0,0.0,0.0,0.0,0.0,4.327131112072696e-05,0.0,1.081782778018174e-05,6.490696668109043e-05,8.654262224145392e-05,0.0006815231501514496,0.0009736045002163566,0.016324102120294243,0.00027044569450454346,0.013954997836434445,0.005495456512332323,0.020510601471224577,0.021678926871484205,0.017211163998269146,0.06612938122025097,0.03747295543054954,0.051568585028126356,0.07453483340545218,0.05581999134573778,0.06023366508005192,0.08129597576806577,0.10790783210731285,0.08325400259627867,0.06008221549112938,0.039387710947641714,0.040588489831241886,0.05180657723929035,0.029251406317611424,0.026601038511466897,0.009681955863262657,0.003699697100822155,0.013641280830809174,0.0016875811337083513,0.005884898312418866,0.00040025962786672436,0.00022717438338381652,0.0014171354392038078,0.00011899610558199914,0.0,0.0,0.0,0.0,0.0,0.0,0.0,0.0,0.0,0.0,0.0,0.0,0.0,0.0,0.0,0.0,0.0,0.0,0.0,0.0,0.0,0.0,0.0,0.0,0.0,0.0,0.0,0.0,0.0,0.0,0.0,0.0,0.0,0.0,0.0,0.0,0.0,0.0,0.0,0.0,0.0,0.0,0.0,0.0,nan,nan,4.340825226434083,2.8187874021700057,nan,0.8439814937414089,0.03356225508682922,0.0,0.0,0.0,0.0,0.0,0.0,0.0,0.0,0.0,0.0,0.0,0.0,0.0,0.0,0.0,0.0,0.0,0.0,0.0,0.0,0.0,0.08645533141210376,0.44462741869081934,2.0749279538904837,8.163853437628655,12.64717990942775,5.224372169617128,1.0992177850967477,0.17291066282420753,0.08645533141210376,0.8424287853151818,0.03495422391536372,0.0,0.0,0.0,0.0,0.0,0.0,0.0,0.0,0.0,0.0,0.0,0.0,0.0,0.0,0.0,0.0,0.0,0.0,0.0,0.0,0.013679890560875516,0.16415868673050618,0.32831737346101236,2.3255813953488302,8.276333789329687,12.804377564979484,4.7058823529411775,0.9439124487004106,0.32831737346101236,0.10943912448700413,0.389,0.009636,0.0,0.0,0.0,0.0,0.0,0.0,0.0,0.0,0.0,0.0,0.24701523260601074,26.01070399341289,3.742280773981063,0.0,0.0,0.0,0.0,0.0,0.0,0.0,0.0,0.0,0.0,0.0,0.0,0.0,0.0,0.0,0.0,0.0,0.3892,0.00967,0.0,0.0,0.0,0.0,0.0,0.0,0.0,0.0,0.0,0.0,0.32831737346101236,25.92339261285906,3.7482900136798913,0.0,0.0,0.0,0.0,0.0,0.0,0.0,0.0,0.0,0.0,0.0,0.0,0.0,0.0,0.0,0.0,0.0
49600,4770,2455,0.5146750524109015,1168,987,0.45178197064989517,1353,0.5672955974842767,0.38999999999999996,2.950755939524838,3.0371626364024897,6.396755162241888,2.043867314876735,8374.571698113208,506.4817100303124,7853.0,8866.4,8866.399999999998,1.8189894035458565e-12,7853.0,0.0,27.960377358490565,20.938732185067412,33.07732864674868,19.124170958037304,0.1429769392033543,0.10272536687631027,0.08825995807127883,0.08385744234800839,0.0830188679245283,0.07211740041928721,0.070020964360587,0.059958071278826,0.06142557651991614,0.05849056603773585,0.04109014675052411,0.042348008385744235,0.031236897274633125,0.024947589098532494,0.02012578616352201,0.011530398322851153,0.005870020964360587,0.8430892828500496,0.03567838559156055,0.0,0.0,0.0,0.0,0.0,0.0,0.0,0.0,0.0,0.0,0.0,0.0,0.0,0.0,0.0,0.0,0.0,0.0,0.0,0.0,0.01257861635220126,0.11320754716981135,0.6226415094339623,2.0314465408804967,8.138364779874216,12.522012578616355,5.075471698113208,1.088050314465409,0.3207547169811321,0.07547169811320756,4.265292770690219,2.8681554792434527,3.7666666666666666,3.158937936852969,0.8830968632563847,4.282594733461785,2.8996997073143818,4.237908496732026,2.842419261755909,0.9895656162885071,0.3894,0.009796,0.0,0.0,0.0,0.0,0.0,0.0,0.0,0.0,0.0,0.0,0.25786163522012584,25.647798742138328,4.0943396226415105,0.0,0.0,0.0,0.0,0.0,0.0,0.0,0.0,0.0,0.0,0.0,0.0,0.0,0.0,0.0,0.0,0.0,nan,nan,4.26044703595724,2.8715397245603294,nan,0.3894,0.05112,0.0,0.0,0.0,0.0,0.0,0.0,0.0,0.0,0.0,0.0,0.0,0.0,0.0,0.0,0.0,0.0,0.0,0.0,0.0,0.0,0.0,0.00013626834381551362,0.0002620545073375262,0.0002410901467505241,0.0005450733752620545,0.0009329140461215933,0.015817610062893082,0.0003039832285115304,0.012368972746331237,0.0055870020964360586,0.020345911949685536,0.023249475890985326,0.017232704402515724,0.06457023060796646,0.0359958071278826,0.052075471698113204,0.07633123689727463,0.05474842767295598,0.06267295597484276,0.0810587002096436,0.10594339622641509,0.08221174004192872,0.06125786163522012,0.03896226415094339,0.03912997903563941,0.05335429769392033,0.030786163522012577,0.02720125786163522,0.008710691823899372,0.0033018867924528303,0.014423480083857442,0.0014675052410901468,0.006153039832285116,0.000429769392033543,0.0003039832285115304,0.0018029350104821803,4.192872117400419e-05,4.192872117400419e-05,0.0,0.0,0.0,0.0,0.0,0.0,0.0,0.0,0.0,0.0,0.0,0.0,0.0,0.0,0.0,0.0,0.0,0.0,0.0,0.0,0.0,0.0,0.0,0.0,0.0,0.0,0.0,0.0,0.0,0.0,0.0,0.0,0.0,0.0,0.0,0.0,0.0,0.0,0.0,0.0,0.0,0.0,0.0,nan,nan,4.26044703595724,2.8715397245603294,nan,0.8434239267574551,0.034935855219359435,0.0,0.0,0.0,0.0,0.0,0.0,0.0,0.0,0.0,0.0,0.0,0.0,0.0,0.0,0.0,0.0,0.0,0.0,0.0,0.0,0.024439918533604894,0.07331975560081468,0.5132382892057027,2.1018329938900138,8.162932790224033,12.464358452138496,5.217922606924645,1.1120162932790225,0.28105906313645623,0.04887983706720979,0.8427344012981357,0.03644594112449336,0.0,0.0,0.0,0.0,0.0,0.0,0.0,0.0,0.0,0.0,0.0,0.0,0.0,0.0,0.0,0.0,0.0,0.0,0.0,0.0,0.0,0.1555075593952484,0.73866090712743,1.9568034557235363,8.112311015118792,12.583153347732184,4.924406047516199,1.0626349892008642,0.3628509719222463,0.10367170626349895,0.3892,0.00981,0.0,0.0,0.0,0.0,0.0,0.0,0.0,0.0,0.0,0.0,0.2932790224032587,25.881873727087537,3.8248472505091655,0.0,0.0,0.0,0.0,0.0,0.0,0.0,0.0,0.0,0.0,0.0,0.0,0.0,0.0,0.0,0.0,0.0,0.3896,0.009766,0.0,0.0,0.0,0.0,0.0,0.0,0.0,0.0,0.0,0.0,0.22030237580993525,25.3995680345572,4.38012958963283,0.0,0.0,0.0,0.0,0.0,0.0,0.0,0.0,0.0,0.0,0.0,0.0,0.0,0.0,0.0,0.0,0.0
49700,4272,2248,0.5262172284644194,1059,861,0.449438202247191,1183,0.5538389513108615,0.426,3.0770750988142295,3.1344994970691835,6.562604340567613,2.211444786133729,8386.268539325842,506.00296710403876,7853.0,8866.4,8866.4,0.0,7853.0,0.0,28.941011235955056,21.59024878094495,34.17958041958042,19.702903192919226,0.14232209737827714,0.09691011235955056,0.07911985018726592,0.08263108614232209,0.08637640449438203,0.07420411985018727,0.07045880149812735,0.06203183520599251,0.054307116104868915,0.05337078651685393,0.0449438202247191,0.039091760299625467,0.038623595505617975,0.02902621722846442,0.02200374531835206,0.01638576779026217,0.008192883895131085,0.8435552565290241,0.034171357463313505,0.0,0.0,0.0,0.0,0.0,0.0,0.0,0.0,0.0,0.0,0.0,0.0,0.0,0.0,0.0,0.0,0.0,0.0,0.0,0.0,0.014044943820224722,0.09831460674157307,0.3792134831460675,2.022471910112353,8.483146067415731,12.78792134831461,4.78932584269663,1.0252808988764046,0.29494382022471916,0.10533707865168541,4.150392017106201,2.895084841548726,3.9047619047619047,2.4084130697908175,0.9408176116058651,4.170318021201413,2.9495107526132607,4.126770538243626,2.832719100544227,0.9895577548914983,0.3896,0.00962,0.0,0.0,0.0,0.0,0.0,0.0,0.0,0.0,0.0,0.0,0.1825842696629214,25.73735955056176,4.080056179775282,0.0,0.0,0.0,0.0,0.0,0.0,0.0,0.0,0.0,0.0,0.0,0.0,0.0,0.0,0.0,0.0,0.0,nan,nan,4.148567385921472,2.8918485450921043,nan,0.3896,0.05084,0.0,0.0,0.0,0.0,0.0,0.0,0.0,0.0,0.0,0.0,0.0,0.0,0.0,0.0,0.0,0.0,0.0,0.0,2.3408239700374533e-05,0.0,0.0,0.0,0.0001404494382022472,2.3408239700374533e-05,0.0008661048689138577,0.0012406367041198501,0.01481741573033708,7.02247191011236e-05,0.01211376404494382,0.004810393258426966,0.020915262172284645,0.021687734082397003,0.016935861423220972,0.06343632958801498,0.03974719101123596,0.04985955056179775,0.07796114232209737,0.057291666666666664,0.06575374531835206,0.0817181647940075,0.10081928838951311,0.08033707865168539,0.05884831460674157,0.04240402621722846,0.04215823970037453,0.051954588014981276,0.031097846441947567,0.027329119850187267,0.00792368913857678,0.0030079588014981272,0.013459737827715356,0.001544943820224719,0.006823501872659176,0.0008426966292134832,0.0002808988764044944,0.001720505617977528,2.3408239700374533e-05,1.1704119850187266e-05,0.0,0.0,0.0,0.0,0.0,0.0,0.0,0.0,0.0,0.0,0.0,0.0,0.0,0.0,0.0,0.0,0.0,0.0,0.0,0.0,0.0,0.0,0.0,0.0,0.0,0.0,0.0,0.0,0.0,0.0,0.0,0.0,0.0,0.0,0.0,0.0,0.0,0.0,0.0,0.0,0.0,0.0,0.0,nan,nan,4.148567385921472,2.8918485450921043,nan,0.8446799202480775,0.0345940943954415,0.0,0.0,0.0,0.0,0.0,0.0,0.0,0.0,0.0,0.0,0.0,0.0,0.0,0.0,0.0,0.0,0.0,0.0,0.0,0.0,0.0,0.13345195729537368,0.37366548042704634,1.8549822064056882,8.260676156583632,12.851423487544487,5.004448398576513,1.0676156583629894,0.3202846975088968,0.13345195729537368,0.8423061240979806,0.03365159118674969,0.0,0.0,0.0,0.0,0.0,0.0,0.0,0.0,0.0,0.0,0.0,0.0,0.0,0.0,0.0,0.0,0.0,0.0,0.0,0.0,0.029644268774703563,0.059288537549407126,0.38537549407114635,2.2084980237154084,8.730237154150199,12.71739130434783,4.550395256916997,0.9782608695652176,0.2667984189723321,0.07411067193675891,0.3894,0.00962,0.0,0.0,0.0,0.0,0.0,0.0,0.0,0.0,0.0,0.0,0.10676156583629896,25.836298932384302,4.05693950177936,0.0,0.0,0.0,0.0,0.0,0.0,0.0,0.0,0.0,0.0,0.0,0.0,0.0,0.0,0.0,0.0,0.0,0.3896,0.009605,0.0,0.0,0.0,0.0,0.0,0.0,0.0,0.0,0.0,0.0,0.2667984189723321,25.62747035573119,4.105731225296443,0.0,0.0,0.0,0.0,0.0,0.0,0.0,0.0,0.0,0.0,0.0,0.0,0.0,0.0,0.0,0.0,0.0
49800,4390,2315,0.5273348519362187,1097,867,0.44738041002277906,1218,0.5548974943052392,0.418,3.084819277108434,3.2009841714907648,6.889072847682119,2.0745891960678766,8387.401138952164,505.94222684092375,7853.0,8866.4,8866.4,0.0,7853.0,0.0,27.98268792710706,20.691632701303753,32.85493910690122,18.924207831408946,0.13758542141230068,0.09817767653758543,0.09088838268792711,0.08701594533029612,0.0847380410022779,0.07835990888382688,0.06902050113895217,0.06036446469248292,0.05785876993166287,0.0571753986332574,0.04669703872437358,0.04373576309794989,0.030068337129840545,0.0255125284738041,0.01571753986332574,0.01184510250569476,0.005239179954441914,0.8450625134220427,0.03521683457742262,0.0,0.0,0.0,0.0,0.0,0.0,0.0,0.0,0.0,0.0,0.0,0.0,0.0,0.0,0.0,0.0,0.0,0.0,0.0,0.0,0.013667425968109343,0.06150341685649204,0.44419134396355364,2.077448747152613,7.9681093394077465,12.423690205011393,5.255125284738042,1.3394077448747155,0.3280182232346242,0.08883826879271073,4.374029640084686,2.9973835085784932,3.75,2.7726341266023544,0.8573330106485963,4.323695345557122,3.0232320757148914,4.418767507002801,2.969449607916964,1.0219886356108259,0.39,0.009705,0.0,0.0,0.0,0.0,0.0,0.0,0.0,0.0,0.0,0.0,0.2528473804100228,25.489749430523883,4.25740318906606,0.0,0.0,0.0,0.0,0.0,0.0,0.0,0.0,0.0,0.0,0.0,0.0,0.0,0.0,0.0,0.0,0.0,nan,nan,4.371398453970485,2.9967440655537976,nan,0.39,0.0509,0.0,0.0,0.0,0.0,0.0,0.0,0.0,0.0,0.0,0.0,0.0,0.0,0.0,0.0,0.0,0.0,0.0,0.0,5.6947608200455584e-05,0.0,0.0,0.0,0.00036446469248291574,0.0,0.000694760820045558,0.0010250569476082006,0.01407744874715262,0.00017084282460136675,0.011924829157175399,0.005535307517084282,0.018804100227790433,0.02113895216400911,0.017813211845102504,0.06480637813211845,0.04233485193621868,0.04907744874715262,0.0770615034168565,0.05652619589977221,0.06400911161731207,0.08289293849658315,0.10253986332574032,0.08047835990888383,0.05759681093394078,0.042289293849658315,0.042357630979498864,0.05156036446469248,0.0314123006833713,0.02438496583143508,0.009555808656036446,0.0030751708428246012,0.014635535307517085,0.0018223234624145787,0.0066287015945330294,0.0011161731207289295,0.00018223234624145787,0.002050113895216401,0.0,0.0,0.0,0.0,0.0,0.0,0.0,0.0,0.0,0.0,0.0,0.0,0.0,0.0,0.0,0.0,0.0,0.0,0.0,0.0,0.0,0.0,0.0,0.0,0.0,0.0,0.0,0.0,0.0,0.0,0.0,0.0,0.0,0.0,0.0,0.0,0.0,0.0,0.0,0.0,0.0,0.0,0.0,0.0,0.0,nan,nan,4.371398453970485,2.9967440655537976,nan,0.8453482086663627,0.03498845126104869,0.0,0.0,0.0,0.0,0.0,0.0,0.0,0.0,0.0,0.0,0.0,0.0,0.0,0.0,0.0,0.0,0.0,0.0,0.0,0.0,0.012958963282937368,0.051835853131749474,0.4665226781857452,1.9568034557235363,7.9179265658747315,12.544276457883372,5.235421166306696,1.3866090712742984,0.34989200863930897,0.0777537796976242,0.8447437739085002,0.035467181992822304,0.0,0.0,0.0,0.0,0.0,0.0,0.0,0.0,0.0,0.0,0.0,0.0,0.0,0.0,0.0,0.0,0.0,0.0,0.0,0.0,0.014457831325301209,0.07228915662650603,0.41927710843373506,2.212048192771077,8.02409638554217,12.289156626506028,5.2771084337349405,1.2867469879518074,0.30361445783132535,0.10120481927710846,0.39,0.009796,0.0,0.0,0.0,0.0,0.0,0.0,0.0,0.0,0.0,0.0,0.2850971922246221,25.244060475161948,4.470842332613392,0.0,0.0,0.0,0.0,0.0,0.0,0.0,0.0,0.0,0.0,0.0,0.0,0.0,0.0,0.0,0.0,0.0,0.3896,0.009605,0.0,0.0,0.0,0.0,0.0,0.0,0.0,0.0,0.0,0.0,0.21686746987951813,25.76385542168671,4.0192771084337355,0.0,0.0,0.0,0.0,0.0,0.0,0.0,0.0,0.0,0.0,0.0,0.0,0.0,0.0,0.0,0.0,0.0
49900,4389,2262,0.5153793574846206,1062,891,0.4449760765550239,1233,0.5618591934381408,0.43,3.002820874471086,3.1371998776435017,6.67911714770798,2.1292502250983016,8375.285440874914,506.4602492128423,7853.0,8866.4,8866.399999999998,1.8189894035458565e-12,7853.0,0.0,28.211437685121897,21.116207812011087,33.17831978319783,19.361744372456506,0.14057871952608794,0.09933925723399407,0.09182046024151287,0.08817498291182502,0.07723855092276145,0.07245386192754613,0.06744133059922533,0.06721348826611985,0.05718842560947824,0.047163362952836636,0.050580997949419004,0.04351788562314878,0.03417634996582365,0.028480291638186377,0.016404647983595352,0.00888585099111415,0.009341535657325132,0.8461942054818502,0.03410417389579536,0.0,0.0,0.0,0.0,0.0,0.0,0.0,0.0,0.0,0.0,0.0,0.0,0.0,0.0,0.0,0.0,0.0,0.0,0.0,0.0,0.006835269993164732,0.06151742993848258,0.3349282296650718,1.8591934381408008,7.7717019822283,12.549555707450448,5.762132604237869,1.2508544087491458,0.35543403964456605,0.047846889952153124,4.330736543909349,2.915299346385001,5.785714285714286,3.0514299090419756,1.3359654245999297,4.370111731843576,2.936697207801528,4.307473309608541,2.897682413019989,0.985666631409305,0.3894,0.00965,0.0,0.0,0.0,0.0,0.0,0.0,0.0,0.0,0.0,0.0,0.23239917976760088,25.700615174299347,4.066985645933015,0.0,0.0,0.0,0.0,0.0,0.0,0.0,0.0,0.0,0.0,0.0,0.0,0.0,0.0,0.0,0.0,0.0,nan,nan,4.337914023960535,2.9177677646340374,nan,0.3894,0.0511,0.0,0.0,0.0,0.0,0.0,0.0,0.0,0.0,0.0,0.0,0.0,0.0,0.0,0.0,0.0,0.0,0.0,0.0,0.0,0.0,0.0,0.0,0.0001594896331738437,3.417634996582365e-05,0.0005923900660742766,0.0008202323991797676,0.01492367281840966,9.11369332421964e-05,0.011357940305308727,0.005263157894736842,0.019742538163590794,0.020539986329460014,0.02025518341307815,0.06747550694919116,0.04278879015721121,0.047357028935976306,0.07789929368876737,0.05550239234449761,0.06152882205513784,0.0836181362497152,0.10337206652996127,0.08205741626794258,0.05580997949419002,0.040031897926634766,0.041376167691957164,0.053349282296650716,0.030371383002961952,0.02433356117566644,0.009318751424014582,0.0034518113465481885,0.014764183185235816,0.001492367281840966,0.006049213943950786,0.0011164274322169058,0.0001594896331738437,0.0029961266803372067,0.0,0.0,0.0,0.0,0.0,0.0,0.0,0.0,0.0,0.0,0.0,0.0,0.0,0.0,0.0,0.0,0.0,0.0,0.0,0.0,0.0,0.0,0.0,0.0,0.0,0.0,0.0,0.0,0.0,0.0,0.0,0.0,0.0,0.0,0.0,0.0,0.0,0.0,0.0,0.0,0.0,0.0,0.0,0.0,0.0,nan,nan,4.337914023960535,2.9177677646340374,nan,0.8462511703148023,0.03471881291442647,0.0,0.0,0.0,0.0,0.0,0.0,0.0,0.0,0.0,0.0,0.0,0.0,0.0,0.0,0.0,0.0,0.0,0.0,0.0,0.0,0.013262599469496024,0.07957559681697614,0.3713527851458887,1.909814323607421,7.77188328912467,12.334217506631303,5.809018567639259,1.2864721485411144,0.35809018567639267,0.06631299734748011,0.84613362510943,0.03343802347270695,0.0,0.0,0.0,0.0,0.0,0.0,0.0,0.0,0.0,0.0,0.0,0.0,0.0,0.0,0.0,0.0,0.0,0.0,0.0,0.0,0.0,0.042313117066290554,0.2961918194640339,1.805359661495058,7.771509167842033,12.77856135401975,5.712270803949225,1.2129760225669959,0.35260930888575465,0.028208744710860375,0.3896,0.00974,0.0,0.0,0.0,0.0,0.0,0.0,0.0,0.0,0.0,0.0,0.21220159151193638,25.45092838196283,4.3368700265252,0.0,0.0,0.0,0.0,0.0,0.0,0.0,0.0,0.0,0.0,0.0,0.0,0.0,0.0,0.0,0.0,0.0,0.3892,0.00954,0.0,0.0,0.0,0.0,0.0,0.0,0.0,0.0,0.0,0.0,0.25387870239774335,25.96614950634693,3.77997179125529,0.0,0.0,0.0,0.0,0.0,0.0,0.0,0.0,0.0,0.0,0.0,0.0,0.0,0.0,0.0,0.0,0.0
50000,4382,2286,0.5216795983569147,1038,892,0.44043815609310816,1240,0.5659516202647193,0.422,3.0438931297709924,3.1633307097770302,6.742608695652174,2.1507960455351416,8381.670104974899,506.22347287279337,7853.0,8866.4,8866.4,0.0,7853.0,0.0,27.356230031948883,20.64734495526084,32.39403882964178,18.890392293072875,0.14833409402099498,0.09790050205385668,0.09333637608397992,0.09424920127795527,0.07644910999543587,0.07256960292104062,0.07120036513007759,0.06184390689183022,0.057736193518941124,0.05248744865358284,0.04655408489274304,0.03879507074395253,0.0314924691921497,0.02464628023733455,0.019397535371976266,0.009128251939753538,0.0038795070743952533,0.8482766561533207,0.03460556171471224,0.0,0.0,0.0,0.0,0.0,0.0,0.0,0.0,0.0,0.0,0.0,0.0,0.0,0.0,0.0,0.0,0.0,0.0,0.0,0.0,0.0,0.0753080785029667,0.3902327704244638,1.670470104974892,7.140575079872206,12.774988589685078,6.024646280237336,1.458238247375628,0.4107713372889093,0.054769511638521236,4.40021731256791,2.880749522021062,3.8125,3.320744457196308,0.866434480204132,4.300865800865801,2.8726629827709034,4.492451473759885,2.891728298520088,1.0445458383880557,0.39,0.00932,0.0,0.0,0.0,0.0,0.0,0.0,0.0,0.0,0.0,0.0,0.12323140118667278,25.680054769511603,4.1967138293016895,0.0,0.0,0.0,0.0,0.0,0.0,0.0,0.0,0.0,0.0,0.0,0.0,0.0,0.0,0.0,0.0,0.0,nan,nan,4.396831112711559,2.8838199940248166,nan,0.39,0.05127,0.0,0.0,0.0,0.0,0.0,0.0,0.0,0.0,0.0,0.0,0.0,0.0,0.0,0.0,0.0,0.0,0.0,0.0,0.0,0.0,0.0,0.0,0.00012551346417161114,0.0,0.0007530807850296669,0.0014148790506617983,0.014730716567777271,0.00011410314924691921,0.010668644454586946,0.005785029666818804,0.01911227749885897,0.01987676859881333,0.021987676859881334,0.0671040620721132,0.04073482428115016,0.047215883158375174,0.07777270652670014,0.054849383842994065,0.06188954815152898,0.08342081241442263,0.10287539936102237,0.07986079415791876,0.05770196257416705,0.042537654039251485,0.04201277955271566,0.052327704244637153,0.03183477863989046,0.02423550890004564,0.007108626198083067,0.003617069831127339,0.016179826563213144,0.0013464171611136467,0.00611592879963487,0.0013350068461889548,3.423094477407576e-05,0.003320401643085349,0.0,0.0,0.0,0.0,0.0,0.0,0.0,0.0,0.0,0.0,0.0,0.0,0.0,0.0,0.0,0.0,0.0,0.0,0.0,0.0,0.0,0.0,0.0,0.0,0.0,0.0,0.0,0.0,0.0,0.0,0.0,0.0,0.0,0.0,0.0,0.0,0.0,0.0,0.0,0.0,0.0,0.0,0.0,0.0,0.0,nan,nan,4.396831112711559,2.8838199940248166,nan,0.8483956675725555,0.034730749032192,0.0,0.0,0.0,0.0,0.0,0.0,0.0,0.0,0.0,0.0,0.0,0.0,0.0,0.0,0.0,0.0,0.0,0.0,0.0,0.0,0.0,0.05249343832020999,0.4330708661417324,1.4829396325459272,7.296587926509188,12.834645669291342,5.918635170603676,1.4435695538057747,0.45931758530183736,0.07874015748031497,0.8481468564852048,0.03446803946792236,0.0,0.0,0.0,0.0,0.0,0.0,0.0,0.0,0.0,0.0,0.0,0.0,0.0,0.0,0.0,0.0,0.0,0.0,0.0,0.0,0.0,0.10019083969465652,0.34351145038167946,1.8749999999999942,6.970419847328246,12.70992366412214,6.140267175572521,1.4742366412213745,0.3578244274809161,0.02862595419847329,0.39,0.0094,0.0,0.0,0.0,0.0,0.0,0.0,0.0,0.0,0.0,0.0,0.10498687664041997,25.787401574803113,4.107611548556431,0.0,0.0,0.0,0.0,0.0,0.0,0.0,0.0,0.0,0.0,0.0,0.0,0.0,0.0,0.0,0.0,0.0,0.39,0.00925,0.0,0.0,0.0,0.0,0.0,0.0,0.0,0.0,0.0,0.0,0.14312977099236643,25.562977099236605,4.293893129770993,0.0,0.0,0.0,0.0,0.0,0.0,0.0,0.0,0.0,0.0,0.0,0.0,0.0,0.0,0.0,0.0,0.0
50100,4571,2350,0.5141106978779261,1101,947,0.4480420039378692,1305,0.5709910304091008,0.38199999999999995,2.914903196758217,2.9915773031969,6.469622331691297,1.9440820110213533,8373.99978122949,506.49817991458616,7853.0,8866.4,8866.4,0.0,7853.0,0.0,27.95033909429009,20.670439256639852,32.738206324520476,18.93868574169131,0.13454386348720193,0.10522861518267337,0.08947713848173267,0.08991467950120324,0.07547582585867425,0.07219426821264494,0.07569459636840954,0.06606869394005688,0.057099103040910086,0.057536644060380664,0.04769197112229272,0.040035003281557645,0.030846641872675565,0.025158608619558084,0.016407788230146575,0.01050098446729381,0.006125574272588055,0.8486905532184719,0.03240738143267227,0.0,0.0,0.0,0.0,0.0,0.0,0.0,0.0,0.0,0.0,0.0,0.0,0.0,0.0,0.0,0.0,0.0,0.0,0.0,0.0,0.006563115292058632,0.059068037628527685,0.19033034346970035,1.5882739006781836,7.015970247210678,13.355939619339317,6.123386567490704,1.3651279807481955,0.25596149639028665,0.03937869175235179,4.249229715850736,2.757490236104527,4.444444444444445,2.0608041101101566,1.0459412038529023,4.2320819112627985,2.6910409001715947,4.265710382513661,2.8187068622221263,1.0079460823197604,0.3894,0.00946,0.0,0.0,0.0,0.0,0.0,0.0,0.0,0.0,0.0,0.0,0.31502953401881434,25.8849267118792,3.800043754101948,0.0,0.0,0.0,0.0,0.0,0.0,0.0,0.0,0.0,0.0,0.0,0.0,0.0,0.0,0.0,0.0,0.0,nan,nan,4.249829351535836,2.7556411216551617,nan,0.3894,0.05115,0.0,0.0,0.0,0.0,0.0,0.0,0.0,0.0,0.0,0.0,0.0,0.0,0.0,0.0,0.0,0.0,0.0,0.0,0.0,1.0938525486764384e-05,0.0,0.0,0.0002187705097352877,0.0,0.0011922992780573178,0.001082914023189674,0.013913804419164297,0.00017501640778823014,0.011091664843579086,0.0056880332531174796,0.02000656311529206,0.019076788448917085,0.021111354189455263,0.0679063662218333,0.04341500765696784,0.04698096696565303,0.0795449573397506,0.05430977904178517,0.06479982498359221,0.08480638809888427,0.10281120105009844,0.07780573178735506,0.054550426602493984,0.040680376285276744,0.04349157733537519,0.05222052067381317,0.03103259680595056,0.02465543644716692,0.0063880988842704,0.0030846641872675565,0.01571866112448042,0.001400131262305841,0.005983373441260118,0.001279807481951433,7.656967840735069e-05,0.0034893896302778385,0.0,0.0,0.0,0.0,0.0,0.0,0.0,0.0,0.0,0.0,0.0,0.0,0.0,0.0,0.0,0.0,0.0,0.0,0.0,0.0,0.0,0.0,0.0,0.0,0.0,0.0,0.0,0.0,0.0,0.0,0.0,0.0,0.0,0.0,0.0,0.0,0.0,0.0,0.0,0.0,0.0,0.0,0.0,0.0,0.0,nan,nan,4.249829351535836,2.7556411216551617,nan,0.8483321235534993,0.03229505028122309,0.0,0.0,0.0,0.0,0.0,0.0,0.0,0.0,0.0,0.0,0.0,0.0,0.0,0.0,0.0,0.0,0.0,0.0,0.0,0.0,0.012765957446808513,0.06382978723404256,0.11489361702127662,1.7106382978723351,7.0085106382978735,13.40425531914894,6.076595744680852,1.3021276595744682,0.2808510638297873,0.025531914893617027,0.8490698011755567,0.03252151368793343,0.0,0.0,0.0,0.0,0.0,0.0,0.0,0.0,0.0,0.0,0.0,0.0,0.0,0.0,0.0,0.0,0.0,0.0,0.0,0.0,0.0,0.054029716343989204,0.27014858171994605,1.4588023412877038,7.023863124718597,13.304817649707342,6.1728950923007675,1.431787483115714,0.22962629446195412,0.054029716343989204,0.3894,0.009575,0.0,0.0,0.0,0.0,0.0,0.0,0.0,0.0,0.0,0.0,0.3063829787234043,25.634042553191453,4.059574468085107,0.0,0.0,0.0,0.0,0.0,0.0,0.0,0.0,0.0,0.0,0.0,0.0,0.0,0.0,0.0,0.0,0.0,0.3892,0.00934,0.0,0.0,0.0,0.0,0.0,0.0,0.0,0.0,0.0,0.0,0.3241782980639352,26.15038271049073,3.525438991445296,0.0,0.0,0.0,0.0,0.0,0.0,0.0,0.0,0.0,0.0,0.0,0.0,0.0,0.0,0.0,0.0,0.0
50200,4399,2285,0.51943623550807,1065,910,0.448965674016822,1263,0.5742214139577176,0.39399999999999996,2.9380321665089877,3.0677374962950137,6.5,2.1676819149701023,8379.396681063878,506.31702593836167,7853.0,8866.4,8866.4,0.0,7853.0,0.0,28.19208911116163,20.866622437808484,32.9320987654321,19.147643861028577,0.13412139122527847,0.09661286656058195,0.09661286656058195,0.08729256649238464,0.08297340304614685,0.07638099568083655,0.06978858831552626,0.05774039554444192,0.05796771993634917,0.05478517844964765,0.043191634462377816,0.043191634462377816,0.0338713343941805,0.031598090475107976,0.01773130256876563,0.01113889520345533,0.005001136621959537,0.850022725230809,0.03396031389967588,0.0,0.0,0.0,0.0,0.0,0.0,0.0,0.0,0.0,0.0,0.0,0.0,0.0,0.0,0.0,0.0,0.0,0.0,0.0,0.0,0.0,0.06137758581495796,0.2796090020459196,1.4662423278017687,6.771993634917028,13.107524437372133,6.267333484882929,1.6026369629461246,0.34780631961809505,0.09547624460104571,4.226461323066153,2.899704855292011,3.357142857142857,2.607876609075526,0.794315291333925,4.2218259629101285,2.8630176868104162,4.220708446866485,2.9330042515345816,0.9997353003052564,0.3894,0.00949,0.0,0.0,0.0,0.0,0.0,0.0,0.0,0.0,0.0,0.0,0.27278927028870203,25.935439872698304,3.7917708570129585,0.0,0.0,0.0,0.0,0.0,0.0,0.0,0.0,0.0,0.0,0.0,0.0,0.0,0.0,0.0,0.0,0.0,nan,nan,4.222222222222222,2.8989856512954075,nan,0.3894,0.0514,0.0,0.0,0.0,0.0,0.0,0.0,0.0,0.0,0.0,0.0,0.0,0.0,0.0,0.0,0.0,0.0,0.0,0.0,0.0,0.0,0.0,0.0,0.00017049329393043874,0.0,0.0008070015912707433,0.0012730165946806093,0.014912480109115708,0.0003296203682655149,0.010706978858831553,0.0069788588315526255,0.019709024778358716,0.01998181404864742,0.018163218913389408,0.06893612184587407,0.0427710843373494,0.045408047283473515,0.07816549215730847,0.05577403955444419,0.0649465787679018,0.08593998636053649,0.10218231416230962,0.07723346215048875,0.05466015003409866,0.041600363719027054,0.04314616958399636,0.05151170720618322,0.0310752443737213,0.024539668106387816,0.006274153216640145,0.003375767219822687,0.017003864514662424,0.001989088429188452,0.005887701750397818,0.0017503978176858378,3.4098658786087745e-05,0.00272789270288702,0.0,0.0,0.0,0.0,0.0,3.4098658786087745e-05,0.0,0.0,0.0,0.0,0.0,0.0,0.0,0.0,0.0,0.0,0.0,0.0,0.0,0.0,0.0,0.0,0.0,0.0,0.0,0.0,0.0,0.0,0.0,0.0,0.0,0.0,0.0,0.0,0.0,0.0,0.0,0.0,0.0,0.0,0.0,0.0,0.0,0.0,0.0,nan,nan,4.222222222222222,2.8989856512954075,nan,0.849989039084061,0.0342749343066655,0.0,0.0,0.0,0.0,0.0,0.0,0.0,0.0,0.0,0.0,0.0,0.0,0.0,0.0,0.0,0.0,0.0,0.0,0.0,0.0,0.0,0.06564551422319476,0.2888402625820569,1.4704595185995577,6.945295404814006,12.90590809628009,6.196936542669586,1.641137855579869,0.4070021881838075,0.07877461706783372,0.8500591362267028,0.03361689483427,0.0,0.0,0.0,0.0,0.0,0.0,0.0,0.0,0.0,0.0,0.0,0.0,0.0,0.0,0.0,0.0,0.0,0.0,0.0,0.0,0.0,0.05676442762535479,0.26963103122043525,1.461684011352881,6.584673604541156,13.325449385052037,6.343424787133398,1.5610217596972569,0.2838221381267739,0.11352885525070958,0.3894,0.00973,0.0,0.0,0.0,0.0,0.0,0.0,0.0,0.0,0.0,0.0,0.3676148796498907,25.614879649890554,4.017505470459519,0.0,0.0,0.0,0.0,0.0,0.0,0.0,0.0,0.0,0.0,0.0,0.0,0.0,0.0,0.0,0.0,0.0,0.3894,0.00923,0.0,0.0,0.0,0.0,0.0,0.0,0.0,0.0,0.0,0.0,0.17029328287606435,26.281929990539226,3.5477767265846745,0.0,0.0,0.0,0.0,0.0,0.0,0.0,0.0,0.0,0.0,0.0,0.0,0.0,0.0,0.0,0.0,0.0
50300,4387,2241,0.5108274447230453,1065,929,0.4545247321632095,1267,0.5776156826988831,0.426,2.9492078285181735,3.116521202411941,6.627416520210896,2.2919636105454457,8370.672532482335,506.58118157993584,7853.0,8866.4,8866.4,0.0,7853.0,0.0,27.38568497834511,20.64061461629628,32.3849931787176,18.906676636915506,0.14087075450193753,0.105767038978801,0.09322999772053796,0.08593571917027581,0.08434009573740597,0.07727376339183953,0.06747207658992478,0.06542056074766354,0.0585821746067928,0.04923638021426943,0.04513334852974698,0.036927285160702074,0.03191246865739685,0.02393435149304764,0.01891953498974242,0.009117848187827673,0.0059266013220879874,0.8476452773514602,0.03550653202111958,0.0,0.0,0.0,0.0,0.0,0.0,0.0,0.0,0.0,0.0,0.0,0.0,0.0,0.0,0.0,0.0,0.0,0.0,0.0,0.0,0.006838386140870756,0.09573740597219059,0.335080920902667,1.7848187827672612,7.576931844084798,12.268064736722136,6.093002051515844,1.3334852974697973,0.36927285160702084,0.13676772281741512,4.325188645346748,2.874341886022585,4.6,2.615339366124404,1.0635374262690038,4.296616270698344,2.8781085922415337,4.357142857142857,2.8670003220501536,1.014087035618537,0.3892,0.00969,0.0,0.0,0.0,0.0,0.0,0.0,0.0,0.0,0.0,0.0,0.2598586733530887,25.821746067927933,3.918395258718943,0.0,0.0,0.0,0.0,0.0,0.0,0.0,0.0,0.0,0.0,0.0,0.0,0.0,0.0,0.0,0.0,0.0,nan,nan,4.32714948269711,2.872669691053022,nan,0.3892,0.05145,0.0,0.0,0.0,0.0,0.0,0.0,0.0,0.0,0.0,0.0,0.0,0.0,0.0,0.0,0.0,0.0,0.0,0.0,0.0,0.0,0.0,0.0,0.0001481650330521997,1.1397310234784591e-05,0.0005356735810348758,0.0011739229541828128,0.014873489856393892,0.0005926601322087988,0.010770458171871439,0.00849099612491452,0.020287212217916573,0.01902211078185548,0.017494871210394346,0.07127877820834283,0.04293366765443355,0.04522452701162526,0.07922270344198769,0.05814907681787098,0.06240027353544563,0.08640300888990199,0.10038750854798267,0.07497150672441304,0.0540688397538181,0.042113061317529066,0.044198769090494645,0.050113973102347845,0.03174150900387509,0.026122635058126283,0.005425119671757466,0.003362206519261454,0.015625712331889675,0.0019375427399133803,0.006781399589696832,0.0014360610895828585,0.0,0.0026555732847048097,0.0,3.4191930704353773e-05,0.0,0.0,0.0,1.1397310234784591e-05,0.0,0.0,0.0,0.0,0.0,0.0,0.0,0.0,0.0,0.0,0.0,0.0,0.0,0.0,0.0,0.0,0.0,0.0,0.0,0.0,0.0,0.0,0.0,0.0,0.0,0.0,0.0,0.0,0.0,0.0,0.0,0.0,0.0,0.0,0.0,0.0,0.0,0.0,0.0,nan,nan,4.32714948269711,2.872669691053022,nan,0.8469708803135175,0.03516914582566168,0.0,0.0,0.0,0.0,0.0,0.0,0.0,0.0,0.0,0.0,0.0,0.0,0.0,0.0,0.0,0.0,0.0,0.0,0.0,0.0,0.013386880856760378,0.10709504685408303,0.3346720214190094,1.847389558232926,7.751004016064258,12.00803212851406,6.305220883534139,1.1780455153949132,0.34805890227576985,0.10709504685408303,0.8483495288715114,0.03584192348280962,0.0,0.0,0.0,0.0,0.0,0.0,0.0,0.0,0.0,0.0,0.0,0.0,0.0,0.0,0.0,0.0,0.0,0.0,0.0,0.0,0.0,0.08387698042870458,0.3355079217148183,1.7194780987884384,7.395153774464121,12.539608574091336,5.871388630009322,1.4958061509785652,0.3914259086672881,0.16775396085740915,0.3892,0.00965,0.0,0.0,0.0,0.0,0.0,0.0,0.0,0.0,0.0,0.0,0.3078982597054887,25.890227576974524,3.801874163319947,0.0,0.0,0.0,0.0,0.0,0.0,0.0,0.0,0.0,0.0,0.0,0.0,0.0,0.0,0.0,0.0,0.0,0.3892,0.009735,0.0,0.0,0.0,0.0,0.0,0.0,0.0,0.0,0.0,0.0,0.20969245107176146,25.750232991612265,4.040074557315937,0.0,0.0,0.0,0.0,0.0,0.0,0.0,0.0,0.0,0.0,0.0,0.0,0.0,0.0,0.0,0.0,0.0
50400,4595,2360,0.5136017410228509,1115,924,0.44374319912948856,1297,0.5645266594124048,0.414,3.069798657718121,3.128215493572396,6.561746987951807,2.164008848741309,8373.484004352556,506.5124788433238,7853.0,8866.4,8866.399999999998,1.8189894035458565e-12,7853.0,0.0,28.145157780195866,20.90841305834079,33.16264591439689,19.08243446369969,0.13993471164309032,0.0957562568008705,0.09162132752992383,0.09227421109902068,0.07464635473340588,0.0735582154515778,0.06964091403699674,0.0676822633297062,0.05745375408052231,0.05397170837867247,0.04766050054406964,0.03917301414581066,0.035038084874863984,0.028073993471164307,0.015669205658324265,0.012187159956474429,0.0056583242655059846,0.8453622822662952,0.03345174400083326,0.0,0.0,0.0,0.0,0.0,0.0,0.0,0.0,0.0,0.0,0.0,0.0,0.0,0.0,0.0,0.0,0.0,0.0,0.0,0.0,0.04570184983677912,0.13057671381936892,0.29379760609358,1.7431991294885691,7.651795429815018,13.14907508161045,5.575625680087053,1.129488574537541,0.23503808487486402,0.04570184983677912,4.324159021406728,2.8894427619425684,3.9642857142857144,2.9578242831168855,0.916776116387149,4.311155913978495,2.89127985527124,4.32995951417004,2.8902145152877132,1.0043616145105252,0.3892,0.009575,0.0,0.0,0.0,0.0,0.0,0.0,0.0,0.0,0.0,0.0,0.29379760609358,25.893362350380812,3.812840043525572,0.0,0.0,0.0,0.0,0.0,0.0,0.0,0.0,0.0,0.0,0.0,0.0,0.0,0.0,0.0,0.0,0.0,nan,nan,4.320767418377651,2.89030393433157,nan,0.3892,0.05154,0.0,0.0,0.0,0.0,0.0,0.0,0.0,0.0,0.0,0.0,0.0,0.0,0.0,0.0,0.0,0.0,0.0,0.0,0.0,0.0,0.0,0.0,9.793253536452666e-05,9.793253536452666e-05,0.0006855277475516866,0.0009031556039173014,0.015125136017410229,0.0013057671381936887,0.01029379760609358,0.008944504896626768,0.01939064200217628,0.01836779107725789,0.020087051142546247,0.07078346028291621,0.041349292709466814,0.04805223068552775,0.07633297062023939,0.060816104461371055,0.06073993471164309,0.08454842219804135,0.1013601741022851,0.07573449401523395,0.0535038084874864,0.03914036996735582,0.04650707290533188,0.05013057671381937,0.030315560391730143,0.02794341675734494,0.006311207834602829,0.0037540805223068552,0.014341675734494016,0.002470076169749728,0.00675734494015234,0.001001088139281828,0.0,0.0027856365614798693,0.0,1.088139281828074e-05,0.0,0.0,0.0,1.088139281828074e-05,0.0,0.0,0.0,0.0,0.0,0.0,0.0,0.0,0.0,0.0,0.0,0.0,0.0,0.0,0.0,0.0,0.0,0.0,0.0,0.0,0.0,0.0,0.0,0.0,0.0,0.0,0.0,0.0,0.0,0.0,0.0,0.0,0.0,0.0,0.0,0.0,0.0,0.0,0.0,nan,nan,4.320767418377651,2.89030393433157,nan,0.845130928492142,0.033411622773783095,0.0,0.0,0.0,0.0,0.0,0.0,0.0,0.0,0.0,0.0,0.0,0.0,0.0,0.0,0.0,0.0,0.0,0.0,0.0,0.0,0.050847457627118654,0.11440677966101698,0.31779661016949157,1.7161016949152488,7.894067796610171,12.978813559322036,5.4788135593220355,1.13135593220339,0.26694915254237295,0.050847457627118654,0.845606575289562,0.033492322338633106,0.0,0.0,0.0,0.0,0.0,0.0,0.0,0.0,0.0,0.0,0.0,0.0,0.0,0.0,0.0,0.0,0.0,0.0,0.0,0.0,0.04026845637583893,0.14765100671140943,0.26845637583892623,1.7718120805369073,7.395973154362418,13.328859060402689,5.67785234899329,1.12751677852349,0.20134228187919467,0.04026845637583893,0.3892,0.009674,0.0,0.0,0.0,0.0,0.0,0.0,0.0,0.0,0.0,0.0,0.3305084745762713,25.677966101694878,3.9915254237288145,0.0,0.0,0.0,0.0,0.0,0.0,0.0,0.0,0.0,0.0,0.0,0.0,0.0,0.0,0.0,0.0,0.0,0.389,0.00946,0.0,0.0,0.0,0.0,0.0,0.0,0.0,0.0,0.0,0.0,0.25503355704697994,26.120805369127478,3.6241610738255043,0.0,0.0,0.0,0.0,0.0,0.0,0.0,0.0,0.0,0.0,0.0,0.0,0.0,0.0,0.0,0.0,0.0
50500,4587,2365,0.5155875299760192,1151,917,0.45083932853717024,1265,0.5515587529976019,0.43,3.006300630063006,3.099890520349778,6.617460317460317,2.0558889231420827,8375.496402877698,506.4537132415214,7853.0,8866.4,8866.399999999998,1.8189894035458565e-12,7853.0,0.0,28.249182472204055,21.025238316571922,33.24454828660436,19.236798655478708,0.13712666230651843,0.10050141704817964,0.09287115761935906,0.07782864617396991,0.08393285371702638,0.07826466099847394,0.07041639415740135,0.058207979071288427,0.06126008284281666,0.05733594942228036,0.04316546762589928,0.041203400915631135,0.033355134074558535,0.02790494876825812,0.016350555918901243,0.012426422498364944,0.007848266841072597,0.8454642934245119,0.034588223153429964,0.0,0.0,0.0,0.0,0.0,0.0,0.0,0.0,0.0,0.0,0.0,0.0,0.0,0.0,0.0,0.0,0.0,0.0,0.0,0.0,0.019620667102681493,0.039241334205362986,0.35317200784826697,1.9947678221059453,7.979071288423808,12.616088947024203,5.382603008502291,1.144538914323087,0.3727926749509484,0.09810333551340748,4.20879489761665,2.8826278510858465,5.6923076923076925,1.6817854699288803,1.3524792323643817,4.2723631508678235,2.872324997422537,4.158070997990623,2.8877985743139916,0.9732484929671803,0.3887,0.009605,0.0,0.0,0.0,0.0,0.0,0.0,0.0,0.0,0.0,0.0,0.2746893394375409,26.219751471549994,3.5055591890124274,0.0,0.0,0.0,0.0,0.0,0.0,0.0,0.0,0.0,0.0,0.0,0.0,0.0,0.0,0.0,0.0,0.0,nan,nan,4.21524064171123,2.8801473931489494,nan,0.3887,0.0516,0.0,0.0,0.0,0.0,0.0,0.0,0.0,0.0,0.0,0.0,0.0,0.0,0.0,0.0,0.0,0.0,0.0,0.0,0.0,0.0,0.0,2.1800741225201658e-05,0.00014170481796381076,0.00018530630041421408,0.0006540222367560497,0.000566819271855243,0.015271419228253761,0.0020056681927185524,0.010289949858295183,0.00854589056027905,0.02075430564639198,0.018258120776106387,0.02260736865053412,0.0698822759973839,0.04098539350337912,0.048016132548506646,0.07877697841726619,0.05853499018966645,0.06106387617178984,0.08488118596032265,0.09938957924569436,0.07656420318290821,0.052943100065402225,0.039197732722912576,0.04798343143666885,0.04969478962284718,0.027436232831916284,0.02866797471114018,0.005864399389579246,0.0037933289731850884,0.014279485502507086,0.0026269893176368,0.006093307172443863,0.0014824504033137127,0.0,0.002517985611510791,0.0,2.1800741225201658e-05,0.0,0.0,0.0,0.0,0.0,0.0,0.0,0.0,0.0,0.0,0.0,0.0,0.0,0.0,0.0,0.0,0.0,0.0,0.0,0.0,0.0,0.0,0.0,0.0,0.0,0.0,0.0,0.0,0.0,0.0,0.0,0.0,0.0,0.0,0.0,0.0,0.0,0.0,0.0,0.0,0.0,0.0,0.0,nan,nan,4.21524064171123,2.8801473931489494,nan,0.8459923405979954,0.034029786251682036,0.0,0.0,0.0,0.0,0.0,0.0,0.0,0.0,0.0,0.0,0.0,0.0,0.0,0.0,0.0,0.0,0.0,0.0,0.0,0.0,0.025369978858350958,0.038054968287526435,0.34249471458773795,1.7885835095137368,7.852008456659621,13.167019027484146,5.200845665961946,1.0655391120507403,0.4186046511627908,0.10147991543340383,0.8449022630170913,0.0351641495840019,0.0,0.0,0.0,0.0,0.0,0.0,0.0,0.0,0.0,0.0,0.0,0.0,0.0,0.0,0.0,0.0,0.0,0.0,0.0,0.0,0.013501350135013504,0.04050405040504051,0.36453645364536463,2.214221422142207,8.114311431143117,12.029702970297032,5.576057605760577,1.2286228622862287,0.32403240324032406,0.09450945094509454,0.389,0.00985,0.0,0.0,0.0,0.0,0.0,0.0,0.0,0.0,0.0,0.0,0.34249471458773795,25.725158562367827,3.932346723044398,0.0,0.0,0.0,0.0,0.0,0.0,0.0,0.0,0.0,0.0,0.0,0.0,0.0,0.0,0.0,0.0,0.0,0.3882,0.00933,0.0,0.0,0.0,0.0,0.0,0.0,0.0,0.0,0.0,0.0,0.20252025202520257,26.74617461746171,3.051305130513052,0.0,0.0,0.0,0.0,0.0,0.0,0.0,0.0,0.0,0.0,0.0,0.0,0.0,0.0,0.0,0.0,0.0
50600,4900,2509,0.5120408163265306,1198,1018,0.45224489795918366,1396,0.5697959183673469,0.40599999999999997,2.940192388122125,3.062054942882895,6.58282208588957,2.0828424152174305,8371.902163265306,506.55305468592985,7853.0,8866.4,8866.4,0.0,7853.0,0.0,28.283673469387754,21.016454650998096,33.3418553688824,19.19011566766143,0.13959183673469389,0.0973469387755102,0.09020408163265306,0.0826530612244898,0.0783673469387755,0.08163265306122448,0.06673469387755102,0.06938775510204082,0.058163265306122446,0.050816326530612244,0.046122448979591835,0.04204081632653061,0.03489795918367347,0.022653061224489797,0.018367346938775512,0.013061224489795919,0.007959183673469388,0.8464708199428053,0.034155819035169815,0.0,0.0,0.0,0.0,0.0,0.0,0.0,0.0,0.0,0.0,0.0,0.0,0.0,0.0,0.0,0.0,0.0,0.0,0.0,0.0,0.024489795918367353,0.09183673469387757,0.3367346938775511,1.738775510204076,7.683673469387757,12.887755102040819,5.602040816326532,1.242857142857143,0.3183673469387756,0.07346938775510205,4.3162204724409445,2.862767486834264,3.3333333333333335,2.6499475885802384,0.7722805993383928,4.385997521685254,2.8669941108618078,4.2354060913705585,2.856072027089353,0.9656654091640178,0.3884,0.01002,0.0,0.0,0.0,0.0,0.0,0.0,0.0,0.0,0.0,0.0,0.4408163265306123,25.695918367346902,3.86326530612245,0.0,0.0,0.0,0.0,0.0,0.0,0.0,0.0,0.0,0.0,0.0,0.0,0.0,0.0,0.0,0.0,0.0,nan,nan,4.311598746081505,2.862593626695409,nan,0.3884,0.05157,0.0,0.0,0.0,0.0,0.0,0.0,0.0,0.0,0.0,0.0,0.0,0.0,0.0,0.0,0.0,0.0,0.0,0.0,0.0,0.0,0.0,4.0816326530612245e-05,8.163265306122449e-05,0.00025510204081632655,0.0003673469387755102,0.0006326530612244898,0.015744897959183674,0.0016836734693877551,0.01216326530612245,0.0070408163265306125,0.020377551020408162,0.017877551020408163,0.020755102040816327,0.07098979591836735,0.041755102040816325,0.04857142857142857,0.07805102040816327,0.0553265306122449,0.06375510204081633,0.08820408163265306,0.09994897959183674,0.07881632653061224,0.05220408163265306,0.037806122448979594,0.04759183673469388,0.046306122448979595,0.026704081632653063,0.028591836734693878,0.005551020408163266,0.004,0.015510204081632653,0.002857142857142857,0.0071224489795918364,0.0010612244897959184,2.0408163265306123e-05,0.002214285714285714,1.0204081632653061e-05,1.0204081632653061e-05,0.0,0.0,0.0,0.0,0.0,0.0,0.0,0.0,0.0,0.0,0.0,0.0,0.0,0.0,0.0,0.0,0.0,0.0,0.0,0.0,0.0,0.0,0.0,0.0,0.0,0.0,0.0,0.0,0.0,0.0,0.0,0.0,0.0,0.0,0.0,0.0,0.0,0.0,0.0,0.0,0.0,0.0,0.0,nan,nan,4.311598746081505,2.862593626695409,nan,0.846536492650468,0.0344655441213053,0.0,0.0,0.0,0.0,0.0,0.0,0.0,0.0,0.0,0.0,0.0,0.0,0.0,0.0,0.0,0.0,0.0,0.0,0.0,0.0,0.035870864886408935,0.14348345954563574,0.29892387405340776,1.6620167397369419,7.604623355918694,12.985253088880034,5.6078118772419305,1.2793941809485854,0.29892387405340776,0.08369868473495419,0.8464019061730328,0.03382762231755995,0.0,0.0,0.0,0.0,0.0,0.0,0.0,0.0,0.0,0.0,0.0,0.0,0.0,0.0,0.0,0.0,0.0,0.0,0.0,0.0,0.012547051442910918,0.03764115432873275,0.37641154328732757,1.8193224592220771,7.766624843161859,12.785445420326226,5.59598494353827,1.204516938519448,0.33877038895859485,0.06273525721455459,0.3884,0.01,0.0,0.0,0.0,0.0,0.0,0.0,0.0,0.0,0.0,0.0,0.41849342367477094,25.80310880829012,3.7783977680350747,0.0,0.0,0.0,0.0,0.0,0.0,0.0,0.0,0.0,0.0,0.0,0.0,0.0,0.0,0.0,0.0,0.0,0.3887,0.010025,0.0,0.0,0.0,0.0,0.0,0.0,0.0,0.0,0.0,0.0,0.46424090338770396,25.583437892095322,3.9523212045169394,0.0,0.0,0.0,0.0,0.0,0.0,0.0,0.0,0.0,0.0,0.0,0.0,0.0,0.0,0.0,0.0,0.0
50700,4515,2356,0.5218161683277962,1146,878,0.44828349944629015,1232,0.5457364341085271,0.41,2.938397406206577,3.0107732188236116,6.263565891472868,2.1259539759067736,8381.80850498339,506.2174473557774,7853.0,8866.4,8866.4,0.0,7853.0,0.0,28.792026578073088,21.043990800882888,33.56773688332028,19.256014476546152,0.12934662236987818,0.09700996677740864,0.09102990033222591,0.08593576965669988,0.07973421926910298,0.07729789590254707,0.06688815060908083,0.06511627906976744,0.05847176079734219,0.05647840531561462,0.046511627906976744,0.04673311184939092,0.03499446290143964,0.02635658914728682,0.017054263565891473,0.014174972314507199,0.006866002214839424,0.8471615583529636,0.03504849046097714,0.0,0.0,0.0,0.0,0.0,0.0,0.0,0.0,0.0,0.0,0.0,0.0,0.0,0.0,0.0,0.0,0.0,0.0,0.0,0.0,0.006644518272425251,0.12624584717607976,0.3920265780730898,1.714285714285709,7.348837209302327,12.710963455149505,5.840531561461796,1.45514950166113,0.31229235880398676,0.09302325581395351,4.0800814387512725,2.7979766782160196,3.6875,3.254204011736203,0.9037809797072521,4.054362416107383,2.8034729952502695,4.097380792478173,2.803490075809969,1.0106103924503358,0.3887,0.00934,0.0,0.0,0.0,0.0,0.0,0.0,0.0,0.0,0.0,0.0,0.2790697674418605,26.345514950166073,3.3754152823920274,0.0,0.0,0.0,0.0,0.0,0.0,0.0,0.0,0.0,0.0,0.0,0.0,0.0,0.0,0.0,0.0,0.0,nan,nan,4.075864384021484,2.8035640440662877,nan,0.3887,0.05124,0.0,0.0,0.0,0.0,0.0,0.0,0.0,0.0,0.0,0.0,0.0,0.0,0.0,0.0,0.0,0.0,0.0,0.0,0.0,0.0,0.0,0.0,0.00014396456256921374,0.00019933554817275749,0.0005094130675526024,0.00044296788482834997,0.014939091915836101,0.0019158361018826134,0.011207087486157254,0.006666666666666667,0.019988925802879292,0.019158361018826134,0.022990033222591362,0.06704318936877077,0.04045404208194906,0.051572535991140644,0.07664451827242524,0.05826135105204873,0.06419712070874861,0.08966777408637874,0.0973532668881506,0.07959025470653378,0.05196013289036545,0.03552602436323367,0.04870431893687708,0.04875968992248062,0.027763012181616833,0.028217054263565893,0.004352159468438538,0.004396456256921373,0.014739756367663344,0.0023698781838316723,0.006611295681063123,0.0009191583610188262,0.0,0.0027353266888150607,0.0,0.0,0.0,0.0,0.0,0.0,0.0,0.0,0.0,0.0,0.0,0.0,0.0,0.0,0.0,0.0,0.0,0.0,0.0,0.0,0.0,0.0,0.0,0.0,0.0,0.0,0.0,0.0,0.0,0.0,0.0,0.0,0.0,0.0,0.0,0.0,0.0,0.0,0.0,0.0,0.0,0.0,0.0,0.0,0.0,nan,nan,4.075864384021484,2.8035640440662877,nan,0.8474703251505951,0.035065122113461515,0.0,0.0,0.0,0.0,0.0,0.0,0.0,0.0,0.0,0.0,0.0,0.0,0.0,0.0,0.0,0.0,0.0,0.0,0.0,0.0,0.0,0.14006791171477082,0.3183361629881155,1.7317487266553426,7.4108658743633296,12.848047538200342,5.56451612903226,1.4898132427843807,0.3565365025466894,0.14006791171477082,0.846824617836419,0.03502722671039522,0.0,0.0,0.0,0.0,0.0,0.0,0.0,0.0,0.0,0.0,0.0,0.0,0.0,0.0,0.0,0.0,0.0,0.0,0.0,0.0,0.013895321908290879,0.11116257526632703,0.47244094488188987,1.6952292728114815,7.281148679944421,12.561371005094955,6.1417322834645685,1.4173228346456694,0.2640111162575267,0.04168596572487263,0.3887,0.009346,0.0,0.0,0.0,0.0,0.0,0.0,0.0,0.0,0.0,0.0,0.24193548387096778,26.12903225806448,3.629032258064517,0.0,0.0,0.0,0.0,0.0,0.0,0.0,0.0,0.0,0.0,0.0,0.0,0.0,0.0,0.0,0.0,0.0,0.3884,0.00933,0.0,0.0,0.0,0.0,0.0,0.0,0.0,0.0,0.0,0.0,0.3195924038906902,26.581750810560408,3.098656785548866,0.0,0.0,0.0,0.0,0.0,0.0,0.0,0.0,0.0,0.0,0.0,0.0,0.0,0.0,0.0,0.0,0.0
50800,4497,2312,0.5141205247943074,1082,891,0.4387369357349344,1253,0.5572603958194352,0.41,2.994050343249428,3.0918008241376618,6.528301886792453,2.1325902423036562,8374.00973982655,506.49789865911214,7853.0,8866.4,8866.399999999998,1.8189894035458565e-12,7853.0,0.0,28.35001111852346,21.14386841518584,33.195629278567665,19.43449894378291,0.13698020902824104,0.09895485879475206,0.09428507894151657,0.0867244829886591,0.08116522125861686,0.07293751389815432,0.06293084278407828,0.06293084278407828,0.05848343340004447,0.055814987769624194,0.04825439181676673,0.04158327774071603,0.033577940849455194,0.026239715365799422,0.0200133422281521,0.010229041583277742,0.008894818768067601,0.8484800041768984,0.03568326949788761,0.0,0.0,0.0,0.0,0.0,0.0,0.0,0.0,0.0,0.0,0.0,0.0,0.0,0.0,0.0,0.0,0.0,0.0,0.0,0.0,0.026684456304202808,0.10673782521681123,0.3669112741827886,1.7411607738492274,6.84456304202802,13.002001334222818,5.897264843228821,1.480987324883256,0.4202801867911942,0.11340893929286193,4.313236313236313,2.857000397731576,4.333333333333333,2.7688746209726918,1.004659383033419,4.393180236604036,2.915279399637911,4.235334242837654,2.796388443369064,0.9640702212827038,0.3884,0.00949,0.0,0.0,0.0,0.0,0.0,0.0,0.0,0.0,0.0,0.0,0.36024016010673793,26.57771847898595,3.0620413609072723,0.0,0.0,0.0,0.0,0.0,0.0,0.0,0.0,0.0,0.0,0.0,0.0,0.0,0.0,0.0,0.0,0.0,nan,nan,4.3133608815427,2.8564629728905184,nan,0.3884,0.05118,0.0,0.0,0.0,0.0,0.0,0.0,0.0,0.0,0.0,0.0,0.0,0.0,0.0,0.0,0.0,0.0,0.0,0.0,0.0,0.0,0.0,0.0,0.0001890148988214365,8.8948187680676e-05,0.00066711140760507,0.00042250389148321105,0.013764732043584612,0.0023237714031576606,0.01116299755392484,0.007605070046697799,0.018868134311763398,0.019724260618189906,0.02242606181899044,0.0672893039804314,0.041850122303758064,0.0530131198576829,0.07875250166777852,0.05714921058483433,0.06450967311541027,0.08847009117189238,0.09577496108516789,0.07973093173226596,0.05074494107182566,0.03808094285078942,0.0485657104736491,0.0471314209472982,0.02670669335112297,0.028396708917055816,0.004491883477874138,0.004336224149432955,0.014954414053813654,0.002579497442739604,0.006960195686012897,0.0007338225483655771,4.4474093840338e-05,0.0024571936846786747,0.0,0.0,3.33555703802535e-05,0.0,0.0,0.0,0.0,0.0,0.0,0.0,0.0,0.0,0.0,0.0,0.0,0.0,0.0,0.0,0.0,0.0,0.0,0.0,0.0,0.0,0.0,0.0,0.0,0.0,0.0,0.0,0.0,0.0,0.0,0.0,0.0,0.0,0.0,0.0,0.0,0.0,0.0,0.0,0.0,0.0,0.0,nan,nan,4.3133608815427,2.8564629728905184,nan,0.8480021398011789,0.03508291137158733,0.0,0.0,0.0,0.0,0.0,0.0,0.0,0.0,0.0,0.0,0.0,0.0,0.0,0.0,0.0,0.0,0.0,0.0,0.0,0.0,0.012975778546712806,0.10380622837370244,0.4152249134948098,1.7647058823529356,6.980968858131489,12.897923875432529,5.942906574394465,1.4792387543252599,0.36332179930795855,0.038927335640138415,0.8489856437360122,0.03630086580490649,0.0,0.0,0.0,0.0,0.0,0.0,0.0,0.0,0.0,0.0,0.0,0.0,0.0,0.0,0.0,0.0,0.0,0.0,0.0,0.0,0.04118993135011442,0.10983981693363846,0.31578947368421056,1.7162471395880954,6.700228832951947,13.112128146453093,5.848970251716249,1.4828375286041193,0.4805491990846683,0.19221967963386732,0.3882,0.00945,0.0,0.0,0.0,0.0,0.0,0.0,0.0,0.0,0.0,0.0,0.3762975778546714,26.730103806228335,2.893598615916956,0.0,0.0,0.0,0.0,0.0,0.0,0.0,0.0,0.0,0.0,0.0,0.0,0.0,0.0,0.0,0.0,0.0,0.3884,0.00953,0.0,0.0,0.0,0.0,0.0,0.0,0.0,0.0,0.0,0.0,0.3432494279176202,26.41647597254001,3.2402745995423348,0.0,0.0,0.0,0.0,0.0,0.0,0.0,0.0,0.0,0.0,0.0,0.0,0.0,0.0,0.0,0.0,0.0
50900,4534,2290,0.5050727834142038,1061,925,0.43802382002646667,1279,0.5641817379797088,0.41,3.017379679144385,3.1314290155411726,6.637209302325582,2.189866364102304,8364.840758711956,506.67392137336736,7853.0,8866.4,8866.399999999998,1.8189894035458565e-12,7853.0,0.0,28.334583149536833,21.123721487359937,33.26984542834687,19.375189599645655,0.13718570798411997,0.09969122187913543,0.09505955006616675,0.08557565063961182,0.08072342302602559,0.06947507719453022,0.06594618438464932,0.06021173356859286,0.06285840317600352,0.052712836347595944,0.05006616674018527,0.042126157917953246,0.03198059108954566,0.028451698279664754,0.01940891045434495,0.010807234230260256,0.007719453021614468,0.8475742411077102,0.03271042223101977,0.0,0.0,0.0,0.0,0.0,0.0,0.0,0.0,0.0,0.0,0.0,0.0,0.0,0.0,0.0,0.0,0.0,0.0,0.0,0.0,0.019850022055580063,0.07940008822232025,0.2712836347595942,1.5880017644464,7.0599911777679765,13.411998235553598,6.146890163211294,1.1446846052051172,0.21173356859285405,0.06616674018526689,4.41422160856058,2.9433105511058555,4.833333333333333,3.3541019662496843,1.094945782504431,4.3568493150684935,2.9359698295976666,4.476975945017182,2.955218890394247,1.0275719037454938,0.389,0.00941,0.0,0.0,0.0,0.0,0.0,0.0,0.0,0.0,0.0,0.0,0.27790030877812094,26.321129245699122,3.400970445522718,0.0,0.0,0.0,0.0,0.0,0.0,0.0,0.0,0.0,0.0,0.0,0.0,0.0,0.0,0.0,0.0,0.0,nan,nan,4.416809605488851,2.946205882312232,nan,0.389,0.05164,0.0,0.0,0.0,0.0,0.0,0.0,0.0,0.0,0.0,0.0,0.0,0.0,0.0,0.0,0.0,0.0,0.0,0.0,0.0,0.0,0.0,0.0,0.00011027790030877812,0.000176444640494045,0.0008711954124393472,0.0001874724305249228,0.014126599029554477,0.002448169386854874,0.010310983678870754,0.008403176003528893,0.019938244375827086,0.018460520511689456,0.022474636082928982,0.0656043228936921,0.041894574327304805,0.053606087340097044,0.0774812527569475,0.05699161887957653,0.06700485222761358,0.09029554477282753,0.09007498897220997,0.0803705337450375,0.04928319364799294,0.03859726510807234,0.04824658138509043,0.04813630348478165,0.025176444640494046,0.031131451257168062,0.005712395235994707,0.004896338773709748,0.01476621085134539,0.0018526687251874724,0.006925452139391266,0.000816056462284958,1.1027790030877813e-05,0.003573003970004411,0.0,4.411116012351125e-05,0.0,0.0,0.0,0.0,0.0,0.0,0.0,0.0,0.0,0.0,0.0,0.0,0.0,0.0,0.0,0.0,0.0,0.0,0.0,0.0,0.0,0.0,0.0,0.0,0.0,0.0,0.0,0.0,0.0,0.0,0.0,0.0,0.0,0.0,0.0,0.0,0.0,0.0,0.0,0.0,0.0,0.0,0.0,nan,nan,4.416809605488851,2.946205882312232,nan,0.847245945003876,0.03263519042346076,0.0,0.0,0.0,0.0,0.0,0.0,0.0,0.0,0.0,0.0,0.0,0.0,0.0,0.0,0.0,0.0,0.0,0.0,0.0,0.0,0.02620087336244542,0.1310043668122271,0.31441048034934505,1.3493449781659348,7.231441048034936,13.441048034934502,6.03930131004367,1.2838427947598254,0.1441048034934498,0.03930131004366813,0.8479092669890739,0.03278362908646321,0.0,0.0,0.0,0.0,0.0,0.0,0.0,0.0,0.0,0.0,0.0,0.0,0.0,0.0,0.0,0.0,0.0,0.0,0.0,0.0,0.013368983957219254,0.02673796791443851,0.22727272727272732,1.8315508021390317,6.885026737967916,13.382352941176475,6.2566844919786115,1.002673796791444,0.28074866310160435,0.09358288770053479,0.3887,0.00963,0.0,0.0,0.0,0.0,0.0,0.0,0.0,0.0,0.0,0.0,0.3275109170305677,26.16157205240171,3.5109170305676862,0.0,0.0,0.0,0.0,0.0,0.0,0.0,0.0,0.0,0.0,0.0,0.0,0.0,0.0,0.0,0.0,0.0,0.389,0.00917,0.0,0.0,0.0,0.0,0.0,0.0,0.0,0.0,0.0,0.0,0.22727272727272732,26.483957219251298,3.2887700534759365,0.0,0.0,0.0,0.0,0.0,0.0,0.0,0.0,0.0,0.0,0.0,0.0,0.0,0.0,0.0,0.0,0.0
51000,4518,2361,0.5225763612217795,1125,922,0.4530765825586543,1256,0.5559982293050022,0.40599999999999997,2.9587389893370424,3.053633370169327,6.408064516129032,2.2113197334577386,8382.578884462153,506.18321450416283,7853.0,8866.4,8866.4,0.0,7853.0,0.0,28.103142983621073,20.936316174640293,33.10765171503958,19.143880151526396,0.14054891544931386,0.0980522355024347,0.08787073926516158,0.08632138114209828,0.08233731739707835,0.08211598052235503,0.0697211155378486,0.06330234617087206,0.05179282868525897,0.05267817618415228,0.04714475431606906,0.041168658698539175,0.03497122620628597,0.023683045595396194,0.019256308100929615,0.011288180610889775,0.007746790615316512,0.8465672861347688,0.03422452607610999,0.0,0.0,0.0,0.0,0.0,0.0,0.0,0.0,0.0,0.0,0.0,0.0,0.0,0.0,0.0,0.0,0.0,0.0,0.0,0.0,0.013280212483399738,0.1062416998671979,0.33864541832669326,1.8525896414342573,7.430278884462153,12.66268260292165,5.942895086321383,1.3014608233731741,0.2722443559096946,0.07968127490039842,4.103142076502732,2.848212164099935,3.764705882352941,2.156506209390984,0.9175177978632771,4.073105298457411,2.8697445211514623,4.129986244841816,2.818736754495717,1.0139650075842497,0.3884,0.00983,0.0,0.0,0.0,0.0,0.0,0.0,0.0,0.0,0.0,0.0,0.37848605577689254,26.04249667994684,3.5790172642762292,0.0,0.0,0.0,0.0,0.0,0.0,0.0,0.0,0.0,0.0,0.0,0.0,0.0,0.0,0.0,0.0,0.0,nan,nan,4.101188455008489,2.844817516647528,nan,0.3884,0.05197,0.0,0.0,0.0,0.0,0.0,0.0,0.0,0.0,0.0,0.0,0.0,0.0,0.0,0.0,0.0,0.0,0.0,0.0,0.0,0.0,0.0,0.0,0.00037627268702965916,0.0003430721558211598,0.0010292164674634795,0.0003652058432934927,0.0149734395750332,0.0026560424966799467,0.009218680832226649,0.00818946436476317,0.019776449756529438,0.020683930942895085,0.02144754316069057,0.06456396635679504,0.04071491810535635,0.05461487383798141,0.08048915449313855,0.06074590526781762,0.06356795042054006,0.09561752988047809,0.0884240814519699,0.07663789287295264,0.04953519256308101,0.03728419654714475,0.04625940681717574,0.04590526781761842,0.02540947321823816,0.03177290836653386,0.0054891544931385565,0.004559539619300576,0.014707835325365206,0.002069499778663125,0.007613988490482514,0.0010956175298804782,0.0,0.0038180610889774237,0.0,4.4267374944665784e-05,0.0,0.0,0.0,0.0,0.0,0.0,0.0,0.0,0.0,0.0,0.0,0.0,0.0,0.0,0.0,0.0,0.0,0.0,0.0,0.0,0.0,0.0,0.0,0.0,0.0,0.0,0.0,0.0,0.0,0.0,0.0,0.0,0.0,0.0,0.0,0.0,0.0,0.0,0.0,0.0,0.0,0.0,0.0,nan,nan,4.101188455008489,2.844817516647528,nan,0.8468368612119375,0.03440657487361213,0.0,0.0,0.0,0.0,0.0,0.0,0.0,0.0,0.0,0.0,0.0,0.0,0.0,0.0,0.0,0.0,0.0,0.0,0.0,0.0,0.0,0.11435832274459977,0.3049555273189327,1.9440914866581895,7.153748411689963,12.808132147395174,5.984752223634055,1.3087674714104196,0.27954256670902167,0.10165184243964424,0.8462722157790918,0.03402169478084053,0.0,0.0,0.0,0.0,0.0,0.0,0.0,0.0,0.0,0.0,0.0,0.0,0.0,0.0,0.0,0.0,0.0,0.0,0.0,0.0,0.027816411682892915,0.0973574408901252,0.3755215577190543,1.7524339360222476,7.73296244784423,12.503477051460365,5.897079276773298,1.2934631432545203,0.2642559109874827,0.05563282336578583,0.3884,0.00986,0.0,0.0,0.0,0.0,0.0,0.0,0.0,0.0,0.0,0.0,0.3684879288437104,26.22617534942817,3.405336721728082,0.0,0.0,0.0,0.0,0.0,0.0,0.0,0.0,0.0,0.0,0.0,0.0,0.0,0.0,0.0,0.0,0.0,0.3884,0.009796,0.0,0.0,0.0,0.0,0.0,0.0,0.0,0.0,0.0,0.0,0.3894297635605008,25.841446453407475,3.76912378303199,0.0,0.0,0.0,0.0,0.0,0.0,0.0,0.0,0.0,0.0,0.0,0.0,0.0,0.0,0.0,0.0,0.0
51100,4528,2331,0.5147968197879859,1056,962,0.4456713780918728,1300,0.5742049469964664,0.418,2.9449248975876197,3.1121018508688305,6.704152249134948,2.1654770184198746,8374.695097173146,506.47807164848484,7853.0,8866.4,8866.4,0.0,7853.0,0.0,27.440150176678443,20.83744601707583,32.60430507573744,19.07868520472652,0.14796819787985865,0.09761484098939929,0.09540636042402827,0.09386042402826855,0.07398409893992933,0.07707597173144877,0.06780035335689046,0.06205830388692579,0.058524734982332155,0.04946996466431095,0.04858657243816254,0.038869257950530034,0.02959363957597173,0.02517667844522968,0.014575971731448763,0.011704946996466431,0.007729681978798587,0.8473105112439542,0.0348033941904258,0.0,0.0,0.0,0.0,0.0,0.0,0.0,0.0,0.0,0.0,0.0,0.0,0.0,0.0,0.0,0.0,0.0,0.0,0.0,0.0,0.006625441696113076,0.06625441696113075,0.3312720848056538,1.6629858657243763,7.963780918727917,12.349823321554773,5.803886925795054,1.4045936395759722,0.30477031802120147,0.10600706713780922,4.359172220273588,2.8991107410540686,4.85,3.5535193822462827,1.1125965561635018,4.34869325997249,2.8663743900395833,4.376852505292872,2.942972534867339,1.0064753349194742,0.3884,0.009415,0.0,0.0,0.0,0.0,0.0,0.0,0.0,0.0,0.0,0.0,0.2517667844522969,26.402385159010564,3.345848056537103,0.0,0.0,0.0,0.0,0.0,0.0,0.0,0.0,0.0,0.0,0.0,0.0,0.0,0.0,0.0,0.0,0.0,nan,nan,4.3625914315569485,2.904466486789569,nan,0.3884,0.0521,0.0,0.0,0.0,0.0,0.0,0.0,0.0,0.0,0.0,0.0,0.0,0.0,0.0,0.0,0.0,0.0,0.0,0.0,0.0,0.0,0.0,0.0,0.0005079505300353357,0.0003754416961130742,0.0010269434628975265,0.0005742049469964664,0.01582376325088339,0.0032354240282685513,0.009706272084805654,0.007972614840989399,0.019898409893992934,0.02105786219081272,0.021278710247349824,0.06370362190812721,0.04123233215547703,0.05454946996466431,0.07570671378091873,0.059662102473498235,0.06263250883392227,0.09227031802120142,0.09415856890459363,0.07655697879858657,0.05089443462897526,0.03938825088339223,0.04820008833922262,0.044500883392226145,0.026545936395759716,0.030631625441696113,0.00581934628975265,0.004273409893992933,0.014874116607773852,0.0014796819787985865,0.006426678445229682,0.000717756183745583,0.0,0.004317579505300353,0.0,0.0,0.0,0.0,0.0,0.0,0.0,0.0,0.0,0.0,0.0,0.0,0.0,0.0,0.0,0.0,0.0,0.0,0.0,0.0,0.0,0.0,0.0,0.0,0.0,0.0,0.0,0.0,0.0,0.0,0.0,0.0,0.0,0.0,0.0,0.0,0.0,0.0,0.0,0.0,0.0,0.0,0.0,0.0,0.0,nan,nan,4.3625914315569485,2.904466486789569,nan,0.8468469777929584,0.03529241351482529,0.0,0.0,0.0,0.0,0.0,0.0,0.0,0.0,0.0,0.0,0.0,0.0,0.0,0.0,0.0,0.0,0.0,0.0,0.0,0.0,0.012870012870012873,0.11583011583011585,0.39897039897039904,1.6216216216216166,8.082368082368085,12.213642213642217,5.907335907335909,1.2612612612612615,0.29601029601029605,0.09009009009009011,0.8478023166487203,0.03427006706437589,0.0,0.0,0.0,0.0,0.0,0.0,0.0,0.0,0.0,0.0,0.0,0.0,0.0,0.0,0.0,0.0,0.0,0.0,0.0,0.0,0.0,0.013654984069185257,0.25944469731451986,1.7068730086481512,7.837960855712336,12.49431042330451,5.694128356850252,1.5566681838871193,0.31406463359126086,0.1228948566226673,0.3884,0.009445,0.0,0.0,0.0,0.0,0.0,0.0,0.0,0.0,0.0,0.0,0.1930501930501931,26.332046332046296,3.4749034749034755,0.0,0.0,0.0,0.0,0.0,0.0,0.0,0.0,0.0,0.0,0.0,0.0,0.0,0.0,0.0,0.0,0.0,0.3882,0.009384,0.0,0.0,0.0,0.0,0.0,0.0,0.0,0.0,0.0,0.0,0.31406463359126086,26.477014110150165,3.2089212562585354,0.0,0.0,0.0,0.0,0.0,0.0,0.0,0.0,0.0,0.0,0.0,0.0,0.0,0.0,0.0,0.0,0.0
51200,4609,2390,0.5185506617487524,1132,898,0.4404426122803211,1287,0.5584725536992841,0.418,3.0572329878323568,3.151123136506482,6.58939393939394,2.165754734979121,8378.499240616185,506.3511415532255,7853.0,8866.4,8866.399999999998,1.8189894035458565e-12,7853.0,0.0,28.491863744847038,21.245631536429748,33.423680823680826,19.495546938095913,0.13733998698199176,0.09394662616619658,0.09524842699067043,0.08526795400303754,0.0820134519418529,0.07485354740724669,0.06834454328487741,0.06161857235842916,0.06161857235842916,0.04946843133000651,0.04339336081579518,0.042525493599479276,0.03601648947711,0.026903883705793014,0.02017791277934476,0.011065307008027771,0.010197439791711869,0.848934576785029,0.034032299246656704,0.0,0.0,0.0,0.0,0.0,0.0,0.0,0.0,0.0,0.0,0.0,0.0,0.0,0.0,0.0,0.0,0.0,0.0,0.0,0.013018008244738559,0.013018008244738559,0.026036016489477117,0.28639618138424827,1.594706009980468,7.055760468648298,12.959427207637235,6.261661965719247,1.3343458450857022,0.3254502061184639,0.13018008244738558,4.359892869099431,2.9198714931593277,4.666666666666667,2.649947588580239,1.0703626916481097,4.435333333333333,2.972622560785154,4.287616511318243,2.8618606039751304,0.9666954407000397,0.3875,0.0095,0.0,0.0,0.0,0.0,0.0,0.0,0.0,0.0,0.0,0.0,0.3710132349750489,26.719461922325845,2.9095248426990676,0.0,0.0,0.0,0.0,0.0,0.0,0.0,0.0,0.0,0.0,0.0,0.0,0.0,0.0,0.0,0.0,0.0,nan,nan,4.361425716189207,2.9186649851911834,nan,0.3875,0.052,0.0,0.0,0.0,0.0,0.0,0.0,0.0,0.0,0.0,0.0,0.0,0.0,0.0,0.0,0.0,0.0,0.0,0.0,0.0,0.0,0.0,0.0,0.0003688435669342591,0.0006834454328487742,0.000791928834888262,0.0007702321544803645,0.015274463007159905,0.0038620091126057715,0.009861141245389456,0.0072575395964417444,0.023085267954003036,0.021295291820351486,0.019689737470167064,0.06602299848123237,0.041288782816229115,0.054794966370145366,0.07886743328270775,0.05923193751356043,0.06362551529615969,0.09202646995009764,0.09507485354740725,0.07515730093295726,0.04759166847472337,0.03982425688869603,0.04765675851594706,0.04230852679540031,0.02665437188110219,0.029409850292905184,0.006140160555435019,0.0039704925146452595,0.015632458233890215,0.0013126491646778043,0.006270340637882404,0.0002603601648947711,1.0848340203948797e-05,0.0039054024734215664,2.1696680407897593e-05,0.0,0.0,0.0,0.0,0.0,0.0,0.0,0.0,0.0,0.0,0.0,0.0,0.0,0.0,0.0,0.0,0.0,0.0,0.0,0.0,0.0,0.0,0.0,0.0,0.0,0.0,0.0,0.0,0.0,0.0,0.0,0.0,0.0,0.0,0.0,0.0,0.0,0.0,0.0,0.0,0.0,0.0,0.0,0.0,nan,nan,4.361425716189207,2.9186649851911834,nan,0.8484670690662193,0.034388988609250916,0.0,0.0,0.0,0.0,0.0,0.0,0.0,0.0,0.0,0.0,0.0,0.0,0.0,0.0,0.0,0.0,0.0,0.0,0.0,0.0,0.025104602510460258,0.025104602510460258,0.2761506276150628,1.719665271966522,7.330543933054395,12.71548117154812,6.025104602510462,1.4435146443514648,0.3012552301255231,0.1380753138075314,0.8494381114618904,0.03363662572215358,0.0,0.0,0.0,0.0,0.0,0.0,0.0,0.0,0.0,0.0,0.0,0.0,0.0,0.0,0.0,0.0,0.0,0.0,0.0,0.02703920684993241,0.0,0.02703920684993241,0.29743127534925645,1.460117169896345,6.759801712483102,13.222172149616949,6.516448850833711,1.2167643082469584,0.35150968904912133,0.12167643082469583,0.3875,0.00951,0.0,0.0,0.0,0.0,0.0,0.0,0.0,0.0,0.0,0.0,0.4393305439330545,26.748953974895358,2.811715481171549,0.0,0.0,0.0,0.0,0.0,0.0,0.0,0.0,0.0,0.0,0.0,0.0,0.0,0.0,0.0,0.0,0.0,0.3875,0.00949,0.0,0.0,0.0,0.0,0.0,0.0,0.0,0.0,0.0,0.0,0.29743127534925645,26.687697160883243,3.0148715637674637,0.0,0.0,0.0,0.0,0.0,0.0,0.0,0.0,0.0,0.0,0.0,0.0,0.0,0.0,0.0,0.0,0.0
51300,4737,2475,0.5224825839138696,1190,940,0.4496516782773908,1321,0.5577369643234115,0.414,2.9902740937223697,3.0572048245987555,6.381520119225037,2.1995565362144167,8382.483850538316,506.18750098619336,7853.0,8866.4,8866.4,0.0,7853.0,0.0,28.769896559003588,21.030879852681924,33.41947472745292,19.299994796098794,0.1304623179227359,0.09668566603335445,0.0920413763985645,0.08000844416297234,0.07810850749419464,0.08275279712898459,0.07135317711631835,0.06565336710998522,0.060586869326578,0.04623179227359088,0.054042643023010345,0.038632045598480054,0.03778762930124551,0.026176905214270636,0.01878826261346844,0.013510660755752586,0.007177538526493561,0.8477638299791829,0.034104496213682625,0.0,0.0,0.0,0.0,0.0,0.0,0.0,0.0,0.0,0.0,0.0,0.0,0.0,0.0,0.0,0.0,0.0,0.0,0.0,0.012666244458518052,0.01899936668777708,0.06333122229259026,0.3103229892336923,1.6149461684610462,7.276757441418621,12.913236225459155,6.124129195693478,1.253958201393287,0.32932235592146936,0.08233058898036734,4.2039240913477,2.8990028412910025,4.636363636363637,3.310389355642386,1.1028656882520695,4.211168164313222,2.8644523180040387,4.203562340966921,2.940121257613771,0.9981938922765528,0.3875,0.00952,0.0,0.0,0.0,0.0,0.0,0.0,0.0,0.0,0.0,0.0,0.4179860671310957,26.801773274224153,2.7802406586447126,0.0,0.0,0.0,0.0,0.0,0.0,0.0,0.0,0.0,0.0,0.0,0.0,0.0,0.0,0.0,0.0,0.0,nan,nan,4.206962631747046,2.90232168514208,nan,0.3875,0.0521,0.0,0.0,0.0,0.0,0.0,0.0,0.0,0.0,0.0,0.0,0.0,0.0,0.0,0.0,0.0,0.0,0.0,0.0,0.0,0.0,0.0,0.0,0.0002955457040320878,0.0013299556681443951,0.0008338610935191049,0.00045387375976356346,0.01594891281401731,0.0032404475406375343,0.010111885159383577,0.006533671099852227,0.023622545915136163,0.021300401097741187,0.02121595946801773,0.06510449651678277,0.04066919991555837,0.05492928013510661,0.0759341355288157,0.061357399197804516,0.06483006122018155,0.08985644922947013,0.093740764196749,0.0785940468651045,0.04663289001477729,0.03923369221025966,0.049651678277390754,0.04202026599113363,0.02620857082541693,0.03016677221870382,0.006143128562381254,0.003757652522693688,0.014756174794173528,0.0009288579269579902,0.005636478784040532,0.00037998733375554147,5.277601857715854e-05,0.004338188727042432,0.00018999366687777073,0.0,0.0,0.0,0.0,0.0,0.0,0.0,0.0,0.0,0.0,0.0,0.0,0.0,0.0,0.0,0.0,0.0,0.0,0.0,0.0,0.0,0.0,0.0,0.0,0.0,0.0,0.0,0.0,0.0,0.0,0.0,0.0,0.0,0.0,0.0,0.0,0.0,0.0,0.0,0.0,0.0,0.0,0.0,0.0,nan,nan,4.206962631747046,2.90232168514208,nan,0.8485418487799288,0.03544449925780468,0.0,0.0,0.0,0.0,0.0,0.0,0.0,0.0,0.0,0.0,0.0,0.0,0.0,0.0,0.0,0.0,0.0,0.0,0.0,0.02424242424242425,0.012121212121212125,0.07272727272727274,0.387878787878788,1.478787878787874,7.127272727272729,12.884848484848488,6.121212121212123,1.3090909090909095,0.4242424242424243,0.15757575757575762,0.8469125494611253,0.03255392553228556,0.0,0.0,0.0,0.0,0.0,0.0,0.0,0.0,0.0,0.0,0.0,0.0,0.0,0.0,0.0,0.0,0.0,0.0,0.0,0.0,0.026525198938992047,0.053050397877984094,0.22546419098143242,1.7639257294429653,7.440318302387269,12.94429708222812,6.127320954907163,1.1936339522546422,0.22546419098143242,0.0,0.3875,0.009605,0.0,0.0,0.0,0.0,0.0,0.0,0.0,0.0,0.0,0.0,0.4484848484848486,26.654545454545413,2.896969696969698,0.0,0.0,0.0,0.0,0.0,0.0,0.0,0.0,0.0,0.0,0.0,0.0,0.0,0.0,0.0,0.0,0.0,0.3875,0.00943,0.0,0.0,0.0,0.0,0.0,0.0,0.0,0.0,0.0,0.0,0.3846153846153847,26.962864721485374,2.6525198938992047,0.0,0.0,0.0,0.0,0.0,0.0,0.0,0.0,0.0,0.0,0.0,0.0,0.0,0.0,0.0,0.0,0.0
51400,4969,2546,0.5123767357617227,1162,1006,0.43630509156771985,1377,0.5542362648420205,0.41,2.9496491952125465,3.105375712677369,6.6455505279034695,2.046114064831339,8372.242584020929,506.5447399648699,7853.0,8866.4,8866.399999999998,1.8189894035458565e-12,7853.0,0.0,27.29080297846649,20.769193198900368,32.424213075060536,19.033542322426136,0.14590460857315354,0.10726504326826324,0.09277520627892936,0.09056148118333669,0.07848661702555847,0.07224793721070638,0.06560676192392835,0.06158180720466895,0.05896558663715033,0.05252565908633528,0.04367075870396458,0.040853290400482994,0.03541960152948279,0.022338498691889717,0.016502314348963574,0.007848661702555847,0.0074461662306299055,0.8461026421229493,0.033680123853679536,0.0,0.0,0.0,0.0,0.0,0.0,0.0,0.0,0.0,0.0,0.0,0.0,0.0,0.0,0.0,0.0,0.0,0.0,0.0,0.0,0.0,0.07244918494666937,0.2777218756288992,1.8474542161400627,7.993560072449187,12.5337089957738,5.632924129603543,1.2557858724089357,0.3079090360233448,0.07848661702555848,4.377777777777778,2.85155361595944,4.5,2.5,1.0279187817258881,4.348600508905853,2.829884923023725,4.408150064683053,2.871037660923847,1.013693958701252,0.3872,0.00956,0.0,0.0,0.0,0.0,0.0,0.0,0.0,0.0,0.0,0.0,0.3863956530489033,26.86053531897762,2.753069027973436,0.0,0.0,0.0,0.0,0.0,0.0,0.0,0.0,0.0,0.0,0.0,0.0,0.0,0.0,0.0,0.0,0.0,nan,nan,4.378326386662391,2.850084222991721,nan,0.3872,0.0521,0.0,0.0,0.0,0.0,0.0,0.0,0.0,0.0,0.0,0.0,0.0,0.0,0.0,0.0,0.0,0.0,0.0,0.0,0.0,0.0,0.0,0.0,0.00015093580197222782,0.0015395451801167236,0.0013785469913463473,0.000251559669953713,0.01625075467900986,0.0029684041054538137,0.010595693298450393,0.006651237673576172,0.023163614409337896,0.021402696719661905,0.020386395653048905,0.06747836586838397,0.038206882672569935,0.054528074059166834,0.07400885490038236,0.06450996176293017,0.0663211913865969,0.09506943046890723,0.0884081304085329,0.07672569933588247,0.04775608774401288,0.040179110485007045,0.05014087341517408,0.04040048299456631,0.026282954316763935,0.027882873817669553,0.006399678003622459,0.0043167639364057155,0.015184141678406118,0.0008553028778426243,0.005997182531696519,0.00021131012276111893,5.03119339907426e-05,0.00394445562487422,0.0003924330851277923,1.0062386798148521e-05,0.0,0.0,0.0,0.0,0.0,0.0,0.0,0.0,0.0,0.0,0.0,0.0,0.0,0.0,0.0,0.0,0.0,0.0,0.0,0.0,0.0,0.0,0.0,0.0,0.0,0.0,0.0,0.0,0.0,0.0,0.0,0.0,0.0,0.0,0.0,0.0,0.0,0.0,0.0,0.0,0.0,0.0,0.0,nan,nan,4.378326386662391,2.850084222991721,nan,0.8458399703113094,0.03301874978807687,0.0,0.0,0.0,0.0,0.0,0.0,0.0,0.0,0.0,0.0,0.0,0.0,0.0,0.0,0.0,0.0,0.0,0.0,0.0,0.0,0.0,0.04713275726630009,0.23566378633150042,2.038491751767472,7.776904948939515,12.725844461901024,5.726630007855461,1.0840534171249019,0.31814611154752565,0.04713275726630009,0.8463786480793813,0.03435919521673973,0.0,0.0,0.0,0.0,0.0,0.0,0.0,0.0,0.0,0.0,0.0,0.0,0.0,0.0,0.0,0.0,0.0,0.0,0.0,0.0,0.0,0.09905076351630213,0.3219149814279819,1.6467189434585174,8.221213371853077,12.331820057779614,5.534461411473382,1.4362360709863808,0.29715229054890635,0.1114321089558399,0.3872,0.00956,0.0,0.0,0.0,0.0,0.0,0.0,0.0,0.0,0.0,0.0,0.38884524744697574,26.889238020424155,2.7219167321288302,0.0,0.0,0.0,0.0,0.0,0.0,0.0,0.0,0.0,0.0,0.0,0.0,0.0,0.0,0.0,0.0,0.0,0.3872,0.009575,0.0,0.0,0.0,0.0,0.0,0.0,0.0,0.0,0.0,0.0,0.3838217086256708,26.830375567478292,2.7858027238959973,0.0,0.0,0.0,0.0,0.0,0.0,0.0,0.0,0.0,0.0,0.0,0.0,0.0,0.0,0.0,0.0,0.0
51500,4152,2234,0.5380539499036608,1060,816,0.45183044315992293,1136,0.5472061657032755,0.40199999999999997,2.9228362877997913,2.9261486760493467,6.0563139931740615,2.0106973465683553,8398.263872832369,505.2303610356059,7853.0,8866.4,8866.400000000001,1.8189894035458565e-12,7853.0,0.0,29.254094412331405,21.22346995374239,34.06660997732426,19.376705883905405,0.13391136801541426,0.0871868978805395,0.08574181117533719,0.09007707129094412,0.07779383429672447,0.07321772639691715,0.0708092485549133,0.06382466281310212,0.06117533718689788,0.06117533718689788,0.04503853564547206,0.04407514450867052,0.03468208092485549,0.029624277456647398,0.020712909441233142,0.013728323699421965,0.0072254335260115606,0.8465360978291673,0.03447742255194762,0.0,0.0,0.0,0.0,0.0,0.0,0.0,0.0,0.0,0.0,0.0,0.0,0.0,0.0,0.0,0.0,0.0,0.0,0.0,0.0,0.021676300578034685,0.08670520231213874,0.31069364161849716,1.8352601156069308,7.637283236994222,12.774566473988443,5.5635838150289025,1.4378612716763008,0.2673410404624278,0.06502890173410406,3.8903460837887067,2.7397096206614258,2.9444444444444446,2.61347410807535,0.7568592564846897,3.9367272727272726,2.785350674540872,3.8321325648414986,2.693236122659457,0.9734310505555257,0.3875,0.00947,0.0,0.0,0.0,0.0,0.0,0.0,0.0,0.0,0.0,0.0,0.4190751445086706,26.791907514450827,2.789017341040463,0.0,0.0,0.0,0.0,0.0,0.0,0.0,0.0,0.0,0.0,0.0,0.0,0.0,0.0,0.0,0.0,0.0,nan,nan,3.884183858125226,2.7399630169537628,nan,0.3875,0.0524,0.0,0.0,0.0,0.0,0.0,0.0,0.0,0.0,0.0,0.0,0.0,0.0,0.0,0.0,0.0,0.0,0.0,0.0,0.0,0.0,3.6127167630057806e-05,0.0,0.00020472061657032754,0.0017943159922928708,0.0013246628131021194,0.00024084778420038535,0.014583333333333334,0.0033959537572254336,0.009031791907514452,0.006972543352601156,0.022447013487475916,0.021134393063583817,0.021315028901734104,0.06917148362235068,0.0384995183044316,0.05684007707129094,0.07613198458574182,0.06342726396917148,0.06370423892100192,0.09390655105973025,0.08511560693641619,0.0777456647398844,0.047483140655105976,0.04147398843930636,0.05024084778420038,0.040052986512524084,0.02664980732177264,0.026866570327552988,0.005924855491329479,0.004889210019267822,0.01625722543352601,0.0007345857418111754,0.006370423892100192,0.00021676300578034682,0.00020472061657032754,0.005045761078998073,0.0005057803468208092,1.2042389210019268e-05,0.0,4.816955684007707e-05,0.0,0.0,0.0,0.0,0.0,0.0,0.0,0.0,0.0,0.0,0.0,0.0,0.0,0.0,0.0,0.0,0.0,0.0,0.0,0.0,0.0,0.0,0.0,0.0,0.0,0.0,0.0,0.0,0.0,0.0,0.0,0.0,0.0,0.0,0.0,0.0,0.0,0.0,0.0,0.0,0.0,nan,nan,3.884183858125226,2.7399630169537628,nan,0.8459590303385589,0.03448356844852666,0.0,0.0,0.0,0.0,0.0,0.0,0.0,0.0,0.0,0.0,0.0,0.0,0.0,0.0,0.0,0.0,0.0,0.0,0.0,0.0,0.013428827215756493,0.09400179051029546,0.33572068039391234,1.8934646374216595,7.842435094001792,12.609668755595347,5.438675022381379,1.463742166517458,0.2551477170993734,0.05371530886302597,0.8472082400471127,0.03445808126558461,0.0,0.0,0.0,0.0,0.0,0.0,0.0,0.0,0.0,0.0,0.0,0.0,0.0,0.0,0.0,0.0,0.0,0.0,0.0,0.0,0.031282586027111585,0.07820646506777895,0.2815432742440042,1.7674661105317986,7.398331595411889,12.966631908237751,5.709071949947863,1.4077163712200211,0.2815432742440042,0.07820646506777895,0.3875,0.00945,0.0,0.0,0.0,0.0,0.0,0.0,0.0,0.0,0.0,0.0,0.5237242614145032,26.696508504923866,2.779767233661594,0.0,0.0,0.0,0.0,0.0,0.0,0.0,0.0,0.0,0.0,0.0,0.0,0.0,0.0,0.0,0.0,0.0,0.3877,0.0095,0.0,0.0,0.0,0.0,0.0,0.0,0.0,0.0,0.0,0.0,0.29718456725756004,26.903023983315915,2.7997914494264866,0.0,0.0,0.0,0.0,0.0,0.0,0.0,0.0,0.0,0.0,0.0,0.0,0.0,0.0,0.0,0.0,0.0
51600,3955,2033,0.5140328697850822,989,780,0.4472819216182048,1084,0.5481668773704171,0.434,2.9209157127991676,3.1361723647013204,6.730769230769231,2.0950067432917416,8373.920910240202,506.5004005052117,7853.0,8866.4,8866.399999999998,1.8189894035458565e-12,7853.0,0.0,27.935018963337548,20.885978455627715,32.95623302143073,19.100182714117675,0.14108723135271808,0.09405815423514538,0.10063211125158028,0.08571428571428572,0.08141592920353982,0.07307206068268016,0.06599241466498104,0.06675094816687736,0.055878634639696584,0.05436156763590392,0.04702907711757269,0.038179519595448796,0.03489254108723135,0.02402022756005057,0.019974715549936788,0.010366624525916562,0.006573957016434893,0.8478597286528191,0.033019211921058465,0.0,0.0,0.0,0.0,0.0,0.0,0.0,0.0,0.0,0.0,0.0,0.0,0.0,0.0,0.0,0.0,0.0,0.0,0.0,0.0,0.0,0.037926675094816696,0.31099873577749687,1.6156763590391858,7.228824273072062,13.152970922882432,5.863463969658661,1.4639696586599245,0.2882427307206069,0.037926675094816696,4.290665616384404,2.9199298048119027,5.444444444444445,2.543449587168799,1.2689043918160863,4.25254104769351,2.9216280178863214,4.340694006309148,2.915316372180039,1.0207294785933811,0.3875,0.00981,0.0,0.0,0.0,0.0,0.0,0.0,0.0,0.0,0.0,0.0,0.3868520859671303,26.74589127686469,2.8596713021491786,0.007585335018963339,0.0,0.0,0.0,0.0,0.0,0.0,0.0,0.0,0.0,0.0,0.0,0.0,0.0,0.0,0.0,0.0,nan,nan,4.294740973312402,2.919488025873569,nan,0.3875,0.05222,0.0,0.0,0.0,0.0,0.0,0.0,0.0,0.0,0.0,0.0,0.0,0.0,0.0,0.0,0.0,0.0,0.0,0.0,0.0,0.0,0.0,0.0,0.00025284450063211124,0.0018836915297092288,0.001529709228824273,0.00013906447534766118,0.012743362831858408,0.0037420986093552465,0.00934260429835651,0.007812895069532238,0.02256637168141593,0.020922882427307207,0.02037926675094817,0.06939317319848293,0.03761061946902655,0.057597977243994944,0.07922882427307205,0.06517067003792668,0.06466498103666245,0.09716814159292035,0.08298356510745891,0.07346396965865992,0.04826801517067004,0.03968394437420986,0.047989886219974714,0.042262958280657396,0.026510745891276864,0.026447534766118837,0.005853350189633375,0.004791403286978508,0.016902654867256638,0.0007332490518331226,0.006144121365360303,0.0003034134007585335,5.056890012642225e-05,0.004829329962073325,0.000518331226295828,2.5284450063211126e-05,0.0,8.849557522123894e-05,0.0,0.0,0.0,0.0,0.0,0.0,0.0,0.0,0.0,0.0,0.0,0.0,0.0,0.0,0.0,0.0,0.0,0.0,0.0,0.0,0.0,0.0,0.0,0.0,0.0,0.0,0.0,0.0,0.0,0.0,0.0,0.0,0.0,0.0,0.0,0.0,0.0,0.0,0.0,0.0,0.0,nan,nan,4.294740973312402,2.919488025873569,nan,0.8477721889207824,0.032890285455511835,0.0,0.0,0.0,0.0,0.0,0.0,0.0,0.0,0.0,0.0,0.0,0.0,0.0,0.0,0.0,0.0,0.0,0.0,0.0,0.0,0.0,0.044269552385637,0.309886866699459,1.6527299557304425,7.186424003935073,13.089030988686673,6.064928676832269,1.357599606492868,0.265617314313822,0.029513034923758,0.8479523240093386,0.033154787045596025,0.0,0.0,0.0,0.0,0.0,0.0,0.0,0.0,0.0,0.0,0.0,0.0,0.0,0.0,0.0,0.0,0.0,0.0,0.0,0.0,0.0,0.031217481789802298,0.3121748178980229,1.5764828303850107,7.273673257023935,13.220603537981273,5.650364203954215,1.5764828303850158,0.3121748178980229,0.04682622268470344,0.3875,0.00993,0.0,0.0,0.0,0.0,0.0,0.0,0.0,0.0,0.0,0.0,0.413182488932612,26.665027053615308,2.907033939990163,0.014756517461879,0.0,0.0,0.0,0.0,0.0,0.0,0.0,0.0,0.0,0.0,0.0,0.0,0.0,0.0,0.0,0.0,0.3872,0.00968,0.0,0.0,0.0,0.0,0.0,0.0,0.0,0.0,0.0,0.0,0.35900104058272636,26.83142559833503,2.8095733610822067,0.0,0.0,0.0,0.0,0.0,0.0,0.0,0.0,0.0,0.0,0.0,0.0,0.0,0.0,0.0,0.0,0.0
51700,4215,2137,0.5069988137603796,990,888,0.44555160142348754,1225,0.5812574139976275,0.38999999999999996,3.0192492781520692,3.0476825027505186,6.392976588628763,2.108531206539338,8366.792597864767,506.6503577967043,7853.0,8866.4,8866.399999999998,1.8189894035458565e-12,7853.0,0.0,28.44341637010676,20.890111033234053,33.313378302417085,19.084805141635886,0.13570581257413997,0.09750889679715302,0.0937129300118624,0.08659549228944247,0.07330960854092526,0.06927639383155397,0.07069988137603796,0.07686832740213523,0.05361803084223013,0.05385527876631079,0.0472123368920522,0.044839857651245554,0.0365361803084223,0.024436536180308423,0.020640569395017794,0.010676156583629894,0.0045077105575326215,0.8466726700040652,0.035232448509310885,0.0,0.0,0.0,0.0,0.0,0.0,0.0,0.0,0.0,0.0,0.0,0.0,0.0,0.0,0.0,0.0,0.0,0.0,0.0,0.0,0.0,0.0925266903914591,0.47686832740213536,1.992882562277574,6.967971530249112,12.975088967971534,5.7508896797153035,1.2811387900355875,0.38434163701067625,0.07829181494661923,4.380390711389605,2.7991782261152394,4.277777777777778,3.2796604762545423,0.976574479225102,4.4474256707759245,2.819817258250682,4.308660251665433,2.7833555031982438,0.9687987097744386,0.3877,0.009705,0.0,0.0,0.0,0.0,0.0,0.0,0.0,0.0,0.0,0.0,0.5195729537366549,26.533807829181455,2.9466192170818513,0.0,0.0,0.0,0.0,0.0,0.0,0.0,0.0,0.0,0.0,0.0,0.0,0.0,0.0,0.0,0.0,0.0,nan,nan,4.379714390333211,2.8026270681372254,nan,0.3877,0.05194,0.0,0.0,0.0,0.0,0.0,0.0,0.0,0.0,0.0,0.0,0.0,0.0,0.0,0.0,0.0,0.0,0.0,0.0,0.0,0.0,0.0,1.1862396204033214e-05,0.00017793594306049823,0.0016488730723606168,0.0018505338078291815,0.00010676156583629893,0.012277580071174377,0.0030604982206405692,0.009086595492289443,0.008778173190984579,0.021909845788849348,0.020948991696322656,0.01911032028469751,0.07034400948991697,0.035077105575326215,0.05844602609727165,0.07786476868327402,0.06470937129300118,0.06894424673784104,0.09571767497034402,0.08556346381969157,0.07253855278766311,0.049608540925266904,0.040083036773428234,0.0467497034400949,0.042562277580071174,0.0265361803084223,0.026120996441281137,0.005800711743772242,0.004970344009489917,0.017330960854092525,0.0007829181494661922,0.005397390272835112,0.0002609727164887307,0.00021352313167259787,0.004590747330960854,0.0007473309608540925,4.744958481613286e-05,0.0,2.372479240806643e-05,0.0,0.0,0.0,0.0,0.0,0.0,0.0,0.0,0.0,0.0,0.0,0.0,0.0,0.0,0.0,0.0,0.0,0.0,0.0,0.0,0.0,0.0,0.0,0.0,0.0,0.0,0.0,0.0,0.0,0.0,0.0,0.0,0.0,0.0,0.0,0.0,0.0,0.0,0.0,0.0,0.0,nan,nan,4.379714390333211,2.8026270681372254,nan,0.8475676759917099,0.03537321990515778,0.0,0.0,0.0,0.0,0.0,0.0,0.0,0.0,0.0,0.0,0.0,0.0,0.0,0.0,0.0,0.0,0.0,0.0,0.0,0.0,0.0,0.07019185774450165,0.5194197473093122,1.8811417875526382,7.047262517547966,12.592419279363597,5.95226953673374,1.4319138979878336,0.43518951801591027,0.07019185774450165,0.8457522523930947,0.03506327165815992,0.0,0.0,0.0,0.0,0.0,0.0,0.0,0.0,0.0,0.0,0.0,0.0,0.0,0.0,0.0,0.0,0.0,0.0,0.0,0.0,0.0,0.1154956689124158,0.4331087584215593,2.1077959576515815,6.886429258902793,13.368623676612131,5.543792107795959,1.1260827718960542,0.33205004812319544,0.08662175168431185,0.3877,0.009705,0.0,0.0,0.0,0.0,0.0,0.0,0.0,0.0,0.0,0.0,0.49134300421151156,26.560598970519383,2.9480580252690696,0.0,0.0,0.0,0.0,0.0,0.0,0.0,0.0,0.0,0.0,0.0,0.0,0.0,0.0,0.0,0.0,0.0,0.3875,0.00971,0.0,0.0,0.0,0.0,0.0,0.0,0.0,0.0,0.0,0.0,0.5486044273339751,26.506256015399384,2.945139557266603,0.0,0.0,0.0,0.0,0.0,0.0,0.0,0.0,0.0,0.0,0.0,0.0,0.0,0.0,0.0,0.0,0.0
51800,3956,2058,0.5202224469160769,979,791,0.44742163801820023,1109,0.5606673407482305,0.426,3.018440463645943,3.1136155821741442,6.656133828996283,2.098585449571448,8380.193427704751,506.2854031284231,7853.0,8866.4,8866.399999999998,1.8189894035458565e-12,7853.0,0.0,28.448179979777553,21.07091388035292,33.53224834237493,19.195686938858458,0.13978766430738118,0.09959555106167846,0.08796764408493428,0.08215369059656219,0.07785642062689585,0.07103134479271991,0.07204246713852376,0.06496461071789686,0.06395348837209303,0.05637007077856421,0.043478260869565216,0.03918099089989889,0.03741152679474216,0.0262891809908999,0.019716885743174924,0.012386248736097068,0.005813953488372093,0.8455477623293446,0.03378566382027204,0.0,0.0,0.0,0.0,0.0,0.0,0.0,0.0,0.0,0.0,0.0,0.0,0.0,0.0,0.0,0.0,0.0,0.0,0.0,0.0,0.007583417593528818,0.11375126390293229,0.3715874620829121,1.8276036400404392,7.712335692618809,12.91456016177958,5.619312436804854,1.084428715874621,0.26541961577350864,0.083417593528817,4.273507608271557,2.8851924059096756,5.444444444444445,3.84739770959573,1.2739990058532924,4.259059367771781,2.860541118645894,4.304517133956386,2.9285273484111065,1.0106731938344375,0.3887,0.00955,0.0,0.0,0.0,0.0,0.0,0.0,0.0,0.0,0.0,0.0,0.3412537917087968,26.223458038422613,3.435288169868555,0.0,0.0,0.0,0.0,0.0,0.0,0.0,0.0,0.0,0.0,0.0,0.0,0.0,0.0,0.0,0.0,0.0,nan,nan,4.281673769856645,2.8946518554606295,nan,0.3887,0.05243,0.0,0.0,0.0,0.0,0.0,0.0,0.0,0.0,0.0,0.0,0.0,0.0,0.0,0.0,0.0,0.0,0.0,0.0,0.0,0.0,0.0,1.2639029322548029e-05,0.00011375126390293225,0.0015546006066734074,0.0020096056622851367,0.00016430738119312436,0.011109706774519716,0.002982810920121335,0.009529828109201213,0.009024266936299293,0.0198685540950455,0.02010869565217391,0.017290192113245704,0.07042467138523761,0.03380940343781597,0.056104651162790696,0.07738877654196158,0.06531850353892821,0.07484833164812943,0.09460313447927199,0.08592012133468149,0.0734706774519717,0.04826845298281092,0.04114004044489383,0.044135490394337715,0.042960060667340746,0.025,0.02732558139534884,0.006193124368048534,0.005889787664307381,0.017403943377148633,0.0006572295247724974,0.007065217391304348,0.0005813953488372093,0.00036653185035389284,0.00615520728008089,0.0011122345803842265,5.0556117290192114e-05,0.0,3.7917087967644084e-05,0.0,0.0,0.0,0.0,0.0,0.0,0.0,0.0,0.0,0.0,0.0,0.0,0.0,0.0,0.0,0.0,0.0,0.0,0.0,0.0,0.0,0.0,0.0,0.0,0.0,0.0,0.0,0.0,0.0,0.0,0.0,0.0,0.0,0.0,0.0,0.0,0.0,0.0,0.0,0.0,0.0,nan,nan,4.281673769856645,2.8946518554606295,nan,0.8452020430008802,0.0333444508583631,0.0,0.0,0.0,0.0,0.0,0.0,0.0,0.0,0.0,0.0,0.0,0.0,0.0,0.0,0.0,0.0,0.0,0.0,0.0,0.0,0.014577259475218662,0.1166180758017493,0.4227405247813412,1.9533527696792943,7.230320699708456,13.279883381924202,5.77259475218659,0.9620991253644318,0.18950437317784263,0.05830903790087465,0.8459226255421894,0.034253707379225964,0.0,0.0,0.0,0.0,0.0,0.0,0.0,0.0,0.0,0.0,0.0,0.0,0.0,0.0,0.0,0.0,0.0,0.0,0.0,0.0,0.0,0.11064278187565862,0.3161222339304532,1.6912539515279188,8.234984193888305,12.518440463645945,5.453108535300317,1.2170706006322447,0.3477344573234985,0.11064278187565862,0.3887,0.009514,0.0,0.0,0.0,0.0,0.0,0.0,0.0,0.0,0.0,0.0,0.29154518950437325,26.457725947521826,3.250728862973762,0.0,0.0,0.0,0.0,0.0,0.0,0.0,0.0,0.0,0.0,0.0,0.0,0.0,0.0,0.0,0.0,0.0,0.389,0.0096,0.0,0.0,0.0,0.0,0.0,0.0,0.0,0.0,0.0,0.0,0.39515279241306644,25.969441517386684,3.6354056902002116,0.0,0.0,0.0,0.0,0.0,0.0,0.0,0.0,0.0,0.0,0.0,0.0,0.0,0.0,0.0,0.0,0.0
51900,4192,2179,0.5197996183206107,1029,877,0.45467557251908397,1196,0.5706106870229007,0.39399999999999996,2.9985096870342773,3.0489462586535576,6.510452961672474,2.048810856870371,8379.764933206105,506.30256611579034,7853.0,8866.4,8866.4,0.0,7853.0,0.0,28.208492366412212,20.78018921370966,33.04634077423001,18.99117446543108,0.13549618320610687,0.09947519083969465,0.09064885496183206,0.08301526717557252,0.07943702290076336,0.0825381679389313,0.06798664122137404,0.06536259541984733,0.06321564885496184,0.05200381679389313,0.04770992366412214,0.03625954198473282,0.03387404580152672,0.026001908396946567,0.020276717557251907,0.01097328244274809,0.0057251908396946565,0.8453436825595056,0.03356640421087307,0.0,0.0,0.0,0.0,0.0,0.0,0.0,0.0,0.0,0.0,0.0,0.0,0.0,0.0,0.0,0.0,0.0,0.0,0.0,0.0,0.014312977099236644,0.05009541984732826,0.27910305343511455,1.9537213740457955,7.986641221374048,12.767175572519088,5.531965648854963,1.02337786259542,0.30772900763358785,0.08587786259541987,4.178348623853211,2.8338272864574128,4.5,2.7233557730613653,1.0769805023713332,4.226401179941003,2.796106495158937,4.133960897900073,2.8688717684257266,0.9781278969730411,0.3884,0.00981,0.0,0.0,0.0,0.0,0.0,0.0,0.0,0.0,0.0,0.0,0.40076335877862607,26.049618320610648,3.549618320610688,0.0,0.0,0.0,0.0,0.0,0.0,0.0,0.0,0.0,0.0,0.0,0.0,0.0,0.0,0.0,0.0,0.0,nan,nan,4.179758860065766,2.833432035416275,nan,0.3884,0.05222,0.0,0.0,0.0,0.0,0.0,0.0,0.0,0.0,0.0,0.0,0.0,0.0,0.0,0.0,0.0,0.0,0.0,0.0,0.0,0.0,0.0,0.0,0.00013120229007633588,0.0009541984732824427,0.0020634541984732822,9.541984732824427e-05,0.011426526717557253,0.0036736641221374045,0.010448473282442748,0.008885973282442748,0.021529103053435115,0.018416030534351147,0.017557251908396947,0.06733062977099237,0.034375,0.05721612595419847,0.07983062977099237,0.06544608778625954,0.07489265267175572,0.09279580152671756,0.08748807251908397,0.07201812977099237,0.048807251908396944,0.041102099236641224,0.04505009541984733,0.044370229007633585,0.02212547709923664,0.028184637404580153,0.006214217557251908,0.005283874045801527,0.017521469465648854,0.00035782442748091603,0.006941793893129771,0.0004890267175572519,0.0006679389312977099,0.00512881679389313,0.0011211832061068703,5.963740458015267e-05,0.0,0.0,0.0,0.0,0.0,0.0,0.0,0.0,0.0,0.0,0.0,0.0,0.0,0.0,0.0,0.0,0.0,0.0,0.0,0.0,0.0,0.0,0.0,0.0,0.0,0.0,0.0,0.0,0.0,0.0,0.0,0.0,0.0,0.0,0.0,0.0,0.0,0.0,0.0,0.0,0.0,0.0,0.0,nan,nan,4.179758860065766,2.833432035416275,nan,0.845891875239237,0.03342233388190707,0.0,0.0,0.0,0.0,0.0,0.0,0.0,0.0,0.0,0.0,0.0,0.0,0.0,0.0,0.0,0.0,0.0,0.0,0.0,0.0,0.013767783386874717,0.05507113354749887,0.20651675080312076,1.8173474070674565,7.957778797613586,12.87287746672786,5.617255621844884,1.018815970628729,0.35796236805874265,0.0826067003212483,0.8447502837273474,0.033711615645141066,0.0,0.0,0.0,0.0,0.0,0.0,0.0,0.0,0.0,0.0,0.0,0.0,0.0,0.0,0.0,0.0,0.0,0.0,0.0,0.0,0.014903129657228021,0.04470938897168406,0.3576751117734725,2.101341281669144,8.017883755588675,12.65275707898659,5.4396423248882275,1.0283159463487335,0.2533532041728764,0.08941877794336812,0.3882,0.00984,0.0,0.0,0.0,0.0,0.0,0.0,0.0,0.0,0.0,0.0,0.44056906837999094,26.048646167966922,3.5107847636530525,0.0,0.0,0.0,0.0,0.0,0.0,0.0,0.0,0.0,0.0,0.0,0.0,0.0,0.0,0.0,0.0,0.0,0.3884,0.00977,0.0,0.0,0.0,0.0,0.0,0.0,0.0,0.0,0.0,0.0,0.3576751117734725,26.05067064083454,3.5916542473919533,0.0,0.0,0.0,0.0,0.0,0.0,0.0,0.0,0.0,0.0,0.0,0.0,0.0,0.0,0.0,0.0,0.0
52000,4176,2153,0.5155651340996169,1045,862,0.45665708812260536,1178,0.564176245210728,0.40199999999999997,2.9471082550667327,3.0587702470546887,6.48881239242685,2.155398809614291,8375.47370689655,506.4544206251353,7853.0,8866.4,8866.399999999998,1.8189894035458565e-12,7853.0,0.0,27.940852490421456,20.597099674033533,32.75433115592161,18.837248931355838,0.1352969348659004,0.10081417624521073,0.09291187739463602,0.08189655172413793,0.07998084291187739,0.08668582375478927,0.06321839080459771,0.06489463601532568,0.06465517241379311,0.05459770114942529,0.04980842911877394,0.036877394636015325,0.031369731800766285,0.023706896551724137,0.015565134099616858,0.010775862068965518,0.006944444444444444,0.8452314675225381,0.03364498499952142,0.0,0.0,0.0,0.0,0.0,0.0,0.0,0.0,0.0,0.0,0.0,0.0,0.0,0.0,0.0,0.0,0.0,0.0,0.0,0.0,0.0,0.04310344827586208,0.30890804597701155,1.968390804597695,8.01005747126437,12.952586206896555,5.086206896551725,1.3218390804597704,0.22988505747126442,0.07902298850574714,4.18286350148368,2.8424798158691202,3.7857142857142856,3.027931199175235,0.9050532689798452,4.233679525222552,2.837251008638459,4.12848751835536,2.848926773773916,0.9751535263260952,0.3877,0.00977,0.0,0.0,0.0,0.0,0.0,0.0,0.0,0.0,0.0,0.0,0.3591954022988506,26.472701149425248,3.168103448275863,0.0,0.0,0.0,0.0,0.0,0.0,0.0,0.0,0.0,0.0,0.0,0.0,0.0,0.0,0.0,0.0,0.0,nan,nan,4.180811808118081,2.843611485107794,nan,0.3877,0.05222,0.0,0.0,0.0,0.0,0.0,0.0,0.0,0.0,0.0,0.0,0.0,0.0,0.0,0.0,0.0,0.0,0.0,0.0,0.0,0.0,0.0,0.0,0.00016762452107279692,0.0008740421455938698,0.0025622605363984675,0.00013170498084291187,0.011170977011494252,0.004130747126436782,0.011111111111111112,0.008189655172413794,0.020689655172413793,0.01824712643678161,0.018067528735632183,0.06646312260536398,0.03673371647509579,0.058465038314176244,0.08250718390804598,0.0697198275862069,0.07266522988505747,0.09113984674329502,0.08595545977011494,0.07236590038314177,0.04761733716475096,0.04194204980842912,0.042923850574712645,0.043642241379310345,0.020079022988505748,0.02659243295019157,0.007818486590038315,0.005711206896551724,0.017552681992337164,0.00033524904214559385,0.006740900383141762,0.0009578544061302681,0.0010775862068965517,0.004669540229885058,0.0008979885057471264,5.986590038314176e-05,0.0,2.3946360153256706e-05,0.0,0.0,0.0,0.0,0.0,0.0,0.0,0.0,0.0,0.0,0.0,0.0,0.0,0.0,0.0,0.0,0.0,0.0,0.0,0.0,0.0,0.0,0.0,0.0,0.0,0.0,0.0,0.0,0.0,0.0,0.0,0.0,0.0,0.0,0.0,0.0,0.0,0.0,0.0,0.0,0.0,nan,nan,4.180811808118081,2.843611485107794,nan,0.8457073423123835,0.03373141397868665,0.0,0.0,0.0,0.0,0.0,0.0,0.0,0.0,0.0,0.0,0.0,0.0,0.0,0.0,0.0,0.0,0.0,0.0,0.0,0.0,0.0,0.041802136553646084,0.2647468648397585,1.8950301904319495,8.03994426381793,12.791453785415703,5.3088713423130525,1.3237343241987927,0.2508128193218765,0.08360427310729217,0.8447250125435279,0.03354534285217214,0.0,0.0,0.0,0.0,0.0,0.0,0.0,0.0,0.0,0.0,0.0,0.0,0.0,0.0,0.0,0.0,0.0,0.0,0.0,0.0,0.0,0.04448838358872961,0.3559070687098369,2.0464656450815557,7.978250123578845,13.12407315867524,4.849233811171528,1.3198220464656454,0.2076124567474049,0.07414730598121604,0.3877,0.00987,0.0,0.0,0.0,0.0,0.0,0.0,0.0,0.0,0.0,0.0,0.4458894565722249,26.33534602879699,3.2187645146307484,0.0,0.0,0.0,0.0,0.0,0.0,0.0,0.0,0.0,0.0,0.0,0.0,0.0,0.0,0.0,0.0,0.0,0.3877,0.00967,0.0,0.0,0.0,0.0,0.0,0.0,0.0,0.0,0.0,0.0,0.26693030153237773,26.61888284725651,3.1141868512110737,0.0,0.0,0.0,0.0,0.0,0.0,0.0,0.0,0.0,0.0,0.0,0.0,0.0,0.0,0.0,0.0,0.0
52100,4303,2288,0.5317220543806647,1082,831,0.44457355333488263,1195,0.5554264466651173,0.41,3.0739454094292804,3.145912479241068,6.634390651085142,2.227814590743724,8391.847129909367,505.6791987402588,7853.0,8866.4,8866.399999999998,1.8189894035458565e-12,7853.0,0.0,28.709969788519636,21.143985004209952,33.565229332600936,19.353253195197876,0.13432488961189867,0.09993028119916338,0.08389495700673949,0.08250058099000697,0.08459214501510574,0.07645828491749943,0.06948640483383686,0.05972577271670927,0.06228212874738555,0.057169416686033,0.0455496165465954,0.043690448524285386,0.034162212409946546,0.026725540320706485,0.01835928422031141,0.012316988147803859,0.008831048105972577,0.8467129223739549,0.034325687348937206,0.0,0.0,0.0,0.0,0.0,0.0,0.0,0.0,0.0,0.0,0.0,0.0,0.0,0.0,0.0,0.0,0.0,0.0,0.0,0.0,0.006971880083662563,0.06971880083662563,0.28584708343016507,1.6662793399953468,8.101324657215898,12.660934231931215,5.465953985591448,1.3037415756448991,0.30676272368115276,0.1324657215895887,4.29543834640057,2.9736357348450353,5.055555555555555,3.357780719169239,1.1769591710685214,4.285103349964362,3.049830704673008,4.31830985915493,2.9016901271721194,1.0077492901520904,0.3887,0.00961,0.0,0.0,0.0,0.0,0.0,0.0,0.0,0.0,0.0,0.0,0.29281896351382763,26.137578433650905,3.569602602835232,0.0,0.0,0.0,0.0,0.0,0.0,0.0,0.0,0.0,0.0,0.0,0.0,0.0,0.0,0.0,0.0,0.0,nan,nan,4.30028328611898,2.9768559434159654,nan,0.3887,0.05206,0.0,0.0,0.0,0.0,0.0,0.0,0.0,0.0,0.0,0.0,0.0,0.0,0.0,0.0,0.0,0.0,0.0,0.0,0.0,0.0,0.0,5.809900069718801e-05,0.00015105740181268882,0.0007669068092028817,0.002393678828724146,0.00015105740181268882,0.010527538926330467,0.004159888449918662,0.011817336741808042,0.007076458284917499,0.018963513827562166,0.01866139902393679,0.018998373227980477,0.0664071577968859,0.034568905414826864,0.05558912386706949,0.0805019753660237,0.0702416918429003,0.07170578666046944,0.09574715314896584,0.08480130141761562,0.07396002788752033,0.04724610736695329,0.04121543109458517,0.0443760167325122,0.04443411573320939,0.020904020450848246,0.026911457122937486,0.008645131303741576,0.0070880780850569374,0.017383221008598654,0.00022077620264931443,0.007808505693702068,0.0008133860097606321,0.0008482454101789449,0.0038926330467115968,0.0008482454101789449,0.00011619800139437602,0.0,0.0,0.0,0.0,0.0,0.0,0.0,0.0,0.0,0.0,0.0,0.0,0.0,0.0,0.0,0.0,0.0,0.0,0.0,0.0,0.0,0.0,0.0,0.0,0.0,0.0,0.0,0.0,0.0,0.0,0.0,0.0,0.0,0.0,0.0,0.0,0.0,0.0,0.0,0.0,0.0,0.0,0.0,nan,nan,4.30028328611898,2.9768559434159654,nan,0.8472702174180454,0.034359577579652203,0.0,0.0,0.0,0.0,0.0,0.0,0.0,0.0,0.0,0.0,0.0,0.0,0.0,0.0,0.0,0.0,0.0,0.0,0.0,0.0,0.0,0.05244755244755246,0.3015734265734266,1.5209790209790162,8.155594405594407,12.652972027972032,5.467657342657344,1.3111888111888115,0.40646853146853157,0.13111888111888115,0.84608012284002,0.034276181049573605,0.0,0.0,0.0,0.0,0.0,0.0,0.0,0.0,0.0,0.0,0.0,0.0,0.0,0.0,0.0,0.0,0.0,0.0,0.0,0.0,0.014888337468982634,0.08933002481389579,0.2679900744416874,1.831265508684858,8.039702233250622,12.669975186104223,5.4640198511166265,1.295285359801489,0.19354838709677424,0.1339950372208437,0.3887,0.00948,0.0,0.0,0.0,0.0,0.0,0.0,0.0,0.0,0.0,0.0,0.23601398601398607,26.171328671328634,3.5926573426573434,0.0,0.0,0.0,0.0,0.0,0.0,0.0,0.0,0.0,0.0,0.0,0.0,0.0,0.0,0.0,0.0,0.0,0.3884,0.00975,0.0,0.0,0.0,0.0,0.0,0.0,0.0,0.0,0.0,0.0,0.35732009925558317,26.099255583126514,3.543424317617867,0.0,0.0,0.0,0.0,0.0,0.0,0.0,0.0,0.0,0.0,0.0,0.0,0.0,0.0,0.0,0.0,0.0
52200,4335,2283,0.5266435986159169,1084,866,0.44982698961937717,1207,0.5568627450980392,0.414,3.009746588693957,3.1155308832237116,6.608177172061329,2.1446342653593646,8386.70062283737,505.9800948321919,7853.0,8866.4,8866.399999999998,1.8189894035458565e-12,7853.0,0.0,28.28950403690888,20.820226127902558,32.994016861571936,19.096137326761767,0.13102652825836217,0.09757785467128027,0.095040369088812,0.08489042675893888,0.0908881199538639,0.07243367935409457,0.06274509803921569,0.0657439446366782,0.06274509803921569,0.05397923875432526,0.04452133794694348,0.04405997693194925,0.03344867358708189,0.02698961937716263,0.01660899653979239,0.008765859284890426,0.00853517877739331,0.8457400132490552,0.03466942103750954,0.0,0.0,0.0,0.0,0.0,0.0,0.0,0.0,0.0,0.0,0.0,0.0,0.0,0.0,0.0,0.0,0.0,0.0,0.0,0.006920415224913497,0.027681660899653987,0.12456747404844293,0.45674740484429077,1.7785467128027628,7.564013840830452,12.851211072664363,5.591695501730104,1.2802768166089968,0.2698961937716263,0.04844290657439448,4.2531328320802,2.9201103451946624,4.2727272727272725,3.0922457003081725,1.0046070605882038,4.321683309557774,2.9333928722195526,4.18342776203966,2.9081175109074024,0.9680088665422683,0.3882,0.00996,0.0,0.0,0.0,0.0,0.0,0.0,0.0,0.0,0.0,0.0,0.38062283737024233,26.11072664359858,3.508650519031143,0.0,0.0,0.0,0.0,0.0,0.0,0.0,0.0,0.0,0.0,0.0,0.0,0.0,0.0,0.0,0.0,0.0,nan,nan,4.253285968028419,2.921495462742702,nan,0.3882,0.05203,0.0,0.0,0.0,0.0,0.0,0.0,0.0,0.0,0.0,0.0,0.0,0.0,0.0,0.0,0.0,0.0,0.0,0.0,0.0,0.0,0.0,0.00021914648212226066,0.0003344867358708189,0.0009688581314878892,0.001707035755478662,0.0003229527104959631,0.011038062283737025,0.004071510957324106,0.0113840830449827,0.0066320645905421,0.021476355247981544,0.019296424452133795,0.019919261822376008,0.0652479815455594,0.033402537485582466,0.05567474048442907,0.07852364475201845,0.06905420991926182,0.07358708189158016,0.10024221453287198,0.08192618223760093,0.07450980392156863,0.04522491349480969,0.04325259515570934,0.04657439446366782,0.04116493656286044,0.02066897347174164,0.026262975778546714,0.009158016147635525,0.007277970011534025,0.017254901960784313,0.0004267589388696655,0.006874279123414071,0.0007727797001153403,0.0005997693194925029,0.003898500576701269,0.0008419838523644751,0.00020761245674740485,0.0,0.0,0.0,0.0,0.0,0.0,0.0,0.0,0.0,0.0,0.0,0.0,0.0,0.0,0.0,0.0,0.0,0.0,0.0,0.0,0.0,0.0,0.0,0.0,0.0,0.0,0.0,0.0,0.0,0.0,0.0,0.0,0.0,0.0,0.0,0.0,0.0,0.0,0.0,0.0,0.0,0.0,0.0,nan,nan,4.253285968028419,2.921495462742702,nan,0.845265081876002,0.03553061811607369,0.0,0.0,0.0,0.0,0.0,0.0,0.0,0.0,0.0,0.0,0.0,0.0,0.0,0.0,0.0,0.0,0.0,0.0,0.0,0.013140604467805522,0.026281208935611044,0.1708278580814718,0.5913272010512485,1.6688567674112957,7.647831800262813,12.720105124835746,5.558475689881736,1.3272010512483576,0.23653088042049938,0.039421813403416564,0.8462684091187824,0.03367754155882343,0.0,0.0,0.0,0.0,0.0,0.0,0.0,0.0,0.0,0.0,0.0,0.0,0.0,0.0,0.0,0.0,0.0,0.0,0.0,0.0,0.02923976608187135,0.07309941520467837,0.3070175438596492,1.9005847953216315,7.4707602339181305,12.997076023391816,5.628654970760235,1.2280701754385968,0.3070175438596492,0.0584795321637427,0.3882,0.00998,0.0,0.0,0.0,0.0,0.0,0.0,0.0,0.0,0.0,0.0,0.38107752956636015,26.110381077529528,3.5085413929040743,0.0,0.0,0.0,0.0,0.0,0.0,0.0,0.0,0.0,0.0,0.0,0.0,0.0,0.0,0.0,0.0,0.0,0.3882,0.00994,0.0,0.0,0.0,0.0,0.0,0.0,0.0,0.0,0.0,0.0,0.3801169590643276,26.11111111111107,3.508771929824562,0.0,0.0,0.0,0.0,0.0,0.0,0.0,0.0,0.0,0.0,0.0,0.0,0.0,0.0,0.0,0.0,0.0
52300,4254,2185,0.5136342266102492,1065,872,0.45533615420780443,1196,0.5622943112364833,0.414,2.9217013049782503,3.0898667863788516,6.459649122807018,2.2225210633164303,8373.516925246826,506.51158187816736,7853.0,8866.4,8866.4,0.0,7853.0,0.0,28.03338034790785,20.507416411567604,32.85702341137124,18.692128475595545,0.13563704748472027,0.09496944052656324,0.09426422190879173,0.08603667136812412,0.08180535966149506,0.07710390220968501,0.07005171603196991,0.06793606017865539,0.058062999529854255,0.055242125058768216,0.047954866008462625,0.0465444287729196,0.03244005641748942,0.021626704278326282,0.014339445228020687,0.009637987776210626,0.006346967559943582,0.8466568771078937,0.03493659232907412,0.0,0.0,0.0,0.0,0.0,0.0,0.0,0.0,0.0,0.0,0.0,0.0,0.0,0.0,0.0,0.0,0.0,0.0,0.0,0.0,0.0,0.11988716502115658,0.41607898448519054,1.7842031029619125,7.383638928067703,12.750352609308889,5.888575458392103,1.2411847672778564,0.3102961918194641,0.1057827926657264,4.1686046511627906,2.889169295107561,4.208333333333333,2.3270003342405334,1.0095304509530452,4.149640287769784,2.9287553302172884,4.188311688311688,2.8398639594765456,1.0093192175369707,0.3887,0.00998,0.0,0.0,0.0,0.0,0.0,0.0,0.0,0.0,0.0,0.0,0.36671368124118486,25.62059238363889,4.012693935119888,0.0,0.0,0.0,0.0,0.0,0.0,0.0,0.0,0.0,0.0,0.0,0.0,0.0,0.0,0.0,0.0,0.0,nan,nan,4.168948126801153,2.88478090211665,nan,0.3887,0.05237,0.0,0.0,0.0,0.0,0.0,0.0,0.0,0.0,0.0,0.0,0.0,0.0,0.0,0.0,0.0,0.0,0.0,0.0,0.0,0.0,0.0,0.0004231311706629055,0.00028208744710860365,0.000999059708509638,0.0018805829807240243,0.00037611659614480487,0.010155148095909733,0.003479078514339445,0.011788904560413729,0.006558533145275035,0.02172073342736248,0.019487541137752702,0.018876351669017397,0.06483309826046074,0.03321579689703808,0.05647625763986836,0.08014809590973201,0.0697226140103432,0.07337799717912553,0.094628584861307,0.0809826046074283,0.07566995768688294,0.049471086036671365,0.04064409967089798,0.04761401034320639,0.04076163610719323,0.020886224729666197,0.026786553831687824,0.008697696285848613,0.007463563704748472,0.017148566055477196,0.00031734837799717914,0.007440056417489422,0.001081335213916314,0.0004231311706629055,0.004807240244475788,0.001081335213916314,0.0002703338034790785,0.0,2.3507287259050304e-05,0.0,0.0,0.0,0.0,0.0,0.0,0.0,0.0,0.0,0.0,0.0,0.0,0.0,0.0,0.0,0.0,0.0,0.0,0.0,0.0,0.0,0.0,0.0,0.0,0.0,0.0,0.0,0.0,0.0,0.0,0.0,0.0,0.0,0.0,0.0,0.0,0.0,0.0,0.0,0.0,0.0,nan,nan,4.168948126801153,2.88478090211665,nan,0.8463463032272915,0.03400162344259848,0.0,0.0,0.0,0.0,0.0,0.0,0.0,0.0,0.0,0.0,0.0,0.0,0.0,0.0,0.0,0.0,0.0,0.0,0.0,0.0,0.0,0.09610983981693366,0.38443935926773465,1.5789473684210475,7.771167048054922,13.139588100686503,5.423340961098399,1.153318077803204,0.3432494279176202,0.10983981693363846,0.8469848635405259,0.0358946354337847,0.0,0.0,0.0,0.0,0.0,0.0,0.0,0.0,0.0,0.0,0.0,0.0,0.0,0.0,0.0,0.0,0.0,0.0,0.0,0.0,0.0,0.14499758337361046,0.4494925084581925,2.000966650555818,6.974383760270664,12.339294345094252,6.379893668438861,1.3339777670372162,0.27549540840985987,0.10149830836152733,0.3887,0.01012,0.0,0.0,0.0,0.0,0.0,0.0,0.0,0.0,0.0,0.0,0.35697940503432507,25.551487414187605,4.091533180778033,0.0,0.0,0.0,0.0,0.0,0.0,0.0,0.0,0.0,0.0,0.0,0.0,0.0,0.0,0.0,0.0,0.0,0.3887,0.00984,0.0,0.0,0.0,0.0,0.0,0.0,0.0,0.0,0.0,0.0,0.37699371677138727,25.693571773803733,3.9294345094248437,0.0,0.0,0.0,0.0,0.0,0.0,0.0,0.0,0.0,0.0,0.0,0.0,0.0,0.0,0.0,0.0,0.0
52400,4283,2197,0.5129582068643475,1040,876,0.44734998832593975,1224,0.5715619892598646,0.414,3.0239693192713326,3.0758080522870914,6.484451718494272,2.119430138077062,8372.83184683633,506.5298062292751,7853.0,8866.4,8866.399999999998,1.8189894035458565e-12,7853.0,0.0,28.56105533504553,21.18525507188585,33.461687413554635,19.42136995641384,0.1365865047863647,0.09549381274807378,0.0957272939528368,0.08241886528134486,0.07985057202895167,0.07284613588606118,0.0733130982955872,0.06444081251459258,0.05603548914312398,0.05043194022881158,0.04903105300023348,0.03829091758113472,0.0352556619192155,0.028951669390614054,0.02264767686201261,0.010740135419098762,0.007938360961942564,0.8456127324756718,0.03508711530505331,0.0,0.0,0.0,0.0,0.0,0.0,0.0,0.0,0.0,0.0,0.0,0.0,0.0,0.0,0.0,0.0,0.0,0.0,0.0,0.0,0.04903105300023349,0.09105766985757649,0.44828391314499194,1.8071445248657427,7.599813215036192,12.958206864347423,5.323371468596779,1.3588606117207567,0.2801774457156199,0.08405323371468598,4.295314202687977,2.8286139479267263,5.032258064516129,3.2277413551868355,1.1715692559503512,4.182408074981976,2.8221559759483164,4.423765211166786,2.841447375716941,1.0577076965847838,0.3887,0.00966,0.0,0.0,0.0,0.0,0.0,0.0,0.0,0.0,0.0,0.0,0.40625729628764895,26.140555685267298,3.453187018445016,0.0,0.0,0.0,0.0,0.0,0.0,0.0,0.0,0.0,0.0,0.0,0.0,0.0,0.0,0.0,0.0,0.0,nan,nan,4.303520114942529,2.834422891177703,nan,0.3887,0.0528,0.0,0.0,0.0,0.0,0.0,0.0,0.0,0.0,0.0,0.0,0.0,0.0,0.0,0.0,0.0,0.0,0.0,0.0,0.0,0.0,0.0,0.0005136586504786365,0.0004202661685734298,0.0010973616623861778,0.0018911977585804342,0.00031519962643007237,0.010039691804809714,0.003455521830492645,0.012304459491010973,0.006782628998365631,0.019845902404856407,0.02124678963343451,0.020184450151762783,0.065479803875788,0.034601914545879055,0.05729628764884427,0.07898669157132851,0.06822320803175344,0.07021947233247723,0.0914312397851973,0.07848470698108802,0.08069110436609853,0.05049031053000234,0.0401003969180481,0.04815549848237217,0.04161802474900771,0.02017277609152463,0.026698575764650945,0.008381975250992294,0.007588139154798039,0.017662853140322204,0.0005019845902404856,0.006689236516460425,0.000887228578099463,0.00030352556619192155,0.0059304226009806215,0.0007237917347653514,0.0005837030119075414,0.0,0.0,0.0,0.0,0.0,0.0,0.0,0.0,0.0,0.0,0.0,0.0,0.0,0.0,0.0,0.0,0.0,0.0,0.0,0.0,0.0,0.0,0.0,0.0,0.0,0.0,0.0,0.0,0.0,0.0,0.0,0.0,0.0,0.0,0.0,0.0,0.0,0.0,0.0,0.0,0.0,0.0,0.0,nan,nan,4.303520114942529,2.834422891177703,nan,0.8458661840186642,0.034872875152985684,0.0,0.0,0.0,0.0,0.0,0.0,0.0,0.0,0.0,0.0,0.0,0.0,0.0,0.0,0.0,0.0,0.0,0.0,0.0,0.0,0.06827492034592628,0.1228948566226673,0.4369594902139282,1.5839781520254843,7.469276285844335,13.286299499317254,5.4073736913973605,1.2562585343650434,0.2730996813837051,0.09558488848429679,0.8453457942973619,0.035309383172843496,0.0,0.0,0.0,0.0,0.0,0.0,0.0,0.0,0.0,0.0,0.0,0.0,0.0,0.0,0.0,0.0,0.0,0.0,0.0,0.0,0.02876318312559924,0.05752636625119848,0.46021093000958785,2.042186001917539,7.737296260786195,12.612655800575267,5.234899328859061,1.466922339405561,0.2876318312559924,0.0719079578139981,0.3887,0.00964,0.0,0.0,0.0,0.0,0.0,0.0,0.0,0.0,0.0,0.0,0.4233045061447429,26.162949476558907,3.413746017296314,0.0,0.0,0.0,0.0,0.0,0.0,0.0,0.0,0.0,0.0,0.0,0.0,0.0,0.0,0.0,0.0,0.0,0.3887,0.00967,0.0,0.0,0.0,0.0,0.0,0.0,0.0,0.0,0.0,0.0,0.38830297219558974,26.116970278044064,3.4947267497603076,0.0,0.0,0.0,0.0,0.0,0.0,0.0,0.0,0.0,0.0,0.0,0.0,0.0,0.0,0.0,0.0,0.0
52500,4189,2214,0.528527094772022,1054,821,0.44760085939365,1162,0.5547863451897828,0.418,3.020759493670886,3.069007909691932,6.525043177892919,2.139515091188678,8388.609357841968,505.87462777763903,7853.0,8866.4,8866.400000000001,1.8189894035458565e-12,7853.0,0.0,28.68035330627835,21.167470962447894,33.64787535410765,19.345870199765198,0.13702554308904272,0.09835282883743136,0.08808784912867032,0.08116495583671521,0.07949391262831225,0.08021007400334208,0.06564812604440201,0.05824779183576032,0.06063499641919313,0.05681546908570064,0.04917641441871568,0.040582477918357604,0.03771783241823824,0.02793029362616376,0.020529959417522083,0.011458582000477441,0.006922893291955121,0.8484599791070561,0.035475201788911795,0.0,0.0,0.0,0.0,0.0,0.0,0.0,0.0,0.0,0.0,0.0,0.0,0.0,0.0,0.0,0.0,0.0,0.0,0.0,0.0,0.0,0.07161613750298403,0.3437574600143233,1.8047266650751912,7.226068274051088,12.260682740510866,6.36667462401528,1.3750298400572931,0.40105037001671057,0.15039388875626644,4.258690084156605,2.850726158477196,2.5625,2.262983373778959,0.6017108428559154,4.252014652014652,2.844866459422391,4.243673174258857,2.856267877780709,0.9980382293010579,0.388,0.009926,0.0,0.0,0.0,0.0,0.0,0.0,0.0,0.0,0.0,0.0,0.37240391501551695,26.275960849844793,3.3516352351396526,0.0,0.0,0.0,0.0,0.0,0.0,0.0,0.0,0.0,0.0,0.0,0.0,0.0,0.0,0.0,0.0,0.0,nan,nan,4.248817751909785,2.850577896882723,nan,0.388,0.05258,0.0,0.0,0.0,0.0,0.0,0.0,0.0,0.0,0.0,0.0,0.0,0.0,0.0,0.0,0.0,0.0,0.0,0.0,0.0,0.0,1.1936022917164001e-05,0.00047744091668656003,0.00041776080210074003,0.0014323227500596801,0.0017904034375746001,0.000393888756266412,0.00963237049415135,0.003974695631415612,0.011566006206731917,0.007650990689902125,0.020088326569587013,0.021401289090475055,0.020637383623776557,0.06625686321317736,0.035808068751492006,0.057925519216996894,0.0785509668178563,0.0705538314633564,0.06871568393411315,0.08960372403915015,0.08270470279302937,0.07722606827405108,0.04846025304368584,0.04523752685605156,0.048615421341608976,0.03694199092862258,0.01963475769873478,0.02727381236571974,0.007567438529481977,0.006743852948197661,0.01745046550489377,0.000632609214609692,0.006636428741943185,0.000859393650035808,0.00019097636667462402,0.005180233946049177,0.001277154452136548,0.00047744091668656003,0.0,0.0,0.0,0.0,0.0,0.0,0.0,0.0,0.0,0.0,0.0,0.0,0.0,0.0,0.0,0.0,0.0,0.0,0.0,0.0,0.0,0.0,0.0,0.0,0.0,0.0,0.0,0.0,0.0,0.0,0.0,0.0,0.0,0.0,0.0,0.0,0.0,0.0,0.0,0.0,0.0,0.0,0.0,nan,nan,4.248817751909785,2.850577896882723,nan,0.8482822593042413,0.035512697897034824,0.0,0.0,0.0,0.0,0.0,0.0,0.0,0.0,0.0,0.0,0.0,0.0,0.0,0.0,0.0,0.0,0.0,0.0,0.0,0.0,0.0,0.0813008130081301,0.31165311653116534,1.8292682926829211,7.2899728997289985,12.18157181571816,6.395663956639568,1.3821138211382116,0.3929539295392955,0.13550135501355015,0.8486592052556291,0.03543206128146012,0.0,0.0,0.0,0.0,0.0,0.0,0.0,0.0,0.0,0.0,0.0,0.0,0.0,0.0,0.0,0.0,0.0,0.0,0.0,0.0,0.0,0.06075949367088609,0.37974683544303806,1.777215189873412,7.154430379746837,12.349367088607597,6.334177215189875,1.3670886075949369,0.41012658227848114,0.16708860759493674,0.388,0.00987,0.0,0.0,0.0,0.0,0.0,0.0,0.0,0.0,0.0,0.0,0.36585365853658547,26.35501355013546,3.279132791327914,0.0,0.0,0.0,0.0,0.0,0.0,0.0,0.0,0.0,0.0,0.0,0.0,0.0,0.0,0.0,0.0,0.0,0.3882,0.009995,0.0,0.0,0.0,0.0,0.0,0.0,0.0,0.0,0.0,0.0,0.37974683544303806,26.18734177215186,3.4329113924050643,0.0,0.0,0.0,0.0,0.0,0.0,0.0,0.0,0.0,0.0,0.0,0.0,0.0,0.0,0.0,0.0,0.0
52600,4042,2111,0.5222662048490846,1014,817,0.4529935675408214,1127,0.5576447303315191,0.434,3.0605903676851374,3.164234925767742,6.689138576779026,2.1526035989481938,8382.26457199406,506.1973232749503,7853.0,8866.4,8866.4,0.0,7853.0,0.0,28.229589312221673,20.880962194468268,33.29250295159386,19.00390758282257,0.140524492825334,0.0917862444334488,0.08980702622464126,0.08609599208312717,0.08287976249381494,0.07991093518060366,0.06927263730826323,0.06655121227115289,0.05838693715982187,0.0512122711528946,0.045769421078673926,0.04032657100445324,0.033399307273626916,0.026472043542800593,0.02003958436417615,0.011133102424542306,0.006432459178624443,0.8492774391663894,0.03487894435270461,0.0,0.0,0.0,0.0,0.0,0.0,0.0,0.0,0.0,0.0,0.0,0.0,0.0,0.0,0.0,0.0,0.0,0.0,0.0,0.0,0.0,0.1558634339435923,0.2746165264720436,1.5734784760019742,6.828302820385949,12.82533399307274,6.472043542800596,1.3879267689262744,0.3859475507174667,0.09648688767936668,4.21992337164751,2.946116606528362,4.2,2.4979991993593593,0.9952787361539859,4.261941448382126,2.945700152677438,4.178758414360509,2.93819109236685,0.9804823611424331,0.3875,0.00992,0.0,0.0,0.0,0.0,0.0,0.0,0.0,0.0,0.0,0.0,0.541810984661059,26.437407224146423,3.0207817911924795,0.0,0.0,0.0,0.0,0.0,0.0,0.0,0.0,0.0,0.0,0.0,0.0,0.0,0.0,0.0,0.0,0.0,nan,nan,4.219734345351044,2.94218637249414,nan,0.3875,0.05267,0.0,0.0,0.0,0.0,0.0,0.0,0.0,0.0,0.0,0.0,0.0,0.0,0.0,0.0,0.0,0.0,0.0,0.0,0.0,0.0,0.0,0.00029688273132112816,0.0003587333003463632,0.0015833745670460167,0.0017070757050964868,0.0003711034141514102,0.011021771400296882,0.004972785749628897,0.011578426521523999,0.006370608609599209,0.020175655616031667,0.021746660069272637,0.023713508164275112,0.06637803067788224,0.036665017318159326,0.05966105888174171,0.07387431964374072,0.07115289460663038,0.06775111331024246,0.09031420089064819,0.08092528451261752,0.0780554181098466,0.04956704601682335,0.04449529935675408,0.04662295893122217,0.037840178129638795,0.019940623453735776,0.025593765462642255,0.007867392380009896,0.006989114299851559,0.01834487877288471,0.0005071746660069272,0.006420089064819397,0.0010390895596239485,0.0003339930727362692,0.004119247897080653,0.0011627906976744186,0.0004824344383968333,0.0,0.0,0.0,0.0,0.0,0.0,0.0,0.0,0.0,0.0,0.0,0.0,0.0,0.0,0.0,0.0,0.0,0.0,0.0,0.0,0.0,0.0,0.0,0.0,0.0,0.0,0.0,0.0,0.0,0.0,0.0,0.0,0.0,0.0,0.0,0.0,0.0,0.0,0.0,0.0,0.0,0.0,0.0,nan,nan,4.219734345351044,2.94218637249414,nan,0.8490368316434447,0.034509681499223364,0.0,0.0,0.0,0.0,0.0,0.0,0.0,0.0,0.0,0.0,0.0,0.0,0.0,0.0,0.0,0.0,0.0,0.0,0.0,0.0,0.0,0.09947891994315493,0.2842254855518712,1.7906205589767827,6.46612979630507,13.045949786830889,6.608242539081006,1.3358597820937945,0.2842254855518712,0.08526764566556136,0.8495404751482312,0.03527632865956431,0.0,0.0,0.0,0.0,0.0,0.0,0.0,0.0,0.0,0.0,0.0,0.0,0.0,0.0,0.0,0.0,0.0,0.0,0.0,0.0,0.0,0.21750388399792858,0.26411185914034185,1.3360952874158425,7.224236147074056,12.584153288451581,6.323148627654066,1.4448472294148111,0.4971517348524082,0.10875194199896429,0.3875,0.01004,0.0,0.0,0.0,0.0,0.0,0.0,0.0,0.0,0.0,0.0,0.5826622453813359,26.34770251065842,3.0696352439602093,0.0,0.0,0.0,0.0,0.0,0.0,0.0,0.0,0.0,0.0,0.0,0.0,0.0,0.0,0.0,0.0,0.0,0.3877,0.00979,0.0,0.0,0.0,0.0,0.0,0.0,0.0,0.0,0.0,0.0,0.4971517348524082,26.535473847747244,2.967374417400311,0.0,0.0,0.0,0.0,0.0,0.0,0.0,0.0,0.0,0.0,0.0,0.0,0.0,0.0,0.0,0.0,0.0
52700,4483,2336,0.5210796341735445,1109,923,0.4532679009591791,1276,0.5692616551416462,0.38599999999999995,2.9711224965067538,3.027448532670845,6.423566878980892,2.0289823663549744,8381.06210127147,506.24949444840655,7853.0,8866.4,8866.4,0.0,7853.0,0.0,27.911666294891813,20.660005533719183,32.770800211976685,18.898192799645425,0.1394155699308499,0.09636404193620343,0.09368726299353111,0.08699531563685033,0.08119562792772697,0.0760651349542717,0.06915012268570155,0.06424269462413562,0.05888913673879099,0.05063573499888468,0.05308944902966763,0.03948248940441668,0.03390586660718269,0.024537140307829577,0.016506803479812624,0.01003792103502119,0.005799687709123355,0.8469345499010403,0.033420512295341445,0.0,0.0,0.0,0.0,0.0,0.0,0.0,0.0,0.0,0.0,0.0,0.0,0.0,0.0,0.0,0.0,0.0,0.0,0.0,0.006691947356680795,0.020075842070042385,0.08030336828016954,0.32121347312067816,1.6395271023867894,7.474905197412449,12.975685924604063,5.868837831809058,1.378541155476244,0.16060673656033908,0.07361142092348875,4.212530287296643,2.852282635931625,3.8333333333333335,2.6718699236468995,0.9099835661462613,4.293197278911564,2.836908345555251,4.124826629680999,2.8637011838940554,0.9607819910681459,0.3877,0.00972,0.0,0.0,0.0,0.0,0.0,0.0,0.0,0.0,0.0,0.0,0.40151684140084776,26.567031006022713,3.0314521525764007,0.0,0.0,0.0,0.0,0.0,0.0,0.0,0.0,0.0,0.0,0.0,0.0,0.0,0.0,0.0,0.0,0.0,nan,nan,4.209406110538963,2.8510489317409715,nan,0.3877,0.05283,0.0,0.0,0.0,0.0,0.0,0.0,0.0,0.0,0.0,0.0,0.0,0.0,0.0,0.0,0.0,0.0,0.0,0.0,0.0,0.0,0.0,0.00010037921035021191,0.00020075842070042382,0.0012826232433638188,0.0017510595583314745,0.0005353557885344636,0.010963640419362035,0.0058554539370956945,0.010640196297122463,0.0065692616551416465,0.01923934865045728,0.021269239348650458,0.024124470220834263,0.07064465759536025,0.0365491858130716,0.05961409770243141,0.0704550524202543,0.07211688601383003,0.06368503234441222,0.09114432299799241,0.08091679678786527,0.07919919696631719,0.0494423377202766,0.045371403078295784,0.046921704215926834,0.03619228195404863,0.021637296453267903,0.02653357126923935,0.006892705777381218,0.006056212357796118,0.019718938211019405,0.0006357349988846755,0.006045059112201651,0.001204550524202543,0.00024537140307829576,0.004260539817086772,0.0013383894713361588,0.0006468882444791434,0.0,0.0,0.0,0.0,0.0,0.0,0.0,0.0,0.0,0.0,0.0,0.0,0.0,0.0,0.0,0.0,0.0,0.0,0.0,0.0,0.0,0.0,0.0,0.0,0.0,0.0,0.0,0.0,0.0,0.0,0.0,0.0,0.0,0.0,0.0,0.0,0.0,0.0,0.0,0.0,0.0,0.0,0.0,nan,nan,4.209406110538963,2.8510489317409715,nan,0.8471694174796751,0.033812305529043504,0.0,0.0,0.0,0.0,0.0,0.0,0.0,0.0,0.0,0.0,0.0,0.0,0.0,0.0,0.0,0.0,0.0,0.0,0.0,0.0,0.03852739726027398,0.03852739726027398,0.3339041095890412,1.7080479452054742,7.4357876712328785,12.829623287671236,5.8176369863013715,1.553938356164384,0.15410958904109592,0.08989726027397263,0.8466790069743095,0.032987044924893114,0.0,0.0,0.0,0.0,0.0,0.0,0.0,0.0,0.0,0.0,0.0,0.0,0.0,0.0,0.0,0.0,0.0,0.0,0.0,0.013972985561248256,0.0,0.12575687005123432,0.30740568234746163,1.5649743828597995,7.517466231951562,13.134606427573361,5.924545877969261,1.1877037727061017,0.16767582673497908,0.055891942244993026,0.388,0.00985,0.0,0.0,0.0,0.0,0.0,0.0,0.0,0.0,0.0,0.0,0.3981164383561645,26.416952054794482,3.184931506849316,0.0,0.0,0.0,0.0,0.0,0.0,0.0,0.0,0.0,0.0,0.0,0.0,0.0,0.0,0.0,0.0,0.0,0.3877,0.009575,0.0,0.0,0.0,0.0,0.0,0.0,0.0,0.0,0.0,0.0,0.4052165812761995,26.73032137866787,2.864462040055893,0.0,0.0,0.0,0.0,0.0,0.0,0.0,0.0,0.0,0.0,0.0,0.0,0.0,0.0,0.0,0.0,0.0
52800,4228,2144,0.5070955534531694,996,887,0.445364238410596,1197,0.5662251655629139,0.422,2.9141074856046063,3.0973973068914793,6.639138240574506,2.214067471654907,8366.89063386944,506.6489759039836,7853.0,8866.4,8866.4,0.0,7853.0,0.0,27.81480605487228,20.891484241161866,32.8228813559322,19.144705767637863,0.14096499526963102,0.10572374645222328,0.09224219489120151,0.08301797540208136,0.07805108798486282,0.07686849574266792,0.0674077578051088,0.06693472090823084,0.05771050141911069,0.049905392620624406,0.04280983916745506,0.042100283822138124,0.03595080416272469,0.028855250709555344,0.01466414380321665,0.010406811731315043,0.006385998107852412,0.8477396398585364,0.03332432248330528,0.0,0.0,0.0,0.0,0.0,0.0,0.0,0.0,0.0,0.0,0.0,0.0,0.0,0.0,0.0,0.0,0.0,0.0,0.0,0.0,0.0070955534531693485,0.07095553453169348,0.32639545884579,1.5539262062440824,7.3084200567644295,13.346736045411545,5.605487228003785,1.404919583727531,0.31220435193945134,0.06385998107852414,4.23608017817372,2.8590920243440876,4.473684210526316,2.9085793430838107,1.056090541811943,4.215671641791045,2.807329279444373,4.259286234522943,2.909373316675403,1.0103458230236755,0.388,0.01027,0.0,0.0,0.0,0.0,0.0,0.0,0.0,0.0,0.0,0.0,0.5321665089877011,25.88457899716174,3.583254493850521,0.0,0.0,0.0,0.0,0.0,0.0,0.0,0.0,0.0,0.0,0.0,0.0,0.0,0.0,0.0,0.0,0.0,nan,nan,4.237744194618504,2.85951022812244,nan,0.388,0.0527,0.0,0.0,0.0,0.0,0.0,0.0,0.0,0.0,0.0,0.0,0.0,0.0,0.0,0.0,0.0,0.0,0.0,0.0,0.0,0.0,0.0,3.5477767265846736e-05,0.00016556291390728477,0.0010879848628193,0.0017857142857142857,0.00035477767265846736,0.01110454115421003,0.006551561021759697,0.011128192999053927,0.006598864711447493,0.01782166508987701,0.02089640491958373,0.022859508041627247,0.07087275307473984,0.037440870387890256,0.059165089877010406,0.06880321665089877,0.07609981078524125,0.05914143803216651,0.09049195837275308,0.07941106906338695,0.08080652790917692,0.05532166508987701,0.045565279091769155,0.04667691579943235,0.0348155156102176,0.021712393566698202,0.02640728476821192,0.007994323557237464,0.0054280983916745506,0.01921712393566698,0.00035477767265846736,0.006149479659413435,0.0015018921475875118,0.0003074739829706717,0.003654210028382214,0.0014072847682119205,0.0008514664143803217,0.0,0.0,1.1825922421948912e-05,0.0,0.0,0.0,0.0,0.0,0.0,0.0,0.0,0.0,0.0,0.0,0.0,0.0,0.0,0.0,0.0,0.0,0.0,0.0,0.0,0.0,0.0,0.0,0.0,0.0,0.0,0.0,0.0,0.0,0.0,0.0,0.0,0.0,0.0,0.0,0.0,0.0,0.0,0.0,0.0,nan,nan,4.237744194618504,2.85951022812244,nan,0.8475286916398735,0.032994618861132356,0.0,0.0,0.0,0.0,0.0,0.0,0.0,0.0,0.0,0.0,0.0,0.0,0.0,0.0,0.0,0.0,0.0,0.0,0.0,0.0,0.0,0.05597014925373136,0.34981343283582095,1.609141791044771,7.276119402985076,13.432835820895527,5.415111940298508,1.5251865671641796,0.27985074626865675,0.05597014925373136,0.8479566614424199,0.033658768740986035,0.0,0.0,0.0,0.0,0.0,0.0,0.0,0.0,0.0,0.0,0.0,0.0,0.0,0.0,0.0,0.0,0.0,0.0,0.0,0.0,0.014395393474088296,0.08637236084452976,0.3023032629558542,1.4971209213051777,7.341650671785031,13.25815738963532,5.801343570057583,1.281190019193858,0.34548944337811904,0.07197696737044147,0.388,0.01023,0.0,0.0,0.0,0.0,0.0,0.0,0.0,0.0,0.0,0.0,0.5037313432835822,25.956156716417873,3.5401119402985084,0.0,0.0,0.0,0.0,0.0,0.0,0.0,0.0,0.0,0.0,0.0,0.0,0.0,0.0,0.0,0.0,0.0,0.388,0.010315,0.0,0.0,0.0,0.0,0.0,0.0,0.0,0.0,0.0,0.0,0.5614203454894435,25.810940499040267,3.6276391554702503,0.0,0.0,0.0,0.0,0.0,0.0,0.0,0.0,0.0,0.0,0.0,0.0,0.0,0.0,0.0,0.0,0.0
52900,4252,2160,0.5079962370649106,1004,901,0.4480244590780809,1210,0.5691439322671684,0.418,2.879541108986616,2.993591335162844,6.368141592920354,2.060769917413833,8367.80338664158,506.6351992557731,7853.0,8866.4,8866.4,0.0,7853.0,0.0,27.901222953904046,21.027009204737258,32.983117613956104,19.26228778577288,0.14299153339604892,0.09854186265286924,0.09195672624647225,0.0900752587017874,0.08231420507996237,0.07478833490122296,0.06279397930385701,0.06726246472248354,0.057855126999059266,0.04186265286923801,0.05174035747883349,0.03739416745061148,0.0380997177798683,0.02539981185324553,0.02022577610536218,0.010348071495766699,0.006349952963311383,0.8482367049408542,0.03313446522854569,0.0,0.0,0.0,0.0,0.0,0.0,0.0,0.0,0.0,0.0,0.0,0.0,0.0,0.0,0.0,0.0,0.0,0.0,0.0,0.0,0.007055503292568205,0.08466603951081846,0.26105362182502356,1.6086547507055453,7.020225776105364,13.102069614299158,6.215898400752589,1.3969896519285045,0.26105362182502356,0.04233301975540923,4.18348623853211,2.7987059185662866,3.9375,2.5852647349933044,0.9412006578947368,4.225547445255475,2.7896191613313808,4.138584974471189,2.804818826032075,0.9794198333089529,0.388,0.0103,0.0,0.0,0.0,0.0,0.0,0.0,0.0,0.0,0.0,0.0,0.6067732831608655,25.872530573847563,3.520696142991534,0.0,0.0,0.0,0.0,0.0,0.0,0.0,0.0,0.0,0.0,0.0,0.0,0.0,0.0,0.0,0.0,0.0,nan,nan,4.182050346588836,2.797570014326896,nan,0.388,0.05286,0.0,0.0,0.0,0.0,0.0,0.0,0.0,0.0,0.0,0.0,0.0,0.0,0.0,0.0,0.0,0.0,0.0,0.0,0.0,0.0,0.0,0.00014111006585136406,0.00019990592662276575,0.0009289746001881467,0.001458137347130762,0.0003645343367826905,0.011723894637817497,0.006220602069614299,0.010595014111006586,0.006867356538099717,0.018214957666980246,0.022142521166509877,0.023189087488240827,0.06865004703668862,0.039992944496707435,0.05790216368767639,0.06786218250235183,0.07435324553151458,0.06354656632173095,0.0916274694261524,0.07522342427093133,0.08352539981185325,0.05363358419567262,0.047906867356538096,0.04413217309501411,0.03386641580432737,0.020602069614299154,0.027010818438381937,0.007925682031984948,0.005644402634054563,0.020014111006585136,0.0005174035747883349,0.005961900282220132,0.001458137347130762,5.8795860771401695e-05,0.0037394167450611475,0.0015757290686735654,0.0012229539040451553,0.0,0.0,0.0,0.0,0.0,0.0,0.0,0.0,0.0,0.0,0.0,0.0,0.0,0.0,0.0,0.0,0.0,0.0,0.0,0.0,0.0,0.0,0.0,0.0,0.0,0.0,0.0,0.0,0.0,0.0,0.0,0.0,0.0,0.0,0.0,0.0,0.0,0.0,0.0,0.0,0.0,0.0,0.0,nan,nan,4.182050346588836,2.797570014326896,nan,0.8478126999128748,0.03331192520838217,0.0,0.0,0.0,0.0,0.0,0.0,0.0,0.0,0.0,0.0,0.0,0.0,0.0,0.0,0.0,0.0,0.0,0.0,0.0,0.0,0.0,0.04166666666666667,0.29166666666666674,1.7083333333333282,7.38888888888889,12.680555555555559,6.194444444444446,1.3333333333333335,0.3194444444444445,0.04166666666666667,0.8486744921590357,0.03294450859685721,0.0,0.0,0.0,0.0,0.0,0.0,0.0,0.0,0.0,0.0,0.0,0.0,0.0,0.0,0.0,0.0,0.0,0.0,0.0,0.0,0.014340344168260041,0.12906309751434036,0.22944550669216066,1.5057361376672993,6.639579349904399,13.53728489483748,6.238049713193118,1.462715105162524,0.20076481835564058,0.04302103250478012,0.3882,0.01024,0.0,0.0,0.0,0.0,0.0,0.0,0.0,0.0,0.0,0.0,0.4583333333333334,25.805555555555518,3.736111111111112,0.0,0.0,0.0,0.0,0.0,0.0,0.0,0.0,0.0,0.0,0.0,0.0,0.0,0.0,0.0,0.0,0.0,0.3877,0.01035,0.0,0.0,0.0,0.0,0.0,0.0,0.0,0.0,0.0,0.0,0.7600382409177823,25.94168260038237,3.2982791586998097,0.0,0.0,0.0,0.0,0.0,0.0,0.0,0.0,0.0,0.0,0.0,0.0,0.0,0.0,0.0,0.0,0.0
53000,4366,2237,0.5123683005038937,995,920,0.4386165826843793,1220,0.5588639486944572,0.41,2.90605918271489,3.0364322836080255,6.500904159132007,2.1709280637745616,8372.234035730646,506.5449515574138,7853.0,8866.4,8866.4,0.0,7853.0,0.0,27.323179111314705,20.74035655173872,32.44269972451791,19.006984228456623,0.146816307833257,0.10627576729271644,0.09573980760421438,0.08062299587723316,0.07833256985799358,0.07856161245991755,0.06962895098488318,0.06207054512139258,0.05428309665597801,0.050389372423270726,0.048327989005955106,0.03916628492899679,0.03137883646358223,0.028401282638570773,0.016491067338524967,0.007787448465414567,0.0057260650480989465,0.846772495003616,0.03417764995948516,0.0,0.0,0.0,0.0,0.0,0.0,0.0,0.0,0.0,0.0,0.0,0.0,0.0,0.0,0.0,0.0,0.0,0.0,0.0,0.0,0.013742556115437475,0.08245533669262484,0.2954649564819057,1.7659184608337097,7.6271186440677985,12.883646358222633,5.675675675675677,1.2574438845625289,0.30233623453962444,0.09619789280806233,4.340433345574734,2.769079195665304,3.857142857142857,2.325545799442815,0.888653862424909,4.359195402298851,2.740238985462787,4.315985130111524,2.794671818348193,0.9900875578634213,0.3875,0.01028,0.0,0.0,0.0,0.0,0.0,0.0,0.0,0.0,0.0,0.0,0.5978011910215301,26.069628950984846,3.3325698579935876,0.0,0.0,0.0,0.0,0.0,0.0,0.0,0.0,0.0,0.0,0.0,0.0,0.0,0.0,0.0,0.0,0.0,nan,nan,4.337961271465108,2.767206166612869,nan,0.3875,0.05252,0.0,0.0,0.0,0.0,0.0,0.0,0.0,0.0,0.0,0.0,0.0,0.0,0.0,0.0,0.0,0.0,0.0,0.0,0.0,0.0,0.0,0.00012597343105817682,0.0003092075125973431,0.0008131012368300504,0.0018323408153916628,0.0003092075125973431,0.012173614292258361,0.004947320201557489,0.009963353183692167,0.0057146129180027485,0.01907924874026569,0.021781951442968392,0.022617956939990837,0.07023591387998168,0.040952817224003665,0.05799358680714613,0.07085432890517636,0.0738662391204764,0.06547182775996335,0.09255611543747137,0.07361429225836005,0.08547869903802108,0.055130554283096656,0.04541914796152084,0.04091846083371507,0.03434493815849748,0.020144296839212095,0.026809436555199267,0.007237746220797068,0.005634448007329363,0.018243243243243244,0.000641319285387082,0.006756756756756757,0.0014429683921209344,0.00011452130096197893,0.003618873110398534,0.0012139257901969767,0.0016376546037562988,0.0,0.0,0.0,0.0,0.0,0.0,0.0,0.0,0.0,0.0,0.0,0.0,0.0,0.0,0.0,0.0,0.0,0.0,0.0,0.0,0.0,0.0,0.0,0.0,0.0,0.0,0.0,0.0,0.0,0.0,0.0,0.0,0.0,0.0,0.0,0.0,0.0,0.0,0.0,0.0,0.0,0.0,0.0,nan,nan,4.337961271465108,2.767206166612869,nan,0.8472691772769592,0.03450586229415597,0.0,0.0,0.0,0.0,0.0,0.0,0.0,0.0,0.0,0.0,0.0,0.0,0.0,0.0,0.0,0.0,0.0,0.0,0.0,0.0,0.013410818059901658,0.0938757264193116,0.3486812695574431,1.7970496200268162,7.20160929816719,13.182834152883329,5.632543585158697,1.3008493518104607,0.3352704514975414,0.0938757264193116,0.8462506170113807,0.033821500052310126,0.0,0.0,0.0,0.0,0.0,0.0,0.0,0.0,0.0,0.0,0.0,0.0,0.0,0.0,0.0,0.0,0.0,0.0,0.0,0.0,0.01409112259276656,0.07045561296383279,0.23954908407703152,1.7332080789102813,8.074213245655239,12.569281352747772,5.7209957726632235,1.211836542977924,0.26773132926256465,0.09863785814936593,0.3875,0.010345,0.0,0.0,0.0,0.0,0.0,0.0,0.0,0.0,0.0,0.0,0.6303084488153778,26.2583817612874,3.1113097898971844,0.0,0.0,0.0,0.0,0.0,0.0,0.0,0.0,0.0,0.0,0.0,0.0,0.0,0.0,0.0,0.0,0.0,0.3875,0.01021,0.0,0.0,0.0,0.0,0.0,0.0,0.0,0.0,0.0,0.0,0.5636449037106623,25.871301080319363,3.56505401596994,0.0,0.0,0.0,0.0,0.0,0.0,0.0,0.0,0.0,0.0,0.0,0.0,0.0,0.0,0.0,0.0,0.0
53100,4425,2253,0.5091525423728813,1060,932,0.45016949152542374,1283,0.5798870056497175,0.38599999999999995,2.8876611418047884,2.963761276106716,6.224299065420561,2.1156960273229894,8368.975186440677,506.6151013506116,7853.0,8866.4,8866.4,0.0,7853.0,0.0,28.375593220338985,21.073461845164765,33.432112068965516,19.237883083623434,0.14033898305084747,0.0951412429378531,0.0919774011299435,0.08271186440677966,0.0768361581920904,0.08135593220338982,0.06983050847457627,0.059661016949152545,0.0592090395480226,0.05288135593220339,0.05084745762711865,0.04203389830508475,0.03254237288135593,0.02598870056497175,0.018531073446327685,0.013559322033898305,0.006553672316384181,0.8472509201637096,0.03365895444440377,0.0,0.0,0.0,0.0,0.0,0.0,0.0,0.0,0.0,0.0,0.0,0.0,0.0,0.0,0.0,0.0,0.0,0.0,0.0,0.0,0.0,0.05423728813559323,0.3186440677966102,1.708474576271181,7.36949152542373,13.261016949152546,5.783050847457629,1.016949152542373,0.3864406779661018,0.10169491525423731,4.135181975736568,2.7589010841616126,3.857142857142857,2.721794126179664,0.9327625434079752,4.0881944444444445,2.7645824611346974,4.178889650445511,2.752319702203004,1.0221846605472287,0.3875,0.01034,0.0,0.0,0.0,0.0,0.0,0.0,0.0,0.0,0.0,0.0,0.5966101694915256,25.816949152542335,3.5864406779661024,0.0,0.0,0.0,0.0,0.0,0.0,0.0,0.0,0.0,0.0,0.0,0.0,0.0,0.0,0.0,0.0,0.0,nan,nan,4.133839254915488,2.7587904204608384,nan,0.3875,0.05276,0.0,0.0,0.0,0.0,0.0,0.0,0.0,0.0,0.0,0.0,0.0,0.0,0.0,0.0,0.0,0.0,0.0,0.0,0.0,0.0,0.0,0.00012429378531073448,0.00023728813559322035,0.0006553672316384181,0.0015819209039548022,0.00030508474576271185,0.01176271186440678,0.005932203389830509,0.01,0.006293785310734463,0.020451977401129945,0.022282485875706214,0.02263276836158192,0.06640677966101695,0.04071186440677966,0.05733333333333333,0.07413559322033898,0.07386440677966102,0.06746892655367231,0.08959322033898305,0.07398870056497175,0.08584180790960452,0.05475706214689265,0.04282485875706215,0.04032768361581921,0.034903954802259884,0.020757062146892654,0.026903954802259888,0.008101694915254237,0.005875706214689265,0.017096045197740113,0.00030508474576271185,0.007480225988700565,0.0022372881355932203,0.00021468926553672317,0.004248587570621469,0.0009943502824858758,0.001367231638418079,0.0,0.0,0.0,0.0,0.0,0.0,0.0,0.0,0.0,0.0,0.0,0.0,0.0,0.0,0.0,0.0,0.0,0.0,0.0,0.0,0.0,0.0,0.0,0.0,0.0,0.0,0.0,0.0,0.0,0.0,0.0,0.0,0.0,0.0,0.0,0.0,0.0,0.0,0.0,0.0,0.0,0.0,0.0,nan,nan,4.133839254915488,2.7587904204608384,nan,0.8476609830267949,0.033474758171662046,0.0,0.0,0.0,0.0,0.0,0.0,0.0,0.0,0.0,0.0,0.0,0.0,0.0,0.0,0.0,0.0,0.0,0.0,0.0,0.0,0.0,0.03994673768308922,0.33288948069241014,1.61118508655126,7.483355525965381,13.102529960053266,5.85885486018642,1.078561917443409,0.39946737683089223,0.09320905459387487,0.846825564901034,0.033843711368566905,0.0,0.0,0.0,0.0,0.0,0.0,0.0,0.0,0.0,0.0,0.0,0.0,0.0,0.0,0.0,0.0,0.0,0.0,0.0,0.0,0.0,0.069060773480663,0.3038674033149172,1.8093922651933645,7.251381215469615,13.425414364640888,5.7044198895027645,0.9530386740331493,0.3729281767955802,0.1104972375690608,0.3875,0.010506,0.0,0.0,0.0,0.0,0.0,0.0,0.0,0.0,0.0,0.0,0.6391478029294275,25.64580559254324,3.7150466045272976,0.0,0.0,0.0,0.0,0.0,0.0,0.0,0.0,0.0,0.0,0.0,0.0,0.0,0.0,0.0,0.0,0.0,0.3875,0.01015,0.0,0.0,0.0,0.0,0.0,0.0,0.0,0.0,0.0,0.0,0.552486187845304,25.99447513812151,3.45303867403315,0.0,0.0,0.0,0.0,0.0,0.0,0.0,0.0,0.0,0.0,0.0,0.0,0.0,0.0,0.0,0.0,0.0
53200,4209,2215,0.5262532668092184,1012,859,0.44452363981943455,1158,0.5502494654312188,0.426,2.9949849548645937,3.136956552777927,6.662385321100918,2.1511161596393613,8386.305060584462,506.00104817213264,7853.0,8866.4,8866.4,0.0,7853.0,0.0,27.759325255405084,20.73311383133752,32.60457239627434,19.018767606999976,0.13922546923259682,0.10049893086243764,0.095272036113091,0.08790686623901164,0.07674031836540746,0.07840342124019957,0.07080066524114992,0.06248515086718936,0.062247564742219055,0.04822998336897125,0.042765502494654314,0.044191019244476125,0.030886196246139225,0.0273224043715847,0.017581373247802328,0.00950344499881207,0.005939653124257543,0.8478033464604643,0.03396451150278653,0.0,0.0,0.0,0.0,0.0,0.0,0.0,0.0,0.0,0.0,0.0,0.0,0.0,0.0,0.0,0.0,0.0,0.0,0.0,0.0,0.0,0.05702066999287243,0.2779757662152531,1.7676407697790395,7.391304347826089,12.694226657163226,6.072701354240914,1.339985744832502,0.3492516037063436,0.04989308624376338,4.264607368812802,2.938829542066991,3.6,2.3748684174075834,0.8441574308403875,4.244525547445256,2.9232373741620252,4.282051282051282,2.951916423874341,1.008840972727473,0.3875,0.010376,0.0,0.0,0.0,0.0,0.0,0.0,0.0,0.0,0.0,0.0,0.6129722024233786,25.923022095509584,3.4640057020670003,0.0,0.0,0.0,0.0,0.0,0.0,0.0,0.0,0.0,0.0,0.0,0.0,0.0,0.0,0.0,0.0,0.0,nan,nan,4.2621431219873935,2.937216276676169,nan,0.3875,0.0527,0.0,0.0,0.0,0.0,0.0,0.0,0.0,0.0,0.0,0.0,0.0,0.0,0.0,0.0,0.0,0.0,0.0,0.0,0.0,0.0,0.0,0.0002851033499643621,0.0005702066999287242,0.000558327393680209,0.0011879306248515087,0.0004514136374435733,0.011475409836065573,0.006462342599192207,0.010418151579947731,0.006153480636730815,0.019232596816345926,0.023235923022095508,0.0239368020907579,0.06689237348538846,0.03715846994535519,0.061356616773580425,0.07315276787835591,0.0729864575908767,0.06703492516037063,0.0899144689950107,0.07173913043478261,0.08823948681397006,0.057971014492753624,0.040270848182466144,0.04024708956996911,0.03523402233309575,0.02134711332858161,0.025207887859349014,0.008517462580185316,0.004561653599429794,0.016607270135424092,0.0005820860061772393,0.00831551437396056,0.001651223568543597,0.000273224043715847,0.004419101924447612,0.000950344499881207,0.0014017581373247801,0.0,0.0,0.0,0.0,0.0,0.0,0.0,0.0,0.0,0.0,0.0,0.0,0.0,0.0,0.0,0.0,0.0,0.0,0.0,0.0,0.0,0.0,0.0,0.0,0.0,0.0,0.0,0.0,0.0,0.0,0.0,0.0,0.0,0.0,0.0,0.0,0.0,0.0,0.0,0.0,0.0,0.0,0.0,nan,nan,4.2621431219873935,2.937216276676169,nan,0.8477577150271655,0.03429787495663248,0.0,0.0,0.0,0.0,0.0,0.0,0.0,0.0,0.0,0.0,0.0,0.0,0.0,0.0,0.0,0.0,0.0,0.0,0.0,0.0,0.0,0.06772009029345374,0.2844243792325057,2.0451467268622965,6.853273137697519,12.785553047404067,6.297968397291198,1.286681715575621,0.3250564334085779,0.05417607223476299,0.8478540353394798,0.033590249322214515,0.0,0.0,0.0,0.0,0.0,0.0,0.0,0.0,0.0,0.0,0.0,0.0,0.0,0.0,0.0,0.0,0.0,0.0,0.0,0.0,0.0,0.04513540621865598,0.2708124373119359,1.459378134403205,7.988966900702108,12.592778335005018,5.8224674022066205,1.3991975927783353,0.3761283851554665,0.04513540621865598,0.3872,0.01038,0.0,0.0,0.0,0.0,0.0,0.0,0.0,0.0,0.0,0.0,0.5959367945823929,25.828442437923215,3.5756207674943576,0.0,0.0,0.0,0.0,0.0,0.0,0.0,0.0,0.0,0.0,0.0,0.0,0.0,0.0,0.0,0.0,0.0,0.3875,0.01036,0.0,0.0,0.0,0.0,0.0,0.0,0.0,0.0,0.0,0.0,0.6318956870611837,26.028084252758237,3.3400200601805423,0.0,0.0,0.0,0.0,0.0,0.0,0.0,0.0,0.0,0.0,0.0,0.0,0.0,0.0,0.0,0.0,0.0
53300,4298,2215,0.5153559795253606,1020,864,0.4383434155421126,1168,0.5435086086551885,0.438,2.930388862217955,3.14239638009146,6.676363636363637,2.224815713419358,8375.261749651001,506.46097771476866,7853.0,8866.4,8866.4,0.0,7853.0,0.0,27.847370870172174,21.1216747793384,32.83703498056635,19.44163191474659,0.1414611447184737,0.10516519311307584,0.09632387156817124,0.08073522568636575,0.08422522103303862,0.07840856212191717,0.06142391810144253,0.06258724988366682,0.05281526291298278,0.05188459748720335,0.04536993950674732,0.04234527687296417,0.030944625407166124,0.02536063285248953,0.020939972080037228,0.013727315030246627,0.006281991624011168,0.8482628167230287,0.033837221664917136,0.0,0.0,0.0,0.0,0.0,0.0,0.0,0.0,0.0,0.0,0.0,0.0,0.0,0.0,0.0,0.0,0.0,0.0,0.0,0.0,0.006979990693345744,0.09771986970684042,0.29315960912052125,1.6053978594695155,7.091670544439276,12.996742671009775,6.323871568171244,1.1865984178687763,0.3210795718939042,0.07677989762680318,4.274336283185841,2.9188820372003064,5.0,3.788527573671675,1.1697722567287785,4.24043321299639,2.908587526751456,4.318452380952381,2.9426186888097523,1.0183988672942361,0.3875,0.01019,0.0,0.0,0.0,0.0,0.0,0.0,0.0,0.0,0.0,0.0,0.6142391810144254,26.174965100046496,3.210795718939042,0.0,0.0,0.0,0.0,0.0,0.0,0.0,0.0,0.0,0.0,0.0,0.0,0.0,0.0,0.0,0.0,0.0,nan,nan,4.278856724074752,2.9256569658671747,nan,0.3875,0.05243,0.0,0.0,0.0,0.0,0.0,0.0,0.0,0.0,0.0,0.0,0.0,0.0,0.0,0.0,0.0,0.0,0.0,0.0,0.0,0.0,0.0,0.0003140995812005584,0.0005118659841786878,0.0006398324802233597,0.0010120986505351326,0.0002908329455560726,0.011993950674732433,0.006375058166589111,0.008992554676593765,0.005467659376454164,0.01963704048394602,0.02304560260586319,0.022975802698929734,0.06521637971149372,0.037633783154955795,0.06575151233131689,0.07287110283852954,0.07482550023266636,0.0681945090739879,0.08822708236389018,0.06871800837598883,0.08946021405304792,0.05938808748255002,0.03908794788273615,0.04107724523033969,0.03773848301535598,0.020963238715681714,0.024034434620753838,0.007864122847836203,0.004548627268496975,0.014530013959981387,0.00039553280595625874,0.009469520707305723,0.0017449976733364355,0.00017449976733364356,0.0037691949744067007,0.0011400651465798045,0.0017915309446254071,4.653327128897162e-05,0.0,0.0,0.0,8.143322475570033e-05,0.0,0.0,0.0,0.0,0.0,0.0,0.0,0.0,0.0,0.0,0.0,0.0,0.0,0.0,0.0,0.0,0.0,0.0,0.0,0.0,0.0,0.0,0.0,0.0,0.0,0.0,0.0,0.0,0.0,0.0,0.0,0.0,0.0,0.0,0.0,0.0,0.0,0.0,nan,nan,4.278856724074752,2.9256569658671747,nan,0.848519889307345,0.03350120925468388,0.0,0.0,0.0,0.0,0.0,0.0,0.0,0.0,0.0,0.0,0.0,0.0,0.0,0.0,0.0,0.0,0.0,0.0,0.0,0.0,0.0,0.09480812641083523,0.29796839729119645,1.5440180586907402,7.002257336343117,13.151241534988717,6.243792325056435,1.3273137697516932,0.2844243792325057,0.05417607223476299,0.8479894534132542,0.03418878418854176,0.0,0.0,0.0,0.0,0.0,0.0,0.0,0.0,0.0,0.0,0.0,0.0,0.0,0.0,0.0,0.0,0.0,0.0,0.0,0.0,0.014402304368698994,0.10081613058089298,0.2880460873739799,1.6706673067690778,7.186749879980798,12.832453192510805,6.4090254440710535,1.0369659145463277,0.36005760921747487,0.10081613058089298,0.3875,0.01021,0.0,0.0,0.0,0.0,0.0,0.0,0.0,0.0,0.0,0.0,0.5553047404063206,26.08577878103834,3.3589164785553054,0.0,0.0,0.0,0.0,0.0,0.0,0.0,0.0,0.0,0.0,0.0,0.0,0.0,0.0,0.0,0.0,0.0,0.3875,0.01017,0.0,0.0,0.0,0.0,0.0,0.0,0.0,0.0,0.0,0.0,0.6769083053288527,26.26980316850692,3.053288526164187,0.0,0.0,0.0,0.0,0.0,0.0,0.0,0.0,0.0,0.0,0.0,0.0,0.0,0.0,0.0,0.0,0.0
53400,4404,2288,0.51952770208901,1107,903,0.4564032697547684,1240,0.5631244323342416,0.418,3.015595463137996,3.1086565328730837,6.632619439868204,2.096939848915093,8379.489373297003,506.3134115392478,7853.0,8866.4,8866.399999999998,1.8189894035458565e-12,7853.0,0.0,28.48455949137148,21.022834510479278,33.43115063325249,19.193691132797035,0.13646684831970934,0.09968210717529519,0.08265213442325159,0.08469573115349682,0.08333333333333333,0.08151680290644868,0.06584922797456857,0.06607629427792916,0.05812897366030881,0.05290644868301544,0.050635785649409626,0.0388283378746594,0.0340599455040872,0.02633969118982743,0.019754768392370572,0.010899182561307902,0.008174386920980926,0.8465086771183724,0.0337404479421485,0.0,0.0,0.0,0.0,0.0,0.0,0.0,0.0,0.0,0.0,0.0,0.0,0.0,0.0,0.0,0.0,0.0,0.0,0.0,0.00681198910081744,0.01362397820163488,0.0681198910081744,0.34059945504087197,1.764305177111711,7.74523160762943,12.861035422343328,5.640326975476841,1.2806539509536787,0.19754768392370578,0.08174386920980928,4.239137990962808,2.900833067585666,4.0,2.393172105652397,0.9435880616595606,4.278943805010155,2.92412225513738,4.194092827004219,2.86872048639747,0.9801701116274102,0.3872,0.01001,0.0,0.0,0.0,0.0,0.0,0.0,0.0,0.0,0.0,0.0,0.5381471389645778,26.580381471389607,2.8814713896457773,0.0,0.0,0.0,0.0,0.0,0.0,0.0,0.0,0.0,0.0,0.0,0.0,0.0,0.0,0.0,0.0,0.0,nan,nan,4.23732321490169,2.8973898179583237,nan,0.3872,0.0521,0.0,0.0,0.0,0.0,0.0,0.0,0.0,0.0,0.0,0.0,0.0,0.0,0.0,0.0,0.0,0.0,0.0,0.0,0.0,0.0,0.0,0.0004427792915531335,0.000692552225249773,0.0010104450499545867,0.0006471389645776567,0.0004314259763851044,0.011194368755676658,0.006516802906448683,0.008662579473206176,0.004938692098092643,0.0200386012715713,0.023490009082652134,0.021741598546775657,0.06804041780199818,0.03764759309718438,0.06538374205267938,0.0712874659400545,0.07901907356948229,0.062091280653950955,0.08887375113533151,0.07233197093551318,0.08856721162579473,0.05945731153496821,0.03841961852861035,0.04430063578564941,0.03776112624886467,0.021957311534968212,0.020481380563124433,0.007538601271571299,0.004541326067211626,0.014906902815622161,0.0002611262488646685,0.009321071752951863,0.001396457765667575,0.0004200726612170754,0.003576294277929155,0.0008628519527702088,0.0015667574931880108,4.541326067211626e-05,0.0,0.0,0.0,0.00013623978201634878,0.0,0.0,0.0,0.0,0.0,0.0,0.0,0.0,0.0,0.0,0.0,0.0,0.0,0.0,0.0,0.0,0.0,0.0,0.0,0.0,0.0,0.0,0.0,0.0,0.0,0.0,0.0,0.0,0.0,0.0,0.0,0.0,0.0,0.0,0.0,0.0,0.0,0.0,nan,nan,4.23732321490169,2.8973898179583237,nan,0.846982587910407,0.03353571383918859,0.0,0.0,0.0,0.0,0.0,0.0,0.0,0.0,0.0,0.0,0.0,0.0,0.0,0.0,0.0,0.0,0.0,0.0,0.0,0.013111888111888115,0.02622377622377623,0.05244755244755246,0.3015734265734266,1.7963286713286657,7.57867132867133,12.810314685314689,5.965909090909093,1.1931818181818183,0.18356643356643362,0.07867132867132869,0.8459962442770798,0.03395299280512324,0.0,0.0,0.0,0.0,0.0,0.0,0.0,0.0,0.0,0.0,0.0,0.0,0.0,0.0,0.0,0.0,0.0,0.0,0.0,0.0,0.0,0.08506616257088848,0.3827977315689982,1.7296786389413934,7.925330812854444,12.915879017013236,5.2882797731569005,1.3752362948960304,0.21266540642722123,0.08506616257088848,0.3872,0.00995,0.0,0.0,0.0,0.0,0.0,0.0,0.0,0.0,0.0,0.0,0.4851398601398602,26.774475524475488,2.7403846153846163,0.0,0.0,0.0,0.0,0.0,0.0,0.0,0.0,0.0,0.0,0.0,0.0,0.0,0.0,0.0,0.0,0.0,0.3872,0.010086,0.0,0.0,0.0,0.0,0.0,0.0,0.0,0.0,0.0,0.0,0.5954631379962194,26.370510396975387,3.034026465028356,0.0,0.0,0.0,0.0,0.0,0.0,0.0,0.0,0.0,0.0,0.0,0.0,0.0,0.0,0.0,0.0,0.0
53500,4231,2200,0.5199716379106594,1062,840,0.44953911604821556,1158,0.5473883242732215,0.446,3.1418020679468244,3.270743820984273,6.895595432300163,2.1642649075368405,8379.939257858663,506.2956275155163,7853.0,8866.4,8866.4,0.0,7853.0,0.0,28.46986528007563,21.01770144442307,33.19983277591973,19.315990856259592,0.1323564169227133,0.09808555896951075,0.0935948948239187,0.08555896951075397,0.08508626802174427,0.07539588749704562,0.06570550697234696,0.05790593240368707,0.0638147010163082,0.04727014890096904,0.0491609548570078,0.04845190262349326,0.03167099976364925,0.025053178917513592,0.025053178917513592,0.010163082013708344,0.0056724178681162845,0.8474494230519004,0.03457575302554296,0.0,0.0,0.0,0.0,0.0,0.0,0.0,0.0,0.0,0.0,0.0,0.0,0.0,0.0,0.0,0.0,0.0,0.0,0.0,0.0,0.0,0.049633656346017505,0.34743559442212246,1.8151737177972054,7.558496809264951,12.628220278893881,5.778775703143466,1.3401087213424725,0.39706925076814004,0.08508626802174428,4.311886586695747,3.053884268777475,3.1666666666666665,3.1841621957571333,0.7344039790929016,4.293323863636363,3.0697221479422026,4.324224519940916,3.039215069570324,1.0071973737099769,0.3877,0.01001,0.0,0.0,0.0,0.0,0.0,0.0,0.0,0.0,0.0,0.0,0.46088395178444824,26.305837863389232,3.233278184826283,0.0,0.0,0.0,0.0,0.0,0.0,0.0,0.0,0.0,0.0,0.0,0.0,0.0,0.0,0.0,0.0,0.0,nan,nan,4.306912775968151,3.055390326818206,nan,0.3877,0.0523,0.0,0.0,0.0,0.0,0.0,0.0,0.0,0.0,0.0,0.0,0.0,0.0,0.0,0.0,0.0,0.0,8.272276057669582e-05,0.0,0.0,0.0,0.0,0.0006263294729378397,0.0008035925313164737,0.0008508626802174427,0.00020089813282911842,0.0001772630583786339,0.01166390924131411,0.006688726069487119,0.009064051051760813,0.004727014890096904,0.018967147246513827,0.02190971401559915,0.022240605057905934,0.06616639092413142,0.03867879933821792,0.06349562751122666,0.0719215315528244,0.07741668636256205,0.06229023871425195,0.08662254786102576,0.0730678326636729,0.09000236350744505,0.06233750886315292,0.039281493736705274,0.04387851571732451,0.035759867643583076,0.02346962892933113,0.021519735287166154,0.007196880170172536,0.0048688253367998105,0.015705506972346964,0.00020089813282911842,0.010281257385960765,0.001370834318128102,0.0006617820846135666,0.0033561805719688016,0.000685417159064051,0.001630820137083432,2.3635074450484518e-05,0.0,0.0,0.0,0.00010635783502718033,0.0,0.0,0.0,0.0,0.0,0.0,0.0,0.0,0.0,0.0,0.0,0.0,0.0,0.0,0.0,0.0,0.0,0.0,0.0,0.0,0.0,0.0,0.0,0.0,0.0,0.0,0.0,0.0,0.0,0.0,0.0,0.0,0.0,0.0,0.0,0.0,0.0,0.0,nan,nan,4.306912775968151,3.055390326818206,nan,0.8473280451514504,0.03402400066332796,0.0,0.0,0.0,0.0,0.0,0.0,0.0,0.0,0.0,0.0,0.0,0.0,0.0,0.0,0.0,0.0,0.0,0.0,0.0,0.0,0.0,0.01363636363636364,0.28636363636363643,1.9499999999999937,7.5136363636363654,12.695454545454549,5.904545454545456,1.2000000000000002,0.34090909090909094,0.09545454545454549,0.8475809008367304,0.035163177366258166,0.0,0.0,0.0,0.0,0.0,0.0,0.0,0.0,0.0,0.0,0.0,0.0,0.0,0.0,0.0,0.0,0.0,0.0,0.0,0.0,0.0,0.08862629246676515,0.4135893648449041,1.6691285081240717,7.607090103397343,12.555391432791732,5.6425406203840485,1.4918759231905467,0.45790251107828667,0.0738552437223043,0.3877,0.01004,0.0,0.0,0.0,0.0,0.0,0.0,0.0,0.0,0.0,0.0,0.5045454545454546,26.34545454545451,3.150000000000001,0.0,0.0,0.0,0.0,0.0,0.0,0.0,0.0,0.0,0.0,0.0,0.0,0.0,0.0,0.0,0.0,0.0,0.3877,0.00998,0.0,0.0,0.0,0.0,0.0,0.0,0.0,0.0,0.0,0.0,0.4135893648449041,26.262924667651365,3.323485967503694,0.0,0.0,0.0,0.0,0.0,0.0,0.0,0.0,0.0,0.0,0.0,0.0,0.0,0.0,0.0,0.0,0.0
53600,4389,2250,0.5126452494873548,1072,908,0.45112781954887216,1238,0.5641376167691957,0.418,2.9350163627863486,3.0979013296369056,6.581314878892734,2.1965206052672013,8372.514695830485,506.5379290544509,7853.0,8866.4,8866.4,0.0,7853.0,0.0,27.83481430849852,20.928053475585806,32.87472766884532,19.16809013418047,0.14376851218956482,0.09501025290498975,0.09501025290498975,0.09136477557530188,0.08088402825244931,0.07473228525860105,0.06516290726817042,0.06516290726817042,0.056049213943950786,0.05172020961494646,0.046707678286625656,0.040100250626566414,0.032809295967190705,0.026201868307131466,0.015265436318067897,0.009797220323536113,0.010252904989747095,0.8467543909831644,0.03396277420967774,0.0,0.0,0.0,0.0,0.0,0.0,0.0,0.0,0.0,0.0,0.0,0.0,0.0,0.0,0.0,0.0,0.0,0.0,0.0,0.0,0.006835269993164732,0.06835269993164732,0.48530416951469596,1.736158578263836,7.4231032125768985,12.570061517429941,6.131237183868764,1.346548188653452,0.16404647983595355,0.06835269993164732,4.218660968660969,2.822360739579016,2.8666666666666667,2.8015868519267597,0.6795205132534188,4.28954802259887,2.827338953579548,4.132906894100924,2.818376393338829,0.9634830691549076,0.388,0.00986,0.0,0.0,0.0,0.0,0.0,0.0,0.0,0.0,0.0,0.0,0.4101161995898839,26.20642515379354,3.383458646616542,0.0,0.0,0.0,0.0,0.0,0.0,0.0,0.0,0.0,0.0,0.0,0.0,0.0,0.0,0.0,0.0,0.0,nan,nan,4.211477151965994,2.823961797526962,nan,0.388,0.0524,0.0,0.0,0.0,0.0,0.0,0.0,0.0,0.0,0.0,0.0,0.0,0.0,0.0,0.0,0.0,0.0,0.00014809751651856916,0.0,0.0,0.0,0.0,0.0007177033492822966,0.0007974481658692185,0.0010594668489405331,0.00014809751651856916,0.0001594896331738437,0.011790840738209159,0.006504898610161768,0.009250398724082934,0.0053884711779448626,0.01990202779676464,0.020676691729323307,0.023182957393483708,0.06473000683527,0.03831168831168831,0.062064251537935745,0.07199817726133516,0.07202096149464571,0.06438824333561176,0.08700159489633173,0.0746183640920483,0.08754841649578492,0.06504898610161768,0.04076099339257234,0.04348370927318296,0.03799270904534063,0.023217133743449532,0.0215311004784689,0.006926406926406926,0.004568238778765095,0.016359079516974254,0.0001822738664843928,0.010401002506265664,0.0013556618819776714,0.0005126452494873548,0.0029277739804055595,0.0005240373661426293,0.0017543859649122807,0.0,0.0,0.0,2.27842333105491e-05,2.27842333105491e-05,0.0,0.0,0.0,0.0,0.0,0.0,0.0,0.0,0.0,0.0,0.0,0.0,0.0,0.0,0.0,0.0,0.0,0.0,0.0,0.0,0.0,0.0,0.0,0.0,0.0,0.0,0.0,0.0,0.0,0.0,0.0,0.0,0.0,0.0,0.0,0.0,0.0,0.0,nan,nan,4.211477151965994,2.823961797526962,nan,0.8464122731685638,0.03367316676220878,0.0,0.0,0.0,0.0,0.0,0.0,0.0,0.0,0.0,0.0,0.0,0.0,0.0,0.0,0.0,0.0,0.0,0.0,0.0,0.0,0.0,0.08000000000000002,0.4533333333333334,1.8133333333333277,7.466666666666669,12.54666666666667,6.213333333333335,1.2000000000000002,0.1733333333333334,0.053333333333333344,0.847114262457148,0.03426108229124241,0.0,0.0,0.0,0.0,0.0,0.0,0.0,0.0,0.0,0.0,0.0,0.0,0.0,0.0,0.0,0.0,0.0,0.0,0.0,0.0,0.014025245441795234,0.05610098176718094,0.5189340813464237,1.6549789621318323,7.377279102384294,12.59467040673212,6.0448807854137465,1.50070126227209,0.15427769985974757,0.0841514726507714,0.388,0.009705,0.0,0.0,0.0,0.0,0.0,0.0,0.0,0.0,0.0,0.0,0.38666666666666677,26.266666666666627,3.3466666666666676,0.0,0.0,0.0,0.0,0.0,0.0,0.0,0.0,0.0,0.0,0.0,0.0,0.0,0.0,0.0,0.0,0.0,0.388,0.01,0.0,0.0,0.0,0.0,0.0,0.0,0.0,0.0,0.0,0.0,0.4347826086956523,26.143057503506274,3.4221598877980375,0.0,0.0,0.0,0.0,0.0,0.0,0.0,0.0,0.0,0.0,0.0,0.0,0.0,0.0,0.0,0.0,0.0
53700,4427,2264,0.5114072735486785,1034,902,0.437316467133499,1250,0.56471651231082,0.422,3.0693481276005548,3.1214881538192034,6.621451104100946,2.1332386276649578,8371.26013101423,506.5681132591487,7853.0,8866.4,8866.4,0.0,7853.0,0.0,28.261802575107296,21.132952112009285,33.39810810810811,19.314443459506535,0.13892026202846172,0.10458549807996385,0.09148407499435283,0.08109329116783374,0.07612378585949853,0.07567201264964987,0.06844364129207138,0.06573300203297945,0.05240569234244409,0.053535125367065735,0.053535125367065735,0.04178902191100068,0.03139823808448159,0.028235825615541,0.018522701603794895,0.0112943302462164,0.007228371357578495,0.8456652235548572,0.03460120709581694,0.0,0.0,0.0,0.0,0.0,0.0,0.0,0.0,0.0,0.0,0.0,0.0,0.0,0.0,0.0,0.0,0.0,0.0,0.0,0.0,0.0,0.07454257962502825,0.4946916647842784,1.8838942850688896,7.467811158798285,12.902642873277617,5.536480686695279,1.226564264739101,0.33882990738649205,0.07454257962502825,4.353606789250354,2.8791299719876267,4.470588235294118,2.8100166852932205,1.0268700072621642,4.338995046001416,2.9159761236489845,4.369413407821229,2.8414308481552326,1.0070104624451797,0.3877,0.00981,0.0,0.0,0.0,0.0,0.0,0.0,0.0,0.0,0.0,0.0,0.43370228145470985,26.32708380393039,3.239213914614864,0.0,0.0,0.0,0.0,0.0,0.0,0.0,0.0,0.0,0.0,0.0,0.0,0.0,0.0,0.0,0.0,0.0,nan,nan,4.354305799648506,2.8787360384193454,nan,0.3877,0.05188,0.0,0.0,0.0,0.0,0.0,0.0,0.0,0.0,0.0,0.0,0.0,0.0,0.0,0.0,0.0,0.0,0.00016941495369324599,0.0,0.0,0.0,0.0,0.0007793087869889315,0.0003727128981251412,0.0008244861079737971,0.00045177320984865596,0.0002484752654167608,0.0112943302462164,0.005477750169414953,0.009622769369776372,0.005624576462615767,0.01966342895866275,0.021357578495595213,0.02368421052631579,0.06534899480460808,0.039112265642647394,0.06152021685114073,0.06907612378585949,0.07288231307883443,0.06757397786311271,0.08744070476620737,0.07259995482267902,0.08782471199457872,0.06632030720578269,0.043042692568330695,0.043347639484978544,0.037056697537836004,0.023255025976959567,0.02116557488140953,0.005590693471877118,0.004845267675626835,0.014818161283035916,0.00015812062344702958,0.01025525186356449,0.0019990964535803028,0.0003840072283713576,0.003478653715834651,0.00028235825615541,0.0009148407499435284,0.0,0.0,3.38829907386492e-05,0.0001016489722159476,0.0,0.0,0.0,0.0,0.0,0.0,0.0,0.0,0.0,0.0,0.0,0.0,0.0,0.0,0.0,0.0,0.0,0.0,0.0,0.0,0.0,0.0,0.0,0.0,0.0,0.0,0.0,0.0,0.0,0.0,0.0,0.0,0.0,0.0,0.0,0.0,0.0,0.0,0.0,nan,nan,4.354305799648506,2.8787360384193454,nan,0.846488388209166,0.0343698847843499,0.0,0.0,0.0,0.0,0.0,0.0,0.0,0.0,0.0,0.0,0.0,0.0,0.0,0.0,0.0,0.0,0.0,0.0,0.0,0.0,0.0,0.03975265017667845,0.39752650176678456,1.9876325088339162,7.340989399293288,12.893109540636045,5.658127208480567,1.2058303886925796,0.3842756183745584,0.09275618374558306,0.844803621716043,0.03482084828552005,0.0,0.0,0.0,0.0,0.0,0.0,0.0,0.0,0.0,0.0,0.0,0.0,0.0,0.0,0.0,0.0,0.0,0.0,0.0,0.0,0.0,0.11095700416088768,0.5963938973647712,1.775312066574197,7.600554785020806,12.912621359223305,5.409153952843274,1.2482662968099862,0.29126213592233013,0.05547850208044384,0.3877,0.00995,0.0,0.0,0.0,0.0,0.0,0.0,0.0,0.0,0.0,0.0,0.47703180212014146,26.276501766784413,3.2464664310954072,0.0,0.0,0.0,0.0,0.0,0.0,0.0,0.0,0.0,0.0,0.0,0.0,0.0,0.0,0.0,0.0,0.0,0.388,0.00966,0.0,0.0,0.0,0.0,0.0,0.0,0.0,0.0,0.0,0.0,0.3883495145631069,26.380027739251002,3.2316227461858538,0.0,0.0,0.0,0.0,0.0,0.0,0.0,0.0,0.0,0.0,0.0,0.0,0.0,0.0,0.0,0.0,0.0
53800,4578,2375,0.518785495849716,1121,926,0.4471384884228921,1279,0.5587592835299258,0.418,2.9541534271448024,3.0873476664151283,6.5007874015748035,2.151999475418961,8378.737221494102,506.3422500619361,7853.0,8866.4,8866.399999999998,1.8189894035458565e-12,7853.0,0.0,28.07667103538663,21.05008739220425,33.294364351245086,19.176960488742118,0.14591524683267804,0.09349060725207514,0.09283529925731761,0.08628221930974224,0.07579729139362167,0.07339449541284404,0.0709916994320664,0.06662297946701616,0.059414591524683265,0.051332459589340323,0.04259501965923984,0.04259501965923984,0.03604193971166448,0.027304499781564,0.01725644386194845,0.010484927916120577,0.00764525993883792,0.8452689344052823,0.03432008842160196,0.0,0.0,0.0,0.0,0.0,0.0,0.0,0.0,0.0,0.0,0.0,0.0,0.0,0.0,0.0,0.0,0.0,0.0,0.0,0.0,0.006553079947575362,0.07208387942332897,0.4128440366972478,1.9200524246395747,7.916120576671037,12.752293577981655,5.3800786369593725,1.179554390563565,0.22935779816513766,0.13106159895150724,4.264945652173913,2.9131065327171535,3.15,2.5743931323712004,0.73857916533928,4.361774744027303,2.930859625982105,4.155436957971982,2.890575330798992,0.9526940756539833,0.3882,0.009926,0.0,0.0,0.0,0.0,0.0,0.0,0.0,0.0,0.0,0.0,0.34076015727391884,26.068152031454744,3.5910878112712985,0.0,0.0,0.0,0.0,0.0,0.0,0.0,0.0,0.0,0.0,0.0,0.0,0.0,0.0,0.0,0.0,0.0,nan,nan,4.257422402159245,2.9123837866774447,nan,0.3882,0.0519,0.0,0.0,0.0,0.0,0.0,0.0,0.0,0.0,0.0,0.0,0.0,0.0,0.0,0.0,0.0,0.0,0.00014198339886413282,0.0,0.0,0.0,1.0921799912625601e-05,0.0008955875928352993,0.00045871559633027525,0.0008519003931847968,0.0007536041939711664,8.737439930100481e-05,0.01174093490607252,0.00464176496286588,0.009862385321100918,0.0063564875491480995,0.018468763652249892,0.020893403232852773,0.02323066841415465,0.061730013106159894,0.04067278287461774,0.06199213630406291,0.07108999563128003,0.07208387942332896,0.06926605504587156,0.08553953691568371,0.06988859764089123,0.08998470948012233,0.06778069025775448,0.043283093053735254,0.04245303626037571,0.03642420270860638,0.02396242900830057,0.02261904761904762,0.005078636959370904,0.004630843162953255,0.014930100480559197,0.00017474879860200962,0.011402359108781127,0.0017693315858453473,0.0003713411970292704,0.003287461773700306,0.00028396679772826563,0.0008519003931847968,0.0,0.0,0.0,5.4608999563128004e-05,0.0,0.0,0.0,0.0,0.0,0.0,0.0,0.0,0.0,0.0,0.0,0.0,0.0,0.0,0.0,0.0,0.0,0.0,0.0,0.0,0.0,0.0,0.0,0.0,0.0,0.0,0.0,0.0,0.0,0.0,0.0,0.0,0.0,0.0,0.0,0.0,0.0,0.0,0.0,nan,nan,4.257422402159245,2.9123837866774447,nan,0.8462717029922887,0.03505270807332826,0.0,0.0,0.0,0.0,0.0,0.0,0.0,0.0,0.0,0.0,0.0,0.0,0.0,0.0,0.0,0.0,0.0,0.0,0.0,0.0,0.012631578947368424,0.037894736842105266,0.4294736842105264,1.8947368421052575,7.8694736842105275,12.618947368421056,5.393684210526318,1.2631578947368423,0.3031578947368421,0.17684210526315794,0.8441878743080783,0.033478706058876616,0.0,0.0,0.0,0.0,0.0,0.0,0.0,0.0,0.0,0.0,0.0,0.0,0.0,0.0,0.0,0.0,0.0,0.0,0.0,0.0,0.0,0.10894235133908309,0.3949160236041762,1.9473445301861037,7.966409441670451,12.896050839763962,5.365410803449842,1.089423513390831,0.14979573309123925,0.08170676350431232,0.388,0.009895,0.0,0.0,0.0,0.0,0.0,0.0,0.0,0.0,0.0,0.0,0.3663157894736843,26.134736842105227,3.4989473684210535,0.0,0.0,0.0,0.0,0.0,0.0,0.0,0.0,0.0,0.0,0.0,0.0,0.0,0.0,0.0,0.0,0.0,0.3882,0.009964,0.0,0.0,0.0,0.0,0.0,0.0,0.0,0.0,0.0,0.0,0.3132092600998639,25.99636858828866,3.6904221516114397,0.0,0.0,0.0,0.0,0.0,0.0,0.0,0.0,0.0,0.0,0.0,0.0,0.0,0.0,0.0,0.0,0.0
53900,4865,2462,0.5060637204522097,1186,1025,0.45447070914696813,1375,0.5652620760534429,0.39399999999999996,2.841032043279234,3.02254493397114,6.443759630200308,2.0689937955174105,8365.844974306268,506.6627372234661,7853.0,8866.4,8866.4,0.0,7853.0,0.0,27.947790339157244,20.80134956264046,32.928991185112636,18.982216324562277,0.14429599177800617,0.09003083247687564,0.09290853031860226,0.09229188078108941,0.07934224049331963,0.07214799588900309,0.0723535457348407,0.06659815005138746,0.06125385405960945,0.04809866392600205,0.04563206577595067,0.04295991778006167,0.034121274409044194,0.024254881808838644,0.015416238437821172,0.010894141829393628,0.0073997944501541625,0.8440684003673133,0.034285679069344384,0.0,0.0,0.0,0.0,0.0,0.0,0.0,0.0,0.0,0.0,0.0,0.0,0.0,0.0,0.0,0.0,0.0,0.0,0.0,0.0,0.00616649537512847,0.09249743062692706,0.3514902363823228,1.9547790339157185,8.614594039054472,12.369989722507711,5.179856115107915,1.0976361767728675,0.19116135662898256,0.1418293936279548,4.211000321646832,2.8429223900742953,3.769230769230769,2.9522832403685366,0.8950915415168393,4.211032713277742,2.824066170488806,4.204444444444444,2.864580513226125,0.9984354743166625,0.3884,0.00979,0.0,0.0,0.0,0.0,0.0,0.0,0.0,0.0,0.0,0.0,0.32065775950668046,26.071942446043128,3.607399794450155,0.0,0.0,0.0,0.0,0.0,0.0,0.0,0.0,0.0,0.0,0.0,0.0,0.0,0.0,0.0,0.0,0.0,nan,nan,4.2073365231259965,2.844128861786323,nan,0.3882,0.0519,0.0,0.0,0.0,0.0,0.0,0.0,0.0,0.0,0.0,0.0,0.0,0.0,0.0,0.0,0.0,0.0,0.00011305241521068859,0.0,0.0,0.0,0.0,0.0006474820143884892,0.0002774922918807811,0.0009558067831449127,0.0006680369989722507,0.0,0.01210688591983556,0.004357656731757451,0.008705035971223022,0.006628982528263104,0.019023638232271326,0.021264131551901336,0.0244912641315519,0.06269270298047276,0.03952723535457348,0.0618191161356629,0.07062692702980473,0.0709660842754368,0.06899280575539568,0.08281603288797533,0.07022610483042138,0.08780061664953752,0.07102774922918807,0.04458376156217883,0.04385405960945529,0.03567317574511819,0.023617677286742036,0.022949640287769784,0.005508735868448099,0.004676258992805755,0.014583761562178828,9.249743062692703e-05,0.012343268242548819,0.0019218910585817061,0.00034943473792394653,0.0031346351490236382,0.00030832476875642344,0.0006474820143884892,0.0,0.0,0.0,2.0554984583761563e-05,0.0,0.0,0.0,0.0,0.0,0.0,0.0,0.0,0.0,0.0,0.0,0.0,0.0,0.0,0.0,0.0,0.0,0.0,0.0,0.0,0.0,0.0,0.0,0.0,0.0,0.0,0.0,0.0,0.0,0.0,0.0,0.0,0.0,0.0,0.0,0.0,0.0,0.0,0.0,nan,nan,4.2073365231259965,2.844128861786323,nan,0.844421882972206,0.03413243700306819,0.0,0.0,0.0,0.0,0.0,0.0,0.0,0.0,0.0,0.0,0.0,0.0,0.0,0.0,0.0,0.0,0.0,0.0,0.0,0.0,0.0,0.12185215272136476,0.3168155970755484,1.8034118602761926,8.602761982128353,12.6604386677498,4.971567831031682,1.1575954508529653,0.20714865962632012,0.1584077985377742,0.8437062388303822,0.03443821375948547,0.0,0.0,0.0,0.0,0.0,0.0,0.0,0.0,0.0,0.0,0.0,0.0,0.0,0.0,0.0,0.0,0.0,0.0,0.0,0.0,0.01248439450686642,0.0624219725343321,0.38701622971285904,2.109862671660418,8.626716604244695,12.072409488139828,5.393258426966294,1.0362047440699127,0.17478152309612988,0.1248439450686642,0.3884,0.00974,0.0,0.0,0.0,0.0,0.0,0.0,0.0,0.0,0.0,0.0,0.24370430544272953,26.198212835093383,3.5580828594638514,0.0,0.0,0.0,0.0,0.0,0.0,0.0,0.0,0.0,0.0,0.0,0.0,0.0,0.0,0.0,0.0,0.0,0.3882,0.00983,0.0,0.0,0.0,0.0,0.0,0.0,0.0,0.0,0.0,0.0,0.39950062421972543,25.942571785268377,3.657927590511861,0.0,0.0,0.0,0.0,0.0,0.0,0.0,0.0,0.0,0.0,0.0,0.0,0.0,0.0,0.0,0.0,0.0
54000,5002,2621,0.5239904038384646,1207,1038,0.4488204718112755,1413,0.5649740103958416,0.39399999999999996,3.020579588408232,3.125405751074312,6.5479651162790695,2.2614107139986266,8384.011875249902,506.1164122233472,7853.0,8866.4,8866.399999999998,1.8189894035458565e-12,7853.0,0.0,28.192722910835666,21.09688156240461,33.10018993352327,19.377269311381948,0.13754498200719711,0.09956017592962815,0.09136345461815273,0.08416633346661336,0.08656537385045981,0.07576969212315074,0.06857257097161136,0.061375449820071974,0.05737704918032787,0.055777688924430226,0.0429828068772491,0.03998400639744103,0.03198720511795282,0.02459016393442623,0.018992403038784487,0.014994002399040383,0.008396641343462616,0.8431956420679753,0.03453263857015961,0.0,0.0,0.0,0.0,0.0,0.0,0.0,0.0,0.0,0.0,0.0,0.0,0.0,0.0,0.0,0.0,0.0,0.0,0.0,0.005997600959616155,0.02399040383846462,0.05397840863654539,0.48580567772890854,2.2730907636945155,8.222710915633748,12.469012395041986,5.103958416633348,1.0195921631347462,0.2399040383846462,0.10195921631347463,4.249612403100775,2.905011014962846,5.421052631578948,2.759019457280244,1.275658134756812,4.272280270436386,2.903316019512158,4.240568954854669,2.9077146311755246,0.9925774262046535,0.3887,0.00975,0.0,0.0,0.0,0.0,0.0,0.0,0.0,0.0,0.0,0.0,0.2638944422231108,26.095561775289845,3.640543782487006,0.0,0.0,0.0,0.0,0.0,0.0,0.0,0.0,0.0,0.0,0.0,0.0,0.0,0.0,0.0,0.0,0.0,nan,nan,4.256473489519112,2.905552640328749,nan,0.3887,0.05212,0.0,0.0,0.0,0.0,0.0,0.0,0.0,0.0,0.0,0.0,0.0,0.0,0.0,0.0,0.0,0.0,0.00019992003198720512,0.0,0.0,0.0,0.0,0.0006697321071571371,0.00041983206717313075,0.0007996801279488205,0.0007896841263494602,2.9988004798080768e-05,0.012155137944822071,0.004778088764494202,0.008026789284286285,0.007067173130747701,0.01903238704518193,0.02148140743702519,0.024580167932826868,0.0610655737704918,0.039634146341463415,0.06260495801679328,0.06781287485005998,0.07127149140343862,0.06804278288684526,0.08379648140743702,0.07253098760495802,0.08274690123950419,0.07278088764494202,0.045021991203518595,0.043102758896441426,0.03630547780887645,0.024450219912035186,0.02385045981607357,0.006747301079568173,0.0044482207117153135,0.014774090363854459,0.00018992403038784486,0.012794882047181128,0.0020491803278688526,0.0003198720511795282,0.0028388644542183127,0.0003398640543782487,0.0004498200719712115,0.0,0.0,0.0,0.0,0.0,0.0,0.0,0.0,0.0,0.0,0.0,0.0,0.0,0.0,0.0,0.0,0.0,0.0,0.0,0.0,0.0,0.0,0.0,0.0,0.0,0.0,0.0,0.0,0.0,0.0,0.0,0.0,0.0,0.0,0.0,0.0,0.0,0.0,0.0,0.0,0.0,0.0,0.0,nan,nan,4.256473489519112,2.905552640328749,nan,0.8428986438218531,0.03455644445601979,0.0,0.0,0.0,0.0,0.0,0.0,0.0,0.0,0.0,0.0,0.0,0.0,0.0,0.0,0.0,0.0,0.0,0.0,0.0,0.011446012972148038,0.03433803891644411,0.08012209080503627,0.48073254483021755,2.140404425791676,8.412819534528808,12.384586035864176,5.207935902327358,0.938573063716139,0.2174742464708127,0.0915681037771843,0.8435225771385699,0.034503458217422144,0.0,0.0,0.0,0.0,0.0,0.0,0.0,0.0,0.0,0.0,0.0,0.0,0.0,0.0,0.0,0.0,0.0,0.0,0.0,0.0,0.012599748005039902,0.025199496010079803,0.4913901721965562,2.419151616967653,8.013439731205377,12.561948761024782,4.989500209995801,1.1087778244435114,0.2645947081058379,0.11339773204535912,0.3887,0.00998,0.0,0.0,0.0,0.0,0.0,0.0,0.0,0.0,0.0,0.0,0.37771842808088524,25.62762304463941,3.994658527279665,0.0,0.0,0.0,0.0,0.0,0.0,0.0,0.0,0.0,0.0,0.0,0.0,0.0,0.0,0.0,0.0,0.0,0.3884,0.00948,0.0,0.0,0.0,0.0,0.0,0.0,0.0,0.0,0.0,0.0,0.13859722805543892,26.61066778664423,3.2507349853002947,0.0,0.0,0.0,0.0,0.0,0.0,0.0,0.0,0.0,0.0,0.0,0.0,0.0,0.0,0.0,0.0,0.0
54100,4751,2474,0.5207324773731846,1131,981,0.44453799200168387,1344,0.5657756261839613,0.414,2.9982433025911286,3.0786779278741436,6.529133858267716,2.196708713293217,8380.710292569986,506.2642171891309,7853.0,8866.4,8866.4,0.0,7853.0,0.0,27.819827404756893,20.899926795733823,32.738847117794485,19.19484500748414,0.13786571248158283,0.10208377183750789,0.09640075773521364,0.08314039149652705,0.08250894548516102,0.07872026941696485,0.07051147126920648,0.05935592506840665,0.05577773100399916,0.052199536939591666,0.04609555882972006,0.04230688276152389,0.03304567459482214,0.02420543043569775,0.018311934329614817,0.009261208166701748,0.008208798147758366,0.8440973610156361,0.03388465211157467,0.0,0.0,0.0,0.0,0.0,0.0,0.0,0.0,0.0,0.0,0.0,0.0,0.0,0.0,0.0,0.0,0.0,0.0,0.0,0.0,0.0063144601136602835,0.0757735213639234,0.5367291096611241,1.8375078930751363,8.25931382866765,12.597347926752265,5.234687434224376,1.1934329614817936,0.20206272363712907,0.05683014102294255,4.312375909993382,2.854346201365371,4.181818181818182,3.3795691446256555,0.96972487303979,4.271164021164021,2.81422392801504,4.351174934725848,2.9010068348905893,1.0187328122182537,0.3887,0.00994,0.0,0.0,0.0,0.0,0.0,0.0,0.0,0.0,0.0,0.0,0.3851820669332773,25.750368343506594,3.864449589560093,0.0,0.0,0.0,0.0,0.0,0.0,0.0,0.0,0.0,0.0,0.0,0.0,0.0,0.0,0.0,0.0,0.0,nan,nan,4.311432325886991,2.8585097931502443,nan,0.3887,0.05243,0.0,0.0,0.0,0.0,0.0,0.0,0.0,0.0,0.0,0.0,0.0,0.0,0.0,0.0,0.0,0.0,0.0002525784045464113,0.0,0.0,0.0,0.0,0.0007577352136392338,0.0006314460113660282,0.0007787834140181015,0.0007051147126920648,1.0524100189433804e-05,0.011471269206482846,0.005083140391496527,0.008682382656282888,0.007724689539044411,0.01842769943169859,0.021290254683224583,0.023647653125657756,0.0634813723426647,0.03911808040412545,0.06409177015365186,0.06596505998737108,0.069553778151968,0.06685960850347296,0.08531888023573984,0.07144811618606609,0.08210902967796253,0.07223742370027363,0.04326457587876237,0.044748474005472536,0.037423700273626605,0.02493159334876868,0.024279099137023783,0.007009050726162913,0.00417806777520522,0.014660071563881287,0.0002841507051147127,0.013491896442854137,0.002410018943380341,0.00023153020416754368,0.002999368553988634,7.366870132603662e-05,0.0003683435066301831,0.0,0.0,0.0,0.0,0.0,0.0,0.0,0.0,0.0,0.0,0.0,0.0,0.0,0.0,0.0,0.0,0.0,0.0,0.0,0.0,0.0,0.0,0.0,0.0,0.0,0.0,0.0,0.0,0.0,0.0,0.0,0.0,0.0,0.0,0.0,0.0,0.0,0.0,0.0,0.0,0.0,0.0,0.0,nan,nan,4.311432325886991,2.8585097931502443,nan,0.8441138606497426,0.03361398307940602,0.0,0.0,0.0,0.0,0.0,0.0,0.0,0.0,0.0,0.0,0.0,0.0,0.0,0.0,0.0,0.0,0.0,0.0,0.0,0.0,0.012126111560226357,0.08488278092158451,0.5214227970897333,1.758286176232816,8.294260307194827,12.683912691996769,5.335489086499598,1.054971705739693,0.18189167340339535,0.07275666936135813,0.8440794338769539,0.034176299910893757,0.0,0.0,0.0,0.0,0.0,0.0,0.0,0.0,0.0,0.0,0.0,0.0,0.0,0.0,0.0,0.0,0.0,0.0,0.0,0.0,0.0,0.06587615283267459,0.5533596837944665,1.9235836627140914,8.221343873517789,12.503293807641636,5.125164690382083,1.3438735177865615,0.2239789196310936,0.03952569169960475,0.3892,0.00974,0.0,0.0,0.0,0.0,0.0,0.0,0.0,0.0,0.0,0.0,0.3031527890056589,25.828617623282096,3.8682295877122077,0.0,0.0,0.0,0.0,0.0,0.0,0.0,0.0,0.0,0.0,0.0,0.0,0.0,0.0,0.0,0.0,0.0,0.3882,0.01015,0.0,0.0,0.0,0.0,0.0,0.0,0.0,0.0,0.0,0.0,0.474308300395257,25.665349143609976,3.860342555994731,0.0,0.0,0.0,0.0,0.0,0.0,0.0,0.0,0.0,0.0,0.0,0.0,0.0,0.0,0.0,0.0,0.0
54200,4734,2401,0.5071820870299958,1158,978,0.4512040557667934,1339,0.565694972539079,0.43,2.959279897128161,3.1141403913911967,6.577743902439025,2.212090895405519,8366.978326996197,506.64772372540693,7853.0,8866.4,8866.4,0.0,7853.0,0.0,27.982889733840302,20.969064133314273,33.00932459677419,19.17915229643791,0.14152936206168146,0.09547950992817913,0.0942120828052387,0.08871989860583017,0.08280523869877482,0.0739332488381918,0.07118715673848754,0.05576679340937896,0.06125897760878749,0.04985213350232361,0.05090832277144064,0.03950147866497676,0.03189691592733418,0.024714828897338403,0.02006759611322349,0.011618081960287284,0.00654837346852556,0.843474269643533,0.03389880342802676,0.0,0.0,0.0,0.0,0.0,0.0,0.0,0.0,0.0,0.0,0.0,0.0,0.0,0.0,0.0,0.0,0.0,0.0,0.0,0.0,0.012674271229404312,0.08238276299112804,0.41191381495564017,2.154626108998726,8.060836501901143,12.66793409378961,5.247148288973386,1.0266159695817492,0.27883396704689484,0.0570342205323194,4.260612043435341,2.9207811581392233,4.0,2.5495097567963922,0.9388322520852641,4.298356510745891,2.8970074501457033,4.21665538253216,2.9409294213912047,0.9809924728185114,0.3884,0.009796,0.0,0.0,0.0,0.0,0.0,0.0,0.0,0.0,0.0,0.0,0.3992395437262358,26.05196451204052,3.5487959442332073,0.0,0.0,0.0,0.0,0.0,0.0,0.0,0.0,0.0,0.0,0.0,0.0,0.0,0.0,0.0,0.0,0.0,nan,nan,4.258908139915005,2.9185827251649092,nan,0.3884,0.05273,0.0,0.0,0.0,0.0,0.0,0.0,0.0,0.0,0.0,0.0,0.0,0.0,0.0,0.0,0.0,0.0,0.0004013519222644698,0.0,0.0,0.0,1.0561892691170258e-05,0.0008343895226024504,0.0007710181664554288,0.0004752851711026616,0.0007287705956907478,3.168567807351077e-05,0.010604140261934939,0.005502746092099704,0.009495141529362061,0.00778411491339248,0.01889522602450359,0.02290874524714829,0.02449302915082383,0.06176594845796367,0.039913392479932405,0.06544148711449092,0.0655893536121673,0.06907477820025348,0.06659273341782848,0.08226658217152513,0.06906421630756232,0.08434727503168568,0.07250739332488382,0.043071398394592314,0.04550063371356147,0.03847697507393325,0.022053231939163497,0.02303548795944233,0.007646810308407266,0.005217574989438107,0.014913392479932404,0.00033798056611744826,0.015198563582594,0.0019750739332488384,0.00010561892691170258,0.0025559780312632025,0.0,0.00041191381495564005,0.0,0.0,0.0,0.0,0.0,0.0,0.0,0.0,0.0,0.0,0.0,0.0,0.0,0.0,0.0,0.0,0.0,0.0,0.0,0.0,0.0,0.0,0.0,0.0,0.0,0.0,0.0,0.0,0.0,0.0,0.0,0.0,0.0,0.0,0.0,0.0,0.0,0.0,0.0,0.0,0.0,0.0,0.0,nan,nan,4.258908139915005,2.9185827251649092,nan,0.8434072710582983,0.03387775835918687,0.0,0.0,0.0,0.0,0.0,0.0,0.0,0.0,0.0,0.0,0.0,0.0,0.0,0.0,0.0,0.0,0.0,0.0,0.0,0.0,0.0,0.11245314452311539,0.3498542274052479,2.261557684298202,8.159100374843817,12.49479383590171,5.285297792586424,1.0245730945439402,0.27488546438983763,0.03748438150770513,0.8435432210379387,0.03392031008901533,0.0,0.0,0.0,0.0,0.0,0.0,0.0,0.0,0.0,0.0,0.0,0.0,0.0,0.0,0.0,0.0,0.0,0.0,0.0,0.0,0.025717959708529796,0.05143591941705959,0.4757822546078012,2.0445777968281122,7.959708529789972,12.846120874410634,5.207886840977284,1.028718388341192,0.2828975567938277,0.07715387912558938,0.3884,0.009865,0.0,0.0,0.0,0.0,0.0,0.0,0.0,0.0,0.0,0.0,0.42482299042065813,25.851728446480596,3.7234485630987098,0.0,0.0,0.0,0.0,0.0,0.0,0.0,0.0,0.0,0.0,0.0,0.0,0.0,0.0,0.0,0.0,0.0,0.3884,0.00973,0.0,0.0,0.0,0.0,0.0,0.0,0.0,0.0,0.0,0.0,0.37291041577368206,26.25803686240888,3.369052721817403,0.0,0.0,0.0,0.0,0.0,0.0,0.0,0.0,0.0,0.0,0.0,0.0,0.0,0.0,0.0,0.0,0.0
54300,4945,2560,0.5176946410515673,1227,992,0.4487360970677452,1401,0.5666329625884732,0.38999999999999996,2.8943396226415095,3.0032388934471204,6.357142857142857,2.166535841157586,8377.631749241657,506.3826047260452,7853.0,8866.4,8866.399999999998,1.8189894035458565e-12,7853.0,0.0,27.97876643073812,20.742217566606282,32.952530120481924,18.9255462491154,0.13933265925176946,0.10151668351870577,0.08897876643073811,0.08169868554095046,0.08088978766430738,0.07967644084934276,0.07138523761375126,0.06390293225480283,0.05682507583417593,0.058442871587462086,0.04853387259858443,0.03842264914054601,0.03174924165824065,0.02487360970677452,0.017391304347826087,0.008493427704752275,0.00788675429726997,0.8439778908198234,0.03488288827642359,0.0,0.0,0.0,0.0,0.0,0.0,0.0,0.0,0.0,0.0,0.0,0.0,0.0,0.0,0.0,0.0,0.0,0.0,0.0,0.0,0.030333670374115274,0.10313447927199193,0.4853387259858444,2.062689585439832,8.190091001011124,12.206268958543987,5.411526794742166,1.1830131445904957,0.2972699696663297,0.030333670374115274,4.144517750549796,2.7982491852773137,4.266666666666667,3.1191166840772224,1.0294724075197088,4.121042830540037,2.8270438076340882,4.170411985018727,2.7752335133712633,1.0119797722345487,0.389,0.00972,0.0,0.0,0.0,0.0,0.0,0.0,0.0,0.0,0.0,0.0,0.3154701718907989,25.911021233569222,3.77350859453994,0.0,0.0,0.0,0.0,0.0,0.0,0.0,0.0,0.0,0.0,0.0,0.0,0.0,0.0,0.0,0.0,0.0,nan,nan,4.1456582633053225,2.8014397577107584,nan,0.389,0.05276,0.0,0.0,0.0,0.0,0.0,0.0,0.0,0.0,0.0,0.0,0.0,0.0,0.0,0.0,0.0,0.0,0.0003943377148634985,0.0,0.0,0.0,0.0,0.0007583417593528817,0.001243680485338726,0.0003134479271991911,0.0008594539939332659,3.0333670374115268e-05,0.011718907987866532,0.004671385237613751,0.009544994944388272,0.007714863498483317,0.018351870576339736,0.024984833164812943,0.024903943377148637,0.05946410515672396,0.03635995955510617,0.06393326592517695,0.06168857431749242,0.06816986855409504,0.06970677451971688,0.08399393326592518,0.06872598584428716,0.08604651162790698,0.07193124368048534,0.045166835187057636,0.047401415571284126,0.038240647118301316,0.022457027300303335,0.02268958543983822,0.00775530839231547,0.006865520728008089,0.013832153690596562,0.00023255813953488373,0.014762386248736097,0.002224469160768453,8.088978766430739e-05,0.002173913043478261,5.0556117290192114e-05,0.0005561172901921132,0.0,0.0,0.0,0.0,0.0,0.0,0.0,0.0,0.0,0.0,0.0,0.0,0.0,0.0,0.0,0.0,0.0,0.0,0.0,0.0,0.0,0.0,0.0,0.0,0.0,0.0,0.0,0.0,0.0,0.0,0.0,0.0,0.0,0.0,0.0,0.0,0.0,0.0,0.0,0.0,0.0,0.0,0.0,nan,nan,4.1456582633053225,2.8014397577107584,nan,0.8436108521418646,0.034789865346714584,0.0,0.0,0.0,0.0,0.0,0.0,0.0,0.0,0.0,0.0,0.0,0.0,0.0,0.0,0.0,0.0,0.0,0.0,0.0,0.0,0.011718750000000003,0.14062500000000003,0.5390625000000001,2.015624999999994,8.156250000000002,12.316406250000004,5.332031250000002,1.2070312500000004,0.24609375000000006,0.03515625000000001,0.8443718610569616,0.03497817605861987,0.0,0.0,0.0,0.0,0.0,0.0,0.0,0.0,0.0,0.0,0.0,0.0,0.0,0.0,0.0,0.0,0.0,0.0,0.0,0.0,0.05031446540880504,0.0628930817610063,0.42767295597484284,2.1132075471698046,8.226415094339623,12.088050314465411,5.496855345911952,1.157232704402516,0.3522012578616353,0.02515723270440252,0.3887,0.0096,0.0,0.0,0.0,0.0,0.0,0.0,0.0,0.0,0.0,0.0,0.3281250000000001,26.12109374999996,3.550781250000001,0.0,0.0,0.0,0.0,0.0,0.0,0.0,0.0,0.0,0.0,0.0,0.0,0.0,0.0,0.0,0.0,0.0,0.389,0.00986,0.0,0.0,0.0,0.0,0.0,0.0,0.0,0.0,0.0,0.0,0.30188679245283023,25.685534591194934,4.012578616352202,0.0,0.0,0.0,0.0,0.0,0.0,0.0,0.0,0.0,0.0,0.0,0.0,0.0,0.0,0.0,0.0,0.0
54400,4793,2470,0.5153348633423743,1144,1013,0.45003129563947425,1385,0.5779261422908408,0.418,2.998278088678433,3.049314377279403,6.5125925925925925,2.1013727305115872,8375.240350511162,506.46163478193495,7853.0,8866.4,8866.4,0.0,7853.0,0.0,28.300229501356146,20.97634092802855,33.11969397828233,19.22707445268302,0.13707490089714167,0.09805967035259754,0.08950552889630711,0.08658460254537868,0.08220321301898602,0.07928228666805759,0.06780721886083872,0.05883580221155852,0.062174003755476735,0.05299394950970165,0.04548299603588567,0.04256206968495723,0.03275610264969748,0.027540162737325267,0.01919465887752973,0.009805967035259754,0.008136866263300646,0.8432629168369365,0.03377550117282148,0.0,0.0,0.0,0.0,0.0,0.0,0.0,0.0,0.0,0.0,0.0,0.0,0.0,0.0,0.0,0.0,0.0,0.0,0.0,0.0,0.025036511579386612,0.037554767369079915,0.4569163363238056,2.096807844773622,8.4122678906739,12.555810557062385,5.088670978510328,1.007719591070311,0.2754016273732527,0.043813895263926574,4.190506735086594,2.815290821850687,4.35,2.903015673398957,1.0380606153375171,4.147341447789878,2.8139070149289673,4.233015873015873,2.817347978981063,1.0206576734287578,0.3887,0.0101,0.0,0.0,0.0,0.0,0.0,0.0,0.0,0.0,0.0,0.0,0.3129563947423326,25.63738785729185,4.049655747965784,0.0,0.0,0.0,0.0,0.0,0.0,0.0,0.0,0.0,0.0,0.0,0.0,0.0,0.0,0.0,0.0,0.0,nan,nan,4.191523263224984,2.8158871937552257,nan,0.3887,0.0526,0.0,0.0,0.0,0.0,0.0,0.0,0.0,0.0,0.0,0.0,0.0,0.0,0.0,0.0,0.0,0.0,0.00029209263509284375,0.0,0.0,0.0,0.00013561443772167745,0.0005633215105361986,0.0008345503859795535,0.00044857083246401,0.0008241185061548091,3.1295639474233255e-05,0.01248696015021907,0.005049029835176299,0.009075735447527645,0.007959524306279992,0.020644690173169205,0.025474650532025873,0.02514083037763405,0.057250156478197374,0.036156895472564156,0.06360317129146673,0.056770290006259126,0.06502190694763196,0.07157312747757145,0.08567702900062592,0.07129146672230335,0.08912998122261631,0.07162528687669519,0.04514917588149384,0.047350302524514915,0.03871270602962654,0.021875651992489045,0.022501564781973713,0.008105570623826414,0.00691633632380555,0.013790945128312122,0.0002295013561443772,0.013540580012518256,0.002221990402670561,6.259127894846651e-05,0.0020237846860004173,3.1295639474233255e-05,0.00042770707281452117,0.0,0.0,0.0,0.0,0.0,0.0,0.0,0.0,0.0,0.0,0.0,0.0,0.0,0.0,0.0,0.0,0.0,0.0,0.0,0.0,0.0,0.0,0.0,0.0,0.0,0.0,0.0,0.0,0.0,0.0,0.0,0.0,0.0,0.0,0.0,0.0,0.0,0.0,0.0,0.0,0.0,0.0,0.0,nan,nan,4.191523263224984,2.8158871937552257,nan,0.8432744454034427,0.03382235336748448,0.0,0.0,0.0,0.0,0.0,0.0,0.0,0.0,0.0,0.0,0.0,0.0,0.0,0.0,0.0,0.0,0.0,0.0,0.0,0.0,0.03643724696356276,0.03643724696356276,0.38866396761133615,2.1376518218623417,8.465587044534415,12.78947368421053,4.651821862348179,1.153846153846154,0.29149797570850206,0.04858299595141702,0.8432506587399627,0.03372560844089739,0.0,0.0,0.0,0.0,0.0,0.0,0.0,0.0,0.0,0.0,0.0,0.0,0.0,0.0,0.0,0.0,0.0,0.0,0.0,0.0,0.012914334911752048,0.03874300473525614,0.5294877313818339,2.0533792509685687,8.355574687903575,12.307361170899702,5.553164012053381,0.8523461041756352,0.25828669823504097,0.03874300473525614,0.3887,0.01016,0.0,0.0,0.0,0.0,0.0,0.0,0.0,0.0,0.0,0.0,0.3279352226720649,25.627530364372433,4.044534412955466,0.0,0.0,0.0,0.0,0.0,0.0,0.0,0.0,0.0,0.0,0.0,0.0,0.0,0.0,0.0,0.0,0.0,0.389,0.01004,0.0,0.0,0.0,0.0,0.0,0.0,0.0,0.0,0.0,0.0,0.29702970297029707,25.647869134739523,4.055101162290143,0.0,0.0,0.0,0.0,0.0,0.0,0.0,0.0,0.0,0.0,0.0,0.0,0.0,0.0,0.0,0.0,0.0
54500,4879,2548,0.5222381635581061,1173,1006,0.44660791145726586,1389,0.5693789711006354,0.422,3.0051480051480053,3.105739709584279,6.520186335403727,2.2321540642440776,8382.236154949784,506.19858921186164,7853.0,8866.4,8866.399999999998,1.8189894035458565e-12,7853.0,0.0,28.015781922525107,20.887275830406605,33.001465559355154,19.100459428192107,0.13957778233244517,0.10104529616724739,0.0936667349866776,0.08649313383890142,0.0741955318712851,0.07952449272391883,0.06763681082188973,0.06148800983808157,0.05820864931338389,0.05226480836236934,0.04714080754252921,0.043041606886657105,0.03361344537815126,0.028284484525517524,0.019471203115392497,0.010248001639680262,0.004099200655872105,0.8421308445036229,0.032856606062942835,0.0,0.0,0.0,0.0,0.0,0.0,0.0,0.0,0.0,0.0,0.0,0.0,0.0,0.0,0.0,0.0,0.0,0.0,0.0,0.0061488009838081585,0.012297601967616317,0.04919040787046527,0.4365648698503793,2.1643779463004647,8.688255790120929,12.562000409920069,4.992826398852224,0.854683336749334,0.19676163148186107,0.03689280590284895,4.282782943251042,2.8799082581779976,4.56,2.8436596139481956,1.0647282527324449,4.264411027568922,2.8439376830975136,4.305106658047834,2.9166385865809046,1.0095430834916757,0.3887,0.00989,0.0,0.0,0.0,0.0,0.0,0.0,0.0,0.0,0.0,0.0,0.28899364623898344,25.892600942816113,3.8184054109448664,0.0,0.0,0.0,0.0,0.0,0.0,0.0,0.0,0.0,0.0,0.0,0.0,0.0,0.0,0.0,0.0,0.0,nan,nan,4.2849872773536894,2.879727079650648,nan,0.3887,0.05246,0.0,0.0,0.0,0.0,0.0,0.0,0.0,0.0,0.0,0.0,0.0,0.0,0.0,0.0,0.0,0.0,0.00028694404591104734,0.0,0.0,0.0,0.0002971920475507276,0.0006661201065792171,0.0009735601557696249,0.000430416068866571,0.0006968641114982578,0.00013322402131584342,0.011498257839721254,0.004334904693584751,0.009089977454396393,0.007962697274031564,0.020465259274441483,0.025179340028694406,0.024943635990981757,0.05941791350686616,0.03470998155359705,0.06730887476941996,0.056046320967411356,0.06471613035458086,0.0722791555646649,0.08730272596843615,0.0707726993236319,0.09018241442918631,0.06920475507276082,0.043810207009633124,0.048698503791760606,0.03960852633736421,0.01989137118261939,0.02188973150235704,0.007532281205164993,0.006589465054314409,0.013978274236523877,0.00031768805083008813,0.014029514244722279,0.0021315843410534946,3.074400491904079e-05,0.0022135683541709365,0.0,0.0003791760606681697,0.0,0.0,0.0,0.0,0.0,0.0,0.0,0.0,0.0,0.0,0.0,0.0,0.0,0.0,0.0,0.0,0.0,0.0,0.0,0.0,0.0,0.0,0.0,0.0,0.0,0.0,0.0,0.0,0.0,0.0,0.0,0.0,0.0,0.0,0.0,0.0,0.0,0.0,0.0,0.0,0.0,0.0,0.0,nan,nan,4.2849872773536894,2.879727079650648,nan,0.8413884492833723,0.033222414049406054,0.0,0.0,0.0,0.0,0.0,0.0,0.0,0.0,0.0,0.0,0.0,0.0,0.0,0.0,0.0,0.0,0.0,0.0,0.0,0.01177394034536892,0.01177394034536892,0.04709576138147568,0.5180533751962324,2.3076923076923004,8.630298273155418,12.574568288854007,4.815541601255887,0.8359497645211933,0.22370486656200947,0.02354788069073784,0.842942351591224,0.032432592526346275,0.0,0.0,0.0,0.0,0.0,0.0,0.0,0.0,0.0,0.0,0.0,0.0,0.0,0.0,0.0,0.0,0.0,0.0,0.0,0.0,0.012870012870012873,0.05148005148005149,0.3474903474903476,2.0077220077220015,8.751608751608753,12.548262548262551,5.186615186615187,0.8751608751608754,0.16731016731016735,0.05148005148005149,0.389,0.00991,0.0,0.0,0.0,0.0,0.0,0.0,0.0,0.0,0.0,0.0,0.2472527472527473,25.890894819466208,3.8618524332810056,0.0,0.0,0.0,0.0,0.0,0.0,0.0,0.0,0.0,0.0,0.0,0.0,0.0,0.0,0.0,0.0,0.0,0.3884,0.009865,0.0,0.0,0.0,0.0,0.0,0.0,0.0,0.0,0.0,0.0,0.3346203346203347,25.894465894465856,3.7709137709137717,0.0,0.0,0.0,0.0,0.0,0.0,0.0,0.0,0.0,0.0,0.0,0.0,0.0,0.0,0.0,0.0,0.0
54600,4795,2538,0.5293013555787278,1176,938,0.4408759124087591,1329,0.554327424400417,0.39799999999999996,2.9623393885688967,2.9877759259387444,6.268072289156627,2.035928465753609,8389.393993743484,505.8291774260969,7853.0,8866.4,8866.399999999998,1.8189894035458565e-12,7853.0,0.0,28.9570385818561,21.287030667761815,33.838876570583885,19.479951129385377,0.1334723670490094,0.0967674661105318,0.09030239833159541,0.08425443169968717,0.0786235662148071,0.07278415015641293,0.06903023983315953,0.058394160583941604,0.06235662148070907,0.05547445255474453,0.04650677789363921,0.04650677789363921,0.04004171011470282,0.027737226277372264,0.016684045881126174,0.015224191866527632,0.00583941605839416,0.843585033821985,0.03382978216165326,0.0,0.0,0.0,0.0,0.0,0.0,0.0,0.0,0.0,0.0,0.0,0.0,0.0,0.0,0.0,0.0,0.0,0.0,0.0,0.0,0.0,0.06256517205422316,0.3941605839416059,2.2148070907194928,8.496350364963504,12.28779979144943,5.086548488008343,1.1386861313868615,0.2877997914494265,0.03128258602711158,4.1250399744163735,2.7866297211992586,4.214285714285714,2.3657850230970277,1.0216351212164843,4.088679245283019,2.818904759258549,4.161935483870968,2.7495869711588865,1.0179168465397384,0.3884,0.010124,0.0,0.0,0.0,0.0,0.0,0.0,0.0,0.0,0.0,0.0,0.3941605839416059,25.8894681960375,3.716371220020856,0.0,0.0,0.0,0.0,0.0,0.0,0.0,0.0,0.0,0.0,0.0,0.0,0.0,0.0,0.0,0.0,0.0,nan,nan,4.125437758675581,2.784901389198311,nan,0.3884,0.05206,0.0,0.0,0.0,0.0,0.0,0.0,0.0,0.0,0.0,0.0,0.0,0.0,0.0,0.0,0.0,0.0,0.0003023983315954119,0.0,0.0,0.0,0.00023983315954118875,0.0009280500521376434,0.0011574556830031282,0.0004692387904066736,0.0008759124087591241,0.0002711157455683003,0.009572471324296141,0.004118873826903024,0.008508863399374348,0.008070907194994786,0.019655891553701774,0.027445255474452555,0.024900938477580813,0.05759124087591241,0.03467153284671533,0.07110531803962461,0.05824817518248175,0.06510948905109488,0.07151199165797706,0.08914494264859228,0.06859228362877998,0.08632950990615224,0.0708133472367049,0.04564129301355579,0.04840458811261731,0.038978102189781025,0.0191866527632951,0.02186652763295099,0.00821689259645464,0.006360792492179353,0.0135140771637122,0.0006256517205422315,0.012627737226277372,0.002930135557872784,0.00010427528675703858,0.001480709071949948,1.0427528675703859e-05,0.0004171011470281543,0.0,0.0,0.0,0.0,0.0,0.0,0.0,0.0,0.0,0.0,0.0,0.0,0.0,0.0,0.0,0.0,0.0,0.0,0.0,0.0,0.0,0.0,0.0,0.0,0.0,0.0,0.0,0.0,0.0,0.0,0.0,0.0,0.0,0.0,0.0,0.0,0.0,0.0,0.0,0.0,0.0,0.0,0.0,nan,nan,4.125437758675581,2.784901389198311,nan,0.8431799873251723,0.03425770873477132,0.0,0.0,0.0,0.0,0.0,0.0,0.0,0.0,0.0,0.0,0.0,0.0,0.0,0.0,0.0,0.0,0.0,0.0,0.0,0.0,0.0,0.059101654846335706,0.49645390070921996,2.44680851063829,8.262411347517732,12.11583924349882,5.177304964539008,1.2056737588652484,0.2009456264775414,0.03546099290780142,0.8440405092357691,0.033336140074837595,0.0,0.0,0.0,0.0,0.0,0.0,0.0,0.0,0.0,0.0,0.0,0.0,0.0,0.0,0.0,0.0,0.0,0.0,0.0,0.0,0.0,0.0664599025254763,0.2791315906070005,1.953921134248997,8.759415152857777,12.481169694284452,4.984492689410723,1.0633584404076208,0.3854674346477626,0.026583961010190525,0.3887,0.01011,0.0,0.0,0.0,0.0,0.0,0.0,0.0,0.0,0.0,0.0,0.41371158392435,25.67375886524819,3.912529550827424,0.0,0.0,0.0,0.0,0.0,0.0,0.0,0.0,0.0,0.0,0.0,0.0,0.0,0.0,0.0,0.0,0.0,0.3882,0.01015,0.0,0.0,0.0,0.0,0.0,0.0,0.0,0.0,0.0,0.0,0.37217545414266734,26.13203367301724,3.495790872840054,0.0,0.0,0.0,0.0,0.0,0.0,0.0,0.0,0.0,0.0,0.0,0.0,0.0,0.0,0.0,0.0,0.0
54700,4543,2397,0.527624917455426,1177,861,0.4486022452124147,1226,0.5397314549856923,0.40599999999999997,2.983224603914259,3.098972869383151,6.471153846153846,2.1946470312366806,8387.695091349327,505.9260468293193,7853.0,8866.4,8866.4,0.0,7853.0,0.0,28.476117103235747,20.688496862328165,33.04750839142783,18.9679173766938,0.1263482280431433,0.0977327756988774,0.09861325115562404,0.07990314769975787,0.0774818401937046,0.08122386088487783,0.0724191063174114,0.06999779881135813,0.05921197446621176,0.05811138014527845,0.04424389170151882,0.04050187101034559,0.03279771076381246,0.02531366938146599,0.019590578912612813,0.010345586616773057,0.0061633281972265025,0.8446060673875114,0.0329385170273268,0.0,0.0,0.0,0.0,0.0,0.0,0.0,0.0,0.0,0.0,0.0,0.0,0.0,0.0,0.0,0.0,0.0,0.0,0.0,0.0,0.0,0.03962139555359895,0.33017829627999123,1.8159806295399459,8.459167950693375,12.824125027514862,4.9724851419766685,1.2216596962359676,0.27734976887519264,0.05943209333039843,4.140476190476191,2.894340203814939,3.5,2.8136571693556887,0.8453133985048877,4.031550068587106,2.855282772295982,4.241633199464525,2.9281638474304104,1.0521097660461514,0.388,0.00975,0.0,0.0,0.0,0.0,0.0,0.0,0.0,0.0,0.0,0.0,0.45564604886638793,26.513317191283253,3.03103675985032,0.0,0.0,0.0,0.0,0.0,0.0,0.0,0.0,0.0,0.0,0.0,0.0,0.0,0.0,0.0,0.0,0.0,nan,nan,4.137872628726288,2.8943036897110854,nan,0.388,0.05228,0.0,0.0,0.0,0.0,0.0,0.0,0.0,0.0,0.0,0.0,0.0,0.0,0.0,0.0,0.0,0.0,0.00022011886418666079,0.0,0.0,6.603565925599824e-05,0.00012106537530266344,0.0012766894122826326,0.00112260620735197,0.0002971604666519921,0.0006053268765133172,0.00026414263702399294,0.009652212194585076,0.004699537750385208,0.007902267224301122,0.007418005723090469,0.021021351529826107,0.028835571208452565,0.027745982830728592,0.05712084525643848,0.03398635263042043,0.07445520581113801,0.05884877834030376,0.06501210653753027,0.07004182258419546,0.08809156944750166,0.06782962799911953,0.08656174334140436,0.06940347787805415,0.04445300462249615,0.04508034338542813,0.041261281091789566,0.01922738278670482,0.020889280211314108,0.008903808056350429,0.0055359894342945195,0.01288795949812899,0.0007814219678626458,0.012965001100594321,0.003290777019590579,0.00013207131851199647,0.001364736957957297,0.0,0.0006053268765133172,2.201188641866608e-05,0.0,0.0,0.0,0.0,0.0,0.0,0.0,0.0,0.0,0.0,0.0,0.0,0.0,0.0,0.0,0.0,0.0,0.0,0.0,0.0,0.0,0.0,0.0,0.0,0.0,0.0,0.0,0.0,0.0,0.0,0.0,0.0,0.0,0.0,0.0,0.0,0.0,0.0,0.0,0.0,0.0,0.0,nan,nan,4.137872628726288,2.8943036897110854,nan,0.8447428177335037,0.0331614632910158,0.0,0.0,0.0,0.0,0.0,0.0,0.0,0.0,0.0,0.0,0.0,0.0,0.0,0.0,0.0,0.0,0.0,0.0,0.0,0.0,0.0,0.012515644555694622,0.3128911138923655,1.9148936170212705,8.372966207759701,12.790988735919903,4.906132665832291,1.3516896120150192,0.25031289111389243,0.08760951188986235,0.8444533224763542,0.03268702044366154,0.0,0.0,0.0,0.0,0.0,0.0,0.0,0.0,0.0,0.0,0.0,0.0,0.0,0.0,0.0,0.0,0.0,0.0,0.0,0.0,0.0,0.06989748369058715,0.34948741845293574,1.7054986020503209,8.555452003727867,12.861136999068037,5.046598322460392,1.0764212488350422,0.3075489282385835,0.027958993476234862,0.3877,0.0098,0.0,0.0,0.0,0.0,0.0,0.0,0.0,0.0,0.0,0.0,0.4130162703379225,26.67083854818519,2.9161451814768466,0.0,0.0,0.0,0.0,0.0,0.0,0.0,0.0,0.0,0.0,0.0,0.0,0.0,0.0,0.0,0.0,0.0,0.388,0.0097,0.0,0.0,0.0,0.0,0.0,0.0,0.0,0.0,0.0,0.0,0.5032618825722275,26.337371854613195,3.1593662628145394,0.0,0.0,0.0,0.0,0.0,0.0,0.0,0.0,0.0,0.0,0.0,0.0,0.0,0.0,0.0,0.0,0.0
54800,4720,2466,0.5224576271186441,1191,958,0.4552966101694915,1320,0.559322033898305,0.41,3.0119787045252884,3.070213292361547,6.485362095531587,2.214294135985277,8382.458559322034,506.1886387282762,7853.0,8866.4,8866.4,0.0,7853.0,0.0,28.072245762711866,20.88502811091807,32.89661229611041,19.147524773716828,0.13983050847457626,0.09279661016949152,0.09576271186440678,0.08686440677966102,0.07902542372881356,0.08029661016949152,0.06843220338983051,0.06885593220338983,0.055508474576271186,0.05296610169491525,0.04533898305084746,0.03898305084745763,0.03347457627118644,0.025211864406779663,0.016313559322033898,0.01228813559322034,0.008050847457627118,0.8454501746822212,0.034351297089236954,0.0,0.0,0.0,0.0,0.0,0.0,0.0,0.0,0.0,0.0,0.0,0.0,0.0,0.0,0.0,0.0,0.0,0.0,0.0,0.0,0.012711864406779664,0.03813559322033899,0.3940677966101696,1.9703389830508413,8.002118644067798,12.508474576271189,5.529661016949154,1.13135593220339,0.26694915254237295,0.14618644067796613,4.294079162577691,2.9070556354153734,4.357142857142857,2.4671308627386495,1.014686197477391,4.2606697307944845,2.89445709744547,4.327519379844961,2.915359360887229,1.0156899392054055,0.388,0.009674,0.0,0.0,0.0,0.0,0.0,0.0,0.0,0.0,0.0,0.0,0.36228813559322043,26.440677966101656,3.1970338983050857,0.0,0.0,0.0,0.0,0.0,0.0,0.0,0.0,0.0,0.0,0.0,0.0,0.0,0.0,0.0,0.0,0.0,nan,nan,4.294366655812439,2.9052043793091396,nan,0.388,0.05173,0.0,0.0,0.0,0.0,0.0,0.0,0.0,0.0,0.0,0.0,0.0,0.0,0.0,0.0,0.0,0.0,0.00015889830508474575,0.0,0.0,0.0,0.0001483050847457627,0.0009004237288135593,0.0008050847457627119,0.0005826271186440678,0.0006567796610169492,0.000211864406779661,0.008834745762711864,0.0045974576271186444,0.00801906779661017,0.008358050847457627,0.02180084745762712,0.029152542372881354,0.025190677966101693,0.055942796610169494,0.030889830508474575,0.07670550847457627,0.060625,0.06606991525423729,0.07233050847457627,0.08682203389830509,0.06742584745762711,0.08555084745762712,0.07282838983050847,0.04458686440677966,0.05016949152542373,0.03986228813559322,0.016472457627118645,0.019555084745762712,0.008029661016949153,0.005402542372881356,0.011154661016949152,0.0008898305084745762,0.013866525423728814,0.0034004237288135595,6.35593220338983e-05,0.001016949152542373,4.2372881355932206e-05,0.0008686440677966101,0.0,1.0593220338983052e-05,0.0,0.0,0.0,0.0,0.0,0.0,0.0,0.0,0.0,0.0,0.0,0.0,0.0,0.0,0.0,0.0,0.0,0.0,0.0,0.0,0.0,0.0,0.0,0.0,0.0,0.0,0.0,0.0,0.0,0.0,0.0,0.0,0.0,0.0,0.0,0.0,0.0,0.0,0.0,0.0,0.0,nan,nan,4.294366655812439,2.9052043793091396,nan,0.8445551792297147,0.03440803454054166,0.0,0.0,0.0,0.0,0.0,0.0,0.0,0.0,0.0,0.0,0.0,0.0,0.0,0.0,0.0,0.0,0.0,0.0,0.0,0.0,0.0,0.060827250608272515,0.41362530413625315,2.04379562043795,8.114355231143554,12.566909975669102,5.328467153284673,1.0462287104622874,0.2676399026763991,0.15815085158150857,0.8464293489439253,0.034262345418397,0.0,0.0,0.0,0.0,0.0,0.0,0.0,0.0,0.0,0.0,0.0,0.0,0.0,0.0,0.0,0.0,0.0,0.0,0.0,0.0,0.02661934338952973,0.013309671694764866,0.37267080745341624,1.8899733806566044,7.8793256433008,12.44454303460515,5.749778172138422,1.2244897959183676,0.2661934338952973,0.13309671694764866,0.388,0.00975,0.0,0.0,0.0,0.0,0.0,0.0,0.0,0.0,0.0,0.0,0.4014598540145986,26.350364963503612,3.2481751824817526,0.0,0.0,0.0,0.0,0.0,0.0,0.0,0.0,0.0,0.0,0.0,0.0,0.0,0.0,0.0,0.0,0.0,0.388,0.00959,0.0,0.0,0.0,0.0,0.0,0.0,0.0,0.0,0.0,0.0,0.3194321206743567,26.539485359361098,3.1410825199645083,0.0,0.0,0.0,0.0,0.0,0.0,0.0,0.0,0.0,0.0,0.0,0.0,0.0,0.0,0.0,0.0,0.0
54900,4522,2411,0.533171163202123,1132,860,0.44051304732419283,1224,0.5413533834586466,0.418,3.150165798199905,3.1792641046730075,6.677621283255086,2.101340947663269,8393.315656789033,505.5836999139132,7853.0,8866.4,8866.4,0.0,7853.0,0.0,28.487616099071207,21.053688696239583,33.407660020986356,19.26271194405148,0.13710747456877487,0.0988500663423264,0.09310039805395842,0.08204334365325078,0.0800530738611234,0.06943830163644406,0.07032286598850067,0.06324635117204777,0.0583812472357364,0.05661211853162318,0.05108359133126935,0.042459088898717384,0.03648827952233525,0.02321981424148607,0.0183547103051747,0.012605042016806723,0.006634232640424591,0.8453031480971399,0.03460856370622859,0.0,0.0,0.0,0.0,0.0,0.0,0.0,0.0,0.0,0.0,0.0,0.0,0.0,0.0,0.0,0.0,0.0,0.0,0.013268465280849184,0.013268465280849184,0.05970809376382133,0.019902697921273776,0.325077399380805,2.056612118531617,7.65590446704998,12.731092436974793,5.53295002211411,1.253869969040248,0.2587350729765591,0.0796107916850951,4.327710843373494,2.9403723860027986,3.9444444444444446,2.5489043882121027,0.9114390002474635,4.330182309250507,2.9375150208102463,4.320388349514563,2.9390456458294856,0.9977382107642395,0.388,0.01008,0.0,0.0,0.0,0.0,0.0,0.0,0.0,0.0,0.0,0.0,0.39805395842547553,26.38434321096856,3.2176028306059274,0.0,0.0,0.0,0.0,0.0,0.0,0.0,0.0,0.0,0.0,0.0,0.0,0.0,0.0,0.0,0.0,0.0,nan,nan,4.3253506671228195,2.9382743017943516,nan,0.388,0.05243,0.0,0.0,0.0,0.0,0.0,0.0,0.0,0.0,0.0,0.0,0.0,0.0,0.0,0.0,0.0,0.0,0.00022114108801415304,0.0,0.0,0.0,0.0002100840336134454,0.0012162759840778417,0.0007187085360459974,0.0005307386112339673,0.0010061919504643962,0.0003869969040247678,0.008923042901371074,0.005749668288367979,0.009144183989385228,0.008812472357363998,0.02409332153914197,0.02612781954887218,0.022578505086245024,0.05450022114108801,0.03154577620521893,0.07645953118089341,0.06020566121185316,0.06827731092436974,0.07376160990712075,0.08659885006634233,0.06796771340114993,0.08492923485183547,0.0725453339230429,0.04384122069880584,0.0494250331711632,0.03498452012383901,0.017735515258735072,0.02001326846528085,0.007806280406899602,0.005970809376382132,0.012030075187969926,0.0004975674480318443,0.015424590888987174,0.0037151702786377707,3.3171163202122956e-05,0.0010393631136665193,0.0,0.000950906678460858,0.0,2.2114108801415304e-05,0.0,0.0,0.0,0.0,0.0,0.0,0.0,0.0,0.0,0.0,0.0,0.0,0.0,0.0,0.0,0.0,0.0,0.0,0.0,0.0,0.0,0.0,0.0,0.0,0.0,0.0,0.0,0.0,0.0,0.0,0.0,0.0,0.0,0.0,0.0,0.0,0.0,0.0,0.0,0.0,0.0,nan,nan,4.3253506671228195,2.9382743017943516,nan,0.8458118912146231,0.03432136223997789,0.0,0.0,0.0,0.0,0.0,0.0,0.0,0.0,0.0,0.0,0.0,0.0,0.0,0.0,0.0,0.0,0.0,0.0,0.0,0.012442969722107013,0.037328909166321034,0.037328909166321034,0.29863127333056827,2.140190792202399,7.465781833264208,12.741600995437581,5.524678556615513,1.4184985483201995,0.24885939444214022,0.07465781833264207,0.8447221060998629,0.03492462771162784,0.0,0.0,0.0,0.0,0.0,0.0,0.0,0.0,0.0,0.0,0.0,0.0,0.0,0.0,0.0,0.0,0.0,0.0,0.02842254855518712,0.01421127427759356,0.08526764566556136,0.0,0.355281856939839,1.961155850307905,7.873045949786833,12.719090478446237,5.542396968261488,1.0658455708195171,0.27001421127427766,0.08526764566556136,0.3877,0.01013,0.0,0.0,0.0,0.0,0.0,0.0,0.0,0.0,0.0,0.0,0.42306097055163844,26.42886768975525,3.148071339693074,0.0,0.0,0.0,0.0,0.0,0.0,0.0,0.0,0.0,0.0,0.0,0.0,0.0,0.0,0.0,0.0,0.0,0.3882,0.01,0.0,0.0,0.0,0.0,0.0,0.0,0.0,0.0,0.0,0.0,0.3694931312174326,26.333491236380823,3.297015632401706,0.0,0.0,0.0,0.0,0.0,0.0,0.0,0.0,0.0,0.0,0.0,0.0,0.0,0.0,0.0,0.0,0.0
55000,4482,2317,0.5169567157518965,1036,933,0.4393128067826863,1263,0.5635876840696118,0.426,3.016166281755196,3.1466419051919035,6.770689655172414,2.1296356026883596,8376.883935742972,506.40853305644566,7853.0,8866.4,8866.399999999998,1.8189894035458565e-12,7853.0,0.0,27.386880856760374,20.77802376165901,32.519045064377686,19.022086269410295,0.1468094600624721,0.09794734493529675,0.09772423025435073,0.08656849620705043,0.08322177599286033,0.07452030343596609,0.0747434181169121,0.05979473449352968,0.05287817938420348,0.04685408299866131,0.0464078536367693,0.039491298527443104,0.031236055332440876,0.02431950022311468,0.0249888442659527,0.008478357875948238,0.004016064257028112,0.8446425250442579,0.03416536803071822,0.0,0.0,0.0,0.0,0.0,0.0,0.0,0.0,0.0,0.0,0.0,0.0,0.0,0.0,0.0,0.0,0.0,0.0,0.0,0.0,0.033467202141900944,0.10040160642570284,0.3681392235609104,1.900937081659967,7.978580990629185,12.637215528781796,5.381526104417672,1.3253012048192774,0.22757697456492643,0.046854082998661326,4.33854351687389,2.9074760027153457,5.0,2.522624895547565,1.1524604929173832,4.405746320953049,2.95280239133543,4.280851063829787,2.8549798447604195,0.9716517366128687,0.388,0.01007,0.0,0.0,0.0,0.0,0.0,0.0,0.0,0.0,0.0,0.0,0.5287817938420349,26.258366800535438,3.212851405622491,0.0,0.0,0.0,0.0,0.0,0.0,0.0,0.0,0.0,0.0,0.0,0.0,0.0,0.0,0.0,0.0,0.0,nan,nan,4.343672893902009,2.9052672334442664,nan,0.388,0.05307,0.0,0.0,0.0,0.0,0.0,0.0,0.0,0.0,0.0,0.0,0.0,0.0,0.0,0.0,0.0,0.0,0.0003123605533244087,0.0,0.0,0.0,0.00023427041499330656,0.000892458723784025,0.0009593931280678269,0.0009482373940205266,0.0012605979473449354,0.0003458277554663097,0.0107429718875502,0.005834448906738063,0.009147701918786257,0.010051316376617582,0.023092369477911646,0.026617581436858544,0.019801427933958053,0.05546630968317715,0.03428157072735386,0.07590361445783132,0.0573516287371709,0.06819500223114681,0.0716309683177153,0.08607764390896921,0.0646251673360107,0.08686970102632753,0.07211066488174922,0.04312806782686301,0.04834895136099955,0.03529674252565819,0.018451584114234715,0.022657295850066934,0.009895136099955378,0.006548415885765283,0.01140116019634092,0.0009370816599732262,0.015941543953592145,0.003369031682284694,2.2311468094600625e-05,0.0008478357875948237,5.577867023650156e-05,0.0003458277554663097,0.0,0.0,0.0,0.0,0.0,0.0,0.0,0.0,0.0,0.0,0.0,0.0,0.0,0.0,0.0,0.0,0.0,0.0,0.0,0.0,0.0,0.0,0.0,0.0,0.0,0.0,0.0,0.0,0.0,0.0,0.0,0.0,0.0,0.0,0.0,0.0,0.0,0.0,0.0,0.0,0.0,0.0,0.0,nan,nan,4.343672893902009,2.9052672334442664,nan,0.8447384880594411,0.033465901191679595,0.0,0.0,0.0,0.0,0.0,0.0,0.0,0.0,0.0,0.0,0.0,0.0,0.0,0.0,0.0,0.0,0.0,0.0,0.0,0.0,0.03884333189469142,0.051791109192921896,0.31074665515753136,2.0975399223133295,7.833405265429437,12.649978420371173,5.515753129046182,1.2688821752265862,0.20716443677168758,0.025895554596460948,0.8445398246718885,0.0348981237418504,0.0,0.0,0.0,0.0,0.0,0.0,0.0,0.0,0.0,0.0,0.0,0.0,0.0,0.0,0.0,0.0,0.0,0.0,0.0,0.0,0.027713625866050817,0.15242494226327946,0.42956120092378763,1.6905311778290941,8.133949191685915,12.623556581986147,5.237875288683604,1.3856812933025406,0.24942263279445734,0.06928406466512703,0.3882,0.00982,0.0,0.0,0.0,0.0,0.0,0.0,0.0,0.0,0.0,0.0,0.5049633146309884,26.296935692706047,3.198100992662927,0.0,0.0,0.0,0.0,0.0,0.0,0.0,0.0,0.0,0.0,0.0,0.0,0.0,0.0,0.0,0.0,0.0,0.3877,0.01032,0.0,0.0,0.0,0.0,0.0,0.0,0.0,0.0,0.0,0.0,0.5542725173210162,26.217090069284026,3.22863741339492,0.0,0.0,0.0,0.0,0.0,0.0,0.0,0.0,0.0,0.0,0.0,0.0,0.0,0.0,0.0,0.0,0.0
55100,4737,2471,0.521638167616635,1173,978,0.45408486383787205,1344,0.5674477517416087,0.39799999999999996,2.9112974404236542,3.05691602156442,6.46021840873635,2.2115974169873063,8381.628119062696,506.2252933174833,7853.0,8866.4,8866.4,0.0,7853.0,0.0,28.05150939413131,20.751357477935773,32.743647234678626,19.062449575219702,0.13489550348321722,0.09921891492505805,0.09351910491872494,0.0859193582436141,0.08781929491239181,0.07494194637956512,0.06565336710998522,0.06544226303567659,0.056998100063331225,0.0512982900569981,0.047076208570825416,0.045598480050664976,0.030187882626134685,0.030398986700443317,0.01372176483006122,0.008866371120962635,0.008444162972345366,0.8443627784668405,0.03345459557878589,0.0,0.0,0.0,0.0,0.0,0.0,0.0,0.0,0.0,0.0,0.0,0.0,0.0,0.0,0.0,0.0,0.0,0.0,0.0,0.006333122229259026,0.006333122229259026,0.05066497783407221,0.3863204559848006,1.9252691576947374,8.340721975934137,12.672577580747312,5.117162761241293,1.1209626345788475,0.32298923369221033,0.05066497783407221,4.114722131946701,2.9010606852640857,3.8333333333333335,3.304037933599835,0.9316141431693127,4.058177117000646,2.918275347117986,4.167958656330749,2.8879070178984527,1.0270519339508872,0.3877,0.01016,0.0,0.0,0.0,0.0,0.0,0.0,0.0,0.0,0.0,0.0,0.5383153894870172,26.06079797340085,3.400886637112097,0.0,0.0,0.0,0.0,0.0,0.0,0.0,0.0,0.0,0.0,0.0,0.0,0.0,0.0,0.0,0.0,0.0,nan,nan,4.113085621970921,2.903644861856143,nan,0.3877,0.05264,0.0,0.0,0.0,0.0,0.0,0.0,0.0,0.0,0.0,0.0,0.0,0.0,0.0,0.0,0.0,0.0,0.00024276968545492927,0.0,0.0,2.1110407430863417e-05,8.444162972345367e-05,0.0006755330377876293,0.000939413130673422,0.0009183027232425586,0.001161072408697488,0.00016888325944690733,0.010291323622545916,0.006132573358665822,0.008222503694321301,0.010143550770529872,0.024181971712054044,0.025628034621068187,0.019812117373865314,0.05642811906269791,0.03396664555625924,0.07773907536415453,0.05711420730420097,0.06850327211315178,0.07165927802406587,0.08887481528393498,0.06408064175638589,0.08873759763563437,0.07106818661600169,0.04158750263880093,0.04735064386742664,0.03404053198226726,0.017838294279079587,0.022535359932446698,0.010312434029976779,0.007040320878192949,0.010344099641123074,0.0010344099641123074,0.016898881148406163,0.0032721131517838295,0.0,0.0007388642600802195,0.0,0.00016888325944690733,4.222081486172683e-05,0.0,0.0,0.0,0.0,0.0,0.0,0.0,0.0,0.0,0.0,0.0,0.0,0.0,0.0,0.0,0.0,0.0,0.0,0.0,0.0,0.0,0.0,0.0,0.0,0.0,0.0,0.0,0.0,0.0,0.0,0.0,0.0,0.0,0.0,0.0,0.0,0.0,0.0,0.0,0.0,0.0,0.0,nan,nan,4.113085621970921,2.903644861856143,nan,0.8450856500673468,0.033907784745415906,0.0,0.0,0.0,0.0,0.0,0.0,0.0,0.0,0.0,0.0,0.0,0.0,0.0,0.0,0.0,0.0,0.0,0.0,0.0,0.012140833670578716,0.0,0.07284500202347229,0.3885066774585189,1.7847025495750652,8.110076891946582,12.942128692836912,5.123431808984218,1.0926750303520845,0.4249291784702551,0.048563334682314864,0.8435745102740555,0.03293522566085588,0.0,0.0,0.0,0.0,0.0,0.0,0.0,0.0,0.0,0.0,0.0,0.0,0.0,0.0,0.0,0.0,0.0,0.0,0.0,0.0,0.013239187996469552,0.026478375992939104,0.38393645189761705,2.078552515445713,8.592233009708739,12.378640776699033,5.110326566637247,1.151809355692851,0.21182700794351284,0.05295675198587821,0.388,0.01019,0.0,0.0,0.0,0.0,0.0,0.0,0.0,0.0,0.0,0.0,0.49777418049372735,26.0420882233913,3.460137596114934,0.0,0.0,0.0,0.0,0.0,0.0,0.0,0.0,0.0,0.0,0.0,0.0,0.0,0.0,0.0,0.0,0.0,0.3877,0.01013,0.0,0.0,0.0,0.0,0.0,0.0,0.0,0.0,0.0,0.0,0.5825242718446603,26.081200353044974,3.3362753751103273,0.0,0.0,0.0,0.0,0.0,0.0,0.0,0.0,0.0,0.0,0.0,0.0,0.0,0.0,0.0,0.0,0.0
55200,4688,2420,0.5162116040955631,1157,937,0.4466723549488055,1309,0.5584470989761092,0.40599999999999997,2.991622574955908,3.103366269021756,6.4880239520958085,2.2363706267666412,8376.128839590443,506.43359212211755,7853.0,8866.4,8866.399999999998,1.8189894035458565e-12,7853.0,0.0,28.51066552901024,21.148394243517767,33.3116654069035,19.427439729279428,0.1348122866894198,0.0985494880546075,0.09534982935153584,0.07636518771331058,0.08511092150170649,0.07764505119453925,0.06868600682593856,0.05844709897610922,0.06463310580204779,0.0507679180887372,0.05204778156996587,0.03732935153583618,0.03135665529010239,0.027090443686006827,0.019411262798634813,0.014078498293515358,0.008319112627986349,0.8437116787778436,0.034335077626762335,0.0,0.0,0.0,0.0,0.0,0.0,0.0,0.0,0.0,0.0,0.0,0.0,0.0,0.0,0.0,0.0,0.0,0.0,0.0,0.0,0.0,0.0959897610921502,0.39035836177474414,2.143771331058014,8.229522184300343,12.689846416382256,4.87627986348123,1.2542662116040957,0.26877133105802054,0.05119453924914677,4.2578843626806835,2.897422887225206,3.7333333333333334,2.7194770739161522,0.8768047732942417,4.191852825229961,2.863286453260484,4.318152244632401,2.9282710499231994,1.0301297361019615,0.3882,0.01015,0.0,0.0,0.0,0.0,0.0,0.0,0.0,0.0,0.0,0.0,0.499146757679181,25.770051194539214,3.730802047781571,0.0,0.0,0.0,0.0,0.0,0.0,0.0,0.0,0.0,0.0,0.0,0.0,0.0,0.0,0.0,0.0,0.0,nan,nan,4.255312193527296,2.896808739816153,nan,0.3882,0.0527,0.0,0.0,0.0,0.0,0.0,0.0,0.0,0.0,0.0,0.0,0.0,0.0,0.0,0.0,0.0,0.0,0.0005439419795221843,0.0,0.0,0.0,1.0665529010238908e-05,0.0007145904436860069,0.0005652730375426622,0.00047994880546075084,0.0011305460750853243,0.00010665529010238908,0.01142278156996587,0.006207337883959044,0.007807167235494881,0.009726962457337883,0.022333617747440273,0.024680034129692833,0.018323378839590444,0.05735921501706485,0.03238054607508532,0.08014078498293516,0.0589910409556314,0.06694752559726963,0.0719283276450512,0.0890358361774744,0.06382252559726963,0.08719069965870307,0.07064846416382252,0.04405930034129693,0.049189419795221845,0.03296715017064846,0.016584897610921502,0.02226962457337884,0.011017491467576792,0.007049914675767918,0.011081484641638226,0.0013225255972696246,0.01824872013651877,0.0028690273037542662,0.0,0.0007785836177474402,0.0,6.399317406143345e-05,0.0,0.0,0.0,0.0,0.0,0.0,0.0,0.0,0.0,0.0,0.0,0.0,0.0,0.0,0.0,0.0,0.0,0.0,0.0,0.0,0.0,0.0,0.0,0.0,0.0,0.0,0.0,0.0,0.0,0.0,0.0,0.0,0.0,0.0,0.0,0.0,0.0,0.0,0.0,0.0,0.0,0.0,0.0,nan,nan,4.255312193527296,2.896808739816153,nan,0.8434725692695823,0.03412940464556338,0.0,0.0,0.0,0.0,0.0,0.0,0.0,0.0,0.0,0.0,0.0,0.0,0.0,0.0,0.0,0.0,0.0,0.0,0.0,0.0,0.0,0.11157024793388431,0.34710743801652905,2.169421487603299,8.219008264462811,12.954545454545457,4.685950413223141,1.2272727272727275,0.22314049586776863,0.061983471074380174,0.8439668132619673,0.034551359901120696,0.0,0.0,0.0,0.0,0.0,0.0,0.0,0.0,0.0,0.0,0.0,0.0,0.0,0.0,0.0,0.0,0.0,0.0,0.0,0.0,0.0,0.07936507936507937,0.4365079365079366,2.11640211640211,8.240740740740742,12.40740740740741,5.07936507936508,1.2830687830687832,0.3174603174603175,0.03968253968253969,0.3882,0.010155,0.0,0.0,0.0,0.0,0.0,0.0,0.0,0.0,0.0,0.0,0.43388429752066127,25.82231404958674,3.7438016528925626,0.0,0.0,0.0,0.0,0.0,0.0,0.0,0.0,0.0,0.0,0.0,0.0,0.0,0.0,0.0,0.0,0.0,0.3884,0.01013,0.0,0.0,0.0,0.0,0.0,0.0,0.0,0.0,0.0,0.0,0.5687830687830688,25.714285714285676,3.7169312169312176,0.0,0.0,0.0,0.0,0.0,0.0,0.0,0.0,0.0,0.0,0.0,0.0,0.0,0.0,0.0,0.0,0.0
55300,4610,2367,0.5134490238611714,1110,911,0.4383947939262473,1261,0.5470715835140998,0.40599999999999997,2.942041908158716,3.0900055655344247,6.409785932721713,2.1468194845234025,8373.329240780911,506.516666848916,7853.0,8866.4,8866.4,0.0,7853.0,0.0,28.31583514099783,21.10141889542391,33.190892719320814,19.388837715032516,0.1316702819956616,0.10629067245119306,0.09739696312364425,0.08156182212581345,0.08004338394793926,0.06572668112798265,0.07114967462039046,0.062472885032537964,0.06030368763557484,0.05726681127982646,0.05010845986984815,0.04099783080260304,0.03383947939262473,0.0210412147505423,0.018872017353579174,0.011713665943600867,0.009544468546637744,0.841607292794871,0.03296261721396776,0.0,0.0,0.0,0.0,0.0,0.0,0.0,0.0,0.0,0.0,0.0,0.0,0.0,0.0,0.0,0.0,0.0,0.0,0.0,0.0,0.006507592190889372,0.0715835140997831,0.383947939262473,2.1865509761388218,9.065075921908896,12.605206073752715,4.509761388286335,0.8590021691973971,0.20173535791757055,0.11062906724511933,4.225817438692098,2.8723573945617757,4.190476190476191,2.1956460730282865,0.991636825601523,4.257844474761255,2.8532233021318665,4.19382964453387,2.882331666696401,0.9849654371814569,0.3882,0.01012,0.0,0.0,0.0,0.0,0.0,0.0,0.0,0.0,0.0,0.0,0.4685466377440348,26.004338394793887,3.52711496746204,0.0,0.0,0.0,0.0,0.0,0.0,0.0,0.0,0.0,0.0,0.0,0.0,0.0,0.0,0.0,0.0,0.0,nan,nan,4.225566452485627,2.868116050204503,nan,0.3882,0.05325,0.0,0.0,0.0,0.0,0.0,0.0,0.0,0.0,0.0,0.0,0.0,0.0,0.0,0.0,0.0,0.0,0.0006073752711496746,0.0,0.0,3.253796095444685e-05,2.1691973969631237e-05,0.0007049891540130152,0.0004772234273318872,0.0007483731019522777,0.001453362255965293,0.00020607375271149673,0.011399132321041216,0.006008676789587853,0.008568329718004338,0.01042299349240781,0.02241865509761388,0.024023861171366595,0.019566160520607376,0.05655097613882863,0.031236442516268982,0.08056399132321042,0.061616052060737524,0.06699566160520608,0.07013015184381778,0.09091106290672452,0.06292841648590022,0.08630151843817788,0.07151843817787419,0.041496746203904554,0.04711496746203905,0.03174620390455531,0.01675704989154013,0.021876355748373103,0.011301518438177874,0.007505422993492408,0.0113882863340564,0.0012147505422993492,0.020835140997830803,0.002852494577006508,2.1691973969631237e-05,0.0004663774403470716,0.0,1.0845986984815618e-05,0.0,0.0,0.0,0.0,0.0,0.0,0.0,0.0,0.0,0.0,0.0,0.0,0.0,0.0,0.0,0.0,0.0,0.0,0.0,0.0,0.0,0.0,0.0,0.0,0.0,0.0,0.0,0.0,0.0,0.0,0.0,0.0,0.0,0.0,0.0,0.0,0.0,0.0,0.0,0.0,0.0,0.0,0.0,nan,nan,4.225566452485627,2.868116050204503,nan,0.8417701273212264,0.032974289289531035,0.0,0.0,0.0,0.0,0.0,0.0,0.0,0.0,0.0,0.0,0.0,0.0,0.0,0.0,0.0,0.0,0.0,0.0,0.0,0.0,0.012674271229404312,0.07604562737642587,0.4182509505703423,2.1419518377693216,8.84664131812421,12.699619771863121,4.651457541191382,0.9125475285171104,0.16476552598225608,0.07604562737642587,0.8414354562706252,0.032949422715989045,0.0,0.0,0.0,0.0,0.0,0.0,0.0,0.0,0.0,0.0,0.0,0.0,0.0,0.0,0.0,0.0,0.0,0.0,0.0,0.0,0.0,0.0668747213553277,0.3477485510477041,2.2336156932679376,9.29558626839055,12.505572893446281,4.360231832367366,0.8024966562639324,0.24074899687917972,0.14712438698172092,0.3882,0.009995,0.0,0.0,0.0,0.0,0.0,0.0,0.0,0.0,0.0,0.0,0.4182509505703423,26.185044359949266,3.3967046894803556,0.0,0.0,0.0,0.0,0.0,0.0,0.0,0.0,0.0,0.0,0.0,0.0,0.0,0.0,0.0,0.0,0.0,0.3882,0.010254,0.0,0.0,0.0,0.0,0.0,0.0,0.0,0.0,0.0,0.0,0.521622826571556,25.81364244315645,3.664734730271958,0.0,0.0,0.0,0.0,0.0,0.0,0.0,0.0,0.0,0.0,0.0,0.0,0.0,0.0,0.0,0.0,0.0
55400,4705,2422,0.5147715196599363,1103,955,0.43740701381509034,1337,0.5683315621679065,0.414,3.0402978537012704,3.103436030948015,6.580209895052474,2.0932026674974478,8374.669458023378,506.4788300871875,7853.0,8866.4,8866.4,0.0,7853.0,0.0,28.641657810839533,21.1225754952218,33.65530303030303,19.25535796244017,0.138788522848034,0.09670563230605739,0.0922422954303932,0.07970244420828905,0.07863974495217853,0.07141339001062699,0.06928799149840595,0.06439957492029756,0.056535600425079706,0.0561105207226355,0.051647183846971305,0.044208289054197665,0.037619553666312436,0.025292242295430395,0.02146652497343252,0.009351753453772583,0.006588735387885228,0.8420447236926599,0.03389771176383545,0.0,0.0,0.0,0.0,0.0,0.0,0.0,0.0,0.0,0.0,0.0,0.0,0.0,0.0,0.0,0.0,0.0,0.0,0.0,0.0,0.0,0.12114771519659939,0.40807651434644004,2.129649309245477,9.035069075451649,12.133900106269929,4.89691817215728,0.9755579171094582,0.24229543039319879,0.05738575982996813,4.304592005285762,2.8797715705168287,4.517241379310345,2.823798977596309,1.049400587503639,4.256308100929615,2.879273493774596,4.355483870967742,2.8785220655742627,1.0233008907453074,0.3877,0.01008,0.0,0.0,0.0,0.0,0.0,0.0,0.0,0.0,0.0,0.0,0.5674814027630182,26.065887353878814,3.3666312433581305,0.0,0.0,0.0,0.0,0.0,0.0,0.0,0.0,0.0,0.0,0.0,0.0,0.0,0.0,0.0,0.0,0.0,nan,nan,4.306609947643979,2.8793193412335434,nan,0.3877,0.05338,0.0,0.0,0.0,0.0,0.0,0.0,0.0,0.0,0.0,0.0,0.0,0.0,0.0,0.0,0.0,0.0,0.0008182784272051009,0.0,0.0,3.188097768331562e-05,0.0,0.0007545164718384697,0.0005951115834218916,0.0007226354941551541,0.0015196599362380446,0.00035069075451647184,0.0120403825717322,0.006907545164718385,0.007268862911795962,0.010658873538788523,0.02359192348565356,0.023581296493092454,0.018873538788522846,0.05485653560042508,0.031030818278427207,0.08458023379383635,0.06228480340063762,0.06653560042507971,0.06703506907545165,0.09435706695005314,0.06415515409139214,0.08293304994686504,0.07207226354941551,0.04082890541976621,0.04658873538788523,0.03233793836344315,0.01703506907545165,0.021370882040382573,0.011445270988310309,0.007407013815090329,0.01075451647183847,0.0009458023379383634,0.02038257173219979,0.002529224229543039,0.0001487778958554729,0.0006695005313496281,0.0,0.0,0.0,0.0,0.0,0.0,0.0,0.0,0.0,0.0,0.0,0.0,0.0,0.0,0.0,0.0,0.0,0.0,0.0,0.0,0.0,0.0,0.0,0.0,0.0,0.0,0.0,0.0,0.0,0.0,0.0,0.0,0.0,0.0,0.0,0.0,0.0,0.0,0.0,0.0,0.0,0.0,0.0,0.0,0.0,nan,nan,4.306609947643979,2.8793193412335434,nan,0.8416489318911444,0.03401175621571076,0.0,0.0,0.0,0.0,0.0,0.0,0.0,0.0,0.0,0.0,0.0,0.0,0.0,0.0,0.0,0.0,0.0,0.0,0.0,0.0,0.0,0.08670520231213875,0.4706853839801818,2.2791081750619253,8.955408753096616,11.990090834021473,4.966969446738234,0.9289843104872009,0.2725020644095789,0.04954582989265072,0.8424646131991296,0.03377123234873009,0.0,0.0,0.0,0.0,0.0,0.0,0.0,0.0,0.0,0.0,0.0,0.0,0.0,0.0,0.0,0.0,0.0,0.0,0.0,0.0,0.0,0.15768725361366626,0.3416557161629436,1.971090670170822,9.119579500657032,12.286465177398163,4.822601839684626,1.0249671484888307,0.21024967148488835,0.06570302233902761,0.3877,0.01006,0.0,0.0,0.0,0.0,0.0,0.0,0.0,0.0,0.0,0.0,0.5697770437654832,26.09826589595372,3.3319570602807604,0.0,0.0,0.0,0.0,0.0,0.0,0.0,0.0,0.0,0.0,0.0,0.0,0.0,0.0,0.0,0.0,0.0,0.3877,0.010086,0.0,0.0,0.0,0.0,0.0,0.0,0.0,0.0,0.0,0.0,0.5650459921156374,26.031537450722695,3.40341655716163,0.0,0.0,0.0,0.0,0.0,0.0,0.0,0.0,0.0,0.0,0.0,0.0,0.0,0.0,0.0,0.0,0.0
55500,4766,2496,0.5237096097356274,1170,966,0.4481745698699119,1324,0.5556021821233739,0.41,3.0286343612334803,3.056670236841533,6.521936459909228,2.0927552871460957,8383.727318506084,506.13000105250325,7853.0,8866.4,8866.4,0.0,7853.0,0.0,28.25996642887117,21.001952737750486,33.240828550037435,19.190236737381305,0.1405791019723038,0.09651699538396978,0.08875367184221569,0.08224926563155686,0.08497691984892992,0.07259756609315988,0.07700377675199328,0.062316407889215275,0.05497272345782627,0.05644146034410407,0.04678976080570709,0.03965589592950063,0.03210239194292908,0.02643726395300042,0.01825430130088124,0.013008812421317666,0.007343684431389006,0.8412822476340801,0.03425181334079253,0.0,0.0,0.0,0.0,0.0,0.0,0.0,0.0,0.0,0.0,0.0,0.0,0.0,0.0,0.0,0.0,0.0,0.0,0.0,0.006294586655476292,0.006294586655476292,0.09441879983214438,0.4469156525388167,2.2031053294166947,9.322282836760387,11.915652538816621,4.651699538396979,1.0637851447754934,0.23919429290809907,0.050356693243810334,4.157105606258149,2.8494535660530476,5.366666666666666,2.287405128573035,1.2909623124771312,4.168072680077872,2.783732895902539,4.169556840077071,2.90827855138513,1.0003560782436192,0.388,0.01038,0.0,0.0,0.0,0.0,0.0,0.0,0.0,0.0,0.0,0.0,0.5035669324381034,25.877045740662993,3.6193873268988677,0.0,0.0,0.0,0.0,0.0,0.0,0.0,0.0,0.0,0.0,0.0,0.0,0.0,0.0,0.0,0.0,0.0,nan,nan,4.168818592640413,2.8470085483968313,nan,0.388,0.05426,0.0,0.0,0.0,0.0,0.0,0.0,0.0,0.0,0.0,0.0,0.0,0.0,0.0,0.0,0.0,0.0,0.0008602601762484264,0.0,0.0,9.441879983214435e-05,0.0,0.0010700797314309694,0.0005770037767519933,0.0008182962652119178,0.001112043642467478,0.0001888375996642887,0.012641628199748216,0.007689886697440201,0.0070919009651699534,0.012012169534200588,0.024223667645824593,0.024297104490138482,0.018443138900545532,0.05297943768359211,0.032343684431389005,0.08349769198489299,0.0647608057070919,0.06186529584557281,0.06698489299202685,0.09093579521611414,0.06651279899286613,0.08234368443138901,0.06881032312211498,0.042299622324800674,0.046926143516575744,0.032385648342425515,0.017173730591691146,0.020793117918590013,0.01189676877885019,0.007354175409148133,0.011603021401594629,0.0008602601762484264,0.023143096936634494,0.0026017624842635334,0.0001888375996642887,0.0006084767100293748,1.049097775912715e-05,0.0,0.0,0.0,0.0,0.0,0.0,0.0,0.0,0.0,0.0,0.0,0.0,0.0,0.0,0.0,0.0,0.0,0.0,0.0,0.0,0.0,0.0,0.0,0.0,0.0,0.0,0.0,0.0,0.0,0.0,0.0,0.0,0.0,0.0,0.0,0.0,0.0,0.0,0.0,0.0,0.0,0.0,0.0,0.0,nan,nan,4.168818592640413,2.8470085483968313,nan,0.8414145513222768,0.03361015284288645,0.0,0.0,0.0,0.0,0.0,0.0,0.0,0.0,0.0,0.0,0.0,0.0,0.0,0.0,0.0,0.0,0.0,0.0,0.0,0.012019230769230772,0.0,0.0841346153846154,0.40865384615384626,2.091346153846147,9.51923076923077,12.019230769230772,4.579326923076924,1.0336538461538463,0.19230769230769235,0.060096153846153855,0.8411367718606269,0.03494318104769278,0.0,0.0,0.0,0.0,0.0,0.0,0.0,0.0,0.0,0.0,0.0,0.0,0.0,0.0,0.0,0.0,0.0,0.0,0.0,0.0,0.013215859030837008,0.10572687224669607,0.48898678414096924,2.3259911894273055,9.105726872246697,11.801762114537448,4.731277533039648,1.0969162995594717,0.29074889867841414,0.039647577092511016,0.3877,0.010315,0.0,0.0,0.0,0.0,0.0,0.0,0.0,0.0,0.0,0.0,0.5048076923076924,25.985576923076884,3.5096153846153855,0.0,0.0,0.0,0.0,0.0,0.0,0.0,0.0,0.0,0.0,0.0,0.0,0.0,0.0,0.0,0.0,0.0,0.388,0.01045,0.0,0.0,0.0,0.0,0.0,0.0,0.0,0.0,0.0,0.0,0.5022026431718063,25.757709251101282,3.740088105726873,0.0,0.0,0.0,0.0,0.0,0.0,0.0,0.0,0.0,0.0,0.0,0.0,0.0,0.0,0.0,0.0,0.0
55600,4615,2396,0.5191765980498375,1137,948,0.4517876489707476,1281,0.5551462621885157,0.41,2.9134745380802163,3.095693785585162,6.5453074433656955,2.2176226343084213,8379.133564463706,506.32719319846416,7853.0,8866.4,8866.399999999998,1.8189894035458565e-12,7853.0,0.0,27.668255687973996,20.726967268439797,32.502963153826336,19.05926027411011,0.13456121343445288,0.10530877573131094,0.09404117009750812,0.09339111592632719,0.08255687973997833,0.07605633802816901,0.06543878656554714,0.06088840736728061,0.059154929577464786,0.051787648970747564,0.04485373781148429,0.03878656554712893,0.03228602383531961,0.025785482123510294,0.019934994582881907,0.009317443120260022,0.0058504875406283855,0.8418092791334134,0.033230138392043085,0.0,0.0,0.0,0.0,0.0,0.0,0.0,0.0,0.0,0.0,0.0,0.0,0.0,0.0,0.0,0.0,0.0,0.0,0.0,0.0,0.0,0.05850487540628387,0.39653304442036846,2.2881906825568725,9.068255687974,12.22751895991333,4.693391115926328,0.9685807150595885,0.2470205850487541,0.052004333694474554,4.1988540613414225,2.9206259575230646,4.066666666666666,2.3513589451397867,0.9685182212233102,4.151226158038147,2.8849921482469494,4.241903502974224,2.9491687602910126,1.0218435087571645,0.3882,0.010086,0.0,0.0,0.0,0.0,0.0,0.0,0.0,0.0,0.0,0.0,0.5005417118093175,25.75514626218848,3.744312026002168,0.0,0.0,0.0,0.0,0.0,0.0,0.0,0.0,0.0,0.0,0.0,0.0,0.0,0.0,0.0,0.0,0.0,nan,nan,4.198189134808853,2.9180553494713095,nan,0.3882,0.05408,0.0,0.0,0.0,0.0,0.0,0.0,0.0,0.0,0.0,0.0,0.0,0.0,0.0,0.0,0.0,0.0,0.0007150595882990249,1.0834236186348862e-05,0.0,4.333694474539545e-05,0.0,0.0012892741061755145,0.0006500541711809318,0.0006392199349945828,0.0014409534127843987,7.583965330444204e-05,0.012946912242686891,0.0068689057421451784,0.005958829902491874,0.010812567713976165,0.023867822318526542,0.02275189599133261,0.021668472372697724,0.05243770314192849,0.0323943661971831,0.08446370530877573,0.06244853737811484,0.06399783315276274,0.06654387865655471,0.08954496208017335,0.06631635969664139,0.08106175514626218,0.07127843986998916,0.04228602383531961,0.04739978331527627,0.03305525460455038,0.01654387865655471,0.023076923076923078,0.012383531960996749,0.007475622968580715,0.010411700975081256,0.0006500541711809318,0.022903575297941497,0.002621885157096425,0.00015167930660888408,0.0008017334777898159,0.0,1.0834236186348862e-05,0.0,0.0,0.0,0.0,0.0,0.0,0.0,0.0,0.0,0.0,0.0,0.0,0.0,0.0,0.0,0.0,0.0,0.0,0.0,0.0,0.0,0.0,0.0,0.0,0.0,0.0,0.0,0.0,0.0,0.0,0.0,0.0,0.0,0.0,0.0,0.0,0.0,0.0,0.0,0.0,0.0,0.0,0.0,nan,nan,4.198189134808853,2.9180553494713095,nan,0.8424338738438681,0.03456843385200176,0.0,0.0,0.0,0.0,0.0,0.0,0.0,0.0,0.0,0.0,0.0,0.0,0.0,0.0,0.0,0.0,0.0,0.0,0.0,0.0,0.0,0.10016694490818033,0.4757929883138565,2.1035058430717797,8.97746243739566,11.969949916527549,4.933222036727881,1.0016694490818032,0.3631051752921537,0.07512520868113523,0.8411348632135172,0.031707948588234114,0.0,0.0,0.0,0.0,0.0,0.0,0.0,0.0,0.0,0.0,0.0,0.0,0.0,0.0,0.0,0.0,0.0,0.0,0.0,0.0,0.0,0.013519603424966204,0.31095087877422267,2.4876070301937734,9.166291122127086,12.50563316809374,4.434429923388914,0.9328526363226681,0.12167643082469583,0.02703920684993241,0.3884,0.01018,0.0,0.0,0.0,0.0,0.0,0.0,0.0,0.0,0.0,0.0,0.5133555926544241,25.567612687812986,3.919031719532555,0.0,0.0,0.0,0.0,0.0,0.0,0.0,0.0,0.0,0.0,0.0,0.0,0.0,0.0,0.0,0.0,0.0,0.3882,0.00998,0.0,0.0,0.0,0.0,0.0,0.0,0.0,0.0,0.0,0.0,0.4867057232987833,25.95763857593507,3.5556557007661116,0.0,0.0,0.0,0.0,0.0,0.0,0.0,0.0,0.0,0.0,0.0,0.0,0.0,0.0,0.0,0.0,0.0
55700,4608,2409,0.5227864583333334,1186,916,0.4561631944444444,1282,0.5564236111111112,0.39799999999999996,2.9799909049567987,3.0604876456692764,6.425113464447806,2.1422707410886015,8382.791796875,506.1735462438585,7853.0,8866.4,8866.399999999998,1.8189894035458565e-12,7853.0,0.0,29.212022569444443,21.148654645273446,33.90203562340967,19.34899306816537,0.1284722222222222,0.09418402777777778,0.0915798611111111,0.08094618055555555,0.07769097222222222,0.0720486111111111,0.07465277777777778,0.06749131944444445,0.059027777777777776,0.05360243055555555,0.051215277777777776,0.04318576388888889,0.039496527777777776,0.027560763888888888,0.017361111111111112,0.013237847222222222,0.008246527777777778,0.8430346578825265,0.03327943609406134,0.0,0.0,0.0,0.0,0.0,0.0,0.0,0.0,0.0,0.0,0.0,0.0,0.0,0.0,0.0,0.0,0.0,0.0,0.0,0.0,0.0,0.07161458333333334,0.3645833333333334,1.9661458333333275,8.619791666666668,12.871093750000004,4.765625000000001,1.0546875000000002,0.18880208333333337,0.09765625000000003,4.033322443645868,2.85559001815098,3.6875,2.591301555203485,0.9142586667746638,4.035598705501618,2.8235076616397077,4.027415143603133,2.885188673908979,0.9979721566747138,0.3887,0.010185,0.0,0.0,0.0,0.0,0.0,0.0,0.0,0.0,0.0,0.0,0.3645833333333334,25.50781249999996,4.127604166666668,0.0,0.0,0.0,0.0,0.0,0.0,0.0,0.0,0.0,0.0,0.0,0.0,0.0,0.0,0.0,0.0,0.0,nan,nan,4.031524211894703,2.8543874143206707,nan,0.3887,0.05472,0.0,0.0,0.0,0.0,0.0,0.0,0.0,0.0,0.0,0.0,0.0,0.0,0.0,0.0,0.0,4.340277777777778e-05,0.00037977430555555556,0.0,0.0,1.0850694444444445e-05,0.0,0.001540798611111111,0.0008680555555555555,0.0010199652777777778,0.00146484375,0.0002495659722222222,0.012782118055555555,0.007215711805555556,0.0062282986111111115,0.009700520833333334,0.02261284722222222,0.022732204861111112,0.021690538194444445,0.053276909722222224,0.03358289930555555,0.08452690972222222,0.06354166666666666,0.061924913194444445,0.06739366319444444,0.09047309027777778,0.0642361111111111,0.07798394097222222,0.06952039930555555,0.040473090277777776,0.04865451388888889,0.033778211805555555,0.01884765625,0.023177083333333334,0.011783854166666666,0.005935329861111111,0.012706163194444444,0.0007161458333333333,0.024544270833333333,0.003179253472222222,9.765625e-05,0.0010416666666666667,0.0,6.510416666666667e-05,0.0,0.0,0.0,0.0,0.0,0.0,0.0,0.0,0.0,0.0,0.0,0.0,0.0,0.0,0.0,0.0,0.0,0.0,0.0,0.0,0.0,0.0,0.0,0.0,0.0,0.0,0.0,0.0,0.0,0.0,0.0,0.0,0.0,0.0,0.0,0.0,0.0,0.0,0.0,0.0,0.0,0.0,0.0,nan,nan,4.031524211894703,2.8543874143206707,nan,0.8431939379760169,0.033258590753675196,0.0,0.0,0.0,0.0,0.0,0.0,0.0,0.0,0.0,0.0,0.0,0.0,0.0,0.0,0.0,0.0,0.0,0.0,0.0,0.0,0.0,0.06226650062266502,0.41095890410958913,1.9427148194271422,8.542963885429641,12.988792029887923,4.719800747198009,1.0336239103362392,0.19925280199252807,0.09962640099626403,0.8428601668660561,0.03330138271761433,0.0,0.0,0.0,0.0,0.0,0.0,0.0,0.0,0.0,0.0,0.0,0.0,0.0,0.0,0.0,0.0,0.0,0.0,0.0,0.0,0.0,0.08185538881309687,0.3137789904502047,1.991814461118684,8.703956343792635,12.742155525238749,4.815825375170533,1.0777626193724423,0.17735334242837658,0.0954979536152797,0.3887,0.01024,0.0,0.0,0.0,0.0,0.0,0.0,0.0,0.0,0.0,0.0,0.39850560398505613,25.57907845579075,4.02241594022416,0.0,0.0,0.0,0.0,0.0,0.0,0.0,0.0,0.0,0.0,0.0,0.0,0.0,0.0,0.0,0.0,0.0,0.389,0.01012,0.0,0.0,0.0,0.0,0.0,0.0,0.0,0.0,0.0,0.0,0.3274215552523875,25.42974079126872,4.242837653478855,0.0,0.0,0.0,0.0,0.0,0.0,0.0,0.0,0.0,0.0,0.0,0.0,0.0,0.0,0.0,0.0,0.0
55800,4437,2291,0.5163398692810458,1084,886,0.4439936894297949,1260,0.5679513184584178,0.40199999999999997,2.973438956197577,3.1036374970651526,6.535545023696683,2.1753502875549224,8376.258823529412,506.429358709901,7853.0,8866.4,8866.4,0.0,7853.0,0.0,28.490421455938698,21.18932144867929,33.46052983676746,19.389093901200905,0.13838178949740815,0.10119450078882128,0.08879873788595898,0.08113590263691683,0.08158665765156638,0.07369844489519946,0.06693711967545639,0.06333107955826009,0.05769664187514086,0.051836826684696864,0.04980842911877394,0.0457516339869281,0.03606040117196304,0.027721433400946585,0.01712869055668244,0.011945007888212756,0.006986702727067838,0.8440390829033,0.03388444064604815,0.0,0.0,0.0,0.0,0.0,0.0,0.0,0.0,0.0,0.0,0.0,0.0,0.0,0.0,0.0,0.0,0.0,0.0,0.0,0.0,0.0,0.07437457741717378,0.42596348884381346,1.9202163624070256,8.356997971602436,12.609871534820828,5.300878972278568,0.960108181203516,0.2096010818120352,0.1419878296146045,4.247128437173686,2.913209040899513,4.555555555555555,2.732971972499743,1.0726201533446247,4.223505434782608,2.9614216428447997,4.277856135401975,2.8597351464170186,1.0128686233411142,0.389,0.01006,0.0,0.0,0.0,0.0,0.0,0.0,0.0,0.0,0.0,0.0,0.3515889114266397,25.38201487491545,4.2663962136578775,0.0,0.0,0.0,0.0,0.0,0.0,0.0,0.0,0.0,0.0,0.0,0.0,0.0,0.0,0.0,0.0,0.0,nan,nan,4.249048772051194,2.912222414692997,nan,0.389,0.05505,0.0,0.0,0.0,0.0,0.0,0.0,0.0,0.0,0.0,0.0,0.0,0.0,0.0,0.0,0.0,0.00010141987829614604,0.0003831417624521073,0.0,0.0,0.0,0.0,0.0016677935542032906,0.0005747126436781609,0.000878972278566599,0.0010480054090601758,0.000326797385620915,0.013691683569979716,0.006941627225602885,0.006896551724137931,0.010491322965967996,0.02419427541131395,0.021613702952445347,0.02200811359026369,0.052096010818120354,0.033671399594320486,0.08012170385395538,0.06029975208474194,0.06249718278115844,0.07289835474419652,0.08958755916159568,0.06295920667117422,0.07613252197430696,0.06981068289384719,0.04127789046653144,0.04854631507775524,0.0353166553977913,0.02003606040117196,0.02294343024566148,0.011235068740139733,0.006017579445571332,0.013917061077304485,0.000980392156862745,0.023675907144466983,0.004022988505747126,0.00018030200585981518,0.0009353166553977913,0.0,2.2537750732476897e-05,0.0,0.0,0.0,0.0,0.0,0.0,0.0,0.0,0.0,0.0,0.0,0.0,0.0,0.0,0.0,0.0,0.0,0.0,0.0,0.0,0.0,0.0,0.0,0.0,0.0,0.0,0.0,0.0,0.0,0.0,0.0,0.0,0.0,0.0,0.0,0.0,0.0,0.0,0.0,0.0,0.0,0.0,0.0,nan,nan,4.249048772051194,2.912222414692997,nan,0.8437414207296151,0.033599070108889684,0.0,0.0,0.0,0.0,0.0,0.0,0.0,0.0,0.0,0.0,0.0,0.0,0.0,0.0,0.0,0.0,0.0,0.0,0.0,0.0,0.0,0.07856831078131822,0.44522042776080323,1.92492361414229,8.446093408991707,12.63640331732868,5.250982103884767,0.9035355739851595,0.19642077695329554,0.11785246617197732,0.8443568573860175,0.03418360362268218,0.0,0.0,0.0,0.0,0.0,0.0,0.0,0.0,0.0,0.0,0.0,0.0,0.0,0.0,0.0,0.0,0.0,0.0,0.0,0.0,0.0,0.06989748369058715,0.40540540540540554,1.9151910531220817,8.261882572227401,12.581547064305688,5.354147250698976,1.0205032618825725,0.2236719478098789,0.16775396085740915,0.3887,0.010025,0.0,0.0,0.0,0.0,0.0,0.0,0.0,0.0,0.0,0.0,0.4059362723701441,25.456132693147058,4.13793103448276,0.0,0.0,0.0,0.0,0.0,0.0,0.0,0.0,0.0,0.0,0.0,0.0,0.0,0.0,0.0,0.0,0.0,0.3894,0.01009,0.0,0.0,0.0,0.0,0.0,0.0,0.0,0.0,0.0,0.0,0.29356943150046605,25.30288909599251,4.403541472506991,0.0,0.0,0.0,0.0,0.0,0.0,0.0,0.0,0.0,0.0,0.0,0.0,0.0,0.0,0.0,0.0,0.0
55900,4453,2284,0.5129126431619133,1054,927,0.4448686278913092,1254,0.5632158095665843,0.40199999999999997,2.962655601659751,3.058517579650641,6.498360655737705,2.089983277310045,8372.785672580285,506.53100119649287,7853.0,8866.4,8866.4,0.0,7853.0,0.0,27.984953963620033,20.942737322431864,32.991693461950696,19.180677174566906,0.1408039523916461,0.09746238490905008,0.09521670783741298,0.086683134965192,0.07680215584998877,0.07455647877835167,0.0729845048282057,0.0660229059061307,0.0570401976195823,0.04873119245452504,0.04918032786885246,0.039523916460812936,0.03278688524590164,0.024028744666516954,0.01886368740175163,0.012351223894004042,0.006961598922075006,0.8432957078937785,0.03457828600282978,0.0,0.0,0.0,0.0,0.0,0.0,0.0,0.0,0.0,0.0,0.0,0.0,0.0,0.0,0.0,0.0,0.0,0.0,0.0,0.0,0.02694812485964519,0.10779249943858076,0.4850662474736134,1.8324724904558667,8.4684482371435,12.793622277116555,4.9315068493150696,0.9499214013024929,0.3099034358859197,0.09431843700875817,4.273206751054852,2.818883378245955,4.5,2.661453237111885,1.0530733152308072,4.289131920710868,2.826819268250367,4.260683760683761,2.8090449329986216,0.993367385160214,0.3894,0.010574,0.0,0.0,0.0,0.0,0.0,0.0,0.0,0.0,0.0,0.0,0.4446440601841456,24.697956433864775,4.857399505951045,0.0,0.0,0.0,0.0,0.0,0.0,0.0,0.0,0.0,0.0,0.0,0.0,0.0,0.0,0.0,0.0,0.0,nan,nan,4.27510460251046,2.8176782080601157,nan,0.3894,0.05515,0.0,0.0,0.0,0.0,0.0,0.0,0.0,0.0,0.0,0.0,0.0,0.0,0.0,0.0,0.0,1.1228385358185493e-05,0.0003480799461037503,0.0,0.0,0.0,0.0,0.001639344262295082,0.0005277341118347182,0.0012126656186840332,0.000774758589714799,0.0004940489557601617,0.01310352571300247,0.00695037053671682,0.007130024702447788,0.010880305412081742,0.024219627217606107,0.020626543902986752,0.022288344935998204,0.05221199191556254,0.03206826858297777,0.08112508421289019,0.06007186166629239,0.06125084212890186,0.07241185717493824,0.08918706490006736,0.06410285200988097,0.07803727823938918,0.06652818324724905,0.04065798338198967,0.049809117448910846,0.03755894902313047,0.020772512912643162,0.022344486862789132,0.010195373905232428,0.005782618459465529,0.01424882101953739,0.001729171345160566,0.02471367617336627,0.0038176510217830676,0.0001459690096564114,0.0009880979115203235,0.0,3.368515607455648e-05,0.0,0.0,0.0,0.0,0.0,0.0,0.0,0.0,0.0,0.0,0.0,0.0,0.0,0.0,0.0,0.0,0.0,0.0,0.0,0.0,0.0,0.0,0.0,0.0,0.0,0.0,0.0,0.0,0.0,0.0,0.0,0.0,0.0,0.0,0.0,0.0,0.0,0.0,0.0,0.0,0.0,0.0,0.0,nan,nan,4.27510460251046,2.8176782080601157,nan,0.8425553768038123,0.03437637910098404,0.0,0.0,0.0,0.0,0.0,0.0,0.0,0.0,0.0,0.0,0.0,0.0,0.0,0.0,0.0,0.0,0.0,0.0,0.0,0.0,0.0394045534150613,0.0788091068301226,0.48598949211908943,2.0227670753064735,8.695271453590195,12.517513134851141,4.8730297723292475,0.8800350262697024,0.341506129597198,0.06567425569176884,0.8440752912084316,0.03477259769129307,0.0,0.0,0.0,0.0,0.0,0.0,0.0,0.0,0.0,0.0,0.0,0.0,0.0,0.0,0.0,0.0,0.0,0.0,0.0,0.0,0.013831258644536656,0.13831258644536656,0.48409405255878296,1.63208852005532,8.22959889349931,13.084370677731677,4.993084370677733,1.0235131396957124,0.27662517289073313,0.1244813278008299,0.3896,0.01066,0.0,0.0,0.0,0.0,0.0,0.0,0.0,0.0,0.0,0.0,0.47285464098073565,24.50963222416809,5.017513134851139,0.0,0.0,0.0,0.0,0.0,0.0,0.0,0.0,0.0,0.0,0.0,0.0,0.0,0.0,0.0,0.0,0.0,0.3892,0.010475,0.0,0.0,0.0,0.0,0.0,0.0,0.0,0.0,0.0,0.0,0.41493775933609967,24.89626556016594,4.688796680497926,0.0,0.0,0.0,0.0,0.0,0.0,0.0,0.0,0.0,0.0,0.0,0.0,0.0,0.0,0.0,0.0,0.0
56000,4472,2280,0.5098389982110912,1078,959,0.45550089445438285,1268,0.5670840787119857,0.40599999999999997,2.9302007299270074,3.07437613929052,6.554237288135593,2.1216256985414015,8369.67084078712,506.6018874165371,7853.0,8866.4,8866.399999999998,1.8189894035458565e-12,7853.0,0.0,27.31618962432916,20.704469779354064,32.605248917748916,18.88849327174002,0.1487030411449016,0.09995527728085868,0.09503577817531306,0.08206618962432916,0.08474955277280859,0.07401610017889088,0.06864937388193203,0.06618962432915922,0.05836314847942755,0.052772808586762074,0.04539355992844365,0.03443649373881932,0.03197674418604651,0.024150268336314847,0.015876565295169946,0.01095706618962433,0.006708407871198569,0.8449476880816099,0.03419536535262889,0.0,0.0,0.0,0.0,0.0,0.0,0.0,0.0,0.0,0.0,0.0,0.0,0.0,0.0,0.0,0.0,0.0,0.0,0.0,0.0,0.0,0.02683363148479428,0.37567084078712,1.9320214669051818,8.30500894454383,12.631932021466909,5.138640429338104,1.1672629695885512,0.2750447227191414,0.14758497316636854,4.289982425307557,2.8729246042604295,5.0625,2.946793808531571,1.180074764440803,4.372175141242938,2.8694356249067057,4.217993079584775,2.876263938195979,0.9647356163288712,0.3901,0.01059,0.0,0.0,0.0,0.0,0.0,0.0,0.0,0.0,0.0,0.0,0.37567084078712,24.425313059033954,5.199016100178891,0.0,0.0,0.0,0.0,0.0,0.0,0.0,0.0,0.0,0.0,0.0,0.0,0.0,0.0,0.0,0.0,0.0,nan,nan,4.294302691366655,2.87392045497074,nan,0.3901,0.05518,0.0,0.0,0.0,0.0,0.0,0.0,0.0,0.0,0.0,0.0,0.0,0.0,0.0,0.0,0.0,0.0,0.00029069767441860465,0.0,0.0,0.0,0.0,0.0014758497316636851,0.0004472271914132379,0.001699463327370304,0.0005366726296958855,0.0005366726296958855,0.013170840787119857,0.007345706618962433,0.006987924865831842,0.010107334525939177,0.02075134168157424,0.020259391771019677,0.021958855098389983,0.05188953488372093,0.031205277280858677,0.08193202146690519,0.06027504472271914,0.06038685152057245,0.07427325581395348,0.08866279069767442,0.06514982110912343,0.0769901610017889,0.0666144901610018,0.041938729874776384,0.05034660107334526,0.03701923076923077,0.02027057245080501,0.022629695885509837,0.010230322003577817,0.0063729874776386405,0.01605545617173524,0.0020460644007155634,0.02536896243291592,0.0033206618962432917,0.0003242397137745975,0.001050983899821109,0.0,1.1180679785330948e-05,0.0,0.0,0.0,0.0,6.708407871198568e-05,0.0,0.0,0.0,0.0,0.0,0.0,0.0,0.0,0.0,0.0,0.0,0.0,0.0,0.0,0.0,0.0,0.0,0.0,0.0,0.0,0.0,0.0,0.0,0.0,0.0,0.0,0.0,0.0,0.0,0.0,0.0,0.0,0.0,0.0,0.0,0.0,0.0,0.0,nan,nan,4.294302691366655,2.87392045497074,nan,0.8450209061043304,0.034278627261663475,0.0,0.0,0.0,0.0,0.0,0.0,0.0,0.0,0.0,0.0,0.0,0.0,0.0,0.0,0.0,0.0,0.0,0.0,0.0,0.0,0.0,0.026315789473684216,0.3947368421052633,1.9999999999999936,8.263157894736844,12.35526315789474,5.434210526315791,1.0789473684210529,0.3026315789473685,0.1447368421052632,0.8448715306492183,0.03410837839721527,0.0,0.0,0.0,0.0,0.0,0.0,0.0,0.0,0.0,0.0,0.0,0.0,0.0,0.0,0.0,0.0,0.0,0.0,0.0,0.0,0.0,0.027372262773722636,0.35583941605839425,1.861313868613133,8.348540145985403,12.919708029197084,4.8312043795620445,1.259124087591241,0.2463503649635037,0.15054744525547448,0.3904,0.01057,0.0,0.0,0.0,0.0,0.0,0.0,0.0,0.0,0.0,0.0,0.3026315789473685,24.40789473684207,5.289473684210527,0.0,0.0,0.0,0.0,0.0,0.0,0.0,0.0,0.0,0.0,0.0,0.0,0.0,0.0,0.0,0.0,0.0,0.3901,0.010605,0.0,0.0,0.0,0.0,0.0,0.0,0.0,0.0,0.0,0.0,0.4516423357664235,24.44343065693427,5.1049270072992705,0.0,0.0,0.0,0.0,0.0,0.0,0.0,0.0,0.0,0.0,0.0,0.0,0.0,0.0,0.0,0.0,0.0
56100,4458,2278,0.5109914759982055,1100,887,0.4457155675190668,1241,0.5567519066846119,0.40599999999999997,2.8977064220183486,3.0553148557784366,6.3800322061191626,2.178179150391696,8370.838761776582,506.57755377245485,7853.0,8866.4,8866.399999999998,1.8189894035458565e-12,7853.0,0.0,28.344100493494842,20.992062792370355,33.29077825159915,19.196227203280166,0.1386271870794078,0.09578286227007626,0.09219380888290714,0.08501570210856886,0.08052938537460745,0.07424854194706146,0.07065948855989233,0.06819201435621355,0.05652759084791386,0.04598474652310453,0.050022431583669806,0.04060116644235083,0.03835800807537012,0.02826379542395693,0.01816958277254374,0.008748317631224764,0.008075370121130552,0.8452487477757782,0.03410629402344556,0.0,0.0,0.0,0.0,0.0,0.0,0.0,0.0,0.0,0.0,0.0,0.0,0.0,0.0,0.0,0.0,0.0,0.0,0.0,0.0,0.0,0.08748317631224767,0.39703903095558557,1.9515477792732105,7.846567967698521,12.496635262449532,5.572005383580082,1.3795423956931363,0.19515477792732172,0.0740242261103634,4.182165163081193,2.8914770597184396,4.380952380952381,2.8531718436086178,1.047532129918258,4.174426685198054,2.919015667719419,4.192622950819672,2.8636692052068984,1.0043589855551036,0.3906,0.01055,0.0,0.0,0.0,0.0,0.0,0.0,0.0,0.0,0.0,0.0,0.34993270524899067,24.22611036339162,5.4239569313593545,0.0,0.0,0.0,0.0,0.0,0.0,0.0,0.0,0.0,0.0,0.0,0.0,0.0,0.0,0.0,0.0,0.0,nan,nan,4.183603169135377,2.8912508637790464,nan,0.3906,0.05548,0.0,0.0,0.0,0.0,0.0,0.0,0.0,0.0,0.0,0.0,0.0,0.0,0.0,0.0,0.0,0.0,0.00044863167339614175,0.0,0.0,0.0,0.0,0.0012113055181695827,0.00026917900403768504,0.0014468371467025573,0.0004934948407357559,0.00033647375504710633,0.013088829071332436,0.007694033198743832,0.006807985643786451,0.01145132346343652,0.021096904441453568,0.020255720053835802,0.022577388963660835,0.05028039479587259,0.0313369223867205,0.08403992821893226,0.0594773441004935,0.05746971736204576,0.07517945266935845,0.08626065500224316,0.06158591296545536,0.07644683714670256,0.07068192014356213,0.04124046657694033,0.051525347689546884,0.036810228802153434,0.02148945715567519,0.02307088380439659,0.009567070435172723,0.007548227904890085,0.015623598026020638,0.0015141318977119785,0.026816958277254374,0.0031179901301031853,0.0004037685060565276,0.0013010318528488111,0.0,0.0,0.0,0.0,0.0,0.0,3.364737550471063e-05,0.0,0.0,0.0,0.0,0.0,0.0,0.0,0.0,0.0,0.0,0.0,0.0,0.0,0.0,0.0,0.0,0.0,0.0,0.0,0.0,0.0,0.0,0.0,0.0,0.0,0.0,0.0,0.0,0.0,0.0,0.0,0.0,0.0,0.0,0.0,0.0,0.0,0.0,nan,nan,4.183603169135377,2.8912508637790464,nan,0.8448661303865586,0.03428986390796394,0.0,0.0,0.0,0.0,0.0,0.0,0.0,0.0,0.0,0.0,0.0,0.0,0.0,0.0,0.0,0.0,0.0,0.0,0.0,0.0,0.0,0.07901668129938544,0.4609306409130817,2.1334503950833996,7.54609306409131,12.603160667251979,5.531167690956981,1.4486391571553998,0.13169446883230906,0.06584723441615453,0.8456485653962564,0.033908797759130596,0.0,0.0,0.0,0.0,0.0,0.0,0.0,0.0,0.0,0.0,0.0,0.0,0.0,0.0,0.0,0.0,0.0,0.0,0.0,0.0,0.0,0.09633027522935782,0.33027522935779824,1.7614678899082514,8.160550458715598,12.385321100917434,5.61467889908257,1.3073394495412847,0.2614678899082569,0.08256880733944956,0.3904,0.0106,0.0,0.0,0.0,0.0,0.0,0.0,0.0,0.0,0.0,0.0,0.40825285338015815,24.10008779631252,5.491659350307288,0.0,0.0,0.0,0.0,0.0,0.0,0.0,0.0,0.0,0.0,0.0,0.0,0.0,0.0,0.0,0.0,0.0,0.3909,0.01049,0.0,0.0,0.0,0.0,0.0,0.0,0.0,0.0,0.0,0.0,0.28899082568807344,24.357798165137577,5.353211009174313,0.0,0.0,0.0,0.0,0.0,0.0,0.0,0.0,0.0,0.0,0.0,0.0,0.0,0.0,0.0,0.0,0.0
56200,4392,2287,0.5207194899817851,1073,891,0.4471766848816029,1239,0.5642076502732241,0.414,3.019477434679335,3.1487434001653156,6.697986577181208,2.1572562053196878,8380.697131147543,506.2647632253037,7853.0,8866.4,8866.399999999998,1.8189894035458565e-12,7853.0,0.0,28.596539162112933,21.132060839127256,33.45892809049286,19.357397994893915,0.13570127504553733,0.09335154826958106,0.09039162112932604,0.09153005464480875,0.07764116575591985,0.0767304189435337,0.07285974499089254,0.061247723132969036,0.056466302367941715,0.05487249544626594,0.0430327868852459,0.041666666666666664,0.03551912568306011,0.030737704918032786,0.01980874316939891,0.009562841530054645,0.008879781420765027,0.8454576990752055,0.033776108565012106,0.0,0.0,0.0,0.0,0.0,0.0,0.0,0.0,0.0,0.0,0.0,0.0,0.0,0.0,0.0,0.0,0.0,0.0,0.0,0.0,0.013661202185792353,0.027322404371584706,0.3825136612021859,1.912568306010923,7.821038251366122,13.032786885245905,5.095628415300547,1.4002732240437163,0.23907103825136616,0.07513661202185794,4.269619811649808,2.93366873346974,4.333333333333333,2.8440972010268717,1.0149225281158947,4.310082872928176,2.939041448162318,4.229428172942817,2.926757971769287,0.9812869723475725,0.3906,0.010445,0.0,0.0,0.0,0.0,0.0,0.0,0.0,0.0,0.0,0.0,0.3142076502732241,24.234972677595593,5.450819672131148,0.0,0.0,0.0,0.0,0.0,0.0,0.0,0.0,0.0,0.0,0.0,0.0,0.0,0.0,0.0,0.0,0.0,nan,nan,4.269951422623178,2.933213202666442,nan,0.3906,0.05594,0.0,0.0,0.0,0.0,0.0,0.0,0.0,0.0,0.0,0.0,0.0,0.0,0.0,0.0,0.0,0.0,0.0003870673952641166,0.0,0.0,0.0,0.0,0.0015824225865209473,0.0001593806921675774,0.001616575591985428,0.0004098360655737705,0.000284608378870674,0.014162112932604736,0.007194899817850637,0.006876138433515483,0.010576047358834243,0.02210837887067395,0.02170992714025501,0.02020719489981785,0.04936247723132969,0.032809653916211295,0.08590619307832423,0.06056466302367942,0.0569672131147541,0.07285974499089254,0.08574681238615665,0.06125910746812386,0.07323542805100182,0.07127732240437158,0.0412568306010929,0.05195810564663024,0.03555327868852459,0.022279143897996356,0.02290528233151184,0.009574225865209472,0.009050546448087431,0.01654143897996357,0.0011839708561020036,0.027140255009107467,0.0036885245901639345,0.00037568306010928964,0.0012295081967213116,0.0,0.0,0.0,0.0,0.0,0.0,0.0,0.0,0.0,0.0,0.0,0.0,0.0,0.0,0.0,0.0,0.0,0.0,0.0,0.0,0.0,0.0,0.0,0.0,0.0,0.0,0.0,0.0,0.0,0.0,0.0,0.0,0.0,0.0,0.0,0.0,0.0,0.0,0.0,0.0,0.0,0.0,0.0,0.0,0.0,nan,nan,4.269951422623178,2.933213202666442,nan,0.8451509550507016,0.03437595020724498,0.0,0.0,0.0,0.0,0.0,0.0,0.0,0.0,0.0,0.0,0.0,0.0,0.0,0.0,0.0,0.0,0.0,0.0,0.0,0.0,0.01311762133799738,0.02623524267599476,0.3935286401399214,2.0201136860515896,7.923043288150417,12.86838653257543,4.984696108439004,1.4298207258417144,0.2492348054219502,0.09182334936598166,0.8457909644357948,0.033108869172430326,0.0,0.0,0.0,0.0,0.0,0.0,0.0,0.0,0.0,0.0,0.0,0.0,0.0,0.0,0.0,0.0,0.0,0.0,0.0,0.0,0.01425178147268409,0.02850356294536818,0.37054631828978635,1.7957244655581892,7.710213776722092,13.21140142517815,5.216152019002376,1.3681710213776723,0.22802850356294543,0.05700712589073636,0.3906,0.01041,0.0,0.0,0.0,0.0,0.0,0.0,0.0,0.0,0.0,0.0,0.28858766943594233,24.398775688675084,5.312636641888938,0.0,0.0,0.0,0.0,0.0,0.0,0.0,0.0,0.0,0.0,0.0,0.0,0.0,0.0,0.0,0.0,0.0,0.3906,0.01049,0.0,0.0,0.0,0.0,0.0,0.0,0.0,0.0,0.0,0.0,0.3420427553444181,24.057007125890703,5.600950118764846,0.0,0.0,0.0,0.0,0.0,0.0,0.0,0.0,0.0,0.0,0.0,0.0,0.0,0.0,0.0,0.0,0.0
56300,4590,2390,0.5206971677559913,1123,944,0.4503267973856209,1304,0.5681917211328976,0.40599999999999997,3.015909090909091,3.1242776024530987,6.608482871125612,2.150926766025778,8380.674509803921,506.2657009303366,7853.0,8866.4,8866.399999999998,1.8189894035458565e-12,7853.0,0.0,27.910675381263616,20.79864760616385,32.85503112033195,19.01180269464935,0.1394335511982571,0.1028322440087146,0.08888888888888889,0.08910675381263616,0.0747276688453159,0.07363834422657953,0.07298474945533769,0.06862745098039216,0.05620915032679739,0.052505446623093685,0.05228758169934641,0.04008714596949891,0.03093681917211329,0.024618736383442266,0.015468409586056645,0.009150326797385621,0.00849673202614379,0.8466255471077879,0.035400984612821554,0.0,0.0,0.0,0.0,0.0,0.0,0.0,0.0,0.0,0.0,0.0,0.0,0.0,0.0,0.0,0.0,0.0,0.0,0.0,0.0,0.0,0.03921568627450981,0.34640522875817004,1.9999999999999936,7.751633986928106,12.718954248366016,5.339869281045752,1.189542483660131,0.4640522875816994,0.15032679738562094,4.254081632653061,2.8989325398993215,3.9411764705882355,2.436742962024468,0.926445896180492,4.240325865580448,2.8419470491667917,4.264150943396227,2.949765035892436,1.0056186903014157,0.3904,0.010735,0.0,0.0,0.0,0.0,0.0,0.0,0.0,0.0,0.0,0.0,0.33333333333333337,24.235294117647022,5.43137254901961,0.0,0.0,0.0,0.0,0.0,0.0,0.0,0.0,0.0,0.0,0.0,0.0,0.0,0.0,0.0,0.0,0.0,nan,nan,4.252282718971931,2.896582776201443,nan,0.3904,0.05667,0.0,0.0,0.0,0.0,0.0,0.0,0.0,0.0,0.0,0.0,0.0,0.0,0.0,0.0,0.0,0.0,0.00045751633986928104,0.0,0.0,0.0,0.0,0.0016557734204793028,0.00021786492374727668,0.0013725490196078432,0.0003159041394335512,0.0005555555555555556,0.015773420479302833,0.0072984749455337694,0.007614379084967321,0.010206971677559913,0.022374727668845316,0.024586056644880176,0.02065359477124183,0.04808278867102397,0.032755991285403054,0.08826797385620914,0.059662309368191724,0.05591503267973856,0.06874727668845317,0.0883115468409586,0.0587037037037037,0.07150326797385621,0.07137254901960784,0.04104575163398693,0.052320261437908494,0.035697167755991285,0.020217864923747275,0.023191721132897605,0.009444444444444445,0.009782135076252724,0.01667755991285403,0.0011982570806100218,0.027854030501089325,0.004400871459694989,0.00021786492374727668,0.0015250544662309367,0.0,0.0,2.1786492374727668e-05,0.0,0.0,0.0,0.0,0.0,0.0,0.0,0.0,0.0,0.0,0.0,0.0,0.0,0.0,0.0,0.0,0.0,0.0,0.0,0.0,0.0,0.0,0.0,0.0,0.0,0.0,0.0,0.0,0.0,0.0,0.0,0.0,0.0,0.0,0.0,0.0,0.0,0.0,0.0,0.0,0.0,0.0,nan,nan,4.252282718971931,2.896582776201443,nan,0.8451975129887649,0.035358906180460316,0.0,0.0,0.0,0.0,0.0,0.0,0.0,0.0,0.0,0.0,0.0,0.0,0.0,0.0,0.0,0.0,0.0,0.0,0.0,0.0,0.0,0.06276150627615064,0.32635983263598334,2.2217573221757254,8.058577405857742,12.527196652719669,5.121338912133892,1.1799163179916319,0.3514644351464436,0.15062761506276154,0.8481769114461812,0.0353813819550307,0.0,0.0,0.0,0.0,0.0,0.0,0.0,0.0,0.0,0.0,0.0,0.0,0.0,0.0,0.0,0.0,0.0,0.0,0.0,0.0,0.0,0.01363636363636364,0.3681818181818183,1.7590909090909037,7.41818181818182,12.927272727272731,5.577272727272728,1.2000000000000002,0.5863636363636364,0.15000000000000002,0.3904,0.01081,0.0,0.0,0.0,0.0,0.0,0.0,0.0,0.0,0.0,0.0,0.32635983263598334,24.313807531380718,5.359832635983265,0.0,0.0,0.0,0.0,0.0,0.0,0.0,0.0,0.0,0.0,0.0,0.0,0.0,0.0,0.0,0.0,0.0,0.3901,0.01064,0.0,0.0,0.0,0.0,0.0,0.0,0.0,0.0,0.0,0.0,0.34090909090909094,24.149999999999963,5.50909090909091,0.0,0.0,0.0,0.0,0.0,0.0,0.0,0.0,0.0,0.0,0.0,0.0,0.0,0.0,0.0,0.0,0.0
56400,4604,2344,0.5091225021720244,1149,930,0.45156385751520417,1299,0.5642919200695048,0.41,2.9774336283185843,3.095375448301673,6.493846153846154,2.1826150104916966,8368.944743701128,506.6156577859593,7853.0,8866.4,8866.4,0.0,7853.0,0.0,27.870981754995658,20.77331712613028,32.82729155877784,19.010080753135465,0.13792354474370114,0.10251954821894005,0.09426585577758471,0.08318853171155517,0.07558644656820157,0.07667245873153779,0.07428323197219809,0.06907037358818419,0.060382276281494354,0.052345786272806255,0.042788879235447434,0.037141615986099046,0.0341007819287576,0.025412684622067767,0.017158992180712426,0.00999131190269331,0.007167680278019114,0.8466559075641177,0.034414529984921456,0.0,0.0,0.0,0.0,0.0,0.0,0.0,0.0,0.0,0.0,0.0,0.0,0.0,0.0,0.0,0.0,0.0,0.0,0.0,0.0,0.0065160729800173775,0.0586446568201564,0.30625543006081674,1.8961772371850505,7.630321459600349,12.54995655951347,5.831885317115553,1.296698523023458,0.3192875760208515,0.10425716768027804,4.2977642276422765,2.8393805173292948,4.4,2.6532998322843198,1.0237881295814615,4.301976823449216,2.7814293436535245,4.294666666666667,2.893182484546885,0.9983007447314214,0.3906,0.010574,0.0,0.0,0.0,0.0,0.0,0.0,0.0,0.0,0.0,0.0,0.32580364900086883,24.005212858383977,5.662467419635101,0.0065160729800173775,0.0,0.0,0.0,0.0,0.0,0.0,0.0,0.0,0.0,0.0,0.0,0.0,0.0,0.0,0.0,0.0,nan,nan,4.298281092012133,2.8384797072950403,nan,0.3909,0.05667,0.0,0.0,0.0,0.0,0.0,0.0,0.0,0.0,0.0,0.0,0.0,0.0,0.0,0.0,0.0,0.0,0.0005212858384013901,0.0,0.0,0.0,0.0,0.0013792354474370112,0.00022806255430060817,0.0013140747176368375,0.00022806255430060817,0.0006407471763683753,0.016333622936576888,0.0068744569939183315,0.008503475238922677,0.010023892267593397,0.020721112076455255,0.02144874022589053,0.02230668983492615,0.048327541268462205,0.030821025195482188,0.08795612510860122,0.061229365768896614,0.054669852302345785,0.0677671589921807,0.09054083405734144,0.05978496959165942,0.07141615986099044,0.07142701998262381,0.043027801911381405,0.05076020851433536,0.03443744569939183,0.021231537793223284,0.02453301476976542,0.009578627280625543,0.009774109470026065,0.01648566463944396,0.0008796698523023458,0.027725890529973936,0.00539748045178106,5.4300608166811465e-05,0.0016507384882710687,0.0,0.0,0.0,0.0,0.0,0.0,0.0,0.0,0.0,0.0,0.0,0.0,0.0,0.0,0.0,0.0,0.0,0.0,0.0,0.0,0.0,0.0,0.0,0.0,0.0,0.0,0.0,0.0,0.0,0.0,0.0,0.0,0.0,0.0,0.0,0.0,0.0,0.0,0.0,0.0,0.0,0.0,0.0,0.0,0.0,nan,nan,4.298281092012133,2.8384797072950403,nan,0.8466760890475719,0.03433215985413887,0.0,0.0,0.0,0.0,0.0,0.0,0.0,0.0,0.0,0.0,0.0,0.0,0.0,0.0,0.0,0.0,0.0,0.0,0.0,0.0,0.012798634812286692,0.05119453924914677,0.2559726962457338,1.8941979522184242,7.781569965870308,12.491467576791813,5.682593856655291,1.4462457337883963,0.2815699658703072,0.10238907849829354,0.8466349759724288,0.03449974142535978,0.0,0.0,0.0,0.0,0.0,0.0,0.0,0.0,0.0,0.0,0.0,0.0,0.0,0.0,0.0,0.0,0.0,0.0,0.0,0.0,0.0,0.06637168141592921,0.3584070796460178,1.8982300884955692,7.47345132743363,12.610619469026553,5.986725663716816,1.1415929203539825,0.3584070796460178,0.10619469026548675,0.3909,0.010666,0.0,0.0,0.0,0.0,0.0,0.0,0.0,0.0,0.0,0.0,0.40955631399317416,23.664675767918055,5.925767918088739,0.0,0.0,0.0,0.0,0.0,0.0,0.0,0.0,0.0,0.0,0.0,0.0,0.0,0.0,0.0,0.0,0.0,0.3906,0.01047,0.0,0.0,0.0,0.0,0.0,0.0,0.0,0.0,0.0,0.0,0.23893805309734517,24.358407079645982,5.389380530973452,0.013274336283185844,0.0,0.0,0.0,0.0,0.0,0.0,0.0,0.0,0.0,0.0,0.0,0.0,0.0,0.0,0.0,0.0
56500,4538,2372,0.5226972234464522,1107,920,0.4466725429704716,1256,0.5535478184222125,0.39799999999999996,2.972299168975069,3.0565868168055803,6.436274509803922,2.1679915654615316,8382.701366240633,506.1776636232224,7853.0,8866.4,8866.4,0.0,7853.0,0.0,28.39422653151168,20.957267950112616,33.17178552837064,19.218899994789037,0.13287791978845306,0.10445130013221683,0.09497576024680476,0.08109299250771265,0.0747025121198766,0.07315998237108859,0.06787130894667254,0.06941383869546056,0.059717937417364475,0.05663287791978845,0.045835169678272364,0.04208902600264434,0.038122520934332306,0.025561921551344204,0.015645658880564125,0.011018069634200088,0.0068312031732040545,0.8477717677156743,0.03270401909961402,0.0,0.0,0.0,0.0,0.0,0.0,0.0,0.0,0.0,0.0,0.0,0.0,0.0,0.0,0.0,0.0,0.0,0.0,0.0,0.0,0.0,0.07271925958572059,0.32393124724548267,1.5006610841780474,7.33803437637726,13.135742617893348,6.13486117232261,1.1833406787130896,0.2181577787571618,0.09255178492728076,4.169398907103825,2.7890286946269227,2.7857142857142856,2.273404351834221,0.6681333083692192,4.149830508474576,2.813754046763754,4.175869120654396,2.762666900437902,1.006274620644541,0.3909,0.01081,0.0,0.0,0.0,0.0,0.0,0.0,0.0,0.0,0.0,0.0,0.3503746143675629,23.884971353018916,5.758043190832968,0.006610841780520054,0.0,0.0,0.0,0.0,0.0,0.0,0.0,0.0,0.0,0.0,0.0,0.0,0.0,0.0,0.0,0.0,nan,nan,4.16281441196465,2.7884273261680153,nan,0.3909,0.05646,0.0,0.0,0.0,0.0,0.0,0.0,0.0,0.0,0.0,0.0,0.0,0.0,0.0,3.305420890260026e-05,0.0,0.0,0.0005509034817100044,0.0,1.1018069634200089e-05,0.0,0.0,0.0013882767739092112,0.00040766857646540327,0.0014654032613486117,0.00040766857646540327,0.00030850594975760247,0.014863375936535918,0.0064345526663728515,0.00891361833406787,0.010599382988100484,0.02220141031291318,0.01983252534156016,0.021683561040105773,0.048490524460114585,0.029319083296606433,0.08913618334067872,0.060830762450418685,0.05543190832966064,0.06928162185985015,0.09277214631996475,0.058373732921992064,0.07144116350815337,0.07051564565888056,0.04244160423093874,0.052225650066108416,0.03411194358748347,0.021793741736447773,0.0248677831643896,0.009288232701630674,0.00993829881004848,0.015491405905685323,0.0008483913618334068,0.02745702952842662,0.004660643455266638,0.00011018069634200089,0.0020713970912296167,0.0,0.0,0.0,0.0,0.0,0.0,0.0,0.0,0.0,0.0,0.0,0.0,0.0,0.0,0.0,0.0,0.0,0.0,0.0,0.0,0.0,0.0,0.0,0.0,0.0,0.0,0.0,0.0,0.0,0.0,0.0,0.0,0.0,0.0,0.0,0.0,0.0,0.0,0.0,0.0,0.0,0.0,0.0,0.0,0.0,nan,nan,4.16281441196465,2.7884273261680153,nan,0.8471660933396065,0.0337399141159212,0.0,0.0,0.0,0.0,0.0,0.0,0.0,0.0,0.0,0.0,0.0,0.0,0.0,0.0,0.0,0.0,0.0,0.0,0.0,0.0,0.0,0.08853288364249581,0.4679595278246207,1.593591905564919,7.234401349072514,13.090219224283308,5.969645868465432,1.2647554806070829,0.18971332209106245,0.10118043844856664,0.8484350454719223,0.03151723655915527,0.0,0.0,0.0,0.0,0.0,0.0,0.0,0.0,0.0,0.0,0.0,0.0,0.0,0.0,0.0,0.0,0.0,0.0,0.0,0.0,0.0,0.05540166204986151,0.1662049861495845,1.3988919667589983,7.451523545706372,13.18559556786704,6.315789473684212,1.0941828254847648,0.2493074792243768,0.08310249307479226,0.3909,0.0108,0.0,0.0,0.0,0.0,0.0,0.0,0.0,0.0,0.0,0.0,0.2655986509274874,23.96711635750418,5.754637436762228,0.01264755480607083,0.0,0.0,0.0,0.0,0.0,0.0,0.0,0.0,0.0,0.0,0.0,0.0,0.0,0.0,0.0,0.0,0.3906,0.01081,0.0,0.0,0.0,0.0,0.0,0.0,0.0,0.0,0.0,0.0,0.44321329639889206,23.79501385041548,5.761772853185597,0.0,0.0,0.0,0.0,0.0,0.0,0.0,0.0,0.0,0.0,0.0,0.0,0.0,0.0,0.0,0.0,0.0
56600,4468,2336,0.5228290062667861,1104,911,0.4509847806624888,1260,0.5640107430617726,0.39799999999999996,2.9788930581613506,3.0053150374781255,6.259780907668231,2.066528985769412,8382.834914950763,506.1715773433163,7853.0,8866.4,8866.4,0.0,7853.0,0.0,29.140778871978515,21.20163910916541,33.724489795918366,19.483861263948015,0.12533572068039392,0.09579230080572963,0.09601611459265891,0.08661593554162936,0.07184422560429722,0.07632050134288272,0.06893464637421665,0.06580125335720681,0.060653536257833485,0.054834377797672335,0.04632945389435989,0.043419874664279316,0.03692927484333035,0.030662488809310655,0.022381378692927483,0.010071620411817368,0.008057296329453895,0.8484945870609079,0.03395644884958297,0.0,0.0,0.0,0.0,0.0,0.0,0.0,0.0,0.0,0.0,0.0,0.0,0.0,0.0,0.0,0.0,0.0,0.0,0.0,0.0,0.02014324082363474,0.060429722470904224,0.22157564905998214,1.7457475380483383,7.056848701880037,13.160250671441364,6.0161145926589095,1.2690241718889885,0.31557743957027756,0.13428827215756492,4.150237933378654,2.8385993205211557,3.6,2.4711670657134186,0.8674201474201474,4.137789904502046,2.810301460150495,4.156941649899396,2.863221728744871,1.0046284963324292,0.3909,0.01053,0.0,0.0,0.0,0.0,0.0,0.0,0.0,0.0,0.0,0.0,0.2551477170993734,23.943598925693788,5.8012533572068055,0.0,0.0,0.0,0.0,0.0,0.0,0.0,0.0,0.0,0.0,0.0,0.0,0.0,0.0,0.0,0.0,0.0,nan,nan,4.147446736557321,2.8371248445300714,nan,0.3909,0.05606,0.0,0.0,0.0,0.0,0.0,0.0,0.0,0.0,0.0,0.0,0.0,0.0,0.0,0.00011190689346463742,0.0,0.0,0.0006266786034019695,0.0,0.0,0.0,0.0,0.0011190689346463742,0.0002461951656222023,0.0009623992837958818,0.00047000895255147715,0.00025738585496866607,0.014089077887197852,0.006210832587287377,0.007900626678603402,0.010955684870188004,0.022884959713518352,0.019035362578334825,0.021765890778871977,0.04936213070725157,0.029017457475380485,0.09081244404655327,0.0622538048343778,0.05711727842435094,0.07228066248880931,0.08531781557743957,0.05593106535362578,0.07081468218442256,0.07480975828111011,0.04265890778871979,0.05527081468218442,0.03320277529095792,0.02200089525514772,0.02496642793196061,0.008538495971351836,0.008795881826320502,0.014480752014324083,0.0010631154879140554,0.027797672336615935,0.00457699194270367,0.00012309758281110116,0.0021486123545210387,0.0,2.2381378692927485e-05,0.0,0.0,0.0,0.0,0.0,0.0,0.0,0.0,0.0,0.0,0.0,0.0,0.0,0.0,0.0,0.0,0.0,0.0,0.0,0.0,0.0,0.0,0.0,0.0,0.0,0.0,0.0,0.0,0.0,0.0,0.0,0.0,0.0,0.0,0.0,0.0,0.0,0.0,0.0,0.0,0.0,0.0,0.0,nan,nan,4.147446736557321,2.8371248445300714,nan,0.8488252592872675,0.03346006387352313,0.0,0.0,0.0,0.0,0.0,0.0,0.0,0.0,0.0,0.0,0.0,0.0,0.0,0.0,0.0,0.0,0.0,0.0,0.0,0.0,0.02568493150684932,0.03852739726027398,0.26969178082191786,1.5539383561643787,7.0119863013698644,13.266267123287674,6.151541095890413,1.245719178082192,0.3339041095890412,0.10273972602739728,0.8481322745277108,0.034488489873726026,0.0,0.0,0.0,0.0,0.0,0.0,0.0,0.0,0.0,0.0,0.0,0.0,0.0,0.0,0.0,0.0,0.0,0.0,0.0,0.0,0.01407129455909944,0.08442776735459663,0.16885553470919326,1.9559099437148157,7.1060037523452175,13.044090056285182,5.867729831144467,1.2945590994371485,0.29549718574108824,0.16885553470919326,0.3909,0.010704,0.0,0.0,0.0,0.0,0.0,0.0,0.0,0.0,0.0,0.0,0.29537671232876717,23.745719178082158,5.958904109589042,0.0,0.0,0.0,0.0,0.0,0.0,0.0,0.0,0.0,0.0,0.0,0.0,0.0,0.0,0.0,0.0,0.0,0.3909,0.01034,0.0,0.0,0.0,0.0,0.0,0.0,0.0,0.0,0.0,0.0,0.2110694183864916,24.1604127579737,5.6285178236397755,0.0,0.0,0.0,0.0,0.0,0.0,0.0,0.0,0.0,0.0,0.0,0.0,0.0,0.0,0.0,0.0,0.0
56700,4613,2401,0.5204855842185129,1177,924,0.45545198352482114,1299,0.5631909820073705,0.39799999999999996,3.0,3.1274899664194367,6.620094191522763,2.2159911172273032,8380.46009104704,506.27453878278175,7853.0,8866.4,8866.4,0.0,7853.0,0.0,28.22610015174507,20.73733607866872,33.17572790517908,18.872442029854838,0.13895512681552136,0.09559939301972686,0.08952959028831563,0.08367656622588338,0.08237589421200954,0.07565575547366139,0.07023628874918708,0.06568393670062866,0.060264469976154346,0.05657923260351182,0.046173856492521134,0.04032083243008888,0.036418816388467376,0.02471276826360286,0.017125514849338826,0.011922826793843485,0.004769130717537394,0.8463477825048609,0.034243987020324294,0.0,0.0,0.0,0.0,0.0,0.0,0.0,0.0,0.0,0.0,0.0,0.0,0.0,0.0,0.0,0.0,0.0,0.0,0.0,0.0,0.006503360069369176,0.06503360069369175,0.37719488402341217,1.8794710600476854,7.517884240190766,13.006720138738352,5.397788857576416,1.3722089746368962,0.29915456319098205,0.07804032083243011,4.1915389740173215,2.928464516948884,4.611111111111111,3.802614435255023,1.100099781892677,4.176625082074852,2.9258159743070116,4.209893048128342,2.9435524554660164,1.00796527468943,0.3906,0.01092,0.0,0.0,0.0,0.0,0.0,0.0,0.0,0.0,0.0,0.0,0.4942553652720573,23.769781053544296,5.735963581183613,0.0,0.0,0.0,0.0,0.0,0.0,0.0,0.0,0.0,0.0,0.0,0.0,0.0,0.0,0.0,0.0,0.0,nan,nan,4.194039735099338,2.9346239035649466,nan,0.3906,0.0557,0.0,0.0,0.0,0.0,0.0,0.0,0.0,0.0,0.0,0.0,0.0,0.0,0.0,5.419466724474312e-05,0.0,0.0,0.00027097333622371557,0.0,0.0,0.0,0.0,0.0009538261435074789,0.00027097333622371557,0.0011380880121396055,0.00035768480381530456,0.00030349013657056146,0.013711250812920009,0.006167353132451767,0.008335139822241492,0.01102319531758075,0.02213310210275309,0.02069152395404292,0.022176457836548882,0.04628224582701062,0.029785389117710816,0.0956102319531758,0.06325601560806417,0.05832430088879254,0.06995447647951442,0.08387166702796445,0.05773899848254932,0.07511380880121396,0.07089746368957295,0.039865597225233036,0.05616735313245177,0.03196401474094949,0.019488402341209625,0.026739648818556255,0.008671146759158898,0.010112724907869066,0.013808801213960546,0.0011706048124864514,0.02683719921959679,0.004508996314762628,0.00023845653587686972,0.002005202688055495,0.0,0.0,0.0,0.0,0.0,0.0,0.0,0.0,0.0,0.0,0.0,0.0,0.0,0.0,0.0,0.0,0.0,0.0,0.0,0.0,0.0,0.0,0.0,0.0,0.0,0.0,0.0,0.0,0.0,0.0,0.0,0.0,0.0,0.0,0.0,0.0,0.0,0.0,0.0,0.0,0.0,0.0,0.0,0.0,0.0,nan,nan,4.194039735099338,2.9346239035649466,nan,0.8458794535124913,0.03414364844568751,0.0,0.0,0.0,0.0,0.0,0.0,0.0,0.0,0.0,0.0,0.0,0.0,0.0,0.0,0.0,0.0,0.0,0.0,0.0,0.0,0.012494793835901711,0.09995835068721369,0.37484381507705133,1.7992503123698402,7.52186588921283,13.356934610578929,5.160349854227407,1.3119533527696796,0.29987505206164106,0.06247396917950855,0.8468561269491103,0.03434534002607898,0.0,0.0,0.0,0.0,0.0,0.0,0.0,0.0,0.0,0.0,0.0,0.0,0.0,0.0,0.0,0.0,0.0,0.0,0.0,0.0,0.0,0.027124773960217004,0.37974683544303806,1.9665461121157262,7.5135623869801105,12.626582278481015,5.6555153707052455,1.4376130198915014,0.29837251356238703,0.09493670886075951,0.3904,0.01082,0.0,0.0,0.0,0.0,0.0,0.0,0.0,0.0,0.0,0.0,0.474802165764265,24.014993752603047,5.510204081632654,0.0,0.0,0.0,0.0,0.0,0.0,0.0,0.0,0.0,0.0,0.0,0.0,0.0,0.0,0.0,0.0,0.0,0.3906,0.011024,0.0,0.0,0.0,0.0,0.0,0.0,0.0,0.0,0.0,0.0,0.5153707052441231,23.503616636527997,5.98101265822785,0.0,0.0,0.0,0.0,0.0,0.0,0.0,0.0,0.0,0.0,0.0,0.0,0.0,0.0,0.0,0.0,0.0
56800,4577,2383,0.5206467118199695,1123,925,0.44745466462748523,1292,0.5645619401354599,0.40199999999999997,3.0282588878760257,3.13391830058563,6.661367249602543,2.2016294096637994,8380.623377758358,506.26781673653807,7853.0,8866.4,8866.399999999998,1.8189894035458565e-12,7853.0,0.0,28.310028402883987,20.836216756118528,33.00077239958805,19.123635615547347,0.13152720122350886,0.10356128468429102,0.09329254970504697,0.08214987983395237,0.07865414026655014,0.0762508193139611,0.07078872623989513,0.06838540528730609,0.06073847498361372,0.05156215861918287,0.044352195761415775,0.041730391085864106,0.03604981428883548,0.02490714441774088,0.01878960017478698,0.010924186148131964,0.00633602796591654,0.8452869889151199,0.03448508400669249,0.0,0.0,0.0,0.0,0.0,0.0,0.0,0.0,0.0,0.0,0.0,0.0,0.0,0.0,0.0,0.0,0.0,0.0,0.0,0.0,0.00655451168887918,0.0983176753331877,0.3736071662661133,1.9401354599082308,7.858859514966136,12.886169980336469,5.119073629014639,1.3961109897312654,0.24907144417740884,0.07209962857767098,4.277645457638653,2.8933310999995934,4.88,3.1536645351083243,1.1408145084314347,4.261663286004056,2.907840268874418,4.30256064690027,2.884939781021866,1.009596572547279,0.3906,0.01079,0.0,0.0,0.0,0.0,0.0,0.0,0.0,0.0,0.0,0.0,0.3932707013327508,24.22547520209741,5.3812540965698075,0.0,0.0,0.0,0.0,0.0,0.0,0.0,0.0,0.0,0.0,0.0,0.0,0.0,0.0,0.0,0.0,0.0,nan,nan,4.2827260458839405,2.8961487045749603,nan,0.3906,0.05582,0.0,0.0,0.0,0.0,0.0,0.0,0.0,0.0,0.0,0.0,0.0,0.0,0.0,2.1848372296263928e-05,0.0,0.0,6.554511688879179e-05,0.0,0.0,0.0,0.0,0.0008630107057024252,0.00032772558444395895,0.0008630107057024252,0.000917631636443085,0.00019663535066637535,0.013272886169980336,0.006248634476731484,0.008302381472580292,0.010607384749836137,0.022667686257373827,0.022001310902337777,0.0241970723181123,0.0446689971597116,0.03092637098536159,0.09506226786104435,0.06422329036486782,0.05743937076687787,0.06793751365523268,0.08269608914135897,0.0590561503168014,0.07518024907144417,0.07116014856893162,0.04000436967445925,0.05498142888354818,0.03133056587284248,0.01986017041730391,0.026097880707887263,0.007941883329691937,0.010356128468429102,0.01551234433034739,0.0011361153594057242,0.026567620712256938,0.004402447017697182,0.00031680139829582695,0.00255625955866288,2.1848372296263928e-05,1.0924186148131964e-05,0.0,0.0,0.0,0.0,0.0,0.0,0.0,0.0,0.0,0.0,0.0,0.0,0.0,0.0,0.0,0.0,0.0,0.0,0.0,0.0,0.0,0.0,0.0,0.0,0.0,0.0,0.0,0.0,0.0,0.0,0.0,0.0,0.0,0.0,0.0,0.0,0.0,0.0,0.0,0.0,0.0,0.0,0.0,nan,nan,4.2827260458839405,2.8961487045749603,nan,0.8446093258165382,0.03446317185745742,0.0,0.0,0.0,0.0,0.0,0.0,0.0,0.0,0.0,0.0,0.0,0.0,0.0,0.0,0.0,0.0,0.0,0.0,0.0,0.0,0.012589173310952584,0.11330255979857325,0.3902643726395301,1.9639110365085966,7.855644146034412,13.143096936634498,4.783885858161981,1.4099874108266894,0.2643726395300042,0.06294586655476292,0.8460230286434334,0.03449378826340352,0.0,0.0,0.0,0.0,0.0,0.0,0.0,0.0,0.0,0.0,0.0,0.0,0.0,0.0,0.0,0.0,0.0,0.0,0.0,0.0,0.0,0.08204193254329992,0.35551504102096637,1.9143117593436587,7.86235186873291,12.607110300820423,5.483135824977212,1.3810391978122154,0.23245214220601645,0.08204193254329992,0.3909,0.01074,0.0,0.0,0.0,0.0,0.0,0.0,0.0,0.0,0.0,0.0,0.33990767939571975,24.196391103650825,5.463701216953422,0.0,0.0,0.0,0.0,0.0,0.0,0.0,0.0,0.0,0.0,0.0,0.0,0.0,0.0,0.0,0.0,0.0,0.3901,0.01083,0.0,0.0,0.0,0.0,0.0,0.0,0.0,0.0,0.0,0.0,0.4512306289881496,24.25706472196897,5.2917046490428445,0.0,0.0,0.0,0.0,0.0,0.0,0.0,0.0,0.0,0.0,0.0,0.0,0.0,0.0,0.0,0.0,0.0
56900,4518,2303,0.5097388224878264,1071,948,0.44687915006640105,1286,0.5692784417884019,0.40599999999999997,2.9142212189616252,3.0646680951540164,6.447665056360709,2.248473847892512,8369.569322709163,506.60387530028055,7853.0,8866.4,8866.399999999998,1.8189894035458565e-12,7853.0,0.0,28.094732182381584,20.883779321274556,32.8956749672346,19.177480230844864,0.13501549358123063,0.10203629924745462,0.09406817175741479,0.08853474988933156,0.0765825586542718,0.07680389552899514,0.06994245241257194,0.06064630367419212,0.06042496679946879,0.05090748118636565,0.04714475431606906,0.04493138556883577,0.03165117308543603,0.02633908809207614,0.019034971226206288,0.008632138114209827,0.0073041168658698535,0.843488958371113,0.03368145084336302,0.0,0.0,0.0,0.0,0.0,0.0,0.0,0.0,0.0,0.0,0.0,0.0,0.0,0.0,0.0,0.0,0.0,0.0,0.0,0.0,0.0,0.05312084993359895,0.4648074369189908,2.0185922974767534,8.213811420982738,12.888446215139446,5.073041168658699,0.9428950863213813,0.30544488711819395,0.03984063745019921,4.217406260749914,2.822985367601433,4.055555555555555,3.0271406057389507,0.9616231647634584,4.167808219178082,2.793814962629397,4.264846416382253,2.853563677054698,1.0232827884828413,0.3904,0.0109,0.0,0.0,0.0,0.0,0.0,0.0,0.0,0.0,0.0,0.0,0.405046480743692,24.13678618857898,5.458167330677292,0.0,0.0,0.0,0.0,0.0,0.0,0.0,0.0,0.0,0.0,0.0,0.0,0.0,0.0,0.0,0.0,0.0,nan,nan,4.216410256410256,2.8243151992138187,nan,0.3904,0.05627,0.0,0.0,0.0,0.0,0.0,0.0,0.0,0.0,0.0,0.0,0.0,0.0,0.0,0.0,0.0,0.0,5.533421868083223e-05,0.0,0.0,0.0,0.0,0.0007857459052678177,0.0006750774679061531,0.0008853474988933156,0.0009074811863656485,0.00016600265604249667,0.013335546702080566,0.007016378928729527,0.009008410801239486,0.011786188579017264,0.022288623284639222,0.022000885347498892,0.026914563966356796,0.04137892872952634,0.03315626383355467,0.0963368747233289,0.06263833554670208,0.056839309428950865,0.06552678176184153,0.08193891102257636,0.05899734395750332,0.07363877822045153,0.07301903497122621,0.03689685701637893,0.055400619743249224,0.03260292164674635,0.02101593625498008,0.026637892872952634,0.00613103142983621,0.010779105799026118,0.01687693669765383,0.0012062859672421426,0.025575475874280655,0.004393536963258079,0.000298804780876494,0.002810978308986277,5.533421868083223e-05,2.2133687472332892e-05,0.0,0.0,0.0,0.0,0.0,0.0,0.0,0.0,0.0,0.0,0.0,0.0,0.0,0.0,0.0,0.0,0.0,0.0,0.0,0.0,0.0,0.0,0.0,0.0,0.0,0.0,0.0,0.0,0.0,0.0,0.0,0.0,0.0,0.0,0.0,0.0,0.0,0.0,0.0,0.0,0.0,0.0,0.0,nan,nan,4.216410256410256,2.8243151992138187,nan,0.8437772523409587,0.03313133771706411,0.0,0.0,0.0,0.0,0.0,0.0,0.0,0.0,0.0,0.0,0.0,0.0,0.0,0.0,0.0,0.0,0.0,0.0,0.0,0.0,0.0,0.07815892314372559,0.3647416413373861,2.097264437689963,8.063395570994357,12.974381241858449,5.158488927485889,1.0030395136778119,0.2475032566217977,0.013026487190620932,0.8431892107356482,0.03424147611314929,0.0,0.0,0.0,0.0,0.0,0.0,0.0,0.0,0.0,0.0,0.0,0.0,0.0,0.0,0.0,0.0,0.0,0.0,0.0,0.0,0.0,0.027088036117381496,0.5688487584650114,1.9367945823927704,8.370203160270883,12.799097065462757,4.984198645598195,0.8803611738148986,0.3656884875846502,0.06772009029345374,0.3904,0.01096,0.0,0.0,0.0,0.0,0.0,0.0,0.0,0.0,0.0,0.0,0.4429005644811117,24.072948328267444,5.484151107251413,0.0,0.0,0.0,0.0,0.0,0.0,0.0,0.0,0.0,0.0,0.0,0.0,0.0,0.0,0.0,0.0,0.0,0.3901,0.01084,0.0,0.0,0.0,0.0,0.0,0.0,0.0,0.0,0.0,0.0,0.3656884875846502,24.203160270880325,5.431151241534989,0.0,0.0,0.0,0.0,0.0,0.0,0.0,0.0,0.0,0.0,0.0,0.0,0.0,0.0,0.0,0.0,0.0
57000,4575,2346,0.5127868852459017,1118,951,0.45224043715846995,1310,0.5726775956284152,0.39799999999999996,2.8820098698968146,3.0002219594712827,6.3381180223285485,2.0852328740888337,8372.658229508197,506.5342775054939,7853.0,8866.4,8866.4,0.0,7853.0,0.0,28.154754098360655,20.812923864823038,32.93610967408174,19.09191167306188,0.13311475409836065,0.10404371584699454,0.09224043715846994,0.08568306010928962,0.07737704918032787,0.07213114754098361,0.07300546448087432,0.07060109289617486,0.0585792349726776,0.05202185792349727,0.04568306010928962,0.04262295081967213,0.02994535519125683,0.028852459016393443,0.017486338797814208,0.009180327868852459,0.007431693989071038,0.8440603734365578,0.03421369848399454,0.0,0.0,0.0,0.0,0.0,0.0,0.0,0.0,0.0,0.0,0.0,0.0,0.0,0.0,0.0,0.0,0.0,0.0,0.0,0.0,0.019672131147540985,0.09180327868852461,0.43278688524590175,2.209836065573764,7.881967213114756,12.557377049180332,5.416393442622953,1.1081967213114756,0.20327868852459022,0.07868852459016394,4.152358330505599,2.80654327254836,4.8,2.6191601707417593,1.1559696003922528,4.094949494949495,2.832425537425242,4.218623481781377,2.777532520802947,1.0302015902722157,0.3901,0.01069,0.0,0.0,0.0,0.0,0.0,0.0,0.0,0.0,0.0,0.0,0.36065573770491816,24.236065573770457,5.396721311475411,0.00655737704918033,0.0,0.0,0.0,0.0,0.0,0.0,0.0,0.0,0.0,0.0,0.0,0.0,0.0,0.0,0.0,0.0,nan,nan,4.156723963599595,2.8058225461963158,nan,0.3901,0.0562,0.0,0.0,0.0,0.0,0.0,0.0,0.0,0.0,0.0,0.0,0.0,0.0,0.0,0.0,0.0,0.0,0.0,0.0,0.0,0.0,0.0,0.0005792349726775957,0.0009180327868852459,0.001366120218579235,0.0008961748633879781,6.557377049180328e-05,0.01166120218579235,0.005836065573770492,0.009300546448087432,0.012819672131147541,0.023224043715846996,0.022185792349726775,0.027737704918032787,0.04120218579234973,0.03417486338797814,0.09662295081967213,0.06359562841530055,0.05760655737704918,0.06402185792349727,0.08220765027322405,0.059628415300546446,0.07091803278688524,0.07334426229508197,0.03843715846994535,0.05307103825136612,0.03225136612021858,0.02191256830601093,0.025027322404371586,0.006754098360655738,0.010775956284153005,0.01794535519125683,0.0016830601092896174,0.024131147540983607,0.004349726775956284,0.00033879781420765025,0.0033989071038251365,0.0,1.092896174863388e-05,0.0,0.0,0.0,0.0,0.0,0.0,0.0,0.0,0.0,0.0,0.0,0.0,0.0,0.0,0.0,0.0,0.0,0.0,0.0,0.0,0.0,0.0,0.0,0.0,0.0,0.0,0.0,0.0,0.0,0.0,0.0,0.0,0.0,0.0,0.0,0.0,0.0,0.0,0.0,0.0,0.0,0.0,0.0,nan,nan,4.156723963599595,2.8058225461963158,nan,0.8440798505035507,0.03379717925511589,0.0,0.0,0.0,0.0,0.0,0.0,0.0,0.0,0.0,0.0,0.0,0.0,0.0,0.0,0.0,0.0,0.0,0.0,0.0,0.0,0.025575447570332487,0.06393861892583122,0.39641943734015356,2.097186700767257,8.094629156010232,12.647058823529415,5.294117647058825,1.099744245524297,0.21739130434782614,0.06393861892583122,0.8440398740201533,0.03464666085464199,0.0,0.0,0.0,0.0,0.0,0.0,0.0,0.0,0.0,0.0,0.0,0.0,0.0,0.0,0.0,0.0,0.0,0.0,0.0,0.0,0.013458950201884257,0.12113055181695831,0.471063257065949,2.3283983849259684,7.658142664872142,12.462987886944822,5.545087483176314,1.1170928667563933,0.1884253028263796,0.0942126514131898,0.3904,0.01066,0.0,0.0,0.0,0.0,0.0,0.0,0.0,0.0,0.0,0.0,0.2557544757033249,24.19437340153449,5.5498721227621495,0.0,0.0,0.0,0.0,0.0,0.0,0.0,0.0,0.0,0.0,0.0,0.0,0.0,0.0,0.0,0.0,0.0,0.39,0.01071,0.0,0.0,0.0,0.0,0.0,0.0,0.0,0.0,0.0,0.0,0.471063257065949,24.279946164199156,5.235531628532975,0.013458950201884257,0.0,0.0,0.0,0.0,0.0,0.0,0.0,0.0,0.0,0.0,0.0,0.0,0.0,0.0,0.0,0.0
57100,4671,2417,0.5174480839220723,1131,939,0.44315992292870904,1322,0.5660458146007279,0.414,3.1091393078970717,3.2058309598248167,6.663650075414782,2.313314457876807,8377.381888246628,506.39139094976093,7853.0,8866.4,8866.4,0.0,7853.0,0.0,28.45407835581246,21.099391161537486,33.55901890648953,19.231843076064,0.1402269321344466,0.10062085206593877,0.08542068079640334,0.08370798544208949,0.0742881609933633,0.08028259473346179,0.06915007493042175,0.06208520659387711,0.0599443374009848,0.05373581674159709,0.047741383001498605,0.04067651466495397,0.03596660244059088,0.029329907942624706,0.01969599657460929,0.011560693641618497,0.005566259901520017,0.8429515488243184,0.035301487812363565,0.0,0.0,0.0,0.0,0.0,0.0,0.0,0.0,0.0,0.0,0.0,0.0,0.0,0.0,0.0,0.0,0.0,0.0,0.0,0.0,0.025690430314707777,0.09633911368015417,0.4816955684007708,2.2864482980089846,8.59344894026975,11.817597944765579,5.157353885677586,1.2074502247912655,0.25690430314707774,0.07707129094412332,4.394272394272394,2.9673089221528106,4.038461538461538,3.0694621081121194,0.9190284934828735,4.368352788586251,3.0211935796913494,4.41492938802959,2.912416727636594,1.0106622797419282,0.3904,0.01067,0.0,0.0,0.0,0.0,0.0,0.0,0.0,0.0,0.0,0.0,0.3211303789338472,24.19396274887601,5.484906872190111,0.0,0.0,0.0,0.0,0.0,0.0,0.0,0.0,0.0,0.0,0.0,0.0,0.0,0.0,0.0,0.0,0.0,nan,nan,4.391218223836249,2.968382214194415,nan,0.3904,0.05658,0.0,0.0,0.0,0.0,0.0,0.0,0.0,0.0,0.0,0.0,0.0,0.0,0.0,0.0,0.0,0.0,0.0,0.0,0.0,0.0,0.0,0.0005031042603296939,0.0007600085634767716,0.0009633911368015414,0.001049025904517234,4.2817383857846286e-05,0.01103618068935988,0.005555555555555556,0.011004067651466495,0.012631128238064655,0.024577178334403767,0.02358167415970884,0.0289980732177264,0.042068079640333975,0.032723185613359025,0.0915328623421109,0.0656283451081139,0.054720616570327556,0.06435452793834297,0.08312995076000856,0.05825305073859987,0.07193320488118175,0.07287518732605437,0.03752943695140227,0.053714408049668164,0.03236994219653179,0.022393491757653608,0.02528366516805823,0.006818668379362021,0.01075786769428388,0.017394562192250055,0.0016377649325626203,0.025519160779276386,0.004420894883322629,0.00042817383857846286,0.0037893384714193963,0.0,2.1408691928923143e-05,0.0,0.0,0.0,0.0,0.0,0.0,0.0,0.0,0.0,0.0,0.0,0.0,0.0,0.0,0.0,0.0,0.0,0.0,0.0,0.0,0.0,0.0,0.0,0.0,0.0,0.0,0.0,0.0,0.0,0.0,0.0,0.0,0.0,0.0,0.0,0.0,0.0,0.0,0.0,0.0,0.0,0.0,0.0,nan,nan,4.391218223836249,2.968382214194415,nan,0.842795980016111,0.03547581740664128,0.0,0.0,0.0,0.0,0.0,0.0,0.0,0.0,0.0,0.0,0.0,0.0,0.0,0.0,0.0,0.0,0.0,0.0,0.0,0.0,0.03723624327678941,0.11170872983036825,0.5585436491518412,2.172114191146042,8.688456764584197,11.70459247000414,5.113777410012413,1.2536201903185769,0.2978899462143153,0.06206040546131569,0.8431183677282392,0.03511282397176273,0.0,0.0,0.0,0.0,0.0,0.0,0.0,0.0,0.0,0.0,0.0,0.0,0.0,0.0,0.0,0.0,0.0,0.0,0.0,0.0,0.013309671694764866,0.07985803016858918,0.399290150842946,2.4090505767524326,8.491570541259984,11.938775510204085,5.204081632653062,1.1579414374445431,0.21295474711623785,0.09316770186335406,0.3901,0.010506,0.0,0.0,0.0,0.0,0.0,0.0,0.0,0.0,0.0,0.0,0.3227141083988416,24.352503103020236,5.324782788580887,0.0,0.0,0.0,0.0,0.0,0.0,0.0,0.0,0.0,0.0,0.0,0.0,0.0,0.0,0.0,0.0,0.0,0.3904,0.01083,0.0,0.0,0.0,0.0,0.0,0.0,0.0,0.0,0.0,0.0,0.3194321206743567,24.023957409050542,5.656610470275068,0.0,0.0,0.0,0.0,0.0,0.0,0.0,0.0,0.0,0.0,0.0,0.0,0.0,0.0,0.0,0.0,0.0
57200,4847,2542,0.5244481122343718,1214,981,0.45285743759026204,1338,0.5520940788116361,0.418,3.0425162689804774,3.1559490637026175,6.758887171561051,2.1462689666543135,8384.475716938312,506.09391801343793,7853.0,8866.4,8866.4,0.0,7853.0,0.0,28.327212708892098,20.964011922405305,33.30780559646539,19.15025985653744,0.13864245925314628,0.09923664122137404,0.08953992160099031,0.0792242624303693,0.08273158654838045,0.08004951516401898,0.06746441097586135,0.06436971322467505,0.05570455952135341,0.055910872704765836,0.04621415308438209,0.04353208170002063,0.03362904889622447,0.02950278522797607,0.016092428306168763,0.011966164637920364,0.006189395502372601,0.8447664483247257,0.03396663343145811,0.0,0.0,0.0,0.0,0.0,0.0,0.0,0.0,0.0,0.0,0.0,0.0,0.0,0.0,0.0,0.0,0.0,0.0,0.0,0.0,0.006189395502372603,0.07427274602847123,0.4023107076542192,1.86919744171652,8.170002063131836,13.183412420053644,4.8029709098411395,1.1017123994223232,0.30328037961625753,0.08665153703321644,4.224658404829997,2.935714497093985,4.363636363636363,2.603240193322973,1.032896851174399,4.1949526813880125,2.909438531527839,4.259001895135818,2.9561769995948937,1.0152681611957095,0.3904,0.0109,0.0,0.0,0.0,0.0,0.0,0.0,0.0,0.0,0.0,0.0,0.3342273571281206,24.200536414276836,5.4590468330926365,0.006189395502372603,0.0,0.0,0.0,0.0,0.0,0.0,0.0,0.0,0.0,0.0,0.0,0.0,0.0,0.0,0.0,0.0,nan,nan,4.225623224992111,2.933558963103778,nan,0.3904,0.05676,0.0,0.0,0.0,0.0,0.0,0.0,0.0,0.0,0.0,0.0,0.0,0.0,0.0,0.0,0.0,0.0,0.0,0.0,0.0,3.094697751186301e-05,0.0,0.0004332576851660821,0.0005879925727253971,0.0010109345987208583,0.0018155560140292965,0.00020631318341242006,0.011089333608417578,0.005312564472869817,0.012110583866309057,0.01141943470187745,0.025170208376315246,0.02375696306994017,0.027315865483804415,0.043222611924902,0.03535176397771818,0.08695069114916443,0.06423560965545698,0.05669486280173303,0.06667010521972354,0.08133897256034661,0.05781926965133072,0.07065194965958324,0.07233340210439447,0.040375489993810604,0.05158861151227563,0.032649061275015476,0.023695069114916444,0.024726635031978545,0.007654219104600784,0.010986177016711368,0.017020837631524656,0.0020425005157829585,0.025242417990509594,0.004054054054054054,0.00021662884258304106,0.004095316690736538,0.0,0.00012378791004745204,0.0,0.0,0.0,0.0,0.0,0.0,0.0,0.0,0.0,0.0,0.0,0.0,0.0,0.0,0.0,0.0,0.0,0.0,0.0,0.0,0.0,0.0,0.0,0.0,0.0,0.0,0.0,0.0,0.0,0.0,0.0,0.0,0.0,0.0,0.0,0.0,0.0,0.0,0.0,0.0,0.0,0.0,0.0,nan,nan,4.225623224992111,2.933558963103778,nan,0.8443830666300071,0.034407871875740056,0.0,0.0,0.0,0.0,0.0,0.0,0.0,0.0,0.0,0.0,0.0,0.0,0.0,0.0,0.0,0.0,0.0,0.0,0.0,0.0,0.011801730920535014,0.07081038552321008,0.4130605822187255,1.8292682926829211,8.485444531864674,13.170731707317076,4.49645948072384,1.0857592446892212,0.34225019669551543,0.09441384736428012,0.8451892493086627,0.03346819159863042,0.0,0.0,0.0,0.0,0.0,0.0,0.0,0.0,0.0,0.0,0.0,0.0,0.0,0.0,0.0,0.0,0.0,0.0,0.0,0.0,0.0,0.07809110629067247,0.39045553145336237,1.913232104121469,7.822125813449025,13.197396963123648,5.140997830802604,1.119305856832972,0.2603036876355749,0.07809110629067247,0.3901,0.01098,0.0,0.0,0.0,0.0,0.0,0.0,0.0,0.0,0.0,0.0,0.38945712037765545,24.205350118017275,5.393391030684501,0.011801730920535014,0.0,0.0,0.0,0.0,0.0,0.0,0.0,0.0,0.0,0.0,0.0,0.0,0.0,0.0,0.0,0.0,0.3904,0.010826,0.0,0.0,0.0,0.0,0.0,0.0,0.0,0.0,0.0,0.0,0.2733188720173536,24.195227765726646,5.5314533622559665,0.0,0.0,0.0,0.0,0.0,0.0,0.0,0.0,0.0,0.0,0.0,0.0,0.0,0.0,0.0,0.0,0.0
57300,4853,2501,0.5153513290747991,1122,1022,0.4417885843807954,1380,0.5687203791469194,0.418,2.940901360544218,3.077705745671104,6.595679012345679,2.0615782269552168,8375.2570368844,506.4611224994246,7853.0,8866.4,8866.4,0.0,7853.0,0.0,27.826293014630124,21.023465567641228,32.97873392680514,19.24890436537841,0.14403461776220894,0.09932000824232433,0.096641252833299,0.0906655676900886,0.07232639604368432,0.07232639604368432,0.06861735009272615,0.06490830414176797,0.060581083865650115,0.049660004121162164,0.043066144652792085,0.041005563568926436,0.03317535545023697,0.026787554090253452,0.019987636513496807,0.009272614877395426,0.007624150010302906,0.8455066810851979,0.03433140607032563,0.0,0.0,0.0,0.0,0.0,0.0,0.0,0.0,0.0,0.0,0.0,0.0,0.0,0.0,0.0,0.0,0.0,0.0,0.0,0.0,0.018545229754790855,0.05563568926437257,0.37708633834741406,1.9472491242530334,7.758087780754174,12.709664125283332,5.606841129198435,1.1188955285390483,0.3029054193282506,0.10508963527714818,4.283398184176394,2.8499158056959715,4.0,2.3664319132398464,0.9338380015140045,4.3052699228791775,2.8860087972910584,4.257272139625081,2.8081980926832744,0.9888513881559375,0.3914,0.01095,0.0,0.0,0.0,0.0,0.0,0.0,0.0,0.0,0.0,0.0,0.3399958788378324,23.329899031526857,6.330105089635278,0.0,0.0,0.0,0.0,0.0,0.0,0.0,0.0,0.0,0.0,0.0,0.0,0.0,0.0,0.0,0.0,0.0,nan,nan,4.281572164948454,2.8471536885520456,nan,0.3914,0.05692,0.0,0.0,0.0,0.0,0.0,0.0,0.0,0.0,0.0,0.0,0.0,0.0,0.0,0.0,0.0,0.0,0.0,0.0,0.0,5.151452709664125e-05,0.0,0.00021636101380589326,0.00044302493303111475,0.0008757469606429013,0.0020296723676076654,0.00047393364928909954,0.010859262311971976,0.0037708633834741398,0.012167731300226664,0.01107562332577787,0.02557181125077272,0.02384092314032557,0.02668452503606017,0.04348856377498454,0.03607047187306821,0.08583350504842366,0.058623531835977745,0.05822171852462395,0.06587677725118483,0.08046569132495364,0.05789202555120544,0.07192458273233052,0.07281063259839275,0.0427055429631156,0.052256336286832884,0.03091901916340408,0.02449000618174325,0.02532454152070884,0.00883989284978364,0.010117453121780341,0.017999175767566454,0.0030290541932825057,0.02673603956315681,0.003873892437667422,0.0001030290541932825,0.004234494127343911,0.0,7.212033793529775e-05,3.090871625798475e-05,0.0,0.0,0.0,0.0,0.0,0.0,0.0,0.0,0.0,0.0,0.0,0.0,0.0,0.0,0.0,0.0,0.0,0.0,0.0,0.0,0.0,0.0,0.0,0.0,0.0,0.0,0.0,0.0,0.0,0.0,0.0,0.0,0.0,0.0,0.0,0.0,0.0,0.0,0.0,0.0,0.0,0.0,nan,nan,4.281572164948454,2.8471536885520456,nan,0.8443184695878728,0.03431139853474211,0.0,0.0,0.0,0.0,0.0,0.0,0.0,0.0,0.0,0.0,0.0,0.0,0.0,0.0,0.0,0.0,0.0,0.0,0.0,0.0,0.01199520191923231,0.08396641343462617,0.46781287485006007,2.06317473010795,7.8928428628548595,12.690923630547784,5.421831267493004,1.007596961215514,0.2518992403038785,0.10795681727309078,0.846770166185032,0.03430755219584563,0.0,0.0,0.0,0.0,0.0,0.0,0.0,0.0,0.0,0.0,0.0,0.0,0.0,0.0,0.0,0.0,0.0,0.0,0.0,0.0,0.02551020408163266,0.02551020408163266,0.2806122448979592,1.823979591836729,7.614795918367348,12.729591836734697,5.80357142857143,1.237244897959184,0.35714285714285726,0.10204081632653064,0.3914,0.01096,0.0,0.0,0.0,0.0,0.0,0.0,0.0,0.0,0.0,0.0,0.3598560575769693,23.30667732906834,6.33346661335466,0.0,0.0,0.0,0.0,0.0,0.0,0.0,0.0,0.0,0.0,0.0,0.0,0.0,0.0,0.0,0.0,0.0,0.3914,0.01093,0.0,0.0,0.0,0.0,0.0,0.0,0.0,0.0,0.0,0.0,0.3188775510204082,23.35459183673466,6.326530612244899,0.0,0.0,0.0,0.0,0.0,0.0,0.0,0.0,0.0,0.0,0.0,0.0,0.0,0.0,0.0,0.0,0.0
57400,4449,2310,0.519217801753203,1058,850,0.42886041807147673,1207,0.5425938413126545,0.41,2.9214586255259465,3.0113394118460377,6.2433697347893915,2.0062438889435477,8379.175320296696,506.32558882535346,7853.0,8866.4,8866.4,0.0,7853.0,0.0,28.95954146999326,21.551209836526144,33.96666666666667,19.770003091103003,0.13463699707799506,0.09957293773881772,0.09687570240503483,0.07687120701281187,0.08001798156889188,0.06945380984490897,0.0667565745111261,0.05709148123173747,0.05933917734322319,0.05551809395369746,0.05034839289728029,0.044504383007417395,0.040233760395594516,0.02652281411553158,0.02000449539222297,0.012587098224320073,0.009665093279388626,0.8474133887379913,0.035008770803930354,0.0,0.0,0.0,0.0,0.0,0.0,0.0,0.0,0.0,0.0,0.0,0.0,0.0,0.0,0.0,0.0,0.0,0.0,0.0,0.0,0.020229265003371546,0.020229265003371546,0.2832097100472017,1.773432231962233,8.004045853000676,12.252191503708701,5.69790964261632,1.4295347269049228,0.38435603506405946,0.13486176668914365,4.1419153365718255,2.8016152664293967,3.6,2.4576411454889016,0.8691631063081176,4.1094941094941095,2.762071085437834,4.170462387853692,2.8382791798361917,1.0148359571117838,0.3914,0.010796,0.0,0.0,0.0,0.0,0.0,0.0,0.0,0.0,0.0,0.0,0.3034389750505732,23.263654753877244,6.432906271072152,0.0,0.0,0.0,0.0,0.0,0.0,0.0,0.0,0.0,0.0,0.0,0.0,0.0,0.0,0.0,0.0,0.0,nan,nan,4.140041493775934,2.8006793284676856,nan,0.3914,0.0568,0.0,0.0,0.0,0.0,0.0,0.0,0.0,0.0,0.0,0.0,0.0,0.0,0.0,0.0,0.0,0.0,0.0,0.0,0.0,8.990784445942908e-05,2.247696111485727e-05,0.00014610024724657226,0.0002247696111485727,0.0011238480557428637,0.0025286581254214432,0.0003821083389525736,0.010777702854574061,0.004338053495167454,0.01087884917959092,0.011182288154641493,0.02546639694313329,0.0224095302315127,0.027219599910092155,0.04399865138233311,0.0373229939312205,0.08464823555855248,0.0570240503483929,0.05835019105416948,0.06666666666666667,0.08260283209710047,0.05922679253764891,0.06957743313104069,0.07407282535401213,0.04085187682625309,0.05292200494493145,0.03041132838840189,0.024904472915261856,0.026230613621038436,0.009294223420993482,0.009046976848730051,0.018914362778152394,0.0031580130366374464,0.026174421218251292,0.0034164980894583054,0.00010114632501685772,0.004225668689593167,0.0,5.619240278714318e-05,1.1238480557428635e-05,0.0,0.0,0.0,0.0,0.0,0.0,0.0,0.0,0.0,0.0,0.0,0.0,0.0,0.0,0.0,0.0,0.0,0.0,0.0,0.0,0.0,0.0,0.0,0.0,0.0,0.0,0.0,0.0,0.0,0.0,0.0,0.0,0.0,0.0,0.0,0.0,0.0,0.0,0.0,0.0,0.0,0.0,nan,nan,4.140041493775934,2.8006793284676856,nan,0.8476823905845741,0.035607623256293935,0.0,0.0,0.0,0.0,0.0,0.0,0.0,0.0,0.0,0.0,0.0,0.0,0.0,0.0,0.0,0.0,0.0,0.0,0.0,0.0,0.03896103896103897,0.01298701298701299,0.32467532467532473,1.8571428571428512,7.753246753246755,12.324675324675328,5.727272727272729,1.402597402597403,0.3896103896103897,0.1688311688311689,0.8471228818349495,0.03434795422831536,0.0,0.0,0.0,0.0,0.0,0.0,0.0,0.0,0.0,0.0,0.0,0.0,0.0,0.0,0.0,0.0,0.0,0.0,0.0,0.0,0.0,0.02805049088359047,0.23842917251051898,1.6830294530154224,8.274894810659188,12.173913043478263,5.6661991584852744,1.4586255259467045,0.37868162692847135,0.09817671809256664,0.3914,0.01067,0.0,0.0,0.0,0.0,0.0,0.0,0.0,0.0,0.0,0.0,0.31168831168831174,23.519480519480485,6.16883116883117,0.0,0.0,0.0,0.0,0.0,0.0,0.0,0.0,0.0,0.0,0.0,0.0,0.0,0.0,0.0,0.0,0.0,0.3916,0.01092,0.0,0.0,0.0,0.0,0.0,0.0,0.0,0.0,0.0,0.0,0.2945301542776999,22.98737727910235,6.718092566619918,0.0,0.0,0.0,0.0,0.0,0.0,0.0,0.0,0.0,0.0,0.0,0.0,0.0,0.0,0.0,0.0,0.0
57500,4476,2320,0.5183199285075961,1091,872,0.43856121537086684,1208,0.5397676496872207,0.414,2.9281076066790352,3.0371735743149877,6.4640522875816995,1.9803813714411111,8378.265415549598,506.3597686877094,7853.0,8866.4,8866.4,0.0,7853.0,0.0,27.94213583556747,21.002148987779158,32.832138114209826,19.319772992874338,0.13762287756925826,0.10366398570151922,0.0933869526362824,0.08891867739052725,0.08176943699731903,0.07216264521894548,0.06814119749776586,0.06590705987488829,0.05674709562109026,0.04937444146559428,0.044012511170688114,0.039544235924932974,0.03731009830205541,0.026586237712243076,0.014298480786416443,0.01161751563896336,0.008936550491510277,0.8469468127599883,0.035085227430783184,0.0,0.0,0.0,0.0,0.0,0.0,0.0,0.0,0.0,0.0,0.0,0.0,0.0,0.0,0.0,0.0,0.0,0.0,0.0,0.01340482573726542,0.046916890080428965,0.0804289544235925,0.3016085790884719,1.8297587131367234,7.278820375335123,13.00938337801609,5.683646112600538,1.313672922252011,0.3619302949061663,0.0804289544235925,4.148382559774965,2.8293831087875287,5.12,2.7176460402340847,1.2342159688082726,4.2233967582804794,2.8049316314484627,4.091724137931035,2.8525609413122304,0.9688230521815682,0.3918,0.01087,0.0,0.0,0.0,0.0,0.0,0.0,0.0,0.0,0.0,0.0,0.23458445040214482,23.036193029490583,6.722520107238608,0.00670241286863271,0.0,0.0,0.0,0.0,0.0,0.0,0.0,0.0,0.0,0.0,0.0,0.0,0.0,0.0,0.0,0.0,nan,nan,4.156849076333217,2.8298696783654034,nan,0.3918,0.05673,0.0,0.0,0.0,0.0,0.0,0.0,0.0,0.0,0.0,0.0,0.0,0.0,0.0,0.0,0.0,0.0,0.0,0.0,0.0,8.936550491510277e-05,6.702412868632708e-05,7.819481680071492e-05,0.00023458445040214478,0.0007596067917783736,0.0027033065236818587,0.00030160857908847187,0.011025469168900804,0.004043789097408401,0.0092828418230563,0.011684539767649688,0.02324620196604111,0.02307864164432529,0.026463360142984806,0.044068364611260055,0.03610366398570152,0.08698614834673817,0.054781054512958,0.060880250223413764,0.06707998212689902,0.08543342269883825,0.059361036639857014,0.06759383378016086,0.07475424486148347,0.03973413762287757,0.05074843610366399,0.030886952636282394,0.02510053619302949,0.027133601429848078,0.009830205540661306,0.010098302055406613,0.01706881143878463,0.00290437890974084,0.0282171581769437,0.0038092046470062555,5.585344057193923e-05,0.0043118856121537085,0.0,0.0,0.0,0.0,0.0,0.0,0.0,0.0,0.0,0.0,0.0,0.0,0.0,0.0,0.0,0.0,0.0,0.0,0.0,0.0,0.0,0.0,0.0,0.0,0.0,0.0,0.0,0.0,0.0,0.0,0.0,0.0,0.0,0.0,0.0,0.0,0.0,0.0,0.0,0.0,0.0,0.0,0.0,0.0,0.0,nan,nan,4.156849076333217,2.8298696783654034,nan,0.8480150746117379,0.03548613993188883,0.0,0.0,0.0,0.0,0.0,0.0,0.0,0.0,0.0,0.0,0.0,0.0,0.0,0.0,0.0,0.0,0.0,0.0,0.0,0.012931034482758624,0.03879310344827587,0.07758620689655174,0.2586206896551725,1.8103448275862013,7.22844827586207,12.905172413793107,5.625000000000002,1.5129310344827591,0.4396551724137932,0.09051724137931037,0.8457972916579203,0.03461182888515142,0.0,0.0,0.0,0.0,0.0,0.0,0.0,0.0,0.0,0.0,0.0,0.0,0.0,0.0,0.0,0.0,0.0,0.0,0.0,0.013914656771799632,0.05565862708719853,0.08348794063079779,0.3478664192949908,1.8506493506493449,7.333024118738406,13.121521335807053,5.746753246753248,1.0992578849721708,0.27829313543599266,0.06957328385899816,0.3923,0.01073,0.0,0.0,0.0,0.0,0.0,0.0,0.0,0.0,0.0,0.0,0.2198275862068966,22.7715517241379,7.008620689655174,0.0,0.0,0.0,0.0,0.0,0.0,0.0,0.0,0.0,0.0,0.0,0.0,0.0,0.0,0.0,0.0,0.0,0.3916,0.01101,0.0,0.0,0.0,0.0,0.0,0.0,0.0,0.0,0.0,0.0,0.25046382189239336,23.320964749536145,6.41465677179963,0.013914656771799632,0.0,0.0,0.0,0.0,0.0,0.0,0.0,0.0,0.0,0.0,0.0,0.0,0.0,0.0,0.0,0.0
57600,4515,2338,0.517829457364341,1111,919,0.4496124031007752,1277,0.5656699889258029,0.41,2.9209921910886543,3.0638894835664474,6.568027210884353,2.2270289654301783,8377.768372093024,506.3777482570772,7853.0,8866.4,8866.4,0.0,7853.0,0.0,28.050498338870433,20.64430873486353,32.927650618258355,18.847126611505914,0.13576965669988925,0.10055370985603544,0.09235880398671097,0.08194905869324474,0.08261351052048727,0.07796234772978959,0.06799557032115172,0.06400885935769657,0.06046511627906977,0.05603543743078627,0.04673311184939092,0.0425249169435216,0.03477297895902547,0.026135105204872645,0.015946843853820596,0.008859357696566999,0.0053156146179402,0.8457870227685931,0.03463657134408978,0.0,0.0,0.0,0.0,0.0,0.0,0.0,0.0,0.0,0.0,0.0,0.0,0.0,0.0,0.0,0.0,0.0,0.0,0.0,0.006644518272425251,0.01993355481727575,0.09302325581395351,0.3920265780730898,1.9468438538205919,7.382059800664454,12.936877076411964,5.588039867109636,1.2890365448504986,0.2724252491694353,0.07308970099667775,4.229159519725558,2.846858666647138,4.269230769230769,2.1041660563984506,1.0094749912644136,4.393250688705234,2.880595986020225,4.071236559139785,2.7933351126505848,0.926702537054549,0.3918,0.01063,0.0,0.0,0.0,0.0,0.0,0.0,0.0,0.0,0.0,0.0,0.16611295681063126,23.275747508305617,6.558139534883723,0.0,0.0,0.0,0.0,0.0,0.0,0.0,0.0,0.0,0.0,0.0,0.0,0.0,0.0,0.0,0.0,0.0,nan,nan,4.22951377082625,2.8411460568317057,nan,0.3918,0.05692,0.0,0.0,0.0,0.0,0.0,0.0,0.0,0.0,0.0,0.0,0.0,0.0,0.0,0.0,0.0,0.0,0.0,0.0,0.0,0.0,0.00019933554817275749,0.00011074197120708749,0.0005869324473975636,0.0005980066445182724,0.0032668881506090807,0.0003875968992248062,0.01105204872646733,0.004119601328903655,0.008338870431893687,0.012679955703211516,0.02363233665559247,0.023853820598006645,0.02345514950166113,0.04672203765227021,0.036212624584717606,0.08458471760797343,0.05293466223698782,0.06133997785160576,0.06813953488372093,0.08461794019933555,0.060996677740863786,0.07124031007751938,0.07250276854928017,0.03935769656699889,0.05115171650055371,0.0293687707641196,0.02565891472868217,0.025636766334440755,0.010155038759689922,0.010553709856035437,0.017209302325581394,0.00230343300110742,0.028460686600221483,0.003610188261351052,2.21483942414175e-05,0.004939091915836102,0.0,0.0,0.0,0.0,0.0,0.0,0.0,0.0,0.0,0.0,0.0,0.0,0.0,0.0,0.0,0.0,0.0,0.0,0.0,0.0,0.0,0.0,0.0,0.0,0.0,0.0,0.0,0.0,0.0,0.0,0.0,0.0,0.0,0.0,0.0,0.0,0.0,0.0,0.0,0.0,0.0,0.0,0.0,0.0,0.0,nan,nan,4.22951377082625,2.8411460568317057,nan,0.8449538617280938,0.03445299214989961,0.0,0.0,0.0,0.0,0.0,0.0,0.0,0.0,0.0,0.0,0.0,0.0,0.0,0.0,0.0,0.0,0.0,0.0,0.0,0.012831479897348164,0.02566295979469633,0.11548331907613348,0.3592814371257486,2.001710863986307,7.390932420872542,13.267750213858001,5.183917878528658,1.25748502994012,0.34644995722840044,0.03849443969204449,0.8466818002204475,0.0348104490287348,0.0,0.0,0.0,0.0,0.0,0.0,0.0,0.0,0.0,0.0,0.0,0.0,0.0,0.0,0.0,0.0,0.0,0.0,0.0,0.0,0.013780431786862658,0.06890215893431328,0.42719338539274243,1.887919154800178,7.372531005971522,12.581534221405608,6.022048690858982,1.322921451538815,0.1929260450160772,0.11024345429490126,0.3918,0.01041,0.0,0.0,0.0,0.0,0.0,0.0,0.0,0.0,0.0,0.0,0.1796407185628743,23.378956372968315,6.4414029084687785,0.0,0.0,0.0,0.0,0.0,0.0,0.0,0.0,0.0,0.0,0.0,0.0,0.0,0.0,0.0,0.0,0.0,0.3918,0.010864,0.0,0.0,0.0,0.0,0.0,0.0,0.0,0.0,0.0,0.0,0.15158474965548924,23.16490583371609,6.6835094166283895,0.0,0.0,0.0,0.0,0.0,0.0,0.0,0.0,0.0,0.0,0.0,0.0,0.0,0.0,0.0,0.0,0.0
57700,4755,2459,0.5171398527865405,1181,971,0.4525762355415352,1343,0.5648790746582545,0.40599999999999997,2.953397212543554,3.0887012751253353,6.607361963190184,2.142000621006841,8377.06952681388,506.4022013560582,7853.0,8866.4,8866.4,0.0,7853.0,0.0,28.34048370136698,20.929252200281397,33.20951669157947,19.136456964848772,0.13732912723449,0.09800210304942167,0.08980021030494216,0.08349106203995794,0.08264984227129338,0.076130389064143,0.07003154574132492,0.06140904311251314,0.060988433228180865,0.05531019978969506,0.047528916929547846,0.038485804416403785,0.03659305993690852,0.02607781282860147,0.016824395373291272,0.013038906414300735,0.006309148264984227,0.8465641646731163,0.03542906397196953,0.0,0.0,0.0,0.0,0.0,0.0,0.0,0.0,0.0,0.0,0.0,0.0,0.0,0.0,0.0,0.0,0.0,0.0,0.0,0.0,0.012618296529968457,0.12618296529968456,0.4479495268138802,1.7160883280757044,7.533123028391168,12.731861198738173,5.7476340694006325,1.318611987381704,0.23974763406940067,0.12618296529968456,4.219106618845777,2.883385071837071,4.485714285714286,3.1836316062135133,1.0631905497902407,4.253058596265293,2.9266134532940566,4.189276485788113,2.846588010376035,0.9850032373094534,0.3916,0.01057,0.0,0.0,0.0,0.0,0.0,0.0,0.0,0.0,0.0,0.0,0.220820189274448,23.15457413249208,6.618296529968456,0.006309148264984229,0.0,0.0,0.0,0.0,0.0,0.0,0.0,0.0,0.0,0.0,0.0,0.0,0.0,0.0,0.0,0.0,nan,nan,4.222114764667956,2.8870842762265783,nan,0.3916,0.05713,0.0,0.0,0.0,0.0,0.0,0.0,0.0,0.0,0.0,0.0,0.0,0.0,0.0,0.0,0.0,0.0,0.0,0.0,0.0,0.0,0.0002523659305993691,6.309148264984228e-05,0.0004942166140904311,0.0007886435331230284,0.002807570977917981,0.0008622502628811777,0.011682439537329127,0.004195583596214511,0.008874868559411147,0.012145110410094638,0.022902208201892746,0.02341745531019979,0.023459516298633017,0.04924290220820189,0.038464773922187175,0.08255520504731861,0.05221871713985279,0.05994742376445846,0.07022082018927445,0.08393270241850684,0.05813880126182965,0.07156677181913774,0.07259726603575184,0.03868559411146162,0.052891692954784436,0.03053627760252366,0.024206098843322817,0.024111461619348056,0.01017875920084122,0.009915878023133543,0.01868559411146162,0.0021871713985278656,0.029800210304942166,0.0033017875920084124,0.0,0.0045320715036803365,9.46372239747634e-05,3.154574132492114e-05,1.0515247108307046e-05,0.0,0.0,0.0,0.0,0.0,0.0,0.0,0.0,0.0,0.0,0.0,0.0,0.0,0.0,0.0,0.0,0.0,0.0,0.0,0.0,0.0,0.0,0.0,0.0,0.0,0.0,0.0,0.0,0.0,0.0,0.0,0.0,0.0,0.0,0.0,0.0,0.0,0.0,0.0,0.0,0.0,0.0,nan,nan,4.222114764667956,2.8870842762265783,nan,0.8463322480503453,0.03557581609037318,0.0,0.0,0.0,0.0,0.0,0.0,0.0,0.0,0.0,0.0,0.0,0.0,0.0,0.0,0.0,0.0,0.0,0.0,0.0,0.0,0.024400162667751125,0.15860105734038232,0.42700284668564464,1.6958113054086976,7.83245221634811,12.309882065880442,5.9658397722651495,1.2322082147214317,0.23180154534363567,0.12200081333875562,0.8468125457599603,0.035269525157485423,0.0,0.0,0.0,0.0,0.0,0.0,0.0,0.0,0.0,0.0,0.0,0.0,0.0,0.0,0.0,0.0,0.0,0.0,0.0,0.0,0.0,0.09146341463414637,0.4703832752613241,1.7378048780487751,7.21254355400697,13.18379790940767,5.513937282229967,1.4111498257839725,0.2482578397212544,0.13066202090592338,0.3918,0.010605,0.0,0.0,0.0,0.0,0.0,0.0,0.0,0.0,0.0,0.0,0.2196014640097601,23.155754371695778,6.612444082960555,0.012200081333875562,0.0,0.0,0.0,0.0,0.0,0.0,0.0,0.0,0.0,0.0,0.0,0.0,0.0,0.0,0.0,0.0,0.3916,0.01053,0.0,0.0,0.0,0.0,0.0,0.0,0.0,0.0,0.0,0.0,0.22212543554006975,23.15331010452958,6.6245644599303155,0.0,0.0,0.0,0.0,0.0,0.0,0.0,0.0,0.0,0.0,0.0,0.0,0.0,0.0,0.0,0.0,0.0
57800,4598,2420,0.5263157894736842,1163,915,0.451935624184428,1265,0.5502392344497608,0.434,3.03168044077135,3.1495342003751556,6.642628205128205,2.2047828581318756,8386.368421052632,505.9977127602055,7853.0,8866.4,8866.399999999998,1.8189894035458565e-12,7853.0,0.0,28.078729882557635,20.891481558103695,33.107967817285235,19.082205579719087,0.14049586776859505,0.10221835580687255,0.09047411918225315,0.07981731187472814,0.08373205741626795,0.0724227925184863,0.07090039147455415,0.06220095693779904,0.05741626794258373,0.058938668986515876,0.04936929099608525,0.03849499782514137,0.03305785123966942,0.025228360156589823,0.019138755980861243,0.009569377990430622,0.006524575902566333,0.8459380436923619,0.03490335549134969,0.0,0.0,0.0,0.0,0.0,0.0,0.0,0.0,0.0,0.0,0.0,0.0,0.0,0.0,0.0,0.0,0.0,0.0,0.0,0.0,0.019573727707699003,0.09134406263592869,0.3914745541539801,1.983471074380159,7.477163984341019,12.840365376250547,5.526315789473686,1.2331448455850371,0.3392779469334494,0.09786863853849502,4.260532524435456,2.9501879861391243,3.7,3.083828789021855,0.8684360414524168,4.225050234427328,2.918218074825582,4.288487282463186,2.98396674764366,1.0150145074060775,0.3916,0.01092,0.0,0.0,0.0,0.0,0.0,0.0,0.0,0.0,0.0,0.0,0.3197042192257504,23.429752066115668,6.250543714658549,0.0,0.0,0.0,0.0,0.0,0.0,0.0,0.0,0.0,0.0,0.0,0.0,0.0,0.0,0.0,0.0,0.0,nan,nan,4.2567793773016405,2.9514569562477235,nan,0.3916,0.0574,0.0,0.0,0.0,0.0,0.0,0.0,0.0,0.0,0.0,0.0,0.0,0.0,0.0,0.0,0.0,0.0,0.0,0.0,0.0,0.0,0.0003588516746411483,3.2622879512831664e-05,0.0003697259678120922,0.0005545889517181383,0.0027620704654197476,0.0013157894736842105,0.011624619399739017,0.004675946063505872,0.009167029143105698,0.013603740756850804,0.023999565028273162,0.021465854719443237,0.02312962157459765,0.05013049151805132,0.03766855154414963,0.08144845585036972,0.05282731622444541,0.05962374945628534,0.07203131796433232,0.08112222705524141,0.05909090909090909,0.0747281426707264,0.07106350587211831,0.03783166594171379,0.05120704654197477,0.03083949543279687,0.024064810787298826,0.0239343192692475,0.010352327098738581,0.009210526315789473,0.01966072205306655,0.0024684645498042625,0.02939321444106133,0.0033710308829926054,1.087429317094389e-05,0.004578077424967377,0.00011961722488038278,0.00016311439756415834,0.0,0.0,0.0,0.0,0.0,0.0,0.0,0.0,0.0,0.0,0.0,0.0,0.0,0.0,0.0,0.0,0.0,0.0,0.0,0.0,0.0,0.0,0.0,0.0,0.0,0.0,0.0,0.0,0.0,0.0,0.0,0.0,0.0,0.0,0.0,0.0,0.0,0.0,0.0,0.0,0.0,0.0,0.0,nan,nan,4.2567793773016405,2.9514569562477235,nan,0.8459862345260036,0.03523337326681146,0.0,0.0,0.0,0.0,0.0,0.0,0.0,0.0,0.0,0.0,0.0,0.0,0.0,0.0,0.0,0.0,0.0,0.0,0.0,0.0,0.02479338842975207,0.12396694214876035,0.35950413223140504,2.020661157024787,7.227272727272728,12.917355371900829,5.665289256198348,1.2644628099173556,0.29752066115702486,0.09917355371900828,0.8458844983216488,0.03453289144093953,0.0,0.0,0.0,0.0,0.0,0.0,0.0,0.0,0.0,0.0,0.0,0.0,0.0,0.0,0.0,0.0,0.0,0.0,0.0,0.0,0.013774104683195596,0.055096418732782385,0.42699724517906346,1.9421487603305727,7.7548209366391205,12.754820936639122,5.371900826446282,1.1983471074380168,0.3856749311294767,0.09641873278236918,0.3914,0.01088,0.0,0.0,0.0,0.0,0.0,0.0,0.0,0.0,0.0,0.0,0.3719008264462811,23.628099173553686,6.000000000000002,0.0,0.0,0.0,0.0,0.0,0.0,0.0,0.0,0.0,0.0,0.0,0.0,0.0,0.0,0.0,0.0,0.0,0.3918,0.01095,0.0,0.0,0.0,0.0,0.0,0.0,0.0,0.0,0.0,0.0,0.2617079889807163,23.20936639118454,6.5289256198347125,0.0,0.0,0.0,0.0,0.0,0.0,0.0,0.0,0.0,0.0,0.0,0.0,0.0,0.0,0.0,0.0,0.0
57900,4859,2515,0.5175962132125952,1163,990,0.4430952870961103,1374,0.5655484667627084,0.40199999999999997,3.0072525597269624,3.0782511259210255,6.462664714494876,2.1255601105662674,8377.532002469645,506.38612706898124,7853.0,8866.4,8866.399999999998,1.8189894035458565e-12,7853.0,0.0,28.06482815394114,21.040463076287164,33.228472736244754,19.218460688815053,0.1420045276805927,0.10290183165260341,0.0874665569047129,0.08252726898538794,0.08273307264869315,0.07758798106606297,0.06585717225766619,0.06688619057419222,0.056801811072237085,0.05268573780613295,0.04033751800782054,0.040543321671125745,0.0391026960279893,0.025519654249845647,0.019757151677299856,0.011525005145091582,0.005762502572545791,0.8464148177558881,0.03502363076758098,0.0,0.0,0.0,0.0,0.0,0.0,0.0,0.0,0.0,0.0,0.0,0.0,0.0,0.0,0.0,0.0,0.0,0.0,0.0,0.0,0.024696439596624827,0.037044659394937236,0.40749125334430963,1.8522329697468558,7.797900802634288,12.447005556698912,5.711051656719491,1.2780407491253347,0.2963572751594979,0.14817863757974895,4.2531080650302835,2.8570797588801176,3.5,2.2638462845343543,0.8229275970619098,4.254614894971356,2.8617802414284155,4.243994943109987,2.848005706746991,0.9975038982085264,0.392,0.011086,0.0,0.0,0.0,0.0,0.0,0.0,0.0,0.0,0.0,0.0,0.3148796048569665,22.65898332990324,7.026137065239762,0.0,0.0,0.0,0.0,0.0,0.0,0.0,0.0,0.0,0.0,0.0,0.0,0.0,0.0,0.0,0.0,0.0,nan,nan,4.249286393910562,2.854882191848342,nan,0.392,0.05756,0.0,0.0,0.0,0.0,0.0,0.0,0.0,0.0,0.0,0.0,0.0,0.0,0.0,0.0,0.0,0.0,0.0,0.0,0.0,0.0,0.000391026960279893,0.0,0.0005556698909240584,0.0006585717225766619,0.002737188721959251,0.0013685943609796254,0.012307059065651368,0.003580983741510599,0.008468820745009261,0.013037662070384853,0.025972422309117102,0.02139329080057625,0.02200041160732661,0.04811689648075736,0.03612883309322906,0.08219798312409961,0.055299444330109075,0.055824243671537356,0.07204157233998765,0.08002675447622967,0.060074089318789874,0.07780407491253344,0.06988063387528298,0.037384235439390824,0.050329285861288334,0.03202305001029018,0.024264251903683885,0.024521506482815394,0.010032928586128833,0.009477258695204775,0.02137271043424573,0.0028812512862728956,0.030510393084996913,0.00301502366742128,3.0870549495781024e-05,0.00392055978596419,0.00015435274747890512,0.00021609384647046717,0.0,0.0,0.0,0.0,0.0,0.0,0.0,0.0,0.0,0.0,0.0,0.0,0.0,0.0,0.0,0.0,0.0,0.0,0.0,0.0,0.0,0.0,0.0,0.0,0.0,0.0,0.0,0.0,0.0,0.0,0.0,0.0,0.0,0.0,0.0,0.0,0.0,0.0,0.0,0.0,0.0,0.0,0.0,nan,nan,4.249286393910562,2.854882191848342,nan,0.8461872890265751,0.03386727364049617,0.0,0.0,0.0,0.0,0.0,0.0,0.0,0.0,0.0,0.0,0.0,0.0,0.0,0.0,0.0,0.0,0.0,0.0,0.0,0.0,0.023856858846918495,0.04771371769383699,0.31013916500994043,1.777335984095422,7.896620278330022,12.667992047713721,5.6898608349900615,1.1689860834990062,0.2862823061630219,0.1312127236580517,0.8466589452107611,0.03622172844400203,0.0,0.0,0.0,0.0,0.0,0.0,0.0,0.0,0.0,0.0,0.0,0.0,0.0,0.0,0.0,0.0,0.0,0.0,0.0,0.0,0.025597269624573385,0.025597269624573385,0.5119453924914676,1.9325938566552843,7.691979522184302,12.209897610921505,5.733788395904439,1.3950511945392496,0.3071672354948806,0.16638225255972702,0.392,0.01122,0.0,0.0,0.0,0.0,0.0,0.0,0.0,0.0,0.0,0.0,0.3220675944333997,22.54473161033794,7.13320079522863,0.0,0.0,0.0,0.0,0.0,0.0,0.0,0.0,0.0,0.0,0.0,0.0,0.0,0.0,0.0,0.0,0.0,0.3918,0.01093,0.0,0.0,0.0,0.0,0.0,0.0,0.0,0.0,0.0,0.0,0.3071672354948806,22.781569965870272,6.911262798634814,0.0,0.0,0.0,0.0,0.0,0.0,0.0,0.0,0.0,0.0,0.0,0.0,0.0,0.0,0.0,0.0,0.0
58000,4609,2419,0.5248426990670427,1162,939,0.45584725536992843,1286,0.558038620091126,0.422,3.0529680365296805,3.1900140784793014,6.898671096345515,2.1102577100406106,8384.875591234542,506.0741838959888,7853.0,8866.4,8866.4,0.0,7853.0,0.0,27.96137990887394,20.590307337790072,32.80998970133883,18.789580759240742,0.13733998698199176,0.0945975265784335,0.09155999132132783,0.09199392492948578,0.08440008678672163,0.07073117812974615,0.06856151008895639,0.06769364287264049,0.061835539162508134,0.05424170101974398,0.049034497721848556,0.03796919071382079,0.03471468865263615,0.02082881319158169,0.017357344326318074,0.012150141028422651,0.004990236493816446,0.8472283806245273,0.03445054737991745,0.0,0.0,0.0,0.0,0.0,0.0,0.0,0.0,0.0,0.0,0.0,0.0,0.0,0.0,0.0,0.0,0.0,0.0,0.0,0.006509004122369279,0.006509004122369279,0.07159904534606207,0.2538511607724019,1.770449121284438,7.732696897374703,12.63397700151877,5.6498155782165345,1.4189628986765028,0.3840312432197875,0.07159904534606207,4.277294038847957,2.951403706122738,4.5,2.5284100029182657,1.0520670216097714,4.241310160427807,2.9731291057069114,4.314038589487692,2.92621320874297,1.0171476327617945,0.3918,0.01101,0.0,0.0,0.0,0.0,0.0,0.0,0.0,0.0,0.0,0.0,0.2668691690171404,22.885658494250347,6.840963332610112,0.006509004122369279,0.0,0.0,0.0,0.0,0.0,0.0,0.0,0.0,0.0,0.0,0.0,0.0,0.0,0.0,0.0,0.0,nan,nan,4.278333333333333,2.9496096728588044,nan,0.3918,0.05774,0.0,0.0,0.0,0.0,0.0,0.0,0.0,0.0,0.0,0.0,0.0,0.0,0.0,0.0,0.0,0.0,0.0,0.0,0.0,0.0,0.0005532653504013886,0.0,0.0004664786287697982,0.0006075070514211326,0.003276198741592536,0.0015730093295725754,0.011379908873942288,0.0032111087003688435,0.007778259926231287,0.015252766326752007,0.02835756129312215,0.02215231069646344,0.020308092861792144,0.04829681058798004,0.03625515296159688,0.08147103493165546,0.051735734432631804,0.0554024734215665,0.07552614449989152,0.08037535257105663,0.05954653937947494,0.07478845736602299,0.07009112605771317,0.037708830548926014,0.05007593838142764,0.030863527880234325,0.024571490561944024,0.026882187025385116,0.010956823605988283,0.010837491863744848,0.018984595356910394,0.0030917769581254068,0.030494684313300064,0.0028205684530266868,0.0,0.00395964417444131,0.00013018008244738554,0.00020611846387502713,0.0,0.0,0.0,0.0,1.0848340203948797e-05,0.0,0.0,0.0,0.0,0.0,0.0,0.0,0.0,0.0,0.0,0.0,0.0,0.0,0.0,0.0,0.0,0.0,0.0,0.0,0.0,0.0,0.0,0.0,0.0,0.0,0.0,0.0,0.0,0.0,0.0,0.0,0.0,0.0,0.0,0.0,0.0,0.0,0.0,nan,nan,4.278333333333333,2.9496096728588044,nan,0.8475176281996037,0.034145308953484735,0.0,0.0,0.0,0.0,0.0,0.0,0.0,0.0,0.0,0.0,0.0,0.0,0.0,0.0,0.0,0.0,0.0,0.0,0.0,0.012401818933443574,0.0,0.07441091360066145,0.2356345597354279,1.6618437370814336,7.862753203803226,12.563042579578342,5.742042166184375,1.401405539479124,0.35965274906986366,0.08681273253410503,0.8469088875267604,0.03478179458318585,0.0,0.0,0.0,0.0,0.0,0.0,0.0,0.0,0.0,0.0,0.0,0.0,0.0,0.0,0.0,0.0,0.0,0.0,0.0,0.0,0.013698630136986304,0.06849315068493152,0.27397260273972607,1.8904109589041038,7.589041095890413,12.71232876712329,5.5479452054794525,1.438356164383562,0.41095890410958913,0.054794520547945216,0.3918,0.01101,0.0,0.0,0.0,0.0,0.0,0.0,0.0,0.0,0.0,0.0,0.2480363786688715,22.906159570070244,6.845804051260853,0.0,0.0,0.0,0.0,0.0,0.0,0.0,0.0,0.0,0.0,0.0,0.0,0.0,0.0,0.0,0.0,0.0,0.392,0.01101,0.0,0.0,0.0,0.0,0.0,0.0,0.0,0.0,0.0,0.0,0.28767123287671237,22.863013698630105,6.835616438356166,0.013698630136986304,0.0,0.0,0.0,0.0,0.0,0.0,0.0,0.0,0.0,0.0,0.0,0.0,0.0,0.0,0.0,0.0
58100,4612,2448,0.5307892454466608,1156,912,0.4483954900260191,1248,0.5411968777103209,0.442,3.002772643253235,3.1231636648323833,6.689482470784641,2.1759973590948785,8390.901821335645,505.7384070300952,7853.0,8866.4,8866.399999999998,1.8189894035458565e-12,7853.0,0.0,28.268647007805725,21.07091723164756,33.22757731958763,19.293100425476638,0.1398525585429315,0.09908933217692975,0.09236773633998266,0.08130962705984389,0.07523850823937554,0.07740676496097137,0.07328707718993929,0.06331309627059845,0.05225498699045967,0.06049436253252385,0.05008673026886384,0.04228100607111882,0.03252385082393756,0.02406764960971379,0.017129228100607113,0.00823937554206418,0.011058109280138768,0.8473354934715542,0.03533357517458015,0.0,0.0,0.0,0.0,0.0,0.0,0.0,0.0,0.0,0.0,0.0,0.0,0.0,0.0,0.0,0.0,0.0,0.0,0.0,0.006504770164787513,0.02601908065915005,0.09106678230702518,0.42931483087597583,1.6522116218560225,7.408933217692977,12.794882914137037,5.873807458803124,1.2619254119687773,0.29271465741543806,0.1626192541196878,4.240270727580373,2.9173271836134056,4.642857142857143,3.0730892520427076,1.0949435640177858,4.151170568561873,2.9429168352732056,4.337365591397849,2.8919431175898307,1.044853618939701,0.392,0.011154,0.0,0.0,0.0,0.0,0.0,0.0,0.0,0.0,0.0,0.0,0.26669557675628797,22.76019080659147,6.973113616652213,0.0,0.0,0.0,0.0,0.0,0.0,0.0,0.0,0.0,0.0,0.0,0.0,0.0,0.0,0.0,0.0,0.0,nan,nan,4.244049614482065,2.919086041730671,nan,0.392,0.05768,0.0,0.0,0.0,0.0,0.0,0.0,0.0,0.0,0.0,0.0,0.0,0.0,0.0,0.0,0.0,0.0,0.0,0.0,0.0,0.0,0.0003577623590633131,0.0,0.0005203816131830009,0.0006938421509106678,0.003100607111882047,0.0018647007805724198,0.011708586296617519,0.0028078924544666086,0.008456201214223764,0.014408065915004337,0.02870771899392888,0.02168256721595837,0.020793581960104078,0.046476582827406764,0.03633998265394623,0.07917389418907199,0.05387033824804857,0.057784041630529054,0.07508673026886384,0.07845836947094537,0.05997398091934085,0.07456634865568083,0.07220294882914137,0.03751084128360798,0.049750650477016475,0.03029054640069384,0.0226040763226366,0.028501734605377277,0.010656981786643538,0.010678664353859496,0.02088031222896791,0.0024934952298352126,0.031450563746747616,0.0022766695576756286,0.00016261925411968777,0.003501734605377277,2.168256721595837e-05,0.00017346053772766696,1.0841283607979185e-05,0.0,0.0,0.0,0.0,0.0,0.0,0.0,0.0,0.0,0.0,0.0,0.0,0.0,0.0,0.0,0.0,0.0,0.0,0.0,0.0,0.0,0.0,0.0,0.0,0.0,0.0,0.0,0.0,0.0,0.0,0.0,0.0,0.0,0.0,0.0,0.0,0.0,0.0,0.0,0.0,0.0,0.0,nan,nan,4.244049614482065,2.919086041730671,nan,0.8474089058688263,0.03594970798805169,0.0,0.0,0.0,0.0,0.0,0.0,0.0,0.0,0.0,0.0,0.0,0.0,0.0,0.0,0.0,0.0,0.0,0.0,0.0,0.0,0.024509803921568634,0.08578431372549022,0.41666666666666674,1.850490196078426,7.340686274509806,12.634803921568631,5.772058823529413,1.3970588235294121,0.31862745098039225,0.15931372549019612,0.8472524465452501,0.03462317984673438,0.0,0.0,0.0,0.0,0.0,0.0,0.0,0.0,0.0,0.0,0.0,0.0,0.0,0.0,0.0,0.0,0.0,0.0,0.0,0.013863216266173756,0.027726432532347512,0.09704251386321629,0.4436229205175602,1.427911275415892,7.486136783733828,12.975970425138636,5.988909426987063,1.1090573012939005,0.26340110905730135,0.16635859519408505,0.3918,0.01125,0.0,0.0,0.0,0.0,0.0,0.0,0.0,0.0,0.0,0.0,0.31862745098039225,22.683823529411733,6.9975490196078445,0.0,0.0,0.0,0.0,0.0,0.0,0.0,0.0,0.0,0.0,0.0,0.0,0.0,0.0,0.0,0.0,0.0,0.392,0.01104,0.0,0.0,0.0,0.0,0.0,0.0,0.0,0.0,0.0,0.0,0.20794824399260634,22.84658040665431,6.945471349353052,0.0,0.0,0.0,0.0,0.0,0.0,0.0,0.0,0.0,0.0,0.0,0.0,0.0,0.0,0.0,0.0,0.0
58200,4921,2557,0.519609835399309,1187,997,0.4438122332859175,1370,0.5567973989026621,0.40199999999999997,3.02326565143824,3.102842454636658,6.593841642228739,2.1662886809955917,8379.572607193659,506.3101514717301,7853.0,8866.4,8866.4,0.0,7853.0,0.0,28.037797195691933,20.897632119207138,33.07737084647102,19.079408963546218,0.14163787847998374,0.10241820768136557,0.09124161755740703,0.07762649867913025,0.08209713472871367,0.07518796992481203,0.06909164803901646,0.06584027636659216,0.0599471652103231,0.051209103840682786,0.04673846779109937,0.039626092257671205,0.038203617150985573,0.02641739483844747,0.017272912009754116,0.009144482828693354,0.006299532615322089,0.848475792281537,0.03352615698627441,0.0,0.0,0.0,0.0,0.0,0.0,0.0,0.0,0.0,0.0,0.0,0.0,0.0,0.0,0.0,0.0,0.0,0.0,0.0,0.0,0.0,0.07925218451534244,0.31091241617557414,1.5240804714488876,7.126600284495023,13.180247917090025,6.1207071733387535,1.2985165616744567,0.21946758788864057,0.14021540337329813,4.286989795918367,2.839550144002398,4.0,2.750494026771254,0.9330556382029159,4.220487195502811,2.808611725586416,4.351091142490373,2.8684187546721938,1.0309452300025288,0.3918,0.01058,0.0,0.0,0.0,0.0,0.0,0.0,0.0,0.0,0.0,0.0,0.213371266002845,23.324527535053818,6.462101198943306,0.0,0.0,0.0,0.0,0.0,0.0,0.0,0.0,0.0,0.0,0.0,0.0,0.0,0.0,0.0,0.0,0.0,nan,nan,4.284900284900285,2.839016686570446,nan,0.3918,0.05753,0.0,0.0,0.0,0.0,0.0,0.0,0.0,0.0,0.0,0.0,0.0,0.0,0.0,0.0,0.0,0.0,0.0,0.0,0.0,0.0,0.0002844950213371266,0.0,0.0003657793131477342,0.0006604348709611867,0.0027941475309896362,0.0021133915870757978,0.012131680552733184,0.0029262345051818735,0.00877870351554562,0.013452550294655558,0.031111562690510058,0.02197724039829303,0.02122536069904491,0.04588498272708799,0.03683194472668157,0.07584840479577322,0.05436903068482016,0.06022149969518391,0.07275960170697013,0.07814468603942289,0.05976427555374924,0.07303393619183093,0.07187563503352977,0.038843730948994105,0.05157488315383052,0.03198536882747409,0.022393822393822392,0.02795163584637269,0.010800650274334484,0.009723633407843935,0.022556390977443608,0.0027941475309896362,0.029140418614102825,0.0024791709002235317,0.00013208697419223736,0.0029668766510871775,0.0,6.09632188579557e-05,0.0,4.06421459053038e-05,0.0,0.0,0.0,0.0,0.0,0.0,0.0,0.0,0.0,0.0,0.0,0.0,0.0,0.0,0.0,0.0,0.0,0.0,0.0,0.0,0.0,0.0,0.0,0.0,0.0,0.0,0.0,0.0,0.0,0.0,0.0,0.0,0.0,0.0,0.0,0.0,0.0,0.0,0.0,0.0,0.0,nan,nan,4.284900284900285,2.839016686570446,nan,0.8474720594563147,0.033582373235922766,0.0,0.0,0.0,0.0,0.0,0.0,0.0,0.0,0.0,0.0,0.0,0.0,0.0,0.0,0.0,0.0,0.0,0.0,0.0,0.0,0.0,0.140789988267501,0.3637074696910443,1.4548298787641722,7.4266718811106776,12.905748924520926,6.183026984747753,1.2319123973406338,0.16425498631208452,0.12905748924520924,0.8495614711453668,0.03343133534846142,0.0,0.0,0.0,0.0,0.0,0.0,0.0,0.0,0.0,0.0,0.0,0.0,0.0,0.0,0.0,0.0,0.0,0.0,0.0,0.0,0.0,0.012690355329949242,0.2538071065989848,1.598984771573599,6.802030456852793,13.477157360406094,6.053299492385788,1.370558375634518,0.2791878172588833,0.15228426395939088,0.3918,0.0105,0.0,0.0,0.0,0.0,0.0,0.0,0.0,0.0,0.0,0.0,0.16425498631208452,23.2655455612045,6.57019945248338,0.0,0.0,0.0,0.0,0.0,0.0,0.0,0.0,0.0,0.0,0.0,0.0,0.0,0.0,0.0,0.0,0.0,0.3916,0.010666,0.0,0.0,0.0,0.0,0.0,0.0,0.0,0.0,0.0,0.0,0.26649746192893403,23.388324873096412,6.345177664974621,0.0,0.0,0.0,0.0,0.0,0.0,0.0,0.0,0.0,0.0,0.0,0.0,0.0,0.0,0.0,0.0,0.0
58300,4939,2546,0.5154889653776068,1224,982,0.4466491192549099,1382,0.5596274549503948,0.426,3.0376096949435856,3.1351114809685385,6.630156472261735,2.122104983971964,8375.396517513667,506.4568188285582,7853.0,8866.4,8866.399999999998,1.8189894035458565e-12,7853.0,0.0,28.339744887629074,20.928545835565505,33.262133589620376,19.109481308761115,0.13848957278801377,0.0975906053857056,0.08685968819599109,0.08827697914557603,0.08159546466896132,0.07471148005669163,0.06620773435918202,0.06519538368090706,0.060336100425187285,0.05385705608422758,0.0487953026928528,0.04191131808058311,0.03421745292569346,0.02530876695687386,0.02105689410811905,0.008301275561854626,0.007288924883579672,0.8463290794510232,0.034605993508091994,0.0,0.0,0.0,0.0,0.0,0.0,0.0,0.0,0.0,0.0,0.0,0.0,0.0,0.0,0.0,0.0,0.0,0.0,0.0,0.0,0.012148208139299456,0.07288924883579673,0.4373354930147804,1.846527637173511,7.477222109738815,12.676655193358982,5.721806033610044,1.3970439360194375,0.3097793075521361,0.048592832557197825,4.286652078774617,2.920545198889586,3.7777777777777777,2.9731307022799225,0.8812886393284555,4.330841121495327,2.900351613068753,4.23641975308642,2.9410306451830985,0.9781979145020434,0.3923,0.01073,0.0,0.0,0.0,0.0,0.0,0.0,0.0,0.0,0.0,0.0,0.13970439360194373,22.99655800769383,6.851589390564893,0.012148208139299456,0.0,0.0,0.0,0.0,0.0,0.0,0.0,0.0,0.0,0.0,0.0,0.0,0.0,0.0,0.0,0.0,nan,nan,4.282393056416615,2.9213571019816023,nan,0.3923,0.05746,0.0,0.0,0.0,0.0,0.0,0.0,0.0,0.0,0.0,0.0,0.0,0.0,0.0,0.0,0.0,0.0,0.0,0.0,0.0,0.0,0.00039481676452723225,0.0,0.00015185260174124316,0.0004353107916582304,0.0026827292974286295,0.0017817371937639199,0.011652156306944725,0.0027839643652561247,0.009890666126746306,0.013160558817574408,0.03091718971451711,0.021441587365863535,0.021968009718566512,0.04510022271714922,0.0366572180603361,0.07711075116420328,0.05152864952419518,0.0588479449281231,0.07384085847337518,0.07902409394614295,0.06086252277789026,0.07139096983194979,0.07218060336100425,0.03865154889653776,0.05094148613079571,0.03412634136464871,0.02358777080380644,0.02712087467098603,0.00955659040291557,0.010042518728487548,0.025015185260174124,0.003381251265438348,0.029388540190321926,0.0020348248633326586,5.061753391374772e-05,0.0022271714922048997,0.0,0.0,3.0370520348248633e-05,4.0494027130998175e-05,0.0,0.0,0.0,0.0,0.0,0.0,0.0,0.0,0.0,0.0,0.0,0.0,0.0,0.0,0.0,0.0,0.0,0.0,0.0,0.0,0.0,0.0,0.0,0.0,0.0,0.0,0.0,0.0,0.0,0.0,0.0,0.0,0.0,0.0,0.0,0.0,0.0,0.0,0.0,0.0,0.0,nan,nan,4.282393056416615,2.9213571019816023,nan,0.8452520035704757,0.03423757867718292,0.0,0.0,0.0,0.0,0.0,0.0,0.0,0.0,0.0,0.0,0.0,0.0,0.0,0.0,0.0,0.0,0.0,0.0,0.0,0.0,0.011783189316575023,0.09426551453260018,0.506677140612726,1.7085624509033726,7.776904948939515,12.8790259230165,5.432050274941085,1.2608012568735274,0.25923016496465046,0.07069913589945014,0.8474750197735781,0.03495728759949434,0.0,0.0,0.0,0.0,0.0,0.0,0.0,0.0,0.0,0.0,0.0,0.0,0.0,0.0,0.0,0.0,0.0,0.0,0.0,0.0,0.012536564981195155,0.05014625992478062,0.3635603844546595,1.9933138320100232,7.158378604262434,12.461345591307985,6.03008775595487,1.5419974926870041,0.3635603844546595,0.02507312996239031,0.392,0.01081,0.0,0.0,0.0,0.0,0.0,0.0,0.0,0.0,0.0,0.0,0.18853102906520036,22.953652788688103,6.846032992930088,0.011783189316575023,0.0,0.0,0.0,0.0,0.0,0.0,0.0,0.0,0.0,0.0,0.0,0.0,0.0,0.0,0.0,0.0,0.3923,0.01064,0.0,0.0,0.0,0.0,0.0,0.0,0.0,0.0,0.0,0.0,0.0877559548683661,23.042206435436658,6.85750104471375,0.012536564981195155,0.0,0.0,0.0,0.0,0.0,0.0,0.0,0.0,0.0,0.0,0.0,0.0,0.0,0.0,0.0,0.0
58400,4725,2447,0.5178835978835978,1169,942,0.44677248677248677,1299,0.5498412698412698,0.39799999999999996,2.9148375768217734,2.998937365935468,6.290419161676646,2.091348976824854,8377.82323809524,506.37578757375746,7853.0,8866.4,8866.4,0.0,7853.0,0.0,29.15047619047619,21.397384063169675,34.015223359121535,19.585969467804862,0.13523809523809524,0.09079365079365079,0.09312169312169312,0.08169312169312169,0.0764021164021164,0.0764021164021164,0.06751322751322751,0.06687830687830688,0.05862433862433863,0.051005291005291005,0.051005291005291005,0.04,0.037248677248677246,0.03238095238095238,0.019682539682539683,0.013121693121693121,0.008888888888888889,0.8473768709324024,0.03450420967667585,0.0,0.0,0.0,0.0,0.0,0.0,0.0,0.0,0.0,0.0,0.0,0.0,0.0,0.0,0.0,0.0,0.0,0.0,0.0,0.006349206349206351,0.01904761904761905,0.05079365079365081,0.33015873015873026,1.599999999999995,7.841269841269843,12.539682539682543,5.860317460317462,1.358730158730159,0.28571428571428575,0.10793650793650796,4.053582956746288,2.7636103264630645,4.6,3.0886890422961004,1.1347985347985348,4.0532051282051285,2.7680160411522667,4.059087989723828,2.7641809183936736,1.001451409768966,0.3918,0.01076,0.0,0.0,0.0,0.0,0.0,0.0,0.0,0.0,0.0,0.0,0.253968253968254,23.060317460317428,6.685714285714287,0.0,0.0,0.0,0.0,0.0,0.0,0.0,0.0,0.0,0.0,0.0,0.0,0.0,0.0,0.0,0.0,0.0,nan,nan,4.057087876844131,2.766161232824065,nan,0.3918,0.05707,0.0,0.0,0.0,0.0,0.0,0.0,0.0,0.0,0.0,0.0,0.0,0.0,0.0,0.0,0.0,0.0,0.0,0.0,0.0,0.0,0.00028571428571428574,0.0,7.407407407407407e-05,0.00025396825396825396,0.0031534391534391534,0.001312169312169312,0.012275132275132276,0.0021693121693121694,0.010761904761904762,0.012518518518518519,0.03245502645502645,0.020105820105820106,0.020148148148148148,0.04789417989417989,0.03688888888888889,0.07429629629629629,0.052571428571428575,0.058645502645502647,0.0766984126984127,0.08034920634920635,0.05964021164021164,0.06883597883597883,0.07286772486772487,0.03896296296296296,0.05273015873015873,0.0328042328042328,0.023523809523809523,0.02892063492063492,0.010285714285714285,0.010751322751322751,0.023470899470899472,0.0031746031746031746,0.0271005291005291,0.002,6.349206349206349e-05,0.001925925925925926,0.0,2.1164021164021164e-05,0.0,6.349206349206349e-05,0.0,0.0,0.0,0.0,0.0,0.0,0.0,0.0,0.0,0.0,0.0,0.0,0.0,0.0,0.0,0.0,0.0,0.0,0.0,0.0,0.0,0.0,0.0,0.0,0.0,0.0,0.0,0.0,0.0,0.0,0.0,0.0,0.0,0.0,0.0,0.0,0.0,0.0,0.0,0.0,0.0,nan,nan,4.057087876844131,2.766161232824065,nan,0.8477095382331487,0.03483482391842655,0.0,0.0,0.0,0.0,0.0,0.0,0.0,0.0,0.0,0.0,0.0,0.0,0.0,0.0,0.0,0.0,0.0,0.0,0.0,0.0,0.03677973028197794,0.07355946056395588,0.3187576624438088,1.495709031467098,7.8831221904372715,12.468328565590522,5.958316305680427,1.287290559869228,0.3310175725378015,0.14711892112791175,0.8470195237485016,0.0341418909931793,0.0,0.0,0.0,0.0,0.0,0.0,0.0,0.0,0.0,0.0,0.0,0.0,0.0,0.0,0.0,0.0,0.0,0.0,0.0,0.013169446883230908,0.0,0.026338893766461816,0.3424056189640036,1.7120280948200122,7.796312554872697,12.61633011413521,5.755048287971907,1.435469710272169,0.23705004389815632,0.06584723441615453,0.3918,0.010666,0.0,0.0,0.0,0.0,0.0,0.0,0.0,0.0,0.0,0.0,0.24519820187985292,23.122190437270095,6.632611360850022,0.0,0.0,0.0,0.0,0.0,0.0,0.0,0.0,0.0,0.0,0.0,0.0,0.0,0.0,0.0,0.0,0.0,0.392,0.01085,0.0,0.0,0.0,0.0,0.0,0.0,0.0,0.0,0.0,0.0,0.26338893766461813,22.99385425812113,6.742756804214225,0.0,0.0,0.0,0.0,0.0,0.0,0.0,0.0,0.0,0.0,0.0,0.0,0.0,0.0,0.0,0.0,0.0
58500,4718,2463,0.5220432386604493,1172,925,0.4444679949130988,1298,0.5502331496396778,0.41,2.9631929046563195,3.0805840010656254,6.470499243570348,2.170032012162916,8382.0386180585,506.20734501114885,7853.0,8866.4,8866.399999999998,1.8189894035458565e-12,7853.0,0.0,28.67676981771937,21.06701228880367,33.54689067201605,19.26645131569338,0.13565069944891903,0.09665112335735482,0.08732513777024163,0.08350996184824078,0.08117846545146248,0.07842306061890632,0.07079270877490462,0.06316235693090293,0.05871131835523527,0.04896142433234421,0.04980924120389996,0.04472233997456549,0.04090716405256464,0.020983467571004662,0.018228062738448497,0.012929207291225096,0.008054260279779568,0.8466318693642093,0.0336671976699812,0.0,0.0,0.0,0.0,0.0,0.0,0.0,0.0,0.0,0.0,0.0,0.0,0.0,0.0,0.0,0.0,0.0,0.0,0.0,0.0,0.012717253073336163,0.05722763883001273,0.4133107248834253,1.7549809241203846,7.515896566341672,12.761763459092839,5.875370919881307,1.316235693090293,0.22891055532005092,0.06358626536668081,4.146103896103896,2.8786187415730256,4.647058823529412,2.8685141977027313,1.1208254640932334,4.185909980430528,2.9259189551788376,4.112531969309463,2.831386289538963,0.9824702367074032,0.3923,0.01096,0.0,0.0,0.0,0.0,0.0,0.0,0.0,0.0,0.0,0.0,0.22255192878338284,22.57948283170832,7.197965239508267,0.0,0.0,0.0,0.0,0.0,0.0,0.0,0.0,0.0,0.0,0.0,0.0,0.0,0.0,0.0,0.0,0.0,nan,nan,4.148853729415563,2.878801325482211,nan,0.3923,0.0578,0.0,0.0,0.0,0.0,0.0,0.0,0.0,0.0,0.0,0.0,0.0,0.0,0.0,0.0,0.0,0.0,0.0,0.0,0.0,0.0,0.0001801610852055956,2.11954217888936e-05,0.0001695633743111488,0.000211954217888936,0.0031899109792284867,0.0011763459092835947,0.012007206443408225,0.002320898685883849,0.01142433234421365,0.012102585841458246,0.03365832980076303,0.021290801186943622,0.021979652395082663,0.04692666384061043,0.03653030945315812,0.07454429843153879,0.05146248410343366,0.057068673166596015,0.07580542602797796,0.07700296735905045,0.05887028401865197,0.06818567189487071,0.07274268757948284,0.04094955489614243,0.05169563374311149,0.03290589232725731,0.022604917337855024,0.02833827893175074,0.011106401017380247,0.011763459092835948,0.02463967782958881,0.0030945315811784654,0.029864349300551082,0.002172530733361594,7.41839762611276e-05,0.0018334039847392963,0.0,0.0,0.0,8.47816871555744e-05,0.0,0.0,0.0,0.0,0.0,0.0,0.0,0.0,0.0,0.0,0.0,0.0,0.0,0.0,0.0,0.0,0.0,0.0,0.0,0.0,0.0,0.0,0.0,0.0,0.0,0.0,0.0,0.0,0.0,0.0,0.0,0.0,0.0,0.0,0.0,0.0,0.0,0.0,0.0,0.0,0.0,nan,nan,4.148853729415563,2.878801325482211,nan,0.8472964398221083,0.0332204662325203,0.0,0.0,0.0,0.0,0.0,0.0,0.0,0.0,0.0,0.0,0.0,0.0,0.0,0.0,0.0,0.0,0.0,0.0,0.0,0.0,0.012180267965895252,0.036540803897685756,0.3897685749086481,1.7661388550548056,7.25943970767357,12.8258221680877,6.05359317904994,1.4250913520097446,0.19488428745432404,0.036540803897685756,0.8459059992809254,0.03413367740435196,0.0,0.0,0.0,0.0,0.0,0.0,0.0,0.0,0.0,0.0,0.0,0.0,0.0,0.0,0.0,0.0,0.0,0.0,0.0,0.0,0.01330376940133038,0.07982261640798227,0.43902439024390255,1.742793791574274,7.796008869179603,12.691796008869183,5.680709534368073,1.197339246119734,0.2660753880266076,0.09312638580931266,0.3923,0.01125,0.0,0.0,0.0,0.0,0.0,0.0,0.0,0.0,0.0,0.0,0.26796589524969555,22.362971985383645,7.369062119366627,0.0,0.0,0.0,0.0,0.0,0.0,0.0,0.0,0.0,0.0,0.0,0.0,0.0,0.0,0.0,0.0,0.0,0.392,0.010635,0.0,0.0,0.0,0.0,0.0,0.0,0.0,0.0,0.0,0.0,0.17294900221729495,22.815964523281565,7.01108647450111,0.0,0.0,0.0,0.0,0.0,0.0,0.0,0.0,0.0,0.0,0.0,0.0,0.0,0.0,0.0,0.0,0.0
58600,4775,2460,0.5151832460732985,1196,964,0.4523560209424084,1330,0.5570680628272251,0.434,3.028941684665227,3.1496210411512715,6.706521739130435,2.1012908664504377,8375.08670157068,506.46632604228944,7853.0,8866.4,8866.399999999998,1.8189894035458565e-12,7853.0,0.0,28.18303664921466,20.953831203091767,33.32280701754386,19.081859173417463,0.14157068062827224,0.09926701570680628,0.08628272251308901,0.08481675392670157,0.07664921465968587,0.0812565445026178,0.06890052356020943,0.06701570680628273,0.05570680628272251,0.05361256544502618,0.046910994764397904,0.03895287958115183,0.033717277486910995,0.02931937172774869,0.02073298429319372,0.010052356020942408,0.005235602094240838,0.8455419605190218,0.03552836597270892,0.0,0.0,0.0,0.0,0.0,0.0,0.0,0.0,0.0,0.0,0.0,0.0,0.0,0.0,0.0,0.0,0.0,0.0,0.0,0.006282722513089006,0.025130890052356025,0.11937172774869112,0.5591623036649216,1.8282722513088947,7.4513089005235615,12.753926701570684,5.685863874345551,1.1937172774869111,0.29528795811518327,0.0816753926701571,4.312561174551386,2.910551563901105,4.1891891891891895,2.6287170628730436,0.9713924092044838,4.34796642995481,2.898258208281059,4.274307791371539,2.9159888388819404,0.9830590599605811,0.392,0.011154,0.0,0.0,0.0,0.0,0.0,0.0,0.0,0.0,0.0,0.0,0.3455497382198954,22.504712041884783,7.137172774869112,0.012565445026178013,0.0,0.0,0.0,0.0,0.0,0.0,0.0,0.0,0.0,0.0,0.0,0.0,0.0,0.0,0.0,0.0,nan,nan,4.311089619600258,2.907381749727388,nan,0.392,0.058,0.0,0.0,0.0,0.0,0.0,0.0,0.0,0.0,0.0,0.0,0.0,0.0,0.0,0.0,0.0,0.0,0.0,0.0,0.0,0.0,0.00017801047120418847,6.282722513089006e-05,0.00024083769633507853,0.00025130890052356024,0.0031099476439790576,0.001225130890052356,0.01299476439790576,0.0022094240837696334,0.011706806282722512,0.011225130890052356,0.034973821989528794,0.022293193717277487,0.021675392670157067,0.04706806282722513,0.03580104712041885,0.07549738219895288,0.051591623036649215,0.057026178010471204,0.07446073298429319,0.07347643979057591,0.0565130890052356,0.07308900523560209,0.07113089005235602,0.0413717277486911,0.0533717277486911,0.031486910994764396,0.02293193717277487,0.02807329842931937,0.012094240837696335,0.011696335078534032,0.02329842931937173,0.0038534031413612565,0.03075392670157068,0.0017486910994764398,6.282722513089006e-05,0.0013717277486910995,0.0,3.141361256544503e-05,3.141361256544503e-05,2.094240837696335e-05,0.0,0.0,0.0,0.0,0.0,0.0,0.0,0.0,0.0,0.0,0.0,0.0,0.0,0.0,0.0,0.0,0.0,0.0,0.0,0.0,0.0,0.0,0.0,0.0,0.0,0.0,0.0,0.0,0.0,0.0,0.0,0.0,0.0,0.0,0.0,0.0,0.0,0.0,0.0,0.0,0.0,nan,nan,4.311089619600258,2.907381749727388,nan,0.8450511833516563,0.03557839027177223,0.0,0.0,0.0,0.0,0.0,0.0,0.0,0.0,0.0,0.0,0.0,0.0,0.0,0.0,0.0,0.0,0.0,0.0,0.0,0.012195121951219514,0.012195121951219514,0.12195121951219515,0.6585365853658538,1.8292682926829213,7.256097560975611,12.890243902439027,5.756097560975611,1.0975609756097562,0.2804878048780488,0.0853658536585366,0.8460634775089652,0.03546768948890176,0.0,0.0,0.0,0.0,0.0,0.0,0.0,0.0,0.0,0.0,0.0,0.0,0.0,0.0,0.0,0.0,0.0,0.0,0.0,0.0,0.0388768898488121,0.1166306695464363,0.4535637149028079,1.827213822894163,7.6587473002159845,12.60907127429806,5.611231101511881,1.2958963282937368,0.3110151187904968,0.0777537796976242,0.392,0.01124,0.0,0.0,0.0,0.0,0.0,0.0,0.0,0.0,0.0,0.0,0.35365853658536595,22.536585365853625,7.097560975609758,0.012195121951219514,0.0,0.0,0.0,0.0,0.0,0.0,0.0,0.0,0.0,0.0,0.0,0.0,0.0,0.0,0.0,0.0,0.392,0.01106,0.0,0.0,0.0,0.0,0.0,0.0,0.0,0.0,0.0,0.0,0.3369330453563716,22.47084233261336,7.179265658747302,0.012958963282937368,0.0,0.0,0.0,0.0,0.0,0.0,0.0,0.0,0.0,0.0,0.0,0.0,0.0,0.0,0.0,0.0
58700,5019,2540,0.5060769077505479,1244,1064,0.4598525602709703,1490,0.5937437736600917,0.3339999999999999,2.8826139572408227,2.9650948176670475,6.305177111716621,2.0289593871710387,8365.858338314405,506.66257496405353,7853.0,8866.4,8866.399999999998,1.8189894035458565e-12,7853.0,0.0,28.54353456863917,20.690555117475395,33.18309529384219,18.92309553734731,0.12891014146244273,0.0968320382546324,0.08846383741781232,0.08806535166367803,0.08627216577007372,0.07531380753138076,0.06694560669456066,0.06614863518629209,0.06116756325961347,0.05459254831639769,0.049611476389719064,0.04303646144650329,0.031679617453676034,0.029487945805937436,0.017931858936043037,0.009962143853357242,0.005578800557880056,0.8438734092021706,0.035559066925561225,0.0,0.0,0.0,0.0,0.0,0.0,0.0,0.0,0.0,0.0,0.0,0.0,0.0,0.0,0.0,0.0,0.0,0.0,0.0,0.0,0.029886431560071734,0.10759115361625825,0.5319784817692769,2.0382546323968858,8.296473401075913,12.259414225941425,5.014943215780037,1.3568439928272569,0.2988643156007173,0.06575014943215782,4.079490291262136,2.815157781089723,4.333333333333333,3.1180478223116177,1.0622242054638305,4.102238354506957,2.819614313133371,4.063766388557807,2.818102663147375,0.9906217136537464,0.392,0.01102,0.0,0.0,0.0,0.0,0.0,0.0,0.0,0.0,0.0,0.0,0.2689778840406456,22.69575612671844,7.035265989240886,0.0,0.0,0.0,0.0,0.0,0.0,0.0,0.0,0.0,0.0,0.0,0.0,0.0,0.0,0.0,0.0,0.0,nan,nan,4.082232893157263,2.818726404530939,nan,0.392,0.05835,0.0,0.0,0.0,0.0,0.0,0.0,0.0,0.0,0.0,0.0,0.0,0.0,0.0,0.0,0.0,0.0,0.0,0.0,0.0,0.0,0.00029886431560071725,0.00012950787009364414,8.965929468021518e-05,0.0001693564455070731,0.0030683403068340305,0.0011556086869894402,0.014465032875074717,0.0019824666268180914,0.011765291890814903,0.010699342498505678,0.03627216577007372,0.021378760709304643,0.021578003586371786,0.045616656704522814,0.03481769276748356,0.07962741581988445,0.050338712891014145,0.05319784817692767,0.07564255827854154,0.07564255827854154,0.05397489539748954,0.0742777445706316,0.07003387128910142,0.043285515042837217,0.052530384538752736,0.02911934648336322,0.022345088663080295,0.03034469017732616,0.011546124726041045,0.011326957561267184,0.024486949591552103,0.003895198246662682,0.031271169555688386,0.001972504482964734,0.00014943215780035862,0.0014644351464435147,0.0,3.984857541342897e-05,0.0,0.0,0.0,0.0,0.0,0.0,0.0,0.0,0.0,0.0,0.0,0.0,0.0,0.0,0.0,0.0,0.0,0.0,0.0,0.0,0.0,0.0,0.0,0.0,0.0,0.0,0.0,0.0,0.0,0.0,0.0,0.0,0.0,0.0,0.0,0.0,0.0,0.0,0.0,0.0,0.0,0.0,0.0,nan,nan,4.082232893157263,2.818726404530939,nan,0.8441197090496229,0.035909970502666276,0.0,0.0,0.0,0.0,0.0,0.0,0.0,0.0,0.0,0.0,0.0,0.0,0.0,0.0,0.0,0.0,0.0,0.0,0.0,0.0,0.023622047244094495,0.1299212598425197,0.5078740157480316,2.102362204724403,8.255905511811026,12.094488188976381,5.1496062992126,1.2992125984251972,0.3543307086614174,0.08267716535433073,0.843621048729186,0.035194112470939315,0.0,0.0,0.0,0.0,0.0,0.0,0.0,0.0,0.0,0.0,0.0,0.0,0.0,0.0,0.0,0.0,0.0,0.0,0.0,0.0,0.036304961678096014,0.08471157724889071,0.5566760790641389,1.9725695845098767,8.338039532069384,12.428398547801535,4.876966518757564,1.4158935054457447,0.24203307785397343,0.04840661557079469,0.392,0.011,0.0,0.0,0.0,0.0,0.0,0.0,0.0,0.0,0.0,0.0,0.20078740157480318,22.91338582677162,6.885826771653544,0.0,0.0,0.0,0.0,0.0,0.0,0.0,0.0,0.0,0.0,0.0,0.0,0.0,0.0,0.0,0.0,0.0,0.3923,0.01103,0.0,0.0,0.0,0.0,0.0,0.0,0.0,0.0,0.0,0.0,0.33884630899556284,22.472771278741394,7.188382412263011,0.0,0.0,0.0,0.0,0.0,0.0,0.0,0.0,0.0,0.0,0.0,0.0,0.0,0.0,0.0,0.0,0.0
58800,4233,2196,0.518781006378455,994,843,0.433971178832979,1180,0.5575242145050792,0.41,2.9155621011291113,3.0327517297323405,6.414141414141414,2.129684858415361,8378.732671863925,506.3424210963565,7853.0,8866.4,8866.4,0.0,7853.0,0.0,28.4909047956532,21.27819567330412,33.34909090909091,19.587139598090687,0.1332388377037562,0.10370895346090243,0.09355067328136074,0.08339239310181903,0.08221119773210489,0.07512402551381998,0.06614694070399244,0.059768485707536026,0.05386250885896527,0.0540987479329081,0.04913772738010867,0.04535790219702339,0.031892274982282066,0.03023860146468226,0.015828017954169618,0.013938105362626978,0.008504606661941885,0.8433783145314718,0.03504241589311041,0.0,0.0,0.0,0.0,0.0,0.0,0.0,0.0,0.0,0.0,0.0,0.0,0.0,0.0,0.0,0.0,0.0,0.0,0.0,0.0,0.021261516654854717,0.04961020552799435,0.4819277108433736,2.0694542877391857,8.355776045357905,12.664776754075127,4.684620836286323,1.2189936215450037,0.3260099220411056,0.1275690999291283,4.230062477030503,2.872136151846597,3.3125,2.4929588343973914,0.7830853605560383,4.2631578947368425,2.9211448275845933,4.187865497076023,2.819719430390103,0.9823388203017832,0.3914,0.01082,0.0,0.0,0.0,0.0,0.0,0.0,0.0,0.0,0.0,0.0,0.31183557760453584,23.34514528703044,6.335931963146706,0.007087172218284906,0.0,0.0,0.0,0.0,0.0,0.0,0.0,0.0,0.0,0.0,0.0,0.0,0.0,0.0,0.0,0.0,nan,nan,4.224698575082207,2.8709174044663794,nan,0.3914,0.05795,0.0,0.0,0.0,0.0,0.0,0.0,0.0,0.0,0.0,0.0,0.0,0.0,0.0,0.0,0.0,0.0,0.0,0.0,0.0,0.0,0.00022442712024568865,0.0,0.00010630758327427356,0.00040160642570281126,0.0027639971651311126,0.0009213323883770375,0.012945901252067092,0.0017127332860855185,0.011882825419324356,0.011103236475313017,0.03667611622962438,0.02195842192298606,0.022312780533900307,0.047850224427120246,0.03325064965745334,0.0850342546657217,0.05166548547129695,0.05175998110087408,0.07793527049373966,0.078714859437751,0.05526813134892511,0.07328136073706591,0.06650129931490668,0.041105598866052445,0.05109851169383416,0.028183321521379635,0.021450507914008977,0.029896054807465156,0.011705646113867233,0.009378691235530357,0.0228797543113631,0.005291755256319395,0.03094731868651075,0.001630049610205528,0.00042523033309709425,0.0016654854712969526,0.0,4.724781478856603e-05,0.0,0.0,2.3623907394283014e-05,0.0,0.0,0.0,0.0,0.0,0.0,0.0,0.0,0.0,0.0,0.0,0.0,0.0,0.0,0.0,0.0,0.0,0.0,0.0,0.0,0.0,0.0,0.0,0.0,0.0,0.0,0.0,0.0,0.0,0.0,0.0,0.0,0.0,0.0,0.0,0.0,0.0,0.0,0.0,0.0,nan,nan,4.224698575082207,2.8709174044663794,nan,0.843489132536565,0.036077427135127876,0.0,0.0,0.0,0.0,0.0,0.0,0.0,0.0,0.0,0.0,0.0,0.0,0.0,0.0,0.0,0.0,0.0,0.0,0.0,0.0,0.013661202185792353,0.0819672131147541,0.5874316939890711,2.0628415300546386,8.114754098360658,12.663934426229511,4.713114754098362,1.2704918032786887,0.3551912568306012,0.1366120218579235,0.8432588465200901,0.03389082288626864,0.0,0.0,0.0,0.0,0.0,0.0,0.0,0.0,0.0,0.0,0.0,0.0,0.0,0.0,0.0,0.0,0.0,0.0,0.0,0.0,0.02945508100147276,0.01472754050073638,0.3681885125184095,2.076583210603823,8.615611192930782,12.665684830633287,4.653902798232696,1.163475699558174,0.2945508100147276,0.11782032400589104,0.391,0.01096,0.0,0.0,0.0,0.0,0.0,0.0,0.0,0.0,0.0,0.0,0.3688524590163935,23.26502732240434,6.3524590163934445,0.013661202185792353,0.0,0.0,0.0,0.0,0.0,0.0,0.0,0.0,0.0,0.0,0.0,0.0,0.0,0.0,0.0,0.0,0.3916,0.01065,0.0,0.0,0.0,0.0,0.0,0.0,0.0,0.0,0.0,0.0,0.25036818851251846,23.431516936671542,6.318114874815907,0.0,0.0,0.0,0.0,0.0,0.0,0.0,0.0,0.0,0.0,0.0,0.0,0.0,0.0,0.0,0.0,0.0
58900,4480,2315,0.5167410714285714,1081,912,0.44486607142857143,1256,0.5607142857142857,0.41,2.9815242494226326,3.067166581820424,6.574290484140234,2.162220799796215,8376.665401785714,506.4159013520893,7853.0,8866.4,8866.4,0.0,7853.0,0.0,27.9578125,20.633456202432516,32.72410147991543,18.900358802993118,0.13504464285714285,0.09598214285714286,0.10089285714285715,0.084375,0.08102678571428572,0.0734375,0.07477678571428571,0.0640625,0.05625,0.05558035714285714,0.04977678571428571,0.038392857142857145,0.031026785714285715,0.027455357142857142,0.015178571428571428,0.010714285714285714,0.0060267857142857146,0.8457511337340943,0.034613072838350495,0.0,0.0,0.0,0.0,0.0,0.0,0.0,0.0,0.0,0.0,0.0,0.0,0.0,0.0,0.0,0.0,0.0,0.0,0.0,0.0,0.0,0.08035714285714286,0.4151785714285715,1.8683035714285658,7.9352678571428585,12.662946428571432,5.330357142857143,1.3258928571428574,0.2879464285714286,0.09375000000000003,4.24859943977591,2.823315689718245,3.8,2.4000000000000004,0.8944123949233558,4.234927234927235,2.832510948363399,4.256106071179344,2.808993764288878,1.005000991770871,0.3914,0.0109,0.0,0.0,0.0,0.0,0.0,0.0,0.0,0.0,0.0,0.0,0.26116071428571436,23.42410714285711,6.314732142857144,0.0,0.0,0.0,0.0,0.0,0.0,0.0,0.0,0.0,0.0,0.0,0.0,0.0,0.0,0.0,0.0,0.0,nan,nan,4.2454798331015295,2.820837625394672,nan,0.3914,0.05743,0.0,0.0,0.0,0.0,0.0,0.0,0.0,0.0,0.0,0.0,0.0,0.0,0.0,0.0,0.0,0.0,0.0,0.0,0.0,5.580357142857143e-05,3.348214285714286e-05,0.0,1.1160714285714286e-05,0.0009375,0.0030245535714285713,0.0007366071428571429,0.0109375,0.0018638392857142857,0.011004464285714286,0.009006696428571428,0.036796875,0.022578125,0.023169642857142857,0.046919642857142854,0.032667410714285715,0.08854910714285714,0.055345982142857145,0.05166294642857143,0.07707589285714286,0.07780133928571428,0.05779017857142857,0.07467633928571428,0.06560267857142857,0.042433035714285715,0.04958705357142857,0.025033482142857142,0.020457589285714287,0.02995535714285714,0.012154017857142856,0.009631696428571429,0.023091517857142856,0.005167410714285715,0.030401785714285715,0.0013392857142857143,0.0006808035714285715,0.001796875,0.0,2.232142857142857e-05,0.0,0.0,0.0,0.0,0.0,0.0,0.0,0.0,0.0,0.0,0.0,0.0,0.0,0.0,0.0,0.0,0.0,0.0,0.0,0.0,0.0,0.0,0.0,0.0,0.0,0.0,0.0,0.0,0.0,0.0,0.0,0.0,0.0,0.0,0.0,0.0,0.0,0.0,0.0,0.0,0.0,0.0,0.0,nan,nan,4.2454798331015295,2.820837625394672,nan,0.8450272573250673,0.03415412798343099,0.0,0.0,0.0,0.0,0.0,0.0,0.0,0.0,0.0,0.0,0.0,0.0,0.0,0.0,0.0,0.0,0.0,0.0,0.0,0.0,0.0,0.10367170626349895,0.3628509719222463,1.9827213822894105,7.956803455723544,12.647948164146872,5.442764578833695,1.166306695464363,0.24622030237581,0.09071274298056158,0.8465251632430537,0.03508065521727855,0.0,0.0,0.0,0.0,0.0,0.0,0.0,0.0,0.0,0.0,0.0,0.0,0.0,0.0,0.0,0.0,0.0,0.0,0.0,0.0,0.0,0.05542725173210163,0.47113163972286387,1.7459584295611954,7.912240184757508,12.678983833718249,5.210161662817553,1.496535796766744,0.33256351039260973,0.09699769053117785,0.3916,0.0107,0.0,0.0,0.0,0.0,0.0,0.0,0.0,0.0,0.0,0.0,0.2332613390928726,23.520518358531284,6.246220302375812,0.0,0.0,0.0,0.0,0.0,0.0,0.0,0.0,0.0,0.0,0.0,0.0,0.0,0.0,0.0,0.0,0.0,0.391,0.0111,0.0,0.0,0.0,0.0,0.0,0.0,0.0,0.0,0.0,0.0,0.29099307159353355,23.321016166281723,6.387990762124713,0.0,0.0,0.0,0.0,0.0,0.0,0.0,0.0,0.0,0.0,0.0,0.0,0.0,0.0,0.0,0.0,0.0
59000,4453,2384,0.5353694138782843,1074,907,0.4448686278913092,1242,0.5578261845946553,0.40599999999999997,3.0188496858385694,3.0778732042918175,6.546666666666667,2.134124853163209,8395.543364024255,505.4306512820772,7853.0,8866.4,8866.399999999998,1.8189894035458565e-12,7853.0,0.0,28.156299124185942,20.798257885213904,32.984566258648215,19.042284429292007,0.13631259824837189,0.10172917134516056,0.08937794745115653,0.0889288120368291,0.08353918706490007,0.07410734336402425,0.060408713227037954,0.06422636424882101,0.05681562991241859,0.054345385133617786,0.05075230181899843,0.04940489557601617,0.03368515607455648,0.024477880080844373,0.01684257803727824,0.011452953065349204,0.003593083314619358,0.8446174581185261,0.0338426534022933,0.0,0.0,0.0,0.0,0.0,0.0,0.0,0.0,0.0,0.0,0.0,0.0,0.0,0.0,0.0,0.0,0.0,0.0,0.0,0.006737031214911297,0.04715921850437908,0.04715921850437908,0.2425331237368067,1.879631708960246,8.353918706490008,12.854255558050756,5.025825286323827,1.1520323377498318,0.30316640467100836,0.08758140579384686,4.233635097493036,2.8978807241428512,4.571428571428571,2.920721185751553,1.079788046479386,4.222602739726027,2.86148899231557,4.248246844319776,2.9350281658920756,1.0060730564001417,0.3916,0.01064,0.0,0.0,0.0,0.0,0.0,0.0,0.0,0.0,0.0,0.0,0.2155849988771615,23.51223894004039,6.2654390298675064,0.006737031214911297,0.0,0.0,0.0,0.0,0.0,0.0,0.0,0.0,0.0,0.0,0.0,0.0,0.0,0.0,0.0,0.0,nan,nan,4.2352737352737355,2.8980869938206304,nan,0.3916,0.0571,0.0,0.0,0.0,0.0,0.0,0.0,0.0,0.0,0.0,0.0,0.0,0.0,0.0,0.0,0.0,0.0,0.0,0.0,0.0,8.982708286548394e-05,0.0,0.0,5.614192679092747e-05,0.0009094992140130249,0.0024702447788008085,0.0006512463507747586,0.010622052548843476,0.0019874242083988323,0.011071187963170895,0.008589714799011902,0.03779474511565237,0.022658881652818326,0.021771839209521672,0.04699079272400629,0.03074331911071188,0.08828879407141253,0.05587244554233101,0.05134740624298226,0.07752077251291264,0.07773411183471816,0.06298001347406243,0.07465753424657534,0.06662923871547272,0.04075903885021334,0.048832247922748706,0.023882775656860544,0.02170446889737256,0.029777677969907927,0.01185717493824388,0.010869077026723557,0.022928362901414777,0.004794520547945206,0.028789580058387602,0.0016505726476532675,0.0006961598922075006,0.001964967437682461,5.614192679092747e-05,0.0,0.0,0.0,0.0,0.0,0.0,0.0,0.0,0.0,0.0,0.0,0.0,0.0,0.0,0.0,0.0,0.0,0.0,0.0,0.0,0.0,0.0,0.0,0.0,0.0,0.0,0.0,0.0,0.0,0.0,0.0,0.0,0.0,0.0,0.0,0.0,0.0,0.0,0.0,0.0,0.0,0.0,0.0,0.0,nan,nan,4.2352737352737355,2.8980869938206304,nan,0.8443918962206617,0.0336538703721679,0.0,0.0,0.0,0.0,0.0,0.0,0.0,0.0,0.0,0.0,0.0,0.0,0.0,0.0,0.0,0.0,0.0,0.0,0.0,0.012583892617449667,0.05033557046979867,0.037751677852349,0.23909395973154368,1.9882550335570408,8.368288590604028,12.659395973154366,5.071308724832216,1.245805369127517,0.2768456375838927,0.05033557046979867,0.8448773612429866,0.03405702836520259,0.0,0.0,0.0,0.0,0.0,0.0,0.0,0.0,0.0,0.0,0.0,0.0,0.0,0.0,0.0,0.0,0.0,0.0,0.0,0.0,0.04349927501208314,0.05799903334944419,0.2464958917351378,1.754470758820681,8.337361043982602,13.078782020299665,4.9734171097148385,1.0439826002899955,0.33349444175930404,0.13049782503624943,0.3916,0.01065,0.0,0.0,0.0,0.0,0.0,0.0,0.0,0.0,0.0,0.0,0.20134228187919467,23.54446308724829,6.241610738255035,0.012583892617449667,0.0,0.0,0.0,0.0,0.0,0.0,0.0,0.0,0.0,0.0,0.0,0.0,0.0,0.0,0.0,0.0,0.3914,0.01063,0.0,0.0,0.0,0.0,0.0,0.0,0.0,0.0,0.0,0.0,0.23199613339777675,23.475108748187495,6.292895118414695,0.0,0.0,0.0,0.0,0.0,0.0,0.0,0.0,0.0,0.0,0.0,0.0,0.0,0.0,0.0,0.0,0.0
59100,4622,2428,0.5253137170056252,1123,955,0.4495889225443531,1301,0.5629597576806578,0.418,3.0077484047402003,3.088697031349526,6.637873754152824,2.1777554350506283,8385.3529208135,506.0502125814553,7853.0,8866.4,8866.399999999998,1.8189894035458565e-12,7853.0,0.0,27.592384249242752,20.682052769913657,32.53897780072277,18.934570753819905,0.1399826914755517,0.1045002163565556,0.09584595413241022,0.0826482042405885,0.07659022068368672,0.07507572479446127,0.08005192557334487,0.06144526179143228,0.05668541756815231,0.054738208567719604,0.046300302899177845,0.038727823453050626,0.031804413673734315,0.020553872782345304,0.019039376893119863,0.010817827780181739,0.005192557334487235,0.8455282813127502,0.033773949222044075,0.0,0.0,0.0,0.0,0.0,0.0,0.0,0.0,0.0,0.0,0.0,0.0,0.0,0.0,0.0,0.0,0.0,0.0,0.0,0.0,0.006490696668109045,0.04543487667676332,0.33751622674167037,1.8044136737343086,8.132842925140633,12.676330592816965,5.3158805711813075,1.2462137602769365,0.37646040675032466,0.05841627001298141,4.298299319727891,2.840989545472234,3.1,2.4269322199023193,0.721215478357205,4.291044776119403,2.873891951071703,4.297425474254743,2.8068381241685496,1.0014869800871922,0.3918,0.010635,0.0,0.0,0.0,0.0,0.0,0.0,0.0,0.0,0.0,0.0,0.20770229337948945,23.145824318476816,6.646473388143662,0.0,0.0,0.0,0.0,0.0,0.0,0.0,0.0,0.0,0.0,0.0,0.0,0.0,0.0,0.0,0.0,0.0,nan,nan,4.2942372881355935,2.8405419651113673,nan,0.3918,0.05722,0.0,0.0,0.0,0.0,0.0,0.0,0.0,0.0,0.0,0.0,0.0,0.0,0.0,0.0,0.0,0.0,0.0,0.0,0.0,3.2453483340545216e-05,0.0,0.0,2.163565556036348e-05,0.0010276936391172653,0.0020986585893552575,0.0006923409779316313,0.010352661185633924,0.0028991778450887062,0.010688013846819559,0.00920597144093466,0.03688879273041973,0.023215058416270012,0.02201427953266984,0.043087408048463866,0.030560363479013412,0.08908481176979663,0.05584162700129814,0.05381869320640415,0.07493509303331891,0.07944612721765469,0.0643336218087408,0.07430765902206837,0.06874729554305495,0.03825183903072263,0.04703591518823021,0.02393985287754219,0.021884465599307658,0.030636088273474686,0.01187797490263955,0.010287754218952835,0.022652531371700563,0.005192557334487235,0.030657723929035048,0.0014820424058848982,0.0004651665945478148,0.0022717438338381653,6.490696668109043e-05,0.0,0.0,0.0,0.0,0.0,0.0,0.0,0.0,0.0,0.0,0.0,0.0,0.0,0.0,0.0,0.0,0.0,0.0,0.0,0.0,0.0,0.0,0.0,0.0,0.0,0.0,0.0,0.0,0.0,0.0,0.0,0.0,0.0,0.0,0.0,0.0,0.0,0.0,0.0,0.0,0.0,0.0,0.0,0.0,nan,nan,4.2942372881355935,2.8405419651113673,nan,0.8460857934722005,0.033823975464864646,0.0,0.0,0.0,0.0,0.0,0.0,0.0,0.0,0.0,0.0,0.0,0.0,0.0,0.0,0.0,0.0,0.0,0.0,0.0,0.0,0.0,0.06177924217462934,0.4077429983525536,1.6186161449752832,7.845963756177926,12.998352553542013,5.3747940691927525,1.2355848434925867,0.4077429983525536,0.04942339373970347,0.8449113079658289,0.03370775399250891,0.0,0.0,0.0,0.0,0.0,0.0,0.0,0.0,0.0,0.0,0.0,0.0,0.0,0.0,0.0,0.0,0.0,0.0,0.0,0.0,0.01367365542388332,0.02734731084776664,0.2597994530537831,2.0100273473108414,8.450319051959893,12.319963536918873,5.250683682771195,1.2579762989972654,0.341841385597083,0.0683682771194166,0.3918,0.010765,0.0,0.0,0.0,0.0,0.0,0.0,0.0,0.0,0.0,0.0,0.24711696869851735,22.808896210873115,6.9439868204283375,0.0,0.0,0.0,0.0,0.0,0.0,0.0,0.0,0.0,0.0,0.0,0.0,0.0,0.0,0.0,0.0,0.0,0.3916,0.01049,0.0,0.0,0.0,0.0,0.0,0.0,0.0,0.0,0.0,0.0,0.16408386508659983,23.518687329079274,6.317228805834095,0.0,0.0,0.0,0.0,0.0,0.0,0.0,0.0,0.0,0.0,0.0,0.0,0.0,0.0,0.0,0.0,0.0
59200,4673,2441,0.5223625080248234,1131,969,0.4493901134175048,1308,0.5598116841429489,0.39799999999999996,2.949372759856631,3.0292243765386013,6.4736,2.16363190954469,8382.362165632356,506.1929634525271,7853.0,8866.4,8866.4,0.0,7853.0,0.0,28.485983308367217,21.117756176172296,33.44831089662179,19.297832327870417,0.1375989728225979,0.10036379199657608,0.08645409800984379,0.08131821099935801,0.0830301733361866,0.07661031457307939,0.06805050288893644,0.06505456879948641,0.059918681789000644,0.05114487481275412,0.04600898780226835,0.04258506312861117,0.038305157286539694,0.026749411512946714,0.01733361866038947,0.011983736357800128,0.0074898352236250805,0.844385429097528,0.03319549931863397,0.0,0.0,0.0,0.0,0.0,0.0,0.0,0.0,0.0,0.0,0.0,0.0,0.0,0.0,0.0,0.0,0.0,0.0,0.0,0.0,0.006419858763107213,0.06419858763107213,0.3851915257864328,1.9516370639845861,7.947785148726729,13.167130323132895,5.129467151722663,0.9886582495185108,0.3081532206291462,0.05135887010485771,4.1811308349769885,2.822446709386495,3.75,3.031088913245535,0.8968865476845664,4.226159793814433,2.8531066799268574,4.13115845539281,2.791603563471056,0.9775206468622718,0.392,0.0107,0.0,0.0,0.0,0.0,0.0,0.0,0.0,0.0,0.0,0.0,0.26963406805050294,22.89963620800339,6.8243098651829674,0.006419858763107213,0.0,0.0,0.0,0.0,0.0,0.0,0.0,0.0,0.0,0.0,0.0,0.0,0.0,0.0,0.0,0.0,nan,nan,4.179436804191225,2.8234255269771364,nan,0.392,0.0576,0.0,0.0,0.0,0.0,0.0,0.0,0.0,0.0,0.0,0.0,0.0,0.0,0.0,0.0,0.0,0.0,0.0,0.0,0.0,0.0,0.0,0.0,0.0,0.0015407661031457307,0.002375347742349668,0.0009629788144660818,0.009907982024395464,0.0031992296169484273,0.010047078964262787,0.01001497967044725,0.0361438048362936,0.02157072544404023,0.024309865182965976,0.04364433982452386,0.031628504172908196,0.08754547399957201,0.05325272843997432,0.05448320136956987,0.07662101433768458,0.08004493901134176,0.060892360368071906,0.07163492403167131,0.07074684356944147,0.037160282473785576,0.04764605178686069,0.025262144232826876,0.0219880162636422,0.03220629146158784,0.011855339182537984,0.009576289321634924,0.021859619088380057,0.0065910549967900705,0.030890220415150868,0.001497967044725016,0.0005028889364433982,0.0023967472715600256,0.0,0.0,0.0,0.0,0.0,0.0,0.0,0.0,0.0,0.0,0.0,0.0,0.0,0.0,0.0,0.0,0.0,0.0,0.0,0.0,0.0,0.0,0.0,0.0,0.0,0.0,0.0,0.0,0.0,0.0,0.0,0.0,0.0,0.0,0.0,0.0,0.0,0.0,0.0,0.0,0.0,0.0,0.0,0.0,0.0,nan,nan,4.179436804191225,2.8234255269771364,nan,0.8443494102399108,0.03329357091748733,0.0,0.0,0.0,0.0,0.0,0.0,0.0,0.0,0.0,0.0,0.0,0.0,0.0,0.0,0.0,0.0,0.0,0.0,0.0,0.0,0.012290045063498569,0.049160180253994275,0.4670217124129456,1.8803768947152746,7.963949201147073,13.088897992625975,5.186399016796396,0.9832036050798855,0.2949610815239656,0.0737402703809914,0.8444248206886766,0.03308786682126788,0.0,0.0,0.0,0.0,0.0,0.0,0.0,0.0,0.0,0.0,0.0,0.0,0.0,0.0,0.0,0.0,0.0,0.0,0.0,0.0,0.0,0.08064516129032259,0.29569892473118287,2.0295698924731123,7.930107526881722,13.252688172043014,5.06720430107527,0.9946236559139787,0.32258064516129037,0.026881720430107534,0.3918,0.01062,0.0,0.0,0.0,0.0,0.0,0.0,0.0,0.0,0.0,0.0,0.24580090126997137,22.908643998361296,6.845555100368703,0.0,0.0,0.0,0.0,0.0,0.0,0.0,0.0,0.0,0.0,0.0,0.0,0.0,0.0,0.0,0.0,0.0,0.392,0.01077,0.0,0.0,0.0,0.0,0.0,0.0,0.0,0.0,0.0,0.0,0.29569892473118287,22.889784946236528,6.801075268817206,0.013440860215053767,0.0,0.0,0.0,0.0,0.0,0.0,0.0,0.0,0.0,0.0,0.0,0.0,0.0,0.0,0.0,0.0
59300,4578,2373,0.518348623853211,1110,956,0.45128877238968984,1292,0.564438619484491,0.426,2.983673469387755,3.129076008081749,6.643564356435643,2.2867857957319084,8378.294495412845,506.3587016536218,7853.0,8866.4,8866.399999999998,1.8189894035458565e-12,7853.0,0.0,27.840541721275667,20.84377595229422,33.04303332458672,18.96667340940529,0.1472258628221931,0.0945827872433377,0.08977719528178243,0.08671909130624728,0.08671909130624728,0.0674967234600262,0.06880733944954129,0.06247269550021844,0.06574923547400612,0.0508955875928353,0.0491480996068152,0.04041065967671472,0.03058103975535168,0.023372651813018785,0.01856705985146352,0.010921799912625601,0.00655307994757536,0.8451798173369878,0.03360817887629781,0.0,0.0,0.0,0.0,0.0,0.0,0.0,0.0,0.0,0.0,0.0,0.0,0.0,0.0,0.0,0.0,0.0,0.0,0.0,0.0,0.0,0.07208387942332897,0.3014416775884666,1.8872870249016978,8.12581913499345,12.601572739187421,5.622542595019661,1.0681520314547839,0.22280471821756231,0.09829619921363043,4.298365122615804,2.953812951280792,4.714285714285714,2.1852940772540506,1.0967625084899253,4.243852459016393,2.878688495416184,4.355989232839838,3.019082612686497,1.0264233440974606,0.3928,0.01056,0.0,0.0,0.0,0.0,0.0,0.0,0.0,0.0,0.0,0.0,0.2424639580602884,22.529488859764058,7.228047182175624,0.0,0.0,0.0,0.0,0.0,0.0,0.0,0.0,0.0,0.0,0.0,0.0,0.0,0.0,0.0,0.0,0.0,nan,nan,4.300338983050848,2.950776953762043,nan,0.3928,0.0576,0.0,0.0,0.0,0.0,0.0,0.0,0.0,0.0,0.0,0.0,0.0,0.0,0.0,0.0,0.0,0.0,0.0,0.0,0.0,0.0,0.0,0.0,0.0,0.0016273481869812144,0.0017147225862822193,0.0008409785932721712,0.009305373525557012,0.003221930974224552,0.011249453910004368,0.0090869375273045,0.036151157710790735,0.020478374836173003,0.0272608125819135,0.04269331585845347,0.029849279161205767,0.08676277850589777,0.05115771079073831,0.05267584097859327,0.07460681520314548,0.07995849716033203,0.061282219309742245,0.07390782000873744,0.07098077763215378,0.03580166011358672,0.05083005679335954,0.026397990388816076,0.02199650502402796,0.03517911751856706,0.011620795107033639,0.009523809523809525,0.022105723023154215,0.0077217125382263,0.02939056356487549,0.0012996941896024465,0.0005570117955439057,0.002763215377894277,0.0,0.0,0.0,0.0,0.0,0.0,0.0,0.0,0.0,0.0,0.0,0.0,0.0,0.0,0.0,0.0,0.0,0.0,0.0,0.0,0.0,0.0,0.0,0.0,0.0,0.0,0.0,0.0,0.0,0.0,0.0,0.0,0.0,0.0,0.0,0.0,0.0,0.0,0.0,0.0,0.0,0.0,0.0,0.0,0.0,nan,nan,4.300338983050848,2.950776953762043,nan,0.8454311379540383,0.033760163684995646,0.0,0.0,0.0,0.0,0.0,0.0,0.0,0.0,0.0,0.0,0.0,0.0,0.0,0.0,0.0,0.0,0.0,0.0,0.0,0.0,0.0,0.07585335018963339,0.26548672566371684,1.8457648546144063,8.280657395701645,12.477876106194694,5.562579013906449,1.1504424778761064,0.2149178255372946,0.12642225031605564,0.8449093484824477,0.03344173266042289,0.0,0.0,0.0,0.0,0.0,0.0,0.0,0.0,0.0,0.0,0.0,0.0,0.0,0.0,0.0,0.0,0.0,0.0,0.0,0.0,0.0,0.06802721088435375,0.34013605442176875,1.93197278911564,7.959183673469389,12.734693877551024,5.687074829931975,0.9795918367346941,0.23129251700680278,0.06802721088435375,0.3926,0.0105,0.0,0.0,0.0,0.0,0.0,0.0,0.0,0.0,0.0,0.0,0.24020227560050575,22.402022756005024,7.357774968394439,0.0,0.0,0.0,0.0,0.0,0.0,0.0,0.0,0.0,0.0,0.0,0.0,0.0,0.0,0.0,0.0,0.0,0.3928,0.01062,0.0,0.0,0.0,0.0,0.0,0.0,0.0,0.0,0.0,0.0,0.24489795918367352,22.666666666666632,7.088435374149661,0.0,0.0,0.0,0.0,0.0,0.0,0.0,0.0,0.0,0.0,0.0,0.0,0.0,0.0,0.0,0.0,0.0
59400,4689,2434,0.5190872254211986,1170,969,0.4561740243122201,1312,0.5596075922371507,0.39399999999999996,2.9454545454545453,3.034194692495747,6.3652037617554855,2.110545073451522,8379.042994241843,506.3306613012487,7853.0,8866.4,8866.4,0.0,7853.0,0.0,28.366176156963107,20.87741734068985,33.262518968133534,19.061991257495343,0.13670292173171253,0.09511622947323523,0.0891448069950949,0.08743868628705481,0.07954787801236937,0.0746427809767541,0.0710172744721689,0.07144380464917893,0.059714224781403286,0.05438259756877799,0.04265301770100235,0.04073363190445724,0.034122414160801876,0.026231605886116442,0.01727447216890595,0.012795905310300703,0.007037747920665387,0.8472298777517822,0.03335583842313517,0.0,0.0,0.0,0.0,0.0,0.0,0.0,0.0,0.0,0.0,0.0,0.0,0.0,0.0,0.0,0.0,0.0,0.0,0.0,0.0,0.012795905310300707,0.025591810620601414,0.29430582213691625,1.8106206014075437,7.4920025591810635,12.789507357645556,5.905310300703777,1.3435700575815743,0.26871401151631485,0.057581573896353176,4.150245499181669,2.8514812136115464,3.857142857142857,2.9726645780978305,0.929377035142474,4.236859182349124,2.878971894333093,4.05893909626719,2.82248148903588,0.9580066085691131,0.3928,0.01084,0.0,0.0,0.0,0.0,0.0,0.0,0.0,0.0,0.0,0.0,0.2815099168266155,22.22008957133714,7.4920025591810635,0.006397952655150353,0.0,0.0,0.0,0.0,0.0,0.0,0.0,0.0,0.0,0.0,0.0,0.0,0.0,0.0,0.0,0.0,nan,nan,4.14890843923102,2.8521141023474494,nan,0.3928,0.05786,0.0,0.0,0.0,0.0,0.0,0.0,0.0,0.0,0.0,0.0,0.0,0.0,0.0,0.0,0.0,0.0,0.0,0.0,0.0,0.0,0.0,0.0,0.0,0.0018767327788441032,0.0018980592876946044,0.0010023459159735552,0.009298357858818511,0.003401578161654937,0.013734271699722755,0.007922798037961186,0.03596715717637023,0.022424824056301983,0.026444870974621455,0.04254638515674984,0.028108338664960545,0.08314139475367882,0.05071443804649179,0.05193004905097036,0.07664747280870121,0.07732992109191725,0.061686926850074646,0.0754851780763489,0.07005758157389635,0.038995521433141396,0.05125826402217957,0.025709106419279162,0.021827681808487952,0.03398379185327362,0.011900191938579654,0.010641927916400085,0.02328854766474728,0.008413307741522713,0.027927063339731287,0.0012262742589038175,0.00035188739603326933,0.0028577521859671573,0.0,0.0,0.0,0.0,0.0,0.0,0.0,0.0,0.0,0.0,0.0,0.0,0.0,0.0,0.0,0.0,0.0,0.0,0.0,0.0,0.0,0.0,0.0,0.0,0.0,0.0,0.0,0.0,0.0,0.0,0.0,0.0,0.0,0.0,0.0,0.0,0.0,0.0,0.0,0.0,0.0,0.0,0.0,0.0,0.0,nan,nan,4.14890843923102,2.8521141023474494,nan,0.8464519340627588,0.032987789693527045,0.0,0.0,0.0,0.0,0.0,0.0,0.0,0.0,0.0,0.0,0.0,0.0,0.0,0.0,0.0,0.0,0.0,0.0,0.0,0.0,0.012325390304026297,0.012325390304026297,0.36976170912078893,1.8118323746918596,7.666392769104356,12.608874281018903,5.965488907148728,1.2941659819227613,0.20953163516844706,0.04930156121610519,0.8480695739553668,0.03372846830769322,0.0,0.0,0.0,0.0,0.0,0.0,0.0,0.0,0.0,0.0,0.0,0.0,0.0,0.0,0.0,0.0,0.0,0.0,0.0,0.0,0.01330376940133038,0.039911308203991136,0.2128603104212861,1.8093126385809257,7.303769401330379,12.984478935698451,5.840354767184037,1.39689578713969,0.33259423503325947,0.0665188470066519,0.3928,0.01058,0.0,0.0,0.0,0.0,0.0,0.0,0.0,0.0,0.0,0.0,0.2711585866885785,22.382908792111717,7.3459326211996725,0.0,0.0,0.0,0.0,0.0,0.0,0.0,0.0,0.0,0.0,0.0,0.0,0.0,0.0,0.0,0.0,0.0,0.3928,0.01111,0.0,0.0,0.0,0.0,0.0,0.0,0.0,0.0,0.0,0.0,0.29268292682926833,22.0443458980044,7.649667405764968,0.01330376940133038,0.0,0.0,0.0,0.0,0.0,0.0,0.0,0.0,0.0,0.0,0.0,0.0,0.0,0.0,0.0,0.0
59500,4693,2400,0.5113999573833369,1139,972,0.44981887918176006,1354,0.5770296185808651,0.418,3.039249890972525,3.19619182404727,6.832572298325723,2.105144439060826,8371.252716812274,506.56828240056166,7853.0,8866.4,8866.399999999998,1.8189894035458565e-12,7853.0,0.0,27.962497336458554,20.89661521621144,33.12439335887612,19.028810719626662,0.14425740464521628,0.09333049222245898,0.08821649264862562,0.09418282548476455,0.08374174302152142,0.07457916045173663,0.06690816109098657,0.05604091199659067,0.05795866183677818,0.06136799488600043,0.04091199659066695,0.044960579586618366,0.03451949712337524,0.02812699765608353,0.014702748774770935,0.007884082676326443,0.008310249307479225,0.8479021449041295,0.034718931035441686,0.0,0.0,0.0,0.0,0.0,0.0,0.0,0.0,0.0,0.0,0.0,0.0,0.0,0.0,0.0,0.0,0.0,0.0,0.0,0.0,0.0,0.03196249733645856,0.3899424675047945,2.0136373321968826,6.852759428936716,12.721073939910507,6.168761985936503,1.425527381206052,0.3196249733645856,0.07670999360750054,4.387351778656127,2.987593709882505,4.117647058823529,3.1414188053691032,0.9385267620561736,4.319453480806766,2.9811976761371453,4.452145214521452,2.995186515518045,1.0307195654043488,0.3928,0.010544,0.0,0.0,0.0,0.0,0.0,0.0,0.0,0.0,0.0,0.0,0.12784998934583425,22.507990624334084,7.364159386320052,0.0,0.0,0.0,0.0,0.0,0.0,0.0,0.0,0.0,0.0,0.0,0.0,0.0,0.0,0.0,0.0,0.0,nan,nan,4.385849983622666,2.9885395640030756,nan,0.3928,0.05795,0.0,0.0,0.0,0.0,0.0,0.0,0.0,0.0,0.0,0.0,0.0,0.0,0.0,0.0,0.0,0.0,0.0,0.0,0.0,0.0,0.0,0.0,0.0,0.002184103984658001,0.0012252290645642446,0.0011399957383336884,0.009151928404005966,0.0036330705305774556,0.014542936288088643,0.007585766034519497,0.036586405284466224,0.01990198167483486,0.026198593650117195,0.04357553803537183,0.029575964202002984,0.08281483059876411,0.049701683358193055,0.05441082463243128,0.07742382271468144,0.07924568506285957,0.05921585339867888,0.07277860643511613,0.07169188152567654,0.039878542510121455,0.05154485403792883,0.024302152141487322,0.019603665033027913,0.034828467930961005,0.010920519923290007,0.010973790752184104,0.022714681440443214,0.009599403366716386,0.028254847645429362,0.0011613040698913275,0.00031962497336458556,0.0033134455572128704,0.0,0.0,0.0,0.0,0.0,0.0,0.0,0.0,0.0,0.0,0.0,0.0,0.0,0.0,0.0,0.0,0.0,0.0,0.0,0.0,0.0,0.0,0.0,0.0,0.0,0.0,0.0,0.0,0.0,0.0,0.0,0.0,0.0,0.0,0.0,0.0,0.0,0.0,0.0,0.0,0.0,0.0,0.0,0.0,0.0,nan,nan,4.385849983622666,2.9885395640030756,nan,0.8482677120963732,0.035524017761843565,0.0,0.0,0.0,0.0,0.0,0.0,0.0,0.0,0.0,0.0,0.0,0.0,0.0,0.0,0.0,0.0,0.0,0.0,0.0,0.0,0.0,0.025000000000000005,0.4250000000000001,2.1249999999999933,6.787500000000001,12.487500000000002,6.162500000000001,1.5125000000000004,0.4000000000000001,0.07500000000000001,0.8475195189724309,0.03385154819411076,0.0,0.0,0.0,0.0,0.0,0.0,0.0,0.0,0.0,0.0,0.0,0.0,0.0,0.0,0.0,0.0,0.0,0.0,0.0,0.0,0.0,0.039249890972525084,0.3532490187527258,1.8970780636720395,6.921064108155257,12.96554731792412,6.175316179677281,1.3344962930658528,0.2354993458351505,0.07849978194505017,0.393,0.010605,0.0,0.0,0.0,0.0,0.0,0.0,0.0,0.0,0.0,0.0,0.15000000000000002,22.262499999999967,7.587500000000001,0.0,0.0,0.0,0.0,0.0,0.0,0.0,0.0,0.0,0.0,0.0,0.0,0.0,0.0,0.0,0.0,0.0,0.3923,0.01048,0.0,0.0,0.0,0.0,0.0,0.0,0.0,0.0,0.0,0.0,0.10466637592673356,22.76493676406451,7.130396860008724,0.0,0.0,0.0,0.0,0.0,0.0,0.0,0.0,0.0,0.0,0.0,0.0,0.0,0.0,0.0,0.0,0.0
59600,4769,2521,0.5286223526944852,1161,955,0.4436988886559027,1305,0.5472845460264206,0.418,3.0137900355871885,3.0554318724928553,6.409020217729394,2.0865516518549785,8388.70589222059,505.86910185984596,7853.0,8866.4,8866.4,0.0,7853.0,0.0,28.2635772698679,20.924820663737044,32.987877288471054,19.225995243914785,0.13440972950304048,0.09897253092891592,0.09540784231495072,0.08953659048018453,0.07653596141748795,0.07569721115537849,0.06605158314111974,0.06961627175508492,0.055357517299224154,0.04843782763682113,0.05095407842314951,0.04256657580205494,0.037534074229398195,0.022436569511427973,0.01740406793877123,0.011742503669532396,0.007339064793457748,0.8473649484152863,0.033760282298768,0.0,0.0,0.0,0.0,0.0,0.0,0.0,0.0,0.0,0.0,0.0,0.0,0.0,0.0,0.0,0.0,0.0,0.0,0.0,0.0,0.025162507863283713,0.06290626965820928,0.25791570559865806,1.6858880268400032,7.529880478087651,12.908366533864545,5.888026840008389,1.3084504088907531,0.25791570559865806,0.07548752358985113,4.190228013029316,2.8728146681244797,3.55,2.783433131943356,0.8472092661691543,4.204865556978233,2.8487752632475267,4.167648984937786,2.897629256991498,0.991149164810113,0.3928,0.01072,0.0,0.0,0.0,0.0,0.0,0.0,0.0,0.0,0.0,0.0,0.16355630111134414,22.28769133990351,7.548752358985114,0.0,0.0,0.0,0.0,0.0,0.0,0.0,0.0,0.0,0.0,0.0,0.0,0.0,0.0,0.0,0.0,0.0,nan,nan,4.186084142394822,2.8727039019241807,nan,0.3928,0.0583,0.0,0.0,0.0,0.0,0.0,0.0,0.0,0.0,0.0,0.0,0.0,0.0,0.0,0.0,0.0,0.0,0.0,0.0,0.0,0.0,0.0,0.0,0.0,0.0017613755504298596,0.0015831411197316,0.001237156636611449,0.009006080939400293,0.003019500943594045,0.014237785699308031,0.0075068148458796394,0.037376808555252675,0.02039211574753617,0.025812539316418536,0.04360452925141539,0.029219962256238206,0.0836758230236947,0.05200251625078633,0.05586076745648983,0.0771755084923464,0.0816313692598029,0.054906689033340325,0.0680436150136297,0.06913399035437198,0.04127699727406165,0.04934996854686517,0.027710211784441184,0.02063325644789264,0.033382260431956384,0.01136506605158314,0.01054728454602642,0.023956804361501362,0.010264206332564479,0.029492556091423778,0.0013734535542042356,0.00013629691759278674,0.0032920947787796182,1.0484378276368211e-05,2.0968756552736423e-05,0.0,0.0,0.0,0.0,0.0,0.0,0.0,0.0,0.0,0.0,0.0,0.0,0.0,0.0,0.0,0.0,0.0,0.0,0.0,0.0,0.0,0.0,0.0,0.0,0.0,0.0,0.0,0.0,0.0,0.0,0.0,0.0,0.0,0.0,0.0,0.0,0.0,0.0,0.0,0.0,0.0,0.0,0.0,nan,nan,4.186084142394822,2.8727039019241807,nan,0.8480434507096112,0.03329861091143119,0.0,0.0,0.0,0.0,0.0,0.0,0.0,0.0,0.0,0.0,0.0,0.0,0.0,0.0,0.0,0.0,0.0,0.0,0.0,0.0,0.011900039666798892,0.08330027766759225,0.21420071400238005,1.5232050773502532,7.556525188417297,13.113843712812379,5.771519238397463,1.4161047203490682,0.23800079333597784,0.07140023800079334,0.846604047933083,0.034254639283312203,0.0,0.0,0.0,0.0,0.0,0.0,0.0,0.0,0.0,0.0,0.0,0.0,0.0,0.0,0.0,0.0,0.0,0.0,0.0,0.0,0.0400355871886121,0.0400355871886121,0.30693950177935947,1.8683274021352256,7.500000000000002,12.677935943060502,6.018683274021354,1.1877224199288259,0.28024911032028477,0.0800711743772242,0.393,0.01085,0.0,0.0,0.0,0.0,0.0,0.0,0.0,0.0,0.0,0.0,0.20230067433558116,21.884172947243126,7.913526378421263,0.0,0.0,0.0,0.0,0.0,0.0,0.0,0.0,0.0,0.0,0.0,0.0,0.0,0.0,0.0,0.0,0.0,0.3926,0.01057,0.0,0.0,0.0,0.0,0.0,0.0,0.0,0.0,0.0,0.0,0.12010676156583633,22.74021352313164,7.139679715302493,0.0,0.0,0.0,0.0,0.0,0.0,0.0,0.0,0.0,0.0,0.0,0.0,0.0,0.0,0.0,0.0,0.0
59700,4714,2439,0.517394993635978,1111,967,0.4408145948239287,1322,0.5608824777259228,0.43,2.934065934065934,3.10349748751201,6.617021276595745,2.1545760606634357,8377.328086550699,506.3932667053945,7853.0,8866.4,8866.4,0.0,7853.0,0.0,27.931692829868478,21.060623271550455,33.11456211812627,19.25012528754718,0.14467543487484089,0.09885447602885024,0.09673313534153585,0.08188375053033517,0.07976240984302078,0.07382265591854052,0.06894357233771743,0.05960967331353415,0.05854900296987696,0.05345778532032244,0.046881629189647854,0.04009333899024183,0.03415358506576156,0.02588035638523547,0.019092066185829443,0.009121764955451845,0.00848536274925753,0.8475782879212168,0.034417803922127586,0.0,0.0,0.0,0.0,0.0,0.0,0.0,0.0,0.0,0.0,0.0,0.0,0.0,0.0,0.0,0.0,0.0,0.0,0.0,0.0,0.031820110309715745,0.04454815443360205,0.39456936784047525,1.6864658464149291,7.140432753500214,12.982605006364025,5.9630886720407315,1.3555366991938909,0.299109036911328,0.1018243529910904,4.310333333333333,2.9054018463697733,4.444444444444445,2.47705520106755,1.0311138607480732,4.377926421404682,2.9695749920455246,4.245567957977675,2.8347062996826504,0.969766859767246,0.393,0.01098,0.0,0.0,0.0,0.0,0.0,0.0,0.0,0.0,0.0,0.0,0.26728892660161224,21.726771319473876,8.005939753924482,0.0,0.0,0.0,0.0,0.0,0.0,0.0,0.0,0.0,0.0,0.0,0.0,0.0,0.0,0.0,0.0,0.0,nan,nan,4.311133200795228,2.903052820865194,nan,0.393,0.05853,0.0,0.0,0.0,0.0,0.0,0.0,0.0,0.0,0.0,0.0,0.0,0.0,0.0,0.0,0.0,0.0,0.0,0.0,0.0,0.0,0.0,0.0,0.0,0.0023122613491726772,0.002291047942299533,0.0011773440814594825,0.009768773865082733,0.003818413237165889,0.013905388205345778,0.008283835383962664,0.03556427662282562,0.022199830292745016,0.027142554094187525,0.0408994484514213,0.028372931692829867,0.08080186677980483,0.0518137462876538,0.05401994060246076,0.07456512515910055,0.07965634280865506,0.056735256682223165,0.0677131947390751,0.07294229953330506,0.04512091641917692,0.04944845142129826,0.03026092490453967,0.01972846839202376,0.03147008909630887,0.011953754773016547,0.010012728044123887,0.024310564276622825,0.010511243105642767,0.02894569367840475,0.0011985574883326261,0.00010606703436571913,0.0029168434450572763,0.0,0.0,0.0,0.0,3.182011030971574e-05,0.0,0.0,0.0,0.0,0.0,0.0,0.0,0.0,0.0,0.0,0.0,0.0,0.0,0.0,0.0,0.0,0.0,0.0,0.0,0.0,0.0,0.0,0.0,0.0,0.0,0.0,0.0,0.0,0.0,0.0,0.0,0.0,0.0,0.0,0.0,0.0,0.0,0.0,0.0,0.0,nan,nan,4.311133200795228,2.903052820865194,nan,0.8477881423954887,0.0343022637570623,0.0,0.0,0.0,0.0,0.0,0.0,0.0,0.0,0.0,0.0,0.0,0.0,0.0,0.0,0.0,0.0,0.0,0.0,0.0,0.0,0.02460024600246003,0.036900369003690044,0.43050430504305054,1.7097170971709665,7.0356703567035686,12.706027060270605,6.371463714637148,1.3407134071340716,0.2460024600246003,0.09840098400984013,0.8473533054760524,0.03453982769124025,0.0,0.0,0.0,0.0,0.0,0.0,0.0,0.0,0.0,0.0,0.0,0.0,0.0,0.0,0.0,0.0,0.0,0.0,0.0,0.0,0.039560439560439566,0.05274725274725276,0.35604395604395617,1.6615384615384563,7.2527472527472545,13.279120879120882,5.525274725274727,1.3714285714285719,0.35604395604395617,0.10549450549450552,0.3928,0.01101,0.0,0.0,0.0,0.0,0.0,0.0,0.0,0.0,0.0,0.0,0.28290282902829034,21.64821648216479,8.068880688806889,0.0,0.0,0.0,0.0,0.0,0.0,0.0,0.0,0.0,0.0,0.0,0.0,0.0,0.0,0.0,0.0,0.0,0.393,0.01094,0.0,0.0,0.0,0.0,0.0,0.0,0.0,0.0,0.0,0.0,0.2505494505494506,21.81098901098898,7.9384615384615405,0.0,0.0,0.0,0.0,0.0,0.0,0.0,0.0,0.0,0.0,0.0,0.0,0.0,0.0,0.0,0.0,0.0
59800,4638,2387,0.5146614920224235,1137,973,0.4549374730487279,1359,0.5860284605433377,0.36999999999999994,2.8720568636161707,2.8871221274666925,6.040114613180516,2.0741542242986997,8374.557956015524,506.482113349564,7853.0,8866.4,8866.4,0.0,7853.0,0.0,29.48749460974558,21.23771884510477,34.25290844714213,19.353283783640723,0.13001293661060803,0.09163432514014662,0.08473479948253558,0.08344113842173351,0.07330746011211729,0.08106942647692972,0.06813281586890901,0.06597671410090557,0.06295817162570073,0.057567917205692105,0.053255713669685206,0.043122035360069,0.03492884864165589,0.027166882276843468,0.019836136265631736,0.014661492022423459,0.008193186718413108,0.8467185103903561,0.03345661025859485,0.0,0.0,0.0,0.0,0.0,0.0,0.0,0.0,0.0,0.0,0.0,0.0,0.0,0.0,0.0,0.0,0.0,0.0,0.0,0.0064683053040103505,0.01940491591203105,0.051746442432082804,0.37516170763260037,1.5200517464424275,7.5614489003881,13.311772315653302,5.646830530401036,1.1836998706338941,0.25226390685640365,0.07115135834411386,3.954882371898163,2.6830463739353516,3.6296296296296298,2.311775782863294,0.9177591868269835,3.9469598965071153,2.6895960145620834,3.957070707070707,2.671052360432537,1.0025616704574423,0.3926,0.010666,0.0,0.0,0.0,0.0,0.0,0.0,0.0,0.0,0.0,0.0,0.17464424320827948,22.386804657179788,7.432082794307893,0.0064683053040103505,0.0,0.0,0.0,0.0,0.0,0.0,0.0,0.0,0.0,0.0,0.0,0.0,0.0,0.0,0.0,0.0,nan,nan,3.952076677316294,2.680232424092309,nan,0.3926,0.0588,0.0,0.0,0.0,0.0,0.0,0.0,0.0,0.0,0.0,0.0,0.0,0.0,0.0,0.0,0.0,0.0,0.0,0.0,0.0,0.0,0.0,3.234152652005175e-05,0.0,0.002263906856403622,0.002048296679603277,0.0010564898663216905,0.010726606295817162,0.003686934023285899,0.014003880983182407,0.00940060370849504,0.03676153514445882,0.02311341095299698,0.02669253988788271,0.04156964208710651,0.02971108236308754,0.0815653298835705,0.05208063820612333,0.052749029754204396,0.06957740405347132,0.07802932298404484,0.056457524795170334,0.06639715394566624,0.07359853385079776,0.04501940491591203,0.05275981026304442,0.0316839154808107,0.018467011642949546,0.032632600258732214,0.01226821905993963,0.00929279862009487,0.022445019404915913,0.00929279862009487,0.030411815437688658,0.0012721000431220354,0.000344976282880552,0.002511858559724019,2.15610176800345e-05,0.0,0.0,0.0,5.3902544200086246e-05,0.0,0.0,0.0,0.0,0.0,0.0,0.0,0.0,0.0,0.0,0.0,0.0,0.0,0.0,0.0,0.0,0.0,0.0,0.0,0.0,0.0,0.0,0.0,0.0,0.0,0.0,0.0,0.0,0.0,0.0,0.0,0.0,0.0,0.0,0.0,0.0,0.0,0.0,0.0,0.0,nan,nan,3.952076677316294,2.680232424092309,nan,0.8473583212146512,0.03364238869093044,0.0,0.0,0.0,0.0,0.0,0.0,0.0,0.0,0.0,0.0,0.0,0.0,0.0,0.0,0.0,0.0,0.0,0.0,0.0,0.01256807708420612,0.01256807708420612,0.037704231252618355,0.3896103896103897,1.432760787599493,7.327188940092167,13.334729786342693,5.856723921240052,1.2568077084206117,0.23879346459991627,0.10054461667364896,0.8460400437366057,0.03324502485372929,0.0,0.0,0.0,0.0,0.0,0.0,0.0,0.0,0.0,0.0,0.0,0.0,0.0,0.0,0.0,0.0,0.0,0.0,0.0,0.0,0.02665482007996447,0.06663705019991116,0.3598400710795203,1.6126166148378447,7.809862283429588,13.287427809862287,5.424255886272769,1.1061750333185254,0.26654820079964464,0.0399822301199467,0.3926,0.01074,0.0,0.0,0.0,0.0,0.0,0.0,0.0,0.0,0.0,0.0,0.20108923334729792,22.547130289065738,7.2392124005027245,0.01256807708420612,0.0,0.0,0.0,0.0,0.0,0.0,0.0,0.0,0.0,0.0,0.0,0.0,0.0,0.0,0.0,0.0,0.3928,0.01058,0.0,0.0,0.0,0.0,0.0,0.0,0.0,0.0,0.0,0.0,0.14660151043980454,22.216792536650345,7.63660595290982,0.0,0.0,0.0,0.0,0.0,0.0,0.0,0.0,0.0,0.0,0.0,0.0,0.0,0.0,0.0,0.0,0.0
59900,4320,2266,0.524537037037037,1043,885,0.4462962962962963,1214,0.562037037037037,0.40199999999999997,2.9581304771178187,3.078524351310629,6.536971830985915,2.224710612431572,8384.565833333334,506.0894983425745,7853.0,8866.4,8866.4,0.0,7853.0,0.0,27.58773148148148,20.60823252080589,32.49103448275862,18.869760217183032,0.13958333333333334,0.10046296296296296,0.09050925925925926,0.09074074074074075,0.0849537037037037,0.07939814814814815,0.07060185185185185,0.06157407407407407,0.05578703703703704,0.049305555555555554,0.04652777777777778,0.040740740740740744,0.0349537037037037,0.023842592592592592,0.01574074074074074,0.009259259259259259,0.0060185185185185185,0.8486366848288863,0.03403609242019073,0.0,0.0,0.0,0.0,0.0,0.0,0.0,0.0,0.0,0.0,0.0,0.0,0.0,0.0,0.0,0.0,0.0,0.0,0.0,0.0,0.0,0.04166666666666667,0.3611111111111112,1.6666666666666614,7.375000000000002,12.35416666666667,6.2777777777777795,1.5347222222222225,0.32638888888888895,0.06250000000000001,4.226579520697168,2.879359243144882,4.909090909090909,2.7120788891229632,1.161480787253983,4.210725075528701,2.872965943258549,4.246356696738376,2.8844919491583108,1.008462110579661,0.3936,0.01067,0.0,0.0,0.0,0.0,0.0,0.0,0.0,0.0,0.0,0.0,0.14583333333333337,21.736111111111082,8.118055555555557,0.0,0.0,0.0,0.0,0.0,0.0,0.0,0.0,0.0,0.0,0.0,0.0,0.0,0.0,0.0,0.0,0.0,nan,nan,4.229294755877034,2.8790335884065716,nan,0.3936,0.05923,0.0,0.0,0.0,0.0,0.0,0.0,0.0,0.0,0.0,0.0,0.0,0.0,0.0,0.0,0.0,0.0,0.0,0.0,0.0,5.787037037037037e-05,0.0,2.3148148148148147e-05,2.3148148148148147e-05,0.0027314814814814814,0.002037037037037037,0.0015046296296296296,0.011087962962962963,0.002951388888888889,0.013460648148148149,0.009247685185185185,0.036724537037037035,0.023541666666666666,0.026018518518518517,0.04164351851851852,0.028055555555555556,0.0759837962962963,0.050451388888888886,0.051493055555555556,0.0697337962962963,0.07921296296296296,0.05859953703703704,0.06384259259259259,0.07339120370370371,0.050138888888888886,0.05372685185185185,0.03,0.020358796296296295,0.03229166666666667,0.011655092592592592,0.009699074074074074,0.024247685185185185,0.009872685185185186,0.03207175925925926,0.0015162037037037036,0.0004050925925925926,0.0020601851851851853,4.6296296296296294e-05,3.472222222222222e-05,0.0,0.0,5.787037037037037e-05,0.0,0.0,0.0,0.0,0.0,0.0,0.0,0.0,0.0,0.0,0.0,0.0,0.0,0.0,0.0,0.0,0.0,0.0,0.0,0.0,0.0,0.0,0.0,0.0,0.0,0.0,0.0,0.0,0.0,0.0,0.0,0.0,0.0,0.0,0.0,0.0,0.0,0.0,0.0,0.0,nan,nan,4.229294755877034,2.8790335884065716,nan,0.8483225027492166,0.034698180794047864,0.0,0.0,0.0,0.0,0.0,0.0,0.0,0.0,0.0,0.0,0.0,0.0,0.0,0.0,0.0,0.0,0.0,0.0,0.0,0.0,0.0,0.05295675198587821,0.43689320388349523,1.7872903795233837,7.41394527802295,12.312444836716685,5.93115622241836,1.601941747572816,0.41041482789055617,0.05295675198587821,0.8489832946597194,0.033286954531810076,0.0,0.0,0.0,0.0,0.0,0.0,0.0,0.0,0.0,0.0,0.0,0.0,0.0,0.0,0.0,0.0,0.0,0.0,0.0,0.0,0.0,0.029211295034079852,0.2775073028237586,1.5335929892891869,7.332035053554042,12.400194741966898,6.660175267770207,1.4605647517039924,0.23369036027263881,0.07302823758519962,0.3933,0.010704,0.0,0.0,0.0,0.0,0.0,0.0,0.0,0.0,0.0,0.0,0.1985878199470433,21.73874669020297,8.062665489849957,0.0,0.0,0.0,0.0,0.0,0.0,0.0,0.0,0.0,0.0,0.0,0.0,0.0,0.0,0.0,0.0,0.0,0.3938,0.01064,0.0,0.0,0.0,0.0,0.0,0.0,0.0,0.0,0.0,0.0,0.08763388510223954,21.733203505355373,8.179162609542358,0.0,0.0,0.0,0.0,0.0,0.0,0.0,0.0,0.0,0.0,0.0,0.0,0.0,0.0,0.0,0.0,0.0
60000,4189,2184,0.5213654810217235,1011,847,0.4435426116018143,1162,0.5547863451897828,0.414,3.0139650872817954,3.1284718551406274,6.669026548672567,2.1323915547239443,8381.351778467415,506.23718797535787,7853.0,8866.4,8866.4,0.0,7853.0,0.0,28.012174743375507,20.940254101726,32.981787137165625,19.204785870581397,0.1384578658391024,0.10503700167104321,0.09381714012890904,0.08116495583671521,0.08092623537837193,0.07209357841967057,0.0680353306278348,0.06779661016949153,0.0560993077106708,0.053473382668894724,0.04607304846025304,0.040343757460014326,0.034375746001432325,0.02602052995941752,0.019097636667462402,0.010264979708761042,0.006922893291955121,0.8489887363360303,0.03434605396652016,0.0,0.0,0.0,0.0,0.0,0.0,0.0,0.0,0.0,0.0,0.0,0.0,0.0,0.0,0.0,0.0,0.0,0.0,0.0,0.0,0.0,0.11458582000477444,0.3079493912628313,1.6829792313201188,6.739078539030797,12.819288613034141,6.459775602769159,1.4967772738123661,0.3079493912628313,0.07161613750298403,4.3325851103628885,2.883141903228431,4.538461538461538,2.468739467058648,1.0475181497545714,4.360380116959064,2.8836264685109723,4.304479878511769,2.879364379881642,0.9871799620794803,0.3936,0.01111,0.0,0.0,0.0,0.0,0.0,0.0,0.0,0.0,0.0,0.0,0.17187873000716164,21.692528049653824,8.135593220338984,0.0,0.0,0.0,0.0,0.0,0.0,0.0,0.0,0.0,0.0,0.0,0.0,0.0,0.0,0.0,0.0,0.0,nan,nan,4.333581533879374,2.8813151978590064,nan,0.3936,0.05908,0.0,0.0,0.0,0.0,0.0,0.0,0.0,0.0,0.0,0.0,0.0,0.0,0.0,0.0,0.0,0.0,0.0,0.0,0.0,2.3872045834328003e-05,0.0,0.0,4.7744091668656006e-05,0.003210790164717116,0.00220816423967534,0.0010623060396275962,0.010432084029601336,0.002912389591788016,0.013260921460969206,0.008307471950346144,0.03780138457865839,0.02303652423012652,0.024719503461446645,0.04140606349964192,0.027798997374074957,0.07793029362616376,0.05026259250417761,0.05140845070422535,0.07122224874671759,0.0870016710432084,0.05724516591071855,0.0647887323943662,0.07117450465504893,0.045894008116495584,0.052411076629267125,0.0316304607304846,0.020697063738362376,0.02998328956791597,0.01231797565051325,0.008259727858677488,0.02306039627596085,0.009859154929577466,0.0340176653139174,0.00137264263547386,0.000226784435426116,0.0028885175459536882,0.000107424206254476,0.0,0.0,0.0,1.1936022917164001e-05,0.0,0.0,0.0,0.0,0.0,0.0,0.0,0.0,0.0,0.0,0.0,0.0,0.0,0.0,0.0,0.0,0.0,0.0,0.0,0.0,0.0,0.0,0.0,0.0,0.0,0.0,0.0,0.0,0.0,0.0,0.0,0.0,0.0,0.0,0.0,0.0,0.0,0.0,0.0,0.0,nan,nan,4.333581533879374,2.8813151978590064,nan,0.8491222206980754,0.034664628278722354,0.0,0.0,0.0,0.0,0.0,0.0,0.0,0.0,0.0,0.0,0.0,0.0,0.0,0.0,0.0,0.0,0.0,0.0,0.0,0.0,0.0,0.10989010989010992,0.2747252747252748,1.840659340659335,6.593406593406595,12.953296703296706,6.153846153846155,1.6483516483516487,0.370879120879121,0.05494505494505496,0.8488433349162265,0.03399504506091321,0.0,0.0,0.0,0.0,0.0,0.0,0.0,0.0,0.0,0.0,0.0,0.0,0.0,0.0,0.0,0.0,0.0,0.0,0.0,0.0,0.0,0.11970074812967584,0.344139650872818,1.5112219451371522,6.89775561097257,12.67331670822943,6.793017456359104,1.3316708229426437,0.23940149625935167,0.08977556109725687,0.3933,0.011246,0.0,0.0,0.0,0.0,0.0,0.0,0.0,0.0,0.0,0.0,0.17857142857142863,21.46978021978019,8.351648351648354,0.0,0.0,0.0,0.0,0.0,0.0,0.0,0.0,0.0,0.0,0.0,0.0,0.0,0.0,0.0,0.0,0.0,0.3936,0.01095,0.0,0.0,0.0,0.0,0.0,0.0,0.0,0.0,0.0,0.0,0.16458852867830426,21.935162094763058,7.900249376558605,0.0,0.0,0.0,0.0,0.0,0.0,0.0,0.0,0.0,0.0,0.0,0.0,0.0,0.0,0.0,0.0,0.0
60100,4427,2198,0.4964987576236729,1043,972,0.4551615089225209,1272,0.5746555229274904,0.39399999999999996,2.8555406011664424,3.024164981101166,6.447712418300654,2.0393701759813956,8356.151840975828,506.68757688297336,7853.0,8866.4,8866.399999999998,1.8189894035458565e-12,7853.0,0.0,27.87531059408177,20.8357521631928,33.01380617217109,18.978903569343213,0.14750395301558616,0.09622769369776372,0.08674045629094194,0.08674045629094194,0.07860853851366614,0.0790603117235148,0.06844364129207138,0.0646035690083578,0.055342218206460354,0.05895640388524961,0.048791506663654845,0.03772306302236277,0.03162412468940592,0.024847526541676077,0.017167381974248927,0.01106844364129207,0.006550711542805511,0.8493052739738368,0.03512165117525146,0.0,0.0,0.0,0.0,0.0,0.0,0.0,0.0,0.0,0.0,0.0,0.0,0.0,0.0,0.0,0.0,0.0,0.0,0.0,0.0,0.0,0.06776598147729841,0.3930426925683308,1.456968601761911,7.1086514569686035,12.895866275129888,6.051502145922749,1.4908515925005652,0.3930426925683308,0.14230856110232665,4.281872162067761,2.8773707997492255,3.6470588235294117,2.5191309535722186,0.8517439768141534,4.313642756680731,2.8955219476236853,4.246396705559369,2.8548197133167013,0.9844108437080898,0.3933,0.01093,0.0,0.0,0.0,0.0,0.0,0.0,0.0,0.0,0.0,0.0,0.1965213462841654,21.637677885701343,8.15902416986673,0.006776598147729841,0.0,0.0,0.0,0.0,0.0,0.0,0.0,0.0,0.0,0.0,0.0,0.0,0.0,0.0,0.0,0.0,nan,nan,4.278125,2.8757983115683627,nan,0.3933,0.05875,0.0,0.0,0.0,0.0,0.0,0.0,0.0,0.0,0.0,0.0,0.0,0.0,0.0,0.0,0.0,0.0,0.0,0.0,0.0,0.0,1.12943302462164e-05,0.0,7.906031172351479e-05,0.003218884120171674,0.0018748588208719224,0.001242376327083804,0.011192681274000452,0.002575107296137339,0.013474135983736164,0.0084707476846623,0.037463293426699795,0.023063022362773886,0.024045629094194713,0.039812514117912805,0.026214140501468263,0.07846171222046533,0.04958210978088999,0.05230404337022815,0.07573977863112717,0.08631127174158572,0.05871922295007906,0.06564264739100971,0.06615089225208945,0.048486559747007,0.05562457646261577,0.033792636096679464,0.018680822227241923,0.026428732776146376,0.012819064829455613,0.007612378585949853,0.024802349220691213,0.00919358482042015,0.03269708606279648,0.0009713124011746104,4.51773209848656e-05,0.00294782019426248,0.00022588660492432798,1.12943302462164e-05,0.0,0.0,0.0,1.12943302462164e-05,0.0,0.0,0.0,0.0,0.0,0.0,0.0,0.0,0.0,0.0,0.0,0.0,0.0,0.0,0.0,0.0,0.0,0.0,0.0,0.0,0.0,0.0,0.0,0.0,0.0,0.0,0.0,0.0,0.0,0.0,0.0,0.0,0.0,0.0,0.0,0.0,0.0,0.0,0.0,nan,nan,4.278125,2.8757983115683627,nan,0.8491344965784197,0.03548569247388289,0.0,0.0,0.0,0.0,0.0,0.0,0.0,0.0,0.0,0.0,0.0,0.0,0.0,0.0,0.0,0.0,0.0,0.0,0.0,0.0,0.0,0.05459508644222021,0.4640582347588718,1.555959963603271,7.111010009099183,12.82984531392175,5.855323020928118,1.5559599636032762,0.45040946314831676,0.12283894449499548,0.8494736762686448,0.03475811781290077,0.0,0.0,0.0,0.0,0.0,0.0,0.0,0.0,0.0,0.0,0.0,0.0,0.0,0.0,0.0,0.0,0.0,0.0,0.0,0.0,0.0,0.08075370121130553,0.3230148048452221,1.3593539703903053,7.1063257065948875,12.960969044414538,6.244952893674295,1.4266487213997312,0.33647375504710636,0.16150740242261105,0.3933,0.01079,0.0,0.0,0.0,0.0,0.0,0.0,0.0,0.0,0.0,0.0,0.19108280254777074,21.483166515013618,8.312101910828027,0.013648771610555053,0.0,0.0,0.0,0.0,0.0,0.0,0.0,0.0,0.0,0.0,0.0,0.0,0.0,0.0,0.0,0.0,0.393,0.01108,0.0,0.0,0.0,0.0,0.0,0.0,0.0,0.0,0.0,0.0,0.20188425302826385,21.790040376850573,8.008075370121132,0.0,0.0,0.0,0.0,0.0,0.0,0.0,0.0,0.0,0.0,0.0,0.0,0.0,0.0,0.0,0.0,0.0
60200,4300,2198,0.5111627906976745,985,873,0.43209302325581395,1247,0.58,0.38999999999999996,2.967174119885823,3.0316075984462834,6.304416403785489,2.123270360869302,8371.012372093024,506.5737066189172,7853.0,8866.4,8866.399999999998,1.8189894035458565e-12,7853.0,0.0,28.762558139534885,21.306394781196587,33.75496688741722,19.481428373940393,0.13906976744186048,0.09837209302325581,0.08488372093023255,0.08976744186046512,0.07720930232558139,0.06837209302325581,0.06790697674418604,0.06209302325581395,0.05767441860465116,0.05767441860465116,0.04976744186046512,0.0413953488372093,0.03488372093023256,0.03,0.023023255813953487,0.012558139534883722,0.005348837209302326,0.8491249942918156,0.035051019280155596,0.0,0.0,0.0,0.0,0.0,0.0,0.0,0.0,0.0,0.0,0.0,0.0,0.0,0.0,0.0,0.0,0.0,0.0,0.0,0.0,0.006976744186046513,0.08372093023255815,0.36976744186046523,1.6883720930232504,6.704651162790699,13.213953488372097,6.1255813953488385,1.290697674418605,0.32093023255813957,0.19534883720930238,4.301879971077368,2.7672374523907592,4.823529411764706,3.3472604095192455,1.1212608078780717,4.277978339350181,2.735510345715471,4.331902718168813,2.806338260799462,1.012605107960136,0.3936,0.01093,0.0,0.0,0.0,0.0,0.0,0.0,0.0,0.0,0.0,0.0,0.24418604651162795,21.65581395348834,8.093023255813955,0.006976744186046513,0.0,0.0,0.0,0.0,0.0,0.0,0.0,0.0,0.0,0.0,0.0,0.0,0.0,0.0,0.0,0.0,nan,nan,4.305066475026949,2.7714471588300023,nan,0.3936,0.05838,0.0,0.0,0.0,0.0,0.0,0.0,0.0,0.0,0.0,0.0,0.0,0.0,0.0,0.0,0.0,0.0,0.0,0.0,0.0,0.0,1.1627906976744185e-05,0.0,0.00010465116279069767,0.002686046511627907,0.0012906976744186047,0.0010465116279069768,0.010872093023255813,0.0025348837209302325,0.011441860465116279,0.009023255813953489,0.03673255813953488,0.022906976744186045,0.02544186046511628,0.040569767441860465,0.026348837209302325,0.07813953488372093,0.049441860465116276,0.05497674418604651,0.07548837209302325,0.08596511627906976,0.05916279069767442,0.06763953488372093,0.06461627906976744,0.05227906976744186,0.05258139534883721,0.03268604651162791,0.01772093023255814,0.02536046511627907,0.013453488372093023,0.007267441860465116,0.025,0.009453488372093023,0.03327906976744186,0.0008604651162790697,2.325581395348837e-05,0.0033837209302325583,0.00020930232558139534,0.0,0.0,0.0,0.0,0.0,0.0,0.0,0.0,0.0,0.0,0.0,0.0,0.0,0.0,0.0,0.0,0.0,0.0,0.0,0.0,0.0,0.0,0.0,0.0,0.0,0.0,0.0,0.0,0.0,0.0,0.0,0.0,0.0,0.0,0.0,0.0,0.0,0.0,0.0,0.0,0.0,0.0,0.0,0.0,nan,nan,4.305066475026949,2.7714471588300023,nan,0.849591756675111,0.035214871949757726,0.0,0.0,0.0,0.0,0.0,0.0,0.0,0.0,0.0,0.0,0.0,0.0,0.0,0.0,0.0,0.0,0.0,0.0,0.0,0.0,0.013648771610555053,0.027297543221110106,0.36851683348498643,1.665150136487711,6.8653321201091915,13.075523202911741,6.073703366696999,1.310282074613285,0.36851683348498643,0.2320291173794359,0.8486369145018616,0.03487217859776482,0.0,0.0,0.0,0.0,0.0,0.0,0.0,0.0,0.0,0.0,0.0,0.0,0.0,0.0,0.0,0.0,0.0,0.0,0.0,0.0,0.0,0.14272121788772602,0.37107516650808764,1.7126546146527062,6.536631779257851,13.358705994291155,6.179828734538536,1.2702188392007614,0.2711703139866794,0.1569933396764986,0.3936,0.01097,0.0,0.0,0.0,0.0,0.0,0.0,0.0,0.0,0.0,0.0,0.27297543221110104,21.537761601455838,8.175614194722476,0.013648771610555053,0.0,0.0,0.0,0.0,0.0,0.0,0.0,0.0,0.0,0.0,0.0,0.0,0.0,0.0,0.0,0.0,0.3933,0.010895,0.0,0.0,0.0,0.0,0.0,0.0,0.0,0.0,0.0,0.0,0.21408182683158902,21.77925784966695,8.006660323501428,0.0,0.0,0.0,0.0,0.0,0.0,0.0,0.0,0.0,0.0,0.0,0.0,0.0,0.0,0.0,0.0,0.0
60300,4006,2079,0.518971542685971,938,821,0.43909136295556667,1108,0.5531702446330504,0.438,2.916969382459782,3.0544883137685104,6.523992322456814,2.126494098645123,8378.925761357961,506.33512627528273,7853.0,8866.4,8866.399999999998,1.8189894035458565e-12,7853.0,0.0,28.203195207189218,21.150110142426726,33.33741415347865,19.331981448376805,0.14303544682975536,0.0983524712930604,0.09335996005991014,0.08512231652521218,0.07363954068896655,0.07189216175736396,0.07264103844233649,0.06689965052421368,0.0581627558662007,0.044433349975037444,0.047678482276585124,0.04593110334498253,0.032451323015476784,0.025961058412381426,0.021218172740888667,0.013230154767848227,0.005991013479780329,0.8496540713714946,0.03468275326201337,0.0,0.0,0.0,0.0,0.0,0.0,0.0,0.0,0.0,0.0,0.0,0.0,0.0,0.0,0.0,0.0,0.0,0.0,0.0,0.029955067398901653,0.02246630054917624,0.029955067398901653,0.26210683974038945,1.7448826759860154,6.51522715926111,13.232651023464806,6.208187718422368,1.4977533699450827,0.37443834248627067,0.08237643534697954,4.188893234258897,2.818299090676918,4.2727272727272725,2.2193737483152187,1.0200134101730591,4.235981308411215,2.8112338151625798,4.142523364485982,2.8200050573708912,0.9779371207942638,0.3933,0.01089,0.0,0.0,0.0,0.0,0.0,0.0,0.0,0.0,0.0,0.0,0.19470793809286077,21.904643035446796,7.900649026460312,0.0,0.0,0.0,0.0,0.0,0.0,0.0,0.0,0.0,0.0,0.0,0.0,0.0,0.0,0.0,0.0,0.0,nan,nan,4.1892523364485985,2.8160105895355154,nan,0.393,0.05814,0.0,0.0,0.0,0.0,0.0,0.0,0.0,0.0,0.0,0.0,0.0,0.0,0.0,0.0,0.0,0.0,0.0,0.0,0.0,0.0,0.0,0.0,0.00019970044932601097,0.00190963554667998,0.000998502246630055,0.0009360958562156764,0.011607588617074388,0.0032825761357963053,0.01062156764852721,0.009623065401897155,0.03949076385421867,0.021417873190214678,0.025673989016475288,0.04323514727908138,0.02682226660009985,0.07492511233150274,0.04656764852720919,0.05161008487269096,0.07914378432351472,0.08745631552670993,0.05662755866200699,0.07095606590114828,0.06602596105841238,0.05333250124812781,0.04986270594108837,0.03364952571143285,0.01912131802296555,0.02418871692461308,0.014390913629555666,0.006090863704443335,0.02508736894658013,0.0100099850224663,0.03139041437843235,0.0005117324013979032,0.0,0.0029955067398901645,0.00022466300549176235,0.0,0.0,0.0,1.2481278082875686e-05,0.0,0.0,0.0,0.0,0.0,0.0,0.0,0.0,0.0,0.0,0.0,0.0,0.0,0.0,0.0,0.0,0.0,0.0,0.0,0.0,0.0,0.0,0.0,0.0,0.0,0.0,0.0,0.0,0.0,0.0,0.0,0.0,0.0,0.0,0.0,0.0,0.0,0.0,0.0,0.0,nan,nan,4.1892523364485985,2.8160105895355154,nan,0.849976251938413,0.03402490718960306,0.0,0.0,0.0,0.0,0.0,0.0,0.0,0.0,0.0,0.0,0.0,0.0,0.0,0.0,0.0,0.0,0.0,0.0,0.0,0.043290043290043295,0.0,0.014430014430014433,0.2164502164502165,1.803751803751798,6.24819624819625,13.362193362193366,6.3780663780663795,1.5728715728715732,0.28860028860028863,0.07215007215007216,0.8493064774957171,0.03537548430542514,0.0,0.0,0.0,0.0,0.0,0.0,0.0,0.0,0.0,0.0,0.0,0.0,0.0,0.0,0.0,0.0,0.0,0.0,0.0,0.01556824078879087,0.04670472236637261,0.04670472236637261,0.31136481577581737,1.6813700051894085,6.803321224701611,13.092890503373123,6.024909185262066,1.416709911779969,0.46704722366372614,0.09340944473274522,0.3933,0.01101,0.0,0.0,0.0,0.0,0.0,0.0,0.0,0.0,0.0,0.0,0.20202020202020207,21.774891774891742,8.023088023088025,0.0,0.0,0.0,0.0,0.0,0.0,0.0,0.0,0.0,0.0,0.0,0.0,0.0,0.0,0.0,0.0,0.0,0.393,0.01075,0.0,0.0,0.0,0.0,0.0,0.0,0.0,0.0,0.0,0.0,0.18681888946549044,22.044628956927838,7.768552153606644,0.0,0.0,0.0,0.0,0.0,0.0,0.0,0.0,0.0,0.0,0.0,0.0,0.0,0.0,0.0,0.0,0.0
60400,4332,2278,0.525854108956602,1056,868,0.4441366574330563,1203,0.5554016620498615,0.426,2.966407010710808,3.0993514794005277,6.598639455782313,2.153654903051192,8385.900554016622,506.0221546229196,7853.0,8866.4,8866.399999999998,1.8189894035458565e-12,7853.0,0.0,27.944136657433056,20.720842083422784,32.62305805396566,19.061045005715272,0.13342566943674977,0.09787626962142197,0.0951061865189289,0.09349030470914127,0.0884118190212373,0.07663896583564174,0.06602031394275161,0.05771006463527239,0.05493998153277932,0.0530932594644506,0.05263157894736842,0.035318559556786706,0.034164358264081256,0.02723915050784857,0.01731301939058172,0.01084949215143121,0.0057710064635272396,0.8499779051800954,0.035302571082415204,0.0,0.0,0.0,0.0,0.0,0.0,0.0,0.0,0.0,0.0,0.0,0.0,0.0,0.0,0.0,0.0,0.0,0.0,0.0069252077562326885,0.020775623268698064,0.013850415512465377,0.05540166204986151,0.31855955678670367,1.385041551246533,6.897506925207758,13.054016620498619,6.073407202216068,1.6551246537396127,0.3947368421052633,0.1246537396121884,4.160387513455328,2.918908008447963,4.7894736842105265,2.5252190601884537,1.1512085517804862,4.118571428571428,2.9186979904031993,4.2105263157894735,2.914339420981585,1.022326889022765,0.3938,0.01062,0.0,0.0,0.0,0.0,0.0,0.0,0.0,0.0,0.0,0.0,0.1939058171745153,21.34349030470911,8.455678670360113,0.0069252077562326885,0.0,0.0,0.0,0.0,0.0,0.0,0.0,0.0,0.0,0.0,0.0,0.0,0.0,0.0,0.0,0.0,nan,nan,4.164647184604419,2.916877241873564,nan,0.3938,0.0578,0.0,0.0,0.0,0.0,0.0,0.0,0.0,0.0,0.0,0.0,0.0,0.0,0.0,0.0,0.0,0.0,0.0,0.0,0.0,0.0,0.0,0.0,0.00017313019390581717,0.001084949215143121,0.0008656509695290858,0.0010734072022160666,0.01038781163434903,0.003208679593721145,0.01030701754385965,0.009118190212373038,0.0389196675900277,0.0203601108033241,0.02476915974145891,0.044967682363804246,0.0270544783010157,0.07681209602954756,0.047460757156048014,0.049630655586334255,0.0809556786703601,0.08650738688827332,0.05668282548476454,0.07169898430286242,0.06720914127423823,0.051812096029547554,0.047183748845798706,0.03457987072945522,0.019159741458910435,0.025715604801477377,0.014796860572483842,0.005955678670360111,0.02726223453370268,0.009972299168975069,0.030055401662049862,0.0007156048014773776,0.0,0.003404893813481071,0.00012696214219759926,0.0,0.0,0.0,1.1542012927054478e-05,0.0,0.0,0.0,0.0,0.0,0.0,0.0,0.0,0.0,0.0,0.0,0.0,0.0,0.0,0.0,0.0,0.0,0.0,0.0,0.0,0.0,0.0,0.0,0.0,0.0,0.0,0.0,0.0,0.0,0.0,0.0,0.0,0.0,0.0,0.0,0.0,0.0,0.0,0.0,0.0,nan,nan,4.164647184604419,2.916877241873564,nan,0.8492862603138999,0.035166552090971415,0.0,0.0,0.0,0.0,0.0,0.0,0.0,0.0,0.0,0.0,0.0,0.0,0.0,0.0,0.0,0.0,0.0,0.0,0.013169446883230908,0.026338893766461816,0.0,0.06584723441615453,0.31606672519754175,1.3432835820895481,7.137840210711151,13.235294117647062,5.913081650570677,1.4486391571553998,0.35557506584723453,0.14486391571553997,0.8507449777240066,0.03543702913850575,0.0,0.0,0.0,0.0,0.0,0.0,0.0,0.0,0.0,0.0,0.0,0.0,0.0,0.0,0.0,0.0,0.0,0.0,0.0,0.014605647517039926,0.029211295034079852,0.04381694255111977,0.32132424537487836,1.431353456669908,6.630963972736127,12.852969814995134,6.2512171372930885,1.8841285296981505,0.43816942551119775,0.10223953261927948,0.3936,0.01064,0.0,0.0,0.0,0.0,0.0,0.0,0.0,0.0,0.0,0.0,0.23705004389815632,21.690079016681267,8.059701492537314,0.013169446883230908,0.0,0.0,0.0,0.0,0.0,0.0,0.0,0.0,0.0,0.0,0.0,0.0,0.0,0.0,0.0,0.0,0.394,0.01058,0.0,0.0,0.0,0.0,0.0,0.0,0.0,0.0,0.0,0.0,0.14605647517039924,20.959104186952256,8.894839337877315,0.0,0.0,0.0,0.0,0.0,0.0,0.0,0.0,0.0,0.0,0.0,0.0,0.0,0.0,0.0,0.0,0.0
60500,4388,2263,0.5157247037374658,1099,886,0.45237010027347313,1214,0.5533272561531449,0.40599999999999997,2.9783529411764706,3.1250791414200068,6.631932773109244,2.172553497928854,8375.635414767548,506.4493583332751,7853.0,8866.4,8866.4,0.0,7853.0,0.0,27.490656335460347,20.56380900669093,32.29810298102981,18.893569307332235,0.13742023701002734,0.1048313582497721,0.09731084776663627,0.08158614402917047,0.08591613491340018,0.07839562443026436,0.06996353691886964,0.061759343664539654,0.059708295350957154,0.050592525068368276,0.046718322698268006,0.03896991795806746,0.032133090246125796,0.020966271649954422,0.016408386508659983,0.011166818596171376,0.006153144940747493,0.8494357996863893,0.03421928047649135,0.0,0.0,0.0,0.0,0.0,0.0,0.0,0.0,0.0,0.0,0.0,0.0,0.0,0.0,0.0,0.0,0.0,0.0,0.0,0.0,0.0,0.04102096627164996,0.30765724703737474,1.7160437556973511,6.672743846855061,12.825888787602556,6.556517775752052,1.5177757520510486,0.24612579762989978,0.11622607110300823,4.252849002849003,2.945521324279754,3.769230769230769,2.3584168795009064,0.8862837045720984,4.2837741243745535,2.9334215315548073,4.218002812939522,2.9525572515160707,0.9846464100287654,0.394,0.01083,0.0,0.0,0.0,0.0,0.0,0.0,0.0,0.0,0.0,0.0,0.21877848678213313,21.17365542388329,8.60756608933455,0.0,0.0,0.0,0.0,0.0,0.0,0.0,0.0,0.0,0.0,0.0,0.0,0.0,0.0,0.0,0.0,0.0,nan,nan,4.250620347394541,2.9432666632454523,nan,0.394,0.0581,0.0,0.0,0.0,0.0,0.0,0.0,0.0,0.0,0.0,0.0,0.0,0.0,0.0,0.0,0.0,0.0,0.0,0.0,0.0,0.0,0.0,0.0,0.00045578851412944393,0.0008090246125797629,0.0007976298997265269,0.0013445761166818596,0.010312215132178669,0.002427073837739289,0.010209662716499545,0.010346399270738377,0.03869644484958979,0.02105742935278031,0.025660893345487695,0.044074749316317226,0.02827028258887876,0.07503418413855971,0.04518003646308113,0.04916818596171377,0.07966043755697357,0.08567684594348222,0.05935505925250684,0.07315405651777575,0.06842525068368277,0.049897447584320874,0.047869188696444846,0.03057201458523245,0.02070419325432999,0.027096627164995443,0.014448495897903374,0.006118960802187785,0.026994074749316317,0.010300820419325432,0.03146080218778487,0.0010597082953509572,2.2789425706472198e-05,0.003258887876025524,7.97629899726527e-05,0.0,0.0,0.0,0.0,0.0,0.0,0.0,0.0,0.0,0.0,0.0,0.0,0.0,0.0,0.0,0.0,0.0,0.0,0.0,0.0,0.0,0.0,0.0,0.0,0.0,0.0,0.0,0.0,0.0,0.0,0.0,0.0,0.0,0.0,0.0,0.0,0.0,0.0,0.0,0.0,0.0,0.0,0.0,0.0,nan,nan,4.250620347394541,2.9432666632454523,nan,0.8496376459860876,0.03504408554486869,0.0,0.0,0.0,0.0,0.0,0.0,0.0,0.0,0.0,0.0,0.0,0.0,0.0,0.0,0.0,0.0,0.0,0.0,0.0,0.0,0.0,0.026513477684489622,0.2651347768448962,1.7366327883340644,6.946531153336281,12.580645161290326,6.403004860804244,1.5377817057003982,0.31816173221387545,0.18559434379142736,0.8492208452505224,0.033317124394718255,0.0,0.0,0.0,0.0,0.0,0.0,0.0,0.0,0.0,0.0,0.0,0.0,0.0,0.0,0.0,0.0,0.0,0.0,0.0,0.0,0.0,0.056470588235294134,0.3529411764705883,1.6941176470588182,6.381176470588237,13.087058823529416,6.7200000000000015,1.4964705882352944,0.16941176470588237,0.04235294117647059,0.3938,0.01082,0.0,0.0,0.0,0.0,0.0,0.0,0.0,0.0,0.0,0.0,0.23862129916040659,21.44940344675207,8.311975254087496,0.0,0.0,0.0,0.0,0.0,0.0,0.0,0.0,0.0,0.0,0.0,0.0,0.0,0.0,0.0,0.0,0.0,0.3943,0.01084,0.0,0.0,0.0,0.0,0.0,0.0,0.0,0.0,0.0,0.0,0.19764705882352945,20.87999999999997,8.922352941176472,0.0,0.0,0.0,0.0,0.0,0.0,0.0,0.0,0.0,0.0,0.0,0.0,0.0,0.0,0.0,0.0,0.0
60600,4361,2233,0.5120385232744783,1067,901,0.4512726438890163,1249,0.5728044026599404,0.39399999999999996,2.9107142857142856,3.045938664342861,6.533783783783784,2.0816623442366224,8371.899839486356,506.5531106572212,7853.0,8866.4,8866.400000000001,1.8189894035458565e-12,7853.0,0.0,28.199954138958955,20.729349921667115,32.97424776362158,18.960092439734314,0.13460215546892915,0.09814262783765192,0.09516166016968586,0.0777344645723458,0.08576014675533135,0.07635863334097684,0.07475349690437973,0.05984865856454941,0.05984865856454941,0.05388672322861729,0.04930061912405412,0.04196285255675304,0.03256133914239853,0.029809676679660627,0.014675533134602155,0.009860123824810824,0.005732630130703967,0.8494873633900796,0.034586322228491596,0.0,0.0,0.0,0.0,0.0,0.0,0.0,0.0,0.0,0.0,0.0,0.0,0.0,0.0,0.0,0.0,0.0,0.0,0.0,0.0,0.006879156156844762,0.055033249254758096,0.28892455858748,1.6785141022701162,6.9754643430405885,12.692043109378586,6.177482228846596,1.623480853015364,0.405870213253841,0.09630818619582666,4.2287234042553195,2.8165842073784444,3.642857142857143,2.7673386611157884,0.8614555256064689,4.15292459478506,2.8418268453300186,4.300565770862801,2.7895617146206,1.035551133353863,0.3933,0.01077,0.0,0.0,0.0,0.0,0.0,0.0,0.0,0.0,0.0,0.0,0.13758312313689525,21.91011235955053,7.9454253611557,0.006879156156844762,0.0,0.0,0.0,0.0,0.0,0.0,0.0,0.0,0.0,0.0,0.0,0.0,0.0,0.0,0.0,0.0,nan,nan,4.225829216654905,2.8166425769451133,nan,0.3933,0.05878,0.0,0.0,0.0,0.0,0.0,0.0,0.0,0.0,0.0,0.0,0.0,0.0,0.0,0.0,0.0,0.0,0.0,0.0,0.0,0.0,0.0,0.0,0.00105480394404953,0.001238248108232057,0.0009630818619582664,0.001192387067186425,0.011235955056179775,0.0029236413666590233,0.00927539555147902,0.010662692043109379,0.03991057096996102,0.021852786058243524,0.02635863334097684,0.046973171290988304,0.028089887640449437,0.07675991745012611,0.0440724604448521,0.05063058931437744,0.07406558128869525,0.08464801650997478,0.0570855308415501,0.07241458381105251,0.06609722540701674,0.0502866315065352,0.04842925934418711,0.03144920889704196,0.02130245356569594,0.02814721394175648,0.014629672093556523,0.006592524650309562,0.02696629213483146,0.009527631277229992,0.03018803026828709,0.0013299701903233202,1.1465260261407934e-05,0.00343957807842238,0.000171978903921119,2.293052052281587e-05,0.0,0.0,0.0,0.0,0.0,0.0,0.0,0.0,0.0,0.0,0.0,0.0,0.0,0.0,0.0,0.0,0.0,0.0,0.0,0.0,0.0,0.0,0.0,0.0,0.0,0.0,0.0,0.0,0.0,0.0,0.0,0.0,0.0,0.0,0.0,0.0,0.0,0.0,0.0,0.0,0.0,0.0,0.0,nan,nan,4.225829216654905,2.8166425769451133,nan,0.8500008618836973,0.03398267318147012,0.0,0.0,0.0,0.0,0.0,0.0,0.0,0.0,0.0,0.0,0.0,0.0,0.0,0.0,0.0,0.0,0.0,0.0,0.0,0.0,0.0,0.026869682042095843,0.2686968204209584,1.625615763546793,6.798029556650248,12.937751903269147,6.112852664576804,1.7733990147783256,0.34930586654724594,0.10747872816838337,0.8489485277997372,0.03520057681466761,0.0,0.0,0.0,0.0,0.0,0.0,0.0,0.0,0.0,0.0,0.0,0.0,0.0,0.0,0.0,0.0,0.0,0.0,0.0,0.0,0.014097744360902258,0.08458646616541354,0.3101503759398497,1.7340225563909721,7.161654135338347,12.434210526315793,6.245300751879701,1.4661654135338351,0.46522556390977454,0.08458646616541354,0.3933,0.010735,0.0,0.0,0.0,0.0,0.0,0.0,0.0,0.0,0.0,0.0,0.09404388714733544,21.885356023287024,8.020600089565608,0.0,0.0,0.0,0.0,0.0,0.0,0.0,0.0,0.0,0.0,0.0,0.0,0.0,0.0,0.0,0.0,0.0,0.3933,0.0108,0.0,0.0,0.0,0.0,0.0,0.0,0.0,0.0,0.0,0.0,0.1832706766917294,21.93609022556388,7.86654135338346,0.014097744360902258,0.0,0.0,0.0,0.0,0.0,0.0,0.0,0.0,0.0,0.0,0.0,0.0,0.0,0.0,0.0,0.0
60700,4036,2100,0.5203171456888008,1012,813,0.4521803766105055,1122,0.55599603567889,0.426,3.0371900826446283,3.142559945880963,6.659889094269871,2.1860841997005767,8380.289395441028,506.28150943459576,7853.0,8866.4,8866.399999999998,1.8189894035458565e-12,7853.0,0.0,27.978691774033695,20.74670360512321,32.979603901862255,18.929475290734004,0.13850346878097125,0.09762140733399405,0.09390485629335976,0.08721506442021804,0.07804757185332012,0.07978196233894945,0.06739345887016848,0.06268582755203171,0.058225966303270565,0.056739345887016845,0.047819623389494546,0.038156590683845394,0.034935579781962336,0.02626362735381566,0.019573835480673936,0.006689791873141724,0.006442021803766105,0.8508548773049835,0.03436602561751697,0.0,0.0,0.0,0.0,0.0,0.0,0.0,0.0,0.0,0.0,0.0,0.0,0.0,0.0,0.0,0.0,0.0,0.0,0.0,0.0,0.0,0.06689791873141726,0.23042616451932613,1.538652130822592,6.578295341922698,13.052527254707634,6.451932606541131,1.5460852329038657,0.3642220019821606,0.17096134786917744,4.254826254826255,2.8994617175720556,3.5714285714285716,2.969229955832361,0.839382940108893,4.289799072642968,2.915121444359112,4.2129770992366415,2.885020458381029,0.9820919413461023,0.3938,0.01093,0.0,0.0,0.0,0.0,0.0,0.0,0.0,0.0,0.0,0.0,0.1858275520317146,21.52626362735378,8.280475718533204,0.007433102081268584,0.0,0.0,0.0,0.0,0.0,0.0,0.0,0.0,0.0,0.0,0.0,0.0,0.0,0.0,0.0,0.0,nan,nan,4.251152073732719,2.900271886175491,nan,0.3938,0.0585,0.0,0.0,0.0,0.0,0.0,0.0,0.0,0.0,0.0,0.0,0.0,0.0,0.0,0.0,0.0,0.0,0.0,0.0,0.0,0.0,0.0,0.0,0.0010530227948463825,0.0010654112983151636,0.0010158572844400397,0.0006442021803766105,0.00994796828543112,0.00255203171456888,0.00904360753221011,0.009972745292368681,0.04103072348860258,0.02003221010901883,0.024653121902874133,0.04555252725470763,0.030537661050545093,0.07943508424182359,0.04390485629335976,0.05423686818632309,0.07483894945490585,0.08885034687809712,0.056330525272547075,0.07134539147670961,0.06376362735381566,0.04816650148662042,0.04598612487611497,0.03048810703666997,0.021357779980178394,0.02844400396432111,0.014197224975222992,0.006541129831516353,0.028852824578790882,0.011335480673934589,0.02973240832507433,0.0013999008919722497,9.910802775024777e-05,0.0033077304261645195,0.00027254707631318135,0.0,1.238850346878097e-05,0.0,0.0,0.0,0.0,0.0,0.0,0.0,0.0,0.0,0.0,0.0,0.0,0.0,0.0,0.0,0.0,0.0,0.0,0.0,0.0,0.0,0.0,0.0,0.0,0.0,0.0,0.0,0.0,0.0,0.0,0.0,0.0,0.0,0.0,0.0,0.0,0.0,0.0,0.0,0.0,0.0,0.0,nan,nan,4.251152073732719,2.900271886175491,nan,0.8509489984455563,0.03402645698197827,0.0,0.0,0.0,0.0,0.0,0.0,0.0,0.0,0.0,0.0,0.0,0.0,0.0,0.0,0.0,0.0,0.0,0.0,0.0,0.0,0.0,0.057142857142857155,0.22857142857142862,1.599999999999995,6.414285714285716,13.042857142857146,6.585714285714287,1.5000000000000004,0.45714285714285724,0.11428571428571431,0.8507527830925855,0.03473031735659685,0.0,0.0,0.0,0.0,0.0,0.0,0.0,0.0,0.0,0.0,0.0,0.0,0.0,0.0,0.0,0.0,0.0,0.0,0.0,0.0,0.0,0.07747933884297523,0.23243801652892568,1.4721074380165244,6.75619834710744,13.063016528925624,6.3068181818181825,1.5960743801652897,0.26342975206611574,0.23243801652892568,0.3936,0.01089,0.0,0.0,0.0,0.0,0.0,0.0,0.0,0.0,0.0,0.0,0.17142857142857146,21.67142857142854,8.157142857142858,0.0,0.0,0.0,0.0,0.0,0.0,0.0,0.0,0.0,0.0,0.0,0.0,0.0,0.0,0.0,0.0,0.0,0.3938,0.01099,0.0,0.0,0.0,0.0,0.0,0.0,0.0,0.0,0.0,0.0,0.2014462809917356,21.368801652892532,8.41425619834711,0.015495867768595045,0.0,0.0,0.0,0.0,0.0,0.0,0.0,0.0,0.0,0.0,0.0,0.0,0.0,0.0,0.0,0.0
60800,4197,2165,0.5158446509411484,1062,845,0.45437217059804624,1166,0.5556349773647844,0.426,3.0083661417322833,3.2143607524735915,6.859459459459459,2.267291052517284,8375.756969263759,506.4455190225919,7853.0,8866.4,8866.4,0.0,7853.0,0.0,28.319752203955208,20.93999558140639,33.32567375886525,19.103214437654557,0.1362878246366452,0.09745055992375506,0.08839647367167024,0.08386943054562783,0.08410769597331427,0.07958065284727187,0.07314748629973791,0.06051941863235644,0.05408625208482249,0.05908982606623779,0.045746962115797,0.0407433881343817,0.03359542530378842,0.025494400762449368,0.017155110793423873,0.013104598522754349,0.007624493685966166,0.8497246770822409,0.03385861762829679,0.0,0.0,0.0,0.0,0.0,0.0,0.0,0.0,0.0,0.0,0.0,0.0,0.0,0.0,0.0,0.0,0.0,0.0,0.0,0.0,0.021443888491779847,0.09292351679771269,0.2859185132237313,1.4724803431022113,6.411722659042175,13.638313080771983,6.154395997140816,1.5010721944245895,0.32880629020729096,0.09292351679771269,4.179730222384251,2.9999631180358075,4.2631578947368425,3.192789660653285,1.019960061514449,4.160349854227405,2.9954682769646768,4.197984161267098,3.007137460445171,1.0090459476626592,0.3938,0.01085,0.0,0.0,0.0,0.0,0.0,0.0,0.0,0.0,0.0,0.0,0.12866333095067908,21.286633309506758,8.584703359542532,0.0,0.0,0.0,0.0,0.0,0.0,0.0,0.0,0.0,0.0,0.0,0.0,0.0,0.0,0.0,0.0,0.0,nan,nan,4.180304127443881,3.0013398253909087,nan,0.3938,0.0585,0.0,0.0,0.0,0.0,0.0,0.0,0.0,0.0,0.0,0.0,0.0,0.0,0.0,0.0,0.0,0.0,0.0,0.0,0.0,0.0,0.0,0.0,0.0009768882535144152,0.0007743626399809388,0.0005241839409101739,0.0005003573981415296,0.011543959971408148,0.0022277817488682394,0.01004288777698356,0.008911126995472958,0.039754586609482966,0.01993090302597093,0.026316416487967596,0.045842268286871574,0.02874672385036931,0.0779842744817727,0.04485346676197284,0.05356206814391232,0.07463664522277817,0.09239933285680248,0.05696926375982845,0.0727662616154396,0.06031689301882297,0.04848701453419109,0.04541339051703598,0.03080771979985704,0.019180366928758637,0.028365499166071003,0.016321181796521325,0.007362401715511079,0.028651417679294734,0.01211579699785561,0.027591136526090063,0.001584465094114844,0.00032165832737669764,0.0038479866571360494,0.00022635215630212056,0.0,0.0001429592566118656,0.0,0.0,0.0,0.0,0.0,0.0,0.0,0.0,0.0,0.0,0.0,0.0,0.0,0.0,0.0,0.0,0.0,0.0,0.0,0.0,0.0,0.0,0.0,0.0,0.0,0.0,0.0,0.0,0.0,0.0,0.0,0.0,0.0,0.0,0.0,0.0,0.0,0.0,0.0,0.0,0.0,0.0,nan,nan,4.180304127443881,3.0013398253909087,nan,0.850161241741709,0.03428212740770689,0.0,0.0,0.0,0.0,0.0,0.0,0.0,0.0,0.0,0.0,0.0,0.0,0.0,0.0,0.0,0.0,0.0,0.0,0.0,0.0,0.027713625866050817,0.12471131639722867,0.29099307159353355,1.34411085450346,6.401847575057738,13.482678983833722,6.3741339491916875,1.5381062355658204,0.31870669745958435,0.09699769053117785,0.8492595380626795,0.03339520092481121,0.0,0.0,0.0,0.0,0.0,0.0,0.0,0.0,0.0,0.0,0.0,0.0,0.0,0.0,0.0,0.0,0.0,0.0,0.0,0.0,0.014763779527559058,0.059055118110236234,0.2805118110236221,1.6092519685039322,6.422244094488191,13.80413385826772,5.920275590551182,1.4616141732283467,0.33956692913385833,0.08858267716535434,0.3936,0.01088,0.0,0.0,0.0,0.0,0.0,0.0,0.0,0.0,0.0,0.0,0.15242494226327946,21.353348729792117,8.494226327944574,0.0,0.0,0.0,0.0,0.0,0.0,0.0,0.0,0.0,0.0,0.0,0.0,0.0,0.0,0.0,0.0,0.0,0.3943,0.0108,0.0,0.0,0.0,0.0,0.0,0.0,0.0,0.0,0.0,0.0,0.10334645669291341,21.21555118110233,8.681102362204726,0.0,0.0,0.0,0.0,0.0,0.0,0.0,0.0,0.0,0.0,0.0,0.0,0.0,0.0,0.0,0.0,0.0
60900,4541,2364,0.5205901783748074,1053,948,0.44065183880202596,1314,0.5787271526095573,0.39799999999999996,2.991272393201654,3.042255933458387,6.557723577235772,2.0583760324756333,8380.566086765028,506.2701812502037,7853.0,8866.4,8866.4,0.0,7853.0,0.0,27.90971151728694,21.124138814036453,32.91140904311251,19.440066331728403,0.1404976877339793,0.10482272627174631,0.09425236731997358,0.08478308742567717,0.08214049768773397,0.07223078617044704,0.06936798062100859,0.06077956397269324,0.05703589517727373,0.04976877339792997,0.044924025545034135,0.03809733538868091,0.03611539308522352,0.02884827130587976,0.017837480731116493,0.010790574763268003,0.007707553402334287,0.8498812050211406,0.0343451701777873,0.0,0.0,0.0,0.0,0.0,0.0,0.0,0.0,0.0,0.0,0.0,0.0,0.0,0.0,0.0,0.0,0.0,0.0,0.0,0.006606474344857963,0.0,0.07927769213829554,0.23783307641488663,1.4996696762827526,6.9896498568597245,12.631578947368425,6.566835498788815,1.5657344197313372,0.35674961462232996,0.06606474344857963,4.40103986135182,2.893786858926012,4.6,2.8879058156387303,1.0452075293376386,4.364010989010989,2.84043050441807,4.439226519337017,2.946185371205734,1.017235412677793,0.3933,0.01073,0.0,0.0,0.0,0.0,0.0,0.0,0.0,0.0,0.0,0.0,0.17176833296630703,22.039198414446126,7.789033252587537,0.0,0.0,0.0,0.0,0.0,0.0,0.0,0.0,0.0,0.0,0.0,0.0,0.0,0.0,0.0,0.0,0.0,nan,nan,4.402409638554217,2.8937931757595132,nan,0.3933,0.0584,0.0,0.0,0.0,0.0,0.0,0.0,0.0,0.0,0.0,0.0,0.0,0.0,0.0,0.0,0.0,0.0,0.0,0.0,0.0,0.0,0.0,0.0,0.001024003523452984,0.000737722968509139,0.00039638846069147766,0.000946927989429641,0.013466196872935477,0.001640607795639727,0.009414225941422594,0.008401233208544374,0.042898040079277694,0.019995595683770094,0.026458929751156133,0.045188284518828455,0.02611759524333847,0.07470821404976877,0.04686192468619247,0.052983924245760844,0.07503853776701166,0.0923585113411143,0.05764148865888571,0.07465316009689496,0.06291565734419731,0.049757762607355205,0.042975115613301036,0.03143580709094913,0.020006606474344858,0.027207663510240034,0.015349042061219996,0.007465316009689495,0.0260184981281656,0.013102840783968289,0.026602070028628057,0.00168465095793878,0.0003743668795419511,0.0037546795859942743,0.0003193129266681348,1.1010790574763269e-05,8.808632459810615e-05,0.0,0.0,0.0,0.0,0.0,0.0,0.0,0.0,0.0,0.0,0.0,0.0,0.0,0.0,0.0,0.0,0.0,0.0,0.0,0.0,0.0,0.0,0.0,0.0,0.0,0.0,0.0,0.0,0.0,0.0,0.0,0.0,0.0,0.0,0.0,0.0,0.0,0.0,0.0,0.0,0.0,0.0,nan,nan,4.402409638554217,2.8937931757595132,nan,0.8495313025216766,0.0341240753586107,0.0,0.0,0.0,0.0,0.0,0.0,0.0,0.0,0.0,0.0,0.0,0.0,0.0,0.0,0.0,0.0,0.0,0.0,0.0,0.0,0.0,0.05076142131979697,0.2538071065989848,1.535532994923853,6.992385786802032,12.855329949238582,6.345177664974621,1.5736040609137059,0.30456852791878175,0.0888324873096447,0.8502611634541828,0.034579646242770545,0.0,0.0,0.0,0.0,0.0,0.0,0.0,0.0,0.0,0.0,0.0,0.0,0.0,0.0,0.0,0.0,0.0,0.0,0.0,0.013780431786862658,0.0,0.11024345429490126,0.22048690858980252,1.460725769407437,6.986678915939367,12.38860817638953,6.807533302710153,1.5571887919154805,0.41341295360587976,0.04134129536058797,0.3933,0.010796,0.0,0.0,0.0,0.0,0.0,0.0,0.0,0.0,0.0,0.0,0.16497461928934015,22.13197969543144,7.703045685279189,0.0,0.0,0.0,0.0,0.0,0.0,0.0,0.0,0.0,0.0,0.0,0.0,0.0,0.0,0.0,0.0,0.0,0.3936,0.01065,0.0,0.0,0.0,0.0,0.0,0.0,0.0,0.0,0.0,0.0,0.17914561322921457,21.938447404685316,7.88240698208544,0.0,0.0,0.0,0.0,0.0,0.0,0.0,0.0,0.0,0.0,0.0,0.0,0.0,0.0,0.0,0.0,0.0
61000,4582,2330,0.5085115670013095,1147,936,0.45460497599301614,1279,0.558271497162811,0.39399999999999996,2.887211367673179,3.0537918431678186,6.543973941368078,2.086997400371663,8368.325621999127,506.6265771207902,7853.0,8866.4,8866.4,0.0,7853.0,0.0,27.852247926669577,20.820893272123058,32.72269779507133,19.109355338780933,0.13858577040593628,0.10257529463116544,0.08991706678306416,0.08773461370580532,0.07878655608904409,0.0814054997817547,0.06918376254910519,0.06569183762549105,0.05652553470100393,0.05608904408555216,0.04386730685290266,0.033828022697512006,0.031209079004801396,0.02859013531209079,0.017023134002618942,0.010912265386294195,0.008075076385857704,0.8517482561973545,0.034918490036322775,0.0,0.0,0.0,0.0,0.0,0.0,0.0,0.0,0.0,0.0,0.0,0.0,0.0,0.0,0.0,0.0,0.0,0.0,0.0,0.013094718463553036,0.006547359231776518,0.052378873854212145,0.25534701003928423,1.5189873417721471,6.174159755565257,13.166739415102578,6.724137931034484,1.5058926233085992,0.3928415539065911,0.18987341772151903,4.117567567567567,2.839221348725077,4.0,2.6076809620810595,0.971447325237939,4.0825503355704695,2.82044861831237,4.152027027027027,2.8560975453332698,1.017017963220495,0.393,0.010765,0.0,0.0,0.0,0.0,0.0,0.0,0.0,0.0,0.0,0.0,0.17023134002618948,22.084242688782158,7.738978611959844,0.006547359231776518,0.0,0.0,0.0,0.0,0.0,0.0,0.0,0.0,0.0,0.0,0.0,0.0,0.0,0.0,0.0,0.0,nan,nan,4.1171717171717175,2.838481611601897,nan,0.393,0.0584,0.0,0.0,0.0,0.0,0.0,0.0,0.0,0.0,0.0,0.0,0.0,0.0,0.0,0.0,0.0,0.0,0.0,0.0,0.0,0.0,0.0,0.0,0.0007529463116542995,0.0007529463116542995,0.000501964207769533,0.001233085988651244,0.014491488432998691,0.0018223483195111306,0.00892623308598865,0.008707987778262767,0.0428633784373636,0.01964207769532955,0.02718245307725884,0.04636621562636403,0.02477084242688782,0.07413793103448275,0.04602793539938891,0.051494980357922306,0.07685508511567002,0.09463116542994325,0.05707114797031864,0.07333042339589699,0.061730685290266256,0.049399825403753816,0.0452968136185072,0.031831078131820165,0.02039502400698385,0.027062418158009603,0.015462680052378873,0.006110868616324749,0.023930597992143168,0.015255347010039284,0.025491051942383238,0.001953295504146661,0.00029463116542994324,0.003961152335224792,0.0001855085115670013,2.182453077258839e-05,5.456132693147097e-05,0.0,0.0,0.0,0.0,0.0,0.0,0.0,0.0,0.0,0.0,0.0,0.0,0.0,0.0,0.0,0.0,0.0,0.0,0.0,0.0,0.0,0.0,0.0,0.0,0.0,0.0,0.0,0.0,0.0,0.0,0.0,0.0,0.0,0.0,0.0,0.0,0.0,0.0,0.0,0.0,0.0,0.0,nan,nan,4.1171717171717175,2.838481611601897,nan,0.85061342237845,0.035131994435354884,0.0,0.0,0.0,0.0,0.0,0.0,0.0,0.0,0.0,0.0,0.0,0.0,0.0,0.0,0.0,0.0,0.0,0.0,0.0,0.025751072961373397,0.012875536480686699,0.03862660944206009,0.28326180257510736,1.6223175965665186,6.437768240343349,13.094420600858372,6.399141630901289,1.493562231759657,0.4377682403433477,0.15450643776824036,0.8529223959833436,0.03465711737644601,0.0,0.0,0.0,0.0,0.0,0.0,0.0,0.0,0.0,0.0,0.0,0.0,0.0,0.0,0.0,0.0,0.0,0.0,0.0,0.0,0.0,0.066607460035524,0.22646536412078158,1.4120781527531039,5.901420959147426,13.241563055062171,7.060390763765543,1.518650088809947,0.3463587921847248,0.22646536412078158,0.393,0.010956,0.0,0.0,0.0,0.0,0.0,0.0,0.0,0.0,0.0,0.0,0.1673819742489271,22.107296137339024,7.725321888412019,0.0,0.0,0.0,0.0,0.0,0.0,0.0,0.0,0.0,0.0,0.0,0.0,0.0,0.0,0.0,0.0,0.0,0.393,0.01057,0.0,0.0,0.0,0.0,0.0,0.0,0.0,0.0,0.0,0.0,0.1731793960923624,22.060390763765508,7.753108348134993,0.013321492007104798,0.0,0.0,0.0,0.0,0.0,0.0,0.0,0.0,0.0,0.0,0.0,0.0,0.0,0.0,0.0,0.0
61100,4360,2225,0.5103211009174312,1082,886,0.45137614678899085,1224,0.5614678899082569,0.414,3.1053864168618266,3.1309655420316065,6.5206106870229,2.1548708382061874,8370.159403669724,506.59203593707775,7853.0,8866.4,8866.4,0.0,7853.0,0.0,28.75321100917431,21.12006120024902,33.68958956238108,19.287847691565972,0.13646788990825687,0.0963302752293578,0.0889908256880734,0.08188073394495413,0.08577981651376147,0.06376146788990826,0.0676605504587156,0.06811926605504587,0.06077981651376147,0.05733944954128441,0.05481651376146789,0.03876146788990826,0.030504587155963304,0.030275229357798167,0.019954128440366974,0.011467889908256881,0.0071100917431192664,0.851821541909231,0.03417916769312294,0.0,0.0,0.0,0.0,0.0,0.0,0.0,0.0,0.0,0.0,0.0,0.0,0.0,0.0,0.0,0.0,0.0,0.0,0.0,0.0,0.00688073394495413,0.01376146788990826,0.2821100917431193,1.4587155963302707,6.192660550458717,13.052752293577985,6.846330275229359,1.6032110091743124,0.38532110091743127,0.15825688073394498,4.284063047285464,2.8765995242030136,4.0,2.23606797749979,0.9336930749734281,4.378186968838527,2.873396604084227,4.190902825637491,2.873645057795631,0.9572233564865962,0.3936,0.01088,0.0,0.0,0.0,0.0,0.0,0.0,0.0,0.0,0.0,0.0,0.19954128440366978,21.653669724770612,8.139908256880735,0.00688073394495413,0.0,0.0,0.0,0.0,0.0,0.0,0.0,0.0,0.0,0.0,0.0,0.0,0.0,0.0,0.0,0.0,nan,nan,4.283269297939224,2.875047637344484,nan,0.3936,0.05893,0.0,0.0,0.0,0.0,0.0,0.0,0.0,0.0,0.0,0.0,0.0,0.0,0.0,0.0,0.0,0.0,0.0,0.0,0.0,0.0,0.0,0.0,0.000768348623853211,0.0007339449541284404,0.0004931192660550459,0.0016513761467889909,0.015114678899082568,0.0022247706422018347,0.008979357798165138,0.009094036697247707,0.04113532110091743,0.020045871559633027,0.025722477064220182,0.04443807339449541,0.024472477064220184,0.07510321100917432,0.0463302752293578,0.0525802752293578,0.0792316513761468,0.09204128440366972,0.05694954128440367,0.07239678899082569,0.06284403669724771,0.04955275229357798,0.041605504587155964,0.03113532110091743,0.02121559633027523,0.025561926605504586,0.016272935779816512,0.006639908256880734,0.025768348623853212,0.014690366972477064,0.02864678899082569,0.0020642201834862386,0.0006192660550458716,0.00356651376146789,0.00022935779816513763,0.0,8.027522935779816e-05,0.0,0.0,0.0,0.0,0.0,0.0,0.0,0.0,0.0,0.0,0.0,0.0,0.0,0.0,0.0,0.0,0.0,0.0,0.0,0.0,0.0,0.0,0.0,0.0,0.0,0.0,0.0,0.0,0.0,0.0,0.0,0.0,0.0,0.0,0.0,0.0,0.0,0.0,0.0,0.0,0.0,0.0,nan,nan,4.283269297939224,2.875047637344484,nan,0.8520096885220388,0.03393168442120073,0.0,0.0,0.0,0.0,0.0,0.0,0.0,0.0,0.0,0.0,0.0,0.0,0.0,0.0,0.0,0.0,0.0,0.0,0.0,0.0,0.0,0.013483146067415734,0.2831460674157304,1.3348314606741531,6.35056179775281,13.173033707865171,6.620224719101126,1.6449438202247195,0.4449438202247192,0.13483146067415733,0.8516254640574756,0.03443409694908547,0.0,0.0,0.0,0.0,0.0,0.0,0.0,0.0,0.0,0.0,0.0,0.0,0.0,0.0,0.0,0.0,0.0,0.0,0.0,0.0,0.014051522248243563,0.014051522248243563,0.28103044496487123,1.5878220140515173,6.028103044496489,12.927400468384079,7.081967213114756,1.5597189695550355,0.3231850117096019,0.18266978922716634,0.3936,0.010895,0.0,0.0,0.0,0.0,0.0,0.0,0.0,0.0,0.0,0.0,0.22921348314606746,21.478651685393228,8.292134831460675,0.0,0.0,0.0,0.0,0.0,0.0,0.0,0.0,0.0,0.0,0.0,0.0,0.0,0.0,0.0,0.0,0.0,0.3936,0.01087,0.0,0.0,0.0,0.0,0.0,0.0,0.0,0.0,0.0,0.0,0.16861826697892274,21.836065573770462,7.981264637002344,0.014051522248243563,0.0,0.0,0.0,0.0,0.0,0.0,0.0,0.0,0.0,0.0,0.0,0.0,0.0,0.0,0.0,0.0
61200,4158,2140,0.5146705146705147,1020,808,0.43963443963443966,1172,0.5637325637325638,0.442,3.149157581764123,3.1951790654983814,6.778877887788779,2.161915189992191,8374.567099567099,506.48184503539886,7853.0,8866.4,8866.399999999998,1.8189894035458565e-12,7853.0,0.0,28.514670514670513,21.059768613165446,33.185237556561084,19.36825834688113,0.12962962962962962,0.0998075998075998,0.09716209716209716,0.0860990860990861,0.07936507936507936,0.0670995670995671,0.07623857623857624,0.06613756613756613,0.051226551226551224,0.055796055796055795,0.05146705146705147,0.04353054353054353,0.031746031746031744,0.025974025974025976,0.017797017797017797,0.011544011544011544,0.00937950937950938,0.8521803373783583,0.035202405078347605,0.0,0.0,0.0,0.0,0.0,0.0,0.0,0.0,0.0,0.0,0.0,0.0,0.0,0.0,0.0,0.0,0.0,0.0,0.0,0.0,0.0,0.07936507936507937,0.367965367965368,1.4069264069264025,6.1616161616161635,12.662337662337666,7.308802308802311,1.4213564213564216,0.38961038961038974,0.20202020202020207,4.358125697285236,2.8797729442278173,4.526315789473684,3.0499080409369306,1.0385922995046282,4.305718475073314,2.8779569004319216,4.413690476190476,2.8831391125456034,1.025076419125457,0.3938,0.01077,0.0,0.0,0.0,0.0,0.0,0.0,0.0,0.0,0.0,0.0,0.12987012987012989,21.34199134199131,8.52813852813853,0.0,0.0,0.0,0.0,0.0,0.0,0.0,0.0,0.0,0.0,0.0,0.0,0.0,0.0,0.0,0.0,0.0,nan,nan,4.35930576070901,2.881035857563477,nan,0.3938,0.05878,0.0,0.0,0.0,0.0,0.0,0.0,0.0,0.0,0.0,0.0,0.0,0.0,0.0,0.0,0.0,0.0,0.0,0.0,0.0,0.0,0.0,2.405002405002405e-05,0.0006854256854256854,0.0012866762866762867,0.0006373256373256374,0.002068302068302068,0.012626262626262626,0.0019721019721019722,0.009607984607984609,0.008994708994708995,0.04194324194324194,0.019757094757094758,0.02504810004810005,0.04413179413179413,0.024963924963924963,0.07513227513227513,0.04243626743626744,0.0544011544011544,0.07886002886002887,0.09090909090909091,0.05913900913900914,0.07377344877344877,0.06475468975468976,0.049927849927849925,0.0411976911976912,0.02898027898027898,0.021452621452621452,0.025925925925925925,0.01836219336219336,0.006192881192881193,0.02475949975949976,0.014514189514189514,0.029124579124579126,0.001911976911976912,0.0007696007696007696,0.003487253487253487,0.00022847522847522847,0.0,0.0,1.2025012025012024e-05,0.0,0.0,0.0,0.0,0.0,0.0,0.0,0.0,0.0,0.0,0.0,0.0,0.0,0.0,0.0,0.0,0.0,0.0,0.0,0.0,0.0,0.0,0.0,0.0,0.0,0.0,0.0,0.0,0.0,0.0,0.0,0.0,0.0,0.0,0.0,0.0,0.0,0.0,0.0,0.0,0.0,nan,nan,4.35930576070901,2.881035857563477,nan,0.8516966881874566,0.03536644236177554,0.0,0.0,0.0,0.0,0.0,0.0,0.0,0.0,0.0,0.0,0.0,0.0,0.0,0.0,0.0,0.0,0.0,0.0,0.0,0.0,0.0,0.09813084112149535,0.4766355140186917,1.4439252336448554,5.971962616822432,12.953271028037387,7.02336448598131,1.429906542056075,0.43457943925233655,0.16822429906542058,0.8526932260148944,0.035020314898566704,0.0,0.0,0.0,0.0,0.0,0.0,0.0,0.0,0.0,0.0,0.0,0.0,0.0,0.0,0.0,0.0,0.0,0.0,0.0,0.0,0.0,0.059464816650148675,0.25272547076313184,1.3676907829534148,6.3627353815659085,12.353815659068388,7.61149653121903,1.412289395441031,0.3419226957383549,0.2378592666005947,0.3938,0.01073,0.0,0.0,0.0,0.0,0.0,0.0,0.0,0.0,0.0,0.0,0.15420560747663553,21.406542056074734,8.4392523364486,0.0,0.0,0.0,0.0,0.0,0.0,0.0,0.0,0.0,0.0,0.0,0.0,0.0,0.0,0.0,0.0,0.0,0.3938,0.010826,0.0,0.0,0.0,0.0,0.0,0.0,0.0,0.0,0.0,0.0,0.10406342913776019,21.27353815659065,8.622398414271558,0.0,0.0,0.0,0.0,0.0,0.0,0.0,0.0,0.0,0.0,0.0,0.0,0.0,0.0,0.0,0.0,0.0
61300,4400,2250,0.5113636363636364,1099,899,0.4540909090909091,1245,0.5659090909090909,0.426,2.9758139534883723,3.1301045621572863,6.7353951890034365,2.1407721168299965,8371.21590909091,506.5691204937483,7853.0,8866.4,8866.4,0.0,7853.0,0.0,27.67409090909091,20.595247942423935,32.691847826086956,18.779965587165062,0.14431818181818182,0.09681818181818182,0.09045454545454545,0.08477272727272728,0.08272727272727273,0.07863636363636364,0.07204545454545455,0.06409090909090909,0.05954545454545455,0.05477272727272727,0.04681818181818182,0.037954545454545456,0.028863636363636362,0.02431818181818182,0.01681818181818182,0.01090909090909091,0.006136363636363636,0.8500608019124378,0.034772648788391015,0.0,0.0,0.0,0.0,0.0,0.0,0.0,0.0,0.0,0.0,0.0,0.0,0.0,0.0,0.0,0.0,0.0,0.0,0.0,0.0,0.0,0.040909090909090916,0.2931818181818182,1.711363636363631,6.770454545454547,12.770454545454548,6.265909090909092,1.6568181818181822,0.3204545454545455,0.17045454545454547,4.332862190812721,2.916532854721408,3.272727272727273,2.415514591924804,0.7553268783084475,4.352447552447552,2.8728736659303533,4.304748405386251,2.9578851345085706,0.9890408450678565,0.394,0.01053,0.0,0.0,0.0,0.0,0.0,0.0,0.0,0.0,0.0,0.0,0.14318181818181822,21.409090909090878,8.447727272727274,0.0,0.0,0.0,0.0,0.0,0.0,0.0,0.0,0.0,0.0,0.0,0.0,0.0,0.0,0.0,0.0,0.0,nan,nan,4.328757479760648,2.9155025391743807,nan,0.394,0.0589,0.0,0.0,0.0,0.0,0.0,0.0,0.0,0.0,0.0,0.0,0.0,0.0,0.0,0.0,0.0,0.0,0.0,0.0,0.0,0.0,0.0,3.409090909090909e-05,0.0004772727272727273,0.0010227272727272728,0.00038636363636363635,0.0015681818181818182,0.014272727272727272,0.0014886363636363636,0.009420454545454546,0.00925,0.042545454545454546,0.02131818181818182,0.023829545454545454,0.04278409090909091,0.02372727272727273,0.07747727272727273,0.04090909090909091,0.055011363636363636,0.0738409090909091,0.09513636363636363,0.05726136363636364,0.07019318181818182,0.06896590909090909,0.049727272727272724,0.041852272727272724,0.027670454545454547,0.021863636363636363,0.0265,0.018613636363636363,0.006852272727272728,0.025818181818181817,0.014772727272727272,0.02978409090909091,0.001681818181818182,0.0009204545454545455,0.0027272727272727275,0.0002840909090909091,0.0,0.0,1.1363636363636363e-05,0.0,0.0,0.0,0.0,0.0,0.0,0.0,0.0,0.0,0.0,0.0,0.0,0.0,0.0,0.0,0.0,0.0,0.0,0.0,0.0,0.0,0.0,0.0,0.0,0.0,0.0,0.0,0.0,0.0,0.0,0.0,0.0,0.0,0.0,0.0,0.0,0.0,0.0,0.0,0.0,0.0,nan,nan,4.328757479760648,2.9155025391743807,nan,0.8498619287014008,0.034436153501341785,0.0,0.0,0.0,0.0,0.0,0.0,0.0,0.0,0.0,0.0,0.0,0.0,0.0,0.0,0.0,0.0,0.0,0.0,0.0,0.0,0.0,0.026666666666666672,0.28,1.6799999999999948,6.906666666666668,12.813333333333336,6.213333333333335,1.666666666666667,0.2533333333333334,0.16000000000000003,0.8502689250402672,0.035120136919759855,0.0,0.0,0.0,0.0,0.0,0.0,0.0,0.0,0.0,0.0,0.0,0.0,0.0,0.0,0.0,0.0,0.0,0.0,0.0,0.0,0.0,0.055813953488372106,0.3069767441860466,1.7441860465116223,6.627906976744188,12.72558139534884,6.320930232558141,1.6465116279069771,0.39069767441860476,0.18139534883720934,0.3943,0.01057,0.0,0.0,0.0,0.0,0.0,0.0,0.0,0.0,0.0,0.0,0.13333333333333336,21.47999999999997,8.386666666666668,0.0,0.0,0.0,0.0,0.0,0.0,0.0,0.0,0.0,0.0,0.0,0.0,0.0,0.0,0.0,0.0,0.0,0.394,0.01049,0.0,0.0,0.0,0.0,0.0,0.0,0.0,0.0,0.0,0.0,0.1534883720930233,21.3348837209302,8.511627906976745,0.0,0.0,0.0,0.0,0.0,0.0,0.0,0.0,0.0,0.0,0.0,0.0,0.0,0.0,0.0,0.0,0.0
61400,4537,2411,0.5314084196605686,1186,876,0.45448534273749175,1253,0.5523473661009478,0.40599999999999997,3.1138287864534338,3.0852159711676603,6.473684210526316,2.128624256498645,8391.52929248402,505.69930407304946,7853.0,8866.4,8866.4,0.0,7853.0,0.0,28.97862023363456,20.96211790530114,33.533745492014425,19.21720313352743,0.12651531849239586,0.09631915362574388,0.08838439497465285,0.08485783557416796,0.07648225699801631,0.08067004628609213,0.07229446770994048,0.07009036808463742,0.05576372052016751,0.05818823010800088,0.04297994269340974,0.04760855190654618,0.03614723385497024,0.02182058629050033,0.024024685915803395,0.010138858276394092,0.0077143486885607225,0.850854056743843,0.033485422508138435,0.0,0.0,0.0,0.0,0.0,0.0,0.0,0.0,0.0,0.0,0.0,0.0,0.0,0.0,0.0,0.0,0.0,0.0,0.0,0.0,0.0,0.013224597751818385,0.2711042539122769,1.4547057527000173,6.691646462420103,12.728675336125196,6.79744324443465,1.6332378223495707,0.343839541547278,0.06612298875909192,4.229617304492512,2.905933115973113,4.181818181818182,2.9485954073139733,0.9886989485730635,4.302263648468708,2.90423863797526,4.159286186384667,2.905951687070594,0.9667669223072995,0.3943,0.01067,0.0,0.0,0.0,0.0,0.0,0.0,0.0,0.0,0.0,0.0,0.14547057527000223,20.901476746748923,8.946440379105137,0.006612298875909192,0.0,0.0,0.0,0.0,0.0,0.0,0.0,0.0,0.0,0.0,0.0,0.0,0.0,0.0,0.0,0.0,nan,nan,4.229442970822281,2.9060912809510686,nan,0.3943,0.05933,0.0,0.0,0.0,0.0,0.0,0.0,0.0,0.0,0.0,0.0,0.0,0.0,0.0,0.0,0.0,0.0,0.0,0.0,0.0,0.0,0.0,0.0,0.0006171478950848579,0.0010249063257659246,0.0006391888913378884,0.0017191977077363897,0.013103372272426713,0.002038792153405334,0.009841304826978179,0.00969803835133348,0.04278157372713247,0.022492836676217765,0.02544633017412387,0.041503195944456686,0.021908750275512454,0.07754022481816178,0.0423738152964514,0.051597972228344724,0.0721622217324223,0.09705752700022041,0.059202115935640294,0.06872382631694952,0.06853647784879877,0.04585629270443024,0.04380648005289839,0.0295679964734406,0.02045404452281243,0.02666960546616707,0.01810667842186467,0.00656821688340313,0.026471236499889795,0.016111968260965396,0.030328410844170157,0.0018514436852545735,0.0012783777826757769,0.0025898170597310997,0.0003195944456689442,0.0,1.1020498126515318e-05,0.0,0.0,0.0,0.0,0.0,0.0,0.0,0.0,0.0,0.0,0.0,0.0,0.0,0.0,0.0,0.0,0.0,0.0,0.0,0.0,0.0,0.0,0.0,0.0,0.0,0.0,0.0,0.0,0.0,0.0,0.0,0.0,0.0,0.0,0.0,0.0,0.0,0.0,0.0,0.0,0.0,0.0,nan,nan,4.229442970822281,2.9060912809510686,nan,0.8506904285955805,0.03326432820049978,0.0,0.0,0.0,0.0,0.0,0.0,0.0,0.0,0.0,0.0,0.0,0.0,0.0,0.0,0.0,0.0,0.0,0.0,0.0,0.0,0.0,0.0,0.1990875155537122,1.704686851928655,6.49523019493986,12.903359601824972,6.644545831605145,1.6922438822065538,0.28618830360846126,0.07465781833264207,0.8510396199919431,0.03373344170492403,0.0,0.0,0.0,0.0,0.0,0.0,0.0,0.0,0.0,0.0,0.0,0.0,0.0,0.0,0.0,0.0,0.0,0.0,0.0,0.0,0.0,0.02822201317027282,0.3527751646284102,1.171213546566318,6.91439322671684,12.530573847601133,6.970837253057386,1.5663217309501416,0.40921919096895587,0.05644402634054564,0.3943,0.010445,0.0,0.0,0.0,0.0,0.0,0.0,0.0,0.0,0.0,0.0,0.08710078805474909,21.10327664869346,8.809622563251764,0.0,0.0,0.0,0.0,0.0,0.0,0.0,0.0,0.0,0.0,0.0,0.0,0.0,0.0,0.0,0.0,0.0,0.3943,0.01093,0.0,0.0,0.0,0.0,0.0,0.0,0.0,0.0,0.0,0.0,0.21166509877704615,20.672624647224804,9.101599247412985,0.01411100658513641,0.0,0.0,0.0,0.0,0.0,0.0,0.0,0.0,0.0,0.0,0.0,0.0,0.0,0.0,0.0,0.0
61500,4526,2320,0.5125939019001325,1011,973,0.4383561643835616,1270,0.5612019443216969,0.426,2.984587488667271,3.1337281356850037,6.721649484536083,2.1637863023788366,8372.462660185594,506.5392428084786,7853.0,8866.4,8866.4,0.0,7853.0,0.0,27.309323906319044,20.923164712664118,32.441106088806166,19.24460998030314,0.14582412726469288,0.10318161732213875,0.09699513919575785,0.08793636765355722,0.08351745470614229,0.07490057445868316,0.06760936809544851,0.06164383561643835,0.05700397702165267,0.04882898806893504,0.03954927087936368,0.04197967300044189,0.027839151568714096,0.024524966858152895,0.018780380026513478,0.012152010605391074,0.0077330976579761375,0.8483931936366443,0.034959247593416266,0.0,0.0,0.0,0.0,0.0,0.0,0.0,0.0,0.0,0.0,0.0,0.0,0.0,0.0,0.0,0.0,0.0,0.0,0.0,0.0,0.0066283694211224055,0.08616880247459127,0.41758727353071157,1.7233760494918196,6.853733981440567,12.772867874502875,6.224038886433939,1.5576668139637653,0.2717631462660186,0.08616880247459127,4.3900458877515005,2.932948728425077,5.722222222222222,2.8636719930799717,1.3034538518578078,4.4464158977998585,2.9117861373704534,4.351595006934812,2.955605564358916,0.9786747589419234,0.394,0.01094,0.0,0.0,0.0,0.0,0.0,0.0,0.0,0.0,0.0,0.0,0.15245249668581531,21.124613345117073,8.70967741935484,0.013256738842244811,0.0,0.0,0.0,0.0,0.0,0.0,0.0,0.0,0.0,0.0,0.0,0.0,0.0,0.0,0.0,0.0,nan,nan,4.398456681866012,2.9344142200688363,nan,0.394,0.05905,0.0,0.0,0.0,0.0,0.0,0.0,0.0,0.0,0.0,0.0,0.0,0.0,0.0,0.0,0.0,0.0,0.0,0.0,0.0,0.0,0.0,0.0,0.00028722934158197084,0.0008948298718515245,0.0003866548828988069,0.0014471939902783915,0.014063190455148034,0.002054794520547945,0.009423331860362351,0.009091913389306231,0.04302916482545294,0.022326557666813962,0.026358815731330094,0.04054352629253204,0.022448077772867874,0.07715422006186479,0.04347105612019443,0.04996685815289439,0.07420459566946531,0.0983429076447194,0.06217410517012815,0.07012814847547504,0.06797392841361025,0.04468625718073354,0.04288555015466195,0.025265134776844896,0.02176314626601856,0.026966416261599648,0.016581970835174546,0.0066062748563853295,0.02828104286345559,0.015178965974370304,0.0301480335837384,0.0014913831197525408,0.0013698630136986301,0.0028501988510826336,0.00015466195315952275,0.0,0.0,0.0,0.0,0.0,0.0,0.0,0.0,0.0,0.0,0.0,0.0,0.0,0.0,0.0,0.0,0.0,0.0,0.0,0.0,0.0,0.0,0.0,0.0,0.0,0.0,0.0,0.0,0.0,0.0,0.0,0.0,0.0,0.0,0.0,0.0,0.0,0.0,0.0,0.0,0.0,0.0,0.0,0.0,nan,nan,4.398456681866012,2.9344142200688363,nan,0.8489214458342256,0.034136592209441305,0.0,0.0,0.0,0.0,0.0,0.0,0.0,0.0,0.0,0.0,0.0,0.0,0.0,0.0,0.0,0.0,0.0,0.0,0.0,0.0,0.0,0.07758620689655174,0.3232758620689656,1.6422413793103396,6.866379310344829,12.943965517241383,6.284482758620691,1.5258620689655176,0.2715517241379311,0.06465517241379312,0.8478376428214183,0.0357956197112273,0.0,0.0,0.0,0.0,0.0,0.0,0.0,0.0,0.0,0.0,0.0,0.0,0.0,0.0,0.0,0.0,0.0,0.0,0.0,0.0,0.013599274705349051,0.09519492293744336,0.516772438803264,1.8087035358114179,6.840435176790573,12.592928377153221,6.1604714415231205,1.591115140525839,0.27198549410698103,0.10879419764279241,0.3943,0.01098,0.0,0.0,0.0,0.0,0.0,0.0,0.0,0.0,0.0,0.0,0.16810344827586213,21.18103448275859,8.63793103448276,0.012931034482758624,0.0,0.0,0.0,0.0,0.0,0.0,0.0,0.0,0.0,0.0,0.0,0.0,0.0,0.0,0.0,0.0,0.394,0.0109,0.0,0.0,0.0,0.0,0.0,0.0,0.0,0.0,0.0,0.0,0.13599274705349051,21.065276518585645,8.785131459655487,0.013599274705349051,0.0,0.0,0.0,0.0,0.0,0.0,0.0,0.0,0.0,0.0,0.0,0.0,0.0,0.0,0.0,0.0
61600,4545,2357,0.5185918591859185,1092,921,0.4429042904290429,1288,0.5667766776677667,0.426,3.0342778793418645,3.09186208182395,6.552590266875981,2.1590916988370132,8378.54099009901,506.3495898014423,7853.0,8866.4,8866.4,0.0,7853.0,0.0,28.581298129812982,21.078929726218735,33.4219562955255,19.30869221164936,0.13377337733773378,0.09878987898789879,0.09152915291529153,0.08184818481848184,0.08602860286028603,0.0737073707370737,0.06732673267326733,0.05962596259625962,0.0594059405940594,0.05500550055005501,0.04928492849284929,0.045104510451045104,0.03322332233223323,0.027722772277227723,0.020902090209020903,0.009680968096809682,0.0070407040704070405,0.8473735400945833,0.03444117924120504,0.0,0.0,0.0,0.0,0.0,0.0,0.0,0.0,0.0,0.0,0.0,0.0,0.0,0.0,0.0,0.0,0.0,0.0,0.0,0.0,0.019801980198019806,0.09900990099009903,0.37623762376237635,1.709570957095704,7.240924092409243,12.792079207920795,6.059405940594061,1.326732673267327,0.3168316831683169,0.05940594059405942,4.319727891156463,2.8519867631855074,4.1923076923076925,3.270135621384612,0.9705027256208358,4.314553990610329,2.8432647394395785,4.322930800542741,2.8696565515477657,1.0019415239560432,0.3948,0.01107,0.0,0.0,0.0,0.0,0.0,0.0,0.0,0.0,0.0,0.0,0.13861386138613863,20.382838283828352,9.471947194719473,0.0066006600660066025,0.0,0.0,0.0,0.0,0.0,0.0,0.0,0.0,0.0,0.0,0.0,0.0,0.0,0.0,0.0,0.0,nan,nan,4.318610923803102,2.8559429630205013,nan,0.3948,0.05893,0.0,0.0,0.0,0.0,0.0,0.0,0.0,0.0,0.0,0.0,0.0,0.0,0.0,0.0,0.0,0.0,0.0,0.0,0.0,0.0,0.0,0.0,0.000275027502750275,0.0006270627062706271,0.00036303630363036305,0.0017381738173817382,0.012882288228822883,0.001958195819581958,0.00855885588558856,0.009515951595159515,0.04441144114411441,0.022255225522552255,0.026886688668866888,0.038514851485148514,0.02155115511551155,0.07514851485148515,0.0423982398239824,0.04943894389438944,0.07512651265126513,0.10138613861386139,0.06476347634763477,0.06812981298129812,0.06490649064906491,0.04567656765676568,0.044477447744774475,0.02580858085808581,0.02132013201320132,0.028393839383938396,0.01639163916391639,0.007106710671067107,0.029988998899889988,0.013916391639163916,0.029526952695269528,0.0019361936193619362,0.0017711771177117712,0.0026512651265126514,0.00016501650165016502,1.1001100110011001e-05,0.0,2.2002200220022003e-05,0.0,0.0,0.0,0.0,0.0,0.0,0.0,0.0,0.0,0.0,0.0,0.0,0.0,0.0,0.0,0.0,0.0,0.0,0.0,0.0,0.0,0.0,0.0,0.0,0.0,0.0,0.0,0.0,0.0,0.0,0.0,0.0,0.0,0.0,0.0,0.0,0.0,0.0,0.0,0.0,0.0,nan,nan,4.318610923803102,2.8559429630205013,nan,0.8470001217921407,0.03435374580110861,0.0,0.0,0.0,0.0,0.0,0.0,0.0,0.0,0.0,0.0,0.0,0.0,0.0,0.0,0.0,0.0,0.0,0.0,0.0,0.0,0.0254560882477726,0.0890963088672041,0.39456936784047525,1.845566397963507,7.280441238862963,12.651675859142982,6.134917267713196,1.234620280016971,0.29274501484938487,0.0509121764955452,0.8477758010355603,0.03453060052708796,0.0,0.0,0.0,0.0,0.0,0.0,0.0,0.0,0.0,0.0,0.0,0.0,0.0,0.0,0.0,0.0,0.0,0.0,0.0,0.0,0.01371115173674589,0.10968921389396712,0.3564899451553932,1.5630712979890262,7.198354661791592,12.94332723948812,5.978062157221208,1.4259597806215727,0.3427787934186472,0.06855575868372944,0.3948,0.01112,0.0,0.0,0.0,0.0,0.0,0.0,0.0,0.0,0.0,0.0,0.1781926177344082,20.237590156979184,9.584217225286382,0.0,0.0,0.0,0.0,0.0,0.0,0.0,0.0,0.0,0.0,0.0,0.0,0.0,0.0,0.0,0.0,0.0,0.3945,0.01101,0.0,0.0,0.0,0.0,0.0,0.0,0.0,0.0,0.0,0.0,0.09597806215722124,20.539305301645307,9.351005484460696,0.01371115173674589,0.0,0.0,0.0,0.0,0.0,0.0,0.0,0.0,0.0,0.0,0.0,0.0,0.0,0.0,0.0,0.0
61700,4709,2405,0.5107241452537694,1116,966,0.44213208749203653,1351,0.5737948609046507,0.41,2.9891493055555554,3.096307776330287,6.483727810650888,2.1841349031196273,8370.56784880017,506.5834382038722,7853.0,8866.4,8866.399999999998,1.8189894035458565e-12,7853.0,0.0,28.657676789127205,21.04215235230866,33.351810237203495,19.304377770147873,0.13123805478870249,0.09471225313229985,0.09747292418772563,0.09067742620513909,0.07347632193671692,0.07581227436823104,0.06880441707368869,0.061371841155234655,0.053514546612868974,0.05308982798895732,0.05478870248460395,0.04438309619876832,0.03928647271182841,0.02590783605861117,0.018262900828201315,0.010617965597791464,0.006583138670630707,0.8453962765293886,0.0353446247225094,0.0,0.0,0.0,0.0,0.0,0.0,0.0,0.0,0.0,0.0,0.0,0.0,0.0,0.0,0.0,0.0,0.0,0.0,0.0,0.0,0.04459545551072416,0.07644935230409855,0.45232533446591644,1.8220428965810094,7.880654066680825,12.671480144404335,5.332342323210875,1.2486727543002762,0.35676364408579325,0.11467402845614783,4.1755874673629245,2.850240126762738,3.6206896551724137,2.709037150538256,0.8671090435710704,4.2259093809827695,2.8266247231542727,4.1140983606557375,2.872383700251887,0.9735415480440262,0.3948,0.010956,0.0,0.0,0.0,0.0,0.0,0.0,0.0,0.0,0.0,0.0,0.17201104268422174,20.38649394775958,9.435124230197495,0.00637077935867488,0.0,0.0,0.0,0.0,0.0,0.0,0.0,0.0,0.0,0.0,0.0,0.0,0.0,0.0,0.0,0.0,nan,nan,4.170384739734885,2.8494505878313863,nan,0.3948,0.05884,0.0,0.0,0.0,0.0,0.0,0.0,0.0,0.0,0.0,0.0,0.0,0.0,0.0,0.0,0.0,0.0,0.0,0.0,0.0,0.0,0.0,0.0,0.0002335952431514122,0.0005308982798895731,0.00012741558717349757,0.0017094924612444256,0.013410490550010618,0.0017838182204289658,0.008643023996602252,0.009492461244425567,0.044606073476321936,0.02229772775536207,0.027150138033552772,0.03533658950944999,0.0220110426842217,0.0762369929921427,0.04110214482905075,0.04799320450201741,0.07505839881078785,0.10251645784667658,0.0698874495646634,0.07075812274368232,0.06309195158207688,0.04469101720110427,0.042493098322361436,0.024899129326820982,0.023380760246336802,0.02792524952219155,0.015852622637502655,0.006997239328944574,0.029294967084306647,0.012433637715013802,0.03176895306859206,0.0015502229772775536,0.0020705032915693355,0.002633255468252283,3.185389679337439e-05,0.0,0.0,0.0,0.0,0.0,0.0,0.0,0.0,0.0,0.0,0.0,0.0,0.0,0.0,0.0,0.0,0.0,0.0,0.0,0.0,0.0,0.0,0.0,0.0,0.0,0.0,0.0,0.0,0.0,0.0,0.0,0.0,0.0,0.0,0.0,0.0,0.0,0.0,0.0,0.0,0.0,0.0,0.0,0.0,nan,nan,4.170384739734885,2.8494505878313863,nan,0.8459680498018086,0.03513329452181173,0.0,0.0,0.0,0.0,0.0,0.0,0.0,0.0,0.0,0.0,0.0,0.0,0.0,0.0,0.0,0.0,0.0,0.0,0.0,0.0,0.06237006237006238,0.049896049896049906,0.34927234927234935,1.7588357588357535,8.020790020790022,12.623700623700627,5.476091476091478,1.122661122661123,0.39916839916839925,0.13721413721413725,0.8447994385432038,0.03555407217648936,0.0,0.0,0.0,0.0,0.0,0.0,0.0,0.0,0.0,0.0,0.0,0.0,0.0,0.0,0.0,0.0,0.0,0.0,0.0,0.0,0.02604166666666667,0.10416666666666669,0.5598958333333335,1.8880208333333275,7.734375000000002,12.72135416666667,5.182291666666668,1.3802083333333337,0.31250000000000006,0.09114583333333336,0.3945,0.010956,0.0,0.0,0.0,0.0,0.0,0.0,0.0,0.0,0.0,0.0,0.2120582120582121,20.38253638253635,9.392931392931395,0.012474012474012476,0.0,0.0,0.0,0.0,0.0,0.0,0.0,0.0,0.0,0.0,0.0,0.0,0.0,0.0,0.0,0.0,0.3948,0.01096,0.0,0.0,0.0,0.0,0.0,0.0,0.0,0.0,0.0,0.0,0.13020833333333337,20.39062499999997,9.479166666666668,0.0,0.0,0.0,0.0,0.0,0.0,0.0,0.0,0.0,0.0,0.0,0.0,0.0,0.0,0.0,0.0,0.0
61800,4814,2497,0.5186954715413378,1183,996,0.4526381387619443,1349,0.5604486913169922,0.39799999999999996,2.9119551143720326,3.0346893027373367,6.340425531914893,2.171151236386589,8378.645990859992,506.34567187874023,7853.0,8866.4,8866.4,0.0,7853.0,0.0,27.968840880764436,20.870121478567018,32.92284866468843,19.090950057054656,0.13896967179061073,0.10365600332363939,0.08703780639800582,0.08911508101371002,0.07706688824262567,0.0795596177814707,0.06501869547154134,0.06335687577897799,0.061695056086414624,0.0519318653926049,0.050062318238471126,0.04175321977565434,0.030535936850851684,0.02534275031159119,0.01703365184877441,0.01080182800166182,0.007062733693394266,0.8468756544104641,0.03330399148872948,0.0,0.0,0.0,0.0,0.0,0.0,0.0,0.0,0.0,0.0,0.0,0.0,0.0,0.0,0.0,0.0,0.0,0.0,0.0,0.0,0.0,0.031159119235562947,0.2555047777316162,1.869547154133771,7.590361445783134,13.124221022019114,5.427918570835066,1.308683007893644,0.3115911923556295,0.08101371001246367,4.147599097647438,2.839026377915725,4.066666666666666,3.129785225148134,0.9804869204869204,4.179288025889968,2.8597572957905877,4.115702479338843,2.8211063270112344,0.984785555300993,0.3948,0.01119,0.0,0.0,0.0,0.0,0.0,0.0,0.0,0.0,0.0,0.0,0.15579559617781474,20.434150394682145,9.403822185292897,0.00623182384711259,0.0,0.0,0.0,0.0,0.0,0.0,0.0,0.0,0.0,0.0,0.0,0.0,0.0,0.0,0.0,0.0,nan,nan,4.147209749839641,2.8405019208843463,nan,0.3948,0.05893,0.0,0.0,0.0,0.0,0.0,0.0,0.0,0.0,0.0,0.0,0.0,0.0,0.0,0.0,0.0,0.0,0.0,0.0,0.0,0.0,0.0,0.0,6.231823847112588e-05,0.0006335687577897799,0.0002804320731200665,0.0017033651848774407,0.012796011632737848,0.0024823431657665144,0.00816368923971749,0.009410054009140007,0.043176152887411716,0.02339011217282925,0.028832571665974242,0.0341607810552555,0.021645201495637725,0.07720191109264644,0.042189447444952226,0.05045700041545492,0.07239302035729124,0.10074781886165352,0.071292064810968,0.0685189031990029,0.06167428334025758,0.043653926049023684,0.04348774407976735,0.024626090569173243,0.02533236393851267,0.02899875363523058,0.01644162858329871,0.00731200664727877,0.028842958039052763,0.011830078936435397,0.03129414208558371,0.0017241379310344827,0.0017345243041130038,0.0034482758620689655,5.19318653926049e-05,1.038637307852098e-05,0.0,0.0,0.0,0.0,0.0,0.0,0.0,0.0,0.0,0.0,0.0,0.0,0.0,0.0,0.0,0.0,0.0,0.0,0.0,0.0,0.0,0.0,0.0,0.0,0.0,0.0,0.0,0.0,0.0,0.0,0.0,0.0,0.0,0.0,0.0,0.0,0.0,0.0,0.0,0.0,0.0,0.0,0.0,nan,nan,4.147209749839641,2.8405019208843463,nan,0.846303033766672,0.033491889646599396,0.0,0.0,0.0,0.0,0.0,0.0,0.0,0.0,0.0,0.0,0.0,0.0,0.0,0.0,0.0,0.0,0.0,0.0,0.0,0.0,0.0,0.02402883460152183,0.288346015218262,1.9823788546255445,7.61714056868242,13.143772527032441,5.262314777733281,1.285542651181418,0.3243892671205447,0.0720865038045655,0.8474927600416893,0.03308920983811311,0.0,0.0,0.0,0.0,0.0,0.0,0.0,0.0,0.0,0.0,0.0,0.0,0.0,0.0,0.0,0.0,0.0,0.0,0.0,0.0,0.0,0.03884333189469142,0.22011221406991804,1.747949935261108,7.561501942166596,13.103150625809239,5.606387570133795,1.3336210617177389,0.29779887785930087,0.09063444108761332,0.3953,0.01117,0.0,0.0,0.0,0.0,0.0,0.0,0.0,0.0,0.0,0.0,0.13215859030837007,20.040048057669175,9.827793352022429,0.0,0.0,0.0,0.0,0.0,0.0,0.0,0.0,0.0,0.0,0.0,0.0,0.0,0.0,0.0,0.0,0.0,0.3945,0.01121,0.0,0.0,0.0,0.0,0.0,0.0,0.0,0.0,0.0,0.0,0.18126888217522663,20.858869227449258,8.946914113077257,0.012947777298230474,0.0,0.0,0.0,0.0,0.0,0.0,0.0,0.0,0.0,0.0,0.0,0.0,0.0,0.0,0.0,0.0
61900,4764,2454,0.5151133501259446,1174,994,0.4550797649034425,1347,0.5654911838790933,0.39799999999999996,2.8701298701298703,3.0397823288042143,6.489698890649763,2.113155174253468,8375.015869017632,506.46847301311317,7853.0,8866.4,8866.399999999998,1.8189894035458565e-12,7853.0,0.0,27.745801847187238,20.780292678874318,32.65167416291854,19.05207646522968,0.14105793450881612,0.09697732997481108,0.09550797649034425,0.08417296389588581,0.08879093198992444,0.07703610411418976,0.06591099916036944,0.06423173803526448,0.05772460117548279,0.04974811083123426,0.045130142737195636,0.045130142737195636,0.0327455919395466,0.01952141057934509,0.018052057094878254,0.010705289672544081,0.007556675062972292,0.8475562589670008,0.032868646262596724,0.0,0.0,0.0,0.0,0.0,0.0,0.0,0.0,0.0,0.0,0.0,0.0,0.0,0.0,0.0,0.0,0.0,0.0,0.0,0.0,0.0,0.025188916876574312,0.3022670025188917,1.6435768261964685,7.55037783375315,12.871536523929475,6.0390428211586915,1.2216624685138542,0.23929471032745597,0.10705289672544083,4.166178861788618,2.861808093060119,4.333333333333333,2.0548046676563256,1.0401217703536023,4.1471917366042605,2.900595460343783,4.186319218241042,2.817894506291588,1.009434693190438,0.3955,0.011055,0.0,0.0,0.0,0.0,0.0,0.0,0.0,0.0,0.0,0.0,0.09445843828715368,19.94332493702768,9.955919395465996,0.006297229219143578,0.0,0.0,0.0,0.0,0.0,0.0,0.0,0.0,0.0,0.0,0.0,0.0,0.0,0.0,0.0,0.0,nan,nan,4.166666666666667,2.8597985773750003,nan,0.3955,0.05856,0.0,0.0,0.0,0.0,0.0,0.0,0.0,0.0,0.0,0.0,0.0,0.0,0.0,0.0,0.0,0.0,0.0,0.0,0.0,0.0,0.0,0.0,1.0495382031905961e-05,0.0005772460117548279,0.00025188916876574307,0.0023299748110831233,0.01146095717884131,0.00213056255247691,0.008144416456759026,0.009739714525608732,0.04063811922753988,0.024884550797649035,0.027623845507976492,0.03160159529806885,0.019353484466834592,0.07646935348446683,0.043303946263644,0.05283375314861461,0.07332073887489504,0.09857262804366079,0.0751784214945424,0.07096977329974812,0.05859571788413098,0.045906801007556675,0.0434928631402183,0.024391267842149456,0.02619647355163728,0.02897774979009236,0.01808354324097397,0.00719983207388749,0.026878673383711166,0.011492443324937028,0.03223131821998321,0.0020675902602854744,0.0016162888329135181,0.0034109991603694374,4.1981528127623844e-05,0.0,2.0990764063811922e-05,0.0,0.0,0.0,0.0,0.0,0.0,0.0,0.0,0.0,0.0,0.0,0.0,0.0,0.0,0.0,0.0,0.0,0.0,0.0,0.0,0.0,0.0,0.0,0.0,0.0,0.0,0.0,0.0,0.0,0.0,0.0,0.0,0.0,0.0,0.0,0.0,0.0,0.0,0.0,0.0,0.0,0.0,nan,nan,4.166666666666667,2.8597985773750003,nan,0.8480261107868748,0.03260054311095169,0.0,0.0,0.0,0.0,0.0,0.0,0.0,0.0,0.0,0.0,0.0,0.0,0.0,0.0,0.0,0.0,0.0,0.0,0.0,0.0,0.0,0.03667481662591687,0.2444987775061125,1.528117359413198,7.665036674816627,12.787286063569685,6.14914425427873,1.2591687041564796,0.25672371638141817,0.07334963325183375,0.8470571176830308,0.03314379157926331,0.0,0.0,0.0,0.0,0.0,0.0,0.0,0.0,0.0,0.0,0.0,0.0,0.0,0.0,0.0,0.0,0.0,0.0,0.0,0.0,0.0,0.01298701298701299,0.36363636363636376,1.7662337662337608,7.42857142857143,12.961038961038964,5.922077922077924,1.181818181818182,0.22077922077922082,0.14285714285714288,0.3953,0.01098,0.0,0.0,0.0,0.0,0.0,0.0,0.0,0.0,0.0,0.0,0.07334963325183375,20.293398533007306,9.633251833740832,0.0,0.0,0.0,0.0,0.0,0.0,0.0,0.0,0.0,0.0,0.0,0.0,0.0,0.0,0.0,0.0,0.0,0.3958,0.01113,0.0,0.0,0.0,0.0,0.0,0.0,0.0,0.0,0.0,0.0,0.11688311688311691,19.571428571428545,10.2987012987013,0.01298701298701299,0.0,0.0,0.0,0.0,0.0,0.0,0.0,0.0,0.0,0.0,0.0,0.0,0.0,0.0,0.0,0.0
62000,4566,2373,0.5197109067017083,1117,907,0.44327639071397285,1282,0.5615418309242225,0.422,3.0355677154582765,3.10047770896686,6.467692307692308,2.195036897696374,8379.675032851512,506.30612090175333,7853.0,8866.4,8866.399999999998,1.8189894035458565e-12,7853.0,0.0,28.37910643889619,20.93908298847444,33.16033100594776,19.17843610340019,0.13469119579500657,0.09570740254051686,0.09286027157249234,0.0882610600087604,0.0821287779237845,0.07424441524310119,0.07314936487078405,0.06351292159439334,0.05431449846692948,0.04862023653088042,0.04949627682873412,0.04226894437144109,0.03832676303109943,0.026938239159001315,0.017958826106000875,0.011607533946561542,0.005913272010512484,0.8478407424450756,0.03317590552165156,0.0,0.0,0.0,0.0,0.0,0.0,0.0,0.0,0.0,0.0,0.0,0.0,0.0,0.0,0.0,0.0,0.0,0.0,0.0,0.0,0.0,0.059132720105124846,0.302233902759527,1.6951379763469068,7.240473061760842,12.904073587385023,6.09067017082786,1.3863337713534827,0.27595269382391596,0.04599211563731933,4.217215870880969,2.8960747585653515,4.0,2.2038926600773587,0.9484930633072874,4.227548953409858,2.9078017948251627,4.205043132050431,2.8788455337681618,0.9946763901240517,0.3955,0.01085,0.0,0.0,0.0,0.0,0.0,0.0,0.0,0.0,0.0,0.0,0.0854139290407359,19.87516425755582,10.032851511169515,0.006570302233902761,0.0,0.0,0.0,0.0,0.0,0.0,0.0,0.0,0.0,0.0,0.0,0.0,0.0,0.0,0.0,0.0,nan,nan,4.21619812583668,2.893255787709692,nan,0.3955,0.05856,0.0,0.0,0.0,0.0,0.0,0.0,0.0,0.0,0.0,0.0,0.0,0.0,0.0,0.0,0.0,0.0,0.0,0.0,0.0,0.0,0.0,0.0,0.0,0.00037231712658782306,0.0002847130968024529,0.0025733683749452475,0.010589137100306614,0.0021681997371879105,0.008607095926412615,0.010019710906701708,0.03992553657468244,0.024813841436706088,0.02802233902759527,0.031285589137100306,0.019864213753832675,0.07861366622864652,0.04248795444590451,0.05371222076215506,0.07330267192290846,0.09752518615856329,0.07501095050372317,0.07047744196233027,0.05626368812965397,0.04668199737187911,0.04336399474375821,0.025208059570740255,0.02666447656592203,0.027354358300481822,0.020269382391590013,0.0067455102934734995,0.02568988173455979,0.011049058256679808,0.03435173017958826,0.002025843188786684,0.0016863775733683749,0.0028252299605781867,5.475251861585633e-05,1.0950503723171266e-05,9.855453350854139e-05,0.0,0.0,0.0,0.0,0.0,0.0,0.0,0.0,0.0,0.0,0.0,0.0,0.0,0.0,0.0,0.0,0.0,0.0,0.0,0.0,0.0,0.0,0.0,0.0,0.0,0.0,0.0,0.0,0.0,0.0,0.0,0.0,0.0,0.0,0.0,0.0,0.0,0.0,0.0,0.0,0.0,0.0,nan,nan,4.21619812583668,2.893255787709692,nan,0.8473815332722975,0.03372239106295894,0.0,0.0,0.0,0.0,0.0,0.0,0.0,0.0,0.0,0.0,0.0,0.0,0.0,0.0,0.0,0.0,0.0,0.0,0.0,0.0,0.0,0.05056890012642226,0.35398230088495586,1.833122629582801,7.433628318584073,12.439949431099876,6.207332490518333,1.314791403286979,0.32869785082174474,0.037926675094816696,0.8483376432052226,0.032566945341064406,0.0,0.0,0.0,0.0,0.0,0.0,0.0,0.0,0.0,0.0,0.0,0.0,0.0,0.0,0.0,0.0,0.0,0.0,0.0,0.0,0.0,0.06839945280437758,0.24623803009575929,1.5458276333789283,7.031463748290015,13.406292749658006,5.964432284541726,1.4637482900136802,0.21887824897400826,0.054719562243502065,0.3953,0.01082,0.0,0.0,0.0,0.0,0.0,0.0,0.0,0.0,0.0,0.0,0.08849557522123896,19.79772439949428,10.113780025284452,0.0,0.0,0.0,0.0,0.0,0.0,0.0,0.0,0.0,0.0,0.0,0.0,0.0,0.0,0.0,0.0,0.0,0.3958,0.01087,0.0,0.0,0.0,0.0,0.0,0.0,0.0,0.0,0.0,0.0,0.08207934336525309,19.958960328317342,9.9452804377565,0.013679890560875516,0.0,0.0,0.0,0.0,0.0,0.0,0.0,0.0,0.0,0.0,0.0,0.0,0.0,0.0,0.0,0.0
62100,4663,2455,0.5264850954321253,1160,902,0.44220458932018014,1250,0.536135535063264,0.434,3.0104166666666665,3.1733406322703326,6.705501618122978,2.275663171771386,8386.539995710917,505.9886408114691,7853.0,8866.4,8866.399999999998,1.8189894035458565e-12,7853.0,0.0,28.158910572592752,20.901129790531236,33.05779022403259,19.125349467802316,0.1383229680463221,0.09886339266566588,0.09328758310100793,0.08192150975766674,0.08213596397169204,0.07656015440703409,0.0692687111301737,0.06326399313746515,0.0574737293587819,0.053828007720351706,0.04417756808921295,0.04396311387518765,0.03645721638430195,0.024662234612910144,0.01951533347630281,0.011151619129315891,0.0051469011366073346,0.8466481865027573,0.0339967864481397,0.0,0.0,0.0,0.0,0.0,0.0,0.0,0.0,0.0,0.0,0.0,0.0,0.0,0.0,0.0,0.0,0.0,0.0,0.0,0.0,0.006433626420759169,0.05790263778683252,0.3602830795625135,1.7563800128672473,7.59167917649582,12.796482950889988,5.88676817499464,1.177353634998928,0.2702123096718851,0.09650439631138755,4.274732620320855,2.9643700682894063,4.3,3.318132004607412,1.00591086786552,4.292976588628763,2.9819609554654023,4.255277044854881,2.951924351515805,0.9912183206696863,0.395,0.010864,0.0,0.0,0.0,0.0,0.0,0.0,0.0,0.0,0.0,0.0,0.10293802273214671,20.375294874544256,9.52176710272357,0.0,0.0,0.0,0.0,0.0,0.0,0.0,0.0,0.0,0.0,0.0,0.0,0.0,0.0,0.0,0.0,0.0,nan,nan,4.274900398406374,2.9668589140888955,nan,0.395,0.05807,0.0,0.0,0.0,0.0,0.0,0.0,0.0,0.0,0.0,0.0,0.0,0.0,0.0,0.0,0.0,0.0,0.0,0.0,0.0,0.0,2.144542140253056e-05,0.0,0.0,0.00013939523911644865,0.00011794981771391808,0.0023482736435770962,0.009779112159553936,0.0024876688826935447,0.00826720995067553,0.010690542569161484,0.041153763671456144,0.02360068625348488,0.028715419257988418,0.03210379583958825,0.018839802702123095,0.08103152476946172,0.043705768818357284,0.05327042676388591,0.0736542998069912,0.09880977911215956,0.07543426978340124,0.0688398027021231,0.05733433411966545,0.04786618057044821,0.04148616770319537,0.02673171777825434,0.026763885910358137,0.027053399099292302,0.018571734934591466,0.006326399313746515,0.024029594681535493,0.010015011794981772,0.035342054471370364,0.0014368432339695474,0.0016512974479948532,0.0020909285867467295,1.072271070126528e-05,0.0,0.0002787904782328973,0.0,0.0,0.0,0.0,0.0,0.0,0.0,0.0,0.0,0.0,0.0,0.0,0.0,0.0,0.0,0.0,0.0,0.0,0.0,0.0,0.0,0.0,0.0,0.0,0.0,0.0,0.0,0.0,0.0,0.0,0.0,0.0,0.0,0.0,0.0,0.0,0.0,0.0,0.0,0.0,0.0,0.0,nan,nan,4.274900398406374,2.9668589140888955,nan,0.8465092493900214,0.03406748633198856,0.0,0.0,0.0,0.0,0.0,0.0,0.0,0.0,0.0,0.0,0.0,0.0,0.0,0.0,0.0,0.0,0.0,0.0,0.0,0.0,0.012219959266802447,0.03665987780040734,0.4521384928716905,1.7230142566191393,7.588594704684319,12.708757637474545,5.926680244399186,1.2342158859470471,0.21995926680244404,0.09775967413441958,0.8468026659464922,0.033917336446826866,0.0,0.0,0.0,0.0,0.0,0.0,0.0,0.0,0.0,0.0,0.0,0.0,0.0,0.0,0.0,0.0,0.0,0.0,0.0,0.0,0.0,0.0815217391304348,0.2581521739130435,1.7934782608695596,7.595108695652176,12.894021739130437,5.842391304347828,1.1141304347826089,0.3260869565217392,0.09510869565217393,0.395,0.010765,0.0,0.0,0.0,0.0,0.0,0.0,0.0,0.0,0.0,0.0,0.10997963340122202,20.126272912423595,9.763747454175155,0.0,0.0,0.0,0.0,0.0,0.0,0.0,0.0,0.0,0.0,0.0,0.0,0.0,0.0,0.0,0.0,0.0,0.3948,0.01097,0.0,0.0,0.0,0.0,0.0,0.0,0.0,0.0,0.0,0.0,0.09510869565217393,20.65217391304345,9.25271739130435,0.0,0.0,0.0,0.0,0.0,0.0,0.0,0.0,0.0,0.0,0.0,0.0,0.0,0.0,0.0,0.0,0.0
62200,4949,2516,0.5083855324307941,1162,1048,0.4465548595675894,1448,0.5851687209537281,0.40199999999999997,2.915330867242088,3.0321308636759357,6.544510385756676,2.090378087004368,8368.197898565368,506.62873558452304,7853.0,8866.4,8866.4,0.0,7853.0,0.0,27.994746413416852,20.841887929467607,32.915885604422016,19.07722551935563,0.13820973934128106,0.09456455849666599,0.09698929076581128,0.0876944837340877,0.08244089715093958,0.07193372398464336,0.07577288341079005,0.0640533441099212,0.05496059810062639,0.052939987876338655,0.044655485956758945,0.038997777328753286,0.031319458476459894,0.0297029702970297,0.01858961406344716,0.01212366134572641,0.005051525560719338,0.84660708912697,0.03493326299740447,0.0,0.0,0.0,0.0,0.0,0.0,0.0,0.0,0.0,0.0,0.0,0.0,0.0,0.0,0.0,0.0,0.0,0.0,0.0,0.0,0.0,0.10305112143867451,0.3334006870074763,1.8306728632046823,7.8682562133764415,12.457062032733889,5.595069711052739,1.3639119013942214,0.3455243483532028,0.10305112143867451,4.246532156368222,2.8123989040942132,3.642857142857143,2.675474400046863,0.8578428253261215,4.22517394054396,2.8021224084401766,4.256948733786288,2.821113956794999,1.0075203515143893,0.395,0.01081,0.0,0.0,0.0,0.0,0.0,0.0,0.0,0.0,0.0,0.0,0.11517478278440091,20.458678520913285,9.420084865629422,0.006061830672863206,0.0,0.0,0.0,0.0,0.0,0.0,0.0,0.0,0.0,0.0,0.0,0.0,0.0,0.0,0.0,0.0,nan,nan,4.24125,2.8117918552944134,nan,0.395,0.05862,0.0,0.0,0.0,0.0,0.0,0.0,0.0,0.0,0.0,0.0,0.0,0.0,0.0,0.0,0.0,0.0,0.0,0.0,0.0,0.0,0.0,0.0,1.0103051121438674e-05,6.0618306728632044e-05,0.00020206102242877348,0.0024954536269953527,0.010355627399474642,0.0025055566781167914,0.008173368357243888,0.011173974540311174,0.04139220044453425,0.025510204081632654,0.028025863810870882,0.032279248332996564,0.020327338856334615,0.07891493230955748,0.044140230349565567,0.052414629218023846,0.07374217013538088,0.1000505152556072,0.07426752879369569,0.06486158819963629,0.0533441099211962,0.05021216407355021,0.04126086077995555,0.029359466558900787,0.0271165892099414,0.025944635279854515,0.01911497272176197,0.006041624570620328,0.02417660133360275,0.010911295211153768,0.03490604162457062,0.0016670034350373814,0.00221256819559507,0.0024954536269953527,0.0,0.0,0.00033340068700747627,0.0,0.0,0.0,0.0,0.0,0.0,0.0,0.0,0.0,0.0,0.0,0.0,0.0,0.0,0.0,0.0,0.0,0.0,0.0,0.0,0.0,0.0,0.0,0.0,0.0,0.0,0.0,0.0,0.0,0.0,0.0,0.0,0.0,0.0,0.0,0.0,0.0,0.0,0.0,0.0,0.0,0.0,nan,nan,4.24125,2.8117918552944134,nan,0.8467282057282276,0.035493556968947085,0.0,0.0,0.0,0.0,0.0,0.0,0.0,0.0,0.0,0.0,0.0,0.0,0.0,0.0,0.0,0.0,0.0,0.0,0.0,0.0,0.0,0.10731319554848968,0.36963434022257563,1.7170111287758292,8.131955484896663,12.090620031796504,5.782988871224167,1.299682034976153,0.3338632750397457,0.16693163751987286,0.8464818407222169,0.034343793396091955,0.0,0.0,0.0,0.0,0.0,0.0,0.0,0.0,0.0,0.0,0.0,0.0,0.0,0.0,0.0,0.0,0.0,0.0,0.0,0.0,0.0,0.09864364981504319,0.29593094944512954,1.9482120838470964,7.595561035758324,12.836004932182494,5.400739827373615,1.4303329223181263,0.35758323057953156,0.03699136868064119,0.3948,0.01049,0.0,0.0,0.0,0.0,0.0,0.0,0.0,0.0,0.0,0.0,0.08346581875993643,20.66375198728137,9.252782193958666,0.0,0.0,0.0,0.0,0.0,0.0,0.0,0.0,0.0,0.0,0.0,0.0,0.0,0.0,0.0,0.0,0.0,0.395,0.01114,0.0,0.0,0.0,0.0,0.0,0.0,0.0,0.0,0.0,0.0,0.14796547472256477,20.246609124537578,9.593094944512949,0.012330456226880398,0.0,0.0,0.0,0.0,0.0,0.0,0.0,0.0,0.0,0.0,0.0,0.0,0.0,0.0,0.0,0.0
62300,4847,2465,0.5085619971116154,1152,993,0.44254177841964104,1387,0.5723127707860532,0.40599999999999997,3.0083963056255247,3.058335162941831,6.455445544554456,2.069290011638771,8368.376727872912,506.62570443417025,7853.0,8866.4,8866.4,0.0,7853.0,0.0,28.29853517639777,21.06442816743414,33.18003913894325,19.321904181828856,0.13761089333608417,0.09304724571900144,0.09820507530431194,0.08396946564885496,0.08252527336496802,0.07778007014648236,0.07014648236022282,0.06251289457396328,0.050546729936042915,0.05756137817206519,0.04435733443367031,0.04188157623272127,0.03342273571281205,0.028471219310913967,0.016917681039818444,0.014029296472044563,0.007014648236022282,0.8451782117461528,0.034667577977126364,0.0,0.0,0.0,0.0,0.0,0.0,0.0,0.0,0.0,0.0,0.0,0.0,0.0,0.0,0.0,0.0,0.0,0.0,0.0,0.0,0.006189395502372603,0.06189395502372603,0.41468949865896443,2.0425005157829523,7.811017123994224,12.6511244068496,5.477615019599754,1.1388487724365588,0.2970909841138849,0.09903032803796165,4.303849825007954,2.8572364279923006,3.8947368421052633,2.788977115682478,0.9049425515440854,4.248576850094877,2.874049005095295,4.35632911392405,2.838521935402292,1.0253619665198634,0.395,0.01094,0.0,0.0,0.0,0.0,0.0,0.0,0.0,0.0,0.0,0.0,0.08046214153084384,20.301217247782102,9.605941819682279,0.012378791004745206,0.0,0.0,0.0,0.0,0.0,0.0,0.0,0.0,0.0,0.0,0.0,0.0,0.0,0.0,0.0,0.0,nan,nan,4.3013915243516765,2.8570060959264554,nan,0.395,0.05853,0.0,0.0,0.0,0.0,0.0,0.0,0.0,0.0,0.0,0.0,0.0,0.0,0.0,0.0,0.0,0.0,0.0,0.0,0.0,0.0,0.0,0.0,0.0,0.00014441922838869404,6.189395502372602e-05,0.0026201774293377346,0.011192490200123788,0.0023003919950484834,0.00843820920156798,0.009015886115122756,0.04133484629667836,0.027656282236434907,0.029162368475345573,0.03168970497214772,0.020136166701052196,0.07860532288013204,0.041231689704972145,0.05153703321642253,0.07193109139674025,0.09971116154322261,0.07629461522591294,0.07070352795543636,0.05420878894161337,0.04912316897049721,0.038487724365586964,0.027625335258923044,0.028254590468330926,0.02706828966370951,0.02005364142768723,0.006364761708273159,0.023839488343305137,0.01049102537652156,0.03319579121105839,0.0020425005157829585,0.002991541159480091,0.0022075510625128945,0.0,0.0,0.00027852279760676705,0.0,0.0,0.0,0.0,0.0,0.0,0.0,0.0,0.0,0.0,0.0,0.0,0.0,0.0,0.0,0.0,0.0,0.0,0.0,0.0,0.0,0.0,0.0,0.0,0.0,0.0,0.0,0.0,0.0,0.0,0.0,0.0,0.0,0.0,0.0,0.0,0.0,0.0,0.0,0.0,0.0,0.0,nan,nan,4.3013915243516765,2.8570060959264554,nan,0.8449764289188578,0.03485057022956089,0.0,0.0,0.0,0.0,0.0,0.0,0.0,0.0,0.0,0.0,0.0,0.0,0.0,0.0,0.0,0.0,0.0,0.0,0.0,0.0,0.0,0.07302231237322516,0.4503042596348885,2.1419878296145978,7.557809330628805,12.778904665314405,5.379310344827588,1.2292089249492903,0.32860040567951326,0.06085192697768764,0.8453870256291429,0.03447594339696548,0.0,0.0,0.0,0.0,0.0,0.0,0.0,0.0,0.0,0.0,0.0,0.0,0.0,0.0,0.0,0.0,0.0,0.0,0.0,0.0,0.012594458438287156,0.050377833753148624,0.3778337531486147,1.9395465994962156,8.073047858942067,12.518891687657433,5.579345088161211,1.0453400503778338,0.2644836272040303,0.13853904282115873,0.3953,0.010994,0.0,0.0,0.0,0.0,0.0,0.0,0.0,0.0,0.0,0.0,0.10953346855983775,19.97160243407705,9.89452332657201,0.024340770791075057,0.0,0.0,0.0,0.0,0.0,0.0,0.0,0.0,0.0,0.0,0.0,0.0,0.0,0.0,0.0,0.0,0.3948,0.01087,0.0,0.0,0.0,0.0,0.0,0.0,0.0,0.0,0.0,0.0,0.050377833753148624,20.642317380352615,9.307304785894209,0.0,0.0,0.0,0.0,0.0,0.0,0.0,0.0,0.0,0.0,0.0,0.0,0.0,0.0,0.0,0.0,0.0
62400,4543,2331,0.5130970724191063,1126,923,0.45102355271846795,1251,0.5507373981950253,0.446,2.9321880650994574,3.1163272572107656,6.577371048252912,2.183226118222355,8372.972573189521,506.5261383195625,7853.0,8866.4,8866.4,0.0,7853.0,0.0,28.049306625577813,20.78031457330049,32.8076522644456,19.060691410851685,0.13603345806735637,0.09531146819282413,0.1010345586616773,0.08540611930442439,0.07704160246533127,0.08012326656394453,0.06889720449042483,0.06317411402157165,0.05370900286154524,0.05635042923178516,0.05062733876293198,0.041382346467092226,0.029716046665199208,0.02531366938146599,0.020250935505172794,0.009465111160026414,0.0061633281972265025,0.8452029478542086,0.03404949890399573,0.0,0.0,0.0,0.0,0.0,0.0,0.0,0.0,0.0,0.0,0.0,0.0,0.0,0.0,0.0,0.0,0.0,0.0,0.0,0.0,0.013207131851199651,0.04622496147919878,0.36979969183359024,2.0272947391591396,7.838432753686993,12.784503631961263,5.441338322694256,1.0895883777239712,0.2839533348007925,0.10565705480959721,4.189226048414593,2.900320328848484,4.8,2.761642023627731,1.14579637014731,4.276901987662782,2.908960371583569,4.109469442578912,2.8887076036029082,0.9608519097311912,0.3955,0.01067,0.0,0.0,0.0,0.0,0.0,0.0,0.0,0.0,0.0,0.0,0.11226062073519703,19.98239049086504,9.905348888399738,0.0,0.0,0.0,0.0,0.0,0.0,0.0,0.0,0.0,0.0,0.0,0.0,0.0,0.0,0.0,0.0,0.0,nan,nan,4.192333785617368,2.8999571151764645,nan,0.3955,0.0583,0.0,0.0,0.0,0.0,0.0,0.0,0.0,0.0,0.0,0.0,0.0,0.0,0.0,0.0,0.0,0.0,0.0,0.0,0.0,0.0,0.0,0.0,2.201188641866608e-05,0.00012106537530266344,1.100594320933304e-05,0.0024103015628439356,0.01075280651551838,0.0020581113801452786,0.008496588157605107,0.007770195905789126,0.04149240589918556,0.026711424169051288,0.029462909971384548,0.031576051067576494,0.0199537750385208,0.07841734536649791,0.04261501210653753,0.05156284393572529,0.07091129209773278,0.09896544133832269,0.08028835571208452,0.06832489544353951,0.05221219458507594,0.04898745322474136,0.03868589038080564,0.029088707902267225,0.028791547435615232,0.028879594981289898,0.020823244552058112,0.006053268765133172,0.023761831388950033,0.010543693594541052,0.03356812678846577,0.0014747963900506274,0.0030816640986132513,0.0018379925159586177,0.0,0.0,0.00028615452344265906,0.0,0.0,0.0,0.0,0.0,0.0,0.0,0.0,0.0,0.0,0.0,0.0,0.0,0.0,0.0,0.0,0.0,0.0,0.0,0.0,0.0,0.0,0.0,0.0,0.0,0.0,0.0,0.0,0.0,0.0,0.0,0.0,0.0,0.0,0.0,0.0,0.0,0.0,0.0,0.0,0.0,0.0,nan,nan,4.192333785617368,2.8999571151764645,nan,0.84414509374765,0.03269896290515179,0.0,0.0,0.0,0.0,0.0,0.0,0.0,0.0,0.0,0.0,0.0,0.0,0.0,0.0,0.0,0.0,0.0,0.0,0.0,0.0,0.012870012870012873,0.038610038610038616,0.3346203346203347,2.123552123552117,8.005148005148007,12.779922779922783,5.405405405405407,1.0424710424710426,0.21879021879021884,0.038610038610038616,0.8463177118335883,0.03538279606166855,0.0,0.0,0.0,0.0,0.0,0.0,0.0,0.0,0.0,0.0,0.0,0.0,0.0,0.0,0.0,0.0,0.0,0.0,0.0,0.0,0.013562386980108502,0.05424954792043401,0.40687160940325506,1.9258589511754007,7.6627486437613035,12.789330922242318,5.479204339963834,1.1392405063291142,0.3526220614828211,0.17631103074141055,0.3955,0.01059,0.0,0.0,0.0,0.0,0.0,0.0,0.0,0.0,0.0,0.0,0.09009009009009011,19.755469755469726,10.154440154440156,0.0,0.0,0.0,0.0,0.0,0.0,0.0,0.0,0.0,0.0,0.0,0.0,0.0,0.0,0.0,0.0,0.0,0.3953,0.01074,0.0,0.0,0.0,0.0,0.0,0.0,0.0,0.0,0.0,0.0,0.135623869801085,20.221518987341742,9.642857142857144,0.0,0.0,0.0,0.0,0.0,0.0,0.0,0.0,0.0,0.0,0.0,0.0,0.0,0.0,0.0,0.0,0.0
62500,4935,2565,0.5197568389057751,1256,999,0.4569402228976697,1386,0.5617021276595745,0.40199999999999997,2.880168776371308,3.0236736766986128,6.382039573820395,2.1802727221681613,8379.721580547113,506.30428233661553,7853.0,8866.4,8866.4,0.0,7853.0,0.0,27.945896656534956,20.541497053453046,32.66978193146417,18.811658485312307,0.13333333333333333,0.09868287740628166,0.09219858156028368,0.08591691995947315,0.08490374873353597,0.0812563323201621,0.07416413373860183,0.06160081053698075,0.05694022289766971,0.05126646403242148,0.04721377912867274,0.041742654508611955,0.032624113475177303,0.025329280648429583,0.017831813576494427,0.009321175278622086,0.005673758865248227,0.8450783494758026,0.03387485226138917,0.0,0.0,0.0,0.0,0.0,0.0,0.0,0.0,0.0,0.0,0.0,0.0,0.0,0.0,0.0,0.0,0.0,0.0,0.0,0.0,0.006079027355623102,0.048632218844984816,0.43768996960486334,1.8237082066869246,7.9088145896656545,12.978723404255321,5.313069908814591,1.142857142857143,0.21276595744680857,0.12765957446808512,4.155339805825243,2.8674087653043827,4.05,3.1855140872392953,0.9746495327102803,4.128589263420724,2.8595406827302434,4.183229813664596,2.8781622851625763,1.0132346781812342,0.3948,0.01049,0.0,0.0,0.0,0.0,0.0,0.0,0.0,0.0,0.0,0.0,0.06686930091185411,20.64437689969602,9.276595744680852,0.012158054711246204,0.0,0.0,0.0,0.0,0.0,0.0,0.0,0.0,0.0,0.0,0.0,0.0,0.0,0.0,0.0,0.0,nan,nan,4.154684095860566,2.8695099141361484,nan,0.3948,0.05844,0.0,0.0,0.0,0.0,0.0,0.0,0.0,0.0,0.0,0.0,0.0,0.0,0.0,0.0,0.0,0.0,0.0,0.0,0.0,0.0,0.0,0.0,0.00010131712259371833,8.105369807497467e-05,0.0,0.002624113475177305,0.011631205673758865,0.0023606889564336373,0.007041540020263424,0.008439716312056738,0.043302938196555216,0.029523809523809525,0.030921985815602838,0.030374873353596756,0.01883485309017224,0.07689969604863221,0.04041540020263425,0.05254305977710233,0.06632218844984802,0.09885511651469098,0.08467071935157042,0.06997973657548126,0.0525531914893617,0.04689969604863222,0.038905775075987845,0.028794326241134753,0.03138804457953394,0.028206686930091186,0.020476190476190478,0.0060790273556231,0.022634245187436678,0.009898682877406282,0.032289766970618035,0.001641337386018237,0.0031408308004052684,0.001651469098277609,3.0395136778115502e-05,0.0,0.00048632218844984804,0.0,0.0,0.0,0.0,0.0,0.0,0.0,0.0,0.0,0.0,0.0,0.0,0.0,0.0,0.0,0.0,0.0,0.0,0.0,0.0,0.0,0.0,0.0,0.0,0.0,0.0,0.0,0.0,0.0,0.0,0.0,0.0,0.0,0.0,0.0,0.0,0.0,0.0,0.0,0.0,0.0,0.0,nan,nan,4.154684095860566,2.8695099141361484,nan,0.8447827915234408,0.03352559891709327,0.0,0.0,0.0,0.0,0.0,0.0,0.0,0.0,0.0,0.0,0.0,0.0,0.0,0.0,0.0,0.0,0.0,0.0,0.0,0.0,0.0,0.04678362573099416,0.4912280701754387,1.894736842105257,7.578947368421054,13.403508771929827,5.169590643274855,1.0643274853801172,0.22222222222222227,0.12865497076023394,0.8453982254875361,0.03424595462023419,0.0,0.0,0.0,0.0,0.0,0.0,0.0,0.0,0.0,0.0,0.0,0.0,0.0,0.0,0.0,0.0,0.0,0.0,0.0,0.0,0.012658227848101269,0.050632911392405076,0.37974683544303806,1.7468354430379693,8.265822784810128,12.518987341772155,5.468354430379748,1.2278481012658229,0.2025316455696203,0.1265822784810127,0.395,0.010506,0.0,0.0,0.0,0.0,0.0,0.0,0.0,0.0,0.0,0.0,0.0584795321637427,20.397660818713423,9.53216374269006,0.01169590643274854,0.0,0.0,0.0,0.0,0.0,0.0,0.0,0.0,0.0,0.0,0.0,0.0,0.0,0.0,0.0,0.0,0.3948,0.01047,0.0,0.0,0.0,0.0,0.0,0.0,0.0,0.0,0.0,0.0,0.07594936708860761,20.91139240506326,9.000000000000002,0.012658227848101269,0.0,0.0,0.0,0.0,0.0,0.0,0.0,0.0,0.0,0.0,0.0,0.0,0.0,0.0,0.0,0.0
62600,4418,2334,0.5282933454051607,1089,887,0.44726120416478043,1227,0.555454956994115,0.446,3.052303262955854,3.114058499446341,6.64957264957265,2.094013605439271,8388.37247623359,505.8881092757904,7853.0,8866.4,8866.400000000001,1.8189894035458565e-12,7853.0,0.0,28.060887279311906,20.881754558812194,33.09562398703404,19.06195753438872,0.14010864644635582,0.0946129470348574,0.10208239022181982,0.07627885921231327,0.07741059302851969,0.07808963331824355,0.07197827071072883,0.06677229515617927,0.06066093254866455,0.05138071525577184,0.04436396559529199,0.04006337709370756,0.03508374830239928,0.02512449071978271,0.01607062019013128,0.013807152557718425,0.0061113626075147125,0.8454463014563807,0.033612446231830885,0.0,0.0,0.0,0.0,0.0,0.0,0.0,0.0,0.0,0.0,0.0,0.0,0.0,0.0,0.0,0.0,0.0,0.0,0.0,0.0,0.006790402897238571,0.08148483476686284,0.37347215934812145,1.9013128112267936,7.65278406518787,13.06473517428701,5.371208691715709,1.201901312811227,0.29198732458125853,0.05432322317790857,4.236498411577832,2.8655940729345417,5.066666666666666,2.7438820836342237,1.1959562295173027,4.3201663201663205,2.895270973938647,4.159430604982206,2.832486621099465,0.9627940909511266,0.3953,0.01095,0.0,0.0,0.0,0.0,0.0,0.0,0.0,0.0,0.0,0.0,0.1358080579447714,20.018107741059275,9.812132186509734,0.03395201448619285,0.0,0.0,0.0,0.0,0.0,0.0,0.0,0.0,0.0,0.0,0.0,0.0,0.0,0.0,0.0,0.0,nan,nan,4.240870786516854,2.865596654372535,nan,0.3953,0.0588,0.0,0.0,0.0,0.0,0.0,0.0,0.0,0.0,0.0,0.0,0.0,0.0,0.0,0.0,0.0,0.0,0.0,0.0,0.0,0.0,0.0,0.0,0.00012449071978270712,0.00015844273426889995,0.0,0.0030330466274332275,0.011905839746491625,0.002037120869171571,0.006846989588048891,0.007254413761883205,0.042134449977365325,0.030036215482118607,0.03325033952014486,0.029504300588501585,0.019454504300588503,0.07601856043458578,0.040436849253055684,0.05156179266636487,0.06899049343594386,0.09979628791308284,0.08421231326392033,0.06819827976459937,0.0507922136713445,0.04503168854685378,0.036826618379357176,0.030013580805794478,0.033159800814848345,0.026878678134902672,0.02090312358533273,0.006960162969669534,0.023325033952014487,0.009891353553644183,0.033929379809868716,0.0015504753282028067,0.0037120869171570845,0.0016523313716613852,9.053870529651426e-05,0.0,0.00030556813037573564,2.2634676324128565e-05,0.0,0.0,0.0,0.0,0.0,0.0,0.0,0.0,0.0,0.0,0.0,0.0,0.0,0.0,0.0,0.0,0.0,0.0,0.0,0.0,0.0,0.0,0.0,0.0,0.0,0.0,0.0,0.0,0.0,0.0,0.0,0.0,0.0,0.0,0.0,0.0,0.0,0.0,0.0,0.0,0.0,nan,nan,4.240870786516854,2.865596654372535,nan,0.8458572767847301,0.03367239355292178,0.0,0.0,0.0,0.0,0.0,0.0,0.0,0.0,0.0,0.0,0.0,0.0,0.0,0.0,0.0,0.0,0.0,0.0,0.0,0.0,0.0,0.08997429305912599,0.39845758354755795,1.8251928020565493,7.50642673521851,13.123393316195376,5.514138817480721,1.1696658097686377,0.2956298200514139,0.07712082262210798,0.8449860248650333,0.03353920255849851,0.0,0.0,0.0,0.0,0.0,0.0,0.0,0.0,0.0,0.0,0.0,0.0,0.0,0.0,0.0,0.0,0.0,0.0,0.0,0.0,0.014395393474088296,0.07197696737044147,0.34548944337811904,1.9865642994241781,7.816698656429944,12.999040307101732,5.211132437619963,1.2380038387715933,0.2879078694817659,0.02879078694817659,0.395,0.01092,0.0,0.0,0.0,0.0,0.0,0.0,0.0,0.0,0.0,0.0,0.07712082262210798,20.26992287917735,9.640102827763497,0.012853470437017999,0.0,0.0,0.0,0.0,0.0,0.0,0.0,0.0,0.0,0.0,0.0,0.0,0.0,0.0,0.0,0.0,0.3953,0.01097,0.0,0.0,0.0,0.0,0.0,0.0,0.0,0.0,0.0,0.0,0.20153550863723613,19.73608445297502,10.004798464491364,0.05758157389635318,0.0,0.0,0.0,0.0,0.0,0.0,0.0,0.0,0.0,0.0,0.0,0.0,0.0,0.0,0.0,0.0
62700,4930,2525,0.5121703853955375,1172,1027,0.4460446247464503,1382,0.5606490872210953,0.40199999999999997,2.9351351351351354,3.069525692269327,6.597503900156006,2.12266426876195,8372.033468559837,506.5498746947662,7853.0,8866.4,8866.399999999998,1.8189894035458565e-12,7853.0,0.0,27.796957403651117,20.736655350464456,32.55320682200336,19.059441291690888,0.13813387423935092,0.09858012170385395,0.09837728194726167,0.08884381338742393,0.0797160243407708,0.0742393509127789,0.0693711967545639,0.06490872210953347,0.05862068965517241,0.05050709939148073,0.04949290060851927,0.038336713995943204,0.03204868154158215,0.024949290060851927,0.017241379310344827,0.009127789046653144,0.007505070993914807,0.8459778496870888,0.03436737007206989,0.0,0.0,0.0,0.0,0.0,0.0,0.0,0.0,0.0,0.0,0.0,0.0,0.0,0.0,0.0,0.0,0.0,0.0,0.0,0.0,0.0,0.11561866125760652,0.36511156186612587,1.8559837728194668,7.801217038539555,12.669371196754566,5.634888438133876,1.162271805273834,0.32860040567951326,0.0669371196754564,4.34176,2.85841916142472,3.925925925925926,2.827456990221084,0.9042245370370371,4.411132194813409,2.8467903154555643,4.26479949077021,2.8681889028321454,0.9668264976925297,0.395,0.01093,0.0,0.0,0.0,0.0,0.0,0.0,0.0,0.0,0.0,0.0,0.11561866125760652,20.288032454361026,9.59634888438134,0.0,0.0,0.0,0.0,0.0,0.0,0.0,0.0,0.0,0.0,0.0,0.0,0.0,0.0,0.0,0.0,0.0,nan,nan,4.338197969543147,2.8584122534292096,nan,0.395,0.0587,0.0,0.0,0.0,0.0,0.0,0.0,0.0,0.0,0.0,0.0,0.0,0.0,0.0,0.0,0.0,0.0,0.0,0.0,0.0,0.0,0.0,0.0,8.113590263691683e-05,0.0002941176470588235,6.085192697768763e-05,0.0028296146044624747,0.01152129817444219,0.0019066937119675456,0.007454361054766734,0.00742393509127789,0.0423630831643002,0.028975659229208924,0.03648073022312373,0.031247464503042596,0.016764705882352942,0.07508113590263692,0.03981744421906694,0.052210953346855986,0.06683569979716024,0.09946247464503043,0.08323529411764706,0.06829614604462475,0.049787018255578096,0.04774847870182556,0.040050709939148076,0.03,0.033803245436105474,0.025405679513184586,0.021227180527383368,0.007515212981744422,0.021531440162271806,0.009878296146044624,0.03335699797160244,0.001845841784989858,0.003864097363083164,0.0014401622718052739,3.0425963488843814e-05,2.0283975659229208e-05,0.00015212981744421906,0.0,0.0,0.0,0.0,0.0,0.0,0.0,0.0,0.0,0.0,0.0,0.0,0.0,0.0,0.0,0.0,0.0,0.0,0.0,0.0,0.0,0.0,0.0,0.0,0.0,0.0,0.0,0.0,0.0,0.0,0.0,0.0,0.0,0.0,0.0,0.0,0.0,0.0,0.0,0.0,0.0,0.0,nan,nan,4.338197969543147,2.8584122534292096,nan,0.8464955436593236,0.03555046909131847,0.0,0.0,0.0,0.0,0.0,0.0,0.0,0.0,0.0,0.0,0.0,0.0,0.0,0.0,0.0,0.0,0.0,0.0,0.0,0.0,0.0,0.09504950495049508,0.41584158415841593,1.9009900990098951,7.770297029702972,12.344554455445547,5.679207920792081,1.2950495049504953,0.39207920792079215,0.10693069306930696,0.8454343248305846,0.03307101770877208,0.0,0.0,0.0,0.0,0.0,0.0,0.0,0.0,0.0,0.0,0.0,0.0,0.0,0.0,0.0,0.0,0.0,0.0,0.0,0.0,0.0,0.13721413721413725,0.3118503118503119,1.8087318087318032,7.8336798336798354,13.010395010395014,5.58835758835759,1.0228690228690231,0.261954261954262,0.024948024948024953,0.395,0.0109,0.0,0.0,0.0,0.0,0.0,0.0,0.0,0.0,0.0,0.0,0.11881188118811883,20.162376237623732,9.71881188118812,0.0,0.0,0.0,0.0,0.0,0.0,0.0,0.0,0.0,0.0,0.0,0.0,0.0,0.0,0.0,0.0,0.0,0.395,0.010956,0.0,0.0,0.0,0.0,0.0,0.0,0.0,0.0,0.0,0.0,0.11226611226611229,20.41995841995839,9.46777546777547,0.0,0.0,0.0,0.0,0.0,0.0,0.0,0.0,0.0,0.0,0.0,0.0,0.0,0.0,0.0,0.0,0.0
62800,4777,2531,0.5298304375130836,1251,933,0.4571907054636801,1301,0.5446933221687251,0.418,3.028940338379341,3.119975488950154,6.516030534351145,2.270145329238097,8389.93016537576,505.79741705682335,7853.0,8866.4,8866.399999999998,1.8189894035458565e-12,7853.0,0.0,28.084362570651034,20.726560955753108,32.99626772829062,18.920315507259215,0.13816202637638686,0.09399204521666318,0.09441071802386435,0.08373456144023446,0.08226920661503036,0.07954783336822273,0.0711743772241993,0.062172911869374084,0.057148838182960016,0.058404856604563536,0.04772870002093364,0.04040192589491313,0.031400460540087924,0.023027004396064477,0.017793594306049824,0.011513502198032238,0.0071174377224199285,0.8470971703479449,0.03453606554711135,0.0,0.0,0.0,0.0,0.0,0.0,0.0,0.0,0.0,0.0,0.0,0.0,0.0,0.0,0.0,0.0,0.0,0.0,0.0,0.0,0.012560184216035171,0.0879212895122462,0.42076617123717824,1.8275068034331112,6.977182332007538,12.962110110948297,6.047728700020935,1.2936989742516227,0.3202846975088968,0.050240736864140684,4.186774193548387,2.8992133383505103,4.0,2.9154759474226504,0.9553894753062641,4.256687898089172,2.865960424948235,4.108457069076824,2.9251231634302757,0.9651769562248411,0.396,0.01077,0.0,0.0,0.0,0.0,0.0,0.0,0.0,0.0,0.0,0.0,0.0439606447561231,19.4745656269625,10.468913544065316,0.012560184216035171,0.0,0.0,0.0,0.0,0.0,0.0,0.0,0.0,0.0,0.0,0.0,0.0,0.0,0.0,0.0,0.0,nan,nan,4.185576923076923,2.899356192989477,nan,0.396,0.0589,0.0,0.0,0.0,0.0,0.0,0.0,0.0,0.0,0.0,0.0,0.0,0.0,0.0,0.0,0.0,0.0,0.0,0.0,0.0,0.0,0.0,0.0,0.0,0.0004396064475612309,0.0001256018421603517,0.002595771404647268,0.010958760728490684,0.002501570023027004,0.007933849696462214,0.007284906845300398,0.039637848021770984,0.026784592840694996,0.03751308352522504,0.03288674900565208,0.017542390621729118,0.07226292652292234,0.03799455725350639,0.05137115344358384,0.06608750261670504,0.10212476449654595,0.0823215407159305,0.06654804270462633,0.051528155746284277,0.04916265438559766,0.03747121624450492,0.03100272137324681,0.03473937617751727,0.026355453213313795,0.023644546786686205,0.00709650408205987,0.020682436675737912,0.011042495289930919,0.03428930290977601,0.0018002930709650408,0.004092526690391459,0.0018212267113250995,0.0,7.326774126020516e-05,0.00028260414486079127,0.0,0.0,0.0,0.0,0.0,0.0,0.0,0.0,0.0,0.0,0.0,0.0,0.0,0.0,0.0,0.0,0.0,0.0,0.0,0.0,0.0,0.0,0.0,0.0,0.0,0.0,0.0,0.0,0.0,0.0,0.0,0.0,0.0,0.0,0.0,0.0,0.0,0.0,0.0,0.0,0.0,0.0,nan,nan,4.185576923076923,2.899356192989477,nan,0.8466857874737291,0.034743433820295655,0.0,0.0,0.0,0.0,0.0,0.0,0.0,0.0,0.0,0.0,0.0,0.0,0.0,0.0,0.0,0.0,0.0,0.0,0.0,0.0,0.023706045041485584,0.09482418016594234,0.5096799683919401,1.7186882655076992,7.123666534966418,12.919794547609643,6.045041485578824,1.185302252074279,0.35559067562228375,0.023706045041485584,0.8475607545218719,0.03429496830983951,0.0,0.0,0.0,0.0,0.0,0.0,0.0,0.0,0.0,0.0,0.0,0.0,0.0,0.0,0.0,0.0,0.0,0.0,0.0,0.0,0.0,0.08014247551202139,0.32056990204808555,1.950133570792514,6.812110418521818,13.009795191451472,6.050756901157615,1.415850400712378,0.2804986642920749,0.08014247551202139,0.396,0.010864,0.0,0.0,0.0,0.0,0.0,0.0,0.0,0.0,0.0,0.0,0.04741209008297117,19.438956934018147,10.501777953378115,0.011853022520742792,0.0,0.0,0.0,0.0,0.0,0.0,0.0,0.0,0.0,0.0,0.0,0.0,0.0,0.0,0.0,0.0,0.396,0.01068,0.0,0.0,0.0,0.0,0.0,0.0,0.0,0.0,0.0,0.0,0.040071237756010694,19.514692787177175,10.431878895814783,0.013357079252003565,0.0,0.0,0.0,0.0,0.0,0.0,0.0,0.0,0.0,0.0,0.0,0.0,0.0,0.0,0.0,0.0
62900,5024,2604,0.518312101910828,1291,980,0.45203025477707004,1376,0.5477707006369427,0.40199999999999997,2.971487603305785,3.1164077012788494,6.529577464788733,2.1743961030624783,8378.257484076434,506.3600594288146,7853.0,8866.4,8866.4,0.0,7853.0,0.0,27.8953025477707,20.586711367780723,32.78750591575958,18.777101759222152,0.13953025477707007,0.09494426751592357,0.0999203821656051,0.08359872611464968,0.0758359872611465,0.07364649681528662,0.07364649681528662,0.06449044585987261,0.06309713375796179,0.05493630573248408,0.04757165605095542,0.04398885350318471,0.028662420382165606,0.026273885350318472,0.014729299363057325,0.008957006369426751,0.006170382165605096,0.8440849489894262,0.03522898631990597,0.0,0.0,0.0,0.0,0.0,0.0,0.0,0.0,0.0,0.0,0.0,0.0,0.0,0.0,0.0,0.0,0.0,0.0,0.0,0.017914012738853506,0.011942675159235671,0.12539808917197454,0.4956210191082803,1.8690286624203765,8.073248407643314,12.754777070063698,5.129378980891722,1.1703821656050957,0.2687101910828026,0.0835987261146497,4.165157664689354,2.928944746160784,4.351351351351352,3.3789188756825927,1.0447026743406325,4.25764993880049,2.970327489554816,4.075342465753424,2.894780328748365,0.9571811972173487,0.396,0.01096,0.0,0.0,0.0,0.0,0.0,0.0,0.0,0.0,0.0,0.0,0.07165605095541402,19.424761146496785,10.491640127388537,0.011942675159235671,0.0,0.0,0.0,0.0,0.0,0.0,0.0,0.0,0.0,0.0,0.0,0.0,0.0,0.0,0.0,0.0,nan,nan,4.167283950617284,2.934539529927205,nan,0.396,0.059,0.0,0.0,0.0,0.0,0.0,0.0,0.0,0.0,0.0,0.0,0.0,0.0,0.0,0.0,0.0,0.0,0.0,0.0,0.0,0.0,0.0,0.0,3.980891719745223e-05,0.00036823248407643315,0.00011942675159235669,0.0027269108280254775,0.011743630573248409,0.0028662420382165603,0.006976512738853503,0.007523885350318471,0.040147292993630575,0.028851512738853502,0.03796775477707006,0.03200636942675159,0.018560907643312103,0.07049164012738854,0.03597730891719745,0.0484375,0.06566480891719745,0.10537420382165605,0.07928941082802547,0.06670979299363057,0.052527866242038215,0.04911425159235669,0.039570063694267514,0.032513933121019106,0.03549960191082802,0.027876194267515923,0.021068869426751593,0.006488853503184714,0.022292993630573247,0.009882563694267515,0.03402667197452229,0.001721735668789809,0.003453423566878981,0.0014629777070063693,5.9713375796178344e-05,8.957006369426751e-05,0.0005075636942675159,0.0,0.0,0.0,0.0,0.0,0.0,0.0,0.0,0.0,0.0,0.0,0.0,0.0,0.0,0.0,0.0,0.0,0.0,0.0,0.0,0.0,0.0,0.0,0.0,0.0,0.0,0.0,0.0,0.0,0.0,0.0,0.0,0.0,0.0,0.0,0.0,0.0,0.0,0.0,0.0,0.0,0.0,nan,nan,4.167283950617284,2.934539529927205,nan,0.8444105408708071,0.035726232369115964,0.0,0.0,0.0,0.0,0.0,0.0,0.0,0.0,0.0,0.0,0.0,0.0,0.0,0.0,0.0,0.0,0.0,0.0,0.0,0.03456221198156682,0.011520737327188942,0.12672811059907838,0.4608294930875577,1.8317972350230358,8.018433179723504,12.63824884792627,5.264976958525347,1.244239631336406,0.29953917050691253,0.06912442396313365,0.8437346013616924,0.03468255825977107,0.0,0.0,0.0,0.0,0.0,0.0,0.0,0.0,0.0,0.0,0.0,0.0,0.0,0.0,0.0,0.0,0.0,0.0,0.0,0.0,0.012396694214876035,0.12396694214876035,0.5330578512396695,1.9090909090909032,8.132231404958679,12.880165289256201,4.983471074380166,1.090909090909091,0.23553719008264468,0.09917355371900828,0.3958,0.010994,0.0,0.0,0.0,0.0,0.0,0.0,0.0,0.0,0.0,0.0,0.057603686635944715,19.447004608294904,10.495391705069126,0.0,0.0,0.0,0.0,0.0,0.0,0.0,0.0,0.0,0.0,0.0,0.0,0.0,0.0,0.0,0.0,0.0,0.396,0.01093,0.0,0.0,0.0,0.0,0.0,0.0,0.0,0.0,0.0,0.0,0.08677685950413226,19.400826446280966,10.487603305785127,0.02479338842975207,0.0,0.0,0.0,0.0,0.0,0.0,0.0,0.0,0.0,0.0,0.0,0.0,0.0,0.0,0.0,0.0
63000,4668,2388,0.5115681233933161,1132,979,0.4522279348757498,1349,0.5779777206512425,0.422,3.04780701754386,3.095539308728057,6.527570789865872,2.0822290948783935,8371.423136246787,506.56436716032357,7853.0,8866.4,8866.399999999998,1.8189894035458565e-12,7853.0,0.0,28.637103684661525,21.100502424815677,33.3876829883897,19.358793275009983,0.1296058269065981,0.10197086546700942,0.08718937446443874,0.08740359897172237,0.08397600685518423,0.0734790059982862,0.06983718937446444,0.06491002570694088,0.060411311053984576,0.05119965724078834,0.04134532990574122,0.04498714652956298,0.037060839760068555,0.028063410454155956,0.019065981148243358,0.011568123393316195,0.007926306769494431,0.843707056015398,0.03344258138069248,0.0,0.0,0.0,0.0,0.0,0.0,0.0,0.0,0.0,0.0,0.0,0.0,0.0,0.0,0.0,0.0,0.0,0.0,0.0,0.0,0.006426735218508999,0.08997429305912599,0.366323907455013,1.953727506426729,8.59897172236504,12.410025706940877,5.321336760925451,0.9383033419023138,0.24421593830334196,0.07069408740359899,4.2642810242941565,2.85409324513954,3.4615384615384617,2.5302898774459273,0.811751955796917,4.250323415265201,2.8455413068129976,4.264744429882045,2.859424101611243,1.0033929217162747,0.396,0.01101,0.0,0.0,0.0,0.0,0.0,0.0,0.0,0.0,0.0,0.0,0.051413881748071995,19.44087403598969,10.488431876606686,0.019280205655526995,0.0,0.0,0.0,0.0,0.0,0.0,0.0,0.0,0.0,0.0,0.0,0.0,0.0,0.0,0.0,0.0,nan,nan,4.257486979166667,2.852455071464981,nan,0.396,0.05893,0.0,0.0,0.0,0.0,0.0,0.0,0.0,0.0,0.0,0.0,0.0,0.0,0.0,0.0,0.0,0.0,0.0,4.2844901456726646e-05,0.0,0.0,0.0,0.0,0.0,0.00019280205655526994,0.00024635818337617824,0.0029777206512425023,0.011482433590402743,0.002817052270779777,0.007904884318766067,0.006983718937446444,0.040113538988860324,0.029080976863753213,0.03679305912596401,0.03152313624678663,0.016398886032562125,0.07244001713796058,0.03634318766066838,0.049003856041131104,0.06513496143958869,0.10345972579263067,0.07717437874892888,0.06791988003427592,0.051520994001713796,0.051510282776349614,0.04118466152527849,0.03356898029134533,0.03534704370179949,0.02822407883461868,0.02118680377035133,0.006887317909168809,0.021743787489288773,0.009500856898029134,0.03460796915167095,0.0016388174807197944,0.0030098543273350473,0.0010282776349614395,0.0002784918594687232,8.568980291345329e-05,0.0006426735218508997,0.0,0.0,0.0,0.0,0.0,0.0,0.0,0.0,0.0,0.0,0.0,0.0,0.0,0.0,0.0,0.0,0.0,0.0,0.0,0.0,0.0,0.0,0.0,0.0,0.0,0.0,0.0,0.0,0.0,0.0,0.0,0.0,0.0,0.0,0.0,0.0,0.0,0.0,0.0,0.0,0.0,0.0,nan,nan,4.257486979166667,2.852455071464981,nan,0.8438080417201347,0.03322817687405809,0.0,0.0,0.0,0.0,0.0,0.0,0.0,0.0,0.0,0.0,0.0,0.0,0.0,0.0,0.0,0.0,0.0,0.0,0.0,0.0,0.012562814070351761,0.08793969849246233,0.26381909547738697,2.0728643216080336,8.63065326633166,12.248743718592968,5.502512562814072,0.9045226130653268,0.17587939698492466,0.10050251256281409,0.8436012867772789,0.03366535311769718,0.0,0.0,0.0,0.0,0.0,0.0,0.0,0.0,0.0,0.0,0.0,0.0,0.0,0.0,0.0,0.0,0.0,0.0,0.0,0.0,0.0,0.09210526315789476,0.4736842105263159,1.828947368421047,8.565789473684212,12.578947368421057,5.131578947368422,0.973684210526316,0.31578947368421056,0.03947368421052632,0.3962,0.01097,0.0,0.0,0.0,0.0,0.0,0.0,0.0,0.0,0.0,0.0,0.08793969849246233,19.321608040200978,10.577889447236183,0.012562814070351761,0.0,0.0,0.0,0.0,0.0,0.0,0.0,0.0,0.0,0.0,0.0,0.0,0.0,0.0,0.0,0.0,0.396,0.01105,0.0,0.0,0.0,0.0,0.0,0.0,0.0,0.0,0.0,0.0,0.013157894736842108,19.56578947368418,10.394736842105265,0.026315789473684216,0.0,0.0,0.0,0.0,0.0,0.0,0.0,0.0,0.0,0.0,0.0,0.0,0.0,0.0,0.0,0.0
63100,4760,2477,0.5203781512605042,1216,937,0.4523109243697479,1309,0.55,0.43,3.021024967148489,3.1501337185654728,6.632986627043091,2.1861198288772887,8380.351218487394,506.27899144146375,7853.0,8866.4,8866.4,0.0,7853.0,0.0,28.294747899159663,20.91430830181022,33.209725685785536,19.11339453232191,0.13907563025210085,0.09117647058823529,0.0930672268907563,0.08550420168067227,0.0792016806722689,0.07752100840336135,0.075,0.06533613445378152,0.05588235294117647,0.05903361344537815,0.045168067226890755,0.038865546218487396,0.029201680672268908,0.026050420168067228,0.019747899159663865,0.010714285714285714,0.009453781512605041,0.8441144184655502,0.03327385037776757,0.0,0.0,0.0,0.0,0.0,0.0,0.0,0.0,0.0,0.0,0.0,0.0,0.0,0.0,0.0,0.0,0.0,0.0,0.0,0.0,0.006302521008403363,0.10084033613445381,0.33403361344537824,2.0420168067226827,7.90966386554622,13.172268907563028,5.0609243697479,1.0714285714285716,0.23319327731092443,0.06932773109243699,4.185640362225097,2.932919858746153,4.24,3.240740656084655,1.0129871735435019,4.144132653061225,2.8958787152475103,4.228534538411878,2.974509607813304,1.0203665983733188,0.396,0.010704,0.0,0.0,0.0,0.0,0.0,0.0,0.0,0.0,0.0,0.0,0.06302521008403363,19.298319327731065,10.638655462184877,0.0,0.0,0.0,0.0,0.0,0.0,0.0,0.0,0.0,0.0,0.0,0.0,0.0,0.0,0.0,0.0,0.0,nan,nan,4.186076355470004,2.935521159297797,nan,0.3962,0.0588,0.0,0.0,0.0,0.0,0.0,0.0,0.0,0.0,0.0,0.0,0.0,0.0,0.0,0.0,0.0,0.0,0.0,6.302521008403361e-05,0.0,0.0,0.0,0.0,0.0,0.00014705882352941175,0.00011554621848739496,0.0026995798319327732,0.011218487394957984,0.003161764705882353,0.008602941176470588,0.006165966386554622,0.037521008403361346,0.03264705882352941,0.038088235294117645,0.03189075630252101,0.016428571428571428,0.0711344537815126,0.03575630252100841,0.05036764705882353,0.06272058823529411,0.09936974789915966,0.0792436974789916,0.0654516806722689,0.05233193277310924,0.05472689075630252,0.04360294117647059,0.03281512605042017,0.03626050420168067,0.02917016806722689,0.020777310924369748,0.008046218487394959,0.020808823529411765,0.008665966386554622,0.032983193277310925,0.001995798319327731,0.0031092436974789915,0.0008823529411764706,0.0003361344537815126,9.453781512605042e-05,0.0005987394957983193,0.0,0.0,0.0,0.0,0.0,0.0,0.0,0.0,0.0,0.0,0.0,0.0,0.0,0.0,0.0,0.0,0.0,0.0,0.0,0.0,0.0,0.0,0.0,0.0,0.0,0.0,0.0,0.0,0.0,0.0,0.0,0.0,0.0,0.0,0.0,0.0,0.0,0.0,0.0,0.0,0.0,0.0,nan,nan,4.186076355470004,2.935521159297797,nan,0.8440563579119643,0.03297121940376234,0.0,0.0,0.0,0.0,0.0,0.0,0.0,0.0,0.0,0.0,0.0,0.0,0.0,0.0,0.0,0.0,0.0,0.0,0.0,0.0,0.012111425111021399,0.09689140088817119,0.29067420266451355,1.9983851433185242,8.23576907549455,13.019781994348005,4.965684295518774,1.0779168348809045,0.2301170771094066,0.07266855066612839,0.8441774127674478,0.03359900123608225,0.0,0.0,0.0,0.0,0.0,0.0,0.0,0.0,0.0,0.0,0.0,0.0,0.0,0.0,0.0,0.0,0.0,0.0,0.0,0.0,0.0,0.10512483574244418,0.38107752956636015,2.089356110381071,7.555847568988175,13.337713534822605,5.16425755584757,1.0643889618922473,0.23653088042049938,0.06570302233902761,0.396,0.010574,0.0,0.0,0.0,0.0,0.0,0.0,0.0,0.0,0.0,0.0,0.07266855066612839,19.34194590230114,10.585385547032704,0.0,0.0,0.0,0.0,0.0,0.0,0.0,0.0,0.0,0.0,0.0,0.0,0.0,0.0,0.0,0.0,0.0,0.3962,0.01083,0.0,0.0,0.0,0.0,0.0,0.0,0.0,0.0,0.0,0.0,0.05256241787122209,19.250985545335055,10.696452036793694,0.0,0.0,0.0,0.0,0.0,0.0,0.0,0.0,0.0,0.0,0.0,0.0,0.0,0.0,0.0,0.0,0.0
63200,4988,2544,0.5100240577385726,1197,1035,0.44747393744987973,1419,0.5689655172413793,0.40199999999999997,2.9607201309328968,3.1053665820754586,6.632440476190476,2.1241990078682234,8369.85838011227,506.5981615772944,7853.0,8866.4,8866.399999999998,1.8189894035458565e-12,7853.0,0.0,27.721331194867684,20.674369664360214,32.61885441527446,18.92911226891181,0.14113873295910184,0.10184442662389735,0.09202085004009623,0.08881315156375301,0.07818765036086608,0.07518043303929431,0.07297514033680834,0.06355252606255012,0.05593424218123497,0.050320769847634325,0.0471130713712911,0.040096230954290296,0.035485164394546916,0.027465918203688853,0.014635124298315958,0.010224538893344026,0.005012028869286287,0.8459035337520965,0.033910222337318524,0.0,0.0,0.0,0.0,0.0,0.0,0.0,0.0,0.0,0.0,0.0,0.0,0.0,0.0,0.0,0.0,0.0,0.0,0.0,0.0,0.018043303929430637,0.04811547714514837,0.31876503608660794,1.936647955092215,7.740577385725743,12.666399358460307,5.6234963913392155,1.3051323175621494,0.2886928628708902,0.054129911788291914,4.337103361608546,2.8915516106834414,3.85,2.372235232855292,0.8876892430278884,4.370162297128589,2.8684749280951243,4.297938788257339,2.9086533539668,0.9834734950418879,0.3953,0.01075,0.0,0.0,0.0,0.0,0.0,0.0,0.0,0.0,0.0,0.0,0.10825982357658383,19.883720930232528,10.00801924619086,0.0,0.0,0.0,0.0,0.0,0.0,0.0,0.0,0.0,0.0,0.0,0.0,0.0,0.0,0.0,0.0,0.0,nan,nan,4.334061817046519,2.888853440011205,nan,0.3953,0.0587,0.0,0.0,0.0,0.0,0.0,0.0,0.0,0.0,0.0,0.0,0.0,0.0,0.0,0.0,0.0,0.0,0.0,0.0002305533279871692,0.0,0.0,0.0,0.0,0.0,0.00029069767441860465,1.0024057738572574e-05,0.002987169206094627,0.011868484362469928,0.003598636728147554,0.010054129911788293,0.005583400160384924,0.03752004811547714,0.03111467522052927,0.04019647153167602,0.033089414595028066,0.015677626303127506,0.06869486768243785,0.036467522052927026,0.04801523656776263,0.06254009623095429,0.10252606255012028,0.08118484362469928,0.06430433039294306,0.0539093825180433,0.05557337610264635,0.043344025661587814,0.03279871692060946,0.036587810745789894,0.02811748195669607,0.018644747393744988,0.008480352846832398,0.019797514033680835,0.0076583801122694466,0.03244787489975942,0.0017341619887730553,0.003558540497193264,0.0006615878107457899,0.00012028869286287089,7.016840417000802e-05,0.000541299117882919,0.0,0.0,0.0,0.0,0.0,0.0,0.0,0.0,0.0,0.0,0.0,0.0,0.0,0.0,0.0,0.0,0.0,0.0,0.0,0.0,0.0,0.0,0.0,0.0,0.0,0.0,0.0,0.0,0.0,0.0,0.0,0.0,0.0,0.0,0.0,0.0,0.0,0.0,0.0,0.0,0.0,0.0,nan,nan,4.334061817046519,2.888853440011205,nan,0.8462987975598132,0.03401741300758952,0.0,0.0,0.0,0.0,0.0,0.0,0.0,0.0,0.0,0.0,0.0,0.0,0.0,0.0,0.0,0.0,0.0,0.0,0.0,0.0,0.011792452830188682,0.035377358490566044,0.34198113207547176,1.7688679245282966,7.971698113207548,12.629716981132079,5.507075471698115,1.367924528301887,0.30660377358490576,0.058962264150943404,0.8454920971208235,0.03379337423658627,0.0,0.0,0.0,0.0,0.0,0.0,0.0,0.0,0.0,0.0,0.0,0.0,0.0,0.0,0.0,0.0,0.0,0.0,0.0,0.0,0.02454991816693945,0.061374795417348624,0.29459901800327337,2.1112929623567855,7.500000000000002,12.704582651391165,5.744680851063832,1.2397708674304422,0.2700490998363339,0.0490998363338789,0.3953,0.01069,0.0,0.0,0.0,0.0,0.0,0.0,0.0,0.0,0.0,0.0,0.09433962264150945,20.03537735849054,9.870283018867928,0.0,0.0,0.0,0.0,0.0,0.0,0.0,0.0,0.0,0.0,0.0,0.0,0.0,0.0,0.0,0.0,0.0,0.3955,0.01081,0.0,0.0,0.0,0.0,0.0,0.0,0.0,0.0,0.0,0.0,0.12274959083469725,19.725859247135812,10.151391162029462,0.0,0.0,0.0,0.0,0.0,0.0,0.0,0.0,0.0,0.0,0.0,0.0,0.0,0.0,0.0,0.0,0.0
63300,4324,2218,0.5129509713228492,1040,885,0.44518963922294175,1244,0.5753931544865865,0.41,3.0379867046533713,2.9829334962312086,6.102985074626866,2.1620519654415733,8372.824514338576,506.5299962720632,7853.0,8866.4,8866.4,0.0,7853.0,0.0,28.953746530989825,21.293458306004585,33.86061765509702,19.459721577428343,0.1352913968547641,0.09666975023126735,0.08741905642923219,0.08464384828862165,0.0742368177613321,0.07377428307123034,0.06799259944495838,0.06822386679000925,0.061517113783533764,0.05041628122109158,0.053422756706753005,0.03954671600370028,0.0393154486586494,0.02682701202590194,0.021739130434782608,0.00971322849213691,0.009250693802035153,0.8456751754667668,0.03286463741152225,0.0,0.0,0.0,0.0,0.0,0.0,0.0,0.0,0.0,0.0,0.0,0.0,0.0,0.0,0.0,0.0,0.0,0.0,0.0,0.0,0.0,0.07631822386679002,0.4093432007400556,1.602682701202585,7.916281221091584,12.932469935245146,5.647548566142461,1.1447733580018504,0.23589269195189644,0.034690101757631826,4.174849876368774,2.7478805493815015,4.4,2.8000000000000003,1.053930112530671,4.158949550794747,2.7678479815071824,4.194444444444445,2.727917903341195,1.0085345814408628,0.3958,0.01057,0.0,0.0,0.0,0.0,0.0,0.0,0.0,0.0,0.0,0.0,0.06938020351526365,19.766419981498586,10.164199814986125,0.0,0.0,0.0,0.0,0.0,0.0,0.0,0.0,0.0,0.0,0.0,0.0,0.0,0.0,0.0,0.0,0.0,nan,nan,4.1764293230445455,2.74831385765115,nan,0.3958,0.05856,0.0,0.0,0.0,0.0,0.0,0.0,0.0,0.0,0.0,0.0,0.0,0.0,0.0,0.0,0.0,0.0,0.0,0.0003122109158186864,0.0,0.0,0.0,0.0,0.0,5.781683626271971e-05,3.469010175763182e-05,0.003260869565217391,0.01138991674375578,0.00343432007400555,0.010302960222016651,0.004648473635522664,0.0384481961147086,0.028318686401480112,0.03871415356151711,0.035198889916743754,0.015321461609620722,0.07110314523589269,0.03585800185013876,0.04605689176688252,0.06064986123959297,0.10341119333950047,0.08246993524514339,0.0655527289546716,0.05701896392229417,0.054914431082331176,0.04472710453283996,0.030770120259019425,0.03364939870490287,0.02843432007400555,0.018466697502312675,0.00977104532839963,0.0211840888066605,0.00856845513413506,0.03171831637372803,0.001734505087881591,0.0031567992599444957,0.000774745605920444,0.00024283071230342277,3.469010175763182e-05,0.0002890841813135985,0.0,0.0,0.0,0.0,0.0,0.0,0.0,0.0,0.0,0.0,0.0,0.0,0.0,0.0,0.0,0.0,0.0,0.0,0.0,0.0,0.0,0.0,0.0,0.0,0.0,0.0,0.0,0.0,0.0,0.0,0.0,0.0,0.0,0.0,0.0,0.0,0.0,0.0,0.0,0.0,0.0,0.0,nan,nan,4.1764293230445455,2.74831385765115,nan,0.8450375407316106,0.033250074758055,0.0,0.0,0.0,0.0,0.0,0.0,0.0,0.0,0.0,0.0,0.0,0.0,0.0,0.0,0.0,0.0,0.0,0.0,0.0,0.0,0.0,0.06762849413886385,0.3922452660054104,1.825969341749318,7.9936880072137075,12.83588818755636,5.437330928764654,1.1902614968440037,0.2299368800721371,0.027051397655545543,0.8463467205012286,0.03244020521368557,0.0,0.0,0.0,0.0,0.0,0.0,0.0,0.0,0.0,0.0,0.0,0.0,0.0,0.0,0.0,0.0,0.0,0.0,0.0,0.0,0.0,0.08547008547008549,0.42735042735042744,1.367521367521363,7.834757834757837,13.034188034188038,5.868945868945871,1.096866096866097,0.2421652421652422,0.04273504273504274,0.3958,0.0105,0.0,0.0,0.0,0.0,0.0,0.0,0.0,0.0,0.0,0.0,0.06762849413886385,19.706943192064895,10.225428313796215,0.0,0.0,0.0,0.0,0.0,0.0,0.0,0.0,0.0,0.0,0.0,0.0,0.0,0.0,0.0,0.0,0.0,0.3955,0.010635,0.0,0.0,0.0,0.0,0.0,0.0,0.0,0.0,0.0,0.0,0.07122507122507124,19.8290598290598,10.099715099715102,0.0,0.0,0.0,0.0,0.0,0.0,0.0,0.0,0.0,0.0,0.0,0.0,0.0,0.0,0.0,0.0,0.0
63400,4330,2280,0.5265588914549654,1061,849,0.44110854503464203,1192,0.5505773672055427,0.422,3.064390243902439,3.16285611031216,6.731993299832496,2.113654629487142,8386.614780600461,505.98466833020626,7853.0,8866.4,8866.399999999998,1.8189894035458565e-12,7853.0,0.0,28.37944572748268,21.158041459442302,33.377747252747255,19.368857392303028,0.13879907621247115,0.0928406466512702,0.09838337182448037,0.08937644341801386,0.07321016166281755,0.07367205542725173,0.07321016166281755,0.05958429561200924,0.058660508083140876,0.05103926096997691,0.04942263279445727,0.04595842956120092,0.03094688221709007,0.02401847575057737,0.019630484988452657,0.011778290993071594,0.009468822170900693,0.8446148942304263,0.03413549468508463,0.0,0.0,0.0,0.0,0.0,0.0,0.0,0.0,0.0,0.0,0.0,0.0,0.0,0.0,0.0,0.0,0.0,0.0,0.0,0.0,0.027713625866050817,0.09699769053117785,0.47806004618937653,1.8152424942263223,7.836027713625867,12.879907621247117,5.466512702078523,1.1501154734411088,0.187066974595843,0.062355658198614335,4.318459877653832,2.982566775944402,4.352941176470588,3.724974164467662,1.0079846287319194,4.283261802575107,2.961342290064967,4.354063604240283,3.022835835875668,1.01652987954708,0.3953,0.0108,0.0,0.0,0.0,0.0,0.0,0.0,0.0,0.0,0.0,0.0,0.062355658198614335,20.05080831408773,9.879907621247115,0.006928406466512704,0.0,0.0,0.0,0.0,0.0,0.0,0.0,0.0,0.0,0.0,0.0,0.0,0.0,0.0,0.0,0.0,nan,nan,4.318876644152151,2.992642218447502,nan,0.3953,0.05865,0.0,0.0,0.0,0.0,0.0,0.0,0.0,0.0,0.0,0.0,0.0,0.0,0.0,0.0,0.0,0.0,0.0,0.00046189376443418013,0.0,0.0,0.0,0.0,0.0,2.309468822170901e-05,1.1547344110854504e-05,0.0033833718244803694,0.012274826789838338,0.0038914549653579675,0.011039260969976905,0.004965357967667437,0.03956120092378753,0.0270554272517321,0.040646651270207855,0.03391454965357968,0.014595842956120092,0.0689838337182448,0.0321824480369515,0.04503464203233257,0.0618013856812933,0.10072748267898383,0.08663972286374134,0.06891454965357968,0.05907621247113164,0.05457274826789838,0.04777136258660508,0.02789838337182448,0.03318706697459584,0.02617782909930716,0.019260969976905313,0.009942263279445727,0.019676674364896073,0.0078175519630485,0.03252886836027714,0.0016166281755196305,0.003140877598152425,0.0009930715935334872,0.00019630484988452656,0.0,3.464203233256351e-05,0.0,0.0,0.0,0.0,0.0,0.0,0.0,0.0,0.0,0.0,0.0,0.0,0.0,0.0,0.0,0.0,0.0,0.0,0.0,0.0,0.0,0.0,0.0,0.0,0.0,0.0,0.0,0.0,0.0,0.0,0.0,0.0,0.0,0.0,0.0,0.0,0.0,0.0,0.0,0.0,0.0,0.0,nan,nan,4.318876644152151,2.992642218447502,nan,0.8447763467044161,0.03394171960346251,0.0,0.0,0.0,0.0,0.0,0.0,0.0,0.0,0.0,0.0,0.0,0.0,0.0,0.0,0.0,0.0,0.0,0.0,0.0,0.0,0.013157894736842108,0.09210526315789476,0.5131578947368423,1.7631578947368367,7.723684210526318,12.973684210526319,5.539473684210528,1.210526315789474,0.1447368421052632,0.026315789473684216,0.8444353275764279,0.034348835064083344,0.0,0.0,0.0,0.0,0.0,0.0,0.0,0.0,0.0,0.0,0.0,0.0,0.0,0.0,0.0,0.0,0.0,0.0,0.0,0.0,0.04390243902439025,0.10243902439024392,0.43902439024390255,1.8731707317073114,7.960975609756099,12.775609756097564,5.385365853658538,1.082926829268293,0.2341463414634147,0.10243902439024392,0.395,0.01083,0.0,0.0,0.0,0.0,0.0,0.0,0.0,0.0,0.0,0.0,0.05263157894736843,20.263157894736814,9.671052631578949,0.013157894736842108,0.0,0.0,0.0,0.0,0.0,0.0,0.0,0.0,0.0,0.0,0.0,0.0,0.0,0.0,0.0,0.0,0.3955,0.01077,0.0,0.0,0.0,0.0,0.0,0.0,0.0,0.0,0.0,0.0,0.07317073170731708,19.814634146341437,10.11219512195122,0.0,0.0,0.0,0.0,0.0,0.0,0.0,0.0,0.0,0.0,0.0,0.0,0.0,0.0,0.0,0.0,0.0
63500,4465,2271,0.5086226203807391,1041,924,0.4400895856662934,1289,0.5773796192609183,0.40599999999999997,2.996809480401094,3.0785061953613506,6.456964006259781,2.1575527020773393,8368.438163493842,506.6246485306008,7853.0,8866.4,8866.4,0.0,7853.0,0.0,27.98902575587906,21.007621196198414,33.0342337523402,19.231974593675606,0.14199328107502798,0.09742441209406495,0.09496080627099664,0.08600223964165733,0.08219484882418814,0.07099664053751399,0.06494960806270997,0.06875699888017917,0.05621500559910415,0.055991041433370664,0.047256438969764836,0.04053751399776036,0.031578947368421054,0.02306830907054871,0.0167973124300112,0.013437849944008958,0.007838745800671893,0.8438314196644278,0.03423846281613504,0.0,0.0,0.0,0.0,0.0,0.0,0.0,0.0,0.0,0.0,0.0,0.0,0.0,0.0,0.0,0.0,0.0,0.0,0.0,0.0,0.026875699888017923,0.10750279955207169,0.45688689809630467,1.9888017917133198,8.129899216125422,12.544232922732366,5.314669652855544,1.175811870100784,0.18812989921612547,0.06718924972004481,4.343189017951426,2.845944192757814,4.384615384615385,2.6322982511182573,1.009538237109353,4.4164345403899725,2.8652383199510916,4.2727272727272725,2.8204592647441964,0.9674607952753647,0.3955,0.01099,0.0,0.0,0.0,0.0,0.0,0.0,0.0,0.0,0.0,0.0,0.1746920492721165,19.793952967525165,10.01791713325868,0.013437849944008961,0.0,0.0,0.0,0.0,0.0,0.0,0.0,0.0,0.0,0.0,0.0,0.0,0.0,0.0,0.0,0.0,nan,nan,4.343564701778863,2.84408152310408,nan,0.3955,0.05878,0.0,0.0,0.0,0.0,0.0,0.0,0.0,0.0,0.0,0.0,0.0,0.0,0.0,0.0,1.1198208286674133e-05,0.0,0.0,0.0008958566629339306,0.0,0.0,0.0,0.0,0.0,4.479283314669653e-05,6.71892497200448e-05,0.003729003359462486,0.011399776035834266,0.0036282194848824187,0.011556550951847704,0.005151175811870101,0.03848824188129899,0.026114221724524076,0.040750279955207164,0.03309070548712206,0.015027995520716686,0.07054871220604703,0.03295632698768197,0.042777155655095184,0.060761478163493844,0.1032474804031355,0.08823068309070549,0.07075027995520716,0.05677491601343785,0.05406494960806271,0.046875699888017916,0.028230683090705488,0.03181410974244121,0.028040313549832028,0.018846584546472565,0.010067189249720044,0.02016797312430011,0.007166853303471445,0.03230683090705487,0.0015117581187010078,0.003370660694288914,0.0010974244120940649,0.0003471444568868981,4.479283314669653e-05,4.479283314669653e-05,0.0,0.0,0.0,0.0,0.0,0.0,0.0,0.0,0.0,0.0,0.0,0.0,0.0,0.0,0.0,0.0,0.0,0.0,0.0,0.0,0.0,0.0,0.0,0.0,0.0,0.0,0.0,0.0,0.0,0.0,0.0,0.0,0.0,0.0,0.0,0.0,0.0,0.0,0.0,0.0,0.0,0.0,nan,nan,4.343564701778863,2.84408152310408,nan,0.8443665392122727,0.03322631540577732,0.0,0.0,0.0,0.0,0.0,0.0,0.0,0.0,0.0,0.0,0.0,0.0,0.0,0.0,0.0,0.0,0.0,0.0,0.0,0.0,0.0,0.06605019815059446,0.4623513870541613,1.915455746367233,8.058124174372525,12.734478203434614,5.442536327608985,1.0435931307793926,0.21136063408190228,0.06605019815059446,0.8432775197131263,0.03524698448270193,0.0,0.0,0.0,0.0,0.0,0.0,0.0,0.0,0.0,0.0,0.0,0.0,0.0,0.0,0.0,0.0,0.0,0.0,0.0,0.0,0.05469462169553328,0.15041020966271654,0.4512306289881496,2.0647219690063747,8.204193254329992,12.34731084776664,5.182315405651779,1.3126709206927987,0.16408386508659983,0.0683682771194166,0.3958,0.01098,0.0,0.0,0.0,0.0,0.0,0.0,0.0,0.0,0.0,0.0,0.1585204755614267,19.63011889035664,10.184940554821667,0.026420079260237785,0.0,0.0,0.0,0.0,0.0,0.0,0.0,0.0,0.0,0.0,0.0,0.0,0.0,0.0,0.0,0.0,0.3953,0.01098,0.0,0.0,0.0,0.0,0.0,0.0,0.0,0.0,0.0,0.0,0.1914311759343665,19.963536918869615,9.845031905195992,0.0,0.0,0.0,0.0,0.0,0.0,0.0,0.0,0.0,0.0,0.0,0.0,0.0,0.0,0.0,0.0,0.0
63600,4360,2263,0.5190366972477064,1038,873,0.43830275229357796,1205,0.5527522935779816,0.426,2.9933237958989034,3.135617416447416,6.636672325976231,2.2335031441676203,8378.991788990827,506.332614866486,7853.0,8866.4,8866.4,0.0,7853.0,0.0,27.841284403669725,20.95757055309422,32.75675675675676,19.262729890556702,0.13876146788990826,0.10137614678899083,0.09747706422018348,0.08853211009174312,0.07729357798165137,0.07889908256880734,0.06651376146788991,0.06192660550458716,0.05527522935779817,0.05298165137614679,0.04472477064220184,0.03944954128440367,0.030504587155963304,0.030275229357798167,0.018119266055045873,0.010779816513761468,0.0071100917431192664,0.8436386123709723,0.03536498362959903,0.0,0.0,0.0,0.0,0.0,0.0,0.0,0.0,0.0,0.0,0.0,0.0,0.0,0.0,0.0,0.0,0.0,0.0,0.0,0.00688073394495413,0.02064220183486239,0.1376146788990826,0.42660550458715607,2.1055045871559566,8.208715596330277,12.37844036697248,5.18119266055046,1.162844036697248,0.28899082568807344,0.08256880733944956,4.298980335032775,2.9091322884777577,4.0,2.947456530637899,0.9304531977975434,4.348452123830094,2.895013111509933,4.242620590352772,2.9234580228578433,0.975662251655629,0.3962,0.010796,0.0,0.0,0.0,0.0,0.0,0.0,0.0,0.0,0.0,0.0,0.061926605504587166,19.02522935779814,10.892201834862387,0.02064220183486239,0.0,0.0,0.0,0.0,0.0,0.0,0.0,0.0,0.0,0.0,0.0,0.0,0.0,0.0,0.0,0.0,nan,nan,4.295536357091433,2.909751525814996,nan,0.3962,0.05847,0.0,0.0,0.0,0.0,0.0,0.0,0.0,0.0,0.0,0.0,0.0,0.0,0.0,0.0,0.0,0.0,0.0,0.0008027522935779817,0.0,0.0,0.0,0.0,2.293577981651376e-05,8.027522935779816e-05,0.00012614678899082568,0.0031077981651376147,0.011708715596330275,0.0029243119266055047,0.011513761467889908,0.004541284403669725,0.038577981651376145,0.022603211009174312,0.037155963302752296,0.034472477064220186,0.015286697247706421,0.07248853211009175,0.033256880733944956,0.044013761467889906,0.060561926605504586,0.09857798165137614,0.09103211009174311,0.07137614678899083,0.059277522935779814,0.057809633027522934,0.04782110091743119,0.028440366972477066,0.02868119266055046,0.028073394495412844,0.01769495412844037,0.010263761467889909,0.019472477064220183,0.006788990825688073,0.03432339449541284,0.0013073394495412844,0.0042660550458715595,0.0010665137614678899,0.00025229357798165137,4.587155963302752e-05,0.0001834862385321101,0.0,0.0,0.0,0.0,0.0,0.0,0.0,0.0,0.0,0.0,0.0,0.0,0.0,0.0,0.0,0.0,0.0,0.0,0.0,0.0,0.0,0.0,0.0,0.0,0.0,0.0,0.0,0.0,0.0,0.0,0.0,0.0,0.0,0.0,0.0,0.0,0.0,0.0,0.0,0.0,0.0,0.0,nan,nan,4.295536357091433,2.909751525814996,nan,0.8438837094955933,0.03501449732726986,0.0,0.0,0.0,0.0,0.0,0.0,0.0,0.0,0.0,0.0,0.0,0.0,0.0,0.0,0.0,0.0,0.0,0.0,0.0,0.0,0.03977021652673443,0.11931064958020329,0.38444542642509955,2.0680512593901836,8.232434821034028,12.408307556341143,5.196641626159965,1.179849756959788,0.2916482545293858,0.07954043305346886,0.8433741131849839,0.035737473105528744,0.0,0.0,0.0,0.0,0.0,0.0,0.0,0.0,0.0,0.0,0.0,0.0,0.0,0.0,0.0,0.0,0.0,0.0,0.0,0.014306151645207443,0.0,0.15736766809728187,0.4721030042918456,2.1459227467811095,8.183118741058657,12.346208869814024,5.164520743919886,1.1444921316165952,0.2861230329041488,0.08583690987124465,0.396,0.01083,0.0,0.0,0.0,0.0,0.0,0.0,0.0,0.0,0.0,0.0,0.09279717189571368,19.116217410516985,10.77772867874503,0.013256738842244811,0.0,0.0,0.0,0.0,0.0,0.0,0.0,0.0,0.0,0.0,0.0,0.0,0.0,0.0,0.0,0.0,0.3965,0.01076,0.0,0.0,0.0,0.0,0.0,0.0,0.0,0.0,0.0,0.0,0.028612303290414885,18.927038626609413,11.01573676680973,0.028612303290414885,0.0,0.0,0.0,0.0,0.0,0.0,0.0,0.0,0.0,0.0,0.0,0.0,0.0,0.0,0.0,0.0
63700,4487,2307,0.5141519946512146,1072,901,0.4397147314464007,1269,0.5656340539335859,0.39799999999999996,2.9995412844036697,3.1017159752973615,6.5117739403453685,2.2319084959859654,8374.04163137954,506.4969966439812,7853.0,8866.4,8866.399999999998,1.8189894035458565e-12,7853.0,0.0,28.432137285491418,21.235564641929415,33.3590692755156,19.49129884872,0.1352796969021618,0.10207265433474481,0.09271227991976821,0.08535770002228661,0.07889458435480276,0.06708268330733229,0.07020280811232449,0.0655226209048362,0.056385112547359034,0.05861377312235347,0.04969913082237575,0.036550033429908625,0.03543570314241141,0.02674392689993314,0.01649208825495877,0.013817695564965456,0.009137508357477156,0.8401601475943482,0.035711926633908674,0.0,0.0,0.0,0.0,0.0,0.0,0.0,0.0,0.0,0.0,0.0,0.0,0.0,0.0,0.0,0.0,0.0,0.0,0.0,0.026743926899933147,0.040115890349899715,0.140405616224649,0.561622464898596,2.4938711834187575,8.745264096278138,12.315578337419215,4.486293737463785,0.8357477156229108,0.2406953420993983,0.11366168932471588,4.26345213137666,2.8544567806429213,4.470588235294118,3.2920161363842873,1.0485841279635932,4.277397260273973,2.8504570781741374,4.253658536585366,2.87069396272985,0.9944501943017829,0.397,0.0111,0.0,0.0,0.0,0.0,0.0,0.0,0.0,0.0,0.0,0.0,0.060173835524849575,18.199242255404474,11.713839982170718,0.026743926899933147,0.0,0.0,0.0,0.0,0.0,0.0,0.0,0.0,0.0,0.0,0.0,0.0,0.0,0.0,0.0,0.0,nan,nan,4.265883977900552,2.860069285529738,nan,0.397,0.05865,0.0,0.0,0.0,0.0,0.0,0.0,0.0,0.0,0.0,0.0,0.0,0.0,0.0,0.0,0.0,0.0,0.0,0.0009026075328727435,0.0,0.0,0.0,0.0,2.2286605749944284e-05,2.2286605749944284e-05,0.0002117227546244707,0.003320704256741698,0.01082014709159795,0.002763539112993091,0.011488745264096278,0.005393358591486517,0.037285491419656785,0.021528861154446178,0.038901270336527745,0.03374192110541564,0.012669935368843326,0.07165143748607088,0.03349676844216626,0.04460664140851348,0.0606418542455984,0.09417205259638957,0.09373746378426566,0.07258747492756853,0.05785602852685536,0.05832404724760419,0.04720303097838199,0.02746824158680633,0.028850011143302875,0.03214842879429463,0.0194004903053265,0.011511031869846223,0.01991308223757522,0.0065299754847336754,0.03289503008691776,0.001493202585246267,0.004825050144862938,0.001192333407622019,5.571651437486071e-05,0.0001337196344996657,0.000234009360374415,0.0,0.0,0.0,0.0,0.0,0.0,0.0,0.0,0.0,0.0,0.0,0.0,0.0,0.0,0.0,0.0,0.0,0.0,0.0,0.0,0.0,0.0,0.0,0.0,0.0,0.0,0.0,0.0,0.0,0.0,0.0,0.0,0.0,0.0,0.0,0.0,0.0,0.0,0.0,0.0,0.0,0.0,nan,nan,4.265883977900552,2.860069285529738,nan,0.8405661078361293,0.03564941887126199,0.0,0.0,0.0,0.0,0.0,0.0,0.0,0.0,0.0,0.0,0.0,0.0,0.0,0.0,0.0,0.0,0.0,0.0,0.0,0.03901170351105332,0.03901170351105332,0.15604681404421328,0.481144343302991,2.4187256176852983,8.907672301690509,12.067620286085829,4.733420026007803,0.7932379713914176,0.26007802340702213,0.10403120936280887,0.8397305373751789,0.03577293998544852,0.0,0.0,0.0,0.0,0.0,0.0,0.0,0.0,0.0,0.0,0.0,0.0,0.0,0.0,0.0,0.0,0.0,0.0,0.0,0.01376146788990826,0.04128440366972478,0.12385321100917433,0.6467889908256882,2.573394495412836,8.573394495412845,12.57798165137615,4.224770642201836,0.8807339449541286,0.22018348623853215,0.12385321100917433,0.3972,0.011024,0.0,0.0,0.0,0.0,0.0,0.0,0.0,0.0,0.0,0.0,0.06501950585175553,17.880364109232744,12.028608582574776,0.026007802340702216,0.0,0.0,0.0,0.0,0.0,0.0,0.0,0.0,0.0,0.0,0.0,0.0,0.0,0.0,0.0,0.0,0.3967,0.011185,0.0,0.0,0.0,0.0,0.0,0.0,0.0,0.0,0.0,0.0,0.05504587155963304,18.536697247706396,11.380733944954132,0.02752293577981652,0.0,0.0,0.0,0.0,0.0,0.0,0.0,0.0,0.0,0.0,0.0,0.0,0.0,0.0,0.0,0.0
63800,4237,2208,0.5211234363936748,1055,841,0.44748642907717723,1159,0.547085201793722,0.422,2.9911286347954658,3.0978649156629747,6.545454545454546,2.1657498650073856,8381.10649044135,506.2476194185847,7853.0,8866.4,8866.4,0.0,7853.0,0.0,28.511682794430023,21.214697990627446,33.53129385349425,19.396748823633352,0.14113759735662024,0.08756195421288647,0.09605853198017465,0.08614585791833845,0.07764928015105027,0.07741326410195894,0.07080481472740147,0.0660844937455747,0.055935803634647153,0.04909133821099835,0.05286759499645976,0.0401227283455275,0.03233419872551333,0.02242152466367713,0.02124144441822044,0.012980882700023602,0.010148690110927543,0.8403939985289224,0.034150515380913106,0.0,0.0,0.0,0.0,0.0,0.0,0.0,0.0,0.0,0.0,0.0,0.0,0.0,0.0,0.0,0.0,0.0,0.0,0.0,0.0,0.007080481472740148,0.1345291479820628,0.5876799622374322,2.166627330658478,9.232947840453152,12.022657540712771,4.658956809063017,0.9771064432381404,0.16993155534576354,0.042482888836440885,4.153284671532846,2.843973038126391,4.666666666666667,3.050500869620521,1.1236086701816053,4.153120464441219,2.8879273736092435,4.1646209386281585,2.803873857866133,1.0027691164475978,0.397,0.0113,0.0,0.0,0.0,0.0,0.0,0.0,0.0,0.0,0.0,0.0,0.12036818503658252,18.423412792069833,11.442058059948078,0.014160962945480296,0.0,0.0,0.0,0.0,0.0,0.0,0.0,0.0,0.0,0.0,0.0,0.0,0.0,0.0,0.0,0.0,nan,nan,4.157742402315485,2.846229404100019,nan,0.397,0.059,0.0,0.0,0.0,0.0,0.0,0.0,0.0,0.0,0.0,0.0,0.0,0.0,0.0,0.0,0.0,0.0,0.0,0.0011446778380929904,0.0,0.0,0.0,0.0,5.900401227283455e-05,2.360160490913382e-05,0.0006372433325466132,0.0032098182676421998,0.01062072220911022,0.002501770120368185,0.010986547085201795,0.00466131696955393,0.038187396742978524,0.02327118244040595,0.0420462591456219,0.033478876563606326,0.010526315789473684,0.06970734009912674,0.032995043662969084,0.04355676185980647,0.06456219022893557,0.09277790889780504,0.09721501062072221,0.07076941232003776,0.05591220202973802,0.05752891196601369,0.047002596176540005,0.02612697663441114,0.028652348359688457,0.03266462119424121,0.018456455038942648,0.012025017701203683,0.019164503186216663,0.006750059004012273,0.03406891668633467,0.001722917158366769,0.005062544253009204,0.001463299504366297,0.00015341043190936982,3.540240736370073e-05,0.00018881283927307056,8.260561718196837e-05,0.0,0.0,0.0,0.0,0.0,0.0,0.0,0.0,0.0,0.0,0.0,0.0,0.0,0.0,0.0,0.0,0.0,0.0,0.0,0.0,0.0,0.0,0.0,0.0,0.0,0.0,0.0,0.0,0.0,0.0,0.0,0.0,0.0,0.0,0.0,0.0,0.0,0.0,0.0,0.0,0.0,nan,nan,4.157742402315485,2.846229404100019,nan,0.8408432033830795,0.03438132056242193,0.0,0.0,0.0,0.0,0.0,0.0,0.0,0.0,0.0,0.0,0.0,0.0,0.0,0.0,0.0,0.0,0.0,0.0,0.0,0.0,0.013586956521739134,0.13586956521739132,0.5706521739130436,2.22826086956521,8.817934782608697,12.255434782608699,4.864130434782609,0.8695652173913045,0.19021739130434787,0.054347826086956534,0.8399051644638761,0.033890798453869865,0.0,0.0,0.0,0.0,0.0,0.0,0.0,0.0,0.0,0.0,0.0,0.0,0.0,0.0,0.0,0.0,0.0,0.0,0.0,0.0,0.0,0.13307047806801384,0.606209955643174,2.0995564317397664,9.68457368161656,11.769344504682111,4.435682602267128,1.0941350418925582,0.14785608674223757,0.029571217348447518,0.397,0.01122,0.0,0.0,0.0,0.0,0.0,0.0,0.0,0.0,0.0,0.0,0.09510869565217393,18.546195652173886,11.345108695652177,0.013586956521739134,0.0,0.0,0.0,0.0,0.0,0.0,0.0,0.0,0.0,0.0,0.0,0.0,0.0,0.0,0.0,0.0,0.3967,0.011375,0.0,0.0,0.0,0.0,0.0,0.0,0.0,0.0,0.0,0.0,0.14785608674223757,18.28979793001476,11.547560374568755,0.014785608674223759,0.0,0.0,0.0,0.0,0.0,0.0,0.0,0.0,0.0,0.0,0.0,0.0,0.0,0.0,0.0,0.0
63900,4441,2254,0.5075433460932223,1061,902,0.44201756361179917,1263,0.568790812879982,0.39399999999999996,2.968907178783722,3.1247412833486576,6.62379421221865,2.1110518574373422,8367.344426930871,506.6423321603698,7853.0,8866.4,8866.400000000001,1.8189894035458565e-12,7853.0,0.0,27.84350371537942,20.701534529611568,32.7704478412443,18.930406365354205,0.13870749831119117,0.09614951587480297,0.0968250394055393,0.08691736095473993,0.08444044134204008,0.07588380995271335,0.06732717856338663,0.06124746678675974,0.05944607070479622,0.05156496284620581,0.04863769421301509,0.0425579824363882,0.03332582751632515,0.025219545147489305,0.015086692186444494,0.01103355100202657,0.005629362756136005,0.8395988491842592,0.03535409624845705,0.0,0.0,0.0,0.0,0.0,0.0,0.0,0.0,0.0,0.0,0.0,0.0,0.0,0.0,0.0,0.0,0.0,0.0,0.0,0.020265705922089622,0.020265705922089622,0.08106282368835849,0.5674397658185094,2.485926593109652,9.55865795991894,11.713578022967804,4.167980184643099,1.0335510020265708,0.2837198829092547,0.06755235307363208,4.314662861220121,2.849317682899189,4.638888888888889,2.907392663326616,1.0751451592157728,4.317763623496107,2.8459285594013117,4.31719298245614,2.85394510230458,0.9998678387494715,0.397,0.01109,0.0,0.0,0.0,0.0,0.0,0.0,0.0,0.0,0.0,0.0,0.08106282368835849,18.077009682503913,11.794640846656161,0.04728664715154246,0.0,0.0,0.0,0.0,0.0,0.0,0.0,0.0,0.0,0.0,0.0,0.0,0.0,0.0,0.0,0.0,nan,nan,4.318774216273336,2.850292393019292,nan,0.397,0.05948,0.0,0.0,0.0,0.0,0.0,0.0,0.0,0.0,0.0,0.0,0.0,0.0,0.0,0.0,0.0,0.0,0.0,0.0011821661787885611,0.0,0.0,0.0,0.0,5.6293627561360054e-05,2.251745102454402e-05,0.00046160774600315243,0.0035239810853411394,0.01108984462958793,0.0020603467687457778,0.012058095023643323,0.005550551677550101,0.03887637919387525,0.023395631614501238,0.04104931321774375,0.031096599864895293,0.01209187120018014,0.06763116415221797,0.03415897320423328,0.04538392253996847,0.05944607070479622,0.09395406439990993,0.09659986489529385,0.07320423328079262,0.05351272235982887,0.05759963972078361,0.044190497635667646,0.025703670344517,0.029148840351272236,0.03508218869623959,0.019747804548525108,0.011450123845980636,0.021143886512046836,0.007216843053366359,0.03364107183066877,0.0015649628462058095,0.004627336185543797,0.0019477595136230578,0.0001913983337086242,0.00011258725512272011,0.00014636343165953615,6.755235307363206e-05,1.125872551227201e-05,0.0,0.0,0.0,0.0,0.0,0.0,0.0,0.0,0.0,0.0,0.0,0.0,0.0,0.0,0.0,0.0,0.0,0.0,0.0,0.0,0.0,0.0,0.0,0.0,0.0,0.0,0.0,0.0,0.0,0.0,0.0,0.0,0.0,0.0,0.0,0.0,0.0,0.0,0.0,0.0,nan,nan,4.318774216273336,2.850292393019292,nan,0.839790610951878,0.0357393300089344,0.0,0.0,0.0,0.0,0.0,0.0,0.0,0.0,0.0,0.0,0.0,0.0,0.0,0.0,0.0,0.0,0.0,0.0,0.0,0.013309671694764866,0.02661934338952973,0.10647737355811893,0.5590062111801243,2.395740905057668,9.48979591836735,11.832298136645965,4.046140195208519,1.171251109139308,0.3061224489795919,0.05323868677905946,0.8394012126848477,0.034951516988817245,0.0,0.0,0.0,0.0,0.0,0.0,0.0,0.0,0.0,0.0,0.0,0.0,0.0,0.0,0.0,0.0,0.0,0.0,0.0,0.02743484224965707,0.013717421124828535,0.05486968449931414,0.5761316872427985,2.578875171467756,9.629629629629632,11.591220850480113,4.293552812071331,0.8916323731138548,0.26063100137174217,0.08230452674897121,0.397,0.01117,0.0,0.0,0.0,0.0,0.0,0.0,0.0,0.0,0.0,0.0,0.06654835847382433,18.27417923691213,11.592724046140198,0.06654835847382433,0.0,0.0,0.0,0.0,0.0,0.0,0.0,0.0,0.0,0.0,0.0,0.0,0.0,0.0,0.0,0.0,0.3972,0.01102,0.0,0.0,0.0,0.0,0.0,0.0,0.0,0.0,0.0,0.0,0.09602194787379975,17.87379972565155,12.002743484224968,0.02743484224965707,0.0,0.0,0.0,0.0,0.0,0.0,0.0,0.0,0.0,0.0,0.0,0.0,0.0,0.0,0.0,0.0
64000,4327,2205,0.5095909406055004,1051,910,0.45320083198520916,1230,0.5685232262537555,0.418,3.0419415645617343,3.1120503377652993,6.5719063545150505,2.132095875110207,8369.419459209614,506.60677266759126,7853.0,8866.4,8866.4,0.0,7853.0,0.0,27.927432401201756,20.836855213577277,32.868775790921596,19.06682959122654,0.14005084354055927,0.10191818812110007,0.0905939449965334,0.0825051999075572,0.0815807718973885,0.074416454818581,0.07326091980587011,0.06470996071180957,0.06193667668130344,0.048301363531315,0.04807025652877282,0.03882597642708574,0.033279408366073494,0.024728449272012943,0.019644095216085046,0.009937601109313613,0.00623988906863878,0.8379521435503324,0.03404099852884405,0.0,0.0,0.0,0.0,0.0,0.0,0.0,0.0,0.0,0.0,0.0,0.0,0.0,0.0,0.0,0.0,0.0,0.0,0.0,0.0,0.020799630228795937,0.0554656806101225,0.5893228564825516,2.5098220476080346,10.032354980355906,12.008319852091521,3.7162006008782074,0.7487866882366537,0.2149295123642247,0.10399815114397969,4.33886085075703,2.876042226705641,4.1923076923076925,2.7318524395507326,0.966223125495309,4.437100213219616,2.922863256363786,4.238505747126437,2.8221741145304255,0.9552422851524743,0.397,0.010994,0.0,0.0,0.0,0.0,0.0,0.0,0.0,0.0,0.0,0.0,0.07626531083891844,18.567136584238476,11.342731684770051,0.013866420152530624,0.0,0.0,0.0,0.0,0.0,0.0,0.0,0.0,0.0,0.0,0.0,0.0,0.0,0.0,0.0,0.0,nan,nan,4.3375,2.8747709536090498,nan,0.397,0.05887,0.0,0.0,0.0,0.0,0.0,0.0,0.0,0.0,0.0,0.0,0.0,0.0,0.0,0.0,0.0,0.0,0.0,0.0009013173099144905,0.0,0.0,0.0,1.1555350127108852e-05,8.088745088976196e-05,0.0,0.0008897619597873816,0.004044372544488098,0.010700254217702796,0.0018604113704645251,0.01086202911948232,0.00623988906863878,0.03852553732378091,0.023815576611971343,0.039819736538017104,0.03143055234573608,0.011798012479778137,0.06806101224867113,0.03415761497573377,0.04476542639241969,0.058527848393806335,0.09586318465449503,0.09510053154610584,0.0724520452969725,0.0580887450889762,0.05722209382944303,0.04586318465449503,0.025306216778368383,0.03129188814421077,0.0335567367691241,0.01981742546799168,0.011127802172405823,0.020776519528541714,0.007938525537323781,0.03208920730298128,0.0011902010630922117,0.00412525999537786,0.001247977813727756,0.00018488560203374163,9.244280101687081e-05,0.00015021955165241507,2.3110700254217703e-05,0.0,0.0,0.0,0.0,0.0,0.0,0.0,0.0,0.0,0.0,0.0,0.0,0.0,0.0,0.0,0.0,0.0,0.0,0.0,0.0,0.0,0.0,0.0,0.0,0.0,0.0,0.0,0.0,0.0,0.0,0.0,0.0,0.0,0.0,0.0,0.0,0.0,0.0,0.0,0.0,0.0,nan,nan,4.3375,2.8747709536090498,nan,0.8382493463773576,0.0343205454033794,0.0,0.0,0.0,0.0,0.0,0.0,0.0,0.0,0.0,0.0,0.0,0.0,0.0,0.0,0.0,0.0,0.0,0.0,0.0,0.0,0.027210884353741503,0.04081632653061225,0.598639455782313,2.4625850340135975,10.108843537414968,11.986394557823132,3.5238095238095246,0.8979591836734696,0.2585034013605443,0.09523809523809526,0.8376433159190456,0.03374529132435546,0.0,0.0,0.0,0.0,0.0,0.0,0.0,0.0,0.0,0.0,0.0,0.0,0.0,0.0,0.0,0.0,0.0,0.0,0.0,0.0,0.014137606032045244,0.07068803016022622,0.5796418473138549,2.55890669180018,9.95287464655985,12.031102733270503,3.9161168708765324,0.5937794533459002,0.16965127238454292,0.11310084825636195,0.3972,0.010826,0.0,0.0,0.0,0.0,0.0,0.0,0.0,0.0,0.0,0.0,0.027210884353741503,18.557823129251673,11.40136054421769,0.013605442176870751,0.0,0.0,0.0,0.0,0.0,0.0,0.0,0.0,0.0,0.0,0.0,0.0,0.0,0.0,0.0,0.0,0.3967,0.01116,0.0,0.0,0.0,0.0,0.0,0.0,0.0,0.0,0.0,0.0,0.1272384542884072,18.576814326107417,11.281809613572104,0.014137606032045244,0.0,0.0,0.0,0.0,0.0,0.0,0.0,0.0,0.0,0.0,0.0,0.0,0.0,0.0,0.0,0.0
64100,4335,2239,0.5164936562860438,1030,860,0.4359861591695502,1206,0.556401384083045,0.40599999999999997,2.9446564885496183,3.057931446145928,6.473597359735973,2.1010281774020196,8376.414671280276,506.42423891831254,7853.0,8866.4,8866.400000000001,1.8189894035458565e-12,7853.0,0.0,28.23275663206459,21.16636005131661,33.246289169873556,19.414416049698616,0.14071510957324107,0.10126874279123414,0.09019607843137255,0.08696655132641291,0.08004613610149942,0.07289504036908881,0.0643598615916955,0.06343713956170703,0.05651672433679354,0.056055363321799306,0.04636678200692042,0.04267589388696655,0.036447520184544405,0.024682814302191464,0.016839677047289503,0.011303344867358709,0.00922722029988466,0.8389353441807088,0.0333471458464661,0.0,0.0,0.0,0.0,0.0,0.0,0.0,0.0,0.0,0.0,0.0,0.0,0.0,0.0,0.0,0.0,0.0,0.0,0.0,0.0,0.013840830449826994,0.10380622837370244,0.42906574394463676,2.5259515570934177,9.750865051903116,12.062283737024226,4.006920415224914,0.8442906574394465,0.2214532871972319,0.041522491349480974,4.261594202898551,2.8678078903926387,4.478260869565218,3.0626723939750127,1.0508416935895255,4.222381635581062,2.8681026293058096,4.304535637149028,2.870392219580863,1.0194567920804867,0.3965,0.01107,0.0,0.0,0.0,0.0,0.0,0.0,0.0,0.0,0.0,0.0,0.10380622837370244,18.546712802768138,11.335640138408307,0.013840830449826994,0.0,0.0,0.0,0.0,0.0,0.0,0.0,0.0,0.0,0.0,0.0,0.0,0.0,0.0,0.0,0.0,nan,nan,4.263384836507366,2.8695396155210946,nan,0.3965,0.059,0.0,0.0,0.0,0.0,0.0,0.0,0.0,0.0,0.0,0.0,0.0,0.0,0.0,0.0,0.0,0.0,0.0,0.0013033448673587082,0.0,0.0,0.0,2.306805074971165e-05,8.073817762399078e-05,0.0,0.0014878892733564014,0.004359861591695502,0.011164936562860439,0.001510957324106113,0.011695501730103806,0.0060668973471741635,0.039907727797001157,0.022445213379469434,0.040346020761245674,0.030288350634371394,0.012029988465974625,0.06656286043829296,0.03173010380622837,0.04420991926182238,0.05914648212226067,0.09650519031141869,0.09409457900807382,0.07257208765859285,0.06209919261822376,0.05896193771626298,0.047058823529411764,0.02528258362168397,0.030046136101499425,0.03304498269896194,0.02043829296424452,0.009653979238754325,0.019019607843137255,0.0085121107266436,0.031291810841983854,0.001384083044982699,0.004152249134948097,0.0013379469434832757,6.920415224913495e-05,5.7670126874279124e-05,5.7670126874279124e-05,0.0,0.0,0.0,0.0,0.0,0.0,0.0,0.0,0.0,0.0,0.0,0.0,0.0,0.0,0.0,0.0,0.0,0.0,0.0,0.0,0.0,0.0,0.0,0.0,0.0,0.0,0.0,0.0,0.0,0.0,0.0,0.0,0.0,0.0,0.0,0.0,0.0,0.0,0.0,0.0,0.0,0.0,nan,nan,4.263384836507366,2.8695396155210946,nan,0.8385872067005946,0.03350078804934363,0.0,0.0,0.0,0.0,0.0,0.0,0.0,0.0,0.0,0.0,0.0,0.0,0.0,0.0,0.0,0.0,0.0,0.0,0.0,0.0,0.0,0.09379187137114786,0.5359535506922735,2.5993747208575178,9.740955783832069,11.750781598928096,4.19383653416704,0.817329164805717,0.24117909781152305,0.02679767753461367,0.8393072334068422,0.03317820043507574,0.0,0.0,0.0,0.0,0.0,0.0,0.0,0.0,0.0,0.0,0.0,0.0,0.0,0.0,0.0,0.0,0.0,0.0,0.0,0.0,0.02862595419847329,0.11450381679389315,0.31488549618320616,2.447519083969458,9.76145038167939,12.395038167938935,3.8072519083969474,0.8730916030534354,0.20038167938931303,0.05725190839694658,0.3965,0.01094,0.0,0.0,0.0,0.0,0.0,0.0,0.0,0.0,0.0,0.0,0.13398838767306837,18.825368468066074,11.027244305493527,0.013398838767306836,0.0,0.0,0.0,0.0,0.0,0.0,0.0,0.0,0.0,0.0,0.0,0.0,0.0,0.0,0.0,0.0,0.3967,0.01121,0.0,0.0,0.0,0.0,0.0,0.0,0.0,0.0,0.0,0.0,0.07156488549618321,18.24904580152669,11.665076335877865,0.014312977099236644,0.0,0.0,0.0,0.0,0.0,0.0,0.0,0.0,0.0,0.0,0.0,0.0,0.0,0.0,0.0,0.0
64200,4469,2313,0.5175654508838666,1082,915,0.44685611993734614,1268,0.5674647572163795,0.40599999999999997,2.984230055658627,3.049184311217015,6.502454991816694,2.033575100220331,8377.50082792571,506.3872238960606,7853.0,8866.4,8866.399999999998,1.8189894035458565e-12,7853.0,0.0,28.060639964197808,20.90761448326908,32.90291777188329,19.175390865084925,0.1380622063101365,0.09867979413739092,0.09509957484895949,0.0883866636831506,0.073618259118371,0.07652718729022152,0.07048556724099352,0.06891922130230477,0.05683598120384874,0.05415081673752517,0.04430521369433878,0.040724994405907364,0.03155068247930186,0.025061535019019913,0.01834862385321101,0.012307003803982993,0.006936674871335869,0.8397395659890797,0.03487354511799584,0.0,0.0,0.0,0.0,0.0,0.0,0.0,0.0,0.0,0.0,0.0,0.0,0.0,0.0,0.0,0.0,0.0,0.0,0.0,0.006712911165808908,0.013425822331617815,0.0872678451555158,0.5907361825911838,2.4837771313492873,9.203401208324012,12.34504363392258,4.007607965987917,0.8995300962183935,0.2685164466323563,0.0939807563213247,4.284464660601819,2.8069274889542974,4.25,2.627124990228998,0.9919559003674969,4.328983516483516,2.7835635235859417,4.241427571728481,2.8251726958186487,0.9797744795235077,0.3967,0.01099,0.0,0.0,0.0,0.0,0.0,0.0,0.0,0.0,0.0,0.0,0.0872678451555158,18.285970015663434,11.620049228015219,0.006712911165808908,0.0,0.0,0.0,0.0,0.0,0.0,0.0,0.0,0.0,0.0,0.0,0.0,0.0,0.0,0.0,0.0,nan,nan,4.284130284130284,2.8052404409861187,nan,0.3967,0.05933,0.0,0.0,0.0,0.0,0.0,0.0,0.0,0.0,0.0,0.0,0.0,0.0,0.0,0.0,0.0,0.0,0.0,0.0022600134258223318,0.0,0.0,0.0,0.0,0.00012307003803982994,0.0,0.0015439695681360483,0.003915864846721862,0.011568583575744014,0.0015327813828597,0.009834414857910046,0.005616469008726785,0.03655180129782949,0.024021033788319535,0.041944506601029316,0.030319982098903558,0.012116804654285074,0.0665585142089953,0.032781382859700156,0.041877377489371224,0.0594987692996196,0.09684493175206982,0.09373461624524503,0.0721302304766167,0.06463414634146342,0.0579883642873126,0.04779592750055941,0.025721637950324457,0.02822779145222645,0.03299395837995077,0.020642201834862386,0.010147684045647795,0.01767733273663012,0.00846945625419557,0.03387782501678228,0.0014880286417543074,0.0038487357350637727,0.0015887223092414411,6.712911165808905e-05,5.594092638174088e-05,0.0,0.0,0.0,0.0,0.0,0.0,0.0,0.0,0.0,0.0,0.0,0.0,0.0,0.0,0.0,0.0,0.0,0.0,0.0,0.0,0.0,0.0,0.0,0.0,0.0,0.0,0.0,0.0,0.0,0.0,0.0,0.0,0.0,0.0,0.0,0.0,0.0,0.0,0.0,0.0,0.0,0.0,0.0,nan,nan,4.284130284130284,2.8052404409861187,nan,0.8395826430275386,0.034753362132783634,0.0,0.0,0.0,0.0,0.0,0.0,0.0,0.0,0.0,0.0,0.0,0.0,0.0,0.0,0.0,0.0,0.0,0.0,0.0,0.012970168612191961,0.012970168612191961,0.1297016861219196,0.5188067444876784,2.3994811932555047,9.351491569390404,12.399481193255516,4.0337224383917,0.7522697795071338,0.31128404669260706,0.07782101167315177,0.839907916086503,0.03500123876042681,0.0,0.0,0.0,0.0,0.0,0.0,0.0,0.0,0.0,0.0,0.0,0.0,0.0,0.0,0.0,0.0,0.0,0.0,0.0,0.0,0.013914656771799632,0.04174397031539889,0.6679035250463823,2.5742115027829233,9.04452690166976,12.286641929499076,3.9795918367346945,1.057513914656772,0.2226345083487941,0.11131725417439706,0.3967,0.01087,0.0,0.0,0.0,0.0,0.0,0.0,0.0,0.0,0.0,0.0,0.07782101167315177,18.417639429312555,11.50453955901427,0.0,0.0,0.0,0.0,0.0,0.0,0.0,0.0,0.0,0.0,0.0,0.0,0.0,0.0,0.0,0.0,0.0,0.397,0.011116,0.0,0.0,0.0,0.0,0.0,0.0,0.0,0.0,0.0,0.0,0.09740259740259744,18.14471243042669,11.74397031539889,0.013914656771799632,0.0,0.0,0.0,0.0,0.0,0.0,0.0,0.0,0.0,0.0,0.0,0.0,0.0,0.0,0.0,0.0
64300,4271,2202,0.5155701240927183,1035,839,0.4387731210489347,1195,0.5595879185202529,0.43,3.137264378927018,3.1628138505232544,6.661442006269592,2.0536959088762776,8375.47876375556,506.45426310215424,7853.0,8866.4,8866.399999999998,1.8189894035458565e-12,7853.0,0.0,28.62116600327792,21.407098905236708,33.871917040358746,19.505492974811663,0.1458674783423086,0.09646452821353313,0.0854600796066495,0.08663076562865839,0.07586045422617654,0.0695387497073285,0.0660266916413018,0.05947084991805198,0.06134394755326621,0.06064153594006087,0.04776398969796301,0.044720206040739875,0.031140248185436665,0.028096464528213533,0.02107234839616015,0.011706860220088973,0.008194802154062281,0.8405191699477722,0.034927843361109406,0.0,0.0,0.0,0.0,0.0,0.0,0.0,0.0,0.0,0.0,0.0,0.0,0.0,0.0,0.0,0.0,0.0,0.0,0.0,0.01404823226410677,0.0,0.1334582065090143,0.47763989697963016,2.3952236010301964,9.250760945914308,12.243034418169051,4.158276750175604,0.9412315616951535,0.2669164130180286,0.11940997424490754,4.368440233236152,2.8712982839386814,3.9655172413793105,2.6455265901816043,0.9077650213018126,4.401171303074671,2.883557431311936,4.3283582089552235,2.854975893816515,0.9834559736248893,0.3975,0.01133,0.0,0.0,0.0,0.0,0.0,0.0,0.0,0.0,0.0,0.0,0.05619292905642708,17.63053149145397,12.271130882697264,0.04214469679232031,0.0,0.0,0.0,0.0,0.0,0.0,0.0,0.0,0.0,0.0,0.0,0.0,0.0,0.0,0.0,0.0,nan,nan,4.364226469527588,2.86932187624367,nan,0.3975,0.05957,0.0,0.0,0.0,0.0,0.0,0.0,0.0,0.0,0.0,0.0,0.0,0.0,0.0,0.0,0.0,0.0,0.0,0.0015101849683914774,0.0,0.0,0.0,0.0,0.00011706860220088972,0.0,0.0014165300866307655,0.003430110044486069,0.013287286349800984,0.0013462889253102318,0.009025989229688598,0.006368531959728401,0.0352493561226879,0.025005853430110043,0.04265979864200421,0.02814329196909389,0.013743853898384454,0.06254975415593537,0.03487473659564505,0.04326855537344884,0.06004448606883634,0.09593771950362913,0.09383048466401311,0.06690470615780847,0.060746897682041674,0.06238585811285413,0.04796300632170452,0.0279208616249122,0.028190119409974245,0.031948021540622804,0.02243034418169047,0.010278623273238117,0.01825099508311871,0.008616249121985484,0.03472254741278389,0.0009248419573870288,0.004202762819011941,0.0022594240224771715,0.00044486068836338094,0.0,0.0,0.0,0.0,0.0,0.0,0.0,0.0,0.0,0.0,0.0,0.0,0.0,0.0,0.0,0.0,0.0,0.0,0.0,0.0,0.0,0.0,0.0,0.0,0.0,0.0,0.0,0.0,0.0,0.0,0.0,0.0,0.0,0.0,0.0,0.0,0.0,0.0,0.0,0.0,0.0,0.0,0.0,0.0,nan,nan,4.364226469527588,2.86932187624367,nan,0.8407201675205854,0.03475040162851039,0.0,0.0,0.0,0.0,0.0,0.0,0.0,0.0,0.0,0.0,0.0,0.0,0.0,0.0,0.0,0.0,0.0,0.0,0.0,0.02724795640326976,0.0,0.12261580381471392,0.46321525885558595,2.220708446866478,9.373297002724797,12.370572207084471,4.100817438692099,0.9400544959128068,0.2588555858310627,0.12261580381471392,0.8403052517963296,0.03511444271567412,0.0,0.0,0.0,0.0,0.0,0.0,0.0,0.0,0.0,0.0,0.0,0.0,0.0,0.0,0.0,0.0,0.0,0.0,0.0,0.0,0.0,0.14499758337361046,0.4929917834702756,2.5809569840502578,9.120347994200099,12.107298211696476,4.219429676172065,0.942484291928468,0.27549540840985987,0.11599806669888837,0.3977,0.01125,0.0,0.0,0.0,0.0,0.0,0.0,0.0,0.0,0.0,0.0,0.04087193460490464,17.50681198910079,12.411444141689376,0.04087193460490464,0.0,0.0,0.0,0.0,0.0,0.0,0.0,0.0,0.0,0.0,0.0,0.0,0.0,0.0,0.0,0.0,0.3975,0.011406,0.0,0.0,0.0,0.0,0.0,0.0,0.0,0.0,0.0,0.0,0.07249879168680523,17.762203963267254,12.121797970033835,0.04349927501208314,0.0,0.0,0.0,0.0,0.0,0.0,0.0,0.0,0.0,0.0,0.0,0.0,0.0,0.0,0.0,0.0
64400,4488,2321,0.5171568627450981,1129,912,0.45476827094474154,1247,0.5557040998217468,0.422,2.965851407475773,3.089607227704323,6.513201320132013,2.1261356466258317,8377.086764705882,506.40160980496705,7853.0,8866.4,8866.4,0.0,7853.0,0.0,28.300802139037433,20.859654943159065,33.30318302387268,18.99913764484245,0.13836898395721925,0.09269162210338681,0.08689839572192513,0.09024064171122995,0.08467023172905526,0.0768716577540107,0.06862745098039216,0.06350267379679145,0.05860071301247772,0.05102495543672014,0.05169340463458111,0.041666666666666664,0.0338680926916221,0.02517825311942959,0.01893939393939394,0.00980392156862745,0.007352941176470588,0.8396203181508816,0.035133431207018076,0.0,0.0,0.0,0.0,0.0,0.0,0.0,0.0,0.0,0.0,0.0,0.0,0.0,0.0,0.0,0.0,0.0,0.0,0.0,0.0,0.013368983957219254,0.12032085561497328,0.5414438502673797,2.6470588235294037,9.425133689839575,11.724598930481287,4.258021390374332,0.9224598930481286,0.26069518716577544,0.08689839572192516,4.190378710337769,2.9484232773569725,4.724137931034483,2.1479188279168877,1.1273773225746677,4.180228648285138,2.9309124797338866,4.211133740665309,2.9532838577135725,1.0073931583605717,0.397,0.01124,0.0,0.0,0.0,0.0,0.0,0.0,0.0,0.0,0.0,0.0,0.06016042780748664,18.06149732620318,11.84491978609626,0.03342245989304814,0.0,0.0,0.0,0.0,0.0,0.0,0.0,0.0,0.0,0.0,0.0,0.0,0.0,0.0,0.0,0.0,nan,nan,4.195608108108108,2.9421071062758952,nan,0.397,0.05957,0.0,0.0,0.0,0.0,0.0,0.0,0.0,0.0,0.0,0.0,0.0,0.0,0.0,0.0,0.0,0.0,0.0,0.001481729055258467,0.0,0.0,0.0,1.1140819964349376e-05,0.0,0.0,0.0014148841354723707,0.0032642602495543674,0.014861853832442068,0.0018270944741532976,0.010516934046345811,0.006662210338680927,0.03248663101604278,0.025423351158645278,0.04210115864527629,0.02677139037433155,0.014048573975044562,0.06438279857397504,0.03605169340463458,0.04637923351158645,0.06051693404634581,0.09264705882352942,0.09094251336898396,0.06731283422459892,0.061998663101604276,0.062488859180035654,0.04963235294117647,0.02679367201426025,0.028453654188948307,0.030425579322638147,0.022426470588235294,0.010639483065953654,0.018103832442067737,0.00944741532976827,0.03316622103386809,0.0010583778966131907,0.003966131907308378,0.0017713903743315509,0.0004567736185383244,0.0,6.684491978609626e-05,0.0,0.0,0.0,0.0,0.0,0.0,0.0,0.0,0.0,0.0,0.0,0.0,0.0,0.0,0.0,0.0,0.0,0.0,0.0,0.0,0.0,0.0,0.0,0.0,0.0,0.0,0.0,0.0,0.0,0.0,0.0,0.0,0.0,0.0,0.0,0.0,0.0,0.0,0.0,0.0,0.0,0.0,nan,nan,4.195608108108108,2.9421071062758952,nan,0.8407607542857277,0.03508356395672316,0.0,0.0,0.0,0.0,0.0,0.0,0.0,0.0,0.0,0.0,0.0,0.0,0.0,0.0,0.0,0.0,0.0,0.0,0.0,0.0,0.01292546316242999,0.07755277897457993,0.3877638948728997,2.623869021973279,9.500215424386042,11.658767772511851,4.304179233089187,0.9823352003446792,0.33606204222317976,0.11632916846186991,0.8383988357932545,0.035145743905475216,0.0,0.0,0.0,0.0,0.0,0.0,0.0,0.0,0.0,0.0,0.0,0.0,0.0,0.0,0.0,0.0,0.0,0.0,0.0,0.0,0.013844023996308264,0.16612828795569914,0.7060452238117214,2.6718966312874857,9.344716197508077,11.795108444854641,4.2085832948777115,0.8583294877711124,0.17997231195200744,0.055376095985233055,0.397,0.01116,0.0,0.0,0.0,0.0,0.0,0.0,0.0,0.0,0.0,0.0,0.06462731581214995,18.250753985351118,11.658767772511851,0.02585092632485998,0.0,0.0,0.0,0.0,0.0,0.0,0.0,0.0,0.0,0.0,0.0,0.0,0.0,0.0,0.0,0.0,0.3972,0.011314,0.0,0.0,0.0,0.0,0.0,0.0,0.0,0.0,0.0,0.0,0.055376095985233055,17.85879095523763,12.04430087678819,0.041532071988924786,0.0,0.0,0.0,0.0,0.0,0.0,0.0,0.0,0.0,0.0,0.0,0.0,0.0,0.0,0.0,0.0
64500,4671,2383,0.5101691286662385,1113,966,0.44508670520231214,1350,0.5780346820809249,0.40199999999999997,2.985576923076923,3.064325240187352,6.602150537634409,2.0129980809244192,8370.005394990367,506.5951922729749,7853.0,8866.4,8866.399999999998,1.8189894035458565e-12,7853.0,0.0,28.44808392207236,21.26008600089338,33.43344362433189,19.50095667268277,0.13744380218368657,0.10169128666238493,0.08435024619995718,0.0899165061014772,0.07921216013701562,0.07814172554056947,0.06829372725326482,0.06165703275529865,0.05223720830657247,0.056304859773067865,0.046242774566473986,0.04367373153500321,0.03254121173196318,0.024619995718261616,0.022050952686790838,0.012417041318775423,0.009205737529436951,0.8394794453392446,0.03327304903791933,0.0,0.0,0.0,0.0,0.0,0.0,0.0,0.0,0.0,0.0,0.0,0.0,0.0,0.0,0.0,0.0,0.0,0.0,0.0,0.0,0.012845215157353889,0.07707129094412332,0.5073859987154786,2.434168272318554,9.524727039177908,11.913937058445732,4.425176621708414,0.92485549132948,0.13487475915221583,0.04495825305073861,4.331789612967251,2.8548648069379348,4.444444444444445,2.6010444246043614,1.0260065334521236,4.337301587301587,2.8883519255023336,4.329863370201692,2.817567262260748,0.9982850588205182,0.397,0.011375,0.0,0.0,0.0,0.0,0.0,0.0,0.0,0.0,0.0,0.0,0.1477199743095697,17.919075144508646,11.926782273603086,0.006422607578676944,0.0,0.0,0.0,0.0,0.0,0.0,0.0,0.0,0.0,0.0,0.0,0.0,0.0,0.0,0.0,0.0,nan,nan,4.332786885245902,2.8527364666272144,nan,0.397,0.06027,0.0,0.0,0.0,0.0,0.0,0.0,0.0,0.0,0.0,0.0,0.0,0.0,0.0,0.0,0.0,0.0,0.0,0.0024405908798972383,0.0,0.0,0.0,0.0,0.0,0.0,0.0016912866623849283,0.003147077713551702,0.014108327981160351,0.0025369299935773925,0.01055448512095911,0.006818668379362021,0.030550203382573325,0.027895525583386854,0.0430635838150289,0.02575465639049454,0.015221579961464355,0.06444016270605867,0.036148576321986724,0.046071505031042605,0.05939841575679726,0.08904945407835581,0.09228216655962321,0.0684114750588739,0.060233354742025264,0.059719546135731105,0.05124170413187754,0.026867908370798544,0.028644829800899167,0.029308499250695782,0.024512952258616997,0.010340398201669878,0.017394562192250055,0.009505459216441876,0.035238706915007495,0.0011025476343395418,0.0035110254763433954,0.0019803040034253906,0.00074930421751231,0.0,6.422607578676943e-05,0.0,0.0,0.0,0.0,0.0,0.0,0.0,0.0,0.0,0.0,0.0,0.0,0.0,0.0,0.0,0.0,0.0,0.0,0.0,0.0,0.0,0.0,0.0,0.0,0.0,0.0,0.0,0.0,0.0,0.0,0.0,0.0,0.0,0.0,0.0,0.0,0.0,0.0,0.0,0.0,0.0,0.0,nan,nan,4.332786885245902,2.8527364666272144,nan,0.8401963747303075,0.033237147940120074,0.0,0.0,0.0,0.0,0.0,0.0,0.0,0.0,0.0,0.0,0.0,0.0,0.0,0.0,0.0,0.0,0.0,0.0,0.0,0.0,0.0,0.06294586655476292,0.42803189257238783,2.467477968946698,9.416701636592531,11.98489299202686,4.393621485522451,1.0071338648762067,0.18883759966428876,0.050356693243810334,0.8387327483379757,0.033293991038452715,0.0,0.0,0.0,0.0,0.0,0.0,0.0,0.0,0.0,0.0,0.0,0.0,0.0,0.0,0.0,0.0,0.0,0.0,0.0,0.0,0.02622377622377623,0.09178321678321681,0.5900349650349651,2.399475524475517,9.637237762237763,11.840034965034969,4.458041958041959,0.8391608391608394,0.07867132867132869,0.03933566433566434,0.397,0.01144,0.0,0.0,0.0,0.0,0.0,0.0,0.0,0.0,0.0,0.0,0.17624842635333618,17.750734368443116,12.073017205203527,0.0,0.0,0.0,0.0,0.0,0.0,0.0,0.0,0.0,0.0,0.0,0.0,0.0,0.0,0.0,0.0,0.0,0.397,0.011314,0.0,0.0,0.0,0.0,0.0,0.0,0.0,0.0,0.0,0.0,0.11800699300699304,18.09440559440557,11.774475524475527,0.013111888111888115,0.0,0.0,0.0,0.0,0.0,0.0,0.0,0.0,0.0,0.0,0.0,0.0,0.0,0.0,0.0,0.0
64600,4555,2334,0.512403951701427,1109,925,0.44654226125137214,1285,0.5642151481888035,0.39799999999999996,2.956776226924809,3.0965151955866816,6.528861154446178,2.181941223264906,8372.270164654226,506.5440562878667,7853.0,8866.4,8866.400000000001,1.8189894035458565e-12,7853.0,0.0,28.49769484083425,21.10046391817492,33.338094001558034,19.350447907670404,0.13347969264544457,0.10208562019758508,0.0924259055982437,0.0845225027442371,0.07596048298572997,0.07486278814489572,0.06959385290889133,0.06476399560922064,0.059055982436882544,0.055323819978046106,0.04610318331503842,0.041053787047200876,0.03402854006586169,0.027222832052689352,0.02129527991218441,0.01119648737650933,0.007025246981339188,0.8390073982080696,0.03491217288264031,0.0,0.0,0.0,0.0,0.0,0.0,0.0,0.0,0.0,0.0,0.0,0.0,0.0,0.0,0.0,0.0,0.0,0.0,0.0,0.0,0.0,0.11855104281009882,0.48737650933040627,2.733260153677269,9.582875960482987,11.84193194291987,3.8924259055982446,0.9549945115257961,0.2766190998902306,0.11196487376509333,4.205423728813559,2.8718099897214757,4.75,2.9755951785595207,1.12949379332581,4.181511470985155,2.877875656756622,4.2401073105298455,2.867758466167469,1.014013076360373,0.397,0.01139,0.0,0.0,0.0,0.0,0.0,0.0,0.0,0.0,0.0,0.0,0.0658616904500549,17.960482985729943,11.953896816684965,0.01975850713501647,0.0,0.0,0.0,0.0,0.0,0.0,0.0,0.0,0.0,0.0,0.0,0.0,0.0,0.0,0.0,0.0,nan,nan,4.209818426361802,2.873075701848257,nan,0.397,0.05997,0.0,0.0,0.0,0.0,0.0,0.0,0.0,0.0,0.0,0.0,0.0,0.0,0.0,2.1953896816684962e-05,0.0,0.0,5.48847420417124e-05,0.0023819978046103183,0.0,0.0,0.0,0.0,0.0,0.0,0.0014489571899012075,0.0035784851811196485,0.0133589462129528,0.00283205268935236,0.009231613611416027,0.006190998902305159,0.02818880351262349,0.0295609220636663,0.042766190998902304,0.02332601536772777,0.016564215148188805,0.0669264544456641,0.038386388583973655,0.04688254665203073,0.059220636663007684,0.08958287596048299,0.09424807903402854,0.07070252469813391,0.05836443468715697,0.057277716794731065,0.05008781558726674,0.026278814489571898,0.0270801317233809,0.03030735455543359,0.026706915477497255,0.009143798024149287,0.015653128430296377,0.010230515916575192,0.03593852908891328,0.0010537870472008782,0.003106476399560922,0.002096597145993414,0.001141602634467618,0.0,7.683863885839736e-05,0.0,0.0,0.0,0.0,0.0,0.0,0.0,0.0,0.0,0.0,0.0,0.0,0.0,0.0,0.0,0.0,0.0,0.0,0.0,0.0,0.0,0.0,0.0,0.0,0.0,0.0,0.0,0.0,0.0,0.0,0.0,0.0,0.0,0.0,0.0,0.0,0.0,0.0,0.0,0.0,0.0,0.0,nan,nan,4.209818426361802,2.873075701848257,nan,0.839329400247453,0.03542442044928529,0.0,0.0,0.0,0.0,0.0,0.0,0.0,0.0,0.0,0.0,0.0,0.0,0.0,0.0,0.0,0.0,0.0,0.0,0.0,0.0,0.0,0.12853470437017997,0.4627249357326479,2.7763496143958784,9.4987146529563,11.786632390745504,3.8817480719794353,1.0668380462724938,0.24421593830334196,0.15424164524421596,0.8386690133544359,0.03436238467776727,0.0,0.0,0.0,0.0,0.0,0.0,0.0,0.0,0.0,0.0,0.0,0.0,0.0,0.0,0.0,0.0,0.0,0.0,0.0,0.0,0.0,0.10805943268797841,0.5132823052678974,2.687978388113454,9.671319225574067,11.900045024763623,3.90364700585322,0.8374606033318327,0.31067086897793794,0.06753714542998651,0.3967,0.011444,0.0,0.0,0.0,0.0,0.0,0.0,0.0,0.0,0.0,0.0,0.08997429305912599,18.18766066838044,11.69665809768638,0.025706940874035997,0.0,0.0,0.0,0.0,0.0,0.0,0.0,0.0,0.0,0.0,0.0,0.0,0.0,0.0,0.0,0.0,0.3975,0.01132,0.0,0.0,0.0,0.0,0.0,0.0,0.0,0.0,0.0,0.0,0.0405222872579919,17.72174696082843,12.224223322827559,0.013507429085997301,0.0,0.0,0.0,0.0,0.0,0.0,0.0,0.0,0.0,0.0,0.0,0.0,0.0,0.0,0.0,0.0
64700,4529,2378,0.5250607198056966,1126,876,0.4420401854714065,1248,0.5511150364318834,0.39399999999999996,2.932124593212459,3.0095223267715756,6.172143974960877,2.160632320199269,8385.096533451093,506.0631443690276,7853.0,8866.4,8866.399999999998,1.8189894035458565e-12,7853.0,0.0,28.615588430117025,20.804241352652166,33.325877763329,19.03481633250256,0.12938838595716493,0.09980128063590196,0.09229410465886509,0.08500772797527048,0.07882534775888717,0.06866858026054316,0.07374696400971517,0.06999337602119673,0.05608302053433429,0.053212629719584896,0.05299183042614264,0.0492382424376242,0.032236696842570106,0.02450872157209097,0.020534334290130272,0.006844778096710091,0.00662397880326783,0.8402883686169695,0.0342362657094802,0.0,0.0,0.0,0.0,0.0,0.0,0.0,0.0,0.0,0.0,0.0,0.0,0.0,0.0,0.0,0.0,0.0,0.0,0.0,0.0,0.019871936409803493,0.08611172444248182,0.44380657981894467,2.490616030028696,9.386177964230516,11.956281739898435,4.272466328107751,1.0200927357032459,0.2848310885405167,0.039743872819606986,4.109901326981967,2.8303212835314597,4.2272727272727275,2.9222005746264417,1.0285582039452394,4.145527369826436,2.822789555874513,4.07797537619699,2.8379766311889867,0.983704849201786,0.397,0.01101,0.0,0.0,0.0,0.0,0.0,0.0,0.0,0.0,0.0,0.0,0.09935968204901746,17.984102450872133,11.890041951865758,0.026495915213071323,0.0,0.0,0.0,0.0,0.0,0.0,0.0,0.0,0.0,0.0,0.0,0.0,0.0,0.0,0.0,0.0,nan,nan,4.110773387369132,2.831032877945626,nan,0.397,0.0602,0.0,0.0,0.0,0.0,0.0,0.0,0.0,0.0,0.0,0.0,0.0,0.0,0.0,0.0,0.0,0.0,3.311989401633915e-05,0.0028041510267167143,1.103996467211305e-05,0.0,0.0,0.0,0.0,0.0,0.0018547140649149924,0.0030691101788474276,0.014650033119894016,0.0024950320158975492,0.007992934422609848,0.005707661735482447,0.02747847206888938,0.028229189666593067,0.04369618017222345,0.02495032015897549,0.016846986089644512,0.06646058732612056,0.03914771472731287,0.0472952086553323,0.05898653124310002,0.0920512254360786,0.09294546257451976,0.07018105542062265,0.05884301170236255,0.05677853830867741,0.049039523073526166,0.026341355707661735,0.026385515566350187,0.03117686023404725,0.025292559063810997,0.008015014351954074,0.015400750717597703,0.010333406933097814,0.03794435857805255,0.0008279973504084787,0.0032347096489291232,0.001976153676308236,0.001368955619342018,0.0,0.0001545595054095827,0.0,0.0,0.0,0.0,0.0,0.0,0.0,0.0,0.0,0.0,0.0,0.0,0.0,0.0,0.0,0.0,0.0,0.0,0.0,0.0,0.0,0.0,0.0,0.0,0.0,0.0,0.0,0.0,0.0,0.0,0.0,0.0,0.0,0.0,0.0,0.0,0.0,0.0,0.0,0.0,0.0,0.0,nan,nan,4.110773387369132,2.831032877945626,nan,0.839910603351609,0.03411877751146205,0.0,0.0,0.0,0.0,0.0,0.0,0.0,0.0,0.0,0.0,0.0,0.0,0.0,0.0,0.0,0.0,0.0,0.0,0.0,0.0,0.012615643397813292,0.12615643397813292,0.5424726661059714,2.3969722455845175,9.47434819175778,11.909167367535748,4.377628259041212,0.8957106812447436,0.23969722455845252,0.025231286795626584,0.8407060003236303,0.03436085182539757,0.0,0.0,0.0,0.0,0.0,0.0,0.0,0.0,0.0,0.0,0.0,0.0,0.0,0.0,0.0,0.0,0.0,0.0,0.0,0.0,0.027894002789400286,0.041841004184100423,0.3347280334728034,2.594142259414218,9.288702928870295,12.008368200836824,4.156206415620642,1.1576011157601118,0.3347280334728034,0.05578800557880057,0.397,0.011086,0.0,0.0,0.0,0.0,0.0,0.0,0.0,0.0,0.0,0.0,0.10092514718250634,17.9646761984861,11.921783010933561,0.012615643397813292,0.0,0.0,0.0,0.0,0.0,0.0,0.0,0.0,0.0,0.0,0.0,0.0,0.0,0.0,0.0,0.0,0.397,0.01092,0.0,0.0,0.0,0.0,0.0,0.0,0.0,0.0,0.0,0.0,0.09762900976290101,18.005578800557853,11.854951185495121,0.041841004184100423,0.0,0.0,0.0,0.0,0.0,0.0,0.0,0.0,0.0,0.0,0.0,0.0,0.0,0.0,0.0,0.0
64800,4411,2326,0.5273180684652007,1086,879,0.4454772160507821,1210,0.5486284289276808,0.426,2.8973621103117506,3.0685247857044984,6.547660311958405,2.1890460484230037,8387.384130582635,505.9431577893741,7853.0,8866.4,8866.4,0.0,7853.0,0.0,27.927227386080254,20.694776616004745,32.75033629270917,18.968038138701036,0.13806393108138745,0.09861709362956246,0.09748356381772841,0.08388120607571979,0.08342779415098617,0.07503967354341419,0.06914531852187712,0.05576966674223532,0.0618907277261392,0.05554296077986851,0.049648605758331445,0.03967354341419179,0.031058716844253004,0.02743142144638404,0.01813647698934482,0.011108592155973701,0.004080707322602585,0.8407905614989546,0.03470002974885895,0.0,0.0,0.0,0.0,0.0,0.0,0.0,0.0,0.0,0.0,0.0,0.0,0.0,0.0,0.0,0.0,0.0,0.0,0.0,0.006801178871004309,0.03400589435502154,0.0816141464520517,0.41487191113126287,2.4280208569485304,9.147585581500795,12.160507821355704,4.3935615506687835,0.9861709362956248,0.2788483337111767,0.06801178871004308,4.223011363636363,2.9042453291154744,5.2272727272727275,2.998966764219397,1.2378069290279181,4.182456140350877,2.952318316350523,4.281161473087819,2.8587347999851245,1.023599848850695,0.3977,0.010666,0.0,0.0,0.0,0.0,0.0,0.0,0.0,0.0,0.0,0.0,0.08841532532305602,17.50623441396506,12.391747902969852,0.013602357742008618,0.0,0.0,0.0,0.0,0.0,0.0,0.0,0.0,0.0,0.0,0.0,0.0,0.0,0.0,0.0,0.0,nan,nan,4.230796335447498,2.906326384208079,nan,0.3977,0.05945,0.0,0.0,0.0,0.0,0.0,0.0,0.0,0.0,0.0,0.0,0.0,0.0,0.0,0.0,0.0,0.0,0.0,0.0017343006121060985,2.2670596236681024e-05,0.0,0.0,0.0,0.0,0.0,0.0016209476309226932,0.0030832010881886194,0.013500340058943551,0.0015416005440943097,0.007900702788483337,0.006177737474495579,0.026218544547721604,0.027748809793697576,0.04271140330990705,0.02769213330310587,0.016538199954658807,0.06412378145545228,0.04086374971661755,0.046735434141917935,0.06311493992291997,0.08846066651552936,0.09687145771933801,0.07152573112672864,0.058467467694400366,0.056517796418045795,0.04811834051235547,0.02680798004987531,0.02549308546814781,0.031795511221945134,0.024178190886420314,0.00861482656993879,0.01571072319201995,0.010870550895488551,0.036749036499659944,0.000929494445703922,0.0036159600997506237,0.0018929947857628656,0.0018476535932895036,6.801178871004307e-05,0.00013602357742008615,0.0,0.0,0.0,0.0,0.0,0.0,0.0,0.0,0.0,0.0,0.0,0.0,0.0,0.0,0.0,0.0,0.0,0.0,0.0,0.0,0.0,0.0,0.0,0.0,0.0,0.0,0.0,0.0,0.0,0.0,0.0,0.0,0.0,0.0,0.0,0.0,0.0,0.0,0.0,0.0,0.0,0.0,nan,nan,4.230796335447498,2.906326384208079,nan,0.8407376422670927,0.03461903206552308,0.0,0.0,0.0,0.0,0.0,0.0,0.0,0.0,0.0,0.0,0.0,0.0,0.0,0.0,0.0,0.0,0.0,0.0,0.0,0.012897678417884783,0.03869303525365435,0.0773860705073087,0.3869303525365435,2.553740326741179,8.886500429922615,12.304385210662083,4.488392089423905,0.9415305245055892,0.2321582115219261,0.0773860705073087,0.8408495975341157,0.03479007223307359,0.0,0.0,0.0,0.0,0.0,0.0,0.0,0.0,0.0,0.0,0.0,0.0,0.0,0.0,0.0,0.0,0.0,0.0,0.0,0.0,0.028776978417266195,0.08633093525179858,0.446043165467626,2.2877697841726548,9.438848920863311,12.000000000000004,4.287769784172663,1.035971223021583,0.3309352517985612,0.05755395683453239,0.3982,0.01068,0.0,0.0,0.0,0.0,0.0,0.0,0.0,0.0,0.0,0.0,0.0773860705073087,16.870163370593268,13.039552880481516,0.012897678417884783,0.0,0.0,0.0,0.0,0.0,0.0,0.0,0.0,0.0,0.0,0.0,0.0,0.0,0.0,0.0,0.0,0.397,0.01063,0.0,0.0,0.0,0.0,0.0,0.0,0.0,0.0,0.0,0.0,0.10071942446043168,18.21582733812947,11.669064748201441,0.014388489208633098,0.0,0.0,0.0,0.0,0.0,0.0,0.0,0.0,0.0,0.0,0.0,0.0,0.0,0.0,0.0,0.0
64900,4527,2343,0.5175612988734261,1134,898,0.44886238126794786,1241,0.548265959796775,0.414,3.0027472527472527,3.1570596161040907,6.64935064935065,2.206196902624271,8377.496620278329,506.3873717883067,7853.0,8866.4,8866.4,0.0,7853.0,0.0,27.926220455047492,20.95067343527761,33.09618441971383,19.1099937581096,0.14512922465208747,0.09719461011707532,0.09100949856417054,0.08482438701126574,0.0744422354760327,0.08416169648774023,0.0713496796995803,0.05920035343494588,0.05787497238789485,0.0536779324055666,0.05168986083499006,0.03887784404683013,0.026949414623370884,0.026507620941020542,0.017229953611663355,0.012591119946984758,0.00728959575878065,0.8399259207894898,0.034208998285424334,0.0,0.0,0.0,0.0,0.0,0.0,0.0,0.0,0.0,0.0,0.0,0.0,0.0,0.0,0.0,0.0,0.0,0.0,0.0,0.006626905235255137,0.03976143141153082,0.13916500994035788,0.5367793240556661,2.3459244532803107,8.886679920477139,12.697150430748843,4.274353876739563,0.7753479125248511,0.2319416832339298,0.06626905235255137,4.325694444444444,2.930117710182424,4.722222222222222,2.2682728513992894,1.0916680044951037,4.2,2.9084318986723785,4.462439696760854,2.932117705831415,1.0624856420859177,0.3975,0.01072,0.0,0.0,0.0,0.0,0.0,0.0,0.0,0.0,0.0,0.0,0.033134526176275686,18.01855533465869,11.948310139165013,0.0,0.0,0.0,0.0,0.0,0.0,0.0,0.0,0.0,0.0,0.0,0.0,0.0,0.0,0.0,0.0,0.0,nan,nan,4.330589849108367,2.923188556922189,nan,0.3975,0.05997,0.0,0.0,0.0,0.0,0.0,0.0,0.0,0.0,0.0,0.0,0.0,0.0,0.0,0.0,0.0,0.0,0.0,0.002131654517340402,3.313452617627568e-05,0.0,0.0,0.0,0.0,0.0,0.0023415065164568145,0.0036558427214490835,0.013408438259332892,0.0012591119946984758,0.008548707753479125,0.0051800309255577645,0.02700463883366468,0.02724762535895737,0.041307709299757016,0.02898166556218246,0.015738899933730947,0.06512038877844047,0.043759664236801415,0.04383697813121273,0.06590457256461232,0.08922023415065164,0.09442235476032693,0.0702010161254694,0.05662690523525513,0.05749944775789706,0.04592445328031809,0.02829688535453943,0.026198365363375303,0.031234813342169206,0.022895957587806496,0.008471393859067816,0.015893527722553567,0.01126573889993373,0.03708857963331124,0.0014579191517561298,0.0032803180914512922,0.0022200132538104703,0.0020432957808703338,0.00020985199911641264,8.835873647006848e-05,0.0,0.0,0.0,0.0,0.0,0.0,0.0,0.0,0.0,0.0,0.0,0.0,0.0,0.0,0.0,0.0,0.0,0.0,0.0,0.0,0.0,0.0,0.0,0.0,0.0,0.0,0.0,0.0,0.0,0.0,0.0,0.0,0.0,0.0,0.0,0.0,0.0,0.0,0.0,0.0,0.0,0.0,nan,nan,4.330589849108367,2.923188556922189,nan,0.8399669401573412,0.033671455685978825,0.0,0.0,0.0,0.0,0.0,0.0,0.0,0.0,0.0,0.0,0.0,0.0,0.0,0.0,0.0,0.0,0.0,0.0,0.0,0.0,0.025608194622279135,0.17925736235595396,0.4353393085787453,2.43277848911651,9.078104993597952,12.330345710627403,4.507042253521128,0.7938540332906532,0.1664532650448144,0.05121638924455827,0.8398819151215065,0.03477638438164981,0.0,0.0,0.0,0.0,0.0,0.0,0.0,0.0,0.0,0.0,0.0,0.0,0.0,0.0,0.0,0.0,0.0,0.0,0.0,0.01373626373626374,0.05494505494505496,0.09615384615384617,0.6456043956043958,2.2527472527472456,8.681318681318682,13.090659340659345,4.0247252747252755,0.7554945054945057,0.30219780219780223,0.08241758241758243,0.3972,0.01073,0.0,0.0,0.0,0.0,0.0,0.0,0.0,0.0,0.0,0.0,0.025608194622279135,17.900128040973087,12.074263764404613,0.0,0.0,0.0,0.0,0.0,0.0,0.0,0.0,0.0,0.0,0.0,0.0,0.0,0.0,0.0,0.0,0.0,0.3975,0.01072,0.0,0.0,0.0,0.0,0.0,0.0,0.0,0.0,0.0,0.0,0.041208791208791215,18.14560439560437,11.813186813186817,0.0,0.0,0.0,0.0,0.0,0.0,0.0,0.0,0.0,0.0,0.0,0.0,0.0,0.0,0.0,0.0,0.0
65000,4675,2438,0.5214973262032085,1124,970,0.4479144385026738,1330,0.5689839572192513,0.40199999999999997,3.022798390701833,3.0833915110772128,6.541925465838509,2.135134951595661,8381.485390374331,506.2314557257755,7853.0,8866.4,8866.399999999998,1.8189894035458565e-12,7853.0,0.0,28.184385026737967,20.91070426752896,32.903836446239275,19.218005670990458,0.13390374331550803,0.09732620320855614,0.0960427807486631,0.08684491978609625,0.08449197860962566,0.07550802139037432,0.06737967914438503,0.06288770053475935,0.057754010695187166,0.051336898395721926,0.05005347593582888,0.03764705882352941,0.03764705882352941,0.023101604278074866,0.019893048128342247,0.012834224598930482,0.0053475935828877,0.8389317138819771,0.03483379540526871,0.0,0.0,0.0,0.0,0.0,0.0,0.0,0.0,0.0,0.0,0.0,0.0,0.0,0.0,0.0,0.0,0.0,0.0,0.0064171122994652425,0.03208556149732621,0.06417112299465241,0.10267379679144388,0.4491978609625669,2.3614973262032013,9.734759358288771,11.935828877005351,4.119786096256686,0.9240641711229949,0.2502673796791444,0.019251336898395723,4.249832999331997,2.872201371818099,4.051282051282051,2.650096446708559,0.9532802940536358,4.216339869281046,2.902263203343614,4.281624500665779,2.834290790497472,1.0154837212864116,0.3975,0.01096,0.0,0.0,0.0,0.0,0.0,0.0,0.0,0.0,0.0,0.0,0.07700534759358289,17.595721925133663,12.308021390374334,0.019251336898395723,0.0,0.0,0.0,0.0,0.0,0.0,0.0,0.0,0.0,0.0,0.0,0.0,0.0,0.0,0.0,0.0,nan,nan,4.247279920870425,2.8695417263971237,nan,0.3975,0.0598,0.0,0.0,0.0,0.0,0.0,0.0,0.0,0.0,0.0,0.0,0.0,0.0,0.0,0.0,0.0,0.0,0.0,0.0022032085561497325,0.0,0.0,2.1390374331550803e-05,0.0,0.0,0.0,0.0018716577540106951,0.003625668449197861,0.012502673796791444,0.0008983957219251337,0.008245989304812833,0.0055828877005347595,0.028898395721925135,0.027251336898395723,0.03996791443850267,0.029657754010695186,0.014459893048128343,0.06488770053475935,0.04581818181818182,0.04411764705882353,0.06417112299465241,0.09388235294117647,0.09431016042780749,0.068,0.0566951871657754,0.05589304812834225,0.04699465240641711,0.02867379679144385,0.024417112299465242,0.030374331550802137,0.022609625668449197,0.009005347593582888,0.01693048128342246,0.011037433155080214,0.037989304812834225,0.001336898395721925,0.002909090909090909,0.0024598930481283423,0.001978609625668449,0.0002566844919786096,6.41711229946524e-05,0.0,0.0,0.0,0.0,0.0,0.0,0.0,0.0,0.0,0.0,0.0,0.0,0.0,0.0,0.0,0.0,0.0,0.0,0.0,0.0,0.0,0.0,0.0,0.0,0.0,0.0,0.0,0.0,0.0,0.0,0.0,0.0,0.0,0.0,0.0,0.0,0.0,0.0,0.0,0.0,0.0,0.0,nan,nan,4.247279920870425,2.8695417263971237,nan,0.8390051962363123,0.0348160819466478,0.0,0.0,0.0,0.0,0.0,0.0,0.0,0.0,0.0,0.0,0.0,0.0,0.0,0.0,0.0,0.0,0.0,0.0,0.012305168170631669,0.024610336341263337,0.049220672682526674,0.13535684987694835,0.4183757178014767,2.4364232977850624,9.487284659557016,12.231337161607879,3.9868744872846604,0.9474979491386384,0.25840853158326504,0.012305168170631669,0.838851628955795,0.03485291377707086,0.0,0.0,0.0,0.0,0.0,0.0,0.0,0.0,0.0,0.0,0.0,0.0,0.0,0.0,0.0,0.0,0.0,0.0,0.0,0.04023245417970497,0.08046490835940993,0.06705409029950828,0.48278945015645963,2.2798390701832743,10.004470272686635,11.613768439874836,4.264640143048727,0.898524810013411,0.24139472507822982,0.026821636119803316,0.3975,0.011,0.0,0.0,0.0,0.0,0.0,0.0,0.0,0.0,0.0,0.0,0.08613617719442168,17.44872846595568,12.452830188679249,0.012305168170631669,0.0,0.0,0.0,0.0,0.0,0.0,0.0,0.0,0.0,0.0,0.0,0.0,0.0,0.0,0.0,0.0,0.3975,0.01093,0.0,0.0,0.0,0.0,0.0,0.0,0.0,0.0,0.0,0.0,0.06705409029950828,17.755923111309762,12.150201162270902,0.026821636119803316,0.0,0.0,0.0,0.0,0.0,0.0,0.0,0.0,0.0,0.0,0.0,0.0,0.0,0.0,0.0,0.0
65100,4616,2414,0.5229636048526863,1170,920,0.4527729636048527,1274,0.5519930675909879,0.414,2.9795640326975477,3.0875861419785164,6.554330708661418,2.1091759000249253,8382.971317157713,506.1653245706831,7853.0,8866.4,8866.399999999998,1.8189894035458565e-12,7853.0,0.0,28.30914211438475,20.815552601678686,33.139266478584254,19.031482524606787,0.1371317157712305,0.09705372616984402,0.08925476603119584,0.08492201039861352,0.07885615251299827,0.08015597920277297,0.07019064124783363,0.06390814558058926,0.060658578856152515,0.05849220103986135,0.044410745233968804,0.04072790294627383,0.03119584055459272,0.026646447140381283,0.019064124783362217,0.011265164644714038,0.006065857885615251,0.8378617499843627,0.03371979442861159,0.0,0.0,0.0,0.0,0.0,0.0,0.0,0.0,0.0,0.0,0.0,0.0,0.0,0.0,0.0,0.0,0.0,0.0,0.0,0.006499133448873485,0.02599653379549394,0.09098786828422879,0.5719237435008666,2.580155979202765,9.677209705372618,12.172876949740038,3.821490467937609,0.8123916811091857,0.1754766031195841,0.06499133448873484,4.146742780389523,2.8426896218939737,4.516129032258065,2.576205859109859,1.0890786507461752,4.210879785090665,2.7908735158582205,4.091447368421052,2.8867082892509104,0.9716371820700075,0.3972,0.010994,0.0,0.0,0.0,0.0,0.0,0.0,0.0,0.0,0.0,0.0,0.08448873483535531,17.612651646447116,12.302859618717507,0.0,0.0,0.0,0.0,0.0,0.0,0.0,0.0,0.0,0.0,0.0,0.0,0.0,0.0,0.0,0.0,0.0,nan,nan,4.150548354935195,2.840316590932767,nan,0.3972,0.05978,0.0,0.0,0.0,0.0,0.0,0.0,0.0,0.0,0.0,0.0,0.0,0.0,0.0,0.0,0.0,0.0,0.0,0.002393847487001733,0.0,0.0,0.0,4.3327556325823225e-05,1.0831889081455806e-05,0.0,0.0016897746967071056,0.003585355285961872,0.012792461005199306,0.0008015597920277296,0.00919627383015598,0.0048851819757365685,0.027577989601386483,0.02863951473136915,0.0392655979202773,0.02987435008665511,0.014092287694974004,0.06472053726169844,0.0454181109185442,0.0446815424610052,0.0658578856152513,0.09551559792027729,0.09141031195840554,0.06875,0.056748266897746966,0.056185008665511266,0.04838604852686308,0.026787261698440208,0.023754332755632584,0.02990684575389948,0.02231369150779896,0.009564558058925476,0.017915944540727903,0.011319324090121317,0.03706672443674177,0.0014298093587521664,0.0033578856152512997,0.002003899480069324,0.0018305892547660313,0.0001733102253032929,5.4159445407279026e-05,0.0,0.0,0.0,0.0,0.0,0.0,0.0,0.0,0.0,0.0,0.0,0.0,0.0,0.0,0.0,0.0,0.0,0.0,0.0,0.0,0.0,0.0,0.0,0.0,0.0,0.0,0.0,0.0,0.0,0.0,0.0,0.0,0.0,0.0,0.0,0.0,0.0,0.0,0.0,0.0,0.0,0.0,nan,nan,4.150548354935195,2.840316590932767,nan,0.8373155442020966,0.03389324828423638,0.0,0.0,0.0,0.0,0.0,0.0,0.0,0.0,0.0,0.0,0.0,0.0,0.0,0.0,0.0,0.0,0.0,0.0,0.0,0.01242750621375311,0.01242750621375311,0.11184755592377799,0.6338028169014085,2.696768848384416,9.618889809444907,12.216238608119307,3.653686826843414,0.7580778790389398,0.22369511184755597,0.062137531068765545,0.8384605423360386,0.033518384145606865,0.0,0.0,0.0,0.0,0.0,0.0,0.0,0.0,0.0,0.0,0.0,0.0,0.0,0.0,0.0,0.0,0.0,0.0,0.0,0.0,0.04087193460490464,0.0681198910081744,0.5040871934604906,2.4523160762942706,9.74114441416894,12.125340599455043,4.005449591280655,0.8719346049046324,0.12261580381471392,0.0681198910081744,0.3972,0.01088,0.0,0.0,0.0,0.0,0.0,0.0,0.0,0.0,0.0,0.0,0.08699254349627177,17.85832642916319,12.054681027340516,0.0,0.0,0.0,0.0,0.0,0.0,0.0,0.0,0.0,0.0,0.0,0.0,0.0,0.0,0.0,0.0,0.0,0.3975,0.011116,0.0,0.0,0.0,0.0,0.0,0.0,0.0,0.0,0.0,0.0,0.08174386920980928,17.34332425068117,12.574931880108995,0.0,0.0,0.0,0.0,0.0,0.0,0.0,0.0,0.0,0.0,0.0,0.0,0.0,0.0,0.0,0.0,0.0
65200,4830,2480,0.5134575569358178,1188,1007,0.45445134575569357,1351,0.5594202898550724,0.40599999999999997,2.931489361702128,3.04742442960316,6.4850393700787405,2.1504835105526054,8373.337888198757,506.51643409220003,7853.0,8866.4,8866.4,0.0,7853.0,0.0,27.996687370600416,20.859869379197217,33.08044554455446,19.015515129574435,0.14306418219461697,0.09668737060041407,0.08902691511387163,0.08364389233954451,0.08219461697722567,0.07701863354037267,0.07412008281573498,0.06480331262939959,0.0525879917184265,0.0525879917184265,0.04679089026915114,0.044099378881987575,0.033126293995859216,0.02753623188405797,0.016977225672877846,0.009109730848861283,0.006625258799171843,0.8364867731897974,0.03305677257743556,0.0,0.0,0.0,0.0,0.0,0.0,0.0,0.0,0.0,0.0,0.0,0.0,0.0,0.0,0.0,0.0,0.0,0.0,0.0,0.0,0.024844720496894415,0.09316770186335406,0.4161490683229815,2.950310559006202,10.372670807453419,11.47826086956522,3.689440993788821,0.7329192546583853,0.22360248447204972,0.01863354037267081,4.222508038585209,2.821371381972917,4.2727272727272725,3.13603423830188,1.011893224046742,4.240894568690096,2.8665953965981976,4.204850031908105,2.7800964503014316,0.9915007232087064,0.397,0.01108,0.0,0.0,0.0,0.0,0.0,0.0,0.0,0.0,0.0,0.0,0.09316770186335406,18.229813664596247,11.677018633540376,0.0,0.0,0.0,0.0,0.0,0.0,0.0,0.0,0.0,0.0,0.0,0.0,0.0,0.0,0.0,0.0,0.0,nan,nan,4.222860791826309,2.8237070622169145,nan,0.397,0.05936,0.0,0.0,0.0,0.0,0.0,0.0,0.0,0.0,0.0,0.0,0.0,0.0,0.0,0.0,0.0,0.0,0.0,0.002060041407867495,0.0,0.0,0.0,3.1055900621118014e-05,0.0,0.0,0.0017184265010351967,0.004089026915113872,0.011821946169772257,0.0007556935817805383,0.009440993788819876,0.0051035196687370605,0.027298136645962732,0.02798136645962733,0.04023809523809524,0.03391304347826087,0.012939958592132506,0.06227743271221532,0.04570393374741201,0.041935817805383024,0.06995859213250517,0.09732919254658386,0.09299171842650103,0.06913043478260869,0.057401656314699796,0.0544824016563147,0.046490683229813666,0.026128364389233955,0.02315734989648033,0.03124223602484472,0.021728778467908903,0.010227743271221532,0.01653209109730849,0.012474120082815735,0.03513457556935818,0.0011594202898550724,0.003146997929606625,0.0017287784679089026,0.002132505175983437,0.00011387163561076604,0.0,0.0,0.0,0.0,0.0,0.0,0.0,0.0,0.0,0.0,0.0,0.0,0.0,0.0,0.0,0.0,0.0,0.0,0.0,0.0,0.0,0.0,0.0,0.0,0.0,0.0,0.0,0.0,0.0,0.0,0.0,0.0,0.0,0.0,0.0,0.0,0.0,0.0,0.0,0.0,0.0,0.0,0.0,nan,nan,4.222860791826309,2.8237070622169145,nan,0.836160976920397,0.0333277321742388,0.0,0.0,0.0,0.0,0.0,0.0,0.0,0.0,0.0,0.0,0.0,0.0,0.0,0.0,0.0,0.0,0.0,0.0,0.0,0.0,0.02419354838709678,0.09677419354838712,0.4475806451612904,2.975806451612894,10.318548387096778,11.528225806451616,3.5806451612903234,0.7983870967741937,0.21774193548387102,0.01209677419354839,0.8368305922315475,0.032764880800598944,0.0,0.0,0.0,0.0,0.0,0.0,0.0,0.0,0.0,0.0,0.0,0.0,0.0,0.0,0.0,0.0,0.0,0.0,0.0,0.0,0.025531914893617027,0.08936170212765959,0.38297872340425543,2.92340425531914,10.429787234042555,11.42553191489362,3.804255319148937,0.6638297872340427,0.22978723404255325,0.025531914893617027,0.397,0.011086,0.0,0.0,0.0,0.0,0.0,0.0,0.0,0.0,0.0,0.0,0.07258064516129033,18.387096774193523,11.540322580645164,0.0,0.0,0.0,0.0,0.0,0.0,0.0,0.0,0.0,0.0,0.0,0.0,0.0,0.0,0.0,0.0,0.0,0.3967,0.011086,0.0,0.0,0.0,0.0,0.0,0.0,0.0,0.0,0.0,0.0,0.11489361702127662,18.063829787234017,11.821276595744685,0.0,0.0,0.0,0.0,0.0,0.0,0.0,0.0,0.0,0.0,0.0,0.0,0.0,0.0,0.0,0.0,0.0
65300,4998,2596,0.5194077631052421,1221,1035,0.45138055222088835,1402,0.5610244097639056,0.39799999999999996,2.9192339716902582,3.0889081595330636,6.696923076923077,2.055871084761825,8379.367827130853,506.3181475870193,7853.0,8866.4,8866.4,0.0,7853.0,0.0,27.972388955582232,20.791829116226726,32.78088688641214,19.073920701023965,0.1366546618647459,0.10024009603841537,0.09203681472589036,0.08543417366946779,0.08563425370148059,0.0782312925170068,0.0702280912364946,0.062224889955982396,0.05742296918767507,0.050220088035214085,0.044017607042817125,0.04061624649859944,0.03681472589035614,0.027611044417767107,0.015606242496998799,0.008403361344537815,0.00860344137655062,0.835374235057411,0.03387331844811206,0.0,0.0,0.0,0.0,0.0,0.0,0.0,0.0,0.0,0.0,0.0,0.0,0.0,0.0,0.0,0.0,0.0,0.0,0.0,0.0,0.02400960384153662,0.13805522208883556,0.5642256902761106,3.0432172869147562,10.426170468187278,11.596638655462188,3.2292917166866753,0.7442977190876352,0.1980792316926771,0.03601440576230493,4.2426608369768894,2.9193004245308725,3.914285714285714,2.6335356849835225,0.9226016089173984,4.3395176252319105,2.9638728470364457,4.138888888888889,2.8650458380837445,0.953767041945751,0.3975,0.01087,0.0,0.0,0.0,0.0,0.0,0.0,0.0,0.0,0.0,0.0,0.0660264105642257,17.91116446578629,12.00480192076831,0.018007202881152463,0.0,0.0,0.0,0.0,0.0,0.0,0.0,0.0,0.0,0.0,0.0,0.0,0.0,0.0,0.0,0.0,nan,nan,4.239110287303058,2.916558070494889,nan,0.3975,0.0589,0.0,0.0,0.0,0.0,0.0,0.0,0.0,0.0,0.0,0.0,0.0,0.0,0.0,0.0,0.0,0.0,1.0004001600640255e-05,0.0011204481792717086,0.0,0.0,0.0,1.0004001600640255e-05,0.0,1.0004001600640255e-05,0.0022008803521408565,0.004451780712284914,0.011004401760704281,0.0006202480992396959,0.008673469387755102,0.005402160864345739,0.026450580232092836,0.026350540216086436,0.04068627450980392,0.03712484993997599,0.012755102040816327,0.06200480192076831,0.0452781112444978,0.04024609843937575,0.06874749899959984,0.09739895958383353,0.09272709083633453,0.06814725890356142,0.05957382953181273,0.05468187274909964,0.0475890356142457,0.027460984393757503,0.024339735894357742,0.03097238895558223,0.02307923169267707,0.009553821528611445,0.016456582633053222,0.013065226090436175,0.03331332533013205,0.0014605842336934773,0.003201280512204882,0.0014705882352941176,0.0021308523409363745,0.0002300920368147259,0.0,0.0,0.0,0.0,0.0,0.0,0.0,0.0,0.0,0.0,0.0,0.0,0.0,0.0,0.0,0.0,0.0,0.0,0.0,0.0,0.0,0.0,0.0,0.0,0.0,0.0,0.0,0.0,0.0,0.0,0.0,0.0,0.0,0.0,0.0,0.0,0.0,0.0,0.0,0.0,0.0,0.0,0.0,nan,nan,4.239110287303058,2.916558070494889,nan,0.8356307411138744,0.03335262010132544,0.0,0.0,0.0,0.0,0.0,0.0,0.0,0.0,0.0,0.0,0.0,0.0,0.0,0.0,0.0,0.0,0.0,0.0,0.0,0.0,0.03466872110939908,0.10400616332819725,0.5315870570107859,2.958397534668712,10.504622496147922,11.486902927580896,3.4090909090909096,0.8204930662557783,0.13867488443759632,0.011556240369799695,0.8350970120255298,0.034425068554010764,0.0,0.0,0.0,0.0,0.0,0.0,0.0,0.0,0.0,0.0,0.0,0.0,0.0,0.0,0.0,0.0,0.0,0.0,0.0,0.0,0.012489592006661119,0.17485428809325568,0.5995004163197336,3.1348875936719303,10.341382181515407,11.715237302248129,3.034970857618652,0.6619483763530393,0.2622814321398835,0.06244796003330559,0.3972,0.0108,0.0,0.0,0.0,0.0,0.0,0.0,0.0,0.0,0.0,0.0,0.05778120184899847,18.050847457627093,11.868258859784286,0.02311248073959939,0.0,0.0,0.0,0.0,0.0,0.0,0.0,0.0,0.0,0.0,0.0,0.0,0.0,0.0,0.0,0.0,0.3975,0.01094,0.0,0.0,0.0,0.0,0.0,0.0,0.0,0.0,0.0,0.0,0.0749375520399667,17.760199833472083,12.15237302248127,0.012489592006661119,0.0,0.0,0.0,0.0,0.0,0.0,0.0,0.0,0.0,0.0,0.0,0.0,0.0,0.0,0.0,0.0
65400,4716,2380,0.5046649703138253,1114,976,0.4431721798134012,1366,0.5793044953350297,0.40199999999999997,2.945633561643836,3.042513793032239,6.410898379970545,2.125779542361336,8364.42748091603,506.6779459619181,7853.0,8866.4,8866.399999999998,1.8189894035458565e-12,7853.0,0.0,28.411789652247666,21.199826285632522,33.55282493032683,19.347028414926474,0.1441899915182358,0.09754028837998303,0.08672603901611535,0.08290924512298559,0.07569974554707379,0.07845631891433417,0.07082273112807463,0.06212892281594572,0.058312128922815946,0.051102629346904155,0.05258693808312129,0.04262086513994911,0.02883799830364716,0.02714164546225615,0.020144189991518235,0.01272264631043257,0.008057675996607293,0.835080603758494,0.033429909528245934,0.0,0.0,0.0,0.0,0.0,0.0,0.0,0.0,0.0,0.0,0.0,0.0,0.0,0.0,0.0,0.0,0.0,0.0,0.0,0.0,0.03816793893129772,0.0954198473282443,0.5407124681933844,2.977099236641212,10.820610687022905,11.183206106870232,3.390585241730281,0.7569974554707382,0.17175572519083973,0.025445292620865145,4.249013157894737,2.8020491232847,4.172413793103448,2.7046443518796655,0.9819724340817901,4.275149900066622,2.7899318237418584,4.222576530612245,2.81161502979617,0.9877025670015552,0.3967,0.010796,0.0,0.0,0.0,0.0,0.0,0.0,0.0,0.0,0.0,0.0,0.05725190839694658,18.498727735368927,11.431297709923667,0.012722646310432573,0.0,0.0,0.0,0.0,0.0,0.0,0.0,0.0,0.0,0.0,0.0,0.0,0.0,0.0,0.0,0.0,nan,nan,4.248289345063538,2.8011543679548043,nan,0.3967,0.05945,0.0,0.0,0.0,0.0,0.0,0.0,0.0,0.0,0.0,0.0,0.0,0.0,0.0,0.0,0.0,0.0,0.0,0.001219253604749788,0.0,2.1204410517387616e-05,0.0,7.421543681085666e-05,0.0,0.0001272264631043257,0.0035729431721798132,0.004283290924512299,0.01166242578456319,0.00027565733672603904,0.008587786259541985,0.005863019508057676,0.029527141645462256,0.02547709923664122,0.040341391009329944,0.03810432569974555,0.013570822731128074,0.06117472434266327,0.043564461407972856,0.038157336726039014,0.07106658184902459,0.09529262086513995,0.09428541136556404,0.06534139100932994,0.06138676844783715,0.05576759966072943,0.04660729431721798,0.026007209499575912,0.023876166242578455,0.031689991518235795,0.022784139100932993,0.009255725190839694,0.01659245122985581,0.01294529262086514,0.032114079728583544,0.0016539440203562341,0.003530534351145038,0.0011768447837150126,0.002491518235793045,0.0005195080576759966,1.0602205258693808e-05,0.0,0.0,0.0,0.0,0.0,0.0,0.0,0.0,0.0,0.0,0.0,0.0,0.0,0.0,0.0,0.0,0.0,0.0,0.0,0.0,0.0,0.0,0.0,0.0,0.0,0.0,0.0,0.0,0.0,0.0,0.0,0.0,0.0,0.0,0.0,0.0,0.0,0.0,0.0,0.0,0.0,0.0,nan,nan,4.248289345063538,2.8011543679548043,nan,0.8355331866681075,0.03347124511940262,0.0,0.0,0.0,0.0,0.0,0.0,0.0,0.0,0.0,0.0,0.0,0.0,0.0,0.0,0.0,0.0,0.0,0.0,0.0,0.0,0.012605042016806726,0.08823529411764708,0.6302521008403362,2.8865546218487306,10.651260504201684,11.256302521008406,3.4789915966386564,0.7689075630252102,0.20168067226890762,0.025210084033613453,0.8346194961707886,0.03338143278348763,0.0,0.0,0.0,0.0,0.0,0.0,0.0,0.0,0.0,0.0,0.0,0.0,0.0,0.0,0.0,0.0,0.0,0.0,0.0,0.0,0.0642123287671233,0.10273972602739728,0.4494863013698631,3.0693493150684836,10.99315068493151,11.108732876712331,3.3005136986301378,0.7448630136986303,0.14126712328767127,0.02568493150684932,0.3967,0.0109,0.0,0.0,0.0,0.0,0.0,0.0,0.0,0.0,0.0,0.0,0.03781512605042017,18.453781512605016,11.483193277310928,0.025210084033613453,0.0,0.0,0.0,0.0,0.0,0.0,0.0,0.0,0.0,0.0,0.0,0.0,0.0,0.0,0.0,0.0,0.3967,0.0107,0.0,0.0,0.0,0.0,0.0,0.0,0.0,0.0,0.0,0.0,0.07705479452054796,18.544520547945176,11.37842465753425,0.0,0.0,0.0,0.0,0.0,0.0,0.0,0.0,0.0,0.0,0.0,0.0,0.0,0.0,0.0,0.0,0.0
65500,4722,2489,0.5271071579839052,1188,948,0.45235069885641677,1291,0.5468022024565862,0.414,2.9310344827586206,3.0800180374095127,6.528662420382165,2.138695684287282,8387.170393900888,505.9548077239012,7853.0,8866.4,8866.400000000001,1.8189894035458565e-12,7853.0,0.0,28.08915713680644,20.753874552634905,32.966566113624935,18.96593061799007,0.13638288860652267,0.09889877170690385,0.09191020753917832,0.08555696738670054,0.08238034731046166,0.07623888182973317,0.06713257094451504,0.06670902160101652,0.05844980940279543,0.055273189326556546,0.04976704786107582,0.037695891571368066,0.03473104616687844,0.024989411266412537,0.018212621770436255,0.008047437526471834,0.007623888182973317,0.8328439399808304,0.03406685677128764,0.0,0.0,0.0,0.0,0.0,0.0,0.0,0.0,0.0,0.0,0.0,0.0,0.0,0.0,0.0,0.0,0.0,0.0,0.0,0.01270648030495553,0.05082592121982212,0.19059720457433296,0.7496823379923763,3.100381194409139,11.111817026683612,10.8005082592122,3.138500635324016,0.7433290978398985,0.09529860228716648,0.006353240152477765,4.09569536423841,2.9268874614225973,4.177777777777778,3.3618043362250765,1.020041142282229,4.173165895571712,2.9475062034100823,4.022551546391752,2.9183708357526865,0.9639088517090151,0.397,0.0108,0.0,0.0,0.0,0.0,0.0,0.0,0.0,0.0,0.0,0.0,0.08259212198221096,18.043202033036824,11.874205844980944,0.0,0.0,0.0,0.0,0.0,0.0,0.0,0.0,0.0,0.0,0.0,0.0,0.0,0.0,0.0,0.0,0.0,nan,nan,4.096900489396411,2.9337558706984863,nan,0.397,0.0595,0.0,0.0,0.0,0.0,0.0,0.0,0.0,0.0,0.0,0.0,0.0,0.0,0.0,0.0,0.0,0.0,0.0,0.0011859381617958492,0.0,0.0,0.0,4.2354934349851756e-05,0.0,0.0002435408725116476,0.004002541296060991,0.0037060567556120288,0.01243117323168149,0.0003176620076238882,0.007750952986022872,0.006437950021177467,0.02856840321897501,0.0253706056755612,0.03970775095298602,0.03813002964845404,0.013712409995764507,0.061192291401948325,0.04346675137653536,0.03691232528589581,0.07041507835662855,0.09521389241846676,0.09195256247352816,0.06879500211774672,0.06278060144006777,0.05468022024565862,0.048379923761118174,0.02665184243964422,0.022956374417619652,0.03108852181279119,0.02352816603134265,0.008280389665396019,0.016105463786531132,0.012971198644642102,0.03310038119440915,0.0017789072426937739,0.003949597628123676,0.0009847522236340533,0.0026048284625158832,0.0006035578144853876,0.0,0.0,0.0,0.0,0.0,0.0,0.0,0.0,0.0,0.0,0.0,0.0,0.0,0.0,0.0,0.0,0.0,0.0,0.0,0.0,0.0,0.0,0.0,0.0,0.0,0.0,0.0,0.0,0.0,0.0,0.0,0.0,0.0,0.0,0.0,0.0,0.0,0.0,0.0,0.0,0.0,0.0,0.0,nan,nan,4.096900489396411,2.9337558706984863,nan,0.8331146510838026,0.03460773626475303,0.0,0.0,0.0,0.0,0.0,0.0,0.0,0.0,0.0,0.0,0.0,0.0,0.0,0.0,0.0,0.0,0.0,0.0,0.0,0.012053033346725596,0.08437123342707917,0.18079550020088395,0.8075532342306149,2.9409401366010353,11.004419445560469,10.775411811972683,3.4110084371233436,0.6870229007633589,0.09642426677380476,0.0,0.8325421934804733,0.03345108220037934,0.0,0.0,0.0,0.0,0.0,0.0,0.0,0.0,0.0,0.0,0.0,0.0,0.0,0.0,0.0,0.0,0.0,0.0,0.0,0.013434841021047922,0.013434841021047922,0.20152261531571883,0.6851768920734439,3.2781012091356816,11.231527093596062,10.828481862964622,2.8347514554411113,0.8060904612628753,0.09404388714733544,0.013434841021047922,0.3972,0.010765,0.0,0.0,0.0,0.0,0.0,0.0,0.0,0.0,0.0,0.0,0.07231820008035357,17.862595419847302,12.065086380072321,0.0,0.0,0.0,0.0,0.0,0.0,0.0,0.0,0.0,0.0,0.0,0.0,0.0,0.0,0.0,0.0,0.0,0.397,0.01083,0.0,0.0,0.0,0.0,0.0,0.0,0.0,0.0,0.0,0.0,0.09404388714733544,18.244514106583047,11.661442006269596,0.0,0.0,0.0,0.0,0.0,0.0,0.0,0.0,0.0,0.0,0.0,0.0,0.0,0.0,0.0,0.0,0.0
65600,4812,2499,0.5193266832917706,1194,992,0.4542809642560266,1340,0.5569409808811305,0.414,2.9546044098573283,3.122947814745736,6.731629392971246,2.052394276255501,8379.285660847881,506.3213326427711,7853.0,8866.4,8866.4,0.0,7853.0,0.0,27.846841230257688,20.72529487032471,32.962160816529746,18.85658733297682,0.1473399833748961,0.09310058187863675,0.09019118869492934,0.08811305070656691,0.08291770573566085,0.07024106400665005,0.07065669160432253,0.06442227763923525,0.0627597672485453,0.05320033250207814,0.04509559434746467,0.037822111388196175,0.03428927680798005,0.03117206982543641,0.014962593516209476,0.007896924355777223,0.005818786367414797,0.8339618736024905,0.03369752695930361,0.0,0.0,0.0,0.0,0.0,0.0,0.0,0.0,0.0,0.0,0.0,0.0,0.0,0.0,0.0,0.0,0.0,0.0,0.0,0.0,0.0,0.12468827930174566,0.6733167082294266,3.135910224438893,11.128428927680801,10.60473815461347,3.3977556109725695,0.748129675810474,0.13715710723192023,0.049875311720698264,4.228246753246753,2.9160629108700307,5.032258064516129,3.105498463628062,1.1901524102518373,4.222003929273084,2.909657008704208,4.25,2.9281160558221795,1.0066309911586786,0.3975,0.0108,0.0,0.0,0.0,0.0,0.0,0.0,0.0,0.0,0.0,0.0,0.08104738154613468,17.87406483790521,12.038653366583544,0.006234413965087283,0.0,0.0,0.0,0.0,0.0,0.0,0.0,0.0,0.0,0.0,0.0,0.0,0.0,0.0,0.0,0.0,nan,nan,4.23625843780135,2.919103773915077,nan,0.3975,0.05978,0.0,0.0,0.0,0.0,0.0,0.0,0.0,0.0,0.0,0.0,0.0,0.0,0.0,0.0,0.0,0.0,0.0,0.0009559434746467166,0.0,0.0,0.0,1.0390689941812136e-05,0.0,0.00010390689941812137,0.00422901080631754,0.003491271820448878,0.013445552784704905,0.000228595178719867,0.007772236076475478,0.007304655029093931,0.03015378221113882,0.02455320033250208,0.03953657522859518,0.0375,0.013071487946799668,0.05939318370739817,0.04064837905236908,0.03747921862011638,0.06513923524522028,0.09583333333333334,0.09565669160432252,0.0688383208645054,0.0628428927680798,0.05514339152119701,0.05121571072319202,0.026288445552784704,0.022641313383208645,0.03173316708229426,0.0235453034081463,0.007668329177057356,0.017352452202826267,0.013165004156275978,0.032772236076475475,0.0015897755610972569,0.003189941812136326,0.0009039900249376559,0.0033977556109725687,0.0012053200332502079,0.0,0.0,0.0,0.0,0.0,0.0,0.0,0.0,0.0,0.0,0.0,0.0,0.0,0.0,0.0,0.0,0.0,0.0,0.0,0.0,0.0,0.0,0.0,0.0,0.0,0.0,0.0,0.0,0.0,0.0,0.0,0.0,0.0,0.0,0.0,0.0,0.0,0.0,0.0,0.0,0.0,0.0,0.0,nan,nan,4.23625843780135,2.919103773915077,nan,0.8338026953439991,0.03374047511212485,0.0,0.0,0.0,0.0,0.0,0.0,0.0,0.0,0.0,0.0,0.0,0.0,0.0,0.0,0.0,0.0,0.0,0.0,0.0,0.0,0.0,0.15606242496998804,0.6002400960384154,3.1812725090035916,11.08043217286915,10.768307322929175,3.205282112845139,0.85234093637455,0.1080432172869148,0.04801920768307324,0.8341338521878646,0.03365021730312331,0.0,0.0,0.0,0.0,0.0,0.0,0.0,0.0,0.0,0.0,0.0,0.0,0.0,0.0,0.0,0.0,0.0,0.0,0.0,0.0,0.0,0.09079118028534373,0.7522697795071338,3.0869001297016765,11.180285343709471,10.428015564202337,3.6057068741893654,0.635538261997406,0.1686121919584955,0.051880674448767844,0.3972,0.01068,0.0,0.0,0.0,0.0,0.0,0.0,0.0,0.0,0.0,0.0,0.1200480192076831,18.007202881152434,11.86074429771909,0.01200480192076831,0.0,0.0,0.0,0.0,0.0,0.0,0.0,0.0,0.0,0.0,0.0,0.0,0.0,0.0,0.0,0.0,0.3975,0.01094,0.0,0.0,0.0,0.0,0.0,0.0,0.0,0.0,0.0,0.0,0.03891050583657588,17.730220492866383,12.23086900129702,0.0,0.0,0.0,0.0,0.0,0.0,0.0,0.0,0.0,0.0,0.0,0.0,0.0,0.0,0.0,0.0,0.0
65700,4840,2508,0.5181818181818182,1177,1003,0.45041322314049587,1381,0.5706611570247934,0.40199999999999997,2.9695540308747854,3.029078508509977,6.379362670713202,2.0792928544070004,8378.125454545456,506.364880915722,7853.0,8866.4,8866.4,0.0,7853.0,0.0,28.433471074380165,20.92870906573681,33.226806640625,19.170749869127274,0.13326446280991736,0.09958677685950414,0.09090909090909091,0.08243801652892561,0.0787190082644628,0.08202479338842975,0.06921487603305786,0.06363636363636363,0.05950413223140496,0.05268595041322314,0.04400826446280992,0.045454545454545456,0.036570247933884296,0.026446280991735537,0.016322314049586777,0.012603305785123966,0.006611570247933884,0.8345718104854103,0.033845660880655895,0.0,0.0,0.0,0.0,0.0,0.0,0.0,0.0,0.0,0.0,0.0,0.0,0.0,0.0,0.0,0.0,0.0,0.0,0.0,0.0,0.0,0.08677685950413226,0.6012396694214877,3.1425619834710647,10.710743801652896,11.336776859504136,3.117768595041323,0.7438016528925622,0.19834710743801656,0.061983471074380174,4.194072657743786,2.8192189449115164,3.806451612903226,2.51984836766933,0.9075788436509629,4.147982062780269,2.8533240495332715,4.231343283582089,2.780075285599145,1.0200968132311417,0.3975,0.01114,0.0,0.0,0.0,0.0,0.0,0.0,0.0,0.0,0.0,0.0,0.11157024793388431,17.535123966942123,12.347107438016533,0.006198347107438018,0.0,0.0,0.0,0.0,0.0,0.0,0.0,0.0,0.0,0.0,0.0,0.0,0.0,0.0,0.0,0.0,nan,nan,4.190280845692648,2.816702910984677,nan,0.3975,0.05954,0.0,0.0,0.0,0.0,0.0,0.0,0.0,0.0,0.0,0.0,0.0,0.0,0.0,0.0,0.0,0.0,0.0,0.0009400826446280991,0.0,0.0,0.0,6.198347107438017e-05,1.0330578512396695e-05,0.00020661157024793388,0.0039049586776859504,0.0027272727272727275,0.014483471074380165,0.00047520661157024794,0.007055785123966942,0.008285123966942148,0.030940082644628098,0.022510330578512396,0.03832644628099174,0.037809917355371904,0.011787190082644628,0.05896694214876033,0.038553719008264466,0.037716942148760334,0.06958677685950414,0.09609504132231406,0.09757231404958677,0.06476239669421488,0.06514462809917355,0.05446280991735537,0.05131198347107438,0.026580578512396695,0.023347107438016528,0.033388429752066115,0.02365702479338843,0.007458677685950413,0.016890495867768595,0.012024793388429753,0.032985537190082646,0.0015702479338842975,0.002871900826446281,0.0009194214876033057,0.003409090909090909,0.0011983471074380166,0.0,0.0,0.0,0.0,0.0,0.0,0.0,0.0,0.0,0.0,0.0,0.0,0.0,0.0,0.0,0.0,0.0,0.0,0.0,0.0,0.0,0.0,0.0,0.0,0.0,0.0,0.0,0.0,0.0,0.0,0.0,0.0,0.0,0.0,0.0,0.0,0.0,0.0,0.0,0.0,0.0,0.0,0.0,nan,nan,4.190280845692648,2.816702910984677,nan,0.8350580496983855,0.03355407230719829,0.0,0.0,0.0,0.0,0.0,0.0,0.0,0.0,0.0,0.0,0.0,0.0,0.0,0.0,0.0,0.0,0.0,0.0,0.0,0.0,0.0,0.047846889952153124,0.5502392344497609,3.1578947368420955,10.657894736842108,11.33971291866029,3.2655502392344506,0.7296650717703351,0.16746411483253593,0.08373205741626796,0.8340488739733426,0.03414875198816873,0.0,0.0,0.0,0.0,0.0,0.0,0.0,0.0,0.0,0.0,0.0,0.0,0.0,0.0,0.0,0.0,0.0,0.0,0.0,0.0,0.0,0.1286449399656947,0.6560891938250429,3.126072041166371,10.767581475128647,11.333619210977705,2.9588336192109783,0.7590051457975988,0.23156089193825047,0.03859348198970841,0.3977,0.01121,0.0,0.0,0.0,0.0,0.0,0.0,0.0,0.0,0.0,0.0,0.13157894736842107,17.368421052631554,12.500000000000004,0.0,0.0,0.0,0.0,0.0,0.0,0.0,0.0,0.0,0.0,0.0,0.0,0.0,0.0,0.0,0.0,0.0,0.3975,0.01107,0.0,0.0,0.0,0.0,0.0,0.0,0.0,0.0,0.0,0.0,0.09005145797598631,17.71440823327613,12.18267581475129,0.01286449399656947,0.0,0.0,0.0,0.0,0.0,0.0,0.0,0.0,0.0,0.0,0.0,0.0,0.0,0.0,0.0,0.0
65800,4589,2363,0.5149269993462628,1071,973,0.4454129439965134,1297,0.5652647635650468,0.418,3.0202156334231804,3.1426185492570924,6.571428571428571,2.226569966283717,8374.827021137504,506.4741486310089,7853.0,8866.4,8866.399999999998,1.8189894035458565e-12,7853.0,0.0,28.146872957071256,21.19548116455744,33.28891786179922,19.390933774551836,0.14077140989322293,0.10459795162344737,0.08672913488777512,0.08977990847679233,0.08062758770974068,0.07060361734582697,0.06341250817171497,0.06123338417955982,0.06275877097406843,0.053824362606232294,0.04423621704074962,0.039224231858792764,0.03748093266506864,0.028982349095663544,0.01656134234037917,0.010677707561560253,0.0084985835694051,0.8344322370532085,0.03430653424840046,0.0,0.0,0.0,0.0,0.0,0.0,0.0,0.0,0.0,0.0,0.0,0.0,0.0,0.0,0.0,0.0,0.0,0.0,0.0,0.0,0.0065373719764654625,0.11767269557637831,0.5426018740466334,3.353671823926771,10.989322292438443,10.655916321638703,3.320984964044455,0.6994988014818045,0.24842013510568756,0.06537371976465463,4.297857871472289,2.901129263686982,4.038461538461538,2.4255176962196248,0.9396452044790652,4.363265306122449,2.964875595528352,4.226604278074866,2.8272666300536375,0.968679184404436,0.3975,0.01098,0.0,0.0,0.0,0.0,0.0,0.0,0.0,0.0,0.0,0.0,0.07191109174112008,17.703203312268442,12.198736108084553,0.02614948790586185,0.0,0.0,0.0,0.0,0.0,0.0,0.0,0.0,0.0,0.0,0.0,0.0,0.0,0.0,0.0,0.0,nan,nan,4.295584765756656,2.897401422861702,nan,0.3975,0.05914,0.0,0.0,0.0,0.0,0.0,0.0,0.0,0.0,0.0,0.0,0.0,0.0,0.0,0.0,0.0,1.0895619960775769e-05,0.0,0.0006864240575288734,0.0,0.0,0.0,0.00010895619960775768,0.0,0.0002070167792547396,0.0037371976465460886,0.0023207670516452385,0.013706689910655916,0.0005883634778818915,0.006864240575288734,0.008531270429287427,0.03096535192852473,0.023316626716060145,0.03904990193942035,0.038167356722597516,0.011015471780344302,0.05770320331226847,0.03814556548267596,0.03980169971671388,0.07038570494661146,0.09727609500980605,0.09767923294835476,0.06589670952277185,0.06460013074743953,0.052538679450860756,0.052930921769448684,0.025517541948136848,0.023011549357158424,0.03386358683809109,0.022750054478099805,0.007147526694268904,0.01786881673567226,0.011287862279363696,0.032142078884288515,0.0024079320113314447,0.0032577903682719546,0.0005556766179995641,0.0028328611898017,0.001122248855959904,0.0,0.0,0.0,0.0,0.0,0.0,0.0,0.0,0.0,0.0,0.0,0.0,0.0,0.0,0.0,0.0,0.0,0.0,0.0,0.0,0.0,0.0,0.0,0.0,0.0,0.0,0.0,0.0,0.0,0.0,0.0,0.0,0.0,0.0,0.0,0.0,0.0,0.0,0.0,0.0,0.0,0.0,0.0,nan,nan,4.295584765756656,2.897401422861702,nan,0.8338802270449374,0.03336005903257737,0.0,0.0,0.0,0.0,0.0,0.0,0.0,0.0,0.0,0.0,0.0,0.0,0.0,0.0,0.0,0.0,0.0,0.0,0.0,0.0,0.012695725772323321,0.08887008040626325,0.5586119339822261,3.3516716038933456,10.956411341515027,10.981802793059673,3.1358442657638603,0.6474820143884893,0.22852306390181976,0.03808717731696996,0.8350182207232644,0.035274039436066815,0.0,0.0,0.0,0.0,0.0,0.0,0.0,0.0,0.0,0.0,0.0,0.0,0.0,0.0,0.0,0.0,0.0,0.0,0.0,0.0,0.0,0.1482479784366577,0.5256064690026955,3.3557951482479678,11.024258760107818,10.309973045822105,3.517520215633424,0.7547169811320756,0.2695417789757413,0.09433962264150945,0.3975,0.01114,0.0,0.0,0.0,0.0,0.0,0.0,0.0,0.0,0.0,0.0,0.0634786288616166,17.69784172661868,12.213288192975035,0.025391451544646643,0.0,0.0,0.0,0.0,0.0,0.0,0.0,0.0,0.0,0.0,0.0,0.0,0.0,0.0,0.0,0.0,0.3975,0.0108,0.0,0.0,0.0,0.0,0.0,0.0,0.0,0.0,0.0,0.0,0.08086253369272238,17.70889487870617,12.183288409703508,0.02695417789757413,0.0,0.0,0.0,0.0,0.0,0.0,0.0,0.0,0.0,0.0,0.0,0.0,0.0,0.0,0.0,0.0
65900,4662,2450,0.5255255255255256,1136,920,0.441012441012441,1281,0.5495495495495496,0.41,3.023508137432188,3.13505363455318,6.531782945736434,2.249064732270219,8385.567567567568,506.0392859730726,7853.0,8866.4,8866.399999999998,1.8189894035458565e-12,7853.0,0.0,28.344701844701845,21.164850417802903,33.21535723366387,19.460068788411416,0.135993135993136,0.1021021021021021,0.09116259116259116,0.09266409266409266,0.07271557271557272,0.07228657228657229,0.06928356928356928,0.064993564993565,0.061347061347061346,0.05148005148005148,0.04504504504504504,0.03968253968253968,0.0341055341055341,0.026383526383526385,0.01951951951951952,0.013728013728013728,0.0075075075075075074,0.8316665006164623,0.033504607457261706,0.0,0.0,0.0,0.0,0.0,0.0,0.0,0.0,0.0,0.0,0.0,0.0,0.0,0.0,0.0,0.0,0.0,0.0,0.0,0.006435006435006436,0.05148005148005149,0.12870012870012873,0.7014157014157016,3.3848133848133743,11.402831402831406,10.727155727155731,2.754182754182755,0.6821106821106823,0.15444015444015446,0.006435006435006436,4.323767724510466,2.964367885212169,4.487179487179487,2.469005767632969,1.0377938347017757,4.325675675675676,2.996509717889853,4.326101249178172,2.921080490113599,1.0000983831277248,0.3967,0.01088,0.0,0.0,0.0,0.0,0.0,0.0,0.0,0.0,0.0,0.0,0.08365508365508367,18.693693693693664,11.209781209781212,0.012870012870012873,0.0,0.0,0.0,0.0,0.0,0.0,0.0,0.0,0.0,0.0,0.0,0.0,0.0,0.0,0.0,0.0,nan,nan,4.325891369543485,2.95852020435819,nan,0.3967,0.05945,0.0,0.0,0.0,0.0,0.0,0.0,0.0,0.0,0.0,0.0,0.0,0.0,0.0,0.0,0.0,0.0,0.0,0.0009009009009009009,0.0,0.0,0.0,0.0,0.0,0.00028957528957528956,0.0036786786786786787,0.0024453024453024454,0.013213213213213212,0.000933075933075933,0.007325182325182325,0.009105534105534106,0.0320999570999571,0.02587945087945088,0.0391999141999142,0.03686186186186186,0.01078936078936079,0.057614757614757615,0.04039039039039039,0.03912483912483913,0.07138567138567138,0.09876662376662376,0.09827327327327327,0.06533676533676534,0.0637065637065637,0.05178035178035178,0.049335049335049334,0.02424924924924925,0.021964821964821964,0.03305448305448305,0.023337623337623337,0.0069498069498069494,0.018715143715143715,0.01169026169026169,0.031016731016731018,0.0022308022308022307,0.003314028314028314,0.00048262548262548264,0.003314028314028314,0.001211926211926212,0.0,3.217503217503217e-05,0.0,0.0,0.0,0.0,0.0,0.0,0.0,0.0,0.0,0.0,0.0,0.0,0.0,0.0,0.0,0.0,0.0,0.0,0.0,0.0,0.0,0.0,0.0,0.0,0.0,0.0,0.0,0.0,0.0,0.0,0.0,0.0,0.0,0.0,0.0,0.0,0.0,0.0,0.0,0.0,0.0,nan,nan,4.325891369543485,2.95852020435819,nan,0.8321768302820167,0.0339576205945546,0.0,0.0,0.0,0.0,0.0,0.0,0.0,0.0,0.0,0.0,0.0,0.0,0.0,0.0,0.0,0.0,0.0,0.0,0.0,0.012244897959183676,0.048979591836734705,0.1469387755102041,0.722448979591837,3.293877551020398,11.216326530612248,10.7265306122449,2.96326530612245,0.6979591836734695,0.17142857142857149,0.0,0.8311012620628419,0.03298637982790072,0.0,0.0,0.0,0.0,0.0,0.0,0.0,0.0,0.0,0.0,0.0,0.0,0.0,0.0,0.0,0.0,0.0,0.0,0.0,0.0,0.05424954792043401,0.10849909584086802,0.678119349005425,3.4855334538878737,11.609403254972879,10.727848101265824,2.5226039783001815,0.6645569620253166,0.135623869801085,0.013562386980108502,0.3967,0.01107,0.0,0.0,0.0,0.0,0.0,0.0,0.0,0.0,0.0,0.0,0.07346938775510205,18.734693877550992,11.167346938775513,0.024489795918367353,0.0,0.0,0.0,0.0,0.0,0.0,0.0,0.0,0.0,0.0,0.0,0.0,0.0,0.0,0.0,0.0,0.3965,0.01066,0.0,0.0,0.0,0.0,0.0,0.0,0.0,0.0,0.0,0.0,0.09493670886075951,18.64828209764916,11.256781193490058,0.0,0.0,0.0,0.0,0.0,0.0,0.0,0.0,0.0,0.0,0.0,0.0,0.0,0.0,0.0,0.0,0.0
66000,4875,2540,0.521025641025641,1219,989,0.45292307692307693,1384,0.5677948717948718,0.40199999999999997,3.0244111349036404,3.120534226850697,6.656848306332843,2.1780284742001053,8381.007384615385,506.2518003531957,7853.0,8866.4,8866.399999999998,1.8189894035458565e-12,7853.0,0.0,27.999794871794872,20.712592477461857,32.890297415894686,18.9322139737439,0.13846153846153847,0.09764102564102564,0.08902564102564102,0.08717948717948718,0.08102564102564103,0.07897435897435898,0.07425641025641026,0.06441025641025641,0.06153846153846154,0.04923076923076923,0.04533333333333334,0.039384615384615386,0.034256410256410255,0.024205128205128205,0.01723076923076923,0.011487179487179488,0.006358974358974359,0.8333211238323114,0.03395044297973054,0.0,0.0,0.0,0.0,0.0,0.0,0.0,0.0,0.0,0.0,0.0,0.0,0.0,0.0,0.0,0.0,0.0,0.0,0.0,0.024615384615384622,0.04307692307692309,0.14153846153846156,0.6276923076923078,3.2307692307692206,10.892307692307694,10.929230769230772,3.335384615384616,0.5846153846153848,0.1784615384615385,0.012307692307692311,4.253144147049339,2.888684115461312,4.0,2.70801280154532,0.9404807036166503,4.287066246056782,2.9067944834668027,4.211402946828956,2.8649103127822344,0.9823507977518611,0.3972,0.010704,0.0,0.0,0.0,0.0,0.0,0.0,0.0,0.0,0.0,0.0,0.04307692307692309,18.079999999999973,11.87692307692308,0.0,0.0,0.0,0.0,0.0,0.0,0.0,0.0,0.0,0.0,0.0,0.0,0.0,0.0,0.0,0.0,0.0,nan,nan,4.249523204068659,2.886336065327605,nan,0.3972,0.05927,0.0,0.0,0.0,0.0,0.0,0.0,0.0,0.0,0.0,0.0,0.0,0.0,0.0,0.0,0.0,0.0,0.0,0.0007692307692307692,0.0,0.0,0.0,1.0256410256410256e-05,0.0,0.0002666666666666667,0.0037846153846153845,0.0024615384615384616,0.01283076923076923,0.0006461538461538461,0.00638974358974359,0.009497435897435897,0.031764102564102566,0.024615384615384615,0.037230769230769234,0.03710769230769231,0.011733333333333333,0.05776410256410256,0.0393025641025641,0.0406051282051282,0.07347692307692308,0.10014358974358975,0.09656410256410257,0.06581538461538461,0.062082051282051284,0.048902564102564106,0.049969230769230766,0.023887179487179486,0.024502564102564104,0.034451282051282055,0.02251282051282051,0.00722051282051282,0.020482051282051283,0.011076923076923076,0.03286153846153846,0.0017846153846153847,0.0033025641025641026,0.00027692307692307695,0.0029025641025641024,0.0009641025641025641,4.1025641025641023e-05,0.0,0.0,0.0,0.0,0.0,0.0,0.0,0.0,0.0,0.0,0.0,0.0,0.0,0.0,0.0,0.0,0.0,0.0,0.0,0.0,0.0,0.0,0.0,0.0,0.0,0.0,0.0,0.0,0.0,0.0,0.0,0.0,0.0,0.0,0.0,0.0,0.0,0.0,0.0,0.0,0.0,0.0,nan,nan,4.249523204068659,2.886336065327605,nan,0.8333401965813374,0.03357788430059204,0.0,0.0,0.0,0.0,0.0,0.0,0.0,0.0,0.0,0.0,0.0,0.0,0.0,0.0,0.0,0.0,0.0,0.0,0.0,0.0,0.023622047244094495,0.16535433070866146,0.7559055118110238,3.165354330708652,10.818897637795278,10.948818897637798,3.342519685039371,0.6259842519685042,0.1535433070866142,0.0,0.8333003766021075,0.0343511102052022,0.0,0.0,0.0,0.0,0.0,0.0,0.0,0.0,0.0,0.0,0.0,0.0,0.0,0.0,0.0,0.0,0.0,0.0,0.0,0.05139186295503213,0.06423982869379016,0.1156316916488223,0.4882226980728052,3.3019271948608035,10.97216274089936,10.90792291220557,3.3276231263383305,0.5396145610278373,0.20556745182012853,0.025695931477516067,0.3975,0.010796,0.0,0.0,0.0,0.0,0.0,0.0,0.0,0.0,0.0,0.0,0.07086614173228348,17.999999999999975,11.92913385826772,0.0,0.0,0.0,0.0,0.0,0.0,0.0,0.0,0.0,0.0,0.0,0.0,0.0,0.0,0.0,0.0,0.0,0.397,0.01061,0.0,0.0,0.0,0.0,0.0,0.0,0.0,0.0,0.0,0.0,0.012847965738758033,18.16702355460383,11.820128479657392,0.0,0.0,0.0,0.0,0.0,0.0,0.0,0.0,0.0,0.0,0.0,0.0,0.0,0.0,0.0,0.0,0.0
66100,4696,2467,0.5253407155025553,1174,934,0.4488926746166951,1296,0.5519591141396933,0.422,3.056078959174518,3.110351905679818,6.534039334341906,2.1012510195516576,8385.380281090289,506.04882488068637,7853.0,8866.4,8866.4,0.0,7853.0,0.0,28.620954003407157,20.973533750886805,33.332581453634084,19.22240015638493,0.1307495741056218,0.09476149914821125,0.09135434412265758,0.09497444633730835,0.07964224872231687,0.07112436115843271,0.06665247018739352,0.06665247018739352,0.06367120954003407,0.04961669505962521,0.04706132879045997,0.04386712095400341,0.03364565587734242,0.028534923339011926,0.02065587734241908,0.010221465076660987,0.0068143100511073255,0.8328492012274732,0.0322063827516284,0.0,0.0,0.0,0.0,0.0,0.0,0.0,0.0,0.0,0.0,0.0,0.0,0.0,0.0,0.0,0.0,0.0,0.0,0.0,0.0,0.019165247018739357,0.0702725724020443,0.6132879045996594,3.3794718909710286,11.083901192504262,11.14139693356048,2.9642248722316875,0.6196763202725725,0.09582623509369678,0.012776831345826238,4.173742651861528,2.901246883300483,4.56,3.0864866758176683,1.0925446009389672,4.19433465085639,2.858506856377312,4.159974506054812,2.945310561121409,0.9918079629639085,0.3975,0.01057,0.0,0.0,0.0,0.0,0.0,0.0,0.0,0.0,0.0,0.0,0.0702725724020443,17.766183986371356,12.137989778534926,0.025553662691652476,0.0,0.0,0.0,0.0,0.0,0.0,0.0,0.0,0.0,0.0,0.0,0.0,0.0,0.0,0.0,0.0,nan,nan,4.1768707482993195,2.9030009478496996,nan,0.3975,0.0601,0.0,0.0,0.0,0.0,0.0,0.0,0.0,0.0,0.0,0.0,0.0,0.0,0.0,0.0,0.0,0.0,0.0,0.001192504258943782,0.0,0.0,0.0,0.0,0.0,0.000596252129471891,0.003566865417376491,0.0030770868824531515,0.013735093696763203,0.0005856047700170358,0.00573892674616695,0.00977427597955707,0.030664395229982964,0.0233603066439523,0.03850085178875639,0.0378087734241908,0.012414821124361158,0.05676107325383305,0.04020442930153322,0.041631175468483814,0.07284923339011926,0.09862649063032368,0.09661413969335604,0.06252129471890971,0.062308347529812604,0.04771081771720613,0.0496912265758092,0.024350511073253832,0.023882027257240205,0.035029812606473594,0.022508517887563886,0.006622657580919932,0.019953151618398637,0.01196763202725724,0.03557282793867121,0.002161413969335605,0.0036733390119250424,0.0002981260647359455,0.0030877342419080066,0.0008624361158432709,7.453151618398638e-05,0.0,0.0,2.129471890971039e-05,0.0,0.0,0.0,0.0,0.0,0.0,0.0,0.0,0.0,0.0,0.0,0.0,0.0,0.0,0.0,0.0,0.0,0.0,0.0,0.0,0.0,0.0,0.0,0.0,0.0,0.0,0.0,0.0,0.0,0.0,0.0,0.0,0.0,0.0,0.0,0.0,0.0,0.0,0.0,nan,nan,4.1768707482993195,2.9030009478496996,nan,0.833339156411561,0.03192912795223925,0.0,0.0,0.0,0.0,0.0,0.0,0.0,0.0,0.0,0.0,0.0,0.0,0.0,0.0,0.0,0.0,0.0,0.0,0.0,0.0,0.0,0.06080259424402109,0.6201864612890151,3.2468585326307156,11.12687474665586,11.139035265504665,3.0887717875962717,0.6201864612890151,0.0729631130928253,0.024321037697608437,0.8323069314028234,0.032501874898178934,0.0,0.0,0.0,0.0,0.0,0.0,0.0,0.0,0.0,0.0,0.0,0.0,0.0,0.0,0.0,0.0,0.0,0.0,0.0,0.0,0.04037685060565276,0.08075370121130553,0.6056527590847914,3.5262449528936632,11.03633916554509,11.144010767160164,2.826379542395694,0.6191117092866757,0.12113055181695831,0.0,0.3975,0.010574,0.0,0.0,0.0,0.0,0.0,0.0,0.0,0.0,0.0,0.0,0.08512363194162953,17.70571544385891,12.172679367653023,0.03648155654641265,0.0,0.0,0.0,0.0,0.0,0.0,0.0,0.0,0.0,0.0,0.0,0.0,0.0,0.0,0.0,0.0,0.3975,0.010544,0.0,0.0,0.0,0.0,0.0,0.0,0.0,0.0,0.0,0.0,0.053835800807537026,17.83310901749661,12.099596231493948,0.013458950201884257,0.0,0.0,0.0,0.0,0.0,0.0,0.0,0.0,0.0,0.0,0.0,0.0,0.0,0.0,0.0,0.0
66200,4848,2476,0.5107260726072608,1170,969,0.4412128712871287,1342,0.5536303630363036,0.418,2.94814502529511,3.124632986077892,6.537890044576523,2.165268121602926,8370.569801980197,506.5833962980933,7853.0,8866.4,8866.4,0.0,7853.0,0.0,27.621080858085808,20.879679104138834,32.53774280796656,19.20982043130401,0.14026402640264027,0.0988036303630363,0.10581683168316831,0.08704620462046204,0.08065181518151815,0.06827557755775578,0.06394389438943894,0.0627062706270627,0.06662541254125412,0.051773927392739276,0.043316831683168314,0.040635313531353134,0.029084158415841586,0.023514851485148515,0.017326732673267328,0.011757425742574257,0.008457095709570957,0.8337426377036193,0.03273680942986646,0.0,0.0,0.0,0.0,0.0,0.0,0.0,0.0,0.0,0.0,0.0,0.0,0.0,0.0,0.0,0.0,0.0,0.0,0.0,0.006188118811881189,0.012376237623762379,0.06806930693069307,0.5507425742574258,3.409653465346524,10.983910891089112,10.990099009900993,3.0878712871287135,0.7116336633663368,0.16089108910891095,0.018564356435643567,4.356650246305419,2.895252772202554,4.7272727272727275,2.9105110170149313,1.0850705151926319,4.400909681611436,2.9128157509067027,4.317408376963351,2.8774098638059424,0.981026353483921,0.397,0.01093,0.0,0.0,0.0,0.0,0.0,0.0,0.0,0.0,0.0,0.0,0.09900990099009903,18.36014851485146,11.540841584158418,0.0,0.0,0.0,0.0,0.0,0.0,0.0,0.0,0.0,0.0,0.0,0.0,0.0,0.0,0.0,0.0,0.0,nan,nan,4.359308770785784,2.895531435443252,nan,0.397,0.06015,0.0,0.0,0.0,0.0,0.0,0.0,0.0,0.0,0.0,0.0,0.0,0.0,0.0,0.0,0.0,0.0,0.0,0.0007013201320132013,5.156765676567657e-05,0.0,0.0,0.0,0.0,0.0007735148514851486,0.004280115511551155,0.0036303630363036304,0.014356435643564357,0.0008457095709570957,0.005744636963696369,0.010261963696369636,0.030558993399339936,0.023741749174917493,0.039026402640264024,0.03491130363036304,0.012891914191419142,0.057095709570957096,0.040243399339934,0.04341996699669967,0.07579414191419141,0.0949773102310231,0.09588490099009901,0.06243811881188119,0.06252062706270627,0.048360148514851486,0.04841171617161716,0.02645420792079208,0.023122937293729374,0.03667491749174918,0.020018564356435644,0.006714108910891089,0.01886344884488449,0.012603135313531353,0.03390057755775577,0.002073019801980198,0.004042904290429043,0.00042285478547854783,0.0033725247524752475,0.0006703795379537954,0.0001443894389438944,0.0,0.0,0.0,0.0,0.0,0.0,0.0,0.0,0.0,0.0,0.0,0.0,0.0,0.0,0.0,0.0,0.0,0.0,0.0,0.0,0.0,0.0,0.0,0.0,0.0,0.0,0.0,0.0,0.0,0.0,0.0,0.0,0.0,0.0,0.0,0.0,0.0,0.0,0.0,0.0,0.0,0.0,nan,nan,4.359308770785784,2.895531435443252,nan,0.8339738220169008,0.03268533431059138,0.0,0.0,0.0,0.0,0.0,0.0,0.0,0.0,0.0,0.0,0.0,0.0,0.0,0.0,0.0,0.0,0.0,0.0,0.0,0.012116316639741522,0.0,0.07269789983844913,0.5573505654281099,3.295638126009683,10.941033925686595,11.171243941841682,2.992730210016156,0.7996768982229404,0.14539579967689825,0.012116316639741522,0.8335013171472597,0.03278871652955738,0.0,0.0,0.0,0.0,0.0,0.0,0.0,0.0,0.0,0.0,0.0,0.0,0.0,0.0,0.0,0.0,0.0,0.0,0.0,0.0,0.02529510961214166,0.06323777403035415,0.5438448566610457,3.5286677908937496,11.028667790893763,10.801011804384489,3.187183811129849,0.6197301854974706,0.17706576728499163,0.02529510961214166,0.397,0.01091,0.0,0.0,0.0,0.0,0.0,0.0,0.0,0.0,0.0,0.0,0.10904684975767369,18.2471728594507,11.643780290791602,0.0,0.0,0.0,0.0,0.0,0.0,0.0,0.0,0.0,0.0,0.0,0.0,0.0,0.0,0.0,0.0,0.0,0.3967,0.010956,0.0,0.0,0.0,0.0,0.0,0.0,0.0,0.0,0.0,0.0,0.08853288364249581,18.47807757166945,11.43338954468803,0.0,0.0,0.0,0.0,0.0,0.0,0.0,0.0,0.0,0.0,0.0,0.0,0.0,0.0,0.0,0.0,0.0
66300,4639,2441,0.5261909894373787,1190,893,0.4490191851692175,1245,0.5367536106919595,0.43,3.051865332120109,3.098040661158032,6.436335403726708,2.1555899278837294,8386.241948695839,506.0043625893232,7853.0,8866.4,8866.4,0.0,7853.0,0.0,28.192282819573183,20.88873862960324,33.05264502938922,19.125228928835316,0.13688294891140332,0.10002155636990731,0.09333908169864195,0.07954300495796508,0.08126751455054969,0.07868075016167278,0.06553136451821513,0.07135158439318819,0.06057339943953438,0.05539987066178056,0.04246604871739599,0.036861392541496014,0.03535244664798448,0.026729898685061437,0.01767622332399224,0.009269239060142272,0.009053675361069196,0.833151823656136,0.03492671906988406,0.0,0.0,0.0,0.0,0.0,0.0,0.0,0.0,0.0,0.0,0.0,0.0,0.0,0.0,0.0,0.0,0.0,0.0,0.006466910972192284,0.04526837680534599,0.025867643888769137,0.14873895236042253,0.6466910972192284,3.375727527484361,10.767406768700154,10.967881008838114,3.1235179995688735,0.67902565208019,0.18754041819357625,0.025867643888769137,4.211258053577484,2.9034062987893816,4.021739130434782,2.8398494328946895,0.9549970767092498,4.2524719841793015,2.9328120363197314,4.16249153689912,2.8713090618394532,0.9788404373703247,0.3972,0.0111,0.0,0.0,0.0,0.0,0.0,0.0,0.0,0.0,0.0,0.0,0.11640439749946112,17.900409571028213,11.970252209527919,0.012933821944384569,0.0,0.0,0.0,0.0,0.0,0.0,0.0,0.0,0.0,0.0,0.0,0.0,0.0,0.0,0.0,0.0,nan,nan,4.208347245409015,2.902534228543746,nan,0.3972,0.06122,0.0,0.0,0.0,0.0,0.0,0.0,0.0,0.0,0.0,0.0,0.0,0.0,0.0,0.0,0.0,0.0,1.0778184953653805e-05,0.0007868075016167277,0.00016167277430480706,0.0,0.0,0.0,4.311273981461522e-05,0.0010670403104117267,0.004246604871739599,0.003492131924983833,0.016555292088812245,0.0010670403104117267,0.005647768915714594,0.010530286699719768,0.03125673636559603,0.023539555938779908,0.036279370553998706,0.03501832291442121,0.014087087734425522,0.05630523819788748,0.04084932097434792,0.044837249407199825,0.07558741107997413,0.09152834662642811,0.09358697995257599,0.0635805130416038,0.06168355248976073,0.04733778831644751,0.04615218797154559,0.025641302004742402,0.022569519292951066,0.03820866566070274,0.01976719120500108,0.0077926277214917005,0.017870230653158008,0.014162535029101099,0.03763742185815908,0.0024682043543867212,0.004128044837249407,0.00030178917870230654,0.003298124595818064,0.0005604656175899978,0.00035568010347057557,0.0,0.0,0.0,0.0,0.0,0.0,0.0,0.0,0.0,0.0,0.0,0.0,0.0,0.0,0.0,0.0,0.0,0.0,0.0,0.0,0.0,0.0,0.0,0.0,0.0,0.0,0.0,0.0,0.0,0.0,0.0,0.0,0.0,0.0,0.0,0.0,0.0,0.0,0.0,0.0,0.0,0.0,nan,nan,4.208347245409015,2.902534228543746,nan,0.8335347185121214,0.03581621525636642,0.0,0.0,0.0,0.0,0.0,0.0,0.0,0.0,0.0,0.0,0.0,0.0,0.0,0.0,0.0,0.0,0.0,0.0,0.012290045063498569,0.06145022531749284,0.012290045063498569,0.12290045063498568,0.6636624334289227,3.392052437525594,10.520278574354776,11.073330602212211,3.0970913560016395,0.7742728390004099,0.2335108562064728,0.0368701351904957,0.8327265978401851,0.03390648553502183,0.0,0.0,0.0,0.0,0.0,0.0,0.0,0.0,0.0,0.0,0.0,0.0,0.0,0.0,0.0,0.0,0.0,0.0,0.0,0.027297543221110106,0.04094631483166516,0.17743403093721571,0.6278434940855324,3.357597816196532,11.041856232939038,10.850773430391266,3.1528662420382174,0.5732484076433122,0.13648771610555052,0.013648771610555053,0.397,0.010956,0.0,0.0,0.0,0.0,0.0,0.0,0.0,0.0,0.0,0.0,0.11061040557148712,18.01720606308887,11.872183531339617,0.0,0.0,0.0,0.0,0.0,0.0,0.0,0.0,0.0,0.0,0.0,0.0,0.0,0.0,0.0,0.0,0.0,0.3972,0.01125,0.0,0.0,0.0,0.0,0.0,0.0,0.0,0.0,0.0,0.0,0.12283894449499548,17.77070063694265,12.079162875341222,0.027297543221110106,0.0,0.0,0.0,0.0,0.0,0.0,0.0,0.0,0.0,0.0,0.0,0.0,0.0,0.0,0.0,0.0
66400,4772,2456,0.5146689019279128,1138,997,0.44740150880134116,1348,0.5649622799664711,0.422,3.0025906735751295,3.1833700313439506,6.866562009419153,2.183014841982289,8374.565465213747,506.4818930070242,7853.0,8866.4,8866.4,0.0,7853.0,0.0,27.41450125733445,20.696111396362255,32.3490990990991,19.004029963248144,0.14124056999161777,0.10519698239731769,0.09094719195305952,0.09220452640402348,0.08319362950544845,0.07585917854149203,0.07020117351215423,0.05804694048616932,0.055113160100586756,0.052598491198658844,0.042958927074601846,0.041492036881810565,0.03625314333612741,0.024308466051969825,0.015088013411567477,0.008172673931265717,0.007124895222129086,0.831099033155865,0.03288120503017736,0.0,0.0,0.0,0.0,0.0,0.0,0.0,0.0,0.0,0.0,0.0,0.0,0.0,0.0,0.0,0.0,0.0,0.0,0.012573344509639567,0.0,0.01886001676445935,0.144593461860855,0.697820620284996,3.5834031852472643,11.202849958088855,10.743922883487011,2.9484492875104786,0.5406538139145014,0.09430008382229675,0.012573344509639567,4.273393273393274,2.9587318139535967,4.097560975609756,3.0588127622616352,0.9588541735958931,4.234385061171925,2.9543297525859287,4.309188464118042,2.965763069125299,1.017665706322281,0.397,0.011,0.0,0.0,0.0,0.0,0.0,0.0,0.0,0.0,0.0,0.0,0.05029337803855827,18.162196144174324,11.749790444258176,0.0377200335289187,0.0,0.0,0.0,0.0,0.0,0.0,0.0,0.0,0.0,0.0,0.0,0.0,0.0,0.0,0.0,0.0,nan,nan,4.271024967148489,2.960171688677244,nan,0.397,0.06143,0.0,0.0,0.0,0.0,0.0,0.0,0.0,0.0,0.0,0.0,0.0,0.0,0.0,0.0,0.0,0.0,0.0,0.0011211232187761946,8.382229673093043e-05,0.0,0.0,0.0,3.143336127409891e-05,0.0010896898575020956,0.004117770326906957,0.003185247275775356,0.01587384744341995,0.0011316010058675609,0.0061190276613579215,0.012227577535624477,0.03069991617770327,0.023627409891031015,0.03735331098072087,0.032680217937971504,0.014448868398994133,0.05696772841575859,0.04030804694048617,0.04648994132439229,0.07511525565800503,0.09183780385582566,0.09302179379715005,0.06388306789606035,0.061043587594300085,0.04675188600167644,0.04355616093880972,0.02845766974015088,0.022087175188600167,0.03822296730930427,0.01833612740989103,0.009199497066219614,0.018472338642078794,0.014574601844090528,0.036326487845766975,0.002388935456831517,0.00413872590108969,0.0002933780385582565,0.003426236378876781,0.0008487007544006706,0.00046102263202011734,0.0,0.0,0.0,0.0,0.0,0.0,0.0,0.0,0.0,0.0,0.0,0.0,0.0,0.0,0.0,0.0,0.0,0.0,0.0,0.0,0.0,0.0,0.0,0.0,0.0,0.0,0.0,0.0,0.0,0.0,0.0,0.0,0.0,0.0,0.0,0.0,0.0,0.0,0.0,0.0,0.0,0.0,nan,nan,4.271024967148489,2.960171688677244,nan,0.8314300885951869,0.03337921774111875,0.0,0.0,0.0,0.0,0.0,0.0,0.0,0.0,0.0,0.0,0.0,0.0,0.0,0.0,0.0,0.0,0.0,0.0,0.024429967426710105,0.0,0.024429967426710105,0.1465798045602606,0.6840390879478829,3.5179153094462428,11.042345276872966,10.944625407166127,2.8949511400651473,0.5741042345276874,0.13436482084690557,0.012214983713355053,0.8307479657297101,0.032341009730449996,0.0,0.0,0.0,0.0,0.0,0.0,0.0,0.0,0.0,0.0,0.0,0.0,0.0,0.0,0.0,0.0,0.0,0.0,0.0,0.0,0.012953367875647671,0.1424870466321244,0.712435233160622,3.6528497409326315,11.373056994818656,10.531088082901556,3.00518134715026,0.5051813471502592,0.051813471502590684,0.012953367875647671,0.397,0.01095,0.0,0.0,0.0,0.0,0.0,0.0,0.0,0.0,0.0,0.0,0.06107491856677526,18.11482084690551,11.787459283387625,0.03664495114006515,0.0,0.0,0.0,0.0,0.0,0.0,0.0,0.0,0.0,0.0,0.0,0.0,0.0,0.0,0.0,0.0,0.3972,0.01106,0.0,0.0,0.0,0.0,0.0,0.0,0.0,0.0,0.0,0.0,0.03886010362694301,18.212435233160598,11.709844559585495,0.03886010362694301,0.0,0.0,0.0,0.0,0.0,0.0,0.0,0.0,0.0,0.0,0.0,0.0,0.0,0.0,0.0,0.0
66500,4744,2494,0.5257166947723441,1168,949,0.446247892074199,1320,0.5564924114671164,0.41,2.996888888888889,3.045067284220843,6.391371340523883,2.1314981961294577,8385.761298482294,506.0293457117054,7853.0,8866.4,8866.400000000001,1.8189894035458565e-12,7853.0,0.0,28.23946037099494,20.926676643086804,33.13942428035044,19.165828873661564,0.13448566610455312,0.09949409780775717,0.10160202360876897,0.08031197301854975,0.07462057335581787,0.07546374367622259,0.0699831365935919,0.06534569983136594,0.058811129848229345,0.057124789207419896,0.046795952782462055,0.04236930860033727,0.03204047217537943,0.024451939291736932,0.0193929173693086,0.010750421585160203,0.006956155143338955,0.8321541431053694,0.03431365150190111,0.0,0.0,0.0,0.0,0.0,0.0,0.0,0.0,0.0,0.0,0.0,0.0,0.0,0.0,0.0,0.0,0.0,0.0,0.0,0.0,0.006323777403035415,0.18971332209106245,0.7398819561551435,3.427487352445183,11.161467116357507,10.630269814502533,2.959527824620574,0.6766441821247894,0.13912310286677912,0.06956155143338956,4.265873015873016,2.817077438773089,3.480769230769231,2.783815758543441,0.8159570661896244,4.225148123765635,2.851030251825065,4.279383429672447,2.7858100166737265,1.0128363087679102,0.397,0.0113,0.0,0.0,0.0,0.0,0.0,0.0,0.0,0.0,0.0,0.0,0.09485666104553123,17.883642495784123,11.989881956155147,0.03161888701517707,0.0,0.0,0.0,0.0,0.0,0.0,0.0,0.0,0.0,0.0,0.0,0.0,0.0,0.0,0.0,0.0,nan,nan,4.25260078023407,2.818336369906824,nan,0.397,0.06177,0.0,0.0,0.0,0.0,0.0,0.0,0.0,0.0,0.0,0.0,0.0,0.0,0.0,0.0,0.0,0.0,0.0,0.0011593591905564925,5.269814502529511e-05,0.0,0.0,0.0,0.0,0.001422849915682968,0.0035307757166947724,0.0034780775716694774,0.016188870151770656,0.00096964586846543,0.006239460370994941,0.011477655986509275,0.032261804384485664,0.02447301854974705,0.037468381112984825,0.032303962900505905,0.01443929173693086,0.05719856661045531,0.04265387858347386,0.04535202360876897,0.07478920741989882,0.09197934232715009,0.09125210792580102,0.0639123102866779,0.059232715008431705,0.04658516020236088,0.04103077571669477,0.02866779089376054,0.021500843170320406,0.03963954468802698,0.018591905564924113,0.01141441821247892,0.0182862563237774,0.014997892074198988,0.0357504215851602,0.002413575042158516,0.0037942664418212477,0.00029510961214165263,0.0036677908937605397,0.0008010118043844857,0.0007272344013490725,0.0,0.0,0.0,0.0,0.0,0.0,0.0,0.0,0.0,0.0,0.0,0.0,0.0,0.0,0.0,0.0,0.0,0.0,0.0,0.0,0.0,0.0,0.0,0.0,0.0,0.0,0.0,0.0,0.0,0.0,0.0,0.0,0.0,0.0,0.0,0.0,0.0,0.0,0.0,0.0,0.0,0.0,nan,nan,4.25260078023407,2.818336369906824,nan,0.8321389963412724,0.034823855155676126,0.0,0.0,0.0,0.0,0.0,0.0,0.0,0.0,0.0,0.0,0.0,0.0,0.0,0.0,0.0,0.0,0.0,0.0,0.0,0.0,0.0,0.20449077786688055,0.7578187650360868,3.3440256615878003,11.283079390537292,10.657578187650364,2.7666399358460314,0.6856455493183643,0.21651964715316765,0.08420208500400965,0.832170932451884,0.03373909664992325,0.0,0.0,0.0,0.0,0.0,0.0,0.0,0.0,0.0,0.0,0.0,0.0,0.0,0.0,0.0,0.0,0.0,0.0,0.0,0.0,0.013333333333333336,0.1733333333333334,0.7200000000000002,3.519999999999989,11.026666666666669,10.600000000000001,3.1733333333333342,0.6666666666666667,0.053333333333333344,0.053333333333333344,0.397,0.011375,0.0,0.0,0.0,0.0,0.0,0.0,0.0,0.0,0.0,0.0,0.08420208500400965,17.814755412991154,12.064955894145953,0.036086607858861273,0.0,0.0,0.0,0.0,0.0,0.0,0.0,0.0,0.0,0.0,0.0,0.0,0.0,0.0,0.0,0.0,0.397,0.01122,0.0,0.0,0.0,0.0,0.0,0.0,0.0,0.0,0.0,0.0,0.10666666666666669,17.959999999999972,11.90666666666667,0.026666666666666672,0.0,0.0,0.0,0.0,0.0,0.0,0.0,0.0,0.0,0.0,0.0,0.0,0.0,0.0,0.0,0.0
66600,4783,2474,0.5172485887518294,1168,1014,0.45619903826050595,1375,0.5749529583943132,0.38999999999999996,2.943265482893027,2.983102969285705,6.273542600896861,2.1819142813809806,8377.179719841102,506.3984097469859,7853.0,8866.4,8866.4,0.0,7853.0,0.0,28.549864102028017,20.928348924663258,33.36413043478261,19.133936542268035,0.13276186493832323,0.09617394940413966,0.08760192347898808,0.08572025925151579,0.08843821869119799,0.07463934768973447,0.06836713359816016,0.06251306711269078,0.06272214091574325,0.051223081747856995,0.05017771273259461,0.040769391595233115,0.035124398912816227,0.026552372987664646,0.020071085093037844,0.010662763955676354,0.006481287894626803,0.8305058447656187,0.033832893962305245,0.0,0.0,0.0,0.0,0.0,0.0,0.0,0.0,0.0,0.0,0.0,0.0,0.0,0.0,0.0,0.0,0.0,0.0,0.0,0.0,0.0,0.15680535228935816,0.7777545473552165,3.706878528120415,11.660045996236674,10.129625757892537,2.9228517666736367,0.4390549864102029,0.13171649592306087,0.07526656909889191,4.143727943535451,2.7911824290713767,4.27027027027027,2.8058688363774205,1.030538280615704,4.05968253968254,2.755011576764758,4.230671736375158,2.8255169326342644,1.042118859053937,0.3972,0.01136,0.0,0.0,0.0,0.0,0.0,0.0,0.0,0.0,0.0,0.0,0.07526656909889191,17.62492159732383,12.293539619485681,0.006272214091574327,0.0,0.0,0.0,0.0,0.0,0.0,0.0,0.0,0.0,0.0,0.0,0.0,0.0,0.0,0.0,0.0,nan,nan,4.145212428662017,2.791388418852842,nan,0.3972,0.06274,0.0,0.0,0.0,0.0,0.0,0.0,0.0,0.0,0.0,0.0,0.0,0.0,0.0,0.0,0.0,0.0,0.0,0.0012858038887727367,4.18147606104955e-05,2.090738030524775e-05,0.0,3.136107045787163e-05,0.0,0.001693497804725068,0.0035856157223499896,0.003731967384486724,0.016903616976792806,0.00083629521220991,0.006836713359816015,0.012575789253606523,0.03330545682625967,0.02451390340790299,0.03670290612586243,0.03281413338908635,0.01469788835458917,0.05470416056868074,0.04087392849675935,0.04569307965711896,0.07320719213882501,0.09201338072339536,0.09352916579552582,0.05963830232071921,0.05965920970102446,0.04398912816224127,0.03977629103073385,0.027785908425674265,0.023217645828977628,0.04103073384904871,0.018450763119381142,0.012690779845285386,0.019036169767928077,0.01585824796153042,0.03744511812669873,0.002111645410830023,0.003606523102655237,0.0002195274932051014,0.00461007735730713,0.0007735730712941668,0.000501777127325946,0.0,0.0,0.0,0.0,0.0,0.0,0.0,0.0,0.0,0.0,0.0,0.0,0.0,0.0,0.0,0.0,0.0,0.0,0.0,0.0,0.0,0.0,0.0,0.0,0.0,0.0,0.0,0.0,0.0,0.0,0.0,0.0,0.0,0.0,0.0,0.0,0.0,0.0,0.0,0.0,0.0,0.0,nan,nan,4.145212428662017,2.791388418852842,nan,0.829297416062729,0.032295887172076994,0.0,0.0,0.0,0.0,0.0,0.0,0.0,0.0,0.0,0.0,0.0,0.0,0.0,0.0,0.0,0.0,0.0,0.0,0.0,0.0,0.0,0.16976556184316902,0.8124494745351659,3.722716248989479,11.932093775262736,10.270816491511725,2.643492320129346,0.32740501212611167,0.07275666936135813,0.04850444624090543,0.8318006271869912,0.03535996546254534,0.0,0.0,0.0,0.0,0.0,0.0,0.0,0.0,0.0,0.0,0.0,0.0,0.0,0.0,0.0,0.0,0.0,0.0,0.0,0.0,0.0,0.1429190125595496,0.7405803378085754,3.6899090515374504,11.368557817236903,9.978345604157646,3.2221741013425733,0.5586834127327849,0.19488956258120405,0.10394110004330881,0.397,0.011375,0.0,0.0,0.0,0.0,0.0,0.0,0.0,0.0,0.0,0.0,0.06063055780113178,18.055780113177015,11.883589329021829,0.0,0.0,0.0,0.0,0.0,0.0,0.0,0.0,0.0,0.0,0.0,0.0,0.0,0.0,0.0,0.0,0.0,0.3975,0.01134,0.0,0.0,0.0,0.0,0.0,0.0,0.0,0.0,0.0,0.0,0.09094846253789522,17.16327414465134,12.73278475530533,0.012992637505413601,0.0,0.0,0.0,0.0,0.0,0.0,0.0,0.0,0.0,0.0,0.0,0.0,0.0,0.0,0.0,0.0
66700,4538,2366,0.5213750550903482,1116,899,0.44402820625826356,1258,0.5544292639929485,0.414,2.9714548802946594,3.106476793327996,6.595505617977528,2.1575457996475498,8381.361480828558,506.2367729119584,7853.0,8866.4,8866.4,0.0,7853.0,0.0,27.791978845306303,20.714526023337402,32.524393425515264,19.0596983865609,0.13464081092992508,0.10423093873953283,0.09607756721022477,0.08572058175407668,0.08505949757602468,0.07778757161745262,0.06500661084178053,0.05927721463199648,0.059717937417364475,0.05398854120758043,0.045614808285588365,0.04208902600264434,0.030630233583076247,0.027765535478184222,0.018069634200088145,0.008153371529308066,0.00617011899515205,0.8282487155478029,0.034953080275481094,0.0,0.0,0.0,0.0,0.0,0.0,0.0,0.0,0.0,0.0,0.0,0.0,0.0,0.0,0.0,0.0,0.0,0.0,0.0,0.006610841780520054,0.04627589246364038,0.244601145879242,0.7933010136624066,4.336712208021141,11.542529748788015,9.77743499338916,2.5914499779638613,0.4495372410753637,0.1718818862935214,0.039665050683120325,4.243612180609031,2.9396238096414224,4.137254901960785,3.1871039644358996,0.974937087999172,4.212203389830509,2.9387626058509437,4.272156315422191,2.949429438121435,1.0142331506917321,0.398,0.01096,0.0,0.0,0.0,0.0,0.0,0.0,0.0,0.0,0.0,0.0,0.026443367122080216,17.419568091670314,12.540766857646544,0.013221683561040108,0.0,0.0,0.0,0.0,0.0,0.0,0.0,0.0,0.0,0.0,0.0,0.0,0.0,0.0,0.0,0.0,nan,nan,4.241746905089409,2.944176398412016,nan,0.398,0.06274,0.0,0.0,0.0,0.0,0.0,0.0,0.0,0.0,0.0,0.0,0.0,0.0,0.0,1.1018069634200089e-05,0.0,0.0,0.0,0.0013331864257382106,0.0001873071837814015,0.00013221683561040105,0.0,0.0,0.0,0.0016527104451300133,0.0028206258263552227,0.0039444689290436315,0.01642794182459233,0.0009585720581754076,0.008186425738210665,0.012725870427501102,0.03119215513442045,0.024405024239753194,0.03403481710004407,0.030707360070515645,0.014609960334949317,0.05272146319964742,0.04240855002203614,0.046386073159982374,0.07741295724988982,0.09031511679153813,0.09073380343763772,0.0621859850154253,0.06119435874834729,0.045130013221683564,0.040998237108858526,0.02787571617452622,0.022168356104010578,0.039709122961657115,0.018146760687527547,0.013012340237990304,0.01852137505509035,0.016923754958131334,0.03838695460555311,0.0022807404142794183,0.003657999118554429,0.00014323490524460115,0.005112384310268841,0.0008043190832966064,0.00044072278536800354,0.0,0.0,0.0,0.0,0.0,0.0,0.0,0.0,0.0,0.0,0.0,0.0,0.0,0.0,0.0,0.0,0.0,0.0,0.0,0.0,0.0,0.0,0.0,0.0,0.0,0.0,0.0,0.0,0.0,0.0,0.0,0.0,0.0,0.0,0.0,0.0,0.0,0.0,0.0,0.0,0.0,0.0,nan,nan,4.241746905089409,2.944176398412016,nan,0.8272613651502566,0.03457266500525676,0.0,0.0,0.0,0.0,0.0,0.0,0.0,0.0,0.0,0.0,0.0,0.0,0.0,0.0,0.0,0.0,0.0,0.0,0.0,0.012679628064243453,0.05071851225697381,0.26627218934911245,0.811496196111581,4.437869822485193,11.677937447168219,9.750633981403213,2.4091293322062555,0.38038884192730354,0.17751479289940833,0.025359256128486905,0.8293242547009312,0.0353314323839918,0.0,0.0,0.0,0.0,0.0,0.0,0.0,0.0,0.0,0.0,0.0,0.0,0.0,0.0,0.0,0.0,0.0,0.0,0.0,0.0,0.041436464088397795,0.2209944751381216,0.7734806629834257,4.226519337016561,11.395027624309396,9.806629834254146,2.790055248618785,0.5248618784530388,0.16574585635359118,0.0552486187845304,0.3982,0.010864,0.0,0.0,0.0,0.0,0.0,0.0,0.0,0.0,0.0,0.0,0.012679628064243453,17.282333051563796,12.692307692307695,0.012679628064243453,0.0,0.0,0.0,0.0,0.0,0.0,0.0,0.0,0.0,0.0,0.0,0.0,0.0,0.0,0.0,0.0,0.3977,0.01107,0.0,0.0,0.0,0.0,0.0,0.0,0.0,0.0,0.0,0.0,0.041436464088397795,17.569060773480636,12.37569060773481,0.0138121546961326,0.0,0.0,0.0,0.0,0.0,0.0,0.0,0.0,0.0,0.0,0.0,0.0,0.0,0.0,0.0,0.0
66800,4531,2401,0.5299050982123151,1176,884,0.45464577355992053,1242,0.5482233502538071,0.422,3.032863849765258,3.1127256243442063,6.604838709677419,2.166528918484725,8390.005826528362,505.79288931185346,7853.0,8866.4,8866.4,0.0,7853.0,0.0,28.03597439858751,20.54151657913275,32.789350039154264,18.767888051016385,0.13639373206797617,0.09666740233943942,0.09247406753476053,0.08673581990730524,0.0798940631207239,0.08232178327080114,0.06665195321121166,0.06466563672478481,0.058706687265504306,0.057161774442727874,0.05009931582432134,0.03862282056941073,0.03420878393290664,0.024718605164422865,0.016331935555065107,0.009710880600308983,0.004634738468329287,0.8267684608362442,0.034271565458474394,0.0,0.0,0.0,0.0,0.0,0.0,0.0,0.0,0.0,0.0,0.0,0.0,0.0,0.0,0.0,0.0,0.0,0.0,0.0,0.013242109909512252,0.03310527477378063,0.21849481350695216,0.8276318693445157,4.363275215184272,12.507172809534323,9.117192672699185,2.264400794526595,0.48333701169719717,0.07283160450231738,0.0993158243213419,4.180469289164941,2.9300927046816367,4.869565217391305,3.0044076002359246,1.1648369789517128,4.222748815165877,2.9023506966872357,4.15893587994543,2.9631626411040735,0.9848882948018919,0.398,0.01139,0.0,0.0,0.0,0.0,0.0,0.0,0.0,0.0,0.0,0.0,0.17876848377841542,16.68505848598541,13.10968881041713,0.026484219819024504,0.0,0.0,0.0,0.0,0.0,0.0,0.0,0.0,0.0,0.0,0.0,0.0,0.0,0.0,0.0,0.0,nan,nan,4.1912364130434785,2.9325139170098917,nan,0.398,0.06335,0.0,0.0,0.0,0.0,0.0,0.0,0.0,0.0,0.0,0.0,0.0,0.0,0.0,0.0,0.0,0.0,0.0,0.0012138600750386229,7.724564113882145e-05,0.00023173692341646435,0.0,0.0,0.0001544912822776429,0.001809755020966674,0.0028360185389538733,0.005109247406753476,0.0170271463253145,0.0007614213197969543,0.008750827631869344,0.01227102184948135,0.030489958066651952,0.024762745530787906,0.03243213418671375,0.028602957404546457,0.014224233061134408,0.0554623703376738,0.043687927609799164,0.04549768263076583,0.0754579563010373,0.09295961156477599,0.09090708452880158,0.058221143235488854,0.06445596998455087,0.04603840211873759,0.040079452659457074,0.026462149635841977,0.019918340322224674,0.041690576031781064,0.0181637607592143,0.012712425513131759,0.018318252041491945,0.014500110350915913,0.039229750606930035,0.00214080776870448,0.003873317148532333,0.00035312293092032665,0.007404546457735599,0.0009821231516221585,0.0007062458618406533,0.0,2.2070183182520416e-05,0.0,0.0,0.0,0.0,0.0,0.0,0.0,0.0,0.0,0.0,0.0,0.0,0.0,0.0,0.0,0.0,0.0,0.0,0.0,0.0,0.0,0.0,0.0,0.0,0.0,0.0,0.0,0.0,0.0,0.0,0.0,0.0,0.0,0.0,0.0,0.0,0.0,0.0,0.0,0.0,nan,nan,4.1912364130434785,2.9325139170098917,nan,0.8270733843789106,0.03399105312350536,0.0,0.0,0.0,0.0,0.0,0.0,0.0,0.0,0.0,0.0,0.0,0.0,0.0,0.0,0.0,0.0,0.0,0.0,0.0,0.024989587671803423,0.0,0.17492711370262395,0.737192836318201,4.398167430237388,12.78217409412745,8.883798417326116,2.361516034985423,0.42482299042065813,0.07496876301541026,0.13744273219491882,0.8264247418569287,0.0345818163222115,0.0,0.0,0.0,0.0,0.0,0.0,0.0,0.0,0.0,0.0,0.0,0.0,0.0,0.0,0.0,0.0,0.0,0.0,0.0,0.0,0.07042253521126762,0.26760563380281693,0.9295774647887326,4.323943661971818,12.197183098591553,9.380281690140846,2.154929577464789,0.5492957746478875,0.07042253521126762,0.0563380281690141,0.3977,0.01146,0.0,0.0,0.0,0.0,0.0,0.0,0.0,0.0,0.0,0.0,0.18742190753852567,17.192836318200726,12.607246980424826,0.012494793835901711,0.0,0.0,0.0,0.0,0.0,0.0,0.0,0.0,0.0,0.0,0.0,0.0,0.0,0.0,0.0,0.0,0.3982,0.0113,0.0,0.0,0.0,0.0,0.0,0.0,0.0,0.0,0.0,0.0,0.16901408450704228,16.112676056338003,13.676056338028172,0.04225352112676057,0.0,0.0,0.0,0.0,0.0,0.0,0.0,0.0,0.0,0.0,0.0,0.0,0.0,0.0,0.0,0.0
66900,4710,2469,0.524203821656051,1192,935,0.4515923566878981,1295,0.5498938428874734,0.418,3.0111557340473003,3.142511345664482,6.691222570532916,2.109157093814286,8384.22815286624,506.1059767647188,7853.0,8866.4,8866.4,0.0,7853.0,0.0,28.11380042462845,20.924923948360497,33.13569620253165,19.110453543594517,0.14076433121019108,0.10318471337579618,0.08535031847133757,0.08747346072186836,0.07749469214437367,0.07409766454352441,0.06369426751592357,0.0683651804670913,0.062420382165605096,0.0564755838641189,0.04798301486199576,0.038641188959660296,0.034394904458598725,0.024628450106157114,0.016772823779193206,0.011252653927813163,0.0070063694267515925,0.826660967303436,0.0334144354343857,0.0,0.0,0.0,0.0,0.0,0.0,0.0,0.0,0.0,0.0,0.0,0.0,0.0,0.0,0.0,0.0,0.0,0.0,0.0,0.012738853503184716,0.038216560509554146,0.16560509554140132,0.9490445859872614,4.2929936305732355,12.165605095541405,9.56687898089172,2.3057324840764335,0.35668789808917206,0.11464968152866245,0.03184713375796179,4.290247160988644,2.9561917865374037,4.290909090909091,3.2734342670697463,1.000154287129764,4.277777777777778,3.0019100327620043,4.302537410540013,2.9225883244228275,1.0057879661002627,0.398,0.0114,0.0,0.0,0.0,0.0,0.0,0.0,0.0,0.0,0.0,0.0,0.06369426751592358,17.216560509554114,12.700636942675162,0.019108280254777073,0.0,0.0,0.0,0.0,0.0,0.0,0.0,0.0,0.0,0.0,0.0,0.0,0.0,0.0,0.0,0.0,nan,nan,4.290259101344703,2.962215354803811,nan,0.398,0.0633,0.0,0.0,0.0,0.0,0.0,0.0,0.0,0.0,0.0,0.0,0.0,0.0,0.0,0.0,0.0,0.0,0.0,0.0009235668789808917,5.307855626326964e-05,0.00012738853503184712,0.0,0.0,0.00020169851380042462,0.0021974522292993633,0.0024416135881104033,0.0053397027600849255,0.016889596602972397,0.0010721868365180466,0.009288747346072187,0.011401273885350319,0.03251592356687898,0.023259023354564756,0.034341825902335456,0.02835456475583864,0.013906581740976646,0.053651804670912955,0.04434182590233546,0.04459660297239915,0.07652866242038217,0.09132696390658174,0.09298301486199576,0.0571656050955414,0.06387473460721868,0.04766454352441614,0.03927813163481953,0.026443736730360934,0.01903397027600849,0.04173036093418259,0.019150743099787686,0.011592356687898089,0.019331210191082804,0.015605095541401274,0.03849256900212314,0.001910828025477707,0.003980891719745223,0.00028662420382165603,0.007165605095541401,0.0008386411889596603,0.0005307855626326964,4.2462845010615714e-05,1.0615711252653929e-05,4.2462845010615714e-05,8.492569002123143e-05,0.0,0.0,0.0,0.0,0.0,0.0,0.0,0.0,0.0,0.0,0.0,0.0,0.0,0.0,0.0,0.0,0.0,0.0,0.0,0.0,0.0,0.0,0.0,0.0,0.0,0.0,0.0,0.0,0.0,0.0,0.0,0.0,0.0,0.0,0.0,0.0,0.0,0.0,nan,nan,4.290259101344703,2.962215354803811,nan,0.8264372341060213,0.03406989782359885,0.0,0.0,0.0,0.0,0.0,0.0,0.0,0.0,0.0,0.0,0.0,0.0,0.0,0.0,0.0,0.0,0.0,0.0,0.0,0.02430133657351155,0.06075334143377887,0.17010935601458085,1.020656136087485,4.337788578371797,11.834750911300125,9.805589307411909,2.2721749696233298,0.3402187120291617,0.08505467800729043,0.0486026731470231,0.8269074631822476,0.0326752937264466,0.0,0.0,0.0,0.0,0.0,0.0,0.0,0.0,0.0,0.0,0.0,0.0,0.0,0.0,0.0,0.0,0.0,0.0,0.0,0.0,0.013386880856760378,0.16064257028112452,0.8701472556894245,4.243641231593026,12.530120481927714,9.303882195448463,2.342704149933066,0.3748326639892906,0.14725568942436415,0.013386880856760378,0.398,0.01138,0.0,0.0,0.0,0.0,0.0,0.0,0.0,0.0,0.0,0.0,0.0486026731470231,17.1081409477521,12.843256379100854,0.0,0.0,0.0,0.0,0.0,0.0,0.0,0.0,0.0,0.0,0.0,0.0,0.0,0.0,0.0,0.0,0.0,0.398,0.01141,0.0,0.0,0.0,0.0,0.0,0.0,0.0,0.0,0.0,0.0,0.08032128514056226,17.33601070950466,12.543507362784474,0.04016064257028113,0.0,0.0,0.0,0.0,0.0,0.0,0.0,0.0,0.0,0.0,0.0,0.0,0.0,0.0,0.0,0.0
67000,4748,2486,0.5235888795282224,1210,939,0.4526116259477675,1339,0.5640269587194608,0.40199999999999997,3.015473032714412,3.059421710745337,6.381712626995646,2.109694802868035,8383.6049705139,506.1357944116671,7853.0,8866.4,8866.4,0.0,7853.0,0.0,28.83803706823926,21.009658240083205,33.57496902106568,19.22005917174386,0.12910699241786014,0.09919966301600674,0.08677337826453244,0.08656276326874474,0.08171861836562763,0.07287278854254423,0.06508003369839932,0.06866048862679022,0.05981465880370682,0.05855096882898062,0.05033698399326032,0.041069924178601516,0.03433024431339511,0.02632687447346251,0.02085088458298231,0.012847514743049706,0.005897219882055603,0.8272469642539936,0.03247467362563815,0.0,0.0,0.0,0.0,0.0,0.0,0.0,0.0,0.0,0.0,0.0,0.0,0.0,0.0,0.0,0.0,0.0,0.0,0.0,0.0,0.01895534962089301,0.12636899747262006,0.8403538331929236,4.283909014321806,12.548441449031174,9.395534962089302,2.1988205560235894,0.4486099410278013,0.10741364785172706,0.031592249368155016,4.1307295029051,2.829343074089542,4.568181818181818,2.815522939257928,1.1059019514516897,4.234654731457801,2.848798565981182,4.0399239543726235,2.8071162501528724,0.9540149576685464,0.3982,0.01134,0.0,0.0,0.0,0.0,0.0,0.0,0.0,0.0,0.0,0.0,0.056866048862679035,16.901853411962907,13.003369839932606,0.03791069924178602,0.0,0.0,0.0,0.0,0.0,0.0,0.0,0.0,0.0,0.0,0.0,0.0,0.0,0.0,0.0,0.0,nan,nan,4.1368555060471035,2.8296169458005664,nan,0.3982,0.0637,0.0,0.0,0.0,0.0,0.0,0.0,0.0,0.0,0.0,0.0,0.0,0.0,0.0,0.0,0.0,0.0,0.0,0.0009688289806234204,0.0,9.477674810446504e-05,0.0,0.0,0.0002000842459983151,0.0021693344566133107,0.002558972198820556,0.005433866891322662,0.01740732940185341,0.0016638584667228306,0.009635636057287279,0.01115206402695872,0.033056023588879525,0.024315501263689976,0.03169755686604886,0.02756950294860994,0.01490101095197978,0.05352780117944397,0.04398694187026116,0.0459983150800337,0.07263058129738838,0.09121735467565291,0.09344987363100253,0.05621314237573715,0.06410067396798652,0.0466301600673968,0.03806866048862679,0.027811710193765795,0.018639427127211457,0.04287068239258635,0.019913647851727043,0.012320977253580456,0.019776748104465038,0.016238416175231675,0.039026958719460825,0.002443133951137321,0.0037489469250210614,0.00042122999157540015,0.006644903117101937,0.0010004212299915753,0.00034751474304970515,0.00013689974726200505,1.0530749789385004e-05,0.0,0.0,0.0,0.0,0.0,0.0,0.0,0.0,0.0,0.0,0.0,0.0,0.0,0.0,0.0,0.0,0.0,0.0,0.0,0.0,0.0,0.0,0.0,0.0,0.0,0.0,0.0,0.0,0.0,0.0,0.0,0.0,0.0,0.0,0.0,0.0,0.0,0.0,0.0,0.0,nan,nan,4.1368555060471035,2.8296169458005664,nan,0.8276444703987885,0.03252733688254131,0.0,0.0,0.0,0.0,0.0,0.0,0.0,0.0,0.0,0.0,0.0,0.0,0.0,0.0,0.0,0.0,0.0,0.0,0.0,0.0,0.024135156878519717,0.13274336283185842,0.8567980691874499,4.139179404666117,12.381335478680615,9.702333065164925,2.172164119066774,0.4585679806918746,0.09654062751407887,0.03620273531777957,0.8268100941054701,0.03241107377192847,0.0,0.0,0.0,0.0,0.0,0.0,0.0,0.0,0.0,0.0,0.0,0.0,0.0,0.0,0.0,0.0,0.0,0.0,0.0,0.0,0.013262599469496024,0.11936339522546421,0.8222811671087535,4.442970822281153,12.732095490716183,9.058355437665783,2.228116710875332,0.4376657824933688,0.11936339522546421,0.026525198938992047,0.398,0.0114,0.0,0.0,0.0,0.0,0.0,0.0,0.0,0.0,0.0,0.0,0.04827031375703943,17.111826226870452,12.77956556717619,0.060337892196299286,0.0,0.0,0.0,0.0,0.0,0.0,0.0,0.0,0.0,0.0,0.0,0.0,0.0,0.0,0.0,0.0,0.3984,0.01128,0.0,0.0,0.0,0.0,0.0,0.0,0.0,0.0,0.0,0.0,0.06631299734748011,16.671087533156477,13.249336870026529,0.013262599469496024,0.0,0.0,0.0,0.0,0.0,0.0,0.0,0.0,0.0,0.0,0.0,0.0,0.0,0.0,0.0,0.0
67100,4800,2422,0.5045833333333334,1116,1054,0.45208333333333334,1379,0.5745833333333333,0.41,2.933978132884777,3.0952522425926072,6.635220125786163,2.173081120280194,8364.34475,506.678711115276,7853.0,8866.4,8866.4,0.0,7853.0,0.0,27.448333333333334,20.472212807174074,32.2436246595692,18.77343232236483,0.13791666666666666,0.1,0.098125,0.09145833333333334,0.08083333333333333,0.07375,0.07229166666666667,0.06645833333333333,0.05375,0.051458333333333335,0.049166666666666664,0.041041666666666664,0.032916666666666664,0.019791666666666666,0.014583333333333334,0.009583333333333333,0.006875,0.826653315598766,0.03278630472761686,0.0,0.0,0.0,0.0,0.0,0.0,0.0,0.0,0.0,0.0,0.0,0.0,0.0,0.0,0.0,0.0,0.0,0.0,0.0,0.0,0.018750000000000003,0.15625000000000003,0.8500000000000002,4.631249999999985,12.143750000000002,9.33125,2.2875000000000005,0.4812500000000001,0.08750000000000002,0.012500000000000002,4.360909690177983,2.940959572442634,4.0,2.688358742294772,0.917239815584612,4.3785900783289815,2.983901295556674,4.333117723156533,2.891241667194315,0.9896148407686061,0.3982,0.011696,0.0,0.0,0.0,0.0,0.0,0.0,0.0,0.0,0.0,0.0,0.10000000000000002,16.906249999999975,12.962500000000004,0.03125000000000001,0.0,0.0,0.0,0.0,0.0,0.0,0.0,0.0,0.0,0.0,0.0,0.0,0.0,0.0,0.0,0.0,nan,nan,4.355750487329435,2.937814073811571,nan,0.3982,0.06396,0.0,0.0,0.0,0.0,0.0,0.0,0.0,0.0,0.0,0.0,0.0,0.0,0.0,0.0,0.0,0.0,0.0,0.00121875,0.0,0.000125,0.0,0.0,0.00028125,0.0022604166666666667,0.0024895833333333332,0.004989583333333334,0.016739583333333332,0.0022083333333333334,0.01096875,0.011125,0.03269791666666667,0.023760416666666666,0.03183333333333333,0.027583333333333335,0.016260416666666666,0.05583333333333333,0.04321875,0.04542708333333333,0.07086458333333333,0.09111458333333333,0.0930625,0.05403125,0.06265625,0.045802083333333334,0.039322916666666666,0.027458333333333335,0.018375,0.04294791666666667,0.020895833333333332,0.0135625,0.02171875,0.015520833333333333,0.03978125,0.002864583333333333,0.0030625,6.25e-05,0.006427083333333333,0.0010208333333333332,0.00022916666666666666,0.00019791666666666666,0.0,0.0,0.0,0.0,0.0,0.0,0.0,0.0,0.0,0.0,0.0,0.0,0.0,0.0,0.0,0.0,0.0,0.0,0.0,0.0,0.0,0.0,0.0,0.0,0.0,0.0,0.0,0.0,0.0,0.0,0.0,0.0,0.0,0.0,0.0,0.0,0.0,0.0,0.0,0.0,0.0,nan,nan,4.355750487329435,2.937814073811571,nan,0.8273341844487446,0.03207913416297718,0.0,0.0,0.0,0.0,0.0,0.0,0.0,0.0,0.0,0.0,0.0,0.0,0.0,0.0,0.0,0.0,0.0,0.0,0.0,0.0,0.0,0.13625103220478946,0.7679603633360861,4.384805945499574,12.522708505367468,9.289843104872007,2.3162675474814205,0.4954582989265071,0.07431874483897606,0.01238645747316268,0.8259598486708232,0.03347698310098223,0.0,0.0,0.0,0.0,0.0,0.0,0.0,0.0,0.0,0.0,0.0,0.0,0.0,0.0,0.0,0.0,0.0,0.0,0.0,0.0,0.03784693019343987,0.1766190075693861,0.9335576114381835,4.882253994953727,11.757779646761987,9.373423044575276,2.258200168208579,0.46677880571909175,0.10092514718250634,0.012615643397813292,0.3982,0.0117,0.0,0.0,0.0,0.0,0.0,0.0,0.0,0.0,0.0,0.0,0.06193228736581339,16.77126341866224,13.117258464079276,0.04954582989265072,0.0,0.0,0.0,0.0,0.0,0.0,0.0,0.0,0.0,0.0,0.0,0.0,0.0,0.0,0.0,0.0,0.398,0.01168,0.0,0.0,0.0,0.0,0.0,0.0,0.0,0.0,0.0,0.0,0.13877207737594618,17.04373423044573,12.804878048780491,0.012615643397813292,0.0,0.0,0.0,0.0,0.0,0.0,0.0,0.0,0.0,0.0,0.0,0.0,0.0,0.0,0.0,0.0
67200,4551,2405,0.5284552845528455,1134,886,0.4438584926389804,1222,0.5370248297077566,0.422,2.9827586206896552,3.0930251080750124,6.5016501650165015,2.12695196694582,8388.536585365853,505.8787812751565,7853.0,8866.4,8866.399999999998,1.8189894035458565e-12,7853.0,0.0,28.941990771259064,21.284951276898557,33.62487100103199,19.58420048868702,0.12942210503186113,0.0997582948802461,0.0938255328499231,0.08261920457042408,0.07602724675895407,0.07888376181059108,0.06767743353109207,0.06262359920896507,0.05647110525159306,0.05251593056471105,0.04987914744012305,0.047462096242584045,0.034278180619644036,0.028345418589321027,0.017578554163920016,0.014502307185234015,0.008130081300813009,0.8267218968392047,0.0323094074200952,0.0,0.0,0.0,0.0,0.0,0.0,0.0,0.0,0.0,0.0,0.0,0.0,0.0,0.0,0.0,0.0,0.0,0.0,0.0,0.0,0.01977587343441002,0.13843111404087016,0.876730388925511,4.3111404087013705,12.636783124588005,9.06394199077126,2.3665128543177327,0.5339485827290706,0.052735662491760066,0.0,4.142325895875592,2.887751335345991,4.571428571428571,3.2538830805732433,1.1035897914213426,4.2103174603174605,2.9046941400717383,4.083051991897366,2.878918766600361,0.9697729518926826,0.3984,0.01171,0.0,0.0,0.0,0.0,0.0,0.0,0.0,0.0,0.0,0.0,0.06591957811470008,16.275543836519425,13.625576796308508,0.03295978905735004,0.0,0.0,0.0,0.0,0.0,0.0,0.0,0.0,0.0,0.0,0.0,0.0,0.0,0.0,0.0,0.0,nan,nan,4.147343802205145,2.892668554743223,nan,0.3984,0.0645,0.0,0.0,0.0,0.0,0.0,0.0,0.0,0.0,0.0,0.0,0.0,0.0,0.0,0.0,0.0,0.0,0.0,0.0016370028565150516,0.0,6.591957811470006e-05,4.3946385409800044e-05,0.0,0.00026367831245880025,0.0023950780048341024,0.002153372885080202,0.005141727092946605,0.017281916062403868,0.0022522522522522522,0.011744671500769062,0.01076686442540101,0.033157547791694136,0.023632168754119973,0.03221270050538343,0.02731267853219073,0.016413974950560316,0.052482970775653705,0.04222148978246539,0.04304548450889914,0.07275324104592397,0.09104592397275324,0.0922874093605801,0.055592177543397056,0.06214018896945726,0.0463744232036915,0.03820039551746869,0.02890573500329598,0.017578554163920016,0.043858492638980444,0.02079762689518787,0.013458580531751264,0.01996264557240167,0.015436167875192265,0.043506921555702044,0.0025379037574159526,0.0035926170072511534,0.00013183915622940013,0.0063722258844210065,0.0006921555702043507,0.0003186112942210503,0.00016479894528675015,6.591957811470006e-05,0.0,0.0,0.0,0.0,0.0,0.0,0.0,0.0,0.0,0.0,0.0,0.0,0.0,0.0,0.0,0.0,0.0,0.0,0.0,0.0,0.0,0.0,0.0,0.0,0.0,0.0,0.0,0.0,0.0,0.0,0.0,0.0,0.0,0.0,0.0,0.0,0.0,0.0,0.0,0.0,nan,nan,4.147343802205145,2.892668554743223,nan,0.8269321628766843,0.032277220669989955,0.0,0.0,0.0,0.0,0.0,0.0,0.0,0.0,0.0,0.0,0.0,0.0,0.0,0.0,0.0,0.0,0.0,0.0,0.0,0.0,0.024948024948024953,0.13721413721413725,0.8981288981288983,3.9417879417879296,12.948024948024951,9.043659043659046,2.4573804573804576,0.49896049896049904,0.049896049896049906,0.0,0.8264862538661673,0.03234381640883831,0.0,0.0,0.0,0.0,0.0,0.0,0.0,0.0,0.0,0.0,0.0,0.0,0.0,0.0,0.0,0.0,0.0,0.0,0.0,0.0,0.013979496738117431,0.1397949673811743,0.8527493010251633,4.725069897483676,12.287977632805223,9.08667287977633,2.264678471575024,0.5731593662628146,0.055917986952469724,0.0,0.3984,0.01166,0.0,0.0,0.0,0.0,0.0,0.0,0.0,0.0,0.0,0.0,0.06237006237006238,16.365904365904342,13.534303534303538,0.03742203742203743,0.0,0.0,0.0,0.0,0.0,0.0,0.0,0.0,0.0,0.0,0.0,0.0,0.0,0.0,0.0,0.0,0.3984,0.01177,0.0,0.0,0.0,0.0,0.0,0.0,0.0,0.0,0.0,0.0,0.06989748369058715,16.17427772600184,13.727865796831317,0.027958993476234862,0.0,0.0,0.0,0.0,0.0,0.0,0.0,0.0,0.0,0.0,0.0,0.0,0.0,0.0,0.0,0.0
67300,4919,2518,0.5118926611099817,1219,1042,0.4596462695669852,1399,0.568814799756048,0.40199999999999997,2.9579341940857975,3.109466900263267,6.714733542319749,2.1031702837573394,8371.752022768856,506.55664909976144,7853.0,8866.4,8866.399999999998,1.8189894035458565e-12,7853.0,0.0,27.516365114860744,20.64143408534063,32.522246535375636,18.868350220134914,0.14454157349054686,0.10306972961984143,0.08782272819678796,0.08294368774141085,0.08111404757064444,0.0794877007521854,0.07399878023988615,0.062004472453750764,0.06342752591990242,0.052449684895303925,0.04106525716609067,0.037202683472250454,0.033949989835332386,0.02358202886765603,0.01829640170766416,0.00874161414921732,0.006302093921528766,0.8281614348931534,0.032920878458763396,0.0,0.0,0.0,0.0,0.0,0.0,0.0,0.0,0.0,0.0,0.0,0.0,0.0,0.0,0.0,0.0,0.0,0.0,0.0,0.0,0.012197601138442775,0.17076641593819886,0.7501524700142307,4.1654807887781935,12.240292742427325,9.654401301077456,2.2565562106119135,0.5793860540760318,0.1524700142305347,0.018296401707664164,4.314761447326289,2.923487399907615,4.325581395348837,2.621209823926581,1.0025076584545023,4.140644361833953,2.873313710504613,4.496134020618556,2.9560763041672473,1.085853704814956,0.399,0.01172,0.0,0.0,0.0,0.0,0.0,0.0,0.0,0.0,0.0,0.0,0.0975808091075422,15.777597072575704,14.088229314901406,0.03659280341532833,0.0,0.0,0.0,0.0,0.0,0.0,0.0,0.0,0.0,0.0,0.0,0.0,0.0,0.0,0.0,0.0,nan,nan,4.314908401768793,2.919591842478975,nan,0.399,0.0645,0.0,0.0,0.0,0.0,0.0,0.0,0.0,0.0,0.0,0.0,0.0,0.0,0.0,0.0,0.0,0.0,0.0,0.0011079487700752185,0.0,8.131734092295182e-05,0.0,0.0,0.00012197601138442773,0.002215897540150437,0.0021549095344582233,0.005153486480992071,0.01597885749136003,0.00238869688961171,0.011963813783289286,0.012289083146981093,0.033126651758487495,0.02356169953242529,0.034132953852409026,0.02684488717218947,0.01580605814189876,0.05006098800569221,0.042193535271396625,0.04532425289693027,0.07157958934742834,0.09035373043301484,0.0933523073795487,0.05344582232161008,0.06237040048790404,0.04524293555600732,0.037954868875787764,0.029873958121569424,0.01751372230128075,0.04409432811547062,0.022301280748119535,0.014230534661516568,0.020939215287660094,0.014301687334824151,0.042498475299857695,0.001778816832689571,0.00457410042691604,0.0001321406789997967,0.007826794063834113,0.0005488920512299248,0.00033543403130717627,0.00010164667615368977,0.00014230534661516567,0.0,0.0,0.0,0.0,0.0,0.0,0.0,0.0,0.0,0.0,0.0,0.0,0.0,0.0,0.0,0.0,0.0,0.0,0.0,0.0,0.0,0.0,0.0,0.0,0.0,0.0,0.0,0.0,0.0,0.0,0.0,0.0,0.0,0.0,0.0,0.0,0.0,0.0,0.0,0.0,nan,nan,4.314908401768793,2.919591842478975,nan,0.8281580638421538,0.033140674728563614,0.0,0.0,0.0,0.0,0.0,0.0,0.0,0.0,0.0,0.0,0.0,0.0,0.0,0.0,0.0,0.0,0.0,0.0,0.0,0.0,0.0119142176330421,0.1787132644956315,0.6671961874503576,4.372517871326436,12.283558379666404,9.412231930103259,2.2517871326449566,0.6076250992851471,0.1906274821286736,0.0238284352660842,0.8281649702144434,0.03268878357914697,0.0,0.0,0.0,0.0,0.0,0.0,0.0,0.0,0.0,0.0,0.0,0.0,0.0,0.0,0.0,0.0,0.0,0.0,0.0,0.0,0.012494793835901711,0.16243231986672224,0.8371511870054146,3.9483548521449277,12.19491878384007,9.908371511870056,2.2615576842982095,0.5497709287796753,0.11245314452311539,0.012494793835901711,0.399,0.01173,0.0,0.0,0.0,0.0,0.0,0.0,0.0,0.0,0.0,0.0,0.119142176330421,15.881652104845092,13.975377283558382,0.0238284352660842,0.0,0.0,0.0,0.0,0.0,0.0,0.0,0.0,0.0,0.0,0.0,0.0,0.0,0.0,0.0,0.0,0.399,0.0117,0.0,0.0,0.0,0.0,0.0,0.0,0.0,0.0,0.0,0.0,0.07496876301541026,15.66847147022072,14.206580591420245,0.049979175343606845,0.0,0.0,0.0,0.0,0.0,0.0,0.0,0.0,0.0,0.0,0.0,0.0,0.0,0.0,0.0,0.0
67400,4652,2410,0.5180567497850387,1118,941,0.4426053310404127,1330,0.5717970765262252,0.426,3.0686886708296166,3.143705174364149,6.638036809815951,2.171545167806314,8377.998710232157,506.3694769670061,7853.0,8866.4,8866.399999999998,1.8189894035458565e-12,7853.0,0.0,28.455932932072226,21.003039774318953,33.34038216560509,19.224342646041784,0.13564058469475496,0.09866723989681857,0.088134135855546,0.08791917454858125,0.08297506448839209,0.07007738607050731,0.06986242476354257,0.06427343078245916,0.0616938950988822,0.05374032674118659,0.048366294067067925,0.040412725709372314,0.032889079965606194,0.026870163370593295,0.02106620808254514,0.009243336199484092,0.00816852966466036,0.8287383536403792,0.032755937087715854,0.0,0.0,0.0,0.0,0.0,0.0,0.0,0.0,0.0,0.0,0.0,0.0,0.0,0.0,0.0,0.0,0.0,0.0,0.0,0.0,0.019346517626827174,0.12252794496990545,0.6835769561478936,4.120808254514175,12.491401547721413,9.363714531384352,2.4957007738607055,0.5352536543422185,0.14187446259673261,0.025795356835769567,4.317236753856472,2.894865481136185,4.434782608695652,3.0406819452010194,1.027227104173562,4.33180026281209,2.863224713564737,4.306108897742364,2.9310223977721854,0.994069125187908,0.3984,0.01193,0.0,0.0,0.0,0.0,0.0,0.0,0.0,0.0,0.0,0.0,0.11607910576096304,16.534823731728263,13.278159931212384,0.07093723129836631,0.0,0.0,0.0,0.0,0.0,0.0,0.0,0.0,0.0,0.0,0.0,0.0,0.0,0.0,0.0,0.0,nan,nan,4.319022457067371,2.8971712338099995,nan,0.3984,0.0646,0.0,0.0,0.0,0.0,0.0,0.0,0.0,0.0,0.0,0.0,0.0,0.0,0.0,0.0,0.0,0.0,0.0,0.0013112639724849526,0.0,1.0748065348237317e-05,0.0,0.0,8.598452278589854e-05,0.002536543422184007,0.0016766981943250215,0.0049763542562338775,0.015831900257953568,0.0031921754084264834,0.012650472914875322,0.013617798796216682,0.032383920894239034,0.02351676698194325,0.0330932932072227,0.025225709372312985,0.015821152192605333,0.053267411865864145,0.0414445399828031,0.046410146173688736,0.0751719690455718,0.08964961306964746,0.0904987102321582,0.05293422184006879,0.06102751504729149,0.046571367153912295,0.0383061049011178,0.02833190025795357,0.017411865864144453,0.04553955288048151,0.02251719690455718,0.013714531384350817,0.020958727429062768,0.012467755803955288,0.0425408426483233,0.0019668959587274292,0.004041272570937231,8.598452278589854e-05,0.007792347377472055,0.00034393809114359415,0.0006018916595012897,0.000236457437661221,0.000236457437661221,0.0,0.0,0.0,0.0,0.0,0.0,0.0,0.0,0.0,0.0,0.0,0.0,0.0,0.0,0.0,0.0,0.0,0.0,0.0,0.0,0.0,0.0,0.0,0.0,0.0,0.0,0.0,0.0,0.0,0.0,0.0,0.0,0.0,0.0,0.0,0.0,0.0,0.0,0.0,0.0,nan,nan,4.319022457067371,2.8971712338099995,nan,0.828579808740695,0.032523549761889994,0.0,0.0,0.0,0.0,0.0,0.0,0.0,0.0,0.0,0.0,0.0,0.0,0.0,0.0,0.0,0.0,0.0,0.0,0.0,0.0,0.01244813278008299,0.1244813278008299,0.6597510373443985,3.995850622406627,12.771784232365148,9.273858921161827,2.502074688796681,0.4979253112033196,0.1244813278008299,0.03734439834024897,0.8289087788001647,0.0330030637903942,0.0,0.0,0.0,0.0,0.0,0.0,0.0,0.0,0.0,0.0,0.0,0.0,0.0,0.0,0.0,0.0,0.0,0.0,0.0,0.0,0.026761819803746662,0.12042818911685997,0.7091882247992866,4.255129348795705,12.190008920606605,9.460303300624444,2.488849241748439,0.5753791257805532,0.16057091882247995,0.013380909901873331,0.3984,0.01199,0.0,0.0,0.0,0.0,0.0,0.0,0.0,0.0,0.0,0.0,0.1244813278008299,16.655601659751014,13.145228215767638,0.07468879668049794,0.0,0.0,0.0,0.0,0.0,0.0,0.0,0.0,0.0,0.0,0.0,0.0,0.0,0.0,0.0,0.0,0.3987,0.01186,0.0,0.0,0.0,0.0,0.0,0.0,0.0,0.0,0.0,0.0,0.10704727921498665,16.404995539696678,13.42105263157895,0.06690454950936665,0.0,0.0,0.0,0.0,0.0,0.0,0.0,0.0,0.0,0.0,0.0,0.0,0.0,0.0,0.0,0.0
67500,4960,2539,0.5118951612903225,1186,1028,0.44637096774193546,1442,0.5814516129032258,0.39399999999999996,3.0053696819496074,3.1397920589646775,6.629842180774749,2.168808254176882,8371.754556451611,506.55658881190624,7853.0,8866.4,8866.399999999998,1.8189894035458565e-12,7853.0,0.0,28.122379032258063,20.787503593037044,32.892491060786654,19.047725728170107,0.1342741935483871,0.09879032258064516,0.09657258064516129,0.08588709677419355,0.08205645161290323,0.07338709677419354,0.06895161290322581,0.06028225806451613,0.06431451612903226,0.05221774193548387,0.05403225806451613,0.03649193548387097,0.031048387096774193,0.02661290322580645,0.020161290322580645,0.007056451612903226,0.007862903225806451,0.8288237474257908,0.03340845940874626,0.0,0.0,0.0,0.0,0.0,0.0,0.0,0.0,0.0,0.0,0.0,0.0,0.0,0.0,0.0,0.0,0.0,0.0,0.0,0.0,0.02419354838709678,0.06653225806451614,0.7500000000000002,4.324596774193536,12.006048387096778,9.665322580645162,2.4435483870967745,0.5020161290322581,0.13306451612903228,0.08467741935483873,4.309598494353827,2.902289273271064,3.6923076923076925,2.671346977566975,0.8567637326644534,4.336244541484716,2.912721274477631,4.273122284295469,2.8889895861047976,0.985443104837525,0.3982,0.01183,0.0,0.0,0.0,0.0,0.0,0.0,0.0,0.0,0.0,0.0,0.10887096774193551,16.59072580645159,13.26411290322581,0.036290322580645164,0.0,0.0,0.0,0.0,0.0,0.0,0.0,0.0,0.0,0.0,0.0,0.0,0.0,0.0,0.0,0.0,nan,nan,4.304604853764779,2.901021849032487,nan,0.3982,0.0646,0.0,0.0,0.0,0.0,0.0,0.0,0.0,0.0,0.0,0.0,0.0,0.0,0.0,0.0,0.0,0.0,0.0,0.001411290322580645,0.0,0.0,0.0,0.0,3.0241935483870968e-05,0.002318548387096774,0.0022076612903225807,0.0053931451612903225,0.016058467741935485,0.0029838709677419356,0.012641129032258065,0.015453629032258064,0.02971774193548387,0.023346774193548386,0.031129032258064515,0.02685483870967742,0.016995967741935483,0.05504032258064516,0.04401209677419355,0.044274193548387096,0.07233870967741936,0.08951612903225807,0.09005040322580646,0.050866935483870966,0.06277217741935484,0.047620967741935485,0.04132056451612903,0.0272883064516129,0.017651209677419354,0.04578629032258064,0.021653225806451612,0.01341733870967742,0.020010080645161292,0.011955645161290322,0.042631048387096776,0.002540322580645161,0.003719758064516129,2.0161290322580645e-05,0.007530241935483871,0.00023185483870967743,0.0007157258064516129,0.00023185483870967743,0.0002620967741935484,0.0,0.0,0.0,0.0,0.0,0.0,0.0,0.0,0.0,0.0,0.0,0.0,0.0,0.0,0.0,0.0,0.0,0.0,0.0,0.0,0.0,0.0,0.0,0.0,0.0,0.0,0.0,0.0,0.0,0.0,0.0,0.0,0.0,0.0,0.0,0.0,0.0,0.0,0.0,0.0,nan,nan,4.304604853764779,2.901021849032487,nan,0.8288838025057771,0.03299267064769718,0.0,0.0,0.0,0.0,0.0,0.0,0.0,0.0,0.0,0.0,0.0,0.0,0.0,0.0,0.0,0.0,0.0,0.0,0.0,0.0,0.0,0.07089405277668374,0.7443875541551794,4.395431272154378,12.051988972036238,9.523434423001182,2.5403702244978343,0.47262701851122496,0.11815675462780624,0.08270972823946438,0.8287607652497951,0.03383891125306701,0.0,0.0,0.0,0.0,0.0,0.0,0.0,0.0,0.0,0.0,0.0,0.0,0.0,0.0,0.0,0.0,0.0,0.0,0.0,0.0,0.04956629491945478,0.06195786864931847,0.7558859975216854,4.250309789343233,11.957868649318467,9.814126394052046,2.342007434944238,0.5328376703841389,0.14869888475836435,0.08674101610904587,0.398,0.01188,0.0,0.0,0.0,0.0,0.0,0.0,0.0,0.0,0.0,0.0,0.11815675462780624,16.896415911776263,12.949980307207564,0.03544702638834187,0.0,0.0,0.0,0.0,0.0,0.0,0.0,0.0,0.0,0.0,0.0,0.0,0.0,0.0,0.0,0.0,0.3984,0.01179,0.0,0.0,0.0,0.0,0.0,0.0,0.0,0.0,0.0,0.0,0.09913258983890956,16.270136307311006,13.593556381660473,0.03717472118959109,0.0,0.0,0.0,0.0,0.0,0.0,0.0,0.0,0.0,0.0,0.0,0.0,0.0,0.0,0.0,0.0
67600,4710,2401,0.5097664543524416,1125,992,0.4494692144373673,1342,0.5698513800424628,0.41,2.9510610653962757,3.091744963756506,6.6302652106084246,2.154476113666411,8369.597324840766,506.6033290070212,7853.0,8866.4,8866.4,0.0,7853.0,0.0,27.945010615711254,20.975381170158336,32.86811520970187,19.265210787192366,0.1386411889596603,0.09957537154989385,0.0970276008492569,0.08747346072186836,0.081104033970276,0.07537154989384288,0.06772823779193206,0.06072186836518047,0.06072186836518047,0.04904458598726115,0.04394904458598726,0.040552016985138,0.034394904458598725,0.027388535031847135,0.01762208067940552,0.012101910828025478,0.0065817409766454355,0.8280209306825245,0.03298864140918127,0.0,0.0,0.0,0.0,0.0,0.0,0.0,0.0,0.0,0.0,0.0,0.0,0.0,0.0,0.0,0.0,0.0,0.0,0.0,0.006369426751592358,0.019108280254777073,0.1210191082802548,0.9745222929936308,4.095541401273873,12.044585987261149,9.592356687898091,2.5605095541401277,0.515923566878981,0.03184713375796179,0.038216560509554146,4.247078464106845,2.8255430394823087,4.142857142857143,2.9404520916691297,0.9754604672057503,4.233766233766234,2.802346437495364,4.257849031396126,2.852470278425234,1.0056882681518455,0.3984,0.01161,0.0,0.0,0.0,0.0,0.0,0.0,0.0,0.0,0.0,0.0,0.07643312101910829,16.152866242038193,13.732484076433124,0.038216560509554146,0.0,0.0,0.0,0.0,0.0,0.0,0.0,0.0,0.0,0.0,0.0,0.0,0.0,0.0,0.0,0.0,nan,nan,4.245637141916365,2.8271902144071204,nan,0.3984,0.0648,0.0,0.0,0.0,0.0,0.0,0.0,0.0,0.0,0.0,0.0,0.0,0.0,0.0,0.0,0.0,0.0,0.0,0.00148619957537155,1.0615711252653929e-05,0.0,1.0615711252653929e-05,0.0,0.00016985138004246286,0.001932059447983015,0.0023885350318471337,0.005456475583864119,0.016390658174097666,0.0022717622080679406,0.012261146496815287,0.016549893842887475,0.029607218683651803,0.02272823779193206,0.03067940552016985,0.02807855626326964,0.01886411889596603,0.05069002123142251,0.0464968152866242,0.04353503184713376,0.0726963906581741,0.08496815286624204,0.09130573248407643,0.04888535031847134,0.06337579617834395,0.04953290870488323,0.04209129511677282,0.02826963906581741,0.01900212314225053,0.04428874734607219,0.02253715498938429,0.012452229299363057,0.01872611464968153,0.011772823779193206,0.04491507430997877,0.002515923566878981,0.002791932059447983,0.00010615711252653928,0.00861995753715499,0.00027600849256900214,0.0007112526539278132,0.00025477707006369424,0.00029723991507431,0.0,0.0,0.0,0.0,0.0,0.0,0.0,0.0,0.0,0.0,0.0,0.0,0.0,0.0,0.0,0.0,0.0,0.0,0.0,0.0,0.0,0.0,0.0,0.0,0.0,0.0,0.0,0.0,0.0,0.0,0.0,0.0,0.0,0.0,0.0,0.0,0.0,0.0,0.0,0.0,nan,nan,4.245637141916365,2.8271902144071204,nan,0.8283082096837849,0.032888544984048876,0.0,0.0,0.0,0.0,0.0,0.0,0.0,0.0,0.0,0.0,0.0,0.0,0.0,0.0,0.0,0.0,0.0,0.0,0.0,0.012494793835901711,0.024989587671803423,0.1249479383590171,0.8746355685131197,4.060807996668042,12.082465639316954,9.533527696793005,2.6613910870470643,0.562265722615577,0.03748438150770513,0.024989587671803423,0.8277222053113568,0.03308975994544831,0.0,0.0,0.0,0.0,0.0,0.0,0.0,0.0,0.0,0.0,0.0,0.0,0.0,0.0,0.0,0.0,0.0,0.0,0.0,0.0,0.012992637505413601,0.11693373754872241,1.078388912949329,4.131658726721512,12.005197055002169,9.653529666522306,2.4556084885231706,0.46773495019488964,0.025985275010827202,0.051970550021654405,0.3984,0.011665,0.0,0.0,0.0,0.0,0.0,0.0,0.0,0.0,0.0,0.0,0.06247396917950855,16.2932111620158,13.619325281132864,0.024989587671803423,0.0,0.0,0.0,0.0,0.0,0.0,0.0,0.0,0.0,0.0,0.0,0.0,0.0,0.0,0.0,0.0,0.3984,0.01154,0.0,0.0,0.0,0.0,0.0,0.0,0.0,0.0,0.0,0.0,0.09094846253789522,16.00692940666953,13.8501515807709,0.051970550021654405,0.0,0.0,0.0,0.0,0.0,0.0,0.0,0.0,0.0,0.0,0.0,0.0,0.0,0.0,0.0,0.0
67700,4842,2453,0.5066088393225939,1121,1006,0.4392812887236679,1399,0.5778603882693102,0.40599999999999997,2.8991209711176222,3.038244309862598,6.48159057437408,2.052162149477036,8366.397397769517,506.6557360408709,7853.0,8866.4,8866.399999999998,1.8189894035458565e-12,7853.0,0.0,27.52147872779843,20.738713338589047,32.60936338865494,18.961252526279686,0.1449814126394052,0.1036761668731929,0.09004543577034284,0.09190417182982238,0.07971912432878976,0.07311028500619579,0.06381660470879802,0.06154481619165634,0.05720776538620405,0.05514250309789343,0.04770755885997522,0.044403139198678235,0.03180503923998348,0.023337463857909954,0.018174308137133416,0.007641470466749277,0.0057827344072697235,0.830237335690483,0.03496753177168056,0.0,0.0,0.0,0.0,0.0,0.0,0.0,0.0,0.0,0.0,0.0,0.0,0.0,0.0,0.0,0.0,0.0,0.0,0.0,0.0061957868649318475,0.030978934324659237,0.16109045848822806,0.9231722428748453,3.8166047087980055,11.294919454770758,10.303593556381664,2.577447335811649,0.6133828996282529,0.19826517967781912,0.07434944237918217,4.336949375410914,2.8476334159667354,4.069767441860465,2.7142633489239874,0.9383940391222266,4.357692307692307,2.8618184657602708,4.308196721311475,2.8294873011784722,0.9886417895330836,0.3987,0.01159,0.0,0.0,0.0,0.0,0.0,0.0,0.0,0.0,0.0,0.0,0.07434944237918217,16.38785625774471,13.457249070631974,0.08054522924411403,0.0,0.0,0.0,0.0,0.0,0.0,0.0,0.0,0.0,0.0,0.0,0.0,0.0,0.0,0.0,0.0,nan,nan,4.33322528363047,2.8459897805390764,nan,0.3987,0.065,0.0,0.0,0.0,0.0,0.0,0.0,0.0,0.0,0.0,0.0,0.0,0.0,0.0,0.0,0.0,0.0,0.0,0.0012907889301941346,0.0,0.0,4.130524576621231e-05,0.0,8.261049153242462e-05,0.0014250309789343248,0.0019206939281288724,0.005431639818256918,0.01637752994630318,0.0015386204047914086,0.012969847170590664,0.016047087980173482,0.03133002891367204,0.022728211482858324,0.03225939694341182,0.029078893019413465,0.019382486575795128,0.049979347377116894,0.04443411813300289,0.043071045022717885,0.07240809582817018,0.0847480380008261,0.0907372986369269,0.051817430813713344,0.06308343659644775,0.04768690623709211,0.042565055762081784,0.027023957042544403,0.017823213548120612,0.04619991738950847,0.022841800908715407,0.011534489880214787,0.018494423791821563,0.011327963651383726,0.04504337050805452,0.002426683188764973,0.0024783147459727386,5.163155720776539e-05,0.010429574555968608,0.0005163155720776538,0.0007641470466749277,0.00023750516315572078,0.0003717472118959108,0.0,0.0,0.0,0.0,0.0,0.0,0.0,0.0,0.0,0.0,0.0,0.0,0.0,0.0,0.0,0.0,0.0,0.0,0.0,0.0,0.0,0.0,0.0,0.0,0.0,0.0,0.0,0.0,0.0,0.0,0.0,0.0,0.0,0.0,0.0,0.0,0.0,0.0,0.0,0.0,nan,nan,4.33322528363047,2.8459897805390764,nan,0.8307802032024774,0.034334257987782196,0.0,0.0,0.0,0.0,0.0,0.0,0.0,0.0,0.0,0.0,0.0,0.0,0.0,0.0,0.0,0.0,0.0,0.0,0.0,0.0,0.024459845087647786,0.1345291479820628,0.8560945780676724,3.7423562984100984,11.434977578475339,10.236445169180598,2.7884223399918473,0.4647370566653079,0.24459845087647783,0.07337953526294334,0.8296799250555218,0.03559743933118284,0.0,0.0,0.0,0.0,0.0,0.0,0.0,0.0,0.0,0.0,0.0,0.0,0.0,0.0,0.0,0.0,0.0,0.0,0.0,0.012557555462536629,0.03767266638760988,0.18836333193804944,0.9920468815403937,3.892842193386342,11.151109250732526,10.372540812055256,2.360820426956886,0.7660108832147344,0.15069066555043953,0.07534533277521976,0.399,0.01169,0.0,0.0,0.0,0.0,0.0,0.0,0.0,0.0,0.0,0.0,0.08560945780676725,16.216877293110453,13.624133713819816,0.07337953526294334,0.0,0.0,0.0,0.0,0.0,0.0,0.0,0.0,0.0,0.0,0.0,0.0,0.0,0.0,0.0,0.0,0.3984,0.011475,0.0,0.0,0.0,0.0,0.0,0.0,0.0,0.0,0.0,0.0,0.06278777731268315,16.563415655085784,13.285893679363754,0.08790288823775641,0.0,0.0,0.0,0.0,0.0,0.0,0.0,0.0,0.0,0.0,0.0,0.0,0.0,0.0,0.0,0.0
67800,4824,2478,0.513681592039801,1132,989,0.43967661691542287,1376,0.5704809286898839,0.40199999999999997,3.004688832054561,3.1064482356221417,6.538116591928251,2.1994285257582313,8373.564925373135,506.51027022598197,7853.0,8866.4,8866.399999999998,1.8189894035458565e-12,7853.0,0.0,27.95294361525705,20.83918484092648,32.84224796647769,19.115782031517735,0.13805970149253732,0.1011608623548922,0.09286898839137644,0.08623548922056384,0.08271144278606965,0.07441956882255389,0.0708955223880597,0.06115257048092869,0.05472636815920398,0.05638474295190713,0.04767827529021559,0.04228855721393035,0.03109452736318408,0.024875621890547265,0.01616915422885572,0.01285240464344942,0.00642620232172471,0.8291164497114335,0.03465243276018899,0.0,0.0,0.0,0.0,0.0,0.0,0.0,0.0,0.0,0.0,0.0,0.0,0.0,0.0,0.0,0.0,0.0,0.0,0.0,0.006218905472636817,0.02487562189054727,0.16791044776119407,0.8644278606965176,4.036069651741281,11.784825870646769,9.589552238805972,2.692786069651742,0.7027363184079604,0.08706467661691544,0.04353233830845772,4.3627998685507725,2.857180388363042,4.512820512820513,2.7999248604551172,1.034386322726184,4.36716224951519,2.8683066141466096,4.362214983713355,2.8445740645139,0.9988671669337716,0.3994,0.011765,0.0,0.0,0.0,0.0,0.0,0.0,0.0,0.0,0.0,0.0,0.04975124378109454,15.746268656716394,14.14800995024876,0.05597014925373135,0.0,0.0,0.0,0.0,0.0,0.0,0.0,0.0,0.0,0.0,0.0,0.0,0.0,0.0,0.0,0.0,nan,nan,4.3646982478909795,2.8565122592545316,nan,0.3994,0.06525,0.0,0.0,0.0,0.0,0.0,0.0,0.0,0.0,0.0,0.0,0.0,0.0,0.0,0.0,0.0,0.0,0.0,0.0010986733001658374,0.0,1.0364842454394693e-05,2.0729684908789386e-05,7.255389718076285e-05,0.0002487562189054726,0.00152363184079602,0.0019174958540630182,0.004995854063018242,0.014572968490878939,0.00152363184079602,0.012728026533996684,0.017101990049751242,0.032317578772802655,0.02387023217247098,0.031488391376451076,0.030607379767827528,0.018895107794361526,0.05207296849087894,0.04212271973466003,0.0439572968490879,0.06891583747927031,0.08133291873963516,0.08857794361525705,0.05189676616915423,0.06127694859038143,0.05125414593698176,0.041086235489220566,0.029145936981757877,0.01802446102819237,0.04674543946932007,0.02376658374792703,0.01197139303482587,0.018625621890547263,0.01431384742951907,0.044579187396351576,0.0026119402985074628,0.0029228855721393034,6.218905472636816e-05,0.01033374792703151,0.00020729684908789387,0.0007359038142620233,0.00025912106135986734,0.00020729684908789387,0.0,0.0,0.0,0.0,0.0,0.0,0.0,0.0,0.0,0.0,0.0,0.0,0.0,0.0,0.0,0.0,0.0,0.0,0.0,0.0,0.0,0.0,0.0,0.0,0.0,0.0,0.0,0.0,0.0,0.0,0.0,0.0,0.0,0.0,0.0,0.0,0.0,0.0,0.0,0.0,nan,nan,4.3646982478909795,2.8565122592545316,nan,0.8289614388834958,0.035724233696489784,0.0,0.0,0.0,0.0,0.0,0.0,0.0,0.0,0.0,0.0,0.0,0.0,0.0,0.0,0.0,0.0,0.0,0.0,0.0,0.012106537530266347,0.024213075060532694,0.23002421307506057,0.8232445520581115,3.9467312348668155,12.13075060532688,9.140435835351091,2.711864406779662,0.7990314769975789,0.12106537530266347,0.06053268765133173,0.8292801823762371,0.03348230875851699,0.0,0.0,0.0,0.0,0.0,0.0,0.0,0.0,0.0,0.0,0.0,0.0,0.0,0.0,0.0,0.0,0.0,0.0,0.0,0.0,0.025575447570332487,0.10230179028132995,0.9079283887468033,4.130434782608683,11.419437340153456,10.063938618925834,2.672634271099745,0.6010230179028134,0.051150895140664975,0.025575447570332487,0.3992,0.01186,0.0,0.0,0.0,0.0,0.0,0.0,0.0,0.0,0.0,0.0,0.04842615012106539,16.004842615012084,13.861985472154966,0.08474576271186443,0.0,0.0,0.0,0.0,0.0,0.0,0.0,0.0,0.0,0.0,0.0,0.0,0.0,0.0,0.0,0.0,0.3997,0.01165,0.0,0.0,0.0,0.0,0.0,0.0,0.0,0.0,0.0,0.0,0.051150895140664975,15.47314578005113,14.450127877237854,0.025575447570332487,0.0,0.0,0.0,0.0,0.0,0.0,0.0,0.0,0.0,0.0,0.0,0.0,0.0,0.0,0.0,0.0
67900,4730,2438,0.5154334038054968,1153,981,0.4511627906976744,1331,0.5627906976744186,0.41,2.972949389179756,3.0416195957625685,6.360730593607306,2.163593482368708,8375.340211416491,506.45856077950475,7853.0,8866.4,8866.399999999998,1.8189894035458565e-12,7853.0,0.0,28.538266384778012,21.112632480852167,33.60765550239235,19.24020599910824,0.13953488372093023,0.09365750528541227,0.08985200845665962,0.08350951374207188,0.07780126849894292,0.07695560253699789,0.06976744186046512,0.06871035940803383,0.06025369978858351,0.05116279069767442,0.04693446088794926,0.039746300211416494,0.036575052854122624,0.027061310782241013,0.0200845665961945,0.009725158562367865,0.008668076109936576,0.8271859548938703,0.03265352249199306,0.0,0.0,0.0,0.0,0.0,0.0,0.0,0.0,0.0,0.0,0.0,0.0,0.0,0.0,0.0,0.0,0.0,0.0,0.0,0.019027484143763217,0.012684989429175479,0.1775898520084567,0.7420718816067655,4.230443974630008,12.608879492600426,9.336152219873151,2.3150105708245245,0.42494714587737853,0.10147991543340383,0.031712473572938694,4.206749672346002,2.857501506792313,4.1020408163265305,2.727373693434794,0.9751093209306466,4.227735368956743,2.845968392800645,4.181818181818182,2.8651230996870045,0.9891390583536234,0.3997,0.01168,0.0,0.0,0.0,0.0,0.0,0.0,0.0,0.0,0.0,0.0,0.057082452431289656,15.16490486257926,14.689217758985205,0.08879492600422835,0.0,0.0,0.0,0.0,0.0,0.0,0.0,0.0,0.0,0.0,0.0,0.0,0.0,0.0,0.0,0.0,nan,nan,4.2050951306030315,2.85552127861683,nan,0.3997,0.0652,0.0,0.0,0.0,0.0,0.0,0.0,0.0,0.0,0.0,0.0,0.0,0.0,0.0,0.0,0.0,0.0,0.0,0.0013424947145877378,3.171247357293869e-05,0.0,0.0,1.0570824524312896e-05,0.0002748414376321353,0.001522198731501057,0.001448202959830867,0.00412262156448203,0.01653276955602537,0.0015010570824524313,0.011067653276955603,0.0159830866807611,0.03271670190274841,0.022949260042283297,0.03133192389006342,0.03208245243128964,0.019397463002114163,0.050993657505285415,0.041035940803382666,0.04505285412262156,0.06774841437632136,0.07904862579281184,0.0893446088794926,0.051902748414376323,0.06387949260042283,0.05258985200845666,0.040063424947145876,0.030243128964059198,0.01919661733615222,0.04692389006342495,0.023372093023255814,0.011680761099365751,0.01850951374207188,0.013139534883720931,0.04390063424947146,0.003372093023255814,0.003572938689217759,6.342494714587737e-05,0.010454545454545454,0.0002536997885835095,0.0009725158562367865,0.00020084566596194502,0.00016913319238900633,0.0,0.0,0.0,0.0,0.0,0.0,0.0,0.0,0.0,0.0,0.0,0.0,0.0,0.0,0.0,0.0,0.0,0.0,0.0,0.0,0.0,0.0,0.0,0.0,0.0,0.0,0.0,0.0,0.0,0.0,0.0,0.0,0.0,0.0,0.0,0.0,0.0,0.0,0.0,0.0,nan,nan,4.2050951306030315,2.85552127861683,nan,0.8258928593257296,0.03213786527241376,0.0,0.0,0.0,0.0,0.0,0.0,0.0,0.0,0.0,0.0,0.0,0.0,0.0,0.0,0.0,0.0,0.0,0.0,0.0,0.012305168170631669,0.012305168170631669,0.20918785890073835,0.7260049220672684,4.46677604593928,12.748154224774408,9.167350287120593,2.1657095980311736,0.3937653814602134,0.06152584085315834,0.036915504511895,0.8285614204240302,0.03313789952186531,0.0,0.0,0.0,0.0,0.0,0.0,0.0,0.0,0.0,0.0,0.0,0.0,0.0,0.0,0.0,0.0,0.0,0.0,0.0,0.026178010471204195,0.013089005235602098,0.14397905759162305,0.7591623036649217,3.979057591623024,12.460732984293196,9.515706806282724,2.4738219895287963,0.4581151832460734,0.14397905759162305,0.026178010471204195,0.3994,0.0119,0.0,0.0,0.0,0.0,0.0,0.0,0.0,0.0,0.0,0.0,0.049220672682526674,15.430680885972087,14.458572600492209,0.06152584085315834,0.0,0.0,0.0,0.0,0.0,0.0,0.0,0.0,0.0,0.0,0.0,0.0,0.0,0.0,0.0,0.0,0.4,0.01143,0.0,0.0,0.0,0.0,0.0,0.0,0.0,0.0,0.0,0.0,0.06544502617801048,14.882198952879559,14.934554973821992,0.11780104712041888,0.0,0.0,0.0,0.0,0.0,0.0,0.0,0.0,0.0,0.0,0.0,0.0,0.0,0.0,0.0,0.0
68000,4785,2483,0.5189132706374086,1159,990,0.44911180773249737,1355,0.5663531870428422,0.426,3.0286707211120762,3.0985905074895777,6.638330757341577,2.115435799101558,8378.866708463951,506.3373650903692,7853.0,8866.4,8866.4,0.0,7853.0,0.0,27.860188087774294,20.74043932948596,32.938765308672835,18.879231791227618,0.14357366771159874,0.09571577847439916,0.09404388714733543,0.07983281086729363,0.08296760710553815,0.07795193312434692,0.07460815047021943,0.06206896551724138,0.05517241379310345,0.051619644723093,0.04472309299895507,0.05308254963427377,0.027795193312434692,0.02466039707419018,0.01734587251828631,0.00961337513061651,0.00522466039707419,0.8272970068915635,0.032791857230749094,0.0,0.0,0.0,0.0,0.0,0.0,0.0,0.0,0.0,0.0,0.0,0.0,0.0,0.0,0.0,0.0,0.0,0.0,0.0,0.0,0.0,0.1504702194357367,0.8777429467084641,4.319749216300926,12.056426332288405,9.69278996865204,2.3009404388714736,0.45768025078369917,0.13793103448275865,0.00626959247648903,4.316530278232406,2.8898442423410255,4.75,3.253843880704789,1.1004208690376887,4.396866840731071,2.882003328576142,4.250320102432778,2.9066928860645165,0.9666701895675498,0.4001,0.01173,0.0,0.0,0.0,0.0,0.0,0.0,0.0,0.0,0.0,0.0,0.07523510971786836,14.840125391849508,14.971786833855802,0.11285266457680253,0.0,0.0,0.0,0.0,0.0,0.0,0.0,0.0,0.0,0.0,0.0,0.0,0.0,0.0,0.0,0.0,nan,nan,4.322132471728595,2.8952545389193305,nan,0.4001,0.06506,0.0,0.0,0.0,0.0,0.0,0.0,0.0,0.0,0.0,0.0,0.0,0.0,0.0,0.0,0.0,0.0,0.0,0.0013061650992685476,0.0,0.0,0.0,1.044932079414838e-05,0.00012539184952978057,0.001400208986415883,0.0013375130616509927,0.003814002089864159,0.01617554858934169,0.0013270637408568443,0.010741901776384535,0.01683385579937304,0.03292580982236155,0.02187042842215256,0.030417972831765935,0.03084639498432602,0.020919540229885056,0.05241379310344828,0.04124346917450366,0.04422152560083595,0.06938349007314525,0.07992685475444096,0.08784743991640544,0.05155694879832811,0.062476489028213164,0.051462904911180773,0.039320794148380356,0.033124346917450365,0.018756530825496342,0.045987460815047024,0.024075235109717867,0.011536050156739811,0.02078369905956113,0.012758620689655173,0.043437826541274815,0.003343782654127482,0.004231974921630094,0.0001044932079414838,0.01044932079414838,0.0004179728317659352,0.000658307210031348,0.0002716823406478579,0.0001044932079414838,5.22466039707419e-05,0.0,0.0,0.0,0.0,0.0,0.0,0.0,0.0,0.0,0.0,0.0,0.0,0.0,0.0,0.0,0.0,0.0,0.0,0.0,0.0,0.0,0.0,0.0,0.0,0.0,0.0,0.0,0.0,0.0,0.0,0.0,0.0,0.0,0.0,0.0,0.0,0.0,0.0,0.0,nan,nan,4.322132471728595,2.8952545389193305,nan,0.8269561426897851,0.032524925382468206,0.0,0.0,0.0,0.0,0.0,0.0,0.0,0.0,0.0,0.0,0.0,0.0,0.0,0.0,0.0,0.0,0.0,0.0,0.0,0.0,0.0,0.16915022150624248,0.8578332662102297,4.192509061618996,12.372130487313736,9.60531614981877,2.1385420861860656,0.531614981876762,0.1208215867901732,0.01208215867901732,0.8276646723185903,0.03307342445409108,0.0,0.0,0.0,0.0,0.0,0.0,0.0,0.0,0.0,0.0,0.0,0.0,0.0,0.0,0.0,0.0,0.0,0.0,0.0,0.0,0.0,0.13032145960034755,0.8992180712423982,4.456993918331871,11.715899218071245,9.787141615986101,2.476107732406603,0.3779322328410079,0.15638575152041706,0.0,0.4,0.01173,0.0,0.0,0.0,0.0,0.0,0.0,0.0,0.0,0.0,0.0,0.10873942811115589,15.2960128876359,14.52275473217882,0.07249295207410392,0.0,0.0,0.0,0.0,0.0,0.0,0.0,0.0,0.0,0.0,0.0,0.0,0.0,0.0,0.0,0.0,0.4004,0.01171,0.0,0.0,0.0,0.0,0.0,0.0,0.0,0.0,0.0,0.0,0.039096437880104265,14.34839270199824,15.456125108601219,0.15638575152041706,0.0,0.0,0.0,0.0,0.0,0.0,0.0,0.0,0.0,0.0,0.0,0.0,0.0,0.0,0.0,0.0
68100,4844,2601,0.536952931461602,1250,986,0.46160198183319573,1333,0.5503715937241949,0.434,3.0298707088720462,3.0726816568997264,6.505546751188589,2.098120276515146,8397.148100743187,505.3142880927947,7853.0,8866.4,8866.4,0.0,7853.0,0.0,28.12840627580512,20.82049490555872,33.1691701551342,18.955038106377906,0.14182493806771262,0.09785301403798513,0.08298926507018993,0.08546655656482247,0.08464079273327828,0.07741535920726672,0.06771263418662263,0.06771263418662263,0.06090008257638316,0.05635838150289017,0.0439719240297275,0.037985136251032205,0.0342691990090834,0.026630883567299753,0.015895953757225433,0.011354252683732453,0.007018992568125516,0.8263105628142959,0.03418120834757076,0.0,0.0,0.0,0.0,0.0,0.0,0.0,0.0,0.0,0.0,0.0,0.0,0.0,0.0,0.0,0.0,0.0,0.0,0.0,0.0,0.030966143682906695,0.21676300578034688,0.8856317093311314,4.496284062758037,12.491742361684562,9.011147811725849,2.124277456647399,0.4954582989265071,0.2229562345169282,0.02477291494632536,4.197224015493867,2.86710693404523,4.456140350877193,3.095385220697443,1.0616875188047021,4.2273299748110835,2.8612909796030768,4.176132737715379,2.8817790546315623,0.9878889896457652,0.4004,0.01147,0.0,0.0,0.0,0.0,0.0,0.0,0.0,0.0,0.0,0.0,0.05573905862923205,14.504541701073473,15.365400495458301,0.07431874483897606,0.0,0.0,0.0,0.0,0.0,0.0,0.0,0.0,0.0,0.0,0.0,0.0,0.0,0.0,0.0,0.0,nan,nan,4.201901743264659,2.8715991993694843,nan,0.4004,0.0653,0.0,0.0,0.0,0.0,0.0,0.0,0.0,0.0,0.0,0.0,0.0,0.0,0.0,0.0,0.0,0.0,0.0,0.0010115606936416184,0.0,0.0,0.0,0.0,9.289843104872006e-05,0.001486374896779521,0.0012489677952105698,0.0032927332782824114,0.01773327828241123,0.0010012386457473163,0.010445912469033857,0.016473988439306357,0.03457886044591247,0.02231626754748142,0.029562345169281586,0.029324938067712636,0.02199628406275805,0.05273534269199009,0.041649463253509496,0.04552023121387283,0.06640173410404625,0.07527869529314617,0.08686003303055326,0.05306564822460776,0.06472956234516929,0.05104252683732453,0.0384186622625929,0.03310280759702725,0.019704789430222955,0.047006606110652355,0.025722543352601157,0.010662675474814204,0.020912469033856317,0.011829066886870356,0.04393063583815029,0.0033443435177539223,0.005006193228736582,0.00035094962840627583,0.010383980181668043,0.0004851362510322048,0.0007018992568125517,0.00047481420313790255,0.00011354252683732453,0.0,0.0,0.0,0.0,0.0,0.0,0.0,0.0,0.0,0.0,0.0,0.0,0.0,0.0,0.0,0.0,0.0,0.0,0.0,0.0,0.0,0.0,0.0,0.0,0.0,0.0,0.0,0.0,0.0,0.0,0.0,0.0,0.0,0.0,0.0,0.0,0.0,0.0,0.0,0.0,nan,nan,4.201901743264659,2.8715991993694843,nan,0.8259006898845905,0.034563632123657,0.0,0.0,0.0,0.0,0.0,0.0,0.0,0.0,0.0,0.0,0.0,0.0,0.0,0.0,0.0,0.0,0.0,0.0,0.0,0.0,0.04613610149942331,0.2076124567474049,1.0265282583621687,4.325259515570921,12.675893886966554,8.985005767012689,2.0530565167243373,0.40369088811995396,0.24221453287197237,0.03460207612456748,0.8267858546066114,0.03372608188812029,0.0,0.0,0.0,0.0,0.0,0.0,0.0,0.0,0.0,0.0,0.0,0.0,0.0,0.0,0.0,0.0,0.0,0.0,0.0,0.0,0.01337494427106554,0.2273740526081142,0.7222469906375392,4.694605439143989,12.278198840838167,9.041462327240305,2.206865804725814,0.6018724921979492,0.2006241640659831,0.01337494427106554,0.4004,0.01146,0.0,0.0,0.0,0.0,0.0,0.0,0.0,0.0,0.0,0.0,0.05767012687427914,14.39446366782005,15.490196078431376,0.05767012687427914,0.0,0.0,0.0,0.0,0.0,0.0,0.0,0.0,0.0,0.0,0.0,0.0,0.0,0.0,0.0,0.0,0.4004,0.011475,0.0,0.0,0.0,0.0,0.0,0.0,0.0,0.0,0.0,0.0,0.05349977708426216,14.632189032545675,15.220686580472584,0.09362460989745879,0.0,0.0,0.0,0.0,0.0,0.0,0.0,0.0,0.0,0.0,0.0,0.0,0.0,0.0,0.0,0.0
68200,4897,2562,0.523177455585052,1185,980,0.4421074127016541,1321,0.5395139881560139,0.442,3.0137044967880087,3.1698230117036217,6.888178913738019,2.145718868630637,8383.18803348989,506.1553143875677,7853.0,8866.4,8866.4,0.0,7853.0,0.0,27.628752297324894,20.946546864375076,32.657624633431084,19.25133027935444,0.1433530733101899,0.10026546865427813,0.09740657545435981,0.08678782928323463,0.08209107616908311,0.07412701654073922,0.07147232999795794,0.060240963855421686,0.058403103941188486,0.04717173779865223,0.04247498468450071,0.043087604655911785,0.032060445170512555,0.022258525627935472,0.018787012456606085,0.01225239942822136,0.007759852971206862,0.8240872810197066,0.03437125794953378,0.0,0.0,0.0,0.0,0.0,0.0,0.0,0.0,0.0,0.0,0.0,0.0,0.0,0.0,0.0,0.0,0.0,0.0,0.0,0.0,0.049009597712885454,0.26955278742086997,1.0720849499693692,4.809066775576869,12.521952215642234,8.644067796610171,2.0400245047988568,0.4594649785583011,0.08576679599754955,0.049009597712885454,4.276923076923077,2.905929548198136,4.529411764705882,3.1829998255220433,1.0590351248413035,4.23062381852552,2.8894340341045166,4.338110749185668,2.934854070938118,1.0254068750309286,0.4001,0.011604,0.0,0.0,0.0,0.0,0.0,0.0,0.0,0.0,0.0,0.0,0.06126199714110681,14.531345721870512,15.340004084133145,0.06738819685521749,0.0,0.0,0.0,0.0,0.0,0.0,0.0,0.0,0.0,0.0,0.0,0.0,0.0,0.0,0.0,0.0,nan,nan,4.282420749279539,2.9124763311460944,nan,0.4001,0.06525,0.0,0.0,0.0,0.0,0.0,0.0,0.0,0.0,0.0,0.0,0.0,0.0,0.0,0.0,0.0,0.0,0.0,0.0009393506228303043,0.0,0.0,0.0,0.0,0.00013273432713906475,0.0015723912599550746,0.0008678782928323464,0.003930978149887686,0.01746987951807229,0.0012354502756789872,0.010567694506840922,0.017183990198080458,0.03391872575045946,0.02360628956503982,0.028180518684909128,0.027966101694915254,0.02314682458648152,0.04977537267714927,0.040861752093118237,0.04666122115580968,0.06775576883806413,0.0779558913620584,0.08825811721462119,0.05665713702266694,0.06568307126812334,0.04825403308147846,0.036369205636103734,0.033469471104758015,0.019491525423728815,0.04444557892587298,0.024463957525015314,0.01107821114968348,0.02053297937512763,0.01135389013681846,0.0450275678987135,0.0032570961813355114,0.006146620379824382,0.000306309985705534,0.009587502552583215,0.00046967531141515215,0.0006943026342658771,0.0007045129671227282,1.0210332856851133e-05,0.0,1.0210332856851133e-05,0.0,0.0,0.0,0.0,0.0,0.0,0.0,0.0,0.0,0.0,0.0,0.0,0.0,0.0,0.0,0.0,0.0,0.0,0.0,0.0,0.0,0.0,0.0,0.0,0.0,0.0,0.0,0.0,0.0,0.0,0.0,0.0,0.0,0.0,0.0,0.0,0.0,0.0,nan,nan,4.282420749279539,2.9124763311460944,nan,0.8235193873224177,0.03445733974110272,0.0,0.0,0.0,0.0,0.0,0.0,0.0,0.0,0.0,0.0,0.0,0.0,0.0,0.0,0.0,0.0,0.0,0.0,0.0,0.0,0.04683840749414521,0.24590163934426235,1.1826697892271665,4.859484777517549,12.646370023419207,8.255269320843093,2.1545667447306793,0.503512880562061,0.08196721311475412,0.023419203747072605,0.8247103832263252,0.034265731806342445,0.0,0.0,0.0,0.0,0.0,0.0,0.0,0.0,0.0,0.0,0.0,0.0,0.0,0.0,0.0,0.0,0.0,0.0,0.0,0.0,0.05139186295503213,0.29550321199143476,0.9507494646680944,4.753747323340456,12.385438972162744,9.07066381156317,1.914346895074947,0.41113490364025707,0.08993576017130624,0.07708779443254819,0.4004,0.01145,0.0,0.0,0.0,0.0,0.0,0.0,0.0,0.0,0.0,0.0,0.07025761124121781,14.648711943793892,15.222482435597193,0.05854800936768151,0.0,0.0,0.0,0.0,0.0,0.0,0.0,0.0,0.0,0.0,0.0,0.0,0.0,0.0,0.0,0.0,0.4001,0.01176,0.0,0.0,0.0,0.0,0.0,0.0,0.0,0.0,0.0,0.0,0.05139186295503213,14.40256959314773,15.468950749464671,0.07708779443254819,0.0,0.0,0.0,0.0,0.0,0.0,0.0,0.0,0.0,0.0,0.0,0.0,0.0,0.0,0.0,0.0
68300,4522,2359,0.521671826625387,1074,888,0.43387881468376827,1310,0.5793896505970809,0.36999999999999994,2.910309754969949,2.8498079756597905,5.878397711015737,2.035684446709654,8381.662229102167,506.223814624385,7853.0,8866.4,8866.4,0.0,7853.0,0.0,30.09000442282176,21.564814250683906,34.782395456892104,19.713589123250248,0.12229102167182662,0.09907120743034056,0.08270676691729323,0.07872622733303848,0.08160106147722247,0.06678460858027421,0.06833259619637329,0.06059265811587793,0.062361786819991154,0.057938965059708095,0.05639097744360902,0.04467049977885891,0.041353383458646614,0.034055727554179564,0.02344095532950022,0.011278195488721804,0.008403361344537815,0.8256499369895232,0.03309908801528031,0.0,0.0,0.0,0.0,0.0,0.0,0.0,0.0,0.0,0.0,0.0,0.0,0.0,0.0,0.0,0.0,0.0,0.0,0.0,0.0,0.019902697921273776,0.09951348960636888,0.9354268022998675,4.70367094206102,12.704555506413096,8.823529411764708,2.0566121185316235,0.47103051747014607,0.13268465280849184,0.05307386112339674,4.047062750333779,2.6223317007578157,3.8125,2.4036105653786763,0.942041237113402,4.013097576948264,2.613718536815486,4.073829927488464,2.624328529258501,1.015133534476972,0.4004,0.011475,0.0,0.0,0.0,0.0,0.0,0.0,0.0,0.0,0.0,0.0,0.06634232640424592,14.77443609022554,15.099513489606371,0.05970809376382133,0.0,0.0,0.0,0.0,0.0,0.0,0.0,0.0,0.0,0.0,0.0,0.0,0.0,0.0,0.0,0.0,nan,nan,4.043363994743758,2.619187510860554,nan,0.4004,0.06537,0.0,0.0,0.0,0.0,0.0,0.0,0.0,0.0,0.0,0.0,0.0,0.0,0.0,0.0,0.0,0.0,0.0,0.0010725342768686421,0.0,0.0,0.0,0.0,0.000254312251216276,0.0018022998673153472,0.000950906678460858,0.004986731534719151,0.016640866873065017,0.001017249004865104,0.009873949579831932,0.015424590888987174,0.03470809376382132,0.022954444935869085,0.028471915081822202,0.02942282176028306,0.024358690844758956,0.0492702344095533,0.04264705882352941,0.04672711189739054,0.0680561698363556,0.07665855816010615,0.08552631578947369,0.057363998230871294,0.06695046439628483,0.04615214506855374,0.03579168509509067,0.03308270676691729,0.020776205218929675,0.045123839009287924,0.02566342326404246,0.011333480760725342,0.018874391862007962,0.011245024325519682,0.04415081822202565,0.003648827952233525,0.006424148606811146,0.0006302521008403362,0.010493144626271562,0.0002985404688191066,0.0006081379920389209,0.0005639097744360903,0.0,0.0,0.0,0.0,0.0,0.0,0.0,0.0,0.0,0.0,0.0,0.0,0.0,0.0,0.0,0.0,0.0,0.0,0.0,0.0,0.0,0.0,0.0,0.0,0.0,0.0,0.0,0.0,0.0,0.0,0.0,0.0,0.0,0.0,0.0,0.0,0.0,0.0,0.0,0.0,0.0,nan,nan,4.043363994743758,2.619187510860554,nan,0.8265491118619077,0.03297801617047847,0.0,0.0,0.0,0.0,0.0,0.0,0.0,0.0,0.0,0.0,0.0,0.0,0.0,0.0,0.0,0.0,0.0,0.0,0.0,0.0,0.012717253073336163,0.05086901229334465,0.8774904620601952,4.730818143281037,12.386604493429422,9.156422212802036,2.0601949978804583,0.5214073760067827,0.13988978380669778,0.06358626536668081,0.8246692834879258,0.03320287894341784,0.0,0.0,0.0,0.0,0.0,0.0,0.0,0.0,0.0,0.0,0.0,0.0,0.0,0.0,0.0,0.0,0.0,0.0,0.0,0.0,0.02773925104022192,0.15256588072122054,0.9986130374479891,4.674063800277378,13.051317614424415,8.460471567267685,2.052704576976422,0.4160887656033288,0.12482662968099864,0.04160887656033288,0.4004,0.011536,0.0,0.0,0.0,0.0,0.0,0.0,0.0,0.0,0.0,0.0,0.06358626536668081,14.82831708350994,15.057227638830016,0.05086901229334465,0.0,0.0,0.0,0.0,0.0,0.0,0.0,0.0,0.0,0.0,0.0,0.0,0.0,0.0,0.0,0.0,0.4001,0.01141,0.0,0.0,0.0,0.0,0.0,0.0,0.0,0.0,0.0,0.0,0.0693481276005548,14.715672676837704,15.145631067961169,0.0693481276005548,0.0,0.0,0.0,0.0,0.0,0.0,0.0,0.0,0.0,0.0,0.0,0.0,0.0,0.0,0.0,0.0
68400,3979,2046,0.5141995476250314,973,829,0.45287760743905503,1137,0.5715003769791405,0.446,3.0294878427315055,3.1291661679850162,6.696296296296296,2.142252445870499,8374.089821563206,506.4956298285099,7853.0,8866.4,8866.4,0.0,7853.0,0.0,27.977632570997738,20.828606875223517,32.97243858597963,19.017773090830193,0.14124151796933904,0.09399346569489822,0.09198291027896456,0.08796179944709726,0.08017089721035436,0.07891430007539582,0.07514450867052024,0.06559437044483539,0.049509927117366175,0.05026388539834129,0.05101784367931641,0.04222166373460669,0.03292284493591355,0.022367429002261876,0.01834631817039457,0.011560693641618497,0.006785624528776075,0.8254387235186094,0.03302781850008658,0.0,0.0,0.0,0.0,0.0,0.0,0.0,0.0,0.0,0.0,0.0,0.0,0.0,0.0,0.0,0.0,0.0,0.0,0.0,0.0,0.01507916561950239,0.1583312390047751,0.8142749434531291,4.847951746670003,12.704197034430765,8.753455642121137,2.050766524252325,0.5126916310630812,0.1357124905755215,0.007539582809751195,4.25164792555254,2.899885712360469,4.382352941176471,2.9307166949435355,1.0307422011212146,4.2676923076923075,2.8845534352322297,4.241615853658536,2.915529249321828,0.9938897998839397,0.4006,0.01129,0.0,0.0,0.0,0.0,0.0,0.0,0.0,0.0,0.0,0.0,0.05277707966825837,14.008544860517699,15.878361397336018,0.06031666247800956,0.0,0.0,0.0,0.0,0.0,0.0,0.0,0.0,0.0,0.0,0.0,0.0,0.0,0.0,0.0,0.0,nan,nan,4.253348641408343,2.900326808946553,nan,0.4006,0.0653,0.0,0.0,0.0,0.0,0.0,0.0,0.0,0.0,0.0,0.0,0.0,0.0,0.0,0.0,0.0,0.0,0.0,0.0010052777079668257,5.026388539834129e-05,0.0,0.0,0.0,0.00030158331239004777,0.0020105554159336515,0.0010555415933651672,0.004498617743151545,0.015757728072379996,0.001244031163608947,0.009612968082432772,0.01440060316662478,0.03396582055792913,0.022342297059562703,0.03057300829354109,0.03100025131942699,0.024616737873837648,0.05025131942699171,0.0402362402613722,0.04414425735109324,0.06925106810756472,0.0761120884644383,0.08720784116612214,0.05647147524503644,0.06448856496607187,0.04586579542598643,0.039268660467454135,0.03160341794420709,0.022153807489318923,0.04586579542598643,0.024503644131691378,0.012402613722040714,0.019301331992963057,0.012013068610203568,0.04321437547122393,0.003618999748680573,0.0071249057552148784,0.00042724302588590096,0.010706207589846695,0.00025131942699170643,0.0004775069112842423,0.0006031666247800955,0.0,0.0,0.0,0.0,0.0,0.0,0.0,0.0,0.0,0.0,0.0,0.0,0.0,0.0,0.0,0.0,0.0,0.0,0.0,0.0,0.0,0.0,0.0,0.0,0.0,0.0,0.0,0.0,0.0,0.0,0.0,0.0,0.0,0.0,0.0,0.0,0.0,0.0,0.0,0.0,0.0,nan,nan,4.253348641408343,2.900326808946553,nan,0.8256900880635076,0.03245491562317303,0.0,0.0,0.0,0.0,0.0,0.0,0.0,0.0,0.0,0.0,0.0,0.0,0.0,0.0,0.0,0.0,0.0,0.0,0.0,0.0,0.014662756598240474,0.16129032258064518,0.806451612903226,4.6041055718474935,12.873900293255135,8.841642228739005,2.111436950146628,0.4838709677419356,0.10263929618768332,0.0,0.825172664615939,0.033621532626229765,0.0,0.0,0.0,0.0,0.0,0.0,0.0,0.0,0.0,0.0,0.0,0.0,0.0,0.0,0.0,0.0,0.0,0.0,0.0,0.0,0.015519917227108125,0.15519917227108124,0.8225556130367307,5.106052767718556,12.524573202276256,8.660113812726333,1.98654940506984,0.5431971029487844,0.17071908949818937,0.015519917227108125,0.401,0.01131,0.0,0.0,0.0,0.0,0.0,0.0,0.0,0.0,0.0,0.0,0.04398826979472142,13.885630498533704,16.04105571847508,0.029325513196480947,0.0,0.0,0.0,0.0,0.0,0.0,0.0,0.0,0.0,0.0,0.0,0.0,0.0,0.0,0.0,0.0,0.4006,0.01128,0.0,0.0,0.0,0.0,0.0,0.0,0.0,0.0,0.0,0.0,0.0620796689084325,14.138644593895478,15.706156233833424,0.09311950336264875,0.0,0.0,0.0,0.0,0.0,0.0,0.0,0.0,0.0,0.0,0.0,0.0,0.0,0.0,0.0,0.0
68500,4545,2376,0.5227722772277228,1134,935,0.45522552255225524,1275,0.5610561056105611,0.39399999999999996,3.004149377593361,3.0909796525303577,6.5229793977813,2.1693064169904246,8382.777425742575,506.1742016550189,7853.0,8866.4,8866.399999999998,1.8189894035458565e-12,7853.0,0.0,27.865346534653465,20.67380687939486,32.677453027139876,18.940678544935352,0.1383938393839384,0.09614961496149615,0.09526952695269526,0.08404840484048405,0.09086908690869087,0.07326732673267326,0.0638063806380638,0.06732673267326733,0.06424642464246424,0.05236523652365237,0.04400440044004401,0.03762376237623762,0.033443344334433446,0.025082508250825083,0.015841584158415842,0.010561056105610561,0.007700770077007701,0.8248760121883733,0.03333214657753701,0.0,0.0,0.0,0.0,0.0,0.0,0.0,0.0,0.0,0.0,0.0,0.0,0.0,0.0,0.0,0.0,0.0,0.0,0.0,0.0,0.03300330033003301,0.16501650165016504,1.02970297029703,4.78547854785477,12.521452145214525,8.719471947194721,2.1848184818481853,0.46864686468646877,0.07260726072607263,0.019801980198019806,4.272160664819944,2.9418464318316215,3.8518518518518516,2.870071669045833,0.9016168056531162,4.250849762066621,2.976047186753272,4.27891156462585,2.9064374080900435,1.0066014571509077,0.4001,0.01156,0.0,0.0,0.0,0.0,0.0,0.0,0.0,0.0,0.0,0.0,0.03960396039603961,14.77227722772275,15.141914191419145,0.046204620462046216,0.0,0.0,0.0,0.0,0.0,0.0,0.0,0.0,0.0,0.0,0.0,0.0,0.0,0.0,0.0,0.0,nan,nan,4.264445955132563,2.9410859830436156,nan,0.4001,0.06525,0.0,0.0,0.0,0.0,0.0,0.0,0.0,0.0,0.0,0.0,0.0,0.0,0.0,0.0,0.0,0.0,0.0,0.0008250825082508251,2.2002200220022003e-05,0.0,0.0,0.0,0.00018701870187018703,0.0018481848184818482,0.0009130913091309131,0.004521452145214521,0.01702970297029703,0.0007040704070407041,0.00869086908690869,0.013762376237623762,0.03631463146314631,0.0233003300330033,0.03389438943894389,0.030022002200220024,0.024114411441144113,0.05001100110011001,0.039020902090209024,0.04671067106710671,0.0677997799779978,0.07875687568756876,0.08634763476347634,0.054961496149614965,0.0631903190319032,0.045830583058305834,0.037425742574257424,0.0299009900990099,0.02382838283828383,0.04548954895489549,0.0254015401540154,0.013498349834983499,0.018283828382838284,0.013762376237623762,0.04148514851485149,0.0031463146314631464,0.007557755775577558,0.00030803080308030803,0.00998899889988999,0.000143014301430143,0.0006050605060506051,0.00039603960396039607,0.0,0.0,0.0,0.0,0.0,0.0,0.0,0.0,0.0,0.0,0.0,0.0,0.0,0.0,0.0,0.0,0.0,0.0,0.0,0.0,0.0,0.0,0.0,0.0,0.0,0.0,0.0,0.0,0.0,0.0,0.0,0.0,0.0,0.0,0.0,0.0,0.0,0.0,0.0,0.0,0.0,nan,nan,4.264445955132563,2.9410859830436156,nan,0.8244611923441743,0.03362374014559423,0.0,0.0,0.0,0.0,0.0,0.0,0.0,0.0,0.0,0.0,0.0,0.0,0.0,0.0,0.0,0.0,0.0,0.0,0.0,0.0,0.03787878787878789,0.15151515151515155,1.0606060606060608,4.924242424242409,12.588383838383841,8.560606060606062,2.070707070707071,0.49242424242424254,0.08838383838383841,0.02525252525252526,0.8253304206484087,0.03300378504855964,0.0,0.0,0.0,0.0,0.0,0.0,0.0,0.0,0.0,0.0,0.0,0.0,0.0,0.0,0.0,0.0,0.0,0.0,0.0,0.0,0.02766251728907331,0.17980636237897654,0.9958506224066392,4.633471645919764,12.448132780082991,8.89349930843707,2.3098201936376213,0.442600276625173,0.05532503457814662,0.013831258644536656,0.4004,0.01153,0.0,0.0,0.0,0.0,0.0,0.0,0.0,0.0,0.0,0.0,0.06313131313131315,14.646464646464626,15.265151515151517,0.02525252525252526,0.0,0.0,0.0,0.0,0.0,0.0,0.0,0.0,0.0,0.0,0.0,0.0,0.0,0.0,0.0,0.0,0.4001,0.01159,0.0,0.0,0.0,0.0,0.0,0.0,0.0,0.0,0.0,0.0,0.013831258644536656,14.91009681881049,15.006915629322272,0.06915629322268328,0.0,0.0,0.0,0.0,0.0,0.0,0.0,0.0,0.0,0.0,0.0,0.0,0.0,0.0,0.0,0.0
68600,4385,2230,0.508551881413911,980,920,0.43329532497149376,1229,0.5605473204104903,0.422,2.976798143851508,3.155729140317641,6.69179229480737,2.1514242029205106,8368.366476624857,506.62587989848157,7853.0,8866.4,8866.4,0.0,7853.0,0.0,27.42212086659065,21.07971325998913,32.685108725571155,19.343888111281604,0.1500570125427594,0.10786773090079818,0.09007981755986318,0.0887115165336374,0.07639680729760548,0.07434435575826683,0.06476624857468644,0.05838084378563284,0.059293044469783354,0.05153933865450399,0.043329532497149374,0.040136830102622575,0.03420752565564424,0.02531356898517674,0.017559863169897376,0.010946408209806158,0.007069555302166477,0.8227080743968012,0.03230010871445421,0.0,0.0,0.0,0.0,0.0,0.0,0.0,0.0,0.0,0.0,0.0,0.0,0.0,0.0,0.0,0.0,0.0,0.0,0.0,0.0136830102622577,0.02052451539338655,0.1231470923603193,1.1151653363740024,5.069555302166461,13.436716077537062,7.97035347776511,1.7787913340935009,0.3694412770809579,0.0820980615735462,0.02052451539338655,4.394794721407624,2.8851301249035712,4.3076923076923075,3.1957812427447676,0.980180550119661,4.3737658674189,2.859658625491822,4.414381022979986,2.9209197917886085,1.009286083615869,0.4006,0.011765,0.0,0.0,0.0,0.0,0.0,0.0,0.0,0.0,0.0,0.0,0.06157354618015965,14.120866590649923,15.776510832383128,0.0410490307867731,0.0,0.0,0.0,0.0,0.0,0.0,0.0,0.0,0.0,0.0,0.0,0.0,0.0,0.0,0.0,0.0,nan,nan,4.393567040115649,2.889758937985202,nan,0.4006,0.0652,0.0,0.0,0.0,0.0,0.0,0.0,0.0,0.0,0.0,0.0,0.0,0.0,0.0,0.0,0.0,0.0,0.0,0.0006841505131128849,4.561003420752566e-05,0.0,1.1402508551881415e-05,0.0,2.280501710376283e-05,0.0016191562143671608,0.0010148232611174458,0.0048118586088939565,0.016066134549600913,0.0006841505131128849,0.009657924743443557,0.014652223489167617,0.03379703534777651,0.022884834663625998,0.03589509692132269,0.029965792474344357,0.023740022805017105,0.04572405929304447,0.04006841505131129,0.04729760547320411,0.06917901938426455,0.08023945267958951,0.08452679589509692,0.055188141391106046,0.06449258836944127,0.045826681870011404,0.036818700114025084,0.028540478905359178,0.02483466362599772,0.044948688711516534,0.026248574686431016,0.01580387685290764,0.01685290763968073,0.01669327251995439,0.03814139110604333,0.0032383124287343216,0.007867730900798175,0.00045610034207525655,0.010342075256556442,0.00017103762827822122,0.0007411630558722919,0.00018244013683010264,0.0,2.280501710376283e-05,0.0,0.0,0.0,0.0,0.0,0.0,0.0,0.0,0.0,0.0,0.0,0.0,0.0,0.0,0.0,0.0,0.0,0.0,0.0,0.0,0.0,0.0,0.0,0.0,0.0,0.0,0.0,0.0,0.0,0.0,0.0,0.0,0.0,0.0,0.0,0.0,0.0,0.0,0.0,nan,nan,4.393567040115649,2.889758937985202,nan,0.8223287915435072,0.031235768540080526,0.0,0.0,0.0,0.0,0.0,0.0,0.0,0.0,0.0,0.0,0.0,0.0,0.0,0.0,0.0,0.0,0.0,0.0,0.0,0.01345291479820628,0.02690582959641256,0.08071748878923768,0.9820627802690585,5.192825112107607,13.896860986547088,7.6412556053811675,1.7892376681614355,0.2959641255605382,0.08071748878923768,0.0,0.8231005573493976,0.03336122600827854,0.0,0.0,0.0,0.0,0.0,0.0,0.0,0.0,0.0,0.0,0.0,0.0,0.0,0.0,0.0,0.0,0.0,0.0,0.0,0.01392111368909513,0.01392111368909513,0.16705336426914155,1.2529002320185616,4.941995359628755,12.960556844547567,8.310904872389793,1.7679814385150816,0.4454756380510442,0.08352668213457078,0.04176334106728539,0.4001,0.011734,0.0,0.0,0.0,0.0,0.0,0.0,0.0,0.0,0.0,0.0,0.0672645739910314,14.542600896860966,15.33632286995516,0.05381165919282512,0.0,0.0,0.0,0.0,0.0,0.0,0.0,0.0,0.0,0.0,0.0,0.0,0.0,0.0,0.0,0.0,0.401,0.01178,0.0,0.0,0.0,0.0,0.0,0.0,0.0,0.0,0.0,0.0,0.05568445475638052,13.68445475638049,16.23201856148492,0.02784222737819026,0.0,0.0,0.0,0.0,0.0,0.0,0.0,0.0,0.0,0.0,0.0,0.0,0.0,0.0,0.0,0.0
68700,4508,2336,0.518189884649512,1071,925,0.4427684117125111,1270,0.5634427684117125,0.41,2.9894106813996317,3.1186450259995313,6.708469055374593,2.125085152887499,8378.133629103817,506.3645833962549,7853.0,8866.4,8866.4,0.0,7853.0,0.0,28.233806566104704,21.089341622086952,33.01389252948886,19.40004636937573,0.13686779059449866,0.1002661934338953,0.09538598047914817,0.08540372670807453,0.08163265306122448,0.0756433007985803,0.05989352262644188,0.06787932564330079,0.06233362910381544,0.04835847382431233,0.04214729370008873,0.0417036379769299,0.03637976929902396,0.02994676131322094,0.017968056787932566,0.012422360248447204,0.005767524401064774,0.8235909126322145,0.03273297823528021,0.0,0.0,0.0,0.0,0.0,0.0,0.0,0.0,0.0,0.0,0.0,0.0,0.0,0.0,0.0,0.0,0.0,0.0,0.0,0.0,0.03992901508429459,0.17968056787932568,1.031499556344277,4.791481810115336,13.1832298136646,8.291925465838512,1.9897959183673473,0.37267080745341624,0.09316770186335406,0.02661934338952973,4.2812061711079945,2.8843092864458497,3.877551020408163,2.31792177379603,0.9057146200003342,4.282410651716889,2.9951126397596464,4.266621438263229,2.756048950461929,0.9963130080840497,0.4004,0.0119,0.0,0.0,0.0,0.0,0.0,0.0,0.0,0.0,0.0,0.0,0.04658385093167703,14.62067435669918,15.21295474711624,0.11978704525288379,0.0,0.0,0.0,0.0,0.0,0.0,0.0,0.0,0.0,0.0,0.0,0.0,0.0,0.0,0.0,0.0,nan,nan,4.274388142019993,2.876139346140674,nan,0.4004,0.0644,0.0,0.0,0.0,0.0,0.0,0.0,0.0,0.0,0.0,0.0,0.0,0.0,0.0,0.0,0.0,0.0,0.0,0.0005323868677905945,0.0001774622892635315,0.0,0.0,0.0,0.00013309671694764863,0.0008984028393966282,0.0009649511978704526,0.004602928127772848,0.01479591836734694,0.0009094942324755989,0.008629103815439219,0.014917923691215617,0.03397293700088731,0.023214285714285715,0.037011978704525286,0.029114906832298136,0.024778172138420585,0.046095829636202304,0.04230257320319432,0.04558562555456965,0.06691437444543034,0.08507098491570542,0.08256433007985803,0.05682120674356699,0.06409716060337178,0.04840283939662822,0.03550354924578527,0.029259094942324756,0.02483362910381544,0.04530834072759539,0.025199645075421474,0.014718278615794144,0.017646406388642413,0.015461401952085181,0.0379547471162378,0.003427240461401952,0.007952528837622005,0.00026619343389529726,0.008961845607808341,0.00015527950310559007,0.0006211180124223603,0.00016637089618456077,0.0,5.5456965394853596e-05,0.0,0.0,0.0,0.0,0.0,0.0,0.0,0.0,0.0,0.0,0.0,0.0,0.0,0.0,0.0,0.0,0.0,0.0,0.0,0.0,0.0,0.0,0.0,0.0,0.0,0.0,0.0,0.0,0.0,0.0,0.0,0.0,0.0,0.0,0.0,0.0,0.0,0.0,0.0,nan,nan,4.274388142019993,2.876139346140674,nan,0.8237185722140417,0.032546851224367304,0.0,0.0,0.0,0.0,0.0,0.0,0.0,0.0,0.0,0.0,0.0,0.0,0.0,0.0,0.0,0.0,0.0,0.0,0.0,0.0,0.03852739726027398,0.1926369863013699,0.8989726027397262,4.944349315068478,12.970890410958907,8.578767123287673,1.926369863013699,0.3339041095890412,0.08989726027397263,0.02568493150684932,0.8234536139291074,0.032931432616943576,0.0,0.0,0.0,0.0,0.0,0.0,0.0,0.0,0.0,0.0,0.0,0.0,0.0,0.0,0.0,0.0,0.0,0.0,0.0,0.0,0.041436464088397795,0.16574585635359118,1.174033149171271,4.627071823204406,13.411602209944755,7.983425414364643,2.058011049723757,0.414364640883978,0.09668508287292821,0.0276243093922652,0.4006,0.011856,0.0,0.0,0.0,0.0,0.0,0.0,0.0,0.0,0.0,0.0,0.05136986301369864,14.306506849315047,15.526541095890414,0.11558219178082194,0.0,0.0,0.0,0.0,0.0,0.0,0.0,0.0,0.0,0.0,0.0,0.0,0.0,0.0,0.0,0.0,0.4001,0.01195,0.0,0.0,0.0,0.0,0.0,0.0,0.0,0.0,0.0,0.0,0.041436464088397795,14.95856353591158,14.87569060773481,0.1243093922651934,0.0,0.0,0.0,0.0,0.0,0.0,0.0,0.0,0.0,0.0,0.0,0.0,0.0,0.0,0.0,0.0
68800,4196,2184,0.5204957102001907,1007,850,0.44256434699714015,1186,0.5653002859866539,0.41,2.925944333996024,3.003970674623624,6.4070175438596495,2.0500628701632633,8380.470352716873,506.2741178926852,7853.0,8866.4,8866.4,0.0,7853.0,0.0,28.61201143946616,21.3058348201624,33.2917600896861,19.670743208681895,0.12869399428026693,0.1005719733079123,0.09842707340324118,0.08913250714966635,0.08055290753098189,0.07435653002859867,0.06124880838894185,0.06196377502383222,0.05743565300285987,0.0548141086749285,0.04742612011439466,0.036939942802669205,0.04003813155386082,0.0278836987607245,0.017874165872259293,0.01215443279313632,0.010486177311725452,0.8251253676709956,0.03381112627328148,0.0,0.0,0.0,0.0,0.0,0.0,0.0,0.0,0.0,0.0,0.0,0.0,0.0,0.0,0.0,0.0,0.0,0.0,0.0,0.0,0.021448999046711156,0.17159199237368924,1.015252621544328,4.725929456625343,12.690657769304103,8.408007626310773,2.3093422306959015,0.536224976167779,0.08579599618684462,0.035748331744518594,4.244609665427509,2.828364485967604,3.3636363636363638,2.892709559399513,0.7924489243459292,4.1498154981549815,2.8256322094238024,4.309644670050761,2.8351852431941307,1.0385147657689457,0.3997,0.01176,0.0,0.0,0.0,0.0,0.0,0.0,0.0,0.0,0.0,0.0,0.04289799809342231,15.564823641563372,14.29933269780744,0.09294566253574836,0.0,0.0,0.0,0.0,0.0,0.0,0.0,0.0,0.0,0.0,0.0,0.0,0.0,0.0,0.0,0.0,nan,nan,4.230431602048281,2.8315825221297057,nan,0.3997,0.06415,0.0,0.0,0.0,0.0,0.0,0.0,0.0,0.0,0.0,0.0,0.0,0.0,0.0,0.0,0.0,0.0,0.0,0.0005600571973307912,0.0,0.0,0.0,0.0,0.00015490943755958056,0.0007626310772163965,0.001155862726406101,0.0055767397521449,0.014513822688274548,0.0008460438512869399,0.0077454718779790275,0.014573403241182078,0.03427073403241182,0.023581982840800764,0.037559580552907534,0.028765490943755957,0.027418970448045758,0.047676358436606295,0.04338655862726406,0.04833174451858913,0.0659795042897998,0.08609389895138227,0.07872974261201143,0.05608913250714967,0.06344137273593899,0.05063155386081983,0.033937082936129646,0.027621544327931364,0.023832221163012392,0.04774785510009533,0.024797426120114395,0.015157292659675883,0.01738560533841754,0.014072926596758817,0.03629647283126788,0.003276930409914204,0.00801954242135367,0.0005004766444232602,0.008353193517635844,0.0002502383222116301,0.0006553860819828408,0.00015490943755958056,0.0,9.532888465204957e-05,0.0,0.0,0.0,0.0,0.0,0.0,0.0,0.0,0.0,0.0,0.0,0.0,0.0,0.0,0.0,0.0,0.0,0.0,0.0,0.0,0.0,0.0,0.0,0.0,0.0,0.0,0.0,0.0,0.0,0.0,0.0,0.0,0.0,0.0,0.0,0.0,0.0,0.0,0.0,nan,nan,4.230431602048281,2.8315825221297057,nan,0.8249285970524554,0.0340159941562232,0.0,0.0,0.0,0.0,0.0,0.0,0.0,0.0,0.0,0.0,0.0,0.0,0.0,0.0,0.0,0.0,0.0,0.0,0.0,0.0,0.01373626373626374,0.17857142857142863,1.0302197802197803,4.862637362637348,12.719780219780223,8.15934065934066,2.321428571428572,0.576923076923077,0.10989010989010992,0.02747252747252748,0.8253389596346595,0.0335860256213414,0.0,0.0,0.0,0.0,0.0,0.0,0.0,0.0,0.0,0.0,0.0,0.0,0.0,0.0,0.0,0.0,0.0,0.0,0.0,0.0,0.029821073558648117,0.16401590457256465,0.999005964214712,4.577534791252471,12.659045725646127,8.677932405566603,2.296222664015905,0.49204771371769396,0.059642147117296235,0.044731610337972176,0.3994,0.0117,0.0,0.0,0.0,0.0,0.0,0.0,0.0,0.0,0.0,0.0,0.0686813186813187,16.04395604395602,13.763736263736266,0.12362637362637366,0.0,0.0,0.0,0.0,0.0,0.0,0.0,0.0,0.0,0.0,0.0,0.0,0.0,0.0,0.0,0.0,0.3997,0.011826,0.0,0.0,0.0,0.0,0.0,0.0,0.0,0.0,0.0,0.0,0.014910536779324059,15.04473161033795,14.880715705765411,0.059642147117296235,0.0,0.0,0.0,0.0,0.0,0.0,0.0,0.0,0.0,0.0,0.0,0.0,0.0,0.0,0.0,0.0
68900,3987,2137,0.5359919739152245,1019,770,0.4487083019814397,1041,0.5221971407072987,0.422,2.9183783783783785,3.0594713494182106,6.4140625,2.0852058641999234,8396.174266365688,505.38551413063334,7853.0,8866.4,8866.399999999998,1.8189894035458565e-12,7853.0,0.0,27.499874592425382,20.56054667910098,32.312555920071574,18.879185177971088,0.1399548532731377,0.09781790820165538,0.09957361424630047,0.09179834462001504,0.08628041133684475,0.06671682969651367,0.06696764484574869,0.06370704790569351,0.060948081264108354,0.05543014798093805,0.0453975420115375,0.03737145723601706,0.03160270880361174,0.022071733132681213,0.02056684223727113,0.00928016052169551,0.004514672686230248,0.8244983972479354,0.03299812560245335,0.0,0.0,0.0,0.0,0.0,0.0,0.0,0.0,0.0,0.0,0.0,0.0,0.0,0.0,0.0,0.0,0.0,0.0,0.0,0.0,0.015048908954100831,0.16553799849510914,0.9104589917231003,4.8758465011286525,12.972159518434918,8.465011286681717,2.024078254326562,0.4288939051918737,0.09781790820165541,0.04514672686230249,4.106459330143541,2.8820911687738597,4.0,2.7838821814150108,0.9740751529274686,4.135539795114263,2.8905278795696168,4.071653543307087,2.8699473955451005,0.9845518952851932,0.4006,0.01193,0.0,0.0,0.0,0.0,0.0,0.0,0.0,0.0,0.0,0.0,0.05267118133935291,14.130925507900658,15.726109857035368,0.09029345372460498,0.0,0.0,0.0,0.0,0.0,0.0,0.0,0.0,0.0,0.0,0.0,0.0,0.0,0.0,0.0,0.0,nan,nan,4.10511811023622,2.8808991832690376,nan,0.4006,0.0641,0.0,0.0,0.0,0.0,0.0,0.0,0.0,0.0,0.0,0.0,0.0,0.0,0.0,0.0,0.0,0.0,0.0,0.0004890895410082769,0.0,0.0,0.0,0.0,0.00017557060446450964,0.000526711813393529,0.0011035866566340606,0.005229495861550038,0.014396789566089791,0.001166290443942814,0.008113870077752697,0.012804113368447454,0.03516428392274894,0.021394532229746677,0.03572861800852772,0.026962628542763982,0.029395535490343617,0.04594933533985453,0.04582392776523702,0.04909706546275395,0.0645723601705543,0.08073739653875094,0.08002257336343115,0.054514672686230246,0.06759468271883622,0.05203160270880361,0.03280662151993981,0.029608728367193377,0.024303987960872835,0.051655379984951094,0.022937045397542013,0.014647604715324806,0.016754451968898923,0.014446952595936794,0.03616754451968899,0.0039001755706044644,0.009869576122397793,0.0007022824178580386,0.008214196137446702,0.0002257336343115124,0.00043892651116127413,0.0002257336343115124,0.0,0.00010032605969400552,0.0,0.0,0.0,0.0,0.0,0.0,0.0,0.0,0.0,0.0,0.0,0.0,0.0,0.0,0.0,0.0,0.0,0.0,0.0,0.0,0.0,0.0,0.0,0.0,0.0,0.0,0.0,0.0,0.0,0.0,0.0,0.0,0.0,0.0,0.0,0.0,0.0,0.0,0.0,nan,nan,4.10511811023622,2.8808991832690376,nan,0.8237276561192167,0.03267372121253104,0.0,0.0,0.0,0.0,0.0,0.0,0.0,0.0,0.0,0.0,0.0,0.0,0.0,0.0,0.0,0.0,0.0,0.0,0.0,0.0,0.0,0.15442208703790364,0.8423022929340198,5.348619560131008,12.788956481048201,8.408984557791298,1.867103416003744,0.49134300421151156,0.07019185774450165,0.02807674309780066,0.825388707405812,0.033346764659874614,0.0,0.0,0.0,0.0,0.0,0.0,0.0,0.0,0.0,0.0,0.0,0.0,0.0,0.0,0.0,0.0,0.0,0.0,0.0,0.0,0.03243243243243244,0.17837837837837842,0.9891891891891894,4.329729729729716,13.183783783783786,8.529729729729732,2.205405405405406,0.35675675675675683,0.12972972972972976,0.06486486486486488,0.4006,0.01223,0.0,0.0,0.0,0.0,0.0,0.0,0.0,0.0,0.0,0.0,0.08423022929340197,13.996256434253606,15.793167992512872,0.12634534394010297,0.0,0.0,0.0,0.0,0.0,0.0,0.0,0.0,0.0,0.0,0.0,0.0,0.0,0.0,0.0,0.0,0.4006,0.01159,0.0,0.0,0.0,0.0,0.0,0.0,0.0,0.0,0.0,0.0,0.01621621621621622,14.286486486486467,15.648648648648653,0.04864864864864866,0.0,0.0,0.0,0.0,0.0,0.0,0.0,0.0,0.0,0.0,0.0,0.0,0.0,0.0,0.0,0.0
69000,4095,2151,0.5252747252747253,1023,825,0.4512820512820513,1130,0.5518925518925519,0.426,2.985082304526749,3.1123151924931216,6.627522935779816,2.149199618873856,8385.313406593405,506.05221410708276,7853.0,8866.4,8866.4,0.0,7853.0,0.0,27.775579975579976,20.816910790191194,32.893149882903984,18.997195649286084,0.14334554334554334,0.10231990231990232,0.08864468864468865,0.08522588522588523,0.08547008547008547,0.07008547008547009,0.0673992673992674,0.06495726495726496,0.054212454212454214,0.057631257631257635,0.04932844932844933,0.043467643467643466,0.03125763125763126,0.025396825396825397,0.015384615384615385,0.009523809523809525,0.006349206349206349,0.8234577647350064,0.033209959974265256,0.0,0.0,0.0,0.0,0.0,0.0,0.0,0.0,0.0,0.0,0.0,0.0,0.0,0.0,0.0,0.0,0.0,0.0,0.0,0.007326007326007328,0.03663003663003664,0.19780219780219785,1.1135531135531138,4.849816849816834,12.864468864468869,8.542124542124544,1.8901098901098905,0.3882783882783884,0.08791208791208793,0.021978021978021983,4.209428129829985,2.9074127103539538,4.068965517241379,2.3405132723659747,0.966631426346676,4.171232876712328,2.889975404868631,4.240990990990991,2.9020084548448355,1.016723620171896,0.4011,0.0118,0.0,0.0,0.0,0.0,0.0,0.0,0.0,0.0,0.0,0.0,0.021978021978021983,13.684981684981665,16.190476190476193,0.10256410256410259,0.0,0.0,0.0,0.0,0.0,0.0,0.0,0.0,0.0,0.0,0.0,0.0,0.0,0.0,0.0,0.0,nan,nan,4.2063492063492065,2.896249127286295,nan,0.4011,0.0641,0.0,0.0,0.0,0.0,0.0,0.0,0.0,0.0,0.0,0.0,0.0,0.0,0.0,0.0,0.0,0.0,0.0,0.0002686202686202686,0.0,0.0,0.0,0.0,0.00010989010989010989,0.000525030525030525,0.0010744810744810745,0.0050183150183150185,0.014163614163614164,0.0007448107448107448,0.008473748473748474,0.010671550671550671,0.03362637362637363,0.02115995115995116,0.039706959706959706,0.027167277167277168,0.03114774114774115,0.0441025641025641,0.048217338217338215,0.04829059829059829,0.0631990231990232,0.07717948717948718,0.07864468864468864,0.056715506715506715,0.06758241758241758,0.052625152625152626,0.03434676434676435,0.03148962148962149,0.023394383394383395,0.051623931623931626,0.02092796092796093,0.013089133089133089,0.018266178266178268,0.017533577533577534,0.03446886446886447,0.003235653235653236,0.009804639804639805,0.0013308913308913309,0.008888888888888889,0.00031746031746031746,0.0004761904761904762,9.768009768009768e-05,0.0,0.00029304029304029304,0.0,0.0,0.0,0.0,0.0,0.0,0.0,0.0,0.0,0.0,0.0,0.0,0.0,0.0,0.0,0.0,0.0,0.0,0.0,0.0,0.0,0.0,0.0,0.0,0.0,0.0,0.0,0.0,0.0,0.0,0.0,0.0,0.0,0.0,0.0,0.0,0.0,0.0,0.0,nan,nan,4.2063492063492065,2.896249127286295,nan,0.8234328419482747,0.033324101904944545,0.0,0.0,0.0,0.0,0.0,0.0,0.0,0.0,0.0,0.0,0.0,0.0,0.0,0.0,0.0,0.0,0.0,0.0,0.0,0.0,0.013947001394700143,0.13947001394700143,1.1854951185495122,4.783821478382133,13.263598326359835,8.270571827057184,1.7294281729428178,0.4463040446304046,0.13947001394700143,0.027894002789400286,0.823485341336992,0.03308318322570701,0.0,0.0,0.0,0.0,0.0,0.0,0.0,0.0,0.0,0.0,0.0,0.0,0.0,0.0,0.0,0.0,0.0,0.0,0.0,0.015432098765432103,0.06172839506172841,0.26234567901234573,1.0339506172839508,4.922839506172824,12.422839506172842,8.842592592592595,2.0679012345679015,0.3240740740740741,0.030864197530864206,0.015432098765432103,0.4011,0.01193,0.0,0.0,0.0,0.0,0.0,0.0,0.0,0.0,0.0,0.0,0.013947001394700143,14.086471408647121,15.80195258019526,0.09762900976290101,0.0,0.0,0.0,0.0,0.0,0.0,0.0,0.0,0.0,0.0,0.0,0.0,0.0,0.0,0.0,0.0,0.4014,0.01165,0.0,0.0,0.0,0.0,0.0,0.0,0.0,0.0,0.0,0.0,0.030864197530864206,13.240740740740723,16.620370370370374,0.10802469135802473,0.0,0.0,0.0,0.0,0.0,0.0,0.0,0.0,0.0,0.0,0.0,0.0,0.0,0.0,0.0,0.0
69100,4069,2145,0.5271565495207667,980,806,0.43892848365691817,1117,0.5490292455148685,0.438,3.0285862785862787,3.160257673469416,6.684981684981685,2.161864295948475,8387.220447284346,505.9520876340659,7853.0,8866.4,8866.4,0.0,7853.0,0.0,28.588596706807568,21.399253924833285,33.6792618629174,19.601057679069857,0.13983779798476284,0.10076185795035636,0.09486360285082329,0.08011796510199067,0.07815188006881298,0.07077906119439666,0.0670926517571885,0.06094863602850823,0.056524944703858444,0.05382157778323912,0.04792332268370607,0.04128778569673138,0.036864094372081595,0.029737036126812486,0.02064389284836569,0.014008355861391006,0.006635536986974687,0.8265034504826223,0.03248941902377686,0.0,0.0,0.0,0.0,0.0,0.0,0.0,0.0,0.0,0.0,0.0,0.0,0.0,0.0,0.0,0.0,0.0,0.0,0.0,0.0,0.022118456623248958,0.08110100761857952,0.9879577291717869,4.158269845170791,13.020398132219222,8.994839026787911,2.1749815679528144,0.41287785696731394,0.1105922831162448,0.0368640943720816,4.264266564534661,2.9689866421943645,3.8620689655172415,2.4596626896726907,0.9056818815309429,4.2677224736048265,2.9480108744780673,4.251902587519026,2.980354274387675,0.9962931314808673,0.4026,0.01131,0.0,0.0,0.0,0.0,0.0,0.0,0.0,0.0,0.0,0.0,0.0368640943720816,12.305234701400817,17.55468173998526,0.10321946424182848,0.0,0.0,0.0,0.0,0.0,0.0,0.0,0.0,0.0,0.0,0.0,0.0,0.0,0.0,0.0,0.0,nan,nan,4.259848484848485,2.9641637342950244,nan,0.4026,0.0646,0.0,0.0,0.0,0.0,0.0,0.0,0.0,0.0,0.0,0.0,0.0,0.0,0.0,0.0,0.0,0.0,0.0,0.0001228803145736053,0.0,0.0,0.0,0.0,0.0001597444089456869,0.000995330548046203,0.001019906610960924,0.004251658884246744,0.013701155074956992,0.00041779306955025804,0.007692307692307693,0.011501597444089457,0.031039567461292702,0.021934136151388547,0.039653477512902435,0.026923076923076925,0.029085770459572377,0.04560088473826493,0.04829196362742689,0.048033914966822314,0.06221430326861637,0.0778323912509216,0.07865568935856476,0.05337920865077415,0.06693290734824281,0.053416072745146224,0.034603096583927254,0.03126075202752519,0.023986237404767755,0.05253133448021627,0.019992627181125582,0.012312607520275251,0.020693044974195135,0.016773162939297124,0.03675350208896535,0.004091914475301057,0.010555419021872696,0.0016711722782010322,0.01089948390267879,0.0002334725976898501,0.0006635536986974687,0.0,0.0,0.0001228803145736053,0.0,0.0,0.0,0.0,0.0,0.0,0.0,0.0,0.0,0.0,0.0,0.0,0.0,0.0,0.0,0.0,0.0,0.0,0.0,0.0,0.0,0.0,0.0,0.0,0.0,0.0,0.0,0.0,0.0,0.0,0.0,0.0,0.0,0.0,0.0,0.0,0.0,0.0,0.0,nan,nan,4.259848484848485,2.9641637342950244,nan,0.8258929671663227,0.031848025232063586,0.0,0.0,0.0,0.0,0.0,0.0,0.0,0.0,0.0,0.0,0.0,0.0,0.0,0.0,0.0,0.0,0.0,0.0,0.0,0.0,0.0,0.06993006993006995,1.0349650349650352,4.279720279720266,13.07692307692308,8.993006993006995,2.0559440559440563,0.33566433566433573,0.11188811188811192,0.04195804195804197,0.8271840568825509,0.03317663686622819,0.0,0.0,0.0,0.0,0.0,0.0,0.0,0.0,0.0,0.0,0.0,0.0,0.0,0.0,0.0,0.0,0.0,0.0,0.0,0.0,0.04677754677754679,0.09355509355509357,0.9355509355509358,4.022869022869011,12.957380457380461,8.9968814968815,2.3076923076923084,0.4989604989604991,0.10914760914760918,0.031185031185031194,0.4023,0.011284,0.0,0.0,0.0,0.0,0.0,0.0,0.0,0.0,0.0,0.0,0.02797202797202798,12.48951048951047,17.370629370629374,0.11188811188811192,0.0,0.0,0.0,0.0,0.0,0.0,0.0,0.0,0.0,0.0,0.0,0.0,0.0,0.0,0.0,0.0,0.4028,0.01132,0.0,0.0,0.0,0.0,0.0,0.0,0.0,0.0,0.0,0.0,0.04677754677754679,12.099792099792083,17.759875259875265,0.09355509355509357,0.0,0.0,0.0,0.0,0.0,0.0,0.0,0.0,0.0,0.0,0.0,0.0,0.0,0.0,0.0,0.0
69200,4224,2193,0.5191761363636364,1043,876,0.4543087121212121,1183,0.5601325757575758,0.426,2.93451501723289,3.1179260059655842,6.696526508226691,2.2058686061953527,8379.13309659091,506.32721115587714,7853.0,8866.4,8866.399999999998,1.8189894035458565e-12,7853.0,0.0,27.629261363636363,20.575810392741587,32.49985919459307,18.818163436263884,0.14086174242424243,0.09303977272727272,0.09943181818181818,0.0859375,0.08617424242424243,0.07528409090909091,0.0693655303030303,0.06652462121212122,0.06013257575757576,0.04924242424242424,0.04569128787878788,0.041193181818181816,0.03196022727272727,0.022017045454545456,0.015151515151515152,0.011837121212121212,0.00615530303030303,0.8265719535958135,0.0329870035463505,0.0,0.0,0.0,0.0,0.0,0.0,0.0,0.0,0.0,0.0,0.0,0.0,0.0,0.0,0.0,0.0,0.0,0.0,0.0,0.0,0.007102272727272729,0.1207386363636364,0.9090909090909093,4.4815340909090775,12.521306818181822,9.03409090909091,2.2940340909090913,0.497159090909091,0.10653409090909094,0.028409090909090915,4.248880597014925,2.947108160236232,3.4285714285714284,2.770102775666474,0.8069352268878044,4.249815225424982,2.958641052312271,4.226872246696035,2.934039488628321,0.9946014173529975,0.4023,0.011444,0.0,0.0,0.0,0.0,0.0,0.0,0.0,0.0,0.0,0.0,0.035511363636363646,12.54971590909089,17.30823863636364,0.10653409090909094,0.0,0.0,0.0,0.0,0.0,0.0,0.0,0.0,0.0,0.0,0.0,0.0,0.0,0.0,0.0,0.0,nan,nan,4.238305709023941,2.946347503585192,nan,0.4023,0.06506,0.0,0.0,0.0,0.0,0.0,0.0,0.0,0.0,0.0,0.0,0.0,0.0,0.0,0.0,0.0,0.0,0.0,0.0002959280303030303,0.0,0.0,0.0,0.0,3.5511363636363635e-05,0.0015743371212121212,0.0015033143939393939,0.003693181818181818,0.016796875,0.00033143939393939396,0.0069010416666666664,0.011316287878787879,0.028290719696969696,0.020963541666666665,0.04187973484848485,0.02843276515151515,0.02871685606060606,0.043087121212121215,0.05034327651515152,0.04506392045454546,0.06351799242424243,0.07682291666666667,0.07811316287878788,0.05559895833333333,0.06799242424242424,0.056321022727272727,0.03506155303030303,0.029237689393939392,0.022135416666666668,0.05116003787878788,0.01876183712121212,0.01142282196969697,0.019839015151515153,0.01756628787878788,0.03974905303030303,0.004663825757575757,0.009434185606060606,0.0013257575757575758,0.01044034090909091,0.0001775568181818182,0.0009943181818181817,1.1837121212121212e-05,0.0,0.0004261363636363636,0.0,0.0,0.0,0.0,0.0,0.0,0.0,0.0,0.0,0.0,0.0,0.0,0.0,0.0,0.0,0.0,0.0,0.0,0.0,0.0,0.0,0.0,0.0,0.0,0.0,0.0,0.0,0.0,0.0,0.0,0.0,0.0,0.0,0.0,0.0,0.0,0.0,0.0,0.0,nan,nan,4.238305709023941,2.946347503585192,nan,0.8275976411784234,0.032550190420845664,0.0,0.0,0.0,0.0,0.0,0.0,0.0,0.0,0.0,0.0,0.0,0.0,0.0,0.0,0.0,0.0,0.0,0.0,0.0,0.0,0.0,0.08207934336525309,0.8071135430916555,4.213406292749645,12.599179206566351,9.343365253077977,2.2708618331053354,0.5061559507523941,0.15047879616963067,0.027359781121751033,0.8254644534142953,0.03341692443140995,0.0,0.0,0.0,0.0,0.0,0.0,0.0,0.0,0.0,0.0,0.0,0.0,0.0,0.0,0.0,0.0,0.0,0.0,0.0,0.0,0.01477104874446086,0.16248153618906946,1.0192023633677993,4.771048744460842,12.437223042836045,8.700147710487446,2.319054652880355,0.4874446085672084,0.05908419497784344,0.02954209748892172,0.4023,0.0115,0.0,0.0,0.0,0.0,0.0,0.0,0.0,0.0,0.0,0.0,0.041039671682626545,12.62653898768808,17.23666210670315,0.09575923392612862,0.0,0.0,0.0,0.0,0.0,0.0,0.0,0.0,0.0,0.0,0.0,0.0,0.0,0.0,0.0,0.0,0.4023,0.011375,0.0,0.0,0.0,0.0,0.0,0.0,0.0,0.0,0.0,0.0,0.02954209748892172,12.466765140324945,17.38552437223043,0.11816838995568688,0.0,0.0,0.0,0.0,0.0,0.0,0.0,0.0,0.0,0.0,0.0,0.0,0.0,0.0,0.0,0.0
69300,4171,2107,0.5051546391752577,999,867,0.4473747302805083,1161,0.5567010309278351,0.418,2.9510658914728682,3.1072603195311355,6.572413793103448,2.151165931130843,8364.923711340205,506.673072937406,7853.0,8866.4,8866.399999999998,1.8189894035458565e-12,7853.0,0.0,28.24502517381923,21.061938912260477,33.1945868945869,19.286194353360948,0.13809637976504435,0.09661951570366818,0.09254375449532486,0.0877487413090386,0.08750899064972428,0.07048669383840805,0.0678494365859506,0.06281467274035003,0.06017741548789259,0.045073123951090865,0.05082713977463438,0.04267561735794773,0.031167585710860705,0.0292495804363462,0.017262047470630544,0.01390553824023016,0.005993766482857828,0.8277797783858711,0.03373724906747541,0.0,0.0,0.0,0.0,0.0,0.0,0.0,0.0,0.0,0.0,0.0,0.0,0.0,0.0,0.0,0.0,0.0,0.0,0.0,0.0,0.03596259889714697,0.23016063294174063,0.7480220570606572,4.020618556701018,12.536561975545435,9.486933589067371,2.25845121074083,0.49628386478062825,0.12227283625029972,0.06473267801486456,4.155713218820015,2.8454113570442034,4.609756097560975,2.8871291233088177,1.1092575100429771,4.212232866617539,2.834267223808893,4.113069016152717,2.8579419409208375,0.9764581271727146,0.4023,0.01136,0.0,0.0,0.0,0.0,0.0,0.0,0.0,0.0,0.0,0.0,0.03596259889714697,12.644449772236856,17.226084871733402,0.09350275713258215,0.0,0.0,0.0,0.0,0.0,0.0,0.0,0.0,0.0,0.0,0.0,0.0,0.0,0.0,0.0,0.0,nan,nan,4.1625597646193455,2.8465828080324216,nan,0.4023,0.06506,0.0,0.0,0.0,0.0,0.0,0.0,0.0,0.0,0.0,0.0,0.0,0.0,0.0,0.0,0.0,0.0,0.0,0.00034763845600575404,0.0,0.0,0.0,0.0,2.397506593143131e-05,0.001678254615200192,0.0020258930712059456,0.003140733637017502,0.01697434667945337,0.0003236633900743227,0.006017741548789259,0.011651882042675617,0.02767921361783745,0.021529609206425316,0.042268041237113405,0.027139774634380245,0.02574922081035723,0.043718532725964994,0.052421481659074565,0.04550467513785663,0.06450491488851594,0.08167106209542076,0.07717573723327739,0.05654519299928075,0.06637497003116759,0.055945816350994965,0.03397266842483817,0.028842004315511868,0.022896187964516902,0.04811795732438264,0.019767441860465116,0.011663869575641334,0.018700551426516422,0.017537760728842004,0.0398945097099017,0.004926876048909135,0.008834811795732438,0.0013545912251258692,0.010824742268041237,0.00020378806041716614,0.0015104291536801725,0.0,0.0,0.0005394389834572045,0.0,0.0,0.0,0.0,0.0,0.0,0.0,0.0,0.0,0.0,0.0,0.0,0.0,0.0,0.0,0.0,0.0,0.0,0.0,0.0,0.0,0.0,0.0,0.0,0.0,0.0,0.0,0.0,0.0,0.0,0.0,0.0,0.0,0.0,0.0,0.0,0.0,0.0,0.0,nan,nan,4.1625597646193455,2.8465828080324216,nan,0.8286713774757585,0.03401681337361367,0.0,0.0,0.0,0.0,0.0,0.0,0.0,0.0,0.0,0.0,0.0,0.0,0.0,0.0,0.0,0.0,0.0,0.0,0.0,0.0,0.042714760322733754,0.17085904129093502,0.7546274323682963,4.114855244423338,11.917418130042718,9.838633127669674,2.448979591836735,0.5410536307546275,0.09966777408637877,0.07119126720455625,0.8268696043149445,0.033424928017028184,0.0,0.0,0.0,0.0,0.0,0.0,0.0,0.0,0.0,0.0,0.0,0.0,0.0,0.0,0.0,0.0,0.0,0.0,0.0,0.0,0.02906976744186047,0.2906976744186047,0.741279069767442,3.9244186046511507,13.168604651162795,9.127906976744187,2.0639534883720936,0.45058139534883734,0.14534883720930236,0.05813953488372094,0.4023,0.01108,0.0,0.0,0.0,0.0,0.0,0.0,0.0,0.0,0.0,0.0,0.028476506881822503,12.615092548647347,17.271001423825346,0.08542952064546751,0.0,0.0,0.0,0.0,0.0,0.0,0.0,0.0,0.0,0.0,0.0,0.0,0.0,0.0,0.0,0.0,0.402,0.01165,0.0,0.0,0.0,0.0,0.0,0.0,0.0,0.0,0.0,0.0,0.043604651162790706,12.674418604651144,17.18023255813954,0.10174418604651166,0.0,0.0,0.0,0.0,0.0,0.0,0.0,0.0,0.0,0.0,0.0,0.0,0.0,0.0,0.0,0.0
69400,4466,2342,0.5244066278549037,1048,920,0.4406627854903717,1295,0.5799373040752351,0.38599999999999995,2.9726930320150657,3.0422647578418345,6.40032154340836,2.104703023284754,8384.433676668159,506.09597433537726,7853.0,8866.4,8866.4,0.0,7853.0,0.0,28.295342588446037,21.11964214126425,33.179187682505976,19.3868313478282,0.13905060456784596,0.09471562919838782,0.09650694133452754,0.08240035826242723,0.07904164800716525,0.07993730407523511,0.0709807433945365,0.06090461262875056,0.05665024630541872,0.050156739811912224,0.04590237348858039,0.041648007165248545,0.03425884460367219,0.03045230631437528,0.01948051948051948,0.010747872816838333,0.007165248544558889,0.8282123425590902,0.032305520867375384,0.0,0.0,0.0,0.0,0.0,0.0,0.0,0.0,0.0,0.0,0.0,0.0,0.0,0.0,0.0,0.0,0.0,0.0,0.0,0.0,0.006717420510523961,0.11419614867890733,0.859829825347067,3.9296909986565036,12.252575011195704,9.935064935064936,2.297357814599194,0.47021943573667724,0.10747872816838337,0.026869682042095843,4.28776726253067,2.8328070939189063,3.9210526315789473,2.831975123918477,0.9144742220137935,4.292243767313019,2.846083123932562,4.2736696613683485,2.8200617575834666,0.9956726348847846,0.4023,0.011444,0.0,0.0,0.0,0.0,0.0,0.0,0.0,0.0,0.0,0.0,0.040304523063143756,12.816838334079696,17.04881325570981,0.09404388714733544,0.0,0.0,0.0,0.0,0.0,0.0,0.0,0.0,0.0,0.0,0.0,0.0,0.0,0.0,0.0,0.0,nan,nan,4.2829470771359395,2.833104036530705,nan,0.4023,0.065,0.0,0.0,0.0,0.0,0.0,0.0,0.0,0.0,0.0,0.0,0.0,0.0,0.0,0.0,0.0,0.0,0.0,0.000380653828929691,0.0,0.0,0.0,2.239140170174653e-05,0.0,0.0014106583072100312,0.001477832512315271,0.0033475145544111062,0.0175884460367219,0.00039184952978056425,0.005855351545006718,0.011341244961934617,0.027451858486341244,0.022279444693237796,0.043293775190326914,0.025761307657859382,0.024608150470219435,0.04409986565158979,0.05370577698163905,0.04628302731751008,0.06303179579041648,0.08083296014330497,0.07819077474249889,0.05788177339901478,0.06438647559337214,0.05528437080161218,0.033407971339005825,0.028414688759516346,0.022749664128974473,0.05124272279444693,0.020935960591133004,0.011800268696820422,0.01820420958351993,0.01873040752351097,0.037942230183609496,0.005250783699059561,0.008296014330497089,0.0014106583072100312,0.010064935064935065,0.00036945812807881776,0.0017129422301836094,0.0,0.0,0.0005597850425436632,0.0,0.0,0.0,0.0,0.0,0.0,0.0,0.0,0.0,0.0,0.0,0.0,0.0,0.0,0.0,0.0,0.0,0.0,0.0,0.0,0.0,0.0,0.0,0.0,0.0,0.0,0.0,0.0,0.0,0.0,0.0,0.0,0.0,0.0,0.0,0.0,0.0,0.0,0.0,nan,nan,4.2829470771359395,2.833104036530705,nan,0.8277161530355018,0.03255542500877128,0.0,0.0,0.0,0.0,0.0,0.0,0.0,0.0,0.0,0.0,0.0,0.0,0.0,0.0,0.0,0.0,0.0,0.0,0.0,0.0,0.0,0.11528608027327074,0.909479077711358,4.2527754056361955,11.79760888129804,9.978650725875323,2.369769427839454,0.4739538855678908,0.08966695132365501,0.01280956447480786,0.8287594592560034,0.032018794663879455,0.0,0.0,0.0,0.0,0.0,0.0,0.0,0.0,0.0,0.0,0.0,0.0,0.0,0.0,0.0,0.0,0.0,0.0,0.0,0.0,0.014124293785310738,0.1129943502824859,0.805084745762712,3.573446327683605,12.754237288135597,9.887005649717516,2.217514124293786,0.4661016949152543,0.12711864406779663,0.04237288135593221,0.4023,0.01131,0.0,0.0,0.0,0.0,0.0,0.0,0.0,0.0,0.0,0.0,0.02561912894961572,12.809564474807837,17.04953031596926,0.11528608027327074,0.0,0.0,0.0,0.0,0.0,0.0,0.0,0.0,0.0,0.0,0.0,0.0,0.0,0.0,0.0,0.0,0.402,0.01157,0.0,0.0,0.0,0.0,0.0,0.0,0.0,0.0,0.0,0.0,0.05649717514124295,12.824858757062128,17.04802259887006,0.07062146892655369,0.0,0.0,0.0,0.0,0.0,0.0,0.0,0.0,0.0,0.0,0.0,0.0,0.0,0.0,0.0,0.0
69500,4362,2242,0.5139844108207244,1035,905,0.4447501146263182,1243,0.5699220541036222,0.418,2.955188679245283,3.0550563503841923,6.427350427350428,2.1408371208607564,8373.871801925723,506.50177692696985,7853.0,8866.4,8866.4,0.0,7853.0,0.0,28.314076111875288,20.8571356868964,33.20054347826087,19.03599278849837,0.13961485557083905,0.09857863365428703,0.09032553874369555,0.08367721228794131,0.0749656121045392,0.07542411737734984,0.0687757909215956,0.06785878037597433,0.057083906464924346,0.05295735900962861,0.04883081155433287,0.04630903255387437,0.038285190279688214,0.024759284731774415,0.016506189821182942,0.011233379183860614,0.004814305364511692,0.8281678932350418,0.033851207680151256,0.0,0.0,0.0,0.0,0.0,0.0,0.0,0.0,0.0,0.0,0.0,0.0,0.0,0.0,0.0,0.0,0.0,0.0,0.0,0.0,0.027510316368638245,0.1237964236588721,0.8390646492434665,4.387895460797786,11.987620357634116,9.429160935350758,2.51031636863824,0.5226960110041267,0.10316368638239343,0.06877579092159561,4.18509272467903,2.838178229405773,4.371428571428571,3.172072006800371,1.0445237080771805,4.181113460183227,2.822747356065614,4.193661971830986,2.8623026972714434,1.0030012368158048,0.4023,0.011314,0.0,0.0,0.0,0.0,0.0,0.0,0.0,0.0,0.0,0.0,0.006877579092159561,12.592847317744136,17.303988995873457,0.09628610729023386,0.0,0.0,0.0,0.0,0.0,0.0,0.0,0.0,0.0,0.0,0.0,0.0,0.0,0.0,0.0,0.0,nan,nan,4.187389926030292,2.842607720778142,nan,0.4023,0.0649,0.0,0.0,0.0,0.0,0.0,0.0,0.0,0.0,0.0,0.0,0.0,0.0,0.0,0.0,0.0,0.0,0.0,0.0003897294818890417,0.0,0.0,0.0,5.7313159101329664e-05,1.1462631820265933e-05,0.0013067400275103163,0.0017423200366804218,0.0030375974323704723,0.017629527739569006,0.00022925263640531865,0.005066483264557543,0.012058688674919762,0.027223750573131592,0.02218019257221458,0.04345483723062815,0.025126088950022926,0.02367033470884915,0.04470426409903714,0.05486015589179276,0.042732691425951395,0.06273498395231546,0.08180880330123796,0.07987161852361302,0.05703805593764328,0.06801925722145805,0.0546767537826685,0.033356258596973866,0.029986244841815682,0.023888124713434204,0.049071526822558456,0.019853278312700597,0.012402567629527739,0.017400275103163686,0.0203232462173315,0.035430994956442,0.005788629069234296,0.008367721228794131,0.0014557542411737735,0.009708849151765245,0.00042411737734983953,0.0017881705639614855,0.0,2.2925263640531865e-05,0.0011004126547455295,0.0,0.0,0.0,0.0,0.0,0.0,0.0,0.0,0.0,0.0,0.0,0.0,0.0,0.0,0.0,0.0,0.0,0.0,0.0,0.0,0.0,0.0,0.0,0.0,0.0,0.0,0.0,0.0,0.0,0.0,0.0,0.0,0.0,0.0,0.0,0.0,0.0,0.0,0.0,nan,nan,4.187389926030292,2.842607720778142,nan,0.8282344774887245,0.03369537382582768,0.0,0.0,0.0,0.0,0.0,0.0,0.0,0.0,0.0,0.0,0.0,0.0,0.0,0.0,0.0,0.0,0.0,0.0,0.0,0.0,0.0,0.1338090990187333,0.9099018733273865,4.174843889384465,12.042818911685998,9.60749330954505,2.435325602140946,0.5486173059768066,0.053523639607493324,0.09366636931311331,0.8280974772460056,0.034015090806718544,0.0,0.0,0.0,0.0,0.0,0.0,0.0,0.0,0.0,0.0,0.0,0.0,0.0,0.0,0.0,0.0,0.0,0.0,0.0,0.0,0.056603773584905676,0.11320754716981135,0.7641509433962266,4.613207547169797,11.929245283018872,9.240566037735851,2.5896226415094343,0.49528301886792464,0.1556603773584906,0.04245283018867925,0.4023,0.01141,0.0,0.0,0.0,0.0,0.0,0.0,0.0,0.0,0.0,0.0,0.013380909901873331,12.671721677074023,17.221231043710976,0.09366636931311331,0.0,0.0,0.0,0.0,0.0,0.0,0.0,0.0,0.0,0.0,0.0,0.0,0.0,0.0,0.0,0.0,0.4026,0.01121,0.0,0.0,0.0,0.0,0.0,0.0,0.0,0.0,0.0,0.0,0.0,12.509433962264133,17.391509433962266,0.09905660377358494,0.0,0.0,0.0,0.0,0.0,0.0,0.0,0.0,0.0,0.0,0.0,0.0,0.0,0.0,0.0,0.0
69600,4335,2232,0.514878892733564,1000,904,0.4392156862745098,1191,0.5494809688581315,0.438,2.8673323823109844,3.0911025148528952,6.677238805970149,2.2415522645952306,8374.778269896193,506.4756023511274,7853.0,8866.4,8866.4,0.0,7853.0,0.0,27.344405997693194,20.880131347418633,32.45883005267535,19.172336746733354,0.1471741637831603,0.10196078431372549,0.09365628604382929,0.09158016147635525,0.08489042675893888,0.06805074971164937,0.07081891580161476,0.06228373702422145,0.052364475201845444,0.04867358708189158,0.04405997693194925,0.039907727797001157,0.03667820069204152,0.0265282583621684,0.014302191464821222,0.009688581314878892,0.007381776239907728,0.8286695939446815,0.03380542731860227,0.0,0.0,0.0,0.0,0.0,0.0,0.0,0.0,0.0,0.0,0.0,0.0,0.0,0.0,0.0,0.0,0.0,0.0,0.0,0.006920415224913497,0.006920415224913497,0.1660899653979239,0.7612456747404847,4.297577854671267,11.806228373702426,9.695501730103809,2.5328719723183397,0.5536332179930797,0.15224913494809691,0.020761245674740487,4.2025878003696855,2.847899111213657,4.21875,2.677853326360501,1.0038457732230823,4.184325108853411,2.8244707972866587,4.223122238586156,2.8679060474476903,1.009272016089442,0.4023,0.01152,0.0,0.0,0.0,0.0,0.0,0.0,0.0,0.0,0.0,0.0,0.04844290657439448,12.539792387543233,17.34256055363322,0.06920415224913497,0.0,0.0,0.0,0.0,0.0,0.0,0.0,0.0,0.0,0.0,0.0,0.0,0.0,0.0,0.0,0.0,nan,nan,4.202776762879065,2.8459702293019715,nan,0.4023,0.06506,0.0,0.0,0.0,0.0,0.0,0.0,0.0,0.0,0.0,0.0,0.0,0.0,0.0,0.0,0.0,0.0,0.0,0.0004728950403690888,0.0,0.0,0.0,0.00017301038062283736,0.0,0.0018108419838523645,0.0013379469434832757,0.0036562860438292964,0.01756632064590542,0.0004152249134948097,0.005063437139561707,0.013171856978085351,0.02625144175317186,0.023102652825836217,0.043990772779700114,0.02378316032295271,0.02442906574394464,0.04645905420991926,0.05139561707035756,0.04174163783160323,0.06222606689734717,0.08219146482122261,0.07994232987312572,0.05350634371395617,0.0709919261822376,0.05346020761245675,0.03236447520184545,0.03294117647058824,0.023794694348327566,0.050703575547866205,0.019019607843137255,0.012883506343713956,0.016366782006920415,0.02162629757785467,0.03494809688581315,0.006239907727797001,0.008292964244521337,0.001845444059976932,0.008558246828143021,0.0006113033448673587,0.0013725490196078432,0.0,2.306805074971165e-05,0.0012687427912341407,0.0,0.0,0.0,0.0,0.0,0.0,0.0,0.0,0.0,0.0,0.0,0.0,0.0,0.0,0.0,0.0,0.0,0.0,0.0,0.0,0.0,0.0,0.0,0.0,0.0,0.0,0.0,0.0,0.0,0.0,0.0,0.0,0.0,0.0,0.0,0.0,0.0,0.0,0.0,nan,nan,4.202776762879065,2.8459702293019715,nan,0.8287130531497754,0.033994398818034274,0.0,0.0,0.0,0.0,0.0,0.0,0.0,0.0,0.0,0.0,0.0,0.0,0.0,0.0,0.0,0.0,0.0,0.0,0.0,0.013440860215053767,0.013440860215053767,0.14784946236559143,0.7123655913978497,4.610215053763426,11.34408602150538,9.731182795698926,2.7150537634408605,0.5645161290322581,0.13440860215053765,0.013440860215053767,0.8286234689110299,0.03360364020110192,0.0,0.0,0.0,0.0,0.0,0.0,0.0,0.0,0.0,0.0,0.0,0.0,0.0,0.0,0.0,0.0,0.0,0.0,0.0,0.0,0.0,0.18544935805991447,0.813124108416548,3.9657631954350805,12.296718972895867,9.65763195435093,2.3395149786019975,0.5420827389443653,0.1711840228245364,0.02853067047075607,0.4023,0.01136,0.0,0.0,0.0,0.0,0.0,0.0,0.0,0.0,0.0,0.0,0.026881720430107534,12.365591397849444,17.540322580645164,0.06720430107526883,0.0,0.0,0.0,0.0,0.0,0.0,0.0,0.0,0.0,0.0,0.0,0.0,0.0,0.0,0.0,0.0,0.4023,0.01168,0.0,0.0,0.0,0.0,0.0,0.0,0.0,0.0,0.0,0.0,0.07132667617689017,12.724679029957185,17.13266761768902,0.07132667617689017,0.0,0.0,0.0,0.0,0.0,0.0,0.0,0.0,0.0,0.0,0.0,0.0,0.0,0.0,0.0,0.0
69700,4597,2390,0.5199042854035241,1120,941,0.4483358712203611,1328,0.5777681096367197,0.40599999999999997,2.9777979157227006,2.9623763787941777,6.2155038759689925,2.0441047627244378,8379.871002827931,506.29835141437644,7853.0,8866.4,8866.399999999998,1.8189894035458565e-12,7853.0,0.0,28.58037850772243,21.064469806256863,33.40694087403599,19.29510249005956,0.1326952360234936,0.09440939743310856,0.09484446378072656,0.0850554709593213,0.0815749401783772,0.07678921035457907,0.06830541657602784,0.06895801609745486,0.05895149010224059,0.048074831411790295,0.04415923428322819,0.04546443332608223,0.03437024146182293,0.027191646726125736,0.019360452469001522,0.011311725038068305,0.008483793778551229,0.8260655804564182,0.03391555823468737,0.0,0.0,0.0,0.0,0.0,0.0,0.0,0.0,0.0,0.0,0.0,0.0,0.0,0.0,0.0,0.0,0.0,0.0,0.0,0.0,0.02610398085708071,0.16314988035675443,0.9527953012834459,4.679138568631702,12.360234935827718,8.986295410050035,2.134000435066348,0.5090276267130739,0.15009788992821407,0.039155971285621066,4.251349527665317,2.830319779568827,3.9565217391304346,3.1688464623110604,0.9306507765084207,4.220146764509673,2.803951225227865,4.272847682119205,2.8681381406790374,1.0124879347923947,0.402,0.011505,0.0,0.0,0.0,0.0,0.0,0.0,0.0,0.0,0.0,0.0,0.03262997607135089,12.379812921470506,17.509245159886888,0.07831194257124213,0.0,0.0,0.0,0.0,0.0,0.0,0.0,0.0,0.0,0.0,0.0,0.0,0.0,0.0,0.0,0.0,nan,nan,4.246843853820598,2.83602800105966,nan,0.402,0.0649,0.0,0.0,0.0,0.0,0.0,0.0,0.0,0.0,0.0,0.0,0.0,0.0,0.0,0.0,0.0,0.0,0.0,0.00045681966499891235,0.0,0.0,1.0876658690450293e-05,2.1753317380900586e-05,4.350663476180117e-05,0.0018272786599956494,0.0013269523602349358,0.003447900804872743,0.01626060474222319,0.00025016314988035674,0.004850989775940831,0.01187731128997172,0.027289536654339787,0.02557102458124864,0.044170110941918646,0.024352838807918206,0.025418751359582336,0.04705242549488797,0.05125081574940178,0.04303893843811181,0.06385686317163368,0.08037850772242768,0.0779203828583859,0.055090276267130735,0.06839242984555145,0.052001305199042856,0.03190123993909071,0.03373939525777681,0.025059821622797476,0.04945616706547749,0.019469219055906026,0.012366760931041984,0.016934957581031106,0.021796824015662387,0.035142484228844896,0.006634761801174679,0.009223406569501848,0.0021535784207091582,0.007526647813791604,0.0004894496410702633,0.0007504894496410703,3.262997607135088e-05,0.0,0.0011638024798781815,0.0,0.0,0.0,0.0,0.0,0.0,0.0,0.0,0.0,0.0,0.0,0.0,0.0,0.0,0.0,0.0,0.0,0.0,0.0,0.0,0.0,0.0,0.0,0.0,0.0,0.0,0.0,0.0,0.0,0.0,0.0,0.0,0.0,0.0,0.0,0.0,0.0,0.0,0.0,nan,nan,4.246843853820598,2.83602800105966,nan,0.8264582751934498,0.03389571583589299,0.0,0.0,0.0,0.0,0.0,0.0,0.0,0.0,0.0,0.0,0.0,0.0,0.0,0.0,0.0,0.0,0.0,0.0,0.0,0.0,0.012552301255230129,0.2133891213389122,0.8158995815899583,4.556485355648521,12.527196652719669,9.138075313807533,1.97071129707113,0.5146443514644352,0.2133891213389122,0.037656903765690385,0.8256403242618076,0.03393190768797457,0.0,0.0,0.0,0.0,0.0,0.0,0.0,0.0,0.0,0.0,0.0,0.0,0.0,0.0,0.0,0.0,0.0,0.0,0.0,0.0,0.04077933846850929,0.10874490258269147,1.101042138649751,4.811961939284081,12.179429089261443,8.821930222020844,2.3108291798821936,0.502945174444948,0.08155867693701858,0.04077933846850929,0.4023,0.011375,0.0,0.0,0.0,0.0,0.0,0.0,0.0,0.0,0.0,0.0,0.050209205020920515,12.313807531380736,17.54811715481172,0.0878661087866109,0.0,0.0,0.0,0.0,0.0,0.0,0.0,0.0,0.0,0.0,0.0,0.0,0.0,0.0,0.0,0.0,0.402,0.01165,0.0,0.0,0.0,0.0,0.0,0.0,0.0,0.0,0.0,0.0,0.013593112822836434,12.451291345718152,17.467149977344814,0.06796556411418216,0.0,0.0,0.0,0.0,0.0,0.0,0.0,0.0,0.0,0.0,0.0,0.0,0.0,0.0,0.0,0.0
69800,4677,2400,0.5131494547787043,1115,943,0.4400256574727389,1321,0.5648920248022237,0.39799999999999996,2.9389547650417214,3.0517793762967473,6.42566510172144,2.2040718799189385,8373.02565747274,506.5247445613284,7853.0,8866.4,8866.399999999998,1.8189894035458565e-12,7853.0,0.0,27.961086166345947,20.923263678081945,32.85202135774218,19.2252156942984,0.13662604233483003,0.10605088732093222,0.09621552277100706,0.07633098139833226,0.08466966003848621,0.080393414581997,0.06585418002993372,0.06414368184733804,0.05473594184306179,0.05152875775069489,0.046183450930083386,0.0391276459268762,0.031216591832371177,0.03100277955954672,0.01924310455420141,0.011118238186871927,0.005559119093435963,0.8252560307588591,0.03357066177315299,0.0,0.0,0.0,0.0,0.0,0.0,0.0,0.0,0.0,0.0,0.0,0.0,0.0,0.0,0.0,0.0,0.0,0.0,0.0,0.0,0.006414368184733806,0.230917254650417,1.0070558050032075,4.438742783835778,13.040410519563826,8.608082103912766,1.9692110327132781,0.5452212957023734,0.1347017318794099,0.019243104554201414,4.327303754266212,2.834521207840791,3.6379310344827585,2.4892754510310477,0.8406923204538592,4.324883255503669,2.8081628197087274,4.302887844190732,2.8514129475333156,0.9949142184855634,0.4019,0.01161,0.0,0.0,0.0,0.0,0.0,0.0,0.0,0.0,0.0,0.0,0.04490057729313664,13.226427196921085,16.651699807568956,0.07697241821680566,0.0,0.0,0.0,0.0,0.0,0.0,0.0,0.0,0.0,0.0,0.0,0.0,0.0,0.0,0.0,0.0,nan,nan,4.313922356091031,2.8298195096432384,nan,0.4019,0.0648,0.0,0.0,0.0,0.0,0.0,0.0,0.0,0.0,0.0,0.0,0.0,0.0,0.0,0.0,0.0,0.0,0.0,0.00041693393200769723,0.0,0.0,1.0690613641223006e-05,8.552490912978404e-05,5.345306820611503e-05,0.001603592046183451,0.0012080393414581998,0.0029399187513363266,0.016987385075903357,0.0005879837502672653,0.005195638229634381,0.012743211460337824,0.026587556125721615,0.025518494761599314,0.0447509087021595,0.024406670942912122,0.027977335899080608,0.04348941629249519,0.04990378447722899,0.04369253795167843,0.06750053453068205,0.07780628608082103,0.07623476587556126,0.05754757323070344,0.06716912550780414,0.05529185375240539,0.032413940560188155,0.032723968355783624,0.025775069488988667,0.046333119521060506,0.019799016463545007,0.0125935428693607,0.017660893735300408,0.01980970707718623,0.036401539448364335,0.006425058798375027,0.008477656617489844,0.0026619627966645285,0.006425058798375027,0.0003420996365191362,0.0008017960230917255,0.0,0.0,0.001646354500748343,0.0,0.0,0.0,0.0,0.0,0.0,0.0,0.0,0.0,0.0,0.0,0.0,0.0,0.0,0.0,0.0,0.0,0.0,0.0,0.0,0.0,0.0,0.0,0.0,0.0,0.0,0.0,0.0,0.0,0.0,0.0,0.0,0.0,0.0,0.0,0.0,0.0,0.0,0.0,nan,nan,4.313922356091031,2.8298195096432384,nan,0.8251781785984834,0.03353441792044347,0.0,0.0,0.0,0.0,0.0,0.0,0.0,0.0,0.0,0.0,0.0,0.0,0.0,0.0,0.0,0.0,0.0,0.0,0.0,0.0,0.0,0.21250000000000005,1.0000000000000002,4.624999999999986,12.812500000000004,8.700000000000001,1.9125000000000003,0.6125,0.10000000000000002,0.025000000000000005,0.8253380883719035,0.03360862593854519,0.0,0.0,0.0,0.0,0.0,0.0,0.0,0.0,0.0,0.0,0.0,0.0,0.0,0.0,0.0,0.0,0.0,0.0,0.0,0.0,0.013175230566534918,0.25032938076416344,1.0144927536231887,4.242424242424229,13.280632411067197,8.511198945981556,2.0289855072463774,0.474308300395257,0.17127799736495394,0.013175230566534918,0.4019,0.0116,0.0,0.0,0.0,0.0,0.0,0.0,0.0,0.0,0.0,0.0,0.06250000000000001,13.362499999999981,16.462500000000002,0.11250000000000003,0.0,0.0,0.0,0.0,0.0,0.0,0.0,0.0,0.0,0.0,0.0,0.0,0.0,0.0,0.0,0.0,0.4019,0.01162,0.0,0.0,0.0,0.0,0.0,0.0,0.0,0.0,0.0,0.0,0.026350461133069835,13.08300395256915,16.85111989459816,0.03952569169960475,0.0,0.0,0.0,0.0,0.0,0.0,0.0,0.0,0.0,0.0,0.0,0.0,0.0,0.0,0.0,0.0
69900,4837,2465,0.5096133967335125,1179,1004,0.4513127971883399,1366,0.5648129005581972,0.39799999999999996,2.882377740303541,3.053774886593116,6.457364341085271,2.200802362275679,8369.442216249741,506.6063355531029,7853.0,8866.4,8866.4,0.0,7853.0,0.0,27.42795120942733,20.488322894398063,32.29391475732939,18.772141298002527,0.1383088691337606,0.10336985734959686,0.09675418647922265,0.08993177589414926,0.0754599958652057,0.07649369443870167,0.07277237957411618,0.06326235269795327,0.05954103783336779,0.05871407897457102,0.045482737233822616,0.03411205292536696,0.031010957204879057,0.02067397146991937,0.017159396320033077,0.011163944593756461,0.005788712011577424,0.824467579626411,0.03381430314176348,0.0,0.0,0.0,0.0,0.0,0.0,0.0,0.0,0.0,0.0,0.0,0.0,0.0,0.0,0.0,0.0,0.0,0.0,0.0,0.0,0.024808765763903253,0.1922679346702502,1.0853835021707672,4.670250155054772,12.850940665701884,8.658259251602233,1.8172420922059132,0.5209840810419682,0.09923506305561301,0.08062848873268558,4.269394435351882,2.884196364268796,3.86,2.8426044395940853,0.9041094840144139,4.3002528445006325,2.876116822475189,4.221419185282523,2.890964415669519,0.9816676688397693,0.402,0.0111,0.0,0.0,0.0,0.0,0.0,0.0,0.0,0.0,0.0,0.0,0.01860657432292744,12.90055819722967,16.96919578250982,0.11163944593756463,0.0,0.0,0.0,0.0,0.0,0.0,0.0,0.0,0.0,0.0,0.0,0.0,0.0,0.0,0.0,0.0,nan,nan,4.262801932367149,2.88399177777881,nan,0.402,0.0648,0.0,0.0,0.0,0.0,0.0,0.0,0.0,0.0,0.0,0.0,0.0,0.0,0.0,0.0,0.0,0.0,0.0,0.0002790986148439115,0.0,0.0,0.0,0.0,0.0,0.0017262766177382676,0.00164358073185859,0.0028530080628488734,0.017035352491213563,0.0007339259871821376,0.005519950382468472,0.011887533595203639,0.02600785610915857,0.025304941079181312,0.044821170146785196,0.023175522017779615,0.03155881744883192,0.041813107297911926,0.05025842464337399,0.04244366342774447,0.0657432292743436,0.07841637378540417,0.07811660119909035,0.058104196816208396,0.06780028943560058,0.055737027082902624,0.033068017366136036,0.030349390117841636,0.02525325615050651,0.04629935910688443,0.019940045482737232,0.013934256770725656,0.017211081248707877,0.01970229481083316,0.03688236510233616,0.0056956791399627865,0.008434980359727104,0.0027496382054992764,0.005995451726276618,0.0003101095720487906,0.000754599958652057,0.0,2.067397146991937e-05,0.0024085176762456066,1.0336985734959685e-05,0.0,0.0,0.0,0.0,0.0,0.0,0.0,0.0,0.0,0.0,0.0,0.0,0.0,0.0,0.0,0.0,0.0,0.0,0.0,0.0,0.0,0.0,0.0,0.0,0.0,0.0,0.0,0.0,0.0,0.0,0.0,0.0,0.0,0.0,0.0,0.0,0.0,0.0,nan,nan,4.262801932367149,2.88399177777881,nan,0.8241903423295786,0.03355218222942977,0.0,0.0,0.0,0.0,0.0,0.0,0.0,0.0,0.0,0.0,0.0,0.0,0.0,0.0,0.0,0.0,0.0,0.0,0.0,0.0,0.024340770791075057,0.18255578093306293,1.1561866125760651,4.6977687626774705,12.693711967545642,8.81135902636917,1.8133874239350916,0.4503042596348885,0.10953346855983775,0.06085192697768764,0.8247556866823521,0.034082175883393594,0.0,0.0,0.0,0.0,0.0,0.0,0.0,0.0,0.0,0.0,0.0,0.0,0.0,0.0,0.0,0.0,0.0,0.0,0.0,0.0,0.02529510961214166,0.20236087689713328,1.0118043844856663,4.641652613827978,13.014333895446883,8.499156829679597,1.8212478920741995,0.594435075885329,0.08853288364249581,0.10118043844856664,0.402,0.01095,0.0,0.0,0.0,0.0,0.0,0.0,0.0,0.0,0.0,0.0,0.012170385395537529,13.022312373225134,16.855983772819474,0.10953346855983775,0.0,0.0,0.0,0.0,0.0,0.0,0.0,0.0,0.0,0.0,0.0,0.0,0.0,0.0,0.0,0.0,0.402,0.01125,0.0,0.0,0.0,0.0,0.0,0.0,0.0,0.0,0.0,0.0,0.02529510961214166,12.774030354131517,17.08684654300169,0.11382799325463747,0.0,0.0,0.0,0.0,0.0,0.0,0.0,0.0,0.0,0.0,0.0,0.0,0.0,0.0,0.0,0.0
70000,4948,2541,0.5135408245755861,1235,984,0.448464025869038,1406,0.5683104284559418,0.39399999999999996,2.956377233070212,3.0293138944579434,6.408769448373409,1.9988913580111507,8373.422271624899,506.51415504549556,7853.0,8866.4,8866.4,0.0,7853.0,0.0,28.407639450282943,20.949716482593427,33.297413793103445,19.136624457055756,0.13641875505254647,0.09135004042037187,0.09114793856103476,0.09054163298302344,0.0788197251414713,0.07740501212611156,0.07417138237671786,0.06305578011317704,0.05739692805173808,0.055578011317704124,0.046685529506871465,0.03940986257073565,0.03395311236863379,0.02566693613581245,0.018593371059013743,0.012530315278900566,0.007275666936135812,0.824048214353374,0.033641293670310574,0.0,0.0,0.0,0.0,0.0,0.0,0.0,0.0,0.0,0.0,0.0,0.0,0.0,0.0,0.0,0.0,0.0,0.0,0.0,0.0,0.03031527890056589,0.2485852869846403,0.9761519805982217,4.892886014551318,12.823362974939373,8.379143088116413,2.0978172999191598,0.38197251414713024,0.1333872271624899,0.03637833468067907,4.229022082018927,2.794978031801065,4.203389830508475,2.589284705997033,0.9939389648449848,4.284392350400987,2.7946250435711284,4.17226368159204,2.786927881207035,0.9738285713262342,0.4026,0.01103,0.0,0.0,0.0,0.0,0.0,0.0,0.0,0.0,0.0,0.0,0.006063055780113178,12.483831851253013,17.443411479385613,0.06669361358124495,0.0,0.0,0.0,0.0,0.0,0.0,0.0,0.0,0.0,0.0,0.0,0.0,0.0,0.0,0.0,0.0,nan,nan,4.228553731805513,2.791357683332324,nan,0.4026,0.0648,0.0,0.0,0.0,0.0,0.0,0.0,0.0,0.0,0.0,0.0,0.0,0.0,0.0,0.0,0.0,0.0,0.0,0.000545675020210186,4.0420371867421184e-05,1.0105092966855296e-05,0.0,1.0105092966855296e-05,1.0105092966855296e-05,0.0017987065481002425,0.0016370250606305577,0.002910266774454325,0.018714632174616008,0.00048504446240905415,0.005204122877930477,0.009761519805982215,0.02570735650767987,0.02450485044462409,0.04261317704122878,0.02207962813257882,0.031255052546483426,0.03934923201293452,0.052071544058205334,0.045311236863379144,0.06727970897332256,0.07787995149555375,0.07468674211802749,0.059559417946645106,0.06782538399353275,0.057305982215036376,0.03381164106709782,0.030547696038803557,0.027010913500404205,0.04451293451899758,0.02134195634599838,0.015036378334680679,0.016006467259498787,0.02003839935327405,0.036529911075181894,0.0059417946645109136,0.007225141471301536,0.002607113985448666,0.007124090541632983,0.00043451899757477767,0.0008993532740501212,0.0,2.0210185933710592e-05,0.0023544866612772836,0.0,0.0,0.0,0.0,0.0,0.0,0.0,0.0,0.0,0.0,0.0,0.0,0.0,0.0,0.0,0.0,0.0,0.0,0.0,0.0,0.0,0.0,0.0,0.0,0.0,0.0,0.0,0.0,0.0,0.0,0.0,0.0,0.0,0.0,0.0,0.0,0.0,0.0,0.0,nan,nan,4.228553731805513,2.791357683332324,nan,0.824208698020306,0.033599982074215946,0.0,0.0,0.0,0.0,0.0,0.0,0.0,0.0,0.0,0.0,0.0,0.0,0.0,0.0,0.0,0.0,0.0,0.0,0.0,0.0,0.03541912632821724,0.2715466351829989,0.8382526564344748,5.017709563164093,12.845336481700121,8.34710743801653,2.0543093270366,0.41322314049586784,0.12987012987012989,0.04722550177095633,0.8238787964066877,0.03368402051785898,0.0,0.0,0.0,0.0,0.0,0.0,0.0,0.0,0.0,0.0,0.0,0.0,0.0,0.0,0.0,0.0,0.0,0.0,0.0,0.0,0.02492729538845036,0.22434565849605323,1.121728292480266,4.761113419194002,12.80016618196926,8.412962193601995,2.1437474034067305,0.34898213543830503,0.13710012463647697,0.02492729538845036,0.4026,0.011116,0.0,0.0,0.0,0.0,0.0,0.0,0.0,0.0,0.0,0.0,0.0,12.656434474616274,17.260920897284535,0.08264462809917357,0.0,0.0,0.0,0.0,0.0,0.0,0.0,0.0,0.0,0.0,0.0,0.0,0.0,0.0,0.0,0.0,0.4026,0.01094,0.0,0.0,0.0,0.0,0.0,0.0,0.0,0.0,0.0,0.0,0.01246364769422518,12.30162027420023,17.63606148732863,0.04985459077690072,0.0,0.0,0.0,0.0,0.0,0.0,0.0,0.0,0.0,0.0,0.0,0.0,0.0,0.0,0.0,0.0
70100,4927,2541,0.5157296529328191,1208,1031,0.45443474731073674,1427,0.5792571544550437,0.414,2.984073763621123,3.0837292227299824,6.540298507462687,2.2375399405418803,8375.64043028212,506.4492004953909,7853.0,8866.4,8866.4,0.0,7853.0,0.0,28.195656586157906,20.777242526193795,32.99663704059572,19.017988077252074,0.13476760706312158,0.09437791759691495,0.09458088086056424,0.08443271767810026,0.08828901968743658,0.07651715039577836,0.07042825248629998,0.06291861173127664,0.05906230972194033,0.049523036330424194,0.045666734321087886,0.044043028211893646,0.032880048711183274,0.02719707732900345,0.018266693728435153,0.010960016237061092,0.006088897909478384,0.8231198024696527,0.033967146829255807,0.0,0.0,0.0,0.0,0.0,0.0,0.0,0.0,0.0,0.0,0.0,0.0,0.0,0.0,0.0,0.0,0.0,0.0,0.0,0.006088897909478386,0.07306677491374063,0.2800893038360057,1.1447128069819366,4.944185102496433,12.463974020702256,8.52445707326974,2.1250253704079567,0.36533387456870314,0.05480008118530547,0.018266693728435156,4.290139064475348,2.9683141436685982,4.507246376811594,2.8621629016410566,1.0506061246671492,4.215782983970407,2.935861430667389,4.374301675977653,2.994438885537869,1.0376012457495982,0.4019,0.01125,0.0,0.0,0.0,0.0,0.0,0.0,0.0,0.0,0.0,0.0,0.03653338745687031,12.93281915973207,16.988025167444697,0.042622285366348704,0.0,0.0,0.0,0.0,0.0,0.0,0.0,0.0,0.0,0.0,0.0,0.0,0.0,0.0,0.0,0.0,nan,nan,4.294772656974946,2.966254252854506,nan,0.4019,0.06433,0.0,0.0,0.0,0.0,0.0,0.0,0.0,0.0,0.0,0.0,0.0,0.0,0.0,0.0,0.0,0.0,0.0,0.0005682971382179826,0.0,4.05926527298559e-05,0.0,0.0,0.0,0.0021920032474122184,0.0019382991678506191,0.0021006697787700427,0.01856099046072661,0.0007306677491374061,0.005145118733509235,0.00944793992287396,0.02627359447939923,0.02559366754617414,0.042327988634057234,0.021970773290034502,0.03276841891617617,0.03858331641972803,0.05158311345646438,0.04465191800284148,0.06973817738989244,0.07748122589811245,0.07437588796427846,0.061315201948447334,0.06967728841079765,0.05794601177186929,0.03283945605845342,0.02975441445098437,0.02670996549624518,0.04381976862187944,0.01994114065354171,0.014379947229551451,0.016490765171503958,0.019169880251674445,0.0368175360259793,0.005074081591231987,0.007803937487314796,0.0028211893647249846,0.006626750558148975,0.0005074081591231987,0.0006697787700426223,1.0148163182463974e-05,2.029632636492795e-05,0.0015323726405520601,0.0,0.0,0.0,0.0,0.0,0.0,0.0,0.0,0.0,0.0,0.0,0.0,0.0,0.0,0.0,0.0,0.0,0.0,0.0,0.0,0.0,0.0,0.0,0.0,0.0,0.0,0.0,0.0,0.0,0.0,0.0,0.0,0.0,0.0,0.0,0.0,0.0,0.0,0.0,nan,nan,4.294772656974946,2.966254252854506,nan,0.8232419263983467,0.03404101984194331,0.0,0.0,0.0,0.0,0.0,0.0,0.0,0.0,0.0,0.0,0.0,0.0,0.0,0.0,0.0,0.0,0.0,0.0,0.0,0.0,0.059031877213695405,0.295159386068477,1.0979929161747346,5.076741440377789,12.125147579693037,8.748524203069659,2.148760330578513,0.3896103896103897,0.023612750885478165,0.03541912632821724,0.8229897450921122,0.03388781387306361,0.0,0.0,0.0,0.0,0.0,0.0,0.0,0.0,0.0,0.0,0.0,0.0,0.0,0.0,0.0,0.0,0.0,0.0,0.0,0.012573344509639567,0.08801341156747697,0.2640402347024309,1.1944677284157588,4.803017602682298,12.824811399832358,8.285834031852474,2.099748533109808,0.33948030176026833,0.08801341156747697,0.0,0.4019,0.01124,0.0,0.0,0.0,0.0,0.0,0.0,0.0,0.0,0.0,0.0,0.059031877213695405,12.96340023612749,16.918536009445102,0.059031877213695405,0.0,0.0,0.0,0.0,0.0,0.0,0.0,0.0,0.0,0.0,0.0,0.0,0.0,0.0,0.0,0.0,0.402,0.01128,0.0,0.0,0.0,0.0,0.0,0.0,0.0,0.0,0.0,0.0,0.012573344509639567,12.900251466890175,17.06202849958089,0.025146689019279134,0.0,0.0,0.0,0.0,0.0,0.0,0.0,0.0,0.0,0.0,0.0,0.0,0.0,0.0,0.0,0.0
70200,4940,2612,0.5287449392712551,1232,1016,0.45506072874493925,1385,0.5607287449392713,0.40199999999999997,2.9892611683848798,3.1098675904406066,6.630030959752322,2.204897939053441,8388.83012145749,505.8619634088648,7853.0,8866.4,8866.4,0.0,7853.0,0.0,28.38441295546559,20.81943287854219,33.31370192307692,18.979667885043057,0.13623481781376517,0.09696356275303644,0.08663967611336032,0.0902834008097166,0.0840080971659919,0.07206477732793522,0.06680161943319839,0.06477732793522267,0.05931174089068826,0.05425101214574899,0.04919028340080972,0.04473684210526316,0.03502024291497976,0.026923076923076925,0.017813765182186234,0.008704453441295546,0.006275303643724696,0.8236351391081868,0.034946237693630464,0.0,0.0,0.0,0.0,0.0,0.0,0.0,0.0,0.0,0.0,0.0,0.0,0.0,0.0,0.0,0.0,0.0,0.0,0.012145748987854255,0.01821862348178138,0.04251012145748989,0.21255060728744943,0.8744939271255062,5.4230769230769065,12.70445344129555,7.919028340080973,2.082995951417004,0.5101214574898786,0.1761133603238867,0.02429149797570851,4.1875,2.935363504153302,4.393939393939394,3.034542488998799,1.0492989597467208,4.240372670807454,3.001653351485299,4.143472906403941,2.871806516460527,0.9771482905097912,0.4023,0.011024,0.0,0.0,0.0,0.0,0.0,0.0,0.0,0.0,0.0,0.0,0.012145748987854255,12.546558704453423,17.362348178137655,0.07894736842105265,0.0,0.0,0.0,0.0,0.0,0.0,0.0,0.0,0.0,0.0,0.0,0.0,0.0,0.0,0.0,0.0,nan,nan,4.191713048855906,2.937566057874305,nan,0.4023,0.06396,0.0,0.0,0.0,0.0,0.0,0.0,0.0,0.0,0.0,0.0,0.0,0.0,0.0,1.0121457489878542e-05,0.0,0.0,0.0,0.0006477732793522267,0.0,7.085020242914979e-05,0.0,4.048582995951417e-05,1.0121457489878542e-05,0.0018623481781376518,0.0022672064777327933,0.0020445344129554656,0.01708502024291498,0.0008400809716599191,0.00451417004048583,0.008704453441295546,0.027044534412955467,0.024908906882591092,0.039706477732793524,0.022834008097165993,0.03347165991902834,0.03816801619433199,0.05437246963562753,0.045263157894736845,0.07125506072874493,0.07639676113360323,0.07362348178137652,0.05979757085020243,0.06956477732793523,0.05864372469635627,0.03338056680161943,0.029281376518218622,0.02783400809716599,0.0434919028340081,0.019281376518218624,0.015718623481781376,0.015354251012145749,0.019787449392712552,0.03791497975708502,0.006072874493927126,0.007742914979757085,0.00257085020242915,0.006437246963562753,0.0006477732793522267,0.00039473684210526315,1.0121457489878542e-05,0.0,0.0009210526315789473,1.0121457489878542e-05,0.0,0.0,0.0,0.0,0.0,0.0,0.0,0.0,0.0,0.0,0.0,0.0,0.0,0.0,0.0,0.0,0.0,0.0,0.0,0.0,0.0,0.0,0.0,0.0,0.0,0.0,0.0,0.0,0.0,0.0,0.0,0.0,0.0,0.0,0.0,0.0,0.0,0.0,nan,nan,4.191713048855906,2.937566057874305,nan,0.8229116217830827,0.035503895072393335,0.0,0.0,0.0,0.0,0.0,0.0,0.0,0.0,0.0,0.0,0.0,0.0,0.0,0.0,0.0,0.0,0.0,0.0,0.02297090352220521,0.011485451761102605,0.04594180704441042,0.2986217457886678,0.872894333843798,5.54747320061254,12.679938744257276,7.833078101071977,1.9869831546707508,0.4823889739663094,0.18376722817764168,0.034456355283307816,0.8244469205743259,0.034291593970546784,0.0,0.0,0.0,0.0,0.0,0.0,0.0,0.0,0.0,0.0,0.0,0.0,0.0,0.0,0.0,0.0,0.0,0.0,0.0,0.025773195876288665,0.038659793814433,0.11597938144329899,0.8762886597938147,5.283505154639159,12.7319587628866,8.015463917525775,2.1907216494845363,0.5412371134020619,0.16752577319587633,0.012886597938144333,0.4023,0.010925,0.0,0.0,0.0,0.0,0.0,0.0,0.0,0.0,0.0,0.0,0.011485451761102605,12.358346094946382,17.59571209800919,0.034456355283307816,0.0,0.0,0.0,0.0,0.0,0.0,0.0,0.0,0.0,0.0,0.0,0.0,0.0,0.0,0.0,0.0,0.402,0.01114,0.0,0.0,0.0,0.0,0.0,0.0,0.0,0.0,0.0,0.0,0.012886597938144333,12.757731958762868,17.100515463917528,0.1288659793814433,0.0,0.0,0.0,0.0,0.0,0.0,0.0,0.0,0.0,0.0,0.0,0.0,0.0,0.0,0.0,0.0
70300,4792,2505,0.5227462437395659,1188,984,0.4532554257095159,1338,0.5584307178631052,0.414,3.0682116309575864,3.156559025614904,6.786729857819905,2.163246248087999,8382.751043405677,506.1754037859895,7853.0,8866.4,8866.4,0.0,7853.0,0.0,27.928422370617696,20.77989252629187,32.752970297029705,19.059478712732357,0.13585141903171954,0.10371452420701169,0.08973288814691152,0.08827212020033388,0.08096828046744574,0.08055091819699499,0.07032554257095158,0.06782136894824708,0.05363105175292154,0.04778797996661102,0.047370617696160265,0.03923205342237062,0.032345575959933225,0.02712854757929883,0.017529215358931552,0.010642737896494158,0.0070951585976627716,0.8236832541595517,0.03423749138397437,0.0,0.0,0.0,0.0,0.0,0.0,0.0,0.0,0.0,0.0,0.0,0.0,0.0,0.0,0.0,0.0,0.0,0.0,0.0,0.0,0.043823038397328894,0.20033388981636066,1.1644407345575962,4.964524207011671,12.752504173622707,8.257512520868115,1.990818030050084,0.463272120200334,0.14398998330550922,0.018781302170283808,4.272697368421053,2.9256653472677976,4.5675675675675675,2.6614418012894516,1.0690126572796523,4.302355187778485,2.9616024880356417,4.256642903434867,2.8768602604279683,0.9893750556733505,0.4023,0.011185,0.0,0.0,0.0,0.0,0.0,0.0,0.0,0.0,0.0,0.0,0.0,12.72746243739564,17.191151919866446,0.08138564273789652,0.0,0.0,0.0,0.0,0.0,0.0,0.0,0.0,0.0,0.0,0.0,0.0,0.0,0.0,0.0,0.0,nan,nan,4.279704560051381,2.9200092230366153,nan,0.4023,0.064,0.0,0.0,0.0,0.0,0.0,0.0,0.0,0.0,0.0,0.0,0.0,0.0,0.0,0.0,0.0,0.0,0.0,0.0006469115191986644,0.0,0.00012520868113522537,1.0434056761268781e-05,0.00013564273789649415,6.260434056761268e-05,0.0018885642737896495,0.003182387312186978,0.0012938230383973289,0.016840567612687814,0.0008764607679465777,0.003912771285475793,0.0080550918196995,0.027337228714524205,0.024968697829716193,0.04024415692821369,0.023873121869782972,0.03194908180300501,0.039503338898163605,0.05402754590984975,0.04237270450751252,0.07503130217028381,0.0760329716193656,0.07104549248747913,0.05907762938230384,0.0686143572621035,0.05994365609348915,0.03441151919866444,0.028620617696160266,0.029559682804674456,0.042602253756260436,0.019167362270450752,0.01574499165275459,0.015619782971619365,0.020482053422370618,0.038668614357262106,0.006281302170283806,0.00744991652754591,0.0026502504173622704,0.005582220367278798,0.0007408180300500835,0.00041736227045075126,0.0,0.0,0.0009494991652754591,0.0,0.0,0.0,0.0,0.0,0.0,0.0,0.0,0.0,0.0,0.0,0.0,0.0,0.0,0.0,0.0,0.0,0.0,0.0,0.0,0.0,0.0,0.0,0.0,0.0,0.0,0.0,0.0,0.0,0.0,0.0,0.0,0.0,0.0,0.0,0.0,0.0,0.0,0.0,nan,nan,4.279704560051381,2.9200092230366153,nan,0.8245675233309854,0.03454702247284444,0.0,0.0,0.0,0.0,0.0,0.0,0.0,0.0,0.0,0.0,0.0,0.0,0.0,0.0,0.0,0.0,0.0,0.0,0.0,0.0,0.035928143712574856,0.15568862275449105,1.221556886227545,4.814371257485015,12.586826347305392,8.491017964071858,1.9401197604790423,0.5748502994011977,0.14371257485029942,0.035928143712574856,0.8227146952288819,0.03386872916497463,0.0,0.0,0.0,0.0,0.0,0.0,0.0,0.0,0.0,0.0,0.0,0.0,0.0,0.0,0.0,0.0,0.0,0.0,0.0,0.0,0.05247048535198952,0.2492348054219502,1.1018801923917798,5.1289899431569586,12.933974639265417,8.001749016178401,2.0463489287275913,0.3410581547879319,0.14429383471797116,0.0,0.4023,0.01113,0.0,0.0,0.0,0.0,0.0,0.0,0.0,0.0,0.0,0.0,0.0,12.982035928143693,16.958083832335333,0.0598802395209581,0.0,0.0,0.0,0.0,0.0,0.0,0.0,0.0,0.0,0.0,0.0,0.0,0.0,0.0,0.0,0.0,0.4026,0.01125,0.0,0.0,0.0,0.0,0.0,0.0,0.0,0.0,0.0,0.0,0.0,12.448622649759493,17.446436379536514,0.10494097070397904,0.0,0.0,0.0,0.0,0.0,0.0,0.0,0.0,0.0,0.0,0.0,0.0,0.0,0.0,0.0,0.0
70400,4546,2344,0.515618125824901,1097,929,0.4456665200175979,1261,0.5547734271887373,0.434,2.9341507720254314,3.175566049932796,6.722222222222222,2.3207331749117137,8375.527408710956,506.4527452127159,7853.0,8866.4,8866.4,0.0,7853.0,0.0,27.844038715354156,20.880235991200273,32.855266614131864,19.118389206697906,0.14100307963044434,0.09656841179058513,0.09282886053673559,0.09084909810822701,0.08358996920369556,0.07347118345798505,0.07633084029916411,0.05785305763308403,0.05411350637923449,0.04949406071271448,0.049934007919049714,0.0409150901891773,0.030796304443466784,0.029256489221293445,0.015618125824901012,0.009458864936207656,0.007919049714034315,0.8263756674499276,0.03483316011955975,0.0,0.0,0.0,0.0,0.0,0.0,0.0,0.0,0.0,0.0,0.0,0.0,0.0,0.0,0.0,0.0,0.0,0.0,0.0,0.03959524857017158,0.03959524857017158,0.10558732952045757,0.9040915090189179,4.5138583369995455,12.630884293884737,8.823141223053236,2.1117465904091515,0.5807303123625166,0.17157941047074357,0.07919049714034317,4.2929714683368125,3.002742774478032,4.067796610169491,2.9392977760444237,0.9475480189355746,4.273858921161826,2.961200443843141,4.302622730329523,3.040393801183579,1.0067301728246747,0.4019,0.01108,0.0,0.0,0.0,0.0,0.0,0.0,0.0,0.0,0.0,0.0,0.013198416190057197,13.191816981962145,16.722393312802467,0.07259128904531457,0.0,0.0,0.0,0.0,0.0,0.0,0.0,0.0,0.0,0.0,0.0,0.0,0.0,0.0,0.0,0.0,nan,nan,4.288441868394136,3.001646222909552,nan,0.4019,0.06415,0.0,0.0,0.0,0.0,0.0,0.0,0.0,0.0,0.0,0.0,0.0,0.0,0.0,0.0,0.0,0.0,0.0,0.0006599208095028596,0.0,8.798944126704795e-05,0.0,3.2996040475142986e-05,8.798944126704795e-05,0.001913770347558293,0.0031346238451385833,0.0015508139023317203,0.017344918609766828,0.0003959524857017158,0.003618565772107347,0.008699956005279367,0.028794544654641444,0.023834139903211614,0.040002199736031675,0.026407831060272766,0.030807303123625163,0.04238891333040035,0.05566432028156621,0.044896612406511216,0.07337219533655961,0.07318521777386713,0.06879674439067313,0.06022877254729433,0.06708095028596568,0.057259128904531456,0.03508578970523537,0.028937527496700397,0.029465464144302685,0.044148702155741314,0.018851737791465026,0.017223933128024636,0.014078310602727673,0.022195336559612845,0.03688957325120985,0.00597228332600088,0.006544214694236692,0.0017047954245490542,0.005884293884733832,0.0007699076110866696,0.00045094588649362077,2.199736031676199e-05,3.2996040475142986e-05,0.0014958205015398152,0.0,0.0,0.0,0.0,0.0,0.0,0.0,0.0,0.0,0.0,0.0,0.0,0.0,0.0,0.0,0.0,0.0,0.0,0.0,0.0,0.0,0.0,0.0,0.0,0.0,0.0,0.0,0.0,0.0,0.0,0.0,0.0,0.0,0.0,0.0,0.0,0.0,0.0,0.0,nan,nan,4.288441868394136,3.001646222909552,nan,0.8263939477935586,0.03455559468134111,0.0,0.0,0.0,0.0,0.0,0.0,0.0,0.0,0.0,0.0,0.0,0.0,0.0,0.0,0.0,0.0,0.0,0.0,0.0,0.03839590443686008,0.05119453924914677,0.07679180887372015,0.9087030716723551,4.453924914675754,12.645051194539253,8.946245733788398,2.0733788395904442,0.5759385665529011,0.1791808873720137,0.05119453924914677,0.8263562082648819,0.03512620447567068,0.0,0.0,0.0,0.0,0.0,0.0,0.0,0.0,0.0,0.0,0.0,0.0,0.0,0.0,0.0,0.0,0.0,0.0,0.0,0.04087193460490464,0.02724795640326976,0.1362397820163488,0.8991825613079021,4.577656675749305,12.6158038147139,8.692098092643054,2.152588555858311,0.5858310626702998,0.16348773841961856,0.10899182561307905,0.4019,0.011116,0.0,0.0,0.0,0.0,0.0,0.0,0.0,0.0,0.0,0.0,0.0,13.259385665528992,16.6382252559727,0.10238907849829354,0.0,0.0,0.0,0.0,0.0,0.0,0.0,0.0,0.0,0.0,0.0,0.0,0.0,0.0,0.0,0.0,0.4019,0.01103,0.0,0.0,0.0,0.0,0.0,0.0,0.0,0.0,0.0,0.0,0.02724795640326976,13.119891008174369,16.811989100817442,0.04087193460490464,0.0,0.0,0.0,0.0,0.0,0.0,0.0,0.0,0.0,0.0,0.0,0.0,0.0,0.0,0.0,0.0
70500,4846,2535,0.5231118448204705,1227,966,0.45253817581510525,1366,0.5637639290136195,0.40599999999999997,3.041973171787105,3.1398203639587696,6.629898403483309,2.1640364682306057,8383.121543541065,506.15839546346933,7853.0,8866.4,8866.399999999998,1.8189894035458565e-12,7853.0,0.0,28.842137845645894,21.101538201174264,33.57246904588492,19.34293395409207,0.13103590590177466,0.09636813867106893,0.09100288898060256,0.08625670656211308,0.07490713990920346,0.07944696657036732,0.07284358233594718,0.06025588113908378,0.06025588113908378,0.05179529508873298,0.05096987205943046,0.0385885266198927,0.04023937267849773,0.027858027238959967,0.019191085431283533,0.00990507635163021,0.009079653322327692,0.8268532592232838,0.033176399595032866,0.0,0.0,0.0,0.0,0.0,0.0,0.0,0.0,0.0,0.0,0.0,0.0,0.0,0.0,0.0,0.0,0.0,0.0,0.006190672719768883,0.006190672719768883,0.02476269087907553,0.11762278167560877,0.8666941807676436,4.531572430870807,12.078002476269091,9.508873297565003,2.3462649607924067,0.3590590177465952,0.1114321089558399,0.043334709038382185,4.2422517394054395,2.9574483402961373,4.27906976744186,2.679166664914357,1.0086788880759774,4.221806853582555,2.9510056113904124,4.26375,2.9566342245025847,1.0099348804604487,0.4016,0.011055,0.0,0.0,0.0,0.0,0.0,0.0,0.0,0.0,0.0,0.0,0.018572018159306647,13.470903838217067,16.411473380107306,0.09905076351630213,0.0,0.0,0.0,0.0,0.0,0.0,0.0,0.0,0.0,0.0,0.0,0.0,0.0,0.0,0.0,0.0,nan,nan,4.242745709828393,2.9538913142387195,nan,0.4016,0.0649,0.0,0.0,0.0,0.0,0.0,0.0,0.0,0.0,0.0,0.0,0.0,0.0,0.0,0.0,0.0,0.0,0.0,0.0004746182418489476,0.0,0.0,0.0,1.0317787866281469e-05,7.222451506397028e-05,0.0020635575732562937,0.0033429632686751963,0.0022183243912505157,0.01856170037144036,0.0004127115146512588,0.004694593479158069,0.009017746595130004,0.02760008254230293,0.024164259182831202,0.04212752785802724,0.025536524969046636,0.031077177053239785,0.04111638464713165,0.056015270326042095,0.046553858852661986,0.07221419727610401,0.07183243912505159,0.06827280231118449,0.05976062732150227,0.06816962443252167,0.05599463475030953,0.035503508047874534,0.027775484936029715,0.02984936029715229,0.041766405282707385,0.018922822946760214,0.015817168799009493,0.013588526619892695,0.020491126702434997,0.03824803962030541,0.007758976475443665,0.007387536112257532,0.0014444903012794056,0.0073256293850598436,0.0007016095749071399,0.0005881139083780437,1.0317787866281469e-05,5.158893933140735e-05,0.0014651258770119685,0.0,0.0,0.0,0.0,0.0,0.0,0.0,0.0,0.0,0.0,0.0,0.0,0.0,0.0,0.0,0.0,0.0,0.0,0.0,0.0,0.0,0.0,0.0,0.0,0.0,0.0,0.0,0.0,0.0,0.0,0.0,0.0,0.0,0.0,0.0,0.0,0.0,0.0,0.0,nan,nan,4.242745709828393,2.9538913142387195,nan,0.8274756882317673,0.03370089463289991,0.0,0.0,0.0,0.0,0.0,0.0,0.0,0.0,0.0,0.0,0.0,0.0,0.0,0.0,0.0,0.0,0.0,0.0,0.011834319526627222,0.011834319526627222,0.0,0.14201183431952666,0.7100591715976333,4.579881656804719,11.857988165680476,9.763313609467458,2.3313609467455625,0.39053254437869833,0.14201183431952666,0.059171597633136105,0.8261704995796207,0.032577686155869943,0.0,0.0,0.0,0.0,0.0,0.0,0.0,0.0,0.0,0.0,0.0,0.0,0.0,0.0,0.0,0.0,0.0,0.0,0.0,0.0,0.05192557334487236,0.09086975335352664,1.038511466897447,4.478580700995226,12.319342276070968,9.229770662051061,2.3626135871916922,0.32453483340545225,0.07788836001730853,0.02596278667243618,0.4014,0.01098,0.0,0.0,0.0,0.0,0.0,0.0,0.0,0.0,0.0,0.0,0.023668639053254444,13.727810650887553,16.177514792899412,0.07100591715976333,0.0,0.0,0.0,0.0,0.0,0.0,0.0,0.0,0.0,0.0,0.0,0.0,0.0,0.0,0.0,0.0,0.4016,0.01113,0.0,0.0,0.0,0.0,0.0,0.0,0.0,0.0,0.0,0.0,0.01298139333621809,13.189095629597558,16.66810904370403,0.1298139333621809,0.0,0.0,0.0,0.0,0.0,0.0,0.0,0.0,0.0,0.0,0.0,0.0,0.0,0.0,0.0,0.0
70600,4791,2494,0.5205593821749113,1205,969,0.45376748069296596,1330,0.5552076810686705,0.40599999999999997,2.9281671745755333,3.0572214860135447,6.524539877300613,2.192642242366736,8380.534877896056,506.2714665701162,7853.0,8866.4,8866.400000000001,1.8189894035458565e-12,7853.0,0.0,28.42350240033396,20.8731931621477,33.14440344403444,19.12768152536736,0.13337507827175954,0.09747443122521394,0.09100396576915049,0.08578584846587352,0.08015028177833437,0.08223752869964517,0.06867042371112503,0.06261740763932373,0.05739929033604675,0.05385097056981841,0.04717178042162388,0.03924024212064287,0.037987893967856394,0.029221456898351074,0.016906700062617408,0.010436234606553955,0.0064704654560634525,0.8246511334144753,0.03281993720329398,0.0,0.0,0.0,0.0,0.0,0.0,0.0,0.0,0.0,0.0,0.0,0.0,0.0,0.0,0.0,0.0,0.0,0.0,0.0,0.0,0.03130870381966187,0.15028177833437698,0.9830932999373828,4.8653725735754385,12.786474639949908,8.609893550407016,1.972448340638698,0.4884157795867252,0.08766437069505324,0.0250469630557295,4.145947691314175,2.8578433922921556,3.977272727272727,2.8879737813878212,0.9593157037666382,4.109502831969793,2.8144805041101093,4.176660219213411,2.9021874295378183,1.0163419737105834,0.4011,0.01122,0.0,0.0,0.0,0.0,0.0,0.0,0.0,0.0,0.0,0.0,0.0250469630557295,13.569192235441433,16.35566687539136,0.050093926111459,0.0,0.0,0.0,0.0,0.0,0.0,0.0,0.0,0.0,0.0,0.0,0.0,0.0,0.0,0.0,0.0,nan,nan,4.143584845590576,2.858336402472095,nan,0.4011,0.06476,0.0,0.0,0.0,0.0,0.0,0.0,0.0,0.0,0.0,0.0,0.0,0.0,0.0,0.0,0.0,0.0,0.0,0.00048006679190148196,0.0,0.0,0.0,1.0436234606553956e-05,1.0436234606553956e-05,0.0020663744520976832,0.002327280317261532,0.002776038405343352,0.01915049050302651,0.000688791484032561,0.003736171989146316,0.01002922145689835,0.027395115842204134,0.023836359841369233,0.04285117929451054,0.02609058651638489,0.031486119807973285,0.03979336255479023,0.05643915675224379,0.04704654560634523,0.07445209768315592,0.06964099352953454,0.06766854518889584,0.06177207263619286,0.06980797328323941,0.05444583594239198,0.036130244207889795,0.026925485284909206,0.029085785848465873,0.04093091212690461,0.019400960133583802,0.015977875182634105,0.011166771029012732,0.021091630139845545,0.03951158422041327,0.0073784178668336465,0.007221874347735337,0.0014297641410978919,0.00694009601335838,0.0007409726570653309,0.0005113754957211438,0.0,5.2181173032769774e-05,0.0015028177833437697,0.0,0.0,0.0,0.0,0.0,0.0,0.0,0.0,0.0,0.0,0.0,0.0,0.0,0.0,0.0,0.0,0.0,0.0,0.0,0.0,0.0,0.0,0.0,0.0,0.0,0.0,0.0,0.0,0.0,0.0,0.0,0.0,0.0,0.0,0.0,0.0,0.0,0.0,0.0,nan,nan,4.143584845590576,2.858336402472095,nan,0.8241254233463152,0.03291907542195913,0.0,0.0,0.0,0.0,0.0,0.0,0.0,0.0,0.0,0.0,0.0,0.0,0.0,0.0,0.0,0.0,0.0,0.0,0.0,0.0,0.04811547714514837,0.1684041700080193,0.9141940657578189,5.268644747393729,12.798716920609465,8.360064153969528,1.8163592622293507,0.517241379310345,0.08420208500400965,0.024057738572574185,0.8252219305019769,0.03270238830357995,0.0,0.0,0.0,0.0,0.0,0.0,0.0,0.0,0.0,0.0,0.0,0.0,0.0,0.0,0.0,0.0,0.0,0.0,0.0,0.0,0.013060513713539402,0.130605137135394,1.0579016107966914,4.427514148889843,12.773182411841535,8.881149325206794,2.141924249020462,0.4571179799738791,0.09142359599477581,0.026121027427078804,0.4011,0.011185,0.0,0.0,0.0,0.0,0.0,0.0,0.0,0.0,0.0,0.0,0.024057738572574185,13.532477947072955,16.38331996792302,0.06014434643143546,0.0,0.0,0.0,0.0,0.0,0.0,0.0,0.0,0.0,0.0,0.0,0.0,0.0,0.0,0.0,0.0,0.4014,0.01125,0.0,0.0,0.0,0.0,0.0,0.0,0.0,0.0,0.0,0.0,0.026121027427078804,13.609055289508035,16.325642141924252,0.039181541140618205,0.0,0.0,0.0,0.0,0.0,0.0,0.0,0.0,0.0,0.0,0.0,0.0,0.0,0.0,0.0,0.0
70700,4828,2531,0.5242336371168186,1184,977,0.4475973487986744,1358,0.5625517812758907,0.39399999999999996,2.891162385720505,3.040918922908525,6.427899686520377,2.1342788881452086,8384.258367854183,506.1045115075921,7853.0,8866.4,8866.399999999998,1.8189894035458565e-12,7853.0,0.0,28.14043082021541,20.936903612319572,33.04182041820418,19.183742159175903,0.13670256835128416,0.09714167357083679,0.09196354598177299,0.09237779618889809,0.08140016570008285,0.07394366197183098,0.0648301574150787,0.0648301574150787,0.060894780447390225,0.054473902236951116,0.04722452361226181,0.03893951946975974,0.030654515327257662,0.02796188898094449,0.0171913835956918,0.011391880695940349,0.00807787903893952,0.8260424250942079,0.033273011859835215,0.0,0.0,0.0,0.0,0.0,0.0,0.0,0.0,0.0,0.0,0.0,0.0,0.0,0.0,0.0,0.0,0.0,0.0,0.0,0.0,0.0,0.18641259320629666,0.9444904722452363,4.5671085335542525,12.458574979287492,9.109362054681029,2.131317315658658,0.45981772990886505,0.11184755592377799,0.031068765534382772,4.151436031331593,2.855628270682398,4.377358490566038,3.0233457356912146,1.0544203156520706,4.183355006501951,2.834431376427465,4.127929069031032,2.881901587935163,0.9867508405610395,0.4016,0.01125,0.0,0.0,0.0,0.0,0.0,0.0,0.0,0.0,0.0,0.0,0.01242750621375311,13.309859154929558,16.603148301574155,0.07456503728251865,0.0,0.0,0.0,0.0,0.0,0.0,0.0,0.0,0.0,0.0,0.0,0.0,0.0,0.0,0.0,0.0,nan,nan,4.155277510426692,2.8587115160342425,nan,0.4016,0.0649,0.0,0.0,0.0,0.0,0.0,0.0,0.0,0.0,0.0,0.0,0.0,0.0,0.0,0.0,0.0,0.0,0.0,0.00014498757249378625,0.0,4.142502071251036e-05,0.0,1.035625517812759e-05,6.213753106876553e-05,0.0016984258492129245,0.0025269262634631316,0.0025165700082850043,0.019904722452361225,0.0005488815244407622,0.0029101077050538524,0.0112986743993372,0.02793082021541011,0.024192212096106048,0.04216031483015741,0.026667357083678542,0.030737365368682684,0.03974730737365369,0.05279618889809445,0.047245236122618064,0.07692626346313174,0.06868268434134217,0.06506835128417564,0.06716031483015741,0.06884838442419221,0.05503314001657001,0.03624689312344656,0.02585956917978459,0.02929784589892295,0.038690969345484674,0.01885874067937034,0.017305302402651202,0.009828086164043083,0.021654929577464788,0.03846313173156587,0.009434548467274234,0.00756006628003314,0.001512013256006628,0.007922535211267605,0.0007974316487158244,0.0004556752278376139,0.0,5.178127589063794e-05,0.0012013256006628004,0.0,0.0,0.0,0.0,0.0,0.0,0.0,0.0,0.0,0.0,0.0,0.0,0.0,0.0,0.0,0.0,0.0,0.0,0.0,0.0,0.0,0.0,0.0,0.0,0.0,0.0,0.0,0.0,0.0,0.0,0.0,0.0,0.0,0.0,0.0,0.0,0.0,0.0,0.0,nan,nan,4.155277510426692,2.8587115160342425,nan,0.826199129088412,0.032617729289441434,0.0,0.0,0.0,0.0,0.0,0.0,0.0,0.0,0.0,0.0,0.0,0.0,0.0,0.0,0.0,0.0,0.0,0.0,0.0,0.0,0.0,0.24891347293559862,0.7585934413275387,4.480442512840761,12.765705254839988,9.091268273409721,2.109838008692217,0.4385618332674833,0.07111813512445675,0.035559067562228375,0.8258697573496147,0.03397958260108153,0.0,0.0,0.0,0.0,0.0,0.0,0.0,0.0,0.0,0.0,0.0,0.0,0.0,0.0,0.0,0.0,0.0,0.0,0.0,0.0,0.0,0.11754462342185462,1.1493252067914674,4.6626033957335515,12.120156726164566,9.12929908576404,2.154984762734001,0.4832390074009579,0.15672616456247282,0.026121027427078804,0.4016,0.01113,0.0,0.0,0.0,0.0,0.0,0.0,0.0,0.0,0.0,0.0,0.023706045041485584,13.21612011062819,16.712761754247335,0.04741209008297117,0.0,0.0,0.0,0.0,0.0,0.0,0.0,0.0,0.0,0.0,0.0,0.0,0.0,0.0,0.0,0.0,0.4014,0.01139,0.0,0.0,0.0,0.0,0.0,0.0,0.0,0.0,0.0,0.0,0.0,13.413147583804944,16.482368306486723,0.10448410970831522,0.0,0.0,0.0,0.0,0.0,0.0,0.0,0.0,0.0,0.0,0.0,0.0,0.0,0.0,0.0,0.0
70800,4849,2505,0.5166013611053826,1191,998,0.45143328521344606,1402,0.5782635594968034,0.38999999999999996,2.939419795221843,2.994263401112125,6.28029197080292,2.1301396210727592,8376.523819344195,506.42062468137465,7853.0,8866.4,8866.4,0.0,7853.0,0.0,28.915446483811095,21.284457139095505,33.714285714285715,19.514366390606234,0.13219220457826356,0.09672097339657662,0.08682202515982677,0.08207877912971746,0.08393483192410807,0.08228500721798308,0.06743658486285832,0.060631057950092805,0.0558878119199835,0.057331408537842854,0.047844916477624254,0.03897710868220251,0.03258403794596824,0.03361517838729635,0.021653949267890285,0.011136316766343576,0.008867807795421737,0.8252032886807219,0.033233303778724424,0.0,0.0,0.0,0.0,0.0,0.0,0.0,0.0,0.0,0.0,0.0,0.0,0.0,0.0,0.0,0.0,0.0,0.0,0.0,0.0,0.018560527943905964,0.24128686327077753,0.9589606104351415,4.763868838935848,12.367498453289341,8.958548154258612,2.1963291400288725,0.3650237162301506,0.08661579707156117,0.043307898535780584,4.141548183254344,2.8069303993216006,4.270833333333333,3.314988583020394,1.0312166234360696,4.180124223602484,2.831473945680128,4.106741573033708,2.7992271083063582,0.9824448636826553,0.4016,0.011154,0.0,0.0,0.0,0.0,0.0,0.0,0.0,0.0,0.0,0.0,0.02474737059187462,13.147040626933368,16.77871726129099,0.04949474118374924,0.0,0.0,0.0,0.0,0.0,0.0,0.0,0.0,0.0,0.0,0.0,0.0,0.0,0.0,0.0,0.0,nan,nan,4.143479614067849,2.8152388603137797,nan,0.4016,0.06525,0.0,0.0,0.0,0.0,0.0,0.0,0.0,0.0,0.0,0.0,0.0,0.0,0.0,0.0,0.0,0.0,0.0,0.00023716230150546503,0.0,5.1557022066405446e-05,0.0,0.0,9.28026397195298e-05,0.002412868632707775,0.0028356362136522993,0.0020622808826562177,0.020406269333883276,0.00022685089709218394,0.002454114250360899,0.011548772942874819,0.029191585893998763,0.023386265209321508,0.037564446277583007,0.028026397195297998,0.03020210352650031,0.04143122293256341,0.05209321509589606,0.048803877088059396,0.07700556815838318,0.06832336564240049,0.06302330377397401,0.06976696226025984,0.07130336151783873,0.05559909259641163,0.03555372241699319,0.025582594349350382,0.027871726129098783,0.036811713755413485,0.01914827799546298,0.01627139616415756,0.009352443802845948,0.02168488348113013,0.03840998143947206,0.010063930707362343,0.008115075273252217,0.0015879562796452878,0.008630645493916272,0.0010826974633945143,0.0001959166838523407,0.0,3.093421323984327e-05,0.0015570220664054444,0.0,0.0,0.0,0.0,0.0,0.0,0.0,0.0,0.0,0.0,0.0,0.0,0.0,0.0,0.0,0.0,0.0,0.0,0.0,0.0,0.0,0.0,0.0,0.0,0.0,0.0,0.0,0.0,0.0,0.0,0.0,0.0,0.0,0.0,0.0,0.0,0.0,0.0,0.0,nan,nan,4.143479614067849,2.8152388603137797,nan,0.8239178454328678,0.032714303499039754,0.0,0.0,0.0,0.0,0.0,0.0,0.0,0.0,0.0,0.0,0.0,0.0,0.0,0.0,0.0,0.0,0.0,0.0,0.0,0.0,0.0,0.2395209580838324,1.0419161676646709,4.970059880239505,12.598802395209583,8.670658682634732,2.0239520958083834,0.3592814371257486,0.07185628742514971,0.02395209580838324,0.8265770238922725,0.0337250234045013,0.0,0.0,0.0,0.0,0.0,0.0,0.0,0.0,0.0,0.0,0.0,0.0,0.0,0.0,0.0,0.0,0.0,0.0,0.0,0.0,0.03839590443686008,0.24317406143344714,0.8703071672354951,4.543515358361761,12.120307167235499,9.266211604095565,2.3805460750853245,0.3711604095563141,0.10238907849829354,0.06399317406143346,0.4014,0.01105,0.0,0.0,0.0,0.0,0.0,0.0,0.0,0.0,0.0,0.0,0.035928143712574856,13.341317365269441,16.586826347305394,0.035928143712574856,0.0,0.0,0.0,0.0,0.0,0.0,0.0,0.0,0.0,0.0,0.0,0.0,0.0,0.0,0.0,0.0,0.4019,0.01125,0.0,0.0,0.0,0.0,0.0,0.0,0.0,0.0,0.0,0.0,0.012798634812286692,12.939419795221824,16.98378839590444,0.06399317406143346,0.0,0.0,0.0,0.0,0.0,0.0,0.0,0.0,0.0,0.0,0.0,0.0,0.0,0.0,0.0,0.0
70900,4760,2463,0.517436974789916,1200,952,0.45210084033613446,1323,0.5558823529411765,0.41,2.9738789725729213,3.1109530781696284,6.5877061469265366,2.1227754704062125,8377.370630252102,506.39178392475264,7853.0,8866.4,8866.399999999998,1.8189894035458565e-12,7853.0,0.0,28.131512605042015,20.844420051703473,32.80460624071323,19.17440893431057,0.13361344537815126,0.0976890756302521,0.09558823529411764,0.08865546218487395,0.08634453781512605,0.07563025210084033,0.06281512605042017,0.06134453781512605,0.06239495798319328,0.05420168067226891,0.044747899159663866,0.04348739495798319,0.033403361344537814,0.021848739495798318,0.01911764705882353,0.011974789915966387,0.007142857142857143,0.825267084806907,0.03388728420408145,0.0,0.0,0.0,0.0,0.0,0.0,0.0,0.0,0.0,0.0,0.0,0.0,0.0,0.0,0.0,0.0,0.0,0.0,0.0,0.018907563025210086,0.09453781512605045,0.22689075630252106,0.7941176470588237,4.73319327731091,12.485294117647062,8.836134453781515,2.3256302521008405,0.37184873949579844,0.06302521008403363,0.050420168067226906,4.213745478461033,2.9113316262292046,3.5849056603773586,2.638138010209351,0.8507646412679527,4.245478036175711,2.9024535582479736,4.160413971539457,2.912947558187712,0.9799636074167801,0.4019,0.01123,0.0,0.0,0.0,0.0,0.0,0.0,0.0,0.0,0.0,0.0,0.006302521008403363,13.077731092436956,16.802521008403364,0.11344537815126053,0.0,0.0,0.0,0.0,0.0,0.0,0.0,0.0,0.0,0.0,0.0,0.0,0.0,0.0,0.0,0.0,nan,nan,4.202973497091144,2.9080129497716616,nan,0.4019,0.06525,0.0,0.0,0.0,0.0,0.0,0.0,0.0,0.0,0.0,0.0,0.0,0.0,0.0,0.0,0.0,0.0,0.0,0.0002941176470588235,1.050420168067227e-05,4.201680672268908e-05,0.0,5.252100840336135e-05,0.0001680672268907563,0.002584033613445378,0.002972689075630252,0.0026995798319327732,0.019852941176470587,0.0003151260504201681,0.002531512605042017,0.009926470588235294,0.027563025210084035,0.02490546218487395,0.03703781512605042,0.02865546218487395,0.029611344537815127,0.042205882352941176,0.05263655462184874,0.047909663865546216,0.07188025210084034,0.07160714285714286,0.0648109243697479,0.06841386554621849,0.07234243697478991,0.05398109243697479,0.0353046218487395,0.025514705882352943,0.02939075630252101,0.03880252100840336,0.018172268907563027,0.0173109243697479,0.010735294117647058,0.019747899159663865,0.03763655462184874,0.01148109243697479,0.008539915966386554,0.0010399159663865545,0.008403361344537815,0.0012394957983193277,0.0003046218487394958,0.0,4.201680672268908e-05,0.0013235294117647058,0.0,0.0,0.0,0.0,0.0,0.0,0.0,0.0,0.0,0.0,0.0,0.0,0.0,0.0,0.0,0.0,0.0,0.0,0.0,0.0,0.0,0.0,0.0,0.0,0.0,0.0,0.0,0.0,0.0,0.0,0.0,0.0,0.0,0.0,0.0,0.0,0.0,0.0,0.0,nan,nan,4.202973497091144,2.9080129497716616,nan,0.8242355531132226,0.03430804227018383,0.0,0.0,0.0,0.0,0.0,0.0,0.0,0.0,0.0,0.0,0.0,0.0,0.0,0.0,0.0,0.0,0.0,0.0,0.0,0.012180267965895252,0.08526187576126677,0.29232643118148605,0.7795371498172962,5.2253349573690455,12.362971985383682,8.392204628501828,2.3873325213154692,0.3410475030450671,0.07308160779537151,0.04872107186358101,0.8263731634144582,0.03339485421776183,0.0,0.0,0.0,0.0,0.0,0.0,0.0,0.0,0.0,0.0,0.0,0.0,0.0,0.0,0.0,0.0,0.0,0.0,0.0,0.026121027427078804,0.10448410970831522,0.15672616456247282,0.809751850239443,4.205485415759673,12.616456247279062,9.312146277753593,2.2594688724423166,0.4048759251197215,0.05224205485415761,0.05224205485415761,0.4016,0.0111,0.0,0.0,0.0,0.0,0.0,0.0,0.0,0.0,0.0,0.0,0.012180267965895252,13.43483556638244,16.467722289890382,0.08526187576126677,0.0,0.0,0.0,0.0,0.0,0.0,0.0,0.0,0.0,0.0,0.0,0.0,0.0,0.0,0.0,0.0,0.402,0.01137,0.0,0.0,0.0,0.0,0.0,0.0,0.0,0.0,0.0,0.0,0.0,12.694819329560277,17.161515019590773,0.14366565084893343,0.0,0.0,0.0,0.0,0.0,0.0,0.0,0.0,0.0,0.0,0.0,0.0,0.0,0.0,0.0,0.0
71000,4943,2477,0.5011126846044912,1175,1028,0.4456807606716569,1432,0.5794052195023265,0.39399999999999996,2.902270884022709,3.026072650574828,6.384172661870504,2.1344808474599835,8360.827594578192,506.6987453413192,7853.0,8866.4,8866.4,0.0,7853.0,0.0,27.95974104794659,20.989650872572575,33.099636363636364,19.174617372529763,0.1436374671252276,0.0977139389034999,0.0910378312765527,0.0910378312765527,0.07809022860610965,0.07141412097916246,0.06797491401982601,0.06797491401982601,0.05664576168318835,0.05077887922314384,0.048755816305887115,0.038438195427877804,0.032166700384381956,0.026097511632611776,0.02063524175601861,0.011531458628363342,0.00606918875177018,0.8242028849269127,0.03411107119254684,0.0,0.0,0.0,0.0,0.0,0.0,0.0,0.0,0.0,0.0,0.0,0.0,0.0,0.0,0.0,0.0,0.0,0.0,0.0,0.012138377503540363,0.04855351001416145,0.1699372850495651,0.9771393890349992,5.122395306494016,12.666396924944369,8.223750758648595,2.178838761885495,0.4309124013756829,0.13959134129071415,0.030345943758850906,4.266134185303514,2.8257889409054995,4.454545454545454,2.549995948789522,1.044164402960179,4.257881462799496,2.8203376061980703,4.27909887359199,2.8223941210795864,1.004983090999096,0.4016,0.01121,0.0,0.0,0.0,0.0,0.0,0.0,0.0,0.0,0.0,0.0,0.024276755007080725,13.382561197653226,16.496055027311353,0.0971070200283229,0.0,0.0,0.0,0.0,0.0,0.0,0.0,0.0,0.0,0.0,0.0,0.0,0.0,0.0,0.0,0.0,nan,nan,4.2693877551020405,2.8213619581020746,nan,0.4016,0.0652,0.0,0.0,0.0,0.0,0.0,0.0,0.0,0.0,0.0,0.0,0.0,0.0,0.0,0.0,0.0,0.0,0.0,0.00022253692089823995,0.0,0.0,1.0115314586283634e-05,0.0,0.00013149908962168722,0.002235484523568683,0.0038741654865466317,0.0027513655674691485,0.018834715759660125,0.0005765729314181671,0.00203317823184301,0.009569087598624317,0.030740441027715962,0.02580416750960955,0.03721424236293749,0.02815092049362735,0.028525187133319845,0.04058264212016994,0.05349989884685414,0.04661136961359498,0.07553105401577989,0.07092858587902083,0.0650819340481489,0.06519320250859802,0.07420594780497673,0.05324701598219705,0.03641513251062108,0.02419583249039045,0.029253489783532267,0.039348573740643336,0.016852114100748532,0.01856160226583047,0.011197653247015982,0.019734978757839368,0.03588913615213433,0.012684604491199677,0.00813271292737204,0.001021646773214647,0.008699170544203924,0.0012644143232854541,0.0002832288084159417,0.0,0.0,0.000910378312765527,0.0,0.0,0.0,0.0,0.0,0.0,0.0,0.0,0.0,0.0,0.0,0.0,0.0,0.0,0.0,0.0,0.0,0.0,0.0,0.0,0.0,0.0,0.0,0.0,0.0,0.0,0.0,0.0,0.0,0.0,0.0,0.0,0.0,0.0,0.0,0.0,0.0,0.0,0.0,nan,nan,4.2693877551020405,2.8213619581020746,nan,0.8241747283001893,0.03357022343911469,0.0,0.0,0.0,0.0,0.0,0.0,0.0,0.0,0.0,0.0,0.0,0.0,0.0,0.0,0.0,0.0,0.0,0.0,0.0,0.012111425111021399,0.024222850222042798,0.181671376665321,0.9810254339927333,4.7840129188534375,13.225676221235368,8.284214775938636,1.9620508679854667,0.3754541784416634,0.13322567622123538,0.036334275333064193,0.8242311671509166,0.03464580987238527,0.0,0.0,0.0,0.0,0.0,0.0,0.0,0.0,0.0,0.0,0.0,0.0,0.0,0.0,0.0,0.0,0.0,0.0,0.0,0.012165450121654504,0.07299270072992702,0.15815085158150857,0.9732360097323602,5.462287104622854,12.104622871046232,8.163017031630172,2.396593673965937,0.4866180048661801,0.14598540145985403,0.024330900243309007,0.4016,0.01113,0.0,0.0,0.0,0.0,0.0,0.0,0.0,0.0,0.0,0.0,0.0,13.371013322567602,16.532095276544208,0.09689140088817119,0.0,0.0,0.0,0.0,0.0,0.0,0.0,0.0,0.0,0.0,0.0,0.0,0.0,0.0,0.0,0.0,0.4016,0.01128,0.0,0.0,0.0,0.0,0.0,0.0,0.0,0.0,0.0,0.0,0.048661800486618015,13.394160583941586,16.459854014598545,0.09732360097323603,0.0,0.0,0.0,0.0,0.0,0.0,0.0,0.0,0.0,0.0,0.0,0.0,0.0,0.0,0.0,0.0
71100,4655,2429,0.5218045112781955,1139,959,0.4506981740064447,1311,0.563265306122449,0.418,2.9106019766397124,3.060428373593681,6.482428115015974,2.14800104312225,8381.796691729322,506.21796314889804,7853.0,8866.4,8866.4,0.0,7853.0,0.0,28.078625134264232,20.885978744100143,32.91189202953909,19.16058360289741,0.1359828141783029,0.10053705692803437,0.09452201933404941,0.08893662728249195,0.07819548872180451,0.07218045112781955,0.0728249194414608,0.05714285714285714,0.06745435016111707,0.04919441460794844,0.04683136412459721,0.04382384532760473,0.031149301825993556,0.02685284640171858,0.016541353383458645,0.010741138560687433,0.007089151450053705,0.8225525200815129,0.03294821146761459,0.0,0.0,0.0,0.0,0.0,0.0,0.0,0.0,0.0,0.0,0.0,0.0,0.0,0.0,0.0,0.0,0.0,0.0,0.0,0.0,0.03222341568206231,0.20622986036519875,0.921589688506982,5.568206229860348,12.992481203007522,7.9656283566058015,1.7916219119226642,0.3673469387755103,0.09667024704618692,0.05800214822771215,4.1106239460371,2.8357935825918434,4.313725490196078,2.8179410929037783,1.0494089332483896,4.0696161353285625,2.8143085320689147,4.159675236806495,2.8577360576000994,1.0221296305310283,0.4023,0.01128,0.0,0.0,0.0,0.0,0.0,0.0,0.0,0.0,0.0,0.0,0.025778732545649843,12.534908700322216,17.342642320085933,0.09667024704618692,0.0,0.0,0.0,0.0,0.0,0.0,0.0,0.0,0.0,0.0,0.0,0.0,0.0,0.0,0.0,0.0,nan,nan,4.114058355437666,2.835613552550191,nan,0.4023,0.0649,0.0,0.0,0.0,0.0,0.0,0.0,0.0,0.0,0.0,0.0,0.0,0.0,0.0,0.0,0.0,0.0,0.0,0.00013963480128893662,0.0,0.0,5.3705692803437166e-05,0.0,5.3705692803437166e-05,0.002105263157894737,0.0038560687432867883,0.002126745435016112,0.01832438238453276,0.0007518796992481203,0.0020515574650912995,0.010934479054779806,0.03135338345864662,0.026895810955961334,0.03465091299677766,0.025435016111707842,0.027926960257787327,0.039484425349087006,0.05471535982814178,0.045499462943071965,0.07614393125671322,0.06806659505907627,0.06402792696025779,0.06502685284640172,0.08016111707841031,0.05400644468313641,0.03633727175080559,0.024221267454350163,0.029634801288936627,0.04192266380236305,0.01552094522019334,0.019108485499462945,0.010451127819548873,0.02012889366272825,0.037432867883995705,0.012158968850698174,0.008216970998925887,0.0014822771213748658,0.007658431793770139,0.000966702470461869,0.0001288936627282492,1.0741138560687432e-05,0.0,0.0008270676691729324,0.0,0.0,0.0,0.0,0.0,0.0,0.0,0.0,0.0,0.0,0.0,0.0,0.0,0.0,0.0,0.0,0.0,0.0,0.0,0.0,0.0,0.0,0.0,0.0,0.0,0.0,0.0,0.0,0.0,0.0,0.0,0.0,0.0,0.0,0.0,0.0,0.0,0.0,0.0,nan,nan,4.114058355437666,2.835613552550191,nan,0.8230922530589647,0.033288271255266434,0.0,0.0,0.0,0.0,0.0,0.0,0.0,0.0,0.0,0.0,0.0,0.0,0.0,0.0,0.0,0.0,0.0,0.0,0.0,0.0,0.04940304652120215,0.14820913956360646,0.9016055990119393,5.570193495265524,13.07945656648827,7.793330588719639,1.8279127212844797,0.46932894195142044,0.07410456978180323,0.08645533141210376,0.821963566172155,0.032562884107849695,0.0,0.0,0.0,0.0,0.0,0.0,0.0,0.0,0.0,0.0,0.0,0.0,0.0,0.0,0.0,0.0,0.0,0.0,0.0,0.0,0.013477088948787064,0.2695417789757413,0.9433962264150946,5.566037735849039,12.897574123989221,8.153638814016174,1.7520215633423184,0.25606469002695426,0.12129380053908358,0.02695417789757413,0.4023,0.01128,0.0,0.0,0.0,0.0,0.0,0.0,0.0,0.0,0.0,0.0,0.024701523260601075,12.610127624536828,17.24166323589955,0.12350761630300537,0.0,0.0,0.0,0.0,0.0,0.0,0.0,0.0,0.0,0.0,0.0,0.0,0.0,0.0,0.0,0.0,0.402,0.01127,0.0,0.0,0.0,0.0,0.0,0.0,0.0,0.0,0.0,0.0,0.02695417789757413,12.452830188679227,17.452830188679247,0.06738544474393532,0.0,0.0,0.0,0.0,0.0,0.0,0.0,0.0,0.0,0.0,0.0,0.0,0.0,0.0,0.0,0.0
71200,4832,2495,0.5163493377483444,1231,993,0.4602649006622517,1354,0.5604304635761589,0.38999999999999996,2.9050064184852373,3.037133711758437,6.442396313364055,2.1901152961363546,8376.268418874171,506.4290448779669,7853.0,8866.4,8866.4,0.0,7853.0,0.0,28.287251655629138,20.837232335101525,33.19842829076621,19.007971068236316,0.1388658940397351,0.09333609271523179,0.09375,0.08174668874172185,0.0798841059602649,0.07512417218543047,0.07471026490066225,0.06560430463576158,0.06332781456953643,0.055463576158940396,0.04615066225165563,0.03559602649006623,0.03559602649006623,0.024213576158940396,0.01697019867549669,0.012417218543046357,0.007243377483443708,0.8219047905815555,0.03297004264345187,0.0,0.0,0.0,0.0,0.0,0.0,0.0,0.0,0.0,0.0,0.0,0.0,0.0,0.0,0.0,0.0,0.0,0.0,0.0,0.018625827814569538,0.01241721854304636,0.21109271523178813,1.1858443708609274,5.407698675496672,12.98220198675497,7.884933774834439,1.7322019867549672,0.47806291390728484,0.08071192052980135,0.00620860927152318,4.125283263191972,2.8161833674660106,4.26984126984127,2.7900409578056924,1.035041958921736,4.139696586599242,2.848705769341425,4.11656050955414,2.7820706016069856,0.9944111659970452,0.4019,0.011154,0.0,0.0,0.0,0.0,0.0,0.0,0.0,0.0,0.0,0.0,0.018625827814569538,12.975993377483425,16.94329470198676,0.0620860927152318,0.0,0.0,0.0,0.0,0.0,0.0,0.0,0.0,0.0,0.0,0.0,0.0,0.0,0.0,0.0,0.0,nan,nan,4.128172588832487,2.815735914780841,nan,0.4019,0.06476,0.0,0.0,0.0,0.0,0.0,0.0,0.0,0.0,0.0,0.0,0.0,0.0,0.0,0.0,0.0,0.0,0.0,0.00021730132450331125,0.0,0.0,7.243377483443709e-05,0.0,1.0347682119205298e-05,0.0022350993377483444,0.0035285596026490068,0.001665976821192053,0.0175807119205298,0.0013141556291390729,0.0023385761589403975,0.01216887417218543,0.03360927152317881,0.026603890728476822,0.03493377483443708,0.02425496688741722,0.02777317880794702,0.04153559602649007,0.05263865894039735,0.04169081125827814,0.07881829470198676,0.06930877483443709,0.06317259933774834,0.06557326158940398,0.08121895695364238,0.05486341059602649,0.035564983443708606,0.02464817880794702,0.02953228476821192,0.04359478476821192,0.014538493377483443,0.01875,0.009085264900662252,0.01756001655629139,0.038627897350993375,0.011858443708609272,0.008536837748344371,0.0010865066225165562,0.007843543046357615,0.0006001655629139073,9.312913907284769e-05,0.0,0.0,0.0009519867549668874,0.0,0.0,0.0,0.0,0.0,0.0,0.0,0.0,0.0,0.0,0.0,0.0,0.0,0.0,0.0,0.0,0.0,0.0,0.0,0.0,0.0,0.0,0.0,0.0,0.0,0.0,0.0,0.0,0.0,0.0,0.0,0.0,0.0,0.0,0.0,0.0,0.0,0.0,0.0,nan,nan,4.128172588832487,2.815735914780841,nan,0.8220421409081362,0.03353526818636199,0.0,0.0,0.0,0.0,0.0,0.0,0.0,0.0,0.0,0.0,0.0,0.0,0.0,0.0,0.0,0.0,0.0,0.0,0.0,0.03607214428857716,0.0,0.2525050100200401,1.1302605210420844,5.422845691382749,12.853707414829662,7.923847695390783,1.7555110220440886,0.5050100200400802,0.12024048096192387,0.0,0.8217581542679832,0.03235506372287945,0.0,0.0,0.0,0.0,0.0,0.0,0.0,0.0,0.0,0.0,0.0,0.0,0.0,0.0,0.0,0.0,0.0,0.0,0.0,0.0,0.02567394094993582,0.16688061617458286,1.2451861360718872,5.391527599486504,13.119383825417204,7.8433889602053934,1.7073170731707321,0.4492939666238769,0.03851091142490373,0.01283697047496791,0.4014,0.011154,0.0,0.0,0.0,0.0,0.0,0.0,0.0,0.0,0.0,0.0,0.012024048096192388,13.250501002003988,16.689378757515033,0.04809619238476955,0.0,0.0,0.0,0.0,0.0,0.0,0.0,0.0,0.0,0.0,0.0,0.0,0.0,0.0,0.0,0.0,0.402,0.01114,0.0,0.0,0.0,0.0,0.0,0.0,0.0,0.0,0.0,0.0,0.02567394094993582,12.682926829268274,17.214377406931966,0.07702182284980746,0.0,0.0,0.0,0.0,0.0,0.0,0.0,0.0,0.0,0.0,0.0,0.0,0.0,0.0,0.0,0.0
71300,4473,2293,0.5126313436172591,1100,896,0.4462329532752068,1239,0.5539906103286385,0.43,2.971559633027523,3.155324369929568,6.6590538336052205,2.2158196798353567,8372.500603621731,506.53828537132233,7853.0,8866.4,8866.399999999998,1.8189894035458565e-12,7853.0,0.0,27.99619941873463,20.949488053848388,32.97521982414069,19.195244711022205,0.13995081600715403,0.09434384082271406,0.09501453163424994,0.09344958640733289,0.07914151576123407,0.07735300693047172,0.06595126313436173,0.05745584618824055,0.06304493628437291,0.04985468365750056,0.050748938072881736,0.04337133914598704,0.028169014084507043,0.02481556002682763,0.016990833892242343,0.013860943438408227,0.006483344511513525,0.8212581522747784,0.03133865919901206,0.0,0.0,0.0,0.0,0.0,0.0,0.0,0.0,0.0,0.0,0.0,0.0,0.0,0.0,0.0,0.0,0.0,0.0,0.0,0.0,0.03353454057679411,0.187793427230047,1.019450033534541,5.311871227364169,13.668678739101278,7.894030851777332,1.5560026827632465,0.24815560026827638,0.05365526492287057,0.026827632461435286,4.295110798452339,2.977781602338735,4.6875,2.623263314398055,1.0913571779543034,4.275432525951557,2.9590489745326196,4.330103806228374,2.9857261912101465,1.0127873098089997,0.4023,0.01152,0.0,0.0,0.0,0.0,0.0,0.0,0.0,0.0,0.0,0.0,0.006706908115358822,12.870556673373557,17.00201207243461,0.12072434607645878,0.0,0.0,0.0,0.0,0.0,0.0,0.0,0.0,0.0,0.0,0.0,0.0,0.0,0.0,0.0,0.0,nan,nan,4.301625735039779,2.9726635517415034,nan,0.4023,0.06476,0.0,0.0,0.0,0.0,0.0,0.0,0.0,0.0,0.0,0.0,0.0,0.0,0.0,0.0,0.0,0.0,0.0,0.0005365526492287056,0.0,1.11781801922647e-05,3.35345405767941e-05,0.0,0.0,0.002112676056338028,0.0035881958417169684,0.0015761234071093226,0.016275430359937403,0.0011289961994187347,0.0028392577688352337,0.012731947238989492,0.03203666443103063,0.02595573440643863,0.032494969818913484,0.0259333780460541,0.02728593784931813,0.039749608763693274,0.054594232059020795,0.042208808405991505,0.07972278113123184,0.07053431701319025,0.06343617259110217,0.06329085624860273,0.08293091884641181,0.056360384529398615,0.0365414710485133,0.022781131231835457,0.028839704896042925,0.04255533199195171,0.01486697965571205,0.018835233623966018,0.009043147775542142,0.018309859154929577,0.0390118488710038,0.011457634697071317,0.009199642298233848,0.0005812653699977644,0.008473060585736642,0.0007042253521126761,0.0002123854236530293,0.0,3.35345405767941e-05,0.0011848871003800581,0.0,0.0,0.0,0.0,0.0,0.0,0.0,0.0,0.0,0.0,0.0,0.0,0.0,0.0,0.0,0.0,0.0,0.0,0.0,0.0,0.0,0.0,0.0,0.0,0.0,0.0,0.0,0.0,0.0,0.0,0.0,0.0,0.0,0.0,0.0,0.0,0.0,0.0,0.0,nan,nan,4.301625735039779,2.9726635517415034,nan,0.8213870527699583,0.03183543904326324,0.0,0.0,0.0,0.0,0.0,0.0,0.0,0.0,0.0,0.0,0.0,0.0,0.0,0.0,0.0,0.0,0.0,0.0,0.0,0.0,0.039249890972525084,0.22241604884430882,0.9681639773222854,5.403401657217602,13.606628870475364,7.810728303532492,1.5569123419101618,0.3270824247710424,0.02616659398168339,0.039249890972525084,0.8211225702401694,0.0308069037241832,0.0,0.0,0.0,0.0,0.0,0.0,0.0,0.0,0.0,0.0,0.0,0.0,0.0,0.0,0.0,0.0,0.0,0.0,0.0,0.0,0.02752293577981652,0.15137614678899086,1.0733944954128443,5.215596330275213,13.733944954128443,7.98165137614679,1.5550458715596334,0.16513761467889912,0.08256880733944956,0.01376146788990826,0.402,0.011406,0.0,0.0,0.0,0.0,0.0,0.0,0.0,0.0,0.0,0.0,0.0,13.096380287832515,16.785870039249893,0.11774967291757525,0.0,0.0,0.0,0.0,0.0,0.0,0.0,0.0,0.0,0.0,0.0,0.0,0.0,0.0,0.0,0.0,0.4026,0.01163,0.0,0.0,0.0,0.0,0.0,0.0,0.0,0.0,0.0,0.0,0.01376146788990826,12.63302752293576,17.22935779816514,0.12385321100917433,0.0,0.0,0.0,0.0,0.0,0.0,0.0,0.0,0.0,0.0,0.0,0.0,0.0,0.0,0.0,0.0
71400,4792,2441,0.5093906510851419,1143,1020,0.45137729549248745,1388,0.5792988313856428,0.414,2.9740535942152277,3.102626956629887,6.6152647975077885,2.15662798009393,8369.216485809682,506.61062612013376,7853.0,8866.4,8866.4,0.0,7853.0,0.0,27.8330550918197,20.748033497305524,32.941764558860285,18.890504095955297,0.14503338898163606,0.09703672787979967,0.09348914858096828,0.08117696160267111,0.08639398998330551,0.06928213689482471,0.06489983305509182,0.06803005008347246,0.06197829716193656,0.0598914858096828,0.04152754590984975,0.03964941569282137,0.03714524207011686,0.024207011686143573,0.0162771285475793,0.0070951585976627716,0.006886477462437396,0.8209369626263148,0.0327846328892319,0.0,0.0,0.0,0.0,0.0,0.0,0.0,0.0,0.0,0.0,0.0,0.0,0.0,0.0,0.0,0.0,0.0,0.0,0.0,0.0,0.037562604340567615,0.18781302170283812,1.0955759599332222,5.65943238731217,13.278380634390654,7.54382303839733,1.740400667779633,0.3631051752921537,0.06886477462437397,0.025041736227045083,4.301781002638522,2.864397415447666,3.892857142857143,2.417780648716116,0.9049408002102934,4.348534201954397,2.9160383417221634,4.240824211204121,2.797286393759486,0.975230736209487,0.4026,0.01146,0.0,0.0,0.0,0.0,0.0,0.0,0.0,0.0,0.0,0.0,0.025041736227045083,12.289232053422353,17.566777963272123,0.11894824707846413,0.0,0.0,0.0,0.0,0.0,0.0,0.0,0.0,0.0,0.0,0.0,0.0,0.0,0.0,0.0,0.0,nan,nan,4.294365284974093,2.8574408567784175,nan,0.4026,0.0654,0.0,0.0,0.0,0.0,0.0,0.0,0.0,0.0,0.0,0.0,0.0,0.0,0.0,0.0,0.0,0.0,0.0,0.0003964941569282137,0.0,1.0434056761268781e-05,0.0,0.0,1.0434056761268781e-05,0.0014503338898163606,0.00376669449081803,0.0013981636060100167,0.0166110183639399,0.0014503338898163606,0.0027024207011686146,0.013219949916527547,0.03244991652754591,0.027086811352253756,0.03227253756260434,0.02586602671118531,0.02869365609348915,0.03921118530884808,0.05720993322203673,0.04264398998330551,0.07794240400667779,0.06470158597662772,0.06387729549248748,0.06196786310517529,0.0820847245409015,0.05578046744574291,0.037719115191986646,0.022673205342237063,0.028297161936560934,0.04143363939899833,0.016371035058430718,0.019584724540901502,0.008754173622704508,0.017570951585976626,0.03907554257095159,0.012552170283806344,0.010569699499165275,0.0006260434056761269,0.00908806343906511,0.0012207846410684474,0.00025041736227045074,0.0,0.00012520868113522537,0.00128338898163606,0.0,0.0,0.0,0.0,0.0,0.0,0.0,0.0,0.0,0.0,0.0,0.0,0.0,0.0,0.0,0.0,0.0,0.0,0.0,0.0,0.0,0.0,0.0,0.0,0.0,0.0,0.0,0.0,0.0,0.0,0.0,0.0,0.0,0.0,0.0,0.0,0.0,0.0,0.0,nan,nan,4.294365284974093,2.8574408567784175,nan,0.8210248038300917,0.03242002573735783,0.0,0.0,0.0,0.0,0.0,0.0,0.0,0.0,0.0,0.0,0.0,0.0,0.0,0.0,0.0,0.0,0.0,0.0,0.0,0.0,0.049160180253994275,0.1597705858254814,1.1429741909053668,5.604260548955329,13.334698893895947,7.5829578041786165,1.6960262187628026,0.36870135190495706,0.049160180253994275,0.012290045063498569,0.8208457587222655,0.033158709542537204,0.0,0.0,0.0,0.0,0.0,0.0,0.0,0.0,0.0,0.0,0.0,0.0,0.0,0.0,0.0,0.0,0.0,0.0,0.0,0.0,0.025521054870267977,0.2169289663972778,1.046363249680987,5.716716290940008,13.219906422798813,7.503190131858785,1.7864738409187584,0.35729476818375167,0.08932369204593792,0.03828158230540196,0.4028,0.01152,0.0,0.0,0.0,0.0,0.0,0.0,0.0,0.0,0.0,0.0,0.0368701351904957,11.909053666530093,17.918885702580912,0.13519049569848426,0.0,0.0,0.0,0.0,0.0,0.0,0.0,0.0,0.0,0.0,0.0,0.0,0.0,0.0,0.0,0.0,0.4023,0.01138,0.0,0.0,0.0,0.0,0.0,0.0,0.0,0.0,0.0,0.0,0.012760527435133989,12.683964270523163,17.201190982560615,0.10208421948107191,0.0,0.0,0.0,0.0,0.0,0.0,0.0,0.0,0.0,0.0,0.0,0.0,0.0,0.0,0.0,0.0
71500,4988,2594,0.5200481154771451,1235,1014,0.4508821170809944,1422,0.570168404170008,0.36599999999999994,3.053049289891395,3.0644880800974295,6.368,2.1733022492664626,8380.016760224538,506.2925234031986,7853.0,8866.4,8866.4,0.0,7853.0,0.0,28.791299117882918,21.04877361191623,33.713031094232136,19.185132843923824,0.13552526062550121,0.09001603849238171,0.08740978348035285,0.08821170809943865,0.08279871692060946,0.0743785084202085,0.07076984763432237,0.06295108259823577,0.0603448275862069,0.05874097834803529,0.04570970328789094,0.042502004811547714,0.03628708901363272,0.025260625501202887,0.01764234161988773,0.012630312750601443,0.008821170809943865,0.8210131602829327,0.03214969880819615,0.0,0.0,0.0,0.0,0.0,0.0,0.0,0.0,0.0,0.0,0.0,0.0,0.0,0.0,0.0,0.0,0.0,0.0,0.0,0.0,0.018043303929430637,0.21651964715316765,1.1668003207698479,5.376904570970312,13.436246992782682,7.710505212510025,1.7020850040096234,0.3368083400160386,0.024057738572574185,0.012028869286287092,4.204875038568343,2.841594075183515,4.824561403508772,3.095683508787758,1.1473733129418795,4.157830591102986,2.8042061509548857,4.2727821363910685,2.888252951919816,1.0276470007061034,0.4028,0.011475,0.0,0.0,0.0,0.0,0.0,0.0,0.0,0.0,0.0,0.0,0.024057738572574185,12.233360064153953,17.652365677626307,0.09021651964715319,0.0,0.0,0.0,0.0,0.0,0.0,0.0,0.0,0.0,0.0,0.0,0.0,0.0,0.0,0.0,0.0,nan,nan,4.215585203153426,2.8473237527951802,nan,0.4028,0.0653,0.0,0.0,0.0,0.0,0.0,0.0,0.0,0.0,0.0,0.0,0.0,0.0,0.0,0.0,0.0,0.0,0.0,0.00021050521251002405,0.0,0.0,0.0,0.0,4.0096230954290296e-05,0.0013532477947072975,0.003969526864474739,0.0016639935846030473,0.015597433841218925,0.001884522854851644,0.002495990376904571,0.013833199679230152,0.03328989574979952,0.02694466720128308,0.032648356054530876,0.025230553327987168,0.030152365677626303,0.03661788291900561,0.05524258219727345,0.04416599839615076,0.07417802726543705,0.06765236567762631,0.06270048115477145,0.06119687249398557,0.08391138732959103,0.05581395348837209,0.038031275060144344,0.02336607858861267,0.027636327185244586,0.042171210906174816,0.018233761026463513,0.020509222133119488,0.007898957497995188,0.01752205292702486,0.03991579791499599,0.011076583801122695,0.010876102646351244,0.0009322373696872494,0.008319967923015236,0.0011928628708901363,0.0002606255012028869,0.0,0.00020048115477145148,0.0010625501202886928,0.0,0.0,0.0,0.0,0.0,0.0,0.0,0.0,0.0,0.0,0.0,0.0,0.0,0.0,0.0,0.0,0.0,0.0,0.0,0.0,0.0,0.0,0.0,0.0,0.0,0.0,0.0,0.0,0.0,0.0,0.0,0.0,0.0,0.0,0.0,0.0,0.0,0.0,0.0,nan,nan,4.215585203153426,2.8473237527951802,nan,0.8198011166422571,0.0322421482731775,0.0,0.0,0.0,0.0,0.0,0.0,0.0,0.0,0.0,0.0,0.0,0.0,0.0,0.0,0.0,0.0,0.0,0.0,0.0,0.0,0.03469545104086354,0.2659984579799538,1.1680801850424056,5.585967617579011,13.681572860447188,7.274479568234389,1.6538164996144953,0.3006939090208174,0.023130300693909027,0.011565150346954513,0.8223264607022779,0.031997441776913646,0.0,0.0,0.0,0.0,0.0,0.0,0.0,0.0,0.0,0.0,0.0,0.0,0.0,0.0,0.0,0.0,0.0,0.0,0.0,0.0,0.0,0.1629072681704261,1.1654135338345866,5.150375939849608,13.17042606516291,8.182957393483711,1.754385964912281,0.37593984962406024,0.025062656641604016,0.012531328320802008,0.4028,0.01156,0.0,0.0,0.0,0.0,0.0,0.0,0.0,0.0,0.0,0.0,0.011565150346954513,12.328450269853489,17.544333076329995,0.11565150346954513,0.0,0.0,0.0,0.0,0.0,0.0,0.0,0.0,0.0,0.0,0.0,0.0,0.0,0.0,0.0,0.0,0.4028,0.01139,0.0,0.0,0.0,0.0,0.0,0.0,0.0,0.0,0.0,0.0,0.03759398496240602,12.130325814536322,17.769423558897245,0.06265664160401004,0.0,0.0,0.0,0.0,0.0,0.0,0.0,0.0,0.0,0.0,0.0,0.0,0.0,0.0,0.0,0.0
71600,4256,2197,0.5162124060150376,1035,849,0.4426691729323308,1202,0.5648496240601504,0.41,3.0403108305002426,3.050621494261037,6.362204724409449,2.1053710516615665,8376.129652255639,506.4335657583911,7853.0,8866.4,8866.399999999998,1.8189894035458565e-12,7853.0,0.0,29.08670112781955,21.2345532496313,33.82744340143567,19.45290616565727,0.13157894736842105,0.09586466165413533,0.09046052631578948,0.08505639097744361,0.07448308270676691,0.07471804511278196,0.06884398496240601,0.06320488721804511,0.05827067669172932,0.05474624060150376,0.05592105263157895,0.041353383458646614,0.03524436090225564,0.028900375939849624,0.022086466165413533,0.012453007518796992,0.00681390977443609,0.8204040400879947,0.03309859179055004,0.0,0.0,0.0,0.0,0.0,0.0,0.0,0.0,0.0,0.0,0.0,0.0,0.0,0.0,0.0,0.0,0.0,0.0,0.0,0.007048872180451129,0.028195488721804517,0.2396616541353384,1.1983082706766919,5.878759398496222,12.772556390977448,7.7396616541353405,1.6776315789473688,0.38768796992481214,0.04934210526315791,0.021146616541353386,4.182780007296607,2.8083257683950666,4.701492537313433,2.8232241829613427,1.1240114299848338,4.169054441260745,2.833753668000157,4.220963172804533,2.7856699635729534,1.0124509603496783,0.4028,0.01136,0.0,0.0,0.0,0.0,0.0,0.0,0.0,0.0,0.0,0.0,0.007048872180451129,12.222744360902238,17.692669172932334,0.07753759398496242,0.0,0.0,0.0,0.0,0.0,0.0,0.0,0.0,0.0,0.0,0.0,0.0,0.0,0.0,0.0,0.0,nan,nan,4.195156695156695,2.8097975545195335,nan,0.4028,0.0652,0.0,0.0,0.0,0.0,0.0,0.0,0.0,0.0,0.0,0.0,0.0,0.0,0.0,0.0,0.0,0.0,0.0,0.00017622180451127819,0.0,0.0,0.0,0.0,2.349624060150376e-05,0.0011630639097744361,0.004041353383458647,0.001550751879699248,0.015319548872180452,0.0027960526315789474,0.0017034774436090225,0.01299342105263158,0.0327890037593985,0.02718515037593985,0.034762687969924815,0.026057330827067668,0.032413063909774435,0.03464520676691729,0.05412359022556391,0.04375,0.07444783834586466,0.06367481203007519,0.06466165413533835,0.061595394736842106,0.08527960526315789,0.05792998120300752,0.035420582706766915,0.023226033834586466,0.029429041353383457,0.043832236842105264,0.016917293233082706,0.018714755639097743,0.007671522556390978,0.018256578947368422,0.04000234962406015,0.009856672932330827,0.011748120300751879,0.0006343984962406016,0.008047462406015038,0.0017622180451127819,0.00035244360902255637,0.0,0.00011748120300751879,0.0009281015037593985,0.0,0.0,0.0,0.0,0.0,0.0,0.0,0.0,0.0,0.0,0.0,0.0,0.0,0.0,0.0,0.0,0.0,0.0,0.0,0.0,0.0,0.0,0.0,0.0,0.0,0.0,0.0,0.0,0.0,0.0,0.0,0.0,0.0,0.0,0.0,0.0,0.0,0.0,0.0,nan,nan,4.195156695156695,2.8097975545195335,nan,0.8208207104441574,0.033192998415241294,0.0,0.0,0.0,0.0,0.0,0.0,0.0,0.0,0.0,0.0,0.0,0.0,0.0,0.0,0.0,0.0,0.0,0.0,0.0,0.0,0.04096495220755576,0.28675466545289036,0.9831588529813384,5.830678197542085,12.931269913518438,7.728720983158855,1.706873008648157,0.4233045061447429,0.04096495220755576,0.027309968138370513,0.8199594433067955,0.03299175720256293,0.0,0.0,0.0,0.0,0.0,0.0,0.0,0.0,0.0,0.0,0.0,0.0,0.0,0.0,0.0,0.0,0.0,0.0,0.0,0.014570179698882956,0.014570179698882956,0.18941233608547844,1.4278776104905295,5.930063137445344,12.603205439533758,7.751335599805732,1.6464303059737742,0.3496843127731909,0.05828071879553182,0.014570179698882956,0.403,0.01136,0.0,0.0,0.0,0.0,0.0,0.0,0.0,0.0,0.0,0.0,0.013654984069185257,12.152935821574857,17.751479289940832,0.08192990441511153,0.0,0.0,0.0,0.0,0.0,0.0,0.0,0.0,0.0,0.0,0.0,0.0,0.0,0.0,0.0,0.0,0.4026,0.011345,0.0,0.0,0.0,0.0,0.0,0.0,0.0,0.0,0.0,0.0,0.0,12.297231665857195,17.629917435648377,0.07285089849441478,0.0,0.0,0.0,0.0,0.0,0.0,0.0,0.0,0.0,0.0,0.0,0.0,0.0,0.0,0.0,0.0
71700,4485,2344,0.5226309921962096,1072,907,0.4412486064659978,1263,0.5632107023411371,0.38599999999999995,2.9486221391872958,2.9999492783592157,6.4058441558441555,2.067269263903189,8382.634247491638,506.18070912668344,7853.0,8866.4,8866.4,0.0,7853.0,0.0,28.130211817168338,20.86414064461023,32.97116402116402,19.151870457772475,0.13288740245261985,0.10390189520624303,0.08985507246376812,0.0927536231884058,0.07848383500557414,0.07424749163879599,0.07268673355629877,0.05953177257525084,0.05752508361204013,0.05373467112597547,0.04927536231884058,0.038573021181716835,0.0338907469342252,0.028316610925306577,0.017837235228539576,0.010702341137123745,0.005797101449275362,0.8211964621857523,0.03227427752745216,0.0,0.0,0.0,0.0,0.0,0.0,0.0,0.0,0.0,0.0,0.0,0.0,0.0,0.0,0.0,0.0,0.0,0.0,0.0,0.0,0.020066889632107027,0.18060200668896326,1.096989966555184,5.792642140468209,12.695652173913047,8.133779264214049,1.6454849498327764,0.3612040133779265,0.06688963210702342,0.006688963210702343,4.215921098978513,2.790983341421252,4.176470588235294,2.8402283970086213,0.9906424931071938,4.163487738419619,2.8001998448022563,4.268635724331927,2.7822247158367603,1.0252547845744875,0.4023,0.01157,0.0,0.0,0.0,0.0,0.0,0.0,0.0,0.0,0.0,0.0,0.02675585284280937,12.829431438127072,16.99665551839465,0.14715719063545152,0.0,0.0,0.0,0.0,0.0,0.0,0.0,0.0,0.0,0.0,0.0,0.0,0.0,0.0,0.0,0.0,nan,nan,4.21522491349481,2.791864732833262,nan,0.4023,0.0653,0.0,0.0,0.0,0.0,0.0,0.0,0.0,0.0,0.0,0.0,0.0,0.0,0.0,0.0,0.0,0.0,0.0,0.0001226309921962096,0.0,1.1148272017837235e-05,0.0,0.0,5.574136008918618e-05,0.0013043478260869566,0.005696767001114827,0.0017725752508361203,0.014403567447045709,0.0027313266443701224,0.001850613154960981,0.0146711259754738,0.03298773690078038,0.027268673355629876,0.03534002229654404,0.025942028985507248,0.030579710144927535,0.034136008918617615,0.05506131549609811,0.04352285395763657,0.07391304347826087,0.06424749163879599,0.06494983277591973,0.060858416945373466,0.08280936454849498,0.05773690078037904,0.03496098104793757,0.02411371237458194,0.03004459308807135,0.04648829431438127,0.0179041248606466,0.01882943143812709,0.00693422519509476,0.01722408026755853,0.03833890746934225,0.009866220735785953,0.011984392419175028,0.0005797101449275362,0.008015607580824972,0.0019397993311036788,7.803790412486064e-05,0.0,1.1148272017837235e-05,0.000713489409141583,0.0,0.0,0.0,0.0,0.0,0.0,0.0,0.0,0.0,0.0,0.0,0.0,0.0,0.0,0.0,0.0,0.0,0.0,0.0,0.0,0.0,0.0,0.0,0.0,0.0,0.0,0.0,0.0,0.0,0.0,0.0,0.0,0.0,0.0,0.0,0.0,0.0,0.0,0.0,nan,nan,4.21522491349481,2.791864732833262,nan,0.8208848896846429,0.03285338585588451,0.0,0.0,0.0,0.0,0.0,0.0,0.0,0.0,0.0,0.0,0.0,0.0,0.0,0.0,0.0,0.0,0.0,0.0,0.0,0.0,0.03839590443686008,0.2559726962457338,1.241467576791809,5.631399317406125,12.478668941979524,8.293515358361777,1.6126279863481232,0.39675767918088745,0.03839590443686008,0.012798634812286692,0.8215375765914508,0.03162458407175065,0.0,0.0,0.0,0.0,0.0,0.0,0.0,0.0,0.0,0.0,0.0,0.0,0.0,0.0,0.0,0.0,0.0,0.0,0.0,0.0,0.0,0.09808500700607195,0.9388136384866886,5.969173283512359,12.933208780943488,7.958897711349838,1.6814572629612334,0.3222793087342364,0.09808500700607195,0.0,0.4019,0.01148,0.0,0.0,0.0,0.0,0.0,0.0,0.0,0.0,0.0,0.0,0.012798634812286692,12.888225255972678,16.996587030716725,0.10238907849829354,0.0,0.0,0.0,0.0,0.0,0.0,0.0,0.0,0.0,0.0,0.0,0.0,0.0,0.0,0.0,0.0,0.4026,0.011665,0.0,0.0,0.0,0.0,0.0,0.0,0.0,0.0,0.0,0.0,0.042036431574030836,12.765063054647342,16.996730499766468,0.1961700140121439,0.0,0.0,0.0,0.0,0.0,0.0,0.0,0.0,0.0,0.0,0.0,0.0,0.0,0.0,0.0,0.0
71800,4324,2262,0.5231267345050878,1084,869,0.45166512488436633,1202,0.5559666975023126,0.40599999999999997,2.9384093113482055,3.0505900895629807,6.510452961672474,2.126421345612528,8383.136632747457,506.15769701295727,7853.0,8866.4,8866.399999999998,1.8189894035458565e-12,7853.0,0.0,27.93617021276596,20.713623660026617,32.91862068965517,18.91055529448511,0.13945420906567993,0.10291396854764108,0.08580018501387604,0.08279370952821462,0.08441258094357076,0.0807123034227567,0.0709990749306198,0.06544865864939871,0.05226641998149861,0.05365402405180388,0.04925994449583719,0.040471785383903794,0.030527289546716005,0.027983348751156337,0.017807585568917667,0.009481961147086031,0.006012950971322849,0.8219479270327653,0.034838976339067546,0.0,0.0,0.0,0.0,0.0,0.0,0.0,0.0,0.0,0.0,0.0,0.0,0.0,0.0,0.0,0.0,0.0,0.0,0.0,0.0,0.04162812210915819,0.18038852913968553,1.2765957446808514,5.439407955596653,13.00185013876041,7.4167437557816855,1.9842738205365407,0.49953746530989834,0.08325624421831639,0.07631822386679002,4.196207148067105,2.892710761315189,4.4576271186440675,2.9648907939891362,1.0622991099706267,4.0200429491768075,2.836948010433642,4.382478632478633,2.939514778451422,1.090157166946697,0.4019,0.01141,0.0,0.0,0.0,0.0,0.0,0.0,0.0,0.0,0.0,0.0,0.013876040703052732,12.98103607770581,16.94958371877891,0.055504162812210926,0.0,0.0,0.0,0.0,0.0,0.0,0.0,0.0,0.0,0.0,0.0,0.0,0.0,0.0,0.0,0.0,nan,nan,4.201713673687968,2.894493151027417,nan,0.4019,0.0656,0.0,0.0,0.0,0.0,0.0,0.0,0.0,0.0,0.0,0.0,0.0,0.0,0.0,0.0,0.0,0.0,0.0,0.00024283071230342277,0.0,0.0002197039777983349,0.0,0.0,0.00024283071230342277,0.0014916743755781683,0.00519195189639223,0.001352913968547641,0.014858926919518964,0.00196577243293247,0.0018385753931544867,0.01743755781683626,0.03363783533765032,0.02608695652173913,0.034851988899167435,0.026063829787234042,0.0329209065679926,0.03349907493061979,0.0579209065679926,0.040067067530064754,0.07429463459759482,0.06644310823311748,0.06334412580943571,0.05730804810360777,0.08048103607770583,0.0561054579093432,0.03623959296947271,0.02480342275670675,0.03184551341350601,0.0469472710453284,0.017252543940795558,0.01950740055504163,0.007620259019426457,0.017981036077705827,0.03893385753931545,0.008371877890841813,0.011447733580018502,0.0009250693802035153,0.007828399629972248,0.0018617021276595746,4.625346901017576e-05,0.0,0.0,0.0005203515263644773,0.0,0.0,0.0,0.0,0.0,0.0,0.0,0.0,0.0,0.0,0.0,0.0,0.0,0.0,0.0,0.0,0.0,0.0,0.0,0.0,0.0,0.0,0.0,0.0,0.0,0.0,0.0,0.0,0.0,0.0,0.0,0.0,0.0,0.0,0.0,0.0,0.0,0.0,0.0,nan,nan,4.201713673687968,2.894493151027417,nan,0.8224441019124842,0.03533122145113924,0.0,0.0,0.0,0.0,0.0,0.0,0.0,0.0,0.0,0.0,0.0,0.0,0.0,0.0,0.0,0.0,0.0,0.0,0.0,0.0,0.03978779840848807,0.25198938992042447,1.2599469496021223,5.318302387267888,12.997347480106104,7.3474801061007975,2.06896551724138,0.5437665782493369,0.11936339522546421,0.053050397877984094,0.8214036265585055,0.03428260153328196,0.0,0.0,0.0,0.0,0.0,0.0,0.0,0.0,0.0,0.0,0.0,0.0,0.0,0.0,0.0,0.0,0.0,0.0,0.0,0.0,0.04364694471387003,0.1018428709990301,1.294859359844811,5.572259941804056,13.006789524733271,7.492725509214357,1.8913676042677017,0.4510184287099904,0.04364694471387003,0.1018428709990301,0.402,0.01133,0.0,0.0,0.0,0.0,0.0,0.0,0.0,0.0,0.0,0.0,0.0,12.586206896551706,17.360742705570296,0.053050397877984094,0.0,0.0,0.0,0.0,0.0,0.0,0.0,0.0,0.0,0.0,0.0,0.0,0.0,0.0,0.0,0.0,0.4019,0.011505,0.0,0.0,0.0,0.0,0.0,0.0,0.0,0.0,0.0,0.0,0.029097963142580025,13.41416100872937,16.498545101842875,0.05819592628516005,0.0,0.0,0.0,0.0,0.0,0.0,0.0,0.0,0.0,0.0,0.0,0.0,0.0,0.0,0.0,0.0
71900,4196,2112,0.5033365109628217,993,887,0.44804575786463297,1230,0.5862726406101049,0.418,2.987523992322457,3.0981757080182692,6.631849315068493,2.109115734798236,8363.081220209722,506.68871839611074,7853.0,8866.4,8866.399999999998,1.8189894035458565e-12,7853.0,0.0,28.143469971401334,21.00668121438526,33.17902813299233,19.193746112207908,0.13965681601525262,0.0996186844613918,0.09103908484270734,0.08055290753098189,0.08102955195424213,0.08031458531935176,0.06982840800762631,0.06649189704480457,0.0548141086749285,0.053860819828408006,0.04837940896091516,0.03360343183984747,0.034080076263107724,0.02979027645376549,0.01811248808388942,0.011916110581506196,0.006911344137273594,0.8215729171628606,0.03403643664341101,0.0,0.0,0.0,0.0,0.0,0.0,0.0,0.0,0.0,0.0,0.0,0.0,0.0,0.0,0.0,0.0,0.0,0.0,0.0,0.007149666348903719,0.07149666348903719,0.23593898951382275,1.1868446139180173,5.419447092469001,12.812202097235465,7.84318398474738,1.9161105815061967,0.38608198284080086,0.10009532888465207,0.021448999046711156,4.271066368381804,2.8317165244932543,4.350877192982456,2.8190531449480063,1.0186863929793932,4.257204610951009,2.7815750770279424,4.2886750555144335,2.881757719889569,1.007392279074976,0.4019,0.011604,0.0,0.0,0.0,0.0,0.0,0.0,0.0,0.0,0.0,0.0,0.035748331744518594,13.13393708293611,16.715919923736895,0.1143946615824595,0.0,0.0,0.0,0.0,0.0,0.0,0.0,0.0,0.0,0.0,0.0,0.0,0.0,0.0,0.0,0.0,nan,nan,4.2727272727272725,2.831476491006258,nan,0.4019,0.06573,0.0,0.0,0.0,0.0,0.0,0.0,0.0,0.0,0.0,0.0,0.0,0.0,0.0,0.0,0.0,0.0,0.0,0.0004170638703527169,0.0,1.1916110581506196e-05,0.0,0.0,0.00044089609151572927,0.0010605338417540514,0.006398951382268828,0.0011677788369876072,0.015896091515729266,0.0017516682554814108,0.00194232602478551,0.016134413727359388,0.036582459485224025,0.02497616777883699,0.03515252621544328,0.0248093422306959,0.03381792183031459,0.03176835081029552,0.059127740705433744,0.03856053384175405,0.07202097235462344,0.06790991420400382,0.06220209723546234,0.05798379408960915,0.07994518589132507,0.05936606291706387,0.03533126787416587,0.026048617731172546,0.030838894184938036,0.044411344137273594,0.01701620591039085,0.019840324118207818,0.009413727359389895,0.020316968541468066,0.03872735938989514,0.006649189704480457,0.01184461391801716,0.0006792183031458532,0.007244995233555767,0.001763584366062917,5.958055290753098e-05,0.0,0.0,0.00036939942802669207,0.0,0.0,0.0,0.0,0.0,0.0,0.0,0.0,0.0,0.0,0.0,0.0,0.0,0.0,0.0,0.0,0.0,0.0,0.0,0.0,0.0,0.0,0.0,0.0,0.0,0.0,0.0,0.0,0.0,0.0,0.0,0.0,0.0,0.0,0.0,0.0,0.0,0.0,0.0,nan,nan,4.2727272727272725,2.831476491006258,nan,0.8223288761395396,0.033804438174705256,0.0,0.0,0.0,0.0,0.0,0.0,0.0,0.0,0.0,0.0,0.0,0.0,0.0,0.0,0.0,0.0,0.0,0.0,0.0,0.014204545454545458,0.05681818181818183,0.18465909090909097,1.1647727272727275,5.156249999999984,13.025568181818185,7.840909090909093,2.0028409090909096,0.44034090909090917,0.0994318181818182,0.014204545454545458,0.8208068013477234,0.03425293238680101,0.0,0.0,0.0,0.0,0.0,0.0,0.0,0.0,0.0,0.0,0.0,0.0,0.0,0.0,0.0,0.0,0.0,0.0,0.0,0.0,0.08637236084452976,0.2879078694817659,1.2092130518234168,5.686180422264858,12.59596928982726,7.845489443378121,1.8282149712092135,0.33109404990403074,0.10076775431861806,0.02879078694817659,0.4019,0.01166,0.0,0.0,0.0,0.0,0.0,0.0,0.0,0.0,0.0,0.0,0.04261363636363637,13.082386363636346,16.775568181818187,0.0994318181818182,0.0,0.0,0.0,0.0,0.0,0.0,0.0,0.0,0.0,0.0,0.0,0.0,0.0,0.0,0.0,0.0,0.4016,0.011536,0.0,0.0,0.0,0.0,0.0,0.0,0.0,0.0,0.0,0.0,0.02879078694817659,13.186180422264856,16.655470249520157,0.12955854126679464,0.0,0.0,0.0,0.0,0.0,0.0,0.0,0.0,0.0,0.0,0.0,0.0,0.0,0.0,0.0,0.0
72000,4308,2274,0.5278551532033426,1090,853,0.4510213556174559,1183,0.5492107706592386,0.40599999999999997,3.031465093411996,3.087226373849694,6.579564489112228,2.1145862922128975,8387.928412256266,505.91308220038155,7853.0,8866.4,8866.4,0.0,7853.0,0.0,28.34702878365831,20.867091638654294,33.41971207087486,18.95998669241822,0.14229340761374187,0.09308263695450325,0.08426183844011143,0.08913649025069638,0.07544103992571959,0.08101207056638811,0.07265552460538532,0.06592386258124419,0.05617455896007428,0.05338904363974002,0.04619312906220984,0.04131847725162489,0.03690807799442897,0.03040854224698236,0.016248839368616527,0.009749303621169917,0.005803156917363045,0.8215987049907917,0.03400915555436184,0.0,0.0,0.0,0.0,0.0,0.0,0.0,0.0,0.0,0.0,0.0,0.0,0.0,0.0,0.0,0.0,0.0,0.0,0.0,0.020891364902506968,0.03481894150417828,0.19498607242339838,1.2325905292479111,5.550139275766,12.910863509749307,7.764623955431756,1.7061281337047358,0.4596100278551533,0.10445682451253485,0.020891364902506968,4.135251798561151,2.9005795329976674,3.981818181818182,2.7001071297999815,0.9628961852343899,4.095271700776288,2.8688257405121322,4.169252468265162,2.924216699527299,1.0180649228901835,0.4023,0.01141,0.0,0.0,0.0,0.0,0.0,0.0,0.0,0.0,0.0,0.0,0.027855153203342625,12.409470752089119,17.47214484679666,0.09052924791086353,0.0,0.0,0.0,0.0,0.0,0.0,0.0,0.0,0.0,0.0,0.0,0.0,0.0,0.0,0.0,0.0,nan,nan,4.132275132275132,2.896899566589323,nan,0.4023,0.0656,0.0,0.0,0.0,0.0,0.0,0.0,0.0,0.0,0.0,0.0,0.0,0.0,0.0,0.0,0.0,0.0,0.0,0.00034818941504178273,2.321262766945218e-05,0.0,0.0,0.0,0.0006267409470752089,0.001392757660167131,0.006313834726090994,0.001160631383472609,0.015088207985143919,0.0017177344475394615,0.00207753017641597,0.015099814298978644,0.039473073351903434,0.02267873723305478,0.03184772516248839,0.02301532033426184,0.03268337975858867,0.03639740018570102,0.06067780872794801,0.037604456824512536,0.07011374187558031,0.06830315691736305,0.060225162488393685,0.05994661095636026,0.07773909006499535,0.05877437325905292,0.03516713091922006,0.025928505106778087,0.03182451253481894,0.04816620241411328,0.019138811513463323,0.020415506035283193,0.009760909935004643,0.01981197771587744,0.0382544103992572,0.006917363045496751,0.010805478180129991,0.000638347260909935,0.00792711234911792,0.0016132776230269267,2.321262766945218e-05,1.160631383472609e-05,4.642525533890436e-05,0.00022051996285979574,0.0,0.0,0.0,0.0,0.0,0.0,0.0,0.0,0.0,0.0,0.0,0.0,0.0,0.0,0.0,0.0,0.0,0.0,0.0,0.0,0.0,0.0,0.0,0.0,0.0,0.0,0.0,0.0,0.0,0.0,0.0,0.0,0.0,0.0,0.0,0.0,0.0,0.0,0.0,nan,nan,4.132275132275132,2.896899566589323,nan,0.8223325563766711,0.034470249929739114,0.0,0.0,0.0,0.0,0.0,0.0,0.0,0.0,0.0,0.0,0.0,0.0,0.0,0.0,0.0,0.0,0.0,0.0,0.0,0.0395778364116095,0.0395778364116095,0.18469656992084438,1.1477572559366758,5.448548812664891,12.836411609498684,7.941952506596308,1.6622691292875993,0.5672823218997363,0.10554089709762536,0.02638522427440634,0.8207782634708851,0.03346709230525529,0.0,0.0,0.0,0.0,0.0,0.0,0.0,0.0,0.0,0.0,0.0,0.0,0.0,0.0,0.0,0.0,0.0,0.0,0.0,0.0,0.02949852507374632,0.20648967551622424,1.3274336283185844,5.663716814159274,12.994100294985254,7.566371681415931,1.755162241887906,0.33923303834808266,0.10324483775811212,0.01474926253687316,0.4023,0.01137,0.0,0.0,0.0,0.0,0.0,0.0,0.0,0.0,0.0,0.0,0.01319261213720317,12.24274406332452,17.625329815303434,0.11873350923482852,0.0,0.0,0.0,0.0,0.0,0.0,0.0,0.0,0.0,0.0,0.0,0.0,0.0,0.0,0.0,0.0,0.4023,0.011475,0.0,0.0,0.0,0.0,0.0,0.0,0.0,0.0,0.0,0.0,0.044247787610619475,12.595870206489657,17.300884955752217,0.05899705014749264,0.0,0.0,0.0,0.0,0.0,0.0,0.0,0.0,0.0,0.0,0.0,0.0,0.0,0.0,0.0,0.0
72100,4292,2251,0.5244641192917054,999,859,0.43289841565703635,1188,0.5535880708294502,0.40199999999999997,3.0568348848603626,3.1820022380103214,6.808620689655172,2.162277254444762,8384.491938490213,506.0931236303228,7853.0,8866.4,8866.4,0.0,7853.0,0.0,27.404240447343895,20.698494857866873,32.22995839112344,19.078437731306497,0.1390959925442684,0.11090400745573159,0.09855545200372787,0.08364398881640261,0.08178005591798695,0.06733457595526561,0.06943150046598323,0.06360671015843429,0.06057781919850885,0.05172413793103448,0.047763280521901215,0.035181733457595524,0.032851817334575956,0.023998136067101584,0.019804287045666356,0.009552656104380242,0.004193849021435228,0.8203811555795323,0.03406298738148859,0.0,0.0,0.0,0.0,0.0,0.0,0.0,0.0,0.0,0.0,0.0,0.0,0.0,0.0,0.0,0.0,0.0,0.0,0.0,0.0,0.06290773532152844,0.19571295433364405,1.25116495806151,5.822460391425891,13.063839701770739,7.409133271202238,1.6425908667287983,0.3914259086672881,0.11183597390493945,0.04892823858341101,4.420650095602294,2.9299850817517403,4.507246376811594,3.2643138010112294,1.0195890376611,4.350150602409639,2.899961046928813,4.494100294985251,2.9751865664164936,1.0330907377082246,0.4019,0.01168,0.0,0.0,0.0,0.0,0.0,0.0,0.0,0.0,0.0,0.0,0.06989748369058715,12.749301025163076,17.08993476234856,0.09086672879776331,0.0,0.0,0.0,0.0,0.0,0.0,0.0,0.0,0.0,0.0,0.0,0.0,0.0,0.0,0.0,0.0,nan,nan,4.422876304023845,2.9390882455198004,nan,0.4019,0.06555,0.0,0.0,0.0,0.0,0.0,0.0,0.0,0.0,0.0,0.0,0.0,0.0,0.0,0.0,0.0,0.0,0.0,0.0002912395153774464,0.0,0.0,0.0,1.1649580615097857e-05,0.0006057781919850885,0.001875582479030755,0.00750232991612302,0.0012581547064305686,0.0141309412861137,0.0016891891891891893,0.0021784715750232993,0.013164026095060578,0.042089934762348555,0.02124883504193849,0.03218779123951538,0.022483690587138862,0.03162861136999068,0.03609040074557316,0.06378145386766076,0.038303821062441755,0.07225069897483691,0.07027027027027027,0.05942451071761417,0.060414725069897486,0.07636300093196645,0.05687325256290773,0.03515843429636533,0.023602050326188256,0.031488816402609504,0.04904473438956197,0.021831314072693384,0.017194780987884437,0.010333178005591798,0.018685927306616962,0.03918918918918919,0.0068383038210624416,0.010740913327120225,0.0006290773532152843,0.007280987884436161,0.0012814538676607643,0.00015144454799627212,0.0,6.989748369058713e-05,0.00036113699906803356,0.0,0.0,0.0,0.0,0.0,0.0,0.0,0.0,0.0,0.0,0.0,0.0,0.0,0.0,0.0,0.0,0.0,0.0,0.0,0.0,0.0,0.0,0.0,0.0,0.0,0.0,0.0,0.0,0.0,0.0,0.0,0.0,0.0,0.0,0.0,0.0,0.0,0.0,0.0,nan,nan,4.422876304023845,2.9390882455198004,nan,0.8206718484331162,0.03448239028625615,0.0,0.0,0.0,0.0,0.0,0.0,0.0,0.0,0.0,0.0,0.0,0.0,0.0,0.0,0.0,0.0,0.0,0.0,0.0,0.0,0.06663705019991116,0.1999111505997335,1.2127943136383832,5.8240781874722165,12.927587738782766,7.450022212350068,1.6925810750777437,0.45313194135939594,0.1199466903598401,0.05330964015992894,0.8200605531231788,0.033591443548247245,0.0,0.0,0.0,0.0,0.0,0.0,0.0,0.0,0.0,0.0,0.0,0.0,0.0,0.0,0.0,0.0,0.0,0.0,0.0,0.0,0.058794708476237155,0.19108280254777077,1.2934835864772172,5.820676139147459,13.214110730034301,7.364037236648703,1.5874571288584032,0.3233708966193043,0.10289073983341503,0.04409603135717786,0.402,0.01165,0.0,0.0,0.0,0.0,0.0,0.0,0.0,0.0,0.0,0.0,0.0799644602398934,12.487783207463332,17.338960462016885,0.09329187027987564,0.0,0.0,0.0,0.0,0.0,0.0,0.0,0.0,0.0,0.0,0.0,0.0,0.0,0.0,0.0,0.0,0.4014,0.0117,0.0,0.0,0.0,0.0,0.0,0.0,0.0,0.0,0.0,0.0,0.058794708476237155,13.037726604605567,16.815286624203825,0.08819206271435572,0.0,0.0,0.0,0.0,0.0,0.0,0.0,0.0,0.0,0.0,0.0,0.0,0.0,0.0,0.0,0.0
72200,4191,2150,0.5130040563111429,1002,874,0.4476258649486996,1203,0.5740873299928418,0.41,3.0225379715825578,3.1059175438152766,6.580204778156997,2.1830601214584275,8372.87831066571,506.52859951635287,7853.0,8866.4,8866.4,0.0,7853.0,0.0,28.343116201383918,21.09374265553521,33.3603066439523,19.266605637935548,0.14173228346456693,0.09138630398472918,0.09830589358148413,0.08637556669052732,0.07253638749701742,0.07420663326175138,0.0711047482701026,0.062037699832975426,0.05607253638749702,0.05368647100930565,0.05010737294201861,0.04581245526127416,0.03746122643760439,0.025292293008828442,0.015032211882605583,0.010021474588403722,0.00882844189930804,0.8200610530771808,0.033510047202236826,0.0,0.0,0.0,0.0,0.0,0.0,0.0,0.0,0.0,0.0,0.0,0.0,0.0,0.0,0.0,0.0,0.0,0.0,0.0,0.028632784538296357,0.0715819613457409,0.17179670722977813,1.0594130279169651,5.998568360773067,13.299928418038657,7.3872584108804595,1.524695776664281,0.3078024337866858,0.07874015748031497,0.0715819613457409,4.277072442120986,2.8959045176480984,4.163265306122449,2.252861570568257,0.9733913471098236,4.249092229484386,2.9258025440407316,4.297998517420312,2.8420495788682194,1.01150982028504,0.4019,0.011734,0.0,0.0,0.0,0.0,0.0,0.0,0.0,0.0,0.0,0.0,0.03579098067287045,12.691481746599838,17.201145311381534,0.0715819613457409,0.0,0.0,0.0,0.0,0.0,0.0,0.0,0.0,0.0,0.0,0.0,0.0,0.0,0.0,0.0,0.0,nan,nan,4.275027502750275,2.885654195630057,nan,0.4019,0.06537,0.0,0.0,0.0,0.0,0.0,0.0,0.0,0.0,0.0,0.0,0.0,0.0,0.0,0.0,0.0,0.0,0.0,0.00011930326890956812,0.0,0.0,0.0,1.1930326890956813e-05,0.0003101884991648771,0.001717967072297781,0.007909806728704366,0.0013123359580052493,0.014793605344786447,0.0014793605344786448,0.0018611309949892628,0.014757814364113577,0.03957289429730375,0.02073490813648294,0.03162729658792651,0.020603674540682414,0.031865903125745644,0.03754473872584109,0.06666666666666667,0.03863039847291816,0.07178477690288713,0.06888570746838463,0.05990217131949416,0.06021235981865903,0.07532808398950132,0.05887616320687187,0.03605344786447149,0.024135051300405632,0.029801956573610115,0.051097590073968024,0.020866141732283464,0.016559293724648056,0.009782868050584585,0.01784776902887139,0.03956096397041279,0.0063230732522071105,0.011667859699355762,0.000381770460510618,0.007862085421140539,0.0012288236697685516,3.579098067287044e-05,0.0,0.00015509424958243855,0.00013123359580052493,0.0,0.0,0.0,0.0,0.0,0.0,0.0,0.0,0.0,0.0,0.0,0.0,0.0,0.0,0.0,0.0,0.0,0.0,0.0,0.0,0.0,0.0,0.0,0.0,0.0,0.0,0.0,0.0,0.0,0.0,0.0,0.0,0.0,0.0,0.0,0.0,0.0,0.0,0.0,nan,nan,4.275027502750275,2.885654195630057,nan,0.821140695810318,0.03444983104028383,0.0,0.0,0.0,0.0,0.0,0.0,0.0,0.0,0.0,0.0,0.0,0.0,0.0,0.0,0.0,0.0,0.0,0.0,0.0,0.027906976744186053,0.027906976744186053,0.22325581395348842,0.9906976744186049,6.097674418604632,12.837209302325585,7.5209302325581415,1.7302325581395352,0.3767441860465117,0.08372093023255815,0.08372093023255815,0.8189237518149343,0.032451863949569296,0.0,0.0,0.0,0.0,0.0,0.0,0.0,0.0,0.0,0.0,0.0,0.0,0.0,0.0,0.0,0.0,0.0,0.0,0.0,0.029397354238118577,0.11758941695247431,0.11758941695247431,1.1317981381675652,5.894169524742755,13.787359137677612,7.246447819696229,1.3081822635962765,0.23517883390494862,0.07349338559529643,0.058794708476237155,0.402,0.01151,0.0,0.0,0.0,0.0,0.0,0.0,0.0,0.0,0.0,0.0,0.013953488372093027,12.795348837209284,17.12093023255814,0.06976744186046513,0.0,0.0,0.0,0.0,0.0,0.0,0.0,0.0,0.0,0.0,0.0,0.0,0.0,0.0,0.0,0.0,0.4019,0.01196,0.0,0.0,0.0,0.0,0.0,0.0,0.0,0.0,0.0,0.0,0.058794708476237155,12.58206761391473,17.28564429201372,0.07349338559529643,0.0,0.0,0.0,0.0,0.0,0.0,0.0,0.0,0.0,0.0,0.0,0.0,0.0,0.0,0.0,0.0
72300,4327,2263,0.5229951467529466,1095,860,0.4518141899699561,1182,0.5463369540097065,0.414,3.010174418604651,3.1143256715030305,6.637305699481865,2.1124821066543262,8383.003281719435,506.16385396539766,7853.0,8866.4,8866.4,0.0,7853.0,0.0,27.97781372775595,20.71272171382879,32.732567678424935,19.000557330955562,0.13427316847700485,0.09637162006008781,0.09475387104229258,0.0905939449965334,0.08273630691009938,0.07580309683383407,0.07464756182112318,0.06262999768892998,0.05569678761266467,0.05246128957707419,0.046452507510977584,0.04044372544488098,0.030737231338109544,0.025421770279639475,0.021261844233880285,0.009244280101687081,0.006470996071180957,0.8211439828798847,0.03284583372113661,0.0,0.0,0.0,0.0,0.0,0.0,0.0,0.0,0.0,0.0,0.0,0.0,0.0,0.0,0.0,0.0,0.0,0.0,0.013866420152530624,0.0,0.006933210076265312,0.09706494106771438,1.157846082736307,5.99029350589321,13.034434943378788,7.6334642939681085,1.5599722671596954,0.37439334411832687,0.10399815114397969,0.02773284030506125,4.279912980420595,2.96155614259735,3.227272727272727,2.644579674143428,0.7540510150642309,4.265613783201723,2.9425856672904875,4.262073863636363,2.9774596812778293,0.9991701265643644,0.4026,0.01129,0.0,0.0,0.0,0.0,0.0,0.0,0.0,0.0,0.0,0.0,0.03466605038132656,12.341113935752235,17.55488791310377,0.06933210076265311,0.0,0.0,0.0,0.0,0.0,0.0,0.0,0.0,0.0,0.0,0.0,0.0,0.0,0.0,0.0,0.0,nan,nan,4.263383297644539,2.959735934935101,nan,0.4026,0.0653,0.0,0.0,0.0,0.0,0.0,0.0,0.0,0.0,0.0,0.0,0.0,0.0,0.0,0.0,0.0,0.0,0.0,2.3110700254217703e-05,0.0,0.0,0.0,0.0,0.0002888837531777213,0.0013404206147446267,0.007591865033510515,0.0013750866651259534,0.01539172636930899,0.0011324243124566675,0.0015253062167783684,0.01650103998151144,0.03825976427085741,0.019782759417610353,0.0317194360989138,0.020164085971804947,0.032458978507048764,0.03578691934365611,0.06680147908481628,0.039519297434712275,0.07201294199214237,0.06874277790617056,0.0592673908019413,0.06021492951236423,0.07396579616362375,0.058666512595331635,0.03366073492026808,0.023700023110700255,0.03109544719204992,0.055789230413681536,0.02051074647561821,0.016258377628842153,0.01208689623295586,0.017656574994222324,0.04005084354055928,0.005777675063554426,0.010168708111855789,0.0005199907557198983,0.008423850242662352,0.0012595331638548648,6.933210076265311e-05,1.1555350127108852e-05,0.00017333025190663278,0.00023110700254217703,0.0,2.3110700254217703e-05,0.0,0.0,0.0,0.0,0.0,0.0,0.0,0.0,0.0,0.0,0.0,0.0,0.0,0.0,0.0,0.0,0.0,0.0,0.0,0.0,0.0,0.0,0.0,0.0,0.0,0.0,0.0,0.0,0.0,0.0,0.0,0.0,0.0,0.0,0.0,0.0,0.0,nan,nan,4.263383297644539,2.959735934935101,nan,0.8218562544788136,0.03344240368894649,0.0,0.0,0.0,0.0,0.0,0.0,0.0,0.0,0.0,0.0,0.0,0.0,0.0,0.0,0.0,0.0,0.0,0.0,0.013256738842244811,0.0,0.0,0.07954043305346886,1.2196199734865225,5.832965090587697,12.872293415819712,7.702165267344235,1.7233760494918253,0.38444542642509955,0.1458241272646929,0.026513477684489622,0.8203630378079969,0.03216091300657265,0.0,0.0,0.0,0.0,0.0,0.0,0.0,0.0,0.0,0.0,0.0,0.0,0.0,0.0,0.0,0.0,0.0,0.0,0.014534883720930236,0.0,0.014534883720930236,0.11627906976744189,1.0901162790697676,6.162790697674399,13.212209302325585,7.558139534883723,1.3808139534883723,0.36337209302325585,0.05813953488372094,0.02906976744186047,0.4023,0.01136,0.0,0.0,0.0,0.0,0.0,0.0,0.0,0.0,0.0,0.0,0.053026955368979244,12.18294299602296,17.69774635439682,0.06628369421122406,0.0,0.0,0.0,0.0,0.0,0.0,0.0,0.0,0.0,0.0,0.0,0.0,0.0,0.0,0.0,0.0,0.4026,0.011215,0.0,0.0,0.0,0.0,0.0,0.0,0.0,0.0,0.0,0.0,0.014534883720930236,12.514534883720913,17.39825581395349,0.07267441860465118,0.0,0.0,0.0,0.0,0.0,0.0,0.0,0.0,0.0,0.0,0.0,0.0,0.0,0.0,0.0,0.0
72400,4325,2215,0.5121387283236994,1047,885,0.4467052023121387,1219,0.563699421965318,0.422,2.9682464454976305,3.126622612814233,6.572621035058431,2.1256800875679143,8372.001387283237,506.55065479269456,7853.0,8866.4,8866.4,0.0,7853.0,0.0,28.17456647398844,20.960172539951593,33.27265193370166,19.10061967509883,0.1424277456647399,0.09618497109826589,0.09410404624277456,0.08346820809248555,0.08,0.07121387283236995,0.06797687861271676,0.06312138728323699,0.06427745664739884,0.05179190751445087,0.046936416184971096,0.04300578034682081,0.0330635838150289,0.026589595375722544,0.019884393063583816,0.010173410404624278,0.005780346820809248,0.8221636947041991,0.03358527015614065,0.0,0.0,0.0,0.0,0.0,0.0,0.0,0.0,0.0,0.0,0.0,0.0,0.0,0.0,0.0,0.0,0.0,0.0,0.0,0.0,0.0208092485549133,0.2566473988439307,1.0751445086705205,5.521387283236978,12.541040462427748,8.282080924855492,1.8381502890173416,0.3606936416184972,0.0554913294797688,0.0485549132947977,4.271137026239067,2.9202391454048766,4.114754098360656,2.6556365088997476,0.9633861131315392,4.253968253968254,2.8800707431040085,4.283497884344147,2.9480736282213886,1.0069416668420943,0.402,0.01151,0.0,0.0,0.0,0.0,0.0,0.0,0.0,0.0,0.0,0.0,0.0554913294797688,12.818497109826572,17.077456647398847,0.0485549132947977,0.0,0.0,0.0,0.0,0.0,0.0,0.0,0.0,0.0,0.0,0.0,0.0,0.0,0.0,0.0,0.0,nan,nan,4.267736185383244,2.914829630276717,nan,0.402,0.0655,0.0,0.0,0.0,0.0,0.0,0.0,0.0,0.0,0.0,0.0,0.0,0.0,0.0,0.0,0.0,0.0,0.0,0.0,0.0,0.0,0.0,0.0,0.00020809248554913294,0.0013872832369942196,0.008115606936416185,0.0007976878612716763,0.016578034682080925,0.0011445086705202312,0.0018959537572254335,0.016138728323699423,0.04030057803468208,0.019445086705202314,0.03201156069364162,0.02077456647398844,0.03069364161849711,0.0355606936416185,0.06523699421965318,0.03815028901734104,0.07552601156069365,0.06876300578034682,0.060867052023121385,0.06068208092485549,0.07363005780346821,0.05705202312138728,0.037052023121387286,0.02353757225433526,0.027005780346820808,0.05435838150289017,0.020947976878612717,0.015872832369942195,0.011618497109826589,0.01731791907514451,0.03943352601156069,0.0067052023121387284,0.010589595375722544,0.0011098265895953757,0.008184971098265896,0.0010635838150289017,2.3121387283236996e-05,0.0,0.00016184971098265897,5.7803468208092484e-05,0.0,0.0,0.0,0.0,0.0,0.0,0.0,0.0,0.0,0.0,0.0,0.0,0.0,0.0,0.0,0.0,0.0,0.0,0.0,0.0,0.0,0.0,0.0,0.0,0.0,0.0,0.0,0.0,0.0,0.0,0.0,0.0,0.0,0.0,0.0,0.0,0.0,0.0,0.0,nan,nan,4.267736185383244,2.914829630276717,nan,0.8219487367580491,0.0337821964742694,0.0,0.0,0.0,0.0,0.0,0.0,0.0,0.0,0.0,0.0,0.0,0.0,0.0,0.0,0.0,0.0,0.0,0.0,0.0,0.0,0.027088036117381496,0.21670428893905197,1.232505643340858,5.404063205417591,12.717832957110613,8.099322799097067,1.8555304740406324,0.3386004514672687,0.04063205417607224,0.06772009029345374,0.8223893496097546,0.03337580471223405,0.0,0.0,0.0,0.0,0.0,0.0,0.0,0.0,0.0,0.0,0.0,0.0,0.0,0.0,0.0,0.0,0.0,0.0,0.0,0.0,0.014218009478672989,0.29857819905213273,0.9099526066350713,5.644549763033158,12.355450236966828,8.473933649289101,1.8199052132701425,0.38388625592417075,0.07109004739336494,0.028436018957345977,0.4023,0.011696,0.0,0.0,0.0,0.0,0.0,0.0,0.0,0.0,0.0,0.0,0.05417607223476299,12.731376975169281,17.16027088036118,0.05417607223476299,0.0,0.0,0.0,0.0,0.0,0.0,0.0,0.0,0.0,0.0,0.0,0.0,0.0,0.0,0.0,0.0,0.4016,0.011314,0.0,0.0,0.0,0.0,0.0,0.0,0.0,0.0,0.0,0.0,0.056872037914691954,12.909952606635052,16.99052132701422,0.04265402843601897,0.0,0.0,0.0,0.0,0.0,0.0,0.0,0.0,0.0,0.0,0.0,0.0,0.0,0.0,0.0,0.0
72500,4576,2360,0.5157342657342657,1113,953,0.451486013986014,1297,0.5668706293706294,0.414,2.9354693140794224,3.0650124786933146,6.554076539101498,2.1260184062449965,8375.645104895106,506.4490533408902,7853.0,8866.4,8866.399999999998,1.8189894035458565e-12,7853.0,0.0,27.92854020979021,20.774069958946953,32.784379865075245,19.035921984737115,0.13789335664335664,0.09986888111888112,0.0930944055944056,0.09112762237762238,0.08063811188811189,0.07036713286713286,0.06861888111888112,0.06512237762237762,0.055944055944055944,0.054632867132867136,0.04873251748251748,0.04130244755244755,0.03256118881118881,0.02556818181818182,0.02054195804195804,0.008522727272727272,0.005463286713286713,0.8227467353787873,0.03488346988076615,0.0,0.0,0.0,0.0,0.0,0.0,0.0,0.0,0.0,0.0,0.0,0.0,0.0,0.0,0.0,0.0,0.0,0.0,0.0,0.006555944055944058,0.02622377622377623,0.229458041958042,1.1997377622377625,5.2578671328671165,12.86276223776224,7.670454545454547,2.05201048951049,0.5048076923076924,0.1507867132867133,0.03933566433566434,4.268939393939394,2.861288018191924,4.543859649122807,2.8780486532505094,1.064400130761687,4.231649831649832,2.833697238414557,4.317073170731708,2.889286086474822,1.0201867693406406,0.402,0.01171,0.0,0.0,0.0,0.0,0.0,0.0,0.0,0.0,0.0,0.0,0.045891608391608406,12.567744755244737,17.327360139860144,0.05900349650349652,0.0,0.0,0.0,0.0,0.0,0.0,0.0,0.0,0.0,0.0,0.0,0.0,0.0,0.0,0.0,0.0,nan,nan,4.274231678486998,2.8618609064225584,nan,0.402,0.06506,0.0,0.0,0.0,0.0,0.0,0.0,0.0,0.0,0.0,0.0,0.0,0.0,0.0,0.0,0.0,0.0,0.0,0.0,0.0,0.0,0.0,0.0,8.741258741258741e-05,0.0011691433566433566,0.007714160839160839,0.0006883741258741259,0.015264423076923076,0.0013986013986013986,0.0027316433566433565,0.016608391608391608,0.0407888986013986,0.01925262237762238,0.032189685314685315,0.01913243006993007,0.028267045454545454,0.03623251748251748,0.06256555944055944,0.043739073426573426,0.07201704545454546,0.07330638111888112,0.06201923076923077,0.05911276223776224,0.07477054195804196,0.05661057692307692,0.03972902097902098,0.021481643356643355,0.026267482517482517,0.05327797202797203,0.02317526223776224,0.015439248251748252,0.01173513986013986,0.01658653846153846,0.03961975524475524,0.006359265734265734,0.010347465034965034,0.0007211538461538462,0.007976398601398602,0.001256555944055944,2.1853146853146853e-05,0.0,0.0002950174825174825,4.3706293706293706e-05,0.0,0.0,0.0,0.0,0.0,0.0,0.0,0.0,0.0,0.0,0.0,0.0,0.0,0.0,0.0,0.0,0.0,0.0,0.0,0.0,0.0,0.0,0.0,0.0,0.0,0.0,0.0,0.0,0.0,0.0,0.0,0.0,0.0,0.0,0.0,0.0,0.0,0.0,0.0,nan,nan,4.274231678486998,2.8618609064225584,nan,0.8225932578414173,0.03503214201554448,0.0,0.0,0.0,0.0,0.0,0.0,0.0,0.0,0.0,0.0,0.0,0.0,0.0,0.0,0.0,0.0,0.0,0.0,0.0,0.0,0.03813559322033899,0.21610169491525427,1.1949152542372883,5.605932203389813,12.432203389830512,7.843220338983053,1.9957627118644072,0.4576271186440679,0.1779661016949153,0.03813559322033899,0.8229101861857335,0.03472369090933853,0.0,0.0,0.0,0.0,0.0,0.0,0.0,0.0,0.0,0.0,0.0,0.0,0.0,0.0,0.0,0.0,0.0,0.0,0.0,0.013537906137184119,0.013537906137184119,0.24368231046931413,1.2048736462093865,4.88718411552345,13.321299638989172,7.4864620938628175,2.1119133574007223,0.5550541516245489,0.12184115523465706,0.040613718411552355,0.4019,0.011696,0.0,0.0,0.0,0.0,0.0,0.0,0.0,0.0,0.0,0.0,0.050847457627118654,13.105932203389813,16.805084745762716,0.03813559322033899,0.0,0.0,0.0,0.0,0.0,0.0,0.0,0.0,0.0,0.0,0.0,0.0,0.0,0.0,0.0,0.0,0.4026,0.01172,0.0,0.0,0.0,0.0,0.0,0.0,0.0,0.0,0.0,0.0,0.040613718411552355,11.994584837545109,17.88357400722022,0.08122743682310471,0.0,0.0,0.0,0.0,0.0,0.0,0.0,0.0,0.0,0.0,0.0,0.0,0.0,0.0,0.0,0.0
72600,4854,2517,0.5185414091470952,1169,1019,0.4507622579316028,1382,0.569427276473012,0.40599999999999997,2.9974326059050065,3.0751522984041926,6.554012345679013,2.190083419087874,8378.489864029665,506.351489589738,7853.0,8866.4,8866.4,0.0,7853.0,0.0,27.99896992171405,20.83776382152129,33.0363994097393,19.011714958891798,0.14256283477544293,0.09559126493613515,0.08879274824886692,0.08899876390605686,0.0838483724763082,0.07313555830243099,0.06983930778739184,0.06448290070045323,0.060156571899464356,0.05665430572723527,0.03749484960857025,0.042027194066749075,0.03378656777915121,0.026782035434693038,0.021219612690564483,0.009064688916357644,0.005562422744128554,0.822734908589523,0.0337852668006897,0.0,0.0,0.0,0.0,0.0,0.0,0.0,0.0,0.0,0.0,0.0,0.0,0.0,0.0,0.0,0.0,0.0,0.0,0.0,0.01854140914709518,0.030902348578491973,0.15451174289245986,1.0444993819530286,5.302843016069205,13.226205191594564,7.836835599505564,1.7305315203955505,0.4326328800988876,0.15451174289245986,0.06798516687268233,4.299645960733827,2.9011184823863223,4.773584905660377,3.0321641155984786,1.1102274348294627,4.286441756842775,2.90756177472664,4.328508495909377,2.900328594601242,1.0098139066043408,0.4011,0.01204,0.0,0.0,0.0,0.0,0.0,0.0,0.0,0.0,0.0,0.0,0.08034610630407914,13.7639060568603,16.056860321384427,0.09888751545117432,0.0,0.0,0.0,0.0,0.0,0.0,0.0,0.0,0.0,0.0,0.0,0.0,0.0,0.0,0.0,0.0,nan,nan,4.307594936708861,2.9040030055385437,nan,0.4011,0.06525,0.0,0.0,0.0,0.0,0.0,0.0,0.0,0.0,0.0,0.0,0.0,0.0,0.0,0.0,0.0,0.0,0.0,0.0,0.0,0.0,0.0,1.0300782859497322e-05,0.00017511330861145447,0.001442109600329625,0.00749896992171405,0.0009064688916357644,0.01726411207251751,0.00130819942315616,0.0026782035434693035,0.016141326740832303,0.04103831891223733,0.019241862381541,0.034991759373712406,0.01707869798104656,0.028893695920889986,0.03638236505974454,0.06490523279769263,0.0465595385249279,0.0715801400906469,0.0734857849196539,0.059188298310671614,0.060197775030902345,0.07356819118252987,0.056510094767202305,0.03986402966625464,0.02211578079934075,0.023557890399670375,0.050741656365883805,0.021981870622167284,0.01588380716934487,0.012525751957148744,0.015523279769262464,0.04060568603213844,0.005397610218376597,0.010403790688092295,0.0012360939431396785,0.007900700453234447,0.0006901524515863206,5.150391429748661e-05,0.0,0.0004738360115368768,0.0,0.0,0.0,0.0,0.0,0.0,0.0,0.0,0.0,0.0,0.0,0.0,0.0,0.0,0.0,0.0,0.0,0.0,0.0,0.0,0.0,0.0,0.0,0.0,0.0,0.0,0.0,0.0,0.0,0.0,0.0,0.0,0.0,0.0,0.0,0.0,0.0,0.0,0.0,0.0,nan,nan,4.307594936708861,2.9040030055385437,nan,0.8227558420393076,0.033358975988023405,0.0,0.0,0.0,0.0,0.0,0.0,0.0,0.0,0.0,0.0,0.0,0.0,0.0,0.0,0.0,0.0,0.0,0.0,0.0,0.01191895113230036,0.04767580452920144,0.1191895113230036,1.0250297973778308,5.327771156138243,13.2061978545888,7.985697258641241,1.6448152562574496,0.4171632896305126,0.14302741358760432,0.07151370679380216,0.8227123628072776,0.03423844096865509,0.0,0.0,0.0,0.0,0.0,0.0,0.0,0.0,0.0,0.0,0.0,0.0,0.0,0.0,0.0,0.0,0.0,0.0,0.0,0.02567394094993582,0.01283697047496791,0.19255455712451866,1.0654685494223366,5.275994865211794,13.247753530166884,7.67650834403081,1.8228498074454433,0.4492939666238769,0.16688061617458286,0.06418485237483955,0.4011,0.01186,0.0,0.0,0.0,0.0,0.0,0.0,0.0,0.0,0.0,0.0,0.09535160905840288,13.64719904648389,16.19785458879619,0.0595947556615018,0.0,0.0,0.0,0.0,0.0,0.0,0.0,0.0,0.0,0.0,0.0,0.0,0.0,0.0,0.0,0.0,0.4011,0.01222,0.0,0.0,0.0,0.0,0.0,0.0,0.0,0.0,0.0,0.0,0.06418485237483955,13.889602053915256,15.905006418485241,0.141206675224647,0.0,0.0,0.0,0.0,0.0,0.0,0.0,0.0,0.0,0.0,0.0,0.0,0.0,0.0,0.0,0.0
72700,4656,2451,0.5264175257731959,1185,903,0.4484536082474227,1270,0.5455326460481099,0.422,2.9886621315192743,3.1278658734232945,6.6572327044025155,2.0547830110691057,8386.471520618556,505.9922684031545,7853.0,8866.4,8866.4,0.0,7853.0,0.0,28.35459621993127,20.90960725623888,33.37298541826554,19.056755635315287,0.13745704467353953,0.0977233676975945,0.08870274914089347,0.08784364261168384,0.0822594501718213,0.06808419243986254,0.06808419243986254,0.06572164948453608,0.06013745704467354,0.058848797250859106,0.04982817869415808,0.04488831615120275,0.03178694158075601,0.02147766323024055,0.01632302405498282,0.01331615120274914,0.007517182130584193,0.8222642855597115,0.03345051687781009,0.0,0.0,0.0,0.0,0.0,0.0,0.0,0.0,0.0,0.0,0.0,0.0,0.0,0.0,0.0,0.0,0.0,0.0,0.0,0.0,0.04510309278350517,0.18685567010309284,1.127577319587629,5.43814432989689,12.764175257731962,7.8994845360824755,2.02319587628866,0.4059278350515465,0.09020618556701034,0.0193298969072165,4.22442799461642,2.9191267504268272,4.357142857142857,2.721794126179664,1.0314160550719689,4.249511400651466,2.9221647784717812,4.203616878767582,2.908759948836657,0.9892000473567741,0.4011,0.01203,0.0,0.0,0.0,0.0,0.0,0.0,0.0,0.0,0.0,0.0,0.09020618556701034,13.795103092783485,15.9729381443299,0.14175257731958765,0.0,0.0,0.0,0.0,0.0,0.0,0.0,0.0,0.0,0.0,0.0,0.0,0.0,0.0,0.0,0.0,nan,nan,4.226882430647292,2.915653317902061,nan,0.4011,0.06494,0.0,0.0,0.0,0.0,0.0,0.0,0.0,0.0,0.0,0.0,0.0,0.0,0.0,0.0,0.0,0.0,0.0,0.0,0.0,0.0,3.2216494845360825e-05,1.0738831615120276e-05,8.59106529209622e-05,0.001524914089347079,0.006443298969072165,0.0008913230240549828,0.01754725085910653,0.001439003436426117,0.002920962199312715,0.016172680412371136,0.040786082474226805,0.018084192439862545,0.035792525773195874,0.01630154639175258,0.027974656357388317,0.03704896907216495,0.0655176116838488,0.04548969072164948,0.07247637457044674,0.07578393470790377,0.05968642611683849,0.061823453608247425,0.07392611683848797,0.057968213058419246,0.03964776632302405,0.021799828178694157,0.0210803264604811,0.0494201030927835,0.022465635738831615,0.01563573883161512,0.012145618556701031,0.015474656357388317,0.04066795532646048,0.005401632302405498,0.010427405498281786,0.001213487972508591,0.007570876288659794,0.0006550687285223367,0.0,0.0,0.0006658075601374571,0.0,0.0,0.0,0.0,0.0,0.0,0.0,0.0,0.0,0.0,0.0,0.0,0.0,0.0,0.0,0.0,0.0,0.0,0.0,0.0,0.0,0.0,0.0,0.0,0.0,0.0,0.0,0.0,0.0,0.0,0.0,0.0,0.0,0.0,0.0,0.0,0.0,0.0,0.0,0.0,nan,nan,4.226882430647292,2.915653317902061,nan,0.8222578702192801,0.032719792099123915,0.0,0.0,0.0,0.0,0.0,0.0,0.0,0.0,0.0,0.0,0.0,0.0,0.0,0.0,0.0,0.0,0.0,0.0,0.0,0.0,0.024479804161566712,0.15911872705018365,1.162790697674419,5.336597307221526,12.80293757649939,8.127294981640148,1.8849449204406368,0.40391676866585075,0.0856793145654835,0.012239902080783356,0.8222714166251981,0.03424446921316328,0.0,0.0,0.0,0.0,0.0,0.0,0.0,0.0,0.0,0.0,0.0,0.0,0.0,0.0,0.0,0.0,0.0,0.0,0.0,0.0,0.06802721088435375,0.21768707482993202,1.08843537414966,5.551020408163248,12.721088435374153,7.646258503401362,2.17687074829932,0.40816326530612257,0.09523809523809526,0.027210884353741503,0.4011,0.01196,0.0,0.0,0.0,0.0,0.0,0.0,0.0,0.0,0.0,0.0,0.06119951040391678,13.745410036719685,16.058751529987763,0.13463892288861692,0.0,0.0,0.0,0.0,0.0,0.0,0.0,0.0,0.0,0.0,0.0,0.0,0.0,0.0,0.0,0.0,0.4011,0.012115,0.0,0.0,0.0,0.0,0.0,0.0,0.0,0.0,0.0,0.0,0.12244897959183676,13.850340136054403,15.877551020408166,0.14965986394557826,0.0,0.0,0.0,0.0,0.0,0.0,0.0,0.0,0.0,0.0,0.0,0.0,0.0,0.0,0.0,0.0
72800,4814,2466,0.5122559202326548,1113,1025,0.4441213128375571,1396,0.5799750727046116,0.40599999999999997,2.93015332197615,3.02731356223473,6.429007633587786,2.120222102351663,8372.12014956377,506.54775676614474,7853.0,8866.4,8866.4,0.0,7853.0,0.0,28.213751557955963,21.06535742082012,33.08994578610153,19.349845042049406,0.13606148732862483,0.10344827586206896,0.09056917324470296,0.08412962193601994,0.08496053178230162,0.07228915662650602,0.06709597008724554,0.06792687993352721,0.05837141670128791,0.04736186123805567,0.04383049439135854,0.04528458662235148,0.0317823016202742,0.030328209389281262,0.018487744079767346,0.0105941005400914,0.007478188616535106,0.8227088665462006,0.03212924551882043,0.0,0.0,0.0,0.0,0.0,0.0,0.0,0.0,0.0,0.0,0.0,0.0,0.0,0.0,0.0,0.0,0.0,0.0,0.00623182384711259,0.00623182384711259,0.037390943082675536,0.17449106771915252,0.9970918155380143,5.103863730785194,13.205234732031577,8.244702949729955,1.8072289156626509,0.34275031159119246,0.06855006231823849,0.00623182384711259,4.239335721263432,2.798281107324234,4.0625,2.39275164124208,0.9582869267992934,4.204502814258912,2.753828147915823,4.270394736842105,2.832363222316339,1.0156717513328166,0.4011,0.01162,0.0,0.0,0.0,0.0,0.0,0.0,0.0,0.0,0.0,0.0,0.04985459077690072,13.878271707519714,16.009555463232243,0.06231823847112589,0.0,0.0,0.0,0.0,0.0,0.0,0.0,0.0,0.0,0.0,0.0,0.0,0.0,0.0,0.0,0.0,nan,nan,4.236614299454954,2.7925712522875754,nan,0.4011,0.06445,0.0,0.0,0.0,0.0,0.0,0.0,0.0,0.0,0.0,0.0,0.0,0.0,0.0,0.0,0.0,0.0,0.0,0.0,0.0,0.0,0.0,0.0,6.231823847112588e-05,0.0012255920232654757,0.005982550893228085,0.0011528874117158288,0.017729538845035312,0.0009347735770668883,0.0034690486082260075,0.0158911508101371,0.039353967594515996,0.01971333610303282,0.03491898628998753,0.016815538014125466,0.02733693394266722,0.03826339842127129,0.06655587868716244,0.042823016202742,0.07197756543415039,0.07644370585791442,0.05849605317823016,0.06479019526381388,0.0737120897382634,0.0584648940589946,0.03939551308683008,0.022517656834233485,0.02078313253012048,0.04988574989613627,0.0226734524304113,0.01587037806398006,0.012671375155795596,0.01472787702534275,0.03973826339842127,0.005754050685500623,0.010043622766929787,0.0017137515579559617,0.00741587037806398,0.000571250519318654,1.038637307852098e-05,0.0,0.00011425010386373078,0.0,0.0,0.0,0.0,0.0,0.0,0.0,0.0,0.0,0.0,0.0,0.0,0.0,0.0,0.0,0.0,0.0,0.0,0.0,0.0,0.0,0.0,0.0,0.0,0.0,0.0,0.0,0.0,0.0,0.0,0.0,0.0,0.0,0.0,0.0,0.0,0.0,0.0,0.0,0.0,nan,nan,4.236614299454954,2.7925712522875754,nan,0.8223816814068751,0.0325441937081281,0.0,0.0,0.0,0.0,0.0,0.0,0.0,0.0,0.0,0.0,0.0,0.0,0.0,0.0,0.0,0.0,0.0,0.0,0.0,0.0,0.048661800486618015,0.17031630170316306,1.1557177615571779,5.085158150851566,13.284671532846719,8.07785888077859,1.690997566909976,0.4014598540145986,0.07299270072992702,0.012165450121654504,0.8230524945502793,0.031683956776026596,0.0,0.0,0.0,0.0,0.0,0.0,0.0,0.0,0.0,0.0,0.0,0.0,0.0,0.0,0.0,0.0,0.0,0.0,0.012776831345826238,0.012776831345826238,0.025553662691652476,0.17887563884156735,0.8304940374787054,5.123509369676304,13.121805792163547,8.41993185689949,1.9293015332197618,0.2810902896081772,0.06388415672913118,0.0,0.401,0.01153,0.0,0.0,0.0,0.0,0.0,0.0,0.0,0.0,0.0,0.0,0.060827250608272515,14.549878345498763,15.328467153284674,0.060827250608272515,0.0,0.0,0.0,0.0,0.0,0.0,0.0,0.0,0.0,0.0,0.0,0.0,0.0,0.0,0.0,0.0,0.4016,0.0117,0.0,0.0,0.0,0.0,0.0,0.0,0.0,0.0,0.0,0.0,0.038330494037478714,13.17291311754683,16.724872231686543,0.06388415672913118,0.0,0.0,0.0,0.0,0.0,0.0,0.0,0.0,0.0,0.0,0.0,0.0,0.0,0.0,0.0,0.0
72900,4891,2525,0.5162543447147823,1173,981,0.4404007360457984,1367,0.5589858924555305,0.418,2.9932375316990703,3.090211128462427,6.600591715976331,2.147022075313628,8376.172152933961,506.43218517163774,7853.0,8866.4,8866.399999999998,1.8189894035458565e-12,7853.0,0.0,28.135350644040074,21.184309618396956,33.17886774036115,19.444907156768902,0.13923533019832346,0.1036597832754038,0.09057452463708852,0.08423635248415456,0.08157840932324678,0.07912492332856266,0.06379063586178696,0.06051932120220814,0.05745246370885299,0.0531588632181558,0.04722960539766919,0.04048251891228787,0.03312206092823553,0.02433040278061746,0.02065017378859129,0.011858515640973216,0.00899611531384175,0.8217940061912778,0.032983578663326366,0.0,0.0,0.0,0.0,0.0,0.0,0.0,0.0,0.0,0.0,0.0,0.0,0.0,0.0,0.0,0.0,0.0,0.0,0.0,0.0,0.049069719893682286,0.22694745450828055,1.097934982621141,5.330198323451221,13.248824371294218,7.894091187896137,1.699039051318749,0.3128194643222245,0.11040686976078513,0.030668574933551428,4.310567010309279,2.8561187145300875,4.288461538461538,2.8711866915530724,0.9948717948717948,4.247176913425345,2.8827584526247914,4.376040999359385,2.828003999239675,1.030341115654189,0.4014,0.011406,0.0,0.0,0.0,0.0,0.0,0.0,0.0,0.0,0.0,0.0,0.03680228992026171,13.573911265589839,16.34635043958291,0.042936004906972004,0.0,0.0,0.0,0.0,0.0,0.0,0.0,0.0,0.0,0.0,0.0,0.0,0.0,0.0,0.0,0.0,nan,nan,4.31020278833967,2.8563690130300134,nan,0.4014,0.0638,0.0,0.0,0.0,0.0,0.0,0.0,0.0,0.0,0.0,0.0,0.0,0.0,0.0,0.0,0.0,0.0,0.0,0.0,0.0,0.0,0.0,2.0445716622367612e-05,0.00018401144960130853,0.0015232058883663873,0.00582702923737477,0.0009916172561848292,0.01769576773665917,0.0008382743815170721,0.0033633203843794726,0.014986710284195461,0.03703741566141893,0.019801676548763036,0.03436924964219996,0.016039664690247393,0.027111020241259456,0.039511347372725415,0.06583520752402372,0.04067675322020037,0.07459619709670824,0.08066857493355142,0.05805561234921284,0.06273768145573502,0.071968922510734,0.06352484154569618,0.03997137599672868,0.02505622572071151,0.021529339603353098,0.050337354324269064,0.0201390308730321,0.015232058883663873,0.013156818646493559,0.01426088734410141,0.03823349008382744,0.006287057861378041,0.008116949499079942,0.0024023717031281945,0.007074217951339195,0.0005009200572480065,0.0,0.0,0.00033735432426906564,0.0,0.0,0.0,0.0,0.0,0.0,0.0,0.0,0.0,0.0,0.0,0.0,0.0,0.0,0.0,0.0,0.0,0.0,0.0,0.0,0.0,0.0,0.0,0.0,0.0,0.0,0.0,0.0,0.0,0.0,0.0,0.0,0.0,0.0,0.0,0.0,0.0,0.0,0.0,0.0,nan,nan,4.31020278833967,2.8563690130300134,nan,0.8217922917687067,0.0328764626327438,0.0,0.0,0.0,0.0,0.0,0.0,0.0,0.0,0.0,0.0,0.0,0.0,0.0,0.0,0.0,0.0,0.0,0.0,0.0,0.0,0.05940594059405942,0.24950495049504956,1.0930693069306932,5.263366336633647,13.211881188118815,7.996039603960398,1.6990099009900994,0.2851485148514852,0.09504950495049508,0.04752475247524754,0.8217958358265239,0.03309751061686834,0.0,0.0,0.0,0.0,0.0,0.0,0.0,0.0,0.0,0.0,0.0,0.0,0.0,0.0,0.0,0.0,0.0,0.0,0.0,0.0,0.038038884192730354,0.20287404902789524,1.1031276415891802,5.401521555367692,13.288250211327137,7.785291631445479,1.6990701606086225,0.3423499577345732,0.1267962806424345,0.012679628064243453,0.4014,0.011406,0.0,0.0,0.0,0.0,0.0,0.0,0.0,0.0,0.0,0.0,0.04752475247524754,13.58019801980196,16.312871287128715,0.05940594059405942,0.0,0.0,0.0,0.0,0.0,0.0,0.0,0.0,0.0,0.0,0.0,0.0,0.0,0.0,0.0,0.0,0.4014,0.01141,0.0,0.0,0.0,0.0,0.0,0.0,0.0,0.0,0.0,0.0,0.025359256128486905,13.56720202874047,16.38207945900254,0.025359256128486905,0.0,0.0,0.0,0.0,0.0,0.0,0.0,0.0,0.0,0.0,0.0,0.0,0.0,0.0,0.0,0.0
73000,4782,2478,0.5181932245922208,1155,993,0.4491844416562108,1349,0.5641990798828942,0.422,2.9921875,3.1245735386092424,6.577708006279435,2.30261725828036,8378.137013801757,506.3644601688329,7853.0,8866.4,8866.399999999998,1.8189894035458565e-12,7853.0,0.0,27.74926808866583,20.873452992353418,32.69658439291947,19.158003699777904,0.1409452112086993,0.09577582601422,0.10016729401923881,0.08803847762442493,0.07967377666248432,0.07716436637390213,0.06545378502718528,0.06231702216645755,0.061689669594312005,0.04997908824759515,0.05081555834378921,0.03617733166039314,0.032413216227519866,0.022166457549142617,0.016520284399832705,0.011083228774571309,0.009619406106231703,0.820854513840115,0.0329734467599458,0.0,0.0,0.0,0.0,0.0,0.0,0.0,0.0,0.0,0.0,0.0,0.0,0.0,0.0,0.0,0.0,0.0,0.0,0.0,0.0,0.05018820577164367,0.23839397741530746,1.1041405269761608,5.29485570890839,13.701380175658723,7.51568381430364,1.5809284818067757,0.382685069008783,0.09410288582183189,0.03764115432873275,4.2643831060858,2.8932231305862715,3.943396226415094,2.6593735561084975,0.924728414008437,4.268134715025907,2.8583792179962035,4.24934036939314,2.921098455646224,0.9955965903403654,0.401,0.01159,0.0,0.0,0.0,0.0,0.0,0.0,0.0,0.0,0.0,0.0,0.025094102885821836,14.222082810539503,15.671267252195737,0.08155583437892097,0.0,0.0,0.0,0.0,0.0,0.0,0.0,0.0,0.0,0.0,0.0,0.0,0.0,0.0,0.0,0.0,nan,nan,4.258823529411765,2.8896373206122474,nan,0.401,0.0641,0.0,0.0,0.0,0.0,0.0,0.0,0.0,0.0,0.0,0.0,0.0,0.0,0.0,0.0,0.0,0.0,0.0,0.0,0.0,0.0,0.0,0.0,0.0002300292764533668,0.0014219991635299038,0.005740276035131744,0.0009933082392304476,0.01747176913425345,0.0013801756587202008,0.003837306566290255,0.015014638226683396,0.03960685905478879,0.020817649519029695,0.034891258887494773,0.018527812630698453,0.024707235466332078,0.038864491844416565,0.06179422835633626,0.03791300710999582,0.07742576327896278,0.08178586365537432,0.0581974069427018,0.06377038895859473,0.07167503136762861,0.06316394813885404,0.0400982852363028,0.023713927227101632,0.021016311166875783,0.05262442492680887,0.0195211208699289,0.015223755750731911,0.013404433291509829,0.013435800920117105,0.03621915516520285,0.006148055207026349,0.006775407779171894,0.0031263069845253034,0.008751568381430364,0.0001986616478460895,4.1823504809703055e-05,0.0,0.00047051442910915934,0.0,0.0,0.0,0.0,0.0,0.0,0.0,0.0,0.0,0.0,0.0,0.0,0.0,0.0,0.0,0.0,0.0,0.0,0.0,0.0,0.0,0.0,0.0,0.0,0.0,0.0,0.0,0.0,0.0,0.0,0.0,0.0,0.0,0.0,0.0,0.0,0.0,0.0,0.0,0.0,nan,nan,4.258823529411765,2.8896373206122474,nan,0.8204365433513204,0.03292083846957295,0.0,0.0,0.0,0.0,0.0,0.0,0.0,0.0,0.0,0.0,0.0,0.0,0.0,0.0,0.0,0.0,0.0,0.0,0.0,0.0,0.08474576271186443,0.1815980629539952,1.1985472154963681,5.14527845036318,13.946731234866832,7.384987893462471,1.5980629539951579,0.32687651331719136,0.09685230024213078,0.036319612590799036,0.821304049808532,0.03302403065961392,0.0,0.0,0.0,0.0,0.0,0.0,0.0,0.0,0.0,0.0,0.0,0.0,0.0,0.0,0.0,0.0,0.0,0.0,0.0,0.0,0.013020833333333336,0.29947916666666674,1.002604166666667,5.45572916666665,13.437500000000004,7.656250000000002,1.5625000000000004,0.4427083333333334,0.09114583333333336,0.03906250000000001,0.401,0.01165,0.0,0.0,0.0,0.0,0.0,0.0,0.0,0.0,0.0,0.0,0.036319612590799036,14.261501210653732,15.629539951573852,0.07263922518159807,0.0,0.0,0.0,0.0,0.0,0.0,0.0,0.0,0.0,0.0,0.0,0.0,0.0,0.0,0.0,0.0,0.401,0.011536,0.0,0.0,0.0,0.0,0.0,0.0,0.0,0.0,0.0,0.0,0.013020833333333336,14.179687499999979,15.716145833333336,0.09114583333333336,0.0,0.0,0.0,0.0,0.0,0.0,0.0,0.0,0.0,0.0,0.0,0.0,0.0,0.0,0.0,0.0
73100,4812,2442,0.5074812967581047,1184,991,0.45199501246882795,1419,0.5897755610972568,0.36199999999999993,2.927848101265823,2.9494090107666913,6.169606512890095,2.067319919553137,8367.281546134664,506.64327702853006,7853.0,8866.4,8866.4,0.0,7853.0,0.0,29.483582709891937,21.184547642524436,34.21310277642475,19.312063715119393,0.1298836242726517,0.09123025768911056,0.08582709891936825,0.08270989193682461,0.07959268495428097,0.07024106400665005,0.06982543640897755,0.06982543640897755,0.05610972568578554,0.06463009143807148,0.04842061512884455,0.04883624272651704,0.03428927680798005,0.029301745635910224,0.01974231088944306,0.012261014131338321,0.007273482959268496,0.8209177318926365,0.03317003312174833,0.0,0.0,0.0,0.0,0.0,0.0,0.0,0.0,0.0,0.0,0.0,0.0,0.0,0.0,0.0,0.0,0.0,0.0,0.0,0.0,0.06234413965087283,0.2182044887780549,1.0723192019950127,5.96633416458851,12.855361596009978,7.6059850374064855,1.8204488778054866,0.3054862842892769,0.0748129675810474,0.01870324189526185,4.101261829652997,2.747553827597592,4.476190476190476,2.448563834701417,1.091417876280579,4.145545796737767,2.74310283416765,4.072605247101891,2.7414919110716984,0.9824050792797238,0.4004,0.01196,0.0,0.0,0.0,0.0,0.0,0.0,0.0,0.0,0.0,0.0,0.09351620947630924,14.47007481296756,15.367830423940152,0.06857855361596012,0.0,0.0,0.0,0.0,0.0,0.0,0.0,0.0,0.0,0.0,0.0,0.0,0.0,0.0,0.0,0.0,nan,nan,4.108567893597278,2.7425287351426246,nan,0.4004,0.0644,0.0,0.0,0.0,0.0,0.0,0.0,0.0,0.0,0.0,0.0,0.0,0.0,0.0,0.0,0.0,0.0,0.0,0.0,0.0,0.0,1.0390689941812136e-05,2.0781379883624272e-05,0.00018703241895261845,0.0014443059019118869,0.006026600166251039,0.0012053200332502079,0.020386533665835413,0.0009663341645885287,0.004831670822942643,0.014567747298420615,0.04055486284289277,0.019628013300083125,0.03466334164588529,0.017238154613466335,0.02475062344139651,0.03736492103075644,0.06442227763923525,0.038362427265170404,0.07501039068994181,0.08257481296758104,0.05486284289276808,0.06444305901911887,0.06843308395677473,0.06640689941812136,0.040918536990856194,0.02271404821280133,0.0220906068162926,0.0531691604322527,0.02061512884455528,0.01571072319201995,0.015035328345802162,0.011970074812967581,0.03506857855361596,0.005901911886949294,0.006483790523690773,0.0032418952618453864,0.00798004987531172,0.0002597672485453034,2.0781379883624272e-05,0.0,0.000457190357439734,0.0,0.0,0.0,0.0,0.0,0.0,0.0,0.0,0.0,0.0,0.0,0.0,0.0,0.0,0.0,0.0,0.0,0.0,0.0,0.0,0.0,0.0,0.0,0.0,0.0,0.0,0.0,0.0,0.0,0.0,0.0,0.0,0.0,0.0,0.0,0.0,0.0,0.0,0.0,0.0,nan,nan,4.108567893597278,2.7425287351426246,nan,0.8207782299717755,0.03296593366226989,0.0,0.0,0.0,0.0,0.0,0.0,0.0,0.0,0.0,0.0,0.0,0.0,0.0,0.0,0.0,0.0,0.0,0.0,0.0,0.0,0.061425061425061434,0.20884520884520888,1.068796068796069,6.105651105651087,12.542997542997545,7.8624078624078635,1.793611793611794,0.30712530712530717,0.03685503685503686,0.012285012285012288,0.8210614718465362,0.03337841779640217,0.0,0.0,0.0,0.0,0.0,0.0,0.0,0.0,0.0,0.0,0.0,0.0,0.0,0.0,0.0,0.0,0.0,0.0,0.0,0.0,0.06329113924050635,0.22784810126582283,1.0759493670886078,5.822784810126564,13.17721518987342,7.341772151898736,1.848101265822785,0.30379746835443044,0.11392405063291142,0.025316455696202538,0.4004,0.01198,0.0,0.0,0.0,0.0,0.0,0.0,0.0,0.0,0.0,0.0,0.08599508599508601,14.668304668304648,15.171990171990174,0.07371007371007372,0.0,0.0,0.0,0.0,0.0,0.0,0.0,0.0,0.0,0.0,0.0,0.0,0.0,0.0,0.0,0.0,0.4004,0.01194,0.0,0.0,0.0,0.0,0.0,0.0,0.0,0.0,0.0,0.0,0.10126582278481015,14.265822784810105,15.56962025316456,0.06329113924050635,0.0,0.0,0.0,0.0,0.0,0.0,0.0,0.0,0.0,0.0,0.0,0.0,0.0,0.0,0.0,0.0
73200,4316,2252,0.5217794253938832,1098,876,0.45736793327154773,1197,0.5546802594995366,0.40599999999999997,2.982073643410853,3.0222316377299783,6.440476190476191,2.0787705135662673,8381.77126969416,506.21907219511934,7853.0,8866.4,8866.4,0.0,7853.0,0.0,28.459916589434663,20.81315030388919,33.22422750888707,19.026772823304814,0.1334569045412419,0.09661723818350325,0.08642261353104727,0.09151992585727525,0.07715477293790547,0.0757645968489342,0.07692307692307693,0.06556997219647823,0.05583873957367933,0.05329008341056534,0.04958294717330862,0.04240037071362372,0.03429101019462465,0.024559777571825765,0.01969416126042632,0.010889712696941613,0.006024096385542169,0.820878597792925,0.03242894853443026,0.0,0.0,0.0,0.0,0.0,0.0,0.0,0.0,0.0,0.0,0.0,0.0,0.0,0.0,0.0,0.0,0.0,0.0,0.0,0.00695088044485635,0.020852641334569048,0.18072289156626511,1.2164040778498613,5.379981464318797,13.644578313253016,7.444392956441151,1.6126042632066733,0.4101019462465247,0.07645968489341985,0.00695088044485635,4.145818441744103,2.823147078465911,4.108695652173913,3.0447978505724578,0.9910457271364318,4.0702127659574465,2.84966701254554,4.218967921896792,2.802325701855127,1.0365472677948209,0.4011,0.011856,0.0,0.0,0.0,0.0,0.0,0.0,0.0,0.0,0.0,0.0,0.09731232622798891,13.55421686746986,16.272011121408717,0.07645968489341985,0.0,0.0,0.0,0.0,0.0,0.0,0.0,0.0,0.0,0.0,0.0,0.0,0.0,0.0,0.0,0.0,nan,nan,4.14521800281294,2.826874306025455,nan,0.4011,0.06506,0.0,0.0,0.0,0.0,0.0,0.0,0.0,0.0,0.0,0.0,0.0,0.0,0.0,0.0,0.0,0.0,0.0,0.0,0.0,0.0,0.0,6.950880444856348e-05,4.633920296570899e-05,0.0013785912882298425,0.005097312326227989,0.0011468952734012975,0.02191844300278035,0.0009151992585727525,0.0052015755329008345,0.014538924930491196,0.039006024096385546,0.021014828544949026,0.03588971269694161,0.01661260426320667,0.02378359592215014,0.03657321594068582,0.061967099165894345,0.0408595922150139,0.07313484708063021,0.08487025023169602,0.05154077849860982,0.06523401297497683,0.0668790546802595,0.06746987951807229,0.03923772011121409,0.0222775718257646,0.02196478220574606,0.053649212233549584,0.019601482854494902,0.016265060240963854,0.014874884151992585,0.014006024096385543,0.03598239110287303,0.006475903614457832,0.006742354031510658,0.004564411492122336,0.008480074142724746,0.0003127896200185357,4.633920296570899e-05,0.0,0.0003707136237256719,0.0,0.0,0.0,0.0,0.0,0.0,0.0,0.0,0.0,0.0,0.0,0.0,0.0,0.0,0.0,0.0,0.0,0.0,0.0,0.0,0.0,0.0,0.0,0.0,0.0,0.0,0.0,0.0,0.0,0.0,0.0,0.0,0.0,0.0,0.0,0.0,0.0,0.0,0.0,0.0,nan,nan,4.14521800281294,2.826874306025455,nan,0.8208977735169616,0.03235356497927121,0.0,0.0,0.0,0.0,0.0,0.0,0.0,0.0,0.0,0.0,0.0,0.0,0.0,0.0,0.0,0.0,0.0,0.0,0.0,0.013321492007104798,0.026642984014209597,0.21314387211367677,1.1989342806394319,5.355239786856111,13.454706927175847,7.793072824156307,1.4520426287744232,0.399644760213144,0.07992895204262879,0.013321492007104798,0.8208576754428619,0.03251098612010414,0.0,0.0,0.0,0.0,0.0,0.0,0.0,0.0,0.0,0.0,0.0,0.0,0.0,0.0,0.0,0.0,0.0,0.0,0.0,0.0,0.014534883720930236,0.14534883720930236,1.23546511627907,5.4069767441860295,13.851744186046515,7.0639534883720945,1.7877906976744191,0.4215116279069768,0.07267441860465118,0.0,0.4011,0.01183,0.0,0.0,0.0,0.0,0.0,0.0,0.0,0.0,0.0,0.0,0.053285968028419194,13.534635879218452,16.332149200710482,0.07992895204262879,0.0,0.0,0.0,0.0,0.0,0.0,0.0,0.0,0.0,0.0,0.0,0.0,0.0,0.0,0.0,0.0,0.4011,0.01188,0.0,0.0,0.0,0.0,0.0,0.0,0.0,0.0,0.0,0.0,0.14534883720930236,13.575581395348818,16.206395348837212,0.07267441860465118,0.0,0.0,0.0,0.0,0.0,0.0,0.0,0.0,0.0,0.0,0.0,0.0,0.0,0.0,0.0,0.0
73300,4153,2137,0.5145677823260294,1003,853,0.44690585119190945,1150,0.5538165181796292,0.414,2.9449404761904763,3.0650105835721506,6.5071942446043165,2.1149396742173017,8374.462990609198,506.4848903059918,7853.0,8866.4,8866.399999999998,1.8189894035458565e-12,7853.0,0.0,27.937876234047675,20.748827405116334,32.73287671232877,19.040017133792706,0.1343607031061883,0.09992776306284613,0.0936672285095112,0.09607512641464001,0.07705273296412232,0.07368167589694197,0.07006982903924873,0.06525403322899109,0.05827112930411751,0.05008427642667951,0.04454611124488322,0.04550927040693475,0.03371057067180352,0.026005297375391284,0.016614495545388876,0.008909222248976643,0.0062605345533349385,0.8205485062056095,0.03351064377948739,0.0,0.0,0.0,0.0,0.0,0.0,0.0,0.0,0.0,0.0,0.0,0.0,0.0,0.0,0.0,0.0,0.0,0.0,0.0072236937153864695,0.014447387430772939,0.0072236937153864695,0.24560558632313995,1.0980014447387434,5.843968215747634,13.031543462557192,7.729352275463522,1.5097519865157722,0.35396099205393694,0.10835540573079704,0.05056585600770529,4.217125382262997,2.824279885951027,4.229508196721311,3.053583987377062,1.002936316408897,4.295592705167174,2.8758525150317187,4.1375,2.778765000224126,0.9631965328144347,0.401,0.01167,0.0,0.0,0.0,0.0,0.0,0.0,0.0,0.0,0.0,0.0,0.07223693715386469,13.898386708403544,15.97881049843487,0.05056585600770529,0.0,0.0,0.0,0.0,0.0,0.0,0.0,0.0,0.0,0.0,0.0,0.0,0.0,0.0,0.0,0.0,nan,nan,4.217407545760179,2.829712462729852,nan,0.401,0.06494,0.0,0.0,0.0,0.0,0.0,0.0,0.0,0.0,0.0,0.0,0.0,0.0,0.0,0.0,0.0,0.0,0.0,0.0,0.0,0.0,0.0,0.00031302672766674695,1.2039489525644112e-05,0.001504936190705514,0.00453888755116783,0.0007946063086925114,0.022766674692993018,0.0006260534553334939,0.005586323139898868,0.01331567541536239,0.04124729111485673,0.023103780399711053,0.032807608957380205,0.018083313267517456,0.02282687214062124,0.035552612569227066,0.0639176498916446,0.039850710329882015,0.07252588490248013,0.08088129063327715,0.05008427642667951,0.06669877197206839,0.07004575006019745,0.06795087888273538,0.041644594269202986,0.02251384541295449,0.021875752468095352,0.05300987238141103,0.020418974235492417,0.01648206116060679,0.015157717312785937,0.014266795087888274,0.03467372983385505,0.005682639056104021,0.005550204671321936,0.004502769082590898,0.008307247772694438,0.0004815795810257645,3.611846857693234e-05,0.0,0.00033710570671803515,0.0,2.4078979051288225e-05,0.0,0.0,0.0,0.0,0.0,0.0,0.0,0.0,0.0,0.0,0.0,0.0,0.0,0.0,0.0,0.0,0.0,0.0,0.0,0.0,0.0,0.0,0.0,0.0,0.0,0.0,0.0,0.0,0.0,0.0,0.0,0.0,0.0,0.0,0.0,0.0,0.0,0.0,nan,nan,4.217407545760179,2.829712462729852,nan,0.8208810665867403,0.03385334534850876,0.0,0.0,0.0,0.0,0.0,0.0,0.0,0.0,0.0,0.0,0.0,0.0,0.0,0.0,0.0,0.0,0.0,0.0,0.01403837154890033,0.01403837154890033,0.0,0.16846045858680395,1.109031352363126,5.868039307440319,12.929340196537206,7.847449695835285,1.488067384183435,0.3790360318203089,0.09826860084230232,0.08423022929340197,0.8201959856031906,0.03313986110182562,0.0,0.0,0.0,0.0,0.0,0.0,0.0,0.0,0.0,0.0,0.0,0.0,0.0,0.0,0.0,0.0,0.0,0.0,0.0,0.014880952380952385,0.014880952380952385,0.32738095238095244,1.086309523809524,5.818452380952363,13.139880952380956,7.604166666666669,1.5327380952380958,0.32738095238095244,0.11904761904761908,0.014880952380952385,0.4011,0.01159,0.0,0.0,0.0,0.0,0.0,0.0,0.0,0.0,0.0,0.0,0.09826860084230232,13.547028544688798,16.284510996724382,0.07019185774450165,0.0,0.0,0.0,0.0,0.0,0.0,0.0,0.0,0.0,0.0,0.0,0.0,0.0,0.0,0.0,0.0,0.4006,0.011765,0.0,0.0,0.0,0.0,0.0,0.0,0.0,0.0,0.0,0.0,0.04464285714285715,14.270833333333313,15.654761904761909,0.02976190476190477,0.0,0.0,0.0,0.0,0.0,0.0,0.0,0.0,0.0,0.0,0.0,0.0,0.0,0.0,0.0,0.0
73400,4293,2166,0.5045422781271838,1009,903,0.4453761938038668,1252,0.5832750989983695,0.414,2.92524682651622,2.983350937120523,6.423588039867109,1.8955206202125514,8364.303144654088,506.6790908053078,7853.0,8866.4,8866.4,0.0,7853.0,0.0,27.988120195667367,20.861921093683407,33.030033370411566,19.03667758689193,0.14255765199161424,0.09527137200093175,0.09107849988353132,0.08572094106685302,0.0847891917074307,0.07337526205450734,0.0682506405776846,0.06475658047985092,0.056370836245050085,0.0573025856044724,0.047985092010249246,0.04239459585371535,0.03028185418122525,0.02282785930584673,0.017237363149312835,0.010715117633356627,0.009084556254367574,0.8206269069898664,0.03425005606464734,0.0,0.0,0.0,0.0,0.0,0.0,0.0,0.0,0.0,0.0,0.0,0.0,0.0,0.0,0.0,0.0,0.0,0.006988120195667367,0.0209643605870021,0.006988120195667367,0.013976240391334735,0.23759608665269047,1.2438853948287913,5.70929419986022,12.886093640810625,7.686932215234104,1.712089447938505,0.3633822501747031,0.07686932215234103,0.03494060097833684,4.258892555922259,2.7629232203403227,4.421052631578948,2.6019383356438475,1.0380756437330627,4.331187410586552,2.802724536506971,4.192640692640692,2.7140759876720137,0.9680118395229873,0.4006,0.01156,0.0,0.0,0.0,0.0,0.0,0.0,0.0,0.0,0.0,0.0,0.03494060097833684,14.290705800139742,15.597484276729563,0.07686932215234103,0.0,0.0,0.0,0.0,0.0,0.0,0.0,0.0,0.0,0.0,0.0,0.0,0.0,0.0,0.0,0.0,nan,nan,4.262212643678161,2.7598169064417144,nan,0.4006,0.06476,0.0,0.0,0.0,0.0,0.0,0.0,0.0,0.0,0.0,0.0,0.0,0.0,0.0,0.0,0.0,0.0,0.0,0.0,0.0,0.0,0.0,0.0004891684136967156,0.0,0.0018867924528301887,0.0037502911716748195,0.0005939902166317261,0.021849522478453298,0.0002911716748194736,0.0059049615653389235,0.013708362450500815,0.04244118332168647,0.025821104122990917,0.03185418122525041,0.020300489168413698,0.02391101793617517,0.0341835546238062,0.0595154903331004,0.03998369438621011,0.07198928488236664,0.07705567202422549,0.05143256464011181,0.06873980899138132,0.07042860470533427,0.06915909620312136,0.042045189843931983,0.022723037502911717,0.020882832518052643,0.053540647565804796,0.021628232005590498,0.01774982529699511,0.016911250873515023,0.0129979035639413,0.03294898672257163,0.004437456324248777,0.005462380619613324,0.00462380619613324,0.007535522944327975,0.0007803400885161892,0.0,3.4940600978336826e-05,0.00039599347775448406,0.0,1.1646866992778942e-05,0.0,0.0,0.0,0.0,0.0,0.0,0.0,0.0,0.0,0.0,0.0,0.0,0.0,0.0,0.0,0.0,0.0,0.0,0.0,0.0,0.0,0.0,0.0,0.0,0.0,0.0,0.0,0.0,0.0,0.0,0.0,0.0,0.0,0.0,0.0,0.0,0.0,0.0,nan,nan,4.262212643678161,2.7598169064417144,nan,0.8213451205033014,0.03452951950379611,0.0,0.0,0.0,0.0,0.0,0.0,0.0,0.0,0.0,0.0,0.0,0.0,0.0,0.0,0.0,0.0,0.0,0.013850415512465377,0.027700831024930754,0.013850415512465377,0.027700831024930754,0.1662049861495845,1.2049861495844878,5.734072022160647,12.603878116343493,7.977839335180057,1.731301939058172,0.3739612188365652,0.11080332409972302,0.013850415512465377,0.81989552454036,0.03394749353873975,0.0,0.0,0.0,0.0,0.0,0.0,0.0,0.0,0.0,0.0,0.0,0.0,0.0,0.0,0.0,0.0,0.0,0.0,0.014104372355430187,0.0,0.0,0.3102961918194641,1.283497884344147,5.684062059238346,13.173483779971795,7.390691114245418,1.6925246826516225,0.35260930888575465,0.042313117066290554,0.05641748942172075,0.401,0.01147,0.0,0.0,0.0,0.0,0.0,0.0,0.0,0.0,0.0,0.0,0.04155124653739613,14.321329639889177,15.595567867036014,0.04155124653739613,0.0,0.0,0.0,0.0,0.0,0.0,0.0,0.0,0.0,0.0,0.0,0.0,0.0,0.0,0.0,0.0,0.4006,0.01166,0.0,0.0,0.0,0.0,0.0,0.0,0.0,0.0,0.0,0.0,0.028208744710860375,14.259520451339895,15.599435825105786,0.1128349788434415,0.0,0.0,0.0,0.0,0.0,0.0,0.0,0.0,0.0,0.0,0.0,0.0,0.0,0.0,0.0,0.0
73500,4603,2355,0.5116228546600043,1076,954,0.44101672822072563,1325,0.5757114925048881,0.40199999999999997,2.9813167259786475,3.1121686965474837,6.562893081761007,2.205084275379167,8371.47860091245,506.56308053444354,7853.0,8866.4,8866.399999999998,1.8189894035458565e-12,7853.0,0.0,27.681294807734087,20.757747674675958,32.48452012383901,19.105918927976543,0.13795350858136,0.10102107321312187,0.10210732131218771,0.08885509450358461,0.080165109711058,0.06713013252226809,0.06734738214208125,0.06734738214208125,0.05539865305235716,0.05605040191179665,0.05061916141646752,0.035628937649359115,0.031066695633282643,0.02454920703888768,0.016076471866174235,0.010862480990658266,0.007820986313273952,0.8211229377121296,0.03192825770893359,0.0,0.0,0.0,0.0,0.0,0.0,0.0,0.0,0.0,0.0,0.0,0.0,0.0,0.0,0.0,0.0,0.0,0.0,0.006517488594394961,0.026069954377579845,0.026069954377579845,0.1499022376710841,1.0688681294807736,5.389963067564615,13.458613947425595,7.860091244840323,1.6293721485987402,0.3584618726917229,0.019552465783184883,0.006517488594394961,4.301360306941054,2.902533964727108,4.4576271186440675,3.0438714972002296,1.0363296261070825,4.299245024021963,2.873150883316482,4.309264305177112,2.938237298675991,1.0023304745598742,0.401,0.01194,0.0,0.0,0.0,0.0,0.0,0.0,0.0,0.0,0.0,0.0,0.09776232891592442,13.973495546382773,15.84401477297415,0.0847273517271345,0.0,0.0,0.0,0.0,0.0,0.0,0.0,0.0,0.0,0.0,0.0,0.0,0.0,0.0,0.0,0.0,nan,nan,4.304511278195489,2.9055348489420822,nan,0.401,0.0651,0.0,0.0,0.0,0.0,0.0,0.0,0.0,0.0,0.0,0.0,0.0,0.0,0.0,0.0,0.0,0.0,0.0,0.0,0.0,0.0,0.0,0.00024983706278514014,2.1724961981316532e-05,0.0020530089072344124,0.004410167282207256,0.0003801868346730393,0.021898761677167065,0.001021073213121877,0.004518792092113839,0.013936563111014556,0.042613512926352376,0.02777536389311319,0.03353247881816207,0.01985661525092331,0.022887247447316968,0.03351075385618075,0.05902672170323702,0.03887681946556593,0.06960677818813817,0.07691722789485118,0.05220508364110363,0.06955246578318489,0.06987834021290462,0.06915055398653053,0.04173365196610906,0.023234846839018032,0.02136650010862481,0.05238974581794482,0.021779274386269823,0.01823810558331523,0.016847708016510973,0.012763415164023463,0.032533130567021507,0.0061047143167499455,0.006300238974581794,0.00488811644579622,0.006919400391049315,0.0006300238974581794,0.0,8.689984792526613e-05,0.00030414946773843146,0.0,0.0,0.0,0.0,0.0,0.0,0.0,0.0,0.0,0.0,0.0,0.0,0.0,0.0,0.0,0.0,0.0,0.0,0.0,0.0,0.0,0.0,0.0,0.0,0.0,0.0,0.0,0.0,0.0,0.0,0.0,0.0,0.0,0.0,0.0,0.0,0.0,0.0,0.0,0.0,nan,nan,4.304511278195489,2.9055348489420822,nan,0.8217928758092746,0.03192338019116751,0.0,0.0,0.0,0.0,0.0,0.0,0.0,0.0,0.0,0.0,0.0,0.0,0.0,0.0,0.0,0.0,0.0,0.0,0.0,0.038216560509554146,0.02547770700636943,0.12738853503184716,0.9554140127388537,5.197452229299347,13.707006369426754,7.821656050955416,1.6942675159235672,0.3821656050955415,0.038216560509554146,0.012738853503184716,0.8204211119920334,0.031918288839745394,0.0,0.0,0.0,0.0,0.0,0.0,0.0,0.0,0.0,0.0,0.0,0.0,0.0,0.0,0.0,0.0,0.0,0.0,0.01334519572953737,0.01334519572953737,0.02669039145907474,0.17348754448398582,1.1877224199288259,5.5916370106761395,13.198398576512458,7.900355871886123,1.5613879003558724,0.3336298932384342,0.0,0.0,0.4006,0.01192,0.0,0.0,0.0,0.0,0.0,0.0,0.0,0.0,0.0,0.0,0.11464968152866245,14.076433121019086,15.757961783439493,0.05095541401273886,0.0,0.0,0.0,0.0,0.0,0.0,0.0,0.0,0.0,0.0,0.0,0.0,0.0,0.0,0.0,0.0,0.4011,0.01196,0.0,0.0,0.0,0.0,0.0,0.0,0.0,0.0,0.0,0.0,0.0800711743772242,13.865658362989304,15.934163701067618,0.12010676156583633,0.0,0.0,0.0,0.0,0.0,0.0,0.0,0.0,0.0,0.0,0.0,0.0,0.0,0.0,0.0,0.0
73600,4522,2307,0.5101724900486511,1093,911,0.4431667403803627,1270,0.5616983635559487,0.418,2.9074492099322797,3.0303228331572205,6.409967845659164,2.130191105717059,8370.008801415303,506.5951229664372,7853.0,8866.4,8866.399999999998,1.8189894035458565e-12,7853.0,0.0,28.547766475011056,21.2184265136574,33.599315969481715,19.364548267468987,0.14042459088898718,0.09774436090225563,0.08956214064573198,0.07916850950906679,0.07695709862892526,0.07850508624502432,0.07142857142857142,0.059708093763821316,0.06302521008403361,0.0513047324192835,0.0475453339230429,0.039805395842547546,0.038920831490490936,0.027421494913754976,0.018575851393188854,0.012162759840778416,0.007739938080495356,0.8223557158520347,0.03333874722299896,0.0,0.0,0.0,0.0,0.0,0.0,0.0,0.0,0.0,0.0,0.0,0.0,0.0,0.0,0.0,0.0,0.0,0.0,0.0,0.006634232640424592,0.03317116320212296,0.19239274657231317,1.1012826183104822,5.260946483856684,12.963290579389653,8.166740380362674,1.758071649712517,0.3781512605042018,0.13268465280849184,0.006634232640424592,4.231487889273357,2.7867788826009807,4.327586206896552,2.70623756529425,1.0227102901243792,4.233128834355829,2.8402441808017596,4.233625928426739,2.7296809870130363,1.0001174294689252,0.4004,0.011795,0.0,0.0,0.0,0.0,0.0,0.0,0.0,0.0,0.0,0.0,0.05970809376382133,14.741264927023419,15.099513489606371,0.09951348960636888,0.0,0.0,0.0,0.0,0.0,0.0,0.0,0.0,0.0,0.0,0.0,0.0,0.0,0.0,0.0,0.0,nan,nan,4.233378561736771,2.7852487197087896,nan,0.4004,0.065,0.0,0.0,0.0,0.0,0.0,0.0,0.0,0.0,0.0,0.0,0.0,0.0,0.0,0.0,0.0,0.0,0.0,0.0,0.0,0.0,0.0,0.00014374170720919948,1.1057054400707652e-05,0.002476780185758514,0.004820875718708536,0.00014374170720919948,0.02151702786377709,0.0010725342768686421,0.005616983635559487,0.014241486068111455,0.03990490933215391,0.02862671384343211,0.034453781512605045,0.021826625386996906,0.020610349402919063,0.03361344537815126,0.0593874391862008,0.03936311366651924,0.07172711189739053,0.07623839009287926,0.049988942945599295,0.07094206103494029,0.06961521450685537,0.06970367094206104,0.04347633790358248,0.021207430340557276,0.021616541353383457,0.051868642193719595,0.02094206103494029,0.018808049535603714,0.017956656346749224,0.012074303405572756,0.030329500221141087,0.006490490933215391,0.006943830163644405,0.00489827509951349,0.006379920389208315,0.0006634232640424591,1.1057054400707652e-05,7.739938080495357e-05,0.0002100840336134454,0.0,0.0,0.0,0.0,0.0,0.0,0.0,0.0,0.0,0.0,0.0,0.0,0.0,0.0,0.0,0.0,0.0,0.0,0.0,0.0,0.0,0.0,0.0,0.0,0.0,0.0,0.0,0.0,0.0,0.0,0.0,0.0,0.0,0.0,0.0,0.0,0.0,0.0,0.0,0.0,nan,nan,4.233378561736771,2.7852487197087896,nan,0.8217289479304869,0.032641714886780165,0.0,0.0,0.0,0.0,0.0,0.0,0.0,0.0,0.0,0.0,0.0,0.0,0.0,0.0,0.0,0.0,0.0,0.0,0.0,0.0,0.013003901170351108,0.15604681404421328,1.222366710013004,5.331599479843937,13.211963589076726,7.841352405721718,1.7425227568270485,0.32509752925877766,0.14304291287386217,0.013003901170351108,0.8230085165721299,0.03403729563678536,0.0,0.0,0.0,0.0,0.0,0.0,0.0,0.0,0.0,0.0,0.0,0.0,0.0,0.0,0.0,0.0,0.0,0.0,0.0,0.013544018058690748,0.05417607223476299,0.2302483069977427,0.9751693002257339,5.187358916478539,12.704288939051922,8.50564334085779,1.774266365688488,0.43340857787810394,0.12189616252821674,0.0,0.4006,0.01171,0.0,0.0,0.0,0.0,0.0,0.0,0.0,0.0,0.0,0.0,0.09102730819245776,14.785435630689184,15.058517555266583,0.06501950585175553,0.0,0.0,0.0,0.0,0.0,0.0,0.0,0.0,0.0,0.0,0.0,0.0,0.0,0.0,0.0,0.0,0.4001,0.01188,0.0,0.0,0.0,0.0,0.0,0.0,0.0,0.0,0.0,0.0,0.027088036117381496,14.695259593679436,15.142212189616256,0.1354401805869075,0.0,0.0,0.0,0.0,0.0,0.0,0.0,0.0,0.0,0.0,0.0,0.0,0.0,0.0,0.0,0.0
73700,4489,2348,0.5230563599910893,1073,900,0.4395188237914903,1255,0.5591445756293161,0.422,2.9719757122839794,3.1489801395172083,6.692047377326565,2.2998391110774867,8383.06531521497,506.16099419542877,7853.0,8866.4,8866.4,0.0,7853.0,0.0,27.924036533749163,21.015514198723725,33.018923240938165,19.227204932115608,0.14234796168411673,0.1044776119402985,0.09044330585876587,0.08309200267320116,0.08286923591000223,0.0710625974604589,0.06571619514368456,0.06571619514368456,0.059924259300512366,0.05257295611494765,0.042771218534194695,0.03920695032301181,0.03653374916462464,0.029182445979059925,0.016930274003118733,0.010692804633548674,0.0064602361327689905,0.8235757462190716,0.032770881283657245,0.0,0.0,0.0,0.0,0.0,0.0,0.0,0.0,0.0,0.0,0.0,0.0,0.0,0.0,0.0,0.0,0.0,0.0,0.0,0.0,0.013366005791935847,0.19380708398306978,1.1026954778347073,4.651370015593659,13.105368678993097,8.621073735798621,1.8578748050790825,0.34083314769436407,0.08019603475161508,0.03341501447983961,4.338177951081177,2.9326226951167285,3.7586206896551726,2.641253260699955,0.8664053738778592,4.302439024390244,2.8532934040799756,4.350415512465374,3.0005412428072145,1.01115099779524,0.401,0.011826,0.0,0.0,0.0,0.0,0.0,0.0,0.0,0.0,0.0,0.0,0.06683002895967922,14.234796168411652,15.631543773668971,0.06683002895967922,0.0,0.0,0.0,0.0,0.0,0.0,0.0,0.0,0.0,0.0,0.0,0.0,0.0,0.0,0.0,0.0,nan,nan,4.326502257728378,2.928171480180879,nan,0.401,0.06445,0.0,0.0,0.0,0.0,0.0,0.0,0.0,0.0,0.0,0.0,0.0,0.0,0.0,0.0,0.0,0.0,0.0,1.1138338159946536e-05,0.0,0.0,1.1138338159946536e-05,0.00021162842503898418,0.0,0.0025061260859879707,0.00456671864557808,2.2276676319893072e-05,0.02092893740253954,0.0009578970817554021,0.005246157273334819,0.013555357540654935,0.039151258632212076,0.027288928491869015,0.03234573401648474,0.019893071953664514,0.02061706393406104,0.034840721764312764,0.06002450434395188,0.04122298952996213,0.07536199599019826,0.0768322566273112,0.04959901982624192,0.07386945867676542,0.06791044776119402,0.0717086210737358,0.04263755847627534,0.02167520605925596,0.02050568055246157,0.05011138338159946,0.02002673201158387,0.01845622633103141,0.020015593673423926,0.011617286700824236,0.030752951659612386,0.006126085987970595,0.007050568055246158,0.0051459122298953,0.006282022722209847,0.0005457785698373803,5.569169079973268e-05,2.2276676319893072e-05,0.00028959679215860996,0.0,0.0,0.0,0.0,0.0,0.0,0.0,0.0,0.0,0.0,0.0,0.0,0.0,0.0,0.0,0.0,0.0,0.0,0.0,0.0,0.0,0.0,0.0,0.0,0.0,0.0,0.0,0.0,0.0,0.0,0.0,0.0,0.0,0.0,0.0,0.0,0.0,0.0,0.0,0.0,nan,nan,4.326502257728378,2.928171480180879,nan,0.8229789190387807,0.0331167330072328,0.0,0.0,0.0,0.0,0.0,0.0,0.0,0.0,0.0,0.0,0.0,0.0,0.0,0.0,0.0,0.0,0.0,0.0,0.0,0.0,0.012776831345826238,0.268313458262351,1.1499148211243613,4.80408858603065,12.789608177172065,8.662691652470189,1.9676320272572405,0.24275979557069852,0.06388415672913118,0.038330494037478714,0.8242302769146919,0.032374698393449766,0.0,0.0,0.0,0.0,0.0,0.0,0.0,0.0,0.0,0.0,0.0,0.0,0.0,0.0,0.0,0.0,0.0,0.0,0.0,0.0,0.014012143858010279,0.11209715086408223,1.050910789350771,4.483886034563275,13.451658103689867,8.57543204110229,1.7375058383932747,0.4483886034563289,0.09808500700607195,0.028024287716020557,0.4006,0.011696,0.0,0.0,0.0,0.0,0.0,0.0,0.0,0.0,0.0,0.0,0.06388415672913118,14.399488926746145,15.523850085178879,0.012776831345826238,0.0,0.0,0.0,0.0,0.0,0.0,0.0,0.0,0.0,0.0,0.0,0.0,0.0,0.0,0.0,0.0,0.4011,0.011955,0.0,0.0,0.0,0.0,0.0,0.0,0.0,0.0,0.0,0.0,0.0700607192900514,14.054180289584286,15.749649696403553,0.1261092947220925,0.0,0.0,0.0,0.0,0.0,0.0,0.0,0.0,0.0,0.0,0.0,0.0,0.0,0.0,0.0,0.0
73800,4643,2368,0.5100150764591859,1115,966,0.44820159379711394,1314,0.5660133534352789,0.39799999999999996,2.8997802197802196,2.9839976055517226,6.273155416012559,2.103473600819998,8369.84927848374,506.59834400268153,7853.0,8866.4,8866.399999999998,1.8189894035458565e-12,7853.0,0.0,28.26233038983416,20.767693901076484,33.10561224489796,18.96323158578665,0.1348266207193625,0.0964893387895757,0.09756622873142365,0.07925909972000862,0.08012061167348697,0.07322851604566014,0.07645918587120397,0.06655179840620289,0.05815205685978893,0.05341374111565798,0.04781391341804868,0.039844927848373894,0.035752746069351714,0.02627611458108981,0.019384018953262975,0.010553521430109843,0.004307559767391772,0.8213474204281962,0.033077081814944745,0.0,0.0,0.0,0.0,0.0,0.0,0.0,0.0,0.0,0.0,0.0,0.0,0.0,0.0,0.0,0.0,0.0,0.0,0.0,0.00646133965108766,0.0323066982554383,0.24553090674133107,1.1436571182425157,5.395218608658179,13.110058152056864,7.95390911048891,1.6670256299806163,0.342451001507646,0.09045875511522725,0.01292267930217532,4.177413851927669,2.7456578291375027,4.428571428571429,2.5777699585462766,1.060122742334438,4.150401069518717,2.735823908709056,4.218085106382978,2.7476377771567764,1.0163078304314601,0.4006,0.01177,0.0,0.0,0.0,0.0,0.0,0.0,0.0,0.0,0.0,0.0,0.05169071720870128,14.370019384018931,15.526599181563647,0.05169071720870128,0.0,0.0,0.0,0.0,0.0,0.0,0.0,0.0,0.0,0.0,0.0,0.0,0.0,0.0,0.0,0.0,nan,nan,4.183272242585804,2.742120896894994,nan,0.4006,0.06415,0.0,0.0,0.0,0.0,0.0,0.0,0.0,0.0,0.0,0.0,0.0,0.0,0.0,0.0,0.0,0.0,0.0,0.0,0.0,0.0,2.1537798836958863e-05,1.0768899418479431e-05,0.0,0.0022614688778806805,0.004329097566228731,7.538229592935602e-05,0.020493215593366358,0.0008399741546413957,0.00530906741331036,0.014290329528322205,0.03881111350419987,0.029657548998492354,0.03273745423217747,0.02139780314451863,0.02122550075382296,0.03339435709670472,0.05793667887141934,0.04139564936463493,0.07252853758345897,0.07861296575489984,0.04942924833082059,0.07292698686194271,0.06784406633642041,0.07474693086366574,0.04334482015937971,0.02255007538229593,0.021839328020676285,0.04888003446047814,0.019567090243377126,0.020083997415464138,0.01991169502476847,0.010025845358604351,0.02876373034675856,0.005847512384234331,0.006913633426663795,0.004350635365065691,0.006644410941201809,0.0005276760715054921,0.00010768899418479432,2.1537798836958863e-05,0.0003446047813913418,0.0,0.0,0.0,0.0,0.0,0.0,0.0,0.0,0.0,0.0,0.0,0.0,0.0,0.0,0.0,0.0,0.0,0.0,0.0,0.0,0.0,0.0,0.0,0.0,0.0,0.0,0.0,0.0,0.0,0.0,0.0,0.0,0.0,0.0,0.0,0.0,0.0,0.0,0.0,0.0,nan,nan,4.183272242585804,2.742120896894994,nan,0.8219834911712521,0.03314964307276081,0.0,0.0,0.0,0.0,0.0,0.0,0.0,0.0,0.0,0.0,0.0,0.0,0.0,0.0,0.0,0.0,0.0,0.0,0.0,0.012668918918918921,0.012668918918918921,0.2407094594594595,1.0261824324324327,5.3842905405405235,13.37837837837838,7.728040540540542,1.76097972972973,0.329391891891892,0.1140202702702703,0.012668918918918921,0.8206853476723471,0.03298836063069794,0.0,0.0,0.0,0.0,0.0,0.0,0.0,0.0,0.0,0.0,0.0,0.0,0.0,0.0,0.0,0.0,0.0,0.0,0.0,0.0,0.05274725274725276,0.2505494505494506,1.265934065934066,5.40659340659339,12.830769230769233,8.18901098901099,1.5692307692307697,0.35604395604395617,0.06593406593406595,0.01318681318681319,0.4004,0.0118,0.0,0.0,0.0,0.0,0.0,0.0,0.0,0.0,0.0,0.0,0.0633445945945946,14.480574324324303,15.405405405405409,0.050675675675675685,0.0,0.0,0.0,0.0,0.0,0.0,0.0,0.0,0.0,0.0,0.0,0.0,0.0,0.0,0.0,0.0,0.401,0.01174,0.0,0.0,0.0,0.0,0.0,0.0,0.0,0.0,0.0,0.0,0.039560439560439566,14.254945054945034,15.652747252747256,0.05274725274725276,0.0,0.0,0.0,0.0,0.0,0.0,0.0,0.0,0.0,0.0,0.0,0.0,0.0,0.0,0.0,0.0
73900,4634,2345,0.5060422960725075,1093,953,0.44151920586965904,1301,0.5615019421665948,0.414,2.950633464394932,3.0704144654628136,6.630914826498422,2.06045616423472,8365.82326283988,506.6630000820996,7853.0,8866.4,8866.4,0.0,7853.0,0.0,27.963746223564954,21.197897660055965,33.1580310880829,19.423902273824254,0.14609408718170047,0.09408718170047475,0.096460940871817,0.08394475615019421,0.08523953388001726,0.0755287009063444,0.06840742339231765,0.059559775571860166,0.05567544238239102,0.050064738886491156,0.04359085023737592,0.039490720759602936,0.03280103582218386,0.030427276650841606,0.01812688821752266,0.01078981441519206,0.009710832973672853,0.8226274972750187,0.03334936763524595,0.0,0.0,0.0,0.0,0.0,0.0,0.0,0.0,0.0,0.0,0.0,0.0,0.0,0.0,0.0,0.0,0.0,0.0,0.0,0.0,0.07768666378938284,0.20069054812257234,1.0358221838584378,5.1920586965904025,13.077255071212779,7.962883038411741,1.91627104013811,0.44669831678895133,0.0712127751402676,0.01942166594734571,4.287868403015764,2.8589284253756855,4.078125,3.011979662012179,0.9510844589194373,4.153428377460964,2.8541516059020173,4.410205434062293,2.8648694610234395,1.0618229167005162,0.4004,0.01171,0.0,0.0,0.0,0.0,0.0,0.0,0.0,0.0,0.0,0.0,0.04531722054380666,14.689253344842447,15.161847216227883,0.10358221838584379,0.0,0.0,0.0,0.0,0.0,0.0,0.0,0.0,0.0,0.0,0.0,0.0,0.0,0.0,0.0,0.0,nan,nan,4.2833668678739105,2.8624605525148707,nan,0.4004,0.0641,0.0,0.0,0.0,0.0,0.0,0.0,0.0,0.0,0.0,0.0,0.0,0.0,0.0,0.0,0.0,0.0,0.0,0.0,0.0,0.0,0.0,0.0,2.1579628830384117e-05,0.0028485110056107035,0.003528269313767803,2.1579628830384117e-05,0.020619335347432023,0.0008092360811394044,0.005794130340958136,0.015073370738023307,0.03978204574881312,0.03024384980578334,0.031883901596892535,0.018698748381527838,0.021148036253776436,0.03112861458782909,0.05914976262408286,0.04540353905912818,0.06987483815278377,0.0802870090634441,0.05168321104876996,0.07443892965041002,0.06833189469141131,0.0745899870522227,0.04018126888217523,0.02075960293482952,0.02253992231333621,0.049708675010789814,0.01792188174363401,0.020371169615882607,0.019896417781614155,0.010498489425981873,0.02684505826499784,0.006829952524816573,0.007002589555459646,0.004596460940871817,0.006463098834700043,0.0005071212775140268,0.0002589555459646094,0.0,0.0002589555459646094,0.0,0.0,0.0,0.0,0.0,0.0,0.0,0.0,0.0,0.0,0.0,0.0,0.0,0.0,0.0,0.0,0.0,0.0,0.0,0.0,0.0,0.0,0.0,0.0,0.0,0.0,0.0,0.0,0.0,0.0,0.0,0.0,0.0,0.0,0.0,0.0,0.0,0.0,0.0,0.0,nan,nan,4.2833668678739105,2.8624605525148707,nan,0.8216629478468824,0.0334669607174542,0.0,0.0,0.0,0.0,0.0,0.0,0.0,0.0,0.0,0.0,0.0,0.0,0.0,0.0,0.0,0.0,0.0,0.0,0.0,0.0,0.14072494669509597,0.2174840085287847,1.0362473347547976,5.4626865671641625,12.85714285714286,7.9701492537313445,1.8550106609808106,0.42217484008528794,0.03837953091684435,0.0,0.8236156442426812,0.03319941880660302,0.0,0.0,0.0,0.0,0.0,0.0,0.0,0.0,0.0,0.0,0.0,0.0,0.0,0.0,0.0,0.0,0.0,0.0,0.0,0.0,0.013106159895150724,0.18348623853211013,1.0353866317169071,4.914809960681505,13.302752293577985,7.955439056356489,1.9790301441677594,0.47182175622542605,0.10484927916120579,0.03931847968545217,0.4001,0.01176,0.0,0.0,0.0,0.0,0.0,0.0,0.0,0.0,0.0,0.0,0.012793176972281453,14.763326226012772,15.121535181236677,0.10234541577825162,0.0,0.0,0.0,0.0,0.0,0.0,0.0,0.0,0.0,0.0,0.0,0.0,0.0,0.0,0.0,0.0,0.4004,0.011665,0.0,0.0,0.0,0.0,0.0,0.0,0.0,0.0,0.0,0.0,0.07863695937090434,14.613368283093031,15.20314547837484,0.10484927916120579,0.0,0.0,0.0,0.0,0.0,0.0,0.0,0.0,0.0,0.0,0.0,0.0,0.0,0.0,0.0,0.0
74000,4679,2438,0.5210515067322078,1140,925,0.44133361829450735,1310,0.5599487069886728,0.40199999999999997,2.9196787148594376,3.016949158685497,6.319083969465649,2.1601213743046372,8381.03359692242,506.2506964364114,7853.0,8866.4,8866.399999999998,1.8189894035458565e-12,7853.0,0.0,28.276768540286387,20.905166471419502,33.07964601769911,19.166262443594594,0.1337892712117974,0.10215858089335328,0.09318230391109211,0.08164137636247061,0.08420602692883095,0.07629835434921992,0.06967300705278906,0.059414404787347726,0.056422312459927335,0.0553537080572772,0.04830091899978628,0.04103440906176534,0.035905107929044666,0.026501389185723444,0.020089762769822612,0.010899764907031416,0.005129301132720667,0.8248121798815546,0.03380292731357883,0.0,0.0,0.0,0.0,0.0,0.0,0.0,0.0,0.0,0.0,0.0,0.0,0.0,0.0,0.0,0.0,0.0,0.0,0.0,0.0,0.03205813207950417,0.1474674075657192,1.0643299850395385,4.840777944005114,12.816841205385769,8.463346868989102,1.9170762983543497,0.5642231245992735,0.1089976490703142,0.04488138491130585,4.184016118200135,2.8532002914325876,4.25531914893617,2.9569110183575664,1.0170417676991905,4.216535433070866,2.8644512406675418,4.153231179213858,2.8447219414038707,0.9849866662187862,0.4004,0.011826,0.0,0.0,0.0,0.0,0.0,0.0,0.0,0.0,0.0,0.0,0.07693951699081002,14.522333832015367,15.323787134002995,0.07693951699081002,0.0,0.0,0.0,0.0,0.0,0.0,0.0,0.0,0.0,0.0,0.0,0.0,0.0,0.0,0.0,0.0,nan,nan,4.1851239669421485,2.8548540990357036,nan,0.4004,0.06464,0.0,0.0,0.0,0.0,0.0,0.0,0.0,0.0,0.0,0.0,0.0,0.0,0.0,0.0,0.0,0.0,0.0,0.0,0.0,0.0,0.0,0.0,0.00014960461637101945,0.003483650352639453,0.0033340457362684333,0.0,0.02091258815986322,0.0009724300064116264,0.006069673007052789,0.01568711263090404,0.03863004915580252,0.031192562513357554,0.03314810857020731,0.019213507159649496,0.021863646078221843,0.029910237230177387,0.06052575336610387,0.04337465270356914,0.06586877537935457,0.07892712117973925,0.05561017311391323,0.07529386621072878,0.06428724086343236,0.07470613378927121,0.03969865355845266,0.02131865783287027,0.022504808719811926,0.04883522120111135,0.018038042316734344,0.020784355631545202,0.02062406497114768,0.010878392818978413,0.027527249412267578,0.007490916862577474,0.007405428510365463,0.003964522333832016,0.006582603120324855,0.0005984184654840778,0.0002992092327420389,5.3430220132506944e-05,0.00023509296858303057,0.0,0.0,0.0,0.0,0.0,0.0,0.0,0.0,0.0,0.0,0.0,0.0,0.0,0.0,0.0,0.0,0.0,0.0,0.0,0.0,0.0,0.0,0.0,0.0,0.0,0.0,0.0,0.0,0.0,0.0,0.0,0.0,0.0,0.0,0.0,0.0,0.0,0.0,0.0,0.0,nan,nan,4.1851239669421485,2.8548540990357036,nan,0.8244594788336187,0.03344772609755459,0.0,0.0,0.0,0.0,0.0,0.0,0.0,0.0,0.0,0.0,0.0,0.0,0.0,0.0,0.0,0.0,0.0,0.0,0.0,0.0,0.036915504511895,0.11074651353568501,1.18129614438064,4.83593109105823,12.834290401968829,8.576702214930272,1.784249384741592,0.479901558654635,0.12305168170631668,0.036915504511895,0.8251958858855118,0.0341810287895794,0.0,0.0,0.0,0.0,0.0,0.0,0.0,0.0,0.0,0.0,0.0,0.0,0.0,0.0,0.0,0.0,0.0,0.0,0.0,0.0,0.026773761713520756,0.1874163319946453,0.9370816599732265,4.8460508701472405,12.797858099062921,8.340026773761716,2.061579651941098,0.6559571619812584,0.09370816599732265,0.05354752342704151,0.4001,0.01157,0.0,0.0,0.0,0.0,0.0,0.0,0.0,0.0,0.0,0.0,0.07383100902379,14.593929450369135,15.258408531583267,0.07383100902379,0.0,0.0,0.0,0.0,0.0,0.0,0.0,0.0,0.0,0.0,0.0,0.0,0.0,0.0,0.0,0.0,0.4004,0.01209,0.0,0.0,0.0,0.0,0.0,0.0,0.0,0.0,0.0,0.0,0.08032128514056226,14.444444444444423,15.394912985274434,0.08032128514056226,0.0,0.0,0.0,0.0,0.0,0.0,0.0,0.0,0.0,0.0,0.0,0.0,0.0,0.0,0.0,0.0
74100,4479,2309,0.51551685644117,1089,913,0.44697477115427553,1243,0.5550346059388256,0.40599999999999997,2.889400921658986,3.0622915594407716,6.47563025210084,2.2139347225524664,8375.424782317483,506.4559420335274,7853.0,8866.4,8866.400000000001,1.8189894035458565e-12,7853.0,0.0,28.10136191114088,21.12183045439518,33.093134646088345,19.39857702375441,0.13797722705961152,0.1082830989060058,0.08640321500334897,0.08394730966733646,0.07791917838803304,0.07747265014512168,0.07189104710872962,0.06385353873632507,0.05938825630721143,0.049118106720250056,0.04688546550569324,0.0372851082830989,0.035275731189997765,0.02277294038847957,0.02165661978120116,0.011163206072784104,0.008707300736771601,0.8253705883483904,0.03567124042548338,0.0,0.0,0.0,0.0,0.0,0.0,0.0,0.0,0.0,0.0,0.0,0.0,0.0,0.0,0.0,0.0,0.0,0.0,0.0,0.04018754186202278,0.04018754186202278,0.26121902210314807,1.0783657066309447,4.574681848626911,12.089752176825188,8.780977896851978,2.431346282652378,0.5693235097119894,0.12056262558606834,0.013395847287340928,4.143869596031184,2.834783751379301,4.483333333333333,2.578705532282083,1.0819195028789692,4.005486968449931,2.8381049271787933,4.300070274068869,2.8150871007985945,1.0735449417110292,0.4004,0.01189,0.0,0.0,0.0,0.0,0.0,0.0,0.0,0.0,0.0,0.0,0.06697923643670463,14.467515070328178,15.391828533154726,0.0736771600803751,0.0,0.0,0.0,0.0,0.0,0.0,0.0,0.0,0.0,0.0,0.0,0.0,0.0,0.0,0.0,0.0,nan,nan,4.150936849410132,2.8301037657566974,nan,0.4004,0.06506,0.0,0.0,0.0,0.0,0.0,0.0,0.0,0.0,0.0,0.0,0.0,0.0,0.0,0.0,0.0,0.0,0.0,0.0,0.0,0.0,0.0,2.2326412145568206e-05,0.00015628488501897745,0.004041080598347845,0.003851306095110516,1.1163206072784103e-05,0.020897521768251843,0.0013172583165885242,0.006240232194686314,0.013842375530252289,0.037686983701719134,0.033545434248716234,0.03131279303415941,0.019803527573119,0.02347622237106497,0.03152489394954231,0.058874748827863366,0.042431346282652375,0.06339584728734092,0.07690332663540969,0.05769144898414825,0.07406787229292253,0.06745925429783434,0.07147800848403661,0.04090198705068095,0.020841705737887923,0.021556150926546103,0.04984371511498102,0.016979236436704622,0.022025005581603037,0.021076133065416388,0.012290689886135298,0.027271712435811564,0.007702612190221032,0.007445858450546997,0.00342710426434472,0.007401205626255861,0.0006028131279303416,0.00037954900647465953,0.0,0.00022326412145568208,0.0,0.0,0.0,0.0,0.0,0.0,0.0,0.0,0.0,0.0,0.0,0.0,0.0,0.0,0.0,0.0,0.0,0.0,0.0,0.0,0.0,0.0,0.0,0.0,0.0,0.0,0.0,0.0,0.0,0.0,0.0,0.0,0.0,0.0,0.0,0.0,0.0,0.0,0.0,0.0,nan,nan,4.150936849410132,2.8301037657566974,nan,0.8257853222801965,0.03599958629997946,0.0,0.0,0.0,0.0,0.0,0.0,0.0,0.0,0.0,0.0,0.0,0.0,0.0,0.0,0.0,0.0,0.0,0.0,0.0,0.025985275010827202,0.051970550021654405,0.2858380251190992,1.1303594629709832,4.105673451710684,12.485924642702471,8.73105240363794,2.4166305760069298,0.584668687743612,0.15591165006496321,0.025985275010827202,0.8249292885103533,0.03531316190600577,0.0,0.0,0.0,0.0,0.0,0.0,0.0,0.0,0.0,0.0,0.0,0.0,0.0,0.0,0.0,0.0,0.0,0.0,0.0,0.05529953917050692,0.02764976958525346,0.23502304147465444,1.0230414746543781,5.073732718893993,11.668202764976963,8.83410138248848,2.4470046082949315,0.5529953917050693,0.08294930875576038,0.0,0.4004,0.01194,0.0,0.0,0.0,0.0,0.0,0.0,0.0,0.0,0.0,0.0,0.09094846253789522,14.486790818536141,15.318319618882636,0.10394110004330881,0.0,0.0,0.0,0.0,0.0,0.0,0.0,0.0,0.0,0.0,0.0,0.0,0.0,0.0,0.0,0.0,0.4006,0.01183,0.0,0.0,0.0,0.0,0.0,0.0,0.0,0.0,0.0,0.0,0.04147465437788019,14.447004608294911,15.470046082949311,0.04147465437788019,0.0,0.0,0.0,0.0,0.0,0.0,0.0,0.0,0.0,0.0,0.0,0.0,0.0,0.0,0.0,0.0
74200,4407,2332,0.5291581574767416,1114,885,0.45359655094168366,1224,0.5554799183117767,0.43,3.010602409638554,3.104894445326716,6.469899665551839,2.215390901425816,8389.248876786929,505.8376754262484,7853.0,8866.4,8866.399999999998,1.8189894035458565e-12,7853.0,0.0,28.341729067392784,20.941008458707138,33.25774306490708,19.142570683125058,0.13614703880190607,0.10074880871341048,0.0875879282958929,0.08395734059450874,0.08282278193782619,0.0785114590424325,0.06716587247560699,0.06353528477422282,0.05854322668481961,0.05423190378942591,0.04538234626730202,0.04583616972997504,0.03494440662582256,0.02541411390968913,0.016791468118901746,0.012026321760835035,0.006353528477422283,0.8249348955195535,0.0335926984519347,0.0,0.0,0.0,0.0,0.0,0.0,0.0,0.0,0.0,0.0,0.0,0.0,0.0,0.0,0.0,0.0,0.0,0.0,0.0,0.0,0.027229407760381217,0.23144996596324036,0.9462219196732473,4.703880190605839,12.586793737236219,8.686181075561608,2.3144996596324034,0.36759700476514645,0.08849557522123896,0.04765146358066713,4.158098591549296,2.904950469408442,4.660714285714286,2.76635904158133,1.1208763291920205,4.252427184466019,2.9084644399838795,4.085340674466621,2.8959256278124883,0.9607079668266254,0.4006,0.0119,0.0,0.0,0.0,0.0,0.0,0.0,0.0,0.0,0.0,0.0,0.08849557522123896,14.213750850918972,15.622872702518723,0.07488087134104834,0.0,0.0,0.0,0.0,0.0,0.0,0.0,0.0,0.0,0.0,0.0,0.0,0.0,0.0,0.0,0.0,nan,nan,4.167817679558011,2.9031584419619514,nan,0.4006,0.0651,0.0,0.0,0.0,0.0,0.0,0.0,0.0,0.0,0.0,0.0,0.0,0.0,0.0,0.0,0.0,0.0,0.0,0.0,0.0,0.0,0.0,1.1345586566825506e-05,5.672793283412752e-05,0.005491263898343544,0.004299977308826866,4.538234626730202e-05,0.020172452915815747,0.00123666893578398,0.00696619015203086,0.01168595416383027,0.03649875198547765,0.03415021556614477,0.03081461311549807,0.018947129566598594,0.023405945087361015,0.03419559791241207,0.05863399137735421,0.04111640571817563,0.06358066712049013,0.07543680508282279,0.05937145450419787,0.07616292262309961,0.06798275470841843,0.06946902654867257,0.04040163376446562,0.022055820285908783,0.020229180848649875,0.05078284547311096,0.017483548899478105,0.022736555479918312,0.021397776265032902,0.011107329248922168,0.02660540049920581,0.008146131154980713,0.007340594508736102,0.0036419332879509872,0.006773315180394826,0.0006013160880417518,0.0007828454731109598,0.0,0.00011345586566825505,6.807351940095303e-05,0.0,0.0,0.0,0.0,0.0,0.0,0.0,0.0,0.0,0.0,0.0,0.0,0.0,0.0,0.0,0.0,0.0,0.0,0.0,0.0,0.0,0.0,0.0,0.0,0.0,0.0,0.0,0.0,0.0,0.0,0.0,0.0,0.0,0.0,0.0,0.0,0.0,0.0,0.0,nan,nan,4.167817679558011,2.9031584419619514,nan,0.8250681285588246,0.033261643520501,0.0,0.0,0.0,0.0,0.0,0.0,0.0,0.0,0.0,0.0,0.0,0.0,0.0,0.0,0.0,0.0,0.0,0.0,0.0,0.0,0.01286449399656947,0.23156089193825047,0.9391080617495714,4.656946826758133,12.491423670668956,8.96655231560892,2.2255574614065186,0.36020583190394523,0.07718696397941682,0.03859348198970841,0.8247851608460208,0.03396028126972288,0.0,0.0,0.0,0.0,0.0,0.0,0.0,0.0,0.0,0.0,0.0,0.0,0.0,0.0,0.0,0.0,0.0,0.0,0.0,0.0,0.04337349397590362,0.23132530120481934,0.9542168674698798,4.756626506024081,12.693975903614461,8.3710843373494,2.4144578313253016,0.37590361445783144,0.10120481927710846,0.057831325301204835,0.4006,0.01208,0.0,0.0,0.0,0.0,0.0,0.0,0.0,0.0,0.0,0.0,0.07718696397941682,14.318181818181797,15.54030874785592,0.06432246998284735,0.0,0.0,0.0,0.0,0.0,0.0,0.0,0.0,0.0,0.0,0.0,0.0,0.0,0.0,0.0,0.0,0.4004,0.011696,0.0,0.0,0.0,0.0,0.0,0.0,0.0,0.0,0.0,0.0,0.10120481927710846,14.096385542168653,15.715662650602413,0.08674698795180724,0.0,0.0,0.0,0.0,0.0,0.0,0.0,0.0,0.0,0.0,0.0,0.0,0.0,0.0,0.0,0.0
74300,4264,2235,0.524155722326454,1066,852,0.449812382739212,1177,0.5520637898686679,0.43,3.0487925086249383,3.2056327905422926,6.887298747763864,2.108802499172745,8384.179409005628,506.1083367568005,7853.0,8866.4,8866.4,0.0,7853.0,0.0,27.794793621013135,20.651771069711106,32.656075808249724,18.89955846979573,0.13883677298311445,0.09662288930581614,0.099671669793621,0.0848968105065666,0.08044090056285179,0.075046904315197,0.06965290806754221,0.06449343339587242,0.05956848030018762,0.056050656660412757,0.04690431519699812,0.039399624765478425,0.0300187617260788,0.025797373358348967,0.01594746716697936,0.009615384615384616,0.007035647279549718,0.8250773195701513,0.03313083808940069,0.0,0.0,0.0,0.0,0.0,0.0,0.0,0.0,0.0,0.0,0.0,0.0,0.0,0.0,0.0,0.0,0.0,0.0,0.0,0.0,0.0,0.19699812382739218,1.0201688555347095,4.86163227016884,12.453095684803005,8.604596622889307,2.3287992495309573,0.4221388367729832,0.1055347091932458,0.00703564727954972,4.415922619047619,2.997332551216768,3.7916666666666665,2.668944339788466,0.8586352148272958,4.4592211609110946,3.0077034055042198,4.351272727272727,2.97741013423378,0.975792087958178,0.4014,0.01184,0.0,0.0,0.0,0.0,0.0,0.0,0.0,0.0,0.0,0.0,0.02814258911819888,13.628048780487784,16.2875234521576,0.05628517823639776,0.0,0.0,0.0,0.0,0.0,0.0,0.0,0.0,0.0,0.0,0.0,0.0,0.0,0.0,0.0,0.0,nan,nan,4.404970760233918,2.993004294475264,nan,0.4014,0.06476,0.0,0.0,0.0,0.0,0.0,0.0,0.0,0.0,0.0,0.0,0.0,0.0,0.0,0.0,0.0,0.0,0.0,0.0,0.0,0.0,0.0,0.0,1.1726078799249531e-05,0.0050891181988742965,0.00401031894934334,0.0002579737335834897,0.01901969981238274,0.0010905253283302063,0.00724671669793621,0.011585365853658536,0.03527204502814259,0.034814727954971855,0.0313203564727955,0.01697936210131332,0.023346622889305817,0.033161350844277675,0.057645403377110695,0.04167448405253283,0.06258208255159475,0.07288930581613508,0.059838180112570354,0.07924484052532833,0.07046200750469044,0.06951219512195123,0.04002110694183865,0.02271341463414634,0.020884146341463416,0.053119136960600374,0.015935741088180112,0.022936210131332083,0.022232645403377112,0.010823170731707316,0.025902908067542214,0.009580206378986867,0.0076805816135084425,0.0037875234521575984,0.006109287054409006,0.0005159474671669794,0.0004221388367729831,0.0,0.00014071294559099437,0.00014071294559099437,0.0,0.0,0.0,0.0,0.0,0.0,0.0,0.0,0.0,0.0,0.0,0.0,0.0,0.0,0.0,0.0,0.0,0.0,0.0,0.0,0.0,0.0,0.0,0.0,0.0,0.0,0.0,0.0,0.0,0.0,0.0,0.0,0.0,0.0,0.0,0.0,0.0,0.0,0.0,nan,nan,4.404970760233918,2.993004294475264,nan,0.8249801199174834,0.03340148167371528,0.0,0.0,0.0,0.0,0.0,0.0,0.0,0.0,0.0,0.0,0.0,0.0,0.0,0.0,0.0,0.0,0.0,0.0,0.0,0.0,0.0,0.214765100671141,1.1006711409395975,4.7919463087248175,12.362416107382554,8.5503355704698,2.4832214765100673,0.40268456375838935,0.09395973154362419,0.0,0.8251843876942089,0.032829801258353414,0.0,0.0,0.0,0.0,0.0,0.0,0.0,0.0,0.0,0.0,0.0,0.0,0.0,0.0,0.0,0.0,0.0,0.0,0.0,0.0,0.0,0.1774273040906851,0.9314933464760968,4.938393297190719,12.552981764415971,8.664366683095123,2.158698866436669,0.44356826022671275,0.11828486939379007,0.014785608674223759,0.4014,0.01174,0.0,0.0,0.0,0.0,0.0,0.0,0.0,0.0,0.0,0.0,0.013422818791946312,13.812080536912733,16.147651006711413,0.026845637583892624,0.0,0.0,0.0,0.0,0.0,0.0,0.0,0.0,0.0,0.0,0.0,0.0,0.0,0.0,0.0,0.0,0.4014,0.01193,0.0,0.0,0.0,0.0,0.0,0.0,0.0,0.0,0.0,0.0,0.04435682602267128,13.42533267619515,16.441596845736818,0.08871365204534255,0.0,0.0,0.0,0.0,0.0,0.0,0.0,0.0,0.0,0.0,0.0,0.0,0.0,0.0,0.0,0.0
74400,4495,2345,0.5216907675194661,1135,889,0.4502780867630701,1278,0.5686318131256952,0.41,3.0051162790697674,3.038737782708566,6.36969696969697,2.158771374547702,8381.681423804226,506.2229815086814,7853.0,8866.4,8866.4,0.0,7853.0,0.0,28.502558398220245,21.0217310126252,33.528042328042325,19.13527468936262,0.1410456062291435,0.0914349276974416,0.09054505005561735,0.08898776418242492,0.07897664071190211,0.06941045606229143,0.071412680756396,0.06095661846496107,0.06407119021134594,0.05583982202447164,0.0424916573971079,0.04605116796440489,0.03270300333704116,0.028698553948832035,0.020912124582869854,0.01067853170189099,0.005784204671857619,0.8251223811053063,0.03370589829716887,0.0,0.0,0.0,0.0,0.0,0.0,0.0,0.0,0.0,0.0,0.0,0.0,0.0,0.0,0.0,0.0,0.0,0.0,0.0,0.0,0.00667408231368187,0.1868743047830924,1.0077864293659624,4.872080088987749,12.440489432703007,8.689655172413795,2.1223581757508345,0.5339265850945496,0.10011123470522805,0.04004449388209122,4.189133425034388,2.8529996169619145,4.222222222222222,2.803877385882223,1.007898721246283,4.245856353591161,2.9223934339305897,4.135548172757475,2.7820435344806937,0.9740198038635041,0.4016,0.01195,0.0,0.0,0.0,0.0,0.0,0.0,0.0,0.0,0.0,0.0,0.05339265850945496,13.234705228031126,16.611790878754174,0.10011123470522805,0.0,0.0,0.0,0.0,0.0,0.0,0.0,0.0,0.0,0.0,0.0,0.0,0.0,0.0,0.0,0.0,nan,nan,4.189637656620386,2.8522602839669013,nan,0.4016,0.06506,0.0,0.0,0.0,0.0,0.0,0.0,0.0,0.0,0.0,0.0,0.0,0.0,0.0,0.0,0.0,0.0,0.0,0.0,0.0,0.0,0.0,0.0,0.0,0.0052614015572858734,0.003503893214682981,0.00042269187986651834,0.021457174638487207,0.0008342602892102336,0.008309232480533927,0.010956618464961067,0.03261401557285873,0.03447163515016685,0.03064516129032258,0.018442714126807563,0.023804226918798667,0.030978865406006674,0.05669632925472747,0.041746384872080086,0.06219132369299221,0.07213570634037819,0.06200222469410456,0.07719688542825362,0.06978865406006673,0.07137931034482758,0.03982202447163515,0.024048943270300334,0.02050055617352614,0.054727474972191326,0.015828698553948833,0.02271412680756396,0.021012235817575085,0.011868743047830923,0.025005561735261403,0.01067853170189099,0.007163515016685206,0.003804226918798665,0.0064627363737486095,0.0006117908787541713,0.0006229143492769744,4.449388209121246e-05,0.00011123470522803115,0.00013348164627363738,0.0,0.0,0.0,0.0,0.0,0.0,0.0,0.0,0.0,0.0,0.0,0.0,0.0,0.0,0.0,0.0,0.0,0.0,0.0,0.0,0.0,0.0,0.0,0.0,0.0,0.0,0.0,0.0,0.0,0.0,0.0,0.0,0.0,0.0,0.0,0.0,0.0,0.0,0.0,nan,nan,4.189637656620386,2.8522602839669013,nan,0.824999877562655,0.03367578087020199,0.0,0.0,0.0,0.0,0.0,0.0,0.0,0.0,0.0,0.0,0.0,0.0,0.0,0.0,0.0,0.0,0.0,0.0,0.0,0.0,0.012793176972281453,0.23027718550106616,0.9083155650319832,4.976545842217469,12.371002132196166,8.737739872068232,2.149253731343284,0.4477611940298508,0.12793176972281453,0.03837953091684435,0.825255995434384,0.03373820950034763,0.0,0.0,0.0,0.0,0.0,0.0,0.0,0.0,0.0,0.0,0.0,0.0,0.0,0.0,0.0,0.0,0.0,0.0,0.0,0.0,0.0,0.13953488372093026,1.116279069767442,4.758139534883706,12.516279069767446,8.637209302325584,2.093023255813954,0.6279069767441862,0.06976744186046513,0.041860465116279076,0.4016,0.01209,0.0,0.0,0.0,0.0,0.0,0.0,0.0,0.0,0.0,0.0,0.03837953091684435,13.31769722814497,16.490405117270793,0.1535181236673774,0.0,0.0,0.0,0.0,0.0,0.0,0.0,0.0,0.0,0.0,0.0,0.0,0.0,0.0,0.0,0.0,0.4016,0.011795,0.0,0.0,0.0,0.0,0.0,0.0,0.0,0.0,0.0,0.0,0.06976744186046513,13.14418604651161,16.744186046511633,0.041860465116279076,0.0,0.0,0.0,0.0,0.0,0.0,0.0,0.0,0.0,0.0,0.0,0.0,0.0,0.0,0.0,0.0
74500,4500,2317,0.5148888888888888,1135,906,0.45355555555555555,1267,0.5631111111111111,0.40199999999999997,2.9267063673843334,3.040140151160752,6.407704654895666,2.170295235390436,8374.7884,506.47530066671544,7853.0,8866.4,8866.399999999998,1.8189894035458565e-12,7853.0,0.0,28.017333333333333,20.849122805954636,32.90781827786582,19.113023500949662,0.13644444444444445,0.104,0.08688888888888889,0.08488888888888889,0.08444444444444445,0.07977777777777778,0.06733333333333333,0.06933333333333333,0.05533333333333333,0.048,0.04777777777777778,0.041555555555555554,0.030666666666666665,0.027555555555555555,0.018,0.011555555555555555,0.0064444444444444445,0.8245227089722951,0.03336523134577493,0.0,0.0,0.0,0.0,0.0,0.0,0.0,0.0,0.0,0.0,0.0,0.0,0.0,0.0,0.0,0.0,0.0,0.0,0.0,0.0,0.053333333333333344,0.19333333333333338,0.9800000000000002,4.706666666666652,12.96666666666667,8.46,2.1200000000000006,0.43333333333333346,0.04666666666666668,0.04000000000000001,4.206620209059233,2.887222494683709,4.173076923076923,2.778496783999979,0.9920260721635692,4.183002056202879,2.8628865798139063,4.228981544771019,2.9073516995109396,1.0109919832575645,0.4016,0.011635,0.0,0.0,0.0,0.0,0.0,0.0,0.0,0.0,0.0,0.0,0.04666666666666668,13.513333333333314,16.380000000000003,0.06000000000000001,0.0,0.0,0.0,0.0,0.0,0.0,0.0,0.0,0.0,0.0,0.0,0.0,0.0,0.0,0.0,0.0,nan,nan,4.2060232717316905,2.885326823719881,nan,0.4016,0.06506,0.0,0.0,0.0,0.0,0.0,0.0,0.0,0.0,0.0,0.0,0.0,0.0,0.0,0.0,0.0,0.0,0.0,0.0,0.0,3.3333333333333335e-05,0.0,0.0,8.888888888888889e-05,0.005033333333333333,0.0036444444444444445,0.0008888888888888889,0.021977777777777777,0.0008444444444444444,0.009588888888888888,0.010244444444444445,0.03131111111111111,0.035444444444444445,0.02942222222222222,0.018833333333333334,0.02492222222222222,0.029222222222222222,0.05698888888888889,0.03961111111111111,0.06174444444444444,0.07263333333333333,0.06275555555555555,0.07762222222222222,0.06601111111111112,0.07221111111111111,0.041833333333333333,0.023922222222222223,0.019955555555555556,0.05842222222222222,0.015955555555555556,0.021866666666666666,0.021988888888888888,0.012088888888888889,0.024166666666666666,0.011077777777777778,0.006411111111111111,0.003611111111111111,0.0061444444444444446,0.0007,0.0004222222222222222,0.0,5.555555555555556e-05,0.0003,0.0,0.0,0.0,0.0,0.0,0.0,0.0,0.0,0.0,0.0,0.0,0.0,0.0,0.0,0.0,0.0,0.0,0.0,0.0,0.0,0.0,0.0,0.0,0.0,0.0,0.0,0.0,0.0,0.0,0.0,0.0,0.0,0.0,0.0,0.0,0.0,0.0,0.0,0.0,nan,nan,4.2060232717316905,2.885326823719881,nan,0.8245681388963643,0.032592437400269667,0.0,0.0,0.0,0.0,0.0,0.0,0.0,0.0,0.0,0.0,0.0,0.0,0.0,0.0,0.0,0.0,0.0,0.0,0.0,0.0,0.06473888649115236,0.1424255502805352,0.8416055243849808,4.842468709538181,12.960725075528703,8.49374190763919,2.18817436340095,0.4013810962451447,0.051791109192921896,0.012947777298230474,0.8244744904042383,0.034166279436982396,0.0,0.0,0.0,0.0,0.0,0.0,0.0,0.0,0.0,0.0,0.0,0.0,0.0,0.0,0.0,0.0,0.0,0.0,0.0,0.0,0.04122766834631242,0.24736601007787454,1.126889601465873,4.562528630325226,12.972972972972975,8.424186898763171,2.0476408612001835,0.4672469079248741,0.04122766834631242,0.06871278057718737,0.4016,0.011696,0.0,0.0,0.0,0.0,0.0,0.0,0.0,0.0,0.0,0.0,0.051791109192921896,13.556322831247284,16.340094950366858,0.051791109192921896,0.0,0.0,0.0,0.0,0.0,0.0,0.0,0.0,0.0,0.0,0.0,0.0,0.0,0.0,0.0,0.0,0.4016,0.01157,0.0,0.0,0.0,0.0,0.0,0.0,0.0,0.0,0.0,0.0,0.04122766834631242,13.467704993128702,16.42235455794778,0.06871278057718737,0.0,0.0,0.0,0.0,0.0,0.0,0.0,0.0,0.0,0.0,0.0,0.0,0.0,0.0,0.0,0.0
74600,4143,2172,0.5242577842143374,1043,804,0.4458122133719527,1140,0.5503258508327299,0.438,2.971588026382547,3.1080988567020653,6.412280701754386,2.2788555280442315,8384.28283852281,506.10332349250706,7853.0,8866.4,8866.399999999998,1.8189894035458565e-12,7853.0,0.0,28.843591600289646,21.26012500253888,33.807780320366135,19.422680338948968,0.1339608979000724,0.09896210475500845,0.08858315230509292,0.0871349263818489,0.07651460294472605,0.06710113444363987,0.06879073135409124,0.06782524740526188,0.060584117789041755,0.05937726285300507,0.045136374607772145,0.03982621288921072,0.03644701906830799,0.02896451846488052,0.02172338884866039,0.011827178373159546,0.00724112961622013,0.8256817764917088,0.03451410576265659,0.0,0.0,0.0,0.0,0.0,0.0,0.0,0.0,0.0,0.0,0.0,0.0,0.0,0.0,0.0,0.0,0.0,0.0,0.0,0.0,0.07241129616220132,0.18102824040550328,1.0282404055032588,4.685010861694409,12.418537291817527,8.609703113685736,2.2809558291093417,0.6154960173787112,0.07241129616220132,0.03620564808110066,4.184725357411588,2.8812919731831177,4.313725490196078,3.045344863296943,1.0308264274872945,4.2194940476190474,2.863492661105082,4.153958944281525,2.905358158237972,0.9844684925258984,0.4016,0.011696,0.0,0.0,0.0,0.0,0.0,0.0,0.0,0.0,0.0,0.0,0.06517016654598119,13.113685734974636,16.777697320782046,0.04344677769732079,0.0,0.0,0.0,0.0,0.0,0.0,0.0,0.0,0.0,0.0,0.0,0.0,0.0,0.0,0.0,0.0,nan,nan,4.187153931339978,2.8845199138779996,nan,0.4016,0.0651,0.0,0.0,0.0,0.0,0.0,0.0,0.0,0.0,0.0,0.0,0.0,0.0,0.0,0.0,0.0,0.0,0.0,0.0,0.0,0.0,0.0,0.0,0.0003379193820902727,0.005104996379435192,0.003994689838281438,0.0007844557084238475,0.022483707458363505,0.0011706492879555877,0.010125512913347815,0.00948587979724837,0.028361090996862178,0.03776249094858798,0.031136857349746562,0.01777697320782042,0.023111272025102582,0.029688631426502535,0.0555756698044895,0.03741250301713734,0.06223750905141202,0.07389572773352643,0.06370987207337678,0.08099203475742216,0.06630461018585566,0.07041998551774077,0.042288196958725564,0.023062997827661115,0.01789765870142409,0.05994448467294231,0.015508085928071446,0.02115616702872315,0.022592324402606806,0.013082307506637702,0.024257784214337438,0.010753077480086894,0.006323919864832247,0.0036084962587496984,0.006649770697562153,0.00043446777697320784,0.0003982621288921072,0.0,6.034274680183442e-05,0.00010861694424330196,0.0,0.0,0.0,0.0,0.0,0.0,0.0,0.0,0.0,0.0,0.0,0.0,0.0,0.0,0.0,0.0,0.0,0.0,0.0,0.0,0.0,0.0,0.0,0.0,0.0,0.0,0.0,0.0,0.0,0.0,0.0,0.0,0.0,0.0,0.0,0.0,0.0,0.0,0.0,nan,nan,4.187153931339978,2.8845199138779996,nan,0.8260803290164274,0.034797523074305454,0.0,0.0,0.0,0.0,0.0,0.0,0.0,0.0,0.0,0.0,0.0,0.0,0.0,0.0,0.0,0.0,0.0,0.0,0.0,0.0,0.0552486187845304,0.2209944751381216,0.9944751381215472,4.613259668508273,12.37569060773481,8.674033149171272,2.265193370165746,0.6767955801104973,0.08287292817679559,0.041436464088397795,0.825242580102217,0.03419368601950361,0.0,0.0,0.0,0.0,0.0,0.0,0.0,0.0,0.0,0.0,0.0,0.0,0.0,0.0,0.0,0.0,0.0,0.0,0.0,0.0,0.09132420091324202,0.13698630136986303,1.0654490106544903,4.764079147640777,12.465753424657535,8.53881278538813,2.298325722983258,0.5479452054794521,0.060882800608828024,0.030441400304414012,0.4019,0.01162,0.0,0.0,0.0,0.0,0.0,0.0,0.0,0.0,0.0,0.0,0.069060773480663,13.093922651933683,16.809392265193374,0.0276243093922652,0.0,0.0,0.0,0.0,0.0,0.0,0.0,0.0,0.0,0.0,0.0,0.0,0.0,0.0,0.0,0.0,0.4014,0.01178,0.0,0.0,0.0,0.0,0.0,0.0,0.0,0.0,0.0,0.0,0.060882800608828024,13.135464231354623,16.742770167427704,0.060882800608828024,0.0,0.0,0.0,0.0,0.0,0.0,0.0,0.0,0.0,0.0,0.0,0.0,0.0,0.0,0.0,0.0
74700,4397,2294,0.5217193541050716,1088,889,0.4496247441437344,1209,0.5499204002729133,0.43,3.0061816452686636,3.1233113089136317,6.6400679117147705,2.2142057168065397,8381.71039345008,506.22172274624137,7853.0,8866.4,8866.399999999998,1.8189894035458565e-12,7853.0,0.0,28.250170570843757,21.000735403977227,33.182653336935964,19.226831303508728,0.13759381396406642,0.0998408005458267,0.08915169433704799,0.08687741642028655,0.07709802137821242,0.07687059358653628,0.07618831021150785,0.06231521491926313,0.05640209233568342,0.05003411416875142,0.043211280418467134,0.046850125085285424,0.03161246304298385,0.027518762792813282,0.02092335683420514,0.010006822833750284,0.007505117125312713,0.824964026605538,0.03359882766231616,0.0,0.0,0.0,0.0,0.0,0.0,0.0,0.0,0.0,0.0,0.0,0.0,0.0,0.0,0.0,0.0,0.0,0.0,0.0,0.020468501250852856,0.07505117125312714,0.17739367750739146,0.8323857175346829,4.516715942688182,13.093017966795546,8.624061860359337,2.1355469638389817,0.3684330225153515,0.10916534000454858,0.047759836251990005,4.250446588067167,2.94691856441304,4.25,2.832107577994405,0.999894931495335,4.279202279202279,2.94785555193848,4.224896836313618,2.940896327089541,0.9873094471012517,0.4019,0.01225,0.0,0.0,0.0,0.0,0.0,0.0,0.0,0.0,0.0,0.0,0.07505117125312714,13.140777803047515,16.63406868319309,0.1501023425062543,0.0,0.0,0.0,0.0,0.0,0.0,0.0,0.0,0.0,0.0,0.0,0.0,0.0,0.0,0.0,0.0,nan,nan,4.250437215809724,2.9445550887497656,nan,0.4019,0.0648,0.0,0.0,0.0,0.0,0.0,0.0,0.0,0.0,0.0,0.0,0.0,0.0,0.0,0.0,0.0,0.0,0.0,0.0,0.0,0.0,0.0,0.0,0.0003411416875142142,0.004571298612690471,0.003923129406413464,0.0003297702979304071,0.021685239936320218,0.001375938139640664,0.010052308392085513,0.009142597225380942,0.02816693199909029,0.0382192403911758,0.032556288378439845,0.017193541050716396,0.023607004775983625,0.027632476688651354,0.05578803729815784,0.03935637934955651,0.06104161928587674,0.07559699795314988,0.06506709119854447,0.07979304070957471,0.06661360018194223,0.06897884921537412,0.04491698885603821,0.022481237207186717,0.01781896747782579,0.05966568114623607,0.01591994541733,0.02047987264043666,0.021673868546736412,0.013725267227655219,0.023777575619740733,0.01062087787127587,0.005879008414828292,0.0045030702751876275,0.006277007050261542,0.0008642256083693427,0.0001364566750056857,0.0,4.5485558335228565e-05,0.00018194223334091426,0.0,0.0,0.0,0.0,0.0,0.0,0.0,0.0,0.0,0.0,0.0,0.0,0.0,0.0,0.0,0.0,0.0,0.0,0.0,0.0,0.0,0.0,0.0,0.0,0.0,0.0,0.0,0.0,0.0,0.0,0.0,0.0,0.0,0.0,0.0,0.0,0.0,0.0,0.0,nan,nan,4.250437215809724,2.9445550887497656,nan,0.8256812860577025,0.034337344435130354,0.0,0.0,0.0,0.0,0.0,0.0,0.0,0.0,0.0,0.0,0.0,0.0,0.0,0.0,0.0,0.0,0.0,0.0,0.0,0.02615518744551003,0.06538796861377508,0.19616390584132526,0.836965998256321,4.4333042720139355,12.98605056669573,8.644289450741065,2.1316477768090674,0.4838709677419356,0.14385353095030518,0.05231037489102006,0.8241816237604284,0.032756360057485445,0.0,0.0,0.0,0.0,0.0,0.0,0.0,0.0,0.0,0.0,0.0,0.0,0.0,0.0,0.0,0.0,0.0,0.0,0.0,0.014265335235378035,0.0855920114122682,0.15691868758915836,0.827389443651926,4.6077032810270895,13.20970042796006,8.601997146932955,2.139800285306705,0.24251069900142658,0.07132667617689017,0.0427960057061341,0.402,0.01196,0.0,0.0,0.0,0.0,0.0,0.0,0.0,0.0,0.0,0.0,0.07846556233653008,13.025283347863974,16.778552746294686,0.11769834350479515,0.0,0.0,0.0,0.0,0.0,0.0,0.0,0.0,0.0,0.0,0.0,0.0,0.0,0.0,0.0,0.0,0.4016,0.01256,0.0,0.0,0.0,0.0,0.0,0.0,0.0,0.0,0.0,0.0,0.07132667617689017,13.26676176890155,16.47646219686163,0.18544935805991447,0.0,0.0,0.0,0.0,0.0,0.0,0.0,0.0,0.0,0.0,0.0,0.0,0.0,0.0,0.0,0.0
74800,4644,2405,0.5178725236864772,1164,925,0.44982773471145565,1293,0.5568475452196382,0.418,3.0223313979455115,3.1403725730112737,6.558421851289833,2.169767705280711,8377.812015503876,506.37618910686075,7853.0,8866.4,8866.399999999998,1.8189894035458565e-12,7853.0,0.0,28.507321274763136,21.05589517433857,33.437835077865714,19.22982292089348,0.13824289405684753,0.09388458225667529,0.08936261843238587,0.08376399655469423,0.08053402239448751,0.0822566752799311,0.06546080964685616,0.06675279931093885,0.053402239448751075,0.05512489233419466,0.0512489233419466,0.03983634797588286,0.037037037037037035,0.025193798449612403,0.01808785529715762,0.012489233419465978,0.007321274763135229,0.8254499603945258,0.03345839538041331,0.0,0.0,0.0,0.0,0.0,0.0,0.0,0.0,0.0,0.0,0.0,0.0,0.0,0.0,0.0,0.0,0.0,0.0,0.0,0.0,0.04521963824289407,0.22609819121447033,0.8074935400516798,4.644702842377247,12.687338501291993,8.985788113695092,1.976744186046512,0.46511627906976755,0.14857881136950907,0.012919896640826876,4.191858525191859,2.9192606139003927,3.982142857142857,2.9790403022532237,0.9499707190047872,4.252275682704812,2.950184256782369,4.122772277227723,2.888598773719721,0.9695449177945317,0.4023,0.012405,0.0,0.0,0.0,0.0,0.0,0.0,0.0,0.0,0.0,0.0,0.05813953488372094,12.480620155038743,17.260981912144707,0.20025839793281658,0.0,0.0,0.0,0.0,0.0,0.0,0.0,0.0,0.0,0.0,0.0,0.0,0.0,0.0,0.0,0.0,nan,nan,4.188011791680315,2.920503729595445,nan,0.4023,0.06525,0.0,0.0,0.0,0.0,0.0,0.0,0.0,0.0,0.0,0.0,0.0,0.0,0.0,0.0,0.0,0.0,0.0,0.0,0.0,0.0,3.229974160206718e-05,0.0,0.0001722652885443583,0.004941860465116279,0.004231266149870801,0.0005275624461670974,0.022179155900086133,0.0017549526270456504,0.010874246339362618,0.007827304048234281,0.02723944875107666,0.03722006890611542,0.03226744186046512,0.01911068044788975,0.022222222222222223,0.026044358311800173,0.05283161068044789,0.04003014642549526,0.06133720930232558,0.07881136950904392,0.06676356589147286,0.07800387596899225,0.06472868217054263,0.06758182601205857,0.044939707149009474,0.02180232558139535,0.019347545219638242,0.05979758828596038,0.014900947459086994,0.021856158484065462,0.023255813953488372,0.014190353143841516,0.022835917312661498,0.011401808785529715,0.00642764857881137,0.005049526270456503,0.00642764857881137,0.0006890611541774332,0.0,0.0,8.613264427217915e-05,0.00025839793281653745,0.0,0.0,0.0,0.0,0.0,0.0,0.0,0.0,0.0,0.0,0.0,0.0,0.0,0.0,0.0,0.0,0.0,0.0,0.0,0.0,0.0,0.0,0.0,0.0,0.0,0.0,0.0,0.0,0.0,0.0,0.0,0.0,0.0,0.0,0.0,0.0,0.0,0.0,0.0,nan,nan,4.188011791680315,2.920503729595445,nan,0.8246380625296531,0.03352556314929709,0.0,0.0,0.0,0.0,0.0,0.0,0.0,0.0,0.0,0.0,0.0,0.0,0.0,0.0,0.0,0.0,0.0,0.0,0.0,0.0,0.06237006237006238,0.22453222453222457,0.9106029106029108,4.802494802494787,12.636174636174639,8.831600831600833,1.9584199584199589,0.44906444906444914,0.11226611226611229,0.012474012474012476,0.8263220525629129,0.033364095894144616,0.0,0.0,0.0,0.0,0.0,0.0,0.0,0.0,0.0,0.0,0.0,0.0,0.0,0.0,0.0,0.0,0.0,0.0,0.0,0.0,0.02679767753461367,0.22778025904421623,0.6967396158999556,4.475212148280469,12.742295667708802,9.151406878070569,1.9964269763287186,0.4823581956230461,0.18758374274229572,0.013398838767306836,0.402,0.01225,0.0,0.0,0.0,0.0,0.0,0.0,0.0,0.0,0.0,0.0,0.03742203742203743,12.54885654885653,17.264033264033266,0.14968814968814972,0.0,0.0,0.0,0.0,0.0,0.0,0.0,0.0,0.0,0.0,0.0,0.0,0.0,0.0,0.0,0.0,0.4023,0.01257,0.0,0.0,0.0,0.0,0.0,0.0,0.0,0.0,0.0,0.0,0.08039303260384101,12.407324698526109,17.257704332291205,0.2545779365788299,0.0,0.0,0.0,0.0,0.0,0.0,0.0,0.0,0.0,0.0,0.0,0.0,0.0,0.0,0.0,0.0
74900,4701,2368,0.503722612210168,1092,987,0.44224633056796425,1341,0.570516911295469,0.426,2.9181311615945136,3.1058869377192067,6.5890625,2.186222283093316,8363.472495213786,506.68595626863566,7853.0,8866.4,8866.399999999998,1.8189894035458565e-12,7853.0,0.0,28.111678366305043,21.00699516226016,32.99469964664311,19.27032704614968,0.13805573282280365,0.09593703467347373,0.09955328653477984,0.08849181025313763,0.08317379281004042,0.06892150606253988,0.06615613699212933,0.061476281642203784,0.06083811954903212,0.04807487768559881,0.048500319081046586,0.041480536056158264,0.036375239310784936,0.025101042331418848,0.020846628376941078,0.012337800467985535,0.004679855349925548,0.8266997626932904,0.033966954568455575,0.0,0.0,0.0,0.0,0.0,0.0,0.0,0.0,0.0,0.0,0.0,0.0,0.0,0.0,0.0,0.0,0.0,0.0,0.0,0.0,0.012763241863433314,0.1659221442246331,0.9763880025526486,4.282067645181863,12.4888321633695,9.24058710912572,2.067645181876197,0.5552010210593492,0.17230376515634976,0.038289725590299944,4.279652522552623,2.844266736877128,4.804347826086956,3.090093323604035,1.1226023142695183,4.318421052631579,2.8244566560069657,4.258234519104084,2.8731151315195382,0.9860628380618842,0.4016,0.01177,0.0,0.0,0.0,0.0,0.0,0.0,0.0,0.0,0.0,0.0,0.05105296745373326,13.209955328653459,16.592214422463307,0.14677728142948313,0.0,0.0,0.0,0.0,0.0,0.0,0.0,0.0,0.0,0.0,0.0,0.0,0.0,0.0,0.0,0.0,nan,nan,4.28759460348799,2.8488662539201575,nan,0.4016,0.0655,0.0,0.0,0.0,0.0,0.0,0.0,0.0,0.0,0.0,0.0,0.0,0.0,0.0,0.0,0.0,0.0,0.0,0.0,0.0,0.0,2.1272069772388854e-05,1.0636034886194427e-05,0.00019144862795149968,0.0060731759200170175,0.005243565198893852,0.0002339927674962774,0.022548393958732184,0.0024781961284833015,0.011635822165496704,0.005605190385024463,0.028047223994894704,0.03633269517124016,0.033046160391406086,0.018325888108913,0.021272069772388852,0.027866411401829397,0.053031269942565414,0.041172091044458625,0.05937034673473729,0.07954690491384812,0.06781535843437567,0.07702616464582004,0.06482663263135503,0.06882578174856413,0.04586258242927037,0.020527547330355243,0.019836205062752604,0.056636885768985325,0.014433099340565837,0.022644118272707934,0.022952563284407573,0.013869389491597533,0.02275047862156988,0.01179536268878962,0.006509253350350989,0.004403318442884493,0.006360348861944267,0.0006594341629440545,0.0,0.0,7.445224420336098e-05,0.00012763241863433312,1.0636034886194427e-05,0.0,0.0,0.0,0.0,0.0,0.0,0.0,0.0,0.0,0.0,0.0,0.0,0.0,0.0,0.0,0.0,0.0,0.0,0.0,0.0,0.0,0.0,0.0,0.0,0.0,0.0,0.0,0.0,0.0,0.0,0.0,0.0,0.0,0.0,0.0,0.0,0.0,0.0,nan,nan,4.28759460348799,2.8488662539201575,nan,0.8259607047295651,0.033020912992334873,0.0,0.0,0.0,0.0,0.0,0.0,0.0,0.0,0.0,0.0,0.0,0.0,0.0,0.0,0.0,0.0,0.0,0.0,0.0,0.0,0.025337837837837843,0.20270270270270274,0.8868243243243246,4.1427364864864735,12.947635135135139,9.298986486486488,1.925675675675676,0.3547297297297298,0.20270270270270274,0.012668918918918921,0.8274499081103933,0.03488496706045324,0.0,0.0,0.0,0.0,0.0,0.0,0.0,0.0,0.0,0.0,0.0,0.0,0.0,0.0,0.0,0.0,0.0,0.0,0.0,0.0,0.0,0.128589798542649,1.0672953279039865,4.423489069867109,12.02314616373768,9.181311615945136,2.2117445349335623,0.758679811401629,0.14144877839691386,0.0642948992713245,0.4016,0.01176,0.0,0.0,0.0,0.0,0.0,0.0,0.0,0.0,0.0,0.0,0.038006756756756764,13.302364864864847,16.494932432432435,0.164695945945946,0.0,0.0,0.0,0.0,0.0,0.0,0.0,0.0,0.0,0.0,0.0,0.0,0.0,0.0,0.0,0.0,0.4016,0.01179,0.0,0.0,0.0,0.0,0.0,0.0,0.0,0.0,0.0,0.0,0.0642948992713245,13.116159451350175,16.690955850835838,0.128589798542649,0.0,0.0,0.0,0.0,0.0,0.0,0.0,0.0,0.0,0.0,0.0,0.0,0.0,0.0,0.0,0.0
75000,4871,2473,0.5076986245124204,1141,989,0.43728187230548143,1385,0.5686717306507904,0.39799999999999996,2.979566305254379,3.071567718979323,6.529581529581529,2.0627401530196727,8367.501786080888,506.6399334181504,7853.0,8866.4,8866.399999999998,1.8189894035458565e-12,7853.0,0.0,28.08088688154383,21.191679449329136,33.1626195732156,19.429862186148277,0.14350236091151714,0.10223773352494354,0.09402586737836173,0.08191336481215356,0.0739067953192363,0.07472798193389447,0.07123793882159721,0.06405255594333813,0.05276123999178813,0.05296653664545268,0.051529460069800866,0.03880106754259906,0.03223157462533361,0.02525148840073907,0.019913775405460892,0.014576062410182713,0.006364196263600903,0.8257226872874882,0.033288750063759164,0.0,0.0,0.0,0.0,0.0,0.0,0.0,0.0,0.0,0.0,0.0,0.0,0.0,0.0,0.0,0.0,0.0,0.0,0.0,0.01231779921987272,0.03695339765961815,0.2094025867378362,0.9299938411003903,4.539109012523082,12.453295011291319,9.022787928556767,2.278792855676453,0.4372818723054815,0.05543009648942723,0.02463559843974544,4.380438338240105,2.8786690381180584,4.419354838709677,2.537133174482024,1.008884156667574,4.420373952288846,2.808745229359168,4.336949585194639,2.926028105062011,0.981127305518799,0.4014,0.011894,0.0,0.0,0.0,0.0,0.0,0.0,0.0,0.0,0.0,0.0,0.08006569492917268,13.26011086019296,16.54280435228906,0.11701909258879083,0.0,0.0,0.0,0.0,0.0,0.0,0.0,0.0,0.0,0.0,0.0,0.0,0.0,0.0,0.0,0.0,nan,nan,4.381211926899647,2.8722807103926082,nan,0.4014,0.0657,0.0,0.0,0.0,0.0,0.0,0.0,0.0,0.0,0.0,0.0,0.0,0.0,0.0,0.0,0.0,0.0,0.0,0.0,0.0,2.0529665366454526e-05,1.0264832683227263e-05,0.0,0.00021556148634777254,0.006661876411414494,0.004670498870868405,0.0004927119687949086,0.02513857524122357,0.0024327653459248616,0.012050913570108807,0.0051118866762471776,0.027971669061794293,0.032426606446314926,0.03466433997125847,0.01766577704783412,0.020909464175733937,0.02836173270375693,0.05250461917470745,0.039519605830424964,0.06140422911106549,0.0806097310613837,0.06966741942106344,0.0749230137548758,0.0672449189078218,0.06904126462738658,0.043451036748101,0.019061794292753027,0.020847875179634573,0.05640525559433381,0.015879696160952576,0.021207144323547526,0.022438924245534796,0.012440977212071443,0.02359885033873948,0.012553890371586943,0.007103264216793266,0.004146992404023815,0.006764524738246767,0.0003079449804968179,0.0,0.0,3.079449804968179e-05,4.105933073290905e-05,0.0,0.0,0.0,0.0,0.0,0.0,0.0,0.0,0.0,0.0,0.0,0.0,0.0,0.0,0.0,0.0,0.0,0.0,0.0,0.0,0.0,0.0,0.0,0.0,0.0,0.0,0.0,0.0,0.0,0.0,0.0,0.0,0.0,0.0,0.0,0.0,0.0,0.0,0.0,nan,nan,4.381211926899647,2.8722807103926082,nan,0.8265177846870777,0.03287821105924151,0.0,0.0,0.0,0.0,0.0,0.0,0.0,0.0,0.0,0.0,0.0,0.0,0.0,0.0,0.0,0.0,0.0,0.0,0.0,0.012131014961585123,0.036393044884755366,0.18196522442377683,0.8491710473109585,4.3914274160938,12.373635260816824,9.365143550343713,2.2442377678932472,0.4488475535786495,0.07278608976951073,0.024262029923170246,0.8249027223712311,0.03368724226483438,0.0,0.0,0.0,0.0,0.0,0.0,0.0,0.0,0.0,0.0,0.0,0.0,0.0,0.0,0.0,0.0,0.0,0.0,0.0,0.012510425354462054,0.03753127606338616,0.23769808173477902,1.0133444537114265,4.691409507923255,12.53544620517098,8.669724770642203,2.31442869057548,0.42535446205170985,0.03753127606338616,0.025020850708924108,0.4011,0.01178,0.0,0.0,0.0,0.0,0.0,0.0,0.0,0.0,0.0,0.0,0.07278608976951073,13.72017792155275,16.10998786898504,0.09704811969268098,0.0,0.0,0.0,0.0,0.0,0.0,0.0,0.0,0.0,0.0,0.0,0.0,0.0,0.0,0.0,0.0,0.4019,0.01199,0.0,0.0,0.0,0.0,0.0,0.0,0.0,0.0,0.0,0.0,0.08757297748123438,12.785654712260198,16.98915763135947,0.1376146788990826,0.0,0.0,0.0,0.0,0.0,0.0,0.0,0.0,0.0,0.0,0.0,0.0,0.0,0.0,0.0,0.0
75100,5014,2547,0.5079776625448743,1210,1013,0.4433585959313921,1441,0.574790586358197,0.37399999999999994,2.918929874341305,2.996538062954551,6.378873239436619,2.031818410772551,8367.784563222975,506.6354999775416,7853.0,8866.4,8866.4,0.0,7853.0,0.0,28.59872357399282,21.01245965317438,33.41984912776992,19.24367459589568,0.13242919824491425,0.09772636617471081,0.09473474272038293,0.08077383326685281,0.07618667730355005,0.08197048264858396,0.07080175508575987,0.06082967690466693,0.05863581970482649,0.05285201435979258,0.04806541683286797,0.04427602712405265,0.03809333865177503,0.02512963701635421,0.01994415636218588,0.010769844435580374,0.006781013163143199,0.8254750056907766,0.034381622850993505,0.0,0.0,0.0,0.0,0.0,0.0,0.0,0.0,0.0,0.0,0.0,0.0,0.0,0.0,0.0,0.0,0.0,0.0,0.0,0.0,0.06581571599521341,0.17949740725967295,0.9692859992022339,4.666932588751481,12.552852014359795,8.591942560829679,2.2676505783805347,0.5205424810530516,0.16154766653370567,0.023932987634623062,4.268666041861918,2.7893304998333295,4.424242424242424,2.8180188939545867,1.0364461358313817,4.363247863247863,2.7950841551356382,4.179864947820749,2.7818471865580006,0.957971006650397,0.4006,0.01191,0.0,0.0,0.0,0.0,0.0,0.0,0.0,0.0,0.0,0.0,0.06581571599521341,14.437574790586337,15.412844036697251,0.08376545672118071,0.0,0.0,0.0,0.0,0.0,0.0,0.0,0.0,0.0,0.0,0.0,0.0,0.0,0.0,0.0,0.0,nan,nan,4.271808999081727,2.789998843041639,nan,0.4006,0.0657,0.0,0.0,0.0,0.0,0.0,0.0,0.0,0.0,0.0,0.0,0.0,0.0,0.0,0.0,0.0,0.0,0.0,0.0,0.0,0.0,1.9944156362185878e-05,0.0,0.0002792181890706023,0.008466294375747906,0.004716792979656961,0.00046868767451136817,0.0248603909054647,0.0018747506980454727,0.011059034702832071,0.004736737136019146,0.029467491025129636,0.03301755085759872,0.03452333466294376,0.01716194654966095,0.0225967291583566,0.029457518946948542,0.05322098125249302,0.03965895492620662,0.06177702433187076,0.07974670921420024,0.0693358595931392,0.07548863183087355,0.06662345432788193,0.07009373753490228,0.041832867969684884,0.017949740725967292,0.02120063821300359,0.05544475468687674,0.01634423613881133,0.021818907060231353,0.021150777822098125,0.013173115277223773,0.024072596729158357,0.011418029517351417,0.006292381332269645,0.004577183885121659,0.005763861188671719,0.0002991623454327882,0.0,9.972078181092939e-06,0.0,0.0,0.0,0.0,0.0,0.0,0.0,0.0,0.0,0.0,0.0,0.0,0.0,0.0,0.0,0.0,0.0,0.0,0.0,0.0,0.0,0.0,0.0,0.0,0.0,0.0,0.0,0.0,0.0,0.0,0.0,0.0,0.0,0.0,0.0,0.0,0.0,0.0,0.0,0.0,0.0,nan,nan,4.271808999081727,2.789998843041639,nan,0.8248180478378329,0.033853626276111874,0.0,0.0,0.0,0.0,0.0,0.0,0.0,0.0,0.0,0.0,0.0,0.0,0.0,0.0,0.0,0.0,0.0,0.0,0.0,0.0,0.07067137809187281,0.176678445229682,0.9540636042402829,4.570082449941093,12.944640753828036,8.480565371024737,2.1554770318021204,0.5064782096584217,0.12956419316843348,0.011778563015312134,0.8261532674059966,0.03490539580716108,0.0,0.0,0.0,0.0,0.0,0.0,0.0,0.0,0.0,0.0,0.0,0.0,0.0,0.0,0.0,0.0,0.0,0.0,0.0,0.0,0.06080259424402109,0.1824077827320633,0.9850020267531416,4.766923388731238,12.148358329955414,8.70693149574382,2.383461694365627,0.5350628293473856,0.1945683015808675,0.03648155654641265,0.4006,0.01176,0.0,0.0,0.0,0.0,0.0,0.0,0.0,0.0,0.0,0.0,0.07067137809187281,14.47585394581859,15.335689045936398,0.11778563015312134,0.0,0.0,0.0,0.0,0.0,0.0,0.0,0.0,0.0,0.0,0.0,0.0,0.0,0.0,0.0,0.0,0.4006,0.01206,0.0,0.0,0.0,0.0,0.0,0.0,0.0,0.0,0.0,0.0,0.06080259424402109,14.39805431698417,15.492501013376573,0.04864207539521687,0.0,0.0,0.0,0.0,0.0,0.0,0.0,0.0,0.0,0.0,0.0,0.0,0.0,0.0,0.0,0.0
75200,4649,2371,0.5100021510002151,1129,980,0.4536459453645945,1321,0.5682942568294257,0.41,2.9350307287093944,3.076175446326151,6.471698113207547,2.2572352453586935,8369.836179823618,506.59860625408663,7853.0,8866.4,8866.399999999998,1.8189894035458565e-12,7853.0,0.0,28.29640782964078,20.87654124107513,33.13470842882607,19.095965675449893,0.13615831361583136,0.09184770918477092,0.09593460959346096,0.08776080877608088,0.07894170789417079,0.07356420735642073,0.07420950742095074,0.06926220692622069,0.055710905571090555,0.048397504839750485,0.050763605076360505,0.042374704237470424,0.03097440309744031,0.02688750268875027,0.019574101957410196,0.011185201118520113,0.006453000645300065,0.8255668548543778,0.03381686375594075,0.0,0.0,0.0,0.0,0.0,0.0,0.0,0.0,0.0,0.0,0.0,0.0,0.0,0.0,0.0,0.0,0.0,0.0,0.0,0.0,0.05162400516240053,0.20649602064960212,0.9550440955044097,4.704237470423732,12.260701226070125,8.911593891159391,2.3359862335986237,0.4323510432351044,0.10970101097010113,0.032265003226500326,4.203796203796204,2.877755623802789,3.673469387755102,2.4360201324696775,0.8738457360130365,4.176508760545101,2.880486567648955,4.211920529801325,2.86242908821777,1.0084787968340336,0.4006,0.01163,0.0,0.0,0.0,0.0,0.0,0.0,0.0,0.0,0.0,0.0,0.04517100451710047,14.351473435147321,15.564637556463758,0.0387180038718004,0.0,0.0,0.0,0.0,0.0,0.0,0.0,0.0,0.0,0.0,0.0,0.0,0.0,0.0,0.0,0.0,nan,nan,4.195281782437745,2.871973993468078,nan,0.4006,0.06586,0.0,0.0,0.0,0.0,0.0,0.0,0.0,0.0,0.0,0.0,0.0,0.0,0.0,0.0,0.0,0.0,0.0,0.0,0.0,0.0,6.453000645300064e-05,0.0,0.0003118950311895031,0.0077758657775865775,0.005581845558184556,0.0005700150570015057,0.025586147558614755,0.0021725102172510218,0.011507851150785115,0.005366745536674554,0.028199612819961282,0.03188857818885782,0.03545923854592385,0.016476661647666164,0.019359001935900195,0.031135728113572812,0.05485050548505055,0.03949236394923639,0.0596042159604216,0.08258765325876533,0.0693805119380512,0.07173585717358572,0.06421811142181114,0.07230587223058722,0.04228866422886642,0.01896106689610669,0.022510217251021727,0.05501183050118305,0.01585287158528716,0.023284577328457734,0.02114433211443321,0.013648096364809636,0.022359647235964723,0.013346956334695634,0.006184125618412562,0.003807270380727038,0.005549580554958055,0.0004086900408690041,1.0755001075500108e-05,0.0,0.0,0.0,0.0,0.0,0.0,0.0,0.0,0.0,0.0,0.0,0.0,0.0,0.0,0.0,0.0,0.0,0.0,0.0,0.0,0.0,0.0,0.0,0.0,0.0,0.0,0.0,0.0,0.0,0.0,0.0,0.0,0.0,0.0,0.0,0.0,0.0,0.0,0.0,0.0,0.0,0.0,nan,nan,4.195281782437745,2.871973993468078,nan,0.8263340844780219,0.03367414707579888,0.0,0.0,0.0,0.0,0.0,0.0,0.0,0.0,0.0,0.0,0.0,0.0,0.0,0.0,0.0,0.0,0.0,0.0,0.0,0.0,0.0506115563053564,0.2277520033741038,0.9110080134964152,4.453816954871349,12.172079291438214,9.13538591311683,2.4926191480388025,0.4428511176718685,0.0759173344580346,0.0379586672290173,0.8247683028624286,0.033946358305574395,0.0,0.0,0.0,0.0,0.0,0.0,0.0,0.0,0.0,0.0,0.0,0.0,0.0,0.0,0.0,0.0,0.0,0.0,0.0,0.0,0.05267778753292363,0.18437225636523272,1.0008779631255489,4.964881474978036,12.352941176470592,8.678665496049167,2.1729587357330997,0.42142230026338906,0.14486391571553997,0.026338893766461816,0.4004,0.01162,0.0,0.0,0.0,0.0,0.0,0.0,0.0,0.0,0.0,0.0,0.0506115563053564,14.512863770560923,15.411218894981024,0.0253057781526782,0.0,0.0,0.0,0.0,0.0,0.0,0.0,0.0,0.0,0.0,0.0,0.0,0.0,0.0,0.0,0.0,0.4011,0.01163,0.0,0.0,0.0,0.0,0.0,0.0,0.0,0.0,0.0,0.0,0.03950834064969272,14.183494293239663,15.724319578577703,0.05267778753292363,0.0,0.0,0.0,0.0,0.0,0.0,0.0,0.0,0.0,0.0,0.0,0.0,0.0,0.0,0.0,0.0
75300,4461,2342,0.5249943958753642,1124,910,0.45595158036314726,1238,0.5550325039228873,0.426,3.0811703633789524,3.116431713448333,6.5293185419968305,2.2004205069139213,8385.029320780093,506.0665129296927,7853.0,8866.4,8866.4,0.0,7853.0,0.0,28.543600089665993,21.000340353250905,33.334920634920636,19.222933217946675,0.134050661286707,0.09145931405514458,0.09527011880744228,0.08316520959426138,0.08451019950683704,0.07576776507509526,0.07150863035193902,0.06299036090562654,0.05850706119704102,0.05379959650302623,0.04640215198386012,0.04214301726070388,0.03676305761040125,0.024658148397220355,0.019054023761488455,0.0121049092131809,0.007845774490024658,0.8254530713633554,0.0345820700953901,0.0,0.0,0.0,0.0,0.0,0.0,0.0,0.0,0.0,0.0,0.0,0.0,0.0,0.0,0.0,0.0,0.0,0.0,0.0,0.01344989912575656,0.0336247478143914,0.22192333557498323,1.0759919300605247,4.498991257565554,12.488231338264967,8.708809683927372,2.313382649630128,0.504371217215871,0.11432414256893075,0.02689979825151312,4.178434782608695,2.9065122057662913,4.363636363636363,2.7778145084807537,1.0443231953262753,4.136394790952707,2.8609370048972917,4.224848075624578,2.943093586475901,1.0213841495171931,0.4016,0.01214,0.0,0.0,0.0,0.0,0.0,0.0,0.0,0.0,0.0,0.0,0.05379959650302624,12.999327505043693,16.866173503698725,0.08069939475453936,0.0,0.0,0.0,0.0,0.0,0.0,0.0,0.0,0.0,0.0,0.0,0.0,0.0,0.0,0.0,0.0,nan,nan,4.182590955457328,2.903816191197531,nan,0.4016,0.06525,0.0,0.0,0.0,0.0,0.0,0.0,0.0,0.0,0.0,0.0,0.0,0.0,0.0,0.0,0.0,0.0,0.0,0.0,0.0,1.1208249271463798e-05,3.362474781439139e-05,0.0,6.724949562878279e-05,0.007823357991481731,0.0049428379287155344,0.0010311589329746694,0.023122618247029814,0.0020511096166778747,0.011297915265635507,0.005279085406859448,0.026888590002241648,0.031125308226854966,0.03553015019054024,0.017978031831427932,0.01847119479937234,0.029242322349249047,0.05447209145931405,0.03760367630576104,0.06129791526563551,0.08357991481730553,0.06866173503698722,0.07063438690876485,0.0632817753866846,0.07580138982290967,0.04289396996189195,0.022248374803855636,0.024030486438018382,0.05468504819547187,0.017697825599641337,0.023077785249943958,0.021912127325711725,0.01337144138085631,0.02186729432862587,0.012508406186953598,0.006377493835462901,0.0032503922887245013,0.0056489576328177535,0.00017933198834342077,0.0,1.1208249271463798e-05,1.1208249271463798e-05,0.0,0.0,0.0,0.0,0.0,0.0,0.0,0.0,0.0,0.0,0.0,0.0,0.0,0.0,0.0,0.0,0.0,0.0,0.0,0.0,0.0,0.0,0.0,0.0,0.0,0.0,0.0,0.0,0.0,0.0,0.0,0.0,0.0,0.0,0.0,0.0,0.0,0.0,0.0,0.0,nan,nan,4.182590955457328,2.903816191197531,nan,0.8258678370006669,0.03435866458603352,0.0,0.0,0.0,0.0,0.0,0.0,0.0,0.0,0.0,0.0,0.0,0.0,0.0,0.0,0.0,0.0,0.0,0.0,0.0,0.0,0.03842869342442357,0.23057216054654148,1.0375747224594365,4.4833475661827356,12.361229718189584,8.851409052092231,2.33134073441503,0.5123825789923143,0.14090520922288644,0.01280956447480786,0.8249946564871953,0.03482157214039818,0.0,0.0,0.0,0.0,0.0,0.0,0.0,0.0,0.0,0.0,0.0,0.0,0.0,0.0,0.0,0.0,0.0,0.0,0.0,0.028315243039169425,0.028315243039169425,0.2123643227937707,1.1184521000471923,4.516281264747509,12.628598395469565,8.551203397829166,2.2935346861727233,0.49551675318546495,0.08494572911750828,0.04247286455875414,0.4019,0.01217,0.0,0.0,0.0,0.0,0.0,0.0,0.0,0.0,0.0,0.0,0.05123825789923144,12.783945345858223,17.062339880444068,0.10247651579846288,0.0,0.0,0.0,0.0,0.0,0.0,0.0,0.0,0.0,0.0,0.0,0.0,0.0,0.0,0.0,0.0,0.4016,0.01211,0.0,0.0,0.0,0.0,0.0,0.0,0.0,0.0,0.0,0.0,0.05663048607833885,13.237376120811685,16.649362907031623,0.05663048607833885,0.0,0.0,0.0,0.0,0.0,0.0,0.0,0.0,0.0,0.0,0.0,0.0,0.0,0.0,0.0,0.0
75400,4554,2336,0.512955643390426,1094,940,0.44664031620553357,1278,0.5612648221343873,0.414,3.0072137060414788,3.2105189895814634,6.951013513513513,2.1551240761499484,8372.829249011857,506.5298735715244,7853.0,8866.4,8866.4,0.0,7853.0,0.0,27.691040843214758,20.90877930260372,32.662034609334036,19.217146814128828,0.13877909530083443,0.10562143170838822,0.09683794466403162,0.08432147562582346,0.08432147562582346,0.07246376811594203,0.06499780412823891,0.06389986824769434,0.05753184014053579,0.05533596837944664,0.04194115063680281,0.03689064558629776,0.036231884057971016,0.025472112428634168,0.018225735617039964,0.009442248572683356,0.007685551163812033,0.8264954759459984,0.03488881607927675,0.0,0.0,0.0,0.0,0.0,0.0,0.0,0.0,0.0,0.0,0.0,0.0,0.0,0.0,0.0,0.0,0.0,0.0,0.0,0.006587615283267459,0.046113306982872214,0.1778656126482214,0.9617918313570489,4.584980237154136,12.094861660079054,9.011857707509883,2.38471673254282,0.5138339920948618,0.158102766798419,0.059288537549407126,4.3703185159257965,2.951610857461629,3.981132075471698,3.1771030238356297,0.9109478087155727,4.397902097902098,3.0128621369305044,4.3297297297297295,2.9002669835038684,0.9844988890942141,0.4011,0.01199,0.0,0.0,0.0,0.0,0.0,0.0,0.0,0.0,0.0,0.0,0.03952569169960475,13.926218708827383,15.955204216073785,0.0790513833992095,0.0,0.0,0.0,0.0,0.0,0.0,0.0,0.0,0.0,0.0,0.0,0.0,0.0,0.0,0.0,0.0,nan,nan,4.363230240549828,2.956329666696872,nan,0.4011,0.06537,0.0,0.0,0.0,0.0,0.0,0.0,0.0,0.0,0.0,0.0,0.0,0.0,0.0,0.0,0.0,7.685551163812033e-05,0.0,4.391743522178305e-05,0.0,0.0,1.0979358805445763e-05,1.0979358805445763e-05,3.293807641633728e-05,0.008761528326745718,0.004929732103645147,0.0012296881862099253,0.024253403601229687,0.0027338603425559947,0.010617039964866052,0.005533596837944664,0.028107158541941152,0.02901844532279315,0.03689064558629776,0.017742643829600353,0.018258673693456302,0.027448397013614404,0.05329380764163373,0.035408432147562584,0.06284584980237154,0.08410188844971454,0.07153052261747914,0.07015810276679842,0.06380105401844532,0.08013833992094861,0.040590689503732985,0.022112428634167763,0.02507685551163812,0.0520641194554238,0.017314448836187966,0.023407992973210365,0.021859903381642513,0.01352657004830918,0.019729907773386034,0.011747913921826966,0.005555555555555556,0.0030742204655248135,0.006653491436100132,0.000230566534914361,1.0979358805445763e-05,0.0,0.0,6.587615283267457e-05,0.0,0.0,0.0,0.0,0.0,0.0,0.0,0.0,0.0,0.0,0.0,0.0,0.0,0.0,0.0,0.0,0.0,0.0,0.0,0.0,0.0,0.0,0.0,0.0,0.0,0.0,0.0,0.0,0.0,0.0,0.0,0.0,0.0,0.0,0.0,0.0,0.0,0.0,0.0,nan,nan,4.363230240549828,2.956329666696872,nan,0.8266553650929095,0.03490948959488618,0.0,0.0,0.0,0.0,0.0,0.0,0.0,0.0,0.0,0.0,0.0,0.0,0.0,0.0,0.0,0.0,0.0,0.0,0.0,0.01284246575342466,0.05136986301369864,0.11558219178082194,0.8989726027397262,4.944349315068478,11.750856164383565,9.028253424657535,2.4785958904109595,0.4751712328767124,0.20547945205479456,0.03852739726027398,0.8263270805234625,0.03486623669869057,0.0,0.0,0.0,0.0,0.0,0.0,0.0,0.0,0.0,0.0,0.0,0.0,0.0,0.0,0.0,0.0,0.0,0.0,0.0,0.0,0.04057709648331831,0.24346257889990988,1.0279531109107305,4.206492335437318,12.457168620378722,8.994589720468893,2.2858431018935983,0.5545536519386836,0.10820559062218217,0.08115419296663662,0.4011,0.01209,0.0,0.0,0.0,0.0,0.0,0.0,0.0,0.0,0.0,0.0,0.03852739726027398,13.857020547945185,16.027397260273975,0.07705479452054796,0.0,0.0,0.0,0.0,0.0,0.0,0.0,0.0,0.0,0.0,0.0,0.0,0.0,0.0,0.0,0.0,0.4011,0.011894,0.0,0.0,0.0,0.0,0.0,0.0,0.0,0.0,0.0,0.0,0.04057709648331831,13.999098286744795,15.879170423805233,0.08115419296663662,0.0,0.0,0.0,0.0,0.0,0.0,0.0,0.0,0.0,0.0,0.0,0.0,0.0,0.0,0.0,0.0
75500,4692,2468,0.526001705029838,1206,931,0.45545609548167093,1318,0.5618073316283035,0.414,2.944244604316547,3.06649085372777,6.397781299524564,2.248844356792306,8386.050127877239,506.01438789905274,7853.0,8866.4,8866.399999999998,1.8189894035458565e-12,7853.0,0.0,28.775575447570333,20.957466572710274,33.563709474742396,19.142765963357007,0.1293691389599318,0.09057971014492754,0.0973998294970162,0.0829070758738278,0.08375959079283887,0.07757885763000852,0.06947996589940324,0.06628303495311168,0.05349531116794544,0.05733162830349531,0.04880647911338448,0.03985507246376811,0.03580562659846547,0.03132992327365729,0.018115942028985508,0.0123614663256607,0.005541346973572037,0.8251723763989467,0.03427291559812152,0.0,0.0,0.0,0.0,0.0,0.0,0.0,0.0,0.0,0.0,0.0,0.0,0.0,0.0,0.0,0.0,0.0,0.0,0.0,0.0,0.08312020460358059,0.22378516624040926,1.0805626598465474,4.2902813299232605,12.647058823529415,9.124040920716114,1.8989769820971871,0.49232736572890035,0.13427109974424556,0.025575447570332487,4.108809993425378,2.9231322471246846,4.032258064516129,3.089878074301293,0.981368832087212,4.093187660668381,2.9393491870559907,4.1214470284237725,2.913610575948557,1.0069040000357026,0.4011,0.012184,0.0,0.0,0.0,0.0,0.0,0.0,0.0,0.0,0.0,0.0,0.044757033248081855,13.97698209718668,15.882352941176475,0.09590792838874683,0.0,0.0,0.0,0.0,0.0,0.0,0.0,0.0,0.0,0.0,0.0,0.0,0.0,0.0,0.0,0.0,nan,nan,4.107280927835052,2.926575455255913,nan,0.4011,0.0654,0.0,0.0,0.0,0.0,0.0,0.0,0.0,0.0,0.0,0.0,0.0,0.0,0.0,0.0,0.0,0.00024509803921568627,0.0,0.00010656436487638534,0.0,0.0,0.0,2.1312872975277067e-05,1.0656436487638533e-05,0.008908780903665814,0.004678175618073316,0.0011508951406649615,0.023806479113384484,0.002514919011082694,0.011295822676896846,0.0058397271952259164,0.02804774083546462,0.02638533674339301,0.03939684569479966,0.01734867860187553,0.019852941176470587,0.028495311167945438,0.0543691389599318,0.033237425404944586,0.06359761295822677,0.08272591645353794,0.0713235294117647,0.06739130434782609,0.06259590792838875,0.08264066496163683,0.0418691389599318,0.02355072463768116,0.02638533674339301,0.04964833759590793,0.01664535379369139,0.022154731457800513,0.022858056265984656,0.012670502983802217,0.02071611253196931,0.011295822676896846,0.005754475703324808,0.0037510656436487637,0.006404518329070759,0.00024509803921568627,1.0656436487638533e-05,1.0656436487638533e-05,0.0,4.262574595055413e-05,0.0,0.0,0.0,0.0,0.0,0.0,0.0,0.0,0.0,0.0,0.0,0.0,0.0,0.0,0.0,0.0,0.0,0.0,0.0,0.0,0.0,0.0,0.0,0.0,0.0,0.0,0.0,0.0,0.0,0.0,0.0,0.0,0.0,0.0,0.0,0.0,0.0,0.0,0.0,nan,nan,4.107280927835052,2.926575455255913,nan,0.8252766335947587,0.03365506760793069,0.0,0.0,0.0,0.0,0.0,0.0,0.0,0.0,0.0,0.0,0.0,0.0,0.0,0.0,0.0,0.0,0.0,0.0,0.0,0.0,0.09724473257698543,0.2309562398703404,0.9967585089141007,4.266612641815222,12.556726094003244,9.40842787682334,1.9084278768233391,0.4132901134521881,0.10940032414910861,0.012155591572123179,0.8250566809136661,0.03494540019768186,0.0,0.0,0.0,0.0,0.0,0.0,0.0,0.0,0.0,0.0,0.0,0.0,0.0,0.0,0.0,0.0,0.0,0.0,0.0,0.0,0.06744604316546764,0.21582733812949645,1.1735611510791368,4.3165467625899145,12.747302158273385,8.808453237410074,1.888489208633094,0.5800359712230216,0.16187050359712232,0.04046762589928058,0.4011,0.01219,0.0,0.0,0.0,0.0,0.0,0.0,0.0,0.0,0.0,0.0,0.036466774716369534,14.015397082658001,15.850891410048625,0.09724473257698543,0.0,0.0,0.0,0.0,0.0,0.0,0.0,0.0,0.0,0.0,0.0,0.0,0.0,0.0,0.0,0.0,0.4011,0.012184,0.0,0.0,0.0,0.0,0.0,0.0,0.0,0.0,0.0,0.0,0.05395683453237411,13.934352517985593,15.917266187050362,0.0944244604316547,0.0,0.0,0.0,0.0,0.0,0.0,0.0,0.0,0.0,0.0,0.0,0.0,0.0,0.0,0.0,0.0
75600,4739,2416,0.5098121966659633,1159,993,0.4541042414011395,1347,0.5684743616796792,0.40599999999999997,2.9345673697804564,3.0740645214383244,6.574534161490683,2.12695739599103,8369.643680101286,506.6024212595545,7853.0,8866.4,8866.4,0.0,7853.0,0.0,27.673770837729478,20.660529784392057,32.6455919395466,18.883457688457742,0.1407469930365056,0.09769993669550538,0.09242456214391222,0.0890483224308926,0.08398396286136316,0.07132306393753957,0.07702046845326019,0.06330449461911795,0.05950622494197088,0.051909685587676724,0.04747837096433847,0.03777168178940705,0.02848702257860308,0.02426672293732855,0.017936273475416754,0.01097277906731378,0.006119434479848069,0.8269918728136367,0.035156918261800604,0.0,0.0,0.0,0.0,0.0,0.0,0.0,0.0,0.0,0.0,0.0,0.0,0.0,0.0,0.0,0.0,0.0,0.0,0.0,0.0,0.06963494408102977,0.2215657311669129,1.05718506013927,4.45663642118589,11.622705212070061,9.350073855243723,2.4815361890694243,0.5887317999577971,0.13926988816205954,0.012660898923823594,4.251759973181361,2.8749748652950067,4.055555555555555,2.454524670486058,0.9538533645211875,4.262123197903015,2.8960983742739717,4.234947643979058,2.83428128278211,0.9936239398388748,0.4006,0.011826,0.0,0.0,0.0,0.0,0.0,0.0,0.0,0.0,0.0,0.0,0.05697404515720617,14.14222409791093,15.750158261236551,0.05064359569529438,0.0,0.0,0.0,0.0,0.0,0.0,0.0,0.0,0.0,0.0,0.0,0.0,0.0,0.0,0.0,0.0,nan,nan,4.247135842880524,2.865930150298717,nan,0.4006,0.06506,0.0,0.0,0.0,0.0,0.0,0.0,0.0,0.0,0.0,0.0,0.0,0.0,0.0,0.0,0.0,0.00026376872757965814,0.0,0.00011605824013504959,0.0,0.0,0.0,1.0550749103186326e-05,0.0,0.008662165013715974,0.00445241612154463,0.001456003376239713,0.022346486600548637,0.002648238024899768,0.011204895547583879,0.005781810508546106,0.0295526482380249,0.028244355349229797,0.03712808609411268,0.017693606246043467,0.019740451572061616,0.029331082506857988,0.05572905676303017,0.034427094323696984,0.06495041147921503,0.08151508757121756,0.07473095589786875,0.06454948301329394,0.06267144967292677,0.08515509601181684,0.04215024266722937,0.023749736231272422,0.023823591474994726,0.047910951677569105,0.01613209537877189,0.020742772736864316,0.022525849335302807,0.01277695716395864,0.02019413378349863,0.01177463599915594,0.005781810508546106,0.0040198354083139905,0.005528592530069635,0.00039037771681789407,0.0,3.165224730955898e-05,0.0,0.00010550749103186326,0.0,0.0,0.0,0.0,0.0,0.0,0.0,0.0,0.0,0.0,0.0,0.0,0.0,0.0,0.0,0.0,0.0,0.0,0.0,0.0,0.0,0.0,0.0,0.0,0.0,0.0,0.0,0.0,0.0,0.0,0.0,0.0,0.0,0.0,0.0,0.0,0.0,0.0,0.0,nan,nan,4.247135842880524,2.865930150298717,nan,0.8277324586859997,0.034429935418002565,0.0,0.0,0.0,0.0,0.0,0.0,0.0,0.0,0.0,0.0,0.0,0.0,0.0,0.0,0.0,0.0,0.0,0.0,0.0,0.0,0.04966887417218544,0.17384105960264906,1.030629139072848,4.28394039735098,11.73427152317881,9.58609271523179,2.384105960264901,0.6332781456953643,0.11175496688741725,0.01241721854304636,0.8262216380019153,0.035881178128490954,0.0,0.0,0.0,0.0,0.0,0.0,0.0,0.0,0.0,0.0,0.0,0.0,0.0,0.0,0.0,0.0,0.0,0.0,0.0,0.0,0.09040034438226434,0.271201033146793,1.084804132587172,4.63624623331897,11.506672406371075,9.104606112785193,2.582866982350409,0.542402066293586,0.16788635385277664,0.012914334911752048,0.4004,0.01201,0.0,0.0,0.0,0.0,0.0,0.0,0.0,0.0,0.0,0.0,0.07450331125827815,14.105960264900641,15.769867549668877,0.04966887417218544,0.0,0.0,0.0,0.0,0.0,0.0,0.0,0.0,0.0,0.0,0.0,0.0,0.0,0.0,0.0,0.0,0.4006,0.01162,0.0,0.0,0.0,0.0,0.0,0.0,0.0,0.0,0.0,0.0,0.03874300473525614,14.179939733103723,15.729659922513994,0.051657339647008194,0.0,0.0,0.0,0.0,0.0,0.0,0.0,0.0,0.0,0.0,0.0,0.0,0.0,0.0,0.0,0.0
75700,4755,2441,0.51335436382755,1112,976,0.4391167192429022,1356,0.5703470031545741,0.40599999999999997,2.9317199654278308,3.108886234501699,6.4652567975830815,2.239679555448564,8373.233312302838,506.5192389812194,7853.0,8866.4,8866.4,0.0,7853.0,0.0,28.13774973711882,21.162049508868755,33.1105829372029,19.4183826765972,0.14300736067297581,0.09253417455310199,0.09905362776025237,0.08832807570977919,0.07676130389064142,0.07423764458464774,0.06750788643533123,0.06140904311251314,0.05909568874868559,0.05341745531019979,0.04374342797055731,0.041219768664563616,0.03470031545741325,0.024395373291272344,0.019558359621451103,0.013249211356466877,0.0077812828601472135,0.8258136656382107,0.03150430497440147,0.0,0.0,0.0,0.0,0.0,0.0,0.0,0.0,0.0,0.0,0.0,0.0,0.0,0.0,0.0,0.0,0.0,0.0,0.0,0.006309148264984229,0.03785488958990537,0.11356466876971612,0.9022082018927446,4.4037854889589765,12.498422712933756,9.659305993690854,1.905362776025237,0.4227129337539433,0.0441640378548896,0.006309148264984229,4.307564698075647,2.8592210764813286,3.6578947368421053,2.516015184765843,0.8491792911378037,4.350097975179621,2.8785959234889926,4.2485207100591715,2.8323828515491907,0.9766494304955843,0.401,0.011925,0.0,0.0,0.0,0.0,0.0,0.0,0.0,0.0,0.0,0.0,0.0441640378548896,14.100946372239726,15.78548895899054,0.06940063091482651,0.0,0.0,0.0,0.0,0.0,0.0,0.0,0.0,0.0,0.0,0.0,0.0,0.0,0.0,0.0,0.0,nan,nan,4.299475753604194,2.856110184678944,nan,0.401,0.065,0.0,0.0,0.0,0.0,0.0,0.0,0.0,0.0,0.0,0.0,0.0,0.0,0.0,0.0,0.0,0.0003680336487907466,0.0,0.00014721345951629864,0.0,0.0,0.0,5.257623554153522e-05,0.0,0.008443743427970557,0.0043533123028391164,0.001398527865404837,0.020546792849631967,0.0022502628811777075,0.012765509989484752,0.005909568874868559,0.02886435331230284,0.02658254468980021,0.037024185068349105,0.018275499474237646,0.019831756046267086,0.030630914826498424,0.05558359621451104,0.0364248159831756,0.06495268138801262,0.08172450052576236,0.07765509989484753,0.06543638275499475,0.059032597266035755,0.08342797055730809,0.04378548895899054,0.021787592008412196,0.025751840168243955,0.04666666666666667,0.014868559411146162,0.02,0.022397476340694007,0.013333333333333334,0.020536277602523658,0.012365930599369085,0.006645636172450052,0.004605678233438486,0.005047318611987382,0.00035751840168243956,0.0,0.0,0.0,0.00016824395373291274,0.0,0.0,0.0,0.0,0.0,0.0,0.0,0.0,0.0,0.0,0.0,0.0,0.0,0.0,0.0,0.0,0.0,0.0,0.0,0.0,0.0,0.0,0.0,0.0,0.0,0.0,0.0,0.0,0.0,0.0,0.0,0.0,0.0,0.0,0.0,0.0,0.0,0.0,0.0,nan,nan,4.299475753604194,2.856110184678944,nan,0.8262031024130384,0.030923420959642043,0.0,0.0,0.0,0.0,0.0,0.0,0.0,0.0,0.0,0.0,0.0,0.0,0.0,0.0,0.0,0.0,0.0,0.0,0.0,0.012290045063498569,0.024580090126997137,0.08603031544448998,0.9340434248258912,4.240065546906992,12.388365424006558,9.930356411306843,1.9172470299057767,0.4301515772224499,0.0368701351904957,0.0,0.8254028552806676,0.03210056072235216,0.0,0.0,0.0,0.0,0.0,0.0,0.0,0.0,0.0,0.0,0.0,0.0,0.0,0.0,0.0,0.0,0.0,0.0,0.0,0.0,0.05185825410544513,0.1426101987899741,0.8686257562662059,4.576490924805517,12.614520311149528,9.373379429559206,1.8928262748487472,0.41486603284356105,0.05185825410544513,0.012964563526361283,0.401,0.01198,0.0,0.0,0.0,0.0,0.0,0.0,0.0,0.0,0.0,0.0,0.024580090126997137,14.465383039737791,15.411716509627205,0.09832036050798855,0.0,0.0,0.0,0.0,0.0,0.0,0.0,0.0,0.0,0.0,0.0,0.0,0.0,0.0,0.0,0.0,0.4006,0.01186,0.0,0.0,0.0,0.0,0.0,0.0,0.0,0.0,0.0,0.0,0.0648228176318064,13.716508210890213,16.17977528089888,0.038893690579083845,0.0,0.0,0.0,0.0,0.0,0.0,0.0,0.0,0.0,0.0,0.0,0.0,0.0,0.0,0.0,0.0
75800,4987,2540,0.509324243031883,1208,1016,0.44595949468618407,1418,0.5686785642670944,0.35799999999999993,2.9542296689824274,3.046625399898939,6.43972602739726,2.0540130934229,8369.14918788851,506.61188581422704,7853.0,8866.4,8866.399999999998,1.8189894035458565e-12,7853.0,0.0,28.689392420292762,21.056560938197414,33.33082175653402,19.361811015255178,0.12773210346901945,0.10146380589532786,0.09264086625225587,0.08542209745337878,0.07840385001002607,0.07459394425506316,0.0683777822338079,0.06577100461199117,0.062362141568077,0.05474233005815119,0.0465209544816523,0.03910166432725085,0.03569280128333668,0.02887507519550832,0.017645879286143973,0.013835973531181071,0.006817726087828354,0.8259007464388413,0.03353751634141412,0.0,0.0,0.0,0.0,0.0,0.0,0.0,0.0,0.0,0.0,0.0,0.0,0.0,0.0,0.0,0.0,0.0,0.0,0.0,0.0,0.018046921997192704,0.22859434529777425,1.0226589131742532,4.349308201323427,12.368157208742733,9.167836374573893,2.273912171646281,0.487266893924203,0.07820332865450173,0.006015640665730902,4.25414710485133,2.9006303643245444,4.365079365079365,3.1688042274328696,1.026076263348188,4.221001221001221,2.9132761620442897,4.291975308641975,2.898370729958337,1.0168145148330279,0.4004,0.012085,0.0,0.0,0.0,0.0,0.0,0.0,0.0,0.0,0.0,0.0,0.06617204732303991,14.29917786244233,15.55043112091438,0.08421896932023262,0.0,0.0,0.0,0.0,0.0,0.0,0.0,0.0,0.0,0.0,0.0,0.0,0.0,0.0,0.0,0.0,nan,nan,4.256292203806016,2.90609085027037,nan,0.4004,0.06537,0.0,0.0,0.0,0.0,0.0,0.0,0.0,0.0,0.0,0.0,0.0,0.0,0.0,0.0,0.0,0.000360938439943854,0.0,0.00011028674553839984,0.0,0.0,0.0,1.0026067776218167e-05,5.0130338881090835e-05,0.008221375576498897,0.004451574092640866,0.0016442751152997794,0.021656306396631242,0.002326047724082615,0.012171646280328855,0.00672749147784239,0.029536795668738722,0.027170643673551233,0.0360938439943854,0.020262682975736915,0.020202526569079608,0.03095047122518548,0.056877882494485665,0.036254261078804896,0.0643473029877682,0.08053940244636054,0.07372167635853219,0.06576097854421496,0.05679767395227592,0.0856526970122318,0.04208943252456387,0.02067375175456186,0.0250551433727692,0.047894525766994184,0.01559053539201925,0.02073390816121917,0.023110086224182876,0.014046520954481652,0.02101463805895328,0.011148987367154603,0.00694806496891919,0.004481652295969521,0.004682173651493884,0.0004010427110487267,3.00782033286545e-05,2.0052135552436335e-05,3.00782033286545e-05,0.0001503910166432725,0.0,0.0,0.0,0.0,0.0,0.0,0.0,0.0,0.0,0.0,0.0,0.0,0.0,0.0,0.0,0.0,0.0,0.0,0.0,0.0,0.0,0.0,0.0,0.0,0.0,0.0,0.0,0.0,0.0,0.0,0.0,0.0,0.0,0.0,0.0,0.0,0.0,0.0,0.0,nan,nan,4.256292203806016,2.90609085027037,nan,0.8256061362234626,0.0335150766447865,0.0,0.0,0.0,0.0,0.0,0.0,0.0,0.0,0.0,0.0,0.0,0.0,0.0,0.0,0.0,0.0,0.0,0.0,0.0,0.0,0.0,0.24803149606299216,1.0748031496062993,4.204724409448806,12.732283464566931,9.000000000000002,2.1023622047244097,0.5433070866141733,0.08267716535433073,0.011811023622047247,0.8262065535279551,0.03355805738194281,0.0,0.0,0.0,0.0,0.0,0.0,0.0,0.0,0.0,0.0,0.0,0.0,0.0,0.0,0.0,0.0,0.0,0.0,0.0,0.0,0.03677973028197794,0.208418471597875,0.968532897425419,4.499387004495286,11.99019207192481,9.342051491622396,2.451982018798529,0.4290968532897426,0.07355946056395588,0.0,0.4006,0.01203,0.0,0.0,0.0,0.0,0.0,0.0,0.0,0.0,0.0,0.0,0.08267716535433073,14.078740157480295,15.755905511811026,0.08267716535433073,0.0,0.0,0.0,0.0,0.0,0.0,0.0,0.0,0.0,0.0,0.0,0.0,0.0,0.0,0.0,0.0,0.4004,0.01213,0.0,0.0,0.0,0.0,0.0,0.0,0.0,0.0,0.0,0.0,0.04903964037597059,14.527993461381262,15.3371475275848,0.08581937065794853,0.0,0.0,0.0,0.0,0.0,0.0,0.0,0.0,0.0,0.0,0.0,0.0,0.0,0.0,0.0,0.0
75900,4540,2329,0.5129955947136564,1112,910,0.44537444933920706,1275,0.5616740088105727,0.41,3.006784260515604,3.0995030485448165,6.477064220183486,2.158531881331828,8372.86973568282,506.52882253830774,7853.0,8866.4,8866.400000000001,1.8189894035458565e-12,7853.0,0.0,28.22114537444934,21.06576638115885,33.22947810123262,19.265112505193713,0.14185022026431718,0.09889867841409691,0.0907488986784141,0.07995594713656387,0.08039647577092511,0.07599118942731277,0.0711453744493392,0.063215859030837,0.057929515418502206,0.05506607929515418,0.0460352422907489,0.042731277533039645,0.029295154185022026,0.029515418502202642,0.017841409691629957,0.011233480176211454,0.00814977973568282,0.8249750060919623,0.03390561562257671,0.0,0.0,0.0,0.0,0.0,0.0,0.0,0.0,0.0,0.0,0.0,0.0,0.0,0.0,0.0,0.0,0.0,0.0,0.0,0.0,0.05947136563876653,0.1982378854625551,0.865638766519824,4.6123348017621,12.839207048458153,8.643171806167402,2.1343612334801767,0.48237885462555075,0.13215859030837007,0.03303964757709252,4.268858131487889,2.8743043227422733,4.075757575757576,2.7430938409063526,0.9547652909085999,4.231600270087778,2.8190488705131718,4.297627118644068,2.923005383356142,1.0156032811092812,0.4006,0.01195,0.0,0.0,0.0,0.0,0.0,0.0,0.0,0.0,0.0,0.0,0.04625550660792953,13.962555066079274,15.951541850220268,0.039647577092511016,0.0,0.0,0.0,0.0,0.0,0.0,0.0,0.0,0.0,0.0,0.0,0.0,0.0,0.0,0.0,0.0,nan,nan,4.2645466847090665,2.8715818942335756,nan,0.4006,0.06506,0.0,0.0,0.0,0.0,0.0,0.0,0.0,0.0,0.0,0.0,0.0,0.0,0.0,0.0,0.0,0.00046255506607929516,0.0,0.00016519823788546255,0.0,8.81057268722467e-05,0.0,1.1013215859030838e-05,5.506607929515419e-05,0.008259911894273128,0.0045814977973568285,0.0012995594713656388,0.021057268722466962,0.0021145374449339205,0.011530837004405286,0.0073348017621145374,0.027863436123348018,0.02604625550660793,0.03645374449339207,0.019900881057268723,0.01881057268722467,0.028766519823788545,0.06045154185022027,0.03648678414096916,0.06711453744493392,0.08038546255506608,0.07591409691629956,0.0661784140969163,0.05990088105726872,0.0845704845814978,0.039889867841409694,0.020550660792951543,0.025176211453744494,0.04615638766519824,0.016090308370044052,0.021938325991189427,0.02156387665198238,0.013381057268722466,0.02026431718061674,0.011475770925110132,0.008303964757709252,0.004030837004405287,0.00473568281938326,0.0004955947136563877,0.0,0.0,0.0,0.0001431718061674009,0.0,0.0,0.0,0.0,0.0,0.0,0.0,0.0,0.0,0.0,0.0,0.0,0.0,0.0,0.0,0.0,0.0,0.0,0.0,0.0,0.0,0.0,0.0,0.0,0.0,0.0,0.0,0.0,0.0,0.0,0.0,0.0,0.0,0.0,0.0,0.0,0.0,0.0,0.0,nan,nan,4.2645466847090665,2.8715818942335756,nan,0.8247099806434252,0.03411113123047857,0.0,0.0,0.0,0.0,0.0,0.0,0.0,0.0,0.0,0.0,0.0,0.0,0.0,0.0,0.0,0.0,0.0,0.0,0.0,0.0,0.05152425933877202,0.21897810218978106,1.0047230571060544,4.650064405324159,12.468870759982828,8.887934735938172,2.0480893087161878,0.5023615285530272,0.15457277801631605,0.012881064834693005,0.8252541758204305,0.03368552090891128,0.0,0.0,0.0,0.0,0.0,0.0,0.0,0.0,0.0,0.0,0.0,0.0,0.0,0.0,0.0,0.0,0.0,0.0,0.0,0.0,0.067842605156038,0.17639077340569884,0.7191316146540029,4.572591587516946,13.229308005427411,8.385345997286297,2.2252374491180467,0.46132971506105847,0.1085481682496608,0.0542740841248304,0.401,0.01192,0.0,0.0,0.0,0.0,0.0,0.0,0.0,0.0,0.0,0.0,0.02576212966938601,13.885787891799035,16.062687848862176,0.02576212966938601,0.0,0.0,0.0,0.0,0.0,0.0,0.0,0.0,0.0,0.0,0.0,0.0,0.0,0.0,0.0,0.0,0.4006,0.01197,0.0,0.0,0.0,0.0,0.0,0.0,0.0,0.0,0.0,0.0,0.067842605156038,14.043419267299845,15.83446404341927,0.0542740841248304,0.0,0.0,0.0,0.0,0.0,0.0,0.0,0.0,0.0,0.0,0.0,0.0,0.0,0.0,0.0,0.0
76000,4831,2505,0.518526185054854,1202,973,0.4502173463051128,1365,0.565100393293314,0.39399999999999996,2.9544282029234736,3.077472678454458,6.549698795180723,2.1014767970531496,8378.47443593459,506.352061865396,7853.0,8866.4,8866.4,0.0,7853.0,0.0,27.796936452080313,20.644760255095548,32.65969488188976,18.897974871335066,0.14075760712067895,0.09873732146553509,0.09066445870420203,0.0923204305526806,0.07886565928379217,0.07472572966259573,0.07389774373835645,0.06168495135582695,0.05526806044297247,0.054647070999793004,0.0480231836058787,0.039536327882425996,0.03353342993169116,0.02711653901883668,0.014903746636307183,0.008693852204512523,0.006623887393914303,0.8241635429960332,0.034188062233696324,0.0,0.0,0.0,0.0,0.0,0.0,0.0,0.0,0.0,0.0,0.0,0.0,0.0,0.0,0.0,0.0,0.0,0.0,0.0,0.018629683295383982,0.06209894431794661,0.22976609397640244,1.024632581246119,4.66984061270957,12.811012212792386,8.40819706064997,2.2355619954460777,0.41606292693024227,0.10556820534050923,0.018629683295383982,4.225361366622865,2.919270903706985,3.7857142857142856,2.612567741529707,0.8959504187307017,4.1931602279924,2.889794027084889,4.2384364820846905,2.937429158899845,1.010797644647595,0.4011,0.012215,0.0,0.0,0.0,0.0,0.0,0.0,0.0,0.0,0.0,0.0,0.08693852204512525,13.531359966880544,16.300972883460986,0.08072862761333059,0.0,0.0,0.0,0.0,0.0,0.0,0.0,0.0,0.0,0.0,0.0,0.0,0.0,0.0,0.0,0.0,nan,nan,4.215478484264612,2.913460331589205,nan,0.4011,0.0648,0.0,0.0,0.0,0.0,0.0,0.0,0.0,0.0,0.0,0.0,0.0,0.0,0.0,0.0,0.0,0.0001862968329538398,0.0,0.0001552473607948665,0.0,3.1049472158973297e-05,0.0,1.0349824052991099e-05,0.00020699648105982198,0.007348375077623681,0.004771268888428897,0.0013972262471537984,0.020130407783067687,0.002421858828399917,0.010753467191057752,0.0079072655764852,0.027489132684744358,0.027851376526599046,0.03572759263092527,0.01909542537776858,0.01819499068515835,0.0296522459118195,0.05747257296625957,0.0391844338646243,0.06892982819292072,0.08177395984268268,0.07316290623059409,0.0664044711239909,0.059180293935003105,0.08354377975574415,0.04227903125646864,0.02101014282757193,0.024135789691575243,0.045249430759677085,0.015452287311115712,0.02436348582074105,0.020451252328710413,0.01130200786586628,0.02128958807700269,0.013423721796729456,0.0077830676878493064,0.004657420823845995,0.00508176361001863,0.0004450424342786173,0.0,0.0,0.0,9.31484164769199e-05,0.0,0.0,0.0,0.0,0.0,0.0,0.0,0.0,0.0,0.0,0.0,0.0,0.0,0.0,0.0,0.0,0.0,0.0,0.0,0.0,0.0,0.0,0.0,0.0,0.0,0.0,0.0,0.0,0.0,0.0,0.0,0.0,0.0,0.0,0.0,0.0,0.0,0.0,0.0,nan,nan,4.215478484264612,2.913460331589205,nan,0.8234625123218148,0.03422779630225366,0.0,0.0,0.0,0.0,0.0,0.0,0.0,0.0,0.0,0.0,0.0,0.0,0.0,0.0,0.0,0.0,0.0,0.0,0.0,0.02395209580838324,0.08383233532934134,0.27544910179640725,1.0778443113772458,4.5748502994011835,12.970059880239523,8.155688622754493,2.347305389221557,0.3832335329341318,0.10778443113772457,0.0,0.8249185222904947,0.03412911807826617,0.0,0.0,0.0,0.0,0.0,0.0,0.0,0.0,0.0,0.0,0.0,0.0,0.0,0.0,0.0,0.0,0.0,0.0,0.0,0.012897678417884783,0.03869303525365435,0.18056749785038698,0.9673258813413588,4.772141014617354,12.639724849527088,8.68013757523646,2.1152192605331046,0.4514187446259674,0.10318142734307827,0.03869303525365435,0.4014,0.012,0.0,0.0,0.0,0.0,0.0,0.0,0.0,0.0,0.0,0.0,0.08383233532934134,13.389221556886207,16.467065868263475,0.0598802395209581,0.0,0.0,0.0,0.0,0.0,0.0,0.0,0.0,0.0,0.0,0.0,0.0,0.0,0.0,0.0,0.0,0.401,0.012436,0.0,0.0,0.0,0.0,0.0,0.0,0.0,0.0,0.0,0.0,0.09028374892519349,13.684436801375732,16.122098022355978,0.10318142734307827,0.0,0.0,0.0,0.0,0.0,0.0,0.0,0.0,0.0,0.0,0.0,0.0,0.0,0.0,0.0,0.0
76100,4625,2423,0.5238918918918919,1117,936,0.4438918918918919,1301,0.5625945945945946,0.414,3.018619436875568,3.123425060212134,6.525502318392581,2.2188350716856773,8383.912043243245,506.1211978982772,7853.0,8866.4,8866.4,0.0,7853.0,0.0,28.003891891891893,20.910392760388746,33.170902489626556,19.058712893380743,0.14313513513513512,0.09643243243243244,0.09448648648648648,0.0828108108108108,0.08043243243243244,0.07827027027027027,0.06637837837837837,0.056432432432432435,0.06227027027027027,0.05686486486486487,0.052108108108108106,0.037405405405405406,0.032,0.024864864864864864,0.020324324324324326,0.00972972972972973,0.006054054054054054,0.824478968426988,0.033469010355108,0.0,0.0,0.0,0.0,0.0,0.0,0.0,0.0,0.0,0.0,0.0,0.0,0.0,0.0,0.0,0.0,0.0,0.0,0.0,0.006486486486486488,0.03243243243243244,0.13621621621621624,1.0832432432432435,4.916756756756742,12.518918918918923,8.620540540540542,2.088648648648649,0.45405405405405413,0.11675675675675679,0.02594594594594595,4.287179487179487,2.8806913480964993,4.229166666666667,3.1966100750986537,0.9864683014354068,4.311155913978495,2.830913120173489,4.264150943396227,2.9390085826540564,0.9890968984838012,0.4016,0.011765,0.0,0.0,0.0,0.0,0.0,0.0,0.0,0.0,0.0,0.0,0.04540540540540542,13.180540540540521,16.689729729729734,0.08432432432432435,0.0,0.0,0.0,0.0,0.0,0.0,0.0,0.0,0.0,0.0,0.0,0.0,0.0,0.0,0.0,0.0,nan,nan,4.286242852337706,2.8860758855304263,nan,0.4016,0.06476,0.0,0.0,0.0,0.0,0.0,0.0,0.0,0.0,0.0,0.0,0.0,0.0,0.0,0.0,0.0,0.00023783783783783784,0.0,6.486486486486486e-05,3.243243243243243e-05,0.0,1.081081081081081e-05,9.72972972972973e-05,0.00025945945945945944,0.006302702702702703,0.004356756756756757,0.001264864864864865,0.02096216216216216,0.0023027027027027027,0.01028108108108108,0.008183783783783784,0.0272,0.028756756756756756,0.03379459459459459,0.022,0.01787027027027027,0.026464864864864865,0.0556,0.03908108108108108,0.07029189189189189,0.08208648648648649,0.07271351351351352,0.06753513513513514,0.060162162162162164,0.08202162162162162,0.043794594594594595,0.021156756756756757,0.02361081081081081,0.04433513513513514,0.01441081081081081,0.026508108108108108,0.02157837837837838,0.012021621621621622,0.02172972972972973,0.012183783783783785,0.008140540540540541,0.004345945945945946,0.005772972972972973,0.00035675675675675677,5.4054054054054054e-05,0.0,0.0,6.486486486486486e-05,0.0,0.0,0.0,0.0,0.0,0.0,0.0,0.0,0.0,0.0,0.0,0.0,0.0,0.0,0.0,0.0,0.0,0.0,0.0,0.0,0.0,0.0,0.0,0.0,0.0,0.0,0.0,0.0,0.0,0.0,0.0,0.0,0.0,0.0,0.0,0.0,0.0,0.0,0.0,nan,nan,4.286242852337706,2.8860758855304263,nan,0.8241860489189945,0.03353110585829716,0.0,0.0,0.0,0.0,0.0,0.0,0.0,0.0,0.0,0.0,0.0,0.0,0.0,0.0,0.0,0.0,0.0,0.0,0.0,0.0,0.04952538175815106,0.13619479983491542,1.0400330169211722,4.915394139496477,12.789929839042513,8.629797771357822,1.8324391250515892,0.4457284358233596,0.1114321089558399,0.04952538175815106,0.8248012863052205,0.03339758066264071,0.0,0.0,0.0,0.0,0.0,0.0,0.0,0.0,0.0,0.0,0.0,0.0,0.0,0.0,0.0,0.0,0.0,0.0,0.0,0.01362397820163488,0.01362397820163488,0.1362397820163488,1.130790190735695,4.918256130790175,12.220708446866489,8.610354223433244,2.3705722070844693,0.46321525885558595,0.12261580381471392,0.0,0.4016,0.01182,0.0,0.0,0.0,0.0,0.0,0.0,0.0,0.0,0.0,0.0,0.04952538175815106,13.17375154766816,16.702434997936447,0.07428807263722659,0.0,0.0,0.0,0.0,0.0,0.0,0.0,0.0,0.0,0.0,0.0,0.0,0.0,0.0,0.0,0.0,0.4019,0.0117,0.0,0.0,0.0,0.0,0.0,0.0,0.0,0.0,0.0,0.0,0.04087193460490464,13.188010899182542,16.675749318801092,0.09536784741144416,0.0,0.0,0.0,0.0,0.0,0.0,0.0,0.0,0.0,0.0,0.0,0.0,0.0,0.0,0.0,0.0
76200,4583,2397,0.5230198559895265,1055,913,0.42941304822168885,1267,0.5529129391228453,0.43,3.0457456541628547,3.185441596968326,6.721311475409836,2.230424112731747,8383.028322059785,506.1627005122708,7853.0,8866.4,8866.4,0.0,7853.0,0.0,27.88500981889592,21.154319061667053,32.94624217118998,19.44873705781068,0.14226489199214487,0.10124372681649574,0.09557058695177831,0.08924285402574733,0.07942395810604408,0.07615099279947632,0.061968143137682744,0.06371372463451887,0.05236744490508401,0.053240235653502076,0.04407593279511237,0.03556622299803622,0.04102116517564914,0.02705651320096007,0.01658302421994327,0.012219070477852935,0.008291512109971635,0.8230575935668413,0.03265592924332196,0.0,0.0,0.0,0.0,0.0,0.0,0.0,0.0,0.0,0.0,0.0,0.0,0.0,0.0,0.0,0.0,0.0,0.0,0.0,0.0,0.013091861226271005,0.21601571023347158,1.0080733144228673,5.073096225179997,12.993672267073972,8.326423739908359,1.8590442941304826,0.3862099061749946,0.11128082042330353,0.013091861226271005,4.419513913349771,2.957570028796936,4.75,2.800240374297563,1.0747788315932094,4.36076817558299,2.9179727751220472,4.490921787709497,2.992061421920021,1.0298464873357105,0.4014,0.01184,0.0,0.0,0.0,0.0,0.0,0.0,0.0,0.0,0.0,0.0,0.03927558367881301,13.622081605934959,16.22736198996291,0.11128082042330353,0.0,0.0,0.0,0.0,0.0,0.0,0.0,0.0,0.0,0.0,0.0,0.0,0.0,0.0,0.0,0.0,nan,nan,4.425458318920788,2.9551405807270927,nan,0.4014,0.0646,0.0,0.0,0.0,0.0,0.0,0.0,0.0,0.0,0.0,0.0,0.0,0.0,0.0,0.0,0.0,0.00024001745581496837,0.0,0.00017455814968361336,0.0,0.0,1.0909884355225835e-05,6.5459306131355e-05,0.00024001745581496837,0.007244163211869954,0.004091206633209688,0.0015382936940868427,0.021317914030111282,0.0023892646737944576,0.00994981453196596,0.00955705869517783,0.025583678813004582,0.027907484180667685,0.03300240017455815,0.02137246345188741,0.018895919703251145,0.024634518874099936,0.05698232598734453,0.038413702814750164,0.07256164084660703,0.08052585642592189,0.07375081824132665,0.0689177394719616,0.05939341042984944,0.07873663539166485,0.047119790530220376,0.022845297839842897,0.02339079205760419,0.04306131355007637,0.017193977743835916,0.026729216670303296,0.021470652411084444,0.01157538730089461,0.020870608771547023,0.010178922103425704,0.007636919048658084,0.00411302640192014,0.005880427667466725,0.00026183722452542,0.0,0.0,0.0,0.00017455814968361336,0.0,0.0,0.0,0.0,0.0,0.0,0.0,0.0,0.0,0.0,0.0,0.0,0.0,0.0,0.0,0.0,0.0,0.0,0.0,0.0,0.0,0.0,0.0,0.0,0.0,0.0,0.0,0.0,0.0,0.0,0.0,0.0,0.0,0.0,0.0,0.0,0.0,0.0,0.0,nan,nan,4.425458318920788,2.9551405807270927,nan,0.8215986001625825,0.032259042025006804,0.0,0.0,0.0,0.0,0.0,0.0,0.0,0.0,0.0,0.0,0.0,0.0,0.0,0.0,0.0,0.0,0.0,0.0,0.0,0.0,0.025031289111389243,0.30037546933667086,1.088861076345432,4.981226533166443,13.579474342928664,7.959949937421778,1.6145181476846062,0.3504380475594494,0.10012515644555697,0.0,0.8246574138733409,0.03301161771890242,0.0,0.0,0.0,0.0,0.0,0.0,0.0,0.0,0.0,0.0,0.0,0.0,0.0,0.0,0.0,0.0,0.0,0.0,0.0,0.0,0.0,0.12351326623970725,0.9194876486733763,5.1738334858188315,12.351326623970726,8.728270814272646,2.127172918572736,0.42543458371454723,0.12351326623970725,0.027447392497712723,0.4016,0.01184,0.0,0.0,0.0,0.0,0.0,0.0,0.0,0.0,0.0,0.0,0.05006257822277849,13.191489361702107,16.65832290362954,0.10012515644555697,0.0,0.0,0.0,0.0,0.0,0.0,0.0,0.0,0.0,0.0,0.0,0.0,0.0,0.0,0.0,0.0,0.4011,0.01184,0.0,0.0,0.0,0.0,0.0,0.0,0.0,0.0,0.0,0.0,0.027447392497712723,14.09423604757546,15.754803293687104,0.12351326623970725,0.0,0.0,0.0,0.0,0.0,0.0,0.0,0.0,0.0,0.0,0.0,0.0,0.0,0.0,0.0,0.0
76300,4740,2459,0.5187763713080169,1128,970,0.44261603375527425,1326,0.5594936708860759,0.422,2.9408154318281454,3.0567488153535267,6.444089456869009,2.137652384565153,8378.727974683543,506.3425976346867,7853.0,8866.4,8866.4,0.0,7853.0,0.0,27.922151898734178,20.771228651024217,32.6984007996002,19.076458969050844,0.13670886075949368,0.09767932489451477,0.10105485232067511,0.08333333333333333,0.08143459915611814,0.07468354430379746,0.07405063291139241,0.05886075949367089,0.05843881856540084,0.049367088607594936,0.048734177215189876,0.039029535864978905,0.0379746835443038,0.023206751054852322,0.021308016877637132,0.00949367088607595,0.004641350210970464,0.8234408474295452,0.03280961818436696,0.0,0.0,0.0,0.0,0.0,0.0,0.0,0.0,0.0,0.0,0.0,0.0,0.0,0.0,0.0,0.0,0.0,0.0,0.0,0.0,0.044303797468354444,0.21518987341772156,0.9810126582278483,5.012658227848086,12.955696202531648,8.373417721518988,2.0126582278481018,0.31645569620253167,0.06329113924050635,0.025316455696202538,4.243671954100574,2.8428326041765724,4.268656716417911,2.805017304079644,1.0058875338592548,4.2364112639161755,2.8223608409022036,4.252162341982701,2.861801385012219,1.0037180238379324,0.4014,0.01183,0.0,0.0,0.0,0.0,0.0,0.0,0.0,0.0,0.0,0.0,0.08227848101265825,13.240506329113906,16.57594936708861,0.10126582278481015,0.0,0.0,0.0,0.0,0.0,0.0,0.0,0.0,0.0,0.0,0.0,0.0,0.0,0.0,0.0,0.0,nan,nan,4.244224422442244,2.842004239062477,nan,0.4014,0.06415,0.0,0.0,0.0,0.0,0.0,0.0,0.0,0.0,0.0,0.0,0.0,0.0,0.0,0.0,0.0,2.109704641350211e-05,0.0,0.0001371308016877637,0.0,0.0,0.0,7.383966244725738e-05,0.0003059071729957806,0.00739451476793249,0.003512658227848101,0.0012763713080168777,0.020179324894514766,0.0022679324894514766,0.00949367088607595,0.008301687763713081,0.026582278481012658,0.029345991561181433,0.035780590717299575,0.02229957805907173,0.016751054852320674,0.024778481012658227,0.055822784810126584,0.03732067510548523,0.0739662447257384,0.07772151898734177,0.0754113924050633,0.0715717299578059,0.0615084388185654,0.07661392405063291,0.047542194092827006,0.024324894514767933,0.02369198312236287,0.042774261603375524,0.015063291139240506,0.02790084388185654,0.02,0.011677215189873419,0.020559071729957804,0.01,0.007805907172995781,0.0037974683544303796,0.005590717299578059,0.00033755274261603374,3.1645569620253167e-05,4.219409282700422e-05,0.0,0.0004219409282700422,0.0,0.0,0.0,0.0,0.0,0.0,0.0,0.0,0.0,0.0,0.0,0.0,0.0,0.0,0.0,0.0,0.0,0.0,0.0,0.0,0.0,0.0,0.0,0.0,0.0,0.0,0.0,0.0,0.0,0.0,0.0,0.0,0.0,0.0,0.0,0.0,0.0,0.0,0.0,nan,nan,4.244224422442244,2.842004239062477,nan,0.8233122429308634,0.03271932031657936,0.0,0.0,0.0,0.0,0.0,0.0,0.0,0.0,0.0,0.0,0.0,0.0,0.0,0.0,0.0,0.0,0.0,0.0,0.0,0.0,0.024400162667751125,0.23180154534363567,0.9638064253761693,5.3436356242374785,12.749084993899963,8.186254575030501,2.0984139894265965,0.3294021960146402,0.03660024400162668,0.03660024400162668,0.8235794877023459,0.03290612201830565,0.0,0.0,0.0,0.0,0.0,0.0,0.0,0.0,0.0,0.0,0.0,0.0,0.0,0.0,0.0,0.0,0.0,0.0,0.0,0.0,0.06576063130206052,0.19728189390618156,0.9995615957913198,4.655852696185869,13.178430512932927,8.57518632178869,1.920210434020167,0.3024989039894784,0.09206488382288472,0.013152126260412103,0.4014,0.0117,0.0,0.0,0.0,0.0,0.0,0.0,0.0,0.0,0.0,0.0,0.06100040666937781,13.371289141927592,16.470109800732008,0.0976006506710045,0.0,0.0,0.0,0.0,0.0,0.0,0.0,0.0,0.0,0.0,0.0,0.0,0.0,0.0,0.0,0.0,0.4014,0.01198,0.0,0.0,0.0,0.0,0.0,0.0,0.0,0.0,0.0,0.0,0.10521701008329683,13.099517755370432,16.69004822446296,0.10521701008329683,0.0,0.0,0.0,0.0,0.0,0.0,0.0,0.0,0.0,0.0,0.0,0.0,0.0,0.0,0.0,0.0
76400,4883,2564,0.5250870366577923,1210,987,0.4499283227524063,1370,0.5611304525906206,0.41,3.014230271668823,3.0943570335485773,6.541297935103245,2.159681384856579,8385.123202949007,506.0618052686978,7853.0,8866.4,8866.399999999998,1.8189894035458565e-12,7853.0,0.0,27.938152774933442,20.93358289739194,33.04116638078902,19.109782810922372,0.1454024165472046,0.0933852140077821,0.09031333196805243,0.08642228138439484,0.08498873643252099,0.07577309031333197,0.07147245545771043,0.06061847225066557,0.06000409584271964,0.04976448904362073,0.045259062052017206,0.04300634855621544,0.034405078844972355,0.020888797870161787,0.0169977472865042,0.012697112430882654,0.008601269711243089,0.8236630743164619,0.03302954255848667,0.0,0.0,0.0,0.0,0.0,0.0,0.0,0.0,0.0,0.0,0.0,0.0,0.0,0.0,0.0,0.0,0.0,0.0,0.0,0.0,0.01843129223837805,0.20274421462215855,0.9952897808724147,5.074749129633407,12.834323161990582,8.441531845177147,1.8922793364734798,0.43620724964161384,0.05529387671513415,0.0491501126356748,4.299484203739523,2.9024978223719007,3.8333333333333335,2.6404965862924765,0.8915798155507236,4.252042740414834,2.8941010314208855,4.332484076433121,2.901179565961104,1.0189182802077008,0.4011,0.01192,0.0,0.0,0.0,0.0,0.0,0.0,0.0,0.0,0.0,0.0,0.0737251689535122,13.86033176326027,15.924636493958635,0.14130657382756504,0.0,0.0,0.0,0.0,0.0,0.0,0.0,0.0,0.0,0.0,0.0,0.0,0.0,0.0,0.0,0.0,nan,nan,4.2906388361796335,2.898444636752347,nan,0.4011,0.0646,0.0,0.0,0.0,0.0,0.0,0.0,0.0,0.0,0.0,0.0,0.0,0.0,0.0,0.0,0.0,0.0,0.0,5.119803399549457e-05,0.0,0.0,1.0239606799098915e-05,0.0,0.0004300634855621544,0.007986893303297153,0.0034097890640999388,0.001546180626663936,0.020735203768175302,0.002396067990989146,0.009850501740733156,0.008488634036453,0.027083759983616628,0.028844972353061642,0.03762031537988941,0.021892279336473478,0.016680319475732133,0.024872004915011264,0.053327872209707146,0.03819373336063895,0.07416547204587344,0.07815891869752202,0.0754351832889617,0.07092975629735818,0.05677861970100348,0.07714519762441122,0.05053245955355314,0.026674175711652672,0.022578332992013107,0.04303706737661274,0.014314970305140283,0.025895965594921154,0.01961908662707352,0.011406921974196191,0.02009010853983207,0.010772066352652059,0.008314560720868319,0.003450747491296334,0.006000409584271964,0.000593897194347737,1.0239606799098915e-05,0.0001433544951873848,0.0,0.0005324595535531435,0.0,0.0,0.0,0.0,0.0,0.0,0.0,0.0,0.0,0.0,0.0,0.0,0.0,0.0,0.0,0.0,0.0,0.0,0.0,0.0,0.0,0.0,0.0,0.0,0.0,0.0,0.0,0.0,0.0,0.0,0.0,0.0,0.0,0.0,0.0,0.0,0.0,0.0,0.0,nan,nan,4.2906388361796335,2.898444636752347,nan,0.8239328757323638,0.03252052550226684,0.0,0.0,0.0,0.0,0.0,0.0,0.0,0.0,0.0,0.0,0.0,0.0,0.0,0.0,0.0,0.0,0.0,0.0,0.0,0.0,0.011700468018720751,0.21060842433697352,0.9477379095163808,5.019500780031185,12.835413416536664,8.529641185647428,1.8369734789391579,0.5382215288611545,0.046801872074883004,0.023400936037441502,0.8233647686543779,0.03358083396343924,0.0,0.0,0.0,0.0,0.0,0.0,0.0,0.0,0.0,0.0,0.0,0.0,0.0,0.0,0.0,0.0,0.0,0.0,0.0,0.0,0.025873221216041402,0.19404915912031054,1.0478654592496768,5.135834411384201,12.833117723156537,8.344113842173352,1.953428201811126,0.3234152652005175,0.06468305304010351,0.0776196636481242,0.4014,0.01199,0.0,0.0,0.0,0.0,0.0,0.0,0.0,0.0,0.0,0.0,0.10530421216848676,13.478939157566282,16.251950078003123,0.16380655226209054,0.0,0.0,0.0,0.0,0.0,0.0,0.0,0.0,0.0,0.0,0.0,0.0,0.0,0.0,0.0,0.0,0.401,0.01183,0.0,0.0,0.0,0.0,0.0,0.0,0.0,0.0,0.0,0.0,0.0388098318240621,14.28201811125483,15.562742561448903,0.11642949547218631,0.0,0.0,0.0,0.0,0.0,0.0,0.0,0.0,0.0,0.0,0.0,0.0,0.0,0.0,0.0,0.0
76500,4935,2566,0.5199594731509625,1214,1026,0.45390070921985815,1390,0.563323201621074,0.39799999999999996,3.0160405234276064,3.1447014983564334,6.721633888048411,2.183967380251912,8379.926930091186,506.2961201698924,7853.0,8866.4,8866.4,0.0,7853.0,0.0,28.030597771023302,20.889434315112155,32.90926594464501,19.15967984365771,0.1375886524822695,0.10759878419452888,0.08611955420466058,0.08530901722391084,0.07943262411347518,0.075177304964539,0.06889564336372847,0.0701114488348531,0.05896656534954407,0.047821681864235056,0.04944275582573455,0.03971631205673759,0.03404255319148936,0.023100303951367782,0.0182370820668693,0.009929078014184398,0.00851063829787234,0.8239242252487059,0.034797608956189906,0.0,0.0,0.0,0.0,0.0,0.0,0.0,0.0,0.0,0.0,0.0,0.0,0.0,0.0,0.0,0.0,0.0,0.0,0.0,0.006079027355623102,0.03647416413373861,0.20060790273556237,1.0577507598784197,5.367781155015181,12.437689969604866,8.32826747720365,1.8784194528875384,0.4984802431610943,0.13373860182370823,0.05471124620060792,4.311125278928913,2.9198376014205363,4.271186440677966,3.057807503416744,0.9907358669333614,4.257758074730842,2.871106137348777,4.357673267326732,2.9671536068948514,1.023466620423756,0.4014,0.01168,0.0,0.0,0.0,0.0,0.0,0.0,0.0,0.0,0.0,0.0,0.05471124620060792,13.227963525835847,16.668693009118545,0.048632218844984816,0.0,0.0,0.0,0.0,0.0,0.0,0.0,0.0,0.0,0.0,0.0,0.0,0.0,0.0,0.0,0.0,nan,nan,4.310387984981227,2.9224485635617525,nan,0.4014,0.0638,0.0,0.0,0.0,0.0,0.0,0.0,0.0,0.0,0.0,0.0,0.0,0.0,0.0,0.0,0.0,0.0,0.0,0.00011144883485309018,0.0,0.0,2.0263424518743667e-05,8.105369807497467e-05,0.0006889564336372847,0.0065450861195542045,0.0030293819655521784,0.0015501519756838905,0.018571428571428572,0.0022796352583586625,0.008976697061803445,0.008855116514690982,0.026362715298885512,0.03090172239108409,0.039159067882472136,0.020911854103343466,0.01718338399189463,0.025379939209726445,0.04900709219858156,0.03556231003039514,0.07625126646403242,0.08439716312056737,0.07500506585612969,0.07479229989868287,0.05517730496453901,0.07691995947315096,0.05290780141843972,0.02559270516717325,0.021894630192502533,0.04083080040526849,0.014721377912867274,0.027325227963525836,0.018601823708206688,0.011225937183383992,0.01829787234042553,0.011144883485309016,0.009473150962512665,0.0029483282674772036,0.0061803444782168185,0.00039513677811550154,0.0,9.11854103343465e-05,0.0,0.0006484295845997973,0.0,0.0,0.0,0.0,0.0,0.0,0.0,0.0,0.0,0.0,0.0,0.0,0.0,0.0,0.0,0.0,0.0,0.0,0.0,0.0,0.0,0.0,0.0,0.0,0.0,0.0,0.0,0.0,0.0,0.0,0.0,0.0,0.0,0.0,0.0,0.0,0.0,0.0,0.0,nan,nan,4.310387984981227,2.9224485635617525,nan,0.8239585334262343,0.03477157741029077,0.0,0.0,0.0,0.0,0.0,0.0,0.0,0.0,0.0,0.0,0.0,0.0,0.0,0.0,0.0,0.0,0.0,0.0,0.0,0.011691348402182387,0.04676539360872955,0.19875292283710058,0.9586905689789558,5.37802026500388,12.521434138737337,8.207326578332035,2.0109119251753707,0.4910366328916603,0.14029618082618864,0.03507404520654716,0.8238870640906064,0.03482574513563477,0.0,0.0,0.0,0.0,0.0,0.0,0.0,0.0,0.0,0.0,0.0,0.0,0.0,0.0,0.0,0.0,0.0,0.0,0.0,0.0,0.025327142254115666,0.20261713803292533,1.1650485436893205,5.3566905867454455,12.346981848881388,8.459265512874632,1.7349092444069232,0.5065428450823133,0.12663571127057832,0.075981426762347,0.4016,0.011826,0.0,0.0,0.0,0.0,0.0,0.0,0.0,0.0,0.0,0.0,0.04676539360872955,12.965705378020246,16.929072486360095,0.05845674201091194,0.0,0.0,0.0,0.0,0.0,0.0,0.0,0.0,0.0,0.0,0.0,0.0,0.0,0.0,0.0,0.0,0.4011,0.011505,0.0,0.0,0.0,0.0,0.0,0.0,0.0,0.0,0.0,0.0,0.06331785563528916,13.512030392570685,16.386661038412836,0.0379907133811735,0.0,0.0,0.0,0.0,0.0,0.0,0.0,0.0,0.0,0.0,0.0,0.0,0.0,0.0,0.0,0.0
76600,5048,2635,0.5219889064976229,1280,1024,0.45641838351822506,1412,0.5594294770206022,0.40199999999999997,3.020721094073767,3.1370784940031076,6.719640179910045,2.1939581455197867,8381.983557844691,506.20977178417064,7853.0,8866.4,8866.399999999998,1.8189894035458565e-12,7853.0,0.0,27.718700475435817,20.515361618470013,32.55377735937868,18.754348122953175,0.13748019017432647,0.09667194928684628,0.08993660855784469,0.09132329635499208,0.08577654516640254,0.08003169572107766,0.07171156893819335,0.06438193343898574,0.056458003169572106,0.05209984152139461,0.044770206022187,0.04080824088748019,0.03268621236133122,0.022979397781299524,0.017828843106180665,0.009310618066561015,0.005744849445324881,0.824918495128064,0.03299576944171102,0.0,0.0,0.0,0.0,0.0,0.0,0.0,0.0,0.0,0.0,0.0,0.0,0.0,0.0,0.0,0.0,0.0,0.0,0.0,0.0,0.041600633914421564,0.12480190174326468,0.8379556259904914,5.009904912836751,12.628763866877975,8.866877971473853,1.9374009508716328,0.36846275752773383,0.1010301109350238,0.08320126782884313,4.250232270052648,2.9300618442637205,4.054054054054054,2.995004362636772,0.9538429423302638,4.273006134969325,2.954824719448135,4.223105134474328,2.906611490746552,0.9883218046221328,0.4023,0.01166,0.0,0.0,0.0,0.0,0.0,0.0,0.0,0.0,0.0,0.0,0.041600633914421564,12.498019017432627,17.33557844690967,0.12480190174326468,0.0,0.0,0.0,0.0,0.0,0.0,0.0,0.0,0.0,0.0,0.0,0.0,0.0,0.0,0.0,0.0,nan,nan,4.248009797917942,2.9308791655932827,nan,0.4023,0.0636,0.0,0.0,0.0,0.0,0.0,0.0,0.0,0.0,0.0,0.0,0.0,0.0,0.0,0.0,0.0,0.0,0.0,2.971473851030111e-05,0.0,0.0,1.9809825673534074e-05,0.0,0.0007725832012678289,0.006141045958795562,0.002664421553090333,0.001366877971473851,0.016283676703645007,0.0028229001584786054,0.009320522979397781,0.008676703645007925,0.02646592709984152,0.032309825673534076,0.03866877971473851,0.020948890649762283,0.015550713153724248,0.02557448494453249,0.04864302694136292,0.036816561014263074,0.07691164817749604,0.0804675118858954,0.076743264659271,0.07259310618066561,0.05512083993660856,0.0759904912836767,0.05448692551505547,0.023514263074484943,0.02346473851030111,0.0447404912836767,0.014669175911251981,0.026980982567353408,0.02088946117274168,0.011757131537242472,0.01845285261489699,0.009687004754358162,0.010122820919175912,0.003783676703645008,0.00527931854199683,0.0005645800316957211,1.9809825673534074e-05,0.00012876386687797148,0.0,0.0005546751188589541,0.0,0.0,0.0,0.0,0.0,0.0,0.0,0.0,0.0,0.0,0.0,0.0,0.0,0.0,0.0,0.0,0.0,0.0,0.0,0.0,0.0,0.0,0.0,0.0,0.0,0.0,0.0,0.0,0.0,0.0,0.0,0.0,0.0,0.0,0.0,0.0,0.0,0.0,0.0,nan,nan,4.248009797917942,2.9308791655932827,nan,0.8245015709630905,0.03279862519614007,0.0,0.0,0.0,0.0,0.0,0.0,0.0,0.0,0.0,0.0,0.0,0.0,0.0,0.0,0.0,0.0,0.0,0.0,0.0,0.0,0.04554079696394688,0.12523719165085392,0.9222011385199242,5.089184060721046,12.478178368121444,8.982922201138521,1.8216318785578751,0.3984819734345352,0.06831119544592032,0.06831119544592032,0.8253737770073453,0.033203735331708374,0.0,0.0,0.0,0.0,0.0,0.0,0.0,0.0,0.0,0.0,0.0,0.0,0.0,0.0,0.0,0.0,0.0,0.0,0.0,0.0,0.037297969332780775,0.1243265644426026,0.7459593866556156,4.923331951927047,12.793203481143808,8.740157480314963,2.063820969747203,0.33568172399502705,0.13675922088686285,0.09946125155408207,0.402,0.011505,0.0,0.0,0.0,0.0,0.0,0.0,0.0,0.0,0.0,0.0,0.03415559772296016,12.671726755218197,17.168880455407972,0.12523719165085392,0.0,0.0,0.0,0.0,0.0,0.0,0.0,0.0,0.0,0.0,0.0,0.0,0.0,0.0,0.0,0.0,0.4023,0.011826,0.0,0.0,0.0,0.0,0.0,0.0,0.0,0.0,0.0,0.0,0.049730625777041036,12.308329879817636,17.517612929962706,0.1243265644426026,0.0,0.0,0.0,0.0,0.0,0.0,0.0,0.0,0.0,0.0,0.0,0.0,0.0,0.0,0.0,0.0
76700,4685,2449,0.5227321237993596,1168,955,0.45314834578441837,1317,0.5622198505869798,0.422,3.0067084078711988,3.1108687198682765,6.546031746031746,2.2075502041299297,8382.736734258271,506.17605521667423,7853.0,8866.4,8866.399999999998,1.8189894035458565e-12,7853.0,0.0,27.932337246531482,20.76151903286992,32.88637519064565,18.964354019134024,0.14087513340448238,0.09541088580576307,0.09092849519743863,0.08900747065101387,0.07641408751334045,0.08068303094983992,0.07726787620064034,0.06104589114194237,0.059978655282817504,0.05165421558164354,0.04567769477054429,0.03948772678762007,0.03393810032017076,0.021344717182497332,0.01728922091782284,0.010885805763073639,0.008110992529348986,0.8263044593046671,0.033287363911368696,0.0,0.0,0.0,0.0,0.0,0.0,0.0,0.0,0.0,0.0,0.0,0.0,0.0,0.0,0.0,0.0,0.0,0.0,0.0,0.0,0.032017075773746004,0.12166488794023482,0.8004268943436501,4.565635005336166,12.845250800426898,8.887940234791891,2.1515474919957316,0.38420490928495205,0.13447171824973322,0.07684098185699041,4.249665327978581,2.8818634775997665,4.0476190476190474,2.6987861552961436,0.9524559548185315,4.2503364737550475,2.909685273846974,4.241088788075178,2.84946527380505,0.9978242462127476,0.403,0.01119,0.0,0.0,0.0,0.0,0.0,0.0,0.0,0.0,0.0,0.0,0.032017075773746004,11.743863393810015,18.140875133404485,0.08324439701173962,0.0,0.0,0.0,0.0,0.0,0.0,0.0,0.0,0.0,0.0,0.0,0.0,0.0,0.0,0.0,0.0,nan,nan,4.246864686468647,2.8795022267918964,nan,0.403,0.0633,0.0,0.0,0.0,0.0,0.0,0.0,0.0,0.0,0.0,0.0,0.0,0.0,0.0,0.0,0.0,0.0,0.0,0.0,0.0,0.0,9.6051227321238e-05,1.0672358591248667e-05,0.000864461045891142,0.005805763073639275,0.002305229455709712,0.0014727854855923158,0.014418356456776948,0.0025080042689434364,0.010330843116328708,0.00887940234791889,0.028068303094983992,0.030693703308431162,0.03662753468516542,0.022379935965848453,0.015709711846318038,0.02342582710779082,0.04780149413020277,0.03660618996798293,0.07550693703308431,0.08093916755602988,0.07764140875133405,0.07474919957310566,0.053500533617929565,0.07454642475987193,0.05495197438633938,0.0255923159018143,0.02520811099252935,0.04536819637139808,0.013745997865528282,0.026392742796157952,0.022049092849519746,0.014183564567769476,0.01872998932764141,0.01040554962646745,0.00951974386339381,0.003415154749199573,0.004589114194236926,0.0005229455709711846,2.1344717182497334e-05,4.268943436499467e-05,0.0,0.0003735325506937033,0.0,0.0,0.0,0.0,0.0,0.0,0.0,0.0,0.0,0.0,0.0,0.0,0.0,0.0,0.0,0.0,0.0,0.0,0.0,0.0,0.0,0.0,0.0,0.0,0.0,0.0,0.0,0.0,0.0,0.0,0.0,0.0,0.0,0.0,0.0,0.0,0.0,0.0,0.0,nan,nan,4.246864686468647,2.8795022267918964,nan,0.8268097728892413,0.033367824760155144,0.0,0.0,0.0,0.0,0.0,0.0,0.0,0.0,0.0,0.0,0.0,0.0,0.0,0.0,0.0,0.0,0.0,0.0,0.0,0.0,0.03674969375255207,0.14699877501020828,0.7594936708860761,4.275214373213543,13.144140465496124,8.807676602694979,2.1927317272356066,0.4164965291955901,0.14699877501020828,0.07349938750510414,0.8257510098553728,0.033190188346865095,0.0,0.0,0.0,0.0,0.0,0.0,0.0,0.0,0.0,0.0,0.0,0.0,0.0,0.0,0.0,0.0,0.0,0.0,0.0,0.0,0.02683363148479428,0.09391771019678,0.8452593917710198,4.883720930232543,12.517889087656533,8.975849731663686,2.106440071556351,0.3488372093023257,0.12075134168157427,0.08050089445438284,0.403,0.0113,0.0,0.0,0.0,0.0,0.0,0.0,0.0,0.0,0.0,0.0,0.06124948958758678,11.625153123723953,18.215598203348307,0.09799918334013885,0.0,0.0,0.0,0.0,0.0,0.0,0.0,0.0,0.0,0.0,0.0,0.0,0.0,0.0,0.0,0.0,0.403,0.01107,0.0,0.0,0.0,0.0,0.0,0.0,0.0,0.0,0.0,0.0,0.0,11.87388193202145,18.05903398926655,0.0670840787119857,0.0,0.0,0.0,0.0,0.0,0.0,0.0,0.0,0.0,0.0,0.0,0.0,0.0,0.0,0.0,0.0
76800,4967,2596,0.5226494866116368,1221,1051,0.4574189651701228,1410,0.5677471310650292,0.40599999999999997,2.9700548291859974,3.0830534944756445,6.587326120556415,2.1478633479929687,8382.652989732234,506.1798595977045,7853.0,8866.4,8866.4,0.0,7853.0,0.0,27.837125025166095,20.605946716753643,32.75455417066156,18.81059823125079,0.1393195087578015,0.09865109724179585,0.09462452184417153,0.08616871350916046,0.08435675458022951,0.06865311052949466,0.07046506945842561,0.0628145762029394,0.06382122005234549,0.05395611032816589,0.048721562311254275,0.03905778135695591,0.03462854841956916,0.022951479766458626,0.016508959130259713,0.01167706865311053,0.0036239178578618887,0.8258078842665172,0.03449329579987142,0.0,0.0,0.0,0.0,0.0,0.0,0.0,0.0,0.0,0.0,0.0,0.0,0.0,0.0,0.0,0.0,0.0,0.0,0.012079726192872965,0.006039863096436482,0.02415945238574593,0.17515602979665798,1.0871753573585667,4.705053352124004,12.085766055969401,9.017515602979667,2.2770283873565536,0.45298973223273614,0.09663780954298372,0.06039863096436482,4.2202154626109,2.852186043383688,3.830188679245283,2.6687276952828953,0.9075813102859157,4.2200124300807955,2.8227209631212444,4.207629768605378,2.877427943102003,0.9970657286724675,0.404,0.01144,0.0,0.0,0.0,0.0,0.0,0.0,0.0,0.0,0.0,0.0,0.02415945238574593,10.853633984296339,18.95309039661768,0.1691161667002215,0.0,0.0,0.0,0.0,0.0,0.0,0.0,0.0,0.0,0.0,0.0,0.0,0.0,0.0,0.0,0.0,nan,nan,4.213773761296354,2.8496855544689357,nan,0.404,0.0631,0.0,0.0,0.0,0.0,0.0,0.0,0.0,0.0,0.0,0.0,0.0,0.0,0.0,0.0,0.0,0.0,0.0,0.0,0.0,1.00664384940608e-05,0.00034225890879806725,0.0,0.0005737869941614657,0.0057479363801087174,0.002577008254479565,0.0012482383732635393,0.013327964566136502,0.002375679484598349,0.01017716931749547,0.008687336420374472,0.02649486611636803,0.03063217233742702,0.0363901751560298,0.02021340849607409,0.01420374471511979,0.022931346889470506,0.049194684920475136,0.0374672840748943,0.07457217636400242,0.08082343466881417,0.07360579826857258,0.07452184417153211,0.056482786390175156,0.07520636198912825,0.059140326152607205,0.026051942822629355,0.026062009261123415,0.044654721159653715,0.014485604992953493,0.02685725790215422,0.021280450976444532,0.014525870746929737,0.020434870142943425,0.009734246023756795,0.01005637205556674,0.0031205959331588482,0.0047412925307026375,0.0008355143950070465,0.0,7.046506945842561e-05,0.0,0.00014093013891685122,0.0,0.0,0.0,0.0,0.0,0.0,0.0,0.0,0.0,0.0,0.0,0.0,0.0,0.0,0.0,0.0,0.0,0.0,0.0,0.0,0.0,0.0,0.0,0.0,0.0,0.0,0.0,0.0,0.0,0.0,0.0,0.0,0.0,0.0,0.0,0.0,0.0,0.0,0.0,nan,nan,4.213773761296354,2.8496855544689357,nan,0.8259216863403702,0.03463460387475225,0.0,0.0,0.0,0.0,0.0,0.0,0.0,0.0,0.0,0.0,0.0,0.0,0.0,0.0,0.0,0.0,0.0,0.0,0.011556240369799695,0.0,0.02311248073959939,0.2311248073959939,1.0862865947611713,4.622496147919862,12.09938366718028,9.03697996918336,2.2881355932203395,0.43913713405238836,0.09244992295839756,0.06933744221879816,0.8256832827550357,0.03433747860948654,0.0,0.0,0.0,0.0,0.0,0.0,0.0,0.0,0.0,0.0,0.0,0.0,0.0,0.0,0.0,0.0,0.0,0.0,0.0126528890763391,0.0126528890763391,0.0253057781526782,0.1138760016870519,1.0881484605651626,4.795444959932503,12.070856178827501,8.9962041332771,2.2648671446646986,0.4681568958245467,0.1012231126107128,0.0506115563053564,0.4043,0.011406,0.0,0.0,0.0,0.0,0.0,0.0,0.0,0.0,0.0,0.0,0.03466872110939908,10.805084745762697,18.9753466872111,0.18489984591679512,0.0,0.0,0.0,0.0,0.0,0.0,0.0,0.0,0.0,0.0,0.0,0.0,0.0,0.0,0.0,0.0,0.404,0.01147,0.0,0.0,0.0,0.0,0.0,0.0,0.0,0.0,0.0,0.0,0.0126528890763391,10.906790383804287,18.92872205820329,0.1518346689160692,0.0,0.0,0.0,0.0,0.0,0.0,0.0,0.0,0.0,0.0,0.0,0.0,0.0,0.0,0.0,0.0
76900,4865,2473,0.5083247687564234,1135,990,0.4367934224049332,1392,0.5722507708119219,0.39799999999999996,2.898829431438127,3.0194129921327773,6.369723435225619,2.1187766125744063,8368.136320657759,506.62976471360156,7853.0,8866.4,8866.399999999998,1.8189894035458565e-12,7853.0,0.0,27.872147995889,21.0922140988485,33.1318654131618,19.269468045248534,0.1484069886947585,0.0986639260020555,0.0920863309352518,0.08591983556012334,0.0776978417266187,0.0698869475847893,0.07214799588900309,0.060431654676258995,0.05714285714285714,0.0526207605344296,0.04912641315519013,0.04049331963001028,0.031243576567317573,0.02959917780061665,0.015416238437821172,0.012332990750256937,0.0067831449126413155,0.8237882479244244,0.03314886783220785,0.0,0.0,0.0,0.0,0.0,0.0,0.0,0.0,0.0,0.0,0.0,0.0,0.0,0.0,0.0,0.0,0.0,0.0,0.0,0.0,0.00616649537512847,0.25899280575539574,1.011305241521069,4.976361767728658,12.690647482014391,8.58376156217883,2.0102774922918814,0.3453237410071943,0.08016443987667012,0.03699897225077082,4.244991789819376,2.7901560552665283,4.394366197183099,2.9763332826754447,1.0351883854574142,4.267777065983344,2.76984646628239,4.228938906752411,2.8191464979626386,0.990899674788429,0.4045,0.01128,0.0,0.0,0.0,0.0,0.0,0.0,0.0,0.0,0.0,0.0,0.01233299075025694,10.316546762589914,19.566289825282634,0.10483042137718399,0.0,0.0,0.0,0.0,0.0,0.0,0.0,0.0,0.0,0.0,0.0,0.0,0.0,0.0,0.0,0.0,nan,nan,4.248395378690629,2.7946252040471298,nan,0.4045,0.06335,0.0,0.0,0.0,0.0,0.0,0.0,0.0,0.0,0.0,0.0,0.0,0.0,0.0,0.0,0.0,0.0,0.0,0.0,0.0,0.0,0.00020554984583761563,0.0,0.0005652620760534429,0.005385405960945529,0.0028263103802672147,0.0012435765673175746,0.013648509763617677,0.0022610483042137717,0.010647482014388488,0.007985611510791368,0.026392600205549847,0.03025693730729702,0.03501541623843782,0.020575539568345323,0.015734840698869476,0.022332990750256937,0.04769784172661871,0.03674203494347379,0.07563206577595066,0.08123329907502569,0.07243576567317575,0.07612538540596095,0.05733812949640288,0.07367934224049331,0.05795477903391572,0.027019527235354574,0.026228160328879754,0.04265159301130524,0.01460431654676259,0.025611510791366907,0.02272353545734841,0.016372045220966084,0.02052415210688592,0.010688591983556012,0.010760534429599178,0.002908530318602261,0.004943473792394655,0.0007913669064748202,0.0,0.00011305241521068859,0.0,0.00014388489208633093,0.0,0.0,0.0,0.0,0.0,0.0,0.0,0.0,0.0,0.0,0.0,0.0,0.0,0.0,0.0,0.0,0.0,0.0,0.0,0.0,0.0,0.0,0.0,0.0,0.0,0.0,0.0,0.0,0.0,0.0,0.0,0.0,0.0,0.0,0.0,0.0,0.0,0.0,0.0,nan,nan,4.248395378690629,2.7946252040471298,nan,0.8229408887683067,0.03317669498550595,0.0,0.0,0.0,0.0,0.0,0.0,0.0,0.0,0.0,0.0,0.0,0.0,0.0,0.0,0.0,0.0,0.0,0.0,0.0,0.0,0.0,0.303275374039628,1.0675293166194906,5.070764253942564,12.604124545086941,8.588758592802266,1.9409623938536193,0.303275374039628,0.1091791346542661,0.012131014961585123,0.8246643010987884,0.033097273105776225,0.0,0.0,0.0,0.0,0.0,0.0,0.0,0.0,0.0,0.0,0.0,0.0,0.0,0.0,0.0,0.0,0.0,0.0,0.0,0.0,0.012541806020066893,0.21321070234113718,0.9531772575250838,4.8787625418060045,12.780100334448164,8.578595317725753,2.081939799331104,0.38879598662207365,0.050167224080267574,0.06270903010033446,0.4045,0.01121,0.0,0.0,0.0,0.0,0.0,0.0,0.0,0.0,0.0,0.0,0.012131014961585123,10.469065911847943,19.433885968459364,0.08491710473109586,0.0,0.0,0.0,0.0,0.0,0.0,0.0,0.0,0.0,0.0,0.0,0.0,0.0,0.0,0.0,0.0,0.4048,0.01135,0.0,0.0,0.0,0.0,0.0,0.0,0.0,0.0,0.0,0.0,0.012541806020066893,10.158862876254165,19.703177257525088,0.12541806020066892,0.0,0.0,0.0,0.0,0.0,0.0,0.0,0.0,0.0,0.0,0.0,0.0,0.0,0.0,0.0,0.0
77000,4350,2303,0.5294252873563219,1086,860,0.4473563218390805,1226,0.5636781609195403,0.39399999999999996,2.9335613092330237,2.9229616999195733,6.021138211382114,2.1332540139924,8389.519586206896,505.82178905069844,7853.0,8866.4,8866.399999999998,1.8189894035458565e-12,7853.0,0.0,29.099310344827586,21.246073865464872,33.731628532974426,19.51984484669722,0.12919540229885057,0.09195402298850575,0.09034482758620689,0.09080459770114943,0.08,0.0760919540229885,0.06712643678160919,0.06413793103448276,0.05724137931034483,0.054942528735632185,0.04574712643678161,0.045057471264367814,0.037471264367816094,0.028045977011494253,0.019310344827586208,0.014482758620689656,0.008045977011494253,0.8213777578973223,0.033410274863788725,0.0,0.0,0.0,0.0,0.0,0.0,0.0,0.0,0.0,0.0,0.0,0.0,0.0,0.0,0.0,0.0,0.0,0.0,0.0,0.0,0.08275862068965519,0.2137931034482759,1.0689655172413794,5.558620689655155,12.937931034482762,7.882758620689657,1.7655172413793108,0.3931034482758622,0.08275862068965519,0.013793103448275865,4.070038910505836,2.789650150919952,4.245283018867925,2.705031373426392,1.0430571088423104,3.9480968858131487,2.805963405715006,4.199303135888502,2.76450867699521,1.0636271746466057,0.4048,0.01174,0.0,0.0,0.0,0.0,0.0,0.0,0.0,0.0,0.0,0.0,0.006896551724137933,10.172413793103432,19.655172413793107,0.16551724137931037,0.0,0.0,0.0,0.0,0.0,0.0,0.0,0.0,0.0,0.0,0.0,0.0,0.0,0.0,0.0,0.0,nan,nan,4.073263888888889,2.7882156106502536,nan,0.4048,0.0638,0.0,0.0,0.0,0.0,0.0,0.0,0.0,0.0,0.0,0.0,0.0,0.0,0.0,0.0,0.0,0.0,0.0,0.0,0.0,0.0,0.0005862068965517242,0.0,0.0007816091954022989,0.005517241379310344,0.003,0.001586206896551724,0.011298850574712643,0.0018620689655172414,0.01096551724137931,0.009114942528735633,0.02693103448275862,0.029448275862068964,0.03368965517241379,0.02128735632183908,0.017,0.024091954022988506,0.04613793103448276,0.03725287356321839,0.07558620689655172,0.08086206896551724,0.07342528735632184,0.07713793103448276,0.05797701149425288,0.06886206896551725,0.05750574712643678,0.02718390804597701,0.02639080459770115,0.042379310344827587,0.013873563218390804,0.02403448275862069,0.023287356321839082,0.015528735632183908,0.023172413793103447,0.01174712643678161,0.010735632183908045,0.002758620689655172,0.00567816091954023,0.000896551724137931,0.0,0.00014942528735632183,3.4482758620689657e-05,0.0002413793103448276,0.0,0.0,0.0,0.0,0.0,0.0,0.0,0.0,0.0,0.0,0.0,0.0,0.0,0.0,0.0,0.0,0.0,0.0,0.0,0.0,0.0,0.0,0.0,0.0,0.0,0.0,0.0,0.0,0.0,0.0,0.0,0.0,0.0,0.0,0.0,0.0,0.0,0.0,0.0,nan,nan,4.073263888888889,2.7882156106502536,nan,0.8215516241177547,0.033249121223780716,0.0,0.0,0.0,0.0,0.0,0.0,0.0,0.0,0.0,0.0,0.0,0.0,0.0,0.0,0.0,0.0,0.0,0.0,0.0,0.0,0.07815892314372559,0.195397307859314,1.0681719496309163,5.432045158488911,12.922275293095964,8.141554494138083,1.719496309161963,0.3517151541467652,0.07815892314372559,0.013026487190620932,0.8211821477821994,0.033589582522119694,0.0,0.0,0.0,0.0,0.0,0.0,0.0,0.0,0.0,0.0,0.0,0.0,0.0,0.0,0.0,0.0,0.0,0.0,0.0,0.0,0.08793356130923304,0.23448949682462145,1.0698583292623354,5.70102589154859,12.955544699560336,7.59159745969712,1.8172936003908162,0.4396678065461652,0.08793356130923304,0.01465559355153884,0.4048,0.01185,0.0,0.0,0.0,0.0,0.0,0.0,0.0,0.0,0.0,0.0,0.0,10.538428137212316,19.279201042118977,0.18237082066869306,0.0,0.0,0.0,0.0,0.0,0.0,0.0,0.0,0.0,0.0,0.0,0.0,0.0,0.0,0.0,0.0,0.4048,0.01163,0.0,0.0,0.0,0.0,0.0,0.0,0.0,0.0,0.0,0.0,0.01465559355153884,9.76062530532485,20.07816316560821,0.1465559355153884,0.0,0.0,0.0,0.0,0.0,0.0,0.0,0.0,0.0,0.0,0.0,0.0,0.0,0.0,0.0,0.0
77100,4221,2147,0.5086472399905235,1013,859,0.44349680170575695,1180,0.5591092158256338,0.418,2.98023143683703,3.1583253537240346,6.867620751341682,2.0867603498678218,8368.463113006395,506.6242175917343,7853.0,8866.4,8866.399999999998,1.8189894035458565e-12,7853.0,0.0,27.30514096185738,20.44729026857693,32.21165817770232,18.730550596823914,0.14190950011845535,0.10281923714759536,0.0978441127694859,0.08718313195925136,0.07841743662639185,0.07770670457237622,0.06941483060886046,0.06301824212271974,0.054252546789860225,0.05804311774461028,0.04975124378109453,0.0400379057095475,0.025112532575219143,0.02155887230514096,0.01847903340440654,0.009002606017531391,0.00544894574745321,0.8197821162092096,0.032777823490414124,0.0,0.0,0.0,0.0,0.0,0.0,0.0,0.0,0.0,0.0,0.0,0.0,0.0,0.0,0.0,0.0,0.0,0.0,0.0,0.007107320540156363,0.049751243781094544,0.23454157782515997,1.158493248045487,5.806680881307729,13.432835820895527,7.3560767590618354,1.5351812366737745,0.3127221037668799,0.06396588486140727,0.04264392324093817,4.392089093701997,2.8858650327854933,4.186440677966102,2.696353949199224,0.9531775400387978,4.411119239209949,2.885900313596706,4.362654320987654,2.877589074295707,0.9890130110763057,0.4048,0.01186,0.0,0.0,0.0,0.0,0.0,0.0,0.0,0.0,0.0,0.0,0.021321961620469086,10.47619047619046,19.30348258706468,0.19900497512437818,0.0,0.0,0.0,0.0,0.0,0.0,0.0,0.0,0.0,0.0,0.0,0.0,0.0,0.0,0.0,0.0,nan,nan,4.387532857679309,2.8819602902991295,nan,0.4048,0.0638,0.0,0.0,0.0,0.0,0.0,0.0,0.0,0.0,0.0,0.0,0.0,0.0,0.0,0.0,0.0,0.0,0.0,0.0,0.0,1.1845534233593935e-05,0.0006751954513148543,0.0,0.0008884150675195451,0.0063136697465055675,0.0033404406538734897,0.00111348021795783,0.010696517412935324,0.0017412935323383085,0.012236436863302535,0.008753849798625918,0.027161809997630893,0.031959251362236436,0.031047145226249705,0.020871831319592513,0.016086235489220564,0.023098791755508174,0.04371002132196162,0.03835583984837716,0.07551528073916133,0.0814262023217247,0.0714641080312722,0.07918739635157546,0.06048329779673063,0.06633499170812604,0.05965411040037906,0.027576403695806682,0.026806443970623074,0.04222932954276238,0.01372897417673537,0.025870646766169153,0.02321724709784411,0.014167258943378346,0.023383084577114428,0.01195214404169628,0.009583037194977493,0.0033404406538734897,0.005259417199715707,0.000556740108978915,1.1845534233593935e-05,9.476427386875148e-05,0.0,9.476427386875148e-05,0.0,0.0,0.0,0.0,0.0,0.0,0.0,0.0,0.0,0.0,0.0,0.0,0.0,0.0,0.0,0.0,0.0,0.0,0.0,0.0,0.0,0.0,0.0,0.0,0.0,0.0,0.0,0.0,0.0,0.0,0.0,0.0,0.0,0.0,0.0,0.0,0.0,0.0,0.0,nan,nan,4.387532857679309,2.8819602902991295,nan,0.820037593356276,0.032335324950265844,0.0,0.0,0.0,0.0,0.0,0.0,0.0,0.0,0.0,0.0,0.0,0.0,0.0,0.0,0.0,0.0,0.0,0.0,0.0,0.0,0.055891942244993026,0.1956217978574756,1.1318118304611087,5.673032137866773,13.553795994410809,7.475547275267817,1.5370284117373083,0.23754075454122037,0.0978108989287378,0.04191895668374477,0.8195176468578346,0.033227621166079455,0.0,0.0,0.0,0.0,0.0,0.0,0.0,0.0,0.0,0.0,0.0,0.0,0.0,0.0,0.0,0.0,0.0,0.0,0.0,0.014464802314368374,0.04339440694310512,0.2748312439729991,1.1861137897782066,5.945033751205382,13.307618129218904,7.232401157184187,1.5332690453230478,0.3905496624879461,0.028929604628736748,0.04339440694310512,0.4043,0.01211,0.0,0.0,0.0,0.0,0.0,0.0,0.0,0.0,0.0,0.0,0.04191895668374477,10.661387983232402,19.115044247787615,0.18164881229622734,0.0,0.0,0.0,0.0,0.0,0.0,0.0,0.0,0.0,0.0,0.0,0.0,0.0,0.0,0.0,0.0,0.405,0.01159,0.0,0.0,0.0,0.0,0.0,0.0,0.0,0.0,0.0,0.0,0.0,10.284474445515897,19.498553519768567,0.21697203471552562,0.0,0.0,0.0,0.0,0.0,0.0,0.0,0.0,0.0,0.0,0.0,0.0,0.0,0.0,0.0,0.0
77200,4383,2284,0.5211042664841433,1118,868,0.4531143052703628,1230,0.5612594113620808,0.40199999999999997,3.0028585040495472,3.10188917592669,6.608196721311476,2.0531299641828125,8381.087063655032,506.2484404995392,7853.0,8866.4,8866.4,0.0,7853.0,0.0,27.919233401779604,20.68495916409805,32.624966298193584,19.001549000449856,0.13552361396303902,0.10221309605293179,0.09331508099475246,0.08327629477526809,0.08327629477526809,0.08145106091718002,0.06867442391056354,0.06137348847821127,0.059320100387862194,0.05384439881359799,0.04768423454255077,0.040383299110198494,0.02943189596167009,0.024412502851927902,0.01756787588409765,0.01163586584531143,0.006616472735569244,0.8200656896499148,0.033361671098894694,0.0,0.0,0.0,0.0,0.0,0.0,0.0,0.0,0.0,0.0,0.0,0.0,0.0,0.0,0.0,0.0,0.0,0.0,0.0,0.0,0.0,0.17111567419575635,1.1978097193702946,6.2628336755646625,12.977412731006163,7.323750855578373,1.5605749486652982,0.28062970568104045,0.1368925393566051,0.08898015058179332,4.207843137254902,2.886308416448131,4.425531914893617,2.803832338228578,1.051734052467728,4.2280826799714895,2.889878809101966,4.191988950276243,2.8786011642569256,0.9914633339914984,0.4055,0.01179,0.0,0.0,0.0,0.0,0.0,0.0,0.0,0.0,0.0,0.0,0.020533880903490762,9.466119096509226,20.260095824777554,0.25325119780971944,0.0,0.0,0.0,0.0,0.0,0.0,0.0,0.0,0.0,0.0,0.0,0.0,0.0,0.0,0.0,0.0,nan,nan,4.211430575035063,2.8851014602477174,nan,0.4055,0.06366,0.0,0.0,0.0,0.0,0.0,0.0,0.0,0.0,0.0,0.0,0.0,0.0,0.0,0.0,0.0,0.0,0.0,0.0,0.0,4.563084645220169e-05,0.00034223134839151266,0.0,0.0008783937942048825,0.0067419575633128,0.003080082135523614,0.0011749942961441935,0.010597764088523842,0.0020191649555099246,0.009890485968514716,0.008076659822039698,0.028017339721651838,0.030629705681040384,0.03004791238877481,0.022085329682865616,0.01597079625827059,0.023169062286105407,0.04315537303216975,0.03872918092630618,0.07597535934291581,0.07935204198037873,0.07202829112480036,0.07978553502167465,0.06124800365046772,0.06516084873374402,0.06155601186402008,0.026340406114533425,0.02640885238421173,0.044364590463153095,0.013632215377595255,0.024937257586128223,0.025541866301619896,0.014214008669860827,0.021845767738991557,0.01267396760209902,0.00999315537303217,0.004129591603924253,0.005806525211042665,0.0003194159251654118,0.0,2.2815423226100844e-05,1.1407711613050422e-05,0.0,0.0,0.0,0.0,0.0,0.0,0.0,0.0,0.0,0.0,0.0,0.0,0.0,0.0,0.0,0.0,0.0,0.0,0.0,0.0,0.0,0.0,0.0,0.0,0.0,0.0,0.0,0.0,0.0,0.0,0.0,0.0,0.0,0.0,0.0,0.0,0.0,0.0,0.0,0.0,nan,nan,4.211430575035063,2.8851014602477174,nan,0.8198126991085329,0.033270559795002076,0.0,0.0,0.0,0.0,0.0,0.0,0.0,0.0,0.0,0.0,0.0,0.0,0.0,0.0,0.0,0.0,0.0,0.0,0.0,0.0,0.0,0.170753064798599,1.1558669001751316,6.475481611208386,12.911558669001755,7.197898423817865,1.589316987740806,0.2758318739054291,0.14448336252189145,0.0788091068301226,0.8203409780713137,0.03345835763156459,0.0,0.0,0.0,0.0,0.0,0.0,0.0,0.0,0.0,0.0,0.0,0.0,0.0,0.0,0.0,0.0,0.0,0.0,0.0,0.0,0.0,0.17151024297284423,1.2434492615531207,6.031443544545002,13.049070986183901,7.460695569318725,1.5292996665078613,0.2858504049547404,0.1286326822296332,0.10004764173415916,0.4055,0.011566,0.0,0.0,0.0,0.0,0.0,0.0,0.0,0.0,0.0,0.0,0.013134851138353769,8.971103327495609,20.805604203152367,0.2101576182136603,0.0,0.0,0.0,0.0,0.0,0.0,0.0,0.0,0.0,0.0,0.0,0.0,0.0,0.0,0.0,0.0,0.4053,0.01202,0.0,0.0,0.0,0.0,0.0,0.0,0.0,0.0,0.0,0.0,0.028585040495474043,10.004764173415898,19.66650786088614,0.30014292520247743,0.0,0.0,0.0,0.0,0.0,0.0,0.0,0.0,0.0,0.0,0.0,0.0,0.0,0.0,0.0,0.0
77300,4362,2226,0.5103163686382394,1031,909,0.4447501146263182,1234,0.5657955066483265,0.414,2.900749063670412,3.0571153879242754,6.535042735042735,2.032863175543649,8370.154607977993,506.5921349291029,7853.0,8866.4,8866.4,0.0,7853.0,0.0,27.456671251719396,20.68768608472806,32.567887634260536,18.910121060368873,0.14442916093535077,0.10660247592847318,0.08619899128839982,0.08826226501604768,0.08574048601558917,0.07359009628610728,0.06762952773956901,0.061210453920220086,0.06098120128381476,0.04951856946354883,0.046538285190279687,0.041953232462173314,0.032324621733149934,0.02361302154974782,0.014442916093535076,0.011004126547455296,0.005960568546538285,0.8219663854560301,0.03300017023960287,0.0,0.0,0.0,0.0,0.0,0.0,0.0,0.0,0.0,0.0,0.0,0.0,0.0,0.0,0.0,0.0,0.0,0.0,0.0,0.0,0.006877579092159561,0.1237964236588721,1.1416781292984872,5.5226960110041095,13.225584594222838,7.702888583218709,1.753782668500688,0.3782668500687759,0.08940852819807431,0.05502063273727649,4.271068952936885,2.880547533483035,3.977777777777778,2.720203332995441,0.9313307327999393,4.259365994236311,2.9004407200235947,4.273247496423462,2.8560629303904825,1.0032590536258061,0.4062,0.01189,0.0,0.0,0.0,0.0,0.0,0.0,0.0,0.0,0.0,0.0,0.034387895460797804,9.078404401650605,20.625859697386524,0.26134800550206333,0.0,0.0,0.0,0.0,0.0,0.0,0.0,0.0,0.0,0.0,0.0,0.0,0.0,0.0,0.0,0.0,nan,nan,4.266331658291457,2.878266078250974,nan,0.4062,0.0633,0.0,0.0,0.0,0.0,0.0,0.0,0.0,0.0,0.0,0.0,0.0,0.0,0.0,0.0,0.0,0.0,0.0,0.0,0.0,8.023842274186154e-05,0.00011462631820265933,0.0,0.0007909215955983494,0.0070839064649243465,0.0023727647867950482,0.0010774873911049978,0.010683172856487849,0.002567629527739569,0.009674461256304447,0.0074392480513525905,0.026742320036680423,0.03067400275103164,0.028255387436955524,0.021629986244841817,0.01516506189821183,0.023246217331499314,0.04298486932599725,0.036634571297569925,0.0749656121045392,0.07897753324163227,0.07440394314534617,0.07995185694635489,0.06545162769371848,0.060751948647409446,0.06532553874369555,0.027773956900504358,0.02640990371389271,0.045369096744612564,0.013044475011462631,0.024793672627235214,0.027464465841357175,0.013010087116001833,0.023521320495185696,0.012597432370472261,0.008986703347088492,0.0032897753324163228,0.006396148555708391,0.00022925263640531865,2.2925263640531865e-05,0.0,4.585052728106373e-05,0.0,0.0,0.0,0.0,0.0,0.0,0.0,0.0,0.0,0.0,0.0,0.0,0.0,0.0,0.0,0.0,0.0,0.0,0.0,0.0,0.0,0.0,0.0,0.0,0.0,0.0,0.0,0.0,0.0,0.0,0.0,0.0,0.0,0.0,0.0,0.0,0.0,0.0,0.0,0.0,nan,nan,4.266331658291457,2.878266078250974,nan,0.8218439028858603,0.03371213330981256,0.0,0.0,0.0,0.0,0.0,0.0,0.0,0.0,0.0,0.0,0.0,0.0,0.0,0.0,0.0,0.0,0.0,0.0,0.0,0.0,0.0,0.10781671159029652,1.3342318059299194,5.606469002695401,12.762803234501352,7.843665768194072,1.7789757412398925,0.40431266846361197,0.10781671159029652,0.05390835579514826,0.8220940288086509,0.032240988619698076,0.0,0.0,0.0,0.0,0.0,0.0,0.0,0.0,0.0,0.0,0.0,0.0,0.0,0.0,0.0,0.0,0.0,0.0,0.0,0.0,0.014044943820224722,0.14044943820224723,0.9410112359550564,5.4353932584269495,13.70786516853933,7.556179775280901,1.7275280898876408,0.35112359550561806,0.07022471910112361,0.05617977528089889,0.4062,0.01202,0.0,0.0,0.0,0.0,0.0,0.0,0.0,0.0,0.0,0.0,0.04043126684636119,9.11051212938004,20.5256064690027,0.3234501347708895,0.0,0.0,0.0,0.0,0.0,0.0,0.0,0.0,0.0,0.0,0.0,0.0,0.0,0.0,0.0,0.0,0.4062,0.01174,0.0,0.0,0.0,0.0,0.0,0.0,0.0,0.0,0.0,0.0,0.028089887640449444,9.044943820224706,20.73033707865169,0.19662921348314613,0.0,0.0,0.0,0.0,0.0,0.0,0.0,0.0,0.0,0.0,0.0,0.0,0.0,0.0,0.0,0.0
77400,4009,2084,0.519830381641307,967,792,0.43876278373659267,1094,0.5457720129708157,0.426,3.0223376623376623,3.0819153667066503,6.460176991150442,2.135396579735233,8379.7961087553,506.30132965744326,7853.0,8866.4,8866.399999999998,1.8189894035458565e-12,7853.0,0.0,28.911948116737342,21.521323213904115,33.95260663507109,19.71099256259334,0.13893739087054127,0.09553504614617112,0.08979795460214518,0.0858069343976054,0.07133948615614867,0.07657770017460713,0.06660014966325767,0.06560239461212272,0.0538787727612871,0.057370915440259414,0.04539785482664006,0.04340234472437017,0.036418059366425545,0.02993265153404839,0.020453978548266402,0.013220254427538039,0.009728111748565728,0.8209554011549965,0.03389775838123684,0.0,0.0,0.0,0.0,0.0,0.0,0.0,0.0,0.0,0.0,0.0,0.0,0.0,0.0,0.0,0.0,0.0,0.0,0.0,0.0,0.0448989773010726,0.33674232975804447,1.197306061361936,5.140932900972794,13.394861561486659,7.797455724619608,1.6088800199551014,0.38164130705911703,0.059865303068096794,0.0374158144175605,4.212992125984252,2.823116838704585,4.0285714285714285,2.5688876334844597,0.9562257198926668,4.186544342507645,2.8328138371240223,4.228285933897002,2.8010099031976607,1.0099704166430385,0.4062,0.01176,0.0,0.0,0.0,0.0,0.0,0.0,0.0,0.0,0.0,0.0,0.014966325767024198,8.635569967572948,21.027687702669,0.32177600399102024,0.0,0.0,0.0,0.0,0.0,0.0,0.0,0.0,0.0,0.0,0.0,0.0,0.0,0.0,0.0,0.0,nan,nan,4.208045977011494,2.816755493021121,nan,0.4062,0.06287,0.0,0.0,0.0,0.0,0.0,0.0,0.0,0.0,0.0,0.0,0.0,0.0,0.0,0.0,0.0,0.0,0.0,0.0,0.0,7.483162883512098e-05,0.00031179845347967076,0.0,0.0011598902469443751,0.007059116986779745,0.0022324769269144425,0.000873035669743078,0.010226989274133201,0.003130456472935894,0.009665752057869794,0.007370915440259416,0.026615115989024694,0.03126714891494138,0.025692192566724868,0.02218757794961337,0.013369917685208281,0.023509603392367174,0.043452232476926915,0.037902220004988774,0.07582938388625593,0.07350960339236717,0.07710152157645297,0.0833250187079072,0.06368171613868795,0.06283362434522324,0.06434272886006485,0.029645796956847093,0.026340733349962585,0.0469693190321776,0.01196058867548017,0.02324769269144425,0.029047143926166127,0.01250935395360439,0.024494886505362932,0.012222499376403092,0.00916687453230232,0.0023073085557495637,0.005125966575205787,0.00017460713394861562,1.247193813918683e-05,0.0,4.988775255674732e-05,0.0,0.0,0.0,0.0,0.0,0.0,0.0,0.0,0.0,0.0,0.0,0.0,0.0,0.0,0.0,0.0,0.0,0.0,0.0,0.0,0.0,0.0,0.0,0.0,0.0,0.0,0.0,0.0,0.0,0.0,0.0,0.0,0.0,0.0,0.0,0.0,0.0,0.0,0.0,0.0,nan,nan,4.208045977011494,2.816755493021121,nan,0.82018197028971,0.03336331048901163,0.0,0.0,0.0,0.0,0.0,0.0,0.0,0.0,0.0,0.0,0.0,0.0,0.0,0.0,0.0,0.0,0.0,0.0,0.0,0.0,0.05758157389635318,0.3166986564299425,1.18042226487524,5.297504798464475,13.589251439539352,7.51439539347409,1.713051823416507,0.244721689059501,0.05758157389635318,0.02879078694817659,0.8217927154008444,0.03444743870122726,0.0,0.0,0.0,0.0,0.0,0.0,0.0,0.0,0.0,0.0,0.0,0.0,0.0,0.0,0.0,0.0,0.0,0.0,0.0,0.0,0.031168831168831176,0.3584415584415585,1.2155844155844158,4.971428571428556,13.184415584415587,8.103896103896107,1.4961038961038964,0.5298701298701299,0.06233766233766235,0.04675324675324676,0.4065,0.01162,0.0,0.0,0.0,0.0,0.0,0.0,0.0,0.0,0.0,0.0,0.014395393474088296,8.464491362763903,21.190019193857967,0.33109404990403074,0.0,0.0,0.0,0.0,0.0,0.0,0.0,0.0,0.0,0.0,0.0,0.0,0.0,0.0,0.0,0.0,0.406,0.0119,0.0,0.0,0.0,0.0,0.0,0.0,0.0,0.0,0.0,0.0,0.015584415584415588,8.820779220779208,20.851948051948057,0.31168831168831174,0.0,0.0,0.0,0.0,0.0,0.0,0.0,0.0,0.0,0.0,0.0,0.0,0.0,0.0,0.0,0.0
77500,3951,2045,0.5175904834219185,932,831,0.44621614781068086,1122,0.5679574791192104,0.426,2.9931794333683106,3.0934137234018757,6.618042226487524,2.1786745178311664,8377.526195899773,506.38633150959237,7853.0,8866.4,8866.399999999998,1.8189894035458565e-12,7853.0,0.0,27.667932169071122,20.828415984627995,32.84601339013999,19.017579102090355,0.1460389774740572,0.09946848899012908,0.09086307263983802,0.07846114907618325,0.0888382687927107,0.08023285244241964,0.07289293849658314,0.05568210579600101,0.05694760820045558,0.051632498101746395,0.04657048848392812,0.04176157934700076,0.03189066059225513,0.02328524424196406,0.01645153125790939,0.011389521640091117,0.007593014426727411,0.8202320151285593,0.032864993036655764,0.0,0.0,0.0,0.0,0.0,0.0,0.0,0.0,0.0,0.0,0.0,0.0,0.0,0.0,0.0,0.0,0.0,0.0,0.0,0.0075930144267274124,0.05315110098709189,0.20501138952164014,1.1085801063022023,6.0288534548215456,13.052391799544424,7.42596810933941,1.7539863325740324,0.29612756264236906,0.06833712984054671,0.0,4.263855421686747,2.8786464208104654,4.224489795918367,2.9984030179512464,0.9907675983645788,4.388584831899922,2.939828323154496,4.1350277998411435,2.8153450607310164,0.9422235089964052,0.4067,0.01222,0.0,0.0,0.0,0.0,0.0,0.0,0.0,0.0,0.0,0.0,0.022779043280182237,8.724373576309782,20.865603644646928,0.387243735763098,0.0,0.0,0.0,0.0,0.0,0.0,0.0,0.0,0.0,0.0,0.0,0.0,0.0,0.0,0.0,0.0,nan,nan,4.2630957069712485,2.88100979434461,nan,0.4067,0.06354,0.0,0.0,0.0,0.0,0.0,0.0,0.0,0.0,0.0,0.0,0.0,0.0,0.0,0.0,0.0,0.0,0.0,0.0,0.0,0.0,0.00045558086560364467,2.531004808909137e-05,0.0011769172361427486,0.006719817767653759,0.002138699063528221,0.0006074411541381929,0.011262971399645659,0.003973677549987345,0.009023032143761073,0.007517084282460136,0.026436345229055934,0.029815236648949632,0.026904581118704127,0.021386990635282207,0.014186281953935712,0.02642369020501139,0.04328018223234624,0.03448494052138699,0.0756770437863832,0.07356365477094406,0.07703113135914959,0.08442166540116426,0.0626044039483675,0.06088332067830929,0.06345229055935206,0.02722095671981777,0.028258668691470513,0.046810933940774485,0.01061756517337383,0.023247279169830423,0.030131612250063274,0.01360415084788661,0.026461655277145026,0.011123766135155656,0.010845355606175652,0.0016578081498354847,0.006213616805871931,0.0001771703366236396,0.00012655024044545685,1.2655024044545685e-05,3.7965072133637056e-05,0.0,0.0,0.0,0.0,0.0,0.0,0.0,0.0,0.0,0.0,0.0,0.0,0.0,0.0,0.0,0.0,0.0,0.0,0.0,0.0,0.0,0.0,0.0,0.0,0.0,0.0,0.0,0.0,0.0,0.0,0.0,0.0,0.0,0.0,0.0,0.0,0.0,0.0,0.0,0.0,nan,nan,4.2630957069712485,2.88100979434461,nan,0.8200276559605867,0.03271509696802362,0.0,0.0,0.0,0.0,0.0,0.0,0.0,0.0,0.0,0.0,0.0,0.0,0.0,0.0,0.0,0.0,0.0,0.0,0.0,0.014669926650366752,0.058679706601467006,0.20537897310513453,1.1149144254278731,6.205378973105115,12.73349633251834,7.62836185819071,1.7457212713936434,0.2787286063569683,0.014669926650366752,0.0,0.8204512777195897,0.033023657781385454,0.0,0.0,0.0,0.0,0.0,0.0,0.0,0.0,0.0,0.0,0.0,0.0,0.0,0.0,0.0,0.0,0.0,0.0,0.0,0.0,0.047219307450157406,0.2046169989506821,1.1017838405036728,5.839454354669447,13.394543546694653,7.208814270724031,1.7628541448058768,0.31479538300104937,0.12591815320041977,0.0,0.4065,0.01208,0.0,0.0,0.0,0.0,0.0,0.0,0.0,0.0,0.0,0.0,0.014669926650366752,8.713936430317837,20.963325183374085,0.30806845965770174,0.0,0.0,0.0,0.0,0.0,0.0,0.0,0.0,0.0,0.0,0.0,0.0,0.0,0.0,0.0,0.0,0.4067,0.01238,0.0,0.0,0.0,0.0,0.0,0.0,0.0,0.0,0.0,0.0,0.03147953830010494,8.735571878279105,20.760755508919207,0.4721930745015741,0.0,0.0,0.0,0.0,0.0,0.0,0.0,0.0,0.0,0.0,0.0,0.0,0.0,0.0,0.0,0.0
77600,3936,2086,0.529979674796748,999,734,0.4402947154471545,1066,0.5416666666666666,0.422,3.0816216216216215,3.1572032727523975,6.569395017793594,2.2240170743867482,8390.081402439024,505.78835532842976,7853.0,8866.4,8866.4,0.0,7853.0,0.0,28.67606707317073,20.98016137014805,33.20481569560047,19.32203988513506,0.12601626016260162,0.10289634146341463,0.08943089430894309,0.08663617886178862,0.08511178861788618,0.07876016260162602,0.06275406504065041,0.06326219512195122,0.057926829268292686,0.051829268292682924,0.049034552845528455,0.045477642276422765,0.03633130081300813,0.028709349593495935,0.018546747967479675,0.009654471544715448,0.007621951219512195,0.8204170634773204,0.03308247093279379,0.0,0.0,0.0,0.0,0.0,0.0,0.0,0.0,0.0,0.0,0.0,0.0,0.0,0.0,0.0,0.0,0.0,0.0,0.0,0.007621951219512197,0.05335365853658538,0.19817073170731714,1.1890243902439026,5.68597560975608,13.452743902439028,7.2027439024390265,1.737804878048781,0.3734756097560976,0.06859756097560978,0.030487804878048787,4.2247815726767275,2.939202154488586,3.98,2.753107335357632,0.9420605376950555,4.1228878648233485,2.9172322833122104,4.319905213270142,2.951615937395032,1.0477862495673855,0.4067,0.01212,0.0,0.0,0.0,0.0,0.0,0.0,0.0,0.0,0.0,0.0,0.02286585365853659,8.475609756097548,21.06707317073171,0.43445121951219523,0.0,0.0,0.0,0.0,0.0,0.0,0.0,0.0,0.0,0.0,0.0,0.0,0.0,0.0,0.0,0.0,nan,nan,4.220015576323988,2.935886243903288,nan,0.4067,0.0641,0.0,0.0,0.0,0.0,0.0,0.0,0.0,0.0,0.0,0.0,0.0,0.0,0.0,0.0,0.0,0.0,0.0,0.0,0.0,0.0,0.00021595528455284552,6.351626016260163e-05,0.0011178861788617887,0.007774390243902439,0.0021214430894308943,0.00048272357723577237,0.009946646341463415,0.004230182926829269,0.00896849593495935,0.006669207317073171,0.027464430894308944,0.031046747967479676,0.02652439024390244,0.021392276422764228,0.014646849593495935,0.02889989837398374,0.043572154471544715,0.03142784552845528,0.07748983739837398,0.08033536585365854,0.07282774390243903,0.08165650406504064,0.06083587398373984,0.05928607723577236,0.061648882113821135,0.027464430894308944,0.029357215447154472,0.043889735772357726,0.011471036585365853,0.024517276422764227,0.02933180894308943,0.014697662601626017,0.02646087398373984,0.010442073170731708,0.012474593495934959,0.0013465447154471545,0.00741869918699187,0.00035569105691056913,0.0001016260162601626,2.540650406504065e-05,0.0,0.0,0.0,0.0,0.0,0.0,0.0,0.0,0.0,0.0,0.0,0.0,0.0,0.0,0.0,0.0,0.0,0.0,0.0,0.0,0.0,0.0,0.0,0.0,0.0,0.0,0.0,0.0,0.0,0.0,0.0,0.0,0.0,0.0,0.0,0.0,0.0,0.0,0.0,0.0,0.0,nan,nan,4.220015576323988,2.935886243903288,nan,0.8208942310179183,0.03282960090509789,0.0,0.0,0.0,0.0,0.0,0.0,0.0,0.0,0.0,0.0,0.0,0.0,0.0,0.0,0.0,0.0,0.0,0.0,0.0,0.01438159156279962,0.0719079578139981,0.18696069031639506,1.1505273250239696,5.465004793863837,13.346116970278048,7.377756471716205,2.0278044103547463,0.2876318312559924,0.05752636625119848,0.01438159156279962,0.8198790248342462,0.033357113826762166,0.0,0.0,0.0,0.0,0.0,0.0,0.0,0.0,0.0,0.0,0.0,0.0,0.0,0.0,0.0,0.0,0.0,0.0,0.0,0.0,0.03243243243243244,0.21081081081081088,1.2324324324324327,5.935135135135116,13.572972972972977,7.005405405405408,1.410810810810811,0.4702702702702704,0.0810810810810811,0.04864864864864866,0.4065,0.01224,0.0,0.0,0.0,0.0,0.0,0.0,0.0,0.0,0.0,0.0,0.01438159156279962,8.628954937679758,20.925215723873446,0.4314477468839886,0.0,0.0,0.0,0.0,0.0,0.0,0.0,0.0,0.0,0.0,0.0,0.0,0.0,0.0,0.0,0.0,0.4067,0.01199,0.0,0.0,0.0,0.0,0.0,0.0,0.0,0.0,0.0,0.0,0.03243243243243244,8.30270270270269,21.22702702702703,0.437837837837838,0.0,0.0,0.0,0.0,0.0,0.0,0.0,0.0,0.0,0.0,0.0,0.0,0.0,0.0,0.0,0.0
77700,4016,2055,0.5117031872509961,940,856,0.44721115537848605,1158,0.5766932270916335,0.414,2.957164711881693,3.0831087111438826,6.506422018348624,2.177544919616214,8371.56000996016,506.561181066754,7853.0,8866.4,8866.399999999998,1.8189894035458565e-12,7853.0,0.0,27.704432270916335,20.758513356435646,32.65993465993466,19.010693887562674,0.14143426294820718,0.1028386454183267,0.08939243027888447,0.08640438247011953,0.08441235059760956,0.0796812749003984,0.06449203187250996,0.06548804780876494,0.05976095617529881,0.04780876494023904,0.04457171314741036,0.038346613545816734,0.03386454183266932,0.029133466135458166,0.01743027888446215,0.00846613545816733,0.006474103585657371,0.8199716696879303,0.03399851247204816,0.0,0.0,0.0,0.0,0.0,0.0,0.0,0.0,0.0,0.0,0.0,0.0,0.0,0.0,0.0,0.0,0.0,0.0,0.014940239043824705,0.014940239043824705,0.007470119521912353,0.1867529880478088,1.3296812749003986,5.849103585657352,13.214641434262951,7.223605577689245,1.6658366533864546,0.38844621513944233,0.04482071713147411,0.05976095617529882,4.269382911392405,2.8540132634256,4.836734693877551,2.992145764589593,1.132888474578194,4.247462919594067,2.8660649098575095,4.3125,2.849143999129875,1.0153119830913435,0.407,0.01217,0.0,0.0,0.0,0.0,0.0,0.0,0.0,0.0,0.0,0.0,0.022410358565737056,8.441235059760944,21.207669322709165,0.32868525896414347,0.0,0.0,0.0,0.0,0.0,0.0,0.0,0.0,0.0,0.0,0.0,0.0,0.0,0.0,0.0,0.0,nan,nan,4.280170741171905,2.857752747587883,nan,0.4072,0.06445,0.0,0.0,0.0,0.0,0.0,0.0,0.0,0.0,0.0,0.0,0.0,0.0,0.0,0.0,0.0,0.0,0.0,0.0,0.0,0.0,0.00039840637450199205,6.225099601593625e-05,0.0012699203187250996,0.008416334661354581,0.0016434262948207172,0.0007345617529880478,0.009711155378486056,0.004170816733067729,0.008864541832669322,0.008080179282868525,0.026431772908366534,0.02912101593625498,0.02671812749003984,0.01955926294820717,0.013695219123505976,0.030291334661354582,0.045268924302788845,0.029818227091633467,0.07471364541832669,0.08288097609561754,0.06750498007968128,0.08757470119521912,0.06273655378486055,0.05750747011952191,0.06119272908366534,0.029096115537848605,0.028498505976095618,0.04338894422310757,0.011765438247011952,0.022908366533864542,0.03051543824701195,0.013670318725099601,0.02839890438247012,0.010968625498007967,0.011516434262948207,0.0018675298804780877,0.008092629482071713,0.000747011952191235,0.00017430278884462153,2.4900398406374503e-05,0.0,0.0,0.0,0.0,0.0,0.0,0.0,0.0,0.0,0.0,0.0,0.0,0.0,0.0,0.0,0.0,0.0,0.0,0.0,0.0,0.0,0.0,0.0,0.0,0.0,0.0,0.0,0.0,0.0,0.0,0.0,0.0,0.0,0.0,0.0,0.0,0.0,0.0,0.0,0.0,0.0,nan,nan,4.280170741171905,2.857752747587883,nan,0.8201448071031965,0.03496183547265883,0.0,0.0,0.0,0.0,0.0,0.0,0.0,0.0,0.0,0.0,0.0,0.0,0.0,0.0,0.0,0.0,0.0,0.0,0.0,0.014598540145985404,0.014598540145985404,0.2627737226277373,1.299270072992701,6.029197080291953,12.846715328467157,7.270072992700731,1.693430656934307,0.4379562043795622,0.02919708029197081,0.10218978102189784,0.8197902329778988,0.032957837794702016,0.0,0.0,0.0,0.0,0.0,0.0,0.0,0.0,0.0,0.0,0.0,0.0,0.0,0.0,0.0,0.0,0.0,0.0,0.030596634370219283,0.015298317185109642,0.0,0.10708822029576749,1.361550229474758,5.660377358490549,13.600203977562472,7.174910759816422,1.6369199388067317,0.3365629780724121,0.06119326874043857,0.015298317185109642,0.4072,0.01224,0.0,0.0,0.0,0.0,0.0,0.0,0.0,0.0,0.0,0.0,0.04379562043795621,8.160583941605827,21.430656934306572,0.3649635036496351,0.0,0.0,0.0,0.0,0.0,0.0,0.0,0.0,0.0,0.0,0.0,0.0,0.0,0.0,0.0,0.0,0.407,0.01209,0.0,0.0,0.0,0.0,0.0,0.0,0.0,0.0,0.0,0.0,0.0,8.73533911269759,20.973992860785316,0.2906680265170832,0.0,0.0,0.0,0.0,0.0,0.0,0.0,0.0,0.0,0.0,0.0,0.0,0.0,0.0,0.0,0.0
77800,3911,2048,0.5236512400920481,966,780,0.4464331373050371,1106,0.5655842495525442,0.43,3.0225442834138487,3.074932249893764,6.5361216730038025,2.118546424078346,8383.66816670928,506.1328056790984,7853.0,8866.4,8866.399999999998,1.8189894035458565e-12,7853.0,0.0,27.923804653541293,20.838847233561566,32.98350137488543,19.009775325359232,0.14446433137305037,0.09665047302480184,0.09434927128611609,0.08437739708514447,0.07849654819739198,0.07031449757095372,0.0721043211454871,0.06443364868320123,0.05650728713883917,0.05650728713883917,0.052160572743543854,0.03988749680388647,0.03119406801329583,0.025568908207619534,0.01585272308872411,0.010738941447200204,0.0063922270519048835,0.8217496346921391,0.03386942843561644,0.0,0.0,0.0,0.0,0.0,0.0,0.0,0.0,0.0,0.0,0.0,0.0,0.0,0.0,0.0,0.0,0.0,0.0,0.0,0.0,0.03068268984914345,0.27614420864229106,1.2886729736640248,5.0242904627972225,13.339299411915116,7.755049859371007,1.6798772692406039,0.4832523651240093,0.09204806954743033,0.03068268984914345,4.276561232765612,2.857197712257906,4.090909090909091,3.1407742373366085,0.9565884523214316,4.291600633914421,2.8346803718225084,4.248807631160572,2.889199669610905,0.9900286614705764,0.4065,0.01212,0.0,0.0,0.0,0.0,0.0,0.0,0.0,0.0,0.0,0.0,0.03068268984914345,8.790590641779582,20.864229097417542,0.31449757095372033,0.0,0.0,0.0,0.0,0.0,0.0,0.0,0.0,0.0,0.0,0.0,0.0,0.0,0.0,0.0,0.0,nan,nan,4.272510908369695,2.8638125038312765,nan,0.4065,0.0645,0.0,0.0,0.0,0.0,0.0,0.0,0.0,0.0,0.0,0.0,0.0,0.0,0.0,0.0,0.0,0.0,0.0,0.0,0.0,0.0,0.0002684735361800051,0.0,0.0010866785988238301,0.008079774993607772,0.0021222193812324213,0.0006647916133981079,0.010547174635643058,0.0050626438251086675,0.009473280490923037,0.008118128355919203,0.027230887241114804,0.030618767578624393,0.028381488110457685,0.017911020199437484,0.014318588596266939,0.027921247762720532,0.044975709537202764,0.030708258757351063,0.07402198926105855,0.08240859115315775,0.06723344413193556,0.0891459984658655,0.06017642546663257,0.05668626949629251,0.06526463819994886,0.030017898235745334,0.026527742265405267,0.04033495269751981,0.0126949629250831,0.022615699309639477,0.031731015085655845,0.014331373050370749,0.026911275888519562,0.0109946305292764,0.01153157760163641,0.0015980567629762209,0.007453336742521095,0.0006775760675019176,0.0001534134492457172,0.0,0.0,0.0,0.0,0.0,0.0,0.0,0.0,0.0,0.0,0.0,0.0,0.0,0.0,0.0,0.0,0.0,0.0,0.0,0.0,0.0,0.0,0.0,0.0,0.0,0.0,0.0,0.0,0.0,0.0,0.0,0.0,0.0,0.0,0.0,0.0,0.0,0.0,0.0,0.0,0.0,0.0,nan,nan,4.272510908369695,2.8638125038312765,nan,0.8223243413085584,0.03490008183040158,0.0,0.0,0.0,0.0,0.0,0.0,0.0,0.0,0.0,0.0,0.0,0.0,0.0,0.0,0.0,0.0,0.0,0.0,0.0,0.0,0.04394531250000001,0.33691406250000006,1.2744140625000002,4.687499999999986,13.300781250000004,7.851562500000002,1.8603515625000004,0.4980468750000001,0.08789062500000001,0.058593750000000014,0.8211178584439232,0.03268730841610376,0.0,0.0,0.0,0.0,0.0,0.0,0.0,0.0,0.0,0.0,0.0,0.0,0.0,0.0,0.0,0.0,0.0,0.0,0.0,0.0,0.016103059581320453,0.20933977455716593,1.3043478260869568,5.394524959742334,13.381642512077299,7.648953301127216,1.4814814814814816,0.4669887278582932,0.09661835748792272,0.0,0.4065,0.01202,0.0,0.0,0.0,0.0,0.0,0.0,0.0,0.0,0.0,0.0,0.04394531250000001,8.642578124999988,21.079101562500004,0.23437500000000006,0.0,0.0,0.0,0.0,0.0,0.0,0.0,0.0,0.0,0.0,0.0,0.0,0.0,0.0,0.0,0.0,0.4065,0.01224,0.0,0.0,0.0,0.0,0.0,0.0,0.0,0.0,0.0,0.0,0.016103059581320453,8.953301127214157,20.628019323671502,0.40257648953301134,0.0,0.0,0.0,0.0,0.0,0.0,0.0,0.0,0.0,0.0,0.0,0.0,0.0,0.0,0.0,0.0
77900,4069,2137,0.5251904644875891,986,839,0.4485131481936594,1139,0.5598427131973458,0.414,3.0615942028985508,3.1581560166323044,6.641263940520446,2.2665188497196884,8385.228016711722,506.0565288214013,7853.0,8866.4,8866.399999999998,1.8189894035458565e-12,7853.0,0.0,27.789874662079136,20.82598466970497,32.847487511019686,19.018912328488923,0.14376996805111822,0.09928729417547309,0.08822806586384861,0.09142295404276235,0.08355861391005161,0.07127058245269108,0.06733841238633571,0.06266896043253871,0.058491029737036127,0.05406733841238633,0.04767756205455886,0.03735561563037602,0.0324404030474318,0.028999754239370852,0.01941508970262964,0.008847382649299582,0.005160973212091423,0.8221323395806643,0.03403458330430162,0.0,0.0,0.0,0.0,0.0,0.0,0.0,0.0,0.0,0.0,0.0,0.0,0.0,0.0,0.0,0.0,0.0,0.0,0.0,0.044236913246497915,0.044236913246497915,0.2211845662324896,0.9510936347997053,5.669697714426131,12.607520275251908,8.006881297616124,1.9464241828459086,0.42025067584173026,0.06635536986974688,0.022118456623248958,4.2869972666926985,2.928008853961969,4.0701754385964914,2.6281849458461206,0.9494233808402963,4.357251908396947,2.921466497119909,4.207186544342508,2.920565648168582,0.9655596308844928,0.4067,0.01208,0.0,0.0,0.0,0.0,0.0,0.0,0.0,0.0,0.0,0.0,0.0,8.692553452936828,20.887195871221433,0.42025067584173026,0.0,0.0,0.0,0.0,0.0,0.0,0.0,0.0,0.0,0.0,0.0,0.0,0.0,0.0,0.0,0.0,nan,nan,4.2822765469824295,2.9219799810825546,nan,0.4067,0.06464,0.0,0.0,0.0,0.0,0.0,0.0,0.0,0.0,0.0,0.0,0.0,0.0,0.0,0.0,0.0,0.0,0.0,0.0,0.0,0.0,0.00013516834603096583,0.0,0.0014622757434259032,0.008220693044974196,0.0021626935364954534,0.0005652494470385844,0.008441877611206685,0.004583435733595478,0.01042025067584173,0.008343573359547801,0.025436225116736298,0.03234209879577292,0.02868026542147948,0.01871467190956009,0.01432784467928238,0.02773408699926272,0.05018432047186041,0.03258785942492013,0.07108626198083066,0.079823052347014,0.06515114278692553,0.08923568444335217,0.0579380683214549,0.055873679036618336,0.06669943475055296,0.02984762840992873,0.025313344802162692,0.041324649791103465,0.014217252396166134,0.02268370607028754,0.030978127304005898,0.01292700909314328,0.028840009830425166,0.012361759646104694,0.011821086261980831,0.001437699680511182,0.007311378717129516,0.0005406733841238633,0.00022118456623248955,0.0,1.228803145736053e-05,1.228803145736053e-05,0.0,0.0,0.0,0.0,0.0,0.0,0.0,0.0,0.0,0.0,0.0,0.0,0.0,0.0,0.0,0.0,0.0,0.0,0.0,0.0,0.0,0.0,0.0,0.0,0.0,0.0,0.0,0.0,0.0,0.0,0.0,0.0,0.0,0.0,0.0,0.0,0.0,0.0,0.0,nan,nan,4.2822765469824295,2.9219799810825546,nan,0.8227992982411418,0.03410356442928379,0.0,0.0,0.0,0.0,0.0,0.0,0.0,0.0,0.0,0.0,0.0,0.0,0.0,0.0,0.0,0.0,0.0,0.0,0.0,0.02807674309780066,0.07019185774450165,0.15442208703790364,0.8984557791296212,5.629386991109014,12.648572765559198,7.833411324286384,2.1338324754328504,0.5194197473093122,0.07019185774450165,0.01403837154890033,0.821394611497103,0.03394285794739843,0.0,0.0,0.0,0.0,0.0,0.0,0.0,0.0,0.0,0.0,0.0,0.0,0.0,0.0,0.0,0.0,0.0,0.0,0.0,0.06211180124223604,0.01552795031055901,0.2950310559006212,1.0093167701863357,5.714285714285697,12.562111801242239,8.198757763975157,1.739130434782609,0.3105590062111802,0.06211180124223604,0.03105590062111802,0.4067,0.01208,0.0,0.0,0.0,0.0,0.0,0.0,0.0,0.0,0.0,0.0,0.0,8.507253158633587,21.113710809546095,0.3790360318203089,0.0,0.0,0.0,0.0,0.0,0.0,0.0,0.0,0.0,0.0,0.0,0.0,0.0,0.0,0.0,0.0,0.4067,0.012085,0.0,0.0,0.0,0.0,0.0,0.0,0.0,0.0,0.0,0.0,0.0,8.897515527950297,20.636645962732924,0.4658385093167703,0.0,0.0,0.0,0.0,0.0,0.0,0.0,0.0,0.0,0.0,0.0,0.0,0.0,0.0,0.0,0.0
78000,4243,2157,0.5083667216592034,1028,885,0.45086024039594624,1214,0.5722366250294603,0.39399999999999996,2.837967401725791,3.0441961015968766,6.575591985428051,2.0795267661727816,8368.178835729435,506.629054974814,7853.0,8866.4,8866.399999999998,1.8189894035458565e-12,7853.0,0.0,27.77091680414801,20.72635380281288,32.57634228187919,19.03196385994006,0.13622436954984682,0.10040065991044073,0.09733679000707048,0.08673108649540419,0.08036766438840443,0.07777515908555267,0.06976196087673815,0.06339853876973839,0.05986330426584963,0.05491397596040537,0.0438369078482206,0.03676643884044308,0.03275983973603582,0.025218006127739806,0.016262078717888286,0.010370021211407024,0.008013198208814519,0.8246375882988012,0.032539845678320606,0.0,0.0,0.0,0.0,0.0,0.0,0.0,0.0,0.0,0.0,0.0,0.0,0.0,0.0,0.0,0.0,0.0,0.0,0.0,0.014140938015555035,0.06363422106999765,0.07777515908555269,0.8979495639877447,4.8220598633042515,12.981381098279522,8.611831251473015,1.9655903841621498,0.45958048550553865,0.09898656610888525,0.007070469007777518,4.232162661737523,2.8742081991502313,5.264705882352941,2.883103143667292,1.2439753154930735,4.239498894620486,2.8681621911323933,4.250361794500724,2.884834192917207,1.002562307515641,0.4062,0.01209,0.0,0.0,0.0,0.0,0.0,0.0,0.0,0.0,0.0,0.0,0.007070469007777518,9.000707046900764,20.652839971718127,0.33938251237332084,0.0,0.0,0.0,0.0,0.0,0.0,0.0,0.0,0.0,0.0,0.0,0.0,0.0,0.0,0.0,0.0,nan,nan,4.244979919678715,2.8765914828647636,nan,0.4062,0.0647,0.0,0.0,0.0,0.0,0.0,0.0,0.0,0.0,0.0,0.0,0.0,0.0,0.0,0.0,0.0,0.0,0.0,0.0,0.0,0.0,0.00015319349516851284,1.1784115012962527e-05,0.0011784115012962526,0.008508131039358944,0.0018501060570351167,0.0007895357058684893,0.008036766438840444,0.005573886401131275,0.010275748291303323,0.007494697148244167,0.025818995993400897,0.03260664624086731,0.028941786471835967,0.02029224605232147,0.015272213056799435,0.027398067405137873,0.050353523450388876,0.03275983973603582,0.07545368842799906,0.07870610417157671,0.06123026160735329,0.08686071176054679,0.0548432712703276,0.05703511666273863,0.06827716238510488,0.032052792835258075,0.025406551967947208,0.04104407259014848,0.014329483855762432,0.022095215649304736,0.030426584963469245,0.012066933773273628,0.028894650011784116,0.01288003770916804,0.011242045722366251,0.0014730143766203158,0.007506481263257129,0.0006834786707518265,0.00016497761018147538,0.0,0.0,1.1784115012962527e-05,0.0,0.0,0.0,0.0,0.0,0.0,0.0,0.0,0.0,0.0,0.0,0.0,0.0,0.0,0.0,0.0,0.0,0.0,0.0,0.0,0.0,0.0,0.0,0.0,0.0,0.0,0.0,0.0,0.0,0.0,0.0,0.0,0.0,0.0,0.0,0.0,0.0,0.0,0.0,nan,nan,4.244979919678715,2.8765914828647636,nan,0.8239724657079054,0.03317426402633866,0.0,0.0,0.0,0.0,0.0,0.0,0.0,0.0,0.0,0.0,0.0,0.0,0.0,0.0,0.0,0.0,0.0,0.0,0.0,0.027816411682892915,0.06954102920723228,0.06954102920723228,1.0152990264255912,5.020862308762154,12.976356050069544,8.386648122392213,1.7663421418637,0.5285118219749654,0.13908205841446455,0.0,0.8253253492904418,0.031855955052758844,0.0,0.0,0.0,0.0,0.0,0.0,0.0,0.0,0.0,0.0,0.0,0.0,0.0,0.0,0.0,0.0,0.0,0.0,0.0,0.0,0.05752636625119848,0.08628954937679771,0.7766059443911795,4.616490891658663,12.986577181208057,8.844678811121765,2.1716203259827425,0.38830297219558974,0.05752636625119848,0.01438159156279962,0.406,0.01188,0.0,0.0,0.0,0.0,0.0,0.0,0.0,0.0,0.0,0.0,0.013908205841446458,9.040333796940182,20.63977746870654,0.305980528511822,0.0,0.0,0.0,0.0,0.0,0.0,0.0,0.0,0.0,0.0,0.0,0.0,0.0,0.0,0.0,0.0,0.4067,0.01231,0.0,0.0,0.0,0.0,0.0,0.0,0.0,0.0,0.0,0.0,0.0,8.959731543624148,20.66634707574305,0.3739213806327901,0.0,0.0,0.0,0.0,0.0,0.0,0.0,0.0,0.0,0.0,0.0,0.0,0.0,0.0,0.0,0.0
78100,4249,2203,0.5184749352788891,1038,843,0.4426923982113438,1217,0.572840668392563,0.40599999999999997,3.033724340175953,3.0758315138713743,6.5204582651391165,2.110101288935564,8378.422499411627,506.3539848917766,7853.0,8866.4,8866.4,0.0,7853.0,0.0,28.342433513767947,20.996378439234153,33.234719508791514,19.222898947756384,0.13885620145916686,0.10167098140738998,0.08731466227347612,0.0795481289715227,0.08472581783949165,0.07672393504353965,0.06683925629559896,0.060014120969639914,0.057660626029654036,0.05930807248764415,0.047775947281713346,0.042362908919745826,0.03647917156978112,0.026594492821840433,0.015297717109908213,0.010590727229936456,0.008237232289950576,0.8231740503009276,0.032777234477001246,0.0,0.0,0.0,0.0,0.0,0.0,0.0,0.0,0.0,0.0,0.0,0.0,0.0,0.0,0.0,0.0,0.0,0.0,0.0,0.007060484819957639,0.028241939279830555,0.22593551423864444,1.0096493292539424,4.76582725347139,13.323134855260065,8.373734996469759,1.800423629089198,0.36008472581783957,0.07766533301953402,0.028241939279830555,4.297825285661629,2.8643851411909225,4.928571428571429,2.877605296926241,1.146759372702769,4.301144492131616,2.8783412715564993,4.3182481751824815,2.8535090186349468,1.0039765423091818,0.4062,0.011475,0.0,0.0,0.0,0.0,0.0,0.0,0.0,0.0,0.0,0.0,0.0,8.698517298187797,21.07554718757355,0.22593551423864444,0.0,0.0,0.0,0.0,0.0,0.0,0.0,0.0,0.0,0.0,0.0,0.0,0.0,0.0,0.0,0.0,nan,nan,4.310581437342001,2.8660287172532968,nan,0.4062,0.0647,0.0,0.0,0.0,0.0,0.0,0.0,0.0,0.0,0.0,0.0,0.0,0.0,0.0,0.0,0.0,0.0,0.0,0.0,0.0,1.1767474699929395e-05,0.0005295363614968228,1.1767474699929395e-05,0.0011532125205930808,0.008296069663450223,0.0022240527182866556,0.0009060955518945635,0.009190397740644857,0.004012708872675924,0.009519887032242881,0.007954812897152271,0.023276064956460344,0.034796422687691224,0.027700635443633798,0.01959284537538244,0.01791009649329254,0.02844198634972935,0.05149446928689103,0.03228995057660626,0.07297011061426217,0.0771828665568369,0.06462697105201223,0.08620851965168275,0.05453047775947282,0.05771946340315368,0.06534478700870792,0.032666509767004,0.02605318898564368,0.04240997881854554,0.014120969639915274,0.021099082136973406,0.030477759472817133,0.012520593080724876,0.029548128971522713,0.012038126618027771,0.0120498940927277,0.0012355848434925864,0.007366439162155802,0.00032948929159802305,0.00016474464579901152,1.1767474699929395e-05,1.1767474699929395e-05,0.0,0.0,0.0,0.0,0.0,0.0,0.0,0.0,0.0,0.0,0.0,0.0,0.0,0.0,0.0,0.0,0.0,0.0,0.0,0.0,0.0,0.0,0.0,0.0,0.0,0.0,0.0,0.0,0.0,0.0,0.0,0.0,0.0,0.0,0.0,0.0,0.0,0.0,0.0,0.0,nan,nan,4.310581437342001,2.8660287172532968,nan,0.8231091926815398,0.032951494887346125,0.0,0.0,0.0,0.0,0.0,0.0,0.0,0.0,0.0,0.0,0.0,0.0,0.0,0.0,0.0,0.0,0.0,0.0,0.0,0.013617793917385386,0.027235587834770772,0.2042669087607808,1.0621879255560602,4.725374489332713,13.427144802541992,8.361325465274627,1.7022242396731733,0.34044484793463464,0.10894235133908309,0.027235587834770772,0.823243884775762,0.03258841605847236,0.0,0.0,0.0,0.0,0.0,0.0,0.0,0.0,0.0,0.0,0.0,0.0,0.0,0.0,0.0,0.0,0.0,0.0,0.0,0.0,0.029325513196480947,0.24926686217008803,0.9530791788856308,4.809384164222859,13.211143695014666,8.38709677419355,1.9061583577712615,0.3812316715542523,0.04398826979472142,0.029325513196480947,0.406,0.011475,0.0,0.0,0.0,0.0,0.0,0.0,0.0,0.0,0.0,0.0,0.0,8.946890603722183,20.807989105764868,0.24512029051293696,0.0,0.0,0.0,0.0,0.0,0.0,0.0,0.0,0.0,0.0,0.0,0.0,0.0,0.0,0.0,0.0,0.4067,0.011444,0.0,0.0,0.0,0.0,0.0,0.0,0.0,0.0,0.0,0.0,0.0,8.431085043988258,21.363636363636367,0.20527859237536664,0.0,0.0,0.0,0.0,0.0,0.0,0.0,0.0,0.0,0.0,0.0,0.0,0.0,0.0,0.0,0.0
78200,4307,2167,0.50313443231948,988,879,0.4334803807754818,1207,0.5604829347573718,0.418,2.9378504672897194,3.137110858479125,6.587248322147651,2.1552429779588214,8362.87643371256,506.69004358569106,7853.0,8866.4,8866.4,0.0,7853.0,0.0,26.977942883677734,20.674244924495742,32.07660050321498,18.990919445251897,0.1478987694450894,0.1070350592059438,0.0975156721615974,0.08753192477362433,0.07731599721383794,0.08149524030647783,0.06477826793591827,0.0599024843278384,0.056651961922451824,0.05340143951706524,0.0427211516136522,0.03900626886463896,0.02693289993034595,0.02507545855583933,0.016484792198746226,0.008590666357093104,0.0076619456698397955,0.8223496115426329,0.033240798890126155,0.0,0.0,0.0,0.0,0.0,0.0,0.0,0.0,0.0,0.0,0.0,0.0,0.0,0.0,0.0,0.0,0.0,0.0,0.0,0.0,0.03482702577199908,0.15323891339679593,1.316461574181565,5.119572788483848,12.990480612955658,8.010215927559788,1.9085210123055496,0.36220106802879043,0.09055026700719761,0.013930810308799632,4.365428354814253,2.8897958474893057,4.30188679245283,2.8851271556319977,0.9854443694416956,4.36053412462908,2.8807635320809064,4.367362146050671,2.8997006965642176,1.001565868131389,0.4058,0.01201,0.0,0.0,0.0,0.0,0.0,0.0,0.0,0.0,0.0,0.0,0.020896215463199447,9.361504527513336,20.38077548177386,0.23682377524959375,0.0,0.0,0.0,0.0,0.0,0.0,0.0,0.0,0.0,0.0,0.0,0.0,0.0,0.0,0.0,0.0,nan,nan,4.364176885916017,2.8897174573311015,nan,0.4058,0.0646,0.0,0.0,0.0,0.0,0.0,0.0,0.0,0.0,0.0,0.0,0.0,0.0,0.0,0.0,0.0,0.0,0.0,0.0,0.0,0.0,0.0007661945669839796,1.1609008590666358e-05,0.0009867657302066403,0.008741583468771767,0.002623635941490597,0.0007661945669839796,0.010169491525423728,0.004771302530763873,0.0087648014859531,0.0075922916182957975,0.02266078476898073,0.035140469003947065,0.026851636870211283,0.020791734385883446,0.017401903877408868,0.028186672858137914,0.0512421639192013,0.03234269793359647,0.07218481541676341,0.07693289993034595,0.06459252379846761,0.0853029951242164,0.056257255630369166,0.058811237520315765,0.06734385883445554,0.033770605990248434,0.024703970280938008,0.041676340840492224,0.01367541211980497,0.019479916415138146,0.0337125609472951,0.012723473415370327,0.028465289064313906,0.011701880659391688,0.011841188762479684,0.0008938936614813095,0.005525888089157186,0.0005107963779893197,8.12630601346645e-05,0.0,0.0,0.0,0.0,0.0,0.0,0.0,0.0,0.0,0.0,0.0,0.0,0.0,0.0,0.0,0.0,0.0,0.0,0.0,0.0,0.0,0.0,0.0,0.0,0.0,0.0,0.0,0.0,0.0,0.0,0.0,0.0,0.0,0.0,0.0,0.0,0.0,0.0,0.0,0.0,0.0,0.0,nan,nan,4.364176885916017,2.8897174573311015,nan,0.8230153384932627,0.033264506994629496,0.0,0.0,0.0,0.0,0.0,0.0,0.0,0.0,0.0,0.0,0.0,0.0,0.0,0.0,0.0,0.0,0.0,0.0,0.0,0.0,0.041532071988924786,0.13844023996308263,1.1490539916935858,5.288417166589738,12.514997692662671,8.472542685740658,1.8966312874942322,0.3737886479003231,0.09690816797415785,0.027688047992616528,0.8216754852332802,0.033203175641024485,0.0,0.0,0.0,0.0,0.0,0.0,0.0,0.0,0.0,0.0,0.0,0.0,0.0,0.0,0.0,0.0,0.0,0.0,0.0,0.0,0.0280373831775701,0.16822429906542058,1.4859813084112155,4.9485981308411064,13.471962616822433,7.542056074766357,1.9205607476635518,0.3504672897196262,0.08411214953271029,0.0,0.406,0.01184,0.0,0.0,0.0,0.0,0.0,0.0,0.0,0.0,0.0,0.0,0.0,8.95708352561143,20.7798800184587,0.26303645592985697,0.0,0.0,0.0,0.0,0.0,0.0,0.0,0.0,0.0,0.0,0.0,0.0,0.0,0.0,0.0,0.0,0.4058,0.012184,0.0,0.0,0.0,0.0,0.0,0.0,0.0,0.0,0.0,0.0,0.042056074766355145,9.771028037383164,19.976635514018696,0.21028037383177575,0.0,0.0,0.0,0.0,0.0,0.0,0.0,0.0,0.0,0.0,0.0,0.0,0.0,0.0,0.0,0.0
78300,4468,2355,0.5270814682184423,1102,913,0.4509847806624888,1262,0.5649059982094897,0.40199999999999997,3.010884997633696,3.0721525005725963,6.475806451612903,2.1434962007288516,8387.144359892569,505.95622054688386,7853.0,8866.4,8866.399999999998,1.8189894035458565e-12,7853.0,0.0,28.133840644583707,20.86282285885063,32.91289383108287,19.147189459462844,0.13384064458370637,0.09735899731423456,0.09579230080572963,0.09042076991942703,0.07609668755595345,0.0756490599820949,0.07094897045658012,0.06714413607878246,0.058863025962399285,0.051477170993733216,0.049686660698299016,0.03692927484333035,0.0355863921217547,0.023052820053715308,0.017905102954341987,0.011862130707251567,0.00738585496866607,0.8208949443156311,0.03263562376309895,0.0,0.0,0.0,0.0,0.0,0.0,0.0,0.0,0.0,0.0,0.0,0.0,0.0,0.0,0.0,0.0,0.0,0.0,0.0,0.026857654431512987,0.04700089525514773,0.22157564905998214,1.087735004476276,5.7206803939122475,13.093106535362582,7.694717994628471,1.7457475380483443,0.32229185317815584,0.03357206803939123,0.006714413607878247,4.17818309365135,2.873669029199598,4.166666666666667,3.016927551641214,0.9972436758450862,4.185852981969487,2.8823668086209624,4.170198222829802,2.870480565284662,0.9962600790789553,0.4055,0.011856,0.0,0.0,0.0,0.0,0.0,0.0,0.0,0.0,0.0,0.0,0.013428827215756493,9.568039391226487,20.08952551477171,0.32900626678603406,0.0,0.0,0.0,0.0,0.0,0.0,0.0,0.0,0.0,0.0,0.0,0.0,0.0,0.0,0.0,0.0,nan,nan,4.177969018932874,2.8763975136491937,nan,0.4055,0.06445,0.0,0.0,0.0,0.0,0.0,0.0,0.0,0.0,0.0,0.0,0.0,0.0,0.0,0.0,0.0,0.0,0.0,0.0,0.0,0.0,0.0007273948075201432,4.476275738585497e-05,0.0012645478961504028,0.009109221128021486,0.0028088630259623993,0.0007721575649059982,0.009982094897045659,0.004789615040286481,0.009288272157564906,0.007777529095792301,0.022358997314234557,0.03416517457475381,0.02541405550581916,0.021273500447627575,0.01895702775290958,0.025917636526410028,0.049026410026857654,0.03462399283795882,0.07714861235452104,0.08029319606087736,0.06121307072515667,0.08188227394807521,0.058538495971351835,0.05785586392121755,0.0663272157564906,0.03346016114592659,0.026342882721575648,0.0409579230080573,0.01566696508504924,0.020311101163831693,0.03150179051029543,0.01235452103849597,0.026029543419874665,0.013070725156669651,0.012130707251566697,0.0013988361683079677,0.004397940913160251,0.0006826320501342883,7.833482542524619e-05,3.357206803939123e-05,0.0,0.0,0.0,0.0,2.2381378692927485e-05,0.0,0.0,0.0,0.0,0.0,0.0,0.0,0.0,0.0,0.0,0.0,0.0,0.0,0.0,0.0,0.0,0.0,0.0,0.0,0.0,0.0,0.0,0.0,0.0,0.0,0.0,0.0,0.0,0.0,0.0,0.0,0.0,0.0,0.0,0.0,0.0,nan,nan,4.177969018932874,2.8763975136491937,nan,0.821047370347754,0.03238551908326574,0.0,0.0,0.0,0.0,0.0,0.0,0.0,0.0,0.0,0.0,0.0,0.0,0.0,0.0,0.0,0.0,0.0,0.0,0.0,0.038216560509554146,0.05095541401273886,0.20382165605095545,1.0445859872611467,5.605095541401256,13.350318471337582,7.541401273885352,1.8216560509554145,0.30573248407643316,0.02547770700636943,0.012738853503184716,0.8207250610663888,0.032911301378652974,0.0,0.0,0.0,0.0,0.0,0.0,0.0,0.0,0.0,0.0,0.0,0.0,0.0,0.0,0.0,0.0,0.0,0.0,0.0,0.014197823000473264,0.04259346900141979,0.24136299100804548,1.1358258400378611,5.849503076194965,12.806436346426885,7.865593942262188,1.661145291055372,0.3407477520113583,0.04259346900141979,0.0,0.4058,0.01178,0.0,0.0,0.0,0.0,0.0,0.0,0.0,0.0,0.0,0.0,0.012738853503184716,9.248407643312088,20.382165605095544,0.35668789808917206,0.0,0.0,0.0,0.0,0.0,0.0,0.0,0.0,0.0,0.0,0.0,0.0,0.0,0.0,0.0,0.0,0.4053,0.01193,0.0,0.0,0.0,0.0,0.0,0.0,0.0,0.0,0.0,0.0,0.014197823000473264,9.924278277330796,19.763369616658782,0.2981542830099385,0.0,0.0,0.0,0.0,0.0,0.0,0.0,0.0,0.0,0.0,0.0,0.0,0.0,0.0,0.0,0.0
78400,4563,2376,0.5207100591715976,1132,922,0.45014245014245013,1261,0.5527065527065527,0.40199999999999997,2.9967992684042066,3.148582220973566,6.79042904290429,2.120302802511478,8380.687573964498,506.265159515332,7853.0,8866.4,8866.399999999998,1.8189894035458565e-12,7853.0,0.0,27.882752575060266,20.61630027640578,32.620913336792945,18.924529557940822,0.13302651764190226,0.10431733508656586,0.09796186719263643,0.08152531229454306,0.0804295419680035,0.07538899846592154,0.0688143765066842,0.06771860618014464,0.058075827306596536,0.052816129739206664,0.04602235371466141,0.039666885820731974,0.03659872890642121,0.0287091825553364,0.017532325224632918,0.00745123822046899,0.0039447731755424065,0.8214447798238834,0.03292585291047308,0.0,0.0,0.0,0.0,0.0,0.0,0.0,0.0,0.0,0.0,0.0,0.0,0.0,0.0,0.0,0.0,0.0,0.0,0.0,0.0,0.006574621959237345,0.23668639053254442,1.1176857330703487,5.614727153188674,13.188691650230115,7.547666009204472,1.8014464168310327,0.3681788297172914,0.09204470742932284,0.02629848783694938,4.28541810642709,2.9375111724171794,4.270833333333333,2.611988253972228,0.9965966510777832,4.288239292997961,2.917607130211379,4.279591836734694,2.9467020369605135,0.9979834482937119,0.4058,0.01172,0.0,0.0,0.0,0.0,0.0,0.0,0.0,0.0,0.0,0.0,0.02629848783694938,9.362261669953964,20.394477317554244,0.2169625246548324,0.0,0.0,0.0,0.0,0.0,0.0,0.0,0.0,0.0,0.0,0.0,0.0,0.0,0.0,0.0,0.0,nan,nan,4.285180149558124,2.9324906905351003,nan,0.4058,0.0646,0.0,0.0,0.0,0.0,0.0,0.0,0.0,0.0,0.0,0.0,0.0,0.0,0.0,0.0,0.0,0.0,0.0,0.0,0.0,0.0,0.00030681569143107607,9.861932938856015e-05,0.001106728029804953,0.008426473811089196,0.0028051720359412668,0.0006245890861275476,0.01059609905763752,0.005599386368617138,0.008941485864562788,0.007758053911900066,0.02207977207977208,0.035316677624369935,0.026123164584703047,0.020600482138943676,0.019044488275257506,0.02799693184308569,0.0457922419460881,0.03699320622397546,0.0777229892614508,0.08000219154065308,0.0576703922857769,0.07954196800350646,0.0584155161078238,0.061023449484987946,0.06396011396011396,0.03438527284681131,0.026451895682664914,0.03943677405215867,0.016984440061363137,0.02106070567609029,0.03147052377821609,0.013379355687047994,0.02571772956388341,0.013456059609905764,0.012360289283366207,0.0017751479289940828,0.004361165899627438,0.0005478851632697787,3.287310979618672e-05,3.287310979618672e-05,0.0,0.0,0.0,0.0,0.0,0.0,0.0,0.0,0.0,0.0,0.0,0.0,0.0,0.0,0.0,0.0,0.0,0.0,0.0,0.0,0.0,0.0,0.0,0.0,0.0,0.0,0.0,0.0,0.0,0.0,0.0,0.0,0.0,0.0,0.0,0.0,0.0,0.0,0.0,0.0,0.0,nan,nan,4.285180149558124,2.9324906905351003,nan,0.8216049928055067,0.03374502388563688,0.0,0.0,0.0,0.0,0.0,0.0,0.0,0.0,0.0,0.0,0.0,0.0,0.0,0.0,0.0,0.0,0.0,0.0,0.0,0.0,0.01262626262626263,0.22727272727272732,1.2121212121212124,5.555555555555538,12.91666666666667,7.575757575757577,1.9696969696969702,0.40404040404040414,0.08838383838383841,0.03787878787878789,0.821270721275947,0.03201123175228554,0.0,0.0,0.0,0.0,0.0,0.0,0.0,0.0,0.0,0.0,0.0,0.0,0.0,0.0,0.0,0.0,0.0,0.0,0.0,0.0,0.0,0.24691358024691362,1.0150891632373116,5.679012345678995,13.484224965706451,7.517146776406038,1.6186556927297673,0.32921810699588483,0.09602194787379975,0.013717421124828535,0.4058,0.01157,0.0,0.0,0.0,0.0,0.0,0.0,0.0,0.0,0.0,0.0,0.01262626262626263,9.431818181818167,20.32828282828283,0.22727272727272732,0.0,0.0,0.0,0.0,0.0,0.0,0.0,0.0,0.0,0.0,0.0,0.0,0.0,0.0,0.0,0.0,0.4058,0.01187,0.0,0.0,0.0,0.0,0.0,0.0,0.0,0.0,0.0,0.0,0.041152263374485604,9.286694101508903,20.466392318244175,0.20576131687242805,0.0,0.0,0.0,0.0,0.0,0.0,0.0,0.0,0.0,0.0,0.0,0.0,0.0,0.0,0.0,0.0
78500,4403,2295,0.5212355212355212,1105,852,0.4444696797637974,1211,0.5500794912559619,0.426,3.088709677419355,3.2227849938913575,6.729001584786054,2.2507823154834874,8381.220077220078,506.2428036786713,7853.0,8866.4,8866.399999999998,1.8189894035458565e-12,7853.0,0.0,28.26890756302521,20.936942919096303,32.999732047159696,19.229205021499332,0.13558937088348852,0.10015898251192369,0.09516238928003634,0.08585055643879173,0.07744719509425392,0.07585736997501703,0.06631841925959572,0.06245741539859187,0.06132182602770838,0.05246422893481717,0.0497388144446968,0.03861003861003861,0.03770156711333182,0.027254144901203724,0.016352486940722236,0.009993186463774699,0.007722007722007722,0.8233529850755961,0.03260398888757467,0.0,0.0,0.0,0.0,0.0,0.0,0.0,0.0,0.0,0.0,0.0,0.0,0.0,0.0,0.0,0.0,0.0,0.0,0.0,0.0,0.006813536225300933,0.07494889847831025,1.0629116511469454,5.307744719509409,13.06836248012719,8.0263456734045,1.9759255053372704,0.32704973881444477,0.102203043379514,0.04769475357710653,4.284345047923322,2.963105257015184,4.0,2.922420322359626,0.9336316181953767,4.253835425383542,2.985273467280572,4.303735024665257,2.9367408700019837,1.0117304959622917,0.4058,0.01156,0.0,0.0,0.0,0.0,0.0,0.0,0.0,0.0,0.0,0.0,0.006813536225300933,9.143765614353837,20.54962525550761,0.299795593913241,0.0,0.0,0.0,0.0,0.0,0.0,0.0,0.0,0.0,0.0,0.0,0.0,0.0,0.0,0.0,0.0,nan,nan,4.280658724597057,2.9627559875739533,nan,0.4058,0.0649,0.0,0.0,0.0,0.0,0.0,0.0,0.0,0.0,0.0,0.0,0.0,0.0,0.0,0.0,0.0,0.0,0.0,1.1355893708834885e-05,0.0,1.1355893708834885e-05,0.0005450828980240745,0.00019305019305019305,0.000987962752668635,0.008516920281626164,0.0028049057460822167,0.0005677946854417443,0.00990233931410402,0.004894390188507835,0.009561662502838974,0.00797183738360209,0.019611628435157846,0.03952986600045424,0.028185328185328186,0.020065864183511244,0.01889620713150125,0.02831024301612537,0.04574153985918692,0.03826936179877356,0.07498296615943675,0.07766295707472178,0.0597320009084715,0.07783329548035431,0.05672268907563025,0.05595048830342948,0.06747672041789689,0.03488530547354077,0.02868498750851692,0.04005223711106064,0.017635702929820578,0.019475357710651828,0.03337497161026573,0.013513513513513514,0.025357710651828298,0.012525550760844878,0.011741994094935272,0.0018169429934135816,0.005200999318646377,0.0005677946854417443,0.00013627072450601862,5.6779468544174426e-05,3.4067681126504656e-05,0.0,0.0,0.0,0.0,0.0,0.0,0.0,0.0,0.0,0.0,0.0,0.0,0.0,0.0,0.0,0.0,0.0,0.0,0.0,0.0,0.0,0.0,0.0,0.0,0.0,0.0,0.0,0.0,0.0,0.0,0.0,0.0,0.0,0.0,0.0,0.0,0.0,0.0,0.0,0.0,nan,nan,4.280658724597057,2.9627559875739533,nan,0.8241222219529495,0.03293185932804323,0.0,0.0,0.0,0.0,0.0,0.0,0.0,0.0,0.0,0.0,0.0,0.0,0.0,0.0,0.0,0.0,0.0,0.0,0.0,0.0,0.013071895424836605,0.06535947712418302,1.0065359477124185,5.150326797385605,12.888888888888893,8.27450980392157,2.1568627450980395,0.28758169934640526,0.09150326797385623,0.06535947712418302,0.8225155094429936,0.032222369758025816,0.0,0.0,0.0,0.0,0.0,0.0,0.0,0.0,0.0,0.0,0.0,0.0,0.0,0.0,0.0,0.0,0.0,0.0,0.0,0.0,0.0,0.08538899430740039,1.1242884250474385,5.47912713472484,13.263757115749529,7.756166982922203,1.778937381404175,0.3700189753320684,0.1138519924098672,0.0284629981024668,0.4058,0.01157,0.0,0.0,0.0,0.0,0.0,0.0,0.0,0.0,0.0,0.0,0.0,9.241830065359464,20.405228758169937,0.3529411764705883,0.0,0.0,0.0,0.0,0.0,0.0,0.0,0.0,0.0,0.0,0.0,0.0,0.0,0.0,0.0,0.0,0.406,0.011536,0.0,0.0,0.0,0.0,0.0,0.0,0.0,0.0,0.0,0.0,0.0142314990512334,9.037001897533193,20.706831119544596,0.2419354838709678,0.0,0.0,0.0,0.0,0.0,0.0,0.0,0.0,0.0,0.0,0.0,0.0,0.0,0.0,0.0,0.0
78600,4543,2342,0.5155183799251596,1104,918,0.4450803433854281,1272,0.5599823904908651,0.418,3.028623353021354,3.1547398931079225,6.6826923076923075,2.235771634751935,8375.426326216157,506.4558940951747,7853.0,8866.4,8866.4,0.0,7853.0,0.0,28.213075060532688,21.02672609011079,33.26024159663866,19.21934356757592,0.14021571648690292,0.09641206251375743,0.08980849658815761,0.09421087387189082,0.07682148360114462,0.07065815540391812,0.06999779881135813,0.05899185560202509,0.05987233105877174,0.05921197446621176,0.04776579352850539,0.040061633281972264,0.03191723530706581,0.026194144838212634,0.01937046004842615,0.01078582434514638,0.007704160246533128,0.8247929434274593,0.03407019809515446,0.0,0.0,0.0,0.0,0.0,0.0,0.0,0.0,0.0,0.0,0.0,0.0,0.0,0.0,0.0,0.0,0.0,0.0,0.0,0.0,0.0,0.19150341184239494,0.9575170592119747,5.045124367158249,12.619414483821267,8.465771516618975,2.0272947391591463,0.45564604886638793,0.17169271406559547,0.06603565925599825,4.337940566689703,2.9486209704586126,3.450980392156863,2.7175084139718297,0.7955342723356669,4.233287858117326,2.968481032480019,4.411088573360379,2.9229522512373425,1.0420006201331478,0.406,0.01177,0.0,0.0,0.0,0.0,0.0,0.0,0.0,0.0,0.0,0.0,0.013207131851199651,9.350649350649338,20.35219018269866,0.2839533348007925,0.0,0.0,0.0,0.0,0.0,0.0,0.0,0.0,0.0,0.0,0.0,0.0,0.0,0.0,0.0,0.0,nan,nan,4.32258064516129,2.947045275017674,nan,0.406,0.0648,0.0,0.0,0.0,0.0,0.0,0.0,0.0,0.0,0.0,0.0,0.0,0.0,0.0,0.0,0.0,0.0,0.0,0.0,0.0,0.0,0.00039621395553598944,0.00026414263702399294,0.0016068677085626238,0.007946290997138455,0.0022892361875412725,0.0004952674444199868,0.01042262821923839,0.004864626898525203,0.008749724851419767,0.007010785824345146,0.018798151001540832,0.039148139995597624,0.02993616552938587,0.020548095971824786,0.01965661457186881,0.02856042262821924,0.046092890160686774,0.03749724851419767,0.07677745982830729,0.07743781642086726,0.05814439797490645,0.0763812458727713,0.05920096852300242,0.05513977547875853,0.06682808716707021,0.03464670922298041,0.029639005062733877,0.039929561963460265,0.01809377063614352,0.018137794408980848,0.03417345366497909,0.013031036759850319,0.026172132951793967,0.01238168611049967,0.010510675764913054,0.0025753907109839313,0.005238828967642527,0.0009905348888399736,0.00011005943209333039,0.00017609509134932863,0.0,0.0,0.0,0.0,0.0,0.0,0.0,0.0,0.0,0.0,0.0,0.0,0.0,0.0,0.0,0.0,0.0,0.0,0.0,0.0,0.0,0.0,0.0,0.0,0.0,0.0,0.0,0.0,0.0,0.0,0.0,0.0,0.0,0.0,0.0,0.0,0.0,0.0,0.0,0.0,0.0,nan,nan,4.32258064516129,2.947045275017674,nan,0.8251065243064186,0.03495297891736068,0.0,0.0,0.0,0.0,0.0,0.0,0.0,0.0,0.0,0.0,0.0,0.0,0.0,0.0,0.0,0.0,0.0,0.0,0.0,0.0,0.0,0.21776259607173362,0.9863364645602052,5.0597779675490875,12.591801878736126,8.236549957301452,2.1135781383432968,0.5636208368915457,0.1537147736976943,0.07685738684884715,0.8244592739960542,0.033101762174628124,0.0,0.0,0.0,0.0,0.0,0.0,0.0,0.0,0.0,0.0,0.0,0.0,0.0,0.0,0.0,0.0,0.0,0.0,0.0,0.0,0.0,0.16356201726487962,0.9268514311676512,5.029532030895032,12.64879600181736,8.70967741935484,1.9354838709677424,0.34075420263516587,0.19082235347569293,0.054520672421626545,0.4058,0.011795,0.0,0.0,0.0,0.0,0.0,0.0,0.0,0.0,0.0,0.0,0.02561912894961572,9.376601195559337,20.32877882152007,0.269000853970965,0.0,0.0,0.0,0.0,0.0,0.0,0.0,0.0,0.0,0.0,0.0,0.0,0.0,0.0,0.0,0.0,0.406,0.01174,0.0,0.0,0.0,0.0,0.0,0.0,0.0,0.0,0.0,0.0,0.0,9.323034984098124,20.37710131758292,0.299863698318946,0.0,0.0,0.0,0.0,0.0,0.0,0.0,0.0,0.0,0.0,0.0,0.0,0.0,0.0,0.0,0.0
78700,4932,2522,0.5113544201135442,1183,1015,0.44566098945660987,1403,0.5689375506893755,0.38599999999999995,2.9858921161825727,3.1290050074918065,6.545584045584046,2.246250852533837,8371.206569343065,506.569332729443,7853.0,8866.4,8866.4,0.0,7853.0,0.0,28.145377128953772,20.82829994961829,32.88074712643678,19.118083178568007,0.13442822384428224,0.09468775344687753,0.10097323600973236,0.08617193836171938,0.08191403081914031,0.07076236820762369,0.0705596107055961,0.06589618815896188,0.05697485806974858,0.05454176804541768,0.05068937550689376,0.04034874290348743,0.032846715328467155,0.022303325223033254,0.017437145174371452,0.010340632603406326,0.009124087591240875,0.8236882331549202,0.03327084268598717,0.0,0.0,0.0,0.0,0.0,0.0,0.0,0.0,0.0,0.0,0.0,0.0,0.0,0.0,0.0,0.0,0.0,0.0,0.0,0.012165450121654504,0.054744525547445265,0.22506082725060833,0.918491484184915,4.908759124087576,13.05961070559611,8.29683698296837,1.982968369829684,0.4075425790754259,0.12165450121654503,0.012165450121654504,4.29568,2.9221795525942618,4.765625,2.9619576903418117,1.1093994431615017,4.197360150848523,2.9224234315303264,4.4123904881101375,2.9210764329470282,1.0512298991589142,0.4058,0.01203,0.0,0.0,0.0,0.0,0.0,0.0,0.0,0.0,0.0,0.0,0.012165450121654504,9.665450121654487,19.981751824817525,0.3406326034063261,0.0,0.0,0.0,0.0,0.0,0.0,0.0,0.0,0.0,0.0,0.0,0.0,0.0,0.0,0.0,0.0,nan,nan,4.305111320163061,2.9237260366049647,nan,0.4058,0.0646,0.0,0.0,0.0,0.0,0.0,0.0,0.0,0.0,0.0,0.0,0.0,0.0,0.0,0.0,0.0,0.0,0.0,0.0,3.0413625304136255e-05,0.0,0.00015206812652068127,0.00038523925385239256,0.0014497161394971614,0.007735198702351987,0.002798053527980535,0.00035482562854825627,0.010685320356853203,0.004146390916463909,0.009377534468775345,0.007654095701540957,0.017467558799675587,0.039010543390105436,0.029328872668288725,0.019140308191403083,0.02030616382806164,0.030332522303325223,0.04340024330900243,0.037540551500405514,0.08186334144363341,0.07758515815085158,0.057613544201135444,0.07512165450121655,0.05822181670721817,0.0568227899432279,0.06940389294403893,0.03482360097323601,0.028223844282238442,0.038909164639091644,0.017802108678021088,0.017193836171938363,0.03405312246553122,0.013787510137875101,0.025375101378751014,0.011425385239253853,0.010695458231954582,0.0023722627737226276,0.005291970802919708,0.001905920519059205,0.00011151662611516626,0.00010137875101378751,0.0,0.0,0.0,0.0,0.0,0.0,0.0,0.0,0.0,0.0,0.0,0.0,0.0,0.0,0.0,0.0,0.0,0.0,0.0,0.0,0.0,0.0,0.0,0.0,0.0,0.0,0.0,0.0,0.0,0.0,0.0,0.0,0.0,0.0,0.0,0.0,0.0,0.0,0.0,0.0,0.0,nan,nan,4.305111320163061,2.9237260366049647,nan,0.8239973064314081,0.03360401777981308,0.0,0.0,0.0,0.0,0.0,0.0,0.0,0.0,0.0,0.0,0.0,0.0,0.0,0.0,0.0,0.0,0.0,0.0,0.0,0.023790642347343384,0.08326724821570185,0.26169706582077723,0.8207771609833467,4.817605075337019,12.918318794607456,8.350515463917528,2.1768437747819194,0.47581284694686765,0.07137192704203014,0.0,0.823364796307077,0.032915465828734725,0.0,0.0,0.0,0.0,0.0,0.0,0.0,0.0,0.0,0.0,0.0,0.0,0.0,0.0,0.0,0.0,0.0,0.0,0.0,0.0,0.02489626556016598,0.18672199170124487,1.0207468879668051,5.004149377593345,13.207468879668053,8.240663900414939,1.7800829875518676,0.33609958506224075,0.17427385892116187,0.02489626556016598,0.4058,0.01241,0.0,0.0,0.0,0.0,0.0,0.0,0.0,0.0,0.0,0.0,0.0,9.81363996827913,19.781919111816023,0.40444091990483755,0.0,0.0,0.0,0.0,0.0,0.0,0.0,0.0,0.0,0.0,0.0,0.0,0.0,0.0,0.0,0.0,0.406,0.01163,0.0,0.0,0.0,0.0,0.0,0.0,0.0,0.0,0.0,0.0,0.02489626556016598,9.510373443983388,20.19087136929461,0.27385892116182575,0.0,0.0,0.0,0.0,0.0,0.0,0.0,0.0,0.0,0.0,0.0,0.0,0.0,0.0,0.0,0.0
78800,4838,2478,0.5121951219512195,1139,1013,0.44481190574617613,1401,0.5791649441918147,0.40199999999999997,2.9533898305084745,3.0306955682966894,6.430906389301635,2.0869071604739946,8372.058536585366,506.5492637182172,7853.0,8866.4,8866.399999999998,1.8189894035458565e-12,7853.0,0.0,27.966101694915253,20.86645484306438,32.90083661417323,19.11862727156151,0.13952046300124019,0.1010748243075651,0.09177346010748243,0.0878462174452253,0.08143861099627946,0.07213724679619678,0.069450186027284,0.062422488631665975,0.05374121537825548,0.05539479123604795,0.05002066969822241,0.04175279040926003,0.03431169904919388,0.02583712277800744,0.016122364613476645,0.010748243075651096,0.0064076064489458455,0.8249240579463175,0.032655885820481255,0.0,0.0,0.0,0.0,0.0,0.0,0.0,0.0,0.0,0.0,0.0,0.0,0.0,0.0,0.0,0.0,0.0,0.0,0.0,0.006200909466721787,0.02480363786688715,0.20463001240181897,0.8867300537412156,4.644481190574603,12.618850764778838,9.0223232740802,2.126911947085573,0.36585365853658547,0.09301364200082682,0.006200909466721787,4.232755802549853,2.7960111379052353,4.278688524590164,2.4967595230814323,1.010851729743691,4.188257817485641,2.800704618224867,4.279459111397296,2.779364066485685,1.021775472734963,0.406,0.01214,0.0,0.0,0.0,0.0,0.0,0.0,0.0,0.0,0.0,0.0,0.012401818933443574,9.102935097147569,20.549813972716006,0.33484911120297656,0.0,0.0,0.0,0.0,0.0,0.0,0.0,0.0,0.0,0.0,0.0,0.0,0.0,0.0,0.0,0.0,nan,nan,4.233653846153846,2.790475234440125,nan,0.406,0.06476,0.0,0.0,0.0,0.0,0.0,0.0,0.0,0.0,0.0,0.0,0.0,0.0,0.0,0.0,0.0,0.0,0.0,0.0,0.0,1.0334849111202977e-05,0.00014468788755684167,0.0005580818520049607,0.0015295576684580404,0.008391897478296818,0.003069450186027284,0.00040305911533691606,0.009776767259198016,0.004774700289375775,0.010262505167424555,0.007399751963621331,0.015336916081025217,0.038807358412567175,0.028968582058701942,0.01836502687060769,0.02104175279040926,0.030942538238941712,0.041060355518809426,0.0388900372054568,0.08073584125671765,0.07760438197602315,0.056376601901612235,0.07256097560975609,0.058598594460520875,0.06057255064076064,0.07032864820173626,0.0371641174038859,0.028978916907813144,0.03842496899545267,0.017062835882596113,0.01670111616370401,0.034053327821413806,0.013497312939231088,0.024772633319553535,0.0111099627945432,0.011585365853658536,0.0018396031417941298,0.006345597354278628,0.0019016122364613477,5.167424555601488e-05,0.0,0.0,0.0,0.0,0.0,0.0,0.0,0.0,0.0,0.0,0.0,0.0,0.0,0.0,0.0,0.0,0.0,0.0,0.0,0.0,0.0,0.0,0.0,0.0,0.0,0.0,0.0,0.0,0.0,0.0,0.0,0.0,0.0,0.0,0.0,0.0,0.0,0.0,0.0,0.0,0.0,0.0,nan,nan,4.233653846153846,2.790475234440125,nan,0.8258974777776643,0.03254358877510391,0.0,0.0,0.0,0.0,0.0,0.0,0.0,0.0,0.0,0.0,0.0,0.0,0.0,0.0,0.0,0.0,0.0,0.0,0.0,0.0,0.012106537530266347,0.21791767554479424,0.7990314769975789,4.588377723970931,12.518159806295403,9.188861985472156,2.130750605326877,0.4237288135593221,0.10895883777239712,0.012106537530266347,0.8239019671234034,0.03274225220366892,0.0,0.0,0.0,0.0,0.0,0.0,0.0,0.0,0.0,0.0,0.0,0.0,0.0,0.0,0.0,0.0,0.0,0.0,0.0,0.012711864406779664,0.03813559322033899,0.19067796610169496,0.9788135593220341,4.70338983050846,12.724576271186443,8.847457627118645,2.1228813559322037,0.30508474576271194,0.07627118644067798,0.0,0.4065,0.011894,0.0,0.0,0.0,0.0,0.0,0.0,0.0,0.0,0.0,0.0,0.012106537530266347,8.934624697336549,20.726392251815987,0.32687651331719136,0.0,0.0,0.0,0.0,0.0,0.0,0.0,0.0,0.0,0.0,0.0,0.0,0.0,0.0,0.0,0.0,0.4058,0.012375,0.0,0.0,0.0,0.0,0.0,0.0,0.0,0.0,0.0,0.0,0.012711864406779664,9.279661016949138,20.36440677966102,0.34322033898305093,0.0,0.0,0.0,0.0,0.0,0.0,0.0,0.0,0.0,0.0,0.0,0.0,0.0,0.0,0.0,0.0
78900,4963,2558,0.5154140640741487,1203,1044,0.4527503526093089,1421,0.5726375176304654,0.40199999999999997,2.9696465696465695,3.024830312560612,6.416422287390029,2.1572139325309436,8375.320612532743,506.4591656432942,7853.0,8866.4,8866.399999999998,1.8189894035458565e-12,7853.0,0.0,27.764255490630667,20.820767711801906,32.94603097773475,18.965940870277905,0.1464839814628249,0.0991335885553093,0.08664114446907113,0.08563368930082611,0.0840217610316341,0.07253677211364094,0.06770098730606489,0.06870844247430989,0.06125327422929679,0.050171267378601656,0.048559339109409634,0.03969373362885351,0.02901470884545638,0.025186379206125327,0.017126737860165223,0.011283497884344146,0.006850695144066089,0.8279068806395761,0.033479571691167005,0.0,0.0,0.0,0.0,0.0,0.0,0.0,0.0,0.0,0.0,0.0,0.0,0.0,0.0,0.0,0.0,0.0,0.0,0.0,0.0,0.00604473100947008,0.20552085432198272,0.8885754583921017,4.01974612129759,12.246625025186383,9.453959298811204,2.448116058835382,0.6286520249848884,0.08462623413258112,0.01813419302841024,4.301713197969543,2.83414587693625,3.9,2.7610384519838425,0.9066155321188878,4.34526051475204,2.885131561751853,4.242274412855377,2.780497642247128,0.9762992111642034,0.4058,0.01221,0.0,0.0,0.0,0.0,0.0,0.0,0.0,0.0,0.0,0.0,0.01208946201894016,9.707838001208932,19.911343945194446,0.3687285915776749,0.0,0.0,0.0,0.0,0.0,0.0,0.0,0.0,0.0,0.0,0.0,0.0,0.0,0.0,0.0,0.0,nan,nan,4.294209215442092,2.833319601843664,nan,0.4058,0.06506,0.0,0.0,0.0,0.0,0.0,0.0,0.0,0.0,0.0,0.0,0.0,0.0,0.0,0.0,0.0,0.0,0.0,0.0,0.0,2.014910336490026e-05,0.0002518637920612533,0.0005238766874874068,0.0013499899254483176,0.009147692927664718,0.0029316945395929882,0.00032238565383840417,0.010951037678823293,0.006417489421720733,0.009439854926455772,0.007586137416884949,0.015877493451541408,0.036570622607293976,0.028047551883941164,0.01776143461615958,0.0232923634898247,0.032843038484787423,0.041114245416078984,0.04233326616965545,0.07882329236348982,0.07516623010276043,0.05598428369937538,0.07386661293572436,0.05460407011887971,0.058603667136812414,0.07072335281079992,0.03817247632480355,0.02833971388273222,0.038253072738263144,0.01702599234334072,0.01758009268587548,0.03553294378400161,0.012845053395123917,0.02681845657868225,0.011263348780979246,0.01068909933507959,0.001934313923030425,0.005148095909732017,0.0018335684062059238,0.0,1.007455168245013e-05,0.0,0.0,0.0,0.0,0.0,0.0,0.0,0.0,0.0,0.0,0.0,0.0,0.0,0.0,0.0,0.0,0.0,0.0,0.0,0.0,0.0,0.0,0.0,0.0,0.0,0.0,0.0,0.0,0.0,0.0,0.0,0.0,0.0,0.0,0.0,0.0,0.0,0.0,0.0,0.0,0.0,nan,nan,4.294209215442092,2.833319601843664,nan,0.8280618814773351,0.03354181111529908,0.0,0.0,0.0,0.0,0.0,0.0,0.0,0.0,0.0,0.0,0.0,0.0,0.0,0.0,0.0,0.0,0.0,0.0,0.0,0.0,0.0,0.2228303362001564,0.9265050820953872,4.022673964034389,12.161845191555907,9.417513682564506,2.4863174354964825,0.6684910086004693,0.08209538702111026,0.011727912431587181,0.8277420190416602,0.03341245640771829,0.0,0.0,0.0,0.0,0.0,0.0,0.0,0.0,0.0,0.0,0.0,0.0,0.0,0.0,0.0,0.0,0.0,0.0,0.0,0.0,0.012474012474012476,0.18711018711018715,0.8482328482328484,4.016632016632004,12.33679833679834,9.492723492723494,2.4074844074844077,0.5862785862785864,0.08731808731808734,0.024948024948024953,0.4055,0.01218,0.0,0.0,0.0,0.0,0.0,0.0,0.0,0.0,0.0,0.0,0.0,10.003909304143848,19.655981235340114,0.34010946051602825,0.0,0.0,0.0,0.0,0.0,0.0,0.0,0.0,0.0,0.0,0.0,0.0,0.0,0.0,0.0,0.0,0.406,0.01223,0.0,0.0,0.0,0.0,0.0,0.0,0.0,0.0,0.0,0.0,0.024948024948024953,9.392931392931379,20.182952182952185,0.39916839916839925,0.0,0.0,0.0,0.0,0.0,0.0,0.0,0.0,0.0,0.0,0.0,0.0,0.0,0.0,0.0,0.0
79000,4896,2567,0.5243055555555556,1210,992,0.4497549019607843,1392,0.5686274509803921,0.40199999999999997,2.9862601975096608,3.084300077339449,6.58955223880597,2.004519842633121,8384.33125,506.10096969225157,7853.0,8866.4,8866.4,0.0,7853.0,0.0,28.5406454248366,20.940488697823845,33.17874280230326,19.23200255854227,0.12990196078431374,0.09252450980392157,0.09967320261437909,0.08680555555555555,0.08374183006535947,0.06985294117647059,0.07250816993464053,0.06372549019607843,0.05943627450980392,0.052083333333333336,0.04758986928104575,0.04595588235294118,0.030841503267973858,0.026348039215686275,0.0196078431372549,0.012050653594771242,0.007352941176470588,0.8277238088179063,0.03362296762814929,0.0,0.0,0.0,0.0,0.0,0.0,0.0,0.0,0.0,0.0,0.0,0.0,0.0,0.0,0.0,0.0,0.0,0.0,0.0,0.0,0.03063725490196079,0.15318627450980393,0.8149509803921571,4.313725490196065,12.35294117647059,9.25857843137255,2.291666666666667,0.5698529411764707,0.17156862745098045,0.04289215686274511,4.164089618176081,2.901271926951069,4.394736842105263,2.897725729677006,1.0553895917423142,4.139375,2.9257391560723596,4.194150591163659,2.8765758934734964,1.0132328168295115,0.4053,0.01209,0.0,0.0,0.0,0.0,0.0,0.0,0.0,0.0,0.0,0.0,0.0,10.165441176470573,19.48529411764706,0.34926470588235303,0.0,0.0,0.0,0.0,0.0,0.0,0.0,0.0,0.0,0.0,0.0,0.0,0.0,0.0,0.0,0.0,nan,nan,4.16682257561584,2.901337278739458,nan,0.4053,0.06445,0.0,0.0,0.0,0.0,0.0,0.0,0.0,0.0,0.0,0.0,0.0,0.0,0.0,0.0,0.0,0.0,0.0,0.0,0.0,3.0637254901960784e-05,0.00024509803921568627,0.0006025326797385621,0.0011948529411764707,0.009160539215686275,0.0030126633986928106,0.0005106209150326798,0.011090686274509804,0.005708741830065359,0.007771650326797386,0.007781862745098039,0.016064133986928103,0.03744893790849673,0.028462009803921568,0.01843341503267974,0.02203839869281046,0.033711192810457515,0.03936887254901961,0.0443218954248366,0.08020833333333334,0.07588848039215686,0.05403390522875817,0.07697099673202615,0.05560661764705882,0.06343954248366013,0.06633986928104575,0.037888071895424834,0.02897263071895425,0.03795955882352941,0.01752450980392157,0.017167075163398694,0.03473243464052288,0.011540032679738563,0.025275735294117647,0.010763888888888889,0.010120506535947713,0.0018075980392156864,0.004769199346405229,0.002011846405228758,2.0424836601307188e-05,0.0,0.0,0.0,0.0,0.0,0.0,0.0,0.0,0.0,0.0,0.0,0.0,0.0,0.0,0.0,0.0,0.0,0.0,0.0,0.0,0.0,0.0,0.0,0.0,0.0,0.0,0.0,0.0,0.0,0.0,0.0,0.0,0.0,0.0,0.0,0.0,0.0,0.0,0.0,0.0,0.0,0.0,nan,nan,4.16682257561584,2.901337278739458,nan,0.8281866092834205,0.0330441929025981,0.0,0.0,0.0,0.0,0.0,0.0,0.0,0.0,0.0,0.0,0.0,0.0,0.0,0.0,0.0,0.0,0.0,0.0,0.0,0.0,0.011686793922867162,0.16361511492014028,0.6544604596805611,4.382547721075172,12.177639267627583,9.454616283599535,2.384105960264901,0.5843396961433581,0.15192832099727313,0.03506038176860148,0.8272137148741644,0.03424231259943614,0.0,0.0,0.0,0.0,0.0,0.0,0.0,0.0,0.0,0.0,0.0,0.0,0.0,0.0,0.0,0.0,0.0,0.0,0.0,0.0,0.05152425933877202,0.14169171318162305,0.9918419922713613,4.237870330613984,12.546157148990986,9.042507513954488,2.1897810218978107,0.5538857878917992,0.19321597252039507,0.05152425933877202,0.405,0.012215,0.0,0.0,0.0,0.0,0.0,0.0,0.0,0.0,0.0,0.0,0.0,10.144137125048681,19.470198675496693,0.3856641994546164,0.0,0.0,0.0,0.0,0.0,0.0,0.0,0.0,0.0,0.0,0.0,0.0,0.0,0.0,0.0,0.0,0.4053,0.01195,0.0,0.0,0.0,0.0,0.0,0.0,0.0,0.0,0.0,0.0,0.0,10.18892228424215,19.501932159725207,0.3091455560326321,0.0,0.0,0.0,0.0,0.0,0.0,0.0,0.0,0.0,0.0,0.0,0.0,0.0,0.0,0.0,0.0
79100,4988,2624,0.5260625501202887,1260,986,0.45028067361668,1363,0.5465116279069767,0.422,2.999576988155668,3.0825500612776167,6.523598820058997,2.1660842485457525,8386.1117882919,506.0111732355558,7853.0,8866.4,8866.399999999998,1.8189894035458565e-12,7853.0,0.0,27.944466720128307,20.646495832287414,32.89897301170289,18.82474999102226,0.14033680834001605,0.09743384121892543,0.0876102646351243,0.08821170809943865,0.08079390537289495,0.08079390537289495,0.06335204490777867,0.07117080994386528,0.0545308740978348,0.057738572574178026,0.0467121090617482,0.0404971932638332,0.03488372093023256,0.023456295108259823,0.016639935846030473,0.009222133119486768,0.006615878107457899,0.8278421589442989,0.033914610709306195,0.0,0.0,0.0,0.0,0.0,0.0,0.0,0.0,0.0,0.0,0.0,0.0,0.0,0.0,0.0,0.0,0.0,0.0,0.0,0.006014434643143546,0.018043303929430637,0.1443464314354451,0.8420208500400964,4.047714514835593,12.317562149157983,9.55092221331195,2.3336006415396957,0.529270248596632,0.12630312750601447,0.08420208500400965,4.191389063482087,2.8644444715934103,3.5106382978723403,2.766612033836207,0.8375834943262942,4.211970074812967,2.896374267831052,4.1513846153846155,2.831771327644767,0.9856158855945713,0.405,0.0122,0.0,0.0,0.0,0.0,0.0,0.0,0.0,0.0,0.0,0.0,0.036086607858861273,10.254611066559729,19.42662389735365,0.28267842822774664,0.0,0.0,0.0,0.0,0.0,0.0,0.0,0.0,0.0,0.0,0.0,0.0,0.0,0.0,0.0,0.0,nan,nan,4.181480334468876,2.86420506397471,nan,0.405,0.0639,0.0,0.0,0.0,0.0,0.0,0.0,0.0,0.0,0.0,0.0,0.0,0.0,0.0,0.0,0.0,0.0,0.0,0.0,1.0024057738572574e-05,1.0024057738572574e-05,1.0024057738572574e-05,0.0007718524458700882,0.001222935044105854,0.009853648757016841,0.003368083400160385,0.0005914194065757819,0.01039494787489976,0.006746190858059342,0.006515637530072173,0.006866479550922213,0.013271852445870088,0.037319566960705694,0.027425821972734563,0.018354049719326384,0.02293504410585405,0.036607858861267044,0.04219125902165197,0.042311547714514834,0.08153568564554932,0.07579190056134723,0.054500801924619084,0.07944065757818765,0.053458299919807536,0.06464514835605453,0.06557738572574177,0.03774057738572574,0.027836808340016037,0.04053728949478749,0.016369286287089013,0.01752205292702486,0.033660785886126705,0.011257016840417002,0.024969927826784283,0.009903769045709703,0.010836006415396953,0.0018243785084202085,0.0038893344025661587,0.001814354450681636,0.00011026463512429831,0.0,0.0,0.0,0.0,0.0,0.0,0.0,0.0,0.0,0.0,0.0,0.0,0.0,0.0,0.0,0.0,0.0,0.0,0.0,0.0,0.0,0.0,0.0,0.0,0.0,0.0,0.0,0.0,0.0,0.0,0.0,0.0,0.0,0.0,0.0,0.0,0.0,0.0,0.0,0.0,0.0,0.0,nan,nan,4.181480334468876,2.86420506397471,nan,0.8275832411855822,0.03331819515464794,0.0,0.0,0.0,0.0,0.0,0.0,0.0,0.0,0.0,0.0,0.0,0.0,0.0,0.0,0.0,0.0,0.0,0.0,0.0,0.011432926829268296,0.011432926829268296,0.17149390243902443,0.8003048780487807,3.9557926829268166,12.564786585365857,9.489329268292686,2.298018292682927,0.503048780487805,0.12576219512195125,0.06859756097560976,0.8281295532754633,0.03456230144695084,0.0,0.0,0.0,0.0,0.0,0.0,0.0,0.0,0.0,0.0,0.0,0.0,0.0,0.0,0.0,0.0,0.0,0.0,0.0,0.0,0.025380710659898484,0.11421319796954317,0.8883248730964469,4.149746192893388,12.04314720812183,9.619289340101524,2.373096446700508,0.5583756345177666,0.1269035532994924,0.10152284263959394,0.4053,0.012215,0.0,0.0,0.0,0.0,0.0,0.0,0.0,0.0,0.0,0.0,0.022865853658536592,10.129573170731692,19.561737804878053,0.2858231707317074,0.0,0.0,0.0,0.0,0.0,0.0,0.0,0.0,0.0,0.0,0.0,0.0,0.0,0.0,0.0,0.0,0.4048,0.012184,0.0,0.0,0.0,0.0,0.0,0.0,0.0,0.0,0.0,0.0,0.05076142131979697,10.393401015228411,19.276649746192895,0.2791878172588833,0.0,0.0,0.0,0.0,0.0,0.0,0.0,0.0,0.0,0.0,0.0,0.0,0.0,0.0,0.0,0.0
79200,4831,2510,0.5195611674601531,1184,969,0.44566342372179674,1322,0.5472986959221693,0.434,2.962947005601034,3.143201045830781,6.732171156893819,2.211387086311942,8379.523287104119,506.31208487294424,7853.0,8866.4,8866.4,0.0,7853.0,0.0,27.876009107845167,20.79129481952301,32.76828367397193,19.06475541474852,0.1374456634237218,0.09811633202235562,0.09997930035189402,0.08797350445042434,0.07803767335955289,0.07120678948457876,0.06644587042020286,0.07120678948457876,0.06168495135582695,0.047609190643759056,0.0480231836058787,0.038501345477126886,0.031463465121092944,0.026702546056717034,0.01966466570068309,0.009107845166632168,0.0068308838749741255,0.8268860232087303,0.0332659344336817,0.0,0.0,0.0,0.0,0.0,0.0,0.0,0.0,0.0,0.0,0.0,0.0,0.0,0.0,0.0,0.0,0.0,0.0,0.0,0.0,0.024839577727178645,0.21113641068101846,0.9749534257917617,4.123369902711641,12.24591181949907,9.61912647484993,2.210722417718899,0.4657420823845996,0.10556820534050923,0.018629683295383982,4.215177398160315,2.870167984445728,4.3584905660377355,2.901491741394881,1.0339993206311953,4.265452179570592,2.8437624228228815,4.170512820512821,2.896355312455549,0.9777422521550039,0.405,0.012054,0.0,0.0,0.0,0.0,0.0,0.0,0.0,0.0,0.0,0.0,0.024839577727178645,10.333264334506298,19.343821155040366,0.2980749327261437,0.0,0.0,0.0,0.0,0.0,0.0,0.0,0.0,0.0,0.0,0.0,0.0,0.0,0.0,0.0,0.0,nan,nan,4.217629964481756,2.8707670838931283,nan,0.405,0.0643,0.0,0.0,0.0,0.0,0.0,0.0,0.0,0.0,0.0,0.0,0.0,0.0,0.0,0.0,0.0,0.0,0.0,0.0,0.0,0.0,0.0,0.000631339267232457,0.001676671496584558,0.009542537776857794,0.003777685779341751,0.0003622438418546885,0.010784516663216726,0.007306975781411716,0.00659283792175533,0.008052163113227075,0.012554336576278203,0.036555578555164565,0.02719933761126061,0.01762575036224384,0.02146553508590354,0.03673152556406541,0.04523908093562409,0.04020906644587042,0.08149451459325191,0.07577106189194784,0.0566238873939143,0.0801179879942041,0.05084868557234527,0.06484164769198923,0.06646657006830883,0.03656592837921755,0.027851376526599046,0.039898571724280685,0.015669633616228525,0.01723245704823018,0.03443386462430139,0.01175740012419789,0.02506727385634444,0.00942868971227489,0.011540053819085076,0.0020182156903332644,0.003850134547712689,0.0019457669219623266,0.00026909542537776856,0.0,0.0,0.0,0.0,0.0,0.0,0.0,0.0,0.0,0.0,0.0,0.0,0.0,0.0,0.0,0.0,0.0,0.0,0.0,0.0,0.0,0.0,0.0,0.0,0.0,0.0,0.0,0.0,0.0,0.0,0.0,0.0,0.0,0.0,0.0,0.0,0.0,0.0,0.0,0.0,0.0,0.0,nan,nan,4.217629964481756,2.8707670838931283,nan,0.8272426288441358,0.03295366446949861,0.0,0.0,0.0,0.0,0.0,0.0,0.0,0.0,0.0,0.0,0.0,0.0,0.0,0.0,0.0,0.0,0.0,0.0,0.0,0.0,0.035856573705179286,0.17928286852589645,0.8844621513944225,4.039840637450187,12.406374501992035,9.705179282868528,2.1872509960159365,0.40637450199203196,0.11952191235059763,0.035856573705179286,0.8265003790273999,0.0335961067876212,0.0,0.0,0.0,0.0,0.0,0.0,0.0,0.0,0.0,0.0,0.0,0.0,0.0,0.0,0.0,0.0,0.0,0.0,0.0,0.0,0.01292546316242999,0.2455838000861698,1.072813442481689,4.213700990952162,12.07238259370961,9.526066350710902,2.2361051271003882,0.5299439896596295,0.09047824213700993,0.0,0.405,0.01198,0.0,0.0,0.0,0.0,0.0,0.0,0.0,0.0,0.0,0.0,0.011952191235059764,10.231075697211141,19.434262948207174,0.32270916334661365,0.0,0.0,0.0,0.0,0.0,0.0,0.0,0.0,0.0,0.0,0.0,0.0,0.0,0.0,0.0,0.0,0.4048,0.01213,0.0,0.0,0.0,0.0,0.0,0.0,0.0,0.0,0.0,0.0,0.03877638948728997,10.443774235243414,19.246014648858253,0.2714347264110298,0.0,0.0,0.0,0.0,0.0,0.0,0.0,0.0,0.0,0.0,0.0,0.0,0.0,0.0,0.0,0.0
79300,4918,2576,0.5237901586010574,1192,1001,0.44591297275315167,1383,0.5624237494916633,0.41,3.0213492741246797,3.1245790518392873,6.607305936073059,2.252914544419044,8383.80894672631,506.1261193494638,7853.0,8866.4,8866.4,0.0,7853.0,0.0,27.96461976413176,20.903542314668353,33.07203699196885,19.073315255694784,0.1439609597397316,0.0931272875152501,0.09170394469296463,0.08946726311508743,0.08153721024806831,0.07564050427002847,0.07076047173647824,0.061610410736071576,0.0571370475803172,0.054493696624644164,0.04432696217974787,0.040870272468483126,0.03477023180154534,0.023586823912159414,0.017486783245221633,0.014030093533956893,0.005490036600244001,0.8258264831238135,0.03387653768171762,0.0,0.0,0.0,0.0,0.0,0.0,0.0,0.0,0.0,0.0,0.0,0.0,0.0,0.0,0.0,0.0,0.0,0.0,0.0,0.012200081333875562,0.024400162667751125,0.15860105734038232,1.000406669377796,4.514030093533943,12.883285888572594,8.49735664904433,2.2692151281008544,0.4758031720211469,0.1281008540056934,0.03660024400162668,4.271066965716116,2.9119667882340847,4.545454545454546,3.1207119340314975,1.0642433335606631,4.2166562304320605,2.893760366227865,4.335655478150728,2.9369673903397375,1.028221235314332,0.405,0.01208,0.0,0.0,0.0,0.0,0.0,0.0,0.0,0.0,0.0,0.0,0.030500203334688905,10.058967059780384,19.666531110207405,0.24400162667751124,0.0,0.0,0.0,0.0,0.0,0.0,0.0,0.0,0.0,0.0,0.0,0.0,0.0,0.0,0.0,0.0,nan,nan,4.275818639798489,2.9159285730585047,nan,0.405,0.0644,0.0,0.0,0.0,0.0,0.0,0.0,0.0,0.0,0.0,0.0,0.0,0.0,0.0,0.0,0.0,0.0,0.0,0.0,2.0333468889792597e-05,0.0,0.0,0.0008133387555917039,0.0017791785278568524,0.009373729158194387,0.0037413582757218383,0.00035583570557137046,0.01057340382269215,0.007503050020333469,0.006679544530296869,0.008031720211468077,0.012860919072793818,0.03603090687271249,0.026443676291175274,0.018218788125254168,0.020953639690931274,0.038531923546156976,0.04461163074420496,0.04183611224074827,0.07879219194794632,0.07480683204554697,0.05653721024806832,0.08271655144367629,0.05063033753558357,0.0626169174461163,0.0642944286295242,0.03796258641724278,0.029656364375762505,0.03924359495729972,0.015453436356242375,0.01625660837738918,0.03524806832045547,0.013247254981699878,0.02519316795445303,0.009932899552663684,0.011356242374949166,0.0023383489223261487,0.003477023180154534,0.001636844245628304,0.00020333468889792598,4.0666937779585194e-05,0.0,0.0,0.0,0.0,0.0,0.0,0.0,0.0,0.0,0.0,0.0,0.0,0.0,0.0,0.0,0.0,0.0,0.0,0.0,0.0,0.0,0.0,0.0,0.0,0.0,0.0,0.0,0.0,0.0,0.0,0.0,0.0,0.0,0.0,0.0,0.0,0.0,0.0,0.0,0.0,0.0,nan,nan,4.275818639798489,2.9159285730585047,nan,0.8256470150782825,0.034029249965429526,0.0,0.0,0.0,0.0,0.0,0.0,0.0,0.0,0.0,0.0,0.0,0.0,0.0,0.0,0.0,0.0,0.0,0.0,0.0,0.0,0.011645962732919258,0.15139751552795036,1.1063664596273293,4.926242236024829,12.484472049689444,8.198757763975157,2.4456521739130443,0.5240683229813665,0.12810559006211183,0.023291925465838515,0.8260238826478474,0.03370666469252369,0.0,0.0,0.0,0.0,0.0,0.0,0.0,0.0,0.0,0.0,0.0,0.0,0.0,0.0,0.0,0.0,0.0,0.0,0.0,0.02561912894961572,0.03842869342442357,0.16652433817250217,0.8838599487617423,4.060631938514078,13.321947053800175,8.825789923142615,2.075149444918873,0.4227156276686594,0.12809564474807858,0.05123825789923144,0.4053,0.01196,0.0,0.0,0.0,0.0,0.0,0.0,0.0,0.0,0.0,0.0,0.011645962732919258,9.887422360248433,19.833074534161497,0.2678571428571429,0.0,0.0,0.0,0.0,0.0,0.0,0.0,0.0,0.0,0.0,0.0,0.0,0.0,0.0,0.0,0.0,0.405,0.012184,0.0,0.0,0.0,0.0,0.0,0.0,0.0,0.0,0.0,0.0,0.05123825789923144,10.24765157984627,19.483347566182754,0.21776259607173362,0.0,0.0,0.0,0.0,0.0,0.0,0.0,0.0,0.0,0.0,0.0,0.0,0.0,0.0,0.0,0.0
79400,4983,2561,0.5139474212321894,1240,1016,0.45273931366646597,1399,0.5615091310455549,0.39799999999999996,2.921552436003303,3.118304219730339,6.522895125553914,2.3756815474097057,8373.834316676703,506.5028243673302,7853.0,8866.4,8866.4,0.0,7853.0,0.0,27.770218743728677,20.67363386438517,32.93998553868402,18.7883651453417,0.14609672887818584,0.0975316074653823,0.08769817379088903,0.08328316275336142,0.08348384507324905,0.07866746939594622,0.06441902468392535,0.06803130644190247,0.0640176600441501,0.05438490868954445,0.043548063415613084,0.040939193257074055,0.030704394942805538,0.024081878386514148,0.016656632550672287,0.010234798314268514,0.006221151916516155,0.8266821302445136,0.03409953070203985,0.0,0.0,0.0,0.0,0.0,0.0,0.0,0.0,0.0,0.0,0.0,0.0,0.0,0.0,0.0,0.0,0.0,0.0,0.0,0.006020469596628539,0.04214328717639977,0.18061408789885616,0.8368452739313669,4.491270319084875,12.444310656231188,9.133052378085493,2.1071643588199884,0.5237808549066828,0.19265502709211324,0.04214328717639977,4.269826224328594,2.9028268841336535,4.521739130434782,2.8032522295330207,1.0589983977968096,4.2364316905801624,2.8666987224608684,4.310323383084577,2.9354740427437584,1.0174419648188155,0.405,0.01227,0.0,0.0,0.0,0.0,0.0,0.0,0.0,0.0,0.0,0.0,0.03010234798314269,9.789283564117987,19.879590608067435,0.3010234798314269,0.0,0.0,0.0,0.0,0.0,0.0,0.0,0.0,0.0,0.0,0.0,0.0,0.0,0.0,0.0,0.0,nan,nan,4.273435066957334,2.90157894768764,nan,0.405,0.0637,0.0,0.0,0.0,0.0,0.0,0.0,0.0,0.0,0.0,0.0,0.0,0.0,0.0,0.0,0.0,0.0,0.0,0.0,6.020469596628537e-05,0.0,0.0,0.0010234798314268513,0.0020670278948424644,0.008589203291190046,0.003542042946016456,0.00027092113184828417,0.00874974914710014,0.007555689343768814,0.0056391731888420634,0.008338350391330523,0.013505920128436684,0.03351394742123219,0.027172386112783463,0.0185932169375878,0.022044952839654828,0.0407585791691752,0.045003010234798316,0.041260284968894244,0.07908890226771022,0.07519566526189042,0.05686333534015653,0.08241019466185029,0.04944812362030905,0.0651314469195264,0.06579369857515553,0.03844069837447321,0.030252859723058398,0.03699578567128236,0.014930764599638772,0.016546257274734095,0.0363435681316476,0.012532610876981739,0.023871161950632148,0.010375275938189845,0.010375275938189845,0.0021673690547862733,0.0034015653220951236,0.0018563114589604656,0.00023078466787076059,3.0102347983142685e-05,3.0102347983142685e-05,0.0,0.0,0.0,0.0,0.0,0.0,0.0,0.0,0.0,0.0,0.0,0.0,0.0,0.0,0.0,0.0,0.0,0.0,0.0,0.0,0.0,0.0,0.0,0.0,0.0,0.0,0.0,0.0,0.0,0.0,0.0,0.0,0.0,0.0,0.0,0.0,0.0,0.0,0.0,0.0,nan,nan,4.273435066957334,2.90157894768764,nan,0.826660833010586,0.03407067607837281,0.0,0.0,0.0,0.0,0.0,0.0,0.0,0.0,0.0,0.0,0.0,0.0,0.0,0.0,0.0,0.0,0.0,0.0,0.0,0.0,0.035142522452167126,0.18742678641155802,0.7965638422491216,4.474814525575932,12.604451386177278,9.090199140960564,2.026552128074971,0.5388520109332293,0.1991409605622804,0.046856696602889505,0.8267046497391828,0.034130000319172536,0.0,0.0,0.0,0.0,0.0,0.0,0.0,0.0,0.0,0.0,0.0,0.0,0.0,0.0,0.0,0.0,0.0,0.0,0.0,0.01238645747316268,0.04954582989265072,0.1734104046242775,0.8794384805945501,4.5086705202312,12.274979355904215,9.178364987613545,2.192402972749794,0.5078447563996698,0.18579686209744017,0.03715937241948803,0.4053,0.01227,0.0,0.0,0.0,0.0,0.0,0.0,0.0,0.0,0.0,0.0,0.023428348301444753,9.69933619679811,19.972666926981653,0.3045685279187818,0.0,0.0,0.0,0.0,0.0,0.0,0.0,0.0,0.0,0.0,0.0,0.0,0.0,0.0,0.0,0.0,0.405,0.01226,0.0,0.0,0.0,0.0,0.0,0.0,0.0,0.0,0.0,0.0,0.03715937241948803,9.8843930635838,19.781172584640796,0.29727497935590425,0.0,0.0,0.0,0.0,0.0,0.0,0.0,0.0,0.0,0.0,0.0,0.0,0.0,0.0,0.0,0.0
79500,4856,2513,0.517504118616145,1234,973,0.45448929159802304,1355,0.5580724876441515,0.418,3.0738369611609047,3.174282205903267,6.710948905109489,2.1289687312647834,8377.438673805602,506.38940495592743,7853.0,8866.4,8866.399999999998,1.8189894035458565e-12,7853.0,0.0,28.324546952224054,20.919279404998676,33.44132841328413,19.0112302981188,0.1416803953871499,0.09658154859967051,0.08525535420098847,0.08175453047775948,0.08484349258649095,0.0735172981878089,0.0706342668863262,0.06404448105436573,0.06486820428336079,0.04921746293245469,0.04942339373970346,0.04077429983525535,0.0364497528830313,0.024093904448105437,0.020387149917627675,0.01070840197693575,0.005766062602965404,0.827721338332485,0.03311158447095524,0.0,0.0,0.0,0.0,0.0,0.0,0.0,0.0,0.0,0.0,0.0,0.0,0.0,0.0,0.0,0.0,0.0,0.0,0.0061779242174629335,0.0,0.03088962108731467,0.1791598023064251,0.840197693574959,4.065074135090597,12.244645799011534,9.600494233937399,2.483525535420099,0.4077429983525536,0.12355848434925867,0.0185337726523888,4.279210442534224,2.9369980386636505,4.675,3.0691000309536993,1.0924912580909159,4.3262632563942605,2.97277775134523,4.241444866920152,2.903715715984329,0.9803945380927187,0.4045,0.012054,0.0,0.0,0.0,0.0,0.0,0.0,0.0,0.0,0.0,0.0,0.04324546952224054,10.286243822075768,19.45428336079078,0.21622734761120269,0.0,0.0,0.0,0.0,0.0,0.0,0.0,0.0,0.0,0.0,0.0,0.0,0.0,0.0,0.0,0.0,nan,nan,4.284187362464634,2.93902696134509,nan,0.4045,0.06354,0.0,0.0,0.0,0.0,0.0,0.0,0.0,0.0,0.0,0.0,0.0,0.0,0.0,0.0,0.0,0.0,0.0,0.0,0.0001441515650741351,0.0,0.0,0.000792833607907743,0.0021313838550247118,0.009071252059308072,0.004612850082372323,0.0003809719934102142,0.008607907742998352,0.007392915980230642,0.006311779242174629,0.007557660626029654,0.014281301482701812,0.03101317957166392,0.026812191103789126,0.01881177924217463,0.023465815485996706,0.04220551894563427,0.04477965403624382,0.04077429983525535,0.07700782537067545,0.07701812191103789,0.055683690280065895,0.08355642504118616,0.048496705107084016,0.06559925864909391,0.0671334431630972,0.04077429983525535,0.03078665568369028,0.035852553542009884,0.016773064250411862,0.015372734761120263,0.03464785831960461,0.01417833607907743,0.020160626029654037,0.010492174629324547,0.009349258649093905,0.0020284184514003296,0.0037582372322899505,0.0020181219110378913,6.177924217462933e-05,6.177924217462933e-05,4.118616144975288e-05,0.0,0.0,0.0,0.0,0.0,0.0,0.0,0.0,0.0,0.0,0.0,0.0,0.0,0.0,0.0,0.0,0.0,0.0,0.0,0.0,0.0,0.0,0.0,0.0,0.0,0.0,0.0,0.0,0.0,0.0,0.0,0.0,0.0,0.0,0.0,0.0,0.0,0.0,0.0,0.0,nan,nan,4.284187362464634,2.93902696134509,nan,0.8278470626875456,0.033140491843784856,0.0,0.0,0.0,0.0,0.0,0.0,0.0,0.0,0.0,0.0,0.0,0.0,0.0,0.0,0.0,0.0,0.0,0.0,0.011937922801432554,0.0,0.0,0.1551929964186232,0.8475925189017113,4.261838440111408,11.890171110226824,9.63390370075607,2.626343016315162,0.41782729805013935,0.14325507361719064,0.011937922801432554,0.8275864918517903,0.03308002051486419,0.0,0.0,0.0,0.0,0.0,0.0,0.0,0.0,0.0,0.0,0.0,0.0,0.0,0.0,0.0,0.0,0.0,0.0,0.0,0.0,0.06402048655569784,0.20486555697823308,0.8322663252240718,3.8540332906529975,12.624839948783613,9.564660691421256,2.3303457106274013,0.3969270166453266,0.10243277848911654,0.025608194622279135,0.4048,0.012146,0.0,0.0,0.0,0.0,0.0,0.0,0.0,0.0,0.0,0.0,0.03581376840429766,10.123358535614788,19.649820931157983,0.19100676482292087,0.0,0.0,0.0,0.0,0.0,0.0,0.0,0.0,0.0,0.0,0.0,0.0,0.0,0.0,0.0,0.0,0.4045,0.01195,0.0,0.0,0.0,0.0,0.0,0.0,0.0,0.0,0.0,0.0,0.05121638924455827,10.460947503201009,19.24455825864277,0.24327784891165177,0.0,0.0,0.0,0.0,0.0,0.0,0.0,0.0,0.0,0.0,0.0,0.0,0.0,0.0,0.0,0.0
79600,4954,2555,0.5157448526443278,1203,1033,0.4513524424707307,1413,0.5704481227291078,0.426,3.047519799916632,3.205649890819854,6.8936170212765955,2.0981078432769626,8375.655833669762,506.4487154410629,7853.0,8866.4,8866.399999999998,1.8189894035458565e-12,7853.0,0.0,27.612838110617684,20.694079784567112,32.74660523763337,18.880887821949358,0.14553895841744044,0.09971740008074284,0.08901897456600727,0.08518368994751715,0.08740411788453775,0.07408155026241421,0.06297941057731127,0.06923698021800566,0.060960839725474364,0.05006055712555511,0.04844570044408559,0.0361324182478805,0.03471941865159467,0.024626564392410174,0.016148566814695196,0.008881711748082357,0.006863140896245458,0.8273434650286774,0.03351715373867696,0.0,0.0,0.0,0.0,0.0,0.0,0.0,0.0,0.0,0.0,0.0,0.0,0.0,0.0,0.0,0.0,0.0,0.0,0.0,0.0,0.024222850222042798,0.1271699636657247,1.0234154218813083,4.123940250302773,12.256762212353657,9.422688736374647,2.343560758982641,0.5571255551069844,0.1090028259991926,0.012111425111021399,4.310531339484569,2.9523159916405763,4.25,2.848871957208928,0.9859573368762917,4.264524103831891,2.952946160727992,4.355471220746363,2.947380098643997,1.0213264398793644,0.4045,0.01205,0.0,0.0,0.0,0.0,0.0,0.0,0.0,0.0,0.0,0.0,0.012111425111021399,10.52482842147758,19.14816310052483,0.3148970528865564,0.0,0.0,0.0,0.0,0.0,0.0,0.0,0.0,0.0,0.0,0.0,0.0,0.0,0.0,0.0,0.0,nan,nan,4.309471709909347,2.950547022106632,nan,0.4045,0.06354,0.0,0.0,0.0,0.0,0.0,0.0,0.0,0.0,0.0,0.0,0.0,0.0,0.0,0.0,0.0,0.0,0.0,0.0,0.00013120710536939847,0.0,0.0,0.0011001211142511102,0.0017965280581348406,0.00891199031085991,0.005177634234961647,0.00033306419055308844,0.009880904319741623,0.008225676221235365,0.005490512716996366,0.0072264836495761,0.01447315300767057,0.030510698425514734,0.025312878482034718,0.018368994751715786,0.024475171578522407,0.04202664513524425,0.04445902301170771,0.0389987888574889,0.07674606378683892,0.0740310859911183,0.058800968914008885,0.08545619701251514,0.04918247880500606,0.06451352442470731,0.06815704481227292,0.042531287848203474,0.03119701251513928,0.03332660476382721,0.017894630601534112,0.015098909971740009,0.036182882519176424,0.014493338716188938,0.01837908760597497,0.010062575696406943,0.008861526039563989,0.0021194993944287444,0.0035627775534921276,0.0023213564796124345,5.0464271295922484e-05,0.00013120710536939847,0.0,0.0,0.0,0.0,0.0,0.0,0.0,0.0,0.0,0.0,0.0,0.0,0.0,0.0,0.0,0.0,0.0,0.0,0.0,0.0,0.0,0.0,0.0,0.0,0.0,0.0,0.0,0.0,0.0,0.0,0.0,0.0,0.0,0.0,0.0,0.0,0.0,0.0,0.0,0.0,0.0,nan,nan,4.309471709909347,2.950547022106632,nan,0.8268739478462129,0.0336566175021056,0.0,0.0,0.0,0.0,0.0,0.0,0.0,0.0,0.0,0.0,0.0,0.0,0.0,0.0,0.0,0.0,0.0,0.0,0.0,0.0,0.02348336594911938,0.12915851272015658,1.0450097847358124,4.309197651663392,12.14090019569472,9.42857142857143,2.1839530332681023,0.6223091976516636,0.11741682974559689,0.0,0.8278435135493929,0.03336071438269358,0.0,0.0,0.0,0.0,0.0,0.0,0.0,0.0,0.0,0.0,0.0,0.0,0.0,0.0,0.0,0.0,0.0,0.0,0.0,0.0,0.025010421008753652,0.12505210504376826,1.000416840350146,3.9266360983743107,12.380158399333059,9.41642350979575,2.513547311379742,0.4877032096706962,0.10004168403501461,0.025010421008753652,0.4048,0.01209,0.0,0.0,0.0,0.0,0.0,0.0,0.0,0.0,0.0,0.0,0.02348336594911938,10.379647749510747,19.32681017612525,0.27005870841487284,0.0,0.0,0.0,0.0,0.0,0.0,0.0,0.0,0.0,0.0,0.0,0.0,0.0,0.0,0.0,0.0,0.4045,0.01201,0.0,0.0,0.0,0.0,0.0,0.0,0.0,0.0,0.0,0.0,0.0,10.679449770737792,18.95789912463527,0.36265110462692796,0.0,0.0,0.0,0.0,0.0,0.0,0.0,0.0,0.0,0.0,0.0,0.0,0.0,0.0,0.0,0.0
79700,4814,2525,0.5245118404653095,1215,968,0.453469048608226,1364,0.5666805151641047,0.40199999999999997,2.9724770642201834,3.045114834914803,6.328928046989721,2.2193648194632676,8384.540299127544,506.0907522759668,7853.0,8866.4,8866.399999999998,1.8189894035458565e-12,7853.0,0.0,28.828417116742834,20.959871607675137,33.640617344439,19.11054887505338,0.13107602825093478,0.0953469048608226,0.09098462816784379,0.08205234732031574,0.07602825093477358,0.0751973410884919,0.07374324885749896,0.06917324470294973,0.057125051931865393,0.05899459908599917,0.05172413793103448,0.041130037390943085,0.0328209389281263,0.028043207312006647,0.017864561695056087,0.011840465309513918,0.006855006231823847,0.8278010518262631,0.032926278850596596,0.0,0.0,0.0,0.0,0.0,0.0,0.0,0.0,0.0,0.0,0.0,0.0,0.0,0.0,0.0,0.0,0.0,0.0,0.0,0.0,0.04362276692978813,0.11217282924802661,0.8599916909015374,4.162858329871196,12.301620274200252,9.565849605317824,2.3244702949729956,0.4611549646863316,0.12463647694225179,0.04362276692978813,4.159184972938554,2.846626354568668,3.951219512195122,2.904590307470818,0.9499985064149479,4.174763406940063,2.8322824156842255,4.138384470882905,2.8623631408533345,0.9912859885672366,0.404,0.0124,0.0,0.0,0.0,0.0,0.0,0.0,0.0,0.0,0.0,0.0,0.037390943082675536,11.323223930203556,18.402575820523477,0.2368093061902784,0.0,0.0,0.0,0.0,0.0,0.0,0.0,0.0,0.0,0.0,0.0,0.0,0.0,0.0,0.0,0.0,nan,nan,4.1565053425518546,2.847477317001636,nan,0.404,0.0632,0.0,0.0,0.0,0.0,0.0,0.0,0.0,0.0,0.0,0.0,0.0,0.0,0.0,0.0,0.0,0.0,0.0,0.0,0.00012463647694225177,2.077274615704196e-05,0.0,0.00158911508101371,0.0012982966348151226,0.008111757374324886,0.004985459077690071,0.0004154549231408392,0.009472372247611134,0.008558371416701288,0.0051204819277108436,0.008194848358953054,0.01565226422933112,0.029715413377648527,0.02699418363107603,0.01770876609887827,0.026817615288741173,0.043144993768176154,0.045627336933942664,0.03802451184046531,0.07549854590776901,0.07167636061487329,0.05675114250103864,0.08590569173244703,0.05089322808475281,0.06674283340257582,0.06794765267968425,0.04363315330286664,0.03324678022434566,0.0315849605317823,0.01779185708350644,0.014800581636892397,0.03515787287079352,0.01408392189447445,0.017210220191109266,0.008631076028250934,0.009202326547569589,0.0020149563772330703,0.0031262982966348152,0.0021915247195679268,0.00014540922309929372,0.00018695471541337765,0.0,0.0,0.0,0.0,0.0,0.0,0.0,0.0,0.0,0.0,0.0,0.0,0.0,0.0,0.0,0.0,0.0,0.0,0.0,0.0,0.0,0.0,0.0,0.0,0.0,0.0,0.0,0.0,0.0,0.0,0.0,0.0,0.0,0.0,0.0,0.0,0.0,0.0,0.0,0.0,0.0,nan,nan,4.1565053425518546,2.847477317001636,nan,0.8270934312650473,0.0323888091436346,0.0,0.0,0.0,0.0,0.0,0.0,0.0,0.0,0.0,0.0,0.0,0.0,0.0,0.0,0.0,0.0,0.0,0.0,0.0,0.0,0.02376237623762377,0.08316831683168319,0.9623762376237626,4.099009900990086,12.689108910891091,9.350495049504952,2.221782178217822,0.4277227722772278,0.11881188118811883,0.02376237623762377,0.8285816293348126,0.03349182650052617,0.0,0.0,0.0,0.0,0.0,0.0,0.0,0.0,0.0,0.0,0.0,0.0,0.0,0.0,0.0,0.0,0.0,0.0,0.0,0.0,0.06553079947575362,0.14416775884665795,0.7470511140235913,4.233289646133669,11.874180865006556,9.80340760157274,2.4377457404980345,0.49803407601572747,0.13106159895150724,0.06553079947575362,0.4043,0.01236,0.0,0.0,0.0,0.0,0.0,0.0,0.0,0.0,0.0,0.0,0.02376237623762377,11.2158415841584,18.510891089108913,0.24950495049504956,0.0,0.0,0.0,0.0,0.0,0.0,0.0,0.0,0.0,0.0,0.0,0.0,0.0,0.0,0.0,0.0,0.4036,0.01244,0.0,0.0,0.0,0.0,0.0,0.0,0.0,0.0,0.0,0.0,0.052424639580602894,11.441677588466563,18.283093053735257,0.22280471821756231,0.0,0.0,0.0,0.0,0.0,0.0,0.0,0.0,0.0,0.0,0.0,0.0,0.0,0.0,0.0,0.0
79800,4853,2502,0.5155573871831857,1210,1005,0.4564187100762415,1396,0.5753142386152895,0.39799999999999996,2.9774564015312635,3.0569391110628468,6.546391752577319,2.115337308564321,8375.46585617144,506.45466507791326,7853.0,8866.4,8866.4,0.0,7853.0,0.0,28.31918400989079,20.676327678433495,33.01359223300971,18.89752153340672,0.13290747990933444,0.0912837420152483,0.09787760148361838,0.08860498660622296,0.0754172676694828,0.07768390686173501,0.0741809190191634,0.059138677106944156,0.06614465279208737,0.05295693385534721,0.05172058520502782,0.03873892437667422,0.03564805275087575,0.02390274057284154,0.016690706779311767,0.010508963527714816,0.00659385946837008,0.824398719979492,0.03384599106918329,0.0,0.0,0.0,0.0,0.0,0.0,0.0,0.0,0.0,0.0,0.0,0.0,0.0,0.0,0.0,0.0,0.0,0.0,0.0,0.0,0.018545229754790855,0.21636101380589332,1.2548938800741811,4.710488357716861,12.443849165464664,8.611168349474553,2.2192458273233053,0.43272202761178663,0.07418091901916342,0.018545229754790855,4.24983922829582,2.839369236122685,4.285714285714286,3.0207145766007057,1.0084415093116008,4.284810126582278,2.7930559738051874,4.216572504708098,2.8914535717545022,0.9840745284252281,0.4033,0.01196,0.0,0.0,0.0,0.0,0.0,0.0,0.0,0.0,0.0,0.0,0.030908716257984758,11.677313002266622,18.131052956933857,0.16072532454152075,0.0,0.0,0.0,0.0,0.0,0.0,0.0,0.0,0.0,0.0,0.0,0.0,0.0,0.0,0.0,0.0,nan,nan,4.250551528521903,2.8430868119867974,nan,0.4033,0.06323,0.0,0.0,0.0,0.0,0.0,0.0,0.0,0.0,0.0,0.0,0.0,0.0,0.0,0.0,0.0,0.0,0.0,0.0,0.0,2.0605810838656502e-05,4.1211621677313004e-05,0.0018957345971563982,0.0016896764887698332,0.007912631362044096,0.004832062641664949,0.00033999587883783226,0.010065938594683702,0.008273233051720586,0.005027817844632187,0.008077477848753348,0.017236760766536165,0.02778693591592829,0.028611168349474553,0.01819493097053369,0.027838450443024933,0.04378734803214507,0.046857613847104886,0.038965588295899446,0.07827117247063672,0.0681228106325984,0.057325365753142385,0.08504018133113538,0.047620028848135175,0.06856583556562951,0.06959612610756233,0.04188131052956934,0.0320214300432722,0.029754790851019987,0.018050690294663094,0.016814341644343703,0.03538017720997321,0.011838038326808159,0.016762827117247064,0.008736863795590357,0.008870801566041624,0.0022254275705749023,0.0027817844632186278,0.0026169379765093757,0.00021636101380589326,5.151452709664125e-05,0.0,0.0,0.0,0.0,0.0,0.0,0.0,0.0,0.0,0.0,0.0,0.0,0.0,0.0,0.0,0.0,0.0,0.0,0.0,0.0,0.0,0.0,0.0,0.0,0.0,0.0,0.0,0.0,0.0,0.0,0.0,0.0,0.0,0.0,0.0,0.0,0.0,0.0,0.0,0.0,0.0,nan,nan,4.250551528521903,2.8430868119867974,nan,0.8239132757905385,0.03368509263000413,0.0,0.0,0.0,0.0,0.0,0.0,0.0,0.0,0.0,0.0,0.0,0.0,0.0,0.0,0.0,0.0,0.0,0.0,0.0,0.0,0.011990407673860915,0.20383693045563553,1.2949640287769788,4.832134292565932,12.613908872901682,8.369304556354917,2.086330935251799,0.49160671462829747,0.0839328537170264,0.011990407673860915,0.8249153432720319,0.03400877746400768,0.0,0.0,0.0,0.0,0.0,0.0,0.0,0.0,0.0,0.0,0.0,0.0,0.0,0.0,0.0,0.0,0.0,0.0,0.0,0.0,0.025521054870267977,0.2296894938324118,1.212250106337729,4.581029349213087,12.262866865163764,8.86856656741812,2.360697575499788,0.37005529561888567,0.06380263717566995,0.025521054870267977,0.4033,0.01193,0.0,0.0,0.0,0.0,0.0,0.0,0.0,0.0,0.0,0.0,0.03597122302158274,11.498800959232598,18.345323741007196,0.11990407673860913,0.0,0.0,0.0,0.0,0.0,0.0,0.0,0.0,0.0,0.0,0.0,0.0,0.0,0.0,0.0,0.0,0.4033,0.01201,0.0,0.0,0.0,0.0,0.0,0.0,0.0,0.0,0.0,0.0,0.025521054870267977,11.86729051467459,17.903019991492986,0.20416843896214382,0.0,0.0,0.0,0.0,0.0,0.0,0.0,0.0,0.0,0.0,0.0,0.0,0.0,0.0,0.0,0.0
79900,4784,2445,0.5110785953177257,1131,1004,0.44627926421404684,1369,0.572324414715719,0.414,2.910645575032065,3.0706602953600246,6.5007800312012485,2.1424502316962872,8370.927048494983,506.5756048035585,7853.0,8866.4,8866.399999999998,1.8189894035458565e-12,7853.0,0.0,27.610158862876254,20.68210750166792,32.38324243926624,19.01005335876904,0.13858695652173914,0.10158862876254181,0.09949832775919733,0.08883779264214046,0.07901337792642141,0.07316053511705686,0.06459030100334448,0.0677257525083612,0.06040969899665552,0.05225752508361204,0.044732441471571904,0.038461538461538464,0.03490802675585284,0.0225752508361204,0.017140468227424748,0.01024247491638796,0.006270903010033445,0.8252416466017033,0.03266365459420052,0.0,0.0,0.0,0.0,0.0,0.0,0.0,0.0,0.0,0.0,0.0,0.0,0.0,0.0,0.0,0.0,0.0,0.0,0.0,0.0,0.018812709030100336,0.22575250836120406,0.9469063545150503,4.3959030100334315,12.767558528428097,8.967391304347828,2.1195652173913047,0.48285953177257535,0.056438127090301014,0.018812709030100336,4.247011952191235,2.864365434986023,4.5625,2.6528777613502412,1.074284709193246,4.273609314359637,2.8779915264655354,4.2298546895640685,2.8442635689560642,0.9897616694514985,0.4033,0.01215,0.0,0.0,0.0,0.0,0.0,0.0,0.0,0.0,0.0,0.0,0.03135451505016723,11.475752508361188,18.28595317725753,0.20693979933110374,0.0,0.0,0.0,0.0,0.0,0.0,0.0,0.0,0.0,0.0,0.0,0.0,0.0,0.0,0.0,0.0,nan,nan,4.2519607843137255,2.8614372180270697,nan,0.4033,0.06287,0.0,0.0,0.0,0.0,0.0,0.0,0.0,0.0,0.0,0.0,0.0,0.0,0.0,0.0,0.0,0.0,0.0,0.0,0.0,0.0,3.135451505016722e-05,0.0017976588628762541,0.001254180602006689,0.007274247491638796,0.004870401337792642,0.0006584448160535117,0.010974080267558528,0.008434364548494984,0.004744983277591973,0.00846571906354515,0.017203177257525085,0.025146321070234113,0.027393394648829433,0.019115802675585283,0.027623327759197326,0.04530727424749164,0.04832775919732441,0.04145066889632107,0.07390259197324414,0.0682796822742475,0.05953177257525084,0.0870819397993311,0.04605978260869565,0.06611622073578595,0.07092391304347827,0.041461120401337793,0.031877090301003344,0.028793896321070236,0.020380434782608696,0.018426003344481606,0.03337165551839465,0.012290969899665553,0.016983695652173912,0.008862876254180602,0.008622491638795986,0.0016722408026755853,0.0025397157190635454,0.0026024247491638797,0.0001358695652173913,1.0451505016722408e-05,0.0,0.0,0.0,0.0,0.0,0.0,0.0,0.0,0.0,0.0,0.0,0.0,0.0,0.0,0.0,0.0,0.0,0.0,0.0,0.0,0.0,0.0,0.0,0.0,0.0,0.0,0.0,0.0,0.0,0.0,0.0,0.0,0.0,0.0,0.0,0.0,0.0,0.0,0.0,0.0,0.0,nan,nan,4.2519607843137255,2.8614372180270697,nan,0.8250239842508468,0.03267490735018097,0.0,0.0,0.0,0.0,0.0,0.0,0.0,0.0,0.0,0.0,0.0,0.0,0.0,0.0,0.0,0.0,0.0,0.0,0.0,0.0,0.024539877300613504,0.24539877300613502,0.9202453987730064,4.55214723926379,12.552147239263807,8.993865030674849,2.220858895705522,0.41717791411042954,0.04907975460122701,0.024539877300613504,0.8254691730864592,0.032650336604267687,0.0,0.0,0.0,0.0,0.0,0.0,0.0,0.0,0.0,0.0,0.0,0.0,0.0,0.0,0.0,0.0,0.0,0.0,0.0,0.0,0.01282599401453613,0.20521590423257807,0.9747755451047458,4.232578024796909,12.9927319367251,8.939717828131682,2.013681060282172,0.5515177426250535,0.06412997007268065,0.01282599401453613,0.4036,0.011856,0.0,0.0,0.0,0.0,0.0,0.0,0.0,0.0,0.0,0.0,0.024539877300613504,11.239263803680965,18.52760736196319,0.20858895705521477,0.0,0.0,0.0,0.0,0.0,0.0,0.0,0.0,0.0,0.0,0.0,0.0,0.0,0.0,0.0,0.0,0.4033,0.01245,0.0,0.0,0.0,0.0,0.0,0.0,0.0,0.0,0.0,0.0,0.03847798204360839,11.722958529286002,18.0333475844378,0.20521590423257807,0.0,0.0,0.0,0.0,0.0,0.0,0.0,0.0,0.0,0.0,0.0,0.0,0.0,0.0,0.0,0.0
80000,4878,2504,0.5133251332513326,1185,959,0.4395243952439524,1366,0.5600656006560065,0.418,3.08424599831508,3.1492735151567057,6.595238095238095,2.1615508909657963,8373.2036900369,506.5200295697961,7853.0,8866.4,8866.4,0.0,7853.0,0.0,28.581590815908157,21.08524949776013,33.518950437317784,19.24249075366115,0.13776137761377613,0.09471094710947109,0.0908159081590816,0.08323083230832308,0.07441574415744158,0.08200082000820008,0.06724067240672407,0.06601066010660106,0.05965559655596556,0.055350553505535055,0.04489544895448955,0.04366543665436654,0.036490364903649035,0.025420254202542025,0.01927019270192702,0.012505125051250513,0.006560065600656006,0.8257137112389729,0.03359633184825266,0.0,0.0,0.0,0.0,0.0,0.0,0.0,0.0,0.0,0.0,0.0,0.0,0.0,0.0,0.0,0.0,0.0,0.0,0.0,0.0,0.02460024600246003,0.19680196801968025,0.9901599015990161,4.68634686346862,12.226322263222634,9.034440344403446,2.2755227552275525,0.44895448954489553,0.07380073800738009,0.04305043050430506,4.38688,2.9230812280195018,4.872727272727273,2.822342969008328,1.110750071286945,4.411424903722722,2.8869673776714624,4.379778051787916,2.9552829161916225,0.9928261610192889,0.4033,0.01208,0.0,0.0,0.0,0.0,0.0,0.0,0.0,0.0,0.0,0.0,0.05535055350553507,11.808118081180796,17.964329643296438,0.17220172201722023,0.0,0.0,0.0,0.0,0.0,0.0,0.0,0.0,0.0,0.0,0.0,0.0,0.0,0.0,0.0,0.0,nan,nan,4.395283018867924,2.922055000003418,nan,0.4033,0.0631,0.0,0.0,0.0,0.0,0.0,0.0,0.0,0.0,0.0,0.0,0.0,0.0,0.0,0.0,0.0,0.0,0.0,0.0,0.0,4.100041000410004e-05,1.025010250102501e-05,0.0018142681426814267,0.001158261582615826,0.007277572775727758,0.004561295612956129,0.0005740057400574006,0.012084870848708486,0.009624846248462484,0.00460229602296023,0.009389093890938909,0.01581590815908159,0.02432349323493235,0.029858548585485856,0.01725092250922509,0.028249282492824927,0.04360393603936039,0.050215252152521525,0.03922714227142272,0.07410824108241082,0.06747642476424764,0.057656826568265686,0.08746412464124641,0.04570520705207052,0.06788642886428864,0.07306273062730627,0.03921689216892169,0.03475809758097581,0.028177531775317753,0.018286182861828617,0.020038950389503894,0.03275932759327593,0.012648626486264863,0.016359163591635917,0.00918409184091841,0.008958589585895859,0.0014760147601476014,0.002285772857728577,0.0027265272652726527,7.175071750717508e-05,0.0,0.0,1.025010250102501e-05,0.0,0.0,0.0,0.0,0.0,0.0,0.0,0.0,0.0,0.0,0.0,0.0,0.0,0.0,0.0,0.0,0.0,0.0,0.0,0.0,0.0,0.0,0.0,0.0,0.0,0.0,0.0,0.0,0.0,0.0,0.0,0.0,0.0,0.0,0.0,0.0,0.0,0.0,0.0,nan,nan,4.395283018867924,2.922055000003418,nan,0.825866193245775,0.03412693460419802,0.0,0.0,0.0,0.0,0.0,0.0,0.0,0.0,0.0,0.0,0.0,0.0,0.0,0.0,0.0,0.0,0.0,0.0,0.0,0.0,0.01198083067092652,0.21565495207667737,1.0063897763578276,4.912140575079857,11.77715654952077,9.081469648562301,2.4081469648562304,0.45527156549520775,0.07188498402555912,0.059904153354632596,0.8255528793328936,0.033026674377567136,0.0,0.0,0.0,0.0,0.0,0.0,0.0,0.0,0.0,0.0,0.0,0.0,0.0,0.0,0.0,0.0,0.0,0.0,0.0,0.0,0.03791069924178602,0.17691659646166813,0.9730412805391746,4.448188711036212,12.700084245998319,8.984835720303288,2.1356360572872792,0.44229149115417027,0.07582139848357204,0.025273799494524015,0.403,0.01218,0.0,0.0,0.0,0.0,0.0,0.0,0.0,0.0,0.0,0.0,0.04792332268370608,12.376198083067075,17.32428115015975,0.2515974440894569,0.0,0.0,0.0,0.0,0.0,0.0,0.0,0.0,0.0,0.0,0.0,0.0,0.0,0.0,0.0,0.0,0.4038,0.01196,0.0,0.0,0.0,0.0,0.0,0.0,0.0,0.0,0.0,0.0,0.06318449873631003,11.208930075821382,18.639427127211462,0.08845829823083406,0.0,0.0,0.0,0.0,0.0,0.0,0.0,0.0,0.0,0.0,0.0,0.0,0.0,0.0,0.0,0.0
80100,4722,2462,0.5213892418466751,1204,928,0.45150360016941976,1319,0.5586615840745447,0.39799999999999996,3.0557522123893803,3.094312168642391,6.595522388059702,2.044061864576313,8381.37585768742,506.23615753274134,7853.0,8866.4,8866.4,0.0,7853.0,0.0,28.911054637865313,21.11174482051045,33.69800498753117,19.295673439304583,0.1351122405760271,0.09169843286742906,0.08788648877594239,0.08216857263871241,0.08343922066920796,0.07496823379923762,0.07179161372299873,0.06035578144853875,0.06332062685302838,0.05760271071579839,0.04743752647183397,0.041296060991105464,0.03515459551037696,0.028589580686149935,0.021177467174925878,0.010165184243964422,0.007835662854722576,0.8266317153421311,0.033276929534733914,0.0,0.0,0.0,0.0,0.0,0.0,0.0,0.0,0.0,0.0,0.0,0.0,0.0,0.0,0.0,0.0,0.0,0.0,0.0,0.0,0.01270648030495553,0.1461245235069886,0.8831003811944094,4.720457433290964,12.19822109275731,9.110546378653115,2.293519695044473,0.5019059720457434,0.108005082592122,0.02541296060991106,4.302743305029392,2.844337135682613,3.8,2.9664793948382653,0.8831574952561669,4.353016688061618,2.845152265358035,4.236164736164736,2.847736975700513,0.9731560983404096,0.4038,0.011894,0.0,0.0,0.0,0.0,0.0,0.0,0.0,0.0,0.0,0.0,0.03176620076238883,11.111817026683593,18.65311308767472,0.2033036848792885,0.0,0.0,0.0,0.0,0.0,0.0,0.0,0.0,0.0,0.0,0.0,0.0,0.0,0.0,0.0,0.0,nan,nan,4.294665809768637,2.84704281322704,nan,0.4038,0.0629,0.0,0.0,0.0,0.0,0.0,0.0,0.0,0.0,0.0,0.0,0.0,0.0,0.0,0.0,0.0,0.0,0.0,0.0,0.0,6.353240152477763e-05,0.0,0.0016730199068191445,0.0007306226175349428,0.007878017789072427,0.004711986446421008,0.00036001694197373995,0.011287590004235494,0.010652265988987717,0.004108428631935621,0.009233375688267683,0.014051249470563321,0.0258576874205845,0.028578991952562475,0.016105463786531132,0.028293096145700976,0.0417725540025413,0.04881406183820415,0.04012071156289708,0.07646124523506989,0.06713257094451504,0.05873570520965692,0.08497458703939009,0.04368911478187209,0.06974798814061839,0.07509529860228717,0.03922066920796273,0.03820415078356629,0.028917831427361287,0.017333756882676833,0.019440914866581956,0.032592121982210925,0.012113511224057603,0.018307920372723423,0.008439220669207962,0.009265141889030073,0.0013553578991952562,0.0017365523083439222,0.002784836933502753,0.00012706480304955527,3.176620076238882e-05,0.0,0.0,0.0,0.0,0.0,0.0,0.0,0.0,0.0,0.0,0.0,0.0,0.0,0.0,0.0,0.0,0.0,0.0,0.0,0.0,0.0,0.0,0.0,0.0,0.0,0.0,0.0,0.0,0.0,0.0,0.0,0.0,0.0,0.0,0.0,0.0,0.0,0.0,0.0,0.0,0.0,nan,nan,4.294665809768637,2.84704281322704,nan,0.8268089385946817,0.03351586716337612,0.0,0.0,0.0,0.0,0.0,0.0,0.0,0.0,0.0,0.0,0.0,0.0,0.0,0.0,0.0,0.0,0.0,0.0,0.0,0.0,0.012185215272136478,0.13403736799350124,0.9504467912266452,4.691307879772528,12.07554833468725,9.285134037367994,2.2298943948009753,0.4752233956133226,0.1096669374492283,0.03655564581640943,0.8264386517811666,0.03301358487190334,0.0,0.0,0.0,0.0,0.0,0.0,0.0,0.0,0.0,0.0,0.0,0.0,0.0,0.0,0.0,0.0,0.0,0.0,0.0,0.0,0.013274336283185844,0.15929203539823011,0.8097345132743364,4.752212389380516,12.331858407079649,8.920353982300886,2.36283185840708,0.5309734513274337,0.10619469026548675,0.013274336283185844,0.404,0.01191,0.0,0.0,0.0,0.0,0.0,0.0,0.0,0.0,0.0,0.0,0.04874086108854591,10.917952883834264,18.826157595450855,0.20714865962632012,0.0,0.0,0.0,0.0,0.0,0.0,0.0,0.0,0.0,0.0,0.0,0.0,0.0,0.0,0.0,0.0,0.4038,0.01188,0.0,0.0,0.0,0.0,0.0,0.0,0.0,0.0,0.0,0.0,0.013274336283185844,11.323008849557507,18.464601769911507,0.19911504424778767,0.0,0.0,0.0,0.0,0.0,0.0,0.0,0.0,0.0,0.0,0.0,0.0,0.0,0.0,0.0,0.0
80200,4731,2532,0.5351934051997463,1255,946,0.46522933840625663,1329,0.5618262523779328,0.40599999999999997,3.068212824010914,3.073287636546963,6.506134969325154,2.0711928115858447,8395.364996829423,505.4432688256488,7853.0,8866.4,8866.4,0.0,7853.0,0.0,29.055802155992392,21.097529300795685,33.86809357889497,19.232007355397727,0.13379835129993659,0.09088987529063623,0.08349186218558444,0.0849714648065948,0.08243500317057705,0.07250052842950751,0.07165504121750159,0.07102092580849714,0.06341154090044387,0.05242020714436694,0.04924963009934475,0.04227436060029592,0.039103783555273726,0.02092580849714648,0.019446205876136123,0.013527795392094694,0.008877615726062143,0.8268471582322412,0.03350096572970476,0.0,0.0,0.0,0.0,0.0,0.0,0.0,0.0,0.0,0.0,0.0,0.0,0.0,0.0,0.0,0.0,0.0,0.0,0.0,0.0,0.019023462270133167,0.15852885225110971,0.9701965757767915,4.464172479391236,11.88966391883323,9.644895370957515,2.2384273937856696,0.5009511731135068,0.08877615726062146,0.025364616360177557,4.142259414225942,2.880358740738712,4.821428571428571,2.9946806582502177,1.1639610389610389,4.149651236525048,2.8743152594384127,4.160252365930599,2.8936235673564465,1.0025547037091311,0.403,0.01179,0.0,0.0,0.0,0.0,0.0,0.0,0.0,0.0,0.0,0.0,0.012682308180088779,12.098922003804676,17.780596068484467,0.10779961953075462,0.0,0.0,0.0,0.0,0.0,0.0,0.0,0.0,0.0,0.0,0.0,0.0,0.0,0.0,0.0,0.0,nan,nan,4.15428390768258,2.883813420810774,nan,0.403,0.0625,0.0,0.0,0.0,0.0,0.0,0.0,0.0,0.0,0.0,0.0,0.0,0.0,0.0,0.0,0.0,0.0,0.0,0.0,0.0,6.341154090044388e-05,0.0,0.001648700063411541,0.0007820756711054745,0.007197209892200381,0.0045867681251321075,0.00046501796660325514,0.012418093426336927,0.0111287254280279,0.004259141830479814,0.008106108645106743,0.012703445360388924,0.026833650391037835,0.028588036355950117,0.01771295709152399,0.028207567110547452,0.042263792010145844,0.049978862819699856,0.04091101247093638,0.07662227858803636,0.0723419995772564,0.057398013105051784,0.0865144789685056,0.04011836820968083,0.06678292115831748,0.075998731769182,0.041132952864087934,0.03818431621221729,0.028957937011202705,0.015990276897061933,0.018389346861128725,0.031980553794123866,0.01102303952652716,0.017945466074825618,0.007398013105051786,0.009575142675967025,0.0012048192771084338,0.0016909744240118367,0.0025047558655675334,0.00034876347495244134,4.227436060029592e-05,0.0,0.0,0.0,0.0,0.0,0.0,0.0,0.0,0.0,0.0,0.0,0.0,0.0,0.0,0.0,0.0,0.0,0.0,0.0,0.0,0.0,0.0,0.0,0.0,0.0,0.0,0.0,0.0,0.0,0.0,0.0,0.0,0.0,0.0,0.0,0.0,0.0,0.0,0.0,0.0,0.0,nan,nan,4.15428390768258,2.883813420810774,nan,0.8263262057850523,0.03357542910507871,0.0,0.0,0.0,0.0,0.0,0.0,0.0,0.0,0.0,0.0,0.0,0.0,0.0,0.0,0.0,0.0,0.0,0.0,0.0,0.0,0.0,0.13033175355450238,1.1729857819905216,4.632701421800934,11.587677725118485,9.668246445497632,2.2630331753554507,0.46208530805687215,0.07109004739336494,0.01184834123222749,0.827446999794898,0.033404959305557064,0.0,0.0,0.0,0.0,0.0,0.0,0.0,0.0,0.0,0.0,0.0,0.0,0.0,0.0,0.0,0.0,0.0,0.0,0.0,0.0,0.040927694406548434,0.1909959072305594,0.736698499317872,4.270122783083206,12.237380627557984,9.618008185538883,2.2100954979536156,0.5457025920873125,0.10914051841746251,0.040927694406548434,0.403,0.01165,0.0,0.0,0.0,0.0,0.0,0.0,0.0,0.0,0.0,0.0,0.01184834123222749,12.156398104265385,17.713270142180097,0.1184834123222749,0.0,0.0,0.0,0.0,0.0,0.0,0.0,0.0,0.0,0.0,0.0,0.0,0.0,0.0,0.0,0.0,0.403,0.01195,0.0,0.0,0.0,0.0,0.0,0.0,0.0,0.0,0.0,0.0,0.013642564802182814,12.032742155525222,17.858117326057304,0.0954979536152797,0.0,0.0,0.0,0.0,0.0,0.0,0.0,0.0,0.0,0.0,0.0,0.0,0.0,0.0,0.0,0.0
80300,4450,2293,0.5152808988764045,1094,895,0.44696629213483147,1241,0.557752808988764,0.422,3.066759388038943,3.199906310065243,6.789303079416531,2.2001213316785986,8375.185662921349,506.4633098694181,7853.0,8866.4,8866.399999999998,1.8189894035458565e-12,7853.0,0.0,28.384044943820225,21.199113121108994,33.38770053475936,19.422186953310845,0.14134831460674158,0.09550561797752809,0.09370786516853932,0.08629213483146067,0.07685393258426966,0.07393258426966293,0.06651685393258427,0.06471910112359551,0.05707865168539326,0.051685393258426963,0.051685393258426963,0.03977528089887641,0.0350561797752809,0.027415730337078652,0.018202247191011236,0.011685393258426966,0.00853932584269663,0.8269369008567896,0.03429747083983782,0.0,0.0,0.0,0.0,0.0,0.0,0.0,0.0,0.0,0.0,0.0,0.0,0.0,0.0,0.0,0.0,0.0,0.0,0.0,0.0,0.006741573033707867,0.19550561797752813,1.0382022471910115,4.429213483146054,12.175280898876407,8.986516853932585,2.4000000000000004,0.6337078651685394,0.08764044943820228,0.047191011235955066,4.3215287517531555,2.991933881314075,3.6739130434782608,2.941859422542788,0.8501419878296146,4.365531619179986,3.0394362302660007,4.2577107607950655,2.9439708202529906,0.9753017804495542,0.403,0.01186,0.0,0.0,0.0,0.0,0.0,0.0,0.0,0.0,0.0,0.0,0.020224719101123598,12.00674157303369,17.79101123595506,0.18202247191011242,0.0,0.0,0.0,0.0,0.0,0.0,0.0,0.0,0.0,0.0,0.0,0.0,0.0,0.0,0.0,0.0,nan,nan,4.311249137336094,2.992240556276557,nan,0.403,0.063,0.0,0.0,0.0,0.0,0.0,0.0,0.0,0.0,0.0,0.0,0.0,0.0,0.0,0.0,0.0,0.0,0.0,0.0,0.0,0.0,1.1235955056179776e-05,0.0021685393258426967,0.001146067415730337,0.008089887640449439,0.004932584269662922,0.00039325842696629214,0.012359550561797753,0.010382022471910113,0.004112359550561798,0.00801123595505618,0.012460674157303371,0.02637078651685393,0.02810112359550562,0.018741573033707864,0.02951685393258427,0.04231460674157304,0.05001123595505618,0.04082022471910112,0.07713483146067415,0.07103370786516854,0.05729213483146067,0.08352808988764045,0.03795505617977528,0.06744943820224719,0.075,0.04435955056179775,0.04095505617977528,0.028314606741573035,0.015168539325842697,0.019112359550561796,0.029258426966292134,0.01195505617977528,0.018797752808988766,0.007224719101123596,0.01,0.0008988764044943821,0.0017415730337078652,0.002449438202247191,0.00042696629213483144,0.0,0.0,0.0,0.0,0.0,0.0,0.0,0.0,0.0,0.0,0.0,0.0,0.0,0.0,0.0,0.0,0.0,0.0,0.0,0.0,0.0,0.0,0.0,0.0,0.0,0.0,0.0,0.0,0.0,0.0,0.0,0.0,0.0,0.0,0.0,0.0,0.0,0.0,0.0,0.0,0.0,0.0,nan,nan,4.311249137336094,2.992240556276557,nan,0.826734548669375,0.034352886731805136,0.0,0.0,0.0,0.0,0.0,0.0,0.0,0.0,0.0,0.0,0.0,0.0,0.0,0.0,0.0,0.0,0.0,0.0,0.0,0.0,0.013083296990841695,0.17008286088094204,1.112080244221544,4.566070649803736,11.866550370693417,9.262974269515919,2.2110771914522465,0.6803314435237682,0.06541648495420847,0.05233318796336678,0.8271520114575043,0.0342371511677748,0.0,0.0,0.0,0.0,0.0,0.0,0.0,0.0,0.0,0.0,0.0,0.0,0.0,0.0,0.0,0.0,0.0,0.0,0.0,0.0,0.0,0.22253129346314332,0.9596662030598055,4.283727399165494,12.503477051460365,8.692628650904036,2.6008344923504874,0.5841446453407512,0.11126564673157166,0.04172461752433937,0.4033,0.01179,0.0,0.0,0.0,0.0,0.0,0.0,0.0,0.0,0.0,0.0,0.0,11.434801569995622,18.395115569123423,0.17008286088094204,0.0,0.0,0.0,0.0,0.0,0.0,0.0,0.0,0.0,0.0,0.0,0.0,0.0,0.0,0.0,0.0,0.4026,0.01193,0.0,0.0,0.0,0.0,0.0,0.0,0.0,0.0,0.0,0.0,0.04172461752433937,12.614742698191915,17.14881780250348,0.1947148817802504,0.0,0.0,0.0,0.0,0.0,0.0,0.0,0.0,0.0,0.0,0.0,0.0,0.0,0.0,0.0,0.0
80400,4550,2340,0.5142857142857142,1085,952,0.44769230769230767,1310,0.5758241758241758,0.422,2.942081447963801,3.079973733899532,6.658333333333333,2.0367287224588573,8374.177142857143,506.4931414488193,7853.0,8866.4,8866.4,0.0,7853.0,0.0,27.497802197802198,20.571555514072497,32.35051007062516,18.859616827379742,0.14175824175824175,0.10241758241758242,0.09164835164835165,0.09010989010989011,0.08131868131868132,0.07868131868131868,0.06725274725274726,0.0589010989010989,0.0589010989010989,0.055604395604395604,0.04879120879120879,0.04021978021978022,0.027032967032967033,0.024835164835164836,0.017582417582417582,0.01032967032967033,0.004615384615384616,0.8262988048464387,0.035087189530343385,0.0,0.0,0.0,0.0,0.0,0.0,0.0,0.0,0.0,0.0,0.0,0.0,0.0,0.0,0.0,0.0,0.0,0.0,0.0,0.0,0.006593406593406595,0.2637362637362638,1.0483516483516486,4.5428571428571285,12.118681318681322,8.993406593406595,2.228571428571429,0.6000000000000001,0.15824175824175826,0.039560439560439566,4.3255895811334035,2.846404182094734,4.375,2.8034576865007255,1.011422817153552,4.300613496932515,2.845298858642385,4.35326842837274,2.8454071572261945,1.0122435860552876,0.4028,0.01156,0.0,0.0,0.0,0.0,0.0,0.0,0.0,0.0,0.0,0.0,0.02637362637362638,12.052747252747235,17.81538461538462,0.10549450549450552,0.0,0.0,0.0,0.0,0.0,0.0,0.0,0.0,0.0,0.0,0.0,0.0,0.0,0.0,0.0,0.0,nan,nan,4.3266781411359725,2.845474254477746,nan,0.4028,0.0629,0.0,0.0,0.0,0.0,0.0,0.0,0.0,0.0,0.0,0.0,0.0,0.0,0.0,0.0,0.0,0.0,0.0,0.0,0.0,0.0,3.2967032967032964e-05,0.001835164835164835,0.0008681318681318681,0.00845054945054945,0.004626373626373626,0.00028571428571428574,0.011813186813186813,0.011186813186813187,0.00467032967032967,0.008934065934065934,0.011527472527472528,0.02587912087912088,0.027824175824175824,0.01767032967032967,0.029516483516483515,0.040274725274725275,0.05221978021978022,0.04360439560439561,0.07859340659340659,0.07428571428571429,0.052967032967032965,0.08742857142857142,0.03932967032967033,0.06645054945054946,0.07057142857142858,0.04239560439560439,0.04196703296703297,0.02754945054945055,0.014648351648351649,0.017054945054945054,0.030406593406593407,0.011307692307692309,0.019769230769230768,0.007923076923076923,0.01012087912087912,0.0006373626373626373,0.0026263736263736266,0.0023736263736263735,0.00036263736263736265,0.0,0.0,0.0,1.0989010989010989e-05,0.0,0.0,0.0,0.0,0.0,0.0,0.0,0.0,0.0,0.0,0.0,0.0,0.0,0.0,0.0,0.0,0.0,0.0,0.0,0.0,0.0,0.0,0.0,0.0,0.0,0.0,0.0,0.0,0.0,0.0,0.0,0.0,0.0,0.0,0.0,0.0,0.0,0.0,nan,nan,4.3266781411359725,2.845474254477746,nan,0.8262979964415232,0.034826495383037004,0.0,0.0,0.0,0.0,0.0,0.0,0.0,0.0,0.0,0.0,0.0,0.0,0.0,0.0,0.0,0.0,0.0,0.0,0.0,0.0,0.012820512820512824,0.24358974358974364,1.0000000000000002,4.5641025641025506,12.141025641025644,9.141025641025642,2.102564102564103,0.6153846153846155,0.1153846153846154,0.06410256410256411,0.8262996608045845,0.035361123837323656,0.0,0.0,0.0,0.0,0.0,0.0,0.0,0.0,0.0,0.0,0.0,0.0,0.0,0.0,0.0,0.0,0.0,0.0,0.0,0.0,0.0,0.28506787330316746,1.0995475113122175,4.520361990950212,12.095022624434392,8.837104072398192,2.361990950226245,0.5837104072398192,0.2036199095022625,0.013574660633484167,0.4026,0.011444,0.0,0.0,0.0,0.0,0.0,0.0,0.0,0.0,0.0,0.0,0.012820512820512824,12.230769230769214,17.679487179487182,0.07692307692307694,0.0,0.0,0.0,0.0,0.0,0.0,0.0,0.0,0.0,0.0,0.0,0.0,0.0,0.0,0.0,0.0,0.403,0.01167,0.0,0.0,0.0,0.0,0.0,0.0,0.0,0.0,0.0,0.0,0.0407239819004525,11.864253393665141,17.95927601809955,0.13574660633484165,0.0,0.0,0.0,0.0,0.0,0.0,0.0,0.0,0.0,0.0,0.0,0.0,0.0,0.0,0.0,0.0
80500,4506,2286,0.507323568575233,1068,907,0.43830448291167334,1276,0.5663559698180204,0.418,2.9364864864864866,3.0390880414511288,6.453957996768982,2.079765506116692,8367.121704394143,506.6456437233876,7853.0,8866.4,8866.4,0.0,7853.0,0.0,28.49755881047492,21.113280966926876,33.46113306982872,19.301894048711073,0.13959165557035064,0.09387483355525965,0.08655126498002663,0.09343098091433644,0.07789613848202397,0.0721260541500222,0.06702174877940524,0.06746560142032845,0.05503772747447847,0.049933422103861515,0.050377274744784734,0.04549489569462938,0.03905903240124279,0.027518863737239236,0.01708832667554372,0.01087438970261873,0.006657789613848202,0.8275557790816332,0.033094466896088456,0.0,0.0,0.0,0.0,0.0,0.0,0.0,0.0,0.0,0.0,0.0,0.0,0.0,0.0,0.0,0.0,0.0,0.0,0.0,0.0,0.03328894806924102,0.11318242343541947,0.7922769640479362,4.46737683089213,12.150466045272973,9.327563249001333,2.3968042609853533,0.5858854860186419,0.11984021304926767,0.013315579227696408,4.171853388658368,2.7935900786633105,4.512820512820513,2.827264645914981,1.081730370748191,4.214677640603567,2.769098279254857,4.138492871690428,2.81853860124188,0.981923939287981,0.403,0.01161,0.0,0.0,0.0,0.0,0.0,0.0,0.0,0.0,0.0,0.0,0.026631158455392816,11.850865512649783,18.00932090545939,0.11318242343541947,0.0,0.0,0.0,0.0,0.0,0.0,0.0,0.0,0.0,0.0,0.0,0.0,0.0,0.0,0.0,0.0,nan,nan,4.176390310474241,2.794313949824262,nan,0.403,0.0625,0.0,0.0,0.0,0.0,0.0,0.0,0.0,0.0,0.0,0.0,0.0,0.0,0.0,0.0,0.0,0.0,0.0,0.0,0.0,1.1096316023080338e-05,0.0,0.001908566355969818,0.0006546826453617399,0.007423435419440746,0.00461606746560142,0.0002663115845539281,0.012017310252996006,0.010796715490457168,0.0045605858854860185,0.009332001775410563,0.011784287616511319,0.023446515756768753,0.030747891699955614,0.01782068353306702,0.02924988903683977,0.0409121171770972,0.05391699955614736,0.041278295605858856,0.07691966267199289,0.07363515312916112,0.05125388371060808,0.08762760763426543,0.038282290279627165,0.06778739458499779,0.07112738570794497,0.0458832667554372,0.04243231247225921,0.027119396360408346,0.014513981358189081,0.016766533510874388,0.03167998224589436,0.012316910785619174,0.020861074123391034,0.0075233022636484684,0.008799378606302708,0.00027740790057700844,0.001808699511762095,0.0021637816245006656,0.0004771415889924545,0.0,0.0,0.0,0.0,0.0,0.0,0.0,0.0,0.0,0.0,0.0,0.0,0.0,0.0,0.0,0.0,0.0,0.0,0.0,0.0,0.0,0.0,0.0,0.0,0.0,0.0,0.0,0.0,0.0,0.0,0.0,0.0,0.0,0.0,0.0,0.0,0.0,0.0,0.0,0.0,0.0,0.0,nan,nan,4.176390310474241,2.794313949824262,nan,0.8269667012432846,0.0331369828767748,0.0,0.0,0.0,0.0,0.0,0.0,0.0,0.0,0.0,0.0,0.0,0.0,0.0,0.0,0.0,0.0,0.0,0.0,0.0,0.0,0.026246719160104993,0.11811023622047247,0.8530183727034123,4.619422572178463,12.099737532808403,9.46194225721785,2.112860892388452,0.5774278215223098,0.11811023622047247,0.013123359580052497,0.8281623700449059,0.03303965566419126,0.0,0.0,0.0,0.0,0.0,0.0,0.0,0.0,0.0,0.0,0.0,0.0,0.0,0.0,0.0,0.0,0.0,0.0,0.0,0.0,0.04054054054054055,0.10810810810810813,0.7297297297297299,4.310810810810798,12.202702702702705,9.189189189189191,2.6891891891891895,0.5945945945945947,0.12162162162162164,0.013513513513513516,0.4033,0.011505,0.0,0.0,0.0,0.0,0.0,0.0,0.0,0.0,0.0,0.0,0.03937007874015749,11.797900262467174,18.083989501312338,0.07874015748031497,0.0,0.0,0.0,0.0,0.0,0.0,0.0,0.0,0.0,0.0,0.0,0.0,0.0,0.0,0.0,0.0,0.403,0.01171,0.0,0.0,0.0,0.0,0.0,0.0,0.0,0.0,0.0,0.0,0.013513513513513516,11.90540540540539,17.932432432432435,0.14864864864864868,0.0,0.0,0.0,0.0,0.0,0.0,0.0,0.0,0.0,0.0,0.0,0.0,0.0,0.0,0.0,0.0
80600,4722,2425,0.5135535789919525,1119,965,0.4413384159254553,1333,0.5645912748835239,0.39799999999999996,2.9055289508053983,3.0436170269959932,6.459167950693375,2.146831955064758,8373.435196950444,506.51380471289457,7853.0,8866.4,8866.4,0.0,7853.0,0.0,28.073062261753496,20.929247876377154,32.99370594159114,19.175691924612487,0.13850063532401524,0.10398136382888606,0.08915713680643796,0.08746293943244388,0.0817450232952139,0.0652265988987717,0.07136806437950022,0.06353240152477764,0.05823803473104617,0.05696738670055061,0.04955527318932656,0.04066073697585769,0.033672172808132145,0.02435408725116476,0.018424396442185513,0.009953409572215162,0.007200338839474798,0.8277106713763943,0.03334896237349821,0.0,0.0,0.0,0.0,0.0,0.0,0.0,0.0,0.0,0.0,0.0,0.0,0.0,0.0,0.0,0.0,0.0,0.0,0.0,0.0,0.03811944091486659,0.13341804320203307,0.8831003811944094,4.2820838627699995,12.160101651842442,9.453621346886914,2.3888182973316394,0.54002541296061,0.10165184243964424,0.019059720457433295,4.204081632653061,2.8222405794482253,3.8372093023255816,2.532856027070421,0.9127342515240462,4.238001314924392,2.8497140500397,4.159497021839841,2.7865329465427995,0.9814761045948492,0.4036,0.01186,0.0,0.0,0.0,0.0,0.0,0.0,0.0,0.0,0.0,0.0,0.02541296060991106,11.60101651842438,18.18932655654384,0.1842439644218552,0.0,0.0,0.0,0.0,0.0,0.0,0.0,0.0,0.0,0.0,0.0,0.0,0.0,0.0,0.0,0.0,nan,nan,4.198878627968337,2.8186780539955634,nan,0.4036,0.0628,0.0,0.0,0.0,0.0,0.0,0.0,0.0,0.0,0.0,0.0,0.0,0.0,0.0,0.0,0.0,0.0,0.0,0.0,0.0,0.0,0.0,0.0021495129182549765,0.00027530707327403644,0.007253282507412114,0.0044366793731469715,0.0005612028801355358,0.01148877594239729,0.011171113934773401,0.005241423125794155,0.009826344769165607,0.011075815332486234,0.02143159678102499,0.032390936044049135,0.018202033036848794,0.030432020330368487,0.03868064379500212,0.05401313002964846,0.04061838204150783,0.0776577721304532,0.07325285895806861,0.05001058873358746,0.0876535366370182,0.036838204150783566,0.06778907242693774,0.07124099957645065,0.04630453197797543,0.0433714527742482,0.027223634053367217,0.013373570520965692,0.016020753917831428,0.032772130453197795,0.01246293943244388,0.02352816603134265,0.006999152901313003,0.009953409572215162,0.0001588310038119441,0.0016094875052943668,0.0018212621770436256,0.0006988564167725541,0.0,0.0,1.0588733587462939e-05,0.0,0.0,0.0,0.0,0.0,0.0,0.0,0.0,0.0,0.0,0.0,0.0,0.0,0.0,0.0,0.0,0.0,0.0,0.0,0.0,0.0,0.0,0.0,0.0,0.0,0.0,0.0,0.0,0.0,0.0,0.0,0.0,0.0,0.0,0.0,0.0,0.0,0.0,0.0,nan,nan,4.198878627968337,2.8186780539955634,nan,0.8280718652735052,0.033421013234655926,0.0,0.0,0.0,0.0,0.0,0.0,0.0,0.0,0.0,0.0,0.0,0.0,0.0,0.0,0.0,0.0,0.0,0.0,0.0,0.0,0.07422680412371135,0.08659793814432992,0.9030927835051549,4.057731958762874,12.222680412371137,9.575257731958764,2.387628865979382,0.5814432989690722,0.11134020618556703,0.0,0.827329350000472,0.03326847211916919,0.0,0.0,0.0,0.0,0.0,0.0,0.0,0.0,0.0,0.0,0.0,0.0,0.0,0.0,0.0,0.0,0.0,0.0,0.0,0.0,0.0,0.18284719198955163,0.8619939050936005,4.518937744884618,12.094035698737487,9.325206791467133,2.3900740095777104,0.49629952111449727,0.09142359599477581,0.039181541140618205,0.4036,0.01203,0.0,0.0,0.0,0.0,0.0,0.0,0.0,0.0,0.0,0.0,0.01237113402061856,11.715463917525756,18.03711340206186,0.23505154639175263,0.0,0.0,0.0,0.0,0.0,0.0,0.0,0.0,0.0,0.0,0.0,0.0,0.0,0.0,0.0,0.0,0.4036,0.011696,0.0,0.0,0.0,0.0,0.0,0.0,0.0,0.0,0.0,0.0,0.039181541140618205,11.480191554201117,18.350021767522858,0.130605137135394,0.0,0.0,0.0,0.0,0.0,0.0,0.0,0.0,0.0,0.0,0.0,0.0,0.0,0.0,0.0,0.0
80700,4682,2393,0.511106364801367,1137,968,0.4495941905168731,1363,0.5822298163178129,0.39799999999999996,2.9711664482306683,3.0583446201267015,6.447214076246334,2.151382187759238,8370.955190089706,506.57498032970835,7853.0,8866.4,8866.399999999998,1.8189894035458565e-12,7853.0,0.0,28.387441264416918,20.85858480147188,33.323782961460445,19.00820209130704,0.13669372063220847,0.09675352413498504,0.0905595899188381,0.08180264844083725,0.08073472874839813,0.07817172148654421,0.07048269970098249,0.06407518154634771,0.05937633489961555,0.05040580948312687,0.052755232806492955,0.04186245194361384,0.035241349850491245,0.02883383169585647,0.017300299017513884,0.007902605724049551,0.0070482699700982485,0.8291372823847608,0.03416003102343323,0.0,0.0,0.0,0.0,0.0,0.0,0.0,0.0,0.0,0.0,0.0,0.0,0.0,0.0,0.0,0.0,0.0,0.0,0.0,0.006407518154634773,0.025630072618539092,0.10252029047415637,0.8329773601025204,3.9790687740281805,12.276804784280225,9.495941905168733,2.422041862451944,0.6535668517727468,0.16018795386586931,0.04485262708244341,4.255698711595639,2.8494946605826077,4.155555555555556,2.828077914654761,0.9764684572788905,4.290728476821192,2.8936297010510805,4.218950064020486,2.8051442453005904,0.9832712759177241,0.404,0.011475,0.0,0.0,0.0,0.0,0.0,0.0,0.0,0.0,0.0,0.0,0.012815036309269546,10.809483126868844,19.02392140111064,0.15378043571123454,0.0,0.0,0.0,0.0,0.0,0.0,0.0,0.0,0.0,0.0,0.0,0.0,0.0,0.0,0.0,0.0,nan,nan,4.254231770833333,2.84920750283284,nan,0.404,0.06232,0.0,0.0,0.0,0.0,0.0,0.0,0.0,0.0,0.0,0.0,0.0,0.0,0.0,0.0,0.0,0.0,1.0679196924391286e-05,0.0,0.0,0.0,8.543357539513029e-05,0.0016979923109782145,0.00021358393848782572,0.00672789406236651,0.004282357966680906,0.001196070055531824,0.010679196924391286,0.011117043998291328,0.004688167449807774,0.009184109354976506,0.010818026484408372,0.02142246903032892,0.030211448099102946,0.017545920546774882,0.029282357966680904,0.03859461768475011,0.05672789406236651,0.04123237932507475,0.07816104228961981,0.0726612558735583,0.052530969671080736,0.0896945749679624,0.03730243485689876,0.06582656984194789,0.07272533105510466,0.04548269970098249,0.042407090986757795,0.027221272960273386,0.01337035454933789,0.016830414352840665,0.03122597180692012,0.012024775736864588,0.02575822298163178,0.007112345151644596,0.009568560444254592,0.00017086715079026057,0.0015591627509611277,0.0018581802648440838,0.0007582229816317813,0.0,0.0,3.2037590773173855e-05,0.0,0.0,0.0,0.0,0.0,0.0,0.0,0.0,0.0,0.0,0.0,0.0,0.0,0.0,0.0,0.0,0.0,0.0,0.0,0.0,0.0,0.0,0.0,0.0,0.0,0.0,0.0,0.0,0.0,0.0,0.0,0.0,0.0,0.0,0.0,0.0,0.0,0.0,0.0,nan,nan,4.254231770833333,2.84920750283284,nan,0.8292347147182795,0.03385801980836499,0.0,0.0,0.0,0.0,0.0,0.0,0.0,0.0,0.0,0.0,0.0,0.0,0.0,0.0,0.0,0.0,0.0,0.0,0.0,0.0,0.012536564981195155,0.10029251984956124,0.7396573338905141,4.036773923944827,12.59924780610113,9.21437526117844,2.444630171333055,0.6769745089845385,0.10029251984956124,0.07521938988717093,0.829035423243603,0.03447264079130444,0.0,0.0,0.0,0.0,0.0,0.0,0.0,0.0,0.0,0.0,0.0,0.0,0.0,0.0,0.0,0.0,0.0,0.0,0.0,0.013106159895150724,0.03931847968545217,0.10484927916120579,0.9305373525557014,3.9187418086500534,11.93971166448231,9.79030144167759,2.3984272608125825,0.6290956749672347,0.22280471821756231,0.013106159895150724,0.404,0.01143,0.0,0.0,0.0,0.0,0.0,0.0,0.0,0.0,0.0,0.0,0.0,11.094860008357694,18.742164646886756,0.16297534475553704,0.0,0.0,0.0,0.0,0.0,0.0,0.0,0.0,0.0,0.0,0.0,0.0,0.0,0.0,0.0,0.0,0.4043,0.011536,0.0,0.0,0.0,0.0,0.0,0.0,0.0,0.0,0.0,0.0,0.026212319790301447,10.511140235910862,19.318479685452164,0.14416775884665795,0.0,0.0,0.0,0.0,0.0,0.0,0.0,0.0,0.0,0.0,0.0,0.0,0.0,0.0,0.0,0.0
80800,4521,2378,0.5259898252598982,1136,930,0.4569785445697854,1254,0.5547445255474452,0.414,2.9272048530097994,3.054233994028578,6.461139896373057,2.118214309567854,8386.038088918382,506.01501467063935,7853.0,8866.4,8866.399999999998,1.8189894035458565e-12,7853.0,0.0,28.16766202167662,20.92836980576211,33.297511911064056,19.06207016446517,0.14001327140013273,0.09931431099314311,0.08803362088033621,0.08537934085379341,0.0747622207476222,0.07741650077416501,0.0714443707144437,0.0692324706923247,0.064145100641451,0.04866180048661801,0.0451227604512276,0.04025658040256581,0.03605397036053971,0.0210130502101305,0.0185799601857996,0.013934970139349702,0.006635700066357001,0.8300657602992371,0.033156663464506006,0.0,0.0,0.0,0.0,0.0,0.0,0.0,0.0,0.0,0.0,0.0,0.0,0.0,0.0,0.0,0.0,0.0,0.0,0.0,0.0,0.013271400132714004,0.10617120106171203,0.7697412076974123,3.749170537491694,12.143331121433315,9.82747179827472,2.6343729263437297,0.5706702057067021,0.15262110152621103,0.03317850033178501,4.1502412129565815,2.875098945419338,4.884615384615385,2.8055840345902903,1.1769473469074931,4.125170998632011,2.882810713692168,4.188267394270123,2.867472730997802,1.0152954618509236,0.4033,0.011826,0.0,0.0,0.0,0.0,0.0,0.0,0.0,0.0,0.0,0.0,0.019907100199071007,11.446582614465811,18.380889183808897,0.15262110152621103,0.0,0.0,0.0,0.0,0.0,0.0,0.0,0.0,0.0,0.0,0.0,0.0,0.0,0.0,0.0,0.0,nan,nan,4.156762295081967,2.875314553151002,nan,0.4033,0.06274,0.0,0.0,0.0,0.0,0.0,0.0,0.0,0.0,0.0,0.0,0.0,0.0,0.0,0.0,0.0,0.0,0.0,0.0,0.0,0.0,7.7416500774165e-05,0.0022119000221190004,0.000143773501437735,0.008372041583720416,0.004280026542800266,0.0012276045122760451,0.01008626410086264,0.01048440610484406,0.00535279805352798,0.008427339084273391,0.01077195310771953,0.021632382216323822,0.030148197301481973,0.018790090687900905,0.031010838310108382,0.039017916390179166,0.057376686573766864,0.04231364742313647,0.0756359212563592,0.07440831674408317,0.053483742534837425,0.08910639239106392,0.03786772837867729,0.06484184914841849,0.06787215217872153,0.043707144437071445,0.043839858438398584,0.028102189781021896,0.012408759124087591,0.01709798717097987,0.031685467816854676,0.014189338641893387,0.02386640123866401,0.005927892059278921,0.009245742092457421,6.635700066357e-05,0.0017805795178057952,0.0018026985180269852,0.0013050210130502102,0.0,0.0,3.3178500331785e-05,0.0,0.0,0.0,0.0,0.0,0.0,0.0,0.0,0.0,0.0,0.0,0.0,0.0,0.0,0.0,0.0,0.0,0.0,0.0,0.0,0.0,0.0,0.0,0.0,0.0,0.0,0.0,0.0,0.0,0.0,0.0,0.0,0.0,0.0,0.0,0.0,0.0,0.0,0.0,nan,nan,4.156762295081967,2.875314553151002,nan,0.8305813820047274,0.03328907236372381,0.0,0.0,0.0,0.0,0.0,0.0,0.0,0.0,0.0,0.0,0.0,0.0,0.0,0.0,0.0,0.0,0.0,0.0,0.0,0.0,0.012615643397813292,0.13877207737594618,0.7569386038687975,3.49453322119427,12.060555088309506,10.029436501261566,2.6871320437342314,0.6307821698906645,0.15138772077375948,0.03784693019343987,0.829493595849561,0.03299968407484392,0.0,0.0,0.0,0.0,0.0,0.0,0.0,0.0,0.0,0.0,0.0,0.0,0.0,0.0,0.0,0.0,0.0,0.0,0.0,0.0,0.013999066728884743,0.06999533364442372,0.7839477368175457,4.031731217918793,12.235184321045267,9.603359776014933,2.575828278114793,0.5039664022398508,0.15398973401773217,0.027998133457769487,0.4033,0.01175,0.0,0.0,0.0,0.0,0.0,0.0,0.0,0.0,0.0,0.0,0.012615643397813292,11.707317073170715,18.153910849453325,0.12615643397813292,0.0,0.0,0.0,0.0,0.0,0.0,0.0,0.0,0.0,0.0,0.0,0.0,0.0,0.0,0.0,0.0,0.4036,0.01192,0.0,0.0,0.0,0.0,0.0,0.0,0.0,0.0,0.0,0.0,0.027998133457769487,11.157256182921124,18.632757816145595,0.1819878674755017,0.0,0.0,0.0,0.0,0.0,0.0,0.0,0.0,0.0,0.0,0.0,0.0,0.0,0.0,0.0,0.0
80900,4666,2385,0.5111444492070296,1106,968,0.44449207029575655,1347,0.5773681954564938,0.38599999999999995,2.9798334064007013,2.993422010664391,6.2746268656716415,2.041900145466069,8370.993784826403,506.5741213527342,7853.0,8866.4,8866.399999999996,3.637978807091713e-12,7853.0,0.0,28.71410201457351,21.09527004719821,33.52997723248166,19.311031476347488,0.13309044149164168,0.09451350192884697,0.09644234890698672,0.08422631804543507,0.07051007286755251,0.08101157308186883,0.06815259322760395,0.07136733819117017,0.05657951135876554,0.05272181740248607,0.04522074582083155,0.03793399057008144,0.04029147021003,0.030432918988426916,0.021217316759537076,0.009429918559794257,0.006858122588941277,0.8318310563420207,0.03402492039032825,0.0,0.0,0.0,0.0,0.0,0.0,0.0,0.0,0.0,0.0,0.0,0.0,0.0,0.0,0.0,0.0,0.0,0.0,0.0,0.0,0.006429489927132449,0.12216030861551652,0.758679811401629,3.6519502786112183,11.31590227175311,10.255036433776255,2.9832833261894565,0.6879554222031721,0.19288469781397347,0.025717959708529796,4.269910029990004,2.7570377592929898,4.176470588235294,3.0143830530162252,0.9781167656699015,4.213624338624339,2.741267923266987,4.3237032173342085,2.777526156871236,1.026124511789252,0.4038,0.0119,0.0,0.0,0.0,0.0,0.0,0.0,0.0,0.0,0.0,0.0,0.03857693956279469,11.23231890270037,18.58765537933991,0.14144877839691386,0.0,0.0,0.0,0.0,0.0,0.0,0.0,0.0,0.0,0.0,0.0,0.0,0.0,0.0,0.0,0.0,nan,nan,4.268863261943987,2.760071124495653,nan,0.4038,0.0629,0.0,0.0,0.0,0.0,0.0,0.0,0.0,0.0,0.0,0.0,0.0,0.0,0.0,0.0,0.0,0.0,0.0,0.0,0.0,1.0715816545220746e-05,0.0001178739819974282,0.00215387912558937,0.0002143163309044149,0.009215602228889841,0.00415773681954565,0.0011037291041577368,0.010233604800685813,0.009729961423060438,0.005293613373339048,0.00789755679382769,0.009665666523789113,0.02154950707243892,0.030518645520788684,0.01968495499357051,0.030765109301328763,0.039423489069867125,0.05753321903129018,0.04214530647235319,0.07090655807972568,0.07629661380197171,0.05417916845263609,0.09093441920274326,0.03925203600514359,0.06528075439348478,0.06513073296185169,0.042756108015430776,0.0448885555079297,0.02801114444920703,0.012151735962280325,0.017713244749249894,0.03126875267895413,0.014498499785683669,0.023939134162023146,0.006043720531504501,0.010008572653236177,6.429489927132447e-05,0.001896699528504072,0.0018645520788684099,0.0015002143163309043,0.0,0.0,0.0,0.0,0.0,0.0,0.0,0.0,0.0,0.0,0.0,0.0,0.0,0.0,0.0,0.0,0.0,0.0,0.0,0.0,0.0,0.0,0.0,0.0,0.0,0.0,0.0,0.0,0.0,0.0,0.0,0.0,0.0,0.0,0.0,0.0,0.0,0.0,0.0,0.0,0.0,0.0,nan,nan,4.268863261943987,2.760071124495653,nan,0.8319473420049159,0.03436093596613396,0.0,0.0,0.0,0.0,0.0,0.0,0.0,0.0,0.0,0.0,0.0,0.0,0.0,0.0,0.0,0.0,0.0,0.0,0.0,0.0,0.01257861635220126,0.1257861635220126,0.8050314465408807,3.5597484276729445,11.194968553459123,10.276729559748428,3.1069182389937113,0.7421383647798744,0.1635220125786164,0.01257861635220126,0.8317094687462271,0.0336695690487362,0.0,0.0,0.0,0.0,0.0,0.0,0.0,0.0,0.0,0.0,0.0,0.0,0.0,0.0,0.0,0.0,0.0,0.0,0.0,0.0,0.0,0.11836913634370892,0.7102148180622536,3.7483559842174365,11.44234984655853,10.232354230600615,2.8540113985094266,0.6313020604997809,0.22358614642700575,0.039456378781236305,0.4036,0.01182,0.0,0.0,0.0,0.0,0.0,0.0,0.0,0.0,0.0,0.0,0.03773584905660378,11.132075471698096,18.691823899371073,0.13836477987421386,0.0,0.0,0.0,0.0,0.0,0.0,0.0,0.0,0.0,0.0,0.0,0.0,0.0,0.0,0.0,0.0,0.4038,0.01199,0.0,0.0,0.0,0.0,0.0,0.0,0.0,0.0,0.0,0.0,0.039456378781236305,11.337132836475215,18.478737395879005,0.14467338886453313,0.0,0.0,0.0,0.0,0.0,0.0,0.0,0.0,0.0,0.0,0.0,0.0,0.0,0.0,0.0,0.0
81000,4447,2289,0.5147290308072858,1094,900,0.4483921744996627,1250,0.5621767483696875,0.41,3.0111214087117704,3.1488948799333834,6.697520661157025,2.2715074111687605,8374.626399820103,506.4801008809825,7853.0,8866.4,8866.399999999998,1.8189894035458565e-12,7853.0,0.0,28.233415785923093,20.75856107669465,32.90328563857975,19.054920897297038,0.1322239712165505,0.09646953002023836,0.09714414211828198,0.08769957274567124,0.073757589386103,0.08050371036653924,0.07465707218349449,0.06386327861479649,0.055318192039577246,0.052619743647402746,0.054418709242185746,0.03800314818979087,0.0314818979087025,0.024960647627614123,0.019563750843265122,0.010568922869350123,0.006746120980436249,0.8321056896336888,0.034226534859960446,0.0,0.0,0.0,0.0,0.0,0.0,0.0,0.0,0.0,0.0,0.0,0.0,0.0,0.0,0.0,0.0,0.0,0.0,0.0,0.0,0.02023836294130875,0.18214526647177878,0.6341353721610076,3.6159208455138185,11.448167303800318,10.031481897908703,3.1099617719811117,0.7623116707892964,0.16865302451090625,0.026984483921745003,4.3218552354181305,2.902683748880405,4.463414634146342,2.9967263518844236,1.032754312908983,4.323407202216067,2.8803432626408694,4.325242718446602,2.9284653435564025,1.0004245531694527,0.404,0.01168,0.0,0.0,0.0,0.0,0.0,0.0,0.0,0.0,0.0,0.0,0.013492241960872502,11.05014616595456,18.787946930514956,0.1484146615695975,0.0,0.0,0.0,0.0,0.0,0.0,0.0,0.0,0.0,0.0,0.0,0.0,0.0,0.0,0.0,0.0,nan,nan,4.323865604433668,2.904088923667617,nan,0.404,0.0625,0.0,0.0,0.0,0.0,0.0,0.0,0.0,0.0,0.0,0.0,0.0,0.0,0.0,0.0,0.0,0.0,0.0,0.0,0.0,0.0,8.994827973914999e-05,0.002113784573870025,0.0003260625140544187,0.008387677085675737,0.0037778277490442993,0.001124353496739375,0.010029233190915223,0.008185293456262649,0.005048347200359793,0.006375084326512255,0.01088374184843715,0.02246458286485271,0.03005396896784349,0.018203283112210478,0.0321902406116483,0.040566674162356646,0.057578142568023384,0.044490667865977065,0.06963121205306949,0.07343152687204857,0.05806161457162132,0.09205082077805261,0.03979087024960647,0.0653024510906229,0.06478524848212278,0.04110636384079155,0.04495165279964021,0.02978412412862604,0.01109736901281763,0.01859680683606926,0.029862828873397796,0.01319991005172026,0.024342253204407464,0.006105239487294805,0.009804362491567348,2.2487069934787497e-05,0.0021250281088374184,0.0020688104340004496,0.0019788621542612995,1.1243534967393749e-05,0.0,0.0,0.0,0.0,0.0,0.0,0.0,0.0,0.0,0.0,0.0,0.0,0.0,0.0,0.0,0.0,0.0,0.0,0.0,0.0,0.0,0.0,0.0,0.0,0.0,0.0,0.0,0.0,0.0,0.0,0.0,0.0,0.0,0.0,0.0,0.0,0.0,0.0,0.0,0.0,0.0,nan,nan,4.323865604433668,2.904088923667617,nan,0.8323195417565828,0.034081165870060985,0.0,0.0,0.0,0.0,0.0,0.0,0.0,0.0,0.0,0.0,0.0,0.0,0.0,0.0,0.0,0.0,0.0,0.0,0.0,0.0,0.026212319790301447,0.14416775884665795,0.6422018348623855,3.394495412844026,11.808650065530802,9.868938401048494,3.145478374836174,0.760157273918742,0.15727391874180868,0.052424639580602894,0.8318788557554198,0.03437860280579263,0.0,0.0,0.0,0.0,0.0,0.0,0.0,0.0,0.0,0.0,0.0,0.0,0.0,0.0,0.0,0.0,0.0,0.0,0.0,0.0,0.0139017608897127,0.2224281742354032,0.6255792400370714,3.8507877664504053,11.065801668211309,10.203892493049121,3.072289156626507,0.7645968489341985,0.18072289156626511,0.0,0.4043,0.01164,0.0,0.0,0.0,0.0,0.0,0.0,0.0,0.0,0.0,0.0,0.013106159895150724,10.733944954128425,19.082568807339452,0.17038007863695942,0.0,0.0,0.0,0.0,0.0,0.0,0.0,0.0,0.0,0.0,0.0,0.0,0.0,0.0,0.0,0.0,0.4038,0.01171,0.0,0.0,0.0,0.0,0.0,0.0,0.0,0.0,0.0,0.0,0.0139017608897127,11.385542168674682,18.475440222428176,0.1251158480074143,0.0,0.0,0.0,0.0,0.0,0.0,0.0,0.0,0.0,0.0,0.0,0.0,0.0,0.0,0.0,0.0
81100,4462,2213,0.49596593455849397,1038,916,0.4379202151501569,1270,0.5692514567458539,0.41,2.982214317474433,3.1390828394273784,6.62539184952978,2.1927025780233502,8355.611878081578,506.6835079802578,7853.0,8866.4,8866.4,0.0,7853.0,0.0,27.762438368444645,20.830376100907976,32.70638525247128,19.10383565779638,0.1400717167189601,0.10309278350515463,0.09592111160914388,0.08538771851187808,0.07799193186911699,0.0755266696548633,0.06678619453160017,0.06588973554459883,0.053339309726580006,0.05490811295383236,0.0502017032720753,0.04168534289556253,0.03003137606454505,0.023532048408785297,0.01748095024652622,0.01165396683101748,0.006499327655759749,0.8289416258856621,0.03471524837694802,0.0,0.0,0.0,0.0,0.0,0.0,0.0,0.0,0.0,0.0,0.0,0.0,0.0,0.0,0.0,0.0,0.0,0.0,0.0,0.0067234424025100865,0.04706409681757061,0.1949798296727925,0.7395786642761095,4.20215150156879,11.678619453160021,9.567458538771852,2.870909905871807,0.4975347377857464,0.1411922904527118,0.05378753922008069,4.392920986771541,2.851915402718149,4.622222222222222,2.488095111516161,1.0521978966025518,4.394736842105263,2.8031582793339154,4.3983286908078,2.8886190073112235,1.0008173068903976,0.4038,0.01202,0.0,0.0,0.0,0.0,0.0,0.0,0.0,0.0,0.0,0.0,0.04706409681757061,11.174361272971746,18.563424473330347,0.21515015688032277,0.0,0.0,0.0,0.0,0.0,0.0,0.0,0.0,0.0,0.0,0.0,0.0,0.0,0.0,0.0,0.0,nan,nan,4.396551724137931,2.846660957866552,nan,0.4038,0.0631,0.0,0.0,0.0,0.0,0.0,0.0,0.0,0.0,0.0,0.0,0.0,0.0,0.0,0.0,0.0,0.0,0.0,0.0,0.0,0.0,8.964589870013447e-05,0.002050649932765576,0.00030255490811295383,0.009199910354101299,0.0039332138054684,0.0015351860152398027,0.011329000448229494,0.008493948901837741,0.004504706409681757,0.006611385029134917,0.01211340206185567,0.02183998207082026,0.030154639175257732,0.018142088749439712,0.034255939040788885,0.03718063648588077,0.06109367996414164,0.04519273868220529,0.06537427162707306,0.06937471985656656,0.056902734199910356,0.0888614970865083,0.038749439713133126,0.0672680412371134,0.06800761990138951,0.04318691169878978,0.043769610040340655,0.03132003585835948,0.011956521739130435,0.018142088749439712,0.02858583594800538,0.012584043030031376,0.025941281936351413,0.006140744060959211,0.009928283281039892,2.2411474675033616e-05,0.0018601523980277903,0.002173913043478261,0.00182653518601524,0.0,0.0,0.0,0.0,0.0,0.0,0.0,0.0,0.0,0.0,0.0,0.0,0.0,0.0,0.0,0.0,0.0,0.0,0.0,0.0,0.0,0.0,0.0,0.0,0.0,0.0,0.0,0.0,0.0,0.0,0.0,0.0,0.0,0.0,0.0,0.0,0.0,0.0,0.0,0.0,0.0,0.0,nan,nan,4.396551724137931,2.846660957866552,nan,0.8289096468560468,0.03491061934777616,0.0,0.0,0.0,0.0,0.0,0.0,0.0,0.0,0.0,0.0,0.0,0.0,0.0,0.0,0.0,0.0,0.0,0.0,0.0,0.0,0.054225033890646195,0.298237686398554,0.6507004066877543,4.1075463172164355,11.753276095797563,9.408043380027115,3.0230456394035254,0.5286940804338004,0.12200632625395394,0.054225033890646195,0.8289730930232959,0.034521896569862626,0.0,0.0,0.0,0.0,0.0,0.0,0.0,0.0,0.0,0.0,0.0,0.0,0.0,0.0,0.0,0.0,0.0,0.0,0.0,0.013339261894175192,0.04001778568252557,0.09337483325922635,0.827034237438862,4.295242329924397,11.605157847932418,9.724321920853715,2.721209426411739,0.4668741662961317,0.16007114273010228,0.05335704757670077,0.4038,0.01177,0.0,0.0,0.0,0.0,0.0,0.0,0.0,0.0,0.0,0.0,0.040668775417984644,11.29236330772705,18.45006778129237,0.21690013556258478,0.0,0.0,0.0,0.0,0.0,0.0,0.0,0.0,0.0,0.0,0.0,0.0,0.0,0.0,0.0,0.0,0.4038,0.012245,0.0,0.0,0.0,0.0,0.0,0.0,0.0,0.0,0.0,0.0,0.05335704757670077,11.058248110271215,18.674966651845267,0.21342819030680307,0.0,0.0,0.0,0.0,0.0,0.0,0.0,0.0,0.0,0.0,0.0,0.0,0.0,0.0,0.0,0.0
81200,4469,2335,0.5224882524054598,1073,892,0.4396956813604833,1220,0.545983441485791,0.43,3.0595126522961573,3.2135375764093,6.8050420168067225,2.2377152490988914,8382.489594987694,506.18724239188083,7853.0,8866.4,8866.4,0.0,7853.0,0.0,28.20205862609085,21.15548117553283,33.325662295959326,19.34789637633528,0.14298500783172968,0.09375699261579772,0.09867979413739092,0.08256880733944955,0.07697471470127545,0.07764600581785634,0.06780040277466995,0.061311255314388004,0.0619825464309689,0.045871559633027525,0.04631908704408145,0.04162004922801522,0.03826359364511076,0.026404117252181697,0.0190199149697919,0.010964421570821213,0.007831729693443723,0.8263023271073056,0.03312461590954447,0.0,0.0,0.0,0.0,0.0,0.0,0.0,0.0,0.0,0.0,0.0,0.0,0.0,0.0,0.0,0.0,0.0,0.0,0.0,0.0,0.02013873349742672,0.1946744238084583,0.8793913627209669,4.255985679122833,12.761244126202733,9.223539941821437,2.0608637279033344,0.39606175878272554,0.14097113448198706,0.06712911165808907,4.3782918149466195,2.9625705271549516,4.12962962962963,3.2148169482839823,0.9432056619734421,4.358620689655172,2.9552428269887554,4.392073602264685,2.9791432607095474,1.0076751144436382,0.4045,0.01173,0.0,0.0,0.0,0.0,0.0,0.0,0.0,0.0,0.0,0.0,0.02013873349742672,10.498993063325115,19.27948086820318,0.20138733497426722,0.0,0.0,0.0,0.0,0.0,0.0,0.0,0.0,0.0,0.0,0.0,0.0,0.0,0.0,0.0,0.0,nan,nan,4.373603351955308,2.967717626343422,nan,0.4045,0.06305,0.0,0.0,0.0,0.0,0.0,0.0,0.0,0.0,0.0,0.0,0.0,0.0,0.0,0.0,0.0,0.0,0.0,0.0,0.0,3.3564555829044526e-05,0.00016782277914522266,0.0018796151264264937,0.0005146565227120161,0.008939360035802193,0.0032669501006936676,0.0014320877153725666,0.011400760796598792,0.00920787648243455,0.004296263146117699,0.0072611322443499665,0.012060863727903335,0.021626762139181025,0.02859700156634594,0.01730812262251063,0.034817632579995525,0.0367867531886328,0.05986797941373909,0.04420452002685164,0.06253076750950996,0.06956813604833297,0.059800850302081,0.08701051689415977,0.03763705526963527,0.06995972253300514,0.06879615126426494,0.04259342134705751,0.044831058402327144,0.03184157529648691,0.013582456925486685,0.01933318415752965,0.02973819646453345,0.012239874692324905,0.025251734168717833,0.006388453792794809,0.010147684045647795,2.2376370552696353e-05,0.0012642649362273439,0.0017565450883866636,0.002036249720295368,0.0,0.0,0.0,0.0,0.0,0.0,0.0,0.0,0.0,0.0,0.0,0.0,0.0,0.0,0.0,0.0,0.0,0.0,0.0,0.0,0.0,0.0,0.0,0.0,0.0,0.0,0.0,0.0,0.0,0.0,0.0,0.0,0.0,0.0,0.0,0.0,0.0,0.0,0.0,0.0,0.0,0.0,nan,nan,4.373603351955308,2.967717626343422,nan,0.8264326954296365,0.03281274686184006,0.0,0.0,0.0,0.0,0.0,0.0,0.0,0.0,0.0,0.0,0.0,0.0,0.0,0.0,0.0,0.0,0.0,0.0,0.0,0.0,0.012847965738758033,0.20556745182012853,0.8865096359743042,4.098501070663799,12.835117773019276,9.224839400428268,2.1584582441113493,0.39828693790149905,0.15417558886509639,0.025695931477516067,0.8261596794818871,0.033461947776384955,0.0,0.0,0.0,0.0,0.0,0.0,0.0,0.0,0.0,0.0,0.0,0.0,0.0,0.0,0.0,0.0,0.0,0.0,0.0,0.0,0.028116213683224,0.182755388940956,0.8716026241799439,4.428303655107765,12.680412371134024,9.22211808809747,1.9540768509840678,0.393626991565136,0.12652296157450799,0.112464854732896,0.4045,0.01183,0.0,0.0,0.0,0.0,0.0,0.0,0.0,0.0,0.0,0.0,0.012847965738758033,10.561027837259084,19.220556745182016,0.20556745182012853,0.0,0.0,0.0,0.0,0.0,0.0,0.0,0.0,0.0,0.0,0.0,0.0,0.0,0.0,0.0,0.0,0.4045,0.011604,0.0,0.0,0.0,0.0,0.0,0.0,0.0,0.0,0.0,0.0,0.028116213683224,10.431115276476087,19.34395501405811,0.196813495782568,0.0,0.0,0.0,0.0,0.0,0.0,0.0,0.0,0.0,0.0,0.0,0.0,0.0,0.0,0.0,0.0
81300,4632,2430,0.5246113989637305,1119,929,0.4421416234887737,1305,0.5634715025906736,0.40599999999999997,3.0240690281562217,3.0903533024294143,6.58307210031348,2.0191470539617833,8384.641191709845,506.08579011477156,7853.0,8866.4,8866.4,0.0,7853.0,0.0,28.33484455958549,21.258147153479335,33.33650141279219,19.501132395141678,0.13881692573402418,0.10103626943005181,0.09304835924006909,0.08635578583765112,0.07793609671848013,0.07707253886010362,0.06563039723661486,0.0613126079447323,0.050518134715025906,0.051381692573402415,0.053324697754749566,0.03864421416234888,0.03454231433506045,0.031088082901554404,0.021157167530224525,0.010578583765112263,0.0075561312607944735,0.8274704314678238,0.03448473086800428,0.0,0.0,0.0,0.0,0.0,0.0,0.0,0.0,0.0,0.0,0.0,0.0,0.0,0.0,0.0,0.0,0.0,0.0,0.0,0.012953367875647671,0.032383419689119175,0.17487046632124356,0.8484455958549225,4.294041450777189,12.32512953367876,9.261658031088084,2.3251295336787567,0.44041450777202085,0.22020725388601042,0.06476683937823835,4.27790973871734,2.8977245512915744,4.607843137254902,2.393442277594844,1.0771249088197188,4.3021868787276345,2.900172840910898,4.264607118871726,2.879928082263356,0.991264963397633,0.4045,0.01213,0.0,0.0,0.0,0.0,0.0,0.0,0.0,0.0,0.0,0.0,0.025906735751295342,10.49870466321242,19.216321243523318,0.2590673575129534,0.0,0.0,0.0,0.0,0.0,0.0,0.0,0.0,0.0,0.0,0.0,0.0,0.0,0.0,0.0,0.0,nan,nan,4.283522348232155,2.890196791396084,nan,0.4045,0.0633,0.0,0.0,0.0,0.0,0.0,0.0,0.0,0.0,0.0,0.0,0.0,0.0,0.0,0.0,0.0,0.0,0.0,0.0,0.0,0.00012953367875647668,0.00017271157167530224,0.002515112262521589,0.0009175302245250431,0.009715025906735751,0.0028605354058721935,0.0017163212435233161,0.011895509499136443,0.008905440414507772,0.0038536269430051815,0.006260794473229706,0.010729706390328152,0.020811744386873922,0.029738773747841105,0.018113126079447324,0.033171416234887736,0.03786701208981002,0.05987694300518135,0.042962003454231436,0.06306131260794473,0.06872841105354059,0.059488341968911916,0.08349525043177893,0.039874784110535404,0.07081174438687392,0.07053108808290155,0.03954015544041451,0.05136010362694301,0.029598445595854922,0.012510794473229706,0.020919689119170984,0.030192141623488773,0.011355785837651122,0.023844991364421416,0.007091968911917099,0.010146804835924008,3.238341968911917e-05,0.0013061312607944731,0.0016947322970639032,0.0022020725388601035,0.0,0.0,0.0,0.0,0.0,0.0,0.0,0.0,0.0,0.0,0.0,0.0,0.0,0.0,0.0,0.0,0.0,0.0,0.0,0.0,0.0,0.0,0.0,0.0,0.0,0.0,0.0,0.0,0.0,0.0,0.0,0.0,0.0,0.0,0.0,0.0,0.0,0.0,0.0,0.0,0.0,0.0,nan,nan,4.283522348232155,2.890196791396084,nan,0.8282887409008088,0.03494736018595953,0.0,0.0,0.0,0.0,0.0,0.0,0.0,0.0,0.0,0.0,0.0,0.0,0.0,0.0,0.0,0.0,0.0,0.0,0.0,0.0,0.061728395061728406,0.14814814814814817,0.7654320987654323,4.2469135802469005,12.395061728395065,9.074074074074076,2.5061728395061733,0.43209876543209885,0.29629629629629634,0.07407407407407408,0.8265673924477722,0.03394399776030131,0.0,0.0,0.0,0.0,0.0,0.0,0.0,0.0,0.0,0.0,0.0,0.0,0.0,0.0,0.0,0.0,0.0,0.0,0.0,0.02724795640326976,0.0,0.2043596730245232,0.9400544959128068,4.346049046321513,12.247956403269757,9.468664850136241,2.125340599455041,0.44959128065395104,0.1362397820163488,0.05449591280653952,0.4048,0.01213,0.0,0.0,0.0,0.0,0.0,0.0,0.0,0.0,0.0,0.0,0.024691358024691364,10.580246913580233,19.111111111111114,0.28395061728395066,0.0,0.0,0.0,0.0,0.0,0.0,0.0,0.0,0.0,0.0,0.0,0.0,0.0,0.0,0.0,0.0,0.4045,0.01213,0.0,0.0,0.0,0.0,0.0,0.0,0.0,0.0,0.0,0.0,0.02724795640326976,10.40871934604903,19.332425068119893,0.23160762942779298,0.0,0.0,0.0,0.0,0.0,0.0,0.0,0.0,0.0,0.0,0.0,0.0,0.0,0.0,0.0,0.0
81400,4919,2524,0.5131124212238259,1185,1035,0.4513112421223826,1413,0.5745070136206546,0.39399999999999996,2.9782881002087684,3.0989843430956414,6.586826347305389,2.211823181046803,8372.988127668224,506.5257305044559,7853.0,8866.4,8866.4,0.0,7853.0,0.0,28.006708680626144,20.91612296193538,32.88722530789664,19.195673452865698,0.1364098393982517,0.10002032933523074,0.09981703598292335,0.08375686115064038,0.0805041675137223,0.07501524700142305,0.06505387273836145,0.06972961984143118,0.0536694450091482,0.05509249847529986,0.04533441756454564,0.037812563529172595,0.03455986989225452,0.025411669038422444,0.01910957511689368,0.01341736125228705,0.005285627159991868,0.8279786810542442,0.03379156957431591,0.0,0.0,0.0,0.0,0.0,0.0,0.0,0.0,0.0,0.0,0.0,0.0,0.0,0.0,0.0,0.0,0.0,0.0,0.0,0.0,0.006098800569221388,0.21345801992274857,1.0002032933523075,3.9337263671477816,11.941451514535478,9.660500101646678,2.6346818459036396,0.45741004269160407,0.1463712136613133,0.006098800569221388,4.321519795657727,2.900831648806371,3.5925925925925926,2.5641294712105154,0.8313261913557444,4.336448598130841,2.964832057991321,4.2829113924050635,2.8264727994126497,0.9876541357485815,0.4048,0.01236,0.0,0.0,0.0,0.0,0.0,0.0,0.0,0.0,0.0,0.0,0.02439520227688555,10.496035779629992,19.144134986785936,0.33543403130717636,0.0,0.0,0.0,0.0,0.0,0.0,0.0,0.0,0.0,0.0,0.0,0.0,0.0,0.0,0.0,0.0,nan,nan,4.30916509730069,2.8969794202224404,nan,0.4048,0.0636,0.0,0.0,0.0,0.0,0.0,0.0,0.0,0.0,0.0,0.0,0.0,0.0,0.0,0.0,0.0,0.0,0.0,0.0,0.0,0.00014230534661516567,0.00021345801992274854,0.002317544216304127,0.0011282781053059566,0.009280341532831877,0.0036999390119943076,0.0014027241309209188,0.011669038422443587,0.0077658060581418985,0.0038320796909941043,0.006220776580605814,0.011994307786135394,0.021122179304736734,0.03022972148810734,0.01718845293758894,0.03553567798332995,0.03922545232770888,0.06043911364098394,0.04309819068916446,0.06078471233990648,0.06820491969912584,0.056200447245375075,0.0839804838381785,0.037558446838788374,0.07064443992681439,0.0730331368164261,0.038635901606017486,0.05255133157145761,0.028938808700955478,0.013651148607440537,0.02036999390119943,0.030209392152876602,0.011170969709290506,0.025096564342346004,0.006922138646066274,0.009605610896523684,3.0494002846106932e-05,0.0012197601138442774,0.001829640170766416,0.0028562715999186825,0.0,0.0,0.0,0.0,0.0,0.0,0.0,0.0,0.0,0.0,0.0,0.0,0.0,0.0,0.0,0.0,0.0,0.0,0.0,0.0,0.0,0.0,0.0,0.0,0.0,0.0,0.0,0.0,0.0,0.0,0.0,0.0,0.0,0.0,0.0,0.0,0.0,0.0,0.0,0.0,0.0,0.0,nan,nan,4.30916509730069,2.8969794202224404,nan,0.8279954311917588,0.03423011418717793,0.0,0.0,0.0,0.0,0.0,0.0,0.0,0.0,0.0,0.0,0.0,0.0,0.0,0.0,0.0,0.0,0.0,0.0,0.0,0.0,0.0,0.23771790808240892,1.0697305863708402,4.064976228209178,11.553090332805073,9.80586370839937,2.638668779714739,0.4635499207606974,0.15451664025356582,0.011885895404120446,0.8279610287172561,0.03332314938571387,0.0,0.0,0.0,0.0,0.0,0.0,0.0,0.0,0.0,0.0,0.0,0.0,0.0,0.0,0.0,0.0,0.0,0.0,0.0,0.0,0.012526096033402925,0.1878914405010439,0.9269311064718164,3.7954070981210735,12.350730688935284,9.50730688935282,2.6304801670146145,0.45093945720250533,0.1377870563674322,0.0,0.4045,0.01228,0.0,0.0,0.0,0.0,0.0,0.0,0.0,0.0,0.0,0.0,0.023771790808240892,10.483359746434218,19.20760697305864,0.2852614896988907,0.0,0.0,0.0,0.0,0.0,0.0,0.0,0.0,0.0,0.0,0.0,0.0,0.0,0.0,0.0,0.0,0.4048,0.012436,0.0,0.0,0.0,0.0,0.0,0.0,0.0,0.0,0.0,0.0,0.02505219206680585,10.509394572025037,19.077244258872653,0.3883089770354907,0.0,0.0,0.0,0.0,0.0,0.0,0.0,0.0,0.0,0.0,0.0,0.0,0.0,0.0,0.0,0.0
81500,4673,2371,0.5073828375775733,1154,982,0.4570939439332335,1377,0.589343034453242,0.39799999999999996,2.9491746307558646,3.020567595279658,6.353120243531203,2.1454266617351334,8367.181767601114,506.64476031393315,7853.0,8866.4,8866.399999999998,1.8189894035458565e-12,7853.0,0.0,28.356730151936656,20.687604001090932,33.09543044685685,18.893060157459338,0.13310507168842287,0.09351594264926172,0.09009201797560454,0.08859405093087952,0.08666809330194736,0.07746629574149369,0.07019045580997219,0.06484057350738284,0.05735073828375776,0.04921891718382196,0.05135887010485769,0.040017119623368284,0.03787716670233255,0.02696340680505029,0.017975604536700194,0.010057778728867964,0.004707896426278622,0.8284429476420833,0.033362114998019665,0.0,0.0,0.0,0.0,0.0,0.0,0.0,0.0,0.0,0.0,0.0,0.0,0.0,0.0,0.0,0.0,0.0,0.0,0.0,0.0,0.012839717526214427,0.179756045367002,0.8538412154932593,3.9610528568371373,12.377487695270707,9.411512946715174,2.535844211427349,0.5007489835223626,0.1540766103145731,0.012839717526214427,4.187705456936226,2.8154862075973215,4.065217391304348,2.6160223200171626,0.9707505537599361,4.183552631578947,2.7852748158595584,4.18761965539247,2.8397802998551125,1.0009721459658052,0.4045,0.01243,0.0,0.0,0.0,0.0,0.0,0.0,0.0,0.0,0.0,0.0,0.03209929381553606,10.618446394179312,19.07340038519153,0.27605392681361013,0.0,0.0,0.0,0.0,0.0,0.0,0.0,0.0,0.0,0.0,0.0,0.0,0.0,0.0,0.0,0.0,nan,nan,4.185880829015544,2.8126578484285596,nan,0.4045,0.06433,0.0,0.0,0.0,0.0,0.0,0.0,0.0,0.0,0.0,0.0,0.0,0.0,0.0,0.0,0.0,0.0,0.0,0.0,0.0,0.00027819387973464585,0.00032099293815536056,0.0022790498609030602,0.0016370639845923389,0.00838861545046009,0.0044832013695698695,0.0012304729295955488,0.012240530708324418,0.00847421356730152,0.004761395249304515,0.00561737641771881,0.013503102931735502,0.02102503744917612,0.030708324416862828,0.016723732077894286,0.03310507168842285,0.04078750267494115,0.060870960838861544,0.04163278407875027,0.06077466295741494,0.06999786004707896,0.055424780654825596,0.08160710464369784,0.03732077894286326,0.06473357586133105,0.07395677295099508,0.039535630216135244,0.052257650331692704,0.03014123689278836,0.013043013053712818,0.020564947571153434,0.03120051358870105,0.013043013053712818,0.026064626578215278,0.006451958056922748,0.010314573079392254,0.0,0.001294671517226621,0.0012732719880162637,0.00293173550181896,0.0,0.0,0.0,0.0,0.0,0.0,0.0,0.0,0.0,0.0,0.0,0.0,0.0,0.0,0.0,0.0,0.0,0.0,0.0,0.0,0.0,0.0,0.0,0.0,0.0,0.0,0.0,0.0,0.0,0.0,0.0,0.0,0.0,0.0,0.0,0.0,0.0,0.0,0.0,0.0,0.0,0.0,nan,nan,4.185880829015544,2.8126578484285596,nan,0.8285505153468167,0.03383419497924687,0.0,0.0,0.0,0.0,0.0,0.0,0.0,0.0,0.0,0.0,0.0,0.0,0.0,0.0,0.0,0.0,0.0,0.0,0.0,0.0,0.0126528890763391,0.1771404470687474,0.9236609025727543,4.03627161535216,12.23534373681991,9.337832138338255,2.543230704344159,0.5187684521299031,0.2150991142977647,0.0,0.8283321557098839,0.03286842949902136,0.0,0.0,0.0,0.0,0.0,0.0,0.0,0.0,0.0,0.0,0.0,0.0,0.0,0.0,0.0,0.0,0.0,0.0,0.0,0.0,0.013032145960034755,0.18245004344048657,0.7819287576020854,3.8835794960903445,12.5238922675934,9.487402258905302,2.5282363162467423,0.48218940052128595,0.09122502172024329,0.02606429192006951,0.4045,0.012184,0.0,0.0,0.0,0.0,0.0,0.0,0.0,0.0,0.0,0.0,0.0,10.970054829185981,18.764234500210886,0.2657106706031211,0.0,0.0,0.0,0.0,0.0,0.0,0.0,0.0,0.0,0.0,0.0,0.0,0.0,0.0,0.0,0.0,0.4048,0.01267,0.0,0.0,0.0,0.0,0.0,0.0,0.0,0.0,0.0,0.0,0.06516072980017378,10.256298870547337,19.391833188531713,0.2867072111207646,0.0,0.0,0.0,0.0,0.0,0.0,0.0,0.0,0.0,0.0,0.0,0.0,0.0,0.0,0.0,0.0
81600,4602,2331,0.5065189048239895,1111,927,0.4428509343763581,1273,0.5532377227292482,0.418,2.941875825627477,3.1371362389967676,6.6524486571879935,2.183356078863718,8366.306258148632,506.6569326016111,7853.0,8866.4,8866.4,0.0,7853.0,0.0,27.476097348978705,20.829818238226327,32.53425371190414,19.10913288274265,0.14276401564537158,0.10256410256410256,0.09908735332464146,0.085832246849196,0.0788787483702738,0.07735767057800956,0.0686657974793568,0.062146892655367235,0.053237722729248156,0.05084745762711865,0.0469361147327249,0.04193828770099957,0.03215993046501521,0.022598870056497175,0.018035636679704477,0.009995654063450673,0.006953498478922208,0.8287846880184988,0.03227596376685316,0.0,0.0,0.0,0.0,0.0,0.0,0.0,0.0,0.0,0.0,0.0,0.0,0.0,0.0,0.0,0.0,0.0,0.0,0.0,0.0,0.019556714471968713,0.10430247718383313,0.6453715775749675,4.1395045632333645,12.32073011734029,9.674054758800523,2.4706649282920474,0.501955671447197,0.06518904823989571,0.05867014341590614,4.271157167530225,2.896734008897529,3.6666666666666665,3.080404013906113,0.8584714921148402,4.242672119972734,2.9164237380912343,4.287379972565158,2.881827527480584,1.0105376638420769,0.4038,0.012566,0.0,0.0,0.0,0.0,0.0,0.0,0.0,0.0,0.0,0.0,0.045632333767927004,11.10821382007821,18.585397653194267,0.26075619295958286,0.0,0.0,0.0,0.0,0.0,0.0,0.0,0.0,0.0,0.0,0.0,0.0,0.0,0.0,0.0,0.0,nan,nan,4.264957264957265,2.8993166374140102,nan,0.4038,0.0643,0.0,0.0,0.0,0.0,0.0,0.0,0.0,0.0,0.0,0.0,0.0,0.0,0.0,0.0,0.0,0.0,0.0,0.0,0.0,0.00031508039982616255,5.432420686657975e-05,0.002151238591916558,0.00171664493698392,0.008344198174706649,0.004584963059539331,0.0014450239026510213,0.012972620599739243,0.008594089526292916,0.0048891786179921775,0.005617122990004346,0.011810082572794436,0.02119730551933942,0.032366362451108216,0.016992611907866145,0.033507170795306386,0.04268796175575837,0.06326597131681877,0.04293785310734463,0.061038678835289004,0.06917644502390265,0.05410691003911343,0.08459365493263798,0.0376032159930465,0.060908300738809214,0.07214254671881791,0.039602346805736634,0.05220556279878314,0.029595827900912648,0.013689700130378096,0.01840504128639722,0.030910473707083875,0.013809213385484572,0.02360930030421556,0.00686657974793568,0.011397218600608432,1.086484137331595e-05,0.0013255106475445458,0.0009669708822251195,0.00257496740547588,0.0,0.0,1.086484137331595e-05,0.0,0.0,0.0,0.0,0.0,0.0,0.0,0.0,0.0,0.0,0.0,0.0,0.0,0.0,0.0,0.0,0.0,0.0,0.0,0.0,0.0,0.0,0.0,0.0,0.0,0.0,0.0,0.0,0.0,0.0,0.0,0.0,0.0,0.0,0.0,0.0,0.0,0.0,0.0,nan,nan,4.264957264957265,2.8993166374140102,nan,0.8289082172038676,0.03258813009602014,0.0,0.0,0.0,0.0,0.0,0.0,0.0,0.0,0.0,0.0,0.0,0.0,0.0,0.0,0.0,0.0,0.0,0.0,0.0,0.0,0.025740025740025745,0.10296010296010298,0.501930501930502,4.131274131274119,12.483912483912487,9.806949806949808,2.226512226512227,0.5148005148005149,0.11583011583011585,0.09009009009009011,0.8286578951822614,0.0319518817599088,0.0,0.0,0.0,0.0,0.0,0.0,0.0,0.0,0.0,0.0,0.0,0.0,0.0,0.0,0.0,0.0,0.0,0.0,0.0,0.0,0.013210039630118893,0.10568031704095114,0.7926023778071336,4.147952443857319,12.153236459709383,9.53764861294584,2.7212681638044924,0.48877146631439905,0.013210039630118893,0.026420079260237785,0.4038,0.01263,0.0,0.0,0.0,0.0,0.0,0.0,0.0,0.0,0.0,0.0,0.038610038610038616,10.862290862290847,18.828828828828833,0.27027027027027034,0.0,0.0,0.0,0.0,0.0,0.0,0.0,0.0,0.0,0.0,0.0,0.0,0.0,0.0,0.0,0.0,0.4036,0.0125,0.0,0.0,0.0,0.0,0.0,0.0,0.0,0.0,0.0,0.0,0.05284015852047557,11.36063408190223,18.335535006605024,0.250990752972259,0.0,0.0,0.0,0.0,0.0,0.0,0.0,0.0,0.0,0.0,0.0,0.0,0.0,0.0,0.0,0.0
81700,4630,2405,0.519438444924406,1181,929,0.4557235421166307,1293,0.5585313174946004,0.39399999999999996,3.0224719101123596,3.117250041662469,6.603053435114504,2.151084900475359,8379.398920086393,506.3169388312322,7853.0,8866.4,8866.399999999998,1.8189894035458565e-12,7853.0,0.0,28.79244060475162,21.02607419342215,33.50584349593496,19.26836222741118,0.1302375809935205,0.10043196544276457,0.08747300215982722,0.08293736501079914,0.07904967602591792,0.07667386609071274,0.06911447084233262,0.06565874730021598,0.06393088552915767,0.05680345572354212,0.04989200863930886,0.037149028077753776,0.033693304535637146,0.025485961123110152,0.020950323974082072,0.013606911447084234,0.006911447084233261,0.829254058293081,0.03343294397663395,0.0,0.0,0.0,0.0,0.0,0.0,0.0,0.0,0.0,0.0,0.0,0.0,0.0,0.0,0.0,0.0,0.0,0.0,0.0,0.0,0.025917926565874737,0.1555075593952484,0.6997840172786179,4.010799136069102,12.136069114470846,9.563714902807776,2.663066954643629,0.5507559395248381,0.1684665226781858,0.025917926565874737,4.192499170262197,2.897424980422251,4.783783783783784,3.6103090766479013,1.141033924995293,4.127079174983367,2.8760982891724725,4.270200387847447,2.9366348648738425,1.0346785721319864,0.4036,0.01227,0.0,0.0,0.0,0.0,0.0,0.0,0.0,0.0,0.0,0.0,0.012958963282937368,11.429805615550741,18.375809935205186,0.18142548596112315,0.0,0.0,0.0,0.0,0.0,0.0,0.0,0.0,0.0,0.0,0.0,0.0,0.0,0.0,0.0,0.0,nan,nan,4.199672131147541,2.9078412742288005,nan,0.4036,0.0648,0.0,0.0,0.0,0.0,0.0,0.0,0.0,0.0,0.0,0.0,0.0,0.0,0.0,0.0,0.0,0.0,0.0,0.0,0.0,0.0002267818574514039,0.0,0.001900647948164147,0.001695464362850972,0.01009719222462203,0.004330453563714903,0.0012958963282937365,0.014103671706263499,0.009373650107991361,0.005086393088552916,0.004989200863930885,0.011457883369330454,0.020691144708423325,0.03153347732181425,0.01826133909287257,0.03168466522678186,0.041457883369330456,0.06478401727861771,0.04420086393088553,0.06333693304535637,0.06922246220302376,0.05319654427645788,0.08090712742980562,0.03627429805615551,0.0622354211663067,0.07332613390928726,0.03831533477321814,0.05323974082073434,0.029006479481641468,0.013228941684665227,0.019308855291576672,0.03055075593952484,0.012980561555075595,0.024157667386609072,0.0054967602591792656,0.011943844492440604,3.239740820734341e-05,0.0012311015118790496,0.0014038876889848812,0.0034341252699784017,0.0,0.0,0.0,0.0,0.0,0.0,0.0,0.0,0.0,0.0,0.0,0.0,0.0,0.0,0.0,0.0,0.0,0.0,0.0,0.0,0.0,0.0,0.0,0.0,0.0,0.0,0.0,0.0,0.0,0.0,0.0,0.0,0.0,0.0,0.0,0.0,0.0,0.0,0.0,0.0,0.0,0.0,nan,nan,4.199672131147541,2.9078412742288005,nan,0.8295110780583103,0.03382031105805613,0.0,0.0,0.0,0.0,0.0,0.0,0.0,0.0,0.0,0.0,0.0,0.0,0.0,0.0,0.0,0.0,0.0,0.0,0.0,0.0,0.03742203742203743,0.14968814968814972,0.7110187110187112,3.9667359667359547,12.23700623700624,9.367983367983369,2.7817047817047826,0.5613305613305615,0.14968814968814972,0.03742203742203743,0.828976245917631,0.03300687670490794,0.0,0.0,0.0,0.0,0.0,0.0,0.0,0.0,0.0,0.0,0.0,0.0,0.0,0.0,0.0,0.0,0.0,0.0,0.0,0.0,0.013483146067415734,0.16179775280898878,0.6876404494382024,4.058426966292123,12.026966292134835,9.775280898876407,2.5348314606741575,0.5393258426966293,0.18876404494382026,0.013483146067415734,0.4036,0.01244,0.0,0.0,0.0,0.0,0.0,0.0,0.0,0.0,0.0,0.0,0.012474012474012476,11.650727650727633,18.149688149688153,0.18711018711018715,0.0,0.0,0.0,0.0,0.0,0.0,0.0,0.0,0.0,0.0,0.0,0.0,0.0,0.0,0.0,0.0,0.4036,0.01208,0.0,0.0,0.0,0.0,0.0,0.0,0.0,0.0,0.0,0.0,0.013483146067415734,11.19101123595504,18.620224719101127,0.17528089887640455,0.0,0.0,0.0,0.0,0.0,0.0,0.0,0.0,0.0,0.0,0.0,0.0,0.0,0.0,0.0,0.0
81800,4441,2278,0.5129475343391128,1039,915,0.43999099301959016,1246,0.561134879531637,0.422,2.9967637540453076,3.1058515862721596,6.655629139072848,2.1167773757503796,8372.821031299258,506.53008650784375,7853.0,8866.4,8866.399999999998,1.8189894035458565e-12,7853.0,0.0,28.07070479621707,20.975585462029187,32.929220085470085,19.258574536947226,0.1371312767394731,0.09952713352848458,0.09727538842603017,0.08579148840351272,0.08466561585228552,0.07160549425804999,0.06597613150191399,0.060346768745777976,0.05651880207160549,0.05449223147939653,0.04863769421301509,0.04210763341589732,0.03490204908804324,0.024769196126998422,0.018013960819635216,0.01125872551227201,0.0069804098176086465,0.8307103809808939,0.03302377724180549,0.0,0.0,0.0,0.0,0.0,0.0,0.0,0.0,0.0,0.0,0.0,0.0,0.0,0.0,0.0,0.0,0.0,0.0,0.0,0.0,0.08106282368835849,0.08106282368835849,0.6485025895068679,3.6883584778202994,11.902724611573973,10.166629137581628,2.6412970051790143,0.6552578248142311,0.12159423553253774,0.013510470614726416,4.261178140525195,2.836806454766957,4.264705882352941,2.810786194491119,1.0008278794529137,4.286315789473684,2.8458875417480938,4.236159775753329,2.8268675609457956,0.9882985724375399,0.4028,0.01234,0.0,0.0,0.0,0.0,0.0,0.0,0.0,0.0,0.0,0.0,0.02702094122945283,12.247241612249475,17.5163251519928,0.20941229452825946,0.0,0.0,0.0,0.0,0.0,0.0,0.0,0.0,0.0,0.0,0.0,0.0,0.0,0.0,0.0,0.0,nan,nan,4.261220196353436,2.8364976869780203,nan,0.4028,0.0653,0.0,0.0,0.0,0.0,0.0,0.0,0.0,0.0,0.0,0.0,0.0,0.0,0.0,0.0,0.0,0.0,0.0,0.0,0.0,0.0005291600990767845,1.125872551227201e-05,0.0025895068678225626,0.0013735645124971854,0.010999774825489755,0.0034001351047061473,0.0015649628462058095,0.014658860616978159,0.008838099527133528,0.005910830893942806,0.005280342265255573,0.011754109434811979,0.02226975906327404,0.03165953614050889,0.018565638369736546,0.03293177212339563,0.040745327628912406,0.06465886061697816,0.04434811979283945,0.06512046836298131,0.06647151542445395,0.05224048637694213,0.08034226525557307,0.035025895068678224,0.06328529610448097,0.07177437514073406,0.03896644899797343,0.0502026570592209,0.029407791038054493,0.014287322675073181,0.017383472190947984,0.032380094573294306,0.013724386399459582,0.023046611123620806,0.0068002702094122945,0.011765368160324252,6.755235307363206e-05,0.0012834947083990092,0.0012384598063499212,0.003084890790362531,1.125872551227201e-05,0.0,0.0,0.0,0.0,0.0,0.0,0.0,0.0,0.0,0.0,0.0,0.0,0.0,0.0,0.0,0.0,0.0,0.0,0.0,0.0,0.0,0.0,0.0,0.0,0.0,0.0,0.0,0.0,0.0,0.0,0.0,0.0,0.0,0.0,0.0,0.0,0.0,0.0,0.0,0.0,0.0,nan,nan,4.261220196353436,2.8364976869780203,nan,0.8306572183482578,0.03290628020887982,0.0,0.0,0.0,0.0,0.0,0.0,0.0,0.0,0.0,0.0,0.0,0.0,0.0,0.0,0.0,0.0,0.0,0.0,0.0,0.0,0.06584723441615453,0.13169446883230906,0.6321334503950835,3.6084284460052567,11.865671641791048,10.417032484635646,2.4758560140474106,0.6848112379280072,0.09218612818261636,0.026338893766461816,0.8307663701057875,0.03314697874753324,0.0,0.0,0.0,0.0,0.0,0.0,0.0,0.0,0.0,0.0,0.0,0.0,0.0,0.0,0.0,0.0,0.0,0.0,0.0,0.0,0.09708737864077673,0.02773925104022192,0.6657420249653261,3.7725381414701684,11.941747572815537,9.902912621359224,2.815533980582525,0.6241331484049931,0.15256588072122054,0.0,0.4028,0.012474,0.0,0.0,0.0,0.0,0.0,0.0,0.0,0.0,0.0,0.0,0.03950834064969272,12.537313432835804,17.14661984196664,0.27655838454784903,0.0,0.0,0.0,0.0,0.0,0.0,0.0,0.0,0.0,0.0,0.0,0.0,0.0,0.0,0.0,0.0,0.403,0.0122,0.0,0.0,0.0,0.0,0.0,0.0,0.0,0.0,0.0,0.0,0.01386962552011096,11.941747572815517,17.905686546463247,0.1386962552011096,0.0,0.0,0.0,0.0,0.0,0.0,0.0,0.0,0.0,0.0,0.0,0.0,0.0,0.0,0.0,0.0
81900,4301,2264,0.5263892118112067,1089,831,0.4464078121367124,1167,0.542664496628691,0.434,3.0834560628375063,3.1976160478478204,6.622516556291391,2.3388221461203162,8386.442827249477,505.9937857234063,7853.0,8866.4,8866.4,0.0,7853.0,0.0,28.839804696582192,21.0710461349478,33.57334428024083,19.315714777489454,0.12996977447105323,0.1013717740060451,0.08881655428970008,0.0799813996744943,0.08114392001860032,0.07788886305510347,0.06417112299465241,0.07207626133457336,0.05673099279237387,0.0530109276912346,0.0481283422459893,0.039525691699604744,0.039525691699604744,0.027900488258544524,0.02232039060683562,0.012322715647523831,0.005115089514066497,0.832851361976172,0.033261517949786365,0.0,0.0,0.0,0.0,0.0,0.0,0.0,0.0,0.0,0.0,0.0,0.0,0.0,0.0,0.0,0.0,0.0,0.0,0.0,0.006975122064636133,0.013950244129272265,0.11160195303417812,0.578935131364799,3.2364566379911546,11.425249941873984,10.706812369216463,3.062078586375262,0.6765868402697048,0.16740292955126718,0.013950244129272265,4.170609318996416,2.9376306476953067,5.0,3.4641016151377544,1.1988655895496734,4.219217081850534,2.944864779329236,4.143361581920904,2.9453469958148717,0.982021427563912,0.4033,0.012535,0.0,0.0,0.0,0.0,0.0,0.0,0.0,0.0,0.0,0.0,0.07672634271099746,11.690304580330139,18.030690537084404,0.20227853987444785,0.0,0.0,0.0,0.0,0.0,0.0,0.0,0.0,0.0,0.0,0.0,0.0,0.0,0.0,0.0,0.0,nan,nan,4.180014174344437,2.945437726661651,nan,0.4033,0.0658,0.0,0.0,0.0,0.0,0.0,0.0,0.0,0.0,0.0,0.0,0.0,0.0,0.0,0.0,0.0,0.0,0.0,0.0,4.650081376424087e-05,0.00033713089979074635,0.0,0.0028365496396186934,0.0011043943269007208,0.011334573355033713,0.003452685421994885,0.0013601488026040456,0.012915601023017902,0.010846314810509183,0.006858870030225529,0.005475470820739363,0.011485700999767496,0.02020460358056266,0.03195768425947454,0.018925831202046037,0.03444547779586143,0.04087421529876773,0.06367123924668681,0.04554754708207394,0.06499651243896769,0.064671006742618,0.04944199023482911,0.08131829807021623,0.03365496396186933,0.0614275749825622,0.0725296442687747,0.03889793071378749,0.04932573820041851,0.030399906998372472,0.014659381539176935,0.016682166937921412,0.03438735177865613,0.014554754708207393,0.025087189025807952,0.006533364333875843,0.012008835154615205,9.300162752848175e-05,0.001650778888630551,0.0009416414787258777,0.003045803301557777,0.0,0.0,0.0,0.0,1.1625203441060218e-05,0.0,0.0,0.0,0.0,0.0,0.0,0.0,0.0,0.0,0.0,0.0,0.0,0.0,0.0,0.0,0.0,0.0,0.0,0.0,0.0,0.0,0.0,0.0,0.0,0.0,0.0,0.0,0.0,0.0,0.0,0.0,0.0,0.0,0.0,0.0,0.0,0.0,nan,nan,4.180014174344437,2.945437726661651,nan,0.8325758148313832,0.03396591083788125,0.0,0.0,0.0,0.0,0.0,0.0,0.0,0.0,0.0,0.0,0.0,0.0,0.0,0.0,0.0,0.0,0.0,0.0,0.0,0.0,0.013250883392226152,0.1325088339222615,0.6227915194346291,3.2994699646643006,11.607773851590109,10.362190812720849,3.0344522968197887,0.6757950530035337,0.22526501766784457,0.026501766784452305,0.8331576156510871,0.03245795377408214,0.0,0.0,0.0,0.0,0.0,0.0,0.0,0.0,0.0,0.0,0.0,0.0,0.0,0.0,0.0,0.0,0.0,0.0,0.0,0.01472754050073638,0.01472754050073638,0.08836524300441828,0.5301914580265097,3.166421207658311,11.22238586156112,11.089837997054493,3.09278350515464,0.6774668630338735,0.10309278350515466,0.0,0.403,0.01239,0.0,0.0,0.0,0.0,0.0,0.0,0.0,0.0,0.0,0.0,0.03975265017667845,11.660777385158994,18.087455830388695,0.21201413427561844,0.0,0.0,0.0,0.0,0.0,0.0,0.0,0.0,0.0,0.0,0.0,0.0,0.0,0.0,0.0,0.0,0.4036,0.012695,0.0,0.0,0.0,0.0,0.0,0.0,0.0,0.0,0.0,0.0,0.11782032400589104,11.72312223858614,17.967599410898384,0.19145802650957297,0.0,0.0,0.0,0.0,0.0,0.0,0.0,0.0,0.0,0.0,0.0,0.0,0.0,0.0,0.0,0.0
82000,4561,2301,0.5044946283709713,1073,946,0.4426660819995615,1312,0.5753124314843236,0.426,3.0039823008849558,3.1742161013538164,6.721183800623053,2.184301074551278,8364.254856391142,506.67952719964507,7853.0,8866.4,8866.4,0.0,7853.0,0.0,27.491120368340276,20.789830052876237,32.54098791382028,19.059612114306805,0.14404735803551852,0.10677483008112255,0.09033106774830081,0.08441131330848498,0.08484981363736023,0.07388730541547907,0.06796755097566323,0.06029379522034641,0.05722429291821969,0.05459329094496821,0.04933128699846525,0.04056128042096031,0.028064021048015787,0.023459767594825695,0.01644376233282175,0.010962508221881167,0.006796755097566323,0.8327627346537088,0.03356728423015702,0.0,0.0,0.0,0.0,0.0,0.0,0.0,0.0,0.0,0.0,0.0,0.0,0.0,0.0,0.0,0.0,0.0,0.0,0.0,0.0,0.0,0.09208506906380182,0.5985529489147118,3.762332821749604,10.852883139662358,10.885770664328001,2.953299714974787,0.6182854637140979,0.17759263319447494,0.05919754439815831,4.4300590072891355,2.9493089154548127,4.433333333333334,2.5256462319352826,1.0007391156729089,4.522602739726027,2.966508730420952,4.34,2.9195394062809954,0.9596244131455399,0.4038,0.012344,0.0,0.0,0.0,0.0,0.0,0.0,0.0,0.0,0.0,0.0,0.05262003946502961,11.45143608857705,18.27230870423153,0.22363516772637584,0.0,0.0,0.0,0.0,0.0,0.0,0.0,0.0,0.0,0.0,0.0,0.0,0.0,0.0,0.0,0.0,nan,nan,4.430092751631742,2.9452535848604455,nan,0.4038,0.06506,0.0,0.0,0.0,0.0,0.0,0.0,0.0,0.0,0.0,0.0,0.0,0.0,0.0,0.0,0.0,0.0,0.0,0.0,2.1925016443762334e-05,0.0006467879850909888,0.0,0.002740627055470292,0.0007564130673098005,0.009065994299495724,0.002905064678798509,0.001183950887963166,0.012431484323613243,0.010951545713659284,0.00620477965358474,0.0044836658627493975,0.01258495943871958,0.02093839070379303,0.03465248848936637,0.019283051962288973,0.03412628809471607,0.0403968427976321,0.06273843455382591,0.04592194694146021,0.06381276035957027,0.06365928524446393,0.053409340057005046,0.08169261126945845,0.0324819118614339,0.061368121026090766,0.07499451874588905,0.036998465248848936,0.0497697873273405,0.029664547248410437,0.015479061609296208,0.01815391361543521,0.03370971278228459,0.013604472703354527,0.02500548125411094,0.006873492655119491,0.012047796535847402,9.86625739969305e-05,0.0017320762990572242,0.0010852883139662354,0.002302126726595045,2.1925016443762334e-05,0.0,0.0,0.0,0.0,0.0,0.0,0.0,0.0,0.0,0.0,0.0,0.0,0.0,0.0,0.0,0.0,0.0,0.0,0.0,0.0,0.0,0.0,0.0,0.0,0.0,0.0,0.0,0.0,0.0,0.0,0.0,0.0,0.0,0.0,0.0,0.0,0.0,0.0,0.0,0.0,0.0,nan,nan,4.430092751631742,2.9452535848604455,nan,0.8327318884299559,0.0333395261649549,0.0,0.0,0.0,0.0,0.0,0.0,0.0,0.0,0.0,0.0,0.0,0.0,0.0,0.0,0.0,0.0,0.0,0.0,0.0,0.0,0.0,0.10430247718383313,0.5084745762711865,3.7418513689700013,11.003911342894398,10.860495436766627,2.9074315514993487,0.6388526727509779,0.18252933507170802,0.05215123859191657,0.8327941404770961,0.03379756844879707,0.0,0.0,0.0,0.0,0.0,0.0,0.0,0.0,0.0,0.0,0.0,0.0,0.0,0.0,0.0,0.0,0.0,0.0,0.0,0.0,0.0,0.07964601769911506,0.6902654867256639,3.7831858407079526,10.699115044247788,10.911504424778764,3.000000000000001,0.597345132743363,0.17256637168141598,0.06637168141592921,0.4038,0.01251,0.0,0.0,0.0,0.0,0.0,0.0,0.0,0.0,0.0,0.0,0.03911342894393743,11.368970013037794,18.38331160365059,0.20860495436766627,0.0,0.0,0.0,0.0,0.0,0.0,0.0,0.0,0.0,0.0,0.0,0.0,0.0,0.0,0.0,0.0,0.4036,0.01218,0.0,0.0,0.0,0.0,0.0,0.0,0.0,0.0,0.0,0.0,0.06637168141592921,11.535398230088479,18.159292035398234,0.23893805309734517,0.0,0.0,0.0,0.0,0.0,0.0,0.0,0.0,0.0,0.0,0.0,0.0,0.0,0.0,0.0,0.0
82100,4906,2560,0.521810028536486,1184,1002,0.4455768446799837,1381,0.5629841011006931,0.38199999999999995,2.9565217391304346,3.003093404955634,6.276811594202899,2.2503233215384357,8381.802282918874,506.21771905947134,7853.0,8866.4,8866.399999999998,1.8189894035458565e-12,7853.0,0.0,28.411740725642073,21.01983166496443,33.266232198889696,19.263505194126488,0.13371381981247452,0.10293518141051773,0.09029759478189972,0.08295964125560538,0.07602935181410518,0.08194048104362006,0.06767223807582552,0.06869139828781085,0.05707297187117815,0.05075417855686914,0.0446392172849572,0.04484304932735426,0.032409294741133306,0.02710966163880962,0.020994700366897677,0.011210762331838564,0.006726457399103139,0.8330572885831327,0.03388199858930129,0.0,0.0,0.0,0.0,0.0,0.0,0.0,0.0,0.0,0.0,0.0,0.0,0.0,0.0,0.0,0.0,0.0,0.0,0.0,0.0,0.042804728903383625,0.12229922543823891,0.6971055849979618,3.204239706481849,11.178149205055037,10.615572768039138,3.277619241744803,0.6971055849979618,0.12841418671015087,0.03668976763147167,4.076413009156931,2.77019570220938,3.918918918918919,2.409198345736925,0.9613645403730608,4.012539184952978,2.7215325316014236,4.136109384711,2.808713252268186,1.0307960107209446,0.4038,0.0125,0.0,0.0,0.0,0.0,0.0,0.0,0.0,0.0,0.0,0.0,0.018344883815735836,11.227068895230314,18.497757847533634,0.25682837342030174,0.0,0.0,0.0,0.0,0.0,0.0,0.0,0.0,0.0,0.0,0.0,0.0,0.0,0.0,0.0,0.0,nan,nan,4.074594257178527,2.7663469408536803,nan,0.4038,0.0649,0.0,0.0,0.0,0.0,0.0,0.0,0.0,0.0,0.0,0.0,0.0,0.0,0.0,0.0,0.0,0.0,0.0,0.0,0.0,0.0008255197717081125,0.0,0.002588666938442723,0.0004891969017529555,0.008295964125560539,0.002792498980839788,0.0016612311455360782,0.012291072156543008,0.011169995923359152,0.006298410110069303,0.004412963717896453,0.011557276803913575,0.021300448430493273,0.033102323685283326,0.020271096616388096,0.035497350183448836,0.04082755809213209,0.0631879331430901,0.04896045658377497,0.061689767631471666,0.06437015898899306,0.053465144720750105,0.08131879331430901,0.03257236037505096,0.062189156135344474,0.07200366897676315,0.03783122706889523,0.047024052181002855,0.030635955972278844,0.016347329800244597,0.016816143497757848,0.032562168772931104,0.015226253567060742,0.02534651447207501,0.007613126783530371,0.012759885854056258,6.114961271911944e-05,0.0016816143497757848,0.0009172441907867916,0.0020383204239706482,0.0,0.0,0.0,0.0,0.0,0.0,0.0,0.0,0.0,0.0,0.0,0.0,0.0,0.0,0.0,0.0,0.0,0.0,0.0,0.0,0.0,0.0,0.0,0.0,0.0,0.0,0.0,0.0,0.0,0.0,0.0,0.0,0.0,0.0,0.0,0.0,0.0,0.0,0.0,0.0,0.0,0.0,nan,nan,4.074594257178527,2.7663469408536803,nan,0.833368897298351,0.03458428834274335,0.0,0.0,0.0,0.0,0.0,0.0,0.0,0.0,0.0,0.0,0.0,0.0,0.0,0.0,0.0,0.0,0.0,0.0,0.0,0.0,0.046875000000000014,0.14062500000000003,0.6679687500000002,3.2109374999999902,11.050781250000004,10.628906250000004,3.281250000000001,0.7968750000000002,0.12890625000000003,0.046875000000000014,0.8327172552025024,0.033095301374883875,0.0,0.0,0.0,0.0,0.0,0.0,0.0,0.0,0.0,0.0,0.0,0.0,0.0,0.0,0.0,0.0,0.0,0.0,0.0,0.0,0.03836317135549873,0.10230179028132995,0.7289002557544759,3.19693094629155,11.317135549872125,10.601023017902817,3.2736572890025584,0.5882352941176472,0.12787723785166244,0.025575447570332487,0.4038,0.01258,0.0,0.0,0.0,0.0,0.0,0.0,0.0,0.0,0.0,0.0,0.023437500000000007,11.167968749999984,18.527343750000004,0.28125000000000006,0.0,0.0,0.0,0.0,0.0,0.0,0.0,0.0,0.0,0.0,0.0,0.0,0.0,0.0,0.0,0.0,0.4038,0.0124,0.0,0.0,0.0,0.0,0.0,0.0,0.0,0.0,0.0,0.0,0.012787723785166244,11.291560102301773,18.465473145780056,0.23017902813299237,0.0,0.0,0.0,0.0,0.0,0.0,0.0,0.0,0.0,0.0,0.0,0.0,0.0,0.0,0.0,0.0
82200,4632,2373,0.5123056994818653,1095,992,0.45056131260794474,1352,0.5837651122625216,0.418,3.0048694112439134,3.090557842954031,6.6912,2.087448816138973,8372.170595854923,506.54651734961413,7853.0,8866.4,8866.399999999998,1.8189894035458565e-12,7853.0,0.0,27.943868739205527,20.830331765840857,32.93079495755081,19.022229720132454,0.14248704663212436,0.09412780656303972,0.0947754749568221,0.08635578583765112,0.0831174438687392,0.07577720207253887,0.06778929188255613,0.06174438687392055,0.05764248704663212,0.05267702936096719,0.051381692573402415,0.041666666666666664,0.030872193436960276,0.026986183074265976,0.015544041450777202,0.008419689119170985,0.008635578583765112,0.8352850595286473,0.03285859857704283,0.0,0.0,0.0,0.0,0.0,0.0,0.0,0.0,0.0,0.0,0.0,0.0,0.0,0.0,0.0,0.0,0.0,0.0,0.0,0.0,0.0,0.1295336787564767,0.5440414507772021,2.9080310880828923,10.53756476683938,11.606217616580315,3.3354922279792754,0.7253886010362697,0.20725388601036274,0.0064766839378238355,4.348735244519393,2.8916001951787567,4.368421052631579,2.8416178919353867,1.0045267892859184,4.335539377895434,2.9088151396202195,4.362600536193029,2.872728512847182,1.0062417051118404,0.4043,0.01234,0.0,0.0,0.0,0.0,0.0,0.0,0.0,0.0,0.0,0.0,0.051813471502590684,10.984455958549207,18.646373056994822,0.31735751295336795,0.0,0.0,0.0,0.0,0.0,0.0,0.0,0.0,0.0,0.0,0.0,0.0,0.0,0.0,0.0,0.0,nan,nan,4.348984348984349,2.890973954169157,nan,0.4043,0.06476,0.0,0.0,0.0,0.0,0.0,0.0,0.0,0.0,0.0,0.0,0.0,0.0,0.0,0.0,0.0,0.0,0.0,0.0,1.079447322970639e-05,0.0009930915371329878,0.0,0.0019537996545768567,0.0006152849740932643,0.007253886010362694,0.0030764248704663213,0.0018134715025906736,0.012359671848013816,0.00981217616580311,0.006293177892918825,0.004997841105354059,0.012305699481865285,0.01994818652849741,0.03367875647668394,0.020120898100172712,0.04023100172711572,0.04102979274611399,0.058862262521588944,0.048197322970639035,0.06138816925734024,0.06723877374784111,0.05577504317789292,0.07843264248704664,0.03144430051813472,0.05972582037996546,0.07073618307426598,0.03873056994818653,0.04883419689119171,0.030267702936096718,0.017519430051813473,0.017487046632124352,0.03271804835924007,0.014604922279792746,0.02697538860103627,0.008106649395509499,0.011938687392055268,0.00018350604490500864,0.0011118307426597582,0.0008095854922279792,0.0024179620034542313,0.0,0.0,0.0,0.0,0.0,0.0,0.0,0.0,0.0,0.0,0.0,0.0,0.0,0.0,0.0,0.0,0.0,0.0,0.0,0.0,0.0,0.0,0.0,0.0,0.0,0.0,0.0,0.0,0.0,0.0,0.0,0.0,0.0,0.0,0.0,0.0,0.0,0.0,0.0,0.0,0.0,0.0,nan,nan,4.348984348984349,2.890973954169157,nan,0.8347016731194691,0.03292038785082449,0.0,0.0,0.0,0.0,0.0,0.0,0.0,0.0,0.0,0.0,0.0,0.0,0.0,0.0,0.0,0.0,0.0,0.0,0.0,0.0,0.0,0.13906447534766123,0.5436156763590393,3.0594184576485364,10.72060682680152,11.175726927939321,3.5271807838179527,0.6321112515802783,0.1896333754740835,0.012642225031605565,0.8358978864206261,0.03278238676478905,0.0,0.0,0.0,0.0,0.0,0.0,0.0,0.0,0.0,0.0,0.0,0.0,0.0,0.0,0.0,0.0,0.0,0.0,0.0,0.0,0.0,0.11952191235059763,0.5444887118193892,2.7490039840637364,10.345285524568395,12.058432934926962,3.134130146082338,0.8233731739707837,0.22576361221779553,0.0,0.4043,0.01232,0.0,0.0,0.0,0.0,0.0,0.0,0.0,0.0,0.0,0.0,0.05056890012642226,11.01137800252843,18.67256637168142,0.26548672566371684,0.0,0.0,0.0,0.0,0.0,0.0,0.0,0.0,0.0,0.0,0.0,0.0,0.0,0.0,0.0,0.0,0.404,0.01234,0.0,0.0,0.0,0.0,0.0,0.0,0.0,0.0,0.0,0.0,0.05312084993359895,10.956175298804764,18.618857901726432,0.3718459495351927,0.0,0.0,0.0,0.0,0.0,0.0,0.0,0.0,0.0,0.0,0.0,0.0,0.0,0.0,0.0,0.0
82300,4702,2382,0.5065929391748192,1090,985,0.44130157379838364,1362,0.5793279455550829,0.41,2.9823275862068965,3.119479636579169,6.704510108864697,2.0971197461471007,8366.38128455976,506.6559487824369,7853.0,8866.4,8866.4,0.0,7853.0,0.0,28.03700552956189,21.224847806431487,33.18008150789608,19.458144287340406,0.14291790727350065,0.10506167588260315,0.0880476393024245,0.08379413015737984,0.08443215652913653,0.07316035729476818,0.06507868991918332,0.05997447894512973,0.05763504891535517,0.05316886431305827,0.045725223309230116,0.040408336877924285,0.031901318587834966,0.030837941301573798,0.017439387494683115,0.011909825606125054,0.008507018290089324,0.8376378576991813,0.03345408366635811,0.0,0.0,0.0,0.0,0.0,0.0,0.0,0.0,0.0,0.0,0.0,0.0,0.0,0.0,0.0,0.0,0.0,0.0,0.0,0.006380263717566994,0.025521054870267977,0.07656316461080392,0.5359421522756275,2.584006805614624,9.93407060825181,12.071458953636753,3.7196937473415574,0.8039132284134413,0.17864738409187583,0.06380263717566995,4.291944074567244,2.862411073319942,3.8076923076923075,2.703547964736919,0.8871719299082984,4.235019973368842,2.86375461802349,4.339659685863874,2.858201735650092,1.024708198108401,0.4038,0.01222,0.0,0.0,0.0,0.0,0.0,0.0,0.0,0.0,0.0,0.0,0.04466184602296896,11.229264142917891,18.617609527860488,0.1084644831986389,0.0,0.0,0.0,0.0,0.0,0.0,0.0,0.0,0.0,0.0,0.0,0.0,0.0,0.0,0.0,0.0,nan,nan,4.2877887788778875,2.861434025354812,nan,0.4038,0.0655,0.0,0.0,0.0,0.0,0.0,0.0,0.0,0.0,0.0,0.0,0.0,0.0,0.0,0.0,0.0,0.0,0.0,0.0,3.1901318587834965e-05,0.0010740110591237772,0.0,0.002307528711186729,0.0007337303275202041,0.00719906422798809,0.0026052743513398555,0.0023606975754997873,0.011739685240323266,0.010952786048490004,0.0076775840068056145,0.005253083794130157,0.012824330072309655,0.01921522756273926,0.03598468736707784,0.020842194810718844,0.040652913653764354,0.04273713313483624,0.058645257337303275,0.045725223309230116,0.06054870267971076,0.07058698426201616,0.054657592513823905,0.07274564015312633,0.03045512547851978,0.06083581454700127,0.06896001701403658,0.036176095278604846,0.049287537218205016,0.03142279880901744,0.016120799659719267,0.017492556358996172,0.03352828583581455,0.015695448745214804,0.027520204168438964,0.00867715865589111,0.012717992343683539,0.000308379413015738,0.0006805614632071459,0.0010846448319863887,0.0019247128881327094,1.0633772862611655e-05,0.0,0.0,0.0,0.0,0.0,0.0,0.0,0.0,0.0,0.0,0.0,0.0,0.0,0.0,0.0,0.0,0.0,0.0,0.0,0.0,0.0,0.0,0.0,0.0,0.0,0.0,0.0,0.0,0.0,0.0,0.0,0.0,0.0,0.0,0.0,0.0,0.0,0.0,0.0,0.0,0.0,nan,nan,4.2877887788778875,2.861434025354812,nan,0.8374793763975452,0.0330111555576665,0.0,0.0,0.0,0.0,0.0,0.0,0.0,0.0,0.0,0.0,0.0,0.0,0.0,0.0,0.0,0.0,0.0,0.0,0.0,0.012594458438287156,0.025188916876574312,0.037783375314861464,0.5163727959697734,2.5944584382871456,10.062972292191438,12.216624685138543,3.4508816120906807,0.8690176322418138,0.1763224181360202,0.037783375314861464,0.8378005742769817,0.03390205765082262,0.0,0.0,0.0,0.0,0.0,0.0,0.0,0.0,0.0,0.0,0.0,0.0,0.0,0.0,0.0,0.0,0.0,0.0,0.0,0.0,0.025862068965517248,0.11637931034482761,0.5560344827586208,2.5732758620689578,9.801724137931036,11.922413793103452,3.9956896551724146,0.7370689655172415,0.18103448275862075,0.09051724137931037,0.4038,0.012314,0.0,0.0,0.0,0.0,0.0,0.0,0.0,0.0,0.0,0.0,0.037783375314861464,11.12090680100754,18.727959697733002,0.1133501259445844,0.0,0.0,0.0,0.0,0.0,0.0,0.0,0.0,0.0,0.0,0.0,0.0,0.0,0.0,0.0,0.0,0.4036,0.012115,0.0,0.0,0.0,0.0,0.0,0.0,0.0,0.0,0.0,0.0,0.051724137931034496,11.340517241379295,18.50431034482759,0.10344827586206899,0.0,0.0,0.0,0.0,0.0,0.0,0.0,0.0,0.0,0.0,0.0,0.0,0.0,0.0,0.0,0.0
82400,4689,2456,0.5237790573683088,1170,933,0.4484964811260397,1312,0.5596075922371507,0.41,2.998656515897895,3.1031668358152418,6.5,2.171742023039142,8383.797696737045,506.12665510914286,7853.0,8866.4,8866.4,0.0,7853.0,0.0,28.343570057581573,20.944948653463747,33.24152756702074,19.146893373091626,0.13712945190872255,0.09874173597782043,0.09170398805715504,0.0838131797824696,0.07933461292386436,0.07592237150778418,0.06525911708253358,0.06419279164000853,0.06269993602047345,0.057368308807848156,0.048411175090637665,0.03902751119641715,0.035188739603326934,0.02495201535508637,0.018554062699936022,0.010449989336745574,0.0072510130091703985,0.8373142381699819,0.03366911492076476,0.0,0.0,0.0,0.0,0.0,0.0,0.0,0.0,0.0,0.0,0.0,0.0,0.0,0.0,0.0,0.0,0.0,0.0,0.0,0.0,0.025591810620601414,0.13435700575815743,0.48624440179142686,2.661548304542538,10.185540626999362,11.708253358925147,3.7044145873320544,0.8573256557901473,0.1663467690339092,0.07037747920665388,4.248761149653122,2.897641685702686,4.466666666666667,3.4518915909332315,1.0512868361713708,4.202225130890052,2.9314275191621952,4.3017015706806285,2.8745493131744806,1.0236723251829936,0.405,0.01237,0.0,0.0,0.0,0.0,0.0,0.0,0.0,0.0,0.0,0.0,0.038387715930902115,10.339091490722954,19.309021113243766,0.3134996801023673,0.0,0.0,0.0,0.0,0.0,0.0,0.0,0.0,0.0,0.0,0.0,0.0,0.0,0.0,0.0,0.0,nan,nan,4.250899574746484,2.9036743682485304,nan,0.405,0.06555,0.0,0.0,0.0,0.0,0.0,0.0,0.0,0.0,0.0,0.0,0.0,0.0,0.0,0.0,0.0,0.0,0.0,0.0,5.331627212625293e-05,0.0007570910641927916,0.0,0.0022819364470036256,0.001034335679249307,0.0068991256131371295,0.0022392834293026233,0.001983365323096609,0.011239070164214118,0.010631264661974834,0.008413307741522713,0.00472382171038601,0.013329068031563232,0.01813819577735125,0.03598848368522073,0.020825335892514396,0.03700149285561954,0.04315419065898912,0.05807208359991469,0.04387929195990616,0.05965024525485178,0.06986564299424185,0.05633397312859885,0.07169972275538494,0.029323949669439114,0.060492642354446576,0.07043079547878012,0.03587118788654297,0.051482192365109834,0.03426103646833013,0.01725314566005545,0.01874600127959053,0.03373853700149285,0.015120494775005332,0.02853486884197057,0.008242695670718704,0.01383024098955001,0.00027724461505651527,0.0005118362124120282,0.0012262742589038175,0.002452548517807635,1.0663254425250586e-05,0.0,0.0,0.0,0.0,0.0,0.0,0.0,0.0,0.0,0.0,0.0,0.0,0.0,0.0,0.0,0.0,0.0,0.0,0.0,0.0,0.0,0.0,0.0,0.0,0.0,0.0,0.0,0.0,0.0,0.0,0.0,0.0,0.0,0.0,0.0,0.0,0.0,0.0,0.0,0.0,0.0,nan,nan,4.250899574746484,2.9036743682485304,nan,0.8374511362918037,0.03369620698977363,0.0,0.0,0.0,0.0,0.0,0.0,0.0,0.0,0.0,0.0,0.0,0.0,0.0,0.0,0.0,0.0,0.0,0.0,0.0,0.0,0.012214983713355053,0.13436482084690557,0.5863192182410424,2.589576547231262,10.040716612377853,11.70195439739414,3.8965798045602615,0.8184039087947884,0.13436482084690557,0.08550488599348537,0.8371636686280229,0.03363864872914643,0.0,0.0,0.0,0.0,0.0,0.0,0.0,0.0,0.0,0.0,0.0,0.0,0.0,0.0,0.0,0.0,0.0,0.0,0.0,0.0,0.040304523063143756,0.1343484102104792,0.37617554858934177,2.7407075682937667,10.344827586206899,11.715181370353788,3.4930586654724594,0.9001343484102107,0.20152261531571883,0.053739364084191686,0.4055,0.01227,0.0,0.0,0.0,0.0,0.0,0.0,0.0,0.0,0.0,0.0,0.03664495114006515,9.869706840390865,19.776058631921828,0.31758957654723136,0.0,0.0,0.0,0.0,0.0,0.0,0.0,0.0,0.0,0.0,0.0,0.0,0.0,0.0,0.0,0.0,0.4045,0.01245,0.0,0.0,0.0,0.0,0.0,0.0,0.0,0.0,0.0,0.0,0.040304523063143756,10.855351545006702,18.79534258844604,0.30900134348410213,0.0,0.0,0.0,0.0,0.0,0.0,0.0,0.0,0.0,0.0,0.0,0.0,0.0,0.0,0.0,0.0
82500,4755,2519,0.5297581493165089,1172,966,0.4496319663512093,1336,0.5619348054679285,0.40199999999999997,3.041144901610018,3.0861377600770625,6.60731319554849,2.0787387484389397,8389.85690851735,505.8017901003079,7853.0,8866.4,8866.4,0.0,7853.0,0.0,27.99284963196635,20.778000159249398,32.91170585292647,18.997062989910887,0.13859095688748685,0.10199789695057834,0.08874868559411146,0.08643533123028391,0.07991587802313355,0.07381703470031546,0.07213459516298633,0.06666666666666667,0.061619348054679286,0.05131440588853838,0.04416403785488959,0.03869610935856992,0.03449001051524711,0.02754994742376446,0.01871713985278654,0.010304942166140904,0.00483701366982124,0.8367030999888632,0.033211020955449796,0.0,0.0,0.0,0.0,0.0,0.0,0.0,0.0,0.0,0.0,0.0,0.0,0.0,0.0,0.0,0.0,0.0,0.0,0.0,0.006309148264984229,0.03154574132492114,0.05678233438485806,0.5678233438485806,2.8391167192428934,10.075709779179812,11.747634069400634,3.735015772870663,0.744479495268139,0.1577287066246057,0.03785488958990537,4.2705456936226165,2.8384245297976824,3.52,2.193080025899648,0.8242506350550381,4.312214239059438,2.878869797120352,4.213029315960912,2.785881039908503,0.976999073422623,0.4045,0.01246,0.0,0.0,0.0,0.0,0.0,0.0,0.0,0.0,0.0,0.0,0.05678233438485806,10.605678233438471,19.05362776025237,0.2839116719242903,0.0,0.0,0.0,0.0,0.0,0.0,0.0,0.0,0.0,0.0,0.0,0.0,0.0,0.0,0.0,0.0,nan,nan,4.264427779589175,2.8345617802514615,nan,0.4045,0.0654,0.0,0.0,0.0,0.0,0.0,0.0,0.0,0.0,0.0,0.0,0.0,0.0,0.0,0.0,0.0,0.0,0.0,0.0,8.412197686645637e-05,0.0006098843322818086,2.1030494216614092e-05,0.002103049421661409,0.0010094637223974764,0.007360672975814932,0.002523659305993691,0.0021976866456361725,0.01202944269190326,0.010599369085173501,0.008696109358569926,0.004016824395373291,0.012460567823343848,0.0177602523659306,0.03662460567823344,0.02138801261829653,0.03804416403785489,0.04380651945320715,0.05812828601472134,0.04161934805467928,0.05875920084121977,0.07193480546792849,0.057455310199789694,0.07234490010515247,0.028023133543638275,0.0631230283911672,0.06922187171398528,0.03504731861198738,0.05156677181913775,0.032975814931650894,0.01815983175604627,0.017560462670872766,0.035278654048370134,0.015026288117770768,0.02723449001051525,0.00779179810725552,0.013796004206098843,0.0002733964248159832,0.00019978969505783385,0.001167192429022082,0.0019663512092534174,0.0,1.0515247108307046e-05,0.0,0.0,0.0,0.0,0.0,0.0,0.0,0.0,0.0,0.0,0.0,0.0,0.0,0.0,0.0,0.0,0.0,0.0,0.0,0.0,0.0,0.0,0.0,0.0,0.0,0.0,0.0,0.0,0.0,0.0,0.0,0.0,0.0,0.0,0.0,0.0,0.0,0.0,0.0,0.0,nan,nan,4.264427779589175,2.8345617802514615,nan,0.8367809551298832,0.033791176179925005,0.0,0.0,0.0,0.0,0.0,0.0,0.0,0.0,0.0,0.0,0.0,0.0,0.0,0.0,0.0,0.0,0.0,0.0,0.0,0.011909487892020646,0.023818975784041293,0.047637951568082586,0.571655418816991,2.9654624851131306,10.015879317189365,11.528384279475985,3.834855101230648,0.774116712981342,0.1786423183803097,0.047637951568082586,0.8366153910889396,0.03254482926302442,0.0,0.0,0.0,0.0,0.0,0.0,0.0,0.0,0.0,0.0,0.0,0.0,0.0,0.0,0.0,0.0,0.0,0.0,0.0,0.0,0.04025044722719142,0.0670840787119857,0.5635062611806799,2.696779964221816,10.143112701252237,11.994633273703045,3.622540250447228,0.7110912343470485,0.1341681574239714,0.02683363148479428,0.4045,0.01254,0.0,0.0,0.0,0.0,0.0,0.0,0.0,0.0,0.0,0.0,0.07145692735212388,10.539896784438254,19.078999603017074,0.3096466851925368,0.0,0.0,0.0,0.0,0.0,0.0,0.0,0.0,0.0,0.0,0.0,0.0,0.0,0.0,0.0,0.0,0.4045,0.01236,0.0,0.0,0.0,0.0,0.0,0.0,0.0,0.0,0.0,0.0,0.04025044722719142,10.679785330948107,19.025044722719144,0.2549194991055457,0.0,0.0,0.0,0.0,0.0,0.0,0.0,0.0,0.0,0.0,0.0,0.0,0.0,0.0,0.0,0.0
82600,4534,2344,0.5169827966475519,1099,938,0.4492721658579621,1264,0.5575650639611822,0.434,3.049771689497717,3.2160822252207986,6.6792763157894735,2.355166102638624,8376.910366122627,506.4076355051579,7853.0,8866.4,8866.4,0.0,7853.0,0.0,27.374062637847377,20.62621099499838,32.246254927726675,18.939826279112886,0.141155712395236,0.105866784296427,0.09197176885752095,0.08932509925011028,0.07940008822232025,0.07697397441552713,0.07520952801058668,0.05955006616674018,0.05866784296426996,0.052712836347595944,0.043228936921041024,0.03771504190560212,0.032642258491398325,0.022055580061755623,0.018967798853109837,0.007278341420379356,0.007278341420379356,0.8351934184494868,0.03269841960822909,0.0,0.0,0.0,0.0,0.0,0.0,0.0,0.0,0.0,0.0,0.0,0.0,0.0,0.0,0.0,0.0,0.0,0.0,0.006616674018526689,0.006616674018526689,0.019850022055580063,0.07940008822232025,0.5293339214821351,2.9047198941332066,10.540361711513015,11.718129686810766,3.3480370533745045,0.7146007940008824,0.11248345831495371,0.019850022055580063,4.324333800841515,2.956735199751945,4.2368421052631575,3.05591928219313,0.979767589735711,4.3653715064758005,2.9862398441236904,4.279690794096978,2.92812506884489,0.9803726413085989,0.4048,0.01216,0.0,0.0,0.0,0.0,0.0,0.0,0.0,0.0,0.0,0.0,0.026466696074106757,10.394794883105412,19.38023820026467,0.19850022055580066,0.0,0.0,0.0,0.0,0.0,0.0,0.0,0.0,0.0,0.0,0.0,0.0,0.0,0.0,0.0,0.0,nan,nan,4.32318339100346,2.958077716365194,nan,0.4048,0.06506,0.0,0.0,0.0,0.0,0.0,0.0,0.0,0.0,0.0,0.0,0.0,0.0,0.0,0.0,0.0,0.0,0.0,0.0,7.719453021614468e-05,0.0005734450816056462,6.616674018526687e-05,0.0020291133656815175,0.0009483899426554919,0.0071570357300397,0.001996029995588884,0.0021614468460520514,0.013222320247022497,0.009748566387295985,0.007940008822232024,0.003826643140714601,0.012858403176003529,0.018515659461843848,0.03437362152624614,0.02292677547419497,0.03664534627260697,0.04250110277900309,0.059494927216585794,0.039655932951036615,0.060266872518747246,0.06971768857520953,0.05801720335244817,0.07546316718129686,0.027955447728275254,0.06095059550066167,0.07042346713718571,0.03629245699161888,0.0527348919276577,0.03346934274371416,0.01860388178209087,0.018173797970886633,0.03555359505955007,0.015041905602117336,0.02691883546537274,0.008193647992942215,0.012185707984119982,4.411116012351125e-05,0.000176444640494045,0.001179973533303926,0.0019188354653727393,0.0,0.0,0.0,0.0,0.0,0.0,0.0,0.0,0.0,0.0,0.0,0.0,0.0,0.0,0.0,0.0,0.0,0.0,0.0,0.0,0.0,0.0,0.0,0.0,0.0,0.0,0.0,0.0,0.0,0.0,0.0,0.0,0.0,0.0,0.0,0.0,0.0,0.0,0.0,0.0,0.0,0.0,nan,nan,4.32318339100346,2.958077716365194,nan,0.8338860209281127,0.03325600267889641,0.0,0.0,0.0,0.0,0.0,0.0,0.0,0.0,0.0,0.0,0.0,0.0,0.0,0.0,0.0,0.0,0.0,0.0,0.012798634812286692,0.012798634812286692,0.025597269624573385,0.10238907849829354,0.5631399317406144,3.1228668941979425,10.750853242320822,11.301194539249149,3.3404436860068265,0.6527303754266213,0.10238907849829354,0.012798634812286692,0.8365927516869759,0.03203182710707427,0.0,0.0,0.0,0.0,0.0,0.0,0.0,0.0,0.0,0.0,0.0,0.0,0.0,0.0,0.0,0.0,0.0,0.0,0.0,0.0,0.013698630136986304,0.054794520547945216,0.49315068493150693,2.6712328767123203,10.315068493150687,12.16438356164384,3.356164383561645,0.7808219178082194,0.12328767123287673,0.027397260273972608,0.4045,0.01203,0.0,0.0,0.0,0.0,0.0,0.0,0.0,0.0,0.0,0.0,0.012798634812286692,10.622866894197937,19.172354948805463,0.1919795221843004,0.0,0.0,0.0,0.0,0.0,0.0,0.0,0.0,0.0,0.0,0.0,0.0,0.0,0.0,0.0,0.0,0.405,0.0123,0.0,0.0,0.0,0.0,0.0,0.0,0.0,0.0,0.0,0.0,0.04109589041095891,10.150684931506834,19.6027397260274,0.20547945205479456,0.0,0.0,0.0,0.0,0.0,0.0,0.0,0.0,0.0,0.0,0.0,0.0,0.0,0.0,0.0,0.0
82700,4903,2532,0.5164185192739139,1200,1029,0.4546196206404242,1401,0.5714868447889048,0.40199999999999997,2.991142977646563,3.0975163179139136,6.584496124031007,2.1547297754065906,8376.338527432184,506.42674633641565,7853.0,8866.4,8866.4,0.0,7853.0,0.0,28.086681623495817,20.913144394524895,32.925997581620315,19.19591196944202,0.13624311645931061,0.09973485621048338,0.0930042830919845,0.08851723434631859,0.08035896389965327,0.07036508260248828,0.07016112584132164,0.07158882316948807,0.057311849887823785,0.048541709157658576,0.049153579441158474,0.03895574138282684,0.03324495207016113,0.024882724862329186,0.018560065266163574,0.012033448908831328,0.007342443401998776,0.8361133156979106,0.0341508920269382,0.0,0.0,0.0,0.0,0.0,0.0,0.0,0.0,0.0,0.0,0.0,0.0,0.0,0.0,0.0,0.0,0.0,0.0,0.0,0.0,0.030593514174994906,0.1346114623699776,0.6179889863348971,2.936977360799501,10.04079135223333,11.558229655313077,3.6773404038343878,0.8015500713848666,0.18967978788496842,0.012237405669997963,4.321667196945594,2.933877000682644,4.105263157894737,2.6136229511442393,0.9499257973395537,4.4144654088050315,2.9317034453659776,4.225786163522012,2.9256986229380124,0.9572588687847271,0.4048,0.01199,0.0,0.0,0.0,0.0,0.0,0.0,0.0,0.0,0.0,0.0,0.030593514174994906,10.34672649398326,19.40240668978177,0.22027330205996334,0.0,0.0,0.0,0.0,0.0,0.0,0.0,0.0,0.0,0.0,0.0,0.0,0.0,0.0,0.0,0.0,nan,nan,4.319082049669915,2.930352156259296,nan,0.4048,0.06476,0.0,0.0,0.0,0.0,0.0,0.0,0.0,0.0,0.0,0.0,0.0,0.0,0.0,0.0,0.0,0.0,0.0,0.0,8.158270446665307e-05,0.0003365286559249439,2.0395676116663267e-05,0.0016010605751580664,0.0008056292066081991,0.006506220681215582,0.0017642259840913725,0.0020191719355496635,0.012849275953497859,0.010432388333673262,0.00986130940240669,0.0035998368345910668,0.0127982867632062,0.018927187436263513,0.03442790128492759,0.023251070772996124,0.03595757699367734,0.04067917601468489,0.05823985315113196,0.03976137058943504,0.06298184784825617,0.07331225780134612,0.05830104017948195,0.07458698755863757,0.028431572506628595,0.05972873750764838,0.06969202529063838,0.03792575973893535,0.05263104221904956,0.03276565368141954,0.017683051193147052,0.01771364470732205,0.03336732612686111,0.014327962471955946,0.027258821129920455,0.009310626147256782,0.012522945135631246,8.158270446665307e-05,0.00030593514174994904,0.0014276973281664286,0.0017132367937997145,0.0,0.0,1.0197838058331634e-05,0.0,0.0,0.0,0.0,0.0,0.0,0.0,0.0,0.0,0.0,0.0,0.0,0.0,0.0,0.0,0.0,0.0,0.0,0.0,0.0,0.0,0.0,0.0,0.0,0.0,0.0,0.0,0.0,0.0,0.0,0.0,0.0,0.0,0.0,0.0,0.0,0.0,0.0,0.0,nan,nan,4.319082049669915,2.930352156259296,nan,0.8357210798427392,0.034102087023761135,0.0,0.0,0.0,0.0,0.0,0.0,0.0,0.0,0.0,0.0,0.0,0.0,0.0,0.0,0.0,0.0,0.0,0.0,0.0,0.0,0.05924170616113745,0.09478672985781993,0.6516587677725121,2.9028436018957255,10.165876777251187,11.516587677725122,3.6848341232227497,0.7582938388625594,0.15402843601895738,0.01184834123222749,0.8365321858730662,0.03419796716988629,0.0,0.0,0.0,0.0,0.0,0.0,0.0,0.0,0.0,0.0,0.0,0.0,0.0,0.0,0.0,0.0,0.0,0.0,0.0,0.0,0.0,0.1771404470687474,0.5820328975115986,2.9734289329396786,9.907212146773515,11.602699283002956,3.669337832138339,0.8477435681147197,0.2277520033741038,0.0126528890763391,0.405,0.01179,0.0,0.0,0.0,0.0,0.0,0.0,0.0,0.0,0.0,0.0,0.01184834123222749,10.082938388625578,19.69194312796209,0.21327014218009482,0.0,0.0,0.0,0.0,0.0,0.0,0.0,0.0,0.0,0.0,0.0,0.0,0.0,0.0,0.0,0.0,0.4045,0.01219,0.0,0.0,0.0,0.0,0.0,0.0,0.0,0.0,0.0,0.0,0.0506115563053564,10.628426824124826,19.0932096161957,0.2277520033741038,0.0,0.0,0.0,0.0,0.0,0.0,0.0,0.0,0.0,0.0,0.0,0.0,0.0,0.0,0.0,0.0
82800,4853,2492,0.51349680609932,1223,968,0.45147331547496394,1375,0.5666597980630538,0.38199999999999995,2.980940279542567,2.9992334410014005,6.191836734693878,2.0858939976093724,8373.377663301051,506.5153615899748,7853.0,8866.4,8866.4,0.0,7853.0,0.0,28.772717906449618,20.9988485346146,33.72838299951148,19.107095147533727,0.13579229342674634,0.091901916340408,0.091901916340408,0.0795384298372141,0.08386565011333195,0.07356274469400371,0.06696888522563363,0.0653204203585411,0.06408407170822172,0.05481145683082629,0.05316299196373377,0.03873892437667422,0.036060168967648874,0.027817844632186277,0.01730888110447146,0.013393777045126726,0.00576962703482382,0.8376512385731305,0.03443876287678895,0.0,0.0,0.0,0.0,0.0,0.0,0.0,0.0,0.0,0.0,0.0,0.0,0.0,0.0,0.0,0.0,0.0,0.0,0.0,0.0,0.030908716257984758,0.09890789202555123,0.389449824850608,2.7632392334638283,10.329692973418506,11.658767772511851,3.5235936534102623,0.8159901092107976,0.24726973006387806,0.14218009478672988,4.147411616161616,2.764434042077397,4.285714285714286,1.9430672155336348,1.0333467430658998,4.12266500622665,2.775856031650714,4.173694147262429,2.740744527217211,1.0123777073710107,0.405,0.01217,0.0,0.0,0.0,0.0,0.0,0.0,0.0,0.0,0.0,0.0,0.0,10.181331135380162,19.552853904801157,0.2658149598186689,0.0,0.0,0.0,0.0,0.0,0.0,0.0,0.0,0.0,0.0,0.0,0.0,0.0,0.0,0.0,0.0,nan,nan,4.1486232790988735,2.758330421723078,nan,0.405,0.06494,0.0,0.0,0.0,0.0,0.0,0.0,0.0,0.0,0.0,0.0,0.0,0.0,0.0,0.0,0.0,0.0,0.0,0.0,2.0605810838656502e-05,0.000370904595095817,0.0,0.0016175561508345354,0.0006078714197403668,0.0063156810220482175,0.0014630125695446116,0.0022769420976715433,0.013517411910158665,0.011003502987842572,0.009210797444879456,0.003451473315474964,0.01359983515351329,0.0192561302287245,0.03481351741191016,0.02091489800123635,0.03378322686997733,0.04188131052956934,0.058798681228106324,0.03920255512054399,0.06468164022254276,0.07301669070677931,0.05654234494127344,0.07267669482794148,0.0266227076035442,0.06280651143622501,0.0706058108386565,0.03717288275293633,0.05292602513908922,0.033824438491654646,0.018421594889758912,0.01742221306408407,0.033185658355656296,0.014444673397898207,0.028065114362250156,0.009231403255718112,0.012085308056872038,0.00021636101380589326,0.0003915104059344735,0.0018236142592211004,0.0016278590562538635,0.0001030290541932825,0.0,0.0,0.0,0.0,0.0,0.0,0.0,0.0,0.0,0.0,0.0,0.0,0.0,0.0,0.0,0.0,0.0,0.0,0.0,0.0,0.0,0.0,0.0,0.0,0.0,0.0,0.0,0.0,0.0,0.0,0.0,0.0,0.0,0.0,0.0,0.0,0.0,0.0,0.0,0.0,0.0,nan,nan,4.1486232790988735,2.758330421723078,nan,0.8377346494272471,0.03369885349168992,0.0,0.0,0.0,0.0,0.0,0.0,0.0,0.0,0.0,0.0,0.0,0.0,0.0,0.0,0.0,0.0,0.0,0.0,0.0,0.0,0.024077046548956666,0.08426966292134834,0.37319422150882836,2.5040128410914853,10.642054574638847,11.857945425361159,3.358747993579455,0.79454253611557,0.21669341894061,0.14446227929374,0.8375631996707763,0.03520264574213412,0.0,0.0,0.0,0.0,0.0,0.0,0.0,0.0,0.0,0.0,0.0,0.0,0.0,0.0,0.0,0.0,0.0,0.0,0.0,0.0,0.03811944091486659,0.11435832274459977,0.406607369758577,3.0368487928843613,10.000000000000002,11.448538754764932,3.697585768742059,0.838627700127065,0.27954256670902167,0.13977128335451083,0.405,0.01215,0.0,0.0,0.0,0.0,0.0,0.0,0.0,0.0,0.0,0.0,0.0,10.268860353130002,19.49036918138042,0.24077046548956665,0.0,0.0,0.0,0.0,0.0,0.0,0.0,0.0,0.0,0.0,0.0,0.0,0.0,0.0,0.0,0.0,0.4053,0.01218,0.0,0.0,0.0,0.0,0.0,0.0,0.0,0.0,0.0,0.0,0.0,10.088945362134675,19.618805590851338,0.2922490470139772,0.0,0.0,0.0,0.0,0.0,0.0,0.0,0.0,0.0,0.0,0.0,0.0,0.0,0.0,0.0,0.0
82900,4738,2404,0.5073870831574504,1125,977,0.44364710848459266,1356,0.5723934149430139,0.39399999999999996,2.9335904027420736,3.065879512656845,6.470588235294118,2.15995938407579,8367.18607007176,506.64469675985015,7853.0,8866.4,8866.399999999998,1.8189894035458565e-12,7853.0,0.0,28.01857323765302,20.958573209003834,33.24151039026863,19.06838628327178,0.14563106796116504,0.09518784297171802,0.08758970029548332,0.08801181933305192,0.0821021528070916,0.07661460531869987,0.06542845082313212,0.06627268889826932,0.05783030814689742,0.05382017728999578,0.04432249894470241,0.040523427606585054,0.03524693963697763,0.026171380329252848,0.018995356690586745,0.009497678345293373,0.006753904601097509,0.8386688417098149,0.03317382722714821,0.0,0.0,0.0,0.0,0.0,0.0,0.0,0.0,0.0,0.0,0.0,0.0,0.0,0.0,0.0,0.0,0.0,0.0,0.0,0.0,0.0,0.05698607007176025,0.48121570282819764,2.602363866610376,9.801604052342762,11.827775432672016,4.128324187420853,0.8737864077669905,0.18362178134233859,0.044322498944702415,4.267892317793828,2.878213033374917,3.8636363636363638,2.5458603572618994,0.9052797202797203,4.1879455605962415,2.8407158859924846,4.342950819672131,2.9095249706710447,1.0370122430755335,0.405,0.012375,0.0,0.0,0.0,0.0,0.0,0.0,0.0,0.0,0.0,0.0,0.025327142254115666,10.187842971718009,19.495567750105533,0.29126213592233013,0.0,0.0,0.0,0.0,0.0,0.0,0.0,0.0,0.0,0.0,0.0,0.0,0.0,0.0,0.0,0.0,nan,nan,4.264993481095176,2.8761687891147334,nan,0.405,0.065,0.0,0.0,0.0,0.0,0.0,0.0,0.0,0.0,0.0,0.0,0.0,0.0,0.0,0.0,0.0,0.0,0.0,0.0,1.0552975939214859e-05,0.00034824820599409033,1.0552975939214859e-05,0.0018467707893626002,0.0007281553398058253,0.005867454622203462,0.0015512874630645842,0.0028493035035880116,0.014858590122414521,0.009824820599409033,0.009392148585901225,0.0035985647952722667,0.013022372308991136,0.01966019417475728,0.03412832418742085,0.02042000844238075,0.03431827775432672,0.04170536091177712,0.05818910932883073,0.03637610806247362,0.06966019417475729,0.07298438159560997,0.05434782608695652,0.07245673279864923,0.027047277332207683,0.06364499788940481,0.07349092444069227,0.03555297593921486,0.05031658927817645,0.03470873786407767,0.019227522161249472,0.01718024482904179,0.03184888138455044,0.016040523427606587,0.02700506542845082,0.010521317011397214,0.010943436048965808,0.00020050654284508232,0.00036935415787252003,0.0019734065006331786,0.0015196285352469397,0.0002532714225411566,0.0,0.0,0.0,0.0,0.0,0.0,0.0,0.0,0.0,0.0,0.0,0.0,0.0,0.0,0.0,0.0,0.0,0.0,0.0,0.0,0.0,0.0,0.0,0.0,0.0,0.0,0.0,0.0,0.0,0.0,0.0,0.0,0.0,0.0,0.0,0.0,0.0,0.0,0.0,0.0,0.0,nan,nan,4.264993481095176,2.8761687891147334,nan,0.8383666949591502,0.03295445721892738,0.0,0.0,0.0,0.0,0.0,0.0,0.0,0.0,0.0,0.0,0.0,0.0,0.0,0.0,0.0,0.0,0.0,0.0,0.0,0.0,0.0,0.07487520798668887,0.461730449251248,2.595673876871872,9.796173044925126,11.98003327787022,4.055740432612313,0.8111480865224627,0.17470881863560736,0.049916805324459246,0.83898005027391,0.03339541235461975,0.0,0.0,0.0,0.0,0.0,0.0,0.0,0.0,0.0,0.0,0.0,0.0,0.0,0.0,0.0,0.0,0.0,0.0,0.0,0.0,0.0,0.03856041131105399,0.5012853470437019,2.6092544987146447,9.807197943444733,11.670951156812343,4.203084832904885,0.9383033419023138,0.19280205655526997,0.03856041131105399,0.405,0.01249,0.0,0.0,0.0,0.0,0.0,0.0,0.0,0.0,0.0,0.0,0.037437603993344434,10.245424292845243,19.367720465890187,0.3494176372712147,0.0,0.0,0.0,0.0,0.0,0.0,0.0,0.0,0.0,0.0,0.0,0.0,0.0,0.0,0.0,0.0,0.405,0.012245,0.0,0.0,0.0,0.0,0.0,0.0,0.0,0.0,0.0,0.0,0.012853470437017999,10.128534704370166,19.62724935732648,0.23136246786632395,0.0,0.0,0.0,0.0,0.0,0.0,0.0,0.0,0.0,0.0,0.0,0.0,0.0,0.0,0.0,0.0
83000,4670,2435,0.5214132762312634,1163,919,0.4458244111349036,1295,0.5546038543897216,0.40599999999999997,3.0733780760626397,3.10501982222853,6.494860499265785,2.1792749645562397,8381.400214132762,506.23511405926007,7853.0,8866.4,8866.399999999998,1.8189894035458565e-12,7853.0,0.0,28.92269807280514,21.296535361798515,33.864926507856055,19.45867133110046,0.13640256959314775,0.0961456102783726,0.08865096359743041,0.08522483940042827,0.0715203426124197,0.069593147751606,0.07408993576017131,0.06680942184154176,0.06338329764453962,0.052890792291220554,0.04582441113490364,0.040471092077087795,0.037687366167023555,0.033832976445396144,0.016916488222698072,0.012633832976445396,0.007922912205567453,0.8376789044899909,0.03310528228534325,0.0,0.0,0.0,0.0,0.0,0.0,0.0,0.0,0.0,0.0,0.0,0.0,0.0,0.0,0.0,0.0,0.0,0.0,0.0,0.0,0.0,0.07708779443254819,0.6038543897216275,2.768736616702347,9.59743040685225,11.858672376873665,4.149892933618845,0.78372591006424,0.13490364025695933,0.025695931477516067,4.221529373153922,2.869635957073821,4.105263157894737,2.403828894035629,0.9724587454019484,4.240704500978474,2.890497741649476,4.200913242009133,2.8431626503137424,0.99061682818028,0.4048,0.01261,0.0,0.0,0.0,0.0,0.0,0.0,0.0,0.0,0.0,0.0,0.04496788008565312,10.387580299785851,19.18843683083512,0.37901498929336197,0.0,0.0,0.0,0.0,0.0,0.0,0.0,0.0,0.0,0.0,0.0,0.0,0.0,0.0,0.0,0.0,nan,nan,4.220808871493803,2.8669969238529855,nan,0.4048,0.0653,0.0,0.0,0.0,0.0,0.0,0.0,0.0,0.0,0.0,0.0,0.0,0.0,0.0,0.0,0.0,0.0,0.0,0.0,0.0,0.00021413276231263382,0.0,0.0019379014989293361,0.0005139186295503212,0.005663811563169165,0.0011991434689507495,0.003019271948608137,0.01626338329764454,0.010620985010706638,0.008490364025695932,0.003511777301927195,0.015042826552462528,0.019154175588865098,0.03375802997858672,0.01949678800856531,0.034753747323340474,0.041349036402569594,0.05961456102783726,0.03843683083511777,0.06798715203426124,0.07288008565310493,0.0536830835117773,0.07043897216274089,0.027173447537473232,0.06338329764453962,0.07507494646680943,0.03481798715203426,0.04744111349036403,0.03419700214132762,0.019914346895074948,0.018190578158458245,0.032548179871520345,0.016766595289079228,0.025781584582441112,0.010910064239828694,0.010738758029978587,0.0003104925053533191,0.00033190578158458244,0.0020663811563169164,0.0022376873661670237,8.565310492505354e-05,0.0,0.0,0.0,0.0,0.0,0.0,0.0,0.0,0.0,0.0,0.0,0.0,0.0,0.0,0.0,0.0,0.0,0.0,0.0,0.0,0.0,0.0,0.0,0.0,0.0,0.0,0.0,0.0,0.0,0.0,0.0,0.0,0.0,0.0,0.0,0.0,0.0,0.0,0.0,0.0,0.0,nan,nan,4.220808871493803,2.8669969238529855,nan,0.8376220807647313,0.03307098294919866,0.0,0.0,0.0,0.0,0.0,0.0,0.0,0.0,0.0,0.0,0.0,0.0,0.0,0.0,0.0,0.0,0.0,0.0,0.0,0.0,0.0,0.08624229979466122,0.566735112936345,2.8459958932238103,9.511293634496921,11.987679671457908,4.053388090349077,0.8131416837782343,0.09856262833675566,0.036960985626283374,0.8377408131123656,0.03314249961714046,0.0,0.0,0.0,0.0,0.0,0.0,0.0,0.0,0.0,0.0,0.0,0.0,0.0,0.0,0.0,0.0,0.0,0.0,0.0,0.0,0.0,0.06711409395973156,0.6442953020134229,2.684563758389253,9.691275167785237,11.71812080536913,4.255033557046981,0.7516778523489935,0.17449664429530207,0.013422818791946312,0.4048,0.0126,0.0,0.0,0.0,0.0,0.0,0.0,0.0,0.0,0.0,0.0,0.036960985626283374,10.435318275153989,19.1211498973306,0.40657084188911713,0.0,0.0,0.0,0.0,0.0,0.0,0.0,0.0,0.0,0.0,0.0,0.0,0.0,0.0,0.0,0.0,0.4048,0.01263,0.0,0.0,0.0,0.0,0.0,0.0,0.0,0.0,0.0,0.0,0.05369127516778525,10.335570469798643,19.261744966442958,0.34899328859060413,0.0,0.0,0.0,0.0,0.0,0.0,0.0,0.0,0.0,0.0,0.0,0.0,0.0,0.0,0.0,0.0
83100,4343,2255,0.5192263412387751,1038,884,0.4425512318673728,1184,0.5452452221966383,0.446,3.0450191570881224,3.268461285663059,7.042933810375671,2.208687347867026,8379.183974211375,506.32525588689555,7853.0,8866.4,8866.4,0.0,7853.0,0.0,27.20653925857702,20.593260312942544,32.14899476728174,18.910844716038255,0.14390973981119043,0.10775961317061938,0.09509555606723463,0.0937140225650472,0.07322127561593368,0.07206999769744417,0.0688464195256735,0.06562284135390284,0.058024407091871975,0.04835367257655998,0.04259728298411237,0.043978816486299796,0.03407782638728989,0.023255813953488372,0.01565737969145752,0.010131245682707806,0.0036840893391664746,0.83913036056194,0.03370955262520209,0.0,0.0,0.0,0.0,0.0,0.0,0.0,0.0,0.0,0.0,0.0,0.0,0.0,0.0,0.0,0.0,0.0,0.0,0.0,0.006907667510937142,0.013815335021874283,0.06216900759843427,0.4835367257655999,2.624913654156105,9.525673497582318,12.219663826847805,3.8199401335482395,0.9463504489983884,0.22795302786092567,0.06907667510937142,4.430463576158941,3.041675065209249,5.111111111111111,2.643417167415626,1.153628965288158,4.440449438202247,3.018174129983918,4.4296930763740185,3.060107433981845,0.9975776411874688,0.404,0.01223,0.0,0.0,0.0,0.0,0.0,0.0,0.0,0.0,0.0,0.0,0.07598434262030855,10.997006677411912,18.712871287128717,0.2141376928390514,0.0,0.0,0.0,0.0,0.0,0.0,0.0,0.0,0.0,0.0,0.0,0.0,0.0,0.0,0.0,0.0,nan,nan,4.434941520467836,3.039723579706646,nan,0.404,0.0651,0.0,0.0,0.0,0.0,0.0,0.0,0.0,0.0,0.0,0.0,0.0,0.0,0.0,0.0,0.0,0.0,0.0,0.0,0.0,0.00016117890858853326,0.0,0.0012088418144139996,0.001024637347455676,0.0053764678793460745,0.001082201243380152,0.0037186276767211604,0.016705042597282983,0.011340087497121806,0.009072069997697444,0.004133087727377389,0.014448537877043519,0.018270780566428738,0.03324890628597744,0.020204927469491134,0.03354823854478471,0.04152659451991711,0.06456366566889248,0.04035229104305779,0.0705387980658531,0.07380842735436334,0.052498273083122264,0.06706193875201473,0.02797605341929542,0.06269859544093945,0.07284135390283214,0.03635735666589915,0.04454294266635966,0.03444623532120654,0.01840893391664748,0.01970987796454064,0.03166014275846189,0.019560211835137002,0.022783790006907667,0.010741422979507254,0.009532581165093253,0.0002417683628827999,0.0001726916877734285,0.0021298641492056183,0.0022449919410545706,5.7563895924476166e-05,0.0,0.0,0.0,0.0,0.0,0.0,0.0,0.0,0.0,0.0,0.0,0.0,0.0,0.0,0.0,0.0,0.0,0.0,0.0,0.0,0.0,0.0,0.0,0.0,0.0,0.0,0.0,0.0,0.0,0.0,0.0,0.0,0.0,0.0,0.0,0.0,0.0,0.0,0.0,0.0,0.0,nan,nan,4.434941520467836,3.039723579706646,nan,0.8386622834892865,0.03459365713041714,0.0,0.0,0.0,0.0,0.0,0.0,0.0,0.0,0.0,0.0,0.0,0.0,0.0,0.0,0.0,0.0,0.0,0.0,0.0,0.01330376940133038,0.02660753880266076,0.07982261640798227,0.5587583148558759,2.7405764966740493,9.392461197339248,12.146341463414638,3.778270509977828,0.9578713968957874,0.22616407982261647,0.07982261640798227,0.8396358748334121,0.032720403133394235,0.0,0.0,0.0,0.0,0.0,0.0,0.0,0.0,0.0,0.0,0.0,0.0,0.0,0.0,0.0,0.0,0.0,0.0,0.0,0.0,0.0,0.04310344827586208,0.40229885057471276,2.499999999999992,9.66954022988506,12.298850574712647,3.864942528735633,0.9339080459770117,0.22988505747126442,0.057471264367816105,0.4038,0.0122,0.0,0.0,0.0,0.0,0.0,0.0,0.0,0.0,0.0,0.0,0.07982261640798227,10.909090909090892,18.758314855875835,0.2527716186252772,0.0,0.0,0.0,0.0,0.0,0.0,0.0,0.0,0.0,0.0,0.0,0.0,0.0,0.0,0.0,0.0,0.404,0.01227,0.0,0.0,0.0,0.0,0.0,0.0,0.0,0.0,0.0,0.0,0.07183908045977012,11.09195402298849,18.663793103448278,0.17241379310344832,0.0,0.0,0.0,0.0,0.0,0.0,0.0,0.0,0.0,0.0,0.0,0.0,0.0,0.0,0.0,0.0
83200,4877,2599,0.5329095755587452,1252,988,0.45929874923108466,1390,0.5700225548492927,0.39799999999999996,3.0294117647058822,3.083205905076934,6.511144130757801,2.179250528576082,8393.050563871231,505.60125582267955,7853.0,8866.4,8866.4,0.0,7853.0,0.0,28.811769530449048,20.942480588960258,33.44409713873527,19.183192936010066,0.1279475087143736,0.09739594012712734,0.08755382407217552,0.08775886815665368,0.07894197252409269,0.07935206069304901,0.06992003280705351,0.06499897477957761,0.05515685872462579,0.056797211400451096,0.05413163830223498,0.0424441254869797,0.030961656756202584,0.030141480418289932,0.019889276194381793,0.00943202788599549,0.007176542956735698,0.8403733303880799,0.03526471454529497,0.0,0.0,0.0,0.0,0.0,0.0,0.0,0.0,0.0,0.0,0.0,0.0,0.0,0.0,0.0,0.0,0.0,0.0,0.0,0.0,0.03690793520606931,0.09842116054951817,0.5290137379536601,2.325199917982359,9.294648349395121,12.019684232109906,4.287471806438385,1.0949354111133895,0.23375025630510565,0.07996719294648352,4.253516723976243,2.9166496608962396,4.235294117647059,2.8703230350013764,0.9957158728854958,4.256378344741755,2.8935019491158585,4.250307503075031,2.9383920980570353,0.9985737072283003,0.4048,0.01208,0.0,0.0,0.0,0.0,0.0,0.0,0.0,0.0,0.0,0.0,0.03690793520606931,10.205044084478148,19.573508304285426,0.18453967603034657,0.0,0.0,0.0,0.0,0.0,0.0,0.0,0.0,0.0,0.0,0.0,0.0,0.0,0.0,0.0,0.0,nan,nan,4.2533250850603155,2.916166886307336,nan,0.4048,0.06506,0.0,0.0,0.0,0.0,0.0,0.0,0.0,0.0,0.0,0.0,0.0,0.0,0.0,0.0,0.0,0.0,0.0,0.0,0.0,0.00015378306335862212,0.0,0.001466065204018864,0.0009534549928234571,0.004418700020504408,0.0008611851548082838,0.003598523682591757,0.01654705761738774,0.00981135944228009,0.010693049005536191,0.004562230879639122,0.012589706786959197,0.019971293828173056,0.03297108878408858,0.018935821201558335,0.03472421570637687,0.03865080992413369,0.06179003485749436,0.04023990157883945,0.06907935206069304,0.07529218782038138,0.05444945663317613,0.06900758663112569,0.027814230059462784,0.06096985851958171,0.07466680336272298,0.037656346114414596,0.044340783268402705,0.03506253844576584,0.019345909370514662,0.01929464834939512,0.029505843756407628,0.018771785933975806,0.023990157883945047,0.01262046339963092,0.010180438794340784,0.00030756612671724423,9.226983801517327e-05,0.00204018864055772,0.002573303260200943,0.0,0.0,0.0,0.0,0.0,0.0,0.0,0.0,0.0,0.0,0.0,0.0,0.0,0.0,0.0,0.0,0.0,0.0,0.0,0.0,0.0,0.0,0.0,0.0,0.0,0.0,0.0,0.0,0.0,0.0,0.0,0.0,0.0,0.0,0.0,0.0,0.0,0.0,0.0,0.0,0.0,0.0,nan,nan,4.2533250850603155,2.916166886307336,nan,0.8408476228253481,0.0358959313079002,0.0,0.0,0.0,0.0,0.0,0.0,0.0,0.0,0.0,0.0,0.0,0.0,0.0,0.0,0.0,0.0,0.0,0.0,0.0,0.0,0.03462870334744133,0.09234320892651021,0.5078876490958062,2.3547518276260027,9.303578299345904,11.877645248172376,4.363216621777608,1.0965756060023089,0.27702962677953064,0.09234320892651021,0.8398322039418727,0.034522504614914545,0.0,0.0,0.0,0.0,0.0,0.0,0.0,0.0,0.0,0.0,0.0,0.0,0.0,0.0,0.0,0.0,0.0,0.0,0.0,0.0,0.03950834064969272,0.10535557506584727,0.5531167690956981,2.2914837576821703,9.284460052677789,12.18173836698859,4.20105355575066,1.0930640913081653,0.18437225636523272,0.06584723441615453,0.405,0.01214,0.0,0.0,0.0,0.0,0.0,0.0,0.0,0.0,0.0,0.0,0.046171604463255106,9.996152366294714,19.784532512504814,0.17314351673720665,0.0,0.0,0.0,0.0,0.0,0.0,0.0,0.0,0.0,0.0,0.0,0.0,0.0,0.0,0.0,0.0,0.4045,0.012,0.0,0.0,0.0,0.0,0.0,0.0,0.0,0.0,0.0,0.0,0.026338893766461816,10.443371378402093,19.33274802458297,0.19754170324846362,0.0,0.0,0.0,0.0,0.0,0.0,0.0,0.0,0.0,0.0,0.0,0.0,0.0,0.0,0.0,0.0
83300,4757,2424,0.5095648517973512,1144,994,0.4494429262140004,1328,0.5583350851376918,0.418,2.902700385769396,3.1109579834211742,6.641025641025641,2.2452191885138393,8369.393020811434,506.60727920900314,7853.0,8866.4,8866.4,0.0,7853.0,0.0,27.686146731133068,20.777146293149638,32.693293142426526,19.01351672808001,0.14084507042253522,0.10237544671011141,0.09228505360521337,0.08745007357578306,0.0771494639478663,0.07756989699390372,0.07231448391843599,0.06306495690561278,0.0611730081984444,0.053815429892789576,0.04162287155770444,0.038469623712423795,0.030271179314694134,0.026066848854319948,0.019129703594702542,0.010721042673954172,0.005675846121505151,0.839105635135896,0.032644228144749085,0.0,0.0,0.0,0.0,0.0,0.0,0.0,0.0,0.0,0.0,0.0,0.0,0.0,0.0,0.0,0.0,0.0,0.0,0.0,0.0,0.0,0.037838974143367676,0.4982131595543411,2.516291780533942,9.579566953962583,12.26613411814169,4.080302711793148,0.7946184570107212,0.17658187933571584,0.05045196552449024,4.2885506287227,2.925185816683957,4.863636363636363,2.833171280408622,1.134097923681257,4.303559870550162,2.9393690207156746,4.280373831775701,2.910576793374407,0.9946123582634168,0.4053,0.01241,0.0,0.0,0.0,0.0,0.0,0.0,0.0,0.0,0.0,0.0,0.02522598276224512,9.907504729871754,19.75825099852849,0.30901828883750265,0.0,0.0,0.0,0.0,0.0,0.0,0.0,0.0,0.0,0.0,0.0,0.0,0.0,0.0,0.0,0.0,nan,nan,4.292706964520368,2.9249368567267373,nan,0.4053,0.06537,0.0,0.0,0.0,0.0,0.0,0.0,0.0,0.0,0.0,0.0,0.0,0.0,0.0,0.0,0.0001156190876602901,0.0,0.0,2.1021652301870926e-05,0.0,8.40866092074837e-05,0.0,0.0017763296195080934,0.0009249527012823208,0.0043199495480344755,0.0011351692243010301,0.0037838974143367668,0.016733235232289256,0.009165440403615725,0.01012192558335085,0.005276434727769602,0.013064956905612782,0.01950809333613622,0.03193188984654194,0.018898465419381963,0.03511667017027539,0.03718730292200967,0.06227664494429262,0.04109733025015766,0.0663863779693084,0.07296615513979399,0.05639058229976876,0.0710426739541728,0.027170485600168173,0.05804078200546563,0.0759932730712634,0.03892158923691402,0.04286314904351482,0.03649358839604793,0.019602690771494638,0.019602690771494638,0.030533949968467523,0.018982552028589447,0.023386588185831406,0.013064956905612782,0.010805129283161656,0.0003363464368299348,9.459743535841917e-05,0.0021021652301870925,0.0026697498423376076,0.0,1.0510826150935463e-05,0.0,0.0,0.0,0.0,0.0,0.0,0.0,0.0,0.0,0.0,0.0,0.0,0.0,0.0,0.0,0.0,0.0,0.0,0.0,0.0,0.0,0.0,0.0,0.0,0.0,0.0,0.0,0.0,0.0,0.0,0.0,0.0,0.0,0.0,0.0,0.0,0.0,0.0,0.0,0.0,nan,nan,4.292706964520368,2.9249368567267373,nan,0.8393551471455656,0.03208249788849663,0.0,0.0,0.0,0.0,0.0,0.0,0.0,0.0,0.0,0.0,0.0,0.0,0.0,0.0,0.0,0.0,0.0,0.0,0.0,0.0,0.0,0.061881188118811895,0.48267326732673277,2.3267326732673195,9.566831683168319,12.475247524752477,4.1584158415841594,0.7673267326732676,0.12376237623762379,0.037128712871287134,0.8388463907675123,0.03321582305765597,0.0,0.0,0.0,0.0,0.0,0.0,0.0,0.0,0.0,0.0,0.0,0.0,0.0,0.0,0.0,0.0,0.0,0.0,0.0,0.0,0.0,0.012858979854264898,0.514359194170596,2.7132447492498843,9.592798971281614,12.04886412344621,3.9991427346763833,0.8229747106729535,0.23146163737676817,0.0642948992713245,0.4053,0.012314,0.0,0.0,0.0,0.0,0.0,0.0,0.0,0.0,0.0,0.0,0.037128712871287134,9.764851485148501,19.925742574257427,0.2722772277227723,0.0,0.0,0.0,0.0,0.0,0.0,0.0,0.0,0.0,0.0,0.0,0.0,0.0,0.0,0.0,0.0,0.4053,0.01252,0.0,0.0,0.0,0.0,0.0,0.0,0.0,0.0,0.0,0.0,0.012858979854264898,10.055722246035133,19.584226318045438,0.34719245606515226,0.0,0.0,0.0,0.0,0.0,0.0,0.0,0.0,0.0,0.0,0.0,0.0,0.0,0.0,0.0,0.0
83400,4702,2454,0.52190557209698,1133,946,0.4421522756273926,1290,0.5487026797107614,0.40199999999999997,3.0387010676156585,3.091403604953213,6.448484848484848,2.202357031045301,8381.899106763078,506.2134822966702,7853.0,8866.4,8866.399999999998,1.8189894035458565e-12,7853.0,0.0,28.070820927264993,20.980867794378614,32.94294370108558,19.269839432614877,0.13653764355593365,0.09655465759251382,0.09825606125053168,0.08889834113143344,0.0829434283283709,0.07379838366652489,0.06380263717566993,0.06507868991918332,0.059549128030625266,0.05019140791152701,0.047213951509995744,0.040408336877924285,0.035942152275627394,0.02339430029774564,0.017014036580178648,0.01169715014887282,0.008719693747341557,0.8394213948463796,0.033495308625365705,0.0,0.0,0.0,0.0,0.0,0.0,0.0,0.0,0.0,0.0,0.0,0.0,0.0,0.0,0.0,0.0,0.0,0.0,0.0,0.0,0.0,0.08932369204593792,0.4274776690769886,2.596767333049758,9.500212675457254,12.039557635048919,4.293917481922587,0.7720119098256063,0.19140791152700984,0.08932369204593792,4.243804420629605,2.845573899540012,3.6538461538461537,2.3687437061788956,0.8609836344211343,4.225267379679145,2.8450497506350083,4.25197889182058,2.8395696354542923,1.006321851315233,0.4055,0.01236,0.0,0.0,0.0,0.0,0.0,0.0,0.0,0.0,0.0,0.0,0.04466184602296896,9.66609953211398,19.95108464483199,0.3381539770310507,0.0,0.0,0.0,0.0,0.0,0.0,0.0,0.0,0.0,0.0,0.0,0.0,0.0,0.0,0.0,0.0,nan,nan,4.23871181938911,2.8423241968372825,nan,0.4055,0.06537,0.0,0.0,0.0,0.0,0.0,0.0,0.0,0.0,0.0,0.0,0.0,0.0,0.0,0.0,2.126754572522331e-05,0.0,0.0,0.00010633772862611655,0.0,0.00010633772862611655,0.0,0.0013930242450021267,0.0007018290089323692,0.004859634198213526,0.0016482347937048065,0.004296044236495109,0.016748192258613355,0.008719693747341557,0.009474691620586985,0.004997873245427478,0.013345384942577627,0.01730114844746916,0.03176307954062101,0.01966184602296895,0.037303275202041686,0.03702679710761378,0.061441939600170144,0.040153126329221606,0.06535516801361123,0.07055508294342833,0.05530625265844322,0.07322415993194385,0.026095278604849,0.061452573373032754,0.07574436410038282,0.04000425350914504,0.04389621437686091,0.03670778392173543,0.019247128881327093,0.02003402807316036,0.029232241599319437,0.02037430880476393,0.02249042960442365,0.013441088898341131,0.010165886856656741,0.00036154827732879627,0.0002871118672905147,0.002275627392598894,0.002679710761378137,0.0,0.0,0.0,0.0,0.0,0.0,0.0,0.0,0.0,0.0,0.0,0.0,0.0,0.0,0.0,0.0,0.0,0.0,0.0,0.0,0.0,0.0,0.0,0.0,0.0,0.0,0.0,0.0,0.0,0.0,0.0,0.0,0.0,0.0,0.0,0.0,0.0,0.0,0.0,0.0,0.0,0.0,nan,nan,4.23871181938911,2.8423241968372825,nan,0.8397455771424077,0.033962499793944584,0.0,0.0,0.0,0.0,0.0,0.0,0.0,0.0,0.0,0.0,0.0,0.0,0.0,0.0,0.0,0.0,0.0,0.0,0.0,0.0,0.0,0.09779951100244501,0.45232273838630815,2.530562347188256,9.327628361858192,12.114914425427877,4.352078239608803,0.7701711491442544,0.25672371638141817,0.09779951100244501,0.8390675054538292,0.032974111684007976,0.0,0.0,0.0,0.0,0.0,0.0,0.0,0.0,0.0,0.0,0.0,0.0,0.0,0.0,0.0,0.0,0.0,0.0,0.0,0.0,0.0,0.0800711743772242,0.4003558718861211,2.669039145907465,9.68861209964413,11.957295373665483,4.230427046263346,0.7740213523131675,0.12010676156583633,0.0800711743772242,0.4055,0.01228,0.0,0.0,0.0,0.0,0.0,0.0,0.0,0.0,0.0,0.0,0.024449877750611252,9.511002444987762,20.18337408312959,0.28117359413202936,0.0,0.0,0.0,0.0,0.0,0.0,0.0,0.0,0.0,0.0,0.0,0.0,0.0,0.0,0.0,0.0,0.4055,0.012436,0.0,0.0,0.0,0.0,0.0,0.0,0.0,0.0,0.0,0.0,0.06672597864768684,9.835409252669024,19.697508896797157,0.4003558718861211,0.0,0.0,0.0,0.0,0.0,0.0,0.0,0.0,0.0,0.0,0.0,0.0,0.0,0.0,0.0,0.0
83500,4745,2432,0.5125395152792414,1125,966,0.4406743940990516,1323,0.5576396206533193,0.40199999999999997,2.942498919152616,3.1020510038870275,6.563981042654029,2.2299337856591595,8372.407544783982,506.5406284845895,7853.0,8866.4,8866.4,0.0,7853.0,0.0,27.779557428872497,20.838560638838423,32.73127199597788,19.122332026787685,0.13951527924130663,0.10284510010537408,0.09483667017913593,0.08472075869336143,0.0779768177028451,0.07565858798735511,0.07481559536354057,0.06533192834562697,0.05437302423603793,0.04994731296101159,0.048261327713382506,0.03561643835616438,0.032665964172813484,0.029083245521601686,0.016649104320337196,0.011169652265542677,0.006533192834562698,0.8399325436611196,0.032962737224447154,0.0,0.0,0.0,0.0,0.0,0.0,0.0,0.0,0.0,0.0,0.0,0.0,0.0,0.0,0.0,0.0,0.0,0.0,0.0,0.0,0.0,0.06322444678609064,0.4046364594309801,2.4404636459430904,9.603793466807167,12.28451001053741,4.103266596417282,0.8219178082191783,0.1896733403582719,0.0885142255005269,4.29086057371581,2.86209438163842,4.055555555555555,2.437490107608923,0.9451613460475401,4.249506254114549,2.811904198285591,4.327540106951871,2.906463540552772,1.0183630398853436,0.4045,0.01199,0.0,0.0,0.0,0.0,0.0,0.0,0.0,0.0,0.0,0.0,0.03793466807165438,10.6849315068493,19.0432033719705,0.23393045310853536,0.0,0.0,0.0,0.0,0.0,0.0,0.0,0.0,0.0,0.0,0.0,0.0,0.0,0.0,0.0,0.0,nan,nan,4.289456233421751,2.8598047124659716,nan,0.4045,0.0651,0.0,0.0,0.0,0.0,0.0,0.0,0.0,0.0,0.0,0.0,0.0,0.0,0.0,0.0,1.053740779768177e-05,0.0,0.0,3.161222339304531e-05,0.0,8.429926238145416e-05,0.0,0.0015279241306638566,0.0008324552160168598,0.005289778714436249,0.0012961011591148578,0.004415173867228662,0.016354056902002107,0.007903055848261328,0.008735511064278188,0.005816649104320337,0.012476290832455217,0.01733403582718651,0.03445732349841939,0.02124341412012645,0.03790305584826133,0.03799789251844046,0.06100105374077977,0.0413277133825079,0.06969441517386722,0.07186512118018967,0.05510010537407797,0.07241306638566912,0.026227608008429926,0.058324552160168595,0.0763013698630137,0.03760800842992624,0.043719704952581664,0.0345100105374078,0.02012644889357218,0.02012644889357218,0.027671232876712328,0.019483667017913594,0.021032665964172814,0.014120126448893572,0.010453108535300315,0.00032665964172813486,0.0003477344573234984,0.0024762908324552162,0.0020021074815595365,3.161222339304531e-05,0.0,0.0,0.0,0.0,0.0,0.0,0.0,0.0,0.0,0.0,0.0,0.0,0.0,0.0,0.0,0.0,0.0,0.0,0.0,0.0,0.0,0.0,0.0,0.0,0.0,0.0,0.0,0.0,0.0,0.0,0.0,0.0,0.0,0.0,0.0,0.0,0.0,0.0,0.0,0.0,0.0,nan,nan,4.289456233421751,2.8598047124659716,nan,0.8394153246312941,0.032850788658455934,0.0,0.0,0.0,0.0,0.0,0.0,0.0,0.0,0.0,0.0,0.0,0.0,0.0,0.0,0.0,0.0,0.0,0.0,0.0,0.0,0.0,0.037006578947368425,0.4070723684210527,2.5041118421052553,9.843750000000002,12.162828947368425,3.972039473684211,0.7524671052631581,0.24671052631578952,0.07401315789473685,0.8404763727491159,0.0330713139107,0.0,0.0,0.0,0.0,0.0,0.0,0.0,0.0,0.0,0.0,0.0,0.0,0.0,0.0,0.0,0.0,0.0,0.0,0.0,0.0,0.0,0.09079118028534373,0.40207522697795084,2.373540856031121,9.351491569390404,12.412451361867708,4.241245136186771,0.8949416342412453,0.1297016861219196,0.10376134889753569,0.4045,0.01191,0.0,0.0,0.0,0.0,0.0,0.0,0.0,0.0,0.0,0.0,0.024671052631578955,10.497532894736826,19.23108552631579,0.24671052631578952,0.0,0.0,0.0,0.0,0.0,0.0,0.0,0.0,0.0,0.0,0.0,0.0,0.0,0.0,0.0,0.0,0.4045,0.012085,0.0,0.0,0.0,0.0,0.0,0.0,0.0,0.0,0.0,0.0,0.051880674448767844,10.881971465629038,18.84565499351492,0.22049286640726334,0.0,0.0,0.0,0.0,0.0,0.0,0.0,0.0,0.0,0.0,0.0,0.0,0.0,0.0,0.0,0.0
83600,4715,2476,0.5251325556733828,1188,968,0.45726405090137856,1321,0.56033934252386,0.418,3.0553818669048685,3.1572691775405968,6.737833594976452,2.100765432141532,8385.169331919406,506.05948576385657,7853.0,8866.4,8866.4,0.0,7853.0,0.0,28.264050901378578,20.6581849604352,33.03634085213032,18.857463840621868,0.1325556733828208,0.09840933191940615,0.09162248144220572,0.09034994697773065,0.07444326617179216,0.07529162248144221,0.07380699893955461,0.06277836691410392,0.06002120890774125,0.05641569459172852,0.04984093319194061,0.04284199363732768,0.032873806998939555,0.02545068928950159,0.019300106044538707,0.009544008483563097,0.004453870625662778,0.84294464755033,0.03394496908886765,0.0,0.0,0.0,0.0,0.0,0.0,0.0,0.0,0.0,0.0,0.0,0.0,0.0,0.0,0.0,0.0,0.0,0.0,0.0,0.0,0.0127253446447508,0.0254506892895016,0.4072110286320256,2.18875927889713,8.640509013785792,12.585365853658539,4.651113467656416,1.164369034994698,0.22269353128313896,0.1018027571580064,4.245682632779407,2.954678585584818,3.4210526315789473,2.4347438960463954,0.8057721048592317,4.15974025974026,2.9707124398143057,4.3232062055591465,2.931715534890459,1.0392971521325454,0.4045,0.01219,0.0,0.0,0.0,0.0,0.0,0.0,0.0,0.0,0.0,0.0,0.0254506892895016,10.740190880169656,18.96076352067869,0.27359490986214213,0.0,0.0,0.0,0.0,0.0,0.0,0.0,0.0,0.0,0.0,0.0,0.0,0.0,0.0,0.0,0.0,nan,nan,4.240608808290156,2.9524638244242407,nan,0.4045,0.06476,0.0,0.0,0.0,0.0,0.0,0.0,0.0,0.0,0.0,0.0,0.0,0.0,0.0,0.0,0.0,0.0,0.0,5.302226935312831e-05,0.0,8.48356309650053e-05,0.0,0.0015482502651113469,0.000752916224814422,0.005429480381760339,0.001102863202545069,0.004517497348886532,0.013881230116648992,0.007985153764581124,0.008791092258748674,0.00552492046659597,0.013149522799575823,0.016320254506892895,0.034241781548250264,0.02339342523860021,0.039851537645811244,0.040127253446447506,0.06021208907741251,0.04104984093319194,0.06766702014846235,0.07395546129374338,0.05353128313891835,0.07288441145281017,0.025323435843054083,0.05721102863202545,0.07672322375397667,0.03916224814422057,0.04559915164369035,0.037539766702014844,0.01990455991516437,0.017126193001060445,0.026214209968186637,0.01904559915164369,0.019278897136797455,0.013775185577942736,0.010657476139978792,0.00038176033934252384,0.0004029692470837752,0.0031707317073170734,0.0023753976670201483,5.302226935312831e-05,0.0,0.0,0.0,0.0,0.0,0.0,0.0,0.0,0.0,0.0,0.0,0.0,0.0,0.0,0.0,0.0,0.0,0.0,0.0,0.0,0.0,0.0,0.0,0.0,0.0,0.0,0.0,0.0,0.0,0.0,0.0,0.0,0.0,0.0,0.0,0.0,0.0,0.0,0.0,0.0,0.0,nan,nan,4.240608808290156,2.9524638244242407,nan,0.843357117163538,0.03437874892805406,0.0,0.0,0.0,0.0,0.0,0.0,0.0,0.0,0.0,0.0,0.0,0.0,0.0,0.0,0.0,0.0,0.0,0.0,0.0,0.0,0.024232633279483044,0.03634894991922456,0.4119547657512117,2.120355411954759,8.60258481421648,12.34652665589661,4.955573505654282,1.1025848142164785,0.26655896607431345,0.13327948303715673,0.8424885176877562,0.03345280454835138,0.0,0.0,0.0,0.0,0.0,0.0,0.0,0.0,0.0,0.0,0.0,0.0,0.0,0.0,0.0,0.0,0.0,0.0,0.0,0.0,0.0,0.013398838767306836,0.4019651630192051,2.264403751674848,8.68244752121483,12.849486377847256,4.314426083072801,1.232693166592229,0.1741849039749889,0.06699419383653418,0.4045,0.01218,0.0,0.0,0.0,0.0,0.0,0.0,0.0,0.0,0.0,0.0,0.03634894991922456,10.710823909531486,18.97415185783522,0.27867528271405495,0.0,0.0,0.0,0.0,0.0,0.0,0.0,0.0,0.0,0.0,0.0,0.0,0.0,0.0,0.0,0.0,0.4045,0.0122,0.0,0.0,0.0,0.0,0.0,0.0,0.0,0.0,0.0,0.0,0.013398838767306836,10.772666368914678,18.945958016971865,0.26797677534613673,0.0,0.0,0.0,0.0,0.0,0.0,0.0,0.0,0.0,0.0,0.0,0.0,0.0,0.0,0.0,0.0
83700,4839,2514,0.5195288282703038,1180,978,0.44595990907212235,1368,0.5654060756354619,0.418,3.0623655913978496,3.2344886743691807,7.029320987654321,2.1646867382475237,8379.490514569126,506.3133669310825,7853.0,8866.4,8866.4,0.0,7853.0,0.0,27.360818350898946,20.584504989486355,32.156303760137625,18.941571702526286,0.13845835916511676,0.10394709650754289,0.095680925811118,0.09526761727629676,0.08328166976648067,0.07542880760487704,0.06488943996693532,0.05889646621202728,0.05373010952676173,0.05786319487497417,0.04401735895846249,0.040504236412481916,0.03141144864641455,0.025005166356685267,0.01735895846249225,0.009712750568299235,0.0045463938830336845,0.8454311859339174,0.03337477457840684,0.0,0.0,0.0,0.0,0.0,0.0,0.0,0.0,0.0,0.0,0.0,0.0,0.0,0.0,0.0,0.0,0.0,0.0,0.0,0.0,0.0,0.04339739615623064,0.3285802851828891,1.903285802851823,8.096714197148172,12.64724116553007,5.337879727216369,1.3019218846869192,0.2789832610043398,0.06199628022318662,4.435094585779518,3.0473317610485107,5.230769230769231,2.8596354300678626,1.1794042110265084,4.338961038961039,3.0206069676519474,4.5403120936280885,3.069629816572354,1.0464053612971052,0.4045,0.01179,0.0,0.0,0.0,0.0,0.0,0.0,0.0,0.0,0.0,0.0,0.03099814011159331,10.582765034097939,19.218846869187853,0.1673899566026039,0.0,0.0,0.0,0.0,0.0,0.0,0.0,0.0,0.0,0.0,0.0,0.0,0.0,0.0,0.0,0.0,nan,nan,4.438454043520624,3.0470004013257848,nan,0.4045,0.0649,0.0,0.0,0.0,0.0,0.0,0.0,0.0,0.0,0.0,0.0,0.0,0.0,0.0,0.0,0.0,0.0,0.0,7.232899359371771e-05,0.0,0.0,0.0,0.0016945649927671007,0.0004959702417854929,0.0061169663153544124,0.0012399256044637321,0.004381070469105187,0.013618516222359992,0.007429220913411862,0.008462492250464972,0.00525935110560033,0.014310808018185576,0.015912378590617896,0.034469931804091754,0.02381690431907419,0.04092787766067369,0.044337673072948953,0.05636495143624716,0.04015292415788386,0.06533374664186815,0.07212233932630709,0.05394709650754288,0.0734552593511056,0.026234759247778468,0.05994007026245092,0.07450919611489977,0.039656953916098366,0.0464455466005373,0.03755941310188055,0.02009712750568299,0.015705724323207274,0.025842116139698286,0.019001859888406695,0.01848522421988014,0.015819384170283116,0.009805744988634015,0.0005373010952676173,0.0003719776813391197,0.0039057656540607564,0.0020665426741062203,7.232899359371771e-05,2.0665426741062202e-05,0.0,0.0,0.0,0.0,0.0,0.0,0.0,0.0,0.0,0.0,0.0,0.0,0.0,0.0,0.0,0.0,0.0,0.0,0.0,0.0,0.0,0.0,0.0,0.0,0.0,0.0,0.0,0.0,0.0,0.0,0.0,0.0,0.0,0.0,0.0,0.0,0.0,0.0,0.0,0.0,nan,nan,4.438454043520624,3.0470004013257848,nan,0.8454118255783664,0.0329499923167551,0.0,0.0,0.0,0.0,0.0,0.0,0.0,0.0,0.0,0.0,0.0,0.0,0.0,0.0,0.0,0.0,0.0,0.0,0.0,0.0,0.0,0.035799522673031034,0.28639618138424827,1.8973747016706386,8.233890214797137,12.792362768496423,5.035799522673033,1.4200477326968977,0.23866348448687355,0.05966587112171839,0.8454521200990164,0.03382807353195914,0.0,0.0,0.0,0.0,0.0,0.0,0.0,0.0,0.0,0.0,0.0,0.0,0.0,0.0,0.0,0.0,0.0,0.0,0.0,0.0,0.0,0.051612903225806465,0.3741935483870969,1.909677419354833,7.948387096774195,12.490322580645165,5.664516129032259,1.1741935483870969,0.32258064516129037,0.06451612903225808,0.4045,0.011925,0.0,0.0,0.0,0.0,0.0,0.0,0.0,0.0,0.0,0.0,0.05966587112171839,10.6324582338902,19.14081145584726,0.1670644391408115,0.0,0.0,0.0,0.0,0.0,0.0,0.0,0.0,0.0,0.0,0.0,0.0,0.0,0.0,0.0,0.0,0.4043,0.011635,0.0,0.0,0.0,0.0,0.0,0.0,0.0,0.0,0.0,0.0,0.0,10.5290322580645,19.303225806451618,0.167741935483871,0.0,0.0,0.0,0.0,0.0,0.0,0.0,0.0,0.0,0.0,0.0,0.0,0.0,0.0,0.0,0.0
83800,4817,2537,0.5266763545775379,1182,958,0.44425991280880217,1315,0.545982976956612,0.422,2.9785087719298247,3.1503234956296207,6.757188498402556,2.2019061781791467,8386.733817728877,505.9783223607526,7853.0,8866.4,8866.4,0.0,7853.0,0.0,28.52210919659539,20.971445217366288,33.147768836869055,19.288935214850916,0.12808802159020136,0.10130786796761469,0.09964708324683413,0.08220884367863816,0.07660369524600373,0.0718289391737596,0.07494291052522317,0.06435540793024704,0.057712269047124766,0.05127672825410006,0.04982354162341707,0.04421839319078264,0.03508407722648951,0.025326966991903673,0.0186838281087814,0.012871081586049408,0.006020344612829562,0.8455100676591203,0.03460312419509491,0.0,0.0,0.0,0.0,0.0,0.0,0.0,0.0,0.0,0.0,0.0,0.0,0.0,0.0,0.0,0.0,0.0,0.0,0.0,0.0,0.006227942702927134,0.08719119784097988,0.35499273406684667,2.024081378451312,7.7413327797384275,12.67386340045672,5.54286900560515,1.1895370562590826,0.31762507784928384,0.06227942702927134,4.2047726539825865,2.928414398327726,4.35,2.7798381247835278,1.0345386916174553,4.307443365695793,2.9166372889462138,4.105964467005077,2.9347065434552966,0.9532254096953934,0.405,0.01256,0.0,0.0,0.0,0.0,0.0,0.0,0.0,0.0,0.0,0.0,0.03113971351463567,10.232509860909264,19.40004151961802,0.3363089059580653,0.0,0.0,0.0,0.0,0.0,0.0,0.0,0.0,0.0,0.0,0.0,0.0,0.0,0.0,0.0,0.0,nan,nan,4.205703300224287,2.9275092333245096,nan,0.405,0.0655,0.0,0.0,0.0,0.0,0.0,0.0,0.0,0.0,0.0,0.0,0.0,0.0,0.0,0.0,0.0,0.0,0.0,0.00012455885405854267,0.0,0.0,1.0379904504878555e-05,0.0017853435748391114,0.0006850736973219847,0.006093003944363712,0.0014116670126634835,0.005262611583973427,0.01307867967614698,0.007961386755241853,0.008667220261573594,0.004826655594768528,0.012320946647290845,0.017542038613244756,0.032790118330911354,0.023956819597259704,0.04061656632758979,0.042785966369109404,0.05511729292090513,0.041685696491592275,0.06500934191405439,0.07483911148017439,0.05288561345235624,0.07515050861532074,0.02601204068922566,0.0584700020759809,0.07129956404401079,0.0381876686734482,0.04697944778908034,0.03706663898692132,0.02048993149263027,0.015310359144695869,0.028129541208220886,0.019514220469171683,0.019649159227735104,0.015922773510483705,0.010691301640024912,0.0005086153207390492,0.00044633589370977786,0.004068922565912393,0.0026157359352293958,3.113971351463567e-05,0.0,0.0,0.0,0.0,0.0,0.0,0.0,0.0,0.0,0.0,0.0,0.0,0.0,0.0,0.0,0.0,0.0,0.0,0.0,0.0,0.0,0.0,0.0,0.0,0.0,0.0,0.0,0.0,0.0,0.0,0.0,0.0,0.0,0.0,0.0,0.0,0.0,0.0,0.0,0.0,0.0,nan,nan,4.205703300224287,2.9275092333245096,nan,0.8451317790036695,0.03461228820587834,0.0,0.0,0.0,0.0,0.0,0.0,0.0,0.0,0.0,0.0,0.0,0.0,0.0,0.0,0.0,0.0,0.0,0.0,0.0,0.0,0.0,0.10642491131257392,0.39022467481277107,2.1521482065431545,7.591643673630274,12.60543949546709,5.782420181316517,0.9814741821048484,0.3192747339377218,0.07094994087504929,0.8459309967463476,0.03458806155985589,0.0,0.0,0.0,0.0,0.0,0.0,0.0,0.0,0.0,0.0,0.0,0.0,0.0,0.0,0.0,0.0,0.0,0.0,0.0,0.0,0.013157894736842108,0.06578947368421054,0.31578947368421056,1.881578947368415,7.907894736842107,12.750000000000004,5.276315789473685,1.4210526315789478,0.31578947368421056,0.05263157894736843,0.405,0.01235,0.0,0.0,0.0,0.0,0.0,0.0,0.0,0.0,0.0,0.0,0.023649980291683095,9.9093417422152,19.85415845486796,0.21284982262514784,0.0,0.0,0.0,0.0,0.0,0.0,0.0,0.0,0.0,0.0,0.0,0.0,0.0,0.0,0.0,0.0,0.405,0.01279,0.0,0.0,0.0,0.0,0.0,0.0,0.0,0.0,0.0,0.0,0.03947368421052632,10.59210526315788,18.894736842105267,0.4736842105263159,0.0,0.0,0.0,0.0,0.0,0.0,0.0,0.0,0.0,0.0,0.0,0.0,0.0,0.0,0.0,0.0
83900,4830,2528,0.5233954451345756,1190,944,0.4418219461697723,1312,0.5432712215320911,0.434,3.022154648132059,3.1852635073387368,6.800618238021638,2.1865401635266815,8383.40894409938,506.1450147632517,7853.0,8866.4,8866.399999999998,1.8189894035458565e-12,7853.0,0.0,27.652173913043477,20.868580463309076,32.83544934030371,19.062990796998456,0.14761904761904762,0.10041407867494824,0.09151138716356108,0.08405797101449275,0.0803312629399586,0.07287784679089027,0.06832298136645963,0.06915113871635611,0.0556935817805383,0.053830227743271224,0.04368530020703934,0.037267080745341616,0.03126293995859213,0.031055900621118012,0.019254658385093167,0.008281573498964804,0.005383022774327122,0.8449466366945586,0.03475394379457732,0.0,0.0,0.0,0.0,0.0,0.0,0.0,0.0,0.0,0.0,0.0,0.0,0.0,0.0,0.0,0.0,0.0,0.0,0.0,0.0,0.0,0.07453416149068325,0.45341614906832306,2.0186335403726643,8.06832298136646,12.40993788819876,5.440993788819878,1.1242236024844723,0.28571428571428575,0.12422360248447208,4.324696621843227,2.932192605321978,5.380952380952381,2.8531718436086178,1.2442381169060983,4.302623160588611,2.9073845623908534,4.362309223623092,2.958929123068501,1.0138720173268243,0.4043,0.012184,0.0,0.0,0.0,0.0,0.0,0.0,0.0,0.0,0.0,0.0,0.05590062111801243,10.745341614906817,18.962732919254663,0.23602484472049695,0.0,0.0,0.0,0.0,0.0,0.0,0.0,0.0,0.0,0.0,0.0,0.0,0.0,0.0,0.0,0.0,nan,nan,4.331921824104234,2.932951713350594,nan,0.4043,0.0654,0.0,0.0,0.0,0.0,0.0,0.0,0.0,0.0,0.0,0.0,0.0,0.0,0.0,0.0,0.0,0.0,0.0,0.0,0.0,0.0,0.0,0.0016563146997929607,0.0006935817805383023,0.007163561076604555,0.0011801242236024845,0.003975155279503106,0.014544513457556935,0.00860248447204969,0.008954451345755694,0.00484472049689441,0.0129296066252588,0.017939958592132505,0.0336128364389234,0.023043478260869565,0.043385093167701866,0.04291925465838509,0.05232919254658385,0.04118012422360248,0.06432712215320911,0.07386128364389234,0.050817805383022774,0.07667701863354037,0.026780538302277432,0.0606832298136646,0.07250517598343685,0.03893374741200828,0.04773291925465838,0.03428571428571429,0.020807453416149067,0.014824016563146998,0.025196687370600414,0.020041407867494823,0.020217391304347826,0.016501035196687372,0.00968944099378882,0.0004347826086956522,0.0005486542443064182,0.00437888198757764,0.0017598343685300208,0.0,0.0,0.0,4.1407867494824014e-05,0.0,0.0,0.0,0.0,0.0,0.0,0.0,0.0,0.0,0.0,0.0,0.0,0.0,0.0,0.0,0.0,0.0,0.0,0.0,0.0,0.0,0.0,0.0,0.0,0.0,0.0,0.0,0.0,0.0,0.0,0.0,0.0,0.0,0.0,0.0,0.0,0.0,0.0,nan,nan,4.331921824104234,2.932951713350594,nan,0.8451396078107101,0.034703085343781206,0.0,0.0,0.0,0.0,0.0,0.0,0.0,0.0,0.0,0.0,0.0,0.0,0.0,0.0,0.0,0.0,0.0,0.0,0.0,0.0,0.0,0.07120253164556962,0.4865506329113925,1.9580696202531584,7.974683544303799,12.47231012658228,5.482594936708862,1.139240506329114,0.29667721518987344,0.11867088607594939,0.8447347205426774,0.03480847722477932,0.0,0.0,0.0,0.0,0.0,0.0,0.0,0.0,0.0,0.0,0.0,0.0,0.0,0.0,0.0,0.0,0.0,0.0,0.0,0.0,0.0,0.07819287576020853,0.41702867072111216,2.085143353605554,8.171155516941791,12.341442224152914,5.395308427454389,1.1077324066029541,0.27367506516072987,0.13032145960034755,0.4045,0.012085,0.0,0.0,0.0,0.0,0.0,0.0,0.0,0.0,0.0,0.0,0.01186708860759494,10.858386075949351,18.856803797468356,0.2729430379746836,0.0,0.0,0.0,0.0,0.0,0.0,0.0,0.0,0.0,0.0,0.0,0.0,0.0,0.0,0.0,0.0,0.4043,0.0123,0.0,0.0,0.0,0.0,0.0,0.0,0.0,0.0,0.0,0.0,0.10425716768027804,10.621198957428307,19.07906168549088,0.19548218940052134,0.0,0.0,0.0,0.0,0.0,0.0,0.0,0.0,0.0,0.0,0.0,0.0,0.0,0.0,0.0,0.0
84000,4776,2522,0.5280569514237856,1216,943,0.45205192629815744,1324,0.5544388609715243,0.38599999999999995,3.0088731144631766,2.996583572099136,6.336734693877551,2.0286627910276573,8388.132914572863,505.9016301306925,7853.0,8866.4,8866.4,0.0,7853.0,0.0,29.17462311557789,21.14446581828695,33.988415085038206,19.28344455214527,0.13211892797319932,0.08814907872696817,0.09380234505862646,0.08207705192629816,0.07516750418760469,0.07579564489112228,0.07265494137353434,0.0638609715242881,0.059463986599664995,0.05820770519262981,0.052345058626465664,0.041666666666666664,0.038107202680067,0.026381909547738693,0.019891122278056953,0.013190954773869347,0.00711892797319933,0.8437692508026583,0.03493287971258988,0.0,0.0,0.0,0.0,0.0,0.0,0.0,0.0,0.0,0.0,0.0,0.0,0.0,0.0,0.0,0.0,0.0,0.0,0.0,0.006281407035175881,0.01884422110552764,0.1633165829145729,0.45854271356783927,1.922110552763813,8.17211055276382,12.594221105527641,5.1130653266331665,1.2374371859296485,0.23869346733668345,0.07537688442211056,4.073139572021718,2.778197444488848,4.361111111111111,3.01065494699684,1.0707001402720056,4.038558786346397,2.693655972723441,4.1141955835962145,2.8652525721899393,1.0187286607057773,0.4036,0.01262,0.0,0.0,0.0,0.0,0.0,0.0,0.0,0.0,0.0,0.0,0.03768844221105528,11.708542713567823,17.971105527638194,0.2826633165829146,0.0,0.0,0.0,0.0,0.0,0.0,0.0,0.0,0.0,0.0,0.0,0.0,0.0,0.0,0.0,0.0,nan,nan,4.076413009156931,2.7811165789817167,nan,0.4036,0.06586,0.0,0.0,0.0,0.0,0.0,0.0,0.0,0.0,0.0,0.0,0.0,0.0,0.0,0.0,0.0,0.0,0.0,0.0,0.0,4.187604690117253e-05,0.0,0.001894891122278057,0.0007537688442211055,0.007610971524288107,0.0016750418760469012,0.003915410385259632,0.016404941373534338,0.008710217755443886,0.010092127303182579,0.0038525963149078726,0.012342964824120603,0.015912897822445562,0.03507118927973199,0.023984505862646565,0.04327889447236181,0.04378140703517588,0.052198492462311556,0.041666666666666664,0.06502303182579565,0.07325167504187605,0.048911222780569516,0.07682160804020101,0.025282663316582913,0.06125418760469012,0.07335636515912898,0.03882956448911223,0.04927763819095477,0.032443467336683414,0.022340871021775545,0.014551926298157453,0.026015494137353434,0.01754606365159129,0.01894891122278057,0.015923366834170855,0.008699748743718592,0.0005025125628140704,0.0005653266331658291,0.005391541038525963,0.0018425460636515912,0.0,0.0,0.0,3.14070351758794e-05,0.0,0.0,0.0,0.0,0.0,0.0,0.0,0.0,0.0,0.0,0.0,0.0,0.0,0.0,0.0,0.0,0.0,0.0,0.0,0.0,0.0,0.0,0.0,0.0,0.0,0.0,0.0,0.0,0.0,0.0,0.0,0.0,0.0,0.0,0.0,0.0,0.0,0.0,nan,nan,4.076413009156931,2.7811165789817167,nan,0.8430141102076523,0.03506276823204953,0.0,0.0,0.0,0.0,0.0,0.0,0.0,0.0,0.0,0.0,0.0,0.0,0.0,0.0,0.0,0.0,0.0,0.0,0.0,0.011895321173671692,0.023790642347343384,0.154639175257732,0.5709754163362412,1.784298176050748,8.493259318001588,12.751784298176053,4.651070578905631,1.2252180808881843,0.26169706582077723,0.07137192704203014,0.8446141774133972,0.034767535461371485,0.0,0.0,0.0,0.0,0.0,0.0,0.0,0.0,0.0,0.0,0.0,0.0,0.0,0.0,0.0,0.0,0.0,0.0,0.0,0.0,0.013309671694764866,0.17302573203194327,0.3327417923691216,2.076308784383312,7.812777284826976,12.41792369121562,5.629991126885538,1.2511091393078972,0.21295474711623785,0.07985803016858918,0.4033,0.012566,0.0,0.0,0.0,0.0,0.0,0.0,0.0,0.0,0.0,0.0,0.03568596352101507,12.038065027755732,17.59318001586043,0.3330689928628074,0.0,0.0,0.0,0.0,0.0,0.0,0.0,0.0,0.0,0.0,0.0,0.0,0.0,0.0,0.0,0.0,0.4038,0.012665,0.0,0.0,0.0,0.0,0.0,0.0,0.0,0.0,0.0,0.0,0.03992901508429459,11.339840283939647,18.393966282165042,0.2262644188110027,0.0,0.0,0.0,0.0,0.0,0.0,0.0,0.0,0.0,0.0,0.0,0.0,0.0,0.0,0.0,0.0
84100,4338,2292,0.5283540802213001,1039,881,0.4426002766251729,1220,0.5624711848778239,0.426,3.0034213098729228,3.0834734361578584,6.425,2.219844213753148,8388.434024896265,505.88461709490696,7853.0,8866.4,8866.399999999998,1.8189894035458565e-12,7853.0,0.0,28.578146611341634,21.107302363643072,33.40359477124183,19.341444324535363,0.1350852927616413,0.09658828953434763,0.0938220378054403,0.08828953434762564,0.0792992162286768,0.07053941908713693,0.06754264638082065,0.056708160442600276,0.06224066390041494,0.05255878284923928,0.05186721991701245,0.042876901798063624,0.03642231443061319,0.0318118948824343,0.0198248040571692,0.008990318118948824,0.005532503457814661,0.8432563353293829,0.035819216271739736,0.0,0.0,0.0,0.0,0.0,0.0,0.0,0.0,0.0,0.0,0.0,0.0,0.0,0.0,0.0,0.0,0.0,0.0,0.0,0.006915629322268328,0.006915629322268328,0.08990318118948827,0.5463347164591978,2.247579529737199,8.015214384508992,12.468879668049796,5.152143845089904,1.0027662517289075,0.33886583679114807,0.1244813278008299,4.189575151731525,2.8935866739216243,4.515151515151516,2.9961714168020057,1.0777110689339067,4.144358794674141,2.8683154321950743,4.243070362473348,2.9210008332467288,1.0238182967956488,0.4026,0.01236,0.0,0.0,0.0,0.0,0.0,0.0,0.0,0.0,0.0,0.0,0.0484094052558783,12.544951590594726,17.24757952973721,0.15905947441217153,0.0,0.0,0.0,0.0,0.0,0.0,0.0,0.0,0.0,0.0,0.0,0.0,0.0,0.0,0.0,0.0,nan,nan,4.193366266760762,2.8950128244953643,nan,0.4026,0.0662,0.0,0.0,0.0,0.0,0.0,0.0,0.0,0.0,0.0,0.0,0.0,0.0,0.0,0.0,0.0,0.0,0.0,2.305209774089442e-05,0.0,2.305209774089442e-05,5.763024435223605e-05,0.0014061779621945597,0.0006569847856154911,0.009197786998616874,0.001751959428307976,0.004575841401567543,0.01648224988473951,0.010258183494698018,0.009808667588750576,0.003054402950668511,0.013024435223605349,0.016804979253112032,0.0332526509912402,0.025507146150299677,0.04632319041032734,0.0411134163208852,0.05275472568003688,0.03961502996772706,0.06703550023052098,0.07502305209774089,0.04973490087597971,0.07285615491009682,0.026463808206546795,0.061929460580912865,0.0729253112033195,0.03924619640387275,0.048743660673121254,0.03049792531120332,0.023397879207007838,0.012886122637159981,0.026048870447210697,0.015802213001383125,0.018176579068695253,0.016147994467496544,0.008552328261871831,0.00024204702627939143,0.0007837713231904104,0.00607422775472568,0.0017173812816966344,0.0,0.0,0.0,2.305209774089442e-05,0.0,0.0,0.0,0.0,0.0,0.0,0.0,0.0,0.0,0.0,0.0,0.0,0.0,0.0,0.0,0.0,0.0,0.0,0.0,0.0,0.0,0.0,0.0,0.0,0.0,0.0,0.0,0.0,0.0,0.0,0.0,0.0,0.0,0.0,0.0,0.0,0.0,0.0,nan,nan,4.193366266760762,2.8950128244953643,nan,0.8428912570547267,0.036058124182080514,0.0,0.0,0.0,0.0,0.0,0.0,0.0,0.0,0.0,0.0,0.0,0.0,0.0,0.0,0.0,0.0,0.0,0.0,0.0,0.0,0.013089005235602098,0.10471204188481678,0.5890052356020944,2.212041884816747,7.840314136125656,12.643979057591626,5.0916230366492155,1.0209424083769636,0.37958115183246083,0.10471204188481678,0.84366530864586,0.0355452239577218,0.0,0.0,0.0,0.0,0.0,0.0,0.0,0.0,0.0,0.0,0.0,0.0,0.0,0.0,0.0,0.0,0.0,0.0,0.0,0.014662756598240474,0.0,0.07331378299120236,0.49853372434017607,2.2873900293255063,8.211143695014664,12.272727272727277,5.219941348973608,0.9824046920821117,0.29325513196480946,0.14662756598240473,0.4026,0.01227,0.0,0.0,0.0,0.0,0.0,0.0,0.0,0.0,0.0,0.0,0.06544502617801048,12.513089005235585,17.238219895287962,0.18324607329842937,0.0,0.0,0.0,0.0,0.0,0.0,0.0,0.0,0.0,0.0,0.0,0.0,0.0,0.0,0.0,0.0,0.4026,0.01246,0.0,0.0,0.0,0.0,0.0,0.0,0.0,0.0,0.0,0.0,0.029325513196480947,12.580645161290304,17.258064516129036,0.13196480938416424,0.0,0.0,0.0,0.0,0.0,0.0,0.0,0.0,0.0,0.0,0.0,0.0,0.0,0.0,0.0,0.0
84200,4489,2346,0.5226108264646915,1097,897,0.4441969258186679,1244,0.5542437068389396,0.41,3.0401306579561362,3.1482686220481444,6.720706260032102,2.1868580513674853,8382.613811539319,506.18163463399225,7853.0,8866.4,8866.4,0.0,7853.0,0.0,28.49788371574961,21.137575799787392,33.28485007890584,19.422261094671793,0.1341055914457563,0.09890844286032524,0.09601247493873914,0.08264646914680329,0.07306749832924928,0.07930496769881934,0.07329026509244821,0.059924259300512366,0.06259746045889954,0.04967698819336155,0.047894854087770104,0.038538650033415014,0.03720204945422143,0.029182445979059925,0.017821341055914458,0.011361104923145467,0.008465137001559367,0.8450025905477201,0.03413856558944999,0.0,0.0,0.0,0.0,0.0,0.0,0.0,0.0,0.0,0.0,0.0,0.0,0.0,0.0,0.0,0.0,0.0,0.0,0.0,0.0,0.04009801737580754,0.10692804633548678,0.3274671419024282,1.8445087992871407,7.926041434617956,12.958342615281802,5.346402316774338,1.0759634662508355,0.2539541100467811,0.12029405212742261,4.204835924006908,2.8860651626978444,3.259259259259259,2.6189140043946204,0.775121626185456,4.159863945578231,2.848729514263292,4.234321157822191,2.9214776344870472,1.0178989537201344,0.4016,0.0126,0.0,0.0,0.0,0.0,0.0,0.0,0.0,0.0,0.0,0.0,0.060147026063711306,13.285809757184209,16.446870126977057,0.20717308977500562,0.0,0.0,0.0,0.0,0.0,0.0,0.0,0.0,0.0,0.0,0.0,0.0,0.0,0.0,0.0,0.0,nan,nan,4.196098562628337,2.8851288275710867,nan,0.4016,0.0659,0.0,0.0,0.0,0.0,0.0,0.0,0.0,0.0,0.0,0.0,0.0,0.0,0.0,0.0,0.0,0.0,0.0,0.0,0.0,0.0,7.796836711962575e-05,0.0014479839607930496,0.0007462686567164179,0.009055468924036534,0.001871240810871018,0.0038315883270216085,0.01838939630207173,0.010603697928269103,0.00942303408331477,0.0036867899309423035,0.01424593450657162,0.01584985520160392,0.034005346402316776,0.02552907106259746,0.044620182668745824,0.04250389841835598,0.05681666295388728,0.03912898195589218,0.06570505680552462,0.07473824905324125,0.050467810202717754,0.07007128536422366,0.026085987970594787,0.06194029850746269,0.07392515036756515,0.04234796168411673,0.04615727333481844,0.03369347293383827,0.02148585431053687,0.013154377366896858,0.02423702383604366,0.014869681443528626,0.01804410781911339,0.015181554912007128,0.008509690354199153,7.796836711962575e-05,0.0007351303185564714,0.004989975495656048,0.0017375807529516596,0.0,0.0,0.0,1.1138338159946536e-05,0.0,0.0,0.0,0.0,0.0,0.0,0.0,0.0,0.0,0.0,0.0,0.0,0.0,0.0,0.0,0.0,0.0,0.0,0.0,0.0,0.0,0.0,0.0,0.0,0.0,0.0,0.0,0.0,0.0,0.0,0.0,0.0,0.0,0.0,0.0,0.0,0.0,0.0,nan,nan,4.196098562628337,2.8851288275710867,nan,0.8442950934197083,0.034942944228800066,0.0,0.0,0.0,0.0,0.0,0.0,0.0,0.0,0.0,0.0,0.0,0.0,0.0,0.0,0.0,0.0,0.0,0.0,0.0,0.0,0.06393861892583122,0.11508951406649619,0.39641943734015356,1.9565217391304286,7.941176470588237,12.941176470588239,5.102301790281331,1.099744245524297,0.2685421994884911,0.11508951406649619,0.8457771067690527,0.0332184040042496,0.0,0.0,0.0,0.0,0.0,0.0,0.0,0.0,0.0,0.0,0.0,0.0,0.0,0.0,0.0,0.0,0.0,0.0,0.0,0.0,0.013999066728884743,0.09799346710219321,0.2519832011199254,1.721885207652818,7.9094727018198805,12.977134857676159,5.613625758282782,1.0499300046663558,0.23798413439104066,0.1259916005599627,0.4019,0.0128,0.0,0.0,0.0,0.0,0.0,0.0,0.0,0.0,0.0,0.0,0.03836317135549873,13.171355498721208,16.547314578005118,0.2429667519181586,0.0,0.0,0.0,0.0,0.0,0.0,0.0,0.0,0.0,0.0,0.0,0.0,0.0,0.0,0.0,0.0,0.4014,0.01238,0.0,0.0,0.0,0.0,0.0,0.0,0.0,0.0,0.0,0.0,0.08399440037330846,13.411105926271564,16.336910872608495,0.16798880074661693,0.0,0.0,0.0,0.0,0.0,0.0,0.0,0.0,0.0,0.0,0.0,0.0,0.0,0.0,0.0,0.0
84300,4445,2219,0.49921259842519683,1027,954,0.4456692913385827,1281,0.5763779527559055,0.41,2.884097035040431,3.0846180297576606,6.5663865546218485,2.1207766656820737,8358.902047244093,506.6993716903537,7853.0,8866.4,8866.400000000001,1.8189894035458565e-12,7853.0,0.0,27.73655793025872,20.770179093070674,32.676857066237595,19.02938133306577,0.14240719910011249,0.10123734533183353,0.09156355455568053,0.08413948256467942,0.08571428571428572,0.07559055118110236,0.06771653543307087,0.06569178852643419,0.06029246344206974,0.04499437570303712,0.045894263217097865,0.04094488188976378,0.03217097862767154,0.027221597300337456,0.018222722159730035,0.009898762654668167,0.006299212598425197,0.845162573386365,0.034927571127272274,0.0,0.0,0.0,0.0,0.0,0.0,0.0,0.0,0.0,0.0,0.0,0.0,0.0,0.0,0.0,0.0,0.0,0.0,0.0,0.0,0.020247469066366708,0.04724409448818899,0.3509561304836896,2.0517435320584863,8.274465691788528,12.229471316085492,5.439820022497189,1.12710911136108,0.3239595050618673,0.1349831271091114,4.347104519774011,2.872145860185893,4.125,2.9553976043842223,0.9489074811144506,4.336633663366337,2.943571421426587,4.357990230286113,2.7995801464532803,1.0049246878057017,0.4019,0.01213,0.0,0.0,0.0,0.0,0.0,0.0,0.0,0.0,0.0,0.0,0.060742407199100124,13.079865016872871,16.68391451068617,0.1754780652418448,0.0,0.0,0.0,0.0,0.0,0.0,0.0,0.0,0.0,0.0,0.0,0.0,0.0,0.0,0.0,0.0,nan,nan,4.345856741573034,2.8726682721729175,nan,0.4019,0.0659,0.0,0.0,0.0,0.0,0.0,0.0,0.0,0.0,0.0,0.0,0.0,0.0,0.0,0.0,0.0,0.0,0.0,0.0,0.0,0.0,3.374578177727784e-05,0.0007874015748031496,0.0005961754780652418,0.009370078740157481,0.0019122609673790777,0.0032283464566929135,0.020382452193475814,0.010539932508436446,0.010112485939257593,0.0036782902137232846,0.013419572553430821,0.01500562429696288,0.03374578177727784,0.026299212598425197,0.04703037120359955,0.039572553430821146,0.055196850393700786,0.03926884139482565,0.06598425196850394,0.07130483689538808,0.0472103487064117,0.07051743532058492,0.026411698537682788,0.06143982002249719,0.07952755905511812,0.04326209223847019,0.047401574803149604,0.034938132733408324,0.02094488188976378,0.013723284589426323,0.0244206974128234,0.01485939257592801,0.017356580427446568,0.015129358830146232,0.00827896512935883,8.998875140607424e-05,0.0009111361079865017,0.0041732283464566925,0.0019347581552305961,0.0,0.0,0.0,0.0,0.0,0.0,0.0,0.0,0.0,0.0,0.0,0.0,0.0,0.0,0.0,0.0,0.0,0.0,0.0,0.0,0.0,0.0,0.0,0.0,0.0,0.0,0.0,0.0,0.0,0.0,0.0,0.0,0.0,0.0,0.0,0.0,0.0,0.0,0.0,0.0,0.0,0.0,nan,nan,4.345856741573034,2.8726682721729175,nan,0.8459990859944952,0.03519737695704791,0.0,0.0,0.0,0.0,0.0,0.0,0.0,0.0,0.0,0.0,0.0,0.0,0.0,0.0,0.0,0.0,0.0,0.0,0.0,0.0,0.013519603424966204,0.05407841369986482,0.36502929247408755,1.86570527264533,8.341595313204147,12.154123479044618,5.529517800811177,1.1491662911221272,0.39206849932401994,0.13519603424966203,0.8443286913210277,0.034636421439240145,0.0,0.0,0.0,0.0,0.0,0.0,0.0,0.0,0.0,0.0,0.0,0.0,0.0,0.0,0.0,0.0,0.0,0.0,0.0,0.0,0.02695417789757413,0.04043126684636119,0.3369272237196766,2.2371967654986453,8.207547169811322,12.304582210242591,5.350404312668465,1.1051212938005393,0.25606469002695426,0.13477088948787064,0.402,0.01211,0.0,0.0,0.0,0.0,0.0,0.0,0.0,0.0,0.0,0.0,0.05407841369986482,13.059936908517333,16.71022983325823,0.17575484452456067,0.0,0.0,0.0,0.0,0.0,0.0,0.0,0.0,0.0,0.0,0.0,0.0,0.0,0.0,0.0,0.0,0.4019,0.012146,0.0,0.0,0.0,0.0,0.0,0.0,0.0,0.0,0.0,0.0,0.06738544474393532,13.099730458221005,16.65768194070081,0.17520215633423186,0.0,0.0,0.0,0.0,0.0,0.0,0.0,0.0,0.0,0.0,0.0,0.0,0.0,0.0,0.0,0.0
84400,4509,2356,0.5225105344865824,1130,896,0.44932357507207804,1253,0.555777334220448,0.41,3.0445889456572224,3.0722617291621135,6.4890282131661445,2.0962061556185065,8382.512175648704,506.18622525921484,7853.0,8866.4,8866.4,0.0,7853.0,0.0,28.82634730538922,21.24650196217648,33.86297760210804,19.379333411288982,0.13927700155245065,0.09092925260589932,0.08582834331337326,0.09004213794632956,0.07828786870703039,0.07584830339321358,0.06986027944111776,0.062098026169882456,0.05633178088267909,0.057440674207141273,0.04612996229762697,0.04302506098913284,0.03237968507429585,0.030827234420048793,0.02262142381902861,0.012419605233976491,0.00665335994677312,0.8455387628059954,0.034007144224276906,0.0,0.0,0.0,0.0,0.0,0.0,0.0,0.0,0.0,0.0,0.0,0.0,0.0,0.0,0.0,0.0,0.0,0.0,0.0,0.006653359946773122,0.026613439787092488,0.06653359946773121,0.33932135728542917,1.7764471057884177,7.877578176979376,13.133732534930143,5.269461077844312,1.1177644710578845,0.29940119760479045,0.08649367930805059,4.163661109220824,2.822302118881536,3.8846153846153846,2.8999591917145087,0.9329806827968141,4.147058823529412,2.7964926187000803,4.176431424766977,2.8490947089809966,1.007082754908349,0.4019,0.01225,0.0,0.0,0.0,0.0,0.0,0.0,0.0,0.0,0.0,0.0,0.04657351962741185,12.9407850964737,16.9061876247505,0.10645375914836995,0.0,0.0,0.0,0.0,0.0,0.0,0.0,0.0,0.0,0.0,0.0,0.0,0.0,0.0,0.0,0.0,nan,nan,4.1612141652613825,2.8231122498726706,nan,0.4019,0.0657,0.0,0.0,0.0,0.0,0.0,0.0,0.0,0.0,0.0,0.0,0.0,0.0,0.0,0.0,0.0,0.0,0.0,0.0,0.0,0.0,0.0,0.0007651363938789089,0.0005100909292526059,0.010124196052339765,0.0018629407850964737,0.003182523841206476,0.02055888223552894,0.009159458860057663,0.009115103127079175,0.00403637170104236,0.01258593923264582,0.014803725881570194,0.03422044799290308,0.026103348857839877,0.048303393213572854,0.03758039476602351,0.05662009314703925,0.04057440674207141,0.06571301840762919,0.06887336438234642,0.049988911066755376,0.07276557995120869,0.025903748059436682,0.06335107562652473,0.07573741406076735,0.04341317365269461,0.0507096917276558,0.0329119538700377,0.019948990907074738,0.012962962962962963,0.02506098913284542,0.01479263694832557,0.018241295187402973,0.014526502550454646,0.00842758926591262,9.98003992015968e-05,0.0006209802616988245,0.0032268795741849632,0.002605899312486139,0.0,1.1088933244621867e-05,0.0,0.0,0.0,0.0,0.0,0.0,0.0,0.0,0.0,0.0,0.0,0.0,0.0,0.0,0.0,0.0,0.0,0.0,0.0,0.0,0.0,0.0,0.0,0.0,0.0,0.0,0.0,0.0,0.0,0.0,0.0,0.0,0.0,0.0,0.0,0.0,0.0,0.0,0.0,0.0,nan,nan,4.1612141652613825,2.8231122498726706,nan,0.8459155079616149,0.03330028465112069,0.0,0.0,0.0,0.0,0.0,0.0,0.0,0.0,0.0,0.0,0.0,0.0,0.0,0.0,0.0,0.0,0.0,0.0,0.0,0.01273344651952462,0.02546689303904924,0.05093378607809848,0.33106960950764014,1.6171477079796215,7.869269949066216,13.573853989813246,5.04244482173175,1.0950764006791174,0.3056027164685909,0.07640067911714772,0.8451264954643143,0.03475950747392785,0.0,0.0,0.0,0.0,0.0,0.0,0.0,0.0,0.0,0.0,0.0,0.0,0.0,0.0,0.0,0.0,0.0,0.0,0.0,0.0,0.027868091035764056,0.08360427310729217,0.3483511379470507,1.9507663725034776,7.886669763121228,12.652113330236881,5.517882025081283,1.1425917324663262,0.29261495587552255,0.0975383186251742,0.402,0.01225,0.0,0.0,0.0,0.0,0.0,0.0,0.0,0.0,0.0,0.0,0.03820033955857386,12.644312393887928,17.20288624787776,0.11460101867572159,0.0,0.0,0.0,0.0,0.0,0.0,0.0,0.0,0.0,0.0,0.0,0.0,0.0,0.0,0.0,0.0,0.4016,0.012245,0.0,0.0,0.0,0.0,0.0,0.0,0.0,0.0,0.0,0.0,0.05573618207152811,13.26521133302367,16.581514166279614,0.0975383186251742,0.0,0.0,0.0,0.0,0.0,0.0,0.0,0.0,0.0,0.0,0.0,0.0,0.0,0.0,0.0,0.0
84500,4761,2483,0.5215290905272002,1162,971,0.44801512287334594,1349,0.5666876706574249,0.40599999999999997,3.0877963125548726,3.1411372272710882,6.7695852534562215,2.124915391111645,8381.517580340265,506.23006942307956,7853.0,8866.4,8866.4,0.0,7853.0,0.0,27.891829447595043,20.68561895067968,32.782967032967036,18.913695347979885,0.13904641881957572,0.10039907582440663,0.09052720016803192,0.08359588321781139,0.08380592312539382,0.07729468599033816,0.07204368830077715,0.06448225162780928,0.05839109430791851,0.052089897080445285,0.04662885948330183,0.039907582440663725,0.03507666456626759,0.023524469649233354,0.01575299306868305,0.011552194917034237,0.0058811174123083385,0.8450858247452888,0.03425498319073833,0.0,0.0,0.0,0.0,0.0,0.0,0.0,0.0,0.0,0.0,0.0,0.0,0.0,0.0,0.0,0.0,0.0,0.0,0.0,0.0,0.006301197227473221,0.04410838059231255,0.35916824196597363,2.1045998739760488,7.813484562066794,12.822936357908006,5.2425960932577205,1.2098298676748585,0.29615626969124137,0.10081915563957154,4.347598823913754,2.9022040341635154,3.6470588235294117,3.216523085762898,0.8388673774288795,4.3417150225660865,2.9167352157043607,4.345776031434185,2.8920130576255336,1.0009353467113782,0.4026,0.01241,0.0,0.0,0.0,0.0,0.0,0.0,0.0,0.0,0.0,0.0,0.03780718336483933,12.507876496534323,17.240075614366734,0.21424070573408951,0.0,0.0,0.0,0.0,0.0,0.0,0.0,0.0,0.0,0.0,0.0,0.0,0.0,0.0,0.0,0.0,nan,nan,4.343729694606887,2.904497530975335,nan,0.4026,0.0656,0.0,0.0,0.0,0.0,0.0,0.0,0.0,0.0,0.0,0.0,0.0,0.0,0.0,0.0,0.0,0.0,0.0,0.0,0.0,5.250997689561016e-05,0.0,0.0006196177273682,0.00043058181054400337,0.009766855702583491,0.002142407057340895,0.0020163831127914303,0.02132955261499685,0.008086536441923966,0.00862213820625919,0.004725897920604915,0.01352657004830918,0.01678218861583701,0.034057971014492754,0.023923545473639993,0.04614576769586221,0.03773366939718546,0.056290695232094096,0.038752362948960305,0.06784289014912834,0.0696387313589582,0.04998949800462088,0.07152909052720016,0.024910733039277464,0.06637261079605125,0.07395505145977736,0.04345725687880697,0.0513337534131485,0.031379962192816635,0.02018483511867255,0.014849821466078555,0.025551354757403905,0.01782188615837009,0.01704473850031506,0.014513757613946649,0.0079605124973745,0.00028355387523629487,0.0005566057550934677,0.0032451165721487083,0.002551984877126654,0.0,0.0,2.1003990758244067e-05,0.0,0.0,0.0,0.0,0.0,0.0,0.0,0.0,0.0,0.0,0.0,0.0,0.0,0.0,0.0,0.0,0.0,0.0,0.0,0.0,0.0,0.0,0.0,0.0,0.0,0.0,0.0,0.0,0.0,0.0,0.0,0.0,0.0,0.0,0.0,0.0,0.0,0.0,0.0,nan,nan,4.343729694606887,2.904497530975335,nan,0.8459470211331325,0.03371627560489481,0.0,0.0,0.0,0.0,0.0,0.0,0.0,0.0,0.0,0.0,0.0,0.0,0.0,0.0,0.0,0.0,0.0,0.0,0.0,0.0,0.01208215867901732,0.02416431735803464,0.30205396697543296,1.9573097060007993,7.563431333064842,13.097060008054775,5.304067660088604,1.3773660894079747,0.31413612565445037,0.04832863471606928,0.8441471282435259,0.03480842036686928,0.0,0.0,0.0,0.0,0.0,0.0,0.0,0.0,0.0,0.0,0.0,0.0,0.0,0.0,0.0,0.0,0.0,0.0,0.0,0.0,0.0,0.06584723441615453,0.42142230026338906,2.2651448639157086,8.086040386303777,12.524143985952593,5.175592625109746,1.0272168568920108,0.27655838454784903,0.15803336259877088,0.4026,0.01253,0.0,0.0,0.0,0.0,0.0,0.0,0.0,0.0,0.0,0.0,0.03624647603705196,12.39629480467175,17.337897704389853,0.22956101490132907,0.0,0.0,0.0,0.0,0.0,0.0,0.0,0.0,0.0,0.0,0.0,0.0,0.0,0.0,0.0,0.0,0.4026,0.01228,0.0,0.0,0.0,0.0,0.0,0.0,0.0,0.0,0.0,0.0,0.03950834064969272,12.62949956101842,17.13345039508341,0.19754170324846362,0.0,0.0,0.0,0.0,0.0,0.0,0.0,0.0,0.0,0.0,0.0,0.0,0.0,0.0,0.0,0.0
84600,4847,2516,0.5190839694656488,1188,999,0.45120693212296265,1366,0.5636476170827316,0.40599999999999997,2.9832689832689834,3.145979810893268,6.687692307692307,2.2510173899685513,8379.039694656489,506.33078734222113,7853.0,8866.4,8866.4,0.0,7853.0,0.0,27.59335671549412,20.660775671511274,32.49385447394297,18.936243793252782,0.14049927790385805,0.10026820713843615,0.08768310295027852,0.09655456983701259,0.08479471838250464,0.07551062512894574,0.06746441097586135,0.06354446049102537,0.0585929440891273,0.04848359810191871,0.04415102125025789,0.04456364761708273,0.030121724778213326,0.025170208376315246,0.015886115122756343,0.010315659170621003,0.006395708685785022,0.8439981403831898,0.03513741025849181,0.0,0.0,0.0,0.0,0.0,0.0,0.0,0.0,0.0,0.0,0.0,0.0,0.0,0.0,0.0,0.0,0.0,0.0,0.0,0.006189395502372603,0.030946977511863014,0.06189395502372603,0.3961213121518466,2.110583866309051,8.27522178667217,12.403548586754697,5.168145244481124,1.1140911904270685,0.328037961625748,0.10521972354033425,4.185769478428847,2.92147779749085,4.95,2.906458325866724,1.1825782632105224,4.130937098844672,2.9289060937805176,4.250797702616465,2.914702788259467,1.0290153543624072,0.403,0.01218,0.0,0.0,0.0,0.0,0.0,0.0,0.0,0.0,0.0,0.0,0.06189395502372603,11.796987827522162,17.949246956880547,0.1918712605735507,0.0,0.0,0.0,0.0,0.0,0.0,0.0,0.0,0.0,0.0,0.0,0.0,0.0,0.0,0.0,0.0,nan,nan,4.190658989123481,2.9220173336753006,nan,0.403,0.06525,0.0,0.0,0.0,0.0,0.0,0.0,0.0,0.0,0.0,0.0,0.0,0.0,0.0,0.0,0.0,0.0,0.0,0.0,0.0,3.094697751186301e-05,0.0,0.0005879925727253971,0.0004951516401898082,0.008830204250051578,0.0017949246956880545,0.0015782958531050135,0.021281204868991127,0.007798638332989478,0.008706416340004127,0.004559521353414483,0.013616670105219723,0.017392201361667012,0.033484629667835775,0.02294202599546111,0.04641015060862389,0.03803383536207964,0.054838044151021254,0.040375489993810604,0.06984732824427481,0.06855787084794718,0.045904683309263464,0.07257066226531875,0.02478852898700227,0.06719620383742521,0.07590262017742934,0.04600783990096967,0.04948421704146895,0.03221580358984939,0.01955848978749742,0.016731999174747266,0.025438415514751393,0.018485661233752837,0.01605116566948628,0.014349081906333815,0.006705178460903652,0.0003610480709717351,0.0008149370744790592,0.0035485867546936247,0.0026717557251908397,1.0315659170621002e-05,4.126263668248401e-05,0.0,0.0,0.0,0.0,0.0,0.0,0.0,0.0,0.0,0.0,0.0,0.0,0.0,0.0,0.0,0.0,0.0,0.0,0.0,0.0,0.0,0.0,0.0,0.0,0.0,0.0,0.0,0.0,0.0,0.0,0.0,0.0,0.0,0.0,0.0,0.0,0.0,0.0,0.0,0.0,nan,nan,4.190658989123481,2.9220173336753006,nan,0.8437833530866853,0.035170286031942305,0.0,0.0,0.0,0.0,0.0,0.0,0.0,0.0,0.0,0.0,0.0,0.0,0.0,0.0,0.0,0.0,0.0,0.0,0.0,0.011923688394276632,0.023847376788553264,0.05961844197138316,0.32193958664546907,2.372813990461042,8.239268680445152,12.38871224165342,4.996025437201909,1.1446740858505566,0.3457869634340223,0.09538950715421306,0.8442299742905278,0.03510041583537567,0.0,0.0,0.0,0.0,0.0,0.0,0.0,0.0,0.0,0.0,0.0,0.0,0.0,0.0,0.0,0.0,0.0,0.0,0.0,0.0,0.038610038610038616,0.06435006435006436,0.4761904761904763,1.8275418275418216,8.314028314028315,12.419562419562423,5.353925353925355,1.0810810810810814,0.30888030888030893,0.11583011583011585,0.403,0.01205,0.0,0.0,0.0,0.0,0.0,0.0,0.0,0.0,0.0,0.0,0.023847376788553264,11.709062003179634,18.112082670906204,0.15500794912559623,0.0,0.0,0.0,0.0,0.0,0.0,0.0,0.0,0.0,0.0,0.0,0.0,0.0,0.0,0.0,0.0,0.403,0.012314,0.0,0.0,0.0,0.0,0.0,0.0,0.0,0.0,0.0,0.0,0.10296010296010298,11.891891891891875,17.773487773487776,0.2316602316602317,0.0,0.0,0.0,0.0,0.0,0.0,0.0,0.0,0.0,0.0,0.0,0.0,0.0,0.0,0.0,0.0
84700,4793,2410,0.502816607552681,1124,1005,0.44418944293761736,1361,0.5679115376590862,0.426,2.9097775912715065,3.06371028015157,6.513846153846154,2.150626164494491,8362.554350093887,506.6919603521862,7853.0,8866.4,8866.399999999998,1.8189894035458565e-12,7853.0,0.0,27.981848529104944,20.862746904274807,32.958955223880594,19.09796834556868,0.13874400166910078,0.09618193198414354,0.09576465679115377,0.08595868975589402,0.08470686417692468,0.07531817233465471,0.06968495722929272,0.06321719173795118,0.06259127894846651,0.04736073440433966,0.04068433131650323,0.043187982474441895,0.03421656582516169,0.026288337158355934,0.020029209263509283,0.008762779052785313,0.007302315877321094,0.8430300600937107,0.03517351001145151,0.0,0.0,0.0,0.0,0.0,0.0,0.0,0.0,0.0,0.0,0.0,0.0,0.0,0.0,0.0,0.0,0.0,0.0,0.0,0.0,0.012518255789693306,0.08762779052785315,0.4756937200083456,2.1030669726684685,8.575005215939914,12.449405382849992,4.763196327978302,1.1516795326517841,0.2378468600041728,0.14395994158147302,4.260940561724363,2.8584336405784443,4.375,2.658516190158212,1.0267686058097647,4.264337508239947,2.8554497109118087,4.25765306122449,2.8584715842563195,0.9984324770254369,0.4036,0.0125,0.0,0.0,0.0,0.0,0.0,0.0,0.0,0.0,0.0,0.0,0.06885040684331317,11.485499687043589,18.26413519716253,0.18151470895055294,0.0,0.0,0.0,0.0,0.0,0.0,0.0,0.0,0.0,0.0,0.0,0.0,0.0,0.0,0.0,0.0,nan,nan,4.261827608554763,2.856950416306499,nan,0.4036,0.0657,0.0,0.0,0.0,0.0,0.0,0.0,0.0,0.0,0.0,0.0,0.0,0.0,0.0,0.0,0.0,0.0,0.0,0.0,0.0,0.00012518255789693302,0.0,0.0006259127894846651,0.0006363446693094096,0.010118923430002086,0.0013561443772167744,0.0016065094930106404,0.02061339453369497,0.007531817233465471,0.008794074692259546,0.004871687878155643,0.013665762570415189,0.016649280200292094,0.03303776340496557,0.02287711245566451,0.04809096599207177,0.03717921969538911,0.05200292092635093,0.041977884414771544,0.06828708533277697,0.0666492802002921,0.04674525349467974,0.07108282912580847,0.02368036720216983,0.06806801585645733,0.07305445441268517,0.046672230335906534,0.05097016482370123,0.03551011892343,0.021708741915293137,0.017629876903818068,0.027425412059253078,0.017296056749426247,0.014156060922178176,0.014834133110786563,0.006238264135197163,0.00037554767369079906,0.0007615272272063426,0.0044857083246401,0.002587106196536616,0.0,2.0863759649488838e-05,0.0,0.0,0.0,0.0,0.0,0.0,0.0,0.0,0.0,0.0,0.0,0.0,0.0,0.0,0.0,0.0,0.0,0.0,0.0,0.0,0.0,0.0,0.0,0.0,0.0,0.0,0.0,0.0,0.0,0.0,0.0,0.0,0.0,0.0,0.0,0.0,0.0,0.0,0.0,0.0,nan,nan,4.261827608554763,2.856950416306499,nan,0.8423013432639268,0.03554100362713105,0.0,0.0,0.0,0.0,0.0,0.0,0.0,0.0,0.0,0.0,0.0,0.0,0.0,0.0,0.0,0.0,0.0,0.0,0.0,0.0,0.01244813278008299,0.09958506224066392,0.4730290456431536,2.203319502074682,8.738589211618258,12.448132780082991,4.4688796680497935,1.132780082987552,0.2240663900414938,0.19917012448132784,0.843767033471713,0.03478238144093876,0.0,0.0,0.0,0.0,0.0,0.0,0.0,0.0,0.0,0.0,0.0,0.0,0.0,0.0,0.0,0.0,0.0,0.0,0.0,0.0,0.012589173310952584,0.0755350398657155,0.47838858581619814,2.0016785564414543,8.409567771716326,12.450692404532106,5.060847671002938,1.1707931179185902,0.2517834662190517,0.08812421317666809,0.4033,0.01265,0.0,0.0,0.0,0.0,0.0,0.0,0.0,0.0,0.0,0.0,0.08713692946058094,11.489626556016582,18.224066390041497,0.19917012448132784,0.0,0.0,0.0,0.0,0.0,0.0,0.0,0.0,0.0,0.0,0.0,0.0,0.0,0.0,0.0,0.0,0.4036,0.012344,0.0,0.0,0.0,0.0,0.0,0.0,0.0,0.0,0.0,0.0,0.050356693243810334,11.481326059588737,18.304657994125055,0.1636592530423836,0.0,0.0,0.0,0.0,0.0,0.0,0.0,0.0,0.0,0.0,0.0,0.0,0.0,0.0,0.0,0.0
84800,4903,2519,0.5137670813787477,1208,1013,0.4529879665510912,1378,0.5621048337752397,0.414,2.9261744966442955,3.091380004458693,6.585735963581183,2.1271800985246707,8373.651560269223,506.50789131666454,7853.0,8866.4,8866.4,0.0,7853.0,0.0,28.19090352845197,20.981336044844028,33.21857524920982,19.164765394876138,0.14134203548847643,0.09585967774831736,0.08933306139098511,0.08831327758515195,0.07974709361615337,0.07281256373648787,0.07016112584132164,0.06465429328982256,0.062206812155822966,0.052008974097491334,0.04935753620232511,0.034876606159494186,0.03569243320416072,0.027126249235162145,0.018967978788496837,0.010401794819498267,0.007138486640832144,0.8438164780340753,0.0347437582110749,0.0,0.0,0.0,0.0,0.0,0.0,0.0,0.0,0.0,0.0,0.0,0.0,0.0,0.0,0.0,0.0,0.0,0.0,0.0,0.0,0.006118702834998982,0.08566183968998575,0.4772588211299206,1.9641036100346667,8.235774015908628,12.990006118702839,4.656332857434225,1.1809096471548033,0.2508668162349582,0.15296757087497453,4.175483053531834,2.871373152061444,4.391304347826087,3.017904980709265,1.05168774283773,4.144770408163265,2.85760455168629,4.208436724565757,2.8866043464500137,1.0153606376548863,0.4036,0.012146,0.0,0.0,0.0,0.0,0.0,0.0,0.0,0.0,0.0,0.0,0.030593514174994906,11.454211707118075,18.343871099326947,0.1713236793799715,0.0,0.0,0.0,0.0,0.0,0.0,0.0,0.0,0.0,0.0,0.0,0.0,0.0,0.0,0.0,0.0,nan,nan,4.177044025157232,2.872518027040361,nan,0.4036,0.0658,0.0,0.0,0.0,0.0,0.0,0.0,0.0,0.0,0.0,0.0,0.0,0.0,0.0,0.0,0.0,0.0,0.0,0.0,0.0,0.0001223740566999796,0.0,0.000917805425249847,0.0005404854170915766,0.01011625535386498,0.0016928411176830513,0.0017234346318580462,0.019263716092188455,0.007067101774423822,0.00904548235774016,0.006006526616357332,0.015031613297980828,0.01605139710381399,0.031633693656944725,0.024332041607179278,0.047450540485417095,0.0385886192127269,0.051213542728941464,0.041780542524984705,0.06932490312053845,0.06634713440750561,0.044860289618600856,0.07123189883744646,0.024301448093004285,0.06642871711197226,0.07313889455435447,0.04857230267183357,0.04781766265551703,0.036936569447277176,0.022527024270854578,0.016724454415663878,0.02847236385886192,0.01723434631858046,0.014134203548847644,0.015031613297980828,0.006230879053640628,0.0005506832551499082,0.0002753416275749541,0.004548235774015909,0.0026922292473995513,0.0,2.0395676116663267e-05,2.0395676116663267e-05,0.0,0.0,0.0,0.0,0.0,0.0,0.0,0.0,0.0,0.0,0.0,0.0,0.0,0.0,0.0,0.0,0.0,0.0,0.0,0.0,0.0,0.0,0.0,0.0,0.0,0.0,0.0,0.0,0.0,0.0,0.0,0.0,0.0,0.0,0.0,0.0,0.0,0.0,0.0,nan,nan,4.177044025157232,2.872518027040361,nan,0.8428071230685441,0.03520435271493714,0.0,0.0,0.0,0.0,0.0,0.0,0.0,0.0,0.0,0.0,0.0,0.0,0.0,0.0,0.0,0.0,0.0,0.0,0.0,0.0,0.0,0.14291385470424775,0.571655418816991,2.060341405319565,8.062723302897977,13.052798729654628,4.573243350535928,1.1909487892020645,0.2143707820563716,0.1310043668122271,0.8448829902648526,0.03421801677779024,0.0,0.0,0.0,0.0,0.0,0.0,0.0,0.0,0.0,0.0,0.0,0.0,0.0,0.0,0.0,0.0,0.0,0.0,0.0,0.0,0.012583892617449667,0.025167785234899334,0.37751677852349,1.8624161073825447,8.418624161073827,12.923657718120808,4.744127516778525,1.170302013422819,0.2894295302013423,0.17617449664429535,0.4038,0.0124,0.0,0.0,0.0,0.0,0.0,0.0,0.0,0.0,0.0,0.0,0.047637951568082586,11.147280666931307,18.578801111552206,0.22628026994839226,0.0,0.0,0.0,0.0,0.0,0.0,0.0,0.0,0.0,0.0,0.0,0.0,0.0,0.0,0.0,0.0,0.4033,0.01188,0.0,0.0,0.0,0.0,0.0,0.0,0.0,0.0,0.0,0.0,0.012583892617449667,11.77852348993287,18.09563758389262,0.113255033557047,0.0,0.0,0.0,0.0,0.0,0.0,0.0,0.0,0.0,0.0,0.0,0.0,0.0,0.0,0.0,0.0
84900,4884,2495,0.5108517608517609,1166,1007,0.4449221949221949,1380,0.5651105651105651,0.41,2.881540393470071,3.0621766574918152,6.5616,2.0922249974608373,8370.697174447174,506.5806472361318,7853.0,8866.4,8866.4,0.0,7853.0,0.0,27.394553644553646,20.599495349800456,32.31654852114397,18.888686198562826,0.1423013923013923,0.10421785421785422,0.09807534807534808,0.08374283374283374,0.07616707616707617,0.07821457821457821,0.06920556920556921,0.06408681408681409,0.05692055692055692,0.05405405405405406,0.049754299754299756,0.03501228501228501,0.03337428337428337,0.02190827190827191,0.017813267813267815,0.010237510237510237,0.004914004914004914,0.8438213270136219,0.03507217490165444,0.0,0.0,0.0,0.0,0.0,0.0,0.0,0.0,0.0,0.0,0.0,0.0,0.0,0.0,0.0,0.0,0.0,0.0,0.0,0.0,0.006142506142506144,0.04914004914004915,0.5528255528255529,2.0270270270270205,8.402948402948404,12.014742014742017,5.356265356265358,1.2653562653562658,0.23341523341523346,0.09213759213759216,4.29242819843342,2.7977975493861353,3.896551724137931,2.3539376780518637,0.9077733031294573,4.238591916558018,2.730468790614306,4.338037203335471,2.8547086333904015,1.0234618686429733,0.4036,0.01223,0.0,0.0,0.0,0.0,0.0,0.0,0.0,0.0,0.0,0.0,0.042997542997543006,11.412776412776397,18.292383292383295,0.2518427518427519,0.0,0.0,0.0,0.0,0.0,0.0,0.0,0.0,0.0,0.0,0.0,0.0,0.0,0.0,0.0,0.0,nan,nan,4.2887164565147105,2.794223881743141,nan,0.4036,0.06616,0.0,0.0,0.0,0.0,0.0,0.0,0.0,0.0,0.0,0.0,0.0,0.0,0.0,0.0,0.0,0.0,0.0,0.0,0.0,5.118755118755119e-05,9.213759213759214e-05,0.0009009009009009009,0.0003787878787878788,0.010964373464373465,0.0016789516789516789,0.0016891891891891893,0.01936936936936937,0.006122031122031122,0.008660933660933661,0.006060606060606061,0.012981162981162982,0.01601146601146601,0.03352784602784603,0.0251023751023751,0.048556511056511056,0.042280917280917284,0.04992833742833743,0.03786855036855037,0.06959459459459459,0.0680077805077805,0.043202293202293206,0.07238943488943489,0.024303849303849302,0.06538697788697789,0.07281941031941032,0.04661138411138411,0.05098280098280098,0.0337018837018837,0.022594185094185093,0.01595004095004095,0.027712940212940212,0.019154381654381655,0.014291564291564291,0.015776003276003276,0.005702293202293202,0.0005118755118755119,5.118755118755119e-05,0.006101556101556101,0.0028562653562653564,0.0,5.118755118755119e-05,2.0475020475020476e-05,0.0,0.0,0.0,0.0,0.0,0.0,0.0,0.0,0.0,0.0,0.0,0.0,0.0,0.0,0.0,0.0,0.0,0.0,0.0,0.0,0.0,0.0,0.0,0.0,0.0,0.0,0.0,0.0,0.0,0.0,0.0,0.0,0.0,0.0,0.0,0.0,0.0,0.0,0.0,nan,nan,4.2887164565147105,2.794223881743141,nan,0.8433326259882512,0.03535899957802182,0.0,0.0,0.0,0.0,0.0,0.0,0.0,0.0,0.0,0.0,0.0,0.0,0.0,0.0,0.0,0.0,0.0,0.0,0.0,0.0,0.012024048096192388,0.07214428857715433,0.5771543086172346,2.1523046092184304,8.200400801603207,12.03607214428858,5.374749498997997,1.298597194388778,0.21643286573146298,0.060120240480961935,0.8443317117178076,0.034762764544459826,0.0,0.0,0.0,0.0,0.0,0.0,0.0,0.0,0.0,0.0,0.0,0.0,0.0,0.0,0.0,0.0,0.0,0.0,0.0,0.0,0.0,0.025115110925073257,0.5274173294265384,1.896190874843025,8.614483047300126,11.99246546672248,5.3369610715780675,1.2306404353285896,0.2511511092507326,0.1255755546253663,0.4036,0.01227,0.0,0.0,0.0,0.0,0.0,0.0,0.0,0.0,0.0,0.0,0.024048096192384776,11.567134268537059,18.120240480961925,0.2885771543086173,0.0,0.0,0.0,0.0,0.0,0.0,0.0,0.0,0.0,0.0,0.0,0.0,0.0,0.0,0.0,0.0,0.4038,0.01219,0.0,0.0,0.0,0.0,0.0,0.0,0.0,0.0,0.0,0.0,0.06278777731268315,11.251569694432801,18.47216408539138,0.2134784428631227,0.0,0.0,0.0,0.0,0.0,0.0,0.0,0.0,0.0,0.0,0.0,0.0,0.0,0.0,0.0,0.0
85000,4766,2419,0.5075535039865715,1129,982,0.4429290809903483,1358,0.5698699118757868,0.40199999999999997,2.962079250106519,3.0126579327697454,6.3179856115107915,2.1653667607188547,8367.354720939991,506.6421767355445,7853.0,8866.4,8866.4,0.0,7853.0,0.0,28.504825849769198,21.149168413722474,33.51497005988024,19.324605938020632,0.1384809064204784,0.09924464960134284,0.0843474611833823,0.08791439362148552,0.0809903483004616,0.07532522031053294,0.0677717163239614,0.06189676877885019,0.05937893411665967,0.054133445237096095,0.04427192614351658,0.045740663029794376,0.03336130927402434,0.028745279060008393,0.018464120856063786,0.01321863197650021,0.006714225765841376,0.844654047609226,0.033781317724925736,0.0,0.0,0.0,0.0,0.0,0.0,0.0,0.0,0.0,0.0,0.0,0.0,0.0,0.0,0.0,0.0,0.0,0.0,0.0,0.0,0.006294586655476292,0.10071338648762067,0.3273185060847672,1.951321863197644,8.120016785564417,12.878724297104494,5.054553084347462,1.233738984473353,0.24548887956357537,0.0818296265211918,4.153622250970246,2.7582657988206005,4.409090909090909,3.18603616525001,1.0615050292695702,4.154293092317625,2.7483340750028695,4.156549520766773,2.7746738423198076,1.000543155814721,0.404,0.01247,0.0,0.0,0.0,0.0,0.0,0.0,0.0,0.0,0.0,0.0,0.044062106588334045,11.00293747377254,18.68862778010911,0.2643726395300042,0.0,0.0,0.0,0.0,0.0,0.0,0.0,0.0,0.0,0.0,0.0,0.0,0.0,0.0,0.0,0.0,nan,nan,4.155427103403982,2.761603259566338,nan,0.404,0.0669,0.0,0.0,0.0,0.0,0.0,0.0,0.0,0.0,0.0,0.0,0.0,0.0,0.0,0.0,0.0,0.0,0.0,0.0,0.0,0.0,0.00011540075535039866,0.0007763323541754092,0.0004511120436424675,0.0101237935375577,0.0010805707091900965,0.0017100293747377255,0.021296684851028116,0.006934536298783047,0.009064204783885858,0.006137221989089383,0.012305916911456148,0.018422156945027277,0.03384389425094419,0.025209819555182544,0.04885648342425514,0.039571968107427614,0.0484158623583718,0.03742131766680654,0.06921947125472094,0.06838019303399077,0.04271926143516576,0.07225136382710869,0.024569869911875788,0.06417331095258078,0.06976500209819556,0.043747377255560216,0.051605119597146455,0.03531263113722199,0.02227234578262694,0.01697440201426773,0.02868233319345363,0.019135543432647922,0.014897188417960554,0.018380193033990768,0.005906420478388586,0.000692404532102392,3.147293327738145e-05,0.006472933277381452,0.0029689467058329837,0.0,8.39278220730172e-05,2.09819555182543e-05,0.0,0.0,0.0,0.0,0.0,0.0,0.0,0.0,0.0,0.0,0.0,0.0,0.0,0.0,0.0,0.0,0.0,0.0,0.0,0.0,0.0,0.0,0.0,0.0,0.0,0.0,0.0,0.0,0.0,0.0,0.0,0.0,0.0,0.0,0.0,0.0,0.0,0.0,0.0,nan,nan,4.155427103403982,2.761603259566338,nan,0.8449263070525587,0.03347358477813737,0.0,0.0,0.0,0.0,0.0,0.0,0.0,0.0,0.0,0.0,0.0,0.0,0.0,0.0,0.0,0.0,0.0,0.0,0.0,0.0,0.0,0.08681273253410503,0.2356345597354279,1.9346837536171912,8.47044233154196,12.687060768912778,4.9979330301777605,1.1905746176105831,0.31004547333608934,0.08681273253410503,0.8443734359375508,0.034093309491075925,0.0,0.0,0.0,0.0,0.0,0.0,0.0,0.0,0.0,0.0,0.0,0.0,0.0,0.0,0.0,0.0,0.0,0.0,0.0,0.0,0.012782275244993611,0.11504047720494251,0.4218150830847892,1.9684703877290095,7.758841073711122,13.076267575628465,5.112910097997444,1.278227524499361,0.17895185342991057,0.07669365146996167,0.4045,0.01247,0.0,0.0,0.0,0.0,0.0,0.0,0.0,0.0,0.0,0.0,0.0496072757337743,10.628358825961126,19.02439024390244,0.2976436544026458,0.0,0.0,0.0,0.0,0.0,0.0,0.0,0.0,0.0,0.0,0.0,0.0,0.0,0.0,0.0,0.0,0.4036,0.01245,0.0,0.0,0.0,0.0,0.0,0.0,0.0,0.0,0.0,0.0,0.038346825734980834,11.389007243289289,18.342564976565832,0.23008095440988502,0.0,0.0,0.0,0.0,0.0,0.0,0.0,0.0,0.0,0.0,0.0,0.0,0.0,0.0,0.0,0.0
85100,4686,2418,0.5160051216389244,1130,948,0.4434485702091336,1320,0.5633802816901409,0.418,3.0202821869488536,3.0904263488024255,6.521936459909228,2.1214743543594192,8375.919590268886,506.44033695146095,7853.0,8866.4,8866.399999999998,1.8189894035458565e-12,7853.0,0.0,28.60264618011097,21.188966112841594,33.72155764825656,19.3038778670064,0.13892445582586427,0.0998719590268886,0.08706786171574904,0.08301323090055485,0.08023900981647461,0.0678617157490397,0.0670081092616304,0.06274007682458387,0.0670081092616304,0.0548442168160478,0.04673495518565941,0.04182671788305591,0.03627827571489543,0.027955612462654718,0.020059752454118653,0.012590695689287239,0.00597524541186513,0.8434135821249258,0.03358658356363933,0.0,0.0,0.0,0.0,0.0,0.0,0.0,0.0,0.0,0.0,0.0,0.0,0.0,0.0,0.0,0.0,0.0,0.0,0.0,0.0,0.01920614596670935,0.05121638924455827,0.3329065300896288,2.1702944942381497,8.412291933418695,12.71446862996159,4.852752880921896,1.1011523687580027,0.2752880921895007,0.07042253521126762,4.196516595465002,2.852288809790615,3.9285714285714284,1.9807749462660067,0.9361505761270835,4.261237785016287,2.8422411270404284,4.128777923784494,2.854182850089767,0.968915167865647,0.404,0.01223,0.0,0.0,0.0,0.0,0.0,0.0,0.0,0.0,0.0,0.0,0.01920614596670935,11.075544174135707,18.66837387964149,0.236875800256082,0.0,0.0,0.0,0.0,0.0,0.0,0.0,0.0,0.0,0.0,0.0,0.0,0.0,0.0,0.0,0.0,nan,nan,4.195289499509323,2.8489627705143072,nan,0.404,0.0668,0.0,0.0,0.0,0.0,0.0,0.0,0.0,0.0,0.0,0.0,0.0,0.0,0.0,0.0,0.0,0.0,0.0,0.0,0.0,0.0,8.536064874093044e-05,0.0010136577037985488,0.00040546308151941953,0.009624413145539907,0.0008642765685019206,0.0018032437046521554,0.020977379428083653,0.00765044814340589,0.010115236875800257,0.006572769953051643,0.012195902688860435,0.01761630388390952,0.03161545027742211,0.024189073836961162,0.04942381562099872,0.038903115663679044,0.04501707212974818,0.037121212121212124,0.07555484421681605,0.07016645326504481,0.04488903115663679,0.07143619291506616,0.02658984208279983,0.06411651728553137,0.06757362355953905,0.04286171574903969,0.050586854460093894,0.037334613743064446,0.01971830985915493,0.01688006828851899,0.028777208706786173,0.019664959453691847,0.014447289799402475,0.01723218096457533,0.00499359795134443,0.00046948356807511736,0.00013871105420401196,0.007586427656850192,0.0034997865983781478,0.0,0.0002667520273154076,2.134016218523261e-05,0.0,0.0,0.0,0.0,0.0,0.0,0.0,0.0,0.0,0.0,0.0,0.0,0.0,0.0,0.0,0.0,0.0,0.0,0.0,0.0,0.0,0.0,0.0,0.0,0.0,0.0,0.0,0.0,0.0,0.0,0.0,0.0,0.0,0.0,0.0,0.0,0.0,0.0,0.0,nan,nan,4.195289499509323,2.8489627705143072,nan,0.8437640680272881,0.03382576065938443,0.0,0.0,0.0,0.0,0.0,0.0,0.0,0.0,0.0,0.0,0.0,0.0,0.0,0.0,0.0,0.0,0.0,0.0,0.0,0.0,0.012406947890818861,0.0620347394540943,0.3349875930521093,2.2456575682382063,7.9776674937965275,12.779156327543427,5.161290322580647,1.0918114143920596,0.2729528535980149,0.0620347394540943,0.8430399159380157,0.0333256379881604,0.0,0.0,0.0,0.0,0.0,0.0,0.0,0.0,0.0,0.0,0.0,0.0,0.0,0.0,0.0,0.0,0.0,0.0,0.0,0.0,0.02645502645502646,0.03968253968253969,0.33068783068783075,2.0899470899470836,8.875661375661377,12.64550264550265,4.523809523809525,1.1111111111111114,0.27777777777777785,0.07936507936507937,0.404,0.012375,0.0,0.0,0.0,0.0,0.0,0.0,0.0,0.0,0.0,0.0,0.03722084367245658,11.029776674937949,18.697270471464023,0.23573200992555837,0.0,0.0,0.0,0.0,0.0,0.0,0.0,0.0,0.0,0.0,0.0,0.0,0.0,0.0,0.0,0.0,0.404,0.01208,0.0,0.0,0.0,0.0,0.0,0.0,0.0,0.0,0.0,0.0,0.0,11.124338624338609,18.63756613756614,0.23809523809523814,0.0,0.0,0.0,0.0,0.0,0.0,0.0,0.0,0.0,0.0,0.0,0.0,0.0,0.0,0.0,0.0
85200,5080,2616,0.5149606299212598,1201,1075,0.44803149606299214,1450,0.5708661417322834,0.37399999999999994,2.8603896103896105,2.9944465661978565,6.4969325153374236,1.923775152125793,8374.861102362205,506.4731295687488,7853.0,8866.4,8866.399999999998,1.8189894035458565e-12,7853.0,0.0,27.78248031496063,20.646521893262857,32.42196934509986,19.001615068741174,0.13267716535433072,0.1047244094488189,0.09468503937007874,0.08838582677165355,0.08326771653543306,0.07519685039370079,0.06929133858267716,0.06633858267716536,0.05511811023622047,0.05177165354330709,0.04566929133858268,0.039566929133858265,0.03326771653543307,0.028543307086614175,0.01673228346456693,0.009645669291338583,0.005118110236220472,0.8421349349571026,0.03440111081672039,0.0,0.0,0.0,0.0,0.0,0.0,0.0,0.0,0.0,0.0,0.0,0.0,0.0,0.0,0.0,0.0,0.0,0.0,0.0,0.0,0.005905511811023624,0.07086614173228348,0.531496062992126,2.1614173228346387,8.622047244094489,12.472440944881892,4.771653543307087,1.033464566929134,0.265748031496063,0.06496062992125985,4.175671503550478,2.7928945986396925,3.2222222222222223,3.136798714109579,0.7716656397617582,4.1361416361416365,2.7777504728360523,4.205064854848672,2.813529308533224,1.0166636505154427,0.4038,0.012375,0.0,0.0,0.0,0.0,0.0,0.0,0.0,0.0,0.0,0.0,0.023622047244094495,11.39173228346455,18.342519685039374,0.24212598425196855,0.0,0.0,0.0,0.0,0.0,0.0,0.0,0.0,0.0,0.0,0.0,0.0,0.0,0.0,0.0,0.0,nan,nan,4.170402210623273,2.7958051592552535,nan,0.4038,0.0671,0.0,0.0,0.0,0.0,0.0,0.0,0.0,0.0,0.0,0.0,0.0,0.0,0.0,0.0,0.0,0.0,0.0,0.0,0.0,0.0,9.84251968503937e-06,0.0008661417322834646,0.0003838582677165354,0.010846456692913386,0.0007677165354330708,0.0014960629921259843,0.01970472440944882,0.007362204724409449,0.01046259842519685,0.00875,0.011968503937007874,0.017736220472440944,0.03280511811023622,0.02276574803149606,0.05042322834645669,0.03976377952755906,0.042214566929133855,0.03808070866141732,0.07633858267716535,0.07149606299212598,0.04490157480314961,0.07248031496062993,0.02482283464566929,0.06422244094488189,0.06695866141732283,0.042568897637795276,0.049330708661417325,0.03614173228346457,0.019458661417322835,0.017854330708661416,0.029202755905511812,0.01970472440944882,0.012844488188976377,0.016614173228346456,0.005393700787401575,0.0005216535433070866,0.00011811023622047244,0.008198818897637796,0.004183070866141733,2.952755905511811e-05,0.0001968503937007874,9.84251968503937e-06,0.0,0.0,0.0,0.0,0.0,0.0,0.0,0.0,0.0,0.0,0.0,0.0,0.0,0.0,0.0,0.0,0.0,0.0,0.0,0.0,0.0,0.0,0.0,0.0,0.0,0.0,0.0,0.0,0.0,0.0,0.0,0.0,0.0,0.0,0.0,0.0,0.0,0.0,0.0,nan,nan,4.170402210623273,2.7958051592552535,nan,0.8420237868978707,0.034336858152279014,0.0,0.0,0.0,0.0,0.0,0.0,0.0,0.0,0.0,0.0,0.0,0.0,0.0,0.0,0.0,0.0,0.0,0.0,0.0,0.0,0.0,0.057339449541284414,0.6307339449541286,2.1100917431192596,8.623853211009175,12.419724770642205,4.759174311926607,1.0435779816513764,0.30963302752293587,0.04587155963302753,0.8422529395524557,0.03446880378639881,0.0,0.0,0.0,0.0,0.0,0.0,0.0,0.0,0.0,0.0,0.0,0.0,0.0,0.0,0.0,0.0,0.0,0.0,0.0,0.0,0.012175324675324678,0.08522727272727275,0.4261363636363637,2.2159090909090837,8.62012987012987,12.528409090909093,4.784902597402598,1.022727272727273,0.21915584415584421,0.08522727272727275,0.4038,0.01236,0.0,0.0,0.0,0.0,0.0,0.0,0.0,0.0,0.0,0.0,0.011467889908256883,11.238532110091727,18.53211009174312,0.2178899082568808,0.0,0.0,0.0,0.0,0.0,0.0,0.0,0.0,0.0,0.0,0.0,0.0,0.0,0.0,0.0,0.0,0.4038,0.01239,0.0,0.0,0.0,0.0,0.0,0.0,0.0,0.0,0.0,0.0,0.03652597402597403,11.5543831168831,18.141233766233768,0.2678571428571429,0.0,0.0,0.0,0.0,0.0,0.0,0.0,0.0,0.0,0.0,0.0,0.0,0.0,0.0,0.0,0.0
85300,4247,2153,0.5069460795855898,986,838,0.4294796326818931,1170,0.5509771603484813,0.422,2.941738299904489,3.058400996203097,6.385502471169687,2.0567694401803505,8366.739157052038,506.65110309560816,7853.0,8866.4,8866.399999999998,1.8189894035458565e-12,7853.0,0.0,28.490463856840123,21.34364221068105,33.488105233697176,19.58357937550161,0.13892159171179655,0.09983517777254533,0.09371320932422887,0.08476571697668943,0.08076289145279021,0.07252178008005651,0.06239698610784083,0.06216152578290558,0.05745231928420061,0.04826936661172592,0.05062396986107841,0.043560160113020954,0.036967271014834,0.028961619967035553,0.02072050859430186,0.01036025429715093,0.008005651047798447,0.8414278373539743,0.033095354618525016,0.0,0.0,0.0,0.0,0.0,0.0,0.0,0.0,0.0,0.0,0.0,0.0,0.0,0.0,0.0,0.0,0.0,0.0,0.0,0.0,0.02119142924417236,0.08476571697668944,0.4732752531198494,2.1473981634094588,8.716741229102897,12.926771838945141,4.506710619260655,0.9394866964916414,0.14834000470920652,0.03531904874028727,4.226435935198822,2.816147284880042,3.909090909090909,2.6441890131361796,0.9249142703276338,4.228426395939087,2.802548007399251,4.218703976435935,2.8284329720392,0.9977007003095788,0.4036,0.01264,0.0,0.0,0.0,0.0,0.0,0.0,0.0,0.0,0.0,0.0,0.056510477984459635,11.782434659759813,17.84318342359313,0.3178714386625854,0.0,0.0,0.0,0.0,0.0,0.0,0.0,0.0,0.0,0.0,0.0,0.0,0.0,0.0,0.0,0.0,nan,nan,4.223886048210373,2.8149500352003756,nan,0.4036,0.0674,0.0,0.0,0.0,0.0,0.0,0.0,0.0,0.0,0.0,0.0,0.0,0.0,0.0,0.0,0.0,0.0,0.0,0.0,3.531904874028726e-05,0.0,0.0,0.0012950317871438662,0.00037673651989639744,0.010501530492112079,0.0011655286084294796,0.0015069460795855897,0.020944195902990344,0.006581116081940193,0.01031316223216388,0.008064516129032258,0.012338121026607017,0.017741935483870968,0.03117494702142689,0.022933835648693196,0.05098893336472805,0.043795620437956206,0.04290087120320226,0.040428537791382155,0.07392276901342124,0.07015540381445727,0.04334824582057923,0.07291028961619966,0.02455851189074641,0.06295031787143866,0.0678596656463386,0.04106428066870732,0.05001177301624676,0.03467153284671533,0.02009653873322345,0.01873086884859901,0.026913115140098892,0.01990817047327525,0.014021662349894043,0.016647044972922062,0.004850482693666117,0.000812338121026607,0.0,0.008829762185071815,0.004509065222510007,4.709206498704968e-05,9.418412997409936e-05,0.0,0.0,0.0,0.0,0.0,0.0,0.0,0.0,0.0,0.0,0.0,0.0,0.0,0.0,0.0,0.0,0.0,0.0,0.0,0.0,0.0,0.0,0.0,0.0,0.0,0.0,0.0,0.0,0.0,0.0,0.0,0.0,0.0,0.0,0.0,0.0,0.0,0.0,0.0,0.0,nan,nan,4.223886048210373,2.8149500352003756,nan,0.8415561829452675,0.03367483219907582,0.0,0.0,0.0,0.0,0.0,0.0,0.0,0.0,0.0,0.0,0.0,0.0,0.0,0.0,0.0,0.0,0.0,0.0,0.0,0.0,0.013934045517882028,0.0975383186251742,0.5573618207152811,2.0343706456107693,8.875986994890852,12.554575011611709,4.6400371574547155,1.045053413841152,0.12540640966093825,0.05573618207152811,0.8412958755306437,0.032488246328918884,0.0,0.0,0.0,0.0,0.0,0.0,0.0,0.0,0.0,0.0,0.0,0.0,0.0,0.0,0.0,0.0,0.0,0.0,0.0,0.0,0.028653295128939833,0.07163323782234958,0.3868194842406878,2.2636103151862397,8.55300859598854,13.309455587392554,4.369627507163325,0.8309455587392552,0.17191977077363899,0.014326647564469917,0.4038,0.01264,0.0,0.0,0.0,0.0,0.0,0.0,0.0,0.0,0.0,0.0,0.05573618207152811,11.425917324663244,18.197863446353928,0.32048304691128665,0.0,0.0,0.0,0.0,0.0,0.0,0.0,0.0,0.0,0.0,0.0,0.0,0.0,0.0,0.0,0.0,0.403,0.01263,0.0,0.0,0.0,0.0,0.0,0.0,0.0,0.0,0.0,0.0,0.05730659025787967,12.14899713467047,17.4785100286533,0.31518624641833815,0.0,0.0,0.0,0.0,0.0,0.0,0.0,0.0,0.0,0.0,0.0,0.0,0.0,0.0,0.0,0.0
85400,4243,2230,0.5255715295781287,1023,847,0.4407259014847985,1174,0.5533820410087202,0.418,2.8892200695479384,3.0649774021455336,6.441330998248686,2.128443265117007,8385.614188074476,506.0369006865414,7853.0,8866.4,8866.4,0.0,7853.0,0.0,28.832665566815933,21.314249711444894,33.71281337047354,19.535033243888304,0.13410322884751355,0.09309450860240395,0.0928588263021447,0.08932359179825596,0.07966061748762668,0.07400424228140466,0.06504831487155315,0.060806033466886636,0.06009898656610888,0.05609238746170163,0.04666509545133161,0.0438369078482206,0.03535234503888758,0.02710346452981381,0.020504360122554795,0.012255479613481028,0.00919160971011077,0.8404355752364155,0.03398822908346118,0.0,0.0,0.0,0.0,0.0,0.0,0.0,0.0,0.0,0.0,0.0,0.0,0.0,0.0,0.0,0.0,0.0,0.0,0.0,0.0,0.007070469007777518,0.07777515908555269,0.4878623615366487,2.375677586613238,9.361300966297433,12.33089794956399,4.150365307565402,0.8696676879566346,0.2828187603111007,0.05656375206222014,4.190199637023594,2.868208328627194,4.130434782608695,2.3829894967034293,0.9857369911717737,4.150110375275938,2.8834838970301977,4.226375176304654,2.8463637714827414,1.0183765717372386,0.4036,0.01222,0.0,0.0,0.0,0.0,0.0,0.0,0.0,0.0,0.0,0.0,0.021211407023332553,11.468300730615114,18.25595097808155,0.2545368842799906,0.0,0.0,0.0,0.0,0.0,0.0,0.0,0.0,0.0,0.0,0.0,0.0,0.0,0.0,0.0,0.0,nan,nan,4.189704823614111,2.8645336019400087,nan,0.4036,0.0673,0.0,0.0,0.0,0.0,0.0,0.0,0.0,0.0,0.0,0.0,0.0,0.0,0.0,0.0,0.0,0.0,0.0,0.0,0.0,0.0,4.713646005185011e-05,0.0010134338911147772,0.0004360122554796135,0.011265613952392175,0.0012137638463351403,0.0014258779165684657,0.01991515437190667,0.005974546311572001,0.00998114541597926,0.009309450860240397,0.01198444496818289,0.017982559509780817,0.031039358944143294,0.022319113834551024,0.05189724251708697,0.04334197501767617,0.042835258072118784,0.03825123733207636,0.0728611831251473,0.06976196087673815,0.04683007306151308,0.07677350930945086,0.026031110063634223,0.06198444496818289,0.06526042894178648,0.03972425170869668,0.049693613009662976,0.03353759132689135,0.022354466179589912,0.019149186896064107,0.02617251944378977,0.019797313221777045,0.013964176290360593,0.015896771152486448,0.0054089087909498,0.000695262785764789,0.0,0.009262314400188546,0.004301201979731322,0.00020032995522036294,0.00010605703511666274,0.0,0.0,0.0,0.0,0.0,0.0,0.0,0.0,0.0,0.0,0.0,0.0,0.0,0.0,0.0,0.0,0.0,0.0,0.0,0.0,0.0,0.0,0.0,0.0,0.0,0.0,0.0,0.0,0.0,0.0,0.0,0.0,0.0,0.0,0.0,0.0,0.0,0.0,0.0,0.0,nan,nan,4.189704823614111,2.8645336019400087,nan,0.8404981717667772,0.03375041722079704,0.0,0.0,0.0,0.0,0.0,0.0,0.0,0.0,0.0,0.0,0.0,0.0,0.0,0.0,0.0,0.0,0.0,0.0,0.0,0.0,0.0,0.05381165919282512,0.5515695067264575,2.17937219730941,9.699551569506728,12.134529147982066,4.103139013452916,0.9282511210762334,0.34977578475336335,0.0,0.8403662308436155,0.034249615549649066,0.0,0.0,0.0,0.0,0.0,0.0,0.0,0.0,0.0,0.0,0.0,0.0,0.0,0.0,0.0,0.0,0.0,0.0,0.0,0.0,0.014903129657228021,0.10432190760059615,0.4172876304023846,2.593144560357667,8.986587183308497,12.548435171385995,4.202682563338302,0.8047690014903132,0.2086438152011923,0.11922503725782417,0.4033,0.01214,0.0,0.0,0.0,0.0,0.0,0.0,0.0,0.0,0.0,0.0,0.04035874439461884,11.58295964125559,18.147982062780272,0.22869955156950678,0.0,0.0,0.0,0.0,0.0,0.0,0.0,0.0,0.0,0.0,0.0,0.0,0.0,0.0,0.0,0.0,0.4038,0.01231,0.0,0.0,0.0,0.0,0.0,0.0,0.0,0.0,0.0,0.0,0.0,11.341281669150506,18.375558867362148,0.2831594634873324,0.0,0.0,0.0,0.0,0.0,0.0,0.0,0.0,0.0,0.0,0.0,0.0,0.0,0.0,0.0,0.0
85500,4386,2237,0.510031919744642,1032,920,0.44505243958048335,1261,0.5750113999088007,0.422,3.026523964634714,3.160915345778961,6.7683333333333335,2.2025736209161217,8369.866347469222,506.59800175201525,7853.0,8866.4,8866.4,0.0,7853.0,0.0,27.75581395348837,20.790376013429775,32.761567773543824,19.00116844077645,0.1434108527131783,0.09461924304605564,0.09484724122207022,0.08572731418148655,0.08527131782945736,0.08071135430916553,0.06611947104423165,0.0617875056999544,0.0560875512995896,0.04970360237118103,0.04696762425900593,0.0392156862745098,0.038075695394436844,0.02553579571363429,0.016187870497036023,0.007979936160510716,0.007751937984496124,0.839264227859625,0.033983515452846294,0.0,0.0,0.0,0.0,0.0,0.0,0.0,0.0,0.0,0.0,0.0,0.0,0.0,0.0,0.0,0.0,0.0,0.0,0.0,0.0,0.0,0.09575923392612862,0.5129958960328318,2.5718194254445885,9.528043775649797,11.963064295485639,4.124487004103968,0.9439124487004106,0.18467852257181946,0.07523939808481533,4.381668456856427,2.9319249351974057,4.133333333333334,3.127654428197307,0.943324072560876,4.304439746300211,2.9025130698980566,4.454415954415954,2.9639431728400645,1.034842213378559,0.404,0.01254,0.0,0.0,0.0,0.0,0.0,0.0,0.0,0.0,0.0,0.0,0.041039671682626545,11.25854993160053,18.399452804377567,0.30095759233926134,0.0,0.0,0.0,0.0,0.0,0.0,0.0,0.0,0.0,0.0,0.0,0.0,0.0,0.0,0.0,0.0,nan,nan,4.379029401346085,2.9341840863197755,nan,0.404,0.0674,0.0,0.0,0.0,0.0,0.0,0.0,0.0,0.0,0.0,0.0,0.0,0.0,0.0,0.0,0.0,0.0,0.0,0.0,0.0,0.0,6.839945280437756e-05,0.0008777929776561787,0.00043319653442772457,0.011160510715914273,0.0010829913360693114,0.0014363885088919288,0.01851345189238486,0.005449156406748746,0.01010031919744642,0.01039671682626539,0.011867305061559507,0.01827405380756954,0.030962152302781577,0.02106703146374829,0.05386456908344733,0.0417578659370725,0.04447104423164615,0.038520291837665296,0.07399680802553579,0.0679890560875513,0.04663702690378477,0.07586639306885545,0.026071591427268583,0.06325809393524852,0.06835385316917465,0.0369813041495668,0.05062699498404013,0.03445052439580484,0.020360237118103055,0.01886684906520748,0.025227998176014593,0.01831965344277246,0.015332877336981304,0.01545827633378933,0.005255357957136343,0.0009005927952576379,0.0,0.010043319653442772,0.005483356133150935,0.00021659826721386229,0.0,0.0,0.0,0.0,0.0,0.0,0.0,0.0,0.0,0.0,0.0,0.0,0.0,0.0,0.0,0.0,0.0,0.0,0.0,0.0,0.0,0.0,0.0,0.0,0.0,0.0,0.0,0.0,0.0,0.0,0.0,0.0,0.0,0.0,0.0,0.0,0.0,0.0,0.0,0.0,0.0,nan,nan,4.379029401346085,2.9341840863197755,nan,0.8380944845822437,0.03436588422844207,0.0,0.0,0.0,0.0,0.0,0.0,0.0,0.0,0.0,0.0,0.0,0.0,0.0,0.0,0.0,0.0,0.0,0.0,0.0,0.0,0.0,0.10728654447921326,0.5900759946356728,2.6419311578006175,9.80330800178811,12.002682163611983,3.7013857845328575,0.8180599016540011,0.24139472507822982,0.0938757264193116,0.8404818712805193,0.03353755304752499,0.0,0.0,0.0,0.0,0.0,0.0,0.0,0.0,0.0,0.0,0.0,0.0,0.0,0.0,0.0,0.0,0.0,0.0,0.0,0.0,0.0,0.08375988832014893,0.43275942298743614,2.498836668217768,9.241507677989764,11.921824104234531,4.564913913448116,1.0749185667752446,0.1256398324802234,0.05583992554676595,0.4043,0.01259,0.0,0.0,0.0,0.0,0.0,0.0,0.0,0.0,0.0,0.0,0.05364327223960663,11.010281627179241,18.69468037550291,0.24139472507822982,0.0,0.0,0.0,0.0,0.0,0.0,0.0,0.0,0.0,0.0,0.0,0.0,0.0,0.0,0.0,0.0,0.4038,0.01249,0.0,0.0,0.0,0.0,0.0,0.0,0.0,0.0,0.0,0.0,0.027919962773382975,11.516984644020457,18.092135877152167,0.3629595160539787,0.0,0.0,0.0,0.0,0.0,0.0,0.0,0.0,0.0,0.0,0.0,0.0,0.0,0.0,0.0,0.0
85600,4394,2300,0.5234410559854347,1076,868,0.4424214838416022,1217,0.5539371870732818,0.434,3.0730659025787967,3.099574863545135,6.598023064250412,2.0886125817791648,8383.45516613564,506.1428475063813,7853.0,8866.4,8866.399999999998,1.8189894035458565e-12,7853.0,0.0,28.293354574419663,21.10917750757546,33.2765899864682,19.31926286029509,0.14292216659080564,0.09649522075557579,0.08875739644970414,0.08488848429676832,0.08375056895766955,0.07146108329540282,0.06895766954938552,0.06440600819299044,0.05279927173418298,0.05780609922621757,0.047337278106508875,0.04142011834319527,0.03140646335912608,0.028447883477469276,0.022075557578516158,0.010013654984069186,0.007055075102412381,0.8390206096928717,0.0327598848231063,0.0,0.0,0.0,0.0,0.0,0.0,0.0,0.0,0.0,0.0,0.0,0.0,0.0,0.0,0.0,0.0,0.0,0.0,0.0,0.0,0.0,0.08192990441511153,0.4984069185252618,2.4305871643149675,9.763313609467458,12.016385980883026,4.171597633136096,0.8397815202548933,0.1502048247610378,0.047792444242148395,4.2616525423728815,2.8402073973680437,3.96,2.690427475328038,0.9292170022371364,4.279298245614035,2.8265457560509355,4.238826815642458,2.8513352293476317,0.9905425077550841,0.4043,0.01245,0.0,0.0,0.0,0.0,0.0,0.0,0.0,0.0,0.0,0.0,0.04096495220755576,11.183431952662705,18.5229858898498,0.2526172052799272,0.0,0.0,0.0,0.0,0.0,0.0,0.0,0.0,0.0,0.0,0.0,0.0,0.0,0.0,0.0,0.0,nan,nan,4.2590129506475325,2.8390700346619444,nan,0.4043,0.06714,0.0,0.0,0.0,0.0,0.0,0.0,0.0,0.0,0.0,0.0,0.0,0.0,0.0,0.0,0.0,0.0,0.0,0.0,0.0,0.0,7.965407373691397e-05,0.0009899863450159307,0.0003413746017296313,0.010958124715521165,0.0010013654984069185,0.0007510241238051888,0.018923532089212564,0.004153390987710514,0.01098088302230314,0.010548475193445608,0.010377787892580792,0.01902594446973145,0.03134956759217114,0.019424214838416023,0.053288575329995445,0.0405553026854802,0.04677969959035048,0.03701638598088302,0.07770823850705508,0.0687073281747838,0.04830450614474283,0.07631998179335457,0.02654756486117433,0.0605598543468366,0.06970869367319071,0.0362084660901229,0.049817933545744195,0.03319299044151115,0.01863905325443787,0.019219390077378242,0.025273099681383707,0.0195380063723259,0.01635184342284934,0.015634956759217115,0.0053709604005462,0.0009786071916249432,0.0,0.009979517523896222,0.005052344105598543,0.00028447883477469274,1.137915339098771e-05,0.0,4.551661356395084e-05,0.0,0.0,0.0,0.0,0.0,0.0,0.0,0.0,0.0,0.0,0.0,0.0,0.0,0.0,0.0,0.0,0.0,0.0,0.0,0.0,0.0,0.0,0.0,0.0,0.0,0.0,0.0,0.0,0.0,0.0,0.0,0.0,0.0,0.0,0.0,0.0,0.0,0.0,nan,nan,4.2590129506475325,2.8390700346619444,nan,0.8397013104480245,0.03210193204648868,0.0,0.0,0.0,0.0,0.0,0.0,0.0,0.0,0.0,0.0,0.0,0.0,0.0,0.0,0.0,0.0,0.0,0.0,0.0,0.0,0.0,0.05217391304347827,0.46956521739130447,2.3217391304347754,9.67826086956522,12.182608695652178,4.291304347826088,0.8347826086956524,0.14347826086956525,0.026086956521739136,0.8382729441069828,0.03345170301415771,0.0,0.0,0.0,0.0,0.0,0.0,0.0,0.0,0.0,0.0,0.0,0.0,0.0,0.0,0.0,0.0,0.0,0.0,0.0,0.0,0.0,0.11461318051575933,0.530085959885387,2.550143266475637,9.856733524355302,11.833810888252152,4.040114613180517,0.8452722063037251,0.15759312320916907,0.07163323782234958,0.4043,0.01241,0.0,0.0,0.0,0.0,0.0,0.0,0.0,0.0,0.0,0.0,0.05217391304347827,10.995652173913028,18.665217391304353,0.2869565217391305,0.0,0.0,0.0,0.0,0.0,0.0,0.0,0.0,0.0,0.0,0.0,0.0,0.0,0.0,0.0,0.0,0.404,0.012505,0.0,0.0,0.0,0.0,0.0,0.0,0.0,0.0,0.0,0.0,0.028653295128939833,11.389684813753567,18.366762177650433,0.21489971346704875,0.0,0.0,0.0,0.0,0.0,0.0,0.0,0.0,0.0,0.0,0.0,0.0,0.0,0.0,0.0,0.0
85700,4390,2286,0.5207289293849658,1024,877,0.4330296127562642,1209,0.5507972665148064,0.422,2.9771863117870723,3.123328826377932,6.553872053872054,2.2461250187359125,8380.706697038724,506.26436639321463,7853.0,8866.4,8866.4,0.0,7853.0,0.0,28.461731207289294,21.274157223444636,33.388108108108106,19.544479256140797,0.13621867881548974,0.1082004555808656,0.08542141230068337,0.09202733485193622,0.07038724373576309,0.07676537585421413,0.06514806378132118,0.05899772209567198,0.05626423690205012,0.05330296127562642,0.04578587699316629,0.04783599088838269,0.03712984054669704,0.028701594533029614,0.02164009111617312,0.010022779043280182,0.0061503416856492025,0.8402690824587958,0.03385409539421798,0.0,0.0,0.0,0.0,0.0,0.0,0.0,0.0,0.0,0.0,0.0,0.0,0.0,0.0,0.0,0.0,0.0,0.0,0.0,0.0068337129840546715,0.013667425968109343,0.06833712984054671,0.580865603644647,2.3439635535307444,9.225512528473805,12.102505694760824,4.469248291571755,0.9567198177676539,0.2118451025056948,0.020501138952164013,4.263552068473609,2.933659926436484,4.0476190476190474,2.951612803297473,0.9493537272709167,4.332864180154821,2.9750966421463225,4.19017094017094,2.8897382494382837,0.9670672252692717,0.4043,0.01272,0.0,0.0,0.0,0.0,0.0,0.0,0.0,0.0,0.0,0.0,0.013667425968109343,11.138952164009096,18.54669703872438,0.3006833712984055,0.0,0.0,0.0,0.0,0.0,0.0,0.0,0.0,0.0,0.0,0.0,0.0,0.0,0.0,0.0,0.0,nan,nan,4.261946902654867,2.9338524187286223,nan,0.4043,0.0672,0.0,0.0,0.0,0.0,0.0,0.0,0.0,0.0,0.0,0.0,0.0,0.0,0.0,0.0,0.0,0.0,0.0,0.0,0.0,1.1389521640091117e-05,7.972665148063782e-05,0.0012528473804100228,0.0007289293849658315,0.011446469248291572,0.0012414578587699317,0.00014806378132118452,0.01900911161731207,0.003724373576309795,0.012061503416856491,0.009624145785876993,0.010034168564920273,0.017835990888382686,0.031138952164009113,0.019339407744874717,0.05471526195899772,0.03947608200455581,0.047528473804100226,0.03664009111617312,0.07332574031890661,0.07009111617312073,0.04839407744874715,0.07700455580865603,0.02825740318906606,0.06135535307517084,0.06971526195899772,0.03722095671981777,0.05222095671981777,0.032004555808656035,0.01804100227790433,0.018519362186788155,0.024009111617312073,0.020637813211845102,0.014555808656036447,0.016161731207289295,0.00561503416856492,0.0008542141230068337,1.1389521640091117e-05,0.011241457858769932,0.004350797266514807,0.00022779043280182233,0.0,0.0,0.00012528473804100228,0.0,0.0,0.0,2.2779043280182233e-05,0.0,0.0,0.0,0.0,0.0,0.0,0.0,0.0,0.0,0.0,0.0,0.0,0.0,0.0,0.0,0.0,0.0,0.0,0.0,0.0,0.0,0.0,0.0,0.0,0.0,0.0,0.0,0.0,0.0,0.0,0.0,0.0,0.0,0.0,nan,nan,4.261946902654867,2.9338524187286223,nan,0.8397918350583925,0.033546487072301595,0.0,0.0,0.0,0.0,0.0,0.0,0.0,0.0,0.0,0.0,0.0,0.0,0.0,0.0,0.0,0.0,0.0,0.0,0.0,0.0,0.0,0.09186351706036748,0.6692913385826773,2.322834645669284,9.343832020997377,12.03412073490814,4.501312335958006,0.8005249343832023,0.22309711286089243,0.013123359580052497,0.8407876126666486,0.034177622159120354,0.0,0.0,0.0,0.0,0.0,0.0,0.0,0.0,0.0,0.0,0.0,0.0,0.0,0.0,0.0,0.0,0.0,0.0,0.0,0.014258555133079852,0.028517110266159704,0.04277566539923955,0.4847908745247149,2.3669201520912475,9.096958174904945,12.176806083650193,4.434410646387834,1.1264258555133082,0.1996197718631179,0.028517110266159704,0.4043,0.012886,0.0,0.0,0.0,0.0,0.0,0.0,0.0,0.0,0.0,0.0,0.0,11.181102362204708,18.477690288713912,0.3412073490813649,0.0,0.0,0.0,0.0,0.0,0.0,0.0,0.0,0.0,0.0,0.0,0.0,0.0,0.0,0.0,0.0,0.4043,0.01253,0.0,0.0,0.0,0.0,0.0,0.0,0.0,0.0,0.0,0.0,0.028517110266159704,11.093155893536107,18.621673003802286,0.2566539923954373,0.0,0.0,0.0,0.0,0.0,0.0,0.0,0.0,0.0,0.0,0.0,0.0,0.0,0.0,0.0,0.0
85800,4537,2306,0.5082653735948864,1118,922,0.449636323561825,1279,0.5638086841525237,0.414,2.9704168534289557,3.140234092140385,6.565217391304348,2.2630782331565524,8368.076129601057,506.6307634292514,7853.0,8866.4,8866.4,0.0,7853.0,0.0,27.894644037910513,20.93796603855383,32.81515469323545,19.209295485560663,0.13973991624421425,0.09653956358827419,0.09521710381309235,0.09191095437513776,0.08133127617368305,0.07097200793475865,0.06854749834692528,0.06546175887150099,0.06193519947101609,0.05025347145690985,0.04297994269340974,0.03636764381750055,0.034383954154727794,0.027771655278818603,0.016751157152303284,0.010138858276394092,0.00969803835133348,0.8389718683643017,0.03453208643914966,0.0,0.0,0.0,0.0,0.0,0.0,0.0,0.0,0.0,0.0,0.0,0.0,0.0,0.0,0.0,0.0,0.0,0.0,0.0,0.0,0.006612298875909192,0.12563367864227465,0.5554331055763722,2.677981044743214,9.521710381309237,11.657482918227908,4.264932774961429,0.9389464403791054,0.23143046065682174,0.019836896627727578,4.320220841959973,2.9439692282109977,4.454545454545454,3.0855568633594803,1.0310920708684286,4.421305841924399,3.0066066450642603,4.223577235772358,2.8809038018613795,0.9552782338020799,0.404,0.01251,0.0,0.0,0.0,0.0,0.0,0.0,0.0,0.0,0.0,0.0,0.059510689883182734,10.90368084637424,18.712805818823014,0.3240026449195504,0.0,0.0,0.0,0.0,0.0,0.0,0.0,0.0,0.0,0.0,0.0,0.0,0.0,0.0,0.0,0.0,nan,nan,4.32173319686114,2.945635333512073,nan,0.404,0.0675,0.0,0.0,0.0,0.0,0.0,0.0,0.0,0.0,0.0,0.0,0.0,0.0,0.0,0.0,0.0,0.0,0.0,0.0,2.2040996253030636e-05,4.408199250606127e-05,0.00011020498126515319,0.0014657262508265374,0.0007383733744765264,0.010469473220189552,0.0016751157152303283,0.00026449195503636764,0.019991183601498787,0.00400044081992506,0.013500110204981266,0.009642935860700903,0.00986334582323121,0.017577694511791933,0.03225699801631034,0.0193519947101609,0.05331716993608111,0.03807582102711043,0.046947322018955254,0.03533171699360811,0.0728124311218867,0.0688560722944677,0.0498567335243553,0.08030636984791713,0.028190434207626184,0.05990742781573727,0.07347366100947762,0.03566233193740357,0.05242450958783337,0.030802292263610316,0.017886268459334363,0.017809124972448756,0.024509587833370067,0.01893321578135332,0.014480934538241128,0.015472779369627506,0.006215560943354639,0.0007493938726030417,0.00013224597751818382,0.012210711924178972,0.004364117258100066,9.918448313863787e-05,0.0,0.0,0.00019836896627727573,0.0,0.0,0.0,0.0,0.0,0.0,0.0,0.0,0.0,0.0,0.0,0.0,0.0,0.0,0.0,0.0,0.0,0.0,0.0,0.0,0.0,0.0,0.0,0.0,0.0,0.0,0.0,0.0,0.0,0.0,0.0,0.0,0.0,0.0,0.0,0.0,0.0,0.0,nan,nan,4.32173319686114,2.945635333512073,nan,0.8388691801975214,0.034378642501351225,0.0,0.0,0.0,0.0,0.0,0.0,0.0,0.0,0.0,0.0,0.0,0.0,0.0,0.0,0.0,0.0,0.0,0.0,0.0,0.0,0.0,0.1561144839549003,0.45533391153512587,2.5108412836079714,10.004336513443194,11.422376409366873,4.306157849089333,0.8326105810928016,0.27320034692107553,0.039028620988725074,0.8390780086209559,0.034689655929562725,0.0,0.0,0.0,0.0,0.0,0.0,0.0,0.0,0.0,0.0,0.0,0.0,0.0,0.0,0.0,0.0,0.0,0.0,0.0,0.0,0.013446884805020173,0.09412819363514122,0.6588973554459885,2.850739578664267,9.022859704168535,11.900493052442854,4.222321828776335,1.0488570147915734,0.18825638727028243,0.0,0.4038,0.01253,0.0,0.0,0.0,0.0,0.0,0.0,0.0,0.0,0.0,0.0,0.039028620988725074,11.370338248048553,18.291413703382485,0.29921942758022557,0.0,0.0,0.0,0.0,0.0,0.0,0.0,0.0,0.0,0.0,0.0,0.0,0.0,0.0,0.0,0.0,0.4043,0.01248,0.0,0.0,0.0,0.0,0.0,0.0,0.0,0.0,0.0,0.0,0.08068130883012103,10.421335723890618,19.148363962348725,0.34961900493052456,0.0,0.0,0.0,0.0,0.0,0.0,0.0,0.0,0.0,0.0,0.0,0.0,0.0,0.0,0.0,0.0
85900,4881,2501,0.5123950010243803,1188,1009,0.45011268182749437,1383,0.5666871542716656,0.414,2.869327731092437,3.0737681774263197,6.501547987616099,2.1925494625047817,8372.261094038107,506.54428129884724,7853.0,8866.4,8866.4,0.0,7853.0,0.0,27.502151198524892,20.659651250679822,32.48469262796963,18.915254974600874,0.14382298709280886,0.099160008195042,0.09567711534521614,0.08871132964556443,0.08092603974595369,0.073960254046302,0.07580413849620979,0.06187256709690637,0.0528580208973571,0.051423888547428805,0.04691661544765417,0.03667281294816636,0.0346240524482688,0.02519975414874001,0.017619340299119032,0.009014546199549273,0.005736529399713174,0.8401085731680826,0.03358997778054166,0.0,0.0,0.0,0.0,0.0,0.0,0.0,0.0,0.0,0.0,0.0,0.0,0.0,0.0,0.0,0.0,0.0,0.0,0.006146281499692687,0.0,0.01843884449907806,0.08604794099569762,0.3872157344806393,2.495390288875223,9.51444376152428,11.991395205900433,4.210202827289491,1.0079901659496007,0.2397049784880148,0.04302397049784881,4.247017091260884,2.8756214312667634,5.2,2.85657137141714,1.2243887623386485,4.218931101094656,2.8900837885736212,4.286534779834078,2.8634467522610128,1.0160238878330774,0.4045,0.01259,0.0,0.0,0.0,0.0,0.0,0.0,0.0,0.0,0.0,0.0,0.04302397049784881,10.540872771972941,19.14566687154272,0.27043638598647823,0.0,0.0,0.0,0.0,0.0,0.0,0.0,0.0,0.0,0.0,0.0,0.0,0.0,0.0,0.0,0.0,nan,nan,4.253123998718359,2.876505055311138,nan,0.4045,0.0676,0.0,0.0,0.0,0.0,0.0,0.0,0.0,0.0,0.0,0.0,0.0,0.0,0.0,0.0,0.0,0.0,0.0,0.0,0.0,0.0,9.21942224953903e-05,0.0012087686949395617,0.0004507273099774636,0.01108379430444581,0.0017004712149149765,0.00037902069248104894,0.01922761729153862,0.004312640852284368,0.01496619545175169,0.01038721573448064,0.008410161852079491,0.0173939766441303,0.03199139520590043,0.017701290719114936,0.05449702929727515,0.03513624257324319,0.04927269002253636,0.03585330874820734,0.07144027863142799,0.06518131530424093,0.04926244622003688,0.07912313050604385,0.02922556853103872,0.05811309157959434,0.07542511780372875,0.03935668920303217,0.05412825240729359,0.0294099569760295,0.017650071706617497,0.01762958410161852,0.024994878098750256,0.021071501741446425,0.01547838557672608,0.016164720344191762,0.004517516902274124,0.0006760909649661955,0.00014341323499282934,0.01206719934439664,0.004476541692276173,3.073140749846343e-05,0.0,0.0,0.0003687768899815612,0.0,0.0,0.0,0.0,0.0,0.0,0.0,0.0,0.0,0.0,0.0,0.0,0.0,0.0,0.0,0.0,0.0,0.0,0.0,0.0,0.0,0.0,0.0,0.0,0.0,0.0,0.0,0.0,0.0,0.0,0.0,0.0,0.0,0.0,0.0,0.0,0.0,0.0,nan,nan,4.253123998718359,2.876505055311138,nan,0.8405145967974276,0.033917689420381744,0.0,0.0,0.0,0.0,0.0,0.0,0.0,0.0,0.0,0.0,0.0,0.0,0.0,0.0,0.0,0.0,0.0,0.0,0.0,0.0,0.03598560575769693,0.08396641343462617,0.38384646141543394,2.6629348260695638,9.164334266293483,11.923230707716916,4.438224710115954,1.0435825669732108,0.21591363454618157,0.04798080767692924,0.8396819071609433,0.03323677985909263,0.0,0.0,0.0,0.0,0.0,0.0,0.0,0.0,0.0,0.0,0.0,0.0,0.0,0.0,0.0,0.0,0.0,0.0,0.012605042016806726,0.0,0.0,0.08823529411764708,0.3907563025210085,2.3193277310924296,9.882352941176473,12.063025210084037,3.970588235294118,0.9705882352941179,0.26470588235294124,0.03781512605042017,0.4045,0.01258,0.0,0.0,0.0,0.0,0.0,0.0,0.0,0.0,0.0,0.0,0.04798080767692924,10.63974410235904,19.000399840063977,0.31187524990004006,0.0,0.0,0.0,0.0,0.0,0.0,0.0,0.0,0.0,0.0,0.0,0.0,0.0,0.0,0.0,0.0,0.4048,0.0126,0.0,0.0,0.0,0.0,0.0,0.0,0.0,0.0,0.0,0.0,0.03781512605042017,10.43697478991595,19.298319327731097,0.22689075630252106,0.0,0.0,0.0,0.0,0.0,0.0,0.0,0.0,0.0,0.0,0.0,0.0,0.0,0.0,0.0,0.0
86000,4432,2272,0.5126353790613718,1047,915,0.4426895306859206,1280,0.5776173285198556,0.38999999999999996,2.9,2.892711146619686,5.966666666666667,2.0439365860213883,8372.504693140796,506.5381820095795,7853.0,8866.4,8866.399999999998,1.8189894035458565e-12,7853.0,0.0,29.082806859205775,21.239101101205893,33.7702488088936,19.487073914593,0.12973826714801445,0.09296028880866426,0.09160649819494585,0.08889891696750903,0.078971119133574,0.07197653429602888,0.06994584837545126,0.06430505415162455,0.056407942238267145,0.055054151624548735,0.05076714801444043,0.04580324909747292,0.034070397111913356,0.028203971119133572,0.019855595667870037,0.01286101083032491,0.008574007220216607,0.8397507588194165,0.03372161202742087,0.0,0.0,0.0,0.0,0.0,0.0,0.0,0.0,0.0,0.0,0.0,0.0,0.0,0.0,0.0,0.0,0.0,0.0,0.0,0.0,0.0338447653429603,0.0676895306859206,0.4805956678700362,2.5383574007220138,9.056859205776174,12.38718411552347,4.284747292418773,0.8731949458483756,0.20983754512635383,0.0676895306859206,4.067353951890034,2.6499561447080846,3.6666666666666665,2.2537446792760445,0.9014869888475837,4.075136612021858,2.6348514040127324,4.053851397409679,2.6601076980012794,0.9947768095554427,0.4045,0.01238,0.0,0.0,0.0,0.0,0.0,0.0,0.0,0.0,0.0,0.0,0.040613718411552355,10.518953068592044,19.176444043321304,0.2639891696750903,0.0,0.0,0.0,0.0,0.0,0.0,0.0,0.0,0.0,0.0,0.0,0.0,0.0,0.0,0.0,0.0,nan,nan,4.064483111566019,2.6475439840920143,nan,0.4045,0.06744,0.0,0.0,0.0,0.0,0.0,0.0,0.0,0.0,0.0,0.0,0.0,0.0,0.0,0.0,0.0,0.0,0.0,0.0,0.0,0.0,0.00021435018050541517,0.0007558664259927798,0.00036101083032490973,0.011665162454873645,0.0016132671480144404,0.00020306859205776175,0.019347924187725633,0.0038244584837545128,0.01533167870036101,0.010943140794223826,0.00822427797833935,0.017486462093862815,0.03260379061371841,0.01717057761732852,0.05648691335740072,0.0353452166064982,0.04831904332129964,0.036439530685920575,0.064778880866426,0.06671931407942239,0.04998871841155235,0.07978339350180505,0.030279783393501805,0.05926218411552347,0.07339801444043322,0.03907942238267148,0.05522337545126354,0.03143050541516246,0.01861462093862816,0.017971570397111912,0.023115974729241876,0.020837093862815886,0.016662906137184116,0.015072202166064983,0.004557761732851985,0.0005415162454873646,3.384476534296029e-05,0.011823104693140794,0.004219314079422383,0.0,0.0,0.0,0.0002707581227436823,0.0,0.0,0.0,0.0,0.0,0.0,0.0,0.0,0.0,0.0,0.0,0.0,0.0,0.0,0.0,0.0,0.0,0.0,0.0,0.0,0.0,0.0,0.0,0.0,0.0,0.0,0.0,0.0,0.0,0.0,0.0,0.0,0.0,0.0,0.0,0.0,0.0,0.0,nan,nan,4.064483111566019,2.6475439840920143,nan,0.8398538871445287,0.03383084122614961,0.0,0.0,0.0,0.0,0.0,0.0,0.0,0.0,0.0,0.0,0.0,0.0,0.0,0.0,0.0,0.0,0.0,0.0,0.0,0.0,0.03961267605633804,0.02640845070422536,0.5149647887323945,2.508802816901401,9.097711267605636,12.41197183098592,4.159330985915494,0.9110915492957748,0.25088028169014087,0.07922535211267608,0.839642283099669,0.03360599446838073,0.0,0.0,0.0,0.0,0.0,0.0,0.0,0.0,0.0,0.0,0.0,0.0,0.0,0.0,0.0,0.0,0.0,0.0,0.0,0.0,0.027777777777777783,0.11111111111111113,0.44444444444444453,2.5694444444444366,9.013888888888891,12.361111111111114,4.416666666666668,0.8333333333333336,0.16666666666666669,0.055555555555555566,0.4045,0.01248,0.0,0.0,0.0,0.0,0.0,0.0,0.0,0.0,0.0,0.0,0.05281690140845072,10.444542253521112,19.264964788732396,0.2376760563380282,0.0,0.0,0.0,0.0,0.0,0.0,0.0,0.0,0.0,0.0,0.0,0.0,0.0,0.0,0.0,0.0,0.4045,0.01228,0.0,0.0,0.0,0.0,0.0,0.0,0.0,0.0,0.0,0.0,0.027777777777777783,10.597222222222207,19.083333333333336,0.29166666666666674,0.0,0.0,0.0,0.0,0.0,0.0,0.0,0.0,0.0,0.0,0.0,0.0,0.0,0.0,0.0,0.0
86100,4136,2128,0.5145067698259188,985,852,0.4441489361702128,1191,0.5759187620889749,0.422,3.066235059760956,3.1411190447217123,6.573578595317726,2.194650893610672,8374.401160541585,506.48668874781924,7853.0,8866.4,8866.399999999998,1.8189894035458565e-12,7853.0,0.0,28.549081237911025,21.090782157122653,33.30273660205245,19.366215732074465,0.13225338491295938,0.09695357833655706,0.08849129593810445,0.09235976789168278,0.08631528046421663,0.06914893617021277,0.06624758220502901,0.06624758220502901,0.06044487427466151,0.0456963249516441,0.05343326885880077,0.044729206963249515,0.03239845261121857,0.02441972920696325,0.021034816247582206,0.01281431334622824,0.007011605415860735,0.8423579251771969,0.03382469769606024,0.0,0.0,0.0,0.0,0.0,0.0,0.0,0.0,0.0,0.0,0.0,0.0,0.0,0.0,0.0,0.0,0.0,0.0,0.0,0.0,0.0,0.05802707930367506,0.39893617021276606,2.2122823984526043,8.994197292069634,12.11315280464217,4.772727272727273,1.1895551257253387,0.18858800773694395,0.07253384912959382,4.258723088344469,2.9180002258861597,4.0588235294117645,2.0137932668969047,0.9530611512451227,4.2113517550410755,2.9113344277759516,4.302478134110787,2.9144097080395004,1.0216382730225828,0.404,0.01249,0.0,0.0,0.0,0.0,0.0,0.0,0.0,0.0,0.0,0.0,0.05077369439071568,11.097678916827837,18.52514506769826,0.3264023210831722,0.0,0.0,0.0,0.0,0.0,0.0,0.0,0.0,0.0,0.0,0.0,0.0,0.0,0.0,0.0,0.0,nan,nan,4.257469568424935,2.9132474639386734,nan,0.404,0.0675,0.0,0.0,0.0,0.0,0.0,0.0,0.0,0.0,0.0,0.0,0.0,0.0,0.0,0.0,0.0,0.0,2.4177949709864603e-05,0.0,1.2088974854932301e-05,0.0,0.00032640232108317214,0.0008341392649903289,0.0007978723404255319,0.010481141199226305,0.0013902321083172147,0.00024177949709864604,0.021191972920696325,0.00456963249516441,0.01428916827852998,0.010928433268858801,0.008909574468085107,0.017722437137330755,0.03295454545454545,0.016138781431334622,0.05705996131528046,0.034864603481624755,0.05014506769825919,0.0339821083172147,0.0644463249516441,0.06463974854932301,0.052429883945841395,0.08244680851063829,0.03226547388781431,0.05725338491295938,0.07172388781431335,0.03872098646034816,0.05456963249516441,0.031890715667311414,0.01754110251450677,0.01891924564796905,0.02163926499032882,0.021578820116054158,0.01582446808510638,0.016404738878143133,0.0047872340425531915,0.0003505802707930367,0.0,0.011085589941972921,0.004533365570599613,0.0,0.0,0.0,8.462282398452611e-05,0.0,0.0,0.0,0.0,0.0,0.0,0.0,0.0,0.0,0.0,0.0,0.0,0.0,0.0,0.0,0.0,0.0,0.0,0.0,0.0,0.0,0.0,0.0,0.0,0.0,0.0,0.0,0.0,0.0,0.0,0.0,0.0,0.0,0.0,0.0,0.0,0.0,0.0,nan,nan,4.257469568424935,2.9132474639386734,nan,0.8427535332179159,0.034027850583524574,0.0,0.0,0.0,0.0,0.0,0.0,0.0,0.0,0.0,0.0,0.0,0.0,0.0,0.0,0.0,0.0,0.0,0.0,0.0,0.0,0.0,0.05639097744360903,0.3947368421052633,2.114661654135332,9.093045112781956,11.884398496240605,4.906015037593986,1.2969924812030078,0.1832706766917294,0.0704887218045113,0.841938675221694,0.03360298100713132,0.0,0.0,0.0,0.0,0.0,0.0,0.0,0.0,0.0,0.0,0.0,0.0,0.0,0.0,0.0,0.0,0.0,0.0,0.0,0.0,0.0,0.05976095617529882,0.403386454183267,2.3157370517928215,8.8894422310757,12.355577689243031,4.631474103585658,1.0756972111553786,0.19422310756972117,0.07470119521912352,0.404,0.0125,0.0,0.0,0.0,0.0,0.0,0.0,0.0,0.0,0.0,0.0,0.05639097744360903,11.207706766917278,18.425751879699252,0.3101503759398497,0.0,0.0,0.0,0.0,0.0,0.0,0.0,0.0,0.0,0.0,0.0,0.0,0.0,0.0,0.0,0.0,0.4043,0.01248,0.0,0.0,0.0,0.0,0.0,0.0,0.0,0.0,0.0,0.0,0.04482071713147411,10.98107569721114,18.630478087649404,0.3436254980079682,0.0,0.0,0.0,0.0,0.0,0.0,0.0,0.0,0.0,0.0,0.0,0.0,0.0,0.0,0.0,0.0
86200,4234,2151,0.5080302314596127,1001,889,0.4463863958431743,1193,0.5635333018422296,0.418,2.9193470955352856,3.0842273170255887,6.6471663619744055,2.151867989952241,8367.837836561172,506.6346470743029,7853.0,8866.4,8866.4,0.0,7853.0,0.0,27.135096835144072,20.470843608115906,32.140226628895185,18.743743717852563,0.14430798299480396,0.10486537553141237,0.0942371280113368,0.08667926310817194,0.079357581483231,0.07817666509211148,0.07132735002361833,0.06613131790269249,0.0547945205479452,0.0533774208786018,0.047709022201228156,0.030231459612659425,0.03306565895134624,0.022201228153046763,0.02172886159659896,0.008502598016060462,0.0033065658951346244,0.8416000205810531,0.03454357374397206,0.0,0.0,0.0,0.0,0.0,0.0,0.0,0.0,0.0,0.0,0.0,0.0,0.0,0.0,0.0,0.0,0.0,0.0,0.0,0.0,0.014170996693434109,0.11336797354747287,0.5739253660840814,2.2035899858289962,8.615965989607938,12.43504959848843,4.782711384034012,0.9494567784600852,0.21256495040151163,0.09919697685403876,4.253207547169811,2.8363607919003946,4.8076923076923075,2.828688616645676,1.1303686110712994,4.2279138827023015,2.8528669124064976,4.289691497366441,2.820097279047504,1.014611843187462,0.4036,0.012146,0.0,0.0,0.0,0.0,0.0,0.0,0.0,0.0,0.0,0.0,0.04251299008030232,11.577704298535647,18.16013226263581,0.21965044874822867,0.0,0.0,0.0,0.0,0.0,0.0,0.0,0.0,0.0,0.0,0.0,0.0,0.0,0.0,0.0,0.0,nan,nan,4.258594917787743,2.836807791211647,nan,0.4036,0.06744,0.0,0.0,0.0,0.0,0.0,0.0,0.0,0.0,0.0,0.0,0.0,0.0,0.0,0.0,0.0,0.0,5.904581955597544e-05,0.0,0.0,0.0,0.00014170996693434106,0.001086443079829948,0.0009329239489844119,0.011301369863013699,0.0013816721776098253,0.0003778932451582428,0.019886632026452526,0.004676428908833255,0.015859707132735,0.009754369390647142,0.00951818611242324,0.017560226735947097,0.0329239489844119,0.014607935758148323,0.05801842229570146,0.03473075106282475,0.05060226735947095,0.03435285781766651,0.06589513462446858,0.06463155408597071,0.0536017949929145,0.08201464336324989,0.035108644307982995,0.05470004723665565,0.07424421350968352,0.03719886632026453,0.05371988663202645,0.031117146905999055,0.018186112423240433,0.018835616438356163,0.018599433160132264,0.021315540859707133,0.013923004251299009,0.017926310817194143,0.005668398677373642,0.00015351913084553614,4.723665564478035e-05,0.010474728389230043,0.00475909305621162,0.0,0.0,0.0,0.00010628247520075579,0.0,0.0,0.0,0.0,0.0,0.0,0.0,0.0,0.0,0.0,0.0,0.0,0.0,0.0,0.0,0.0,0.0,0.0,0.0,0.0,0.0,0.0,0.0,0.0,0.0,0.0,0.0,0.0,0.0,0.0,0.0,0.0,0.0,0.0,0.0,0.0,0.0,0.0,nan,nan,4.258594917787743,2.836807791211647,nan,0.8421568398362589,0.03507387056901737,0.0,0.0,0.0,0.0,0.0,0.0,0.0,0.0,0.0,0.0,0.0,0.0,0.0,0.0,0.0,0.0,0.0,0.0,0.0,0.0,0.013947001394700143,0.09762900976290101,0.5718270571827059,2.245467224546715,8.451882845188287,12.482566248256628,4.811715481171549,0.9483960948396097,0.25104602510460255,0.12552301255230128,0.8410250238369591,0.03397770730053237,0.0,0.0,0.0,0.0,0.0,0.0,0.0,0.0,0.0,0.0,0.0,0.0,0.0,0.0,0.0,0.0,0.0,0.0,0.0,0.0,0.014402304368698994,0.12962073931829096,0.5760921747479598,2.1603456553048423,8.785405664906387,12.385981757081137,4.752760441670668,0.9505520883341336,0.17282765242438794,0.07201152184349498,0.4036,0.01216,0.0,0.0,0.0,0.0,0.0,0.0,0.0,0.0,0.0,0.0,0.013947001394700143,11.854951185495102,17.88005578800558,0.25104602510460255,0.0,0.0,0.0,0.0,0.0,0.0,0.0,0.0,0.0,0.0,0.0,0.0,0.0,0.0,0.0,0.0,0.4038,0.01214,0.0,0.0,0.0,0.0,0.0,0.0,0.0,0.0,0.0,0.0,0.07201152184349498,11.291406625059993,18.449351896303412,0.18722995679308696,0.0,0.0,0.0,0.0,0.0,0.0,0.0,0.0,0.0,0.0,0.0,0.0,0.0,0.0,0.0,0.0
86300,4395,2251,0.5121729237770194,1033,919,0.4441410693970421,1246,0.5670079635949943,0.40199999999999997,2.949160447761194,3.088968281064196,6.573604060913706,2.158110748382643,8372.03604095563,506.5498120555774,7853.0,8866.4,8866.4,0.0,7853.0,0.0,27.923094425483505,21.04562466676909,33.032970027247956,19.274830128046307,0.14516496018202502,0.09988623435722412,0.09260523321956769,0.0869169510807736,0.08009101251422071,0.07007963594994311,0.06507394766780432,0.06257110352673492,0.06188850967007964,0.055745164960182024,0.04505119453924915,0.03822525597269624,0.034357224118316265,0.024573378839590442,0.01911262798634812,0.010921501706484642,0.007736063708759955,0.8426688887424708,0.03461029250070585,0.0,0.0,0.0,0.0,0.0,0.0,0.0,0.0,0.0,0.0,0.0,0.0,0.0,0.0,0.0,0.0,0.0,0.0,0.0,0.0,0.02730375426621161,0.12286689419795224,0.5187713310580205,2.06143344709897,8.266211604095565,12.812286689419798,4.819112627986349,1.0648464163822529,0.23208191126279867,0.07508532423208192,4.278977681785457,2.8077846310604206,5.03125,3.0668018255994305,1.1758065533776396,4.374461979913916,2.8042971287450293,4.201977401129944,2.816947608671089,0.9605701044892001,0.404,0.01245,0.0,0.0,0.0,0.0,0.0,0.0,0.0,0.0,0.0,0.0,0.04095563139931741,11.290102389078482,18.27303754266212,0.3959044368600684,0.0,0.0,0.0,0.0,0.0,0.0,0.0,0.0,0.0,0.0,0.0,0.0,0.0,0.0,0.0,0.0,nan,nan,4.287544483985765,2.8120017348710817,nan,0.404,0.0671,0.0,0.0,0.0,0.0,0.0,0.0,0.0,0.0,0.0,0.0,0.0,0.0,0.0,0.0,0.0,0.0,5.688282138794084e-05,0.0,0.0,0.0,0.0001478953356086462,0.0011035267349260524,0.0006825938566552901,0.011786120591581342,0.0011831626848691696,0.0004209328782707622,0.019306029579067123,0.004857792946530148,0.015108077360637087,0.009306029579067121,0.00795221843003413,0.017497155858930604,0.03051194539249147,0.014982935153583617,0.05875995449374289,0.03422070534698521,0.053629124004550624,0.03543799772468714,0.06507394766780432,0.06308304891922639,0.05466439135381115,0.0855745164960182,0.03409556313993174,0.05460750853242321,0.07444823663253697,0.0361547212741752,0.05527872582480091,0.03119453924914676,0.019977246871444823,0.017986348122866893,0.016666666666666666,0.022150170648464165,0.012559726962457338,0.018293515358361774,0.004641638225255973,0.00013651877133105802,3.4129692832764505e-05,0.01073947667804323,0.00552901023890785,5.688282138794084e-05,0.0,0.0,0.00010238907849829352,0.0,0.0,0.0,0.0,0.0,0.0,0.0,0.0,0.0,0.0,0.0,0.0,0.0,0.0,0.0,0.0,0.0,0.0,0.0,0.0,0.0,0.0,0.0,0.0,0.0,0.0,0.0,0.0,0.0,0.0,0.0,0.0,0.0,0.0,0.0,0.0,0.0,0.0,nan,nan,4.287544483985765,2.8120017348710817,nan,0.8413285963114819,0.03531811554969133,0.0,0.0,0.0,0.0,0.0,0.0,0.0,0.0,0.0,0.0,0.0,0.0,0.0,0.0,0.0,0.0,0.0,0.0,0.0,0.0,0.0399822301199467,0.17325633051976905,0.5864060417592182,2.239004886717008,8.40959573522879,12.687694358063085,4.611283873833853,0.919591292758774,0.2398933807196802,0.09329187027987564,0.8440760707677301,0.033794067254767024,0.0,0.0,0.0,0.0,0.0,0.0,0.0,0.0,0.0,0.0,0.0,0.0,0.0,0.0,0.0,0.0,0.0,0.0,0.0,0.0,0.01399253731343284,0.06996268656716419,0.4477611940298509,1.8749999999999942,8.115671641791046,12.943097014925376,5.037313432835822,1.217350746268657,0.22388059701492544,0.05597014925373136,0.4043,0.01256,0.0,0.0,0.0,0.0,0.0,0.0,0.0,0.0,0.0,0.0,0.05330964015992894,10.861839182585502,18.698356286095073,0.38649489115948477,0.0,0.0,0.0,0.0,0.0,0.0,0.0,0.0,0.0,0.0,0.0,0.0,0.0,0.0,0.0,0.0,0.4038,0.012344,0.0,0.0,0.0,0.0,0.0,0.0,0.0,0.0,0.0,0.0,0.02798507462686568,11.739738805970132,17.826492537313435,0.40578358208955234,0.0,0.0,0.0,0.0,0.0,0.0,0.0,0.0,0.0,0.0,0.0,0.0,0.0,0.0,0.0,0.0
86400,4513,2336,0.517615776645247,1106,969,0.4597828495457567,1301,0.5765566142255706,0.37799999999999995,2.8681672025723475,2.9687674463100366,6.224590163934426,2.2199657165943063,8377.551828052296,506.3854285375826,7853.0,8866.4,8866.4,0.0,7853.0,0.0,27.61732771992023,20.36371105400606,32.41157894736842,18.611698998538216,0.1356082428539774,0.10392200310214934,0.09350764458231775,0.08154221138931975,0.08242853977398626,0.07932639042765345,0.07334367383115445,0.064037225792156,0.06204298692665633,0.05273653888765788,0.045867493906492356,0.04077110569465987,0.03390206071349435,0.021936627520496344,0.014846000443164193,0.009084865942831819,0.005096388211832484,0.8428065831503265,0.03309176174860069,0.0,0.0,0.0,0.0,0.0,0.0,0.0,0.0,0.0,0.0,0.0,0.0,0.0,0.0,0.0,0.0,0.0,0.0,0.0,0.006647462884998893,0.006647462884998893,0.05982716596499004,0.39884777309993363,2.0873033458896457,8.52869488145358,12.690006647462889,4.972302237979172,0.9904719698648351,0.17948149789497014,0.07976955461998672,4.149844987943506,2.788677060654433,5.181818181818182,2.386255408801216,1.2486775281661977,4.145847400405132,2.8095641807153537,4.169667590027701,2.764214264293181,1.0057455538812743,0.4038,0.01245,0.0,0.0,0.0,0.0,0.0,0.0,0.0,0.0,0.0,0.0,0.03988477730999336,11.154442721028126,18.50653667183692,0.2991358298249502,0.0,0.0,0.0,0.0,0.0,0.0,0.0,0.0,0.0,0.0,0.0,0.0,0.0,0.0,0.0,0.0,nan,nan,4.157606837606838,2.787293712292575,nan,0.4038,0.06714,0.0,0.0,0.0,0.0,0.0,0.0,0.0,0.0,0.0,0.0,0.0,0.0,0.0,0.0,0.0,0.0,0.0,0.0,0.0,0.0,0.00022158209616662973,0.0006869044981165521,0.0007090627077332151,0.01222025260358963,0.0007866164413915356,0.0005317970307999113,0.020596055838688235,0.004786173277199202,0.014846000443164193,0.008918679370706848,0.008630622645690228,0.017427431863505427,0.02958120983824507,0.014945712386439176,0.059627742078440064,0.0355750055395524,0.05180589408375803,0.03812319964546865,0.06391535563926434,0.060846443607356526,0.054431641923332594,0.08536450254819411,0.034367383115444274,0.055461998670507426,0.07326612009749613,0.03642809660979393,0.05694659871482384,0.03031243075559495,0.02203633946377133,0.0169953467759805,0.01727232439618879,0.020540660314646575,0.011345003323731442,0.019909151340571682,0.0042543762463992905,6.647462884998891e-05,0.0,0.01021493463328163,0.005849767338799025,9.971194327498339e-05,1.1079104808331486e-05,0.0,4.4316419233325945e-05,0.0,0.0,0.0,0.0,0.0,0.0,0.0,0.0,0.0,0.0,0.0,0.0,0.0,0.0,0.0,0.0,0.0,0.0,0.0,0.0,0.0,0.0,0.0,0.0,0.0,0.0,0.0,0.0,0.0,0.0,0.0,0.0,0.0,0.0,0.0,0.0,0.0,0.0,nan,nan,4.157606837606838,2.787293712292575,nan,0.8423492234608491,0.03311629255589593,0.0,0.0,0.0,0.0,0.0,0.0,0.0,0.0,0.0,0.0,0.0,0.0,0.0,0.0,0.0,0.0,0.0,0.0,0.0,0.01284246575342466,0.01284246575342466,0.0642123287671233,0.4751712328767124,2.016267123287665,8.578767123287673,12.84246575342466,4.764554794520548,0.9888698630136988,0.1669520547945206,0.07705479452054796,0.8432973466940193,0.03305838219494153,0.0,0.0,0.0,0.0,0.0,0.0,0.0,0.0,0.0,0.0,0.0,0.0,0.0,0.0,0.0,0.0,0.0,0.0,0.0,0.0,0.0,0.05512172714745063,0.31694993109784114,2.16352779053743,8.474965548920535,12.526412494258157,5.195222783647222,0.9921910886541113,0.1929260450160772,0.08268259072117594,0.4038,0.01228,0.0,0.0,0.0,0.0,0.0,0.0,0.0,0.0,0.0,0.0,0.02568493150684932,11.442636986301352,18.261986301369866,0.26969178082191786,0.0,0.0,0.0,0.0,0.0,0.0,0.0,0.0,0.0,0.0,0.0,0.0,0.0,0.0,0.0,0.0,0.4038,0.01264,0.0,0.0,0.0,0.0,0.0,0.0,0.0,0.0,0.0,0.0,0.05512172714745063,10.845199816260894,18.76894809370694,0.33073036288470375,0.0,0.0,0.0,0.0,0.0,0.0,0.0,0.0,0.0,0.0,0.0,0.0,0.0,0.0,0.0,0.0
86500,4353,2240,0.514587640707558,1054,887,0.44589937973811167,1218,0.5596140592694693,0.41,2.9824893516327498,3.0664167281058194,6.517241379310345,2.0090390833968756,8374.483115093039,506.4843033186179,7853.0,8866.4,8866.4,0.0,7853.0,0.0,28.108201240523776,20.91672327296428,33.04452335427479,19.139646551480812,0.13875488169078795,0.09970135538708937,0.09074201699977028,0.08913393062255916,0.07764759935676545,0.07351252010107971,0.06868826096944636,0.06363427521249714,0.06018837583275902,0.052377670572019294,0.05031013094417643,0.042269699058120835,0.0319320009189065,0.02504020215943028,0.01745922352400643,0.011256604640477832,0.007351252010107972,0.8424630328728746,0.03275569723673488,0.0,0.0,0.0,0.0,0.0,0.0,0.0,0.0,0.0,0.0,0.0,0.0,0.0,0.0,0.0,0.0,0.0,0.0,0.0,0.0,0.0,0.020675396278428675,0.36526533425223995,2.150241212956575,8.828394210889044,12.660234321157825,4.748449345279119,0.951068228807719,0.2274293590627154,0.04824259131633358,4.19144385026738,2.829447559969798,2.0,1.9364916731037085,0.47716254146465936,4.205255681818182,2.8102492392845755,4.165124555160142,2.84894824861317,0.9904569116138289,0.4038,0.0122,0.0,0.0,0.0,0.0,0.0,0.0,0.0,0.0,0.0,0.0,0.03445899379738112,11.171605789110941,18.607856650585806,0.18607856650585808,0.0,0.0,0.0,0.0,0.0,0.0,0.0,0.0,0.0,0.0,0.0,0.0,0.0,0.0,0.0,0.0,nan,nan,4.185211517952364,2.829715409608669,nan,0.4038,0.066,0.0,0.0,0.0,0.0,0.0,0.0,0.0,0.0,0.0,0.0,0.0,0.0,0.0,0.0,0.0,0.0,0.0,0.0,0.0,0.0,0.00010337698139214335,0.00045945325063174823,0.0004939122444291294,0.011072823340225132,0.0008844475074661154,0.000781070526073972,0.018917987594762233,0.005122903744543992,0.016115322765908567,0.009602572938203538,0.008178267861245118,0.016827475304387777,0.030863772111187685,0.01543762922122674,0.056271536871123365,0.03524006432345509,0.051906730990121754,0.03891569032850908,0.06119917298414886,0.06408224213186309,0.05446818286239375,0.08638869745003445,0.034550884447507466,0.05527222605099931,0.07377670572019297,0.03788192051458764,0.060521479439467035,0.03164484263726166,0.02355846542614289,0.015506547208821502,0.016195727084769126,0.02070985527222605,0.009843785894785205,0.018929473926028027,0.004491155524925339,3.445899379738111e-05,2.2972662531587412e-05,0.008522857799218929,0.00501952676315185,0.00013783597518952445,2.2972662531587412e-05,0.0,2.2972662531587412e-05,0.0,0.0,0.0,0.0,0.0,0.0,0.0,0.0,0.0,0.0,0.0,0.0,0.0,0.0,0.0,0.0,0.0,0.0,0.0,0.0,0.0,0.0,0.0,0.0,0.0,0.0,0.0,0.0,0.0,0.0,0.0,0.0,0.0,0.0,0.0,0.0,0.0,0.0,nan,nan,4.185211517952364,2.829715409608669,nan,0.8422661419425692,0.03236363478404216,0.0,0.0,0.0,0.0,0.0,0.0,0.0,0.0,0.0,0.0,0.0,0.0,0.0,0.0,0.0,0.0,0.0,0.0,0.0,0.0,0.0,0.013392857142857146,0.36160714285714296,2.16964285714285,8.933035714285715,12.455357142857146,4.982142857142858,0.8437500000000002,0.2008928571428572,0.04017857142857143,0.8426717577587639,0.03316498746096038,0.0,0.0,0.0,0.0,0.0,0.0,0.0,0.0,0.0,0.0,0.0,0.0,0.0,0.0,0.0,0.0,0.0,0.0,0.0,0.0,0.0,0.028395646000946528,0.3691433980123049,2.1296734500709826,8.717463322290584,12.877425461429251,4.5007098911500245,1.0648367250354949,0.25556081400851877,0.056791292001893055,0.4038,0.01207,0.0,0.0,0.0,0.0,0.0,0.0,0.0,0.0,0.0,0.0,0.0,11.169642857142842,18.62946428571429,0.2008928571428572,0.0,0.0,0.0,0.0,0.0,0.0,0.0,0.0,0.0,0.0,0.0,0.0,0.0,0.0,0.0,0.0,0.4038,0.01234,0.0,0.0,0.0,0.0,0.0,0.0,0.0,0.0,0.0,0.0,0.07098911500236632,11.173686701372441,18.5849503076195,0.17037387600567916,0.0,0.0,0.0,0.0,0.0,0.0,0.0,0.0,0.0,0.0,0.0,0.0,0.0,0.0,0.0,0.0
86600,4233,2185,0.5161823765650838,1052,870,0.4540515001181195,1202,0.5679187337585637,0.40599999999999997,2.92333984375,3.050435768327818,6.509243697478992,2.1034981507059385,8376.099220411055,506.4345521090652,7853.0,8866.4,8866.4,0.0,7853.0,0.0,28.810536262697852,21.11017553230314,33.55225125069483,19.334952213249043,0.1294590125206709,0.10063784549964565,0.08315615402787621,0.08528230569336168,0.08906213087644696,0.07701393810536263,0.06213087644696433,0.06378454996456413,0.059296007559650366,0.05551618237656508,0.0470115757146232,0.04299551145759509,0.041814316087880936,0.025986298133711314,0.01771793054571226,0.012284431845027168,0.006850933144342074,0.8415010721441873,0.033134153374270676,0.0,0.0,0.0,0.0,0.0,0.0,0.0,0.0,0.0,0.0,0.0,0.0,0.0,0.0,0.0,0.0,0.0,0.0,0.0,0.0,0.0,0.1204819277108434,0.4394046775336642,2.13323883770375,9.050318922749824,12.445074415308296,4.727143869596032,0.8433734939759038,0.1984408221119774,0.04252303330970943,4.120386958079542,2.898222807729052,3.6666666666666665,2.3771398046378445,0.8898840579710143,4.214641080312722,2.913485835088605,4.017806267806268,2.873465754789731,0.9532973724794973,0.4038,0.0124,0.0,0.0,0.0,0.0,0.0,0.0,0.0,0.0,0.0,0.0,0.04961020552799435,11.041814316087866,18.688873139617296,0.2197023387668321,0.0,0.0,0.0,0.0,0.0,0.0,0.0,0.0,0.0,0.0,0.0,0.0,0.0,0.0,0.0,0.0,nan,nan,4.116998577524893,2.8949425825369564,nan,0.4038,0.0664,0.0,0.0,0.0,0.0,0.0,0.0,0.0,0.0,0.0,0.0,0.0,0.0,0.0,0.0,0.0,0.0,0.0,0.0,0.0,0.0,0.00014174344436569808,0.0006142215922513584,0.00040160642570281126,0.012437987243090007,0.000744153082919915,0.0008740845735884715,0.018698322702575005,0.005232695487833687,0.016005197259626743,0.009296007559650366,0.008410111032364753,0.017611622962437987,0.030333097094259392,0.01581620600047248,0.05829199149539334,0.033817623434916136,0.04857075360264588,0.03541223718403024,0.06337113158516419,0.06443420741790692,0.05637845499645641,0.08315615402787621,0.03450271674935034,0.05812662414363336,0.0726553271911174,0.039534609024332625,0.060075596503661705,0.03274273564847626,0.023647531301677297,0.014859437751004016,0.016040633120718167,0.017824238128986536,0.010843373493975903,0.020481927710843374,0.004642097802976613,0.0001889912591542641,0.0,0.008162060004724782,0.00509095204346799,0.00040160642570281126,0.0,0.0,0.00012993149066855658,0.0,0.0,0.0,0.0,0.0,0.0,0.0,0.0,0.0,0.0,0.0,0.0,0.0,0.0,0.0,0.0,0.0,0.0,0.0,0.0,0.0,0.0,0.0,0.0,0.0,0.0,0.0,0.0,0.0,0.0,0.0,0.0,0.0,0.0,0.0,0.0,0.0,0.0,nan,nan,4.116998577524893,2.8949425825369564,nan,0.842268358870011,0.03328621487447014,0.0,0.0,0.0,0.0,0.0,0.0,0.0,0.0,0.0,0.0,0.0,0.0,0.0,0.0,0.0,0.0,0.0,0.0,0.0,0.0,0.0,0.06864988558352404,0.4256292906178491,2.1693363844393527,8.99313501144165,12.260869565217394,4.929061784897026,0.8924485125858126,0.20594965675057214,0.05491990846681923,0.8406824581325054,0.0329514531537112,0.0,0.0,0.0,0.0,0.0,0.0,0.0,0.0,0.0,0.0,0.0,0.0,0.0,0.0,0.0,0.0,0.0,0.0,0.0,0.0,0.0,0.17578125000000003,0.4541015625000001,2.0947265624999933,9.111328125000002,12.641601562500004,4.511718750000001,0.7910156250000002,0.19042968750000006,0.029296875000000007,0.4033,0.012505,0.0,0.0,0.0,0.0,0.0,0.0,0.0,0.0,0.0,0.0,0.06864988558352404,11.21739130434781,18.494279176201378,0.21967963386727693,0.0,0.0,0.0,0.0,0.0,0.0,0.0,0.0,0.0,0.0,0.0,0.0,0.0,0.0,0.0,0.0,0.404,0.012276,0.0,0.0,0.0,0.0,0.0,0.0,0.0,0.0,0.0,0.0,0.029296875000000007,10.854492187499984,18.896484375000004,0.21972656250000006,0.0,0.0,0.0,0.0,0.0,0.0,0.0,0.0,0.0,0.0,0.0,0.0,0.0,0.0,0.0,0.0
86700,4264,2223,0.5213414634146342,1067,868,0.45379924953095685,1214,0.5694183864915572,0.426,2.924546790788829,3.033083964710274,6.357504215851602,2.1212047176143662,8381.32743902439,506.2382283878274,7853.0,8866.4,8866.4,0.0,7853.0,0.0,28.68691369606004,20.966878585144332,33.40121412803532,19.19979358173105,0.13344277673545965,0.09357410881801126,0.08958724202626642,0.08794559099437148,0.08466228893058161,0.07340525328330207,0.06121013133208255,0.0623827392120075,0.06636960600375234,0.055581613508442776,0.052298311444652905,0.039634146341463415,0.0375234521575985,0.02673545966228893,0.016885553470919325,0.012429643527204503,0.006332082551594747,0.840570974277287,0.03370441874263327,0.0,0.0,0.0,0.0,0.0,0.0,0.0,0.0,0.0,0.0,0.0,0.0,0.0,0.0,0.0,0.0,0.0,0.0,0.0,0.00703564727954972,0.021106941838649158,0.09849906191369609,0.5065666041275798,2.0544090056285116,9.301125703564729,12.31238273921201,4.4394934333958735,1.0483114446529083,0.17589118198874298,0.0351782363977486,4.136736879685826,2.837414495505989,4.285714285714286,2.2069771859536127,1.0360132660987067,4.247334754797441,2.8409543609703056,4.028975265017668,2.8213987977715287,0.9485890558701238,0.4038,0.01239,0.0,0.0,0.0,0.0,0.0,0.0,0.0,0.0,0.0,0.0,0.049249530956848045,11.095215759849891,18.59521575984991,0.26031894934333966,0.0,0.0,0.0,0.0,0.0,0.0,0.0,0.0,0.0,0.0,0.0,0.0,0.0,0.0,0.0,0.0,nan,nan,4.137845499645642,2.833270124124632,nan,0.4038,0.0664,0.0,0.0,0.0,0.0,0.0,0.0,0.0,0.0,0.0,0.0,0.0,0.0,0.0,0.0,0.0,0.0,0.0,0.0,0.0,0.0,0.00011726078799249531,0.0005628517823639775,0.0003048780487804878,0.012183395872420262,0.0006214821763602252,0.0009029080675422139,0.01830440900562852,0.004397279549718574,0.016193714821763603,0.010014071294559099,0.008653846153846154,0.017647748592870546,0.029080675422138838,0.016815196998123828,0.05819652908067542,0.033630393996247655,0.05003517823639775,0.03778142589118199,0.06144465290806754,0.06794090056285178,0.05601547842401501,0.08078095684803002,0.03418151969981238,0.057059099437148215,0.07244371482176361,0.03927063789868668,0.06030722326454034,0.03309099437148218,0.024648217636022512,0.014868667917448406,0.014047842401500938,0.018562382739212006,0.009216697936210131,0.01954737335834897,0.005863039399624765,0.00014071294559099437,4.6904315196998124e-05,0.010178236397748593,0.004620075046904315,0.0001524390243902439,0.0,0.0,2.3452157598499062e-05,0.00010553470919324578,0.0,0.0,0.0,0.0,0.0,0.0,0.0,0.0,0.0,0.0,0.0,0.0,0.0,0.0,0.0,0.0,0.0,0.0,0.0,0.0,0.0,0.0,0.0,0.0,0.0,0.0,0.0,0.0,0.0,0.0,0.0,0.0,0.0,0.0,0.0,0.0,0.0,nan,nan,4.137845499645642,2.833270124124632,nan,0.8405708822644191,0.034034702466133236,0.0,0.0,0.0,0.0,0.0,0.0,0.0,0.0,0.0,0.0,0.0,0.0,0.0,0.0,0.0,0.0,0.0,0.0,0.0,0.0,0.04048582995951418,0.09446693657219976,0.5533063427800271,2.051282051282045,9.190283400809719,12.30769230769231,4.561403508771931,0.9716599190283403,0.17543859649122812,0.05398110661268557,0.840571074495124,0.033340960656149124,0.0,0.0,0.0,0.0,0.0,0.0,0.0,0.0,0.0,0.0,0.0,0.0,0.0,0.0,0.0,0.0,0.0,0.0,0.0,0.014698677119059289,0.0,0.10289073983341503,0.45565899069083793,2.0578147966682936,9.421852033317004,12.317491425771685,4.306712395884372,1.1317981381675652,0.17638412542871143,0.014698677119059289,0.404,0.01256,0.0,0.0,0.0,0.0,0.0,0.0,0.0,0.0,0.0,0.0,0.05398110661268557,10.971659919028324,18.677462887989208,0.2968960863697706,0.0,0.0,0.0,0.0,0.0,0.0,0.0,0.0,0.0,0.0,0.0,0.0,0.0,0.0,0.0,0.0,0.4036,0.0122,0.0,0.0,0.0,0.0,0.0,0.0,0.0,0.0,0.0,0.0,0.04409603135717786,11.229789318961277,18.50563449289564,0.22048015678588934,0.0,0.0,0.0,0.0,0.0,0.0,0.0,0.0,0.0,0.0,0.0,0.0,0.0,0.0,0.0,0.0
86800,4563,2353,0.5156695156695157,1129,968,0.45956607495069035,1303,0.5711154941924173,0.39799999999999996,2.9217194570135745,3.0497724465268345,6.494176372712146,2.1754298893555846,8375.579487179488,506.4511150021454,7853.0,8866.4,8866.399999999998,1.8189894035458565e-12,7853.0,0.0,28.1744466359851,20.953383972701484,33.05876235049402,19.19620292903158,0.1376287530133684,0.0955511724742494,0.09292132369055446,0.08371685294762218,0.084155161078238,0.07692307692307693,0.07341661187815034,0.06443129520052597,0.057856673241288625,0.0517203594126671,0.0458031996493535,0.03900942362480824,0.034845496383957925,0.023230330922638615,0.016217400832785448,0.012272627657243042,0.010300241069471838,0.8395992740841777,0.03347804121224389,0.0,0.0,0.0,0.0,0.0,0.0,0.0,0.0,0.0,0.0,0.0,0.0,0.0,0.0,0.0,0.0,0.0,0.0,0.0,0.0,0.006574621959237345,0.10519395134779752,0.38132807363576604,2.60355029585798,9.53320184089415,11.992110453648918,4.253780407626563,0.8744247205785669,0.21038790269559504,0.03944773175542407,4.257704029800204,2.896620824732907,4.107142857142857,3.3310153505059263,0.9646379429843995,4.181757209926224,2.9021308340033016,4.327736736064473,2.8964748349172003,1.0349086565312156,0.4038,0.01262,0.0,0.0,0.0,0.0,0.0,0.0,0.0,0.0,0.0,0.0,0.0723208415516108,11.157133464825757,18.481262327416175,0.2892833662064432,0.0,0.0,0.0,0.0,0.0,0.0,0.0,0.0,0.0,0.0,0.0,0.0,0.0,0.0,0.0,0.0,nan,nan,4.256289835625629,2.901039997070561,nan,0.4038,0.0669,0.0,0.0,0.0,0.0,0.0,0.0,0.0,0.0,0.0,0.0,0.0,0.0,0.0,0.0,0.0,0.0,0.0,0.0,0.0,1.0957703265395573e-05,0.00021915406530791147,0.0004602235371466141,0.00030681569143107607,0.010826210826210826,0.0006793776024545255,0.0011943896559281175,0.021181240412009642,0.003999561691869384,0.01663379355687048,0.010464606618452773,0.009401709401709401,0.0183212798597414,0.030550076703922856,0.01747753670830594,0.053868069252684635,0.032533420994959455,0.047961867192636426,0.03625904010519395,0.06461757615603769,0.06645847030462415,0.054591277668200745,0.08190883190883191,0.03317992548761779,0.05932500547885163,0.07060048213894368,0.03749726057418365,0.06084812623274162,0.03438527284681131,0.02487398641244795,0.014409379793995179,0.014091606399298707,0.020019723865877713,0.009127766820074512,0.019690992767915846,0.006202060048213894,0.0003616042077580539,7.670392285776902e-05,0.010376944992329608,0.004788516326977865,4.383081306158229e-05,0.0,0.0,0.0,0.00017532325224632917,0.0,0.0,0.0,0.0,0.0,0.0,0.0,0.0,0.0,0.0,0.0,0.0,0.0,0.0,0.0,0.0,0.0,0.0,0.0,0.0,0.0,0.0,0.0,0.0,0.0,0.0,0.0,0.0,0.0,0.0,0.0,0.0,0.0,0.0,0.0,0.0,0.0,nan,nan,4.256289835625629,2.901039997070561,nan,0.8410051786742513,0.03340468662506431,0.0,0.0,0.0,0.0,0.0,0.0,0.0,0.0,0.0,0.0,0.0,0.0,0.0,0.0,0.0,0.0,0.0,0.0,0.0,0.0,0.012749681257968553,0.08924776880577988,0.36974075648108806,2.345941351466206,9.167020824479389,12.43093922651934,4.309392265193371,1.0072248193795157,0.24224394390140253,0.025499362515937107,0.8381023991970994,0.033491159395841914,0.0,0.0,0.0,0.0,0.0,0.0,0.0,0.0,0.0,0.0,0.0,0.0,0.0,0.0,0.0,0.0,0.0,0.0,0.0,0.0,0.0,0.12217194570135749,0.3936651583710408,2.8778280542986336,9.923076923076925,11.524886877828058,4.194570135746607,0.733031674208145,0.17647058823529416,0.05429864253393667,0.4038,0.012886,0.0,0.0,0.0,0.0,0.0,0.0,0.0,0.0,0.0,0.0,0.10199745006374843,11.104972375690592,18.474288142796432,0.3187420314492138,0.0,0.0,0.0,0.0,0.0,0.0,0.0,0.0,0.0,0.0,0.0,0.0,0.0,0.0,0.0,0.0,0.404,0.01231,0.0,0.0,0.0,0.0,0.0,0.0,0.0,0.0,0.0,0.0,0.0407239819004525,11.212669683257902,18.48868778280543,0.2579185520361991,0.0,0.0,0.0,0.0,0.0,0.0,0.0,0.0,0.0,0.0,0.0,0.0,0.0,0.0,0.0,0.0
86900,4224,2187,0.5177556818181818,992,880,0.4431818181818182,1192,0.5643939393939394,0.434,2.9474717722140404,3.0459884915792177,6.446397188049209,2.10222708680371,8377.693607954545,506.38041043545314,7853.0,8866.4,8866.399999999998,1.8189894035458565e-12,7853.0,0.0,27.70217803030303,20.937617819445308,32.916547992025066,19.123253321307644,0.14725378787878787,0.10037878787878787,0.09232954545454546,0.08570075757575757,0.08238636363636363,0.07552083333333333,0.06463068181818182,0.058475378787878785,0.06013257575757576,0.050899621212121215,0.04971590909090909,0.03953598484848485,0.030303030303030304,0.026988636363636364,0.02012310606060606,0.010179924242424242,0.005445075757575758,0.8378211315156836,0.03492714545321375,0.0,0.0,0.0,0.0,0.0,0.0,0.0,0.0,0.0,0.0,0.0,0.0,0.0,0.0,0.0,0.0,0.0,0.0,0.0,0.007102272727272729,0.0497159090909091,0.07812500000000001,0.5184659090909092,2.9545454545454457,9.687500000000002,11.640625000000004,3.9346590909090917,0.7954545454545456,0.28409090909090917,0.0497159090909091,4.317910447761194,2.8723553896615424,4.583333333333333,2.5644470922381863,1.0614702154626108,4.354956268221574,2.899197674447524,4.284534534534535,2.838913610705265,0.9838295198964655,0.4043,0.01231,0.0,0.0,0.0,0.0,0.0,0.0,0.0,0.0,0.0,0.0,0.09232954545454548,10.724431818181802,18.984375000000004,0.1988636363636364,0.0,0.0,0.0,0.0,0.0,0.0,0.0,0.0,0.0,0.0,0.0,0.0,0.0,0.0,0.0,0.0,nan,nan,4.320266272189349,2.8698757658385916,nan,0.4043,0.0664,0.0,0.0,0.0,0.0,0.0,0.0,0.0,0.0,0.0,0.0,0.0,0.0,0.0,0.0,0.0,0.0,0.0,0.0,0.0,0.0,0.0002130681818181818,0.00043797348484848485,0.0001065340909090909,0.010168087121212121,0.0003787878787878788,0.0011008522727272727,0.021259469696969697,0.003515625,0.017128314393939394,0.009824810606060606,0.007741477272727273,0.018560606060606062,0.03064630681818182,0.01748342803030303,0.055445075757575756,0.03210227272727273,0.047632575757575756,0.03763020833333333,0.06476089015151515,0.06570785984848485,0.05482954545454546,0.0794034090909091,0.03383049242424242,0.06033380681818182,0.07263257575757576,0.0390625,0.06029829545454545,0.03366477272727273,0.023887310606060606,0.014985795454545455,0.01396780303030303,0.02214725378787879,0.009043560606060605,0.019093276515151514,0.006415719696969697,0.00023674242424242425,3.5511363636363635e-05,0.009351325757575758,0.004332386363636364,2.3674242424242424e-05,0.00011837121212121212,0.0,0.0,0.00046164772727272726,0.0,0.0,0.0,0.0,0.0,0.0,0.0,0.0,0.0,0.0,0.0,0.0,0.0,0.0,0.0,0.0,0.0,0.0,0.0,0.0,0.0,0.0,0.0,0.0,0.0,0.0,0.0,0.0,0.0,0.0,0.0,0.0,0.0,0.0,0.0,0.0,0.0,nan,nan,4.320266272189349,2.8698757658385916,nan,0.838186687648051,0.03510460836492872,0.0,0.0,0.0,0.0,0.0,0.0,0.0,0.0,0.0,0.0,0.0,0.0,0.0,0.0,0.0,0.0,0.0,0.0,0.0,0.0,0.08230452674897121,0.05486968449931414,0.5212620027434843,2.8669410150891546,9.506172839506174,11.989026063100141,3.8545953360768186,0.7407407407407409,0.3155006858710563,0.06858710562414268,0.8374286566695923,0.034731322609983226,0.0,0.0,0.0,0.0,0.0,0.0,0.0,0.0,0.0,0.0,0.0,0.0,0.0,0.0,0.0,0.0,0.0,0.0,0.0,0.01472754050073638,0.01472754050073638,0.10309278350515466,0.5154639175257734,3.0486008836524205,9.882179675994111,11.266568483063331,4.020618556701032,0.85419734904271,0.25036818851251846,0.02945508100147276,0.404,0.01253,0.0,0.0,0.0,0.0,0.0,0.0,0.0,0.0,0.0,0.0,0.10973936899862828,10.987654320987637,18.696844993141294,0.20576131687242805,0.0,0.0,0.0,0.0,0.0,0.0,0.0,0.0,0.0,0.0,0.0,0.0,0.0,0.0,0.0,0.0,0.4043,0.01207,0.0,0.0,0.0,0.0,0.0,0.0,0.0,0.0,0.0,0.0,0.0736377025036819,10.441826215022077,19.293078055964656,0.19145802650957297,0.0,0.0,0.0,0.0,0.0,0.0,0.0,0.0,0.0,0.0,0.0,0.0,0.0,0.0,0.0,0.0
87000,4701,2424,0.5156349712827059,1177,956,0.45373324824505423,1339,0.5696660285045735,0.38999999999999996,2.961791831357049,3.003268303824253,6.405044510385757,2.0310727343019406,8375.544479897895,506.45221142449867,7853.0,8866.4,8866.4,0.0,7853.0,0.0,28.684109763880027,20.823688827375374,33.54476861167002,18.944335163990697,0.13124867049563924,0.09593703467347373,0.0891299723463093,0.07764305466921932,0.08445011699638375,0.08019570304190597,0.06828334396936822,0.06530525420123379,0.06062539885130823,0.05849819187406935,0.05211657094235269,0.03914060838119549,0.03509891512444161,0.02722824930865773,0.019995745586045523,0.008934269304403318,0.006168900233992768,0.8378642870375157,0.033980844831603664,0.0,0.0,0.0,0.0,0.0,0.0,0.0,0.0,0.0,0.0,0.0,0.0,0.0,0.0,0.0,0.0,0.0,0.0,0.0,0.0,0.05105296745373326,0.14677728142948313,0.5296745373324826,2.6228462029355377,9.559668155711552,12.1442246330568,3.982131461391194,0.7657945118059989,0.14039566049776644,0.05743458838544992,4.168026101141925,2.7930504854013334,4.317073170731708,2.874946653929204,1.0357596296119518,4.123717948717949,2.7501890885921236,4.218770226537217,2.836887813826933,1.0230501404318448,0.4043,0.01275,0.0,0.0,0.0,0.0,0.0,0.0,0.0,0.0,0.0,0.0,0.07019783024888322,10.957243139757482,18.640714741544354,0.3318442884492662,0.0,0.0,0.0,0.0,0.0,0.0,0.0,0.0,0.0,0.0,0.0,0.0,0.0,0.0,0.0,0.0,nan,nan,4.169993560849968,2.794198951122088,nan,0.4043,0.0668,0.0,0.0,0.0,0.0,0.0,0.0,0.0,0.0,0.0,0.0,0.0,0.0,0.0,0.0,0.0,0.0,0.0,0.0,0.0,2.1272069772388854e-05,0.00021272069772388852,0.0005105296745373325,1.0636034886194427e-05,0.010689215060625399,0.00032971708147202725,0.0012869602212295256,0.02152733460965752,0.003467347372899383,0.01703892788768347,0.008785364815996597,0.008391831525207403,0.019283131248670496,0.029461816634758563,0.01925122314401191,0.05642416507126143,0.03223782174005531,0.046022122952563284,0.03708785364815997,0.06566687938736439,0.0654647947245267,0.051903850244628805,0.08081259306530525,0.03324824505424378,0.0595405232929164,0.07132524994681982,0.03993831099766007,0.05734950010636035,0.033546054031057225,0.024877685598808763,0.01650712614337375,0.014071474154435227,0.023526909168262073,0.009625611572005956,0.020485003190810466,0.00631780472239949,0.00018081259306530526,0.00019144862795149968,0.009093809827696234,0.0034992554775579664,0.0,5.318017443097213e-05,0.0,3.190810465858328e-05,0.0007019783024888322,0.0,0.0,0.0,0.0,0.0,0.0,0.0,0.0,0.0,0.0,0.0,0.0,0.0,0.0,0.0,0.0,0.0,0.0,0.0,0.0,0.0,0.0,0.0,0.0,0.0,0.0,0.0,0.0,0.0,0.0,0.0,0.0,0.0,0.0,0.0,0.0,0.0,nan,nan,4.169993560849968,2.794198951122088,nan,0.8385319807397651,0.03401712971500719,0.0,0.0,0.0,0.0,0.0,0.0,0.0,0.0,0.0,0.0,0.0,0.0,0.0,0.0,0.0,0.0,0.0,0.0,0.0,0.0,0.012376237623762379,0.1856435643564357,0.5198019801980199,2.5123762376237546,9.344059405940596,12.363861386138616,4.022277227722773,0.8044554455445546,0.16089108910891095,0.07425742574257427,0.8371534879447391,0.03392773791527918,0.0,0.0,0.0,0.0,0.0,0.0,0.0,0.0,0.0,0.0,0.0,0.0,0.0,0.0,0.0,0.0,0.0,0.0,0.0,0.0,0.09222661396574443,0.10540184453227934,0.5401844532279316,2.7404479578392538,9.789196310935443,11.910408432147566,3.9393939393939403,0.7246376811594205,0.11857707509881425,0.03952569169960475,0.4043,0.012794,0.0,0.0,0.0,0.0,0.0,0.0,0.0,0.0,0.0,0.0,0.08663366336633666,10.977722772277211,18.63861386138614,0.29702970297029707,0.0,0.0,0.0,0.0,0.0,0.0,0.0,0.0,0.0,0.0,0.0,0.0,0.0,0.0,0.0,0.0,0.4045,0.01269,0.0,0.0,0.0,0.0,0.0,0.0,0.0,0.0,0.0,0.0,0.05270092226613967,10.935441370223963,18.642951251646906,0.3689064558629777,0.0,0.0,0.0,0.0,0.0,0.0,0.0,0.0,0.0,0.0,0.0,0.0,0.0,0.0,0.0,0.0
87100,4862,2495,0.5131633072809544,1183,998,0.4485808309337721,1391,0.5721925133689839,0.40199999999999997,2.992817912970004,3.074959712007485,6.517087667161961,2.1907727241810835,8373.03969559852,506.5243750515257,7853.0,8866.4,8866.4,0.0,7853.0,0.0,28.114973262032084,20.901990294259473,32.93861144945189,19.169114229339268,0.1367749897161662,0.09954751131221719,0.09337721102426985,0.08473879062114356,0.08350473056355409,0.06951871657754011,0.07280954339777869,0.06910736322501028,0.057178116001645414,0.05039078568490333,0.045454545454545456,0.038872891814068285,0.035993418346359524,0.024475524475524476,0.020361990950226245,0.011517893870835048,0.006375976964212258,0.8385269810441393,0.03378138515676205,0.0,0.0,0.0,0.0,0.0,0.0,0.0,0.0,0.0,0.0,0.0,0.0,0.0,0.0,0.0,0.0,0.0,0.0,0.006170300287947348,0.012340600575894697,0.04319210201563144,0.08638420403126287,0.45660222130810374,2.4372686137391946,9.779925956396546,12.186343068696013,3.825586178527356,0.956396544631839,0.16042780748663107,0.04936240230357879,4.334189406099519,2.8776611706805415,4.393939393939394,2.6961183538830573,1.013785735287846,4.27710843373494,2.8693715951330074,4.392743475493316,2.8811242054480624,1.0270357984956204,0.4038,0.01255,0.0,0.0,0.0,0.0,0.0,0.0,0.0,0.0,0.0,0.0,0.04936240230357879,11.112710818593156,18.597285067873305,0.24064171122994657,0.0,0.0,0.0,0.0,0.0,0.0,0.0,0.0,0.0,0.0,0.0,0.0,0.0,0.0,0.0,0.0,nan,nan,4.334815756035578,2.875823963091184,nan,0.4038,0.06696,0.0,0.0,0.0,0.0,0.0,0.0,0.0,0.0,0.0,0.0,0.0,0.0,0.0,0.0,0.0,0.0,0.0,0.0,2.0567667626491154e-05,0.0,0.00019539284245166598,0.0006684491978609625,1.0283833813245577e-05,0.010479226655697244,0.0004216371863430687,0.0014294529000411353,0.023426573426573425,0.0029308926367749896,0.017503085150143975,0.007969971205265323,0.00818593171534348,0.019343891402714933,0.029946524064171122,0.019847799259563967,0.05539901275195393,0.03320649938296997,0.04672974084738791,0.037587412587412584,0.06706088029617441,0.06810983134512547,0.04908473879062114,0.08048128342245989,0.03281571369806664,0.05792883587001234,0.07006375976964212,0.04048745372274784,0.05698272315919375,0.03441999177293295,0.02372480460715755,0.017544220485396955,0.01192924722336487,0.023755656108597284,0.00862813656931304,0.022429041546688604,0.0065405183052241874,0.00017482517482517483,0.00018510900863842042,0.007496914849856026,0.003979843685726039,0.0,0.00012340600575894693,0.0,0.0,0.0007507198683669271,0.0,0.0,0.0,0.0,0.0,0.0,0.0,0.0,0.0,0.0,0.0,0.0,0.0,0.0,0.0,0.0,0.0,0.0,0.0,0.0,0.0,0.0,0.0,0.0,0.0,0.0,0.0,0.0,0.0,0.0,0.0,0.0,0.0,0.0,0.0,0.0,0.0,nan,nan,4.334815756035578,2.875823963091184,nan,0.8382471244177503,0.03340288296259543,0.0,0.0,0.0,0.0,0.0,0.0,0.0,0.0,0.0,0.0,0.0,0.0,0.0,0.0,0.0,0.0,0.0,0.0,0.0,0.0,0.03607214428857716,0.0961923847695391,0.44488977955911835,2.5250501002003927,9.631262525050102,12.601202404809623,3.4869739478957924,0.961923847695391,0.15631262525050105,0.060120240480961935,0.8388219714466912,0.03417333674294689,0.0,0.0,0.0,0.0,0.0,0.0,0.0,0.0,0.0,0.0,0.0,0.0,0.0,0.0,0.0,0.0,0.0,0.0,0.012674271229404312,0.025348542458808625,0.05069708491761725,0.07604562737642587,0.46894803548795955,2.34474017743979,9.93662864385298,11.749049429657799,4.182509505703423,0.9505703422053234,0.16476552598225608,0.038022813688212934,0.4038,0.01279,0.0,0.0,0.0,0.0,0.0,0.0,0.0,0.0,0.0,0.0,0.07214428857715433,10.989979959919824,18.64929859719439,0.2885771543086173,0.0,0.0,0.0,0.0,0.0,0.0,0.0,0.0,0.0,0.0,0.0,0.0,0.0,0.0,0.0,0.0,0.4038,0.01231,0.0,0.0,0.0,0.0,0.0,0.0,0.0,0.0,0.0,0.0,0.025348542458808625,11.242078580481605,18.54245880861851,0.19011406844106468,0.0,0.0,0.0,0.0,0.0,0.0,0.0,0.0,0.0,0.0,0.0,0.0,0.0,0.0,0.0,0.0
87200,4845,2531,0.5223942208462332,1171,1001,0.448297213622291,1369,0.5651186790505676,0.40199999999999997,2.992221261884183,3.091227444624009,6.594512195121951,2.16476081731741,8382.394303405572,506.1915236280983,7853.0,8866.4,8866.399999999998,1.8189894035458565e-12,7853.0,0.0,27.62703818369453,20.661591263984135,32.50614552605703,18.957612284008206,0.1395252837977296,0.10691434468524252,0.0937048503611971,0.08214654282765738,0.07636738906088751,0.08400412796697626,0.06893704850361197,0.06109391124871001,0.05923632610939113,0.056140350877192984,0.04540763673890609,0.03715170278637771,0.029308565531475747,0.027038183694530444,0.017956656346749224,0.007430340557275541,0.0076367389060887515,0.8387142352767527,0.03374224578043008,0.0,0.0,0.0,0.0,0.0,0.0,0.0,0.0,0.0,0.0,0.0,0.0,0.0,0.0,0.0,0.0,0.0,0.0,0.0,0.0,0.0,0.09907120743034058,0.563467492260062,2.6130030959752237,9.603715170278639,11.863777089783285,4.191950464396285,0.8359133126934987,0.16718266253869973,0.06191950464396286,4.29715593331154,2.8224619316383177,3.9285714285714284,2.404290382815262,0.9142259414225941,4.31266318537859,2.8391650040986467,4.272844272844273,2.798500475044624,0.9907669783558991,0.4045,0.012375,0.0,0.0,0.0,0.0,0.0,0.0,0.0,0.0,0.0,0.0,0.024767801857585144,10.48916408668729,19.201238390092882,0.28482972136222917,0.0,0.0,0.0,0.0,0.0,0.0,0.0,0.0,0.0,0.0,0.0,0.0,0.0,0.0,0.0,0.0,nan,nan,4.293812763200519,2.819164355908086,nan,0.4045,0.0661,0.0,0.0,0.0,0.0,0.0,0.0,0.0,0.0,0.0,0.0,0.0,0.0,0.0,0.0,0.0,0.0,1.0319917440660475e-05,0.0,6.191950464396285e-05,0.0,9.287925696594427e-05,0.0005263157894736842,4.12796697626419e-05,0.008968008255933952,0.000392156862745098,0.0013519091847265222,0.021393188854489164,0.002848297213622291,0.017719298245614034,0.007368421052631579,0.00934984520123839,0.01763673890608875,0.03086687306501548,0.021393188854489164,0.054643962848297215,0.03246646026831786,0.0457172342621259,0.03730650154798762,0.06807017543859649,0.06787409700722394,0.049287925696594424,0.07823529411764706,0.03321981424148607,0.05892672858617131,0.07223942208462332,0.04070175438596491,0.058111455108359134,0.03455108359133127,0.024922600619195046,0.018751289989680082,0.01302373581011352,0.02331269349845201,0.007667698658410733,0.022714138286893705,0.006625386996904025,2.063983488132095e-05,0.0002063983488132095,0.006707946336429308,0.0038390092879256967,5.159958720330237e-05,0.00023735810113519092,0.0,0.0,0.0005469556243550052,0.0,0.0,0.0,0.0,0.0,0.0,0.0,0.0,0.0,0.0,0.0,0.0,0.0,0.0,0.0,0.0,0.0,0.0,0.0,0.0,0.0,0.0,0.0,0.0,0.0,0.0,0.0,0.0,0.0,0.0,0.0,0.0,0.0,0.0,0.0,0.0,0.0,nan,nan,4.293812763200519,2.819164355908086,nan,0.8379689209407518,0.033997356021226104,0.0,0.0,0.0,0.0,0.0,0.0,0.0,0.0,0.0,0.0,0.0,0.0,0.0,0.0,0.0,0.0,0.0,0.0,0.0,0.0,0.0,0.11853022520742791,0.5807981035163968,2.7143421572500905,9.826155669695776,11.568549980244965,4.148557882259977,0.8060055314105099,0.1659423152903991,0.07111813512445675,0.8395294429623267,0.033441970156255996,0.0,0.0,0.0,0.0,0.0,0.0,0.0,0.0,0.0,0.0,0.0,0.0,0.0,0.0,0.0,0.0,0.0,0.0,0.0,0.0,0.0,0.07778738115816769,0.5445116681071738,2.502160760587719,9.360414866032846,12.186689714779606,4.239412273120139,0.8686257562662059,0.16853932584269668,0.05185825410544513,0.4043,0.012344,0.0,0.0,0.0,0.0,0.0,0.0,0.0,0.0,0.0,0.0,0.023706045041485584,10.513630975898838,19.23745555116555,0.22520742789411305,0.0,0.0,0.0,0.0,0.0,0.0,0.0,0.0,0.0,0.0,0.0,0.0,0.0,0.0,0.0,0.0,0.4048,0.0124,0.0,0.0,0.0,0.0,0.0,0.0,0.0,0.0,0.0,0.0,0.025929127052722566,10.462402765773536,19.161624891961974,0.35004321521175463,0.0,0.0,0.0,0.0,0.0,0.0,0.0,0.0,0.0,0.0,0.0,0.0,0.0,0.0,0.0,0.0
87300,4614,2431,0.5268747290853922,1196,900,0.4542696142175986,1244,0.5392284351972259,0.434,2.9665597801191024,3.125600912555298,6.583056478405315,2.228010739191588,8386.934850455136,505.9675413706755,7853.0,8866.4,8866.4,0.0,7853.0,0.0,28.64174252275683,21.015881461407673,33.34922253377517,19.260305266059824,0.13263979193758127,0.0964456003467707,0.08690940615517989,0.08951018638925011,0.0799739921976593,0.07715648027741656,0.06870394451668833,0.06827048114434331,0.05266579973992198,0.054182921543129606,0.05028175119202427,0.043779800606848725,0.03337667967056784,0.02882531426094495,0.016038144776766364,0.01495448634590377,0.006285218899003034,0.8381237525752886,0.034068375602639395,0.0,0.0,0.0,0.0,0.0,0.0,0.0,0.0,0.0,0.0,0.0,0.0,0.0,0.0,0.0,0.0,0.0,0.0,0.0,0.006501950585175554,0.026007802340702216,0.11053315994798442,0.5071521456436932,2.5942782834850378,9.661898569570873,12.067620286085829,3.979193758127439,0.8127438231469443,0.14954486345903772,0.0845253576072822,4.040661157024793,2.8753726989579476,3.142857142857143,2.3761857047380284,0.7778076460069424,4.012353706111834,2.8422739115057025,4.0570291777188325,2.904206166129065,1.0111344798787172,0.404,0.01224,0.0,0.0,0.0,0.0,0.0,0.0,0.0,0.0,0.0,0.0,0.04551365409622888,10.949284785435616,18.784135240572176,0.22106631989596884,0.0,0.0,0.0,0.0,0.0,0.0,0.0,0.0,0.0,0.0,0.0,0.0,0.0,0.0,0.0,0.0,nan,nan,4.034471437951412,2.8731887439641435,nan,0.4043,0.0662,0.0,0.0,0.0,0.0,0.0,0.0,0.0,0.0,0.0,0.0,0.0,0.0,0.0,0.0,0.0,0.0,0.0,0.0,3.250975292587776e-05,0.0,0.00013003901170351105,0.00037928045080190727,5.4182921543129604e-05,0.009308625921109667,0.0006176853055916775,0.0014629388816644994,0.021423927178153446,0.002839185088859991,0.017685305591677504,0.008149111400086693,0.010110533159947985,0.01872561768530559,0.029670567837017773,0.021153012570437797,0.0570654529692241,0.032715648027741656,0.04479843953185956,0.03548981361074989,0.06550715214564369,0.06812960554833117,0.04827698309492848,0.0813935847420893,0.03492631122670135,0.0591135674035544,0.06942999566536627,0.04203511053315995,0.05802990897269181,0.03404854789770265,0.024338968357173817,0.019429995665366278,0.012136974425661032,0.021933246640658863,0.008138274815778068,0.02465322930212397,0.005721716514954486,1.0836584308625921e-05,0.00016254876462938882,0.006100996965756393,0.004031209362808843,9.75292587776333e-05,0.00023840485478977027,0.0,0.0,0.0003034243606415258,0.0,0.0,0.0,0.0,0.0,0.0,0.0,0.0,0.0,0.0,0.0,0.0,0.0,0.0,0.0,0.0,0.0,0.0,0.0,0.0,0.0,0.0,0.0,0.0,0.0,0.0,0.0,0.0,0.0,0.0,0.0,0.0,0.0,0.0,0.0,0.0,0.0,nan,nan,4.034471437951412,2.8731887439641435,nan,0.8382140670426831,0.03501456806890536,0.0,0.0,0.0,0.0,0.0,0.0,0.0,0.0,0.0,0.0,0.0,0.0,0.0,0.0,0.0,0.0,0.0,0.0,0.0,0.012340600575894697,0.03702180172768409,0.14808720691073635,0.5306458247634719,2.5545043192101935,9.452900041135337,12.093788564376803,4.0723981900452495,0.8268202385849447,0.17276840806252575,0.09872480460715757,0.8380231779210348,0.03298247066170947,0.0,0.0,0.0,0.0,0.0,0.0,0.0,0.0,0.0,0.0,0.0,0.0,0.0,0.0,0.0,0.0,0.0,0.0,0.0,0.0,0.013742556115437475,0.06871278057718737,0.4809894640403116,2.6385707741639863,9.89464040311498,12.038479157123229,3.8754008245533678,0.7970682546953736,0.12368300503893727,0.06871278057718737,0.4043,0.01227,0.0,0.0,0.0,0.0,0.0,0.0,0.0,0.0,0.0,0.0,0.04936240230357879,10.835047305635525,18.831756478815304,0.283833813245578,0.0,0.0,0.0,0.0,0.0,0.0,0.0,0.0,0.0,0.0,0.0,0.0,0.0,0.0,0.0,0.0,0.404,0.012215,0.0,0.0,0.0,0.0,0.0,0.0,0.0,0.0,0.0,0.0,0.04122766834631242,11.076500229042585,18.731103985341278,0.15116811726981222,0.0,0.0,0.0,0.0,0.0,0.0,0.0,0.0,0.0,0.0,0.0,0.0,0.0,0.0,0.0,0.0
87400,4884,2520,0.515970515970516,1213,982,0.44942669942669944,1370,0.561015561015561,0.40599999999999997,2.985617597292724,3.0706232521500665,6.510204081632653,2.1056042710124308,8375.884520884521,506.4414588910927,7853.0,8866.4,8866.399999999998,1.8189894035458565e-12,7853.0,0.0,27.99938574938575,20.775658076235878,32.92985874330248,18.9791705197731,0.13841113841113842,0.09787059787059788,0.0943898443898444,0.08415233415233415,0.08456183456183457,0.07596232596232597,0.06674856674856675,0.06142506142506143,0.059377559377559376,0.05548730548730549,0.047706797706797706,0.04156429156429156,0.033988533988533985,0.025593775593775594,0.01678951678951679,0.009213759213759214,0.006756756756756757,0.8375323641065884,0.03371533458423474,0.0,0.0,0.0,0.0,0.0,0.0,0.0,0.0,0.0,0.0,0.0,0.0,0.0,0.0,0.0,0.0,0.0,0.0,0.0,0.006142506142506144,0.03685503685503686,0.12285012285012287,0.558968058968059,2.499999999999992,10.012285012285014,11.70761670761671,4.02948402948403,0.8169533169533172,0.1965601965601966,0.012285012285012288,4.19295461758172,2.848033144744084,4.862068965517241,2.9328594724089547,1.1595806320273105,4.094854308741476,2.8141973878632807,4.3063178047224,2.8815111008744747,1.0516412746430326,0.4033,0.012474,0.0,0.0,0.0,0.0,0.0,0.0,0.0,0.0,0.0,0.0,0.055282555282555296,11.603194103194086,18.163390663390665,0.1781326781326782,0.0,0.0,0.0,0.0,0.0,0.0,0.0,0.0,0.0,0.0,0.0,0.0,0.0,0.0,0.0,0.0,nan,nan,4.199056603773585,2.849528106679819,nan,0.4033,0.0664,0.0,0.0,0.0,0.0,0.0,0.0,0.0,0.0,0.0,0.0,0.0,0.0,0.0,0.0,0.0,0.0,0.0,0.0,0.0,0.0,7.166257166257166e-05,0.0002457002457002457,0.00010237510237510238,0.009715397215397215,0.0008804258804258804,0.0013923013923013922,0.022614660114660113,0.0032248157248157246,0.016431203931203932,0.008660933660933661,0.01207002457002457,0.01936936936936937,0.029545454545454545,0.02237919737919738,0.05556920556920557,0.03486895986895987,0.04376535626535626,0.03459254709254709,0.06696355446355447,0.06747542997542998,0.04434889434889435,0.08292383292383293,0.035452497952497955,0.058794021294021295,0.06718877968877969,0.045229320229320226,0.05702293202293202,0.03485872235872236,0.02240990990990991,0.020034807534807533,0.012141687141687141,0.022512285012285013,0.008558558558558558,0.022635135135135136,0.0048218673218673215,1.0237510237510238e-05,0.00011261261261261261,0.006142506142506142,0.0043304668304668305,6.142506142506142e-05,0.0002661752661752662,0.0,0.0,0.00020475020475020476,0.0,0.0,0.0,0.0,0.0,0.0,0.0,0.0,0.0,0.0,0.0,0.0,0.0,0.0,0.0,0.0,0.0,0.0,0.0,0.0,0.0,0.0,0.0,0.0,0.0,0.0,0.0,0.0,0.0,0.0,0.0,0.0,0.0,0.0,0.0,0.0,0.0,nan,nan,4.199056603773585,2.849528106679819,nan,0.8368780942426788,0.034388848733871796,0.0,0.0,0.0,0.0,0.0,0.0,0.0,0.0,0.0,0.0,0.0,0.0,0.0,0.0,0.0,0.0,0.0,0.0,0.0,0.011904761904761908,0.04761904761904763,0.14285714285714288,0.654761904761905,2.702380952380944,9.892857142857146,11.67857142857143,3.7976190476190483,0.8809523809523812,0.1666666666666667,0.023809523809523815,0.8382298091391823,0.03296793914086144,0.0,0.0,0.0,0.0,0.0,0.0,0.0,0.0,0.0,0.0,0.0,0.0,0.0,0.0,0.0,0.0,0.0,0.0,0.0,0.0,0.025380710659898484,0.10152284263959394,0.4568527918781727,2.284263959390856,10.139593908629443,11.738578680203048,4.276649746192894,0.7487309644670053,0.22842639593908634,0.0,0.4033,0.012344,0.0,0.0,0.0,0.0,0.0,0.0,0.0,0.0,0.0,0.0,0.04761904761904763,11.761904761904745,17.98809523809524,0.20238095238095244,0.0,0.0,0.0,0.0,0.0,0.0,0.0,0.0,0.0,0.0,0.0,0.0,0.0,0.0,0.0,0.0,0.4036,0.01261,0.0,0.0,0.0,0.0,0.0,0.0,0.0,0.0,0.0,0.0,0.0634517766497462,11.434010152284246,18.3502538071066,0.15228426395939088,0.0,0.0,0.0,0.0,0.0,0.0,0.0,0.0,0.0,0.0,0.0,0.0,0.0,0.0,0.0,0.0
87500,4779,2496,0.5222849968612681,1210,959,0.4538606403013183,1317,0.5511613308223478,0.414,2.99167761717039,3.042611803288915,6.465361445783133,2.0902827794996086,8382.28361581921,506.196474006418,7853.0,8866.4,8866.4,0.0,7853.0,0.0,28.30675873613727,20.875583231238487,33.072152211514705,19.124763865776984,0.13203599079305295,0.09813768570830718,0.09478970495919649,0.09269721699100231,0.07616656204226825,0.0696798493408663,0.07240008369951872,0.061519146264908973,0.060263653483992465,0.0560786775476041,0.050428960033479804,0.041222012973425405,0.032642812303829254,0.026156099602427287,0.01987863569784474,0.010880937434609751,0.005021971123666039,0.8362645819536885,0.03334397480587715,0.0,0.0,0.0,0.0,0.0,0.0,0.0,0.0,0.0,0.0,0.0,0.0,0.0,0.0,0.0,0.0,0.0,0.0,0.0,0.0125549278091651,0.037664783427495296,0.14438166980539865,0.47080979284369123,2.9315756434400413,10.056497175141244,11.726302573760204,3.6723163841807915,0.8349026993094791,0.1004394224733208,0.0125549278091651,4.1665043816942555,2.8339060412952293,4.571428571428571,2.521742190127569,1.0971855907588555,4.18610579987253,2.855970801700175,4.156532988357051,2.8059398068655446,0.9929354839726268,0.4028,0.012314,0.0,0.0,0.0,0.0,0.0,0.0,0.0,0.0,0.0,0.0,0.09416195856873825,12.03389830508473,17.75266792215945,0.11927181418706845,0.0,0.0,0.0,0.0,0.0,0.0,0.0,0.0,0.0,0.0,0.0,0.0,0.0,0.0,0.0,0.0,nan,nan,4.171052631578948,2.830912533545135,nan,0.4028,0.0669,0.0,0.0,0.0,0.0,0.0,0.0,0.0,0.0,0.0,0.0,0.0,0.0,0.0,0.0,0.0,0.0,0.0,0.0,0.0,1.0462439840970914e-05,4.1849759363883655e-05,7.32370788867964e-05,2.0924879681941827e-05,0.01132035990793053,0.0010671688637790332,0.0014438166980539863,0.022253609541745135,0.003630466624816907,0.017200251098556184,0.009437120736555765,0.010776313036200042,0.01750366185394434,0.02999581502406361,0.02518309269721699,0.05504289600334798,0.03663946432308014,0.04698681732580038,0.035174722745344215,0.06588198367859385,0.0673048754969659,0.04627537141661436,0.07750575434191254,0.033950617283950615,0.058443188951663526,0.0668340657041222,0.042603055032433564,0.05503243356350701,0.035823394015484414,0.023258003766478342,0.02024482109227872,0.011581920903954802,0.02355095208202553,0.009677756852898095,0.022546557857292322,0.005021971123666039,9.416195856873823e-05,0.00025109855618330194,0.00629838878426449,0.0036827788240217617,0.0,0.00031387319522912746,0.0,0.0,2.0924879681941827e-05,0.0,0.0,0.0,0.0,0.0,0.0,0.0,0.0,0.0,0.0,0.0,0.0,0.0,0.0,0.0,0.0,0.0,0.0,0.0,0.0,0.0,0.0,0.0,0.0,0.0,0.0,0.0,0.0,0.0,0.0,0.0,0.0,0.0,0.0,0.0,0.0,0.0,nan,nan,4.171052631578948,2.830912533545135,nan,0.8362815493287948,0.03344295478750616,0.0,0.0,0.0,0.0,0.0,0.0,0.0,0.0,0.0,0.0,0.0,0.0,0.0,0.0,0.0,0.0,0.0,0.0,0.0,0.024038461538461543,0.024038461538461543,0.10817307692307694,0.528846153846154,2.836538461538453,10.228365384615387,11.550480769230772,3.798076923076924,0.7451923076923078,0.14423076923076925,0.012019230769230772,0.8362460315514697,0.03323541293741822,0.0,0.0,0.0,0.0,0.0,0.0,0.0,0.0,0.0,0.0,0.0,0.0,0.0,0.0,0.0,0.0,0.0,0.0,0.0,0.0,0.05256241787122209,0.18396846254927732,0.4073587385019712,3.0354796320630655,9.868593955321947,11.918528252299609,3.5348226018396853,0.932982917214192,0.05256241787122209,0.013140604467805522,0.4028,0.012405,0.0,0.0,0.0,0.0,0.0,0.0,0.0,0.0,0.0,0.0,0.0841346153846154,12.019230769230752,17.76442307692308,0.1322115384615385,0.0,0.0,0.0,0.0,0.0,0.0,0.0,0.0,0.0,0.0,0.0,0.0,0.0,0.0,0.0,0.0,0.4028,0.012215,0.0,0.0,0.0,0.0,0.0,0.0,0.0,0.0,0.0,0.0,0.10512483574244418,12.049934296977643,17.739816031537455,0.10512483574244418,0.0,0.0,0.0,0.0,0.0,0.0,0.0,0.0,0.0,0.0,0.0,0.0,0.0,0.0,0.0,0.0
87600,5009,2551,0.5092832900778599,1232,1059,0.45737672190057893,1448,0.5781593132361749,0.36599999999999994,2.9231082180634664,3.0203047236603204,6.531065088757397,2.0425748170721723,8369.107686164903,506.61265819264963,7853.0,8866.4,8866.399999999998,1.8189894035458565e-12,7853.0,0.0,28.381113994809343,20.841449849266887,33.09531654506943,19.10537597388787,0.1309642643242164,0.09602715112796965,0.09443002595328409,0.08963865042922739,0.07686164903174286,0.07646236773807147,0.0748652425633859,0.06388500698742264,0.06049111599121581,0.053304052705130764,0.0467159113595528,0.03873028548612498,0.03453783190257537,0.024955080854461967,0.01916550209622679,0.011179876222798962,0.007785985226592134,0.8355746655008183,0.03344403202459467,0.0,0.0,0.0,0.0,0.0,0.0,0.0,0.0,0.0,0.0,0.0,0.0,0.0,0.0,0.0,0.0,0.0,0.0,0.0,0.005989219405070874,0.02994609702535437,0.04791375524056699,0.5929327211020164,3.204232381712907,10.097823916949494,11.457376721900582,3.617488520662808,0.7845877420642845,0.13176282691155922,0.02994609702535437,4.197239263803681,2.801302017247085,4.791666666666667,2.8281202041088864,1.1416234256620137,4.152501506931887,2.7679402341254256,4.253694581280788,2.8351112514674335,1.0243691842567613,0.4026,0.01248,0.0,0.0,0.0,0.0,0.0,0.0,0.0,0.0,0.0,0.0,0.05390297464563786,12.313835096825697,17.42263924935117,0.2096226791774806,0.0,0.0,0.0,0.0,0.0,0.0,0.0,0.0,0.0,0.0,0.0,0.0,0.0,0.0,0.0,0.0,nan,nan,4.201583434835566,2.801956411849304,nan,0.4028,0.06683,0.0,0.0,0.0,0.0,0.0,0.0,0.0,0.0,0.0,0.0,0.0,0.0,0.0,0.0,0.0,0.0,0.0,0.0,0.0,3.992812936713915e-05,9.982032341784787e-05,6.987422639249351e-05,0.0,0.010710720702735077,0.00116789778398882,0.0014374126572170094,0.02144140547015372,0.0037232980634857257,0.017149131563186263,0.00990217608305051,0.010910361349570772,0.018586544220403275,0.028808145338390895,0.026053104412058294,0.0555799560790577,0.03703333998802156,0.04708524655619884,0.037153124376122976,0.06820722699141545,0.0664703533639449,0.045198642443601514,0.07575364344180475,0.031513276103014576,0.05921341585146736,0.06708923936913555,0.04130564983030545,0.05444200439209423,0.03650429227390697,0.022299860251547215,0.021201836693950888,0.01265721700938311,0.022928728289079655,0.010770612896785785,0.022070273507686165,0.004841285685765622,2.9946097025354362e-05,0.00021960471151926533,0.006378518666400479,0.0036534238370932322,2.9946097025354362e-05,0.00021960471151926533,0.0,0.0,4.9910161708923936e-05,0.0,0.0,0.0,0.0,0.0,0.0,0.0,0.0,0.0,0.0,0.0,0.0,0.0,0.0,0.0,0.0,0.0,0.0,0.0,0.0,0.0,0.0,0.0,0.0,0.0,0.0,0.0,0.0,0.0,0.0,0.0,0.0,0.0,0.0,0.0,0.0,0.0,nan,nan,4.201583434835566,2.801956411849304,nan,0.836030883258205,0.0336259092614107,0.0,0.0,0.0,0.0,0.0,0.0,0.0,0.0,0.0,0.0,0.0,0.0,0.0,0.0,0.0,0.0,0.0,0.0,0.0,0.011760094080752648,0.011760094080752648,0.04704037632301059,0.5527244217953744,3.3045864366914834,10.137201097608784,11.301450411603296,3.5515484123873,0.870246961975696,0.19992159937279502,0.011760094080752648,0.8351011864531807,0.033247602208842,0.0,0.0,0.0,0.0,0.0,0.0,0.0,0.0,0.0,0.0,0.0,0.0,0.0,0.0,0.0,0.0,0.0,0.0,0.0,0.0,0.048820179007323036,0.048820179007323036,0.6346623270951995,3.1000813669650027,10.056956875508547,11.619202603742883,3.685923515052889,0.6956875508543533,0.06102522375915379,0.048820179007323036,0.4028,0.012535,0.0,0.0,0.0,0.0,0.0,0.0,0.0,0.0,0.0,0.0,0.011760094080752648,12.195217561740478,17.593100744805962,0.19992159937279502,0.0,0.0,0.0,0.0,0.0,0.0,0.0,0.0,0.0,0.0,0.0,0.0,0.0,0.0,0.0,0.0,0.4026,0.01243,0.0,0.0,0.0,0.0,0.0,0.0,0.0,0.0,0.0,0.0,0.09764035801464607,12.436940602115524,17.245728234336863,0.21969080553295367,0.0,0.0,0.0,0.0,0.0,0.0,0.0,0.0,0.0,0.0,0.0,0.0,0.0,0.0,0.0,0.0
87700,4395,2316,0.5269624573378839,1107,872,0.4502844141069397,1195,0.5437997724687145,0.434,2.998075998075998,3.099131152893372,6.559322033898305,2.131055173037868,8387.02375426621,505.96274808803804,7853.0,8866.4,8866.4,0.0,7853.0,0.0,28.41797497155859,21.043144260278048,33.40676589986468,19.23131489239695,0.13811149032992037,0.09920364050056883,0.08464163822525597,0.08600682593856655,0.08327645051194539,0.07804323094425483,0.06416382252559727,0.06416382252559727,0.06075085324232082,0.05233219567690557,0.05142207053469852,0.041638225255972695,0.032081911262798635,0.024118316268486917,0.02025028441410694,0.012514220705346985,0.0072810011376564275,0.835579834442768,0.03213988680246081,0.0,0.0,0.0,0.0,0.0,0.0,0.0,0.0,0.0,0.0,0.0,0.0,0.0,0.0,0.0,0.0,0.0,0.0,0.0,0.013651877133105806,0.0,0.08191126279863482,0.46416382252559735,2.9010238907849737,10.63481228668942,11.49488054607509,3.6587030716723556,0.6416382252559728,0.09556313993174063,0.013651877133105806,4.106993006993007,2.8549588891422513,3.5416666666666665,3.6168490737411507,0.8623503036494693,4.108333333333333,2.877969480959333,4.099099099099099,2.8461142771759635,0.9977523162107341,0.4026,0.012474,0.0,0.0,0.0,0.0,0.0,0.0,0.0,0.0,0.0,0.0,0.04095563139931741,12.334470989761074,17.392491467576797,0.23208191126279867,0.0,0.0,0.0,0.0,0.0,0.0,0.0,0.0,0.0,0.0,0.0,0.0,0.0,0.0,0.0,0.0,nan,nan,4.102288488210818,2.8625968598877463,nan,0.4026,0.0674,0.0,0.0,0.0,0.0,0.0,0.0,0.0,0.0,0.0,0.0,0.0,0.0,0.0,0.0,0.0,0.0,0.0,6.825938566552901e-05,0.0,0.0,7.963594994311717e-05,0.0001478953356086462,0.0,0.01155858930602958,0.0010466439135381116,0.001558589306029579,0.021444823663253697,0.0036177474402730374,0.018054607508532425,0.010591581342434585,0.010591581342434585,0.01937428896473265,0.02725824800910125,0.025039817974971557,0.05552901023890785,0.03830489192263936,0.0468259385665529,0.03838452787258248,0.06639362912400455,0.06736063708759954,0.04582480091012514,0.07334470989761092,0.03168373151308305,0.05977246871444824,0.0648122866894198,0.040716723549488056,0.05283276450511945,0.03762229806598407,0.020329920364050055,0.02205915813424346,0.014630261660978385,0.02286689419795222,0.012718998862343572,0.02260523321956769,0.0046871444823663256,3.4129692832764505e-05,0.0002844141069397042,0.006109215017064846,0.00366325369738339,0.0,0.00012514220705346984,1.1376564277588169e-05,0.0,3.4129692832764505e-05,0.0,0.0,0.0,0.0,0.0,0.0,0.0,0.0,0.0,0.0,0.0,0.0,0.0,0.0,0.0,0.0,0.0,0.0,0.0,0.0,0.0,0.0,0.0,0.0,0.0,0.0,0.0,0.0,0.0,0.0,0.0,0.0,0.0,0.0,0.0,0.0,0.0,nan,nan,4.102288488210818,2.8625968598877463,nan,0.8353772930324799,0.03244131987213532,0.0,0.0,0.0,0.0,0.0,0.0,0.0,0.0,0.0,0.0,0.0,0.0,0.0,0.0,0.0,0.0,0.0,0.0,0.0,0.012953367875647671,0.0,0.06476683937823835,0.5440414507772021,2.836787564766831,10.816062176165806,11.398963730569951,3.510362694300519,0.6865284974093266,0.10362694300518137,0.025906735751295342,0.8358054649892939,0.03179920803913848,0.0,0.0,0.0,0.0,0.0,0.0,0.0,0.0,0.0,0.0,0.0,0.0,0.0,0.0,0.0,0.0,0.0,0.0,0.0,0.014430014430014433,0.0,0.10101010101010104,0.3751803751803753,2.9725829725829636,10.432900432900434,11.601731601731604,3.8239538239538247,0.5916305916305917,0.08658008658008659,0.0,0.4028,0.012405,0.0,0.0,0.0,0.0,0.0,0.0,0.0,0.0,0.0,0.0,0.025906735751295342,12.253886010362677,17.551813471502594,0.16839378238341973,0.0,0.0,0.0,0.0,0.0,0.0,0.0,0.0,0.0,0.0,0.0,0.0,0.0,0.0,0.0,0.0,0.4026,0.01255,0.0,0.0,0.0,0.0,0.0,0.0,0.0,0.0,0.0,0.0,0.057720057720057734,12.424242424242406,17.21500721500722,0.3030303030303031,0.0,0.0,0.0,0.0,0.0,0.0,0.0,0.0,0.0,0.0,0.0,0.0,0.0,0.0,0.0,0.0
87800,4546,2357,0.51847778266608,1103,936,0.44852617685877694,1244,0.5472943246810382,0.434,2.9858382823206946,3.1195577361303446,6.6521739130434785,2.192131022068432,8378.425384953805,506.35387819027477,7853.0,8866.4,8866.4,0.0,7853.0,0.0,27.5849098108227,20.798066071454517,32.67194092827004,19.024453329934072,0.14584249890013198,0.09876814782226133,0.09370875494940607,0.08842938847338319,0.08029036515618126,0.0730312362516498,0.07017157941047074,0.06511218653761548,0.05587329520457545,0.05191377034755829,0.04267487901451826,0.03849538055433348,0.03739551253849538,0.026396832380114386,0.01803783545974483,0.007699076110866696,0.0061592608886933565,0.8354786122312013,0.03365365662535532,0.0,0.0,0.0,0.0,0.0,0.0,0.0,0.0,0.0,0.0,0.0,0.0,0.0,0.0,0.0,0.0,0.0,0.0,0.0,0.0,0.03959524857017158,0.11878574571051477,0.607127144742631,2.956445226572802,10.505939287285527,11.449626044874618,3.3457985041794993,0.8117025956885175,0.13198416190057197,0.03299604047514299,4.319777546054918,2.9135263191984917,3.925925925925926,2.8011363557317095,0.9088259485749026,4.31994459833795,2.883493187250418,4.3123287671232875,2.941388415310089,0.9982370534988821,0.4026,0.0124,0.0,0.0,0.0,0.0,0.0,0.0,0.0,0.0,0.0,0.0,0.06599208095028598,12.300923889133287,17.45490541135064,0.17817861856577216,0.0,0.0,0.0,0.0,0.0,0.0,0.0,0.0,0.0,0.0,0.0,0.0,0.0,0.0,0.0,0.0,nan,nan,4.316115702479339,2.9127466249595906,nan,0.4026,0.0681,0.0,0.0,0.0,0.0,0.0,0.0,0.0,0.0,0.0,0.0,0.0,0.0,0.0,0.0,0.0,0.0,0.0,0.00013198416190057194,0.0,0.0,3.2996040475142986e-05,0.0002199736031676199,0.0,0.013187417509898812,0.0004069511658600968,0.0011548614166300044,0.022041355037395512,0.0035305763308402993,0.01835679718433788,0.010789705235371755,0.009744830620325561,0.019291684997800262,0.027628684557853056,0.023262208534975803,0.057259128904531456,0.03984821821381434,0.04738231412230532,0.03637263528376595,0.06595908490981083,0.06758688957325121,0.04498460184777826,0.0765068191816982,0.03162120545534536,0.055686317641882976,0.06437527496700396,0.03955125384953805,0.05188077430708315,0.03654861416630004,0.019863616366036077,0.022085349758029036,0.016564012318521778,0.02165640123185218,0.012648482182138144,0.026352837659480863,0.005631324241091069,2.199736031676199e-05,0.0003959524857017158,0.005477342718873735,0.0036515618125824902,4.399472063352398e-05,0.00013198416190057194,0.0,0.0,0.00013198416190057194,0.0,0.0,0.0,0.0,0.0,0.0,0.0,0.0,0.0,0.0,0.0,0.0,0.0,0.0,0.0,0.0,0.0,0.0,0.0,0.0,0.0,0.0,0.0,0.0,0.0,0.0,0.0,0.0,0.0,0.0,0.0,0.0,0.0,0.0,0.0,0.0,0.0,nan,nan,4.316115702479339,2.9127466249595906,nan,0.83565774439855,0.03465268208971007,0.0,0.0,0.0,0.0,0.0,0.0,0.0,0.0,0.0,0.0,0.0,0.0,0.0,0.0,0.0,0.0,0.0,0.0,0.0,0.0,0.0509121764955452,0.1145523971149767,0.7127704709376328,2.914722104369953,10.34789987271956,11.289775137887148,3.5638523546881635,0.8018667798048369,0.15273652948663557,0.0509121764955452,0.8352857321405476,0.032542585261687886,0.0,0.0,0.0,0.0,0.0,0.0,0.0,0.0,0.0,0.0,0.0,0.0,0.0,0.0,0.0,0.0,0.0,0.0,0.0,0.0,0.027409776153494752,0.12334399269072638,0.4933759707629055,3.0013704888076655,10.676107811786206,11.621745089081776,3.1110095934216546,0.8222932846048426,0.10963910461397901,0.013704888076747376,0.4026,0.01231,0.0,0.0,0.0,0.0,0.0,0.0,0.0,0.0,0.0,0.0,0.06364022061943149,12.435299109036892,17.373780229104796,0.12728044123886298,0.0,0.0,0.0,0.0,0.0,0.0,0.0,0.0,0.0,0.0,0.0,0.0,0.0,0.0,0.0,0.0,0.4028,0.01249,0.0,0.0,0.0,0.0,0.0,0.0,0.0,0.0,0.0,0.0,0.06852444038373688,12.156235724074902,17.54225673823664,0.2329830973047054,0.0,0.0,0.0,0.0,0.0,0.0,0.0,0.0,0.0,0.0,0.0,0.0,0.0,0.0,0.0,0.0
87900,4688,2428,0.5179180887372014,1170,942,0.45051194539249145,1288,0.5494880546075085,0.418,2.956637168141593,3.151467591995401,6.666666666666667,2.2714357331553696,8377.85819112628,506.3745353935378,7853.0,8866.4,8866.399999999998,1.8189894035458565e-12,7853.0,0.0,27.924701365187712,20.93107095061039,32.78976697061803,19.22729391920045,0.13801194539249148,0.10132252559726962,0.09577645051194539,0.08639078498293515,0.08148464163822526,0.07551194539249147,0.06953924914675767,0.06036689419795222,0.057593856655290106,0.04970136518771331,0.04970136518771331,0.038822525597269626,0.032423208191126277,0.028156996587030716,0.019197952218430035,0.008105802047781569,0.007892491467576791,0.8355817533139482,0.033598260283556655,0.0,0.0,0.0,0.0,0.0,0.0,0.0,0.0,0.0,0.0,0.0,0.0,0.0,0.0,0.0,0.0,0.0,0.0,0.0,0.0,0.01919795221843004,0.14718430034129695,0.5439419795221844,2.8348976109214927,10.597269624573382,11.499573378839594,3.3916382252559734,0.7679180887372016,0.1279863481228669,0.0703924914675768,4.228580990629183,2.943742892418894,4.064516129032258,2.5770135737743556,0.96120096506121,4.206644518272426,2.9221042746461268,4.247027741083223,2.958052353901908,1.0095998657921734,0.403,0.01266,0.0,0.0,0.0,0.0,0.0,0.0,0.0,0.0,0.0,0.0,0.08959044368600685,12.145904436860052,17.566126279863486,0.19837883959044372,0.0,0.0,0.0,0.0,0.0,0.0,0.0,0.0,0.0,0.0,0.0,0.0,0.0,0.0,0.0,0.0,nan,nan,4.226896323285856,2.9402561678776156,nan,0.403,0.06805,0.0,0.0,0.0,0.0,0.0,0.0,0.0,0.0,0.0,0.0,0.0,0.0,0.0,0.0,0.0,0.0,0.0,5.332764505119454e-05,0.0,0.0,0.0,0.00058660409556314,0.0,0.014302474402730376,0.0002773037542662116,0.0011198805460750853,0.020936433447098977,0.0034129692832764505,0.01642491467576792,0.011966723549488054,0.010580204778156996,0.020189846416382252,0.024456058020477817,0.023016211604095563,0.05614334470989761,0.03778796928327645,0.04826151877133106,0.03611348122866894,0.06571032423208191,0.07101109215017065,0.04512585324232082,0.07581058020477816,0.03417235494880546,0.05596203071672355,0.06297994880546075,0.03836390784982935,0.05227175767918089,0.03760665529010239,0.020189846416382252,0.022408276450511945,0.016051621160409556,0.02137372013651877,0.012531996587030718,0.027399744027303753,0.005418088737201365,6.399317406143345e-05,0.0003946245733788396,0.005460750853242321,0.003700938566552901,2.1331058020477816e-05,0.00018131399317406144,0.0,2.1331058020477816e-05,0.0001386518771331058,0.0,0.0,0.0,0.0,0.0,0.0,0.0,0.0,0.0,0.0,0.0,0.0,0.0,0.0,0.0,0.0,0.0,0.0,0.0,0.0,0.0,0.0,0.0,0.0,0.0,0.0,0.0,0.0,0.0,0.0,0.0,0.0,0.0,0.0,0.0,0.0,0.0,nan,nan,4.226896323285856,2.9402561678776156,nan,0.8357201592729747,0.03408019725722169,0.0,0.0,0.0,0.0,0.0,0.0,0.0,0.0,0.0,0.0,0.0,0.0,0.0,0.0,0.0,0.0,0.0,0.0,0.0,0.0,0.024711696869851734,0.13591433278418455,0.5683690280065898,2.8789126853377174,10.391268533772655,11.589785831960464,3.385502471169688,0.7907742998352555,0.13591433278418455,0.09884678747940694,0.835433058770357,0.03307202813185566,0.0,0.0,0.0,0.0,0.0,0.0,0.0,0.0,0.0,0.0,0.0,0.0,0.0,0.0,0.0,0.0,0.0,0.0,0.0,0.0,0.013274336283185844,0.15929203539823011,0.5176991150442479,2.787610619469018,10.818584070796462,11.40265486725664,3.398230088495576,0.7433628318584072,0.11946902654867259,0.03982300884955753,0.4033,0.01264,0.0,0.0,0.0,0.0,0.0,0.0,0.0,0.0,0.0,0.0,0.08649093904448107,11.87397034596374,17.804777594728176,0.23476112026359147,0.0,0.0,0.0,0.0,0.0,0.0,0.0,0.0,0.0,0.0,0.0,0.0,0.0,0.0,0.0,0.0,0.4026,0.012665,0.0,0.0,0.0,0.0,0.0,0.0,0.0,0.0,0.0,0.0,0.0929203539823009,12.438053097345115,17.30973451327434,0.15929203539823011,0.0,0.0,0.0,0.0,0.0,0.0,0.0,0.0,0.0,0.0,0.0,0.0,0.0,0.0,0.0,0.0
88000,4603,2365,0.513795350858136,1120,907,0.4403649793612861,1271,0.5522485335650663,0.418,2.9897229669347634,3.150440316207762,6.644338118022328,2.239876178623399,8373.680208559636,506.50710139999904,7853.0,8866.4,8866.399999999998,1.8189894035458565e-12,7853.0,0.0,28.357158374972844,21.007229193554203,33.212409886714724,19.27381270774864,0.13382576580490985,0.11058005648490116,0.08994134260265045,0.08255485552900282,0.07082337605909189,0.06799913100152075,0.07408212035628937,0.06604388442320226,0.05561590267217032,0.059526395828807296,0.05496415381273083,0.03780143384749077,0.03171844449272214,0.025418205518140342,0.02281121008038236,0.011514229850097762,0.004779491635889637,0.8355951978024415,0.03266557543655091,0.0,0.0,0.0,0.0,0.0,0.0,0.0,0.0,0.0,0.0,0.0,0.0,0.0,0.0,0.0,0.0,0.0,0.0,0.0,0.0,0.019552465783184883,0.07820986313273953,0.4692591787964372,2.887247447316958,10.884205952639586,11.418640017379973,3.245709320008691,0.7690636541386054,0.21507712361503373,0.013034977188789923,4.27906186267845,2.905484289536608,4.304347826086956,2.8503971135797848,1.0059092306257704,4.253324468085107,2.9402836943450033,4.305954825462012,2.8681066444911325,1.0123739342652596,0.4038,0.0124,0.0,0.0,0.0,0.0,0.0,0.0,0.0,0.0,0.0,0.0,0.039104931566369766,11.131870519226576,18.4966326308929,0.332391918314143,0.0,0.0,0.0,0.0,0.0,0.0,0.0,0.0,0.0,0.0,0.0,0.0,0.0,0.0,0.0,0.0,nan,nan,4.279258010118044,2.9050618362412264,nan,0.4038,0.06793,0.0,0.0,0.0,0.0,0.0,0.0,0.0,0.0,0.0,0.0,0.0,0.0,0.0,0.0,0.0,0.0,0.0,0.0,0.0,0.0,2.1724961981316532e-05,0.0007060612643927873,1.0862480990658266e-05,0.013578101238322832,0.0003475993917010645,0.0011296980230284597,0.020888550945035847,0.0031175320443189223,0.015109711058005649,0.012328915924397133,0.010775581142733,0.020638713882250706,0.024484032152943733,0.019943515098848577,0.05408429285248751,0.034542689550293285,0.04736041711927004,0.038898544427547255,0.06881381707582011,0.0728003475993917,0.04693678036063437,0.07312622202911145,0.033988703019769716,0.05837497284379752,0.06413208776884641,0.03742124701281773,0.048577014990223766,0.038464045187920924,0.019139691505539864,0.02567890506191614,0.01617423419509016,0.020454051705409516,0.012448403215294373,0.03044753421681512,0.0051596784705626765,0.00020638713882250705,0.0006408863784488377,0.005181403432543993,0.003638931131870519,6.51748859439496e-05,0.000162937214859874,0.0,0.0,0.0,0.0,0.0,0.0,0.0,0.0,0.0,0.0,0.0,0.0,0.0,0.0,0.0,0.0,0.0,0.0,0.0,0.0,0.0,0.0,0.0,0.0,0.0,0.0,0.0,0.0,0.0,0.0,0.0,0.0,0.0,0.0,0.0,0.0,0.0,0.0,0.0,0.0,nan,nan,4.279258010118044,2.9050618362412264,nan,0.8350783384879599,0.033113618582539354,0.0,0.0,0.0,0.0,0.0,0.0,0.0,0.0,0.0,0.0,0.0,0.0,0.0,0.0,0.0,0.0,0.0,0.0,0.0,0.0,0.025369978858350958,0.11416490486257931,0.48202959830866815,2.9175475687103503,10.896405919661737,11.340380549682878,3.221987315010572,0.7484143763213532,0.25369978858350956,0.0,0.8361413873818647,0.03217630851496263,0.0,0.0,0.0,0.0,0.0,0.0,0.0,0.0,0.0,0.0,0.0,0.0,0.0,0.0,0.0,0.0,0.0,0.0,0.0,0.0,0.01340482573726542,0.04021447721179625,0.4557640750670242,2.8552278820375245,10.871313672922254,11.50134048257373,3.2707774798927622,0.7908847184986597,0.17426273458445046,0.02680965147453084,0.404,0.01244,0.0,0.0,0.0,0.0,0.0,0.0,0.0,0.0,0.0,0.0,0.025369978858350958,10.985200845665947,18.6215644820296,0.3678646934460889,0.0,0.0,0.0,0.0,0.0,0.0,0.0,0.0,0.0,0.0,0.0,0.0,0.0,0.0,0.0,0.0,0.4038,0.01236,0.0,0.0,0.0,0.0,0.0,0.0,0.0,0.0,0.0,0.0,0.05361930294906168,11.286863270777463,18.36461126005362,0.29490616621983917,0.0,0.0,0.0,0.0,0.0,0.0,0.0,0.0,0.0,0.0,0.0,0.0,0.0,0.0,0.0,0.0
88100,4682,2473,0.528193079880393,1167,927,0.44724476719350703,1282,0.5476292182827851,0.40599999999999997,3.091896785875962,3.123846637497933,6.57645259938838,2.1987198701346764,8388.270867150792,505.89385798826584,7853.0,8866.4,8866.399999999998,1.8189894035458565e-12,7853.0,0.0,28.422896198205894,21.24435581261791,33.55575401888237,19.414349342290738,0.14224690303289192,0.0963263562580094,0.0888509184109355,0.08415207176420333,0.07710380179410509,0.07795813754805639,0.0721913712088851,0.06172575822298163,0.05830841520717642,0.05638615976078599,0.0457069628363947,0.03588210166595472,0.032037590773173856,0.02883383169585647,0.018795386586928663,0.013882956001708672,0.009611277231952157,0.8343138929515351,0.03299495661909622,0.0,0.0,0.0,0.0,0.0,0.0,0.0,0.0,0.0,0.0,0.0,0.0,0.0,0.0,0.0,0.0,0.0,0.0,0.0,0.0,0.0,0.0704826997009825,0.6407518154634773,2.921828278513447,11.213156770610853,11.02093122597181,3.2357966680905603,0.6471593336181121,0.2114480991029475,0.038445108927808634,4.271735537190082,2.900933642153009,3.8461538461538463,2.9831876045638945,0.9003726501017943,4.310591293047433,2.9085629401507327,4.224867724867725,2.8944785255524423,0.9801132693053103,0.4045,0.01245,0.0,0.0,0.0,0.0,0.0,0.0,0.0,0.0,0.0,0.0,0.025630072618539092,10.867150790260556,18.793250747543787,0.3139683895771038,0.0,0.0,0.0,0.0,0.0,0.0,0.0,0.0,0.0,0.0,0.0,0.0,0.0,0.0,0.0,0.0,nan,nan,4.268108816781383,2.9019081295736013,nan,0.4045,0.0679,0.0,0.0,0.0,0.0,0.0,0.0,0.0,0.0,0.0,0.0,0.0,0.0,0.0,0.0,0.0,0.0,0.0,0.0,0.0,0.0,1.0679196924391286e-05,0.000672789406236651,1.0679196924391286e-05,0.012184963690730457,0.00024562152926099957,0.0014310123878684322,0.02093122597180692,0.003630926954293037,0.014769329346433149,0.012227680478428022,0.012580093976932934,0.0203438701409654,0.023953438701409653,0.0182614267407091,0.05446390431439556,0.0346860316104229,0.04822725331055105,0.0363947031183255,0.07031183255019223,0.07331268688594618,0.04445749679624092,0.0735155916275096,0.03313754805638616,0.05989961554891072,0.062302434856898764,0.037195642887654846,0.0485369500213584,0.040794532251174714,0.019147800085433576,0.025544639043143955,0.01621102093122597,0.02310978214438274,0.012847073900042716,0.030243485689876122,0.004656129859034601,0.00034173430158052114,0.0008116189662537377,0.004196924391285775,0.004175565997436992,0.00011747116616830415,9.611277231952157e-05,0.0,0.0,1.0679196924391286e-05,0.0,0.0,0.0,0.0,0.0,0.0,0.0,0.0,0.0,0.0,0.0,0.0,0.0,0.0,0.0,0.0,0.0,0.0,0.0,0.0,0.0,0.0,0.0,0.0,0.0,0.0,0.0,0.0,0.0,0.0,0.0,0.0,0.0,0.0,0.0,0.0,0.0,nan,nan,4.268108816781383,2.9019081295736013,nan,0.8341107490667196,0.032728820559824456,0.0,0.0,0.0,0.0,0.0,0.0,0.0,0.0,0.0,0.0,0.0,0.0,0.0,0.0,0.0,0.0,0.0,0.0,0.0,0.0,0.0,0.09704811969268098,0.5944197331176709,3.0084917104731006,11.075616659927217,11.124140719773557,3.2389809947432275,0.606550748079256,0.2304892842701173,0.024262029923170246,0.8345413147836532,0.033288904061593044,0.0,0.0,0.0,0.0,0.0,0.0,0.0,0.0,0.0,0.0,0.0,0.0,0.0,0.0,0.0,0.0,0.0,0.0,0.0,0.0,0.0,0.04074241738343142,0.6926210955183342,2.824807605251236,11.36713444997737,10.905387052965144,3.2322317790855597,0.6926210955183342,0.19013128112268,0.05432322317790857,0.4045,0.01266,0.0,0.0,0.0,0.0,0.0,0.0,0.0,0.0,0.0,0.0,0.024262029923170246,10.84512737565708,18.839466235341693,0.2911443590780429,0.0,0.0,0.0,0.0,0.0,0.0,0.0,0.0,0.0,0.0,0.0,0.0,0.0,0.0,0.0,0.0,0.4043,0.012215,0.0,0.0,0.0,0.0,0.0,0.0,0.0,0.0,0.0,0.0,0.027161611588954283,10.89180624717065,18.741511996378456,0.33952014486192855,0.0,0.0,0.0,0.0,0.0,0.0,0.0,0.0,0.0,0.0,0.0,0.0,0.0,0.0,0.0,0.0
88200,4522,2329,0.5150375939849624,1092,906,0.44183989385227773,1261,0.5577178239716939,0.43,3.081623347013224,3.1705143366075674,6.648148148148148,2.146551130495126,8374.939097744362,506.47078879234255,7853.0,8866.4,8866.400000000001,1.8189894035458565e-12,7853.0,0.0,27.931667403803626,21.092537868720935,32.83434130949251,19.422788439388302,0.13954002653693057,0.10570544007076514,0.09199469261388767,0.09044670499778859,0.07784166298098187,0.0696594427244582,0.06390977443609022,0.06678460858027421,0.05860238832375055,0.05373728438743919,0.04467049977885891,0.04356479433878815,0.031180893409995577,0.025210084033613446,0.016585581601061477,0.011278195488721804,0.009287925696594427,0.8344900546902737,0.0329009772883908,0.0,0.0,0.0,0.0,0.0,0.0,0.0,0.0,0.0,0.0,0.0,0.0,0.0,0.0,0.0,0.0,0.0,0.0,0.0,0.0,0.013268465280849184,0.13268465280849184,0.49756744803184444,2.9588677576293585,10.966386554621852,11.298098186643081,3.237505528527201,0.6965944272445822,0.1857585139318886,0.013268465280849184,4.363318165908296,2.8987629519603875,4.878787878787879,3.1018818897622285,1.1181370904618138,4.356060606060606,2.812912555192369,4.382475660639778,2.9885779765183083,1.0060639777468707,0.4043,0.01244,0.0,0.0,0.0,0.0,0.0,0.0,0.0,0.0,0.0,0.0,0.019902697921273776,10.966386554621833,18.788146837682444,0.22556390977443613,0.0,0.0,0.0,0.0,0.0,0.0,0.0,0.0,0.0,0.0,0.0,0.0,0.0,0.0,0.0,0.0,nan,nan,4.369204152249135,2.9016794546062106,nan,0.4043,0.06793,0.0,0.0,0.0,0.0,0.0,0.0,0.0,0.0,0.0,0.0,0.0,0.0,0.0,0.0,0.0,0.0,0.0,0.0,0.0,1.1057054400707652e-05,0.0,0.00033171163202122956,0.0,0.011521450685537372,0.0002985404688191066,0.002310924369747899,0.02100840336134454,0.003925254312251217,0.01403140203449801,0.012848297213622292,0.01280406899601946,0.020544007076514815,0.026172047766475012,0.01586687306501548,0.05531844316674038,0.032164971251658556,0.049646174259177354,0.03707430340557276,0.07020123839009287,0.07262273330384786,0.04478107032286599,0.07561919504643963,0.034155241043785936,0.05778416629809819,0.06051525873507298,0.0381468376824414,0.04789915966386555,0.04085581601061477,0.01750331711632021,0.02725563909774436,0.01539141972578505,0.022865988500663424,0.012793011941618753,0.030871295886775764,0.004046881910659,0.0003648827952233525,0.0010614772224679346,0.004433878814683768,0.004721362229102168,0.00017691287041132243,1.1057054400707652e-05,0.0,0.0,4.422821760283061e-05,0.0,0.0,0.0,0.0,0.0,0.0,0.0,0.0,0.0,0.0,0.0,0.0,0.0,0.0,0.0,0.0,0.0,0.0,0.0,0.0,0.0,0.0,0.0,0.0,0.0,0.0,0.0,0.0,0.0,0.0,0.0,0.0,0.0,0.0,0.0,0.0,0.0,nan,nan,4.369204152249135,2.9016794546062106,nan,0.8339258752037088,0.032514319938691236,0.0,0.0,0.0,0.0,0.0,0.0,0.0,0.0,0.0,0.0,0.0,0.0,0.0,0.0,0.0,0.0,0.0,0.0,0.0,0.0,0.02576212966938601,0.14169171318162305,0.47659939888364117,2.8853585229712233,11.2322885358523,11.32245598969515,3.142979819665093,0.6182911120652642,0.14169171318162305,0.012881064834693005,0.8350892220519744,0.03329623326455324,0.0,0.0,0.0,0.0,0.0,0.0,0.0,0.0,0.0,0.0,0.0,0.0,0.0,0.0,0.0,0.0,0.0,0.0,0.0,0.0,0.0,0.12311901504787964,0.5198358413132695,3.036935704514354,10.683994528043778,11.272229822161426,3.337893296853626,0.7797537619699044,0.23255813953488377,0.013679890560875516,0.4045,0.01253,0.0,0.0,0.0,0.0,0.0,0.0,0.0,0.0,0.0,0.0,0.03864319450407901,10.652640618291096,19.03821382567626,0.27050236152855306,0.0,0.0,0.0,0.0,0.0,0.0,0.0,0.0,0.0,0.0,0.0,0.0,0.0,0.0,0.0,0.0,0.404,0.012344,0.0,0.0,0.0,0.0,0.0,0.0,0.0,0.0,0.0,0.0,0.0,11.299589603283158,18.522571819425448,0.17783857729138172,0.0,0.0,0.0,0.0,0.0,0.0,0.0,0.0,0.0,0.0,0.0,0.0,0.0,0.0,0.0,0.0
88300,4716,2472,0.5241730279898219,1149,963,0.44783715012722647,1321,0.5602205258693809,0.426,3.049019607843137,3.162179566255086,6.756451612903226,2.1990555867156107,8384.196946564885,506.1074881969214,7853.0,8866.4,8866.4,0.0,7853.0,0.0,27.935326547921967,20.860380786452396,32.905736669193836,19.092024327406296,0.13952502120441052,0.0952078032230704,0.09775233248515691,0.0854537743850721,0.08290924512298559,0.0729431721798134,0.07442748091603053,0.06085665818490246,0.052374893977947416,0.056615776081424936,0.050678541136556406,0.037319762510602206,0.03541136556403732,0.021416454622561493,0.01823579304495335,0.012934690415606446,0.005937234944868533,0.8357170346154309,0.033133710312565165,0.0,0.0,0.0,0.0,0.0,0.0,0.0,0.0,0.0,0.0,0.0,0.0,0.0,0.0,0.0,0.0,0.0,0.0,0.0,0.0,0.01908396946564886,0.06997455470737915,0.6106870229007635,3.142493638676835,10.012722646310435,11.673027989821886,3.5432569974554715,0.7506361323155218,0.17811704834605602,0.0,4.379344587884806,2.98563653549902,5.0,2.0,1.1417233560090703,4.359058207979071,2.9974784523793345,4.4072847682119205,2.9643041763680213,1.0110635274712718,0.4043,0.01224,0.0,0.0,0.0,0.0,0.0,0.0,0.0,0.0,0.0,0.0,0.044529262086514004,10.629770992366398,19.122137404580155,0.20356234096692116,0.0,0.0,0.0,0.0,0.0,0.0,0.0,0.0,0.0,0.0,0.0,0.0,0.0,0.0,0.0,0.0,nan,nan,4.383020730503455,2.981138683100068,nan,0.4043,0.068,0.0,0.0,0.0,0.0,0.0,0.0,0.0,0.0,0.0,0.0,0.0,0.0,0.0,0.0,0.0,0.0,0.0,0.0,0.0,2.1204410517387616e-05,0.0,0.0002438507209499576,3.1806615776081425e-05,0.01094147582697201,0.00020144189991518237,0.0019614079728583547,0.021395250212044106,0.004474130619168787,0.014344783715012722,0.013210347752332485,0.014705258693808312,0.019910941475826973,0.025625530110262935,0.016656064461407973,0.05336089906700594,0.031615776081424934,0.05247031382527566,0.0383587786259542,0.0683100084817642,0.07100296861747243,0.044667090754877015,0.07407760814249365,0.03428753180661578,0.057729007633587785,0.06116412213740458,0.03940839694656489,0.04564249363867685,0.04357506361323155,0.019412637828668363,0.02597540288379983,0.013348176420695504,0.023091603053435116,0.012319762510602206,0.03145674300254453,0.004198473282442748,0.00044529262086513997,0.0011450381679389313,0.004410517387616625,0.004643765903307888,7.421543681085666e-05,7.421543681085666e-05,0.0,0.0,1.0602205258693808e-05,0.0,0.0,0.0,0.0,0.0,0.0,0.0,0.0,0.0,0.0,0.0,0.0,0.0,0.0,0.0,0.0,0.0,0.0,0.0,0.0,0.0,0.0,0.0,0.0,0.0,0.0,0.0,0.0,0.0,0.0,0.0,0.0,0.0,0.0,0.0,0.0,0.0,nan,nan,4.383020730503455,2.981138683100068,nan,0.8351820789783904,0.03325616317563793,0.0,0.0,0.0,0.0,0.0,0.0,0.0,0.0,0.0,0.0,0.0,0.0,0.0,0.0,0.0,0.0,0.0,0.0,0.0,0.0,0.02427184466019418,0.06067961165048545,0.66747572815534,3.203883495145621,10.194174757281557,11.46844660194175,3.470873786407768,0.7402912621359226,0.16990291262135926,0.0,0.836306344033775,0.03298824917766008,0.0,0.0,0.0,0.0,0.0,0.0,0.0,0.0,0.0,0.0,0.0,0.0,0.0,0.0,0.0,0.0,0.0,0.0,0.0,0.0,0.013368983957219254,0.08021390374331552,0.5481283422459894,3.074866310160418,9.812834224598932,11.898395721925137,3.622994652406418,0.7620320855614975,0.18716577540106957,0.0,0.4043,0.01208,0.0,0.0,0.0,0.0,0.0,0.0,0.0,0.0,0.0,0.0,0.02427184466019418,10.582524271844646,19.21116504854369,0.18203883495145637,0.0,0.0,0.0,0.0,0.0,0.0,0.0,0.0,0.0,0.0,0.0,0.0,0.0,0.0,0.0,0.0,0.4043,0.0124,0.0,0.0,0.0,0.0,0.0,0.0,0.0,0.0,0.0,0.0,0.06684491978609627,10.681818181818166,19.024064171122998,0.22727272727272732,0.0,0.0,0.0,0.0,0.0,0.0,0.0,0.0,0.0,0.0,0.0,0.0,0.0,0.0,0.0,0.0
88400,4735,2481,0.5239704329461458,1190,912,0.44392819429778246,1269,0.5360084477296726,0.414,3.0363797692990238,3.1848560843679463,6.76355421686747,2.2055099443281616,8383.991636747623,506.1173839971526,7853.0,8866.4,8866.4,0.0,7853.0,0.0,28.10918690601901,20.856013394046016,32.86838161838162,19.15941872688912,0.13326293558606125,0.09461457233368532,0.10221752903907075,0.09503695881731784,0.07708553326293559,0.07053854276663146,0.06568109820485744,0.06251319957761352,0.06378035902851109,0.05047518479408659,0.04604012671594509,0.042449841605068636,0.032312565997888065,0.02914466737064414,0.018162618796198522,0.011615628299894404,0.005068637803590285,0.8366726119389881,0.034864561942211054,0.0,0.0,0.0,0.0,0.0,0.0,0.0,0.0,0.0,0.0,0.0,0.0,0.0,0.0,0.0,0.0,0.0,0.0,0.0,0.006335797254487858,0.02534318901795143,0.14572333685322073,0.576557550158395,2.8637803590285023,10.16895459345301,11.29672650475185,3.7697993664202754,0.8743400211193244,0.23442449841605073,0.038014783526927144,4.188348229063224,2.931854852436828,3.909090909090909,3.0586552438655854,0.9333251905764354,4.20757180156658,2.96674256833596,4.16370808678501,2.90007103751106,0.9895750525837163,0.4043,0.012474,0.0,0.0,0.0,0.0,0.0,0.0,0.0,0.0,0.0,0.0,0.06335797254487857,10.960929250263977,18.677930306230202,0.2977824709609293,0.0,0.0,0.0,0.0,0.0,0.0,0.0,0.0,0.0,0.0,0.0,0.0,0.0,0.0,0.0,0.0,nan,nan,4.185330713817944,2.933396373078661,nan,0.404,0.06836,0.0,0.0,0.0,0.0,0.0,0.0,0.0,0.0,0.0,0.0,0.0,0.0,0.0,0.0,0.0,0.0,0.0,0.0,0.0,0.0,2.1119324181626187e-05,0.00021119324181626187,0.00010559662090813094,0.012344244984160507,0.00029567053854276664,0.0015205913410770856,0.022375923970432945,0.0040654699049630415,0.013812038014783527,0.012534318901795143,0.01432946145723337,0.020348468848996833,0.027349524815205913,0.017043294614572334,0.05214361140443506,0.029809926082365365,0.05045406546990496,0.0419324181626188,0.06807814149947201,0.06764519535374867,0.04888067581837381,0.07270327349524815,0.03593453009503696,0.05768743400211193,0.058384371700105596,0.04136219640971489,0.04231256599788807,0.04472016895459345,0.01819429778247096,0.02635691657866948,0.013421330517423443,0.023632523759239705,0.012597676874340021,0.032312565997888065,0.003928194297782471,0.0013199577613516368,0.0012988384371700106,0.004635691657866948,0.003579725448785639,0.00013727560718057022,0.0001795142555438226,0.0,0.0,0.0,0.0,0.0,0.0,0.0,0.0,0.0,0.0,0.0,0.0,0.0,0.0,0.0,0.0,0.0,0.0,0.0,0.0,0.0,0.0,0.0,0.0,0.0,0.0,0.0,0.0,0.0,0.0,0.0,0.0,0.0,0.0,0.0,0.0,0.0,0.0,0.0,0.0,nan,nan,4.185330713817944,2.933396373078661,nan,0.8358539810876412,0.03465971846179892,0.0,0.0,0.0,0.0,0.0,0.0,0.0,0.0,0.0,0.0,0.0,0.0,0.0,0.0,0.0,0.0,0.0,0.0,0.0,0.012091898428053208,0.024183796856106415,0.14510278113663846,0.6650544135429264,2.841596130592494,10.241837968561066,11.438935912938334,3.5187424425634832,0.8585247883917777,0.2176541717049577,0.036275695284159616,0.8375736869798895,0.035066564700265465,0.0,0.0,0.0,0.0,0.0,0.0,0.0,0.0,0.0,0.0,0.0,0.0,0.0,0.0,0.0,0.0,0.0,0.0,0.0,0.0,0.02661934338952973,0.1464063886424135,0.47914818101153517,2.8881987577639663,10.088731144631767,11.140195208518193,4.046140195208519,0.891748003549246,0.25288376220053244,0.03992901508429459,0.4043,0.012314,0.0,0.0,0.0,0.0,0.0,0.0,0.0,0.0,0.0,0.0,0.04836759371221283,10.519951632406274,19.177750906892385,0.25392986698911735,0.0,0.0,0.0,0.0,0.0,0.0,0.0,0.0,0.0,0.0,0.0,0.0,0.0,0.0,0.0,0.0,0.404,0.01264,0.0,0.0,0.0,0.0,0.0,0.0,0.0,0.0,0.0,0.0,0.07985803016858918,11.446317657497765,18.127772848269746,0.34605146406388654,0.0,0.0,0.0,0.0,0.0,0.0,0.0,0.0,0.0,0.0,0.0,0.0,0.0,0.0,0.0,0.0
88500,4964,2665,0.5368654311039485,1269,955,0.44802578565672846,1337,0.5386784850926672,0.414,3.0904741191822533,3.137502836115588,6.686567164179104,2.1441273855554788,8397.059427880742,505.3208516857617,7853.0,8866.4,8866.399999999998,1.8189894035458565e-12,7853.0,0.0,28.10072522159549,20.884286729251865,33.12887713392642,19.079684601065285,0.13759065269943593,0.1031426269137792,0.09448025785656729,0.07876712328767123,0.0757453666398066,0.07655116841257051,0.07554391619661563,0.06224818694601128,0.06184528605962933,0.05600322320709106,0.04250604351329573,0.040894439967767926,0.03364222401289283,0.024576954069298954,0.01732473811442385,0.011079774375503625,0.008058017727639,0.8369700492364951,0.03432253149295857,0.0,0.0,0.0,0.0,0.0,0.0,0.0,0.0,0.0,0.0,0.0,0.0,0.0,0.0,0.0,0.0,0.0,0.0,0.0,0.006043513295729252,0.018130539887187755,0.09065269943593879,0.5560032232070912,2.9431909750201357,10.092667203867851,11.482675261885579,3.698630136986302,0.8702659145850122,0.18130539887187758,0.06043513295729252,4.2747875354107645,2.9452623823645125,3.9545454545454546,2.9920694074240615,0.9250858485450931,4.293897882938979,2.9246749666937317,4.251098556183302,2.966602189096681,0.9900325233802759,0.4036,0.012566,0.0,0.0,0.0,0.0,0.0,0.0,0.0,0.0,0.0,0.0,0.06043513295729252,11.887590652699418,17.82836422240129,0.2236099919419823,0.0,0.0,0.0,0.0,0.0,0.0,0.0,0.0,0.0,0.0,0.0,0.0,0.0,0.0,0.0,0.0,nan,nan,4.272585182869647,2.9457057146110355,nan,0.4036,0.0684,0.0,0.0,0.0,0.0,0.0,0.0,0.0,0.0,0.0,0.0,0.0,0.0,0.0,0.0,0.0,0.0,0.0,5.036261079774375e-05,1.0072522159548751e-05,0.0,0.0,0.00015108783239323127,0.00030217566478646255,0.013507252215954875,0.0002719580983078163,0.0014000805801772764,0.022522159548751006,0.0037771958098307815,0.014625302175664786,0.01145245769540693,0.01362812248186946,0.021182514101531023,0.027709508460918613,0.017778001611603547,0.05265914585012087,0.03032836422240129,0.048740934730056404,0.042798146655922645,0.06980257856567285,0.06781829170024174,0.04707896857373086,0.07492949234488316,0.03739927477840451,0.05783642224012893,0.05660757453666398,0.039574939564867045,0.040431103948428686,0.04289887187751813,0.01868452860596293,0.026420225624496373,0.013890008058017728,0.024818694601128122,0.012228041901692183,0.033652296535052376,0.0030519742143432717,0.0012892828364222402,0.0006748589846897663,0.004824738114423852,0.0026591458501208703,0.0002618855761482675,0.0002719580983078163,0.0,0.0,0.0,0.0,0.0,0.0,0.0,0.0,0.0,0.0,0.0,0.0,0.0,0.0,0.0,0.0,0.0,0.0,0.0,0.0,0.0,0.0,0.0,0.0,0.0,0.0,0.0,0.0,0.0,0.0,0.0,0.0,0.0,0.0,0.0,0.0,0.0,0.0,0.0,0.0,nan,nan,4.272585182869647,2.9457057146110355,nan,0.8374675140371913,0.034339203057545155,0.0,0.0,0.0,0.0,0.0,0.0,0.0,0.0,0.0,0.0,0.0,0.0,0.0,0.0,0.0,0.0,0.0,0.0,0.0,0.011257035647279553,0.0,0.07879924953095686,0.4953095684803003,3.1294559099437054,9.759849906191372,11.538461538461542,3.917448405253284,0.7992495309568483,0.19136960600375238,0.07879924953095686,0.8363933882126345,0.03429416608456337,0.0,0.0,0.0,0.0,0.0,0.0,0.0,0.0,0.0,0.0,0.0,0.0,0.0,0.0,0.0,0.0,0.0,0.0,0.0,0.0,0.039147455415398005,0.10439321444106135,0.6263592866463681,2.727272727272719,10.478468899521532,11.418007829491087,3.4449760765550246,0.9525880817746848,0.1696389734667247,0.039147455415398005,0.4038,0.0124,0.0,0.0,0.0,0.0,0.0,0.0,0.0,0.0,0.0,0.0,0.07879924953095686,11.57223264540336,18.112570356472798,0.23639774859287058,0.0,0.0,0.0,0.0,0.0,0.0,0.0,0.0,0.0,0.0,0.0,0.0,0.0,0.0,0.0,0.0,0.4033,0.01275,0.0,0.0,0.0,0.0,0.0,0.0,0.0,0.0,0.0,0.0,0.039147455415398005,12.253153545019556,17.498912570682908,0.2087864288821227,0.0,0.0,0.0,0.0,0.0,0.0,0.0,0.0,0.0,0.0,0.0,0.0,0.0,0.0,0.0,0.0
88600,4915,2486,0.5057985757884028,1170,1014,0.44435401831129195,1399,0.5692777212614446,0.414,2.9514203375874843,3.1178490912616597,6.702702702702703,2.0921471703695196,8365.576276703969,506.6659248184135,7853.0,8866.4,8866.4,0.0,7853.0,0.0,27.638046795523906,20.818857781306296,32.764217720283135,19.012220896096043,0.14628687690742626,0.10091556459816887,0.09074262461851475,0.0821973550356053,0.0821973550356053,0.07772126144455747,0.07263479145473041,0.06286876907426246,0.059613428280773144,0.04659206510681587,0.04598168870803662,0.0392675483214649,0.03296032553407935,0.026042726347914547,0.01790437436419125,0.01017293997965412,0.00590030518819939,0.838964560618842,0.03424736271413161,0.0,0.0,0.0,0.0,0.0,0.0,0.0,0.0,0.0,0.0,0.0,0.0,0.0,0.0,0.0,0.0,0.0,0.0,0.0,0.0,0.04883011190233979,0.07934893184130216,0.5066124109867752,2.4048830111902264,9.833163784333674,11.981688708036625,3.881993896236013,0.9399796541200409,0.2502543234994914,0.07324516785350968,4.267501605651895,2.846883114742918,4.606060606060606,2.8170411507132362,1.0793342408964353,4.248711340206185,2.8465928972828363,4.291718946047679,2.847366730185193,1.0101225059548071,0.4038,0.01291,0.0,0.0,0.0,0.0,0.0,0.0,0.0,0.0,0.0,0.0,0.07324516785350968,11.194303153611378,18.445574771108852,0.2868769074262462,0.0,0.0,0.0,0.0,0.0,0.0,0.0,0.0,0.0,0.0,0.0,0.0,0.0,0.0,0.0,0.0,nan,nan,4.271051795360661,2.8467807103170797,nan,0.4038,0.069,0.0,0.0,0.0,0.0,0.0,0.0,0.0,0.0,0.0,0.0,0.0,0.0,0.0,0.0,0.0,0.0,0.0,0.0,0.0,0.0,1.017293997965412e-05,0.0002034587995930824,0.0003458799593082401,0.014486266531027466,0.00026449643947100714,0.0019226856561546286,0.023062054933875892,0.004262461851475077,0.014608341810783316,0.010600203458799593,0.01311291963377416,0.017568667344862666,0.028931841302136316,0.017985757884028484,0.05342828077314344,0.03074262461851475,0.04861648016276704,0.04413021363173957,0.06697863682604273,0.06497456765005087,0.047599186164801625,0.07372329603255341,0.0385147507629705,0.06081383519837233,0.0585147507629705,0.03684638860630722,0.03861648016276704,0.04266531027466938,0.018585961342828076,0.02759918616480163,0.013397761953204477,0.025920651068158697,0.012868769074262461,0.035096642929806715,0.0028382502543234994,0.0013123092573753814,0.0006103763987792472,0.005289928789420142,0.00254323499491353,0.00022380467955239065,0.00018311291963377417,0.0,0.0,0.0,0.0,0.0,0.0,0.0,0.0,0.0,0.0,0.0,0.0,0.0,0.0,0.0,0.0,0.0,0.0,0.0,0.0,0.0,0.0,0.0,0.0,0.0,0.0,0.0,0.0,0.0,0.0,0.0,0.0,0.0,0.0,0.0,0.0,0.0,0.0,0.0,0.0,nan,nan,4.271051795360661,2.8467807103170797,nan,0.8392073577532151,0.03364415955719963,0.0,0.0,0.0,0.0,0.0,0.0,0.0,0.0,0.0,0.0,0.0,0.0,0.0,0.0,0.0,0.0,0.0,0.0,0.0,0.0,0.04827031375703943,0.04827031375703943,0.43443282381335485,2.2928399034593654,10.016090104585682,11.9951729686243,3.909895414320194,0.9050683829444893,0.2896218825422366,0.060337892196299286,0.8387160658983597,0.034852161437651616,0.0,0.0,0.0,0.0,0.0,0.0,0.0,0.0,0.0,0.0,0.0,0.0,0.0,0.0,0.0,0.0,0.0,0.0,0.0,0.0,0.04940304652120215,0.11115685467270484,0.5804857966241252,2.5195553725813014,9.64594483326472,11.967888019761222,3.8534376286537677,0.9757101687937425,0.20996294771510915,0.08645533141210376,0.4038,0.01278,0.0,0.0,0.0,0.0,0.0,0.0,0.0,0.0,0.0,0.0,0.09654062751407887,11.114239742558311,18.53580048270314,0.253419147224457,0.0,0.0,0.0,0.0,0.0,0.0,0.0,0.0,0.0,0.0,0.0,0.0,0.0,0.0,0.0,0.0,0.4038,0.01304,0.0,0.0,0.0,0.0,0.0,0.0,0.0,0.0,0.0,0.0,0.04940304652120215,11.276245368464371,18.353231782626597,0.321119802387814,0.0,0.0,0.0,0.0,0.0,0.0,0.0,0.0,0.0,0.0,0.0,0.0,0.0,0.0,0.0,0.0
88700,4602,2404,0.5223815732290309,1106,942,0.4450239026510213,1295,0.5627987831377662,0.40199999999999997,3.0313921747042767,3.020617200363323,6.319277108433735,2.1960785330244716,8382.3814863103,506.192098099877,7853.0,8866.4,8866.399999999998,1.8189894035458565e-12,7853.0,0.0,28.516079965232507,21.087972591578307,33.4416086620263,19.30197555872703,0.13559322033898305,0.10212950890916993,0.085832246849196,0.085832246849196,0.07974793568013908,0.07866145154280747,0.06497175141242938,0.06453715775749674,0.05345501955671447,0.054758800521512385,0.052368535419382876,0.04324206866579748,0.03672316384180791,0.024989135158626684,0.018470230334637114,0.010647544545849631,0.008039982616253803,0.8410921319962998,0.03378993276439847,0.0,0.0,0.0,0.0,0.0,0.0,0.0,0.0,0.0,0.0,0.0,0.0,0.0,0.0,0.0,0.0,0.0,0.0,0.0,0.019556714471968713,0.0,0.09778357235984357,0.44328552803129084,2.0338983050847395,9.10039113428944,12.874837027379403,4.302477183833116,0.8083441981747068,0.18904823989569758,0.13037809647979143,4.207521826729349,2.8089939686437297,4.0,2.5016123832698445,0.9506783719074221,4.321076822061721,2.837696882020645,4.086810228802153,2.7682833402199365,0.9457851357644247,0.4036,0.01301,0.0,0.0,0.0,0.0,0.0,0.0,0.0,0.0,0.0,0.0,0.05867014341590614,11.825293350717063,17.711864406779664,0.4041720990873534,0.0,0.0,0.0,0.0,0.0,0.0,0.0,0.0,0.0,0.0,0.0,0.0,0.0,0.0,0.0,0.0,nan,nan,4.205383848454636,2.8060771053296416,nan,0.4036,0.0694,0.0,0.0,0.0,0.0,0.0,0.0,0.0,0.0,0.0,0.0,0.0,0.0,0.0,0.0,0.0,0.0,0.0,0.0,0.0,7.605388961321164e-05,0.0,0.00015210777922642328,0.0002607561929595828,0.015493263798348544,0.0005106475445458496,0.002194697957409822,0.02277270751847023,0.004454584963059539,0.01563450673620165,0.010495436766623208,0.012940026075619296,0.017883528900478052,0.027477183833116037,0.018111690569317686,0.053063885267275096,0.031692742285962625,0.04807692307692308,0.04563233376792699,0.0661451542807475,0.06625380269448065,0.046740547588005214,0.07240330291177749,0.036581920903954804,0.06183181225554107,0.05941981747066493,0.03449587136027814,0.04023250760538896,0.04105823554976097,0.018948283355063017,0.028922207735767057,0.01333116036505867,0.025380269448066057,0.012081703607127335,0.03602781399391569,0.0023359408952629292,0.0011299435028248588,0.0009017818339852238,0.005573663624511082,0.0028900478053020427,0.00030421555845284656,8.69187309865276e-05,0.0,0.0,0.0,0.0,0.0,0.0,0.0,0.0,0.0,0.0,0.0,0.0,0.0,0.0,0.0,0.0,0.0,0.0,0.0,0.0,0.0,0.0,0.0,0.0,0.0,0.0,0.0,0.0,0.0,0.0,0.0,0.0,0.0,0.0,0.0,0.0,0.0,0.0,0.0,0.0,nan,nan,4.205383848454636,2.8060771053296416,nan,0.8405312130137806,0.03360616261378507,0.0,0.0,0.0,0.0,0.0,0.0,0.0,0.0,0.0,0.0,0.0,0.0,0.0,0.0,0.0,0.0,0.0,0.0,0.0,0.012479201331114811,0.0,0.1372712146422629,0.4866888519134776,1.9717138103161338,9.009983361064894,13.140599001663897,4.193011647254576,0.7612312811980035,0.14975041597337774,0.1372712146422629,0.841705621183732,0.03397918831134473,0.0,0.0,0.0,0.0,0.0,0.0,0.0,0.0,0.0,0.0,0.0,0.0,0.0,0.0,0.0,0.0,0.0,0.0,0.0,0.027297543221110106,0.0,0.05459508644222021,0.39581437670609654,2.101910828025471,9.199272065514105,12.58416742493176,4.422202001819837,0.8598726114649684,0.2320291173794359,0.12283894449499548,0.4038,0.01331,0.0,0.0,0.0,0.0,0.0,0.0,0.0,0.0,0.0,0.0,0.06239600665557406,11.842762063227937,17.608153078203,0.4866888519134776,0.0,0.0,0.0,0.0,0.0,0.0,0.0,0.0,0.0,0.0,0.0,0.0,0.0,0.0,0.0,0.0,0.4033,0.012665,0.0,0.0,0.0,0.0,0.0,0.0,0.0,0.0,0.0,0.0,0.05459508644222021,11.806187443130101,17.825295723384897,0.3139217470427662,0.0,0.0,0.0,0.0,0.0,0.0,0.0,0.0,0.0,0.0,0.0,0.0,0.0,0.0,0.0,0.0
88800,4497,2343,0.5210140093395597,1059,900,0.43562374916611074,1235,0.5492550589281744,0.422,2.966573816155989,3.1300794050731016,6.588235294117647,2.174766537092008,8380.99559706471,506.2522963361819,7853.0,8866.4,8866.4,0.0,7853.0,0.0,27.79475205692684,20.830935007063943,32.570261007118376,19.188599561592415,0.13720257949744274,0.10140093395597065,0.10184567489437403,0.08805870580386925,0.07916388703580164,0.07605070046697798,0.06248610184567489,0.06648877029130532,0.05314654213920391,0.05047809650878363,0.044474093840338,0.046030687124749836,0.03602401601067378,0.023793640204580833,0.01712252612853013,0.009339559706470981,0.00689348454525239,0.8404225529048717,0.03383006522873633,0.0,0.0,0.0,0.0,0.0,0.0,0.0,0.0,0.0,0.0,0.0,0.0,0.0,0.0,0.0,0.0,0.0,0.0,0.0,0.0,0.0,0.08672448298865913,0.5070046697798534,2.361574382921941,8.945963975983991,12.668445630420283,4.336224149432956,0.7805203468979321,0.20680453635757176,0.10673782521681123,4.256509500351865,2.9390958658884023,4.434782608695652,3.0620551063754795,1.0418824645708062,4.318941504178273,2.953200991140169,4.196778711484594,2.926708027016214,0.9717146452260362,0.4038,0.01316,0.0,0.0,0.0,0.0,0.0,0.0,0.0,0.0,0.0,0.0,0.08672448298865913,11.501000667111391,18.012008005336895,0.4002668445630421,0.0,0.0,0.0,0.0,0.0,0.0,0.0,0.0,0.0,0.0,0.0,0.0,0.0,0.0,0.0,0.0,nan,nan,4.2579406631762655,2.9401464893229545,nan,0.4038,0.07,0.0,0.0,0.0,0.0,0.0,0.0,0.0,0.0,0.0,0.0,0.0,0.0,0.0,0.0,0.0,0.0,0.0,0.0,0.0,0.0001445408049810985,4.4474093840338e-05,0.0003891483211029575,0.000644874360684901,0.016310873915943963,0.00023348899266177451,0.002090282410495886,0.022370469201690016,0.00501445408049811,0.015777184789859906,0.009283967089170559,0.01279742050255726,0.01860128974872137,0.028029797642873028,0.01961307538358906,0.05163442294863242,0.030197909717589504,0.047709584167222596,0.044407382699577495,0.06611074049366245,0.0660662663998221,0.047520569268401154,0.07322659550811653,0.03650211251945742,0.06016233044251723,0.05680453635757171,0.035456971314209475,0.039092728485657105,0.040426951300867243,0.01932399377362686,0.02945296864576384,0.013375583722481654,0.028252168112074715,0.014409606404269514,0.03589059372915277,0.0019235045585946186,0.0012119190571492106,0.0010006671114076052,0.005370246831220814,0.002779630865021125,0.000289081609962197,4.4474093840338e-05,0.0,1.11185234600845e-05,0.0,0.0,0.0,0.0,0.0,0.0,0.0,0.0,0.0,0.0,0.0,0.0,0.0,0.0,0.0,0.0,0.0,0.0,0.0,0.0,0.0,0.0,0.0,0.0,0.0,0.0,0.0,0.0,0.0,0.0,0.0,0.0,0.0,0.0,0.0,0.0,0.0,0.0,nan,nan,4.2579406631762655,2.9401464893229545,nan,0.8403904807399696,0.03454631222748925,0.0,0.0,0.0,0.0,0.0,0.0,0.0,0.0,0.0,0.0,0.0,0.0,0.0,0.0,0.0,0.0,0.0,0.0,0.0,0.0,0.0,0.0768245838668374,0.5761843790012805,2.3047375160051145,9.206145966709348,12.407170294494241,4.110115236875801,0.9218950064020488,0.2688860435339309,0.12804097311139567,0.8404574392012345,0.03303330755212473,0.0,0.0,0.0,0.0,0.0,0.0,0.0,0.0,0.0,0.0,0.0,0.0,0.0,0.0,0.0,0.0,0.0,0.0,0.0,0.0,0.0,0.09749303621169919,0.43175487465181067,2.4233983286908,8.662952646239557,12.952646239554321,4.582172701949862,0.626740947075209,0.13927576601671313,0.08356545961002787,0.4038,0.01315,0.0,0.0,0.0,0.0,0.0,0.0,0.0,0.0,0.0,0.0,0.0768245838668374,11.600512163892429,17.938540332906534,0.384122919334187,0.0,0.0,0.0,0.0,0.0,0.0,0.0,0.0,0.0,0.0,0.0,0.0,0.0,0.0,0.0,0.0,0.4038,0.01317,0.0,0.0,0.0,0.0,0.0,0.0,0.0,0.0,0.0,0.0,0.09749303621169919,11.392757660167113,18.091922005571035,0.4178272980501394,0.0,0.0,0.0,0.0,0.0,0.0,0.0,0.0,0.0,0.0,0.0,0.0,0.0,0.0,0.0,0.0
88900,4596,2361,0.5137075718015666,1144,923,0.4497389033942559,1287,0.5600522193211488,0.422,3.0120805369127517,3.1565190400011285,6.690476190476191,2.1824126947183995,8373.591253263707,506.5095488564489,7853.0,8866.4,8866.4,0.0,7853.0,0.0,27.854221061792863,20.600178331333066,32.75232919254658,18.80240763511789,0.14012184508268058,0.09530026109660575,0.0911662315056571,0.09138381201044386,0.08790252393385553,0.0685378590078329,0.06897302001740645,0.06462140992167102,0.05678851174934726,0.058311575282854654,0.048302872062663184,0.03938207136640557,0.030678851174934726,0.028720626631853787,0.017188859878154918,0.007832898172323759,0.004786771105308964,0.8395674979173172,0.033597054230650146,0.0,0.0,0.0,0.0,0.0,0.0,0.0,0.0,0.0,0.0,0.0,0.0,0.0,0.0,0.0,0.0,0.0,0.0,0.0,0.0065274151436031345,0.0,0.09791122715404703,0.5156657963446476,2.4020887728459455,9.223237597911229,12.519582245430813,4.26892950391645,0.678851174934726,0.17624020887728464,0.11096605744125329,4.331067301155676,2.9309722593367353,4.576923076923077,2.7340175696227553,1.0567656327348682,4.38843537414966,2.9168993183822103,4.279038718291055,2.9405958606815337,0.9750716037649745,0.4038,0.01295,0.0,0.0,0.0,0.0,0.0,0.0,0.0,0.0,0.0,0.0,0.08485639686684075,11.174934725848548,18.505221932114885,0.23498694516971283,0.0,0.0,0.0,0.0,0.0,0.0,0.0,0.0,0.0,0.0,0.0,0.0,0.0,0.0,0.0,0.0,nan,nan,4.33322102425876,2.9293939976957484,nan,0.4038,0.06995,0.0,0.0,0.0,0.0,0.0,0.0,0.0,0.0,0.0,0.0,0.0,0.0,0.0,0.0,0.0,0.0,0.0,0.0,0.0,0.00016318537859007833,2.175805047867711e-05,5.4395126196692775e-05,0.0007941688424717145,0.01680809399477807,0.00018494342906875543,0.0017406440382941688,0.021409921671018278,0.004688859878154917,0.01726501305483029,0.009171018276762402,0.012456483899042645,0.016753698868581374,0.02862271540469974,0.018494342906875544,0.05089208006962576,0.03161444734551784,0.04639904264577894,0.04734551784160139,0.06850522193211488,0.0686792863359443,0.045920365535248045,0.07481505657093124,0.03622715404699739,0.061194516971279374,0.05248041775456919,0.03609660574412533,0.0367384682332463,0.037402088772845954,0.020158833768494342,0.03010226283724978,0.013000435161009573,0.028220191470844213,0.015219756309834638,0.03818537859007833,0.001903829416884247,0.0012293298520452568,0.0011205395996518712,0.004775892080069626,0.0025783289817232374,0.0004895561357702349,6.527415143603133e-05,0.0,0.0,0.0,1.0879025239338555e-05,0.0,0.0,0.0,0.0,0.0,0.0,0.0,0.0,0.0,0.0,0.0,0.0,0.0,0.0,0.0,0.0,0.0,0.0,0.0,0.0,0.0,0.0,0.0,0.0,0.0,0.0,0.0,0.0,0.0,0.0,0.0,0.0,0.0,0.0,0.0,0.0,nan,nan,4.33322102425876,2.9293939976957484,nan,0.840050396602167,0.033611868859193136,0.0,0.0,0.0,0.0,0.0,0.0,0.0,0.0,0.0,0.0,0.0,0.0,0.0,0.0,0.0,0.0,0.0,0.0,0.0,0.01270648030495553,0.0,0.07623888182973318,0.5463786531130878,2.287166454891988,9.339263024142314,12.33799237611182,4.3837357052096575,0.7115628970775097,0.22871664548919954,0.07623888182973318,0.8390573754139928,0.03357385416162586,0.0,0.0,0.0,0.0,0.0,0.0,0.0,0.0,0.0,0.0,0.0,0.0,0.0,0.0,0.0,0.0,0.0,0.0,0.0,0.0,0.0,0.1208053691275168,0.4832214765100672,2.5234899328858984,9.1006711409396,12.711409395973158,4.14765100671141,0.6442953020134229,0.1208053691275168,0.14765100671140943,0.4038,0.01289,0.0,0.0,0.0,0.0,0.0,0.0,0.0,0.0,0.0,0.0,0.06353240152477765,11.041931385006338,18.678526048284628,0.216010165184244,0.0,0.0,0.0,0.0,0.0,0.0,0.0,0.0,0.0,0.0,0.0,0.0,0.0,0.0,0.0,0.0,0.4038,0.01301,0.0,0.0,0.0,0.0,0.0,0.0,0.0,0.0,0.0,0.0,0.1073825503355705,11.315436241610723,18.322147651006716,0.25503355704697994,0.0,0.0,0.0,0.0,0.0,0.0,0.0,0.0,0.0,0.0,0.0,0.0,0.0,0.0,0.0,0.0
89000,4700,2391,0.5087234042553191,1145,1001,0.45659574468085107,1356,0.5770212765957446,0.40599999999999997,2.89172802078822,3.0159768019354023,6.423913043478261,2.006693666382448,8368.540297872341,506.6228766385586,7853.0,8866.4,8866.399999999998,1.8189894035458565e-12,7853.0,0.0,27.62595744680851,20.616531443580577,32.5508496068983,18.852992926617844,0.14085106382978724,0.10085106382978723,0.09127659574468085,0.08787234042553191,0.08191489361702127,0.07808510638297872,0.06361702127659574,0.06808510638297872,0.06319148936170213,0.047446808510638296,0.048297872340425534,0.03893617021276596,0.0325531914893617,0.02574468085106383,0.016382978723404256,0.008936170212765958,0.005957446808510639,0.8402232484868232,0.033705623280610796,0.0,0.0,0.0,0.0,0.0,0.0,0.0,0.0,0.0,0.0,0.0,0.0,0.0,0.0,0.0,0.0,0.0,0.0,0.0,0.0,0.006382978723404257,0.09574468085106386,0.5425531914893618,2.4382978723404176,8.993617021276597,12.255319148936174,4.436170212765958,0.995744680851064,0.21063829787234048,0.025531914893617027,4.196606786427146,2.7949915636233564,3.88,2.5506077707087775,0.9245564803804994,4.193333333333333,2.759218891079301,4.194644023514043,2.8261164312440537,1.0003125652259246,0.4038,0.012955,0.0,0.0,0.0,0.0,0.0,0.0,0.0,0.0,0.0,0.0,0.10212765957446811,11.106382978723389,18.56170212765958,0.22978723404255325,0.0,0.0,0.0,0.0,0.0,0.0,0.0,0.0,0.0,0.0,0.0,0.0,0.0,0.0,0.0,0.0,nan,nan,4.193995381062356,2.7932101014861592,nan,0.4038,0.0697,0.0,0.0,0.0,0.0,0.0,0.0,0.0,0.0,0.0,0.0,0.0,0.0,0.0,0.0,0.0,0.0,0.0,0.0,0.0,0.00010638297872340425,3.1914893617021275e-05,6.382978723404255e-05,0.0008829787234042553,0.016329787234042555,0.0002765957446808511,0.002,0.021074468085106383,0.005276595744680851,0.01722340425531915,0.009340425531914893,0.012606382978723404,0.01476595744680851,0.031223404255319148,0.018861702127659575,0.048489361702127656,0.03072340425531915,0.045170212765957445,0.04785106382978723,0.07125531914893617,0.06780851063829788,0.045861702127659575,0.0759468085106383,0.03697872340425532,0.059574468085106386,0.05081914893617021,0.037851063829787236,0.03780851063829787,0.03543617021276596,0.01919148936170213,0.032606382978723404,0.013585106382978723,0.03119148936170213,0.016191489361702126,0.03458510638297872,0.001425531914893617,0.0012234042553191488,0.0009893617021276596,0.004425531914893617,0.0022872340425531914,0.0003297872340425532,0.0003297872340425532,0.0,0.0,0.0,0.0,0.0,0.0,0.0,0.0,0.0,0.0,0.0,0.0,0.0,0.0,0.0,0.0,0.0,0.0,0.0,0.0,0.0,0.0,0.0,0.0,0.0,0.0,0.0,0.0,0.0,0.0,0.0,0.0,0.0,0.0,0.0,0.0,0.0,0.0,0.0,0.0,nan,nan,4.193995381062356,2.7932101014861592,nan,0.8400469754391363,0.033624967963849645,0.0,0.0,0.0,0.0,0.0,0.0,0.0,0.0,0.0,0.0,0.0,0.0,0.0,0.0,0.0,0.0,0.0,0.0,0.0,0.0,0.0,0.12547051442910917,0.46424090338770396,2.547051442910908,9.00878293601004,12.208281053952325,4.491844416562109,0.915934755332497,0.18820577164366378,0.05018820577164367,0.8404057815561258,0.03378797084601853,0.0,0.0,0.0,0.0,0.0,0.0,0.0,0.0,0.0,0.0,0.0,0.0,0.0,0.0,0.0,0.0,0.0,0.0,0.0,0.0,0.012992637505413601,0.064963187527068,0.6236466002598529,2.325682113469027,8.9779125162408,12.304027717626681,4.378518839324384,1.078388912949329,0.23386747509744482,0.0,0.404,0.01285,0.0,0.0,0.0,0.0,0.0,0.0,0.0,0.0,0.0,0.0,0.11292346298619826,10.840652446675016,18.8456712672522,0.2007528230865747,0.0,0.0,0.0,0.0,0.0,0.0,0.0,0.0,0.0,0.0,0.0,0.0,0.0,0.0,0.0,0.0,0.4036,0.01307,0.0,0.0,0.0,0.0,0.0,0.0,0.0,0.0,0.0,0.0,0.09094846253789522,11.381550454742296,18.26764833261152,0.259852750108272,0.0,0.0,0.0,0.0,0.0,0.0,0.0,0.0,0.0,0.0,0.0,0.0,0.0,0.0,0.0,0.0
89100,4618,2383,0.5160242529233434,1133,940,0.44889562581203984,1305,0.5651797314854916,0.40599999999999997,2.9906040268456375,3.124472407154691,6.535276073619632,2.1819774373902883,8375.938977912518,506.4397156585931,7853.0,8866.4,8866.399999999998,1.8189894035458565e-12,7853.0,0.0,28.68362927674318,21.17492358885363,33.537733435661295,19.382245651294962,0.13598960588999567,0.09831095712429623,0.08510177566045907,0.09181463837158943,0.07514075357297531,0.07449112169770464,0.070376786487657,0.059982676483326114,0.060632308358596794,0.049155478562148115,0.051754006063230835,0.04352533564313556,0.03724556084885232,0.028800346470333478,0.01862278042442616,0.012559549588566478,0.0064963187527068,0.8400774429039606,0.03332924452984159,0.0,0.0,0.0,0.0,0.0,0.0,0.0,0.0,0.0,0.0,0.0,0.0,0.0,0.0,0.0,0.0,0.0,0.0,0.0,0.0,0.006496318752706801,0.07795582503248161,0.46123863144218286,2.4686011260285765,9.530099610220876,11.90125595495886,4.411000433087918,0.9289735816370726,0.15591165006496321,0.058466868774361205,4.156753204074926,2.9369667153774572,4.857142857142857,2.294625486315573,1.1684944038489773,4.139306736429039,2.907931876662027,4.180628272251309,2.9611518954086695,1.009982718955957,0.4036,0.01311,0.0,0.0,0.0,0.0,0.0,0.0,0.0,0.0,0.0,0.0,0.09094846253789522,11.498484192291018,18.066262451277613,0.3443048938934605,0.0,0.0,0.0,0.0,0.0,0.0,0.0,0.0,0.0,0.0,0.0,0.0,0.0,0.0,0.0,0.0,nan,nan,4.1599607458292445,2.9347265550068844,nan,0.4036,0.0705,0.0,0.0,0.0,0.0,0.0,0.0,0.0,0.0,0.0,0.0,0.0,0.0,0.0,0.0,0.0,0.0,0.0,0.0,0.0,8.661758336942399e-05,4.3308791684711995e-05,0.00010827197921177999,0.000736249458640104,0.01704200952793417,0.0005197055002165439,0.0023061931572109138,0.02240147249891728,0.005673451710697271,0.018915114768297964,0.010404937202252057,0.01141186660892161,0.014097011693373756,0.031041576440017322,0.018860978778692073,0.048689909051537465,0.030316154179298397,0.047477262884365524,0.04631875270679948,0.06807059333044609,0.06684711996535296,0.04546340407102642,0.07548722390645302,0.034322217410134255,0.05978778692074491,0.05227371156344738,0.03814421827631009,0.03851234300563014,0.03487440450411434,0.01930489389346037,0.03052187093980078,0.014919878735383283,0.03135556517973149,0.01726938068427891,0.03452793417063664,0.001234300563014292,0.0014833261152013858,0.0010827197921178,0.005619315721091382,0.0019164140320485057,0.000303161541792984,0.000227371156344738,0.0,0.0,0.0,0.0,0.0,0.0,0.0,0.0,0.0,0.0,0.0,0.0,0.0,0.0,0.0,0.0,0.0,0.0,0.0,0.0,0.0,0.0,0.0,0.0,0.0,0.0,0.0,0.0,0.0,0.0,0.0,0.0,0.0,0.0,0.0,0.0,0.0,0.0,0.0,0.0,nan,nan,4.1599607458292445,2.9347265550068844,nan,0.8402747969591362,0.03270280251145249,0.0,0.0,0.0,0.0,0.0,0.0,0.0,0.0,0.0,0.0,0.0,0.0,0.0,0.0,0.0,0.0,0.0,0.0,0.0,0.0,0.0,0.0755350398657155,0.49097775912715075,2.417121275702888,9.391523289970626,11.909357952161145,4.733529164918171,0.8560637851447757,0.10071338648762067,0.025178346621905167,0.8398670202133639,0.03398318936754903,0.0,0.0,0.0,0.0,0.0,0.0,0.0,0.0,0.0,0.0,0.0,0.0,0.0,0.0,0.0,0.0,0.0,0.0,0.0,0.0,0.013422818791946312,0.08053691275167786,0.429530201342282,2.5234899328858984,9.67785234899329,11.892617449664433,4.067114093959733,1.0067114093959733,0.214765100671141,0.09395973154362419,0.4036,0.01311,0.0,0.0,0.0,0.0,0.0,0.0,0.0,0.0,0.0,0.0,0.08812421317666809,11.556861099454453,18.015107007973146,0.33990767939571975,0.0,0.0,0.0,0.0,0.0,0.0,0.0,0.0,0.0,0.0,0.0,0.0,0.0,0.0,0.0,0.0,0.4036,0.01311,0.0,0.0,0.0,0.0,0.0,0.0,0.0,0.0,0.0,0.0,0.09395973154362419,11.43624161073824,18.12080536912752,0.34899328859060413,0.0,0.0,0.0,0.0,0.0,0.0,0.0,0.0,0.0,0.0,0.0,0.0,0.0,0.0,0.0,0.0
89200,4401,2281,0.5182912974324018,1080,857,0.4401272438082254,1207,0.548511701885935,0.422,2.9712264150943395,3.113667740429735,6.414191419141914,2.2665008992707274,8378.236400817996,506.36083166524094,7853.0,8866.4,8866.4,0.0,7853.0,0.0,28.10906612133606,21.031693163070763,32.955280172413794,19.335489305645844,0.13974096796182686,0.09316064530788457,0.0979322881163372,0.09270620313565099,0.076346284935242,0.070892978868439,0.0733924108157237,0.06362190411270166,0.056350829356964324,0.053169734151329244,0.04385366962054078,0.04226312201772325,0.032492615314701205,0.023176550783912748,0.01931379231992729,0.013633265167007498,0.007952738014087708,0.8409017317269613,0.03350707043167683,0.0,0.0,0.0,0.0,0.0,0.0,0.0,0.0,0.0,0.0,0.0,0.0,0.0,0.0,0.0,0.0,0.0,0.0,0.0,0.006816632583503751,0.006816632583503751,0.061349693251533756,0.4294478527607363,2.3994546693933123,8.841172460804364,12.528970688479895,4.52624403544649,0.9134287661895026,0.2522154055896388,0.034083162917518756,4.313886900501074,2.9153974515900045,5.777777777777778,1.7177360926378118,1.3393438240364317,4.268624641833811,2.974373084039795,4.377118644067797,2.8474166411497395,1.025416618076631,0.4038,0.01256,0.0,0.0,0.0,0.0,0.0,0.0,0.0,0.0,0.0,0.0,0.04771642808452626,11.24744376278117,18.41172460804363,0.29311520109066125,0.0,0.0,0.0,0.0,0.0,0.0,0.0,0.0,0.0,0.0,0.0,0.0,0.0,0.0,0.0,0.0,nan,nan,4.32325746799431,2.9116408684446307,nan,0.4038,0.07086,0.0,0.0,0.0,0.0,0.0,0.0,0.0,0.0,0.0,0.0,0.0,0.0,0.0,0.0,0.0,0.0,0.0,0.0,1.1361054305839582e-05,0.00023858214042263122,1.1361054305839582e-05,0.00020449897750511248,0.0005339695523744603,0.017609634174051352,0.0003862758463985458,0.0023744603499204725,0.0227902749375142,0.0050670302204044535,0.01958645762326744,0.009361508748011815,0.011167916382640308,0.012860713474210406,0.030606680299931834,0.02039309247898205,0.049000227221086115,0.03209497841399682,0.05023858214042263,0.04823903658259487,0.07029084299022949,0.06056578050443081,0.043830947511929105,0.07534651215632811,0.030845262440354466,0.0577482390365826,0.05448761645080664,0.03768461713246989,0.037116564417177915,0.034321745057941375,0.02200636219041127,0.03128834355828221,0.013292433537832311,0.03337877755055669,0.01900704385366962,0.0341854124062713,0.0014996591683708249,0.0013974096796182686,0.0011701885935014769,0.005635082935696432,0.0016927970915700976,9.088843444671665e-05,0.00034083162917518747,0.0,0.0,0.0,0.0,0.0,0.0,0.0,0.0,0.0,0.0,0.0,0.0,0.0,0.0,0.0,0.0,0.0,0.0,0.0,0.0,0.0,0.0,0.0,0.0,0.0,0.0,0.0,0.0,0.0,0.0,0.0,0.0,0.0,0.0,0.0,0.0,0.0,0.0,0.0,0.0,nan,nan,4.32325746799431,2.9116408684446307,nan,0.8410975836651831,0.0341684180553876,0.0,0.0,0.0,0.0,0.0,0.0,0.0,0.0,0.0,0.0,0.0,0.0,0.0,0.0,0.0,0.0,0.0,0.0,0.0,0.013152126260412103,0.0,0.07891275756247261,0.4997807978956599,2.209557211749226,9.167032003507236,12.021043402016662,4.682156948706709,1.0521701008329682,0.24989039894782994,0.026304252520824207,0.8406910061273934,0.03277929329247956,0.0,0.0,0.0,0.0,0.0,0.0,0.0,0.0,0.0,0.0,0.0,0.0,0.0,0.0,0.0,0.0,0.0,0.0,0.0,0.0,0.014150943396226419,0.04245283018867925,0.3537735849056604,2.6037735849056522,8.490566037735851,13.07547169811321,4.358490566037736,0.7641509433962266,0.2547169811320755,0.04245283018867925,0.4038,0.01268,0.0,0.0,0.0,0.0,0.0,0.0,0.0,0.0,0.0,0.0,0.026304252520824207,11.521262604120984,18.110477860587466,0.3419552827707147,0.0,0.0,0.0,0.0,0.0,0.0,0.0,0.0,0.0,0.0,0.0,0.0,0.0,0.0,0.0,0.0,0.4038,0.01243,0.0,0.0,0.0,0.0,0.0,0.0,0.0,0.0,0.0,0.0,0.07075471698113209,10.95283018867923,18.735849056603776,0.24056603773584911,0.0,0.0,0.0,0.0,0.0,0.0,0.0,0.0,0.0,0.0,0.0,0.0,0.0,0.0,0.0,0.0
89300,4504,2310,0.5128774422735346,1101,930,0.4509325044404973,1270,0.5639431616341031,0.40199999999999997,2.952597994530538,3.079993236522482,6.605815831987076,2.179289750688358,8372.75,506.531921501498,7853.0,8866.4,8866.4,0.0,7853.0,0.0,28.134103019538188,20.87939550609324,32.889530307006034,19.175147998816126,0.13632326820603907,0.09635879218472469,0.0939165186500888,0.09036412078152753,0.07926287744227353,0.07992895204262877,0.06993783303730018,0.056838365896980464,0.05794849023090586,0.05839253996447602,0.04573712255772647,0.03774422735346359,0.03197158081705151,0.02797513321492007,0.019316163410301953,0.011101243339253997,0.006882770870337478,0.8423523355017335,0.03439160153999765,0.0,0.0,0.0,0.0,0.0,0.0,0.0,0.0,0.0,0.0,0.0,0.0,0.0,0.0,0.0,0.0,0.0,0.0,0.0,0.019982238010657197,0.019982238010657197,0.11323268206039079,0.35968028419182957,2.211367673179389,8.69227353463588,12.32238010657194,5.002220248667852,0.9857904085257551,0.1931616341030196,0.07992895204262879,4.227209464161447,2.8417207032517626,4.722222222222222,2.8539554531202938,1.1171015447087553,4.341958041958042,2.824441589402375,4.128378378378378,2.855720681997201,0.9508102884653052,0.404,0.012695,0.0,0.0,0.0,0.0,0.0,0.0,0.0,0.0,0.0,0.0,0.099911190053286,10.896980461811706,18.723357015985794,0.2797513321492008,0.0,0.0,0.0,0.0,0.0,0.0,0.0,0.0,0.0,0.0,0.0,0.0,0.0,0.0,0.0,0.0,nan,nan,4.233333333333333,2.842399080266628,nan,0.404,0.07086,0.0,0.0,0.0,0.0,0.0,0.0,0.0,0.0,0.0,0.0,0.0,0.0,0.0,0.0,0.0,0.0,0.0,0.0,0.0,0.00014431616341030196,0.0,0.0003441385435168739,0.00018872113676731794,0.017484458259325045,0.00028863232682060393,0.0023978685612788633,0.021924955595026642,0.00536190053285968,0.019327264653641207,0.0102797513321492,0.0108348134991119,0.01299955595026643,0.032149200710479574,0.019660301953818828,0.05129884547069272,0.030628330373001778,0.04935612788632327,0.04884547069271759,0.0676176731793961,0.05699378330373002,0.04323934280639432,0.0755328596802842,0.03010657193605684,0.05936944937833037,0.055039964476021316,0.03919849023090586,0.04038632326820604,0.0344360568383659,0.0238898756660746,0.03122779751332149,0.012788632326820605,0.032404529307282416,0.01651865008880995,0.03510213143872114,0.0016429840142095915,0.0017095914742451155,0.0007215808170515098,0.006094582593250444,0.0015208703374777976,0.0003108348134991119,0.0006327708703374778,0.0,0.0,0.0,0.0,0.0,0.0,0.0,0.0,0.0,0.0,0.0,0.0,0.0,0.0,0.0,0.0,0.0,0.0,0.0,0.0,0.0,0.0,0.0,0.0,0.0,0.0,0.0,0.0,0.0,0.0,0.0,0.0,0.0,0.0,0.0,0.0,0.0,0.0,0.0,0.0,nan,nan,4.233333333333333,2.842399080266628,nan,0.84120857189228,0.033118710505615434,0.0,0.0,0.0,0.0,0.0,0.0,0.0,0.0,0.0,0.0,0.0,0.0,0.0,0.0,0.0,0.0,0.0,0.0,0.0,0.02597402597402598,0.01298701298701299,0.09090909090909094,0.37662337662337675,2.2857142857142785,8.870129870129873,12.597402597402601,4.662337662337663,0.9220779220779223,0.12987012987012989,0.02597402597402598,0.8435565715718508,0.03564311153173313,0.0,0.0,0.0,0.0,0.0,0.0,0.0,0.0,0.0,0.0,0.0,0.0,0.0,0.0,0.0,0.0,0.0,0.0,0.0,0.01367365542388332,0.02734731084776664,0.1367365542388332,0.341841385597083,2.133090246125791,8.505013673655425,12.032816773017323,5.360072926162261,1.0528714676390156,0.2597994530537831,0.1367365542388332,0.404,0.012825,0.0,0.0,0.0,0.0,0.0,0.0,0.0,0.0,0.0,0.0,0.10389610389610392,11.02597402597401,18.64935064935065,0.22077922077922082,0.0,0.0,0.0,0.0,0.0,0.0,0.0,0.0,0.0,0.0,0.0,0.0,0.0,0.0,0.0,0.0,0.4043,0.01257,0.0,0.0,0.0,0.0,0.0,0.0,0.0,0.0,0.0,0.0,0.09571558796718325,10.761166818596157,18.801276207839567,0.341841385597083,0.0,0.0,0.0,0.0,0.0,0.0,0.0,0.0,0.0,0.0,0.0,0.0,0.0,0.0,0.0,0.0
89400,4710,2496,0.5299363057324841,1173,941,0.4488322717622081,1281,0.5439490445859873,0.418,2.978319783197832,3.0585198247411953,6.545605306799336,2.1523622157756974,8390.0374522293,505.790993387817,7853.0,8866.4,8866.4,0.0,7853.0,0.0,28.371337579617833,20.92501794307205,33.31820474029249,19.091786851113984,0.1386411889596603,0.09384288747346073,0.09214437367303609,0.08641188959660297,0.08131634819532908,0.07218683651804671,0.07006369426751592,0.06645435244161359,0.05605095541401274,0.0535031847133758,0.048195329087048835,0.04225053078556263,0.03673036093418259,0.027600849256900213,0.018471337579617834,0.012526539278131636,0.0036093418259023355,0.8427547839923016,0.03261617574977066,0.0,0.0,0.0,0.0,0.0,0.0,0.0,0.0,0.0,0.0,0.0,0.0,0.0,0.0,0.0,0.0,0.0,0.0,0.0,0.0,0.0,0.038216560509554146,0.28025477707006374,2.050955414012732,9.216560509554142,12.39490445859873,4.656050955414013,1.101910828025478,0.22292993630573255,0.038216560509554146,4.162418300653595,2.8644929118463582,3.769230769230769,2.6356679536941248,0.9055386789547109,4.105195638229635,2.854696670806866,4.217965653896962,2.8717720761705516,1.027470071003963,0.4043,0.01316,0.0,0.0,0.0,0.0,0.0,0.0,0.0,0.0,0.0,0.0,0.09554140127388537,10.999999999999984,18.477707006369428,0.42675159235668797,0.0,0.0,0.0,0.0,0.0,0.0,0.0,0.0,0.0,0.0,0.0,0.0,0.0,0.0,0.0,0.0,nan,nan,4.160754962577286,2.8636771143396365,nan,0.4043,0.0714,0.0,0.0,0.0,0.0,0.0,0.0,0.0,0.0,0.0,0.0,0.0,0.0,0.0,0.0,0.0,0.0,0.0,0.0,0.0,0.0001592356687898089,0.0,0.00024416135881104035,0.00013800424628450107,0.01726114649681529,0.00032908704883227177,0.0025796178343949045,0.022600849256900212,0.004925690021231423,0.02032908704883227,0.010254777070063694,0.011475583864118895,0.014065817409766455,0.03153927813163482,0.020828025477707006,0.052388535031847136,0.028821656050955415,0.049723991507430995,0.0462208067940552,0.06611464968152866,0.05288747346072187,0.0424203821656051,0.07600849256900212,0.03238853503184713,0.058609341825902335,0.05542462845010616,0.040743099787685776,0.0396072186836518,0.03739915074309979,0.02443736730360934,0.03,0.012845010615711253,0.031019108280254778,0.01540339702760085,0.03684713375796178,0.0019426751592356687,0.0016666666666666668,0.0007537154989384288,0.006528662420382166,0.001910828025477707,0.000148619957537155,0.0009766454352441614,2.1231422505307857e-05,0.0,1.0615711252653929e-05,0.0,0.0,0.0,0.0,0.0,0.0,0.0,0.0,0.0,0.0,0.0,0.0,0.0,0.0,0.0,0.0,0.0,0.0,0.0,0.0,0.0,0.0,0.0,0.0,0.0,0.0,0.0,0.0,0.0,0.0,0.0,0.0,0.0,0.0,0.0,0.0,0.0,nan,nan,4.160754962577286,2.8636771143396365,nan,0.8431117078766991,0.03280187994843016,0.0,0.0,0.0,0.0,0.0,0.0,0.0,0.0,0.0,0.0,0.0,0.0,0.0,0.0,0.0,0.0,0.0,0.0,0.0,0.0,0.0,0.03605769230769231,0.32451923076923084,1.9110576923076865,9.314903846153848,12.30769230769231,4.699519230769232,1.105769230769231,0.27644230769230776,0.024038461538461543,0.84235239825813,0.03240082744960793,0.0,0.0,0.0,0.0,0.0,0.0,0.0,0.0,0.0,0.0,0.0,0.0,0.0,0.0,0.0,0.0,0.0,0.0,0.0,0.0,0.0,0.04065040650406505,0.2303523035230353,2.2086720867208602,9.10569105691057,12.493224932249326,4.607046070460705,1.0975609756097564,0.1626016260162602,0.054200542005420065,0.4043,0.01298,0.0,0.0,0.0,0.0,0.0,0.0,0.0,0.0,0.0,0.0,0.0841346153846154,11.129807692307676,18.425480769230774,0.3605769230769232,0.0,0.0,0.0,0.0,0.0,0.0,0.0,0.0,0.0,0.0,0.0,0.0,0.0,0.0,0.0,0.0,0.4045,0.01337,0.0,0.0,0.0,0.0,0.0,0.0,0.0,0.0,0.0,0.0,0.10840108401084013,10.85365853658535,18.53658536585366,0.5013550135501356,0.0,0.0,0.0,0.0,0.0,0.0,0.0,0.0,0.0,0.0,0.0,0.0,0.0,0.0,0.0,0.0
89500,4853,2489,0.5128786317741603,1158,996,0.443849165464661,1369,0.564187100762415,0.438,3.009306260575296,3.1627989958688105,6.800632911392405,2.0426154999010038,8372.751205439934,506.53189044379474,7853.0,8866.4,8866.400000000001,1.8189894035458565e-12,7853.0,0.0,27.91427982691119,21.033537830410275,32.99655002464268,19.25594741931343,0.14403461776220894,0.09973212445909746,0.08984133525654235,0.09025345147331547,0.07912631362044097,0.07026581495981866,0.0712961055017515,0.06387801359983515,0.05728415413146507,0.04883577168761591,0.04780548114568308,0.04162373789408613,0.03235112301669071,0.02843601895734597,0.01689676488769833,0.010921079744487945,0.00741809190191634,0.8402484227229019,0.03430009619551237,0.0,0.0,0.0,0.0,0.0,0.0,0.0,0.0,0.0,0.0,0.0,0.0,0.0,0.0,0.0,0.0,0.0,0.0,0.0,0.0,0.012363486503193903,0.09272614877395428,0.4883577168761592,2.305790232845655,9.260251390892233,12.252215124665158,4.358128992375851,0.8716257984751702,0.2967236760766537,0.061817432515969516,4.3955440749112045,2.9587879922405267,4.241379310344827,3.4706172800237605,0.9649270347563307,4.427936507936508,2.9462454766477233,4.35741935483871,2.9810140813444304,0.9840744886537092,0.4055,0.01328,0.0,0.0,0.0,0.0,0.0,0.0,0.0,0.0,0.0,0.0,0.08654440552235733,10.181331135380162,19.280857201730893,0.45126725736657747,0.0,0.0,0.0,0.0,0.0,0.0,0.0,0.0,0.0,0.0,0.0,0.0,0.0,0.0,0.0,0.0,nan,nan,4.394113883557262,2.963979299370108,nan,0.4055,0.07166,0.0,0.0,0.0,0.0,0.0,0.0,0.0,0.0,0.0,0.0,0.0,0.0,0.0,0.0,0.0,0.0,0.0,0.0,3.090871625798475e-05,3.090871625798475e-05,0.0,0.00022666391922522152,0.0002575726354832063,0.016340407995054606,0.00032969297341850403,0.002586029260251391,0.02366577374819699,0.00518236142592211,0.02102822996084896,0.010478054811456831,0.00977745724294251,0.012703482382031733,0.031052956933855347,0.020049453946012777,0.04921697918813105,0.02837420152483,0.05145270966412528,0.046857613847104886,0.06556769008860498,0.04951576344529157,0.041592829177828146,0.07802390274057285,0.03241294044920667,0.05677931176591799,0.05703688440140119,0.04150010302905419,0.039779517824026375,0.03888316505254482,0.026066350710900472,0.0302699361219864,0.013022872450030908,0.03182567484030496,0.016103441170410057,0.03692561302287245,0.0021223985163816195,0.0015042241912219245,0.0005151452709664126,0.007335668658561715,0.0024417885843807953,8.242324335462601e-05,0.0010508963527714815,0.0,0.0,0.0,0.0,0.0,0.0,0.0,0.0,0.0,0.0,0.0,0.0,0.0,0.0,0.0,0.0,0.0,0.0,0.0,0.0,0.0,0.0,0.0,0.0,0.0,0.0,0.0,0.0,0.0,0.0,0.0,0.0,0.0,0.0,0.0,0.0,0.0,0.0,0.0,0.0,nan,nan,4.394113883557262,2.963979299370108,nan,0.8399903069734095,0.03345163023381303,0.0,0.0,0.0,0.0,0.0,0.0,0.0,0.0,0.0,0.0,0.0,0.0,0.0,0.0,0.0,0.0,0.0,0.0,0.0,0.0,0.012053033346725596,0.04821213338690238,0.4700683005222982,2.302129369224581,9.30494174367216,12.547207713941345,4.15829650462033,0.8437123342707916,0.2410606669345119,0.07231820008035357,0.8405201867247999,0.0351692655136313,0.0,0.0,0.0,0.0,0.0,0.0,0.0,0.0,0.0,0.0,0.0,0.0,0.0,0.0,0.0,0.0,0.0,0.0,0.0,0.0,0.012690355329949242,0.13959390862944165,0.5076142131979696,2.309644670050754,9.213197969543149,11.941624365482237,4.568527918781727,0.9010152284263961,0.3553299492385788,0.05076142131979697,0.4055,0.01341,0.0,0.0,0.0,0.0,0.0,0.0,0.0,0.0,0.0,0.0,0.12053033346725595,10.064282844515855,19.39333065488148,0.4218561671353958,0.0,0.0,0.0,0.0,0.0,0.0,0.0,0.0,0.0,0.0,0.0,0.0,0.0,0.0,0.0,0.0,0.4055,0.013145,0.0,0.0,0.0,0.0,0.0,0.0,0.0,0.0,0.0,0.0,0.05076142131979697,10.304568527918766,19.162436548223354,0.4822335025380712,0.0,0.0,0.0,0.0,0.0,0.0,0.0,0.0,0.0,0.0,0.0,0.0,0.0,0.0,0.0,0.0
89600,4842,2568,0.530359355638166,1181,990,0.4483684427922346,1358,0.5609252375051632,0.38199999999999995,2.9234828496042216,2.9517287703030877,6.2653673163418295,2.0649244589090285,8390.466171003718,505.7650963854365,7853.0,8866.4,8866.399999999998,1.8189894035458565e-12,7853.0,0.0,28.849648905410987,21.1544571739304,33.54768260131036,19.417099464289855,0.1294919454770756,0.10037174721189591,0.08384964890541098,0.09355638166047088,0.07930607187112763,0.07311028500619579,0.06836018174308137,0.06216439487814952,0.06113176373399422,0.05287071458075176,0.047501032631144156,0.04357703428335399,0.03676166873192895,0.0295332507228418,0.018174308137133416,0.012185047501032631,0.0080545229244114,0.8394384532612938,0.03401968535905474,0.0,0.0,0.0,0.0,0.0,0.0,0.0,0.0,0.0,0.0,0.0,0.0,0.0,0.0,0.0,0.0,0.0,0.0,0.0,0.0061957868649318475,0.03717472118959109,0.09293680297397772,0.4275092936802975,2.366790582403958,9.609665427509295,12.112763320941763,4.275092936802975,0.7806691449814128,0.1796778190830236,0.11152416356877326,4.062143310082435,2.7630947189482065,4.696969696969697,3.1669203900094307,1.1562786781331895,4.087256748273697,2.7774619005321552,4.050188205771644,2.7590372713510156,0.9909307037005419,0.4058,0.01293,0.0,0.0,0.0,0.0,0.0,0.0,0.0,0.0,0.0,0.0,0.012391573729863695,9.981412639405189,19.541511771995047,0.4646840148698886,0.0,0.0,0.0,0.0,0.0,0.0,0.0,0.0,0.0,0.0,0.0,0.0,0.0,0.0,0.0,0.0,nan,nan,4.068716661437088,2.7683240692206392,nan,0.4058,0.0711,0.0,0.0,0.0,0.0,0.0,0.0,0.0,0.0,0.0,0.0,0.0,0.0,0.0,0.0,0.0,0.0,0.0,0.0,0.0,0.0,2.0652622883106156e-05,0.00029946303180503926,0.00010326311441553078,0.0159334985543164,0.00039239983477901694,0.002519619991738951,0.022067327550598925,0.0054109871953738125,0.020983064849235854,0.01090458488228005,0.009479553903345725,0.01278397356464271,0.030648492358529532,0.020022717885171418,0.050113589425857086,0.026084262701363072,0.05298430400660884,0.046220570012391576,0.06514869888475837,0.05114622057001239,0.04195580338703015,0.08073110285006196,0.030287071458075177,0.0563610078479967,0.05895291201982652,0.041284593143329204,0.040819909128459314,0.04034489880214787,0.024215200330441965,0.03016315572077654,0.012742668318876497,0.03230070218917803,0.01452912019826518,0.03848616274266832,0.0019413465510119785,0.0017864518793886824,0.0005059892606361008,0.005751755472945064,0.0027054935976869063,6.195786864931847e-05,0.00080545229244114,0.0,0.0,0.0,0.0,0.0,0.0,0.0,0.0,0.0,0.0,0.0,0.0,0.0,0.0,0.0,0.0,0.0,0.0,0.0,0.0,0.0,0.0,0.0,0.0,0.0,0.0,0.0,0.0,0.0,0.0,0.0,0.0,0.0,0.0,0.0,0.0,0.0,0.0,0.0,0.0,nan,nan,4.068716661437088,2.7683240692206392,nan,0.8393573938778999,0.03385987319130656,0.0,0.0,0.0,0.0,0.0,0.0,0.0,0.0,0.0,0.0,0.0,0.0,0.0,0.0,0.0,0.0,0.0,0.0,0.0,0.0,0.03504672897196262,0.10514018691588788,0.502336448598131,2.3831775700934505,9.392523364485983,12.161214953271031,4.404205607476636,0.7710280373831777,0.14018691588785048,0.10514018691588788,0.8395299926177388,0.034199030409632514,0.0,0.0,0.0,0.0,0.0,0.0,0.0,0.0,0.0,0.0,0.0,0.0,0.0,0.0,0.0,0.0,0.0,0.0,0.0,0.01319261213720317,0.0395778364116095,0.079155672823219,0.34300791556728244,2.3482849604221565,9.854881266490766,12.058047493403697,4.129287598944591,0.7915567282321901,0.22427440633245388,0.11873350923482852,0.4058,0.01283,0.0,0.0,0.0,0.0,0.0,0.0,0.0,0.0,0.0,0.0,0.0,9.883177570093444,19.70794392523365,0.40887850467289727,0.0,0.0,0.0,0.0,0.0,0.0,0.0,0.0,0.0,0.0,0.0,0.0,0.0,0.0,0.0,0.0,0.4055,0.01304,0.0,0.0,0.0,0.0,0.0,0.0,0.0,0.0,0.0,0.0,0.02638522427440634,10.092348284960408,19.35356200527705,0.5277044854881268,0.0,0.0,0.0,0.0,0.0,0.0,0.0,0.0,0.0,0.0,0.0,0.0,0.0,0.0,0.0,0.0
89700,4224,2196,0.5198863636363636,1003,842,0.4367897727272727,1144,0.5416666666666666,0.462,2.9886587771203157,3.1905879791658647,6.757798165137615,2.2795578831757983,8379.85284090909,506.299074661699,7853.0,8866.4,8866.4,0.0,7853.0,0.0,27.260179924242426,20.79275819003928,32.24879432624113,19.15832361650094,0.14109848484848486,0.11126893939393939,0.09659090909090909,0.08451704545454546,0.08191287878787878,0.07646780303030302,0.06841856060606061,0.06131628787878788,0.0546875,0.049479166666666664,0.044744318181818184,0.03669507575757576,0.03480113636363636,0.026041666666666668,0.014441287878787878,0.010179924242424242,0.007339015151515152,0.8386100999390086,0.03378812090768087,0.0,0.0,0.0,0.0,0.0,0.0,0.0,0.0,0.0,0.0,0.0,0.0,0.0,0.0,0.0,0.0,0.0,0.0,0.0,0.035511363636363646,0.028409090909090915,0.07812500000000001,0.3906250000000001,2.5923295454545374,9.616477272727275,12.07386363636364,4.090909090909092,0.8877840909090912,0.16335227272727276,0.04261363636363637,4.321034613921643,2.9581232668737507,4.380952380952381,2.4780213011919408,1.0138665325285043,4.288490284005979,2.9536330584428607,4.3551829268292686,2.955266686113111,1.0155515434119138,0.4058,0.012886,0.0,0.0,0.0,0.0,0.0,0.0,0.0,0.0,0.0,0.0,0.035511363636363646,9.857954545454533,19.65198863636364,0.45454545454545464,0.0,0.0,0.0,0.0,0.0,0.0,0.0,0.0,0.0,0.0,0.0,0.0,0.0,0.0,0.0,0.0,nan,nan,4.321509433962264,2.954630134389595,nan,0.4058,0.0718,0.0,0.0,0.0,0.0,0.0,0.0,0.0,0.0,0.0,0.0,0.0,0.0,0.0,0.0,0.0,0.0,0.0,0.0,0.0,0.0,2.3674242424242424e-05,0.0005681818181818182,0.00023674242424242425,0.017021780303030302,0.0004734848484848485,0.00234375,0.021768465909090907,0.005812026515151515,0.020774147727272728,0.012263257575757575,0.008759469696969696,0.012855113636363637,0.03045691287878788,0.020442708333333334,0.050603693181818184,0.02540246212121212,0.0506155303030303,0.04747869318181818,0.062180397727272727,0.05031960227272727,0.04405776515151515,0.07768702651515151,0.03212594696969697,0.05626183712121212,0.06057054924242424,0.03970170454545455,0.04026988636363636,0.03946496212121212,0.02285748106060606,0.029924242424242423,0.013825757575757576,0.03482481060606061,0.01368371212121212,0.040175189393939395,0.002497632575757576,0.0018229166666666667,0.0005326704545454545,0.0061316287878787875,0.0022017045454545453,0.0002012310606060606,0.00078125,0.0,0.0,0.0,0.0,0.0,0.0,0.0,0.0,0.0,0.0,0.0,0.0,0.0,0.0,0.0,0.0,0.0,0.0,0.0,0.0,0.0,0.0,0.0,0.0,0.0,0.0,0.0,0.0,0.0,0.0,0.0,0.0,0.0,0.0,0.0,0.0,0.0,0.0,0.0,0.0,nan,nan,4.321509433962264,2.954630134389595,nan,0.8396960847853311,0.0344049236566397,0.0,0.0,0.0,0.0,0.0,0.0,0.0,0.0,0.0,0.0,0.0,0.0,0.0,0.0,0.0,0.0,0.0,0.0,0.0,0.05464480874316941,0.04098360655737705,0.0819672131147541,0.3142076502732241,2.4180327868852385,9.521857923497269,12.090163934426233,4.275956284153006,0.9562841530054647,0.19125683060109294,0.05464480874316941,0.8374341518509788,0.03306707038377385,0.0,0.0,0.0,0.0,0.0,0.0,0.0,0.0,0.0,0.0,0.0,0.0,0.0,0.0,0.0,0.0,0.0,0.0,0.0,0.014792899408284026,0.014792899408284026,0.07396449704142014,0.47337278106508884,2.781065088757388,9.718934911242606,12.056213017751482,3.8905325443786993,0.8136094674556216,0.13313609467455625,0.029585798816568053,0.4058,0.01285,0.0,0.0,0.0,0.0,0.0,0.0,0.0,0.0,0.0,0.0,0.04098360655737705,9.918032786885231,19.576502732240442,0.46448087431694,0.0,0.0,0.0,0.0,0.0,0.0,0.0,0.0,0.0,0.0,0.0,0.0,0.0,0.0,0.0,0.0,0.4058,0.01294,0.0,0.0,0.0,0.0,0.0,0.0,0.0,0.0,0.0,0.0,0.029585798816568053,9.79289940828401,19.73372781065089,0.4437869822485208,0.0,0.0,0.0,0.0,0.0,0.0,0.0,0.0,0.0,0.0,0.0,0.0,0.0,0.0,0.0,0.0
89800,4596,2424,0.5274151436031331,1169,895,0.4490861618798956,1263,0.5496083550913838,0.422,3.020257826887661,3.0965962314803193,6.544426494345719,2.1976372506188877,8387.482506527416,505.9377652745977,7853.0,8866.4,8866.4,0.0,7853.0,0.0,28.43668407310705,20.994428034596275,33.43001293661061,19.151140657575706,0.13838120104438642,0.1031331592689295,0.08420365535248042,0.08072236727589208,0.08202785030461271,0.07397737162750218,0.06657963446475196,0.06766753698868581,0.060922541340295906,0.05483028720626632,0.04677980852915579,0.04242819843342036,0.038294168842471714,0.024151436031331592,0.018494342906875544,0.010008703220191472,0.0073977371627502175,0.8401092282578259,0.032399920081553915,0.0,0.0,0.0,0.0,0.0,0.0,0.0,0.0,0.0,0.0,0.0,0.0,0.0,0.0,0.0,0.0,0.0,0.0,0.0,0.0,0.0,0.06527415143603134,0.4112271540469975,2.310704960835502,9.295039164490863,12.800261096605748,4.0339425587467375,0.8616187989556138,0.1697127937336815,0.052219321148825076,4.197721179624665,2.898607441838902,3.8421052631578947,2.2539592742488272,0.9152835785776112,4.281708945260347,2.9600272913416537,4.1096345514950166,2.8264190625145678,0.9598117490083465,0.4053,0.013016,0.0,0.0,0.0,0.0,0.0,0.0,0.0,0.0,0.0,0.0,0.05874673629242821,10.221932114882492,19.321148825065276,0.3981723237597912,0.0,0.0,0.0,0.0,0.0,0.0,0.0,0.0,0.0,0.0,0.0,0.0,0.0,0.0,0.0,0.0,nan,nan,4.195471195471195,2.895117343330747,nan,0.4053,0.0712,0.0,0.0,0.0,0.0,0.0,0.0,0.0,0.0,0.0,0.0,0.0,0.0,0.0,0.0,0.0,0.0,0.0,0.0,0.0,2.175805047867711e-05,0.00011966927763272411,0.0007288946910356832,0.00025021758050478677,0.016155352480417755,0.0006092254134029591,0.002001740644038294,0.021660139251523065,0.005221932114882507,0.021279373368146216,0.012325935596170583,0.009127502175805048,0.011966927763272411,0.031821148825065274,0.0216710182767624,0.05003263707571801,0.025511314186248912,0.048999129677980854,0.0503372497824195,0.06195604873803307,0.050728894691035684,0.042721932114882503,0.0766100957354221,0.033083115752828546,0.05799608355091384,0.0628698868581375,0.042656657963446476,0.04037206266318538,0.0382615317667537,0.021573107049608357,0.029960835509138382,0.01355526544821584,0.033246301131418625,0.012467362924281983,0.03766318537859008,0.0024042645778938206,0.0016971279373368146,0.0008703220191470844,0.006157528285465622,0.0020343777197563096,0.00044604003481288075,0.0008268059181897302,0.0,0.0,0.0,0.0,0.0,0.0,0.0,0.0,0.0,0.0,0.0,0.0,0.0,0.0,0.0,0.0,0.0,0.0,0.0,0.0,0.0,0.0,0.0,0.0,0.0,0.0,0.0,0.0,0.0,0.0,0.0,0.0,0.0,0.0,0.0,0.0,0.0,0.0,0.0,0.0,nan,nan,4.195471195471195,2.895117343330747,nan,0.8403947748268398,0.03217617583838377,0.0,0.0,0.0,0.0,0.0,0.0,0.0,0.0,0.0,0.0,0.0,0.0,0.0,0.0,0.0,0.0,0.0,0.0,0.0,0.0,0.0,0.049504950495049514,0.3960396039603961,2.4009900990098934,9.183168316831685,12.722772277227726,4.170792079207922,0.8415841584158418,0.19801980198019806,0.037128712871287134,0.8397905519763849,0.03264486404105756,0.0,0.0,0.0,0.0,0.0,0.0,0.0,0.0,0.0,0.0,0.0,0.0,0.0,0.0,0.0,0.0,0.0,0.0,0.0,0.0,0.0,0.08287292817679559,0.4281767955801106,2.209944751381209,9.419889502762432,12.886740331491715,3.8812154696132604,0.8839779005524864,0.138121546961326,0.069060773480663,0.4055,0.01289,0.0,0.0,0.0,0.0,0.0,0.0,0.0,0.0,0.0,0.0,0.061881188118811895,10.061881188118797,19.46782178217822,0.4084158415841585,0.0,0.0,0.0,0.0,0.0,0.0,0.0,0.0,0.0,0.0,0.0,0.0,0.0,0.0,0.0,0.0,0.405,0.01314,0.0,0.0,0.0,0.0,0.0,0.0,0.0,0.0,0.0,0.0,0.0552486187845304,10.40055248618783,19.157458563535915,0.38674033149171283,0.0,0.0,0.0,0.0,0.0,0.0,0.0,0.0,0.0,0.0,0.0,0.0,0.0,0.0,0.0,0.0
89900,4862,2516,0.5174825174825175,1160,998,0.44385026737967914,1357,0.55820649938297,0.426,3.072463768115942,3.2406782282605646,6.8807339449541285,2.25469176060297,8377.416783216782,506.3901713031655,7853.0,8866.4,8866.4,0.0,7853.0,0.0,27.484368572603866,20.710757632137575,32.45673549655851,18.990587803819057,0.14315096668037844,0.0979020979020979,0.10119292472233649,0.0870012340600576,0.08165364047716989,0.07260386672151378,0.0711641299876594,0.061291649526943645,0.059234882764294526,0.04730563554092966,0.04771698889345948,0.041341011929247225,0.029411764705882353,0.027149321266968326,0.017893870835047305,0.007610037021801728,0.006375976964212258,0.8401346711379812,0.03364647232610744,0.0,0.0,0.0,0.0,0.0,0.0,0.0,0.0,0.0,0.0,0.0,0.0,0.0,0.0,0.0,0.0,0.0,0.0,0.0,0.0,0.012340600575894697,0.08638420403126287,0.4627725215960511,2.4002468120115106,9.3048128342246,12.186343068696013,4.294529000411354,1.0180995475113124,0.18510900863842045,0.04936240230357879,4.453089244851259,3.039782983053049,3.8,2.87981480886069,0.8533401849948612,4.369310793237972,2.9620740402499255,4.523533204384268,3.111395315789267,1.035296736360566,0.4053,0.01295,0.0,0.0,0.0,0.0,0.0,0.0,0.0,0.0,0.0,0.0,0.03085150143973674,10.168654874537213,19.461127108185934,0.33936651583710414,0.0,0.0,0.0,0.0,0.0,0.0,0.0,0.0,0.0,0.0,0.0,0.0,0.0,0.0,0.0,0.0,nan,nan,4.446746519909356,3.0389448959227394,nan,0.4053,0.0709,0.0,0.0,0.0,0.0,0.0,0.0,0.0,0.0,0.0,0.0,0.0,0.0,0.0,0.0,0.0,0.0,0.0,3.085150143973673e-05,0.0,3.085150143973673e-05,0.00012340600575894693,0.0007404360345536817,0.00024681201151789385,0.016258741258741258,0.0007301522007404361,0.0018408062525709585,0.020793911970382557,0.005491567256273138,0.020526532291238173,0.012217194570135747,0.008864664747017689,0.01253599341834636,0.033288770053475934,0.022377622377622378,0.04750102838338133,0.02537021801727684,0.04953722747840395,0.04825174825174825,0.06219662690250925,0.04830316742081448,0.04138214726450021,0.07947346770876183,0.03507815713698067,0.05667420814479638,0.0674413821472645,0.04450843274372686,0.0396441793500617,0.03866721513780337,0.022449609214315096,0.02859934183463595,0.013656931303990127,0.0331447963800905,0.012340600575894693,0.035273549979432335,0.002241875771287536,0.0013163307280954339,0.0010180995475113123,0.006715343480049363,0.0017482517482517483,0.0005039078568490333,0.0008638420403126285,0.0,0.0,0.0,0.0,0.0,0.0,0.0,0.0,0.0,0.0,0.0,0.0,0.0,0.0,0.0,0.0,0.0,0.0,0.0,0.0,0.0,0.0,0.0,0.0,0.0,0.0,0.0,0.0,0.0,0.0,0.0,0.0,0.0,0.0,0.0,0.0,0.0,0.0,0.0,0.0,nan,nan,4.446746519909356,3.0389448959227394,nan,0.8400648944376004,0.033246078159482224,0.0,0.0,0.0,0.0,0.0,0.0,0.0,0.0,0.0,0.0,0.0,0.0,0.0,0.0,0.0,0.0,0.0,0.0,0.0,0.0,0.011923688394276632,0.08346581875993643,0.42925278219395874,2.396661367249595,9.360095389507155,12.186009538950719,4.292527821939587,1.0135135135135136,0.19077901430842611,0.035771065182829895,0.8402095041209983,0.0340704929604481,0.0,0.0,0.0,0.0,0.0,0.0,0.0,0.0,0.0,0.0,0.0,0.0,0.0,0.0,0.0,0.0,0.0,0.0,0.0,0.0,0.012787723785166244,0.08951406649616371,0.49872122762148346,2.4040920716112457,9.245524296675192,12.18670076726343,4.296675191815858,1.0230179028132995,0.17902813299232742,0.06393861892583122,0.4053,0.013214,0.0,0.0,0.0,0.0,0.0,0.0,0.0,0.0,0.0,0.0,0.04769475357710653,10.361685214626377,19.268680445151038,0.32193958664546907,0.0,0.0,0.0,0.0,0.0,0.0,0.0,0.0,0.0,0.0,0.0,0.0,0.0,0.0,0.0,0.0,0.4055,0.01265,0.0,0.0,0.0,0.0,0.0,0.0,0.0,0.0,0.0,0.0,0.012787723785166244,9.961636828644487,19.667519181585682,0.35805626598465484,0.0,0.0,0.0,0.0,0.0,0.0,0.0,0.0,0.0,0.0,0.0,0.0,0.0,0.0,0.0,0.0
90000,4564,2358,0.5166520595968449,1103,933,0.44609991235758106,1325,0.5806310254163015,0.37799999999999995,2.843155031731641,2.84964183470823,5.804063860667634,2.0637688061715513,8376.575197195443,506.4189152466708,7853.0,8866.4,8866.399999999998,1.8189894035458565e-12,7853.0,0.0,29.46603856266433,21.377987441735158,34.55569981822903,19.37108276976456,0.1369412795793164,0.09070990359333918,0.0845749342681858,0.07975460122699386,0.07668711656441718,0.07340052585451358,0.06156879929886065,0.06551270815074496,0.06288343558282208,0.06419807186678353,0.05127081507449606,0.04360210341805434,0.04097283085013147,0.029141104294478526,0.019500438212094653,0.011393514460999123,0.007887817703768623,0.8374169346640551,0.03352360675549149,0.0,0.0,0.0,0.0,0.0,0.0,0.0,0.0,0.0,0.0,0.0,0.0,0.0,0.0,0.0,0.0,0.0,0.0,0.0,0.006573181419807188,0.026292725679228753,0.08545135845749345,0.5850131463628397,2.5898334794040236,9.708588957055216,12.291849255039443,3.6546888694127966,0.8479404031551273,0.1577563540753725,0.04601226993865032,3.928359194453615,2.662075705187718,4.1875,2.4550649176752946,1.0659666778720902,3.9534731323722148,2.611058320304321,3.9087947882736156,2.7078401396189906,0.9886989635182393,0.4055,0.0129,0.0,0.0,0.0,0.0,0.0,0.0,0.0,0.0,0.0,0.0,0.03286590709903594,10.135845749342668,19.443470639789663,0.3878177037686241,0.0,0.0,0.0,0.0,0.0,0.0,0.0,0.0,0.0,0.0,0.0,0.0,0.0,0.0,0.0,0.0,nan,nan,3.931068278340412,2.6601255031475226,nan,0.4055,0.07074,0.0,0.0,0.0,0.0,0.0,0.0,0.0,0.0,0.0,0.0,0.0,0.0,0.0,0.0,0.0,0.0,0.0,0.0,0.0,3.286590709903593e-05,3.286590709903593e-05,0.0010845749342681859,0.00028483786152497806,0.0161262050832603,0.0004053461875547765,0.0015775635407537247,0.020267309377738827,0.005181858019281332,0.021549079754601227,0.012631463628396143,0.00864373356704645,0.012248028045574058,0.033983347940403155,0.02119851007887818,0.04734881682734444,0.025690184049079755,0.0501205083260298,0.047436459246275195,0.05970639789658195,0.0483567046450482,0.041969763365468885,0.07875766871165645,0.036316827344434706,0.058304119193689746,0.069829097283085,0.04313102541630149,0.04023882559158633,0.039504820333041195,0.02196538124452235,0.027355390008764243,0.014033742331288344,0.03214285714285714,0.012193251533742332,0.03605390008764242,0.0026840490797546013,0.0015666082383873794,0.0011831726555652936,0.006343120070113935,0.0012489044697633655,0.00043821209465381246,0.0008326029798422437,0.0,0.0,0.0,0.0,0.0,0.0,0.0,0.0,0.0,0.0,0.0,0.0,0.0,0.0,0.0,0.0,0.0,0.0,0.0,0.0,0.0,0.0,0.0,0.0,0.0,0.0,0.0,0.0,0.0,0.0,0.0,0.0,0.0,0.0,0.0,0.0,0.0,0.0,0.0,0.0,nan,nan,3.931068278340412,2.6601255031475226,nan,0.8379329813547919,0.03358671827121688,0.0,0.0,0.0,0.0,0.0,0.0,0.0,0.0,0.0,0.0,0.0,0.0,0.0,0.0,0.0,0.0,0.0,0.0,0.0,0.0,0.025445292620865145,0.10178117048346058,0.534351145038168,2.391857506361316,9.93638676844784,12.21374045801527,3.600508905852418,0.9541984732824429,0.16539440203562344,0.07633587786259544,0.8368653308123971,0.03344721245955873,0.0,0.0,0.0,0.0,0.0,0.0,0.0,0.0,0.0,0.0,0.0,0.0,0.0,0.0,0.0,0.0,0.0,0.0,0.0,0.013599274705349051,0.027198549410698103,0.06799637352674526,0.6391659111514053,2.8014505893018953,9.46509519492294,12.375339981867636,3.712601994560291,0.7343608340888488,0.14959202175883957,0.013599274705349051,0.4058,0.01308,0.0,0.0,0.0,0.0,0.0,0.0,0.0,0.0,0.0,0.0,0.05089058524173029,10.190839694656473,19.325699745547077,0.43256997455470747,0.0,0.0,0.0,0.0,0.0,0.0,0.0,0.0,0.0,0.0,0.0,0.0,0.0,0.0,0.0,0.0,0.4053,0.01271,0.0,0.0,0.0,0.0,0.0,0.0,0.0,0.0,0.0,0.0,0.013599274705349051,10.07706255666363,19.569356300997285,0.33998186763372623,0.0,0.0,0.0,0.0,0.0,0.0,0.0,0.0,0.0,0.0,0.0,0.0,0.0,0.0,0.0,0.0
90100,4418,2238,0.5065640561339972,1014,899,0.43300135808057943,1260,0.5703938433680399,0.418,3.061926605504587,3.1312746113780814,6.61609907120743,2.1212446583083278,8366.352014486194,506.6563339219942,7853.0,8866.4,8866.400000000001,1.8189894035458565e-12,7853.0,0.0,27.965821638750565,21.217566194683354,33.18493336959478,19.438334714903576,0.14418288818469896,0.09891353553644183,0.09370755998189226,0.0851063829787234,0.08216387505658669,0.0758261656858307,0.06813037573562698,0.05817111815301041,0.061339972838388414,0.046174739701222274,0.042779538252602986,0.041421457673155276,0.03508374830239928,0.02693526482571299,0.01923947487550928,0.012675418741511997,0.008148483476686284,0.83722101247057,0.034183643856464115,0.0,0.0,0.0,0.0,0.0,0.0,0.0,0.0,0.0,0.0,0.0,0.0,0.0,0.0,0.0,0.0,0.0,0.0,0.0,0.0,0.013580805794477142,0.12222725215029427,0.6111362607514713,2.8044363965595207,9.97510185604346,11.564056133997287,3.8501584427342697,0.7808963331824357,0.2105024898143957,0.0679040289723857,4.449587369931827,2.8461108511804003,4.344827586206897,3.110337181732326,0.9764562924569486,4.4800280308339175,2.8792786995405164,4.416126709863211,2.817138584954382,0.9857364015289851,0.4067,0.01267,0.0,0.0,0.0,0.0,0.0,0.0,0.0,0.0,0.0,0.0,0.013580805794477142,8.936170212765944,20.622453598913538,0.42779538252603,0.0,0.0,0.0,0.0,0.0,0.0,0.0,0.0,0.0,0.0,0.0,0.0,0.0,0.0,0.0,0.0,nan,nan,4.4485085227272725,2.848976449461535,nan,0.4067,0.0705,0.0,0.0,0.0,0.0,0.0,0.0,0.0,0.0,0.0,0.0,0.0,0.0,0.0,0.0,0.0,0.0,0.0,0.0,1.1317338162064282e-05,0.00012449071978270712,2.2634676324128565e-05,0.000995925758261657,0.00021502942507922138,0.013999547306473518,0.00040742417383431417,0.0026708918062471705,0.020971027614305117,0.0047872340425531915,0.020914440923494794,0.01221140787686736,0.008544590312358533,0.012777274784970575,0.030828429153463104,0.0196129470348574,0.04893617021276596,0.026754187415119965,0.047894975101856044,0.0503168854685378,0.054526935264825716,0.04804210049796288,0.04228157537347216,0.07776143051154369,0.03770937075599819,0.058306926210955186,0.07080126754187416,0.043232231779085556,0.041081937528293345,0.043718877320054327,0.024241738343141694,0.026097781801720236,0.013660027161611589,0.032152557718424624,0.012222725215029425,0.036509732910819374,0.0028746038931643275,0.0016296966953372567,0.002037120869171571,0.005613399728383884,0.0012901765504753282,0.0005658669081032141,0.0006450882752376641,0.0,0.0,0.0,0.0,0.0,0.0,0.0,0.0,0.0,0.0,0.0,0.0,0.0,0.0,0.0,0.0,0.0,0.0,0.0,0.0,0.0,0.0,0.0,0.0,0.0,0.0,0.0,0.0,0.0,0.0,0.0,0.0,0.0,0.0,0.0,0.0,0.0,0.0,0.0,0.0,nan,nan,4.4485085227272725,2.848976449461535,nan,0.8376155947871886,0.034267880821615054,0.0,0.0,0.0,0.0,0.0,0.0,0.0,0.0,0.0,0.0,0.0,0.0,0.0,0.0,0.0,0.0,0.0,0.0,0.0,0.0,0.0,0.12064343163538876,0.5898123324396783,2.6675603217158095,10.375335120643433,11.313672922252014,3.780160857908848,0.8042895442359251,0.2680965147453084,0.0804289544235925,0.8368159320923166,0.0340921988091729,0.0,0.0,0.0,0.0,0.0,0.0,0.0,0.0,0.0,0.0,0.0,0.0,0.0,0.0,0.0,0.0,0.0,0.0,0.0,0.0,0.02752293577981652,0.12385321100917433,0.6330275229357799,2.944954128440358,9.56422018348624,11.821100917431195,3.9220183486238542,0.7568807339449544,0.15137614678899086,0.05504587155963304,0.4065,0.01243,0.0,0.0,0.0,0.0,0.0,0.0,0.0,0.0,0.0,0.0,0.0,8.753351206434303,20.91152815013405,0.33512064343163545,0.0,0.0,0.0,0.0,0.0,0.0,0.0,0.0,0.0,0.0,0.0,0.0,0.0,0.0,0.0,0.0,0.4067,0.01292,0.0,0.0,0.0,0.0,0.0,0.0,0.0,0.0,0.0,0.0,0.02752293577981652,9.12385321100916,20.3256880733945,0.5229357798165138,0.0,0.0,0.0,0.0,0.0,0.0,0.0,0.0,0.0,0.0,0.0,0.0,0.0,0.0,0.0,0.0
90200,4654,2448,0.5259991405242802,1161,945,0.45251396648044695,1276,0.548345509239364,0.39799999999999996,2.956029011786038,3.0518884374295907,6.51993620414673,2.068407764860573,8386.047529007306,506.014523225578,7853.0,8866.4,8866.399999999998,1.8189894035458565e-12,7853.0,0.0,28.020197679415556,20.819677755094702,32.77484116899619,19.124659661957395,0.1355822948001719,0.09798023205844435,0.09475719810915342,0.08917060593038247,0.07799742157284056,0.07735281478298238,0.07133648474430597,0.06983240223463687,0.05715513536742587,0.052857756768371296,0.04146970348087667,0.038461538461538464,0.03416415986248388,0.02771809196390202,0.01461108723678556,0.012032660077352814,0.007520412548345509,0.8376045991895944,0.03390384737138969,0.0,0.0,0.0,0.0,0.0,0.0,0.0,0.0,0.0,0.0,0.0,0.0,0.0,0.0,0.0,0.0,0.0,0.0,0.0,0.0,0.025784271594327467,0.07090674688440053,0.5027932960893856,2.791147400085939,9.991405242801893,11.712505371723251,3.809626128061883,0.818650623119897,0.2127202406532016,0.06446067898581866,4.154929577464789,2.842643944046841,4.833333333333333,2.748737083745107,1.163276836158192,4.167553191489362,2.8333331946404603,4.153129161118509,2.8517264484833023,0.9965389691005483,0.407,0.01307,0.0,0.0,0.0,0.0,0.0,0.0,0.0,0.0,0.0,0.0,0.045122475290073065,8.792436613665652,20.653201547056298,0.5092393639879674,0.0,0.0,0.0,0.0,0.0,0.0,0.0,0.0,0.0,0.0,0.0,0.0,0.0,0.0,0.0,0.0,nan,nan,4.160345974717232,2.8425477289828702,nan,0.407,0.0706,0.0,0.0,0.0,0.0,0.0,0.0,0.0,0.0,0.0,0.0,0.0,0.0,0.0,0.0,0.0,0.0,0.0,0.0,5.371723248818221e-05,0.00035453373442200257,1.0743446497636441e-05,0.0010528577567683712,6.446067898581865e-05,0.014331757627847013,0.00037602062741727544,0.0033519553072625698,0.019391920928233778,0.004737859905457671,0.01947786850021487,0.013053287494628276,0.008003867640739149,0.012698753760206275,0.032176622260421145,0.019316716802750322,0.04950580146110872,0.027524709926944564,0.048624838848302536,0.04555221314997851,0.05536097980232058,0.049398366996132356,0.042372152986678124,0.07819080360979802,0.03813923506660937,0.056091534164159865,0.07032660077352815,0.0434250107434465,0.04391920928233777,0.04258702191663086,0.024226471852170178,0.026375161151697465,0.013031800601633003,0.03203695745595187,0.013139235066609368,0.03587236785560808,0.002847013321873657,0.0016974645466265577,0.0021809196390201978,0.006274172754619682,0.0017726686721100129,0.0005049419853889128,0.0005694026643747314,0.0,0.0,0.0,0.0,0.0,0.0,0.0,0.0,0.0,0.0,0.0,0.0,0.0,0.0,0.0,0.0,0.0,0.0,0.0,0.0,0.0,0.0,0.0,0.0,0.0,0.0,0.0,0.0,0.0,0.0,0.0,0.0,0.0,0.0,0.0,0.0,0.0,0.0,0.0,0.0,nan,nan,4.160345974717232,2.8425477289828702,nan,0.8375579313758541,0.03414557051707926,0.0,0.0,0.0,0.0,0.0,0.0,0.0,0.0,0.0,0.0,0.0,0.0,0.0,0.0,0.0,0.0,0.0,0.0,0.0,0.0,0.012254901960784317,0.06127450980392158,0.49019607843137264,2.8676470588235206,10.404411764705886,11.262254901960787,3.7377450980392166,0.8333333333333335,0.24509803921568632,0.08578431372549022,0.8376563865005808,0.0336334976873807,0.0,0.0,0.0,0.0,0.0,0.0,0.0,0.0,0.0,0.0,0.0,0.0,0.0,0.0,0.0,0.0,0.0,0.0,0.0,0.0,0.04079782411604715,0.0815956482320943,0.516772438803264,2.706255666364452,9.533091568449684,12.212148685403449,3.8893925657298287,0.802357207615594,0.17679057116953767,0.04079782411604715,0.4072,0.01312,0.0,0.0,0.0,0.0,0.0,0.0,0.0,0.0,0.0,0.0,0.03676470588235295,8.44362745098038,20.906862745098046,0.6127450980392157,0.0,0.0,0.0,0.0,0.0,0.0,0.0,0.0,0.0,0.0,0.0,0.0,0.0,0.0,0.0,0.0,0.4067,0.013,0.0,0.0,0.0,0.0,0.0,0.0,0.0,0.0,0.0,0.0,0.054397098821396206,9.179510426110594,20.371713508612878,0.3943789664551225,0.0,0.0,0.0,0.0,0.0,0.0,0.0,0.0,0.0,0.0,0.0,0.0,0.0,0.0,0.0,0.0
90300,4564,2327,0.5098597721297108,1087,966,0.44982471516213846,1294,0.5670464504820333,0.418,2.909253464461332,3.0346367688502913,6.4958123953098825,2.0720843498140176,8369.69189307625,506.60147263184365,7853.0,8866.4,8866.4,0.0,7853.0,0.0,28.28615249780894,21.066233999163376,33.28832116788321,19.25078114680898,0.14570552147239263,0.08917616126205083,0.09355828220858896,0.08523225241016652,0.08019281332164768,0.07186678352322524,0.07230499561787905,0.06682734443470639,0.057843996494303246,0.05105170902716915,0.04557405784399649,0.03790534618755478,0.0352760736196319,0.030236634531113058,0.019500438212094653,0.011831726555652936,0.005915863277826468,0.8364559676201065,0.03464066671992579,0.0,0.0,0.0,0.0,0.0,0.0,0.0,0.0,0.0,0.0,0.0,0.0,0.0,0.0,0.0,0.0,0.0,0.0,0.019719544259421563,0.013146362839614376,0.013146362839614376,0.07230499561787906,0.5324276950043823,3.0105170902716822,10.18843120070114,11.509640666082387,3.5429447852760743,0.8479404031551273,0.19062226117440847,0.05915863277826469,4.217465171593612,2.8132992187314305,3.607142857142857,3.0040364002251287,0.8552869343032089,4.234625668449198,2.8374696858582755,4.188474576271187,2.7934067734392007,0.9891014942544113,0.4062,0.012985,0.0,0.0,0.0,0.0,0.0,0.0,0.0,0.0,0.0,0.0,0.026292725679228753,9.2484662576687,20.199386503067487,0.525854513584575,0.0,0.0,0.0,0.0,0.0,0.0,0.0,0.0,0.0,0.0,0.0,0.0,0.0,0.0,0.0,0.0,nan,nan,4.211713227869404,2.815774695449467,nan,0.4062,0.0711,0.0,0.0,0.0,0.0,0.0,0.0,0.0,0.0,0.0,0.0,0.0,0.0,0.0,0.0,0.0,0.0,0.0,0.0,0.00010955302366345311,0.0005696757230499561,2.1910604732690622e-05,0.0015008764241893075,5.477651183172656e-05,0.014844434706397897,0.0002957931638913234,0.0035495179666958808,0.0193908851884312,0.004623137598597721,0.019566170026292726,0.014143295354951797,0.007953549517966696,0.01303680981595092,0.03172655565293602,0.0196319018404908,0.05109553023663453,0.028330411919368973,0.049923312883435586,0.042769500438212094,0.05464504820333041,0.04852103418054338,0.04459903593339176,0.0757997370727432,0.03857361963190184,0.05772348816827345,0.07012489044697634,0.042418930762489045,0.04265994741454864,0.042517528483786156,0.023893514460999122,0.02467134092900964,0.012379491673970202,0.032493426818580196,0.012949167397020157,0.03673312883435583,0.0025854513584574936,0.0017528483786152498,0.002574496056091148,0.006507449605609115,0.001971954425942156,0.00030674846625766873,0.00044916739702015773,1.0955302366345311e-05,0.0,0.0,0.0,0.0,0.0,0.0,0.0,0.0,0.0,0.0,0.0,0.0,0.0,0.0,0.0,0.0,0.0,0.0,0.0,0.0,0.0,0.0,0.0,0.0,0.0,0.0,0.0,0.0,0.0,0.0,0.0,0.0,0.0,0.0,0.0,0.0,0.0,0.0,0.0,nan,nan,4.211713227869404,2.815774695449467,nan,0.8359563825311812,0.03432565975763177,0.0,0.0,0.0,0.0,0.0,0.0,0.0,0.0,0.0,0.0,0.0,0.0,0.0,0.0,0.0,0.0,0.0,0.0,0.012892135797163733,0.025784271594327467,0.012892135797163733,0.0773528147829824,0.528577567683713,3.0941125913192855,10.171895143962185,11.448216587881396,3.674258702191664,0.7864202836269877,0.09024495058014613,0.0773528147829824,0.8369756522432309,0.034957760368289945,0.0,0.0,0.0,0.0,0.0,0.0,0.0,0.0,0.0,0.0,0.0,0.0,0.0,0.0,0.0,0.0,0.0,0.0,0.026821636119803316,0.0,0.013410818059901658,0.06705409029950828,0.5364327223960662,2.9235583370585516,10.20563254358516,11.57353598569513,3.406347787215021,0.9119356280733126,0.2950379973178364,0.04023245417970497,0.4062,0.013145,0.0,0.0,0.0,0.0,0.0,0.0,0.0,0.0,0.0,0.0,0.025784271594327467,9.55307262569831,19.78942844864633,0.6317146540610229,0.0,0.0,0.0,0.0,0.0,0.0,0.0,0.0,0.0,0.0,0.0,0.0,0.0,0.0,0.0,0.0,0.4065,0.01283,0.0,0.0,0.0,0.0,0.0,0.0,0.0,0.0,0.0,0.0,0.026821636119803316,8.931604827894489,20.62583817612875,0.41573535985695137,0.0,0.0,0.0,0.0,0.0,0.0,0.0,0.0,0.0,0.0,0.0,0.0,0.0,0.0,0.0,0.0
90400,4748,2436,0.5130581297388374,1166,976,0.45113732097725356,1359,0.5724515585509689,0.41,2.983131487889273,3.0495009325672022,6.468934911242603,2.099713855235985,8372.933108677338,506.5271708751008,7853.0,8866.4,8866.4,0.0,7853.0,0.0,28.410067396798652,21.073809186039696,33.39233850776164,19.26219352874674,0.13942712721145745,0.09014321819713564,0.09245998315080034,0.08761583824768324,0.08129738837405223,0.07392586352148273,0.07350463352990733,0.06781802864363942,0.05665543386689132,0.05223251895534962,0.04507160909856782,0.040227464195450716,0.03327716933445661,0.025484414490311712,0.017691659646166806,0.013689974726200505,0.009477674810446503,0.8353776903893633,0.03373729145553449,0.0,0.0,0.0,0.0,0.0,0.0,0.0,0.0,0.0,0.0,0.0,0.0,0.0,0.0,0.0,0.0,0.0,0.006318449873631004,0.01895534962089301,0.0,0.006318449873631004,0.09477674810446506,0.4738837405223253,3.007582139848348,10.646588037068243,11.32898062342039,3.5256950294861,0.7013479359730415,0.13900589721988207,0.05054759898904803,4.257896450667535,2.8356562336041184,3.9473684210526314,2.6152122629062826,0.9270700842040862,4.29464861379755,2.8140691004873264,4.2137355584082155,2.8516853178691077,0.9811595632924699,0.4065,0.01263,0.0,0.0,0.0,0.0,0.0,0.0,0.0,0.0,0.0,0.0,0.012636899747262008,9.111204717775891,20.47177759056445,0.40438079191238424,0.0,0.0,0.0,0.0,0.0,0.0,0.0,0.0,0.0,0.0,0.0,0.0,0.0,0.0,0.0,0.0,nan,nan,4.254100997105178,2.8332708442997228,nan,0.4065,0.071,0.0,0.0,0.0,0.0,0.0,0.0,0.0,0.0,0.0,0.0,0.0,0.0,0.0,0.0,0.0,0.0,0.0,0.0,0.0002527379949452401,0.00033698399326032014,1.0530749789385004e-05,0.0013689974726200506,0.00011583824768323504,0.013795282224094355,0.00042122999157540015,0.0029170176916596463,0.020482308340353833,0.004180707666385846,0.02118786857624263,0.01363732097725358,0.009467144060657118,0.011562763268744735,0.031192080876158382,0.019029064869418702,0.051053074978938504,0.028675231676495366,0.04886267902274642,0.04168070766638585,0.05839300758213985,0.0470513900589722,0.04686183656276327,0.0762636899747262,0.037805391743892164,0.056139427127211455,0.07180918281381635,0.04148062342038753,0.04118576242628475,0.0443133951137321,0.024020640269587196,0.0235256950294861,0.012657961246840776,0.032845408593091825,0.01239469250210615,0.03607834877843302,0.002790648694187026,0.0015058972198820557,0.002780117944397641,0.007540016849199663,0.0015374894692502107,0.00034751474304970515,0.00044229149115417016,0.0,0.0,0.0,0.0,0.0,0.0,0.0,0.0,0.0,0.0,0.0,0.0,0.0,0.0,0.0,0.0,0.0,0.0,0.0,0.0,0.0,0.0,0.0,0.0,0.0,0.0,0.0,0.0,0.0,0.0,0.0,0.0,0.0,0.0,0.0,0.0,0.0,0.0,0.0,0.0,nan,nan,4.254100997105178,2.8332708442997228,nan,0.8347055413110307,0.03349137093405405,0.0,0.0,0.0,0.0,0.0,0.0,0.0,0.0,0.0,0.0,0.0,0.0,0.0,0.0,0.0,0.0,0.0,0.012315270935960593,0.012315270935960593,0.0,0.012315270935960593,0.08620689655172416,0.5541871921182266,2.9556650246305325,10.714285714285717,11.416256157635472,3.4975369458128087,0.5911330049261084,0.09852216748768475,0.049261083743842374,0.8360858889857378,0.033980095574125006,0.0,0.0,0.0,0.0,0.0,0.0,0.0,0.0,0.0,0.0,0.0,0.0,0.0,0.0,0.0,0.0,0.0,0.0,0.02595155709342561,0.0,0.0,0.10380622837370244,0.38927335640138416,3.062283737024212,10.575259515570936,11.237024221453291,3.555363321799309,0.8174740484429067,0.18166089965397927,0.05190311418685122,0.4065,0.012436,0.0,0.0,0.0,0.0,0.0,0.0,0.0,0.0,0.0,0.0,0.024630541871921187,8.990147783251219,20.615763546798036,0.36945812807881784,0.0,0.0,0.0,0.0,0.0,0.0,0.0,0.0,0.0,0.0,0.0,0.0,0.0,0.0,0.0,0.0,0.4065,0.012825,0.0,0.0,0.0,0.0,0.0,0.0,0.0,0.0,0.0,0.0,0.0,9.238754325259503,20.32006920415225,0.4411764705882354,0.0,0.0,0.0,0.0,0.0,0.0,0.0,0.0,0.0,0.0,0.0,0.0,0.0,0.0,0.0,0.0
90500,4873,2476,0.5081058895957316,1181,1016,0.4508516314385389,1392,0.5713113072029551,0.414,2.941593658740092,3.085610831939802,6.594955489614243,2.1371459825058934,8367.914508516315,506.63340972525214,7853.0,8866.4,8866.4,0.0,7853.0,0.0,27.74635747999179,20.684810334762943,32.74656862745098,18.888319556717132,0.14200697722142416,0.100759285860866,0.09357685204186333,0.08208495793145906,0.0822901703262877,0.07551816129694233,0.06915657705725425,0.05951159450030782,0.06053765647445106,0.057049045762364047,0.04966139954853273,0.037348655858813876,0.03406525754155551,0.02442027498460907,0.017032628770777755,0.009029345372460496,0.005951159450030782,0.8362378778213988,0.03311029445525937,0.0,0.0,0.0,0.0,0.0,0.0,0.0,0.0,0.0,0.0,0.0,0.0,0.0,0.0,0.0,0.0,0.0,0.0,0.0,0.0,0.036938231069156585,0.08003283398317261,0.6156371844859431,2.5548943156166555,10.527395854709628,11.573979068335731,3.6630412476913614,0.7510773650728506,0.17237841165606407,0.024625487379437722,4.2601730214674784,2.8822196038996792,4.682926829268292,3.6320996037046407,1.0992339526283348,4.202247191011236,2.8893959891891416,4.330339961513791,2.8973096852647062,1.0304819694511427,0.407,0.012695,0.0,0.0,0.0,0.0,0.0,0.0,0.0,0.0,0.0,0.0,0.012312743689718861,8.889800943977002,20.55612558998564,0.5417607223476298,0.0,0.0,0.0,0.0,0.0,0.0,0.0,0.0,0.0,0.0,0.0,0.0,0.0,0.0,0.0,0.0,nan,nan,4.265654648956357,2.8935821859448563,nan,0.407,0.071,0.0,0.0,0.0,0.0,0.0,0.0,0.0,0.0,0.0,0.0,0.0,0.0,0.0,0.0,0.0,0.0,0.0,0.0,0.0001744305356043505,0.00020521239482864764,0.0,0.0012723168479376154,0.0002872973527601067,0.012764210958341883,0.0005027703673301867,0.002852452288118202,0.01903344962035707,0.00482249127847322,0.021742253232095218,0.01256925918325467,0.010835214446952596,0.011348245434024216,0.033316232300430945,0.020131335932690335,0.04907654422327109,0.027816540119023188,0.04812230658731787,0.04056022983788221,0.05924481838703058,0.045639236609891234,0.04780422737533347,0.08021752513851836,0.03615842396880772,0.055243176687871945,0.07378411656064027,0.04060127231684794,0.038949312538477325,0.0438231069156577,0.02183459880976811,0.024953827211163553,0.013318284424379233,0.03501949517750872,0.01373896983377796,0.03437307613379848,0.002688282372255284,0.0008721526780217525,0.0030474040632054175,0.008280320131335932,0.0022060332444079622,0.0004514672686230248,0.0003078185922429715,1.0260619741432382e-05,0.0,0.0,0.0,0.0,0.0,0.0,0.0,0.0,0.0,0.0,0.0,0.0,0.0,0.0,0.0,0.0,0.0,0.0,0.0,0.0,0.0,0.0,0.0,0.0,0.0,0.0,0.0,0.0,0.0,0.0,0.0,0.0,0.0,0.0,0.0,0.0,0.0,0.0,0.0,nan,nan,4.265654648956357,2.8935821859448563,nan,0.8353214016686734,0.034170059893902996,0.0,0.0,0.0,0.0,0.0,0.0,0.0,0.0,0.0,0.0,0.0,0.0,0.0,0.0,0.0,0.0,0.0,0.0,0.0,0.0,0.04846526655896609,0.09693053311793218,0.6421647819063007,2.823101777059765,10.722940226171247,11.171243941841682,3.441033925686592,0.7996768982229404,0.20597738287560585,0.04846526655896609,0.8371845590705219,0.03195115720665601,0.0,0.0,0.0,0.0,0.0,0.0,0.0,0.0,0.0,0.0,0.0,0.0,0.0,0.0,0.0,0.0,0.0,0.0,0.0,0.0,0.025031289111389243,0.06257822277847311,0.5882352941176472,2.2778473091364133,10.325406758448063,11.989987484355447,3.892365456821027,0.7008760951188988,0.13767209011264084,0.0,0.407,0.012726,0.0,0.0,0.0,0.0,0.0,0.0,0.0,0.0,0.0,0.0,0.012116316639741522,8.675282714054914,20.743134087237486,0.5694668820678515,0.0,0.0,0.0,0.0,0.0,0.0,0.0,0.0,0.0,0.0,0.0,0.0,0.0,0.0,0.0,0.0,0.4067,0.01265,0.0,0.0,0.0,0.0,0.0,0.0,0.0,0.0,0.0,0.0,0.012515644555694622,9.11138923654567,20.36295369211515,0.5131414267834794,0.0,0.0,0.0,0.0,0.0,0.0,0.0,0.0,0.0,0.0,0.0,0.0,0.0,0.0,0.0,0.0
90600,4884,2496,0.5110565110565111,1162,975,0.43755118755118755,1364,0.5585585585585585,0.40599999999999997,2.9836683417085426,3.1125161409258135,6.690721649484536,2.032523314900416,8370.904668304667,506.5761003128574,7853.0,8866.4,8866.4,0.0,7853.0,0.0,27.54176904176904,20.660770071957973,32.5,18.918913965221996,0.14250614250614252,0.10094185094185094,0.09664209664209664,0.0861998361998362,0.08046683046683047,0.0735053235053235,0.0735053235053235,0.05896805896805897,0.052006552006552006,0.05692055692055692,0.04873054873054873,0.04013104013104013,0.03480753480753481,0.02457002457002457,0.016994266994266993,0.007780507780507781,0.005323505323505323,0.8343961034931188,0.0327580090957941,0.0,0.0,0.0,0.0,0.0,0.0,0.0,0.0,0.0,0.0,0.0,0.0,0.0,0.0,0.0,0.0,0.0,0.0,0.0,0.0,0.006142506142506144,0.06756756756756759,0.5651105651105652,3.3169533169533065,10.780098280098283,11.05651105651106,3.323095823095824,0.681818181818182,0.1781326781326782,0.024570024570024575,4.300873503720479,2.850654918680319,3.619047619047619,2.836432878444844,0.8414680450185189,4.356594110115237,2.856622590624496,4.235483870967742,2.8442413112878855,0.9722007063117726,0.407,0.012794,0.0,0.0,0.0,0.0,0.0,0.0,0.0,0.0,0.0,0.0,0.030712530712530717,8.703931203931193,20.687960687960693,0.5773955773955775,0.0,0.0,0.0,0.0,0.0,0.0,0.0,0.0,0.0,0.0,0.0,0.0,0.0,0.0,0.0,0.0,nan,nan,4.296272493573265,2.8511056778758013,nan,0.407,0.07074,0.0,0.0,0.0,0.0,0.0,0.0,0.0,0.0,0.0,0.0,0.0,0.0,0.0,0.0,0.0,0.0,0.0,0.0,0.00011261261261261261,0.00020475020475020476,4.095004095004095e-05,0.0007678132678132678,0.0004402129402129402,0.012643325143325144,0.0005221130221130221,0.003235053235053235,0.019338656838656838,0.004934479934479935,0.020730958230958232,0.012694512694512694,0.012182637182637183,0.010063472563472564,0.0316031941031941,0.022010647010647012,0.047276822276822277,0.023832923832923833,0.049375511875511875,0.042782555282555285,0.06145577395577396,0.044993857493857495,0.0488943488943489,0.0800982800982801,0.033476658476658476,0.05437141687141687,0.07553235053235054,0.04183046683046683,0.04058149058149058,0.04334561834561835,0.022553235053235053,0.02423218673218673,0.013636363636363636,0.03385544635544636,0.014803439803439804,0.03360974610974611,0.0028767403767403768,0.0009111384111384111,0.0035012285012285013,0.007626945126945127,0.002446764946764947,0.00031736281736281736,0.00023546273546273547,2.0475020475020476e-05,0.0,0.0,0.0,0.0,0.0,0.0,0.0,0.0,0.0,0.0,0.0,0.0,0.0,0.0,0.0,0.0,0.0,0.0,0.0,0.0,0.0,0.0,0.0,0.0,0.0,0.0,0.0,0.0,0.0,0.0,0.0,0.0,0.0,0.0,0.0,0.0,0.0,0.0,0.0,nan,nan,4.296272493573265,2.8511056778758013,nan,0.8344537574702349,0.03302793225644654,0.0,0.0,0.0,0.0,0.0,0.0,0.0,0.0,0.0,0.0,0.0,0.0,0.0,0.0,0.0,0.0,0.0,0.0,0.0,0.0,0.012019230769230772,0.0841346153846154,0.5649038461538463,3.3052884615384515,10.468750000000004,11.346153846153848,3.3413461538461546,0.7091346153846155,0.14423076923076925,0.024038461538461543,0.8343358420497009,0.03247337090293998,0.0,0.0,0.0,0.0,0.0,0.0,0.0,0.0,0.0,0.0,0.0,0.0,0.0,0.0,0.0,0.0,0.0,0.0,0.0,0.0,0.0,0.050251256281407045,0.5653266331658292,3.329145728643206,11.105527638190958,10.753768844221108,3.3040201005025134,0.6532663316582916,0.21356783919597994,0.025125628140703522,0.4072,0.01273,0.0,0.0,0.0,0.0,0.0,0.0,0.0,0.0,0.0,0.0,0.024038461538461543,8.377403846153834,20.937500000000007,0.6610576923076925,0.0,0.0,0.0,0.0,0.0,0.0,0.0,0.0,0.0,0.0,0.0,0.0,0.0,0.0,0.0,0.0,0.407,0.012856,0.0,0.0,0.0,0.0,0.0,0.0,0.0,0.0,0.0,0.0,0.03768844221105528,9.045226130653253,20.427135678391963,0.48994974874371866,0.0,0.0,0.0,0.0,0.0,0.0,0.0,0.0,0.0,0.0,0.0,0.0,0.0,0.0,0.0,0.0
90700,4603,2432,0.5283510753856181,1161,918,0.45166195959157074,1258,0.546600043449924,0.43,3.00322432058959,3.0209599010873727,6.387820512820513,2.099354081027767,8388.430979795785,505.88479004608746,7853.0,8866.4,8866.4,0.0,7853.0,0.0,28.771887899196177,21.080226436651454,33.71590324240864,19.206132933232585,0.136650010862481,0.09493808385835324,0.08972409298283728,0.08038235933087116,0.07907886161199218,0.07408212035628937,0.0695198783402129,0.07169237453834455,0.05605040191179665,0.052357158374972845,0.051270910275907015,0.043449923962633065,0.03389094069085379,0.03128394525309581,0.017814468824679557,0.011079730610471432,0.006734738214208125,0.8337445611050407,0.033936141870162785,0.0,0.0,0.0,0.0,0.0,0.0,0.0,0.0,0.0,0.0,0.0,0.0,0.0,0.0,0.0,0.0,0.0,0.0,0.013034977188789923,0.013034977188789923,0.013034977188789923,0.07820986313273953,0.5409515533347817,3.2522268086030746,11.197045405170543,10.81251357810124,3.1544644796871615,0.6517488594394961,0.17597219204866396,0.09776232891592442,4.157104736490994,2.852091192876887,3.3636363636363638,2.3653839693195793,0.8091295689787226,4.101439790575916,2.852994756187883,4.201207243460765,2.845877603478123,1.0243249829277243,0.4075,0.01303,0.0,0.0,0.0,0.0,0.0,0.0,0.0,0.0,0.0,0.0,0.039104931566369766,8.420595263958276,20.895068433630243,0.6452313708451011,0.0,0.0,0.0,0.0,0.0,0.0,0.0,0.0,0.0,0.0,0.0,0.0,0.0,0.0,0.0,0.0,nan,nan,4.151324503311258,2.8496453074271035,nan,0.4075,0.07056,0.0,0.0,0.0,0.0,0.0,0.0,0.0,0.0,0.0,0.0,0.0,0.0,0.0,0.0,0.0,0.0,0.0,0.0,0.00022811210080382358,0.000162937214859874,3.25874429719748e-05,0.001097110580056485,0.0005105366065609385,0.012437540734303715,0.0007386487073647621,0.002281121008038236,0.019465565935259613,0.0051162285466000434,0.021138388007820988,0.01222029111449055,0.011318705192265913,0.010373669346078645,0.0309472083423854,0.022843797523354335,0.045709320008689984,0.02386487073647621,0.04818596567456007,0.04426461003693243,0.059863132739517703,0.045155333478166415,0.05069519878340213,0.07672170323701934,0.03430371496849881,0.057810123832283296,0.07402780795133608,0.040506191614164674,0.039267868781229634,0.046980230284597004,0.02462524440582229,0.023452096458831197,0.014729524223332608,0.03381490332391918,0.015055398653052356,0.03385835324788181,0.0029545948294590484,0.00081468607429937,0.0023897458179448186,0.007114925048881164,0.002237671084075603,0.00045622420160764716,0.00022811210080382358,0.0,0.0,0.0,0.0,0.0,0.0,0.0,0.0,0.0,0.0,0.0,0.0,0.0,0.0,0.0,0.0,0.0,0.0,0.0,0.0,0.0,0.0,0.0,0.0,0.0,0.0,0.0,0.0,0.0,0.0,0.0,0.0,0.0,0.0,0.0,0.0,0.0,0.0,0.0,0.0,nan,nan,4.151324503311258,2.8496453074271035,nan,0.8333977141025427,0.03326958881843759,0.0,0.0,0.0,0.0,0.0,0.0,0.0,0.0,0.0,0.0,0.0,0.0,0.0,0.0,0.0,0.0,0.0,0.0,0.024671052631578955,0.0,0.012335526315789477,0.08634868421052634,0.5057565789473685,3.170230263157885,11.422697368421055,10.929276315789476,2.9728618421052637,0.6784539473684212,0.12335526315789476,0.07401315789473685,0.8341331064344166,0.03466349121360004,0.0,0.0,0.0,0.0,0.0,0.0,0.0,0.0,0.0,0.0,0.0,0.0,0.0,0.0,0.0,0.0,0.0,0.0,0.0,0.027637033625057584,0.013818516812528792,0.06909258406264396,0.5803777061262092,3.344081068631956,10.944265315522802,10.681713496084756,3.3578995854444966,0.6218332565637956,0.23491478581298947,0.12436665131275912,0.4075,0.013374,0.0,0.0,0.0,0.0,0.0,0.0,0.0,0.0,0.0,0.0,0.037006578947368425,8.61019736842104,20.587993421052637,0.7648026315789476,0.0,0.0,0.0,0.0,0.0,0.0,0.0,0.0,0.0,0.0,0.0,0.0,0.0,0.0,0.0,0.0,0.4075,0.01263,0.0,0.0,0.0,0.0,0.0,0.0,0.0,0.0,0.0,0.0,0.04145555043758637,8.208198986642088,21.239060340856753,0.5112851220635652,0.0,0.0,0.0,0.0,0.0,0.0,0.0,0.0,0.0,0.0,0.0,0.0,0.0,0.0,0.0,0.0
90800,5070,2565,0.5059171597633136,1225,1073,0.4532544378698225,1467,0.578698224852071,0.3539999999999999,2.9005988023952094,3.0541519203885286,6.482566248256624,2.1482801262501345,8365.696449704143,506.66451680667905,7853.0,8866.4,8866.4,0.0,7853.0,0.0,27.959960552268246,20.73404841574676,32.67031942177664,19.06730438334905,0.1329388560157791,0.1039447731755424,0.0932938856015779,0.08224852071005917,0.08481262327416174,0.07830374753451677,0.07297830374753451,0.06548323471400394,0.058579881656804736,0.051479289940828406,0.04063116370808678,0.03747534516765286,0.035700197238658776,0.02504930966469428,0.01932938856015779,0.011637080867850098,0.00611439842209073,0.834723876719409,0.03359208691814842,0.0,0.0,0.0,0.0,0.0,0.0,0.0,0.0,0.0,0.0,0.0,0.0,0.0,0.0,0.0,0.0,0.0,0.0,0.0,0.0,0.023668639053254444,0.11834319526627221,0.5325443786982249,3.1065088757396353,10.792899408284027,11.153846153846157,3.3491124260355036,0.7041420118343197,0.17159763313609472,0.04733727810650889,4.216804661146887,2.9154348792212468,3.9411764705882355,2.9499868042634905,0.9346357698049769,4.179644389944819,2.893401888839675,4.247596153846154,2.9374478703041587,1.016257785964952,0.407,0.01275,0.0,0.0,0.0,0.0,0.0,0.0,0.0,0.0,0.0,0.0,0.005917159763313611,8.520710059171584,20.92307692307693,0.5502958579881657,0.0,0.0,0.0,0.0,0.0,0.0,0.0,0.0,0.0,0.0,0.0,0.0,0.0,0.0,0.0,0.0,nan,nan,4.213960546282246,2.9159265356688273,nan,0.407,0.0702,0.0,0.0,0.0,0.0,0.0,0.0,0.0,0.0,0.0,0.0,0.0,0.0,0.0,0.0,0.0,0.0,0.0,0.0,0.00021696252465483234,0.0002662721893491124,0.0,0.0009368836291913214,0.0002662721893491124,0.011745562130177516,0.0007495069033530572,0.0019132149901380671,0.019043392504930968,0.006735700197238658,0.021804733727810652,0.01064102564102564,0.011725838264299803,0.010059171597633136,0.03193293885601578,0.02378698224852071,0.04603550295857988,0.023777120315581855,0.04712031558185404,0.04554240631163708,0.06084812623274162,0.04650887573964497,0.04921104536489152,0.07481262327416173,0.03422090729783037,0.05803747534516765,0.07824457593688362,0.04011834319526627,0.03796844181459566,0.04628205128205128,0.02423076923076923,0.02378698224852071,0.015729783037475346,0.03290927021696252,0.014013806706114398,0.03255424063116371,0.0029092702169625246,0.0010453648915187378,0.002504930966469428,0.007041420118343195,0.0022978303747534516,0.0001873767258382643,0.00021696252465483234,0.0,1.972386587771203e-05,0.0,0.0,0.0,0.0,0.0,0.0,0.0,0.0,0.0,0.0,0.0,0.0,0.0,0.0,0.0,0.0,0.0,0.0,0.0,0.0,0.0,0.0,0.0,0.0,0.0,0.0,0.0,0.0,0.0,0.0,0.0,0.0,0.0,0.0,0.0,0.0,0.0,0.0,nan,nan,4.213960546282246,2.9159265356688273,nan,0.8357079636748539,0.03362557268441637,0.0,0.0,0.0,0.0,0.0,0.0,0.0,0.0,0.0,0.0,0.0,0.0,0.0,0.0,0.0,0.0,0.0,0.0,0.0,0.0,0.0,0.09356725146198833,0.5614035087719299,3.0877192982456045,10.57309941520468,11.239766081871348,3.4970760233918137,0.7485380116959066,0.14035087719298248,0.0584795321637427,0.8337162188189234,0.03352784751555603,0.0,0.0,0.0,0.0,0.0,0.0,0.0,0.0,0.0,0.0,0.0,0.0,0.0,0.0,0.0,0.0,0.0,0.0,0.0,0.0,0.04790419161676648,0.14371257485029942,0.502994011976048,3.125748502994002,11.01796407185629,11.065868263473057,3.1976047904191622,0.6586826347305391,0.20359281437125754,0.035928143712574856,0.4072,0.01271,0.0,0.0,0.0,0.0,0.0,0.0,0.0,0.0,0.0,0.0,0.01169590643274854,8.491228070175426,21.017543859649127,0.47953216374269014,0.0,0.0,0.0,0.0,0.0,0.0,0.0,0.0,0.0,0.0,0.0,0.0,0.0,0.0,0.0,0.0,0.407,0.01279,0.0,0.0,0.0,0.0,0.0,0.0,0.0,0.0,0.0,0.0,0.0,8.550898203592803,20.826347305389227,0.6227544910179642,0.0,0.0,0.0,0.0,0.0,0.0,0.0,0.0,0.0,0.0,0.0,0.0,0.0,0.0,0.0,0.0
90900,4094,2114,0.5163654127992183,996,803,0.4394235466536395,1126,0.5500732779677577,0.438,3.0005050505050503,3.131059740480744,6.54816112084063,2.186339362019076,8376.284709330728,506.4285116543252,7853.0,8866.4,8866.4,0.0,7853.0,0.0,29.28798241328774,21.544692693948583,34.156303972366146,19.747092124263133,0.1306790425012213,0.10136785539814362,0.08768930141670737,0.08085002442598925,0.07547630679042501,0.0723009281875916,0.06619443087445041,0.06814851001465559,0.059843673668783584,0.054469956033219344,0.04469956033219345,0.04469956033219345,0.038104543234000976,0.03321934538348803,0.020273571079628724,0.012945774303859306,0.00903761602344895,0.8351094520959729,0.033159452438341536,0.0,0.0,0.0,0.0,0.0,0.0,0.0,0.0,0.0,0.0,0.0,0.0,0.0,0.0,0.0,0.0,0.0,0.0,0.0,0.0,0.00732779677576942,0.09526135808500247,0.6228627259404007,2.982413287738144,10.654616511968737,11.138251099169517,3.6638983878847102,0.6668295065950172,0.16121152906692723,0.00732779677576942,4.249437359339835,2.8927519012015366,3.3333333333333335,2.9533408577782247,0.7844175714243682,4.208333333333333,2.9360326460059496,4.274145616641902,2.8522091054432193,1.015638562370353,0.4072,0.01297,0.0,0.0,0.0,0.0,0.0,0.0,0.0,0.0,0.0,0.0,0.01465559355153884,8.353688324377124,20.935515388373233,0.6961406936980948,0.0,0.0,0.0,0.0,0.0,0.0,0.0,0.0,0.0,0.0,0.0,0.0,0.0,0.0,0.0,0.0,nan,nan,4.241263940520446,2.89458022604008,nan,0.4072,0.0701,0.0,0.0,0.0,0.0,0.0,0.0,0.0,0.0,0.0,0.0,0.0,0.0,0.0,0.0,0.0,0.0,0.0,0.0,7.327796775769418e-05,0.00041524181729360037,0.0,0.000903761602344895,0.00026868588177821203,0.011113825109916951,0.0007449926722032243,0.001709819247679531,0.017928676111382512,0.0064851001465559355,0.022129946262823646,0.009782608695652175,0.012530532486565707,0.010979482169027846,0.03186370297997069,0.023644357596482656,0.04592085979482169,0.025390815828041036,0.04763067904250122,0.0482657547630679,0.06062530532486566,0.04456521739130435,0.04649487054225696,0.07861504640937958,0.03274303859306302,0.058402540302882264,0.07758915486077186,0.04053492916463117,0.03558866634098681,0.045884220810942844,0.0225085490962384,0.024670249145090375,0.017122618466047877,0.03169272105520274,0.015583781143136298,0.032523204689789934,0.0031387396189545675,0.0015021983390327309,0.0027967757694186616,0.0068759159745969715,0.002210552027357108,0.00020762090864680018,0.00034196384953590623,0.0,0.0,0.0,0.0,0.0,0.0,0.0,0.0,0.0,0.0,0.0,0.0,0.0,0.0,0.0,0.0,0.0,0.0,0.0,0.0,0.0,0.0,0.0,0.0,0.0,0.0,0.0,0.0,0.0,0.0,0.0,0.0,0.0,0.0,0.0,0.0,0.0,0.0,0.0,0.0,nan,nan,4.241263940520446,2.89458022604008,nan,0.8348039728972635,0.03314102426192097,0.0,0.0,0.0,0.0,0.0,0.0,0.0,0.0,0.0,0.0,0.0,0.0,0.0,0.0,0.0,0.0,0.0,0.0,0.0,0.0,0.014191106906338697,0.11352885525070958,0.65279091769158,2.923368022705762,10.842005676442763,10.941343424787135,3.760643330179755,0.5960264900662253,0.15610217596972567,0.0,0.8354356051394434,0.03317601183653009,0.0,0.0,0.0,0.0,0.0,0.0,0.0,0.0,0.0,0.0,0.0,0.0,0.0,0.0,0.0,0.0,0.0,0.0,0.0,0.0,0.0,0.07575757575757577,0.590909090909091,3.0454545454545356,10.454545454545457,11.34848484848485,3.5606060606060614,0.7424242424242425,0.16666666666666669,0.015151515151515155,0.4075,0.01298,0.0,0.0,0.0,0.0,0.0,0.0,0.0,0.0,0.0,0.0,0.0,8.216650898770093,21.102175969725643,0.6811731315042574,0.0,0.0,0.0,0.0,0.0,0.0,0.0,0.0,0.0,0.0,0.0,0.0,0.0,0.0,0.0,0.0,0.407,0.012955,0.0,0.0,0.0,0.0,0.0,0.0,0.0,0.0,0.0,0.0,0.03030303030303031,8.499999999999988,20.75757575757576,0.7121212121212123,0.0,0.0,0.0,0.0,0.0,0.0,0.0,0.0,0.0,0.0,0.0,0.0,0.0,0.0,0.0,0.0
91000,4613,2399,0.520052026880555,1084,954,0.4417949273791459,1316,0.5705614567526556,0.39399999999999996,2.875338753387534,3.0005715727665825,6.460912052117264,2.054058463485951,8380.020724040754,506.29236432565256,7853.0,8866.4,8866.399999999998,1.8189894035458565e-12,7853.0,0.0,27.61218296119662,20.715372096184247,32.528043422072884,19.005693582374036,0.14199002818122697,0.10166919575113809,0.09755040104053761,0.08259267288098851,0.08259267288098851,0.0763060914805983,0.06828528072837632,0.0637329286798179,0.05636245393453284,0.05181010188597442,0.04812486451333189,0.039887275092130935,0.02969867765011923,0.02536310427053978,0.017775850856275744,0.01040537611099068,0.0058530240624322565,0.8350821496244886,0.03274835449541977,0.0,0.0,0.0,0.0,0.0,0.0,0.0,0.0,0.0,0.0,0.0,0.0,0.0,0.0,0.0,0.0,0.0,0.0,0.0,0.0,0.006503360069369176,0.07153696076306093,0.5592889659657491,3.030565792326026,10.906134836332107,11.101235638413183,3.4272707565575553,0.702362887491871,0.15608064166486021,0.039020160416215054,4.2830317514510075,2.8547616854403004,3.9411764705882355,3.038393310622343,0.9201838088762807,4.295967190704033,2.8350465362850183,4.266351989211059,2.8763915643969744,0.9931062784750643,0.4072,0.01274,0.0,0.0,0.0,0.0,0.0,0.0,0.0,0.0,0.0,0.0,0.019510080208107527,8.56492521135919,20.830262302189468,0.5853024062432257,0.0,0.0,0.0,0.0,0.0,0.0,0.0,0.0,0.0,0.0,0.0,0.0,0.0,0.0,0.0,0.0,nan,nan,4.281059063136456,2.8559725947963455,nan,0.4072,0.0699,0.0,0.0,0.0,0.0,0.0,0.0,0.0,0.0,0.0,0.0,0.0,0.0,0.0,0.0,0.0,0.0,0.0,0.0,0.00010838933448948623,0.0006069802731411229,0.0,0.0007912421417732496,0.00010838933448948623,0.011879471060047692,0.0006286581400390201,0.0011922826793843485,0.01740732711901149,0.007262085410795578,0.022089746368957296,0.009180576631259483,0.011586819856926079,0.011630175590721874,0.03248428354649902,0.02243659223932365,0.044916540212443096,0.02590505094298721,0.04541513115109473,0.049393019726858875,0.06237806199869933,0.04284630392369391,0.049187079991328854,0.07974203338391503,0.03276609581617169,0.0571103403425103,0.07888575764144808,0.03943203988727509,0.03651636678950791,0.0472360719705181,0.022479947973119446,0.022176457836548882,0.018306958595274224,0.029351831779752872,0.01597658790375027,0.03510730544114459,0.003425102969867765,0.0014849338825059614,0.0019510080208107522,0.005777151528289616,0.0020919141556470845,0.00028181226967266424,0.0004552352048558422,1.0838933448948623e-05,0.0,0.0,0.0,0.0,0.0,0.0,0.0,0.0,0.0,0.0,0.0,0.0,0.0,0.0,0.0,0.0,0.0,0.0,0.0,0.0,0.0,0.0,0.0,0.0,0.0,0.0,0.0,0.0,0.0,0.0,0.0,0.0,0.0,0.0,0.0,0.0,0.0,0.0,0.0,nan,nan,4.281059063136456,2.8559725947963455,nan,0.8348743948602537,0.03256621775787854,0.0,0.0,0.0,0.0,0.0,0.0,0.0,0.0,0.0,0.0,0.0,0.0,0.0,0.0,0.0,0.0,0.0,0.0,0.0,0.0,0.0,0.08753647353063779,0.6002501042100876,2.963734889537298,10.967069612338477,10.91704877032097,3.601500625260526,0.7253022092538559,0.12505210504376826,0.012505210504376826,0.8353072642041631,0.03294309480353885,0.0,0.0,0.0,0.0,0.0,0.0,0.0,0.0,0.0,0.0,0.0,0.0,0.0,0.0,0.0,0.0,0.0,0.0,0.0,0.0,0.013550135501355016,0.054200542005420065,0.5149051490514907,3.1029810298102887,10.840108401084013,11.300813008130085,3.238482384823849,0.6775067750677508,0.18970189701897025,0.06775067750677508,0.4075,0.01276,0.0,0.0,0.0,0.0,0.0,0.0,0.0,0.0,0.0,0.0,0.012505210504376826,8.403501458941214,21.021258857857447,0.5627344726969572,0.0,0.0,0.0,0.0,0.0,0.0,0.0,0.0,0.0,0.0,0.0,0.0,0.0,0.0,0.0,0.0,0.407,0.01272,0.0,0.0,0.0,0.0,0.0,0.0,0.0,0.0,0.0,0.0,0.027100271002710032,8.73983739837397,20.623306233062333,0.6097560975609757,0.0,0.0,0.0,0.0,0.0,0.0,0.0,0.0,0.0,0.0,0.0,0.0,0.0,0.0,0.0,0.0
91100,4527,2335,0.5157941241440247,1125,948,0.4579191517561299,1297,0.573006406008394,0.41,3.0346715328467155,3.1284371581819044,6.5340729001584785,2.239615031105576,8375.705765407554,506.44713986132666,7853.0,8866.4,8866.4,0.0,7853.0,0.0,28.079743759664236,20.680526213283553,32.81445720250522,18.93815530275145,0.13408438259332892,0.09741550695825049,0.09255577645239674,0.08769604594654297,0.08394079964656505,0.07576761652308373,0.07267506074663133,0.06450187762314999,0.06096752816434725,0.05721228186436934,0.043074884029158385,0.03644797879390325,0.02960017671747294,0.029379279876297768,0.01811354097636404,0.010161254694057875,0.006406008394079964,0.8338113720774625,0.0347308286713545,0.0,0.0,0.0,0.0,0.0,0.0,0.0,0.0,0.0,0.0,0.0,0.0,0.0,0.0,0.0,0.0,0.0,0.0,0.0,0.0,0.006626905235255137,0.13253810470510274,0.7554671968190857,3.0815109343936284,11.073558648111336,10.815109343936383,3.127899271040425,0.7024519549370446,0.22531477799867466,0.07952286282306165,4.281068127353646,2.8943654352311765,4.256410256410256,3.044271195826837,0.994240252616902,4.3505708529214235,2.9300098463396713,4.207482993197279,2.859489237379704,0.967110555244018,0.4075,0.012924,0.0,0.0,0.0,0.0,0.0,0.0,0.0,0.0,0.0,0.0,0.013253810470510274,8.13121272365804,21.332007952286286,0.5235255135851559,0.0,0.0,0.0,0.0,0.0,0.0,0.0,0.0,0.0,0.0,0.0,0.0,0.0,0.0,0.0,0.0,nan,nan,4.2807432432432435,2.896392348556851,nan,0.4075,0.0694,0.0,0.0,0.0,0.0,0.0,0.0,0.0,0.0,0.0,0.0,0.0,0.0,0.0,0.0,0.0,0.0,0.0,0.0,6.626905235255136e-05,0.0005743317870554451,0.0,0.0006737353655842721,0.0001656726308813784,0.011950519107576761,0.00046388336646785953,0.0009940357852882703,0.016136514247846255,0.0068146675502540315,0.020753258228407335,0.008780649436713054,0.012326043737574552,0.011696487740225315,0.031610337972166995,0.020918930859288712,0.0476805831676607,0.027236580516898607,0.046896399381488846,0.048829246741771595,0.06306604815551138,0.04104263309034681,0.04884029158383035,0.08081510934393638,0.03189750386569472,0.05699138502319417,0.07762314998895516,0.04150651645681467,0.037784404683013036,0.04770267285177822,0.023735365584272146,0.021835652750165673,0.01826816876518666,0.02891539650982991,0.015275016567263088,0.03480229732714822,0.003379721669980119,0.0016788159929313012,0.0022973271482217804,0.005356748398497901,0.0021206096752816434,0.00023194168323392977,0.0002650762094102054,0.0,0.0,0.0,0.0,0.0,0.0,0.0,0.0,0.0,0.0,0.0,0.0,0.0,0.0,0.0,0.0,0.0,0.0,0.0,0.0,0.0,0.0,0.0,0.0,0.0,0.0,0.0,0.0,0.0,0.0,0.0,0.0,0.0,0.0,0.0,0.0,0.0,0.0,0.0,0.0,nan,nan,4.2807432432432435,2.896392348556851,nan,0.8344974660771307,0.03550765410763074,0.0,0.0,0.0,0.0,0.0,0.0,0.0,0.0,0.0,0.0,0.0,0.0,0.0,0.0,0.0,0.0,0.0,0.0,0.0,0.0,0.012847965738758033,0.14132762312633834,0.7965738758029981,3.0706638115631595,10.766595289079232,10.895074946466812,3.1862955032119924,0.770877944325482,0.29550321199143476,0.06423982869379016,0.8330805192082903,0.03386845581212049,0.0,0.0,0.0,0.0,0.0,0.0,0.0,0.0,0.0,0.0,0.0,0.0,0.0,0.0,0.0,0.0,0.0,0.0,0.0,0.0,0.0,0.12317518248175185,0.7116788321167885,3.0930656934306473,11.400547445255478,10.729927007299272,3.065693430656935,0.6295620437956205,0.15054744525547448,0.09580291970802922,0.408,0.012856,0.0,0.0,0.0,0.0,0.0,0.0,0.0,0.0,0.0,0.0,0.012847965738758033,7.618843683083501,21.841541755888656,0.5267665952890793,0.0,0.0,0.0,0.0,0.0,0.0,0.0,0.0,0.0,0.0,0.0,0.0,0.0,0.0,0.0,0.0,0.407,0.012985,0.0,0.0,0.0,0.0,0.0,0.0,0.0,0.0,0.0,0.0,0.013686131386861318,8.677007299270059,20.78923357664234,0.52007299270073,0.0,0.0,0.0,0.0,0.0,0.0,0.0,0.0,0.0,0.0,0.0,0.0,0.0,0.0,0.0,0.0
91200,4453,2259,0.5072984504828205,1063,982,0.4592409611497867,1294,0.5811812261396812,0.38999999999999996,2.8058340929808567,2.9278225069933166,6.226130653266332,2.0982853180780854,8367.09624971929,506.6460159619236,7853.0,8866.4,8866.4,0.0,7853.0,0.0,27.789580058387603,20.80619583152393,32.8040794417606,19.04521118919765,0.1408039523916461,0.09678868178755895,0.09431843700875814,0.08780597350101055,0.08353918706490007,0.0752301818998428,0.0729845048282057,0.06130698405569279,0.05995957781271053,0.05546822366943634,0.040422187289467774,0.037278239389175835,0.03143947900291938,0.025600718616662924,0.01886368740175163,0.010779249943858073,0.007410734336402425,0.8320626794636022,0.03531050700493752,0.0,0.0,0.0,0.0,0.0,0.0,0.0,0.0,0.0,0.0,0.0,0.0,0.0,0.0,0.0,0.0,0.0,0.0,0.0,0.0,0.006737031214911297,0.17516281158769373,0.7814956209297105,3.5436784190433306,11.284527284976424,10.422187289467777,2.7958679541881883,0.7208623399955089,0.18189984280260504,0.08758140579384686,4.138407079646018,2.7765696561629962,4.296296296296297,2.9977128913348543,1.038152171502612,4.147058823529412,2.785154427857813,4.1386206896551725,2.7756499383498623,0.9979652726828074,0.4075,0.012955,0.0,0.0,0.0,0.0,0.0,0.0,0.0,0.0,0.0,0.0,0.02694812485964519,8.252863238266325,21.13406692117674,0.5861217156972829,0.0,0.0,0.0,0.0,0.0,0.0,0.0,0.0,0.0,0.0,0.0,0.0,0.0,0.0,0.0,0.0,nan,nan,4.1413685307398405,2.7809618612830156,nan,0.4075,0.06995,0.0,0.0,0.0,0.0,0.0,0.0,0.0,0.0,0.0,0.0,0.0,0.0,0.0,0.0,0.0,0.0,0.0,0.0,0.00016842578037278239,0.0004715921850437907,0.0,0.0009656411408039524,5.614192679092747e-05,0.012362452279362227,0.00020211093644733886,0.0008982708286548395,0.015921850437907028,0.007275993712104199,0.021232876712328767,0.007309678868178756,0.014293734560970132,0.01116101504603638,0.03206826858297777,0.022355715248147317,0.04891084662025601,0.02727374803503256,0.045980238041769594,0.048686278913092296,0.06225016842578037,0.0404783292162587,0.047978890635526614,0.0824275769144397,0.030350325623175387,0.055973501010554684,0.07444419492476982,0.04148888389849539,0.03816528183247249,0.05033685156074556,0.02256905456995284,0.020716370985852234,0.016281158769368965,0.030013474062429824,0.01641589939366719,0.03566135189759712,0.0035257130024702447,0.002526386705591736,0.0021446216034134292,0.0061082416348529085,0.0021446216034134292,0.0001459690096564114,0.00025825286323826634,0.0,0.0,0.0,0.0,0.0,0.0,0.0,0.0,0.0,0.0,0.0,0.0,0.0,0.0,0.0,0.0,0.0,0.0,0.0,0.0,0.0,0.0,0.0,0.0,0.0,0.0,0.0,0.0,0.0,0.0,0.0,0.0,0.0,0.0,0.0,0.0,0.0,0.0,0.0,0.0,nan,nan,4.1413685307398405,2.7809618612830156,nan,0.8322272035810683,0.0350583370760784,0.0,0.0,0.0,0.0,0.0,0.0,0.0,0.0,0.0,0.0,0.0,0.0,0.0,0.0,0.0,0.0,0.0,0.0,0.0,0.0,0.0,0.2124833997343958,0.7436918990703854,3.3864541832669217,11.487383798140774,10.491367861885792,2.6427622841965475,0.810092961487384,0.13280212483399736,0.09296148738379817,0.8318932811129387,0.035567484596612436,0.0,0.0,0.0,0.0,0.0,0.0,0.0,0.0,0.0,0.0,0.0,0.0,0.0,0.0,0.0,0.0,0.0,0.0,0.0,0.0,0.01367365542388332,0.1367365542388332,0.8204193254329993,3.7055606198723674,11.07566089334549,10.350957155879673,2.9535095715587976,0.6289881494986327,0.23245214220601645,0.08204193254329992,0.4075,0.01298,0.0,0.0,0.0,0.0,0.0,0.0,0.0,0.0,0.0,0.0,0.03984063745019921,8.193891102257625,21.11553784860558,0.6507304116865871,0.0,0.0,0.0,0.0,0.0,0.0,0.0,0.0,0.0,0.0,0.0,0.0,0.0,0.0,0.0,0.0,0.4075,0.012924,0.0,0.0,0.0,0.0,0.0,0.0,0.0,0.0,0.0,0.0,0.01367365542388332,8.313582497721045,21.153144940747495,0.5195989061075662,0.0,0.0,0.0,0.0,0.0,0.0,0.0,0.0,0.0,0.0,0.0,0.0,0.0,0.0,0.0,0.0
91300,4499,2242,0.49833296288064016,1046,943,0.44209824405423426,1296,0.5761280284507668,0.40599999999999997,2.937527691626052,3.0603291111787434,6.398782343987824,2.1423891078915056,8358.01062458324,506.69718374064513,7853.0,8866.4,8866.4,0.0,7853.0,0.0,28.251389197599465,21.235157486954982,33.44077721586372,19.39284744577165,0.14469882196043565,0.09624360969104245,0.09468770837963993,0.07823960880195599,0.08357412758390753,0.07512780617915092,0.06379195376750389,0.06534785507890642,0.05401200266725939,0.05334518781951545,0.05112247166036897,0.03711935985774616,0.03711935985774616,0.0242276061346966,0.022671704823294066,0.012002667259390976,0.006668148477439431,0.8298291598168658,0.03398189814709384,0.0,0.0,0.0,0.0,0.0,0.0,0.0,0.0,0.0,0.0,0.0,0.0,0.0,0.0,0.0,0.0,0.0,0.0,0.0,0.006668148477439432,0.07334963325183376,0.10669037563903092,0.8268504112024897,3.794176483663024,11.422538341853748,10.342298288508559,2.7272727272727275,0.5201155812402757,0.16003556345854636,0.020004445432318295,4.288454830833624,2.78232799914712,3.875,2.6030831079062127,0.9035888572590484,4.311294765840221,2.817117927954056,4.253077975376197,2.7430251242919983,0.9864966805505172,0.4077,0.012794,0.0,0.0,0.0,0.0,0.0,0.0,0.0,0.0,0.0,0.0,0.04000889086463659,8.281840408979763,20.99133140697933,0.6868192931762616,0.0,0.0,0.0,0.0,0.0,0.0,0.0,0.0,0.0,0.0,0.0,0.0,0.0,0.0,0.0,0.0,nan,nan,4.281646655231561,2.779968045033647,nan,0.4077,0.07025,0.0,0.0,0.0,0.0,0.0,0.0,0.0,0.0,0.0,0.0,0.0,0.0,0.0,0.0,0.0,0.0,0.0,0.0,0.00033340742387197157,0.0004445432318292954,0.0,0.0003889753278506335,2.222716159146477e-05,0.013025116692598355,0.00041120248944209823,0.0007001555901311403,0.014614358746388086,0.006868192931762614,0.021849299844409868,0.00750166703711936,0.01634807735052234,0.011313625250055567,0.033307401644809956,0.022538341853745276,0.046888197377194935,0.028306290286730384,0.04482107134918871,0.0472549455434541,0.06100244498777506,0.03970882418315181,0.04895532340520115,0.08625250055567904,0.02809513225161147,0.05461213603022894,0.07339408757501667,0.04223160702378306,0.03800844632140476,0.04836630362302734,0.02372749499888864,0.020793509668815293,0.016325850188930874,0.03080684596577017,0.01704823294065348,0.03777506112469438,0.00293398533007335,0.002200488997555012,0.0016336963769726606,0.006823738608579684,0.002089353189597688,6.668148477439431e-05,0.00020004445432318294,1.1113580795732385e-05,0.0,0.0,0.0,0.0,0.0,0.0,0.0,0.0,0.0,0.0,0.0,0.0,0.0,0.0,0.0,0.0,0.0,0.0,0.0,0.0,0.0,0.0,0.0,0.0,0.0,0.0,0.0,0.0,0.0,0.0,0.0,0.0,0.0,0.0,0.0,0.0,0.0,0.0,0.0,nan,nan,4.281646655231561,2.779968045033647,nan,0.830273332072623,0.034313774742218556,0.0,0.0,0.0,0.0,0.0,0.0,0.0,0.0,0.0,0.0,0.0,0.0,0.0,0.0,0.0,0.0,0.0,0.0,0.0,0.013380909901873331,0.08028545941123998,0.10704727921498665,0.8831400535236398,3.479036574487054,11.454058876003572,10.557537912578058,2.6360392506690458,0.6021409455842999,0.1739518287243533,0.013380909901873331,0.8293879395255908,0.0336431813210064,0.0,0.0,0.0,0.0,0.0,0.0,0.0,0.0,0.0,0.0,0.0,0.0,0.0,0.0,0.0,0.0,0.0,0.0,0.0,0.0,0.0664599025254763,0.1063358440407621,0.7709348692955252,4.107221976074422,11.39122729286664,10.12848914488259,2.817899867080196,0.43863535666814363,0.14621178555604789,0.026583961010190525,0.408,0.01273,0.0,0.0,0.0,0.0,0.0,0.0,0.0,0.0,0.0,0.0,0.06690454950936665,8.001784121320238,21.2221231043711,0.7091882247992866,0.0,0.0,0.0,0.0,0.0,0.0,0.0,0.0,0.0,0.0,0.0,0.0,0.0,0.0,0.0,0.0,0.4075,0.012856,0.0,0.0,0.0,0.0,0.0,0.0,0.0,0.0,0.0,0.0,0.013291980505095263,8.560035445281335,20.7620735489588,0.6645990252547631,0.0,0.0,0.0,0.0,0.0,0.0,0.0,0.0,0.0,0.0,0.0,0.0,0.0,0.0,0.0,0.0
91400,4530,2305,0.5088300220750552,1092,929,0.44613686534216335,1280,0.565121412803532,0.40599999999999997,2.964943820224719,3.1078924986814918,6.523956723338485,2.089710817198917,8368.64834437086,506.62097976003747,7853.0,8866.4,8866.4,0.0,7853.0,0.0,28.14083885209713,20.907396711820006,32.88233759457344,19.233104872879334,0.13245033112582782,0.1,0.09911699779249449,0.08918322295805739,0.08189845474613687,0.07130242825607064,0.06357615894039735,0.06291390728476821,0.06181015452538632,0.052980132450331126,0.0456953642384106,0.04370860927152318,0.03532008830022075,0.024724061810154525,0.015231788079470199,0.012582781456953643,0.0075055187637969095,0.8288329244054706,0.034323965511517784,0.0,0.0,0.0,0.0,0.0,0.0,0.0,0.0,0.0,0.0,0.0,0.0,0.0,0.0,0.0,0.0,0.0,0.0,0.0,0.0066225165562913925,0.019867549668874177,0.16556291390728478,0.8344370860927154,4.231788079470186,11.920529801324507,9.602649006622519,2.3973509933774837,0.6158940397350995,0.14569536423841062,0.05960264900662253,4.269775474956822,2.912204404210467,4.5476190476190474,2.73602406137064,1.06507217400349,4.390243902439025,2.9626422315227527,4.15605749486653,2.850894031173697,0.9466575404973762,0.4072,0.01265,0.0,0.0,0.0,0.0,0.0,0.0,0.0,0.0,0.0,0.0,0.04635761589403975,8.48344370860926,20.960264900662256,0.5099337748344371,0.0,0.0,0.0,0.0,0.0,0.0,0.0,0.0,0.0,0.0,0.0,0.0,0.0,0.0,0.0,0.0,nan,nan,4.273748723186926,2.909947132529329,nan,0.4072,0.06995,0.0,0.0,0.0,0.0,0.0,0.0,0.0,0.0,0.0,0.0,0.0,0.0,0.0,0.0,0.0,0.0,0.0,3.3112582781456954e-05,0.00018763796909492274,0.00045253863134657837,0.0,0.00023178807947019868,1.1037527593818985e-05,0.013399558498896248,0.0005849889624724062,0.0006732891832229581,0.01532008830022075,0.0069094922737306845,0.020805739514348786,0.007748344370860927,0.01586092715231788,0.012008830022075055,0.03467991169977925,0.022207505518763798,0.047516556291390726,0.03108167770419426,0.04129139072847682,0.04736203090507726,0.05859823399558499,0.0404635761589404,0.047958057395143486,0.08580573951434879,0.030375275938189845,0.056677704194260485,0.07642384105960265,0.04054083885209713,0.03771523178807947,0.04768211920529802,0.024083885209713024,0.01911699779249448,0.016644591611479027,0.032417218543046356,0.016136865342163357,0.03536423841059603,0.0037969094922737307,0.002737306843267108,0.001467991169977925,0.00576158940397351,0.0017328918322295807,9.933774834437086e-05,3.3112582781456954e-05,0.0,0.0,0.0,0.0,0.0,0.0,0.0,0.0,0.0,0.0,0.0,0.0,0.0,0.0,0.0,0.0,0.0,0.0,0.0,0.0,0.0,0.0,0.0,0.0,0.0,0.0,0.0,0.0,0.0,0.0,0.0,0.0,0.0,0.0,0.0,0.0,0.0,0.0,0.0,0.0,nan,nan,4.273748723186926,2.909947132529329,nan,0.8283589116921911,0.03441881840832427,0.0,0.0,0.0,0.0,0.0,0.0,0.0,0.0,0.0,0.0,0.0,0.0,0.0,0.0,0.0,0.0,0.0,0.0,0.0,0.0,0.0,0.20824295010845992,0.9761388286334058,4.216919739696299,12.052060737527118,9.370932754880696,2.38177874186551,0.5726681127982648,0.1431670281995662,0.07809110629067247,0.829323980272486,0.0342185009962931,0.0,0.0,0.0,0.0,0.0,0.0,0.0,0.0,0.0,0.0,0.0,0.0,0.0,0.0,0.0,0.0,0.0,0.0,0.0,0.013483146067415734,0.040449438202247195,0.1213483146067416,0.6876404494382024,4.247191011235942,11.784269662921352,9.842696629213485,2.413483146067416,0.6606741573033709,0.14831460674157307,0.040449438202247195,0.4072,0.01271,0.0,0.0,0.0,0.0,0.0,0.0,0.0,0.0,0.0,0.0,0.02603036876355749,8.36876355748372,21.071583514099785,0.5336225596529285,0.0,0.0,0.0,0.0,0.0,0.0,0.0,0.0,0.0,0.0,0.0,0.0,0.0,0.0,0.0,0.0,0.4072,0.01258,0.0,0.0,0.0,0.0,0.0,0.0,0.0,0.0,0.0,0.0,0.06741573033707866,8.602247191011223,20.84494382022472,0.4853932584269664,0.0,0.0,0.0,0.0,0.0,0.0,0.0,0.0,0.0,0.0,0.0,0.0,0.0,0.0,0.0,0.0
91500,4531,2353,0.5193114102847054,1098,931,0.4478040167733392,1278,0.5641138821452218,0.418,2.981175390266299,3.081702583496943,6.531914893617022,2.2166339100726375,8379.270183182522,506.32193111715236,7853.0,8866.4,8866.399999999998,1.8189894035458565e-12,7853.0,0.0,28.598101964246304,21.129489809004113,33.54160125588697,19.301383441958226,0.13970425954535423,0.0960052968439638,0.08585301258000441,0.08607371441182962,0.07503862282056942,0.08165967777532554,0.06775546237033768,0.06554844405208564,0.05958949459280512,0.05274773780622379,0.04634738468329287,0.04193334804678879,0.0317810637828294,0.028691238137276538,0.02229088501434562,0.013021408077687044,0.005958949459280512,0.8289962656527948,0.03416391434509573,0.0,0.0,0.0,0.0,0.0,0.0,0.0,0.0,0.0,0.0,0.0,0.0,0.0,0.0,0.0,0.0,0.0,0.0,0.0,0.019863164864268378,0.046347384683292886,0.1324210990951225,0.9269476936658576,3.8666960935775645,11.633193555506514,10.004414036636506,2.6881483116309868,0.5495475612447585,0.08607371441182965,0.046347384683292886,4.223174494343503,2.880413530439005,4.604651162790698,2.7630412540054228,1.090329364547485,4.2508614748449345,2.879223613567346,4.209549071618037,2.8785982549453597,0.9902814044938021,0.4072,0.0127,0.0,0.0,0.0,0.0,0.0,0.0,0.0,0.0,0.0,0.0,0.019863164864268378,8.541160891635387,20.98212315162216,0.4568527918781727,0.0,0.0,0.0,0.0,0.0,0.0,0.0,0.0,0.0,0.0,0.0,0.0,0.0,0.0,0.0,0.0,nan,nan,4.228716216216216,2.879104539000588,nan,0.4072,0.06964,0.0,0.0,0.0,0.0,0.0,0.0,0.0,0.0,0.0,0.0,0.0,0.0,0.0,0.0,0.0,0.0,0.0,0.0,0.0002979474729640256,0.0005517545795630103,1.1035091591260208e-05,0.00012138600750386228,1.1035091591260208e-05,0.013197969543147208,0.0005738247627455308,0.0005627896711542706,0.015504303685720592,0.0068969322445376294,0.020392849260648865,0.007603178106378283,0.016232619730743764,0.012568969322445377,0.03293974839991172,0.022103288457294194,0.047197086735819904,0.030787905539615978,0.040289119399691015,0.04536526153167071,0.0607040388435224,0.04149194438313838,0.04636945486647539,0.09077466342970647,0.029430589273890972,0.056146546016331934,0.07980578238799382,0.04158022511586846,0.03417567865813286,0.04588391083645994,0.026947693665857426,0.01922312955197528,0.017247848157139704,0.03165967777532554,0.016773339218715516,0.033303906422423306,0.0037960715073935116,0.00265945707349371,0.0015780180975502097,0.005153387773118517,0.0018980357536967558,0.00018759655705142351,0.0,0.0,0.0,0.0,0.0,0.0,0.0,0.0,0.0,0.0,0.0,0.0,0.0,0.0,0.0,0.0,0.0,0.0,0.0,0.0,0.0,0.0,0.0,0.0,0.0,0.0,0.0,0.0,0.0,0.0,0.0,0.0,0.0,0.0,0.0,0.0,0.0,0.0,0.0,0.0,0.0,nan,nan,4.228716216216216,2.879104539000588,nan,0.8293487509159245,0.03378268472272447,0.0,0.0,0.0,0.0,0.0,0.0,0.0,0.0,0.0,0.0,0.0,0.0,0.0,0.0,0.0,0.0,0.0,0.0,0.0,0.012749681257968553,0.012749681257968553,0.15299617509562263,0.8542286442838931,3.926901827454301,11.436464088397793,10.250743731406716,2.690182745431365,0.5227369315767106,0.08924776880577988,0.05099872503187421,0.8286154585710023,0.03456701254165471,0.0,0.0,0.0,0.0,0.0,0.0,0.0,0.0,0.0,0.0,0.0,0.0,0.0,0.0,0.0,0.0,0.0,0.0,0.0,0.027548209366391192,0.08264462809917357,0.11019283746556477,1.0055096418732785,3.8016528925619717,11.845730027548212,9.738292011019285,2.685950413223141,0.578512396694215,0.08264462809917357,0.041322314049586785,0.407,0.01257,0.0,0.0,0.0,0.0,0.0,0.0,0.0,0.0,0.0,0.0,0.025499362515937107,8.69528261793454,20.88397790055249,0.39524011899702516,0.0,0.0,0.0,0.0,0.0,0.0,0.0,0.0,0.0,0.0,0.0,0.0,0.0,0.0,0.0,0.0,0.4077,0.012825,0.0,0.0,0.0,0.0,0.0,0.0,0.0,0.0,0.0,0.0,0.013774104683195596,8.374655647382909,21.088154269972456,0.5234159779614326,0.0,0.0,0.0,0.0,0.0,0.0,0.0,0.0,0.0,0.0,0.0,0.0,0.0,0.0,0.0,0.0
91600,4594,2383,0.5187200696560731,1126,965,0.4551589029168481,1289,0.5611667392250762,0.41,3.0167345092718225,3.1420738601344897,6.741830065359477,2.1447645445396506,8378.670918589465,506.3447385407216,7853.0,8866.4,8866.399999999998,1.8189894035458565e-12,7853.0,0.0,27.891380060949064,20.744589795923535,32.62538619979403,19.06351474596957,0.13561166739225075,0.09969525468001741,0.09425337396604266,0.08946451893774489,0.08184588593818024,0.07618632999564649,0.0696560731388768,0.06769699608184589,0.05724858511101437,0.04810622551153679,0.047670875054418804,0.03939921636917719,0.02938615585546365,0.02851545494122769,0.01872006965607314,0.0108837614279495,0.0056595559425337396,0.8285547785256602,0.0329638131158914,0.0,0.0,0.0,0.0,0.0,0.0,0.0,0.0,0.0,0.0,0.0,0.0,0.0,0.0,0.0,0.0,0.0,0.0,0.0,0.0,0.026121027427078804,0.16325642141924251,0.8228123639529823,4.042228994340431,11.996081845885941,9.847627340008708,2.507618632999565,0.4701784936874185,0.08489333913800612,0.039181541140618205,4.1827810044414075,2.9139352851651417,5.041666666666667,2.8719790892151162,1.2053384246780474,4.236045729657028,2.9222321006082677,4.157258064516129,2.9077669457544326,0.9814006575544504,0.4072,0.01301,0.0,0.0,0.0,0.0,0.0,0.0,0.0,0.0,0.0,0.0,0.039181541140618205,8.521985198084446,20.864170657379194,0.5681323465389639,0.006530256856769701,0.0,0.0,0.0,0.0,0.0,0.0,0.0,0.0,0.0,0.0,0.0,0.0,0.0,0.0,0.0,nan,nan,4.196638655462185,2.9152722395643713,nan,0.4072,0.06976,0.0,0.0,0.0,0.0,0.0,0.0,0.0,0.0,0.0,0.0,0.0,0.0,0.0,0.0,0.0,0.0,0.0,0.0,0.000326512842838485,0.00043535045711797995,0.0,0.00010883761427949499,3.26512842838485e-05,0.01369177187636047,0.0008489333913800609,0.0004897692642577275,0.01675010883761428,0.007411841532433609,0.01984109708315194,0.007139747496734871,0.013876795820635612,0.012342185459294733,0.03308663474096648,0.022442316064431866,0.0455811928602525,0.030300391815411405,0.04410100130605137,0.04603831084022638,0.060709621245102305,0.04117326948193296,0.044188071397474965,0.08952982150631258,0.029092294296909012,0.05858728776665215,0.07791684806269046,0.04317588158467566,0.03400087070091424,0.04276229865041358,0.028112755768393557,0.02038528515454941,0.0173704832390074,0.03233565520243796,0.0174357858075751,0.03506747932085329,0.0026229865041358293,0.0024706138441445364,0.0015128428384849804,0.004636482368306487,0.001915542011319112,0.000152372659991293,0.0,0.0,0.0,0.0,0.0,0.0,0.0,0.0,0.0,0.0,0.0,0.0,0.0,0.0,0.0,0.0,0.0,0.0,0.0,0.0,0.0,0.0,0.0,0.0,0.0,0.0,0.0,0.0,0.0,0.0,0.0,0.0,0.0,0.0,0.0,0.0,0.0,0.0,0.0,0.0,0.0,nan,nan,4.196638655462185,2.9152722395643713,nan,0.8285040633547371,0.03212976888616649,0.0,0.0,0.0,0.0,0.0,0.0,0.0,0.0,0.0,0.0,0.0,0.0,0.0,0.0,0.0,0.0,0.0,0.0,0.0,0.0,0.012589173310952584,0.151070079731431,0.8308854385228706,3.839697859840525,12.32480067142258,9.79437683592111,2.4926563155686114,0.4657994125052456,0.06294586655476292,0.025178346621905167,0.8286094389744659,0.03383964520843305,0.0,0.0,0.0,0.0,0.0,0.0,0.0,0.0,0.0,0.0,0.0,0.0,0.0,0.0,0.0,0.0,0.0,0.0,0.0,0.0,0.040705563093622804,0.17639077340569884,0.8141112618724561,4.260515603799173,11.641791044776122,9.905020352781548,2.523744911804614,0.47489823609226606,0.1085481682496608,0.0542740841248304,0.4072,0.012955,0.0,0.0,0.0,0.0,0.0,0.0,0.0,0.0,0.0,0.0,0.06294586655476292,8.145195132186307,21.23793537557701,0.5413344523709611,0.012589173310952584,0.0,0.0,0.0,0.0,0.0,0.0,0.0,0.0,0.0,0.0,0.0,0.0,0.0,0.0,0.0,0.4072,0.01307,0.0,0.0,0.0,0.0,0.0,0.0,0.0,0.0,0.0,0.0,0.0135685210312076,8.928086838534586,20.461329715061062,0.5970149253731344,0.0,0.0,0.0,0.0,0.0,0.0,0.0,0.0,0.0,0.0,0.0,0.0,0.0,0.0,0.0,0.0
91700,4586,2398,0.522895769733973,1109,941,0.44701264718709116,1277,0.5569123419101614,0.418,3.0050274223034736,3.1094407682711944,6.663893510815308,2.0815753382538054,8382.902573048408,506.16848045283604,7853.0,8866.4,8866.399999999998,1.8189894035458565e-12,7853.0,0.0,27.841474051460967,20.890540595146934,32.686609686609685,19.216569930303546,0.1384648931530746,0.10466637592673354,0.08874836458787615,0.09180113388573921,0.0804622764936764,0.07631923244657654,0.07108591365023986,0.06301788050588748,0.05211513301351941,0.051897078063672046,0.045791539467945924,0.037723506323593545,0.03663323157435674,0.026602703881378108,0.015481901439162669,0.01286524204099433,0.006323593545573485,0.8286403745763747,0.03355305908617887,0.0,0.0,0.0,0.0,0.0,0.0,0.0,0.0,0.0,0.0,0.0,0.0,0.0,0.0,0.0,0.0,0.0,0.0,0.0,0.0,0.006541648495420847,0.1635412123855212,0.7784561709550809,4.0950719581334365,12.396423898822507,9.354557348451811,2.4138682948102925,0.6083733100741388,0.1373746184038378,0.04579153946794594,4.219018194301407,2.9274478135413093,4.685714285714286,3.0025839212387773,1.1106172265488785,4.211956521739131,2.9103298928242074,4.237127371273712,2.9470261318347584,1.0059760468572425,0.4082,0.01313,0.0,0.0,0.0,0.0,0.0,0.0,0.0,0.0,0.0,0.0,0.019624945486262542,7.830353249018741,21.430440470998693,0.7195813344962932,0.0,0.0,0.0,0.0,0.0,0.0,0.0,0.0,0.0,0.0,0.0,0.0,0.0,0.0,0.0,0.0,nan,nan,4.224559023066486,2.928787422962673,nan,0.4082,0.0699,0.0,0.0,0.0,0.0,0.0,0.0,0.0,0.0,0.0,0.0,0.0,0.0,0.0,0.0,0.0,0.0,0.0,0.0,0.00034888791975577847,0.0005342346271260357,0.0,0.0,3.270824247710423e-05,0.011916703009158309,0.0005015263846489315,0.0010466637592673354,0.01791321412996075,0.007849978194505015,0.019079808111644135,0.0067597034452682074,0.013639337112952465,0.012102049716528566,0.034790667248146535,0.02188181421718273,0.04376362843436546,0.02829262974269516,0.04489751417357174,0.04450501526384649,0.05873310074138683,0.03849760139555168,0.0453554295682512,0.09250981247274313,0.03245747928477977,0.05964893153074575,0.07521805494984736,0.043000436109899697,0.033711295246402095,0.04220453554295683,0.029328390754470128,0.02080244221543829,0.018720017444395987,0.03284997819450502,0.016942869603139992,0.0355538595726123,0.002398604448320977,0.0033253379851722635,0.0012211077191452246,0.005614914958569559,0.001973397296118622,7.631923244657654e-05,0.0,0.0,0.0,0.0,0.0,0.0,0.0,0.0,0.0,0.0,0.0,0.0,0.0,0.0,0.0,0.0,0.0,0.0,0.0,0.0,0.0,0.0,0.0,0.0,0.0,0.0,0.0,0.0,0.0,0.0,0.0,0.0,0.0,0.0,0.0,0.0,0.0,0.0,0.0,0.0,0.0,nan,nan,4.224559023066486,2.928787422962673,nan,0.8284147424286261,0.03322209676511589,0.0,0.0,0.0,0.0,0.0,0.0,0.0,0.0,0.0,0.0,0.0,0.0,0.0,0.0,0.0,0.0,0.0,0.0,0.0,0.0,0.012510425354462054,0.1376146788990826,0.8381984987489577,4.078398665554616,12.685571309424523,8.994995829858217,2.5020850708924107,0.5879899916597165,0.1376146788990826,0.025020850708924108,0.8288876624604248,0.033910352522549286,0.0,0.0,0.0,0.0,0.0,0.0,0.0,0.0,0.0,0.0,0.0,0.0,0.0,0.0,0.0,0.0,0.0,0.0,0.0,0.0,0.0,0.19195612431444248,0.7129798903107863,4.113345521023754,12.07952468007313,9.748628884826328,2.317184643510055,0.6307129798903109,0.13711151736745888,0.06855575868372944,0.4084,0.012955,0.0,0.0,0.0,0.0,0.0,0.0,0.0,0.0,0.0,0.0,0.012510425354462054,7.618849040867379,21.655546288573817,0.7130942452043372,0.0,0.0,0.0,0.0,0.0,0.0,0.0,0.0,0.0,0.0,0.0,0.0,0.0,0.0,0.0,0.0,0.408,0.01332,0.0,0.0,0.0,0.0,0.0,0.0,0.0,0.0,0.0,0.0,0.02742230347349178,8.06215722120657,21.183729433272397,0.7266910420475322,0.0,0.0,0.0,0.0,0.0,0.0,0.0,0.0,0.0,0.0,0.0,0.0,0.0,0.0,0.0,0.0
91800,4870,2455,0.5041067761806981,1183,999,0.4480492813141684,1385,0.5687885010266941,0.40199999999999997,2.90351966873706,3.0182687428498625,6.398550724637682,2.1432058307438084,8363.86180698152,506.6829081019493,7853.0,8866.4,8866.399999999998,1.8189894035458565e-12,7853.0,0.0,28.054620123203286,20.752721654452763,32.922964407606045,18.98465890419501,0.13552361396303902,0.09897330595482547,0.0946611909650924,0.08521560574948665,0.08234086242299794,0.07885010266940452,0.06817248459958933,0.06632443531827516,0.05482546201232033,0.05010266940451746,0.0486652977412731,0.04209445585215606,0.03429158110882957,0.027104722792607804,0.016837782340862424,0.010061601642710472,0.00595482546201232,0.8275606220262985,0.03449059113223362,0.0,0.0,0.0,0.0,0.0,0.0,0.0,0.0,0.0,0.0,0.0,0.0,0.0,0.0,0.0,0.0,0.0,0.0,0.0,0.0,0.012320328542094458,0.14168377823408626,0.967145790554415,4.262833675564668,12.332648870636554,9.049281314168379,2.451745379876797,0.566735112936345,0.12936344969199182,0.08624229979466122,4.165705128205128,2.8122517240112894,4.288888888888889,2.6044596131526423,1.0295709266240927,4.188775510204081,2.8437321931467148,4.146524733876017,2.775204778137417,0.9899133347621186,0.408,0.01271,0.0,0.0,0.0,0.0,0.0,0.0,0.0,0.0,0.0,0.0,0.006160164271047229,7.866529774127298,21.412731006160172,0.7145790554414786,0.0,0.0,0.0,0.0,0.0,0.0,0.0,0.0,0.0,0.0,0.0,0.0,0.0,0.0,0.0,0.0,nan,nan,4.167456556082149,2.8094428914425227,nan,0.408,0.07007,0.0,0.0,0.0,0.0,0.0,0.0,0.0,0.0,0.0,0.0,0.0,0.0,0.0,0.0,0.0,0.0,0.0,0.0,0.0002464065708418891,0.0003182751540041068,0.0,2.0533880903490758e-05,0.00021560574948665298,0.012956878850102669,0.0008008213552361396,0.000995893223819302,0.016971252566735113,0.007915811088295688,0.018993839835728953,0.006560574948665298,0.015123203285420944,0.010410677618069816,0.034794661190965095,0.022330595482546203,0.04636550308008214,0.030698151950718684,0.04498973305954825,0.04505133470225873,0.05706365503080082,0.036909650924024644,0.04397330595482546,0.09030800821355237,0.034969199178644765,0.054815195071868585,0.07584188911704312,0.04440451745379877,0.03600616016427105,0.04100616016427105,0.02957905544147844,0.02,0.01881930184804928,0.03274127310061602,0.01631416837782341,0.037453798767967145,0.0022381930184804926,0.0033675564681724846,0.0008008213552361396,0.005841889117043121,0.00175564681724846,3.080082135523614e-05,0.0,0.0,0.0,0.0,0.0,0.0,0.0,0.0,0.0,0.0,0.0,0.0,0.0,0.0,0.0,0.0,0.0,0.0,0.0,0.0,0.0,0.0,0.0,0.0,0.0,0.0,0.0,0.0,0.0,0.0,0.0,0.0,0.0,0.0,0.0,0.0,0.0,0.0,0.0,0.0,0.0,nan,nan,4.167456556082149,2.8094428914425227,nan,0.8276402677877858,0.0347750589320472,0.0,0.0,0.0,0.0,0.0,0.0,0.0,0.0,0.0,0.0,0.0,0.0,0.0,0.0,0.0,0.0,0.0,0.0,0.0,0.0,0.0,0.15885947046843182,0.9287169042769859,4.362525458248459,12.317718940936867,8.822810590631367,2.6761710794297358,0.5254582484725052,0.08553971486761713,0.12219959266802446,0.8274796570803561,0.034198796294923485,0.0,0.0,0.0,0.0,0.0,0.0,0.0,0.0,0.0,0.0,0.0,0.0,0.0,0.0,0.0,0.0,0.0,0.0,0.0,0.0,0.024844720496894415,0.12422360248447208,1.0062111801242237,4.1614906832298,12.347826086956525,9.279503105590063,2.22360248447205,0.6086956521739132,0.17391304347826092,0.04968944099378883,0.4077,0.01257,0.0,0.0,0.0,0.0,0.0,0.0,0.0,0.0,0.0,0.0,0.0,8.028513238289193,21.32382892057027,0.6476578411405297,0.0,0.0,0.0,0.0,0.0,0.0,0.0,0.0,0.0,0.0,0.0,0.0,0.0,0.0,0.0,0.0,0.4082,0.01285,0.0,0.0,0.0,0.0,0.0,0.0,0.0,0.0,0.0,0.0,0.012422360248447208,7.701863354037257,21.503105590062116,0.7826086956521741,0.0,0.0,0.0,0.0,0.0,0.0,0.0,0.0,0.0,0.0,0.0,0.0,0.0,0.0,0.0,0.0
91900,4848,2513,0.5183580858085809,1144,982,0.43853135313531355,1385,0.5713696369636964,0.40599999999999997,3.052676659528908,3.114964968362135,6.505079825834543,2.2299687985898906,8378.304084158415,506.35834944496213,7853.0,8866.4,8866.399999999998,1.8189894035458565e-12,7853.0,0.0,28.332301980198018,21.049435278861353,33.083252190847126,19.350779315432977,0.1349009900990099,0.09591584158415842,0.09735973597359736,0.08787128712871287,0.07858910891089109,0.07363861386138613,0.06971947194719472,0.06456270627062706,0.055074257425742575,0.054867986798679866,0.04517326732673267,0.04187293729372937,0.037334983498349836,0.026815181518151814,0.01608910891089109,0.012376237623762377,0.007838283828382838,0.8283777115958753,0.0332102395622758,0.0,0.0,0.0,0.0,0.0,0.0,0.0,0.0,0.0,0.0,0.0,0.0,0.0,0.0,0.0,0.0,0.0,0.0,0.0,0.0,0.018564356435643567,0.14851485148514854,0.8353960396039606,4.226485148514838,11.998762376237627,9.504950495049506,2.5990099009900995,0.5383663366336635,0.11138613861386142,0.018564356435643567,4.334520725388601,2.9081046350197424,3.4791666666666665,2.3002679493678317,0.8026646743867513,4.419417475728156,2.9118903073920204,4.226272784412319,2.888515350267563,0.95629634620929,0.4075,0.01281,0.0,0.0,0.0,0.0,0.0,0.0,0.0,0.0,0.0,0.0,0.024752475247524757,8.323019801980186,21.05198019801981,0.6002475247524753,0.0,0.0,0.0,0.0,0.0,0.0,0.0,0.0,0.0,0.0,0.0,0.0,0.0,0.0,0.0,0.0,nan,nan,4.321428571428571,2.9016620852785144,nan,0.4075,0.06976,0.0,0.0,0.0,0.0,0.0,0.0,0.0,0.0,0.0,0.0,0.0,0.0,0.0,0.0,0.0,0.0,0.0,0.0,0.00011344884488448845,0.0004847359735973597,0.0,0.0,0.0003094059405940594,0.012809405940594059,0.0006600660066006601,0.0012066831683168317,0.016996699669966996,0.0068791254125412545,0.019090346534653465,0.0067863036303630365,0.013851072607260727,0.010334158415841585,0.03551980198019802,0.02398927392739274,0.04873143564356436,0.030641501650165017,0.046029290429042906,0.044729785478547855,0.05635313531353135,0.038789191419141916,0.04522483498349835,0.08903671617161717,0.036344884488448845,0.05195957095709571,0.07418523102310232,0.04311056105610561,0.03708745874587459,0.040026815181518155,0.02969265676567657,0.020503300330033003,0.0194513201320132,0.03257013201320132,0.0163263201320132,0.0376753300330033,0.002929042904290429,0.0035066006600660065,0.0006497524752475248,0.004011963696369637,0.0012788778877887788,9.282178217821782e-05,3.094059405940594e-05,0.0,0.0,0.0,0.0,0.0,0.0,0.0,0.0,0.0,0.0,0.0,0.0,0.0,0.0,0.0,0.0,0.0,0.0,0.0,0.0,0.0,0.0,0.0,0.0,0.0,0.0,0.0,0.0,0.0,0.0,0.0,0.0,0.0,0.0,0.0,0.0,0.0,0.0,0.0,0.0,nan,nan,4.321428571428571,2.9016620852785144,nan,0.8286024731229227,0.033054956843710015,0.0,0.0,0.0,0.0,0.0,0.0,0.0,0.0,0.0,0.0,0.0,0.0,0.0,0.0,0.0,0.0,0.0,0.0,0.0,0.0,0.023875845602865108,0.14325507361719064,0.8475925189017113,4.118583366494217,11.854357341822526,9.72940708316753,2.6621567847194596,0.48945483485873464,0.11937922801432553,0.011937922801432554,0.8281358162136608,0.033374861452414646,0.0,0.0,0.0,0.0,0.0,0.0,0.0,0.0,0.0,0.0,0.0,0.0,0.0,0.0,0.0,0.0,0.0,0.0,0.0,0.0,0.012847965738758033,0.15417558886509639,0.8222698072805141,4.342612419700201,12.1541755888651,9.263383297644541,2.5310492505353324,0.5910064239828695,0.10278372591006427,0.025695931477516067,0.408,0.01291,0.0,0.0,0.0,0.0,0.0,0.0,0.0,0.0,0.0,0.0,0.0,8.225228810187016,21.03461997612416,0.7401512136888183,0.0,0.0,0.0,0.0,0.0,0.0,0.0,0.0,0.0,0.0,0.0,0.0,0.0,0.0,0.0,0.0,0.4072,0.012695,0.0,0.0,0.0,0.0,0.0,0.0,0.0,0.0,0.0,0.0,0.05139186295503213,8.428265524625255,21.070663811563175,0.44967880085653117,0.0,0.0,0.0,0.0,0.0,0.0,0.0,0.0,0.0,0.0,0.0,0.0,0.0,0.0,0.0,0.0
92000,4845,2567,0.5298245614035088,1232,995,0.45964912280701753,1335,0.5510835913312694,0.40599999999999997,3.0136084284460054,3.096528554099841,6.6057838660578385,2.0976532590719685,8389.924210526315,505.797772927146,7853.0,8866.4,8866.4,0.0,7853.0,0.0,28.024355005159958,20.69846978440114,32.81862625274994,18.94999415138966,0.13436532507739937,0.10175438596491228,0.09040247678018576,0.08998968008255934,0.08070175438596491,0.073890608875129,0.07038183694530444,0.06646026831785345,0.06315789473684211,0.05283797729618163,0.04272445820433437,0.04086687306501548,0.03323013415892673,0.02476780185758514,0.018163054695562435,0.010113519091847266,0.006191950464396285,0.8283468119869292,0.0333213487093099,0.0,0.0,0.0,0.0,0.0,0.0,0.0,0.0,0.0,0.0,0.0,0.0,0.0,0.0,0.0,0.0,0.0,0.0,0.0,0.0,0.012383900928792572,0.14241486068111459,0.910216718266254,3.987616099071195,12.136222910216722,9.628482972136224,2.4829721362229105,0.5820433436532508,0.10526315789473686,0.012383900928792572,4.1915857605178,2.907338178595041,4.333333333333333,2.782218672344203,1.0338171710932673,4.265584415584415,2.8834926483803662,4.125389893948846,2.9253337308550846,0.9671335723369193,0.4065,0.012764,0.0,0.0,0.0,0.0,0.0,0.0,0.0,0.0,0.0,0.0,0.037151702786377715,9.24458204334364,20.303405572755423,0.41486068111455116,0.0,0.0,0.0,0.0,0.0,0.0,0.0,0.0,0.0,0.0,0.0,0.0,0.0,0.0,0.0,0.0,nan,nan,4.1940203562340965,2.9052930321465094,nan,0.4065,0.06946,0.0,0.0,0.0,0.0,0.0,0.0,0.0,0.0,0.0,0.0,0.0,0.0,0.0,0.0,0.0,0.0,0.0,0.0,3.0959752321981425e-05,0.0003818369453044376,6.191950464396285e-05,1.0319917440660475e-05,0.00023735810113519092,0.01283797729618163,0.0004953560371517028,0.0012280701754385965,0.017151702786377707,0.006563467492260062,0.019215686274509803,0.005985552115583075,0.015985552115583074,0.011857585139318885,0.037884416924664606,0.021424148606811147,0.05180598555211558,0.03269349845201239,0.04608875128998968,0.04449948400412797,0.05396284829721362,0.037450980392156864,0.045345717234262124,0.08951496388028896,0.03703818369453044,0.05377708978328173,0.07648090815273478,0.041434468524251804,0.03898864809081527,0.039442724458204334,0.02804953560371517,0.018771929824561405,0.018875128998968007,0.03192982456140351,0.015510835913312693,0.03347781217750258,0.0034984520123839007,0.0035500515995872035,0.0007430340557275541,0.003828689370485036,0.001630546955624355,0.0001651186790505676,5.159958720330237e-05,4.12796697626419e-05,0.0,0.0,0.0,0.0,0.0,0.0,0.0,0.0,0.0,0.0,0.0,0.0,0.0,0.0,0.0,0.0,0.0,0.0,0.0,0.0,0.0,0.0,0.0,0.0,0.0,0.0,0.0,0.0,0.0,0.0,0.0,0.0,0.0,0.0,0.0,0.0,0.0,0.0,0.0,nan,nan,4.1940203562340965,2.9052930321465094,nan,0.8283522106535852,0.03335317845783205,0.0,0.0,0.0,0.0,0.0,0.0,0.0,0.0,0.0,0.0,0.0,0.0,0.0,0.0,0.0,0.0,0.0,0.0,0.0,0.0,0.023373587845734324,0.14024152707440593,0.8297623685235685,3.9735099337748223,12.364627970393459,9.291001168679394,2.723022984028049,0.5259057265290223,0.11686793922867163,0.011686793922867162,0.8283407284148018,0.033285443334166886,0.0,0.0,0.0,0.0,0.0,0.0,0.0,0.0,0.0,0.0,0.0,0.0,0.0,0.0,0.0,0.0,0.0,0.0,0.0,0.0,0.0,0.14486391571553997,1.0008779631255489,4.003511852502182,11.878841088674278,10.00877963125549,2.2124670763827923,0.6453028972783144,0.09218612818261636,0.013169446883230908,0.4067,0.01265,0.0,0.0,0.0,0.0,0.0,0.0,0.0,0.0,0.0,0.0,0.04674717569146865,8.905336969224763,20.63887806778341,0.4090377873003507,0.0,0.0,0.0,0.0,0.0,0.0,0.0,0.0,0.0,0.0,0.0,0.0,0.0,0.0,0.0,0.0,0.406,0.01289,0.0,0.0,0.0,0.0,0.0,0.0,0.0,0.0,0.0,0.0,0.026338893766461816,9.626865671641777,19.92537313432836,0.42142230026338906,0.0,0.0,0.0,0.0,0.0,0.0,0.0,0.0,0.0,0.0,0.0,0.0,0.0,0.0,0.0,0.0
92100,4601,2447,0.5318409041512715,1141,922,0.44838078678548143,1263,0.5490110845468377,0.43,3.0919220055710306,3.1766177597119007,6.752883031301483,2.186875805863743,8391.967572266898,505.671527555191,7853.0,8866.4,8866.4,0.0,7853.0,0.0,27.383394914149097,20.447534079674664,32.423768569194685,18.647177120689467,0.1447511410562921,0.09802216909367528,0.09280591175831342,0.08780699847859161,0.07976526841990872,0.07954792436426864,0.0730276026950663,0.06607259291458378,0.055422734188219955,0.04955444468593784,0.04781569224081721,0.043903499239295804,0.02847207128885025,0.020865029341447513,0.017822212562486416,0.008476418169963052,0.005868289502282112,0.8278944874115546,0.03282782436425487,0.0,0.0,0.0,0.0,0.0,0.0,0.0,0.0,0.0,0.0,0.0,0.0,0.0,0.0,0.0,0.0,0.0,0.0,0.0,0.0,0.013040643338404698,0.14344707672245166,0.8541621386655077,4.244729406650714,12.003912193001524,9.682677678765486,2.4646815909584876,0.48902412519017613,0.06520321669202349,0.03912193001521409,4.294951590594744,2.9385950796114386,4.441860465116279,3.4459435240914336,1.034205012890772,4.265003371544167,2.9303966157637773,4.327360441075121,2.9623765058999516,1.014620637804649,0.406,0.01319,0.0,0.0,0.0,0.0,0.0,0.0,0.0,0.0,0.0,0.0,0.05868289502282114,9.571832210389031,19.763094979352317,0.6063899152358184,0.0,0.0,0.0,0.0,0.0,0.0,0.0,0.0,0.0,0.0,0.0,0.0,0.0,0.0,0.0,0.0,nan,nan,4.297103918228279,2.946711584047335,nan,0.406,0.06976,0.0,0.0,0.0,0.0,0.0,0.0,0.0,0.0,0.0,0.0,0.0,0.0,0.0,0.0,0.0,0.0,0.0,0.0,0.00010867202782003912,0.00014127363616605086,0.00020647685285807434,0.0,0.00024994566398608997,0.013453597044120844,0.0007281025863942621,0.0011845251032384263,0.018126494240382526,0.006042164746794175,0.01852858074331667,0.006259508802434253,0.016572484242555967,0.011943055857422299,0.038013475331449685,0.020452075635731364,0.05570528146055206,0.03179743534014345,0.046316018256900675,0.04571832210389046,0.053064551184525105,0.03885024994566399,0.045587915670506414,0.08463377526624646,0.03739404477287546,0.0538795913931754,0.07370136926755053,0.03936100847641817,0.03977396218213432,0.04118669854379483,0.026592045207563572,0.019213214518582915,0.019767441860465116,0.03440556400782439,0.01619213214518583,0.032395131493153664,0.002988480765051076,0.0030754183873071073,0.0011627906976744186,0.0037491849597913497,0.001238861117148446,0.0001847424472940665,3.260160834601174e-05,0.0,2.1734405564007825e-05,0.0,0.0,0.0,0.0,0.0,0.0,0.0,0.0,0.0,0.0,0.0,0.0,0.0,0.0,0.0,0.0,0.0,0.0,0.0,0.0,0.0,0.0,0.0,0.0,0.0,0.0,0.0,0.0,0.0,0.0,0.0,0.0,0.0,0.0,0.0,0.0,0.0,0.0,nan,nan,4.297103918228279,2.946711584047335,nan,0.8277689170048195,0.03271824660881139,0.0,0.0,0.0,0.0,0.0,0.0,0.0,0.0,0.0,0.0,0.0,0.0,0.0,0.0,0.0,0.0,0.0,0.0,0.0,0.0,0.012259910093992648,0.11033919084593383,0.8827135267674706,4.229668982427449,11.977932161830816,9.955046996322029,2.280343277482632,0.4290968532897426,0.07355946056395588,0.04903964037597059,0.828037138658203,0.032951284855418705,0.0,0.0,0.0,0.0,0.0,0.0,0.0,0.0,0.0,0.0,0.0,0.0,0.0,0.0,0.0,0.0,0.0,0.0,0.0,0.0,0.013927576601671312,0.18105849582172706,0.8217270194986075,4.261838440111407,12.033426183844014,9.373259052924793,2.674094707520892,0.5571030640668525,0.05571030640668525,0.027855153203342625,0.406,0.01307,0.0,0.0,0.0,0.0,0.0,0.0,0.0,0.0,0.0,0.0,0.03677973028197794,9.501430322844286,19.87331426236208,0.588475684511647,0.0,0.0,0.0,0.0,0.0,0.0,0.0,0.0,0.0,0.0,0.0,0.0,0.0,0.0,0.0,0.0,0.406,0.01332,0.0,0.0,0.0,0.0,0.0,0.0,0.0,0.0,0.0,0.0,0.08356545961002787,9.651810584958204,19.63788300835655,0.626740947075209,0.0,0.0,0.0,0.0,0.0,0.0,0.0,0.0,0.0,0.0,0.0,0.0,0.0,0.0,0.0,0.0
92200,4987,2603,0.5219570884299178,1211,1010,0.445357930619611,1403,0.5626629236013635,0.39399999999999996,2.9807046979865772,3.0582373372227503,6.464179104477612,2.113439687146328,8381.95131341488,506.2111901680095,7853.0,8866.4,8866.399999999998,1.8189894035458565e-12,7853.0,0.0,28.027671947062363,21.04826627036132,32.94514667302647,19.35071387034252,0.13876077802285944,0.10788048927210749,0.08762783236414678,0.08722678965309806,0.08462001203128133,0.0683777822338079,0.06316422699017446,0.06536996190094245,0.05754962903549228,0.05614597954682174,0.048927210747944656,0.039302185682775215,0.03067976739522759,0.027270904351313414,0.018447964708241428,0.0120312813314618,0.006617204732303991,0.8261538610946972,0.03355699012426377,0.0,0.0,0.0,0.0,0.0,0.0,0.0,0.0,0.0,0.0,0.0,0.0,0.0,0.0,0.0,0.0,0.0,0.0,0.0,0.006015640665730902,0.048125125325847215,0.21054742330058157,0.9324243031882897,4.325245638660504,12.494485662723083,9.155805093242432,2.2378183276518953,0.4812512532584721,0.09023460998596353,0.018046921997192704,4.286166508388731,2.8239078729151976,4.549019607843137,2.098680495727004,1.0613259188461204,4.291091593475533,2.895387832921257,4.28960396039604,2.7314252692630037,0.9996533205952174,0.4058,0.01303,0.0,0.0,0.0,0.0,0.0,0.0,0.0,0.0,0.0,0.0,0.048125125325847215,9.775416081812699,19.659113695608585,0.5173450972528575,0.0,0.0,0.0,0.0,0.0,0.0,0.0,0.0,0.0,0.0,0.0,0.0,0.0,0.0,0.0,0.0,nan,nan,4.2903426791277255,2.814039159904219,nan,0.4058,0.0696,0.0,0.0,0.0,0.0,0.0,0.0,0.0,0.0,0.0,0.0,0.0,0.0,0.0,0.0,0.0,0.0,0.0,0.0,0.00010026067776218167,0.0001904952877481452,0.0001904952877481452,5.0130338881090835e-05,3.00782033286545e-05,0.013374774413475034,0.0006516944054541808,0.0009324243031882895,0.018097052336073793,0.006697413274513736,0.01910968518147183,0.007028273511128935,0.015259675155404051,0.012261880890314818,0.03682574694204933,0.022338079005414076,0.05519350310808101,0.03165229596952075,0.046962101463805896,0.0451975135351915,0.05532384198917185,0.038941247242831364,0.04340284740324844,0.08710647683978344,0.03706637256867856,0.05354922799278123,0.07026268297573691,0.039522759173852014,0.03990374974934831,0.04384399438540205,0.02761179065570483,0.020753960296771606,0.018959294164828555,0.03403850010026068,0.014948867054341288,0.029667134549829558,0.0036795668738720676,0.0031381592139562865,0.0011128935231602165,0.0035291758572287947,0.0012632845398034892,0.00014036494886705435,0.0,0.0,9.02346099859635e-05,0.0,0.0,0.0,0.0,0.0,0.0,0.0,0.0,0.0,0.0,0.0,0.0,0.0,0.0,0.0,0.0,0.0,0.0,0.0,0.0,0.0,0.0,0.0,0.0,0.0,0.0,0.0,0.0,0.0,0.0,0.0,0.0,0.0,0.0,0.0,0.0,0.0,0.0,nan,nan,4.2903426791277255,2.814039159904219,nan,0.8256221494443866,0.03387713714086739,0.0,0.0,0.0,0.0,0.0,0.0,0.0,0.0,0.0,0.0,0.0,0.0,0.0,0.0,0.0,0.0,0.0,0.0,0.0,0.011525163273146372,0.05762581636573186,0.2650787552823665,1.0142143680368807,4.425662696888192,12.251248559354593,9.289281598155975,2.201306185170957,0.3688052247406839,0.08067614291202461,0.034575489819439115,0.8267344170618778,0.03319418345769902,0.0,0.0,0.0,0.0,0.0,0.0,0.0,0.0,0.0,0.0,0.0,0.0,0.0,0.0,0.0,0.0,0.0,0.0,0.0,0.0,0.037751677852349,0.151006711409396,0.8431208053691277,4.215604026845624,12.760067114093962,9.010067114093962,2.2776845637583896,0.604026845637584,0.10067114093959734,0.0,0.4055,0.0131,0.0,0.0,0.0,0.0,0.0,0.0,0.0,0.0,0.0,0.0,0.05762581636573186,9.900115251632718,19.50057625816366,0.5416826738378795,0.0,0.0,0.0,0.0,0.0,0.0,0.0,0.0,0.0,0.0,0.0,0.0,0.0,0.0,0.0,0.0,0.406,0.01296,0.0,0.0,0.0,0.0,0.0,0.0,0.0,0.0,0.0,0.0,0.037751677852349,9.63926174496643,19.832214765100673,0.490771812080537,0.0,0.0,0.0,0.0,0.0,0.0,0.0,0.0,0.0,0.0,0.0,0.0,0.0,0.0,0.0,0.0
92300,4939,2621,0.5306742255517312,1246,997,0.4541405142741446,1378,0.5580076938651549,0.39399999999999996,2.9974115616911132,3.030616312350959,6.340909090909091,2.1267311859259697,8390.785260174125,505.74558485458556,7853.0,8866.4,8866.399999999998,1.8189894035458565e-12,7853.0,0.0,28.83397448876291,20.984031853981584,33.73670340201246,19.11204220935767,0.13525005061753392,0.09131403118040089,0.08706215833164609,0.08483498683944118,0.0820004049402713,0.07369912937841669,0.07288924883579671,0.06317068232435716,0.06499291354525208,0.05527434703381251,0.04515084025106297,0.042316258351893093,0.03846932577444827,0.025713707228183842,0.018424782344604172,0.013363028953229399,0.006074104069649726,0.8253657997294123,0.03219052959860048,0.0,0.0,0.0,0.0,0.0,0.0,0.0,0.0,0.0,0.0,0.0,0.0,0.0,0.0,0.0,0.0,0.0,0.0,0.0,0.024296416278598913,0.03037052034824864,0.12755618546264427,0.7835594249848149,4.5434298440979815,13.16865762300061,8.874266045758253,1.9497874063575626,0.38266855638793285,0.07896335290544647,0.036444624417898364,4.063115763546798,2.842329431546639,4.216216216216216,2.839253186306788,1.0376805539342477,4.035055350553505,2.8287534627725828,4.093486127864898,2.8560677213291736,1.014480787061168,0.4062,0.0132,0.0,0.0,0.0,0.0,0.0,0.0,0.0,0.0,0.0,0.0,0.03037052034824864,9.439157724235661,19.959505972869007,0.5709657825470744,0.0,0.0,0.0,0.0,0.0,0.0,0.0,0.0,0.0,0.0,0.0,0.0,0.0,0.0,0.0,0.0,nan,nan,4.0648401826484015,2.8423407208751685,nan,0.4062,0.0697,0.0,0.0,0.0,0.0,0.0,0.0,0.0,0.0,0.0,0.0,0.0,0.0,0.0,0.0,0.0,0.0,0.0,0.0,4.0494027130998175e-05,0.00019234662887224134,0.00019234662887224134,4.0494027130998175e-05,7.086454747924681e-05,0.012320307754606196,0.0005365458594857259,0.001265438347843693,0.019639603158534115,0.006701761490180198,0.018333670783559426,0.007420530471755416,0.01422352702976311,0.013190929337922656,0.03709252885199433,0.022727272727272728,0.05244988864142539,0.034359182020651954,0.04732739420935412,0.04468515893905649,0.05360396841465884,0.03840858473375177,0.04090909090909091,0.08626240129580887,0.034106094351083215,0.05625632719173922,0.06868799352095566,0.03962340554768172,0.041283660660052644,0.04656813120064791,0.027596679489775258,0.024063575622595666,0.016956873861105486,0.03602956063980563,0.01465883782142134,0.029378416683539178,0.0038266855638793276,0.0037355740028345817,0.0008402510629682122,0.0033205102247418506,0.001022474185057704,0.0,0.0,0.0,5.061753391374772e-05,0.0,0.0,0.0,0.0,0.0,0.0,0.0,0.0,0.0,0.0,0.0,0.0,0.0,0.0,0.0,0.0,0.0,0.0,0.0,0.0,0.0,0.0,0.0,0.0,0.0,0.0,0.0,0.0,0.0,0.0,0.0,0.0,0.0,0.0,0.0,0.0,0.0,0.0,nan,nan,4.0648401826484015,2.8423407208751685,nan,0.8255581389807054,0.03202220750685267,0.0,0.0,0.0,0.0,0.0,0.0,0.0,0.0,0.0,0.0,0.0,0.0,0.0,0.0,0.0,0.0,0.0,0.0,0.0,0.022892025944296075,0.011446012972148038,0.1259061426936284,0.7668828691339186,4.498283098054164,13.609309423884017,8.435711560473104,1.9801602441816104,0.44639450591377344,0.06867607783288822,0.03433803891644411,0.8251483186346585,0.03237842375814264,0.0,0.0,0.0,0.0,0.0,0.0,0.0,0.0,0.0,0.0,0.0,0.0,0.0,0.0,0.0,0.0,0.0,0.0,0.0,0.02588438308886972,0.05176876617773944,0.1294219154443486,0.8024158757549613,4.59447799827436,12.67040552200173,9.370146678170839,1.9154443485763593,0.3106125970664366,0.09059534081104403,0.03882657463330458,0.4062,0.013435,0.0,0.0,0.0,0.0,0.0,0.0,0.0,0.0,0.0,0.0,0.03433803891644411,9.523082792827152,19.790156428843957,0.6524227394124382,0.0,0.0,0.0,0.0,0.0,0.0,0.0,0.0,0.0,0.0,0.0,0.0,0.0,0.0,0.0,0.0,0.406,0.012924,0.0,0.0,0.0,0.0,0.0,0.0,0.0,0.0,0.0,0.0,0.02588438308886972,9.344262295081952,20.150992234685077,0.4788610871440898,0.0,0.0,0.0,0.0,0.0,0.0,0.0,0.0,0.0,0.0,0.0,0.0,0.0,0.0,0.0,0.0
92400,4846,2485,0.512794056954189,1199,973,0.448204704911267,1354,0.5588113908378044,0.41,3.027530707327404,3.118254549830164,6.629850746268657,2.0654235896273176,8372.665497317375,506.53409152722674,7853.0,8866.4,8866.4,0.0,7853.0,0.0,27.891250515889393,20.89027447615761,32.928994082840234,19.107860758732592,0.14279818406933553,0.09946347503095336,0.0905901774659513,0.0835740817168799,0.08501857201815931,0.07531985142385472,0.07036731324803962,0.06066859265373504,0.05777961205117623,0.055716054477919934,0.04849360297152291,0.03673132480396203,0.031572430870821296,0.024762690879075525,0.01939744118860916,0.010730499380932727,0.0070160957490713995,0.8251909460231287,0.034175394113443724,0.0,0.0,0.0,0.0,0.0,0.0,0.0,0.0,0.0,0.0,0.0,0.0,0.0,0.0,0.0,0.0,0.0,0.0,0.0,0.0,0.02476269087907553,0.20429219975237314,0.8357408171687992,5.132067684688387,12.381345439537766,8.728848534874125,2.0429219975237314,0.39001238134543964,0.2166735451919109,0.043334709038382185,4.385016286644952,2.88853234992142,3.9583333333333335,2.6767387910581704,0.902695240925073,4.362808842652796,2.8739845456996647,4.39367088607595,2.897307426225904,1.0070738931124905,0.406,0.01308,0.0,0.0,0.0,0.0,0.0,0.0,0.0,0.0,0.0,0.0,0.030953363598844413,9.50268262484522,20.05158893933141,0.41477507222451515,0.0,0.0,0.0,0.0,0.0,0.0,0.0,0.0,0.0,0.0,0.0,0.0,0.0,0.0,0.0,0.0,nan,nan,4.378447722899295,2.885867873380601,nan,0.406,0.0702,0.0,0.0,0.0,0.0,0.0,0.0,0.0,0.0,0.0,0.0,0.0,0.0,0.0,0.0,1.0317787866281469e-05,0.0,0.0,0.0,6.190672719768881e-05,0.0004952538175815105,0.00015476681799422203,1.0317787866281469e-05,4.1271151465125874e-05,0.013093272802311184,0.0006809739991745769,0.0013516302104828724,0.020563351217498967,0.006500206355757325,0.01817994222038795,0.008460586050350804,0.013918695831613702,0.013299628559636813,0.03759801898472968,0.02205943045810978,0.049515063970284774,0.034812216260833674,0.04824597606273215,0.04341725134131242,0.050165084605860506,0.04120924473792819,0.041322740404457284,0.08510111432108956,0.033935204292199754,0.05604622368964094,0.06851011143210896,0.03854725546842757,0.04322121337185308,0.04741023524556335,0.029715229054890633,0.02437061494015683,0.016673545191910853,0.035317787866281466,0.014754436648782501,0.027692942633099463,0.0037453569954601735,0.003600907965332233,0.0007944696657036731,0.004663640115559224,0.0007325629385059843,0.0,0.0,0.0,0.0,0.0,0.0,0.0,0.0,0.0,0.0,0.0,0.0,0.0,0.0,0.0,0.0,0.0,0.0,0.0,0.0,0.0,0.0,0.0,0.0,0.0,0.0,0.0,0.0,0.0,0.0,0.0,0.0,0.0,0.0,0.0,0.0,0.0,0.0,0.0,0.0,0.0,0.0,nan,nan,4.378447722899295,2.885867873380601,nan,0.8245813089597154,0.033429180225655636,0.0,0.0,0.0,0.0,0.0,0.0,0.0,0.0,0.0,0.0,0.0,0.0,0.0,0.0,0.0,0.0,0.0,0.0,0.0,0.0,0.036217303822937634,0.24144869215291756,0.8088531187122738,5.106639839034189,12.615694164989943,8.571428571428573,2.0281690140845074,0.41046277665995984,0.1690140845070423,0.012072434607645878,0.8258326012974117,0.03493210048016308,0.0,0.0,0.0,0.0,0.0,0.0,0.0,0.0,0.0,0.0,0.0,0.0,0.0,0.0,0.0,0.0,0.0,0.0,0.0,0.0,0.01270648030495553,0.1651842439644219,0.864040660736976,5.158831003811928,12.134688691232531,8.894536213468871,2.058449809402796,0.3684879288437104,0.26683608640406614,0.07623888182973318,0.4062,0.01306,0.0,0.0,0.0,0.0,0.0,0.0,0.0,0.0,0.0,0.0,0.036217303822937634,9.428571428571415,20.136820925553327,0.398390342052314,0.0,0.0,0.0,0.0,0.0,0.0,0.0,0.0,0.0,0.0,0.0,0.0,0.0,0.0,0.0,0.0,0.406,0.013084,0.0,0.0,0.0,0.0,0.0,0.0,0.0,0.0,0.0,0.0,0.02541296060991106,9.580686149936454,19.961880559085138,0.432020330368488,0.0,0.0,0.0,0.0,0.0,0.0,0.0,0.0,0.0,0.0,0.0,0.0,0.0,0.0,0.0,0.0
92500,4681,2419,0.5167699209570604,1137,964,0.4488357188634907,1322,0.5648365733817561,0.418,2.9858532272325378,3.0717580153257034,6.424012158054711,2.1840470952197655,8376.694637897885,506.41492107038044,7853.0,8866.4,8866.4,0.0,7853.0,0.0,28.283486434522537,21.096196866207226,33.34751592356688,19.271496316126708,0.14227729117709892,0.09421063875240333,0.09100619525742362,0.08758812219611194,0.07519760734885708,0.076052125614185,0.07113864558854946,0.06216620380260628,0.06045716727195044,0.057039094210638755,0.047425763725699635,0.04016235847041231,0.027130954924161503,0.02990813928647725,0.017731254005554368,0.0119632557145909,0.008545182653279214,0.8256116941351586,0.03474105348803253,0.0,0.0,0.0,0.0,0.0,0.0,0.0,0.0,0.0,0.0,0.0,0.0,0.0,0.0,0.0,0.0,0.0,0.0,0.0,0.0,0.03204443494979706,0.17944883571886355,1.0702841273232218,4.607989745780802,12.52296517838069,8.690450758384962,2.1982482375560783,0.4870754112369153,0.14740440076906647,0.06408886989959411,4.189678284182306,2.835565138594434,4.389830508474576,3.167723607360427,1.0477726953517945,4.155059132720105,2.821147617469164,4.232236842105263,2.864140864425882,1.0185743949532275,0.4062,0.01322,0.0,0.0,0.0,0.0,0.0,0.0,0.0,0.0,0.0,0.0,0.0512710959196753,9.581286049989304,19.79705191198462,0.5703909421063876,0.0,0.0,0.0,0.0,0.0,0.0,0.0,0.0,0.0,0.0,0.0,0.0,0.0,0.0,0.0,0.0,nan,nan,4.193558987840946,2.8425082856484654,nan,0.4062,0.0705,0.0,0.0,0.0,0.0,0.0,0.0,0.0,0.0,0.0,0.0,0.0,0.0,0.0,0.0,0.0,0.0,0.0,0.0,0.0002563554795983764,0.0007263405255287332,0.0001815851313821833,0.0,0.0001281777397991882,0.012764366588335825,0.0007263405255287332,0.001271095919675283,0.02033753471480453,0.006259346293527025,0.018169194616534927,0.008246101260414442,0.01403546250801111,0.016182439649647513,0.03681905575731681,0.02152317880794702,0.04864345225379192,0.0358790856654561,0.047970519119846185,0.04333475753044221,0.04938047425763726,0.04282204657124546,0.040792565691091645,0.0837107455671865,0.03203375347148045,0.05490279854731895,0.06868190557573169,0.03961760307626575,0.04381542405468917,0.04683828241828669,0.03086947233497116,0.02432172612689596,0.016705832087160862,0.035462508011108736,0.014099551377910703,0.028498184148686177,0.004005554368724631,0.003653065584276864,0.0009292886135441145,0.0041764580217902155,0.001217688528092288,0.0,1.0681478316599017e-05,0.0,0.0,0.0,0.0,0.0,0.0,0.0,0.0,0.0,0.0,0.0,0.0,0.0,0.0,0.0,0.0,0.0,0.0,0.0,0.0,0.0,0.0,0.0,0.0,0.0,0.0,0.0,0.0,0.0,0.0,0.0,0.0,0.0,0.0,0.0,0.0,0.0,0.0,0.0,0.0,nan,nan,4.193558987840946,2.8425082856484654,nan,0.8261084145581047,0.03474214452540847,0.0,0.0,0.0,0.0,0.0,0.0,0.0,0.0,0.0,0.0,0.0,0.0,0.0,0.0,0.0,0.0,0.0,0.0,0.0,0.0,0.03720545680033072,0.1488218272013229,1.0665564282761473,4.638280281107882,12.153782554774704,8.91690781314593,2.356345597354279,0.496072757337743,0.1364200082678793,0.0496072757337743,0.8250804975378524,0.034732027020662505,0.0,0.0,0.0,0.0,0.0,0.0,0.0,0.0,0.0,0.0,0.0,0.0,0.0,0.0,0.0,0.0,0.0,0.0,0.0,0.0,0.026525198938992047,0.21220159151193638,1.074270557029178,4.5755968169761125,12.917771883289127,8.448275862068968,2.0291777188328917,0.47745358090185686,0.15915119363395228,0.07957559681697614,0.4062,0.01326,0.0,0.0,0.0,0.0,0.0,0.0,0.0,0.0,0.0,0.0,0.03720545680033072,9.611409673418754,19.830508474576273,0.5208763952046301,0.0,0.0,0.0,0.0,0.0,0.0,0.0,0.0,0.0,0.0,0.0,0.0,0.0,0.0,0.0,0.0,0.406,0.01318,0.0,0.0,0.0,0.0,0.0,0.0,0.0,0.0,0.0,0.0,0.06631299734748011,9.549071618037122,19.761273209549074,0.6233421750663131,0.0,0.0,0.0,0.0,0.0,0.0,0.0,0.0,0.0,0.0,0.0,0.0,0.0,0.0,0.0,0.0
92600,4870,2521,0.5176591375770021,1151,999,0.4414784394250513,1376,0.5650924024640657,0.41,2.992762877820349,3.095532765613984,6.556040756914119,2.1206657762559886,8377.595770020534,506.3838775231415,7853.0,8866.4,8866.4,0.0,7853.0,0.0,28.085215605749486,21.021967758615602,33.117834394904456,19.237894898135877,0.14147843942505134,0.09958932238193019,0.09158110882956878,0.0864476386036961,0.07679671457905544,0.07720739219712526,0.06796714579055442,0.059548254620123205,0.060574948665297744,0.05482546201232033,0.04702258726899384,0.04209445585215606,0.0324435318275154,0.025256673511293636,0.020123203285420943,0.009650924024640658,0.007392197125256674,0.827076073569194,0.03335430830270331,0.0,0.0,0.0,0.0,0.0,0.0,0.0,0.0,0.0,0.0,0.0,0.0,0.0,0.0,0.0,0.0,0.0,0.0,0.0,0.0,0.06160164271047229,0.20328542094455856,0.8131416837782343,4.0841889117043,12.67145790554415,9.394250513347025,2.1067761806981524,0.45585215605749496,0.19712525667351133,0.012320328542094458,4.25657681065281,2.8886054898053786,4.8,2.665605849606154,1.1276667175339539,4.359154929577465,2.932391629489228,4.173664122137405,2.8355689834149946,0.9574479892463836,0.4062,0.012726,0.0,0.0,0.0,0.0,0.0,0.0,0.0,0.0,0.0,0.0,0.018480492813141687,9.283367556468159,20.285420944558528,0.41273100616016434,0.0,0.0,0.0,0.0,0.0,0.0,0.0,0.0,0.0,0.0,0.0,0.0,0.0,0.0,0.0,0.0,nan,nan,4.266113592852585,2.8857229080142477,nan,0.4062,0.0702,0.0,0.0,0.0,0.0,0.0,0.0,0.0,0.0,0.0,0.0,0.0,0.0,0.0,0.0,0.0,0.0,0.0,0.0,0.0005852156057494866,0.000811088295687885,0.00042094455852156057,0.0,3.080082135523614e-05,0.011899383983572894,0.000728952772073922,0.0010677618069815196,0.018901437371663245,0.006314168377823409,0.018634496919917864,0.008182751540041068,0.013921971252566735,0.015965092402464066,0.0363347022587269,0.02093429158110883,0.04924024640657084,0.03738193018480493,0.04838809034907598,0.04175564681724846,0.05053388090349076,0.042638603696098565,0.043182751540041066,0.08138603696098562,0.03438398357289528,0.05469199178644764,0.06927104722792608,0.0417659137577002,0.0413347022587269,0.045318275154004106,0.03235112936344969,0.026796714579055442,0.01515400410677618,0.03181724845995893,0.01415811088295688,0.029004106776180698,0.004784394250513347,0.004075975359342916,0.0007802874743326488,0.003788501026694045,0.0012833675564681724,0.0,0.0,0.0,0.0,0.0,0.0,0.0,0.0,0.0,0.0,0.0,0.0,0.0,0.0,0.0,0.0,0.0,0.0,0.0,0.0,0.0,0.0,0.0,0.0,0.0,0.0,0.0,0.0,0.0,0.0,0.0,0.0,0.0,0.0,0.0,0.0,0.0,0.0,0.0,0.0,0.0,0.0,nan,nan,4.266113592852585,2.8857229080142477,nan,0.8267287359924271,0.033281258462770934,0.0,0.0,0.0,0.0,0.0,0.0,0.0,0.0,0.0,0.0,0.0,0.0,0.0,0.0,0.0,0.0,0.0,0.0,0.0,0.0,0.08330027766759225,0.20230067433558116,0.7973026576755258,4.188813962713196,12.68544228480762,9.282030940103136,2.177707259024197,0.39270130900436345,0.1785005950019834,0.011900039666798892,0.8274488441230592,0.033428514652835424,0.0,0.0,0.0,0.0,0.0,0.0,0.0,0.0,0.0,0.0,0.0,0.0,0.0,0.0,0.0,0.0,0.0,0.0,0.0,0.0,0.03831417624521073,0.2043422733077906,0.8301404853128993,3.9719029374201664,12.65644955300128,9.514687100894,2.030651340996169,0.5236270753512133,0.2171136653895275,0.012771392081736912,0.4062,0.01274,0.0,0.0,0.0,0.0,0.0,0.0,0.0,0.0,0.0,0.0,0.011900039666798892,9.210630702102327,20.360967869892907,0.41650138833796124,0.0,0.0,0.0,0.0,0.0,0.0,0.0,0.0,0.0,0.0,0.0,0.0,0.0,0.0,0.0,0.0,0.4062,0.01271,0.0,0.0,0.0,0.0,0.0,0.0,0.0,0.0,0.0,0.0,0.025542784163473824,9.36143039591314,20.204342273307795,0.4086845466155812,0.0,0.0,0.0,0.0,0.0,0.0,0.0,0.0,0.0,0.0,0.0,0.0,0.0,0.0,0.0,0.0
92700,4837,2512,0.5193301633243746,1200,980,0.4506925780442423,1357,0.5610915856936117,0.422,2.9883870967741935,3.1028732055509423,6.6031007751937985,2.195977223604231,8379.28918751292,506.3211962110449,7853.0,8866.4,8866.4,0.0,7853.0,0.0,28.100682241058507,20.66054121140967,32.89821384878884,18.872148214077722,0.13396733512507752,0.09365309075873475,0.09530700847632831,0.091792433326442,0.0824891461649783,0.07421955757701054,0.06822410585073392,0.06698366756253876,0.055612983254083106,0.05230514781889601,0.05147818896009924,0.043828819516229064,0.03390531321066777,0.02501550547860244,0.016539177175935497,0.00888980773206533,0.005788712011577424,0.8292921417282464,0.03393556908586616,0.0,0.0,0.0,0.0,0.0,0.0,0.0,0.0,0.0,0.0,0.0,0.0,0.0,0.0,0.0,0.0,0.0,0.0,0.0,0.0,0.04341534008683069,0.12404382881951626,0.731858590035146,4.118255116807926,12.069464544138931,9.526566053338849,2.6545379367376483,0.5395906553648957,0.13024602026049206,0.06202191440975813,4.2282117495158165,2.906530474187899,4.195652173913044,3.132019526407781,0.9922994453609139,4.166774821544451,2.887928159273244,4.288389513108614,2.9295476981856696,1.029186768369471,0.4065,0.01291,0.0,0.0,0.0,0.0,0.0,0.0,0.0,0.0,0.0,0.0,0.06822410585073393,9.067603886706623,20.41761422369238,0.4465577837502585,0.0,0.0,0.0,0.0,0.0,0.0,0.0,0.0,0.0,0.0,0.0,0.0,0.0,0.0,0.0,0.0,nan,nan,4.227735368956743,2.9099581961786507,nan,0.4065,0.07025,0.0,0.0,0.0,0.0,0.0,0.0,0.0,0.0,0.0,0.0,0.0,0.0,0.0,0.0,0.0,0.0,0.0,0.0,0.0005375232582179037,0.0006615670870374199,0.0002894356005788712,4.134794293983874e-05,5.168492867479843e-05,0.01250775273930122,0.0006719040727723796,0.0013644821170146785,0.021108124870787677,0.005478602439528633,0.016249741575356625,0.008476328302666942,0.013582799255737027,0.01612569774653711,0.03584866652884019,0.01944387016745917,0.04894562745503411,0.03632416787264833,0.0498966301426504,0.04251602232788919,0.05296671490593343,0.04062435393839157,0.04317758941492661,0.0813830886913376,0.03423609675418648,0.05491006822410585,0.06966094686789333,0.04304320860037213,0.04118255116807939,0.04552408517676246,0.03134174074839777,0.026752119082075667,0.01649782923299566,0.0315898284060368,0.012611122596650816,0.028747157328922888,0.004672317552201778,0.004031424436634278,0.001116394459375646,0.0042278271655985114,0.001581558817448832,0.0,0.0,0.0,0.0,0.0,0.0,0.0,0.0,0.0,0.0,0.0,0.0,0.0,0.0,0.0,0.0,0.0,0.0,0.0,0.0,0.0,0.0,0.0,0.0,0.0,0.0,0.0,0.0,0.0,0.0,0.0,0.0,0.0,0.0,0.0,0.0,0.0,0.0,0.0,0.0,0.0,0.0,nan,nan,4.227735368956743,2.9099581961786507,nan,0.829420271121962,0.033593270806173484,0.0,0.0,0.0,0.0,0.0,0.0,0.0,0.0,0.0,0.0,0.0,0.0,0.0,0.0,0.0,0.0,0.0,0.0,0.0,0.0,0.047770700636942685,0.0835987261146497,0.7165605095541403,4.096337579617821,12.205414012738856,9.35111464968153,2.794585987261147,0.5135350318471339,0.14331210191082805,0.047770700636942685,0.8291537068736169,0.03430102178535261,0.0,0.0,0.0,0.0,0.0,0.0,0.0,0.0,0.0,0.0,0.0,0.0,0.0,0.0,0.0,0.0,0.0,0.0,0.0,0.0,0.03870967741935485,0.167741935483871,0.7483870967741938,4.141935483870955,11.922580645161293,9.716129032258067,2.503225806451613,0.5677419354838711,0.11612903225806454,0.0774193548387097,0.4062,0.01288,0.0,0.0,0.0,0.0,0.0,0.0,0.0,0.0,0.0,0.0,0.047770700636942685,9.219745222929923,20.30254777070064,0.42993630573248415,0.0,0.0,0.0,0.0,0.0,0.0,0.0,0.0,0.0,0.0,0.0,0.0,0.0,0.0,0.0,0.0,0.4065,0.01294,0.0,0.0,0.0,0.0,0.0,0.0,0.0,0.0,0.0,0.0,0.09032258064516131,8.9032258064516,20.541935483870972,0.46451612903225814,0.0,0.0,0.0,0.0,0.0,0.0,0.0,0.0,0.0,0.0,0.0,0.0,0.0,0.0,0.0,0.0
92800,4894,2512,0.513281569268492,1208,996,0.4503473641193298,1415,0.578259092766653,0.37799999999999995,2.91183879093199,2.960521528170999,6.187150837988827,2.0669390735269584,8373.15954229669,506.52120461157745,7853.0,8866.4,8866.4,0.0,7853.0,0.0,29.294237842255825,21.22471233905404,34.02709182450252,19.40180656454014,0.13179403351042093,0.0905190028606457,0.08806702084184716,0.08724969350224765,0.07539844707805476,0.06906416019615856,0.07478545157335513,0.0659991826726604,0.06559051900286064,0.05292194523906825,0.047609317531671434,0.046587658357172046,0.03330608908868002,0.027789129546383327,0.023293829178586023,0.011646914589293011,0.008377605230894973,0.8288397052895063,0.03401708702339617,0.0,0.0,0.0,0.0,0.0,0.0,0.0,0.0,0.0,0.0,0.0,0.0,0.0,0.0,0.0,0.0,0.0,0.0,0.006129955046996324,0.01838986514098897,0.04290968532897427,0.12872905598692277,0.7662443808745404,4.027380465876571,12.03923171230078,9.68532897425419,2.5623212096444634,0.570085819370658,0.09194932570494485,0.06129955046996323,4.1646436352318705,2.7716217603367785,4.355555555555555,2.5919152554352594,1.0458411180031386,4.124539877300614,2.7824734555101127,4.2100737100737105,2.7554006374209004,1.0207377878060608,0.406,0.01355,0.0,0.0,0.0,0.0,0.0,0.0,0.0,0.0,0.0,0.0,0.0796894156109522,9.679199019207179,19.59133633020025,0.6497752349816103,0.0,0.0,0.0,0.0,0.0,0.0,0.0,0.0,0.0,0.0,0.0,0.0,0.0,0.0,0.0,0.0,nan,nan,4.167280540208717,2.7693086913281517,nan,0.406,0.07086,0.0,0.0,0.0,0.0,0.0,0.0,0.0,0.0,0.0,0.0,0.0,0.0,0.0,0.0,0.0,0.0,0.0,0.0,0.00042909685328974253,0.0008071107478545157,0.0002962811606048222,1.021659174499387e-05,4.086636697997548e-05,0.013128320392317124,0.0007151614221495709,0.0015631385369840622,0.02128116060482223,0.005537392725786678,0.016275030649775236,0.008827135267674703,0.014436044135676339,0.01618308132407029,0.037137310993052716,0.02063751532488762,0.050173682059664895,0.035420923579893744,0.047384552513281566,0.04512668573763792,0.05486309767061708,0.038393951777686966,0.04171434409480997,0.08048630976706171,0.03245811197384552,0.054270535349407435,0.07054556599918267,0.042378422558234576,0.039476910502656316,0.04319574989783408,0.030905190028606457,0.02624642419288925,0.016908459337964855,0.03294850837760523,0.012178177360032693,0.031753167143440945,0.005445443400081733,0.004423784225582345,0.0012362076011442583,0.0034838577850429095,0.0012770739681242337,0.0,0.0,0.0,0.0,0.0,0.0,0.0,0.0,0.0,0.0,0.0,0.0,0.0,0.0,0.0,0.0,0.0,0.0,0.0,0.0,0.0,0.0,0.0,0.0,0.0,0.0,0.0,0.0,0.0,0.0,0.0,0.0,0.0,0.0,0.0,0.0,0.0,0.0,0.0,0.0,0.0,0.0,nan,nan,4.167280540208717,2.7693086913281517,nan,0.8286253649527859,0.03313818305444102,0.0,0.0,0.0,0.0,0.0,0.0,0.0,0.0,0.0,0.0,0.0,0.0,0.0,0.0,0.0,0.0,0.0,0.0,0.0,0.011942675159235671,0.03582802547770701,0.10748407643312104,0.7404458598726117,3.988853503184701,12.539808917197455,9.375000000000002,2.5676751592356695,0.5015923566878981,0.05971337579617836,0.07165605095541402,0.829065743461564,0.03491857587144946,0.0,0.0,0.0,0.0,0.0,0.0,0.0,0.0,0.0,0.0,0.0,0.0,0.0,0.0,0.0,0.0,0.0,0.0,0.012594458438287156,0.025188916876574312,0.050377833753148624,0.15113350125944586,0.7934508816120909,4.068010075566738,11.511335012594461,10.012594458438288,2.5566750629722925,0.642317380352645,0.12594458438287157,0.050377833753148624,0.4055,0.0134,0.0,0.0,0.0,0.0,0.0,0.0,0.0,0.0,0.0,0.0,0.0835987261146497,9.840764331210176,19.454617834394906,0.621019108280255,0.0,0.0,0.0,0.0,0.0,0.0,0.0,0.0,0.0,0.0,0.0,0.0,0.0,0.0,0.0,0.0,0.4065,0.013695,0.0,0.0,0.0,0.0,0.0,0.0,0.0,0.0,0.0,0.0,0.07556675062972293,9.508816120906788,19.735516372795974,0.6801007556675065,0.0,0.0,0.0,0.0,0.0,0.0,0.0,0.0,0.0,0.0,0.0,0.0,0.0,0.0,0.0,0.0
92900,4673,2453,0.5249304515300663,1148,950,0.44896212283329767,1314,0.5623796276481917,0.40599999999999997,3.0752252252252252,3.155321358784478,6.641993957703927,2.181407486537072,8384.964519580568,506.06975215909006,7853.0,8866.4,8866.399999999998,1.8189894035458565e-12,7853.0,0.0,28.144874812754118,20.915413188069788,32.99797005836082,19.176922926814836,0.1367429916541836,0.0992938155360582,0.09394393323346886,0.0896640273913974,0.07832227690990798,0.07447036165204365,0.06805050288893644,0.058420714744275626,0.05884870532848277,0.05349882302589343,0.04943291247592553,0.04322704900492189,0.035309223197089665,0.02717740209715386,0.016477637491975176,0.01155574577359298,0.0055638775946929165,0.8303016243056467,0.032984450965188636,0.0,0.0,0.0,0.0,0.0,0.0,0.0,0.0,0.0,0.0,0.0,0.0,0.0,0.0,0.0,0.0,0.0,0.006419858763107213,0.0,0.006419858763107213,0.03209929381553606,0.0962978814466082,0.6548255938369357,3.787716670233243,11.96019687566874,10.002139952921038,2.7220201155574584,0.603466723732078,0.10913759897282262,0.019259576289321637,4.218718884832393,2.9262913333158713,4.5588235294117645,3.1547459716003634,1.0806179918273657,4.296538210320052,2.958163725586759,4.147757255936676,2.897649667932168,0.9653719000971497,0.4058,0.01335,0.0,0.0,0.0,0.0,0.0,0.0,0.0,0.0,0.0,0.0,0.07061844639417934,9.61694842713459,19.83094371923818,0.48148940723304096,0.0,0.0,0.0,0.0,0.0,0.0,0.0,0.0,0.0,0.0,0.0,0.0,0.0,0.0,0.0,0.0,nan,nan,4.222513948145717,2.92915673092132,nan,0.4058,0.0712,0.0,0.0,0.0,0.0,0.0,0.0,0.0,0.0,0.0,0.0,0.0,0.0,0.0,0.0,0.0,0.0,0.0,0.0,0.0005884870532848278,0.000984378343676439,0.0003316927027605393,2.1399529210357373e-05,4.2799058420714746e-05,0.013310507168842285,0.0005563877594692917,0.0015621656323560882,0.021517226621014338,0.006484057350738284,0.016959126899208216,0.007768029103359726,0.012679221057136742,0.016820029959340895,0.03638989942221271,0.021292531564305585,0.05121977316499037,0.037823667879306654,0.04667237320778943,0.048020543548041944,0.055274983950353095,0.03764177188101862,0.04155788572651402,0.07877166702332548,0.029937941365289964,0.05235394821313931,0.06815750053498823,0.045217205221485125,0.0389578429274556,0.04142948855125187,0.033179970040659104,0.026653113631500108,0.01612454526000428,0.03145730793922534,0.012936015407661032,0.03427134603038733,0.004932591482987374,0.004290605606676653,0.0009950781082816178,0.0036272202011555744,0.001187673871174834,0.0,0.0,0.0,0.0,0.0,0.0,0.0,0.0,0.0,0.0,0.0,0.0,0.0,0.0,0.0,0.0,0.0,0.0,0.0,0.0,0.0,0.0,0.0,0.0,0.0,0.0,0.0,0.0,0.0,0.0,0.0,0.0,0.0,0.0,0.0,0.0,0.0,0.0,0.0,0.0,0.0,0.0,nan,nan,4.222513948145717,2.92915673092132,nan,0.8303851381740034,0.033680932879611145,0.0,0.0,0.0,0.0,0.0,0.0,0.0,0.0,0.0,0.0,0.0,0.0,0.0,0.0,0.0,0.0,0.0,0.012229922543823893,0.0,0.012229922543823893,0.04891969017529557,0.08560945780676725,0.6481858948226663,3.766816143497746,11.69180595189564,10.150835711373832,2.849571952710967,0.5748063595597229,0.1345291479820628,0.024459845087647786,0.8302093452429986,0.03219710175173713,0.0,0.0,0.0,0.0,0.0,0.0,0.0,0.0,0.0,0.0,0.0,0.0,0.0,0.0,0.0,0.0,0.0,0.0,0.0,0.0,0.013513513513513516,0.10810810810810813,0.6621621621621623,3.8108108108107994,12.25675675675676,9.837837837837839,2.5810810810810816,0.6351351351351352,0.0810810810810811,0.013513513513513516,0.4055,0.013054,0.0,0.0,0.0,0.0,0.0,0.0,0.0,0.0,0.0,0.0,0.04891969017529557,9.600489196901739,19.885854056257646,0.4647370566653079,0.0,0.0,0.0,0.0,0.0,0.0,0.0,0.0,0.0,0.0,0.0,0.0,0.0,0.0,0.0,0.0,0.4058,0.01368,0.0,0.0,0.0,0.0,0.0,0.0,0.0,0.0,0.0,0.0,0.09459459459459461,9.635135135135123,19.770270270270274,0.5000000000000001,0.0,0.0,0.0,0.0,0.0,0.0,0.0,0.0,0.0,0.0,0.0,0.0,0.0,0.0,0.0,0.0
93000,4488,2333,0.5198306595365418,1092,921,0.4485294117647059,1260,0.5614973262032086,0.43,3.0733178654292344,3.1787005602336595,6.737458193979933,2.2848127842242563,8379.796390374333,506.3013184793442,7853.0,8866.4,8866.4,0.0,7853.0,0.0,28.30102495543672,21.013355799208245,33.351222104144526,19.17724311939943,0.13903743315508021,0.10093582887700535,0.09180035650623886,0.07999108734402852,0.07820855614973261,0.0766488413547237,0.06528520499108735,0.06261140819964349,0.061720142602495545,0.05904634581105169,0.04590017825311943,0.04367201426024955,0.030080213903743314,0.02540106951871658,0.022058823529411766,0.012032085561497326,0.005570409982174688,0.8322128256693243,0.0327034770725425,0.0,0.0,0.0,0.0,0.0,0.0,0.0,0.0,0.0,0.0,0.0,0.0,0.0,0.0,0.0,0.0,0.0,0.0,0.0,0.0,0.02005347593582888,0.12700534759358292,0.6016042780748664,3.368983957219241,11.550802139037437,10.461229946524066,3.0748663101604286,0.6885026737967916,0.08021390374331552,0.02673796791443851,4.350626740947075,2.9175006756047206,3.6470588235294117,2.8375875518099614,0.838283548713603,4.32580424366872,2.9124713756603433,4.359169550173011,2.92259909490211,1.0077130874687925,0.4058,0.01313,0.0,0.0,0.0,0.0,0.0,0.0,0.0,0.0,0.0,0.0,0.02673796791443851,9.685828877005333,19.72593582887701,0.5614973262032087,0.0,0.0,0.0,0.0,0.0,0.0,0.0,0.0,0.0,0.0,0.0,0.0,0.0,0.0,0.0,0.0,nan,nan,4.342395044735031,2.9175594437015717,nan,0.4058,0.0709,0.0,0.0,0.0,0.0,0.0,0.0,0.0,0.0,0.0,0.0,0.0,0.0,0.0,0.0,0.0,0.0,1.1140819964349376e-05,0.0,0.0005570409982174688,0.0006238859180035651,0.00033422459893048126,0.0,3.342245989304813e-05,0.01265597147950089,0.0007241532976827095,0.0017825311942959,0.02106729055258467,0.006082887700534759,0.01620989304812834,0.009024064171122994,0.013246434937611408,0.01815953654188948,0.035160427807486634,0.021178698752228164,0.051470588235294115,0.03958333333333333,0.04471925133689839,0.048997326203208555,0.05399955436720143,0.03854723707664884,0.04047459893048128,0.07908868092691622,0.030213903743315507,0.051871657754010696,0.07039884135472371,0.04476381461675579,0.03827985739750445,0.04217914438502674,0.03489304812834225,0.025612745098039215,0.0143048128342246,0.03106060606060606,0.013636363636363636,0.033645276292335116,0.004913101604278075,0.004456327985739751,0.0013480392156862745,0.003409090909090909,0.0012811942959001783,0.0,0.0,0.0,0.0,0.0,0.0,0.0,0.0,0.0,0.0,0.0,0.0,0.0,0.0,0.0,0.0,0.0,0.0,0.0,0.0,0.0,0.0,0.0,0.0,0.0,0.0,0.0,0.0,0.0,0.0,0.0,0.0,0.0,0.0,0.0,0.0,0.0,0.0,0.0,0.0,0.0,0.0,nan,nan,4.342395044735031,2.9175594437015717,nan,0.8324155247727536,0.033116244912205085,0.0,0.0,0.0,0.0,0.0,0.0,0.0,0.0,0.0,0.0,0.0,0.0,0.0,0.0,0.0,0.0,0.0,0.0,0.0,0.0,0.025717959708529796,0.128589798542649,0.5657951135876554,3.4976425203600403,11.34162023146164,10.377196742391773,3.2276039434204895,0.7329618516930992,0.0642948992713245,0.03857693956279469,0.8319933839021315,0.032249224053028526,0.0,0.0,0.0,0.0,0.0,0.0,0.0,0.0,0.0,0.0,0.0,0.0,0.0,0.0,0.0,0.0,0.0,0.0,0.0,0.0,0.01392111368909513,0.12529002320185617,0.640371229698376,3.2296983758700595,11.777262180974482,10.552204176334108,2.9095127610208826,0.640371229698376,0.09744779582366592,0.01392111368909513,0.4055,0.013115,0.0,0.0,0.0,0.0,0.0,0.0,0.0,0.0,0.0,0.0,0.025717959708529796,9.86283754822116,19.622803257608233,0.4886412344620661,0.0,0.0,0.0,0.0,0.0,0.0,0.0,0.0,0.0,0.0,0.0,0.0,0.0,0.0,0.0,0.0,0.406,0.013145,0.0,0.0,0.0,0.0,0.0,0.0,0.0,0.0,0.0,0.0,0.02784222737819026,9.494199535962863,19.83758700696056,0.640371229698376,0.0,0.0,0.0,0.0,0.0,0.0,0.0,0.0,0.0,0.0,0.0,0.0,0.0,0.0,0.0,0.0
93100,4754,2472,0.5199831720656289,1127,961,0.43920908708456036,1341,0.5641564997896508,0.422,2.999561787905346,3.108961881359966,6.544478527607362,2.156353902164352,8379.950946571307,506.2951601220042,7853.0,8866.4,8866.4,0.0,7853.0,0.0,27.89503575936054,21.020026825226953,33.042875157629254,19.22204959739313,0.14619267984854858,0.09949516196886832,0.08981909970551115,0.08729490954985275,0.08056373580143038,0.07425326041228439,0.06941522928060581,0.058687421119057635,0.05637358014303744,0.05321834244846445,0.04669751787968027,0.045225073622212876,0.029869583508624318,0.02503155237694573,0.019352124526714348,0.012410601598653766,0.006100126209507783,0.8334798480990959,0.03419111743759787,0.0,0.0,0.0,0.0,0.0,0.0,0.0,0.0,0.0,0.0,0.0,0.0,0.0,0.0,0.0,0.0,0.0,0.0,0.0,0.0,0.012620950778291968,0.10727808161548172,0.6436684896928903,3.3003786285233385,11.087505258729495,10.500631047538917,3.4013462347496852,0.6941522928060583,0.17669331089608756,0.0757257046697518,4.33488526770868,2.895461084248045,4.970588235294118,2.8644401374506088,1.1466481644441435,4.4254215304798965,2.9484243056022112,4.256170780520347,2.838272504075625,0.9617548862195743,0.4055,0.013214,0.0,0.0,0.0,0.0,0.0,0.0,0.0,0.0,0.0,0.0,0.0378628523348759,9.98317206562893,19.486748001682795,0.49221708035338674,0.0,0.0,0.0,0.0,0.0,0.0,0.0,0.0,0.0,0.0,0.0,0.0,0.0,0.0,0.0,0.0,nan,nan,4.341992765537652,2.895887587717696,nan,0.4055,0.071,0.0,0.0,0.0,0.0,0.0,0.0,0.0,0.0,0.0,0.0,0.0,0.0,0.0,0.0,0.0,0.0,0.0,0.0,0.0006310475389145982,0.0006310475389145982,0.00038914598233066893,5.2587294909549855e-05,0.00015776188472864955,0.012862852334875894,0.0011464030290281868,0.0020193521245267143,0.0213083718973496,0.006342027766091712,0.015271350441733278,0.008971392511569205,0.014787547328565418,0.019131257888094236,0.03282498948254102,0.02176062263357173,0.04879049221708035,0.03940891880521666,0.0470445940260833,0.04804375262936474,0.052366428270929744,0.038031131678586454,0.04103912494741271,0.07916491375683635,0.030689945309213294,0.05665755153554901,0.07106647034076567,0.04258519141775347,0.037820782498948255,0.04096550273453933,0.03541228439209087,0.026051745898191,0.013672696676482961,0.03169962137147665,0.014040807740849811,0.03157341186369373,0.004880100967606226,0.004701304164913757,0.001409339503575936,0.00351283129995793,0.0010832982751367269,0.0,0.0,0.0,0.0,0.0,0.0,0.0,0.0,0.0,0.0,0.0,0.0,0.0,0.0,0.0,0.0,0.0,0.0,0.0,0.0,0.0,0.0,0.0,0.0,0.0,0.0,0.0,0.0,0.0,0.0,0.0,0.0,0.0,0.0,0.0,0.0,0.0,0.0,0.0,0.0,0.0,0.0,nan,nan,4.341992765537652,2.895887587717696,nan,0.8341997907433695,0.03426305243392537,0.0,0.0,0.0,0.0,0.0,0.0,0.0,0.0,0.0,0.0,0.0,0.0,0.0,0.0,0.0,0.0,0.0,0.0,0.0,0.0,0.02427184466019418,0.09708737864077673,0.5703883495145632,3.0825242718446506,11.419902912621362,10.21844660194175,3.604368932038836,0.7038834951456312,0.19417475728155345,0.08495145631067963,0.8326999628157286,0.03409587325299706,0.0,0.0,0.0,0.0,0.0,0.0,0.0,0.0,0.0,0.0,0.0,0.0,0.0,0.0,0.0,0.0,0.0,0.0,0.0,0.0,0.0,0.11831726555652938,0.7230499561787908,3.536371603856255,10.72743207712533,10.806310254163018,3.1814198071866793,0.6836108676599476,0.1577563540753725,0.06573181419807188,0.4055,0.013245,0.0,0.0,0.0,0.0,0.0,0.0,0.0,0.0,0.0,0.0,0.02427184466019418,10.303398058252412,19.12621359223301,0.546116504854369,0.0,0.0,0.0,0.0,0.0,0.0,0.0,0.0,0.0,0.0,0.0,0.0,0.0,0.0,0.0,0.0,0.4055,0.013176,0.0,0.0,0.0,0.0,0.0,0.0,0.0,0.0,0.0,0.0,0.052585451358457505,9.636283961437321,19.877300613496935,0.43382997370727444,0.0,0.0,0.0,0.0,0.0,0.0,0.0,0.0,0.0,0.0,0.0,0.0,0.0,0.0,0.0,0.0
93200,5066,2541,0.5015791551519937,1231,1067,0.45361231741018554,1487,0.5870509277536518,0.3499999999999999,2.9085148514851484,3.030398263581546,6.443089430894309,2.124227822751276,8361.300315831031,506.6974728467083,7853.0,8866.4,8866.4,0.0,7853.0,0.0,28.565929727595737,20.841005464668033,33.28923506161358,19.060679616936802,0.13185945519147257,0.09238057639163048,0.09534149230161863,0.07836557441768653,0.08626135017765496,0.0795499407816818,0.07224634820371101,0.062376628503750496,0.06000789577575997,0.054480852743782074,0.049545992893801814,0.035530990919857876,0.0359257797078563,0.031385708645874456,0.01796288985392815,0.010856691669956573,0.005921831819976312,0.832996564105806,0.0339113799442603,0.0,0.0,0.0,0.0,0.0,0.0,0.0,0.0,0.0,0.0,0.0,0.0,0.0,0.0,0.0,0.0,0.0,0.0,0.0,0.0,0.01776549545992894,0.12435846821950258,0.6750888274772998,3.458349782866156,10.836952230556655,11.257402289774973,2.712198973549152,0.5981050138176077,0.27832609553888676,0.0414528227398342,4.239202657807309,2.8649535375428434,3.4375,2.3310070248714396,0.8108836206896552,4.252574197456087,2.891504354424187,4.210992907801418,2.8315258661093234,0.9902220895570633,0.4055,0.013245,0.0,0.0,0.0,0.0,0.0,0.0,0.0,0.0,0.0,0.0,0.06514015001973945,10.031583103039859,19.42953020134229,0.4737465455981051,0.0,0.0,0.0,0.0,0.0,0.0,0.0,0.0,0.0,0.0,0.0,0.0,0.0,0.0,0.0,0.0,nan,nan,4.23152856715525,2.8613799695686746,nan,0.4055,0.0712,0.0,0.0,0.0,0.0,0.0,0.0,0.0,0.0,0.0,0.0,0.0,0.0,0.0,0.0,0.0,0.0,0.0,0.0,0.0006908803789972364,0.0004145282273983419,0.00024674299249901303,3.9478878799842084e-05,0.0001776549545992894,0.012761547572048953,0.001174496644295302,0.002329253849190683,0.021683774180813267,0.006849585471772602,0.015110540860639558,0.008497828661666009,0.015998815633636004,0.019275562574022898,0.033260955388866954,0.02158507698381366,0.05051322542439795,0.03969601263324122,0.04678247137781287,0.044463087248322146,0.05270430319778918,0.03713975523095144,0.04041650217133833,0.08210619818397158,0.02952033162258192,0.05533951835767864,0.06860442163442558,0.04365377023292538,0.03802803000394789,0.03969601263324122,0.037041058033951836,0.027408211606790366,0.01233714962495065,0.032510856691669955,0.013936044216344257,0.032362810896170546,0.005418476115278326,0.00493485984998026,0.0013324121594946703,0.0033951835767864194,0.0005527043031977891,0.0,9.869719699960521e-06,0.0,0.0,0.0,0.0,0.0,0.0,0.0,0.0,0.0,0.0,0.0,0.0,0.0,0.0,0.0,0.0,0.0,0.0,0.0,0.0,0.0,0.0,0.0,0.0,0.0,0.0,0.0,0.0,0.0,0.0,0.0,0.0,0.0,0.0,0.0,0.0,0.0,0.0,0.0,0.0,nan,nan,4.23152856715525,2.8613799695686746,nan,0.832427021838792,0.03423187962481876,0.0,0.0,0.0,0.0,0.0,0.0,0.0,0.0,0.0,0.0,0.0,0.0,0.0,0.0,0.0,0.0,0.0,0.0,0.0,0.0,0.011806375442739082,0.12987012987012989,0.720188902007084,3.565525383707191,11.251475796930345,10.93270365997639,2.3730814639905553,0.6729634002361277,0.2833530106257379,0.059031877213695405,0.833569715353522,0.033576010322631335,0.0,0.0,0.0,0.0,0.0,0.0,0.0,0.0,0.0,0.0,0.0,0.0,0.0,0.0,0.0,0.0,0.0,0.0,0.0,0.0,0.02376237623762377,0.11881188118811883,0.6297029702970299,3.3504950495049406,10.419801980198022,11.584158415841587,3.0534653465346544,0.5227722772277229,0.2732673267326733,0.02376237623762377,0.406,0.01334,0.0,0.0,0.0,0.0,0.0,0.0,0.0,0.0,0.0,0.0,0.03541912632821724,9.515938606847683,19.905548996458094,0.5430932703659977,0.0,0.0,0.0,0.0,0.0,0.0,0.0,0.0,0.0,0.0,0.0,0.0,0.0,0.0,0.0,0.0,0.405,0.01312,0.0,0.0,0.0,0.0,0.0,0.0,0.0,0.0,0.0,0.0,0.09504950495049508,10.550495049504935,18.950495049504955,0.40396039603960404,0.0,0.0,0.0,0.0,0.0,0.0,0.0,0.0,0.0,0.0,0.0,0.0,0.0,0.0,0.0,0.0
93300,4267,2223,0.5209749238340755,1055,893,0.45652683384110615,1207,0.5657370517928287,0.40599999999999997,3.014187866927593,3.073511329775103,6.423469387755102,2.1812263769646405,8380.955987813451,506.2539609544543,7853.0,8866.4,8866.4,0.0,7853.0,0.0,28.264823060698383,20.910058545612106,33.11718966953624,19.148004681922668,0.13545816733067728,0.10077337707991563,0.08694633231778767,0.08554019217248653,0.08225919850011718,0.08132177173658307,0.06655730021092102,0.0663229435200375,0.0625732364659011,0.04734005155847199,0.043121631122568546,0.0426529177408015,0.037497070541363954,0.024373095851886573,0.0217951722521678,0.008671197562690415,0.006796344035622217,0.8348755753233082,0.0330904935771348,0.0,0.0,0.0,0.0,0.0,0.0,0.0,0.0,0.0,0.0,0.0,0.0,0.0,0.0,0.0,0.0,0.0,0.0,0.0,0.0,0.0,0.09139910944457467,0.5554253573939537,3.262245137098654,10.588235294117649,11.41082727911882,3.1427232247480674,0.7171314741035858,0.16873681743613783,0.0632763065385517,4.187432286023835,2.876519972445741,4.166666666666667,2.544056253745625,0.9950409659335921,4.261818181818182,2.9418294190143848,4.114326040931545,2.805312932673499,0.9653922024370094,0.406,0.013054,0.0,0.0,0.0,0.0,0.0,0.0,0.0,0.0,0.0,0.0,0.04218420435903446,9.60393719240683,19.89688305601125,0.45699554722287333,0.0,0.0,0.0,0.0,0.0,0.0,0.0,0.0,0.0,0.0,0.0,0.0,0.0,0.0,0.0,0.0,nan,nan,4.187253848907984,2.873827613946243,nan,0.406,0.0708,0.0,0.0,0.0,0.0,0.0,0.0,0.0,0.0,0.0,0.0,0.0,0.0,0.0,0.0,0.0,0.0,0.0,0.0,0.0005741738926646355,0.00039840637450199205,0.00015233184907429106,9.37426763534099e-05,0.00015233184907429106,0.01204593391141317,0.0015233184907429108,0.0019217248652449027,0.021256151863135692,0.0058823529411764705,0.015303491914694165,0.008296226857276776,0.016346379189125848,0.020400749941410827,0.03300913991094446,0.021010077337707992,0.05082024841809234,0.039325052730255446,0.045945629247715024,0.04170377314272322,0.05472228732130302,0.036864307475978436,0.03960628075931568,0.07915397234591047,0.028919615655026952,0.05792125615186314,0.07099835950316381,0.04192641199906257,0.03913756737754863,0.04132880243730958,0.04001640496836185,0.02758378251699086,0.013616123740332787,0.032106866651042884,0.01369814858214202,0.032434966018279825,0.0048394656667447855,0.004312163112256855,0.0015116006561987346,0.0027888446215139444,0.0003515350363252871,0.0,0.0,0.0,0.0,0.0,0.0,0.0,0.0,0.0,0.0,0.0,0.0,0.0,0.0,0.0,0.0,0.0,0.0,0.0,0.0,0.0,0.0,0.0,0.0,0.0,0.0,0.0,0.0,0.0,0.0,0.0,0.0,0.0,0.0,0.0,0.0,0.0,0.0,0.0,0.0,0.0,0.0,nan,nan,4.187253848907984,2.873827613946243,nan,0.8360612105261459,0.03340868599555749,0.0,0.0,0.0,0.0,0.0,0.0,0.0,0.0,0.0,0.0,0.0,0.0,0.0,0.0,0.0,0.0,0.0,0.0,0.0,0.0,0.0,0.10796221322537114,0.5263157894736843,3.063427800269896,10.3778677462888,11.686909581646427,3.1713900134952775,0.7827260458839408,0.17543859649122812,0.10796221322537114,0.8335861100317681,0.03269214985482812,0.0,0.0,0.0,0.0,0.0,0.0,0.0,0.0,0.0,0.0,0.0,0.0,0.0,0.0,0.0,0.0,0.0,0.0,0.0,0.0,0.0,0.07338551859099805,0.5870841487279844,3.4784735812132968,10.817025440313113,11.110567514677106,3.111545988258318,0.6457925636007829,0.1614481409001957,0.014677103718199611,0.406,0.0129,0.0,0.0,0.0,0.0,0.0,0.0,0.0,0.0,0.0,0.0,0.013495276653171392,9.63562753036436,19.932523616734148,0.4183535762483132,0.0,0.0,0.0,0.0,0.0,0.0,0.0,0.0,0.0,0.0,0.0,0.0,0.0,0.0,0.0,0.0,0.4062,0.013214,0.0,0.0,0.0,0.0,0.0,0.0,0.0,0.0,0.0,0.0,0.07338551859099805,9.56947162426613,19.858121330724074,0.49902152641878683,0.0,0.0,0.0,0.0,0.0,0.0,0.0,0.0,0.0,0.0,0.0,0.0,0.0,0.0,0.0,0.0
93400,4288,2224,0.5186567164179104,1012,893,0.44426305970149255,1218,0.5680970149253731,0.41,2.984011627906977,3.067432737121389,6.508620689655173,2.093897906377137,8378.60671641791,506.3471398895155,7853.0,8866.4,8866.400000000001,1.8189894035458565e-12,7853.0,0.0,28.049673507462686,21.00479922252239,33.057874234835836,19.255812109299235,0.1396921641791045,0.09934701492537314,0.0960820895522388,0.08838619402985075,0.078125,0.07112873134328358,0.06786380597014925,0.06203358208955224,0.060167910447761194,0.05457089552238806,0.0457089552238806,0.037779850746268655,0.03614738805970149,0.02728544776119403,0.016791044776119403,0.010494402985074628,0.008395522388059701,0.8343588633240381,0.034955966634826814,0.0,0.0,0.0,0.0,0.0,0.0,0.0,0.0,0.0,0.0,0.0,0.0,0.0,0.0,0.0,0.0,0.0,0.0,0.0,0.00699626865671642,0.01399253731343284,0.13292910447761197,0.6996268656716419,3.2602611940298405,10.851212686567166,10.508395522388062,3.365205223880598,0.9235074626865674,0.18889925373134334,0.04897388059701494,4.288135593220339,2.8323766334215827,4.17948717948718,3.011701920005338,0.9746630181412791,4.327420546932742,2.8766142609992875,4.247142857142857,2.7936776288393674,0.9814490667317313,0.4048,0.01324,0.0,0.0,0.0,0.0,0.0,0.0,0.0,0.0,0.0,0.0,0.05597014925373136,10.501399253731329,19.036847014925378,0.40578358208955234,0.0,0.0,0.0,0.0,0.0,0.0,0.0,0.0,0.0,0.0,0.0,0.0,0.0,0.0,0.0,0.0,nan,nan,4.286596440247004,2.8350253039257733,nan,0.4048,0.07074,0.0,0.0,0.0,0.0,0.0,0.0,0.0,0.0,0.0,0.0,0.0,0.0,0.0,0.0,0.0,0.0,1.166044776119403e-05,0.0,0.0005713619402985075,0.0005013992537313433,5.830223880597015e-05,0.0002681902985074627,9.328358208955224e-05,0.011986940298507463,0.0013759328358208954,0.0021105410447761195,0.02105876865671642,0.0068446828358208955,0.015706623134328357,0.008430503731343283,0.01638292910447761,0.021280317164179104,0.03600746268656716,0.020918843283582088,0.048903917910447764,0.03859608208955224,0.046303638059701495,0.044857742537313436,0.057276119402985076,0.03863106343283582,0.03767490671641791,0.08178638059701493,0.02809001865671642,0.05703125,0.06905317164179105,0.04126632462686567,0.03671875,0.040146921641791046,0.0396571828358209,0.027961753731343283,0.012476679104477612,0.034036847014925375,0.01125233208955224,0.030258861940298507,0.005048973880597015,0.004792444029850746,0.0014225746268656716,0.0027868470149253733,0.00032649253731343285,3.498134328358209e-05,0.0,0.0,0.0,0.0,0.0,0.0,0.0,0.0,0.0,0.0,0.0,0.0,0.0,0.0,0.0,0.0,0.0,0.0,0.0,0.0,0.0,0.0,0.0,0.0,0.0,0.0,0.0,0.0,0.0,0.0,0.0,0.0,0.0,0.0,0.0,0.0,0.0,0.0,0.0,0.0,0.0,nan,nan,4.286596440247004,2.8350253039257733,nan,0.8347126787407793,0.034719851628793014,0.0,0.0,0.0,0.0,0.0,0.0,0.0,0.0,0.0,0.0,0.0,0.0,0.0,0.0,0.0,0.0,0.0,0.0,0.0,0.013489208633093528,0.013489208633093528,0.12140287769784175,0.6879496402877698,3.2374100719424357,10.66996402877698,10.642985611510793,3.4802158273381303,0.8902877697841729,0.21582733812949645,0.026978417266187056,0.8339776203556116,0.03520463299547541,0.0,0.0,0.0,0.0,0.0,0.0,0.0,0.0,0.0,0.0,0.0,0.0,0.0,0.0,0.0,0.0,0.0,0.0,0.0,0.0,0.014534883720930236,0.14534883720930236,0.7122093023255816,3.2848837209302224,11.046511627906979,10.363372093023258,3.241279069767443,0.9593023255813956,0.1598837209302326,0.07267441860465118,0.4048,0.01327,0.0,0.0,0.0,0.0,0.0,0.0,0.0,0.0,0.0,0.0,0.04046762589928058,10.737410071942431,18.69604316546763,0.5260791366906475,0.0,0.0,0.0,0.0,0.0,0.0,0.0,0.0,0.0,0.0,0.0,0.0,0.0,0.0,0.0,0.0,0.4048,0.0132,0.0,0.0,0.0,0.0,0.0,0.0,0.0,0.0,0.0,0.0,0.07267441860465118,10.2470930232558,19.404069767441865,0.27616279069767447,0.0,0.0,0.0,0.0,0.0,0.0,0.0,0.0,0.0,0.0,0.0,0.0,0.0,0.0,0.0,0.0
93500,4339,2227,0.5132519013597603,1047,894,0.4473380963355612,1230,0.5669509103480065,0.39399999999999996,2.946496212121212,3.0728954728572955,6.569468267581475,2.1073002796343676,8373.129476837981,506.52200263350653,7853.0,8866.4,8866.4,0.0,7853.0,0.0,27.9241760774372,20.85951016460654,32.7376332331238,19.171755210256006,0.13897211339018206,0.10025351463470845,0.09656602903894906,0.08642544365061074,0.07858953675962203,0.07444111546439272,0.07075362986863333,0.06591380502419912,0.05715602673427057,0.05162479834063148,0.041484212952293154,0.04102327725282323,0.034339709610509334,0.027195206268725514,0.017285088730122147,0.013828070984097718,0.004148421295229315,0.8344775204643123,0.034028528219826416,0.0,0.0,0.0,0.0,0.0,0.0,0.0,0.0,0.0,0.0,0.0,0.0,0.0,0.0,0.0,0.0,0.0,0.0,0.0,0.0,0.02074210647614658,0.0691403549204886,0.7190596911730815,3.2772528232311493,10.585388338326805,10.938004148421298,3.3947914265959906,0.795114081585619,0.1728508873012215,0.027656141968195443,4.219680464778504,2.8186595107384003,3.586206896551724,2.9186350302757007,0.8498764127960975,4.242227042660883,2.8127709402020753,4.184417441029306,2.828732935714711,0.9863728176143736,0.405,0.01354,0.0,0.0,0.0,0.0,0.0,0.0,0.0,0.0,0.0,0.0,0.0898824613966352,10.357225167089176,19.068909887070756,0.48398248444342024,0.0,0.0,0.0,0.0,0.0,0.0,0.0,0.0,0.0,0.0,0.0,0.0,0.0,0.0,0.0,0.0,nan,nan,4.213079410707869,2.820453241803945,nan,0.405,0.0708,0.0,0.0,0.0,0.0,0.0,0.0,0.0,0.0,0.0,0.0,0.0,0.0,0.0,0.0,0.0,0.0,0.0,0.0,0.00036874855957593915,0.0007835906890988707,0.0,0.00010371053238073289,0.00018437427978796957,0.010878082507490205,0.001532611200737497,0.002097257432588154,0.020799723438580317,0.005508181608665591,0.01655911500345702,0.00884996542982254,0.017054620880387186,0.02212491357455635,0.037474072366904816,0.02169854805254667,0.04843281862180226,0.039836367826688174,0.045056464623185064,0.04419221018667896,0.056476146577552434,0.037255127909656606,0.03619497580087578,0.08127448720903434,0.027736805715602674,0.05944918183913344,0.06835676423138973,0.04067757547822079,0.03592993777368057,0.041541829914726894,0.03834985019589767,0.027379580548513482,0.01320580778981332,0.03678266881769993,0.012122608896059,0.030271952062687256,0.00429822539755704,0.004839824844434202,0.001279096566029039,0.002650380271952063,0.00033417838211569485,2.3046784973496197e-05,3.45701774602443e-05,0.0,0.0,0.0,0.0,0.0,0.0,0.0,0.0,0.0,0.0,0.0,0.0,0.0,0.0,0.0,0.0,0.0,0.0,0.0,0.0,0.0,0.0,0.0,0.0,0.0,0.0,0.0,0.0,0.0,0.0,0.0,0.0,0.0,0.0,0.0,0.0,0.0,0.0,0.0,0.0,nan,nan,4.213079410707869,2.820453241803945,nan,0.8352810020504589,0.03403511569049835,0.0,0.0,0.0,0.0,0.0,0.0,0.0,0.0,0.0,0.0,0.0,0.0,0.0,0.0,0.0,0.0,0.0,0.0,0.0,0.0,0.013471037269869783,0.08082622361921869,0.6061966771441402,3.2465199820386066,10.736416704086217,10.615177368657388,3.610237988325102,0.8621463852716661,0.20206555904804674,0.026942074539739565,0.8336302886971019,0.034001020790868045,0.0,0.0,0.0,0.0,0.0,0.0,0.0,0.0,0.0,0.0,0.0,0.0,0.0,0.0,0.0,0.0,0.0,0.0,0.0,0.0,0.028409090909090915,0.05681818181818183,0.838068181818182,3.3096590909090806,10.426136363636365,11.278409090909093,3.167613636363637,0.7244318181818183,0.14204545454545459,0.028409090909090915,0.405,0.01339,0.0,0.0,0.0,0.0,0.0,0.0,0.0,0.0,0.0,0.0,0.026942074539739565,10.345756623259977,19.1692860350247,0.4580152671755726,0.0,0.0,0.0,0.0,0.0,0.0,0.0,0.0,0.0,0.0,0.0,0.0,0.0,0.0,0.0,0.0,0.405,0.013695,0.0,0.0,0.0,0.0,0.0,0.0,0.0,0.0,0.0,0.0,0.15625000000000003,10.369318181818166,18.963068181818187,0.5113636363636365,0.0,0.0,0.0,0.0,0.0,0.0,0.0,0.0,0.0,0.0,0.0,0.0,0.0,0.0,0.0,0.0
93600,4300,2157,0.5016279069767442,1033,918,0.45372093023255816,1258,0.5851162790697675,0.38999999999999996,2.863275781614559,3.0327916820723066,6.3241491085899515,2.224502631672456,8361.349720930231,506.69731440067073,7853.0,8866.4,8866.399999999998,1.8189894035458565e-12,7853.0,0.0,27.943023255813955,20.816501955194635,32.94479889042996,19.01225252778013,0.14255813953488372,0.09232558139534884,0.09581395348837209,0.0872093023255814,0.07953488372093023,0.07697674418604651,0.07325581395348837,0.057906976744186045,0.06116279069767442,0.057906976744186045,0.04325581395348837,0.040697674418604654,0.03209302325581395,0.022093023255813953,0.017906976744186048,0.01186046511627907,0.0074418604651162795,0.8354130430831466,0.03331884703289858,0.0,0.0,0.0,0.0,0.0,0.0,0.0,0.0,0.0,0.0,0.0,0.0,0.0,0.0,0.0,0.0,0.0,0.0,0.0,0.006976744186046513,0.020930232558139538,0.17441860465116282,0.5093023255813954,2.706976744186038,10.758139534883723,11.539534883720934,3.425581395348838,0.6906976744186047,0.12558139534883725,0.041860465116279076,4.246203904555315,2.890464484974717,3.6666666666666665,2.260776661041756,0.8635163899531715,4.264790764790765,2.886729075303123,4.213276836158192,2.8810689316464586,0.9879211123186017,0.405,0.01344,0.0,0.0,0.0,0.0,0.0,0.0,0.0,0.0,0.0,0.0,0.08372093023255815,10.381395348837193,19.08837209302326,0.44651162790697685,0.0,0.0,0.0,0.0,0.0,0.0,0.0,0.0,0.0,0.0,0.0,0.0,0.0,0.0,0.0,0.0,nan,nan,4.2387580299785865,2.883985098649205,nan,0.405,0.0712,0.0,0.0,0.0,0.0,0.0,0.0,0.0,0.0,0.0,0.0,0.0,0.0,0.0,0.0,0.0,0.0,0.0,0.0,0.00023255813953488373,0.0005465116279069767,0.0,0.0001627906976744186,0.00022093023255813954,0.012023255813953488,0.0019767441860465114,0.0027209302325581397,0.0206046511627907,0.004988372093023256,0.018104651162790697,0.009372093023255814,0.01641860465116279,0.021034883720930233,0.035127906976744186,0.023848837209302327,0.04712790697674418,0.036034883720930236,0.05,0.0426046511627907,0.056290697674418605,0.03675581395348837,0.03887209302325582,0.08232558139534883,0.026662790697674417,0.05986046511627907,0.06626744186046511,0.03933720930232558,0.03365116279069767,0.04182558139534884,0.03751162790697674,0.027453488372093025,0.012569767441860466,0.04130232558139535,0.012174418604651164,0.031209302325581396,0.003988372093023256,0.005232558139534884,0.000941860465116279,0.002244186046511628,0.00030232558139534885,6.976744186046511e-05,0.0,0.0,0.0,0.0,0.0,0.0,0.0,0.0,0.0,0.0,0.0,0.0,0.0,0.0,0.0,0.0,0.0,0.0,0.0,0.0,0.0,0.0,0.0,0.0,0.0,0.0,0.0,0.0,0.0,0.0,0.0,0.0,0.0,0.0,0.0,0.0,0.0,0.0,0.0,0.0,0.0,nan,nan,4.2387580299785865,2.883985098649205,nan,0.8357351510183204,0.032911718072723556,0.0,0.0,0.0,0.0,0.0,0.0,0.0,0.0,0.0,0.0,0.0,0.0,0.0,0.0,0.0,0.0,0.0,0.0,0.0,0.0,0.027816411682892915,0.16689847009735748,0.48678720445062595,2.447844228094568,10.876216968011128,11.696801112656471,3.4631432545201677,0.6954102920723227,0.0973574408901252,0.04172461752433937,0.8350888308497494,0.03372056582185091,0.0,0.0,0.0,0.0,0.0,0.0,0.0,0.0,0.0,0.0,0.0,0.0,0.0,0.0,0.0,0.0,0.0,0.0,0.0,0.013999066728884743,0.013999066728884743,0.1819878674755017,0.5319645356976203,2.967802146523556,10.639290713952406,11.381241250583296,3.387774148390108,0.6859542697153524,0.15398973401773217,0.04199720018665423,0.4053,0.01338,0.0,0.0,0.0,0.0,0.0,0.0,0.0,0.0,0.0,0.0,0.08344923504867874,10.222531293463128,19.26286509040334,0.43115438108484017,0.0,0.0,0.0,0.0,0.0,0.0,0.0,0.0,0.0,0.0,0.0,0.0,0.0,0.0,0.0,0.0,0.405,0.01349,0.0,0.0,0.0,0.0,0.0,0.0,0.0,0.0,0.0,0.0,0.08399440037330846,10.541297246850196,18.91273915072329,0.4619692020531966,0.0,0.0,0.0,0.0,0.0,0.0,0.0,0.0,0.0,0.0,0.0,0.0,0.0,0.0,0.0,0.0
93700,4134,2117,0.5120948234155781,1019,827,0.44654088050314467,1170,0.5660377358490566,0.414,2.90233019335647,3.0217981040929036,6.293918918918919,2.1727963782954824,8371.956894049346,506.55173333852383,7853.0,8866.4,8866.399999999998,1.8189894035458565e-12,7853.0,0.0,28.858974358974358,21.30594052392247,33.69320776255708,19.53698633730518,0.13763909046927914,0.08901790033865506,0.08853410740203194,0.08974358974358974,0.08345428156748912,0.07522980164489598,0.06700532172230285,0.06144170295113691,0.057813255926463476,0.05611998064828253,0.045234639574262214,0.04499274310595065,0.03459119496855346,0.02733430091920658,0.019593613933236574,0.01185292694726657,0.010401548137397194,0.8346001909704213,0.03305550117894483,0.0,0.0,0.0,0.0,0.0,0.0,0.0,0.0,0.0,0.0,0.0,0.0,0.0,0.0,0.0,0.0,0.0,0.0,0.0,0.0,0.0,0.0725689404934688,0.7111756168359943,3.0551523947750265,10.674891146589262,11.313497822931787,3.323657474600872,0.667634252539913,0.12336719883889698,0.05805515239477505,4.134150873281308,2.8130509888294832,4.36,3.6318590281011733,1.0546301123595507,4.2007352941176475,2.862819371434427,4.071533923303835,2.7784544537393585,0.9692431534558401,0.4048,0.0134,0.0,0.0,0.0,0.0,0.0,0.0,0.0,0.0,0.0,0.0,0.021770682148040642,10.805515239477488,18.715529753265606,0.45718432510885354,0.0,0.0,0.0,0.0,0.0,0.0,0.0,0.0,0.0,0.0,0.0,0.0,0.0,0.0,0.0,0.0,nan,nan,4.136229749631812,2.8217540028613937,nan,0.4048,0.07135,0.0,0.0,0.0,0.0,0.0,0.0,0.0,0.0,0.0,0.0,0.0,0.0,0.0,0.0,0.0,0.0,0.0,0.0,0.00035074987905176587,0.0004958877600387034,0.0,0.00027818093855829705,0.00019351717464925012,0.011707789066279633,0.0019956458635703917,0.0029753265602322208,0.02012578616352201,0.0047169811320754715,0.017900338655055636,0.010909530720851476,0.0159288824383164,0.022677793904208998,0.035474117077890666,0.023548621190130625,0.046456216739235605,0.036357039187227866,0.052564102564102565,0.042888243831640055,0.053253507498790514,0.03681664247701984,0.04140058055152395,0.07930575713594581,0.02733430091920658,0.061042573778422836,0.0644895984518626,0.039489598451862604,0.0344581519109821,0.043251088534107404,0.034228350266086116,0.024915336236090952,0.013207547169811321,0.04221093372036768,0.01133284954039671,0.0321359458151911,0.004414610546686019,0.006168359941944848,0.000725689404934688,0.0020440251572327044,0.00019351717464925012,3.6284470246734395e-05,0.0,0.0,0.0,0.0,0.0,0.0,0.0,0.0,0.0,0.0,0.0,0.0,0.0,0.0,0.0,0.0,0.0,0.0,0.0,0.0,0.0,0.0,0.0,0.0,0.0,0.0,0.0,0.0,0.0,0.0,0.0,0.0,0.0,0.0,0.0,0.0,0.0,0.0,0.0,0.0,0.0,nan,nan,4.136229749631812,2.8217540028613937,nan,0.8339833859063907,0.03308762155591572,0.0,0.0,0.0,0.0,0.0,0.0,0.0,0.0,0.0,0.0,0.0,0.0,0.0,0.0,0.0,0.0,0.0,0.0,0.0,0.0,0.0,0.09919697685403876,0.7368918280585737,3.0892772791686256,10.585734529995278,11.577704298535666,3.131790269248938,0.5668398677373643,0.12753897024090696,0.08502598016060464,0.8352475763549294,0.033009360277861485,0.0,0.0,0.0,0.0,0.0,0.0,0.0,0.0,0.0,0.0,0.0,0.0,0.0,0.0,0.0,0.0,0.0,0.0,0.0,0.0,0.0,0.044620723847297976,0.6841844323252356,3.0193356470004864,10.768468021814577,11.036192364898366,3.5250371839365404,0.7734258800198317,0.11898859692612794,0.029747149231531985,0.4048,0.013214,0.0,0.0,0.0,0.0,0.0,0.0,0.0,0.0,0.0,0.0,0.014170996693434109,10.75578649031647,18.847425602267364,0.3826169107227209,0.0,0.0,0.0,0.0,0.0,0.0,0.0,0.0,0.0,0.0,0.0,0.0,0.0,0.0,0.0,0.0,0.4048,0.01357,0.0,0.0,0.0,0.0,0.0,0.0,0.0,0.0,0.0,0.0,0.029747149231531985,10.857709469509155,18.577094695091724,0.5354486861675757,0.0,0.0,0.0,0.0,0.0,0.0,0.0,0.0,0.0,0.0,0.0,0.0,0.0,0.0,0.0,0.0
93800,4186,2170,0.5183946488294314,1066,840,0.45532728141423795,1172,0.5599617773530817,0.414,3.0287698412698414,3.1541364996046175,6.7404181184668985,2.192925869013541,8378.341137123745,506.3569867264928,7853.0,8866.4,8866.4,0.0,7853.0,0.0,28.39345437171524,20.987203918022335,33.33739722143465,19.155271840157763,0.13903487816531296,0.09507883420926899,0.0903010033444816,0.08361204013377926,0.0740563784042045,0.07859531772575251,0.07190635451505016,0.06999522216913522,0.059006211180124224,0.05422838031533684,0.04610606784519828,0.04276158623984711,0.033205924510272336,0.0241280458671763,0.017677974199713332,0.011466794075489728,0.008838987099856666,0.8348576092742814,0.03439586037049515,0.0,0.0,0.0,0.0,0.0,0.0,0.0,0.0,0.0,0.0,0.0,0.0,0.0,0.0,0.0,0.0,0.0,0.0,0.0,0.0,0.0,0.10033444816053515,0.6091734352603919,3.4472049689440887,10.27711419015767,11.165790731008125,3.332537028189203,0.7525083612040135,0.24366937410415676,0.07166746297181081,4.284977908689249,2.9299270335952716,4.833333333333333,2.8382310609877335,1.1279715873288652,4.196902654867257,2.9228560949157028,4.380780346820809,2.9333059479233365,1.043812713106487,0.405,0.01315,0.0,0.0,0.0,0.0,0.0,0.0,0.0,0.0,0.0,0.0,0.06450071667462973,10.542283803153353,18.94887720974678,0.44433827042522706,0.0,0.0,0.0,0.0,0.0,0.0,0.0,0.0,0.0,0.0,0.0,0.0,0.0,0.0,0.0,0.0,nan,nan,4.28978102189781,2.929581935534846,nan,0.405,0.07135,0.0,0.0,0.0,0.0,0.0,0.0,0.0,0.0,0.0,0.0,0.0,0.0,0.0,0.0,0.0,0.0,0.0,0.0,0.0002986144290492117,0.00037028189202102245,0.0,0.000358337314859054,0.00015527950310559007,0.010618729096989967,0.00179168657429527,0.003404204491161013,0.021619684663162924,0.004347826086956522,0.0174629718107979,0.0121595795508839,0.014548494983277592,0.023064978499761107,0.03653846153846154,0.02220496894409938,0.04388437649307215,0.03793597706641185,0.053989488772097464,0.04322742474916388,0.052866698518872435,0.036944577161968466,0.043084089823220255,0.07775919732441472,0.026290014333492595,0.05903010033444816,0.06334209268991878,0.040910176779742,0.035869565217391305,0.041949354992833254,0.03483038700430005,0.02615862398471094,0.012494027711419015,0.043334925943621594,0.010965121834687052,0.03214285714285714,0.005243669374104157,0.005613951266125179,0.0008361204013377926,0.0022933588150979454,0.0,5.972288580984233e-05,0.0,0.0,0.0,0.0,0.0,0.0,0.0,0.0,0.0,0.0,0.0,0.0,0.0,0.0,0.0,0.0,0.0,0.0,0.0,0.0,0.0,0.0,0.0,0.0,0.0,0.0,0.0,0.0,0.0,0.0,0.0,0.0,0.0,0.0,0.0,0.0,0.0,0.0,0.0,0.0,0.0,nan,nan,4.28978102189781,2.929581935534846,nan,0.8359847699442218,0.03407812827466034,0.0,0.0,0.0,0.0,0.0,0.0,0.0,0.0,0.0,0.0,0.0,0.0,0.0,0.0,0.0,0.0,0.0,0.0,0.0,0.0,0.0,0.09677419354838712,0.4838709677419356,3.4009216589861646,10.078341013824886,11.239631336405532,3.6359447004608305,0.7603686635944703,0.2211981566820277,0.08294930875576038,0.8336443460531651,0.034693716870843105,0.0,0.0,0.0,0.0,0.0,0.0,0.0,0.0,0.0,0.0,0.0,0.0,0.0,0.0,0.0,0.0,0.0,0.0,0.0,0.0,0.0,0.1041666666666667,0.7440476190476192,3.4970238095237987,10.49107142857143,11.086309523809526,3.0059523809523814,0.7440476190476192,0.2678571428571429,0.05952380952380954,0.4045,0.0129,0.0,0.0,0.0,0.0,0.0,0.0,0.0,0.0,0.0,0.0,0.05529953917050692,10.672811059907819,18.9815668202765,0.29032258064516137,0.0,0.0,0.0,0.0,0.0,0.0,0.0,0.0,0.0,0.0,0.0,0.0,0.0,0.0,0.0,0.0,0.4055,0.013405,0.0,0.0,0.0,0.0,0.0,0.0,0.0,0.0,0.0,0.0,0.07440476190476192,10.4017857142857,18.913690476190478,0.6101190476190478,0.0,0.0,0.0,0.0,0.0,0.0,0.0,0.0,0.0,0.0,0.0,0.0,0.0,0.0,0.0,0.0
93900,4258,2160,0.5072804133395961,1014,878,0.4443400657585721,1220,0.5730389854391733,0.40599999999999997,2.8841754051477597,3.0557931217885344,6.447863247863248,2.1691937251421987,8367.077970878347,506.6462824749809,7853.0,8866.4,8866.4,0.0,7853.0,0.0,28.359323626115547,21.122360618449584,33.28240869807639,19.37035721859086,0.13738844527947394,0.10356975105683419,0.08924377642085486,0.08290277125410991,0.08031939877876937,0.07374354156881165,0.06881164866134336,0.060591827148896195,0.061296383278534525,0.05237200563644904,0.049553781117895726,0.041568811648661344,0.03358384217942696,0.025833724753405354,0.019492719586660403,0.012682010333489901,0.007045561296383279,0.8335363112771494,0.03412041996757255,0.0,0.0,0.0,0.0,0.0,0.0,0.0,0.0,0.0,0.0,0.0,0.0,0.0,0.0,0.0,0.0,0.0,0.0,0.0,0.0,0.049318929074682966,0.15500234852043215,0.605918271488962,3.3959605448567296,10.652888680131518,10.991075622357917,3.3325504931892915,0.6200093940817286,0.17613903240958198,0.02113668388914984,4.229478292593944,2.887193107520895,4.428571428571429,2.4760073192335197,1.0470727409397296,4.12292118582791,2.893269347768039,4.340272792534099,2.8675863490077638,1.0527178660250192,0.4053,0.012955,0.0,0.0,0.0,0.0,0.0,0.0,0.0,0.0,0.0,0.0,0.06341005166744952,10.145608266791905,19.43870361672147,0.35227806481916396,0.0,0.0,0.0,0.0,0.0,0.0,0.0,0.0,0.0,0.0,0.0,0.0,0.0,0.0,0.0,0.0,nan,nan,4.231988472622478,2.882459588512218,nan,0.4053,0.0715,0.0,0.0,0.0,0.0,0.0,0.0,0.0,0.0,0.0,0.0,0.0,0.0,0.0,0.0,0.0,0.0,0.0,0.0,0.0004462188821042743,0.00025833724753405356,0.0,0.0004227336777829967,0.00012916862376702678,0.010615312353217473,0.0015852512916862376,0.0042155941756693285,0.020596524189760452,0.0041686237670267735,0.016545326444340067,0.012435415688116487,0.014149835603569751,0.022992015030530766,0.03822217003287929,0.021899953029591357,0.044410521371535935,0.037259276655706906,0.054145138562705496,0.044304837952090184,0.05325270079849695,0.03875058713010803,0.04426961014560827,0.075,0.025857209957726633,0.056505401596993896,0.061542977923907935,0.04133395960544857,0.03836308125880695,0.04037106622827619,0.0368952559887271,0.026209488022545795,0.012177078440582433,0.04294269610145608,0.01163691874119305,0.031458431188351337,0.005366369187411931,0.0042625645843118835,0.0017731329262564584,0.0031470173790511978,1.1742602160638798e-05,7.045561296383278e-05,0.0,0.0,0.0,0.0,0.0,0.0,0.0,0.0,0.0,0.0,0.0,0.0,0.0,0.0,0.0,0.0,0.0,0.0,0.0,0.0,0.0,0.0,0.0,0.0,0.0,0.0,0.0,0.0,0.0,0.0,0.0,0.0,0.0,0.0,0.0,0.0,0.0,0.0,0.0,0.0,0.0,nan,nan,4.231988472622478,2.882459588512218,nan,0.8333637163594917,0.03441536611773498,0.0,0.0,0.0,0.0,0.0,0.0,0.0,0.0,0.0,0.0,0.0,0.0,0.0,0.0,0.0,0.0,0.0,0.0,0.0,0.0,0.055555555555555566,0.15277777777777782,0.6250000000000001,3.333333333333323,10.708333333333336,11.083333333333336,3.111111111111112,0.7222222222222224,0.1805555555555556,0.027777777777777783,0.8337140067119162,0.033813149416850534,0.0,0.0,0.0,0.0,0.0,0.0,0.0,0.0,0.0,0.0,0.0,0.0,0.0,0.0,0.0,0.0,0.0,0.0,0.0,0.0,0.04289799809342231,0.15729265967588182,0.586272640610105,3.4604385128693886,10.595805529075312,10.896091515729267,3.560533841754052,0.5147759771210678,0.17159199237368924,0.014299332697807438,0.4053,0.01308,0.0,0.0,0.0,0.0,0.0,0.0,0.0,0.0,0.0,0.0,0.06944444444444446,10.111111111111097,19.361111111111114,0.4583333333333334,0.0,0.0,0.0,0.0,0.0,0.0,0.0,0.0,0.0,0.0,0.0,0.0,0.0,0.0,0.0,0.0,0.405,0.01282,0.0,0.0,0.0,0.0,0.0,0.0,0.0,0.0,0.0,0.0,0.05719733079122975,10.18112488083888,19.518589132507152,0.24308865586272646,0.0,0.0,0.0,0.0,0.0,0.0,0.0,0.0,0.0,0.0,0.0,0.0,0.0,0.0,0.0,0.0
94000,4218,2176,0.5158843053579896,1035,842,0.4449976292081555,1156,0.5481270744428639,0.426,2.98922624877571,3.076383373518084,6.415517241379311,2.2185970811130677,8375.797155049786,506.44424332724225,7853.0,8866.4,8866.4,0.0,7853.0,0.0,28.41299193930773,21.117267063739135,33.481209381181124,19.269914711922336,0.14082503556187767,0.10099573257467995,0.08771929824561403,0.07965860597439545,0.0777619724988146,0.0770507349454718,0.06756756756756757,0.0687529634898056,0.056424845898530106,0.05263157894736842,0.04551920341394026,0.04551920341394026,0.03485064011379801,0.02678994784257942,0.020151730678046466,0.01209103840682788,0.005689900426742532,0.8329512053131775,0.033916001080898546,0.0,0.0,0.0,0.0,0.0,0.0,0.0,0.0,0.0,0.0,0.0,0.0,0.0,0.0,0.0,0.0,0.0,0.0,0.0,0.014224751066856334,0.035561877667140834,0.12091038406827884,0.5618776671408251,3.5064011379800744,11.01706970128023,11.002844950213372,2.7951635846372693,0.6827880512091039,0.19914651493598867,0.0640113798008535,4.222836095764273,2.850361623664342,4.296296296296297,2.53588781757388,1.0173959393322674,4.19680464778504,2.8802870858246963,4.2505494505494505,2.8136652523561767,1.012806124486346,0.4053,0.013435,0.0,0.0,0.0,0.0,0.0,0.0,0.0,0.0,0.0,0.0,0.09246088193456617,10.355618776671392,19.068278805120915,0.48364153627311535,0.0,0.0,0.0,0.0,0.0,0.0,0.0,0.0,0.0,0.0,0.0,0.0,0.0,0.0,0.0,0.0,nan,nan,4.223559445660102,2.8474436088697272,nan,0.4053,0.0712,0.0,0.0,0.0,0.0,0.0,0.0,0.0,0.0,0.0,0.0,0.0,0.0,0.0,0.0,0.0,0.0,0.0,0.0,0.0006282598387861546,0.0001896633475580844,0.0,0.0005689900426742532,1.1853959222380275e-05,0.010064011379800853,0.0017306780464675202,0.004587482219061166,0.021088193456614508,0.0037102892366050262,0.016168800379326696,0.010550023707918445,0.01426031294452347,0.02245139876718824,0.039343290659080134,0.022178757705073493,0.04400189663347558,0.04090801327643433,0.05128022759601707,0.044642010431484115,0.052690848743480324,0.03528923660502608,0.04452347083926031,0.0765647226173542,0.026991465149359885,0.05801327643432907,0.05929350403034613,0.04257942152678995,0.04007823613086771,0.04272166903745851,0.03530109056424846,0.026043148411569465,0.011000474158368896,0.04553105737316264,0.01077524893314367,0.03014461830251304,0.004990516832622096,0.004172593646277857,0.0017899478425794214,0.0029516358463726883,0.00011853959222380275,7.112375533428166e-05,0.0,0.0,0.0,0.0,0.0,0.0,0.0,0.0,0.0,0.0,0.0,0.0,0.0,0.0,0.0,0.0,0.0,0.0,0.0,0.0,0.0,0.0,0.0,0.0,0.0,0.0,0.0,0.0,0.0,0.0,0.0,0.0,0.0,0.0,0.0,0.0,0.0,0.0,0.0,0.0,0.0,nan,nan,4.223559445660102,2.8474436088697272,nan,0.8336704249000725,0.0338090847580898,0.0,0.0,0.0,0.0,0.0,0.0,0.0,0.0,0.0,0.0,0.0,0.0,0.0,0.0,0.0,0.0,0.0,0.0,0.0,0.0,0.041360294117647065,0.055147058823529424,0.42738970588235303,3.6534926470588123,11.056985294117649,11.00183823529412,2.7297794117647065,0.6893382352941178,0.2205882352941177,0.12408088235294121,0.8321847891422257,0.034012829847209276,0.0,0.0,0.0,0.0,0.0,0.0,0.0,0.0,0.0,0.0,0.0,0.0,0.0,0.0,0.0,0.0,0.0,0.0,0.0,0.02938295788442704,0.02938295788442704,0.19098922624877576,0.7051909892262489,3.3496571988246715,10.974534769833499,11.003917727717925,2.864838393731636,0.6758080313418219,0.17629774730656222,0.0,0.4053,0.0132,0.0,0.0,0.0,0.0,0.0,0.0,0.0,0.0,0.0,0.0,0.12408088235294121,10.28492647058822,19.13602941176471,0.45496323529411775,0.0,0.0,0.0,0.0,0.0,0.0,0.0,0.0,0.0,0.0,0.0,0.0,0.0,0.0,0.0,0.0,0.4053,0.01368,0.0,0.0,0.0,0.0,0.0,0.0,0.0,0.0,0.0,0.0,0.05876591576885408,10.430950048971582,18.99608227228208,0.5142017629774732,0.0,0.0,0.0,0.0,0.0,0.0,0.0,0.0,0.0,0.0,0.0,0.0,0.0,0.0,0.0,0.0
94100,4442,2276,0.5123818099954975,1047,907,0.439891940567312,1292,0.5817199459702836,0.41,3.0655586334256695,3.121921617587313,6.652312599681021,2.156627760236067,8372.24772624944,506.5446126117314,7853.0,8866.4,8866.4,0.0,7853.0,0.0,28.538045925258892,21.269385946281677,33.65824825362708,19.430425986001392,0.14002701485817198,0.09567762269248087,0.0904997748761819,0.08442143178748311,0.08014407924358397,0.07294011706438541,0.06708689779378658,0.06573615488518686,0.05628095452498874,0.05290409725348942,0.05132823052678973,0.04187303016659163,0.03376857271499325,0.02656461053579469,0.021611886537595677,0.010580819450697884,0.008554705087798289,0.8340914140730922,0.0335431990916075,0.0,0.0,0.0,0.0,0.0,0.0,0.0,0.0,0.0,0.0,0.0,0.0,0.0,0.0,0.0,0.0,0.0,0.0,0.0,0.0,0.0067537145429986505,0.11481314723097706,0.6348491670418731,3.2417829806393414,10.66411526339487,11.130121566861778,3.2823052678973443,0.6888788833858623,0.19585772174696087,0.0405222872579919,4.376491228070176,2.862033684519901,4.285714285714286,2.913725436338734,0.9792580545406648,4.33609958506224,2.8863507187122317,4.414871438498958,2.83815482826398,1.0181665231370802,0.4053,0.013466,0.0,0.0,0.0,0.0,0.0,0.0,0.0,0.0,0.0,0.0,0.06753714542998651,10.360198108959914,19.099504727600184,0.4727600180099055,0.0,0.0,0.0,0.0,0.0,0.0,0.0,0.0,0.0,0.0,0.0,0.0,0.0,0.0,0.0,0.0,nan,nan,4.375389948006933,2.862683636655146,nan,0.4053,0.0713,0.0,0.0,0.0,0.0,0.0,0.0,0.0,0.0,0.0,0.0,0.0,0.0,0.0,0.0,0.0,0.0,0.0,0.0,0.0008329581269698334,0.00012381809995497524,0.0,0.0008554705087798289,0.0,0.009871679423683026,0.001305718144979739,0.003669518235029266,0.022928860873480415,0.0032868077442593426,0.017221972084646556,0.010018009905447996,0.014745610085547051,0.02225348941918055,0.03794461954074741,0.020531292210715892,0.04392165691130122,0.04038721296713192,0.0514858171994597,0.04490094552003602,0.05284781629896443,0.03601981089599279,0.042480864475461504,0.07976136875281405,0.02739756866276452,0.05946645655110311,0.059410175596578116,0.04196307969383161,0.03908149482215218,0.04010580819450698,0.036346240432237734,0.026361999099504728,0.012010355695632599,0.04461954074741108,0.010614588023412877,0.03020036019810896,0.0051665916253939665,0.004637550652859072,0.0024425934263845113,0.002555155335434489,5.6280954524988743e-05,0.00016884286357496622,0.0,0.0,0.0,0.0,0.0,0.0,0.0,0.0,0.0,0.0,0.0,0.0,0.0,0.0,0.0,0.0,0.0,0.0,0.0,0.0,0.0,0.0,0.0,0.0,0.0,0.0,0.0,0.0,0.0,0.0,0.0,0.0,0.0,0.0,0.0,0.0,0.0,0.0,0.0,0.0,0.0,nan,nan,4.375389948006933,2.862683636655146,nan,0.8343030240236141,0.033176611158048014,0.0,0.0,0.0,0.0,0.0,0.0,0.0,0.0,0.0,0.0,0.0,0.0,0.0,0.0,0.0,0.0,0.0,0.0,0.0,0.0,0.0,0.10544815465729353,0.593145869947276,3.2820738137082497,10.782073813708262,10.83479789103691,3.519332161687171,0.6458699472759227,0.21089630931458705,0.026362038664323382,0.8338690575415187,0.033922713892226716,0.0,0.0,0.0,0.0,0.0,0.0,0.0,0.0,0.0,0.0,0.0,0.0,0.0,0.0,0.0,0.0,0.0,0.0,0.0,0.0,0.013850415512465377,0.1246537396121884,0.6786703601108034,3.1994459833794915,10.540166204986152,11.440443213296403,3.033240997229918,0.734072022160665,0.18005540166204992,0.05540166204986151,0.4053,0.01353,0.0,0.0,0.0,0.0,0.0,0.0,0.0,0.0,0.0,0.0,0.09226713532513184,10.439367311072042,18.87521968365554,0.593145869947276,0.0,0.0,0.0,0.0,0.0,0.0,0.0,0.0,0.0,0.0,0.0,0.0,0.0,0.0,0.0,0.0,0.4053,0.0134,0.0,0.0,0.0,0.0,0.0,0.0,0.0,0.0,0.0,0.0,0.04155124653739613,10.277008310249292,19.335180055401665,0.34626038781163443,0.0,0.0,0.0,0.0,0.0,0.0,0.0,0.0,0.0,0.0,0.0,0.0,0.0,0.0,0.0,0.0
94200,4577,2380,0.5199912606510815,1145,933,0.45400917631636445,1294,0.5654358750273105,0.40199999999999997,2.928538916704597,2.9813393697857684,6.326892109500805,2.0613149117719245,8379.959143543805,506.29483219056397,7853.0,8866.4,8866.399999999998,1.8189894035458565e-12,7853.0,0.0,28.228752457941884,20.655457212201352,33.11693025667617,18.80996944700914,0.13830019663535068,0.10028402883985144,0.08477168450950404,0.08324229844876557,0.07799868909766222,0.07996504260432598,0.07188114485470833,0.0672929866724929,0.05789818658509941,0.05680576797028621,0.04588158182215425,0.043696744592527856,0.0367052654577234,0.0244701769718156,0.01551234433034739,0.00939480008739349,0.00589906051999126,0.8341962725464527,0.034337903935212424,0.0,0.0,0.0,0.0,0.0,0.0,0.0,0.0,0.0,0.0,0.0,0.0,0.0,0.0,0.0,0.0,0.0,0.0,0.0,0.00655451168887918,0.01966353506663754,0.14419925715534196,0.6751147039545556,3.2510377976840625,10.887043915228318,10.572427354162116,3.454227660039328,0.7537688442211057,0.1966353506663754,0.03932707013327508,4.1975724881995955,2.8327283918954387,4.59375,3.578227345697867,1.094382530120482,4.192890059249506,2.834296121561823,4.2117726657645465,2.8506717812844453,1.004503482382846,0.4053,0.01275,0.0,0.0,0.0,0.0,0.0,0.0,0.0,0.0,0.0,0.0,0.05243609351103344,10.166047629451592,19.447236180904525,0.33428009613283816,0.0,0.0,0.0,0.0,0.0,0.0,0.0,0.0,0.0,0.0,0.0,0.0,0.0,0.0,0.0,0.0,nan,nan,4.201801200800534,2.8420101053299858,nan,0.4053,0.0712,0.0,0.0,0.0,0.0,0.0,0.0,0.0,0.0,0.0,0.0,0.0,0.0,0.0,0.0,0.0,0.0,0.0,0.0,0.0011361153594057242,0.00016386279222197948,0.0,0.0006445269827397859,1.0924186148131964e-05,0.009853615905615032,0.0017260214114048504,0.0039982521302162986,0.024273541621149225,0.003288180030587721,0.016539217828271793,0.008422547520209744,0.013174568494647149,0.021946689971597117,0.04050688223727332,0.019106401573082805,0.04271356783919598,0.04117325759230937,0.0510596460563688,0.043063141795936205,0.05388901026873498,0.03686912824994538,0.044024470176971815,0.0809263709853616,0.02747432816255189,0.06309809919161022,0.054926807952807515,0.04056150316801398,0.03889010268734979,0.04275726458378851,0.03604981428883548,0.026174350010924188,0.012158619182870875,0.04445051343674896,0.010858641031243172,0.029833952370548394,0.005156215861918287,0.00467555167140048,0.001824339086738038,0.002414245138737164,8.739348918505571e-05,8.739348918505571e-05,1.0924186148131964e-05,0.0,0.0,0.0,0.0,0.0,0.0,0.0,0.0,0.0,0.0,0.0,0.0,0.0,0.0,0.0,0.0,0.0,0.0,0.0,0.0,0.0,0.0,0.0,0.0,0.0,0.0,0.0,0.0,0.0,0.0,0.0,0.0,0.0,0.0,0.0,0.0,0.0,0.0,0.0,0.0,nan,nan,4.201801200800534,2.8420101053299858,nan,0.8336850516685919,0.034409635268951536,0.0,0.0,0.0,0.0,0.0,0.0,0.0,0.0,0.0,0.0,0.0,0.0,0.0,0.0,0.0,0.0,0.0,0.0,0.0,0.012605042016806726,0.03781512605042017,0.13865546218487398,0.7310924369747901,3.214285714285704,10.978991596638659,10.487394957983197,3.441176470588236,0.7058823529411766,0.23949579831932777,0.012605042016806726,0.8347500757732661,0.03425141925806686,0.0,0.0,0.0,0.0,0.0,0.0,0.0,0.0,0.0,0.0,0.0,0.0,0.0,0.0,0.0,0.0,0.0,0.0,0.0,0.0,0.0,0.1502048247610378,0.6144742831133365,3.2908511606736357,10.78743741465635,10.664542558033684,3.468365953573055,0.8056440600819301,0.1502048247610378,0.06827492034592628,0.4055,0.01259,0.0,0.0,0.0,0.0,0.0,0.0,0.0,0.0,0.0,0.0,0.03781512605042017,10.071428571428557,19.525210084033617,0.36554621848739505,0.0,0.0,0.0,0.0,0.0,0.0,0.0,0.0,0.0,0.0,0.0,0.0,0.0,0.0,0.0,0.0,0.405,0.012924,0.0,0.0,0.0,0.0,0.0,0.0,0.0,0.0,0.0,0.0,0.06827492034592628,10.268548020027294,19.36276741010469,0.3004096495220756,0.0,0.0,0.0,0.0,0.0,0.0,0.0,0.0,0.0,0.0,0.0,0.0,0.0,0.0,0.0,0.0
94300,4636,2386,0.5146678170836928,1093,953,0.4413287316652286,1319,0.5690250215703192,0.40599999999999997,2.895111111111111,3.0484419497486996,6.515248796147673,2.097007397789283,8374.564365832615,506.4819252731474,7853.0,8866.4,8866.399999999998,1.8189894035458565e-12,7853.0,0.0,27.811259706643657,20.829890811458437,32.787956767884715,19.076944695988335,0.14257981018119067,0.09792924935289042,0.09361518550474547,0.08541846419327007,0.08283002588438308,0.07484900776531493,0.07549611734253667,0.05802415875754961,0.05327868852459016,0.056945642795513375,0.045297670405522,0.039257981018119066,0.03192407247627265,0.02825711820534944,0.017687661777394306,0.010785159620362382,0.005823986194995686,0.8352331449313859,0.033705027727337473,0.0,0.0,0.0,0.0,0.0,0.0,0.0,0.0,0.0,0.0,0.0,0.0,0.0,0.0,0.0,0.0,0.0,0.0,0.0,0.0,0.00647109577221743,0.11000862812769631,0.6665228645383954,2.976704055220008,10.63201035375324,11.175582398619502,3.4490940465918905,0.8024158757549613,0.1553062985332183,0.02588438308886972,4.245167853509664,2.879856235456573,4.633333333333334,2.7384099198054495,1.0914370157360813,4.252873563218391,2.914307492206693,4.245333333333333,2.8432044519442417,0.9982270270270268,0.4048,0.01292,0.0,0.0,0.0,0.0,0.0,0.0,0.0,0.0,0.0,0.0,0.058239861949956874,10.191975841242437,19.452113891285595,0.2976704055220018,0.0,0.0,0.0,0.0,0.0,0.0,0.0,0.0,0.0,0.0,0.0,0.0,0.0,0.0,0.0,0.0,nan,nan,4.249076871433367,2.8787273493441243,nan,0.4048,0.0709,0.0,0.0,0.0,0.0,0.0,0.0,0.0,0.0,0.0,0.0,0.0,0.0,0.0,0.0,0.0,0.0,0.0,0.0,0.0009167385677308024,3.235547886108715e-05,0.0,0.001100086281276963,4.3140638481449525e-05,0.009868421052631578,0.0018550474547023297,0.00362381363244176,0.02522648835202761,0.002512942191544435,0.015692407247627264,0.008078084555651423,0.012079378774805867,0.022163503019844693,0.04060612597066437,0.017105263157894738,0.04325927523727351,0.04569672131147541,0.05290120793787748,0.04392795513373598,0.055823986194995685,0.033746764452113893,0.04553494391716997,0.0788718723037101,0.025701035375323554,0.0646786022433132,0.055457290767903365,0.041371872303710096,0.03710094909404659,0.04466134598792062,0.03485763589301122,0.02672562553925798,0.01372950819672131,0.04170621225194133,0.011238136324417601,0.027868852459016394,0.005403364969801553,0.004497411561691113,0.0013697152717860224,0.002771786022433132,3.235547886108715e-05,0.00015099223468507334,1.0785159620362381e-05,0.0,0.0,0.0,0.0,0.0,0.0,0.0,0.0,0.0,0.0,0.0,0.0,0.0,0.0,0.0,0.0,0.0,0.0,0.0,0.0,0.0,0.0,0.0,0.0,0.0,0.0,0.0,0.0,0.0,0.0,0.0,0.0,0.0,0.0,0.0,0.0,0.0,0.0,0.0,0.0,nan,nan,4.249076871433367,2.8787273493441243,nan,0.8350192360885985,0.03395402693564392,0.0,0.0,0.0,0.0,0.0,0.0,0.0,0.0,0.0,0.0,0.0,0.0,0.0,0.0,0.0,0.0,0.0,0.0,0.0,0.0,0.0,0.12573344509639567,0.6663872590108971,3.067896060352044,10.637049455155074,11.001676445934622,3.48281642917016,0.8549874266554905,0.13830678960603524,0.025146689019279134,0.8354599833753373,0.03343745734928195,0.0,0.0,0.0,0.0,0.0,0.0,0.0,0.0,0.0,0.0,0.0,0.0,0.0,0.0,0.0,0.0,0.0,0.0,0.0,0.0,0.013333333333333336,0.09333333333333337,0.6666666666666667,2.879999999999991,10.626666666666669,11.360000000000003,3.413333333333334,0.7466666666666669,0.1733333333333334,0.026666666666666672,0.4045,0.013016,0.0,0.0,0.0,0.0,0.0,0.0,0.0,0.0,0.0,0.0,0.05029337803855827,10.5238893545683,19.12405699916178,0.3017602682313496,0.0,0.0,0.0,0.0,0.0,0.0,0.0,0.0,0.0,0.0,0.0,0.0,0.0,0.0,0.0,0.0,0.4053,0.01281,0.0,0.0,0.0,0.0,0.0,0.0,0.0,0.0,0.0,0.0,0.06666666666666668,9.839999999999986,19.800000000000004,0.2933333333333334,0.0,0.0,0.0,0.0,0.0,0.0,0.0,0.0,0.0,0.0,0.0,0.0,0.0,0.0,0.0,0.0
94400,4571,2398,0.5246116823452198,1130,934,0.45154233209363376,1278,0.5591774228833953,0.41,3.0170271514035893,3.0671552492886422,6.440809968847352,2.1415089080226815,8384.641478888647,506.0857759617899,7853.0,8866.4,8866.399999999998,1.8189894035458565e-12,7853.0,0.0,28.779260555677094,21.108279326245047,33.6732212160414,19.269211971069087,0.13585648654561366,0.09582148326405601,0.08663312185517393,0.08247648217020345,0.08116385911179173,0.07919492452417413,0.06628746444979217,0.060599431196674686,0.06453730037190987,0.0533800043754102,0.045504266024939836,0.04353533143732225,0.036753445635528334,0.03215926493108729,0.019251804856705315,0.01050098446729381,0.006344344782323342,0.836983359256424,0.03391956376654698,0.0,0.0,0.0,0.0,0.0,0.0,0.0,0.0,0.0,0.0,0.0,0.0,0.0,0.0,0.0,0.0,0.0,0.0,0.0,0.0,0.019689345876175896,0.07219426821264495,0.6300590680376287,2.710566615620206,10.245022970903523,11.688908335156425,3.511266681251368,0.8138262962152704,0.249398381098228,0.059068037628527685,4.164709828916471,2.8817769753038633,4.470588235294118,2.942940647376232,1.073445310464097,4.198534310459694,2.897405944895479,4.138044914134743,2.8676380226406217,0.9855927350232067,0.4043,0.0131,0.0,0.0,0.0,0.0,0.0,0.0,0.0,0.0,0.0,0.0,0.07219426821264495,10.894771384817311,18.65893677532269,0.37409757164734203,0.0,0.0,0.0,0.0,0.0,0.0,0.0,0.0,0.0,0.0,0.0,0.0,0.0,0.0,0.0,0.0,nan,nan,4.1681592039801,2.8826548986775506,nan,0.4043,0.0708,0.0,0.0,0.0,0.0,0.0,0.0,0.0,0.0,0.0,0.0,0.0,0.0,0.0,0.0,0.0,0.0,0.0,0.0,0.0012141763290308466,0.0,2.1877050973528767e-05,0.0009516517173485014,0.0001312623058411726,0.010435353314373223,0.0014657624152264275,0.004025377379129293,0.026449354626996283,0.0025158608619558083,0.015127980748195144,0.007788230146576242,0.010511922992780573,0.021264493546269962,0.04033034346970028,0.01626558739881864,0.04421352001750164,0.04635747101290746,0.05450667250054693,0.044147888864581056,0.05755852111135419,0.03417195362065194,0.04606213082476482,0.07900896959089915,0.025530518486108073,0.06542332093633778,0.05591774228833953,0.04169765915554583,0.037530080945088605,0.04363377816670313,0.03315467075038285,0.026843141544519798,0.013509078976154014,0.04000218770509735,0.011562021439509955,0.025968059505578647,0.006289652154889521,0.00391599212426165,0.0014876394661999563,0.0028440166265587398,2.1877050973528767e-05,0.00010938525486764385,0.0,0.0,3.281557646029315e-05,0.0,0.0,0.0,0.0,0.0,0.0,0.0,0.0,0.0,0.0,0.0,0.0,0.0,0.0,0.0,0.0,0.0,0.0,0.0,0.0,0.0,0.0,0.0,0.0,0.0,0.0,0.0,0.0,0.0,0.0,0.0,0.0,0.0,0.0,0.0,0.0,0.0,0.0,nan,nan,4.1681592039801,2.8826548986775506,nan,0.8376306157444198,0.03404471355053281,0.0,0.0,0.0,0.0,0.0,0.0,0.0,0.0,0.0,0.0,0.0,0.0,0.0,0.0,0.0,0.0,0.0,0.0,0.0,0.0,0.025020850708924108,0.050041701417848215,0.5629691409507924,2.702251876563795,10.246038365304422,11.734778982485407,3.477898248540451,0.8256880733944956,0.31276063386155134,0.06255212677231027,0.8362690835738588,0.033766519968823294,0.0,0.0,0.0,0.0,0.0,0.0,0.0,0.0,0.0,0.0,0.0,0.0,0.0,0.0,0.0,0.0,0.0,0.0,0.0,0.0,0.013805798435342848,0.09664058904739993,0.7040957202024851,2.719742291762532,10.243902439024392,11.638288080994021,3.548090197883112,0.8007363092498851,0.17947537965945703,0.05522319374137139,0.4043,0.01293,0.0,0.0,0.0,0.0,0.0,0.0,0.0,0.0,0.0,0.0,0.06255212677231027,10.721434528773964,18.840700583819853,0.37531276063386165,0.0,0.0,0.0,0.0,0.0,0.0,0.0,0.0,0.0,0.0,0.0,0.0,0.0,0.0,0.0,0.0,0.4043,0.013275,0.0,0.0,0.0,0.0,0.0,0.0,0.0,0.0,0.0,0.0,0.08283479061205708,11.086056143580286,18.458352508053387,0.37275655775425687,0.0,0.0,0.0,0.0,0.0,0.0,0.0,0.0,0.0,0.0,0.0,0.0,0.0,0.0,0.0,0.0
94500,4589,2401,0.5232076705164523,1133,932,0.44998910438003925,1295,0.5643931139681848,0.40599999999999997,3.026508226691042,3.1463729824403646,6.757723577235772,2.127978854427663,8383.218653301372,506.15389255333173,7853.0,8866.4,8866.4,0.0,7853.0,0.0,28.142078884288516,20.920458501451886,33.05877783531849,19.15370017263792,0.1388101983002833,0.09762475484855088,0.09261276966659403,0.08803660928306821,0.07910220091523208,0.07605142732621487,0.06668119415994771,0.06188712137720636,0.058182610590542604,0.056657223796033995,0.049466114621921985,0.04292874264545653,0.030725648289387668,0.02484201351056875,0.016779254739594684,0.010459795162344738,0.009152320767051645,0.835605197883842,0.03405079463840221,0.0,0.0,0.0,0.0,0.0,0.0,0.0,0.0,0.0,0.0,0.0,0.0,0.0,0.0,0.0,0.0,0.0,0.0,0.0,0.0,0.045761603835258235,0.12421006755284378,0.5687513619524952,3.0071911091741024,10.283286118980172,11.401176726955766,3.615166702985401,0.7844846371758555,0.15035955545870563,0.019612115929396386,4.288383152173913,2.9042792350140068,4.117647058823529,3.4450706974932523,0.9601863715783342,4.481358189081225,2.9268691922436236,4.088075880758808,2.8814129766851524,0.9122403763036295,0.404,0.01313,0.0,0.0,0.0,0.0,0.0,0.0,0.0,0.0,0.0,0.0,0.08498583569405102,11.133144475920664,18.40923948572674,0.37263020265853136,0.0,0.0,0.0,0.0,0.0,0.0,0.0,0.0,0.0,0.0,0.0,0.0,0.0,0.0,0.0,0.0,nan,nan,4.286433848220282,2.9110770087828035,nan,0.404,0.0709,0.0,0.0,0.0,0.0,0.0,0.0,0.0,0.0,0.0,0.0,0.0,0.0,0.0,0.0,0.0,0.0,0.0,0.0,0.0012094138156461102,1.0895619960775769e-05,0.00010895619960775768,0.001078666376116801,0.0003159729788624973,0.012224885595990411,0.0009588145565482676,0.0028001743299193725,0.025713663107430812,0.0022336020919590323,0.013913706689910656,0.007430812813249074,0.012213989976029635,0.022444977119198083,0.0411418609718893,0.016604924820222272,0.04324471562431902,0.046971017650904334,0.054031379385487036,0.04127260841141861,0.05667901503595554,0.035999128350403135,0.05078448463717586,0.07783830899978209,0.024449771191980822,0.06468729570712574,0.05797559381128786,0.041926345609065156,0.03911527565918501,0.03918064937894966,0.032741337982131184,0.026062322946175637,0.014828938766615821,0.03923512747875354,0.010329047722815428,0.025768141207234693,0.007310960993680541,0.0045216822837219435,0.001318370015253868,0.0031270429287426453,1.0895619960775769e-05,0.00011985181956853346,0.0,0.0,6.537371976465461e-05,0.0,0.0,0.0,0.0,0.0,0.0,0.0,0.0,0.0,0.0,0.0,0.0,0.0,0.0,0.0,0.0,0.0,0.0,0.0,0.0,0.0,0.0,0.0,0.0,0.0,0.0,0.0,0.0,0.0,0.0,0.0,0.0,0.0,0.0,0.0,0.0,0.0,0.0,nan,nan,4.286433848220282,2.9110770087828035,nan,0.8360988420032055,0.03376150696305856,0.0,0.0,0.0,0.0,0.0,0.0,0.0,0.0,0.0,0.0,0.0,0.0,0.0,0.0,0.0,0.0,0.0,0.0,0.0,0.0,0.06247396917950855,0.09995835068721369,0.48729695960016667,2.7863390254060723,10.508121615993339,11.457725947521869,3.5985006247396925,0.8121615993336112,0.16243231986672224,0.024989587671803423,0.8350634979155643,0.03435728099195994,0.0,0.0,0.0,0.0,0.0,0.0,0.0,0.0,0.0,0.0,0.0,0.0,0.0,0.0,0.0,0.0,0.0,0.0,0.0,0.0,0.02742230347349178,0.15082266910420478,0.6581352833638027,3.249542961608765,10.03656307129799,11.339122486288852,3.6334552102376607,0.7541133455210239,0.13711151736745888,0.01371115173674589,0.404,0.0133,0.0,0.0,0.0,0.0,0.0,0.0,0.0,0.0,0.0,0.0,0.11245314452311539,11.232819658475618,18.2798833819242,0.37484381507705133,0.0,0.0,0.0,0.0,0.0,0.0,0.0,0.0,0.0,0.0,0.0,0.0,0.0,0.0,0.0,0.0,0.4043,0.012955,0.0,0.0,0.0,0.0,0.0,0.0,0.0,0.0,0.0,0.0,0.05484460694698356,11.023765996343677,18.551188299817188,0.37020109689213904,0.0,0.0,0.0,0.0,0.0,0.0,0.0,0.0,0.0,0.0,0.0,0.0,0.0,0.0,0.0,0.0
94600,4731,2432,0.5140562248995983,1121,993,0.4468399915451279,1347,0.569435637285986,0.40199999999999997,2.918225315354502,3.0724629964270527,6.606451612903226,2.1213105328289275,8373.944578313252,506.49973542804287,7853.0,8866.4,8866.4,0.0,7853.0,0.0,27.65588670471359,20.830707254765247,32.71837044534413,19.057615248608226,0.14648065948002537,0.09765377298668358,0.0932149651236525,0.08856478545761995,0.0788416825195519,0.07693933629253857,0.06489114352145424,0.06594800253646163,0.05981822024941873,0.05199746353836398,0.04206298879729444,0.04121750158528852,0.032551257662227856,0.024730500951173115,0.018389346861128725,0.01056859015007398,0.006129782287042909,0.8352676184150689,0.034402581264428626,0.0,0.0,0.0,0.0,0.0,0.0,0.0,0.0,0.0,0.0,0.0,0.0,0.0,0.0,0.0,0.0,0.0,0.0,0.0,0.006341154090044389,0.04438807863031073,0.14584654407102096,0.5833861762840838,3.1452124286620067,10.259987317691822,11.299936588459103,3.500317057704503,0.7799619530754599,0.17755231452124293,0.057070386810399505,4.334786984233479,2.8844388449802603,4.425,2.9655311497268073,1.0208114069029561,4.336417713152676,2.8632368346307953,4.335543766578249,2.907756805168704,0.9997984634709483,0.4053,0.01297,0.0,0.0,0.0,0.0,0.0,0.0,0.0,0.0,0.0,0.0,0.04438807863031073,10.361445783132515,19.0995561192137,0.49461001902346236,0.0,0.0,0.0,0.0,0.0,0.0,0.0,0.0,0.0,0.0,0.0,0.0,0.0,0.0,0.0,0.0,nan,nan,4.3359814630916915,2.885545872123059,nan,0.4053,0.07086,0.0,0.0,0.0,0.0,0.0,0.0,0.0,0.0,0.0,0.0,0.0,0.0,0.0,0.0,0.0,0.0,0.0,0.0,0.0012048192771084338,0.0,0.0001056859015007398,0.0006552525893045867,0.00040160642570281126,0.011931938279433523,0.001056859015007398,0.0024096385542168677,0.028767702388501373,0.0018072289156626507,0.012122172902134855,0.007091523990699641,0.01170999788628197,0.020851828366095962,0.03807863031071655,0.01649756922426548,0.04086873811033608,0.04928133586979497,0.05239906996406679,0.041883322764743186,0.05426971042062989,0.03766645529486366,0.04933417882054534,0.08161065313887128,0.023863876558867046,0.0642147537518495,0.059976749101669835,0.04153455928979074,0.03842739378566899,0.040562248995983936,0.034929190445994504,0.025322341999577256,0.012946522933840625,0.04291904459945043,0.011752272246882266,0.024931304164024518,0.006679348974846755,0.004819277108433735,0.0013210737687592475,0.0036673007820756712,1.056859015007398e-05,0.00011625449165081379,0.0,0.0,0.0,0.0,0.0,0.0,0.0,0.0,0.0,0.0,0.0,0.0,0.0,0.0,0.0,0.0,0.0,0.0,0.0,0.0,0.0,0.0,0.0,0.0,0.0,0.0,0.0,0.0,0.0,0.0,0.0,0.0,0.0,0.0,0.0,0.0,0.0,0.0,0.0,0.0,0.0,nan,nan,4.3359814630916915,2.885545872123059,nan,0.8355717035745712,0.03493431601862449,0.0,0.0,0.0,0.0,0.0,0.0,0.0,0.0,0.0,0.0,0.0,0.0,0.0,0.0,0.0,0.0,0.0,0.0,0.0,0.012335526315789477,0.012335526315789477,0.1603618421052632,0.6661184210526317,3.096217105263148,10.226151315789476,11.200657894736844,3.515625000000001,0.8511513157894739,0.19736842105263164,0.06167763157894738,0.8349459415521244,0.033828014403336874,0.0,0.0,0.0,0.0,0.0,0.0,0.0,0.0,0.0,0.0,0.0,0.0,0.0,0.0,0.0,0.0,0.0,0.0,0.0,0.0,0.07829491083079601,0.1304915180513267,0.49586776859504145,3.197042192257493,10.295780774249675,11.404958677685954,3.4841235319704227,0.7046541974771642,0.15658982166159202,0.052196607220530676,0.4055,0.01291,0.0,0.0,0.0,0.0,0.0,0.0,0.0,0.0,0.0,0.0,0.06167763157894738,9.794407894736828,19.638157894736846,0.5057565789473685,0.0,0.0,0.0,0.0,0.0,0.0,0.0,0.0,0.0,0.0,0.0,0.0,0.0,0.0,0.0,0.0,0.405,0.01303,0.0,0.0,0.0,0.0,0.0,0.0,0.0,0.0,0.0,0.0,0.026098303610265338,10.961287516311424,18.52979556328839,0.48281861678990873,0.0,0.0,0.0,0.0,0.0,0.0,0.0,0.0,0.0,0.0,0.0,0.0,0.0,0.0,0.0,0.0
94700,4403,2313,0.5253236429707018,1079,899,0.4492391551215081,1191,0.5409947762888939,0.45,3.0210526315789474,3.1567557754660163,6.689236111111111,2.2880172699490005,8385.36297978651,506.0497025673239,7853.0,8866.4,8866.399999999998,1.8189894035458565e-12,7853.0,0.0,27.86577333636157,20.933634424116168,32.84565393988627,19.18502004100942,0.14081308198955259,0.09993186463774699,0.09493527140585964,0.0883488530547354,0.0797183738360209,0.07540313422666364,0.06722689075630252,0.06018623665682489,0.058823529411764705,0.051101521689756985,0.05042016806722689,0.040199863729275497,0.03384056325232796,0.020213490801726096,0.019986372927549397,0.012037247331364978,0.006813536225300931,0.834529519284175,0.03233929665346642,0.0,0.0,0.0,0.0,0.0,0.0,0.0,0.0,0.0,0.0,0.0,0.0,0.0,0.0,0.0,0.0,0.0,0.0,0.0,0.0,0.03406768112650466,0.08857597092891213,0.6132182602770839,2.7526686350215677,10.881217351805589,11.53531682943448,3.427208721326369,0.5314558255734727,0.102203043379514,0.03406768112650466,4.223252496433666,2.91646929184144,5.153846153846154,2.597222002482174,1.2203499928546375,4.314084507042254,2.977133311328524,4.148936170212766,2.8487552842749806,0.9617187988413527,0.406,0.0132,0.0,0.0,0.0,0.0,0.0,0.0,0.0,0.0,0.0,0.0,0.020440608675902798,9.579831932773097,19.854644560526918,0.5450828980240746,0.0,0.0,0.0,0.0,0.0,0.0,0.0,0.0,0.0,0.0,0.0,0.0,0.0,0.0,0.0,0.0,nan,nan,4.231802120141343,2.915047945783154,nan,0.406,0.07056,0.0,0.0,0.0,0.0,0.0,0.0,0.0,0.0,0.0,0.0,0.0,0.0,0.0,0.0,0.0,0.0,2.271178741766977e-05,0.0,0.0010106745400863047,0.0,0.00011355893708834885,0.0008062684533272768,0.0002498296615943675,0.01134453781512605,0.0006359300476947536,0.0016125369066545537,0.02796956620486032,0.0018282988871224164,0.012888939359527595,0.007551669316375199,0.010674540086304793,0.02027027027027027,0.038700885759709286,0.015659777424483306,0.03982511923688394,0.05278219395866455,0.053191006132182604,0.04002952532364297,0.05421303656597774,0.03786054962525551,0.04967067908244379,0.0739268680445151,0.026277538042243923,0.06480808539632069,0.0602543720190779,0.04148307971837384,0.04035884624119918,0.041687485805132866,0.03814444696797638,0.02566431978196684,0.01338859868271633,0.041358164887576654,0.012128094481035658,0.023620258914376562,0.008028616852146264,0.005053372700431524,0.001374063138769021,0.00346354758119464,0.0,4.542357483533954e-05,2.271178741766977e-05,0.0,0.0,0.0,0.0,0.0,0.0,0.0,0.0,0.0,0.0,0.0,0.0,0.0,0.0,0.0,0.0,0.0,0.0,0.0,0.0,0.0,0.0,0.0,0.0,0.0,0.0,0.0,0.0,0.0,0.0,0.0,0.0,0.0,0.0,0.0,0.0,0.0,0.0,0.0,0.0,nan,nan,4.231802120141343,2.915047945783154,nan,0.8345965810065346,0.032903056855501496,0.0,0.0,0.0,0.0,0.0,0.0,0.0,0.0,0.0,0.0,0.0,0.0,0.0,0.0,0.0,0.0,0.0,0.0,0.0,0.0,0.025940337224383922,0.09079118028534373,0.635538261997406,2.879377431906606,10.752269779507136,11.517509727626463,3.3463035019455263,0.5966277561608302,0.10376134889753569,0.051880674448767844,0.8344553021723004,0.03170353443877447,0.0,0.0,0.0,0.0,0.0,0.0,0.0,0.0,0.0,0.0,0.0,0.0,0.0,0.0,0.0,0.0,0.0,0.0,0.0,0.0,0.04306220095693781,0.08612440191387562,0.5885167464114833,2.6124401913875515,11.023923444976079,11.555023923444978,3.5167464114832545,0.45933014354067,0.10047846889952156,0.014354066985645937,0.4065,0.013054,0.0,0.0,0.0,0.0,0.0,0.0,0.0,0.0,0.0,0.0,0.025940337224383922,9.377431906614772,19.98702983138781,0.6095979247730221,0.0,0.0,0.0,0.0,0.0,0.0,0.0,0.0,0.0,0.0,0.0,0.0,0.0,0.0,0.0,0.0,0.4058,0.01335,0.0,0.0,0.0,0.0,0.0,0.0,0.0,0.0,0.0,0.0,0.014354066985645937,9.803827751196158,19.70813397129187,0.4736842105263159,0.0,0.0,0.0,0.0,0.0,0.0,0.0,0.0,0.0,0.0,0.0,0.0,0.0,0.0,0.0,0.0
94800,4688,2440,0.5204778156996587,1148,969,0.4515784982935154,1328,0.5665529010238908,0.40199999999999997,3.0645017793594307,3.1382475249057245,6.799065420560748,2.055718958168282,8380.452218430035,506.27486154285003,7853.0,8866.4,8866.399999999998,1.8189894035458565e-12,7853.0,0.0,28.195392491467576,20.836296253641144,33.04474216380182,19.060670791992067,0.13715870307167236,0.09748293515358361,0.09321672354948805,0.0848976109215017,0.07508532423208192,0.08041808873720137,0.07487201365187714,0.06036689419795222,0.0625,0.05162116040955631,0.046501706484641636,0.03967576791808874,0.036476109215017066,0.0253839590443686,0.016211604095563138,0.011305460750853242,0.006825938566552901,0.8365276386586269,0.03432609353630431,0.0,0.0,0.0,0.0,0.0,0.0,0.0,0.0,0.0,0.0,0.0,0.0,0.0,0.0,0.0,0.0,0.0,0.0,0.0,0.0,0.01919795221843004,0.0703924914675768,0.6271331058020478,2.8796928327644964,10.008532423208193,11.95392491467577,3.3660409556314,0.7807167235494883,0.21757679180887377,0.07679180887372015,4.330026455026455,2.890336572433327,3.72,2.6460536653665963,0.8591171528944556,4.283093053735255,2.8549127372095806,4.367038739330269,2.922036336599192,1.0195993139868407,0.4062,0.01297,0.0,0.0,0.0,0.0,0.0,0.0,0.0,0.0,0.0,0.0,0.06399317406143346,9.28540955631398,20.189846416382256,0.4607508532423209,0.0,0.0,0.0,0.0,0.0,0.0,0.0,0.0,0.0,0.0,0.0,0.0,0.0,0.0,0.0,0.0,nan,nan,4.325024598228928,2.888941414022676,nan,0.4062,0.071,0.0,0.0,0.0,0.0,0.0,0.0,0.0,0.0,0.0,0.0,0.0,0.0,0.0,0.0,0.0,0.0,6.399317406143345e-05,0.0,0.0010558873720136518,0.0,0.00035196245733788397,0.0010665529010238908,0.0004266211604095563,0.011646757679180888,0.0005972696245733788,0.0015678327645051195,0.027399744027303753,0.001503839590443686,0.01308660409556314,0.007753839590443686,0.011476109215017065,0.02041382252559727,0.03760665529010239,0.017267491467576793,0.038822525597269626,0.05283703071672355,0.04877346416382253,0.04010238907849829,0.057316552901023894,0.038502559726962454,0.052165102389078497,0.07230162116040956,0.025511945392491468,0.06449445392491468,0.06232935153583618,0.039878412969283274,0.03739334470989761,0.04137158703071672,0.037468003412969283,0.026631825938566552,0.011870733788395904,0.04306740614334471,0.013150597269624573,0.023613481228668944,0.008265784982935153,0.005546075085324232,0.0014078498293515359,0.0037542662116040954,2.1331058020477816e-05,0.00011732081911262798,0.0,0.0,0.0,0.0,0.0,0.0,0.0,0.0,0.0,0.0,0.0,0.0,0.0,0.0,0.0,0.0,0.0,0.0,0.0,0.0,0.0,0.0,0.0,0.0,0.0,0.0,0.0,0.0,0.0,0.0,0.0,0.0,0.0,0.0,0.0,0.0,0.0,0.0,0.0,0.0,0.0,nan,nan,4.325024598228928,2.888941414022676,nan,0.8373046046886288,0.0345453457312348,0.0,0.0,0.0,0.0,0.0,0.0,0.0,0.0,0.0,0.0,0.0,0.0,0.0,0.0,0.0,0.0,0.0,0.0,0.0,0.0,0.0,0.03688524590163935,0.6270491803278689,2.8770491803278597,9.995901639344265,11.889344262295085,3.4057377049180335,0.7991803278688526,0.2581967213114755,0.11065573770491806,0.8356843125406533,0.034066469593079955,0.0,0.0,0.0,0.0,0.0,0.0,0.0,0.0,0.0,0.0,0.0,0.0,0.0,0.0,0.0,0.0,0.0,0.0,0.0,0.0,0.0400355871886121,0.10676156583629896,0.6272241992882563,2.882562277580062,10.022241992882563,12.02402135231317,3.322953736654805,0.7606761565836301,0.17348754448398582,0.0400355871886121,0.4062,0.01293,0.0,0.0,0.0,0.0,0.0,0.0,0.0,0.0,0.0,0.0,0.061475409836065587,9.098360655737691,20.286885245901644,0.5532786885245903,0.0,0.0,0.0,0.0,0.0,0.0,0.0,0.0,0.0,0.0,0.0,0.0,0.0,0.0,0.0,0.0,0.406,0.01301,0.0,0.0,0.0,0.0,0.0,0.0,0.0,0.0,0.0,0.0,0.06672597864768684,9.488434163701054,20.08451957295374,0.360320284697509,0.0,0.0,0.0,0.0,0.0,0.0,0.0,0.0,0.0,0.0,0.0,0.0,0.0,0.0,0.0,0.0
94900,4675,2464,0.5270588235294118,1149,936,0.4459893048128342,1282,0.5484491978609626,0.422,3.004070556309362,3.093811637772983,6.617021276595745,2.137033360870162,8387.121411764705,505.9574647901049,7853.0,8866.4,8866.4,0.0,7853.0,0.0,27.65860962566845,20.81813864068018,32.720286885245905,19.05281804163187,0.14096256684491978,0.10459893048128342,0.08705882352941176,0.09090909090909091,0.0827807486631016,0.0748663101604278,0.07272727272727272,0.06203208556149733,0.05754010695187166,0.05176470588235294,0.0427807486631016,0.038502673796791446,0.033155080213903745,0.025454545454545455,0.015401069518716578,0.012620320855614974,0.006844919786096256,0.836979812300779,0.03384719916315331,0.0,0.0,0.0,0.0,0.0,0.0,0.0,0.0,0.0,0.0,0.0,0.0,0.0,0.0,0.0,0.0,0.0,0.0,0.0,0.0,0.019251336898395723,0.07700534759358289,0.6160427807486631,2.7208556149732535,10.036363636363637,11.717647058823532,3.792513368983958,0.7764705882352944,0.16042780748663105,0.08342245989304815,4.23035413153457,2.8942967777149877,4.115384615384615,2.707921756012605,0.9728227206103311,4.2254374158815615,2.808308005380087,4.23470744680851,2.9741962385620186,1.002193863028738,0.406,0.012794,0.0,0.0,0.0,0.0,0.0,0.0,0.0,0.0,0.0,0.0,0.038502673796791446,9.612834224598917,19.886631016042784,0.46203208556149744,0.0,0.0,0.0,0.0,0.0,0.0,0.0,0.0,0.0,0.0,0.0,0.0,0.0,0.0,0.0,0.0,nan,nan,4.229354730859244,2.892748092406576,nan,0.406,0.07117,0.0,0.0,0.0,0.0,0.0,0.0,0.0,0.0,0.0,0.0,0.0,0.0,0.0,0.0,0.0,0.0,2.1390374331550803e-05,0.0,0.0014438502673796792,0.0,0.00048128342245989307,0.0011978609625668448,0.00032085561497326203,0.011058823529411765,0.00035294117647058826,0.001732620320855615,0.027058823529411764,0.001518716577540107,0.013732620320855616,0.007871657754010695,0.01267379679144385,0.021048128342245988,0.03809625668449198,0.017668449197860963,0.03598930481283422,0.05517647058823529,0.04709090909090909,0.03959358288770053,0.06115508021390374,0.03706951871657754,0.0500855614973262,0.06996791443850267,0.02586096256684492,0.0675187165775401,0.06487700534759358,0.03794652406417112,0.03702673796791444,0.04071657754010695,0.03759358288770053,0.025550802139037432,0.012374331550802139,0.04088770053475936,0.012352941176470587,0.024877005347593583,0.007764705882352941,0.006160427807486631,0.0011550802139037434,0.004887700534759358,0.0,4.2780748663101606e-05,0.0,0.0,0.0,0.0,0.0,0.0,0.0,0.0,0.0,0.0,0.0,0.0,0.0,0.0,0.0,0.0,0.0,0.0,0.0,0.0,0.0,0.0,0.0,0.0,0.0,0.0,0.0,0.0,0.0,0.0,0.0,0.0,0.0,0.0,0.0,0.0,0.0,0.0,0.0,0.0,0.0,nan,nan,4.229354730859244,2.892748092406576,nan,0.836703812921202,0.03412266226403778,0.0,0.0,0.0,0.0,0.0,0.0,0.0,0.0,0.0,0.0,0.0,0.0,0.0,0.0,0.0,0.0,0.0,0.0,0.0,0.0,0.0,0.09740259740259742,0.6696428571428573,2.8003246753246667,9.947240259740262,11.822240259740262,3.628246753246754,0.718344155844156,0.20698051948051951,0.10957792207792211,0.8372873936989145,0.03353487362975941,0.0,0.0,0.0,0.0,0.0,0.0,0.0,0.0,0.0,0.0,0.0,0.0,0.0,0.0,0.0,0.0,0.0,0.0,0.0,0.0,0.040705563093622804,0.0542740841248304,0.5563093622795117,2.6322930800542657,10.135685210312078,11.6010854816825,3.975576662143827,0.8412483039348713,0.1085481682496608,0.0542740841248304,0.406,0.01269,0.0,0.0,0.0,0.0,0.0,0.0,0.0,0.0,0.0,0.0,0.024350649350649355,9.691558441558428,19.857954545454547,0.4261363636363637,0.0,0.0,0.0,0.0,0.0,0.0,0.0,0.0,0.0,0.0,0.0,0.0,0.0,0.0,0.0,0.0,0.406,0.01292,0.0,0.0,0.0,0.0,0.0,0.0,0.0,0.0,0.0,0.0,0.0542740841248304,9.52510176390772,19.91858887381276,0.5020352781546813,0.0,0.0,0.0,0.0,0.0,0.0,0.0,0.0,0.0,0.0,0.0,0.0,0.0,0.0,0.0,0.0
95000,4884,2490,0.5098280098280098,1149,1012,0.44246519246519245,1417,0.5802620802620803,0.38599999999999995,2.8830409356725144,2.9527928429022126,6.1579710144927535,2.1581598305575755,8369.659705159705,506.6021064633778,7853.0,8866.4,8866.4,0.0,7853.0,0.0,28.4013104013104,21.025234592825353,33.30468560330177,19.23724322674022,0.13636363636363635,0.09377559377559377,0.09643734643734644,0.08681408681408681,0.07882882882882883,0.07227682227682228,0.07063882063882064,0.06736281736281736,0.05692055692055692,0.051392301392301394,0.050573300573300575,0.03767403767403767,0.03746928746928747,0.02661752661752662,0.019451269451269453,0.009828009828009828,0.007575757575757576,0.8364320555541673,0.03228574611187497,0.0,0.0,0.0,0.0,0.0,0.0,0.0,0.0,0.0,0.0,0.0,0.0,0.0,0.0,0.0,0.0,0.0,0.0,0.0,0.0,0.006142506142506144,0.10442260442260444,0.4606879606879608,2.8255528255528164,10.196560196560199,12.020884520884524,3.574938574938576,0.6203931203931204,0.15356265356265358,0.03685503685503686,4.249208359721343,2.8094922462481935,4.230769230769231,2.516219574430173,0.9956605731253618,4.143939393939394,2.7912631795911054,4.353125,2.819073914315657,1.0504798903107864,0.4062,0.01297,0.0,0.0,0.0,0.0,0.0,0.0,0.0,0.0,0.0,0.0,0.030712530712530717,9.625307125307112,19.840294840294842,0.5036855036855038,0.0,0.0,0.0,0.0,0.0,0.0,0.0,0.0,0.0,0.0,0.0,0.0,0.0,0.0,0.0,0.0,nan,nan,4.249057788944723,2.807221997526043,nan,0.4062,0.07104,0.0,0.0,0.0,0.0,0.0,0.0,0.0,0.0,0.0,0.0,0.0,0.0,0.0,0.0,0.0,0.0,0.0,0.0,0.0011363636363636363,0.0,0.0004914004914004914,0.001423013923013923,0.00036855036855036854,0.010995085995085994,0.0005630630630630631,0.0020167895167895167,0.027927927927927927,0.0011773136773136773,0.012735462735462735,0.008691646191646191,0.011742424242424242,0.022143734643734644,0.038052825552825555,0.01725020475020475,0.035155610155610154,0.05137182637182637,0.04696969696969697,0.03754095004095004,0.06252047502047502,0.038564701064701064,0.05045045045045045,0.07158067158067158,0.025112612612612613,0.07020884520884521,0.06536650286650286,0.03854422604422605,0.03678337428337428,0.038001638001638,0.03865683865683866,0.025962325962325963,0.01125102375102375,0.04248566748566748,0.01252047502047502,0.023484848484848483,0.008742833742833743,0.00604013104013104,0.0008394758394758394,0.005057330057330057,3.071253071253071e-05,0.0,4.095004095004095e-05,0.0,0.0,0.0,0.0,0.0,0.0,0.0,0.0,0.0,0.0,0.0,0.0,0.0,0.0,0.0,0.0,0.0,0.0,0.0,0.0,0.0,0.0,0.0,0.0,0.0,0.0,0.0,0.0,0.0,0.0,0.0,0.0,0.0,0.0,0.0,0.0,0.0,0.0,0.0,0.0,nan,nan,4.249057788944723,2.807221997526043,nan,0.8365117559950036,0.032537344557555394,0.0,0.0,0.0,0.0,0.0,0.0,0.0,0.0,0.0,0.0,0.0,0.0,0.0,0.0,0.0,0.0,0.0,0.0,0.0,0.0,0.01204819277108434,0.10843373493975905,0.4457831325301206,2.903614457831316,9.85542168674699,12.313253012048195,3.55421686746988,0.6024096385542169,0.15662650602409642,0.04819277108433736,0.8363491591056785,0.0320217507931475,0.0,0.0,0.0,0.0,0.0,0.0,0.0,0.0,0.0,0.0,0.0,0.0,0.0,0.0,0.0,0.0,0.0,0.0,0.0,0.0,0.0,0.10025062656641606,0.4761904761904763,2.7443609022556306,10.551378446115292,11.716791979949878,3.5964912280701764,0.6390977443609024,0.15037593984962408,0.025062656641604016,0.4062,0.01295,0.0,0.0,0.0,0.0,0.0,0.0,0.0,0.0,0.0,0.0,0.04819277108433736,9.674698795180708,19.81927710843374,0.4578313253012049,0.0,0.0,0.0,0.0,0.0,0.0,0.0,0.0,0.0,0.0,0.0,0.0,0.0,0.0,0.0,0.0,0.4062,0.012985,0.0,0.0,0.0,0.0,0.0,0.0,0.0,0.0,0.0,0.0,0.012531328320802008,9.573934837092718,19.86215538847118,0.5513784461152883,0.0,0.0,0.0,0.0,0.0,0.0,0.0,0.0,0.0,0.0,0.0,0.0,0.0,0.0,0.0,0.0
95100,4882,2605,0.5335927898402294,1244,969,0.45329782875870545,1349,0.5526423596886522,0.40199999999999997,3.0219587176108917,3.1365429461597882,6.5625,2.264298154164416,8393.742933224088,505.5551094564272,7853.0,8866.4,8866.399999999998,1.8189894035458565e-12,7853.0,0.0,28.33162638263007,20.744619184005636,32.961695976873045,19.03598710404514,0.12761163457599345,0.09934453092994674,0.0952478492421139,0.08705448586644818,0.0819336337566571,0.07947562474395739,0.06554690700532569,0.06595657517410897,0.06349856616140925,0.051413355182302334,0.04752150757886112,0.040352314625153624,0.03441212617779599,0.023555919705038918,0.020278574354772635,0.008398197460057353,0.008398197460057353,0.8377370599814489,0.03278204735556878,0.0,0.0,0.0,0.0,0.0,0.0,0.0,0.0,0.0,0.0,0.0,0.0,0.0,0.0,0.0,0.0,0.0,0.0,0.0,0.0,0.01843506759524785,0.12290045063498568,0.4731667349446949,2.556329373207694,9.838181073330604,12.302335108562067,3.6439983613273257,0.8480131093814013,0.17206063088897997,0.024580090126997137,4.170246367656349,2.945559803261582,4.964285714285714,3.23465766412485,1.1904058601400116,4.14294670846395,2.9469082837605733,4.211382113821138,2.950980889227453,1.016518533829406,0.4062,0.01311,0.0,0.0,0.0,0.0,0.0,0.0,0.0,0.0,0.0,0.0,0.04301515772224499,9.555510036870121,19.848422777550187,0.5530520278574356,0.0,0.0,0.0,0.0,0.0,0.0,0.0,0.0,0.0,0.0,0.0,0.0,0.0,0.0,0.0,0.0,nan,nan,4.1772072636192865,2.9491463528693,nan,0.4062,0.07117,0.0,0.0,0.0,0.0,0.0,0.0,0.0,0.0,0.0,0.0,0.0,0.0,0.0,0.0,0.0,0.0,0.0,0.0,0.0012802130274477672,0.0,0.0005837771405161819,0.0015977058582548136,0.0005837771405161819,0.009657927079065957,0.000440393281442032,0.0024784924211388774,0.027478492421138877,0.0011368291683736174,0.01297623924621057,0.010385088078656289,0.011194182712003278,0.021855796804588285,0.039205243752560424,0.017595247849242115,0.03593814010651372,0.04930356411306842,0.04802335108562065,0.035692339205243756,0.06116345759934453,0.038857025809094635,0.05081933633756657,0.07066775911511676,0.024498156493240476,0.07228594838181074,0.06649938549774682,0.039870954526833265,0.03410487505120852,0.036706267922982386,0.038519049569848425,0.027867677181483,0.010487505120852109,0.04199098730028677,0.013150348217943466,0.024426464563703402,0.009319950839819745,0.005571487095452683,0.0012392462105694387,0.0043527242933224086,0.00012290045063498566,0.0,0.0,7.169192953707497e-05,0.0,0.0,0.0,0.0,0.0,0.0,0.0,0.0,0.0,0.0,0.0,0.0,0.0,0.0,0.0,0.0,0.0,0.0,0.0,0.0,0.0,0.0,0.0,0.0,0.0,0.0,0.0,0.0,0.0,0.0,0.0,0.0,0.0,0.0,0.0,0.0,0.0,0.0,0.0,nan,nan,4.1772072636192865,2.9491463528693,nan,0.8378040724203363,0.03282617162708802,0.0,0.0,0.0,0.0,0.0,0.0,0.0,0.0,0.0,0.0,0.0,0.0,0.0,0.0,0.0,0.0,0.0,0.0,0.0,0.0,0.011516314779270636,0.13819577735124763,0.5182341650671786,2.4760076775431785,9.650671785028793,12.598848368522075,3.5585412667946263,0.8637236084452977,0.1612284069097889,0.02303262955854127,0.8376603944551856,0.032731325800720655,0.0,0.0,0.0,0.0,0.0,0.0,0.0,0.0,0.0,0.0,0.0,0.0,0.0,0.0,0.0,0.0,0.0,0.0,0.0,0.0,0.026350461133069835,0.10540184453227934,0.42160737812911736,2.6482213438735096,10.05270092226614,11.963109354413705,3.7417654808959164,0.8300395256916998,0.18445322793148886,0.026350461133069835,0.4062,0.01325,0.0,0.0,0.0,0.0,0.0,0.0,0.0,0.0,0.0,0.0,0.02303262955854127,9.800383877159295,19.56621880998081,0.6103646833013437,0.0,0.0,0.0,0.0,0.0,0.0,0.0,0.0,0.0,0.0,0.0,0.0,0.0,0.0,0.0,0.0,0.4065,0.012955,0.0,0.0,0.0,0.0,0.0,0.0,0.0,0.0,0.0,0.0,0.06587615283267459,9.275362318840568,20.171277997364957,0.4874835309617919,0.0,0.0,0.0,0.0,0.0,0.0,0.0,0.0,0.0,0.0,0.0,0.0,0.0,0.0,0.0,0.0
95200,4872,2497,0.5125205254515599,1155,1013,0.44499178981937604,1384,0.5681444991789819,0.38999999999999996,2.8766315789473684,3.05451197257135,6.4984709480122325,2.0518874994302347,8372.38830049261,506.5411108988184,7853.0,8866.4,8866.4,0.0,7853.0,0.0,27.97762725779967,21.079598155788062,32.83284600389864,19.426257152343958,0.138752052545156,0.10447454844006568,0.09133825944170772,0.08702791461412152,0.0827175697865353,0.07512315270935961,0.06383415435139574,0.06609195402298851,0.056444991789819376,0.05028735632183908,0.045361247947454844,0.04310344827586207,0.03017241379310345,0.026272577996715927,0.018267651888341542,0.012315270935960592,0.00841543513957307,0.8376210700163896,0.03337065490395825,0.0,0.0,0.0,0.0,0.0,0.0,0.0,0.0,0.0,0.0,0.0,0.0,0.0,0.0,0.0,0.0,0.0,0.0,0.0,0.0,0.01847290640394089,0.06773399014778327,0.5418719211822661,2.6600985221674796,10.043103448275863,11.748768472906407,3.897783251231528,0.8066502463054189,0.16009852216748774,0.05541871921182267,4.240990990990991,2.8544991326856515,4.592592592592593,3.176992046519606,1.0829055290021834,4.317276814386641,2.8337883861815922,4.171736375158428,2.87910828883996,0.9662888331034918,0.4055,0.0134,0.0,0.0,0.0,0.0,0.0,0.0,0.0,0.0,0.0,0.0,0.06773399014778327,10.209359605911315,19.242610837438427,0.48029556650246313,0.0,0.0,0.0,0.0,0.0,0.0,0.0,0.0,0.0,0.0,0.0,0.0,0.0,0.0,0.0,0.0,nan,nan,4.244019138755981,2.8576166645000876,nan,0.4055,0.0714,0.0,0.0,0.0,0.0,0.0,0.0,0.0,0.0,0.0,0.0,0.0,0.0,0.0,0.0,0.0,0.0,0.0,0.0,0.0012623152709359607,0.0,0.000769704433497537,0.0022270114942528735,0.0004926108374384236,0.009636699507389162,0.0007183908045977011,0.002658045977011494,0.027473316912972084,0.0013752052545155994,0.013505747126436781,0.008825944170771757,0.01177134646962233,0.022239326765188833,0.041769293924466336,0.016789819376026274,0.03562192118226601,0.050266830870279146,0.049435550082101806,0.03522167487684729,0.06301313628899836,0.03929597701149425,0.048009031198686374,0.06905788177339901,0.023604269293924465,0.07139778325123153,0.06960180623973727,0.04032224958949097,0.030695812807881775,0.036863711001642034,0.039285714285714285,0.026898604269293924,0.011288998357963875,0.04235426929392447,0.012140804597701149,0.023583743842364533,0.009410919540229885,0.005511083743842364,0.0017446633825944171,0.003663793103448276,0.0001231527093596059,4.105090311986864e-05,0.0,3.0788177339901475e-05,0.0,0.0,0.0,0.0,0.0,0.0,0.0,0.0,0.0,0.0,0.0,0.0,0.0,0.0,0.0,0.0,0.0,0.0,0.0,0.0,0.0,0.0,0.0,0.0,0.0,0.0,0.0,0.0,0.0,0.0,0.0,0.0,0.0,0.0,0.0,0.0,0.0,0.0,0.0,nan,nan,4.244019138755981,2.8576166645000876,nan,0.8385838151312276,0.03328773191627013,0.0,0.0,0.0,0.0,0.0,0.0,0.0,0.0,0.0,0.0,0.0,0.0,0.0,0.0,0.0,0.0,0.0,0.0,0.0,0.0,0.0,0.08410092110532641,0.5046055266319585,2.4989987985582625,10.008009611533843,11.702042450941132,4.120945134160994,0.8410092110532641,0.19223067681217465,0.04805766920304366,0.8366088702051263,0.03342772834072483,0.0,0.0,0.0,0.0,0.0,0.0,0.0,0.0,0.0,0.0,0.0,0.0,0.0,0.0,0.0,0.0,0.0,0.0,0.0,0.0,0.037894736842105266,0.0505263157894737,0.5810526315789475,2.8294736842105177,10.080000000000002,11.797894736842109,3.663157894736843,0.7705263157894738,0.12631578947368424,0.06315789473684212,0.4055,0.013466,0.0,0.0,0.0,0.0,0.0,0.0,0.0,0.0,0.0,0.0,0.09611533840608733,10.356427713255892,19.03083700440529,0.5166199439327194,0.0,0.0,0.0,0.0,0.0,0.0,0.0,0.0,0.0,0.0,0.0,0.0,0.0,0.0,0.0,0.0,0.4055,0.01333,0.0,0.0,0.0,0.0,0.0,0.0,0.0,0.0,0.0,0.0,0.037894736842105266,10.05473684210525,19.46526315789474,0.44210526315789483,0.0,0.0,0.0,0.0,0.0,0.0,0.0,0.0,0.0,0.0,0.0,0.0,0.0,0.0,0.0,0.0
95300,4940,2550,0.5161943319838057,1203,997,0.44534412955465585,1389,0.5623481781376518,0.41,3.017991631799163,3.110128302579715,6.632986627043091,2.0930606697207117,8376.111336032389,506.43415963936695,7853.0,8866.4,8866.399999999998,1.8189894035458565e-12,7853.0,0.0,28.06437246963563,21.018834476341866,32.93464680442095,19.3173640428342,0.13623481781376517,0.10404858299595142,0.09554655870445344,0.0854251012145749,0.07267206477732793,0.07510121457489878,0.07246963562753037,0.06680161943319839,0.0548582995951417,0.05728744939271255,0.043927125506072875,0.03744939271255061,0.03461538461538462,0.025506072874493926,0.017813765182186234,0.011133603238866396,0.009109311740890687,0.8356914354963341,0.03415404513205321,0.0,0.0,0.0,0.0,0.0,0.0,0.0,0.0,0.0,0.0,0.0,0.0,0.0,0.0,0.0,0.0,0.0,0.0,0.0,0.0,0.0,0.10323886639676115,0.5587044534412956,3.0971659919028243,10.469635627530367,11.362348178137655,3.3825910931174095,0.7469635627530367,0.18218623481781382,0.09716599190283404,4.358161648177496,2.85059992226506,4.285714285714286,2.566132111487139,0.9833766233766235,4.3219047619047615,2.8824366109815025,4.3928794503435356,2.8149106450953782,1.0164220852491654,0.405,0.01303,0.0,0.0,0.0,0.0,0.0,0.0,0.0,0.0,0.0,0.0,0.03643724696356276,10.578947368421037,19.02631578947369,0.3582995951417005,0.0,0.0,0.0,0.0,0.0,0.0,0.0,0.0,0.0,0.0,0.0,0.0,0.0,0.0,0.0,0.0,nan,nan,4.357682619647355,2.8488183365007784,nan,0.405,0.0716,0.0,0.0,0.0,0.0,0.0,0.0,0.0,0.0,0.0,0.0,0.0,0.0,0.0,0.0,0.0,0.0,6.072874493927126e-05,1.0121457489878542e-05,0.0019331983805668017,0.0,0.0007793522267206478,0.0029757085020242916,0.0006174089068825911,0.009827935222672064,0.0006680161943319838,0.0031983805668016193,0.025404858299595143,0.0012348178137651822,0.014352226720647773,0.008917004048582996,0.010759109311740891,0.021902834008097165,0.0429251012145749,0.017449392712550606,0.03621457489878543,0.0520748987854251,0.048319838056680164,0.033228744939271256,0.06424089068825911,0.03917004048582996,0.04739878542510122,0.0682591093117409,0.024746963562753035,0.0742408906882591,0.06848178137651822,0.04142712550607287,0.02904858299595142,0.036781376518218625,0.039008097165991906,0.02562753036437247,0.012317813765182187,0.04057692307692308,0.012176113360323886,0.023572874493927125,0.008481781376518218,0.005202429149797571,0.002297570850202429,0.003906882591093118,7.085020242914979e-05,0.00011133603238866397,0.0,0.0,0.0,0.0,0.0,0.0,0.0,0.0,0.0,0.0,0.0,0.0,0.0,0.0,0.0,0.0,0.0,0.0,0.0,0.0,0.0,0.0,0.0,0.0,0.0,0.0,0.0,0.0,0.0,0.0,0.0,0.0,0.0,0.0,0.0,0.0,0.0,0.0,0.0,0.0,0.0,nan,nan,4.357682619647355,2.8488183365007784,nan,0.835484352906545,0.03424481704631609,0.0,0.0,0.0,0.0,0.0,0.0,0.0,0.0,0.0,0.0,0.0,0.0,0.0,0.0,0.0,0.0,0.0,0.0,0.0,0.0,0.0,0.1058823529411765,0.6235294117647061,3.1647058823529313,10.494117647058827,11.10588235294118,3.4352941176470595,0.835294117647059,0.17647058823529416,0.05882352941176472,0.8359123813557325,0.03405554121164642,0.0,0.0,0.0,0.0,0.0,0.0,0.0,0.0,0.0,0.0,0.0,0.0,0.0,0.0,0.0,0.0,0.0,0.0,0.0,0.0,0.0,0.10041841004184103,0.489539748953975,3.0251046025104507,10.443514644351467,11.63598326359833,3.3263598326359842,0.6527196652719667,0.18828451882845193,0.1380753138075314,0.4048,0.01315,0.0,0.0,0.0,0.0,0.0,0.0,0.0,0.0,0.0,0.0,0.05882352941176472,10.799999999999985,18.811764705882357,0.32941176470588246,0.0,0.0,0.0,0.0,0.0,0.0,0.0,0.0,0.0,0.0,0.0,0.0,0.0,0.0,0.0,0.0,0.405,0.01288,0.0,0.0,0.0,0.0,0.0,0.0,0.0,0.0,0.0,0.0,0.012552301255230129,10.343096234309607,19.255230125523017,0.38912133891213396,0.0,0.0,0.0,0.0,0.0,0.0,0.0,0.0,0.0,0.0,0.0,0.0,0.0,0.0,0.0,0.0
95400,4470,2293,0.5129753914988814,1096,915,0.44988814317673376,1289,0.5767337807606264,0.41,2.998162609095085,3.0269037598432846,6.2404692082111435,2.125312828398053,8372.849261744966,506.5293544460796,7853.0,8866.4,8866.399999999998,1.8189894035458565e-12,7853.0,0.0,29.100671140939596,21.24867516852707,33.866421246384434,19.44095169173298,0.13355704697986578,0.08791946308724832,0.08926174496644296,0.08881431767337808,0.08165548098434004,0.0697986577181208,0.0756152125279642,0.06308724832214765,0.059507829977628636,0.050335570469798654,0.04809843400447427,0.04384787472035794,0.039149888143176735,0.029753914988814318,0.019686800894854587,0.011185682326621925,0.0087248322147651,0.8334170332424325,0.034380667907634124,0.0,0.0,0.0,0.0,0.0,0.0,0.0,0.0,0.0,0.0,0.0,0.0,0.0,0.0,0.0,0.0,0.0,0.0,0.0,0.0,0.006711409395973156,0.15436241610738258,0.7449664429530204,3.201342281879185,10.993288590604028,10.664429530201344,3.2348993288590613,0.7919463087248324,0.14765100671140943,0.0604026845637584,4.13550135501355,2.813765491144928,4.076923076923077,2.777054475192268,0.9858352656517795,4.083221476510067,2.7660065630169526,4.185876082611593,2.8585508286672456,1.025140592224075,0.405,0.012825,0.0,0.0,0.0,0.0,0.0,0.0,0.0,0.0,0.0,0.0,0.08053691275167786,10.24161073825502,19.302013422818796,0.37583892617449677,0.0,0.0,0.0,0.0,0.0,0.0,0.0,0.0,0.0,0.0,0.0,0.0,0.0,0.0,0.0,0.0,nan,nan,4.134737545971247,2.813297742666283,nan,0.405,0.0715,0.0,0.0,0.0,0.0,0.0,0.0,0.0,0.0,0.0,0.0,0.0,0.0,0.0,0.0,0.0,0.0,0.0,0.0,0.0016890380313199106,0.0,0.0004697986577181208,0.003221476510067114,0.0011409395973154361,0.009351230425055928,0.0006711409395973154,0.002695749440715884,0.023982102908277406,0.0014093959731543624,0.013590604026845638,0.008903803131991052,0.011387024608501118,0.023501118568232664,0.04469798657718121,0.01883668903803132,0.03758389261744966,0.0524496644295302,0.04453020134228188,0.03140939597315436,0.0664317673378076,0.04186800894854586,0.04476510067114094,0.06855704697986577,0.02495525727069351,0.0770917225950783,0.0637695749440716,0.04191275167785235,0.028042505592841164,0.03796420581655481,0.03834451901565995,0.02436241610738255,0.012225950782997763,0.04036912751677852,0.012348993288590604,0.02412751677852349,0.009463087248322148,0.004865771812080537,0.002181208053691275,0.004552572706935123,5.592841163310962e-05,0.00022371364653243848,0.0,0.0,0.0,0.0,0.0,0.0,0.0,0.0,0.0,0.0,0.0,0.0,0.0,0.0,0.0,0.0,0.0,0.0,0.0,0.0,0.0,0.0,0.0,0.0,0.0,0.0,0.0,0.0,0.0,0.0,0.0,0.0,0.0,0.0,0.0,0.0,0.0,0.0,0.0,0.0,0.0,nan,nan,4.134737545971247,2.813297742666283,nan,0.8335952200434169,0.03453971023481971,0.0,0.0,0.0,0.0,0.0,0.0,0.0,0.0,0.0,0.0,0.0,0.0,0.0,0.0,0.0,0.0,0.0,0.0,0.0,0.0,0.013083296990841695,0.10466637592673356,0.8111644134321851,3.1792411687745212,11.1077191452246,10.388137810728304,3.3231574356737905,0.8634976013955519,0.15699956389010034,0.05233318796336678,0.8332293518760306,0.03421134809512672,0.0,0.0,0.0,0.0,0.0,0.0,0.0,0.0,0.0,0.0,0.0,0.0,0.0,0.0,0.0,0.0,0.0,0.0,0.0,0.0,0.0,0.20670647680293988,0.6752411575562702,3.2246210381258513,10.872760679834636,10.955443270555813,3.1419384474046863,0.7165824529168583,0.13780431786862657,0.06890215893431328,0.405,0.01303,0.0,0.0,0.0,0.0,0.0,0.0,0.0,0.0,0.0,0.0,0.07849978194505017,10.283471434801555,19.28477976450066,0.3532490187527258,0.0,0.0,0.0,0.0,0.0,0.0,0.0,0.0,0.0,0.0,0.0,0.0,0.0,0.0,0.0,0.0,0.405,0.01261,0.0,0.0,0.0,0.0,0.0,0.0,0.0,0.0,0.0,0.0,0.08268259072117594,10.19751952227835,19.320165365181445,0.3996325218190171,0.0,0.0,0.0,0.0,0.0,0.0,0.0,0.0,0.0,0.0,0.0,0.0,0.0,0.0,0.0,0.0
95500,4372,2304,0.5269899359560841,1048,870,0.4387008234217749,1214,0.555352241537054,0.418,2.983558994197292,3.1071640721840437,6.551194539249146,2.157993381163214,8387.051601097895,505.96124349339385,7853.0,8866.4,8866.4,0.0,7853.0,0.0,28.328911253430924,21.143472697228262,33.41075327510917,19.32231226275213,0.14204025617566332,0.09537968892955169,0.09423604757548033,0.08165599268069533,0.08142726440988106,0.07136322049405307,0.0702195791399817,0.06633119853613907,0.055809698078682524,0.04940530649588289,0.0510064043915828,0.03796889295516926,0.03751143641354071,0.0292772186642269,0.019670631290027447,0.009377859103385178,0.007319304666056725,0.8320835866681611,0.03418834390290518,0.0,0.0,0.0,0.0,0.0,0.0,0.0,0.0,0.0,0.0,0.0,0.0,0.0,0.0,0.0,0.0,0.0,0.0,0.0,0.0,0.006861848124428181,0.15782250686184815,0.6587374199451054,3.6848124428179205,10.882891125343095,10.807410795974384,2.909423604757549,0.7067703568161027,0.10978956999085089,0.07548032936870999,4.230961744726493,2.8624027595198887,4.1875,2.297246993686138,0.9897276913976677,4.262376237623762,2.827384076919328,4.198586572438162,2.8852245961831824,0.9850342481213807,0.4045,0.01314,0.0,0.0,0.0,0.0,0.0,0.0,0.0,0.0,0.0,0.0,0.034309240622140906,10.752516010978942,18.78087831655993,0.4322964318389754,0.0,0.0,0.0,0.0,0.0,0.0,0.0,0.0,0.0,0.0,0.0,0.0,0.0,0.0,0.0,0.0,nan,nan,4.230470130788264,2.8566390257450633,nan,0.4045,0.0717,0.0,0.0,0.0,0.0,0.0,0.0,0.0,0.0,0.0,0.0,0.0,0.0,0.0,0.0,0.0,0.0,0.0,0.0,0.0018870082342177493,0.0,0.0006633119853613907,0.0029963403476669717,0.0007662397072278134,0.009366422689844466,0.0008577310155535224,0.0026875571820677035,0.02383348581884721,0.0018526989935956084,0.013689387008234218,0.010132662397072278,0.010601555352241537,0.026360933211344924,0.0435384263494968,0.01779505946935041,0.03766010978956999,0.05459743824336688,0.04279505946935041,0.03235361390667887,0.06579368709972552,0.04311527904849039,0.044716376944190304,0.06877859103385178,0.02352470265324794,0.0781907593778591,0.0640096065873742,0.04121683440073193,0.026978499542543458,0.03824336688014639,0.03616193961573651,0.023776303751143642,0.012465690759377859,0.038300548947849955,0.01215690759377859,0.02609789569990851,0.010338517840805124,0.005443732845379689,0.0018755718206770356,0.0042657822506861846,5.7182067703568164e-05,5.7182067703568164e-05,0.0,0.0,0.0,0.0,0.0,0.0,0.0,0.0,0.0,0.0,0.0,0.0,0.0,0.0,0.0,0.0,0.0,0.0,0.0,0.0,0.0,0.0,0.0,0.0,0.0,0.0,0.0,0.0,0.0,0.0,0.0,0.0,0.0,0.0,0.0,0.0,0.0,0.0,0.0,0.0,0.0,nan,nan,4.230470130788264,2.8566390257450633,nan,0.8321738579413958,0.03359637612431871,0.0,0.0,0.0,0.0,0.0,0.0,0.0,0.0,0.0,0.0,0.0,0.0,0.0,0.0,0.0,0.0,0.0,0.0,0.0,0.0,0.0,0.1822916666666667,0.6250000000000001,3.4765624999999893,11.263020833333336,10.742187500000004,2.7213541666666674,0.8333333333333335,0.13020833333333337,0.02604166666666667,0.8319830136442092,0.034835746775794804,0.0,0.0,0.0,0.0,0.0,0.0,0.0,0.0,0.0,0.0,0.0,0.0,0.0,0.0,0.0,0.0,0.0,0.0,0.0,0.0,0.014506769825918765,0.13056092843326889,0.6963249516441007,3.9168278529980536,10.45938104448743,10.880077369439073,3.118955512572535,0.5657640232108319,0.08704061895551259,0.13056092843326889,0.405,0.01305,0.0,0.0,0.0,0.0,0.0,0.0,0.0,0.0,0.0,0.0,0.013020833333333336,10.377604166666652,19.12760416666667,0.4817708333333334,0.0,0.0,0.0,0.0,0.0,0.0,0.0,0.0,0.0,0.0,0.0,0.0,0.0,0.0,0.0,0.0,0.404,0.01324,0.0,0.0,0.0,0.0,0.0,0.0,0.0,0.0,0.0,0.0,0.05802707930367506,11.17021276595743,18.394584139264992,0.3771760154738879,0.0,0.0,0.0,0.0,0.0,0.0,0.0,0.0,0.0,0.0,0.0,0.0,0.0,0.0,0.0,0.0
95600,4259,2217,0.5205447288095797,1065,869,0.4540972059168819,1185,0.556468654613759,0.442,3.066601371204701,3.1544429601115835,6.663822525597269,2.148407235065951,8380.520028175628,506.2720774709641,7853.0,8866.4,8866.399999999998,1.8189894035458565e-12,7853.0,0.0,28.00962667292792,20.83786517056142,33.23413258110014,18.926758618620568,0.1448696877201221,0.09297957266964076,0.0894576191594271,0.08570086874853251,0.07865696172810518,0.08123972763559521,0.06715191359474056,0.07114346090631604,0.056820849964780464,0.05306409955388589,0.04531580183141583,0.04038506691711669,0.03052359708851843,0.024184080770133835,0.021131721061281993,0.010096266729279173,0.007278703921108241,0.8332460458834536,0.03374543129393387,0.0,0.0,0.0,0.0,0.0,0.0,0.0,0.0,0.0,0.0,0.0,0.0,0.0,0.0,0.0,0.0,0.0,0.0,0.0,0.0,0.021131721061281996,0.11270251232683731,0.5564686546137592,3.303592392580408,11.45339281521484,10.537684902559288,3.057055646865462,0.7114346090631605,0.21131721061281997,0.035219535102136657,4.27985347985348,2.9474140861748057,2.8823529411764706,2.385799975373323,0.673470004229011,4.128937728937729,2.8605318493811214,4.39313795568263,3.0198028949276483,1.0639874573290968,0.4043,0.012924,0.0,0.0,0.0,0.0,0.0,0.0,0.0,0.0,0.0,0.0,0.04930734914299133,10.96031932378491,18.63817797605072,0.35219535102136657,0.0,0.0,0.0,0.0,0.0,0.0,0.0,0.0,0.0,0.0,0.0,0.0,0.0,0.0,0.0,0.0,nan,nan,4.2626628075253254,2.9451883053599754,nan,0.4043,0.0721,0.0,0.0,0.0,0.0,0.0,0.0,0.0,0.0,0.0,0.0,0.0,0.0,0.0,0.0,0.0,0.0,0.0,0.0,0.0017609767551068326,0.0,0.0006574313219065509,0.004085466071847852,0.0005517727166001408,0.009450575252406668,0.0006456914768725052,0.002641465132660249,0.024982390232448932,0.0014557407842216482,0.013383423338811928,0.00936839633716835,0.010378023010096266,0.024947170697346796,0.045738436252641464,0.01810284104249824,0.03821319558581827,0.05598732096736323,0.042310401502700164,0.033810753698051185,0.0668818971589575,0.04092509978868279,0.04398919934256868,0.06586053064099553,0.025217187133129843,0.07704860295844095,0.06588401033106363,0.03896454566799718,0.026215073961023714,0.03870626907724818,0.036287861000234796,0.02482977224700634,0.012127259920169053,0.03653439774594976,0.011868983329420052,0.027905611645926275,0.011751584879079596,0.005083352899741723,0.0012913829537450105,0.003815449636064804,8.217891523831886e-05,0.0002465367457149566,1.1739845034045551e-05,0.0,0.0,0.0,0.0,0.0,0.0,0.0,0.0,0.0,0.0,0.0,0.0,0.0,0.0,0.0,0.0,0.0,0.0,0.0,0.0,0.0,0.0,0.0,0.0,0.0,0.0,0.0,0.0,0.0,0.0,0.0,0.0,0.0,0.0,0.0,0.0,0.0,0.0,0.0,0.0,nan,nan,4.2626628075253254,2.9451883053599754,nan,0.8327572361595952,0.0340556103836361,0.0,0.0,0.0,0.0,0.0,0.0,0.0,0.0,0.0,0.0,0.0,0.0,0.0,0.0,0.0,0.0,0.0,0.0,0.0,0.0,0.0,0.12178619756427607,0.6089309878213803,3.477672530446539,11.502029769959409,10.405953991880923,2.814614343707714,0.8525033829499326,0.1623815967523681,0.054127198917456036,0.8337767467442736,0.03339730970627927,0.0,0.0,0.0,0.0,0.0,0.0,0.0,0.0,0.0,0.0,0.0,0.0,0.0,0.0,0.0,0.0,0.0,0.0,0.0,0.0,0.044074436826640556,0.10284035259549464,0.49951028403525966,3.114593535749256,11.40058765915769,10.680705190989228,3.3202742409402557,0.5582761998041137,0.26444662095984334,0.01469147894221352,0.4043,0.0128,0.0,0.0,0.0,0.0,0.0,0.0,0.0,0.0,0.0,0.0,0.054127198917456036,10.811907983761824,18.768606224627877,0.3653585926928282,0.0,0.0,0.0,0.0,0.0,0.0,0.0,0.0,0.0,0.0,0.0,0.0,0.0,0.0,0.0,0.0,0.4043,0.01306,0.0,0.0,0.0,0.0,0.0,0.0,0.0,0.0,0.0,0.0,0.044074436826640556,11.121449559255616,18.49657198824682,0.33790401567091094,0.0,0.0,0.0,0.0,0.0,0.0,0.0,0.0,0.0,0.0,0.0,0.0,0.0,0.0,0.0,0.0
95700,4365,2270,0.5200458190148912,1057,899,0.44810996563573885,1216,0.5571592210767469,0.418,3.001431980906921,3.099387552408918,6.608403361344537,2.1364220396301086,8380.01443298969,506.2926167862881,7853.0,8866.4,8866.4,0.0,7853.0,0.0,27.901947308132875,20.79480304187775,32.981080340005484,18.97587470509707,0.1427262313860252,0.09209621993127148,0.09232531500572738,0.08888888888888889,0.08430698739977091,0.07972508591065292,0.06895761741122566,0.06071019473081329,0.060939289805269185,0.049484536082474224,0.04604810996563574,0.04146620847651775,0.030011454753722796,0.026804123711340205,0.01741122565864834,0.01122565864833906,0.006872852233676976,0.8323707553392696,0.03389443314525391,0.0,0.0,0.0,0.0,0.0,0.0,0.0,0.0,0.0,0.0,0.0,0.0,0.0,0.0,0.0,0.0,0.0,0.0,0.0068728522336769775,0.0068728522336769775,0.04123711340206186,0.1237113402061856,0.59106529209622,3.2027491408934607,11.560137457044677,10.783505154639178,2.8934707903780077,0.5498281786941582,0.1443298969072165,0.0962199312714777,4.242380781642166,2.9097917426369313,4.535714285714286,3.1450884936123913,1.0691436057181491,4.316916488222698,2.9194869504241208,4.174558303886926,2.9045941554254004,0.9670231785293623,0.4038,0.01288,0.0,0.0,0.0,0.0,0.0,0.0,0.0,0.0,0.0,0.0,0.0618556701030928,11.305841924398608,18.34364261168385,0.288659793814433,0.0,0.0,0.0,0.0,0.0,0.0,0.0,0.0,0.0,0.0,0.0,0.0,0.0,0.0,0.0,0.0,nan,nan,4.245296414625488,2.9123694299763745,nan,0.4038,0.0724,0.0,0.0,0.0,0.0,0.0,0.0,0.0,0.0,0.0,0.0,0.0,0.0,0.0,0.0,0.0,0.0,0.0,0.0,0.0012714776632302405,2.290950744558992e-05,0.0006414662084765178,0.0051088201603665525,0.00021764032073310423,0.009782359679266895,0.0008018327605956472,0.002474226804123711,0.025509736540664376,0.0016609392898052691,0.012210767468499428,0.00904925544100802,0.010767468499427262,0.02674684994272623,0.0468270332187858,0.01725085910652921,0.03939289805269187,0.061019473081328754,0.039851088201603664,0.03127147766323024,0.06806414662084766,0.03877434135166094,0.043608247422680414,0.06548682703321879,0.026987399770904925,0.07600229095074455,0.06786941580756013,0.03762886597938144,0.02406643757159221,0.03778923253150057,0.03604810996563574,0.023104238258877433,0.012050400916380297,0.03759450171821306,0.01300114547537228,0.02706758304696449,0.012233676975945016,0.004673539518900344,0.0010538373424971363,0.004570446735395189,5.72737686139748e-05,0.0003436426116838488,0.0,4.581901489117984e-05,0.0,0.0,0.0,0.0,0.0,0.0,0.0,0.0,0.0,0.0,0.0,0.0,0.0,0.0,0.0,0.0,0.0,0.0,0.0,0.0,0.0,0.0,0.0,0.0,0.0,0.0,0.0,0.0,0.0,0.0,0.0,0.0,0.0,0.0,0.0,0.0,0.0,0.0,0.0,nan,nan,4.245296414625488,2.9123694299763745,nan,0.8324697878392258,0.03463496904974177,0.0,0.0,0.0,0.0,0.0,0.0,0.0,0.0,0.0,0.0,0.0,0.0,0.0,0.0,0.0,0.0,0.0,0.0,0.013215859030837008,0.013215859030837008,0.026431718061674016,0.13215859030837007,0.6607929515418504,3.0792951541850124,11.497797356828197,10.903083700440531,2.894273127753305,0.48898678414096924,0.14537444933920707,0.14537444933920707,0.8322634504347827,0.033072992621968736,0.0,0.0,0.0,0.0,0.0,0.0,0.0,0.0,0.0,0.0,0.0,0.0,0.0,0.0,0.0,0.0,0.0,0.0,0.0,0.0,0.05727923627684966,0.11455847255369932,0.5155131264916469,3.336515513126481,11.62768496420048,10.653937947494034,2.8926014319809075,0.6157517899761338,0.14319809069212414,0.042959427207637235,0.4036,0.01303,0.0,0.0,0.0,0.0,0.0,0.0,0.0,0.0,0.0,0.0,0.07929515418502203,11.40528634361232,18.18502202643172,0.3303964757709252,0.0,0.0,0.0,0.0,0.0,0.0,0.0,0.0,0.0,0.0,0.0,0.0,0.0,0.0,0.0,0.0,0.404,0.01271,0.0,0.0,0.0,0.0,0.0,0.0,0.0,0.0,0.0,0.0,0.042959427207637235,11.19809069212409,18.51551312649165,0.24343675417661104,0.0,0.0,0.0,0.0,0.0,0.0,0.0,0.0,0.0,0.0,0.0,0.0,0.0,0.0,0.0,0.0
95800,4672,2383,0.5100599315068494,1152,957,0.4514126712328767,1317,0.5637842465753424,0.41,2.920489296636086,3.1245815134023824,6.675718849840256,2.2106231056432457,8369.894734589041,506.5974312870712,7853.0,8866.4,8866.399999999998,1.8189894035458565e-12,7853.0,0.0,27.710830479452056,20.724528081661212,32.64515306122449,18.974213220144623,0.1404109589041096,0.10102739726027397,0.0958904109589041,0.08347602739726027,0.0764126712328767,0.08240582191780822,0.0704195205479452,0.06164383561643835,0.05800513698630137,0.05351027397260274,0.046875,0.0370291095890411,0.03210616438356165,0.026541095890410957,0.019691780821917807,0.00877568493150685,0.005779109589041096,0.829564001296379,0.03280395493342934,0.0,0.0,0.0,0.0,0.0,0.0,0.0,0.0,0.0,0.0,0.0,0.0,0.0,0.0,0.0,0.0,0.0,0.0,0.00642123287671233,0.01284246575342466,0.03210616438356165,0.13484589041095893,0.699914383561644,3.6023116438356055,12.136130136986305,10.177654109589042,2.613441780821918,0.4302226027397261,0.10273972602739728,0.05136986301369864,4.223905723905724,2.9325815550416676,3.9166666666666665,2.822282370312683,0.9272618573136707,4.2678100263852246,2.949360327016726,4.171812080536912,2.9123684528154627,0.977506509133533,0.4033,0.01311,0.0,0.0,0.0,0.0,0.0,0.0,0.0,0.0,0.0,0.0,0.05779109589041097,11.962756849315051,17.66481164383562,0.31464041095890416,0.0,0.0,0.0,0.0,0.0,0.0,0.0,0.0,0.0,0.0,0.0,0.0,0.0,0.0,0.0,0.0,nan,nan,4.22022621423819,2.9314756777817417,nan,0.4033,0.0724,0.0,0.0,0.0,0.0,0.0,0.0,0.0,0.0,0.0,0.0,0.0,0.0,0.0,0.0,0.0,0.0,0.0,0.0,0.0012842465753424657,2.1404109589041096e-05,0.0007598458904109589,0.004462756849315069,0.00018193493150684933,0.008700770547945205,0.0009738869863013699,0.0029109589041095892,0.02561001712328767,0.0020012842465753425,0.01383775684931507,0.010081335616438356,0.010776969178082192,0.027065496575342466,0.04703553082191781,0.016427654109589043,0.03848458904109589,0.061055222602739725,0.04153467465753425,0.03299443493150685,0.06974529109589041,0.040282534246575345,0.0402611301369863,0.06377354452054794,0.028478167808219178,0.07226027397260273,0.0681185787671233,0.03776755136986301,0.02445419520547945,0.03990796232876712,0.03501712328767123,0.022142551369863015,0.011804366438356164,0.036076626712328766,0.012831763698630138,0.02752568493150685,0.012863869863013699,0.004441352739726028,0.0011558219178082192,0.004398544520547945,7.491438356164384e-05,0.0003531678082191781,0.0,6.421232876712328e-05,0.0,0.0,0.0,0.0,0.0,0.0,0.0,0.0,0.0,0.0,0.0,0.0,0.0,0.0,0.0,0.0,0.0,0.0,0.0,0.0,0.0,0.0,0.0,0.0,0.0,0.0,0.0,0.0,0.0,0.0,0.0,0.0,0.0,0.0,0.0,0.0,0.0,0.0,0.0,nan,nan,4.22022621423819,2.9314756777817417,nan,0.8294550718953017,0.03316426710739063,0.0,0.0,0.0,0.0,0.0,0.0,0.0,0.0,0.0,0.0,0.0,0.0,0.0,0.0,0.0,0.0,0.0,0.0,0.012589173310952584,0.012589173310952584,0.012589173310952584,0.11330255979857325,0.8308854385228706,3.436844313890044,12.098195551825434,10.197230381871591,2.6814939152329003,0.453210239194293,0.11330255979857325,0.03776751993285775,0.8296774039887195,0.03242420375940705,0.0,0.0,0.0,0.0,0.0,0.0,0.0,0.0,0.0,0.0,0.0,0.0,0.0,0.0,0.0,0.0,0.0,0.0,0.0,0.013106159895150724,0.052424639580602894,0.15727391874180868,0.563564875491481,3.7745740498033955,12.175622542595022,10.15727391874181,2.5425950196592404,0.40629095674967247,0.09174311926605506,0.06553079947575362,0.4033,0.01301,0.0,0.0,0.0,0.0,0.0,0.0,0.0,0.0,0.0,0.0,0.06294586655476292,12.022660511959698,17.624842635333618,0.2895509861519094,0.0,0.0,0.0,0.0,0.0,0.0,0.0,0.0,0.0,0.0,0.0,0.0,0.0,0.0,0.0,0.0,0.4036,0.013214,0.0,0.0,0.0,0.0,0.0,0.0,0.0,0.0,0.0,0.0,0.052424639580602894,11.900393184796837,17.706422018348626,0.34076015727391884,0.0,0.0,0.0,0.0,0.0,0.0,0.0,0.0,0.0,0.0,0.0,0.0,0.0,0.0,0.0,0.0
95900,4837,2476,0.5118875335952037,1176,975,0.4446971263179657,1354,0.5598511474054165,0.40599999999999997,2.945362134688691,3.0748086110606336,6.47136563876652,2.0769667642332967,8371.746826545379,506.5567727019207,7853.0,8866.4,8866.4,0.0,7853.0,0.0,28.286334504858385,21.086364768309153,33.28543307086614,19.293736091579174,0.1416167045689477,0.09696092619392185,0.09158569361174282,0.08455654331197023,0.07980152987388878,0.0756667355799049,0.062021914409758114,0.06532974984494522,0.0626421335538557,0.056439942112879886,0.04651643580731859,0.038867066363448416,0.030804217490179864,0.029150299772586315,0.019020053752325822,0.011163944593756461,0.00785610915856936,0.8293606341439681,0.03312027553152176,0.0,0.0,0.0,0.0,0.0,0.0,0.0,0.0,0.0,0.0,0.0,0.0,0.0,0.0,0.0,0.0,0.0,0.0,0.0,0.006202191440975813,0.055819722968782313,0.13024602026049206,0.7566673557990492,3.7957411618771846,11.870994418027706,9.960719454207155,2.797188339880092,0.5519950382468473,0.07442629729170976,0.0,4.210917312661499,2.838986095879007,4.162790697674419,2.8113576341138478,0.9885709902584952,4.232603092783505,2.85777902502393,4.188405797101449,2.8195762983106842,0.9895578926931723,0.403,0.0132,0.0,0.0,0.0,0.0,0.0,0.0,0.0,0.0,0.0,0.0,0.13644821170146787,11.902005375232566,17.707256563985943,0.2542898490800083,0.0,0.0,0.0,0.0,0.0,0.0,0.0,0.0,0.0,0.0,0.0,0.0,0.0,0.0,0.0,0.0,nan,nan,4.210258043963045,2.838614952576612,nan,0.403,0.0728,0.0,0.0,0.0,0.0,0.0,0.0,0.0,0.0,0.0,0.0,0.0,0.0,0.0,0.0,0.0,0.0,0.0,0.0,0.0014058300599545173,7.23589001447178e-05,0.0011370684308455654,0.0050547860243952865,0.0002997725863138309,0.008714078974571014,0.0013541451312797188,0.00296671490593343,0.025232582179036595,0.0026049204052098407,0.014296051271449246,0.009778788505271863,0.00925160223278892,0.02596650816621873,0.04668182757907794,0.016322100475501342,0.041647715526152575,0.06027496382054993,0.043208600372131485,0.030783543518709943,0.07362001240438289,0.039880090965474464,0.041213562125284264,0.06273516642547033,0.028736820343187926,0.06864792226586727,0.06680793880504445,0.037864378747157326,0.024136861691130867,0.03972503617945007,0.03506305561298326,0.021852387843704777,0.011618771966094687,0.03637585280132313,0.01251808972503618,0.027579077940872443,0.012921232168699608,0.005013438081455448,0.0013231341740748397,0.0047343394666115365,3.1010957204879056e-05,0.0004238164151333471,0.0,0.00012404382881951622,0.0,0.0,0.0,0.0,0.0,0.0,0.0,0.0,0.0,0.0,0.0,0.0,0.0,0.0,0.0,0.0,0.0,0.0,0.0,0.0,0.0,0.0,0.0,0.0,0.0,0.0,0.0,0.0,0.0,0.0,0.0,0.0,0.0,0.0,0.0,0.0,0.0,0.0,0.0,nan,nan,4.210258043963045,2.838614952576612,nan,0.829128161120877,0.03326787723287077,0.0,0.0,0.0,0.0,0.0,0.0,0.0,0.0,0.0,0.0,0.0,0.0,0.0,0.0,0.0,0.0,0.0,0.0,0.0,0.012116316639741522,0.07269789983844913,0.10904684975767369,0.6542810985460422,4.095315024232621,12.067851373182556,9.547657512116318,2.762520193861067,0.5936995153473344,0.08481421647819065,0.0,0.8296044305036352,0.03296301325172609,0.0,0.0,0.0,0.0,0.0,0.0,0.0,0.0,0.0,0.0,0.0,0.0,0.0,0.0,0.0,0.0,0.0,0.0,0.0,0.0,0.03811944091486659,0.15247776365946636,0.864040660736976,3.4815756035578036,11.664548919949176,10.393900889453622,2.8335451080050835,0.5082592121982212,0.06353240152477765,0.0,0.4028,0.013245,0.0,0.0,0.0,0.0,0.0,0.0,0.0,0.0,0.0,0.0,0.12116316639741521,12.225363489499175,17.423263327948305,0.2302100161550889,0.0,0.0,0.0,0.0,0.0,0.0,0.0,0.0,0.0,0.0,0.0,0.0,0.0,0.0,0.0,0.0,0.403,0.013145,0.0,0.0,0.0,0.0,0.0,0.0,0.0,0.0,0.0,0.0,0.15247776365946636,11.562897077509513,18.005082592121987,0.27954256670902167,0.0,0.0,0.0,0.0,0.0,0.0,0.0,0.0,0.0,0.0,0.0,0.0,0.0,0.0,0.0,0.0
96000,4864,2549,0.5240542763157895,1206,994,0.45230263157894735,1391,0.5719572368421053,0.38599999999999995,3.008207343412527,3.0217958458695615,6.36098981077147,2.060396128914914,8384.076603618421,506.11329877412834,7853.0,8866.4,8866.399999999998,1.8189894035458565e-12,7853.0,0.0,28.699424342105264,21.050927822037156,33.66609756097561,19.185334131741868,0.13630756578947367,0.09642269736842106,0.09189967105263158,0.08018092105263158,0.07524671052631579,0.07010690789473684,0.07627467105263158,0.06969572368421052,0.05736019736842105,0.05448190789473684,0.05242598684210526,0.04091282894736842,0.03351151315789474,0.026110197368421052,0.022203947368421052,0.009662828947368422,0.007195723684210526,0.830120995505958,0.034098463334137206,0.0,0.0,0.0,0.0,0.0,0.0,0.0,0.0,0.0,0.0,0.0,0.0,0.0,0.0,0.0,0.0,0.0,0.0,0.0,0.012335526315789477,0.06167763157894738,0.13569078947368424,0.8018092105263159,3.5217927631578836,11.854440789473687,10.065789473684212,2.713815789473685,0.6784539473684212,0.13569078947368424,0.018503289473684213,4.192843571880937,2.8141480894781954,4.405405405405405,2.5728253421194105,1.0506963424416789,4.254364089775561,2.8233771464028954,4.135763670647392,2.7983423133688987,0.9721226447418547,0.4036,0.013695,0.0,0.0,0.0,0.0,0.0,0.0,0.0,0.0,0.0,0.0,0.08634868421052634,11.80509868421051,17.750822368421055,0.35773026315789486,0.0,0.0,0.0,0.0,0.0,0.0,0.0,0.0,0.0,0.0,0.0,0.0,0.0,0.0,0.0,0.0,nan,nan,4.195305164319249,2.81156395739639,nan,0.4036,0.0733,0.0,0.0,0.0,0.0,0.0,0.0,0.0,0.0,0.0,0.0,0.0,0.0,0.0,0.0,0.0,0.0,0.0,1.0279605263157895e-05,0.0021792763157894735,9.251644736842106e-05,0.0009560032894736843,0.006260279605263158,0.0001850328947368421,0.008203125,0.0015625,0.0030736019736842105,0.023858963815789475,0.002271792763157895,0.014823190789473684,0.010433799342105263,0.008470394736842106,0.02601768092105263,0.04462376644736842,0.01611842105263158,0.04313322368421053,0.059498355263157894,0.0450452302631579,0.028001644736842104,0.06915090460526316,0.041395970394736845,0.04027549342105263,0.06493626644736843,0.02798108552631579,0.0700657894736842,0.06662212171052631,0.03677014802631579,0.02447574013157895,0.04188939144736842,0.03629728618421053,0.020178865131578946,0.011944901315789474,0.03547491776315789,0.013096217105263158,0.02954358552631579,0.013610197368421053,0.004831414473684211,0.001469983552631579,0.004379111842105263,3.0838815789473685e-05,0.0007092927631578948,0.0,5.139802631578947e-05,0.0,0.0,0.0,0.0,0.0,0.0,0.0,0.0,0.0,0.0,0.0,0.0,0.0,0.0,0.0,0.0,0.0,0.0,0.0,0.0,0.0,0.0,0.0,0.0,0.0,0.0,0.0,0.0,0.0,0.0,0.0,0.0,0.0,0.0,0.0,0.0,0.0,0.0,0.0,nan,nan,4.195305164319249,2.81156395739639,nan,0.8312624027655142,0.03475190873268573,0.0,0.0,0.0,0.0,0.0,0.0,0.0,0.0,0.0,0.0,0.0,0.0,0.0,0.0,0.0,0.0,0.0,0.0,0.0,0.0,0.0588466065123578,0.1412318556296587,0.8709297763828955,3.2601020007846113,11.510396233817186,10.392310710082388,2.6951745782659873,0.882699097685367,0.16477049823460185,0.023538642604943122,0.8288642148992156,0.03331896855819746,0.0,0.0,0.0,0.0,0.0,0.0,0.0,0.0,0.0,0.0,0.0,0.0,0.0,0.0,0.0,0.0,0.0,0.0,0.0,0.025917926565874737,0.06479481641468683,0.12958963282937366,0.7257019438444926,3.8099352051835735,12.233261339092875,9.706263498920087,2.734341252699785,0.4535637149028079,0.10367170626349895,0.012958963282937368,0.4033,0.01356,0.0,0.0,0.0,0.0,0.0,0.0,0.0,0.0,0.0,0.0,0.07061592781482935,11.722244017261653,17.877599058454297,0.3295409964692037,0.0,0.0,0.0,0.0,0.0,0.0,0.0,0.0,0.0,0.0,0.0,0.0,0.0,0.0,0.0,0.0,0.4036,0.013855,0.0,0.0,0.0,0.0,0.0,0.0,0.0,0.0,0.0,0.0,0.10367170626349895,11.896328293736484,17.611231101511883,0.3887688984881211,0.0,0.0,0.0,0.0,0.0,0.0,0.0,0.0,0.0,0.0,0.0,0.0,0.0,0.0,0.0,0.0
96100,4507,2348,0.5209673840692256,1126,889,0.4470823163967162,1243,0.5515864211226981,0.418,3.0815192218619734,3.1749696009713713,6.6125,2.1765439922041545,8380.948347015752,506.25428170939745,7853.0,8866.4,8866.4,0.0,7853.0,0.0,27.938761925893054,20.74413900182174,32.80600948866631,18.99594346025189,0.13889505214111383,0.0985134235633459,0.09230086532061238,0.08852895495895274,0.08009762591524296,0.07787885511426669,0.06611936986909252,0.06434435322831152,0.062125582427335256,0.05369425338362547,0.04437541601952518,0.04237852229864655,0.03172842245396051,0.02507211005103173,0.01686265808741957,0.01087197692478367,0.006212558242733526,0.8290981985736057,0.03401436188485037,0.0,0.0,0.0,0.0,0.0,0.0,0.0,0.0,0.0,0.0,0.0,0.0,0.0,0.0,0.0,0.0,0.0,0.0,0.0,0.0,0.046594186820501454,0.20634568449079216,0.7921011759485247,3.820723319281106,12.187708009762595,9.558464610605727,2.66918127357444,0.5391613046372311,0.1530951852673619,0.026625249611715116,4.221400915170714,2.983690196576017,4.781818181818182,2.9026064092367307,1.1327562290123785,4.2364394993045895,2.9499311147088547,4.228551818805765,3.016414968423275,0.9981381345112755,0.4036,0.01357,0.0,0.0,0.0,0.0,0.0,0.0,0.0,0.0,0.0,0.0,0.07321943643221657,12.081207011315714,17.432882183270472,0.4126913689815843,0.0,0.0,0.0,0.0,0.0,0.0,0.0,0.0,0.0,0.0,0.0,0.0,0.0,0.0,0.0,0.0,nan,nan,4.232044198895028,2.983151716522697,nan,0.4036,0.0737,0.0,0.0,0.0,0.0,0.0,0.0,0.0,0.0,0.0,0.0,0.0,0.0,0.0,0.0,0.0,0.0,0.0,4.4375416019525186e-05,0.0021854892389616153,8.875083203905037e-05,0.0012979809185711115,0.005702240958508986,0.00029953405813179496,0.008442422897714666,0.0016307965387175505,0.002862214333259374,0.022997559352118925,0.0030286221433325935,0.016651874861326826,0.009740403816285778,0.008664299977812292,0.028721988018637675,0.0441868205014422,0.015819835810960726,0.044120257377412916,0.056811626358997114,0.045196361215886396,0.026336809407588195,0.06652984246727313,0.04321056134901265,0.04155757710228533,0.06630796538717551,0.02851120479254493,0.06700687818948303,0.06478810738850677,0.03719769247836698,0.023729753716441093,0.0421122698025294,0.037108941646327935,0.0188595518082982,0.012225427113379188,0.03707566008431329,0.015032172176614155,0.030330596849345463,0.012791213667628134,0.004071444419791436,0.001497670290658975,0.004615043266030619,5.546927002440648e-05,0.0005214111382294209,1.1093854004881296e-05,2.2187708009762593e-05,0.0,0.0,0.0,0.0,0.0,0.0,0.0,0.0,0.0,0.0,0.0,0.0,0.0,0.0,0.0,0.0,0.0,0.0,0.0,0.0,0.0,0.0,0.0,0.0,0.0,0.0,0.0,0.0,0.0,0.0,0.0,0.0,0.0,0.0,0.0,0.0,0.0,0.0,0.0,nan,nan,4.232044198895028,2.983151716522697,nan,0.829110799950676,0.03383935700397177,0.0,0.0,0.0,0.0,0.0,0.0,0.0,0.0,0.0,0.0,0.0,0.0,0.0,0.0,0.0,0.0,0.0,0.0,0.0,0.0,0.038330494037478714,0.12776831345826237,0.8432708688245317,3.845826235093685,12.278534923339015,9.365417376490631,2.7597955706984676,0.5621805792163544,0.1405451448040886,0.038330494037478714,0.8290844940653329,0.034203665099288544,0.0,0.0,0.0,0.0,0.0,0.0,0.0,0.0,0.0,0.0,0.0,0.0,0.0,0.0,0.0,0.0,0.0,0.0,0.0,0.0,0.055581287633163515,0.29180176007410846,0.7364520611394166,3.793422880963397,12.088930060213064,9.768411301528488,2.570634553033812,0.5141269106067625,0.16674386289949053,0.013895321908290879,0.4036,0.013405,0.0,0.0,0.0,0.0,0.0,0.0,0.0,0.0,0.0,0.0,0.08943781942078367,11.741908006814294,17.849233390119252,0.3194207836456559,0.0,0.0,0.0,0.0,0.0,0.0,0.0,0.0,0.0,0.0,0.0,0.0,0.0,0.0,0.0,0.0,0.4033,0.01374,0.0,0.0,0.0,0.0,0.0,0.0,0.0,0.0,0.0,0.0,0.055581287633163515,12.450208429828606,16.980083371931453,0.5141269106067625,0.0,0.0,0.0,0.0,0.0,0.0,0.0,0.0,0.0,0.0,0.0,0.0,0.0,0.0,0.0,0.0
96200,4509,2277,0.5049900199600799,1083,943,0.44932357507207804,1267,0.5619871368374363,0.426,2.9722222222222223,3.143967724796159,6.657190635451505,2.2310982643824464,8364.756886227544,506.674765408424,7853.0,8866.4,8866.399999999998,1.8189894035458565e-12,7853.0,0.0,27.772011532490573,20.955124394285892,32.883869253255384,19.17283829030567,0.14437791084497673,0.09691727655799512,0.09336881791971613,0.09004213794632956,0.07740075404746063,0.07496118873364382,0.07207806609004214,0.06830782878687071,0.06098913284542027,0.04524284763805722,0.039698381015746284,0.039033045021068975,0.030827234420048793,0.028831226436016856,0.01929474384564205,0.011310711909514305,0.007318695941450432,0.830178342536538,0.03438863536067559,0.0,0.0,0.0,0.0,0.0,0.0,0.0,0.0,0.0,0.0,0.0,0.0,0.0,0.0,0.0,0.0,0.0,0.0,0.0,0.0,0.019960079840319365,0.13972055888223556,0.8516300731869596,3.9121756487025827,11.636726546906191,9.780439121756489,2.83433133732535,0.6187624750499003,0.1530272787757818,0.053226879574184975,4.295921924015336,2.916866152474317,4.485714285714286,2.6443625056380773,1.0441796580701246,4.216884008236102,2.948129085004816,4.381742738589212,2.876825658637099,1.0390949170124482,0.4026,0.01318,0.0,0.0,0.0,0.0,0.0,0.0,0.0,0.0,0.0,0.0,0.08649367930805059,12.574850299401179,17.13240186294079,0.20625415834996677,0.0,0.0,0.0,0.0,0.0,0.0,0.0,0.0,0.0,0.0,0.0,0.0,0.0,0.0,0.0,0.0,nan,nan,4.298209366391185,2.9138071788855457,nan,0.4026,0.0743,0.0,0.0,0.0,0.0,0.0,0.0,0.0,0.0,0.0,0.0,0.0,0.0,0.0,0.0,0.0,0.0,0.0,7.762253271235307e-05,0.0026391661122200046,8.871146595697493e-05,0.0015746285207363052,0.00564426702151253,0.00033266799733865603,0.009647371922821025,0.001585717453980927,0.0027278775781769795,0.02298735861610113,0.0031936127744510976,0.017121312929696163,0.01075626524728321,0.0077733422044799294,0.029818141494788203,0.0466511421601242,0.015968063872255488,0.044455533377689066,0.05535595475715236,0.04417831004657352,0.027156797516078954,0.0633399866932801,0.04636282989576403,0.0406187624750499,0.06692171213129297,0.03122643601685518,0.06416056775338212,0.06287425149700598,0.03721445996895099,0.022444000887114658,0.03976491461521402,0.03836770902639166,0.017287646928365492,0.013295630960301619,0.03677090263916611,0.01448214681747616,0.03196939454424484,0.013339986693280107,0.003337768906631182,0.0015524506542470614,0.004269239299179419,8.871146595697493e-05,0.0005544466622310934,2.2177866489243733e-05,0.0,0.0,0.0,0.0,0.0,0.0,0.0,0.0,0.0,0.0,0.0,0.0,0.0,0.0,0.0,0.0,0.0,0.0,0.0,0.0,0.0,0.0,0.0,0.0,0.0,0.0,0.0,0.0,0.0,0.0,0.0,0.0,0.0,0.0,0.0,0.0,0.0,0.0,0.0,0.0,nan,nan,4.298209366391185,2.9138071788855457,nan,0.8297306328265878,0.03478453870294558,0.0,0.0,0.0,0.0,0.0,0.0,0.0,0.0,0.0,0.0,0.0,0.0,0.0,0.0,0.0,0.0,0.0,0.0,0.0,0.0,0.03952569169960475,0.1449275362318841,0.8563899868247696,4.057971014492741,11.554677206851123,9.696969696969699,2.7931488801054027,0.632411067193676,0.17127799736495394,0.05270092226613967,0.8306350786519306,0.03397391827849916,0.0,0.0,0.0,0.0,0.0,0.0,0.0,0.0,0.0,0.0,0.0,0.0,0.0,0.0,0.0,0.0,0.0,0.0,0.0,0.0,0.0,0.13440860215053765,0.8467741935483873,3.7634408602150424,11.720430107526886,9.865591397849464,2.8763440860215064,0.6048387096774195,0.13440860215053765,0.05376344086021507,0.4026,0.013084,0.0,0.0,0.0,0.0,0.0,0.0,0.0,0.0,0.0,0.0,0.0790513833992095,12.490118577075082,17.246376811594207,0.18445322793148886,0.0,0.0,0.0,0.0,0.0,0.0,0.0,0.0,0.0,0.0,0.0,0.0,0.0,0.0,0.0,0.0,0.4026,0.013275,0.0,0.0,0.0,0.0,0.0,0.0,0.0,0.0,0.0,0.0,0.09408602150537637,12.661290322580626,17.016129032258068,0.22849462365591403,0.0,0.0,0.0,0.0,0.0,0.0,0.0,0.0,0.0,0.0,0.0,0.0,0.0,0.0,0.0,0.0
96300,4734,2405,0.5080270384452894,1126,985,0.4459231094212083,1346,0.5686523024926067,0.39399999999999996,2.9072563331902104,3.069396815160529,6.5344827586206895,2.1571276397310033,8367.834600760456,506.634699039128,7853.0,8866.4,8866.399999999998,1.8189894035458565e-12,7853.0,0.0,28.03358681875792,21.06741577745851,32.975622015581806,19.347360042707226,0.13814955640050697,0.10287283481199831,0.09062103929024082,0.08871989860583017,0.0775242923531897,0.07625686523024926,0.07456696239966203,0.06358259400084496,0.05428812843261512,0.04795099281791297,0.04710604140261935,0.03485424588086185,0.03929024081115336,0.024081115335868188,0.019856358259400086,0.01309674693705112,0.007182087029995775,0.82845531106247,0.034845614048284325,0.0,0.0,0.0,0.0,0.0,0.0,0.0,0.0,0.0,0.0,0.0,0.0,0.0,0.0,0.0,0.0,0.0,0.0,0.0,0.025348542458808625,0.025348542458808625,0.22179974651457546,0.9885931558935364,3.7325728770595576,11.863117870722437,9.885931558935363,2.484157160963245,0.5766793409378962,0.1457541191381496,0.05069708491761725,4.276267203759651,2.853337479838695,4.617647058823529,2.8024643134879885,1.0798312731168296,4.381570408825438,2.848731926371132,4.183930942895087,2.8532094564546835,0.9548930069610971,0.4026,0.01374,0.0,0.0,0.0,0.0,0.0,0.0,0.0,0.0,0.0,0.0,0.1140684410646388,12.57921419518376,16.983523447401776,0.32319391634980993,0.0,0.0,0.0,0.0,0.0,0.0,0.0,0.0,0.0,0.0,0.0,0.0,0.0,0.0,0.0,0.0,nan,nan,4.283885789300951,2.8526577634107424,nan,0.4026,0.07465,0.0,0.0,0.0,0.0,0.0,0.0,0.0,0.0,0.0,0.0,0.0,0.0,0.0,0.0,0.0,0.0,0.0,0.00011618081960287284,0.002756653992395437,7.39332488381918e-05,0.0021863117870722436,0.006780735107731305,0.00033798056611744826,0.009632446134347276,0.0014152936206168144,0.0028939585973806504,0.022370088719898606,0.0032002534854245882,0.01678284748626954,0.01065694972539079,0.007646810308407266,0.030597803126320235,0.04574355724545839,0.015821715251373047,0.04199408534009295,0.05671736375158428,0.043599493029150824,0.02699619771863118,0.06350866075200676,0.04629277566539924,0.041867342627798905,0.06768060836501902,0.031580059146599074,0.063709336713139,0.06232572877059569,0.035487959442332066,0.024778200253485424,0.040525982256020276,0.03570975918884664,0.017807351077313054,0.013719898605830165,0.034664131812420784,0.015768905787917196,0.03192860160540769,0.014195183776932827,0.0037917194761301226,0.0016687790452049008,0.003918462188424165,3.168567807351077e-05,0.000697084917617237,2.1123785382340516e-05,0.0,0.0,0.0,0.0,0.0,0.0,0.0,0.0,0.0,0.0,0.0,0.0,0.0,0.0,0.0,0.0,0.0,0.0,0.0,0.0,0.0,0.0,0.0,0.0,0.0,0.0,0.0,0.0,0.0,0.0,0.0,0.0,0.0,0.0,0.0,0.0,0.0,0.0,0.0,0.0,nan,nan,4.283885789300951,2.8526577634107424,nan,0.8274794525515264,0.03490816367125333,0.0,0.0,0.0,0.0,0.0,0.0,0.0,0.0,0.0,0.0,0.0,0.0,0.0,0.0,0.0,0.0,0.0,0.0,0.0,0.049896049896049906,0.024948024948024953,0.23700623700623705,0.9979209979209981,3.642411642411631,12.474012474012477,9.580041580041582,2.2702702702702706,0.5114345114345116,0.14968814968814972,0.06237006237006238,0.8294630138185107,0.034752158635584764,0.0,0.0,0.0,0.0,0.0,0.0,0.0,0.0,0.0,0.0,0.0,0.0,0.0,0.0,0.0,0.0,0.0,0.0,0.0,0.0,0.02576212966938601,0.20609703735508808,0.9789609274366683,3.8256762559038098,11.2322885358523,10.201803349076858,2.705023615285531,0.6440532417346502,0.14169171318162305,0.03864319450407901,0.4023,0.01358,0.0,0.0,0.0,0.0,0.0,0.0,0.0,0.0,0.0,0.0,0.13721413721413725,12.336798336798319,17.22661122661123,0.29937629937629945,0.0,0.0,0.0,0.0,0.0,0.0,0.0,0.0,0.0,0.0,0.0,0.0,0.0,0.0,0.0,0.0,0.4026,0.0139,0.0,0.0,0.0,0.0,0.0,0.0,0.0,0.0,0.0,0.0,0.09016745384285103,12.82954057535421,16.73250322026621,0.34778875053671116,0.0,0.0,0.0,0.0,0.0,0.0,0.0,0.0,0.0,0.0,0.0,0.0,0.0,0.0,0.0,0.0
96400,4619,2356,0.5100671140939598,1122,956,0.4498809266074908,1351,0.5849751028361118,0.38999999999999996,2.9977905435262926,3.0506831492065327,6.3952802359882,2.1049404229109823,8369.90201342282,506.5972847559691,7853.0,8866.4,8866.4,0.0,7853.0,0.0,28.579346178826587,21.022527683270262,33.34712643678161,19.279640431433556,0.13401169084217363,0.09309374323446633,0.09699069062567656,0.0868153279930721,0.07425849751028361,0.07707295951504654,0.06798008226888937,0.06798008226888937,0.05953669625460056,0.05239229270404849,0.05304178393591687,0.038319982680233816,0.03117557912968175,0.028794111279497728,0.018835245724182725,0.010608356787183373,0.009092877246157177,0.8285466170486472,0.035580965522799546,0.0,0.0,0.0,0.0,0.0,0.0,0.0,0.0,0.0,0.0,0.0,0.0,0.0,0.0,0.0,0.0,0.0,0.0,0.0,0.019484736956051095,0.06494912318683699,0.29227105434076645,0.8378436891101972,3.682615284693645,12.346828317817712,9.41112794977268,2.4680666810998058,0.6365014072310025,0.15587789564840876,0.08443386014288809,4.254311802502536,2.8500311494965227,4.402597402597403,2.7646175389403562,1.0348553672083085,4.2534471437951415,2.8488019624866077,4.262739907346129,2.8471649554907614,1.0021847605569858,0.4014,0.013596,0.0,0.0,0.0,0.0,0.0,0.0,0.0,0.0,0.0,0.0,0.14938298332972508,13.39900411344445,16.185321498159777,0.26629140506603166,0.0,0.0,0.0,0.0,0.0,0.0,0.0,0.0,0.0,0.0,0.0,0.0,0.0,0.0,0.0,0.0,nan,nan,4.258075148319051,2.847990604064419,nan,0.4014,0.0744,0.0,0.0,0.0,0.0,0.0,0.0,0.0,0.0,0.0,0.0,0.0,0.0,0.0,0.0,0.0,0.0,0.0,9.742368478025547e-05,0.003799523706429963,0.00017319766183156526,0.0019268239878761637,0.007696471097640182,0.00010824853864472829,0.0087248322147651,0.002035072526520892,0.0031283827668326476,0.021822905390777223,0.0030634336436458106,0.017871833730244643,0.010922277549253085,0.00753409828967309,0.029735873565706863,0.04558345962329509,0.01598830915782637,0.04360251136609656,0.053301580428664216,0.046546871617233164,0.026910586707079454,0.06243775709027928,0.047088114310456806,0.04430612686728729,0.06594500974236847,0.03311322797142239,0.0652630439489067,0.06461355271703832,0.03475860575882225,0.02429097207187703,0.041654037670491445,0.0345421086815328,0.017915133145702533,0.012632604459839792,0.03275600779389478,0.015436241610738255,0.030158042866421302,0.012578480190517428,0.004135094176228621,0.0012340333405499026,0.0036479757523273436,8.659883091578263e-05,0.0005304178393591687,0.0002922710543407664,1.0824853864472829e-05,0.0,0.0,0.0,0.0,0.0,0.0,0.0,0.0,0.0,0.0,0.0,0.0,0.0,0.0,0.0,0.0,0.0,0.0,0.0,0.0,0.0,0.0,0.0,0.0,0.0,0.0,0.0,0.0,0.0,0.0,0.0,0.0,0.0,0.0,0.0,0.0,0.0,0.0,0.0,nan,nan,4.258075148319051,2.847990604064419,nan,0.8284761999023791,0.03663839452771456,0.0,0.0,0.0,0.0,0.0,0.0,0.0,0.0,0.0,0.0,0.0,0.0,0.0,0.0,0.0,0.0,0.0,0.0,0.0,0.01273344651952462,0.07640067911714772,0.3947368421052633,0.840407470288625,3.6035653650254553,12.415110356536506,9.168081494057727,2.5721561969439732,0.6112054329371818,0.21646859083191855,0.08913412563667235,0.8286199280502414,0.03444545486868656,0.0,0.0,0.0,0.0,0.0,0.0,0.0,0.0,0.0,0.0,0.0,0.0,0.0,0.0,0.0,0.0,0.0,0.0,0.0,0.026513477684489622,0.053026955368979244,0.18559434379142736,0.8351745470614231,3.7649138311975134,12.275740167918695,9.664162615996467,2.359699513919576,0.6628369421122405,0.09279717189571368,0.07954043305346886,0.4019,0.01349,0.0,0.0,0.0,0.0,0.0,0.0,0.0,0.0,0.0,0.0,0.14006791171477082,13.191850594227486,16.324278438030564,0.34380305602716477,0.0,0.0,0.0,0.0,0.0,0.0,0.0,0.0,0.0,0.0,0.0,0.0,0.0,0.0,0.0,0.0,0.4011,0.013695,0.0,0.0,0.0,0.0,0.0,0.0,0.0,0.0,0.0,0.0,0.15908086610693772,13.614670790985398,16.04065399911622,0.18559434379142736,0.0,0.0,0.0,0.0,0.0,0.0,0.0,0.0,0.0,0.0,0.0,0.0,0.0,0.0,0.0,0.0
96500,4547,2336,0.5137453265889598,1117,934,0.45106663734330327,1277,0.5616890257312513,0.40599999999999997,2.922207146087743,3.099628640099511,6.61400651465798,2.1291828133643875,8373.629513965254,506.50849809326166,7853.0,8866.4,8866.4,0.0,7853.0,0.0,28.11348141631845,20.802988672659428,33.09219486642221,18.97853511273752,0.1400923685946778,0.09588739828458324,0.09302837035407961,0.08621068836595558,0.07675390367275127,0.07631405322190456,0.07235539916428414,0.06025951176599956,0.06289861447107983,0.05146250274906532,0.051022652298218604,0.04112601715416758,0.03320870903892677,0.024411700021992524,0.018913569386408622,0.010996261271167804,0.005058280184737189,0.828810574446297,0.0346958304542354,0.0,0.0,0.0,0.0,0.0,0.0,0.0,0.0,0.0,0.0,0.0,0.0,0.0,0.0,0.0,0.0,0.0,0.0,0.0,0.019793270288102047,0.07257532438970751,0.14515064877941503,0.7587420277105786,4.084011436111709,11.79019133494612,9.949417198152629,2.474158786012756,0.46844073015174853,0.18473718935561914,0.05278205410160547,4.28060522696011,2.920132775169979,3.975609756097561,2.493775713877319,0.9287494513762619,4.340555179417739,2.935979124978698,4.213460231135282,2.892472883126426,0.9707191953496821,0.4014,0.01371,0.0,0.0,0.0,0.0,0.0,0.0,0.0,0.0,0.0,0.0,0.20453045964372119,13.63096547173959,15.893996041345945,0.270508027270728,0.0,0.0,0.0,0.0,0.0,0.0,0.0,0.0,0.0,0.0,0.0,0.0,0.0,0.0,0.0,0.0,nan,nan,4.276364869447271,2.9148514507243624,nan,0.4014,0.07495,0.0,0.0,0.0,0.0,0.0,0.0,0.0,0.0,0.0,0.0,0.0,0.0,0.0,0.0,0.0,0.0,0.0,0.00010996261271167803,0.004211568066857269,0.00010996261271167803,0.002056300857708379,0.007268528700241918,0.00019793270288102045,0.01021552672091489,0.002848031669232461,0.0029909830657576424,0.022036507587420276,0.003067956894655817,0.017901913349461184,0.010149549153287881,0.006300857708379151,0.02956894655817022,0.046503188915768635,0.015570705959973608,0.04570046184297339,0.05196833076753904,0.046569166483395645,0.026215086870464043,0.06141411919947218,0.046272267429074115,0.04694303936661535,0.06511985924785572,0.03268088849791071,0.06614251154607434,0.06268968550692765,0.03412139872443369,0.02432372993182318,0.04088409940620189,0.03538596877061799,0.01733010776336046,0.01241477897514845,0.033901473499010334,0.015394765779634924,0.030393666153507807,0.01235979766879261,0.0041785792830437655,0.0016604354519463382,0.003617769958214207,2.1992522542335606e-05,0.0007037607213547394,0.0004838354959313833,0.0,0.0,0.0,0.0,0.0,0.0,0.0,0.0,0.0,0.0,0.0,0.0,0.0,0.0,0.0,0.0,0.0,0.0,0.0,0.0,0.0,0.0,0.0,0.0,0.0,0.0,0.0,0.0,0.0,0.0,0.0,0.0,0.0,0.0,0.0,0.0,0.0,0.0,0.0,0.0,nan,nan,4.276364869447271,2.9148514507243624,nan,0.8283919645090626,0.03561943276776503,0.0,0.0,0.0,0.0,0.0,0.0,0.0,0.0,0.0,0.0,0.0,0.0,0.0,0.0,0.0,0.0,0.0,0.0,0.0,0.02568493150684932,0.0642123287671233,0.1669520547945206,0.8604452054794522,4.173801369863001,11.892123287671236,9.631849315068495,2.414383561643836,0.5136986301369864,0.20547945205479456,0.05136986301369864,0.8292528507074367,0.03368686624080724,0.0,0.0,0.0,0.0,0.0,0.0,0.0,0.0,0.0,0.0,0.0,0.0,0.0,0.0,0.0,0.0,0.0,0.0,0.0,0.0135685210312076,0.08141112618724561,0.12211668928086841,0.6512890094979649,3.9891451831750215,11.682496607869746,10.284938941655362,2.537313432835821,0.42062415196743563,0.16282225237449122,0.0542740841248304,0.4016,0.01371,0.0,0.0,0.0,0.0,0.0,0.0,0.0,0.0,0.0,0.0,0.1284246575342466,13.446061643835598,16.130136986301373,0.29537671232876717,0.0,0.0,0.0,0.0,0.0,0.0,0.0,0.0,0.0,0.0,0.0,0.0,0.0,0.0,0.0,0.0,0.4011,0.01371,0.0,0.0,0.0,0.0,0.0,0.0,0.0,0.0,0.0,0.0,0.2849389416553596,13.826322930800522,15.644504748982364,0.24423337856173682,0.0,0.0,0.0,0.0,0.0,0.0,0.0,0.0,0.0,0.0,0.0,0.0,0.0,0.0,0.0,0.0
96600,4662,2408,0.5165165165165165,1128,947,0.4450879450879451,1307,0.5607035607035608,0.40199999999999997,3.018189884649512,3.116650635964672,6.602719033232629,2.0376053364575766,8376.437837837839,506.4234737692498,7853.0,8866.4,8866.399999999998,1.8189894035458565e-12,7853.0,0.0,27.845130845130846,20.946604219516892,32.91245186136072,19.19537509876309,0.14264264264264265,0.10145860145860146,0.09244959244959244,0.08472758472758472,0.08172458172458172,0.07550407550407551,0.06885456885456885,0.06177606177606178,0.05834405834405834,0.052123552123552123,0.04847704847704848,0.03818103818103818,0.032175032175032175,0.02531102531102531,0.01673101673101673,0.012012012012012012,0.0075075075075075074,0.8276693850231498,0.03308243771277661,0.0,0.0,0.0,0.0,0.0,0.0,0.0,0.0,0.0,0.0,0.0,0.0,0.0,0.0,0.0,0.0,0.0,0.0,0.0,0.006435006435006436,0.012870012870012873,0.14800514800514802,0.9266409266409268,3.983268983268971,12.56756756756757,9.202059202059203,2.5611325611325615,0.43114543114543125,0.11583011583011585,0.04504504504504506,4.304791029561672,2.873337096624822,4.130434782608695,2.675238271811332,0.9594971635659791,4.328831870357866,2.8511176101127935,4.275862068965517,2.8891135391297773,0.9877634884008628,0.4028,0.013596,0.0,0.0,0.0,0.0,0.0,0.0,0.0,0.0,0.0,0.0,0.09009009009009011,12.3166023166023,17.252252252252255,0.34105534105534113,0.0,0.0,0.0,0.0,0.0,0.0,0.0,0.0,0.0,0.0,0.0,0.0,0.0,0.0,0.0,0.0,nan,nan,4.302107728337236,2.8704722282961908,nan,0.4028,0.0745,0.0,0.0,0.0,0.0,0.0,0.0,0.0,0.0,0.0,0.0,0.0,0.0,0.0,0.0,0.0,0.0,0.0,0.00010725010725010725,0.0036143286143286144,5.3625053625053626e-05,0.0023916773916773915,0.006917631917631918,0.0003968253968253968,0.00901973401973402,0.0024667524667524665,0.002649077649077649,0.021868296868296867,0.0027563277563277563,0.01645216645216645,0.00916988416988417,0.005920205920205921,0.028206778206778207,0.0465036465036465,0.014843414843414844,0.04492706992706993,0.053346203346203346,0.04743672243672244,0.026533676533676533,0.06105748605748606,0.0462033462033462,0.0456992706992707,0.06651651651651652,0.0342020592020592,0.06589446589446589,0.06411411411411412,0.03274345774345774,0.026126126126126126,0.040561990561990564,0.03577863577863578,0.017042042042042044,0.012655512655512655,0.03386958386958387,0.01625911625911626,0.030523380523380522,0.013213213213213212,0.004622479622479622,0.0022951522951522954,0.003785928785928786,5.3625053625053626e-05,0.0005148005148005148,0.0006864006864006864,0.0,0.0,0.0,0.0,0.0,0.0,0.0,0.0,0.0,0.0,0.0,0.0,0.0,0.0,0.0,0.0,0.0,0.0,0.0,0.0,0.0,0.0,0.0,0.0,0.0,0.0,0.0,0.0,0.0,0.0,0.0,0.0,0.0,0.0,0.0,0.0,0.0,0.0,0.0,0.0,nan,nan,4.302107728337236,2.8704722282961908,nan,0.8272571777337018,0.03237650715348228,0.0,0.0,0.0,0.0,0.0,0.0,0.0,0.0,0.0,0.0,0.0,0.0,0.0,0.0,0.0,0.0,0.0,0.0,0.0,0.0,0.0,0.1868770764119602,0.9593023255813955,3.8745847176079615,12.782392026578076,9.206810631229237,2.4044850498338874,0.46096345514950177,0.07475083056478407,0.04983388704318938,0.8281097555435539,0.033814773001957434,0.0,0.0,0.0,0.0,0.0,0.0,0.0,0.0,0.0,0.0,0.0,0.0,0.0,0.0,0.0,0.0,0.0,0.0,0.0,0.013309671694764866,0.02661934338952973,0.10647737355811893,0.891748003549246,4.0993788819875645,12.33806566104703,9.196983141082521,2.7284826974267977,0.399290150842946,0.15971606033717836,0.03992901508429459,0.4026,0.01351,0.0,0.0,0.0,0.0,0.0,0.0,0.0,0.0,0.0,0.0,0.1121262458471761,12.470930232558121,17.130398671096348,0.28654485049833894,0.0,0.0,0.0,0.0,0.0,0.0,0.0,0.0,0.0,0.0,0.0,0.0,0.0,0.0,0.0,0.0,0.403,0.01368,0.0,0.0,0.0,0.0,0.0,0.0,0.0,0.0,0.0,0.0,0.06654835847382433,12.151730257320303,17.382431233362915,0.399290150842946,0.0,0.0,0.0,0.0,0.0,0.0,0.0,0.0,0.0,0.0,0.0,0.0,0.0,0.0,0.0,0.0
96700,4500,2296,0.5102222222222222,1088,943,0.4513333333333333,1279,0.5684444444444444,0.418,2.9432849364791287,3.114563197261663,6.720812182741117,2.061217918250821,8370.0592,506.5940948879683,7853.0,8866.4,8866.4,0.0,7853.0,0.0,27.192666666666668,20.400391924339754,32.13510638297873,18.679743309132103,0.1448888888888889,0.10222222222222223,0.09844444444444445,0.084,0.08222222222222222,0.074,0.07155555555555555,0.06666666666666667,0.05466666666666667,0.05288888888888889,0.04466666666666667,0.04022222222222222,0.028888888888888888,0.025333333333333333,0.017333333333333333,0.008,0.004,0.8268011147711012,0.03330682686234001,0.0,0.0,0.0,0.0,0.0,0.0,0.0,0.0,0.0,0.0,0.0,0.0,0.0,0.0,0.0,0.0,0.0,0.0,0.0,0.0,0.020000000000000004,0.2266666666666667,0.8400000000000002,4.366666666666653,12.180000000000003,9.426666666666668,2.426666666666667,0.4000000000000001,0.07333333333333335,0.04000000000000001,4.306794055201698,2.8937916777015817,4.230769230769231,2.702909528841936,0.9823476991335015,4.312413793103448,2.878155126504397,4.298939929328622,2.904674970704545,0.9968755633338401,0.4026,0.013405,0.0,0.0,0.0,0.0,0.0,0.0,0.0,0.0,0.0,0.0,0.11333333333333336,12.679999999999982,16.960000000000004,0.24666666666666673,0.0,0.0,0.0,0.0,0.0,0.0,0.0,0.0,0.0,0.0,0.0,0.0,0.0,0.0,0.0,0.0,nan,nan,4.305759162303665,2.891291309413322,nan,0.4026,0.074,0.0,0.0,0.0,0.0,0.0,0.0,0.0,0.0,0.0,0.0,0.0,0.0,0.0,0.0,0.0,0.0,0.0,0.0,0.004344444444444444,4.4444444444444447e-05,0.002277777777777778,0.007277777777777778,0.00045555555555555556,0.0082,0.0018777777777777777,0.002477777777777778,0.021644444444444445,0.0030444444444444442,0.014888888888888889,0.00818888888888889,0.005677777777777778,0.028144444444444444,0.04585555555555555,0.015633333333333332,0.0482,0.054433333333333334,0.04788888888888889,0.025344444444444444,0.06202222222222222,0.04731111111111111,0.04472222222222222,0.06665555555555555,0.03277777777777778,0.0673,0.06427777777777778,0.03398888888888889,0.025433333333333332,0.042866666666666664,0.036222222222222225,0.017722222222222223,0.012266666666666667,0.03181111111111111,0.016844444444444443,0.0284,0.01138888888888889,0.0047666666666666664,0.0022333333333333333,0.003788888888888889,8.888888888888889e-05,0.0002777777777777778,0.0009333333333333333,0.0,0.0,0.0,0.0,0.0,0.0,0.0,0.0,0.0,0.0,0.0,0.0,0.0,0.0,0.0,0.0,0.0,0.0,0.0,0.0,0.0,0.0,0.0,0.0,0.0,0.0,0.0,0.0,0.0,0.0,0.0,0.0,0.0,0.0,0.0,0.0,0.0,0.0,0.0,0.0,nan,nan,4.305759162303665,2.891291309413322,nan,0.8265980360607652,0.03310535142826715,0.0,0.0,0.0,0.0,0.0,0.0,0.0,0.0,0.0,0.0,0.0,0.0,0.0,0.0,0.0,0.0,0.0,0.0,0.0,0.0,0.013066202090592338,0.2482578397212544,0.927700348432056,4.364111498257826,11.785714285714288,9.799651567944252,2.40418118466899,0.3789198606271778,0.05226480836236935,0.026132404181184676,0.8270126704511971,0.03351411567171321,0.0,0.0,0.0,0.0,0.0,0.0,0.0,0.0,0.0,0.0,0.0,0.0,0.0,0.0,0.0,0.0,0.0,0.0,0.0,0.0,0.027223230490018156,0.20417422867513615,0.7486388384754993,4.3693284936479,12.590744101633398,9.038112522686028,2.450090744101634,0.4219600725952814,0.09528130671506355,0.05444646098003631,0.4026,0.01317,0.0,0.0,0.0,0.0,0.0,0.0,0.0,0.0,0.0,0.0,0.13066202090592338,12.7526132404181,16.93379790940767,0.18292682926829273,0.0,0.0,0.0,0.0,0.0,0.0,0.0,0.0,0.0,0.0,0.0,0.0,0.0,0.0,0.0,0.0,0.4026,0.01364,0.0,0.0,0.0,0.0,0.0,0.0,0.0,0.0,0.0,0.0,0.09528130671506355,12.604355716878384,16.987295825771326,0.3130671506352088,0.0,0.0,0.0,0.0,0.0,0.0,0.0,0.0,0.0,0.0,0.0,0.0,0.0,0.0,0.0,0.0
96800,4613,2350,0.5094298721005853,1087,947,0.44092781270323,1308,0.5670929980489919,0.40199999999999997,2.8365002209456476,2.985715371573211,6.406451612903226,2.020689036725483,8369.256232386733,506.6098779362386,7853.0,8866.4,8866.4,0.0,7853.0,0.0,27.97658790375027,20.949939151813492,32.91326794011358,19.231927251846326,0.13570344678083676,0.10773899848254932,0.09408194233687406,0.08259267288098851,0.0780403208324301,0.0780403208324301,0.06893561673531325,0.06134836332104921,0.05636245393453284,0.0535443312378062,0.04790808584435292,0.04053761109906785,0.03208324300888792,0.026013440277476697,0.02037719488402341,0.008454368090179926,0.008237589421200954,0.8268799182781035,0.03335620830608796,0.0,0.0,0.0,0.0,0.0,0.0,0.0,0.0,0.0,0.0,0.0,0.0,0.0,0.0,0.0,0.0,0.0,0.0,0.0,0.0,0.04552352048558423,0.22111424235855195,0.9104704097116846,4.162150444396259,12.258833730760896,9.403858660307828,2.3932365055278564,0.4942553652720573,0.10405376110990681,0.006503360069369176,4.177058215638994,2.767173357478993,4.285714285714286,2.8392295591931127,1.0260125821728987,4.246298788694482,2.769018980182254,4.111337406653089,2.7665125631235616,0.96821670147171,0.4026,0.01407,0.0,0.0,0.0,0.0,0.0,0.0,0.0,0.0,0.0,0.0,0.22111424235855195,12.45393453284195,16.94775634077607,0.37719488402341217,0.0,0.0,0.0,0.0,0.0,0.0,0.0,0.0,0.0,0.0,0.0,0.0,0.0,0.0,0.0,0.0,nan,nan,4.179114565731666,2.768594042226667,nan,0.4026,0.074,0.0,0.0,0.0,0.0,0.0,0.0,0.0,0.0,0.0,0.0,0.0,0.0,0.0,0.0,0.0,0.0,0.0,0.0,0.004183828311294169,4.3355733795794494e-05,0.0022870149577281593,0.00818339475395621,0.0004660741383047908,0.0078690656839367,0.00149577281595491,0.002189464556687622,0.021677866897897247,0.0027747669629308476,0.014047257749837417,0.006980273141122913,0.005809668328636462,0.030576631259484066,0.04731194450466074,0.014600043355733797,0.049783221331021026,0.05375027097333623,0.04733362237155864,0.025926728809885106,0.06015608064166486,0.04766962930847605,0.0452525471493605,0.06545631909820074,0.030522436592239324,0.06639930630825927,0.06796011272490787,0.03394753956210709,0.026587903750270973,0.041307175373943204,0.037231736397138525,0.016681118577931933,0.01195534359419033,0.03196401474094949,0.016637762844136136,0.02968783871667028,0.01040537611099068,0.0049750704530674185,0.003197485367439844,0.003663559505744635,7.587253414264036e-05,0.00023845653587686972,0.0006936917407327119,1.0838933448948623e-05,3.251680034684587e-05,0.0,0.0,0.0,0.0,0.0,0.0,0.0,0.0,0.0,0.0,0.0,0.0,0.0,0.0,0.0,0.0,0.0,0.0,0.0,0.0,0.0,0.0,0.0,0.0,0.0,0.0,0.0,0.0,0.0,0.0,0.0,0.0,0.0,0.0,0.0,0.0,0.0,0.0,nan,nan,4.179114565731666,2.768594042226667,nan,0.8267227597439543,0.03356467321482063,0.0,0.0,0.0,0.0,0.0,0.0,0.0,0.0,0.0,0.0,0.0,0.0,0.0,0.0,0.0,0.0,0.0,0.0,0.0,0.0,0.03829787234042554,0.22978723404255325,0.9574468085106385,4.212765957446796,12.153191489361705,9.306382978723406,2.4510638297872345,0.5617021276595746,0.07659574468085108,0.012765957446808513,0.8270431187002205,0.033137552230287116,0.0,0.0,0.0,0.0,0.0,0.0,0.0,0.0,0.0,0.0,0.0,0.0,0.0,0.0,0.0,0.0,0.0,0.0,0.0,0.0,0.053026955368979244,0.21210782147591697,0.8616880247459127,4.1095890410958775,12.36853733981441,9.505081749889529,2.3331860362350865,0.42421564295183395,0.1325673884224481,0.0,0.4028,0.01377,0.0,0.0,0.0,0.0,0.0,0.0,0.0,0.0,0.0,0.0,0.16595744680851068,12.19148936170211,17.33617021276596,0.3063829787234043,0.0,0.0,0.0,0.0,0.0,0.0,0.0,0.0,0.0,0.0,0.0,0.0,0.0,0.0,0.0,0.0,0.4023,0.01438,0.0,0.0,0.0,0.0,0.0,0.0,0.0,0.0,0.0,0.0,0.278391515687141,12.726469288554998,16.544410075121522,0.4507291206363236,0.0,0.0,0.0,0.0,0.0,0.0,0.0,0.0,0.0,0.0,0.0,0.0,0.0,0.0,0.0,0.0
96900,4358,2242,0.5144561725562184,1077,885,0.45020651675080314,1237,0.5676916016521341,0.414,2.9522684310018903,2.988650484118973,6.210272873194222,2.1883443808945033,8374.349885268472,506.4881744538765,7853.0,8866.4,8866.4,0.0,7853.0,0.0,28.990821477742085,21.19699140061181,33.856485242350395,19.35195656522534,0.1333180357962368,0.09614502065167509,0.0867370353373107,0.08008260670032125,0.07778797613584212,0.07939421753097751,0.07251032583754016,0.0617255621844883,0.06195502524093621,0.05507113354749885,0.045663148233134464,0.04612207434603029,0.03327214318494722,0.02822395594309316,0.02179899036255163,0.013997246443322625,0.006195502524093621,0.824308529407292,0.03350390504599048,0.0,0.0,0.0,0.0,0.0,0.0,0.0,0.0,0.0,0.0,0.0,0.0,0.0,0.0,0.0,0.0,0.0,0.0,0.0,0.0,0.04130335016062415,0.17898118402937133,1.115190454336852,4.866911427260196,12.61128958237724,8.584212941716386,1.9963285910968338,0.5162918770078019,0.0826067003212483,0.006883891693437358,4.133121468926554,2.765098076936116,4.0344827586206895,2.5254942653242147,0.9761345726111741,4.208275862068965,2.8370821204862713,4.053472222222222,2.6789926899044962,0.9632144743071489,0.4028,0.013885,0.0,0.0,0.0,0.0,0.0,0.0,0.0,0.0,0.0,0.0,0.22028453418999547,12.136301055530042,17.312987608994955,0.3304268012849932,0.0,0.0,0.0,0.0,0.0,0.0,0.0,0.0,0.0,0.0,0.0,0.0,0.0,0.0,0.0,0.0,nan,nan,4.131141868512111,2.760528585850712,nan,0.4028,0.07416,0.0,0.0,0.0,0.0,0.0,0.0,0.0,0.0,0.0,0.0,0.0,0.0,0.0,0.0,0.0,0.0,0.0,4.5892611289582376e-05,0.004646626893070216,0.0,0.002007801743919229,0.008168884809545663,0.0003900871959614502,0.007113354749885268,0.0013194125745754934,0.002810922441486921,0.02081229921982561,0.0024782010096374486,0.013469481413492428,0.008008260670032125,0.006057824690224874,0.0320330426801285,0.049988526847177604,0.012849931161083065,0.049208352455254706,0.0551973382285452,0.04537631941257458,0.026342358880220285,0.060084901330885725,0.0440110142267095,0.04643184947223497,0.06140431390546122,0.0335933914639743,0.06772602111060119,0.06898806792106471,0.03517668655346489,0.02608994951812758,0.04017898118402937,0.036748508490133086,0.01632629646626893,0.011335474988526847,0.03128728774667278,0.01698026617714548,0.031229921982560808,0.009970169802661771,0.005736576411197797,0.003132170720513997,0.004164754474529601,5.736576411197797e-05,0.0002409362092703075,0.0007801743919229004,0.0,0.0,0.0,0.0,0.0,0.0,0.0,0.0,0.0,0.0,0.0,0.0,0.0,0.0,0.0,0.0,0.0,0.0,0.0,0.0,0.0,0.0,0.0,0.0,0.0,0.0,0.0,0.0,0.0,0.0,0.0,0.0,0.0,0.0,0.0,0.0,0.0,0.0,0.0,0.0,nan,nan,4.131141868512111,2.760528585850712,nan,0.8237969330333366,0.033784761701262885,0.0,0.0,0.0,0.0,0.0,0.0,0.0,0.0,0.0,0.0,0.0,0.0,0.0,0.0,0.0,0.0,0.0,0.0,0.0,0.0,0.04014272970561999,0.18733273862622662,1.257805530776093,5.017841213202482,12.283675289919717,8.563782337198932,2.074041034790366,0.5218554861730599,0.04014272970561999,0.013380909901873331,0.8248505894594698,0.03319513072990099,0.0,0.0,0.0,0.0,0.0,0.0,0.0,0.0,0.0,0.0,0.0,0.0,0.0,0.0,0.0,0.0,0.0,0.0,0.0,0.0,0.04253308128544424,0.17013232514177695,0.9640831758034029,4.70699432892248,12.95841209829868,8.605860113421551,1.913988657844991,0.5103969754253309,0.12759924385633273,0.0,0.4026,0.01414,0.0,0.0,0.0,0.0,0.0,0.0,0.0,0.0,0.0,0.0,0.24085637823371994,12.243532560214076,17.19446922390723,0.3211418376449599,0.0,0.0,0.0,0.0,0.0,0.0,0.0,0.0,0.0,0.0,0.0,0.0,0.0,0.0,0.0,0.0,0.4033,0.0136,0.0,0.0,0.0,0.0,0.0,0.0,0.0,0.0,0.0,0.0,0.1984877126654065,12.022684310018887,17.43856332703214,0.3402646502835539,0.0,0.0,0.0,0.0,0.0,0.0,0.0,0.0,0.0,0.0,0.0,0.0,0.0,0.0,0.0,0.0
97000,4659,2350,0.5044000858553338,1098,956,0.4408671388710024,1336,0.5735136295342348,0.39399999999999996,2.9289735816370723,3.085777575052596,6.58,2.0999413911235347,8364.159047005794,506.68037943046494,7853.0,8866.4,8866.4,0.0,7853.0,0.0,27.907705516205194,20.891045523871767,32.903969270166456,19.127532016542805,0.14123202403949345,0.10002146383344065,0.0987336338270015,0.08521141875939042,0.07319167203262503,0.0721184803605924,0.0695428203477141,0.06224511697789225,0.061171925305859624,0.05709379695213565,0.05258639192959862,0.03756170852114188,0.02876153681047435,0.024683408456750374,0.016956428418115475,0.011805108392358874,0.0070830650354153256,0.8244674446936405,0.03398985813135174,0.0,0.0,0.0,0.0,0.0,0.0,0.0,0.0,0.0,0.0,0.0,0.0,0.0,0.0,0.0,0.0,0.0,0.0,0.0,0.0,0.03219575016097876,0.2575660012878301,0.9272376046361882,5.041854475209257,12.556342562781715,8.415969092079846,2.144236960721185,0.5086928525434644,0.10302640051513202,0.012878300064391503,4.351452991452992,2.845581749950868,4.041666666666667,2.516266524480708,0.9288085323695788,4.3806584362139915,2.8344508287529226,4.313531353135313,2.846580092429219,0.984676485497305,0.403,0.01388,0.0,0.0,0.0,0.0,0.0,0.0,0.0,0.0,0.0,0.0,0.12878300064391504,12.041210560206036,17.340631036703158,0.4893754024468771,0.0,0.0,0.0,0.0,0.0,0.0,0.0,0.0,0.0,0.0,0.0,0.0,0.0,0.0,0.0,0.0,nan,nan,4.346451395896401,2.840836411646258,nan,0.403,0.0741,0.0,0.0,0.0,0.0,0.0,0.0,0.0,0.0,0.0,0.0,0.0,0.0,0.0,0.0,0.0,0.0,0.0,2.1463833440652502e-05,0.004110324103884954,0.0,0.0024361450955140587,0.0073084352865421765,0.00039708091865207126,0.007201116119338914,0.0016527151749302425,0.0020176003434213352,0.020369177935179224,0.002361021678471775,0.014455891822279458,0.008392358875295127,0.00592401802962009,0.03232453316162267,0.04984975316591543,0.01248121914573943,0.04996780424983902,0.053766902768834515,0.049474136080704015,0.02518780854260571,0.059229448379480576,0.043228160549474134,0.047499463404163986,0.060367031551835156,0.03377334191886671,0.06992916934964585,0.06630178149817557,0.033869929169349645,0.026861987550976605,0.03923588752951277,0.03485726550761966,0.017407168920369177,0.011032410388495385,0.030027902983472847,0.017696930671817986,0.03444945267224726,0.011032410388495385,0.005559132861128998,0.00334835801674179,0.003638119768190599,0.00020390641768619876,0.00018244258424554626,0.0005473277527366388,0.0,2.1463833440652502e-05,0.0,0.0,0.0,0.0,0.0,0.0,0.0,0.0,0.0,0.0,0.0,0.0,0.0,0.0,0.0,0.0,0.0,0.0,0.0,0.0,0.0,0.0,0.0,0.0,0.0,0.0,0.0,0.0,0.0,0.0,0.0,0.0,0.0,0.0,0.0,0.0,0.0,0.0,nan,nan,4.346451395896401,2.840836411646258,nan,0.8250308885472886,0.03381082650489606,0.0,0.0,0.0,0.0,0.0,0.0,0.0,0.0,0.0,0.0,0.0,0.0,0.0,0.0,0.0,0.0,0.0,0.0,0.0,0.0,0.012765957446808513,0.25531914893617025,0.919148936170213,4.83829787234041,12.676595744680855,8.50212765957447,2.1574468085106386,0.523404255319149,0.08936170212765959,0.025531914893617027,0.823893995990274,0.0341615648211272,0.0,0.0,0.0,0.0,0.0,0.0,0.0,0.0,0.0,0.0,0.0,0.0,0.0,0.0,0.0,0.0,0.0,0.0,0.0,0.0,0.051970550021654405,0.259852750108272,0.9354699003897793,5.249025552187077,12.433954092680818,8.328280640970119,2.1307925508878305,0.49372022520571685,0.11693373754872241,0.0,0.4036,0.01381,0.0,0.0,0.0,0.0,0.0,0.0,0.0,0.0,0.0,0.0,0.10212765957446811,11.885106382978707,17.540425531914895,0.47234042553191496,0.0,0.0,0.0,0.0,0.0,0.0,0.0,0.0,0.0,0.0,0.0,0.0,0.0,0.0,0.0,0.0,0.4028,0.01393,0.0,0.0,0.0,0.0,0.0,0.0,0.0,0.0,0.0,0.0,0.15591165006496321,12.200086617583352,17.13728886964054,0.5067128627111305,0.0,0.0,0.0,0.0,0.0,0.0,0.0,0.0,0.0,0.0,0.0,0.0,0.0,0.0,0.0,0.0
97100,4779,2433,0.5091023226616447,1114,975,0.4371207365557648,1353,0.5662272441933459,0.39799999999999996,2.9420289855072466,3.0738367342060564,6.437037037037037,2.091277856407974,8368.92429378531,506.61603054400297,7853.0,8866.4,8866.399999999998,1.8189894035458565e-12,7853.0,0.0,28.3092697216991,21.140473679683907,33.35794462459466,19.33830150451424,0.1429169282276627,0.09750993931784892,0.09290646578782172,0.08516426030550324,0.0742833228708935,0.07470182046453233,0.06591337099811675,0.06256539024900606,0.05942665829671479,0.05398618957940992,0.048127223268466204,0.04310525214480017,0.035990793052939944,0.022389621259677757,0.023854362837413684,0.01109018623142917,0.00606821510776313,0.824783431570708,0.033379557481708,0.0,0.0,0.0,0.0,0.0,0.0,0.0,0.0,0.0,0.0,0.0,0.0,0.0,0.0,0.0,0.0,0.0,0.0,0.0,0.0,0.0125549278091651,0.15693659761456374,1.1236660389202764,4.770872567482723,12.467043314500945,8.78844946641557,2.121782799748902,0.4394224733207785,0.1004394224733208,0.018832391713747648,4.2694848084544255,2.86474611024944,4.574468085106383,2.4122443054978846,1.0714332736465135,4.298624754420432,2.8811683479286003,4.252747252747253,2.8348391047733292,0.9893274002049139,0.4026,0.013596,0.0,0.0,0.0,0.0,0.0,0.0,0.0,0.0,0.0,0.0,0.1632140615191463,12.253609541745117,17.244193345888263,0.3389830508474577,0.0,0.0,0.0,0.0,0.0,0.0,0.0,0.0,0.0,0.0,0.0,0.0,0.0,0.0,0.0,0.0,nan,nan,4.274146341463415,2.8586138339682936,nan,0.4026,0.0741,0.0,0.0,0.0,0.0,0.0,0.0,0.0,0.0,0.0,0.0,0.0,0.0,0.0,0.0,0.0,0.0,0.0,1.0462439840970914e-05,0.0037560159029085584,3.138731952291274e-05,0.0034839924670433146,0.007742205482318477,0.00015693659761456373,0.006716886377903327,0.002197112366603892,0.0018727767315337937,0.02014019669386901,0.002699309478970496,0.01570412220129734,0.008066541117388575,0.0072923205691567275,0.031052521448001674,0.04895375601590291,0.012303829252981796,0.04746808955848504,0.05308641975308642,0.05077422054823185,0.02721280602636535,0.059353421217827995,0.04201715840133919,0.04836785938480854,0.06143544674618121,0.035781544256120526,0.06973216154007114,0.0619794936179117,0.03536304666248169,0.027505754341912533,0.0392446118434819,0.034431889516635276,0.01874869219501988,0.010389202762084118,0.03078049801213643,0.017200251098556184,0.0342435655994978,0.010399665201925088,0.005743879472693032,0.003075957313245449,0.0027725465578572923,0.00012554927809165097,0.0001360117179326219,0.00044988491316174935,0.0,0.0,0.0,0.0,0.0,0.0,0.0,0.0,0.0,0.0,0.0,0.0,0.0,0.0,0.0,0.0,0.0,0.0,0.0,0.0,0.0,0.0,0.0,0.0,0.0,0.0,0.0,0.0,0.0,0.0,0.0,0.0,0.0,0.0,0.0,0.0,0.0,0.0,0.0,0.0,nan,nan,4.274146341463415,2.8586138339682936,nan,0.8248184026635041,0.03350797184088688,0.0,0.0,0.0,0.0,0.0,0.0,0.0,0.0,0.0,0.0,0.0,0.0,0.0,0.0,0.0,0.0,0.0,0.0,0.0,0.0,0.012330456226880398,0.13563501849568435,1.1467324290998768,4.549938347718851,12.651048088779287,8.877928483353886,1.985203452527744,0.4685573366214551,0.16029593094944516,0.012330456226880398,0.824747163595954,0.033245818158412266,0.0,0.0,0.0,0.0,0.0,0.0,0.0,0.0,0.0,0.0,0.0,0.0,0.0,0.0,0.0,0.0,0.0,0.0,0.0,0.0,0.012787723785166244,0.17902813299232742,1.099744245524297,4.999999999999985,12.276214833759594,8.695652173913045,2.2634271099744248,0.4092071611253198,0.03836317135549873,0.025575447570332487,0.403,0.013626,0.0,0.0,0.0,0.0,0.0,0.0,0.0,0.0,0.0,0.0,0.14796547472256477,12.059186189889008,17.459926017262642,0.3329223181257707,0.0,0.0,0.0,0.0,0.0,0.0,0.0,0.0,0.0,0.0,0.0,0.0,0.0,0.0,0.0,0.0,0.4023,0.01356,0.0,0.0,0.0,0.0,0.0,0.0,0.0,0.0,0.0,0.0,0.17902813299232742,12.4552429667519,17.02046035805627,0.3452685421994886,0.0,0.0,0.0,0.0,0.0,0.0,0.0,0.0,0.0,0.0,0.0,0.0,0.0,0.0,0.0,0.0
97200,4696,2482,0.528534923339012,1195,922,0.450809199318569,1282,0.5459965928449745,0.41,2.967479674796748,3.1141819825306603,6.533437013996889,2.2399008199129624,8388.617291311753,505.8741743390257,7853.0,8866.4,8866.4,0.0,7853.0,0.0,28.249787052810902,20.753573612076057,32.94051204819277,19.02629034351675,0.131175468483816,0.10178875638841567,0.09348381601362862,0.08773424190800681,0.07815161839863714,0.0755962521294719,0.06622657580919931,0.06814310051107325,0.0598381601362862,0.05238500851788756,0.053023850085178875,0.0379045996592845,0.03321976149914821,0.027470187393526406,0.017674616695059625,0.011073253833049404,0.005110732538330494,0.8243787459254874,0.03532173871043385,0.0,0.0,0.0,0.0,0.0,0.0,0.0,0.0,0.0,0.0,0.0,0.0,0.0,0.0,0.0,0.0,0.0,0.0,0.0,0.019165247018739357,0.0702725724020443,0.3066439522998297,1.073253833049404,4.650766609880735,12.419080068143103,8.617972742759797,2.1145655877342424,0.6005110732538331,0.12776831345826237,0.0,4.122789456122789,2.9482701352102123,4.635135135135135,3.156179371484095,1.1242716089349305,4.1931892599869025,2.996397003429891,4.077720207253886,2.9113269920018445,0.972462713802387,0.4033,0.0137,0.0,0.0,0.0,0.0,0.0,0.0,0.0,0.0,0.0,0.0,0.18526405451448047,11.824957410562163,17.6767461669506,0.3130323679727428,0.0,0.0,0.0,0.0,0.0,0.0,0.0,0.0,0.0,0.0,0.0,0.0,0.0,0.0,0.0,0.0,nan,nan,4.135135135135135,2.954496923994149,nan,0.4033,0.07465,0.0,0.0,0.0,0.0,0.0,0.0,0.0,0.0,0.0,0.0,0.0,0.0,0.0,0.0,0.0,4.258943781942078e-05,0.0,1.0647359454855195e-05,0.003801107325383305,3.194207836456559e-05,0.003747870528109029,0.006942078364565588,2.129471890971039e-05,0.007921635434412266,0.0026405451448040886,0.00272572402044293,0.018281516183986372,0.00272572402044293,0.016034923339011926,0.007474446337308348,0.007155025553662692,0.032463798977853495,0.05079855195911414,0.011499148211243612,0.046007240204429305,0.05196976149914821,0.05179940374787053,0.027906729131175468,0.055685689948892676,0.0415885860306644,0.04752981260647359,0.05973168654173765,0.03593483816013628,0.06643952299829642,0.06277683134582623,0.03588160136286201,0.028045144804088585,0.0418973594548552,0.034252555366269165,0.020240630323679728,0.010136286201022146,0.03382666098807496,0.0160881601362862,0.03323040885860307,0.011339437819420784,0.00625,0.003481686541737649,0.0030557921635434413,0.00010647359454855196,0.0002661839863713799,0.00021294718909710392,0.0,0.0,0.0,0.0,0.0,0.0,0.0,0.0,0.0,0.0,0.0,0.0,0.0,0.0,0.0,0.0,0.0,0.0,0.0,0.0,0.0,0.0,0.0,0.0,0.0,0.0,0.0,0.0,0.0,0.0,0.0,0.0,0.0,0.0,0.0,0.0,0.0,0.0,0.0,0.0,nan,nan,4.135135135135135,2.954496923994149,nan,0.8242759910636521,0.03451325564544226,0.0,0.0,0.0,0.0,0.0,0.0,0.0,0.0,0.0,0.0,0.0,0.0,0.0,0.0,0.0,0.0,0.0,0.0,0.0,0.012087026591458504,0.04834810636583402,0.2659145850120871,1.0757453666398067,4.677679290894425,12.788074133763097,8.424657534246577,1.9339242546333606,0.7010475423045932,0.07252215954875102,0.0,0.8244939390452143,0.03620628319101466,0.0,0.0,0.0,0.0,0.0,0.0,0.0,0.0,0.0,0.0,0.0,0.0,0.0,0.0,0.0,0.0,0.0,0.0,0.0,0.027100271002710032,0.09485094850948513,0.35230352303523044,1.0704607046070462,4.620596205962046,12.005420054200545,8.834688346883471,2.3170731707317076,0.4878048780487806,0.18970189701897025,0.0,0.4028,0.013855,0.0,0.0,0.0,0.0,0.0,0.0,0.0,0.0,0.0,0.0,0.2659145850120871,12.050765511684109,17.36905721192587,0.3142626913779211,0.0,0.0,0.0,0.0,0.0,0.0,0.0,0.0,0.0,0.0,0.0,0.0,0.0,0.0,0.0,0.0,0.4036,0.01352,0.0,0.0,0.0,0.0,0.0,0.0,0.0,0.0,0.0,0.0,0.09485094850948513,11.571815718157165,18.02168021680217,0.31165311653116534,0.0,0.0,0.0,0.0,0.0,0.0,0.0,0.0,0.0,0.0,0.0,0.0,0.0,0.0,0.0,0.0
97300,4768,2472,0.5184563758389261,1139,971,0.4425335570469799,1355,0.5683724832214765,0.40599999999999997,2.9603658536585367,3.0803265594480393,6.542113323124043,2.1420074323269955,8378.403691275167,506.35467997509716,7853.0,8866.4,8866.4,0.0,7853.0,0.0,28.07256711409396,20.87901034388667,33.00623596906959,19.103731775434895,0.1373741610738255,0.09878355704697987,0.09437919463087248,0.08452181208053691,0.08494127516778524,0.07550335570469799,0.062290268456375836,0.0662751677852349,0.054110738255033555,0.05578859060402685,0.05075503355704698,0.040058724832214766,0.03418624161073826,0.028104026845637585,0.015939597315436243,0.011115771812080536,0.00587248322147651,0.8235642550100616,0.03360461515660316,0.0,0.0,0.0,0.0,0.0,0.0,0.0,0.0,0.0,0.0,0.0,0.0,0.0,0.0,0.0,0.0,0.0,0.0,0.0,0.0,0.031459731543624164,0.15729865771812082,1.1073825503355708,5.0020973154362265,12.929949664429532,8.330536912751679,1.8687080536912755,0.44043624161073835,0.10067114093959734,0.031459731543624164,4.253968253968254,2.859528325157566,4.258620689655173,2.61006239076959,1.001093669583119,4.2944194996792815,2.8424372102463766,4.212738017071569,2.8672847183790524,0.9809796218991151,0.4036,0.01395,0.0,0.0,0.0,0.0,0.0,0.0,0.0,0.0,0.0,0.0,0.13842281879194634,11.841442953020117,17.65520134228188,0.36493288590604034,0.0,0.0,0.0,0.0,0.0,0.0,0.0,0.0,0.0,0.0,0.0,0.0,0.0,0.0,0.0,0.0,nan,nan,4.254055807916937,2.855034960844564,nan,0.4036,0.0744,0.0,0.0,0.0,0.0,0.0,0.0,0.0,0.0,0.0,0.0,0.0,0.0,0.0,0.0,0.0,0.0,1.0486577181208053e-05,2.0973154362416106e-05,0.003743708053691275,3.1459731543624164e-05,0.0036388422818791947,0.007214765100671141,5.243288590604027e-05,0.007613255033557047,0.0022126677852348994,0.0024538590604026847,0.017973993288590603,0.0029886744966442953,0.016348573825503355,0.007130872483221477,0.006449244966442953,0.03336828859060403,0.04837458053691275,0.011356963087248323,0.04638213087248322,0.05201342281879195,0.053691275167785234,0.029855285234899328,0.05232802013422819,0.039890939597315433,0.04572147651006712,0.06000419463087248,0.03639890939597316,0.06969379194630873,0.06383179530201342,0.03618917785234899,0.02846057046979866,0.04300545302013423,0.03395553691275168,0.02079488255033557,0.010056627516778523,0.03361996644295302,0.014859479865771812,0.03304320469798658,0.011577181208053691,0.007214765100671141,0.0035654362416107383,0.002506291946308725,6.291946308724833e-05,0.00018875838926174496,0.00010486577181208053,0.0,0.0,0.0,0.0,0.0,0.0,0.0,0.0,0.0,0.0,0.0,0.0,0.0,0.0,0.0,0.0,0.0,0.0,0.0,0.0,0.0,0.0,0.0,0.0,0.0,0.0,0.0,0.0,0.0,0.0,0.0,0.0,0.0,0.0,0.0,0.0,0.0,0.0,0.0,0.0,nan,nan,4.254055807916937,2.855034960844564,nan,0.8226220287069148,0.034253881067076594,0.0,0.0,0.0,0.0,0.0,0.0,0.0,0.0,0.0,0.0,0.0,0.0,0.0,0.0,0.0,0.0,0.0,0.0,0.0,0.0,0.03640776699029127,0.2427184466019418,1.1650485436893205,5.133495145631052,12.961165048543693,8.033980582524274,1.7961165048543692,0.5218446601941749,0.08495145631067963,0.02427184466019418,0.8245787077197214,0.03286106676449142,0.0,0.0,0.0,0.0,0.0,0.0,0.0,0.0,0.0,0.0,0.0,0.0,0.0,0.0,0.0,0.0,0.0,0.0,0.0,0.0,0.026132404181184676,0.06533101045296169,1.045296167247387,4.860627177700334,12.896341463414638,8.649825783972126,1.9468641114982583,0.35278745644599313,0.11759581881533103,0.03919860627177701,0.4036,0.01431,0.0,0.0,0.0,0.0,0.0,0.0,0.0,0.0,0.0,0.0,0.20631067961165053,11.92961165048542,17.47572815533981,0.3883495145631069,0.0,0.0,0.0,0.0,0.0,0.0,0.0,0.0,0.0,0.0,0.0,0.0,0.0,0.0,0.0,0.0,0.4038,0.01355,0.0,0.0,0.0,0.0,0.0,0.0,0.0,0.0,0.0,0.0,0.06533101045296169,11.746515679442492,17.848432055749132,0.3397212543554008,0.0,0.0,0.0,0.0,0.0,0.0,0.0,0.0,0.0,0.0,0.0,0.0,0.0,0.0,0.0,0.0
97400,4721,2470,0.5231942385087905,1102,961,0.43698368989620845,1316,0.5575090023300149,0.40599999999999997,2.9075966237227897,3.0378027038902515,6.416798732171157,2.136907556265303,8383.20504130481,506.1545248570431,7853.0,8866.4,8866.4,0.0,7853.0,0.0,28.07286591823766,21.020636888568422,32.90810946522721,19.329108966613074,0.13874179199322179,0.09891972039822071,0.09553060792205041,0.09023511967803431,0.07625503071383181,0.07943232366024147,0.0646049565769964,0.05888582927345901,0.05655581444609193,0.05274306291040034,0.0472357551366236,0.04427028171997458,0.03643295911883076,0.025206524041516628,0.015462825672527008,0.012709171785638636,0.006778224952340606,0.8232453958105925,0.034487210535796425,0.0,0.0,0.0,0.0,0.0,0.0,0.0,0.0,0.0,0.0,0.0,0.0,0.0,0.0,0.0,0.0,0.0,0.0,0.0,0.0,0.05083668714255456,0.20970133446303754,1.1628892183859354,5.134505401397993,12.575725481889434,8.267316246557934,1.950857869095531,0.4829485278542683,0.12709171785638637,0.038127515356915914,4.2243589743589745,2.8330634912813615,3.796875,3.042304263937945,0.8988050075872533,4.22126245847176,2.7840694898782665,4.2089356110381075,2.8917798305706683,0.9970798197091693,0.4045,0.01365,0.0,0.0,0.0,0.0,0.0,0.0,0.0,0.0,0.0,0.0,0.12709171785638637,10.713831815293355,18.739673797924173,0.4194026689260751,0.0,0.0,0.0,0.0,0.0,0.0,0.0,0.0,0.0,0.0,0.0,0.0,0.0,0.0,0.0,0.0,nan,nan,4.215323645970938,2.838311740210931,nan,0.4045,0.0749,0.0,0.0,0.0,0.0,0.0,0.0,0.0,0.0,0.0,0.0,0.0,0.0,0.0,0.0,0.0,0.0,2.1181952976064393e-05,0.0,0.0037597966532514297,4.236390595212879e-05,0.0036432959118830755,0.00593094683329803,0.00021181952976064393,0.006873543740732895,0.0031031561109934338,0.0026689260749841134,0.01804702393560686,0.003198474899385723,0.017157381910612158,0.008091506036856598,0.005507307773776742,0.034590129209913154,0.04702393560686295,0.012190213937725057,0.04335945774200381,0.05319847489938572,0.05158864647320483,0.03125397161618301,0.05001059097648803,0.040277483583986445,0.04680152510061428,0.05951069688625291,0.03543740732895573,0.06864011861893667,0.06369413259902564,0.034314763821224316,0.02791781402245287,0.04257572548188943,0.0341135352679517,0.022728235543317092,0.01012497352255878,0.03455835628044906,0.016034738402880746,0.03503495022241051,0.011184071171362,0.00848337216691379,0.004744757466638424,0.002224105062486761,0.0,8.472781190425757e-05,4.236390595212879e-05,0.0,0.0,0.0,0.0,0.0,0.0,0.0,0.0,0.0,0.0,0.0,0.0,0.0,0.0,0.0,0.0,0.0,0.0,0.0,0.0,0.0,0.0,0.0,0.0,0.0,0.0,0.0,0.0,0.0,0.0,0.0,0.0,0.0,0.0,0.0,0.0,0.0,0.0,0.0,0.0,nan,nan,4.215323645970938,2.838311740210931,nan,0.8228097577809322,0.03540588309587625,0.0,0.0,0.0,0.0,0.0,0.0,0.0,0.0,0.0,0.0,0.0,0.0,0.0,0.0,0.0,0.0,0.0,0.0,0.0,0.0,0.07287449392712551,0.2307692307692308,1.2510121457489882,5.222672064777312,12.182186234817816,8.477732793522268,1.8461538461538465,0.48582995951417013,0.18218623481781382,0.04858299595141702,0.8237234171047999,0.03344361206543987,0.0,0.0,0.0,0.0,0.0,0.0,0.0,0.0,0.0,0.0,0.0,0.0,0.0,0.0,0.0,0.0,0.0,0.0,0.0,0.0,0.02665482007996447,0.18658374055975127,1.0661928031985786,5.037760995113268,13.00755219902266,8.036428254109286,2.065748556197246,0.4797867614393604,0.06663705019991116,0.02665482007996447,0.4043,0.013565,0.0,0.0,0.0,0.0,0.0,0.0,0.0,0.0,0.0,0.0,0.12145748987854253,10.882591093117393,18.546558704453446,0.44939271255060736,0.0,0.0,0.0,0.0,0.0,0.0,0.0,0.0,0.0,0.0,0.0,0.0,0.0,0.0,0.0,0.0,0.4045,0.01374,0.0,0.0,0.0,0.0,0.0,0.0,0.0,0.0,0.0,0.0,0.13327410039982232,10.528653931585946,18.951577076854733,0.38649489115948477,0.0,0.0,0.0,0.0,0.0,0.0,0.0,0.0,0.0,0.0,0.0,0.0,0.0,0.0,0.0,0.0
97500,4601,2338,0.508150402086503,1105,937,0.44381656161703975,1323,0.575092371223647,0.38999999999999996,2.9602297834732654,3.028252638656798,6.3562874251497,2.174706117117873,8367.959617474462,506.63267632395696,7853.0,8866.4,8866.4,0.0,7853.0,0.0,28.63986089980439,21.238557907571245,33.568778979907265,19.457348009272287,0.1380134753314497,0.09802216909367528,0.08650293414475115,0.08650293414475115,0.08019995653118887,0.07085416213866551,0.06824603347098457,0.06824603347098457,0.059986959356661596,0.053683981743099324,0.04607693979569659,0.041730058682895026,0.03173223212345142,0.026950662899369704,0.021951749619647902,0.012823299282764617,0.008476418169963052,0.8222425965427498,0.03477845913479839,0.0,0.0,0.0,0.0,0.0,0.0,0.0,0.0,0.0,0.0,0.0,0.0,0.0,0.0,0.0,0.0,0.0,0.0,0.0,0.0,0.019560965007607047,0.31297544012171274,1.1997391871332321,5.248858943707873,12.668985003260165,7.974353401434472,1.962616822429907,0.44990219517496205,0.12388611171484462,0.03912193001521409,4.253848785494355,2.81871247089086,4.108433734939759,2.7154712839213957,0.9658156512167375,4.280876494023905,2.8131484635971438,4.219479653102068,2.819307206537835,0.9856578808083938,0.4053,0.01352,0.0,0.0,0.0,0.0,0.0,0.0,0.0,0.0,0.0,0.0,0.09780482503803524,10.191262768963254,19.143664420778094,0.5672679852206043,0.0,0.0,0.0,0.0,0.0,0.0,0.0,0.0,0.0,0.0,0.0,0.0,0.0,0.0,0.0,0.0,nan,nan,4.24983366600133,2.8160134544056326,nan,0.4053,0.07446,0.0,0.0,0.0,0.0,0.0,0.0,0.0,0.0,0.0,0.0,0.0,0.0,0.0,0.0,0.0,0.0,1.0867202782003912e-05,0.00010867202782003912,0.004183873071071507,5.433601391001956e-05,0.003010215170615084,0.005879156705064116,0.0003042816778961095,0.005368398174309933,0.0038904585959574005,0.0022712453814388175,0.015616170397739621,0.003325364051293197,0.016126928928493805,0.007726581178004782,0.00594435992175614,0.03552488589437079,0.04635948706802869,0.011769180612910237,0.043457943925233646,0.054542490762877635,0.0511193218865464,0.0327754835905238,0.05049989132797218,0.037687459247989566,0.051206259508802435,0.058009128450336886,0.03577483155835688,0.06857204955444468,0.06329058900239079,0.03399261030210824,0.02741795261899587,0.043534014344707675,0.033949141490980224,0.022571180178222124,0.010128232992827646,0.03482938491632254,0.01708324277331015,0.03514453379700065,0.01013910019560965,0.009367528798087372,0.0051836557270158665,0.0021517061508367747,4.346881112801565e-05,5.433601391001956e-05,0.0,0.0,0.0,0.0,0.0,0.0,0.0,0.0,0.0,0.0,0.0,0.0,0.0,0.0,0.0,0.0,0.0,0.0,0.0,0.0,0.0,0.0,0.0,0.0,0.0,0.0,0.0,0.0,0.0,0.0,0.0,0.0,0.0,0.0,0.0,0.0,0.0,0.0,0.0,0.0,0.0,nan,nan,4.24983366600133,2.8160134544056326,nan,0.8218026961955992,0.034682199090059616,0.0,0.0,0.0,0.0,0.0,0.0,0.0,0.0,0.0,0.0,0.0,0.0,0.0,0.0,0.0,0.0,0.0,0.0,0.0,0.0,0.02566295979469633,0.28229255774165957,1.25748502994012,5.427715996578255,12.5748502994012,7.904191616766469,1.9375534644995727,0.4491017964071857,0.12831479897348164,0.012831479897348164,0.8226970759999472,0.03487180271339185,0.0,0.0,0.0,0.0,0.0,0.0,0.0,0.0,0.0,0.0,0.0,0.0,0.0,0.0,0.0,0.0,0.0,0.0,0.0,0.0,0.013256738842244811,0.3446752098983651,1.1400795404330537,5.0640742377375005,12.766239505081753,8.0468404772426,1.9885108263367215,0.4507291206363236,0.11931064958020329,0.06628369421122406,0.4053,0.01343,0.0,0.0,0.0,0.0,0.0,0.0,0.0,0.0,0.0,0.0,0.08982035928143715,10.175363558597077,19.157399486740808,0.5774165953806674,0.0,0.0,0.0,0.0,0.0,0.0,0.0,0.0,0.0,0.0,0.0,0.0,0.0,0.0,0.0,0.0,0.4053,0.01362,0.0,0.0,0.0,0.0,0.0,0.0,0.0,0.0,0.0,0.0,0.10605391073795849,10.207688908528487,19.12947414935926,0.556783031374282,0.0,0.0,0.0,0.0,0.0,0.0,0.0,0.0,0.0,0.0,0.0,0.0,0.0,0.0,0.0,0.0
97600,4324,2269,0.5247456059204441,1127,824,0.45120259019426456,1173,0.5425531914893617,0.41,3.0165450121654502,3.0970857873966917,6.572607260726072,2.021462921773659,8384.777197039779,506.0790691074152,7853.0,8866.4,8866.4,0.0,7853.0,0.0,28.62095282146161,20.975304527400805,33.43922425566785,19.174650702266156,0.13506012950971322,0.09435707678075855,0.09505087881591119,0.08441258094357076,0.07284921369102683,0.07608695652173914,0.07123034227567067,0.06244218316373728,0.06799259944495838,0.052035152636447736,0.05111008325624422,0.04024051803885292,0.03283996299722479,0.027983348751156337,0.01734505087881591,0.01179463459759482,0.007169287696577244,0.8211953003824474,0.03312240827687226,0.0,0.0,0.0,0.0,0.0,0.0,0.0,0.0,0.0,0.0,0.0,0.0,0.0,0.0,0.0,0.0,0.0,0.0,0.0,0.0,0.055504162812210926,0.19426456984273827,1.1100832562442184,5.52266419981497,13.203052728954676,7.833024976873268,1.5055504162812214,0.4440333024976874,0.11100832562442185,0.020814061054579096,4.156283759452647,2.9090259033396184,4.033898305084746,2.962855366341991,0.9705541148172188,4.191578947368421,2.9349316555440743,4.115520907158044,2.88452088421814,0.9818545609744204,0.4058,0.013504,0.0,0.0,0.0,0.0,0.0,0.0,0.0,0.0,0.0,0.0,0.06244218316373729,10.01156336725253,19.37789084181314,0.5481036077705829,0.0,0.0,0.0,0.0,0.0,0.0,0.0,0.0,0.0,0.0,0.0,0.0,0.0,0.0,0.0,0.0,nan,nan,4.153737658674189,2.9102083338014935,nan,0.4058,0.0748,0.0,0.0,0.0,0.0,0.0,0.0,0.0,0.0,0.0,0.0,0.0,0.0,0.0,1.156336725254394e-05,0.0,1.156336725254394e-05,0.0,0.0,0.004740980573543016,0.00011563367252543941,0.0030180388529139684,0.005700740055504163,0.0003469010175763182,0.005261332099907493,0.0030296022201665124,0.002312673450508788,0.01637372802960222,0.002532377428307123,0.016130897317298797,0.008614708603145236,0.005365402405180388,0.03451665124884366,0.04790703052728955,0.013020351526364477,0.04466928769657724,0.05256706753006476,0.04768732654949121,0.03558048103607771,0.04984967622571693,0.037384366327474564,0.05041628122109158,0.05764338575393155,0.03482886216466235,0.06556429232192415,0.06399167437557816,0.03716466234967623,0.028388066604995373,0.041697502312673454,0.03194958371877891,0.022351988899167438,0.010788621646623496,0.03556891766882516,0.01769195189639223,0.03762719703977798,0.010661424606845514,0.010256706753006476,0.004660037002775209,0.0018732654949121185,0.00012719703977798335,0.0,0.0,0.0,0.0,0.0,0.0,0.0,0.0,0.0,0.0,0.0,0.0,0.0,0.0,0.0,0.0,0.0,0.0,0.0,0.0,0.0,0.0,0.0,0.0,0.0,0.0,0.0,0.0,0.0,0.0,0.0,0.0,0.0,0.0,0.0,0.0,0.0,0.0,0.0,0.0,0.0,0.0,nan,nan,4.153737658674189,2.9102083338014935,nan,0.8214871964301239,0.03275522685478856,0.0,0.0,0.0,0.0,0.0,0.0,0.0,0.0,0.0,0.0,0.0,0.0,0.0,0.0,0.0,0.0,0.0,0.0,0.0,0.0,0.05288673424416043,0.1586602027324813,1.097399735566329,5.460555310709547,13.115910092551788,8.065226972234466,1.467606875275452,0.4759806081974439,0.09255178492728076,0.013221683561040108,0.8208730073740883,0.0335202025852067,0.0,0.0,0.0,0.0,0.0,0.0,0.0,0.0,0.0,0.0,0.0,0.0,0.0,0.0,0.0,0.0,0.0,0.0,0.0,0.0,0.05839416058394162,0.23357664233576647,1.124087591240876,5.5912408759123915,13.299270072992705,7.576642335766425,1.547445255474453,0.40875912408759135,0.13138686131386865,0.02919708029197081,0.4055,0.01325,0.0,0.0,0.0,0.0,0.0,0.0,0.0,0.0,0.0,0.0,0.039665050683120325,10.061701189951506,19.36976641692376,0.5288673424416044,0.0,0.0,0.0,0.0,0.0,0.0,0.0,0.0,0.0,0.0,0.0,0.0,0.0,0.0,0.0,0.0,0.4058,0.01377,0.0,0.0,0.0,0.0,0.0,0.0,0.0,0.0,0.0,0.0,0.08759124087591243,9.95620437956203,19.386861313868618,0.5693430656934307,0.0,0.0,0.0,0.0,0.0,0.0,0.0,0.0,0.0,0.0,0.0,0.0,0.0,0.0,0.0,0.0
97700,4434,2225,0.5018042399639152,1060,937,0.450383400992332,1282,0.5782589084348219,0.40199999999999997,2.9203259393390675,3.0800381969055706,6.462639109697934,2.1760263441333434,8361.528416779433,506.6967010866368,7853.0,8866.4,8866.4,0.0,7853.0,0.0,27.748759585024807,20.689142612776593,32.61088763743631,18.964946266814724,0.13779882724402345,0.10712674785746504,0.08637798827244024,0.08908434821831304,0.08231844835363103,0.07262065854758683,0.07059088858818223,0.06224627875507442,0.06359945872801083,0.05142083897158322,0.04758682904826342,0.03811456923770862,0.03270184934596301,0.02796571944068561,0.013757329724853405,0.009246729815065404,0.007442489851150203,0.8217609617481051,0.033666057793591816,0.0,0.0,0.0,0.0,0.0,0.0,0.0,0.0,0.0,0.0,0.0,0.0,0.0,0.0,0.0,0.0,0.0,0.0,0.0,0.0,0.060893098782138035,0.14884979702300408,1.1502029769959408,5.433017591339631,13.186738836265226,7.753721244925576,1.644113667117727,0.4736129905277403,0.09472259810554806,0.054127198917456036,4.295122819508722,2.893034513174796,4.0,2.921594476602509,0.9312888520513882,4.234419263456091,2.9277667508126957,4.342739160357881,2.859561651917328,1.025580815257623,0.406,0.013596,0.0,0.0,0.0,0.0,0.0,0.0,0.0,0.0,0.0,0.0,0.060893098782138035,9.641407307171841,19.675236806495267,0.6224627875507444,0.0,0.0,0.0,0.0,0.0,0.0,0.0,0.0,0.0,0.0,0.0,0.0,0.0,0.0,0.0,0.0,nan,nan,4.289354275741711,2.8938838619450284,nan,0.406,0.0749,0.0,0.0,0.0,0.0,0.0,0.0,0.0,0.0,0.0,0.0,0.0,0.0,0.0,0.0,0.0,0.0,3.3829499323410016e-05,0.0,0.004341452413170951,0.0002142534957149301,0.0031799729364005414,0.0057735678845286425,0.00039467749210645017,0.004905277401894452,0.002379341452413171,0.002074875958502481,0.01831303563373929,0.002571041948579161,0.016328371673432568,0.008603969327920614,0.004296346414073071,0.0355999097880018,0.046132160577356786,0.012708615245827695,0.04569237708615246,0.05165764546684709,0.04380920162381597,0.037404149751917005,0.05016914749661705,0.039061795218764093,0.04936851601262968,0.057205683355886335,0.036050969778980604,0.06366711772665765,0.06633964817320703,0.03770861524582769,0.02761614794767704,0.040651781686964365,0.030841226883175463,0.0228574650428507,0.012742444745151104,0.03723500225529996,0.015290933694181327,0.037776274244474516,0.012167343256653135,0.010520974289580515,0.0044654939106901215,0.0016689219666215606,0.00016914749661705008,1.1276499774470005e-05,0.0,0.0,0.0,0.0,0.0,0.0,0.0,0.0,0.0,0.0,0.0,0.0,0.0,0.0,0.0,0.0,0.0,0.0,0.0,0.0,0.0,0.0,0.0,0.0,0.0,0.0,0.0,0.0,0.0,0.0,0.0,0.0,0.0,0.0,0.0,0.0,0.0,0.0,0.0,0.0,0.0,nan,nan,4.289354275741711,2.8938838619450284,nan,0.8208404942308919,0.033074144894525315,0.0,0.0,0.0,0.0,0.0,0.0,0.0,0.0,0.0,0.0,0.0,0.0,0.0,0.0,0.0,0.0,0.0,0.0,0.0,0.0,0.06741573033707866,0.17528089887640455,1.2000000000000002,5.528089887640432,13.132584269662924,7.752808988764047,1.6584269662921352,0.39101123595505627,0.08089887640449439,0.013483146067415734,0.8226880963003004,0.03422690451362474,0.0,0.0,0.0,0.0,0.0,0.0,0.0,0.0,0.0,0.0,0.0,0.0,0.0,0.0,0.0,0.0,0.0,0.0,0.0,0.0,0.05432322317790857,0.12222725215029427,1.1000452693526486,5.337256677229499,13.241285649615214,7.754640108646448,1.6296966953372571,0.5568130375735628,0.10864644635581713,0.09506564056134,0.4062,0.01334,0.0,0.0,0.0,0.0,0.0,0.0,0.0,0.0,0.0,0.0,0.026966292134831468,9.626966292134819,19.64494382022472,0.7011235955056182,0.0,0.0,0.0,0.0,0.0,0.0,0.0,0.0,0.0,0.0,0.0,0.0,0.0,0.0,0.0,0.0,0.406,0.01385,0.0,0.0,0.0,0.0,0.0,0.0,0.0,0.0,0.0,0.0,0.09506564056134,9.655952919873233,19.705749207786333,0.5432322317790856,0.0,0.0,0.0,0.0,0.0,0.0,0.0,0.0,0.0,0.0,0.0,0.0,0.0,0.0,0.0,0.0
97800,4549,2394,0.5262695097823697,1140,899,0.4482303803033634,1281,0.563200703451308,0.41,3.0213457076566126,3.1263432823350183,6.528301886792453,2.1742093791968693,8386.321521213455,506.0001824192176,7853.0,8866.4,8866.399999999998,1.8189894035458565e-12,7853.0,0.0,28.79753792042207,21.078955991049728,33.630417856215935,19.27047173742604,0.13343591998241372,0.09474609804352604,0.08925038469993406,0.08573312816003517,0.08419432842382941,0.07100461639920862,0.0657287315893603,0.06726753132556605,0.0591338755770499,0.05605627610463838,0.04726313475489118,0.04440536381622335,0.036931193668938225,0.024840624313035832,0.020883710705649594,0.011870740822158716,0.007254341613541437,0.8223743452216589,0.03296035034018016,0.0,0.0,0.0,0.0,0.0,0.0,0.0,0.0,0.0,0.0,0.0,0.0,0.0,0.0,0.0,0.0,0.0,0.0,0.0,0.0131897120246208,0.0593537041107936,0.1384919762585184,1.041987249945043,5.328643657946785,13.19630688063311,7.887447790723238,1.8135854033853598,0.395691360738624,0.1121125522092768,0.0131897120246208,4.168198842356146,2.9041497420357265,3.9655172413793105,2.9882846956266613,0.9513742965145429,4.10699865410498,2.8746802986851003,4.223474801061008,2.9342585668100503,1.0283604054361228,0.406,0.01372,0.0,0.0,0.0,0.0,0.0,0.0,0.0,0.0,0.0,0.0,0.07913827214772479,9.720817762145511,19.5339635084634,0.6660804572433503,0.0,0.0,0.0,0.0,0.0,0.0,0.0,0.0,0.0,0.0,0.0,0.0,0.0,0.0,0.0,0.0,nan,nan,4.164273789649416,2.905936431296354,nan,0.406,0.07574,0.0,0.0,0.0,0.0,0.0,0.0,0.0,0.0,0.0,0.0,0.0,0.0,0.0,0.0,0.0,1.0991426687183997e-05,0.0,0.0,0.004891184875796878,0.00010991426687183997,0.003506265113211695,0.007144427346669598,0.00047263134754891185,0.005649593317212574,0.002506045284677951,0.0016157397230160476,0.01812486260716641,0.0018905253901956474,0.014981314574631787,0.0091338755770499,0.004583424928555726,0.034798856891624534,0.04981314574631787,0.012618157836887228,0.04324027258738184,0.049582325785887005,0.04438338096284898,0.036491536601450866,0.04982413717300506,0.038294130578149045,0.049769180039569136,0.05822158716201363,0.035029676852055394,0.0645636403605188,0.06296988349087712,0.03815124203121565,0.02821499230600132,0.042965486920202245,0.02901736645416575,0.023554627390635303,0.011980655089030557,0.037777533523851395,0.01752033413937129,0.036282699494394374,0.012310397889646076,0.010826555286876236,0.0052209276764123985,0.0016597054297647835,0.0002857770938667839,0.0,1.0991426687183997e-05,0.0,0.0,0.0,0.0,0.0,0.0,0.0,0.0,0.0,0.0,0.0,0.0,0.0,0.0,0.0,0.0,0.0,0.0,0.0,0.0,0.0,0.0,0.0,0.0,0.0,0.0,0.0,0.0,0.0,0.0,0.0,0.0,0.0,0.0,0.0,0.0,0.0,0.0,0.0,0.0,nan,nan,4.164273789649416,2.905936431296354,nan,0.8226156945565191,0.03238229681397836,0.0,0.0,0.0,0.0,0.0,0.0,0.0,0.0,0.0,0.0,0.0,0.0,0.0,0.0,0.0,0.0,0.0,0.0,0.0,0.012531328320802008,0.05012531328320803,0.10025062656641606,1.0275689223057647,5.200501253132816,13.446115288220554,7.894736842105265,1.7794486215538852,0.36340852130325824,0.11278195488721807,0.012531328320802008,0.8221062290696146,0.03358881800371516,0.0,0.0,0.0,0.0,0.0,0.0,0.0,0.0,0.0,0.0,0.0,0.0,0.0,0.0,0.0,0.0,0.0,0.0,0.0,0.01392111368909513,0.06960556844547565,0.1809744779582367,1.05800464037123,5.470997679814368,12.918793503480282,7.8793503480278435,1.8515081206496524,0.4315545243619491,0.11136890951276104,0.01392111368909513,0.4062,0.01363,0.0,0.0,0.0,0.0,0.0,0.0,0.0,0.0,0.0,0.0,0.10025062656641606,9.4611528822055,19.73684210526316,0.7017543859649125,0.0,0.0,0.0,0.0,0.0,0.0,0.0,0.0,0.0,0.0,0.0,0.0,0.0,0.0,0.0,0.0,0.406,0.013794,0.0,0.0,0.0,0.0,0.0,0.0,0.0,0.0,0.0,0.0,0.05568445475638052,10.009280742459381,19.308584686774946,0.6264501160092808,0.0,0.0,0.0,0.0,0.0,0.0,0.0,0.0,0.0,0.0,0.0,0.0,0.0,0.0,0.0,0.0
97900,4290,2249,0.5242424242424243,1050,835,0.4393939393939394,1145,0.5337995337995338,0.442,2.8912297893189614,3.093025535597042,6.582706766917293,2.1959296343751866,8384.267272727271,506.1040793263216,7853.0,8866.4,8866.400000000001,1.8189894035458565e-12,7853.0,0.0,27.855244755244755,20.94923994589599,32.80416666666667,19.238091103473742,0.1400932400932401,0.1062937062937063,0.09207459207459208,0.08438228438228439,0.07878787878787878,0.0766899766899767,0.06876456876456877,0.06340326340326341,0.048484848484848485,0.057342657342657345,0.04965034965034965,0.038461538461538464,0.0351981351981352,0.02564102564102564,0.016317016317016316,0.011655011655011656,0.00675990675990676,0.8226840011167638,0.03384222935864591,0.0,0.0,0.0,0.0,0.0,0.0,0.0,0.0,0.0,0.0,0.0,0.0,0.0,0.0,0.0,0.0,0.0,0.0,0.0,0.0,0.01398601398601399,0.16083916083916086,1.181818181818182,5.433566433566416,12.77622377622378,7.951048951048953,1.8811188811188815,0.46853146853146865,0.07692307692307694,0.05594405594405596,4.204172876304024,2.847209085520619,3.6530612244897958,2.875306694613341,0.8689131803022521,4.251830161054173,2.8991555321941007,4.136795903438186,2.796096553613672,0.9729447665455513,0.4065,0.01392,0.0,0.0,0.0,0.0,0.0,0.0,0.0,0.0,0.0,0.0,0.06293706293706296,9.419580419580406,19.629370629370634,0.8881118881118883,0.0,0.0,0.0,0.0,0.0,0.0,0.0,0.0,0.0,0.0,0.0,0.0,0.0,0.0,0.0,0.0,nan,nan,4.194291986827662,2.848654104437834,nan,0.4065,0.0758,0.0,0.0,0.0,0.0,0.0,0.0,0.0,0.0,0.0,0.0,0.0,0.0,0.0,0.0,0.0,0.0,0.0,0.0,0.004219114219114219,0.00011655011655011655,0.0037995337995337997,0.007634032634032634,0.0002797202797202797,0.006048951048951049,0.002167832167832168,0.0025174825174825175,0.017494172494172493,0.0012121212121212121,0.015081585081585082,0.008916083916083915,0.004440559440559441,0.03210955710955711,0.050524475524475525,0.012972027972027973,0.04357808857808858,0.05040792540792541,0.042296037296037294,0.03948717948717949,0.05058275058275058,0.037913752913752916,0.04878787878787879,0.05686480186480186,0.035431235431235435,0.06369463869463869,0.06306526806526806,0.03944055944055944,0.029300699300699302,0.04074592074592075,0.029265734265734266,0.02400932400932401,0.011491841491841492,0.036515151515151514,0.019522144522144524,0.03727272727272727,0.012086247086247085,0.010571095571095571,0.005909090909090909,0.0018531468531468533,0.000337995337995338,0.0,3.4965034965034965e-05,0.0,0.0,0.0,0.0,0.0,0.0,0.0,0.0,0.0,0.0,0.0,0.0,0.0,0.0,0.0,0.0,0.0,0.0,0.0,0.0,0.0,0.0,0.0,0.0,0.0,0.0,0.0,0.0,0.0,0.0,0.0,0.0,0.0,0.0,0.0,0.0,0.0,0.0,0.0,0.0,nan,nan,4.194291986827662,2.848654104437834,nan,0.8231571277760039,0.03364976538492493,0.0,0.0,0.0,0.0,0.0,0.0,0.0,0.0,0.0,0.0,0.0,0.0,0.0,0.0,0.0,0.0,0.0,0.0,0.0,0.0,0.0,0.16007114273010228,1.2405513561582928,5.242329924410833,12.698977323254784,8.176967541129393,1.8141396176078262,0.5202312138728324,0.09337483325922635,0.05335704757670077,0.8221626577279195,0.03404543440847971,0.0,0.0,0.0,0.0,0.0,0.0,0.0,0.0,0.0,0.0,0.0,0.0,0.0,0.0,0.0,0.0,0.0,0.0,0.0,0.0,0.029397354238118577,0.16168544830965215,1.1170994610485059,5.644292013718747,12.861342479176878,7.702106810387067,1.9549240568348853,0.4115629593336601,0.058794708476237155,0.058794708476237155,0.4065,0.013695,0.0,0.0,0.0,0.0,0.0,0.0,0.0,0.0,0.0,0.0,0.04001778568252557,9.204090706980868,19.91551800800356,0.8403734993330371,0.0,0.0,0.0,0.0,0.0,0.0,0.0,0.0,0.0,0.0,0.0,0.0,0.0,0.0,0.0,0.0,0.4062,0.01418,0.0,0.0,0.0,0.0,0.0,0.0,0.0,0.0,0.0,0.0,0.08819206271435572,9.657030867221936,19.314061734443904,0.9407153356197945,0.0,0.0,0.0,0.0,0.0,0.0,0.0,0.0,0.0,0.0,0.0,0.0,0.0,0.0,0.0,0.0
98000,4628,2406,0.5198789974070873,1192,922,0.4567847882454624,1290,0.557476231633535,0.414,2.9797479747974798,3.0836002911475417,6.533965244865719,2.154945723187043,8379.845375972343,506.2993717425815,7853.0,8866.4,8866.4,0.0,7853.0,0.0,28.5395419187554,20.85290171421045,33.310221769054294,19.053016846623027,0.1333189282627485,0.10090751944684528,0.08340535868625756,0.08643042350907519,0.0792999135695765,0.07605877268798616,0.06719965427830596,0.06936041486603284,0.06201382886776145,0.05250648228176318,0.04948141745894555,0.043431287813310286,0.03543647363872083,0.027441659464131376,0.016421780466724288,0.010371650821089023,0.006914433880726016,0.8212622221729935,0.033020560422001244,0.0,0.0,0.0,0.0,0.0,0.0,0.0,0.0,0.0,0.0,0.0,0.0,0.0,0.0,0.0,0.0,0.0,0.0,0.0,0.0,0.025929127052722566,0.21391529818496116,1.1019878997407089,5.561797752808971,13.405358686257566,7.4481417458945565,1.6724286949006053,0.4861711322385481,0.05834053586862577,0.025929127052722566,4.170788770053476,2.8895514646068956,3.6129032258064515,2.7081408853955296,0.8662397989913376,4.126482213438735,2.8601246799964875,4.192057291666667,2.913056891832186,1.0158912785360792,0.4062,0.013885,0.0,0.0,0.0,0.0,0.0,0.0,0.0,0.0,0.0,0.0,0.0648228176318064,9.652117545375958,19.6218668971478,0.6611927398444253,0.0,0.0,0.0,0.0,0.0,0.0,0.0,0.0,0.0,0.0,0.0,0.0,0.0,0.0,0.0,0.0,nan,nan,4.159462999345121,2.887054269898791,nan,0.4062,0.0763,0.0,0.0,0.0,0.0,0.0,0.0,0.0,0.0,0.0,0.0,0.0,0.0,0.0,0.0,0.0,0.0,0.0,0.0,0.0036192739844425237,0.00034572169403630077,0.0036300777873811583,0.008502592912705272,0.0004753673292999136,0.006428262748487468,0.002992653414001729,0.0025280898876404493,0.01662705272255834,0.0011127917026793432,0.016659464131374244,0.009129213483146067,0.005736819360414866,0.03121218668971478,0.052182368193604146,0.012262316335350043,0.042577787381158166,0.04969749351771824,0.041789109766637855,0.04207000864304235,0.04876836646499568,0.03610630942091616,0.04882238547968885,0.057260155574762314,0.03460458081244598,0.06074978392394123,0.06257562662057044,0.04034140017286085,0.030985306828003458,0.039034140017286084,0.030239844425237684,0.025259291270527225,0.011041486603284356,0.03666810717372515,0.01988980121002593,0.03734874675885912,0.011560069144338807,0.011506050129645635,0.00584485738980121,0.0014693171996542783,0.00034572169403630077,0.0,0.0,0.0,0.0,0.0,0.0,0.0,0.0,0.0,0.0,0.0,0.0,0.0,0.0,0.0,0.0,0.0,0.0,0.0,0.0,0.0,0.0,0.0,0.0,0.0,0.0,0.0,0.0,0.0,0.0,0.0,0.0,0.0,0.0,0.0,0.0,0.0,0.0,0.0,0.0,0.0,0.0,nan,nan,4.159462999345121,2.887054269898791,nan,0.8217521244203262,0.032922503652105035,0.0,0.0,0.0,0.0,0.0,0.0,0.0,0.0,0.0,0.0,0.0,0.0,0.0,0.0,0.0,0.0,0.0,0.0,0.0,0.0,0.012468827930174566,0.22443890274314218,1.034912718204489,5.6857855361595835,13.154613466334167,7.468827930174565,1.8329177057356612,0.4987531172069826,0.08728179551122196,0.0,0.8207317519627854,0.0331182389200267,0.0,0.0,0.0,0.0,0.0,0.0,0.0,0.0,0.0,0.0,0.0,0.0,0.0,0.0,0.0,0.0,0.0,0.0,0.0,0.0,0.04050405040504051,0.20252025202520257,1.1746174617461749,5.42754275427541,13.67686768676868,7.425742574257427,1.498649864986499,0.47254725472547265,0.02700270027002701,0.05400540054005402,0.4062,0.01391,0.0,0.0,0.0,0.0,0.0,0.0,0.0,0.0,0.0,0.0,0.06234413965087283,9.576059850374051,19.625935162094766,0.7356608478802994,0.0,0.0,0.0,0.0,0.0,0.0,0.0,0.0,0.0,0.0,0.0,0.0,0.0,0.0,0.0,0.0,0.406,0.01387,0.0,0.0,0.0,0.0,0.0,0.0,0.0,0.0,0.0,0.0,0.06750675067506752,9.734473447344719,19.61746174617462,0.5805580558055806,0.0,0.0,0.0,0.0,0.0,0.0,0.0,0.0,0.0,0.0,0.0,0.0,0.0,0.0,0.0,0.0
98100,4581,2412,0.5265225933202358,1137,934,0.45208469766426546,1264,0.5518445754202139,0.414,2.9529737206085755,3.0665887385238273,6.48922056384743,2.1528183285320117,8386.577996070726,505.9866236643236,7853.0,8866.4,8866.4,0.0,7853.0,0.0,28.5049115913556,20.96945908344254,33.38113695090439,19.15080113825681,0.13839772975332898,0.09299279633267846,0.09102815979043877,0.08360619951975551,0.08469766426544423,0.06985374372407771,0.06701593538528705,0.06636105653787383,0.06505129884304738,0.05588299497926217,0.0473695699628902,0.038201266099105,0.034926871862038855,0.027068325693080115,0.020301244269810084,0.010478061558611657,0.006767081423270029,0.8209854245602213,0.03416998864250423,0.0,0.0,0.0,0.0,0.0,0.0,0.0,0.0,0.0,0.0,0.0,0.0,0.0,0.0,0.0,0.0,0.0,0.0,0.0,0.006548788474132287,0.02619515389652915,0.23575638506876234,1.388343156516045,5.415848068107383,12.99934512115259,7.629338572364114,1.7747216764898497,0.4125736738703341,0.0982318271119843,0.013097576948264574,4.160860655737705,2.893914062914446,4.260273972602739,2.590961091370113,1.023892488859954,4.14200398142004,2.8928682813341813,4.185532484929672,2.8816354455484436,1.0105090443430014,0.406,0.01384,0.0,0.0,0.0,0.0,0.0,0.0,0.0,0.0,0.0,0.0,0.1047806155861166,9.633267845448577,19.724950884086446,0.5370006548788475,0.0,0.0,0.0,0.0,0.0,0.0,0.0,0.0,0.0,0.0,0.0,0.0,0.0,0.0,0.0,0.0,nan,nan,4.16327890703099,2.886962578133361,nan,0.406,0.07635,0.0,0.0,0.0,0.0,0.0,0.0,0.0,0.0,0.0,0.0,0.0,0.0,0.0,0.0,0.0,0.0,0.0,2.1829294913774286e-05,0.0030451866404715127,0.0004147566033617114,0.0038528705522811613,0.009615804409517573,0.00015280506439642,0.006832569308011351,0.0028596376337044313,0.0029578694608164155,0.01623008076839118,0.0009277450338354071,0.017179655097140364,0.00924470639598341,0.0059048242741759445,0.03219820999781707,0.05089500109146475,0.01191879502292076,0.04190133158698974,0.04947609692206942,0.04289456450556647,0.04315651604453176,0.04924688932547479,0.033824492468893255,0.04740231390526086,0.0566251910063305,0.03360619951975551,0.06134031870770574,0.06489849377865095,0.03989303645492251,0.031226806374154113,0.04123553809211963,0.02956777996070727,0.024798079022047587,0.011176598995852435,0.03594193407552936,0.020224841737611875,0.03739358218729535,0.011373062650076402,0.011547697009386597,0.005719275267408863,0.001156952630430037,9.823182711198428e-05,1.0914647456887143e-05,0.0,0.0,1.0914647456887143e-05,0.0,0.0,0.0,0.0,0.0,0.0,0.0,0.0,0.0,0.0,0.0,0.0,0.0,0.0,0.0,0.0,0.0,0.0,0.0,0.0,0.0,0.0,0.0,0.0,0.0,0.0,0.0,0.0,0.0,0.0,0.0,0.0,0.0,0.0,0.0,0.0,0.0,0.0,nan,nan,4.16327890703099,2.886962578133361,nan,0.8204909346837111,0.03482636978262886,0.0,0.0,0.0,0.0,0.0,0.0,0.0,0.0,0.0,0.0,0.0,0.0,0.0,0.0,0.0,0.0,0.0,0.0,0.0,0.012437810945273634,0.0373134328358209,0.27363184079601993,1.4427860696517416,5.26119402985073,13.320895522388062,7.238805970149255,1.902985074626866,0.34825870646766177,0.1492537313432836,0.012437810945273634,0.8215353137175022,0.03341634590495877,0.0,0.0,0.0,0.0,0.0,0.0,0.0,0.0,0.0,0.0,0.0,0.0,0.0,0.0,0.0,0.0,0.0,0.0,0.0,0.0,0.013831258644536656,0.1936376210235132,1.3278008298755188,5.587828492392791,12.641770401106504,8.06362378976487,1.6320885200553255,0.48409405255878296,0.041493775933609964,0.013831258644536656,0.4058,0.01386,0.0,0.0,0.0,0.0,0.0,0.0,0.0,0.0,0.0,0.0,0.09950248756218907,10.012437810945258,19.490049751243784,0.3980099502487563,0.0,0.0,0.0,0.0,0.0,0.0,0.0,0.0,0.0,0.0,0.0,0.0,0.0,0.0,0.0,0.0,0.4062,0.01382,0.0,0.0,0.0,0.0,0.0,0.0,0.0,0.0,0.0,0.0,0.11065006915629325,9.211618257261398,19.986168741355467,0.6915629322268327,0.0,0.0,0.0,0.0,0.0,0.0,0.0,0.0,0.0,0.0,0.0,0.0,0.0,0.0,0.0,0.0
98200,4680,2433,0.5198717948717949,1144,969,0.4514957264957265,1315,0.561965811965812,0.414,3.015576323987539,3.081626128267253,6.576433121019108,2.0953889360445483,8379.838076923077,506.299662115076,7853.0,8866.4,8866.399999999998,1.8189894035458565e-12,7853.0,0.0,27.434615384615384,20.54053732427708,32.338347781744005,18.824669523945943,0.13931623931623932,0.10427350427350428,0.09401709401709402,0.08696581196581196,0.0841880341880342,0.07371794871794872,0.07051282051282051,0.06346153846153846,0.06303418803418803,0.04957264957264957,0.04636752136752137,0.040170940170940174,0.030555555555555555,0.021794871794871794,0.016025641025641024,0.01047008547008547,0.005555555555555556,0.8209339709618153,0.034465371173539205,0.0,0.0,0.0,0.0,0.0,0.0,0.0,0.0,0.0,0.0,0.0,0.0,0.0,0.0,0.0,0.0,0.0,0.0,0.0,0.006410256410256412,0.03846153846153847,0.2884615384615385,1.1346153846153848,5.698717948717931,12.923076923076927,7.5448717948717965,1.7628205128205132,0.4615384615384616,0.12179487179487182,0.019230769230769235,4.343130553656869,2.8147094905348227,4.209677419354839,2.688908501269575,0.9692725943525543,4.320213475650434,2.7640474537670863,4.360644728005373,2.859754527530426,1.0093586237307064,0.4062,0.014244,0.0,0.0,0.0,0.0,0.0,0.0,0.0,0.0,0.0,0.0,0.14102564102564105,9.826923076923062,19.262820512820515,0.7692307692307694,0.0,0.0,0.0,0.0,0.0,0.0,0.0,0.0,0.0,0.0,0.0,0.0,0.0,0.0,0.0,0.0,nan,nan,4.340361445783133,2.812220678358653,nan,0.4062,0.0759,0.0,0.0,0.0,0.0,0.0,0.0,0.0,0.0,0.0,0.0,0.0,0.0,0.0,0.0,0.0,0.0,1.0683760683760684e-05,2.1367521367521368e-05,0.0023824786324786323,0.000405982905982906,0.0031623931623931626,0.009262820512820513,8.547008547008547e-05,0.006752136752136752,0.003141025641025641,0.0034615384615384616,0.015587606837606838,0.0012606837606837606,0.01800213675213675,0.008472222222222223,0.006923076923076923,0.03503205128205128,0.05158119658119658,0.012393162393162393,0.04318376068376068,0.04627136752136752,0.041666666666666664,0.04143162393162393,0.04523504273504274,0.032873931623931624,0.04803418803418803,0.059049145299145296,0.03508547008547008,0.062115384615384614,0.0660897435897436,0.03747863247863248,0.031004273504273504,0.04143162393162393,0.030972222222222224,0.027617521367521367,0.012425213675213676,0.03655982905982906,0.018835470085470086,0.0369551282051282,0.0109508547008547,0.010897435897435897,0.0049786324786324785,0.000844017094017094,6.41025641025641e-05,0.0,0.0,0.0,1.0683760683760684e-05,0.0,0.0,0.0,0.0,0.0,0.0,0.0,0.0,0.0,0.0,0.0,0.0,0.0,0.0,0.0,0.0,0.0,0.0,0.0,0.0,0.0,0.0,0.0,0.0,0.0,0.0,0.0,0.0,0.0,0.0,0.0,0.0,0.0,0.0,0.0,0.0,0.0,0.0,nan,nan,4.340361445783133,2.812220678358653,nan,0.820820578517514,0.034343310355477566,0.0,0.0,0.0,0.0,0.0,0.0,0.0,0.0,0.0,0.0,0.0,0.0,0.0,0.0,0.0,0.0,0.0,0.0,0.0,0.0,0.03699136868064119,0.2836004932182491,1.1097410604192357,5.733662145499365,13.04562268803946,7.47225647348952,1.6892725030826143,0.4932182490752159,0.12330456226880397,0.012330456226880398,0.8210567496965661,0.034596631175556065,0.0,0.0,0.0,0.0,0.0,0.0,0.0,0.0,0.0,0.0,0.0,0.0,0.0,0.0,0.0,0.0,0.0,0.0,0.0,0.013351134846461953,0.040053404539385856,0.2937249666221629,1.1615487316421897,5.660881174899849,12.79038718291055,7.623497997329775,1.8424566088117493,0.4272363150867825,0.12016021361815757,0.026702269692923906,0.4062,0.01394,0.0,0.0,0.0,0.0,0.0,0.0,0.0,0.0,0.0,0.0,0.09864364981504319,9.654747225647336,19.60542540073983,0.6411837237977807,0.0,0.0,0.0,0.0,0.0,0.0,0.0,0.0,0.0,0.0,0.0,0.0,0.0,0.0,0.0,0.0,0.406,0.01457,0.0,0.0,0.0,0.0,0.0,0.0,0.0,0.0,0.0,0.0,0.18691588785046734,10.013351134846447,18.89185580774366,0.9078771695594128,0.0,0.0,0.0,0.0,0.0,0.0,0.0,0.0,0.0,0.0,0.0,0.0,0.0,0.0,0.0,0.0
98300,4795,2474,0.5159541188738269,1177,971,0.44796663190823777,1354,0.564754953076121,0.41,3.014218009478673,3.0530658414418266,6.431686046511628,2.080777626114858,8375.867904066736,506.4419896474705,7853.0,8866.4,8866.4,0.0,7853.0,0.0,28.21939520333681,20.780973070610454,33.04791306495431,18.999218146067665,0.13639207507820647,0.10031282586027111,0.08905109489051095,0.08321167883211679,0.08446298227320125,0.07194994786235662,0.06903023983315953,0.06965589155370178,0.06235662148070907,0.05172054223149114,0.04504692387904067,0.039207507820646505,0.038790406673618355,0.025234619395203335,0.017518248175182483,0.010218978102189781,0.00583941605839416,0.8205757094125679,0.035545792855272054,0.0,0.0,0.0,0.0,0.0,0.0,0.0,0.0,0.0,0.0,0.0,0.0,0.0,0.0,0.0,0.0,0.0,0.0,0.0,0.025026068821689267,0.07507820646506778,0.4504692387904068,1.0636079249217938,5.818561001042735,12.625651720542235,7.520333680917624,1.8331595411887387,0.4629822732012514,0.08133472367049012,0.04379562043795621,4.272214854111406,2.8211210549864942,4.182795698924731,2.8995596126840337,0.9790696024801699,4.2904269081500646,2.8126721098111642,4.24583866837388,2.8324529972542467,0.9896075050966407,0.406,0.01428,0.0,0.0,0.0,0.0,0.0,0.0,0.0,0.0,0.0,0.0,0.10010427528675707,9.835245046923866,19.25755995828989,0.8070907194994789,0.0,0.0,0.0,0.0,0.0,0.0,0.0,0.0,0.0,0.0,0.0,0.0,0.0,0.0,0.0,0.0,nan,nan,4.269540045030556,2.8235401042970762,nan,0.406,0.07574,0.0,0.0,0.0,0.0,0.0,0.0,0.0,0.0,0.0,0.0,0.0,0.0,0.0,0.0,0.0,0.0,0.0,5.213764337851929e-05,0.0023774765380604797,0.0003753910323253389,0.00337851929092805,0.00916579770594369,3.128258602711157e-05,0.007778936392075078,0.0029092805005213763,0.0034827945776850886,0.015411887382690302,0.0012617309697601669,0.018957247132429616,0.008633993743482794,0.006246089676746611,0.03286757038581856,0.04851929092805005,0.012200208550573514,0.04413972888425443,0.0478310740354536,0.04303441084462982,0.0397288842544317,0.04818561001042753,0.03199165797705944,0.046642335766423355,0.059468196037539105,0.03627737226277372,0.06218978102189781,0.06586027111574556,0.0383628779979145,0.03217935349322211,0.041574556830031285,0.03023983315954119,0.026506777893639207,0.01337851929092805,0.035818561001042755,0.019009384775808134,0.03724713242961418,0.01173096976016684,0.009937434827945776,0.004358706986444212,0.0005422314911366006,0.00011470281543274243,0.0,0.0,0.0,0.0,0.0,0.0,0.0,0.0,0.0,0.0,0.0,0.0,0.0,0.0,0.0,0.0,0.0,0.0,0.0,0.0,0.0,0.0,0.0,0.0,0.0,0.0,0.0,0.0,0.0,0.0,0.0,0.0,0.0,0.0,0.0,0.0,0.0,0.0,0.0,0.0,0.0,0.0,nan,nan,4.269540045030556,2.8235401042970762,nan,0.8207020204734108,0.03498018759368135,0.0,0.0,0.0,0.0,0.0,0.0,0.0,0.0,0.0,0.0,0.0,0.0,0.0,0.0,0.0,0.0,0.0,0.0,0.0,0.03637833468067907,0.06063055780113178,0.4607922392886015,0.8609539207760714,5.869037995149537,12.865804365400164,7.55456750202102,1.734033953112369,0.41228779304769614,0.09700889248181085,0.04850444624090543,0.8204410719440087,0.03613845121644395,0.0,0.0,0.0,0.0,0.0,0.0,0.0,0.0,0.0,0.0,0.0,0.0,0.0,0.0,0.0,0.0,0.0,0.0,0.0,0.01292546316242999,0.09047824213700993,0.43946574752261963,1.2796208530805688,5.7647565704437564,12.369668246445501,7.483843171046964,1.9388194743644984,0.5170185264971996,0.06462731581214995,0.03877638948728997,0.4062,0.01411,0.0,0.0,0.0,0.0,0.0,0.0,0.0,0.0,0.0,0.0,0.08488278092158451,9.494745351657222,19.692805173807603,0.7275666936135814,0.0,0.0,0.0,0.0,0.0,0.0,0.0,0.0,0.0,0.0,0.0,0.0,0.0,0.0,0.0,0.0,0.406,0.014465,0.0,0.0,0.0,0.0,0.0,0.0,0.0,0.0,0.0,0.0,0.11632916846186991,10.198190435157246,18.793623438173203,0.8918569582076693,0.0,0.0,0.0,0.0,0.0,0.0,0.0,0.0,0.0,0.0,0.0,0.0,0.0,0.0,0.0,0.0
98400,4678,2453,0.5243693886276186,1134,954,0.4463445917058572,1313,0.5613510047028645,0.422,3.0017977528089888,3.13859575048122,6.762987012987013,2.0910275637969504,8384.39593843523,506.0978172495938,7853.0,8866.4,8866.399999999998,1.8189894035458565e-12,7853.0,0.0,27.657118426678068,20.82447676167854,32.89114770972723,18.96383694164932,0.15113296280461735,0.09341598973920479,0.09213339033775117,0.08529286019666524,0.08486532706284737,0.07097050021376657,0.07075673364685763,0.06519880290722531,0.05557930739632321,0.05194527575887131,0.04638734501923899,0.04082941427960667,0.03227875160324925,0.025010688328345448,0.018597691321077383,0.009619495510902095,0.005985463873450192,0.8217771252081302,0.03433779060389858,0.0,0.0,0.0,0.0,0.0,0.0,0.0,0.0,0.0,0.0,0.0,0.0,0.0,0.0,0.0,0.0,0.0,0.0,0.0,0.006412997007268065,0.07695596408721678,0.27575887131252674,1.0453185121846944,5.2137665669089195,13.39033775117572,7.592988456605388,1.8212911500641304,0.39119281744335194,0.14749893116716548,0.03847798204360839,4.304155313351498,2.925586488698162,4.6571428571428575,3.125406096062738,1.0820108750946769,4.297029702970297,2.9268684347099088,4.3279678068410465,2.9348645181808557,1.007199881315543,0.406,0.01439,0.0,0.0,0.0,0.0,0.0,0.0,0.0,0.0,0.0,0.0,0.09619495510902097,9.985036340316361,19.142796066695173,0.7759726378794358,0.0,0.0,0.0,0.0,0.0,0.0,0.0,0.0,0.0,0.0,0.0,0.0,0.0,0.0,0.0,0.0,nan,nan,4.312375249500998,2.9308781028896767,nan,0.406,0.076,0.0,0.0,0.0,0.0,0.0,0.0,0.0,0.0,0.0,0.0,0.0,0.0,0.0,0.0,0.0,0.0,3.206498503634031e-05,2.1376656690893544e-05,0.00271483539974348,0.0004061564771269773,0.004136383069687901,0.008614792646430098,0.00012825994014536125,0.008058999572466866,0.0027789653698161608,0.003420265070542967,0.01460025651988029,0.0015070542967079948,0.016973065412569474,0.00887131252672082,0.007011543394613082,0.03529286019666524,0.04910218041898247,0.011479264643009834,0.04246472851646003,0.05119709277469004,0.04272124839675075,0.039985036340316374,0.046921761436511326,0.028879863189397177,0.0475096194955109,0.061500641299700724,0.03605173150919196,0.0643971782813168,0.0655622060709705,0.035228730226592564,0.0321077383497221,0.040017101325352716,0.029852501068832835,0.02727661393758016,0.014739204788371098,0.034288157332193245,0.019324497648567765,0.03843522873022659,0.011276186404446345,0.010079093629756307,0.00443565626336041,0.0004916631038905515,8.550662676357418e-05,2.1376656690893544e-05,0.0,0.0,0.0,0.0,0.0,0.0,0.0,0.0,0.0,0.0,0.0,0.0,0.0,0.0,0.0,0.0,0.0,0.0,0.0,0.0,0.0,0.0,0.0,0.0,0.0,0.0,0.0,0.0,0.0,0.0,0.0,0.0,0.0,0.0,0.0,0.0,0.0,0.0,0.0,0.0,0.0,nan,nan,4.312375249500998,2.9308781028896767,nan,0.8219796874257821,0.03427812678028065,0.0,0.0,0.0,0.0,0.0,0.0,0.0,0.0,0.0,0.0,0.0,0.0,0.0,0.0,0.0,0.0,0.0,0.0,0.0,0.0,0.11006930289441502,0.24459845087647783,0.9661638809620874,5.173257236037489,13.489604565837753,7.741540970240523,1.6510395434162255,0.41581736649001233,0.1589889930697106,0.04891969017529557,0.8215538060531188,0.03440206610951506,0.0,0.0,0.0,0.0,0.0,0.0,0.0,0.0,0.0,0.0,0.0,0.0,0.0,0.0,0.0,0.0,0.0,0.0,0.0,0.013483146067415734,0.040449438202247195,0.3101123595505618,1.1325842696629216,5.258426966292118,13.280898876404498,7.429213483146069,2.008988764044944,0.36404494382022484,0.13483146067415733,0.026966292134831468,0.4058,0.01434,0.0,0.0,0.0,0.0,0.0,0.0,0.0,0.0,0.0,0.0,0.09783938035059114,10.028536485935573,19.249898083978806,0.6237260497350184,0.0,0.0,0.0,0.0,0.0,0.0,0.0,0.0,0.0,0.0,0.0,0.0,0.0,0.0,0.0,0.0,0.406,0.01444,0.0,0.0,0.0,0.0,0.0,0.0,0.0,0.0,0.0,0.0,0.09438202247191013,9.937078651685379,19.024719101123598,0.9438202247191013,0.0,0.0,0.0,0.0,0.0,0.0,0.0,0.0,0.0,0.0,0.0,0.0,0.0,0.0,0.0,0.0
98500,4845,2533,0.5228070175438596,1229,945,0.4487100103199174,1360,0.5614035087719298,0.41,2.968425605536332,3.1138083379637753,6.534508076358296,2.184392327118623,8382.812631578947,506.1725953284074,7853.0,8866.4,8866.399999999998,1.8189894035458565e-12,7853.0,0.0,28.705675954592362,21.048640381297467,33.469958647531016,19.28119664026476,0.1329205366357069,0.10072239422084624,0.08400412796697626,0.08668730650154799,0.07719298245614035,0.0825593395252838,0.0672858617131063,0.05985552115583075,0.05985552115583075,0.055108359133126936,0.05180598555211558,0.038183694530443756,0.03508771929824561,0.03137254901960784,0.021878224974200205,0.010526315789473684,0.004953560371517028,0.8210768241508334,0.03358388486711264,0.0,0.0,0.0,0.0,0.0,0.0,0.0,0.0,0.0,0.0,0.0,0.0,0.0,0.0,0.0,0.0,0.0,0.0,0.0,0.006191950464396286,0.04334365325077401,0.20433436532507745,1.170278637770898,5.591331269349828,13.046439628482975,7.795665634674924,1.6718266253869973,0.3219814241486069,0.09907120743034058,0.04953560371517029,4.185173401209036,2.9297767520569757,4.283018867924528,2.92276270501604,1.0233790711484563,4.2291537986411365,2.8938374535126834,4.143310082435003,2.9654116755408806,0.9797019166733271,0.407,0.01407,0.0,0.0,0.0,0.0,0.0,0.0,0.0,0.0,0.0,0.0,0.06191950464396286,9.219814241486054,19.795665634674926,0.9226006191950467,0.0,0.0,0.0,0.0,0.0,0.0,0.0,0.0,0.0,0.0,0.0,0.0,0.0,0.0,0.0,0.0,nan,nan,4.1867959949937426,2.9296872198567065,nan,0.407,0.07587,0.0,0.0,0.0,0.0,0.0,0.0,0.0,0.0,0.0,0.0,0.0,0.0,0.0,0.0,0.0,1.0319917440660475e-05,0.0,0.00014447884416924665,0.0025180598555211557,0.0004850361197110423,0.0030959752321981426,0.008617131062951497,2.063983488132095e-05,0.008782249742002065,0.0024664602683178534,0.003147574819401445,0.013952528379772962,0.0015067079463364293,0.016026831785345717,0.008018575851393189,0.007997936016511867,0.03329205366357069,0.05011351909184727,0.011413828689370485,0.04222910216718266,0.05203302373581011,0.04257997936016512,0.03777089783281734,0.04863777089783282,0.028111455108359135,0.04940144478844169,0.06154798761609907,0.03659442724458204,0.06502579979360165,0.061042311661506705,0.036212590299277606,0.03299277605779154,0.04053663570691435,0.028823529411764706,0.026718266253869968,0.015655314757481942,0.034458204334365326,0.019969040247678017,0.04071207430340557,0.011785345717234262,0.01065015479876161,0.00411764705882353,0.0005159958720330237,5.159958720330237e-05,0.0002063983488132095,0.0,0.0,0.0,1.0319917440660475e-05,0.0,0.0,0.0,0.0,0.0,0.0,0.0,0.0,0.0,0.0,0.0,0.0,0.0,0.0,0.0,0.0,0.0,0.0,0.0,0.0,0.0,0.0,0.0,0.0,0.0,0.0,0.0,0.0,0.0,0.0,0.0,0.0,0.0,0.0,0.0,0.0,0.0,nan,nan,4.1867959949937426,2.9296872198567065,nan,0.8212401231098589,0.034196287772769056,0.0,0.0,0.0,0.0,0.0,0.0,0.0,0.0,0.0,0.0,0.0,0.0,0.0,0.0,0.0,0.0,0.0,0.0,0.0,0.011843663639952628,0.03553099091985788,0.17765495459928943,1.1369917094354522,5.803395183576768,12.956968022108175,7.508882747729966,1.8357678641926574,0.3789972364784841,0.09474930911962103,0.059218318199763136,0.8208979157324894,0.03289892967554279,0.0,0.0,0.0,0.0,0.0,0.0,0.0,0.0,0.0,0.0,0.0,0.0,0.0,0.0,0.0,0.0,0.0,0.0,0.0,0.0,0.05190311418685122,0.2335640138408305,1.2067474048442908,5.358996539792371,13.144463667820073,8.109861591695504,1.4922145328719727,0.2595155709342561,0.10380622837370244,0.038927335640138415,0.407,0.014145,0.0,0.0,0.0,0.0,0.0,0.0,0.0,0.0,0.0,0.0,0.059218318199763136,9.344650611922608,19.613106987761554,0.9830240821160681,0.0,0.0,0.0,0.0,0.0,0.0,0.0,0.0,0.0,0.0,0.0,0.0,0.0,0.0,0.0,0.0,0.407,0.013985,0.0,0.0,0.0,0.0,0.0,0.0,0.0,0.0,0.0,0.0,0.06487889273356402,9.083044982698949,19.995674740484432,0.8564013840830452,0.0,0.0,0.0,0.0,0.0,0.0,0.0,0.0,0.0,0.0,0.0,0.0,0.0,0.0,0.0,0.0
98600,4780,2519,0.5269874476987447,1169,941,0.44142259414225943,1318,0.5514644351464435,0.418,3.013268465280849,3.126664223539005,6.685847589424572,2.087711663332055,8387.049079497907,505.96137980147944,7853.0,8866.4,8866.4,0.0,7853.0,0.0,27.961087866108787,20.730502067517783,32.564917467356494,19.105222339258667,0.1311715481171548,0.10481171548117155,0.09832635983263599,0.08493723849372385,0.0803347280334728,0.07740585774058577,0.0694560669456067,0.06317991631799164,0.055230125523012555,0.05585774058577406,0.04769874476987448,0.04100418410041841,0.0299163179916318,0.026569037656903764,0.017573221757322177,0.008786610878661089,0.007740585774058577,0.8202360717571929,0.033872352586905234,0.0,0.0,0.0,0.0,0.0,0.0,0.0,0.0,0.0,0.0,0.0,0.0,0.0,0.0,0.0,0.0,0.0,0.0,0.012552301255230129,0.03138075313807532,0.037656903765690385,0.18828451882845193,1.2364016736401675,5.968619246861906,12.65271966527197,7.769874476987449,1.6066945606694565,0.39539748953974907,0.07531380753138077,0.025104602510460258,4.271366810774858,2.947075832677924,4.757142857142857,3.006828962239666,1.1137284779997332,4.333986928104575,2.9435131603781426,4.231415643180349,2.9542025984556854,0.976333273121088,0.407,0.01425,0.0,0.0,0.0,0.0,0.0,0.0,0.0,0.0,0.0,0.0,0.1066945606694561,9.332635983263584,19.63179916317992,0.9288702928870295,0.0,0.0,0.0,0.0,0.0,0.0,0.0,0.0,0.0,0.0,0.0,0.0,0.0,0.0,0.0,0.0,nan,nan,4.282417939551511,2.9493381712735065,nan,0.407,0.0761,0.0,0.0,0.0,0.0,0.0,0.0,0.0,0.0,0.0,0.0,0.0,0.0,0.0,0.0,0.0,0.0,0.0,0.00013598326359832636,0.0026673640167364015,0.000606694560669456,0.002719665271966527,0.007960251046025105,2.092050209205021e-05,0.008692468619246862,0.002887029288702929,0.002792887029288703,0.014801255230125524,0.0023744769874476986,0.01561715481171548,0.007217573221757322,0.007322175732217573,0.03572175732217573,0.05239539748953975,0.011014644351464434,0.04261506276150628,0.052228033472803345,0.03697698744769874,0.03950836820083682,0.049780334728033476,0.027960251046025106,0.04654811715481171,0.05918410041841004,0.03616108786610878,0.06565899581589958,0.0631694560669456,0.035617154811715485,0.03198744769874477,0.042353556485355645,0.028650627615062763,0.027552301255230126,0.014686192468619247,0.0371652719665272,0.02002092050209205,0.04052301255230126,0.011286610878661087,0.01049163179916318,0.0039748953974895395,0.0005125523012552302,0.00014644351464435147,0.00029288702928870295,0.0,0.0,0.0,0.0,0.0,0.0,0.0,0.0,0.0,0.0,0.0,0.0,0.0,0.0,0.0,0.0,0.0,0.0,0.0,0.0,0.0,0.0,0.0,0.0,0.0,0.0,0.0,0.0,0.0,0.0,0.0,0.0,0.0,0.0,0.0,0.0,0.0,0.0,0.0,0.0,0.0,nan,nan,4.282417939551511,2.9493381712735065,nan,0.8194652470438761,0.03368807263891158,0.0,0.0,0.0,0.0,0.0,0.0,0.0,0.0,0.0,0.0,0.0,0.0,0.0,0.0,0.0,0.0,0.0,0.0,0.011909487892020646,0.047637951568082586,0.011909487892020646,0.1786423183803097,1.2385867407701472,6.383485510123045,12.612147677649864,7.360063517268759,1.714966256450973,0.3930131004366813,0.023818975784041293,0.023818975784041293,0.8210948543546475,0.034055946341400065,0.0,0.0,0.0,0.0,0.0,0.0,0.0,0.0,0.0,0.0,0.0,0.0,0.0,0.0,0.0,0.0,0.0,0.0,0.013268465280849184,0.013268465280849184,0.06634232640424592,0.19902697921273776,1.2339672711189742,5.5064130915523934,12.69792127377267,8.226448474126494,1.4860681114551089,0.39805395842547553,0.13268465280849184,0.02653693056169837,0.407,0.01424,0.0,0.0,0.0,0.0,0.0,0.0,0.0,0.0,0.0,0.0,0.1071853910281858,9.384676458912255,19.567288606589923,0.940849543469631,0.0,0.0,0.0,0.0,0.0,0.0,0.0,0.0,0.0,0.0,0.0,0.0,0.0,0.0,0.0,0.0,0.407,0.01426,0.0,0.0,0.0,0.0,0.0,0.0,0.0,0.0,0.0,0.0,0.10614772224679347,9.274657231313565,19.703670942061038,0.9155241043785938,0.0,0.0,0.0,0.0,0.0,0.0,0.0,0.0,0.0,0.0,0.0,0.0,0.0,0.0,0.0,0.0
98700,4894,2527,0.5163465467919902,1240,1009,0.45954229668982427,1353,0.5529219452390682,0.422,2.922686945500634,3.1040845374782937,6.67244094488189,2.1028169020810745,8376.265590519002,506.42913740300975,7853.0,8866.4,8866.4,0.0,7853.0,0.0,28.190845933796485,20.92741337449917,33.09723569350145,19.13486522145849,0.13853698406211687,0.095014303228443,0.09419697588884349,0.085002043318349,0.0831630568042501,0.07172047404985697,0.07151614221495708,0.06926849203105843,0.05741724560686555,0.049039640375970577,0.04577033101757254,0.0406620351450756,0.03698406211687781,0.025745811197384554,0.017572537801389457,0.011442582754393135,0.006947282386595832,0.82042900541387,0.03271115539107322,0.0,0.0,0.0,0.0,0.0,0.0,0.0,0.0,0.0,0.0,0.0,0.0,0.0,0.0,0.0,0.0,0.0,0.0,0.0,0.0,0.012259910093992648,0.208418471597875,1.0972619534123418,5.958316305680406,13.148753575807113,7.398855741724562,1.7531671434409484,0.3371475275847978,0.06129955046996323,0.024519820187985295,4.1748096446700504,2.919971049211251,3.909090909090909,2.5674375429969243,0.9363518918956263,4.194846008799497,2.8615219407279104,4.146039603960396,2.9655128550523995,0.9883651498203462,0.408,0.0144,0.0,0.0,0.0,0.0,0.0,0.0,0.0,0.0,0.0,0.0,0.09807928075194118,8.459337964854912,20.418880261544754,1.023702492848386,0.0,0.0,0.0,0.0,0.0,0.0,0.0,0.0,0.0,0.0,0.0,0.0,0.0,0.0,0.0,0.0,nan,nan,4.170252572497661,2.914488719309925,nan,0.408,0.0765,0.0,0.0,0.0,0.0,0.0,0.0,0.0,0.0,0.0,0.0,0.0,0.0,0.0,0.0,0.0,0.0,0.0,0.00018389865140988967,0.0024213322435635474,0.0003882304863097671,0.002921945239068247,0.008020024519820187,1.021659174499387e-05,0.009491213731099304,0.003013894564773192,0.002819779321618308,0.014354311401716387,0.0029321618308132407,0.015447486718430731,0.007509194932570494,0.006957498978340825,0.035706988148753574,0.05061299550469963,0.009286881896199427,0.04173477727829996,0.05177768696362893,0.03714752758479771,0.04051900286064569,0.05023498161013486,0.02940335104209236,0.04480997139354311,0.0571618308132407,0.03338782182263997,0.06659174499387005,0.0631691867592971,0.033888434818144665,0.03279525950143032,0.04520841847159787,0.028463424601552923,0.028208009807928074,0.015273804658765835,0.039405394360441354,0.01951369023293829,0.04251123825091949,0.010328974254188803,0.011779730281977933,0.004035553739272579,0.0003371475275847977,7.15161422149571e-05,0.00016346546791990192,0.0,0.0,0.0,0.0,0.0,0.0,0.0,0.0,0.0,0.0,0.0,0.0,0.0,0.0,0.0,0.0,0.0,0.0,0.0,0.0,0.0,0.0,0.0,0.0,0.0,0.0,0.0,0.0,0.0,0.0,0.0,0.0,0.0,0.0,0.0,0.0,0.0,0.0,0.0,0.0,0.0,nan,nan,4.170252572497661,2.914488719309925,nan,0.8201346615108993,0.03266413598952352,0.0,0.0,0.0,0.0,0.0,0.0,0.0,0.0,0.0,0.0,0.0,0.0,0.0,0.0,0.0,0.0,0.0,0.0,0.0,0.0,0.011871784724970323,0.22556390977443613,1.10407597942224,5.85278986941035,13.426988523941436,7.182429758607046,1.7807677087455485,0.3442817570241394,0.04748713889988129,0.023743569449940646,0.8207432458206325,0.03275835979541035,0.0,0.0,0.0,0.0,0.0,0.0,0.0,0.0,0.0,0.0,0.0,0.0,0.0,0.0,0.0,0.0,0.0,0.0,0.0,0.0,0.012674271229404312,0.19011406844106468,1.0899873257287709,6.070975918884645,12.851711026615973,7.629911280101395,1.7237008871989865,0.32953105196451216,0.07604562737642587,0.025348542458808625,0.4077,0.01425,0.0,0.0,0.0,0.0,0.0,0.0,0.0,0.0,0.0,0.0,0.1068460625247329,8.63078749505341,20.360110803324105,0.9022556390977445,0.0,0.0,0.0,0.0,0.0,0.0,0.0,0.0,0.0,0.0,0.0,0.0,0.0,0.0,0.0,0.0,0.408,0.01456,0.0,0.0,0.0,0.0,0.0,0.0,0.0,0.0,0.0,0.0,0.08871989860583018,8.276299112801002,20.481622306717366,1.1533586818757924,0.0,0.0,0.0,0.0,0.0,0.0,0.0,0.0,0.0,0.0,0.0,0.0,0.0,0.0,0.0,0.0
98800,4954,2635,0.531893419459023,1284,988,0.45861929753734354,1385,0.5591441259588211,0.36999999999999994,2.9460974557999138,2.9629203527612433,6.232294617563739,2.0246021127372678,8392.020791279774,505.66812876732615,7853.0,8866.4,8866.399999999998,1.8189894035458565e-12,7853.0,0.0,28.98687928946306,20.902334299284043,33.732842555212535,19.058612040683016,0.1285829632620105,0.09386354461041582,0.08800968914008882,0.08578926120306823,0.078118691966088,0.07872426322163908,0.07287040775131207,0.0621719822365765,0.06318126766249495,0.05450141299959629,0.04985870004037142,0.04259184497375858,0.03552684699232943,0.029874848607186113,0.021194993944287446,0.008881711748082357,0.006257569640694388,0.820450797298044,0.03391208602853585,0.0,0.0,0.0,0.0,0.0,0.0,0.0,0.0,0.0,0.0,0.0,0.0,0.0,0.0,0.0,0.0,0.0,0.0,0.0,0.0,0.024222850222042798,0.2301170771094066,1.3080339119903113,5.6136455389584,13.255954784012921,7.363746467501011,1.6108195397658462,0.4057327412192169,0.1574485264432782,0.0302785627775535,4.004643962848297,2.7989897746662926,3.988095238095238,2.551815635689372,0.9958676164706316,3.9637462235649545,2.7957482580347732,4.0446051838456905,2.7896626554839385,1.0203996309854602,0.408,0.01387,0.0,0.0,0.0,0.0,0.0,0.0,0.0,0.0,0.0,0.0,0.0423899878885749,8.399273314493326,20.553088413403316,1.005248284214776,0.0,0.0,0.0,0.0,0.0,0.0,0.0,0.0,0.0,0.0,0.0,0.0,0.0,0.0,0.0,0.0,nan,nan,4.004224502112251,2.7929960712475688,nan,0.408,0.0765,0.0,0.0,0.0,0.0,0.0,0.0,0.0,0.0,0.0,0.0,0.0,0.0,0.0,0.0,0.0,2.0185708518368996e-05,0.0,0.00023213564796124343,0.001988292289059346,0.0002926927735163504,0.003017763423496165,0.008245861929753734,7.064997981429148e-05,0.009679047234557933,0.0027654420670165524,0.0029067420266451352,0.012999596285829633,0.0029067420266451352,0.01678441663302382,0.008134840532902705,0.006883326604763827,0.035627775534921274,0.05105974969721437,0.010022204279370206,0.039735567218409366,0.05110012111425111,0.03653613241824788,0.043157044812272914,0.050171578522406134,0.029077513120710538,0.043570851836899474,0.05368389180460234,0.0329430763019782,0.0670569236980218,0.06515946709729512,0.03356883326604764,0.03301372628179249,0.04755752926927735,0.02822971336293904,0.02859305611626968,0.01640088817117481,0.03933185304804199,0.01851029471134437,0.04350020185708518,0.01014331853048042,0.01074888978603149,0.0038655631812676626,0.00024222850222042794,0.00012111425111021397,0.0003431570448122729,0.0,0.0,0.0,0.0,0.0,0.0,0.0,0.0,0.0,0.0,0.0,0.0,0.0,0.0,0.0,0.0,0.0,0.0,0.0,0.0,0.0,0.0,0.0,0.0,0.0,0.0,0.0,0.0,0.0,0.0,0.0,0.0,0.0,0.0,0.0,0.0,0.0,0.0,0.0,0.0,0.0,nan,nan,4.004224502112251,2.7929960712475688,nan,0.8202705349370244,0.033273842513833966,0.0,0.0,0.0,0.0,0.0,0.0,0.0,0.0,0.0,0.0,0.0,0.0,0.0,0.0,0.0,0.0,0.0,0.0,0.0,0.0,0.0,0.20493358633776096,1.3889943074003799,5.590132827324461,13.434535104364329,7.263757115749527,1.548387096774194,0.3870967741935485,0.1593927893738141,0.02277039848197344,0.8206556232235667,0.034621884555507625,0.0,0.0,0.0,0.0,0.0,0.0,0.0,0.0,0.0,0.0,0.0,0.0,0.0,0.0,0.0,0.0,0.0,0.0,0.0,0.0,0.051746442432082804,0.25873221216041403,1.2160413971539459,5.640362225097007,13.053040103492888,7.477360931435966,1.6817593790426912,0.42690815006468313,0.1552393272962484,0.0388098318240621,0.4077,0.013985,0.0,0.0,0.0,0.0,0.0,0.0,0.0,0.0,0.0,0.0,0.0569259962049336,8.527514231499039,20.436432637571162,0.9791271347248579,0.0,0.0,0.0,0.0,0.0,0.0,0.0,0.0,0.0,0.0,0.0,0.0,0.0,0.0,0.0,0.0,0.4082,0.01373,0.0,0.0,0.0,0.0,0.0,0.0,0.0,0.0,0.0,0.0,0.025873221216041402,8.253557567917193,20.6856403622251,1.0349288486416561,0.0,0.0,0.0,0.0,0.0,0.0,0.0,0.0,0.0,0.0,0.0,0.0,0.0,0.0,0.0,0.0
98900,4209,2274,0.5402708481824662,1062,788,0.4395343311950582,1104,0.5245901639344263,0.446,3.187080103359173,3.1833121881341615,6.70945945945946,2.1157497501153633,8400.51047754811,505.0538534872246,7853.0,8866.4,8866.4,0.0,7853.0,0.0,28.411261582323593,21.13907104369539,33.36692068868191,19.366213899107283,0.1363744357329532,0.10168686148728914,0.09194583036350677,0.0810168686148729,0.0822047992397244,0.07056307911617961,0.07674031836540746,0.0548823948681397,0.06200997861724875,0.047517224994060345,0.051081016868614874,0.038726538370159186,0.035162746495604656,0.035162746495604656,0.01900688999762414,0.010216203373722975,0.005702066999287242,0.8214206857702799,0.03296848279594572,0.0,0.0,0.0,0.0,0.0,0.0,0.0,0.0,0.0,0.0,0.0,0.0,0.0,0.0,0.0,0.0,0.0,0.0,0.0,0.0,0.014255167498218108,0.14255167498218108,1.1903064861012118,5.709194583036332,13.178902352102641,7.491090520313615,1.7747683535281544,0.39914468995010705,0.05702066999287243,0.04276550249465432,4.246918192005976,2.954377735735658,4.288888888888889,3.1876304136961964,1.009882624290224,4.253313696612666,2.965543421078396,4.242846661775495,2.952126924531139,0.9975390870310115,0.4077,0.0144,0.0,0.0,0.0,0.0,0.0,0.0,0.0,0.0,0.0,0.0,0.1069137562366358,8.809693513898777,20.09978617248753,0.9836065573770494,0.0,0.0,0.0,0.0,0.0,0.0,0.0,0.0,0.0,0.0,0.0,0.0,0.0,0.0,0.0,0.0,nan,nan,4.247612049963262,2.958388208622851,nan,0.4077,0.07605,0.0,0.0,0.0,0.0,0.0,0.0,0.0,0.0,0.0,0.0,0.0,0.0,0.0,0.0,0.0,1.1879306248515087e-05,1.1879306248515087e-05,0.00015443098123069614,0.002197671655975291,0.0005226894749346638,0.002874792112140651,0.00751960085531005,8.315514373960561e-05,0.011237823711095272,0.002043240674744595,0.002589688762176289,0.01303159895462105,0.002720361130909955,0.01655975291043003,0.008529341886433832,0.007959135186505107,0.03541221192682347,0.04866951770016631,0.010584461867426943,0.039736279401282965,0.04908529341886434,0.03699215965787598,0.046293656450463294,0.05225706818721786,0.029805179377524353,0.04198146828225232,0.05364694701829413,0.035138987883107625,0.06418389166072701,0.06564504632929437,0.03376098835827988,0.03431931575196009,0.048265621287716796,0.02823711095272036,0.029258731290092658,0.01709432169161321,0.03753860774530767,0.01745070087906866,0.041506296032311714,0.011130909954858636,0.009562841530054645,0.003563791874554526,0.00011879306248515087,0.00016631028747921122,0.0005226894749346638,0.0,2.3758612497030174e-05,0.0,0.0,0.0,0.0,0.0,0.0,0.0,0.0,0.0,0.0,0.0,0.0,0.0,0.0,0.0,0.0,0.0,0.0,0.0,0.0,0.0,0.0,0.0,0.0,0.0,0.0,0.0,0.0,0.0,0.0,0.0,0.0,0.0,0.0,0.0,0.0,0.0,0.0,0.0,nan,nan,4.247612049963262,2.958388208622851,nan,0.8214332700666882,0.03333363528681286,0.0,0.0,0.0,0.0,0.0,0.0,0.0,0.0,0.0,0.0,0.0,0.0,0.0,0.0,0.0,0.0,0.0,0.0,0.0,0.0,0.01319261213720317,0.11873350923482852,1.2796833773087073,5.672823218997344,12.968337730870715,7.585751978891822,1.8601583113456468,0.40897097625329826,0.0395778364116095,0.05277044854881268,0.8214058967831831,0.03253411379485541,0.0,0.0,0.0,0.0,0.0,0.0,0.0,0.0,0.0,0.0,0.0,0.0,0.0,0.0,0.0,0.0,0.0,0.0,0.0,0.0,0.015503875968992251,0.17054263565891475,1.0852713178294575,5.751937984496106,13.426356589147291,7.379844961240312,1.6744186046511633,0.3875968992248063,0.07751937984496125,0.031007751937984503,0.4077,0.01451,0.0,0.0,0.0,0.0,0.0,0.0,0.0,0.0,0.0,0.0,0.079155672823219,8.786279683377296,20.052770448548817,1.0817941952506598,0.0,0.0,0.0,0.0,0.0,0.0,0.0,0.0,0.0,0.0,0.0,0.0,0.0,0.0,0.0,0.0,0.4077,0.01427,0.0,0.0,0.0,0.0,0.0,0.0,0.0,0.0,0.0,0.0,0.13953488372093026,8.837209302325569,20.155038759689926,0.8682170542635661,0.0,0.0,0.0,0.0,0.0,0.0,0.0,0.0,0.0,0.0,0.0,0.0,0.0,0.0,0.0,0.0
99000,4338,2278,0.5251267865375749,1112,860,0.454587367450438,1188,0.5477178423236515,0.438,3.012621359223301,3.1313999974467976,6.659050966608084,2.0554081808782008,8385.163485477178,506.05977997401976,7853.0,8866.4,8866.399999999998,1.8189894035458565e-12,7853.0,0.0,27.894421392346704,20.7451197135913,32.64648117839607,19.04926452357242,0.13370216689718764,0.10235131396957123,0.09428307976025818,0.08736745043798985,0.08390963577685569,0.07468879668049792,0.06385431074227754,0.07284462886122638,0.058782849239280774,0.051175656984785614,0.043568464730290454,0.041954817888427844,0.02881512217611803,0.026048870447210697,0.020055325034578148,0.011065006915629323,0.005532503457814661,0.8222440334991026,0.03281552352733373,0.0,0.0,0.0,0.0,0.0,0.0,0.0,0.0,0.0,0.0,0.0,0.0,0.0,0.0,0.0,0.0,0.0,0.0,0.0,0.0,0.0,0.17980636237897654,1.1065006915629325,5.3803596127247415,12.731673582295992,8.430152143845092,1.6597510373443987,0.40110650069156306,0.08990318118948827,0.020746887966804982,4.234397677793904,2.8803283494478915,4.181818181818182,2.8225772175018227,0.9875827685596323,4.179815209665956,2.887798357680634,4.287867910983489,2.869945379403205,1.0258510713745568,0.4077,0.01399,0.0,0.0,0.0,0.0,0.0,0.0,0.0,0.0,0.0,0.0,0.041493775933609964,8.526970954356834,20.45643153526971,0.9751037344398342,0.0,0.0,0.0,0.0,0.0,0.0,0.0,0.0,0.0,0.0,0.0,0.0,0.0,0.0,0.0,0.0,nan,nan,4.2335714285714285,2.8794372147121714,nan,0.4077,0.0768,0.0,0.0,0.0,0.0,0.0,0.0,0.0,0.0,0.0,0.0,0.0,0.0,0.0,0.0,0.0,0.0,0.0,0.0001152604887044721,0.00297372060857538,0.0007722452743199631,0.002581834946980175,0.007653296449976948,2.305209774089442e-05,0.01214845550945136,0.0019017980636237897,0.00247810050714615,0.013865836791147994,0.0025242047026279393,0.016539880129091748,0.00999308437067773,0.007538035961272476,0.03278008298755187,0.04799446749654219,0.011422314430613185,0.038335638543107425,0.05240894421392347,0.0375979714153988,0.044940064545873674,0.050484094052558784,0.029241585984324574,0.040444905486399264,0.051210235131396956,0.035961272475795295,0.062090825265099125,0.06632088520055325,0.032872291378515446,0.03390963577685569,0.05066851083448594,0.02949515905947441,0.029437528815122176,0.01764638082065468,0.03880820654679576,0.01756569847856155,0.04325726141078838,0.011018902720147534,0.008333333333333333,0.003561549100968188,5.763024435223605e-05,0.0002650991240202858,0.0006569847856154911,0.0,0.0001037344398340249,0.0,0.0,0.0,0.0,0.0,0.0,0.0,0.0,0.0,0.0,0.0,0.0,0.0,0.0,0.0,0.0,0.0,0.0,0.0,0.0,0.0,0.0,0.0,0.0,0.0,0.0,0.0,0.0,0.0,0.0,0.0,0.0,0.0,0.0,0.0,0.0,0.0,0.0,0.0,nan,nan,4.2335714285714285,2.8794372147121714,nan,0.8225958661042985,0.03271840044809666,0.0,0.0,0.0,0.0,0.0,0.0,0.0,0.0,0.0,0.0,0.0,0.0,0.0,0.0,0.0,0.0,0.0,0.0,0.0,0.0,0.0,0.15803336259877088,1.1062335381913961,5.623353819139578,12.18173836698859,8.678665496049167,1.7910447761194035,0.36874451273046543,0.09218612818261636,0.0,0.8218549681230656,0.03291821297694224,0.0,0.0,0.0,0.0,0.0,0.0,0.0,0.0,0.0,0.0,0.0,0.0,0.0,0.0,0.0,0.0,0.0,0.0,0.0,0.0,0.0,0.20388349514563112,1.1067961165048545,5.111650485436877,13.339805825242722,8.155339805825244,1.514563106796117,0.43689320388349523,0.08737864077669905,0.04368932038834952,0.408,0.014015,0.0,0.0,0.0,0.0,0.0,0.0,0.0,0.0,0.0,0.0,0.06584723441615453,8.507462686567152,20.557506584723445,0.8691834942932399,0.0,0.0,0.0,0.0,0.0,0.0,0.0,0.0,0.0,0.0,0.0,0.0,0.0,0.0,0.0,0.0,0.4077,0.01397,0.0,0.0,0.0,0.0,0.0,0.0,0.0,0.0,0.0,0.0,0.014563106796116509,8.548543689320375,20.34466019417476,1.092233009708738,0.0,0.0,0.0,0.0,0.0,0.0,0.0,0.0,0.0,0.0,0.0,0.0,0.0,0.0,0.0,0.0
99100,4786,2464,0.5148349352277476,1183,988,0.45361470956957795,1364,0.5699958211450062,0.40199999999999997,3.0142118863049094,3.1477081751867955,6.68133535660091,2.1671714062869847,8374.7337233598,506.47692658396676,7853.0,8866.4,8866.4,0.0,7853.0,0.0,28.17613873798579,20.72003354296765,33.16019900497513,18.849685798091308,0.13873798579189303,0.09360635185959047,0.09339740910990389,0.08315921437526118,0.08044295862933556,0.0768909318846636,0.06811533639782699,0.06978687839531968,0.06017551190973673,0.05725031341412453,0.04346009193480986,0.04032595068951107,0.03865440869201839,0.024446301713330548,0.015043877977434183,0.010447137484329294,0.00605933974091099,0.8213163950405408,0.03357284302138916,0.0,0.0,0.0,0.0,0.0,0.0,0.0,0.0,0.0,0.0,0.0,0.0,0.0,0.0,0.0,0.0,0.0,0.0,0.0,0.012536564981195155,0.0877559548683661,0.2444630171333055,1.21604680317593,5.215211032177168,13.063100710405353,8.017133305474301,1.7175094024237363,0.33221897200167166,0.07521938988717093,0.018804847471792733,4.337270341207349,2.9873577723004705,4.2835820895522385,3.0606114409566985,0.9876216496940411,4.342105263157895,3.0423474458413664,4.330122029543995,2.9345589133526198,0.9972402249858898,0.4075,0.0144,0.0,0.0,0.0,0.0,0.0,0.0,0.0,0.0,0.0,0.0,0.10029251984956124,8.857083159214364,20.014625992478063,1.0279983284580028,0.0,0.0,0.0,0.0,0.0,0.0,0.0,0.0,0.0,0.0,0.0,0.0,0.0,0.0,0.0,0.0,nan,nan,4.336115569823435,2.988962413224847,nan,0.4075,0.07764,0.0,0.0,0.0,0.0,0.0,0.0,0.0,0.0,0.0,0.0,0.0,0.0,0.0,0.0,0.0,0.0,0.0,8.357709987463435e-05,0.0033535311324697035,0.0010029251984956123,0.0024341830338487254,0.007720434600919348,3.1341412452987885e-05,0.013100710405348935,0.001702883409945675,0.002204346009193481,0.014281236941078145,0.0027267028834099456,0.017937735060593398,0.011251567070622649,0.008357709987463435,0.03378604262432094,0.04695988299206018,0.010854575846218135,0.03815294609277058,0.053478896782281654,0.036920183869619726,0.04384663602173004,0.047252402841621396,0.02866694525699958,0.039521521103217716,0.04913288758880067,0.03578144588382783,0.05900543251149185,0.06862724613455913,0.0346636021730046,0.03480986209778521,0.05263267864605098,0.030547430004178856,0.027329711659005433,0.016631842875052236,0.03820518178019223,0.018000417885499373,0.044985374007521936,0.009694943585457584,0.008942749686585875,0.0040952778938570834,6.268282490597577e-05,0.0002820727120768909,0.0007521938988717091,0.0,0.00018804847471792728,0.0,0.0,0.0,0.0,0.0,0.0,0.0,0.0,0.0,0.0,0.0,0.0,0.0,0.0,0.0,0.0,0.0,0.0,0.0,0.0,0.0,0.0,0.0,0.0,0.0,0.0,0.0,0.0,0.0,0.0,0.0,0.0,0.0,0.0,0.0,0.0,0.0,0.0,0.0,nan,nan,4.336115569823435,2.988962413224847,nan,0.8218710373893574,0.03302740592884219,0.0,0.0,0.0,0.0,0.0,0.0,0.0,0.0,0.0,0.0,0.0,0.0,0.0,0.0,0.0,0.0,0.0,0.0,0.0,0.012175324675324678,0.06087662337662339,0.19480519480519484,1.2175324675324677,5.101461038961023,13.234577922077925,7.987012987012989,1.8019480519480524,0.29220779220779225,0.09740259740259742,0.0,0.8207278339951126,0.03413225294947381,0.0,0.0,0.0,0.0,0.0,0.0,0.0,0.0,0.0,0.0,0.0,0.0,0.0,0.0,0.0,0.0,0.0,0.0,0.0,0.012919896640826876,0.11627906976744189,0.29715762273901813,1.2144702842377262,5.335917312661482,12.881136950904397,8.049095607235143,1.6279069767441865,0.3746770025839794,0.051679586563307504,0.03875968992248063,0.4075,0.014366,0.0,0.0,0.0,0.0,0.0,0.0,0.0,0.0,0.0,0.0,0.09740259740259742,8.851461038961025,19.95535714285715,1.095779220779221,0.0,0.0,0.0,0.0,0.0,0.0,0.0,0.0,0.0,0.0,0.0,0.0,0.0,0.0,0.0,0.0,0.4077,0.01442,0.0,0.0,0.0,0.0,0.0,0.0,0.0,0.0,0.0,0.0,0.10335917312661501,8.863049095607222,20.077519379844965,0.9560723514211888,0.0,0.0,0.0,0.0,0.0,0.0,0.0,0.0,0.0,0.0,0.0,0.0,0.0,0.0,0.0,0.0
99200,4575,2381,0.5204371584699453,1092,952,0.446775956284153,1319,0.5766120218579235,0.41,2.9749316317228804,3.0453591004891325,6.456869009584665,2.1108783596633853,8380.411016393442,506.276548735916,7853.0,8866.4,8866.399999999998,1.8189894035458565e-12,7853.0,0.0,28.505573770491804,21.34728509564953,33.493506493506494,19.59406441838385,0.13726775956284154,0.10010928961748634,0.08918032786885247,0.0848087431693989,0.08437158469945355,0.07693989071038251,0.06885245901639345,0.056612021857923495,0.05748633879781421,0.05027322404371585,0.04480874316939891,0.04240437158469945,0.035628415300546445,0.0292896174863388,0.01901639344262295,0.01377049180327869,0.009180327868852459,0.820366715511989,0.03369627327100998,0.0,0.0,0.0,0.0,0.0,0.0,0.0,0.0,0.0,0.0,0.0,0.0,0.0,0.0,0.0,0.0,0.0,0.0,0.0,0.019672131147540985,0.07213114754098363,0.2557377049180328,1.2327868852459019,5.521311475409819,13.036065573770495,7.7704918032786905,1.6786885245901644,0.2950819672131148,0.1114754098360656,0.00655737704918033,4.179644808743169,2.80876767108341,3.701492537313433,2.906579902145518,0.8855997834003704,4.1716906946264745,2.8523078235102144,4.168937329700272,2.7680671728584603,0.9993399882379226,0.4075,0.01406,0.0,0.0,0.0,0.0,0.0,0.0,0.0,0.0,0.0,0.0,0.059016393442622966,8.780327868852446,20.262295081967217,0.8983606557377051,0.0,0.0,0.0,0.0,0.0,0.0,0.0,0.0,0.0,0.0,0.0,0.0,0.0,0.0,0.0,0.0,nan,nan,4.168948247078464,2.8118822637932688,nan,0.4075,0.0774,0.0,0.0,0.0,0.0,0.0,0.0,0.0,0.0,0.0,0.0,0.0,0.0,0.0,0.0,0.0,0.0,0.0,4.371584699453552e-05,0.0028524590163934425,0.0009508196721311475,0.002633879781420765,0.007726775956284153,2.185792349726776e-05,0.01228415300546448,0.0023497267759562844,0.0025027322404371586,0.013628415300546448,0.0027978142076502733,0.017081967213114755,0.012612021857923497,0.007879781420765028,0.0340327868852459,0.04666666666666667,0.012513661202185793,0.037256830601092895,0.054404371584699455,0.0354207650273224,0.04379234972677595,0.047781420765027324,0.030907103825136614,0.03910382513661202,0.049956284153005466,0.03597814207650273,0.05985792349726776,0.06753005464480874,0.0367431693989071,0.03369398907103825,0.05307103825136612,0.02884153005464481,0.025628415300546447,0.016262295081967214,0.03619672131147541,0.01782513661202186,0.046994535519125684,0.010076502732240438,0.007879781420765028,0.004863387978142076,6.557377049180328e-05,0.0002076502732240437,0.0008087431693989071,1.092896174863388e-05,0.0002513661202185792,0.0,0.0,0.0,1.092896174863388e-05,0.0,0.0,0.0,0.0,0.0,0.0,0.0,0.0,0.0,0.0,0.0,0.0,0.0,0.0,0.0,0.0,0.0,0.0,0.0,0.0,0.0,0.0,0.0,0.0,0.0,0.0,0.0,0.0,0.0,0.0,0.0,0.0,0.0,0.0,0.0,nan,nan,4.168948247078464,2.8118822637932688,nan,0.819416294499437,0.03357452833558301,0.0,0.0,0.0,0.0,0.0,0.0,0.0,0.0,0.0,0.0,0.0,0.0,0.0,0.0,0.0,0.0,0.0,0.0,0.0,0.025199496010079803,0.07559848803023941,0.251994960100798,1.29777404451911,5.606887862242737,13.141537169256617,7.6732465350693,1.5119697606047884,0.31499370012599753,0.10079798404031921,0.0,0.8213981432380085,0.03379767183576959,0.0,0.0,0.0,0.0,0.0,0.0,0.0,0.0,0.0,0.0,0.0,0.0,0.0,0.0,0.0,0.0,0.0,0.0,0.0,0.01367365542388332,0.0683682771194166,0.2597994530537831,1.1622607110300822,5.428441203281661,12.92160437556974,7.876025524156793,1.8596171376481316,0.2734731084776664,0.12306289881494989,0.01367365542388332,0.4072,0.01392,0.0,0.0,0.0,0.0,0.0,0.0,0.0,0.0,0.0,0.0,0.07559848803023941,9.021419571608554,20.058798824023523,0.8441831163376734,0.0,0.0,0.0,0.0,0.0,0.0,0.0,0.0,0.0,0.0,0.0,0.0,0.0,0.0,0.0,0.0,0.4077,0.01419,0.0,0.0,0.0,0.0,0.0,0.0,0.0,0.0,0.0,0.0,0.04102096627164996,8.518687329079295,20.483135824977214,0.9571558796718325,0.0,0.0,0.0,0.0,0.0,0.0,0.0,0.0,0.0,0.0,0.0,0.0,0.0,0.0,0.0,0.0
99300,4869,2512,0.5159170260833846,1183,1017,0.4518381597864038,1418,0.5824604641610187,0.38199999999999995,2.9308442935935513,3.0188017540882184,6.339677891654466,2.1232846764348996,8375.830314232902,506.44318828744025,7853.0,8866.4,8866.4,0.0,7853.0,0.0,27.983569521462314,20.794827930798988,32.898632144601855,19.02377431887835,0.13842678168001643,0.09693982337235572,0.09324296570137605,0.0920106798110495,0.08215239268843705,0.07044567673033478,0.06695420004107619,0.06510577120558636,0.05956048469911686,0.0583281988087903,0.044156911070034915,0.03984391045389197,0.03203943314849045,0.026083384678578764,0.017662764428013965,0.011090573012939002,0.005956048469911686,0.8196099147117953,0.03393740677659287,0.0,0.0,0.0,0.0,0.0,0.0,0.0,0.0,0.0,0.0,0.0,0.0,0.0,0.0,0.0,0.0,0.0,0.0,0.0,0.0,0.0616142945163278,0.2156500308071473,1.4479359211337033,5.853357979051122,12.908194701170675,7.369069624152805,1.6635859519408507,0.38817005545286515,0.06777572396796058,0.02464571780653112,4.233550488599349,2.8355321269367835,4.061728395061729,2.8946339413863402,0.959414185799762,4.234165067178503,2.848970314424374,4.224181360201511,2.8255526460360945,0.9976421072824059,0.4075,0.01427,0.0,0.0,0.0,0.0,0.0,0.0,0.0,0.0,0.0,0.0,0.14171287738755395,8.49661121380159,20.32039433148491,1.0412815773259398,0.0,0.0,0.0,0.0,0.0,0.0,0.0,0.0,0.0,0.0,0.0,0.0,0.0,0.0,0.0,0.0,nan,nan,4.229133608378293,2.8371971328290604,nan,0.4075,0.07745,0.0,0.0,0.0,0.0,0.0,0.0,0.0,0.0,0.0,0.0,0.0,0.0,0.0,0.0,0.0,0.0,0.0,2.0538098172109262e-05,0.0027418361059765865,0.000780447730540152,0.002289997946190183,0.008061203532552885,0.0,0.012292051756007394,0.0022797288971041284,0.002782912302320805,0.014048059149722736,0.00237215033887862,0.01838159786403779,0.011234339700143767,0.008985417950297803,0.03399055247484083,0.042791127541589646,0.014222632984185664,0.03722530293694804,0.05472376257958513,0.036003286095707535,0.04404395153008831,0.0493427808584925,0.032522078455535015,0.03964879852125693,0.04948654754569727,0.03208050934483467,0.05846169644690902,0.06829944547134935,0.036722119531731365,0.03459642637091805,0.05317313616759088,0.026997330047237627,0.02434791538303553,0.017837338262476896,0.03704046005339905,0.017570342986239475,0.04848018073526392,0.010628465804066543,0.008020127336208667,0.0038098172109262683,0.00012322858903265557,0.00028753337440952967,0.0010166358595194084,0.0,0.00023618812897925652,0.0,0.0,0.0,0.0,0.0,0.0,0.0,0.0,0.0,0.0,0.0,0.0,0.0,0.0,0.0,0.0,0.0,0.0,0.0,0.0,0.0,0.0,0.0,0.0,0.0,0.0,0.0,0.0,0.0,0.0,0.0,0.0,0.0,0.0,0.0,0.0,0.0,0.0,0.0,nan,nan,4.229133608378293,2.8371971328290604,nan,0.8202392791819041,0.033825385847697335,0.0,0.0,0.0,0.0,0.0,0.0,0.0,0.0,0.0,0.0,0.0,0.0,0.0,0.0,0.0,0.0,0.0,0.0,0.0,0.0,0.07165605095541402,0.2030254777070064,1.3017515923566882,5.792197452229281,12.933917197452232,7.464171974522294,1.7555732484076436,0.3941082802547772,0.047770700636942685,0.03582802547770701,0.8189391622515012,0.03404358323203128,0.0,0.0,0.0,0.0,0.0,0.0,0.0,0.0,0.0,0.0,0.0,0.0,0.0,0.0,0.0,0.0,0.0,0.0,0.0,0.0,0.0509121764955452,0.2291047942299534,1.6037335596096738,5.918540517607109,12.880780653372934,7.267713194739077,1.5655494272380148,0.38184132371658897,0.0890963088672041,0.0127280441238863,0.4075,0.01421,0.0,0.0,0.0,0.0,0.0,0.0,0.0,0.0,0.0,0.0,0.09554140127388537,8.443471337579606,20.481687898089177,0.979299363057325,0.0,0.0,0.0,0.0,0.0,0.0,0.0,0.0,0.0,0.0,0.0,0.0,0.0,0.0,0.0,0.0,0.4077,0.01432,0.0,0.0,0.0,0.0,0.0,0.0,0.0,0.0,0.0,0.0,0.19092066185829448,8.55324565125158,20.14849384811201,1.107339838778108,0.0,0.0,0.0,0.0,0.0,0.0,0.0,0.0,0.0,0.0,0.0,0.0,0.0,0.0,0.0,0.0
99400,4764,2411,0.5060873215785054,1135,989,0.44584382871536526,1356,0.5692695214105793,0.40199999999999997,2.9562260943476413,3.096032810194527,6.496951219512195,2.2543974312681136,8365.868891687656,506.6624465809024,7853.0,8866.4,8866.4,0.0,7853.0,0.0,28.00125944584383,21.009283824302575,32.989244622311155,19.25145302571966,0.14126784214945423,0.10222502099076407,0.0927791771620487,0.0808144416456759,0.07745591939546599,0.07766582703610411,0.06968933669185558,0.06675062972292191,0.05877413937867338,0.051217464315701094,0.04764903442485306,0.037783375314861464,0.033375314861460954,0.023719563392107474,0.017632241813602016,0.013853904282115869,0.0073467674223341725,0.8195344677850241,0.032032313716019535,0.0,0.0,0.0,0.0,0.0,0.0,0.0,0.0,0.0,0.0,0.0,0.0,0.0,0.0,0.0,0.0,0.0,0.0,0.0,0.0,0.037783375314861464,0.18891687657430736,1.1649874055415619,5.856423173803508,13.324937027707811,7.55037783375315,1.5365239294710331,0.28967254408060455,0.04408060453400505,0.006297229219143578,4.400399733510993,2.929366094617696,3.8275862068965516,2.736332374412514,0.8698269336187319,4.493421052631579,2.9947249907267115,4.287012987012987,2.8546089708495477,0.9540643836397863,0.408,0.013885,0.0,0.0,0.0,0.0,0.0,0.0,0.0,0.0,0.0,0.0,0.037783375314861464,8.29345088161208,20.654911838790937,1.013853904282116,0.0,0.0,0.0,0.0,0.0,0.0,0.0,0.0,0.0,0.0,0.0,0.0,0.0,0.0,0.0,0.0,nan,nan,4.389542483660131,2.9268681738367834,nan,0.408,0.0775,0.0,0.0,0.0,0.0,0.0,0.0,0.0,0.0,0.0,0.0,0.0,0.0,0.0,0.0,0.0,0.0,0.0,2.0990764063811922e-05,0.0026763224181360202,0.0007346767422334173,0.002403442485306465,0.007682619647355163,1.0495382031905961e-05,0.011282535684298909,0.0028232577665827036,0.003620906801007557,0.014662048698572627,0.002655331654072208,0.018776238455079766,0.010757766582703611,0.008459277917716205,0.0334487825356843,0.04047019311502939,0.015501679261125105,0.037636439966414775,0.0535264483627204,0.03552686817800168,0.04425902602854744,0.04980058774139379,0.03089840470193115,0.04043870696893367,0.05202560873215785,0.02989084802686818,0.059319899244332494,0.06928001679261125,0.03382661628883291,0.03454030226700252,0.053127623845507975,0.02642737195633921,0.025524769101595297,0.018230478589420656,0.03805625524769102,0.018965155331654073,0.049139378673383714,0.010589840470193115,0.007756087321578505,0.003568429890848027,0.00019941225860621326,0.0003253568429890848,0.0007556675062972292,0.0,0.00036733837111670864,1.0495382031905961e-05,0.0,0.0,0.0,0.0,0.0,0.0,0.0,0.0,0.0,0.0,0.0,0.0,0.0,0.0,0.0,0.0,0.0,0.0,0.0,0.0,0.0,0.0,0.0,0.0,0.0,0.0,0.0,0.0,0.0,0.0,0.0,0.0,0.0,0.0,0.0,0.0,0.0,0.0,nan,nan,4.389542483660131,2.9268681738367834,nan,0.8194033876586782,0.031781363452238205,0.0,0.0,0.0,0.0,0.0,0.0,0.0,0.0,0.0,0.0,0.0,0.0,0.0,0.0,0.0,0.0,0.0,0.0,0.0,0.0,0.024885939444214026,0.16175860638739117,1.1820821236001662,5.935296557445025,13.562836997096644,7.167150559933639,1.6424720033181257,0.26130236416424724,0.062214848610535056,0.0,0.8196687789557084,0.03228687462100935,0.0,0.0,0.0,0.0,0.0,0.0,0.0,0.0,0.0,0.0,0.0,0.0,0.0,0.0,0.0,0.0,0.0,0.0,0.0,0.0,0.05099872503187421,0.2167445813854654,1.1474713132171697,5.775605609859736,13.081172970675736,7.943051423714409,1.427964300892478,0.3187420314492138,0.025499362515937107,0.012749681257968553,0.4082,0.01388,0.0,0.0,0.0,0.0,0.0,0.0,0.0,0.0,0.0,0.0,0.037328909166321034,8.324346744089578,20.45624222314393,1.1820821236001662,0.0,0.0,0.0,0.0,0.0,0.0,0.0,0.0,0.0,0.0,0.0,0.0,0.0,0.0,0.0,0.0,0.408,0.01389,0.0,0.0,0.0,0.0,0.0,0.0,0.0,0.0,0.0,0.0,0.03824904377390566,8.261793455163609,20.858478538036554,0.8414789630259245,0.0,0.0,0.0,0.0,0.0,0.0,0.0,0.0,0.0,0.0,0.0,0.0,0.0,0.0,0.0,0.0
99500,4840,2496,0.515702479338843,1160,976,0.4413223140495868,1357,0.5607438016528926,0.41,2.973122866894198,3.091694998057367,6.495440729483283,2.165102580169637,8375.612892561981,506.45006649255225,7853.0,8866.4,8866.4,0.0,7853.0,0.0,28.17396694214876,21.108190019901343,33.10808155244412,19.387352286228584,0.13615702479338843,0.103099173553719,0.09359504132231405,0.08636363636363636,0.08119834710743802,0.06714876033057851,0.07086776859504132,0.0659090909090909,0.057644628099173555,0.05371900826446281,0.04400826446280992,0.03966942148760331,0.03243801652892562,0.028512396694214875,0.022933884297520662,0.008677685950413223,0.008057851239669421,0.8194663386822733,0.03290696733110756,0.0,0.0,0.0,0.0,0.0,0.0,0.0,0.0,0.0,0.0,0.0,0.0,0.0,0.0,0.0,0.0,0.0,0.0,0.0,0.0,0.05578512396694216,0.29752066115702486,1.1466942148760333,5.659090909090891,13.69834710743802,7.072314049586779,1.692148760330579,0.30371900826446285,0.05578512396694216,0.018595041322314054,4.304347826086956,2.850859300494726,5.073529411764706,2.976951542170122,1.178698752228164,4.305822136916187,2.816846430364048,4.336794289422453,2.894892878601673,1.0071930868302073,0.4082,0.01396,0.0,0.0,0.0,0.0,0.0,0.0,0.0,0.0,0.0,0.0,0.09297520661157027,8.082644628099162,20.938016528925626,0.8863636363636366,0.0,0.0,0.0,0.0,0.0,0.0,0.0,0.0,0.0,0.0,0.0,0.0,0.0,0.0,0.0,0.0,nan,nan,4.321198453608248,2.855901667933409,nan,0.4082,0.07776,0.0,0.0,0.0,0.0,0.0,0.0,0.0,0.0,0.0,0.0,0.0,0.0,0.0,0.0,0.0,0.0,0.0,4.132231404958678e-05,0.0024173553719008265,0.0009917355371900827,0.002334710743801653,0.007995867768595042,0.0,0.00918388429752066,0.003471074380165289,0.0033264462809917354,0.015661157024793388,0.003068181818181818,0.020268595041322314,0.012097107438016529,0.008615702479338842,0.030433884297520662,0.04112603305785124,0.015454545454545455,0.04004132231404959,0.052489669421487604,0.03422520661157025,0.043047520661157024,0.05116735537190083,0.031632231404958674,0.038636363636363635,0.054018595041322316,0.02993801652892562,0.05975206611570248,0.06340909090909091,0.034535123966942145,0.0334297520661157,0.05262396694214876,0.027024793388429752,0.027148760330578513,0.01949380165289256,0.036787190082644625,0.020681818181818183,0.04912190082644628,0.010981404958677686,0.008305785123966942,0.0032438016528925618,0.00028925619834710745,0.000506198347107438,0.0005991735537190083,0.0,0.00038223140495867767,0.0,0.0,0.0,0.0,0.0,0.0,0.0,0.0,0.0,0.0,0.0,0.0,0.0,0.0,0.0,0.0,0.0,0.0,0.0,0.0,0.0,0.0,0.0,0.0,0.0,0.0,0.0,0.0,0.0,0.0,0.0,0.0,0.0,0.0,0.0,0.0,0.0,0.0,0.0,nan,nan,4.321198453608248,2.855901667933409,nan,0.8200066653199685,0.033423868509496024,0.0,0.0,0.0,0.0,0.0,0.0,0.0,0.0,0.0,0.0,0.0,0.0,0.0,0.0,0.0,0.0,0.0,0.0,0.0,0.0,0.0841346153846154,0.3125000000000001,1.1418269230769234,5.384615384615368,13.822115384615387,7.103365384615386,1.7668269230769234,0.27644230769230776,0.0841346153846154,0.024038461538461543,0.8188909737984476,0.0323375436014015,0.0,0.0,0.0,0.0,0.0,0.0,0.0,0.0,0.0,0.0,0.0,0.0,0.0,0.0,0.0,0.0,0.0,0.0,0.0,0.0,0.025597269624573385,0.2815699658703072,1.1518771331058022,5.951365187713292,13.566552901023893,7.0392491467576805,1.6126279863481232,0.33276450511945405,0.025597269624573385,0.012798634812286692,0.4084,0.013985,0.0,0.0,0.0,0.0,0.0,0.0,0.0,0.0,0.0,0.0,0.0841346153846154,7.83653846153845,21.057692307692314,1.0216346153846156,0.0,0.0,0.0,0.0,0.0,0.0,0.0,0.0,0.0,0.0,0.0,0.0,0.0,0.0,0.0,0.0,0.408,0.01394,0.0,0.0,0.0,0.0,0.0,0.0,0.0,0.0,0.0,0.0,0.10238907849829354,8.344709897610908,20.81058020477816,0.7423208191126281,0.0,0.0,0.0,0.0,0.0,0.0,0.0,0.0,0.0,0.0,0.0,0.0,0.0,0.0,0.0,0.0
99600,5016,2589,0.5161483253588517,1212,1053,0.451555023923445,1446,0.5765550239234449,0.36999999999999994,2.9596209311907704,3.064345168347942,6.550072568940493,2.097244891295748,8376.06471291866,506.435668344055,7853.0,8866.4,8866.4,0.0,7853.0,0.0,28.492224880382775,20.924846996911725,33.44625946969697,19.07630089652595,0.13556618819776714,0.09569377990430622,0.08891547049441786,0.08413078149920256,0.07894736842105263,0.0819377990430622,0.06977671451355662,0.06319776714513557,0.06339712918660287,0.04984051036682616,0.04445773524720893,0.04704944178628389,0.0342902711323764,0.02711323763955343,0.01893939393939394,0.009768740031897927,0.006977671451355662,0.8194867110138304,0.03382621281760937,0.0,0.0,0.0,0.0,0.0,0.0,0.0,0.0,0.0,0.0,0.0,0.0,0.0,0.0,0.0,0.0,0.0,0.0,0.0,0.0059808612440191405,0.0299043062200957,0.24521531100478475,1.2260765550239239,6.124401913875579,12.900717703349285,7.332535885167466,1.6985645933014357,0.2811004784688996,0.11363636363636366,0.04186602870813398,4.198262488364877,2.8994050910621665,4.076923076923077,3.083326669857931,0.9710977072591144,4.114963503649635,2.8519076189095847,4.275196137598069,2.952501732827739,1.0389390170304842,0.408,0.01419,0.0,0.0,0.0,0.0,0.0,0.0,0.0,0.0,0.0,0.0,0.07177033492822968,8.2535885167464,20.556220095693785,1.1184210526315792,0.0,0.0,0.0,0.0,0.0,0.0,0.0,0.0,0.0,0.0,0.0,0.0,0.0,0.0,0.0,0.0,nan,nan,4.1953953347470465,2.90394387619258,nan,0.408,0.0775,0.0,0.0,0.0,0.0,0.0,0.0,0.0,0.0,0.0,0.0,0.0,0.0,0.0,0.0,0.0,0.0,0.0,5.980861244019139e-05,0.0023325358851674642,0.0009170653907496013,0.002920653907496013,0.00733652312599681,5.980861244019139e-05,0.009080940988835726,0.0036283891547049443,0.003309409888357257,0.01532097288676236,0.003488835725677831,0.019846491228070175,0.011592902711323764,0.009639154704944178,0.029226475279106857,0.042713317384370016,0.014892344497607655,0.03976275917065391,0.05259170653907496,0.033891547049441785,0.04316188197767145,0.04925239234449761,0.03320374800637958,0.03999202551834131,0.05849282296650718,0.0286981658692185,0.05841307814992026,0.06499202551834131,0.03441985645933014,0.033662280701754387,0.05112639553429027,0.026305821371610846,0.02717304625199362,0.01858054226475279,0.03721092503987241,0.021251993620414675,0.04682017543859649,0.010935007974481659,0.008771929824561403,0.0032196969696969696,9.968102073365231e-06,0.0006080542264752791,0.000777511961722488,0.0,0.00030901116427432216,0.0,0.0,0.0,0.0,0.0,0.0,0.0,0.0,0.0,0.0,0.0,0.0,0.0,0.0,0.0,0.0,0.0,0.0,0.0,0.0,0.0,0.0,0.0,0.0,0.0,0.0,0.0,0.0,0.0,0.0,0.0,0.0,0.0,0.0,0.0,0.0,0.0,0.0,0.0,nan,nan,4.1953953347470465,2.90394387619258,nan,0.819122422772883,0.03294050154502948,0.0,0.0,0.0,0.0,0.0,0.0,0.0,0.0,0.0,0.0,0.0,0.0,0.0,0.0,0.0,0.0,0.0,0.0,0.0,0.0,0.023174971031286216,0.23174971031286215,1.1471610660486675,6.257242178447258,13.093858632676712,7.300115874855158,1.5179606025492471,0.31286210892236394,0.08111239860950176,0.03476245654692932,0.8198753151571402,0.034741954511924404,0.0,0.0,0.0,0.0,0.0,0.0,0.0,0.0,0.0,0.0,0.0,0.0,0.0,0.0,0.0,0.0,0.0,0.0,0.0,0.01236093943139679,0.03708281829419036,0.25957972805933255,1.3102595797280596,5.982694684796026,12.694684796044502,7.367119901112486,1.8912237330037087,0.24721878862793578,0.14833127317676145,0.04944375772558716,0.4082,0.013954,0.0,0.0,0.0,0.0,0.0,0.0,0.0,0.0,0.0,0.0,0.06952491309385864,8.041714947856304,20.834298957126308,1.0544611819235228,0.0,0.0,0.0,0.0,0.0,0.0,0.0,0.0,0.0,0.0,0.0,0.0,0.0,0.0,0.0,0.0,0.4077,0.01444,0.0,0.0,0.0,0.0,0.0,0.0,0.0,0.0,0.0,0.0,0.07416563658838073,8.479604449938183,20.25957972805934,1.1866501854140916,0.0,0.0,0.0,0.0,0.0,0.0,0.0,0.0,0.0,0.0,0.0,0.0,0.0,0.0,0.0,0.0
99700,4618,2376,0.5145084452143786,1088,968,0.4452143785188393,1326,0.574274577739281,0.38999999999999996,2.9781445138269405,3.04778542911647,6.355623100303951,2.2295283465836837,8374.40285838025,506.48663946391525,7853.0,8866.4,8866.399999999998,1.8189894035458565e-12,7853.0,0.0,28.256388046773495,21.085651170043363,33.142270159219315,19.350490825968848,0.13945430922477262,0.09831095712429623,0.09029883066262451,0.08315288003464703,0.08553486357730619,0.0747076656561282,0.0692940666955392,0.0671286271113036,0.049155478562148115,0.056084885231702034,0.04309224772628844,0.04612386314421828,0.033780857514075356,0.02468601126028584,0.0205716760502382,0.01039411000433088,0.00822867042009528,0.8176969398973101,0.03295820596837165,0.0,0.0,0.0,0.0,0.0,0.0,0.0,0.0,0.0,0.0,0.0,0.0,0.0,0.0,0.0,0.0,0.0,0.0,0.0,0.0,0.025985275010827202,0.21437851883932443,1.539627544391512,6.262451277609335,13.36292767431789,6.697704634040712,1.4161974880900827,0.42875703767864887,0.04547423126894761,0.006496318752706801,4.227766463000679,2.8534092889097007,4.859375,2.9783971544062084,1.1493953231633882,4.228852459016394,2.8859331521293985,4.253872053872054,2.8281045318179188,1.0059164028771719,0.4075,0.013985,0.0,0.0,0.0,0.0,0.0,0.0,0.0,0.0,0.0,0.0,0.058466868774361205,8.594629709831084,20.443915114768302,0.9029883066262453,0.0,0.0,0.0,0.0,0.0,0.0,0.0,0.0,0.0,0.0,0.0,0.0,0.0,0.0,0.0,0.0,nan,nan,4.241196013289037,2.8575767266959264,nan,0.4075,0.07697,0.0,0.0,0.0,0.0,0.0,0.0,0.0,0.0,0.0,0.0,0.0,0.0,0.0,0.0,0.0,0.0,0.0,6.496318752706799e-05,0.002533564313555652,0.00124512776093547,0.0032914681680381117,0.00747076656561282,2.1654395842355997e-05,0.008943265482893027,0.0033889129493287137,0.0024144651364226936,0.01445430922477263,0.0032265049805110437,0.02018189692507579,0.01077306193157211,0.009398007795582503,0.028876136855781723,0.04481377219575574,0.012851883932438284,0.04336292767431789,0.05193806842789086,0.032644001732351664,0.04308142052836726,0.049274577739281074,0.034701169337375486,0.04179298397574708,0.059213945430922475,0.027252057167605023,0.06037245560848852,0.06517973148549155,0.03354265915980944,0.03476613252490256,0.04860329146816804,0.028074924209614553,0.02699220441749675,0.018763533997401473,0.037148116067561715,0.022000866175833696,0.045528367258553484,0.010145084452143785,0.008055435253356431,0.0023170203551320916,1.0827197921177999e-05,0.000606323083585968,0.00032481593763534,0.0,0.000357297531398874,0.0,0.0,0.0,0.0,0.0,0.0,0.0,0.0,0.0,0.0,0.0,0.0,0.0,0.0,0.0,0.0,0.0,0.0,0.0,0.0,0.0,0.0,0.0,0.0,0.0,0.0,0.0,0.0,0.0,0.0,0.0,0.0,0.0,0.0,0.0,0.0,0.0,0.0,0.0,nan,nan,4.241196013289037,2.8575767266959264,nan,0.8172869404106831,0.03299705549278802,0.0,0.0,0.0,0.0,0.0,0.0,0.0,0.0,0.0,0.0,0.0,0.0,0.0,0.0,0.0,0.0,0.0,0.0,0.0,0.0,0.0,0.22727272727272732,1.6035353535353538,6.351010101010081,13.409090909090912,6.5530303030303045,1.3762626262626267,0.41666666666666674,0.05050505050505052,0.01262626262626263,0.8181314442595874,0.032911410239770275,0.0,0.0,0.0,0.0,0.0,0.0,0.0,0.0,0.0,0.0,0.0,0.0,0.0,0.0,0.0,0.0,0.0,0.0,0.0,0.0,0.053523639607493324,0.20071364852809997,1.4719000892060665,6.1685994647635845,13.314005352363964,6.8510258697591455,1.4585191793041932,0.4415700267618199,0.04014272970561999,0.0,0.4072,0.014145,0.0,0.0,0.0,0.0,0.0,0.0,0.0,0.0,0.0,0.0,0.02525252525252526,9.027777777777764,20.037878787878793,0.9090909090909093,0.0,0.0,0.0,0.0,0.0,0.0,0.0,0.0,0.0,0.0,0.0,0.0,0.0,0.0,0.0,0.0,0.4077,0.01381,0.0,0.0,0.0,0.0,0.0,0.0,0.0,0.0,0.0,0.0,0.09366636931311331,8.135593220338972,20.874219446922393,0.8965209634255131,0.0,0.0,0.0,0.0,0.0,0.0,0.0,0.0,0.0,0.0,0.0,0.0,0.0,0.0,0.0,0.0
99800,4481,2344,0.5230975228743584,1079,919,0.4458826154876144,1239,0.5530015621513055,0.422,2.971455311183903,3.1131567361473267,6.6502546689303905,2.2166036753668164,8383.107029680876,506.1590668569698,7853.0,8866.4,8866.4,0.0,7853.0,0.0,27.62508368667708,20.894727371064096,32.551357104843,19.2241310189134,0.14126311091274268,0.10644945324704307,0.09372907833072974,0.08569515733095291,0.08257085471992859,0.07476009819236777,0.06761883508145504,0.059584914081678195,0.059361749609462174,0.051327828609685336,0.04686453916536487,0.03637580897121178,0.032358848471323365,0.025217585360410622,0.01807632224949788,0.012274045971881276,0.006471769694264673,0.8177147339268791,0.033510404031031026,0.0,0.0,0.0,0.0,0.0,0.0,0.0,0.0,0.0,0.0,0.0,0.0,0.0,0.0,0.0,0.0,0.0,0.0,0.0,0.0,0.02008480249944209,0.2945771033251507,1.305512162463736,6.487391207319774,13.389868332961395,6.540950680651642,1.53313992412408,0.32805177415755415,0.05355947333184558,0.046864539165364885,4.290276282741299,2.9457580800876992,3.8815789473684212,2.85605131009101,0.9047386908351417,4.212078651685394,2.9200431262196203,4.345618915159944,2.9672795358118487,1.0317041239059286,0.4075,0.01411,0.0,0.0,0.0,0.0,0.0,0.0,0.0,0.0,0.0,0.0,0.033474670832403484,8.937737112251716,20.104887301941535,0.9239009149743362,0.0,0.0,0.0,0.0,0.0,0.0,0.0,0.0,0.0,0.0,0.0,0.0,0.0,0.0,0.0,0.0,nan,nan,4.2794271742927,2.9441452086519617,nan,0.4075,0.0774,0.0,0.0,0.0,0.0,0.0,0.0,0.0,0.0,0.0,0.0,0.0,0.0,0.0,0.0,0.0,0.0,0.0,8.926578888640929e-05,0.001941530908279402,0.0011716134791341219,0.002800714126311091,0.007375585806739567,0.0,0.011113590716357955,0.00422896674849364,0.0024882838652086586,0.013903146619058246,0.0033139924124079446,0.02135683999107342,0.011124748939968758,0.010455255523320687,0.028877482704753404,0.042356616826601204,0.014293684445436286,0.045681767462619954,0.050669493416648066,0.03048426690470877,0.039767908948895335,0.04813657665699621,0.03567284088373131,0.041118054005802276,0.06144833742468199,0.027571970542289666,0.06207319794688686,0.06306627984824816,0.032347690247712564,0.034969872796250835,0.05,0.027527337647846463,0.026757420218701183,0.019761214014728856,0.03645391653648739,0.02144610577995983,0.046373577326489626,0.00893773711225173,0.008982370006694934,0.0017853157777281857,4.4632894443204644e-05,0.0012162463735773264,0.00023432269582682438,0.0,0.0005802276277616604,0.0,0.0,0.0,0.0,0.0,0.0,0.0,0.0,0.0,0.0,0.0,0.0,0.0,0.0,0.0,0.0,0.0,0.0,0.0,0.0,0.0,0.0,0.0,0.0,0.0,0.0,0.0,0.0,0.0,0.0,0.0,0.0,0.0,0.0,0.0,0.0,0.0,0.0,0.0,nan,nan,4.2794271742927,2.9441452086519617,nan,0.8178108336575609,0.03321446720038121,0.0,0.0,0.0,0.0,0.0,0.0,0.0,0.0,0.0,0.0,0.0,0.0,0.0,0.0,0.0,0.0,0.0,0.0,0.0,0.0,0.025597269624573385,0.3199658703071673,1.2286689419795225,6.501706484641618,13.61774744027304,6.258532423208193,1.6510238907849832,0.3199658703071673,0.025597269624573385,0.05119453924914677,0.8176093255184943,0.033831716034164495,0.0,0.0,0.0,0.0,0.0,0.0,0.0,0.0,0.0,0.0,0.0,0.0,0.0,0.0,0.0,0.0,0.0,0.0,0.0,0.0,0.01403837154890033,0.2667290594291063,1.3897987833411327,6.4716892840430305,13.13991576977071,6.850725315863362,1.403837154890033,0.3369209171736079,0.08423022929340197,0.04211511464670099,0.4075,0.01427,0.0,0.0,0.0,0.0,0.0,0.0,0.0,0.0,0.0,0.0,0.03839590443686008,8.895051194539237,20.145051194539253,0.9215017064846418,0.0,0.0,0.0,0.0,0.0,0.0,0.0,0.0,0.0,0.0,0.0,0.0,0.0,0.0,0.0,0.0,0.4072,0.01393,0.0,0.0,0.0,0.0,0.0,0.0,0.0,0.0,0.0,0.0,0.02807674309780066,8.984557791296195,20.06083294337857,0.9265325222274219,0.0,0.0,0.0,0.0,0.0,0.0,0.0,0.0,0.0,0.0,0.0,0.0,0.0,0.0,0.0,0.0
99900,4486,2335,0.5205082478823005,1093,901,0.444493981275078,1248,0.5563976816763263,0.43,3.0241748024174804,3.1265530151462158,6.544,2.2007416931571044,8380.483058403923,506.27359647070176,7853.0,8866.4,8866.4,0.0,7853.0,0.0,28.464779313419527,21.263772045188222,33.62430055955236,19.414026204772878,0.14043691484618814,0.09696834596522515,0.08894337940258583,0.08604547481052162,0.07868925546143558,0.07311636201515827,0.0720017833259028,0.06531431119037004,0.05617476593847526,0.04859563085153812,0.04971020954079358,0.03967900133749443,0.034329023629068214,0.03031654034774855,0.019839500668747213,0.012929112795363353,0.0069103878733838605,0.8161369546072004,0.03303628665937421,0.0,0.0,0.0,0.0,0.0,0.0,0.0,0.0,0.0,0.0,0.0,0.0,0.0,0.0,0.0,0.0,0.0,0.0,0.0,0.00668747213553277,0.04681230494872939,0.2875613018279091,1.4244315648684802,6.96165849308959,13.234507356219352,6.259473918858673,1.4444939812750783,0.24074899687917972,0.08024966562639324,0.01337494427106554,4.219245682058513,2.8902879187028248,4.378048780487805,2.848363860279668,1.0376377936711698,4.235213204951857,2.884235609451793,4.212286689419795,2.894148367145592,0.994586691525882,0.407,0.01404,0.0,0.0,0.0,0.0,0.0,0.0,0.0,0.0,0.0,0.0,0.06018724921979493,9.268836379848404,19.82835488185466,0.8426214890771291,0.0,0.0,0.0,0.0,0.0,0.0,0.0,0.0,0.0,0.0,0.0,0.0,0.0,0.0,0.0,0.0,nan,nan,4.223706748886605,2.8892376576180734,nan,0.407,0.07745,0.0,0.0,0.0,0.0,0.0,0.0,0.0,0.0,0.0,0.0,0.0,0.0,0.0,0.0,0.0,0.0,0.0,0.00011145786892554614,0.0018836379848417297,0.0014823896567097638,0.002920196165849309,0.007489968791796701,0.0,0.01113464110566206,0.0047258136424431565,0.002574676772180116,0.013363798484172983,0.0026861346411056622,0.020229603209986624,0.012193490860454749,0.011156932679447168,0.029458314757021847,0.04157378510922871,0.013653588943379402,0.04617699509585377,0.05093624609897459,0.029748105216228265,0.040827017387427555,0.050390102541239414,0.03656932679447169,0.04220909496210432,0.061312973695942935,0.02516718680338832,0.062093178778421756,0.06349754792688364,0.03041685242978154,0.03384975479268836,0.05089166295140437,0.026370931787784217,0.026582701738742755,0.01821221578243424,0.03817432010699955,0.021221578243423987,0.04615470352206866,0.009852875613018279,0.008771734284440481,0.0021176995095853767,1.1145786892554615e-05,0.0012483281319661168,0.00013374944271065536,1.1145786892554615e-05,0.00041239411502452073,0.0,0.0,0.0,0.0,0.0,0.0,0.0,0.0,0.0,0.0,0.0,0.0,0.0,0.0,0.0,0.0,0.0,0.0,0.0,0.0,0.0,0.0,0.0,0.0,0.0,0.0,0.0,0.0,0.0,0.0,0.0,0.0,0.0,0.0,0.0,0.0,0.0,0.0,0.0,nan,nan,4.223706748886605,2.8892376576180734,nan,0.8161558015188262,0.0332658899737376,0.0,0.0,0.0,0.0,0.0,0.0,0.0,0.0,0.0,0.0,0.0,0.0,0.0,0.0,0.0,0.0,0.0,0.0,0.0,0.012847965738758033,0.05139186295503213,0.2312633832976446,1.4903640256959318,7.066381156316894,12.950749464668098,6.462526766595291,1.4132762312633838,0.20556745182012853,0.10278372591006427,0.012847965738758033,0.8161164955004377,0.032785210318021424,0.0,0.0,0.0,0.0,0.0,0.0,0.0,0.0,0.0,0.0,0.0,0.0,0.0,0.0,0.0,0.0,0.0,0.0,0.0,0.0,0.041841004184100423,0.34867503486750356,1.3528591352859138,6.847977684797748,13.54253835425384,6.039051603905162,1.4783821478382153,0.27894002789400285,0.05578800557880057,0.013947001394700143,0.4067,0.01395,0.0,0.0,0.0,0.0,0.0,0.0,0.0,0.0,0.0,0.0,0.07708779443254819,9.456102783725896,19.72162740899358,0.7451820128479659,0.0,0.0,0.0,0.0,0.0,0.0,0.0,0.0,0.0,0.0,0.0,0.0,0.0,0.0,0.0,0.0,0.4075,0.01413,0.0,0.0,0.0,0.0,0.0,0.0,0.0,0.0,0.0,0.0,0.041841004184100423,9.065550906555076,19.944211994421202,0.9483960948396097,0.0,0.0,0.0,0.0,0.0,0.0,0.0,0.0,0.0,0.0,0.0,0.0,0.0,0.0,0.0,0.0
100000,4902,2494,0.5087719298245614,1152,1005,0.44002447980416154,1373,0.5601795185638515,0.414,2.9053156146179404,3.133678113918191,6.750387596899225,2.151189468372884,8368.58947368421,506.6220161595995,7853.0,8866.4,8866.400000000001,1.8189894035458565e-12,7853.0,0.0,27.004283965728273,20.503668706942356,31.888509392534765,18.88134034234052,0.14320685434516525,0.10975112199102408,0.0952672378620971,0.08792329661362709,0.0860873113015096,0.07527539779681762,0.06589147286821706,0.06262749898000816,0.05120359037127703,0.05222358221134231,0.04365565075479396,0.043451652386780906,0.030599755201958383,0.023663810689514484,0.014687882496940025,0.008771929824561403,0.005711954304365565,0.8154591479650666,0.03173221824151263,0.0,0.0,0.0,0.0,0.0,0.0,0.0,0.0,0.0,0.0,0.0,0.0,0.0,0.0,0.0,0.0,0.0,0.0,0.0,0.018359853121175034,0.06731946144430846,0.22031823745410042,1.3463892288861692,6.9339045287637475,13.59853121175031,6.376988984088129,1.2117503059975523,0.18971848225214202,0.03059975520195839,0.006119951040391678,4.355614973262032,2.9384065712487133,4.238095238095238,2.6530263385112605,0.9730187962232162,4.351742274819198,2.8700564659370635,4.353054662379421,2.989496402369017,1.000301577500997,0.408,0.013885,0.0,0.0,0.0,0.0,0.0,0.0,0.0,0.0,0.0,0.0,0.055079559363525106,8.206854345165226,20.832313341493276,0.9057527539779684,0.0,0.0,0.0,0.0,0.0,0.0,0.0,0.0,0.0,0.0,0.0,0.0,0.0,0.0,0.0,0.0,nan,nan,4.352405721716515,2.931044996527821,nan,0.408,0.0764,0.0,0.0,0.0,0.0,0.0,0.0,0.0,0.0,0.0,0.0,0.0,0.0,0.0,0.0,0.0,1.0199918400652794e-05,0.0,0.0,0.0021215830273357814,0.0016217870257037943,0.0013565891472868217,0.006772745818033455,0.0,0.009740922072623419,0.004028967768257854,0.002417380660954712,0.01324969400244798,0.00208078335373317,0.020236638106895143,0.013106895144838841,0.010750713994288046,0.029273765809873523,0.04037127702978376,0.01361689106487148,0.04483884128926969,0.05207058343533252,0.028080375356997145,0.03970828233374133,0.05405956752345981,0.03933088535291718,0.043574051407588736,0.06316809465524276,0.025132598939208488,0.06291309669522643,0.06218890248878009,0.026988984088127294,0.036260709914320684,0.051519787841697265,0.02511219910240718,0.025795593635250916,0.019114647082823337,0.037382700938392494,0.022246022031823746,0.047123623011015914,0.009812321501427988,0.009281925744594043,0.002182782537739698,3.0599755201958386e-05,0.0010301917584659322,4.0799673602611176e-05,0.0,0.0002549979600163199,0.0,0.0,0.0,0.0,0.0,0.0,0.0,0.0,0.0,0.0,0.0,0.0,0.0,0.0,0.0,0.0,0.0,0.0,0.0,0.0,0.0,0.0,0.0,0.0,0.0,0.0,0.0,0.0,0.0,0.0,0.0,0.0,0.0,0.0,0.0,0.0,0.0,0.0,0.0,nan,nan,4.352405721716515,2.931044996527821,nan,0.8155022129930299,0.03257011246741784,0.0,0.0,0.0,0.0,0.0,0.0,0.0,0.0,0.0,0.0,0.0,0.0,0.0,0.0,0.0,0.0,0.0,0.0,0.0,0.024057738572574185,0.07217321571772255,0.264635124298316,1.431435445068164,6.796311146752185,13.544506816359265,6.230954290296713,1.3592622293504415,0.22854851643945473,0.036086607858861273,0.012028869286287092,0.8154145449003904,0.03084034660411476,0.0,0.0,0.0,0.0,0.0,0.0,0.0,0.0,0.0,0.0,0.0,0.0,0.0,0.0,0.0,0.0,0.0,0.0,0.0,0.012458471760797346,0.062292358803986723,0.17441860465116285,1.2583056478405317,7.076411960132868,13.65448504983389,6.528239202657809,1.0589700996677742,0.14950166112956814,0.02491694352159469,0.0,0.4082,0.01397,0.0,0.0,0.0,0.0,0.0,0.0,0.0,0.0,0.0,0.0,0.07217321571772255,8.227746591820358,20.834001603849245,0.8660785886126706,0.0,0.0,0.0,0.0,0.0,0.0,0.0,0.0,0.0,0.0,0.0,0.0,0.0,0.0,0.0,0.0,0.408,0.013794,0.0,0.0,0.0,0.0,0.0,0.0,0.0,0.0,0.0,0.0,0.037375415282392035,8.185215946843842,20.830564784053163,0.9468438538205982,0.0,0.0,0.0,0.0,0.0,0.0,0.0,0.0,0.0,0.0,0.0,0.0,0.0,0.0,0.0,0.0